[name]
unknown

[dist]
# distance from previous block
# <min> <max>
0	41

[block]
# block no. 0 follows, 71 sequences, length 9
# corresponding to MSA columns:
# 46-54
name=unknown_A
#
# <colnr> <probs for GDERKNQSTAVLIFYWHMCP>
#	G	D	E	R	K	N	Q	S	T	A	V	L	I	F	Y	W	H	M	C	P
0	0.00549	0.00370	0.00476	0.00527	0.00589	0.00338	0.00373	0.00638	0.00805	0.05727	0.07305	0.59414	0.14626	0.01093	0.00478	0.00149	0.00229	0.05609	0.00366	0.00338
1	0.04026	0.00853	0.03575	0.00730	0.00959	0.05743	0.00592	0.15108	0.33507	0.07651	0.11788	0.03280	0.05888	0.00552	0.00389	0.00121	0.00332	0.00451	0.00366	0.04089
2	0.00941	0.05481	0.11794	0.02300	0.06419	0.07642	0.05355	0.10556	0.06794	0.01329	0.01894	0.00951	0.00671	0.01877	0.03784	0.00122	0.02374	0.00306	0.00238	0.29170
3	0.00655	0.00567	0.00708	0.00663	0.00749	0.08277	0.05270	0.00773	0.00675	0.00906	0.01043	0.04047	0.01019	0.17463	0.52301	0.00467	0.00807	0.00443	0.02825	0.00342
4	0.00735	0.00617	0.00669	0.00639	0.00792	0.00670	0.00482	0.01374	0.46438	0.01354	0.04862	0.19888	0.18382	0.00765	0.00426	0.00135	0.00260	0.00657	0.00377	0.00479
5	0.00968	0.05314	0.01504	0.10224	0.65694	0.07352	0.01106	0.01183	0.00874	0.01184	0.00698	0.00919	0.00584	0.00349	0.00371	0.00112	0.00477	0.00327	0.00187	0.00571
6	0.01043	0.00852	0.01216	0.03298	0.32350	0.05636	0.06997	0.09636	0.06776	0.12013	0.05737	0.10634	0.01069	0.00507	0.00401	0.00121	0.00413	0.00460	0.00292	0.00551
7	0.00474	0.00345	0.00448	0.00516	0.00555	0.00318	0.00351	0.00556	0.00784	0.01045	0.11212	0.70343	0.09365	0.01137	0.00482	0.00150	0.00216	0.01023	0.00363	0.00318
8	0.00559	0.00410	0.00509	0.00538	0.00604	0.00397	0.00381	0.05354	0.03341	0.01179	0.17117	0.50748	0.09098	0.05329	0.00545	0.00155	0.00237	0.02786	0.00364	0.00347

[dist]
# distance from previous block
# <min> <max>
0	7

[block]
# block no. 1 follows, 71 sequences, length 19
# corresponding to MSA columns:
# 62-80
name=unknown_B
#
# <colnr> <probs for GDERKNQSTAVLIFYWHMCP>
#	G	D	E	R	K	N	Q	S	T	A	V	L	I	F	Y	W	H	M	C	P
0	0.02250	0.03083	0.03176	0.00717	0.03769	0.03545	0.03546	0.06158	0.00890	0.04068	0.02733	0.00873	0.00652	0.00325	0.00310	0.00073	0.00336	0.00264	0.00243	0.62989
1	0.03959	0.05995	0.08594	0.00667	0.00992	0.03921	0.00588	0.03919	0.07400	0.05681	0.02194	0.03323	0.00724	0.00370	0.00316	0.00083	0.00339	0.00292	0.00255	0.50389
2	0.01024	0.03999	0.10617	0.01046	0.03789	0.15651	0.17273	0.03994	0.28269	0.03102	0.02320	0.01108	0.00820	0.00430	0.00393	0.00119	0.01461	0.00374	0.03673	0.00539
3	0.00500	0.00347	0.00435	0.00492	0.00506	0.00333	0.00311	0.00542	0.00670	0.00893	0.01785	0.55868	0.02121	0.32173	0.01020	0.00234	0.00277	0.00897	0.00311	0.00283
4	0.01051	0.00885	0.02437	0.00831	0.03746	0.04149	0.00641	0.18631	0.45955	0.04334	0.06164	0.04383	0.01172	0.00525	0.00390	0.00123	0.00343	0.00433	0.00369	0.03438
5	0.00911	0.05270	0.04733	0.00624	0.00951	0.00626	0.00531	0.06278	0.02132	0.07973	0.02423	0.02964	0.00717	0.00354	0.00310	0.00075	0.00311	0.00284	0.01453	0.61080
6	0.04642	0.12994	0.13868	0.01909	0.05461	0.06100	0.14282	0.12904	0.05442	0.09575	0.00992	0.05479	0.02959	0.00446	0.00372	0.00116	0.00459	0.00382	0.00265	0.01354
7	0.04289	0.59265	0.10551	0.00786	0.01111	0.08128	0.04559	0.01177	0.00798	0.00985	0.00564	0.00673	0.00493	0.00356	0.00329	0.00096	0.04943	0.00235	0.00171	0.00491
8	0.00500	0.00365	0.00463	0.00532	0.00566	0.00351	0.00356	0.00616	0.05068	0.00993	0.02063	0.71683	0.05060	0.08696	0.00612	0.00173	0.00239	0.00999	0.00347	0.00320
9	0.04253	0.00745	0.01943	0.03626	0.02291	0.02100	0.01744	0.15370	0.06304	0.16950	0.01009	0.01220	0.00807	0.05561	0.20069	0.00255	0.14588	0.00377	0.00293	0.00495
10	0.00973	0.22496	0.17335	0.02909	0.04041	0.04256	0.03768	0.05466	0.07968	0.09703	0.03022	0.09725	0.02403	0.01662	0.00397	0.00119	0.01729	0.01254	0.00262	0.00512
11	0.01220	0.00571	0.00729	0.00604	0.00813	0.00528	0.00478	0.01463	0.09425	0.45490	0.19213	0.01801	0.04252	0.05080	0.00477	0.00132	0.00281	0.00477	0.06432	0.00533
12	0.00479	0.00360	0.00434	0.00484	0.00541	0.00327	0.00335	0.00557	0.00776	0.00998	0.05130	0.47754	0.27064	0.09179	0.00617	0.00168	0.00232	0.03911	0.00346	0.00311
13	0.02932	0.07841	0.11638	0.11652	0.16411	0.00809	0.03162	0.04583	0.04079	0.03433	0.06731	0.05254	0.11215	0.00548	0.00426	0.00123	0.03894	0.03453	0.00255	0.01560
14	0.04227	0.03498	0.00706	0.00618	0.00747	0.00554	0.04749	0.07735	0.04051	0.04292	0.03047	0.33575	0.17542	0.00983	0.05734	0.00165	0.02377	0.00723	0.04279	0.00395
15	0.00573	0.00441	0.00486	0.00477	0.00608	0.00405	0.00364	0.00781	0.09034	0.04478	0.12023	0.09306	0.53275	0.00908	0.00451	0.00133	0.00220	0.05297	0.00371	0.00370
16	0.00562	0.00442	0.03580	0.00493	0.00570	0.00379	0.00362	0.00655	0.00786	0.03252	0.17955	0.17780	0.16215	0.30141	0.00969	0.00217	0.00282	0.04720	0.00322	0.00317
17	0.02154	0.16593	0.15224	0.03044	0.08797	0.06120	0.16069	0.09715	0.12267	0.05093	0.00852	0.00943	0.00647	0.00386	0.00365	0.00114	0.00484	0.00336	0.00242	0.00553
18	0.29519	0.05422	0.03688	0.00692	0.00907	0.01578	0.07069	0.06754	0.06274	0.04897	0.06408	0.11969	0.05047	0.00655	0.03298	0.00143	0.01484	0.03459	0.00291	0.00446

[dist]
# distance from previous block
# <min> <max>
0	18

[block]
# block no. 2 follows, 71 sequences, length 41
# corresponding to MSA columns:
# 99-139
name=unknown_C
#
# <colnr> <probs for GDERKNQSTAVLIFYWHMCP>
#	G	D	E	R	K	N	Q	S	T	A	V	L	I	F	Y	W	H	M	C	P
0	0.02056	0.05594	0.10657	0.02670	0.07239	0.05711	0.04263	0.04308	0.04206	0.03267	0.13786	0.17074	0.10288	0.00705	0.02010	0.00132	0.00369	0.01393	0.00295	0.03978
1	0.01059	0.02155	0.15970	0.00911	0.08905	0.02735	0.02732	0.09687	0.02936	0.20205	0.12669	0.01360	0.04417	0.00472	0.00378	0.00110	0.00377	0.00395	0.00318	0.12209
2	0.01101	0.01013	0.02065	0.00792	0.01040	0.17105	0.03248	0.26879	0.08445	0.02446	0.05454	0.01994	0.05890	0.02235	0.04252	0.00134	0.00448	0.00378	0.00304	0.14775
3	0.02607	0.34520	0.12672	0.00764	0.01044	0.07321	0.02865	0.05617	0.03641	0.01095	0.01766	0.01097	0.04017	0.00862	0.15573	0.00196	0.01495	0.02165	0.00210	0.00472
4	0.00617	0.00456	0.00549	0.00549	0.03938	0.00421	0.00392	0.04018	0.02673	0.04657	0.37574	0.04821	0.34607	0.00812	0.00440	0.00124	0.00216	0.00696	0.02057	0.00384
5	0.00832	0.00972	0.08491	0.02514	0.08762	0.02148	0.43335	0.01091	0.00850	0.01179	0.02470	0.08395	0.02326	0.01903	0.00495	0.00129	0.05246	0.00466	0.00214	0.08181
6	0.00653	0.00493	0.00544	0.00510	0.00651	0.00472	0.00389	0.07040	0.09145	0.04590	0.14420	0.07678	0.44301	0.03981	0.00498	0.00139	0.00239	0.03495	0.00371	0.00392
7	0.13660	0.00779	0.00902	0.00705	0.00990	0.00780	0.00581	0.25683	0.01236	0.45411	0.01297	0.01192	0.04097	0.00474	0.00367	0.00118	0.00345	0.00366	0.00410	0.00607
8	0.07653	0.00898	0.04293	0.00762	0.01051	0.00898	0.00646	0.39505	0.06141	0.26421	0.01119	0.01073	0.00769	0.00456	0.00365	0.00116	0.00367	0.00351	0.06505	0.00609
9	0.00555	0.00371	0.00419	0.00421	0.00421	0.00370	0.00235	0.00557	0.00562	0.00749	0.01229	0.04440	0.01420	0.84558	0.01918	0.00367	0.00368	0.00570	0.00235	0.00234
10	0.00474	0.00336	0.00443	0.00526	0.00546	0.00316	0.00347	0.00536	0.00721	0.00962	0.02048	0.80258	0.02454	0.07330	0.00594	0.00171	0.00233	0.01052	0.00347	0.00306
11	0.01092	0.00794	0.00890	0.04146	0.01052	0.00881	0.00615	0.12261	0.51918	0.13526	0.05995	0.01410	0.01178	0.00514	0.00390	0.00125	0.00321	0.00425	0.01872	0.00594
12	0.08935	0.00645	0.00789	0.00640	0.00879	0.00617	0.00517	0.11863	0.01097	0.47313	0.07897	0.08107	0.01205	0.00543	0.00377	0.00119	0.00305	0.00444	0.07150	0.00559
13	0.00543	0.00356	0.00476	0.00549	0.00589	0.00331	0.00378	0.00618	0.00760	0.05607	0.02077	0.78298	0.02435	0.01155	0.00485	0.00154	0.00233	0.04261	0.00362	0.00332
14	0.00820	0.00761	0.01250	0.52770	0.16586	0.00887	0.05539	0.01150	0.09290	0.02619	0.00792	0.01050	0.00607	0.00400	0.00422	0.00127	0.03884	0.00357	0.00203	0.00485
15	0.02296	0.00593	0.00743	0.00657	0.00839	0.00583	0.02283	0.06931	0.12694	0.25725	0.06070	0.13588	0.09017	0.05870	0.00520	0.00148	0.00308	0.10258	0.00388	0.00487
16	0.00973	0.00830	0.01118	0.25760	0.14496	0.00949	0.00855	0.19924	0.19092	0.01515	0.05538	0.01170	0.00874	0.00461	0.00432	0.00125	0.04684	0.00381	0.00284	0.00542
17	0.55688	0.00916	0.03955	0.06171	0.12070	0.07691	0.01564	0.05689	0.00797	0.01563	0.00603	0.00725	0.00471	0.00365	0.00289	0.00117	0.00384	0.00250	0.00228	0.00464
18	0.00512	0.00387	0.00546	0.05344	0.05294	0.00377	0.00437	0.00598	0.00745	0.00998	0.03401	0.73140	0.02307	0.03335	0.00515	0.00157	0.00255	0.00986	0.00334	0.00333
19	0.00983	0.75207	0.03209	0.00676	0.00974	0.01422	0.00664	0.01112	0.00784	0.00944	0.05149	0.00757	0.00666	0.00375	0.00323	0.00090	0.05765	0.00242	0.00178	0.00481
20	0.00745	0.00703	0.01064	0.03181	0.04322	0.00874	0.07936	0.00864	0.00676	0.00977	0.00971	0.10695	0.02261	0.06272	0.06565	0.00203	0.44140	0.06938	0.00216	0.00400
21	0.00983	0.13502	0.12190	0.04961	0.36152	0.08060	0.11206	0.04543	0.01746	0.01205	0.00699	0.00878	0.00565	0.00357	0.00374	0.00112	0.01401	0.00321	0.00193	0.00553
22	0.01362	0.00806	0.05542	0.00707	0.01032	0.00673	0.00608	0.15280	0.01115	0.42455	0.01132	0.01069	0.00766	0.00412	0.00355	0.00101	0.00344	0.00328	0.00372	0.25541
23	0.00942	0.17533	0.42847	0.02117	0.04921	0.02046	0.04712	0.01242	0.00847	0.11320	0.02611	0.03744	0.00690	0.00413	0.00376	0.00116	0.02436	0.00328	0.00216	0.00543
24	0.00557	0.00419	0.00589	0.00582	0.00637	0.00478	0.00436	0.00663	0.00616	0.00870	0.01182	0.01782	0.05096	0.19019	0.61310	0.00527	0.04242	0.00456	0.00217	0.00323
25	0.00457	0.00383	0.00398	0.00405	0.00523	0.00324	0.00300	0.00554	0.00868	0.01047	0.06383	0.11524	0.73547	0.00987	0.00457	0.00132	0.00196	0.00832	0.00358	0.00324
26	0.01532	0.00665	0.00867	0.00685	0.00952	0.00610	0.00557	0.08956	0.04431	0.64575	0.06056	0.06070	0.01167	0.00532	0.00395	0.00121	0.00320	0.00440	0.00454	0.00616
27	0.01413	0.02356	0.12714	0.00852	0.03407	0.00717	0.05342	0.05551	0.06641	0.52591	0.01321	0.01224	0.02214	0.00457	0.00395	0.00120	0.01301	0.00379	0.00387	0.00618
28	0.03236	0.00657	0.00874	0.00685	0.00969	0.00586	0.00565	0.01829	0.05639	0.75536	0.01515	0.01400	0.00994	0.00494	0.00388	0.00121	0.00325	0.03090	0.00462	0.00636
29	0.01207	0.00557	0.00721	0.00600	0.00809	0.00507	0.00477	0.01424	0.06806	0.46011	0.20991	0.05215	0.06251	0.00605	0.00402	0.00120	0.00270	0.00511	0.05984	0.00531
30	0.01667	0.02638	0.20077	0.16283	0.18635	0.08183	0.05895	0.12787	0.03741	0.02805	0.00790	0.02619	0.00617	0.00403	0.00386	0.00119	0.01246	0.00343	0.00223	0.00543
31	0.01311	0.00716	0.00922	0.08249	0.04436	0.00728	0.00641	0.03204	0.26828	0.43126	0.04660	0.01360	0.01066	0.00487	0.00389	0.00123	0.00337	0.00406	0.00406	0.00605
32	0.00520	0.00386	0.00490	0.00512	0.00594	0.00356	0.00388	0.00659	0.00934	0.01254	0.37302	0.22093	0.18410	0.00957	0.00473	0.00139	0.00220	0.13588	0.00384	0.00342
33	0.00548	0.00436	0.00644	0.16309	0.05580	0.00451	0.00542	0.00666	0.00761	0.01010	0.02878	0.59859	0.03405	0.00988	0.00464	0.00148	0.00293	0.04354	0.00313	0.00352
34	0.03902	0.02732	0.30259	0.03071	0.19184	0.02103	0.17041	0.04107	0.03662	0.03502	0.01593	0.00937	0.00603	0.00384	0.00431	0.00123	0.05268	0.00343	0.00204	0.00551
35	0.00704	0.00530	0.02172	0.05957	0.02290	0.00570	0.00483	0.00842	0.05244	0.06157	0.05660	0.01857	0.01203	0.37283	0.16361	0.01892	0.09725	0.00471	0.00248	0.00350
36	0.01549	0.00927	0.01060	0.00812	0.01116	0.00971	0.00671	0.54582	0.01557	0.31037	0.01127	0.01055	0.00756	0.00465	0.00384	0.00116	0.00389	0.00359	0.00415	0.00652
37	0.01063	0.23999	0.11866	0.05131	0.09637	0.14669	0.00844	0.09374	0.05697	0.03617	0.01406	0.03081	0.00651	0.00428	0.00408	0.00111	0.06964	0.00311	0.00223	0.00518
38	0.00736	0.00599	0.00713	0.02243	0.05006	0.01714	0.00530	0.06923	0.21742	0.01379	0.17036	0.20780	0.08367	0.00783	0.00445	0.00135	0.01005	0.07777	0.00361	0.01728
39	0.00515	0.00400	0.00464	0.00443	0.00553	0.00351	0.00328	0.00646	0.00945	0.01254	0.40153	0.04687	0.37148	0.06270	0.00541	0.00138	0.00203	0.00722	0.00373	0.03864
40	0.02492	0.21062	0.07342	0.01027	0.15613	0.06023	0.03516	0.03770	0.02905	0.07985	0.00768	0.02254	0.00625	0.00365	0.00332	0.00095	0.01177	0.00291	0.00229	0.22128

[dist]
# distance from previous block
# <min> <max>
2	16

[block]
# block no. 3 follows, 71 sequences, length 29
# corresponding to MSA columns:
# 156-184
name=unknown_D
#
# <colnr> <probs for GDERKNQSTAVLIFYWHMCP>
#	G	D	E	R	K	N	Q	S	T	A	V	L	I	F	Y	W	H	M	C	P
0	0.06776	0.30154	0.07918	0.01694	0.07081	0.06705	0.02456	0.11889	0.02066	0.04479	0.02706	0.01629	0.00649	0.00377	0.00314	0.00097	0.00416	0.00282	0.00233	0.12077
1	0.01723	0.09560	0.13443	0.03901	0.04021	0.02679	0.02534	0.01978	0.20025	0.06744	0.08017	0.13080	0.02225	0.01766	0.00436	0.00128	0.03032	0.01419	0.01265	0.02023
2	0.28198	0.00641	0.03244	0.03299	0.01723	0.01625	0.00485	0.01911	0.07129	0.01424	0.24540	0.04617	0.07069	0.04507	0.01809	0.02046	0.04558	0.00471	0.00304	0.00401
3	0.02148	0.00426	0.00555	0.00542	0.00630	0.00441	0.00411	0.00758	0.04223	0.02313	0.29040	0.02376	0.09586	0.09792	0.30649	0.00325	0.00519	0.04599	0.00313	0.00354
4	0.02547	0.00397	0.00480	0.00497	0.00585	0.00367	0.00358	0.00716	0.02627	0.06356	0.17113	0.39293	0.21565	0.00961	0.00451	0.00137	0.00216	0.00844	0.04134	0.00355
5	0.01025	0.86756	0.02009	0.00656	0.00984	0.01517	0.00656	0.01148	0.00779	0.00902	0.00533	0.00615	0.00492	0.00328	0.00246	0.00082	0.00410	0.00205	0.00164	0.00492
6	0.00464	0.00389	0.00404	0.00400	0.00525	0.00328	0.00300	0.00571	0.00900	0.01097	0.13663	0.03589	0.74160	0.00948	0.00453	0.00128	0.00193	0.00795	0.00364	0.00328
7	0.00543	0.00392	0.00513	0.00482	0.00573	0.00362	0.00362	0.00724	0.01085	0.01538	0.83931	0.02864	0.03618	0.00784	0.00452	0.00121	0.00181	0.00693	0.00422	0.00362
8	0.89233	0.00741	0.00564	0.00504	0.00741	0.00860	0.00415	0.01127	0.00653	0.01720	0.00534	0.00623	0.00415	0.00356	0.00237	0.00119	0.00297	0.00208	0.00237	0.00415
9	0.00954	0.00824	0.00867	0.00780	0.00997	0.00954	0.00607	0.02037	0.83441	0.01604	0.01561	0.01431	0.01170	0.00520	0.00390	0.00130	0.00303	0.00433	0.00390	0.00607
10	0.69443	0.00650	0.00549	0.00503	0.00687	0.00742	0.00397	0.00987	0.00618	0.01485	0.00563	0.00744	0.00471	0.00574	0.00519	0.19944	0.00305	0.00236	0.00221	0.00360
11	0.69443	0.00650	0.00549	0.00503	0.00687	0.00742	0.00397	0.00987	0.00618	0.01485	0.00563	0.00744	0.00471	0.00574	0.00519	0.19944	0.00305	0.00236	0.00221	0.00360
12	0.20735	0.67536	0.01686	0.00622	0.00930	0.01370	0.00602	0.01143	0.00751	0.01085	0.00533	0.00617	0.00475	0.00334	0.00244	0.00090	0.00385	0.00206	0.00180	0.00475
13	0.62393	0.00770	0.02118	0.19553	0.01210	0.00880	0.00597	0.06313	0.00754	0.01591	0.00594	0.00734	0.00453	0.00369	0.00281	0.00120	0.00357	0.00247	0.00230	0.00435
14	0.00878	0.00935	0.01819	0.01377	0.06052	0.00879	0.54117	0.01145	0.00856	0.01212	0.00732	0.00962	0.00574	0.00340	0.00469	0.00115	0.06694	0.00388	0.00199	0.20257
15	0.01273	0.04233	0.19759	0.01002	0.01286	0.63865	0.00889	0.01450	0.01016	0.00999	0.00612	0.00716	0.00492	0.00386	0.00347	0.00103	0.00656	0.00254	0.00189	0.00473
16	0.00928	0.00827	0.00936	0.00831	0.00999	0.01003	0.00659	0.01788	0.64927	0.01452	0.01324	0.01298	0.01021	0.00554	0.00584	0.00138	0.19413	0.00412	0.00340	0.00565
17	0.00557	0.00374	0.00428	0.00428	0.00431	0.00377	0.00245	0.00564	0.00561	0.00751	0.01199	0.02459	0.01372	0.82354	0.06093	0.00384	0.00404	0.00550	0.00231	0.00238
18	0.01314	0.01650	0.01349	0.01128	0.01368	0.66213	0.19063	0.01463	0.01046	0.01003	0.00634	0.00768	0.00514	0.00379	0.00370	0.00106	0.00681	0.00293	0.00197	0.00461
19	0.00642	0.00470	0.00674	0.19512	0.01055	0.00481	0.00529	0.00838	0.01015	0.05545	0.61219	0.02375	0.02791	0.00679	0.00434	0.00122	0.00262	0.00599	0.00368	0.00391
20	0.01236	0.00909	0.00993	0.00804	0.01048	0.00993	0.00645	0.64461	0.01564	0.02095	0.01187	0.19993	0.01073	0.00626	0.00407	0.00124	0.00377	0.00512	0.00377	0.00576
21	0.00928	0.00827	0.00936	0.00831	0.00999	0.01003	0.00659	0.01788	0.64927	0.01452	0.01324	0.01298	0.01021	0.00554	0.00584	0.00138	0.19413	0.00412	0.00340	0.00565
22	0.01203	0.00877	0.00947	0.00762	0.00989	0.00964	0.00600	0.53014	0.11113	0.03914	0.01074	0.01345	0.00886	0.19699	0.00735	0.00174	0.00394	0.00404	0.00353	0.00553
23	0.01403	0.00736	0.00863	0.00680	0.00934	0.00739	0.00556	0.30287	0.01281	0.36872	0.01245	0.01197	0.00852	0.00463	0.00359	0.00111	0.00327	0.00365	0.20146	0.00586
24	0.04195	0.00599	0.00759	0.00605	0.00849	0.00546	0.00493	0.04712	0.01039	0.58293	0.01395	0.01300	0.00929	0.00463	0.00352	0.00111	0.00293	0.00372	0.22125	0.00573
25	0.00540	0.00485	0.00568	0.00537	0.00630	0.00513	0.00418	0.00632	0.00800	0.01006	0.02998	0.09148	0.59315	0.00921	0.00636	0.00140	0.19330	0.00724	0.00314	0.00344
26	0.00575	0.00384	0.00469	0.00448	0.00541	0.00358	0.00336	0.00749	0.01008	0.01478	0.59856	0.02601	0.08651	0.00722	0.00411	0.00114	0.00181	0.00626	0.20132	0.00358
27	0.22935	0.00655	0.00771	0.00631	0.00887	0.00634	0.00519	0.01575	0.04461	0.51549	0.04479	0.01369	0.00999	0.00490	0.00358	0.00122	0.00311	0.04727	0.01969	0.00560
28	0.07215	0.00710	0.00845	0.00696	0.00930	0.00710	0.00555	0.25176	0.01192	0.36285	0.01408	0.20133	0.01181	0.00625	0.00398	0.00126	0.00329	0.00519	0.00406	0.00560

[dist]
# distance from previous block
# <min> <max>
3	9

[block]
# block no. 4 follows, 71 sequences, length 28
# corresponding to MSA columns:
# 195-222
name=unknown_E
#
# <colnr> <probs for GDERKNQSTAVLIFYWHMCP>
#	G	D	E	R	K	N	Q	S	T	A	V	L	I	F	Y	W	H	M	C	P
0	0.00534	0.00434	0.00644	0.00613	0.00710	0.00398	0.10069	0.00647	0.00801	0.01063	0.05760	0.46510	0.21516	0.03202	0.00501	0.00147	0.00266	0.00879	0.04965	0.00341
1	0.00937	0.14598	0.02891	0.08430	0.41922	0.05277	0.00947	0.01130	0.00830	0.01136	0.00661	0.00858	0.00561	0.00360	0.00401	0.00105	0.06029	0.00298	0.00188	0.12440
2	0.00514	0.00384	0.00477	0.00468	0.00559	0.00347	0.00346	0.00663	0.00998	0.01362	0.56741	0.12902	0.21080	0.00874	0.00457	0.00127	0.00189	0.00766	0.00400	0.00347
3	0.02395	0.00462	0.00622	0.00539	0.00671	0.00457	0.10042	0.02112	0.00833	0.01378	0.05051	0.01548	0.05388	0.00616	0.05277	0.00129	0.00290	0.00408	0.61402	0.00379
4	0.01040	0.00880	0.01478	0.02156	0.74306	0.00870	0.01104	0.01258	0.00900	0.11079	0.00815	0.00991	0.00648	0.00357	0.00380	0.00114	0.00440	0.00347	0.00223	0.00613
5	0.00791	0.00764	0.01061	0.00917	0.00928	0.01041	0.00754	0.00882	0.00645	0.00987	0.10395	0.01156	0.00913	0.04692	0.01195	0.00172	0.71714	0.00388	0.00201	0.00404
6	0.89233	0.00741	0.00564	0.00504	0.00741	0.00860	0.00415	0.01127	0.00653	0.01720	0.00534	0.00623	0.00415	0.00356	0.00237	0.00119	0.00297	0.00208	0.00237	0.00415
7	0.79402	0.00831	0.00625	0.00554	0.00791	0.06665	0.00451	0.04681	0.00732	0.01696	0.00555	0.00640	0.00431	0.00363	0.00251	0.00117	0.00329	0.00216	0.00241	0.00427
8	0.00882	0.00837	0.01408	0.16604	0.63318	0.00859	0.01095	0.01105	0.00846	0.01193	0.00778	0.04939	0.00679	0.00387	0.00382	0.00116	0.00448	0.00373	0.00195	0.03554
9	0.01595	0.00681	0.00894	0.00681	0.00983	0.00594	0.00560	0.06562	0.01103	0.69713	0.01379	0.01222	0.00886	0.00451	0.00373	0.00111	0.00327	0.00364	0.00440	0.11078
10	0.01318	0.00991	0.01081	0.10858	0.01302	0.04680	0.00731	0.59116	0.03559	0.05535	0.00954	0.02370	0.00700	0.00462	0.00378	0.00116	0.00423	0.00357	0.04474	0.00596
11	0.00980	0.00829	0.00884	0.00764	0.01004	0.00922	0.00600	0.09062	0.66450	0.01634	0.01400	0.01310	0.01053	0.00487	0.00377	0.00120	0.00312	0.00401	0.00370	0.11041
12	0.01371	0.01028	0.01151	0.10894	0.01361	0.01149	0.00768	0.73179	0.01680	0.02247	0.00892	0.00933	0.00635	0.00451	0.00384	0.00117	0.00432	0.00345	0.00358	0.00625
13	0.01267	0.03842	0.01075	0.00982	0.08249	0.28741	0.00715	0.15008	0.21780	0.10291	0.01987	0.01093	0.00816	0.00456	0.00372	0.00114	0.00470	0.01878	0.00310	0.00554
14	0.11794	0.01008	0.01056	0.00823	0.01112	0.01118	0.00678	0.70050	0.01634	0.02291	0.02701	0.02338	0.00720	0.00467	0.00370	0.00116	0.00399	0.00349	0.00367	0.00612
15	0.89233	0.00741	0.00564	0.00504	0.00741	0.00860	0.00415	0.01127	0.00653	0.01720	0.00534	0.00623	0.00415	0.00356	0.00237	0.00119	0.00297	0.00208	0.00237	0.00415
16	0.01623	0.00809	0.00987	0.00757	0.01057	0.00796	0.00625	0.31990	0.01360	0.53907	0.01292	0.01162	0.00839	0.00469	0.00385	0.00117	0.00362	0.00371	0.00441	0.00652
17	0.80234	0.00747	0.00606	0.00529	0.00773	0.00851	0.00436	0.03949	0.00722	0.07435	0.00614	0.00680	0.00460	0.00368	0.00252	0.00119	0.00303	0.00225	0.00259	0.00440
18	0.01025	0.86756	0.02009	0.00656	0.00984	0.01517	0.00656	0.01148	0.00779	0.00902	0.00533	0.00615	0.00492	0.00328	0.00246	0.00082	0.00410	0.00205	0.00164	0.00492
19	0.00485	0.00350	0.00463	0.00543	0.00580	0.00327	0.00380	0.00569	0.00770	0.01022	0.05615	0.70775	0.06061	0.01159	0.00490	0.00155	0.00233	0.09343	0.00358	0.00318
20	0.00488	0.00374	0.00452	0.00501	0.00578	0.00338	0.00371	0.00588	0.00826	0.01050	0.06242	0.38213	0.34156	0.01073	0.00480	0.00147	0.00230	0.13211	0.00358	0.00325
21	0.16840	0.00940	0.00951	0.05296	0.10773	0.13792	0.00689	0.13851	0.12895	0.07492	0.01025	0.01244	0.01997	0.00585	0.04313	0.00144	0.00446	0.05920	0.00292	0.00515
22	0.01045	0.00917	0.04773	0.01165	0.17452	0.03585	0.09028	0.25400	0.04011	0.04409	0.08365	0.01362	0.01831	0.03162	0.01433	0.00134	0.03751	0.03522	0.04116	0.00539
23	0.00467	0.00334	0.00445	0.00534	0.00556	0.00311	0.00356	0.00534	0.00734	0.00979	0.02113	0.86275	0.02536	0.01201	0.00489	0.00156	0.00222	0.01090	0.00356	0.00311
24	0.86797	0.00750	0.00610	0.00535	0.00776	0.00863	0.02686	0.01130	0.00659	0.01707	0.00541	0.00634	0.00420	0.00355	0.00243	0.00119	0.00306	0.00214	0.00236	0.00418
25	0.00741	0.00410	0.00490	0.00457	0.00573	0.00385	0.00349	0.00905	0.00931	0.11491	0.29286	0.04194	0.09706	0.00736	0.04023	0.00132	0.00237	0.00536	0.34028	0.00390
26	0.01047	0.54182	0.06164	0.04813	0.05218	0.07688	0.04362	0.07956	0.02220	0.01102	0.01756	0.00754	0.00569	0.00358	0.00298	0.00095	0.00453	0.00258	0.00195	0.00509
27	0.08675	0.00593	0.00679	0.00631	0.00771	0.02648	0.02988	0.11620	0.08024	0.01413	0.16871	0.29530	0.07453	0.00806	0.00428	0.00133	0.00284	0.03819	0.00352	0.02283

[dist]
# distance from previous block
# <min> <max>
0	1

[block]
# block no. 5 follows, 71 sequences, length 7
# corresponding to MSA columns:
# 224-230
name=unknown_F
#
# <colnr> <probs for GDERKNQSTAVLIFYWHMCP>
#	G	D	E	R	K	N	Q	S	T	A	V	L	I	F	Y	W	H	M	C	P
0	0.01201	0.00894	0.02693	0.00837	0.01075	0.03743	0.05532	0.43216	0.01337	0.10298	0.01145	0.10100	0.00992	0.03803	0.00528	0.03482	0.02473	0.05764	0.00347	0.00541
1	0.00990	0.00985	0.01324	0.06170	0.51925	0.13085	0.00989	0.05869	0.00950	0.01256	0.05887	0.04252	0.00843	0.00429	0.00414	0.00116	0.03373	0.00378	0.00221	0.00544
2	0.00591	0.00403	0.00513	0.00483	0.00587	0.00365	0.00363	0.00753	0.01039	0.05971	0.64277	0.07351	0.14228	0.00814	0.00451	0.00124	0.00193	0.00713	0.00413	0.00370
3	0.01192	0.11586	0.01124	0.00878	0.01080	0.45176	0.00688	0.01551	0.22342	0.01127	0.03819	0.00960	0.00781	0.00450	0.00404	0.00110	0.05682	0.00312	0.00250	0.00488
4	0.01210	0.02646	0.05967	0.02878	0.14248	0.04102	0.05392	0.22899	0.01166	0.19636	0.04772	0.03109	0.00855	0.00446	0.00393	0.00113	0.01763	0.00373	0.00318	0.07713
5	0.00991	0.03469	0.12807	0.07404	0.15722	0.06219	0.05473	0.08041	0.06027	0.10118	0.09256	0.03375	0.01016	0.03166	0.00485	0.00129	0.05106	0.00401	0.00271	0.00524
6	0.01056	0.00871	0.00880	0.00768	0.00979	0.06153	0.00594	0.14242	0.53661	0.05429	0.01364	0.01409	0.01061	0.09133	0.00543	0.00150	0.00354	0.00419	0.00365	0.00568

[dist]
# distance from previous block
# <min> <max>
6	17

[block]
# block no. 6 follows, 71 sequences, length 14
# corresponding to MSA columns:
# 250-263
name=unknown_G
#
# <colnr> <probs for GDERKNQSTAVLIFYWHMCP>
#	G	D	E	R	K	N	Q	S	T	A	V	L	I	F	Y	W	H	M	C	P
0	0.03904	0.01322	0.01010	0.00865	0.01092	0.39423	0.00674	0.30564	0.05539	0.01553	0.00933	0.02793	0.03435	0.00463	0.00361	0.00109	0.00512	0.00333	0.04601	0.00515
1	0.02440	0.05851	0.01203	0.02679	0.20396	0.24990	0.01945	0.12091	0.14796	0.01356	0.00834	0.00918	0.00660	0.00397	0.00356	0.00106	0.00478	0.00313	0.00253	0.07937
2	0.00550	0.00371	0.00429	0.00436	0.00441	0.00372	0.00253	0.00561	0.00574	0.00768	0.01270	0.08900	0.01462	0.76274	0.05509	0.00366	0.00389	0.00592	0.00241	0.00243
3	0.00639	0.00422	0.00488	0.00505	0.00596	0.00421	0.00382	0.02796	0.07467	0.01293	0.09026	0.23584	0.09054	0.00795	0.00401	0.00127	0.00229	0.10589	0.30818	0.00370
4	0.00556	0.00377	0.00445	0.00445	0.00455	0.00386	0.00266	0.00575	0.00566	0.00764	0.01183	0.02372	0.01334	0.75075	0.13320	0.00405	0.00461	0.00537	0.00229	0.00247
5	0.00472	0.00341	0.00448	0.00531	0.00562	0.00317	0.00361	0.00544	0.00748	0.00988	0.02217	0.78396	0.07412	0.01182	0.00489	0.00155	0.00225	0.03943	0.00356	0.00314
6	0.00568	0.00397	0.00480	0.00506	0.00537	0.00395	0.00327	0.05431	0.00716	0.00958	0.01612	0.41837	0.01875	0.38730	0.03656	0.00262	0.00324	0.00791	0.00299	0.00298
7	0.12163	0.00663	0.00851	0.00661	0.00950	0.00599	0.00546	0.01780	0.01044	0.74533	0.01396	0.01224	0.00885	0.00460	0.00368	0.00119	0.00323	0.00364	0.00446	0.00624
8	0.00824	0.00698	0.00810	0.00581	0.00921	0.00540	0.00466	0.04483	0.00838	0.01300	0.00692	0.00800	0.00572	0.00292	0.00288	0.00059	0.00290	0.00232	0.00234	0.85079
9	0.01062	0.00821	0.00937	0.00779	0.00978	0.12682	0.08087	0.15449	0.01095	0.15469	0.15507	0.02773	0.04111	0.05205	0.10728	0.00192	0.00481	0.02835	0.00330	0.00477
10	0.00557	0.00374	0.00429	0.00429	0.00433	0.00378	0.00246	0.00564	0.00561	0.00751	0.01198	0.02455	0.01370	0.81981	0.06463	0.00385	0.00407	0.00550	0.00231	0.00238
11	0.00868	0.00850	0.01173	0.01001	0.01015	0.01175	0.00834	0.04756	0.00644	0.00993	0.00523	0.00843	0.00510	0.00661	0.01217	0.00165	0.81828	0.00336	0.00178	0.00430
12	0.04965	0.09504	0.04784	0.05614	0.01075	0.09693	0.00621	0.03331	0.00819	0.01173	0.00664	0.00819	0.00558	0.00496	0.05225	0.00116	0.06933	0.00257	0.00210	0.43143
13	0.48212	0.00641	0.00620	0.00534	0.00756	0.00674	0.00433	0.01201	0.00838	0.21630	0.12418	0.01362	0.08306	0.00497	0.00321	0.00120	0.00279	0.00370	0.00330	0.00457

[dist]
# distance from previous block
# <min> <max>
0	1

[block]
# block no. 7 follows, 71 sequences, length 27
# corresponding to MSA columns:
# 265-291
name=unknown_H
#
# <colnr> <probs for GDERKNQSTAVLIFYWHMCP>
#	G	D	E	R	K	N	Q	S	T	A	V	L	I	F	Y	W	H	M	C	P
0	0.24649	0.00789	0.01030	0.05645	0.24059	0.03015	0.02549	0.02812	0.00895	0.27187	0.00940	0.01956	0.00688	0.01738	0.00370	0.00122	0.00382	0.00331	0.00296	0.00546
1	0.00812	0.00713	0.01072	0.09435	0.27103	0.02608	0.03503	0.00982	0.01650	0.03488	0.01064	0.14403	0.02685	0.03840	0.01826	0.00147	0.15289	0.00481	0.08442	0.00459
2	0.00580	0.00411	0.00526	0.00513	0.00604	0.00389	0.00381	0.00783	0.05229	0.03625	0.58649	0.17565	0.06153	0.00848	0.00455	0.00129	0.00202	0.02183	0.00406	0.00372
3	0.01490	0.00665	0.00878	0.03323	0.01007	0.00596	0.00565	0.07479	0.01109	0.61525	0.07991	0.01347	0.01093	0.00478	0.00381	0.00113	0.00323	0.00391	0.00431	0.08815
4	0.03663	0.02821	0.10005	0.02627	0.07471	0.08533	0.02314	0.04912	0.01836	0.03057	0.02408	0.12603	0.03488	0.00522	0.00448	0.00110	0.08687	0.00415	0.00246	0.23835
5	0.00522	0.00388	0.00458	0.00476	0.00569	0.00348	0.00347	0.00646	0.02275	0.03395	0.18077	0.29425	0.37316	0.00990	0.00464	0.00137	0.00211	0.03245	0.00372	0.00342
6	0.00745	0.00703	0.01188	0.77872	0.10209	0.00857	0.01075	0.00998	0.00777	0.01005	0.00685	0.01015	0.00520	0.00379	0.00383	0.00126	0.00506	0.00341	0.00172	0.00443
7	0.03117	0.00880	0.01339	0.01768	0.53762	0.00886	0.00973	0.12115	0.03828	0.16172	0.00912	0.01017	0.00689	0.00387	0.00378	0.00116	0.00419	0.00350	0.00274	0.00617
8	0.04833	0.01721	0.04550	0.00884	0.02080	0.07030	0.19607	0.04763	0.00897	0.07744	0.01595	0.25364	0.11042	0.02047	0.00464	0.00137	0.01263	0.03248	0.00295	0.00436
9	0.00499	0.00361	0.00479	0.00561	0.00605	0.00340	0.00408	0.00591	0.00775	0.01019	0.02213	0.63091	0.07864	0.01155	0.00496	0.00158	0.00249	0.18459	0.00355	0.00321
10	0.51193	0.00873	0.00941	0.01102	0.24461	0.06639	0.02191	0.02318	0.00776	0.03771	0.00627	0.00755	0.00498	0.00365	0.00315	0.00117	0.02084	0.00262	0.00227	0.00483
11	0.00478	0.00390	0.00420	0.00416	0.00533	0.00335	0.00312	0.00593	0.00914	0.01141	0.21197	0.03499	0.63324	0.02612	0.00484	0.00133	0.00198	0.02323	0.00368	0.00331
12	0.00788	0.00681	0.00828	0.08466	0.01070	0.00543	0.00511	0.00967	0.00792	0.01224	0.00681	0.00816	0.00563	0.00293	0.00293	0.00063	0.00305	0.00238	0.00222	0.80655
13	0.00990	0.00842	0.00888	0.00788	0.01011	0.00971	0.00616	0.07922	0.77496	0.01663	0.01514	0.01393	0.01133	0.00516	0.00390	0.00129	0.00312	0.00427	0.00390	0.00610
14	0.00460	0.00386	0.00400	0.00402	0.00524	0.00326	0.00299	0.00561	0.00880	0.01066	0.09109	0.08082	0.74251	0.00971	0.00455	0.00130	0.00195	0.00817	0.00360	0.00326
15	0.00563	0.00371	0.00416	0.00416	0.00419	0.00371	0.00234	0.00570	0.00567	0.00769	0.01210	0.02469	0.01379	0.83292	0.01888	0.00361	0.00364	0.00550	0.03554	0.00237
16	0.01432	0.01827	0.01087	0.00988	0.01185	0.84986	0.00741	0.01531	0.01087	0.00938	0.00593	0.00691	0.00494	0.00395	0.00346	0.00099	0.00691	0.00247	0.00198	0.00444
17	0.00488	0.00385	0.00440	0.00437	0.00542	0.00337	0.00324	0.00613	0.00940	0.01217	0.33543	0.11120	0.46406	0.00923	0.00456	0.00129	0.00192	0.00792	0.00381	0.00337
18	0.00485	0.00347	0.00462	0.00531	0.00567	0.00324	0.00366	0.00575	0.00798	0.01078	0.15702	0.69533	0.02704	0.01127	0.00485	0.00151	0.00220	0.03857	0.00367	0.00321
19	0.89233	0.00741	0.00564	0.00504	0.00741	0.00860	0.00415	0.01127	0.00653	0.01720	0.00534	0.00623	0.00415	0.00356	0.00237	0.00119	0.00297	0.00208	0.00237	0.00415
20	0.00795	0.00681	0.00795	0.00568	0.00909	0.00511	0.00454	0.00965	0.00795	0.01249	0.00681	0.00795	0.00568	0.00284	0.00284	0.00057	0.00284	0.00227	0.00227	0.88869
21	0.00474	0.00339	0.00453	0.00542	0.00567	0.00317	0.00368	0.00546	0.00741	0.00986	0.02109	0.82528	0.02521	0.01195	0.00491	0.00157	0.00228	0.04769	0.00356	0.00313
22	0.00483	0.00356	0.00442	0.00502	0.00549	0.00328	0.00346	0.00559	0.00764	0.00993	0.04561	0.54904	0.18984	0.09060	0.00619	0.00171	0.00237	0.05485	0.00346	0.00310
23	0.01156	0.01367	0.01127	0.00997	0.01102	0.45966	0.00786	0.01248	0.00854	0.00931	0.00551	0.00760	0.00498	0.00524	0.00771	0.00131	0.40326	0.00288	0.00184	0.00433
24	0.00854	0.00788	0.00822	0.00607	0.00934	0.08357	0.00481	0.01018	0.00822	0.01221	0.00673	0.00785	0.00561	0.00294	0.00290	0.00061	0.00322	0.00229	0.00224	0.80656
25	0.00750	0.00450	0.00566	0.00530	0.00662	0.00409	0.00411	0.02566	0.00989	0.15982	0.31643	0.10624	0.21195	0.02716	0.00483	0.00137	0.00240	0.08844	0.00398	0.00402
26	0.11231	0.06231	0.09607	0.00755	0.04915	0.05495	0.00636	0.07202	0.00884	0.03990	0.00697	0.00792	0.00553	0.00332	0.00303	0.00084	0.00365	0.00250	0.00234	0.45445

[dist]
# distance from previous block
# <min> <max>
0	2

[block]
# block no. 8 follows, 71 sequences, length 25
# corresponding to MSA columns:
# 294-318
name=unknown_I
#
# <colnr> <probs for GDERKNQSTAVLIFYWHMCP>
#	G	D	E	R	K	N	Q	S	T	A	V	L	I	F	Y	W	H	M	C	P
0	0.00505	0.00400	0.00462	0.00453	0.00567	0.00345	0.00334	0.00626	0.00908	0.01189	0.27168	0.17285	0.40741	0.00909	0.00448	0.00126	0.00201	0.00784	0.00367	0.06183
1	0.03787	0.02014	0.01261	0.25980	0.09814	0.20246	0.11921	0.03836	0.04192	0.04499	0.00832	0.01162	0.00683	0.00435	0.00407	0.00123	0.02408	0.05699	0.00224	0.00479
2	0.01260	0.00767	0.01081	0.05316	0.24807	0.00768	0.00764	0.16105	0.01096	0.30559	0.01093	0.01141	0.00780	0.00546	0.04570	0.00139	0.00412	0.00362	0.07847	0.00588
3	0.00739	0.00697	0.01177	0.80104	0.08025	0.00856	0.01072	0.00993	0.00774	0.00998	0.00684	0.01017	0.00517	0.00381	0.00383	0.00127	0.00507	0.00341	0.00172	0.00438
4	0.00491	0.00387	0.00443	0.00435	0.00543	0.00339	0.00324	0.00622	0.00955	0.01243	0.37286	0.07440	0.46318	0.00904	0.00455	0.00127	0.00190	0.00775	0.00384	0.00339
5	0.00466	0.00351	0.00431	0.00491	0.00546	0.00317	0.00338	0.00545	0.00785	0.01013	0.05190	0.60065	0.25832	0.01122	0.00478	0.00147	0.00213	0.00997	0.00358	0.00317
6	0.89233	0.00741	0.00564	0.00504	0.00741	0.00860	0.00415	0.01127	0.00653	0.01720	0.00534	0.00623	0.00415	0.00356	0.00237	0.00119	0.00297	0.00208	0.00237	0.00415
7	0.00543	0.00392	0.00513	0.00482	0.00573	0.00362	0.00362	0.00724	0.01085	0.01538	0.83931	0.02864	0.03618	0.00784	0.00452	0.00121	0.00181	0.00693	0.00422	0.00362
8	0.00673	0.00608	0.00668	0.00654	0.00735	0.12407	0.00497	0.00795	0.00678	0.00886	0.00980	0.01468	0.00926	0.08920	0.66699	0.00524	0.00930	0.00399	0.00206	0.00348
9	0.01406	0.02623	0.01108	0.00889	0.03762	0.04382	0.00706	0.53256	0.06969	0.14941	0.01017	0.01004	0.00721	0.00466	0.00412	0.00117	0.03694	0.00350	0.01554	0.00624
10	0.00827	0.01444	0.44865	0.06187	0.25647	0.00876	0.04044	0.01166	0.00823	0.01209	0.00696	0.00869	0.00532	0.00359	0.00388	0.00116	0.02485	0.00306	0.00176	0.06986
11	0.01136	0.12587	0.10963	0.01085	0.13428	0.07337	0.03270	0.14858	0.04030	0.12610	0.02934	0.00964	0.00707	0.00433	0.00450	0.00115	0.09129	0.00327	0.00267	0.03369
12	0.00471	0.00341	0.00445	0.00520	0.00555	0.00316	0.00352	0.00548	0.00767	0.01020	0.07644	0.74929	0.08362	0.01157	0.00484	0.00152	0.00218	0.01044	0.00360	0.00316
13	0.72502	0.00724	0.00626	0.00538	0.00787	0.00803	0.00444	0.01269	0.00738	0.17527	0.00721	0.00753	0.00517	0.00379	0.00266	0.00119	0.00302	0.00242	0.00283	0.00461
14	0.06617	0.02186	0.19069	0.05463	0.07646	0.00746	0.18316	0.01042	0.00812	0.01211	0.00949	0.11523	0.02015	0.00466	0.00380	0.00115	0.00442	0.02383	0.00221	0.18398
15	0.00799	0.01186	0.33844	0.00855	0.01185	0.02915	0.05537	0.09310	0.05461	0.03252	0.11067	0.09883	0.11891	0.00593	0.00407	0.00125	0.00413	0.00504	0.00281	0.00493
16	0.00550	0.00400	0.00561	0.00561	0.00610	0.00449	0.00410	0.00649	0.00600	0.00849	0.01078	0.01786	0.01080	0.26213	0.61835	0.00548	0.00844	0.00452	0.00213	0.00312
17	0.01508	0.00598	0.00793	0.00625	0.00884	0.00522	0.00510	0.01657	0.01052	0.68439	0.03532	0.01497	0.05972	0.00508	0.00378	0.00116	0.00299	0.00415	0.10101	0.00594
18	0.00834	0.01306	0.33418	0.17178	0.22240	0.04205	0.09380	0.01150	0.00839	0.01168	0.01867	0.03298	0.00630	0.00388	0.00384	0.00122	0.00527	0.00352	0.00184	0.00531
19	0.01586	0.00681	0.00882	0.00688	0.00968	0.00627	0.00564	0.08410	0.06310	0.67579	0.03541	0.01325	0.01007	0.00483	0.00383	0.00118	0.00324	0.00392	0.03497	0.00632
20	0.01292	0.00562	0.00736	0.00603	0.00821	0.00499	0.00479	0.03105	0.01032	0.53103	0.12084	0.07183	0.07841	0.04783	0.00477	0.00133	0.00289	0.00509	0.03931	0.00536
21	0.01120	0.00777	0.00993	0.05768	0.07924	0.04081	0.05652	0.21975	0.02805	0.19129	0.05712	0.11665	0.08275	0.00589	0.00407	0.00123	0.00372	0.00506	0.01597	0.00529
22	0.00652	0.00671	0.09400	0.02132	0.08266	0.00542	0.05136	0.03624	0.02065	0.03106	0.06099	0.27281	0.23554	0.00828	0.00461	0.00136	0.02022	0.03302	0.00313	0.00411
23	0.00500	0.00367	0.00472	0.00523	0.00583	0.00340	0.00380	0.00608	0.00847	0.01126	0.19593	0.46365	0.14755	0.01062	0.00481	0.00147	0.00226	0.10927	0.00370	0.00329
24	0.00940	0.29216	0.01123	0.00637	0.00832	0.06454	0.00540	0.01098	0.03418	0.11713	0.02686	0.01209	0.00861	0.06082	0.25488	0.00266	0.00575	0.00340	0.06081	0.00442

[dist]
# distance from previous block
# <min> <max>
1	8

[block]
# block no. 9 follows, 71 sequences, length 29
# corresponding to MSA columns:
# 327-355
name=unknown_J
#
# <colnr> <probs for GDERKNQSTAVLIFYWHMCP>
#	G	D	E	R	K	N	Q	S	T	A	V	L	I	F	Y	W	H	M	C	P
0	0.03256	0.13712	0.04863	0.02859	0.03185	0.16686	0.03373	0.06850	0.03826	0.01859	0.04616	0.01101	0.04815	0.00510	0.00579	0.00122	0.21921	0.01611	0.00227	0.04031
1	0.10530	0.00915	0.06707	0.00898	0.09908	0.02875	0.00688	0.30629	0.02669	0.14265	0.00990	0.01031	0.00716	0.00429	0.00347	0.00112	0.00372	0.00333	0.15025	0.00562
2	0.00934	0.01257	0.24480	0.19768	0.14929	0.09735	0.02583	0.09250	0.00919	0.01237	0.00698	0.00892	0.00540	0.00405	0.00451	0.00122	0.08271	0.00316	0.01419	0.01795
3	0.04794	0.00750	0.00807	0.00719	0.00926	0.00835	0.00560	0.06491	0.55318	0.08971	0.03997	0.07293	0.03898	0.00573	0.00391	0.00128	0.00297	0.00477	0.02211	0.00564
4	0.00566	0.00400	0.00520	0.00575	0.00627	0.00395	0.00441	0.00667	0.00752	0.00985	0.01844	0.16858	0.05504	0.27044	0.03486	0.00244	0.00351	0.38122	0.00313	0.00308
5	0.00520	0.00391	0.00480	0.00458	0.00559	0.00352	0.00344	0.00679	0.01031	0.01408	0.63263	0.03077	0.24366	0.00832	0.00452	0.00123	0.00184	0.00723	0.00405	0.00352
6	0.00543	0.00392	0.00513	0.00482	0.00573	0.00362	0.00362	0.00724	0.01085	0.01538	0.83931	0.02864	0.03618	0.00784	0.00452	0.00121	0.00181	0.00693	0.00422	0.00362
7	0.00759	0.00519	0.00591	0.00562	0.00609	0.06823	0.00395	0.06285	0.00671	0.00886	0.00816	0.01340	0.00794	0.13206	0.08359	0.49374	0.01966	0.00367	0.05418	0.00261
8	0.83226	0.00735	0.00586	0.00516	0.00758	0.00840	0.00425	0.01178	0.00683	0.07395	0.00601	0.00670	0.00452	0.00364	0.00247	0.00119	0.00299	0.00220	0.00254	0.00432
9	0.00875	0.11014	0.28143	0.03020	0.05121	0.04087	0.03462	0.01152	0.04765	0.04698	0.00835	0.07339	0.00725	0.00506	0.00560	0.00128	0.19395	0.00369	0.03309	0.00497
10	0.00578	0.00617	0.12641	0.00530	0.00699	0.00429	0.00484	0.00777	0.00954	0.01354	0.40603	0.02561	0.22272	0.00720	0.00413	0.00118	0.00240	0.00614	0.13015	0.00382
11	0.76351	0.00720	0.00584	0.00518	0.00744	0.00823	0.00423	0.04612	0.00747	0.01732	0.09103	0.00866	0.00754	0.00404	0.00266	0.00119	0.00290	0.00263	0.00263	0.00420
12	0.00466	0.00339	0.00440	0.00521	0.00553	0.00313	0.00350	0.00535	0.00747	0.00984	0.02272	0.78883	0.09826	0.01181	0.00486	0.00153	0.00220	0.01065	0.00356	0.00313
13	0.01025	0.86756	0.02009	0.00656	0.00984	0.01517	0.00656	0.01148	0.00779	0.00902	0.00533	0.00615	0.00492	0.00328	0.00246	0.00082	0.00410	0.00205	0.00164	0.00492
14	0.00769	0.01983	0.84538	0.01093	0.01659	0.00890	0.01417	0.01214	0.00810	0.01214	0.00688	0.00810	0.00486	0.00364	0.00364	0.00121	0.00567	0.00283	0.00162	0.00567
15	0.00492	0.00390	0.00441	0.00437	0.00546	0.00341	0.00328	0.00617	0.00934	0.01199	0.30375	0.05987	0.49892	0.02708	0.00488	0.00134	0.00200	0.03782	0.00375	0.00335
16	0.01480	0.01038	0.01128	0.00865	0.01171	0.01136	0.00715	0.75964	0.01743	0.09392	0.00971	0.00953	0.00677	0.00461	0.00384	0.00115	0.00414	0.00349	0.00391	0.00652
17	0.00806	0.00691	0.00800	0.00582	0.00915	0.00541	0.00465	0.01039	0.06468	0.01274	0.00742	0.00839	0.00609	0.00300	0.00291	0.00062	0.00285	0.00241	0.00238	0.82811
18	0.00722	0.00597	0.06356	0.00600	0.02876	0.00487	0.01926	0.00964	0.08974	0.11724	0.13864	0.04172	0.41188	0.02062	0.00451	0.00130	0.00263	0.00644	0.01575	0.00424
19	0.84381	0.00759	0.00630	0.00548	0.00792	0.00871	0.02984	0.03090	0.00688	0.01722	0.00551	0.00643	0.00426	0.00357	0.00247	0.00119	0.00310	0.00219	0.00239	0.00424
20	0.00864	0.04000	0.07196	0.13188	0.32158	0.04346	0.02020	0.03912	0.02379	0.02377	0.02525	0.02108	0.03266	0.02248	0.10303	0.00176	0.00515	0.00367	0.00215	0.05834
21	0.01019	0.00856	0.00904	0.00793	0.01022	0.00984	0.00623	0.12494	0.72878	0.01709	0.01478	0.01365	0.01103	0.00512	0.00389	0.00128	0.00319	0.00422	0.00389	0.00613
22	0.00956	0.00929	0.01266	0.04552	0.38192	0.08008	0.05074	0.02872	0.22343	0.01297	0.01035	0.05127	0.02008	0.00459	0.00428	0.00123	0.04116	0.00405	0.00255	0.00557
23	0.00574	0.00420	0.00494	0.00473	0.00579	0.00403	0.00355	0.00797	0.07136	0.01363	0.42774	0.02695	0.21859	0.02453	0.04768	0.00149	0.00240	0.00642	0.11459	0.00367
24	0.00666	0.00333	0.00500	0.00500	0.00500	0.00333	0.00333	0.00500	0.00500	0.00666	0.00666	0.01166	0.00666	0.01332	0.01499	0.88844	0.00333	0.00333	0.00167	0.00167
25	0.00755	0.00812	0.09830	0.10248	0.05176	0.00833	0.00786	0.01014	0.09543	0.02346	0.01225	0.12144	0.07029	0.02060	0.02066	0.00157	0.28853	0.04437	0.00245	0.00440
26	0.00634	0.00454	0.00567	0.00539	0.00644	0.00457	0.00404	0.01755	0.09299	0.05026	0.33230	0.06571	0.13143	0.07568	0.17722	0.00244	0.00392	0.00617	0.00351	0.00382
27	0.01991	0.27945	0.10193	0.02721	0.08743	0.15292	0.00796	0.05287	0.07327	0.02995	0.04943	0.00930	0.00742	0.00470	0.02142	0.00118	0.06334	0.00302	0.00222	0.00506
28	0.03319	0.03557	0.07554	0.03298	0.09849	0.02275	0.02504	0.10739	0.01733	0.07315	0.00794	0.02080	0.00627	0.00355	0.00329	0.00088	0.00369	0.00290	0.00253	0.42670

[dist]
# distance from previous block
# <min> <max>
1	23

[block]
# block no. 10 follows, 71 sequences, length 35
# corresponding to MSA columns:
# 379-413
name=unknown_K
#
# <colnr> <probs for GDERKNQSTAVLIFYWHMCP>
#	G	D	E	R	K	N	Q	S	T	A	V	L	I	F	Y	W	H	M	C	P
