[name]
unknown

[dist]
# distance from previous block
# <min> <max>
1	135

[block]
# block no. 0 follows, 72 sequences, length 7
# corresponding to MSA columns:
# 206,210-215
name=unknown_A
#
# <colnr> <probs for GDERKNQSTAVLIFYWHMCP>
#	G	D	E	R	K	N	Q	S	T	A	V	L	I	F	Y	W	H	M	C	P
0	0.05778	0.09001	0.05898	0.02969	0.01011	0.08749	0.02398	0.18082	0.09990	0.03702	0.05863	0.12983	0.02699	0.02768	0.02019	0.00133	0.00394	0.01970	0.00300	0.03294
1	0.21693	0.14282	0.16900	0.03127	0.03211	0.15556	0.02292	0.03740	0.02923	0.03188	0.00827	0.02385	0.04446	0.00406	0.00318	0.00108	0.00443	0.00295	0.00220	0.03638
2	0.00860	0.15012	0.16351	0.00835	0.04987	0.02455	0.03142	0.10766	0.05252	0.03347	0.13127	0.05832	0.07568	0.00640	0.03607	0.00136	0.03270	0.02054	0.00276	0.00483
3	0.01358	0.01687	0.01015	0.00925	0.01112	0.78099	0.00694	0.01462	0.01052	0.00969	0.00640	0.00745	0.00529	0.00395	0.00336	0.00097	0.00642	0.00253	0.07560	0.00433
4	0.00613	0.00441	0.00543	0.00536	0.00624	0.00442	0.00397	0.03281	0.05275	0.04138	0.18006	0.23073	0.16359	0.08056	0.08249	0.00197	0.03053	0.03540	0.02817	0.00360
5	0.00629	0.00495	0.00711	0.00647	0.03308	0.00472	0.10824	0.00774	0.04007	0.03053	0.10878	0.05926	0.19912	0.31616	0.00968	0.00212	0.00327	0.00606	0.04292	0.00345
6	0.00718	0.00629	0.02663	0.02548	0.03259	0.03940	0.03005	0.06257	0.05810	0.01110	0.04954	0.04732	0.10104	0.22777	0.11272	0.00243	0.04298	0.02620	0.02069	0.06994

[dist]
# distance from previous block
# <min> <max>
2	7

[block]
# block no. 1 follows, 72 sequences, length 8
# corresponding to MSA columns:
# 223-230
name=unknown_B
#
# <colnr> <probs for GDERKNQSTAVLIFYWHMCP>
#	G	D	E	R	K	N	Q	S	T	A	V	L	I	F	Y	W	H	M	C	P
0	0.05551	0.12985	0.04686	0.00872	0.04276	0.10489	0.03987	0.18720	0.20258	0.01491	0.00921	0.00976	0.00715	0.00470	0.01861	0.00120	0.03898	0.00325	0.04758	0.02640
1	0.02539	0.01950	0.03912	0.02475	0.03069	0.05051	0.00620	0.18237	0.08626	0.05573	0.05827	0.01715	0.08111	0.02183	0.09962	0.00184	0.06499	0.08015	0.04981	0.00472
2	0.00706	0.00565	0.00788	0.07976	0.08706	0.00571	0.03959	0.05384	0.08294	0.03493	0.31470	0.08979	0.12297	0.00703	0.00431	0.00127	0.00291	0.04489	0.00346	0.00428
3	0.00571	0.00454	0.00542	0.03577	0.02454	0.00445	0.00401	0.03528	0.07724	0.01159	0.15168	0.18842	0.32062	0.07285	0.03916	0.00168	0.00274	0.00729	0.00341	0.00362
4	0.00546	0.07706	0.00584	0.00471	0.00571	0.00444	0.00353	0.00661	0.00869	0.01148	0.32313	0.13098	0.24412	0.10966	0.04049	0.00172	0.00263	0.00697	0.00340	0.00337
5	0.41868	0.07972	0.00760	0.03450	0.00844	0.00795	0.00479	0.04162	0.06120	0.14830	0.00948	0.02758	0.02301	0.00424	0.00292	0.00113	0.00302	0.00305	0.10812	0.00465
6	0.00585	0.00441	0.00592	0.00599	0.00675	0.00423	0.03917	0.07569	0.00816	0.01100	0.01813	0.66628	0.02108	0.05688	0.00542	0.00156	0.00266	0.00917	0.00334	0.04830
7	0.01025	0.02587	0.05878	0.07754	0.29121	0.16041	0.04917	0.10074	0.04219	0.02672	0.05272	0.03281	0.00802	0.00433	0.00416	0.00116	0.04266	0.00364	0.00235	0.00526

[dist]
# distance from previous block
# <min> <max>
0	1

[block]
# block no. 2 follows, 72 sequences, length 30
# corresponding to MSA columns:
# 232-261
name=unknown_C
#
# <colnr> <probs for GDERKNQSTAVLIFYWHMCP>
#	G	D	E	R	K	N	Q	S	T	A	V	L	I	F	Y	W	H	M	C	P
0	0.01015	0.01801	0.11453	0.02765	0.14279	0.09687	0.05984	0.09878	0.08401	0.08321	0.06499	0.02870	0.00899	0.00437	0.00388	0.00111	0.02283	0.00367	0.03437	0.09123
1	0.24962	0.09122	0.03703	0.01860	0.17996	0.15139	0.01916	0.05308	0.02983	0.01296	0.00716	0.02390	0.00616	0.01485	0.04745	0.01810	0.01678	0.01583	0.00219	0.00472
2	0.00854	0.09694	0.42471	0.08327	0.01728	0.05569	0.23710	0.01196	0.00835	0.01141	0.00684	0.00855	0.00510	0.00349	0.00374	0.00118	0.00570	0.00322	0.00172	0.00522
3	0.01733	0.02427	0.05581	0.08720	0.05547	0.13444	0.05753	0.05938	0.03406	0.01085	0.03319	0.02179	0.01948	0.10420	0.21561	0.00268	0.04748	0.01281	0.00223	0.00420
4	0.00466	0.00360	0.00426	0.00461	0.00536	0.00320	0.00326	0.00560	0.00830	0.01065	0.13669	0.40802	0.36744	0.01038	0.00464	0.00139	0.00203	0.00910	0.00361	0.00320
5	0.00598	0.00412	0.00540	0.00551	0.00632	0.00406	0.00424	0.00723	0.00836	0.05400	0.19461	0.17347	0.13384	0.06961	0.11371	0.00217	0.02642	0.16208	0.01540	0.00348
6	0.00551	0.00389	0.00457	0.00457	0.00554	0.00347	0.00333	0.00656	0.00869	0.05468	0.20799	0.17501	0.37565	0.09109	0.00594	0.00154	0.00222	0.03279	0.00361	0.00336
7	0.03858	0.02759	0.01093	0.12386	0.18697	0.08861	0.00779	0.25872	0.01145	0.05328	0.04832	0.08237	0.00910	0.00485	0.00376	0.00116	0.00418	0.00404	0.02918	0.00525
8	0.89350	0.00733	0.00557	0.00499	0.00733	0.00851	0.00411	0.01115	0.00645	0.01702	0.00528	0.00616	0.00411	0.00352	0.00235	0.00117	0.00293	0.00205	0.00235	0.00411
9	0.00858	0.00789	0.02588	0.03526	0.01373	0.00756	0.37452	0.07280	0.03404	0.06078	0.07377	0.08835	0.05446	0.02418	0.00488	0.00137	0.02267	0.06663	0.01797	0.00468
10	0.02272	0.00399	0.00487	0.00490	0.00543	0.00419	0.00346	0.01968	0.00663	0.00964	0.01312	0.04038	0.04524	0.36068	0.25194	0.00360	0.00512	0.05851	0.13287	0.00302
11	0.02787	0.06519	0.11338	0.10987	0.21086	0.05331	0.11899	0.04688	0.07696	0.03130	0.01966	0.01115	0.04411	0.00406	0.00370	0.00115	0.00456	0.00364	0.04817	0.00518
12	0.00503	0.00356	0.00459	0.00518	0.00565	0.00332	0.00363	0.00589	0.00779	0.02282	0.09790	0.57331	0.10892	0.06146	0.00564	0.00162	0.00234	0.07466	0.00352	0.00318
13	0.00860	0.01782	0.07573	0.09705	0.12470	0.02432	0.23876	0.07867	0.09309	0.01328	0.07857	0.03590	0.05192	0.00476	0.00409	0.00124	0.00455	0.02534	0.01658	0.00502
14	0.00494	0.00384	0.00449	0.00437	0.00541	0.00339	0.00326	0.00630	0.00965	0.01273	0.44393	0.06516	0.40140	0.00876	0.00449	0.00125	0.00187	0.00753	0.00385	0.00339
15	0.00683	0.00678	0.04745	0.00924	0.04767	0.00625	0.21009	0.00901	0.04131	0.02493	0.15150	0.22758	0.10776	0.00726	0.00506	0.00135	0.06730	0.01551	0.00296	0.00418
16	0.00889	0.00858	0.02412	0.24620	0.46722	0.02501	0.02689	0.04073	0.00851	0.01183	0.00708	0.00958	0.00576	0.00380	0.00434	0.00120	0.06413	0.00338	0.02747	0.00528
17	0.89350	0.00733	0.00557	0.00499	0.00733	0.00851	0.00411	0.01115	0.00645	0.01702	0.00528	0.00616	0.00411	0.00352	0.00235	0.00117	0.00293	0.00205	0.00235	0.00411
18	0.28923	0.00744	0.02228	0.04763	0.02495	0.03762	0.00540	0.09946	0.04217	0.21422	0.04838	0.03363	0.00878	0.03116	0.00378	0.00124	0.00332	0.00350	0.07089	0.00492
19	0.00589	0.00402	0.00460	0.00443	0.00564	0.00352	0.00334	0.00711	0.00919	0.07962	0.23378	0.08100	0.46287	0.02121	0.00459	0.00129	0.00205	0.01774	0.04455	0.00356
20	0.00770	0.01767	0.05111	0.05895	0.20997	0.00693	0.03392	0.06937	0.10589	0.01293	0.09561	0.16918	0.07608	0.02847	0.00449	0.00132	0.00347	0.01970	0.02253	0.00470
21	0.00507	0.00387	0.00485	0.00486	0.00569	0.00378	0.00361	0.00621	0.00796	0.01056	0.18971	0.08474	0.29049	0.09477	0.24818	0.00289	0.00446	0.02196	0.00311	0.00324
22	0.10566	0.14102	0.01125	0.00851	0.01066	0.58537	0.00667	0.01393	0.00969	0.02867	0.00615	0.00712	0.00510	0.00431	0.02077	0.00108	0.00590	0.00243	0.02126	0.00444
23	0.12241	0.08200	0.03167	0.00921	0.01172	0.33302	0.10400	0.14453	0.05070	0.01343	0.00714	0.00811	0.00562	0.00397	0.00366	0.00109	0.03021	0.00291	0.02972	0.00489
24	0.03169	0.01734	0.00670	0.07743	0.00838	0.01444	0.02204	0.02715	0.01925	0.09485	0.26720	0.06800	0.12307	0.03217	0.03097	0.00143	0.03846	0.00555	0.10991	0.00398
25	0.00716	0.01898	0.00933	0.00827	0.02663	0.00844	0.02751	0.01981	0.02023	0.01019	0.06993	0.08599	0.14928	0.02676	0.03948	0.00171	0.45890	0.00507	0.00240	0.00393
26	0.00578	0.00542	0.05852	0.02616	0.04157	0.00504	0.02718	0.00729	0.00714	0.00987	0.04116	0.10316	0.10991	0.05577	0.39843	0.00366	0.02334	0.05431	0.01267	0.00362
27	0.00954	0.04392	0.00919	0.00824	0.02651	0.29699	0.00626	0.04307	0.05088	0.01063	0.04521	0.14900	0.06674	0.00749	0.04135	0.00147	0.14373	0.03305	0.00256	0.00417
28	0.02601	0.02534	0.04379	0.00829	0.04629	0.03823	0.02545	0.18428	0.04954	0.31094	0.01123	0.03399	0.00836	0.04506	0.01711	0.00136	0.05994	0.00378	0.02807	0.03295
29	0.19588	0.04483	0.09323	0.00773	0.01075	0.06495	0.00688	0.36203	0.01243	0.12993	0.00859	0.00876	0.00612	0.00417	0.00337	0.00113	0.00404	0.00301	0.02658	0.00561

[dist]
# distance from previous block
# <min> <max>
1	7

[block]
# block no. 3 follows, 72 sequences, length 8
# corresponding to MSA columns:
# 269-276
name=unknown_D
#
# <colnr> <probs for GDERKNQSTAVLIFYWHMCP>
#	G	D	E	R	K	N	Q	S	T	A	V	L	I	F	Y	W	H	M	C	P
0	0.05596	0.00793	0.06259	0.01765	0.04630	0.03741	0.03747	0.13147	0.09130	0.07008	0.08372	0.04681	0.09131	0.04980	0.03016	0.00142	0.01500	0.00447	0.04225	0.07690
1	0.00577	0.00468	0.00657	0.00617	0.00688	0.00511	0.04032	0.00670	0.00700	0.00949	0.05739	0.11080	0.18123	0.11004	0.23723	0.05102	0.11793	0.02981	0.00260	0.00329
2	0.00982	0.09356	0.08896	0.02579	0.19212	0.11816	0.03467	0.08723	0.10705	0.01277	0.00906	0.04684	0.02417	0.00430	0.00382	0.00108	0.02976	0.00351	0.00239	0.10495
3	0.00503	0.00376	0.00434	0.00434	0.00510	0.00344	0.00303	0.00585	0.00807	0.01045	0.20508	0.08942	0.35888	0.20101	0.03907	0.03711	0.00266	0.00707	0.00326	0.00302
4	0.00655	0.04218	0.00605	0.02542	0.00647	0.01933	0.00393	0.04135	0.04057	0.01053	0.16465	0.04779	0.16027	0.06432	0.05254	0.27443	0.00325	0.00518	0.02207	0.00311
5	0.04700	0.00819	0.01055	0.00862	0.01044	0.05369	0.06651	0.07252	0.06500	0.28548	0.01044	0.06000	0.00816	0.00553	0.00651	0.00135	0.26770	0.00397	0.00313	0.00522
6	0.00906	0.00715	0.00806	0.00634	0.00902	0.00663	0.00502	0.19694	0.07993	0.01507	0.01002	0.11034	0.00885	0.00457	0.00335	0.00089	0.00300	0.00377	0.05437	0.45761
7	0.00955	0.05719	0.01064	0.00855	0.02821	0.11277	0.11673	0.17934	0.03649	0.03829	0.02858	0.14948	0.07775	0.02088	0.05357	0.00154	0.00448	0.03859	0.00295	0.02441

[dist]
# distance from previous block
# <min> <max>
0	5

[block]
# block no. 4 follows, 72 sequences, length 10
# corresponding to MSA columns:
# 282-291
name=unknown_E
#
# <colnr> <probs for GDERKNQSTAVLIFYWHMCP>
#	G	D	E	R	K	N	Q	S	T	A	V	L	I	F	Y	W	H	M	C	P
0	0.01087	0.00714	0.00779	0.00658	0.00852	0.03411	0.00516	0.27792	0.07152	0.15083	0.03541	0.10181	0.06443	0.05944	0.02671	0.00145	0.00343	0.00481	0.11703	0.00502
1	0.03680	0.05226	0.05934	0.01210	0.13532	0.14216	0.17325	0.14544	0.06453	0.04721	0.00816	0.00937	0.00627	0.00401	0.00417	0.00116	0.05077	0.00340	0.03895	0.00533
2	0.01450	0.00945	0.01053	0.00819	0.01111	0.01015	0.00672	0.56912	0.09768	0.20599	0.01104	0.01045	0.00761	0.00464	0.00380	0.00116	0.00385	0.00359	0.00400	0.00641
3	0.00505	0.00385	0.00466	0.00500	0.00578	0.00352	0.00360	0.02197	0.00810	0.01051	0.06284	0.43103	0.27436	0.03209	0.02557	0.00158	0.00247	0.06107	0.00344	0.03352
4	0.00927	0.00742	0.00905	0.00792	0.09228	0.00649	0.00565	0.12438	0.03813	0.05090	0.00826	0.03789	0.00681	0.00358	0.00319	0.00078	0.00317	0.00295	0.00263	0.57924
5	0.02246	0.00592	0.02722	0.02727	0.00819	0.00521	0.00475	0.03691	0.08080	0.05173	0.19561	0.05393	0.08252	0.00583	0.00375	0.00105	0.00267	0.05702	0.06573	0.26143
6	0.00460	0.00374	0.00402	0.00417	0.00518	0.00322	0.00301	0.00551	0.00837	0.01028	0.07739	0.18540	0.61402	0.04743	0.00520	0.00143	0.00204	0.00834	0.00350	0.00316
7	0.02183	0.02773	0.05262	0.03732	0.04177	0.01697	0.14240	0.15877	0.05496	0.09820	0.04224	0.02562	0.10743	0.02978	0.02697	0.00138	0.00403	0.01434	0.09071	0.00493
8	0.06068	0.00837	0.00896	0.00739	0.00962	0.05188	0.00595	0.34180	0.05698	0.14058	0.03234	0.06724	0.00974	0.02550	0.01891	0.00133	0.04125	0.03234	0.04792	0.03122
9	0.01117	0.03186	0.00922	0.00735	0.00953	0.00862	0.00592	0.33687	0.13730	0.11011	0.09662	0.08155	0.01213	0.00647	0.03586	0.00138	0.03893	0.00449	0.02655	0.02807

[dist]
# distance from previous block
# <min> <max>
1	49

[block]
# block no. 5 follows, 72 sequences, length 10
# corresponding to MSA columns:
# 347-356
name=unknown_F
#
# <colnr> <probs for GDERKNQSTAVLIFYWHMCP>
#	G	D	E	R	K	N	Q	S	T	A	V	L	I	F	Y	W	H	M	C	P
0	0.00672	0.02494	0.02975	0.00632	0.00743	0.02609	0.05203	0.05495	0.00731	0.01004	0.05941	0.02999	0.01176	0.31254	0.28058	0.00360	0.02174	0.00460	0.00235	0.04787
1	0.00893	0.06227	0.17186	0.03168	0.15028	0.01852	0.15096	0.03195	0.04965	0.07216	0.06278	0.02348	0.06035	0.00436	0.00379	0.00113	0.00435	0.00397	0.01831	0.06922
2	0.01078	0.00688	0.00746	0.00624	0.00822	0.00735	0.00498	0.28943	0.12866	0.09705	0.04293	0.01285	0.00982	0.00472	0.00339	0.00107	0.00290	0.00375	0.34638	0.00515
3	0.00564	0.00556	0.07015	0.03303	0.03159	0.00450	0.00474	0.00790	0.05737	0.01302	0.39927	0.02765	0.30996	0.00767	0.00433	0.00123	0.00238	0.00658	0.00358	0.00383
4	0.00468	0.00367	0.00416	0.00439	0.00524	0.00323	0.00312	0.00558	0.00826	0.01043	0.11571	0.28655	0.46104	0.05967	0.00545	0.00149	0.00209	0.00858	0.00352	0.00315
5	0.00854	0.00959	0.14730	0.20223	0.29953	0.00821	0.05599	0.03743	0.03373	0.04319	0.02293	0.06003	0.00821	0.00452	0.00393	0.00124	0.00458	0.04138	0.00223	0.00520
6	0.00469	0.00361	0.00429	0.00462	0.00538	0.00321	0.00327	0.00566	0.00839	0.01082	0.16389	0.39190	0.35610	0.01028	0.00464	0.00138	0.00202	0.00901	0.00363	0.00321
7	0.03046	0.02342	0.08161	0.10654	0.05784	0.02864	0.03560	0.22066	0.08784	0.03054	0.01267	0.05096	0.10520	0.02520	0.01882	0.00138	0.07043	0.00432	0.00283	0.00503
8	0.01321	0.09103	0.03521	0.03800	0.01196	0.57260	0.00739	0.13778	0.01128	0.01170	0.00655	0.00748	0.00527	0.00395	0.00338	0.00100	0.00594	0.00263	0.02888	0.00475
9	0.08735	0.03517	0.00722	0.06237	0.00860	0.03804	0.00500	0.06894	0.00816	0.04781	0.04639	0.21182	0.02518	0.05058	0.11516	0.04780	0.02574	0.02648	0.00276	0.07944

[dist]
# distance from previous block
# <min> <max>
1	7

[block]
# block no. 6 follows, 72 sequences, length 8
# corresponding to MSA columns:
# 367-374
name=unknown_G
#
# <colnr> <probs for GDERKNQSTAVLIFYWHMCP>
#	G	D	E	R	K	N	Q	S	T	A	V	L	I	F	Y	W	H	M	C	P
0	0.47162	0.00950	0.02198	0.03187	0.00902	0.18204	0.00531	0.05120	0.03188	0.01444	0.04294	0.03180	0.00710	0.04965	0.00404	0.00129	0.02467	0.00297	0.00244	0.00422
1	0.00555	0.00452	0.04895	0.00531	0.00617	0.00365	0.00403	0.00650	0.00771	0.05246	0.04093	0.48222	0.17962	0.09611	0.00611	0.00167	0.00257	0.03921	0.00337	0.00336
2	0.03891	0.05809	0.25746	0.03683	0.01236	0.09687	0.07270	0.06370	0.02902	0.04694	0.01143	0.14130	0.05122	0.00553	0.00400	0.00123	0.01937	0.02775	0.00248	0.02284
3	0.07789	0.21669	0.10807	0.07169	0.07782	0.14607	0.04350	0.05285	0.07311	0.04989	0.00797	0.04420	0.00660	0.00410	0.00335	0.00109	0.00461	0.00319	0.00227	0.00503
4	0.04025	0.00460	0.00504	0.00483	0.00612	0.00434	0.00362	0.06018	0.03649	0.06039	0.10463	0.17256	0.41167	0.02814	0.00462	0.00134	0.00229	0.00726	0.03791	0.00373
5	0.29035	0.00927	0.05038	0.00766	0.01015	0.07684	0.07656	0.13823	0.08291	0.04808	0.02017	0.01016	0.03165	0.02608	0.00413	0.00123	0.04554	0.00325	0.02810	0.03925
6	0.01959	0.08631	0.06465	0.15109	0.12202	0.09765	0.04168	0.05179	0.04345	0.02979	0.02896	0.04995	0.03976	0.03496	0.01667	0.00134	0.07115	0.00388	0.04066	0.00467
7	0.00593	0.00426	0.00563	0.00633	0.05346	0.00419	0.00419	0.04095	0.00780	0.03540	0.04656	0.42224	0.09434	0.12166	0.10955	0.00228	0.00359	0.02502	0.00316	0.00346

[dist]
# distance from previous block
# <min> <max>
2	5

[block]
# block no. 7 follows, 72 sequences, length 8
# corresponding to MSA columns:
# 381-388
name=unknown_H
#
# <colnr> <probs for GDERKNQSTAVLIFYWHMCP>
#	G	D	E	R	K	N	Q	S	T	A	V	L	I	F	Y	W	H	M	C	P
0	0.05138	0.09182	0.13118	0.02809	0.05859	0.04989	0.05277	0.07280	0.04305	0.03785	0.02848	0.10705	0.02712	0.03189	0.00442	0.00119	0.03847	0.00408	0.00248	0.13740
1	0.00564	0.00399	0.00490	0.00511	0.00567	0.00392	0.00353	0.02257	0.04032	0.02800	0.08313	0.34672	0.10139	0.23118	0.06888	0.00234	0.00322	0.03306	0.00319	0.00322
2	0.05525	0.02969	0.01359	0.15601	0.35673	0.05277	0.07962	0.10428	0.03696	0.06709	0.00791	0.00956	0.00610	0.00374	0.00371	0.00116	0.00462	0.00339	0.00233	0.00550
3	0.03927	0.10775	0.02422	0.03914	0.04816	0.30467	0.04679	0.06449	0.02985	0.01135	0.06298	0.03265	0.00850	0.02062	0.10052	0.00167	0.01845	0.00342	0.00228	0.03322
4	0.00553	0.00406	0.00498	0.00535	0.00603	0.00390	0.00386	0.06062	0.00839	0.01100	0.06248	0.46555	0.15806	0.08027	0.00592	0.00165	0.00254	0.10301	0.00347	0.00333
5	0.00657	0.00418	0.00552	0.00525	0.00580	0.00425	0.00368	0.00676	0.03892	0.03034	0.02803	0.05689	0.05004	0.18268	0.10064	0.36600	0.03609	0.00446	0.00226	0.06164
6	0.04702	0.00779	0.06475	0.04663	0.15646	0.03108	0.00695	0.09224	0.04752	0.04278	0.08237	0.01356	0.03296	0.06379	0.11976	0.04541	0.03693	0.00391	0.00256	0.05554
7	0.08175	0.05251	0.02825	0.06970	0.05955	0.08025	0.01862	0.20559	0.05010	0.01453	0.00974	0.05670	0.03964	0.03663	0.00435	0.00118	0.03169	0.00367	0.02184	0.13370

[dist]
# distance from previous block
# <min> <max>
2	43

[block]
# block no. 8 follows, 72 sequences, length 9
# corresponding to MSA columns:
# 432-440
name=unknown_I
#
# <colnr> <probs for GDERKNQSTAVLIFYWHMCP>
#	G	D	E	R	K	N	Q	S	T	A	V	L	I	F	Y	W	H	M	C	P
0	0.13253	0.07529	0.06917	0.08636	0.06531	0.08043	0.06384	0.10402	0.05394	0.03239	0.00874	0.03281	0.01828	0.08620	0.00518	0.00138	0.02753	0.00353	0.02164	0.03144
1	0.04319	0.04074	0.00879	0.05635	0.03284	0.00707	0.04157	0.12669	0.03713	0.06290	0.01003	0.04111	0.00866	0.05016	0.28536	0.00289	0.03088	0.00392	0.07130	0.03841
2	0.04229	0.03034	0.00880	0.00725	0.00951	0.00909	0.00581	0.24610	0.39138	0.01738	0.03318	0.01426	0.04966	0.00518	0.00372	0.00119	0.00320	0.02680	0.06694	0.02793
3	0.00543	0.00371	0.00448	0.00455	0.00468	0.00381	0.00279	0.00571	0.00574	0.00776	0.01229	0.08324	0.01387	0.66504	0.15777	0.00393	0.00466	0.00565	0.00234	0.00254
4	0.00945	0.07902	0.11531	0.01008	0.04323	0.03512	0.20941	0.07960	0.08765	0.07028	0.02963	0.01231	0.03057	0.05998	0.03189	0.00149	0.03483	0.00393	0.05119	0.00501
5	0.00554	0.00441	0.00502	0.00466	0.00600	0.00389	0.00350	0.00665	0.00851	0.03045	0.13898	0.10648	0.46040	0.04312	0.00520	0.00131	0.03622	0.00697	0.00335	0.11933
6	0.00508	0.00386	0.00476	0.00502	0.00582	0.00351	0.00361	0.00639	0.02897	0.01132	0.19809	0.41891	0.19680	0.00987	0.00458	0.00137	0.00215	0.04085	0.00361	0.04540
7	0.00875	0.02200	0.03393	0.02637	0.02787	0.07629	0.03904	0.09692	0.09165	0.05226	0.05552	0.15311	0.05417	0.04234	0.02096	0.00140	0.05255	0.02311	0.02349	0.09831
8	0.02337	0.01192	0.22337	0.10218	0.17318	0.08810	0.04049	0.06201	0.03380	0.02467	0.00731	0.00887	0.00568	0.00411	0.01886	0.00117	0.02501	0.00304	0.00208	0.14080

[dist]
# distance from previous block
# <min> <max>
2	16

[block]
# block no. 9 follows, 72 sequences, length 17
# corresponding to MSA columns:
# 457-473
name=unknown_J
#
# <colnr> <probs for GDERKNQSTAVLIFYWHMCP>
#	G	D	E	R	K	N	Q	S	T	A	V	L	I	F	Y	W	H	M	C	P
0	0.00833	0.00696	0.02968	0.11240	0.01076	0.04648	0.04566	0.13626	0.04186	0.05566	0.13345	0.08133	0.09975	0.04703	0.09517	0.00186	0.01431	0.00515	0.02355	0.00436
1	0.27372	0.07042	0.01709	0.00683	0.03120	0.00843	0.00547	0.14200	0.10798	0.10735	0.03915	0.03575	0.02512	0.00453	0.00326	0.00111	0.00323	0.01562	0.00307	0.09867
2	0.00575	0.00473	0.00591	0.00595	0.00674	0.02656	0.03489	0.00753	0.07729	0.01071	0.08518	0.41462	0.13443	0.06189	0.02758	0.00169	0.02913	0.05261	0.00333	0.00351
3	0.05075	0.05384	0.02481	0.05616	0.06538	0.08607	0.02444	0.15676	0.09011	0.01336	0.01295	0.09402	0.09232	0.04044	0.08097	0.00173	0.02133	0.00457	0.02537	0.00462
4	0.00595	0.00559	0.02812	0.00667	0.05799	0.03302	0.04331	0.00758	0.03230	0.01105	0.10589	0.11923	0.36655	0.03183	0.05821	0.00162	0.00325	0.02736	0.00312	0.05135
5	0.01092	0.18763	0.05330	0.00775	0.01053	0.15067	0.00667	0.21108	0.06454	0.01384	0.00778	0.02106	0.00641	0.01947	0.02812	0.00116	0.02834	0.00294	0.00252	0.16529
6	0.02978	0.06239	0.09266	0.08610	0.22644	0.08334	0.10633	0.03829	0.03531	0.06355	0.00872	0.01096	0.02399	0.00409	0.00398	0.00115	0.03092	0.03352	0.00225	0.05622
7	0.08084	0.05307	0.13587	0.02079	0.06568	0.08508	0.09423	0.14553	0.06899	0.05058	0.02356	0.02783	0.02089	0.00539	0.03849	0.00137	0.03097	0.01648	0.00258	0.03177
8	0.00802	0.00454	0.00603	0.00592	0.00625	0.00443	0.00402	0.00716	0.05563	0.03092	0.00938	0.03971	0.00917	0.06111	0.01396	0.70781	0.00365	0.01715	0.00236	0.00276
9	0.02403	0.02060	0.07318	0.02923	0.08893	0.02208	0.04234	0.13472	0.10793	0.04764	0.07185	0.11006	0.13601	0.00638	0.00458	0.01034	0.04467	0.01751	0.00309	0.00482
10	0.01023	0.08874	0.05331	0.08173	0.11091	0.16799	0.05816	0.08272	0.11968	0.04465	0.03379	0.03048	0.00835	0.02442	0.03736	0.00138	0.00487	0.01849	0.00253	0.02020
11	0.03134	0.03423	0.05744	0.03305	0.06318	0.02264	0.05908	0.06739	0.07977	0.11124	0.17278	0.06118	0.07529	0.02282	0.05086	0.00151	0.00378	0.01696	0.01139	0.02404
12	0.00502	0.00393	0.00494	0.01716	0.00614	0.00359	0.02505	0.00610	0.00826	0.01067	0.11357	0.26825	0.35738	0.04793	0.02399	0.00158	0.00252	0.06565	0.02502	0.00326
13	0.04723	0.16834	0.20872	0.03513	0.07464	0.14394	0.07447	0.07446	0.03145	0.05683	0.00785	0.00890	0.01898	0.00452	0.02778	0.00123	0.00514	0.00303	0.00218	0.00518
14	0.03589	0.06075	0.26882	0.04086	0.12848	0.07052	0.02127	0.15084	0.04676	0.03046	0.02967	0.04409	0.03208	0.00454	0.00370	0.00117	0.00459	0.01768	0.00246	0.00535
15	0.00559	0.00391	0.00486	0.00520	0.00594	0.00364	0.00375	0.03328	0.00840	0.04309	0.09647	0.47509	0.19134	0.03496	0.00510	0.00151	0.00235	0.06852	0.00360	0.00340
16	0.05146	0.00732	0.00886	0.03641	0.07447	0.03038	0.03296	0.12769	0.16799	0.10360	0.07039	0.02841	0.08839	0.02410	0.02302	0.00139	0.03485	0.03330	0.05003	0.00500

[dist]
# distance from previous block
# <min> <max>
0	18

[block]
# block no. 10 follows, 72 sequences, length 29
# corresponding to MSA columns:
# 492-520
name=unknown_K
#
# <colnr> <probs for GDERKNQSTAVLIFYWHMCP>
#	G	D	E	R	K	N	Q	S	T	A	V	L	I	F	Y	W	H	M	C	P
0	0.02177	0.05375	0.10469	0.02249	0.10450	0.02099	0.10930	0.08192	0.09450	0.02776	0.01892	0.11370	0.02812	0.03617	0.05349	0.00161	0.07091	0.00456	0.00254	0.02833
1	0.02204	0.21200	0.02667	0.04037	0.03185	0.07316	0.00619	0.08531	0.02218	0.05522	0.03485	0.02824	0.01562	0.00432	0.00352	0.00096	0.03043	0.04433	0.02458	0.23817
2	0.00848	0.00794	0.06578	0.05821	0.15642	0.02056	0.04157	0.11252	0.06418	0.02846	0.01877	0.08054	0.03613	0.03880	0.02760	0.00152	0.02341	0.15454	0.00279	0.05178
3	0.00853	0.00730	0.01022	0.34781	0.14708	0.04909	0.00830	0.06038	0.05394	0.05900	0.10854	0.04782	0.04564	0.00510	0.00396	0.00123	0.00412	0.02463	0.00263	0.00468
4	0.00616	0.00447	0.00521	0.00499	0.00618	0.00424	0.00374	0.00856	0.10979	0.05947	0.30803	0.11413	0.29911	0.03403	0.00485	0.00135	0.00218	0.01589	0.00382	0.00382
5	0.00532	0.00386	0.00492	0.00543	0.00617	0.00362	0.00418	0.00648	0.00833	0.02100	0.10010	0.29897	0.20480	0.04556	0.00543	0.00160	0.00258	0.26483	0.00354	0.00329
6	0.00591	0.00407	0.00483	0.00456	0.00568	0.00373	0.00345	0.00772	0.03546	0.04833	0.47195	0.02808	0.25640	0.00772	0.00424	0.00119	0.00192	0.00663	0.09445	0.00366
7	0.00553	0.00388	0.00444	0.00450	0.00550	0.00343	0.00328	0.00649	0.00840	0.06072	0.09701	0.21191	0.44022	0.07576	0.00564	0.00151	0.00222	0.02963	0.02659	0.00335
8	0.89350	0.00733	0.00557	0.00499	0.00733	0.00851	0.00411	0.01115	0.00645	0.01702	0.00528	0.00616	0.00411	0.00352	0.00235	0.00117	0.00293	0.00205	0.00235	0.00411
9	0.33155	0.00983	0.00807	0.00691	0.00927	0.20039	0.00548	0.08933	0.07800	0.13118	0.05044	0.00939	0.00753	0.00419	0.00318	0.00111	0.00392	0.00295	0.00293	0.04433
10	0.00973	0.00903	0.01468	0.02118	0.73196	0.00904	0.01091	0.07926	0.00936	0.01334	0.00728	0.00929	0.00602	0.00345	0.00371	0.00110	0.00439	0.00332	0.00205	0.05091
11	0.01361	0.01658	0.01051	0.00963	0.02653	0.72946	0.00712	0.07176	0.01091	0.01026	0.00646	0.00806	0.00552	0.05244	0.00434	0.00114	0.00643	0.00270	0.00210	0.00445
12	0.01291	0.00900	0.00973	0.00774	0.01035	0.00986	0.00630	0.54319	0.13289	0.08338	0.01089	0.01079	0.00784	0.00463	0.00365	0.00113	0.00361	0.00359	0.12252	0.00599
13	0.89350	0.00733	0.00557	0.00499	0.00733	0.00851	0.00411	0.01115	0.00645	0.01702	0.00528	0.00616	0.00411	0.00352	0.00235	0.00117	0.00293	0.00205	0.00235	0.00411
14	0.00926	0.00888	0.01517	0.07018	0.79714	0.00898	0.01158	0.01153	0.00858	0.01224	0.00711	0.00943	0.00595	0.00340	0.00376	0.00113	0.00454	0.00338	0.00187	0.00591
15	0.01364	0.01022	0.01115	0.05173	0.01233	0.01140	0.00728	0.72164	0.08510	0.02251	0.00951	0.00957	0.00680	0.00456	0.00380	0.00116	0.00412	0.00348	0.00369	0.00630
16	0.00979	0.00810	0.00864	0.00771	0.00988	0.00927	0.00605	0.05822	0.74759	0.04017	0.01527	0.01477	0.01159	0.00527	0.00390	0.00129	0.00308	0.02959	0.00387	0.00596
17	0.00566	0.00371	0.00436	0.00446	0.00469	0.00361	0.00272	0.00592	0.00622	0.03612	0.01529	0.19018	0.06289	0.60853	0.02724	0.00307	0.00337	0.00662	0.00268	0.00266
18	0.02384	0.00644	0.00681	0.00623	0.00770	0.07361	0.00474	0.15384	0.01025	0.14940	0.04941	0.31175	0.01534	0.00731	0.00400	0.00125	0.00304	0.02290	0.13770	0.00444
19	0.00864	0.05703	0.06714	0.34523	0.34279	0.00900	0.02574	0.02222	0.03051	0.03306	0.00751	0.02126	0.00599	0.00376	0.00372	0.00118	0.00469	0.00342	0.00195	0.00518
20	0.00836	0.00617	0.00662	0.00639	0.00760	0.07707	0.00478	0.09635	0.06875	0.10441	0.04108	0.37996	0.04944	0.03975	0.03135	0.00160	0.00334	0.05932	0.00350	0.00416
21	0.00462	0.00332	0.00438	0.00523	0.00549	0.00308	0.00350	0.00529	0.00731	0.00970	0.02149	0.83647	0.05247	0.01181	0.00483	0.00153	0.00219	0.01069	0.00352	0.00308
22	0.00673	0.00468	0.00579	0.01900	0.00698	0.00475	0.00437	0.07410	0.06478	0.04740	0.10917	0.38451	0.06853	0.00977	0.03830	0.00157	0.01306	0.06357	0.06909	0.00386
23	0.01180	0.05875	0.17255	0.01088	0.01396	0.47837	0.15450	0.03509	0.00994	0.01067	0.00642	0.00769	0.00506	0.00371	0.00360	0.00107	0.00632	0.00288	0.00191	0.00483
24	0.03621	0.01105	0.06268	0.05253	0.10810	0.20685	0.02970	0.13711	0.14309	0.02374	0.00916	0.03165	0.00752	0.03312	0.06833	0.00161	0.02632	0.00357	0.00259	0.00507
25	0.00539	0.00389	0.00488	0.00531	0.00579	0.00386	0.00376	0.00668	0.04928	0.00994	0.04728	0.36789	0.06837	0.20753	0.06255	0.00230	0.00323	0.12186	0.01708	0.00316
26	0.00598	0.00450	0.00569	0.04795	0.02260	0.01743	0.00452	0.02430	0.05456	0.03580	0.07427	0.50016	0.09865	0.00986	0.00462	0.00145	0.00263	0.07794	0.00348	0.00362
27	0.00888	0.00845	0.03996	0.00849	0.03166	0.10374	0.05686	0.13895	0.04026	0.02771	0.05332	0.18019	0.02121	0.05086	0.07694	0.00184	0.13829	0.00521	0.00276	0.00441
28	0.08519	0.06431	0.09125	0.03745	0.05593	0.04928	0.05253	0.15330	0.14935	0.09405	0.03891	0.02041	0.00836	0.00590	0.05681	0.00147	0.01383	0.00358	0.00291	0.01517

[dist]
# distance from previous block
# <min> <max>
1	17

[block]
# block no. 11 follows, 72 sequences, length 26
# corresponding to MSA columns:
# 538-563
name=unknown_L
#
# <colnr> <probs for GDERKNQSTAVLIFYWHMCP>
#	G	D	E	R	K	N	Q	S	T	A	V	L	I	F	Y	W	H	M	C	P
0	0.02556	0.09934	0.10045	0.06155	0.03418	0.02551	0.02260	0.16450	0.03524	0.04494	0.02239	0.05552	0.03220	0.02150	0.00377	0.00106	0.00381	0.01200	0.00264	0.23124
1	0.00512	0.00390	0.00474	0.00467	0.00565	0.00348	0.00346	0.00645	0.00931	0.01254	0.41029	0.16245	0.25986	0.02688	0.00480	0.00132	0.00202	0.03166	0.00375	0.03765
2	0.01007	0.02332	0.04437	0.02543	0.02674	0.10504	0.02091	0.13651	0.01008	0.14543	0.09192	0.14316	0.01291	0.05113	0.07356	0.00174	0.04149	0.00495	0.02661	0.00464
3	0.00523	0.00391	0.00539	0.00544	0.00612	0.00419	0.00408	0.00640	0.00694	0.00959	0.09674	0.10114	0.11977	0.08932	0.51291	0.00437	0.00701	0.00560	0.00260	0.00327
4	0.00493	0.00359	0.00466	0.00540	0.00587	0.00337	0.00391	0.00583	0.00771	0.01008	0.03376	0.57231	0.12252	0.03468	0.00526	0.00160	0.00245	0.16542	0.00349	0.00316
5	0.00994	0.80178	0.08533	0.00683	0.01026	0.01452	0.00708	0.01141	0.00773	0.00917	0.00539	0.00624	0.00486	0.00327	0.00253	0.00084	0.00418	0.00209	0.00162	0.00493
6	0.00499	0.00366	0.00445	0.00492	0.00551	0.00342	0.00344	0.00612	0.03059	0.01050	0.08581	0.48789	0.19583	0.06160	0.00549	0.00156	0.00225	0.03663	0.04214	0.00321
7	0.01014	0.86900	0.01987	0.00649	0.00973	0.01501	0.00649	0.01136	0.00771	0.00892	0.00527	0.00608	0.00487	0.00324	0.00243	0.00081	0.00406	0.00203	0.00162	0.00487
8	0.00779	0.00672	0.00807	0.00583	0.00912	0.00509	0.02192	0.00948	0.00787	0.01228	0.00717	0.03265	0.00618	0.00308	0.00290	0.00061	0.00287	0.00254	0.00228	0.84556
9	0.71353	0.00814	0.00692	0.00642	0.04456	0.03209	0.00494	0.12053	0.00818	0.01752	0.00589	0.00671	0.00452	0.00366	0.00263	0.00116	0.00327	0.00230	0.00251	0.00451
10	0.00950	0.01028	0.02043	0.03212	0.01861	0.02843	0.68386	0.08637	0.00963	0.01297	0.00763	0.00997	0.00575	0.00350	0.00472	0.00128	0.04346	0.00426	0.00207	0.00516
11	0.00998	0.00797	0.00965	0.00726	0.01031	0.00749	0.06294	0.24600	0.06837	0.03395	0.00962	0.01020	0.03681	0.00385	0.00336	0.00088	0.00340	0.00317	0.03594	0.42886
12	0.00756	0.09223	0.60018	0.03337	0.05985	0.00866	0.01179	0.01109	0.00806	0.01158	0.03162	0.05975	0.03943	0.00440	0.00364	0.00119	0.00495	0.00356	0.00188	0.00523
13	0.03790	0.00444	0.00515	0.00516	0.00559	0.03459	0.00353	0.00653	0.00625	0.00873	0.03998	0.08727	0.01329	0.41842	0.30277	0.00407	0.00581	0.00525	0.00236	0.00292
14	0.09281	0.01018	0.01038	0.00817	0.01097	0.04146	0.00669	0.65082	0.06085	0.02193	0.00912	0.00923	0.00659	0.00446	0.00361	0.00113	0.00400	0.00331	0.03825	0.00603
15	0.03526	0.04644	0.02303	0.04995	0.03554	0.05322	0.00582	0.09706	0.08137	0.08094	0.04299	0.08738	0.03468	0.06616	0.03099	0.00144	0.04796	0.01132	0.00286	0.16560
16	0.00810	0.00692	0.00815	0.00602	0.00918	0.00566	0.02266	0.05074	0.06264	0.01302	0.00943	0.01018	0.05848	0.00348	0.00307	0.00070	0.00291	0.00285	0.00250	0.71330
17	0.29322	0.28410	0.09903	0.00633	0.00893	0.00982	0.00601	0.01083	0.04740	0.01224	0.00722	0.02502	0.00630	0.03123	0.12101	0.00182	0.00457	0.00280	0.01771	0.00442
18	0.00892	0.00568	0.01910	0.00524	0.00677	0.00580	0.00417	0.17561	0.07783	0.04182	0.02883	0.05042	0.01032	0.00489	0.00316	0.00102	0.00248	0.00395	0.53956	0.00443
19	0.00468	0.00372	0.00422	0.00447	0.00541	0.00326	0.00328	0.00568	0.00848	0.01063	0.11088	0.26053	0.50265	0.01008	0.00461	0.00136	0.00206	0.04718	0.00358	0.00322
20	0.06242	0.01044	0.01106	0.00852	0.01152	0.01158	0.00704	0.78567	0.01721	0.02353	0.00890	0.00894	0.00632	0.00450	0.00371	0.00114	0.00411	0.00334	0.00371	0.00632
21	0.00508	0.00366	0.00485	0.04163	0.00647	0.00357	0.00387	0.00607	0.02986	0.00996	0.03805	0.63538	0.07262	0.01128	0.02136	0.05222	0.00254	0.01948	0.02887	0.00317
22	0.02912	0.00959	0.00981	0.07166	0.01152	0.10065	0.00676	0.30783	0.22998	0.05078	0.02531	0.01094	0.00823	0.00474	0.00420	0.00119	0.05489	0.00359	0.05366	0.00554
23	0.01647	0.02612	0.12616	0.07123	0.26370	0.07562	0.04703	0.02545	0.04146	0.01209	0.11914	0.04331	0.02596	0.05223	0.02157	0.00141	0.01099	0.00421	0.01100	0.00486
24	0.00604	0.00504	0.00697	0.00662	0.02120	0.00539	0.04367	0.00717	0.00794	0.02661	0.13844	0.20433	0.22484	0.04256	0.04283	0.00171	0.16503	0.03695	0.00307	0.00359
25	0.07469	0.14011	0.02132	0.03971	0.06173	0.07457	0.05117	0.20966	0.09434	0.05110	0.03524	0.04622	0.02250	0.01317	0.01278	0.00122	0.03875	0.00370	0.00282	0.00520

[dist]
# distance from previous block
# <min> <max>
0	8

[block]
# block no. 12 follows, 72 sequences, length 9
# corresponding to MSA columns:
# 572-580
name=unknown_M
#
# <colnr> <probs for GDERKNQSTAVLIFYWHMCP>
#	G	D	E	R	K	N	Q	S	T	A	V	L	I	F	Y	W	H	M	C	P
0	0.00844	0.00845	0.04771	0.02445	0.02390	0.13386	0.08267	0.08239	0.02526	0.03782	0.07486	0.11613	0.19584	0.00666	0.00426	0.00122	0.01758	0.04552	0.00298	0.06000
1	0.00560	0.03240	0.00605	0.03743	0.00668	0.00460	0.02872	0.00628	0.00684	0.00905	0.03411	0.29254	0.10177	0.28557	0.05007	0.02110	0.04475	0.02062	0.00276	0.00306
2	0.76073	0.00757	0.00624	0.00543	0.00785	0.00866	0.00446	0.07207	0.03712	0.05199	0.00633	0.00694	0.00477	0.00370	0.00257	0.00117	0.00304	0.00231	0.00261	0.00445
3	0.03196	0.04538	0.02862	0.00811	0.02619	0.12377	0.10112	0.02274	0.05790	0.05240	0.05985	0.21482	0.03927	0.04225	0.00503	0.00139	0.03056	0.07538	0.01299	0.02025
4	0.01017	0.02099	0.00948	0.02455	0.00977	0.18723	0.03570	0.08809	0.00915	0.08031	0.04754	0.03893	0.00871	0.05562	0.04599	0.01628	0.17133	0.00371	0.06560	0.07085
5	0.00701	0.00541	0.03331	0.00601	0.00698	0.02050	0.01697	0.06129	0.03508	0.06378	0.03523	0.29372	0.05158	0.22535	0.04181	0.00217	0.02661	0.06044	0.00311	0.00364
6	0.13424	0.03991	0.00857	0.00694	0.02290	0.05312	0.02185	0.10377	0.07603	0.07799	0.02291	0.05582	0.03447	0.06852	0.00520	0.00128	0.06696	0.00377	0.04098	0.15477
7	0.00943	0.00917	0.04752	0.03700	0.06161	0.05392	0.23505	0.17555	0.05674	0.01397	0.03119	0.04190	0.04501	0.06794	0.00535	0.02172	0.00456	0.00430	0.01840	0.05967
8	0.14780	0.00863	0.03050	0.04369	0.03719	0.08388	0.02252	0.11423	0.15486	0.05694	0.02960	0.02898	0.03330	0.02087	0.05779	0.00154	0.05676	0.00368	0.02099	0.04624

[dist]
# distance from previous block
# <min> <max>
1	21

[block]
# block no. 13 follows, 72 sequences, length 31
# corresponding to MSA columns:
# 602-632
name=unknown_N
#
# <colnr> <probs for GDERKNQSTAVLIFYWHMCP>
#	G	D	E	R	K	N	Q	S	T	A	V	L	I	F	Y	W	H	M	C	P
0	0.01916	0.08725	0.02975	0.03771	0.06903	0.11032	0.02359	0.08289	0.10335	0.02127	0.04531	0.07078	0.06875	0.02622	0.00421	0.00121	0.01335	0.06669	0.04235	0.07681
1	0.00700	0.05765	0.03744	0.03058	0.04202	0.04399	0.02351	0.04287	0.04738	0.02462	0.12690	0.21932	0.17462	0.00782	0.00453	0.00130	0.03366	0.04747	0.02329	0.00402
2	0.00841	0.01889	0.10393	0.05982	0.27309	0.00785	0.05628	0.06354	0.04595	0.03713	0.08829	0.07667	0.04599	0.02557	0.02756	0.00142	0.04748	0.00456	0.00254	0.00503
3	0.00968	0.03665	0.23767	0.01044	0.01373	0.08681	0.19872	0.09593	0.03902	0.05818	0.03819	0.03193	0.00789	0.02201	0.00473	0.00127	0.05886	0.01632	0.02683	0.00512
4	0.00711	0.00702	0.05676	0.08754	0.03992	0.00773	0.03579	0.00887	0.03138	0.01025	0.03525	0.02633	0.05994	0.06796	0.14692	0.00232	0.28846	0.00416	0.07230	0.00400
5	0.00591	0.00442	0.00619	0.00610	0.00674	0.00506	0.00469	0.03453	0.00660	0.00930	0.01099	0.01825	0.01087	0.15904	0.58740	0.00501	0.04381	0.06949	0.00224	0.00336
6	0.00524	0.00391	0.00475	0.00481	0.00557	0.00379	0.00344	0.00640	0.02670	0.02018	0.12287	0.16094	0.27405	0.16117	0.17626	0.00269	0.00394	0.00696	0.00311	0.00321
7	0.89350	0.00733	0.00557	0.00499	0.00733	0.00851	0.00411	0.01115	0.00645	0.01702	0.00528	0.00616	0.00411	0.00352	0.00235	0.00117	0.00293	0.00205	0.00235	0.00411
8	0.00921	0.03601	0.00795	0.00650	0.00792	0.02540	0.00488	0.27943	0.08708	0.01400	0.02091	0.02699	0.01072	0.35204	0.05949	0.00247	0.02537	0.01640	0.00293	0.00429
9	0.05030	0.02296	0.03008	0.00783	0.01013	0.19241	0.00626	0.26943	0.14524	0.04083	0.03776	0.02931	0.00884	0.07411	0.01745	0.00139	0.00438	0.00366	0.00307	0.04454
10	0.01310	0.12962	0.01213	0.00832	0.01121	0.04836	0.00694	0.56491	0.13378	0.02003	0.00934	0.00931	0.00690	0.00443	0.00360	0.00111	0.00410	0.00331	0.00342	0.00608
11	0.00846	0.00651	0.00759	0.00557	0.00864	0.00513	0.00444	0.03370	0.00828	0.06048	0.00784	0.00906	0.00636	0.02165	0.00324	0.00071	0.00281	0.00254	0.07346	0.72352
12	0.03741	0.02557	0.01391	0.02932	0.09755	0.05701	0.30150	0.07896	0.02732	0.03350	0.05512	0.07340	0.04907	0.00534	0.00440	0.00128	0.02270	0.07922	0.00263	0.00479
13	0.01967	0.38583	0.07298	0.08664	0.03971	0.03193	0.02990	0.04981	0.04271	0.03081	0.07329	0.03583	0.02164	0.00445	0.00384	0.00107	0.05951	0.00335	0.00222	0.00481
14	0.00913	0.03164	0.08963	0.00880	0.02850	0.07344	0.15729	0.03426	0.00831	0.12661	0.01953	0.06920	0.02488	0.12563	0.09039	0.06595	0.01588	0.01408	0.00254	0.00432
15	0.00752	0.00635	0.00752	0.00560	0.00857	0.00494	0.00442	0.00910	0.00763	0.01185	0.00749	0.02716	0.00662	0.03419	0.07149	0.00113	0.00341	0.00268	0.00226	0.77005
16	0.00945	0.05325	0.12706	0.00833	0.02935	0.04523	0.02404	0.15080	0.24134	0.04043	0.04587	0.12315	0.03370	0.00585	0.00412	0.00125	0.02205	0.02629	0.00318	0.00524
17	0.00857	0.02606	0.01897	0.25217	0.09100	0.09393	0.05930	0.05868	0.10343	0.01156	0.01000	0.11143	0.00908	0.00658	0.05120	0.00154	0.05113	0.02837	0.00240	0.00461
18	0.00542	0.00405	0.00603	0.00603	0.00669	0.00471	0.00466	0.00673	0.00608	0.00876	0.01022	0.01523	0.00962	0.05600	0.82432	0.00602	0.00995	0.00411	0.00204	0.00335
19	0.00597	0.01608	0.07307	0.00621	0.01949	0.03379	0.01472	0.03126	0.00816	0.01078	0.05497	0.38628	0.13192	0.06268	0.02337	0.00164	0.00311	0.08068	0.03224	0.00357
20	0.01038	0.03041	0.19953	0.10807	0.12036	0.07836	0.08143	0.10449	0.06139	0.10872	0.00875	0.02047	0.00657	0.00460	0.02192	0.00129	0.02187	0.00346	0.00248	0.00545
21	0.03828	0.03323	0.05668	0.00853	0.09634	0.00636	0.06624	0.07605	0.00944	0.15857	0.03747	0.09520	0.13894	0.00671	0.02752	0.00135	0.00355	0.04636	0.08842	0.00473
22	0.00634	0.00458	0.00528	0.00513	0.00635	0.00444	0.00391	0.00909	0.13478	0.05152	0.22884	0.11577	0.27812	0.00816	0.00431	0.00128	0.00223	0.05838	0.06759	0.00390
23	0.00938	0.15485	0.18720	0.11823	0.15307	0.06955	0.00921	0.09561	0.02884	0.02987	0.03353	0.07775	0.00804	0.00450	0.00360	0.00114	0.00453	0.00370	0.00226	0.00514
24	0.01057	0.09381	0.13980	0.04176	0.13095	0.05553	0.04688	0.17731	0.03757	0.08644	0.00961	0.01203	0.02430	0.04006	0.00468	0.00128	0.03494	0.04450	0.00263	0.00536
25	0.00467	0.00339	0.00443	0.00523	0.00557	0.00315	0.00358	0.00541	0.00745	0.00980	0.02239	0.75615	0.09577	0.01162	0.00483	0.00153	0.00223	0.04618	0.00352	0.00311
26	0.00531	0.00403	0.00479	0.00511	0.02624	0.00377	0.00357	0.00649	0.02700	0.02313	0.07903	0.17302	0.37484	0.12516	0.07166	0.00202	0.00300	0.04199	0.01656	0.00330
27	0.01069	0.23976	0.09558	0.04159	0.10446	0.17392	0.06073	0.08054	0.04773	0.03108	0.00718	0.02102	0.00591	0.00402	0.00396	0.00109	0.06048	0.00302	0.00212	0.00511
28	0.00908	0.00949	0.11982	0.01068	0.13797	0.03368	0.03201	0.13642	0.06656	0.03441	0.01082	0.03585	0.06551	0.03194	0.08519	0.00180	0.15517	0.00403	0.01459	0.00497
29	0.00597	0.00402	0.00555	0.00554	0.00613	0.00429	0.00408	0.00680	0.00660	0.04494	0.04800	0.09806	0.04924	0.16921	0.41300	0.07457	0.01855	0.02978	0.00250	0.00317
30	0.03327	0.09048	0.24774	0.01903	0.06808	0.12713	0.06617	0.05559	0.04648	0.06572	0.00947	0.01074	0.05051	0.03053	0.00457	0.02166	0.02937	0.00338	0.01503	0.00503

[dist]
# distance from previous block
# <min> <max>
1	14

[block]
# block no. 14 follows, 72 sequences, length 27
# corresponding to MSA columns:
# 648-674
name=unknown_O
#
# <colnr> <probs for GDERKNQSTAVLIFYWHMCP>
#	G	D	E	R	K	N	Q	S	T	A	V	L	I	F	Y	W	H	M	C	P
0	0.25034	0.03231	0.03467	0.03065	0.02759	0.13036	0.00609	0.07074	0.00883	0.02980	0.04321	0.01764	0.02787	0.04249	0.00475	0.00140	0.04472	0.18963	0.00269	0.00423
1	0.26206	0.00843	0.05012	0.00739	0.05558	0.11963	0.01799	0.04106	0.02324	0.02832	0.01431	0.08895	0.16302	0.00681	0.03766	0.00142	0.02902	0.02850	0.01230	0.00420
2	0.00889	0.07214	0.00952	0.03643	0.00999	0.02071	0.00584	0.07333	0.26091	0.01351	0.02726	0.01166	0.04915	0.00455	0.00429	0.00103	0.08854	0.00346	0.00282	0.29595
3	0.00780	0.00562	0.00662	0.00634	0.00756	0.00585	0.00472	0.17764	0.11827	0.04386	0.08840	0.46157	0.01980	0.00886	0.00443	0.00138	0.00273	0.02050	0.00372	0.00433
4	0.00488	0.00364	0.00439	0.00462	0.00534	0.00329	0.00326	0.00592	0.00853	0.01131	0.24917	0.32618	0.26949	0.05823	0.00541	0.00148	0.00208	0.00845	0.02112	0.00322
5	0.00481	0.00374	0.00437	0.00449	0.00541	0.00331	0.00329	0.00597	0.00898	0.01166	0.27946	0.21351	0.40516	0.00955	0.00457	0.00132	0.00197	0.02142	0.00372	0.00330
6	0.01331	0.01676	0.01044	0.05529	0.01217	0.76384	0.00728	0.01437	0.01047	0.00935	0.00753	0.00849	0.04640	0.00418	0.00349	0.00101	0.00650	0.00277	0.00202	0.00433
7	0.00764	0.00615	0.00690	0.00660	0.00802	0.00672	0.00503	0.05672	0.39709	0.01380	0.07694	0.19561	0.05905	0.05398	0.00510	0.00150	0.00284	0.08198	0.00367	0.00467
8	0.00786	0.00674	0.00786	0.00562	0.00899	0.00506	0.00449	0.00955	0.00786	0.01236	0.00674	0.00786	0.00562	0.00281	0.00281	0.00056	0.00281	0.00225	0.00225	0.88990
9	0.84600	0.00751	0.00589	0.00519	0.00757	0.00868	0.00427	0.05542	0.00707	0.01739	0.00549	0.00632	0.00423	0.00358	0.00243	0.00117	0.00300	0.00213	0.00243	0.00423
10	0.00691	0.00406	0.00528	0.00523	0.00536	0.04544	0.00356	0.00553	0.00528	0.00682	0.00671	0.01144	0.00663	0.01338	0.05044	0.80736	0.00377	0.00328	0.00168	0.00186
11	0.00526	0.00427	0.00465	0.00453	0.00575	0.00390	0.00339	0.02837	0.06328	0.01198	0.20417	0.09457	0.53431	0.00896	0.00445	0.00128	0.00204	0.00761	0.00369	0.00354
