[name]
unknown

[dist]
# distance from previous block
# <min> <max>
0	32

[block]
# block no. 0 follows, 74 sequences, length 84
# corresponding to MSA columns:
# 33-116
name=unknown_A
#
# <colnr> <probs for GDERKNQSTAVLIFYWHMCP>
#	G	D	E	R	K	N	Q	S	T	A	V	L	I	F	Y	W	H	M	C	P
0	0.03998	0.12945	0.08436	0.00777	0.02340	0.08398	0.00688	0.18260	0.04359	0.07347	0.03502	0.01837	0.03138	0.00584	0.00384	0.00123	0.00399	0.21705	0.00298	0.00483
1	0.08578	0.07298	0.20327	0.00888	0.02216	0.04254	0.07592	0.20684	0.07852	0.08248	0.02414	0.01034	0.00717	0.00418	0.00353	0.00113	0.00430	0.03075	0.00273	0.03236
2	0.05261	0.22585	0.30562	0.01099	0.11246	0.02865	0.00997	0.08470	0.02865	0.02192	0.00842	0.01029	0.00691	0.00460	0.00386	0.00131	0.00496	0.01522	0.00251	0.06050
3	0.00539	0.00363	0.00420	0.00420	0.00426	0.00368	0.00244	0.00550	0.00544	0.00731	0.01155	0.02350	0.01315	0.80097	0.08701	0.00379	0.00412	0.00528	0.00223	0.00234
4	0.01132	0.57222	0.01637	0.00740	0.01021	0.25009	0.00663	0.06946	0.00907	0.00985	0.00558	0.00637	0.00488	0.00345	0.00275	0.00086	0.00474	0.00219	0.00183	0.00474
5	0.00465	0.00392	0.00397	0.00390	0.00519	0.00335	0.00294	0.02561	0.00873	0.01047	0.05664	0.03487	0.80459	0.00924	0.00437	0.00125	0.00193	0.00770	0.00347	0.00322
6	0.00890	0.00799	0.01088	0.01363	0.35552	0.00861	0.00797	0.01527	0.43010	0.01407	0.07743	0.01302	0.01095	0.00452	0.00378	0.00119	0.00345	0.00403	0.00300	0.00569
7	0.02088	0.12491	0.34652	0.02057	0.08556	0.00924	0.15229	0.03083	0.04466	0.11769	0.00805	0.00897	0.00586	0.00362	0.00357	0.00113	0.00486	0.00317	0.00218	0.00545
8	0.00902	0.00728	0.00781	0.00710	0.00901	0.00826	0.00548	0.02665	0.68121	0.04640	0.02401	0.08342	0.01243	0.00554	0.00380	0.00125	0.00282	0.00468	0.04830	0.00552
9	0.00530	0.00398	0.00597	0.00597	0.00663	0.00464	0.00464	0.00663	0.00597	0.00862	0.00994	0.01458	0.00928	0.02784	0.85484	0.00597	0.00994	0.00398	0.00199	0.00331
10	0.00477	0.00353	0.00477	0.03005	0.00609	0.00348	0.00377	0.00553	0.00723	0.00972	0.06637	0.74811	0.02370	0.02948	0.00524	0.00153	0.03042	0.00977	0.00334	0.00309
11	0.02375	0.00912	0.01487	0.12988	0.54822	0.05373	0.11336	0.02151	0.00848	0.01173	0.00688	0.00917	0.00562	0.00345	0.00392	0.00114	0.02453	0.00337	0.00185	0.00539
12	0.00532	0.00362	0.00407	0.00407	0.00419	0.00359	0.00235	0.00542	0.00565	0.00745	0.01367	0.02494	0.07814	0.78197	0.03822	0.00347	0.00362	0.00555	0.00234	0.00234
13	0.00452	0.00323	0.00431	0.00517	0.00538	0.00301	0.00345	0.00517	0.00711	0.00948	0.02046	0.86713	0.02455	0.01163	0.00474	0.00151	0.00215	0.01055	0.00345	0.00301
14	0.00831	0.04975	0.56668	0.03790	0.10211	0.00880	0.04484	0.03178	0.00822	0.05049	0.00767	0.00888	0.02232	0.00377	0.00385	0.00117	0.03318	0.00304	0.00184	0.00540
15	0.00836	0.27013	0.49201	0.01002	0.01458	0.01052	0.12283	0.01158	0.00788	0.01088	0.00633	0.00758	0.00485	0.00337	0.00330	0.00107	0.00514	0.00274	0.00162	0.00521
16	0.00992	0.87178	0.01945	0.00635	0.00953	0.01469	0.00635	0.01111	0.00754	0.00873	0.00516	0.00595	0.00476	0.00318	0.00238	0.00079	0.00397	0.00198	0.00159	0.00476
17	0.01046	0.00855	0.02009	0.02622	0.12254	0.03354	0.08896	0.18850	0.04117	0.09426	0.00829	0.00910	0.00626	0.00355	0.00342	0.00093	0.00384	0.00306	0.00270	0.32454
18	0.00840	0.33291	0.51637	0.00919	0.01377	0.01088	0.03862	0.01152	0.00776	0.01065	0.00614	0.00722	0.00476	0.00338	0.00313	0.00104	0.00495	0.00252	0.00159	0.00520
19	0.00531	0.00395	0.00511	0.00574	0.00657	0.00375	0.00470	0.00663	0.00829	0.01061	0.03784	0.19074	0.22569	0.01025	0.00486	0.00155	0.00278	0.45892	0.00344	0.00328
20	0.00948	0.00810	0.00853	0.00760	0.00975	0.00935	0.00593	0.06062	0.79840	0.01592	0.01480	0.01360	0.01108	0.00501	0.00377	0.00125	0.00300	0.00415	0.00377	0.00590
21	0.00598	0.00427	0.00598	0.00684	0.00769	0.00427	0.00598	0.00769	0.00854	0.01111	0.01965	0.04187	0.02136	0.01025	0.00513	0.00171	0.00342	0.82141	0.00342	0.00342
22	0.00770	0.00660	0.00770	0.00550	0.00880	0.00495	0.00440	0.00935	0.00770	0.01210	0.00660	0.00770	0.00550	0.00275	0.00275	0.00055	0.00275	0.00220	0.00220	0.89224
23	0.00460	0.00377	0.00406	0.00399	0.00515	0.00323	0.00299	0.00575	0.00897	0.01124	0.23947	0.03372	0.64226	0.00895	0.00438	0.00123	0.00185	0.00755	0.00361	0.00323
24	0.03304	0.00633	0.00856	0.00657	0.00943	0.00551	0.00543	0.01796	0.01054	0.83346	0.01447	0.01251	0.00909	0.00457	0.00371	0.00115	0.00315	0.00370	0.00455	0.00627
25	0.01665	0.00632	0.00861	0.00660	0.00948	0.00546	0.00546	0.01809	0.01062	0.84897	0.01464	0.01263	0.00919	0.00459	0.00373	0.00115	0.00316	0.00373	0.00459	0.00632
26	0.00439	0.00376	0.00376	0.00376	0.00501	0.00313	0.00282	0.00533	0.00846	0.01003	0.03760	0.03572	0.84489	0.00940	0.00439	0.00125	0.00188	0.00783	0.00345	0.00313
27	0.00756	0.01843	0.78078	0.01100	0.01635	0.00868	0.08248	0.01177	0.00791	0.01177	0.00673	0.00802	0.00478	0.00349	0.00360	0.00118	0.00555	0.00288	0.00159	0.00545
28	0.01482	0.00903	0.01027	0.00790	0.01082	0.00952	0.00651	0.55371	0.03379	0.28827	0.01089	0.01022	0.00735	0.00451	0.00372	0.00113	0.00376	0.00349	0.00400	0.00630
29	0.00452	0.00323	0.00431	0.00517	0.00538	0.00301	0.00345	0.00517	0.00711	0.00948	0.02046	0.86713	0.02455	0.01163	0.00474	0.00151	0.00215	0.01055	0.00345	0.00301
30	0.00511	0.00375	0.00479	0.00461	0.00548	0.00343	0.00343	0.00670	0.01005	0.01399	0.70051	0.08931	0.11887	0.00807	0.00440	0.00120	0.00179	0.00711	0.00397	0.00343
31	0.00993	0.00853	0.03348	0.00857	0.01104	0.00903	0.10488	0.11184	0.53768	0.06185	0.03734	0.01350	0.01064	0.00484	0.00387	0.00124	0.00352	0.01896	0.00353	0.00572
32	0.00515	0.00372	0.00493	0.00568	0.00622	0.00357	0.00437	0.00622	0.00772	0.01007	0.02109	0.42159	0.08954	0.05398	0.00558	0.00167	0.00272	0.33969	0.00337	0.00315
33	0.00453	0.00325	0.00431	0.00512	0.00538	0.00303	0.00343	0.00521	0.00720	0.00959	0.03613	0.83124	0.04481	0.01150	0.00472	0.00149	0.00214	0.01041	0.00346	0.00303
34	0.02895	0.00786	0.01241	0.40932	0.29135	0.00875	0.02883	0.10302	0.02272	0.04053	0.00738	0.00963	0.00565	0.00369	0.00368	0.00117	0.00456	0.00333	0.00210	0.00506
35	0.00610	0.03410	0.02253	0.00547	0.00672	0.00492	0.02804	0.00855	0.10355	0.02893	0.39156	0.08351	0.17171	0.06177	0.00533	0.00137	0.02215	0.00637	0.00353	0.00378
36	0.00931	0.00873	0.02144	0.08187	0.53262	0.03232	0.00993	0.01260	0.13134	0.04030	0.00820	0.00988	0.00660	0.00391	0.00438	0.00118	0.07420	0.00342	0.00219	0.00556
37	0.01038	0.02349	0.09029	0.06363	0.02368	0.29155	0.36364	0.03843	0.02649	0.01116	0.00712	0.01964	0.00560	0.00362	0.00386	0.00114	0.00602	0.00351	0.00196	0.00480
38	0.00776	0.00665	0.00773	0.00558	0.00883	0.00512	0.00446	0.00977	0.04166	0.01224	0.00694	0.00795	0.00574	0.00284	0.00279	0.00058	0.00276	0.00228	0.00226	0.85606
39	0.06791	0.01073	0.10704	0.01010	0.09660	0.01033	0.03496	0.48383	0.09940	0.02904	0.00888	0.00923	0.00647	0.00419	0.00363	0.00114	0.00414	0.00331	0.00315	0.00594
40	0.00923	0.00797	0.00839	0.00755	0.00965	0.00923	0.00588	0.01972	0.83969	0.01553	0.01511	0.01385	0.01133	0.00504	0.00378	0.00126	0.00294	0.00420	0.00378	0.00588
41	0.01429	0.00956	0.01129	0.00859	0.01159	0.01017	0.05736	0.62004	0.01555	0.18820	0.00997	0.00973	0.00685	0.00440	0.00376	0.00113	0.00403	0.00348	0.00378	0.00623
42	0.01535	0.00766	0.00938	0.00726	0.01009	0.00755	0.00598	0.28784	0.03591	0.53362	0.01265	0.01148	0.00830	0.00508	0.02291	0.00125	0.00361	0.00362	0.00422	0.00624
43	0.00744	0.01920	0.85032	0.01058	0.01607	0.00862	0.01371	0.01176	0.00784	0.01176	0.00666	0.00784	0.00470	0.00353	0.00353	0.00118	0.00549	0.00274	0.00157	0.00549
44	0.00514	0.00367	0.00501	0.00583	0.00633	0.00354	0.00448	0.00625	0.00780	0.01031	0.04596	0.50440	0.02358	0.01094	0.00489	0.00158	0.00266	0.34098	0.00345	0.00319
45	0.00460	0.00390	0.00426	0.00421	0.00546	0.00333	0.01646	0.00566	0.00854	0.01030	0.06220	0.03550	0.74390	0.00930	0.00444	0.00128	0.00206	0.06795	0.00344	0.00320
46	0.01155	0.08198	0.04050	0.02976	0.13485	0.45255	0.05246	0.03123	0.07964	0.01073	0.02065	0.00892	0.00636	0.00394	0.00348	0.00104	0.00553	0.01791	0.00211	0.00479
47	0.00688	0.00524	0.00606	0.02167	0.00731	0.00540	0.00439	0.10180	0.17043	0.03079	0.11233	0.32548	0.17071	0.00839	0.00429	0.00132	0.00250	0.00730	0.00360	0.00411
48	0.00484	0.00376	0.00443	0.00462	0.00546	0.00344	0.00333	0.00627	0.04403	0.01119	0.21662	0.32149	0.33789	0.00957	0.00448	0.00132	0.00199	0.00836	0.00361	0.00329
49	0.04003	0.00996	0.03272	0.02663	0.42631	0.07819	0.09535	0.14838	0.03726	0.03812	0.00762	0.00913	0.00599	0.00370	0.00388	0.00113	0.02436	0.00333	0.00230	0.00561
50	0.11893	0.09745	0.06965	0.01076	0.18316	0.03861	0.01657	0.29103	0.01948	0.05184	0.00815	0.02769	0.00645	0.00438	0.01370	0.00116	0.00413	0.01219	0.01924	0.00545
51	0.03171	0.00955	0.00968	0.00772	0.01042	0.17973	0.01945	0.18620	0.01191	0.47805	0.01135	0.01049	0.00754	0.00436	0.00363	0.00110	0.00411	0.00336	0.00378	0.00584
52	0.00913	0.00653	0.00715	0.00626	0.00825	0.00685	0.00492	0.08453	0.37056	0.13464	0.05580	0.02027	0.25680	0.00631	0.00397	0.00123	0.00271	0.00523	0.00381	0.00507
53	0.02033	0.14682	0.24828	0.03472	0.13202	0.05978	0.07319	0.03521	0.05484	0.12067	0.00845	0.03506	0.00656	0.00393	0.00350	0.00111	0.00460	0.00328	0.00230	0.00534
54	0.00793	0.05245	0.36819	0.02819	0.07791	0.00840	0.02772	0.03131	0.21443	0.01261	0.02641	0.08462	0.03409	0.00483	0.00372	0.00121	0.00421	0.00407	0.00246	0.00524
55	0.00452	0.00323	0.00431	0.00517	0.00538	0.00301	0.00345	0.00517	0.00711	0.00948	0.02046	0.86713	0.02455	0.01163	0.00474	0.00151	0.00215	0.01055	0.00345	0.00301
56	0.00874	0.00791	0.01162	0.01566	0.47852	0.00822	0.00862	0.01333	0.26076	0.02349	0.05050	0.01355	0.07364	0.00451	0.00379	0.00117	0.00363	0.00409	0.00269	0.00556
57	0.02012	0.10716	0.14622	0.03035	0.12069	0.05460	0.07962	0.17011	0.14880	0.05218	0.00906	0.02929	0.00702	0.00411	0.00359	0.00113	0.00439	0.00344	0.00262	0.00551
58	0.08954	0.01032	0.01058	0.05107	0.01182	0.05924	0.00695	0.66558	0.02507	0.02121	0.00836	0.00864	0.00602	0.00430	0.00357	0.00112	0.00416	0.00318	0.00339	0.00589
59	0.00460	0.00377	0.00406	0.00398	0.00514	0.00322	0.00299	0.00574	0.00897	0.01123	0.23667	0.03375	0.64507	0.00895	0.00438	0.00123	0.00185	0.00756	0.00360	0.00322
60	0.00848	0.06726	0.00969	0.03512	0.06284	0.00662	0.02324	0.07841	0.00856	0.01272	0.00673	0.00789	0.00552	0.00300	0.00293	0.00069	0.00320	0.00243	0.00224	0.65244
61	0.01367	0.06045	0.01098	0.00938	0.01138	0.79716	0.00713	0.02950	0.01050	0.00933	0.00577	0.00670	0.00481	0.00380	0.00331	0.00095	0.00651	0.00239	0.00193	0.00436
62	0.01475	0.00993	0.01043	0.00812	0.01098	0.07834	0.00665	0.55614	0.01512	0.23615	0.01014	0.00970	0.00693	0.00444	0.00369	0.00111	0.00406	0.00337	0.00380	0.00615
63	0.00495	0.00404	0.00444	0.00446	0.00565	0.00363	0.00346	0.00659	0.05053	0.01118	0.15808	0.03414	0.57975	0.00901	0.00444	0.00130	0.00210	0.10533	0.00356	0.00336
64	0.01411	0.01040	0.01114	0.00854	0.01151	0.01151	0.00706	0.83402	0.01745	0.02339	0.00891	0.00891	0.00631	0.00446	0.00371	0.00111	0.00408	0.00334	0.00371	0.00631
65	0.00452	0.00323	0.00431	0.00517	0.00538	0.00301	0.00345	0.00517	0.00711	0.00948	0.02046	0.86713	0.02455	0.01163	0.00474	0.00151	0.00215	0.01055	0.00345	0.00301
66	0.01119	0.00894	0.01152	0.30468	0.06080	0.01015	0.02598	0.47239	0.02824	0.01759	0.00809	0.00938	0.00589	0.00412	0.00373	0.00116	0.00443	0.00336	0.00286	0.00550
67	0.01665	0.00632	0.00861	0.00660	0.00948	0.00546	0.00546	0.01809	0.01062	0.84897	0.01464	0.01263	0.00919	0.00459	0.00373	0.00115	0.00316	0.00373	0.00459	0.00632
68	0.89577	0.00718	0.00546	0.00488	0.00718	0.00833	0.00402	0.01091	0.00632	0.01665	0.00517	0.00603	0.00402	0.00345	0.00230	0.00115	0.00287	0.00201	0.00230	0.00402
69	0.00716	0.00369	0.00372	0.00363	0.00457	0.00373	0.00275	0.03648	0.00811	0.01416	0.01200	0.01367	0.00941	0.00433	0.00263	0.00087	0.00181	0.00346	0.86027	0.00356
70	0.00992	0.87178	0.01945	0.00635	0.00953	0.01469	0.00635	0.01111	0.00754	0.00873	0.00516	0.00595	0.00476	0.00318	0.00238	0.00079	0.00397	0.00198	0.00159	0.00476
71	0.00454	0.00349	0.00416	0.00463	0.00531	0.00312	0.00327	0.00537	0.00782	0.00994	0.05762	0.47794	0.35481	0.01054	0.00459	0.00140	0.00207	0.03281	0.00347	0.00309
72	0.00540	0.00360	0.00405	0.00405	0.00405	0.00360	0.00225	0.00540	0.00540	0.00720	0.01170	0.02429	0.01349	0.86955	0.01889	0.00360	0.00360	0.00540	0.00225	0.00225
73	0.00636	0.00482	0.00662	0.00694	0.00797	0.00499	0.02955	0.02768	0.09526	0.01148	0.01788	0.13133	0.01890	0.01096	0.07412	0.00196	0.00385	0.53229	0.00330	0.00373
74	0.00701	0.00660	0.01113	0.86063	0.02556	0.00825	0.01031	0.00948	0.00742	0.00948	0.00660	0.00990	0.00495	0.00371	0.00371	0.00124	0.00495	0.00330	0.00165	0.00412
75	0.00539	0.00362	0.00414	0.00414	0.00418	0.00365	0.00237	0.00546	0.00543	0.00727	0.01161	0.02380	0.01328	0.82728	0.06088	0.00372	0.00392	0.00533	0.00224	0.00230
76	0.00514	0.00379	0.00481	0.00455	0.00548	0.00346	0.00342	0.00679	0.01025	0.01427	0.74204	0.02874	0.13781	0.00782	0.00438	0.00118	0.00177	0.00686	0.00400	0.00346
77	0.00505	0.00378	0.00475	0.00525	0.00571	0.00371	0.00364	0.01435	0.04916	0.01003	0.04850	0.61335	0.10015	0.06643	0.00574	0.00160	0.02335	0.02888	0.00336	0.00320
78	0.00752	0.00712	0.01205	0.66467	0.21754	0.00838	0.01056	0.00993	0.00766	0.01010	0.00669	0.00973	0.00517	0.00362	0.00370	0.00121	0.00482	0.00330	0.00169	0.00453
79	0.01341	0.01667	0.01061	0.00954	0.01134	0.75833	0.00725	0.04116	0.01035	0.00954	0.00577	0.00688	0.00484	0.00406	0.00408	0.00102	0.07636	0.00249	0.00195	0.00435
80	0.00735	0.00616	0.00668	0.00639	0.00788	0.00677	0.00480	0.01393	0.50727	0.01315	0.01946	0.22875	0.12846	0.02001	0.00432	0.00135	0.00261	0.00629	0.00363	0.00474
81	0.00973	0.02633	0.01204	0.02654	0.02149	0.22258	0.08129	0.01163	0.07523	0.00982	0.00622	0.00841	0.00546	0.00525	0.00814	0.00136	0.45900	0.00319	0.00190	0.00439
82	0.05638	0.06302	0.08429	0.00612	0.02586	0.00499	0.00488	0.02698	0.00766	0.01067	0.04358	0.54809	0.07570	0.00919	0.00425	0.00136	0.00271	0.01761	0.00307	0.00359
83	0.00611	0.00521	0.00638	0.00629	0.00709	0.07401	0.00486	0.00769	0.03366	0.00890	0.01001	0.03351	0.00933	0.02476	0.73806	0.00530	0.00927	0.00401	0.00207	0.00347

[dist]
# distance from previous block
# <min> <max>
0	9

[block]
# block no. 1 follows, 74 sequences, length 59
# corresponding to MSA columns:
# 126-184
name=unknown_B
#
# <colnr> <probs for GDERKNQSTAVLIFYWHMCP>
#	G	D	E	R	K	N	Q	S	T	A	V	L	I	F	Y	W	H	M	C	P
0	0.38755	0.00850	0.00882	0.00778	0.05573	0.00953	0.01940	0.30044	0.06769	0.05667	0.00773	0.00820	0.00573	0.00407	0.00345	0.00116	0.03656	0.00286	0.00294	0.00518
1	0.01039	0.70036	0.04821	0.00696	0.01005	0.07806	0.00676	0.06780	0.00842	0.00988	0.00551	0.00632	0.00487	0.00339	0.00277	0.00086	0.02060	0.00216	0.00176	0.00485
2	0.00631	0.00329	0.00484	0.00484	0.00488	0.00333	0.00323	0.00497	0.00494	0.00662	0.00700	0.01236	0.00709	0.07245	0.06091	0.78249	0.00362	0.00341	0.00168	0.00175
3	0.00768	0.09879	0.77275	0.01018	0.01545	0.00919	0.01303	0.01170	0.00781	0.01147	0.00652	0.00766	0.00471	0.00349	0.00342	0.00114	0.00534	0.00267	0.00157	0.00542
4	0.01378	0.01005	0.01054	0.00831	0.01104	0.08459	0.02238	0.56148	0.04743	0.14168	0.01015	0.04412	0.00752	0.00471	0.00374	0.00113	0.00410	0.00366	0.00364	0.00596
5	0.00666	0.00356	0.00368	0.00366	0.00441	0.00356	0.00263	0.00825	0.01942	0.01291	0.04569	0.01597	0.01117	0.13466	0.00514	0.00129	0.00203	0.00389	0.70812	0.00331
6	0.00902	0.00839	0.01402	0.16680	0.58478	0.00872	0.04320	0.06590	0.00876	0.01221	0.00705	0.00940	0.00576	0.00379	0.00410	0.03292	0.00451	0.00335	0.00192	0.00542
7	0.03603	0.00905	0.02975	0.19086	0.21953	0.06654	0.23110	0.01186	0.09349	0.01166	0.00950	0.01128	0.05465	0.00392	0.00386	0.00119	0.00485	0.00383	0.00212	0.00495
8	0.00942	0.02858	0.01135	0.00963	0.01012	0.19702	0.00787	0.01028	0.00679	0.00896	0.00507	0.00776	0.00485	0.00584	0.01003	0.00146	0.65611	0.00303	0.00169	0.00413
9	0.00452	0.00323	0.00431	0.00517	0.00538	0.00301	0.00345	0.00517	0.00711	0.00948	0.02046	0.86713	0.02455	0.01163	0.00474	0.00151	0.00215	0.01055	0.00345	0.00301
10	0.00502	0.00385	0.00452	0.00437	0.00535	0.00348	0.00325	0.00649	0.02392	0.01245	0.44971	0.03056	0.34135	0.06738	0.00538	0.00138	0.00198	0.02253	0.00370	0.00332
11	0.00818	0.10683	0.66878	0.01073	0.05757	0.00916	0.03228	0.01192	0.00797	0.04362	0.00685	0.00795	0.00496	0.00351	0.00344	0.00113	0.00520	0.00277	0.00171	0.00545
12	0.01387	0.01769	0.01052	0.00956	0.01148	0.85465	0.00717	0.01482	0.01052	0.00908	0.00574	0.00669	0.00478	0.00383	0.00335	0.00096	0.00669	0.00239	0.00191	0.00430
13	0.89577	0.00718	0.00546	0.00488	0.00718	0.00833	0.00402	0.01091	0.00632	0.01665	0.00517	0.00603	0.00402	0.00345	0.00230	0.00115	0.00287	0.00201	0.00230	0.00402
14	0.02629	0.01169	0.19803	0.12791	0.04818	0.04321	0.44271	0.01153	0.00831	0.01144	0.00699	0.00923	0.00526	0.00343	0.00422	0.00122	0.02993	0.00368	0.00178	0.00495
15	0.00466	0.00339	0.00441	0.00518	0.00550	0.00320	0.00349	0.00561	0.03187	0.00968	0.02099	0.80824	0.05728	0.01134	0.00470	0.00149	0.00217	0.01025	0.00346	0.00310
16	0.00540	0.00360	0.00405	0.00405	0.00405	0.00360	0.00225	0.00540	0.00540	0.00720	0.01170	0.02429	0.01349	0.86955	0.01889	0.00360	0.00360	0.00540	0.00225	0.00225
17	0.00567	0.00381	0.00488	0.00479	0.00568	0.00346	0.00352	0.00704	0.00948	0.06356	0.50361	0.22071	0.13264	0.00856	0.00442	0.00126	0.00195	0.00756	0.00389	0.00351
18	0.01038	0.08380	0.19051	0.01088	0.02894	0.01024	0.23488	0.29798	0.04501	0.01571	0.00825	0.01982	0.00629	0.00396	0.00378	0.00116	0.00489	0.01543	0.00254	0.00554
19	0.00701	0.00660	0.01113	0.86063	0.02556	0.00825	0.01031	0.00948	0.00742	0.00948	0.00660	0.00990	0.00495	0.00371	0.00371	0.00124	0.00495	0.00330	0.00165	0.00412
20	0.01602	0.00733	0.00924	0.00709	0.00998	0.00697	0.00585	0.22153	0.01233	0.64313	0.01321	0.01171	0.00847	0.00456	0.00373	0.00114	0.00339	0.00364	0.00437	0.00632
21	0.00913	0.00881	0.01461	0.05202	0.77974	0.02605	0.01114	0.01130	0.00846	0.01195	0.00725	0.00995	0.00620	0.00350	0.00370	0.00112	0.00445	0.02303	0.00187	0.00573
22	0.00842	0.03397	0.32891	0.10741	0.09426	0.00795	0.07721	0.01204	0.08314	0.08656	0.01037	0.05450	0.03191	0.00460	0.00380	0.00122	0.00454	0.04173	0.00233	0.00513
23	0.01429	0.00992	0.01082	0.00832	0.01126	0.01083	0.00687	0.73315	0.03209	0.10992	0.00963	0.00939	0.00671	0.00448	0.00372	0.00112	0.00397	0.00340	0.00381	0.00630
24	0.00701	0.00660	0.01113	0.86063	0.02556	0.00825	0.01031	0.00948	0.00742	0.00948	0.00660	0.00990	0.00495	0.00371	0.00371	0.00124	0.00495	0.00330	0.00165	0.00412
25	0.00992	0.28406	0.16302	0.00878	0.04825	0.10835	0.05163	0.10010	0.03366	0.03964	0.00776	0.03676	0.00669	0.06373	0.02145	0.00130	0.00469	0.00317	0.00216	0.00490
26	0.00880	0.01725	0.04322	0.04247	0.60384	0.01819	0.01022	0.03353	0.03418	0.01207	0.00856	0.05296	0.00776	0.00436	0.00412	0.00119	0.03723	0.05250	0.00210	0.00544
27	0.00593	0.00466	0.00486	0.00450	0.00597	0.00427	0.00346	0.11312	0.00967	0.02967	0.04791	0.05844	0.67674	0.00870	0.00430	0.00124	0.00220	0.00723	0.00352	0.00362
28	0.02657	0.00634	0.00845	0.00652	0.00930	0.00560	0.00537	0.04283	0.01067	0.77991	0.01425	0.01249	0.00905	0.00457	0.00367	0.00114	0.00313	0.00369	0.04029	0.00617
29	0.00869	0.02434	0.38064	0.06946	0.21504	0.03020	0.13613	0.02430	0.02304	0.04249	0.00729	0.00887	0.00545	0.00351	0.00370	0.00116	0.00517	0.00321	0.00187	0.00543
30	0.00553	0.00475	0.00503	0.00528	0.03156	0.05688	0.00364	0.00642	0.00769	0.00955	0.06595	0.09906	0.37295	0.17327	0.11437	0.00229	0.00365	0.02604	0.00292	0.00316
31	0.89577	0.00718	0.00546	0.00488	0.00718	0.00833	0.00402	0.01091	0.00632	0.01665	0.00517	0.00603	0.00402	0.00345	0.00230	0.00115	0.00287	0.00201	0.00230	0.00402
32	0.00625	0.00448	0.00554	0.00566	0.01945	0.00444	0.00403	0.07122	0.06321	0.03840	0.18507	0.39481	0.09136	0.03400	0.03913	0.00158	0.00267	0.00773	0.01723	0.00371
33	0.00899	0.26364	0.01385	0.06472	0.07625	0.00922	0.10323	0.02935	0.00807	0.03693	0.00656	0.00790	0.00540	0.00323	0.00328	0.00085	0.02807	0.00265	0.00201	0.32579
34	0.00537	0.00359	0.00406	0.00408	0.00409	0.00358	0.00228	0.00539	0.00545	0.00726	0.01194	0.04803	0.01381	0.84538	0.01849	0.00354	0.00356	0.00554	0.00228	0.00227
35	0.00448	0.00377	0.00389	0.00388	0.00510	0.00318	0.00292	0.00549	0.00862	0.01041	0.09770	0.03523	0.77028	0.00928	0.00440	0.00125	0.00190	0.02156	0.00349	0.00317
36	0.01003	0.00848	0.01259	0.18484	0.34966	0.00912	0.03589	0.16700	0.11772	0.05461	0.00871	0.01007	0.00663	0.00388	0.00373	0.00116	0.00426	0.00348	0.00254	0.00560
37	0.00992	0.87178	0.01945	0.00635	0.00953	0.01469	0.00635	0.01111	0.00754	0.00873	0.00516	0.00595	0.00476	0.00318	0.00238	0.00079	0.00397	0.00198	0.00159	0.00476
38	0.16859	0.69169	0.01668	0.00618	0.00916	0.03848	0.00596	0.01119	0.00741	0.01016	0.00518	0.00599	0.00463	0.00324	0.00240	0.00086	0.00385	0.00200	0.00172	0.00462
39	0.00992	0.87178	0.01945	0.00635	0.00953	0.01469	0.00635	0.01111	0.00754	0.00873	0.00516	0.00595	0.00476	0.00318	0.00238	0.00079	0.00397	0.00198	0.00159	0.00476
40	0.00581	0.00484	0.00521	0.00499	0.00634	0.00478	0.00377	0.00937	0.22645	0.01224	0.16477	0.08059	0.44068	0.00810	0.00425	0.00126	0.00215	0.00686	0.00364	0.00391
41	0.00454	0.00377	0.00397	0.00392	0.00511	0.00320	0.00294	0.00562	0.00882	0.01088	0.17909	0.03432	0.70287	0.00908	0.00439	0.00124	0.00186	0.00764	0.00356	0.00320
42	0.00452	0.00323	0.00431	0.00517	0.00538	0.00301	0.00345	0.00517	0.00711	0.00948	0.02046	0.86713	0.02455	0.01163	0.00474	0.00151	0.00215	0.01055	0.00345	0.00301
43	0.00513	0.00378	0.00479	0.00456	0.00547	0.00345	0.00341	0.00675	0.01018	0.01416	0.72462	0.04195	0.14215	0.00789	0.00438	0.00118	0.00177	0.00692	0.00399	0.00345
44	0.00798	0.00793	0.01110	0.00957	0.00958	0.01105	0.00794	0.00879	0.00574	0.00895	0.00547	0.04111	0.00563	0.00669	0.01190	0.00162	0.82970	0.00353	0.00169	0.00402
45	0.39886	0.00889	0.00860	0.00690	0.00957	0.00997	0.00569	0.45476	0.01243	0.04081	0.00742	0.00775	0.00538	0.00402	0.00310	0.00113	0.00353	0.00277	0.00312	0.00531
46	0.00566	0.00424	0.00583	0.03083	0.00641	0.00469	0.02383	0.00638	0.00587	0.00811	0.01074	0.01984	0.01138	0.44782	0.31341	0.00414	0.05199	0.03380	0.00214	0.00289
47	0.01411	0.01040	0.01114	0.00854	0.01151	0.01151	0.00706	0.83402	0.01745	0.02339	0.00891	0.00891	0.00631	0.00446	0.00371	0.00111	0.00408	0.00334	0.00371	0.00631
48	0.00701	0.00660	0.01113	0.86063	0.02556	0.00825	0.01031	0.00948	0.00742	0.00948	0.00660	0.00990	0.00495	0.00371	0.00371	0.00124	0.00495	0.00330	0.00165	0.00412
49	0.01096	0.00590	0.00736	0.00615	0.00815	0.00573	0.00489	0.07007	0.14302	0.34213	0.33026	0.01832	0.01917	0.00579	0.00398	0.00117	0.00265	0.00491	0.00421	0.00517
50	0.00523	0.00377	0.00494	0.00469	0.00554	0.00348	0.00350	0.00693	0.01038	0.01468	0.81279	0.05997	0.03462	0.00774	0.00439	0.00118	0.00177	0.00686	0.00406	0.00348
51	0.01808	0.00466	0.00585	0.00569	0.00636	0.00515	0.00419	0.02653	0.07335	0.02871	0.02321	0.16998	0.07021	0.19447	0.22771	0.00302	0.08076	0.01273	0.03589	0.00345
52	0.01210	0.01054	0.03007	0.01017	0.01302	0.09199	0.20243	0.37397	0.07661	0.07467	0.00891	0.00967	0.00655	0.01198	0.00442	0.00119	0.04950	0.00359	0.00300	0.00560
53	0.00460	0.00329	0.00439	0.00520	0.00547	0.00308	0.00353	0.00533	0.00730	0.00976	0.05499	0.80434	0.02488	0.01141	0.00474	0.00150	0.00218	0.03749	0.00347	0.00305
54	0.00455	0.00324	0.00430	0.00514	0.00534	0.00303	0.00341	0.00518	0.00706	0.00941	0.02020	0.84218	0.02422	0.03703	0.00516	0.00157	0.00220	0.01040	0.00341	0.00299
55	0.00901	0.00802	0.05916	0.00814	0.07058	0.06348	0.01360	0.23429	0.05571	0.03802	0.08988	0.24385	0.04562	0.03757	0.00459	0.00132	0.00346	0.00580	0.00324	0.00465
56	0.00791	0.00785	0.02214	0.03598	0.20043	0.04927	0.00811	0.00922	0.00683	0.00977	0.00760	0.07278	0.00748	0.00883	0.12137	0.00203	0.39495	0.02124	0.00191	0.00432
57	0.01644	0.00646	0.00868	0.00668	0.00954	0.00570	0.00551	0.04111	0.02695	0.80949	0.01449	0.01255	0.00915	0.00460	0.00373	0.00115	0.00318	0.00373	0.00455	0.00631
58	0.01282	0.00733	0.01013	0.07794	0.20479	0.04086	0.00715	0.05692	0.00994	0.43263	0.03664	0.04245	0.00920	0.02909	0.00419	0.00122	0.00372	0.00391	0.00344	0.00564

[dist]
# distance from previous block
# <min> <max>
0	2

[block]
# block no. 2 follows, 74 sequences, length 17
# corresponding to MSA columns:
# 187-203
name=unknown_C
#
# <colnr> <probs for GDERKNQSTAVLIFYWHMCP>
#	G	D	E	R	K	N	Q	S	T	A	V	L	I	F	Y	W	H	M	C	P
0	0.01005	0.11004	0.33902	0.03872	0.06739	0.12334	0.07536	0.16890	0.01010	0.01324	0.00689	0.00801	0.00518	0.00367	0.00349	0.00110	0.00519	0.00291	0.00207	0.00535
1	0.00950	0.08021	0.06034	0.10911	0.47174	0.09068	0.07497	0.03873	0.00875	0.01161	0.00676	0.00874	0.00551	0.00343	0.00359	0.00109	0.00484	0.00317	0.00185	0.00537
2	0.00663	0.00586	0.00717	0.02399	0.13455	0.07010	0.00516	0.00739	0.00689	0.00907	0.01266	0.29951	0.01433	0.28304	0.00972	0.00208	0.08963	0.00631	0.00249	0.00343
3	0.00538	0.00452	0.00558	0.00641	0.10150	0.00416	0.00414	0.00710	0.04960	0.01162	0.21690	0.07601	0.47704	0.00820	0.00429	0.00123	0.00221	0.00703	0.00343	0.00366
4	0.00701	0.00660	0.01113	0.86063	0.02556	0.00825	0.01031	0.00948	0.00742	0.00948	0.00660	0.00990	0.00495	0.00371	0.00371	0.00124	0.00495	0.00330	0.00165	0.00412
5	0.00540	0.00360	0.00405	0.00405	0.00405	0.00360	0.00225	0.00540	0.00540	0.00720	0.01170	0.02429	0.01349	0.86955	0.01889	0.00360	0.00360	0.00540	0.00225	0.00225
6	0.00795	0.00754	0.01288	0.55146	0.24804	0.00858	0.06228	0.03727	0.00812	0.01081	0.00684	0.00968	0.00529	0.00359	0.00374	0.00120	0.00486	0.00337	0.00178	0.00473
7	0.00631	0.00384	0.00477	0.00446	0.00544	0.00360	0.00337	0.00803	0.00981	0.05992	0.58303	0.02330	0.02699	0.00658	0.00388	0.00109	0.00182	0.00571	0.23442	0.00364
8	0.00501	0.00375	0.00457	0.00474	0.01865	0.00352	0.00324	0.00597	0.00797	0.01060	0.25112	0.15391	0.24030	0.20321	0.06511	0.00211	0.00286	0.00705	0.00323	0.00308
9	0.00531	0.00376	0.00466	0.00444	0.00536	0.00345	0.00333	0.00695	0.00998	0.01417	0.66177	0.02738	0.13465	0.00750	0.00421	0.00115	0.00177	0.00654	0.09018	0.00345
10	0.00979	0.00825	0.00871	0.00767	0.00986	0.00949	0.00601	0.11274	0.74576	0.01643	0.01440	0.01328	0.01076	0.00497	0.00377	0.00124	0.00307	0.00410	0.00377	0.00593
11	0.00744	0.01920	0.85032	0.01058	0.01607	0.00862	0.01371	0.01176	0.00784	0.01176	0.00666	0.00784	0.00470	0.00353	0.00353	0.00118	0.00549	0.00274	0.00157	0.00549
12	0.11551	0.00794	0.00906	0.00710	0.00984	0.00816	0.00584	0.33970	0.02686	0.37995	0.01139	0.02998	0.00785	0.00457	0.00357	0.00114	0.00344	0.00354	0.01863	0.00592
13	0.00754	0.00680	0.01128	0.77378	0.06942	0.00828	0.01017	0.02857	0.00779	0.03152	0.00688	0.00991	0.00514	0.00373	0.00371	0.00122	0.00485	0.00331	0.00178	0.00432
14	0.00759	0.00646	0.00755	0.00551	0.00862	0.00498	0.00439	0.00951	0.03244	0.01237	0.05913	0.00913	0.00751	0.00312	0.00288	0.00061	0.00269	0.00254	0.00236	0.81062
15	0.02517	0.05517	0.00926	0.00739	0.00964	0.00954	0.00593	0.22103	0.49198	0.01683	0.03469	0.01245	0.01009	0.00554	0.03125	0.00133	0.00343	0.00386	0.03978	0.00565
16	0.16436	0.08766	0.11645	0.00999	0.11372	0.16321	0.07719	0.06409	0.00885	0.05352	0.00763	0.01896	0.01480	0.03701	0.00389	0.00117	0.00456	0.01247	0.01200	0.02849

[dist]
# distance from previous block
# <min> <max>
0	4

[block]
# block no. 3 follows, 74 sequences, length 72
# corresponding to MSA columns:
# 209-280
name=unknown_D
#
# <colnr> <probs for GDERKNQSTAVLIFYWHMCP>
#	G	D	E	R	K	N	Q	S	T	A	V	L	I	F	Y	W	H	M	C	P
0	0.09577	0.02412	0.08607	0.01367	0.16018	0.10353	0.34256	0.02139	0.08245	0.01244	0.00773	0.01949	0.00607	0.00359	0.00378	0.00117	0.00519	0.00361	0.00209	0.00509
1	0.82070	0.00739	0.00594	0.01891	0.00777	0.00855	0.00433	0.06762	0.00710	0.01700	0.00545	0.00629	0.00419	0.00352	0.00242	0.00115	0.00299	0.00212	0.00238	0.00418
2	0.00731	0.03930	0.05500	0.04072	0.11329	0.02231	0.06975	0.03160	0.03480	0.05533	0.07151	0.08470	0.17704	0.02901	0.13137	0.00198	0.00447	0.02354	0.00273	0.00424
3	0.00811	0.02354	0.03612	0.06140	0.07040	0.03404	0.26080	0.03889	0.03978	0.04391	0.02815	0.12933	0.06854	0.00682	0.05314	0.00155	0.07586	0.01264	0.00246	0.00451
4	0.00644	0.00443	0.00575	0.00620	0.00712	0.00441	0.00500	0.02375	0.07110	0.05259	0.01971	0.26290	0.06097	0.02348	0.00496	0.00157	0.00293	0.41375	0.01929	0.00366
5	0.01112	0.00509	0.00701	0.00602	0.00778	0.00480	0.00476	0.01244	0.00876	0.44155	0.06779	0.07915	0.01223	0.04459	0.24693	0.00264	0.00491	0.00457	0.02305	0.00481
6	0.01017	0.08900	0.09481	0.06765	0.32359	0.09821	0.05316	0.08768	0.01784	0.06396	0.00747	0.00901	0.00589	0.00457	0.03583	0.00128	0.01924	0.00316	0.00215	0.00536
7	0.00832	0.00642	0.05514	0.00900	0.13687	0.00576	0.02420	0.05359	0.04738	0.14348	0.03827	0.30612	0.04739	0.03215	0.01348	0.00143	0.02027	0.04303	0.00320	0.00450
8	0.00457	0.00325	0.00429	0.00511	0.00532	0.00304	0.00339	0.00518	0.00702	0.00936	0.02002	0.82545	0.02400	0.05405	0.00544	0.00161	0.00222	0.01030	0.00339	0.00298
9	0.00790	0.00807	0.05396	0.47828	0.15861	0.00841	0.13830	0.01042	0.00792	0.03384	0.01837	0.01033	0.01777	0.00378	0.00405	0.00122	0.02871	0.00356	0.00185	0.00465
10	0.02156	0.07603	0.44744	0.01190	0.14479	0.03054	0.06662	0.03895	0.02489	0.07813	0.00770	0.02171	0.00579	0.00372	0.00355	0.00114	0.00492	0.00311	0.00203	0.00547
11	0.01027	0.00870	0.07734	0.04679	0.29876	0.05203	0.01710	0.03760	0.00883	0.19414	0.01040	0.11184	0.01706	0.00501	0.00451	0.00121	0.07667	0.00422	0.01227	0.00525
12	0.63168	0.15821	0.01868	0.00596	0.02224	0.09098	0.00497	0.01134	0.00699	0.01442	0.00527	0.00616	0.00426	0.00343	0.00245	0.00107	0.00349	0.00207	0.00212	0.00422
13	0.00444	0.00376	0.00384	0.00382	0.00505	0.00316	0.00286	0.00543	0.00859	0.01033	0.08824	0.03522	0.79406	0.00929	0.00439	0.00125	0.00187	0.00776	0.00349	0.00316
14	0.00756	0.00645	0.00769	0.00572	0.00863	0.00523	0.00458	0.01984	0.00768	0.01192	0.02517	0.00869	0.00642	0.00492	0.06750	0.00102	0.03678	0.00249	0.00222	0.75949
15	0.00704	0.00466	0.00569	0.00515	0.00638	0.00458	0.00395	0.04259	0.10045	0.07526	0.57345	0.02292	0.02675	0.00663	0.00405	0.00114	0.00207	0.00575	0.09743	0.00407
16	0.01053	0.01986	0.14517	0.02577	0.12161	0.11378	0.00781	0.11810	0.16704	0.10491	0.01089	0.01120	0.03596	0.00433	0.00355	0.00111	0.00408	0.00348	0.08546	0.00536
17	0.00517	0.00371	0.00498	0.00559	0.00617	0.00354	0.00428	0.00637	0.00822	0.01100	0.17203	0.40058	0.04144	0.02587	0.00505	0.00155	0.00253	0.28517	0.00353	0.00323
18	0.00452	0.00376	0.00395	0.00391	0.00510	0.00319	0.00293	0.00558	0.00875	0.01075	0.15800	0.04484	0.71365	0.00916	0.00439	0.00124	0.00186	0.00770	0.00354	0.00319
19	0.00675	0.00514	0.00639	0.00563	0.00688	0.01794	0.00437	0.04039	0.02810	0.04436	0.52309	0.04746	0.02463	0.00748	0.03690	0.00132	0.07732	0.00554	0.00352	0.10679
20	0.00992	0.87178	0.01945	0.00635	0.00953	0.01469	0.00635	0.01111	0.00754	0.00873	0.00516	0.00595	0.00476	0.00318	0.00238	0.00079	0.00397	0.00198	0.00159	0.00476
21	0.05748	0.01125	0.01035	0.00839	0.01102	0.17366	0.00675	0.51900	0.10947	0.04238	0.00898	0.00901	0.00656	0.00435	0.00358	0.00110	0.00437	0.00320	0.00333	0.00576
22	0.03405	0.00769	0.04192	0.00790	0.01090	0.00685	0.09060	0.11446	0.03409	0.57534	0.01283	0.01219	0.00849	0.00448	0.00379	0.00117	0.00367	0.01953	0.00400	0.00603
23	0.00539	0.00384	0.00495	0.00467	0.00561	0.00352	0.00353	0.00707	0.01032	0.02790	0.75416	0.02836	0.09549	0.00773	0.00438	0.00118	0.00182	0.02253	0.00403	0.00352
24	0.79451	0.00784	0.00582	0.00523	0.00744	0.07203	0.00424	0.01105	0.00680	0.01601	0.03790	0.00692	0.00528	0.00364	0.00246	0.00113	0.00312	0.00222	0.00234	0.00402
25	0.00886	0.00631	0.00758	0.00662	0.00808	0.00697	0.00515	0.27997	0.06047	0.03949	0.01024	0.02725	0.00901	0.11742	0.33470	0.05467	0.00611	0.00401	0.00278	0.00432
26	0.00569	0.00410	0.01442	0.00455	0.00569	0.00357	0.00350	0.00711	0.00950	0.06089	0.44728	0.02935	0.30630	0.04053	0.00487	0.00130	0.00203	0.02770	0.01808	0.00351
27	0.00461	0.00368	0.00417	0.00447	0.00540	0.00323	0.00333	0.00558	0.00817	0.01013	0.05293	0.25100	0.52510	0.01002	0.00455	0.00136	0.00211	0.09355	0.00346	0.00314
28	0.00921	0.20367	0.01340	0.00902	0.01030	0.11070	0.04583	0.01027	0.00691	0.00920	0.00525	0.00753	0.00490	0.00509	0.00811	0.00129	0.48655	0.00286	0.00169	0.04821
29	0.00917	0.00915	0.02836	0.06524	0.74727	0.03263	0.03103	0.01141	0.00845	0.01189	0.00693	0.00915	0.00578	0.00334	0.00368	0.00111	0.00456	0.00330	0.00183	0.00572
30	0.00518	0.00385	0.00483	0.00457	0.00553	0.00353	0.00343	0.00694	0.02253	0.01415	0.70925	0.02874	0.15798	0.00783	0.00437	0.00118	0.00179	0.00685	0.00398	0.00348
31	0.01027	0.73443	0.01807	0.00686	0.00975	0.09390	0.00653	0.02462	0.00789	0.00901	0.00526	0.00618	0.00480	0.00342	0.00298	0.00086	0.04669	0.00211	0.00165	0.00471
32	0.00911	0.00926	0.05061	0.02226	0.81106	0.00881	0.01149	0.01141	0.00843	0.01211	0.00697	0.00913	0.00583	0.00332	0.00367	0.00111	0.00446	0.00328	0.00183	0.00586
33	0.00501	0.00378	0.00462	0.00441	0.00539	0.00340	0.00331	0.00652	0.00992	0.01350	0.61365	0.03001	0.26668	0.00811	0.00438	0.00119	0.00179	0.00703	0.00390	0.00340
34	0.00512	0.00354	0.00419	0.00446	0.00465	0.00344	0.00279	0.00544	0.00622	0.00819	0.01621	0.25163	0.07396	0.53925	0.01344	0.00279	0.00308	0.04631	0.00271	0.00257
35	0.00534	0.00380	0.00496	0.00484	0.00568	0.00354	0.00368	0.00703	0.01007	0.01425	0.70306	0.06996	0.03242	0.00790	0.00440	0.00122	0.00191	0.07702	0.03544	0.00347
36	0.89577	0.00718	0.00546	0.00488	0.00718	0.00833	0.00402	0.01091	0.00632	0.01665	0.00517	0.00603	0.00402	0.00345	0.00230	0.00115	0.00287	0.00201	0.00230	0.00402
37	0.01665	0.00632	0.00861	0.00660	0.00948	0.00546	0.00546	0.01809	0.01062	0.84897	0.01464	0.01263	0.00919	0.00459	0.00373	0.00115	0.00316	0.00373	0.00459	0.00632
38	0.00744	0.01920	0.85032	0.01058	0.01607	0.00862	0.01371	0.01176	0.00784	0.01176	0.00666	0.00784	0.00470	0.00353	0.00353	0.00118	0.00549	0.00274	0.00157	0.00549
39	0.89577	0.00718	0.00546	0.00488	0.00718	0.00833	0.00402	0.01091	0.00632	0.01665	0.00517	0.00603	0.00402	0.00345	0.00230	0.00115	0.00287	0.00201	0.00230	0.00402
40	0.00525	0.00379	0.00496	0.00467	0.00555	0.00350	0.00350	0.00700	0.01051	0.01488	0.84444	0.02773	0.03502	0.00759	0.00438	0.00117	0.00175	0.00671	0.00409	0.00350
41	0.01466	0.00675	0.00857	0.00680	0.00943	0.00640	0.00554	0.10096	0.11543	0.60257	0.04512	0.03961	0.01060	0.00497	0.00379	0.00117	0.00314	0.00407	0.00435	0.00605
42	0.00744	0.01920	0.85032	0.01058	0.01607	0.00862	0.01371	0.01176	0.00784	0.01176	0.00666	0.00784	0.00470	0.00353	0.00353	0.00118	0.00549	0.00274	0.00157	0.00549
43	0.01396	0.01032	0.01105	0.00851	0.01145	0.01144	0.00702	0.80863	0.04309	0.02315	0.00910	0.00907	0.00647	0.00447	0.00372	0.00112	0.00405	0.00337	0.00372	0.00630
44	0.89577	0.00718	0.00546	0.00488	0.00718	0.00833	0.00402	0.01091	0.00632	0.01665	0.00517	0.00603	0.00402	0.00345	0.00230	0.00115	0.00287	0.00201	0.00230	0.00402
45	0.89577	0.00718	0.00546	0.00488	0.00718	0.00833	0.00402	0.01091	0.00632	0.01665	0.00517	0.00603	0.00402	0.00345	0.00230	0.00115	0.00287	0.00201	0.00230	0.00402
46	0.00485	0.00375	0.00411	0.00402	0.00513	0.00327	0.00301	0.00610	0.00904	0.01182	0.28498	0.03160	0.53158	0.00846	0.00425	0.00120	0.00183	0.00716	0.07059	0.00327
47	0.00444	0.00376	0.00382	0.00381	0.00503	0.00316	0.00285	0.00541	0.00852	0.01023	0.07676	0.03517	0.79354	0.02139	0.00459	0.00128	0.00190	0.00774	0.00346	0.00314
48	0.01387	0.01769	0.01052	0.00956	0.01148	0.85465	0.00717	0.01482	0.01052	0.00908	0.00574	0.00669	0.00478	0.00383	0.00335	0.00096	0.00669	0.00239	0.00191	0.00430
49	0.00652	0.00635	0.03215	0.05060	0.00929	0.00741	0.04711	0.00762	0.00672	0.00954	0.03126	0.29394	0.05595	0.00881	0.04091	0.00167	0.37198	0.00605	0.00240	0.00371
50	0.00497	0.00396	0.00440	0.00422	0.00539	0.00350	0.00319	0.02901	0.00945	0.01216	0.32950	0.03208	0.52775	0.00861	0.00436	0.00122	0.00189	0.00730	0.00369	0.00336
51	0.89577	0.00718	0.00546	0.00488	0.00718	0.00833	0.00402	0.01091	0.00632	0.01665	0.00517	0.00603	0.00402	0.00345	0.00230	0.00115	0.00287	0.00201	0.00230	0.00402
52	0.01092	0.00881	0.00935	0.00790	0.01030	0.01002	0.00628	0.30209	0.55457	0.01825	0.01296	0.01214	0.00959	0.00483	0.00375	0.00121	0.00334	0.00390	0.00375	0.00603
53	0.00701	0.00502	0.00669	0.00627	0.00733	0.01606	0.00493	0.11062	0.00770	0.04338	0.01002	0.01367	0.00886	0.02291	0.67555	0.00493	0.00862	0.00385	0.03274	0.00382
54	0.01046	0.00987	0.01703	0.01249	0.01582	0.00995	0.48521	0.28209	0.07232	0.01589	0.00912	0.01044	0.02276	0.00383	0.00412	0.00121	0.00522	0.00409	0.00265	0.00546
55	0.00464	0.00377	0.00412	0.00411	0.00524	0.00325	0.00310	0.00577	0.00886	0.01109	0.20928	0.05934	0.61553	0.00911	0.00442	0.00126	0.00192	0.03838	0.00358	0.00322
56	0.69862	0.00681	0.00580	0.00507	0.00731	0.00760	0.00415	0.02465	0.00726	0.11232	0.04811	0.00824	0.00642	0.00384	0.00260	0.00114	0.00282	0.00252	0.04046	0.00427
57	0.00594	0.00383	0.00476	0.00461	0.00555	0.00355	0.00349	0.00752	0.00954	0.04923	0.50021	0.08493	0.09570	0.00747	0.00411	0.00117	0.00193	0.04667	0.15625	0.00355
58	0.00458	0.00327	0.00437	0.00523	0.00547	0.00306	0.00354	0.00527	0.00716	0.00954	0.02043	0.83499	0.02443	0.01158	0.00475	0.00152	0.00220	0.04213	0.00344	0.00303
59	0.01665	0.00632	0.00861	0.00660	0.00948	0.00546	0.00546	0.01809	0.01062	0.84897	0.01464	0.01263	0.00919	0.00459	0.00373	0.00115	0.00316	0.00373	0.00459	0.00632
60	0.00886	0.00901	0.03835	0.07400	0.61959	0.00906	0.08576	0.01110	0.00815	0.01164	0.00680	0.00917	0.00567	0.00361	0.00451	0.00117	0.08283	0.00338	0.00180	0.00551
61	0.04652	0.02955	0.07362	0.00889	0.02052	0.44506	0.04777	0.03030	0.06386	0.10236	0.07366	0.01025	0.02306	0.00430	0.00353	0.00106	0.00520	0.00322	0.00254	0.00472
62	0.01452	0.00872	0.00939	0.00840	0.07291	0.15220	0.00619	0.08098	0.04757	0.49752	0.01196	0.01169	0.00826	0.04714	0.00441	0.00124	0.00395	0.00354	0.00370	0.00572
63	0.05897	0.01390	0.01083	0.17498	0.09609	0.54418	0.00805	0.01311	0.00939	0.00986	0.00598	0.00755	0.00488	0.00379	0.00359	0.00105	0.02487	0.00265	0.00187	0.00440
64	0.00874	0.00835	0.01403	0.03525	0.76023	0.00832	0.01064	0.01084	0.00844	0.01190	0.00961	0.01148	0.07801	0.00384	0.00374	0.00112	0.00420	0.00370	0.00197	0.00561
65	0.00767	0.00660	0.00783	0.03777	0.00943	0.00507	0.00462	0.00935	0.00769	0.01200	0.00660	0.00778	0.00548	0.00279	0.00279	0.00058	0.00283	0.00224	0.00218	0.85872
66	0.00523	0.00355	0.00418	0.00430	0.00442	0.00349	0.00258	0.00550	0.00617	0.00831	0.08987	0.17427	0.01744	0.63791	0.01504	0.00300	0.00317	0.00643	0.00263	0.00250
67	0.00531	0.00395	0.00584	0.00584	0.00645	0.00457	0.00448	0.00655	0.00593	0.00852	0.01006	0.01524	0.00956	0.08445	0.79862	0.00581	0.00952	0.00407	0.00201	0.00324
68	0.00574	0.00390	0.00512	0.00475	0.00571	0.00359	0.00359	0.00748	0.01051	0.05038	0.80913	0.02708	0.03392	0.00746	0.00435	0.00117	0.00181	0.00659	0.00411	0.00362
69	0.00566	0.00387	0.00505	0.00475	0.00568	0.00355	0.00356	0.00732	0.01029	0.04842	0.74983	0.06882	0.05365	0.00771	0.00437	0.00119	0.00183	0.00681	0.00406	0.00358
70	0.01334	0.00820	0.00936	0.00755	0.01020	0.00869	0.00612	0.28396	0.29073	0.30116	0.01294	0.01183	0.00897	0.00470	0.00374	0.00117	0.00339	0.00376	0.00403	0.00617
71	0.00744	0.01920	0.85032	0.01058	0.01607	0.00862	0.01371	0.01176	0.00784	0.01176	0.00666	0.00784	0.00470	0.00353	0.00353	0.00118	0.00549	0.00274	0.00157	0.00549

[dist]
# distance from previous block
# <min> <max>
0	4

[block]
# block no. 4 follows, 74 sequences, length 18
# corresponding to MSA columns:
# 285-302
name=unknown_E
#
# <colnr> <probs for GDERKNQSTAVLIFYWHMCP>
#	G	D	E	R	K	N	Q	S	T	A	V	L	I	F	Y	W	H	M	C	P
0	0.01361	0.00991	0.01060	0.00819	0.01101	0.01095	0.00674	0.77653	0.01678	0.02273	0.00913	0.00925	0.00654	0.00445	0.00364	0.00110	0.00392	0.00335	0.06545	0.00611
1	0.00815	0.00819	0.01177	0.00997	0.01011	0.01129	0.03950	0.00905	0.00580	0.00905	0.00497	0.00819	0.00490	0.00637	0.01188	0.00161	0.83017	0.00329	0.00163	0.00410
2	0.00919	0.00882	0.01507	0.02278	0.84640	0.00882	0.01139	0.01139	0.00845	0.01213	0.00698	0.00919	0.00588	0.00331	0.00367	0.00110	0.00441	0.00331	0.00184	0.00588
3	0.00540	0.00360	0.00405	0.00405	0.00405	0.00360	0.00225	0.00540	0.00540	0.00720	0.01170	0.02429	0.01349	0.86955	0.01889	0.00360	0.00360	0.00540	0.00225	0.00225
4	0.00525	0.00379	0.00496	0.00467	0.00555	0.00350	0.00350	0.00700	0.01051	0.01488	0.84444	0.02773	0.03502	0.00759	0.00438	0.00117	0.00175	0.00671	0.00409	0.00350
