[name]
unknown

[dist]
# distance from previous block
# <min> <max>
0	24

[block]
# block no. 0 follows, 72 sequences, length 40
# corresponding to MSA columns:
# 24-63
name=unknown_A
#
# <colnr> <probs for GDERKNQSTAVLIFYWHMCP>
#	G	D	E	R	K	N	Q	S	T	A	V	L	I	F	Y	W	H	M	C	P
0	0.01163	0.12386	0.09097	0.00819	0.01107	0.04561	0.00727	0.37242	0.14736	0.04751	0.01055	0.05560	0.00856	0.00499	0.00371	0.00117	0.00405	0.03656	0.00324	0.00571
1	0.00542	0.00415	0.00573	0.00604	0.00650	0.00424	0.02685	0.03915	0.00763	0.01031	0.02944	0.69376	0.02181	0.01192	0.05375	0.00178	0.05547	0.00941	0.00330	0.00336
2	0.00929	0.00891	0.01522	0.06009	0.80702	0.00899	0.01159	0.01155	0.00859	0.01227	0.00712	0.00942	0.00597	0.00340	0.00376	0.00113	0.00453	0.00338	0.00187	0.00593
3	0.02885	0.03187	0.33248	0.05479	0.01597	0.00946	0.19692	0.01275	0.06095	0.04850	0.00998	0.07115	0.00837	0.00573	0.01856	0.00159	0.07944	0.00437	0.00256	0.00573
4	0.00766	0.00735	0.04550	0.51414	0.03139	0.00781	0.11813	0.01040	0.04251	0.04866	0.00947	0.12269	0.00826	0.00486	0.00402	0.00129	0.00470	0.00453	0.00219	0.00444
5	0.00929	0.00893	0.01514	0.04203	0.78936	0.00911	0.01147	0.01149	0.00849	0.01219	0.00703	0.00936	0.00594	0.00352	0.00412	0.00115	0.04023	0.00338	0.00186	0.00589
6	0.00767	0.01806	0.73222	0.01088	0.01610	0.00872	0.07396	0.01209	0.03553	0.01209	0.00812	0.00925	0.03071	0.00381	0.00370	0.00121	0.00546	0.00314	0.00176	0.00551
7	0.01000	0.16887	0.18317	0.01116	0.04232	0.03211	0.27885	0.03849	0.00899	0.12012	0.00884	0.06441	0.00713	0.00411	0.00379	0.00116	0.00500	0.00389	0.00232	0.00526
8	0.00559	0.00380	0.00434	0.00430	0.00430	0.00390	0.00246	0.00561	0.00552	0.00740	0.01176	0.02436	0.01354	0.84295	0.01911	0.00362	0.02733	0.00545	0.00228	0.00235
9	0.00537	0.00388	0.00507	0.00477	0.00567	0.00358	0.00358	0.00716	0.01074	0.01521	0.84106	0.02833	0.03578	0.00775	0.00447	0.00119	0.00179	0.00686	0.00417	0.00358
10	0.01336	0.00970	0.01049	0.00833	0.01113	0.01073	0.00679	0.56820	0.22234	0.08183	0.01112	0.01065	0.00795	0.00471	0.00381	0.00118	0.00381	0.00366	0.00388	0.00634
11	0.45452	0.29567	0.01118	0.00628	0.00886	0.14987	0.00543	0.01188	0.00758	0.01305	0.00537	0.00625	0.00449	0.00349	0.00255	0.00102	0.00395	0.00211	0.00204	0.00441
12	0.00508	0.00397	0.00568	0.00607	0.00642	0.00400	0.03725	0.00586	0.00722	0.00974	0.01914	0.76362	0.02275	0.01113	0.00541	0.00154	0.06862	0.00995	0.00331	0.00325
13	0.08727	0.02809	0.05047	0.00757	0.00983	0.06341	0.02071	0.20058	0.28420	0.01609	0.06344	0.10991	0.03097	0.00567	0.00381	0.00123	0.00353	0.00464	0.00336	0.00523
14	0.89350	0.00733	0.00557	0.00499	0.00733	0.00851	0.00411	0.01115	0.00645	0.01702	0.00528	0.00616	0.00411	0.00352	0.00235	0.00117	0.00293	0.00205	0.00235	0.00411
15	0.70859	0.00803	0.00680	0.00577	0.00827	0.00919	0.00476	0.18348	0.00885	0.01846	0.00609	0.00678	0.00460	0.00374	0.00265	0.00117	0.00319	0.00234	0.00265	0.00460
16	0.01255	0.07405	0.02981	0.00879	0.02469	0.01101	0.04134	0.55276	0.10656	0.02006	0.00940	0.02144	0.00704	0.00442	0.00368	0.00111	0.00405	0.00347	0.00339	0.06040
17	0.00562	0.00470	0.00500	0.00483	0.00619	0.00451	0.00366	0.00864	0.17438	0.01203	0.14026	0.05863	0.53033	0.00855	0.00438	0.00128	0.00215	0.01739	0.00368	0.00381
18	0.08304	0.03317	0.18478	0.00877	0.01185	0.04218	0.11252	0.14872	0.04316	0.09605	0.01077	0.12446	0.02310	0.02195	0.00409	0.00125	0.00425	0.00437	0.00281	0.03869
19	0.00799	0.14882	0.72124	0.01015	0.01540	0.00975	0.01287	0.01191	0.00796	0.01154	0.00657	0.00771	0.00481	0.00355	0.00343	0.00114	0.00537	0.00268	0.00160	0.00549
20	0.00460	0.00388	0.00399	0.00401	0.00523	0.00330	0.00299	0.00571	0.02025	0.01050	0.07022	0.07929	0.75389	0.00959	0.00449	0.00129	0.00195	0.00805	0.00355	0.00325
21	0.00871	0.00944	0.00803	0.07304	0.00996	0.31826	0.00598	0.00998	0.00815	0.00918	0.01078	0.01344	0.08027	0.01581	0.39809	0.00341	0.00781	0.00375	0.00211	0.00381
22	0.00877	0.07315	0.00851	0.02195	0.02480	0.10050	0.04532	0.01023	0.03413	0.13651	0.10457	0.19767	0.06105	0.03540	0.05480	0.03942	0.00387	0.02536	0.00984	0.00415
23	0.00518	0.00385	0.00476	0.00456	0.00552	0.00348	0.00341	0.00676	0.01015	0.01396	0.63073	0.04886	0.21514	0.00821	0.00446	0.00122	0.00183	0.00715	0.01731	0.00348
24	0.00937	0.00760	0.00828	0.00749	0.00951	0.00860	0.00590	0.05207	0.65127	0.04489	0.06493	0.01725	0.01363	0.00573	0.00401	0.00131	0.00303	0.07558	0.00387	0.00567
25	0.08967	0.00762	0.00836	0.00705	0.00917	0.00818	0.00564	0.37541	0.06047	0.10356	0.01247	0.13901	0.01105	0.04159	0.00450	0.00134	0.00342	0.05611	0.05020	0.00521
26	0.00609	0.00423	0.00503	0.00470	0.00594	0.00382	0.00357	0.00789	0.04341	0.07746	0.43251	0.04147	0.33335	0.00816	0.00441	0.00123	0.00200	0.00700	0.00395	0.00375
27	0.06063	0.00788	0.00881	0.00701	0.00958	0.05151	0.00568	0.23123	0.02830	0.41724	0.04669	0.01225	0.00936	0.02409	0.00401	0.00119	0.00350	0.00370	0.06150	0.00581
28	0.00640	0.00436	0.00534	0.00527	0.00636	0.00399	0.00382	0.04051	0.02473	0.07715	0.11742	0.42291	0.17116	0.02154	0.00465	0.00136	0.00234	0.00814	0.00360	0.06896
29	0.00837	0.00577	0.00666	0.00590	0.00756	0.00577	0.00451	0.08958	0.17705	0.09545	0.17065	0.13952	0.07759	0.04079	0.00458	0.00128	0.00263	0.00566	0.06861	0.08205
30	0.14511	0.00744	0.00817	0.00660	0.00908	0.00771	0.00537	0.26147	0.06069	0.26921	0.02827	0.01325	0.08117	0.00496	0.00357	0.00116	0.00320	0.00386	0.07420	0.00551
31	0.00611	0.00509	0.00626	0.00620	0.00691	0.07002	0.00472	0.00726	0.00641	0.00871	0.01008	0.03146	0.00966	0.08288	0.69408	0.02544	0.00915	0.00415	0.00206	0.00334
32	0.04308	0.00425	0.00521	0.00502	0.00590	0.00400	0.00351	0.00819	0.00792	0.15716	0.13547	0.25776	0.06881	0.26623	0.00883	0.00204	0.00278	0.00689	0.00341	0.00356
33	0.02704	0.00654	0.00746	0.00626	0.00834	0.00674	0.00500	0.16737	0.15380	0.24108	0.02864	0.03984	0.04103	0.00558	0.02017	0.00123	0.00303	0.00415	0.22142	0.00528
34	0.04420	0.00463	0.00613	0.00579	0.00633	0.00511	0.00422	0.05892	0.04555	0.01842	0.00801	0.01234	0.00751	0.05379	0.16412	0.49411	0.05243	0.00355	0.00205	0.00280
35	0.02021	0.01006	0.01038	0.06828	0.05467	0.21468	0.07334	0.16807	0.03512	0.03647	0.01112	0.02917	0.07165	0.00551	0.02403	0.00127	0.04879	0.02265	0.08977	0.00476
36	0.00548	0.00381	0.00504	0.00559	0.02602	0.00364	0.00385	0.00642	0.00773	0.03978	0.10097	0.44170	0.12109	0.05563	0.10239	0.01289	0.00324	0.03077	0.02060	0.00333
37	0.00508	0.00373	0.00450	0.00479	0.00554	0.00340	0.00340	0.00613	0.01778	0.02947	0.13089	0.38669	0.29581	0.04785	0.02400	0.00159	0.00235	0.02017	0.00355	0.00327
38	0.01041	0.02051	0.01368	0.08711	0.20995	0.10277	0.16310	0.17983	0.02195	0.03350	0.07259	0.01127	0.01984	0.00457	0.01608	0.00124	0.01991	0.00383	0.00256	0.00529
39	0.01832	0.04870	0.09124	0.11060	0.20872	0.06958	0.01895	0.26384	0.02017	0.04986	0.03051	0.01023	0.02432	0.00444	0.01309	0.00119	0.00460	0.00343	0.00265	0.00557

[dist]
# distance from previous block
# <min> <max>
0	15

[block]
# block no. 1 follows, 72 sequences, length 41
# corresponding to MSA columns:
# 79-119
name=unknown_B
#
# <colnr> <probs for GDERKNQSTAVLIFYWHMCP>
#	G	D	E	R	K	N	Q	S	T	A	V	L	I	F	Y	W	H	M	C	P
0	0.05930	0.01005	0.04231	0.00859	0.03491	0.12376	0.04302	0.29104	0.02934	0.08660	0.02741	0.04467	0.02028	0.01427	0.01522	0.00121	0.02592	0.01826	0.00305	0.10079
1	0.00624	0.00501	0.00613	0.03851	0.02151	0.03254	0.03284	0.02394	0.03304	0.03157	0.06662	0.22539	0.21065	0.17902	0.04350	0.00199	0.01033	0.00692	0.00305	0.02119
2	0.03414	0.00446	0.00532	0.00525	0.00624	0.00430	0.00386	0.04356	0.04788	0.02360	0.16032	0.25026	0.16224	0.05637	0.00615	0.08081	0.00253	0.05625	0.00335	0.04310
3	0.00623	0.00410	0.00514	0.00502	0.00597	0.00386	0.00368	0.00760	0.03398	0.08400	0.25503	0.18800	0.19413	0.07220	0.08369	0.03023	0.00301	0.00705	0.00354	0.00356
4	0.02836	0.65117	0.13574	0.00718	0.01061	0.03545	0.00749	0.01162	0.00793	0.03343	0.00634	0.00795	0.00561	0.00363	0.00277	0.00092	0.00428	0.03278	0.00180	0.00494
5	0.00547	0.00371	0.00433	0.00435	0.00445	0.00376	0.00258	0.00564	0.00567	0.00760	0.01242	0.04193	0.02811	0.74882	0.10277	0.00383	0.00427	0.00552	0.00232	0.00244
6	0.00758	0.00497	0.00624	0.00572	0.00697	0.00485	0.01829	0.10677	0.00962	0.10734	0.17398	0.19907	0.14674	0.09089	0.07197	0.00190	0.00330	0.02627	0.00355	0.00398
7	0.00498	0.00356	0.00465	0.00517	0.00554	0.00339	0.01388	0.00570	0.00714	0.00958	0.01980	0.57087	0.07849	0.14473	0.03957	0.00201	0.00280	0.03942	0.03567	0.00304
8	0.01260	0.10452	0.01190	0.00935	0.01132	0.57620	0.03701	0.05377	0.01017	0.01018	0.02751	0.01888	0.00618	0.01697	0.00442	0.00109	0.07851	0.00286	0.00207	0.00448
9	0.00651	0.00406	0.03180	0.00502	0.00550	0.00363	0.00365	0.00618	0.00667	0.02906	0.20103	0.01656	0.01408	0.08353	0.01179	0.53061	0.00300	0.00431	0.03055	0.00245
10	0.04110	0.00498	0.00523	0.00531	0.00624	0.06541	0.00391	0.00768	0.00875	0.04861	0.21895	0.28788	0.13255	0.03380	0.00477	0.00138	0.00257	0.05783	0.05952	0.00353
11	0.24855	0.00686	0.00666	0.00589	0.00788	0.04360	0.00462	0.06239	0.13746	0.11614	0.03544	0.09922	0.10428	0.00566	0.00348	0.00118	0.00293	0.00449	0.06093	0.04232
12	0.00537	0.00422	0.00552	0.00554	0.00659	0.00371	0.02728	0.00642	0.00782	0.01052	0.03857	0.48673	0.15278	0.00965	0.00448	0.00135	0.00247	0.07665	0.00329	0.14104
13	0.00462	0.00332	0.00438	0.00523	0.00549	0.00309	0.00350	0.00529	0.00731	0.00970	0.02158	0.83240	0.05649	0.01179	0.00483	0.00153	0.00219	0.01067	0.00352	0.00309
14	0.00651	0.00450	0.00662	0.00634	0.00726	0.00427	0.08098	0.00796	0.04497	0.08242	0.04626	0.54553	0.02020	0.07340	0.00565	0.00159	0.00279	0.00847	0.04063	0.00367
15	0.01430	0.00884	0.01011	0.00796	0.01074	0.00932	0.00660	0.52674	0.01500	0.24573	0.01168	0.01308	0.00861	0.00509	0.00390	0.00120	0.00382	0.07258	0.01857	0.00615
16	0.00508	0.00403	0.00459	0.00459	0.00568	0.00364	0.00348	0.00667	0.03999	0.01187	0.26155	0.07270	0.46008	0.02533	0.00482	0.00135	0.00210	0.07534	0.00369	0.00341
17	0.00955	0.00821	0.00864	0.00774	0.00991	0.00949	0.00603	0.03932	0.81684	0.01605	0.01529	0.01403	0.01146	0.00513	0.00386	0.00128	0.00303	0.00427	0.00386	0.00601
18	0.00584	0.00465	0.00541	0.00551	0.01774	0.00458	0.00401	0.02492	0.14886	0.01237	0.18950	0.25121	0.27172	0.00892	0.00447	0.00134	0.00227	0.02915	0.00369	0.00383
19	0.00543	0.00402	0.00588	0.00588	0.00648	0.00462	0.00447	0.00663	0.00603	0.00864	0.01036	0.01601	0.00996	0.12196	0.75883	0.00583	0.00944	0.00423	0.00206	0.00326
20	0.09667	0.00912	0.00965	0.00763	0.01033	0.04126	0.00623	0.47098	0.03528	0.18416	0.05859	0.01088	0.00868	0.00466	0.00366	0.00114	0.00374	0.00356	0.02790	0.00589
21	0.06968	0.15000	0.11890	0.00940	0.04637	0.31796	0.02346	0.15229	0.02627	0.02142	0.00678	0.00760	0.00534	0.00382	0.00331	0.00103	0.00522	0.00268	0.00226	0.02619
22	0.01130	0.08759	0.03701	0.11778	0.03493	0.31428	0.12136	0.11605	0.02753	0.02952	0.00835	0.00963	0.03663	0.00470	0.02608	0.00123	0.00563	0.00328	0.00226	0.00485
23	0.00744	0.00612	0.00745	0.00698	0.07863	0.00539	0.00489	0.02427	0.09728	0.03233	0.12806	0.04587	0.15987	0.00538	0.00364	0.00096	0.00269	0.00456	0.00301	0.37521
24	0.19793	0.04632	0.02137	0.00691	0.04606	0.02462	0.02459	0.06704	0.07315	0.02279	0.05765	0.16704	0.03750	0.05995	0.06473	0.03081	0.00370	0.00491	0.00281	0.04012
25	0.05840	0.00515	0.00658	0.05488	0.05723	0.00543	0.00500	0.04739	0.09858	0.02778	0.04989	0.35789	0.04198	0.04810	0.07515	0.02304	0.00350	0.02699	0.00313	0.00391
26	0.00496	0.00364	0.00470	0.00542	0.00579	0.00351	0.00368	0.00631	0.06168	0.01026	0.04669	0.78190	0.02454	0.01131	0.00476	0.00151	0.00224	0.01023	0.00356	0.00329
27	0.03838	0.00830	0.00822	0.00746	0.00869	0.17605	0.01504	0.02113	0.07751	0.04575	0.05166	0.01505	0.08337	0.01086	0.19137	0.00233	0.16062	0.03304	0.04101	0.00416
28	0.03122	0.00493	0.00584	0.00558	0.00677	0.00496	0.00417	0.06074	0.09154	0.09313	0.06998	0.21639	0.16677	0.07902	0.08785	0.02315	0.00339	0.02556	0.01504	0.00394
29	0.01723	0.00476	0.00567	0.00578	0.00649	0.02076	0.00415	0.05820	0.03161	0.05611	0.01834	0.47267	0.07001	0.12378	0.00690	0.00176	0.04222	0.04667	0.00332	0.00357
30	0.04483	0.00546	0.00574	0.00537	0.00685	0.04163	0.00414	0.08231	0.00964	0.10535	0.08102	0.15718	0.35722	0.00827	0.00427	0.00129	0.00265	0.05244	0.02035	0.00398
31	0.03392	0.00402	0.00481	0.00496	0.00580	0.00376	0.00355	0.02027	0.01891	0.04988	0.17115	0.37778	0.20809	0.05938	0.00538	0.00151	0.00228	0.01752	0.00359	0.00344
32	0.10222	0.00495	0.00557	0.00526	0.00649	0.00489	0.00391	0.08485	0.01905	0.05646	0.20964	0.23964	0.15007	0.06909	0.00526	0.00146	0.00250	0.00685	0.00353	0.01831
33	0.00822	0.00647	0.00762	0.00569	0.00873	0.00508	0.00451	0.01017	0.03997	0.06695	0.02515	0.05096	0.03139	0.00375	0.00309	0.00071	0.00277	0.00309	0.00260	0.71307
34	0.09236	0.00573	0.00644	0.00558	0.00741	0.00565	0.00438	0.12159	0.02906	0.19613	0.05782	0.12943	0.10182	0.00610	0.00365	0.00115	0.00266	0.00504	0.18053	0.03746
35	0.03583	0.00397	0.00469	0.00476	0.00562	0.00368	0.00340	0.01614	0.00854	0.04533	0.22035	0.29097	0.24235	0.08981	0.00587	0.00156	0.00226	0.00794	0.00357	0.00337
36	0.04981	0.00526	0.00606	0.00547	0.00686	0.00515	0.00407	0.10687	0.03818	0.10245	0.16776	0.16502	0.13194	0.14148	0.00650	0.00162	0.00275	0.00622	0.00351	0.04302
37	0.04101	0.00454	0.00586	0.00566	0.00680	0.00442	0.01885	0.00856	0.04268	0.11207	0.12109	0.18686	0.15234	0.04920	0.10587	0.02839	0.00355	0.09510	0.00339	0.00377
38	0.03972	0.00555	0.02225	0.04486	0.02362	0.01684	0.02181	0.06265	0.03660	0.06824	0.02362	0.05417	0.08445	0.22354	0.11234	0.09929	0.00431	0.03068	0.01121	0.01425
39	0.04128	0.00598	0.00602	0.00574	0.00680	0.09530	0.01866	0.04084	0.03699	0.04580	0.12937	0.23137	0.12918	0.15254	0.01626	0.00173	0.00318	0.00661	0.02273	0.00364
40	0.04583	0.00598	0.00671	0.00655	0.04136	0.04511	0.00469	0.12915	0.01888	0.03213	0.07835	0.12258	0.09200	0.09842	0.13638	0.04236	0.00425	0.01685	0.04594	0.02649

[dist]
# distance from previous block
# <min> <max>
5	50

[block]
# block no. 2 follows, 72 sequences, length 70
# corresponding to MSA columns:
# 228-297
name=unknown_C
#
# <colnr> <probs for GDERKNQSTAVLIFYWHMCP>
#	G	D	E	R	K	N	Q	S	T	A	V	L	I	F	Y	W	H	M	C	P
0	0.01059	0.06864	0.06933	0.03055	0.11090	0.06701	0.04887	0.14027	0.04124	0.05323	0.13548	0.08192	0.06542	0.00627	0.00441	0.00138	0.00423	0.00505	0.01793	0.03729
1	0.04085	0.06487	0.07801	0.06738	0.27814	0.04817	0.07314	0.04596	0.05786	0.04477	0.05529	0.02513	0.00845	0.00414	0.00368	0.00112	0.00430	0.02260	0.00238	0.07375
2	0.00921	0.08232	0.15338	0.04878	0.03034	0.02837	0.13787	0.03327	0.05998	0.02902	0.05540	0.03633	0.01136	0.20635	0.03565	0.00215	0.00508	0.01449	0.00277	0.01788
3	0.02840	0.00728	0.05050	0.00969	0.13413	0.06195	0.08575	0.00950	0.04117	0.04053	0.03252	0.18366	0.02952	0.11109	0.13413	0.00227	0.00489	0.00540	0.00256	0.02506
4	0.04547	0.04420	0.00627	0.00677	0.06756	0.00469	0.00446	0.03935	0.00784	0.01079	0.01854	0.64688	0.04709	0.01009	0.00449	0.00144	0.00258	0.02465	0.00327	0.00357
5	0.07575	0.03603	0.03294	0.00778	0.08661	0.02644	0.00572	0.04483	0.09854	0.01360	0.13466	0.04110	0.03069	0.00480	0.00361	0.00100	0.01529	0.03057	0.00281	0.30723
6	0.00846	0.00849	0.03489	0.15664	0.46288	0.00861	0.10815	0.01070	0.00809	0.01134	0.00774	0.01072	0.01631	0.03812	0.04884	0.00155	0.04773	0.00366	0.00188	0.00519
7	0.00918	0.00847	0.01380	0.10600	0.58820	0.00874	0.02723	0.07933	0.00926	0.01291	0.01913	0.03157	0.03010	0.00416	0.00398	0.00118	0.01514	0.02388	0.00217	0.00558
8	0.01105	0.00885	0.00983	0.00748	0.01056	0.10138	0.05850	0.14018	0.04205	0.13494	0.00860	0.00907	0.00645	0.00359	0.00332	0.00086	0.00377	0.00290	0.00285	0.43376
9	0.00575	0.00409	0.00501	0.00495	0.00530	0.00437	0.00327	0.00686	0.06072	0.00835	0.01165	0.02117	0.01236	0.56107	0.26511	0.00424	0.00555	0.00500	0.00232	0.00287
10	0.00457	0.00363	0.00411	0.00445	0.00529	0.00317	0.00316	0.00544	0.00816	0.01019	0.05973	0.36825	0.48557	0.01045	0.00463	0.00138	0.00203	0.00908	0.00354	0.00317
11	0.00965	0.00825	0.00869	0.00776	0.00994	0.00953	0.00605	0.05462	0.80139	0.01621	0.01517	0.01394	0.01136	0.00512	0.00386	0.00128	0.00305	0.00425	0.00386	0.00602
12	0.01317	0.00590	0.02175	0.00616	0.00855	0.00500	0.00507	0.01475	0.01064	0.56816	0.23233	0.01774	0.04958	0.00565	0.00400	0.00117	0.00283	0.00474	0.00442	0.01838
13	0.00542	0.00406	0.00610	0.00610	0.00677	0.00474	0.00474	0.00677	0.00610	0.00880	0.01016	0.01490	0.00948	0.02844	0.85169	0.00610	0.01016	0.00406	0.00203	0.00339
14	0.00716	0.00674	0.01138	0.85760	0.02612	0.00843	0.01053	0.00969	0.00758	0.00969	0.00674	0.01011	0.00506	0.00379	0.00379	0.00126	0.00506	0.00337	0.00169	0.00421
15	0.27775	0.00861	0.00901	0.00712	0.00992	0.00925	0.00588	0.38412	0.01270	0.22577	0.00942	0.00917	0.00648	0.00428	0.00337	0.00116	0.00357	0.00311	0.00358	0.00575
16	0.23956	0.00907	0.01249	0.00978	0.01209	0.02629	0.21343	0.15209	0.04630	0.03728	0.00720	0.00873	0.00561	0.00443	0.00555	0.00131	0.19807	0.00334	0.00245	0.00493
17	0.00607	0.00434	0.00607	0.00694	0.00779	0.00433	0.00604	0.00779	0.00869	0.01130	0.02010	0.06488	0.02191	0.01051	0.00523	0.00174	0.00346	0.79583	0.00349	0.00348
18	0.00515	0.00370	0.00500	0.00584	0.00634	0.00355	0.00443	0.00622	0.00784	0.01030	0.02123	0.53780	0.05312	0.01129	0.00497	0.00161	0.00266	0.30219	0.00351	0.00323
19	0.00482	0.00386	0.00430	0.00419	0.00533	0.00334	0.00314	0.00609	0.00943	0.01212	0.34080	0.03342	0.53797	0.00891	0.00448	0.00125	0.00187	0.00757	0.00377	0.00334
20	0.00501	0.00415	0.00448	0.00472	0.00570	0.02614	0.00352	0.00605	0.00857	0.01063	0.10237	0.23088	0.47767	0.00991	0.00461	0.00137	0.00226	0.08517	0.00353	0.00327
21	0.00943	0.00815	0.00858	0.00772	0.00986	0.00943	0.00600	0.02015	0.83621	0.01586	0.01544	0.01415	0.01158	0.00515	0.00386	0.00129	0.00300	0.00429	0.00386	0.00600
22	0.03220	0.00865	0.00744	0.00658	0.00837	0.21478	0.00513	0.07507	0.06810	0.15863	0.06657	0.01365	0.01044	0.00485	0.00343	0.00107	0.00364	0.03624	0.27051	0.00467
23	0.00467	0.00355	0.00420	0.00463	0.00526	0.00319	0.00319	0.00543	0.00776	0.00991	0.05619	0.45864	0.32936	0.07868	0.00584	0.00160	0.00220	0.00919	0.00345	0.00308
24	0.02737	0.00632	0.00842	0.00653	0.00930	0.00557	0.00537	0.03172	0.01071	0.76039	0.01455	0.01285	0.00929	0.00466	0.00371	0.00115	0.00313	0.00376	0.06898	0.00621
25	0.00448	0.00384	0.00384	0.00384	0.00512	0.00320	0.00288	0.00544	0.00864	0.01025	0.03842	0.03650	0.84152	0.00960	0.00448	0.00128	0.00192	0.00800	0.00352	0.00320
26	0.00469	0.00336	0.00445	0.00530	0.00556	0.00314	0.00359	0.00539	0.00731	0.00972	0.02103	0.80345	0.03931	0.02656	0.00510	0.00158	0.00227	0.04162	0.00350	0.00308
27	0.03988	0.00648	0.00872	0.00670	0.00962	0.00565	0.00554	0.01829	0.01074	0.82407	0.01471	0.01273	0.00925	0.00466	0.00378	0.00117	0.00322	0.00377	0.00463	0.00639
28	0.00537	0.00388	0.00507	0.00477	0.00567	0.00358	0.00358	0.00716	0.01074	0.01521	0.84106	0.02833	0.03578	0.00775	0.00447	0.00119	0.00179	0.00686	0.00417	0.00358
29	0.01014	0.86900	0.01987	0.00649	0.00973	0.01501	0.00649	0.01136	0.00771	0.00892	0.00527	0.00608	0.00487	0.00324	0.00243	0.00081	0.00406	0.00203	0.00162	0.00487
30	0.00551	0.00368	0.00418	0.00418	0.00419	0.00370	0.00235	0.00554	0.00553	0.00738	0.01191	0.02462	0.01370	0.85010	0.03580	0.00372	0.00381	0.00549	0.00229	0.00232
31	0.02319	0.00924	0.01238	0.08925	0.19005	0.11648	0.12245	0.01103	0.00841	0.01159	0.02634	0.00908	0.00621	0.00364	0.00419	0.00101	0.07106	0.00312	0.00203	0.27924
32	0.00568	0.00420	0.00477	0.00456	0.00581	0.00376	0.00347	0.02620	0.02531	0.04940	0.27884	0.06148	0.47725	0.00872	0.00445	0.00127	0.00206	0.02540	0.00378	0.00359
33	0.00552	0.00368	0.00414	0.00414	0.00414	0.00368	0.00230	0.00552	0.00552	0.00735	0.01195	0.02482	0.01379	0.86672	0.01930	0.00368	0.00368	0.00552	0.00230	0.00230
34	0.00786	0.00674	0.00786	0.00562	0.00899	0.00506	0.00449	0.00955	0.00786	0.01236	0.00674	0.00786	0.00562	0.00281	0.00281	0.00056	0.00281	0.00225	0.00225	0.88990
35	0.00716	0.00674	0.01138	0.85760	0.02612	0.00843	0.01053	0.00969	0.00758	0.00969	0.00674	0.01011	0.00506	0.00379	0.00379	0.00126	0.00506	0.00337	0.00169	0.00421
36	0.00750	0.00709	0.01199	0.73068	0.15039	0.00852	0.01070	0.00999	0.00774	0.01010	0.00680	0.01000	0.00520	0.00373	0.00379	0.00124	0.00497	0.00337	0.00171	0.00449
37	0.00543	0.00367	0.00429	0.00437	0.00444	0.00369	0.00257	0.00558	0.00572	0.00767	0.01266	0.10190	0.01455	0.73202	0.07311	0.00364	0.00397	0.00591	0.00239	0.00244
38	0.07707	0.00742	0.00946	0.00749	0.01045	0.00652	0.00602	0.01874	0.01132	0.77514	0.01542	0.01410	0.01016	0.00543	0.00426	0.00140	0.00365	0.00410	0.00492	0.00692
39	0.00939	0.00901	0.01539	0.02328	0.84306	0.00901	0.01164	0.01164	0.00864	0.01239	0.00713	0.00939	0.00601	0.00338	0.00375	0.00113	0.00451	0.00338	0.00188	0.00601
40	0.00537	0.00388	0.00507	0.00477	0.00567	0.00358	0.00358	0.00716	0.01074	0.01521	0.84106	0.02833	0.03578	0.00775	0.00447	0.00119	0.00179	0.00686	0.00417	0.00358
41	0.00761	0.01962	0.84707	0.01081	0.01641	0.00881	0.01401	0.01201	0.00801	0.01201	0.00681	0.00801	0.00480	0.00360	0.00360	0.00120	0.00560	0.00280	0.00160	0.00560
42	0.00952	0.00834	0.00862	0.00776	0.00990	0.02547	0.00603	0.02006	0.82049	0.01574	0.01525	0.01401	0.01145	0.00512	0.00385	0.00128	0.00307	0.00425	0.00382	0.00597
43	0.00659	0.00329	0.00494	0.00494	0.00494	0.00329	0.00329	0.00494	0.00494	0.00659	0.00659	0.01153	0.00659	0.01318	0.01482	0.88966	0.00329	0.00329	0.00165	0.00165
44	0.89350	0.00733	0.00557	0.00499	0.00733	0.00851	0.00411	0.01115	0.00645	0.01702	0.00528	0.00616	0.00411	0.00352	0.00235	0.00117	0.00293	0.00205	0.00235	0.00411
45	0.00938	0.00800	0.00841	0.00752	0.00965	0.00915	0.00586	0.06306	0.73706	0.01593	0.01662	0.01536	0.06628	0.00541	0.00390	0.00128	0.00299	0.00449	0.00383	0.00584
46	0.01442	0.01062	0.01138	0.00873	0.01176	0.01176	0.00721	0.83041	0.01783	0.02390	0.00911	0.00911	0.00645	0.00455	0.00379	0.00114	0.00417	0.00341	0.00379	0.00645
47	0.00481	0.00347	0.00460	0.00543	0.00579	0.00326	0.00383	0.00563	0.00753	0.00993	0.02172	0.71214	0.06786	0.01158	0.00487	0.00155	0.00236	0.11699	0.00352	0.00314
48	0.00611	0.00437	0.00611	0.00698	0.00786	0.00437	0.00611	0.00786	0.00873	0.01135	0.02008	0.04278	0.02183	0.01048	0.00524	0.00175	0.00349	0.81753	0.00349	0.00349
49	0.01014	0.86900	0.01987	0.00649	0.00973	0.01501	0.00649	0.01136	0.00771	0.00892	0.00527	0.00608	0.00487	0.00324	0.00243	0.00081	0.00406	0.00203	0.00162	0.00487
50	0.00472	0.00338	0.00451	0.00538	0.00566	0.00317	0.00369	0.00546	0.00738	0.00981	0.02112	0.79431	0.03783	0.01175	0.00486	0.00155	0.00229	0.06650	0.00352	0.00311
51	0.89350	0.00733	0.00557	0.00499	0.00733	0.00851	0.00411	0.01115	0.00645	0.01702	0.00528	0.00616	0.00411	0.00352	0.00235	0.00117	0.00293	0.00205	0.00235	0.00411
52	0.00537	0.00388	0.00507	0.00477	0.00567	0.00358	0.00358	0.00716	0.01074	0.01521	0.84106	0.02833	0.03578	0.00775	0.00447	0.00119	0.00179	0.00686	0.00417	0.00358
53	0.89350	0.00733	0.00557	0.00499	0.00733	0.00851	0.00411	0.01115	0.00645	0.01702	0.00528	0.00616	0.00411	0.00352	0.00235	0.00117	0.00293	0.00205	0.00235	0.00411
54	0.01403	0.01033	0.01110	0.00859	0.01151	0.01142	0.00706	0.79752	0.01741	0.02333	0.00958	0.04320	0.00719	0.00484	0.00384	0.00115	0.00409	0.00371	0.00378	0.00632
55	0.00552	0.00368	0.00414	0.00414	0.00414	0.00368	0.00230	0.00552	0.00552	0.00735	0.01195	0.02482	0.01379	0.86672	0.01930	0.00368	0.00368	0.00552	0.00230	0.00230
56	0.00529	0.00387	0.00496	0.00469	0.00562	0.00354	0.00351	0.00700	0.01054	0.01475	0.76672	0.02909	0.11040	0.00792	0.00447	0.00120	0.00180	0.00696	0.00411	0.00354
57	0.00551	0.00369	0.00420	0.00420	0.00423	0.00371	0.00238	0.00556	0.00554	0.00740	0.01189	0.02448	0.01364	0.83809	0.04773	0.00376	0.00390	0.00547	0.00229	0.00234
58	0.01448	0.01053	0.01132	0.00868	0.01171	0.01162	0.00717	0.81139	0.01767	0.04316	0.00924	0.00919	0.00652	0.00456	0.00379	0.00114	0.00415	0.00342	0.00382	0.00645
59	0.09006	0.00976	0.00779	0.00784	0.00925	0.32125	0.00638	0.01088	0.00928	0.01109	0.01342	0.02601	0.01388	0.00739	0.00430	0.00141	0.00469	0.43862	0.00281	0.00389
60	0.89350	0.00733	0.00557	0.00499	0.00733	0.00851	0.00411	0.01115	0.00645	0.01702	0.00528	0.00616	0.00411	0.00352	0.00235	0.00117	0.00293	0.00205	0.00235	0.00411
61	0.00469	0.00357	0.00433	0.00481	0.00546	0.00321	0.00339	0.00559	0.00810	0.01046	0.10678	0.48729	0.29334	0.01069	0.00470	0.00143	0.00211	0.03329	0.00358	0.00318
62	0.00736	0.00433	0.00562	0.00503	0.00633	0.00390	0.00387	0.00901	0.01056	0.16269	0.61744	0.02636	0.10783	0.00738	0.00436	0.00120	0.00206	0.00643	0.00421	0.00405
63	0.01439	0.01173	0.01083	0.00872	0.01142	0.20379	0.00702	0.50925	0.04743	0.11363	0.00923	0.00921	0.00661	0.00447	0.00381	0.00112	0.01469	0.00327	0.00345	0.00593
64	0.01227	0.00878	0.03724	0.08684	0.03248	0.00911	0.00702	0.43334	0.04373	0.13869	0.02598	0.01143	0.02391	0.00620	0.05993	0.00148	0.00432	0.00368	0.04785	0.00572
65	0.00734	0.00674	0.01095	0.70071	0.05968	0.00803	0.00973	0.02890	0.00810	0.01065	0.06424	0.01120	0.00727	0.00402	0.00379	0.00122	0.00468	0.00356	0.00194	0.04726
66	0.04426	0.00891	0.01121	0.10213	0.08984	0.05925	0.06868	0.24230	0.06247	0.18010	0.02873	0.02411	0.00784	0.00435	0.00376	0.00115	0.00417	0.00365	0.00319	0.04990
67	0.00545	0.00424	0.00532	0.00560	0.02222	0.00411	0.00392	0.00708	0.06105	0.01110	0.15482	0.38744	0.15084	0.04589	0.04734	0.00169	0.02288	0.00799	0.00339	0.04765
68	0.00584	0.02616	0.00626	0.00658	0.06378	0.02080	0.02194	0.02430	0.04938	0.01076	0.03377	0.34676	0.30328	0.02844	0.00481	0.00142	0.00264	0.03614	0.00330	0.00365
69	0.00896	0.00841	0.03389	0.13605	0.50892	0.00837	0.03495	0.06461	0.00910	0.02192	0.04109	0.04999	0.00806	0.00411	0.00381	0.00116	0.00431	0.00387	0.02601	0.02241

[dist]
# distance from previous block
# <min> <max>
12	33

[block]
# block no. 3 follows, 72 sequences, length 45
# corresponding to MSA columns:
# 331-375
name=unknown_D
#
# <colnr> <probs for GDERKNQSTAVLIFYWHMCP>
#	G	D	E	R	K	N	Q	S	T	A	V	L	I	F	Y	W	H	M	C	P
0	0.11530	0.00834	0.00912	0.00734	0.00994	0.00894	0.00600	0.38019	0.10945	0.19654	0.04520	0.01200	0.00912	0.00481	0.00366	0.00117	0.00348	0.02393	0.03966	0.00582
1	0.13054	0.00578	0.00606	0.00573	0.00710	0.04578	0.00435	0.03238	0.07176	0.11089	0.12227	0.20449	0.11991	0.06081	0.00511	0.00146	0.01259	0.04548	0.00344	0.00406
2	0.00863	0.00701	0.00802	0.02250	0.02517	0.00665	0.00519	0.09602	0.20872	0.03509	0.05663	0.03322	0.08831	0.00474	0.00352	0.00096	0.00293	0.00392	0.00309	0.37968
3	0.00494	0.00370	0.00463	0.00495	0.00568	0.00335	0.00358	0.00604	0.00855	0.01137	0.23283	0.40339	0.20422	0.01008	0.00466	0.00139	0.00213	0.06062	0.00366	0.02024
4	0.00481	0.00347	0.00446	0.00515	0.00545	0.00328	0.00343	0.00566	0.02360	0.00979	0.04661	0.70839	0.05988	0.08941	0.00611	0.00171	0.00233	0.00993	0.00344	0.00309
5	0.05097	0.00483	0.00581	0.00519	0.00667	0.00453	0.00400	0.02424	0.02343	0.19552	0.28794	0.07256	0.21923	0.03701	0.00485	0.00132	0.01837	0.00617	0.02320	0.00417
6	0.00463	0.00336	0.00434	0.00512	0.00544	0.00310	0.00343	0.00530	0.00735	0.00968	0.02232	0.76931	0.10005	0.03069	0.00513	0.00156	0.00221	0.01041	0.00349	0.00307
7	0.89350	0.00733	0.00557	0.00499	0.00733	0.00851	0.00411	0.01115	0.00645	0.01702	0.00528	0.00616	0.00411	0.00352	0.00235	0.00117	0.00293	0.00205	0.00235	0.00411
8	0.03217	0.00381	0.00466	0.00499	0.00558	0.00361	0.00342	0.00659	0.02069	0.04874	0.09624	0.49285	0.10179	0.13163	0.00664	0.00174	0.00242	0.00858	0.02059	0.00327
9	0.00572	0.00394	0.00465	0.00476	0.00574	0.00350	0.00345	0.01658	0.00855	0.07351	0.10015	0.32296	0.38227	0.02889	0.00489	0.00141	0.00219	0.01973	0.00364	0.00346
10	0.00716	0.00674	0.01138	0.85760	0.02612	0.00843	0.01053	0.00969	0.00758	0.00969	0.00674	0.01011	0.00506	0.00379	0.00379	0.00126	0.00506	0.00337	0.00169	0.00421
11	0.00506	0.00364	0.00467	0.00534	0.00567	0.00352	0.00358	0.02412	0.03325	0.01001	0.01976	0.75171	0.02335	0.07968	0.00594	0.00169	0.00239	0.00999	0.00344	0.00318
12	0.00521	0.00383	0.00471	0.00466	0.00540	0.00371	0.00335	0.00624	0.00791	0.01067	0.23047	0.05591	0.23848	0.18013	0.18301	0.01768	0.00397	0.00632	0.02520	0.00314
13	0.01067	0.00757	0.00827	0.00680	0.00856	0.00817	0.00516	0.46307	0.01256	0.03596	0.01092	0.06076	0.01022	0.32319	0.00958	0.00210	0.00386	0.00459	0.00325	0.00474
14	0.00537	0.00388	0.00507	0.00477	0.00567	0.00358	0.00358	0.00716	0.01074	0.01521	0.84106	0.02833	0.03578	0.00775	0.00447	0.00119	0.00179	0.00686	0.00417	0.00358
15	0.00939	0.00901	0.01539	0.02328	0.84306	0.00901	0.01164	0.01164	0.00864	0.01239	0.00713	0.00939	0.00601	0.00338	0.00375	0.00113	0.00451	0.00338	0.00188	0.00601
16	0.09432	0.01228	0.01064	0.00947	0.05113	0.34550	0.05328	0.20092	0.02931	0.07320	0.02425	0.04275	0.00724	0.00499	0.02314	0.00122	0.00519	0.00338	0.00275	0.00505
17	0.00486	0.00352	0.00456	0.00523	0.00558	0.00334	0.00354	0.00590	0.03194	0.01027	0.09262	0.71477	0.04293	0.04509	0.00534	0.00158	0.00224	0.00998	0.00354	0.00318
18	0.04507	0.25462	0.50308	0.00938	0.01388	0.07702	0.02479	0.01204	0.00809	0.01115	0.00626	0.00734	0.00482	0.00352	0.00323	0.00108	0.00518	0.00256	0.00167	0.00524
19	0.00542	0.00406	0.00610	0.00610	0.00677	0.00474	0.00474	0.00677	0.00610	0.00880	0.01016	0.01490	0.00948	0.02844	0.85169	0.00610	0.01016	0.00406	0.00203	0.00339
20	0.00890	0.01009	0.02160	0.01555	0.01911	0.00974	0.76975	0.01193	0.00872	0.01193	0.00748	0.01009	0.00570	0.00345	0.00505	0.00131	0.06828	0.00439	0.00190	0.00505
21	0.00761	0.01962	0.84707	0.01081	0.01641	0.00881	0.01401	0.01201	0.00801	0.01201	0.00681	0.00801	0.00480	0.00360	0.00360	0.00120	0.00560	0.00280	0.00160	0.00560
22	0.00830	0.00830	0.01162	0.00996	0.00996	0.01162	0.00830	0.00913	0.00581	0.00913	0.00498	0.00830	0.00498	0.00664	0.01245	0.00166	0.85977	0.00332	0.00166	0.00415
23	0.00649	0.00551	0.07956	0.00555	0.00701	0.00427	0.00472	0.00858	0.02334	0.07773	0.64637	0.05956	0.03003	0.00732	0.00436	0.00122	0.00230	0.01814	0.00395	0.00399
24	0.01051	0.00868	0.00918	0.00794	0.01027	0.00994	0.00626	0.19550	0.65910	0.01760	0.01407	0.01306	0.01047	0.00502	0.00384	0.00125	0.00326	0.00410	0.00384	0.00610
25	0.00761	0.01962	0.84707	0.01081	0.01641	0.00881	0.01401	0.01201	0.00801	0.01201	0.00681	0.00801	0.00480	0.00360	0.00360	0.00120	0.00560	0.00280	0.00160	0.00560
26	0.00542	0.00406	0.00610	0.00610	0.00677	0.00474	0.00474	0.00677	0.00610	0.00880	0.01016	0.01490	0.00948	0.02844	0.85169	0.00610	0.01016	0.00406	0.00203	0.00339
27	0.89350	0.00733	0.00557	0.00499	0.00733	0.00851	0.00411	0.01115	0.00645	0.01702	0.00528	0.00616	0.00411	0.00352	0.00235	0.00117	0.00293	0.00205	0.00235	0.00411
28	0.00580	0.00467	0.00615	0.02268	0.05428	0.00450	0.02154	0.00812	0.07304	0.01346	0.46866	0.04774	0.21137	0.00832	0.03164	0.00139	0.00251	0.00661	0.00369	0.00384
29	0.00850	0.00838	0.01161	0.00992	0.01002	0.01162	0.00826	0.03675	0.00621	0.00962	0.00512	0.00832	0.00503	0.00657	0.01216	0.00164	0.83100	0.00332	0.00173	0.00423
30	0.00659	0.00329	0.00494	0.00494	0.00494	0.00329	0.00329	0.00494	0.00494	0.00659	0.00659	0.01153	0.00659	0.01318	0.01482	0.88966	0.00329	0.00329	0.00165	0.00165
31	0.01417	0.01808	0.01075	0.00977	0.01172	0.85149	0.00733	0.01514	0.01075	0.00928	0.00586	0.00684	0.00489	0.00391	0.00342	0.00098	0.00684	0.00244	0.00195	0.00440
32	0.00552	0.00368	0.00414	0.00414	0.00414	0.00368	0.00230	0.00552	0.00552	0.00735	0.01195	0.02482	0.01379	0.86672	0.01930	0.00368	0.00368	0.00552	0.00230	0.00230
33	0.00552	0.00368	0.00414	0.00414	0.00414	0.00368	0.00230	0.00552	0.00552	0.00735	0.01195	0.02482	0.01379	0.86672	0.01930	0.00368	0.00368	0.00552	0.00230	0.00230
34	0.00502	0.00384	0.00424	0.00438	0.00517	0.00349	0.00313	0.00576	0.00762	0.00946	0.02716	0.06408	0.44846	0.27895	0.00924	0.00210	0.00268	0.10914	0.00313	0.00295
35	0.00943	0.00815	0.00858	0.00772	0.00986	0.00943	0.00600	0.02015	0.83621	0.01586	0.01544	0.01415	0.01158	0.00515	0.00386	0.00129	0.00300	0.00429	0.00386	0.00600
36	0.00462	0.00330	0.00440	0.00528	0.00550	0.00308	0.00352	0.00528	0.00726	0.00968	0.02090	0.86424	0.02508	0.01188	0.00484	0.00154	0.00220	0.01078	0.00352	0.00308
37	0.45766	0.00754	0.00743	0.00611	0.00864	0.00813	0.00502	0.17227	0.00999	0.21247	0.06389	0.00979	0.00791	0.00428	0.00311	0.00117	0.00317	0.00305	0.00330	0.00508
38	0.00551	0.00357	0.00457	0.00509	0.00543	0.00339	0.00340	0.00614	0.00711	0.04601	0.01831	0.57807	0.02119	0.20056	0.00793	0.00198	0.00260	0.03934	0.03671	0.00309
39	0.00475	0.00342	0.00449	0.00519	0.00554	0.00318	0.00354	0.00556	0.00770	0.01031	0.11226	0.70325	0.05681	0.02814	0.00508	0.00154	0.00221	0.03031	0.00357	0.00314
40	0.06682	0.02507	0.00797	0.00559	0.00889	0.00550	0.00451	0.00969	0.00777	0.01260	0.00661	0.00771	0.00550	0.00287	0.00277	0.00061	0.00284	0.00223	0.00224	0.81221
41	0.00631	0.00499	0.00577	0.00513	0.00688	0.00428	0.00387	0.02563	0.04317	0.02764	0.08152	0.20699	0.25796	0.01845	0.00419	0.00114	0.00240	0.01572	0.00321	0.27473
42	0.00723	0.00424	0.00534	0.00512	0.00607	0.00394	0.00367	0.00851	0.03025	0.15040	0.23725	0.22932	0.08089	0.18019	0.00739	0.00178	0.00257	0.01710	0.01501	0.00372
43	0.00735	0.00583	0.00647	0.00646	0.00747	0.06640	0.00495	0.07099	0.06566	0.04279	0.10380	0.32772	0.03825	0.02698	0.01860	0.00156	0.03058	0.16077	0.00345	0.00391
44	0.12905	0.04754	0.00728	0.00578	0.00778	0.02740	0.00463	0.08420	0.05665	0.19935	0.15709	0.04801	0.19763	0.00631	0.00383	0.00119	0.00282	0.00513	0.00365	0.00466

[dist]
# distance from previous block
# <min> <max>
0	1

[block]
# block no. 4 follows, 72 sequences, length 7
# corresponding to MSA columns:
# 377-383
name=unknown_E
#
# <colnr> <probs for GDERKNQSTAVLIFYWHMCP>
#	G	D	E	R	K	N	Q	S	T	A	V	L	I	F	Y	W	H	M	C	P
0	0.00588	0.00422	0.00492	0.00481	0.00584	0.00381	0.00340	0.00713	0.04025	0.04266	0.06867	0.27320	0.22695	0.16009	0.00691	0.00168	0.00249	0.00726	0.03263	0.09719
1	0.00535	0.00374	0.00458	0.00479	0.00544	0.00345	0.00335	0.00625	0.00809	0.03561	0.18738	0.30439	0.19150	0.17158	0.00741	0.00182	0.00243	0.04620	0.00346	0.00318
2	0.03988	0.51012	0.05716	0.00781	0.03093	0.06232	0.04561	0.08407	0.00890	0.02758	0.02207	0.05680	0.00695	0.00453	0.01983	0.00107	0.00435	0.00303	0.00210	0.00491
3	0.03790	0.00713	0.04685	0.00722	0.05694	0.00578	0.02748	0.04336	0.00821	0.04744	0.02706	0.01202	0.00803	0.08714	0.05036	0.00137	0.00369	0.03425	0.00244	0.48532
4	0.00510	0.00384	0.00459	0.00467	0.00543	0.00351	0.00324	0.00597	0.00776	0.01028	0.14193	0.26093	0.23834	0.17929	0.05542	0.00204	0.00284	0.00757	0.00322	0.05401
5	0.00957	0.00686	0.00723	0.00634	0.00806	0.05418	0.00481	0.17068	0.11698	0.12091	0.01685	0.15529	0.12796	0.11516	0.00594	0.00153	0.00324	0.00559	0.02430	0.03853
6	0.03372	0.00925	0.10591	0.11389	0.16606	0.06822	0.02237	0.05830	0.05517	0.08625	0.03273	0.06193	0.03183	0.00524	0.00406	0.00123	0.01903	0.08146	0.00267	0.04068

[dist]
# distance from previous block
# <min> <max>
1	4

[block]
# block no. 5 follows, 72 sequences, length 17
# corresponding to MSA columns:
# 389-405
name=unknown_F
#
# <colnr> <probs for GDERKNQSTAVLIFYWHMCP>
#	G	D	E	R	K	N	Q	S	T	A	V	L	I	F	Y	W	H	M	C	P
0	0.00890	0.00764	0.00819	0.00618	0.00923	0.06164	0.00490	0.08464	0.00900	0.03192	0.00792	0.05831	0.00687	0.00362	0.00308	0.00071	0.00317	0.00290	0.00250	0.67868
1	0.00757	0.00692	0.01108	0.60261	0.03757	0.00821	0.03953	0.04956	0.02838	0.01087	0.02002	0.05925	0.00721	0.00453	0.00422	0.00127	0.03948	0.01763	0.00205	0.04203
2	0.06538	0.00455	0.00499	0.00473	0.00568	0.01308	0.00339	0.03422	0.00810	0.05283	0.15161	0.04898	0.11750	0.29247	0.00899	0.00201	0.00283	0.04740	0.11058	0.02068
3	0.03198	0.00422	0.00508	0.00496	0.00595	0.00396	0.00363	0.03231	0.00893	0.07657	0.24972	0.21753	0.20098	0.07680	0.02228	0.01683	0.00249	0.01710	0.01511	0.00357
4	0.00636	0.00490	0.00586	0.00569	0.00681	0.00446	0.02777	0.00783	0.06072	0.02714	0.20563	0.22686	0.33972	0.04455	0.00550	0.00158	0.00258	0.00813	0.00390	0.00399
5	0.14140	0.00714	0.00853	0.00668	0.00947	0.00690	0.00550	0.15147	0.01127	0.55025	0.01374	0.01246	0.04854	0.00474	0.00363	0.00117	0.00328	0.00370	0.00415	0.00596
6	0.01620	0.00389	0.00471	0.00504	0.00573	0.00367	0.00357	0.00666	0.03831	0.03545	0.08803	0.40882	0.19883	0.10647	0.00629	0.00168	0.00242	0.05747	0.00347	0.00330
7	0.05994	0.00508	0.00591	0.00547	0.00686	0.00495	0.00411	0.04159	0.08291	0.16721	0.10535	0.17895	0.17115	0.11385	0.00607	0.00160	0.00270	0.02853	0.00363	0.00415
8	0.02402	0.00405	0.00455	0.00457	0.00564	0.00367	0.00341	0.00666	0.02103	0.04236	0.12699	0.12033	0.45503	0.08995	0.00589	0.00155	0.00231	0.07112	0.00351	0.00336
9	0.12188	0.00846	0.00912	0.00730	0.00990	0.00909	0.00595	0.42604	0.07877	0.16189	0.03335	0.02923	0.04061	0.00492	0.00365	0.00117	0.00349	0.00381	0.03563	0.00575
10	0.07094	0.00459	0.00510	0.00495	0.00609	0.00448	0.00364	0.03870	0.05614	0.05002	0.14820	0.19925	0.26420	0.08512	0.01548	0.00156	0.00249	0.00700	0.02839	0.00366
11	0.10676	0.00539	0.00602	0.00538	0.00695	0.00535	0.00414	0.07642	0.05684	0.13845	0.20159	0.06478	0.17955	0.08264	0.00535	0.00145	0.00264	0.02151	0.02456	0.00422
12	0.00634	0.00510	0.00648	0.00632	0.00715	0.04794	0.00489	0.04046	0.00697	0.00976	0.01053	0.07024	0.01001	0.02331	0.65303	0.00495	0.02888	0.00434	0.03765	0.01564
13	0.00793	0.11042	0.72791	0.01054	0.01582	0.00950	0.04325	0.01195	0.00801	0.01168	0.00667	0.00788	0.00485	0.00355	0.00351	0.00116	0.00547	0.00278	0.00162	0.00551
14	0.00571	0.00381	0.00486	0.00505	0.00567	0.00366	0.00358	0.02450	0.00769	0.03260	0.10137	0.32388	0.15123	0.07165	0.08202	0.11586	0.00315	0.02211	0.02849	0.00312
15	0.02162	0.00418	0.00524	0.00538	0.01750	0.00411	0.00379	0.00736	0.03124	0.05922	0.13341	0.23046	0.11811	0.15413	0.03177	0.06074	0.02201	0.05044	0.03596	0.00335
16	0.00490	0.00362	0.00494	0.00558	0.00603	0.00339	0.02161	0.00575	0.00753	0.00991	0.02154	0.67174	0.08133	0.03152	0.00520	0.00159	0.00246	0.10475	0.00345	0.00316

[dist]
# distance from previous block
# <min> <max>
1	4

[block]
# block no. 6 follows, 72 sequences, length 9
# corresponding to MSA columns:
# 410-418
name=unknown_G
#
# <colnr> <probs for GDERKNQSTAVLIFYWHMCP>
#	G	D	E	R	K	N	Q	S	T	A	V	L	I	F	Y	W	H	M	C	P
0	0.08548	0.11257	0.13606	0.00888	0.06836	0.02967	0.02975	0.03639	0.24854	0.01304	0.00943	0.01058	0.00756	0.03236	0.06665	0.00157	0.03220	0.00333	0.00252	0.06505
1	0.38419	0.08057	0.05387	0.08688	0.04263	0.10199	0.03581	0.10307	0.03976	0.01490	0.02089	0.00797	0.00559	0.00380	0.00306	0.00113	0.00410	0.00271	0.00236	0.00472
2	0.03445	0.00390	0.00480	0.00509	0.00556	0.00382	0.00347	0.00672	0.03330	0.03406	0.11614	0.39210	0.02108	0.24543	0.00890	0.02490	0.00273	0.04718	0.00322	0.00313
3	0.03821	0.00431	0.00565	0.00614	0.02303	0.00424	0.02468	0.04903	0.03027	0.01123	0.04895	0.65447	0.04016	0.01039	0.00463	0.00147	0.00252	0.03366	0.00345	0.00351
4	0.04176	0.03496	0.13113	0.04227	0.13464	0.09418	0.10292	0.11408	0.10515	0.05785	0.00867	0.02555	0.00674	0.00412	0.00398	0.00116	0.03332	0.00345	0.00251	0.05155
5	0.00549	0.00383	0.00490	0.00491	0.00524	0.00403	0.00332	0.00603	0.00604	0.00826	0.03473	0.02208	0.04394	0.47640	0.30068	0.03143	0.00575	0.02789	0.00232	0.00275
6	0.00479	0.00367	0.00442	0.00479	0.00556	0.00330	0.00348	0.00582	0.00842	0.01085	0.15169	0.36569	0.33299	0.01030	0.00468	0.00141	0.00213	0.06917	0.00362	0.00323
7	0.00470	0.00357	0.00433	0.00472	0.00540	0.00320	0.00332	0.00565	0.00830	0.01079	0.16426	0.45330	0.29385	0.01044	0.00466	0.00140	0.00204	0.00922	0.00363	0.00320
8	0.04926	0.05202	0.03432	0.06201	0.02776	0.09161	0.00620	0.18808	0.09120	0.06301	0.03381	0.21234	0.01226	0.02558	0.00441	0.01319	0.00375	0.02131	0.00313	0.00476

[dist]
# distance from previous block
# <min> <max>
4	6

[block]
# block no. 7 follows, 72 sequences, length 28
# corresponding to MSA columns:
# 425-452
name=unknown_H
#
# <colnr> <probs for GDERKNQSTAVLIFYWHMCP>
#	G	D	E	R	K	N	Q	S	T	A	V	L	I	F	Y	W	H	M	C	P
0	0.08783	0.22387	0.01226	0.00805	0.01052	0.32915	0.00659	0.13324	0.11887	0.01292	0.00748	0.00798	0.00599	0.00397	0.00319	0.00102	0.00486	0.00271	0.01453	0.00499
1	0.00494	0.00354	0.00423	0.00461	0.00499	0.00330	0.00301	0.00541	0.00699	0.00907	0.03503	0.39411	0.18846	0.27600	0.00955	0.02992	0.00263	0.00828	0.00309	0.00283
2	0.00496	0.00371	0.00419	0.00429	0.00494	0.00339	0.00289	0.00567	0.00770	0.00989	0.13557	0.15948	0.33870	0.28708	0.00933	0.00208	0.00251	0.00747	0.00321	0.00294
3	0.04412	0.01099	0.06697	0.00866	0.01143	0.10240	0.03113	0.39646	0.20616	0.03496	0.01044	0.04145	0.00800	0.00475	0.00376	0.00118	0.00422	0.00373	0.00336	0.00582
