[name]
unknown

[dist]
# distance from previous block
# <min> <max>
3	38

[block]
# block no. 0 follows, 76 sequences, length 17
# corresponding to MSA columns:
# 39-55
name=unknown_A
#
# <colnr> <probs for GDERKNQSTAVLIFYWHMCP>
#	G	D	E	R	K	N	Q	S	T	A	V	L	I	F	Y	W	H	M	C	P
0	0.01952	0.00711	0.01061	0.11732	0.08737	0.03412	0.15203	0.08138	0.03125	0.11070	0.01254	0.09516	0.08742	0.01965	0.01851	0.01340	0.00399	0.01692	0.02117	0.05982
1	0.04362	0.00670	0.00813	0.02801	0.11688	0.01632	0.00571	0.15603	0.14923	0.05625	0.11343	0.07487	0.05703	0.03605	0.01481	0.03010	0.00319	0.01663	0.02249	0.04452
2	0.03055	0.00622	0.00789	0.20660	0.01177	0.03414	0.02469	0.12827	0.02545	0.05285	0.05209	0.20477	0.04833	0.04437	0.00447	0.00129	0.00342	0.01934	0.02541	0.06804
3	0.04787	0.00690	0.00824	0.13598	0.05651	0.06787	0.02496	0.12264	0.02966	0.07883	0.15833	0.04156	0.10921	0.02608	0.02318	0.00132	0.01910	0.02003	0.01742	0.00433
4	0.03865	0.00695	0.01027	0.37558	0.15931	0.02707	0.02728	0.04367	0.05323	0.08345	0.03875	0.03911	0.00781	0.02005	0.00386	0.00120	0.00406	0.00368	0.05143	0.00459
5	0.00860	0.00687	0.00899	0.16944	0.05583	0.05362	0.04184	0.10912	0.00852	0.07503	0.05004	0.01359	0.02247	0.15967	0.04472	0.01300	0.09667	0.00390	0.05396	0.00412
6	0.02396	0.02479	0.01048	0.03790	0.05144	0.16567	0.03026	0.36679	0.13598	0.03770	0.03084	0.00987	0.00744	0.00535	0.04394	0.00131	0.00458	0.00334	0.00301	0.00536
7	0.03010	0.01080	0.01078	0.00882	0.03429	0.11205	0.00699	0.65460	0.03371	0.02015	0.00823	0.00850	0.00601	0.00432	0.00385	0.00109	0.03347	0.00315	0.00328	0.00581
8	0.05217	0.00982	0.01041	0.00811	0.01091	0.01092	0.00667	0.72436	0.09417	0.02189	0.00913	0.00906	0.00654	0.00437	0.00358	0.00111	0.00384	0.00329	0.00358	0.00604
9	0.04915	0.01005	0.01069	0.00822	0.01110	0.01115	0.00679	0.80443	0.01665	0.02264	0.00858	0.00861	0.00609	0.00432	0.00358	0.00109	0.00395	0.00322	0.00358	0.00609
10	0.00847	0.00732	0.00768	0.00695	0.00891	0.00833	0.00540	0.01763	0.74343	0.01456	0.01742	0.01612	0.11097	0.00544	0.00377	0.00123	0.00275	0.00453	0.00366	0.00543
11	0.01424	0.00949	0.01048	0.00804	0.01093	0.01025	0.00664	0.69649	0.01594	0.16552	0.00969	0.00935	0.00667	0.00439	0.00364	0.00110	0.00384	0.00334	0.00378	0.00618
12	0.01631	0.00619	0.00843	0.00647	0.00928	0.00534	0.00534	0.01771	0.01040	0.85211	0.01434	0.01237	0.00900	0.00450	0.00365	0.00112	0.00309	0.00365	0.00450	0.00619
13	0.00457	0.00336	0.00431	0.00502	0.00547	0.00311	0.00355	0.00536	0.00733	0.00955	0.02269	0.63968	0.15872	0.01088	0.00463	0.00146	0.00220	0.10172	0.00337	0.00302
14	0.01393	0.00579	0.00769	0.00612	0.00855	0.00511	0.00497	0.01567	0.04435	0.66675	0.08751	0.03965	0.06652	0.00527	0.00378	0.00115	0.00286	0.00438	0.00432	0.00564
15	0.00519	0.00389	0.00584	0.00584	0.00649	0.00454	0.00454	0.00649	0.00584	0.00844	0.00974	0.01428	0.00909	0.02726	0.85787	0.00584	0.00974	0.00389	0.00195	0.00325
16	0.00900	0.00864	0.01475	0.02231	0.84960	0.00864	0.01115	0.01115	0.00828	0.01187	0.00684	0.00900	0.00576	0.00324	0.00360	0.00108	0.00432	0.00324	0.00180	0.00576

[dist]
# distance from previous block
# <min> <max>
0	1

[block]
# block no. 1 follows, 76 sequences, length 34
# corresponding to MSA columns:
# 57-90
name=unknown_B
#
# <colnr> <probs for GDERKNQSTAVLIFYWHMCP>
#	G	D	E	R	K	N	Q	S	T	A	V	L	I	F	Y	W	H	M	C	P
0	0.00484	0.00345	0.00450	0.00520	0.00552	0.00330	0.00357	0.02986	0.00726	0.00967	0.01922	0.75185	0.02278	0.05409	0.00532	0.00158	0.00231	0.05932	0.00332	0.00303
1	0.00781	0.00781	0.01058	0.04478	0.00992	0.03495	0.00767	0.00866	0.00588	0.00881	0.00600	0.07204	0.00620	0.00655	0.01079	0.00155	0.74066	0.00369	0.00173	0.00391
2	0.00756	0.00717	0.01216	0.58801	0.29510	0.00826	0.01044	0.00990	0.00760	0.01013	0.00658	0.00946	0.00514	0.00350	0.00362	0.00117	0.00467	0.00323	0.00168	0.00460
3	0.01157	0.01378	0.01093	0.10066	0.02832	0.53973	0.03285	0.03669	0.01805	0.00952	0.00582	0.00742	0.00487	0.00420	0.00492	0.00110	0.16072	0.00271	0.00186	0.00428
4	0.01011	0.00855	0.01363	0.09461	0.39377	0.02329	0.12363	0.09291	0.06821	0.10886	0.00842	0.00979	0.00639	0.00368	0.00384	0.00113	0.01778	0.00348	0.00241	0.00552
5	0.00888	0.00743	0.01131	0.05883	0.43445	0.00756	0.02174	0.06700	0.09025	0.07119	0.07869	0.03697	0.08040	0.00465	0.00377	0.00114	0.00365	0.00421	0.00264	0.00522
6	0.00772	0.00719	0.01117	0.53498	0.12103	0.03039	0.04880	0.06155	0.03316	0.01071	0.00775	0.05294	0.00648	0.03075	0.00414	0.00125	0.00456	0.00369	0.00196	0.01977
7	0.00783	0.00698	0.00767	0.00558	0.00874	0.04595	0.00444	0.00941	0.00767	0.01170	0.00642	0.00749	0.00535	0.00274	0.00272	0.00056	0.00288	0.00216	0.00214	0.85158
8	0.00861	0.00699	0.00864	0.00647	0.02407	0.00580	0.03876	0.08628	0.00858	0.05299	0.00706	0.00800	0.00563	0.00301	0.00304	0.00067	0.01552	0.00245	0.00238	0.70505
9	0.00461	0.00344	0.00477	0.00527	0.00569	0.00319	0.02899	0.00541	0.00734	0.00980	0.08664	0.73579	0.06400	0.01071	0.00458	0.00143	0.00219	0.00972	0.00338	0.00306
10	0.00754	0.00646	0.00754	0.00538	0.00861	0.00484	0.00431	0.00915	0.00754	0.01184	0.00646	0.00754	0.00538	0.00269	0.00269	0.00054	0.00269	0.00215	0.00215	0.89449
11	0.00852	0.00741	0.00849	0.03194	0.08826	0.00836	0.00610	0.01686	0.65258	0.01443	0.06385	0.01486	0.05213	0.00509	0.00375	0.00121	0.00295	0.00432	0.00347	0.00544
12	0.00460	0.00340	0.00413	0.00455	0.00505	0.00312	0.00310	0.00532	0.00734	0.00954	0.08925	0.46122	0.22656	0.13350	0.00651	0.00168	0.00223	0.02271	0.00326	0.00292
13	0.00821	0.21704	0.57888	0.00974	0.02979	0.00977	0.05113	0.01154	0.00774	0.03522	0.00645	0.00751	0.00481	0.00338	0.00324	0.00107	0.00498	0.00263	0.00164	0.00521
14	0.00962	0.03887	0.00892	0.00745	0.00962	0.04131	0.02345	0.04078	0.66021	0.06138	0.01424	0.01324	0.03313	0.00483	0.00364	0.00119	0.00313	0.00399	0.00353	0.01745
15	0.00771	0.00654	0.00760	0.00548	0.00865	0.00504	0.00438	0.03831	0.00786	0.01219	0.00677	0.02227	0.00573	0.00290	0.00276	0.00057	0.00273	0.00233	0.00223	0.84796
16	0.02385	0.07706	0.02730	0.01012	0.11680	0.23290	0.02961	0.26635	0.09474	0.05105	0.03003	0.00906	0.00689	0.00404	0.00346	0.00105	0.00456	0.00311	0.00273	0.00530
17	0.00624	0.00316	0.00471	0.00475	0.00476	0.00315	0.00317	0.00475	0.00483	0.00643	0.00687	0.04613	0.00704	0.01258	0.01381	0.85779	0.00311	0.00345	0.00165	0.00163
18	0.01390	0.08159	0.01186	0.00875	0.01155	0.10834	0.00712	0.62559	0.05826	0.02033	0.00912	0.00952	0.00684	0.00471	0.00382	0.00119	0.00448	0.00335	0.00351	0.00618
19	0.01440	0.00611	0.00807	0.00642	0.00895	0.00555	0.00525	0.01676	0.09698	0.67732	0.07854	0.01442	0.01149	0.00492	0.00375	0.00115	0.00297	0.02675	0.00434	0.00585
20	0.04624	0.26486	0.07562	0.00910	0.06332	0.41289	0.00740	0.06208	0.00938	0.01030	0.00576	0.00668	0.00480	0.00353	0.00302	0.00093	0.00525	0.00235	0.00187	0.00463
21	0.05283	0.00823	0.00916	0.00739	0.00998	0.00884	0.00599	0.32616	0.26929	0.24477	0.01195	0.01108	0.00836	0.00453	0.00360	0.00115	0.00335	0.00358	0.00383	0.00595
22	0.01631	0.00619	0.00843	0.00647	0.00928	0.00534	0.00534	0.01771	0.01040	0.85211	0.01434	0.01237	0.00900	0.00450	0.00365	0.00112	0.00309	0.00365	0.00450	0.00619
23	0.00507	0.00371	0.00475	0.00449	0.00538	0.00340	0.00337	0.00671	0.01010	0.01413	0.77223	0.02788	0.11002	0.00760	0.00429	0.00115	0.00173	0.00668	0.00394	0.00340
24	0.01416	0.00963	0.01057	0.00810	0.01100	0.01046	0.00669	0.72514	0.01617	0.13654	0.00950	0.00923	0.00657	0.00438	0.00364	0.00110	0.00388	0.00332	0.00375	0.00618
25	0.01389	0.01007	0.01084	0.00831	0.01122	0.01111	0.00686	0.81454	0.01690	0.04610	0.00888	0.00883	0.00626	0.00437	0.00364	0.00109	0.00397	0.00328	0.00366	0.00618
26	0.00430	0.00368	0.00368	0.00368	0.00491	0.00307	0.00276	0.00522	0.00828	0.00982	0.03682	0.03498	0.84812	0.00920	0.00430	0.00123	0.00184	0.00767	0.00338	0.00307
27	0.00441	0.00324	0.00414	0.00485	0.00522	0.00297	0.00328	0.00508	0.00716	0.00936	0.02255	0.74457	0.14774	0.01106	0.00459	0.00144	0.00207	0.00993	0.00337	0.00297
28	0.00519	0.00389	0.00584	0.00584	0.00649	0.00454	0.00454	0.00649	0.00584	0.00844	0.00974	0.01428	0.00909	0.02726	0.85787	0.00584	0.00974	0.00389	0.00195	0.00325
29	0.00735	0.04115	0.83164	0.01025	0.01556	0.00860	0.01324	0.01149	0.00767	0.01143	0.00648	0.00763	0.00461	0.00344	0.00342	0.00114	0.00533	0.00267	0.00154	0.00535
30	0.00990	0.00825	0.00849	0.00751	0.00963	0.04497	0.00590	0.09454	0.66790	0.05320	0.01396	0.01361	0.01057	0.00497	0.00371	0.00122	0.00316	0.02920	0.00364	0.00567
31	0.00752	0.00646	0.00764	0.03153	0.00911	0.00494	0.00448	0.00916	0.00753	0.01177	0.00646	0.00760	0.00537	0.00272	0.00272	0.00056	0.00276	0.00219	0.00214	0.86736
32	0.00892	0.00706	0.08413	0.00636	0.00862	0.00591	0.00551	0.09997	0.10896	0.15715	0.16146	0.07259	0.06454	0.01970	0.00403	0.00115	0.00295	0.04838	0.00339	0.12921
33	0.02754	0.03180	0.02746	0.00568	0.00837	0.01738	0.01575	0.00995	0.00815	0.12372	0.09451	0.04560	0.02808	0.02782	0.00356	0.00086	0.00283	0.00337	0.00269	0.51487

[dist]
# distance from previous block
# <min> <max>
4	7

[block]
# block no. 2 follows, 76 sequences, length 110
# corresponding to MSA columns:
# 98-207
name=unknown_C
#
# <colnr> <probs for GDERKNQSTAVLIFYWHMCP>
#	G	D	E	R	K	N	Q	S	T	A	V	L	I	F	Y	W	H	M	C	P
0	0.00793	0.02572	0.01140	0.36256	0.25255	0.00790	0.02593	0.05924	0.03452	0.01155	0.04408	0.01103	0.03819	0.00388	0.00357	0.00110	0.00413	0.00348	0.01161	0.07963
1	0.00902	0.00873	0.01416	0.03817	0.69063	0.02701	0.04190	0.01193	0.08631	0.01201	0.00753	0.00940	0.00619	0.00346	0.00376	0.00111	0.01775	0.00334	0.00197	0.00563
2	0.00926	0.00988	0.03806	0.01321	0.01673	0.03443	0.61416	0.09144	0.00937	0.02976	0.00747	0.00938	0.00559	0.00321	0.00401	0.00113	0.00552	0.00387	0.00209	0.09142
3	0.00787	0.00762	0.01056	0.00909	0.00915	0.01056	0.00755	0.00873	0.00572	0.00910	0.00529	0.00836	0.00510	0.00621	0.01124	0.00154	0.80221	0.00320	0.06698	0.00393
4	0.00503	0.00371	0.00470	0.00445	0.00536	0.00338	0.00334	0.00663	0.01001	0.01392	0.73663	0.02822	0.14575	0.00767	0.00429	0.00115	0.00173	0.00672	0.00392	0.00338
5	0.00451	0.00320	0.00419	0.00495	0.00514	0.00301	0.00326	0.00508	0.00679	0.00906	0.01919	0.78697	0.02298	0.09576	0.00600	0.00168	0.00225	0.00984	0.00326	0.00288
6	0.01339	0.01692	0.01073	0.00957	0.01153	0.81184	0.03859	0.02757	0.01034	0.00922	0.00573	0.00671	0.00474	0.00373	0.00332	0.00095	0.00650	0.00243	0.00190	0.00427
7	0.00678	0.00339	0.00339	0.00339	0.00423	0.00339	0.00254	0.00847	0.00762	0.01355	0.01186	0.01355	0.00932	0.00423	0.00254	0.00085	0.00169	0.00339	0.89245	0.00339
8	0.00443	0.00316	0.00422	0.00506	0.00527	0.00295	0.00337	0.00506	0.00696	0.00928	0.02003	0.86990	0.02404	0.01139	0.00464	0.00148	0.00211	0.01033	0.00337	0.00295
9	0.00514	0.00372	0.00486	0.00457	0.00543	0.00343	0.00343	0.00686	0.01029	0.01457	0.84768	0.02715	0.03429	0.00743	0.00429	0.00114	0.00171	0.00657	0.00400	0.00343
10	0.00861	0.00969	0.02068	0.01486	0.01844	0.00918	0.78835	0.01209	0.05684	0.01185	0.00778	0.01002	0.00584	0.00317	0.00426	0.00123	0.00594	0.00428	0.00195	0.00495
11	0.01343	0.04995	0.01063	0.00924	0.01116	0.82558	0.00699	0.01437	0.01019	0.00888	0.00560	0.00653	0.00468	0.00372	0.00324	0.00093	0.00645	0.00233	0.00186	0.00423
12	0.00729	0.01880	0.85344	0.01036	0.01573	0.00844	0.01343	0.01151	0.00767	0.01151	0.00652	0.00767	0.00460	0.00345	0.00345	0.00115	0.00537	0.00269	0.00153	0.00537
13	0.00754	0.00646	0.00754	0.00538	0.00861	0.00484	0.00431	0.00915	0.00754	0.01184	0.00646	0.00754	0.00538	0.00269	0.00269	0.00054	0.00269	0.00215	0.00215	0.89449
14	0.89794	0.00703	0.00534	0.00478	0.00703	0.00815	0.00394	0.01068	0.00619	0.01631	0.00506	0.00590	0.00394	0.00337	0.00225	0.00112	0.00281	0.00197	0.00225	0.00394
15	0.00514	0.00372	0.00486	0.00457	0.00543	0.00343	0.00343	0.00686	0.01029	0.01457	0.84768	0.02715	0.03429	0.00743	0.00429	0.00114	0.00171	0.00657	0.00400	0.00343
16	0.00443	0.00316	0.00422	0.00506	0.00527	0.00295	0.00337	0.00506	0.00696	0.00928	0.02003	0.86990	0.02404	0.01139	0.00464	0.00148	0.00211	0.01033	0.00337	0.00295
17	0.01400	0.00988	0.01072	0.00822	0.01112	0.01083	0.00679	0.77618	0.01659	0.08491	0.00915	0.00900	0.00639	0.00437	0.00364	0.00109	0.00393	0.00330	0.00370	0.00618
18	0.05659	0.00608	0.00869	0.42621	0.03197	0.00702	0.00734	0.12420	0.00851	0.01163	0.01072	0.26368	0.01067	0.00601	0.00385	0.00127	0.00379	0.00527	0.00246	0.00404
19	0.00482	0.00370	0.00441	0.00423	0.00523	0.00329	0.00318	0.00623	0.00953	0.01277	0.53943	0.03013	0.34367	0.00810	0.00429	0.00118	0.00176	0.00699	0.00376	0.00329
20	0.01392	0.01002	0.01081	0.00829	0.01119	0.01103	0.00685	0.80472	0.01682	0.05604	0.00895	0.00887	0.00629	0.00437	0.00364	0.00109	0.00396	0.00329	0.00367	0.00618
21	0.80392	0.00764	0.00591	0.00520	0.00748	0.04070	0.00426	0.06727	0.00709	0.01648	0.00533	0.00612	0.00412	0.00346	0.00238	0.00112	0.00304	0.00207	0.00233	0.00410
22	0.00882	0.00764	0.00810	0.00730	0.00927	0.00885	0.00568	0.01849	0.78949	0.01483	0.01544	0.01429	0.04467	0.00514	0.00392	0.00124	0.02334	0.00423	0.00364	0.00560
23	0.00443	0.00316	0.00422	0.00506	0.00527	0.00295	0.00337	0.00506	0.00696	0.00928	0.02003	0.86990	0.02404	0.01139	0.00464	0.00148	0.00211	0.01033	0.00337	0.00295
24	0.01631	0.00619	0.00843	0.00647	0.00928	0.00534	0.00534	0.01771	0.01040	0.85211	0.01434	0.01237	0.00900	0.00450	0.00365	0.00112	0.00309	0.00365	0.00450	0.00619
25	0.04258	0.00629	0.00839	0.00645	0.00925	0.00555	0.00533	0.03417	0.01041	0.81030	0.01395	0.01210	0.00879	0.00446	0.00361	0.00112	0.00310	0.00360	0.00441	0.00612
26	0.00697	0.00656	0.01109	0.82334	0.06443	0.00810	0.01014	0.00938	0.00732	0.00941	0.00648	0.00966	0.00489	0.00361	0.00363	0.00120	0.00482	0.00323	0.00162	0.00412
27	0.89794	0.00703	0.00534	0.00478	0.00703	0.00815	0.00394	0.01068	0.00619	0.01631	0.00506	0.00590	0.00394	0.00337	0.00225	0.00112	0.00281	0.00197	0.00225	0.00394
28	0.00529	0.00352	0.00396	0.00396	0.00396	0.00352	0.00220	0.00529	0.00529	0.00705	0.01145	0.02378	0.01321	0.87227	0.01850	0.00352	0.00352	0.00529	0.00220	0.00220
29	0.01358	0.01732	0.01030	0.00936	0.01124	0.85768	0.00702	0.01451	0.01030	0.00890	0.00562	0.00655	0.00468	0.00375	0.00328	0.00094	0.00655	0.00234	0.00187	0.00421
30	0.00430	0.00368	0.00368	0.00368	0.00491	0.00307	0.00276	0.00522	0.00828	0.00982	0.03682	0.03498	0.84812	0.00920	0.00430	0.00123	0.00184	0.00767	0.00338	0.00307
31	0.00972	0.87446	0.01905	0.00622	0.00933	0.01438	0.00622	0.01088	0.00738	0.00855	0.00505	0.00583	0.00466	0.00311	0.00233	0.00078	0.00389	0.00194	0.00155	0.00466
32	0.01382	0.01018	0.01091	0.00836	0.01127	0.01127	0.00691	0.83748	0.01709	0.02291	0.00873	0.00873	0.00618	0.00436	0.00364	0.00109	0.00400	0.00327	0.00364	0.00618
33	0.00443	0.00316	0.00422	0.00506	0.00527	0.00295	0.00337	0.00506	0.00696	0.00928	0.02003	0.86990	0.02404	0.01139	0.00464	0.00148	0.00211	0.01033	0.00337	0.00295
34	0.00509	0.00371	0.00478	0.00452	0.00540	0.00341	0.00339	0.00675	0.01016	0.01427	0.79621	0.02765	0.08595	0.00754	0.00429	0.00115	0.00172	0.00664	0.00396	0.00341
35	0.00514	0.00372	0.00486	0.00457	0.00543	0.00343	0.00343	0.00686	0.01029	0.01457	0.84768	0.02715	0.03429	0.00743	0.00429	0.00114	0.00171	0.00657	0.00400	0.00343
36	0.00784	0.00417	0.00433	0.00400	0.00512	0.00424	0.00308	0.09106	0.00867	0.04640	0.01164	0.01303	0.00899	0.00426	0.00269	0.00088	0.00198	0.00339	0.77048	0.00377
37	0.01348	0.01654	0.01037	0.00929	0.01120	0.77099	0.00703	0.08107	0.01075	0.01003	0.00585	0.00676	0.00481	0.00385	0.00349	0.00096	0.02473	0.00243	0.00201	0.00437
38	0.00904	0.00781	0.00822	0.00740	0.00945	0.00904	0.00575	0.01931	0.84303	0.01520	0.01479	0.01356	0.01109	0.00493	0.00370	0.00123	0.00288	0.00411	0.00370	0.00575
39	0.00764	0.09288	0.76790	0.00994	0.01507	0.00891	0.01268	0.01155	0.00769	0.02430	0.00652	0.00759	0.00468	0.00344	0.00336	0.00112	0.00521	0.00264	0.00158	0.00532
40	0.00514	0.00372	0.00486	0.00457	0.00543	0.00343	0.00343	0.00686	0.01029	0.01457	0.84768	0.02715	0.03429	0.00743	0.00429	0.00114	0.00171	0.00657	0.00400	0.00343
41	0.00956	0.00849	0.01376	0.03095	0.71350	0.02635	0.01026	0.01161	0.00844	0.07734	0.00737	0.00914	0.00596	0.00333	0.00355	0.00105	0.00420	0.00320	0.00203	0.04993
42	0.00958	0.82496	0.06731	0.00646	0.00970	0.01404	0.00664	0.01092	0.00740	0.00872	0.00514	0.00594	0.00466	0.00313	0.00240	0.00080	0.00397	0.00199	0.00155	0.00471
43	0.00445	0.00317	0.00421	0.00503	0.00524	0.00297	0.00334	0.00507	0.00692	0.00922	0.01981	0.84822	0.02376	0.03344	0.00499	0.00153	0.00214	0.01020	0.00334	0.00293
44	0.01382	0.01018	0.01091	0.00836	0.01127	0.01127	0.00691	0.83748	0.01709	0.02291	0.00873	0.00873	0.00618	0.00436	0.00364	0.00109	0.00400	0.00327	0.00364	0.00618
45	0.00686	0.00646	0.01090	0.86353	0.02503	0.00807	0.01009	0.00929	0.00727	0.00929	0.00646	0.00969	0.00484	0.00363	0.00363	0.00121	0.00484	0.00323	0.00161	0.00404
46	0.00586	0.00418	0.00586	0.00669	0.00753	0.00418	0.00586	0.00753	0.00837	0.01088	0.01924	0.04100	0.02092	0.01004	0.00502	0.00167	0.00335	0.82513	0.00335	0.00335
47	0.00914	0.00778	0.00822	0.00738	0.00945	0.00899	0.00575	0.01929	0.83111	0.02718	0.01479	0.01354	0.01106	0.00492	0.00370	0.00123	0.00288	0.00410	0.00371	0.00576
48	0.00434	0.00368	0.00374	0.00373	0.00494	0.00309	0.00280	0.00530	0.00839	0.01007	0.08027	0.03456	0.80451	0.00911	0.00430	0.00122	0.00183	0.00761	0.00341	0.00309
49	0.00528	0.00381	0.00488	0.00460	0.00549	0.00357	0.00345	0.00720	0.03216	0.01447	0.78628	0.02655	0.04837	0.00731	0.00422	0.00114	0.00175	0.00644	0.02955	0.00348
50	0.00442	0.00318	0.00420	0.00502	0.00526	0.00296	0.00335	0.00507	0.00700	0.00929	0.02055	0.84411	0.04949	0.01132	0.00463	0.00147	0.00210	0.01025	0.00337	0.00296
51	0.06710	0.04759	0.03183	0.09959	0.21336	0.02886	0.34587	0.01179	0.03162	0.06193	0.00742	0.00928	0.00568	0.00340	0.00387	0.00115	0.01905	0.00354	0.00202	0.00502
52	0.81802	0.00809	0.08145	0.00528	0.00781	0.00818	0.00479	0.01076	0.00632	0.01588	0.00519	0.00606	0.00400	0.00338	0.00236	0.00113	0.00304	0.00203	0.00219	0.00406
53	0.00814	0.00895	0.01878	0.02516	0.07061	0.00856	0.66081	0.01083	0.00832	0.01136	0.01937	0.08833	0.00756	0.00400	0.00450	0.00125	0.03201	0.00476	0.00199	0.00472
54	0.03246	0.80315	0.01809	0.00621	0.00928	0.02964	0.00610	0.01088	0.00741	0.00888	0.00512	0.00591	0.00467	0.00311	0.00236	0.00078	0.00386	0.00196	0.00160	0.03851
55	0.45185	0.00692	0.00702	0.00575	0.00827	0.02093	0.00473	0.04259	0.00855	0.39651	0.00942	0.00895	0.00633	0.00393	0.00295	0.00112	0.00304	0.00279	0.00331	0.00504
56	0.00508	0.00371	0.00477	0.00451	0.00539	0.00340	0.00338	0.00674	0.01014	0.01422	0.78670	0.02774	0.09550	0.00756	0.00429	0.00115	0.00172	0.00666	0.00395	0.00340
57	0.00456	0.00369	0.00405	0.00396	0.00507	0.00318	0.00297	0.00572	0.00890	0.01129	0.28781	0.03255	0.59622	0.00866	0.00429	0.00120	0.00180	0.00733	0.00357	0.00318
58	0.00729	0.01880	0.85344	0.01036	0.01573	0.00844	0.01343	0.01151	0.00767	0.01151	0.00652	0.00767	0.00460	0.00345	0.00345	0.00115	0.00537	0.00269	0.00153	0.00537
59	0.00858	0.00980	0.02145	0.01532	0.01900	0.00919	0.83640	0.01164	0.00858	0.01164	0.00735	0.00980	0.00551	0.00306	0.00429	0.00123	0.00613	0.00429	0.00184	0.00490
60	0.01606	0.00611	0.00831	0.00639	0.00915	0.00529	0.00527	0.01748	0.01033	0.83063	0.01428	0.01240	0.00901	0.00449	0.00363	0.00112	0.00306	0.00365	0.02725	0.00611
61	0.00686	0.00646	0.01090	0.86353	0.02503	0.00807	0.01009	0.00929	0.00727	0.00929	0.00646	0.00969	0.00484	0.00363	0.00363	0.00121	0.00484	0.00323	0.00161	0.00404
62	0.00696	0.00656	0.01107	0.82668	0.06115	0.00810	0.01014	0.00937	0.00731	0.00940	0.00648	0.00966	0.00488	0.00362	0.00363	0.00121	0.00482	0.00323	0.00162	0.00411
63	0.00858	0.00980	0.02145	0.01532	0.01900	0.00919	0.83640	0.01164	0.00858	0.01164	0.00735	0.00980	0.00551	0.00306	0.00429	0.00123	0.00613	0.00429	0.00184	0.00490
64	0.00436	0.00368	0.00379	0.00383	0.00501	0.00310	0.00288	0.00531	0.00828	0.00993	0.05247	0.06620	0.77778	0.00927	0.00433	0.00125	0.00189	0.03019	0.00339	0.00308
65	0.00729	0.01880	0.85344	0.01036	0.01573	0.00844	0.01343	0.01151	0.00767	0.01151	0.00652	0.00767	0.00460	0.00345	0.00345	0.00115	0.00537	0.00269	0.00153	0.00537
66	0.06674	0.80304	0.01802	0.00617	0.00922	0.01393	0.00609	0.02599	0.00749	0.00931	0.00512	0.00589	0.00465	0.00315	0.00235	0.00081	0.00382	0.00197	0.00164	0.00465
67	0.00457	0.00333	0.00460	0.00532	0.00562	0.00312	0.01828	0.00529	0.00705	0.00939	0.01977	0.81787	0.02357	0.01118	0.00465	0.00148	0.00223	0.04635	0.00335	0.00300
68	0.00513	0.00371	0.00484	0.00456	0.00542	0.00342	0.00342	0.00684	0.01026	0.01451	0.83621	0.02726	0.04580	0.00746	0.00429	0.00114	0.00172	0.00659	0.00399	0.00342
69	0.00754	0.00646	0.00754	0.00538	0.00861	0.00484	0.00431	0.00915	0.00754	0.01184	0.00646	0.00754	0.00538	0.00269	0.00269	0.00054	0.00269	0.00215	0.00215	0.89449
70	0.00514	0.00372	0.00486	0.00457	0.00543	0.00343	0.00343	0.00686	0.01029	0.01457	0.84768	0.02715	0.03429	0.00743	0.00429	0.00114	0.00171	0.00657	0.00400	0.00343
71	0.00535	0.00377	0.00557	0.00557	0.00609	0.00429	0.00420	0.00618	0.00566	0.00806	0.00940	0.01450	0.00900	0.08264	0.68956	0.12297	0.00845	0.00389	0.00192	0.00295
72	0.01589	0.00609	0.00830	0.00639	0.00913	0.00527	0.00527	0.01730	0.01040	0.82050	0.04580	0.01293	0.00995	0.00461	0.00368	0.00113	0.00304	0.00377	0.00448	0.00608
73	0.00514	0.00372	0.00486	0.00457	0.00543	0.00343	0.00343	0.00686	0.01029	0.01457	0.84768	0.02715	0.03429	0.00743	0.00429	0.00114	0.00171	0.00657	0.00400	0.00343
74	0.00443	0.00316	0.00422	0.00506	0.00527	0.00295	0.00337	0.00506	0.00696	0.00928	0.02003	0.86990	0.02404	0.01139	0.00464	0.00148	0.00211	0.01033	0.00337	0.00295
75	0.01009	0.79146	0.01820	0.00652	0.00951	0.09604	0.00630	0.01123	0.00767	0.00858	0.00511	0.00590	0.00467	0.00317	0.00242	0.00079	0.00415	0.00198	0.00159	0.00462
76	0.00519	0.00389	0.00584	0.00584	0.00649	0.00454	0.00454	0.00649	0.00584	0.00844	0.00974	0.01428	0.00909	0.02726	0.85787	0.00584	0.00974	0.00389	0.00195	0.00325
77	0.01049	0.00853	0.00903	0.00769	0.01000	0.00972	0.00610	0.26771	0.59227	0.01754	0.01295	0.01209	0.00960	0.00476	0.00368	0.00119	0.00322	0.00386	0.00368	0.00588
78	0.04597	0.04535	0.02504	0.00957	0.02029	0.60437	0.05252	0.02659	0.00939	0.00960	0.00564	0.00694	0.00474	0.00401	0.00438	0.00104	0.11585	0.00256	0.00186	0.00429
79	0.01450	0.00772	0.00922	0.00722	0.00996	0.00780	0.00591	0.28827	0.12588	0.46481	0.01255	0.01133	0.00835	0.00451	0.00365	0.00113	0.00336	0.00359	0.00411	0.00613
80	0.00826	0.17027	0.47381	0.00929	0.01364	0.01887	0.07705	0.04776	0.02878	0.01159	0.00661	0.00768	0.00501	0.00335	0.00325	0.00102	0.00476	0.00268	0.00178	0.10454
81	0.00507	0.00453	0.00439	0.00446	0.00560	0.05269	0.00337	0.00622	0.02469	0.00999	0.04831	0.12038	0.61988	0.00906	0.00431	0.00127	0.00227	0.06699	0.00331	0.00320
82	0.00446	0.00369	0.00391	0.00385	0.00501	0.00314	0.00289	0.00553	0.00867	0.01074	0.19328	0.03347	0.69109	0.00886	0.00429	0.00121	0.00182	0.00746	0.00350	0.00314
83	0.00879	0.00893	0.03721	0.05357	0.58639	0.00867	0.16094	0.02074	0.04015	0.01195	0.00746	0.00991	0.00614	0.00343	0.00375	0.00113	0.00462	0.01883	0.00191	0.00548
84	0.00686	0.00646	0.01090	0.86353	0.02503	0.00807	0.01009	0.00929	0.00727	0.00929	0.00646	0.00969	0.00484	0.00363	0.00363	0.00121	0.00484	0.00323	0.00161	0.00404
85	0.00729	0.01880	0.85344	0.01036	0.01573	0.00844	0.01343	0.01151	0.00767	0.01151	0.00652	0.00767	0.00460	0.00345	0.00345	0.00115	0.00537	0.00269	0.00153	0.00537
86	0.00453	0.00323	0.00433	0.00517	0.00543	0.00304	0.00355	0.00523	0.00706	0.00939	0.01998	0.81273	0.02382	0.01129	0.00467	0.00149	0.00219	0.06653	0.00337	0.00298
87	0.00459	0.00328	0.00437	0.00500	0.00534	0.00306	0.00343	0.00544	0.00759	0.01027	0.17069	0.70069	0.02585	0.01064	0.00458	0.00142	0.00206	0.02517	0.00349	0.00305
88	0.00462	0.00330	0.00444	0.00528	0.00557	0.00312	0.00370	0.00539	0.00715	0.00949	0.01993	0.75940	0.02362	0.01121	0.00469	0.00150	0.00227	0.11895	0.00337	0.00300
89	0.01515	0.00627	0.00823	0.00646	0.00912	0.00568	0.00529	0.01756	0.10311	0.72860	0.01430	0.01255	0.00924	0.00454	0.00362	0.00113	0.00302	0.00370	0.03642	0.00604
90	0.00707	0.00667	0.01127	0.78385	0.10314	0.00813	0.01019	0.00946	0.00736	0.00953	0.00650	0.00962	0.00493	0.00360	0.00363	0.00120	0.00480	0.00323	0.00163	0.00420
91	0.00491	0.00371	0.00453	0.00432	0.00528	0.00333	0.00324	0.00640	0.00973	0.01324	0.61985	0.02935	0.26296	0.00793	0.00429	0.00117	0.00175	0.00688	0.00383	0.00333
92	0.01382	0.01018	0.01091	0.00836	0.01127	0.01127	0.00691	0.83748	0.01709	0.02291	0.00873	0.00873	0.00618	0.00436	0.00364	0.00109	0.00400	0.00327	0.00364	0.00618
93	0.00442	0.00320	0.00418	0.00496	0.00525	0.00296	0.00333	0.00507	0.00705	0.00932	0.02123	0.81022	0.08294	0.01123	0.00461	0.00146	0.00209	0.01014	0.00337	0.00296
94	0.00451	0.00322	0.00432	0.00516	0.00541	0.00303	0.00352	0.00521	0.00704	0.00937	0.01998	0.82009	0.02385	0.01131	0.00466	0.00149	0.00218	0.05930	0.00337	0.00298
95	0.89794	0.00703	0.00534	0.00478	0.00703	0.00815	0.00394	0.01068	0.00619	0.01631	0.00506	0.00590	0.00394	0.00337	0.00225	0.00112	0.00281	0.00197	0.00225	0.00394
96	0.01111	0.00686	0.00824	0.00616	0.00917	0.00593	0.00500	0.10912	0.04402	0.27900	0.00956	0.00945	0.00685	0.00355	0.00315	0.00082	0.00298	0.00284	0.00313	0.47307
97	0.00729	0.01880	0.85344	0.01036	0.01573	0.00844	0.01343	0.01151	0.00767	0.01151	0.00652	0.00767	0.00460	0.00345	0.00345	0.00115	0.00537	0.00269	0.00153	0.00537
98	0.00525	0.00396	0.00588	0.00585	0.00646	0.00463	0.00453	0.00649	0.00582	0.00840	0.00970	0.01448	0.00914	0.05504	0.81442	0.00569	0.02518	0.00393	0.00195	0.00322
99	0.00529	0.00352	0.00396	0.00396	0.00396	0.00352	0.00220	0.00529	0.00529	0.00705	0.01145	0.02378	0.01321	0.87227	0.01850	0.00352	0.00352	0.00529	0.00220	0.00220
100	0.00785	0.01471	0.48067	0.01238	0.01687	0.00884	0.35386	0.01147	0.00798	0.01147	0.00681	0.00856	0.00499	0.00339	0.00409	0.00120	0.03471	0.00337	0.00166	0.00513
101	0.00854	0.44464	0.40964	0.00847	0.01265	0.01142	0.03777	0.01120	0.00756	0.01004	0.00582	0.00683	0.00466	0.00327	0.00292	0.00097	0.00466	0.00237	0.00155	0.00500
102	0.00442	0.00318	0.00420	0.00502	0.00526	0.00296	0.00336	0.00507	0.00700	0.00929	0.02050	0.84651	0.04712	0.01133	0.00463	0.00147	0.00210	0.01026	0.00337	0.00296
103	0.00449	0.00345	0.00410	0.00444	0.00515	0.00307	0.00314	0.00540	0.00799	0.01030	0.15311	0.41300	0.34946	0.00992	0.00445	0.00133	0.00194	0.00871	0.00347	0.00307
104	0.01091	0.01746	0.03774	0.02672	0.02239	0.00697	0.13000	0.04397	0.02591	0.33644	0.04151	0.11981	0.02516	0.00553	0.00510	0.00125	0.13029	0.00462	0.00322	0.00500
105	0.00884	0.00812	0.01110	0.05015	0.01083	0.02356	0.04785	0.05003	0.11134	0.05156	0.00690	0.00906	0.00587	0.00567	0.00920	0.00145	0.57853	0.00337	0.00211	0.00446
106	0.00795	0.00795	0.01113	0.00954	0.00954	0.01113	0.00795	0.00875	0.00557	0.00875	0.00477	0.00795	0.00477	0.00636	0.01193	0.00159	0.86562	0.00318	0.00159	0.00398
107	0.10184	0.02403	0.17597	0.04363	0.12556	0.18049	0.07091	0.02361	0.00804	0.03552	0.00646	0.00848	0.00527	0.00412	0.00488	0.00118	0.15496	0.01845	0.00190	0.00470
108	0.05505	0.08365	0.08692	0.02955	0.16672	0.02401	0.16099	0.04243	0.02479	0.02870	0.00913	0.16097	0.00870	0.00512	0.00461	0.00122	0.09612	0.00447	0.00221	0.00465
109	0.08975	0.07098	0.05284	0.02172	0.00981	0.05745	0.04653	0.11643	0.12286	0.06208	0.02341	0.10806	0.00907	0.03822	0.01867	0.00138	0.13940	0.00409	0.00266	0.00460

[dist]
# distance from previous block
# <min> <max>
3	22

[block]
# block no. 3 follows, 76 sequences, length 88
# corresponding to MSA columns:
# 230-317
name=unknown_D
#
# <colnr> <probs for GDERKNQSTAVLIFYWHMCP>
#	G	D	E	R	K	N	Q	S	T	A	V	L	I	F	Y	W	H	M	C	P
0	0.00974	0.02395	0.02422	0.02747	0.01689	0.00530	0.01427	0.07081	0.03626	0.29914	0.06482	0.06204	0.24933	0.06064	0.00481	0.00131	0.00285	0.00529	0.00358	0.01728
1	0.00901	0.01671	0.03925	0.28207	0.06804	0.02989	0.08394	0.12736	0.11188	0.04612	0.00871	0.02353	0.00670	0.00414	0.00404	0.00116	0.05031	0.00351	0.06835	0.01528
2	0.08592	0.11318	0.28572	0.03264	0.03291	0.08367	0.08345	0.08593	0.03926	0.02052	0.00941	0.01026	0.07583	0.00451	0.02073	0.00119	0.00466	0.00324	0.00213	0.00485
3	0.01060	0.02707	0.04463	0.03728	0.27249	0.02261	0.14782	0.29243	0.01134	0.04644	0.00870	0.02955	0.02400	0.00398	0.00373	0.00112	0.00444	0.00364	0.00258	0.00554
4	0.00991	0.11904	0.07987	0.03212	0.29731	0.00893	0.12986	0.05006	0.06419	0.12252	0.01808	0.00980	0.01540	0.00365	0.00354	0.00108	0.00426	0.00336	0.00236	0.02468
5	0.00531	0.00380	0.00500	0.00496	0.00526	0.00418	0.00341	0.00592	0.00555	0.00773	0.01050	0.01904	0.01112	0.46383	0.40324	0.00454	0.02723	0.00460	0.00207	0.00272
6	0.00795	0.00795	0.01113	0.00954	0.00954	0.01113	0.00795	0.00875	0.00557	0.00875	0.00477	0.00795	0.00477	0.00636	0.01193	0.00159	0.86562	0.00318	0.00159	0.00398
7	0.00754	0.00646	0.00754	0.00538	0.00861	0.00484	0.00431	0.00915	0.00754	0.01184	0.00646	0.00754	0.00538	0.00269	0.00269	0.00054	0.00269	0.00215	0.00215	0.89449
8	0.01250	0.01126	0.01110	0.02665	0.15155	0.21667	0.00755	0.40225	0.06255	0.03991	0.00826	0.01853	0.00630	0.00413	0.00356	0.00107	0.00458	0.00318	0.00289	0.00553
9	0.01314	0.01637	0.01020	0.00945	0.02866	0.77763	0.00698	0.03505	0.02724	0.00945	0.00631	0.03065	0.00541	0.00399	0.00334	0.00096	0.00625	0.00264	0.00199	0.00429
10	0.00447	0.00326	0.00422	0.00498	0.00532	0.00301	0.00341	0.00517	0.00715	0.00940	0.02174	0.75154	0.10928	0.01111	0.00462	0.00146	0.00213	0.04139	0.00337	0.00298
11	0.01034	0.00631	0.00797	0.00607	0.00885	0.00532	0.02389	0.03222	0.05221	0.28201	0.06204	0.04433	0.00938	0.00407	0.00329	0.00087	0.00286	0.00341	0.00318	0.43140
12	0.00700	0.00532	0.00654	0.00546	0.00732	0.00462	0.00416	0.00821	0.00752	0.06182	0.07560	0.19706	0.02527	0.07271	0.00514	0.00114	0.05670	0.01339	0.00270	0.43232
13	0.01382	0.01018	0.01091	0.00836	0.01127	0.01127	0.00691	0.83748	0.01709	0.02291	0.00873	0.00873	0.00618	0.00436	0.00364	0.00109	0.00400	0.00327	0.00364	0.00618
14	0.00765	0.01759	0.74965	0.01075	0.01589	0.00844	0.09449	0.01168	0.00783	0.03304	0.00680	0.00800	0.00481	0.00344	0.00354	0.00116	0.00539	0.00287	0.00164	0.00535
15	0.01110	0.00557	0.00695	0.02783	0.00814	0.03702	0.00472	0.01260	0.01871	0.43782	0.22121	0.07630	0.08710	0.00615	0.00394	0.00117	0.00276	0.02207	0.00400	0.00483
16	0.00487	0.00368	0.00497	0.00551	0.00592	0.00360	0.02278	0.00619	0.06161	0.00971	0.01919	0.78267	0.02251	0.01071	0.00467	0.00146	0.01373	0.00969	0.00334	0.00319
17	0.00686	0.00646	0.01090	0.86353	0.02503	0.00807	0.01009	0.00929	0.00727	0.00929	0.00646	0.00969	0.00484	0.00363	0.00363	0.00121	0.00484	0.00323	0.00161	0.00404
18	0.00649	0.00613	0.01077	0.00939	0.03349	0.00638	0.24354	0.00801	0.00741	0.01013	0.01362	0.35356	0.02379	0.00777	0.00574	0.00143	0.14494	0.10102	0.00259	0.00380
19	0.00900	0.00864	0.01475	0.02231	0.84960	0.00864	0.01115	0.01115	0.00828	0.01187	0.00684	0.00900	0.00576	0.00324	0.00360	0.00108	0.00432	0.00324	0.00180	0.00576
20	0.00820	0.00829	0.01020	0.00890	0.00924	0.09352	0.00728	0.02607	0.00631	0.00899	0.00573	0.00893	0.00551	0.01960	0.13178	0.00215	0.63045	0.00323	0.00172	0.00392
21	0.00808	0.01384	0.46994	0.01041	0.02353	0.01699	0.15764	0.05332	0.03755	0.04353	0.01843	0.03818	0.03335	0.00432	0.00393	0.00120	0.02234	0.03622	0.00210	0.00509
22	0.00764	0.00750	0.01054	0.00913	0.00920	0.01039	0.00757	0.00849	0.00560	0.00871	0.00533	0.00866	0.00525	0.00870	0.10663	0.00207	0.76980	0.00326	0.00163	0.00389
23	0.00447	0.00318	0.00421	0.00501	0.00521	0.00298	0.00332	0.00507	0.00688	0.00918	0.01965	0.83227	0.02356	0.04968	0.00526	0.00157	0.00217	0.01011	0.00332	0.00292
24	0.06324	0.22449	0.04121	0.04932	0.01157	0.22051	0.08438	0.09935	0.02636	0.10351	0.00746	0.01859	0.00592	0.02477	0.00357	0.00107	0.00467	0.00290	0.00232	0.00479
25	0.02698	0.20404	0.01172	0.00741	0.00971	0.08243	0.00631	0.11338	0.00960	0.32636	0.00897	0.00907	0.00648	0.00441	0.00476	0.00111	0.15606	0.00300	0.00295	0.00525
26	0.00439	0.00365	0.00383	0.00385	0.00498	0.00310	0.00286	0.00537	0.00840	0.01025	0.11490	0.08327	0.72035	0.00916	0.00431	0.00123	0.00184	0.00772	0.00344	0.00310
27	0.01026	0.02626	0.01071	0.00999	0.11804	0.02160	0.05475	0.22870	0.43592	0.01627	0.01151	0.02150	0.00875	0.00448	0.00368	0.00117	0.00360	0.00380	0.00326	0.00574
28	0.02501	0.01058	0.01064	0.06434	0.14780	0.25348	0.04183	0.10479	0.18059	0.04529	0.01747	0.02874	0.00794	0.00444	0.00363	0.00112	0.00456	0.04011	0.00264	0.00501
29	0.00440	0.00329	0.00409	0.00473	0.00518	0.00298	0.00323	0.00510	0.00728	0.00941	0.02407	0.66893	0.22240	0.01086	0.00456	0.00142	0.00204	0.00969	0.00337	0.00298
30	0.01123	0.00657	0.00777	0.00654	0.00869	0.00676	0.00520	0.06542	0.33325	0.31625	0.15421	0.01513	0.01390	0.00514	0.00375	0.00116	0.00280	0.00429	0.02646	0.00548
31	0.03305	0.05754	0.26526	0.06445	0.21510	0.07568	0.05450	0.02525	0.05287	0.04844	0.00715	0.00856	0.00552	0.00375	0.00408	0.00114	0.06755	0.00302	0.00195	0.00516
32	0.01050	0.01272	0.04893	0.03116	0.09451	0.33402	0.30302	0.02945	0.00907	0.01055	0.00640	0.00822	0.00512	0.00367	0.00441	0.00113	0.07738	0.00324	0.00185	0.00467
33	0.00528	0.00355	0.00408	0.00408	0.00412	0.00359	0.00235	0.00536	0.00532	0.00713	0.01134	0.02319	0.01295	0.81927	0.07114	0.00367	0.00391	0.00520	0.00219	0.00227
34	0.89794	0.00703	0.00534	0.00478	0.00703	0.00815	0.00394	0.01068	0.00619	0.01631	0.00506	0.00590	0.00394	0.00337	0.00225	0.00112	0.00281	0.00197	0.00225	0.00394
35	0.85490	0.00699	0.00549	0.00486	0.00714	0.00802	0.00400	0.01103	0.00639	0.05711	0.00551	0.00622	0.00418	0.00343	0.00232	0.00112	0.00283	0.00205	0.00236	0.00405
36	0.00828	0.00791	0.01346	0.30476	0.57274	0.00845	0.01080	0.01053	0.00794	0.01101	0.00671	0.00923	0.00545	0.00337	0.00361	0.00112	0.00449	0.00324	0.00174	0.00518
37	0.00484	0.00370	0.00444	0.00425	0.00524	0.00330	0.00319	0.00627	0.00957	0.01288	0.55808	0.02995	0.32495	0.00806	0.00429	0.00117	0.00176	0.00696	0.00378	0.00330
38	0.00608	0.00390	0.00514	0.00477	0.00576	0.00357	0.00359	0.00771	0.01010	0.08794	0.72629	0.07482	0.03147	0.00740	0.00425	0.00116	0.00186	0.00653	0.00401	0.00364
39	0.00972	0.87446	0.01905	0.00622	0.00933	0.01438	0.00622	0.01088	0.00738	0.00855	0.00505	0.00583	0.00466	0.00311	0.00233	0.00078	0.00389	0.00194	0.00155	0.00466
40	0.00443	0.00368	0.00388	0.00384	0.00500	0.00312	0.00288	0.00548	0.00859	0.01057	0.16612	0.04553	0.70646	0.00895	0.00430	0.00122	0.00182	0.00753	0.00348	0.00312
41	0.02402	0.00987	0.01064	0.00819	0.01107	0.01086	0.00676	0.76200	0.03943	0.06644	0.00915	0.00902	0.00644	0.00437	0.00362	0.00110	0.00391	0.00330	0.00367	0.00614
42	0.00872	0.46147	0.35100	0.00821	0.01218	0.01152	0.03434	0.02856	0.01734	0.01025	0.00619	0.00755	0.00510	0.00343	0.00294	0.00097	0.00453	0.01908	0.00166	0.00497
43	0.02519	0.00814	0.01835	0.47766	0.01858	0.08126	0.03657	0.08245	0.13807	0.02892	0.00820	0.02265	0.00629	0.00409	0.00385	0.00119	0.02833	0.00341	0.00224	0.00457
44	0.01363	0.01569	0.01044	0.00914	0.01124	0.66480	0.00700	0.20205	0.01185	0.01209	0.00633	0.00705	0.00502	0.00389	0.00336	0.00097	0.00597	0.00255	0.00227	0.00466
45	0.00638	0.00346	0.00371	0.00365	0.00450	0.00339	0.00273	0.00807	0.00820	0.01370	0.19019	0.01684	0.03019	0.00501	0.00294	0.00092	0.00170	0.00414	0.68689	0.00339
46	0.00455	0.00369	0.00404	0.00395	0.00507	0.00318	0.00296	0.00571	0.00889	0.01126	0.28243	0.03261	0.60162	0.00867	0.00429	0.00120	0.00180	0.00734	0.00356	0.00318
47	0.00507	0.00371	0.00475	0.00449	0.00538	0.00340	0.00337	0.00671	0.01011	0.01414	0.77406	0.02786	0.10818	0.00759	0.00429	0.00115	0.00173	0.00667	0.00394	0.00340
48	0.00729	0.01880	0.85344	0.01036	0.01573	0.00844	0.01343	0.01151	0.00767	0.01151	0.00652	0.00767	0.00460	0.00345	0.00345	0.00115	0.00537	0.00269	0.00153	0.00537
49	0.00448	0.00321	0.00426	0.00500	0.00528	0.00299	0.00337	0.00520	0.00723	0.00969	0.08409	0.79286	0.03673	0.01105	0.00461	0.00145	0.00207	0.01000	0.00342	0.00299
50	0.01288	0.00890	0.00960	0.00748	0.01007	0.00971	0.00614	0.66117	0.01523	0.07070	0.00954	0.00969	0.00683	0.00435	0.00347	0.00106	0.00359	0.00331	0.14053	0.00575
51	0.01631	0.00619	0.00843	0.00647	0.00928	0.00534	0.00534	0.01771	0.01040	0.85211	0.01434	0.01237	0.00900	0.00450	0.00365	0.00112	0.00309	0.00365	0.00450	0.00619
52	0.00890	0.00850	0.01430	0.02125	0.79685	0.00840	0.01072	0.01103	0.00823	0.01187	0.00681	0.00890	0.00573	0.00320	0.00354	0.00105	0.00422	0.00317	0.00182	0.06150
53	0.00754	0.00646	0.00754	0.00538	0.00861	0.00484	0.00431	0.00915	0.00754	0.01184	0.00646	0.00754	0.00538	0.00269	0.00269	0.00054	0.00269	0.00215	0.00215	0.89449
54	0.01179	0.05002	0.10086	0.00987	0.09206	0.01055	0.02756	0.51650	0.11240	0.01881	0.00883	0.00911	0.00647	0.00414	0.00358	0.00110	0.00409	0.00327	0.00311	0.00590
55	0.00689	0.00723	0.06375	0.81002	0.02445	0.00810	0.01030	0.00943	0.00729	0.00943	0.00646	0.00956	0.00483	0.00362	0.00362	0.00121	0.00488	0.00320	0.00161	0.00412
56	0.00463	0.00370	0.00415	0.00404	0.00512	0.00321	0.00303	0.00587	0.00909	0.01172	0.36121	0.03185	0.52254	0.00849	0.00429	0.00119	0.00179	0.00723	0.00363	0.00321
57	0.01230	0.00943	0.01006	0.00806	0.01069	0.01056	0.00654	0.57840	0.27863	0.02047	0.01065	0.01026	0.00774	0.00454	0.00366	0.00114	0.00364	0.00354	0.00366	0.00605
58	0.01454	0.00904	0.01005	0.00853	0.06301	0.08527	0.00652	0.36474	0.01310	0.37130	0.01070	0.01009	0.00721	0.00429	0.00361	0.00109	0.00387	0.00335	0.00373	0.00598
59	0.00523	0.00351	0.00404	0.00410	0.00413	0.00352	0.00236	0.00531	0.00541	0.00723	0.01193	0.07653	0.01375	0.78950	0.04621	0.00347	0.00365	0.00555	0.00227	0.00228
60	0.00442	0.00337	0.00407	0.00456	0.00516	0.00302	0.00317	0.00522	0.00760	0.00977	0.07319	0.53540	0.30714	0.01041	0.00450	0.00137	0.00199	0.00920	0.00341	0.00302
61	0.00963	0.00858	0.01461	0.02545	0.32183	0.00885	0.23176	0.04303	0.11445	0.09145	0.00856	0.01001	0.00659	0.00386	0.00457	0.00119	0.08415	0.00367	0.00235	0.00540
62	0.00465	0.00346	0.00465	0.00534	0.00554	0.00347	0.00366	0.00529	0.00687	0.00924	0.01907	0.81584	0.02283	0.01107	0.00510	0.00148	0.05627	0.00988	0.00326	0.00302
63	0.00458	0.00347	0.00424	0.00461	0.00529	0.00313	0.00330	0.00556	0.00807	0.01053	0.18375	0.41396	0.28180	0.00989	0.00448	0.00134	0.00200	0.04340	0.00349	0.00310
64	0.00819	0.01134	0.23463	0.10628	0.20572	0.00886	0.27217	0.01109	0.00792	0.02082	0.00680	0.00894	0.00524	0.00354	0.00443	0.00120	0.07259	0.00343	0.00174	0.00507
65	0.00766	0.00668	0.00759	0.00546	0.00867	0.02211	0.00436	0.00926	0.00759	0.01178	0.00644	0.00752	0.00537	0.00271	0.00270	0.00055	0.00277	0.00216	0.00215	0.87647
66	0.00527	0.00357	0.00419	0.00419	0.00427	0.00365	0.00248	0.00543	0.00535	0.00721	0.01125	0.02265	0.01272	0.77144	0.11865	0.00380	0.00426	0.00512	0.00217	0.00233
67	0.89794	0.00703	0.00534	0.00478	0.00703	0.00815	0.00394	0.01068	0.00619	0.01631	0.00506	0.00590	0.00394	0.00337	0.00225	0.00112	0.00281	0.00197	0.00225	0.00394
68	0.00465	0.00365	0.00421	0.00418	0.00516	0.00320	0.00309	0.00587	0.00897	0.01170	0.36546	0.11218	0.43731	0.00869	0.00433	0.00122	0.00182	0.00748	0.00363	0.00320
69	0.00443	0.00317	0.00421	0.00504	0.00527	0.00295	0.00337	0.00506	0.00698	0.00929	0.02026	0.85864	0.03515	0.01136	0.00463	0.00147	0.00211	0.01030	0.00337	0.00295
70	0.00729	0.01880	0.85344	0.01036	0.01573	0.00844	0.01343	0.01151	0.00767	0.01151	0.00652	0.00767	0.00460	0.00345	0.00345	0.00115	0.00537	0.00269	0.00153	0.00537
71	0.00542	0.00373	0.00440	0.00438	0.00529	0.00342	0.00322	0.02173	0.00883	0.03249	0.30967	0.19768	0.24738	0.00814	0.00409	0.00119	0.00190	0.00706	0.12661	0.00335
72	0.01563	0.00641	0.00846	0.00656	0.00931	0.00577	0.00539	0.05750	0.05083	0.75674	0.01448	0.01264	0.02355	0.00459	0.00367	0.00113	0.00310	0.00373	0.00440	0.00611
73	0.00686	0.00646	0.01090	0.86353	0.02503	0.00807	0.01009	0.00929	0.00727	0.00929	0.00646	0.00969	0.00484	0.00363	0.00363	0.00121	0.00484	0.00323	0.00161	0.00404
74	0.01315	0.00985	0.01053	0.00823	0.01102	0.01096	0.00675	0.72266	0.13300	0.02182	0.00958	0.00940	0.00687	0.00444	0.00364	0.00111	0.00384	0.00339	0.00364	0.00612
75	0.89794	0.00703	0.00534	0.00478	0.00703	0.00815	0.00394	0.01068	0.00619	0.01631	0.00506	0.00590	0.00394	0.00337	0.00225	0.00112	0.00281	0.00197	0.00225	0.00394
76	0.00587	0.00424	0.00583	0.00655	0.00741	0.00425	0.00565	0.00777	0.03153	0.01121	0.07327	0.05342	0.02157	0.00975	0.00493	0.00162	0.00321	0.73512	0.00340	0.00341
77	0.00639	0.00463	0.00617	0.00672	0.00773	0.00472	0.00582	0.05983	0.03001	0.01178	0.03214	0.03794	0.03635	0.00950	0.00487	0.00161	0.00332	0.72350	0.00338	0.00358
