[name]
unknown

[dist]
# distance from previous block
# <min> <max>
4	23

[block]
# block no. 0 follows, 73 sequences, length 18
# corresponding to MSA columns:
# 33-50
name=unknown_A
#
# <colnr> <probs for GDERKNQSTAVLIFYWHMCP>
#	G	D	E	R	K	N	Q	S	T	A	V	L	I	F	Y	W	H	M	C	P
0	0.09504	0.00573	0.00699	0.08942	0.03542	0.02040	0.01805	0.05463	0.03086	0.06607	0.07062	0.16535	0.06783	0.16308	0.02067	0.00174	0.01760	0.00541	0.00287	0.06222
1	0.06384	0.00755	0.00866	0.11421	0.03868	0.08028	0.04612	0.14817	0.06820	0.02208	0.03644	0.03972	0.02310	0.25223	0.00840	0.01049	0.02073	0.00431	0.00262	0.00417
2	0.04122	0.00683	0.00801	0.04236	0.05178	0.00713	0.00556	0.24268	0.08524	0.08146	0.07174	0.10422	0.12761	0.04984	0.01673	0.00140	0.00330	0.01815	0.00341	0.03135
3	0.03148	0.00725	0.00949	0.13970	0.06677	0.02930	0.05277	0.18714	0.05370	0.08652	0.07609	0.07533	0.04983	0.07045	0.02412	0.00151	0.00396	0.02681	0.00304	0.00474
4	0.04248	0.00831	0.00938	0.06863	0.04387	0.04859	0.02236	0.27603	0.18971	0.07642	0.03890	0.10401	0.02198	0.02691	0.00424	0.00127	0.00368	0.00452	0.00338	0.00531
5	0.04142	0.00714	0.00972	0.20731	0.10949	0.04474	0.03931	0.08485	0.03038	0.07894	0.05328	0.07911	0.04447	0.03279	0.05303	0.01180	0.03525	0.00438	0.01503	0.01758
6	0.00783	0.00667	0.01017	0.56845	0.03159	0.02393	0.02265	0.04746	0.02050	0.05260	0.08501	0.02770	0.03380	0.00481	0.01434	0.00128	0.00443	0.00395	0.01639	0.01646
7	0.00745	0.00596	0.00735	0.05832	0.04054	0.04652	0.02484	0.09635	0.03130	0.03221	0.01317	0.30281	0.01404	0.15779	0.05301	0.02220	0.04918	0.00623	0.01611	0.01463
8	0.06725	0.00669	0.00809	0.05007	0.03890	0.05212	0.02007	0.08411	0.03248	0.30735	0.04568	0.24472	0.01336	0.00647	0.00397	0.00125	0.00330	0.00554	0.00362	0.00494
9	0.01317	0.13283	0.02430	0.00879	0.02394	0.03791	0.02451	0.62151	0.01514	0.02002	0.00814	0.00850	0.00602	0.00431	0.00385	0.00110	0.03361	0.00316	0.00322	0.00597
10	0.01009	0.00908	0.00887	0.00788	0.01005	0.08240	0.00614	0.07811	0.70730	0.01571	0.01400	0.01301	0.01051	0.00494	0.00378	0.00124	0.00338	0.00402	0.00365	0.00583
11	0.00459	0.00332	0.00430	0.00506	0.00536	0.00308	0.00339	0.00525	0.00724	0.00954	0.02186	0.76435	0.09514	0.04177	0.00526	0.00158	0.00220	0.01024	0.00344	0.00303
12	0.01222	0.00597	0.00753	0.00622	0.00846	0.00561	0.00498	0.01531	0.15652	0.46814	0.17617	0.01794	0.08673	0.00572	0.00396	0.00119	0.00277	0.00479	0.00430	0.00548
13	0.00525	0.00360	0.00426	0.00440	0.00456	0.00357	0.00268	0.00552	0.00607	0.00810	0.03749	0.17347	0.05085	0.61070	0.06110	0.00323	0.00360	0.00644	0.00258	0.00254
14	0.00588	0.00502	0.00497	0.00488	0.00597	0.07676	0.00361	0.00705	0.00921	0.03395	0.27573	0.15483	0.38105	0.00867	0.00438	0.00125	0.00236	0.00740	0.00358	0.00345
15	0.00752	0.01941	0.84871	0.01069	0.01624	0.00871	0.01386	0.01188	0.00792	0.01188	0.00673	0.00792	0.00475	0.00356	0.00356	0.00119	0.00554	0.00277	0.00158	0.00554
16	0.12230	0.00872	0.00903	0.00761	0.00982	0.08166	0.02003	0.15830	0.25749	0.15813	0.03894	0.03449	0.00933	0.00494	0.00420	0.00122	0.06120	0.00377	0.00342	0.00542
17	0.04914	0.04311	0.02861	0.00882	0.02564	0.16253	0.05060	0.30235	0.13938	0.08709	0.02970	0.01025	0.01739	0.00447	0.00384	0.00114	0.02384	0.00344	0.00315	0.00554

[dist]
# distance from previous block
# <min> <max>
4	10

[block]
# block no. 1 follows, 73 sequences, length 6
# corresponding to MSA columns:
# 61-66
name=unknown_B
#
# <colnr> <probs for GDERKNQSTAVLIFYWHMCP>
#	G	D	E	R	K	N	Q	S	T	A	V	L	I	F	Y	W	H	M	C	P
0	0.01442	0.01276	0.01079	0.00882	0.01143	0.31231	0.00702	0.46208	0.01447	0.09696	0.00841	0.00856	0.00610	0.00429	0.00362	0.00107	0.00498	0.00307	0.00319	0.00565
1	0.05262	0.00778	0.00808	0.00698	0.00906	0.09933	0.00545	0.08616	0.18723	0.29566	0.05149	0.14945	0.01245	0.00587	0.00386	0.00122	0.00338	0.00485	0.00378	0.00529
2	0.00462	0.00340	0.00433	0.00495	0.00540	0.00311	0.00339	0.00543	0.00773	0.01020	0.10320	0.65406	0.15441	0.01100	0.00470	0.00145	0.00209	0.00986	0.00355	0.00311
3	0.00992	0.00918	0.06218	0.00990	0.11976	0.08357	0.02831	0.11685	0.25261	0.06977	0.02916	0.08675	0.01030	0.03169	0.04361	0.00151	0.02226	0.00436	0.00305	0.00527
4	0.01475	0.00629	0.00882	0.00787	0.08232	0.00557	0.00580	0.01631	0.01053	0.67162	0.11608	0.01434	0.01221	0.00490	0.00385	0.00116	0.00313	0.00411	0.00434	0.00600
5	0.01628	0.00728	0.00926	0.00710	0.01002	0.00684	0.00586	0.19436	0.01223	0.66916	0.01355	0.01196	0.00866	0.00461	0.00377	0.00115	0.00339	0.00369	0.00445	0.00638

[dist]
# distance from previous block
# <min> <max>
4	19

[block]
# block no. 2 follows, 73 sequences, length 11
# corresponding to MSA columns:
# 86-96
name=unknown_C
#
# <colnr> <probs for GDERKNQSTAVLIFYWHMCP>
#	G	D	E	R	K	N	Q	S	T	A	V	L	I	F	Y	W	H	M	C	P
0	0.03778	0.12185	0.01002	0.00627	0.00950	0.00717	0.03209	0.06604	0.03655	0.01281	0.00691	0.00786	0.00567	0.00307	0.00287	0.00069	0.00316	0.00241	0.00229	0.62500
1	0.00521	0.00440	0.00460	0.00444	0.00562	0.03100	0.00334	0.00675	0.03515	0.01203	0.32396	0.03158	0.50143	0.00853	0.00438	0.00123	0.00204	0.00722	0.00368	0.00342
2	0.00893	0.05852	0.00876	0.00741	0.03183	0.02774	0.00569	0.06362	0.46421	0.03509	0.10223	0.01669	0.10859	0.00569	0.00418	0.00123	0.03621	0.00463	0.00352	0.00523
3	0.03407	0.00580	0.00769	0.00626	0.00860	0.00517	0.00503	0.01547	0.02908	0.62405	0.07677	0.12204	0.01313	0.00575	0.00389	0.00120	0.00292	0.00484	0.02260	0.00563
4	0.00474	0.00351	0.00442	0.00483	0.00542	0.00320	0.00338	0.00573	0.00832	0.01109	0.23632	0.49720	0.17750	0.01029	0.00463	0.00139	0.00202	0.00916	0.00365	0.00320
5	0.00589	0.00518	0.00518	0.00528	0.00609	0.09565	0.00381	0.00699	0.00887	0.01134	0.28768	0.29180	0.17209	0.04914	0.00513	0.00141	0.00260	0.02905	0.00347	0.00334
6	0.00851	0.00456	0.00605	0.00559	0.00686	0.00428	0.00422	0.01005	0.03522	0.24868	0.23037	0.23258	0.03812	0.04803	0.09720	0.00190	0.00330	0.00649	0.00378	0.00421
7	0.74946	0.05524	0.00735	0.00698	0.09839	0.00883	0.00500	0.01109	0.00669	0.01589	0.00542	0.00644	0.00431	0.00345	0.00248	0.00114	0.00313	0.00217	0.00223	0.00431
8	0.02959	0.00957	0.02408	0.00815	0.02540	0.02300	0.00663	0.51955	0.04813	0.05290	0.00871	0.00899	0.00639	0.00418	0.00377	0.00103	0.02821	0.00314	0.00330	0.18528
9	0.05369	0.09934	0.09643	0.01078	0.08956	0.23155	0.08988	0.18556	0.01067	0.03446	0.00695	0.00805	0.00542	0.00395	0.00403	0.00110	0.05811	0.00297	0.00231	0.00518
10	0.16197	0.07255	0.00896	0.00649	0.00909	0.00752	0.00538	0.14599	0.02392	0.41305	0.02774	0.05623	0.03518	0.00491	0.00351	0.00115	0.00323	0.00384	0.00376	0.00554

[dist]
# distance from previous block
# <min> <max>
15	26

[block]
# block no. 3 follows, 73 sequences, length 21
# corresponding to MSA columns:
# 125-145
name=unknown_D
#
# <colnr> <probs for GDERKNQSTAVLIFYWHMCP>
#	G	D	E	R	K	N	Q	S	T	A	V	L	I	F	Y	W	H	M	C	P
0	0.07036	0.06179	0.22167	0.01204	0.18938	0.10950	0.04698	0.11681	0.03180	0.07287	0.00763	0.00858	0.00574	0.00373	0.00349	0.00110	0.00475	0.00301	0.00232	0.02645
1	0.08604	0.25499	0.06728	0.00800	0.01072	0.25431	0.03334	0.12719	0.00996	0.03173	0.00856	0.00917	0.06265	0.00414	0.00333	0.00102	0.01758	0.00291	0.00227	0.00480
2	0.05181	0.04313	0.19883	0.00935	0.06542	0.07546	0.03207	0.14218	0.07267	0.14699	0.02241	0.00955	0.00689	0.00403	0.00367	0.00109	0.02044	0.00316	0.00277	0.08807
3	0.08565	0.01934	0.08676	0.07768	0.13378	0.04171	0.06515	0.07131	0.06025	0.18953	0.05741	0.01272	0.05516	0.02231	0.00402	0.00122	0.00399	0.00384	0.00293	0.00523
4	0.00558	0.06327	0.00626	0.00549	0.00611	0.00489	0.00407	0.00650	0.00619	0.00853	0.01178	0.14951	0.01245	0.21443	0.47288	0.00442	0.00695	0.00525	0.00227	0.00316
5	0.01083	0.58883	0.07314	0.00724	0.01042	0.12178	0.00697	0.06032	0.00875	0.04463	0.00606	0.00675	0.00511	0.00344	0.00276	0.00088	0.00440	0.00227	0.00192	0.03348
6	0.01045	0.05046	0.03929	0.03060	0.03702	0.11447	0.00855	0.03837	0.02967	0.01135	0.00863	0.01143	0.04606	0.00673	0.00957	0.00168	0.53436	0.00382	0.00239	0.00509
7	0.09980	0.00647	0.00776	0.00817	0.09280	0.06330	0.01942	0.06477	0.05335	0.01156	0.01009	0.08360	0.00938	0.02853	0.40153	0.00349	0.00674	0.00418	0.02098	0.00409
8	0.00550	0.00467	0.06261	0.00569	0.00643	0.00375	0.00434	0.01987	0.00748	0.04140	0.01872	0.68141	0.02174	0.06496	0.00557	0.00162	0.00261	0.03495	0.00332	0.00336
9	0.01076	0.00686	0.00829	0.00609	0.00928	0.00562	0.00493	0.07066	0.00931	0.24509	0.00910	0.00925	0.00665	0.00342	0.00312	0.00076	0.00299	0.00274	0.00300	0.58207
10	0.00752	0.01941	0.84871	0.01069	0.01624	0.00871	0.01386	0.01188	0.00792	0.01188	0.00673	0.00792	0.00475	0.00356	0.00356	0.00119	0.00554	0.00277	0.00158	0.00554
11	0.00858	0.02482	0.17622	0.09609	0.11354	0.13388	0.07070	0.01102	0.03452	0.04083	0.02257	0.08485	0.04635	0.01746	0.06826	0.00160	0.02574	0.01608	0.00224	0.00465
12	0.00506	0.00380	0.00467	0.00478	0.00553	0.00356	0.00343	0.00651	0.03489	0.01184	0.34183	0.26357	0.19655	0.05854	0.03668	0.00162	0.00236	0.00785	0.00362	0.00332
13	0.01296	0.00850	0.00952	0.00772	0.01034	0.00916	0.00624	0.32807	0.30739	0.22200	0.02929	0.01208	0.00947	0.00481	0.00379	0.00119	0.00344	0.00385	0.00400	0.00617
14	0.00927	0.05941	0.00890	0.00603	0.00926	0.02408	0.00492	0.07512	0.00884	0.07838	0.00738	0.00814	0.00585	0.00311	0.00292	0.00067	0.00308	0.00243	0.00249	0.67972
15	0.00542	0.00405	0.00483	0.00533	0.00586	0.03141	0.00370	0.00650	0.02850	0.03348	0.11761	0.64899	0.06911	0.01053	0.00463	0.00143	0.00231	0.00944	0.00355	0.00332
16	0.00557	0.00376	0.00459	0.00475	0.00550	0.00348	0.00337	0.00680	0.02400	0.04642	0.21588	0.34623	0.17206	0.06557	0.00535	0.00147	0.00215	0.00795	0.07174	0.00336
17	0.01003	0.00721	0.03564	0.01053	0.19654	0.00683	0.04009	0.10459	0.06093	0.18814	0.13059	0.08000	0.04051	0.00649	0.04324	0.00141	0.00373	0.00476	0.02353	0.00520
18	0.01011	0.14211	0.26833	0.02530	0.11299	0.07756	0.12824	0.05825	0.00910	0.09977	0.00777	0.01831	0.00591	0.00405	0.01521	0.00118	0.00508	0.00319	0.00216	0.00537
19	0.00570	0.00482	0.03066	0.00522	0.00617	0.04387	0.00393	0.00683	0.00859	0.04193	0.21023	0.39189	0.20726	0.00944	0.00449	0.00134	0.00238	0.00828	0.00354	0.00345
20	0.00488	0.00368	0.00450	0.00491	0.00554	0.00343	0.00345	0.00612	0.03861	0.01062	0.13555	0.47776	0.21520	0.04262	0.00517	0.00149	0.00217	0.02753	0.00354	0.00323

[dist]
# distance from previous block
# <min> <max>
1	8

[block]
# block no. 4 follows, 73 sequences, length 37
# corresponding to MSA columns:
# 154-190
name=unknown_E
#
# <colnr> <probs for GDERKNQSTAVLIFYWHMCP>
#	G	D	E	R	K	N	Q	S	T	A	V	L	I	F	Y	W	H	M	C	P
0	0.17116	0.12689	0.03793	0.03691	0.04584	0.14640	0.05191	0.17902	0.02208	0.05317	0.00710	0.00800	0.00550	0.00409	0.01223	0.00111	0.03037	0.00280	0.00247	0.05504
1	0.10078	0.30216	0.13406	0.01134	0.20174	0.09647	0.02849	0.04143	0.03085	0.01170	0.00638	0.00754	0.00524	0.00348	0.00310	0.00102	0.00453	0.00263	0.00191	0.00514
2	0.00527	0.00381	0.00483	0.00480	0.00532	0.00392	0.00335	0.00604	0.00665	0.00900	0.09986	0.02306	0.14255	0.34061	0.30693	0.01771	0.00541	0.00544	0.00255	0.00291
3	0.01108	0.08106	0.08231	0.00851	0.02949	0.01059	0.00722	0.32235	0.37328	0.01770	0.01119	0.01085	0.00831	0.00455	0.00365	0.00117	0.00374	0.00359	0.00338	0.00598
4	0.00994	0.01067	0.01127	0.00974	0.01037	0.21447	0.00792	0.05549	0.00757	0.00987	0.00536	0.00790	0.00498	0.00580	0.00969	0.00145	0.60831	0.00308	0.00183	0.00429
5	0.00536	0.00368	0.00434	0.00433	0.00459	0.00358	0.00270	0.00585	0.00688	0.00934	0.20813	0.06813	0.04107	0.58926	0.01436	0.00287	0.00308	0.01699	0.00282	0.00265
6	0.00500	0.00375	0.00456	0.00449	0.00536	0.00339	0.00328	0.00633	0.00940	0.01270	0.49007	0.12119	0.25158	0.05575	0.00527	0.00138	0.00195	0.00744	0.00378	0.00332
7	0.00792	0.00523	0.00617	0.00567	0.00711	0.00523	0.00436	0.01141	0.20603	0.13770	0.22896	0.02454	0.15498	0.10303	0.00588	0.00153	0.00264	0.07351	0.00376	0.00433
8	0.01276	0.00941	0.00954	0.00743	0.01033	0.16043	0.02433	0.16631	0.01101	0.25565	0.00932	0.00932	0.00666	0.00385	0.00339	0.00093	0.00395	0.00297	0.00315	0.28923
9	0.12297	0.00931	0.00925	0.00748	0.01014	0.12296	0.00605	0.23784	0.08267	0.33709	0.01087	0.01022	0.00744	0.00440	0.00354	0.00113	0.00388	0.00331	0.00368	0.00578
10	0.01310	0.01037	0.01178	0.00914	0.01205	0.03801	0.07730	0.62137	0.13254	0.02107	0.00967	0.00974	0.00699	0.00445	0.00381	0.00115	0.00424	0.00356	0.00355	0.00614
11	0.01392	0.00864	0.02924	0.00761	0.01033	0.05319	0.00627	0.21179	0.20322	0.38059	0.01278	0.01176	0.00875	0.00504	0.01812	0.00125	0.00373	0.00370	0.00398	0.00610
12	0.00552	0.00395	0.00494	0.00480	0.00562	0.00370	0.00352	0.01572	0.02139	0.02455	0.52588	0.09988	0.11031	0.11262	0.00624	0.00154	0.00218	0.04049	0.00376	0.00341
13	0.80842	0.00757	0.00608	0.00530	0.00768	0.00873	0.00436	0.09146	0.00749	0.01750	0.00559	0.00638	0.00429	0.00358	0.00246	0.00116	0.00302	0.00216	0.00246	0.00429
14	0.00954	0.00951	0.01460	0.07395	0.72510	0.07848	0.01109	0.01168	0.00865	0.01184	0.00693	0.00912	0.00579	0.00341	0.00369	0.00111	0.00468	0.00327	0.00185	0.00570
15	0.07208	0.08490	0.01117	0.00868	0.01110	0.44885	0.00688	0.26035	0.01221	0.03988	0.00696	0.00752	0.00538	0.00400	0.00336	0.00102	0.00538	0.00269	0.00256	0.00504
16	0.00502	0.00397	0.00438	0.00435	0.00527	0.01323	0.00312	0.00620	0.02112	0.01119	0.26345	0.10137	0.40945	0.12365	0.00640	0.00158	0.00219	0.00738	0.00349	0.00320
17	0.00466	0.00335	0.00431	0.00501	0.00531	0.00312	0.00334	0.00531	0.00724	0.00959	0.04651	0.70993	0.08152	0.08457	0.00597	0.00168	0.00227	0.00991	0.00340	0.00300
18	0.02677	0.00700	0.00802	0.00580	0.00908	0.00562	0.00466	0.07732	0.00856	0.01326	0.00683	0.00785	0.00559	0.00294	0.00285	0.00062	0.00289	0.00231	0.00235	0.79968
19	0.00709	0.00667	0.01125	0.85913	0.02584	0.00834	0.01042	0.00959	0.00750	0.00959	0.00667	0.01000	0.00500	0.00375	0.00375	0.00125	0.00500	0.00333	0.00167	0.00417
20	0.00577	0.00380	0.00487	0.00497	0.00579	0.00345	0.00360	0.00695	0.00892	0.07543	0.32327	0.36690	0.14312	0.00938	0.00453	0.00134	0.00208	0.01849	0.00381	0.00350
21	0.56506	0.00734	0.00697	0.00578	0.00833	0.00794	0.00477	0.09515	0.00871	0.24604	0.00824	0.00822	0.00573	0.00390	0.00286	0.00116	0.00310	0.00265	0.00310	0.00493
22	0.09983	0.00659	0.00848	0.00657	0.00942	0.00598	0.00543	0.04279	0.01054	0.74324	0.01372	0.01202	0.00870	0.00453	0.00363	0.00116	0.00319	0.00360	0.00440	0.00616
23	0.00557	0.00459	0.02378	0.00629	0.00720	0.00414	0.07450	0.01501	0.03895	0.02692	0.06796	0.59716	0.08081	0.00997	0.00463	0.00144	0.00265	0.02154	0.00338	0.00352
24	0.00511	0.00355	0.00450	0.00508	0.00562	0.00327	0.00357	0.00593	0.00763	0.03610	0.03179	0.58943	0.16380	0.03740	0.00513	0.00153	0.00229	0.06797	0.01711	0.00319
25	0.01061	0.63253	0.08624	0.00741	0.01056	0.17924	0.00720	0.01202	0.00824	0.00915	0.00546	0.00632	0.00481	0.00337	0.00269	0.00087	0.00468	0.00215	0.00167	0.00478
26	0.00651	0.00501	0.00576	0.02366	0.00684	0.04367	0.00416	0.04171	0.04202	0.04013	0.36317	0.12037	0.12590	0.02792	0.10453	0.00184	0.00334	0.00633	0.02340	0.00374
27	0.00876	0.01084	0.08999	0.01521	0.01911	0.00942	0.74553	0.01218	0.02707	0.01209	0.00769	0.01002	0.00574	0.00324	0.00434	0.00126	0.00619	0.00429	0.00191	0.00512
28	0.00798	0.00671	0.00821	0.00590	0.00918	0.00514	0.03445	0.00970	0.00788	0.02919	0.00701	0.00813	0.00574	0.00287	0.00285	0.00060	0.00289	0.00237	0.02540	0.81780
29	0.00524	0.00419	0.00475	0.00471	0.00586	0.00389	0.00360	0.00729	0.07987	0.01206	0.26047	0.07113	0.43876	0.00879	0.00446	0.00129	0.00210	0.07433	0.00369	0.00353
30	0.01256	0.01050	0.00945	0.00776	0.01008	0.18191	0.00619	0.47071	0.03951	0.01846	0.00921	0.00973	0.00689	0.00436	0.00345	0.00105	0.00414	0.00323	0.18547	0.00536
31	0.01011	0.71628	0.10059	0.00711	0.01044	0.08335	0.00722	0.01161	0.00790	0.00916	0.00541	0.00627	0.00481	0.00330	0.00260	0.00085	0.00439	0.00212	0.00163	0.00485
32	0.00468	0.00381	0.00414	0.00406	0.00522	0.00327	0.00304	0.00586	0.00913	0.01151	0.26364	0.03384	0.61673	0.00899	0.00443	0.00124	0.00186	0.00760	0.00367	0.00327
33	0.00636	0.00521	0.00579	0.00555	0.00689	0.00537	0.00419	0.01078	0.29378	0.01310	0.20993	0.13412	0.25691	0.00788	0.00428	0.00129	0.00230	0.01835	0.00374	0.00419
34	0.02724	0.05174	0.09898	0.02556	0.46639	0.02061	0.06100	0.07970	0.01987	0.07134	0.01690	0.01021	0.00671	0.00378	0.00370	0.00114	0.00448	0.02268	0.00227	0.00570
35	0.00475	0.00381	0.00424	0.00413	0.00526	0.00330	0.00310	0.00600	0.00930	0.01191	0.32844	0.03319	0.55168	0.00884	0.00443	0.00124	0.00185	0.00751	0.00372	0.00330
36	0.08003	0.03588	0.20859	0.00948	0.13882	0.01741	0.03463	0.00927	0.00846	0.01231	0.17263	0.07730	0.14802	0.00590	0.00408	0.00121	0.02389	0.00500	0.00263	0.00445

[dist]
# distance from previous block
# <min> <max>
0	3

[block]
# block no. 5 follows, 73 sequences, length 21
# corresponding to MSA columns:
# 194-214
name=unknown_F
#
# <colnr> <probs for GDERKNQSTAVLIFYWHMCP>
#	G	D	E	R	K	N	Q	S	T	A	V	L	I	F	Y	W	H	M	C	P
0	0.05611	0.50558	0.01560	0.00733	0.01020	0.18135	0.00655	0.13432	0.00974	0.03389	0.00615	0.00680	0.00513	0.00359	0.00283	0.00091	0.00450	0.00234	0.00211	0.00496
1	0.01807	0.01920	0.20252	0.01016	0.14223	0.02050	0.03742	0.07740	0.00945	0.09635	0.11535	0.01128	0.00968	0.00404	0.00355	0.00102	0.00390	0.00344	0.00261	0.21182
2	0.01114	0.14665	0.03541	0.01160	0.18155	0.23745	0.04023	0.07568	0.18372	0.02821	0.00846	0.00912	0.00668	0.00394	0.00347	0.00107	0.00475	0.00311	0.00244	0.00533
3	0.00975	0.00919	0.00875	0.00814	0.03088	0.11770	0.00613	0.01854	0.67949	0.01456	0.01470	0.01378	0.04162	0.00505	0.00378	0.00123	0.00346	0.00412	0.00351	0.00563
4	0.00545	0.00365	0.00416	0.00416	0.00419	0.00367	0.00236	0.00550	0.00548	0.00733	0.01176	0.02420	0.01349	0.83812	0.04891	0.00372	0.00387	0.00540	0.00226	0.00231
5	0.00633	0.00567	0.03271	0.00894	0.19148	0.00515	0.00562	0.00864	0.05848	0.01343	0.43026	0.02399	0.18095	0.00679	0.00421	0.00119	0.00257	0.00597	0.00341	0.00420
6	0.00727	0.00686	0.01159	0.78843	0.09508	0.00838	0.01051	0.00975	0.00759	0.00981	0.00670	0.00994	0.00508	0.00372	0.00375	0.00124	0.00496	0.00333	0.00168	0.00432
7	0.00747	0.00633	0.00755	0.00562	0.00861	0.00496	0.00448	0.00909	0.00755	0.01177	0.00710	0.00868	0.00605	0.00604	0.11225	0.00126	0.00371	0.00245	0.00220	0.77682
8	0.00584	0.00494	0.00520	0.00502	0.00647	0.00485	0.00387	0.00938	0.22407	0.01186	0.06628	0.03037	0.54379	0.00833	0.00432	0.00129	0.00226	0.05435	0.00360	0.00392
9	0.00537	0.00399	0.00586	0.00586	0.00647	0.00460	0.00448	0.00659	0.00598	0.00858	0.01021	0.01560	0.00975	0.10211	0.77983	0.00582	0.00948	0.00415	0.00203	0.00325
10	0.01650	0.00692	0.00904	0.00693	0.00984	0.00630	0.00572	0.12305	0.01163	0.74132	0.01406	0.01229	0.00891	0.00463	0.00377	0.00116	0.00331	0.00372	0.00453	0.00638
11	0.78133	0.00767	0.00625	0.00541	0.00782	0.00883	0.00446	0.11673	0.00783	0.01771	0.00571	0.00647	0.00436	0.00361	0.00251	0.00116	0.00306	0.00220	0.00251	0.00436
12	0.01341	0.01673	0.01122	0.01139	0.11884	0.74443	0.00780	0.01453	0.01036	0.00958	0.00596	0.00709	0.00498	0.00380	0.00343	0.00099	0.00647	0.00254	0.00192	0.00455
13	0.01097	0.00506	0.00655	0.00560	0.00752	0.00440	0.00440	0.01221	0.00967	0.44475	0.10030	0.15410	0.20421	0.00716	0.00415	0.00124	0.00260	0.00609	0.00415	0.00485
14	0.00469	0.00337	0.00428	0.00492	0.00533	0.00309	0.00334	0.00523	0.00728	0.00946	0.02305	0.63669	0.18577	0.01140	0.00546	0.06857	0.00220	0.00956	0.00334	0.00296
15	0.01259	0.00819	0.07851	0.00938	0.11759	0.00710	0.02396	0.14811	0.03661	0.37617	0.05848	0.06433	0.03152	0.00507	0.00387	0.00118	0.00359	0.00429	0.00368	0.00578
16	0.00924	0.00804	0.00898	0.00887	0.08027	0.00917	0.00636	0.01894	0.74969	0.01539	0.03272	0.01391	0.01151	0.00500	0.00382	0.00126	0.00307	0.00422	0.00366	0.00589
17	0.00497	0.00381	0.00456	0.00440	0.00541	0.00339	0.00329	0.00641	0.00977	0.01311	0.52741	0.05428	0.32869	0.00845	0.00444	0.00122	0.00183	0.00730	0.00388	0.00339
18	0.02247	0.04386	0.23482	0.03252	0.46054	0.00907	0.08062	0.01145	0.00829	0.01201	0.02346	0.00918	0.00608	0.00356	0.00390	0.00115	0.02635	0.00328	0.00182	0.00557
19	0.01173	0.06654	0.01016	0.00818	0.03515	0.17940	0.00637	0.35214	0.07565	0.01632	0.00903	0.00987	0.00701	0.00628	0.07528	0.00147	0.00477	0.00323	0.11624	0.00520
20	0.02431	0.03759	0.02838	0.01147	0.16886	0.25066	0.04458	0.16713	0.11038	0.04409	0.00852	0.02612	0.00675	0.00410	0.00358	0.00107	0.00477	0.00327	0.00262	0.05172

[dist]
# distance from previous block
# <min> <max>
0	4

[block]
# block no. 6 follows, 73 sequences, length 18
# corresponding to MSA columns:
# 219-236
name=unknown_G
#
# <colnr> <probs for GDERKNQSTAVLIFYWHMCP>
#	G	D	E	R	K	N	Q	S	T	A	V	L	I	F	Y	W	H	M	C	P
0	0.03092	0.36258	0.09727	0.01030	0.01385	0.01143	0.31091	0.05545	0.00870	0.02935	0.00759	0.00889	0.02961	0.00351	0.00342	0.00106	0.00491	0.00325	0.00196	0.00503
1	0.03227	0.06809	0.09765	0.01268	0.28099	0.06818	0.00855	0.14142	0.01009	0.11451	0.00830	0.02972	0.00651	0.00388	0.00349	0.00105	0.00422	0.00321	0.00254	0.10265
2	0.00742	0.00680	0.01020	0.02773	0.30579	0.00682	0.06453	0.01069	0.15102	0.01223	0.06910	0.08529	0.21449	0.00607	0.00409	0.00123	0.00337	0.00548	0.00286	0.00479
3	0.00768	0.00725	0.01057	0.01404	0.41096	0.04690	0.03247	0.00974	0.03351	0.01223	0.16930	0.04139	0.17702	0.00566	0.00403	0.00117	0.00351	0.00510	0.00271	0.00477
4	0.00469	0.00342	0.00439	0.00509	0.00549	0.00317	0.00351	0.00545	0.00749	0.00984	0.04682	0.66310	0.12943	0.03668	0.00518	0.00155	0.00225	0.05591	0.00346	0.00308
5	0.00665	0.00433	0.00517	0.00504	0.00618	0.00399	0.00371	0.02647	0.05104	0.11619	0.13715	0.28710	0.29255	0.03075	0.00478	0.00138	0.00228	0.00774	0.00371	0.00378
6	0.01335	0.01005	0.01075	0.00845	0.01129	0.01121	0.00691	0.68176	0.16961	0.02217	0.01017	0.00993	0.00732	0.00461	0.00377	0.00115	0.00391	0.00354	0.00377	0.00630
7	0.00583	0.00406	0.00486	0.00457	0.00565	0.00369	0.00340	0.00740	0.02994	0.06230	0.45349	0.02901	0.28362	0.07896	0.00558	0.00141	0.00208	0.00679	0.00380	0.00355
8	0.00709	0.00667	0.01125	0.85913	0.02584	0.00834	0.01042	0.00959	0.00750	0.00959	0.00667	0.01000	0.00500	0.00375	0.00375	0.00125	0.00500	0.00333	0.00167	0.00417
9	0.15570	0.00778	0.00878	0.00689	0.00971	0.00785	0.00565	0.23619	0.06984	0.35719	0.01099	0.01032	0.00748	0.00428	0.00345	0.00110	0.00335	0.00328	0.00375	0.08642
10	0.01372	0.01024	0.01095	0.00852	0.01143	0.01138	0.00700	0.74246	0.10830	0.02277	0.00970	0.00956	0.00694	0.00457	0.00376	0.00114	0.00400	0.00347	0.00376	0.00633
11	0.01588	0.00849	0.00958	0.00747	0.01032	0.07714	0.00611	0.24688	0.01267	0.54661	0.01243	0.01122	0.00810	0.00454	0.00374	0.00114	0.00375	0.00355	0.00417	0.00622
12	0.00546	0.00364	0.00409	0.00409	0.00409	0.00364	0.00227	0.00546	0.00546	0.00727	0.01182	0.02455	0.01364	0.86815	0.01910	0.00364	0.00364	0.00546	0.00227	0.00227
13	0.00992	0.11184	0.11065	0.00738	0.02752	0.00762	0.02650	0.08818	0.03404	0.12309	0.00808	0.00863	0.00613	0.00342	0.00314	0.00084	0.00356	0.00271	0.00257	0.41417
14	0.01134	0.03132	0.00979	0.00769	0.02162	0.04888	0.05265	0.05281	0.00999	0.21558	0.04618	0.08340	0.03337	0.00536	0.00398	0.00115	0.00368	0.01528	0.00342	0.34252
15	0.02532	0.07714	0.03070	0.00592	0.00799	0.00600	0.01814	0.02341	0.09625	0.23138	0.24228	0.01988	0.15216	0.00607	0.00389	0.00115	0.00272	0.00508	0.02169	0.02284
16	0.06853	0.10877	0.18027	0.00934	0.10437	0.00823	0.03811	0.06716	0.04477	0.12346	0.06242	0.03596	0.02195	0.00426	0.00346	0.00107	0.00386	0.00351	0.00265	0.10784
17	0.02987	0.03369	0.12706	0.00786	0.02975	0.00666	0.06554	0.07223	0.07360	0.20011	0.04917	0.19612	0.04750	0.02715	0.00435	0.00130	0.00352	0.00539	0.00327	0.01585

[dist]
# distance from previous block
# <min> <max>
2	14

[block]
# block no. 7 follows, 73 sequences, length 7
# corresponding to MSA columns:
# 252-258
name=unknown_H
#
# <colnr> <probs for GDERKNQSTAVLIFYWHMCP>
#	G	D	E	R	K	N	Q	S	T	A	V	L	I	F	Y	W	H	M	C	P
0	0.04181	0.21269	0.12661	0.03113	0.07673	0.07415	0.00795	0.21056	0.06488	0.10652	0.00828	0.00868	0.00618	0.00393	0.00334	0.00106	0.00432	0.00295	0.00267	0.00555
1	0.01028	0.00540	0.00675	0.00571	0.00766	0.00496	0.00452	0.03800	0.06391	0.33788	0.16498	0.05583	0.17008	0.00746	0.04488	0.00141	0.00296	0.00533	0.02236	0.03963
2	0.00971	0.00917	0.10687	0.00783	0.04657	0.04655	0.02267	0.10702	0.05745	0.09734	0.02366	0.02350	0.02762	0.00387	0.00335	0.00090	0.00359	0.00315	0.00271	0.39649
3	0.00558	0.00541	0.03921	0.00493	0.00631	0.05063	0.00395	0.00733	0.04478	0.01163	0.24798	0.02912	0.46753	0.00924	0.04841	0.00147	0.00275	0.00674	0.00343	0.00356
4	0.02803	0.01523	0.53336	0.01017	0.05991	0.04410	0.01099	0.04464	0.10198	0.01278	0.04199	0.04693	0.02475	0.00441	0.00368	0.00120	0.00476	0.00356	0.00219	0.00533
5	0.03553	0.12872	0.36658	0.01037	0.08890	0.04372	0.04070	0.05424	0.08325	0.06390	0.00823	0.02968	0.00636	0.00393	0.00347	0.00112	0.00466	0.00316	0.00222	0.02128
6	0.02635	0.00553	0.00711	0.00686	0.07001	0.00519	0.00487	0.06242	0.02454	0.22419	0.20323	0.07394	0.14727	0.03134	0.04291	0.00146	0.00305	0.00544	0.00364	0.05065

[dist]
# distance from previous block
# <min> <max>
2	11

[block]
# block no. 8 follows, 73 sequences, length 13
# corresponding to MSA columns:
# 271-283
name=unknown_I
#
# <colnr> <probs for GDERKNQSTAVLIFYWHMCP>
#	G	D	E	R	K	N	Q	S	T	A	V	L	I	F	Y	W	H	M	C	P
0	0.01062	0.09066	0.17239	0.00838	0.04953	0.02176	0.00755	0.25383	0.02763	0.09457	0.06613	0.02414	0.00871	0.01779	0.00374	0.00109	0.00390	0.00344	0.04074	0.09340
1	0.10212	0.14392	0.09454	0.04831	0.04108	0.11160	0.02592	0.05173	0.09436	0.09774	0.06383	0.01191	0.06646	0.00450	0.00342	0.00109	0.00399	0.00350	0.00268	0.02727
2	0.02268	0.03468	0.00769	0.00662	0.02909	0.12730	0.00497	0.07860	0.00941	0.03203	0.13028	0.13853	0.11296	0.00615	0.00406	0.00107	0.03609	0.00503	0.02862	0.18414
3	0.05446	0.19030	0.05679	0.10046	0.06514	0.04978	0.05425	0.08123	0.08744	0.08855	0.00893	0.00985	0.02863	0.00469	0.02566	0.00122	0.04155	0.00320	0.00245	0.04542
4	0.00836	0.00633	0.00652	0.00579	0.00748	0.06406	0.00449	0.08089	0.14152	0.11012	0.22712	0.02355	0.28478	0.00697	0.00413	0.00120	0.00271	0.00581	0.00375	0.00443
5	0.00981	0.01275	0.30567	0.09901	0.21637	0.00906	0.04746	0.02651	0.09912	0.04549	0.03769	0.05269	0.00932	0.00518	0.00438	0.00145	0.00502	0.00422	0.00272	0.00608
6	0.00603	0.00345	0.00464	0.00463	0.00469	0.00347	0.00295	0.00526	0.00537	0.00722	0.04100	0.01712	0.01042	0.33526	0.04807	0.48858	0.00360	0.00425	0.00198	0.00201
7	0.00644	0.06924	0.26438	0.00743	0.02929	0.00619	0.03589	0.00892	0.00920	0.01291	0.39075	0.05016	0.08198	0.00613	0.00402	0.00118	0.00333	0.00529	0.00297	0.00430
8	0.18291	0.01189	0.06985	0.01107	0.10148	0.04732	0.00830	0.39742	0.01411	0.07138	0.01066	0.01236	0.00843	0.02664	0.00491	0.00166	0.00492	0.00394	0.00387	0.00689
9	0.01050	0.04234	0.43309	0.00928	0.01328	0.12819	0.01010	0.11536	0.04526	0.10989	0.00835	0.00889	0.00597	0.00393	0.00352	0.00112	0.00496	0.00298	0.03748	0.00549
10	0.01058	0.06390	0.15317	0.01241	0.16878	0.25738	0.10407	0.05323	0.02066	0.03786	0.00847	0.00992	0.04144	0.00407	0.00388	0.00111	0.02806	0.01382	0.00212	0.00508
11	0.00467	0.00345	0.00439	0.00501	0.00549	0.00316	0.00349	0.00552	0.00777	0.01023	0.09759	0.62154	0.15988	0.01096	0.00471	0.00146	0.00215	0.04188	0.00354	0.00313
12	0.00614	0.00457	0.00558	0.00537	0.00654	0.00437	0.00405	0.00876	0.11899	0.03526	0.36514	0.19588	0.09829	0.00806	0.00433	0.00126	0.00223	0.05620	0.00374	0.06523

[dist]
# distance from previous block
# <min> <max>
0	2

[block]
# block no. 9 follows, 73 sequences, length 36
# corresponding to MSA columns:
# 286-321
name=unknown_J
#
# <colnr> <probs for GDERKNQSTAVLIFYWHMCP>
#	G	D	E	R	K	N	Q	S	T	A	V	L	I	F	Y	W	H	M	C	P
0	0.01286	0.04773	0.07898	0.00861	0.01166	0.04486	0.00749	0.58766	0.12787	0.02040	0.00939	0.00938	0.00681	0.00443	0.00367	0.00113	0.00419	0.00335	0.00342	0.00610
1	0.13353	0.14392	0.41773	0.01000	0.08499	0.07775	0.01015	0.01225	0.00809	0.05968	0.00671	0.00768	0.00503	0.00357	0.00323	0.00110	0.00481	0.00263	0.00192	0.00521
2	0.04208	0.00706	0.01112	0.71008	0.05744	0.00857	0.00989	0.07626	0.00834	0.01114	0.00701	0.01022	0.00536	0.00388	0.00372	0.00124	0.00480	0.01549	0.00190	0.00441
3	0.00742	0.00632	0.00732	0.00536	0.00840	0.00480	0.00423	0.00896	0.00775	0.01186	0.00940	0.01072	0.07365	0.03681	0.00354	0.00073	0.00274	0.00281	0.00233	0.78484
4	0.00940	0.65751	0.22706	0.00749	0.01128	0.01331	0.00828	0.01140	0.00770	0.00959	0.00560	0.00649	0.00480	0.00330	0.00270	0.00090	0.00440	0.00220	0.00160	0.00500
5	0.00463	0.00331	0.00441	0.00518	0.00545	0.00309	0.00349	0.00537	0.00746	0.01002	0.08720	0.79792	0.02567	0.01142	0.00476	0.00150	0.00214	0.01035	0.00354	0.00309
6	0.49463	0.00778	0.00708	0.00614	0.00847	0.02196	0.00495	0.09825	0.20482	0.07119	0.03556	0.00942	0.00741	0.00418	0.00300	0.00118	0.00309	0.00297	0.00303	0.00488
7	0.03729	0.01054	0.01065	0.00840	0.01122	0.07903	0.00685	0.62174	0.08398	0.07795	0.00956	0.00942	0.00681	0.00448	0.00369	0.00113	0.00415	0.00336	0.00363	0.00612
8	0.01673	0.00654	0.00881	0.00675	0.00966	0.00575	0.00558	0.04978	0.01101	0.81547	0.01458	0.01262	0.00917	0.00464	0.00377	0.00116	0.00323	0.00376	0.00461	0.00638
9	0.01018	0.04542	0.01321	0.01635	0.47982	0.00927	0.02066	0.13615	0.13255	0.04748	0.02995	0.02585	0.00798	0.00408	0.00373	0.00114	0.00404	0.00367	0.00262	0.00585
10	0.00726	0.00674	0.00899	0.23862	0.16925	0.04902	0.00716	0.02901	0.07478	0.01168	0.11444	0.01922	0.23712	0.00583	0.00400	0.00121	0.00358	0.00502	0.00272	0.00436
11	0.00518	0.00383	0.00483	0.00458	0.00553	0.00348	0.00344	0.00683	0.01031	0.01432	0.72330	0.02922	0.15532	0.00794	0.00443	0.00119	0.00179	0.00695	0.00403	0.00348
12	0.00521	0.00383	0.00488	0.00462	0.00555	0.00350	0.00346	0.00689	0.01039	0.01450	0.75427	0.02891	0.12424	0.00787	0.00443	0.00119	0.00178	0.00691	0.00406	0.00350
13	0.01414	0.00927	0.01031	0.00807	0.01092	0.00997	0.00661	0.54099	0.13040	0.20276	0.01115	0.01053	0.00772	0.00462	0.00377	0.00115	0.00376	0.00358	0.00396	0.00632
14	0.89465	0.00726	0.00551	0.00493	0.00726	0.00842	0.00406	0.01103	0.00638	0.01683	0.00522	0.00609	0.00406	0.00348	0.00232	0.00116	0.00290	0.00203	0.00232	0.00406
15	0.89465	0.00726	0.00551	0.00493	0.00726	0.00842	0.00406	0.01103	0.00638	0.01683	0.00522	0.00609	0.00406	0.00348	0.00232	0.00116	0.00290	0.00203	0.00232	0.00406
16	0.00692	0.00646	0.01075	0.79532	0.02431	0.00797	0.00988	0.00934	0.00767	0.00984	0.04320	0.01161	0.03325	0.00410	0.00380	0.00125	0.00476	0.00363	0.00183	0.00411
17	0.64663	0.00718	0.00652	0.00551	0.00800	0.00786	0.00454	0.04766	0.00791	0.21639	0.00768	0.00782	0.00541	0.00380	0.00273	0.00116	0.00302	0.00251	0.00294	0.00472
18	0.00460	0.00328	0.00434	0.00518	0.00539	0.00307	0.00344	0.00523	0.00712	0.00949	0.02034	0.83350	0.02439	0.04454	0.00534	0.00160	0.00223	0.01047	0.00344	0.00302
19	0.00921	0.00911	0.01637	0.02183	0.70812	0.00901	0.14723	0.01160	0.00859	0.01222	0.00715	0.00942	0.00590	0.00331	0.00383	0.00114	0.00477	0.00352	0.00186	0.00580
20	0.01244	0.27928	0.01389	0.00959	0.07841	0.39906	0.00732	0.13679	0.01059	0.01150	0.00620	0.00708	0.00515	0.00372	0.00316	0.00095	0.00533	0.00251	0.00210	0.00493
21	0.00940	0.00892	0.01558	0.03400	0.74679	0.00887	0.07768	0.01169	0.00860	0.03169	0.00728	0.00944	0.00599	0.00336	0.00377	0.00113	0.00459	0.00344	0.00192	0.00586
22	0.00838	0.05417	0.69627	0.01065	0.04936	0.00879	0.01264	0.01252	0.03482	0.06726	0.00749	0.00841	0.00532	0.00366	0.00354	0.00117	0.00520	0.00288	0.00187	0.00560
23	0.01056	0.01136	0.04665	0.00908	0.01134	0.23072	0.07025	0.05190	0.43227	0.01347	0.01105	0.01132	0.00853	0.00467	0.00421	0.00121	0.05061	0.01252	0.00296	0.00533
24	0.00546	0.00364	0.00409	0.00409	0.00409	0.00364	0.00227	0.00546	0.00546	0.00727	0.01182	0.02455	0.01364	0.86815	0.01910	0.00364	0.00364	0.00546	0.00227	0.00227
25	0.00929	0.51740	0.33065	0.00810	0.01216	0.03196	0.00922	0.01167	0.00785	0.02308	0.00595	0.00686	0.00486	0.00338	0.00289	0.00096	0.00464	0.00233	0.00165	0.00510
26	0.04451	0.01032	0.10539	0.03143	0.29659	0.03522	0.06346	0.20590	0.01951	0.13812	0.00863	0.00950	0.00632	0.00387	0.00370	0.00114	0.00445	0.00335	0.00272	0.00585
27	0.00473	0.00343	0.00452	0.00523	0.00563	0.00323	0.00366	0.00556	0.00754	0.01001	0.06648	0.67202	0.08660	0.01180	0.03236	0.00165	0.00248	0.06649	0.00347	0.00312
28	0.00514	0.00394	0.00479	0.00519	0.00597	0.00374	0.00383	0.00683	0.06610	0.01097	0.11572	0.39124	0.23600	0.01007	0.00464	0.00143	0.00228	0.11514	0.00357	0.00339
29	0.03416	0.11278	0.23827	0.00811	0.01106	0.10168	0.01625	0.08452	0.16006	0.01259	0.02975	0.02423	0.02715	0.06142	0.06063	0.00161	0.00479	0.00355	0.00245	0.00493
30	0.00774	0.00654	0.00764	0.00562	0.00873	0.00505	0.00445	0.03247	0.00802	0.01236	0.00771	0.06770	0.00692	0.00345	0.00295	0.00064	0.00277	0.00284	0.00235	0.80403
31	0.00460	0.00328	0.00434	0.00519	0.00540	0.00307	0.00344	0.00523	0.00713	0.00950	0.02039	0.83837	0.02445	0.03958	0.00525	0.00159	0.00222	0.01050	0.00344	0.00302
32	0.01597	0.00625	0.00835	0.00647	0.00921	0.00550	0.00532	0.03758	0.01068	0.75960	0.01445	0.01278	0.00924	0.00462	0.00368	0.00114	0.00310	0.00374	0.07618	0.00615
33	0.01041	0.45561	0.08415	0.00945	0.11646	0.04806	0.01618	0.11221	0.06547	0.02709	0.00716	0.01966	0.00596	0.00371	0.00305	0.00097	0.00424	0.00275	0.00215	0.00527
34	0.01136	0.00902	0.07899	0.01272	0.28641	0.00829	0.00836	0.16171	0.10688	0.19428	0.07456	0.01187	0.00956	0.00439	0.00379	0.00116	0.00383	0.00377	0.00318	0.00590
35	0.00470	0.00333	0.00433	0.00505	0.00531	0.00312	0.00335	0.00535	0.00720	0.00964	0.04704	0.73332	0.04741	0.08318	0.00594	0.00167	0.00227	0.00993	0.01484	0.00301

[dist]
# distance from previous block
# <min> <max>
0	9

[block]
# block no. 10 follows, 73 sequences, length 89
# corresponding to MSA columns:
# 331-419
name=unknown_K
#
# <colnr> <probs for GDERKNQSTAVLIFYWHMCP>
#	G	D	E	R	K	N	Q	S	T	A	V	L	I	F	Y	W	H	M	C	P
0	0.28115	0.01171	0.00974	0.00984	0.11730	0.32773	0.00689	0.04147	0.00861	0.01247	0.00580	0.00718	0.00482	0.00404	0.00428	0.00113	0.11762	0.00256	0.00207	0.02359
1	0.03772	0.00641	0.00863	0.00663	0.00952	0.00558	0.00548	0.01811	0.01063	0.82759	0.01457	0.01261	0.00916	0.00462	0.00374	0.00116	0.00319	0.00373	0.00459	0.00633
2	0.17726	0.00686	0.00832	0.00651	0.00931	0.00652	0.00537	0.07944	0.01047	0.63214	0.01260	0.01126	0.00811	0.00442	0.00351	0.00116	0.00321	0.00342	0.00415	0.00596
3	0.00463	0.00379	0.00409	0.00405	0.00520	0.00325	0.00302	0.00576	0.00897	0.01122	0.21774	0.05925	0.63767	0.00916	0.00444	0.00126	0.00188	0.00775	0.00363	0.00325
4	0.89465	0.00726	0.00551	0.00493	0.00726	0.00842	0.00406	0.01103	0.00638	0.01683	0.00522	0.00609	0.00406	0.00348	0.00232	0.00116	0.00290	0.00203	0.00232	0.00406
5	0.05635	0.00661	0.00868	0.00668	0.00956	0.00592	0.00552	0.05384	0.01085	0.77354	0.01411	0.01230	0.00892	0.00458	0.00371	0.00116	0.00322	0.00368	0.00450	0.00628
6	0.01140	0.00909	0.00965	0.00805	0.01055	0.01030	0.00644	0.36115	0.49338	0.01903	0.01264	0.01190	0.00932	0.00484	0.00379	0.00121	0.00346	0.00388	0.00379	0.00612
7	0.00709	0.00667	0.01125	0.85913	0.02584	0.00834	0.01042	0.00959	0.00750	0.00959	0.00667	0.01000	0.00500	0.00375	0.00375	0.00125	0.00500	0.00333	0.00167	0.00417
8	0.01640	0.00629	0.00857	0.00660	0.00943	0.00544	0.00544	0.01787	0.01073	0.81636	0.04563	0.01334	0.01026	0.00476	0.00380	0.00116	0.00314	0.00389	0.00462	0.00628
9	0.01590	0.00627	0.00847	0.00656	0.00931	0.00548	0.00539	0.03308	0.01086	0.76761	0.07825	0.01387	0.01124	0.00487	0.00382	0.00116	0.00310	0.00400	0.00459	0.00617
10	0.00531	0.00383	0.00501	0.00472	0.00560	0.00354	0.00354	0.00708	0.01062	0.01504	0.84277	0.02802	0.03540	0.00767	0.00442	0.00118	0.00177	0.00678	0.00413	0.00354
11	0.01003	0.87041	0.01966	0.00642	0.00963	0.01485	0.00642	0.01123	0.00762	0.00883	0.00522	0.00602	0.00481	0.00321	0.00241	0.00080	0.00401	0.00201	0.00160	0.00481
12	0.02857	0.02084	0.02271	0.00808	0.01083	0.15218	0.00662	0.38722	0.02446	0.26622	0.01038	0.02796	0.00736	0.00455	0.00368	0.00112	0.00424	0.00345	0.00362	0.00589
13	0.87077	0.00754	0.00565	0.00506	0.00737	0.03132	0.00415	0.01114	0.00650	0.01663	0.00524	0.00611	0.00408	0.00349	0.00235	0.00116	0.00301	0.00204	0.00231	0.00407
14	0.00542	0.00378	0.00464	0.00469	0.00482	0.00396	0.00296	0.00573	0.00575	0.00781	0.01235	0.11810	0.01399	0.61298	0.14987	0.00372	0.02872	0.00576	0.00235	0.00258
15	0.00835	0.00401	0.00449	0.00417	0.00535	0.00387	0.00320	0.01013	0.01815	0.14225	0.07277	0.03791	0.01186	0.00486	0.00300	0.00096	0.00200	0.00398	0.65473	0.00396
16	0.01037	0.76286	0.04000	0.00686	0.01000	0.09898	0.00669	0.01163	0.00793	0.00894	0.00531	0.00614	0.00481	0.00328	0.00254	0.00083	0.00433	0.00207	0.00164	0.00479
17	0.01401	0.01788	0.01063	0.00967	0.01160	0.85309	0.00725	0.01498	0.01063	0.00918	0.00580	0.00677	0.00483	0.00387	0.00338	0.00097	0.00677	0.00242	0.00193	0.00435
18	0.01426	0.01051	0.01126	0.00863	0.01163	0.01163	0.00713	0.83224	0.01764	0.02364	0.00901	0.00901	0.00638	0.00450	0.00375	0.00113	0.00413	0.00338	0.00375	0.00638
19	0.00460	0.00328	0.00438	0.00525	0.00548	0.00307	0.00353	0.00527	0.00721	0.00961	0.02066	0.85165	0.02476	0.01173	0.00480	0.00153	0.00220	0.02447	0.00348	0.00305
20	0.00886	0.01012	0.02214	0.01581	0.01961	0.00949	0.83112	0.01202	0.00886	0.01202	0.00759	0.01012	0.00569	0.00316	0.00443	0.00127	0.00633	0.00443	0.00190	0.00506
21	0.00489	0.00382	0.00443	0.00428	0.00535	0.00336	0.00321	0.00627	0.00963	0.01269	0.45664	0.03190	0.42299	0.00855	0.00443	0.00122	0.00183	0.00733	0.00382	0.00336
22	0.89465	0.00726	0.00551	0.00493	0.00726	0.00842	0.00406	0.01103	0.00638	0.01683	0.00522	0.00609	0.00406	0.00348	0.00232	0.00116	0.00290	0.00203	0.00232	0.00406
23	0.00886	0.01012	0.02214	0.01581	0.01961	0.00949	0.83112	0.01202	0.00886	0.01202	0.00759	0.01012	0.00569	0.00316	0.00443	0.00127	0.00633	0.00443	0.00190	0.00506
24	0.00933	0.00806	0.00848	0.00764	0.00976	0.00933	0.00594	0.01994	0.83797	0.01569	0.01527	0.01400	0.01145	0.00509	0.00382	0.00127	0.00297	0.00424	0.00382	0.00594
25	0.89465	0.00726	0.00551	0.00493	0.00726	0.00842	0.00406	0.01103	0.00638	0.01683	0.00522	0.00609	0.00406	0.00348	0.00232	0.00116	0.00290	0.00203	0.00232	0.00406
26	0.00929	0.00891	0.01523	0.02303	0.84475	0.00891	0.01151	0.01151	0.00854	0.01226	0.00706	0.00929	0.00594	0.00334	0.00371	0.00111	0.00446	0.00334	0.00186	0.00594
27	0.00504	0.00395	0.00458	0.00440	0.00549	0.00355	0.00330	0.00671	0.03458	0.01287	0.45746	0.03122	0.39647	0.00841	0.00441	0.00122	0.00186	0.00722	0.00383	0.00345
28	0.00519	0.00383	0.00485	0.00460	0.00553	0.00349	0.00345	0.00686	0.01035	0.01440	0.73673	0.02909	0.14184	0.00791	0.00443	0.00119	0.00179	0.00693	0.00404	0.00349
29	0.01622	0.00667	0.00974	0.00738	0.01035	0.00582	0.06890	0.01780	0.01059	0.78321	0.01425	0.01257	0.00901	0.00453	0.00382	0.00117	0.00343	0.00382	0.00443	0.00628
30	0.00778	0.00667	0.00778	0.00556	0.00889	0.00500	0.00445	0.00945	0.00778	0.01223	0.00667	0.00778	0.00556	0.00278	0.00278	0.00056	0.00278	0.00222	0.00222	0.89108
31	0.00921	0.49469	0.34841	0.00826	0.01234	0.04962	0.00941	0.01166	0.00787	0.01006	0.00584	0.00681	0.00479	0.00338	0.00291	0.00096	0.00474	0.00233	0.00161	0.00508
32	0.00457	0.00326	0.00435	0.00522	0.00544	0.00305	0.00348	0.00522	0.00718	0.00958	0.02068	0.86570	0.02481	0.01175	0.00479	0.00152	0.00218	0.01067	0.00348	0.00305
33	0.00536	0.00402	0.00603	0.00603	0.00670	0.00469	0.00469	0.00670	0.00603	0.00871	0.01005	0.01474	0.00938	0.02814	0.85328	0.00603	0.01005	0.00402	0.00201	0.00335
34	0.00469	0.00378	0.00411	0.00407	0.00515	0.00327	0.00299	0.00576	0.00880	0.01106	0.21644	0.06177	0.58815	0.05695	0.00526	0.00139	0.00198	0.00762	0.00356	0.00320
35	0.10706	0.00654	0.00842	0.00653	0.00937	0.00592	0.00539	0.03123	0.01041	0.74808	0.01372	0.01202	0.00870	0.00452	0.00362	0.00116	0.00318	0.00359	0.00439	0.00615
36	0.00571	0.00384	0.00473	0.00457	0.00553	0.00350	0.00340	0.00720	0.00963	0.04745	0.49752	0.11413	0.17605	0.00797	0.00426	0.00120	0.00189	0.00694	0.09094	0.00353
37	0.89465	0.00726	0.00551	0.00493	0.00726	0.00842	0.00406	0.01103	0.00638	0.01683	0.00522	0.00609	0.00406	0.00348	0.00232	0.00116	0.00290	0.00203	0.00232	0.00406
38	0.00473	0.00377	0.00424	0.00421	0.00527	0.00328	0.00312	0.00593	0.00913	0.01170	0.29966	0.09443	0.51915	0.00907	0.00446	0.00126	0.00188	0.00775	0.00369	0.00328
39	0.01426	0.01051	0.01126	0.00863	0.01163	0.01163	0.00713	0.83224	0.01764	0.02364	0.00901	0.00901	0.00638	0.00450	0.00375	0.00113	0.00413	0.00338	0.00375	0.00638
