[name]
unknown

[dist]
# distance from previous block
# <min> <max>
0	28

[block]
# block no. 0 follows, 72 sequences, length 24
# corresponding to MSA columns:
# 28-51
name=unknown_A
#
# <colnr> <probs for GDERKNQSTAVLIFYWHMCP>
#	G	D	E	R	K	N	Q	S	T	A	V	L	I	F	Y	W	H	M	C	P
0	0.00853	0.00795	0.03617	0.00787	0.05110	0.08158	0.05932	0.07801	0.04862	0.03385	0.17696	0.02779	0.07301	0.00527	0.00380	0.00104	0.00347	0.04568	0.00298	0.24701
1	0.00484	0.00357	0.00455	0.00522	0.00565	0.00337	0.00356	0.00598	0.04032	0.01027	0.06533	0.71052	0.10035	0.01119	0.00475	0.00149	0.00218	0.01006	0.00357	0.00323
2	0.01255	0.01516	0.01142	0.09365	0.14038	0.60399	0.00824	0.01430	0.04639	0.01009	0.00656	0.00787	0.00537	0.00387	0.00353	0.00104	0.00614	0.00276	0.00200	0.00470
3	0.00555	0.00388	0.00497	0.00486	0.00574	0.00356	0.00361	0.00704	0.00982	0.03923	0.56422	0.14858	0.11816	0.03132	0.00492	0.00134	0.00201	0.03373	0.00396	0.00352
4	0.56490	0.00700	0.00678	0.00565	0.00821	0.00741	0.00466	0.01390	0.00810	0.32769	0.00891	0.00869	0.00609	0.00396	0.00290	0.00117	0.00304	0.00271	0.00323	0.00499
5	0.00487	0.00391	0.00432	0.00424	0.00535	0.00344	0.00315	0.00621	0.02400	0.01171	0.27447	0.05913	0.53610	0.03624	0.00495	0.00134	0.00197	0.00761	0.00368	0.00333
6	0.00513	0.00384	0.00475	0.00458	0.00553	0.00347	0.00341	0.00667	0.01009	0.01381	0.61762	0.06700	0.22341	0.00837	0.00449	0.00123	0.00184	0.00730	0.00399	0.00347
7	0.89350	0.00733	0.00557	0.00499	0.00733	0.00851	0.00411	0.01115	0.00645	0.01702	0.00528	0.00616	0.00411	0.00352	0.00235	0.00117	0.00293	0.00205	0.00235	0.00411
8	0.00943	0.00815	0.00858	0.00772	0.00986	0.00943	0.00600	0.02015	0.83621	0.01586	0.01544	0.01415	0.01158	0.00515	0.00386	0.00129	0.00300	0.00429	0.00386	0.00600
9	0.89350	0.00733	0.00557	0.00499	0.00733	0.00851	0.00411	0.01115	0.00645	0.01702	0.00528	0.00616	0.00411	0.00352	0.00235	0.00117	0.00293	0.00205	0.00235	0.00411
10	0.00449	0.00381	0.00387	0.00392	0.00514	0.00320	0.00291	0.00543	0.00857	0.01022	0.03751	0.07936	0.79924	0.00972	0.00450	0.00129	0.00194	0.00815	0.00352	0.00320
11	0.00552	0.00368	0.00414	0.00414	0.00414	0.00368	0.00230	0.00552	0.00552	0.00735	0.01195	0.02482	0.01379	0.86672	0.01930	0.00368	0.00368	0.00552	0.00230	0.00230
12	0.01702	0.00645	0.00880	0.00675	0.00968	0.00557	0.00557	0.01848	0.01085	0.84568	0.01496	0.01291	0.00939	0.00469	0.00381	0.00117	0.00323	0.00381	0.00469	0.00645
13	0.00931	0.00843	0.01145	0.19120	0.27080	0.02824	0.00876	0.06979	0.31707	0.01388	0.02560	0.01158	0.00843	0.00430	0.00381	0.00121	0.00404	0.00376	0.00275	0.00558
14	0.03663	0.48422	0.13603	0.00891	0.05080	0.12223	0.04944	0.02600	0.00833	0.01024	0.00583	0.00695	0.00497	0.00353	0.00324	0.00097	0.03253	0.00245	0.00175	0.00496
15	0.02835	0.02066	0.03176	0.16756	0.11051	0.12237	0.02717	0.09923	0.14827	0.13667	0.01041	0.03908	0.00815	0.00463	0.00379	0.00120	0.00438	0.02758	0.00290	0.00532
16	0.00830	0.00830	0.01162	0.00996	0.00996	0.01162	0.00830	0.00913	0.00581	0.00913	0.00498	0.00830	0.00498	0.00664	0.01245	0.00166	0.85977	0.00332	0.00166	0.00415
17	0.00469	0.00336	0.00452	0.00532	0.00559	0.00320	0.00360	0.00542	0.00727	0.00976	0.04005	0.78995	0.02435	0.01284	0.05875	0.00182	0.00270	0.01026	0.00344	0.00311
18	0.00786	0.00674	0.00786	0.00562	0.00899	0.00506	0.00449	0.00955	0.00786	0.01236	0.00674	0.00786	0.00562	0.00281	0.00281	0.00056	0.00281	0.00225	0.00225	0.88990
19	0.01247	0.00834	0.00901	0.00746	0.00988	0.05389	0.00596	0.21250	0.28279	0.23807	0.09196	0.01357	0.01168	0.00505	0.00385	0.00119	0.00341	0.00408	0.01897	0.00587
20	0.00498	0.00374	0.00473	0.00495	0.00556	0.00371	0.00352	0.00584	0.00705	0.00928	0.03525	0.24446	0.23119	0.15628	0.25846	0.00317	0.00472	0.00713	0.00289	0.00308
21	0.00971	0.03335	0.09200	0.01463	0.10674	0.02846	0.50348	0.02914	0.06259	0.06884	0.00846	0.01017	0.00629	0.00352	0.00414	0.00123	0.00559	0.00402	0.00223	0.00541
22	0.01163	0.03165	0.12811	0.01358	0.26341	0.03916	0.06315	0.22388	0.03372	0.12921	0.00881	0.00961	0.00647	0.00399	0.00388	0.00116	0.01646	0.00340	0.00277	0.00596
23	0.00640	0.00533	0.01735	0.00605	0.00713	0.02828	0.02362	0.09436	0.00900	0.01169	0.05949	0.30837	0.21124	0.03681	0.04945	0.00172	0.02984	0.08688	0.00330	0.00367

[dist]
# distance from previous block
# <min> <max>
0	3

[block]
# block no. 1 follows, 72 sequences, length 22
# corresponding to MSA columns:
# 55-76
name=unknown_B
#
# <colnr> <probs for GDERKNQSTAVLIFYWHMCP>
#	G	D	E	R	K	N	Q	S	T	A	V	L	I	F	Y	W	H	M	C	P
0	0.03376	0.06228	0.15346	0.02586	0.15357	0.10133	0.04767	0.08030	0.01991	0.01209	0.00892	0.06717	0.03023	0.00658	0.07279	0.00157	0.07057	0.00375	0.00219	0.04600
1	0.00555	0.00371	0.00442	0.00453	0.00477	0.00363	0.00281	0.00590	0.00639	0.02768	0.05385	0.18397	0.05507	0.56379	0.05530	0.00310	0.00353	0.00658	0.00272	0.00270
2	0.00947	0.01054	0.07251	0.10640	0.42907	0.11158	0.08654	0.01256	0.08259	0.01193	0.00799	0.02748	0.00656	0.00382	0.00381	0.00117	0.00492	0.00356	0.00206	0.00545
3	0.00653	0.00494	0.00606	0.00510	0.00692	0.00412	0.00392	0.00816	0.00943	0.04013	0.42998	0.06046	0.07597	0.00623	0.00388	0.00099	0.00222	0.00539	0.00344	0.31613
4	0.00758	0.00505	0.00643	0.00609	0.02937	0.00509	0.00451	0.03745	0.09699	0.10747	0.36127	0.03554	0.07827	0.03433	0.11131	0.02052	0.01837	0.00557	0.02457	0.00419
5	0.11091	0.00681	0.00862	0.00668	0.00956	0.00628	0.00552	0.06920	0.01083	0.70463	0.01355	0.01194	0.00863	0.00456	0.00366	0.00117	0.00326	0.00360	0.00439	0.00620
6	0.01247	0.00514	0.00645	0.00532	0.00733	0.00465	0.00427	0.01407	0.00961	0.46907	0.03399	0.01381	0.01017	0.00465	0.00333	0.00105	0.00257	0.00377	0.38314	0.00513
7	0.00636	0.00444	0.00557	0.00539	0.00589	0.02008	0.00380	0.00721	0.01777	0.04772	0.01108	0.01898	0.01126	0.41212	0.35452	0.00433	0.03533	0.00466	0.02039	0.00311
8	0.01417	0.01808	0.01075	0.00977	0.01172	0.85149	0.00733	0.01514	0.01075	0.00928	0.00586	0.00684	0.00489	0.00391	0.00342	0.00098	0.00684	0.00244	0.00195	0.00440
9	0.00716	0.00674	0.01138	0.85760	0.02612	0.00843	0.01053	0.00969	0.00758	0.00969	0.00674	0.01011	0.00506	0.00379	0.00379	0.00126	0.00506	0.00337	0.00169	0.00421
10	0.01014	0.00853	0.00915	0.00798	0.01016	0.00989	0.00629	0.14307	0.67260	0.01677	0.01398	0.01311	0.01049	0.00513	0.00425	0.00128	0.04336	0.00411	0.00375	0.00598
11	0.00854	0.00820	0.02918	0.13822	0.53802	0.00824	0.01001	0.02989	0.04888	0.01239	0.05176	0.01294	0.07864	0.00430	0.00386	0.00117	0.00417	0.00398	0.00224	0.00539
12	0.04193	0.07389	0.07547	0.00844	0.03922	0.00953	0.00719	0.38338	0.01334	0.29393	0.01040	0.00997	0.00709	0.00436	0.00364	0.00113	0.00393	0.00335	0.00365	0.00618
13	0.00939	0.00901	0.01539	0.02328	0.84306	0.00901	0.01164	0.01164	0.00864	0.01239	0.00713	0.00939	0.00601	0.00338	0.00375	0.00113	0.00451	0.00338	0.00188	0.00601
14	0.01702	0.00645	0.00880	0.00675	0.00968	0.00557	0.00557	0.01848	0.01085	0.84568	0.01496	0.01291	0.00939	0.00469	0.00381	0.00117	0.00323	0.00381	0.00469	0.00645
15	0.00721	0.04468	0.57783	0.01010	0.05272	0.00793	0.02209	0.01059	0.00799	0.01158	0.03611	0.13422	0.03370	0.00515	0.00399	0.00125	0.02150	0.00428	0.00204	0.00506
16	0.00992	0.13707	0.28536	0.01020	0.10926	0.00920	0.02029	0.03337	0.15778	0.13283	0.03161	0.01095	0.02726	0.00422	0.00359	0.00115	0.00423	0.00343	0.00266	0.00564
17	0.00551	0.00369	0.00423	0.00423	0.00426	0.00373	0.00241	0.00557	0.00554	0.00742	0.01187	0.02436	0.01359	0.82781	0.05793	0.00379	0.00398	0.00545	0.00229	0.00235
18	0.07429	0.00672	0.00872	0.00673	0.00963	0.00607	0.00556	0.05849	0.01091	0.75044	0.01404	0.01228	0.00890	0.00461	0.00372	0.00117	0.00326	0.00368	0.00450	0.00630
19	0.02885	0.01163	0.23117	0.01463	0.30667	0.02552	0.08953	0.06674	0.05890	0.06250	0.06003	0.01064	0.00802	0.00397	0.00380	0.00118	0.00463	0.00359	0.00238	0.00565
20	0.00778	0.04802	0.05529	0.02227	0.27164	0.00728	0.01855	0.03205	0.10101	0.02109	0.05365	0.20064	0.04967	0.06070	0.00527	0.00142	0.03067	0.00554	0.00272	0.00473
21	0.01643	0.02635	0.00907	0.00678	0.00967	0.00602	0.00562	0.05501	0.01110	0.76701	0.03641	0.01299	0.00985	0.00474	0.00380	0.00116	0.00325	0.00384	0.00457	0.00634

[dist]
# distance from previous block
# <min> <max>
2	7

[block]
# block no. 2 follows, 72 sequences, length 13
# corresponding to MSA columns:
# 88-100
name=unknown_C
#
# <colnr> <probs for GDERKNQSTAVLIFYWHMCP>
#	G	D	E	R	K	N	Q	S	T	A	V	L	I	F	Y	W	H	M	C	P
0	0.00970	0.02965	0.01445	0.04523	0.52018	0.10275	0.06930	0.01242	0.07146	0.01198	0.02129	0.00972	0.00666	0.00383	0.00427	0.00116	0.05492	0.00345	0.00205	0.00553
1	0.00523	0.00387	0.00488	0.00463	0.00558	0.00352	0.00347	0.00689	0.01041	0.01444	0.71627	0.02960	0.16105	0.00804	0.00447	0.00121	0.00181	0.00704	0.00407	0.00352
2	0.00602	0.00520	0.04797	0.00652	0.00738	0.00544	0.00533	0.00738	0.00623	0.02688	0.00980	0.01469	0.00919	0.08508	0.66362	0.00521	0.07842	0.00404	0.00206	0.00355
3	0.02615	0.50311	0.06916	0.00822	0.03890	0.10036	0.04816	0.05275	0.02756	0.04151	0.00646	0.00728	0.00537	0.00348	0.00292	0.00092	0.00445	0.00248	0.00199	0.04874
4	0.01218	0.15883	0.04623	0.04044	0.01179	0.13418	0.00728	0.35822	0.16411	0.01671	0.00895	0.00917	0.00677	0.00428	0.00351	0.00109	0.00442	0.00317	0.00300	0.00568
5	0.00507	0.00353	0.00460	0.00511	0.00553	0.00332	0.00349	0.00590	0.00771	0.02789	0.13168	0.59057	0.07061	0.07685	0.03782	0.00181	0.00256	0.00929	0.00348	0.00318
6	0.00884	0.40809	0.43464	0.00934	0.04684	0.01165	0.01047	0.01170	0.00789	0.01061	0.00612	0.00718	0.00488	0.00343	0.00307	0.00102	0.00485	0.00247	0.00162	0.00528
7	0.07642	0.25228	0.38093	0.00923	0.03378	0.01069	0.02844	0.06374	0.00850	0.05331	0.00676	0.00774	0.00516	0.00374	0.00364	0.00111	0.04456	0.00270	0.00197	0.00531
8	0.00617	0.00403	0.00491	0.00499	0.00602	0.00362	0.00367	0.00739	0.02399	0.10258	0.12697	0.33900	0.30391	0.00963	0.00456	0.00137	0.00223	0.03760	0.00374	0.00362
9	0.00513	0.00365	0.00445	0.00482	0.00520	0.00347	0.00325	0.00576	0.00715	0.00940	0.07054	0.32148	0.12057	0.32556	0.01013	0.00229	0.00281	0.08835	0.00311	0.00288
10	0.01129	0.03164	0.11018	0.04917	0.24346	0.18007	0.12316	0.09697	0.01014	0.09607	0.00784	0.00911	0.00592	0.00375	0.00375	0.00113	0.00522	0.00329	0.00233	0.00550
11	0.01070	0.67588	0.01801	0.00726	0.01030	0.12082	0.02695	0.03409	0.04772	0.00978	0.00599	0.00675	0.00525	0.00345	0.00271	0.00088	0.00442	0.00229	0.00184	0.00491
12	0.00882	0.13194	0.16664	0.01095	0.20404	0.00841	0.00833	0.05165	0.00854	0.01239	0.00675	0.00805	0.00549	0.00324	0.00317	0.00087	0.00396	0.00264	0.00203	0.35206

[dist]
# distance from previous block
# <min> <max>
0	1

[block]
# block no. 3 follows, 72 sequences, length 49
# corresponding to MSA columns:
# 102-150
name=unknown_D
#
# <colnr> <probs for GDERKNQSTAVLIFYWHMCP>
#	G	D	E	R	K	N	Q	S	T	A	V	L	I	F	Y	W	H	M	C	P
0	0.01054	0.16583	0.25116	0.01077	0.09554	0.10719	0.04577	0.17782	0.05986	0.01377	0.00744	0.00836	0.00573	0.00387	0.00365	0.00110	0.02083	0.00298	0.00227	0.00552
1	0.00517	0.00392	0.00477	0.00455	0.00557	0.00355	0.00342	0.00685	0.02128	0.01383	0.60499	0.03043	0.26126	0.00824	0.00447	0.00122	0.00184	0.00715	0.00399	0.00351
2	0.01080	0.65331	0.03863	0.00717	0.01038	0.03084	0.02186	0.11222	0.04329	0.03147	0.00649	0.00709	0.00546	0.00354	0.00278	0.00090	0.00414	0.00241	0.00207	0.00516
3	0.00600	0.00393	0.00499	0.00493	0.00558	0.00381	0.00350	0.00702	0.00800	0.05585	0.26425	0.12004	0.05691	0.26969	0.10224	0.00255	0.00350	0.04855	0.02541	0.00325
4	0.00487	0.00381	0.00441	0.00435	0.00539	0.00335	0.00323	0.00617	0.00943	0.01233	0.38164	0.09729	0.43219	0.00899	0.00451	0.00126	0.00189	0.00773	0.00380	0.00335
5	0.01014	0.86900	0.01987	0.00649	0.00973	0.01501	0.00649	0.01136	0.00771	0.00892	0.00527	0.00608	0.00487	0.00324	0.00243	0.00081	0.00406	0.00203	0.00162	0.00487
6	0.02802	0.00584	0.00775	0.00630	0.00866	0.00519	0.00515	0.02810	0.01065	0.58428	0.16245	0.01835	0.04852	0.00579	0.00403	0.00122	0.00295	0.05675	0.00442	0.00558
7	0.00474	0.00339	0.00454	0.00542	0.00569	0.00318	0.00373	0.00549	0.00738	0.00981	0.02084	0.79883	0.02482	0.01177	0.00487	0.00156	0.00230	0.07502	0.00352	0.00311
8	0.00480	0.00344	0.00456	0.00516	0.00554	0.00320	0.00353	0.00574	0.00811	0.01103	0.22035	0.66096	0.02769	0.01088	0.00475	0.00146	0.00210	0.00983	0.00368	0.00320
9	0.00786	0.00674	0.00786	0.00562	0.00899	0.00506	0.00449	0.00955	0.00786	0.01236	0.00674	0.00786	0.00562	0.00281	0.00281	0.00056	0.00281	0.00225	0.00225	0.88990
10	0.00896	0.00599	0.00658	0.00578	0.00727	0.08848	0.00446	0.02740	0.01091	0.19537	0.56123	0.02244	0.02637	0.00664	0.00421	0.00117	0.00265	0.00569	0.00406	0.00434
11	0.00883	0.01110	0.09839	0.01551	0.01951	0.00952	0.75414	0.01214	0.00886	0.01214	0.00759	0.01003	0.00567	0.00323	0.00440	0.00127	0.00632	0.00432	0.00189	0.00516
12	0.00679	0.00546	0.00575	0.00548	0.00596	0.06721	0.00373	0.03641	0.04258	0.00901	0.01107	0.03345	0.01170	0.51785	0.14860	0.00345	0.04833	0.00484	0.02924	0.00308
13	0.01411	0.01759	0.01065	0.00966	0.01164	0.81294	0.00726	0.01534	0.03143	0.02671	0.00629	0.00715	0.00515	0.00396	0.00344	0.00099	0.00667	0.00252	0.00206	0.00448
14	0.00711	0.00487	0.02571	0.00588	0.00703	0.01924	0.01634	0.00833	0.00837	0.13262	0.15034	0.42635	0.02080	0.01079	0.08621	0.00179	0.00331	0.00757	0.00349	0.05384
15	0.01949	0.27452	0.21122	0.00870	0.01230	0.01089	0.07218	0.13827	0.10350	0.07394	0.00859	0.02579	0.00665	0.00402	0.00339	0.00109	0.00438	0.00318	0.00250	0.01541
16	0.00939	0.00641	0.00710	0.00634	0.00815	0.03719	0.00492	0.01392	0.29659	0.18903	0.09310	0.05427	0.15747	0.02732	0.06975	0.00168	0.00343	0.00528	0.00375	0.00493
17	0.00618	0.00403	0.00521	0.00490	0.00593	0.00367	0.00368	0.00777	0.01026	0.08225	0.63233	0.10247	0.10076	0.00803	0.00445	0.00123	0.00195	0.00706	0.00410	0.00374
18	0.00882	0.01235	0.28411	0.04695	0.41207	0.00885	0.10092	0.01202	0.02490	0.03185	0.01707	0.00945	0.00609	0.00356	0.00380	0.00118	0.00499	0.00338	0.00192	0.00570
19	0.00841	0.00678	0.01059	0.01396	0.37818	0.00677	0.02486	0.05176	0.02147	0.07187	0.01308	0.30264	0.01344	0.00679	0.00436	0.00131	0.01930	0.03668	0.00283	0.00492
20	0.01569	0.00624	0.00824	0.00642	0.00910	0.00554	0.00527	0.04598	0.01074	0.71309	0.01443	0.01293	0.00933	0.00465	0.00367	0.00114	0.00308	0.00377	0.11462	0.00609
21	0.00592	0.00418	0.00492	0.00465	0.00585	0.00375	0.00351	0.03129	0.00986	0.06338	0.37708	0.08117	0.37340	0.00851	0.00444	0.00125	0.00203	0.00730	0.00388	0.00365
22	0.02733	0.07869	0.15802	0.01427	0.31208	0.00905	0.07496	0.08735	0.00971	0.17909	0.00868	0.00957	0.00637	0.00376	0.00367	0.00114	0.00450	0.00333	0.00256	0.00587
23	0.01193	0.00752	0.00895	0.00757	0.00917	0.09478	0.00610	0.01315	0.00867	0.36401	0.03903	0.01237	0.00891	0.03205	0.15393	0.00219	0.20781	0.00375	0.00314	0.00495
24	0.38666	0.01087	0.00958	0.05189	0.18813	0.25910	0.00705	0.01234	0.00824	0.01325	0.00592	0.00728	0.00480	0.00367	0.00319	0.00112	0.01769	0.00254	0.00209	0.00460
25	0.00919	0.00880	0.01493	0.02250	0.80946	0.00878	0.01129	0.01139	0.00864	0.01230	0.00839	0.01047	0.03951	0.00363	0.00378	0.00113	0.00440	0.00356	0.00194	0.00589
26	0.00880	0.00810	0.00842	0.00635	0.00936	0.10082	0.00505	0.01036	0.00814	0.03047	0.00673	0.00789	0.00558	0.00319	0.00343	0.00068	0.05034	0.00236	0.00224	0.72169
27	0.00499	0.00386	0.00434	0.00435	0.00545	0.00335	0.00324	0.00613	0.00900	0.02868	0.21264	0.12677	0.53471	0.00937	0.00453	0.00130	0.00199	0.02826	0.00369	0.00335
28	0.00725	0.00442	0.00507	0.00483	0.00614	0.00408	0.00367	0.04010	0.02757	0.12553	0.06855	0.16787	0.33009	0.00804	0.00411	0.00124	0.00226	0.02596	0.15933	0.00390
29	0.00506	0.00366	0.00453	0.00500	0.00547	0.00345	0.00351	0.00584	0.00753	0.00985	0.07632	0.37252	0.15501	0.20197	0.00804	0.00198	0.00264	0.12130	0.00329	0.00302
30	0.00761	0.01962	0.84707	0.01081	0.01641	0.00881	0.01401	0.01201	0.00801	0.01201	0.00681	0.00801	0.00480	0.00360	0.00360	0.00120	0.00560	0.00280	0.00160	0.00560
31	0.00939	0.00901	0.01539	0.02328	0.84306	0.00901	0.01164	0.01164	0.00864	0.01239	0.00713	0.00939	0.00601	0.00338	0.00375	0.00113	0.00451	0.00338	0.00188	0.00601
32	0.00786	0.00674	0.00786	0.00562	0.00899	0.00506	0.00449	0.00955	0.00786	0.01236	0.00674	0.00786	0.00562	0.00281	0.00281	0.00056	0.00281	0.00225	0.00225	0.88990
33	0.00456	0.00383	0.00397	0.00396	0.00518	0.00323	0.00296	0.00559	0.00880	0.01067	0.10951	0.05651	0.74926	0.00950	0.00449	0.00128	0.00192	0.00797	0.00358	0.00323
34	0.01624	0.00758	0.05741	0.00716	0.01025	0.00631	0.00621	0.09010	0.01131	0.72470	0.01397	0.01229	0.00886	0.00462	0.00380	0.00117	0.00345	0.00372	0.00444	0.00640
35	0.03254	0.00682	0.00880	0.00681	0.00970	0.03132	0.00560	0.01825	0.01077	0.80552	0.01451	0.01260	0.00916	0.00465	0.00378	0.00117	0.00333	0.00374	0.00457	0.00635
36	0.01182	0.04397	0.01043	0.00889	0.01104	0.41358	0.02731	0.03408	0.37273	0.01253	0.01015	0.01015	0.00787	0.00442	0.00361	0.00112	0.00499	0.00331	0.00281	0.00518
37	0.00497	0.00361	0.00475	0.00549	0.00599	0.00340	0.00403	0.00594	0.00787	0.01034	0.05707	0.56351	0.10856	0.01117	0.00488	0.00154	0.00244	0.18771	0.00354	0.00320
38	0.01093	0.18284	0.32686	0.00978	0.07413	0.00936	0.03088	0.03648	0.04630	0.22326	0.00907	0.00933	0.00644	0.00388	0.00348	0.00112	0.00448	0.00308	0.00258	0.00573
39	0.03931	0.17321	0.06556	0.01310	0.01682	0.01051	0.55690	0.03696	0.00889	0.03166	0.00731	0.00922	0.00559	0.00332	0.00393	0.00118	0.00565	0.00379	0.00198	0.00513
40	0.01648	0.00666	0.00882	0.00681	0.00968	0.00595	0.00561	0.06290	0.02960	0.76359	0.01459	0.01275	0.00928	0.00469	0.00379	0.00117	0.00324	0.00380	0.02421	0.00638
41	0.02130	0.00814	0.03832	0.41427	0.32967	0.00880	0.02536	0.01077	0.00798	0.03442	0.00700	0.00968	0.00552	0.00382	0.00431	0.00123	0.05918	0.00337	0.00185	0.00500
42	0.02092	0.01430	0.44531	0.01507	0.31770	0.00863	0.03019	0.01240	0.00847	0.08053	0.00759	0.00894	0.00563	0.00360	0.00368	0.00117	0.00499	0.00312	0.00197	0.00579
43	0.00469	0.00376	0.00415	0.00427	0.00527	0.00327	0.00312	0.00569	0.00858	0.01071	0.13780	0.16893	0.55769	0.04150	0.00510	0.00141	0.00205	0.02523	0.00356	0.00320
44	0.00535	0.00387	0.00513	0.00489	0.00575	0.00365	0.00367	0.00707	0.01028	0.01455	0.75280	0.05196	0.03344	0.00947	0.06980	0.00158	0.00245	0.00676	0.00399	0.00355
45	0.00968	0.03141	0.16102	0.04450	0.43321	0.04936	0.11058	0.01226	0.00868	0.06808	0.00749	0.00928	0.00585	0.00361	0.00402	0.00117	0.02878	0.00336	0.00201	0.00565
46	0.00462	0.00349	0.00427	0.00489	0.00545	0.00315	0.00339	0.00540	0.00772	0.00990	0.02622	0.59056	0.27384	0.01115	0.00474	0.00147	0.00215	0.03094	0.00352	0.00313
47	0.01460	0.05849	0.01011	0.00735	0.01018	0.00848	0.00610	0.31428	0.05855	0.40083	0.03657	0.01168	0.00896	0.00466	0.00371	0.00114	0.00352	0.00367	0.03095	0.00616
48	0.00917	0.18782	0.27181	0.15879	0.16065	0.04349	0.04333	0.03259	0.00848	0.04004	0.00688	0.00846	0.00531	0.00358	0.00346	0.00111	0.00496	0.00295	0.00186	0.00527

[dist]
# distance from previous block
# <min> <max>
1	2

[block]
# block no. 4 follows, 72 sequences, length 21
# corresponding to MSA columns:
# 153,155-169,174-178
name=unknown_E
#
# <colnr> <probs for GDERKNQSTAVLIFYWHMCP>
#	G	D	E	R	K	N	Q	S	T	A	V	L	I	F	Y	W	H	M	C	P
0	0.00978	0.00847	0.03643	0.00742	0.01000	0.00870	0.00605	0.15492	0.47402	0.01637	0.02601	0.01213	0.00969	0.00457	0.00361	0.00111	0.00319	0.00372	0.02951	0.17428
1	0.01032	0.49187	0.10045	0.00838	0.05913	0.07249	0.02076	0.05296	0.04271	0.03842	0.00701	0.00775	0.01510	0.00357	0.00295	0.00093	0.00431	0.00256	0.00202	0.05630
2	0.00525	0.00409	0.00524	0.00524	0.00613	0.00378	0.02783	0.00669	0.03993	0.01121	0.18579	0.34832	0.21244	0.06223	0.00547	0.00150	0.00235	0.03036	0.00350	0.03265
3	0.00767	0.00654	0.00793	0.00668	0.05980	0.00525	0.00481	0.00955	0.03646	0.01205	0.00829	0.06757	0.00758	0.04610	0.00385	0.00084	0.00292	0.00313	0.00237	0.70059
4	0.00480	0.00382	0.00430	0.00425	0.00533	0.00333	0.00316	0.00603	0.00929	0.01193	0.31611	0.08454	0.51150	0.00910	0.00450	0.00127	0.00189	0.00778	0.00375	0.00333
5	0.28698	0.00610	0.00655	0.00581	0.00775	0.00628	0.00461	0.03938	0.05950	0.23878	0.05196	0.10432	0.04956	0.05659	0.00453	0.00141	0.00296	0.05884	0.00346	0.00461
6	0.00475	0.00385	0.00421	0.00412	0.00529	0.00332	0.00309	0.00596	0.00928	0.01174	0.28080	0.03403	0.59821	0.00905	0.00448	0.00125	0.00188	0.00766	0.00372	0.00332
7	0.06418	0.00615	0.00680	0.00627	0.00783	0.07632	0.00473	0.03554	0.00912	0.31222	0.01619	0.40718	0.01589	0.00789	0.00417	0.00133	0.00307	0.00681	0.00375	0.00457
8	0.00761	0.01962	0.84707	0.01081	0.01641	0.00881	0.01401	0.01201	0.00801	0.01201	0.00681	0.00801	0.00480	0.00360	0.00360	0.00120	0.00560	0.00280	0.00160	0.00560
9	0.01231	0.01516	0.01328	0.01109	0.01318	0.56575	0.17865	0.01373	0.00972	0.00986	0.00612	0.00774	0.00508	0.00412	0.00483	0.00113	0.11885	0.00298	0.00191	0.00451
10	0.00647	0.00335	0.00496	0.00496	0.00499	0.00339	0.00331	0.00506	0.00503	0.00674	0.00704	0.01239	0.00711	0.05862	0.05644	0.79958	0.00365	0.00345	0.00170	0.00177
11	0.00815	0.00497	0.00601	0.00572	0.00692	0.00489	0.00424	0.11128	0.04310	0.13429	0.07825	0.39394	0.05889	0.03145	0.00466	0.00138	0.00258	0.00733	0.08776	0.00418
12	0.00560	0.00412	0.00578	0.00572	0.00621	0.00473	0.00424	0.00662	0.00599	0.00860	0.01044	0.01699	0.01034	0.22734	0.59821	0.00521	0.04196	0.00437	0.02437	0.00316
13	0.00522	0.00384	0.00513	0.01983	0.00602	0.00401	0.00385	0.00585	0.00667	0.00904	0.01650	0.47940	0.03145	0.18123	0.11891	0.02480	0.05215	0.02019	0.00290	0.00302
14	0.01025	0.02991	0.11961	0.01667	0.43056	0.10702	0.05633	0.10696	0.03832	0.01334	0.00744	0.00898	0.00592	0.00364	0.00369	0.00111	0.00487	0.00323	0.00215	0.02998
15	0.07145	0.00650	0.00770	0.00622	0.00852	0.00637	0.00502	0.16355	0.02560	0.38290	0.09798	0.01453	0.03631	0.02671	0.00403	0.00120	0.00301	0.00407	0.12291	0.00540
16	0.08575	0.00504	0.00537	0.00490	0.00644	0.02704	0.00378	0.00898	0.03247	0.13514	0.23665	0.03903	0.38002	0.00762	0.00415	0.00123	0.00234	0.00635	0.00373	0.00397
17	0.02116	0.22045	0.19818	0.01113	0.14521	0.00997	0.09317	0.05196	0.04561	0.05538	0.00784	0.00887	0.01572	0.00360	0.00337	0.00104	0.00445	0.00302	0.00215	0.09772
18	0.00720	0.00706	0.11432	0.00800	0.08843	0.00536	0.04482	0.00941	0.04632	0.09072	0.15720	0.13965	0.22300	0.02449	0.00454	0.00131	0.00309	0.00624	0.00324	0.01562
19	0.00703	0.00413	0.00528	0.00522	0.00630	0.00370	0.00387	0.00816	0.00894	0.16123	0.18759	0.34712	0.18711	0.00925	0.00453	0.00136	0.00230	0.03919	0.00386	0.00383
20	0.00923	0.00885	0.01526	0.04720	0.61064	0.02001	0.11913	0.01162	0.02224	0.02988	0.00815	0.05295	0.00704	0.00391	0.00403	0.00118	0.01707	0.00391	0.00205	0.00564

[dist]
# distance from previous block
# <min> <max>
0	1

[block]
# block no. 5 follows, 72 sequences, length 26
# corresponding to MSA columns:
# 180-205
name=unknown_F
#
# <colnr> <probs for GDERKNQSTAVLIFYWHMCP>
#	G	D	E	R	K	N	Q	S	T	A	V	L	I	F	Y	W	H	M	C	P
0	0.00918	0.08341	0.43726	0.04457	0.18295	0.00950	0.03293	0.09483	0.00920	0.03967	0.00726	0.00854	0.00541	0.00365	0.00359	0.00114	0.00500	0.00301	0.00200	0.01691
1	0.00880	0.00791	0.02251	0.03117	0.10743	0.07288	0.09640	0.01032	0.00834	0.09698	0.09820	0.09940	0.07594	0.00656	0.01891	0.00141	0.22476	0.00492	0.00265	0.00450
2	0.00465	0.00345	0.00435	0.00501	0.00548	0.00315	0.00345	0.00544	0.00770	0.01004	0.05524	0.65101	0.18850	0.01124	0.00476	0.00148	0.00215	0.02623	0.00354	0.00313
3	0.05854	0.02883	0.08361	0.00855	0.08285	0.02016	0.01560	0.15794	0.03195	0.13966	0.00855	0.00903	0.00634	0.00365	0.00331	0.00093	0.00365	0.00290	0.00283	0.33111
4	0.00943	0.05558	0.05866	0.16435	0.44402	0.00956	0.08339	0.09558	0.01979	0.01292	0.00730	0.00937	0.00581	0.00358	0.00375	0.00115	0.00475	0.00339	0.00204	0.00558
5	0.00449	0.00382	0.00386	0.00389	0.00514	0.00320	0.00290	0.00544	0.00859	0.01023	0.03779	0.06609	0.81233	0.00969	0.00450	0.00129	0.00193	0.00810	0.00352	0.00320
6	0.89350	0.00733	0.00557	0.00499	0.00733	0.00851	0.00411	0.01115	0.00645	0.01702	0.00528	0.00616	0.00411	0.00352	0.00235	0.00117	0.00293	0.00205	0.00235	0.00411
7	0.00924	0.09918	0.16637	0.04689	0.22505	0.11271	0.00893	0.01176	0.03495	0.01157	0.00687	0.00827	0.00557	0.00340	0.00331	0.00095	0.00448	0.00275	0.00196	0.23577
8	0.00556	0.00405	0.00486	0.00459	0.00576	0.00355	0.00345	0.00697	0.00967	0.04425	0.44418	0.08392	0.31093	0.00833	0.00440	0.00122	0.00196	0.00720	0.00384	0.04129
9	0.00647	0.00506	0.04107	0.00554	0.00679	0.00447	0.01486	0.02064	0.04919	0.06357	0.46986	0.06270	0.07395	0.06993	0.08719	0.00187	0.00316	0.00618	0.00364	0.00386
10	0.19325	0.00884	0.00908	0.00728	0.00996	0.06790	0.00595	0.30683	0.01224	0.28672	0.01004	0.00984	0.00695	0.00542	0.04175	0.00137	0.00407	0.00323	0.00358	0.00569
11	0.00552	0.00368	0.00414	0.00414	0.00414	0.00368	0.00230	0.00552	0.00552	0.00735	0.01195	0.02482	0.01379	0.86672	0.01930	0.00368	0.00368	0.00552	0.00230	0.00230
12	0.00984	0.00881	0.02601	0.00791	0.01020	0.04752	0.02669	0.08860	0.62735	0.02786	0.01550	0.01452	0.06173	0.00523	0.00388	0.00126	0.00335	0.00433	0.00366	0.00577
13	0.00624	0.00526	0.00759	0.00712	0.00757	0.00666	0.00565	0.00739	0.00599	0.00883	0.00875	0.01344	0.00838	0.05793	0.57641	0.00472	0.25266	0.00391	0.00194	0.00356
14	0.01156	0.01298	0.01146	0.08665	0.08065	0.41414	0.04288	0.07750	0.06813	0.01127	0.00715	0.00870	0.00584	0.00537	0.04288	0.00137	0.10150	0.00307	0.00217	0.00474
15	0.06543	0.00856	0.00932	0.00737	0.00990	0.00924	0.00600	0.51892	0.01420	0.12918	0.01018	0.01085	0.00748	0.04083	0.03225	0.00138	0.00387	0.00351	0.10584	0.00570
16	0.00908	0.00784	0.00824	0.00745	0.00953	0.00899	0.00578	0.01912	0.77794	0.01547	0.01705	0.01572	0.07001	0.00546	0.00390	0.00129	0.00293	0.00455	0.00384	0.00581
17	0.79164	0.06815	0.00684	0.00526	0.00770	0.00911	0.00441	0.04814	0.00706	0.01676	0.00545	0.00629	0.00427	0.00355	0.00242	0.00115	0.00307	0.00211	0.00236	0.00427
18	0.01015	0.00709	0.00899	0.00665	0.00986	0.00593	0.04878	0.03859	0.06718	0.18667	0.00919	0.00952	0.00686	0.00344	0.00321	0.00080	0.00314	0.00287	0.00290	0.56816
19	0.00600	0.00425	0.00466	0.00462	0.00475	0.03866	0.00281	0.00594	0.00570	0.00745	0.01091	0.02170	0.01221	0.66328	0.08108	0.11216	0.00425	0.00501	0.00218	0.00239
20	0.01122	0.02587	0.00887	0.00776	0.00946	0.41144	0.00595	0.05373	0.01043	0.08708	0.17793	0.02528	0.04624	0.01722	0.06176	0.00146	0.02711	0.00401	0.00283	0.00436
21	0.00887	0.10619	0.04821	0.01884	0.14939	0.01864	0.02352	0.08158	0.09022	0.03792	0.02170	0.02391	0.00883	0.19484	0.00694	0.00159	0.00383	0.00375	0.00249	0.14872
22	0.06327	0.11113	0.03267	0.00940	0.04557	0.27812	0.04090	0.17692	0.09781	0.03415	0.01850	0.00872	0.00645	0.00424	0.00399	0.00111	0.05627	0.00303	0.00257	0.00516
23	0.06505	0.01642	0.01054	0.00935	0.01148	0.68644	0.00713	0.12784	0.01148	0.01175	0.00628	0.00711	0.00506	0.00398	0.00341	0.00101	0.00624	0.00255	0.00223	0.00466
24	0.00935	0.00917	0.04953	0.02059	0.66909	0.00863	0.07417	0.01171	0.00883	0.04385	0.05217	0.01054	0.00766	0.00366	0.00384	0.00115	0.00450	0.00364	0.00210	0.00581
25	0.00542	0.00404	0.00599	0.00599	0.00663	0.00468	0.00461	0.00670	0.00606	0.00873	0.01025	0.01543	0.00971	0.07340	0.80705	0.00597	0.00981	0.00414	0.00205	0.00333

[dist]
# distance from previous block
# <min> <max>
0	1

[block]
# block no. 6 follows, 72 sequences, length 31
# corresponding to MSA columns:
# 207-237
name=unknown_G
#
# <colnr> <probs for GDERKNQSTAVLIFYWHMCP>
#	G	D	E	R	K	N	Q	S	T	A	V	L	I	F	Y	W	H	M	C	P
0	0.06481	0.03309	0.02187	0.00770	0.02085	0.06247	0.02954	0.13240	0.08092	0.47602	0.02363	0.01152	0.00858	0.00452	0.00369	0.00116	0.00371	0.00360	0.00393	0.00601
1	0.00943	0.00815	0.00858	0.00772	0.00986	0.00943	0.00600	0.02015	0.83621	0.01586	0.01544	0.01415	0.01158	0.00515	0.00386	0.00129	0.00300	0.00429	0.00386	0.00600
2	0.12127	0.00913	0.02368	0.00794	0.02448	0.02243	0.00640	0.38410	0.17399	0.12935	0.01041	0.01023	0.00748	0.00473	0.00392	0.02671	0.00369	0.00342	0.00356	0.02310
3	0.00659	0.00329	0.00494	0.00494	0.00494	0.00329	0.00329	0.00494	0.00494	0.00659	0.00659	0.01153	0.00659	0.01318	0.01482	0.88966	0.00329	0.00329	0.00165	0.00165
4	0.00716	0.00674	0.01138	0.85760	0.02612	0.00843	0.01053	0.00969	0.00758	0.00969	0.00674	0.01011	0.00506	0.00379	0.00379	0.00126	0.00506	0.00337	0.00169	0.00421
5	0.00913	0.00868	0.01736	0.03811	0.07515	0.00825	0.52716	0.01200	0.03412	0.08871	0.02202	0.09092	0.00909	0.00457	0.00439	0.00130	0.00526	0.03627	0.00246	0.00503
6	0.01051	0.01141	0.01253	0.02890	0.31125	0.26079	0.00910	0.02505	0.03220	0.01087	0.01871	0.00876	0.00599	0.00454	0.00598	0.00123	0.23209	0.00316	0.00196	0.00497
7	0.00841	0.00672	0.00792	0.00568	0.00903	0.00509	0.00456	0.01008	0.00804	0.06206	0.00723	0.00817	0.00584	0.00292	0.00287	0.00060	0.00283	0.00234	0.00239	0.83721
8	0.00800	0.01777	0.67999	0.01200	0.06632	0.02717	0.08933	0.01199	0.00813	0.01191	0.00684	0.00828	0.00497	0.00364	0.00392	0.00121	0.02833	0.00300	0.00166	0.00552
9	0.00830	0.00830	0.01162	0.00996	0.00996	0.01162	0.00830	0.00913	0.00581	0.00913	0.00498	0.00830	0.00498	0.00664	0.01245	0.00166	0.85977	0.00332	0.00166	0.00415
10	0.00463	0.00382	0.00406	0.00407	0.00523	0.00325	0.00303	0.00570	0.00888	0.01097	0.16061	0.08461	0.66911	0.00946	0.00450	0.00128	0.00192	0.00799	0.00362	0.00325
11	0.89350	0.00733	0.00557	0.00499	0.00733	0.00851	0.00411	0.01115	0.00645	0.01702	0.00528	0.00616	0.00411	0.00352	0.00235	0.00117	0.00293	0.00205	0.00235	0.00411
12	0.89350	0.00733	0.00557	0.00499	0.00733	0.00851	0.00411	0.01115	0.00645	0.01702	0.00528	0.00616	0.00411	0.00352	0.00235	0.00117	0.00293	0.00205	0.00235	0.00411
13	0.00602	0.00418	0.00504	0.00488	0.00522	0.00441	0.00318	0.05501	0.00639	0.00869	0.01135	0.02150	0.01232	0.61392	0.21834	0.00411	0.00526	0.00504	0.00232	0.00281
14	0.00462	0.00330	0.00440	0.00528	0.00550	0.00308	0.00352	0.00528	0.00726	0.00968	0.02090	0.86424	0.02508	0.01188	0.00484	0.00154	0.00220	0.01078	0.00352	0.00308
15	0.01442	0.01062	0.01138	0.00873	0.01176	0.01176	0.00721	0.83041	0.01783	0.02390	0.00911	0.00911	0.00645	0.00455	0.00379	0.00114	0.00417	0.00341	0.00379	0.00645
16	0.01014	0.86900	0.01987	0.00649	0.00973	0.01501	0.00649	0.01136	0.00771	0.00892	0.00527	0.00608	0.00487	0.00324	0.00243	0.00081	0.00406	0.00203	0.00162	0.00487
17	0.89350	0.00733	0.00557	0.00499	0.00733	0.00851	0.00411	0.01115	0.00645	0.01702	0.00528	0.00616	0.00411	0.00352	0.00235	0.00117	0.00293	0.00205	0.00235	0.00411
18	0.89350	0.00733	0.00557	0.00499	0.00733	0.00851	0.00411	0.01115	0.00645	0.01702	0.00528	0.00616	0.00411	0.00352	0.00235	0.00117	0.00293	0.00205	0.00235	0.00411
19	0.00537	0.00388	0.00507	0.00477	0.00567	0.00358	0.00358	0.00716	0.01074	0.01521	0.84106	0.02833	0.03578	0.00775	0.00447	0.00119	0.00179	0.00686	0.00417	0.00358
20	0.00830	0.00830	0.01162	0.00996	0.00996	0.01162	0.00830	0.00913	0.00581	0.00913	0.00498	0.00830	0.00498	0.00664	0.01245	0.00166	0.85977	0.00332	0.00166	0.00415
21	0.00895	0.01023	0.02238	0.01598	0.01982	0.00959	0.82928	0.01215	0.00895	0.01215	0.00767	0.01023	0.00575	0.00320	0.00448	0.00128	0.00639	0.00448	0.00192	0.00512
22	0.00478	0.00346	0.00455	0.00529	0.00567	0.00322	0.00369	0.00563	0.00771	0.01024	0.08124	0.69094	0.07430	0.01134	0.00482	0.00152	0.00225	0.07264	0.00357	0.00316
23	0.06405	0.00662	0.00861	0.00672	0.00957	0.00601	0.00553	0.01821	0.07027	0.74072	0.01447	0.01263	0.00926	0.00466	0.00374	0.00118	0.00319	0.00375	0.00451	0.00629
24	0.00501	0.00347	0.00454	0.00520	0.00559	0.00323	0.00354	0.00576	0.00752	0.03210	0.05713	0.71786	0.07322	0.03167	0.02341	0.00165	0.00240	0.00999	0.00352	0.00319
25	0.00523	0.00354	0.00468	0.00520	0.00564	0.00328	0.00357	0.00612	0.00804	0.03960	0.18655	0.64142	0.02638	0.03538	0.00515	0.00152	0.00219	0.00960	0.00366	0.00328
26	0.00932	0.00775	0.00823	0.00740	0.00949	0.00881	0.00575	0.01896	0.74162	0.04418	0.03598	0.01570	0.05904	0.00544	0.00391	0.00128	0.00292	0.00454	0.00388	0.00580
27	0.13215	0.19427	0.31822	0.00876	0.02857	0.01045	0.02076	0.15083	0.03717	0.05482	0.00736	0.00803	0.00549	0.00377	0.00325	0.00111	0.00445	0.00277	0.00232	0.00544
28	0.00621	0.00433	0.00521	0.00524	0.00615	0.00388	0.00377	0.00729	0.00963	0.03853	0.36330	0.26123	0.20080	0.00945	0.00477	0.00143	0.00225	0.00811	0.05459	0.00384
29	0.00475	0.00340	0.00451	0.00520	0.00553	0.00316	0.00353	0.00560	0.00784	0.01061	0.15874	0.72375	0.02688	0.01119	0.00478	0.00148	0.00213	0.01012	0.00363	0.00316
30	0.85492	0.00746	0.00631	0.00547	0.00788	0.00856	0.04010	0.01119	0.00656	0.01680	0.00539	0.00634	0.00418	0.00351	0.00244	0.00118	0.00308	0.00216	0.00233	0.00415

[dist]
# distance from previous block
# <min> <max>
0	1

[block]
# block no. 7 follows, 72 sequences, length 29
# corresponding to MSA columns:
# 239-267
name=unknown_H
#
# <colnr> <probs for GDERKNQSTAVLIFYWHMCP>
#	G	D	E	R	K	N	Q	S	T	A	V	L	I	F	Y	W	H	M	C	P
0	0.00911	0.16842	0.33428	0.02702	0.04358	0.09953	0.04995	0.03090	0.00845	0.01140	0.00648	0.00775	0.00510	0.00351	0.00353	0.00101	0.02755	0.00267	0.00183	0.15793
1	0.00518	0.00382	0.00456	0.00440	0.00520	0.00351	0.00313	0.00637	0.00907	0.01226	0.46115	0.02958	0.22983	0.19657	0.00773	0.00176	0.00224	0.00685	0.00360	0.00320
2	0.09545	0.21268	0.24921	0.02296	0.13842	0.00998	0.00916	0.06067	0.00885	0.13730	0.00768	0.00842	0.00572	0.00374	0.00338	0.00109	0.01464	0.00284	0.00231	0.00549
3	0.01281	0.00988	0.01139	0.00987	0.07926	0.02129	0.03714	0.54275	0.15911	0.04104	0.01015	0.01024	0.00741	0.00480	0.01437	0.00123	0.00413	0.00361	0.01332	0.00619
4	0.00509	0.00382	0.00471	0.00459	0.00552	0.00344	0.00340	0.00657	0.00992	0.01351	0.57297	0.10506	0.23033	0.00857	0.00451	0.00125	0.00186	0.00749	0.00396	0.00344
5	0.01424	0.01084	0.01080	0.00848	0.01130	0.10171	0.00691	0.65273	0.01617	0.07617	0.00928	0.00933	0.00662	0.00449	0.00370	0.00111	0.00429	0.00334	0.04237	0.00610
6	0.16580	0.00686	0.00841	0.00657	0.00941	0.00645	0.00542	0.06675	0.01053	0.65475	0.01296	0.01153	0.00831	0.00449	0.00356	0.00117	0.00323	0.00349	0.00424	0.00606
7	0.00624	0.00521	0.00712	0.07577	0.06679	0.02520	0.02275	0.02213	0.00714	0.00960	0.01407	0.38741	0.01594	0.19108	0.03924	0.00209	0.08896	0.00710	0.00269	0.00347
8	0.01009	0.00822	0.00876	0.00773	0.00997	0.00940	0.00606	0.06962	0.74782	0.05491	0.01503	0.01378	0.01116	0.00509	0.00385	0.00127	0.00308	0.00421	0.00389	0.00605
9	0.00914	0.00861	0.02801	0.18344	0.33543	0.03341	0.03788	0.03658	0.20427	0.02844	0.04947	0.01156	0.00858	0.00416	0.00384	0.00120	0.00425	0.00377	0.00252	0.00547
10	0.00900	0.01011	0.02167	0.01672	0.10283	0.00953	0.74684	0.01210	0.00892	0.01217	0.00762	0.01015	0.00578	0.00322	0.00440	0.00126	0.00620	0.00437	0.00191	0.00521
11	0.00501	0.00374	0.00465	0.00469	0.00551	0.00338	0.00342	0.00636	0.00949	0.01288	0.48176	0.22146	0.20552	0.00909	0.00456	0.00129	0.00191	0.00800	0.00389	0.00338
12	0.00756	0.09382	0.01251	0.72515	0.04545	0.00917	0.02251	0.00994	0.00762	0.00971	0.00659	0.00966	0.00507	0.00376	0.00379	0.00122	0.01720	0.00325	0.00169	0.00434
13	0.00840	0.01420	0.43506	0.01422	0.27079	0.00875	0.03654	0.01259	0.09173	0.01254	0.00780	0.00911	0.00593	0.00363	0.00366	0.00115	0.00487	0.00315	0.00196	0.05389
14	0.00901	0.01364	0.33939	0.02804	0.01532	0.09332	0.24125	0.01255	0.05603	0.05917	0.02051	0.07761	0.00777	0.00439	0.00397	0.00123	0.00533	0.00408	0.00222	0.00516
15	0.01399	0.09718	0.01224	0.00850	0.01156	0.01209	0.00714	0.74782	0.01681	0.02239	0.00872	0.00880	0.00629	0.00442	0.00366	0.00111	0.00416	0.00327	0.00357	0.00629
16	0.80431	0.00763	0.00727	0.00610	0.00859	0.00862	0.08732	0.01125	0.00671	0.01652	0.00552	0.00657	0.00427	0.00349	0.00256	0.00118	0.00328	0.00230	0.00230	0.00421
17	0.01087	0.16810	0.01047	0.00716	0.00954	0.00906	0.00598	0.03348	0.38634	0.19181	0.03190	0.01547	0.01131	0.00528	0.00373	0.00121	0.00329	0.08581	0.00359	0.00559
18	0.00904	0.56114	0.03803	0.00646	0.00933	0.02817	0.02528	0.01054	0.00833	0.01059	0.14574	0.01030	0.01023	0.00400	0.00292	0.00088	0.00366	0.00297	0.01851	0.09389
19	0.01014	0.86900	0.01987	0.00649	0.00973	0.01501	0.00649	0.01136	0.00771	0.00892	0.00527	0.00608	0.00487	0.00324	0.00243	0.00081	0.00406	0.00203	0.00162	0.00487
20	0.00697	0.00493	0.00558	0.00513	0.00663	0.00471	0.00394	0.02512	0.14378	0.09693	0.23968	0.04830	0.37796	0.00787	0.00431	0.00125	0.00224	0.00666	0.00387	0.00414
21	0.00641	0.00390	0.00511	0.00510	0.00595	0.00359	0.00371	0.00772	0.00922	0.10096	0.38172	0.35328	0.02721	0.00884	0.00444	0.00131	0.00210	0.00787	0.05786	0.00369
22	0.00600	0.00412	0.00488	0.00476	0.00504	0.00430	0.00302	0.03616	0.03290	0.00842	0.01144	0.02178	0.01247	0.64022	0.14656	0.04316	0.00466	0.00508	0.00233	0.00271
23	0.02976	0.00940	0.01048	0.00812	0.01106	0.01005	0.00668	0.56907	0.06508	0.22441	0.01085	0.01029	0.00744	0.00461	0.00378	0.00116	0.00385	0.00354	0.00399	0.00638
24	0.00866	0.00702	0.00768	0.00701	0.00875	0.00783	0.00538	0.10546	0.49627	0.01554	0.09891	0.16814	0.01585	0.00654	0.00407	0.00130	0.00284	0.00560	0.02194	0.00523
25	0.00570	0.00385	0.00475	0.00491	0.00566	0.00362	0.00364	0.00692	0.00855	0.03004	0.24780	0.16692	0.13362	0.12931	0.00653	0.00167	0.00244	0.13534	0.09543	0.00331
26	0.00917	0.01028	0.10978	0.07006	0.52882	0.03069	0.06314	0.03248	0.05272	0.01245	0.00775	0.02366	0.00637	0.00376	0.00398	0.00118	0.02251	0.00353	0.00201	0.00568
27	0.00626	0.00451	0.00569	0.00610	0.00695	0.00455	0.00468	0.00882	0.13265	0.03847	0.05703	0.36792	0.04661	0.04105	0.00528	0.00161	0.00277	0.25172	0.00359	0.00375
28	0.00929	0.06722	0.15011	0.10327	0.40403	0.03074	0.06408	0.01217	0.04153	0.05132	0.02562	0.00977	0.00662	0.00368	0.00371	0.00115	0.00472	0.00337	0.00206	0.00555

[dist]
# distance from previous block
# <min> <max>
1	3

[block]
# block no. 8 follows, 72 sequences, length 15
# corresponding to MSA columns:
# 271-285
name=unknown_I
#
# <colnr> <probs for GDERKNQSTAVLIFYWHMCP>
#	G	D	E	R	K	N	Q	S	T	A	V	L	I	F	Y	W	H	M	C	P
0	0.60152	0.13735	0.03119	0.00661	0.04062	0.09270	0.00539	0.02633	0.00739	0.01486	0.00552	0.00644	0.00443	0.00353	0.00258	0.00110	0.00364	0.00218	0.00219	0.00440
1	0.00882	0.00485	0.00646	0.00564	0.00719	0.00443	0.01891	0.01076	0.04372	0.25221	0.44258	0.08934	0.07521	0.00713	0.00429	0.00123	0.00237	0.00622	0.00418	0.00446
2	0.00465	0.00378	0.00398	0.00404	0.00507	0.00326	0.00291	0.00552	0.00828	0.01011	0.07107	0.10864	0.64219	0.10224	0.00611	0.00156	0.00213	0.00793	0.00342	0.00311
3	0.89350	0.00733	0.00557	0.00499	0.00733	0.00851	0.00411	0.01115	0.00645	0.01702	0.00528	0.00616	0.00411	0.00352	0.00235	0.00117	0.00293	0.00205	0.00235	0.00411
4	0.01127	0.01003	0.00955	0.00823	0.01057	0.11829	0.00647	0.21922	0.52834	0.01700	0.01264	0.01197	0.00945	0.00484	0.00379	0.00121	0.00378	0.00384	0.00360	0.00591
5	0.00550	0.00375	0.00452	0.00452	0.00465	0.00388	0.00277	0.00576	0.00563	0.00764	0.01160	0.02289	0.01295	0.70348	0.18140	0.00415	0.00494	0.00523	0.00225	0.00251
6	0.00962	0.00854	0.00860	0.00772	0.00982	0.05356	0.00600	0.03791	0.73847	0.01567	0.05031	0.01426	0.01215	0.00518	0.00386	0.00126	0.00318	0.00428	0.00377	0.00582
7	0.00542	0.00406	0.00610	0.00610	0.00677	0.00474	0.00474	0.00677	0.00610	0.00880	0.01016	0.01490	0.00948	0.02844	0.85169	0.00610	0.01016	0.00406	0.00203	0.00339
8	0.65629	0.00774	0.00660	0.00580	0.00816	0.00893	0.00471	0.07543	0.16697	0.01732	0.00753	0.00792	0.00572	0.00391	0.00275	0.00119	0.00304	0.00259	0.00275	0.00465
9	0.01388	0.01036	0.01108	0.00862	0.01156	0.01151	0.00708	0.74341	0.10570	0.02304	0.00979	0.00965	0.00700	0.00462	0.00380	0.00115	0.00405	0.00351	0.00380	0.00640
10	0.01509	0.00642	0.00859	0.04067	0.01001	0.00587	0.00566	0.05403	0.03387	0.66171	0.07007	0.01419	0.01112	0.00495	0.00385	0.00118	0.00321	0.01658	0.02689	0.00604
11	0.00540	0.00369	0.00421	0.00421	0.00439	0.00361	0.00250	0.00565	0.00625	0.00833	0.08795	0.05604	0.07194	0.70172	0.01646	0.00322	0.00334	0.00599	0.00259	0.00250
12	0.81515	0.00763	0.00609	0.00532	0.00773	0.00880	0.00438	0.08417	0.00747	0.01763	0.00562	0.00642	0.00432	0.00361	0.00248	0.00117	0.00304	0.00217	0.00248	0.00432
13	0.02859	0.00926	0.01026	0.00813	0.01083	0.16133	0.06884	0.11418	0.01126	0.48252	0.01191	0.02507	0.00822	0.02674	0.00418	0.00121	0.00423	0.00369	0.00376	0.00578
14	0.00891	0.00707	0.00781	0.00733	0.04305	0.00767	0.00546	0.04358	0.49226	0.02938	0.03021	0.01482	0.03410	0.00503	0.00363	0.00115	0.00285	0.02461	0.14686	0.08422

[dist]
# distance from previous block
# <min> <max>
0	1

[block]
# block no. 9 follows, 72 sequences, length 22
# corresponding to MSA columns:
# 287-308
name=unknown_J
#
# <colnr> <probs for GDERKNQSTAVLIFYWHMCP>
#	G	D	E	R	K	N	Q	S	T	A	V	L	I	F	Y	W	H	M	C	P
