[name]
unknown

[dist]
# distance from previous block
# <min> <max>
0	0

[block]
# block no. 0 follows, 74 sequences, length 41
# corresponding to MSA columns:
# 0-40
name=unknown_A
#
# <colnr> <probs for GDERKNQSTAVLIFYWHMCP>
#	G	D	E	R	K	N	Q	S	T	A	V	L	I	F	Y	W	H	M	C	P
0	0.00598	0.00427	0.00598	0.00684	0.00769	0.00427	0.00598	0.00769	0.00854	0.01111	0.01965	0.04187	0.02136	0.01025	0.00513	0.00171	0.00342	0.82141	0.00342	0.00342
1	0.00618	0.00438	0.00554	0.00502	0.00611	0.00420	0.00383	0.07572	0.01108	0.02986	0.76102	0.02591	0.03220	0.00728	0.00431	0.00116	0.00197	0.00638	0.00406	0.00378
2	0.00964	0.00838	0.01370	0.08215	0.64808	0.00854	0.01037	0.01249	0.07743	0.08050	0.00825	0.00991	0.00653	0.00359	0.00369	0.00113	0.00423	0.00342	0.00221	0.00579
3	0.00863	0.37797	0.43065	0.00981	0.08210	0.01120	0.01042	0.01145	0.00776	0.01051	0.00605	0.00715	0.00483	0.00336	0.00306	0.00101	0.00476	0.00247	0.00160	0.00521
4	0.00994	0.00894	0.00875	0.00779	0.00993	0.07943	0.00606	0.07402	0.71575	0.01552	0.01392	0.01292	0.01045	0.00490	0.00374	0.00122	0.00333	0.00399	0.00362	0.00577
5	0.00900	0.01016	0.13092	0.04272	0.69654	0.00872	0.01159	0.01150	0.00837	0.02505	0.00705	0.00907	0.00574	0.00337	0.00366	0.00112	0.00455	0.00324	0.00184	0.00579
6	0.00498	0.00346	0.00436	0.00477	0.00493	0.00343	0.00305	0.00541	0.00626	0.00841	0.01563	0.41878	0.01826	0.38217	0.09651	0.00286	0.00356	0.00767	0.00278	0.00272
7	0.00530	0.00398	0.00597	0.00597	0.00663	0.00464	0.00464	0.00663	0.00597	0.00862	0.00994	0.01458	0.00928	0.02784	0.85484	0.00597	0.00994	0.00398	0.00199	0.00331
8	0.00987	0.80021	0.01853	0.00645	0.00954	0.01424	0.00631	0.01183	0.07649	0.00930	0.00598	0.00661	0.00531	0.00333	0.00250	0.00083	0.00388	0.00217	0.00177	0.00486
9	0.00569	0.00390	0.00499	0.00513	0.00596	0.00359	0.01434	0.00702	0.03727	0.06846	0.17562	0.45806	0.17659	0.00964	0.00450	0.00136	0.00218	0.00857	0.00363	0.00348
10	0.00454	0.00324	0.00430	0.00515	0.00536	0.00303	0.00342	0.00517	0.00707	0.00943	0.02028	0.85000	0.02433	0.02907	0.00503	0.00155	0.00218	0.01045	0.00342	0.00300
11	0.82270	0.00805	0.00588	0.00527	0.00753	0.07845	0.00428	0.01124	0.00667	0.01603	0.00522	0.00608	0.00408	0.00348	0.00238	0.00113	0.00319	0.00204	0.00227	0.00404
12	0.00525	0.00378	0.00486	0.00459	0.00549	0.00348	0.00345	0.00696	0.01034	0.01462	0.78394	0.02777	0.07411	0.00760	0.00433	0.00116	0.00176	0.00669	0.02632	0.00348
13	0.02382	0.08116	0.01187	0.00851	0.02356	0.01080	0.03778	0.60495	0.01506	0.10999	0.00903	0.00905	0.00641	0.00424	0.00359	0.00108	0.00401	0.00327	0.00348	0.02833
14	0.00772	0.00608	0.00723	0.00547	0.00823	0.00484	0.00433	0.00970	0.03830	0.05478	0.17105	0.01208	0.01166	0.00387	0.00315	0.00073	0.00258	0.00323	0.00274	0.64222
15	0.04033	0.29958	0.02551	0.00771	0.01051	0.09300	0.01630	0.27932	0.16589	0.01511	0.00833	0.00853	0.00647	0.00401	0.00320	0.00102	0.00409	0.00291	0.00274	0.00542
16	0.01578	0.00618	0.00825	0.00639	0.00910	0.00544	0.00526	0.03781	0.01056	0.75903	0.01429	0.01264	0.00914	0.00457	0.00364	0.00112	0.00306	0.00370	0.07795	0.00608
17	0.04869	0.06126	0.01065	0.00825	0.01078	0.13626	0.02443	0.34997	0.27949	0.01734	0.01002	0.00990	0.00750	0.00440	0.00356	0.00112	0.00409	0.00336	0.00324	0.00566
18	0.00932	0.51634	0.32226	0.00794	0.01195	0.01210	0.00902	0.02528	0.00792	0.03906	0.00610	0.00692	0.00492	0.00337	0.00287	0.00095	0.00450	0.00234	0.00172	0.00511
19	0.01258	0.00903	0.00949	0.00774	0.01015	0.12495	0.03614	0.22788	0.15151	0.23972	0.10502	0.01306	0.02595	0.00489	0.00379	0.00114	0.00378	0.00395	0.00368	0.00554
20	0.00824	0.10197	0.42155	0.01226	0.01679	0.00956	0.35352	0.01175	0.00819	0.01150	0.00686	0.00855	0.00509	0.00333	0.00377	0.00117	0.00565	0.00335	0.00170	0.00521
21	0.00447	0.00356	0.00402	0.00438	0.00521	0.00310	0.00312	0.00530	0.00792	0.00982	0.03043	0.36936	0.50239	0.01031	0.00454	0.00136	0.00201	0.02217	0.00345	0.00309
22	0.00919	0.00882	0.01507	0.02278	0.84640	0.00882	0.01139	0.01139	0.00845	0.01213	0.00698	0.00919	0.00588	0.00331	0.00367	0.00110	0.00441	0.00331	0.00184	0.00588
23	0.00919	0.00882	0.01507	0.02278	0.84640	0.00882	0.01139	0.01139	0.00845	0.01213	0.00698	0.00919	0.00588	0.00331	0.00367	0.00110	0.00441	0.00331	0.00184	0.00588
24	0.10079	0.00640	0.00831	0.00644	0.00926	0.00573	0.00532	0.01740	0.01021	0.76931	0.01374	0.01200	0.00869	0.00448	0.00360	0.00115	0.00313	0.00357	0.00437	0.00610
25	0.00530	0.00398	0.00597	0.00597	0.00663	0.00464	0.00464	0.00663	0.00597	0.00862	0.00994	0.01458	0.00928	0.02784	0.85484	0.00597	0.00994	0.00398	0.00199	0.00331
26	0.00701	0.00660	0.01113	0.86063	0.02556	0.00825	0.01031	0.00948	0.00742	0.00948	0.00660	0.00990	0.00495	0.00371	0.00371	0.00124	0.00495	0.00330	0.00165	0.00412
27	0.00798	0.00737	0.01218	0.04698	0.59815	0.00735	0.00927	0.00993	0.00852	0.01203	0.11280	0.10666	0.03491	0.00494	0.00390	0.00116	0.00378	0.00465	0.00233	0.00513
28	0.23896	0.00780	0.00947	0.00787	0.03883	0.03917	0.08666	0.10737	0.03728	0.33158	0.01025	0.01053	0.00721	0.01854	0.00366	0.00119	0.00364	0.01305	0.02162	0.00534
29	0.01665	0.00632	0.00861	0.00660	0.00948	0.00546	0.00546	0.01809	0.01062	0.84897	0.01464	0.01263	0.00919	0.00459	0.00373	0.00115	0.00316	0.00373	0.00459	0.00632
30	0.00452	0.00323	0.00431	0.00517	0.00538	0.00301	0.00345	0.00517	0.00711	0.00948	0.02046	0.86713	0.02455	0.01163	0.00474	0.00151	0.00215	0.01055	0.00345	0.00301
31	0.00929	0.00880	0.01481	0.04846	0.79196	0.00889	0.01121	0.03971	0.00873	0.01243	0.00704	0.00920	0.00587	0.00336	0.00368	0.00111	0.00442	0.00331	0.00190	0.00584
32	0.00584	0.00469	0.00603	0.00596	0.00663	0.04816	0.00455	0.00705	0.00621	0.00871	0.00988	0.01485	0.00934	0.09399	0.70237	0.00528	0.02055	0.00398	0.03264	0.00329
33	0.00812	0.00812	0.01137	0.00975	0.00975	0.01137	0.00812	0.00893	0.00568	0.00893	0.00487	0.00812	0.00487	0.00650	0.01218	0.00162	0.86276	0.00325	0.00162	0.00406
34	0.00770	0.00660	0.00770	0.00550	0.00880	0.00495	0.00440	0.00935	0.00770	0.01210	0.00660	0.00770	0.00550	0.00275	0.00275	0.00055	0.00275	0.00220	0.00220	0.89224
35	0.00992	0.87178	0.01945	0.00635	0.00953	0.01469	0.00635	0.01111	0.00754	0.00873	0.00516	0.00595	0.00476	0.00318	0.00238	0.00079	0.00397	0.00198	0.00159	0.00476
36	0.00919	0.00882	0.01507	0.02278	0.84640	0.00882	0.01139	0.01139	0.00845	0.01213	0.00698	0.00919	0.00588	0.00331	0.00367	0.00110	0.00441	0.00331	0.00184	0.00588
37	0.01387	0.01769	0.01052	0.00956	0.01148	0.85465	0.00717	0.01482	0.01052	0.00908	0.00574	0.00669	0.00478	0.00383	0.00335	0.00096	0.00669	0.00239	0.00191	0.00430
38	0.00829	0.02069	0.00905	0.00670	0.03142	0.00590	0.04714	0.06931	0.00848	0.01285	0.00680	0.00791	0.00556	0.00291	0.00292	0.00064	0.00309	0.00242	0.00227	0.74563
39	0.03910	0.00987	0.01063	0.00837	0.01105	0.01111	0.00687	0.66160	0.12360	0.02143	0.00940	0.00943	0.00682	0.00461	0.00411	0.00116	0.04778	0.00341	0.00357	0.00607
40	0.01010	0.03305	0.19793	0.00746	0.02173	0.03171	0.00713	0.07874	0.00916	0.16956	0.00825	0.00870	0.00604	0.00346	0.00321	0.00087	0.00372	0.00272	0.00260	0.39388

[dist]
# distance from previous block
# <min> <max>
0	1

[block]
# block no. 1 follows, 74 sequences, length 37
# corresponding to MSA columns:
# 42-78
name=unknown_B
#
# <colnr> <probs for GDERKNQSTAVLIFYWHMCP>
#	G	D	E	R	K	N	Q	S	T	A	V	L	I	F	Y	W	H	M	C	P
0	0.00756	0.05812	0.81239	0.01039	0.01577	0.00890	0.01338	0.01173	0.00782	0.01162	0.00659	0.00775	0.00470	0.00351	0.00347	0.00116	0.00542	0.00271	0.00157	0.00545
1	0.04297	0.00634	0.00852	0.00655	0.00941	0.00554	0.00541	0.01787	0.01050	0.82406	0.01436	0.01244	0.00903	0.00456	0.00369	0.00115	0.00315	0.00368	0.00453	0.00625
2	0.01506	0.00723	0.04779	0.00700	0.00980	0.00630	0.00599	0.07024	0.04862	0.66272	0.04118	0.01258	0.00961	0.00472	0.00403	0.00117	0.03188	0.00377	0.00424	0.00609
3	0.00819	0.12721	0.70542	0.00986	0.01493	0.00925	0.01239	0.01197	0.00793	0.05021	0.00684	0.00782	0.00492	0.00353	0.00339	0.00113	0.00518	0.00269	0.00171	0.00543
4	0.00917	0.00885	0.01517	0.02202	0.78575	0.00886	0.04701	0.01166	0.03294	0.01222	0.00724	0.00936	0.00603	0.00335	0.00371	0.00111	0.00445	0.00338	0.00190	0.00584
5	0.00540	0.00360	0.00405	0.00405	0.00405	0.00360	0.00225	0.00540	0.00540	0.00720	0.01170	0.02429	0.01349	0.86955	0.01889	0.00360	0.00360	0.00540	0.00225	0.00225
6	0.00919	0.00882	0.01507	0.02278	0.84640	0.00882	0.01139	0.01139	0.00845	0.01213	0.00698	0.00919	0.00588	0.00331	0.00367	0.00110	0.00441	0.00331	0.00184	0.00588
7	0.03410	0.09362	0.67045	0.01050	0.03093	0.00914	0.06233	0.01179	0.00788	0.02671	0.00669	0.00786	0.00485	0.00348	0.00345	0.00114	0.00526	0.00278	0.00167	0.00537
8	0.00624	0.00402	0.00483	0.00486	0.00600	0.00358	0.00373	0.00737	0.00860	0.11064	0.09323	0.20033	0.37858	0.00909	0.00442	0.00133	0.00228	0.11612	0.03118	0.00357
9	0.01264	0.00967	0.01031	0.00824	0.01095	0.01082	0.00670	0.58864	0.26523	0.02102	0.01078	0.01040	0.00782	0.00463	0.00373	0.00116	0.00374	0.00360	0.00373	0.00618
10	0.06656	0.00756	0.00936	0.02547	0.00987	0.00852	0.01771	0.21180	0.06201	0.19826	0.09948	0.01326	0.01053	0.00549	0.00569	0.00129	0.19701	0.04171	0.00331	0.00514
11	0.01637	0.00625	0.00852	0.00656	0.00938	0.00541	0.00541	0.01781	0.01062	0.82807	0.03543	0.01301	0.00984	0.00467	0.00375	0.00115	0.00312	0.00381	0.00458	0.00625
12	0.00530	0.00398	0.00597	0.00597	0.00663	0.00464	0.00464	0.00663	0.00597	0.00862	0.00994	0.01458	0.00928	0.02784	0.85484	0.00597	0.00994	0.00398	0.00199	0.00331
13	0.00744	0.01920	0.85032	0.01058	0.01607	0.00862	0.01371	0.01176	0.00784	0.01176	0.00666	0.00784	0.00470	0.00353	0.00353	0.00118	0.00549	0.00274	0.00157	0.00549
14	0.00499	0.00388	0.00455	0.00436	0.00543	0.00349	0.00328	0.00662	0.02969	0.01289	0.49130	0.03069	0.36881	0.00827	0.00437	0.00121	0.00183	0.00711	0.00381	0.00341
15	0.00452	0.00323	0.00431	0.00517	0.00538	0.00301	0.00345	0.00517	0.00711	0.00948	0.02046	0.86713	0.02455	0.01163	0.00474	0.00151	0.00215	0.01055	0.00345	0.00301
16	0.01374	0.01026	0.01090	0.00848	0.01134	0.02737	0.00701	0.78118	0.01692	0.02257	0.00933	0.01035	0.00696	0.00470	0.00377	0.00114	0.00410	0.04006	0.00367	0.00614
17	0.01030	0.79283	0.01866	0.00660	0.00971	0.05351	0.00642	0.04886	0.00813	0.00942	0.00536	0.00612	0.00483	0.00326	0.00249	0.00082	0.00410	0.00207	0.00170	0.00481
18	0.01168	0.19290	0.07554	0.00742	0.01067	0.02170	0.00670	0.33116	0.01181	0.10484	0.00804	0.00832	0.00598	0.00377	0.00322	0.00094	0.00383	0.00280	0.00286	0.18581
19	0.00852	0.03143	0.33299	0.01324	0.01760	0.00930	0.47159	0.04763	0.00877	0.01227	0.00720	0.00906	0.00529	0.00334	0.00399	0.00121	0.00583	0.00367	0.00183	0.00524
20	0.00919	0.00882	0.01507	0.02278	0.84640	0.00882	0.01139	0.01139	0.00845	0.01213	0.00698	0.00919	0.00588	0.00331	0.00367	0.00110	0.00441	0.00331	0.00184	0.00588
21	0.00701	0.00660	0.01113	0.86063	0.02556	0.00825	0.01031	0.00948	0.00742	0.00948	0.00660	0.00990	0.00495	0.00371	0.00371	0.00124	0.00495	0.00330	0.00165	0.00412
22	0.00910	0.27842	0.48740	0.00907	0.01349	0.03939	0.02253	0.04078	0.00832	0.04999	0.00663	0.00751	0.00500	0.00351	0.00320	0.00105	0.00492	0.00259	0.00181	0.00529
23	0.00608	0.00409	0.00485	0.00469	0.00589	0.00364	0.00357	0.00749	0.02639	0.09800	0.24350	0.12309	0.39464	0.00863	0.00438	0.00127	0.00211	0.05033	0.00374	0.00362
24	0.00530	0.00398	0.00597	0.00597	0.00663	0.00464	0.00464	0.00663	0.00597	0.00862	0.00994	0.01458	0.00928	0.02784	0.85484	0.00597	0.00994	0.00398	0.00199	0.00331
25	0.00992	0.87178	0.01945	0.00635	0.00953	0.01469	0.00635	0.01111	0.00754	0.00873	0.00516	0.00595	0.00476	0.00318	0.00238	0.00079	0.00397	0.00198	0.00159	0.00476
26	0.00986	0.01058	0.01844	0.02631	0.01712	0.08944	0.58733	0.10663	0.07113	0.01317	0.00805	0.00985	0.00604	0.00350	0.00415	0.00121	0.00579	0.00404	0.00223	0.00514
27	0.00532	0.00385	0.00534	0.00539	0.00587	0.00423	0.00395	0.00629	0.00611	0.00857	0.03979	0.05264	0.01242	0.25872	0.52625	0.00480	0.00733	0.03785	0.00225	0.00302
28	0.89577	0.00718	0.00546	0.00488	0.00718	0.00833	0.00402	0.01091	0.00632	0.01665	0.00517	0.00603	0.00402	0.00345	0.00230	0.00115	0.00287	0.00201	0.00230	0.00402
29	0.00793	0.01615	0.63611	0.01067	0.05861	0.00825	0.03600	0.04733	0.01836	0.03249	0.01947	0.04738	0.00663	0.00409	0.00365	0.00118	0.00502	0.01595	0.00194	0.02279
30	0.00865	0.12998	0.64095	0.00979	0.01469	0.00915	0.03427	0.01226	0.00808	0.08843	0.00722	0.00809	0.00515	0.00357	0.00342	0.00112	0.00509	0.00278	0.00186	0.00545
31	0.89577	0.00718	0.00546	0.00488	0.00718	0.00833	0.00402	0.01091	0.00632	0.01665	0.00517	0.00603	0.00402	0.00345	0.00230	0.00115	0.00287	0.00201	0.00230	0.00402
32	0.00470	0.00340	0.00448	0.00520	0.00555	0.00313	0.00352	0.00540	0.00713	0.00958	0.01969	0.79872	0.02346	0.02626	0.00491	0.00151	0.00223	0.02602	0.00337	0.04173
33	0.06785	0.01130	0.01101	0.00939	0.05535	0.17952	0.03450	0.48155	0.05320	0.04768	0.00839	0.00870	0.00616	0.00419	0.00358	0.00110	0.00453	0.00316	0.00314	0.00568
34	0.77384	0.00777	0.00598	0.00537	0.00761	0.05692	0.00440	0.04132	0.00707	0.01623	0.00597	0.00773	0.00490	0.00380	0.00253	0.00116	0.00316	0.03777	0.00238	0.00409
35	0.60730	0.00816	0.04639	0.00667	0.00935	0.02822	0.09415	0.01222	0.00739	0.13995	0.00692	0.00754	0.00501	0.00360	0.00282	0.00116	0.00349	0.00257	0.00255	0.00454
36	0.66911	0.00700	0.00612	0.00515	0.00766	0.00751	0.00422	0.01135	0.00695	0.09612	0.00631	0.00693	0.00475	0.00344	0.00251	0.00105	0.00288	0.00221	0.00250	0.14622

[dist]
# distance from previous block
# <min> <max>
3	15

[block]
# block no. 2 follows, 74 sequences, length 13
# corresponding to MSA columns:
# 94-106
name=unknown_C
#
# <colnr> <probs for GDERKNQSTAVLIFYWHMCP>
#	G	D	E	R	K	N	Q	S	T	A	V	L	I	F	Y	W	H	M	C	P
0	0.50153	0.00672	0.00600	0.00585	0.00760	0.05053	0.00487	0.03149	0.00755	0.01430	0.01037	0.01875	0.01024	0.03047	0.00382	0.00140	0.00331	0.27867	0.00269	0.00384
1	0.21770	0.09856	0.00781	0.00599	0.00749	0.14846	0.00460	0.07449	0.00787	0.01148	0.00877	0.01495	0.00879	0.28673	0.02431	0.00200	0.00413	0.05986	0.00233	0.00369
2	0.35511	0.03855	0.00764	0.00584	0.00848	0.00683	0.00485	0.01400	0.00853	0.39914	0.01004	0.01016	0.00701	0.00408	0.00308	0.00110	0.00305	0.02423	0.00335	0.08495
3	0.02942	0.38191	0.35817	0.00835	0.01239	0.04008	0.00938	0.08205	0.00865	0.02951	0.00632	0.00715	0.00495	0.00349	0.00302	0.00100	0.00465	0.00246	0.00185	0.00519
4	0.01015	0.78413	0.06083	0.00658	0.00985	0.01391	0.00668	0.01151	0.00772	0.05220	0.00572	0.00639	0.00499	0.00327	0.00251	0.00083	0.00400	0.00211	0.00174	0.00488
5	0.00442	0.00363	0.00390	0.00412	0.00511	0.00310	0.00298	0.00529	0.00812	0.00989	0.03323	0.24758	0.63586	0.00997	0.00448	0.00132	0.00195	0.00853	0.00345	0.00310
6	0.00540	0.00360	0.00405	0.00405	0.00405	0.00360	0.00225	0.00540	0.00540	0.00720	0.01170	0.02429	0.01349	0.86955	0.01889	0.00360	0.00360	0.00540	0.00225	0.00225
7	0.01427	0.01013	0.01098	0.00842	0.01138	0.01112	0.00695	0.78159	0.01701	0.07645	0.00928	0.00915	0.00650	0.00446	0.00371	0.00112	0.00403	0.00337	0.00377	0.00631
8	0.00867	0.00974	0.02038	0.01479	0.01800	0.00967	0.71368	0.01146	0.00832	0.01146	0.00713	0.00974	0.00552	0.00362	0.00551	0.00131	0.13008	0.00422	0.00184	0.00487
9	0.00540	0.00360	0.00405	0.00405	0.00405	0.00360	0.00225	0.00540	0.00540	0.00720	0.01170	0.02429	0.01349	0.86955	0.01889	0.00360	0.00360	0.00540	0.00225	0.00225
10	0.00540	0.00360	0.00405	0.00405	0.00405	0.00360	0.00225	0.00540	0.00540	0.00720	0.01170	0.02429	0.01349	0.86955	0.01889	0.00360	0.00360	0.00540	0.00225	0.00225
11	0.89577	0.00718	0.00546	0.00488	0.00718	0.00833	0.00402	0.01091	0.00632	0.01665	0.00517	0.00603	0.00402	0.00345	0.00230	0.00115	0.00287	0.00201	0.00230	0.00402
12	0.84839	0.00713	0.00563	0.00497	0.00730	0.00817	0.00410	0.01130	0.00655	0.06151	0.00568	0.00639	0.00430	0.00351	0.00237	0.00115	0.00289	0.00210	0.00242	0.00414

[dist]
# distance from previous block
# <min> <max>
3	14

[block]
# block no. 3 follows, 74 sequences, length 48
# corresponding to MSA columns:
# 121-168
name=unknown_D
#
# <colnr> <probs for GDERKNQSTAVLIFYWHMCP>
#	G	D	E	R	K	N	Q	S	T	A	V	L	I	F	Y	W	H	M	C	P
0	0.15664	0.00703	0.01093	0.51577	0.04805	0.00804	0.07831	0.01102	0.00777	0.11130	0.00741	0.00956	0.00539	0.00371	0.00353	0.00121	0.00448	0.00323	0.00214	0.00450
1	0.00824	0.00756	0.04460	0.00629	0.00967	0.00578	0.03147	0.07657	0.00853	0.01299	0.00682	0.00788	0.00553	0.00293	0.00291	0.00064	0.00309	0.00239	0.00228	0.75384
2	0.00889	0.00798	0.01303	0.44469	0.03618	0.00895	0.17509	0.12457	0.09416	0.03738	0.00821	0.01026	0.00607	0.00385	0.00385	0.00122	0.00482	0.00363	0.00229	0.00488
3	0.77474	0.00714	0.00630	0.10673	0.02411	0.00833	0.00490	0.01075	0.00649	0.01572	0.00537	0.00654	0.00416	0.00347	0.00249	0.00116	0.00314	0.00219	0.00221	0.00406
4	0.00770	0.00660	0.00770	0.00550	0.00880	0.00495	0.00440	0.00935	0.00770	0.01210	0.00660	0.00770	0.00550	0.00275	0.00275	0.00055	0.00275	0.00220	0.00220	0.89224
5	0.00948	0.00876	0.01594	0.11345	0.04274	0.00862	0.42846	0.08081	0.07507	0.07601	0.02576	0.01056	0.00693	0.00364	0.00399	0.00117	0.00499	0.00394	0.00243	0.07726
6	0.00779	0.00739	0.01254	0.56124	0.31887	0.00845	0.01070	0.01017	0.00779	0.01043	0.00673	0.00964	0.00528	0.00357	0.00370	0.00119	0.00476	0.00330	0.00172	0.00475
7	0.72001	0.00782	0.00659	0.00561	0.00804	0.00896	0.00462	0.17500	0.00854	0.01800	0.00591	0.00660	0.00448	0.00365	0.00258	0.00114	0.00311	0.00228	0.00258	0.00448
8	0.00840	0.00867	0.08125	0.37334	0.37610	0.00845	0.03697	0.01089	0.00806	0.04234	0.00710	0.00953	0.00551	0.00354	0.00370	0.00117	0.00474	0.00331	0.00184	0.00510
9	0.00992	0.87178	0.01945	0.00635	0.00953	0.01469	0.00635	0.01111	0.00754	0.00873	0.00516	0.00595	0.00476	0.00318	0.00238	0.00079	0.00397	0.00198	0.00159	0.00476
10	0.00444	0.00377	0.00384	0.00385	0.00508	0.00317	0.00290	0.00542	0.00853	0.01020	0.06303	0.03558	0.80380	0.00936	0.00440	0.00126	0.00190	0.02285	0.00347	0.00315
11	0.00823	0.00732	0.01215	0.12143	0.50713	0.00741	0.02431	0.01036	0.00888	0.03916	0.20235	0.01372	0.01266	0.00439	0.00386	0.00114	0.00385	0.00413	0.00243	0.00511
12	0.00802	0.00798	0.01118	0.00962	0.00964	0.01114	0.00800	0.00885	0.00569	0.00892	0.00505	0.00834	0.00502	0.00722	0.04092	0.00177	0.83367	0.00327	0.00164	0.00403
13	0.01109	0.04640	0.25480	0.00852	0.01197	0.07962	0.00841	0.24830	0.09947	0.10522	0.04263	0.00992	0.00761	0.00421	0.00357	0.00110	0.00433	0.00325	0.00290	0.04669
14	0.00468	0.00373	0.00423	0.00451	0.00548	0.00328	0.00341	0.00570	0.00830	0.01031	0.07200	0.20330	0.52671	0.00987	0.00456	0.00136	0.00214	0.11978	0.00347	0.00317
15	0.07577	0.00910	0.01125	0.05892	0.11518	0.01970	0.05179	0.42724	0.02130	0.10664	0.00884	0.01891	0.00648	0.00414	0.00361	0.00111	0.00404	0.00336	0.00316	0.04948
16	0.00898	0.00459	0.00536	0.00475	0.00614	0.02274	0.00369	0.01063	0.00939	0.22160	0.26883	0.01766	0.01718	0.00539	0.00344	0.00103	0.00220	0.00451	0.37771	0.00420
17	0.01013	0.00845	0.00918	0.00839	0.04591	0.00963	0.00633	0.16894	0.65298	0.01683	0.01362	0.01274	0.01017	0.00486	0.00376	0.00123	0.00321	0.00400	0.00368	0.00596
18	0.00452	0.00323	0.00431	0.00517	0.00538	0.00301	0.00345	0.00517	0.00711	0.00948	0.02046	0.86713	0.02455	0.01163	0.00474	0.00151	0.00215	0.01055	0.00345	0.00301
19	0.00768	0.01862	0.80757	0.01088	0.04197	0.00856	0.01348	0.01187	0.00791	0.02824	0.00683	0.00797	0.00483	0.00354	0.00354	0.00117	0.00541	0.00278	0.00164	0.00551
20	0.00839	0.22216	0.55456	0.00992	0.01458	0.04349	0.07509	0.01173	0.00794	0.01094	0.00633	0.00751	0.00479	0.00342	0.00331	0.00108	0.00523	0.00267	0.00161	0.00523
21	0.00452	0.00323	0.00431	0.00517	0.00538	0.00301	0.00345	0.00517	0.00711	0.00948	0.02046	0.86713	0.02455	0.01163	0.00474	0.00151	0.00215	0.01055	0.00345	0.00301
22	0.00531	0.00394	0.00580	0.00580	0.00641	0.00455	0.00444	0.00652	0.00592	0.00850	0.01009	0.01541	0.00964	0.09927	0.78390	0.00576	0.00940	0.00410	0.00201	0.00322
23	0.00906	0.00880	0.01431	0.08327	0.73130	0.03746	0.01092	0.01123	0.00851	0.01192	0.03317	0.00974	0.00669	0.00349	0.00369	0.00111	0.00444	0.00338	0.00190	0.00562
24	0.89577	0.00718	0.00546	0.00488	0.00718	0.00833	0.00402	0.01091	0.00632	0.01665	0.00517	0.00603	0.00402	0.00345	0.00230	0.00115	0.00287	0.00201	0.00230	0.00402
25	0.00810	0.00771	0.01311	0.43978	0.43787	0.00853	0.01085	0.01044	0.00794	0.01081	0.00679	0.00954	0.00542	0.00351	0.00369	0.00117	0.00468	0.00330	0.00174	0.00501
26	0.00908	0.02369	0.00822	0.00711	0.00911	0.00847	0.00557	0.06024	0.63101	0.03787	0.14246	0.01555	0.01454	0.00535	0.00384	0.00123	0.00284	0.00449	0.00380	0.00552
27	0.01472	0.00740	0.00907	0.00709	0.00981	0.00728	0.00581	0.23840	0.07714	0.51209	0.06130	0.01260	0.01008	0.00477	0.00377	0.00115	0.00331	0.00384	0.00426	0.00612
28	0.00919	0.00882	0.01507	0.02278	0.84640	0.00882	0.01139	0.01139	0.00845	0.01213	0.00698	0.00919	0.00588	0.00331	0.00367	0.00110	0.00441	0.00331	0.00184	0.00588
29	0.00461	0.00329	0.00441	0.00527	0.00553	0.00309	0.00360	0.00532	0.00719	0.00958	0.02041	0.81646	0.02435	0.01154	0.00476	0.00152	0.00223	0.06033	0.00344	0.00304
30	0.01629	0.00650	0.00894	0.00733	0.04544	0.00571	0.00574	0.03287	0.01066	0.79780	0.01421	0.01242	0.00899	0.00454	0.00373	0.00115	0.00323	0.00371	0.00446	0.00630
31	0.00452	0.00323	0.00431	0.00517	0.00538	0.00301	0.00345	0.00517	0.00711	0.00948	0.02046	0.86713	0.02455	0.01163	0.00474	0.00151	0.00215	0.01055	0.00345	0.00301
32	0.01273	0.01518	0.01031	0.02564	0.03946	0.63036	0.00713	0.03828	0.16406	0.01078	0.00762	0.00822	0.00608	0.00405	0.00345	0.00103	0.00582	0.00280	0.00230	0.00470
33	0.00888	0.00850	0.01451	0.14190	0.72969	0.00874	0.01124	0.01112	0.00831	0.01175	0.00693	0.00929	0.00575	0.00336	0.00368	0.00112	0.00449	0.00331	0.00181	0.00563
34	0.00910	0.00859	0.01261	0.01120	0.09565	0.00923	0.22401	0.01683	0.53819	0.01423	0.01230	0.01237	0.00929	0.00436	0.00393	0.00124	0.00396	0.00416	0.00308	0.00565
35	0.00490	0.00376	0.00449	0.00434	0.00534	0.00335	0.00324	0.00631	0.00962	0.01287	0.51175	0.05838	0.34140	0.00841	0.00439	0.00121	0.00181	0.00726	0.00382	0.00335
36	0.00505	0.00404	0.00465	0.00531	0.00574	0.03976	0.00363	0.00603	0.03199	0.00968	0.02110	0.73564	0.09170	0.01091	0.00462	0.00146	0.00235	0.00979	0.00339	0.00316
37	0.00692	0.00346	0.00346	0.00346	0.00432	0.00346	0.00259	0.00865	0.00778	0.01384	0.01211	0.01384	0.00951	0.00432	0.00259	0.00086	0.00173	0.00346	0.89016	0.00346
38	0.02257	0.00912	0.01397	0.02763	0.61322	0.03733	0.03446	0.10574	0.02083	0.04930	0.00758	0.00924	0.00606	0.00352	0.00365	0.00110	0.00438	0.00330	0.00221	0.02480
39	0.13197	0.09838	0.09412	0.03059	0.03552	0.02148	0.00693	0.25020	0.15165	0.05719	0.00907	0.02768	0.00695	0.00419	0.00333	0.00109	0.00375	0.00320	0.00291	0.05980
40	0.00692	0.00346	0.00346	0.00346	0.00432	0.00346	0.00259	0.00865	0.00778	0.01384	0.01211	0.01384	0.00951	0.00432	0.00259	0.00086	0.00173	0.00346	0.89016	0.00346
41	0.06347	0.24139	0.36644	0.01084	0.13789	0.09876	0.01015	0.01180	0.00804	0.01104	0.00613	0.00731	0.00486	0.00343	0.00315	0.00104	0.00489	0.00255	0.00169	0.00514
42	0.89577	0.00718	0.00546	0.00488	0.00718	0.00833	0.00402	0.01091	0.00632	0.01665	0.00517	0.00603	0.00402	0.00345	0.00230	0.00115	0.00287	0.00201	0.00230	0.00402
43	0.00725	0.00678	0.01125	0.52579	0.24103	0.00772	0.00965	0.00944	0.00775	0.01022	0.00968	0.06573	0.06331	0.00449	0.00381	0.00122	0.00442	0.00407	0.00193	0.00445
44	0.89577	0.00718	0.00546	0.00488	0.00718	0.00833	0.00402	0.01091	0.00632	0.01665	0.00517	0.00603	0.00402	0.00345	0.00230	0.00115	0.00287	0.00201	0.00230	0.00402
45	0.89577	0.00718	0.00546	0.00488	0.00718	0.00833	0.00402	0.01091	0.00632	0.01665	0.00517	0.00603	0.00402	0.00345	0.00230	0.00115	0.00287	0.00201	0.00230	0.00402
46	0.00990	0.00849	0.02496	0.01936	0.67118	0.00812	0.01017	0.01200	0.00863	0.10811	0.00783	0.00944	0.00621	0.00341	0.00360	0.00106	0.00415	0.00326	0.00218	0.07794
47	0.01041	0.06554	0.42014	0.01087	0.12261	0.06917	0.01044	0.02381	0.00883	0.19656	0.00834	0.00889	0.00589	0.00373	0.00350	0.00111	0.00476	0.00296	0.00234	0.02011

[dist]
# distance from previous block
# <min> <max>
0	2

[block]
# block no. 4 follows, 74 sequences, length 134
# corresponding to MSA columns:
# 171-304
name=unknown_E
#
# <colnr> <probs for GDERKNQSTAVLIFYWHMCP>
#	G	D	E	R	K	N	Q	S	T	A	V	L	I	F	Y	W	H	M	C	P
0	0.00519	0.00379	0.00488	0.00461	0.00551	0.00348	0.00345	0.00689	0.01036	0.01455	0.78847	0.02828	0.09121	0.00771	0.00438	0.00117	0.00176	0.00679	0.00404	0.00348
1	0.00955	0.00903	0.01500	0.02137	0.74612	0.02968	0.04881	0.02054	0.00865	0.03697	0.00720	0.00925	0.00593	0.00339	0.00378	0.00111	0.01251	0.00335	0.00194	0.00580
2	0.00897	0.00960	0.06977	0.03272	0.58713	0.00892	0.14631	0.01203	0.06483	0.01225	0.00759	0.00956	0.00612	0.00342	0.00379	0.00114	0.00469	0.00351	0.00196	0.00568
3	0.00692	0.00346	0.00346	0.00346	0.00432	0.00346	0.00259	0.00865	0.00778	0.01384	0.01211	0.01384	0.00951	0.00432	0.00259	0.00086	0.00173	0.00346	0.89016	0.00346
4	0.02703	0.00871	0.02991	0.00757	0.01015	0.00918	0.00620	0.31983	0.34054	0.06080	0.05672	0.01189	0.00985	0.00468	0.00366	0.00113	0.00336	0.00375	0.00360	0.08147
5	0.10651	0.11674	0.01113	0.00765	0.01048	0.01092	0.00642	0.50762	0.09538	0.07768	0.00906	0.00898	0.00657	0.00426	0.00341	0.00109	0.00376	0.00314	0.00337	0.00583
6	0.00692	0.00346	0.00346	0.00346	0.00432	0.00346	0.00259	0.00865	0.00778	0.01384	0.01211	0.01384	0.00951	0.00432	0.00259	0.00086	0.00173	0.00346	0.89016	0.00346
7	0.14157	0.03853	0.01048	0.00936	0.04601	0.41601	0.00711	0.04182	0.00870	0.01079	0.00558	0.00714	0.00479	0.00446	0.00553	0.00117	0.23206	0.00262	0.00194	0.00435
8	0.89577	0.00718	0.00546	0.00488	0.00718	0.00833	0.00402	0.01091	0.00632	0.01665	0.00517	0.00603	0.00402	0.00345	0.00230	0.00115	0.00287	0.00201	0.00230	0.00402
9	0.00952	0.00918	0.01557	0.06206	0.01536	0.03437	0.40625	0.11667	0.10833	0.03952	0.04557	0.02306	0.00793	0.00425	0.00486	0.00126	0.08449	0.00417	0.00250	0.00506
10	0.89577	0.00718	0.00546	0.00488	0.00718	0.00833	0.00402	0.01091	0.00632	0.01665	0.00517	0.00603	0.00402	0.00345	0.00230	0.00115	0.00287	0.00201	0.00230	0.00402
11	0.00591	0.00445	0.00545	0.00549	0.00654	0.00437	0.00437	0.04922	0.05092	0.01236	0.23602	0.05662	0.20800	0.05228	0.03503	0.00165	0.00285	0.25138	0.00352	0.00357
12	0.00885	0.00843	0.01433	0.09351	0.74307	0.00856	0.01099	0.01106	0.00845	0.01201	0.04015	0.00998	0.00696	0.00351	0.00371	0.00112	0.00435	0.00344	0.00191	0.00564
13	0.00551	0.00381	0.00435	0.00439	0.00461	0.00382	0.00271	0.00613	0.03897	0.00814	0.03178	0.05180	0.05530	0.69626	0.01600	0.00316	0.00339	0.05480	0.00252	0.00256
14	0.00511	0.00378	0.00472	0.00449	0.00539	0.00344	0.00334	0.00665	0.00995	0.01375	0.67308	0.02896	0.17304	0.04207	0.00495	0.00128	0.00185	0.00685	0.00390	0.00339
15	0.00932	0.00828	0.00898	0.00792	0.01008	0.02874	0.03869	0.01930	0.78763	0.01523	0.01459	0.01353	0.01095	0.00493	0.00379	0.00125	0.00316	0.00416	0.00366	0.00580
16	0.00740	0.00700	0.01184	0.71032	0.17283	0.00835	0.01050	0.00983	0.00761	0.00996	0.00667	0.00977	0.00512	0.00364	0.00370	0.00121	0.00485	0.00330	0.00168	0.00444
17	0.04391	0.00985	0.02099	0.01507	0.01868	0.00939	0.77993	0.01178	0.00859	0.01201	0.00735	0.00981	0.00555	0.00322	0.00449	0.00126	0.02702	0.00426	0.00189	0.00494
18	0.00590	0.00425	0.00587	0.00668	0.00755	0.00421	0.00582	0.00757	0.00854	0.01105	0.02058	0.04155	0.06375	0.01021	0.00509	0.00169	0.00334	0.77954	0.00342	0.00340
19	0.89577	0.00718	0.00546	0.00488	0.00718	0.00833	0.00402	0.01091	0.00632	0.01665	0.00517	0.00603	0.00402	0.00345	0.00230	0.00115	0.00287	0.00201	0.00230	0.00402
20	0.00771	0.00666	0.00784	0.00567	0.00883	0.00520	0.00455	0.00933	0.00762	0.01197	0.00653	0.00771	0.00547	0.00290	0.00312	0.00059	0.03684	0.00224	0.00218	0.85703
21	0.00587	0.00423	0.00582	0.00660	0.00748	0.00419	0.00573	0.00752	0.00857	0.01110	0.03440	0.04124	0.07533	0.01015	0.00507	0.00167	0.00329	0.75491	0.00343	0.00340
22	0.00442	0.00372	0.00383	0.00389	0.00505	0.00313	0.00288	0.00536	0.00841	0.01010	0.05585	0.09627	0.76539	0.00952	0.00441	0.00127	0.00190	0.00801	0.00346	0.00313
23	0.00876	0.01001	0.02190	0.01564	0.01940	0.00939	0.83292	0.01189	0.00876	0.01189	0.00751	0.01001	0.00563	0.00313	0.00438	0.00125	0.00626	0.00438	0.00188	0.00501
24	0.00708	0.00673	0.01156	0.82713	0.02532	0.00829	0.04292	0.00958	0.00748	0.00958	0.00663	0.00990	0.00498	0.00369	0.00374	0.00124	0.00500	0.00334	0.00166	0.00416
25	0.00572	0.00375	0.00446	0.00443	0.00465	0.00378	0.00276	0.00600	0.00582	0.03277	0.01258	0.02390	0.03453	0.69807	0.10649	0.00364	0.00421	0.03752	0.00237	0.00255
26	0.00876	0.01001	0.02190	0.01564	0.01940	0.00939	0.83292	0.01189	0.00876	0.01189	0.00751	0.01001	0.00563	0.00313	0.00438	0.00125	0.00626	0.00438	0.00188	0.00501
27	0.00918	0.00691	0.00796	0.00698	0.00895	0.00751	0.02659	0.01645	0.53722	0.11338	0.16523	0.01700	0.04915	0.00557	0.00392	0.00123	0.00279	0.00475	0.00387	0.00537
28	0.00779	0.00982	0.24154	0.03362	0.03175	0.00693	0.03991	0.01228	0.19578	0.05304	0.23605	0.01497	0.01476	0.00494	0.00380	0.00114	0.00354	0.00424	0.00297	0.08114
29	0.00692	0.00346	0.00346	0.00346	0.00432	0.00346	0.00259	0.00865	0.00778	0.01384	0.01211	0.01384	0.00951	0.00432	0.00259	0.00086	0.00173	0.00346	0.89016	0.00346
30	0.00945	0.59023	0.18518	0.00748	0.01092	0.04888	0.00788	0.01146	0.02558	0.00959	0.00572	0.00666	0.00492	0.00344	0.00308	0.00091	0.03838	0.00226	0.00166	0.02633
31	0.00921	0.08109	0.05915	0.00915	0.14572	0.00663	0.04060	0.02984	0.03564	0.18317	0.33838	0.01700	0.01803	0.00533	0.00388	0.00113	0.00316	0.00466	0.00335	0.00489
32	0.00692	0.00346	0.00346	0.00346	0.00432	0.00346	0.00259	0.00865	0.00778	0.01384	0.01211	0.01384	0.00951	0.00432	0.00259	0.00086	0.00173	0.00346	0.89016	0.00346
33	0.01114	0.02170	0.01405	0.01170	0.05921	0.30699	0.23335	0.11306	0.00989	0.01960	0.00673	0.00848	0.00543	0.00470	0.02683	0.00129	0.13566	0.00328	0.00210	0.00479
34	0.82078	0.00733	0.00652	0.00557	0.00797	0.00832	0.05397	0.01115	0.00657	0.03679	0.00554	0.00643	0.00424	0.00345	0.00246	0.00115	0.00308	0.00219	0.00233	0.00414
35	0.00956	0.01201	0.28623	0.00910	0.02933	0.00923	0.02203	0.13190	0.39346	0.04118	0.01115	0.01098	0.00817	0.00438	0.00369	0.00120	0.00403	0.00357	0.00300	0.00581
36	0.89577	0.00718	0.00546	0.00488	0.00718	0.00833	0.00402	0.01091	0.00632	0.01665	0.00517	0.00603	0.00402	0.00345	0.00230	0.00115	0.00287	0.00201	0.00230	0.00402
37	0.00919	0.56004	0.22701	0.00778	0.01142	0.01259	0.02817	0.01188	0.06783	0.01006	0.00631	0.00713	0.00525	0.00345	0.00298	0.00095	0.01878	0.00241	0.00175	0.00502
38	0.00476	0.00396	0.00419	0.00424	0.00541	0.00351	0.00318	0.00625	0.05295	0.01056	0.07606	0.10525	0.66000	0.00929	0.00441	0.00129	0.00201	0.03589	0.00350	0.00330
39	0.00498	0.00374	0.00392	0.00396	0.00510	0.00329	0.00303	0.00616	0.00844	0.01100	0.06947	0.03190	0.60274	0.00848	0.00412	0.00121	0.00195	0.06295	0.16034	0.00323
40	0.01054	0.59181	0.03814	0.04108	0.02539	0.11627	0.00681	0.04824	0.00848	0.03902	0.00591	0.00674	0.00504	0.00338	0.00273	0.00086	0.00432	0.00226	0.00186	0.04111
41	0.03636	0.00775	0.08782	0.00622	0.00960	0.00552	0.00552	0.01167	0.00836	0.20843	0.00845	0.00882	0.00624	0.00328	0.00304	0.00077	0.00311	0.00260	0.00270	0.57376
42	0.01025	0.00844	0.01387	0.06183	0.66434	0.00844	0.01039	0.04228	0.00902	0.12304	0.00805	0.00967	0.00629	0.00354	0.00369	0.00112	0.00426	0.00336	0.00226	0.00587
43	0.06042	0.69374	0.01768	0.00782	0.07708	0.07218	0.00668	0.01138	0.00775	0.00948	0.00535	0.00627	0.00481	0.00325	0.00255	0.00085	0.00413	0.00212	0.00167	0.00478
44	0.00788	0.00664	0.01102	0.74517	0.06060	0.00800	0.00988	0.01025	0.00773	0.07741	0.00732	0.01013	0.00538	0.00377	0.00370	0.00122	0.00475	0.00334	0.01143	0.00437
45	0.00692	0.00346	0.00346	0.00346	0.00432	0.00346	0.00259	0.00865	0.00778	0.01384	0.01211	0.01384	0.00951	0.00432	0.00259	0.00086	0.00173	0.00346	0.89016	0.00346
46	0.00950	0.00863	0.01360	0.04180	0.59986	0.01775	0.03334	0.02839	0.14469	0.04334	0.01728	0.01028	0.00716	0.00371	0.00372	0.00114	0.00418	0.00352	0.00231	0.00579
47	0.01032	0.06449	0.04636	0.01803	0.04740	0.00828	0.00628	0.09668	0.32745	0.16175	0.12219	0.01419	0.02800	0.00507	0.00396	0.00118	0.02521	0.00415	0.00354	0.00548
48	0.00692	0.00346	0.00346	0.00346	0.00432	0.00346	0.00259	0.00865	0.00778	0.01384	0.01211	0.01384	0.00951	0.00432	0.00259	0.00086	0.00173	0.00346	0.89016	0.00346
49	0.01984	0.03589	0.01284	0.04310	0.34018	0.29538	0.02281	0.11890	0.01010	0.01225	0.00663	0.00817	0.00543	0.00380	0.00397	0.00108	0.04940	0.00297	0.00209	0.00519
50	0.86005	0.00714	0.00558	0.00495	0.00727	0.00821	0.00408	0.01120	0.00649	0.05048	0.00555	0.00630	0.00423	0.00349	0.00236	0.00115	0.00288	0.00208	0.00239	0.00411
51	0.00952	0.00896	0.01463	0.04246	0.76823	0.02858	0.01103	0.03277	0.00875	0.02914	0.00715	0.00921	0.00591	0.00338	0.00367	0.00110	0.00444	0.00330	0.00194	0.00582
52	0.00913	0.00874	0.01491	0.02251	0.83229	0.00874	0.01130	0.01133	0.00845	0.01211	0.00720	0.00974	0.00614	0.00342	0.00370	0.00111	0.00439	0.01707	0.00186	0.00584
53	0.00671	0.00548	0.00613	0.00567	0.00711	0.00576	0.00434	0.01185	0.34621	0.01425	0.35964	0.02357	0.17463	0.00689	0.00414	0.00122	0.00226	0.00590	0.00384	0.00440
54	0.00976	0.05499	0.06076	0.00865	0.03144	0.01614	0.15167	0.06460	0.12787	0.17443	0.16905	0.02519	0.03505	0.00559	0.01932	0.00128	0.00380	0.03211	0.00328	0.00506
55	0.01275	0.10402	0.04768	0.00917	0.02624	0.38741	0.03072	0.22341	0.07338	0.03949	0.00757	0.00808	0.00583	0.00399	0.00343	0.00103	0.00525	0.00285	0.00254	0.00514
56	0.00764	0.08802	0.78326	0.01024	0.01554	0.00911	0.01312	0.01170	0.00781	0.01151	0.00654	0.00768	0.00471	0.00350	0.00343	0.00114	0.00536	0.00268	0.00157	0.00543
57	0.00724	0.00687	0.01174	0.76736	0.09679	0.00832	0.03028	0.00971	0.00754	0.00977	0.00665	0.00984	0.00505	0.00366	0.00372	0.00123	0.00493	0.00333	0.00167	0.00430
58	0.00919	0.00882	0.01507	0.02278	0.84640	0.00882	0.01139	0.01139	0.00845	0.01213	0.00698	0.00919	0.00588	0.00331	0.00367	0.00110	0.00441	0.00331	0.00184	0.00588
59	0.00454	0.00377	0.00397	0.00392	0.00511	0.00320	0.00294	0.00562	0.00881	0.01086	0.17669	0.03434	0.70528	0.00909	0.00439	0.00124	0.00186	0.00764	0.00356	0.00320
60	0.00464	0.00331	0.00444	0.00530	0.00557	0.00312	0.00365	0.00537	0.00722	0.00961	0.02039	0.80052	0.02429	0.01152	0.00477	0.00152	0.00226	0.07600	0.00344	0.00305
61	0.00777	0.01692	0.64431	0.01184	0.01689	0.00881	0.21743	0.01179	0.00807	0.01179	0.00687	0.00838	0.00493	0.00343	0.00374	0.00119	0.00568	0.00315	0.00164	0.00537
62	0.00525	0.00379	0.00496	0.00467	0.00555	0.00350	0.00350	0.00700	0.01051	0.01488	0.84444	0.02773	0.03502	0.00759	0.00438	0.00117	0.00175	0.00671	0.00409	0.00350
63	0.00928	0.00999	0.01152	0.01840	0.08562	0.17817	0.02009	0.01032	0.00708	0.00945	0.02679	0.00848	0.00573	0.00563	0.00927	0.00142	0.57352	0.00319	0.00177	0.00427
64	0.00461	0.00377	0.00406	0.00399	0.00515	0.00323	0.00299	0.00575	0.00898	0.01126	0.24217	0.03369	0.63955	0.00894	0.00438	0.00123	0.00185	0.00755	0.00361	0.00323
65	0.00952	0.41918	0.28328	0.00896	0.05815	0.02719	0.02909	0.02547	0.02278	0.06093	0.00669	0.00758	0.00531	0.00384	0.01673	0.00107	0.00462	0.00256	0.00187	0.00517
66	0.00831	0.00687	0.00879	0.03336	0.11660	0.00557	0.00552	0.01005	0.00793	0.05371	0.00705	0.00820	0.00571	0.00294	0.00295	0.00067	0.00305	0.00245	0.00226	0.70801
67	0.89577	0.00718	0.00546	0.00488	0.00718	0.00833	0.00402	0.01091	0.00632	0.01665	0.00517	0.00603	0.00402	0.00345	0.00230	0.00115	0.00287	0.00201	0.00230	0.00402
68	0.00618	0.00450	0.00613	0.00688	0.00781	0.00457	0.00597	0.00841	0.05860	0.01137	0.01938	0.04018	0.02076	0.00994	0.00505	0.00168	0.00339	0.77220	0.00344	0.00357
69	0.00861	0.00798	0.01351	0.16322	0.60764	0.00821	0.02232	0.01082	0.00850	0.02701	0.07896	0.01097	0.00828	0.00376	0.00375	0.00113	0.00428	0.00362	0.00205	0.00537
70	0.02716	0.44638	0.06395	0.00771	0.01048	0.22810	0.00703	0.05521	0.00889	0.05843	0.00612	0.00691	0.00509	0.00370	0.00337	0.00095	0.05136	0.00237	0.00197	0.00481
71	0.88327	0.00722	0.00554	0.00493	0.00724	0.00837	0.00406	0.02258	0.00647	0.01675	0.00522	0.00607	0.00405	0.00346	0.00232	0.00115	0.00289	0.00203	0.00232	0.00405
72	0.00860	0.03684	0.14220	0.02350	0.01843	0.00942	0.65874	0.01202	0.03000	0.01184	0.00750	0.00967	0.00561	0.00324	0.00417	0.00123	0.00598	0.00405	0.00187	0.00508
73	0.00826	0.00789	0.01291	0.38666	0.41985	0.01734	0.01055	0.01088	0.04322	0.01099	0.00708	0.00964	0.00566	0.00366	0.00394	0.00118	0.03008	0.00333	0.00183	0.00504
74	0.00466	0.00377	0.00413	0.00404	0.00518	0.00325	0.00303	0.00585	0.00910	0.01154	0.28870	0.03323	0.59285	0.00884	0.00438	0.00123	0.00184	0.00748	0.00365	0.00325
75	0.00594	0.00451	0.00555	0.00517	0.00625	0.00449	0.00391	0.00920	0.15335	0.01500	0.70157	0.02534	0.03094	0.00715	0.00427	0.00118	0.00196	0.00628	0.00403	0.00391
76	0.00540	0.00360	0.00408	0.00408	0.00409	0.00361	0.00228	0.00542	0.00541	0.00722	0.01167	0.02415	0.01343	0.85735	0.03102	0.00363	0.00369	0.00538	0.00225	0.00226
77	0.01061	0.00975	0.06027	0.05886	0.22625	0.01756	0.18765	0.23556	0.02658	0.06407	0.00815	0.00943	0.00609	0.00369	0.00378	0.00112	0.00463	0.00348	0.00255	0.05992
78	0.81857	0.00796	0.05739	0.00569	0.02936	0.00836	0.00480	0.01098	0.00646	0.01624	0.00531	0.00622	0.00411	0.00345	0.00241	0.00115	0.00307	0.00209	0.00224	0.00416
79	0.00744	0.01920	0.85032	0.01058	0.01607	0.00862	0.01371	0.01176	0.00784	0.01176	0.00666	0.00784	0.00470	0.00353	0.00353	0.00118	0.00549	0.00274	0.00157	0.00549
80	0.47686	0.01895	0.00721	0.00577	0.00835	0.00733	0.00478	0.04629	0.00859	0.36897	0.00932	0.00894	0.00631	0.00397	0.00296	0.00114	0.00306	0.00279	0.00331	0.00509
81	0.01026	0.80226	0.01878	0.00653	0.00969	0.01443	0.00641	0.07754	0.00834	0.00992	0.00546	0.00619	0.00489	0.00328	0.00249	0.00082	0.00398	0.00209	0.00176	0.00489
82	0.00876	0.01001	0.02190	0.01564	0.01940	0.00939	0.83292	0.01189	0.00876	0.01189	0.00751	0.01001	0.00563	0.00313	0.00438	0.00125	0.00626	0.00438	0.00188	0.00501
83	0.19807	0.01050	0.23699	0.00827	0.01163	0.00774	0.07756	0.03963	0.03339	0.28225	0.00944	0.02185	0.00662	0.00412	0.00375	0.00119	0.03552	0.00324	0.00288	0.00535
84	0.00770	0.00660	0.00770	0.00550	0.00880	0.00495	0.00440	0.00935	0.00770	0.01210	0.00660	0.00770	0.00550	0.00275	0.00275	0.00055	0.00275	0.00220	0.00220	0.89224
85	0.40297	0.39318	0.01225	0.00606	0.00870	0.10570	0.00541	0.01144	0.00733	0.01228	0.00523	0.00607	0.00444	0.00337	0.00245	0.00097	0.00379	0.00204	0.00194	0.00438
86	0.00504	0.00409	0.00506	0.00473	0.00589	0.00367	0.03334	0.00663	0.03071	0.01225	0.37396	0.06383	0.42044	0.00839	0.00438	0.00123	0.00202	0.00725	0.00367	0.00342
87	0.00562	0.00482	0.00515	0.00490	0.00633	0.00467	0.01495	0.00886	0.20511	0.01144	0.04980	0.06297	0.58500	0.00833	0.00426	0.00126	0.00220	0.00701	0.00352	0.00381
88	0.00802	0.00675	0.00779	0.00576	0.00891	0.00546	0.00459	0.01070	0.10531	0.02542	0.00772	0.00849	0.00624	0.00305	0.00288	0.00064	0.00278	0.00246	0.00242	0.77462
89	0.89577	0.00718	0.00546	0.00488	0.00718	0.00833	0.00402	0.01091	0.00632	0.01665	0.00517	0.00603	0.00402	0.00345	0.00230	0.00115	0.00287	0.00201	0.00230	0.00402
90	0.00992	0.87178	0.01945	0.00635	0.00953	0.01469	0.00635	0.01111	0.00754	0.00873	0.00516	0.00595	0.00476	0.00318	0.00238	0.00079	0.00397	0.00198	0.00159	0.00476
91	0.00536	0.00377	0.00480	0.00454	0.00543	0.00349	0.00341	0.00708	0.01022	0.01465	0.75197	0.02686	0.05834	0.00738	0.00423	0.00115	0.00175	0.00649	0.07559	0.00349
92	0.00483	0.00378	0.00438	0.00423	0.00529	0.00332	0.00317	0.00619	0.00952	0.01254	0.45449	0.03159	0.42644	0.00846	0.00438	0.00121	0.00181	0.00725	0.00378	0.00332
93	0.00540	0.00360	0.00405	0.00405	0.00405	0.00360	0.00225	0.00540	0.00540	0.00720	0.01170	0.02429	0.01349	0.86955	0.01889	0.00360	0.00360	0.00540	0.00225	0.00225
94	0.00525	0.00388	0.00497	0.00465	0.00564	0.00352	0.01250	0.00686	0.01009	0.02245	0.67572	0.03711	0.17778	0.00787	0.00438	0.00119	0.00184	0.00689	0.00395	0.00348
95	0.00500	0.00377	0.00462	0.00443	0.00540	0.00339	0.00332	0.00650	0.00987	0.01343	0.60464	0.05062	0.25505	0.00818	0.00439	0.00120	0.00180	0.00711	0.00390	0.00339
96	0.01115	0.40144	0.09508	0.00795	0.02791	0.08313	0.00731	0.20822	0.06275	0.04338	0.01528	0.00791	0.00601	0.00378	0.00307	0.00097	0.00427	0.00269	0.00239	0.00530
97	0.00769	0.01748	0.69548	0.01153	0.01669	0.00876	0.16683	0.01178	0.00801	0.01178	0.00682	0.00824	0.00488	0.00345	0.00369	0.00119	0.00563	0.00305	0.00163	0.00540
