[name]
unknown

[dist]
# distance from previous block
# <min> <max>
0	31

[block]
# block no. 0 follows, 69 sequences, length 10
# corresponding to MSA columns:
# 31-40
name=unknown_A
#
# <colnr> <probs for GDERKNQSTAVLIFYWHMCP>
#	G	D	E	R	K	N	Q	S	T	A	V	L	I	F	Y	W	H	M	C	P
0	0.00544	0.00366	0.00476	0.00535	0.00587	0.00336	0.00368	0.00627	0.00805	0.05146	0.07337	0.68546	0.10575	0.01142	0.00489	0.00152	0.00227	0.01026	0.00374	0.00340
1	0.02853	0.05393	0.12461	0.04161	0.12623	0.05068	0.08966	0.11092	0.07378	0.05508	0.07091	0.07231	0.05989	0.01860	0.00441	0.00134	0.00444	0.00469	0.00296	0.00544
2	0.01063	0.03036	0.04107	0.05419	0.17661	0.04332	0.13559	0.01288	0.03209	0.20976	0.04894	0.08010	0.06255	0.00532	0.00448	0.00127	0.03769	0.00477	0.00301	0.00536
3	0.00488	0.00352	0.00455	0.00526	0.00560	0.00327	0.00354	0.00564	0.00779	0.01039	0.08853	0.69761	0.07706	0.05551	0.00572	0.00166	0.00230	0.01035	0.00363	0.00319
4	0.00778	0.00739	0.01226	0.67965	0.11955	0.00908	0.01081	0.01020	0.00780	0.01029	0.00685	0.01019	0.00533	0.00414	0.00473	0.00133	0.08282	0.00348	0.00176	0.00456
5	0.01036	0.16923	0.19227	0.09858	0.11451	0.06221	0.03469	0.07769	0.06998	0.07432	0.00852	0.03001	0.00671	0.00424	0.00391	0.00117	0.03033	0.00337	0.00238	0.00552
6	0.01230	0.02388	0.02529	0.00815	0.02483	0.00697	0.07047	0.01416	0.04631	0.39901	0.02776	0.05584	0.02067	0.05191	0.04465	0.02357	0.11490	0.00445	0.01954	0.00536
7	0.00629	0.00461	0.00533	0.00540	0.00645	0.00449	0.00391	0.00890	0.14434	0.04963	0.08373	0.33609	0.25475	0.04220	0.00518	0.00150	0.00240	0.00822	0.02269	0.00390
8	0.04975	0.00755	0.02493	0.03812	0.25424	0.00762	0.00739	0.08437	0.14713	0.04088	0.09985	0.06555	0.12460	0.00599	0.00412	0.00127	0.00347	0.02475	0.00318	0.00522
9	0.04479	0.07407	0.03712	0.01199	0.14126	0.21061	0.09202	0.14426	0.03561	0.08008	0.00820	0.02310	0.00648	0.00436	0.00443	0.00118	0.06899	0.00340	0.00258	0.00546

[dist]
# distance from previous block
# <min> <max>
0	3

[block]
# block no. 1 follows, 69 sequences, length 6
# corresponding to MSA columns:
# 44-49
name=unknown_B
#
# <colnr> <probs for GDERKNQSTAVLIFYWHMCP>
#	G	D	E	R	K	N	Q	S	T	A	V	L	I	F	Y	W	H	M	C	P
0	0.19746	0.04538	0.07764	0.01205	0.18841	0.25585	0.03520	0.07380	0.00970	0.03548	0.00680	0.00805	0.00540	0.00392	0.00370	0.00115	0.02970	0.00287	0.00225	0.00519
1	0.11321	0.10130	0.09290	0.04213	0.24390	0.00991	0.07206	0.09055	0.00915	0.04584	0.00776	0.03393	0.00643	0.00478	0.02311	0.00132	0.07183	0.00344	0.00229	0.02417
2	0.00984	0.05498	0.15362	0.07011	0.13392	0.04296	0.04161	0.05349	0.07176	0.08094	0.02490	0.01030	0.00725	0.02295	0.00397	0.00111	0.00433	0.00329	0.00251	0.20616
3	0.00588	0.04813	0.00620	0.00523	0.00647	0.00446	0.02974	0.00700	0.00850	0.03030	0.14475	0.17962	0.31353	0.09960	0.04462	0.00178	0.00294	0.00732	0.00334	0.05057
4	0.05154	0.01120	0.19223	0.01202	0.17072	0.05062	0.08730	0.07838	0.09689	0.04381	0.03159	0.05233	0.05441	0.04407	0.00470	0.00136	0.00453	0.00429	0.00265	0.00537
5	0.00501	0.00357	0.00452	0.00511	0.00541	0.00335	0.00337	0.00568	0.00753	0.01005	0.08904	0.58620	0.06694	0.17576	0.00784	0.00197	0.00252	0.00960	0.00345	0.00308

[dist]
# distance from previous block
# <min> <max>
2	12

[block]
# block no. 2 follows, 69 sequences, length 12
# corresponding to MSA columns:
# 63-74
name=unknown_C
#
# <colnr> <probs for GDERKNQSTAVLIFYWHMCP>
#	G	D	E	R	K	N	Q	S	T	A	V	L	I	F	Y	W	H	M	C	P
0	0.03177	0.27156	0.22659	0.00943	0.06340	0.10187	0.02009	0.05583	0.02629	0.07913	0.07180	0.00985	0.00817	0.00413	0.00343	0.00109	0.00468	0.00313	0.00237	0.00537
1	0.01097	0.63916	0.01774	0.00713	0.01021	0.05255	0.00667	0.12354	0.03018	0.01173	0.02739	0.03367	0.00686	0.00401	0.00292	0.00094	0.00420	0.00277	0.00218	0.00517
2	0.00477	0.00394	0.00408	0.00410	0.00526	0.00336	0.00299	0.00571	0.00874	0.01058	0.07506	0.06672	0.70414	0.07612	0.00584	0.00152	0.00213	0.00812	0.00357	0.00325
3	0.10054	0.00837	0.00970	0.02986	0.08322	0.06030	0.03142	0.17410	0.09630	0.18102	0.12484	0.04905	0.02363	0.00532	0.00393	0.00123	0.00370	0.00440	0.00360	0.00550
4	0.03445	0.13646	0.17502	0.01077	0.12120	0.06892	0.05495	0.03636	0.11991	0.08099	0.04654	0.03574	0.03378	0.00466	0.00393	0.00119	0.02320	0.00382	0.00264	0.00545
5	0.08501	0.00693	0.00891	0.00693	0.00989	0.00631	0.00571	0.04239	0.03739	0.72599	0.01453	0.01273	0.00926	0.00477	0.00383	0.00122	0.00333	0.00380	0.00461	0.00647
6	0.01048	0.06526	0.06100	0.01262	0.20036	0.04078	0.10293	0.11276	0.21048	0.05770	0.04538	0.01244	0.02749	0.01780	0.00419	0.00125	0.00433	0.00401	0.00295	0.00579
7	0.07753	0.01782	0.07939	0.02894	0.06820	0.02700	0.04137	0.11622	0.10354	0.03769	0.04930	0.05843	0.04185	0.05630	0.04259	0.03008	0.09362	0.02246	0.00283	0.00483
8	0.00565	0.00385	0.00499	0.00518	0.00591	0.00352	0.00370	0.00688	0.00928	0.04918	0.36035	0.40674	0.10006	0.00998	0.00477	0.00140	0.00212	0.00890	0.00397	0.00356
9	0.00922	0.00890	0.03930	0.13940	0.24645	0.03943	0.12495	0.10003	0.03053	0.02778	0.05075	0.07829	0.05882	0.00511	0.00435	0.00127	0.02297	0.00468	0.00257	0.00522
10	0.00627	0.00419	0.00493	0.00499	0.00579	0.00393	0.00346	0.00745	0.04458	0.07455	0.05358	0.26274	0.23600	0.24179	0.00884	0.00207	0.00275	0.02524	0.00343	0.00343
11	0.35750	0.10717	0.03874	0.00745	0.03331	0.10495	0.02999	0.06639	0.02648	0.04542	0.00828	0.09285	0.00735	0.00462	0.00319	0.00115	0.00389	0.00343	0.00258	0.05525

[dist]
# distance from previous block
# <min> <max>
2	11

[block]
# block no. 3 follows, 69 sequences, length 11
# corresponding to MSA columns:
# 86-96
name=unknown_D
#
# <colnr> <probs for GDERKNQSTAVLIFYWHMCP>
#	G	D	E	R	K	N	Q	S	T	A	V	L	I	F	Y	W	H	M	C	P
0	0.00902	0.05052	0.08360	0.01189	0.21692	0.03635	0.05117	0.05262	0.17517	0.02709	0.08425	0.02634	0.08095	0.04645	0.00475	0.00133	0.00397	0.00449	0.00287	0.03024
1	0.00562	0.00446	0.02792	0.00590	0.03276	0.00422	0.00408	0.00651	0.00692	0.00946	0.03203	0.21361	0.07921	0.29423	0.21318	0.00339	0.00492	0.02398	0.02439	0.00320
2	0.02707	0.18843	0.05067	0.00886	0.07658	0.04095	0.02421	0.22188	0.01097	0.02926	0.02401	0.06746	0.00799	0.01924	0.00374	0.00106	0.00401	0.00354	0.00270	0.18739
3	0.00481	0.00347	0.00449	0.00529	0.00559	0.00322	0.00353	0.00548	0.00752	0.00993	0.02247	0.75995	0.08398	0.05313	0.00570	0.00168	0.00233	0.01067	0.00358	0.00315
4	0.04515	0.45318	0.11744	0.00853	0.03500	0.17318	0.00790	0.05931	0.04736	0.01133	0.00653	0.00735	0.00545	0.00371	0.00304	0.00099	0.00486	0.00251	0.00201	0.00518
5	0.02688	0.09122	0.38079	0.01066	0.03713	0.04031	0.10582	0.09501	0.05063	0.04144	0.03234	0.02749	0.00770	0.00439	0.00384	0.00123	0.00509	0.03012	0.00237	0.00556
6	0.00902	0.04877	0.17242	0.00882	0.08907	0.00686	0.00739	0.02680	0.06874	0.12916	0.06008	0.15706	0.05432	0.00587	0.00393	0.00118	0.00359	0.00502	0.00304	0.13888
7	0.01026	0.00868	0.00915	0.00808	0.01039	0.00999	0.00633	0.10059	0.75010	0.01722	0.01531	0.01411	0.01144	0.00526	0.00398	0.00131	0.00322	0.00434	0.00398	0.00625
8	0.08095	0.10048	0.23115	0.09459	0.04232	0.25024	0.05614	0.04876	0.00944	0.01196	0.00772	0.00901	0.03289	0.00401	0.00356	0.00114	0.00554	0.00303	0.00203	0.00503
9	0.00565	0.00385	0.00448	0.00447	0.00462	0.00388	0.00268	0.00588	0.00610	0.00818	0.04656	0.02534	0.04592	0.72089	0.09266	0.00383	0.00425	0.00572	0.00248	0.00257
10	0.03515	0.00966	0.18556	0.01037	0.11789	0.00756	0.06649	0.06468	0.08548	0.01331	0.09402	0.04038	0.06641	0.02801	0.12667	0.00206	0.01698	0.02169	0.00268	0.00493

[dist]
# distance from previous block
# <min> <max>
1	21

[block]
# block no. 4 follows, 69 sequences, length 63
# corresponding to MSA columns:
# 118-180
name=unknown_E
#
# <colnr> <probs for GDERKNQSTAVLIFYWHMCP>
#	G	D	E	R	K	N	Q	S	T	A	V	L	I	F	Y	W	H	M	C	P
0	0.03887	0.04388	0.06198	0.01773	0.08905	0.12098	0.07537	0.03537	0.00918	0.06387	0.03546	0.03792	0.01955	0.00432	0.00392	0.00103	0.03585	0.02207	0.00248	0.28113
1	0.00711	0.00706	0.03742	0.00879	0.01063	0.02881	0.22568	0.00922	0.03505	0.02259	0.16661	0.14261	0.14203	0.05791	0.02546	0.00162	0.05779	0.00643	0.00300	0.00416
2	0.01051	0.22415	0.02333	0.00766	0.02108	0.08709	0.02398	0.15702	0.08054	0.01395	0.01967	0.03908	0.01731	0.00417	0.00332	0.00094	0.00396	0.00321	0.01008	0.24895
3	0.00482	0.00346	0.00457	0.00539	0.00569	0.00322	0.00362	0.00557	0.00774	0.01034	0.06724	0.79156	0.04829	0.01198	0.00497	0.00157	0.00224	0.01084	0.00368	0.00322
4	0.00817	0.00775	0.01315	0.57513	0.29865	0.00891	0.01127	0.01069	0.00820	0.01095	0.00710	0.01020	0.00556	0.00378	0.00391	0.00126	0.00504	0.00349	0.00181	0.00498
5	0.01026	0.00647	0.00796	0.00668	0.00866	0.00648	0.02272	0.15061	0.11977	0.19087	0.35334	0.03220	0.05420	0.00647	0.00428	0.00124	0.00286	0.00552	0.00423	0.00517
6	0.00627	0.00421	0.00523	0.00486	0.00604	0.00376	0.00368	0.00788	0.01057	0.07903	0.57526	0.03012	0.23187	0.00824	0.00457	0.00125	0.00200	0.00714	0.00419	0.00384
7	0.00567	0.00404	0.00545	0.00543	0.00626	0.00406	0.00407	0.00695	0.00832	0.03198	0.25341	0.13391	0.14322	0.01697	0.31994	0.03182	0.00525	0.00652	0.00323	0.00351
8	0.00802	0.00716	0.01033	0.00861	0.00940	0.03704	0.12737	0.00895	0.00675	0.04094	0.00897	0.01593	0.00915	0.34482	0.03455	0.00255	0.30903	0.00451	0.00216	0.00376
9	0.00843	0.00451	0.00467	0.00432	0.00553	0.00460	0.00333	0.09395	0.00938	0.04239	0.01253	0.01404	0.00969	0.00459	0.00290	0.00095	0.00213	0.00365	0.76436	0.00406
10	0.00667	0.00346	0.00518	0.00520	0.00526	0.00351	0.00352	0.00525	0.00525	0.00706	0.00745	0.03326	0.00750	0.01474	0.07593	0.79953	0.00390	0.00366	0.00178	0.00187
11	0.00580	0.03735	0.00728	0.00660	0.00759	0.00464	0.08469	0.02009	0.00853	0.01133	0.11795	0.50299	0.08888	0.01013	0.00481	0.00148	0.00283	0.06994	0.00348	0.00362
12	0.01038	0.01167	0.04284	0.01034	0.04252	0.25099	0.02674	0.02749	0.04015	0.01055	0.00670	0.00925	0.00596	0.03057	0.00853	0.00146	0.41311	0.00330	0.04291	0.00455
13	0.00968	0.10897	0.09577	0.21707	0.34918	0.04761	0.03096	0.03328	0.00894	0.04347	0.00746	0.00970	0.00596	0.00377	0.00374	0.00117	0.00494	0.01082	0.00202	0.00550
14	0.07736	0.46194	0.08723	0.01077	0.16391	0.06629	0.03913	0.01230	0.00840	0.03162	0.00632	0.00748	0.00534	0.00351	0.00304	0.00100	0.00458	0.00259	0.00189	0.00527
15	0.01260	0.05622	0.04240	0.00818	0.01091	0.01015	0.00686	0.47808	0.10384	0.08752	0.01206	0.13181	0.01010	0.00576	0.00400	0.00124	0.00386	0.00465	0.00376	0.00600
16	0.08284	0.01116	0.01068	0.00850	0.01140	0.12571	0.00689	0.51327	0.05792	0.06647	0.00917	0.00927	0.00665	0.00446	0.00369	0.00113	0.00439	0.00328	0.00350	0.05961
17	0.04013	0.03884	0.00801	0.04505	0.00926	0.02537	0.00523	0.04623	0.07731	0.33243	0.09966	0.03609	0.20722	0.00638	0.00408	0.00124	0.00307	0.00525	0.00398	0.00519
18	0.01288	0.00723	0.04657	0.00702	0.00955	0.00651	0.00587	0.05176	0.16982	0.42849	0.17708	0.03260	0.01549	0.00565	0.00410	0.00125	0.00313	0.00473	0.00437	0.00589
19	0.00993	0.62159	0.18725	0.00808	0.01190	0.02415	0.03950	0.01225	0.03506	0.01024	0.00622	0.00714	0.00528	0.00350	0.00290	0.00096	0.00461	0.00244	0.00176	0.00523
20	0.00558	0.00416	0.00616	0.00619	0.00684	0.00481	0.00475	0.00690	0.00630	0.00905	0.01086	0.03691	0.01041	0.06723	0.78775	0.00607	0.00999	0.00444	0.00215	0.00344
21	0.00617	0.00517	0.00735	0.03649	0.18403	0.00504	0.00566	0.00790	0.04618	0.01146	0.08479	0.39073	0.17574	0.00904	0.00458	0.00140	0.00283	0.00809	0.00328	0.00407
22	0.01339	0.02016	0.10708	0.00908	0.03598	0.15595	0.02869	0.16030	0.08953	0.26480	0.06618	0.01189	0.00959	0.00471	0.00389	0.00118	0.00446	0.00374	0.00351	0.00588
23	0.01097	0.38516	0.13111	0.00981	0.11224	0.01100	0.04718	0.01290	0.00874	0.16664	0.00906	0.01007	0.02798	0.03670	0.00394	0.00115	0.00435	0.00314	0.00240	0.00546
24	0.03489	0.00494	0.00531	0.00471	0.00619	0.00497	0.00369	0.09442	0.00964	0.13058	0.01260	0.01367	0.00949	0.00459	0.00302	0.00099	0.00233	0.00364	0.64593	0.00440
25	0.00937	0.03536	0.27118	0.02261	0.07491	0.07937	0.26500	0.04309	0.00932	0.04287	0.00955	0.07420	0.02356	0.00455	0.00413	0.00126	0.00551	0.01661	0.00223	0.00531
26	0.01111	0.04306	0.24585	0.02331	0.11118	0.09334	0.00935	0.11089	0.09460	0.13678	0.03097	0.04524	0.01754	0.00469	0.00385	0.00121	0.00462	0.00380	0.00288	0.00576
27	0.00946	0.01001	0.03737	0.06662	0.41969	0.13706	0.04731	0.01958	0.00887	0.01156	0.00905	0.11493	0.00861	0.02838	0.02115	0.00140	0.03719	0.00440	0.00217	0.00519
28	0.24885	0.04649	0.01260	0.01174	0.14008	0.30092	0.12829	0.02448	0.00915	0.01288	0.00638	0.00785	0.00517	0.00379	0.00365	0.00115	0.02664	0.00290	0.00212	0.00488
29	0.00483	0.00386	0.00431	0.00453	0.00550	0.00339	0.00326	0.00592	0.01794	0.01093	0.10811	0.26908	0.51359	0.02040	0.00491	0.00142	0.00209	0.00890	0.00369	0.00333
30	0.03787	0.05337	0.06653	0.02101	0.03815	0.00805	0.07670	0.01430	0.26867	0.07530	0.01189	0.03697	0.03156	0.02672	0.00409	0.00117	0.00366	0.00390	0.00299	0.21709
31	0.03703	0.13541	0.02253	0.00809	0.01017	0.34228	0.00652	0.03161	0.05730	0.04302	0.12040	0.02798	0.03108	0.00503	0.00424	0.00110	0.06482	0.00362	0.00262	0.04515
32	0.00518	0.00384	0.00444	0.00452	0.00517	0.00352	0.00306	0.00601	0.00819	0.01070	0.20238	0.16525	0.27947	0.27007	0.00937	0.00210	0.00256	0.00769	0.00340	0.00309
33	0.05334	0.00977	0.01186	0.03888	0.18116	0.01044	0.00804	0.46951	0.04468	0.06758	0.00918	0.00971	0.00674	0.00431	0.00379	0.00115	0.00417	0.00344	0.00334	0.05892
34	0.00570	0.00383	0.00440	0.00440	0.00444	0.00387	0.00253	0.00578	0.00574	0.00769	0.01224	0.02503	0.01398	0.81161	0.07019	0.00395	0.00421	0.00561	0.00236	0.00244
35	0.00509	0.00377	0.00532	0.00584	0.00630	0.00353	0.03062	0.00605	0.00808	0.01088	0.12226	0.69183	0.02650	0.01139	0.00496	0.00155	0.00242	0.04660	0.00367	0.00334
36	0.00844	0.01132	0.21906	0.01145	0.01478	0.02742	0.31844	0.01134	0.00914	0.04750	0.14960	0.01453	0.05117	0.01448	0.00518	0.00133	0.07273	0.00463	0.00248	0.00498
37	0.00781	0.00738	0.01249	0.70722	0.16942	0.00882	0.01109	0.01037	0.00803	0.01051	0.00704	0.01032	0.00540	0.00384	0.00391	0.00128	0.00513	0.00349	0.00178	0.00468
38	0.01179	0.01017	0.01041	0.00884	0.01124	0.14674	0.05664	0.15575	0.36353	0.08954	0.01270	0.01356	0.00977	0.00601	0.03592	0.00145	0.00450	0.04214	0.00352	0.00577
39	0.00985	0.62800	0.23839	0.00794	0.01193	0.02610	0.00878	0.01198	0.00809	0.01008	0.00588	0.00683	0.00501	0.00346	0.00285	0.00095	0.00466	0.00232	0.00168	0.00523
40	0.00480	0.00345	0.00455	0.00538	0.00568	0.00321	0.00362	0.00554	0.00769	0.01025	0.05338	0.79818	0.05567	0.01203	0.00498	0.00157	0.00225	0.01089	0.00367	0.00321
41	0.02679	0.00557	0.00550	0.00526	0.00670	0.04095	0.00399	0.07302	0.08313	0.01252	0.03770	0.12535	0.48013	0.00898	0.01560	0.00138	0.00267	0.01682	0.04402	0.00392
42	0.03566	0.01105	0.01163	0.02299	0.08134	0.15906	0.05832	0.26693	0.20582	0.09128	0.01050	0.01061	0.00773	0.00452	0.00387	0.00120	0.00458	0.00363	0.00332	0.00596
43	0.00669	0.00348	0.00519	0.00519	0.00525	0.00354	0.00351	0.00528	0.00522	0.00702	0.00722	0.01246	0.00720	0.03054	0.08583	0.79523	0.00401	0.00351	0.00175	0.00187
44	0.00478	0.00341	0.00455	0.00546	0.00569	0.00318	0.00364	0.00546	0.00751	0.01001	0.02161	0.85966	0.02593	0.01228	0.00500	0.00159	0.00227	0.01114	0.00364	0.00318
45	0.02621	0.07885	0.03086	0.01223	0.18854	0.16795	0.00847	0.34181	0.05419	0.01689	0.00813	0.00896	0.00629	0.00427	0.00396	0.00114	0.02930	0.00323	0.00283	0.00590
46	0.88991	0.00758	0.00576	0.00516	0.00758	0.00879	0.00425	0.01152	0.00667	0.01759	0.00546	0.00637	0.00425	0.00364	0.00243	0.00121	0.00303	0.00212	0.00243	0.00425
47	0.01077	0.07054	0.24666	0.02223	0.08594	0.09260	0.06483	0.19761	0.09730	0.02223	0.03287	0.00992	0.00726	0.00426	0.00394	0.00119	0.01802	0.00343	0.00261	0.00577
48	0.01237	0.00944	0.01035	0.00931	0.07514	0.04497	0.00691	0.41430	0.16353	0.07613	0.03111	0.05266	0.06501	0.00548	0.00403	0.00123	0.00386	0.00443	0.00374	0.00601
49	0.01049	0.29436	0.27752	0.00991	0.04041	0.08864	0.06828	0.05486	0.05393	0.05590	0.00755	0.00840	0.00583	0.00379	0.00342	0.00109	0.00506	0.00292	0.00214	0.00552
50	0.04255	0.03863	0.14643	0.00877	0.02310	0.05034	0.00782	0.21969	0.31888	0.01715	0.06771	0.01221	0.01021	0.00489	0.00394	0.00124	0.01337	0.00386	0.00333	0.00587
51	0.01118	0.00767	0.00821	0.00671	0.00880	0.00825	0.00536	0.44717	0.01368	0.01958	0.04258	0.03923	0.00987	0.04438	0.00431	0.00121	0.00329	0.00402	0.29324	0.02125
52	0.04230	0.05347	0.13353	0.03776	0.10783	0.02884	0.28421	0.07368	0.06534	0.09601	0.00923	0.01113	0.00700	0.00405	0.00404	0.00125	0.00518	0.02698	0.00254	0.00562
53	0.02253	0.00472	0.00585	0.00568	0.00624	0.02653	0.00403	0.00747	0.00651	0.05560	0.01167	0.05766	0.01199	0.36668	0.35732	0.00439	0.03441	0.00501	0.00243	0.00327
54	0.03741	0.00436	0.00481	0.00469	0.00590	0.00401	0.00351	0.04392	0.00970	0.01282	0.25265	0.13566	0.44805	0.00923	0.00456	0.00132	0.00213	0.00787	0.00379	0.00359
55	0.03871	0.05180	0.07245	0.05798	0.27294	0.07281	0.09776	0.08335	0.05985	0.03761	0.03935	0.04093	0.04808	0.00458	0.00393	0.00121	0.00462	0.00408	0.00253	0.00546
56	0.20681	0.09960	0.11671	0.02102	0.05839	0.08995	0.02032	0.03183	0.13656	0.04610	0.04831	0.01093	0.03773	0.00437	0.00340	0.00114	0.00403	0.00333	0.00266	0.05681
57	0.10797	0.16658	0.25696	0.00863	0.04278	0.02026	0.02437	0.05596	0.03760	0.09028	0.02729	0.03059	0.05401	0.02750	0.00393	0.00122	0.00426	0.00354	0.00252	0.03376
58	0.09681	0.11693	0.10501	0.02967	0.14308	0.09715	0.04561	0.07927	0.04178	0.13599	0.03493	0.00985	0.00733	0.00407	0.00356	0.00113	0.00449	0.00325	0.00269	0.03744
59	0.05051	0.08588	0.11473	0.00961	0.06111	0.08409	0.06511	0.16047	0.11331	0.06271	0.10099	0.01215	0.02081	0.00469	0.00390	0.00117	0.01490	0.00381	0.00299	0.02708
60	0.05493	0.14469	0.11959	0.02230	0.06832	0.07740	0.03236	0.15610	0.06682	0.12437	0.01656	0.01929	0.02046	0.00431	0.00366	0.00112	0.01229	0.00335	0.00285	0.04923
61	0.09951	0.05460	0.03719	0.02230	0.11914	0.06094	0.02926	0.07902	0.12938	0.11418	0.04923	0.10442	0.03493	0.00554	0.00417	0.00125	0.03417	0.00455	0.00312	0.01312
62	0.02611	0.05209	0.09022	0.05865	0.15415	0.02427	0.05277	0.08251	0.12636	0.11151	0.07780	0.03624	0.02026	0.00495	0.00446	0.00125	0.05482	0.00413	0.00296	0.01449

[dist]
# distance from previous block
# <min> <max>
0	83

[block]
# block no. 5 follows, 69 sequences, length 32
# corresponding to MSA columns:
# 265-296
name=unknown_F
#
# <colnr> <probs for GDERKNQSTAVLIFYWHMCP>
#	G	D	E	R	K	N	Q	S	T	A	V	L	I	F	Y	W	H	M	C	P
0	0.04999	0.10567	0.09108	0.04140	0.06512	0.10017	0.02024	0.14561	0.08648	0.14968	0.02544	0.02286	0.02070	0.00454	0.00387	0.00116	0.02426	0.00351	0.00300	0.03522
1	0.06045	0.08818	0.10125	0.06092	0.10062	0.07747	0.00781	0.10519	0.05549	0.12163	0.06124	0.02646	0.03705	0.00479	0.00386	0.00117	0.01820	0.01642	0.00290	0.04890
2	0.05021	0.06691	0.12477	0.08644	0.20338	0.07046	0.03652	0.06101	0.03148	0.04355	0.05481	0.01241	0.04284	0.05523	0.00482	0.00132	0.01527	0.00376	0.00242	0.03237
3	0.07538	0.08110	0.06145	0.05085	0.24379	0.08295	0.03179	0.06335	0.03121	0.06348	0.04001	0.07229	0.02300	0.02149	0.00408	0.00123	0.00432	0.01666	0.00258	0.02901
4	0.08563	0.10662	0.02678	0.13184	0.14680	0.05300	0.00782	0.04452	0.06786	0.05288	0.02514	0.07424	0.03156	0.00551	0.00440	0.00128	0.05756	0.06904	0.00262	0.00491
5	0.00910	0.12455	0.05981	0.06655	0.19278	0.02423	0.02161	0.05881	0.03020	0.06442	0.08500	0.06819	0.06819	0.00632	0.02845	0.00138	0.04646	0.03619	0.00272	0.00502
6	0.06124	0.03139	0.12444	0.00807	0.01974	0.08414	0.07772	0.06290	0.00937	0.08239	0.07295	0.17602	0.05782	0.05247	0.00490	0.00137	0.00400	0.00538	0.00295	0.06075
7	0.00972	0.21549	0.22091	0.00829	0.02289	0.02365	0.00818	0.14819	0.05447	0.04663	0.04057	0.10302	0.03011	0.02452	0.00409	0.00124	0.00421	0.02584	0.00273	0.00525
8	0.01111	0.62430	0.04595	0.00731	0.01049	0.08881	0.00697	0.08725	0.00944	0.02892	0.04306	0.00789	0.00670	0.00379	0.00290	0.00092	0.00439	0.00256	0.00210	0.00514
9	0.03028	0.03671	0.05559	0.02361	0.05921	0.04816	0.02364	0.03497	0.02121	0.05593	0.00803	0.03759	0.00668	0.00361	0.00324	0.00082	0.00359	0.00294	0.00246	0.54170
10	0.02135	0.09713	0.06379	0.03863	0.03061	0.03244	0.15301	0.00941	0.00901	0.03050	0.20990	0.09588	0.10256	0.06046	0.02693	0.00154	0.00400	0.00569	0.00290	0.00427
11	0.00618	0.00514	0.02583	0.00676	0.04017	0.02610	0.00480	0.06615	0.00879	0.01158	0.04415	0.58115	0.07093	0.01058	0.00481	0.00151	0.00281	0.07533	0.00352	0.00371
12	0.06645	0.06698	0.10493	0.03363	0.26053	0.00848	0.08343	0.03339	0.02848	0.13437	0.03662	0.03340	0.04191	0.01961	0.02976	0.00140	0.00451	0.00400	0.00265	0.00549
13	0.00835	0.01339	0.38280	0.21967	0.07556	0.02325	0.03536	0.02557	0.00840	0.03403	0.02705	0.02631	0.00657	0.00435	0.00462	0.00129	0.07756	0.00348	0.01720	0.00520
14	0.00743	0.00539	0.00572	0.00530	0.00686	0.03028	0.00403	0.01004	0.13137	0.11385	0.12296	0.06155	0.44293	0.02867	0.00480	0.00136	0.00251	0.00691	0.00384	0.00421
15	0.09043	0.00611	0.02611	0.00673	0.02190	0.02015	0.00512	0.12481	0.02192	0.06803	0.02701	0.34735	0.01670	0.06471	0.06316	0.00192	0.00369	0.07657	0.00337	0.00421
16	0.03451	0.01066	0.13349	0.01111	0.13135	0.07807	0.08559	0.09925	0.03381	0.17552	0.04415	0.04208	0.03715	0.00468	0.00391	0.00118	0.00443	0.00402	0.00300	0.06204
17	0.01031	0.01093	0.01055	0.03395	0.05969	0.27920	0.00748	0.02852	0.00829	0.02841	0.00737	0.02703	0.00692	0.07967	0.08679	0.00202	0.30290	0.00357	0.00207	0.00434
18	0.00794	0.01977	0.80286	0.01122	0.01689	0.00914	0.03311	0.01262	0.02805	0.01251	0.00727	0.00848	0.00516	0.00375	0.00375	0.00125	0.00575	0.00297	0.00172	0.00579
19	0.00755	0.00713	0.01207	0.60401	0.13626	0.00827	0.04825	0.01003	0.00831	0.01091	0.06065	0.01289	0.04854	0.00439	0.00403	0.00128	0.00484	0.00400	0.00204	0.00456
20	0.00995	0.06388	0.15127	0.00800	0.01080	0.11943	0.02907	0.08749	0.05460	0.08407	0.12953	0.01491	0.05997	0.00589	0.02796	0.00129	0.01743	0.02485	0.01940	0.08020
21	0.00682	0.00503	0.00601	0.00597	0.00697	0.00496	0.00430	0.15537	0.00970	0.01299	0.04956	0.55260	0.07765	0.03663	0.00514	0.00151	0.00269	0.00884	0.00362	0.04366
22	0.00645	0.00461	0.00589	0.00571	0.00687	0.00435	0.03067	0.00846	0.07878	0.07299	0.14159	0.29207	0.24822	0.02445	0.02281	0.00155	0.00267	0.03423	0.00375	0.00388
23	0.01103	0.75225	0.01929	0.00716	0.01034	0.12586	0.00682	0.01226	0.00838	0.00927	0.00553	0.00639	0.00503	0.00345	0.00265	0.00086	0.00457	0.00215	0.00172	0.00497
24	0.00859	0.00863	0.01229	0.01045	0.01055	0.01196	0.02914	0.00951	0.00609	0.00951	0.00522	0.00863	0.00517	0.00677	0.01266	0.00171	0.83364	0.00346	0.00172	0.00431
25	0.01452	0.04474	0.01142	0.00997	0.01206	0.79999	0.00754	0.03562	0.01119	0.00996	0.00612	0.00710	0.00509	0.00404	0.00351	0.00101	0.00691	0.00254	0.00206	0.00461
26	0.01298	0.00924	0.01097	0.04186	0.10138	0.01000	0.00746	0.41989	0.14990	0.12109	0.02570	0.01216	0.00882	0.00487	0.00395	0.00122	0.00395	0.02384	0.02447	0.00626
27	0.01278	0.00791	0.04150	0.00740	0.00991	0.00755	0.00620	0.29712	0.01299	0.28449	0.09938	0.08707	0.02757	0.00677	0.02978	0.00141	0.00371	0.03428	0.01644	0.00572
28	0.00487	0.00348	0.00465	0.00556	0.00583	0.00326	0.00380	0.00562	0.00760	0.01011	0.02156	0.81131	0.02573	0.01220	0.00503	0.00160	0.00235	0.05860	0.00364	0.00321
29	0.00757	0.00723	0.01206	0.74193	0.02505	0.00909	0.03035	0.01002	0.00768	0.01002	0.00680	0.01025	0.00523	0.00422	0.00490	0.00135	0.09663	0.00351	0.00174	0.00437
30	0.88991	0.00758	0.00576	0.00516	0.00758	0.00879	0.00425	0.01152	0.00667	0.01759	0.00546	0.00637	0.00425	0.00364	0.00243	0.00121	0.00303	0.00212	0.00243	0.00425
31	0.02528	0.01051	0.01061	0.00861	0.01135	0.07484	0.00694	0.48915	0.22865	0.05768	0.01133	0.02850	0.00843	0.00497	0.00391	0.00121	0.00411	0.00385	0.00381	0.00628

[dist]
# distance from previous block
# <min> <max>
0	1

[block]
# block no. 6 follows, 69 sequences, length 16
# corresponding to MSA columns:
# 298-313
name=unknown_G
#
# <colnr> <probs for GDERKNQSTAVLIFYWHMCP>
#	G	D	E	R	K	N	Q	S	T	A	V	L	I	F	Y	W	H	M	C	P
0	0.00960	0.00921	0.01572	0.06161	0.80103	0.00929	0.01198	0.01194	0.00888	0.01268	0.00736	0.00974	0.00617	0.00351	0.00388	0.00117	0.00468	0.00349	0.00193	0.00613
1	0.01000	0.01006	0.00889	0.00817	0.05205	0.25444	0.00588	0.04117	0.04230	0.03011	0.01022	0.17511	0.00991	0.00531	0.00366	0.00100	0.00417	0.00433	0.00265	0.32057
2	0.00615	0.00537	0.00586	0.03992	0.03279	0.03673	0.00435	0.00871	0.11108	0.01260	0.23349	0.04646	0.42538	0.00826	0.00447	0.00129	0.00250	0.00700	0.00366	0.00394
3	0.01138	0.49796	0.05617	0.00793	0.01080	0.28351	0.00718	0.01272	0.00909	0.00973	0.03337	0.03102	0.00666	0.00399	0.00304	0.00095	0.00507	0.00269	0.00193	0.00482
4	0.00560	0.00377	0.00437	0.00446	0.00451	0.00377	0.00259	0.00572	0.00591	0.00790	0.01324	0.11082	0.01530	0.74731	0.04599	0.00366	0.00387	0.00621	0.00250	0.00250
5	0.33399	0.01025	0.01005	0.00928	0.08818	0.10293	0.02211	0.30158	0.01169	0.03613	0.00736	0.00815	0.00556	0.00418	0.00364	0.00119	0.03252	0.00293	0.00289	0.00540
6	0.05432	0.00835	0.00834	0.00751	0.00901	0.15835	0.02166	0.14609	0.03422	0.01243	0.00949	0.01294	0.00840	0.06908	0.41765	0.00383	0.00775	0.00379	0.00248	0.00431
7	0.00583	0.00379	0.00504	0.00542	0.00602	0.00349	0.00380	0.00689	0.00873	0.06633	0.24205	0.57858	0.02786	0.01063	0.00483	0.00147	0.00223	0.00957	0.00390	0.00355
8	0.08262	0.00537	0.00646	0.03945	0.00795	0.00521	0.03428	0.07467	0.01007	0.06852	0.22281	0.08029	0.33181	0.00783	0.00433	0.00129	0.00264	0.00665	0.00367	0.00409
9	0.01092	0.06232	0.06900	0.07440	0.42574	0.00997	0.02193	0.16224	0.04650	0.06660	0.00847	0.00985	0.00654	0.00391	0.00382	0.00117	0.00456	0.00346	0.00253	0.00608
10	0.00916	0.43575	0.25345	0.00931	0.01332	0.01202	0.13487	0.01165	0.00832	0.01074	0.00854	0.00959	0.05998	0.00389	0.00333	0.00106	0.00488	0.00312	0.00185	0.00517
11	0.01286	0.00613	0.00744	0.00610	0.00832	0.00587	0.00490	0.09721	0.06116	0.40164	0.06098	0.01500	0.03558	0.00511	0.00366	0.00114	0.00287	0.00415	0.25436	0.00552
12	0.00860	0.06024	0.42284	0.01490	0.25904	0.00956	0.06958	0.01192	0.00833	0.01210	0.00714	0.00903	0.00559	0.00471	0.03517	0.00141	0.04913	0.00323	0.00178	0.00568
13	0.02293	0.00621	0.00990	0.14949	0.11596	0.01868	0.10865	0.00889	0.03807	0.01091	0.01408	0.33377	0.03049	0.03467	0.07731	0.00190	0.00447	0.00675	0.00270	0.00418
14	0.03206	0.00784	0.05275	0.03913	0.32741	0.03776	0.00788	0.03451	0.02813	0.01199	0.06523	0.11003	0.01258	0.16338	0.01888	0.00181	0.00416	0.03725	0.00254	0.00468
15	0.00588	0.00444	0.00516	0.00519	0.00625	0.00423	0.00385	0.05215	0.03592	0.02590	0.09209	0.24564	0.35477	0.04529	0.06084	0.00182	0.00294	0.04042	0.00359	0.00363

[dist]
# distance from previous block
# <min> <max>
0	1

[block]
# block no. 7 follows, 69 sequences, length 9
# corresponding to MSA columns:
# 315-323
name=unknown_H
#
# <colnr> <probs for GDERKNQSTAVLIFYWHMCP>
#	G	D	E	R	K	N	Q	S	T	A	V	L	I	F	Y	W	H	M	C	P
0	0.00990	0.07266	0.03925	0.12576	0.18035	0.03791	0.18277	0.07046	0.03603	0.03959	0.00753	0.00967	0.00601	0.00433	0.00557	0.00130	0.15981	0.00362	0.00216	0.00531
1	0.00997	0.02384	0.12999	0.01058	0.06984	0.03269	0.12914	0.17180	0.02730	0.05569	0.02984	0.12158	0.00953	0.00532	0.00471	0.00124	0.06992	0.00455	0.00278	0.08967
2	0.00759	0.00634	0.00753	0.00881	0.12873	0.06384	0.00557	0.05610	0.06930	0.03554	0.01806	0.40121	0.08366	0.05733	0.00540	0.00155	0.00327	0.03267	0.00328	0.00422
3	0.07773	0.00916	0.01439	0.02050	0.66836	0.00923	0.01068	0.06833	0.00937	0.01400	0.00734	0.00933	0.00607	0.00355	0.00372	0.00114	0.00441	0.00332	0.00214	0.05721
4	0.05955	0.03780	0.09106	0.17807	0.12890	0.03841	0.12060	0.14704	0.06208	0.08564	0.00870	0.01003	0.00642	0.00403	0.00386	0.00122	0.00485	0.00354	0.00261	0.00559
5	0.01179	0.03184	0.02885	0.01052	0.09654	0.07672	0.10637	0.27578	0.05384	0.09295	0.01251	0.01282	0.09452	0.00476	0.00393	0.00115	0.00437	0.00402	0.00316	0.07355
6	0.05639	0.02443	0.01110	0.07451	0.18986	0.00840	0.04049	0.13928	0.11324	0.15308	0.01219	0.09770	0.02132	0.02001	0.00427	0.00131	0.00391	0.01966	0.00323	0.00560
7	0.00996	0.00843	0.01097	0.15250	0.21075	0.06637	0.00817	0.10202	0.06602	0.07709	0.05429	0.01294	0.05117	0.00629	0.05897	0.00152	0.03155	0.00393	0.00274	0.06433
8	0.09075	0.00889	0.00985	0.10130	0.03741	0.07502	0.02373	0.26626	0.07512	0.08845	0.03816	0.10147	0.01032	0.00553	0.00394	0.00125	0.00405	0.02989	0.00332	0.02530

[dist]
# distance from previous block
# <min> <max>
5	59

[block]
# block no. 8 follows, 69 sequences, length 39
# corresponding to MSA columns:
# 383-421
name=unknown_I
#
# <colnr> <probs for GDERKNQSTAVLIFYWHMCP>
#	G	D	E	R	K	N	Q	S	T	A	V	L	I	F	Y	W	H	M	C	P
0	0.04334	0.06441	0.03701	0.09211	0.26096	0.06528	0.06063	0.11461	0.08677	0.06923	0.01939	0.01012	0.00703	0.00410	0.00399	0.00118	0.02541	0.00348	0.00259	0.02837
1	0.07843	0.06038	0.01054	0.06301	0.07955	0.05822	0.01713	0.19074	0.06174	0.08990	0.05169	0.01254	0.06973	0.00479	0.00396	0.00113	0.03025	0.00376	0.00306	0.10944
2	0.23341	0.02350	0.00926	0.02653	0.05668	0.03942	0.02332	0.07488	0.06729	0.17551	0.10316	0.06187	0.02800	0.01813	0.00444	0.00143	0.02028	0.00448	0.00362	0.02479
3	0.00995	0.00816	0.01205	0.15589	0.19301	0.01888	0.07404	0.07839	0.03792	0.09578	0.02800	0.02883	0.00761	0.00408	0.00396	0.00110	0.02257	0.00362	0.00261	0.21354
4	0.07645	0.00960	0.01245	0.16615	0.31111	0.14069	0.05585	0.01163	0.00890	0.02356	0.02001	0.03041	0.03731	0.00452	0.00398	0.00122	0.01520	0.04029	0.00221	0.02849
5	0.00981	0.00954	0.01560	0.03804	0.69417	0.03730	0.05792	0.03161	0.02081	0.01304	0.02956	0.01026	0.00705	0.00368	0.00394	0.00118	0.00476	0.00364	0.00208	0.00601
6	0.01017	0.50048	0.11740	0.00978	0.03226	0.03800	0.16804	0.03966	0.03061	0.01106	0.00660	0.00779	0.00547	0.00351	0.00322	0.00102	0.00493	0.00284	0.00189	0.00527
7	0.00813	0.00697	0.00813	0.00581	0.00929	0.00523	0.00465	0.00987	0.00813	0.01277	0.00697	0.00813	0.00581	0.00290	0.00290	0.00058	0.00290	0.00232	0.00232	0.88619
8	0.00469	0.00396	0.00405	0.00406	0.00534	0.00333	0.00303	0.00572	0.00902	0.01086	0.08294	0.05633	0.77356	0.00988	0.00464	0.00133	0.00198	0.00828	0.00368	0.00333
9	0.00463	0.00397	0.00397	0.00397	0.00530	0.00331	0.00298	0.00563	0.00894	0.01059	0.03971	0.03773	0.83618	0.00993	0.00463	0.00132	0.00199	0.00827	0.00364	0.00331
10	0.00484	0.00366	0.00449	0.00508	0.00570	0.00331	0.00358	0.00572	0.00815	0.01049	0.05719	0.53675	0.27153	0.01133	0.00490	0.00151	0.00224	0.05258	0.00366	0.00326
11	0.00487	0.00383	0.00440	0.00457	0.00552	0.00336	0.00331	0.00597	0.00904	0.01157	0.20990	0.25033	0.44916	0.01012	0.00473	0.00137	0.00203	0.00876	0.00379	0.00336
12	0.01208	0.00931	0.01025	0.00768	0.01096	0.00927	0.00628	0.48520	0.01414	0.01974	0.00839	0.00888	0.00631	0.00396	0.00350	0.00093	0.00373	0.00303	0.00326	0.37312
13	0.01101	0.00867	0.00967	0.00717	0.01051	0.00817	0.00584	0.35621	0.01251	0.01785	0.00801	0.00867	0.00617	0.00367	0.00334	0.00083	0.00350	0.00284	0.00300	0.51235
14	0.01672	0.00806	0.00996	0.00763	0.01070	0.00782	0.00631	0.27882	0.01355	0.57748	0.01351	0.01208	0.00873	0.00481	0.00394	0.00120	0.00365	0.00381	0.00455	0.00667
15	0.01519	0.00733	0.00914	0.00729	0.01011	0.00705	0.00592	0.07957	0.18980	0.56216	0.01500	0.02850	0.01015	0.00502	0.00394	0.00123	0.00333	0.00410	0.00450	0.03067
16	0.01340	0.01016	0.01084	0.00859	0.01146	0.01129	0.00701	0.62268	0.18799	0.02239	0.01203	0.01167	0.04203	0.00505	0.00397	0.00121	0.00396	0.00391	0.00392	0.00643
17	0.01591	0.00937	0.01077	0.00826	0.01135	0.00977	0.00682	0.52368	0.01574	0.32953	0.01167	0.01088	0.00780	0.00476	0.00393	0.00119	0.00395	0.00368	0.00427	0.00667
18	0.00494	0.00375	0.00458	0.00506	0.00578	0.00339	0.00365	0.00594	0.00848	0.01095	0.11352	0.43510	0.29240	0.01094	0.00488	0.00148	0.00225	0.07591	0.00371	0.00331
19	0.00508	0.00368	0.00442	0.00483	0.00525	0.00343	0.00319	0.00569	0.00742	0.00966	0.05260	0.40666	0.18270	0.26054	0.00930	0.00218	0.00267	0.02441	0.00329	0.00300
20	0.01172	0.00991	0.01036	0.03993	0.01180	0.08118	0.03115	0.23140	0.46083	0.04930	0.01280	0.01229	0.00947	0.00492	0.00395	0.00126	0.00395	0.00398	0.00369	0.00611
21	0.00551	0.00410	0.00526	0.00587	0.00667	0.00390	0.00462	0.00699	0.02603	0.01129	0.07472	0.30350	0.18884	0.01083	0.00505	0.00159	0.00273	0.32535	0.00368	0.00347
22	0.03837	0.02295	0.01049	0.00818	0.01107	0.09778	0.00666	0.35301	0.07692	0.31651	0.01158	0.01086	0.00791	0.00469	0.00383	0.00118	0.00412	0.00358	0.00399	0.00632
23	0.01464	0.01868	0.01111	0.01010	0.01212	0.84648	0.00757	0.01565	0.01111	0.00959	0.00606	0.00707	0.00505	0.00404	0.00353	0.00101	0.00707	0.00252	0.00202	0.00454
24	0.00487	0.00398	0.00429	0.00422	0.00544	0.00341	0.00316	0.00608	0.00949	0.01190	0.24242	0.03558	0.63266	0.00944	0.00463	0.00130	0.00195	0.00797	0.00381	0.00341
25	0.00950	0.00919	0.01595	0.08942	0.73215	0.00930	0.05296	0.01190	0.00886	0.01257	0.00737	0.00981	0.00612	0.00352	0.00392	0.00118	0.00480	0.00355	0.00193	0.00602
26	0.02029	0.07720	0.31832	0.02175	0.03984	0.00951	0.29129	0.05166	0.00926	0.07069	0.00836	0.02612	0.00630	0.00386	0.00396	0.00123	0.00547	0.00373	0.02563	0.00553
27	0.00570	0.00380	0.00428	0.00428	0.00428	0.00380	0.00238	0.00570	0.00570	0.00760	0.01235	0.02566	0.01425	0.86222	0.01995	0.00380	0.00380	0.00570	0.00238	0.00238
28	0.00482	0.00343	0.00454	0.00540	0.00562	0.00321	0.00358	0.00547	0.00742	0.00990	0.02119	0.82167	0.02540	0.05101	0.00569	0.00169	0.00234	0.01090	0.00358	0.00315
29	0.00816	0.04198	0.56954	0.01121	0.01595	0.02440	0.13405	0.02749	0.00866	0.01237	0.01986	0.04832	0.02275	0.00443	0.00407	0.00127	0.01732	0.02077	0.00196	0.00543
30	0.03973	0.28936	0.24154	0.00921	0.01271	0.23996	0.03958	0.02307	0.00899	0.01081	0.00660	0.02404	0.00554	0.00435	0.01850	0.00115	0.01517	0.00278	0.00188	0.00504
31	0.49741	0.00910	0.02417	0.00684	0.00963	0.00997	0.00575	0.32637	0.01145	0.05540	0.00745	0.00788	0.00543	0.00411	0.00309	0.00120	0.00359	0.00276	0.00309	0.00532
32	0.00861	0.00865	0.02734	0.19580	0.32566	0.03543	0.15516	0.01132	0.03102	0.01261	0.13816	0.01313	0.01090	0.00433	0.00413	0.00123	0.00474	0.00425	0.00233	0.00519
33	0.00566	0.00397	0.00513	0.00513	0.00542	0.00426	0.00344	0.00625	0.00595	0.00823	0.01157	0.02134	0.01238	0.51165	0.36797	0.00485	0.00662	0.00507	0.00226	0.00285
34	0.00659	0.02916	0.03987	0.00563	0.00716	0.00529	0.00456	0.03086	0.13328	0.02587	0.36268	0.06864	0.22825	0.00787	0.00442	0.00128	0.00243	0.01787	0.01411	0.00419
35	0.01079	0.17993	0.19322	0.00927	0.01233	0.18497	0.02351	0.09159	0.04160	0.02393	0.00702	0.00823	0.00565	0.00457	0.01484	0.00120	0.12250	0.00288	0.00215	0.05982
36	0.00886	0.00724	0.00853	0.00660	0.03113	0.00600	0.00510	0.09256	0.02167	0.02829	0.06585	0.00997	0.00826	0.00353	0.00319	0.00072	0.00303	0.00287	0.00268	0.68391
37	0.02153	0.03164	0.01145	0.23130	0.06538	0.10366	0.05143	0.15875	0.09118	0.03731	0.06343	0.03641	0.00985	0.00507	0.00421	0.00127	0.02315	0.04506	0.00282	0.00510
38	0.00989	0.33436	0.06912	0.03168	0.05924	0.01982	0.04390	0.06111	0.04880	0.05168	0.05739	0.02844	0.00849	0.00414	0.00332	0.00099	0.00401	0.01263	0.00244	0.14857

[dist]
# distance from previous block
# <min> <max>
2	11

[block]
# block no. 9 follows, 69 sequences, length 9
# corresponding to MSA columns:
# 433-441
name=unknown_J
#
# <colnr> <probs for GDERKNQSTAVLIFYWHMCP>
#	G	D	E	R	K	N	Q	S	T	A	V	L	I	F	Y	W	H	M	C	P
0	0.04825	0.11581	0.06774	0.01016	0.04204	0.10399	0.11308	0.14990	0.05311	0.07728	0.00812	0.00929	0.00631	0.00503	0.02522	0.00134	0.12744	0.00333	0.00257	0.03000
1	0.09176	0.02798	0.01093	0.00959	0.06707	0.22230	0.03088	0.29916	0.05204	0.03132	0.00969	0.04712	0.03167	0.00473	0.00370	0.00114	0.00468	0.00362	0.00299	0.04762
2	0.23161	0.37295	0.04154	0.00747	0.01028	0.25824	0.00661	0.01286	0.00858	0.01153	0.00568	0.00661	0.00484	0.00364	0.00283	0.00100	0.00480	0.00226	0.00196	0.00472
3	0.00522	0.00381	0.00490	0.00533	0.00597	0.00355	0.00390	0.00638	0.00877	0.01174	0.23938	0.38757	0.12841	0.04643	0.00554	0.00159	0.00238	0.12202	0.00376	0.00336
4	0.00620	0.00497	0.00646	0.03107	0.00770	0.00497	0.03636	0.00935	0.14931	0.01375	0.37594	0.20366	0.11817	0.00838	0.00458	0.00134	0.00246	0.00743	0.00387	0.00405
5	0.00930	0.00829	0.01047	0.06495	0.07750	0.05650	0.09321	0.04198	0.34095	0.04168	0.03328	0.01768	0.08948	0.04166	0.00485	0.00142	0.00394	0.05434	0.00326	0.00527
6	0.00588	0.00408	0.00487	0.00475	0.00588	0.00360	0.00353	0.00716	0.00964	0.06959	0.31856	0.15945	0.37009	0.00926	0.00464	0.00133	0.00207	0.00800	0.00396	0.00366
7	0.00997	0.03339	0.16536	0.02506	0.01195	0.15977	0.05884	0.08819	0.12182	0.04615	0.13595	0.03056	0.05413	0.00535	0.00432	0.00123	0.03555	0.00433	0.00294	0.00511
8	0.00865	0.00836	0.01350	0.28622	0.34780	0.00987	0.01071	0.01066	0.00777	0.01098	0.00663	0.00963	0.00560	0.00457	0.00639	0.00136	0.24096	0.00347	0.00181	0.00508

[dist]
# distance from previous block
# <min> <max>
7	18

[block]
# block no. 10 follows, 69 sequences, length 10
# corresponding to MSA columns:
# 461-470
name=unknown_K
#
# <colnr> <probs for GDERKNQSTAVLIFYWHMCP>
#	G	D	E	R	K	N	Q	S	T	A	V	L	I	F	Y	W	H	M	C	P
0	0.00662	0.00586	0.00937	0.00785	0.00945	0.00569	0.18167	0.02677	0.00916	0.02693	0.16445	0.16040	0.25267	0.00854	0.02202	0.00149	0.06104	0.03274	0.00327	0.00400
1	0.00949	0.00899	0.01400	0.23538	0.40275	0.03624	0.06211	0.06948	0.07754	0.01304	0.00845	0.03001	0.00687	0.00405	0.00397	0.00123	0.00480	0.00379	0.00224	0.00558
2	0.00537	0.00386	0.00434	0.00438	0.00479	0.00372	0.00276	0.00576	0.00669	0.00861	0.01999	0.06124	0.23658	0.54128	0.07171	0.00321	0.00371	0.00651	0.00275	0.00274
3	0.00674	0.00496	0.00584	0.00618	0.00710	0.04632	0.00478	0.00826	0.02950	0.06300	0.12923	0.32366	0.09140	0.01004	0.00488	0.00153	0.00292	0.24620	0.00372	0.00375
4	0.00524	0.00398	0.00474	0.00456	0.00556	0.00357	0.00337	0.00668	0.01002	0.01345	0.50972	0.03198	0.31156	0.06169	0.00558	0.00142	0.00202	0.00741	0.00396	0.00348
5	0.00685	0.00429	0.00566	0.00515	0.00630	0.00392	0.00392	0.00866	0.01111	0.10468	0.74723	0.02757	0.03405	0.00767	0.00455	0.00123	0.00201	0.00675	0.00437	0.00402
6	0.01249	0.46180	0.01614	0.00819	0.01104	0.30667	0.00710	0.11403	0.01037	0.01128	0.00616	0.00695	0.00524	0.00376	0.00305	0.00094	0.00522	0.00242	0.00208	0.00506
7	0.01470	0.01718	0.01124	0.00989	0.01213	0.68352	0.00755	0.17368	0.01254	0.01255	0.00671	0.00753	0.00537	0.00417	0.00361	0.00104	0.00653	0.00272	0.00239	0.00496
8	0.00830	0.00673	0.00767	0.00692	0.00855	0.00750	0.00538	0.01490	0.44306	0.04145	0.27775	0.02009	0.06368	0.00652	0.00483	0.00132	0.06087	0.00540	0.00395	0.00513
9	0.00849	0.24230	0.30778	0.29167	0.05429	0.01070	0.01109	0.01142	0.00808	0.01077	0.00660	0.00853	0.00512	0.00368	0.00347	0.00115	0.00512	0.00290	0.00170	0.00513

[dist]
# distance from previous block
# <min> <max>
2	4

[block]
# block no. 11 follows, 69 sequences, length 63
# corresponding to MSA columns:
# 475-499,501-529,531-539
name=unknown_L
#
# <colnr> <probs for GDERKNQSTAVLIFYWHMCP>
#	G	D	E	R	K	N	Q	S	T	A	V	L	I	F	Y	W	H	M	C	P
0	0.00990	0.00965	0.01583	0.04092	0.75076	0.03762	0.03855	0.02662	0.00916	0.01284	0.00738	0.00965	0.00615	0.00354	0.00390	0.00117	0.00481	0.00350	0.00198	0.00609
1	0.00887	0.00715	0.00864	0.00636	0.00964	0.00577	0.02531	0.06758	0.00908	0.04721	0.02391	0.02405	0.00740	0.00358	0.00319	0.00073	0.00310	0.02415	0.00262	0.71164
2	0.00803	0.06543	0.78006	0.01105	0.01667	0.00947	0.03157	0.01238	0.00828	0.01225	0.00697	0.00822	0.00499	0.00370	0.00368	0.00122	0.00573	0.00289	0.00166	0.00574
3	0.00580	0.00452	0.00641	0.00639	0.00711	0.02368	0.00496	0.00719	0.00641	0.00911	0.01040	0.01522	0.00969	0.02884	0.82787	0.00618	0.01042	0.00416	0.00210	0.00352
4	0.00681	0.00340	0.00511	0.00511	0.00511	0.00340	0.00340	0.00511	0.00511	0.00681	0.00681	0.01192	0.00681	0.01362	0.01532	0.88594	0.00340	0.00340	0.00170	0.00170
5	0.01089	0.69901	0.05367	0.00736	0.01062	0.12181	0.00713	0.01250	0.02889	0.00958	0.00586	0.00668	0.00520	0.00351	0.00273	0.00089	0.00460	0.00224	0.00178	0.00503
6	0.00754	0.00719	0.01175	0.83676	0.02672	0.02465	0.01082	0.01012	0.00790	0.01001	0.00695	0.01039	0.00522	0.00392	0.00391	0.00130	0.00526	0.00347	0.00175	0.00436
7	0.00566	0.00413	0.00534	0.00504	0.00599	0.00387	0.00378	0.00777	0.03639	0.01561	0.79215	0.04736	0.03597	0.00803	0.00461	0.00124	0.00190	0.00710	0.00429	0.00377
8	0.00538	0.00399	0.00489	0.00466	0.00568	0.00360	0.00350	0.00703	0.01049	0.01446	0.62048	0.03084	0.22667	0.00836	0.00457	0.00124	0.00188	0.00727	0.03139	0.00360
