[name]
unknown

[dist]
# distance from previous block
# <min> <max>
0	200

[block]
# block no. 0 follows, 61 sequences, length 24
# corresponding to MSA columns:
# 276-299
name=unknown_A
#
# <colnr> <probs for GDERKNQSTAVLIFYWHMCP>
#	G	D	E	R	K	N	Q	S	T	A	V	L	I	F	Y	W	H	M	C	P
0	0.01134	0.14186	0.10980	0.01182	0.12063	0.01044	0.08828	0.14884	0.02585	0.07049	0.04158	0.03664	0.02040	0.00497	0.00422	0.00123	0.01383	0.02821	0.00297	0.10662
1	0.03801	0.13427	0.12901	0.01202	0.14322	0.02484	0.04821	0.14201	0.09276	0.04537	0.02200	0.05841	0.00918	0.02747	0.01708	0.00143	0.00483	0.00420	0.00294	0.04273
2	0.09987	0.05589	0.14356	0.02006	0.03149	0.06940	0.00811	0.18133	0.11509	0.03387	0.05752	0.04338	0.03736	0.03645	0.00471	0.00140	0.00449	0.00430	0.00326	0.04849
3	0.02992	0.09993	0.01015	0.00779	0.02875	0.05200	0.06474	0.02371	0.01011	0.10492	0.17172	0.16264	0.09414	0.05180	0.03964	0.00172	0.00399	0.00654	0.00356	0.03222
4	0.00627	0.00493	0.00537	0.00521	0.00654	0.02121	0.00390	0.00805	0.03872	0.03786	0.28788	0.09434	0.44418	0.00995	0.00504	0.00143	0.00236	0.00848	0.00425	0.00401
5	0.01099	0.03894	0.01144	0.01069	0.15405	0.00847	0.00716	0.19012	0.01155	0.04124	0.00968	0.05181	0.00837	0.05141	0.00481	0.00118	0.00397	0.00381	0.00301	0.37732
6	0.01007	0.10597	0.20711	0.11665	0.18433	0.04709	0.03142	0.06153	0.06457	0.01407	0.05161	0.01216	0.02293	0.02001	0.00442	0.00133	0.00518	0.00387	0.00248	0.03321
7	0.01207	0.10770	0.21529	0.01376	0.20562	0.06021	0.01080	0.17554	0.01201	0.07655	0.03792	0.03559	0.00849	0.00477	0.00411	0.00127	0.00516	0.00388	0.00286	0.00640
8	0.00852	0.00760	0.01140	0.46825	0.04976	0.03839	0.04223	0.01138	0.04333	0.04334	0.13588	0.03300	0.07768	0.00576	0.00453	0.00141	0.00477	0.00509	0.00282	0.00486
9	0.00712	0.00511	0.00574	0.00538	0.00697	0.00463	0.00409	0.02416	0.06467	0.07972	0.18881	0.08485	0.46738	0.00961	0.00495	0.00143	0.00244	0.00814	0.00426	0.02053
10	0.03123	0.09678	0.16855	0.02558	0.07798	0.09127	0.03073	0.08375	0.08413	0.05108	0.09225	0.06398	0.05406	0.00592	0.00428	0.00133	0.00471	0.02360	0.00311	0.00567
11	0.02765	0.01172	0.01479	0.14958	0.35356	0.16910	0.03466	0.05252	0.02538	0.04496	0.00818	0.01034	0.00656	0.00446	0.00494	0.00133	0.06826	0.00368	0.00238	0.00596
12	0.03572	0.00752	0.00998	0.00771	0.01100	0.00671	0.00636	0.03832	0.04046	0.76312	0.01665	0.01447	0.01056	0.00532	0.00430	0.00134	0.00367	0.00430	0.00522	0.00726
13	0.00555	0.00425	0.00513	0.00521	0.00621	0.00383	0.00381	0.00695	0.01033	0.01367	0.34373	0.21053	0.31773	0.01130	0.03051	0.00165	0.00248	0.00912	0.00424	0.00378
14	0.03338	0.07701	0.17170	0.01194	0.06525	0.09726	0.10370	0.27322	0.05067	0.03611	0.01012	0.01091	0.02987	0.00468	0.00418	0.00129	0.00549	0.00382	0.00302	0.00636
15	0.05327	0.01630	0.43350	0.01283	0.04040	0.00981	0.18298	0.05255	0.01026	0.13327	0.00935	0.01045	0.00654	0.00421	0.00429	0.00137	0.00590	0.00377	0.00258	0.00636
16	0.00524	0.00378	0.00496	0.00591	0.00623	0.00351	0.00396	0.00601	0.00833	0.01103	0.02479	0.80326	0.07036	0.01336	0.00548	0.00173	0.00248	0.01208	0.00400	0.00351
17	0.03325	0.01019	0.06496	0.09996	0.16258	0.03418	0.08686	0.15429	0.10130	0.03121	0.03245	0.04143	0.09925	0.00619	0.02159	0.00149	0.00488	0.00493	0.00314	0.00588
18	0.03618	0.02781	0.06967	0.02230	0.61503	0.05304	0.03097	0.02609	0.01002	0.03952	0.00853	0.02617	0.00711	0.00413	0.00420	0.00129	0.00523	0.00387	0.00230	0.00655
19	0.00633	0.00430	0.00561	0.00561	0.00589	0.00459	0.00374	0.00674	0.00646	0.00890	0.01230	0.02271	0.01314	0.47325	0.32433	0.07833	0.00689	0.00544	0.00243	0.00301
20	0.02494	0.02201	0.07114	0.00784	0.04406	0.02930	0.00610	0.03327	0.12677	0.03890	0.13453	0.26409	0.13434	0.00933	0.01583	0.00157	0.00338	0.02398	0.00382	0.00479
21	0.02911	0.11932	0.15892	0.01410	0.21477	0.04106	0.05028	0.15639	0.04432	0.10016	0.01009	0.01094	0.02248	0.00449	0.00408	0.00127	0.00510	0.00372	0.00290	0.00650
22	0.02892	0.02239	0.08565	0.22932	0.24143	0.02558	0.05446	0.14521	0.05131	0.05668	0.00981	0.01190	0.00752	0.00481	0.00454	0.00146	0.00550	0.00407	0.00291	0.00653
23	0.01107	0.01429	0.24590	0.01657	0.20717	0.03381	0.22404	0.09689	0.01089	0.05316	0.00871	0.01050	0.00653	0.00416	0.00465	0.00135	0.02598	0.00396	0.00244	0.01794

[dist]
# distance from previous block
# <min> <max>
3	17

[block]
# block no. 1 follows, 61 sequences, length 7
# corresponding to MSA columns:
# 319-325
name=unknown_B
#
# <colnr> <probs for GDERKNQSTAVLIFYWHMCP>
#	G	D	E	R	K	N	Q	S	T	A	V	L	I	F	Y	W	H	M	C	P
0	0.04888	0.07097	0.10280	0.01618	0.36838	0.01001	0.01009	0.12348	0.01054	0.04428	0.00932	0.01294	0.00810	0.13796	0.00688	0.00173	0.00488	0.00400	0.00260	0.00601
1	0.01312	0.04050	0.03813	0.04459	0.23080	0.20390	0.04417	0.18910	0.06020	0.03974	0.00945	0.03471	0.00761	0.00472	0.00419	0.00126	0.00554	0.00388	0.00290	0.02149
2	0.00996	0.10676	0.01581	0.01134	0.01406	0.06479	0.28515	0.09541	0.05391	0.01421	0.04365	0.21248	0.01393	0.00680	0.00474	0.00144	0.00507	0.03215	0.00308	0.00526
3	0.00523	0.00383	0.00491	0.00577	0.00619	0.00352	0.00390	0.00602	0.00847	0.01109	0.02652	0.73340	0.13909	0.01313	0.00544	0.00171	0.00245	0.01180	0.00400	0.00352
4	0.00699	0.09104	0.03929	0.00590	0.00702	0.00595	0.00445	0.05293	0.00856	0.01110	0.02005	0.26710	0.14221	0.30585	0.01083	0.00243	0.00354	0.00781	0.00322	0.00374
5	0.12203	0.47967	0.15868	0.00825	0.01220	0.03940	0.00851	0.04837	0.00949	0.06848	0.00726	0.00801	0.00584	0.00400	0.00319	0.00110	0.00479	0.00268	0.00230	0.00575
6	0.09597	0.55603	0.12132	0.00812	0.01187	0.05481	0.00819	0.01398	0.07308	0.01213	0.00716	0.00797	0.00604	0.00398	0.00311	0.00107	0.00476	0.00265	0.00214	0.00563

[dist]
# distance from previous block
# <min> <max>
2	10

[block]
# block no. 2 follows, 61 sequences, length 15
# corresponding to MSA columns:
# 336-350
name=unknown_C
#
# <colnr> <probs for GDERKNQSTAVLIFYWHMCP>
#	G	D	E	R	K	N	Q	S	T	A	V	L	I	F	Y	W	H	M	C	P
0	0.06185	0.06981	0.04997	0.09404	0.21462	0.05711	0.03119	0.10199	0.04363	0.11613	0.04714	0.01398	0.06991	0.00509	0.00418	0.00130	0.00466	0.00426	0.00310	0.00601
1	0.03085	0.11003	0.05011	0.01224	0.09236	0.06951	0.17087	0.16124	0.05293	0.04427	0.00992	0.05413	0.00820	0.00566	0.03236	0.00144	0.00540	0.00421	0.00289	0.08138
2	0.00584	0.00411	0.00527	0.00571	0.00629	0.00385	0.00397	0.00689	0.00909	0.02692	0.19157	0.46033	0.09753	0.09751	0.03333	0.00205	0.00289	0.02925	0.00398	0.00363
3	0.00903	0.00955	0.06453	0.01143	0.01406	0.04332	0.29774	0.05171	0.06363	0.01310	0.04331	0.01590	0.01054	0.12721	0.20210	0.00309	0.00721	0.00495	0.00261	0.00498
4	0.00541	0.00392	0.00512	0.00587	0.00633	0.00363	0.00405	0.00640	0.00895	0.01198	0.13777	0.65683	0.07915	0.01262	0.00543	0.00168	0.00246	0.03469	0.00410	0.00360
5	0.00776	0.05013	0.03224	0.04377	0.06528	0.00756	0.21283	0.01065	0.07142	0.01293	0.04689	0.04104	0.36494	0.00737	0.00482	0.00142	0.00415	0.00672	0.00321	0.00487
6	0.00790	0.00483	0.00587	0.00547	0.00673	0.00439	0.00399	0.00934	0.02438	0.13671	0.27476	0.09852	0.22748	0.16089	0.00803	0.00192	0.00277	0.00764	0.00419	0.00419
7	0.00939	0.03268	0.08314	0.00882	0.01133	0.06257	0.06636	0.01606	0.35546	0.01628	0.25359	0.01955	0.03362	0.00634	0.00455	0.00138	0.00385	0.00547	0.00388	0.00567
8	0.01401	0.01389	0.01192	0.01162	0.10099	0.32946	0.00819	0.18512	0.15721	0.05129	0.01113	0.06601	0.00917	0.00542	0.00423	0.00128	0.00552	0.00420	0.00330	0.00602
9	0.01141	0.01101	0.01271	0.01565	0.33359	0.17162	0.00917	0.03423	0.12321	0.04750	0.10086	0.05058	0.01235	0.00529	0.00431	0.00128	0.00479	0.00455	0.00304	0.04284
10	0.02825	0.04564	0.05951	0.05171	0.50746	0.03276	0.01137	0.05770	0.08780	0.01495	0.03970	0.02630	0.00886	0.00451	0.00422	0.00130	0.00488	0.00408	0.00258	0.00644
11	0.01010	0.00713	0.00829	0.00717	0.00885	0.00748	0.00539	0.26837	0.01160	0.04709	0.01318	0.12150	0.01290	0.23938	0.14956	0.00304	0.00531	0.00563	0.00339	0.06466
12	0.00630	0.00446	0.00579	0.00566	0.00605	0.00449	0.02821	0.00675	0.00692	0.00926	0.01563	0.08359	0.06292	0.52908	0.14148	0.04102	0.00513	0.03149	0.00274	0.00303
13	0.01459	0.01190	0.01151	0.00951	0.01243	0.12394	0.00759	0.36899	0.29355	0.08092	0.01282	0.01230	0.00935	0.00532	0.00428	0.00133	0.00461	0.00410	0.00412	0.00683
14	0.22366	0.11395	0.09274	0.01151	0.13691	0.03128	0.04847	0.13945	0.08189	0.04524	0.00877	0.00965	0.00672	0.00431	0.00370	0.00126	0.00460	0.00334	0.00287	0.02967

[dist]
# distance from previous block
# <min> <max>
3	10

[block]
# block no. 3 follows, 61 sequences, length 9
# corresponding to MSA columns:
# 361-369
name=unknown_D
#
# <colnr> <probs for GDERKNQSTAVLIFYWHMCP>
#	G	D	E	R	K	N	Q	S	T	A	V	L	I	F	Y	W	H	M	C	P
0	0.00725	0.00546	0.00726	0.00702	0.00819	0.00539	0.04701	0.04672	0.09531	0.03695	0.15116	0.40259	0.07873	0.03413	0.00566	0.00167	0.00301	0.04806	0.00408	0.00436
1	0.00697	0.00508	0.00561	0.00535	0.00674	0.00468	0.00395	0.07741	0.01050	0.05211	0.09200	0.14762	0.46932	0.08514	0.00654	0.00171	0.00269	0.00849	0.00402	0.00406
2	0.01203	0.06148	0.05096	0.04399	0.31415	0.06695	0.04697	0.04428	0.06834	0.11865	0.00958	0.01093	0.00741	0.00450	0.00484	0.00129	0.06491	0.00375	0.00277	0.06223
3	0.00616	0.00476	0.00570	0.00581	0.00682	0.00459	0.00422	0.00880	0.10710	0.01410	0.29681	0.30804	0.18996	0.01046	0.00514	0.00152	0.00239	0.00921	0.00430	0.00412
4	0.01118	0.09158	0.08686	0.01445	0.25751	0.01006	0.06661	0.11535	0.03595	0.05125	0.00892	0.01059	0.00711	0.02415	0.00437	0.00121	0.00473	0.00356	0.00267	0.19190
5	0.01078	0.07142	0.01502	0.05802	0.25868	0.12180	0.01041	0.01236	0.00858	0.01153	0.00666	0.00950	0.00599	0.00556	0.00845	0.00151	0.37271	0.00356	0.00200	0.00545
6	0.01415	0.01008	0.01247	0.01187	0.16163	0.01010	0.00818	0.37258	0.01471	0.13967	0.01033	0.01073	0.00752	0.00452	0.00406	0.00115	0.00432	0.00365	0.00368	0.19460
7	0.00679	0.00480	0.00587	0.00564	0.00699	0.00429	0.00419	0.00808	0.00944	0.06450	0.14149	0.20782	0.26160	0.05225	0.08613	0.00209	0.00348	0.02551	0.00381	0.09524
8	0.00784	0.00699	0.00940	0.03210	0.03653	0.04898	0.06330	0.00963	0.04895	0.01067	0.01230	0.05541	0.02806	0.22160	0.24594	0.00375	0.12714	0.02474	0.00255	0.00413

[dist]
# distance from previous block
# <min> <max>
3	19

[block]
# block no. 4 follows, 61 sequences, length 13
# corresponding to MSA columns:
# 398-410
name=unknown_E
#
# <colnr> <probs for GDERKNQSTAVLIFYWHMCP>
#	G	D	E	R	K	N	Q	S	T	A	V	L	I	F	Y	W	H	M	C	P
0	0.01073	0.01010	0.01674	0.08257	0.70706	0.01034	0.01273	0.04819	0.03324	0.01454	0.00844	0.01086	0.00695	0.00399	0.00427	0.00130	0.00510	0.00387	0.00228	0.00670
1	0.00755	0.00610	0.00675	0.00633	0.00790	0.00630	0.00478	0.03702	0.26402	0.01544	0.23690	0.08621	0.24286	0.04550	0.00561	0.00157	0.00272	0.00735	0.00427	0.00481
2	0.00694	0.00400	0.00467	0.00505	0.00579	0.00383	0.00358	0.00834	0.00887	0.03491	0.04020	0.38878	0.04517	0.00911	0.00428	0.00137	0.00228	0.00797	0.41101	0.00386
3	0.00543	0.00391	0.00510	0.00578	0.00621	0.00363	0.00393	0.00640	0.00896	0.01207	0.16827	0.63773	0.06401	0.03965	0.00594	0.00174	0.00246	0.01111	0.00409	0.00358
4	0.00560	0.00429	0.00457	0.00455	0.00542	0.00387	0.00306	0.00632	0.00859	0.01069	0.07523	0.03584	0.46773	0.33254	0.01156	0.00249	0.00294	0.00793	0.00351	0.00327
5	0.00574	0.00428	0.00536	0.00566	0.00646	0.00397	0.00407	0.00737	0.03336	0.01364	0.31685	0.37671	0.15772	0.01111	0.00526	0.00156	0.00234	0.03042	0.00428	0.00384
6	0.01047	0.01079	0.01475	0.36210	0.36411	0.13974	0.01192	0.01293	0.00969	0.01224	0.00769	0.01055	0.00617	0.00413	0.00422	0.00132	0.00580	0.00367	0.00206	0.00569
7	0.01152	0.85121	0.02257	0.00737	0.01106	0.01704	0.00737	0.01290	0.00875	0.01013	0.00599	0.00691	0.00553	0.00369	0.00276	0.00092	0.00461	0.00230	0.00184	0.00553
8	0.08467	0.16202	0.07977	0.01272	0.09889	0.03116	0.18729	0.17004	0.03102	0.07355	0.00887	0.01004	0.00671	0.00430	0.00422	0.00128	0.02072	0.00371	0.00282	0.00620
9	0.00839	0.28747	0.01214	0.00693	0.00873	0.00926	0.02577	0.04519	0.02657	0.01205	0.09405	0.26580	0.06182	0.08086	0.00616	0.00160	0.03280	0.00679	0.00313	0.00451
10	0.03837	0.00572	0.00703	0.00770	0.09398	0.01752	0.00514	0.00955	0.01034	0.10947	0.18245	0.07493	0.34982	0.03242	0.00533	0.00151	0.00291	0.03731	0.00399	0.00453
11	0.09964	0.26389	0.03514	0.01086	0.15183	0.03974	0.00782	0.11276	0.06906	0.04431	0.02160	0.01229	0.03638	0.07148	0.00509	0.00143	0.00446	0.00370	0.00279	0.00574
12	0.01242	0.03757	0.16321	0.01613	0.29229	0.13817	0.02649	0.14226	0.06822	0.04854	0.00914	0.01033	0.00701	0.00438	0.00417	0.00128	0.00554	0.00363	0.00272	0.00650

[dist]
# distance from previous block
# <min> <max>
0	4

[block]
# block no. 5 follows, 61 sequences, length 6
# corresponding to MSA columns:
# 415-420
name=unknown_F
#
# <colnr> <probs for GDERKNQSTAVLIFYWHMCP>
#	G	D	E	R	K	N	Q	S	T	A	V	L	I	F	Y	W	H	M	C	P
0	0.04691	0.30524	0.29790	0.01160	0.05638	0.01250	0.12601	0.03630	0.00956	0.04912	0.00770	0.00898	0.00596	0.00395	0.00374	0.00121	0.00553	0.00322	0.00216	0.00602
1	0.00808	0.04067	0.12572	0.00841	0.01070	0.00683	0.08619	0.07211	0.03180	0.04508	0.05065	0.33977	0.12154	0.00908	0.00492	0.00153	0.00382	0.02476	0.00354	0.00480
2	0.00742	0.00581	0.03290	0.00665	0.00786	0.00554	0.00514	0.06533	0.04497	0.05071	0.11706	0.30388	0.11743	0.04884	0.13357	0.00249	0.02825	0.00808	0.00374	0.00432
3	0.07148	0.18848	0.32232	0.01038	0.01491	0.05247	0.06100	0.13293	0.01107	0.08422	0.00844	0.00925	0.00621	0.00426	0.00383	0.00125	0.00545	0.00325	0.00260	0.00620
4	0.04177	0.01284	0.21436	0.08485	0.16982	0.03506	0.14606	0.07276	0.02722	0.05793	0.03411	0.04858	0.02546	0.00487	0.00440	0.00137	0.00545	0.00445	0.00264	0.00600
5	0.06125	0.00491	0.00540	0.00551	0.00670	0.00466	0.00402	0.06161	0.00992	0.01329	0.07887	0.34268	0.36379	0.01093	0.00504	0.00154	0.00254	0.00943	0.00398	0.00393

[dist]
# distance from previous block
# <min> <max>
2	8

[block]
# block no. 6 follows, 61 sequences, length 13
# corresponding to MSA columns:
# 429-441
name=unknown_G
#
# <colnr> <probs for GDERKNQSTAVLIFYWHMCP>
#	G	D	E	R	K	N	Q	S	T	A	V	L	I	F	Y	W	H	M	C	P
0	0.00848	0.00721	0.00893	0.03497	0.07630	0.03493	0.04005	0.05653	0.03561	0.03930	0.07776	0.10005	0.25221	0.00726	0.00447	0.00125	0.00343	0.00624	0.00344	0.20160
1	0.01078	0.00953	0.02026	0.01118	0.14211	0.07372	0.00763	0.06690	0.24940	0.04893	0.06013	0.02814	0.02817	0.00667	0.04196	0.00154	0.05016	0.00444	0.02963	0.10872
2	0.00603	0.00529	0.03181	0.00613	0.00744	0.00450	0.03870	0.03216	0.01013	0.01325	0.19604	0.29697	0.31427	0.01060	0.00516	0.00152	0.00268	0.00932	0.00402	0.00398
3	0.09894	0.26209	0.05466	0.01009	0.07197	0.07961	0.05623	0.08523	0.05415	0.05660	0.04408	0.06260	0.00939	0.00510	0.00411	0.00124	0.03147	0.00396	0.00280	0.00566
4	0.01101	0.03141	0.22611	0.05343	0.21568	0.03645	0.19271	0.02616	0.06020	0.09068	0.00950	0.01105	0.00705	0.00418	0.00438	0.00135	0.00578	0.00400	0.00252	0.00635
5	0.00539	0.00436	0.00470	0.00463	0.00589	0.00377	0.00341	0.00663	0.01014	0.01272	0.21908	0.03853	0.59301	0.06137	0.00611	0.00160	0.00227	0.00862	0.00409	0.00367
6	0.00544	0.00431	0.00494	0.00497	0.00612	0.00380	0.00367	0.00678	0.01023	0.01316	0.26899	0.13859	0.46379	0.01133	0.03288	0.00165	0.00249	0.00895	0.00416	0.00375
7	0.09611	0.02360	0.00959	0.04483	0.01129	0.00881	0.00624	0.11941	0.23708	0.07109	0.02998	0.01231	0.00951	0.00470	0.00377	0.00115	0.00355	0.00373	0.05037	0.25289
8	0.34577	0.00648	0.00670	0.00613	0.00809	0.00665	0.00472	0.01181	0.00868	0.16799	0.03618	0.20181	0.01393	0.08320	0.00557	0.00167	0.00326	0.03208	0.00356	0.04571
9	0.05987	0.03832	0.05196	0.02987	0.32495	0.06656	0.08403	0.11326	0.04992	0.07919	0.00915	0.01064	0.00708	0.00447	0.00474	0.00133	0.05171	0.00381	0.00276	0.00638
10	0.01026	0.31813	0.20164	0.01011	0.05122	0.01207	0.05926	0.05375	0.05016	0.03492	0.01187	0.03898	0.08394	0.00517	0.00428	0.00125	0.04073	0.00404	0.00250	0.00573
11	0.00533	0.00387	0.00497	0.00574	0.00615	0.00357	0.00387	0.00616	0.00856	0.01133	0.07371	0.68167	0.10841	0.04732	0.00611	0.00180	0.00251	0.01141	0.00399	0.00351
12	0.01034	0.00989	0.01672	0.02515	0.77404	0.00985	0.01264	0.01281	0.00981	0.01393	0.01018	0.01246	0.05437	0.00425	0.00431	0.00129	0.00495	0.00415	0.00224	0.00664

[dist]
# distance from previous block
# <min> <max>
0	1

[block]
# block no. 7 follows, 61 sequences, length 39
# corresponding to MSA columns:
# 443-481
name=unknown_H
#
# <colnr> <probs for GDERKNQSTAVLIFYWHMCP>
#	G	D	E	R	K	N	Q	S	T	A	V	L	I	F	Y	W	H	M	C	P
0	0.00927	0.03486	0.25075	0.01406	0.24130	0.02340	0.01071	0.01372	0.13401	0.02745	0.09071	0.07167	0.04814	0.00571	0.00439	0.00137	0.00462	0.00495	0.00290	0.00599
1	0.00622	0.00463	0.00671	0.00668	0.00733	0.00534	0.00506	0.00753	0.00682	0.00977	0.01173	0.01839	0.01138	0.14764	0.70313	0.00645	0.02431	0.00483	0.00234	0.00369
2	0.01055	0.01030	0.01668	0.07755	0.68002	0.03431	0.01268	0.01296	0.00954	0.01347	0.00783	0.01053	0.00662	0.00419	0.00507	0.00133	0.07401	0.00380	0.00210	0.00646
3	0.01449	0.00978	0.02557	0.00876	0.01210	0.07399	0.05365	0.13083	0.04622	0.31059	0.02132	0.01188	0.00867	0.00470	0.00433	0.00116	0.02791	0.00376	0.00384	0.22645
4	0.00618	0.00436	0.00573	0.00576	0.00612	0.00471	0.00393	0.00691	0.00663	0.00919	0.01297	0.04925	0.01383	0.44761	0.39254	0.00536	0.00750	0.00570	0.00252	0.00321
5	0.00884	0.08118	0.76919	0.01193	0.01810	0.01050	0.01531	0.01359	0.00907	0.01339	0.00761	0.00894	0.00546	0.00406	0.00400	0.00133	0.00624	0.00312	0.00182	0.00631
6	0.01397	0.01011	0.01467	0.03238	0.41784	0.06549	0.04056	0.05451	0.02117	0.26941	0.01104	0.01182	0.00802	0.00444	0.00430	0.00130	0.00490	0.00398	0.00328	0.00681
7	0.00843	0.00796	0.01346	0.74212	0.12347	0.00965	0.01211	0.01127	0.00875	0.01137	0.00771	0.01139	0.00587	0.00425	0.00430	0.00142	0.00567	0.00383	0.00194	0.00503
8	0.00855	0.00887	0.05582	0.75479	0.02830	0.03219	0.01199	0.02787	0.00898	0.01147	0.00769	0.01123	0.00575	0.00432	0.00428	0.00142	0.00581	0.00377	0.00197	0.00493
9	0.01271	0.04821	0.15419	0.01332	0.13567	0.00890	0.18319	0.02597	0.01073	0.27661	0.03049	0.01400	0.05615	0.00485	0.00444	0.00135	0.00506	0.00448	0.00331	0.00639
10	0.00569	0.00393	0.00487	0.00544	0.00558	0.00379	0.00340	0.00611	0.00739	0.00986	0.01936	0.49347	0.02296	0.37337	0.01258	0.00280	0.00322	0.00967	0.00340	0.00312
11	0.00667	0.00566	0.02740	0.05102	0.00939	0.00547	0.06321	0.00812	0.00880	0.03193	0.11018	0.29255	0.13224	0.06803	0.11194	0.00243	0.04943	0.00811	0.00340	0.00403
12	0.01533	0.01268	0.05697	0.01187	0.07122	0.10752	0.09401	0.40926	0.01567	0.14662	0.01048	0.01081	0.00742	0.00479	0.00433	0.00130	0.00531	0.00391	0.00371	0.00680
13	0.01009	0.15145	0.42019	0.01274	0.04660	0.02535	0.15955	0.06748	0.02663	0.01403	0.00828	0.02364	0.00639	0.00421	0.00411	0.00131	0.00599	0.00365	0.00217	0.00615
14	0.00676	0.00531	0.00667	0.00651	0.00698	0.03343	0.00469	0.00765	0.00683	0.00941	0.01175	0.02044	0.01213	0.34432	0.43538	0.00532	0.06544	0.00513	0.00239	0.00347
15	0.04665	0.46436	0.01832	0.00867	0.01225	0.01512	0.03604	0.32022	0.01320	0.01720	0.00777	0.00841	0.00623	0.00427	0.00344	0.00110	0.00470	0.00301	0.00284	0.00620
16	0.00581	0.00412	0.00520	0.00582	0.00636	0.00392	0.00405	0.02302	0.00882	0.01190	0.06594	0.56599	0.10141	0.06042	0.02464	0.00192	0.00283	0.04447	0.04976	0.00362
17	0.00585	0.00427	0.00472	0.00468	0.00529	0.00398	0.00301	0.00647	0.00820	0.01057	0.12383	0.03315	0.28947	0.46233	0.01417	0.00291	0.00324	0.00741	0.00334	0.00314
18	0.00546	0.00393	0.00511	0.00584	0.00626	0.00367	0.00400	0.00639	0.00875	0.01169	0.11734	0.62748	0.07491	0.05968	0.00637	0.00183	0.00258	0.04117	0.00401	0.00354
19	0.01411	0.00728	0.00892	0.00724	0.00973	0.00709	0.00579	0.15866	0.05760	0.36873	0.18050	0.01827	0.01662	0.04287	0.00515	0.00143	0.00340	0.00505	0.07540	0.00615
20	0.01152	0.85121	0.02257	0.00737	0.01106	0.01704	0.00737	0.01290	0.00875	0.01013	0.00599	0.00691	0.00553	0.00369	0.00276	0.00092	0.00461	0.00230	0.00184	0.00553
21	0.01137	0.68594	0.13722	0.00821	0.01227	0.01583	0.00864	0.05701	0.00944	0.01158	0.00648	0.00741	0.00562	0.00383	0.00304	0.00101	0.00487	0.00252	0.00198	0.00575
22	0.03244	0.04303	0.01210	0.00906	0.01236	0.08013	0.00746	0.42457	0.01617	0.30056	0.01209	0.01143	0.00821	0.00509	0.00419	0.00128	0.00459	0.00385	0.00436	0.00701
23	0.00543	0.00419	0.00498	0.00529	0.00622	0.00373	0.00383	0.00664	0.00980	0.01268	0.20287	0.31408	0.35192	0.01138	0.00526	0.00155	0.00233	0.03997	0.00416	0.00369
24	0.00647	0.00448	0.00557	0.00558	0.00671	0.00405	0.00422	0.00798	0.01062	0.05890	0.34372	0.18391	0.25108	0.01033	0.00520	0.00151	0.00242	0.07887	0.00436	0.00401
25	0.01273	0.01239	0.01103	0.01015	0.04285	0.21078	0.00760	0.11932	0.48884	0.01719	0.01363	0.01313	0.01033	0.00534	0.00425	0.00135	0.00470	0.00420	0.00376	0.00644
26	0.01268	0.00865	0.00978	0.00837	0.01087	0.00928	0.00669	0.24726	0.27324	0.15114	0.03194	0.09850	0.04327	0.00697	0.00461	0.00145	0.00372	0.06077	0.00444	0.00636
27	0.00572	0.00413	0.00551	0.00642	0.00695	0.00391	0.00475	0.00685	0.00888	0.01170	0.04435	0.56572	0.07163	0.01280	0.00559	0.00179	0.00287	0.22277	0.00401	0.00365
28	0.00893	0.00766	0.00893	0.00638	0.01021	0.00574	0.00510	0.01085	0.00893	0.01404	0.00766	0.00893	0.00638	0.00319	0.00319	0.00064	0.00319	0.00255	0.00255	0.87495
29	0.01163	0.01162	0.01603	0.02243	0.62175	0.12019	0.01190	0.04743	0.06843	0.01443	0.00868	0.01065	0.00713	0.00412	0.00422	0.00127	0.00533	0.00377	0.00240	0.00660
30	0.00676	0.00457	0.00578	0.00622	0.00695	0.00439	0.00434	0.03629	0.04584	0.05869	0.05849	0.63430	0.06419	0.03427	0.00574	0.00173	0.00270	0.01065	0.00410	0.00401
31	0.00541	0.00387	0.00518	0.00615	0.00648	0.00364	0.00425	0.00629	0.00847	0.01129	0.04074	0.76025	0.02843	0.01326	0.00553	0.00176	0.00261	0.07882	0.00401	0.00355
32	0.87904	0.00833	0.00633	0.00566	0.00833	0.00966	0.00467	0.01266	0.00733	0.01933	0.00600	0.00700	0.00467	0.00400	0.00267	0.00133	0.00333	0.00233	0.00267	0.00467
33	0.29121	0.00972	0.01312	0.01757	0.45839	0.02019	0.00972	0.07400	0.00993	0.02899	0.02457	0.00993	0.00691	0.00413	0.00377	0.00130	0.00446	0.00343	0.00257	0.00609
34	0.00889	0.00863	0.04280	0.01572	0.38331	0.00822	0.00904	0.01287	0.15325	0.01450	0.09442	0.02064	0.19704	0.00629	0.00455	0.00136	0.00390	0.00557	0.00319	0.00582
35	0.01154	0.00569	0.00709	0.00607	0.00757	0.00526	0.00433	0.02857	0.00904	0.31843	0.01478	0.02242	0.01345	0.46028	0.01381	0.00285	0.00395	0.02315	0.00370	0.03802
36	0.00618	0.00452	0.00645	0.00645	0.00705	0.00513	0.00479	0.00739	0.00678	0.00965	0.01197	0.01933	0.01181	0.20679	0.65849	0.00634	0.00996	0.00497	0.00237	0.00358
37	0.07435	0.12874	0.26385	0.01126	0.04427	0.17486	0.05598	0.15173	0.01158	0.01531	0.00801	0.00966	0.00628	0.00442	0.00391	0.00125	0.00586	0.02024	0.00247	0.00596
38	0.01319	0.01217	0.01518	0.01821	0.40529	0.11991	0.02836	0.26664	0.04787	0.01792	0.00904	0.01043	0.00708	0.00442	0.00425	0.00127	0.00532	0.00378	0.00293	0.00672

[dist]
# distance from previous block
# <min> <max>
1	3

[block]
# block no. 8 follows, 61 sequences, length 10
# corresponding to MSA columns:
# 487-496
name=unknown_I
#
# <colnr> <probs for GDERKNQSTAVLIFYWHMCP>
#	G	D	E	R	K	N	Q	S	T	A	V	L	I	F	Y	W	H	M	C	P
0	0.01092	0.00991	0.01401	0.01787	0.41962	0.01076	0.01026	0.05975	0.32032	0.01609	0.01172	0.01266	0.00922	0.00489	0.00487	0.00138	0.05166	0.00423	0.00310	0.00673
1	0.00826	0.00649	0.00728	0.00692	0.00837	0.00704	0.00511	0.01409	0.36259	0.03389	0.05781	0.13845	0.10269	0.14646	0.07280	0.00236	0.00386	0.00669	0.00388	0.00498
2	0.00893	0.00766	0.00893	0.00638	0.01021	0.00574	0.00510	0.01085	0.00893	0.01404	0.00766	0.00893	0.00638	0.00319	0.00319	0.00064	0.00319	0.00255	0.00255	0.87495
3	0.00545	0.00422	0.00496	0.00511	0.00612	0.00374	0.00371	0.00674	0.01016	0.01324	0.28162	0.24386	0.37380	0.01091	0.00519	0.00150	0.00222	0.00949	0.00423	0.00374
4	0.05576	0.00900	0.01019	0.00768	0.01123	0.04400	0.04018	0.09760	0.06983	0.05934	0.00909	0.00988	0.00709	0.00383	0.00354	0.00090	0.00378	0.00307	0.00300	0.55099
5	0.00524	0.00433	0.00460	0.00461	0.00593	0.00369	0.00343	0.00644	0.01005	0.01238	0.15082	0.08989	0.66216	0.01078	0.00511	0.00146	0.00218	0.00910	0.00410	0.00369
6	0.00991	0.00949	0.01403	0.51694	0.22769	0.06456	0.01176	0.07073	0.01001	0.01294	0.00790	0.01095	0.00612	0.00426	0.00427	0.00136	0.00564	0.00376	0.00217	0.00550
7	0.00804	0.00607	0.00707	0.00650	0.00810	0.00619	0.00494	0.02937	0.23707	0.03862	0.37613	0.09965	0.06887	0.00795	0.00473	0.00138	0.00262	0.00690	0.03743	0.04237
8	0.08075	0.00950	0.01115	0.15044	0.03339	0.08257	0.04806	0.10201	0.19140	0.05115	0.01188	0.01333	0.03071	0.00897	0.12070	0.00217	0.03895	0.00419	0.00310	0.00558
9	0.01264	0.04164	0.04246	0.01205	0.15335	0.06748	0.01997	0.22962	0.10420	0.09074	0.05735	0.03753	0.01115	0.00559	0.00454	0.00133	0.02278	0.03822	0.01731	0.03005

[dist]
# distance from previous block
# <min> <max>
0	11

[block]
# block no. 9 follows, 61 sequences, length 14
# corresponding to MSA columns:
# 536-549
name=unknown_J
#
# <colnr> <probs for GDERKNQSTAVLIFYWHMCP>
#	G	D	E	R	K	N	Q	S	T	A	V	L	I	F	Y	W	H	M	C	P
0	0.01634	0.01298	0.01285	0.01004	0.01335	0.10173	0.00820	0.72201	0.01938	0.02535	0.00994	0.01006	0.00713	0.00509	0.00426	0.00127	0.00507	0.00376	0.00408	0.00707
1	0.00722	0.00581	0.02119	0.00839	0.09625	0.00541	0.00560	0.04284	0.03349	0.03617	0.11512	0.33800	0.17838	0.01972	0.00538	0.00156	0.01558	0.03636	0.00382	0.02370
2	0.01004	0.09975	0.12121	0.01148	0.13203	0.03469	0.04143	0.01584	0.27938	0.03702	0.09760	0.01602	0.06198	0.00552	0.00427	0.00133	0.00426	0.00468	0.00330	0.01817
3	0.01107	0.00883	0.01034	0.07921	0.06117	0.00990	0.00745	0.06699	0.53040	0.07535	0.05969	0.01639	0.03238	0.00580	0.00442	0.00142	0.00370	0.00488	0.00411	0.00649
4	0.00578	0.00427	0.00529	0.00584	0.00638	0.00410	0.00397	0.00734	0.06051	0.01183	0.10086	0.55509	0.09731	0.10170	0.00711	0.00193	0.00266	0.01042	0.00395	0.00368
5	0.03723	0.00850	0.01194	0.01260	0.20014	0.01983	0.07420	0.11479	0.10147	0.09408	0.19166	0.01812	0.04924	0.02771	0.01806	0.00151	0.00417	0.00522	0.00366	0.00586
6	0.03875	0.01755	0.03310	0.05795	0.04268	0.59613	0.03147	0.01697	0.07169	0.04268	0.00804	0.00909	0.00637	0.00451	0.00398	0.00119	0.00690	0.00315	0.00248	0.00532
7	0.01336	0.01290	0.06293	0.01343	0.03989	0.08164	0.27910	0.34179	0.01430	0.03952	0.00919	0.01056	0.00678	0.00462	0.00504	0.00137	0.04992	0.00416	0.00311	0.00641
8	0.00552	0.00424	0.00487	0.00496	0.00590	0.00379	0.00352	0.00665	0.00968	0.01252	0.23176	0.17987	0.37927	0.11926	0.00734	0.00183	0.00246	0.00896	0.00401	0.00359
9	0.01173	0.03850	0.18035	0.09726	0.23328	0.15165	0.05948	0.03424	0.01052	0.09338	0.02989	0.01130	0.02039	0.00444	0.00422	0.00129	0.00573	0.00378	0.00252	0.00605
10	0.01113	0.01057	0.01622	0.12168	0.63192	0.07148	0.01241	0.01358	0.00995	0.04790	0.00832	0.01071	0.00676	0.00400	0.00424	0.00129	0.00533	0.00378	0.00225	0.00646
11	0.00758	0.00491	0.00612	0.00618	0.04123	0.00446	0.00434	0.00909	0.01051	0.10313	0.30235	0.05441	0.26259	0.08500	0.00640	0.00164	0.00264	0.02708	0.05609	0.00426
12	0.01896	0.00466	0.00629	0.05115	0.00803	0.00489	0.00484	0.02800	0.00820	0.01121	0.06295	0.25512	0.08513	0.08777	0.25461	0.06879	0.00567	0.02694	0.00313	0.00365
13	0.01292	0.08702	0.03154	0.00976	0.01210	0.38524	0.03055	0.10858	0.09899	0.01353	0.01106	0.12856	0.01025	0.00656	0.02154	0.00139	0.00589	0.01626	0.00294	0.00532

[dist]
# distance from previous block
# <min> <max>
0	1

[block]
# block no. 10 follows, 61 sequences, length 20
# corresponding to MSA columns:
# 551-570
name=unknown_K
#
# <colnr> <probs for GDERKNQSTAVLIFYWHMCP>
#	G	D	E	R	K	N	Q	S	T	A	V	L	I	F	Y	W	H	M	C	P
0	0.04061	0.01111	0.01487	0.03356	0.19548	0.01186	0.09752	0.45039	0.04118	0.03216	0.02265	0.01106	0.00777	0.00473	0.00435	0.00132	0.00498	0.00405	0.00350	0.00684
1	0.00820	0.00639	0.00717	0.00686	0.00843	0.00670	0.00515	0.04577	0.30324	0.04062	0.10230	0.25609	0.16735	0.00917	0.00489	0.00152	0.00286	0.00795	0.00427	0.00507
2	0.06088	0.00696	0.00823	0.00662	0.00907	0.00644	0.00517	0.07896	0.01010	0.12689	0.10188	0.01622	0.03734	0.10962	0.05314	0.01497	0.03025	0.00431	0.00335	0.30961
3	0.00758	0.00493	0.00647	0.00613	0.00713	0.00510	0.00455	0.02447	0.02699	0.08059	0.18603	0.02314	0.05068	0.19200	0.32863	0.00409	0.00639	0.00577	0.02528	0.00406
4	0.00791	0.00697	0.00990	0.10288	0.22544	0.02824	0.00773	0.03253	0.02999	0.01297	0.06983	0.27367	0.11731	0.00848	0.00504	0.00150	0.01977	0.03175	0.00325	0.00484
5	0.00776	0.00571	0.00742	0.00739	0.05492	0.00499	0.00520	0.00924	0.00917	0.06471	0.07557	0.26665	0.07398	0.03003	0.05531	0.00172	0.00355	0.05913	0.00348	0.25409
6	0.00936	0.00791	0.00916	0.00658	0.01039	0.00618	0.00528	0.05677	0.00958	0.01479	0.00781	0.00901	0.00643	0.00330	0.00325	0.00068	0.00328	0.00263	0.00265	0.82492
7	0.00874	0.00777	0.01059	0.32903	0.01763	0.05788	0.04185	0.07510	0.02939	0.01366	0.11166	0.04609	0.02981	0.03067	0.00530	0.00160	0.00477	0.17065	0.00309	0.00472
8	0.76446	0.00883	0.00721	0.00623	0.00900	0.01015	0.00513	0.11822	0.00905	0.02037	0.00657	0.00744	0.00502	0.00415	0.00288	0.00133	0.00352	0.00254	0.00288	0.00502
9	0.01112	0.03659	0.00984	0.00843	0.01052	0.18709	0.00655	0.04329	0.34857	0.03827	0.19228	0.01786	0.03903	0.00627	0.00462	0.00135	0.02375	0.00502	0.00387	0.00567
10	0.01210	0.04789	0.05674	0.00943	0.01195	0.28302	0.00768	0.03396	0.37545	0.01497	0.07315	0.01437	0.01209	0.00554	0.00422	0.00132	0.00501	0.02181	0.00343	0.00587
11	0.00638	0.00431	0.00555	0.00599	0.00682	0.00396	0.00440	0.00760	0.00957	0.05920	0.15465	0.44059	0.15258	0.01166	0.00536	0.00165	0.00263	0.10901	0.00419	0.00389
12	0.06423	0.01415	0.05704	0.00973	0.01228	0.30214	0.00799	0.25891	0.03889	0.01702	0.06204	0.04071	0.00956	0.00633	0.03081	0.00147	0.05394	0.00396	0.00315	0.00566
13	0.00668	0.00456	0.00543	0.00526	0.00650	0.00405	0.00392	0.00806	0.01045	0.07670	0.29658	0.11443	0.34681	0.05945	0.00609	0.00162	0.00245	0.03269	0.00427	0.00400
14	0.01075	0.01104	0.01488	0.12340	0.25810	0.11565	0.05655	0.03302	0.04223	0.01252	0.00756	0.01028	0.00640	0.00526	0.00742	0.00149	0.27186	0.00379	0.00219	0.00561
15	0.00535	0.00406	0.00494	0.00545	0.00620	0.00365	0.00385	0.00640	0.00929	0.01204	0.13079	0.46616	0.28337	0.01204	0.00533	0.00161	0.00237	0.02941	0.00409	0.00363
16	0.87904	0.00833	0.00633	0.00566	0.00833	0.00966	0.00467	0.01266	0.00733	0.01933	0.00600	0.00700	0.00467	0.00400	0.00267	0.00133	0.00333	0.00233	0.00267	0.00467
17	0.01358	0.14195	0.01370	0.02856	0.02696	0.26149	0.03746	0.17103	0.03121	0.07342	0.02266	0.01257	0.00851	0.02097	0.02503	0.00146	0.05125	0.04957	0.00297	0.00565
18	0.00662	0.00501	0.00579	0.02216	0.00708	0.02536	0.00423	0.05194	0.00924	0.02411	0.06674	0.41048	0.16706	0.14269	0.02932	0.00213	0.00325	0.00931	0.00373	0.00376
19	0.09756	0.14468	0.22421	0.03675	0.05933	0.14636	0.02020	0.05595	0.05824	0.03145	0.00899	0.06004	0.00758	0.00491	0.00411	0.00129	0.02646	0.00371	0.00249	0.00569

[dist]
# distance from previous block
# <min> <max>
3	11

[block]
# block no. 11 follows, 61 sequences, length 12
# corresponding to MSA columns:
# 584-595
name=unknown_L
#
# <colnr> <probs for GDERKNQSTAVLIFYWHMCP>
#	G	D	E	R	K	N	Q	S	T	A	V	L	I	F	Y	W	H	M	C	P
0	0.01026	0.00729	0.04158	0.00872	0.08975	0.02812	0.00625	0.02721	0.06150	0.18905	0.20617	0.11009	0.08614	0.03643	0.00522	0.00146	0.00337	0.01529	0.01932	0.04679
1	0.01162	0.20285	0.29170	0.03022	0.06209	0.01195	0.06309	0.13528	0.04412	0.07963	0.00893	0.00984	0.00665	0.00436	0.00411	0.00127	0.01988	0.00344	0.00263	0.00635
2	0.01475	0.01847	0.01130	0.01035	0.01241	0.72692	0.00775	0.01588	0.01194	0.01088	0.04204	0.04211	0.04669	0.00527	0.00405	0.00116	0.00707	0.00364	0.00247	0.00483
3	0.00614	0.00445	0.00510	0.00503	0.00631	0.00387	0.00373	0.00744	0.01031	0.05759	0.22687	0.15139	0.47532	0.01046	0.00510	0.00147	0.00227	0.00896	0.00425	0.00392
4	0.01081	0.02822	0.21355	0.01278	0.12807	0.07204	0.06698	0.11359	0.05956	0.05214	0.02053	0.09492	0.01967	0.00640	0.02711	0.00155	0.05856	0.00472	0.00285	0.00594
5	0.01379	0.08917	0.01436	0.01055	0.03207	0.05247	0.13440	0.24729	0.10501	0.16617	0.03204	0.03659	0.02189	0.00535	0.00437	0.00133	0.00476	0.01819	0.00377	0.00643
6	0.00574	0.00436	0.00529	0.00519	0.00629	0.00391	0.00388	0.00737	0.01109	0.01489	0.48995	0.09035	0.29389	0.00990	0.00514	0.00143	0.00217	0.03087	0.00443	0.00388
7	0.01078	0.00622	0.00759	0.00668	0.00865	0.00596	0.00522	0.08157	0.07882	0.24091	0.17016	0.12580	0.17500	0.00900	0.02857	0.00159	0.00324	0.02438	0.00452	0.00533
8	0.04789	0.06061	0.24120	0.03127	0.20014	0.05475	0.05650	0.09836	0.06792	0.08652	0.00943	0.01048	0.00701	0.00435	0.00411	0.00131	0.00535	0.00364	0.00272	0.00643
9	0.01122	0.01112	0.05617	0.01381	0.07891	0.06717	0.28148	0.07775	0.03817	0.07747	0.00948	0.01209	0.00756	0.03643	0.07063	0.00197	0.13585	0.00437	0.00264	0.00570
10	0.00585	0.00405	0.00491	0.00530	0.00551	0.00391	0.00333	0.00630	0.00747	0.00995	0.05258	0.34489	0.04430	0.44669	0.01401	0.00299	0.00338	0.02820	0.00331	0.00308
11	0.00832	0.10577	0.13493	0.00900	0.06596	0.00760	0.05865	0.02783	0.02182	0.05187	0.11862	0.10945	0.21179	0.02989	0.00501	0.00144	0.00386	0.00638	0.00328	0.01852

[dist]
# distance from previous block
# <min> <max>
1	8

[block]
# block no. 12 follows, 61 sequences, length 11
# corresponding to MSA columns:
# 605-615
name=unknown_M
#
# <colnr> <probs for GDERKNQSTAVLIFYWHMCP>
#	G	D	E	R	K	N	Q	S	T	A	V	L	I	F	Y	W	H	M	C	P
0	0.01030	0.06440	0.09864	0.01124	0.08063	0.07524	0.09759	0.12245	0.01022	0.03038	0.00993	0.04123	0.00891	0.09865	0.15863	0.00267	0.06662	0.00442	0.00259	0.00526
1	0.03057	0.03604	0.08800	0.01200	0.10666	0.10283	0.09116	0.13660	0.09335	0.01566	0.01041	0.06420	0.00892	0.00521	0.00459	0.00128	0.03748	0.02601	0.00291	0.12611
2	0.00523	0.00416	0.00469	0.00500	0.00601	0.00363	0.00358	0.00628	0.00948	0.01189	0.10126	0.31297	0.48740	0.01161	0.00523	0.00155	0.00228	0.01005	0.00406	0.00363
3	0.00798	0.00734	0.01204	0.55146	0.14329	0.00851	0.01053	0.01049	0.00906	0.01190	0.06242	0.07917	0.05699	0.00562	0.00449	0.00143	0.00496	0.00504	0.00241	0.00488
4	0.03228	0.06009	0.04594	0.00926	0.01240	0.05235	0.00779	0.40972	0.19216	0.08090	0.01232	0.04495	0.00938	0.00547	0.00422	0.00132	0.00446	0.00426	0.00400	0.00675
5	0.00597	0.00445	0.00519	0.00510	0.00636	0.00392	0.00385	0.00743	0.01064	0.03855	0.31725	0.09382	0.42886	0.01021	0.00513	0.00146	0.00227	0.04133	0.00430	0.00391
6	0.13083	0.09077	0.02872	0.00748	0.00909	0.00785	0.06654	0.05276	0.00847	0.01259	0.01256	0.06134	0.01311	0.28313	0.04592	0.00261	0.03589	0.12336	0.00281	0.00416
7	0.00534	0.00399	0.00491	0.00548	0.00610	0.00362	0.00377	0.00628	0.00898	0.01172	0.11277	0.52912	0.22460	0.04482	0.00599	0.00173	0.00244	0.01076	0.00402	0.00356
8	0.01060	0.01040	0.01843	0.02545	0.72672	0.01031	0.10749	0.01329	0.00985	0.01404	0.00818	0.01078	0.00679	0.00381	0.00436	0.00130	0.00537	0.00399	0.00214	0.00670
9	0.01148	0.00893	0.00969	0.00837	0.01070	0.00993	0.00657	0.28511	0.35114	0.02002	0.06635	0.13044	0.01496	0.00683	0.00450	0.00142	0.00359	0.00571	0.03800	0.00625
10	0.01300	0.05974	0.04447	0.05701	0.03247	0.32048	0.06903	0.05341	0.12357	0.07491	0.01010	0.03045	0.00806	0.00639	0.05199	0.00157	0.00623	0.00381	0.00286	0.03046

[dist]
# distance from previous block
# <min> <max>
0	2

[block]
# block no. 13 follows, 61 sequences, length 23
# corresponding to MSA columns:
# 618-640
name=unknown_N
#
# <colnr> <probs for GDERKNQSTAVLIFYWHMCP>
#	G	D	E	R	K	N	Q	S	T	A	V	L	I	F	Y	W	H	M	C	P
0	0.03841	0.11661	0.08864	0.01243	0.12609	0.08410	0.12529	0.11553	0.07026	0.03539	0.02198	0.03268	0.00883	0.08528	0.00603	0.01453	0.00523	0.00422	0.00275	0.00572
1	0.01637	0.01207	0.01293	0.00991	0.01336	0.01336	0.00819	0.80738	0.02025	0.02715	0.01034	0.01034	0.00733	0.00517	0.00431	0.00129	0.00474	0.00388	0.00431	0.00733
2	0.00901	0.00743	0.00872	0.00632	0.00997	0.00564	0.00505	0.01090	0.00917	0.03672	0.03904	0.01087	0.03064	0.00368	0.00335	0.00071	0.00313	0.00298	0.00275	0.79394
3	0.03931	0.00684	0.00838	0.00694	0.00915	0.00666	0.00553	0.16283	0.01360	0.25797	0.40407	0.02209	0.02437	0.00694	0.00464	0.00134	0.00307	0.00586	0.00477	0.00566
4	0.00529	0.00383	0.00500	0.00585	0.00623	0.00354	0.00395	0.00614	0.00860	0.01143	0.07529	0.74113	0.08172	0.01303	0.00544	0.00170	0.00245	0.01176	0.00405	0.00354
5	0.00893	0.00766	0.00893	0.00638	0.01021	0.00574	0.00510	0.01085	0.00893	0.01404	0.00766	0.00893	0.00638	0.00319	0.00319	0.00064	0.00319	0.00255	0.00255	0.87495
6	0.00525	0.00393	0.00488	0.00557	0.00615	0.00356	0.00382	0.00614	0.00881	0.01144	0.06527	0.61157	0.22265	0.01265	0.00538	0.00166	0.00240	0.01127	0.00403	0.00356
7	0.00617	0.00454	0.00656	0.00656	0.00720	0.00518	0.00493	0.00746	0.00681	0.00973	0.01187	0.01878	0.01158	0.16708	0.69788	0.00647	0.01032	0.00489	0.00236	0.00364
8	0.00679	0.00679	0.07718	0.02757	0.00905	0.02588	0.00613	0.00912	0.05302	0.01120	0.04984	0.02008	0.10710	0.07365	0.49126	0.00481	0.00844	0.00521	0.00269	0.00419
9	0.01507	0.01505	0.01136	0.00989	0.01238	0.42983	0.00763	0.16275	0.13375	0.09579	0.03095	0.03683	0.00912	0.00526	0.00416	0.00124	0.00584	0.00387	0.00335	0.00586
10	0.01036	0.21911	0.22241	0.01243	0.06628	0.06599	0.18862	0.03334	0.03018	0.01307	0.02558	0.04566	0.00781	0.00444	0.00405	0.00124	0.00566	0.00393	0.00226	0.03758
11	0.01174	0.19638	0.12299	0.02793	0.25084	0.08818	0.03045	0.03670	0.04683	0.08279	0.00970	0.01086	0.03101	0.00448	0.00425	0.00124	0.03137	0.00359	0.00252	0.00615
12	0.00769	0.00523	0.00635	0.00602	0.00725	0.00502	0.00445	0.08456	0.02481	0.06892	0.32552	0.23649	0.13365	0.05670	0.00600	0.00162	0.00268	0.00836	0.00433	0.00436
13	0.00570	0.00423	0.00568	0.00603	0.00664	0.00434	0.00434	0.00677	0.00785	0.01060	0.03988	0.31728	0.12444	0.09382	0.33725	0.00398	0.00621	0.00815	0.00322	0.00359
14	0.01215	0.30927	0.06086	0.01040	0.06913	0.05840	0.05097	0.16250	0.15272	0.02727	0.03958	0.01088	0.00872	0.00463	0.00381	0.00120	0.00476	0.00361	0.00296	0.00618
15	0.04226	0.15679	0.51768	0.01145	0.05912	0.01099	0.01277	0.04179	0.02487	0.05190	0.02719	0.00972	0.00679	0.00425	0.00388	0.00128	0.00555	0.00326	0.00224	0.00622
16	0.02129	0.12554	0.19924	0.00820	0.01096	0.02058	0.03271	0.02384	0.00940	0.07576	0.03645	0.30397	0.07919	0.00825	0.00458	0.00145	0.00406	0.02638	0.00322	0.00495
17	0.01188	0.37594	0.06483	0.00777	0.01098	0.02785	0.02387	0.04400	0.06584	0.15649	0.07983	0.01438	0.06875	0.02503	0.00417	0.00124	0.00419	0.00406	0.00316	0.00572
18	0.03055	0.05157	0.04036	0.01138	0.19043	0.00748	0.03283	0.05218	0.02472	0.11285	0.26856	0.06583	0.07991	0.00674	0.00457	0.00134	0.00360	0.00592	0.00372	0.00545
19	0.06094	0.00919	0.08390	0.01041	0.10598	0.01852	0.04774	0.12234	0.03685	0.15659	0.05547	0.16243	0.05424	0.02396	0.00485	0.00145	0.00407	0.00583	0.00365	0.03160
20	0.01124	0.02893	0.17543	0.05607	0.25024	0.02927	0.08255	0.02513	0.03143	0.14850	0.03942	0.04600	0.00952	0.02617	0.00479	0.00141	0.00508	0.00439	0.00287	0.02158
21	0.01082	0.08770	0.34313	0.01241	0.10264	0.05434	0.05598	0.03830	0.07244	0.08674	0.05471	0.01152	0.00878	0.00464	0.00437	0.00131	0.02534	0.00378	0.00266	0.01839
22	0.01176	0.14138	0.22536	0.01142	0.08721	0.06523	0.06788	0.03427	0.06708	0.15123	0.06959	0.01280	0.02637	0.00484	0.00412	0.00128	0.00504	0.00401	0.00300	0.00614

[dist]
# distance from previous block
# <min> <max>
3	29

[block]
# block no. 14 follows, 61 sequences, length 22
# corresponding to MSA columns:
# 670-691
name=unknown_O
#
# <colnr> <probs for GDERKNQSTAVLIFYWHMCP>
#	G	D	E	R	K	N	Q	S	T	A	V	L	I	F	Y	W	H	M	C	P
0	0.07504	0.30976	0.07709	0.03510	0.03316	0.05010	0.00747	0.07872	0.07095	0.02224	0.05020	0.05966	0.06180	0.00535	0.00371	0.00119	0.00429	0.00411	0.00280	0.04726
1	0.35226	0.02667	0.18426	0.00870	0.04739	0.00942	0.00799	0.09932	0.02670	0.04706	0.03977	0.03674	0.00795	0.00464	0.00355	0.00128	0.00416	0.00343	0.00287	0.08584
2	0.00970	0.06362	0.09528	0.00977	0.06814	0.10258	0.05067	0.06917	0.08202	0.01556	0.26893	0.01891	0.04196	0.00611	0.00442	0.00127	0.00424	0.02214	0.00340	0.06210
3	0.11791	0.15787	0.30237	0.01238	0.10858	0.03849	0.09791	0.01378	0.00930	0.05890	0.00785	0.00918	0.00598	0.00398	0.00379	0.00125	0.00542	0.00324	0.00224	0.03960
4	0.02162	0.06450	0.05532	0.00785	0.07842	0.00608	0.00580	0.03042	0.01049	0.05001	0.25962	0.16561	0.21044	0.00871	0.00477	0.00141	0.00301	0.00752	0.00383	0.00458
5	0.02178	0.02541	0.17422	0.04968	0.24406	0.03629	0.08599	0.04914	0.06265	0.04982	0.00893	0.01051	0.00690	0.00418	0.00442	0.00125	0.03064	0.00366	0.00251	0.12796
