[name]
unknown

[dist]
# distance from previous block
# <min> <max>
0	25

[block]
# block no. 0 follows, 63 sequences, length 41
# corresponding to MSA columns:
# 25-38,44-70
name=unknown_A
#
# <colnr> <probs for GDERKNQSTAVLIFYWHMCP>
#	G	D	E	R	K	N	Q	S	T	A	V	L	I	F	Y	W	H	M	C	P
0	0.01558	0.01122	0.01218	0.00942	0.01270	0.01225	0.00779	0.72837	0.01878	0.05950	0.01072	0.01154	0.00786	0.00523	0.00423	0.00127	0.00451	0.03156	0.00419	0.03109
1	0.01598	0.01177	0.01262	0.00967	0.01304	0.01304	0.00799	0.81202	0.01976	0.02649	0.01009	0.01009	0.00715	0.00505	0.00421	0.00126	0.00463	0.00378	0.00421	0.00715
2	0.01031	0.00814	0.00890	0.00787	0.01003	0.00908	0.00611	0.08420	0.54200	0.05384	0.16278	0.01843	0.01721	0.03579	0.00499	0.00148	0.00323	0.00521	0.00432	0.00609
3	0.00524	0.00427	0.00464	0.00455	0.00585	0.00367	0.00341	0.00656	0.01023	0.01289	0.25998	0.03794	0.60598	0.01008	0.00497	0.00139	0.00209	0.00852	0.00411	0.00367
4	0.00607	0.00424	0.00539	0.00539	0.00567	0.00451	0.00356	0.00663	0.00635	0.00875	0.01251	0.02342	0.01351	0.54669	0.32454	0.00507	0.00675	0.00551	0.00244	0.00300
5	0.00601	0.00449	0.00669	0.00669	0.00742	0.00522	0.00518	0.00747	0.00674	0.00971	0.01132	0.01684	0.01065	0.05566	0.81166	0.00668	0.01105	0.00455	0.00226	0.00372
6	0.00928	0.00884	0.01503	0.39814	0.46249	0.00969	0.01234	0.01192	0.00904	0.01237	0.00771	0.01077	0.00618	0.00395	0.00418	0.00132	0.00527	0.00374	0.00198	0.00575
7	0.00614	0.00407	0.00460	0.00460	0.00460	0.00407	0.00257	0.00610	0.00610	0.00813	0.01311	0.02718	0.01510	0.83351	0.02129	0.02363	0.00407	0.00606	0.00253	0.00253
8	0.00787	0.00715	0.01185	0.36786	0.21581	0.00786	0.03729	0.01003	0.00872	0.01172	0.05086	0.17338	0.01234	0.05267	0.00542	0.00157	0.00464	0.00567	0.00249	0.00480
9	0.01426	0.01101	0.01246	0.00984	0.01239	0.01278	0.00814	0.61305	0.01652	0.02257	0.00916	0.01003	0.00687	0.00556	0.00632	0.00138	0.19244	0.00376	0.02498	0.00650
10	0.00992	0.01134	0.02481	0.01772	0.02197	0.01063	0.81077	0.01347	0.00992	0.01347	0.00850	0.01134	0.00638	0.00354	0.00496	0.00142	0.00709	0.00496	0.00213	0.00567
11	0.01035	0.01023	0.01581	0.10303	0.65981	0.06915	0.01210	0.01271	0.00957	0.01308	0.00833	0.04146	0.00725	0.00418	0.00418	0.00127	0.00514	0.00397	0.00213	0.00622
12	0.09711	0.25585	0.22398	0.00982	0.03557	0.22502	0.00945	0.03089	0.03945	0.02706	0.00720	0.00815	0.00573	0.00406	0.00346	0.00114	0.00557	0.00279	0.00218	0.00554
13	0.00994	0.03219	0.01208	0.02478	0.11507	0.02183	0.09284	0.08393	0.25070	0.01546	0.02328	0.09383	0.02148	0.00537	0.00417	0.00123	0.00403	0.00479	0.00323	0.17979
14	0.01481	0.04248	0.01223	0.00918	0.01226	0.01229	0.00754	0.70648	0.01819	0.02432	0.01088	0.06535	0.00867	0.02970	0.00472	0.00136	0.00446	0.00433	0.00405	0.00671
15	0.00820	0.00746	0.01177	0.54222	0.11274	0.00876	0.01017	0.01182	0.09550	0.01268	0.12545	0.01449	0.01137	0.00494	0.00431	0.00138	0.00477	0.00440	0.00254	0.00500
16	0.00526	0.00426	0.00467	0.00460	0.00586	0.00367	0.00344	0.00658	0.01022	0.01295	0.27031	0.05715	0.57610	0.01011	0.00497	0.00140	0.00209	0.00857	0.00412	0.00367
17	0.05467	0.00625	0.00868	0.00797	0.00888	0.00701	0.06279	0.00899	0.05367	0.01182	0.04339	0.38032	0.01753	0.05057	0.02538	0.00184	0.19572	0.00760	0.00312	0.04380
18	0.00611	0.00408	0.00458	0.00458	0.00458	0.00408	0.00255	0.00611	0.00611	0.00815	0.01325	0.02751	0.01528	0.85226	0.02140	0.00408	0.00408	0.00611	0.00255	0.00255
19	0.01124	0.85479	0.02203	0.00719	0.01079	0.01663	0.00719	0.01259	0.00854	0.00989	0.00584	0.00674	0.00539	0.00360	0.00270	0.00090	0.00450	0.00225	0.00180	0.00539
20	0.88196	0.00813	0.00618	0.00553	0.00813	0.00943	0.00455	0.01236	0.00715	0.01886	0.00585	0.00683	0.00455	0.00390	0.00260	0.00130	0.00325	0.00228	0.00260	0.00455
21	0.01046	0.00903	0.00951	0.00855	0.01093	0.01046	0.00665	0.02234	0.81845	0.01759	0.01711	0.01568	0.01283	0.00570	0.00428	0.00143	0.00333	0.00475	0.00428	0.00665
22	0.72788	0.00838	0.00708	0.00608	0.00881	0.00948	0.00501	0.08673	0.00874	0.08930	0.00717	0.00777	0.00530	0.00412	0.00289	0.00130	0.00341	0.00258	0.00297	0.00502
23	0.00500	0.00414	0.00438	0.00457	0.00576	0.00352	0.00333	0.00600	0.00928	0.01123	0.03874	0.20070	0.66657	0.01115	0.00505	0.00148	0.00219	0.00948	0.00390	0.00352
24	0.01257	0.01089	0.01064	0.00910	0.01174	0.09064	0.00718	0.25175	0.50822	0.01948	0.01404	0.01328	0.01046	0.00538	0.00421	0.00134	0.00411	0.00427	0.00405	0.00663
25	0.00592	0.00430	0.00557	0.00525	0.00626	0.00395	0.00394	0.00787	0.01182	0.01668	0.79825	0.03170	0.06535	0.00866	0.00496	0.00133	0.00199	0.00764	0.00460	0.00395
26	0.00611	0.00409	0.00463	0.00463	0.00465	0.00410	0.00261	0.00615	0.00613	0.00819	0.01320	0.02726	0.01517	0.83344	0.04007	0.00414	0.00424	0.00608	0.00254	0.00257
27	0.01102	0.78961	0.08529	0.00757	0.01137	0.01610	0.00785	0.01264	0.00857	0.01016	0.00598	0.00691	0.00539	0.00363	0.00280	0.00093	0.00463	0.00231	0.00180	0.00546
28	0.00518	0.00370	0.00495	0.00592	0.00619	0.00347	0.00401	0.00596	0.00811	0.01080	0.02314	0.81971	0.02767	0.01311	0.00538	0.00172	0.00249	0.04115	0.00390	0.00343
29	0.01040	0.00999	0.01706	0.02580	0.82604	0.00999	0.01290	0.01290	0.00957	0.01373	0.00791	0.01040	0.00666	0.00375	0.00416	0.00125	0.00499	0.00375	0.00208	0.00666
30	0.00854	0.00813	0.01347	0.60045	0.17642	0.00984	0.01164	0.01108	0.00841	0.01123	0.00734	0.01084	0.00579	0.00445	0.00522	0.00142	0.09504	0.00373	0.00190	0.00503
31	0.00884	0.14205	0.71373	0.01129	0.01712	0.01076	0.01433	0.01321	0.00883	0.01282	0.00730	0.00857	0.00534	0.00394	0.00381	0.00127	0.00596	0.00298	0.00178	0.00609
32	0.00497	0.00426	0.00426	0.00426	0.00568	0.00355	0.00319	0.00603	0.00958	0.01136	0.04259	0.04046	0.82433	0.01065	0.00497	0.00142	0.00213	0.00887	0.00390	0.00355
33	0.00514	0.00434	0.00446	0.00451	0.00588	0.00372	0.00338	0.00644	0.02752	0.01149	0.04052	0.08492	0.74559	0.01070	0.00499	0.00145	0.00221	0.02521	0.00391	0.00362
34	0.00948	0.00978	0.01363	0.01134	0.03012	0.14522	0.27952	0.03910	0.05065	0.02226	0.01471	0.25104	0.04743	0.03635	0.00538	0.00153	0.00513	0.01955	0.00297	0.00481
35	0.01060	0.11170	0.26747	0.01209	0.03442	0.02042	0.23007	0.04174	0.02567	0.10983	0.02964	0.03168	0.00832	0.00526	0.02721	0.00146	0.00572	0.01821	0.00260	0.00588
36	0.01555	0.01956	0.01185	0.01074	0.01294	0.79605	0.00808	0.03154	0.03577	0.01080	0.00688	0.00787	0.00566	0.00439	0.00381	0.00110	0.00740	0.00279	0.00227	0.00497
37	0.02338	0.01035	0.04723	0.18491	0.40827	0.03801	0.16731	0.01252	0.00933	0.01290	0.00812	0.02837	0.00670	0.00409	0.00448	0.00133	0.02068	0.00407	0.00208	0.00585
38	0.00516	0.00369	0.00493	0.00590	0.00616	0.00345	0.00398	0.00593	0.00809	0.01078	0.02315	0.82876	0.02771	0.01313	0.00538	0.00171	0.00248	0.03229	0.00390	0.00343
39	0.72321	0.05754	0.00773	0.00612	0.00879	0.03027	0.00507	0.05467	0.04723	0.01847	0.00663	0.00744	0.00516	0.00404	0.00280	0.00128	0.00350	0.00248	0.00271	0.00485
40	0.01185	0.44924	0.05294	0.00928	0.04064	0.03070	0.05896	0.13212	0.10060	0.04277	0.02842	0.00963	0.00760	0.00426	0.00348	0.00110	0.00461	0.00323	0.00266	0.00591

[dist]
# distance from previous block
# <min> <max>
0	1

[block]
# block no. 1 follows, 63 sequences, length 12
# corresponding to MSA columns:
# 72-83
name=unknown_B
#
# <colnr> <probs for GDERKNQSTAVLIFYWHMCP>
#	G	D	E	R	K	N	Q	S	T	A	V	L	I	F	Y	W	H	M	C	P
0	0.57082	0.00882	0.00772	0.00654	0.00931	0.06402	0.00534	0.04637	0.00921	0.22403	0.00879	0.00891	0.00620	0.00431	0.00316	0.00128	0.00368	0.00286	0.00330	0.00534
1	0.01054	0.14448	0.01232	0.00875	0.01121	0.03603	0.06845	0.11523	0.31417	0.03201	0.01451	0.11645	0.02295	0.00716	0.03233	0.00154	0.00427	0.03833	0.00352	0.00574
2	0.09324	0.54422	0.09466	0.00833	0.01201	0.01434	0.05496	0.05477	0.06640	0.01267	0.00718	0.00803	0.00598	0.00388	0.00313	0.00106	0.00461	0.00275	0.00219	0.00559
3	0.00601	0.00409	0.00455	0.00455	0.00469	0.00403	0.00261	0.00611	0.00644	0.00845	0.01598	0.02872	0.09068	0.77383	0.01987	0.00383	0.00389	0.00637	0.00267	0.00264
4	0.01006	0.18420	0.17210	0.03167	0.01559	0.11326	0.24366	0.02587	0.00992	0.01256	0.06427	0.01343	0.05020	0.00474	0.00417	0.00126	0.00568	0.02969	0.00234	0.00534
5	0.00511	0.00370	0.00483	0.00574	0.00607	0.00342	0.00385	0.00587	0.00815	0.01077	0.02452	0.79328	0.08318	0.01299	0.00534	0.00169	0.00242	0.01174	0.00390	0.00342
6	0.00876	0.00769	0.01227	0.41252	0.23222	0.00858	0.01022	0.01179	0.06323	0.04325	0.04233	0.06722	0.05165	0.00529	0.00434	0.00138	0.00470	0.00476	0.00255	0.00525
7	0.00533	0.00396	0.00502	0.00573	0.00635	0.00364	0.00412	0.00634	0.00873	0.01134	0.05935	0.54423	0.19632	0.01226	0.00532	0.00166	0.00254	0.11033	0.00393	0.00352
8	0.00662	0.00491	0.00670	0.00656	0.00740	0.00548	0.00496	0.04942	0.03450	0.01131	0.07398	0.07421	0.01429	0.11498	0.55881	0.00526	0.00859	0.00538	0.00274	0.00389
9	0.01265	0.01460	0.01256	0.08842	0.01410	0.42382	0.03520	0.03970	0.05716	0.01132	0.00711	0.00905	0.00598	0.00525	0.00675	0.00136	0.24445	0.00331	0.00223	0.00498
10	0.01134	0.04520	0.01037	0.00740	0.01084	0.03709	0.00601	0.22846	0.01193	0.05038	0.00898	0.03760	0.00731	0.00413	0.00354	0.00089	0.00374	0.00323	0.00307	0.50850
11	0.01086	0.57607	0.22972	0.00871	0.01287	0.07755	0.00941	0.01310	0.00889	0.01080	0.00633	0.00736	0.00538	0.00376	0.00312	0.00102	0.00517	0.00250	0.00182	0.00557

[dist]
# distance from previous block
# <min> <max>
1	3

[block]
# block no. 2 follows, 63 sequences, length 23
# corresponding to MSA columns:
# 104-126
name=unknown_C
#
# <colnr> <probs for GDERKNQSTAVLIFYWHMCP>
#	G	D	E	R	K	N	Q	S	T	A	V	L	I	F	Y	W	H	M	C	P
0	0.00821	0.08739	0.51694	0.01063	0.01534	0.00918	0.07598	0.01201	0.02098	0.01281	0.03039	0.09601	0.06055	0.00539	0.00417	0.00133	0.00531	0.00456	0.00227	0.02056
1	0.00841	0.03828	0.75801	0.01146	0.01735	0.00957	0.01461	0.01302	0.00897	0.01338	0.03733	0.00965	0.00661	0.00413	0.00397	0.00130	0.00593	0.00323	0.00190	0.03288
2	0.00588	0.00437	0.00641	0.00656	0.00721	0.00495	0.00497	0.00722	0.00692	0.00985	0.01306	0.13846	0.01318	0.05455	0.68891	0.00594	0.00975	0.00564	0.00250	0.00367
3	0.00961	0.23468	0.42142	0.03763	0.03668	0.01133	0.03184	0.03707	0.05849	0.02659	0.03801	0.02291	0.00761	0.00435	0.00378	0.00123	0.00526	0.00341	0.00222	0.00589
4	0.01090	0.61094	0.04949	0.00791	0.01109	0.10621	0.02895	0.01235	0.00891	0.01026	0.00802	0.10249	0.00796	0.00478	0.00323	0.00104	0.00474	0.00350	0.00209	0.00515
5	0.01124	0.85479	0.02203	0.00719	0.01079	0.01663	0.00719	0.01259	0.00854	0.00989	0.00584	0.00674	0.00539	0.00360	0.00270	0.00090	0.00450	0.00225	0.00180	0.00539
6	0.04635	0.01074	0.01382	0.01084	0.01390	0.09116	0.20292	0.16277	0.22863	0.13248	0.01208	0.01259	0.00890	0.02763	0.00477	0.00141	0.00495	0.00429	0.00355	0.00621
7	0.00960	0.19338	0.18546	0.01003	0.01345	0.01047	0.14132	0.01381	0.14505	0.04641	0.04296	0.04301	0.00984	0.02833	0.06876	0.00178	0.02390	0.00425	0.00265	0.00555
8	0.00579	0.00427	0.00542	0.00517	0.00620	0.00389	0.00386	0.00762	0.01147	0.01593	0.69498	0.05927	0.14246	0.00901	0.00497	0.00135	0.00202	0.00791	0.00451	0.00389
9	0.00506	0.00426	0.00438	0.00435	0.00573	0.00359	0.00326	0.00620	0.00979	0.01184	0.11197	0.03965	0.75465	0.01046	0.00497	0.00141	0.00212	0.00876	0.00397	0.00359
10	0.05039	0.00814	0.00928	0.00686	0.01042	0.00702	0.00555	0.12890	0.02812	0.08958	0.00881	0.00949	0.00681	0.00368	0.00338	0.00083	0.00339	0.00288	0.00303	0.61347
11	0.00794	0.00747	0.01261	0.84216	0.02895	0.00934	0.01167	0.01074	0.00841	0.01074	0.00747	0.01121	0.00560	0.00420	0.00420	0.00140	0.00560	0.00374	0.00187	0.00467
12	0.01598	0.01177	0.01262	0.00967	0.01304	0.01304	0.00799	0.81202	0.01976	0.02649	0.01009	0.01009	0.00715	0.00505	0.00421	0.00126	0.00463	0.00378	0.00421	0.00715
13	0.01436	0.01086	0.01167	0.00934	0.01238	0.01210	0.00764	0.60274	0.19461	0.02392	0.01218	0.01299	0.00916	0.00548	0.00429	0.00133	0.00431	0.03954	0.00421	0.00689
14	0.01202	0.01017	0.00986	0.00851	0.01062	0.13336	0.00670	0.34376	0.07810	0.01764	0.02610	0.03941	0.01136	0.10672	0.08914	0.00220	0.00539	0.08004	0.00349	0.00543
15	0.00587	0.00427	0.00552	0.00527	0.00624	0.00392	0.00393	0.00775	0.01161	0.01632	0.75042	0.06906	0.07626	0.00890	0.00498	0.00134	0.00201	0.00786	0.00456	0.00392
16	0.00593	0.00680	0.12328	0.00625	0.00796	0.00480	0.00549	0.00806	0.04295	0.01258	0.15962	0.26862	0.28894	0.01045	0.02735	0.00162	0.00308	0.00844	0.00369	0.00409
17	0.01430	0.00615	0.00830	0.00671	0.00916	0.00540	0.00540	0.01606	0.01199	0.54231	0.30151	0.02034	0.02073	0.00640	0.00449	0.00131	0.00301	0.00542	0.00500	0.00603
18	0.00882	0.00843	0.01381	0.53883	0.28380	0.02530	0.01177	0.01147	0.00895	0.01188	0.03226	0.01149	0.00697	0.00419	0.00420	0.00134	0.00534	0.00384	0.00203	0.00529
19	0.00794	0.00747	0.01261	0.84216	0.02895	0.00934	0.01167	0.01074	0.00841	0.01074	0.00747	0.01121	0.00560	0.00420	0.00420	0.00140	0.00560	0.00374	0.00187	0.00467
20	0.04052	0.00975	0.01066	0.00851	0.01134	0.01051	0.00690	0.55272	0.02881	0.10520	0.01345	0.10250	0.03969	0.00612	0.00427	0.00131	0.00404	0.00487	0.03239	0.00642
21	0.00872	0.00747	0.00872	0.00623	0.00996	0.00560	0.00498	0.01058	0.00872	0.01370	0.00747	0.00872	0.00623	0.00311	0.00311	0.00062	0.00311	0.00249	0.00249	0.87796
22	0.01620	0.00743	0.00949	0.00732	0.01042	0.00669	0.00600	0.11087	0.01244	0.56885	0.05617	0.01475	0.03000	0.00526	0.00413	0.00122	0.00349	0.00427	0.02894	0.09605

[dist]
# distance from previous block
# <min> <max>
2	21

[block]
# block no. 3 follows, 63 sequences, length 22
# corresponding to MSA columns:
# 148-169
name=unknown_D
#
# <colnr> <probs for GDERKNQSTAVLIFYWHMCP>
#	G	D	E	R	K	N	Q	S	T	A	V	L	I	F	Y	W	H	M	C	P
0	0.32286	0.00849	0.00957	0.08194	0.11897	0.02638	0.00701	0.10838	0.05665	0.10654	0.06206	0.02775	0.00957	0.01895	0.00401	0.00137	0.00391	0.01694	0.00321	0.00546
1	0.01977	0.00754	0.01061	0.08694	0.26257	0.03433	0.00800	0.04817	0.00956	0.07271	0.04114	0.11757	0.08737	0.08941	0.02904	0.00180	0.03113	0.03429	0.00298	0.00505
2	0.62289	0.04387	0.00837	0.00678	0.00936	0.08588	0.02969	0.05592	0.02203	0.01761	0.03369	0.00875	0.01981	0.00433	0.00318	0.00128	0.01624	0.00282	0.00271	0.00479
3	0.03702	0.01621	0.04564	0.01003	0.01261	0.49226	0.00797	0.11015	0.16677	0.04728	0.00938	0.00973	0.00721	0.00469	0.00393	0.00119	0.00609	0.00329	0.00293	0.00562
4	0.04740	0.00719	0.00964	0.00741	0.01065	0.00629	0.00612	0.02022	0.01187	0.80216	0.01623	0.01406	0.01021	0.00516	0.00417	0.00130	0.00357	0.00416	0.00512	0.00707
5	0.05516	0.00839	0.00947	0.00788	0.01048	0.00887	0.00634	0.22136	0.23524	0.21426	0.09908	0.03099	0.04256	0.00607	0.00432	0.00135	0.00353	0.02393	0.00441	0.00629
6	0.00794	0.00747	0.01261	0.84216	0.02895	0.00934	0.01167	0.01074	0.00841	0.01074	0.00747	0.01121	0.00560	0.00420	0.00420	0.00140	0.00560	0.00374	0.00187	0.00467
7	0.00601	0.00450	0.00676	0.00676	0.00751	0.00525	0.00525	0.00751	0.00676	0.00976	0.01126	0.01651	0.01051	0.03153	0.83560	0.00676	0.01126	0.00450	0.00225	0.00375
8	0.00571	0.00426	0.00530	0.00510	0.00615	0.00385	0.00380	0.00744	0.01124	0.01543	0.62449	0.07280	0.20044	0.00924	0.00498	0.00136	0.00204	0.00807	0.00444	0.00385
9	0.01197	0.00966	0.01055	0.00898	0.01154	0.04484	0.03426	0.21550	0.43061	0.05745	0.05392	0.01654	0.01280	0.00590	0.00439	0.00139	0.00394	0.05525	0.00413	0.00638
10	0.88196	0.00813	0.00618	0.00553	0.00813	0.00943	0.00455	0.01236	0.00715	0.01886	0.00585	0.00683	0.00455	0.00390	0.00260	0.00130	0.00325	0.00228	0.00260	0.00455
11	0.01149	0.01014	0.01525	0.13524	0.52275	0.03715	0.01150	0.14273	0.01124	0.04948	0.00852	0.01054	0.00671	0.00410	0.00417	0.00127	0.00504	0.00374	0.00253	0.00642
12	0.00836	0.00702	0.00834	0.00634	0.00963	0.00543	0.00512	0.01024	0.00899	0.01375	0.05320	0.01413	0.00998	0.00433	0.00350	0.00080	0.00313	0.08883	0.00276	0.73612
13	0.00847	0.00770	0.01224	0.65846	0.06454	0.00906	0.01070	0.05404	0.00924	0.01222	0.04090	0.01174	0.00718	0.00432	0.00415	0.00132	0.00518	0.00380	0.00217	0.07258
14	0.00597	0.00431	0.00524	0.00504	0.00611	0.00389	0.00371	0.00750	0.01069	0.03515	0.49206	0.07490	0.25584	0.06373	0.00602	0.00155	0.00222	0.00800	0.00427	0.00381
15	0.01019	0.00972	0.00943	0.00924	0.05401	0.19870	0.03306	0.03403	0.16367	0.04052	0.04491	0.10585	0.03125	0.10931	0.03143	0.00189	0.01878	0.08593	0.00324	0.00484
16	0.04206	0.00990	0.01517	0.21149	0.28462	0.06787	0.13426	0.04439	0.02503	0.09276	0.00955	0.01151	0.02391	0.00424	0.00424	0.00131	0.00534	0.00398	0.00253	0.00584
17	0.04137	0.00908	0.01196	0.12231	0.25546	0.07228	0.02220	0.03995	0.10947	0.06593	0.06115	0.01433	0.03086	0.03175	0.03974	0.00161	0.01881	0.01480	0.00288	0.03407
18	0.05066	0.02371	0.03178	0.10575	0.10641	0.10596	0.02145	0.04221	0.11767	0.14585	0.05462	0.01683	0.01157	0.00646	0.03079	0.00153	0.00476	0.09694	0.00330	0.02174
19	0.07462	0.00847	0.01063	0.12941	0.05413	0.04934	0.05688	0.13050	0.02789	0.12016	0.02323	0.06412	0.10617	0.01585	0.00463	0.00134	0.02372	0.01350	0.00327	0.08214
20	0.09338	0.04720	0.01204	0.05527	0.05550	0.22753	0.05048	0.12474	0.05338	0.06732	0.04490	0.02604	0.00907	0.00523	0.00469	0.00130	0.06286	0.03617	0.00295	0.01995
21	0.12353	0.07555	0.05554	0.05705	0.06054	0.07447	0.03148	0.10041	0.11337	0.10601	0.03742	0.03234	0.04371	0.00510	0.00391	0.00125	0.00429	0.01322	0.00321	0.05762

[dist]
# distance from previous block
# <min> <max>
2	29

[block]
# block no. 4 follows, 63 sequences, length 43
# corresponding to MSA columns:
# 212-254
name=unknown_E
#
# <colnr> <probs for GDERKNQSTAVLIFYWHMCP>
#	G	D	E	R	K	N	Q	S	T	A	V	L	I	F	Y	W	H	M	C	P
0	0.07347	0.02303	0.05414	0.00948	0.03660	0.07378	0.10062	0.11541	0.06384	0.20560	0.05886	0.06075	0.05781	0.00559	0.00423	0.00130	0.00434	0.00474	0.00361	0.04280
1	0.10537	0.00996	0.02144	0.03581	0.01220	0.12541	0.06982	0.06382	0.09630	0.21455	0.02050	0.02397	0.00941	0.00517	0.00429	0.00128	0.02555	0.05275	0.00347	0.09894
2	0.15573	0.00812	0.01038	0.04074	0.03328	0.02090	0.08559	0.05141	0.12598	0.21377	0.08324	0.02927	0.03640	0.00522	0.00404	0.00128	0.00382	0.00440	0.00368	0.08275
3	0.03462	0.08742	0.02199	0.01992	0.04633	0.21861	0.00666	0.07186	0.05639	0.09661	0.09870	0.12731	0.04861	0.00631	0.00415	0.00125	0.00446	0.00510	0.00329	0.04042
4	0.13681	0.15588	0.01140	0.00776	0.01015	0.09672	0.06450	0.02478	0.10895	0.04971	0.14642	0.04887	0.05611	0.00668	0.03499	0.00144	0.00425	0.00463	0.00316	0.02677
5	0.12850	0.02587	0.23846	0.01082	0.08075	0.02028	0.02152	0.21324	0.11295	0.07537	0.00979	0.01025	0.00712	0.00450	0.00390	0.00129	0.00471	0.00350	0.00309	0.02408
6	0.49891	0.05934	0.00962	0.00817	0.04744	0.13936	0.03978	0.02949	0.05929	0.03063	0.00742	0.00882	0.00599	0.03580	0.00383	0.00136	0.00431	0.00289	0.00262	0.00495
7	0.12375	0.03315	0.00850	0.00726	0.00913	0.00626	0.07272	0.01104	0.04290	0.12032	0.14476	0.12126	0.11457	0.00818	0.00466	0.00149	0.00335	0.15828	0.00381	0.00463
8	0.01362	0.05059	0.01159	0.00927	0.01202	0.16960	0.00739	0.28564	0.33315	0.04483	0.01219	0.01180	0.00909	0.00511	0.00409	0.00128	0.00464	0.00390	0.00377	0.00644
9	0.00843	0.02174	0.83048	0.01198	0.01819	0.00976	0.01553	0.01331	0.00888	0.01331	0.00754	0.00888	0.00533	0.00399	0.00399	0.00133	0.00621	0.00311	0.00178	0.00621
10	0.00909	0.10530	0.70111	0.01151	0.01731	0.01037	0.03546	0.01347	0.00897	0.03902	0.00769	0.00890	0.00552	0.00398	0.00390	0.00129	0.00598	0.00310	0.00190	0.00615
11	0.01029	0.57316	0.29535	0.00881	0.01329	0.01431	0.01001	0.01283	0.00865	0.01105	0.00642	0.00746	0.00537	0.00373	0.00314	0.00105	0.00508	0.00254	0.00179	0.00567
12	0.00905	0.00738	0.01206	0.51231	0.14591	0.00841	0.01051	0.01153	0.00905	0.08433	0.01069	0.04274	0.00922	0.00543	0.00444	0.00145	0.00501	0.10292	0.00251	0.00506
13	0.00521	0.00442	0.00452	0.00450	0.00591	0.00382	0.00337	0.00670	0.03984	0.01175	0.06714	0.06507	0.74232	0.01047	0.00495	0.00143	0.00218	0.00877	0.00394	0.00367
14	0.01437	0.01049	0.01418	0.02861	0.29282	0.12350	0.08751	0.04370	0.01117	0.31460	0.01104	0.01155	0.00784	0.00440	0.00421	0.00126	0.00503	0.00390	0.00332	0.00648
15	0.01320	0.00981	0.00994	0.05561	0.01171	0.17473	0.02264	0.15844	0.01228	0.22857	0.04440	0.17297	0.01355	0.00687	0.00447	0.00137	0.00450	0.04559	0.00382	0.00553
16	0.00674	0.00479	0.00665	0.00756	0.00847	0.00479	0.00653	0.00856	0.00947	0.01233	0.02174	0.04628	0.02368	0.05987	0.00670	0.00206	0.00388	0.75230	0.00379	0.00379
17	0.00611	0.00408	0.00458	0.00458	0.00458	0.00408	0.00255	0.00611	0.00611	0.00815	0.01325	0.02751	0.01528	0.85226	0.02140	0.00408	0.00408	0.00611	0.00255	0.00255
18	0.01466	0.01150	0.12255	0.01075	0.01448	0.06709	0.17262	0.13784	0.01228	0.35204	0.01218	0.01274	0.00842	0.00479	0.00435	0.00132	0.00510	0.02508	0.00372	0.00648
19	0.01461	0.01519	0.01362	0.01126	0.01401	0.45398	0.14703	0.04866	0.09658	0.12993	0.00955	0.01015	0.00715	0.00449	0.00412	0.00122	0.00636	0.00357	0.00290	0.00562
20	0.00992	0.01134	0.02481	0.01772	0.02197	0.01063	0.81077	0.01347	0.00992	0.01347	0.00850	0.01134	0.00638	0.00354	0.00496	0.00142	0.00709	0.00496	0.00213	0.00567
21	0.08193	0.20828	0.29824	0.00987	0.01425	0.01209	0.04771	0.22324	0.01168	0.04372	0.00803	0.00884	0.00598	0.00419	0.00369	0.00121	0.00512	0.00315	0.00262	0.00614
22	0.01295	0.17012	0.11506	0.01007	0.01321	0.34661	0.05714	0.07955	0.05215	0.04344	0.05475	0.01005	0.00813	0.00451	0.00383	0.00115	0.00589	0.00334	0.00257	0.00549
23	0.01105	0.01009	0.01934	0.01416	0.01774	0.04226	0.54312	0.01399	0.01060	0.14383	0.11785	0.01432	0.01140	0.00451	0.00480	0.00137	0.00587	0.00510	0.00295	0.00565
24	0.00730	0.00365	0.00548	0.00548	0.00548	0.00365	0.00365	0.00548	0.00548	0.00730	0.00730	0.01278	0.00730	0.01460	0.01643	0.87769	0.00365	0.00365	0.00183	0.00183
25	0.01129	0.01361	0.23619	0.03736	0.15579	0.04732	0.26262	0.03930	0.01024	0.13129	0.00924	0.01073	0.00668	0.00404	0.00436	0.00133	0.00590	0.00398	0.00253	0.00618
26	0.01000	0.01360	0.17663	0.01626	0.07283	0.05783	0.51092	0.01379	0.03676	0.01332	0.00837	0.01068	0.00633	0.00387	0.00488	0.00138	0.03027	0.00435	0.00212	0.00580
27	0.01104	0.01022	0.08865	0.00956	0.01244	0.01006	0.06859	0.02013	0.56480	0.09989	0.01503	0.01431	0.01109	0.00539	0.00468	0.00142	0.03780	0.00452	0.00387	0.00651
28	0.00992	0.01134	0.02481	0.01772	0.02197	0.01063	0.81077	0.01347	0.00992	0.01347	0.00850	0.01134	0.00638	0.00354	0.00496	0.00142	0.00709	0.00496	0.00213	0.00567
29	0.01023	0.17192	0.16647	0.01450	0.08152	0.01115	0.39289	0.01338	0.00960	0.05010	0.03284	0.01070	0.00722	0.00388	0.00426	0.00128	0.00596	0.00407	0.00221	0.00581
30	0.00948	0.10324	0.39863	0.04099	0.01464	0.00952	0.03653	0.03704	0.03119	0.07911	0.11776	0.01348	0.03676	0.00512	0.00459	0.00132	0.04819	0.00406	0.00266	0.00570
31	0.00619	0.00442	0.00611	0.00708	0.00779	0.00434	0.00576	0.00770	0.00910	0.01193	0.02258	0.32963	0.02546	0.01216	0.00565	0.00186	0.00337	0.52127	0.00388	0.00371
32	0.01652	0.01026	0.03533	0.00936	0.01281	0.01018	0.05360	0.43998	0.01593	0.33319	0.01242	0.01175	0.00830	0.00499	0.00425	0.00129	0.00441	0.00400	0.00440	0.00704
33	0.09194	0.02051	0.03712	0.01003	0.01273	0.15337	0.11738	0.07979	0.27194	0.06625	0.02568	0.01207	0.00908	0.00579	0.03116	0.00151	0.04055	0.00401	0.00325	0.00583
34	0.01475	0.00891	0.04322	0.01070	0.06261	0.00874	0.09011	0.04134	0.01052	0.45393	0.01217	0.01227	0.00836	0.00538	0.00646	0.00143	0.19486	0.00409	0.00377	0.00636
35	0.01036	0.00962	0.05852	0.03806	0.16406	0.00974	0.03889	0.01846	0.48236	0.05359	0.05984	0.01483	0.01219	0.00525	0.00430	0.00137	0.00395	0.00458	0.00363	0.00640
36	0.00840	0.00674	0.00841	0.06979	0.01081	0.00560	0.00560	0.01033	0.00925	0.04090	0.09937	0.03264	0.01247	0.00504	0.00379	0.00095	0.00327	0.09434	0.00295	0.56936
37	0.00566	0.00430	0.00527	0.00506	0.00617	0.00391	0.00381	0.00733	0.01090	0.01478	0.54020	0.03329	0.27601	0.01053	0.05265	0.00166	0.00256	0.00781	0.00427	0.00383
38	0.00695	0.06962	0.00803	0.00663	0.00719	0.00684	0.00499	0.00778	0.00664	0.00925	0.01091	0.01940	0.01142	0.34329	0.31546	0.00443	0.13744	0.01790	0.00229	0.00354
39	0.00999	0.00963	0.01000	0.02352	0.01034	0.17703	0.03710	0.03692	0.07171	0.03657	0.00978	0.01443	0.00905	0.17253	0.15102	0.00282	0.17989	0.00421	0.00251	0.03093
40	0.01136	0.01022	0.01533	0.09009	0.42021	0.06178	0.08697	0.09551	0.01088	0.06635	0.03330	0.01114	0.00772	0.00414	0.00419	0.00124	0.00508	0.00387	0.00259	0.05805
41	0.02000	0.00924	0.01165	0.17176	0.15544	0.05350	0.00839	0.10095	0.08530	0.03032	0.00880	0.01032	0.00690	0.00408	0.00397	0.00109	0.01927	0.00336	0.00268	0.29296
42	0.16084	0.01133	0.01207	0.00978	0.01252	0.15917	0.12009	0.16627	0.12161	0.07078	0.03736	0.01144	0.02173	0.00490	0.00446	0.00130	0.04605	0.00384	0.00321	0.02123

[dist]
# distance from previous block
# <min> <max>
1	22

[block]
# block no. 5 follows, 63 sequences, length 26
# corresponding to MSA columns:
# 277-285,293-299,301-310
name=unknown_F
#
# <colnr> <probs for GDERKNQSTAVLIFYWHMCP>
#	G	D	E	R	K	N	Q	S	T	A	V	L	I	F	Y	W	H	M	C	P
0	0.06068	0.28784	0.38148	0.00986	0.01445	0.01179	0.06113	0.04994	0.00926	0.01303	0.00890	0.02378	0.04234	0.00433	0.00363	0.00120	0.00522	0.00333	0.00210	0.00570
1	0.32814	0.30706	0.13323	0.00898	0.06421	0.02735	0.03253	0.01267	0.00820	0.01403	0.00631	0.00754	0.00519	0.00388	0.00332	0.00117	0.02618	0.00261	0.00212	0.00527
2	0.00896	0.00781	0.06190	0.00729	0.02101	0.00616	0.01887	0.01150	0.05669	0.08093	0.11294	0.08551	0.02525	0.00543	0.00422	0.00104	0.03178	0.01520	0.00317	0.43435
3	0.00872	0.00747	0.00872	0.00623	0.00996	0.00560	0.00498	0.01058	0.00872	0.01370	0.00747	0.00872	0.00623	0.00311	0.00311	0.00062	0.00311	0.00249	0.00249	0.87796
4	0.00872	0.00747	0.00872	0.00623	0.00996	0.00560	0.00498	0.01058	0.00872	0.01370	0.00747	0.00872	0.00623	0.00311	0.00311	0.00062	0.00311	0.00249	0.00249	0.87796
5	0.00913	0.00944	0.12273	0.00708	0.01114	0.00621	0.00650	0.01140	0.00889	0.04999	0.00789	0.00899	0.00629	0.00333	0.00329	0.00075	0.00356	0.00265	0.00251	0.71824
6	0.81207	0.00828	0.00705	0.00715	0.07371	0.00948	0.00522	0.01240	0.00735	0.01845	0.00602	0.00712	0.00472	0.00389	0.00273	0.00130	0.00339	0.00239	0.00256	0.00472
7	0.00601	0.00450	0.00676	0.00676	0.00751	0.00525	0.00525	0.00751	0.00676	0.00976	0.01126	0.01651	0.01051	0.03153	0.83560	0.00676	0.01126	0.00450	0.00225	0.00375
8	0.00611	0.00465	0.00580	0.00620	0.00736	0.00439	0.00513	0.00798	0.02813	0.01287	0.14221	0.04203	0.30431	0.01072	0.00536	0.00166	0.00299	0.39426	0.00400	0.00383
9	0.00784	0.00392	0.00392	0.00392	0.00490	0.00392	0.00294	0.00980	0.00882	0.01567	0.01371	0.01567	0.01077	0.00490	0.00294	0.00098	0.00196	0.00392	0.87560	0.00392
10	0.00641	0.00505	0.00734	0.00711	0.00771	0.00610	0.00552	0.00772	0.00667	0.00967	0.01071	0.01649	0.01028	0.09435	0.66889	0.00593	0.11353	0.00453	0.00222	0.00376
11	0.00808	0.00762	0.01287	0.79440	0.07559	0.00938	0.01175	0.01087	0.00847	0.01092	0.00750	0.01116	0.00567	0.00418	0.00420	0.00139	0.00557	0.00374	0.00188	0.00479
12	0.00784	0.00392	0.00392	0.00392	0.00490	0.00392	0.00294	0.00980	0.00882	0.01567	0.01371	0.01567	0.01077	0.00490	0.00294	0.00098	0.00196	0.00392	0.87560	0.00392
13	0.88196	0.00813	0.00618	0.00553	0.00813	0.00943	0.00455	0.01236	0.00715	0.01886	0.00585	0.00683	0.00455	0.00390	0.00260	0.00130	0.00325	0.00228	0.00260	0.00455
14	0.27081	0.00944	0.01332	0.01257	0.16431	0.00970	0.15955	0.13087	0.01086	0.16562	0.00931	0.01019	0.00674	0.00421	0.00387	0.00131	0.00456	0.00363	0.00312	0.00601
15	0.00976	0.00930	0.01569	0.23875	0.59539	0.00983	0.01241	0.01259	0.03137	0.01306	0.00804	0.01076	0.00655	0.00392	0.00418	0.00129	0.00511	0.00377	0.00209	0.00614
16	0.20571	0.61259	0.03249	0.00702	0.01038	0.03460	0.00676	0.01286	0.02553	0.01213	0.00613	0.00701	0.00536	0.00373	0.00276	0.00101	0.00430	0.00233	0.00204	0.00524
17	0.00920	0.00920	0.01288	0.01104	0.01104	0.01288	0.00920	0.01012	0.00644	0.01012	0.00552	0.00920	0.00552	0.00736	0.01380	0.00184	0.84457	0.00368	0.00184	0.00460
18	0.00704	0.00377	0.00542	0.00542	0.00547	0.00382	0.00359	0.00570	0.00566	0.00759	0.00846	0.01526	0.00872	0.14274	0.07036	0.68866	0.00421	0.00408	0.00196	0.00206
19	0.00497	0.00426	0.00426	0.00426	0.00568	0.00355	0.00319	0.00603	0.00958	0.01136	0.04259	0.04046	0.82433	0.01065	0.00497	0.00142	0.00213	0.00887	0.00390	0.00355
20	0.01056	0.01005	0.01676	0.05351	0.57495	0.02986	0.11115	0.06442	0.01005	0.01395	0.00804	0.01060	0.00662	0.00447	0.00497	0.05255	0.00524	0.00387	0.00220	0.00617
21	0.01562	0.01781	0.01176	0.01047	0.01263	0.67832	0.00798	0.03198	0.01172	0.09739	0.00757	0.00845	0.00598	0.00463	0.00449	0.00116	0.06143	0.00295	0.00251	0.00514
22	0.00784	0.00392	0.00392	0.00392	0.00490	0.00392	0.00294	0.00980	0.00882	0.01567	0.01371	0.01567	0.01077	0.00490	0.00294	0.00098	0.00196	0.00392	0.87560	0.00392
23	0.00893	0.00760	0.00883	0.00633	0.01005	0.00582	0.00507	0.03425	0.00904	0.01408	0.00755	0.00876	0.00625	0.00317	0.00315	0.00064	0.00316	0.00253	0.00254	0.85225
24	0.01019	0.00894	0.00921	0.00841	0.01061	0.03519	0.00648	0.02085	0.72873	0.01681	0.01727	0.08229	0.01381	0.00626	0.00435	0.00144	0.00339	0.00527	0.00418	0.00634
25	0.01417	0.01766	0.01089	0.01011	0.01199	0.71467	0.00751	0.01520	0.01135	0.01035	0.00892	0.12974	0.00866	0.00561	0.00402	0.00117	0.00683	0.00405	0.00242	0.00466

[dist]
# distance from previous block
# <min> <max>
0	1

[block]
# block no. 6 follows, 63 sequences, length 7
# corresponding to MSA columns:
# 312-317,349
name=unknown_G
#
# <colnr> <probs for GDERKNQSTAVLIFYWHMCP>
#	G	D	E	R	K	N	Q	S	T	A	V	L	I	F	Y	W	H	M	C	P
0	0.01237	0.64293	0.01946	0.00812	0.01135	0.22444	0.00743	0.01365	0.00940	0.00999	0.00601	0.00696	0.00540	0.00378	0.00297	0.00095	0.00528	0.00236	0.00189	0.00526
1	0.00872	0.00747	0.00872	0.00623	0.00996	0.00560	0.00498	0.01058	0.00872	0.01370	0.00747	0.00872	0.00623	0.00311	0.00311	0.00062	0.00311	0.00249	0.00249	0.87796
2	0.01407	0.07844	0.01185	0.00986	0.01209	0.63179	0.00755	0.01626	0.09327	0.01108	0.01015	0.01073	0.06568	0.00488	0.00385	0.00113	0.00653	0.00333	0.00248	0.00500
3	0.00641	0.00388	0.00507	0.00521	0.00528	0.00388	0.00329	0.00591	0.00619	0.00829	0.01237	0.14094	0.01389	0.37708	0.05716	0.33025	0.00403	0.00596	0.00246	0.00246
4	0.00865	0.08783	0.76635	0.01160	0.01761	0.01031	0.01487	0.01326	0.00885	0.01304	0.00741	0.00871	0.00533	0.00396	0.00389	0.00130	0.00608	0.00304	0.00178	0.00615
5	0.74524	0.00866	0.00682	0.00605	0.00865	0.04579	0.00492	0.01359	0.05714	0.06090	0.00713	0.00779	0.00540	0.00410	0.00284	0.00130	0.00346	0.00255	0.00282	0.00483
6	0.01004	0.00953	0.01619	0.07980	0.72665	0.00966	0.01248	0.01252	0.00950	0.01347	0.00868	0.01253	0.00757	0.00422	0.00426	0.00130	0.00497	0.04812	0.00217	0.00637

[dist]
# distance from previous block
# <min> <max>
0	1

[block]
# block no. 7 follows, 63 sequences, length 22
# corresponding to MSA columns:
# 351-372
name=unknown_H
#
# <colnr> <probs for GDERKNQSTAVLIFYWHMCP>
#	G	D	E	R	K	N	Q	S	T	A	V	L	I	F	Y	W	H	M	C	P
0	0.00853	0.00802	0.01352	0.57444	0.25031	0.00926	0.01165	0.01121	0.00890	0.01187	0.04652	0.01195	0.00752	0.00428	0.00423	0.00135	0.00526	0.00392	0.00206	0.00519
1	0.00521	0.00426	0.00460	0.00461	0.00589	0.00366	0.00346	0.00645	0.00996	0.01239	0.18625	0.06924	0.62651	0.01039	0.00500	0.00143	0.00216	0.03087	0.00404	0.00363
2	0.00867	0.00800	0.01315	0.41033	0.30134	0.00894	0.01111	0.01158	0.04213	0.01224	0.01009	0.04558	0.00896	0.00518	0.00440	0.00141	0.00501	0.08424	0.00232	0.00531
3	0.00827	0.00781	0.01321	0.73204	0.13647	0.00943	0.01184	0.01103	0.00856	0.01114	0.00753	0.01110	0.00575	0.00414	0.00420	0.00138	0.00552	0.00374	0.00190	0.00494
4	0.01046	0.00903	0.00951	0.00855	0.01093	0.01046	0.00665	0.02234	0.81845	0.01759	0.01711	0.01568	0.01283	0.00570	0.00428	0.00143	0.00333	0.00475	0.00428	0.00665
5	0.01024	0.00880	0.00932	0.00840	0.01071	0.01015	0.00653	0.02165	0.77999	0.01755	0.05558	0.01643	0.01411	0.00584	0.00431	0.00142	0.00326	0.00489	0.00429	0.00653
6	0.88196	0.00813	0.00618	0.00553	0.00813	0.00943	0.00455	0.01236	0.00715	0.01886	0.00585	0.00683	0.00455	0.00390	0.00260	0.00130	0.00325	0.00228	0.00260	0.00455
7	0.00497	0.00426	0.00426	0.00426	0.00568	0.00355	0.00319	0.00603	0.00958	0.01136	0.04259	0.04046	0.82433	0.01065	0.00497	0.00142	0.00213	0.00887	0.00390	0.00355
8	0.00872	0.00747	0.00872	0.00623	0.00996	0.00560	0.00498	0.01058	0.00872	0.01370	0.00747	0.00872	0.00623	0.00311	0.00311	0.00062	0.00311	0.00249	0.00249	0.87796
9	0.01020	0.00978	0.01669	0.09397	0.75948	0.00993	0.01280	0.01272	0.00947	0.01348	0.00787	0.01047	0.00657	0.00378	0.00417	0.00126	0.00504	0.00374	0.00206	0.00649
10	0.01330	0.01077	0.01365	0.01491	0.28487	0.01164	0.00944	0.42816	0.13405	0.02091	0.01040	0.01102	0.00782	0.00471	0.00420	0.00128	0.00456	0.00391	0.00350	0.00691
11	0.00624	0.00455	0.00605	0.00600	0.00637	0.00507	0.00425	0.00703	0.00655	0.00913	0.01231	0.02242	0.01299	0.41169	0.38419	0.00508	0.04945	0.03494	0.00243	0.00324
12	0.00521	0.00372	0.00498	0.00596	0.00624	0.00349	0.00406	0.00601	0.00814	0.01083	0.02312	0.80517	0.02760	0.01308	0.00539	0.00172	0.00252	0.05540	0.00390	0.00344
13	0.01030	0.00993	0.01712	0.05616	0.77289	0.00998	0.03595	0.01284	0.00954	0.01361	0.00791	0.01046	0.00661	0.00376	0.00419	0.00126	0.00508	0.00378	0.00207	0.00656
14	0.01208	0.00984	0.01042	0.00888	0.01155	0.01121	0.00705	0.25452	0.58362	0.02020	0.01505	0.01404	0.01116	0.00551	0.00426	0.00138	0.00371	0.00447	0.00426	0.00680
15	0.00549	0.00428	0.00498	0.00481	0.00600	0.00377	0.00360	0.00704	0.01081	0.01428	0.45794	0.03564	0.40715	0.00956	0.00496	0.00137	0.00205	0.00820	0.00429	0.00377
16	0.01172	0.10854	0.38196	0.01138	0.06680	0.02652	0.01151	0.25099	0.02726	0.05153	0.00868	0.00943	0.00632	0.00434	0.00394	0.00125	0.00534	0.00333	0.00272	0.00645
17	0.00860	0.00821	0.01196	0.09496	0.41639	0.04909	0.00916	0.01065	0.00985	0.01305	0.10924	0.02005	0.20935	0.00605	0.00443	0.00130	0.00414	0.00538	0.00280	0.00532
18	0.00973	0.32712	0.24602	0.00832	0.01267	0.02975	0.00886	0.01224	0.00877	0.01209	0.00686	0.00800	0.00564	0.00357	0.00322	0.00094	0.00461	0.00258	0.00202	0.28698
19	0.01152	0.09603	0.14591	0.00802	0.01173	0.04348	0.00753	0.03999	0.08894	0.17578	0.04358	0.01126	0.00883	0.00431	0.00369	0.00105	0.00407	0.00339	0.00314	0.28774
20	0.01013	0.18837	0.17236	0.00808	0.01113	0.03160	0.00783	0.12301	0.04081	0.06800	0.13914	0.08965	0.04483	0.02360	0.00448	0.00133	0.00414	0.02292	0.00322	0.00539
21	0.01084	0.22634	0.22104	0.00957	0.03389	0.07325	0.00924	0.08732	0.18728	0.02709	0.05076	0.02691	0.00942	0.00480	0.00381	0.00122	0.00475	0.00371	0.00282	0.00595

[dist]
# distance from previous block
# <min> <max>
1	25

[block]
# block no. 8 follows, 63 sequences, length 33
# corresponding to MSA columns:
# 398-430
name=unknown_I
#
# <colnr> <probs for GDERKNQSTAVLIFYWHMCP>
#	G	D	E	R	K	N	Q	S	T	A	V	L	I	F	Y	W	H	M	C	P
0	0.21053	0.06090	0.07627	0.01062	0.04657	0.06186	0.17391	0.15968	0.03695	0.03024	0.04306	0.01187	0.05041	0.00467	0.00394	0.00129	0.00484	0.00393	0.00288	0.00558
1	0.12778	0.05603	0.01300	0.18291	0.16763	0.21266	0.03088	0.09335	0.03635	0.01409	0.00790	0.02482	0.00642	0.00436	0.00385	0.00125	0.00541	0.00344	0.00243	0.00543
2	0.01293	0.01110	0.01234	0.04674	0.22223	0.14999	0.00876	0.12957	0.20298	0.11749	0.03551	0.01227	0.00938	0.00484	0.00417	0.00128	0.00475	0.00399	0.00337	0.00633
3	0.00557	0.00434	0.00552	0.00549	0.00653	0.00430	0.00418	0.00697	0.00885	0.01174	0.17636	0.05508	0.32860	0.01862	0.33448	0.00353	0.00573	0.00700	0.00338	0.00370
4	0.00634	0.00453	0.00628	0.00725	0.00803	0.00447	0.00602	0.00796	0.00925	0.01210	0.02250	0.25711	0.02514	0.01202	0.00569	0.00188	0.00350	0.59231	0.00388	0.00375
5	0.00556	0.00432	0.00509	0.00512	0.00629	0.00386	0.00395	0.00705	0.01038	0.01347	0.32117	0.06640	0.41255	0.01012	0.00508	0.00146	0.00231	0.10793	0.00416	0.00374
6	0.01210	0.04915	0.01079	0.00919	0.01156	0.26315	0.00713	0.02022	0.53645	0.01502	0.01337	0.01282	0.01024	0.00519	0.00406	0.00130	0.00468	0.00402	0.00352	0.00605
7	0.03373	0.36384	0.41350	0.00982	0.01467	0.01246	0.03678	0.01330	0.00886	0.04750	0.00722	0.00826	0.00559	0.00387	0.00346	0.00115	0.00534	0.00284	0.00197	0.00585
8	0.01074	0.40491	0.28900	0.00926	0.01352	0.06185	0.01002	0.05589	0.08515	0.01264	0.00772	0.00851	0.00616	0.00405	0.00342	0.00112	0.00515	0.00288	0.00217	0.00585
9	0.88196	0.00813	0.00618	0.00553	0.00813	0.00943	0.00455	0.01236	0.00715	0.01886	0.00585	0.00683	0.00455	0.00390	0.00260	0.00130	0.00325	0.00228	0.00260	0.00455
10	0.02392	0.10729	0.30581	0.01623	0.27941	0.02965	0.09464	0.05838	0.02090	0.01391	0.00780	0.00949	0.00607	0.00391	0.00399	0.00126	0.00557	0.00345	0.00211	0.00621
11	0.00605	0.00433	0.00590	0.00590	0.00635	0.00479	0.00418	0.00695	0.00650	0.00912	0.01205	0.02087	0.01240	0.35688	0.51284	0.00569	0.00841	0.00514	0.00237	0.00328
12	0.00769	0.00468	0.00618	0.00558	0.00688	0.00427	0.00427	0.00963	0.01192	0.12649	0.71484	0.02909	0.03571	0.00814	0.00486	0.00132	0.00220	0.00715	0.00471	0.00440
13	0.00578	0.00431	0.00539	0.00519	0.00627	0.00392	0.00393	0.00757	0.01132	0.01552	0.62478	0.03402	0.20202	0.00916	0.00500	0.00137	0.00210	0.04404	0.00444	0.00388
14	0.01418	0.00893	0.01582	0.01173	0.01517	0.00835	0.33119	0.01703	0.04789	0.41158	0.03450	0.01345	0.00950	0.00472	0.00489	0.00137	0.03494	0.00462	0.00378	0.00636
15	0.00632	0.00469	0.00658	0.00651	0.00755	0.00447	0.03384	0.00818	0.01062	0.01455	0.44167	0.06867	0.05020	0.04826	0.00601	0.00167	0.00291	0.26925	0.00415	0.00390
16	0.01787	0.00805	0.05973	0.00771	0.01116	0.00638	0.00671	0.01970	0.01172	0.75070	0.01571	0.01378	0.00995	0.00506	0.00417	0.00128	0.00372	0.00410	0.00490	0.03760
17	0.01150	0.80558	0.02143	0.00741	0.01092	0.06490	0.00725	0.01284	0.00874	0.00991	0.00588	0.00679	0.00540	0.00364	0.00276	0.00091	0.00468	0.00227	0.00182	0.00536
18	0.01175	0.04974	0.11353	0.01498	0.14092	0.08261	0.27189	0.19196	0.05226	0.01617	0.00879	0.01032	0.00666	0.00414	0.00432	0.00130	0.00586	0.00397	0.00264	0.00618
19	0.01074	0.00999	0.01566	0.08188	0.45757	0.03251	0.06592	0.05615	0.04498	0.04225	0.00834	0.01062	0.00678	0.00454	0.00568	0.00137	0.13267	0.00385	0.00235	0.00612
20	0.01483	0.01053	0.01147	0.00913	0.01222	0.01158	0.00743	0.51304	0.23213	0.11348	0.01269	0.01205	0.00903	0.00524	0.00423	0.00131	0.00416	0.00409	0.00434	0.00702
21	0.00730	0.00365	0.00548	0.00548	0.00548	0.00365	0.00365	0.00548	0.00548	0.00730	0.00730	0.01278	0.00730	0.01460	0.01643	0.87769	0.00365	0.00365	0.00183	0.00183
22	0.02818	0.02772	0.51133	0.01283	0.11211	0.02569	0.05380	0.01287	0.00915	0.05049	0.00980	0.07518	0.00829	0.00503	0.00421	0.00137	0.00554	0.03827	0.00227	0.00589
23	0.01230	0.29507	0.04142	0.01016	0.08758	0.14772	0.00796	0.12950	0.12108	0.04387	0.00975	0.05846	0.00827	0.00486	0.00370	0.00116	0.00481	0.00369	0.00281	0.00583
24	0.00618	0.00473	0.00721	0.00692	0.00772	0.00532	0.03790	0.00757	0.00680	0.00970	0.01141	0.01773	0.01096	0.13699	0.69582	0.00619	0.01016	0.00473	0.00229	0.00368
25	0.00996	0.01123	0.02417	0.01838	0.08751	0.01058	0.74574	0.01342	0.00989	0.01349	0.00846	0.01126	0.00640	0.00356	0.00490	0.00140	0.00692	0.00486	0.00212	0.00575
26	0.00974	0.03478	0.17907	0.27780	0.21272	0.03955	0.10262	0.01308	0.03274	0.04595	0.00828	0.01057	0.00628	0.00405	0.00418	0.00132	0.00564	0.00372	0.00214	0.00575
27	0.00972	0.00928	0.01566	0.15812	0.65275	0.00954	0.01219	0.01219	0.00938	0.01312	0.00965	0.01211	0.04934	0.00418	0.00421	0.00128	0.00494	0.00401	0.00214	0.00617
28	0.00985	0.00877	0.01603	0.05788	0.01592	0.00871	0.37605	0.06133	0.03203	0.08736	0.10287	0.10395	0.03774	0.00591	0.00535	0.00144	0.05460	0.00583	0.00308	0.00531
29	0.01066	0.01192	0.04313	0.06847	0.14181	0.10802	0.43940	0.06035	0.01048	0.01360	0.00881	0.04702	0.00720	0.00423	0.00460	0.00135	0.00636	0.00461	0.00230	0.00567
30	0.01271	0.04303	0.01576	0.01332	0.09734	0.23431	0.22460	0.12056	0.01164	0.07542	0.02345	0.05579	0.00822	0.00487	0.00471	0.00129	0.04029	0.00429	0.00276	0.00566
31	0.01283	0.00870	0.01334	0.19855	0.01701	0.00903	0.15715	0.12689	0.09665	0.25595	0.02131	0.01328	0.00888	0.03522	0.00499	0.00145	0.00481	0.00435	0.00354	0.00606
32	0.01257	0.04058	0.06905	0.01104	0.11359	0.09147	0.06365	0.08557	0.06874	0.22374	0.08904	0.08785	0.01281	0.00572	0.00433	0.00131	0.00444	0.00492	0.00361	0.00596

[dist]
# distance from previous block
# <min> <max>
1	14

[block]
# block no. 9 follows, 63 sequences, length 14
# corresponding to MSA columns:
# 445-458
name=unknown_J
#
# <colnr> <probs for GDERKNQSTAVLIFYWHMCP>
#	G	D	E	R	K	N	Q	S	T	A	V	L	I	F	Y	W	H	M	C	P
