[name]
unknown

[dist]
# distance from previous block
# <min> <max>
3	158

[block]
# block no. 0 follows, 69 sequences, length 8
# corresponding to MSA columns:
# 199-206
name=unknown_A
#
# <colnr> <probs for GDERKNQSTAVLIFYWHMCP>
#	G	D	E	R	K	N	Q	S	T	A	V	L	I	F	Y	W	H	M	C	P
0	0.08735	0.00827	0.02528	0.10573	0.38307	0.00807	0.03167	0.02694	0.02766	0.03267	0.04706	0.01112	0.03100	0.00394	0.00367	0.00110	0.00407	0.00353	0.00234	0.15546
1	0.04237	0.00606	0.00693	0.00557	0.00806	0.00515	0.00436	0.00999	0.07427	0.04560	0.14122	0.04515	0.13971	0.00538	0.00361	0.00094	0.00262	0.00449	0.00311	0.44540
2	0.00633	0.00526	0.00644	0.02049	0.00765	0.00495	0.04182	0.04497	0.08476	0.01259	0.12998	0.10639	0.37396	0.02907	0.00483	0.00135	0.00265	0.03942	0.00353	0.07359
3	0.04432	0.00744	0.00938	0.00752	0.04684	0.00641	0.04738	0.09148	0.00957	0.08395	0.04562	0.02956	0.00806	0.00377	0.00333	0.00083	0.00329	0.00316	0.00278	0.54531
4	0.00617	0.00450	0.00606	0.00585	0.00661	0.00486	0.00432	0.04322	0.00695	0.00981	0.03372	0.04662	0.01169	0.21244	0.50747	0.02628	0.00763	0.00471	0.00236	0.04873
5	0.01053	0.04003	0.03322	0.03875	0.23409	0.03302	0.28145	0.08294	0.06520	0.07949	0.00916	0.03365	0.00721	0.00413	0.00437	0.00125	0.02921	0.00409	0.00252	0.00569
6	0.00907	0.12819	0.05909	0.01956	0.03788	0.03840	0.01872	0.07475	0.04184	0.05907	0.06046	0.13790	0.01137	0.02140	0.04213	0.00136	0.02308	0.00447	0.00278	0.20848
7	0.07444	0.15657	0.09848	0.00825	0.01116	0.04613	0.06111	0.13855	0.06079	0.14818	0.01134	0.05778	0.04739	0.00565	0.02709	0.00133	0.03344	0.00393	0.00298	0.00539

[dist]
# distance from previous block
# <min> <max>
6	63

[block]
# block no. 1 follows, 69 sequences, length 11
# corresponding to MSA columns:
# 273-283
name=unknown_B
#
# <colnr> <probs for GDERKNQSTAVLIFYWHMCP>
#	G	D	E	R	K	N	Q	S	T	A	V	L	I	F	Y	W	H	M	C	P
0	0.18643	0.04872	0.10554	0.07397	0.06865	0.06665	0.11311	0.04463	0.03510	0.06398	0.03575	0.00953	0.00684	0.00385	0.00349	0.00112	0.00443	0.00319	0.00244	0.12258
1	0.03573	0.00427	0.00497	0.00493	0.00537	0.00434	0.00319	0.03843	0.00688	0.03883	0.01357	0.16532	0.01494	0.52368	0.08191	0.00323	0.00398	0.00617	0.03723	0.00304
2	0.04968	0.00533	0.02832	0.00615	0.00709	0.02225	0.00480	0.03283	0.00742	0.03156	0.07830	0.05967	0.03274	0.13002	0.36910	0.06180	0.03062	0.03621	0.00258	0.00355
3	0.00915	0.00854	0.01246	0.03314	0.20371	0.05833	0.15962	0.05043	0.16108	0.02797	0.04156	0.08131	0.03198	0.07824	0.02353	0.00159	0.00455	0.00489	0.00278	0.00513
4	0.00862	0.00742	0.00828	0.00711	0.00926	0.04361	0.03477	0.07817	0.27112	0.01421	0.04799	0.08792	0.08161	0.02520	0.02907	0.00138	0.00348	0.03625	0.01825	0.18628
5	0.00842	0.24092	0.51976	0.00938	0.01401	0.01045	0.01124	0.01168	0.00814	0.01139	0.00822	0.00926	0.04755	0.00402	0.00375	0.00113	0.03540	0.00296	0.00179	0.04052
6	0.01020	0.66863	0.17075	0.00769	0.01143	0.05469	0.00818	0.01205	0.00818	0.00983	0.00577	0.00669	0.00502	0.00346	0.00279	0.00092	0.00463	0.00226	0.00169	0.00515
7	0.00708	0.07892	0.00805	0.00653	0.00776	0.06367	0.02137	0.02292	0.05910	0.01127	0.09614	0.19420	0.25664	0.00838	0.00553	0.00137	0.11752	0.02641	0.00316	0.00396
8	0.00791	0.00672	0.00788	0.00573	0.00900	0.00510	0.00457	0.00966	0.00838	0.01302	0.07717	0.00992	0.00845	0.00334	0.00305	0.00064	0.00281	0.00273	0.00249	0.81144
9	0.00577	0.00471	0.00532	0.00560	0.00606	0.05065	0.00388	0.00656	0.00784	0.01027	0.12080	0.43669	0.08120	0.15483	0.04067	0.00206	0.04214	0.00841	0.00327	0.00326
10	0.01466	0.01817	0.01115	0.01003	0.01212	0.79116	0.00757	0.06930	0.01160	0.01060	0.00628	0.00723	0.00516	0.00408	0.00356	0.00102	0.00689	0.00259	0.00215	0.00469

[dist]
# distance from previous block
# <min> <max>
0	1

[block]
# block no. 2 follows, 69 sequences, length 14
# corresponding to MSA columns:
# 285-298
name=unknown_C
#
# <colnr> <probs for GDERKNQSTAVLIFYWHMCP>
#	G	D	E	R	K	N	Q	S	T	A	V	L	I	F	Y	W	H	M	C	P
0	0.00828	0.00787	0.01335	0.53595	0.33698	0.00894	0.01132	0.01079	0.00825	0.01108	0.00712	0.01017	0.00560	0.00376	0.00390	0.00125	0.00501	0.00349	0.00182	0.00506
1	0.00756	0.00719	0.01231	0.78962	0.06176	0.00878	0.03760	0.01019	0.00793	0.01022	0.00702	0.01042	0.00529	0.00388	0.00394	0.00130	0.00525	0.00352	0.00176	0.00447
2	0.48515	0.02834	0.00815	0.00704	0.00902	0.21699	0.00564	0.01223	0.00783	0.02854	0.00610	0.00743	0.00499	0.00504	0.03327	0.00138	0.10266	0.00251	0.02332	0.00434
3	0.00569	0.00386	0.00457	0.00457	0.00467	0.00396	0.00274	0.00589	0.00579	0.00782	0.01208	0.02416	0.01360	0.74053	0.14075	0.00417	0.00478	0.00548	0.00234	0.00254
4	0.00779	0.00697	0.01134	0.11502	0.36098	0.00699	0.04872	0.00981	0.00902	0.02584	0.10931	0.07438	0.12413	0.00608	0.00430	0.00130	0.00388	0.06655	0.00271	0.00487
5	0.00560	0.00420	0.00630	0.00630	0.00700	0.00490	0.00490	0.00700	0.00630	0.00910	0.01050	0.01540	0.00980	0.02940	0.84669	0.00630	0.01050	0.00420	0.00210	0.00350
6	0.00887	0.01910	0.06838	0.17425	0.26547	0.00863	0.07260	0.04510	0.13688	0.03081	0.03790	0.05913	0.04594	0.00485	0.00406	0.00126	0.00436	0.00443	0.00259	0.00539
7	0.00795	0.00664	0.00804	0.00638	0.02590	0.00551	0.00491	0.00995	0.03725	0.02507	0.05987	0.04274	0.00900	0.00529	0.04979	0.00106	0.03097	0.00322	0.00255	0.65792
8	0.03331	0.00392	0.00404	0.00394	0.00499	0.00390	0.00298	0.00962	0.00832	0.05986	0.01303	0.04367	0.01041	0.00482	0.00288	0.00096	0.00196	0.00389	0.77966	0.00382
9	0.04117	0.00778	0.04744	0.31599	0.06216	0.00787	0.02549	0.10585	0.02409	0.18528	0.09088	0.03734	0.01024	0.00483	0.00396	0.00125	0.00418	0.00413	0.01486	0.00521
10	0.02942	0.00695	0.00856	0.03927	0.01021	0.00581	0.00530	0.01330	0.04570	0.27308	0.01001	0.01011	0.00725	0.00368	0.00331	0.00085	0.00314	0.00297	0.00317	0.51792
11	0.01353	0.01580	0.01055	0.02627	0.01174	0.63516	0.00726	0.04216	0.05590	0.04753	0.00876	0.02739	0.03852	0.00468	0.00404	0.00110	0.03930	0.00319	0.00240	0.00471
12	0.05627	0.00718	0.02814	0.02753	0.05256	0.00598	0.00545	0.04053	0.03762	0.03251	0.03122	0.09919	0.00901	0.00434	0.00334	0.00087	0.00310	0.00363	0.00265	0.54889
13	0.01888	0.07099	0.05155	0.00707	0.00858	0.04779	0.05230	0.01894	0.08019	0.04557	0.03294	0.25526	0.05238	0.11119	0.06591	0.00201	0.02156	0.04979	0.00300	0.00410

[dist]
# distance from previous block
# <min> <max>
1	2

[block]
# block no. 3 follows, 69 sequences, length 11
# corresponding to MSA columns:
# 301-311
name=unknown_D
#
# <colnr> <probs for GDERKNQSTAVLIFYWHMCP>
#	G	D	E	R	K	N	Q	S	T	A	V	L	I	F	Y	W	H	M	C	P
0	0.03065	0.09586	0.08292	0.02840	0.12533	0.02020	0.02854	0.06779	0.16553	0.07059	0.03988	0.03367	0.00883	0.00432	0.00360	0.00108	0.00384	0.00360	0.00283	0.18255
1	0.01121	0.04541	0.13309	0.00966	0.06660	0.08049	0.03490	0.28905	0.05208	0.05770	0.08907	0.06513	0.02461	0.00524	0.00396	0.00120	0.00431	0.00429	0.01641	0.00559
2	0.00770	0.00750	0.00746	0.06531	0.03163	0.17262	0.02079	0.02635	0.04855	0.01103	0.05352	0.42430	0.05119	0.00881	0.00452	0.00140	0.00370	0.04655	0.00316	0.00392
3	0.12452	0.00655	0.00890	0.05502	0.22132	0.00687	0.00694	0.06526	0.03994	0.01313	0.01348	0.23933	0.01407	0.04441	0.00492	0.00151	0.00357	0.12280	0.00292	0.00454
4	0.00573	0.00411	0.00587	0.00587	0.00650	0.00468	0.00445	0.00699	0.00636	0.00930	0.01088	0.01659	0.01036	0.12854	0.68879	0.00563	0.00910	0.00434	0.06252	0.00337
5	0.09664	0.00834	0.00910	0.04791	0.01055	0.00909	0.00612	0.41543	0.05435	0.09381	0.03574	0.04445	0.00908	0.00499	0.00367	0.00118	0.00356	0.00390	0.13648	0.00562
6	0.04533	0.00851	0.00895	0.00786	0.00994	0.06796	0.04507	0.06977	0.49448	0.01582	0.06193	0.05713	0.01256	0.00548	0.00391	0.00127	0.00342	0.00459	0.07054	0.00550
7	0.06633	0.00858	0.00915	0.00767	0.01017	0.00949	0.00614	0.26025	0.38485	0.10214	0.01432	0.01353	0.04923	0.00518	0.00386	0.00125	0.00339	0.00413	0.03429	0.00604
8	0.00902	0.39447	0.47789	0.00919	0.01391	0.01194	0.01104	0.01212	0.00814	0.01100	0.00633	0.00740	0.00499	0.00356	0.00319	0.00106	0.00508	0.00254	0.00166	0.00546
9	0.00666	0.02235	0.00657	0.00618	0.00712	0.00531	0.00470	0.07825	0.02274	0.03138	0.09515	0.25333	0.05610	0.03047	0.31990	0.00328	0.02415	0.01942	0.00309	0.00385
10	0.00917	0.02771	0.05743	0.00769	0.07418	0.00621	0.00591	0.03672	0.00866	0.08038	0.00799	0.00950	0.00651	0.04323	0.00393	0.00089	0.00336	0.00277	0.00250	0.60527

[dist]
# distance from previous block
# <min> <max>
0	3

[block]
# block no. 4 follows, 69 sequences, length 19
# corresponding to MSA columns:
# 315-333
name=unknown_E
#
# <colnr> <probs for GDERKNQSTAVLIFYWHMCP>
#	G	D	E	R	K	N	Q	S	T	A	V	L	I	F	Y	W	H	M	C	P
0	0.00751	0.14123	0.12644	0.00765	0.03509	0.02118	0.00669	0.03194	0.00732	0.02155	0.00913	0.01355	0.00850	0.12806	0.37989	0.00377	0.04045	0.00378	0.00208	0.00418
1	0.09869	0.03274	0.05155	0.04674	0.22066	0.04800	0.04131	0.06875	0.08534	0.04143	0.05012	0.02755	0.02570	0.00522	0.01959	0.00134	0.09291	0.00383	0.03330	0.00524
2	0.07518	0.00687	0.00810	0.00656	0.00894	0.00671	0.00527	0.17112	0.04273	0.27424	0.22715	0.02958	0.01586	0.00552	0.00391	0.00116	0.00302	0.00454	0.01963	0.08391
3	0.37074	0.00731	0.00861	0.29617	0.03870	0.00851	0.00698	0.07156	0.00832	0.04854	0.00737	0.00913	0.00556	0.00399	0.00334	0.00122	0.01703	0.00296	0.07939	0.00457
4	0.00630	0.00429	0.00526	0.00517	0.00611	0.00393	0.00372	0.00739	0.02437	0.05527	0.16261	0.19299	0.15421	0.17373	0.00810	0.04734	0.00272	0.06771	0.00339	0.06538
5	0.01452	0.06811	0.01207	0.00929	0.01201	0.33133	0.00745	0.46380	0.01497	0.01795	0.00788	0.00832	0.00594	0.00437	0.00368	0.00109	0.00536	0.00305	0.00305	0.00575
6	0.00600	0.00439	0.00605	0.00614	0.00693	0.00478	0.00467	0.00780	0.05486	0.03268	0.04673	0.20053	0.06052	0.02084	0.47570	0.00418	0.01852	0.03216	0.00283	0.00369
7	0.00685	0.00467	0.00598	0.00596	0.00665	0.00472	0.02081	0.04245	0.02334	0.03977	0.01526	0.04924	0.01644	0.43456	0.03783	0.00286	0.00395	0.27237	0.00298	0.00331
8	0.01068	0.82538	0.02014	0.00681	0.01016	0.01536	0.00674	0.04907	0.00845	0.00993	0.00563	0.00643	0.00511	0.00342	0.00258	0.00085	0.00420	0.00216	0.00178	0.00511
9	0.00736	0.00685	0.01141	0.71555	0.08096	0.00828	0.01036	0.00982	0.00798	0.01029	0.00887	0.03798	0.03046	0.00456	0.00402	0.00132	0.00495	0.03266	0.00193	0.00439
10	0.01552	0.01000	0.01116	0.00855	0.01167	0.01070	0.00707	0.64083	0.01679	0.21090	0.01079	0.01031	0.00736	0.00474	0.00393	0.00118	0.00409	0.00362	0.00413	0.00667
11	0.04709	0.23323	0.05197	0.00872	0.04910	0.06034	0.08027	0.08046	0.01935	0.07347	0.00902	0.01068	0.03085	0.00457	0.02044	0.00111	0.00435	0.03186	0.00248	0.18062
12	0.45814	0.10966	0.01965	0.03061	0.03771	0.00882	0.03461	0.02351	0.03185	0.06953	0.02577	0.03278	0.00802	0.03046	0.00365	0.00131	0.00351	0.06317	0.00266	0.00458
13	0.00633	0.00449	0.00539	0.00546	0.00654	0.00431	0.00416	0.00859	0.09072	0.05047	0.18859	0.19490	0.22413	0.02849	0.00499	0.00146	0.00246	0.12329	0.04139	0.00384
14	0.04562	0.00636	0.02218	0.00651	0.00825	0.00635	0.00516	0.15573	0.02918	0.19233	0.04651	0.16360	0.04046	0.05969	0.10028	0.00200	0.02705	0.00542	0.07252	0.00479
15	0.00573	0.00429	0.00521	0.00536	0.00608	0.00425	0.00390	0.00746	0.06511	0.01165	0.19242	0.24165	0.15262	0.14162	0.00731	0.00180	0.02709	0.08348	0.02949	0.00348
16	0.04867	0.24605	0.03260	0.02534	0.02076	0.10424	0.01530	0.17763	0.04465	0.07104	0.01106	0.12459	0.03747	0.00538	0.00358	0.00114	0.00411	0.00422	0.01706	0.00513
17	0.04909	0.08233	0.21039	0.05959	0.12732	0.07198	0.09542	0.06656	0.03774	0.05781	0.02738	0.03884	0.00733	0.00428	0.00399	0.00120	0.02622	0.00360	0.00235	0.02658
18	0.15466	0.33893	0.05172	0.03288	0.03842	0.17178	0.01978	0.03132	0.02786	0.02485	0.00686	0.00865	0.00588	0.00398	0.00322	0.00105	0.01691	0.03134	0.00212	0.02777

[dist]
# distance from previous block
# <min> <max>
3	30

[block]
# block no. 5 follows, 69 sequences, length 28
# corresponding to MSA columns:
# 364-391
name=unknown_F
#
# <colnr> <probs for GDERKNQSTAVLIFYWHMCP>
#	G	D	E	R	K	N	Q	S	T	A	V	L	I	F	Y	W	H	M	C	P
0	0.01046	0.03993	0.16882	0.02420	0.07764	0.03895	0.05168	0.07570	0.30343	0.09644	0.04161	0.01222	0.00952	0.00462	0.00388	0.00123	0.00417	0.00388	0.02575	0.00587
1	0.06357	0.11494	0.12294	0.02686	0.03108	0.07797	0.09930	0.15643	0.03843	0.07937	0.00933	0.07399	0.00773	0.00500	0.01790	0.00124	0.00467	0.00380	0.00271	0.06272
2	0.03121	0.14276	0.06986	0.09288	0.06032	0.02849	0.15745	0.04376	0.01939	0.02246	0.02126	0.12015	0.00982	0.00592	0.02795	0.00137	0.01455	0.03109	0.09461	0.00470
3	0.82488	0.00729	0.00561	0.00504	0.00736	0.00842	0.00413	0.01135	0.00679	0.01737	0.00600	0.00698	0.00467	0.00371	0.00245	0.00119	0.00294	0.00224	0.06738	0.00420
4	0.00668	0.00348	0.00516	0.00516	0.00521	0.00353	0.00348	0.00526	0.00521	0.00700	0.00727	0.01265	0.00728	0.04453	0.07460	0.79243	0.00392	0.00354	0.00175	0.00185
5	0.00714	0.00662	0.01117	0.69821	0.02366	0.00798	0.03950	0.00957	0.00809	0.01050	0.06472	0.07807	0.00904	0.00483	0.00408	0.00132	0.00482	0.00437	0.00207	0.00425
6	0.04428	0.01005	0.01070	0.00858	0.01141	0.01122	0.00702	0.58529	0.20103	0.02212	0.01116	0.01173	0.00835	0.00503	0.00394	0.00123	0.00397	0.03265	0.00387	0.00637
7	0.10656	0.00642	0.00777	0.00636	0.00874	0.00612	0.00516	0.08872	0.02357	0.42312	0.16725	0.01801	0.08346	0.00587	0.00400	0.00124	0.00301	0.02485	0.00426	0.00550
8	0.00763	0.00719	0.01216	0.77290	0.10517	0.00877	0.01100	0.01021	0.00794	0.01029	0.00701	0.01038	0.00532	0.00388	0.00392	0.00129	0.00517	0.00348	0.00176	0.00453
9	0.07792	0.00731	0.00824	0.00673	0.00916	0.00754	0.00544	0.19969	0.12734	0.29916	0.01284	0.01239	0.00901	0.00473	0.00357	0.00116	0.00318	0.00372	0.19509	0.00577
10	0.01259	0.30179	0.07398	0.00884	0.01170	0.38816	0.00771	0.09736	0.04324	0.01150	0.00666	0.00744	0.00548	0.00391	0.00326	0.00100	0.00557	0.00259	0.00215	0.00508
11	0.00724	0.00444	0.00572	0.00531	0.00651	0.00412	0.00402	0.00910	0.03385	0.12972	0.50135	0.11680	0.09059	0.00879	0.03451	0.00145	0.00246	0.00693	0.02300	0.00409
12	0.24153	0.00574	0.00585	0.00544	0.03596	0.00579	0.00406	0.03219	0.00833	0.06816	0.02249	0.01137	0.00809	0.00413	0.00286	0.00099	0.00256	0.00313	0.40512	0.12622
13	0.00494	0.00394	0.00440	0.00452	0.00558	0.00345	0.00337	0.00604	0.00898	0.01126	0.15473	0.13533	0.53434	0.04110	0.00529	0.00147	0.00217	0.06207	0.00369	0.00334
14	0.00881	0.00827	0.01387	0.44705	0.33840	0.00920	0.04741	0.05815	0.00894	0.01206	0.00731	0.01011	0.00572	0.00377	0.00394	0.00124	0.00502	0.00354	0.00196	0.00525
15	0.00799	0.01940	0.76751	0.01166	0.01729	0.00918	0.08800	0.01243	0.00837	0.01243	0.00712	0.00849	0.00506	0.00369	0.00381	0.00125	0.00587	0.00305	0.00169	0.00575
16	0.85856	0.00764	0.00612	0.00583	0.03716	0.00881	0.00452	0.01154	0.00675	0.01742	0.00553	0.00649	0.00432	0.00363	0.00248	0.00121	0.00309	0.00217	0.00241	0.00432
17	0.04098	0.01900	0.02266	0.10466	0.24397	0.06639	0.00837	0.11813	0.15885	0.03658	0.04652	0.03816	0.02085	0.00498	0.00394	0.00124	0.00416	0.03875	0.01630	0.00549
18	0.00739	0.00468	0.00619	0.00577	0.00661	0.00489	0.00432	0.02890	0.06638	0.06048	0.22656	0.01806	0.04729	0.01207	0.11860	0.29159	0.04349	0.00478	0.03848	0.00346
19	0.00561	0.00418	0.00618	0.00618	0.00684	0.00484	0.00476	0.00693	0.00627	0.00901	0.01061	0.01599	0.01006	0.07708	0.79936	0.00616	0.01012	0.00429	0.00212	0.00344
20	0.00611	0.00383	0.00505	0.00500	0.00529	0.00384	0.00340	0.00588	0.00662	0.00889	0.12543	0.03852	0.08383	0.23689	0.04284	0.36394	0.02525	0.02442	0.00250	0.00250
21	0.00786	0.02028	0.84191	0.01117	0.01697	0.00910	0.01448	0.01242	0.00828	0.01242	0.00704	0.00828	0.00497	0.00372	0.00372	0.00124	0.00579	0.00290	0.00166	0.00579
22	0.00570	0.00408	0.00493	0.00482	0.00545	0.00404	0.00333	0.00702	0.03686	0.01119	0.26520	0.03817	0.11616	0.32681	0.11551	0.00282	0.00372	0.00619	0.03476	0.00322
23	0.00915	0.09798	0.29283	0.11774	0.19354	0.10551	0.01079	0.01189	0.00881	0.02538	0.03758	0.02966	0.03406	0.00427	0.00374	0.00118	0.00508	0.00351	0.00203	0.00529
24	0.00500	0.00396	0.00450	0.00447	0.00558	0.00346	0.00334	0.00629	0.00960	0.01236	0.31528	0.08640	0.48993	0.00943	0.00467	0.00132	0.00199	0.02510	0.00387	0.00344
25	0.03827	0.00424	0.00544	0.02724	0.05212	0.00403	0.00420	0.00675	0.00865	0.01194	0.19926	0.38984	0.17981	0.00967	0.00461	0.00140	0.00237	0.01932	0.02726	0.00357
26	0.01131	0.03419	0.04166	0.17000	0.20114	0.28063	0.04368	0.07767	0.03070	0.03114	0.00760	0.01868	0.00608	0.00407	0.00387	0.00116	0.01503	0.00329	0.01289	0.00520
27	0.35024	0.03676	0.00869	0.00675	0.00942	0.03155	0.00557	0.23033	0.01128	0.19824	0.06770	0.01035	0.00846	0.00450	0.00335	0.00119	0.00350	0.00326	0.00345	0.00542

[dist]
# distance from previous block
# <min> <max>
2	69

[block]
# block no. 6 follows, 69 sequences, length 43
# corresponding to MSA columns:
# 461-484,486-504
name=unknown_G
#
# <colnr> <probs for GDERKNQSTAVLIFYWHMCP>
#	G	D	E	R	K	N	Q	S	T	A	V	L	I	F	Y	W	H	M	C	P
0	0.04621	0.10152	0.03401	0.04582	0.11869	0.05350	0.01819	0.08281	0.28035	0.04570	0.03327	0.01450	0.02942	0.00509	0.00384	0.00124	0.00393	0.06374	0.00310	0.01507
1	0.09906	0.00807	0.00917	0.03426	0.01059	0.00783	0.00583	0.23950	0.03389	0.18698	0.00959	0.00974	0.00691	0.00401	0.00341	0.00099	0.00346	0.00309	0.01767	0.30595
2	0.00928	0.00942	0.01193	0.01023	0.01050	0.07382	0.00846	0.04304	0.00689	0.01007	0.00539	0.00850	0.00520	0.00657	0.01181	0.00164	0.75766	0.00337	0.00183	0.00440
3	0.00530	0.00390	0.00496	0.00490	0.00576	0.00356	0.00360	0.00685	0.01022	0.01411	0.59834	0.17050	0.13548	0.00898	0.00469	0.00131	0.00194	0.00792	0.00412	0.00356
4	0.00740	0.00697	0.01176	0.85280	0.02700	0.00871	0.01089	0.01002	0.00784	0.01002	0.00697	0.01045	0.00523	0.00392	0.00392	0.00131	0.00523	0.00348	0.00174	0.00436
5	0.00526	0.00381	0.00445	0.00463	0.00531	0.00351	0.00321	0.00619	0.00827	0.01099	0.16923	0.22204	0.26252	0.19076	0.00788	0.00189	0.00245	0.03126	0.05316	0.00318
6	0.88991	0.00758	0.00576	0.00516	0.00758	0.00879	0.00425	0.01152	0.00667	0.01759	0.00546	0.00637	0.00425	0.00364	0.00243	0.00121	0.00303	0.00212	0.00243	0.00425
7	0.00498	0.00389	0.00441	0.00446	0.00542	0.00345	0.00322	0.00599	0.00881	0.01121	0.19367	0.13716	0.47516	0.07353	0.02915	0.01821	0.00239	0.00800	0.00360	0.00328
8	0.19449	0.00836	0.00890	0.00714	0.00983	0.00895	0.00584	0.33140	0.06829	0.21565	0.01081	0.01058	0.00758	0.00455	0.00351	0.00118	0.00349	0.00341	0.09018	0.00584
9	0.00750	0.00707	0.01193	0.81814	0.06091	0.00874	0.01094	0.01010	0.00788	0.01013	0.00699	0.01042	0.00527	0.00390	0.00392	0.00130	0.00520	0.00348	0.00175	0.00443
10	0.00785	0.00732	0.01224	0.65274	0.17961	0.00861	0.01074	0.01037	0.00806	0.01074	0.00720	0.01037	0.00556	0.00383	0.00386	0.00125	0.00497	0.00346	0.02582	0.02539
11	0.00786	0.02028	0.84191	0.01117	0.01697	0.00910	0.01448	0.01242	0.00828	0.01242	0.00704	0.00828	0.00497	0.00372	0.00372	0.00124	0.00579	0.00290	0.00166	0.00579
12	0.01658	0.00677	0.00895	0.00698	0.00985	0.00608	0.00574	0.06716	0.02447	0.72394	0.01519	0.02714	0.01001	0.00505	0.00394	0.00122	0.00333	0.01560	0.03556	0.00646
13	0.01479	0.01079	0.01144	0.00885	0.01189	0.03454	0.00727	0.73028	0.03110	0.06876	0.02464	0.01001	0.00742	0.00477	0.00393	0.00118	0.00427	0.00360	0.00393	0.00655
14	0.00519	0.00395	0.00485	0.00560	0.00603	0.01868	0.00386	0.00633	0.03921	0.01034	0.02233	0.72742	0.08058	0.01166	0.00493	0.00156	0.00242	0.03809	0.00362	0.00335
15	0.00801	0.06774	0.79574	0.01092	0.01658	0.00946	0.01405	0.01238	0.00826	0.01224	0.00695	0.00817	0.00497	0.00370	0.00366	0.00122	0.00570	0.00285	0.00166	0.00575
16	0.06226	0.00713	0.00874	0.00698	0.00972	0.00691	0.00568	0.08263	0.13748	0.54964	0.01434	0.01294	0.00954	0.00483	0.00379	0.00121	0.00326	0.00387	0.06280	0.00627
17	0.00813	0.00697	0.00813	0.00581	0.00929	0.00523	0.00465	0.00987	0.00813	0.01277	0.00697	0.00813	0.00581	0.00290	0.00290	0.00058	0.00290	0.00232	0.00232	0.88619
18	0.00545	0.00400	0.00511	0.00483	0.00580	0.00366	0.00362	0.00721	0.01087	0.01519	0.75279	0.03016	0.12023	0.00821	0.00462	0.00124	0.00186	0.00721	0.00425	0.00366
19	0.88991	0.00758	0.00576	0.00516	0.00758	0.00879	0.00425	0.01152	0.00667	0.01759	0.00546	0.00637	0.00425	0.00364	0.00243	0.00121	0.00303	0.00212	0.00243	0.00425
20	0.00670	0.00420	0.00492	0.00478	0.00526	0.00430	0.00315	0.02346	0.02446	0.04332	0.01253	0.02210	0.01288	0.54225	0.11693	0.00342	0.00430	0.02313	0.13485	0.00307
21	0.01048	0.86458	0.02054	0.00671	0.01006	0.01551	0.00671	0.01174	0.00797	0.00922	0.00545	0.00629	0.00503	0.00335	0.00252	0.00084	0.00419	0.00210	0.00168	0.00503
22	0.33869	0.00730	0.01697	0.00627	0.00849	0.00769	0.00506	0.13562	0.02340	0.19507	0.03117	0.05576	0.02097	0.08339	0.00514	0.00148	0.02649	0.00385	0.02228	0.00492
23	0.00560	0.00420	0.00630	0.00630	0.00700	0.00490	0.00490	0.00700	0.00630	0.00910	0.01050	0.01540	0.00980	0.02940	0.84669	0.00630	0.01050	0.00420	0.00210	0.00350
24	0.74619	0.00814	0.00675	0.00579	0.00833	0.00935	0.00477	0.14509	0.00860	0.01876	0.00611	0.00687	0.00464	0.00381	0.00267	0.00121	0.00324	0.00235	0.00267	0.00464
25	0.00560	0.00420	0.00630	0.00630	0.00700	0.00490	0.00490	0.00700	0.00630	0.00910	0.01050	0.01540	0.00980	0.02940	0.84669	0.00630	0.01050	0.00420	0.00210	0.00350
26	0.80637	0.00780	0.00627	0.00547	0.00797	0.00896	0.00451	0.06944	0.00762	0.03831	0.00599	0.00676	0.00455	0.00374	0.00257	0.00121	0.00313	0.00227	0.00259	0.00448
27	0.00487	0.00373	0.00440	0.00479	0.00551	0.00334	0.00336	0.00577	0.00833	0.01067	0.10633	0.39824	0.34094	0.06089	0.00571	0.00159	0.00223	0.02243	0.00363	0.00324
28	0.00757	0.00721	0.01238	0.78666	0.05818	0.00878	0.04397	0.01020	0.00794	0.01023	0.00702	0.01043	0.00529	0.00388	0.00395	0.00130	0.00526	0.00353	0.00176	0.00446
29	0.01094	0.77380	0.01956	0.00703	0.01028	0.07047	0.00680	0.04505	0.00860	0.00988	0.00565	0.00647	0.00510	0.00345	0.00264	0.00086	0.00439	0.00218	0.00179	0.00507
30	0.00809	0.00739	0.00887	0.01000	0.17585	0.09712	0.03047	0.03189	0.02947	0.03504	0.14034	0.08792	0.18908	0.08286	0.00610	0.00150	0.04483	0.00582	0.00302	0.00436
31	0.08787	0.06968	0.01080	0.02548	0.04452	0.14063	0.01929	0.22139	0.19329	0.03880	0.01001	0.01099	0.00782	0.01762	0.02935	0.00137	0.02099	0.01656	0.02806	0.00549
32	0.44434	0.00561	0.00531	0.00541	0.00682	0.00613	0.00416	0.00885	0.00729	0.01410	0.02919	0.30359	0.01446	0.02590	0.00403	0.00145	0.00280	0.08490	0.02191	0.00376
33	0.00869	0.06128	0.40924	0.04734	0.01836	0.02601	0.34823	0.01240	0.00870	0.01215	0.00730	0.00918	0.00539	0.00355	0.00404	0.00125	0.00605	0.00359	0.00180	0.00546
34	0.01111	0.00880	0.01159	0.03617	0.27757	0.00934	0.00815	0.34375	0.04050	0.02887	0.05636	0.04461	0.00971	0.05172	0.01575	0.00140	0.00415	0.00418	0.03050	0.00577
35	0.00517	0.00400	0.00475	0.00483	0.00587	0.00358	0.00369	0.00654	0.00958	0.01248	0.31544	0.10655	0.38663	0.00957	0.00476	0.00137	0.00216	0.10567	0.00387	0.00347
36	0.00876	0.00843	0.01100	0.00952	0.00994	0.02414	0.00777	0.02371	0.13377	0.01063	0.00737	0.01062	0.00682	0.06264	0.01167	0.00177	0.64105	0.00372	0.00215	0.00450
37	0.03104	0.15258	0.20271	0.00763	0.03162	0.02137	0.01624	0.00919	0.02949	0.01111	0.03786	0.34222	0.07666	0.00761	0.00410	0.00131	0.00362	0.00654	0.00275	0.00436
38	0.42263	0.00940	0.00897	0.00722	0.01003	0.01059	0.00596	0.44578	0.01295	0.02139	0.00757	0.00799	0.00554	0.00421	0.00322	0.00119	0.00372	0.00287	0.00322	0.00554
39	0.00841	0.00833	0.03319	0.47025	0.36802	0.00899	0.02492	0.01096	0.00833	0.01129	0.00716	0.01009	0.00565	0.00373	0.00391	0.00125	0.00502	0.00349	0.00183	0.00519
40	0.02316	0.00551	0.00712	0.09378	0.00967	0.00500	0.01682	0.00851	0.03097	0.01214	0.11278	0.23523	0.05823	0.00691	0.00402	0.00114	0.00291	0.04763	0.00302	0.31542
41	0.04622	0.00935	0.02688	0.05467	0.19498	0.05106	0.14099	0.15309	0.04872	0.10778	0.03472	0.02464	0.01992	0.00477	0.00424	0.00126	0.01959	0.04860	0.00292	0.00560
42	0.00968	0.06169	0.16928	0.01251	0.06266	0.04234	0.30504	0.06898	0.06641	0.02673	0.00827	0.01003	0.00638	0.01616	0.00466	0.00125	0.04908	0.00372	0.02151	0.05361

[dist]
# distance from previous block
# <min> <max>
3	14

[block]
# block no. 7 follows, 69 sequences, length 18
# corresponding to MSA columns:
# 535-552
name=unknown_H
#
# <colnr> <probs for GDERKNQSTAVLIFYWHMCP>
#	G	D	E	R	K	N	Q	S	T	A	V	L	I	F	Y	W	H	M	C	P
0	0.33678	0.03571	0.04570	0.03808	0.05636	0.04688	0.08776	0.08543	0.00891	0.05214	0.02404	0.00877	0.00613	0.00395	0.00363	0.00116	0.04041	0.00297	0.02702	0.08817
1	0.00537	0.00375	0.00450	0.00479	0.00506	0.00361	0.00308	0.00586	0.00701	0.00929	0.07308	0.26770	0.08522	0.44886	0.01266	0.00269	0.00308	0.04852	0.00303	0.00283
2	0.10811	0.00889	0.01420	0.10906	0.52626	0.00944	0.05445	0.02480	0.03498	0.01314	0.00733	0.00955	0.00600	0.00382	0.00428	0.00123	0.05335	0.00343	0.00206	0.00564
3	0.01218	0.00882	0.04565	0.00835	0.04409	0.02109	0.00665	0.17241	0.25380	0.21272	0.01333	0.01302	0.03474	0.00483	0.00384	0.00117	0.00358	0.01534	0.00373	0.12066
4	0.85759	0.00799	0.00596	0.00534	0.00775	0.03973	0.00437	0.01168	0.00684	0.01729	0.00548	0.00639	0.00428	0.00365	0.00247	0.00121	0.00318	0.00214	0.00241	0.00426
5	0.01044	0.83325	0.02064	0.00707	0.01044	0.01531	0.03667	0.01177	0.00801	0.00935	0.00554	0.00645	0.00506	0.00335	0.00259	0.00086	0.00428	0.00219	0.00169	0.00504
6	0.00707	0.00614	0.00822	0.26846	0.04025	0.02169	0.00663	0.01070	0.15488	0.01333	0.30838	0.02071	0.10535	0.00625	0.00425	0.00128	0.00332	0.00543	0.00327	0.00440
7	0.00482	0.00388	0.00431	0.00451	0.00555	0.00337	0.00333	0.00586	0.00884	0.01099	0.10766	0.20776	0.55964	0.01028	0.00474	0.00139	0.00210	0.04393	0.00370	0.00333
8	0.82265	0.00784	0.00622	0.00545	0.00793	0.00905	0.00449	0.07403	0.00758	0.01814	0.00576	0.00660	0.00443	0.00372	0.00254	0.00121	0.00313	0.00223	0.00254	0.00443
9	0.00541	0.00376	0.00451	0.00482	0.00506	0.00364	0.00309	0.00585	0.00681	0.00900	0.04019	0.26745	0.07081	0.47977	0.01323	0.00280	0.00318	0.06487	0.00296	0.00279
10	0.00511	0.00381	0.00509	0.00565	0.00599	0.00379	0.00394	0.00598	0.00790	0.01073	0.12949	0.66382	0.04315	0.01176	0.02515	0.00166	0.05013	0.00995	0.00359	0.00332
11	0.00497	0.00373	0.00462	0.00494	0.00564	0.00337	0.00350	0.00608	0.00893	0.01187	0.27099	0.41064	0.22555	0.01043	0.00480	0.00142	0.00208	0.00923	0.00384	0.00337
12	0.00898	0.03732	0.33878	0.03872	0.13086	0.03122	0.10049	0.05235	0.05916	0.01287	0.02081	0.01013	0.00664	0.00432	0.00486	0.00128	0.09899	0.01394	0.02279	0.00549
13	0.00480	0.00344	0.00452	0.00537	0.00563	0.00321	0.00358	0.00547	0.00751	0.00996	0.02198	0.80758	0.05392	0.03601	0.00541	0.00164	0.00231	0.01089	0.00360	0.00317
14	0.00863	0.00695	0.00818	0.00587	0.00933	0.00525	0.00470	0.01036	0.00829	0.05690	0.00742	0.00841	0.00601	0.00301	0.00296	0.00061	0.00293	0.00241	0.00246	0.83930
15	0.01252	0.17703	0.01323	0.05576	0.02237	0.02623	0.02476	0.47199	0.03638	0.01868	0.00892	0.00941	0.02167	0.00430	0.00358	0.00107	0.00425	0.00326	0.00312	0.08148
16	0.00644	0.00512	0.02187	0.08360	0.00881	0.00501	0.02249	0.00873	0.09524	0.04004	0.07996	0.26987	0.13367	0.09605	0.04287	0.00188	0.00335	0.05685	0.01432	0.00385
17	0.00889	0.12670	0.30148	0.01261	0.13905	0.00979	0.15628	0.05425	0.02064	0.01275	0.04083	0.01117	0.05108	0.00418	0.00401	0.00119	0.02141	0.00369	0.00213	0.01786

[dist]
# distance from previous block
# <min> <max>
0	70

[block]
# block no. 8 follows, 69 sequences, length 37
# corresponding to MSA columns:
# 623-659
name=unknown_I
#
# <colnr> <probs for GDERKNQSTAVLIFYWHMCP>
#	G	D	E	R	K	N	Q	S	T	A	V	L	I	F	Y	W	H	M	C	P
0	0.02430	0.03690	0.09283	0.00727	0.00893	0.00732	0.00632	0.00937	0.04509	0.02581	0.04137	0.04615	0.05109	0.10172	0.15843	0.00244	0.19399	0.00425	0.00238	0.13404
1	0.08188	0.10054	0.05381	0.04120	0.10815	0.07189	0.09093	0.12592	0.11549	0.06999	0.00961	0.05301	0.00784	0.01312	0.01342	0.00129	0.02989	0.00382	0.00276	0.00544
2	0.07658	0.18993	0.03737	0.00934	0.04155	0.50754	0.00735	0.01389	0.00975	0.01040	0.00612	0.00725	0.00518	0.00446	0.02513	0.00112	0.00600	0.00249	0.00198	0.03659
3	0.00586	0.00414	0.00488	0.00465	0.00586	0.00363	0.00350	0.00726	0.01000	0.06454	0.39578	0.06254	0.39534	0.00884	0.00460	0.00129	0.00202	0.00758	0.00402	0.00369
4	0.00681	0.02688	0.04029	0.04215	0.03843	0.03051	0.00511	0.04697	0.07205	0.01380	0.36819	0.06868	0.17851	0.03840	0.00494	0.00135	0.00279	0.00640	0.00360	0.00414
5	0.00740	0.00697	0.01176	0.85280	0.02700	0.00871	0.01089	0.01002	0.00784	0.01002	0.00697	0.01045	0.00523	0.00392	0.00392	0.00131	0.00523	0.00348	0.00174	0.00436
6	0.01044	0.77753	0.07839	0.00710	0.01062	0.01495	0.00728	0.03779	0.00832	0.00994	0.00569	0.00653	0.00508	0.00342	0.00265	0.00088	0.00431	0.00220	0.00175	0.00514
7	0.00876	0.00971	0.03883	0.14314	0.06549	0.00971	0.50440	0.01159	0.00860	0.01177	0.00791	0.01156	0.00640	0.00415	0.00547	0.00138	0.10758	0.03657	0.00197	0.00502
8	0.00479	0.00398	0.00424	0.00424	0.00544	0.00346	0.00316	0.00582	0.00872	0.01064	0.07643	0.05167	0.69317	0.03355	0.07149	0.00178	0.00270	0.00788	0.00352	0.00332
9	0.01234	0.00684	0.00856	0.00633	0.00961	0.00546	0.00514	0.01398	0.00951	0.38143	0.01075	0.01045	0.00754	0.00377	0.00337	0.00086	0.00310	0.00304	0.00345	0.49446
10	0.00504	0.00424	0.00442	0.00439	0.00571	0.00374	0.00333	0.00670	0.05612	0.01130	0.09183	0.04597	0.69865	0.00959	0.00463	0.00134	0.00210	0.03369	0.00371	0.00351
11	0.00822	0.00776	0.01311	0.49311	0.34294	0.00873	0.01103	0.01069	0.00840	0.01135	0.04215	0.01096	0.00695	0.00393	0.00393	0.00125	0.00486	0.00364	0.00193	0.00505
12	0.00613	0.00459	0.00661	0.00646	0.00730	0.00532	0.00505	0.05382	0.00700	0.00999	0.01044	0.01506	0.00962	0.02799	0.79844	0.00601	0.01015	0.00416	0.00220	0.00368
13	0.00946	0.00907	0.01548	0.11109	0.75262	0.00925	0.01191	0.01182	0.00881	0.01251	0.00733	0.00978	0.00611	0.00354	0.00389	0.00118	0.00472	0.00349	0.00192	0.00602
14	0.19701	0.01461	0.01049	0.00905	0.01144	0.48203	0.03187	0.17389	0.01157	0.01433	0.00665	0.00749	0.00523	0.00406	0.00341	0.00109	0.00567	0.00270	0.00248	0.00492
15	0.05065	0.00991	0.03319	0.03671	0.03679	0.06859	0.37613	0.08388	0.00997	0.09737	0.02602	0.04287	0.00833	0.00469	0.00481	0.00132	0.05675	0.04420	0.00262	0.00521
16	0.00508	0.00368	0.00473	0.00548	0.00586	0.00347	0.00371	0.03058	0.00793	0.01049	0.02236	0.78241	0.07580	0.01190	0.00495	0.00156	0.00232	0.01073	0.00365	0.00330
17	0.00559	0.00397	0.00528	0.00534	0.00569	0.00430	0.00369	0.00632	0.00611	0.00849	0.01204	0.07397	0.01283	0.40224	0.42168	0.00488	0.00697	0.00532	0.00232	0.00298
18	0.00565	0.00392	0.00493	0.00495	0.00518	0.00415	0.00321	0.00612	0.00592	0.00812	0.01190	0.03492	0.01299	0.58098	0.28620	0.00457	0.00594	0.00530	0.00231	0.00275
19	0.00801	0.06862	0.79489	0.01092	0.01657	0.00947	0.01404	0.01238	0.00826	0.01223	0.00694	0.00816	0.00497	0.00370	0.00366	0.00122	0.00570	0.00285	0.00166	0.00575
20	0.03036	0.00944	0.04822	0.02194	0.08050	0.00890	0.30755	0.17496	0.01935	0.13545	0.04500	0.01301	0.00886	0.00447	0.00420	0.00126	0.00485	0.04118	0.03488	0.00563
21	0.00716	0.00537	0.00638	0.00616	0.00717	0.00587	0.00448	0.01109	0.26153	0.03801	0.01496	0.14114	0.02872	0.22895	0.21196	0.00319	0.00494	0.00573	0.00309	0.00411
22	0.00928	0.47600	0.39857	0.00876	0.01324	0.01256	0.01029	0.01205	0.00811	0.01069	0.00618	0.00720	0.00500	0.00352	0.00307	0.00102	0.00493	0.00246	0.00167	0.00538
23	0.00567	0.00416	0.00608	0.00608	0.00675	0.00479	0.00467	0.00701	0.00634	0.00922	0.01069	0.01597	0.01007	0.07667	0.76737	0.00595	0.00979	0.00427	0.03501	0.00344
24	0.02308	0.00614	0.00721	0.00642	0.00811	0.01676	0.03427	0.01270	0.29360	0.05577	0.33245	0.02340	0.15024	0.00693	0.00432	0.00128	0.00264	0.00597	0.00398	0.00473
25	0.03643	0.00838	0.01146	0.06570	0.31236	0.02572	0.00814	0.06090	0.08745	0.06482	0.02865	0.01030	0.00749	0.00381	0.00359	0.00103	0.00388	0.00331	0.00260	0.25398
26	0.01026	0.00928	0.05041	0.00840	0.02538	0.02003	0.00676	0.14822	0.58340	0.01721	0.04537	0.01443	0.03257	0.00531	0.00400	0.00129	0.00343	0.00437	0.00381	0.00607
27	0.00984	0.05202	0.04446	0.01695	0.45995	0.03675	0.02608	0.02868	0.24209	0.01369	0.01026	0.01129	0.02208	0.00416	0.00386	0.00120	0.00430	0.00374	0.00257	0.00602
28	0.00939	0.01109	0.16512	0.03929	0.29118	0.03013	0.15066	0.02983	0.08036	0.04788	0.01965	0.01195	0.05624	0.00418	0.00401	0.00121	0.00483	0.00394	0.00238	0.03669
29	0.00750	0.00570	0.00719	0.00686	0.00863	0.00531	0.00580	0.07529	0.00942	0.01293	0.01569	0.03066	0.01630	0.03988	0.00514	0.00149	0.00348	0.49055	0.00323	0.24896
30	0.03711	0.25992	0.44468	0.00949	0.01389	0.02740	0.04953	0.01227	0.02927	0.02816	0.00767	0.05009	0.00632	0.00409	0.00345	0.00114	0.00502	0.00319	0.00193	0.00538
31	0.04534	0.07049	0.01086	0.00960	0.07126	0.04032	0.00734	0.00936	0.00667	0.00992	0.00704	0.01046	0.00662	0.01310	0.26920	0.00298	0.39979	0.00349	0.00189	0.00425
32	0.00541	0.00470	0.04679	0.00615	0.00678	0.00434	0.00472	0.00643	0.00719	0.00993	0.04300	0.49897	0.01937	0.01607	0.22849	0.03523	0.04189	0.00815	0.00300	0.00341
33	0.00740	0.03354	0.00705	0.00661	0.00764	0.03312	0.00493	0.09225	0.11243	0.02672	0.01833	0.49485	0.04873	0.00954	0.00501	0.00147	0.04503	0.03768	0.00352	0.00416
34	0.02250	0.01454	0.01099	0.00951	0.01169	0.50675	0.04736	0.18258	0.01219	0.02828	0.03832	0.07982	0.00841	0.00498	0.00383	0.00112	0.00577	0.00374	0.00269	0.00491
35	0.00884	0.18096	0.07991	0.01775	0.02776	0.03035	0.05135	0.01080	0.00826	0.01190	0.00671	0.00794	0.00557	0.00314	0.00304	0.00076	0.00378	0.00249	0.00210	0.53660
36	0.00781	0.02667	0.02402	0.03816	0.25290	0.05451	0.00710	0.03979	0.00999	0.01352	0.30874	0.07239	0.07742	0.00649	0.00440	0.00125	0.01574	0.03134	0.00313	0.00463

[dist]
# distance from previous block
# <min> <max>
2	33

[block]
# block no. 9 follows, 69 sequences, length 22
# corresponding to MSA columns:
# 693-714
name=unknown_J
#
# <colnr> <probs for GDERKNQSTAVLIFYWHMCP>
#	G	D	E	R	K	N	Q	S	T	A	V	L	I	F	Y	W	H	M	C	P
0	0.00887	0.00836	0.05014	0.01190	0.16804	0.02953	0.15793	0.03691	0.04829	0.05407	0.02587	0.04604	0.01924	0.11292	0.05779	0.03287	0.05494	0.00437	0.00245	0.06947
1	0.01031	0.19968	0.14534	0.04258	0.17900	0.14594	0.09708	0.02994	0.03096	0.02173	0.02873	0.00906	0.00649	0.00383	0.00372	0.00111	0.01748	0.00316	0.00205	0.02181
2	0.00645	0.00614	0.05972	0.00569	0.00751	0.01875	0.00463	0.02124	0.00784	0.01081	0.03211	0.07245	0.19279	0.14198	0.16563	0.00245	0.00449	0.00521	0.00268	0.23143
3	0.00828	0.02651	0.05997	0.00694	0.00927	0.00609	0.03660	0.01057	0.05354	0.09460	0.00985	0.01228	0.00821	0.03480	0.30075	0.00288	0.01882	0.00352	0.02828	0.26823
4	0.02145	0.00844	0.05935	0.03765	0.10573	0.02652	0.08298	0.06103	0.21180	0.05709	0.12164	0.03192	0.10008	0.01599	0.00454	0.00130	0.02451	0.00490	0.00323	0.01987
5	0.00473	0.00360	0.00435	0.00495	0.00555	0.00323	0.00341	0.00552	0.00800	0.01021	0.02784	0.57654	0.30503	0.01147	0.00488	0.00150	0.00218	0.01016	0.00364	0.00323
6	0.00948	0.01006	0.13980	0.02134	0.15364	0.03376	0.03222	0.03524	0.03623	0.06927	0.00799	0.00910	0.00621	0.00346	0.00342	0.00091	0.00400	0.00292	0.00240	0.41855
7	0.24355	0.16573	0.05315	0.04222	0.05036	0.32885	0.04135	0.01319	0.00893	0.01207	0.00602	0.00721	0.00493	0.00374	0.00315	0.00108	0.00522	0.00253	0.00203	0.00472
8	0.01500	0.01083	0.01167	0.00895	0.01208	0.01193	0.00739	0.79575	0.01817	0.05402	0.00963	0.00955	0.00678	0.00471	0.00392	0.00118	0.00428	0.00354	0.00396	0.00667
9	0.01017	0.00824	0.01120	0.09153	0.21099	0.03107	0.03707	0.22052	0.02910	0.04692	0.00946	0.01277	0.00801	0.11918	0.11064	0.00217	0.01467	0.00393	0.01717	0.00519
10	0.00486	0.00379	0.00441	0.00483	0.00565	0.00337	0.00349	0.00580	0.00838	0.01053	0.05333	0.35797	0.41991	0.02829	0.00515	0.00151	0.00225	0.06955	0.00363	0.00328
11	0.05331	0.02545	0.08721	0.17202	0.20486	0.00867	0.00886	0.03946	0.19123	0.07161	0.06439	0.01292	0.03392	0.00462	0.00388	0.00124	0.00407	0.00396	0.00282	0.00550
12	0.00531	0.00395	0.00492	0.00484	0.00576	0.00359	0.00359	0.00683	0.01014	0.01384	0.55341	0.11522	0.19918	0.02450	0.00496	0.00135	0.00200	0.02902	0.00405	0.00354
13	0.00565	0.00401	0.00533	0.00533	0.00570	0.00437	0.00369	0.00638	0.00601	0.00838	0.01139	0.02030	0.01193	0.42751	0.45149	0.00511	0.00730	0.00492	0.00223	0.00296
14	0.00802	0.00688	0.01119	0.04822	0.42290	0.00679	0.02759	0.00984	0.00887	0.04342	0.11266	0.23280	0.03120	0.00651	0.00430	0.00130	0.00367	0.00605	0.00280	0.00499
15	0.01449	0.05051	0.01146	0.00997	0.01204	0.81522	0.00754	0.01551	0.01099	0.00958	0.00604	0.00704	0.00505	0.00401	0.00350	0.00100	0.00696	0.00251	0.00201	0.00456
16	0.84312	0.03241	0.00632	0.00532	0.00776	0.02965	0.00440	0.01163	0.00682	0.01715	0.00547	0.00638	0.00429	0.00364	0.00246	0.00120	0.00317	0.00213	0.00239	0.00428
17	0.00797	0.01098	0.22918	0.01359	0.25225	0.01934	0.10994	0.01107	0.04134	0.01281	0.11605	0.01617	0.13202	0.00512	0.00414	0.00124	0.00442	0.00465	0.00250	0.00522
18	0.00794	0.01088	0.28054	0.05171	0.05964	0.02923	0.00862	0.06127	0.00840	0.02442	0.00970	0.07628	0.00874	0.08372	0.13476	0.00221	0.02454	0.00410	0.05411	0.05921
19	0.00666	0.00561	0.00906	0.00839	0.04884	0.00549	0.14575	0.00825	0.00881	0.03696	0.16996	0.25925	0.13151	0.00885	0.02411	0.00152	0.05702	0.04472	0.01521	0.00401
20	0.76979	0.03391	0.03923	0.00618	0.03004	0.00897	0.02229	0.01157	0.00692	0.01681	0.00565	0.00665	0.00442	0.00361	0.00257	0.00119	0.00329	0.00224	0.00235	0.02230
21	0.00923	0.04842	0.09261	0.02642	0.11975	0.08438	0.04860	0.04515	0.20541	0.02787	0.12372	0.01528	0.07650	0.00517	0.00394	0.00119	0.00397	0.00438	0.01443	0.04357

[dist]
# distance from previous block
# <min> <max>
0	1

[block]
# block no. 10 follows, 69 sequences, length 15
# corresponding to MSA columns:
# 716-718,723-734
name=unknown_K
#
# <colnr> <probs for GDERKNQSTAVLIFYWHMCP>
#	G	D	E	R	K	N	Q	S	T	A	V	L	I	F	Y	W	H	M	C	P
0	0.00554	0.00383	0.00428	0.00427	0.00450	0.00373	0.00252	0.00577	0.00642	0.00842	0.05658	0.02752	0.13014	0.70129	0.01706	0.00333	0.00345	0.00613	0.00265	0.00257
1	0.00932	0.06141	0.47519	0.02513	0.08648	0.06631	0.02592	0.07993	0.06630	0.01322	0.00824	0.00934	0.02002	0.00410	0.00403	0.00122	0.03288	0.00319	0.00210	0.00568
2	0.08509	0.29738	0.18222	0.00924	0.03225	0.24486	0.03142	0.05498	0.00940	0.01165	0.00626	0.00728	0.00510	0.00372	0.00320	0.00104	0.00531	0.00256	0.00196	0.00510
3	0.00486	0.00350	0.00456	0.00536	0.00567	0.00326	0.00362	0.00558	0.00762	0.01009	0.03726	0.74113	0.07252	0.04704	0.00560	0.00167	0.00235	0.03153	0.00360	0.00318
4	0.02426	0.00625	0.00846	0.03600	0.11498	0.05496	0.03400	0.00870	0.02909	0.01009	0.01112	0.09421	0.02261	0.10072	0.38754	0.00382	0.04213	0.00480	0.00229	0.00397
5	0.01188	0.06297	0.03849	0.00749	0.01071	0.00895	0.00636	0.34831	0.03217	0.09396	0.00936	0.03235	0.00720	0.00422	0.00350	0.00097	0.00368	0.00328	0.01548	0.29866
6	0.00568	0.00384	0.00449	0.00448	0.00459	0.00388	0.00266	0.00590	0.00606	0.00818	0.05883	0.02503	0.01518	0.74627	0.08616	0.00386	0.00423	0.00566	0.00246	0.00254
7	0.00549	0.00405	0.00540	0.05903	0.00738	0.00402	0.00430	0.05025	0.00812	0.01081	0.02002	0.75998	0.02358	0.01134	0.00488	0.00155	0.00257	0.01025	0.00354	0.00345
8	0.00813	0.00697	0.00813	0.00581	0.00929	0.00523	0.00465	0.00987	0.00813	0.01277	0.00697	0.00813	0.00581	0.00290	0.00290	0.00058	0.00290	0.00232	0.00232	0.88619
9	0.00840	0.00704	0.00799	0.00632	0.00913	0.00629	0.00497	0.05590	0.18183	0.01401	0.03849	0.07115	0.03821	0.00458	0.00345	0.00089	0.00291	0.00381	0.00296	0.53165
10	0.05744	0.07823	0.00876	0.00729	0.03547	0.20014	0.00524	0.04530	0.00825	0.05015	0.00924	0.01481	0.00902	0.30485	0.09098	0.00252	0.03172	0.00390	0.00236	0.03433
11	0.05764	0.00890	0.00947	0.00763	0.01015	0.02416	0.00615	0.49705	0.03622	0.08707	0.03242	0.06801	0.09734	0.03407	0.00453	0.00131	0.00374	0.00464	0.00380	0.00571
12	0.00941	0.08587	0.47013	0.03150	0.08322	0.06071	0.06855	0.01278	0.00891	0.07892	0.04791	0.00980	0.00709	0.00397	0.00376	0.00119	0.00530	0.00328	0.00212	0.00559
13	0.00766	0.13496	0.04594	0.00836	0.01030	0.06742	0.16179	0.00934	0.02224	0.01064	0.03602	0.30844	0.03431	0.06145	0.02006	0.00154	0.01881	0.00643	0.00268	0.03163
14	0.01056	0.13296	0.05619	0.05897	0.14858	0.10533	0.12957	0.08915	0.05118	0.05058	0.03918	0.03655	0.00794	0.00448	0.00443	0.00120	0.06163	0.00376	0.00244	0.00534

[dist]
# distance from previous block
# <min> <max>
1	89

[block]
# block no. 11 follows, 69 sequences, length 28
# corresponding to MSA columns:
# 824-851
name=unknown_L
#
# <colnr> <probs for GDERKNQSTAVLIFYWHMCP>
#	G	D	E	R	K	N	Q	S	T	A	V	L	I	F	Y	W	H	M	C	P
