[name]
unknown

[dist]
# distance from previous block
# <min> <max>
3	45

[block]
# block no. 0 follows, 59 sequences, length 6
# corresponding to MSA columns:
# 48-53
name=unknown_A
#
# <colnr> <probs for GDERKNQSTAVLIFYWHMCP>
#	G	D	E	R	K	N	Q	S	T	A	V	L	I	F	Y	W	H	M	C	P
0	0.01215	0.11247	0.11457	0.03526	0.07023	0.06404	0.18699	0.10770	0.06944	0.09703	0.01122	0.05432	0.00913	0.00518	0.00447	0.00138	0.00553	0.02962	0.00304	0.00621
1	0.00836	0.07295	0.00890	0.03362	0.00932	0.03878	0.04091	0.01012	0.03875	0.08601	0.10314	0.28939	0.19638	0.00961	0.00529	0.00152	0.03024	0.00829	0.00384	0.00457
2	0.00684	0.00588	0.00861	0.02913	0.04591	0.00597	0.08082	0.00818	0.00906	0.01205	0.11138	0.18061	0.21974	0.14654	0.03116	0.00218	0.08057	0.00790	0.00339	0.00408
3	0.01100	0.07224	0.17189	0.06825	0.07094	0.08257	0.03260	0.06316	0.04038	0.09526	0.02599	0.09492	0.02664	0.03345	0.04128	0.00175	0.05418	0.00487	0.00294	0.00570
4	0.01183	0.02776	0.03123	0.04344	0.03798	0.07158	0.08151	0.19209	0.05123	0.08366	0.05127	0.10462	0.01258	0.00782	0.03531	0.02975	0.04697	0.03430	0.03938	0.00567
5	0.03910	0.04849	0.04003	0.00626	0.00794	0.00583	0.00511	0.05350	0.01130	0.05419	0.34021	0.12396	0.17734	0.03154	0.00543	0.00153	0.00290	0.03662	0.00420	0.00452

[dist]
# distance from previous block
# <min> <max>
2	21

[block]
# block no. 1 follows, 59 sequences, length 15
# corresponding to MSA columns:
# 76-90
name=unknown_B
#
# <colnr> <probs for GDERKNQSTAVLIFYWHMCP>
#	G	D	E	R	K	N	Q	S	T	A	V	L	I	F	Y	W	H	M	C	P
0	0.03078	0.28829	0.11577	0.00972	0.02793	0.09906	0.04493	0.16410	0.03846	0.03650	0.01136	0.04576	0.05902	0.00522	0.00393	0.00123	0.00511	0.00400	0.00286	0.00597
1	0.00810	0.06006	0.00781	0.00654	0.00801	0.05701	0.00489	0.07198	0.04168	0.01341	0.08672	0.24166	0.15739	0.09808	0.04331	0.00198	0.00379	0.00760	0.02154	0.05846
2	0.04575	0.09232	0.20656	0.02453	0.03340	0.06785	0.04616	0.18124	0.02601	0.04832	0.04394	0.01354	0.02758	0.00537	0.00467	0.00136	0.04333	0.03633	0.04571	0.00603
3	0.01332	0.23281	0.06014	0.01079	0.06432	0.22460	0.04496	0.06499	0.07719	0.07196	0.00892	0.00967	0.00703	0.00436	0.00381	0.00114	0.00552	0.00326	0.00272	0.08848
4	0.01236	0.50668	0.16980	0.00930	0.01351	0.04876	0.04560	0.04705	0.01009	0.08874	0.00788	0.00866	0.00628	0.00411	0.00346	0.00112	0.00523	0.00294	0.00236	0.00607
5	0.00638	0.00458	0.00578	0.04400	0.00751	0.00444	0.00434	0.04003	0.00895	0.01163	0.05095	0.39023	0.19422	0.08374	0.00838	0.11530	0.00304	0.00928	0.00363	0.00357
6	0.07239	0.20640	0.22104	0.01080	0.01484	0.16823	0.07455	0.12185	0.01138	0.02919	0.00775	0.00890	0.00602	0.00438	0.00410	0.00125	0.02525	0.00321	0.00245	0.00601
7	0.08840	0.00723	0.00903	0.06127	0.01096	0.02135	0.06453	0.07004	0.08678	0.04360	0.04477	0.13480	0.20961	0.00892	0.02732	0.00167	0.03907	0.03966	0.02608	0.00489
8	0.00647	0.00445	0.00565	0.00586	0.00681	0.00405	0.00430	0.00787	0.01042	0.05354	0.29180	0.33112	0.17761	0.01122	0.00539	0.00160	0.00250	0.06090	0.00442	0.00403
9	0.00624	0.00482	0.00684	0.08261	0.07107	0.00474	0.00547	0.00726	0.00877	0.01160	0.05166	0.53003	0.11320	0.01184	0.00611	0.05708	0.00310	0.01002	0.00365	0.00390
10	0.01097	0.18149	0.22758	0.03543	0.01403	0.06846	0.03506	0.03180	0.12789	0.07488	0.02596	0.06615	0.02966	0.00565	0.00451	0.00136	0.03164	0.01861	0.00292	0.00595
11	0.00759	0.00407	0.00602	0.00596	0.00601	0.00423	0.00406	0.00605	0.00590	0.00796	0.00815	0.01422	0.00819	0.05132	0.06900	0.75552	0.02760	0.00400	0.00198	0.00216
12	0.00563	0.00420	0.00530	0.00604	0.00673	0.00387	0.00439	0.00672	0.00921	0.01191	0.05139	0.51051	0.21297	0.01283	0.00560	0.00175	0.00270	0.13042	0.00412	0.00371
13	0.01416	0.10971	0.01441	0.04897	0.03377	0.28520	0.07085	0.16854	0.04864	0.07408	0.01004	0.06061	0.00833	0.00530	0.00451	0.00129	0.02851	0.00410	0.00306	0.00591
14	0.00923	0.04777	0.07353	0.00875	0.05117	0.00730	0.04332	0.03997	0.00954	0.01421	0.00957	0.08307	0.00868	0.00569	0.03854	0.00119	0.00424	0.00385	0.00267	0.53772

[dist]
# distance from previous block
# <min> <max>
2	99

[block]
# block no. 2 follows, 59 sequences, length 16
# corresponding to MSA columns:
# 190-205
name=unknown_C
#
# <colnr> <probs for GDERKNQSTAVLIFYWHMCP>
#	G	D	E	R	K	N	Q	S	T	A	V	L	I	F	Y	W	H	M	C	P
0	0.01106	0.08773	0.15077	0.03334	0.01291	0.00838	0.02836	0.04408	0.04232	0.13836	0.01197	0.03935	0.04550	0.00476	0.00392	0.00110	0.00423	0.00388	0.00309	0.32490
1	0.00912	0.05484	0.00975	0.00665	0.01035	0.00644	0.00541	0.01102	0.00917	0.01403	0.00885	0.03463	0.00790	0.00396	0.00343	0.00076	0.00336	0.03440	0.00268	0.76326
2	0.01220	0.01069	0.04847	0.00880	0.01181	0.04992	0.00729	0.30657	0.20589	0.02005	0.05940	0.05737	0.05349	0.00606	0.00440	0.00131	0.00414	0.00489	0.00396	0.12329
3	0.00834	0.04227	0.00906	0.00823	0.03578	0.03750	0.04830	0.07038	0.04764	0.03374	0.04612	0.39962	0.09771	0.01016	0.01594	0.00162	0.01988	0.01854	0.00374	0.04544
4	0.00938	0.12531	0.05754	0.52960	0.02397	0.01082	0.03387	0.07248	0.00997	0.01291	0.03948	0.03881	0.00813	0.00485	0.00428	0.00139	0.00547	0.00415	0.00233	0.00526
5	0.00598	0.00543	0.04357	0.00569	0.00708	0.00443	0.00451	0.00798	0.04117	0.01408	0.29472	0.17955	0.34881	0.01041	0.00522	0.00151	0.00249	0.00901	0.00426	0.00411
6	0.01020	0.01027	0.04784	0.11865	0.59118	0.00996	0.05709	0.01293	0.00981	0.01396	0.00914	0.04635	0.00787	0.00444	0.00443	0.00136	0.00528	0.00435	0.02845	0.00644
7	0.01287	0.04524	0.01407	0.07888	0.10479	0.13833	0.11026	0.11465	0.10837	0.11747	0.05384	0.03363	0.03696	0.00539	0.00449	0.00136	0.00521	0.00465	0.00340	0.00614
8	0.04452	0.00780	0.00936	0.00754	0.01037	0.00759	0.00616	0.17579	0.03185	0.41721	0.03172	0.01692	0.05022	0.00592	0.00429	0.00134	0.00362	0.03010	0.13113	0.00656
9	0.00676	0.00463	0.00525	0.00517	0.00645	0.00405	0.00376	0.00785	0.00989	0.08446	0.10284	0.16475	0.47226	0.09341	0.00692	0.00180	0.00261	0.00899	0.00415	0.00398
10	0.01146	0.01162	0.07576	0.22512	0.35856	0.09766	0.02874	0.01408	0.01009	0.08501	0.00875	0.01105	0.00678	0.00440	0.00468	0.00137	0.03244	0.00384	0.00240	0.00619
11	0.05454	0.00963	0.01041	0.07665	0.05367	0.11176	0.03029	0.17315	0.07673	0.02914	0.04807	0.14431	0.08305	0.00837	0.03959	0.00169	0.01669	0.02334	0.00352	0.00541
12	0.00597	0.00418	0.00487	0.00522	0.00608	0.00385	0.00371	0.00721	0.00937	0.01289	0.09887	0.33209	0.26890	0.02860	0.03178	0.00175	0.00266	0.00926	0.15896	0.00377
13	0.02292	0.03428	0.01888	0.08900	0.05697	0.02981	0.00602	0.05160	0.03281	0.01325	0.09818	0.29981	0.01953	0.13115	0.00737	0.00188	0.00372	0.00751	0.02214	0.05316
14	0.08816	0.02709	0.07470	0.05464	0.18328	0.10757	0.00877	0.10902	0.01090	0.04538	0.01088	0.12194	0.01009	0.05202	0.00523	0.00148	0.00486	0.00479	0.00292	0.07628
15	0.08284	0.15685	0.03813	0.02396	0.02556	0.08116	0.12011	0.09288	0.07407	0.01459	0.01296	0.06063	0.07312	0.05075	0.00565	0.00152	0.04498	0.01370	0.02115	0.00539

[dist]
# distance from previous block
# <min> <max>
1	36

[block]
# block no. 3 follows, 59 sequences, length 17
# corresponding to MSA columns:
# 262-278
name=unknown_D
#
# <colnr> <probs for GDERKNQSTAVLIFYWHMCP>
#	G	D	E	R	K	N	Q	S	T	A	V	L	I	F	Y	W	H	M	C	P
0	0.00578	0.00410	0.00502	0.00550	0.00584	0.00388	0.00355	0.00642	0.00822	0.01089	0.08009	0.43281	0.10140	0.29277	0.01123	0.00257	0.00307	0.00985	0.00368	0.00334
1	0.02764	0.00740	0.03174	0.19760	0.07682	0.03621	0.04840	0.01021	0.03003	0.01319	0.14917	0.09130	0.10468	0.07768	0.00638	0.00175	0.00429	0.07769	0.00322	0.00460
2	0.01043	0.13957	0.21767	0.09075	0.14071	0.03583	0.13102	0.04031	0.02685	0.03461	0.00945	0.04778	0.00792	0.00519	0.01553	0.00144	0.01587	0.02064	0.00238	0.00602
3	0.02744	0.00491	0.00688	0.02391	0.02501	0.00496	0.02572	0.00826	0.00832	0.05482	0.05215	0.28149	0.06080	0.08986	0.20345	0.07292	0.00531	0.00757	0.03232	0.00391
4	0.00685	0.00476	0.00674	0.00679	0.00757	0.00520	0.00514	0.00831	0.02258	0.03778	0.03552	0.09953	0.02861	0.09823	0.52104	0.04029	0.00868	0.04959	0.00287	0.00390
5	0.03121	0.00596	0.00702	0.00701	0.02915	0.02622	0.01889	0.04969	0.03149	0.05068	0.14025	0.20621	0.24016	0.02472	0.00556	0.00159	0.01823	0.06712	0.03441	0.00444
6	0.01207	0.09758	0.08317	0.06786	0.01323	0.29335	0.00825	0.09513	0.04568	0.01287	0.00952	0.04395	0.00848	0.06684	0.09107	0.03259	0.00664	0.00398	0.00259	0.00515
7	0.01149	0.02660	0.03550	0.01113	0.01415	0.02702	0.21763	0.20704	0.10823	0.05760	0.09117	0.08666	0.04275	0.00645	0.00486	0.00146	0.00485	0.03569	0.00373	0.00601
8	0.00664	0.00519	0.00585	0.00574	0.00703	0.00503	0.00429	0.00966	0.12908	0.01427	0.22525	0.08871	0.32216	0.07128	0.00638	0.00171	0.00265	0.05023	0.03459	0.00427
9	0.01005	0.03630	0.01375	0.59319	0.07138	0.10723	0.01146	0.05380	0.00990	0.01223	0.00778	0.01099	0.00600	0.00454	0.00465	0.00141	0.03424	0.00375	0.00214	0.00521
10	0.01026	0.00900	0.05717	0.05914	0.07151	0.02635	0.05134	0.15263	0.07750	0.05601	0.11738	0.10243	0.05422	0.06262	0.03446	0.00179	0.00451	0.00586	0.00360	0.04222
11	0.01017	0.05685	0.10365	0.03950	0.10803	0.04365	0.04676	0.04947	0.00874	0.01251	0.00740	0.01045	0.00650	0.00795	0.06873	0.00201	0.39240	0.00382	0.01595	0.00544
12	0.00634	0.00441	0.00525	0.00528	0.00563	0.00427	0.00328	0.00680	0.00743	0.01012	0.07915	0.17654	0.01987	0.55739	0.04591	0.00353	0.00401	0.00743	0.00310	0.04427
13	0.00837	0.00767	0.03779	0.03430	0.05774	0.07418	0.02594	0.02229	0.02154	0.02920	0.01638	0.10573	0.09430	0.29991	0.04021	0.00265	0.04373	0.02986	0.02193	0.02628
14	0.04298	0.03540	0.07394	0.08371	0.14742	0.07631	0.06569	0.09815	0.04826	0.09724	0.04908	0.08020	0.01069	0.00576	0.00517	0.00143	0.06471	0.00478	0.00311	0.00598
15	0.01054	0.04022	0.10445	0.05224	0.05858	0.19367	0.06558	0.03762	0.03038	0.01257	0.04833	0.06193	0.01100	0.07211	0.05907	0.00202	0.09935	0.03263	0.00261	0.00511
16	0.07397	0.06340	0.00845	0.00709	0.02527	0.03836	0.02988	0.01006	0.00856	0.09390	0.04001	0.11777	0.05355	0.24350	0.07512	0.04799	0.00463	0.02872	0.00315	0.02660

[dist]
# distance from previous block
# <min> <max>
1	43

[block]
# block no. 4 follows, 59 sequences, length 24
# corresponding to MSA columns:
# 322-345
name=unknown_E
#
# <colnr> <probs for GDERKNQSTAVLIFYWHMCP>
#	G	D	E	R	K	N	Q	S	T	A	V	L	I	F	Y	W	H	M	C	P
0	0.00916	0.04150	0.03834	0.03435	0.00936	0.09010	0.00568	0.08930	0.03143	0.04884	0.07158	0.22914	0.10920	0.16255	0.00808	0.00199	0.00401	0.00731	0.00356	0.00452
1	0.02722	0.06325	0.03295	0.02634	0.03182	0.00645	0.02589	0.03837	0.02156	0.08644	0.07300	0.18558	0.16883	0.03008	0.04483	0.00183	0.00382	0.07256	0.05449	0.00470
2	0.08232	0.15291	0.12772	0.02695	0.02338	0.07127	0.05801	0.09998	0.05433	0.03940	0.06265	0.10783	0.01189	0.00605	0.00452	0.00137	0.03118	0.01761	0.01500	0.00562
3	0.00902	0.00777	0.01840	0.04879	0.05380	0.06131	0.04062	0.04246	0.10322	0.05434	0.07786	0.15283	0.11053	0.01253	0.15098	0.00250	0.03806	0.00654	0.00346	0.00499
4	0.00747	0.00476	0.00586	0.00575	0.00663	0.00455	0.00406	0.02557	0.00900	0.07893	0.09957	0.14949	0.16835	0.25632	0.06971	0.05216	0.00391	0.04050	0.00363	0.00377
5	0.01210	0.07842	0.08864	0.11800	0.19256	0.16553	0.05466	0.06521	0.04140	0.05520	0.00917	0.03538	0.00746	0.00477	0.00459	0.00132	0.03442	0.00391	0.00258	0.02467
6	0.00982	0.20904	0.08446	0.06250	0.03359	0.02068	0.03305	0.05037	0.10584	0.03351	0.03080	0.07909	0.06104	0.03784	0.00626	0.09098	0.00443	0.03862	0.00294	0.00515
7	0.00633	0.00458	0.00557	0.00563	0.00675	0.00415	0.00427	0.00783	0.01064	0.03812	0.30090	0.12752	0.29852	0.04999	0.00617	0.00169	0.00260	0.11045	0.00433	0.00397
8	0.03798	0.06604	0.03831	0.06358	0.20816	0.03408	0.10070	0.03466	0.01023	0.08844	0.05285	0.06805	0.08859	0.00634	0.00532	0.02223	0.04285	0.02296	0.00299	0.00563
9	0.01042	0.02739	0.01251	0.10955	0.21473	0.06433	0.05442	0.04985	0.06434	0.07700	0.05704	0.15821	0.04506	0.02904	0.00516	0.00151	0.00459	0.00600	0.00324	0.00561
10	0.00781	0.00552	0.00648	0.00653	0.00764	0.03092	0.00478	0.03320	0.05868	0.07813	0.14543	0.39387	0.11893	0.01162	0.02909	0.01774	0.00318	0.03186	0.00421	0.00437
11	0.00976	0.01403	0.28535	0.10141	0.20939	0.03083	0.04455	0.05548	0.02637	0.01437	0.05019	0.05866	0.00946	0.00529	0.00519	0.00144	0.06527	0.00445	0.00245	0.00606
12	0.01097	0.08506	0.01504	0.22565	0.15932	0.10005	0.07084	0.06896	0.02672	0.02941	0.04422	0.01304	0.00880	0.03027	0.00573	0.00148	0.07392	0.02238	0.00254	0.00560
13	0.02790	0.03963	0.01040	0.08129	0.10394	0.00835	0.00754	0.02952	0.00810	0.01157	0.01156	0.08172	0.02937	0.07009	0.31141	0.00379	0.15163	0.00510	0.00248	0.00460
14	0.00636	0.00477	0.00673	0.00677	0.00756	0.00533	0.00513	0.00818	0.03623	0.01104	0.06281	0.09597	0.03757	0.07737	0.60041	0.00573	0.00936	0.00589	0.00282	0.00395
15	0.00942	0.04421	0.19945	0.05978	0.03569	0.09473	0.01929	0.06920	0.04189	0.01422	0.11994	0.11220	0.04783	0.05299	0.00590	0.00160	0.02983	0.03351	0.00309	0.00523
16	0.02490	0.00880	0.04952	0.06688	0.03124	0.03992	0.06315	0.10914	0.05199	0.03786	0.01264	0.04090	0.04189	0.18952	0.11334	0.00280	0.09031	0.00509	0.01519	0.00492
17	0.02856	0.00774	0.01129	0.03469	0.05756	0.00714	0.12487	0.02668	0.00938	0.01373	0.01371	0.03472	0.09601	0.05303	0.03867	0.00157	0.04032	0.03517	0.04287	0.32228
18	0.00770	0.00496	0.00634	0.02950	0.00792	0.00479	0.00478	0.02610	0.03583	0.09144	0.10669	0.34462	0.12499	0.05572	0.02962	0.02845	0.00323	0.05705	0.02602	0.00424
19	0.04286	0.08495	0.11527	0.16708	0.12942	0.02503	0.03865	0.05685	0.10936	0.07646	0.01316	0.04452	0.06691	0.00539	0.00432	0.00138	0.00487	0.00456	0.00297	0.00598
20	0.00834	0.00654	0.00853	0.00775	0.00877	0.03279	0.04459	0.05051	0.03969	0.03644	0.01291	0.08584	0.01270	0.20659	0.29167	0.00407	0.08787	0.00557	0.04454	0.00427
21	0.00607	0.00452	0.00563	0.00614	0.00687	0.00434	0.00442	0.00784	0.05685	0.01265	0.12684	0.43389	0.13790	0.06874	0.00665	0.00188	0.00280	0.09798	0.00412	0.00388
22	0.05358	0.06377	0.04912	0.02931	0.06529	0.23440	0.03308	0.06251	0.01088	0.05092	0.04856	0.02732	0.00985	0.04003	0.04298	0.00164	0.03630	0.03683	0.00280	0.10084
23	0.06227	0.02492	0.02868	0.00612	0.00704	0.00465	0.00450	0.00749	0.00888	0.03062	0.07169	0.56444	0.11185	0.03830	0.00578	0.00175	0.00280	0.01039	0.00393	0.00391

[dist]
# distance from previous block
# <min> <max>
2	11

[block]
# block no. 5 follows, 59 sequences, length 17
# corresponding to MSA columns:
# 359-375
name=unknown_F
#
# <colnr> <probs for GDERKNQSTAVLIFYWHMCP>
#	G	D	E	R	K	N	Q	S	T	A	V	L	I	F	Y	W	H	M	C	P
0	0.03876	0.12950	0.11483	0.04353	0.05939	0.14499	0.09253	0.07387	0.04004	0.01357	0.00957	0.03985	0.00841	0.02949	0.07666	0.00193	0.04622	0.02880	0.00253	0.00553
1	0.01822	0.03524	0.24510	0.02894	0.05305	0.03472	0.02939	0.02638	0.02462	0.06801	0.05816	0.14291	0.10325	0.03087	0.00588	0.05553	0.00450	0.00593	0.02413	0.00516
2	0.00645	0.00424	0.00528	0.00536	0.00576	0.00414	0.00355	0.00673	0.00781	0.01053	0.11582	0.11138	0.09889	0.33878	0.05911	0.16177	0.00390	0.02394	0.02350	0.00305
3	0.01075	0.06292	0.13057	0.01079	0.05237	0.08335	0.10586	0.09271	0.09303	0.04991	0.05286	0.07390	0.05802	0.02855	0.02204	0.00158	0.00508	0.02224	0.03777	0.00570
4	0.02474	0.09054	0.05564	0.31643	0.07808	0.08294	0.02600	0.04312	0.07599	0.05274	0.01035	0.02931	0.01909	0.02146	0.00498	0.00146	0.03307	0.02589	0.00263	0.00554
5	0.04489	0.01498	0.28603	0.01216	0.10956	0.10818	0.01080	0.12961	0.01166	0.09361	0.02663	0.06088	0.00902	0.00615	0.03168	0.00155	0.00565	0.00420	0.02655	0.00621
6	0.00648	0.00488	0.00614	0.03118	0.02044	0.00482	0.00478	0.03341	0.03742	0.01269	0.06681	0.36598	0.17714	0.05640	0.06528	0.00217	0.00356	0.06023	0.03621	0.00401
7	0.01325	0.05204	0.01232	0.07591	0.05145	0.36223	0.02862	0.09177	0.01197	0.05273	0.05217	0.02938	0.05229	0.03347	0.00530	0.00138	0.04239	0.00420	0.02179	0.00532
8	0.17596	0.00878	0.01028	0.02165	0.04317	0.00914	0.02877	0.24608	0.01306	0.22059	0.01400	0.06815	0.04086	0.05317	0.00530	0.00157	0.00412	0.02517	0.00404	0.00614
9	0.00606	0.00466	0.00543	0.00599	0.00658	0.02741	0.00419	0.00699	0.00896	0.01159	0.08057	0.44008	0.14818	0.13830	0.00809	0.00210	0.00304	0.08431	0.00388	0.00360
10	0.02755	0.00598	0.00863	0.22926	0.09617	0.00645	0.00691	0.00875	0.00835	0.01123	0.03543	0.12505	0.08903	0.26273	0.03300	0.00252	0.00453	0.03148	0.00284	0.00410
11	0.03841	0.01124	0.05754	0.11329	0.07328	0.09539	0.13431	0.05469	0.08022	0.03812	0.00960	0.02896	0.00780	0.00603	0.02570	0.00162	0.16610	0.00424	0.04784	0.00562
12	0.00930	0.00708	0.00879	0.06814	0.01083	0.02547	0.00653	0.13160	0.08412	0.04643	0.04465	0.07158	0.05067	0.01730	0.32444	0.00366	0.03014	0.02458	0.02969	0.00501
13	0.02578	0.00669	0.00706	0.00727	0.02143	0.07117	0.00517	0.04502	0.09176	0.01303	0.03599	0.39275	0.10394	0.05485	0.05635	0.00207	0.02471	0.00865	0.02195	0.00436
14	0.00599	0.00422	0.00531	0.00587	0.00654	0.00388	0.00413	0.00699	0.00919	0.03393	0.09456	0.50091	0.17464	0.06575	0.00660	0.00187	0.00270	0.05906	0.00411	0.00374
15	0.06431	0.06514	0.01102	0.06452	0.06676	0.16173	0.02064	0.10563	0.03166	0.01429	0.03742	0.14365	0.05104	0.06629	0.00581	0.00155	0.02091	0.00542	0.00306	0.05914
16	0.06583	0.06032	0.14084	0.11677	0.10890	0.08051	0.05905	0.11900	0.05802	0.01537	0.00979	0.02533	0.02616	0.00558	0.02395	0.00150	0.04806	0.00395	0.00265	0.02841

[dist]
# distance from previous block
# <min> <max>
15	46

[block]
# block no. 6 follows, 59 sequences, length 13
# corresponding to MSA columns:
# 444-456
name=unknown_G
#
# <colnr> <probs for GDERKNQSTAVLIFYWHMCP>
#	G	D	E	R	K	N	Q	S	T	A	V	L	I	F	Y	W	H	M	C	P
0	0.00985	0.03098	0.08440	0.05834	0.01280	0.03287	0.09737	0.06577	0.07537	0.08764	0.05532	0.07877	0.14019	0.02549	0.05291	0.00185	0.03627	0.02388	0.02459	0.00532
1	0.02618	0.14589	0.18630	0.06921	0.10845	0.06501	0.05369	0.04697	0.04305	0.01362	0.02723	0.05032	0.07475	0.00641	0.03594	0.00153	0.00543	0.00445	0.00258	0.03301
2	0.00749	0.00560	0.00694	0.00692	0.02335	0.02840	0.02181	0.00918	0.02776	0.06541	0.13651	0.15901	0.24432	0.01273	0.09511	0.01977	0.00404	0.09654	0.00390	0.02521
3	0.00735	0.00573	0.00671	0.02550	0.02279	0.03684	0.00501	0.03902	0.02424	0.03095	0.11921	0.13807	0.20552	0.05991	0.18644	0.00287	0.00504	0.02963	0.04496	0.00421
4	0.01157	0.12949	0.07722	0.07668	0.18346	0.07437	0.12414	0.10012	0.06054	0.03411	0.01034	0.01217	0.03557	0.02513	0.00497	0.00140	0.02586	0.00409	0.00266	0.00612
5	0.03564	0.00539	0.00667	0.00641	0.00739	0.00559	0.00463	0.01049	0.16204	0.04795	0.08170	0.08330	0.08273	0.03188	0.04114	0.37071	0.00368	0.00563	0.00323	0.00380
6	0.00595	0.00431	0.00535	0.00594	0.00648	0.00408	0.00411	0.02499	0.00888	0.01165	0.04703	0.50119	0.13302	0.14477	0.00825	0.00214	0.00295	0.07139	0.00390	0.00361
7	0.01152	0.07845	0.06841	0.04130	0.07896	0.07378	0.07223	0.07310	0.02181	0.13810	0.09259	0.04352	0.06188	0.00713	0.04367	0.00159	0.00489	0.00494	0.07644	0.00568
8	0.01223	0.04395	0.09004	0.02826	0.06933	0.06106	0.12682	0.16942	0.01224	0.10816	0.03649	0.05047	0.01017	0.00703	0.05058	0.00169	0.03007	0.03470	0.00324	0.05402
9	0.06303	0.00634	0.00750	0.00637	0.00868	0.00584	0.00506	0.06392	0.01167	0.32409	0.09379	0.06429	0.25553	0.00779	0.00462	0.00140	0.00305	0.00644	0.05504	0.00554
10	0.25598	0.05804	0.14296	0.04815	0.01261	0.11975	0.03773	0.01249	0.00880	0.01413	0.00914	0.07977	0.00845	0.03319	0.02147	0.00163	0.08629	0.02189	0.02253	0.00500
11	0.16169	0.05355	0.02811	0.00744	0.00923	0.02660	0.00607	0.08829	0.06205	0.03551	0.01636	0.24016	0.01699	0.03932	0.03705	0.00191	0.00408	0.15720	0.00361	0.00480
12	0.15399	0.08313	0.01225	0.07165	0.06264	0.08955	0.03820	0.14491	0.04591	0.03945	0.04283	0.01342	0.06917	0.00552	0.00493	0.00136	0.07821	0.00412	0.03319	0.00559

[dist]
# distance from previous block
# <min> <max>
0	3

[block]
# block no. 7 follows, 59 sequences, length 27
# corresponding to MSA columns:
# 460-486
name=unknown_H
#
# <colnr> <probs for GDERKNQSTAVLIFYWHMCP>
#	G	D	E	R	K	N	Q	S	T	A	V	L	I	F	Y	W	H	M	C	P
0	0.00809	0.00682	0.05843	0.00708	0.00874	0.00590	0.00575	0.12749	0.01133	0.03345	0.13187	0.35418	0.09289	0.01010	0.00512	0.00156	0.00322	0.06331	0.02268	0.04198
1	0.03987	0.06092	0.10281	0.06977	0.07266	0.17549	0.03970	0.02941	0.12101	0.02827	0.07173	0.01704	0.08638	0.00586	0.00438	0.00135	0.00510	0.04065	0.00304	0.02454
2	0.03315	0.15788	0.21511	0.04136	0.08760	0.04725	0.08714	0.09113	0.04777	0.05077	0.00904	0.01075	0.00708	0.02521	0.03166	0.00155	0.01917	0.00366	0.00257	0.03016
3	0.00697	0.00483	0.00564	0.00580	0.00682	0.00457	0.00412	0.00888	0.07640	0.06281	0.04180	0.33045	0.25694	0.11452	0.00735	0.00193	0.00284	0.02275	0.03049	0.00408
4	0.00697	0.00563	0.00617	0.00637	0.00739	0.05630	0.00474	0.00870	0.03712	0.02891	0.22475	0.28518	0.17103	0.02881	0.00571	0.00166	0.00300	0.10330	0.00418	0.00408
5	0.00774	0.00516	0.00634	0.00614	0.00750	0.00484	0.00467	0.03154	0.04954	0.09283	0.28310	0.19470	0.20863	0.01013	0.00523	0.00154	0.00267	0.06868	0.00450	0.00450
6	0.02348	0.30036	0.09991	0.07995	0.14136	0.07475	0.09458	0.07363	0.01063	0.03558	0.02234	0.00983	0.00692	0.00421	0.00389	0.00122	0.00554	0.00345	0.00236	0.00604
7	0.02101	0.00545	0.00686	0.00714	0.03931	0.00520	0.00513	0.04376	0.03909	0.09091	0.18723	0.27676	0.16950	0.01026	0.00521	0.00158	0.00289	0.07379	0.00432	0.00459
8	0.00952	0.00651	0.00739	0.00677	0.00847	0.00656	0.00511	0.14612	0.10390	0.09169	0.06108	0.23139	0.19595	0.05639	0.00592	0.00166	0.00316	0.00783	0.03954	0.00505
9	0.00756	0.00651	0.00791	0.05841	0.06324	0.05733	0.02451	0.00971	0.05102	0.02909	0.21605	0.20616	0.18552	0.02163	0.01715	0.00163	0.00348	0.02477	0.00387	0.00447
10	0.05365	0.09050	0.11723	0.02611	0.08878	0.05035	0.06944	0.14891	0.02979	0.09895	0.04861	0.08451	0.01099	0.00579	0.00466	0.00138	0.03028	0.01735	0.01666	0.00605
11	0.03406	0.04308	0.06484	0.11266	0.47658	0.01024	0.03078	0.01324	0.05183	0.01399	0.02501	0.01253	0.03002	0.00573	0.03982	0.00160	0.02120	0.00413	0.00237	0.00628
12	0.00567	0.00446	0.00507	0.00505	0.00626	0.00393	0.00376	0.00706	0.01060	0.01362	0.28311	0.08498	0.46853	0.04332	0.00595	0.00161	0.00235	0.03657	0.00428	0.00383
13	0.01140	0.06444	0.12735	0.08368	0.27164	0.02213	0.06227	0.07379	0.05358	0.08287	0.00993	0.01165	0.00764	0.00555	0.03487	0.00155	0.02208	0.00395	0.04328	0.00637
14	0.03190	0.03012	0.06707	0.09217	0.08057	0.07738	0.10182	0.06545	0.04805	0.05086	0.05765	0.11348	0.08964	0.01907	0.00519	0.00151	0.02265	0.03687	0.00319	0.00536
15	0.00748	0.00637	0.00865	0.06278	0.00971	0.02540	0.02770	0.00856	0.00742	0.01022	0.01267	0.06388	0.03267	0.26771	0.21948	0.00387	0.18297	0.03604	0.00254	0.00387
16	0.00994	0.00603	0.00684	0.00604	0.00793	0.00582	0.00471	0.09139	0.06549	0.14846	0.14703	0.04664	0.24764	0.00783	0.00454	0.00135	0.00278	0.00652	0.17790	0.00509
17	0.01165	0.06099	0.16208	0.06652	0.10388	0.08128	0.09133	0.09512	0.06312	0.09382	0.01200	0.08100	0.02632	0.02534	0.00488	0.00145	0.00535	0.00477	0.00302	0.00608
18	0.03300	0.05828	0.13277	0.07791	0.09680	0.08760	0.09044	0.10126	0.05135	0.05120	0.01248	0.03192	0.06583	0.00628	0.02729	0.00156	0.03937	0.02593	0.00287	0.00587
19	0.01076	0.04429	0.06297	0.04232	0.03819	0.14843	0.12278	0.07789	0.11567	0.01453	0.05073	0.09521	0.03057	0.00733	0.02840	0.00162	0.03858	0.06110	0.00313	0.00549
20	0.00829	0.00530	0.00681	0.00688	0.00799	0.00557	0.00561	0.03990	0.00960	0.05512	0.01774	0.02995	0.03674	0.06586	0.14185	0.00269	0.03742	0.29700	0.21540	0.00430
21	0.11832	0.03132	0.03261	0.11052	0.13141	0.02812	0.02776	0.14250	0.15002	0.09931	0.03252	0.01373	0.02752	0.00521	0.00423	0.00139	0.00450	0.01763	0.01512	0.00626
22	0.40236	0.03336	0.02809	0.09145	0.09471	0.09421	0.00748	0.03774	0.03431	0.06698	0.00892	0.02321	0.00733	0.01781	0.00393	0.00142	0.00452	0.03396	0.00286	0.00536
23	0.01007	0.01037	0.09103	0.08344	0.14935	0.08796	0.02895	0.04963	0.05985	0.05518	0.21306	0.03308	0.05527	0.00685	0.02260	0.00151	0.02755	0.00533	0.00335	0.00556
24	0.00738	0.00397	0.00579	0.00582	0.00598	0.00395	0.00398	0.00613	0.00654	0.00878	0.06489	0.03529	0.02838	0.02890	0.04701	0.70519	0.00397	0.02345	0.00230	0.00229
25	0.02818	0.29263	0.03140	0.02716	0.01298	0.21858	0.02977	0.08164	0.16995	0.04262	0.00958	0.01005	0.00758	0.00467	0.00391	0.00120	0.01588	0.00336	0.00286	0.00599
26	0.02620	0.06360	0.07846	0.09751	0.24717	0.04313	0.11313	0.03753	0.03074	0.06791	0.07371	0.06522	0.01113	0.00528	0.00466	0.00138	0.01962	0.00480	0.00281	0.00599

[dist]
# distance from previous block
# <min> <max>
0	2

[block]
# block no. 8 follows, 59 sequences, length 10
# corresponding to MSA columns:
# 495-504
name=unknown_I
#
# <colnr> <probs for GDERKNQSTAVLIFYWHMCP>
#	G	D	E	R	K	N	Q	S	T	A	V	L	I	F	Y	W	H	M	C	P
0	0.01001	0.00758	0.00931	0.00748	0.01018	0.00702	0.03855	0.14969	0.03284	0.05191	0.09141	0.09405	0.04849	0.02792	0.03465	0.00144	0.00382	0.01930	0.04100	0.31333
1	0.00753	0.00532	0.00655	0.00612	0.00757	0.00499	0.02527	0.04686	0.04558	0.06516	0.23734	0.18967	0.27091	0.00976	0.00507	0.00148	0.00266	0.00848	0.04921	0.00445
2	0.00694	0.00501	0.02221	0.00686	0.00770	0.00463	0.00527	0.02952	0.00934	0.04717	0.03925	0.45094	0.03962	0.06698	0.04084	0.00218	0.00361	0.20394	0.00397	0.00401
3	0.04753	0.10063	0.27791	0.03397	0.05792	0.07455	0.07926	0.05682	0.01013	0.01431	0.02663	0.01003	0.00696	0.00483	0.02015	0.00135	0.03337	0.00342	0.00233	0.13793
4	0.01151	0.11981	0.09828	0.01008	0.05685	0.05322	0.02732	0.07590	0.26897	0.07539	0.06274	0.03015	0.05002	0.00574	0.00447	0.00136	0.01899	0.00465	0.00357	0.02099
5	0.00578	0.00426	0.00531	0.00575	0.00634	0.00412	0.00401	0.00665	0.00828	0.01081	0.02475	0.34298	0.19328	0.18660	0.12710	0.00301	0.00426	0.04963	0.00356	0.00351
6	0.01307	0.05587	0.13369	0.04081	0.02827	0.36571	0.02628	0.05491	0.06197	0.05144	0.01040	0.06488	0.00902	0.00622	0.02471	0.00146	0.00641	0.03653	0.00277	0.00558
7	0.01197	0.08389	0.05896	0.04936	0.06805	0.14644	0.07719	0.14527	0.03110	0.05569	0.05263	0.09855	0.01129	0.00704	0.03888	0.00159	0.02969	0.00489	0.02178	0.00571
8	0.00693	0.00406	0.00520	0.00527	0.00532	0.00405	0.00326	0.00626	0.00637	0.00863	0.01203	0.07434	0.01329	0.42151	0.01860	0.36143	0.00391	0.00567	0.03139	0.00247
9	0.00671	0.00580	0.04092	0.00580	0.00744	0.00484	0.00467	0.04584	0.03148	0.03480	0.17237	0.13664	0.44421	0.01030	0.00517	0.00151	0.00268	0.03033	0.00420	0.00428

[dist]
# distance from previous block
# <min> <max>
16	62

[block]
# block no. 9 follows, 59 sequences, length 24
# corresponding to MSA columns:
# 571-594
name=unknown_J
#
# <colnr> <probs for GDERKNQSTAVLIFYWHMCP>
#	G	D	E	R	K	N	Q	S	T	A	V	L	I	F	Y	W	H	M	C	P
0	0.00935	0.00762	0.00824	0.03609	0.01006	0.04877	0.00596	0.06157	0.29032	0.04478	0.01978	0.31756	0.05136	0.03171	0.00539	0.00164	0.00353	0.01878	0.00407	0.02344
1	0.01309	0.07054	0.05560	0.02462	0.09154	0.21998	0.02332	0.09696	0.08560	0.10261	0.01043	0.01198	0.00826	0.02433	0.11931	0.00215	0.02693	0.00385	0.00300	0.00590
2	0.01021	0.09565	0.17788	0.00962	0.02734	0.03152	0.05893	0.09827	0.07303	0.06157	0.04260	0.13497	0.07769	0.00732	0.02194	0.00153	0.02506	0.00565	0.03356	0.00566
3	0.00589	0.00422	0.00515	0.00557	0.00639	0.00378	0.00392	0.00683	0.00940	0.03373	0.10949	0.44593	0.28683	0.01232	0.00586	0.03385	0.00249	0.01050	0.00413	0.00374
4	0.00789	0.02512	0.03658	0.00851	0.06623	0.06792	0.00621	0.02666	0.00934	0.02377	0.10812	0.09473	0.09485	0.07316	0.29101	0.00360	0.00672	0.04206	0.00312	0.00440
5	0.05484	0.02972	0.07297	0.11516	0.17143	0.09600	0.15092	0.05590	0.03270	0.05930	0.00975	0.02923	0.00785	0.00560	0.02929	0.00155	0.02473	0.01673	0.03044	0.00589
6	0.00771	0.00536	0.00583	0.00563	0.00689	0.01589	0.00423	0.08223	0.02485	0.01522	0.11511	0.12189	0.20961	0.05085	0.03359	0.00171	0.00304	0.03431	0.25177	0.00427
7	0.08102	0.00610	0.00709	0.00613	0.00770	0.00594	0.00442	0.06233	0.00969	0.24719	0.04741	0.02290	0.06045	0.39814	0.01281	0.00273	0.00389	0.00559	0.00377	0.00468
8	0.00922	0.03707	0.32442	0.05149	0.10711	0.01058	0.07529	0.01269	0.03277	0.01301	0.00880	0.03928	0.00739	0.00696	0.05487	0.00184	0.17639	0.00410	0.02091	0.00580
9	0.04195	0.20671	0.05262	0.08876	0.14662	0.14314	0.03330	0.09541	0.04807	0.02831	0.00881	0.02063	0.00738	0.00479	0.00434	0.00128	0.03431	0.02506	0.00258	0.00593
10	0.01027	0.01758	0.43902	0.03331	0.09735	0.08925	0.11912	0.01424	0.02197	0.04565	0.00921	0.03896	0.00722	0.00548	0.03082	0.00158	0.00653	0.00401	0.00226	0.00619
11	0.00590	0.00413	0.00526	0.00574	0.00600	0.00407	0.00374	0.00654	0.00778	0.01051	0.05900	0.41998	0.02316	0.31609	0.09868	0.00323	0.00414	0.00928	0.00344	0.00332
12	0.03707	0.00512	0.00583	0.00552	0.00705	0.00471	0.00418	0.00943	0.05542	0.08589	0.25965	0.10156	0.38272	0.00975	0.00506	0.00147	0.00247	0.00829	0.00442	0.00440
13	0.01195	0.03148	0.08112	0.18299	0.19298	0.09592	0.02076	0.16124	0.05441	0.04457	0.00976	0.04006	0.00783	0.00521	0.00484	0.02159	0.02018	0.00412	0.00283	0.00613
14	0.00576	0.00450	0.00576	0.00604	0.00694	0.00420	0.02157	0.00719	0.02889	0.01224	0.09924	0.41278	0.26560	0.01362	0.06730	0.00206	0.00328	0.02516	0.00401	0.00385
15	0.00873	0.00805	0.01347	0.66633	0.14914	0.00961	0.01197	0.01158	0.00904	0.01204	0.00827	0.01190	0.00635	0.00438	0.00434	0.00142	0.00558	0.00394	0.04867	0.00518
16	0.00899	0.00689	0.00732	0.00666	0.00868	0.00716	0.00516	0.04694	0.32214	0.05919	0.05812	0.02725	0.33675	0.00808	0.00470	0.00144	0.00290	0.00671	0.06951	0.00540
17	0.04385	0.08962	0.07727	0.05558	0.19050	0.14414	0.09156	0.14398	0.04815	0.01571	0.01050	0.01181	0.04855	0.00474	0.00424	0.00130	0.00563	0.00397	0.00273	0.00616
18	0.00921	0.06590	0.68276	0.01305	0.01918	0.01076	0.11068	0.01397	0.00944	0.01381	0.00795	0.00952	0.00573	0.00412	0.00425	0.00139	0.00654	0.00345	0.00191	0.00641
19	0.00790	0.00569	0.00635	0.00595	0.00742	0.00548	0.00443	0.13450	0.01143	0.04344	0.09326	0.19759	0.34533	0.07296	0.00637	0.00171	0.00291	0.00845	0.03442	0.00441
20	0.00633	0.00441	0.00557	0.00562	0.00589	0.00465	0.00367	0.00688	0.00674	0.00925	0.01376	0.06541	0.01508	0.54028	0.28277	0.00507	0.00665	0.00618	0.00265	0.00313
21	0.02125	0.40442	0.13393	0.01024	0.04657	0.05608	0.04123	0.08574	0.10039	0.02296	0.00848	0.00935	0.00685	0.00441	0.00396	0.00119	0.03111	0.00321	0.00250	0.00613
22	0.00625	0.04522	0.04448	0.00673	0.03076	0.00521	0.02985	0.00773	0.00977	0.01221	0.04791	0.17589	0.46794	0.01059	0.00519	0.00156	0.00302	0.08177	0.00379	0.00413
23	0.00632	0.00461	0.00544	0.00534	0.00631	0.00433	0.00387	0.00809	0.03597	0.01421	0.35428	0.05582	0.21405	0.16535	0.00835	0.00198	0.00268	0.04642	0.05273	0.00385

[dist]
# distance from previous block
# <min> <max>
0	1

[block]
# block no. 10 follows, 59 sequences, length 20
# corresponding to MSA columns:
# 596-615
name=unknown_K
#
# <colnr> <probs for GDERKNQSTAVLIFYWHMCP>
#	G	D	E	R	K	N	Q	S	T	A	V	L	I	F	Y	W	H	M	C	P
0	0.02316	0.00843	0.05702	0.00812	0.02594	0.04910	0.03771	0.09181	0.06058	0.05888	0.16981	0.17144	0.07192	0.00759	0.00464	0.00136	0.00364	0.00655	0.03848	0.10382
1	0.03596	0.20160	0.07073	0.01180	0.10424	0.14271	0.05801	0.14344	0.02331	0.11943	0.02201	0.01050	0.00764	0.00523	0.02362	0.00137	0.00557	0.00357	0.00299	0.00628
2	0.00654	0.00479	0.00653	0.00642	0.00716	0.00515	0.00471	0.00768	0.00713	0.01010	0.01270	0.02167	0.01287	0.27557	0.50450	0.00568	0.00875	0.03645	0.00254	0.05306
3	0.00992	0.05767	0.01005	0.00668	0.01056	0.00661	0.00544	0.01184	0.00935	0.06012	0.00829	0.00937	0.00674	0.00343	0.00331	0.00071	0.00338	0.00271	0.00274	0.77107
4	0.03387	0.15703	0.07917	0.01061	0.04307	0.10238	0.07951	0.12863	0.07861	0.04549	0.02543	0.02908	0.07138	0.00574	0.00505	0.00136	0.07077	0.02394	0.00303	0.00586
5	0.01605	0.01148	0.01248	0.00970	0.01303	0.01258	0.00796	0.66814	0.06304	0.07379	0.05729	0.01247	0.00999	0.00556	0.00447	0.00134	0.00456	0.00429	0.00451	0.00729
6	0.01011	0.02575	0.15340	0.09613	0.25758	0.01001	0.09715	0.08349	0.07228	0.01525	0.03060	0.03780	0.04914	0.00572	0.02281	0.00152	0.00539	0.00465	0.01505	0.00618
7	0.00930	0.02749	0.00889	0.00712	0.03126	0.02848	0.00544	0.03125	0.02902	0.05886	0.10321	0.01830	0.13746	0.01811	0.00445	0.00107	0.01676	0.01465	0.00331	0.44555
8	0.06822	0.00808	0.00941	0.00779	0.01061	0.00824	0.00626	0.06366	0.26169	0.38500	0.01618	0.01492	0.01121	0.00550	0.00420	0.00137	0.00352	0.00443	0.10293	0.00680
9	0.00536	0.00392	0.00504	0.00594	0.00635	0.00361	0.00401	0.00617	0.00866	0.01136	0.02692	0.74090	0.12855	0.01350	0.00558	0.00176	0.00252	0.01215	0.00410	0.00361
10	0.02006	0.04142	0.13201	0.01016	0.06506	0.08240	0.06278	0.03739	0.00993	0.02952	0.04387	0.31288	0.05629	0.00922	0.02467	0.00167	0.01856	0.03394	0.00323	0.00494
11	0.00922	0.12312	0.72477	0.01198	0.01817	0.01113	0.01525	0.01389	0.00928	0.01355	0.00771	0.00905	0.00560	0.00415	0.00403	0.00134	0.00631	0.00315	0.00187	0.00642
12	0.00566	0.00407	0.00539	0.00633	0.00676	0.00384	0.00448	0.00662	0.00873	0.01152	0.02487	0.66306	0.06497	0.03600	0.00614	0.00188	0.00282	0.12914	0.00406	0.00364
13	0.00956	0.00905	0.01388	0.37517	0.20720	0.02956	0.01130	0.04322	0.00918	0.01249	0.00820	0.02838	0.00694	0.00671	0.05058	0.00182	0.16507	0.00411	0.00218	0.00541
14	0.02995	0.02564	0.07110	0.06304	0.13206	0.09154	0.12569	0.15824	0.05279	0.06658	0.01156	0.05978	0.02926	0.00656	0.04077	0.00164	0.01996	0.00467	0.00307	0.00611
15	0.00813	0.00586	0.05193	0.00556	0.00713	0.00505	0.00459	0.02212	0.05804	0.04727	0.17930	0.06676	0.10524	0.00706	0.00410	0.00126	0.00256	0.00593	0.40756	0.00455
16	0.00547	0.00405	0.00514	0.00594	0.00649	0.00371	0.00414	0.00641	0.00895	0.01166	0.04728	0.62793	0.17573	0.01313	0.00558	0.00174	0.00258	0.05631	0.00412	0.00366
17	0.01217	0.02805	0.03020	0.07986	0.19297	0.08685	0.00915	0.21233	0.13049	0.03659	0.05562	0.04701	0.04787	0.00571	0.00447	0.00137	0.00477	0.00477	0.00345	0.00632
18	0.06608	0.03239	0.01167	0.03672	0.13670	0.04444	0.02427	0.08771	0.25598	0.03970	0.01323	0.05785	0.02370	0.06468	0.00638	0.00165	0.06826	0.00483	0.01779	0.00597
19	0.01173	0.13204	0.03151	0.01045	0.08441	0.08355	0.04928	0.12726	0.09887	0.04699	0.08612	0.01322	0.01109	0.02829	0.01772	0.00135	0.00470	0.00404	0.00319	0.15419

[dist]
# distance from previous block
# <min> <max>
1	52

[block]
# block no. 11 follows, 59 sequences, length 63
# corresponding to MSA columns:
# 668-716,718-731
name=unknown_L
#
# <colnr> <probs for GDERKNQSTAVLIFYWHMCP>
#	G	D	E	R	K	N	Q	S	T	A	V	L	I	F	Y	W	H	M	C	P
0	0.03885	0.12790	0.09535	0.02582	0.11646	0.03218	0.17335	0.03178	0.00975	0.01348	0.08535	0.04545	0.03453	0.02914	0.04597	0.02404	0.05784	0.00479	0.00257	0.00538
1	0.06277	0.00695	0.00981	0.34501	0.02974	0.01884	0.00817	0.05301	0.00883	0.01231	0.01163	0.14340	0.01141	0.09998	0.12892	0.00265	0.03390	0.00555	0.00262	0.00449
2	0.01323	0.07128	0.04877	0.03544	0.11372	0.06793	0.05470	0.10413	0.23231	0.16041	0.01321	0.04414	0.01009	0.00535	0.00438	0.00137	0.00471	0.00450	0.00369	0.00665
3	0.01097	0.04392	0.10804	0.09423	0.29214	0.09254	0.09318	0.02703	0.02338	0.04094	0.00934	0.05129	0.00789	0.00491	0.00503	0.00138	0.05873	0.00428	0.02474	0.00605
4	0.00553	0.00405	0.00513	0.00577	0.00629	0.00372	0.00394	0.00650	0.00915	0.01214	0.13771	0.57620	0.14093	0.05331	0.00634	0.00182	0.00253	0.01116	0.00414	0.00364
5	0.00619	0.00468	0.00574	0.00559	0.00670	0.00436	0.00414	0.00845	0.05173	0.01587	0.53217	0.12936	0.18883	0.00986	0.00523	0.00146	0.00224	0.00863	0.00461	0.00416
6	0.01176	0.12797	0.11972	0.04204	0.07283	0.12886	0.00886	0.07270	0.13559	0.07376	0.07634	0.01435	0.04767	0.00638	0.03308	0.00151	0.01314	0.00427	0.00317	0.00597
7	0.04079	0.01286	0.14350	0.03566	0.05389	0.08446	0.09666	0.08853	0.25710	0.05250	0.02476	0.01327	0.02465	0.00565	0.01764	0.00151	0.03260	0.00434	0.00329	0.00634
8	0.00615	0.00423	0.00491	0.00509	0.00527	0.00415	0.00306	0.00641	0.00707	0.00934	0.01795	0.17543	0.07593	0.61375	0.03988	0.00371	0.00403	0.00769	0.00303	0.00295
9	0.00631	0.00497	0.00661	0.00659	0.00764	0.00479	0.04534	0.02191	0.04912	0.01254	0.05227	0.40736	0.21958	0.01350	0.08519	0.00215	0.00369	0.00962	0.03676	0.00406
10	0.01196	0.11045	0.04394	0.04796	0.12700	0.09133	0.07727	0.19922	0.01232	0.01626	0.04371	0.01952	0.02057	0.00633	0.03722	0.00157	0.07407	0.01496	0.03841	0.00593
11	0.08318	0.11575	0.06332	0.02424	0.04631	0.03664	0.14474	0.07669	0.06181	0.11261	0.01196	0.08660	0.02221	0.00646	0.02996	0.00157	0.04064	0.00477	0.02473	0.00583
12	0.00767	0.00475	0.00519	0.00502	0.00562	0.00482	0.00331	0.05637	0.00845	0.01264	0.02827	0.02435	0.01469	0.47794	0.01421	0.00291	0.00354	0.02786	0.28887	0.00351
13	0.01092	0.05411	0.18247	0.04805	0.10098	0.11942	0.13553	0.04957	0.02159	0.02921	0.07106	0.01288	0.00957	0.00525	0.00573	0.00143	0.11004	0.02386	0.00253	0.00580
14	0.01102	0.02897	0.10221	0.10976	0.25094	0.02508	0.03294	0.10390	0.05437	0.07711	0.03298	0.07254	0.04101	0.00578	0.00456	0.00142	0.00489	0.03127	0.00309	0.00618
15	0.01028	0.01200	0.10736	0.33014	0.18702	0.10805	0.03890	0.04266	0.00997	0.01288	0.00887	0.01157	0.02755	0.00509	0.01596	0.00149	0.05848	0.00392	0.00220	0.00564
16	0.00636	0.00442	0.00575	0.03543	0.00743	0.00422	0.00448	0.00743	0.00910	0.03916	0.11461	0.43320	0.10150	0.12651	0.00782	0.00206	0.00301	0.07980	0.00396	0.00376
17	0.00541	0.00390	0.00514	0.00613	0.00645	0.00363	0.00414	0.00623	0.00856	0.01135	0.02516	0.79032	0.06167	0.01369	0.00563	0.00179	0.00258	0.03051	0.00410	0.00360
18	0.01184	0.01312	0.01245	0.04301	0.07185	0.29294	0.00891	0.01413	0.08120	0.01200	0.03684	0.02345	0.03886	0.00633	0.00805	0.00152	0.31168	0.00409	0.00251	0.00520
19	0.02960	0.00866	0.01011	0.00769	0.01115	0.00789	0.00621	0.20990	0.01273	0.19293	0.01163	0.06369	0.00915	0.00494	0.00395	0.00106	0.00373	0.00398	0.00378	0.39722
20	0.37697	0.00981	0.00940	0.00768	0.01061	0.01099	0.00630	0.36067	0.03473	0.03656	0.00941	0.00996	0.00695	0.00480	0.00358	0.00132	0.00393	0.00336	0.08696	0.00602
21	0.00945	0.00571	0.00680	0.00604	0.00789	0.00522	0.00468	0.06559	0.02419	0.18330	0.24271	0.08203	0.32083	0.00909	0.00501	0.00145	0.00274	0.00771	0.00462	0.00494
22	0.01242	0.03693	0.01083	0.00922	0.01173	0.30068	0.00710	0.04144	0.29443	0.01474	0.03294	0.06447	0.01104	0.00558	0.00418	0.00125	0.00504	0.00434	0.00335	0.12830
23	0.01099	0.00949	0.00999	0.00899	0.01148	0.01099	0.00699	0.02347	0.80925	0.01848	0.01798	0.01648	0.01348	0.00599	0.00449	0.00150	0.00350	0.00499	0.00449	0.00699
24	0.00886	0.02700	0.01919	0.00603	0.00783	0.00559	0.00478	0.03532	0.07341	0.12676	0.26917	0.05926	0.24326	0.00840	0.00477	0.00139	0.00270	0.00711	0.08429	0.00488
25	0.02779	0.39467	0.29209	0.00948	0.01402	0.05678	0.01036	0.01443	0.05711	0.03291	0.00786	0.00876	0.00627	0.00412	0.00352	0.00115	0.00532	0.00292	0.00220	0.04827
26	0.00763	0.00487	0.00564	0.00529	0.00687	0.00422	0.00402	0.00904	0.01083	0.12945	0.20333	0.08890	0.46096	0.00992	0.00508	0.00146	0.00244	0.00841	0.02726	0.00437
27	0.00549	0.00424	0.00502	0.00551	0.00635	0.00383	0.00387	0.00672	0.02486	0.01213	0.08920	0.45867	0.33357	0.01231	0.00542	0.00164	0.00242	0.01083	0.00416	0.00375
28	0.00840	0.00670	0.00830	0.04845	0.04273	0.02775	0.02129	0.07294	0.11947	0.02666	0.03052	0.33802	0.06336	0.03237	0.05666	0.00198	0.02780	0.00792	0.05387	0.00479
29	0.02935	0.00774	0.00937	0.04999	0.01109	0.00809	0.00642	0.17666	0.10529	0.23503	0.03077	0.03840	0.03488	0.07645	0.10100	0.00228	0.00484	0.01698	0.04939	0.00596
30	0.00626	0.00469	0.00700	0.00705	0.00781	0.00543	0.00545	0.00780	0.00716	0.01030	0.01244	0.05756	0.01193	0.03218	0.78722	0.00684	0.01138	0.00511	0.00245	0.00393
31	0.00661	0.00512	0.00588	0.00568	0.00705	0.00483	0.00429	0.02105	0.09120	0.02555	0.32375	0.09715	0.34595	0.00993	0.00518	0.00149	0.00244	0.02811	0.00444	0.00432
32	0.01179	0.01028	0.01553	0.14337	0.48885	0.04119	0.01178	0.09814	0.01118	0.06983	0.00949	0.03652	0.00776	0.00465	0.00460	0.00136	0.02026	0.00419	0.00267	0.00656
33	0.01292	0.00848	0.00969	0.00842	0.01101	0.00909	0.00669	0.05493	0.46590	0.22551	0.05492	0.03269	0.02884	0.00649	0.00462	0.00148	0.00355	0.04330	0.00472	0.00676
34	0.00608	0.00499	0.00544	0.00535	0.00681	0.00458	0.00410	0.00851	0.08446	0.01377	0.19363	0.03870	0.53530	0.01034	0.00521	0.00151	0.00244	0.06035	0.00429	0.00414
35	0.01078	0.01162	0.06928	0.12123	0.58708	0.05833	0.03573	0.01351	0.00996	0.01374	0.00811	0.01076	0.00667	0.00411	0.00455	0.00134	0.02067	0.00386	0.00214	0.00654
36	0.04858	0.00947	0.01038	0.00825	0.01116	0.01008	0.00673	0.42682	0.05091	0.17075	0.01323	0.01314	0.02025	0.00537	0.00411	0.00129	0.00395	0.00415	0.17472	0.00666
37	0.00610	0.00424	0.00486	0.00502	0.00528	0.00410	0.00304	0.00643	0.00740	0.00972	0.04634	0.16431	0.11514	0.57985	0.01705	0.00344	0.00368	0.00783	0.00316	0.00300
