[name]
unknown

[dist]
# distance from previous block
# <min> <max>
0	94

[block]
# block no. 0 follows, 74 sequences, length 94
# corresponding to MSA columns:
# 94-187
name=unknown_A
#
# <colnr> <probs for GDERKNQSTAVLIFYWHMCP>
#	G	D	E	R	K	N	Q	S	T	A	V	L	I	F	Y	W	H	M	C	P
0	0.02790	0.05221	0.01140	0.00838	0.01123	0.04682	0.15488	0.11136	0.13860	0.09725	0.00985	0.03467	0.00786	0.00415	0.00355	0.00102	0.00386	0.03083	0.00284	0.24132
1	0.05958	0.01707	0.07958	0.00973	0.09802	0.05178	0.12461	0.04902	0.06987	0.14629	0.05399	0.01088	0.02265	0.00394	0.00353	0.00103	0.00394	0.00345	0.00274	0.18832
2	0.00948	0.02976	0.28300	0.01254	0.16177	0.00893	0.09530	0.02938	0.12100	0.01418	0.10998	0.01339	0.01096	0.00506	0.00444	0.00139	0.01784	0.00412	0.00282	0.06468
3	0.00478	0.00390	0.00471	0.00469	0.00575	0.00338	0.02548	0.00577	0.00812	0.01032	0.08277	0.30482	0.45748	0.00950	0.00442	0.00129	0.00212	0.00826	0.00338	0.04904
4	0.03234	0.01396	0.42793	0.01509	0.30508	0.00867	0.09682	0.01180	0.00818	0.03540	0.00704	0.00862	0.00531	0.00344	0.00364	0.00116	0.00506	0.00312	0.00180	0.00556
5	0.00908	0.00871	0.01487	0.06402	0.80600	0.00879	0.01134	0.01130	0.00840	0.01200	0.00696	0.00922	0.00583	0.00333	0.00368	0.00111	0.00444	0.00331	0.00183	0.00579
6	0.00907	0.00870	0.01486	0.06603	0.80403	0.00879	0.01134	0.01129	0.00840	0.01199	0.00696	0.00922	0.00583	0.00333	0.00368	0.00111	0.00444	0.00331	0.00183	0.00579
7	0.00826	0.00723	0.00945	0.00942	0.19371	0.00604	0.00604	0.03962	0.00822	0.01251	0.00677	0.00807	0.00561	0.00293	0.00299	0.00069	0.00316	0.00248	0.00217	0.66463
8	0.00487	0.00378	0.00443	0.00427	0.00531	0.00334	0.00320	0.00627	0.00961	0.01275	0.49057	0.03123	0.39022	0.00838	0.00438	0.00121	0.00181	0.00720	0.00381	0.00334
9	0.01354	0.01261	0.01079	0.00909	0.02828	0.29293	0.00709	0.47831	0.08096	0.01775	0.00831	0.00857	0.00619	0.00427	0.00360	0.00107	0.00487	0.00309	0.00308	0.00560
10	0.00548	0.00380	0.00440	0.00425	0.00462	0.00365	0.00262	0.00579	0.00620	0.00838	0.08875	0.02373	0.06924	0.63559	0.03804	0.03004	0.00343	0.00539	0.00247	0.05415
11	0.03759	0.01015	0.01089	0.00837	0.01132	0.01119	0.00691	0.78035	0.01689	0.05543	0.00904	0.00898	0.00636	0.00443	0.00368	0.00112	0.00402	0.00332	0.00371	0.00625
12	0.01387	0.01769	0.01052	0.00956	0.01148	0.85465	0.00717	0.01482	0.01052	0.00908	0.00574	0.00669	0.00478	0.00383	0.00335	0.00096	0.00669	0.00239	0.00191	0.00430
13	0.00441	0.00369	0.00383	0.00395	0.00506	0.00312	0.00290	0.00531	0.00828	0.00995	0.03528	0.14821	0.73391	0.00970	0.00443	0.00129	0.00192	0.00820	0.00345	0.00312
14	0.08145	0.00397	0.00487	0.00519	0.00598	0.00376	0.00368	0.00718	0.00763	0.10546	0.04192	0.61394	0.08127	0.00987	0.00438	0.00141	0.00230	0.00875	0.00350	0.00350
15	0.00451	0.00328	0.00426	0.00505	0.00535	0.00302	0.00339	0.00518	0.00722	0.00952	0.02191	0.79666	0.09408	0.01144	0.00471	0.00149	0.00213	0.01032	0.00345	0.00302
16	0.89577	0.00718	0.00546	0.00488	0.00718	0.00833	0.00402	0.01091	0.00632	0.01665	0.00517	0.00603	0.00402	0.00345	0.00230	0.00115	0.00287	0.00201	0.00230	0.00402
17	0.03436	0.00654	0.00868	0.00667	0.00953	0.00581	0.00551	0.05837	0.01087	0.79118	0.01417	0.01232	0.00894	0.00456	0.00370	0.00115	0.00320	0.00368	0.00450	0.00627
18	0.53194	0.00639	0.00582	0.00511	0.00719	0.00694	0.00411	0.02292	0.04303	0.12910	0.07949	0.01229	0.07929	0.02819	0.00338	0.00122	0.00275	0.00336	0.02319	0.00427
19	0.00452	0.00326	0.00428	0.00510	0.00537	0.00302	0.00341	0.00518	0.00717	0.00950	0.02131	0.82569	0.06544	0.01152	0.00472	0.00149	0.00214	0.01042	0.00345	0.00302
20	0.01370	0.01734	0.01044	0.00949	0.01141	0.82456	0.00713	0.01500	0.04003	0.00931	0.00607	0.00695	0.00501	0.00387	0.00336	0.00097	0.00656	0.00245	0.00198	0.00436
21	0.00512	0.00365	0.00497	0.00581	0.00627	0.00353	0.00443	0.00618	0.00764	0.01007	0.01994	0.51982	0.02303	0.03040	0.00521	0.00163	0.00269	0.33303	0.00341	0.00316
22	0.01010	0.00526	0.00635	0.00554	0.00707	0.00514	0.00428	0.09208	0.03888	0.26315	0.05095	0.03734	0.01247	0.18147	0.00675	0.00164	0.00297	0.07358	0.19053	0.00442
23	0.00744	0.01920	0.85032	0.01058	0.01607	0.00862	0.01371	0.01176	0.00784	0.01176	0.00666	0.00784	0.00470	0.00353	0.00353	0.00118	0.00549	0.00274	0.00157	0.00549
24	0.00650	0.00405	0.00532	0.00485	0.00594	0.00371	0.00369	0.00821	0.01046	0.10328	0.73954	0.02584	0.03177	0.00720	0.00427	0.00116	0.00190	0.00633	0.02217	0.00380
25	0.00963	0.00783	0.00828	0.00727	0.00936	0.00892	0.00570	0.13579	0.62805	0.01650	0.03660	0.01352	0.01110	0.00496	0.00368	0.00120	0.00297	0.00408	0.07890	0.00567
26	0.00978	0.00825	0.00870	0.00766	0.00986	0.00949	0.00601	0.11105	0.74747	0.01641	0.01441	0.01329	0.01077	0.00497	0.00377	0.00124	0.00307	0.00410	0.00377	0.00592
27	0.00452	0.00323	0.00431	0.00517	0.00538	0.00301	0.00345	0.00517	0.00711	0.00948	0.02046	0.86713	0.02455	0.01163	0.00474	0.00151	0.00215	0.01055	0.00345	0.00301
28	0.89577	0.00718	0.00546	0.00488	0.00718	0.00833	0.00402	0.01091	0.00632	0.01665	0.00517	0.00603	0.00402	0.00345	0.00230	0.00115	0.00287	0.00201	0.00230	0.00402
29	0.00876	0.01001	0.02190	0.01564	0.01940	0.00939	0.83292	0.01189	0.00876	0.01189	0.00751	0.01001	0.00563	0.00313	0.00438	0.00125	0.00626	0.00438	0.00188	0.00501
30	0.00770	0.00660	0.00770	0.00550	0.00880	0.00495	0.00440	0.00935	0.00770	0.01210	0.00660	0.00770	0.00550	0.00275	0.00275	0.00055	0.00275	0.00220	0.00220	0.89224
31	0.00455	0.00326	0.00428	0.00508	0.00532	0.00304	0.00338	0.00518	0.00709	0.00941	0.02073	0.80541	0.05333	0.04425	0.00526	0.00158	0.00220	0.01026	0.00340	0.00299
32	0.00744	0.01920	0.85032	0.01058	0.01607	0.00862	0.01371	0.01176	0.00784	0.01176	0.00666	0.00784	0.00470	0.00353	0.00353	0.00118	0.00549	0.00274	0.00157	0.00549
33	0.00525	0.00379	0.00496	0.00467	0.00555	0.00350	0.00350	0.00700	0.01051	0.01488	0.84444	0.02773	0.03502	0.00759	0.00438	0.00117	0.00175	0.00671	0.00409	0.00350
34	0.00621	0.00506	0.00567	0.00541	0.00677	0.00515	0.00419	0.01028	0.25587	0.01314	0.25930	0.02747	0.29682	0.00766	0.00427	0.00127	0.00229	0.07539	0.00372	0.00408
35	0.00919	0.00882	0.01507	0.02278	0.84640	0.00882	0.01139	0.01139	0.00845	0.01213	0.00698	0.00919	0.00588	0.00331	0.00367	0.00110	0.00441	0.00331	0.00184	0.00588
36	0.00923	0.00797	0.00839	0.00755	0.00965	0.00923	0.00588	0.01972	0.83969	0.01553	0.01511	0.01385	0.01133	0.00504	0.00378	0.00126	0.00294	0.00420	0.00378	0.00588
37	0.00923	0.00797	0.00839	0.00755	0.00965	0.00923	0.00588	0.01972	0.83969	0.01553	0.01511	0.01385	0.01133	0.00504	0.00378	0.00126	0.00294	0.00420	0.00378	0.00588
38	0.00577	0.00419	0.00570	0.00647	0.00735	0.00412	0.00558	0.00737	0.00850	0.01095	0.02156	0.06375	0.10772	0.01020	0.00504	0.00166	0.00322	0.71405	0.00342	0.00338
39	0.01665	0.00632	0.00861	0.00660	0.00948	0.00546	0.00546	0.01809	0.01062	0.84897	0.01464	0.01263	0.00919	0.00459	0.00373	0.00115	0.00316	0.00373	0.00459	0.00632
40	0.01638	0.00676	0.00889	0.00682	0.00970	0.00612	0.00563	0.10714	0.01137	0.75887	0.01402	0.01223	0.00887	0.00458	0.00373	0.00114	0.00326	0.00369	0.00450	0.00632
41	0.01335	0.01683	0.01060	0.00958	0.01132	0.77846	0.00726	0.01429	0.01008	0.00907	0.00566	0.00682	0.00479	0.00407	0.00415	0.00102	0.08404	0.00247	0.00189	0.00428
42	0.00701	0.00660	0.01113	0.86063	0.02556	0.00825	0.01031	0.00948	0.00742	0.00948	0.00660	0.00990	0.00495	0.00371	0.00371	0.00124	0.00495	0.00330	0.00165	0.00412
43	0.09526	0.10868	0.05214	0.00988	0.03760	0.18625	0.14943	0.26672	0.03408	0.01506	0.00724	0.00813	0.00554	0.00379	0.00346	0.00108	0.00492	0.00304	0.00250	0.00522
44	0.00591	0.10789	0.00623	0.00505	0.00568	0.00468	0.00354	0.00648	0.00685	0.04301	0.01617	0.48858	0.02757	0.24541	0.00829	0.00198	0.00281	0.00780	0.00294	0.00315
45	0.14808	0.01005	0.00940	0.03042	0.01068	0.11881	0.00635	0.34747	0.24951	0.01790	0.00964	0.00962	0.00716	0.00437	0.00347	0.00114	0.00393	0.00326	0.00323	0.00552
46	0.00547	0.00393	0.00466	0.00486	0.00542	0.00381	0.00347	0.02820	0.00732	0.00948	0.04243	0.11791	0.17394	0.38052	0.01082	0.00239	0.00304	0.18647	0.00295	0.00290
47	0.03123	0.00457	0.00575	0.00578	0.02986	0.00426	0.00408	0.02478	0.02674	0.11282	0.11590	0.34308	0.07173	0.09037	0.00561	0.00150	0.00259	0.03852	0.00338	0.07744
48	0.02011	0.01064	0.07102	0.04716	0.03674	0.04942	0.61975	0.03261	0.03957	0.02397	0.00771	0.00980	0.00577	0.00334	0.00416	0.00122	0.00588	0.00405	0.00201	0.00506
49	0.09058	0.00733	0.00893	0.00690	0.00975	0.00710	0.00570	0.20578	0.01183	0.58790	0.01252	0.01122	0.00809	0.00446	0.00361	0.00114	0.00335	0.00350	0.00420	0.00612
50	0.05882	0.00486	0.00565	0.00520	0.00670	0.00465	0.00405	0.00992	0.09653	0.15830	0.21147	0.06393	0.26676	0.02680	0.00448	0.00130	0.00240	0.06035	0.00373	0.00411
51	0.02122	0.00838	0.01351	0.11816	0.60467	0.01704	0.01028	0.03035	0.02762	0.10104	0.00794	0.00967	0.00622	0.00356	0.00367	0.00113	0.00430	0.00335	0.00220	0.00569
52	0.00707	0.00662	0.00974	0.11130	0.04042	0.00847	0.02933	0.00819	0.00646	0.00936	0.02856	0.15483	0.00975	0.04250	0.05984	0.00186	0.44631	0.01348	0.00207	0.00385
53	0.00500	0.00378	0.00461	0.00440	0.00539	0.00339	0.00330	0.00651	0.00990	0.01345	0.60660	0.03008	0.27376	0.00812	0.00438	0.00119	0.00179	0.00704	0.00390	0.00339
54	0.00633	0.00330	0.00494	0.00495	0.00501	0.00336	0.00337	0.00503	0.00498	0.00670	0.00697	0.01209	0.00695	0.02437	0.08567	0.79546	0.00380	0.01327	0.00167	0.00179
55	0.05767	0.00992	0.01066	0.00849	0.02967	0.02952	0.00683	0.66749	0.01580	0.11288	0.00924	0.00913	0.00647	0.00438	0.00364	0.00112	0.00399	0.00330	0.00366	0.00615
56	0.00701	0.00660	0.01113	0.86063	0.02556	0.00825	0.01031	0.00948	0.00742	0.00948	0.00660	0.00990	0.00495	0.00371	0.00371	0.00124	0.00495	0.00330	0.00165	0.00412
57	0.89577	0.00718	0.00546	0.00488	0.00718	0.00833	0.00402	0.01091	0.00632	0.01665	0.00517	0.00603	0.00402	0.00345	0.00230	0.00115	0.00287	0.00201	0.00230	0.00402
58	0.89577	0.00718	0.00546	0.00488	0.00718	0.00833	0.00402	0.01091	0.00632	0.01665	0.00517	0.00603	0.00402	0.00345	0.00230	0.00115	0.00287	0.00201	0.00230	0.00402
59	0.00530	0.00395	0.00468	0.00453	0.00558	0.00347	0.00331	0.00645	0.00864	0.02980	0.28563	0.16327	0.29915	0.07676	0.00546	0.00140	0.00213	0.01690	0.00349	0.07012
60	0.00611	0.00442	0.00575	0.00666	0.08985	0.00442	0.00397	0.02147	0.04770	0.02981	0.03077	0.28599	0.01619	0.39721	0.03120	0.00248	0.00331	0.00666	0.00277	0.00325
61	0.87123	0.00715	0.00554	0.00493	0.00724	0.00825	0.00406	0.01111	0.00644	0.03988	0.00543	0.00621	0.00416	0.00348	0.00234	0.00115	0.00288	0.00206	0.00236	0.00408
62	0.00537	0.00360	0.00413	0.00415	0.00418	0.00362	0.00237	0.00544	0.00547	0.00731	0.01188	0.04746	0.01365	0.81463	0.04927	0.00363	0.00379	0.00549	0.00227	0.00231
63	0.00534	0.00391	0.00570	0.00570	0.00626	0.00447	0.00431	0.00643	0.00586	0.00838	0.01007	0.01570	0.00973	0.13208	0.72864	0.02917	0.00898	0.00413	0.00201	0.00314
64	0.00876	0.01001	0.02190	0.01564	0.01940	0.00939	0.83292	0.01189	0.00876	0.01189	0.00751	0.01001	0.00563	0.00313	0.00438	0.00125	0.00626	0.00438	0.00188	0.00501
65	0.89577	0.00718	0.00546	0.00488	0.00718	0.00833	0.00402	0.01091	0.00632	0.01665	0.00517	0.00603	0.00402	0.00345	0.00230	0.00115	0.00287	0.00201	0.00230	0.00402
66	0.00452	0.00323	0.00431	0.00517	0.00538	0.00301	0.00345	0.00517	0.00711	0.00948	0.02046	0.86713	0.02455	0.01163	0.00474	0.00151	0.00215	0.01055	0.00345	0.00301
67	0.00466	0.00371	0.00397	0.00396	0.00505	0.00319	0.00293	0.00535	0.00803	0.00970	0.05165	0.03221	0.70923	0.01027	0.02926	0.10120	0.00225	0.00718	0.00322	0.00298
68	0.00770	0.00660	0.00770	0.00550	0.00880	0.00495	0.00440	0.00935	0.00770	0.01210	0.00660	0.00770	0.00550	0.00275	0.00275	0.00055	0.00275	0.00220	0.00220	0.89224
69	0.00645	0.00322	0.00484	0.00484	0.00484	0.00322	0.00322	0.00484	0.00484	0.00645	0.00645	0.01128	0.00645	0.01289	0.01451	0.89201	0.00322	0.00322	0.00161	0.00161
70	0.01665	0.00632	0.00861	0.00660	0.00948	0.00546	0.00546	0.01809	0.01062	0.84897	0.01464	0.01263	0.00919	0.00459	0.00373	0.00115	0.00316	0.00373	0.00459	0.00632
71	0.00624	0.00328	0.00475	0.00474	0.00487	0.00322	0.00320	0.00494	0.00530	0.00698	0.03196	0.01380	0.07829	0.01245	0.01337	0.79219	0.00307	0.00371	0.00183	0.00179
72	0.00447	0.00375	0.00382	0.00382	0.00499	0.00317	0.00283	0.00539	0.00837	0.01006	0.06402	0.04655	0.76665	0.04950	0.00507	0.00136	0.00196	0.00772	0.00341	0.00310
73	0.00744	0.01920	0.85032	0.01058	0.01607	0.00862	0.01371	0.01176	0.00784	0.01176	0.00666	0.00784	0.00470	0.00353	0.00353	0.00118	0.00549	0.00274	0.00157	0.00549
74	0.04869	0.00635	0.00850	0.00654	0.00939	0.00556	0.00540	0.01783	0.01047	0.81863	0.01430	0.01239	0.00900	0.00455	0.00368	0.00115	0.00315	0.00367	0.00451	0.00623
75	0.03371	0.01008	0.01074	0.00828	0.01116	0.01115	0.00683	0.78611	0.01686	0.02290	0.00894	0.00902	0.00637	0.00443	0.00364	0.00111	0.00397	0.00332	0.03523	0.00616
76	0.00923	0.00797	0.00839	0.00755	0.00965	0.00923	0.00588	0.01972	0.83969	0.01553	0.01511	0.01385	0.01133	0.00504	0.00378	0.00126	0.00294	0.00420	0.00378	0.00588
77	0.00919	0.00882	0.01507	0.02278	0.84640	0.00882	0.01139	0.01139	0.00845	0.01213	0.00698	0.00919	0.00588	0.00331	0.00367	0.00110	0.00441	0.00331	0.00184	0.00588
78	0.89577	0.00718	0.00546	0.00488	0.00718	0.00833	0.00402	0.01091	0.00632	0.01665	0.00517	0.00603	0.00402	0.00345	0.00230	0.00115	0.00287	0.00201	0.00230	0.00402
79	0.04794	0.00635	0.00850	0.00654	0.00939	0.00556	0.00540	0.01783	0.01047	0.81934	0.01431	0.01240	0.00900	0.00455	0.00368	0.00115	0.00315	0.00367	0.00451	0.00624
80	0.00614	0.00403	0.00524	0.00482	0.00587	0.00370	0.00365	0.00794	0.01959	0.07882	0.74280	0.02670	0.06160	0.00739	0.00432	0.00117	0.00188	0.00650	0.00410	0.00373
81	0.00452	0.00323	0.00431	0.00517	0.00538	0.00301	0.00345	0.00517	0.00711	0.00948	0.02046	0.86713	0.02455	0.01163	0.00474	0.00151	0.00215	0.01055	0.00345	0.00301
82	0.00469	0.00335	0.00449	0.00536	0.00564	0.00316	0.00373	0.00545	0.00727	0.00966	0.02037	0.77465	0.02419	0.01147	0.00478	0.00153	0.00230	0.10141	0.00344	0.00306
83	0.00590	0.00372	0.00425	0.00416	0.00429	0.00368	0.00239	0.00596	0.00563	0.04481	0.01183	0.02377	0.01330	0.83090	0.01822	0.00349	0.00358	0.00532	0.00235	0.00243
84	0.00590	0.00436	0.00546	0.00503	0.00608	0.00424	0.00382	0.04308	0.06778	0.01529	0.75189	0.02597	0.03217	0.00728	0.00431	0.00117	0.00193	0.00640	0.00405	0.00378
85	0.01388	0.00991	0.01078	0.00836	0.01123	0.01087	0.00692	0.75432	0.01670	0.06613	0.00969	0.01058	0.00714	0.00472	0.00378	0.00114	0.00401	0.03992	0.00375	0.00618
86	0.01486	0.00771	0.00930	0.00726	0.01004	0.00769	0.00596	0.27419	0.09515	0.48800	0.03173	0.01193	0.00908	0.00466	0.00375	0.00115	0.00340	0.00372	0.00422	0.00621
87	0.00756	0.05943	0.81112	0.01038	0.01576	0.00891	0.01337	0.01172	0.00782	0.01161	0.00659	0.00775	0.00470	0.00351	0.00347	0.00116	0.00541	0.00271	0.00157	0.00545
88	0.06067	0.00595	0.00756	0.00614	0.00839	0.00555	0.00496	0.06018	0.04200	0.49068	0.23783	0.01656	0.01595	0.00542	0.00385	0.00116	0.00281	0.01474	0.00424	0.00538
89	0.00744	0.01920	0.85032	0.01058	0.01607	0.00862	0.01371	0.01176	0.00784	0.01176	0.00666	0.00784	0.00470	0.00353	0.00353	0.00118	0.00549	0.00274	0.00157	0.00549
90	0.00569	0.00460	0.00623	0.00617	0.00687	0.03942	0.00480	0.00700	0.00615	0.00864	0.00969	0.01416	0.00903	0.02653	0.80727	0.00569	0.02280	0.00390	0.00198	0.00337
91	0.00761	0.00740	0.01370	0.31282	0.02853	0.00800	0.29319	0.01010	0.02807	0.02952	0.01697	0.08885	0.01852	0.00606	0.05705	0.00158	0.06108	0.00449	0.00208	0.00437
92	0.00869	0.00473	0.00584	0.00524	0.00623	0.00462	0.00367	0.06383	0.00770	0.21801	0.01287	0.09396	0.01257	0.45121	0.08220	0.00284	0.00392	0.00518	0.00301	0.00369
93	0.00879	0.00851	0.01483	0.19972	0.54304	0.00883	0.10665	0.02970	0.02192	0.01185	0.00714	0.00950	0.00575	0.00343	0.00377	0.00115	0.00471	0.00345	0.00188	0.00541

[dist]
# distance from previous block
# <min> <max>
0	1

[block]
# block no. 1 follows, 74 sequences, length 43
# corresponding to MSA columns:
# 189-231
name=unknown_B
#
# <colnr> <probs for GDERKNQSTAVLIFYWHMCP>
#	G	D	E	R	K	N	Q	S	T	A	V	L	I	F	Y	W	H	M	C	P
0	0.02071	0.00761	0.01012	0.11295	0.24745	0.04286	0.00755	0.14738	0.08380	0.01408	0.15752	0.07370	0.01288	0.00605	0.03780	0.00136	0.00395	0.00448	0.00283	0.00492
1	0.00638	0.00379	0.00494	0.00518	0.00579	0.00352	0.00360	0.00714	0.00760	0.11953	0.07938	0.50229	0.03208	0.15896	0.00704	0.00180	0.00255	0.04163	0.00344	0.00337
2	0.80173	0.00799	0.00645	0.00562	0.00795	0.06467	0.03728	0.01121	0.00669	0.01596	0.00530	0.00623	0.00413	0.00346	0.00245	0.00114	0.00326	0.00213	0.00225	0.00408
3	0.00996	0.00469	0.00638	0.00585	0.00725	0.00431	0.00446	0.01093	0.00838	0.36624	0.01588	0.29360	0.01505	0.06692	0.08038	0.03740	0.00347	0.05083	0.00365	0.00436
4	0.36142	0.02612	0.00886	0.00736	0.00976	0.25628	0.00588	0.25645	0.01087	0.01631	0.00645	0.00708	0.00494	0.00385	0.00303	0.00108	0.00437	0.00252	0.00259	0.00480
5	0.01289	0.01468	0.01015	0.00884	0.01101	0.58403	0.00677	0.10870	0.05011	0.02827	0.00680	0.00756	0.00544	0.00391	0.00357	0.00096	0.02661	0.00261	0.00229	0.10481
6	0.00529	0.00355	0.00408	0.00419	0.00422	0.00352	0.00240	0.00537	0.00562	0.00749	0.01281	0.13198	0.01491	0.75994	0.01708	0.00333	0.00341	0.00606	0.00240	0.00235
7	0.29070	0.00619	0.00617	0.00558	0.00728	0.03801	0.00437	0.05165	0.05367	0.11246	0.21870	0.10856	0.03696	0.01605	0.00377	0.00124	0.00276	0.02833	0.00333	0.00422
8	0.01566	0.00791	0.00960	0.00736	0.01027	0.00782	0.00608	0.33653	0.01329	0.52676	0.01241	0.01118	0.00807	0.00454	0.00373	0.00114	0.00352	0.00358	0.00425	0.00632
9	0.89577	0.00718	0.00546	0.00488	0.00718	0.00833	0.00402	0.01091	0.00632	0.01665	0.00517	0.00603	0.00402	0.00345	0.00230	0.00115	0.00287	0.00201	0.00230	0.00402
10	0.00536	0.00400	0.00463	0.00475	0.00593	0.00355	0.00380	0.00659	0.00875	0.04418	0.10298	0.03568	0.52805	0.00927	0.00455	0.00136	0.00232	0.21735	0.00354	0.00337
11	0.33064	0.00543	0.00560	0.00564	0.00704	0.00585	0.00448	0.02098	0.06378	0.03655	0.03810	0.23757	0.03019	0.00744	0.00381	0.00137	0.00279	0.18582	0.00310	0.00382
12	0.89577	0.00718	0.00546	0.00488	0.00718	0.00833	0.00402	0.01091	0.00632	0.01665	0.00517	0.00603	0.00402	0.00345	0.00230	0.00115	0.00287	0.00201	0.00230	0.00402
13	0.89577	0.00718	0.00546	0.00488	0.00718	0.00833	0.00402	0.01091	0.00632	0.01665	0.00517	0.00603	0.00402	0.00345	0.00230	0.00115	0.00287	0.00201	0.00230	0.00402
14	0.00493	0.00382	0.00450	0.00445	0.00547	0.00341	0.00340	0.00629	0.00932	0.01223	0.39437	0.03251	0.39504	0.02472	0.00472	0.00130	0.00199	0.08052	0.00371	0.00331
15	0.01116	0.00740	0.00835	0.00696	0.00909	0.00784	0.00551	0.30200	0.18659	0.16464	0.05925	0.07007	0.05049	0.07311	0.00507	0.00139	0.00328	0.01873	0.00375	0.00534
16	0.89577	0.00718	0.00546	0.00488	0.00718	0.00833	0.00402	0.01091	0.00632	0.01665	0.00517	0.00603	0.00402	0.00345	0.00230	0.00115	0.00287	0.00201	0.00230	0.00402
17	0.89577	0.00718	0.00546	0.00488	0.00718	0.00833	0.00402	0.01091	0.00632	0.01665	0.00517	0.00603	0.00402	0.00345	0.00230	0.00115	0.00287	0.00201	0.00230	0.00402
18	0.00514	0.00351	0.00445	0.00470	0.00528	0.00328	0.00333	0.00637	0.00857	0.01220	0.35577	0.38524	0.03984	0.02627	0.00460	0.00132	0.00196	0.00793	0.11697	0.00326
19	0.01451	0.00618	0.00813	0.00642	0.00895	0.00558	0.00522	0.05017	0.04850	0.65310	0.11119	0.01487	0.02762	0.01689	0.00403	0.00119	0.00301	0.00418	0.00441	0.00586
20	0.00876	0.01001	0.02190	0.01564	0.01940	0.00939	0.83292	0.01189	0.00876	0.01189	0.00751	0.01001	0.00563	0.00313	0.00438	0.00125	0.00626	0.00438	0.00188	0.00501
21	0.01634	0.00682	0.00893	0.00685	0.00973	0.00621	0.00565	0.11969	0.01147	0.74617	0.01393	0.01217	0.00883	0.00458	0.00373	0.00114	0.00327	0.00368	0.00448	0.00632
22	0.00530	0.00398	0.00597	0.00597	0.00663	0.00464	0.00464	0.00663	0.00597	0.00862	0.00994	0.01458	0.00928	0.02784	0.85484	0.00597	0.00994	0.00398	0.00199	0.00331
23	0.00604	0.00406	0.00514	0.00556	0.00620	0.00398	0.00390	0.00790	0.10454	0.07199	0.01903	0.64709	0.02134	0.04451	0.00513	0.00154	0.00241	0.03255	0.00352	0.00357
24	0.00937	0.00804	0.00847	0.00758	0.00970	0.00930	0.00591	0.04235	0.81684	0.01575	0.01494	0.01371	0.01119	0.00502	0.00378	0.00125	0.00297	0.00417	0.00378	0.00589
25	0.00578	0.00413	0.00573	0.00646	0.00726	0.00408	0.00550	0.00740	0.00862	0.01136	0.10570	0.11293	0.02307	0.01010	0.00501	0.00163	0.00313	0.66521	0.00349	0.00339
26	0.89577	0.00718	0.00546	0.00488	0.00718	0.00833	0.00402	0.01091	0.00632	0.01665	0.00517	0.00603	0.00402	0.00345	0.00230	0.00115	0.00287	0.00201	0.00230	0.00402
27	0.00540	0.00360	0.00405	0.00405	0.00405	0.00360	0.00225	0.00540	0.00540	0.00720	0.01170	0.02429	0.01349	0.86955	0.01889	0.00360	0.00360	0.00540	0.00225	0.00225
28	0.00700	0.00361	0.00362	0.00359	0.00450	0.00365	0.00270	0.00901	0.03504	0.01389	0.01221	0.01384	0.00957	0.00435	0.00263	0.00088	0.00177	0.00348	0.86112	0.00354
29	0.00923	0.00797	0.00839	0.00755	0.00965	0.00923	0.00588	0.01972	0.83969	0.01553	0.01511	0.01385	0.01133	0.00504	0.00378	0.00126	0.00294	0.00420	0.00378	0.00588
30	0.00692	0.00346	0.00346	0.00346	0.00432	0.00346	0.00259	0.00865	0.00778	0.01384	0.01211	0.01384	0.00951	0.00432	0.00259	0.00086	0.00173	0.00346	0.89016	0.00346
31	0.00593	0.00424	0.00593	0.00678	0.00761	0.00423	0.00590	0.00761	0.00850	0.01105	0.01968	0.06891	0.02147	0.01030	0.00511	0.00170	0.00338	0.79485	0.00342	0.00340
32	0.00919	0.00882	0.01507	0.02278	0.84640	0.00882	0.01139	0.01139	0.00845	0.01213	0.00698	0.00919	0.00588	0.00331	0.00367	0.00110	0.00441	0.00331	0.00184	0.00588
33	0.00923	0.00797	0.00839	0.00755	0.00965	0.00923	0.00588	0.01972	0.83969	0.01553	0.01511	0.01385	0.01133	0.00504	0.00378	0.00126	0.00294	0.00420	0.00378	0.00588
34	0.00525	0.00379	0.00496	0.00467	0.00555	0.00350	0.00350	0.00700	0.01051	0.01488	0.84444	0.02773	0.03502	0.00759	0.00438	0.00117	0.00175	0.00671	0.00409	0.00350
35	0.00744	0.01920	0.85032	0.01058	0.01607	0.00862	0.01371	0.01176	0.00784	0.01176	0.00666	0.00784	0.00470	0.00353	0.00353	0.00118	0.00549	0.00274	0.00157	0.00549
36	0.00453	0.00381	0.00396	0.00403	0.00525	0.00323	0.00310	0.00553	0.00847	0.01012	0.03602	0.03626	0.77251	0.00948	0.00445	0.00129	0.00202	0.07934	0.00344	0.00316
37	0.00923	0.00797	0.00839	0.00755	0.00965	0.00923	0.00588	0.01972	0.83969	0.01553	0.01511	0.01385	0.01133	0.00504	0.00378	0.00126	0.00294	0.00420	0.00378	0.00588
38	0.00735	0.00701	0.01204	0.72214	0.12982	0.00836	0.04144	0.00982	0.00760	0.00991	0.00668	0.00981	0.00509	0.00364	0.00373	0.00122	0.00493	0.00334	0.00168	0.00438
39	0.01271	0.00796	0.01074	0.03363	0.05725	0.00838	0.06607	0.21514	0.08304	0.31778	0.02084	0.03453	0.00835	0.00484	0.00475	0.00122	0.09968	0.00386	0.00351	0.00572
40	0.00919	0.00879	0.01481	0.02221	0.81487	0.00883	0.01118	0.01171	0.03978	0.01225	0.00729	0.00936	0.00608	0.00337	0.00368	0.00111	0.00435	0.00334	0.00191	0.00588
41	0.06955	0.00955	0.02765	0.01070	0.01388	0.03357	0.32389	0.24481	0.04738	0.16723	0.00931	0.00995	0.00657	0.00390	0.00387	0.00118	0.00472	0.00373	0.00299	0.00557
42	0.01384	0.00664	0.01948	0.00666	0.00920	0.00608	0.00550	0.11137	0.05399	0.54919	0.09851	0.03209	0.02488	0.00524	0.00385	0.00117	0.00311	0.02777	0.00425	0.01719

[dist]
# distance from previous block
# <min> <max>
1	10

[block]
# block no. 2 follows, 74 sequences, length 58
# corresponding to MSA columns:
# 242-299
name=unknown_C
#
# <colnr> <probs for GDERKNQSTAVLIFYWHMCP>
#	G	D	E	R	K	N	Q	S	T	A	V	L	I	F	Y	W	H	M	C	P
0	0.16890	0.00690	0.08814	0.00658	0.02132	0.00579	0.04713	0.01109	0.02983	0.18746	0.36501	0.01725	0.01865	0.00548	0.00376	0.00117	0.00290	0.00463	0.00347	0.00454
1	0.00840	0.00588	0.00747	0.00703	0.07621	0.00515	0.00504	0.01060	0.06849	0.14142	0.11852	0.04792	0.10278	0.00547	0.00369	0.00102	0.00277	0.06753	0.00316	0.31146
2	0.00910	0.00731	0.01146	0.00911	0.05317	0.00654	0.21062	0.05172	0.03776	0.11464	0.14307	0.01244	0.01099	0.00404	0.00366	0.00098	0.00366	0.00383	0.00282	0.30307
3	0.00883	0.00918	0.04460	0.01417	0.17018	0.00817	0.43139	0.02736	0.00865	0.03672	0.00773	0.02856	0.00616	0.00336	0.00388	0.00108	0.00498	0.00380	0.00207	0.17913
4	0.01278	0.00974	0.01039	0.00827	0.01100	0.01089	0.00673	0.61162	0.24202	0.02124	0.01060	0.01026	0.00768	0.00461	0.00373	0.00115	0.00377	0.00358	0.00373	0.00619
5	0.01296	0.00971	0.01059	0.00869	0.03556	0.01077	0.00688	0.60977	0.19752	0.04292	0.01037	0.01010	0.00748	0.00455	0.00373	0.00115	0.00382	0.00354	0.00370	0.00620
6	0.00570	0.00347	0.00439	0.00448	0.00455	0.00344	0.00280	0.00525	0.00549	0.00728	0.01131	0.08017	0.03051	0.46569	0.01563	0.31236	0.00332	0.02987	0.00217	0.00214
7	0.03141	0.03968	0.04103	0.03005	0.01632	0.02392	0.51693	0.09894	0.05431	0.09679	0.00857	0.01001	0.00624	0.00356	0.00404	0.00120	0.00534	0.00396	0.00243	0.00527
8	0.00662	0.00409	0.00535	0.00489	0.00601	0.00372	0.00372	0.00827	0.01035	0.11867	0.68724	0.05078	0.06102	0.00740	0.00431	0.00118	0.00194	0.00649	0.00411	0.00383
9	0.00540	0.00360	0.00405	0.00405	0.00405	0.00360	0.00225	0.00540	0.00540	0.00720	0.01170	0.02429	0.01349	0.86955	0.01889	0.00360	0.00360	0.00540	0.00225	0.00225
10	0.00894	0.00826	0.01405	0.08830	0.66564	0.00836	0.03643	0.01121	0.01896	0.03462	0.00814	0.04075	0.00709	0.00390	0.00378	0.00115	0.00435	0.02850	0.00203	0.00555
11	0.04105	0.28826	0.34098	0.00956	0.02791	0.03186	0.11509	0.03324	0.03817	0.01144	0.02601	0.00815	0.00582	0.00354	0.00326	0.00106	0.00480	0.00285	0.00185	0.00511
12	0.00439	0.00376	0.00376	0.00376	0.00501	0.00313	0.00282	0.00533	0.00846	0.01003	0.03760	0.03572	0.84489	0.00940	0.00439	0.00125	0.00188	0.00783	0.00345	0.00313
13	0.00539	0.00388	0.00565	0.00565	0.00618	0.00441	0.00424	0.00635	0.00582	0.00829	0.00992	0.01558	0.00962	0.13279	0.69197	0.06643	0.00868	0.00410	0.00200	0.00306
14	0.03271	0.00828	0.01266	0.21736	0.24624	0.05721	0.10480	0.02603	0.00898	0.22623	0.00881	0.01010	0.00636	0.00380	0.00382	0.00116	0.01413	0.00345	0.00255	0.00532
15	0.00929	0.00853	0.01417	0.13709	0.68343	0.02060	0.01091	0.01148	0.00844	0.04993	0.00726	0.00941	0.00589	0.00343	0.00368	0.00112	0.00446	0.00331	0.00194	0.00564
16	0.00757	0.06377	0.80688	0.01036	0.01572	0.00894	0.01333	0.01172	0.00782	0.01160	0.00658	0.00774	0.00471	0.00351	0.00347	0.00116	0.00541	0.00270	0.00157	0.00545
17	0.89577	0.00718	0.00546	0.00488	0.00718	0.00833	0.00402	0.01091	0.00632	0.01665	0.00517	0.00603	0.00402	0.00345	0.00230	0.00115	0.00287	0.00201	0.00230	0.00402
18	0.00449	0.00365	0.00389	0.00403	0.00504	0.00313	0.00292	0.00529	0.00804	0.00975	0.03305	0.17570	0.65666	0.04060	0.00520	0.02204	0.00202	0.00810	0.00336	0.00305
19	0.00700	0.00654	0.01081	0.66501	0.11999	0.00775	0.00962	0.00930	0.00774	0.01005	0.04185	0.01242	0.06824	0.00424	0.00378	0.00122	0.00453	0.00377	0.00190	0.00423
20	0.89577	0.00718	0.00546	0.00488	0.00718	0.00833	0.00402	0.01091	0.00632	0.01665	0.00517	0.00603	0.00402	0.00345	0.00230	0.00115	0.00287	0.00201	0.00230	0.00402
21	0.00439	0.00376	0.00376	0.00376	0.00501	0.00313	0.00282	0.00533	0.00846	0.01003	0.03760	0.03572	0.84489	0.00940	0.00439	0.00125	0.00188	0.00783	0.00345	0.00313
22	0.01316	0.01656	0.01014	0.00927	0.01108	0.78467	0.00696	0.01415	0.01014	0.00905	0.00608	0.00734	0.00515	0.00580	0.07345	0.00137	0.00696	0.00252	0.00192	0.00422
23	0.00895	0.00858	0.01464	0.11298	0.75803	0.00876	0.01128	0.01119	0.00834	0.01184	0.00694	0.00926	0.00578	0.00335	0.00368	0.00112	0.00447	0.00331	0.00182	0.00569
24	0.89577	0.00718	0.00546	0.00488	0.00718	0.00833	0.00402	0.01091	0.00632	0.01665	0.00517	0.00603	0.00402	0.00345	0.00230	0.00115	0.00287	0.00201	0.00230	0.00402
25	0.00519	0.00379	0.00487	0.00460	0.00550	0.00347	0.00345	0.00687	0.01035	0.01451	0.78201	0.02835	0.09769	0.00773	0.00438	0.00117	0.00176	0.00680	0.00404	0.00347
26	0.01387	0.01769	0.01052	0.00956	0.01148	0.85465	0.00717	0.01482	0.01052	0.00908	0.00574	0.00669	0.00478	0.00383	0.00335	0.00096	0.00669	0.00239	0.00191	0.00430
27	0.01665	0.00632	0.00861	0.00660	0.00948	0.00546	0.00546	0.01809	0.01062	0.84897	0.01464	0.01263	0.00919	0.00459	0.00373	0.00115	0.00316	0.00373	0.00459	0.00632
28	0.00525	0.00379	0.00496	0.00467	0.00555	0.00350	0.00350	0.00700	0.01051	0.01488	0.84444	0.02773	0.03502	0.00759	0.00438	0.00117	0.00175	0.00671	0.00409	0.00350
29	0.01659	0.00642	0.00868	0.00665	0.00953	0.00560	0.00549	0.03819	0.01079	0.82863	0.01450	0.01254	0.00912	0.00459	0.00373	0.00115	0.00318	0.00372	0.00457	0.00632
30	0.00449	0.00370	0.00396	0.00410	0.00517	0.00317	0.00304	0.00545	0.00836	0.01021	0.07307	0.15767	0.66182	0.00967	0.00446	0.00130	0.00196	0.03178	0.00348	0.00314
31	0.00701	0.00660	0.01113	0.86063	0.02556	0.00825	0.01031	0.00948	0.00742	0.00948	0.00660	0.00990	0.00495	0.00371	0.00371	0.00124	0.00495	0.00330	0.00165	0.00412
32	0.00876	0.01001	0.02190	0.01564	0.01940	0.00939	0.83292	0.01189	0.00876	0.01189	0.00751	0.01001	0.00563	0.00313	0.00438	0.00125	0.00626	0.00438	0.00188	0.00501
33	0.00618	0.00410	0.00544	0.00611	0.00697	0.00410	0.00525	0.00790	0.00838	0.01170	0.01803	0.03584	0.01881	0.00898	0.00458	0.00153	0.00305	0.64550	0.19413	0.00343
34	0.00978	0.00825	0.00870	0.00767	0.00986	0.00949	0.00601	0.11183	0.74668	0.01642	0.01441	0.01329	0.01076	0.00497	0.00377	0.00124	0.00307	0.00410	0.00377	0.00592
35	0.01387	0.01769	0.01052	0.00956	0.01148	0.85465	0.00717	0.01482	0.01052	0.00908	0.00574	0.00669	0.00478	0.00383	0.00335	0.00096	0.00669	0.00239	0.00191	0.00430
36	0.00645	0.00322	0.00484	0.00484	0.00484	0.00322	0.00322	0.00484	0.00484	0.00645	0.00645	0.01128	0.00645	0.01289	0.01451	0.89201	0.00322	0.00322	0.00161	0.00161
37	0.86904	0.00715	0.00555	0.00493	0.00725	0.00824	0.00406	0.01113	0.00645	0.04196	0.00546	0.00623	0.00418	0.00348	0.00234	0.00115	0.00288	0.00206	0.00237	0.00409
38	0.01303	0.00959	0.01037	0.00816	0.01082	0.01055	0.00665	0.74027	0.01628	0.02182	0.01022	0.10599	0.00838	0.00527	0.00383	0.00116	0.00387	0.00416	0.00368	0.00594
39	0.00701	0.00660	0.01113	0.86063	0.02556	0.00825	0.01031	0.00948	0.00742	0.00948	0.00660	0.00990	0.00495	0.00371	0.00371	0.00124	0.00495	0.00330	0.00165	0.00412
40	0.00539	0.00361	0.00413	0.00413	0.00416	0.00364	0.00235	0.00545	0.00542	0.00726	0.01162	0.02388	0.01331	0.83358	0.05462	0.00370	0.00387	0.00534	0.00224	0.00229
41	0.86436	0.00715	0.00557	0.00494	0.00726	0.00822	0.00407	0.01117	0.00647	0.04640	0.00551	0.00627	0.00420	0.00349	0.00235	0.00115	0.00288	0.00207	0.00238	0.00410
42	0.00496	0.00342	0.00417	0.00458	0.00471	0.00331	0.00284	0.00529	0.00628	0.00835	0.01644	0.42978	0.03585	0.43942	0.01179	0.00255	0.00287	0.00793	0.00285	0.00264
43	0.01430	0.00979	0.01073	0.00826	0.01119	0.01064	0.00681	0.70239	0.04069	0.13215	0.00985	0.00955	0.00684	0.00449	0.00372	0.00112	0.00393	0.00342	0.00383	0.00630
44	0.00701	0.00660	0.01113	0.86063	0.02556	0.00825	0.01031	0.00948	0.00742	0.00948	0.00660	0.00990	0.00495	0.00371	0.00371	0.00124	0.00495	0.00330	0.00165	0.00412
45	0.00465	0.00331	0.00450	0.00525	0.00551	0.00320	0.00358	0.00533	0.00694	0.00932	0.01902	0.75534	0.02250	0.01349	0.10107	0.01799	0.00305	0.00968	0.00325	0.00302
46	0.02443	0.00609	0.00753	0.00619	0.00825	0.00592	0.00495	0.13743	0.06639	0.33630	0.33217	0.01785	0.01873	0.00573	0.00396	0.00116	0.00274	0.00482	0.00418	0.00517
47	0.00744	0.01920	0.85032	0.01058	0.01607	0.00862	0.01371	0.01176	0.00784	0.01176	0.00666	0.00784	0.00470	0.00353	0.00353	0.00118	0.00549	0.00274	0.00157	0.00549
48	0.02466	0.35345	0.41611	0.00870	0.01288	0.03057	0.03381	0.03381	0.00813	0.01101	0.03158	0.00773	0.00571	0.00353	0.00311	0.00102	0.00474	0.00261	0.00174	0.00510
49	0.41229	0.00631	0.00628	0.00561	0.00751	0.00682	0.00445	0.07333	0.05143	0.13071	0.07073	0.12441	0.01088	0.00577	0.00378	0.04108	0.00286	0.02835	0.00308	0.00431
50	0.00445	0.00375	0.00384	0.00388	0.00506	0.00316	0.00289	0.00539	0.00840	0.01006	0.05026	0.06064	0.77730	0.02479	0.00467	0.00131	0.00194	0.02165	0.00344	0.00313
51	0.00755	0.00715	0.01211	0.65156	0.23039	0.00839	0.01058	0.00996	0.00768	0.01014	0.00669	0.00972	0.00518	0.00361	0.00370	0.00120	0.00481	0.00330	0.00170	0.00456
52	0.01022	0.01007	0.02984	0.09244	0.53037	0.10709	0.01016	0.13079	0.01998	0.01321	0.00718	0.00895	0.00578	0.00359	0.00364	0.00110	0.00468	0.00321	0.00212	0.00560
53	0.00628	0.00391	0.00488	0.00480	0.00560	0.00362	0.00340	0.00720	0.00807	0.10437	0.20124	0.22024	0.15181	0.20481	0.03332	0.00197	0.00273	0.02500	0.00340	0.00336
54	0.00951	0.00822	0.00949	0.04581	0.07534	0.01892	0.02570	0.09657	0.60176	0.01544	0.02768	0.01310	0.01039	0.02019	0.00405	0.00127	0.00336	0.00406	0.00344	0.00570
55	0.72497	0.00834	0.00671	0.00647	0.05201	0.08844	0.00488	0.02593	0.00701	0.01560	0.00538	0.00637	0.00425	0.00358	0.00277	0.00114	0.02755	0.00217	0.00224	0.00419
56	0.00929	0.00902	0.01497	0.02249	0.82788	0.02758	0.01130	0.01147	0.00850	0.01206	0.00695	0.00913	0.00586	0.00332	0.00367	0.00110	0.00446	0.00329	0.00184	0.00584
57	0.28277	0.06638	0.00917	0.03203	0.08268	0.03808	0.00600	0.09487	0.25721	0.04066	0.00944	0.00965	0.01653	0.00409	0.00316	0.00113	0.00340	0.00308	0.00284	0.03683

[dist]
# distance from previous block
# <min> <max>
2	7

[block]
# block no. 3 follows, 74 sequences, length 97
# corresponding to MSA columns:
# 307-403
name=unknown_D
#
# <colnr> <probs for GDERKNQSTAVLIFYWHMCP>
#	G	D	E	R	K	N	Q	S	T	A	V	L	I	F	Y	W	H	M	C	P
0	0.00919	0.00826	0.01288	0.08428	0.51702	0.00810	0.02040	0.07071	0.00891	0.02825	0.00716	0.00898	0.00581	0.00333	0.00350	0.00100	0.00408	0.00310	0.00209	0.19296
1	0.00455	0.00325	0.00433	0.00519	0.00542	0.00303	0.00349	0.00521	0.00713	0.00950	0.02045	0.85420	0.02450	0.01161	0.00474	0.00151	0.00217	0.02325	0.00345	0.00302
2	0.07128	0.01103	0.00981	0.00822	0.01066	0.19191	0.00653	0.36024	0.26044	0.01752	0.00983	0.00972	0.00733	0.00443	0.00356	0.00113	0.00422	0.00330	0.00325	0.00560
3	0.03149	0.00650	0.00816	0.00638	0.00902	0.03083	0.00518	0.03025	0.01020	0.65722	0.03958	0.01357	0.03504	0.03829	0.00426	0.00120	0.00318	0.00384	0.00416	0.06164
4	0.04207	0.00463	0.00557	0.00529	0.00632	0.00462	0.00391	0.05943	0.06118	0.04902	0.25565	0.16382	0.07831	0.09722	0.04090	0.06495	0.00285	0.03084	0.00334	0.02007
5	0.00744	0.01920	0.85032	0.01058	0.01607	0.00862	0.01371	0.01176	0.00784	0.01176	0.00666	0.00784	0.00470	0.00353	0.00353	0.00118	0.00549	0.00274	0.00157	0.00549
6	0.00873	0.00835	0.01424	0.19920	0.67357	0.00870	0.01116	0.01099	0.00824	0.01157	0.00690	0.00934	0.00568	0.00339	0.00368	0.00113	0.00452	0.00331	0.00180	0.00551
7	0.00452	0.00379	0.00395	0.00402	0.00522	0.00322	0.00307	0.00553	0.00849	0.01021	0.05565	0.05138	0.75236	0.00946	0.00444	0.00129	0.00199	0.06479	0.00346	0.00316
8	0.10944	0.00514	0.00611	0.00557	0.00715	0.00494	0.00429	0.02565	0.04376	0.27336	0.05427	0.21465	0.10588	0.06192	0.00493	0.00143	0.00272	0.05042	0.01402	0.00435
9	0.03572	0.00711	0.00889	0.00686	0.00966	0.00676	0.00566	0.19470	0.01190	0.61834	0.01309	0.01172	0.00846	0.00453	0.00365	0.00113	0.00330	0.00360	0.03878	0.00615
10	0.01398	0.01033	0.01107	0.00851	0.01146	0.01145	0.00702	0.81237	0.03931	0.02318	0.00908	0.00904	0.00645	0.00447	0.00371	0.00112	0.00405	0.00336	0.00371	0.00630
11	0.01027	0.00524	0.00659	0.00560	0.00735	0.00496	0.00440	0.04090	0.07521	0.32256	0.29578	0.01902	0.02676	0.04564	0.00456	0.00125	0.00255	0.01599	0.10061	0.00476
12	0.00635	0.00489	0.00541	0.00497	0.00632	0.00471	0.00379	0.15370	0.01033	0.01341	0.21308	0.11716	0.40971	0.02362	0.00456	0.00128	0.00230	0.00702	0.00362	0.00376
13	0.73876	0.00702	0.00602	0.00519	0.00759	0.00781	0.00428	0.01219	0.00709	0.16531	0.00686	0.00721	0.00494	0.00365	0.00255	0.00115	0.00292	0.00232	0.00271	0.00443
14	0.73876	0.00702	0.00602	0.00519	0.00759	0.00781	0.00428	0.01219	0.00709	0.16531	0.00686	0.00721	0.00494	0.00365	0.00255	0.00115	0.00292	0.00232	0.00271	0.00443
15	0.70366	0.00661	0.00539	0.00485	0.00676	0.00753	0.00380	0.03138	0.00649	0.02480	0.00654	0.00944	0.00583	0.15817	0.00531	0.00159	0.00304	0.00267	0.00235	0.00379
16	0.00669	0.00379	0.00507	0.00541	0.00611	0.00345	0.00380	0.00748	0.00775	0.15942	0.01963	0.70413	0.03205	0.01034	0.00455	0.00144	0.00233	0.00930	0.00365	0.00361
17	0.01296	0.00972	0.01052	0.00800	0.01103	0.01034	0.00658	0.68673	0.01571	0.02138	0.00850	0.00869	0.00617	0.00415	0.00354	0.00101	0.00385	0.00314	0.00344	0.16454
18	0.01450	0.00579	0.00761	0.00603	0.00848	0.00515	0.00491	0.01621	0.03027	0.66223	0.03143	0.01319	0.00983	0.00462	0.00354	0.00110	0.00287	0.00376	0.16273	0.00574
19	0.00610	0.00322	0.00474	0.00490	0.00493	0.00319	0.00326	0.00490	0.00524	0.00699	0.00895	0.16414	0.00968	0.01267	0.01276	0.73296	0.00303	0.00453	0.00194	0.00186
20	0.01387	0.01769	0.01052	0.00956	0.01148	0.85465	0.00717	0.01482	0.01052	0.00908	0.00574	0.00669	0.00478	0.00383	0.00335	0.00096	0.00669	0.00239	0.00191	0.00430
21	0.00876	0.01001	0.02190	0.01564	0.01940	0.00939	0.83292	0.01189	0.00876	0.01189	0.00751	0.01001	0.00563	0.00313	0.00438	0.00125	0.00626	0.00438	0.00188	0.00501
22	0.00729	0.00606	0.00705	0.00524	0.00795	0.00471	0.00401	0.00864	0.00729	0.01122	0.00751	0.01066	0.00693	0.15756	0.00563	0.00109	0.00290	0.00277	0.00221	0.73329
23	0.00461	0.00372	0.00382	0.00382	0.00480	0.00324	0.00269	0.00534	0.00778	0.00940	0.03182	0.03317	0.65933	0.20138	0.00762	0.00178	0.00226	0.00729	0.00318	0.00294
24	0.00744	0.01920	0.85032	0.01058	0.01607	0.00862	0.01371	0.01176	0.00784	0.01176	0.00666	0.00784	0.00470	0.00353	0.00353	0.00118	0.00549	0.00274	0.00157	0.00549
25	0.00525	0.00379	0.00496	0.00467	0.00555	0.00350	0.00350	0.00700	0.01051	0.01488	0.84444	0.02773	0.03502	0.00759	0.00438	0.00117	0.00175	0.00671	0.00409	0.00350
26	0.00749	0.00440	0.00505	0.00453	0.00616	0.00374	0.00352	0.00861	0.00915	0.21803	0.09071	0.02942	0.57903	0.00808	0.00422	0.00122	0.00219	0.00674	0.00378	0.00395
27	0.00701	0.00660	0.01113	0.86063	0.02556	0.00825	0.01031	0.00948	0.00742	0.00948	0.00660	0.00990	0.00495	0.00371	0.00371	0.00124	0.00495	0.00330	0.00165	0.00412
28	0.00505	0.00379	0.00468	0.00446	0.00542	0.00342	0.00334	0.00662	0.01003	0.01376	0.65742	0.02958	0.22274	0.00801	0.00438	0.00119	0.00178	0.00697	0.00394	0.00342
29	0.00744	0.01920	0.85032	0.01058	0.01607	0.00862	0.01371	0.01176	0.00784	0.01176	0.00666	0.00784	0.00470	0.00353	0.00353	0.00118	0.00549	0.00274	0.00157	0.00549
30	0.00589	0.00421	0.00588	0.00673	0.00754	0.00419	0.00582	0.00753	0.00845	0.01100	0.01970	0.09429	0.02156	0.01034	0.00510	0.00170	0.00334	0.76991	0.00342	0.00339
31	0.00876	0.01001	0.02190	0.01564	0.01940	0.00939	0.83292	0.01189	0.00876	0.01189	0.00751	0.01001	0.00563	0.00313	0.00438	0.00125	0.00626	0.00438	0.00188	0.00501
32	0.01411	0.01040	0.01114	0.00854	0.01151	0.01151	0.00706	0.83402	0.01745	0.02339	0.00891	0.00891	0.00631	0.00446	0.00371	0.00111	0.00408	0.00334	0.00371	0.00631
33	0.00897	0.00855	0.01453	0.14235	0.69865	0.00880	0.02395	0.02820	0.00850	0.01198	0.00698	0.00930	0.00575	0.00339	0.00369	0.00112	0.00451	0.00332	0.00185	0.00562
34	0.00928	0.00793	0.00980	0.01094	0.20413	0.00876	0.00704	0.01717	0.58303	0.04114	0.05019	0.01334	0.01105	0.00473	0.00378	0.00121	0.00323	0.00409	0.00337	0.00578
35	0.00965	0.09361	0.15288	0.00915	0.08671	0.23450	0.00755	0.02934	0.02245	0.04848	0.17879	0.01245	0.02886	0.00463	0.00376	0.00105	0.02443	0.00361	0.00249	0.04562
36	0.01011	0.83238	0.01904	0.00650	0.00962	0.05344	0.00639	0.01129	0.00768	0.00875	0.00519	0.00599	0.00476	0.00321	0.00243	0.00080	0.00410	0.00200	0.00160	0.00474
37	0.00793	0.00666	0.00777	0.00557	0.00886	0.00508	0.00446	0.02465	0.00791	0.02318	0.00674	0.00778	0.00556	0.00280	0.00278	0.00057	0.00278	0.00224	0.00226	0.86441
38	0.01342	0.01738	0.04942	0.01001	0.03815	0.77733	0.00761	0.02573	0.01042	0.00950	0.00586	0.00686	0.00483	0.00380	0.00337	0.00097	0.00653	0.00245	0.00192	0.00444
39	0.00701	0.00660	0.01113	0.86063	0.02556	0.00825	0.01031	0.00948	0.00742	0.00948	0.00660	0.00990	0.00495	0.00371	0.00371	0.00124	0.00495	0.00330	0.00165	0.00412
40	0.00770	0.00660	0.00770	0.00550	0.00880	0.00495	0.00440	0.00935	0.00770	0.01210	0.00660	0.00770	0.00550	0.00275	0.00275	0.00055	0.00275	0.00220	0.00220	0.89224
41	0.00943	0.00877	0.01508	0.02198	0.78912	0.00872	0.03941	0.01164	0.00854	0.04098	0.00726	0.00933	0.00599	0.00335	0.00370	0.00111	0.00443	0.00336	0.00193	0.00586
42	0.01330	0.02701	0.01104	0.01078	0.09234	0.75122	0.00755	0.01451	0.02139	0.00946	0.00598	0.00702	0.00498	0.00378	0.00337	0.00097	0.00639	0.00250	0.00193	0.00448
43	0.00483	0.00345	0.00466	0.00552	0.00588	0.00328	0.00399	0.00571	0.00741	0.00982	0.02029	0.69092	0.02387	0.01134	0.00482	0.00155	0.00242	0.18369	0.00344	0.00310
