[name]
unknown

[dist]
# distance from previous block
# <min> <max>
0	34

[block]
# block no. 0 follows, 74 sequences, length 27
# corresponding to MSA columns:
# 34-60
name=unknown_A
#
# <colnr> <probs for GDERKNQSTAVLIFYWHMCP>
#	G	D	E	R	K	N	Q	S	T	A	V	L	I	F	Y	W	H	M	C	P
0	0.00626	0.00464	0.00540	0.00536	0.00629	0.00459	0.00392	0.13352	0.00884	0.01155	0.02076	0.33895	0.20128	0.13391	0.02633	0.00180	0.00288	0.06746	0.00327	0.01299
1	0.00535	0.00362	0.00407	0.00409	0.00418	0.00359	0.00236	0.00544	0.00564	0.00744	0.01338	0.02532	0.06257	0.80130	0.01776	0.00342	0.00349	0.02230	0.00234	0.00233
2	0.00591	0.00404	0.00468	0.00452	0.00473	0.00420	0.00278	0.04971	0.00608	0.00818	0.01124	0.02232	0.01257	0.73498	0.08147	0.01709	0.01553	0.00512	0.00229	0.00256
3	0.00892	0.00863	0.01498	0.11767	0.70897	0.00878	0.05507	0.01120	0.00835	0.01181	0.00697	0.00931	0.00576	0.00334	0.00372	0.00113	0.00457	0.00336	0.00182	0.00563
4	0.01301	0.00853	0.00953	0.00738	0.01024	0.02658	0.00601	0.38317	0.07961	0.22544	0.02794	0.01036	0.00786	0.00428	0.00356	0.00103	0.00353	0.00335	0.00364	0.16496
5	0.00809	0.00677	0.00784	0.00570	0.00886	0.00540	0.00457	0.07423	0.00859	0.01311	0.04512	0.00871	0.00691	0.00310	0.00290	0.00062	0.00281	0.00250	0.00240	0.78175
6	0.00462	0.00345	0.00430	0.00475	0.00533	0.00313	0.00331	0.00553	0.00802	0.01056	0.16986	0.52641	0.21639	0.01040	0.00459	0.00139	0.00202	0.00924	0.00356	0.00313
7	0.00964	0.77438	0.11437	0.00683	0.01027	0.01399	0.00719	0.01119	0.00758	0.00908	0.00533	0.00617	0.00476	0.00322	0.00251	0.00084	0.00414	0.00207	0.00159	0.00485
8	0.00443	0.00373	0.00385	0.00388	0.00506	0.00314	0.00289	0.00539	0.00847	0.01021	0.07241	0.08453	0.76042	0.00945	0.00441	0.00126	0.00189	0.00794	0.00348	0.00314
9	0.00791	0.17986	0.69375	0.00978	0.01483	0.00976	0.01233	0.01163	0.00778	0.01119	0.00638	0.00748	0.00471	0.00346	0.00331	0.00110	0.00520	0.00260	0.00157	0.00535
10	0.00452	0.00374	0.00397	0.00401	0.00515	0.00319	0.00300	0.00554	0.00858	0.01050	0.11614	0.08798	0.69276	0.00938	0.00443	0.00127	0.00192	0.02723	0.00351	0.00317
11	0.00789	0.00741	0.01000	0.42992	0.06175	0.08281	0.02957	0.08029	0.02170	0.01094	0.00998	0.20118	0.00960	0.00557	0.00403	0.00126	0.01470	0.00489	0.00230	0.00422
12	0.00478	0.00335	0.00427	0.00486	0.00505	0.00319	0.00314	0.00531	0.00682	0.00913	0.05590	0.61096	0.02217	0.23310	0.00838	0.00203	0.00251	0.00904	0.00317	0.00284
13	0.00961	0.74938	0.11965	0.00723	0.02921	0.01382	0.00735	0.01120	0.00760	0.00917	0.00538	0.00625	0.00478	0.00322	0.00255	0.00085	0.00416	0.00211	0.00159	0.00488
14	0.48351	0.08234	0.00848	0.00680	0.02442	0.23924	0.00536	0.05646	0.00830	0.02485	0.00586	0.00670	0.00465	0.00362	0.00272	0.00106	0.00407	0.00227	0.02497	0.00433
15	0.00754	0.03485	0.80242	0.01070	0.01607	0.00876	0.04551	0.01175	0.00787	0.01170	0.00667	0.00789	0.00474	0.00350	0.00354	0.00117	0.00549	0.00279	0.00158	0.00545
16	0.02243	0.53253	0.30052	0.00816	0.02458	0.01233	0.01933	0.02422	0.00781	0.01020	0.00578	0.00674	0.00478	0.00332	0.00283	0.00094	0.00450	0.00231	0.00163	0.00504
17	0.01317	0.02605	0.01080	0.00851	0.01115	0.15725	0.03743	0.43993	0.11480	0.10093	0.03596	0.01008	0.00780	0.00446	0.00368	0.00111	0.00431	0.00344	0.00340	0.00574
18	0.00710	0.00669	0.01130	0.82518	0.06029	0.00827	0.01035	0.00956	0.00747	0.00960	0.00661	0.00987	0.00499	0.00369	0.00371	0.00123	0.00493	0.00330	0.00166	0.00420
19	0.00832	0.01095	0.21123	0.07158	0.44419	0.01970	0.08061	0.01112	0.02032	0.01169	0.00878	0.03259	0.04447	0.00390	0.00376	0.00116	0.00469	0.00366	0.00191	0.00538
20	0.00767	0.00719	0.00977	0.03021	0.00954	0.02582	0.05161	0.00991	0.10048	0.01065	0.06806	0.02163	0.05336	0.00753	0.06259	0.00171	0.45118	0.00403	0.06295	0.00413
21	0.00583	0.00442	0.00566	0.00524	0.00613	0.00451	0.00404	0.00745	0.02311	0.03516	0.55143	0.02633	0.15390	0.02774	0.00560	0.00130	0.10017	0.02472	0.00366	0.00359
22	0.00821	0.28172	0.59448	0.00928	0.01405	0.01049	0.01145	0.01156	0.00775	0.01082	0.00620	0.00726	0.00472	0.00342	0.00317	0.00106	0.00502	0.00251	0.00157	0.00526
23	0.00520	0.00410	0.00509	0.00483	0.00590	0.00378	0.02250	0.00709	0.05372	0.01281	0.44918	0.10250	0.29291	0.00829	0.00438	0.00123	0.00199	0.00722	0.00376	0.00350
24	0.00927	0.00822	0.01145	0.04904	0.39632	0.06291	0.02057	0.02262	0.06143	0.06764	0.04443	0.02708	0.02984	0.01789	0.00383	0.00107	0.00391	0.00359	0.00240	0.15647
25	0.06279	0.05783	0.01006	0.00832	0.02379	0.32366	0.00644	0.17368	0.19403	0.03778	0.00968	0.02225	0.02844	0.00441	0.00345	0.00107	0.00459	0.00324	0.00282	0.02167
26	0.04124	0.02159	0.01889	0.02857	0.08631	0.11650	0.01582	0.16852	0.04014	0.15669	0.05352	0.02794	0.02761	0.00431	0.00349	0.00101	0.00380	0.00346	0.00300	0.17762

[dist]
# distance from previous block
# <min> <max>
1	8

[block]
# block no. 1 follows, 74 sequences, length 23
# corresponding to MSA columns:
# 69-91
name=unknown_B
#
# <colnr> <probs for GDERKNQSTAVLIFYWHMCP>
#	G	D	E	R	K	N	Q	S	T	A	V	L	I	F	Y	W	H	M	C	P
0	0.00698	0.00612	0.00856	0.35066	0.06935	0.03810	0.00723	0.01914	0.07601	0.02680	0.01355	0.23240	0.06388	0.00705	0.02484	0.00142	0.00392	0.03735	0.00258	0.00406
1	0.05350	0.00724	0.01067	0.04473	0.37966	0.02737	0.01826	0.01013	0.03194	0.04291	0.05957	0.08052	0.07068	0.03396	0.00505	0.00131	0.07412	0.04116	0.00245	0.00475
2	0.00846	0.32326	0.44911	0.00951	0.04782	0.01103	0.01052	0.01128	0.00758	0.01046	0.00599	0.00724	0.00479	0.00364	0.00383	0.00107	0.07518	0.00254	0.00159	0.00513
3	0.00944	0.00840	0.01270	0.18994	0.39723	0.02061	0.03431	0.18313	0.01006	0.01368	0.00841	0.07960	0.00729	0.00432	0.00379	0.00117	0.00435	0.00393	0.00233	0.00533
4	0.00579	0.00372	0.00501	0.00532	0.00591	0.00362	0.00379	0.00668	0.00734	0.07835	0.06524	0.48531	0.05020	0.07016	0.16657	0.00244	0.00380	0.02421	0.00322	0.00333
5	0.00785	0.00647	0.00759	0.00556	0.00867	0.00497	0.00442	0.02407	0.00791	0.03198	0.00760	0.05572	0.00666	0.00332	0.00290	0.00063	0.00275	0.00272	0.00235	0.80586
6	0.00466	0.00345	0.00435	0.00480	0.00535	0.00314	0.00335	0.00561	0.00811	0.01078	0.20685	0.53080	0.17448	0.01033	0.00459	0.00139	0.00201	0.00921	0.00359	0.00314
7	0.00529	0.00393	0.00570	0.00570	0.00630	0.00449	0.00432	0.00646	0.00596	0.00849	0.01076	0.01617	0.02853	0.12386	0.73997	0.00559	0.00903	0.00423	0.00205	0.00319
8	0.08077	0.01302	0.42216	0.02286	0.20230	0.00790	0.02248	0.01124	0.01771	0.04482	0.02158	0.06615	0.00766	0.00440	0.00365	0.00120	0.00455	0.03830	0.00208	0.00519
9	0.01059	0.77510	0.01829	0.00647	0.00958	0.03924	0.00630	0.01180	0.00788	0.07762	0.00596	0.00652	0.00513	0.00331	0.00252	0.00083	0.00399	0.00214	0.00184	0.00488
10	0.82315	0.07806	0.00660	0.00500	0.00737	0.00885	0.00421	0.01093	0.00642	0.01600	0.00517	0.00602	0.00408	0.00342	0.00230	0.00112	0.00296	0.00201	0.00224	0.00408
11	0.00754	0.05109	0.81924	0.01042	0.01582	0.00885	0.01344	0.01173	0.00783	0.01164	0.00661	0.00777	0.00470	0.00351	0.00348	0.00116	0.00543	0.00271	0.00157	0.00546
12	0.01238	0.00954	0.01016	0.00819	0.01085	0.01070	0.00664	0.54441	0.30989	0.02060	0.01112	0.01067	0.00810	0.00466	0.00374	0.00117	0.00368	0.00365	0.00374	0.00616
13	0.00504	0.00373	0.00469	0.00457	0.00544	0.00339	0.00338	0.00654	0.00983	0.01353	0.62728	0.11165	0.17061	0.00829	0.00441	0.00122	0.00181	0.00728	0.00392	0.00339
14	0.03286	0.00916	0.01282	0.07873	0.43690	0.02233	0.00934	0.28671	0.02351	0.02760	0.01963	0.00941	0.00643	0.00384	0.00366	0.00112	0.00426	0.00334	0.00256	0.00580
15	0.89577	0.00718	0.00546	0.00488	0.00718	0.00833	0.00402	0.01091	0.00632	0.01665	0.00517	0.00603	0.00402	0.00345	0.00230	0.00115	0.00287	0.00201	0.00230	0.00402
16	0.00852	0.00783	0.03343	0.02224	0.01017	0.05741	0.11141	0.12226	0.21355	0.03063	0.09079	0.08216	0.15445	0.00621	0.00409	0.00124	0.00352	0.03209	0.00327	0.00472
17	0.00585	0.00394	0.00507	0.00471	0.00573	0.00359	0.00356	0.00751	0.01034	0.06349	0.72673	0.02752	0.10270	0.00757	0.00434	0.00117	0.00184	0.00663	0.00406	0.00364
18	0.00870	0.00742	0.00782	0.00703	0.00902	0.00839	0.00547	0.05087	0.67786	0.01510	0.03517	0.01685	0.12279	0.00565	0.00387	0.00125	0.00282	0.00470	0.00374	0.00548
19	0.00471	0.00353	0.00438	0.00472	0.00539	0.00320	0.00336	0.00574	0.00836	0.01106	0.23941	0.42206	0.23213	0.00999	0.00457	0.00136	0.00201	0.02722	0.00361	0.00318
20	0.00694	0.00647	0.01083	0.82419	0.02465	0.00805	0.00997	0.00931	0.00734	0.00939	0.00681	0.01051	0.00531	0.04055	0.00436	0.00134	0.00489	0.00339	0.00167	0.00404
21	0.00701	0.00552	0.00647	0.00568	0.00737	0.00540	0.00436	0.01114	0.24276	0.03060	0.39729	0.04910	0.03440	0.00607	0.00390	0.00109	0.00231	0.00525	0.00362	0.17065
22	0.00792	0.00752	0.01272	0.46835	0.39069	0.00839	0.01062	0.01024	0.00790	0.01067	0.00746	0.01016	0.02410	0.00366	0.00371	0.00118	0.00464	0.00340	0.00177	0.00488

[dist]
# distance from previous block
# <min> <max>
0	1

[block]
# block no. 2 follows, 74 sequences, length 24
# corresponding to MSA columns:
# 93-116
name=unknown_C
#
# <colnr> <probs for GDERKNQSTAVLIFYWHMCP>
#	G	D	E	R	K	N	Q	S	T	A	V	L	I	F	Y	W	H	M	C	P
0	0.00888	0.35452	0.46411	0.00881	0.01317	0.04418	0.01035	0.03735	0.00813	0.01083	0.00610	0.00708	0.00478	0.00343	0.00307	0.00101	0.00489	0.00245	0.00166	0.00518
1	0.72429	0.00878	0.00640	0.00569	0.00796	0.13335	0.00459	0.02875	0.00728	0.03736	0.00558	0.00636	0.00431	0.00355	0.00252	0.00112	0.00347	0.00214	0.00233	0.00417
2	0.00877	0.00855	0.01380	0.25392	0.58680	0.04174	0.01093	0.01100	0.00825	0.01128	0.00683	0.00929	0.00558	0.00344	0.00367	0.00113	0.00465	0.00327	0.00179	0.00533
3	0.00806	0.00756	0.01260	0.40180	0.40853	0.00831	0.01035	0.02814	0.00824	0.01121	0.03381	0.01074	0.02707	0.00380	0.00373	0.00117	0.00450	0.00352	0.00190	0.00495
4	0.00502	0.00364	0.00470	0.00474	0.00544	0.00336	0.00342	0.00639	0.00936	0.01299	0.56138	0.25290	0.07323	0.03043	0.00484	0.00132	0.00191	0.00777	0.00384	0.00332
5	0.00796	0.19760	0.67646	0.00969	0.01470	0.00989	0.01217	0.01162	0.00778	0.01112	0.00635	0.00744	0.00471	0.00345	0.00329	0.00110	0.00517	0.00258	0.00157	0.00533
6	0.00812	0.00812	0.01137	0.00975	0.00975	0.01137	0.00812	0.00893	0.00568	0.00893	0.00487	0.00812	0.00487	0.00650	0.01218	0.00162	0.86276	0.00325	0.00162	0.00406
7	0.00694	0.00571	0.00698	0.00661	0.00773	0.05395	0.06231	0.05034	0.12045	0.03712	0.08509	0.45189	0.04219	0.02795	0.00470	0.00141	0.00294	0.01842	0.00337	0.00391
8	0.89577	0.00718	0.00546	0.00488	0.00718	0.00833	0.00402	0.01091	0.00632	0.01665	0.00517	0.00603	0.00402	0.00345	0.00230	0.00115	0.00287	0.00201	0.00230	0.00402
9	0.00476	0.00377	0.00428	0.00415	0.00524	0.00329	0.00311	0.00605	0.00934	0.01211	0.38435	0.03229	0.49684	0.00862	0.00438	0.00122	0.00182	0.00735	0.00372	0.00329
10	0.00892	0.00849	0.01417	0.12576	0.69377	0.00877	0.01092	0.01166	0.05882	0.01201	0.00743	0.00956	0.00610	0.00346	0.00369	0.00113	0.00439	0.00336	0.00193	0.00566
11	0.00570	0.00393	0.00491	0.00459	0.00565	0.00353	0.00347	0.00727	0.01009	0.05955	0.63296	0.02855	0.20028	0.00780	0.00434	0.00118	0.00185	0.00678	0.00398	0.00358
12	0.01116	0.01009	0.01666	0.01223	0.01557	0.02551	0.44651	0.32125	0.04386	0.04615	0.00855	0.00978	0.00622	0.00377	0.00406	0.00119	0.00521	0.00392	0.00274	0.00556
13	0.00467	0.00334	0.00435	0.00498	0.00529	0.00312	0.00335	0.00541	0.00744	0.00998	0.12075	0.67877	0.04908	0.07383	0.00572	0.00161	0.00220	0.00963	0.00344	0.00302
14	0.00462	0.00357	0.00415	0.00445	0.00521	0.00318	0.00316	0.00550	0.00801	0.01019	0.11094	0.33647	0.40073	0.05714	0.00532	0.00148	0.00210	0.02727	0.00344	0.00309
15	0.89577	0.00718	0.00546	0.00488	0.00718	0.00833	0.00402	0.01091	0.00632	0.01665	0.00517	0.00603	0.00402	0.00345	0.00230	0.00115	0.00287	0.00201	0.00230	0.00402
16	0.04620	0.00849	0.00920	0.02010	0.01008	0.00934	0.00607	0.46898	0.16730	0.05722	0.07817	0.03043	0.01017	0.00492	0.00368	0.00114	0.00343	0.00390	0.05554	0.00564
17	0.00453	0.00377	0.00396	0.00391	0.00510	0.00319	0.00293	0.00561	0.00880	0.01084	0.17187	0.03439	0.71012	0.00910	0.00439	0.00124	0.00186	0.00765	0.00355	0.00319
18	0.00869	0.36990	0.48746	0.00874	0.01321	0.01104	0.01048	0.01165	0.00778	0.03118	0.00624	0.00718	0.00484	0.00341	0.00306	0.00102	0.00480	0.00246	0.00165	0.00521
19	0.00733	0.00573	0.00653	0.00631	0.00777	0.00609	0.00499	0.04745	0.31378	0.03467	0.03679	0.09804	0.17347	0.02692	0.02600	0.00154	0.00300	0.18564	0.00355	0.00441
20	0.00975	0.00893	0.00967	0.05412	0.10648	0.16397	0.03543	0.10853	0.07769	0.06202	0.09470	0.06140	0.05946	0.01902	0.01636	0.00125	0.04852	0.00427	0.00281	0.05562
21	0.03330	0.04350	0.02952	0.02265	0.26765	0.17098	0.01975	0.08893	0.06826	0.04653	0.04135	0.07607	0.03002	0.00478	0.00403	0.00114	0.04005	0.00393	0.00251	0.00504
22	0.10205	0.35790	0.04507	0.00720	0.00999	0.04444	0.02273	0.16347	0.11144	0.03416	0.03017	0.01980	0.00703	0.00433	0.01427	0.00108	0.01437	0.00292	0.00251	0.00508
23	0.20301	0.04656	0.01060	0.05228	0.02937	0.13096	0.07313	0.19453	0.05044	0.05659	0.03704	0.00900	0.00668	0.00417	0.00392	0.00114	0.06133	0.00309	0.00265	0.02353

[dist]
# distance from previous block
# <min> <max>
0	30

[block]
# block no. 3 follows, 74 sequences, length 52
# corresponding to MSA columns:
# 147-198
name=unknown_D
#
# <colnr> <probs for GDERKNQSTAVLIFYWHMCP>
#	G	D	E	R	K	N	Q	S	T	A	V	L	I	F	Y	W	H	M	C	P
0	0.02510	0.00759	0.00796	0.01957	0.03668	0.09642	0.00544	0.19558	0.04412	0.08402	0.23973	0.05336	0.08359	0.00599	0.00408	0.00115	0.02027	0.02060	0.00343	0.04530
1	0.01058	0.48127	0.13496	0.00764	0.01091	0.08711	0.00754	0.17070	0.00973	0.01204	0.00643	0.01791	0.00539	0.00409	0.01847	0.00103	0.00453	0.00254	0.00206	0.00508
2	0.00939	0.21776	0.22009	0.00949	0.01297	0.06309	0.14950	0.01402	0.21781	0.03730	0.00876	0.00935	0.00669	0.00381	0.00346	0.00110	0.00462	0.00322	0.00230	0.00528
3	0.00539	0.00361	0.00413	0.00413	0.00416	0.00364	0.00235	0.00545	0.00542	0.00726	0.01162	0.02388	0.01332	0.83403	0.05417	0.00370	0.00387	0.00534	0.00224	0.00229
4	0.00451	0.00327	0.00427	0.00506	0.00536	0.00302	0.00340	0.00518	0.00721	0.00952	0.02176	0.80392	0.08692	0.01146	0.00471	0.00149	0.00213	0.01035	0.00345	0.00302
5	0.01069	0.00791	0.00921	0.00743	0.00967	0.00860	0.05904	0.40387	0.13905	0.01839	0.04579	0.01186	0.00908	0.00537	0.03296	0.00126	0.00361	0.00373	0.20719	0.00528
6	0.00492	0.00354	0.00494	0.00556	0.00593	0.00336	0.02308	0.00565	0.00717	0.00953	0.01914	0.67002	0.02254	0.05242	0.00580	0.03263	0.00252	0.11494	0.00328	0.00303
7	0.05862	0.00857	0.00937	0.00749	0.01015	0.04424	0.00608	0.32812	0.13545	0.31561	0.01180	0.02958	0.00830	0.00467	0.00367	0.00115	0.00359	0.00366	0.00388	0.00598
8	0.00997	0.00729	0.01079	0.03844	0.01138	0.02525	0.15601	0.01373	0.19670	0.20549	0.01150	0.01337	0.00893	0.00877	0.15032	0.00208	0.08345	0.03853	0.00299	0.00502
9	0.00877	0.47550	0.40564	0.00832	0.01257	0.01187	0.00977	0.01141	0.00768	0.01014	0.00586	0.00683	0.00473	0.00334	0.00291	0.00097	0.00467	0.00234	0.00158	0.00510
10	0.00455	0.00327	0.00432	0.00511	0.00538	0.00304	0.00343	0.00525	0.00729	0.00972	0.05571	0.80821	0.04818	0.01140	0.00471	0.00149	0.00213	0.01031	0.00347	0.00304
11	0.01172	0.00529	0.00651	0.00540	0.00729	0.00500	0.00430	0.07225	0.00963	0.39456	0.02415	0.01361	0.00964	0.04335	0.03816	0.00134	0.00296	0.00373	0.33619	0.00491
12	0.01216	0.00744	0.01959	0.00658	0.00960	0.02404	0.00542	0.12288	0.03028	0.33495	0.01016	0.00989	0.00713	0.00382	0.00342	0.00090	0.01429	0.00301	0.00334	0.37109
13	0.00967	0.00698	0.00901	0.00662	0.00970	0.00588	0.05328	0.04586	0.00860	0.16383	0.00812	0.00880	0.00618	0.00336	0.00352	0.00077	0.04433	0.00270	0.00265	0.60014
14	0.65108	0.02700	0.02166	0.00552	0.00799	0.00812	0.00465	0.06177	0.00775	0.14932	0.00719	0.02208	0.00536	0.00383	0.00268	0.00115	0.00305	0.00252	0.00274	0.00455
15	0.00776	0.08774	0.54831	0.01014	0.01455	0.00888	0.10837	0.02059	0.04528	0.01187	0.05389	0.02445	0.01818	0.00402	0.00378	0.00117	0.02053	0.00337	0.00192	0.00519
16	0.00454	0.00327	0.00431	0.00511	0.00538	0.00304	0.00343	0.00524	0.00726	0.00968	0.04964	0.81376	0.04874	0.01142	0.00471	0.00149	0.00213	0.01034	0.00347	0.00304
17	0.00863	0.03892	0.01094	0.10550	0.08777	0.07425	0.12389	0.09172	0.08988	0.03194	0.13750	0.08023	0.03799	0.00559	0.00403	0.00122	0.00398	0.05853	0.00287	0.00463
18	0.00846	0.00920	0.04677	0.05017	0.02603	0.07033	0.00845	0.00954	0.00625	0.00915	0.00513	0.00811	0.00488	0.00599	0.01064	0.00153	0.71038	0.00317	0.00165	0.00417
19	0.01158	0.00854	0.00978	0.00749	0.01046	0.00860	0.02738	0.37992	0.12082	0.09158	0.00948	0.00954	0.00695	0.00398	0.00344	0.00097	0.00350	0.00316	0.00328	0.27957
20	0.00794	0.01448	0.45417	0.01297	0.06966	0.00869	0.31692	0.01155	0.00830	0.01189	0.02993	0.00970	0.01899	0.00357	0.00389	0.00120	0.00555	0.00357	0.00180	0.00524
21	0.01181	0.01011	0.00979	0.00820	0.01064	0.10793	0.00652	0.35990	0.39976	0.01807	0.01143	0.01096	0.00847	0.00465	0.00370	0.00116	0.00385	0.00363	0.00353	0.00588
22	0.00560	0.00405	0.00516	0.00510	0.00553	0.00440	0.00352	0.00688	0.05970	0.00848	0.02724	0.01958	0.01199	0.44137	0.37084	0.00440	0.00620	0.00475	0.00227	0.00296
23	0.00896	0.06228	0.05178	0.00859	0.07404	0.06078	0.05065	0.06150	0.05221	0.02349	0.00716	0.00841	0.00584	0.00403	0.02167	0.00098	0.07630	0.00275	0.00222	0.41635
24	0.00540	0.00360	0.00405	0.00405	0.00405	0.00360	0.00225	0.00540	0.00540	0.00720	0.01170	0.02429	0.01349	0.86955	0.01889	0.00360	0.00360	0.00540	0.00225	0.00225
25	0.00941	0.01477	0.38515	0.00979	0.03646	0.18988	0.00991	0.09099	0.01788	0.02255	0.00851	0.06427	0.00741	0.00484	0.00423	0.00120	0.05762	0.05802	0.00216	0.00496
26	0.00540	0.00360	0.00405	0.00405	0.00405	0.00360	0.00225	0.00540	0.00540	0.00720	0.01170	0.02429	0.01349	0.86955	0.01889	0.00360	0.00360	0.00540	0.00225	0.00225
27	0.00879	0.00842	0.01435	0.17523	0.69705	0.00872	0.01119	0.01104	0.00826	0.01165	0.00691	0.00932	0.00571	0.00338	0.00368	0.00113	0.00451	0.00331	0.00180	0.00556
28	0.01203	0.41634	0.01469	0.00806	0.01057	0.46260	0.00679	0.01309	0.00913	0.00892	0.00547	0.00635	0.00477	0.00352	0.00290	0.00088	0.00542	0.00220	0.00176	0.00452
29	0.00525	0.00373	0.00483	0.00471	0.00552	0.00346	0.00351	0.00687	0.00994	0.01407	0.68201	0.11455	0.04977	0.00798	0.00436	0.00121	0.00184	0.03014	0.04280	0.00344
30	0.00902	0.01656	0.60154	0.01046	0.01522	0.04194	0.08096	0.09798	0.00918	0.05933	0.00737	0.00835	0.00521	0.00365	0.00361	0.00116	0.00528	0.00298	0.00201	0.01820
31	0.00910	0.00869	0.01481	0.02233	0.82257	0.00869	0.01124	0.01129	0.00845	0.01210	0.00734	0.01012	0.00632	0.00350	0.00372	0.00112	0.00438	0.02655	0.00188	0.00581
32	0.00799	0.00846	0.01702	0.32426	0.02096	0.00867	0.48080	0.01079	0.00824	0.01098	0.00763	0.01116	0.00599	0.00361	0.00413	0.00125	0.00559	0.03586	0.00186	0.02475
33	0.00546	0.00411	0.00587	0.00579	0.00630	0.00477	0.00436	0.00651	0.00584	0.00837	0.01002	0.01609	0.00986	0.18513	0.65645	0.00531	0.05038	0.00421	0.00202	0.00315
34	0.00802	0.03073	0.76844	0.01044	0.01559	0.07974	0.01306	0.01200	0.00806	0.01149	0.00656	0.00771	0.00471	0.00355	0.00350	0.00115	0.00557	0.00270	0.00160	0.00538
35	0.01419	0.01027	0.01106	0.00848	0.01145	0.01132	0.00701	0.80882	0.01724	0.04889	0.00909	0.00903	0.00640	0.00446	0.00371	0.00112	0.00406	0.00335	0.00374	0.00631
36	0.00530	0.00398	0.00597	0.00597	0.00663	0.00464	0.00464	0.00663	0.00597	0.00862	0.00994	0.01458	0.00928	0.02784	0.85484	0.00597	0.00994	0.00398	0.00199	0.00331
37	0.00805	0.00802	0.01134	0.54823	0.16160	0.09590	0.00969	0.01037	0.02569	0.01002	0.00744	0.04612	0.00623	0.00415	0.00391	0.00121	0.02369	0.01208	0.00185	0.00442
38	0.89577	0.00718	0.00546	0.00488	0.00718	0.00833	0.00402	0.01091	0.00632	0.01665	0.00517	0.00603	0.00402	0.00345	0.00230	0.00115	0.00287	0.00201	0.00230	0.00402
39	0.00866	0.00751	0.01177	0.03030	0.52994	0.00753	0.00882	0.03096	0.07116	0.05369	0.03271	0.09579	0.08499	0.00500	0.00387	0.00117	0.00372	0.00459	0.00252	0.00530
40	0.01376	0.01727	0.01079	0.00966	0.01165	0.80675	0.02529	0.04327	0.01072	0.00964	0.00589	0.00684	0.00485	0.00383	0.00338	0.00097	0.00659	0.00247	0.00197	0.00439
41	0.00649	0.00406	0.00528	0.00486	0.00596	0.00369	0.00368	0.00811	0.01026	0.11075	0.66636	0.05927	0.08182	0.00751	0.00432	0.00118	0.00194	0.00659	0.00408	0.00379
42	0.00958	0.35782	0.04929	0.25766	0.06832	0.07889	0.01922	0.08359	0.02377	0.01078	0.00635	0.00791	0.00515	0.00355	0.00315	0.00101	0.00459	0.00271	0.00188	0.00480
43	0.00485	0.00350	0.00460	0.00492	0.00545	0.00324	0.00346	0.00600	0.00867	0.01194	0.39498	0.47231	0.04271	0.00976	0.00457	0.00135	0.00197	0.00876	0.00374	0.00324
44	0.00952	0.00835	0.01021	0.38367	0.02948	0.09181	0.00825	0.19544	0.06482	0.03275	0.00940	0.03780	0.00789	0.00487	0.00392	0.00124	0.01268	0.08058	0.00257	0.00472
45	0.00531	0.00396	0.00589	0.00589	0.00652	0.00460	0.00454	0.00658	0.00594	0.00856	0.01001	0.01497	0.00945	0.06158	0.82133	0.00587	0.00969	0.00403	0.00200	0.00327
46	0.00559	0.00396	0.00568	0.00563	0.00626	0.00446	0.00425	0.00675	0.00612	0.02665	0.02865	0.01617	0.01044	0.14422	0.68316	0.00532	0.00856	0.00422	0.02067	0.00324
47	0.00511	0.00370	0.00463	0.00465	0.00547	0.00335	0.00339	0.00643	0.00928	0.02782	0.46846	0.23308	0.19316	0.00888	0.00446	0.00127	0.00190	0.00781	0.00381	0.00336
48	0.00878	0.00841	0.01433	0.17871	0.69364	0.00871	0.01119	0.01104	0.00826	0.01163	0.00691	0.00932	0.00571	0.00338	0.00368	0.00113	0.00451	0.00331	0.00180	0.00555
49	0.00546	0.00383	0.00495	0.00464	0.00557	0.00352	0.00349	0.00717	0.01037	0.02929	0.78009	0.02747	0.06565	0.00753	0.00433	0.00116	0.00178	0.00663	0.02354	0.00354
50	0.00903	0.00763	0.00846	0.00813	0.06323	0.01933	0.00592	0.10292	0.53718	0.01562	0.11390	0.04128	0.04004	0.00549	0.00388	0.00123	0.00300	0.00464	0.00364	0.00544
51	0.00527	0.00382	0.00498	0.00485	0.00570	0.00355	0.00369	0.00694	0.01009	0.01412	0.70850	0.05676	0.05713	0.01933	0.00465	0.00126	0.00194	0.08001	0.00396	0.00345

[dist]
# distance from previous block
# <min> <max>
4	6

[block]
# block no. 4 follows, 74 sequences, length 16
# corresponding to MSA columns:
# 207-222
name=unknown_E
#
# <colnr> <probs for GDERKNQSTAVLIFYWHMCP>
#	G	D	E	R	K	N	Q	S	T	A	V	L	I	F	Y	W	H	M	C	P
0	0.03803	0.00808	0.00891	0.00730	0.00982	0.04699	0.00587	0.18038	0.26064	0.33828	0.01326	0.01225	0.02355	0.00524	0.02299	0.00128	0.00356	0.00376	0.00391	0.00590
1	0.00963	0.61195	0.15923	0.00723	0.01072	0.07070	0.00753	0.01136	0.00781	0.00949	0.00555	0.00644	0.00480	0.00325	0.00267	0.00085	0.00433	0.00216	0.00165	0.06264
2	0.00464	0.00377	0.00411	0.00403	0.00517	0.00324	0.00302	0.00582	0.00906	0.01145	0.27435	0.03338	0.60725	0.00887	0.00438	0.00123	0.00184	0.00750	0.00363	0.00324
3	0.00784	0.00632	0.00674	0.00603	0.00769	0.02628	0.00467	0.12523	0.26322	0.02745	0.22478	0.05248	0.21251	0.00682	0.00408	0.00122	0.00262	0.00574	0.00372	0.00457
4	0.00810	0.00771	0.01311	0.43993	0.43773	0.00853	0.01085	0.01044	0.00794	0.01081	0.00679	0.00954	0.00542	0.00351	0.00369	0.00117	0.00468	0.00330	0.00174	0.00501
5	0.00707	0.04745	0.43275	0.00831	0.01158	0.00738	0.00924	0.01023	0.05098	0.03080	0.03409	0.10330	0.07538	0.02965	0.06010	0.00162	0.05729	0.01588	0.00225	0.00465
6	0.00895	0.00857	0.01463	0.11548	0.75558	0.00876	0.01127	0.01118	0.00834	0.01183	0.00694	0.00927	0.00578	0.00335	0.00368	0.00112	0.00447	0.00331	0.00182	0.00569
7	0.00842	0.09742	0.35666	0.11584	0.27089	0.04148	0.01136	0.01136	0.00805	0.01121	0.00657	0.00827	0.00512	0.00344	0.00345	0.00110	0.00491	0.00288	0.00169	0.02988
8	0.00491	0.00350	0.00424	0.00463	0.00496	0.00331	0.00304	0.00546	0.00689	0.00906	0.05890	0.38568	0.12720	0.31716	0.00974	0.00221	0.00266	0.04058	0.00305	0.00280
9	0.00645	0.00322	0.00484	0.00484	0.00484	0.00322	0.00322	0.00484	0.00484	0.00645	0.00645	0.01128	0.00645	0.01289	0.01451	0.89201	0.00322	0.00322	0.00161	0.00161
10	0.00563	0.00372	0.00463	0.00440	0.00527	0.00349	0.00330	0.00737	0.00990	0.01465	0.65878	0.02463	0.02933	0.00686	0.00398	0.00110	0.00175	0.00599	0.20173	0.00349
11	0.00617	0.00559	0.03011	0.00636	0.00708	0.06592	0.00497	0.00725	0.00634	0.00864	0.01015	0.08777	0.01015	0.10573	0.52649	0.02672	0.07470	0.00446	0.00208	0.00333
12	0.00776	0.00725	0.01162	0.03969	0.01178	0.03283	0.26517	0.12116	0.00915	0.01212	0.01400	0.31411	0.06745	0.00698	0.00486	0.00134	0.05924	0.00647	0.00276	0.00424
13	0.00574	0.02537	0.00689	0.02438	0.03955	0.00541	0.00507	0.00701	0.00617	0.00877	0.01040	0.01494	0.03804	0.06801	0.66090	0.00501	0.05884	0.00406	0.00201	0.00345
14	0.03324	0.07661	0.01172	0.07749	0.10661	0.24596	0.06042	0.08557	0.09342	0.07132	0.03668	0.02109	0.01662	0.00424	0.00380	0.00110	0.03017	0.00335	0.00251	0.01808
15	0.04174	0.12318	0.03945	0.04942	0.03276	0.14942	0.10167	0.14137	0.09682	0.04269	0.02929	0.01136	0.01938	0.03065	0.00417	0.00118	0.01985	0.03462	0.00257	0.02839

[dist]
# distance from previous block
# <min> <max>
2	61

[block]
# block no. 5 follows, 74 sequences, length 64
# corresponding to MSA columns:
# 285-348
name=unknown_F
#
# <colnr> <probs for GDERKNQSTAVLIFYWHMCP>
#	G	D	E	R	K	N	Q	S	T	A	V	L	I	F	Y	W	H	M	C	P
0	0.00968	0.19408	0.07761	0.00837	0.06714	0.17279	0.02152	0.05632	0.04465	0.06130	0.07034	0.11721	0.05497	0.00526	0.00355	0.00108	0.00408	0.00425	0.00258	0.02324
1	0.07266	0.09111	0.18638	0.00872	0.09271	0.01586	0.02211	0.04142	0.06512	0.08097	0.07136	0.06907	0.03034	0.01917	0.00372	0.00112	0.00369	0.00382	0.00259	0.11808
2	0.07605	0.03534	0.00980	0.01907	0.08353	0.03884	0.03948	0.15482	0.16199	0.07632	0.03338	0.02638	0.03471	0.00428	0.00344	0.00103	0.00349	0.00351	0.00297	0.19159
3	0.01083	0.00903	0.01274	0.01526	0.40473	0.05074	0.04047	0.15497	0.05098	0.10220	0.00874	0.02542	0.00696	0.00418	0.00427	0.00115	0.05932	0.01359	0.00260	0.02181
4	0.03595	0.00769	0.00850	0.00669	0.00948	0.00750	0.00540	0.22743	0.16463	0.03277	0.01028	0.01136	0.03045	0.00417	0.00334	0.00093	0.00315	0.03635	0.00302	0.39090
5	0.00504	0.00379	0.00467	0.00445	0.00542	0.00341	0.00334	0.00660	0.01001	0.01371	0.64993	0.02965	0.23026	0.00803	0.00438	0.00119	0.00178	0.00698	0.00393	0.00341
6	0.00896	0.00859	0.01466	0.10982	0.76113	0.00876	0.01128	0.01119	0.00834	0.01185	0.00694	0.00926	0.00578	0.00335	0.00368	0.00112	0.00447	0.00331	0.00182	0.00570
7	0.00522	0.00373	0.00511	0.00597	0.00649	0.00362	0.00466	0.00637	0.00779	0.01026	0.02007	0.47262	0.02303	0.01097	0.00492	0.00160	0.00276	0.39818	0.00343	0.00321
8	0.00999	0.85774	0.01930	0.00640	0.00956	0.02850	0.00636	0.01118	0.00759	0.00874	0.00517	0.00597	0.00476	0.00319	0.00240	0.00080	0.00401	0.00199	0.00159	0.00476
9	0.00478	0.00378	0.00431	0.00418	0.00526	0.00330	0.00313	0.00609	0.00939	0.01224	0.40580	0.03207	0.47531	0.00857	0.00438	0.00121	0.00182	0.00732	0.00374	0.00330
10	0.89577	0.00718	0.00546	0.00488	0.00718	0.00833	0.00402	0.01091	0.00632	0.01665	0.00517	0.00603	0.00402	0.00345	0.00230	0.00115	0.00287	0.00201	0.00230	0.00402
11	0.00439	0.00376	0.00376	0.00376	0.00501	0.00313	0.00282	0.00533	0.00846	0.01003	0.03760	0.03572	0.84489	0.00940	0.00439	0.00125	0.00188	0.00783	0.00345	0.00313
12	0.00742	0.03878	0.80765	0.01033	0.01562	0.00861	0.01326	0.01156	0.00781	0.01162	0.00700	0.03132	0.00525	0.00374	0.00353	0.00118	0.00536	0.00294	0.00162	0.00540
13	0.01207	0.31559	0.01372	0.00843	0.01067	0.48378	0.00695	0.02751	0.00924	0.00920	0.00553	0.00658	0.00481	0.00381	0.00367	0.00095	0.06887	0.00233	0.00181	0.00448
14	0.00692	0.00346	0.00346	0.00346	0.00432	0.00346	0.00259	0.00865	0.00778	0.01384	0.01211	0.01384	0.00951	0.00432	0.00259	0.00086	0.00173	0.00346	0.89016	0.00346
15	0.00458	0.00327	0.00438	0.00524	0.00548	0.00307	0.00355	0.00527	0.00717	0.00954	0.02043	0.83358	0.02442	0.01157	0.00475	0.00152	0.00220	0.04351	0.00344	0.00303
16	0.00812	0.00812	0.01137	0.00975	0.00975	0.01137	0.00812	0.00893	0.00568	0.00893	0.00487	0.00812	0.00487	0.00650	0.01218	0.00162	0.86276	0.00325	0.00162	0.00406
17	0.00439	0.00375	0.00377	0.00379	0.00502	0.00313	0.00283	0.00532	0.00843	0.01002	0.03723	0.05376	0.82709	0.00945	0.00439	0.00126	0.00189	0.00789	0.00345	0.00313
18	0.00750	0.03670	0.83326	0.01049	0.01593	0.00874	0.01356	0.01174	0.00783	0.01169	0.00663	0.00780	0.00470	0.00352	0.00350	0.00117	0.00545	0.00273	0.00157	0.00547
19	0.00546	0.00359	0.00402	0.00402	0.00406	0.00359	0.00226	0.00553	0.00549	0.00747	0.01171	0.02387	0.01333	0.83438	0.01823	0.00349	0.00352	0.00532	0.03834	0.00230
20	0.00744	0.01920	0.85032	0.01058	0.01607	0.00862	0.01371	0.01176	0.00784	0.01176	0.00666	0.00784	0.00470	0.00353	0.00353	0.00118	0.00549	0.00274	0.00157	0.00549
21	0.00531	0.00393	0.00573	0.00573	0.00631	0.00451	0.00435	0.00648	0.00590	0.00844	0.01016	0.01578	0.00980	0.13128	0.75211	0.00567	0.00916	0.00415	0.00202	0.00318
22	0.10166	0.00939	0.00978	0.00776	0.01040	0.03565	0.00633	0.58918	0.02554	0.07986	0.02923	0.06066	0.00807	0.00486	0.00364	0.00114	0.00379	0.00373	0.00357	0.00575
23	0.00898	0.00861	0.01470	0.10157	0.76921	0.00877	0.01129	0.01121	0.00836	0.01188	0.00695	0.00925	0.00579	0.00335	0.00368	0.00112	0.00446	0.00331	0.00182	0.00571
24	0.01397	0.01116	0.01106	0.00868	0.01150	0.14949	0.03052	0.58962	0.01527	0.08780	0.00876	0.00885	0.00626	0.00428	0.00365	0.00108	0.00447	0.00322	0.00340	0.02695
25	0.00813	0.00824	0.02749	0.37505	0.07456	0.04294	0.20582	0.01083	0.04993	0.02612	0.00788	0.01081	0.01686	0.04363	0.00525	0.00136	0.07492	0.00372	0.00194	0.00451
26	0.00538	0.00389	0.00532	0.00529	0.00570	0.00434	0.00378	0.00619	0.00575	0.00808	0.01053	0.01816	0.01081	0.34579	0.52712	0.00501	0.01934	0.00450	0.00208	0.00292
27	0.03823	0.00944	0.01026	0.00821	0.01067	0.02210	0.00670	0.52707	0.14438	0.04204	0.00962	0.02504	0.00725	0.00479	0.00451	0.00118	0.08936	0.00352	0.00342	0.03220
28	0.00452	0.00324	0.00430	0.00514	0.00538	0.00302	0.00344	0.00517	0.00713	0.00948	0.02075	0.85320	0.03829	0.01159	0.00473	0.00150	0.00215	0.01051	0.00345	0.00302
29	0.00966	0.04463	0.01446	0.04835	0.67423	0.10167	0.01056	0.01189	0.02786	0.01165	0.00695	0.00891	0.00581	0.00341	0.00359	0.00108	0.00463	0.00317	0.00187	0.00560
30	0.03609	0.72729	0.11160	0.00684	0.01024	0.01373	0.00712	0.03371	0.00781	0.00971	0.00543	0.00625	0.00478	0.00326	0.00254	0.00086	0.00411	0.00211	0.00166	0.00486
31	0.02985	0.00391	0.00500	0.00480	0.00572	0.00365	0.00361	0.00720	0.00998	0.03486	0.68167	0.09988	0.05684	0.00788	0.00436	0.00121	0.00190	0.03019	0.00396	0.00353
32	0.00446	0.00374	0.00388	0.00389	0.00507	0.00316	0.00290	0.00545	0.00857	0.01039	0.10119	0.06827	0.74764	0.00935	0.00440	0.00126	0.00188	0.00785	0.00350	0.00316
33	0.00517	0.00380	0.00487	0.00482	0.00569	0.00350	0.00368	0.00673	0.00979	0.01347	0.59458	0.09420	0.13302	0.00840	0.00449	0.00126	0.00197	0.09326	0.00389	0.00341
34	0.89577	0.00718	0.00546	0.00488	0.00718	0.00833	0.00402	0.01091	0.00632	0.01665	0.00517	0.00603	0.00402	0.00345	0.00230	0.00115	0.00287	0.00201	0.00230	0.00402
35	0.00716	0.00675	0.01141	0.80129	0.08370	0.00829	0.01039	0.00962	0.00750	0.00967	0.00662	0.00985	0.00501	0.00368	0.00371	0.00123	0.00491	0.00330	0.00166	0.00425
36	0.00442	0.00376	0.00381	0.00380	0.00504	0.00315	0.00285	0.00539	0.00854	0.01022	0.07027	0.03540	0.81210	0.00933	0.00439	0.00125	0.00187	0.00779	0.00347	0.00315
37	0.00531	0.00396	0.00586	0.00586	0.00649	0.00458	0.00451	0.00656	0.00593	0.00854	0.01004	0.01512	0.00951	0.07453	0.80847	0.00583	0.00959	0.00406	0.00200	0.00326
38	0.00540	0.00361	0.00409	0.00409	0.00410	0.00362	0.00230	0.00542	0.00541	0.00723	0.01166	0.02409	0.01341	0.85258	0.03574	0.00365	0.00373	0.00537	0.00224	0.00227
39	0.00473	0.00345	0.00445	0.00520	0.00552	0.00328	0.00350	0.00577	0.04096	0.00969	0.02058	0.78989	0.04870	0.02891	0.00498	0.00153	0.00221	0.01011	0.00343	0.00312
40	0.00452	0.00323	0.00431	0.00517	0.00538	0.00301	0.00345	0.00517	0.00711	0.00948	0.02046	0.86713	0.02455	0.01163	0.00474	0.00151	0.00215	0.01055	0.00345	0.00301
41	0.00819	0.00666	0.00714	0.00639	0.00801	0.04547	0.00494	0.07020	0.34826	0.03830	0.38799	0.01940	0.02130	0.00608	0.00402	0.00119	0.00266	0.00518	0.00385	0.00478
42	0.00701	0.00660	0.01113	0.86063	0.02556	0.00825	0.01031	0.00948	0.00742	0.00948	0.00660	0.00990	0.00495	0.00371	0.00371	0.00124	0.00495	0.00330	0.00165	0.00412
43	0.00452	0.00325	0.00429	0.00513	0.00537	0.00302	0.00343	0.00517	0.00715	0.00949	0.02098	0.84188	0.04947	0.01156	0.00473	0.00150	0.00215	0.01047	0.00345	0.00302
44	0.00908	0.00871	0.01488	0.06239	0.80760	0.00879	0.01134	0.01130	0.00840	0.01200	0.00696	0.00922	0.00584	0.00333	0.00368	0.00111	0.00444	0.00331	0.00183	0.00580
45	0.00457	0.00375	0.00403	0.00401	0.00514	0.00321	0.00299	0.00567	0.00883	0.01102	0.20599	0.06784	0.64182	0.00911	0.00440	0.00125	0.00186	0.00771	0.00358	0.00321
46	0.00907	0.00871	0.01486	0.06583	0.80422	0.00879	0.01134	0.01129	0.00840	0.01199	0.00696	0.00922	0.00583	0.00333	0.00368	0.00111	0.00444	0.00331	0.00183	0.00579
47	0.00834	0.00844	0.01138	0.01025	0.04811	0.04523	0.00815	0.00923	0.00601	0.00908	0.00512	0.00826	0.00502	0.00674	0.03121	0.00168	0.76872	0.00323	0.00165	0.00414
48	0.00598	0.00427	0.00598	0.00684	0.00769	0.00427	0.00598	0.00769	0.00854	0.01111	0.01965	0.04187	0.02136	0.01025	0.00513	0.00171	0.00342	0.82141	0.00342	0.00342
49	0.00744	0.01920	0.85032	0.01058	0.01607	0.00862	0.01371	0.01176	0.00784	0.01176	0.00666	0.00784	0.00470	0.00353	0.00353	0.00118	0.00549	0.00274	0.00157	0.00549
50	0.00451	0.00334	0.00422	0.00491	0.00532	0.00305	0.00333	0.00523	0.00741	0.00968	0.03895	0.70219	0.17200	0.01115	0.00467	0.00146	0.00210	0.00999	0.00346	0.00305
51	0.01378	0.01008	0.01079	0.00831	0.01118	0.01114	0.00685	0.79617	0.01701	0.02295	0.00906	0.00914	0.00646	0.00445	0.00366	0.00110	0.00398	0.00335	0.04436	0.00618
52	0.00456	0.00330	0.00431	0.00504	0.00537	0.00305	0.00340	0.00529	0.00740	0.00983	0.06969	0.75793	0.08467	0.01123	0.00469	0.00147	0.00211	0.01013	0.00348	0.00305
53	0.00446	0.00376	0.00387	0.00389	0.00510	0.00317	0.00293	0.00545	0.00854	0.01027	0.07547	0.04960	0.77568	0.00937	0.00441	0.00126	0.00191	0.02423	0.00348	0.00315
54	0.00834	0.00745	0.01033	0.38240	0.10851	0.00871	0.00842	0.01431	0.37460	0.02226	0.01049	0.01159	0.00791	0.00426	0.00374	0.00123	0.00398	0.00370	0.00264	0.00511
55	0.00715	0.00674	0.01138	0.80725	0.07786	0.00828	0.01038	0.00961	0.00749	0.00965	0.00662	0.00985	0.00501	0.00369	0.00371	0.00123	0.00491	0.00330	0.00166	0.00424
56	0.00744	0.01920	0.85032	0.01058	0.01607	0.00862	0.01371	0.01176	0.00784	0.01176	0.00666	0.00784	0.00470	0.00353	0.00353	0.00118	0.00549	0.00274	0.00157	0.00549
57	0.01061	0.00862	0.00950	0.03280	0.04444	0.00973	0.00652	0.28526	0.48572	0.01761	0.01305	0.02186	0.02751	0.00491	0.00377	0.00121	0.00340	0.00400	0.00361	0.00588
58	0.00759	0.00504	0.00583	0.00521	0.00656	0.00509	0.00406	0.13388	0.05516	0.04527	0.38258	0.02109	0.06196	0.00626	0.00382	0.00111	0.00227	0.02856	0.21455	0.00413
59	0.75698	0.00796	0.00609	0.00543	0.00768	0.06554	0.00440	0.04463	0.03092	0.01624	0.00595	0.02395	0.00479	0.00372	0.00252	0.00114	0.00317	0.00233	0.00239	0.00416
60	0.01031	0.00776	0.00789	0.00698	0.00867	0.12249	0.00543	0.15293	0.09726	0.15904	0.11445	0.19068	0.02894	0.00666	0.00433	0.00124	0.03453	0.03215	0.00353	0.00474
61	0.09072	0.00967	0.15240	0.00887	0.05671	0.00754	0.09456	0.10373	0.00902	0.06704	0.02563	0.00880	0.00621	0.00357	0.00362	0.00097	0.03584	0.00293	0.00239	0.30979
62	0.04670	0.04239	0.03292	0.00632	0.00954	0.00635	0.03518	0.04390	0.07118	0.02759	0.00739	0.00825	0.00593	0.00311	0.00293	0.00072	0.00309	0.00250	0.00237	0.64166
63	0.02764	0.01392	0.01120	0.01147	0.15552	0.49830	0.00777	0.11667	0.01071	0.04553	0.01706	0.00797	0.00571	0.00403	0.00393	0.00105	0.05157	0.00282	0.00225	0.00488

[dist]
# distance from previous block
# <min> <max>
0	5

[block]
# block no. 6 follows, 74 sequences, length 38
# corresponding to MSA columns:
# 354-391
name=unknown_G
#
# <colnr> <probs for GDERKNQSTAVLIFYWHMCP>
#	G	D	E	R	K	N	Q	S	T	A	V	L	I	F	Y	W	H	M	C	P
0	0.00737	0.00623	0.00643	0.00626	0.00741	0.07851	0.00464	0.10641	0.14751	0.01284	0.12143	0.38593	0.05550	0.00837	0.00429	0.00132	0.00287	0.02913	0.00348	0.00407
1	0.00991	0.24173	0.08391	0.00729	0.00992	0.04406	0.01867	0.23539	0.07753	0.01431	0.05559	0.03078	0.07810	0.00482	0.00363	0.00106	0.02702	0.00369	0.04759	0.00500
2	0.01140	0.42982	0.07958	0.00764	0.01084	0.04231	0.00719	0.31688	0.03726	0.01463	0.00700	0.00747	0.00554	0.00376	0.00304	0.00096	0.00419	0.00263	0.00245	0.00541
3	0.01040	0.01359	0.34584	0.00917	0.01293	0.03217	0.00947	0.31031	0.18862	0.01669	0.00925	0.00948	0.00670	0.00419	0.00364	0.00117	0.00447	0.00326	0.00282	0.00584
4	0.00924	0.00800	0.00826	0.00738	0.00942	0.03187	0.00574	0.06247	0.69924	0.01556	0.06185	0.01487	0.03905	0.00526	0.00382	0.00124	0.00300	0.00436	0.00373	0.00563
5	0.00938	0.00601	0.00722	0.00625	0.00803	0.00595	0.00488	0.18447	0.06738	0.15632	0.20208	0.20066	0.01800	0.00683	0.00406	0.00120	0.00278	0.03179	0.00377	0.07294
6	0.00505	0.00383	0.00445	0.00426	0.00536	0.00336	0.00321	0.00640	0.00951	0.02875	0.43467	0.03133	0.42961	0.00841	0.00437	0.00121	0.00184	0.00720	0.00378	0.00338
7	0.00733	0.00677	0.01106	0.75936	0.05917	0.00825	0.00997	0.04626	0.00795	0.01023	0.00772	0.01065	0.03210	0.00391	0.00373	0.00123	0.00479	0.00345	0.00181	0.00426
8	0.00535	0.00379	0.00503	0.00503	0.00536	0.00413	0.00347	0.00602	0.00569	0.00792	0.01080	0.01934	0.01135	0.44073	0.44478	0.00480	0.00683	0.00467	0.00212	0.00279
9	0.02968	0.01890	0.82917	0.01044	0.01584	0.00861	0.01347	0.01173	0.00780	0.01188	0.00662	0.00779	0.00468	0.00352	0.00350	0.00117	0.00542	0.00272	0.00159	0.00545
10	0.00439	0.00376	0.00376	0.00376	0.00501	0.00313	0.00282	0.00533	0.00846	0.01003	0.03760	0.03572	0.84489	0.00940	0.00439	0.00125	0.00188	0.00783	0.00345	0.00313
11	0.00598	0.00427	0.00598	0.00684	0.00769	0.00427	0.00598	0.00769	0.00854	0.01111	0.01965	0.04187	0.02136	0.01025	0.00513	0.00171	0.00342	0.82141	0.00342	0.00342
12	0.00992	0.87178	0.01945	0.00635	0.00953	0.01469	0.00635	0.01111	0.00754	0.00873	0.00516	0.00595	0.00476	0.00318	0.00238	0.00079	0.00397	0.00198	0.00159	0.00476
13	0.89577	0.00718	0.00546	0.00488	0.00718	0.00833	0.00402	0.01091	0.00632	0.01665	0.00517	0.00603	0.00402	0.00345	0.00230	0.00115	0.00287	0.00201	0.00230	0.00402
14	0.01522	0.00861	0.01004	0.00769	0.01062	0.00886	0.00636	0.47729	0.01447	0.38434	0.01142	0.01054	0.00757	0.00452	0.00372	0.00113	0.00368	0.00351	0.00410	0.00631
15	0.00787	0.00670	0.00779	0.00558	0.00887	0.00512	0.00447	0.03150	0.00796	0.01240	0.00666	0.00773	0.00552	0.00279	0.00277	0.00056	0.00278	0.00223	0.00224	0.86844
16	0.00523	0.00379	0.00493	0.00465	0.00553	0.00349	0.00349	0.00697	0.01046	0.01477	0.82604	0.02791	0.05350	0.00763	0.00438	0.00117	0.00175	0.00674	0.00407	0.00349
17	0.00883	0.00846	0.01442	0.15987	0.71210	0.00873	0.01121	0.01108	0.00828	0.01169	0.00692	0.00930	0.00573	0.00337	0.00368	0.00112	0.00450	0.00331	0.00181	0.00559
18	0.87568	0.00725	0.00559	0.00496	0.00728	0.00840	0.00409	0.02967	0.00657	0.01681	0.00525	0.00610	0.00407	0.00347	0.00233	0.00115	0.00290	0.00204	0.00233	0.00407
19	0.00754	0.05096	0.81937	0.01042	0.01582	0.00885	0.01344	0.01173	0.00783	0.01164	0.00661	0.00777	0.00470	0.00351	0.00348	0.00116	0.00543	0.00271	0.00157	0.00546
20	0.00979	0.00814	0.00863	0.00762	0.00980	0.00934	0.00597	0.08767	0.75386	0.03346	0.01458	0.01341	0.01087	0.00498	0.00377	0.00124	0.00304	0.00412	0.00379	0.00592
21	0.00439	0.00376	0.00376	0.00376	0.00501	0.00313	0.00282	0.00533	0.00846	0.01003	0.03760	0.03572	0.84489	0.00940	0.00439	0.00125	0.00188	0.00783	0.00345	0.00313
22	0.00770	0.00660	0.00770	0.00550	0.00880	0.00495	0.00440	0.00935	0.00770	0.01210	0.00660	0.00770	0.00550	0.00275	0.00275	0.00055	0.00275	0.00220	0.00220	0.89224
23	0.00439	0.00376	0.00376	0.00376	0.00501	0.00313	0.00282	0.00533	0.00846	0.01003	0.03760	0.03572	0.84489	0.00940	0.00439	0.00125	0.00188	0.00783	0.00345	0.00313
24	0.00701	0.00660	0.01113	0.86063	0.02556	0.00825	0.01031	0.00948	0.00742	0.00948	0.00660	0.00990	0.00495	0.00371	0.00371	0.00124	0.00495	0.00330	0.00165	0.00412
25	0.00457	0.00326	0.00436	0.00519	0.00544	0.00305	0.00350	0.00526	0.00721	0.00962	0.03735	0.83228	0.02470	0.01152	0.00474	0.00150	0.00217	0.02779	0.00346	0.00303
26	0.00540	0.00360	0.00405	0.00405	0.00405	0.00360	0.00225	0.00540	0.00540	0.00720	0.01170	0.02429	0.01349	0.86955	0.01889	0.00360	0.00360	0.00540	0.00225	0.00225
27	0.00456	0.00326	0.00435	0.00521	0.00544	0.00305	0.00351	0.00523	0.00714	0.00952	0.02044	0.84695	0.02447	0.01160	0.00475	0.00151	0.00218	0.03038	0.00344	0.00302
