[name]
unknown

[dist]
# distance from previous block
# <min> <max>
2	149

[block]
# block no. 0 follows, 64 sequences, length 9
# corresponding to MSA columns:
# 167-175
name=unknown_A
#
# <colnr> <probs for GDERKNQSTAVLIFYWHMCP>
#	G	D	E	R	K	N	Q	S	T	A	V	L	I	F	Y	W	H	M	C	P
0	0.07525	0.03465	0.06090	0.03332	0.17284	0.00944	0.00842	0.24026	0.01248	0.20845	0.01106	0.01299	0.00842	0.03116	0.00457	0.00136	0.00434	0.04352	0.00349	0.02307
1	0.00803	0.00757	0.01279	0.78274	0.08848	0.00928	0.01163	0.01077	0.00839	0.01083	0.00742	0.01101	0.00562	0.00412	0.00415	0.00137	0.00549	0.00369	0.00186	0.00476
2	0.00593	0.00437	0.00545	0.00541	0.00585	0.00454	0.00371	0.00667	0.00744	0.01009	0.11468	0.10495	0.11164	0.38130	0.16478	0.00355	0.04683	0.00667	0.00296	0.00320
3	0.09245	0.00681	0.03435	0.07788	0.04747	0.00650	0.06196	0.01165	0.06930	0.14068	0.04415	0.22376	0.08142	0.00779	0.00456	0.00147	0.00362	0.07578	0.00355	0.00485
4	0.03151	0.04781	0.12799	0.24457	0.22219	0.02322	0.03149	0.03358	0.00919	0.05866	0.02077	0.05012	0.00820	0.02615	0.00481	0.00140	0.02800	0.02253	0.00235	0.00545
5	0.01070	0.18000	0.04335	0.12332	0.03807	0.12466	0.20002	0.02921	0.11095	0.02910	0.02934	0.01115	0.00780	0.02787	0.00460	0.00132	0.01691	0.00382	0.00243	0.00539
6	0.00671	0.00494	0.00596	0.00617	0.00711	0.02744	0.00462	0.02317	0.02556	0.04072	0.18474	0.33201	0.08100	0.04795	0.02266	0.00176	0.00304	0.14277	0.00388	0.02778
7	0.02987	0.05255	0.26511	0.01259	0.13948	0.17694	0.03403	0.05195	0.06793	0.09221	0.00930	0.03354	0.00722	0.00448	0.00396	0.00125	0.00548	0.00359	0.00258	0.00594
8	0.05493	0.01155	0.01168	0.21501	0.13579	0.25792	0.00893	0.04455	0.05154	0.03254	0.04973	0.01199	0.02614	0.00481	0.00438	0.00126	0.03787	0.01610	0.00251	0.02077

[dist]
# distance from previous block
# <min> <max>
3	7

[block]
# block no. 1 follows, 64 sequences, length 14
# corresponding to MSA columns:
# 183-196
name=unknown_B
#
# <colnr> <probs for GDERKNQSTAVLIFYWHMCP>
#	G	D	E	R	K	N	Q	S	T	A	V	L	I	F	Y	W	H	M	C	P
0	0.02532	0.02607	0.02613	0.11819	0.00971	0.00512	0.00536	0.00773	0.00834	0.03077	0.07230	0.37555	0.08280	0.08608	0.04322	0.00198	0.00357	0.05033	0.00332	0.01811
1	0.00954	0.00814	0.03044	0.30064	0.18672	0.00841	0.06526	0.04451	0.04511	0.08655	0.06722	0.05856	0.02772	0.00525	0.00435	0.00135	0.00465	0.02323	0.00279	0.01957
2	0.05787	0.11760	0.05940	0.08950	0.19402	0.00970	0.06473	0.09177	0.02906	0.05106	0.04456	0.05123	0.00885	0.00455	0.00387	0.00118	0.00443	0.00394	0.00266	0.11002
3	0.00967	0.00840	0.01167	0.11625	0.05224	0.06213	0.09062	0.05572	0.03198	0.07121	0.11313	0.01681	0.01253	0.04841	0.05097	0.00187	0.17772	0.06092	0.00286	0.00488
4	0.00752	0.00679	0.04337	0.02740	0.04170	0.05819	0.03394	0.02971	0.00822	0.02839	0.04410	0.10147	0.08690	0.27375	0.11880	0.02725	0.02277	0.03311	0.00280	0.00381
5	0.00985	0.07215	0.22161	0.06791	0.09726	0.06051	0.10057	0.03625	0.00967	0.08809	0.02813	0.13335	0.02760	0.00573	0.00428	0.00134	0.00499	0.02257	0.00269	0.00544
6	0.01133	0.02821	0.01493	0.06632	0.40923	0.10918	0.08286	0.01391	0.04287	0.09647	0.00943	0.04215	0.00771	0.00433	0.00412	0.00123	0.00507	0.00399	0.00254	0.04410
7	0.00797	0.02838	0.06908	0.09419	0.09907	0.04486	0.10978	0.00989	0.00873	0.02748	0.03680	0.12909	0.06395	0.11865	0.05773	0.00209	0.00499	0.08006	0.00273	0.00448
8	0.05230	0.00951	0.08394	0.06218	0.03431	0.04413	0.18445	0.05394	0.09727	0.06525	0.06647	0.09150	0.04460	0.02384	0.02429	0.00158	0.00481	0.04736	0.00309	0.00520
9	0.03180	0.08664	0.14683	0.13580	0.09120	0.11261	0.02556	0.08028	0.04929	0.04442	0.02990	0.09194	0.02281	0.00524	0.00403	0.00127	0.00492	0.00432	0.00265	0.02848
10	0.00959	0.00949	0.04275	0.22280	0.33574	0.05060	0.06584	0.02363	0.02715	0.03549	0.03757	0.04495	0.02901	0.00461	0.00421	0.00128	0.00496	0.00427	0.00238	0.04368
11	0.12614	0.00865	0.00952	0.00852	0.04311	0.03180	0.00657	0.23033	0.13575	0.13558	0.02539	0.01568	0.01053	0.03661	0.05898	0.00177	0.00440	0.07808	0.00371	0.02887
12	0.01050	0.00866	0.01254	0.01018	0.01262	0.05763	0.21141	0.07392	0.13729	0.11277	0.05795	0.07239	0.03288	0.02497	0.04534	0.00174	0.01698	0.09145	0.00344	0.00535
13	0.04279	0.00591	0.00694	0.00592	0.00822	0.00484	0.00450	0.00868	0.00844	0.01262	0.01520	0.27564	0.07324	0.00705	0.00398	0.00108	0.00283	0.03314	0.00305	0.47593

[dist]
# distance from previous block
# <min> <max>
11	19

[block]
# block no. 2 follows, 64 sequences, length 16
# corresponding to MSA columns:
# 217-232
name=unknown_C
#
# <colnr> <probs for GDERKNQSTAVLIFYWHMCP>
#	G	D	E	R	K	N	Q	S	T	A	V	L	I	F	Y	W	H	M	C	P
0	0.03261	0.15793	0.04021	0.03853	0.15758	0.01120	0.00827	0.18743	0.20530	0.05084	0.03397	0.03888	0.00955	0.00494	0.00392	0.00125	0.00417	0.00402	0.00323	0.00618
1	0.00806	0.03073	0.11327	0.04467	0.01026	0.03256	0.00648	0.04337	0.00937	0.04397	0.10479	0.17338	0.03791	0.06381	0.03412	0.00163	0.00395	0.05414	0.00310	0.18045
2	0.00965	0.01189	0.20608	0.13107	0.22094	0.03124	0.07457	0.05215	0.03099	0.04701	0.03533	0.01254	0.02305	0.05769	0.00560	0.00149	0.03665	0.00403	0.00238	0.00565
3	0.00971	0.23254	0.28320	0.01393	0.12968	0.01173	0.21480	0.01287	0.00898	0.01229	0.00726	0.00906	0.00573	0.00379	0.00414	0.00123	0.02795	0.00342	0.00189	0.00581
4	0.00812	0.00434	0.00606	0.04333	0.00723	0.00417	0.00425	0.00781	0.00745	0.11527	0.05599	0.11105	0.10197	0.03557	0.01122	0.46145	0.00331	0.00544	0.00286	0.00310
5	0.30444	0.00866	0.01190	0.03254	0.36377	0.00913	0.03970	0.01226	0.03497	0.01519	0.02513	0.04362	0.00776	0.00445	0.00387	0.00128	0.02140	0.01531	0.00246	0.04216
6	0.00570	0.00419	0.00518	0.00518	0.00582	0.00418	0.00361	0.00661	0.00777	0.01038	0.12184	0.06797	0.19411	0.30253	0.23307	0.00371	0.00517	0.00668	0.00306	0.00327
7	0.00928	0.00576	0.00819	0.00765	0.00928	0.00555	0.05996	0.01186	0.08604	0.18500	0.07011	0.22002	0.04448	0.00920	0.00503	0.00159	0.00343	0.24871	0.00408	0.00478
8	0.00877	0.01013	0.15940	0.04310	0.03324	0.03390	0.00744	0.07013	0.03175	0.01475	0.15400	0.01403	0.03884	0.00475	0.00382	0.00102	0.00382	0.00392	0.00288	0.36032
9	0.88336	0.00803	0.00611	0.00546	0.00803	0.00932	0.00450	0.01221	0.00707	0.01864	0.00578	0.00675	0.00450	0.00386	0.00257	0.00129	0.00321	0.00225	0.00257	0.00450
10	0.01111	0.85652	0.02177	0.00711	0.01066	0.01644	0.00711	0.01244	0.00844	0.00977	0.00577	0.00666	0.00533	0.00355	0.00267	0.00089	0.00444	0.00222	0.00178	0.00533
11	0.00719	0.00634	0.01014	0.45756	0.05719	0.00730	0.02296	0.00951	0.02502	0.01107	0.01353	0.18366	0.03905	0.02270	0.02684	0.00168	0.00470	0.08662	0.00260	0.00434
12	0.00842	0.00482	0.00633	0.00563	0.00707	0.00435	0.00433	0.01028	0.01170	0.18116	0.63290	0.02795	0.06275	0.00789	0.00475	0.00131	0.00228	0.00688	0.00466	0.00454
13	0.00637	0.00512	0.00820	0.00753	0.00872	0.00515	0.09963	0.00819	0.00913	0.01268	0.25810	0.13048	0.02259	0.01608	0.26906	0.00315	0.00577	0.11674	0.00334	0.00397
14	0.00519	0.00419	0.00457	0.00453	0.00574	0.00362	0.00335	0.00641	0.00984	0.01240	0.22960	0.07186	0.57596	0.03761	0.00545	0.00148	0.00214	0.00850	0.00399	0.00357
15	0.00893	0.00699	0.00808	0.04247	0.00996	0.00766	0.00596	0.03523	0.41517	0.05072	0.15277	0.11025	0.04566	0.00746	0.00460	0.00145	0.00312	0.07397	0.00414	0.00541

[dist]
# distance from previous block
# <min> <max>
0	1

[block]
# block no. 3 follows, 64 sequences, length 14
# corresponding to MSA columns:
# 234,235,237-248
name=unknown_D
#
# <colnr> <probs for GDERKNQSTAVLIFYWHMCP>
#	G	D	E	R	K	N	Q	S	T	A	V	L	I	F	Y	W	H	M	C	P
0	0.01088	0.02872	0.12219	0.11205	0.34011	0.04111	0.02428	0.10735	0.06034	0.05042	0.00876	0.01037	0.00677	0.00417	0.00420	0.00125	0.01935	0.00360	0.00252	0.04157
1	0.88336	0.00803	0.00611	0.00546	0.00803	0.00932	0.00450	0.01221	0.00707	0.01864	0.00578	0.00675	0.00450	0.00386	0.00257	0.00129	0.00321	0.00225	0.00257	0.00450
2	0.04557	0.01040	0.11994	0.05588	0.28182	0.00843	0.04075	0.05151	0.00963	0.06915	0.00824	0.00977	0.00641	0.00373	0.00376	0.00108	0.00447	0.00327	0.00246	0.26372
3	0.00844	0.08101	0.03914	0.01022	0.13679	0.04064	0.01921	0.02612	0.00784	0.01086	0.00990	0.09867	0.00978	0.06557	0.12035	0.13017	0.12046	0.00460	0.05596	0.00426
4	0.01045	0.00917	0.01514	0.13981	0.56248	0.00947	0.02702	0.03789	0.03423	0.06552	0.00879	0.01105	0.00701	0.00506	0.03788	0.00149	0.00516	0.00381	0.00236	0.00621
5	0.88336	0.00803	0.00611	0.00546	0.00803	0.00932	0.00450	0.01221	0.00707	0.01864	0.00578	0.00675	0.00450	0.00386	0.00257	0.00129	0.00321	0.00225	0.00257	0.00450
6	0.01186	0.01244	0.01420	0.04353	0.20376	0.22750	0.12296	0.06692	0.22562	0.01434	0.01006	0.01107	0.00783	0.00443	0.00416	0.00127	0.00546	0.00387	0.00278	0.00594
7	0.00552	0.00436	0.00501	0.00491	0.00610	0.00391	0.00369	0.00728	0.03439	0.01366	0.36474	0.06720	0.42432	0.00966	0.00492	0.00139	0.00214	0.02887	0.00416	0.00377
8	0.07490	0.00795	0.00866	0.00721	0.00962	0.00850	0.00578	0.24109	0.17727	0.16285	0.03464	0.02966	0.01062	0.00528	0.00383	0.00124	0.00334	0.00419	0.19744	0.00592
9	0.00914	0.00875	0.07265	0.09283	0.23879	0.00827	0.03737	0.06910	0.05872	0.04418	0.17118	0.05454	0.03035	0.00680	0.03860	0.00156	0.04372	0.00503	0.00302	0.00543
10	0.00538	0.00423	0.00486	0.00470	0.00590	0.00371	0.00353	0.00688	0.01058	0.01387	0.42377	0.03562	0.44309	0.00953	0.00490	0.00136	0.00203	0.00816	0.00421	0.00371
11	0.00913	0.02224	0.01087	0.05017	0.11330	0.03196	0.08664	0.06187	0.11783	0.05580	0.08685	0.13440	0.05729	0.05596	0.03812	0.00176	0.03240	0.02511	0.00326	0.00505
12	0.04555	0.07613	0.04186	0.11426	0.05763	0.02307	0.22012	0.18096	0.02528	0.14550	0.00985	0.01136	0.00722	0.00437	0.00419	0.00130	0.00518	0.01716	0.00302	0.00600
13	0.00719	0.00641	0.00914	0.04687	0.00976	0.00779	0.03894	0.00889	0.04859	0.01061	0.01416	0.19235	0.07379	0.04555	0.18028	0.00279	0.28400	0.00612	0.00265	0.00412

[dist]
# distance from previous block
# <min> <max>
0	1

[block]
# block no. 4 follows, 64 sequences, length 9
# corresponding to MSA columns:
# 250-258
name=unknown_E
#
# <colnr> <probs for GDERKNQSTAVLIFYWHMCP>
#	G	D	E	R	K	N	Q	S	T	A	V	L	I	F	Y	W	H	M	C	P
0	0.00990	0.01072	0.13379	0.06033	0.15707	0.04399	0.04180	0.09342	0.04043	0.03691	0.10542	0.01233	0.01039	0.00443	0.00395	0.00112	0.00439	0.00381	0.00278	0.22301
1	0.02251	0.07393	0.36560	0.03500	0.03442	0.13132	0.03203	0.09933	0.02022	0.05141	0.00905	0.01081	0.02389	0.03331	0.00478	0.00136	0.02954	0.01339	0.00238	0.00571
2	0.05946	0.00819	0.00884	0.05725	0.01076	0.04411	0.00636	0.12525	0.32234	0.01557	0.01395	0.09671	0.01226	0.06844	0.08919	0.00213	0.02212	0.02827	0.00347	0.00533
3	0.14831	0.20181	0.01330	0.00948	0.03617	0.45479	0.00741	0.06205	0.01070	0.01244	0.00643	0.00742	0.00535	0.00408	0.00336	0.00108	0.00591	0.00260	0.00224	0.00507
4	0.31525	0.00988	0.01002	0.08747	0.01254	0.07676	0.03046	0.22459	0.05535	0.12636	0.00916	0.00964	0.00660	0.00447	0.00360	0.00128	0.00429	0.00328	0.00330	0.00569
5	0.00682	0.00441	0.00579	0.00564	0.00644	0.00440	0.00406	0.00795	0.00839	0.07735	0.20095	0.11176	0.06519	0.22460	0.24390	0.00354	0.00524	0.00654	0.00333	0.00369
6	0.00787	0.00598	0.00685	0.00634	0.00775	0.00621	0.00484	0.15566	0.08221	0.01433	0.08539	0.08678	0.21572	0.12901	0.11133	0.00245	0.00418	0.05914	0.00361	0.00436
7	0.00556	0.00417	0.00530	0.00589	0.00647	0.00409	0.00411	0.00727	0.06918	0.01144	0.07003	0.60345	0.09444	0.01345	0.07236	0.00202	0.00313	0.01017	0.00379	0.00368
8	0.04025	0.29585	0.19302	0.00838	0.01192	0.01138	0.00849	0.09131	0.05440	0.10581	0.09658	0.01149	0.01006	0.00476	0.00403	0.00119	0.03897	0.00354	0.00284	0.00573

[dist]
# distance from previous block
# <min> <max>
2	4

[block]
# block no. 5 follows, 64 sequences, length 16
# corresponding to MSA columns:
# 263-278
name=unknown_F
#
# <colnr> <probs for GDERKNQSTAVLIFYWHMCP>
#	G	D	E	R	K	N	Q	S	T	A	V	L	I	F	Y	W	H	M	C	P
0	0.01083	0.00895	0.00999	0.00889	0.02867	0.01007	0.02157	0.19398	0.49120	0.01817	0.01634	0.08381	0.04721	0.00627	0.00455	0.00140	0.02266	0.00520	0.00402	0.00622
1	0.01075	0.01018	0.05291	0.15257	0.25015	0.03224	0.07387	0.20691	0.05688	0.01602	0.02110	0.07876	0.00888	0.00502	0.00429	0.00132	0.00490	0.00451	0.00282	0.00593
2	0.00987	0.01002	0.06633	0.09623	0.40555	0.02058	0.03533	0.03113	0.18964	0.01409	0.01006	0.01205	0.00806	0.00509	0.02074	0.02055	0.00484	0.01493	0.00258	0.02235
3	0.00767	0.00575	0.00802	0.05944	0.14016	0.00560	0.00593	0.04363	0.01060	0.06235	0.33903	0.10724	0.14085	0.03881	0.00529	0.00145	0.00300	0.00686	0.00377	0.00454
4	0.00834	0.00564	0.00676	0.00586	0.00787	0.00486	0.00448	0.04990	0.01006	0.11852	0.13063	0.19686	0.19458	0.00789	0.00439	0.00122	0.00271	0.00678	0.00378	0.22888
5	0.00679	0.00567	0.00573	0.00546	0.00672	0.07131	0.00406	0.00848	0.03405	0.03852	0.35170	0.07612	0.31755	0.04279	0.00544	0.00145	0.00265	0.00757	0.00400	0.00393
6	0.00894	0.00753	0.00928	0.00664	0.01034	0.00575	0.03731	0.01084	0.00875	0.03622	0.00767	0.00887	0.00627	0.00315	0.00318	0.00067	0.00325	0.00261	0.00252	0.82021
7	0.00915	0.00859	0.01402	0.11507	0.51144	0.00852	0.03502	0.01138	0.00907	0.01275	0.01077	0.01346	0.07305	0.04708	0.00495	0.00134	0.00459	0.00413	0.00225	0.10339
8	0.01076	0.05614	0.17613	0.01098	0.01463	0.05086	0.22404	0.09885	0.02733	0.10076	0.04632	0.05509	0.03540	0.00503	0.00428	0.00129	0.00511	0.01412	0.02272	0.04016
9	0.00802	0.00681	0.00657	0.00652	0.00724	0.14177	0.00462	0.00872	0.00785	0.04071	0.01362	0.14112	0.01458	0.30849	0.16758	0.03696	0.00565	0.06694	0.00277	0.00349
10	0.00784	0.00426	0.00646	0.00707	0.07202	0.00422	0.00440	0.00657	0.00600	0.03792	0.00782	0.01305	0.00758	0.04519	0.01500	0.74278	0.00373	0.00373	0.00197	0.00241
11	0.02054	0.00895	0.05339	0.00971	0.01238	0.02588	0.18725	0.17127	0.04970	0.03706	0.12606	0.11668	0.04590	0.00733	0.03627	0.00155	0.00458	0.02679	0.00337	0.05535
12	0.00927	0.04290	0.43966	0.05405	0.06962	0.00901	0.09818	0.01290	0.00916	0.06845	0.00930	0.01260	0.00739	0.00450	0.00412	0.00130	0.00547	0.06772	0.00227	0.07214
13	0.51548	0.03322	0.02503	0.00833	0.01108	0.13400	0.10469	0.05361	0.02625	0.01644	0.00667	0.00787	0.00522	0.00408	0.00355	0.00128	0.03296	0.00283	0.00250	0.00491
14	0.00979	0.07987	0.06434	0.01599	0.01999	0.01107	0.65992	0.01303	0.00944	0.01282	0.00797	0.01059	0.00612	0.00375	0.00519	0.00138	0.05664	0.00452	0.00204	0.00554
15	0.01153	0.07304	0.08207	0.03003	0.10540	0.07813	0.00834	0.16928	0.25818	0.03257	0.03257	0.01170	0.00910	0.00471	0.00394	0.00121	0.00440	0.00378	0.00323	0.07679

[dist]
# distance from previous block
# <min> <max>
0	3

[block]
# block no. 6 follows, 64 sequences, length 23
# corresponding to MSA columns:
# 282-304
name=unknown_G
#
# <colnr> <probs for GDERKNQSTAVLIFYWHMCP>
#	G	D	E	R	K	N	Q	S	T	A	V	L	I	F	Y	W	H	M	C	P
0	0.01387	0.01189	0.08582	0.03551	0.01345	0.01201	0.00844	0.57217	0.16473	0.02291	0.01093	0.01091	0.00788	0.00499	0.00415	0.00129	0.00451	0.00385	0.00388	0.00681
1	0.00853	0.00813	0.01121	0.00960	0.01014	0.01063	0.00789	0.00960	0.00666	0.01032	0.00664	0.01050	0.00646	0.03506	0.11899	0.00237	0.61248	0.00367	0.00197	0.10914
2	0.00584	0.00427	0.00556	0.00578	0.00668	0.00399	0.00449	0.00749	0.01038	0.01409	0.42042	0.16625	0.12020	0.01014	0.00516	0.00152	0.00249	0.19728	0.00420	0.00376
3	0.00663	0.00460	0.00565	0.00554	0.00668	0.00432	0.00418	0.00853	0.04812	0.06382	0.30842	0.12023	0.22752	0.05901	0.04033	0.00180	0.00286	0.07372	0.00406	0.00398
4	0.01106	0.35951	0.11061	0.05833	0.01321	0.05873	0.04128	0.06993	0.15088	0.04114	0.00921	0.02990	0.00748	0.00448	0.00371	0.00116	0.01773	0.00340	0.00257	0.00570
5	0.00717	0.00539	0.00614	0.00604	0.00686	0.05779	0.00440	0.00819	0.00798	0.05588	0.07175	0.07777	0.09215	0.25144	0.27213	0.00381	0.00602	0.05248	0.00298	0.00362
6	0.00844	0.00720	0.00849	0.00619	0.00969	0.00552	0.00494	0.01026	0.00849	0.01329	0.00762	0.00911	0.00642	0.00487	0.05649	0.00100	0.00359	0.00259	0.00245	0.82337
7	0.03938	0.10614	0.10072	0.02588	0.22566	0.06078	0.07025	0.03333	0.00983	0.01337	0.12133	0.07191	0.06276	0.00576	0.00421	0.00129	0.00448	0.03495	0.00271	0.00525
8	0.01026	0.02262	0.03288	0.00692	0.00933	0.01857	0.00561	0.06287	0.09895	0.16788	0.11320	0.06120	0.02827	0.04813	0.09787	0.00189	0.00421	0.00476	0.00356	0.20100
9	0.00569	0.00431	0.00550	0.00535	0.00631	0.00396	0.01927	0.00714	0.01006	0.01359	0.42149	0.12110	0.21331	0.08923	0.02407	0.00176	0.00259	0.03759	0.00401	0.00366
10	0.01018	0.09477	0.03393	0.06976	0.10435	0.00981	0.02367	0.09037	0.11464	0.03396	0.00896	0.02171	0.00729	0.00453	0.00492	0.00115	0.10957	0.00346	0.00267	0.25028
11	0.03490	0.00886	0.03849	0.22048	0.04834	0.00883	0.25352	0.03214	0.00927	0.06279	0.04383	0.01253	0.02521	0.00613	0.05813	0.00166	0.05004	0.00424	0.00244	0.07817
12	0.01197	0.12387	0.20063	0.01406	0.21494	0.11756	0.03915	0.17929	0.01163	0.03703	0.00799	0.00918	0.00615	0.00411	0.00388	0.00120	0.00543	0.00330	0.00248	0.00617
13	0.01112	0.40985	0.06576	0.00981	0.04597	0.09647	0.07494	0.07087	0.00951	0.02379	0.00712	0.00872	0.00608	0.00632	0.07233	0.00156	0.06928	0.00303	0.00211	0.00536
14	0.00533	0.00401	0.00485	0.00506	0.00586	0.00363	0.00358	0.00649	0.00947	0.01252	0.27873	0.30077	0.26864	0.06436	0.00607	0.00163	0.00228	0.00919	0.00399	0.00353
15	0.00914	0.00870	0.01480	0.40883	0.45369	0.00957	0.01218	0.01175	0.00892	0.01219	0.00761	0.01065	0.00609	0.00391	0.00413	0.00130	0.00522	0.00370	0.00196	0.00566
16	0.00522	0.00376	0.00495	0.00563	0.00605	0.00349	0.00385	0.00621	0.00877	0.01186	0.18754	0.66249	0.05070	0.01202	0.00521	0.00160	0.00231	0.01085	0.00400	0.00349
17	0.00773	0.00465	0.00607	0.00552	0.00683	0.00421	0.00421	0.00955	0.01151	0.13988	0.63107	0.05903	0.07695	0.00826	0.00480	0.00132	0.00222	0.00723	0.00459	0.00436
18	0.22024	0.00772	0.00898	0.00716	0.01016	0.00760	0.00588	0.06932	0.07018	0.53005	0.01353	0.01224	0.00890	0.00487	0.00380	0.00129	0.00351	0.00374	0.00441	0.00643
19	0.01050	0.27867	0.07602	0.03404	0.24923	0.01176	0.04022	0.01461	0.17082	0.04125	0.01004	0.01093	0.02613	0.00427	0.00372	0.00118	0.00452	0.00356	0.00252	0.00601
20	0.00671	0.13273	0.05789	0.04112	0.00849	0.02432	0.00519	0.02385	0.00948	0.01175	0.09562	0.13094	0.41961	0.00871	0.00449	0.00134	0.00303	0.00727	0.00336	0.00410
21	0.00976	0.22769	0.13316	0.07945	0.26578	0.01052	0.00990	0.01241	0.02809	0.04101	0.09449	0.01158	0.00970	0.00431	0.00376	0.00115	0.00454	0.00362	0.00237	0.04672
22	0.01095	0.59918	0.14289	0.00856	0.03322	0.07965	0.00848	0.03097	0.00906	0.01083	0.00723	0.00813	0.02798	0.00390	0.00308	0.00100	0.00489	0.00264	0.00192	0.00543

[dist]
# distance from previous block
# <min> <max>
0	6

[block]
# block no. 7 follows, 64 sequences, length 15
# corresponding to MSA columns:
# 311-325
name=unknown_H
#
# <colnr> <probs for GDERKNQSTAVLIFYWHMCP>
#	G	D	E	R	K	N	Q	S	T	A	V	L	I	F	Y	W	H	M	C	P
0	0.01094	0.18137	0.05234	0.00996	0.05753	0.08262	0.08143	0.09511	0.15598	0.01435	0.00904	0.00984	0.00717	0.00411	0.00381	0.00108	0.01885	0.00330	0.00268	0.19848
1	0.79628	0.00858	0.03211	0.00656	0.03012	0.00944	0.02281	0.01223	0.00723	0.01804	0.00594	0.00705	0.00464	0.00392	0.00294	0.00130	0.02129	0.00240	0.00251	0.00463
2	0.01032	0.03048	0.09751	0.02918	0.18272	0.06641	0.12219	0.05052	0.13875	0.05949	0.06975	0.07261	0.01145	0.00536	0.00457	0.00134	0.02563	0.01302	0.00296	0.00576
3	0.00842	0.06053	0.08156	0.00831	0.06340	0.00777	0.00656	0.06245	0.21849	0.02437	0.12596	0.08028	0.15444	0.03607	0.03036	0.00161	0.00363	0.01712	0.00355	0.00513
4	0.01087	0.01014	0.03934	0.11779	0.38737	0.03817	0.01048	0.17006	0.08299	0.01561	0.00917	0.01107	0.00728	0.00617	0.06389	0.00166	0.00536	0.00379	0.00264	0.00616
5	0.00908	0.14614	0.05146	0.00892	0.04662	0.00984	0.02948	0.02462	0.31517	0.01332	0.02326	0.01373	0.01018	0.02646	0.22254	0.00274	0.03395	0.00413	0.00292	0.00541
6	0.00568	0.00422	0.00525	0.00508	0.00608	0.00384	0.00378	0.00735	0.01092	0.01496	0.59352	0.06094	0.19663	0.03731	0.00548	0.00144	0.00212	0.02731	0.00432	0.00377
7	0.01404	0.00606	0.00813	0.00658	0.00901	0.00531	0.00529	0.01574	0.01175	0.53993	0.27418	0.02053	0.05208	0.00642	0.00444	0.00130	0.00298	0.00542	0.00491	0.00593
8	0.01086	0.00538	0.00696	0.00592	0.00788	0.00473	0.00467	0.01252	0.01140	0.34505	0.35764	0.02580	0.16895	0.00750	0.00461	0.00132	0.00262	0.00639	0.00467	0.00512
9	0.01032	0.29372	0.16491	0.19317	0.05546	0.07046	0.01006	0.01262	0.00872	0.05071	0.00706	0.00885	0.00568	0.00426	0.00452	0.00121	0.08788	0.00304	0.00199	0.00535
10	0.02827	0.41538	0.16345	0.00986	0.07245	0.11361	0.00902	0.05575	0.00981	0.07684	0.00737	0.00817	0.00588	0.00393	0.00333	0.00107	0.00506	0.00277	0.00224	0.00572
11	0.00544	0.00409	0.00504	0.00509	0.00601	0.00369	0.00371	0.00688	0.01029	0.01386	0.43886	0.22318	0.23856	0.01006	0.00499	0.00142	0.00210	0.00883	0.00422	0.00369
12	0.00763	0.03015	0.26351	0.00821	0.03001	0.00682	0.00813	0.03818	0.05231	0.02769	0.41204	0.02195	0.03801	0.00667	0.00449	0.00132	0.00363	0.03075	0.00351	0.00498
13	0.00615	0.00432	0.00557	0.00563	0.00598	0.00441	0.02142	0.00680	0.00699	0.00958	0.01518	0.16532	0.01698	0.47202	0.09723	0.00344	0.02040	0.08417	0.04532	0.00308
14	0.11176	0.02381	0.04282	0.26292	0.33845	0.03114	0.01045	0.04314	0.00936	0.01370	0.04802	0.01161	0.02693	0.00432	0.00396	0.00129	0.00479	0.00376	0.00229	0.00549

[dist]
# distance from previous block
# <min> <max>
0	1

[block]
# block no. 8 follows, 64 sequences, length 20
# corresponding to MSA columns:
# 327-346
name=unknown_I
#
# <colnr> <probs for GDERKNQSTAVLIFYWHMCP>
#	G	D	E	R	K	N	Q	S	T	A	V	L	I	F	Y	W	H	M	C	P
0	0.56737	0.09909	0.10861	0.00733	0.04464	0.00978	0.00648	0.01221	0.00766	0.01635	0.00622	0.00731	0.00492	0.00376	0.00286	0.00118	0.00376	0.00243	0.00236	0.08568
1	0.02214	0.01313	0.22637	0.02767	0.22113	0.02550	0.03495	0.18626	0.11241	0.03873	0.00949	0.01045	0.00711	0.00431	0.00405	0.00126	0.00494	0.00363	0.00281	0.04367
2	0.00616	0.00602	0.08295	0.00715	0.00839	0.00560	0.00613	0.00795	0.00687	0.00997	0.01079	0.01562	0.00991	0.02864	0.76057	0.00618	0.01067	0.00432	0.00218	0.00393
3	0.00607	0.00431	0.00626	0.00626	0.00683	0.00488	0.00467	0.00704	0.00647	0.00919	0.01103	0.01748	0.01074	0.14363	0.64698	0.08856	0.00943	0.00459	0.00223	0.00336
4	0.01111	0.85652	0.02177	0.00711	0.01066	0.01644	0.00711	0.01244	0.00844	0.00977	0.00577	0.00666	0.00533	0.00355	0.00267	0.00089	0.00444	0.00222	0.00178	0.00533
5	0.01140	0.20279	0.33243	0.01061	0.05660	0.01130	0.03240	0.15867	0.01099	0.09045	0.00840	0.00915	0.00620	0.00410	0.00372	0.00118	0.00508	0.00316	0.00256	0.03879
6	0.03592	0.29296	0.02389	0.20893	0.03014	0.15862	0.00795	0.01220	0.00913	0.04769	0.03196	0.08714	0.00866	0.00516	0.00392	0.01978	0.00493	0.00385	0.00231	0.00486
7	0.00695	0.00523	0.00729	0.02500	0.00824	0.00604	0.00546	0.08195	0.00785	0.01108	0.01098	0.01627	0.01022	0.08694	0.66913	0.00578	0.02475	0.00447	0.00241	0.00397
8	0.01103	0.01156	0.01547	0.06455	0.57119	0.17450	0.03444	0.01322	0.00977	0.01259	0.00765	0.01001	0.00641	0.00482	0.03401	0.00141	0.00576	0.00356	0.00207	0.00599
9	0.00987	0.00956	0.01633	0.14405	0.54882	0.00988	0.09699	0.01335	0.08424	0.01346	0.00865	0.01098	0.00696	0.00393	0.00421	0.00129	0.00509	0.00392	0.00223	0.00618
10	0.00705	0.00535	0.02208	0.04908	0.03505	0.00547	0.00575	0.00801	0.00835	0.02267	0.15466	0.05762	0.04069	0.11279	0.00987	0.16106	0.08137	0.20642	0.00307	0.00357
11	0.00595	0.00430	0.00580	0.00666	0.00738	0.00415	0.00533	0.00737	0.00903	0.01180	0.04767	0.34024	0.08118	0.01188	0.00550	0.00178	0.00313	0.43336	0.00386	0.00364
12	0.00876	0.00757	0.00942	0.10377	0.03898	0.00629	0.00602	0.03042	0.00888	0.01351	0.00746	0.00899	0.00612	0.00327	0.00326	0.00074	0.00346	0.00268	0.00242	0.72800
13	0.00689	0.00643	0.04414	0.25769	0.08013	0.00674	0.00784	0.00890	0.00779	0.01068	0.04260	0.03841	0.04255	0.05579	0.36099	0.00376	0.00747	0.00467	0.00229	0.00425
14	0.00784	0.00738	0.01246	0.84404	0.02861	0.00923	0.01154	0.01061	0.00831	0.01061	0.00738	0.01107	0.00554	0.00415	0.00415	0.00138	0.00554	0.00369	0.00185	0.00461
15	0.00738	0.00524	0.00720	0.08816	0.04042	0.00558	0.03706	0.03281	0.02427	0.01243	0.05696	0.01882	0.01256	0.20717	0.15810	0.00283	0.00489	0.01917	0.25502	0.00392
16	0.00684	0.00449	0.00564	0.00529	0.00654	0.00403	0.00403	0.00852	0.01108	0.09036	0.53215	0.06337	0.20407	0.00887	0.00487	0.00136	0.00220	0.02777	0.00443	0.00410
17	0.01105	0.00880	0.01300	0.06062	0.41322	0.01850	0.00953	0.11832	0.04218	0.09991	0.07462	0.01390	0.02338	0.04391	0.02960	0.00155	0.00460	0.00429	0.00298	0.00604
18	0.36786	0.00844	0.00843	0.00761	0.00903	0.08087	0.00615	0.01084	0.00720	0.01347	0.00707	0.00977	0.00627	0.01149	0.21123	0.00273	0.22174	0.00318	0.00226	0.00434
19	0.01057	0.20607	0.06133	0.04317	0.04430	0.11473	0.18363	0.03109	0.00894	0.01143	0.00696	0.00961	0.00601	0.00483	0.00640	0.00134	0.22424	0.01814	0.00201	0.00520

[dist]
# distance from previous block
# <min> <max>
1	2

[block]
# block no. 9 follows, 64 sequences, length 9
# corresponding to MSA columns:
# 350-358
name=unknown_J
#
# <colnr> <probs for GDERKNQSTAVLIFYWHMCP>
#	G	D	E	R	K	N	Q	S	T	A	V	L	I	F	Y	W	H	M	C	P
0	0.00658	0.00454	0.00560	0.00579	0.00683	0.00432	0.00428	0.00831	0.05885	0.07424	0.04568	0.35687	0.25293	0.01285	0.08762	0.00206	0.00339	0.05146	0.00383	0.00396
1	0.00700	0.00840	0.17073	0.02524	0.01023	0.00594	0.05644	0.00929	0.00991	0.04151	0.31584	0.12960	0.13634	0.00788	0.00515	0.00140	0.04430	0.00682	0.00350	0.00449
2	0.00514	0.00416	0.00448	0.00450	0.00566	0.00359	0.00328	0.00623	0.00947	0.01178	0.15604	0.09997	0.59430	0.06558	0.00600	0.00158	0.00223	0.00863	0.00388	0.00349
3	0.00861	0.00738	0.00861	0.00615	0.00984	0.00554	0.00492	0.01046	0.00861	0.01354	0.00738	0.00861	0.00615	0.00308	0.00308	0.00062	0.00308	0.00246	0.00246	0.87941
4	0.00711	0.00368	0.00552	0.00552	0.00558	0.00374	0.00374	0.00558	0.00552	0.00742	0.00754	0.01293	0.00748	0.01582	0.08439	0.80675	0.00423	0.00368	0.00184	0.00196
5	0.00861	0.00738	0.00861	0.00615	0.00984	0.00554	0.00492	0.01046	0.00861	0.01354	0.00738	0.00861	0.00615	0.00308	0.00308	0.00062	0.00308	0.00246	0.00246	0.87941
6	0.01005	0.03985	0.12999	0.23751	0.19764	0.05549	0.04873	0.01413	0.12588	0.06341	0.03081	0.01158	0.00795	0.00437	0.00411	0.00130	0.00509	0.00383	0.00252	0.00576
7	0.00844	0.00718	0.00837	0.00625	0.00960	0.00564	0.00493	0.01075	0.05417	0.01353	0.00911	0.07360	0.00815	0.00398	0.00331	0.00074	0.00304	0.00330	0.00267	0.76323
8	0.01081	0.12912	0.27393	0.02603	0.06004	0.07289	0.08275	0.01375	0.02431	0.12799	0.00963	0.06155	0.00774	0.00455	0.00390	0.00120	0.00511	0.00381	0.00255	0.07834

[dist]
# distance from previous block
# <min> <max>
3	13

[block]
# block no. 10 follows, 64 sequences, length 29
# corresponding to MSA columns:
# 372-400
name=unknown_K
#
# <colnr> <probs for GDERKNQSTAVLIFYWHMCP>
#	G	D	E	R	K	N	Q	S	T	A	V	L	I	F	Y	W	H	M	C	P
0	0.01068	0.56845	0.13597	0.00823	0.01190	0.05365	0.02332	0.03150	0.03194	0.01109	0.00769	0.00858	0.03161	0.00404	0.00337	0.00102	0.02527	0.00277	0.00201	0.02694
1	0.44206	0.20780	0.01025	0.00617	0.00879	0.01048	0.00532	0.07946	0.02403	0.02987	0.02741	0.00901	0.00677	0.00503	0.03000	0.00134	0.00373	0.00280	0.08480	0.00489
2	0.08294	0.06828	0.25333	0.03023	0.03960	0.04374	0.02608	0.03277	0.03885	0.18429	0.04072	0.02452	0.00851	0.00556	0.03359	0.00144	0.02527	0.00365	0.00291	0.05374
3	0.02725	0.00499	0.03193	0.04691	0.00752	0.02494	0.00455	0.00679	0.00760	0.01028	0.01805	0.53242	0.02097	0.15710	0.04936	0.03006	0.00357	0.00906	0.00324	0.00341
4	0.08732	0.00879	0.00976	0.00777	0.01063	0.00921	0.00634	0.34775	0.07767	0.25972	0.01344	0.01287	0.03520	0.00515	0.00394	0.00125	0.00372	0.00400	0.08907	0.00639
5	0.01074	0.00883	0.00940	0.00840	0.01079	0.01012	0.00655	0.02198	0.78105	0.05717	0.01688	0.01543	0.01256	0.00561	0.00422	0.00140	0.00330	0.00467	0.00427	0.00660
6	0.02680	0.11812	0.14997	0.04353	0.06730	0.03657	0.00863	0.18167	0.04779	0.05352	0.00853	0.00939	0.00652	0.00408	0.00375	0.00108	0.01405	0.00313	0.00275	0.21282
7	0.05437	0.01084	0.19882	0.07850	0.01390	0.00768	0.05452	0.05978	0.00982	0.12432	0.05227	0.01110	0.00828	0.00477	0.02331	0.00123	0.00450	0.00345	0.00280	0.27575
8	0.03771	0.14485	0.31805	0.01010	0.02565	0.06605	0.05723	0.05971	0.06214	0.06840	0.03220	0.04554	0.00843	0.00477	0.00400	0.00125	0.01419	0.01602	0.00257	0.02115
9	0.00802	0.03352	0.04776	0.00684	0.02381	0.03293	0.00547	0.01072	0.08500	0.08341	0.37640	0.06908	0.12223	0.00850	0.03162	0.00152	0.03815	0.00648	0.00392	0.00460
10	0.01422	0.00639	0.00843	0.00688	0.00937	0.00581	0.00555	0.01673	0.07632	0.52505	0.23932	0.01957	0.01871	0.00623	0.00441	0.00131	0.00309	0.02161	0.00488	0.00610
11	0.00769	0.03536	0.09660	0.38829	0.06435	0.00826	0.00955	0.01026	0.03038	0.01135	0.04445	0.10572	0.01125	0.06553	0.00599	0.00162	0.04590	0.05046	0.00240	0.00460
12	0.00826	0.04924	0.59206	0.01140	0.04166	0.00921	0.05027	0.01259	0.03868	0.01307	0.04585	0.04932	0.00844	0.00592	0.04483	0.00158	0.00585	0.00387	0.00212	0.00577
13	0.00901	0.00915	0.01726	0.39836	0.20677	0.00978	0.26494	0.01194	0.00904	0.01213	0.00780	0.01094	0.00601	0.00385	0.00438	0.00136	0.00586	0.00408	0.00197	0.00537
14	0.01111	0.00931	0.00983	0.00861	0.01110	0.01069	0.00676	0.13447	0.70695	0.01862	0.01592	0.01471	0.01188	0.00554	0.00422	0.00139	0.00347	0.00456	0.00422	0.00664
15	0.00636	0.00470	0.00615	0.00596	0.00621	0.00534	0.00415	0.00691	0.00627	0.00878	0.01147	0.02123	0.01229	0.46553	0.29560	0.02622	0.09621	0.00519	0.00233	0.00312
16	0.00744	0.02521	0.24249	0.00728	0.00930	0.00620	0.00699	0.00916	0.06245	0.01011	0.02305	0.01598	0.00976	0.23979	0.03548	0.27451	0.00462	0.00425	0.00221	0.00372
17	0.00679	0.02657	0.02857	0.00568	0.00733	0.00481	0.00441	0.00861	0.03206	0.03016	0.32304	0.14319	0.10378	0.08062	0.00589	0.00146	0.00268	0.00675	0.00367	0.17395
18	0.01097	0.20797	0.12105	0.01101	0.03030	0.10077	0.18103	0.10410	0.07568	0.01400	0.03542	0.01167	0.00824	0.00448	0.00396	0.00121	0.00532	0.03668	0.00255	0.03360
19	0.01451	0.01100	0.01175	0.00930	0.01239	0.01228	0.00759	0.62855	0.20733	0.02411	0.01160	0.01127	0.00838	0.00514	0.00417	0.00128	0.00427	0.00396	0.00417	0.00695
20	0.00637	0.00439	0.00503	0.00495	0.00626	0.00381	0.00368	0.00752	0.00961	0.09029	0.11558	0.18034	0.50919	0.01066	0.02178	0.00154	0.00246	0.00865	0.00402	0.00387
21	0.05269	0.00561	0.00711	0.00613	0.00794	0.00520	0.00474	0.03834	0.01100	0.30836	0.32106	0.08713	0.04233	0.06171	0.00577	0.01642	0.00287	0.00615	0.00441	0.00500
22	0.00982	0.01013	0.08355	0.16562	0.41752	0.00953	0.05040	0.09713	0.01021	0.01415	0.02819	0.02792	0.02219	0.03016	0.00472	0.00137	0.00501	0.00411	0.00236	0.00590
23	0.03826	0.03707	0.01112	0.03582	0.01205	0.19239	0.01659	0.32903	0.04555	0.01770	0.00927	0.03318	0.00748	0.02741	0.00426	0.00119	0.00479	0.00356	0.03215	0.14114
24	0.07069	0.13935	0.08269	0.00710	0.01066	0.00850	0.00640	0.07529	0.03870	0.02768	0.00849	0.04986	0.00725	0.00404	0.00331	0.00091	0.00366	0.00313	0.00261	0.44967
25	0.00589	0.00475	0.00562	0.00541	0.00668	0.00437	0.02546	0.03172	0.04115	0.01266	0.16101	0.13905	0.44609	0.05133	0.00574	0.00157	0.00254	0.04128	0.00388	0.00380
26	0.00885	0.00752	0.00874	0.00627	0.00994	0.00578	0.00502	0.03714	0.00898	0.01395	0.00747	0.00866	0.00618	0.00314	0.00311	0.00064	0.00313	0.00250	0.00252	0.85046
27	0.01089	0.02391	0.14119	0.04827	0.18604	0.04956	0.13066	0.09958	0.02176	0.09847	0.03685	0.01341	0.07356	0.00473	0.00422	0.00126	0.00497	0.00425	0.00282	0.04359
28	0.29627	0.19831	0.06991	0.00848	0.04645	0.03521	0.04432	0.05513	0.00952	0.18819	0.00859	0.00898	0.00629	0.00411	0.00332	0.00119	0.00421	0.00298	0.00291	0.00562

[dist]
# distance from previous block
# <min> <max>
1	4

[block]
# block no. 11 follows, 64 sequences, length 8
# corresponding to MSA columns:
# 405-411,414
name=unknown_L
#
# <colnr> <probs for GDERKNQSTAVLIFYWHMCP>
#	G	D	E	R	K	N	Q	S	T	A	V	L	I	F	Y	W	H	M	C	P
0	0.01170	0.06487	0.10696	0.01122	0.01473	0.05614	0.19208	0.21952	0.24639	0.01735	0.01088	0.01137	0.00811	0.00459	0.00421	0.00130	0.00508	0.00405	0.00318	0.00626
1	0.00525	0.00401	0.00478	0.00520	0.00601	0.00361	0.00374	0.00627	0.00894	0.01144	0.10710	0.36190	0.33585	0.04982	0.00587	0.00166	0.00243	0.06879	0.00386	0.00347
2	0.00812	0.00756	0.01211	0.75027	0.02661	0.00935	0.01098	0.01190	0.09946	0.01137	0.00845	0.01157	0.00634	0.00432	0.00416	0.00139	0.00528	0.00380	0.00211	0.00483
3	0.01401	0.10671	0.01294	0.01072	0.04415	0.60764	0.00806	0.01550	0.03553	0.01056	0.00668	0.00791	0.00565	0.00441	0.00438	0.00111	0.06942	0.00279	0.00215	0.02969
4	0.00815	0.00697	0.00864	0.00736	0.06173	0.00576	0.00536	0.01000	0.00915	0.01387	0.15117	0.01359	0.03658	0.00445	0.00393	0.00085	0.03642	0.00366	0.00282	0.60954
5	0.00839	0.00816	0.00956	0.03106	0.10266	0.11593	0.00708	0.01014	0.04505	0.01081	0.01266	0.14396	0.05482	0.02978	0.21467	0.00284	0.18010	0.00536	0.00254	0.00442
6	0.01492	0.01102	0.01141	0.00925	0.01199	0.10356	0.00759	0.47387	0.01570	0.14747	0.01144	0.01382	0.00888	0.00569	0.00485	0.00133	0.05705	0.07989	0.00391	0.00635
7	0.00998	0.00946	0.01599	0.20292	0.58518	0.00989	0.04316	0.04916	0.00968	0.01349	0.00784	0.01048	0.00636	0.00385	0.00415	0.00127	0.00513	0.00375	0.00211	0.00614

[dist]
# distance from previous block
# <min> <max>
2	9

[block]
# block no. 12 follows, 64 sequences, length 20
# corresponding to MSA columns:
# 424-432,434-444
name=unknown_M
#
# <colnr> <probs for GDERKNQSTAVLIFYWHMCP>
#	G	D	E	R	K	N	Q	S	T	A	V	L	I	F	Y	W	H	M	C	P
0	0.28777	0.00865	0.02319	0.15693	0.20421	0.00913	0.07942	0.01202	0.01905	0.02508	0.00740	0.00952	0.00590	0.00491	0.03470	0.00146	0.02609	0.00327	0.00229	0.07900
1	0.00825	0.02452	0.02659	0.08312	0.11328	0.00761	0.04513	0.01290	0.22342	0.02704	0.21466	0.06485	0.03745	0.00869	0.08222	0.00185	0.00428	0.00557	0.00343	0.00515
2	0.00517	0.00376	0.00485	0.00556	0.00597	0.00352	0.00377	0.00598	0.00813	0.01077	0.06187	0.64983	0.10883	0.05947	0.03993	0.00197	0.00280	0.01068	0.00375	0.00338
3	0.02680	0.03525	0.01118	0.04083	0.07032	0.02776	0.00754	0.22212	0.47398	0.01874	0.01340	0.01298	0.01004	0.00516	0.00411	0.00133	0.00393	0.00419	0.00382	0.00652
4	0.11400	0.04478	0.16123	0.01245	0.21239	0.04245	0.00923	0.04117	0.03297	0.17141	0.01022	0.02200	0.02392	0.00437	0.00379	0.00121	0.00446	0.00354	0.00288	0.08155
5	0.03680	0.00824	0.03690	0.17420	0.17436	0.00842	0.01888	0.11987	0.02563	0.06723	0.04666	0.10291	0.03602	0.01657	0.02020	0.00149	0.03861	0.02636	0.00296	0.03771
6	0.01029	0.50304	0.17250	0.01043	0.01461	0.01378	0.19826	0.01277	0.00882	0.01123	0.00670	0.00812	0.00555	0.00361	0.00343	0.00109	0.00536	0.00301	0.00185	0.00554
7	0.00717	0.00452	0.00550	0.00532	0.00663	0.00398	0.00400	0.00848	0.01007	0.12829	0.22940	0.19942	0.33062	0.00979	0.00491	0.00143	0.00238	0.02977	0.00422	0.00409
8	0.02984	0.05524	0.03976	0.17079	0.20395	0.00908	0.02556	0.06353	0.03525	0.22715	0.01091	0.01204	0.02168	0.00583	0.04382	0.00155	0.03117	0.00387	0.00304	0.00597
9	0.00874	0.00858	0.03923	0.28242	0.41737	0.00883	0.01122	0.01115	0.00887	0.01221	0.00976	0.09865	0.00905	0.00519	0.00446	0.00137	0.01834	0.03688	0.00223	0.00547
10	0.00553	0.00396	0.00517	0.00595	0.00634	0.00378	0.00409	0.03250	0.00849	0.01134	0.04785	0.74332	0.02676	0.02974	0.00560	0.00172	0.00257	0.04790	0.00386	0.00352
11	0.00979	0.00935	0.00955	0.00880	0.03482	0.15216	0.04511	0.05233	0.25798	0.01541	0.24693	0.02050	0.04079	0.00656	0.00464	0.00135	0.01866	0.05638	0.00371	0.00519
12	0.12860	0.00801	0.02923	0.00785	0.04069	0.00717	0.00626	0.05531	0.04916	0.45043	0.01256	0.01177	0.00848	0.00454	0.00376	0.00117	0.00356	0.00358	0.00404	0.16384
13	0.00861	0.00738	0.00861	0.00615	0.00984	0.00554	0.00492	0.01046	0.00861	0.01354	0.00738	0.00861	0.00615	0.00308	0.00308	0.00062	0.00308	0.00246	0.00246	0.87941
14	0.03750	0.03984	0.21399	0.02802	0.25523	0.04056	0.08706	0.07524	0.08332	0.04229	0.03443	0.01088	0.00779	0.00423	0.00406	0.00127	0.00511	0.00373	0.00254	0.02291
15	0.00674	0.00497	0.00669	0.00727	0.00850	0.00476	0.00628	0.00858	0.00947	0.01244	0.02212	0.04294	0.07976	0.01065	0.00544	0.00176	0.00363	0.67208	0.00371	0.08220
16	0.00834	0.00709	0.00824	0.00600	0.00941	0.00538	0.00473	0.01006	0.00850	0.01315	0.00890	0.01072	0.03503	0.05007	0.00413	0.00083	0.00309	0.00288	0.00251	0.80093
17	0.00553	0.00390	0.00504	0.00568	0.00623	0.00366	0.00396	0.00641	0.00819	0.03324	0.02451	0.60635	0.14684	0.02876	0.07134	0.00207	0.00314	0.02790	0.00374	0.00352
18	0.01222	0.00970	0.01046	0.00856	0.01146	0.01055	0.00689	0.34339	0.35809	0.02030	0.01289	0.01315	0.00979	0.00517	0.00408	0.00125	0.00380	0.02593	0.00394	0.12839
19	0.02211	0.10846	0.33326	0.01141	0.13663	0.00914	0.01041	0.01270	0.04382	0.05025	0.02549	0.01176	0.06237	0.00438	0.00378	0.00115	0.00465	0.00355	0.00238	0.14230

[dist]
# distance from previous block
# <min> <max>
0	1

[block]
# block no. 13 follows, 64 sequences, length 9
# corresponding to MSA columns:
# 446-454
name=unknown_N
#
# <colnr> <probs for GDERKNQSTAVLIFYWHMCP>
#	G	D	E	R	K	N	Q	S	T	A	V	L	I	F	Y	W	H	M	C	P
0	0.00940	0.00959	0.05181	0.11694	0.41896	0.00931	0.12147	0.01293	0.08699	0.01334	0.01027	0.04354	0.00896	0.00482	0.00439	0.00136	0.00502	0.06259	0.00243	0.00588
1	0.00948	0.00942	0.04312	0.13732	0.54837	0.00917	0.02786	0.01226	0.03539	0.01310	0.00883	0.05547	0.00767	0.00429	0.00413	0.00125	0.00480	0.00409	0.00221	0.06178
2	0.01354	0.00908	0.09022	0.02892	0.11884	0.00747	0.08271	0.04323	0.03597	0.40378	0.01628	0.01571	0.10439	0.00531	0.00430	0.00131	0.00419	0.00460	0.00385	0.00629
3	0.03112	0.00487	0.00691	0.08096	0.00891	0.00551	0.00536	0.00779	0.00706	0.03089	0.01246	0.12722	0.01271	0.12755	0.37685	0.06714	0.04439	0.03617	0.00254	0.00361
4	0.00658	0.00509	0.00716	0.08829	0.11537	0.00499	0.00552	0.00773	0.00851	0.03481	0.05999	0.31376	0.18681	0.10020	0.00695	0.02978	0.00320	0.00803	0.00329	0.00393
5	0.01424	0.03704	0.11913	0.07447	0.13863	0.06924	0.03719	0.07265	0.01119	0.36717	0.01145	0.01151	0.00783	0.00451	0.00408	0.00126	0.00475	0.00375	0.00348	0.00642
6	0.00986	0.07764	0.41160	0.06712	0.14911	0.01037	0.10280	0.07182	0.00983	0.03984	0.00796	0.00954	0.00591	0.00396	0.00402	0.00128	0.00568	0.00344	0.00213	0.00609
7	0.00946	0.00940	0.04822	0.18769	0.29397	0.03956	0.06209	0.08300	0.01012	0.01369	0.03685	0.06669	0.05558	0.00503	0.00424	0.00128	0.00477	0.00457	0.00252	0.06128
8	0.01068	0.04183	0.23637	0.04094	0.16046	0.00951	0.20201	0.04704	0.03363	0.12052	0.02866	0.03214	0.00804	0.00437	0.00427	0.00131	0.00538	0.00415	0.00263	0.00606

[dist]
# distance from previous block
# <min> <max>
2	14

[block]
# block no. 14 follows, 64 sequences, length 9
# corresponding to MSA columns:
# 470-478
name=unknown_O
#
# <colnr> <probs for GDERKNQSTAVLIFYWHMCP>
#	G	D	E	R	K	N	Q	S	T	A	V	L	I	F	Y	W	H	M	C	P
0	0.00848	0.06096	0.03389	0.12434	0.26619	0.00785	0.00847	0.01078	0.03442	0.03265	0.02614	0.08399	0.11209	0.00738	0.05732	0.00160	0.00451	0.02050	0.00264	0.09581
1	0.00937	0.00922	0.05784	0.10331	0.13028	0.03076	0.08893	0.02793	0.12584	0.03323	0.02342	0.03243	0.00851	0.00623	0.06204	0.00154	0.02047	0.00392	0.00264	0.22209
2	0.01086	0.01177	0.18337	0.02678	0.18768	0.06189	0.04840	0.04533	0.07132	0.12294	0.04661	0.03278	0.01962	0.00477	0.00411	0.00124	0.00470	0.01805	0.00290	0.09489
3	0.00552	0.00419	0.00515	0.00551	0.00637	0.00374	0.00395	0.00655	0.00863	0.01138	0.07608	0.44845	0.20909	0.04855	0.00575	0.00164	0.00255	0.07301	0.00373	0.07016
4	0.01172	0.01026	0.05299	0.01003	0.06321	0.01054	0.02621	0.28865	0.35440	0.01928	0.01308	0.05319	0.01023	0.00538	0.00419	0.00131	0.00400	0.00446	0.00378	0.05308
5	0.01073	0.23939	0.17005	0.00979	0.06392	0.03464	0.05217	0.07953	0.00998	0.06663	0.02524	0.02563	0.00722	0.00407	0.00356	0.00105	0.00460	0.00323	0.00248	0.18611
6	0.05384	0.13160	0.58645	0.01147	0.04448	0.01047	0.05172	0.01324	0.00882	0.04060	0.00750	0.00873	0.00550	0.00390	0.00376	0.00126	0.00567	0.00306	0.00194	0.00597
7	0.00827	0.23098	0.11367	0.00713	0.00968	0.00875	0.00678	0.01135	0.09943	0.02956	0.17207	0.02277	0.13547	0.00734	0.01997	0.00140	0.00374	0.10358	0.00322	0.00485
8	0.00861	0.00954	0.12459	0.04003	0.28769	0.00777	0.10886	0.01114	0.00945	0.04069	0.05390	0.09318	0.08290	0.00632	0.00459	0.00141	0.00458	0.09663	0.00276	0.00536

[dist]
# distance from previous block
# <min> <max>
0	8

[block]
# block no. 15 follows, 64 sequences, length 13
# corresponding to MSA columns:
# 487-499
name=unknown_P
#
# <colnr> <probs for GDERKNQSTAVLIFYWHMCP>
#	G	D	E	R	K	N	Q	S	T	A	V	L	I	F	Y	W	H	M	C	P
