[name]
unknown

[dist]
# distance from previous block
# <min> <max>
0	97

[block]
# block no. 0 follows, 73 sequences, length 46
# corresponding to MSA columns:
# 102-147
name=unknown_A
#
# <colnr> <probs for GDERKNQSTAVLIFYWHMCP>
#	G	D	E	R	K	N	Q	S	T	A	V	L	I	F	Y	W	H	M	C	P
0	0.00613	0.00431	0.00555	0.00553	0.00616	0.00456	0.00398	0.06165	0.02319	0.02629	0.03715	0.20833	0.01497	0.24879	0.29530	0.00358	0.00543	0.03308	0.00272	0.00331
1	0.01125	0.01324	0.09067	0.08218	0.14580	0.31995	0.12423	0.09264	0.02102	0.03133	0.00703	0.00850	0.00548	0.00381	0.00391	0.00112	0.02754	0.00312	0.00212	0.00506
2	0.00575	0.00405	0.00589	0.00582	0.00648	0.00459	0.00443	0.00694	0.00612	0.03646	0.01042	0.01586	0.00989	0.12860	0.72445	0.00558	0.00905	0.00418	0.00213	0.00332
3	0.00595	0.00397	0.00491	0.00512	0.00596	0.00369	0.00366	0.00730	0.04824	0.08475	0.07434	0.46260	0.21050	0.02619	0.03306	0.00159	0.00251	0.00855	0.00357	0.00354
4	0.00986	0.12935	0.03864	0.05623	0.44558	0.07845	0.11663	0.05936	0.00909	0.01203	0.00686	0.00872	0.00561	0.00344	0.00360	0.00109	0.00486	0.00321	0.00193	0.00548
5	0.02834	0.04188	0.03236	0.09066	0.07354	0.26938	0.07349	0.11243	0.08688	0.09952	0.00826	0.00915	0.00625	0.00413	0.00405	0.00113	0.04768	0.00319	0.00255	0.00514
6	0.01396	0.00589	0.00779	0.00622	0.00865	0.00525	0.00505	0.01590	0.05067	0.62334	0.14558	0.01597	0.03851	0.00528	0.00386	0.00116	0.00287	0.00438	0.03393	0.00572
7	0.19030	0.00740	0.01027	0.53191	0.08073	0.02803	0.00880	0.04583	0.00784	0.01193	0.00646	0.00895	0.00495	0.00372	0.00355	0.00120	0.01701	0.00302	0.00193	0.02619
8	0.00929	0.00891	0.01523	0.02303	0.84475	0.00891	0.01151	0.01151	0.00854	0.01226	0.00706	0.00929	0.00594	0.00334	0.00371	0.00111	0.00446	0.00334	0.00186	0.00594
9	0.00471	0.00379	0.00407	0.00403	0.00506	0.00332	0.00292	0.00566	0.00835	0.01037	0.14068	0.03289	0.60267	0.12213	0.03149	0.00171	0.00235	0.00733	0.00337	0.00311
10	0.00472	0.00355	0.00438	0.00482	0.00546	0.00322	0.00343	0.00568	0.00819	0.01070	0.15989	0.46047	0.25584	0.01039	0.00465	0.00140	0.00209	0.04435	0.00359	0.00318
11	0.03731	0.00363	0.00357	0.00355	0.00447	0.00366	0.00267	0.00882	0.00782	0.01408	0.01200	0.01372	0.00943	0.00434	0.00261	0.00088	0.00179	0.00345	0.85870	0.00352
12	0.00443	0.00380	0.00380	0.00380	0.00507	0.00317	0.00285	0.00538	0.00855	0.01014	0.03801	0.03611	0.84322	0.00950	0.00443	0.00127	0.00190	0.00792	0.00348	0.00317
13	0.85208	0.00721	0.00567	0.00502	0.00737	0.00828	0.00413	0.01138	0.00660	0.05710	0.00569	0.00642	0.00432	0.00354	0.00239	0.00116	0.00292	0.00212	0.00243	0.00418
14	0.00709	0.00667	0.01125	0.85913	0.02584	0.00834	0.01042	0.00959	0.00750	0.00959	0.00667	0.01000	0.00500	0.00375	0.00375	0.00125	0.00500	0.00333	0.00167	0.00417
15	0.01401	0.01788	0.01063	0.00967	0.01160	0.85309	0.00725	0.01498	0.01063	0.00918	0.00580	0.00677	0.00483	0.00387	0.00338	0.00097	0.00677	0.00242	0.00193	0.00435
16	0.00537	0.00399	0.00588	0.00588	0.00650	0.00461	0.00451	0.00660	0.00599	0.00860	0.01018	0.01549	0.00970	0.09227	0.78960	0.00585	0.00956	0.00413	0.00203	0.00327
17	0.01354	0.00574	0.00776	0.00631	0.00859	0.00512	0.00513	0.01500	0.01032	0.60606	0.14866	0.05262	0.03422	0.00582	0.00418	0.00122	0.02123	0.03857	0.00437	0.00554
18	0.01565	0.10655	0.03951	0.00684	0.00988	0.00688	0.00596	0.04135	0.01048	0.69699	0.01324	0.01171	0.00853	0.00444	0.00361	0.00112	0.00340	0.00352	0.00416	0.00617
19	0.00821	0.00821	0.01149	0.00985	0.00985	0.01149	0.00821	0.00903	0.00575	0.00903	0.00492	0.00821	0.00492	0.00657	0.01231	0.00164	0.86128	0.00328	0.00164	0.00410
20	0.00507	0.00393	0.00408	0.00397	0.00531	0.00329	0.00300	0.00607	0.00873	0.05091	0.06618	0.03468	0.77337	0.00920	0.00440	0.00126	0.00196	0.00768	0.00356	0.00334
21	0.00949	0.00952	0.07212	0.04322	0.68924	0.00879	0.04043	0.02231	0.00870	0.04935	0.00741	0.00939	0.00598	0.00343	0.00373	0.00113	0.00455	0.00336	0.00198	0.00586
22	0.00752	0.01941	0.84871	0.01069	0.01624	0.00871	0.01386	0.01188	0.00792	0.01188	0.00673	0.00792	0.00475	0.00356	0.00356	0.00119	0.00554	0.00277	0.00158	0.00554
23	0.00457	0.00326	0.00435	0.00522	0.00544	0.00305	0.00348	0.00522	0.00718	0.00958	0.02068	0.86570	0.02481	0.01175	0.00479	0.00152	0.00218	0.01067	0.00348	0.00305
24	0.08583	0.01677	0.02577	0.00955	0.02779	0.74155	0.00719	0.02444	0.01028	0.01009	0.00583	0.00681	0.00481	0.00383	0.00331	0.00099	0.00635	0.00242	0.00198	0.00440
25	0.01404	0.01725	0.01069	0.00958	0.01160	0.78159	0.00724	0.08442	0.01123	0.01041	0.00607	0.00696	0.00496	0.00392	0.00341	0.00098	0.00654	0.00250	0.00209	0.00452
26	0.01175	0.00719	0.01004	0.02946	0.07785	0.00673	0.07063	0.06523	0.10036	0.32603	0.04400	0.02141	0.00950	0.00444	0.00371	0.00108	0.00348	0.02720	0.00345	0.17646
27	0.00859	0.00693	0.00925	0.03536	0.18819	0.00721	0.02335	0.01349	0.30708	0.07168	0.11265	0.05990	0.05105	0.04017	0.00452	0.00129	0.00322	0.00475	0.00322	0.04811
28	0.00778	0.00667	0.00778	0.00556	0.00889	0.00500	0.00445	0.00945	0.00778	0.01223	0.00667	0.00778	0.00556	0.00278	0.00278	0.00056	0.00278	0.00222	0.00222	0.89108
29	0.01083	0.05430	0.01509	0.01545	0.34198	0.00993	0.16692	0.23661	0.04562	0.04381	0.00835	0.00990	0.00648	0.00382	0.00382	0.00115	0.00459	0.01298	0.00257	0.00582
30	0.00877	0.01125	0.15898	0.06846	0.03409	0.00935	0.52250	0.06575	0.00903	0.01245	0.00765	0.02786	0.00592	0.00367	0.00448	0.00126	0.03737	0.00408	0.00198	0.00511
31	0.00761	0.00649	0.00760	0.00554	0.00871	0.00490	0.00440	0.00923	0.00775	0.01209	0.00740	0.05249	0.00656	0.00325	0.00288	0.00061	0.00275	0.00266	0.00229	0.84480
32	0.00542	0.00363	0.00415	0.00416	0.00422	0.00361	0.00238	0.00553	0.00578	0.00776	0.05543	0.05346	0.01516	0.79406	0.01784	0.00344	0.00349	0.00570	0.00241	0.00237
33	0.00544	0.00372	0.00450	0.00450	0.00464	0.00386	0.00278	0.00572	0.00558	0.00757	0.01145	0.02250	0.01275	0.69288	0.19315	0.00414	0.00498	0.00516	0.00222	0.00250
34	0.00546	0.00364	0.00409	0.00409	0.00409	0.00364	0.00227	0.00546	0.00546	0.00727	0.01182	0.02455	0.01364	0.86815	0.01910	0.00364	0.00364	0.00546	0.00227	0.00227
35	0.00478	0.00389	0.02447	0.00567	0.00616	0.00340	0.03197	0.00561	0.00730	0.00973	0.02042	0.79208	0.04793	0.01120	0.00474	0.00150	0.00239	0.01019	0.00338	0.00318
36	0.00929	0.00891	0.01523	0.02303	0.84475	0.00891	0.01151	0.01151	0.00854	0.01226	0.00706	0.00929	0.00594	0.00334	0.00371	0.00111	0.00446	0.00334	0.00186	0.00594
37	0.00778	0.00667	0.00778	0.00556	0.00889	0.00500	0.00445	0.00945	0.00778	0.01223	0.00667	0.00778	0.00556	0.00278	0.00278	0.00056	0.00278	0.00222	0.00222	0.89108
38	0.01123	0.00907	0.00982	0.02701	0.04150	0.03241	0.00658	0.37604	0.29470	0.01820	0.01151	0.03477	0.01749	0.00481	0.00374	0.00115	0.00364	0.01457	0.00347	0.07830
39	0.01396	0.01036	0.01109	0.00857	0.01152	0.01149	0.00706	0.78235	0.06802	0.02316	0.00939	0.00931	0.00669	0.00454	0.00376	0.00113	0.00406	0.00343	0.00376	0.00635
40	0.01463	0.00991	0.01089	0.00835	0.01134	0.01075	0.00690	0.71440	0.01664	0.14289	0.00985	0.00955	0.00680	0.00452	0.00376	0.00113	0.00399	0.00344	0.00388	0.00638
41	0.00497	0.00380	0.00432	0.00430	0.00537	0.00331	0.00318	0.00613	0.00902	0.02976	0.26484	0.13685	0.49246	0.00915	0.00446	0.00127	0.00193	0.00785	0.00369	0.00333
42	0.00473	0.00353	0.00440	0.00477	0.00540	0.00320	0.00335	0.00574	0.00838	0.01111	0.23669	0.46056	0.21405	0.01019	0.00461	0.00138	0.00201	0.00904	0.00365	0.00320
43	0.00821	0.00801	0.07243	0.05557	0.13246	0.00774	0.03575	0.01405	0.37912	0.03092	0.01401	0.16756	0.03004	0.00584	0.00397	0.00127	0.00344	0.00516	0.00310	0.02135
44	0.00784	0.00686	0.00856	0.00612	0.00947	0.00525	0.04946	0.00959	0.00784	0.01221	0.00672	0.00791	0.00556	0.00280	0.00287	0.00059	0.00297	0.00234	0.00221	0.84284
45	0.17937	0.02298	0.01953	0.00766	0.06019	0.19647	0.02934	0.03287	0.00864	0.01218	0.08975	0.12855	0.08363	0.03588	0.00434	0.00125	0.02322	0.01260	0.01671	0.03482

[dist]
# distance from previous block
# <min> <max>
0	37

[block]
# block no. 1 follows, 73 sequences, length 31
# corresponding to MSA columns:
# 185-215
name=unknown_B
#
# <colnr> <probs for GDERKNQSTAVLIFYWHMCP>
#	G	D	E	R	K	N	Q	S	T	A	V	L	I	F	Y	W	H	M	C	P
0	0.00967	0.05114	0.08711	0.02296	0.01149	0.04483	0.09295	0.09148	0.03194	0.08284	0.00780	0.00865	0.00597	0.00336	0.00326	0.00086	0.00385	0.00282	0.00247	0.43451
1	0.67619	0.00794	0.00687	0.00579	0.00828	0.00904	0.00478	0.19092	0.00898	0.04276	0.00633	0.00693	0.00472	0.00374	0.00268	0.00115	0.00318	0.00238	0.00270	0.00464
2	0.00883	0.00725	0.00844	0.00701	0.06001	0.03840	0.00517	0.03240	0.02298	0.06678	0.00775	0.02593	0.00637	0.00334	0.00317	0.00072	0.01775	0.00268	0.01652	0.65852
3	0.00485	0.00389	0.00415	0.00416	0.00517	0.00346	0.00302	0.00595	0.02769	0.01018	0.08829	0.04718	0.58395	0.14977	0.00685	0.00167	0.00227	0.04105	0.00334	0.00312
4	0.00508	0.00386	0.00572	0.00596	0.00649	0.00387	0.04500	0.00604	0.00692	0.00941	0.01674	0.53175	0.01912	0.05633	0.23204	0.00282	0.00459	0.03210	0.00295	0.00320
5	0.00519	0.00393	0.00468	0.02819	0.00606	0.00356	0.00350	0.00655	0.02138	0.03164	0.29764	0.17026	0.38589	0.00894	0.00445	0.00128	0.00204	0.00772	0.00368	0.00342
6	0.00778	0.00667	0.00778	0.00556	0.00889	0.00500	0.00445	0.00945	0.00778	0.01223	0.00667	0.00778	0.00556	0.00278	0.00278	0.00056	0.00278	0.00222	0.00222	0.89108
7	0.00920	0.00953	0.06194	0.22699	0.45883	0.05454	0.05405	0.04292	0.00877	0.02722	0.00712	0.00935	0.00565	0.00354	0.00374	0.00115	0.00484	0.00332	0.00192	0.00537
8	0.80954	0.00800	0.00642	0.00561	0.00796	0.05939	0.03414	0.01130	0.00673	0.01620	0.00534	0.00628	0.00417	0.00349	0.00246	0.00115	0.00326	0.00214	0.00228	0.00412
9	0.00643	0.00508	0.00594	0.00551	0.00679	0.00522	0.00419	0.01074	0.25486	0.01484	0.53326	0.02453	0.09363	0.00706	0.00425	0.00121	0.00213	0.00613	0.00399	0.00422
10	0.00713	0.05827	0.05415	0.01015	0.21213	0.02720	0.03629	0.01875	0.05466	0.01249	0.24101	0.04008	0.20028	0.00620	0.00403	0.00117	0.00318	0.00542	0.00297	0.00445
11	0.00662	0.00444	0.00559	0.00514	0.00631	0.00423	0.00391	0.00914	0.08957	0.08552	0.63513	0.04898	0.06600	0.00736	0.00432	0.00120	0.00202	0.00644	0.00410	0.00398
12	0.00842	0.00856	0.01146	0.00984	0.00991	0.04190	0.00817	0.00924	0.00592	0.00903	0.00496	0.00816	0.00492	0.00647	0.01199	0.00162	0.83041	0.00325	0.00165	0.00411
13	0.00776	0.00755	0.01063	0.00925	0.00935	0.01042	0.00765	0.00866	0.00579	0.00898	0.00573	0.00924	0.00563	0.00997	0.14513	0.00233	0.72684	0.00340	0.00170	0.00398
14	0.00752	0.01941	0.84871	0.01069	0.01624	0.00871	0.01386	0.01188	0.00792	0.01188	0.00673	0.00792	0.00475	0.00356	0.00356	0.00119	0.00554	0.00277	0.00158	0.00554
15	0.00514	0.00390	0.00475	0.00459	0.00557	0.00356	0.00342	0.00686	0.03174	0.01342	0.55726	0.08722	0.24203	0.00835	0.00444	0.00123	0.00186	0.00728	0.00391	0.00347
16	0.00752	0.01941	0.84871	0.01069	0.01624	0.00871	0.01386	0.01188	0.00792	0.01188	0.00673	0.00792	0.00475	0.00356	0.00356	0.00119	0.00554	0.00277	0.00158	0.00554
17	0.00460	0.00335	0.00434	0.00506	0.00541	0.00308	0.00343	0.00534	0.00749	0.00992	0.06521	0.74322	0.10309	0.01133	0.00474	0.00148	0.00213	0.01020	0.00352	0.00308
18	0.09065	0.00646	0.00844	0.00653	0.00938	0.00576	0.00539	0.01767	0.01037	0.77751	0.01400	0.01221	0.00885	0.00455	0.00365	0.00116	0.00317	0.00363	0.00445	0.00619
19	0.00518	0.00352	0.00435	0.00473	0.00521	0.00329	0.00321	0.00600	0.00761	0.02484	0.12256	0.46711	0.10988	0.14021	0.00669	0.00172	0.00230	0.00844	0.07006	0.00310
20	0.00544	0.00433	0.00494	0.00470	0.00589	0.00409	0.00355	0.00794	0.10942	0.01312	0.41554	0.02962	0.36133	0.00810	0.00436	0.00123	0.00197	0.00694	0.00383	0.00368
21	0.00521	0.00382	0.00501	0.00567	0.00636	0.00362	0.00445	0.00642	0.00821	0.01068	0.07263	0.34453	0.15090	0.01058	0.00488	0.00155	0.00264	0.34606	0.00351	0.00326
22	0.26243	0.20277	0.01178	0.00920	0.11257	0.28375	0.00668	0.05096	0.00883	0.01233	0.00581	0.00682	0.00482	0.00358	0.00292	0.00101	0.00465	0.00238	0.00205	0.00466
23	0.00907	0.03460	0.04778	0.14492	0.57746	0.02986	0.04602	0.02589	0.00850	0.01179	0.00691	0.00919	0.00567	0.00350	0.00388	0.00114	0.02314	0.00330	0.00184	0.00552
24	0.00817	0.08085	0.10200	0.04864	0.08279	0.05255	0.02395	0.01230	0.22382	0.01137	0.01004	0.01172	0.02270	0.01010	0.20166	0.02049	0.05493	0.00360	0.00237	0.01597
25	0.00470	0.00348	0.00443	0.00498	0.00549	0.00321	0.00347	0.00560	0.00787	0.01042	0.13463	0.57157	0.16263	0.01128	0.02965	0.00157	0.00233	0.02601	0.00353	0.00315
26	0.01155	0.00942	0.01264	0.07239	0.28021	0.01010	0.03852	0.43742	0.02579	0.01813	0.04070	0.01002	0.00732	0.00416	0.00379	0.00114	0.00427	0.00355	0.00295	0.00592
27	0.01363	0.10057	0.01151	0.00935	0.01141	0.77178	0.00717	0.01462	0.01034	0.00915	0.00574	0.00669	0.00483	0.00380	0.00329	0.00095	0.00650	0.00238	0.00190	0.00439
28	0.00696	0.00441	0.02755	0.00539	0.00646	0.00375	0.00407	0.00811	0.00866	0.15916	0.18790	0.44246	0.10198	0.00923	0.00447	0.00136	0.00234	0.00819	0.00377	0.00382
29	0.01045	0.20410	0.02572	0.00757	0.02204	0.07357	0.02822	0.21108	0.07377	0.02482	0.00835	0.05233	0.00702	0.00407	0.00324	0.00093	0.00384	0.00316	0.00263	0.23308
30	0.00851	0.05989	0.10327	0.00839	0.10394	0.00687	0.00653	0.09384	0.00902	0.03440	0.05747	0.07160	0.00902	0.02812	0.00377	0.00097	0.00342	0.00352	0.00250	0.38495

[dist]
# distance from previous block
# <min> <max>
4	9

[block]
# block no. 2 follows, 73 sequences, length 45
# corresponding to MSA columns:
# 225-269
name=unknown_C
#
# <colnr> <probs for GDERKNQSTAVLIFYWHMCP>
#	G	D	E	R	K	N	Q	S	T	A	V	L	I	F	Y	W	H	M	C	P
0	0.00924	0.44482	0.26291	0.00913	0.02623	0.04243	0.10085	0.01185	0.02921	0.01037	0.00626	0.00735	0.00509	0.00338	0.00307	0.00099	0.00478	0.00260	0.00171	0.01772
1	0.01057	0.00494	0.00663	0.00580	0.00751	0.00440	0.00454	0.01196	0.00991	0.40270	0.25124	0.17624	0.03884	0.00716	0.00422	0.00126	0.00258	0.04052	0.00421	0.00477
2	0.00504	0.00369	0.00497	0.02692	0.01592	0.00372	0.00381	0.00578	0.00678	0.00907	0.01779	0.42220	0.09762	0.12447	0.20214	0.03220	0.00428	0.00769	0.00286	0.00305
3	0.05115	0.55671	0.10568	0.02964	0.06302	0.06948	0.00753	0.01151	0.00787	0.01917	0.00572	0.00674	0.00493	0.00337	0.00286	0.00091	0.01538	0.00228	0.00173	0.03431
4	0.01362	0.00788	0.00897	0.00718	0.00959	0.04341	0.00583	0.30373	0.01241	0.34453	0.01187	0.04689	0.00861	0.00562	0.03004	0.00129	0.03218	0.00383	0.09682	0.00569
5	0.00454	0.00380	0.00394	0.00391	0.00513	0.00321	0.00293	0.00558	0.00879	0.01071	0.13236	0.03516	0.74851	0.00929	0.00443	0.00126	0.00189	0.00779	0.00356	0.00321
6	0.03355	0.17409	0.14191	0.09990	0.13104	0.01039	0.00875	0.23249	0.03489	0.08632	0.00800	0.00881	0.00596	0.00387	0.00343	0.00109	0.00432	0.00304	0.00256	0.00559
7	0.84656	0.00742	0.00611	0.00532	0.00770	0.00854	0.02530	0.03478	0.00677	0.01691	0.00539	0.00628	0.00417	0.00350	0.00242	0.00116	0.00303	0.00213	0.00235	0.00416
8	0.00527	0.00391	0.00533	0.00522	0.00598	0.00405	0.00394	0.00666	0.00798	0.01119	0.33676	0.02222	0.08464	0.07360	0.40206	0.00361	0.00577	0.00549	0.00297	0.00334
9	0.01527	0.00698	0.00877	0.00683	0.00955	0.00663	0.00559	0.16633	0.04462	0.59857	0.01355	0.01242	0.00894	0.02016	0.00398	0.00119	0.00328	0.00373	0.05749	0.00612
10	0.00458	0.00330	0.00434	0.00515	0.00543	0.00306	0.00345	0.00526	0.00730	0.00969	0.03450	0.81158	0.06533	0.01158	0.00477	0.00151	0.00216	0.01047	0.00349	0.00306
11	0.01554	0.00733	0.00916	0.00714	0.00998	0.00706	0.00586	0.16957	0.10160	0.60437	0.01378	0.01220	0.00898	0.00467	0.00377	0.00117	0.00334	0.00375	0.00439	0.00634
12	0.00457	0.00351	0.00414	0.00459	0.00524	0.00313	0.00318	0.00535	0.00775	0.00984	0.04815	0.47348	0.35562	0.04685	0.00524	0.00150	0.00212	0.00924	0.00345	0.00308
13	0.01003	0.87041	0.01966	0.00642	0.00963	0.01485	0.00642	0.01123	0.00762	0.00883	0.00522	0.00602	0.00481	0.00321	0.00241	0.00080	0.00401	0.00201	0.00160	0.00481
14	0.00505	0.00359	0.00482	0.00564	0.00603	0.00345	0.00414	0.00597	0.00750	0.00991	0.01992	0.57972	0.02322	0.06258	0.00576	0.00171	0.00263	0.24185	0.00340	0.00312
15	0.00947	0.00813	0.00856	0.00766	0.00981	0.00939	0.00597	0.04222	0.81546	0.01591	0.01510	0.01386	0.01131	0.00507	0.00382	0.00127	0.00300	0.00422	0.00382	0.00595
16	0.16572	0.00653	0.00817	0.00638	0.00918	0.00601	0.00527	0.01705	0.01000	0.70648	0.01318	0.01164	0.00840	0.00445	0.00353	0.00116	0.00314	0.00348	0.00425	0.00599
17	0.00709	0.00667	0.01125	0.85913	0.02584	0.00834	0.01042	0.00959	0.00750	0.00959	0.00667	0.01000	0.00500	0.00375	0.00375	0.00125	0.00500	0.00333	0.00167	0.00417
18	0.01401	0.01788	0.01063	0.00967	0.01160	0.85309	0.00725	0.01498	0.01063	0.00918	0.00580	0.00677	0.00483	0.00387	0.00338	0.00097	0.00677	0.00242	0.00193	0.00435
19	0.00520	0.00377	0.00490	0.00474	0.00557	0.00347	0.00351	0.00681	0.01017	0.01426	0.72214	0.11984	0.06519	0.00819	0.00447	0.00122	0.00182	0.00725	0.00403	0.00347
20	0.00886	0.01012	0.02214	0.01581	0.01961	0.00949	0.83112	0.01202	0.00886	0.01202	0.00759	0.01012	0.00569	0.00316	0.00443	0.00127	0.00633	0.00443	0.00190	0.00506
21	0.01070	0.61955	0.06308	0.00689	0.00999	0.04945	0.00668	0.07373	0.00867	0.07338	0.00661	0.00767	0.00564	0.03993	0.00342	0.00100	0.00415	0.00245	0.00204	0.00496
22	0.00805	0.10743	0.69083	0.01063	0.05349	0.00921	0.01262	0.01187	0.00803	0.03106	0.01975	0.00821	0.00540	0.00361	0.00347	0.00114	0.00522	0.00280	0.00171	0.00548
23	0.01620	0.00646	0.00864	0.00670	0.00951	0.00572	0.00554	0.05575	0.01094	0.76723	0.01461	0.01343	0.00950	0.00479	0.00378	0.00117	0.00321	0.02613	0.02447	0.00624
24	0.00929	0.00891	0.01523	0.02303	0.84475	0.00891	0.01151	0.01151	0.00854	0.01226	0.00706	0.00929	0.00594	0.00334	0.00371	0.00111	0.00446	0.00334	0.00186	0.00594
25	0.02031	0.02932	0.01426	0.11863	0.64390	0.03215	0.01071	0.02443	0.00868	0.05135	0.00731	0.00934	0.00592	0.00348	0.00366	0.00112	0.00449	0.00329	0.00200	0.00567
26	0.00951	0.00900	0.02887	0.02228	0.80325	0.00880	0.01135	0.01174	0.00861	0.03997	0.00731	0.00938	0.00603	0.00339	0.00371	0.00112	0.00443	0.00335	0.00195	0.00595
27	0.89465	0.00726	0.00551	0.00493	0.00726	0.00842	0.00406	0.01103	0.00638	0.01683	0.00522	0.00609	0.00406	0.00348	0.00232	0.00116	0.00290	0.00203	0.00232	0.00406
28	0.00461	0.00329	0.00440	0.00527	0.00551	0.00308	0.00355	0.00529	0.00722	0.00962	0.02066	0.84299	0.02473	0.01172	0.00480	0.00153	0.00221	0.03297	0.00348	0.00306
29	0.00778	0.00667	0.00778	0.00556	0.00889	0.00500	0.00445	0.00945	0.00778	0.01223	0.00667	0.00778	0.00556	0.00278	0.00278	0.00056	0.00278	0.00222	0.00222	0.89108
30	0.00652	0.00326	0.00489	0.00489	0.00489	0.00326	0.00326	0.00489	0.00489	0.00652	0.00652	0.01140	0.00652	0.01303	0.01466	0.89084	0.00326	0.00326	0.00163	0.00163
31	0.01213	0.00934	0.00996	0.00808	0.01064	0.01047	0.00650	0.50719	0.31004	0.02011	0.01136	0.01145	0.00850	0.04127	0.00443	0.00128	0.00369	0.00377	0.00371	0.00605
32	0.00486	0.00391	0.00406	0.00398	0.00524	0.00329	0.00296	0.00581	0.00846	0.02907	0.05322	0.05839	0.72711	0.04560	0.00501	0.00135	0.00203	0.00764	0.00344	0.02457
33	0.63084	0.00721	0.00656	0.00551	0.00803	0.00783	0.00454	0.05404	0.00792	0.19073	0.00748	0.00771	0.00533	0.00375	0.00272	0.00113	0.00302	0.00247	0.00288	0.04030
34	0.00929	0.00891	0.01523	0.02303	0.84475	0.00891	0.01151	0.01151	0.00854	0.01226	0.00706	0.00929	0.00594	0.00334	0.00371	0.00111	0.00446	0.00334	0.00186	0.00594
35	0.89465	0.00726	0.00551	0.00493	0.00726	0.00842	0.00406	0.01103	0.00638	0.01683	0.00522	0.00609	0.00406	0.00348	0.00232	0.00116	0.00290	0.00203	0.00232	0.00406
36	0.00545	0.00368	0.00429	0.00429	0.00436	0.00375	0.00253	0.00559	0.00552	0.00742	0.01164	0.02352	0.01319	0.78025	0.10639	0.00389	0.00431	0.00531	0.00225	0.00239
37	0.01003	0.87041	0.01966	0.00642	0.00963	0.01485	0.00642	0.01123	0.00762	0.00883	0.00522	0.00602	0.00481	0.00321	0.00241	0.00080	0.00401	0.00201	0.00160	0.00481
38	0.00951	0.00815	0.00858	0.00767	0.00982	0.00941	0.00598	0.04916	0.80845	0.01598	0.01504	0.01382	0.01127	0.00507	0.00382	0.00127	0.00301	0.00421	0.00382	0.00595
39	0.00545	0.00364	0.00413	0.00413	0.00414	0.00366	0.00232	0.00548	0.00547	0.00730	0.01179	0.02435	0.01355	0.85128	0.03584	0.00369	0.00377	0.00543	0.00227	0.00229
40	0.00549	0.00359	0.00438	0.00494	0.00545	0.00351	0.00347	0.00693	0.04617	0.01109	0.01817	0.57118	0.02007	0.00945	0.00419	0.00135	0.00215	0.03839	0.23673	0.00332
41	0.00778	0.00667	0.00778	0.00556	0.00889	0.00500	0.00445	0.00945	0.00778	0.01223	0.00667	0.00778	0.00556	0.00278	0.00278	0.00056	0.00278	0.00222	0.00222	0.89108
42	0.00488	0.00370	0.00454	0.00490	0.00569	0.00336	0.00366	0.00599	0.00849	0.01101	0.17773	0.31245	0.30117	0.01004	0.00466	0.00140	0.00220	0.12729	0.00360	0.00324
43	0.09365	0.01022	0.01074	0.00830	0.01124	0.01134	0.00685	0.75819	0.01662	0.02303	0.00867	0.00874	0.00617	0.00441	0.00362	0.00113	0.00402	0.00326	0.00362	0.00617
44	0.12158	0.02494	0.05292	0.01797	0.07743	0.10443	0.09382	0.02088	0.02812	0.08734	0.00729	0.00865	0.00576	0.00450	0.02445	0.00120	0.12457	0.00297	0.00228	0.18890

[dist]
# distance from previous block
# <min> <max>
0	1

[block]
# block no. 3 follows, 73 sequences, length 8
# corresponding to MSA columns:
# 271-278
name=unknown_D
#
# <colnr> <probs for GDERKNQSTAVLIFYWHMCP>
#	G	D	E	R	K	N	Q	S	T	A	V	L	I	F	Y	W	H	M	C	P
0	0.00598	0.00423	0.00503	0.00506	0.00556	0.00426	0.00350	0.04149	0.03020	0.00935	0.01460	0.09735	0.04241	0.50660	0.04522	0.00290	0.00365	0.14553	0.00271	0.02435
1	0.00462	0.00377	0.00409	0.00409	0.00520	0.00323	0.00304	0.00572	0.00888	0.01110	0.20144	0.09424	0.61893	0.00929	0.00446	0.00127	0.00189	0.00788	0.00362	0.00323
2	0.03168	0.00799	0.02887	0.00656	0.00963	0.03050	0.00540	0.12759	0.08437	0.06827	0.00821	0.00878	0.00636	0.00349	0.00329	0.00080	0.02023	0.00270	0.00271	0.54257
3	0.00834	0.00837	0.05136	0.08907	0.57080	0.00785	0.00998	0.01050	0.00839	0.01192	0.04338	0.05120	0.04048	0.00416	0.00375	0.00112	0.00411	0.00390	0.00209	0.06922
4	0.00995	0.16408	0.37671	0.03266	0.04896	0.01015	0.02654	0.15795	0.05932	0.06735	0.00793	0.00861	0.00582	0.00382	0.00345	0.00111	0.00468	0.00297	0.00232	0.00561
5	0.01023	0.07004	0.08914	0.10327	0.21297	0.02082	0.20299	0.04093	0.04124	0.05429	0.02978	0.03982	0.05546	0.00510	0.00443	0.00142	0.00507	0.00448	0.00272	0.00580
6	0.00462	0.00356	0.00410	0.00445	0.00515	0.00318	0.00308	0.00539	0.00776	0.00980	0.05733	0.37802	0.39373	0.09482	0.00602	0.00160	0.00218	0.00877	0.00339	0.00304
7	0.06606	0.09873	0.05770	0.00708	0.05297	0.00728	0.00570	0.08085	0.05985	0.05416	0.04670	0.03381	0.05593	0.02782	0.00367	0.00099	0.00323	0.00341	0.00265	0.33141

[dist]
# distance from previous block
# <min> <max>
2	11

[block]
# block no. 4 follows, 73 sequences, length 65
# corresponding to MSA columns:
# 290-354
name=unknown_E
#
# <colnr> <probs for GDERKNQSTAVLIFYWHMCP>
#	G	D	E	R	K	N	Q	S	T	A	V	L	I	F	Y	W	H	M	C	P
0	0.00861	0.21377	0.02545	0.00833	0.06061	0.12828	0.02269	0.03519	0.02856	0.00980	0.00776	0.01036	0.00695	0.01357	0.34272	0.00302	0.06490	0.00319	0.00196	0.00428
1	0.01279	0.03573	0.01073	0.01033	0.13661	0.30028	0.00713	0.17261	0.02104	0.15496	0.04533	0.02119	0.02987	0.00446	0.00362	0.00107	0.00469	0.00344	0.01886	0.00526
2	0.00557	0.00377	0.00458	0.00444	0.00489	0.00361	0.00292	0.00639	0.00785	0.02674	0.36865	0.04804	0.03324	0.44988	0.01196	0.00245	0.00277	0.00616	0.00316	0.00293
3	0.00823	0.03360	0.19744	0.28346	0.10472	0.05618	0.07083	0.01165	0.08886	0.01105	0.00771	0.01006	0.00608	0.03509	0.00468	0.00130	0.04817	0.00337	0.01269	0.00485
4	0.00468	0.00335	0.00436	0.00505	0.00534	0.00313	0.00337	0.00537	0.00735	0.00981	0.07655	0.71401	0.05848	0.07310	0.00578	0.00164	0.00224	0.00991	0.00344	0.00303
5	0.00951	0.01920	0.01283	0.04085	0.32182	0.04768	0.09369	0.12209	0.09668	0.01360	0.07054	0.01153	0.01644	0.01319	0.01432	0.02462	0.05984	0.00382	0.00249	0.00527
6	0.00567	0.00338	0.00397	0.00443	0.00493	0.00326	0.00307	0.00678	0.00743	0.01146	0.01669	0.46473	0.01777	0.03365	0.00425	0.00130	0.00203	0.00735	0.39463	0.00322
7	0.01063	0.06117	0.10097	0.01152	0.21440	0.02204	0.00813	0.26824	0.05674	0.06346	0.00915	0.02274	0.00747	0.08300	0.04250	0.00157	0.00447	0.00359	0.00274	0.00549
8	0.00510	0.00382	0.00473	0.00452	0.00548	0.00345	0.00338	0.00666	0.01008	0.01382	0.64316	0.04613	0.21954	0.00817	0.00443	0.00121	0.00181	0.00712	0.00397	0.00345
9	0.01392	0.03882	0.01085	0.00959	0.01155	0.83250	0.00723	0.01489	0.01056	0.00917	0.00578	0.00675	0.00483	0.00385	0.00336	0.00096	0.00670	0.00241	0.00193	0.00436
10	0.74852	0.07954	0.02095	0.00544	0.00789	0.04489	0.00463	0.03061	0.00696	0.01592	0.00536	0.00622	0.00422	0.00350	0.00243	0.00112	0.00323	0.00209	0.00227	0.00422
11	0.00823	0.03732	0.37286	0.01195	0.11042	0.00853	0.16836	0.02679	0.08054	0.02675	0.08410	0.01159	0.01929	0.00413	0.00385	0.00119	0.00483	0.01173	0.00223	0.00531
12	0.01932	0.00606	0.01673	0.02154	0.05264	0.02093	0.02597	0.02337	0.23582	0.01308	0.20750	0.25982	0.02739	0.00742	0.00449	0.00131	0.03114	0.00649	0.00343	0.01557
13	0.00791	0.00753	0.01268	0.53034	0.31780	0.00865	0.01073	0.01025	0.00781	0.01052	0.00675	0.00968	0.00533	0.00370	0.00404	0.00122	0.03517	0.00334	0.00173	0.00480
14	0.00884	0.01009	0.02195	0.01571	0.01943	0.00952	0.81626	0.01196	0.00880	0.01196	0.00754	0.01009	0.00568	0.00322	0.00457	0.00127	0.02176	0.00441	0.00189	0.00504
15	0.01065	0.47561	0.02925	0.01832	0.03776	0.13115	0.10442	0.05172	0.00871	0.04038	0.00631	0.00759	0.00535	0.01874	0.00367	0.00101	0.03989	0.00266	0.00192	0.00488
16	0.32889	0.48637	0.02864	0.00598	0.00889	0.01179	0.00564	0.01165	0.00739	0.06817	0.00589	0.00653	0.00484	0.00341	0.00249	0.00096	0.00358	0.00215	0.00207	0.00466
17	0.03327	0.08588	0.01067	0.01760	0.11965	0.04592	0.01820	0.22938	0.15511	0.01490	0.01130	0.12342	0.01030	0.00581	0.00428	0.01712	0.02999	0.05906	0.00300	0.00513
18	0.01031	0.00841	0.00894	0.00776	0.01002	0.00958	0.00611	0.18995	0.63037	0.02723	0.01412	0.03899	0.01077	0.00517	0.00383	0.00125	0.00319	0.00425	0.00380	0.00595
19	0.08828	0.30863	0.03883	0.02035	0.01075	0.18646	0.00679	0.20632	0.04957	0.04113	0.00709	0.00760	0.00558	0.00383	0.00309	0.00100	0.00450	0.00262	0.00245	0.00514
20	0.00463	0.00330	0.00442	0.00529	0.00553	0.00310	0.00358	0.00532	0.00724	0.00964	0.02065	0.83457	0.02469	0.01170	0.00480	0.00153	0.00222	0.04124	0.00348	0.00306
21	0.00605	0.00432	0.00605	0.00691	0.00777	0.00432	0.00605	0.00777	0.00864	0.01123	0.01986	0.04232	0.02159	0.01036	0.00518	0.00173	0.00345	0.81949	0.00345	0.00345
22	0.00452	0.00345	0.00416	0.00473	0.00531	0.00309	0.00326	0.00528	0.00766	0.00977	0.02672	0.57625	0.31036	0.01097	0.00466	0.00143	0.00208	0.00971	0.00348	0.00309
23	0.00841	0.00811	0.00688	0.00641	0.00740	0.20191	0.00452	0.01123	0.20385	0.00994	0.02448	0.01755	0.02194	0.40226	0.02514	0.00238	0.02685	0.00444	0.00258	0.00372
24	0.03093	0.02415	0.00916	0.02455	0.05654	0.00662	0.01840	0.11399	0.02211	0.01368	0.00705	0.00813	0.00571	0.00316	0.00311	0.00073	0.01369	0.00252	0.00239	0.63336
25	0.00473	0.00365	0.00423	0.00459	0.00533	0.00328	0.00329	0.00556	0.00781	0.00981	0.03920	0.31595	0.39998	0.09838	0.00612	0.00163	0.00230	0.07772	0.00337	0.00306
26	0.00901	0.06075	0.02644	0.00903	0.01006	0.04411	0.00762	0.08095	0.00736	0.01072	0.00557	0.00803	0.00511	0.00557	0.00933	0.00138	0.58413	0.00305	0.00190	0.10985
27	0.00912	0.00959	0.07431	0.05938	0.59429	0.00891	0.09819	0.01214	0.06230	0.02390	0.00771	0.00967	0.00619	0.00349	0.00379	0.00115	0.00464	0.00348	0.00200	0.00574
28	0.00452	0.00374	0.00387	0.00396	0.00503	0.00319	0.00287	0.00537	0.00820	0.00988	0.03447	0.11512	0.70511	0.07114	0.00552	0.00146	0.00205	0.00801	0.00340	0.00309
29	0.00468	0.00349	0.00433	0.00478	0.00535	0.00317	0.00331	0.00557	0.00802	0.01054	0.15862	0.51513	0.21614	0.03235	0.00501	0.00146	0.00208	0.00926	0.00356	0.00314
30	0.03855	0.00973	0.01538	0.03369	0.01502	0.00997	0.35734	0.34055	0.04858	0.06652	0.00881	0.00984	0.00636	0.00389	0.00399	0.00119	0.00492	0.00383	0.00290	0.01893
31	0.00880	0.00818	0.01085	0.00985	0.05696	0.02725	0.03457	0.03913	0.18825	0.02800	0.03793	0.01068	0.00785	0.00677	0.04564	0.00165	0.46687	0.00369	0.00238	0.00471
32	0.00515	0.00401	0.00482	0.00521	0.00626	0.00367	0.00426	0.00645	0.00860	0.01071	0.04987	0.06590	0.44237	0.00990	0.00477	0.00147	0.00258	0.35723	0.00349	0.00330
33	0.01445	0.01021	0.01107	0.00849	0.01148	0.01118	0.00701	0.77234	0.01713	0.08426	0.00943	0.00928	0.00659	0.00451	0.00375	0.00113	0.00406	0.00341	0.00382	0.00638
34	0.01200	0.00978	0.03593	0.05157	0.01187	0.08595	0.04229	0.24977	0.31246	0.13081	0.01153	0.01120	0.00833	0.00455	0.00377	0.00118	0.00400	0.00368	0.00348	0.00584
35	0.00604	0.00450	0.00547	0.00553	0.01966	0.00428	0.00429	0.02283	0.06667	0.03819	0.28153	0.03184	0.29506	0.00848	0.00451	0.00134	0.00240	0.18991	0.00372	0.00374
36	0.00574	0.00421	0.00562	0.00629	0.00722	0.00409	0.00539	0.00734	0.00872	0.01123	0.06280	0.04059	0.15907	0.01009	0.00502	0.00162	0.00311	0.64494	0.00349	0.00341
37	0.01019	0.00832	0.00898	0.02895	0.01032	0.00945	0.00617	0.21660	0.55778	0.01743	0.07316	0.01369	0.01178	0.00510	0.00384	0.00123	0.00322	0.00419	0.00377	0.00583
38	0.00456	0.00330	0.00432	0.00514	0.00542	0.00305	0.00345	0.00523	0.00726	0.00961	0.02171	0.81650	0.07335	0.01162	0.00477	0.00151	0.00216	0.01050	0.00348	0.00305
39	0.00799	0.01716	0.65605	0.01124	0.01622	0.02827	0.14151	0.01192	0.00812	0.02725	0.00711	0.00855	0.00514	0.00434	0.03179	0.00135	0.00580	0.00308	0.00171	0.00538
40	0.00901	0.02601	0.06431	0.01239	0.29213	0.00709	0.04635	0.02212	0.00841	0.06380	0.00735	0.00870	0.00587	0.00318	0.00329	0.00087	0.00375	0.00285	0.00220	0.41031
41	0.78315	0.05721	0.00668	0.00535	0.00769	0.06735	0.00442	0.01131	0.00675	0.01585	0.00526	0.00614	0.00416	0.00349	0.00240	0.00113	0.00323	0.00206	0.00225	0.00413
42	0.01003	0.87041	0.01966	0.00642	0.00963	0.01485	0.00642	0.01123	0.00762	0.00883	0.00522	0.00602	0.00481	0.00321	0.00241	0.00080	0.00401	0.00201	0.00160	0.00481
43	0.00464	0.00365	0.00419	0.00444	0.00532	0.00321	0.00321	0.00563	0.00843	0.01069	0.14865	0.29171	0.45650	0.00995	0.00456	0.00134	0.00200	0.02513	0.00358	0.00319
44	0.00479	0.00381	0.00430	0.00418	0.00529	0.00332	0.00313	0.00608	0.00940	0.01214	0.36632	0.03281	0.51366	0.00875	0.00443	0.00123	0.00185	0.00746	0.00375	0.00332
45	0.00457	0.00326	0.00435	0.00522	0.00544	0.00305	0.00348	0.00522	0.00718	0.00958	0.02068	0.86570	0.02481	0.01175	0.00479	0.00152	0.00218	0.01067	0.00348	0.00305
46	0.00933	0.00806	0.00848	0.00764	0.00976	0.00933	0.00594	0.01994	0.83797	0.01569	0.01527	0.01400	0.01145	0.00509	0.00382	0.00127	0.00297	0.00424	0.00382	0.00594
47	0.89465	0.00726	0.00551	0.00493	0.00726	0.00842	0.00406	0.01103	0.00638	0.01683	0.00522	0.00609	0.00406	0.00348	0.00232	0.00116	0.00290	0.00203	0.00232	0.00406
48	0.00933	0.00806	0.00848	0.00764	0.00976	0.00933	0.00594	0.01994	0.83797	0.01569	0.01527	0.01400	0.01145	0.00509	0.00382	0.00127	0.00297	0.00424	0.00382	0.00594
49	0.00778	0.00667	0.00778	0.00556	0.00889	0.00500	0.00445	0.00945	0.00778	0.01223	0.00667	0.00778	0.00556	0.00278	0.00278	0.00056	0.00278	0.00222	0.00222	0.89108
50	0.01245	0.00851	0.02777	0.01499	0.39459	0.00813	0.05095	0.12044	0.01048	0.29853	0.00997	0.01046	0.00711	0.00393	0.00377	0.00114	0.00410	0.00354	0.00305	0.00610
51	0.89465	0.00726	0.00551	0.00493	0.00726	0.00842	0.00406	0.01103	0.00638	0.01683	0.00522	0.00609	0.00406	0.00348	0.00232	0.00116	0.00290	0.00203	0.00232	0.00406
52	0.00531	0.00383	0.00501	0.00472	0.00560	0.00354	0.00354	0.00708	0.01062	0.01504	0.84277	0.02802	0.03540	0.00767	0.00442	0.00118	0.00177	0.00678	0.00413	0.00354
53	0.81397	0.00748	0.00599	0.00524	0.00762	0.00860	0.00431	0.07122	0.00729	0.03275	0.00568	0.00643	0.00433	0.00358	0.00245	0.00116	0.00300	0.00216	0.00247	0.00428
54	0.00881	0.01237	0.33054	0.01054	0.07671	0.00780	0.12517	0.05035	0.03047	0.05996	0.00765	0.00878	0.00570	0.00342	0.00351	0.00102	0.00455	0.00302	0.00216	0.24747
55	0.00471	0.00360	0.00432	0.00458	0.00535	0.00321	0.00327	0.00574	0.00853	0.01114	0.23121	0.35759	0.32338	0.00992	0.00457	0.00135	0.00198	0.00871	0.00364	0.00321
56	0.02985	0.00867	0.04139	0.05119	0.15297	0.11014	0.05388	0.01762	0.00857	0.02556	0.19136	0.03821	0.04006	0.00561	0.00592	0.00127	0.20649	0.00435	0.00247	0.00443
57	0.00827	0.03991	0.00820	0.00574	0.00887	0.01699	0.00462	0.01033	0.04836	0.04631	0.02986	0.00924	0.02174	0.00325	0.00294	0.00066	0.00286	0.00260	0.00244	0.72681
58	0.81540	0.00780	0.00584	0.00524	0.00751	0.05765	0.00426	0.01127	0.00671	0.02860	0.00566	0.02047	0.00453	0.00366	0.00245	0.00116	0.00312	0.00222	0.00235	0.00410
59	0.01013	0.84928	0.01945	0.00647	0.00968	0.01477	0.00644	0.03140	0.00787	0.00919	0.00531	0.00609	0.00485	0.00324	0.00244	0.00081	0.00402	0.00204	0.00166	0.00485
60	0.00799	0.00798	0.06099	0.06219	0.18823	0.03244	0.02157	0.02991	0.08551	0.02272	0.22082	0.01484	0.02351	0.01779	0.02069	0.00138	0.16977	0.00435	0.00266	0.00467
61	0.00481	0.00378	0.00436	0.00441	0.00543	0.00333	0.00331	0.00602	0.00904	0.01163	0.28036	0.12523	0.46060	0.00924	0.00451	0.00129	0.00198	0.05371	0.00368	0.00328
62	0.00941	0.04856	0.24704	0.06182	0.16441	0.00931	0.01986	0.17206	0.10493	0.02292	0.03787	0.01037	0.00748	0.01986	0.02422	0.00133	0.02715	0.00343	0.00247	0.00550
63	0.17788	0.00636	0.00733	0.00603	0.00832	0.00627	0.00487	0.10073	0.02123	0.40767	0.04254	0.07330	0.01014	0.00501	0.00347	0.00115	0.00294	0.00399	0.10549	0.00527
64	0.09580	0.01193	0.32340	0.00925	0.03726	0.00824	0.06739	0.12040	0.07404	0.06496	0.00848	0.01004	0.00649	0.03475	0.05599	0.05597	0.00484	0.00329	0.00239	0.00509

[dist]
# distance from previous block
# <min> <max>
0	1

[block]
# block no. 5 follows, 73 sequences, length 9
# corresponding to MSA columns:
# 356-364
name=unknown_F
#
# <colnr> <probs for GDERKNQSTAVLIFYWHMCP>
#	G	D	E	R	K	N	Q	S	T	A	V	L	I	F	Y	W	H	M	C	P
0	0.00534	0.00446	0.05361	0.00541	0.00625	0.00358	0.00419	0.00641	0.00766	0.03531	0.02152	0.56739	0.13455	0.01022	0.00454	0.00143	0.00243	0.06708	0.05523	0.00336
1	0.00881	0.05834	0.06778	0.00829	0.05984	0.04396	0.01855	0.17552	0.09220	0.01304	0.01035	0.09113	0.00953	0.10116	0.13834	0.00222	0.06199	0.00431	0.03005	0.00459
2	0.00687	0.02934	0.06623	0.00752	0.00917	0.00596	0.13937	0.00865	0.00817	0.04720	0.22886	0.03504	0.04873	0.09036	0.16841	0.00237	0.06030	0.00502	0.02851	0.00394
3	0.19457	0.26352	0.03507	0.03334	0.07773	0.18322	0.00690	0.06011	0.03341	0.03795	0.00637	0.00732	0.00519	0.00374	0.00331	0.00104	0.03775	0.00251	0.00213	0.00480
4	0.51954	0.17335	0.08017	0.02493	0.03709	0.06736	0.00595	0.01135	0.00717	0.01394	0.00552	0.00651	0.00444	0.00345	0.00260	0.00107	0.00369	0.00219	0.00206	0.02759
5	0.00922	0.07383	0.16322	0.01446	0.33725	0.07894	0.06778	0.01196	0.04172	0.04711	0.10917	0.01126	0.00948	0.00405	0.00371	0.00112	0.00451	0.00362	0.00227	0.00532
6	0.00696	0.00731	0.08036	0.05903	0.18310	0.02624	0.06454	0.00894	0.00877	0.01223	0.23683	0.15710	0.04097	0.00608	0.00405	0.00117	0.00343	0.00553	0.00279	0.08456
7	0.00465	0.00352	0.00430	0.00471	0.00536	0.00317	0.00330	0.00558	0.00817	0.01066	0.16304	0.47545	0.27373	0.01039	0.00462	0.00139	0.00203	0.00919	0.00359	0.00317
8	0.00883	0.06045	0.21419	0.00732	0.01030	0.04338	0.00719	0.09720	0.05289	0.07785	0.20680	0.01505	0.04401	0.00505	0.00371	0.00108	0.00363	0.02136	0.00297	0.11674

[dist]
# distance from previous block
# <min> <max>
0	2

[block]
# block no. 6 follows, 73 sequences, length 15
# corresponding to MSA columns:
# 367-381
name=unknown_G
#
# <colnr> <probs for GDERKNQSTAVLIFYWHMCP>
#	G	D	E	R	K	N	Q	S	T	A	V	L	I	F	Y	W	H	M	C	P
0	0.00978	0.21222	0.10809	0.02806	0.11920	0.07851	0.05711	0.07787	0.11645	0.03471	0.03774	0.01066	0.04356	0.00430	0.00390	0.00111	0.04578	0.00340	0.00239	0.00517
1	0.00522	0.00389	0.00480	0.00521	0.00600	0.00365	0.00405	0.00633	0.00809	0.01034	0.06993	0.14932	0.27725	0.12646	0.00674	0.00179	0.00273	0.30171	0.00334	0.00315
2	0.01027	0.12464	0.26363	0.01205	0.18753	0.03548	0.04231	0.08950	0.05803	0.10617	0.00818	0.00902	0.00611	0.00384	0.00376	0.00113	0.02727	0.00311	0.00234	0.00563
3	0.00561	0.00372	0.00443	0.00444	0.00479	0.00359	0.00282	0.00609	0.00681	0.03620	0.12839	0.13985	0.07909	0.52285	0.03325	0.00282	0.00319	0.00644	0.00285	0.00278
4	0.04909	0.49330	0.11009	0.02702	0.03792	0.06566	0.02772	0.02127	0.02671	0.02974	0.04244	0.00840	0.01693	0.00399	0.01376	0.00101	0.00430	0.00267	0.00196	0.01601
5	0.00828	0.00439	0.00524	0.00471	0.00601	0.00419	0.00364	0.03136	0.02773	0.15534	0.31752	0.01881	0.01898	0.00565	0.00353	0.00105	0.00209	0.00476	0.37259	0.00413
6	0.00845	0.05838	0.38733	0.05329	0.09098	0.00770	0.04983	0.01137	0.00854	0.10690	0.09840	0.05180	0.02765	0.01826	0.00401	0.00122	0.00444	0.00396	0.00239	0.00511
7	0.00922	0.03847	0.29817	0.02986	0.04342	0.04105	0.27173	0.02705	0.10796	0.06734	0.02361	0.01004	0.00678	0.00378	0.00387	0.00120	0.00519	0.00362	0.00226	0.00539
8	0.00834	0.00795	0.01352	0.38155	0.49360	0.00867	0.01104	0.01069	0.00810	0.01111	0.00689	0.00959	0.00554	0.00352	0.00373	0.00117	0.00469	0.00334	0.00178	0.00518
9	0.00796	0.07210	0.05008	0.00607	0.00935	0.00621	0.00522	0.00968	0.00768	0.01181	0.00648	0.00767	0.00543	0.00302	0.00322	0.00065	0.04149	0.00228	0.00212	0.74147
10	0.89465	0.00726	0.00551	0.00493	0.00726	0.00842	0.00406	0.01103	0.00638	0.01683	0.00522	0.00609	0.00406	0.00348	0.00232	0.00116	0.00290	0.00203	0.00232	0.00406
11	0.00783	0.00684	0.00771	0.00573	0.00878	0.03033	0.00455	0.00978	0.03668	0.01227	0.04453	0.00910	0.00720	0.00393	0.03056	0.00080	0.00310	0.00256	0.00235	0.76538
12	0.00536	0.00400	0.00594	0.00594	0.00658	0.00464	0.00458	0.00664	0.00600	0.00864	0.01013	0.01520	0.00958	0.06739	0.81431	0.00592	0.00975	0.00409	0.00202	0.00330
13	0.00711	0.01156	0.37319	0.00842	0.03089	0.02854	0.02938	0.01052	0.06128	0.02404	0.25861	0.02809	0.03351	0.01822	0.02142	0.00134	0.00407	0.02923	0.01590	0.00468
14	0.00539	0.00389	0.00536	0.00536	0.00580	0.00433	0.00386	0.00627	0.00583	0.00822	0.01066	0.01811	0.01084	0.31694	0.56649	0.00521	0.00784	0.00451	0.00210	0.00298

[dist]
# distance from previous block
# <min> <max>
0	4

# created by:
# /st0/software/busco_prod/Augustus/scripts/msa2prfl.pl ./align_prep/21022.fa
