[name]
unknown

[dist]
# distance from previous block
# <min> <max>
2	90

[block]
# block no. 0 follows, 66 sequences, length 23
# corresponding to MSA columns:
# 228-250
name=unknown_A
#
# <colnr> <probs for GDERKNQSTAVLIFYWHMCP>
#	G	D	E	R	K	N	Q	S	T	A	V	L	I	F	Y	W	H	M	C	P
0	0.01043	0.07907	0.10692	0.01084	0.04656	0.05785	0.20346	0.06915	0.06188	0.08153	0.03529	0.01236	0.05707	0.00446	0.00418	0.00117	0.02165	0.00399	0.00272	0.12942
1	0.01047	0.04970	0.12764	0.03137	0.06225	0.04225	0.20154	0.10626	0.09692	0.07233	0.07342	0.03677	0.01004	0.00466	0.00416	0.00124	0.00485	0.00429	0.00290	0.05693
2	0.09980	0.00941	0.04673	0.02043	0.02470	0.03784	0.18640	0.13587	0.03973	0.15580	0.06288	0.02283	0.00973	0.00514	0.01853	0.00132	0.00459	0.02592	0.00322	0.08913
3	0.07603	0.08448	0.13009	0.00963	0.01297	0.05974	0.13046	0.12764	0.09724	0.04260	0.05917	0.01090	0.00857	0.00441	0.00412	0.00119	0.03274	0.00363	0.00280	0.10159
4	0.05969	0.08205	0.07860	0.00996	0.04627	0.02176	0.16413	0.07637	0.10327	0.04936	0.06025	0.05026	0.03501	0.00502	0.00400	0.00121	0.00429	0.02773	0.01301	0.10776
5	0.06977	0.06982	0.14908	0.00986	0.03449	0.05190	0.09941	0.19335	0.10638	0.04955	0.05824	0.01211	0.03764	0.00470	0.00392	0.00122	0.00457	0.00389	0.00303	0.03709
6	0.05857	0.06169	0.13000	0.00999	0.04128	0.02842	0.13496	0.08507	0.13300	0.09666	0.02628	0.04850	0.03283	0.00478	0.00395	0.00122	0.00441	0.00416	0.00300	0.09122
7	0.05737	0.11084	0.14256	0.00980	0.04741	0.08141	0.08174	0.10351	0.07758	0.12095	0.03986	0.04064	0.01934	0.00470	0.00384	0.00120	0.00460	0.00386	0.00295	0.04583
8	0.02136	0.08239	0.16553	0.03745	0.04573	0.07155	0.10293	0.08165	0.07008	0.08211	0.02662	0.03200	0.05556	0.00484	0.00433	0.00122	0.03951	0.00399	0.00273	0.06840
9	0.04360	0.13483	0.23460	0.01081	0.03866	0.08396	0.13632	0.11486	0.03595	0.05457	0.04142	0.00999	0.00739	0.00414	0.00382	0.00119	0.00520	0.00346	0.00251	0.03273
10	0.05396	0.11636	0.25520	0.02807	0.05960	0.01003	0.12531	0.10720	0.04210	0.07840	0.03367	0.02956	0.00773	0.00432	0.00387	0.00122	0.00491	0.00369	0.00260	0.03218
11	0.03631	0.06759	0.10307	0.00916	0.05199	0.00843	0.07347	0.09468	0.09001	0.11756	0.05097	0.02563	0.00904	0.00433	0.00373	0.00108	0.00399	0.00366	0.00303	0.24229
12	0.04963	0.05265	0.13812	0.00928	0.02734	0.07936	0.06084	0.17941	0.07269	0.09279	0.02809	0.01033	0.00760	0.00486	0.02365	0.00125	0.00470	0.00341	0.00297	0.15102
13	0.00817	0.05708	0.00869	0.00664	0.00853	0.00615	0.06487	0.06455	0.05117	0.07431	0.39673	0.03328	0.10534	0.03472	0.00493	0.00132	0.00293	0.00603	0.00384	0.06070
14	0.01126	0.00923	0.00908	0.00795	0.02124	0.16221	0.01679	0.02600	0.20140	0.15861	0.15336	0.01643	0.05202	0.02593	0.00489	0.00129	0.04090	0.00458	0.00361	0.07321
15	0.00881	0.00709	0.00901	0.00668	0.00992	0.00570	0.05354	0.01105	0.04088	0.06710	0.07700	0.01231	0.04526	0.00401	0.00345	0.00081	0.00314	0.00341	0.00285	0.62797
16	0.01644	0.00682	0.00907	0.00707	0.00994	0.00609	0.00579	0.06615	0.01204	0.68139	0.11999	0.01568	0.01347	0.00543	0.00417	0.00126	0.00332	0.00447	0.00489	0.00651
17	0.01324	0.03766	0.01116	0.00931	0.02698	0.22637	0.00722	0.40122	0.04996	0.01788	0.01067	0.12975	0.00945	0.00582	0.00429	0.00124	0.02426	0.00450	0.00335	0.00568
18	0.01670	0.00679	0.00904	0.00708	0.01001	0.00603	0.00580	0.01886	0.06031	0.72106	0.05255	0.01550	0.04024	0.00538	0.00414	0.00127	0.00332	0.00441	0.00490	0.00662
19	0.01014	0.00731	0.00842	0.00783	0.04594	0.00769	0.00581	0.13022	0.29557	0.11487	0.11584	0.07372	0.14561	0.00683	0.00436	0.00134	0.00310	0.00576	0.00409	0.00556
20	0.00977	0.12264	0.23345	0.06195	0.14945	0.10647	0.12749	0.01275	0.02688	0.01194	0.00811	0.01126	0.00679	0.00437	0.00436	0.00126	0.04214	0.05141	0.00204	0.00546
21	0.88607	0.00785	0.00596	0.00534	0.00785	0.00910	0.00439	0.01193	0.00690	0.01820	0.00565	0.00659	0.00439	0.00377	0.00251	0.00126	0.00314	0.00220	0.00251	0.00439
22	0.88607	0.00785	0.00596	0.00534	0.00785	0.00910	0.00439	0.01193	0.00690	0.01820	0.00565	0.00659	0.00439	0.00377	0.00251	0.00126	0.00314	0.00220	0.00251	0.00439

[dist]
# distance from previous block
# <min> <max>
0	2

[block]
# block no. 1 follows, 66 sequences, length 29
# corresponding to MSA columns:
# 256-284
name=unknown_B
#
# <colnr> <probs for GDERKNQSTAVLIFYWHMCP>
#	G	D	E	R	K	N	Q	S	T	A	V	L	I	F	Y	W	H	M	C	P
0	0.05063	0.00724	0.01187	0.80646	0.02696	0.00902	0.01093	0.01044	0.00805	0.01075	0.00713	0.01061	0.00536	0.00404	0.00398	0.00135	0.00530	0.00354	0.00184	0.00450
1	0.00835	0.01964	0.73727	0.01228	0.05427	0.00949	0.04804	0.01313	0.03646	0.01301	0.00765	0.00896	0.00549	0.00388	0.00391	0.00129	0.00588	0.00315	0.00182	0.00601
2	0.00704	0.00551	0.00640	0.00639	0.03474	0.00550	0.00461	0.01098	0.21610	0.04203	0.24586	0.11148	0.27078	0.00837	0.00461	0.00136	0.00248	0.00721	0.00403	0.00450
3	0.01538	0.01252	0.01208	0.00950	0.01258	0.13309	0.00773	0.70187	0.01797	0.02329	0.00924	0.00939	0.00666	0.00477	0.00400	0.00119	0.00488	0.00350	0.00377	0.00658
4	0.01110	0.25008	0.04461	0.10745	0.19064	0.21268	0.07975	0.01302	0.00930	0.01095	0.00667	0.00847	0.00558	0.00386	0.00388	0.00112	0.03060	0.00305	0.00192	0.00530
5	0.00952	0.00904	0.01358	0.22813	0.42671	0.03776	0.01072	0.01360	0.15824	0.01306	0.00952	0.01214	0.00772	0.00432	0.00408	0.00129	0.00473	0.02763	0.00240	0.00580
6	0.00520	0.00413	0.00467	0.00453	0.00573	0.00360	0.00340	0.00660	0.01020	0.01322	0.37738	0.03532	0.49277	0.00943	0.00479	0.00133	0.00199	0.00804	0.00407	0.00360
7	0.00499	0.00357	0.00475	0.00562	0.00590	0.00333	0.00377	0.00577	0.00800	0.01072	0.07210	0.80399	0.02754	0.01244	0.00515	0.00162	0.00233	0.01128	0.00381	0.00333
8	0.00612	0.00483	0.00715	0.00696	0.00761	0.00586	0.00548	0.00751	0.00649	0.00946	0.01028	0.01518	0.00963	0.02794	0.75293	0.00601	0.10046	0.00426	0.00213	0.00371
9	0.00572	0.00415	0.00539	0.00508	0.00605	0.00382	0.00381	0.00761	0.01143	0.01614	0.81074	0.03052	0.05759	0.00834	0.00479	0.00128	0.00192	0.00737	0.00445	0.00382
10	0.79627	0.00802	0.00649	0.00566	0.00824	0.00918	0.00466	0.06193	0.00785	0.05271	0.00633	0.00709	0.00478	0.00389	0.00267	0.00125	0.00323	0.00237	0.00271	0.00465
11	0.38026	0.01408	0.00903	0.00822	0.01045	0.46716	0.00635	0.01418	0.00951	0.01347	0.00646	0.00816	0.00542	0.00422	0.00323	0.00116	0.00546	0.02634	0.00232	0.00454
12	0.00494	0.00366	0.00462	0.00535	0.00582	0.00334	0.00364	0.00575	0.00817	0.01067	0.05404	0.67533	0.17563	0.01211	0.00509	0.00158	0.00228	0.01084	0.00379	0.00334
13	0.01041	0.33572	0.01449	0.00789	0.01026	0.05680	0.00690	0.03758	0.02209	0.05295	0.05745	0.00951	0.00782	0.00477	0.00561	0.00112	0.21012	0.00307	0.00232	0.14313
14	0.00972	0.00905	0.01555	0.06679	0.58535	0.00897	0.08893	0.01219	0.01860	0.03726	0.00889	0.06136	0.00773	0.00420	0.00412	0.00123	0.00475	0.00417	0.00224	0.04889
15	0.01443	0.02052	0.01195	0.05065	0.03728	0.06174	0.00782	0.58562	0.09473	0.05873	0.01023	0.01032	0.00736	0.00480	0.00402	0.00123	0.00453	0.00368	0.00379	0.00657
16	0.00653	0.00439	0.00527	0.00490	0.00623	0.00387	0.00373	0.00805	0.01059	0.09118	0.43281	0.03230	0.35750	0.00879	0.00472	0.00131	0.00212	0.00753	0.00423	0.00395
17	0.01176	0.07463	0.03118	0.00854	0.01115	0.12688	0.00694	0.18296	0.37832	0.03272	0.01258	0.05293	0.00997	0.00525	0.00394	0.00124	0.00415	0.00415	0.00353	0.03718
18	0.00888	0.14625	0.64774	0.01143	0.05311	0.04001	0.01341	0.01284	0.00865	0.01227	0.00701	0.00828	0.00521	0.00380	0.00367	0.00121	0.00574	0.00289	0.00174	0.00585
19	0.03218	0.39462	0.28216	0.00863	0.01266	0.01987	0.03283	0.03224	0.00888	0.05925	0.00915	0.03946	0.04357	0.00437	0.00339	0.00111	0.00472	0.00329	0.00217	0.00544
20	0.02708	0.07138	0.06429	0.00799	0.01010	0.03195	0.05194	0.04639	0.12017	0.07521	0.02952	0.07951	0.07057	0.02308	0.02929	0.00166	0.00412	0.24757	0.00340	0.00480
21	0.00495	0.00362	0.00466	0.00546	0.00584	0.00333	0.00369	0.00573	0.00805	0.01060	0.04776	0.73667	0.12015	0.01230	0.00512	0.00160	0.00231	0.01107	0.00379	0.00333
22	0.00960	0.00923	0.01487	0.21254	0.39334	0.03730	0.09667	0.06727	0.00966	0.01308	0.01971	0.04056	0.02432	0.00442	0.00444	0.00129	0.02973	0.00413	0.00223	0.00559
23	0.00930	0.19930	0.35015	0.01311	0.06384	0.01115	0.27207	0.01272	0.00886	0.01220	0.00724	0.00897	0.00556	0.00362	0.00389	0.00122	0.00584	0.00343	0.00184	0.00568
24	0.00547	0.00411	0.00557	0.00612	0.02054	0.00414	0.00436	0.00678	0.02214	0.01087	0.09005	0.39745	0.10833	0.01694	0.25020	0.00301	0.00488	0.03213	0.00333	0.00357
25	0.00590	0.00393	0.00442	0.00442	0.00442	0.00393	0.00246	0.00590	0.00590	0.00787	0.01278	0.02655	0.01475	0.85742	0.02065	0.00393	0.00393	0.00590	0.00246	0.00246
26	0.11003	0.03526	0.05534	0.01239	0.09338	0.01034	0.24517	0.24618	0.04092	0.05802	0.00951	0.04819	0.00747	0.00449	0.00410	0.00128	0.00493	0.00415	0.00295	0.00588
27	0.03020	0.00612	0.00810	0.00707	0.03245	0.00586	0.04866	0.11283	0.01189	0.08533	0.48216	0.02299	0.05853	0.00680	0.00444	0.00123	0.00283	0.00595	0.00405	0.06252
28	0.30117	0.06301	0.00856	0.00662	0.00892	0.02034	0.01602	0.06221	0.06168	0.18575	0.06199	0.06978	0.03140	0.00646	0.03872	0.00149	0.02510	0.00414	0.02155	0.00509

[dist]
# distance from previous block
# <min> <max>
0	4

[block]
# block no. 2 follows, 66 sequences, length 10
# corresponding to MSA columns:
# 293-302
name=unknown_C
#
# <colnr> <probs for GDERKNQSTAVLIFYWHMCP>
#	G	D	E	R	K	N	Q	S	T	A	V	L	I	F	Y	W	H	M	C	P
0	0.01179	0.02276	0.04495	0.01228	0.14886	0.00864	0.15793	0.12644	0.06819	0.19849	0.07019	0.05755	0.01111	0.02338	0.00477	0.00135	0.01731	0.00469	0.00338	0.00592
1	0.01352	0.09262	0.01243	0.01020	0.07534	0.22510	0.00764	0.36229	0.07062	0.01762	0.00927	0.03411	0.00737	0.00473	0.00380	0.00115	0.00496	0.00354	0.03779	0.00588
2	0.00596	0.00417	0.00507	0.00485	0.00595	0.00376	0.00363	0.00758	0.01056	0.03977	0.51343	0.06446	0.24391	0.00867	0.00466	0.00129	0.00201	0.00751	0.05896	0.00379
3	0.01044	0.01039	0.01608	0.02378	0.76849	0.07419	0.01209	0.01274	0.00941	0.01300	0.00753	0.00983	0.00633	0.00366	0.00399	0.00119	0.00501	0.00354	0.00201	0.00629
4	0.00503	0.00403	0.00449	0.00456	0.00567	0.00349	0.00335	0.00620	0.00952	0.01204	0.21182	0.15848	0.53667	0.01020	0.00485	0.00139	0.00207	0.00874	0.00392	0.00349
5	0.00520	0.00385	0.00483	0.00550	0.00608	0.00357	0.00394	0.00611	0.00822	0.01060	0.02583	0.50233	0.20520	0.06386	0.00611	0.00176	0.00259	0.12742	0.00368	0.00334
6	0.03515	0.00944	0.05397	0.00755	0.00958	0.18620	0.03857	0.01111	0.00940	0.07566	0.12040	0.01854	0.06610	0.11719	0.04826	0.00180	0.01931	0.05325	0.00292	0.11563
7	0.01085	0.85986	0.02126	0.00694	0.01041	0.01605	0.00694	0.01215	0.00824	0.00955	0.00564	0.00651	0.00521	0.00347	0.00260	0.00087	0.00434	0.00217	0.00174	0.00521
8	0.00975	0.00926	0.01574	0.05931	0.75219	0.00934	0.01207	0.01214	0.00920	0.01307	0.00838	0.01204	0.00731	0.00405	0.00411	0.00125	0.00479	0.04772	0.00209	0.00620
9	0.01408	0.01722	0.01209	0.01247	0.13486	0.66500	0.00844	0.01598	0.06196	0.01087	0.00711	0.00821	0.00585	0.00418	0.00374	0.00109	0.00669	0.00289	0.00221	0.00507

[dist]
# distance from previous block
# <min> <max>
0	1

[block]
# block no. 3 follows, 66 sequences, length 25
# corresponding to MSA columns:
# 310-334
name=unknown_D
#
# <colnr> <probs for GDERKNQSTAVLIFYWHMCP>
#	G	D	E	R	K	N	Q	S	T	A	V	L	I	F	Y	W	H	M	C	P
0	0.00999	0.00979	0.07172	0.03257	0.10864	0.05274	0.14266	0.06106	0.00969	0.06651	0.00894	0.05636	0.00743	0.00408	0.00380	0.00103	0.00445	0.00372	0.00256	0.34226
1	0.54624	0.06148	0.09735	0.01691	0.01014	0.07681	0.02167	0.03683	0.00793	0.01580	0.00626	0.00754	0.00497	0.00500	0.03613	0.00145	0.03789	0.00256	0.00233	0.00471
2	0.08099	0.00472	0.00551	0.00517	0.00607	0.00463	0.00355	0.00898	0.00784	0.14180	0.10514	0.10409	0.01664	0.40972	0.03438	0.00269	0.00350	0.00588	0.04505	0.00366
3	0.01439	0.01722	0.01168	0.01037	0.01231	0.65348	0.00796	0.09527	0.01158	0.01147	0.00650	0.00776	0.00541	0.00462	0.00492	0.00116	0.11397	0.00284	0.00225	0.00489
4	0.00580	0.00431	0.00635	0.00635	0.00701	0.00498	0.00485	0.00713	0.00647	0.00929	0.01103	0.01682	0.01053	0.09918	0.77312	0.00631	0.01029	0.00448	0.00220	0.00353
5	0.08594	0.00725	0.00931	0.00720	0.01029	0.00661	0.00595	0.06737	0.01169	0.72216	0.01482	0.01300	0.00941	0.00491	0.00396	0.00125	0.00349	0.00391	0.00477	0.00671
6	0.00590	0.00393	0.00442	0.00442	0.00442	0.00393	0.00246	0.00590	0.00590	0.00787	0.01278	0.02655	0.01475	0.85742	0.02065	0.00393	0.00393	0.00590	0.00246	0.00246
7	0.00544	0.00414	0.00500	0.00479	0.00588	0.00370	0.00359	0.00707	0.01077	0.01457	0.57757	0.03310	0.29174	0.00893	0.00479	0.00131	0.00196	0.00773	0.00424	0.00370
8	0.00816	0.02055	0.80704	0.01153	0.01731	0.00953	0.01477	0.01274	0.00848	0.01274	0.00721	0.00858	0.00515	0.00397	0.00419	0.00130	0.03606	0.00302	0.00172	0.00594
9	0.00585	0.00415	0.00552	0.00552	0.00589	0.00453	0.00382	0.00660	0.00622	0.00867	0.01179	0.02102	0.01235	0.42658	0.44820	0.00528	0.00755	0.00509	0.00231	0.00306
10	0.03778	0.19052	0.16850	0.02752	0.09454	0.02136	0.04432	0.04981	0.00878	0.05308	0.02979	0.05117	0.02097	0.08973	0.01553	0.00157	0.08359	0.00398	0.00235	0.00510
11	0.04998	0.15789	0.08350	0.02458	0.11679	0.16598	0.11199	0.08342	0.14142	0.01376	0.00860	0.00958	0.00675	0.00412	0.00375	0.00118	0.00520	0.00338	0.00249	0.00566
12	0.01066	0.01291	0.17200	0.03343	0.02958	0.16350	0.00855	0.10219	0.04411	0.02539	0.00765	0.00890	0.00603	0.00422	0.00464	0.00109	0.09647	0.00300	0.00241	0.26328
13	0.01080	0.05726	0.14367	0.02849	0.04334	0.10919	0.10241	0.06159	0.03831	0.07949	0.00822	0.03066	0.00670	0.00514	0.00657	0.00137	0.23978	0.00369	0.00239	0.02093
14	0.05994	0.40993	0.02620	0.00742	0.01057	0.03300	0.00670	0.15720	0.02972	0.17224	0.01964	0.00965	0.00728	0.02973	0.00379	0.00114	0.00415	0.00306	0.00295	0.00572
15	0.01765	0.00678	0.00924	0.00713	0.01017	0.00587	0.00587	0.01924	0.01161	0.79882	0.05190	0.01454	0.01129	0.00517	0.00411	0.00126	0.00338	0.00422	0.00500	0.00677
16	0.01167	0.16956	0.26701	0.01143	0.08214	0.21168	0.04475	0.11057	0.01065	0.03378	0.00732	0.00839	0.00566	0.00398	0.00366	0.00114	0.00570	0.00299	0.00221	0.00569
17	0.00864	0.02323	0.00762	0.00729	0.04274	0.08453	0.00544	0.05950	0.04691	0.06399	0.23559	0.08232	0.10377	0.00762	0.00471	0.00134	0.02855	0.10518	0.07657	0.00446
18	0.04125	0.00669	0.00872	0.00684	0.00965	0.00601	0.00560	0.05074	0.01152	0.66032	0.06482	0.01455	0.01150	0.00515	0.00397	0.00123	0.00326	0.00418	0.07761	0.00639
19	0.00539	0.00386	0.00487	0.00552	0.01822	0.00371	0.00355	0.00598	0.00729	0.00966	0.01996	0.46366	0.07994	0.28397	0.04185	0.00254	0.00324	0.03041	0.00326	0.00311
20	0.01046	0.09541	0.05772	0.06305	0.08402	0.07196	0.31420	0.09771	0.03340	0.01333	0.00791	0.02014	0.00634	0.00430	0.00522	0.00131	0.10187	0.00393	0.00225	0.00547
21	0.02844	0.01054	0.05181	0.07881	0.02747	0.07324	0.00770	0.19358	0.42480	0.04098	0.01264	0.01238	0.00937	0.00498	0.00402	0.00130	0.00415	0.00399	0.00360	0.00619
22	0.00517	0.00365	0.00474	0.00552	0.00575	0.00346	0.00366	0.00581	0.00752	0.01001	0.02070	0.67985	0.02464	0.15557	0.00781	0.00204	0.00268	0.04469	0.00354	0.00317
23	0.01355	0.19341	0.01511	0.01057	0.01320	0.56350	0.11065	0.01495	0.01057	0.01024	0.00639	0.00761	0.00534	0.00394	0.00358	0.00105	0.00664	0.00280	0.00201	0.00491
24	0.75433	0.00828	0.00665	0.00585	0.00833	0.04435	0.00479	0.01270	0.00747	0.08553	0.00653	0.00728	0.00492	0.00397	0.00297	0.00126	0.02508	0.00241	0.00268	0.00462

[dist]
# distance from previous block
# <min> <max>
0	2

[block]
# block no. 4 follows, 66 sequences, length 20
# corresponding to MSA columns:
# 337-340,344-359
name=unknown_E
#
# <colnr> <probs for GDERKNQSTAVLIFYWHMCP>
#	G	D	E	R	K	N	Q	S	T	A	V	L	I	F	Y	W	H	M	C	P
0	0.00927	0.00852	0.01321	0.18378	0.29783	0.00918	0.06626	0.07692	0.08805	0.01377	0.05174	0.01371	0.06753	0.00489	0.00474	0.00130	0.05680	0.00430	0.00258	0.02563
1	0.00858	0.02565	0.04972	0.00942	0.01174	0.08176	0.20510	0.07360	0.05922	0.01375	0.15825	0.12434	0.13137	0.00681	0.00472	0.00134	0.02057	0.00617	0.00319	0.00472
2	0.00501	0.00396	0.00447	0.00467	0.00564	0.00347	0.00335	0.00605	0.00909	0.01150	0.15369	0.25123	0.47462	0.03783	0.00540	0.00151	0.00217	0.00907	0.00383	0.00342
3	0.06471	0.11107	0.31004	0.00979	0.01361	0.18682	0.03337	0.01448	0.00950	0.15504	0.00823	0.00895	0.00601	0.00423	0.00413	0.00121	0.04774	0.00304	0.00243	0.00560
4	0.19379	0.10412	0.05602	0.00961	0.02781	0.44282	0.04773	0.02844	0.03342	0.01244	0.00661	0.00765	0.00535	0.00400	0.00340	0.00111	0.00583	0.00270	0.00221	0.00492
5	0.03192	0.01041	0.01056	0.01947	0.12864	0.16687	0.00725	0.26465	0.01225	0.03387	0.03655	0.06399	0.00957	0.07294	0.00572	0.00144	0.04633	0.00422	0.06807	0.00530
6	0.00820	0.07444	0.28602	0.00964	0.06003	0.02011	0.05145	0.02587	0.06712	0.01359	0.15609	0.01635	0.07298	0.00534	0.00405	0.00121	0.00427	0.03006	0.00274	0.09045
7	0.00499	0.00397	0.00448	0.00466	0.00568	0.00346	0.00338	0.00610	0.00927	0.01173	0.17242	0.23875	0.49572	0.01053	0.00489	0.00142	0.00210	0.00908	0.00389	0.00346
8	0.01012	0.00979	0.01491	0.07106	0.63575	0.06080	0.01127	0.03569	0.03549	0.01352	0.05578	0.01125	0.00835	0.00404	0.00405	0.00121	0.00478	0.00380	0.00227	0.00607
9	0.00496	0.00412	0.00434	0.00428	0.00558	0.00349	0.00321	0.00614	0.00964	0.01188	0.17805	0.03753	0.69293	0.00993	0.00479	0.00135	0.00203	0.00835	0.00389	0.00349
10	0.01441	0.01724	0.01191	0.01166	0.09210	0.65516	0.00820	0.07568	0.05455	0.01178	0.00720	0.00817	0.00584	0.00425	0.00375	0.00109	0.00665	0.00289	0.00234	0.00512
11	0.00773	0.00524	0.00685	0.02226	0.05000	0.05635	0.00480	0.00681	0.00607	0.00793	0.00721	0.01194	0.00700	0.01352	0.07236	0.65602	0.05004	0.00353	0.00183	0.00251
12	0.01820	0.00690	0.00942	0.00722	0.01036	0.00596	0.00596	0.01977	0.01161	0.83492	0.01601	0.01381	0.01004	0.00502	0.00408	0.00126	0.00345	0.00408	0.00502	0.00690
13	0.00585	0.00414	0.00545	0.00545	0.00581	0.00449	0.00374	0.00656	0.00620	0.00863	0.01184	0.02135	0.01249	0.45194	0.42304	0.00520	0.00733	0.00514	0.00232	0.00303
14	0.00946	0.01105	0.04726	0.01631	0.02007	0.01045	0.71465	0.01268	0.00922	0.01268	0.00790	0.01067	0.00604	0.00379	0.00559	0.00141	0.08877	0.00461	0.00201	0.00539
15	0.01464	0.01141	0.01171	0.00924	0.01229	0.05692	0.00753	0.66004	0.13518	0.02348	0.01053	0.01039	0.00760	0.00492	0.00405	0.00123	0.00444	0.00373	0.00396	0.00671
16	0.01143	0.00973	0.01774	0.01312	0.01649	0.00953	0.46198	0.12280	0.05494	0.14293	0.01087	0.06359	0.00845	0.00467	0.00483	0.00136	0.03187	0.00489	0.00300	0.00577
17	0.01112	0.01047	0.01794	0.03544	0.01722	0.06507	0.46866	0.02745	0.16357	0.11313	0.01055	0.01179	0.00772	0.00414	0.00458	0.00134	0.01679	0.00446	0.00282	0.00576
18	0.01046	0.00664	0.00735	0.00640	0.00827	0.04846	0.00493	0.07634	0.09901	0.22579	0.17362	0.07173	0.16849	0.06720	0.00556	0.00149	0.00312	0.00604	0.00411	0.00499
19	0.04024	0.01004	0.01115	0.03093	0.18717	0.13252	0.00780	0.15213	0.09971	0.18564	0.01300	0.04198	0.05932	0.00515	0.00404	0.00124	0.00438	0.00421	0.00341	0.00595

[dist]
# distance from previous block
# <min> <max>
1	7

[block]
# block no. 5 follows, 66 sequences, length 87
# corresponding to MSA columns:
# 375-399,401-462
name=unknown_F
#
# <colnr> <probs for GDERKNQSTAVLIFYWHMCP>
#	G	D	E	R	K	N	Q	S	T	A	V	L	I	F	Y	W	H	M	C	P
0	0.01035	0.22965	0.32833	0.00944	0.01372	0.06309	0.03437	0.13251	0.01033	0.01386	0.03136	0.00884	0.00651	0.00397	0.00353	0.00109	0.00505	0.00299	0.00225	0.08876
1	0.01055	0.33308	0.15084	0.00833	0.01211	0.07885	0.03891	0.05720	0.02683	0.03285	0.00715	0.00808	0.00579	0.00364	0.00322	0.00095	0.00460	0.00268	0.00219	0.21215
2	0.01054	0.00800	0.00889	0.00783	0.00976	0.02190	0.00609	0.09915	0.42015	0.10184	0.04954	0.08333	0.02624	0.05871	0.00593	0.00155	0.06583	0.00515	0.00389	0.00570
3	0.00599	0.00419	0.00509	0.00501	0.00516	0.00443	0.00316	0.00632	0.00620	0.00846	0.03961	0.02434	0.01446	0.66700	0.14823	0.00417	0.03735	0.00562	0.00245	0.00276
4	0.01463	0.05087	0.01185	0.01027	0.01234	0.75803	0.00781	0.01593	0.03049	0.01008	0.00645	0.00753	0.00540	0.00430	0.00400	0.00107	0.03940	0.00268	0.00211	0.00475
5	0.00497	0.00377	0.00458	0.00512	0.00577	0.00338	0.00356	0.00588	0.00856	0.01106	0.09909	0.52653	0.27994	0.01156	0.00502	0.00153	0.00222	0.01023	0.00383	0.00338
6	0.00590	0.00395	0.00451	0.00451	0.00453	0.00398	0.00256	0.00595	0.00592	0.00793	0.01271	0.02614	0.01457	0.82575	0.05208	0.00403	0.00420	0.00584	0.00245	0.00250
7	0.00599	0.00423	0.00536	0.00503	0.00611	0.00384	0.00379	0.00777	0.01117	0.04098	0.69186	0.03104	0.15067	0.00848	0.00476	0.00129	0.00198	0.00741	0.00438	0.00387
8	0.88607	0.00785	0.00596	0.00534	0.00785	0.00910	0.00439	0.01193	0.00690	0.01820	0.00565	0.00659	0.00439	0.00377	0.00251	0.00126	0.00314	0.00220	0.00251	0.00439
9	0.01085	0.85986	0.02126	0.00694	0.01041	0.01605	0.00694	0.01215	0.00824	0.00955	0.00564	0.00651	0.00521	0.00347	0.00260	0.00087	0.00434	0.00217	0.00174	0.00521
10	0.00494	0.00353	0.00471	0.00565	0.00588	0.00330	0.00377	0.00565	0.00777	0.01036	0.02236	0.85477	0.02683	0.01271	0.00518	0.00165	0.00235	0.01153	0.00377	0.00330
11	0.01543	0.01351	0.01190	0.00959	0.01251	0.24913	0.00770	0.56584	0.01669	0.04488	0.00893	0.00917	0.00651	0.00468	0.00394	0.00117	0.00525	0.00337	0.00352	0.00627
12	0.00875	0.00689	0.00761	0.00638	0.00855	0.03799	0.00497	0.10349	0.09196	0.05009	0.28263	0.05318	0.08241	0.00629	0.00412	0.00112	0.00292	0.00531	0.00370	0.23164
13	0.00962	0.34033	0.47309	0.00973	0.01452	0.06528	0.01147	0.01280	0.00863	0.01140	0.00659	0.00770	0.00517	0.00373	0.00337	0.00111	0.00545	0.00266	0.00175	0.00561
14	0.00559	0.00414	0.00522	0.00495	0.00597	0.00376	0.00371	0.00737	0.01113	0.01543	0.70569	0.03168	0.16308	0.00861	0.00479	0.00129	0.00194	0.00753	0.00436	0.00376
15	0.01234	0.56806	0.01787	0.00816	0.01115	0.30249	0.00725	0.01356	0.00937	0.00968	0.00586	0.00679	0.00521	0.00372	0.00297	0.00093	0.00537	0.00232	0.00186	0.00503
16	0.01080	0.84621	0.03452	0.00702	0.01053	0.01595	0.00707	0.01216	0.00825	0.00960	0.00567	0.00654	0.00521	0.00348	0.00262	0.00087	0.00437	0.00218	0.00174	0.00522
17	0.00871	0.08771	0.68154	0.01124	0.04167	0.00974	0.01353	0.01305	0.02621	0.03803	0.02738	0.00927	0.00629	0.00399	0.00379	0.00125	0.00559	0.00312	0.00194	0.00593
18	0.04480	0.00757	0.00898	0.00839	0.04355	0.00819	0.03475	0.04867	0.42194	0.09394	0.03328	0.09933	0.05009	0.04125	0.00495	0.00149	0.00336	0.03598	0.00386	0.00562
19	0.00494	0.00353	0.00471	0.00565	0.00588	0.00330	0.00377	0.00565	0.00777	0.01036	0.02236	0.85477	0.02683	0.01271	0.00518	0.00165	0.00235	0.01153	0.00377	0.00330
20	0.13422	0.00885	0.01071	0.11905	0.09506	0.05175	0.02206	0.16102	0.05098	0.21805	0.01977	0.01114	0.00774	0.00546	0.03271	0.00144	0.02547	0.00362	0.01513	0.00578
21	0.05962	0.04665	0.02847	0.09689	0.30352	0.17419	0.01850	0.09075	0.02193	0.08360	0.00810	0.00956	0.00631	0.00415	0.00411	0.00121	0.03088	0.00334	0.00249	0.00574
22	0.01450	0.00782	0.00911	0.00747	0.01005	0.03360	0.00593	0.08021	0.22938	0.44411	0.01504	0.01473	0.01068	0.07617	0.00544	0.00150	0.00360	0.00428	0.02010	0.00628
23	0.00590	0.00393	0.00442	0.00442	0.00442	0.00393	0.00246	0.00590	0.00590	0.00787	0.01278	0.02655	0.01475	0.85742	0.02065	0.00393	0.00393	0.00590	0.00246	0.00246
24	0.01244	0.04291	0.05808	0.05311	0.25826	0.07551	0.03685	0.31764	0.03401	0.04315	0.00931	0.01033	0.02113	0.00436	0.00399	0.00121	0.00489	0.00363	0.00294	0.00624
25	0.03685	0.10531	0.18416	0.06428	0.22192	0.08722	0.05960	0.08287	0.01017	0.03373	0.06901	0.01068	0.00829	0.00421	0.00386	0.00120	0.00507	0.00356	0.00237	0.00567
26	0.00601	0.00422	0.00533	0.00511	0.00542	0.00427	0.02824	0.00643	0.00637	0.00868	0.03301	0.02469	0.03252	0.65577	0.13526	0.00403	0.00487	0.00569	0.02129	0.00280
27	0.07963	0.02912	0.07907	0.04056	0.06291	0.00717	0.05031	0.03783	0.00878	0.02252	0.00752	0.02058	0.00616	0.00347	0.00330	0.00087	0.00375	0.00287	0.00237	0.53119
28	0.06039	0.01109	0.01140	0.00901	0.01204	0.04171	0.00736	0.63342	0.13346	0.02339	0.01037	0.01026	0.00749	0.00488	0.00397	0.00124	0.00432	0.00367	0.00392	0.00662
29	0.00576	0.00412	0.00533	0.02573	0.02590	0.00412	0.00388	0.00644	0.00717	0.00961	0.04396	0.28210	0.03517	0.38379	0.07645	0.00301	0.00392	0.06744	0.00300	0.00311
30	0.00686	0.00589	0.00834	0.02984	0.18202	0.00564	0.03304	0.03939	0.02104	0.01343	0.22773	0.09360	0.30150	0.00791	0.00460	0.00133	0.00298	0.00696	0.00348	0.00442
31	0.00983	0.01237	0.13578	0.01573	0.02003	0.01032	0.64298	0.07569	0.01018	0.01395	0.00820	0.01052	0.00607	0.00359	0.00460	0.00134	0.00654	0.00445	0.00216	0.00566
32	0.07935	0.00697	0.00917	0.00709	0.01018	0.00618	0.00585	0.01922	0.01128	0.77737	0.01528	0.01330	0.00964	0.00493	0.00397	0.00126	0.00343	0.00395	0.00484	0.00673
33	0.00941	0.00978	0.01232	0.06220	0.01190	0.09202	0.00892	0.01042	0.00684	0.00982	0.00553	0.00885	0.00532	0.00663	0.01181	0.00168	0.71681	0.00346	0.00181	0.00447
34	0.00574	0.00415	0.00542	0.00510	0.00606	0.00383	0.00383	0.00766	0.01148	0.01627	0.82997	0.03031	0.03828	0.00829	0.00479	0.00128	0.00191	0.00734	0.00447	0.00383
35	0.00654	0.00467	0.00654	0.00747	0.00841	0.00467	0.00654	0.00841	0.00934	0.01214	0.02148	0.04576	0.02335	0.01121	0.00560	0.00187	0.00374	0.80480	0.00374	0.00374
36	0.00705	0.00352	0.00529	0.00529	0.00529	0.00352	0.00352	0.00529	0.00529	0.00705	0.00705	0.01233	0.00705	0.01409	0.01586	0.88196	0.00352	0.00352	0.00176	0.00176
37	0.01085	0.85986	0.02126	0.00694	0.01041	0.01605	0.00694	0.01215	0.00824	0.00955	0.00564	0.00651	0.00521	0.00347	0.00260	0.00087	0.00434	0.00217	0.00174	0.00521
38	0.00648	0.00463	0.00647	0.00740	0.00831	0.00462	0.00643	0.00830	0.00928	0.01207	0.02152	0.07677	0.02348	0.01127	0.00559	0.00186	0.00368	0.77439	0.00374	0.00372
39	0.00961	0.01031	0.02100	0.01731	0.15354	0.00986	0.59788	0.03644	0.02879	0.01354	0.03424	0.03099	0.00785	0.00391	0.00463	0.00134	0.00610	0.00479	0.00227	0.00559
40	0.01129	0.00931	0.00985	0.00850	0.01101	0.01065	0.00671	0.20065	0.64374	0.01890	0.01499	0.01392	0.01115	0.00536	0.00411	0.00134	0.00349	0.00438	0.00411	0.00653
41	0.65246	0.00872	0.00759	0.00638	0.00908	0.00993	0.00526	0.21582	0.01005	0.03294	0.00685	0.00750	0.00512	0.00406	0.00293	0.00125	0.00348	0.00259	0.00294	0.00507
42	0.04282	0.00731	0.01169	0.73570	0.02539	0.00908	0.01054	0.03355	0.00825	0.01102	0.00733	0.01104	0.00570	0.03072	0.00482	0.00144	0.03358	0.00362	0.00192	0.00451
43	0.01542	0.01136	0.01218	0.00933	0.01258	0.01258	0.00771	0.81858	0.01908	0.02557	0.00974	0.00974	0.00690	0.00487	0.00406	0.00122	0.00446	0.00365	0.00406	0.00690
44	0.00766	0.00721	0.01217	0.84767	0.02794	0.00901	0.01127	0.01037	0.00811	0.01037	0.00721	0.01082	0.00541	0.00406	0.00406	0.00135	0.00541	0.00361	0.00180	0.00451
45	0.88607	0.00785	0.00596	0.00534	0.00785	0.00910	0.00439	0.01193	0.00690	0.01820	0.00565	0.00659	0.00439	0.00377	0.00251	0.00126	0.00314	0.00220	0.00251	0.00439
46	0.00580	0.00435	0.00652	0.00652	0.00724	0.00507	0.00507	0.00724	0.00652	0.00942	0.01087	0.01594	0.01014	0.03043	0.84134	0.00652	0.01087	0.00435	0.00217	0.00362
47	0.88607	0.00785	0.00596	0.00534	0.00785	0.00910	0.00439	0.01193	0.00690	0.01820	0.00565	0.00659	0.00439	0.00377	0.00251	0.00126	0.00314	0.00220	0.00251	0.00439
48	0.00590	0.00393	0.00442	0.00442	0.00442	0.00393	0.00246	0.00590	0.00590	0.00787	0.01278	0.02655	0.01475	0.85742	0.02065	0.00393	0.00393	0.00590	0.00246	0.00246
49	0.00608	0.00423	0.00551	0.00515	0.00617	0.00388	0.00388	0.00797	0.01145	0.03950	0.79327	0.02999	0.05105	0.00823	0.00477	0.00128	0.00196	0.00727	0.00447	0.00391
50	0.01392	0.01047	0.01117	0.00887	0.01181	0.01167	0.00723	0.60853	0.19796	0.02323	0.01139	0.01116	0.00826	0.00501	0.00402	0.00124	0.00408	0.00387	0.03944	0.00667
51	0.00590	0.00393	0.00442	0.00442	0.00442	0.00393	0.00246	0.00590	0.00590	0.00787	0.01278	0.02655	0.01475	0.85742	0.02065	0.00393	0.00393	0.00590	0.00246	0.00246
52	0.34113	0.04476	0.05081	0.04061	0.04982	0.00979	0.03777	0.19030	0.05982	0.09287	0.00911	0.04090	0.00706	0.00455	0.00348	0.00126	0.00393	0.00344	0.00309	0.00551
53	0.01062	0.35271	0.21043	0.01003	0.05091	0.09431	0.05651	0.05738	0.08570	0.01231	0.00781	0.02042	0.00637	0.00403	0.00345	0.00111	0.00506	0.00307	0.00217	0.00559
54	0.00920	0.00996	0.04605	0.08769	0.10070	0.00957	0.45997	0.04689	0.00932	0.01280	0.00883	0.05626	0.00750	0.03699	0.00570	0.00146	0.05809	0.00473	0.00220	0.02609
55	0.04647	0.08430	0.22181	0.01131	0.08889	0.03372	0.08892	0.17506	0.03216	0.14328	0.00962	0.03019	0.00716	0.00440	0.00391	0.00124	0.00490	0.00366	0.00291	0.00609
56	0.01043	0.53544	0.10215	0.00982	0.01362	0.03153	0.19182	0.03122	0.00894	0.01112	0.01669	0.00811	0.00586	0.00360	0.00331	0.00104	0.00511	0.00295	0.00190	0.00536
57	0.01820	0.00690	0.00942	0.00722	0.01036	0.00596	0.00596	0.01977	0.01161	0.83492	0.01601	0.01381	0.01004	0.00502	0.00408	0.00126	0.00345	0.00408	0.00502	0.00690
58	0.00915	0.05765	0.41281	0.01368	0.01864	0.01022	0.36567	0.03991	0.00934	0.01318	0.00769	0.00954	0.00565	0.00368	0.00421	0.00130	0.00623	0.00376	0.00194	0.00576
59	0.00958	0.02620	0.05405	0.07351	0.20189	0.09312	0.05292	0.03153	0.05512	0.07705	0.03888	0.21286	0.01324	0.00654	0.00436	0.00135	0.00436	0.03536	0.00295	0.00513
60	0.01704	0.00658	0.00885	0.00688	0.00979	0.00573	0.00565	0.01865	0.01134	0.74821	0.03177	0.01425	0.01063	0.00506	0.00399	0.00123	0.00329	0.00412	0.08036	0.00658
61	0.00575	0.00426	0.00581	0.00692	0.03847	0.00408	0.00508	0.00702	0.00866	0.01137	0.04687	0.42161	0.09675	0.01145	0.00525	0.00168	0.00293	0.30874	0.00371	0.00361
62	0.01094	0.17735	0.17056	0.01080	0.02513	0.10021	0.17424	0.05257	0.07935	0.07671	0.02876	0.01069	0.02350	0.00436	0.00424	0.00122	0.03761	0.00365	0.00251	0.00559
63	0.01188	0.02880	0.05190	0.00917	0.02566	0.03776	0.04510	0.15019	0.37493	0.12651	0.04801	0.01338	0.01081	0.00522	0.00450	0.00132	0.04063	0.00423	0.00377	0.00622
64	0.00772	0.00634	0.00832	0.01007	0.12274	0.05066	0.00741	0.02932	0.01885	0.01253	0.01842	0.05028	0.01956	0.00958	0.00522	0.00171	0.00407	0.60953	0.00342	0.00426
65	0.01240	0.04761	0.01721	0.01310	0.01616	0.42824	0.35986	0.01451	0.01046	0.01133	0.00711	0.00889	0.00565	0.00379	0.00409	0.00117	0.00689	0.00354	0.00207	0.02590
66	0.82080	0.00840	0.03133	0.00570	0.00835	0.00927	0.00486	0.04785	0.00750	0.01837	0.00588	0.00679	0.00453	0.00382	0.00262	0.00125	0.00328	0.00229	0.00256	0.00455
67	0.00914	0.01221	0.29923	0.01169	0.12660	0.00829	0.07478	0.05327	0.04314	0.06713	0.05757	0.01406	0.00976	0.11929	0.02358	0.00176	0.03360	0.01479	0.01473	0.00538
68	0.00724	0.04229	0.16924	0.00700	0.00891	0.03725	0.01917	0.00844	0.00827	0.01118	0.16814	0.06056	0.06976	0.02920	0.00806	0.25593	0.00378	0.05175	0.00267	0.03115
69	0.00497	0.00378	0.00457	0.00509	0.00577	0.00339	0.00354	0.00589	0.00859	0.01109	0.10104	0.51024	0.29440	0.01151	0.00502	0.00152	0.00222	0.01017	0.00383	0.00339
70	0.32748	0.01328	0.00922	0.00840	0.02488	0.40120	0.00639	0.06310	0.01012	0.05287	0.00727	0.02807	0.00590	0.00432	0.00332	0.00116	0.00519	0.00285	0.02019	0.00481
71	0.74060	0.04321	0.00732	0.00598	0.00855	0.06357	0.00492	0.06191	0.00801	0.01777	0.00594	0.00683	0.00463	0.00385	0.00268	0.00122	0.00354	0.00231	0.00255	0.00460
72	0.00766	0.00721	0.01217	0.84767	0.02794	0.00901	0.01127	0.01037	0.00811	0.01037	0.00721	0.01082	0.00541	0.00406	0.00406	0.00135	0.00541	0.00361	0.00180	0.00451
73	0.01378	0.00759	0.01015	0.00771	0.01092	0.02137	0.06722	0.01630	0.07153	0.44126	0.03231	0.01242	0.00936	0.00442	0.00384	0.00108	0.00360	0.00374	0.00391	0.25748
74	0.00488	0.00402	0.00428	0.00441	0.00558	0.00343	0.00323	0.00591	0.00916	0.01120	0.08739	0.16287	0.65859	0.01052	0.00485	0.00141	0.00209	0.00894	0.00381	0.00343
75	0.00773	0.00728	0.01230	0.82349	0.05157	0.00903	0.01130	0.01043	0.00815	0.01045	0.00722	0.01079	0.00544	0.00404	0.00406	0.00135	0.00539	0.00361	0.00181	0.00456
76	0.00574	0.00383	0.00425	0.00453	0.00540	0.00351	0.00325	0.00697	0.00864	0.01227	0.05700	0.28724	0.29295	0.00924	0.00431	0.00132	0.00209	0.00796	0.27600	0.00351
77	0.01516	0.01934	0.01150	0.01045	0.01254	0.84113	0.00784	0.01620	0.01150	0.00993	0.00627	0.00732	0.00523	0.00418	0.00366	0.00105	0.00732	0.00261	0.00209	0.00470
78	0.00722	0.00389	0.00566	0.00557	0.00565	0.00405	0.00380	0.00605	0.03669	0.00751	0.00736	0.01233	0.00720	0.01355	0.01533	0.82086	0.02984	0.00357	0.00185	0.00202
79	0.01820	0.00690	0.00942	0.00722	0.01036	0.00596	0.00596	0.01977	0.01161	0.83492	0.01601	0.01381	0.01004	0.00502	0.00408	0.00126	0.00345	0.00408	0.00502	0.00690
80	0.01505	0.01087	0.01160	0.00910	0.01210	0.04339	0.00745	0.60488	0.08552	0.11343	0.01073	0.01053	0.00759	0.00499	0.00436	0.00125	0.03272	0.00374	0.00402	0.00669
81	0.00939	0.00931	0.01524	0.06089	0.37411	0.01083	0.08414	0.01127	0.00795	0.01163	0.00670	0.00968	0.00589	0.00507	0.00797	0.00147	0.35746	0.00369	0.00190	0.00541
82	0.00898	0.00843	0.01408	0.45293	0.38575	0.00941	0.01168	0.03841	0.00898	0.01216	0.00748	0.01044	0.00591	0.00389	0.00404	0.00128	0.00511	0.00361	0.00197	0.00544
83	0.04352	0.08524	0.28487	0.01234	0.01652	0.06267	0.28840	0.05152	0.04075	0.02827	0.00819	0.02438	0.00631	0.00406	0.00428	0.00128	0.02588	0.00376	0.00219	0.00560
84	0.04090	0.06947	0.01399	0.03728	0.03328	0.26294	0.17986	0.04426	0.01000	0.05437	0.01828	0.04758	0.00776	0.00480	0.00466	0.00122	0.06812	0.03104	0.00244	0.06775
85	0.02774	0.01371	0.01394	0.01183	0.04121	0.38597	0.19813	0.03365	0.03359	0.02575	0.00846	0.02993	0.01639	0.00531	0.02475	0.00137	0.07907	0.02084	0.00232	0.02603
86	0.03462	0.01290	0.01370	0.03676	0.01397	0.30334	0.17617	0.08780	0.07503	0.01284	0.00859	0.01091	0.01618	0.00520	0.01421	0.00137	0.14004	0.02883	0.00245	0.00509

[dist]
# distance from previous block
# <min> <max>
9	201

[block]
# block no. 6 follows, 66 sequences, length 6
# corresponding to MSA columns:
# 679-684
name=unknown_G
#
# <colnr> <probs for GDERKNQSTAVLIFYWHMCP>
#	G	D	E	R	K	N	Q	S	T	A	V	L	I	F	Y	W	H	M	C	P
0	0.09787	0.00986	0.00994	0.00868	0.04649	0.18158	0.05459	0.05438	0.00992	0.07240	0.05689	0.05132	0.04811	0.00504	0.00412	0.00111	0.03737	0.01995	0.00283	0.22756
1	0.06840	0.04671	0.05544	0.01058	0.01356	0.12620	0.22753	0.07240	0.06326	0.05936	0.04773	0.03093	0.00916	0.00479	0.00444	0.00125	0.03864	0.03910	0.00275	0.07777
2	0.21767	0.00978	0.01016	0.05070	0.01181	0.16230	0.09458	0.03468	0.05236	0.09533	0.03328	0.01385	0.03131	0.00495	0.00378	0.00123	0.00448	0.07428	0.00291	0.09056
3	0.14924	0.00749	0.00885	0.00727	0.00974	0.04325	0.07339	0.02843	0.04889	0.08017	0.01334	0.05395	0.08857	0.02614	0.04657	0.00149	0.01992	0.05248	0.00296	0.23786
4	0.18522	0.00810	0.00889	0.02350	0.03448	0.08180	0.04701	0.03449	0.07715	0.15691	0.05854	0.09689	0.02881	0.00587	0.00394	0.00128	0.00375	0.05786	0.00336	0.08215
5	0.11067	0.00925	0.04376	0.03289	0.01055	0.16083	0.06015	0.03264	0.01011	0.07900	0.16947	0.06272	0.05169	0.00635	0.00418	0.00128	0.00414	0.09136	0.00321	0.05574

[dist]
# distance from previous block
# <min> <max>
0	1

[block]
# block no. 7 follows, 66 sequences, length 76
# corresponding to MSA columns:
# 686-696,714-778
name=unknown_H
#
# <colnr> <probs for GDERKNQSTAVLIFYWHMCP>
#	G	D	E	R	K	N	Q	S	T	A	V	L	I	F	Y	W	H	M	C	P
0	0.09230	0.00855	0.00898	0.00696	0.01000	0.08509	0.03350	0.07486	0.02028	0.04303	0.04910	0.02388	0.04146	0.00415	0.00341	0.00089	0.00359	0.00330	0.00279	0.48388
1	0.00776	0.00643	0.00898	0.00731	0.00968	0.00566	0.10126	0.05413	0.00991	0.02829	0.15037	0.06598	0.12275	0.00663	0.00429	0.00118	0.00331	0.11300	0.00327	0.28981
2	0.07260	0.00499	0.00635	0.00605	0.00739	0.00478	0.03274	0.00853	0.03317	0.02331	0.34931	0.09795	0.13450	0.00864	0.00471	0.00141	0.00268	0.15886	0.00386	0.03818
3	0.05167	0.10080	0.01129	0.00818	0.01105	0.17090	0.00668	0.23587	0.09409	0.03162	0.00938	0.01114	0.00763	0.00458	0.00363	0.00108	0.00446	0.04757	0.00303	0.18534
4	0.02964	0.00749	0.00920	0.00673	0.01022	0.00605	0.05001	0.01110	0.06287	0.01354	0.00836	0.00942	0.01873	0.00332	0.00319	0.00072	0.00322	0.00277	0.00252	0.74090
5	0.00987	0.02399	0.04586	0.01511	0.03412	0.02973	0.60659	0.06491	0.01002	0.01361	0.00842	0.03070	0.00662	0.00378	0.00460	0.00129	0.01443	0.00452	0.00223	0.06959
6	0.01470	0.00965	0.01013	0.00820	0.01089	0.09751	0.00658	0.32817	0.05436	0.28396	0.06580	0.06873	0.01137	0.00562	0.00415	0.00125	0.00407	0.00449	0.00417	0.00620
7	0.00573	0.00423	0.00586	0.00577	0.00655	0.00448	0.00436	0.00719	0.00825	0.01163	0.28014	0.03240	0.06128	0.08303	0.45556	0.00430	0.00689	0.00573	0.00304	0.00359
8	0.00939	0.40977	0.45862	0.00942	0.01425	0.01250	0.01126	0.01252	0.00842	0.01132	0.00652	0.00761	0.00517	0.00368	0.00327	0.00109	0.00523	0.00261	0.00172	0.00563
9	0.00858	0.16643	0.00911	0.00623	0.00809	0.01667	0.00526	0.01845	0.02961	0.12243	0.04968	0.06613	0.27169	0.00869	0.02470	0.00149	0.02009	0.15873	0.00348	0.00445
10	0.00585	0.00430	0.00558	0.00568	0.00669	0.00403	0.00455	0.00763	0.01052	0.01427	0.47284	0.03624	0.14549	0.00946	0.00504	0.00147	0.00249	0.25000	0.00415	0.00374
11	0.00536	0.00406	0.00499	0.00536	0.00615	0.00379	0.00388	0.02520	0.00887	0.01154	0.11213	0.40600	0.26862	0.01243	0.06075	0.00185	0.00290	0.04883	0.00374	0.00352
12	0.00863	0.00854	0.01241	0.67871	0.02492	0.07935	0.03010	0.03285	0.00860	0.01077	0.00710	0.01037	0.00545	0.00428	0.00466	0.00135	0.06187	0.00355	0.00189	0.00461
13	0.02071	0.01016	0.01871	0.17664	0.08366	0.01038	0.44085	0.16035	0.01098	0.01488	0.00822	0.01058	0.00615	0.00383	0.00443	0.00132	0.00593	0.00423	0.00237	0.00561
14	0.01392	0.00905	0.06328	0.00816	0.01115	0.00861	0.00693	0.10827	0.34576	0.35671	0.01496	0.01356	0.01034	0.00513	0.00408	0.00130	0.00363	0.00417	0.00433	0.00665
15	0.00842	0.00724	0.00849	0.00609	0.00963	0.00554	0.00488	0.01021	0.00837	0.01316	0.00718	0.00842	0.00600	0.00308	0.00319	0.00062	0.01837	0.00242	0.00239	0.86629
16	0.01200	0.01021	0.01091	0.00871	0.01145	0.11801	0.06320	0.35214	0.01355	0.03594	0.05190	0.11303	0.01054	0.00547	0.00404	0.00115	0.00433	0.00452	0.00336	0.16555
17	0.00773	0.00576	0.00789	0.27839	0.01306	0.05967	0.00627	0.00766	0.00663	0.00834	0.00725	0.01202	0.00667	0.04026	0.01141	0.50833	0.00439	0.00358	0.00182	0.00287
18	0.00789	0.00804	0.01366	0.01060	0.01297	0.06234	0.35527	0.01023	0.01019	0.01354	0.29304	0.08481	0.08646	0.00642	0.00474	0.00134	0.00445	0.00635	0.00315	0.00452
19	0.01088	0.00884	0.00946	0.00831	0.01068	0.01005	0.00658	0.15658	0.61683	0.03037	0.01557	0.01590	0.01199	0.00569	0.00418	0.00137	0.00344	0.04885	0.01810	0.00632
20	0.01020	0.00853	0.00907	0.00814	0.01042	0.00979	0.00633	0.02111	0.77794	0.04071	0.03973	0.01553	0.01306	0.00557	0.00415	0.00137	0.00318	0.00465	0.00416	0.00636
21	0.00898	0.00498	0.00647	0.00565	0.00723	0.00451	0.00439	0.02752	0.01153	0.21943	0.55806	0.02636	0.08341	0.00754	0.00460	0.00128	0.00236	0.00653	0.00455	0.00463
22	0.00580	0.00432	0.00638	0.00638	0.00706	0.00500	0.00490	0.00716	0.00648	0.00932	0.01099	0.01663	0.01044	0.08409	0.78809	0.00635	0.01042	0.00445	0.00219	0.00355
23	0.00494	0.00384	0.00450	0.00491	0.00572	0.00340	0.00346	0.00589	0.00873	0.01109	0.09456	0.42295	0.38901	0.01127	0.00498	0.00149	0.00218	0.00987	0.00382	0.00340
24	0.88607	0.00785	0.00596	0.00534	0.00785	0.00910	0.00439	0.01193	0.00690	0.01820	0.00565	0.00659	0.00439	0.00377	0.00251	0.00126	0.00314	0.00220	0.00251	0.00439
25	0.01516	0.01934	0.01150	0.01045	0.01254	0.84113	0.00784	0.01620	0.01150	0.00993	0.00627	0.00732	0.00523	0.00418	0.00366	0.00105	0.00732	0.00261	0.00209	0.00470
26	0.00485	0.00388	0.00434	0.00471	0.00564	0.00337	0.00335	0.00575	0.00867	0.01072	0.03376	0.35853	0.51572	0.01123	0.00495	0.00148	0.00217	0.00973	0.00377	0.00337
27	0.01309	0.00725	0.00897	0.00679	0.00996	0.00623	0.00552	0.08128	0.02692	0.37097	0.06626	0.01245	0.01011	0.00444	0.00370	0.00100	0.00325	0.00361	0.00385	0.35435
28	0.06728	0.03352	0.03509	0.02216	0.01084	0.01069	0.01785	0.01021	0.00691	0.01117	0.00587	0.00861	0.00541	0.00574	0.00963	0.00145	0.54630	0.00318	0.00196	0.18614
29	0.00627	0.00441	0.00557	0.00541	0.00566	0.00480	0.00361	0.00674	0.00624	0.02221	0.02244	0.02257	0.01320	0.56892	0.22631	0.00437	0.06054	0.00534	0.00241	0.00297
30	0.01251	0.00756	0.00889	0.00765	0.01008	0.00792	0.00612	0.03401	0.41819	0.30290	0.07075	0.01757	0.01390	0.00588	0.00425	0.00136	0.00327	0.05650	0.00444	0.00625
31	0.03121	0.00966	0.01299	0.02886	0.01355	0.03959	0.20048	0.08558	0.41795	0.01594	0.01256	0.01279	0.01772	0.00475	0.00433	0.00130	0.02030	0.00429	0.00330	0.06284
32	0.00926	0.02350	0.27584	0.01409	0.01841	0.01010	0.44036	0.04711	0.00938	0.01321	0.00793	0.02086	0.00607	0.00397	0.00496	0.00134	0.06101	0.00410	0.00204	0.02646
