[name]
unknown

[dist]
# distance from previous block
# <min> <max>
0	45

[block]
# block no. 0 follows, 73 sequences, length 59
# corresponding to MSA columns:
# 45-103
name=unknown_A
#
# <colnr> <probs for GDERKNQSTAVLIFYWHMCP>
#	G	D	E	R	K	N	Q	S	T	A	V	L	I	F	Y	W	H	M	C	P
0	0.00605	0.00432	0.00605	0.00691	0.00777	0.00432	0.00605	0.00777	0.00864	0.01123	0.01986	0.04232	0.02159	0.01036	0.00518	0.00173	0.00345	0.81949	0.00345	0.00345
1	0.01657	0.00681	0.00897	0.00688	0.00979	0.00614	0.00568	0.10167	0.01145	0.76296	0.01421	0.01238	0.00899	0.00463	0.00377	0.00116	0.00329	0.00373	0.00455	0.00638
2	0.01426	0.01051	0.01126	0.00863	0.01163	0.01163	0.00713	0.83224	0.01764	0.02364	0.00901	0.00901	0.00638	0.00450	0.00375	0.00113	0.00413	0.00338	0.00375	0.00638
3	0.01434	0.01010	0.01097	0.00844	0.01141	0.01106	0.00696	0.74283	0.03913	0.09180	0.00966	0.00945	0.00676	0.00453	0.00376	0.00113	0.00402	0.00343	0.00383	0.00637
4	0.00508	0.00383	0.00470	0.00448	0.00547	0.00344	0.00336	0.00664	0.01009	0.01378	0.63472	0.03011	0.24423	0.00814	0.00443	0.00120	0.00180	0.00708	0.00396	0.00344
5	0.00896	0.00722	0.00857	0.00629	0.00951	0.00607	0.02446	0.09839	0.05320	0.04824	0.00774	0.00850	0.00612	0.00317	0.00302	0.00070	0.00303	0.00257	0.00256	0.69168
6	0.89465	0.00726	0.00551	0.00493	0.00726	0.00842	0.00406	0.01103	0.00638	0.01683	0.00522	0.00609	0.00406	0.00348	0.00232	0.00116	0.00290	0.00203	0.00232	0.00406
7	0.00812	0.04395	0.00836	0.00613	0.02122	0.02881	0.00480	0.02808	0.07626	0.01226	0.00843	0.00961	0.02946	0.02445	0.02620	0.00090	0.00320	0.00271	0.00238	0.65466
8	0.00531	0.00424	0.00563	0.14597	0.00873	0.00423	0.00444	0.00675	0.00873	0.01158	0.32875	0.10223	0.24337	0.06847	0.03383	0.00158	0.00278	0.00668	0.00329	0.00340
9	0.00942	0.03935	0.05483	0.00715	0.01056	0.01591	0.07583	0.08178	0.00903	0.09160	0.00766	0.00849	0.00591	0.00321	0.00313	0.00077	0.00347	0.00268	0.00250	0.56673
10	0.00457	0.00326	0.00435	0.00522	0.00544	0.00305	0.00348	0.00522	0.00718	0.00958	0.02068	0.86570	0.02481	0.01175	0.00479	0.00152	0.00218	0.01067	0.00348	0.00305
11	0.00795	0.00677	0.00787	0.00564	0.00896	0.00518	0.00452	0.03157	0.00804	0.01253	0.00673	0.00781	0.00558	0.00282	0.00280	0.00057	0.00281	0.00225	0.00226	0.86729
12	0.02064	0.14640	0.36633	0.00985	0.01393	0.01990	0.13538	0.06000	0.00882	0.08390	0.02348	0.00879	0.00602	0.00372	0.00376	0.00111	0.03010	0.00308	0.00212	0.05265
13	0.01435	0.01037	0.01117	0.00857	0.01157	0.01143	0.00708	0.80525	0.01741	0.05096	0.00920	0.00913	0.00648	0.00451	0.00375	0.00113	0.00410	0.00339	0.00378	0.00638
14	0.00806	0.00746	0.01283	0.55929	0.25679	0.00848	0.04977	0.01048	0.00795	0.03310	0.00704	0.00988	0.00542	0.00363	0.00377	0.00121	0.00486	0.00340	0.00181	0.00477
15	0.00549	0.00401	0.00572	0.00568	0.00617	0.00458	0.00423	0.00643	0.00586	0.00834	0.01014	0.01642	0.01001	0.19606	0.63062	0.04212	0.02874	0.00426	0.00204	0.00308
16	0.01016	0.84345	0.01937	0.00652	0.00969	0.04135	0.00645	0.01135	0.00772	0.00884	0.00523	0.00604	0.00482	0.00323	0.00244	0.00081	0.00410	0.00202	0.00162	0.00480
17	0.00482	0.00366	0.00538	0.00584	0.00626	0.00342	0.05135	0.00562	0.00728	0.00972	0.01992	0.81622	0.02371	0.01126	0.00477	0.00151	0.00242	0.01030	0.00339	0.00316
18	0.04039	0.05433	0.01135	0.00892	0.03432	0.15034	0.00707	0.56167	0.06294	0.01954	0.00848	0.00870	0.00626	0.00430	0.00358	0.00109	0.00446	0.00316	0.00325	0.00586
19	0.00986	0.00832	0.00878	0.00774	0.00996	0.00958	0.00607	0.10718	0.74986	0.01655	0.01460	0.01346	0.01091	0.00503	0.00381	0.00126	0.00309	0.00415	0.00381	0.00599
20	0.00536	0.00401	0.00598	0.00598	0.00664	0.00466	0.00463	0.00667	0.00602	0.00867	0.01009	0.01498	0.00948	0.04888	0.83269	0.00597	0.00989	0.00406	0.00202	0.00332
21	0.00655	0.00362	0.00513	0.00516	0.00538	0.00366	0.00361	0.02011	0.02542	0.00773	0.02154	0.03487	0.02171	0.04313	0.01300	0.69600	0.00323	0.07608	0.00201	0.00208
22	0.89465	0.00726	0.00551	0.00493	0.00726	0.00842	0.00406	0.01103	0.00638	0.01683	0.00522	0.00609	0.00406	0.00348	0.00232	0.00116	0.00290	0.00203	0.00232	0.00406
23	0.00709	0.00667	0.01125	0.85913	0.02584	0.00834	0.01042	0.00959	0.00750	0.00959	0.00667	0.01000	0.00500	0.00375	0.00375	0.00125	0.00500	0.00333	0.00167	0.00417
24	0.00524	0.00383	0.00492	0.00465	0.00556	0.00351	0.00349	0.00695	0.01046	0.01467	0.78206	0.02863	0.09634	0.00781	0.00443	0.00119	0.00178	0.00687	0.00408	0.00351
25	0.00809	0.00777	0.01346	0.44329	0.37124	0.00858	0.05722	0.01049	0.00799	0.01084	0.00694	0.00979	0.00551	0.00397	0.01850	0.00128	0.00493	0.00341	0.00177	0.00495
26	0.00821	0.00821	0.01149	0.00985	0.00985	0.01149	0.00821	0.00903	0.00575	0.00903	0.00492	0.00821	0.00492	0.00657	0.01231	0.00164	0.86128	0.00328	0.00164	0.00410
27	0.00718	0.00368	0.00370	0.00363	0.00456	0.00371	0.00274	0.03036	0.00812	0.01424	0.01215	0.01386	0.00953	0.00437	0.00265	0.00088	0.00181	0.00349	0.86574	0.00357
28	0.01589	0.00663	0.00874	0.00680	0.00958	0.00601	0.00560	0.09054	0.02165	0.71914	0.02614	0.03333	0.00997	0.00493	0.00383	0.00118	0.00323	0.01608	0.00450	0.00622
29	0.13505	0.08254	0.64079	0.00969	0.01454	0.00916	0.03509	0.01171	0.00770	0.01236	0.00642	0.00758	0.00469	0.00351	0.00332	0.00116	0.00507	0.00265	0.00170	0.00526
30	0.00458	0.00378	0.00402	0.00402	0.00517	0.00322	0.00299	0.00564	0.00881	0.01088	0.16406	0.07830	0.67289	0.00933	0.00445	0.00127	0.00189	0.00788	0.00359	0.00322
31	0.01426	0.00986	0.01078	0.00832	0.01125	0.01074	0.00685	0.69965	0.04394	0.11775	0.02228	0.00989	0.00731	0.00459	0.00377	0.00114	0.00395	0.00350	0.00386	0.00632
32	0.01003	0.87041	0.01966	0.00642	0.00963	0.01485	0.00642	0.01123	0.00762	0.00883	0.00522	0.00602	0.00481	0.00321	0.00241	0.00080	0.00401	0.00201	0.00160	0.00481
33	0.00778	0.00667	0.00778	0.00556	0.00889	0.00500	0.00445	0.00945	0.00778	0.01223	0.00667	0.00778	0.00556	0.00278	0.00278	0.00056	0.00278	0.00222	0.00222	0.89108
34	0.00915	0.00759	0.00889	0.17214	0.01246	0.00874	0.00655	0.14629	0.43588	0.01474	0.01240	0.03799	0.01000	0.09402	0.00540	0.00150	0.00359	0.00424	0.00322	0.00521
35	0.00607	0.00460	0.02157	0.00698	0.00793	0.00440	0.00619	0.00785	0.00862	0.01124	0.01962	0.04169	0.02128	0.01024	0.00515	0.00172	0.00349	0.80445	0.00342	0.00349
36	0.00465	0.00327	0.00432	0.00517	0.00541	0.00306	0.00345	0.00534	0.00721	0.00972	0.02040	0.83746	0.02431	0.01151	0.00472	0.00150	0.00216	0.01043	0.03284	0.00306
37	0.00464	0.00330	0.00433	0.00513	0.00533	0.00310	0.00338	0.00524	0.00704	0.00939	0.01996	0.79764	0.02391	0.08105	0.00595	0.00169	0.00229	0.01024	0.00338	0.00298
38	0.01124	0.01222	0.00926	0.00837	0.01036	0.38271	0.00639	0.02927	0.41454	0.01277	0.03445	0.01169	0.03094	0.00473	0.00366	0.00113	0.00461	0.00359	0.00298	0.00510
39	0.01027	0.00853	0.00901	0.00782	0.01011	0.00977	0.00617	0.17455	0.68182	0.01721	0.01408	0.01305	0.01049	0.00498	0.00381	0.00124	0.00319	0.00408	0.00381	0.00602
40	0.01053	0.09222	0.17816	0.01056	0.11993	0.05788	0.03716	0.21453	0.12115	0.03363	0.00848	0.00910	0.00641	0.00390	0.00351	0.00107	0.00438	0.00313	0.00261	0.08166
41	0.01192	0.04665	0.02611	0.04965	0.30415	0.09372	0.00854	0.13479	0.02063	0.19400	0.02209	0.00991	0.00699	0.00413	0.00411	0.00114	0.04970	0.00334	0.00277	0.00568
42	0.00980	0.65170	0.01956	0.00867	0.03339	0.01353	0.15600	0.02092	0.02117	0.00978	0.00589	0.00705	0.00513	0.00331	0.00304	0.00092	0.02095	0.00256	0.00173	0.00491
43	0.00464	0.00351	0.00429	0.00473	0.00536	0.00316	0.00330	0.00556	0.00812	0.01059	0.15312	0.49084	0.26827	0.01046	0.00463	0.00139	0.00203	0.00925	0.00358	0.00316
44	0.00949	0.10725	0.38302	0.01129	0.10993	0.04142	0.09266	0.02299	0.02333	0.11033	0.04717	0.00969	0.00711	0.00383	0.00361	0.00113	0.00486	0.00325	0.00221	0.00544
45	0.02220	0.02672	0.15359	0.09657	0.12267	0.16387	0.05998	0.03877	0.09272	0.10093	0.00824	0.00936	0.00622	0.00413	0.00438	0.00118	0.07766	0.00323	0.00235	0.00521
46	0.01652	0.00688	0.00902	0.00691	0.00983	0.00625	0.00571	0.11672	0.01157	0.74773	0.01410	0.01231	0.00894	0.00463	0.00377	0.00116	0.00331	0.00373	0.00454	0.00638
47	0.00830	0.00790	0.01342	0.37173	0.48910	0.00860	0.01094	0.01063	0.00807	0.01108	0.00694	0.00967	0.00561	0.00392	0.01776	0.00125	0.00478	0.00335	0.00178	0.00516
48	0.03749	0.07440	0.11839	0.24452	0.16797	0.04028	0.02280	0.04616	0.02799	0.11141	0.00904	0.02955	0.02432	0.01629	0.00384	0.00120	0.00445	0.01252	0.00232	0.00505
49	0.00531	0.00416	0.00523	0.00561	0.02364	0.00393	0.01591	0.01954	0.05010	0.01119	0.12755	0.35968	0.25933	0.00972	0.00459	0.00139	0.00234	0.08377	0.00353	0.00347
50	0.00477	0.00381	0.00426	0.00415	0.00527	0.00331	0.00311	0.00603	0.00934	0.01200	0.34332	0.03304	0.53675	0.00881	0.00443	0.00123	0.00185	0.00749	0.00373	0.00331
51	0.04559	0.00766	0.00935	0.03909	0.04703	0.00823	0.02558	0.40427	0.01184	0.07580	0.00831	0.00997	0.00645	0.00696	0.00703	0.27202	0.00385	0.00334	0.00291	0.00471
52	0.02856	0.40236	0.07661	0.00805	0.02068	0.03477	0.06696	0.14598	0.00992	0.14577	0.00796	0.02319	0.00619	0.00385	0.00316	0.00100	0.00421	0.00292	0.00252	0.00535
53	0.00540	0.00397	0.00587	0.00587	0.00648	0.00458	0.00449	0.00657	0.00596	0.00855	0.01007	0.01531	0.00959	0.08391	0.77482	0.02978	0.00944	0.00410	0.00202	0.00323
54	0.00798	0.00758	0.01287	0.51997	0.35803	0.00857	0.01086	0.01037	0.00792	0.01067	0.00683	0.00971	0.00538	0.00359	0.00374	0.00120	0.00478	0.00334	0.00174	0.00489
55	0.01196	0.03801	0.01100	0.08030	0.03286	0.52606	0.00762	0.03973	0.05801	0.01009	0.00648	0.00790	0.00539	0.00468	0.01739	0.00119	0.13202	0.00279	0.00203	0.00449
56	0.85543	0.03113	0.00600	0.00506	0.00736	0.00865	0.00420	0.01100	0.00641	0.01648	0.00522	0.00613	0.00410	0.00353	0.00249	0.00116	0.01723	0.00205	0.00229	0.00408
57	0.00735	0.03301	0.24916	0.02519	0.18248	0.00674	0.00844	0.01016	0.03768	0.03940	0.26035	0.05235	0.06111	0.00550	0.00394	0.00118	0.00363	0.00478	0.00276	0.00479
58	0.02975	0.00464	0.00557	0.03288	0.00708	0.00462	0.01722	0.03951	0.10509	0.01159	0.07150	0.36659	0.25038	0.00917	0.00442	0.00137	0.00245	0.02903	0.00345	0.00368

[dist]
# distance from previous block
# <min> <max>
1	2

[block]
# block no. 1 follows, 73 sequences, length 57
# corresponding to MSA columns:
# 106-162
name=unknown_B
#
# <colnr> <probs for GDERKNQSTAVLIFYWHMCP>
#	G	D	E	R	K	N	Q	S	T	A	V	L	I	F	Y	W	H	M	C	P
0	0.00753	0.00566	0.00694	0.00667	0.00835	0.00559	0.00550	0.01126	0.20417	0.05019	0.02808	0.06818	0.02562	0.00748	0.00431	0.00136	0.00310	0.37879	0.00338	0.16783
1	0.01000	0.00853	0.00885	0.00779	0.01001	0.02473	0.00610	0.11617	0.72587	0.01652	0.01436	0.01328	0.01073	0.00500	0.00380	0.00125	0.00317	0.00411	0.00378	0.00596
2	0.00800	0.00738	0.04807	0.00602	0.00946	0.00535	0.01798	0.02193	0.00799	0.02339	0.00683	0.00791	0.00558	0.00287	0.00287	0.00061	0.00299	0.00232	0.00224	0.81020
3	0.00874	0.08651	0.56413	0.02670	0.05398	0.00894	0.07403	0.01240	0.02183	0.08588	0.00761	0.00877	0.00551	0.01444	0.00376	0.00119	0.00514	0.00302	0.00194	0.00548
4	0.00503	0.00346	0.00422	0.00464	0.00474	0.00335	0.00286	0.00534	0.00629	0.00838	0.01608	0.42925	0.01902	0.45612	0.01221	0.00262	0.00293	0.00796	0.00286	0.00265
5	0.00652	0.00326	0.00489	0.00489	0.00489	0.00326	0.00326	0.00489	0.00489	0.00652	0.00652	0.01140	0.00652	0.01303	0.01466	0.89084	0.00326	0.00326	0.00163	0.00163
6	0.00768	0.03280	0.02926	0.42358	0.13315	0.02098	0.01842	0.01010	0.04750	0.01964	0.00843	0.09553	0.00753	0.00529	0.01880	0.00137	0.10938	0.00407	0.00202	0.00445
7	0.01649	0.00666	0.00891	0.00686	0.00970	0.00600	0.00567	0.06348	0.01101	0.78170	0.01425	0.01245	0.00902	0.00468	0.00397	0.00117	0.02339	0.00374	0.00452	0.00633
8	0.00929	0.00891	0.01523	0.02303	0.84475	0.00891	0.01151	0.01151	0.00854	0.01226	0.00706	0.00929	0.00594	0.00334	0.00371	0.00111	0.00446	0.00334	0.00186	0.00594
9	0.00881	0.00857	0.01501	0.18919	0.61244	0.00885	0.07981	0.01117	0.00836	0.01170	0.00702	0.00950	0.00573	0.00341	0.00378	0.00115	0.00472	0.00343	0.00182	0.00551
10	0.00654	0.00665	0.03666	0.06698	0.04461	0.00599	0.26197	0.00868	0.00917	0.01229	0.26532	0.02190	0.22495	0.00616	0.00433	0.00123	0.00366	0.00584	0.00294	0.00412
11	0.00457	0.00326	0.00435	0.00522	0.00544	0.00305	0.00348	0.00522	0.00718	0.00958	0.02068	0.86570	0.02481	0.01175	0.00479	0.00152	0.00218	0.01067	0.00348	0.00305
12	0.01003	0.87041	0.01966	0.00642	0.00963	0.01485	0.00642	0.01123	0.00762	0.00883	0.00522	0.00602	0.00481	0.00321	0.00241	0.00080	0.00401	0.00201	0.00160	0.00481
13	0.01403	0.01034	0.01110	0.00855	0.01149	0.01143	0.00705	0.81282	0.01739	0.02331	0.00928	0.02912	0.00681	0.00467	0.00378	0.00114	0.00408	0.00355	0.00375	0.00630
14	0.00992	0.00819	0.00869	0.00768	0.00989	0.00938	0.00601	0.07929	0.75263	0.04176	0.01480	0.01360	0.01102	0.00503	0.00381	0.00126	0.00306	0.00416	0.00384	0.00598
15	0.00489	0.00363	0.00453	0.00469	0.00542	0.00330	0.00336	0.00609	0.00896	0.01209	0.39006	0.30919	0.19682	0.02355	0.00479	0.00135	0.00196	0.00829	0.00375	0.00328
16	0.00821	0.00821	0.01149	0.00985	0.00985	0.01149	0.00821	0.00903	0.00575	0.00903	0.00492	0.00821	0.00492	0.00657	0.01231	0.00164	0.86128	0.00328	0.00164	0.00410
17	0.00778	0.00667	0.00778	0.00556	0.00889	0.00500	0.00445	0.00945	0.00778	0.01223	0.00667	0.00778	0.00556	0.00278	0.00278	0.00056	0.00278	0.00222	0.00222	0.89108
18	0.01003	0.87041	0.01966	0.00642	0.00963	0.01485	0.00642	0.01123	0.00762	0.00883	0.00522	0.00602	0.00481	0.00321	0.00241	0.00080	0.00401	0.00201	0.00160	0.00481
19	0.00989	0.02525	0.00894	0.00785	0.00997	0.10826	0.00610	0.01919	0.72562	0.01480	0.01397	0.01300	0.01055	0.00491	0.00374	0.00123	0.00343	0.00399	0.00356	0.00573
20	0.87714	0.00732	0.00563	0.00501	0.00734	0.00848	0.00412	0.02736	0.00661	0.01697	0.00530	0.00615	0.00411	0.00350	0.00235	0.00116	0.00293	0.00206	0.00235	0.00411
21	0.00781	0.07124	0.73366	0.01080	0.04878	0.02379	0.01300	0.01176	0.00796	0.01162	0.00690	0.02380	0.00518	0.00369	0.00352	0.00116	0.00537	0.00289	0.00164	0.00545
22	0.00907	0.00791	0.00911	0.00918	0.10779	0.00874	0.00639	0.01767	0.64526	0.01498	0.03944	0.01336	0.01106	0.00477	0.00374	0.00119	0.00309	0.00405	0.00346	0.07973
23	0.00526	0.00383	0.00495	0.00467	0.00558	0.00352	0.00350	0.00699	0.01051	0.01478	0.79895	0.02846	0.07938	0.00777	0.00443	0.00118	0.00178	0.00685	0.00409	0.00352
24	0.00515	0.00358	0.00441	0.00473	0.00497	0.00346	0.00303	0.00562	0.00661	0.00890	0.06469	0.36396	0.01945	0.41525	0.02595	0.00256	0.00303	0.03248	0.00290	0.01925
25	0.00457	0.00326	0.00435	0.00522	0.00544	0.00305	0.00348	0.00522	0.00718	0.00958	0.02068	0.86570	0.02481	0.01175	0.00479	0.00152	0.00218	0.01067	0.00348	0.00305
26	0.00778	0.00667	0.00778	0.00556	0.00889	0.00500	0.00445	0.00945	0.00778	0.01223	0.00667	0.00778	0.00556	0.00278	0.00278	0.00056	0.00278	0.00222	0.00222	0.89108
27	0.00546	0.00364	0.00409	0.00409	0.00409	0.00364	0.00227	0.00546	0.00546	0.00727	0.01182	0.02455	0.01364	0.86815	0.01910	0.00364	0.00364	0.00546	0.00227	0.00227
28	0.00709	0.00667	0.01125	0.85913	0.02584	0.00834	0.01042	0.00959	0.00750	0.00959	0.00667	0.01000	0.00500	0.00375	0.00375	0.00125	0.00500	0.00333	0.00167	0.00417
29	0.00605	0.00432	0.00605	0.00691	0.00777	0.00432	0.00605	0.00777	0.00864	0.01123	0.01986	0.04232	0.02159	0.01036	0.00518	0.00173	0.00345	0.81949	0.00345	0.00345
30	0.01399	0.01025	0.01097	0.00844	0.01137	0.01133	0.00696	0.80183	0.01728	0.02329	0.00913	0.00919	0.00650	0.00450	0.00371	0.00112	0.00404	0.00338	0.03644	0.00627
31	0.01082	0.00719	0.00758	0.00620	0.00820	0.00778	0.00500	0.44233	0.01301	0.01907	0.01054	0.01137	0.00791	0.00444	0.00322	0.00101	0.00300	0.00343	0.42288	0.00502
32	0.00802	0.00592	0.00486	0.00470	0.00573	0.14436	0.00353	0.00958	0.00816	0.01272	0.01101	0.01301	0.00887	0.01950	0.06223	0.00129	0.00319	0.00338	0.66633	0.00361
33	0.00531	0.00383	0.00501	0.00472	0.00560	0.00354	0.00354	0.00708	0.01062	0.01504	0.84277	0.02802	0.03540	0.00767	0.00442	0.00118	0.00177	0.00678	0.00413	0.00354
34	0.00470	0.00351	0.00443	0.00502	0.00556	0.00317	0.00346	0.00547	0.00748	0.00981	0.02315	0.66965	0.16724	0.01098	0.00466	0.00145	0.00218	0.02725	0.00343	0.03739
35	0.01405	0.01035	0.01111	0.00856	0.01150	0.01145	0.00705	0.81416	0.01741	0.02334	0.00926	0.02773	0.00678	0.00466	0.00378	0.00113	0.00409	0.00354	0.00375	0.00631
36	0.01401	0.01788	0.01063	0.00967	0.01160	0.85309	0.00725	0.01498	0.01063	0.00918	0.00580	0.00677	0.00483	0.00387	0.00338	0.00097	0.00677	0.00242	0.00193	0.00435
37	0.00467	0.00336	0.00444	0.00526	0.00552	0.00316	0.00353	0.00551	0.02166	0.00977	0.03377	0.83748	0.02475	0.01157	0.00477	0.00151	0.00218	0.01049	0.00350	0.00311
38	0.00525	0.00377	0.00486	0.00469	0.00545	0.00350	0.00341	0.00676	0.00984	0.01382	0.68825	0.09526	0.04615	0.08554	0.00578	0.00143	0.00197	0.00700	0.00390	0.00338
39	0.00528	0.00383	0.00497	0.00469	0.00559	0.00353	0.00351	0.00702	0.01054	0.01486	0.81305	0.02832	0.06523	0.00774	0.00443	0.00118	0.00177	0.00683	0.00411	0.00353
40	0.00912	0.00765	0.00804	0.00726	0.00927	0.00881	0.00564	0.01893	0.76345	0.01554	0.01500	0.01400	0.01129	0.00503	0.00371	0.00124	0.00286	0.00417	0.08328	0.00572
41	0.04565	0.00588	0.00773	0.00619	0.00858	0.00528	0.00502	0.01547	0.03669	0.59793	0.20658	0.01611	0.01523	0.00532	0.00387	0.00117	0.00284	0.00442	0.00441	0.00563
42	0.89465	0.00726	0.00551	0.00493	0.00726	0.00842	0.00406	0.01103	0.00638	0.01683	0.00522	0.00609	0.00406	0.00348	0.00232	0.00116	0.00290	0.00203	0.00232	0.00406
43	0.00605	0.00432	0.00605	0.00691	0.00777	0.00432	0.00605	0.00777	0.00864	0.01123	0.01986	0.04232	0.02159	0.01036	0.00518	0.00173	0.00345	0.81949	0.00345	0.00345
44	0.00470	0.00336	0.00451	0.00538	0.00565	0.00316	0.00371	0.00545	0.00731	0.00973	0.02061	0.79179	0.02452	0.01163	0.00482	0.00154	0.00229	0.08327	0.00348	0.00308
45	0.00933	0.00806	0.00848	0.00764	0.00976	0.00933	0.00594	0.01994	0.83797	0.01569	0.01527	0.01400	0.01145	0.00509	0.00382	0.00127	0.00297	0.00424	0.00382	0.00594
46	0.00778	0.00667	0.00778	0.00556	0.00889	0.00500	0.00445	0.00945	0.00778	0.01223	0.00667	0.00778	0.00556	0.00278	0.00278	0.00056	0.00278	0.00222	0.00222	0.89108
47	0.58216	0.01103	0.00733	0.00661	0.00880	0.30814	0.00519	0.01243	0.00789	0.01412	0.00543	0.00633	0.00434	0.00362	0.00270	0.00109	0.00427	0.00217	0.00218	0.00416
48	0.00479	0.00342	0.00460	0.00547	0.00579	0.00324	0.00386	0.00560	0.00740	0.00982	0.02056	0.74396	0.02434	0.01155	0.00485	0.00155	0.00237	0.13026	0.00348	0.00311
49	0.89465	0.00726	0.00551	0.00493	0.00726	0.00842	0.00406	0.01103	0.00638	0.01683	0.00522	0.00609	0.00406	0.00348	0.00232	0.00116	0.00290	0.00203	0.00232	0.00406
50	0.00965	0.00858	0.00874	0.00773	0.00984	0.06872	0.01764	0.03693	0.66525	0.02971	0.04485	0.01387	0.02137	0.00507	0.00391	0.00123	0.01456	0.00417	0.00361	0.02457
51	0.01308	0.00558	0.00752	0.00626	0.00845	0.00494	0.00510	0.01450	0.01007	0.57104	0.10218	0.03543	0.04267	0.04617	0.00477	0.00136	0.00304	0.10823	0.00427	0.00535
52	0.89465	0.00726	0.00551	0.00493	0.00726	0.00842	0.00406	0.01103	0.00638	0.01683	0.00522	0.00609	0.00406	0.00348	0.00232	0.00116	0.00290	0.00203	0.00232	0.00406
53	0.00933	0.00806	0.00848	0.00764	0.00976	0.00933	0.00594	0.01994	0.83797	0.01569	0.01527	0.01400	0.01145	0.00509	0.00382	0.00127	0.00297	0.00424	0.00382	0.00594
54	0.00500	0.00356	0.00459	0.00512	0.00567	0.00328	0.00364	0.00596	0.00805	0.02627	0.14443	0.55400	0.13370	0.01061	0.00470	0.00145	0.00220	0.07096	0.00360	0.00323
55	0.00546	0.00364	0.00409	0.00409	0.00409	0.00364	0.00227	0.00546	0.00546	0.00727	0.01182	0.02455	0.01364	0.86815	0.01910	0.00364	0.00364	0.00546	0.00227	0.00227
56	0.00652	0.00326	0.00489	0.00489	0.00489	0.00326	0.00326	0.00489	0.00489	0.00652	0.00652	0.01140	0.00652	0.01303	0.01466	0.89084	0.00326	0.00326	0.00163	0.00163

[dist]
# distance from previous block
# <min> <max>
0	2

[block]
# block no. 2 follows, 73 sequences, length 51
# corresponding to MSA columns:
# 165-215
name=unknown_C
#
# <colnr> <probs for GDERKNQSTAVLIFYWHMCP>
#	G	D	E	R	K	N	Q	S	T	A	V	L	I	F	Y	W	H	M	C	P
0	0.01632	0.00650	0.00869	0.00674	0.00959	0.00578	0.00554	0.01840	0.06738	0.79040	0.01483	0.01285	0.00944	0.00467	0.00378	0.00117	0.00318	0.00380	0.00459	0.00635
1	0.01401	0.01788	0.01063	0.00967	0.01160	0.85309	0.00725	0.01498	0.01063	0.00918	0.00580	0.00677	0.00483	0.00387	0.00338	0.00097	0.00677	0.00242	0.00193	0.00435
2	0.00886	0.01012	0.02214	0.01581	0.01961	0.00949	0.83112	0.01202	0.00886	0.01202	0.00759	0.01012	0.00569	0.00316	0.00443	0.00127	0.00633	0.00443	0.00190	0.00506
3	0.01406	0.01036	0.01112	0.00856	0.01151	0.01146	0.00706	0.81526	0.01743	0.02336	0.00925	0.02659	0.00676	0.00465	0.00377	0.00113	0.00409	0.00353	0.00375	0.00631
4	0.00459	0.00328	0.00437	0.00521	0.00545	0.00306	0.00348	0.00527	0.00727	0.00972	0.04159	0.84439	0.02508	0.01165	0.00478	0.00151	0.00217	0.01057	0.00350	0.00306
5	0.01401	0.01788	0.01063	0.00967	0.01160	0.85309	0.00725	0.01498	0.01063	0.00918	0.00580	0.00677	0.00483	0.00387	0.00338	0.00097	0.00677	0.00242	0.00193	0.00435
6	0.00531	0.00383	0.00501	0.00472	0.00560	0.00354	0.00354	0.00708	0.01062	0.01504	0.84277	0.02802	0.03540	0.00767	0.00442	0.00118	0.00177	0.00678	0.00413	0.00354
7	0.01683	0.00638	0.00871	0.00668	0.00958	0.00551	0.00551	0.01828	0.01074	0.84734	0.01480	0.01277	0.00929	0.00464	0.00377	0.00116	0.00319	0.00377	0.00464	0.00638
8	0.00478	0.00381	0.00428	0.00417	0.00528	0.00332	0.00313	0.00606	0.00938	0.01209	0.35879	0.03288	0.52122	0.00877	0.00443	0.00123	0.00185	0.00747	0.00374	0.00332
9	0.01401	0.01788	0.01063	0.00967	0.01160	0.85309	0.00725	0.01498	0.01063	0.00918	0.00580	0.00677	0.00483	0.00387	0.00338	0.00097	0.00677	0.00242	0.00193	0.00435
10	0.03040	0.00865	0.00886	0.00741	0.00974	0.04215	0.00592	0.35358	0.28518	0.02994	0.01558	0.01499	0.14113	0.00596	0.02217	0.00130	0.00358	0.00434	0.00360	0.00553
11	0.01618	0.00738	0.03552	0.00708	0.01008	0.00648	0.00600	0.13263	0.01162	0.70511	0.01373	0.01209	0.00874	0.00459	0.00376	0.00116	0.00340	0.00369	0.00442	0.00636
12	0.01390	0.01763	0.01058	0.00961	0.01155	0.83162	0.00722	0.01511	0.03168	0.00935	0.00604	0.00695	0.00500	0.00390	0.00339	0.00097	0.00667	0.00246	0.00198	0.00439
13	0.01638	0.00711	0.00916	0.00702	0.00994	0.00659	0.00580	0.16128	0.01195	0.70264	0.01378	0.01211	0.00878	0.00462	0.00377	0.00115	0.00336	0.00370	0.00449	0.00638
14	0.01401	0.01788	0.01063	0.00967	0.01160	0.85309	0.00725	0.01498	0.01063	0.00918	0.00580	0.00677	0.00483	0.00387	0.00338	0.00097	0.00677	0.00242	0.00193	0.00435
15	0.00929	0.00891	0.01523	0.02303	0.84475	0.00891	0.01151	0.01151	0.00854	0.01226	0.00706	0.00929	0.00594	0.00334	0.00371	0.00111	0.00446	0.00334	0.00186	0.00594
16	0.01426	0.01051	0.01126	0.00863	0.01163	0.01163	0.00713	0.83224	0.01764	0.02364	0.00901	0.00901	0.00638	0.00450	0.00375	0.00113	0.00413	0.00338	0.00375	0.00638
17	0.00832	0.05646	0.02405	0.00963	0.00993	0.01160	0.00815	0.00938	0.01980	0.00917	0.00514	0.00818	0.00503	0.00631	0.01149	0.00158	0.78669	0.00322	0.00168	0.00420
18	0.00812	0.00690	0.00876	0.03829	0.07390	0.00552	0.02021	0.00988	0.00792	0.03311	0.00692	0.00814	0.00566	0.00291	0.00294	0.00065	0.00306	0.00243	0.00223	0.75245
19	0.00525	0.00375	0.00513	0.00600	0.00652	0.00363	0.00467	0.00640	0.00785	0.01034	0.02030	0.48542	0.02333	0.01111	0.00497	0.00162	0.00277	0.38422	0.00347	0.00324
20	0.01240	0.00958	0.01021	0.00826	0.01092	0.01076	0.00668	0.52519	0.32772	0.02064	0.01137	0.01089	0.00830	0.00473	0.00378	0.00118	0.00369	0.00370	0.00378	0.00621
21	0.00927	0.00817	0.00838	0.00766	0.00968	0.04339	0.00600	0.01880	0.74070	0.01509	0.01524	0.01587	0.01196	0.00544	0.00390	0.00129	0.00316	0.06658	0.00371	0.00568
22	0.00944	0.00888	0.01511	0.09368	0.21669	0.00911	0.28275	0.14626	0.08283	0.01394	0.00929	0.04721	0.00771	0.00428	0.00407	0.00123	0.00481	0.03489	0.00246	0.00534
23	0.00878	0.01070	0.07738	0.01527	0.01915	0.00943	0.75648	0.01220	0.02858	0.01210	0.00772	0.01006	0.00577	0.00324	0.00435	0.00126	0.00619	0.00431	0.00192	0.00511
24	0.00456	0.00342	0.00424	0.00489	0.00539	0.00310	0.00337	0.00531	0.00756	0.00975	0.02508	0.63835	0.23351	0.01115	0.00471	0.00146	0.00213	0.02543	0.00348	0.00309
25	0.00782	0.00440	0.00538	0.00492	0.00639	0.00383	0.00376	0.00902	0.00934	0.22622	0.19121	0.14362	0.35312	0.00820	0.00431	0.00126	0.00224	0.00701	0.00391	0.00405
26	0.02276	0.00803	0.02207	0.00782	0.01005	0.00882	0.05098	0.05074	0.64778	0.02556	0.02722	0.01535	0.06460	0.00530	0.00389	0.00127	0.00316	0.01533	0.00364	0.00563
27	0.01403	0.01732	0.01068	0.00959	0.01160	0.78903	0.00724	0.07719	0.01117	0.01028	0.00604	0.00694	0.00495	0.00391	0.00341	0.00098	0.00656	0.00249	0.00207	0.00450
28	0.00536	0.00402	0.00603	0.00603	0.00670	0.00469	0.00469	0.00670	0.00603	0.00871	0.01005	0.01474	0.00938	0.02814	0.85328	0.00603	0.01005	0.00402	0.00201	0.00335
29	0.04401	0.00709	0.00799	0.00686	0.00894	0.00757	0.00536	0.11005	0.36443	0.20942	0.06828	0.05492	0.01245	0.06935	0.00496	0.00141	0.00309	0.00451	0.00384	0.00546
30	0.00854	0.00457	0.00616	0.00609	0.00739	0.00422	0.00491	0.00984	0.00892	0.24224	0.06230	0.22528	0.07644	0.00895	0.00474	0.01410	0.00289	0.29450	0.00380	0.00413
31	0.01683	0.00638	0.00871	0.00668	0.00958	0.00551	0.00551	0.01828	0.01074	0.84734	0.01480	0.01277	0.00929	0.00464	0.00377	0.00116	0.00319	0.00377	0.00464	0.00638
32	0.00531	0.00383	0.00501	0.00472	0.00560	0.00354	0.00354	0.00708	0.01062	0.01504	0.84277	0.02802	0.03540	0.00767	0.00442	0.00118	0.00177	0.00678	0.00413	0.00354
33	0.11439	0.00839	0.00866	0.00744	0.00978	0.00954	0.00591	0.20276	0.52043	0.03257	0.01318	0.01242	0.02834	0.00486	0.00364	0.00122	0.00320	0.00386	0.00363	0.00576
34	0.03198	0.00649	0.00871	0.00669	0.00958	0.00570	0.00552	0.03573	0.01081	0.81518	0.01451	0.01257	0.00913	0.00462	0.00375	0.00116	0.00321	0.00373	0.00458	0.00634
35	0.01426	0.01051	0.01126	0.00863	0.01163	0.01163	0.00713	0.83224	0.01764	0.02364	0.00901	0.00901	0.00638	0.00450	0.00375	0.00113	0.00413	0.00338	0.00375	0.00638
36	0.00699	0.00350	0.00350	0.00350	0.00437	0.00350	0.00262	0.00874	0.00787	0.01399	0.01224	0.01399	0.00962	0.00437	0.00262	0.00087	0.00175	0.00350	0.88898	0.00350
37	0.57848	0.00838	0.00753	0.00625	0.00880	0.00953	0.00515	0.29281	0.02362	0.01915	0.00668	0.00722	0.00498	0.00386	0.00284	0.00115	0.00332	0.00253	0.00284	0.00489
38	0.00531	0.00383	0.00501	0.00472	0.00560	0.00354	0.00354	0.00708	0.01062	0.01504	0.84277	0.02802	0.03540	0.00767	0.00442	0.00118	0.00177	0.00678	0.00413	0.00354
39	0.01683	0.00638	0.00871	0.00668	0.00958	0.00551	0.00551	0.01828	0.01074	0.84734	0.01480	0.01277	0.00929	0.00464	0.00377	0.00116	0.00319	0.00377	0.00464	0.00638
40	0.00495	0.00359	0.00469	0.00507	0.00561	0.00336	0.00358	0.00620	0.02083	0.01177	0.32872	0.49971	0.04933	0.01004	0.00464	0.00139	0.00206	0.02747	0.00373	0.00329
41	0.89465	0.00726	0.00551	0.00493	0.00726	0.00842	0.00406	0.01103	0.00638	0.01683	0.00522	0.00609	0.00406	0.00348	0.00232	0.00116	0.00290	0.00203	0.00232	0.00406
42	0.00459	0.00327	0.00435	0.00520	0.00541	0.00306	0.00345	0.00523	0.00714	0.00952	0.02046	0.84457	0.02453	0.03327	0.00515	0.00158	0.00221	0.01053	0.00345	0.00303
43	0.01401	0.01788	0.01063	0.00967	0.01160	0.85309	0.00725	0.01498	0.01063	0.00918	0.00580	0.00677	0.00483	0.00387	0.00338	0.00097	0.00677	0.00242	0.00193	0.00435
44	0.04457	0.00940	0.01206	0.03512	0.31495	0.04825	0.00845	0.31538	0.01224	0.14936	0.00887	0.00952	0.00649	0.00402	0.00367	0.00112	0.00420	0.00333	0.00302	0.00599
45	0.00464	0.00360	0.00424	0.00464	0.00537	0.00323	0.00327	0.00565	0.02077	0.01031	0.08887	0.44991	0.36118	0.01042	0.00460	0.00139	0.00205	0.00915	0.00354	0.00318
46	0.00523	0.00379	0.00494	0.00474	0.00558	0.00349	0.00352	0.00690	0.01031	0.01451	0.76042	0.09255	0.05387	0.00803	0.00445	0.00121	0.00180	0.00711	0.00406	0.00349
47	0.00778	0.00667	0.00778	0.00556	0.00889	0.00500	0.00445	0.00945	0.00778	0.01223	0.00667	0.00778	0.00556	0.00278	0.00278	0.00056	0.00278	0.00222	0.00222	0.89108
48	0.00786	0.00746	0.01265	0.56590	0.31304	0.00854	0.01080	0.01026	0.00787	0.01052	0.00680	0.00975	0.00533	0.00361	0.00374	0.00120	0.00481	0.00334	0.00173	0.00479
49	0.00461	0.00329	0.00439	0.00526	0.00550	0.00308	0.00354	0.00528	0.00722	0.00962	0.02066	0.84649	0.02474	0.01172	0.00480	0.00153	0.00221	0.02954	0.00348	0.00306
50	0.00907	0.00875	0.01494	0.09335	0.66798	0.00893	0.06610	0.01190	0.05923	0.01222	0.00756	0.00969	0.00618	0.00347	0.00377	0.00115	0.00454	0.00347	0.00196	0.00573

[dist]
# distance from previous block
# <min> <max>
0	1

[block]
# block no. 3 follows, 73 sequences, length 44
# corresponding to MSA columns:
# 217-260
name=unknown_D
#
# <colnr> <probs for GDERKNQSTAVLIFYWHMCP>
#	G	D	E	R	K	N	Q	S	T	A	V	L	I	F	Y	W	H	M	C	P
0	0.00468	0.00358	0.00429	0.00459	0.00534	0.00320	0.00326	0.00568	0.00842	0.01095	0.20177	0.38079	0.32984	0.01005	0.00458	0.00136	0.00199	0.00882	0.00362	0.00320
1	0.03747	0.01037	0.01198	0.02163	0.13635	0.07343	0.05283	0.49236	0.06583	0.04710	0.00885	0.00931	0.00649	0.00421	0.00372	0.00113	0.00437	0.00339	0.00320	0.00597
2	0.01024	0.00664	0.00879	0.00656	0.00953	0.00547	0.05598	0.02352	0.00888	0.24429	0.04474	0.04113	0.00856	0.00393	0.00344	0.00085	0.01466	0.00332	0.00301	0.49646
3	0.06907	0.01499	0.01052	0.00923	0.01121	0.58389	0.01805	0.11284	0.02898	0.02868	0.00650	0.00744	0.00523	0.00417	0.00411	0.00107	0.07446	0.00267	0.00225	0.00464
4	0.00994	0.00821	0.00872	0.00767	0.00988	0.00939	0.00601	0.10976	0.71390	0.03259	0.03168	0.01371	0.01134	0.00507	0.00382	0.00125	0.00308	0.00419	0.00383	0.00595
5	0.00792	0.00753	0.01277	0.54016	0.33825	0.00856	0.01084	0.01032	0.00790	0.01060	0.00682	0.00973	0.00536	0.00360	0.00374	0.00120	0.00479	0.00334	0.00174	0.00484
6	0.00579	0.00437	0.00552	0.00604	0.00678	0.00445	0.00457	0.00843	0.14536	0.01131	0.06228	0.46380	0.02230	0.01007	0.00471	0.00152	0.00262	0.22286	0.00356	0.00366
7	0.00467	0.00378	0.00415	0.00411	0.00523	0.00326	0.00306	0.00582	0.00902	0.01139	0.24769	0.07539	0.59104	0.00913	0.00445	0.00126	0.00188	0.00776	0.00365	0.00326
8	0.00462	0.00330	0.00441	0.00528	0.00552	0.00309	0.00357	0.00531	0.00723	0.00963	0.02065	0.83854	0.02471	0.01171	0.00480	0.00153	0.00222	0.03734	0.00348	0.00306
9	0.74097	0.00770	0.00637	0.00553	0.00792	0.00886	0.00454	0.11242	0.05048	0.01761	0.00621	0.00686	0.00473	0.00369	0.00257	0.00116	0.00306	0.00231	0.00257	0.00444
10	0.00709	0.00667	0.01125	0.85913	0.02584	0.00834	0.01042	0.00959	0.00750	0.00959	0.00667	0.01000	0.00500	0.00375	0.00375	0.00125	0.00500	0.00333	0.00167	0.00417
11	0.00457	0.00326	0.00435	0.00522	0.00544	0.00305	0.00348	0.00522	0.00718	0.00958	0.02068	0.86570	0.02481	0.01175	0.00479	0.00152	0.00218	0.01067	0.00348	0.00305
12	0.00523	0.00383	0.00490	0.00463	0.00555	0.00350	0.00347	0.00692	0.01042	0.01457	0.76480	0.02881	0.11366	0.00785	0.00443	0.00119	0.00178	0.00689	0.00407	0.00350
13	0.00778	0.00667	0.00778	0.00556	0.00889	0.00500	0.00445	0.00945	0.00778	0.01223	0.00667	0.00778	0.00556	0.00278	0.00278	0.00056	0.00278	0.00222	0.00222	0.89108
14	0.00546	0.00364	0.00409	0.00409	0.00409	0.00364	0.00227	0.00546	0.00546	0.00727	0.01182	0.02455	0.01364	0.86815	0.01910	0.00364	0.00364	0.00546	0.00227	0.00227
15	0.01663	0.00671	0.00891	0.00683	0.00974	0.00599	0.00564	0.08195	0.01128	0.78291	0.01435	0.01248	0.00906	0.00463	0.00377	0.00116	0.00327	0.00374	0.00457	0.00638
16	0.01683	0.00638	0.00871	0.00668	0.00958	0.00551	0.00551	0.01828	0.01074	0.84734	0.01480	0.01277	0.00929	0.00464	0.00377	0.00116	0.00319	0.00377	0.00464	0.00638
17	0.00531	0.00383	0.00501	0.00472	0.00560	0.00354	0.00354	0.00708	0.01062	0.01504	0.84277	0.02802	0.03540	0.00767	0.00442	0.00118	0.00177	0.00678	0.00413	0.00354
18	0.00598	0.00399	0.00520	0.00481	0.00583	0.00365	0.00364	0.00771	0.01056	0.06574	0.76436	0.02737	0.06171	0.00755	0.00439	0.00118	0.00186	0.00664	0.00414	0.00370
19	0.01385	0.01031	0.01103	0.00855	0.01148	0.01144	0.00703	0.76472	0.08582	0.02298	0.00953	0.00942	0.00680	0.00455	0.00376	0.00114	0.00403	0.00345	0.00376	0.00634
20	0.01683	0.00638	0.00871	0.00668	0.00958	0.00551	0.00551	0.01828	0.01074	0.84734	0.01480	0.01277	0.00929	0.00464	0.00377	0.00116	0.00319	0.00377	0.00464	0.00638
21	0.89465	0.00726	0.00551	0.00493	0.00726	0.00842	0.00406	0.01103	0.00638	0.01683	0.00522	0.00609	0.00406	0.00348	0.00232	0.00116	0.00290	0.00203	0.00232	0.00406
22	0.00474	0.00382	0.00424	0.00419	0.00531	0.00331	0.00316	0.00596	0.00915	0.01163	0.27813	0.04727	0.56501	0.00901	0.00446	0.00126	0.00191	0.03049	0.00368	0.00328
23	0.00638	0.00407	0.00525	0.00486	0.00595	0.00368	0.00367	0.00798	0.01027	0.09981	0.64250	0.06600	0.10969	0.00772	0.00438	0.00120	0.00195	0.00676	0.00409	0.00377
24	0.01401	0.01788	0.01063	0.00967	0.01160	0.85309	0.00725	0.01498	0.01063	0.00918	0.00580	0.00677	0.00483	0.00387	0.00338	0.00097	0.00677	0.00242	0.00193	0.00435
25	0.00531	0.00383	0.00501	0.00472	0.00560	0.00354	0.00354	0.00708	0.01062	0.01504	0.84277	0.02802	0.03540	0.00767	0.00442	0.00118	0.00177	0.00678	0.00413	0.00354
26	0.00545	0.00364	0.00412	0.00411	0.00414	0.00363	0.00232	0.00551	0.00563	0.00754	0.04053	0.02467	0.01439	0.83842	0.01859	0.00355	0.00357	0.00550	0.00234	0.00232
27	0.00524	0.00343	0.00459	0.00530	0.00567	0.00318	0.00359	0.00593	0.00738	0.05507	0.02036	0.81938	0.02397	0.01137	0.00473	0.00150	0.00223	0.01029	0.00355	0.00323
28	0.00605	0.00432	0.00605	0.00691	0.00777	0.00432	0.00605	0.00777	0.00864	0.01123	0.01986	0.04232	0.02159	0.01036	0.00518	0.00173	0.00345	0.81949	0.00345	0.00345
29	0.00709	0.00667	0.01125	0.85913	0.02584	0.00834	0.01042	0.00959	0.00750	0.00959	0.00667	0.01000	0.00500	0.00375	0.00375	0.00125	0.00500	0.00333	0.00167	0.00417
30	0.48523	0.00877	0.00819	0.00665	0.00929	0.00991	0.00549	0.39293	0.01162	0.02000	0.00698	0.00745	0.00514	0.00396	0.00299	0.00114	0.00347	0.00266	0.00299	0.00514
31	0.06925	0.05239	0.45498	0.01012	0.01422	0.21505	0.07041	0.03316	0.00883	0.02878	0.00662	0.00772	0.00493	0.00363	0.00346	0.00112	0.00557	0.00276	0.00186	0.00513
32	0.00752	0.01941	0.84871	0.01069	0.01624	0.00871	0.01386	0.01188	0.00792	0.01188	0.00673	0.00792	0.00475	0.00356	0.00356	0.00119	0.00554	0.00277	0.00158	0.00554
33	0.00448	0.00364	0.00397	0.00423	0.00518	0.00313	0.00304	0.00534	0.00814	0.00997	0.03277	0.28704	0.59567	0.01018	0.00454	0.00134	0.00198	0.00875	0.00348	0.00313
34	0.00810	0.00775	0.01328	0.46788	0.36359	0.00863	0.04280	0.01064	0.02069	0.01088	0.00700	0.00977	0.00552	0.00358	0.00376	0.00120	0.00480	0.00339	0.00179	0.00496
35	0.00935	0.00919	0.01470	0.06282	0.73879	0.04706	0.01116	0.01149	0.00849	0.01188	0.00691	0.00917	0.00581	0.00350	0.00399	0.00113	0.03370	0.00330	0.00184	0.00572
36	0.89465	0.00726	0.00551	0.00493	0.00726	0.00842	0.00406	0.01103	0.00638	0.01683	0.00522	0.00609	0.00406	0.00348	0.00232	0.00116	0.00290	0.00203	0.00232	0.00406
37	0.00443	0.00380	0.00380	0.00380	0.00507	0.00317	0.00285	0.00538	0.00855	0.01014	0.03801	0.03611	0.84322	0.00950	0.00443	0.00127	0.00190	0.00792	0.00348	0.00317
38	0.01307	0.01003	0.01024	0.00826	0.01085	0.08332	0.00668	0.47569	0.18850	0.09565	0.03135	0.01066	0.00827	0.00471	0.00396	0.00116	0.02435	0.00360	0.00365	0.00599
39	0.00525	0.00383	0.00493	0.00466	0.00557	0.00351	0.00349	0.00696	0.01048	0.01471	0.78749	0.02858	0.09089	0.00780	0.00443	0.00119	0.00178	0.00686	0.00409	0.00351
40	0.00559	0.00397	0.00519	0.00514	0.00553	0.00432	0.00356	0.02317	0.00599	0.00832	0.01089	0.01942	0.01140	0.43878	0.42743	0.00476	0.00679	0.00471	0.00217	0.00289
41	0.02990	0.73802	0.03182	0.00681	0.00992	0.09037	0.00658	0.03298	0.00813	0.00947	0.00539	0.00620	0.00484	0.00331	0.00255	0.00084	0.00426	0.00209	0.00171	0.00481
42	0.01007	0.02261	0.10560	0.02520	0.37224	0.02302	0.07028	0.08439	0.00941	0.09723	0.02396	0.00962	0.00662	0.00373	0.00393	0.00110	0.03204	0.00332	0.00235	0.09328
43	0.01069	0.25202	0.19755	0.02100	0.08863	0.28788	0.00895	0.03055	0.00889	0.01027	0.00600	0.00721	0.00495	0.00372	0.00364	0.00102	0.04780	0.00254	0.00178	0.00492

[dist]
# distance from previous block
# <min> <max>
1	7

[block]
# block no. 4 follows, 73 sequences, length 42
# corresponding to MSA columns:
# 268-309
name=unknown_E
#
# <colnr> <probs for GDERKNQSTAVLIFYWHMCP>
#	G	D	E	R	K	N	Q	S	T	A	V	L	I	F	Y	W	H	M	C	P
0	0.00975	0.27839	0.28931	0.02131	0.08487	0.17188	0.02937	0.01222	0.01886	0.01044	0.00621	0.00739	0.00502	0.00354	0.00333	0.00102	0.01858	0.00258	0.00173	0.02418
1	0.00830	0.12134	0.52486	0.00958	0.03358	0.03483	0.02323	0.02930	0.01938	0.02212	0.04603	0.00881	0.00650	0.00369	0.00340	0.00107	0.00483	0.00288	0.00191	0.09434
2	0.00524	0.00394	0.00534	0.02076	0.01731	0.00367	0.01820	0.00677	0.00965	0.01338	0.57497	0.20029	0.08942	0.00843	0.00448	0.00126	0.00204	0.00752	0.00384	0.00348
3	0.89465	0.00726	0.00551	0.00493	0.00726	0.00842	0.00406	0.01103	0.00638	0.01683	0.00522	0.00609	0.00406	0.00348	0.00232	0.00116	0.00290	0.00203	0.00232	0.00406
4	0.00906	0.02896	0.01066	0.02593	0.30107	0.07582	0.00760	0.06262	0.23306	0.01345	0.07906	0.04205	0.08430	0.00509	0.00384	0.00117	0.00370	0.00440	0.00288	0.00525
5	0.01426	0.01051	0.01126	0.00863	0.01163	0.01163	0.00713	0.83224	0.01764	0.02364	0.00901	0.00901	0.00638	0.00450	0.00375	0.00113	0.00413	0.00338	0.00375	0.00638
6	0.00915	0.00887	0.01545	0.06487	0.75288	0.00892	0.06158	0.01145	0.00851	0.01211	0.00707	0.00937	0.00588	0.00335	0.00376	0.00113	0.00460	0.00341	0.00185	0.00580
7	0.00864	0.00813	0.01268	0.10244	0.45047	0.00850	0.05505	0.01280	0.20204	0.01260	0.01155	0.01275	0.07707	0.00430	0.00384	0.00119	0.00406	0.00399	0.00243	0.00548
8	0.01683	0.00638	0.00871	0.00668	0.00958	0.00551	0.00551	0.01828	0.01074	0.84734	0.01480	0.01277	0.00929	0.00464	0.00377	0.00116	0.00319	0.00377	0.00464	0.00638
9	0.01683	0.00638	0.00871	0.00668	0.00958	0.00551	0.00551	0.01828	0.01074	0.84734	0.01480	0.01277	0.00929	0.00464	0.00377	0.00116	0.00319	0.00377	0.00464	0.00638
10	0.00583	0.00393	0.00495	0.00531	0.03441	0.00388	0.00330	0.00641	0.03475	0.02071	0.09268	0.17581	0.03597	0.41755	0.01272	0.11581	0.00310	0.01739	0.00270	0.00280
11	0.00599	0.00508	0.00690	0.00698	0.04105	0.04270	0.04660	0.00721	0.00734	0.00990	0.09066	0.20221	0.06206	0.07718	0.30742	0.00319	0.03535	0.03606	0.00265	0.00348
12	0.01683	0.00638	0.00871	0.00668	0.00958	0.00551	0.00551	0.01828	0.01074	0.84734	0.01480	0.01277	0.00929	0.00464	0.00377	0.00116	0.00319	0.00377	0.00464	0.00638
13	0.00531	0.00383	0.00501	0.00472	0.00560	0.00354	0.00354	0.00708	0.01062	0.01504	0.84277	0.02802	0.03540	0.00767	0.00442	0.00118	0.00177	0.00678	0.00413	0.00354
14	0.80565	0.00834	0.00693	0.00617	0.00863	0.00918	0.00489	0.03965	0.00794	0.05779	0.00730	0.00855	0.00580	0.00454	0.00309	0.00143	0.00347	0.00266	0.00297	0.00501
15	0.00756	0.01915	0.82560	0.01084	0.01633	0.00873	0.03671	0.01189	0.00795	0.01189	0.00676	0.00798	0.00478	0.00355	0.00359	0.00119	0.00557	0.00282	0.00159	0.00553
16	0.00933	0.00806	0.00848	0.00764	0.00976	0.00933	0.00594	0.01994	0.83797	0.01569	0.01527	0.01400	0.01145	0.00509	0.00382	0.00127	0.00297	0.00424	0.00382	0.00594
17	0.01683	0.00638	0.00871	0.00668	0.00958	0.00551	0.00551	0.01828	0.01074	0.84734	0.01480	0.01277	0.00929	0.00464	0.00377	0.00116	0.00319	0.00377	0.00464	0.00638
18	0.01082	0.00489	0.00654	0.00587	0.00748	0.00434	0.00446	0.01186	0.00896	0.43195	0.01784	0.35208	0.04415	0.05192	0.00500	0.00144	0.00277	0.01891	0.00401	0.00470
19	0.01426	0.01051	0.01126	0.00863	0.01163	0.01163	0.00713	0.83224	0.01764	0.02364	0.00901	0.00901	0.00638	0.00450	0.00375	0.00113	0.00413	0.00338	0.00375	0.00638
20	0.00709	0.00667	0.01125	0.85913	0.02584	0.00834	0.01042	0.00959	0.00750	0.00959	0.00667	0.01000	0.00500	0.00375	0.00375	0.00125	0.00500	0.00333	0.00167	0.00417
21	0.00523	0.00385	0.00490	0.00468	0.00561	0.00352	0.00354	0.00690	0.01031	0.01434	0.72109	0.02944	0.13132	0.00797	0.00445	0.00121	0.00184	0.03230	0.00403	0.00349
22	0.00485	0.00408	0.00415	0.00408	0.00538	0.00356	0.00307	0.03329	0.02354	0.01067	0.03604	0.06297	0.77268	0.00933	0.00441	0.00127	0.00200	0.00779	0.00350	0.00332
23	0.01401	0.01788	0.01063	0.00967	0.01160	0.85309	0.00725	0.01498	0.01063	0.00918	0.00580	0.00677	0.00483	0.00387	0.00338	0.00097	0.00677	0.00242	0.00193	0.00435
24	0.01656	0.00650	0.00872	0.00670	0.00957	0.00572	0.00553	0.05050	0.01096	0.80031	0.01453	0.01264	0.00918	0.00463	0.00375	0.00115	0.00320	0.00375	0.01974	0.00634
25	0.00982	0.00807	0.00859	0.00763	0.00981	0.00925	0.00596	0.04744	0.77440	0.05187	0.01504	0.01378	0.01119	0.00505	0.00381	0.00126	0.00302	0.00419	0.00385	0.00597
