[name]
unknown

[dist]
# distance from previous block
# <min> <max>
0	63

[block]
# block no. 0 follows, 68 sequences, length 42
# corresponding to MSA columns:
# 86-127
name=unknown_A
#
# <colnr> <probs for GDERKNQSTAVLIFYWHMCP>
#	G	D	E	R	K	N	Q	S	T	A	V	L	I	F	Y	W	H	M	C	P
0	0.02370	0.07003	0.08143	0.08272	0.15005	0.04585	0.04802	0.12484	0.09176	0.09209	0.03587	0.01163	0.00829	0.00443	0.00396	0.00118	0.01679	0.02547	0.00283	0.07910
1	0.04266	0.07201	0.14392	0.01124	0.12114	0.03435	0.07583	0.15986	0.11932	0.04226	0.03034	0.02267	0.00787	0.00437	0.00403	0.00118	0.02742	0.00361	0.00277	0.07315
2	0.09468	0.02102	0.16746	0.02977	0.05837	0.10189	0.02408	0.11052	0.07700	0.04540	0.03020	0.02242	0.03559	0.00525	0.02673	0.00131	0.03461	0.00354	0.01465	0.09551
3	0.10578	0.18978	0.08305	0.03012	0.04497	0.13981	0.08031	0.08898	0.12095	0.03232	0.00826	0.00919	0.00648	0.00475	0.02079	0.01862	0.00492	0.00314	0.00248	0.00530
4	0.00541	0.00432	0.01865	0.00488	0.00600	0.00368	0.00365	0.00673	0.02892	0.03728	0.10935	0.28147	0.45496	0.01019	0.00474	0.00141	0.00222	0.00880	0.00376	0.00357
5	0.13504	0.00920	0.00928	0.03489	0.01088	0.04217	0.00640	0.21996	0.40380	0.03830	0.01311	0.01263	0.03712	0.00504	0.00380	0.00127	0.00363	0.00394	0.00365	0.00590
6	0.00625	0.00427	0.00538	0.00565	0.00645	0.00409	0.00408	0.00806	0.07124	0.06200	0.15477	0.45411	0.09252	0.04607	0.00548	0.00159	0.00248	0.05792	0.00384	0.00376
7	0.08871	0.00826	0.01085	0.05934	0.19324	0.03544	0.04660	0.12573	0.07363	0.02367	0.02750	0.02164	0.02186	0.07912	0.07066	0.00184	0.03547	0.01439	0.00266	0.05942
8	0.00893	0.01430	0.31672	0.01440	0.01888	0.02521	0.48408	0.01258	0.00891	0.01247	0.00755	0.00971	0.00561	0.00365	0.00466	0.00132	0.03972	0.00396	0.00188	0.00548
9	0.00771	0.00727	0.01229	0.77298	0.10374	0.00887	0.01112	0.01032	0.00803	0.01040	0.00709	0.01050	0.00538	0.00392	0.00396	0.00131	0.00523	0.00352	0.00178	0.00458
10	0.00622	0.00446	0.00619	0.00708	0.00795	0.00443	0.00609	0.00794	0.00900	0.01170	0.02155	0.10824	0.04393	0.01104	0.00542	0.00180	0.00350	0.72619	0.00365	0.00361
11	0.00515	0.00384	0.00464	0.00507	0.00582	0.00348	0.00359	0.00626	0.02243	0.02309	0.09664	0.47513	0.29446	0.01101	0.00488	0.00148	0.00222	0.02362	0.00376	0.00342
12	0.01524	0.01084	0.01173	0.00900	0.01216	0.01190	0.00743	0.77369	0.01820	0.07463	0.00989	0.00976	0.00693	0.00477	0.00397	0.00119	0.00430	0.00360	0.00402	0.00674
13	0.01779	0.00675	0.00920	0.00705	0.01012	0.00583	0.00583	0.01932	0.01135	0.83867	0.01564	0.01350	0.00981	0.00491	0.00399	0.00123	0.00337	0.00399	0.00491	0.00675
14	0.05912	0.00518	0.00546	0.00506	0.00640	0.00544	0.00393	0.10047	0.07145	0.01616	0.12049	0.03735	0.01400	0.00551	0.00338	0.00109	0.00237	0.03272	0.50015	0.00426
15	0.01276	0.00789	0.00911	0.00745	0.00989	0.00819	0.00597	0.30357	0.13175	0.23736	0.10153	0.07781	0.04349	0.01901	0.00441	0.00131	0.00341	0.00498	0.00421	0.00591
16	0.88866	0.00767	0.00583	0.00521	0.00767	0.00889	0.00429	0.01166	0.00675	0.01779	0.00552	0.00644	0.00429	0.00368	0.00245	0.00123	0.00307	0.00215	0.00245	0.00429
17	0.01507	0.01111	0.01190	0.00912	0.01230	0.01230	0.00754	0.82270	0.01864	0.02499	0.00952	0.00952	0.00674	0.00476	0.00397	0.00119	0.00436	0.00357	0.00397	0.00674
18	0.00504	0.00363	0.00455	0.00511	0.00547	0.00338	0.00339	0.00574	0.00770	0.01021	0.08647	0.56153	0.10747	0.16186	0.00767	0.00195	0.00251	0.00968	0.00351	0.00313
19	0.00530	0.00390	0.00469	0.00504	0.00580	0.00356	0.00354	0.00648	0.02857	0.02787	0.12364	0.43880	0.27552	0.04151	0.00540	0.00155	0.00226	0.00938	0.00375	0.00344
20	0.01011	0.00904	0.00908	0.00818	0.01041	0.05225	0.00635	0.02080	0.78725	0.01624	0.01563	0.01440	0.01175	0.00531	0.00401	0.00133	0.00334	0.00438	0.00393	0.00619
21	0.01509	0.01068	0.01156	0.00888	0.01200	0.01171	0.00733	0.75563	0.01797	0.07591	0.00997	0.00988	0.00701	0.00477	0.00394	0.00119	0.00425	0.00360	0.02195	0.00668
22	0.01987	0.00365	0.00474	0.00550	0.00583	0.00347	0.00375	0.00591	0.00774	0.01050	0.06846	0.68579	0.02542	0.07613	0.00616	0.00176	0.00248	0.05601	0.00360	0.00323
23	0.00580	0.00430	0.00500	0.00480	0.00584	0.00400	0.00349	0.00759	0.05584	0.03052	0.35885	0.05850	0.29893	0.13096	0.00687	0.00167	0.00232	0.00729	0.00382	0.00361
24	0.00584	0.00389	0.00514	0.00536	0.00605	0.00358	0.00382	0.00709	0.00939	0.05476	0.38185	0.44756	0.03035	0.01013	0.00484	0.00143	0.00216	0.00908	0.00405	0.00363
25	0.00986	0.00852	0.00897	0.00807	0.01031	0.00986	0.00628	0.02107	0.82876	0.01659	0.01614	0.01479	0.01210	0.00538	0.00403	0.00134	0.00314	0.00448	0.00403	0.00628
26	0.00822	0.00705	0.00822	0.00587	0.00940	0.00529	0.00470	0.00998	0.00822	0.01292	0.00705	0.00822	0.00587	0.00294	0.00294	0.00059	0.00294	0.00235	0.00235	0.88490
27	0.00593	0.00410	0.00518	0.00564	0.00602	0.00408	0.00413	0.00673	0.00729	0.00960	0.01679	0.11096	0.01890	0.43928	0.01285	0.00282	0.00362	0.33008	0.00302	0.00298
28	0.01060	0.86304	0.02078	0.00678	0.01018	0.01569	0.00678	0.01187	0.00806	0.00933	0.00551	0.00636	0.00509	0.00339	0.00254	0.00085	0.00424	0.00212	0.00170	0.00509
29	0.00561	0.00405	0.00530	0.00499	0.00592	0.00374	0.00374	0.00748	0.01122	0.01590	0.83383	0.02962	0.03741	0.00811	0.00468	0.00125	0.00187	0.00717	0.00436	0.00374
30	0.00543	0.00405	0.00505	0.00480	0.00581	0.00367	0.00360	0.00714	0.01080	0.01490	0.68075	0.03126	0.19112	0.00848	0.00468	0.00126	0.00190	0.00740	0.00423	0.00367
31	0.00749	0.00705	0.01189	0.85113	0.02731	0.00881	0.01101	0.01013	0.00793	0.01013	0.00705	0.01057	0.00529	0.00396	0.00396	0.00132	0.00529	0.00352	0.00176	0.00440
32	0.00499	0.00403	0.00444	0.00434	0.00554	0.00348	0.00325	0.00629	0.00976	0.01244	0.30426	0.03532	0.56915	0.00940	0.00468	0.00131	0.00196	0.00797	0.00391	0.00348
33	0.00749	0.00705	0.01189	0.85113	0.02731	0.00881	0.01101	0.01013	0.00793	0.01013	0.00705	0.01057	0.00529	0.00396	0.00396	0.00132	0.00529	0.00352	0.00176	0.00440
34	0.00501	0.00384	0.00516	0.00560	0.00621	0.00351	0.03004	0.00592	0.00811	0.01059	0.05789	0.61970	0.18470	0.01146	0.00497	0.00154	0.00239	0.02636	0.00365	0.00334
35	0.00934	0.01063	0.02301	0.01650	0.02037	0.01010	0.79390	0.01259	0.00925	0.01259	0.00793	0.01063	0.00599	0.00346	0.00496	0.00135	0.03546	0.00464	0.00200	0.00531
36	0.00913	0.01033	0.02244	0.01614	0.01996	0.00968	0.78000	0.01234	0.00927	0.01257	0.00872	0.05372	0.00704	0.00380	0.00470	0.00135	0.00646	0.00501	0.00209	0.00524
37	0.00936	0.01070	0.02340	0.01671	0.02072	0.01003	0.82152	0.01270	0.00936	0.01270	0.00802	0.01070	0.00602	0.00334	0.00468	0.00134	0.00668	0.00468	0.00201	0.00535
38	0.04234	0.02715	0.47251	0.01146	0.02582	0.00972	0.13678	0.08776	0.00922	0.01360	0.02162	0.00938	0.00606	0.00497	0.03184	0.00146	0.07735	0.00339	0.00204	0.00556
39	0.00667	0.00430	0.00554	0.00589	0.00690	0.00402	0.00468	0.00804	0.00903	0.08333	0.07898	0.23762	0.17566	0.01010	0.00491	0.00154	0.00277	0.29781	0.04846	0.00377
40	0.00527	0.00392	0.00491	0.00552	0.00607	0.00374	0.00388	0.00668	0.05204	0.01086	0.06464	0.57541	0.12739	0.04673	0.00560	0.00165	0.00245	0.06616	0.00368	0.00342
41	0.00866	0.00736	0.02451	0.00702	0.01003	0.00611	0.07071	0.07001	0.02248	0.04065	0.00991	0.04418	0.03577	0.05453	0.04031	0.00124	0.00374	0.00356	0.00263	0.53658

[dist]
# distance from previous block
# <min> <max>
17	76

[block]
# block no. 1 follows, 68 sequences, length 7
# corresponding to MSA columns:
# 218-224
name=unknown_B
#
# <colnr> <probs for GDERKNQSTAVLIFYWHMCP>
#	G	D	E	R	K	N	Q	S	T	A	V	L	I	F	Y	W	H	M	C	P
0	0.00853	0.01019	0.15875	0.01033	0.06119	0.06101	0.16852	0.06333	0.02866	0.04034	0.03870	0.09239	0.17325	0.00643	0.00441	0.00133	0.00447	0.06044	0.00287	0.00487
1	0.03445	0.18055	0.06602	0.00977	0.09026	0.07677	0.02435	0.11137	0.12717	0.03182	0.01159	0.04877	0.07367	0.00526	0.00464	0.00122	0.09031	0.00399	0.00271	0.00531
2	0.06195	0.06576	0.06364	0.01022	0.09028	0.22877	0.05592	0.10092	0.02414	0.07347	0.05096	0.01103	0.03501	0.01813	0.00412	0.00115	0.02102	0.00347	0.00266	0.07738
3	0.03099	0.10735	0.06099	0.02929	0.08834	0.05842	0.07748	0.01089	0.00836	0.01269	0.00886	0.01074	0.00717	0.00421	0.00409	0.00106	0.08050	0.00330	0.32014	0.07509
4	0.06298	0.00514	0.00561	0.00551	0.00606	0.05449	0.00381	0.00724	0.00638	0.00903	0.01095	0.01962	0.01149	0.43770	0.33278	0.00447	0.00658	0.00476	0.00228	0.00309
5	0.00898	0.00581	0.00835	0.00754	0.05758	0.00586	0.11903	0.05171	0.00914	0.07194	0.01162	0.01330	0.00895	0.00450	0.00367	0.00106	0.03789	0.00383	0.56477	0.00447
6	0.00905	0.16704	0.12385	0.03421	0.08707	0.10636	0.09336	0.04027	0.00966	0.01232	0.14665	0.01532	0.10754	0.00523	0.00412	0.00117	0.02498	0.00436	0.00255	0.00487

[dist]
# distance from previous block
# <min> <max>
4	15

[block]
# block no. 2 follows, 68 sequences, length 55
# corresponding to MSA columns:
# 240-294
name=unknown_C
#
# <colnr> <probs for GDERKNQSTAVLIFYWHMCP>
#	G	D	E	R	K	N	Q	S	T	A	V	L	I	F	Y	W	H	M	C	P
0	0.00866	0.01880	0.00913	0.00894	0.10442	0.00680	0.04727	0.11008	0.11016	0.05683	0.20747	0.12780	0.06039	0.03426	0.00484	0.00136	0.00324	0.02747	0.00356	0.04852
1	0.00866	0.00840	0.01290	0.46387	0.24534	0.05326	0.03040	0.02833	0.00862	0.01132	0.00774	0.04433	0.00646	0.00424	0.00418	0.00126	0.02555	0.00378	0.00198	0.02936
2	0.00533	0.00391	0.00459	0.00471	0.00525	0.00378	0.00316	0.00595	0.00715	0.00925	0.03326	0.13126	0.25246	0.37446	0.12265	0.00311	0.00399	0.01982	0.00294	0.00297
3	0.01206	0.06035	0.05022	0.04452	0.05646	0.29865	0.02835	0.12870	0.23615	0.01409	0.00961	0.01013	0.00744	0.00493	0.02006	0.00127	0.00529	0.00340	0.00281	0.00552
4	0.48100	0.00961	0.00863	0.00709	0.00983	0.04662	0.00581	0.35509	0.01198	0.02048	0.00724	0.00777	0.00537	0.00415	0.00314	0.00120	0.00379	0.00277	0.00308	0.00534
5	0.01007	0.00847	0.00897	0.00804	0.01031	0.00976	0.00626	0.02102	0.80774	0.03773	0.01612	0.01476	0.01204	0.00537	0.00403	0.00134	0.00314	0.00447	0.00406	0.00629
6	0.00618	0.00387	0.00498	0.00512	0.00536	0.00385	0.00337	0.02943	0.00659	0.00873	0.01396	0.20063	0.05023	0.29086	0.03167	0.29710	0.00345	0.02945	0.00258	0.00258
7	0.00962	0.24661	0.28966	0.02867	0.01617	0.05469	0.25613	0.03211	0.00897	0.01182	0.00696	0.00854	0.00539	0.00358	0.00371	0.00116	0.00569	0.00325	0.00186	0.00542
8	0.43427	0.00719	0.00759	0.00617	0.00895	0.00729	0.00509	0.01566	0.00915	0.44609	0.01080	0.01012	0.00717	0.00432	0.00325	0.00123	0.00323	0.00311	0.00373	0.00557
9	0.00552	0.00382	0.00459	0.00490	0.00513	0.00372	0.00315	0.00595	0.00682	0.00903	0.03683	0.24592	0.05702	0.50384	0.01384	0.00290	0.00329	0.07798	0.00295	0.00280
10	0.07848	0.00812	0.01875	0.13546	0.08148	0.02519	0.03851	0.18541	0.11388	0.04819	0.06718	0.05522	0.03788	0.02719	0.03039	0.00151	0.00421	0.03458	0.00316	0.00520
11	0.03104	0.00916	0.01365	0.05254	0.50783	0.04399	0.03648	0.03284	0.12321	0.02207	0.04176	0.01189	0.00859	0.00470	0.02076	0.00132	0.00458	0.01624	0.01152	0.00585
12	0.00478	0.00402	0.00414	0.00411	0.00541	0.00339	0.00308	0.00586	0.00925	0.01121	0.11723	0.03733	0.75694	0.00985	0.00469	0.00133	0.00199	0.00825	0.00375	0.00339
13	0.04730	0.00818	0.00989	0.00775	0.01063	0.00825	0.02030	0.29004	0.04868	0.39255	0.01333	0.01263	0.03257	0.00638	0.05365	0.00152	0.00412	0.00392	0.00416	0.02417
14	0.00939	0.00933	0.03660	0.22589	0.32205	0.02610	0.17268	0.03097	0.03321	0.03362	0.00833	0.01143	0.00671	0.00406	0.00436	0.00129	0.02637	0.03000	0.00215	0.00547
15	0.01071	0.03243	0.01025	0.00878	0.01045	0.34195	0.05239	0.05579	0.03891	0.02389	0.08324	0.05293	0.05938	0.03747	0.04666	0.00159	0.08957	0.03650	0.00267	0.00445
16	0.00795	0.02051	0.84011	0.01130	0.01716	0.00921	0.01465	0.01256	0.00837	0.01256	0.00712	0.00837	0.00502	0.00377	0.00377	0.00126	0.00586	0.00293	0.00167	0.00586
17	0.88866	0.00767	0.00583	0.00521	0.00767	0.00889	0.00429	0.01166	0.00675	0.01779	0.00552	0.00644	0.00429	0.00368	0.00245	0.00123	0.00307	0.00215	0.00245	0.00429
18	0.00610	0.00434	0.00499	0.00491	0.00599	0.00395	0.00353	0.00758	0.04877	0.05681	0.12505	0.20755	0.33337	0.11943	0.00661	0.00167	0.00245	0.00781	0.01830	0.03078
19	0.07690	0.00757	0.00897	0.04619	0.02544	0.00809	0.02786	0.12305	0.27039	0.11138	0.02181	0.13641	0.01185	0.03259	0.00460	0.00137	0.01315	0.00498	0.00357	0.06381
20	0.03125	0.00875	0.00948	0.00805	0.01057	0.00976	0.00640	0.18893	0.52713	0.11861	0.02798	0.01359	0.01094	0.00520	0.00399	0.00129	0.00340	0.00422	0.00410	0.00635
21	0.00483	0.00346	0.00459	0.00548	0.00574	0.00322	0.00366	0.00552	0.00763	0.01014	0.02230	0.83799	0.04602	0.01236	0.00505	0.00160	0.00229	0.01120	0.00368	0.00322
22	0.00669	0.00357	0.00536	0.00536	0.00547	0.00368	0.00368	0.00547	0.00536	0.00725	0.00748	0.01261	0.00737	0.01630	0.14683	0.74558	0.00458	0.00357	0.00179	0.00201
23	0.00775	0.00719	0.01184	0.81117	0.02656	0.00893	0.01082	0.03411	0.02315	0.01068	0.00728	0.01062	0.00545	0.00401	0.00397	0.00132	0.00522	0.00354	0.00187	0.00451
24	0.88866	0.00767	0.00583	0.00521	0.00767	0.00889	0.00429	0.01166	0.00675	0.01779	0.00552	0.00644	0.00429	0.00368	0.00245	0.00123	0.00307	0.00215	0.00245	0.00429
25	0.00563	0.00421	0.00506	0.00545	0.00620	0.00399	0.00386	0.06924	0.00889	0.01155	0.03936	0.56605	0.22168	0.01115	0.00488	0.00151	0.00240	0.02163	0.00371	0.00354
26	0.10226	0.01016	0.01072	0.00845	0.01132	0.01125	0.00691	0.67741	0.01658	0.02311	0.01008	0.07525	0.00801	0.00525	0.00390	0.00123	0.00407	0.00403	0.00379	0.00622
27	0.00516	0.00375	0.00455	0.00504	0.00569	0.00339	0.00347	0.00603	0.00792	0.01065	0.02413	0.56165	0.19347	0.03566	0.00516	0.00152	0.00227	0.00955	0.07200	0.03892
28	0.02515	0.00958	0.00919	0.00825	0.01048	0.10126	0.00643	0.04345	0.66542	0.03240	0.01478	0.01437	0.01127	0.00532	0.00399	0.00131	0.00363	0.02391	0.00380	0.00602
29	0.00523	0.00385	0.00495	0.00571	0.00611	0.00375	0.00388	0.00676	0.07156	0.01072	0.03426	0.77932	0.02530	0.01181	0.00497	0.00158	0.00236	0.01068	0.00372	0.00347
30	0.00539	0.00378	0.00483	0.00520	0.00573	0.00352	0.00360	0.00637	0.00852	0.02522	0.22988	0.44639	0.09106	0.11192	0.00673	0.00176	0.00241	0.03065	0.00372	0.00334
31	0.00666	0.07136	0.00743	0.00715	0.00827	0.00539	0.00630	0.00841	0.00904	0.01163	0.02045	0.04151	0.04924	0.01033	0.00522	0.00173	0.00364	0.71898	0.00350	0.00375
32	0.12222	0.00715	0.00889	0.00698	0.00993	0.00671	0.00574	0.05228	0.05966	0.65664	0.01419	0.01255	0.00916	0.00478	0.00380	0.00123	0.00336	0.00378	0.00452	0.00642
33	0.00766	0.00559	0.00568	0.00520	0.00675	0.06930	0.00398	0.00897	0.01011	0.13524	0.23574	0.02990	0.44431	0.00832	0.00449	0.00127	0.00258	0.00696	0.00391	0.00405
34	0.00835	0.00716	0.00828	0.00604	0.00947	0.00564	0.00482	0.01085	0.07209	0.01321	0.00775	0.00873	0.00636	0.00313	0.00302	0.00065	0.00295	0.00252	0.00248	0.81651
35	0.10513	0.00873	0.01003	0.00776	0.01081	0.00894	0.00641	0.36669	0.01404	0.40262	0.01196	0.01106	0.00792	0.00472	0.00382	0.00121	0.00377	0.00362	0.00425	0.00650
36	0.01429	0.01788	0.01155	0.01126	0.07631	0.75730	0.00797	0.01569	0.03302	0.01014	0.00650	0.00756	0.00539	0.00408	0.00361	0.00104	0.00685	0.00268	0.00209	0.00477
37	0.00554	0.00408	0.00488	0.00487	0.00594	0.00371	0.00377	0.00711	0.00997	0.01350	0.38994	0.03341	0.30532	0.00888	0.00464	0.00133	0.00215	0.11497	0.07240	0.00359
38	0.00540	0.00400	0.00471	0.00456	0.00562	0.00359	0.00341	0.00694	0.01013	0.01384	0.46976	0.05371	0.31450	0.00863	0.00454	0.00126	0.00193	0.00743	0.07247	0.00359
39	0.00559	0.00423	0.00619	0.00619	0.00695	0.00483	0.00480	0.00697	0.00658	0.00932	0.01292	0.01733	0.07408	0.02820	0.77954	0.00598	0.00995	0.00457	0.00225	0.00353
40	0.00575	0.00389	0.00457	0.00457	0.00466	0.00398	0.00271	0.00592	0.00584	0.00787	0.01227	0.02470	0.01387	0.76088	0.11921	0.00415	0.00466	0.00558	0.00237	0.00254
41	0.01105	0.00851	0.00938	0.00788	0.01012	0.00951	0.00631	0.28385	0.30826	0.06174	0.04938	0.01625	0.12173	0.00601	0.00482	0.00131	0.06953	0.00471	0.00385	0.00581
42	0.88866	0.00767	0.00583	0.00521	0.00767	0.00889	0.00429	0.01166	0.00675	0.01779	0.00552	0.00644	0.00429	0.00368	0.00245	0.00123	0.00307	0.00215	0.00245	0.00429
43	0.00566	0.00425	0.00637	0.00637	0.00708	0.00496	0.00496	0.00708	0.00637	0.00920	0.01062	0.01558	0.00991	0.02974	0.84494	0.00637	0.01062	0.00425	0.00212	0.00354
44	0.00806	0.05459	0.80698	0.01112	0.01688	0.00947	0.01433	0.01253	0.00836	0.01243	0.00705	0.00829	0.00503	0.00375	0.00372	0.00124	0.00579	0.00290	0.00168	0.00583
45	0.01871	0.00557	0.00729	0.00685	0.00787	0.00642	0.00534	0.06206	0.10036	0.03231	0.04413	0.02905	0.01153	0.08234	0.47416	0.00435	0.06978	0.02508	0.00268	0.00413
46	0.00500	0.00367	0.00457	0.00517	0.00570	0.00336	0.00358	0.00587	0.00812	0.01068	0.07766	0.55969	0.18919	0.04357	0.00550	0.00161	0.00231	0.03993	0.02154	0.00327
47	0.00758	0.00714	0.01206	0.81776	0.05994	0.00883	0.01106	0.01021	0.00797	0.01024	0.00706	0.01054	0.00533	0.00395	0.00396	0.00132	0.00526	0.00352	0.00177	0.00448
48	0.01071	0.80884	0.03990	0.00703	0.01043	0.04907	0.00701	0.01205	0.00819	0.00942	0.00558	0.00644	0.00509	0.00343	0.00261	0.00086	0.00440	0.00216	0.00171	0.00509
49	0.00978	0.00891	0.00986	0.08483	0.08189	0.15036	0.00718	0.05673	0.03073	0.06533	0.10701	0.03392	0.07730	0.00661	0.00674	0.06039	0.18145	0.01370	0.00273	0.00454
50	0.01420	0.01054	0.01131	0.00882	0.01183	0.01164	0.00726	0.73140	0.05875	0.02370	0.01134	0.01172	0.04084	0.00514	0.00403	0.00122	0.00419	0.02159	0.00395	0.00651
51	0.00808	0.00699	0.00861	0.01630	0.00971	0.00549	0.03505	0.00979	0.00811	0.01251	0.00780	0.00973	0.01728	0.05085	0.00413	0.00083	0.01425	0.00273	0.00234	0.76943
52	0.00494	0.00371	0.00442	0.00490	0.00549	0.00337	0.00335	0.00569	0.00796	0.01019	0.04757	0.45831	0.28860	0.11349	0.00675	0.00178	0.00240	0.02036	0.00354	0.00318
53	0.14630	0.00970	0.01281	0.15462	0.15276	0.09716	0.12913	0.11896	0.01017	0.07995	0.01704	0.02139	0.00666	0.00463	0.02091	0.00133	0.00501	0.00358	0.00257	0.00531
54	0.08487	0.14986	0.07809	0.01124	0.11372	0.11654	0.08597	0.16161	0.06448	0.02435	0.00783	0.00897	0.00617	0.00461	0.01948	0.00127	0.04972	0.00321	0.00248	0.00552

[dist]
# distance from previous block
# <min> <max>
0	3

[block]
# block no. 3 follows, 68 sequences, length 37
# corresponding to MSA columns:
# 299-335
name=unknown_D
#
# <colnr> <probs for GDERKNQSTAVLIFYWHMCP>
#	G	D	E	R	K	N	Q	S	T	A	V	L	I	F	Y	W	H	M	C	P
0	0.01814	0.00751	0.00796	0.02287	0.00930	0.05007	0.00547	0.09528	0.27136	0.04253	0.16588	0.03907	0.09988	0.00618	0.00409	0.00121	0.00314	0.02797	0.00368	0.11841
1	0.00545	0.00373	0.00471	0.00522	0.00573	0.00343	0.00354	0.00621	0.00795	0.04217	0.06747	0.58033	0.13751	0.09911	0.00651	0.00177	0.00244	0.00979	0.00363	0.00332
2	0.01479	0.01801	0.01107	0.01000	0.01210	0.77949	0.00753	0.01616	0.03706	0.04835	0.00689	0.00769	0.00555	0.00416	0.00361	0.00104	0.00685	0.00268	0.00224	0.00475
3	0.00901	0.00712	0.00838	0.00608	0.00950	0.00558	0.00488	0.04113	0.00877	0.06349	0.00774	0.00875	0.00623	0.00369	0.02072	0.00077	0.00318	0.00253	0.00256	0.77991
4	0.00513	0.00356	0.00469	0.00546	0.00580	0.00331	0.00368	0.00588	0.00781	0.02685	0.05190	0.76837	0.05135	0.02915	0.00532	0.00163	0.00233	0.01077	0.00370	0.00330
5	0.02350	0.00427	0.00502	0.00518	0.00597	0.00407	0.00371	0.04442	0.00875	0.01165	0.13904	0.28465	0.21449	0.15681	0.00745	0.00187	0.00265	0.06956	0.00354	0.00340
6	0.00835	0.00430	0.00446	0.00419	0.00535	0.00433	0.00321	0.06045	0.00910	0.05361	0.01285	0.01439	0.00993	0.00464	0.00290	0.00095	0.00208	0.00370	0.78716	0.00403
7	0.88866	0.00767	0.00583	0.00521	0.00767	0.00889	0.00429	0.01166	0.00675	0.01779	0.00552	0.00644	0.00429	0.00368	0.00245	0.00123	0.00307	0.00215	0.00245	0.00429
8	0.09665	0.00800	0.00952	0.00748	0.01040	0.00794	0.00617	0.25635	0.01295	0.47951	0.01318	0.02728	0.00911	0.00508	0.00391	0.00124	0.00363	0.03090	0.00434	0.00636
9	0.05973	0.00449	0.00497	0.00494	0.00574	0.00441	0.00338	0.03754	0.02750	0.02842	0.08712	0.20141	0.18509	0.29899	0.00981	0.00222	0.00289	0.00716	0.02083	0.00336
10	0.01768	0.00693	0.00931	0.00714	0.01021	0.00609	0.00590	0.05220	0.01165	0.80537	0.01539	0.01333	0.00969	0.00490	0.00399	0.00123	0.00341	0.00397	0.00487	0.00675
11	0.00749	0.00705	0.01189	0.85113	0.02731	0.00881	0.01101	0.01013	0.00793	0.01013	0.00705	0.01057	0.00529	0.00396	0.00396	0.00132	0.00529	0.00352	0.00176	0.00440
12	0.00672	0.00519	0.00604	0.00581	0.00715	0.00523	0.00450	0.01059	0.20638	0.02886	0.31898	0.06354	0.19964	0.00825	0.00459	0.00136	0.00244	0.09441	0.01603	0.00429
13	0.00526	0.00387	0.00497	0.00561	0.00623	0.00362	0.00417	0.00634	0.00840	0.01097	0.08368	0.43821	0.16228	0.04096	0.00560	0.00167	0.00259	0.19856	0.00368	0.00335
14	0.01711	0.00784	0.00988	0.00757	0.01067	0.00745	0.00626	0.22073	0.01318	0.63468	0.01411	0.01250	0.00904	0.00487	0.00398	0.00122	0.00362	0.00388	0.00467	0.00675
15	0.04223	0.00677	0.00897	0.00698	0.00993	0.00604	0.00574	0.01882	0.04910	0.75148	0.04058	0.01385	0.01061	0.00499	0.00397	0.00123	0.00331	0.00406	0.00478	0.00656
16	0.01052	0.00871	0.00924	0.00814	0.01048	0.00998	0.00638	0.09332	0.73603	0.03713	0.01553	0.01429	0.01156	0.00531	0.00403	0.00133	0.00325	0.00439	0.00405	0.00633
17	0.00972	0.00663	0.00738	0.00639	0.00813	0.00696	0.00490	0.18076	0.17949	0.09407	0.11982	0.01987	0.09077	0.15242	0.00683	0.00168	0.00316	0.01417	0.08194	0.00490
18	0.00549	0.00414	0.00508	0.00483	0.00588	0.00378	0.00363	0.00735	0.02736	0.01473	0.63674	0.03126	0.21809	0.00849	0.00467	0.00127	0.00193	0.00739	0.00420	0.00370
19	0.01708	0.00789	0.00991	0.00759	0.01069	0.00752	0.00627	0.22930	0.01325	0.62600	0.01404	0.01246	0.00901	0.00487	0.00398	0.00122	0.00363	0.00388	0.00466	0.00675
20	0.00822	0.00705	0.00822	0.00587	0.00940	0.00529	0.00470	0.00998	0.00822	0.01292	0.00705	0.00822	0.00587	0.00294	0.00294	0.00059	0.00294	0.00235	0.00235	0.88490
21	0.00601	0.00394	0.00497	0.00532	0.00604	0.00360	0.00377	0.00690	0.00833	0.07379	0.07852	0.47483	0.17456	0.07902	0.00612	0.00170	0.00250	0.05286	0.00372	0.00351
22	0.00801	0.04027	0.82090	0.01119	0.01700	0.00936	0.01446	0.01254	0.00836	0.01248	0.00708	0.00832	0.00502	0.00376	0.00374	0.00125	0.00582	0.00291	0.00167	0.00584
23	0.00483	0.00345	0.00460	0.00552	0.00575	0.00322	0.00368	0.00552	0.00759	0.01012	0.02185	0.85807	0.02622	0.01242	0.00506	0.00161	0.00230	0.01127	0.00368	0.00322
24	0.00546	0.00392	0.00468	0.00505	0.00574	0.00360	0.00350	0.00648	0.02759	0.03580	0.04999	0.43822	0.26325	0.11014	0.00665	0.00176	0.00245	0.01877	0.00360	0.00336
25	0.00900	0.00859	0.01463	0.31215	0.55444	0.00921	0.01177	0.01146	0.00865	0.01197	0.00732	0.01008	0.00593	0.00368	0.00394	0.00123	0.00491	0.00353	0.00189	0.00563
26	0.00986	0.00852	0.00897	0.00807	0.01031	0.00986	0.00628	0.02107	0.82876	0.01659	0.01614	0.01479	0.01210	0.00538	0.00403	0.00134	0.00314	0.00448	0.00403	0.00628
27	0.00778	0.00739	0.01265	0.74336	0.10943	0.00891	0.03406	0.01041	0.00808	0.01049	0.00712	0.01050	0.00541	0.00390	0.00398	0.00131	0.00527	0.00356	0.00179	0.00462
28	0.00504	0.00362	0.00472	0.00554	0.00583	0.00343	0.00375	0.00591	0.02042	0.01015	0.02141	0.73779	0.03897	0.06928	0.00607	0.00176	0.00247	0.04702	0.00360	0.00323
29	0.00936	0.01070	0.02340	0.01671	0.02072	0.01003	0.82152	0.01270	0.00936	0.01270	0.00802	0.01070	0.00602	0.00334	0.00468	0.00134	0.00668	0.00468	0.00201	0.00535
30	0.01551	0.01041	0.01147	0.00879	0.01195	0.01126	0.00726	0.69359	0.01747	0.15576	0.01050	0.01016	0.00724	0.00478	0.00397	0.00120	0.00420	0.00364	0.00412	0.00674
31	0.00507	0.00416	0.00451	0.00443	0.00569	0.00367	0.00335	0.00655	0.03218	0.01191	0.19914	0.03535	0.61768	0.01000	0.02449	0.00145	0.00224	0.02082	0.00379	0.00352
32	0.00893	0.00720	0.00840	0.00609	0.00955	0.00566	0.00488	0.03639	0.03148	0.05168	0.00778	0.00869	0.00626	0.00315	0.00305	0.00066	0.00301	0.00252	0.00257	0.79207
33	0.01212	0.00905	0.01114	0.26521	0.03264	0.02865	0.00823	0.33686	0.10969	0.10986	0.01019	0.01125	0.00741	0.02475	0.00435	0.00131	0.00444	0.00374	0.00329	0.00582
34	0.08128	0.18184	0.08508	0.03431	0.01215	0.02282	0.00769	0.39443	0.06530	0.06497	0.00884	0.00911	0.00652	0.00433	0.00355	0.00114	0.00430	0.00318	0.00316	0.00601
35	0.02851	0.01054	0.01183	0.06353	0.06791	0.08409	0.04804	0.47249	0.04802	0.04024	0.02995	0.03371	0.02279	0.00496	0.00402	0.00122	0.00454	0.01419	0.00342	0.00598
36	0.11085	0.02106	0.03047	0.12642	0.24963	0.07987	0.05689	0.06981	0.04681	0.05110	0.00804	0.00986	0.00634	0.00398	0.00388	0.00117	0.02243	0.01213	0.00241	0.08685

[dist]
# distance from previous block
# <min> <max>
0	18

[block]
# block no. 4 follows, 68 sequences, length 17
# corresponding to MSA columns:
# 354-370
name=unknown_E
#
# <colnr> <probs for GDERKNQSTAVLIFYWHMCP>
#	G	D	E	R	K	N	Q	S	T	A	V	L	I	F	Y	W	H	M	C	P
0	0.02959	0.00833	0.00983	0.07364	0.01147	0.05508	0.04539	0.22983	0.08183	0.10531	0.03471	0.05428	0.03130	0.03729	0.00589	0.07897	0.03055	0.01554	0.00323	0.05792
1	0.05167	0.07750	0.06119	0.03906	0.15543	0.09165	0.04499	0.06950	0.03804	0.04023	0.02308	0.06101	0.03339	0.00618	0.01729	0.00140	0.06717	0.11354	0.00266	0.00502
2	0.00744	0.00451	0.00569	0.00565	0.00694	0.00407	0.00445	0.00876	0.00947	0.15248	0.12681	0.17878	0.27239	0.00955	0.00481	0.00146	0.00264	0.18612	0.00397	0.00402
3	0.00555	0.00388	0.00483	0.00521	0.00570	0.00369	0.00362	0.00632	0.00770	0.02351	0.07795	0.33508	0.11893	0.25348	0.03309	0.00234	0.00308	0.09955	0.00334	0.00315
4	0.06123	0.00940	0.01295	0.14578	0.36618	0.07218	0.03478	0.13025	0.02197	0.01395	0.00828	0.04524	0.00703	0.01664	0.00455	0.03330	0.00472	0.00378	0.00236	0.00544
5	0.01052	0.35347	0.03590	0.03673	0.06700	0.17516	0.03343	0.03199	0.03104	0.01076	0.00850	0.03449	0.00802	0.00494	0.00403	0.00115	0.05086	0.09492	0.00219	0.00490
6	0.00550	0.00411	0.00517	0.00565	0.00625	0.00402	0.00394	0.00753	0.09525	0.01187	0.16861	0.59246	0.05293	0.01082	0.00487	0.00151	0.00230	0.00972	0.00384	0.00364
7	0.00522	0.00372	0.00476	0.00534	0.00579	0.00349	0.00373	0.00597	0.00786	0.01034	0.07500	0.48633	0.12539	0.10766	0.00718	0.03862	0.00260	0.09434	0.00350	0.00316
8	0.00962	0.04482	0.02493	0.17159	0.35069	0.07094	0.04322	0.05696	0.03496	0.02771	0.02952	0.05019	0.03551	0.00467	0.00413	0.00124	0.01684	0.01474	0.00236	0.00539
9	0.13508	0.23765	0.33013	0.03987	0.03535	0.11066	0.00986	0.03819	0.00873	0.01243	0.00643	0.00758	0.00504	0.00373	0.00326	0.00112	0.00509	0.00262	0.00192	0.00527
10	0.02446	0.00800	0.00892	0.00760	0.00987	0.00862	0.00612	0.29264	0.22784	0.09813	0.07567	0.04194	0.06382	0.02095	0.00452	0.00137	0.00346	0.08642	0.00400	0.00567
11	0.06252	0.00735	0.01048	0.29126	0.16543	0.04314	0.01960	0.04118	0.00862	0.04649	0.01067	0.08830	0.02651	0.01974	0.09783	0.00192	0.00518	0.04670	0.00243	0.00466
12	0.02202	0.02534	0.08459	0.03281	0.09524	0.05914	0.11683	0.13008	0.05648	0.10181	0.05771	0.05734	0.03827	0.01750	0.02625	0.00145	0.05456	0.01424	0.00297	0.00536
13	0.00855	0.12102	0.44033	0.00908	0.01303	0.00858	0.01035	0.04270	0.00899	0.06223	0.02382	0.09172	0.03224	0.00574	0.00400	0.00131	0.00469	0.10391	0.00248	0.00524
14	0.00535	0.00405	0.00487	0.00491	0.00587	0.00368	0.00370	0.00670	0.00958	0.01264	0.34767	0.08503	0.31201	0.07229	0.00594	0.00156	0.00231	0.10453	0.00385	0.00346
15	0.01135	0.01004	0.02827	0.12868	0.25643	0.06135	0.14281	0.18505	0.01137	0.08379	0.03592	0.01077	0.00743	0.00413	0.00407	0.00122	0.00500	0.00382	0.00269	0.00581
16	0.02141	0.00957	0.05984	0.05664	0.18340	0.03828	0.15534	0.11884	0.05871	0.10128	0.06610	0.01437	0.03592	0.00490	0.00433	0.00128	0.01711	0.04413	0.00294	0.00559

[dist]
# distance from previous block
# <min> <max>
3	4

[block]
# block no. 5 follows, 68 sequences, length 36
# corresponding to MSA columns:
# 375-410
name=unknown_F
#
# <colnr> <probs for GDERKNQSTAVLIFYWHMCP>
#	G	D	E	R	K	N	Q	S	T	A	V	L	I	F	Y	W	H	M	C	P
0	0.17863	0.00777	0.01119	0.29722	0.23513	0.00868	0.02058	0.05968	0.02497	0.01338	0.00850	0.06130	0.00743	0.03025	0.00425	0.00136	0.00437	0.01809	0.00230	0.00493
1	0.01424	0.00834	0.00972	0.00781	0.01057	0.00866	0.00633	0.25968	0.22061	0.33743	0.06292	0.01360	0.01113	0.00517	0.00403	0.00125	0.00352	0.00418	0.00437	0.00645
2	0.00504	0.00364	0.00474	0.00552	0.00592	0.00341	0.00385	0.00586	0.00787	0.01037	0.03972	0.65221	0.09390	0.04787	0.00570	0.00170	0.00247	0.09332	0.00364	0.00325
3	0.00588	0.00382	0.00447	0.00447	0.00449	0.00384	0.00258	0.00574	0.00572	0.00765	0.01187	0.02425	0.01353	0.75150	0.04334	0.09269	0.00400	0.00549	0.00233	0.00237
4	0.00913	0.00856	0.01364	0.26735	0.45608	0.00931	0.01083	0.01307	0.14719	0.01273	0.00880	0.01088	0.00697	0.00397	0.00396	0.00125	0.00462	0.00369	0.00225	0.00572
5	0.88866	0.00767	0.00583	0.00521	0.00767	0.00889	0.00429	0.01166	0.00675	0.01779	0.00552	0.00644	0.00429	0.00368	0.00245	0.00123	0.00307	0.00215	0.00245	0.00429
6	0.00483	0.00345	0.00460	0.00552	0.00575	0.00322	0.00368	0.00552	0.00759	0.01012	0.02185	0.85807	0.02622	0.01242	0.00506	0.00161	0.00230	0.01127	0.00368	0.00322
7	0.09732	0.01378	0.37009	0.01203	0.07882	0.01849	0.18690	0.02278	0.02528	0.03840	0.06648	0.03492	0.00847	0.00429	0.00396	0.00127	0.00515	0.00388	0.00227	0.00543
8	0.00473	0.00383	0.00421	0.00451	0.00549	0.00331	0.00323	0.00563	0.00856	0.01052	0.03414	0.30783	0.56853	0.01082	0.00481	0.00143	0.00210	0.00932	0.00368	0.00331
9	0.00986	0.00852	0.00897	0.00807	0.01031	0.00986	0.00628	0.02107	0.82876	0.01659	0.01614	0.01479	0.01210	0.00538	0.00403	0.00134	0.00314	0.00448	0.00403	0.00628
10	0.00485	0.00346	0.00459	0.00549	0.00572	0.00324	0.00365	0.00553	0.00755	0.01006	0.02162	0.83778	0.02594	0.03310	0.00543	0.00166	0.00234	0.01114	0.00365	0.00320
11	0.00686	0.00345	0.00514	0.00514	0.00514	0.00345	0.00342	0.00518	0.00518	0.00691	0.00704	0.01242	0.00709	0.03621	0.01562	0.86130	0.00345	0.00351	0.00174	0.00174
12	0.00818	0.00753	0.01234	0.84279	0.02763	0.00918	0.01125	0.01062	0.00838	0.01080	0.00774	0.01149	0.00594	0.00442	0.00426	0.00145	0.00550	0.00375	0.00200	0.00476
13	0.01060	0.86304	0.02078	0.00678	0.01018	0.01569	0.00678	0.01187	0.00806	0.00933	0.00551	0.00636	0.00509	0.00339	0.00254	0.00085	0.00424	0.00212	0.00170	0.00509
14	0.00558	0.00405	0.00526	0.00496	0.00591	0.00373	0.00372	0.00743	0.01116	0.01574	0.81003	0.02987	0.06131	0.00816	0.00468	0.00125	0.00187	0.00721	0.00434	0.00373
15	0.00822	0.00705	0.00822	0.00587	0.00940	0.00529	0.00470	0.00998	0.00822	0.01292	0.00705	0.00822	0.00587	0.00294	0.00294	0.00059	0.00294	0.00235	0.00235	0.88490
16	0.00577	0.00384	0.00432	0.00432	0.00432	0.00384	0.00240	0.00577	0.00577	0.00769	0.01249	0.02595	0.01441	0.86066	0.02018	0.00384	0.00384	0.00577	0.00240	0.00240
17	0.01466	0.01080	0.01160	0.00898	0.01203	0.01193	0.00738	0.78971	0.01820	0.02439	0.01002	0.04378	0.00753	0.00507	0.00401	0.00121	0.00428	0.00388	0.00395	0.00660
18	0.42210	0.00729	0.00771	0.00626	0.00904	0.00743	0.00516	0.03775	0.00941	0.43522	0.01077	0.01011	0.00717	0.00433	0.00327	0.00123	0.00326	0.00312	0.00374	0.00561
19	0.00490	0.00408	0.00429	0.00428	0.00554	0.00351	0.00319	0.00620	0.02477	0.01144	0.13710	0.07215	0.68518	0.00982	0.00469	0.00134	0.00203	0.00827	0.00377	0.00345
20	0.00566	0.00425	0.00637	0.00637	0.00708	0.00496	0.00496	0.00708	0.00637	0.00920	0.01062	0.01558	0.00991	0.02974	0.84494	0.00637	0.01062	0.00425	0.00212	0.00354
21	0.00689	0.00344	0.00517	0.00517	0.00517	0.00344	0.00344	0.00517	0.00517	0.00689	0.00689	0.01205	0.00689	0.01377	0.01550	0.88464	0.00344	0.00344	0.00172	0.00172
22	0.28818	0.00790	0.00827	0.00685	0.00932	0.00844	0.00554	0.24280	0.03594	0.20257	0.01085	0.04604	0.00859	0.05344	0.00471	0.01698	0.00354	0.03110	0.00355	0.00538
23	0.03877	0.00847	0.00907	0.00738	0.00978	0.00924	0.00593	0.43519	0.11803	0.06938	0.01165	0.02712	0.00884	0.03059	0.00418	0.00124	0.00352	0.00390	0.19195	0.00576
24	0.00566	0.00424	0.00634	0.00633	0.00704	0.00491	0.00491	0.00709	0.00654	0.00943	0.03864	0.01605	0.01085	0.02900	0.81635	0.00620	0.01032	0.00435	0.00220	0.00355
25	0.00795	0.02051	0.84011	0.01130	0.01716	0.00921	0.01465	0.01256	0.00837	0.01256	0.00712	0.00837	0.00502	0.00377	0.00377	0.00126	0.00586	0.00293	0.00167	0.00586
26	0.00685	0.00485	0.00620	0.00647	0.04762	0.00506	0.00423	0.04776	0.02311	0.03816	0.02439	0.13336	0.04330	0.38896	0.14908	0.01395	0.03011	0.02032	0.00276	0.00345
27	0.00674	0.00457	0.00541	0.00524	0.00608	0.00476	0.00382	0.07909	0.00815	0.01165	0.01576	0.07170	0.10505	0.23364	0.21675	0.00317	0.00486	0.02648	0.18357	0.00352
28	0.01009	0.00936	0.01513	0.07158	0.67831	0.00963	0.01142	0.07633	0.05395	0.01393	0.00806	0.01010	0.00657	0.00375	0.00394	0.00120	0.00463	0.00359	0.00222	0.00620
29	0.02421	0.05746	0.05531	0.08415	0.31067	0.05246	0.05731	0.11699	0.04913	0.04843	0.00850	0.02109	0.00688	0.01752	0.03041	0.00142	0.04628	0.00364	0.00243	0.00567
30	0.02344	0.01088	0.02639	0.24075	0.09144	0.22695	0.03493	0.06880	0.02803	0.05348	0.03291	0.02744	0.00748	0.02557	0.00502	0.00131	0.07400	0.00364	0.01266	0.00490
31	0.00635	0.00458	0.00531	0.00540	0.00622	0.01578	0.00384	0.06294	0.00865	0.03393	0.05639	0.32616	0.18632	0.16701	0.04180	0.00209	0.00313	0.04164	0.01894	0.00352
32	0.09793	0.06062	0.00952	0.00847	0.08450	0.04212	0.00603	0.20444	0.04431	0.08522	0.02113	0.04964	0.00869	0.04617	0.01799	0.18817	0.00396	0.01344	0.00292	0.00471
33	0.02013	0.02150	0.04746	0.09768	0.10189	0.08529	0.02621	0.05377	0.06426	0.05589	0.02949	0.07418	0.12965	0.08641	0.04379	0.00174	0.01356	0.02107	0.00284	0.02320
34	0.06985	0.09017	0.01109	0.04531	0.10353	0.09313	0.04914	0.04067	0.06572	0.09689	0.04835	0.09551	0.01089	0.02909	0.05118	0.01432	0.04804	0.02943	0.00282	0.00488
35	0.00872	0.04117	0.04825	0.00809	0.03415	0.09545	0.03790	0.09034	0.06652	0.02114	0.03438	0.20169	0.03946	0.08905	0.00618	0.00155	0.04346	0.05897	0.00299	0.07056

[dist]
# distance from previous block
# <min> <max>
3	24

[block]
# block no. 6 follows, 68 sequences, length 41
# corresponding to MSA columns:
# 435-475
name=unknown_G
#
# <colnr> <probs for GDERKNQSTAVLIFYWHMCP>
#	G	D	E	R	K	N	Q	S	T	A	V	L	I	F	Y	W	H	M	C	P
0	0.09580	0.11629	0.08876	0.00868	0.02225	0.12683	0.02006	0.23341	0.07412	0.05068	0.02048	0.04215	0.01898	0.00486	0.00398	0.00119	0.03484	0.01503	0.00293	0.01869
1	0.02749	0.24063	0.07085	0.00893	0.02421	0.29698	0.00762	0.08109	0.06228	0.02261	0.00717	0.00824	0.00593	0.01654	0.00414	0.00109	0.05606	0.00279	0.00226	0.05308
2	0.00803	0.02144	0.04698	0.00655	0.03371	0.00493	0.00486	0.03924	0.03081	0.07561	0.05735	0.10859	0.02562	0.01101	0.02987	0.45683	0.00355	0.00464	0.00256	0.02779
3	0.03595	0.13540	0.08588	0.03260	0.22803	0.15714	0.00862	0.05702	0.03074	0.02457	0.03081	0.01212	0.07341	0.03558	0.00461	0.00125	0.03509	0.00365	0.00234	0.00519
4	0.00737	0.00628	0.00918	0.03800	0.00951	0.00722	0.07336	0.00943	0.05326	0.03579	0.25966	0.06186	0.05239	0.03296	0.07527	0.00190	0.23900	0.00550	0.01787	0.00419
5	0.00574	0.00383	0.00433	0.00436	0.00437	0.00382	0.00244	0.00576	0.00582	0.00777	0.01279	0.05277	0.01480	0.83332	0.01969	0.00377	0.00379	0.00594	0.00244	0.00243
6	0.02201	0.00524	0.00618	0.00582	0.00726	0.00509	0.00436	0.02164	0.13916	0.16066	0.09419	0.22719	0.19921	0.06260	0.00550	0.00154	0.00268	0.02132	0.00392	0.00443
7	0.03707	0.02287	0.04143	0.07643	0.05476	0.32335	0.06708	0.06551	0.19866	0.02493	0.00908	0.00987	0.00702	0.00432	0.00390	0.00117	0.01623	0.00336	0.00263	0.03033
8	0.04802	0.01069	0.01142	0.00885	0.01194	0.01181	0.00729	0.72274	0.05880	0.05344	0.00992	0.00981	0.00703	0.00476	0.00391	0.00120	0.00422	0.00358	0.00395	0.00663
9	0.00567	0.00380	0.00435	0.00445	0.00447	0.00378	0.00253	0.00574	0.00595	0.00794	0.01345	0.11076	0.01562	0.77420	0.01864	0.00362	0.00369	0.00633	0.00253	0.00249
10	0.00602	0.00406	0.00482	0.00491	0.00595	0.00358	0.00355	0.00703	0.00889	0.08458	0.11303	0.31715	0.37976	0.03154	0.00514	0.00148	0.00226	0.00879	0.00383	0.00362
11	0.29783	0.00883	0.00906	0.00732	0.01000	0.00975	0.00601	0.34100	0.04800	0.14454	0.00943	0.00954	0.00673	0.00453	0.00375	0.00122	0.03359	0.00321	0.03994	0.00572
12	0.88866	0.00767	0.00583	0.00521	0.00767	0.00889	0.00429	0.01166	0.00675	0.01779	0.00552	0.00644	0.00429	0.00368	0.00245	0.00123	0.00307	0.00215	0.00245	0.00429
13	0.04726	0.00975	0.01046	0.00819	0.01102	0.01068	0.00670	0.61953	0.04329	0.07526	0.01037	0.01065	0.00750	0.02069	0.00410	0.00122	0.00396	0.00363	0.08949	0.00626
14	0.01724	0.00423	0.00489	0.00499	0.00606	0.00386	0.00375	0.00709	0.02986	0.03519	0.15818	0.15947	0.39417	0.05702	0.00562	0.00155	0.00240	0.09715	0.00374	0.00356
15	0.14746	0.00996	0.01059	0.00824	0.01128	0.01085	0.00680	0.58488	0.01580	0.14066	0.00979	0.00962	0.00681	0.00462	0.00374	0.00120	0.00403	0.00341	0.00387	0.00637
16	0.88866	0.00767	0.00583	0.00521	0.00767	0.00889	0.00429	0.01166	0.00675	0.01779	0.00552	0.00644	0.00429	0.00368	0.00245	0.00123	0.00307	0.00215	0.00245	0.00429
17	0.01121	0.00745	0.00847	0.00728	0.00951	0.00788	0.00577	0.14451	0.32826	0.18725	0.07249	0.05348	0.08053	0.02139	0.00449	0.00136	0.00320	0.03558	0.00414	0.00574
18	0.00572	0.00450	0.00482	0.00472	0.00595	0.01488	0.00350	0.01928	0.03983	0.03406	0.15764	0.11622	0.52462	0.03998	0.00521	0.00143	0.00226	0.00797	0.00377	0.00363
19	0.04275	0.00685	0.00915	0.00704	0.01009	0.00603	0.00581	0.03370	0.01135	0.80031	0.01524	0.01322	0.00960	0.00487	0.00394	0.00123	0.00338	0.00393	0.00482	0.00668
20	0.07485	0.00724	0.00919	0.00714	0.01015	0.00672	0.00588	0.08550	0.04263	0.68576	0.01448	0.01275	0.00928	0.00483	0.00389	0.00123	0.00343	0.00385	0.00463	0.00657
21	0.00510	0.00378	0.00444	0.00473	0.00531	0.00347	0.00318	0.00585	0.00798	0.01035	0.11599	0.32096	0.26240	0.21812	0.00860	0.00203	0.00254	0.00861	0.00345	0.00312
22	0.00634	0.00397	0.00467	0.00471	0.00537	0.00372	0.00319	0.00718	0.00792	0.06299	0.10536	0.21294	0.14237	0.28948	0.00959	0.00216	0.00273	0.00717	0.11483	0.00331
23	0.00986	0.00852	0.00897	0.00807	0.01031	0.00986	0.00628	0.02107	0.82876	0.01659	0.01614	0.01479	0.01210	0.00538	0.00403	0.00134	0.00314	0.00448	0.00403	0.00628
24	0.01126	0.01232	0.01192	0.01031	0.01135	0.31011	0.03123	0.01265	0.03767	0.03959	0.00638	0.00858	0.00560	0.00569	0.00875	0.00144	0.46526	0.00323	0.00205	0.00461
25	0.00822	0.00705	0.00822	0.00587	0.00940	0.00529	0.00470	0.00998	0.00822	0.01292	0.00705	0.00822	0.00587	0.00294	0.00294	0.00059	0.00294	0.00235	0.00235	0.88490
26	0.00577	0.00384	0.00432	0.00432	0.00432	0.00384	0.00240	0.00577	0.00577	0.00769	0.01249	0.02595	0.01441	0.86066	0.02018	0.00384	0.00384	0.00577	0.00240	0.00240
27	0.01060	0.86304	0.02078	0.00678	0.01018	0.01569	0.00678	0.01187	0.00806	0.00933	0.00551	0.00636	0.00509	0.00339	0.00254	0.00085	0.00424	0.00212	0.00170	0.00509
28	0.00559	0.00404	0.00528	0.00500	0.00592	0.00373	0.00374	0.00743	0.01112	0.01574	0.81088	0.05303	0.03709	0.00823	0.00469	0.00126	0.00188	0.00729	0.00435	0.00373
29	0.88866	0.00767	0.00583	0.00521	0.00767	0.00889	0.00429	0.01166	0.00675	0.01779	0.00552	0.00644	0.00429	0.00368	0.00245	0.00123	0.00307	0.00215	0.00245	0.00429
30	0.00981	0.00942	0.01609	0.02434	0.83592	0.00942	0.01217	0.01217	0.00903	0.01295	0.00746	0.00981	0.00628	0.00353	0.00393	0.00118	0.00471	0.00353	0.00196	0.00628
31	0.00986	0.00852	0.00897	0.00807	0.01031	0.00986	0.00628	0.02107	0.82876	0.01659	0.01614	0.01479	0.01210	0.00538	0.00403	0.00134	0.00314	0.00448	0.00403	0.00628
32	0.00749	0.00705	0.01189	0.85113	0.02731	0.00881	0.01101	0.01013	0.00793	0.01013	0.00705	0.01057	0.00529	0.00396	0.00396	0.00132	0.00529	0.00352	0.00176	0.00440
33	0.00592	0.00441	0.00646	0.10670	0.00939	0.00449	0.02070	0.00711	0.00804	0.01054	0.01880	0.38131	0.03729	0.01079	0.00584	0.06738	0.00328	0.28485	0.00327	0.00344
34	0.00936	0.01070	0.02340	0.01671	0.02072	0.01003	0.82152	0.01270	0.00936	0.01270	0.00802	0.01070	0.00602	0.00334	0.00468	0.00134	0.00668	0.00468	0.00201	0.00535
35	0.00488	0.00398	0.00431	0.00432	0.00550	0.00342	0.00320	0.00604	0.00937	0.01170	0.19704	0.09396	0.61884	0.00982	0.00471	0.00134	0.00200	0.00833	0.00382	0.00342
36	0.07240	0.00901	0.04109	0.04709	0.01144	0.00928	0.00685	0.31689	0.17158	0.15981	0.02618	0.04301	0.00983	0.00528	0.00394	0.00127	0.00377	0.03000	0.02528	0.00599
37	0.03387	0.00660	0.02766	0.03722	0.00909	0.02889	0.02363	0.08212	0.07061	0.03581	0.05767	0.11741	0.08150	0.11148	0.02803	0.00186	0.05004	0.16338	0.00322	0.02991
38	0.00921	0.11727	0.15050	0.00903	0.02596	0.10589	0.08530	0.06000	0.00965	0.03624	0.10615	0.08684	0.04370	0.01727	0.00474	0.00129	0.05072	0.04775	0.02771	0.00478
39	0.02136	0.07918	0.16930	0.05295	0.06567	0.20788	0.04261	0.13644	0.03546	0.01347	0.01894	0.03431	0.03079	0.00484	0.00399	0.00120	0.01815	0.04292	0.00248	0.01807
