[name]
unknown

[dist]
# distance from previous block
# <min> <max>
0	101

[block]
# block no. 0 follows, 71 sequences, length 15
# corresponding to MSA columns:
# 129-143
name=unknown_A
#
# <colnr> <probs for GDERKNQSTAVLIFYWHMCP>
#	G	D	E	R	K	N	Q	S	T	A	V	L	I	F	Y	W	H	M	C	P
0	0.00589	0.00424	0.00583	0.00663	0.00745	0.00417	0.00562	0.00749	0.00872	0.01138	0.05406	0.14628	0.05416	0.01063	0.00518	0.00170	0.00324	0.65031	0.00356	0.00347
1	0.01458	0.01074	0.01151	0.00882	0.01189	0.01189	0.00729	0.82855	0.01803	0.02416	0.00921	0.00921	0.00652	0.00460	0.00384	0.00115	0.00422	0.00345	0.00384	0.00652
2	0.15846	0.01002	0.01044	0.00812	0.01107	0.01110	0.00671	0.66175	0.01586	0.05636	0.00881	0.00887	0.00625	0.00444	0.00360	0.00116	0.00398	0.00324	0.00363	0.00613
3	0.89233	0.00741	0.00564	0.00504	0.00741	0.00860	0.00415	0.01127	0.00653	0.01720	0.00534	0.00623	0.00415	0.00356	0.00237	0.00119	0.00297	0.00208	0.00237	0.00415
4	0.00532	0.00392	0.00498	0.00472	0.00566	0.00357	0.00354	0.00704	0.01061	0.01480	0.74714	0.02959	0.12870	0.00805	0.00452	0.00122	0.00182	0.00707	0.00414	0.00357
5	0.01025	0.86756	0.02009	0.00656	0.00984	0.01517	0.00656	0.01148	0.00779	0.00902	0.00533	0.00615	0.00492	0.00328	0.00246	0.00082	0.00410	0.00205	0.00164	0.00492
6	0.01458	0.01074	0.01151	0.00882	0.01189	0.01189	0.00729	0.82855	0.01803	0.02416	0.00921	0.00921	0.00652	0.00460	0.00384	0.00115	0.00422	0.00345	0.00384	0.00652
7	0.01425	0.01025	0.01108	0.00861	0.01158	0.01129	0.00707	0.70310	0.09557	0.07224	0.01017	0.00992	0.00719	0.00467	0.00384	0.00117	0.00405	0.00356	0.00390	0.00648
8	0.00567	0.00415	0.00521	0.00507	0.00587	0.00402	0.00368	0.00778	0.06940	0.01370	0.56409	0.12196	0.03005	0.11684	0.00644	0.00158	0.00222	0.02484	0.00387	0.00357
9	0.01195	0.00676	0.00791	0.00655	0.00875	0.00690	0.00524	0.16003	0.17415	0.28342	0.12208	0.01488	0.01297	0.00517	0.00375	0.00115	0.00294	0.00423	0.15562	0.00555
10	0.05262	0.00656	0.00877	0.00675	0.00969	0.00576	0.00558	0.01839	0.01079	0.81052	0.01473	0.01277	0.00928	0.00470	0.00380	0.00119	0.00325	0.00378	0.00465	0.00643
11	0.04119	0.00727	0.00888	0.00708	0.00969	0.04129	0.00575	0.09969	0.01111	0.60873	0.01402	0.07997	0.00997	0.00531	0.00415	0.00122	0.03012	0.00425	0.00428	0.00602
12	0.00494	0.00372	0.00507	0.00564	0.00617	0.00345	0.02667	0.00583	0.00773	0.01011	0.02293	0.64641	0.12822	0.01132	0.00488	0.00154	0.00245	0.09620	0.00351	0.00323
13	0.00538	0.00379	0.00495	0.00519	0.00557	0.00395	0.00361	0.00615	0.00647	0.00892	0.01468	0.20998	0.04089	0.30746	0.29132	0.00381	0.00544	0.03923	0.03022	0.00298
14	0.05120	0.00817	0.01056	0.05920	0.08369	0.00823	0.02237	0.26651	0.01254	0.42019	0.01158	0.01106	0.00773	0.00445	0.00379	0.00118	0.00383	0.00361	0.00389	0.00623

[dist]
# distance from previous block
# <min> <max>
4	7

[block]
# block no. 1 follows, 71 sequences, length 11
# corresponding to MSA columns:
# 151-161
name=unknown_B
#
# <colnr> <probs for GDERKNQSTAVLIFYWHMCP>
#	G	D	E	R	K	N	Q	S	T	A	V	L	I	F	Y	W	H	M	C	P
0	0.00887	0.00479	0.00612	0.00538	0.00691	0.00440	0.00417	0.01091	0.04767	0.24201	0.45014	0.04392	0.07916	0.00688	0.00420	0.00120	0.00228	0.00593	0.06055	0.00448
1	0.00828	0.00839	0.04961	0.34325	0.10920	0.00914	0.11357	0.03803	0.08128	0.01158	0.00814	0.03468	0.00662	0.00453	0.00522	0.00132	0.13234	0.00382	0.02619	0.00481
2	0.81308	0.00733	0.00593	0.00520	0.00763	0.00833	0.00429	0.01194	0.00693	0.09207	0.00623	0.00685	0.00464	0.00367	0.00251	0.00119	0.00299	0.00224	0.00259	0.00437
3	0.00480	0.00386	0.00428	0.00426	0.00536	0.00334	0.00316	0.00599	0.00925	0.01176	0.26762	0.09272	0.55146	0.00933	0.00455	0.00129	0.00192	0.00796	0.00375	0.00334
4	0.00550	0.00400	0.00563	0.00563	0.00613	0.00450	0.00413	0.00651	0.00600	0.00851	0.01076	0.01776	0.01076	0.25364	0.62677	0.00550	0.00851	0.00450	0.00213	0.00313
5	0.00600	0.00436	0.00593	0.00672	0.00765	0.00429	0.00583	0.00768	0.00882	0.01135	0.02229	0.04257	0.10970	0.01050	0.00521	0.00171	0.00336	0.72899	0.00353	0.00350
6	0.01197	0.00998	0.09562	0.06566	0.01602	0.02979	0.35509	0.06049	0.01007	0.29047	0.01011	0.01087	0.00692	0.00391	0.00411	0.00123	0.00512	0.00395	0.00294	0.00567
7	0.01435	0.01747	0.01093	0.00976	0.01186	0.76005	0.00740	0.10247	0.01163	0.01097	0.00628	0.00716	0.00511	0.00402	0.00350	0.00101	0.00663	0.00257	0.00217	0.00467
8	0.00666	0.00333	0.00500	0.00500	0.00500	0.00333	0.00333	0.00500	0.00500	0.00666	0.00666	0.01166	0.00666	0.01332	0.01499	0.88844	0.00333	0.00333	0.00167	0.00167
9	0.19963	0.01020	0.00994	0.02651	0.01102	0.07252	0.00661	0.47781	0.09685	0.02013	0.00864	0.00892	0.00636	0.00443	0.00370	0.00118	0.02336	0.00317	0.00330	0.00572
10	0.03153	0.05389	0.09248	0.01506	0.22627	0.04521	0.30954	0.08131	0.00960	0.04201	0.00761	0.00934	0.00585	0.00351	0.00389	0.00115	0.00523	0.00359	0.00217	0.05075

[dist]
# distance from previous block
# <min> <max>
4	44

[block]
# block no. 2 follows, 71 sequences, length 15
# corresponding to MSA columns:
# 207-221
name=unknown_C
#
# <colnr> <probs for GDERKNQSTAVLIFYWHMCP>
#	G	D	E	R	K	N	Q	S	T	A	V	L	I	F	Y	W	H	M	C	P
0	0.00763	0.04914	0.00779	0.00675	0.00807	0.03670	0.00532	0.01155	0.23877	0.03680	0.07514	0.05476	0.03471	0.02479	0.29763	0.01736	0.04180	0.03798	0.00294	0.00436
1	0.00825	0.13215	0.70825	0.01031	0.01554	0.03769	0.01293	0.01216	0.00815	0.01164	0.00664	0.00780	0.00487	0.00360	0.00348	0.00115	0.00550	0.00272	0.00163	0.00553
2	0.05497	0.00883	0.03424	0.26867	0.17314	0.00921	0.15039	0.12703	0.05987	0.06381	0.00835	0.01012	0.00622	0.00388	0.00387	0.00123	0.00478	0.00361	0.00243	0.00535
3	0.00972	0.69135	0.19164	0.00747	0.01124	0.01387	0.00814	0.01162	0.00785	0.00967	0.00565	0.00655	0.00491	0.00336	0.00271	0.00090	0.00443	0.00221	0.00164	0.00508
4	0.00635	0.00341	0.00484	0.00484	0.00502	0.00332	0.00327	0.00507	0.00553	0.00719	0.01128	0.01528	0.12622	0.01280	0.01348	0.76113	0.00313	0.00401	0.00194	0.00189
5	0.00963	0.01026	0.05470	0.14106	0.43925	0.14006	0.01007	0.02558	0.02314	0.02416	0.02016	0.04861	0.02810	0.00425	0.00382	0.00117	0.00480	0.00376	0.00213	0.00531
6	0.00949	0.57375	0.23857	0.00819	0.01209	0.01306	0.04550	0.01201	0.03728	0.01024	0.00622	0.00714	0.00518	0.00344	0.00292	0.00096	0.00458	0.00245	0.00173	0.00517
7	0.00730	0.00428	0.00563	0.00521	0.00638	0.00388	0.00393	0.00886	0.01030	0.15591	0.55628	0.14594	0.05504	0.00797	0.00446	0.00126	0.00212	0.00701	0.00419	0.00403
8	0.01840	0.01004	0.07697	0.05943	0.07896	0.05793	0.45761	0.01154	0.00897	0.02347	0.06599	0.02509	0.00871	0.02176	0.00451	0.00129	0.00543	0.01637	0.04265	0.00489
9	0.03859	0.02220	0.04226	0.11276	0.36488	0.00846	0.03888	0.07318	0.02941	0.14921	0.00955	0.06225	0.00772	0.00440	0.00399	0.00121	0.01887	0.00392	0.00263	0.00563
10	0.00606	0.00430	0.00537	0.00524	0.00622	0.00412	0.00387	0.00839	0.08913	0.04783	0.47308	0.22425	0.09020	0.00858	0.00452	0.00130	0.00209	0.00758	0.00401	0.00383
11	0.15434	0.00505	0.00538	0.00485	0.00637	0.00509	0.00374	0.04219	0.00856	0.17766	0.01247	0.08928	0.01032	0.05131	0.00401	0.00122	0.00251	0.00414	0.40727	0.00425
12	0.01010	0.10782	0.15309	0.03869	0.24645	0.04435	0.15704	0.06912	0.00933	0.07179	0.00792	0.02752	0.00628	0.00390	0.00403	0.00117	0.03015	0.00352	0.00220	0.00554
13	0.00832	0.06689	0.01409	0.05760	0.12780	0.00946	0.20323	0.02056	0.02825	0.01059	0.00759	0.01133	0.00683	0.08740	0.09086	0.00205	0.23677	0.00386	0.00195	0.00457
14	0.00584	0.04747	0.00648	0.00584	0.00682	0.00429	0.04802	0.00684	0.00796	0.04461	0.05423	0.55896	0.13327	0.00996	0.00456	0.00140	0.00256	0.00894	0.00340	0.03853

[dist]
# distance from previous block
# <min> <max>
2	6

[block]
# block no. 3 follows, 71 sequences, length 53
# corresponding to MSA columns:
# 228-280
name=unknown_D
#
# <colnr> <probs for GDERKNQSTAVLIFYWHMCP>
#	G	D	E	R	K	N	Q	S	T	A	V	L	I	F	Y	W	H	M	C	P
0	0.00863	0.07275	0.02701	0.01894	0.01011	0.00665	0.03166	0.06991	0.00871	0.01303	0.00691	0.00802	0.00566	0.00305	0.00297	0.00068	0.00324	0.00244	0.00231	0.69733
1	0.00701	0.00396	0.00461	0.00439	0.00539	0.00373	0.00326	0.00852	0.00895	0.08068	0.26044	0.04866	0.08858	0.07882	0.00500	0.00132	0.00213	0.01694	0.36393	0.00368
2	0.00827	0.13678	0.51734	0.03112	0.03042	0.02281	0.02283	0.02355	0.01988	0.01158	0.02765	0.00917	0.02383	0.00418	0.00448	0.00121	0.09474	0.00306	0.00182	0.00527
3	0.00739	0.00690	0.01102	0.51679	0.13698	0.02818	0.03429	0.00957	0.00804	0.01055	0.07806	0.04903	0.00938	0.06043	0.01663	0.00148	0.00470	0.00419	0.00208	0.00431
4	0.00621	0.00466	0.00634	0.00669	0.07663	0.00437	0.01674	0.00819	0.03603	0.04100	0.54229	0.06375	0.13435	0.00771	0.00446	0.00125	0.00228	0.02924	0.00386	0.00395
5	0.03281	0.07197	0.01145	0.00940	0.01163	0.64867	0.00727	0.14029	0.01168	0.01180	0.00638	0.00720	0.00516	0.00400	0.00343	0.00101	0.00623	0.00259	0.00225	0.00479
6	0.00546	0.00367	0.00421	0.00432	0.00435	0.00364	0.00248	0.00555	0.00579	0.00772	0.01320	0.12826	0.01535	0.76016	0.01771	0.00345	0.00353	0.00623	0.00248	0.00242
7	0.00774	0.01948	0.81446	0.01112	0.01672	0.00893	0.04474	0.01215	0.00813	0.01215	0.00691	0.00818	0.00489	0.00363	0.00368	0.00122	0.00570	0.00290	0.00163	0.00565
8	0.00931	0.00908	0.01500	0.13929	0.48221	0.03117	0.11024	0.05267	0.00890	0.01231	0.00743	0.02789	0.00624	0.00395	0.00455	0.00122	0.06737	0.00368	0.00199	0.00548
9	0.00891	0.40842	0.43801	0.00911	0.01362	0.01181	0.03909	0.01184	0.00799	0.01072	0.00620	0.00728	0.00492	0.00346	0.00313	0.00104	0.00498	0.00253	0.00164	0.00531
10	0.00548	0.00411	0.00616	0.00616	0.00685	0.00479	0.00479	0.00685	0.00616	0.00890	0.01027	0.01506	0.00959	0.02876	0.85006	0.00616	0.01027	0.00411	0.00205	0.00342
11	0.00666	0.00333	0.00500	0.00500	0.00500	0.00333	0.00333	0.00500	0.00500	0.00666	0.00666	0.01166	0.00666	0.01332	0.01499	0.88844	0.00333	0.00333	0.00167	0.00167
12	0.02053	0.00768	0.02417	0.00748	0.00919	0.11238	0.09459	0.04611	0.08329	0.08900	0.01737	0.17093	0.15293	0.08117	0.00573	0.00151	0.02341	0.02804	0.02019	0.00430
13	0.01058	0.45011	0.15393	0.03838	0.03917	0.11748	0.02755	0.08919	0.02128	0.01133	0.00635	0.00732	0.00523	0.00360	0.00307	0.00098	0.00481	0.00255	0.00194	0.00517
14	0.00543	0.00392	0.00513	0.00482	0.00573	0.00362	0.00362	0.00724	0.01085	0.01538	0.83931	0.02864	0.03618	0.00784	0.00452	0.00121	0.00181	0.00693	0.00422	0.00362
15	0.00558	0.00372	0.00418	0.00418	0.00418	0.00372	0.00232	0.00558	0.00558	0.00743	0.01208	0.02509	0.01394	0.86525	0.01952	0.00372	0.00372	0.00558	0.00232	0.00232
16	0.00821	0.01537	0.51979	0.01126	0.01582	0.00866	0.18008	0.04286	0.03940	0.02375	0.01944	0.03149	0.01937	0.00434	0.00398	0.00127	0.00536	0.04207	0.00209	0.00540
17	0.00795	0.00681	0.00795	0.00568	0.00909	0.00511	0.00454	0.00965	0.00795	0.01249	0.00681	0.00795	0.00568	0.00284	0.00284	0.00057	0.00284	0.00227	0.00227	0.88869
18	0.00613	0.00435	0.00601	0.00682	0.00763	0.00435	0.00585	0.00774	0.00855	0.01113	0.01961	0.04172	0.02138	0.08264	0.00649	0.00193	0.00355	0.74725	0.00343	0.00343
19	0.00467	0.00356	0.00429	0.00480	0.00544	0.00319	0.00334	0.00551	0.00805	0.01033	0.07725	0.52137	0.31251	0.01095	0.00474	0.00144	0.00210	0.00967	0.00360	0.00319
20	0.02518	0.19502	0.37774	0.04863	0.06524	0.04594	0.10141	0.03240	0.01896	0.02032	0.02052	0.00853	0.00575	0.00369	0.00361	0.00113	0.01573	0.00301	0.00187	0.00532
21	0.13650	0.07736	0.07147	0.06421	0.07210	0.04592	0.10869	0.09460	0.00950	0.07354	0.02180	0.02775	0.00962	0.00529	0.00388	0.00128	0.00435	0.16456	0.00270	0.00487
22	0.00548	0.00409	0.00607	0.00607	0.00672	0.00474	0.00468	0.00679	0.00614	0.00883	0.01035	0.01552	0.00979	0.06728	0.81181	0.00605	0.00997	0.00418	0.00207	0.00337
23	0.01040	0.02264	0.23039	0.13148	0.15971	0.07084	0.11439	0.09267	0.00977	0.10892	0.00813	0.00949	0.00593	0.00382	0.00382	0.00119	0.00515	0.00337	0.00232	0.00556
24	0.00974	0.03937	0.03632	0.10694	0.25678	0.09954	0.12949	0.03264	0.01973	0.07539	0.01052	0.06171	0.04808	0.00473	0.00413	0.00121	0.02122	0.02648	0.01085	0.00512
25	0.89233	0.00741	0.00564	0.00504	0.00741	0.00860	0.00415	0.01127	0.00653	0.01720	0.00534	0.00623	0.00415	0.00356	0.00237	0.00119	0.00297	0.00208	0.00237	0.00415
26	0.01959	0.00581	0.07671	0.06471	0.02919	0.00497	0.00545	0.03224	0.03377	0.02808	0.03531	0.36308	0.11685	0.04104	0.08526	0.01874	0.00372	0.02869	0.00304	0.00377
27	0.00954	0.00824	0.00867	0.00780	0.00997	0.00954	0.00607	0.02037	0.83441	0.01604	0.01561	0.01431	0.01170	0.00520	0.00390	0.00130	0.00303	0.00433	0.00390	0.00607
28	0.00795	0.00681	0.00795	0.00568	0.00909	0.00511	0.00454	0.00965	0.00795	0.01249	0.00681	0.00795	0.00568	0.00284	0.00284	0.00057	0.00284	0.00227	0.00227	0.88869
29	0.01432	0.01827	0.01087	0.00988	0.01185	0.84986	0.00741	0.01531	0.01087	0.00938	0.00593	0.00691	0.00494	0.00395	0.00346	0.00099	0.00691	0.00247	0.00198	0.00444
30	0.00795	0.00681	0.00795	0.00568	0.00909	0.00511	0.00454	0.00965	0.00795	0.01249	0.00681	0.00795	0.00568	0.00284	0.00284	0.00057	0.00284	0.00227	0.00227	0.88869
31	0.01025	0.86756	0.02009	0.00656	0.00984	0.01517	0.00656	0.01148	0.00779	0.00902	0.00533	0.00615	0.00492	0.00328	0.00246	0.00082	0.00410	0.00205	0.00164	0.00492
32	0.00512	0.00407	0.00463	0.00456	0.00566	0.00368	0.00339	0.00687	0.05150	0.01241	0.32535	0.11016	0.43071	0.00902	0.00453	0.00129	0.00198	0.00774	0.00382	0.00351
33	0.54879	0.04571	0.00773	0.00627	0.00863	0.10288	0.00509	0.12529	0.00885	0.04536	0.00705	0.04371	0.00580	0.00463	0.01923	0.00126	0.00375	0.00279	0.00263	0.00457
34	0.00715	0.00357	0.00357	0.00357	0.00447	0.00357	0.00268	0.00893	0.00804	0.01429	0.01251	0.01429	0.00983	0.00447	0.00268	0.00089	0.00179	0.00357	0.88654	0.00357
35	0.01432	0.01827	0.01087	0.00988	0.01185	0.84986	0.00741	0.01531	0.01087	0.00938	0.00593	0.00691	0.00494	0.00395	0.00346	0.00099	0.00691	0.00247	0.00198	0.00444
36	0.00939	0.00840	0.01375	0.30721	0.40177	0.00906	0.04943	0.08043	0.03042	0.04170	0.00776	0.01001	0.00603	0.00374	0.00385	0.00120	0.00472	0.00351	0.00215	0.00546
37	0.00600	0.00461	0.00621	0.00604	0.00638	0.00536	0.00448	0.00679	0.00612	0.00860	0.01105	0.02035	0.01166	0.34808	0.33475	0.00419	0.13101	0.07297	0.00223	0.00312
38	0.00507	0.00390	0.00464	0.00447	0.00551	0.00346	0.00335	0.00654	0.00998	0.01336	0.51847	0.04516	0.34496	0.00862	0.00453	0.00125	0.00187	0.00744	0.00396	0.00346
39	0.00949	0.00911	0.01556	0.02353	0.84133	0.00911	0.01177	0.01177	0.00873	0.01253	0.00721	0.00949	0.00607	0.00342	0.00380	0.00114	0.00456	0.00342	0.00190	0.00607
40	0.00558	0.00372	0.00418	0.00418	0.00418	0.00372	0.00232	0.00558	0.00558	0.00743	0.01208	0.02509	0.01394	0.86525	0.01952	0.00372	0.00372	0.00558	0.00232	0.00232
41	0.81832	0.00833	0.00608	0.00545	0.00779	0.07952	0.00443	0.01161	0.00689	0.01654	0.00539	0.00629	0.00422	0.00359	0.00246	0.00117	0.00330	0.00211	0.00234	0.00418
42	0.01036	0.00870	0.04179	0.12456	0.49535	0.00848	0.01012	0.07181	0.00955	0.12648	0.00955	0.01102	0.03559	0.00398	0.00382	0.00117	0.00434	0.00362	0.01392	0.00579
43	0.00501	0.00358	0.00484	0.00573	0.00610	0.00341	0.00415	0.00593	0.00768	0.01017	0.02094	0.67710	0.02461	0.01169	0.00498	0.00160	0.00252	0.19318	0.00355	0.00321
44	0.00723	0.00529	0.00707	0.15555	0.06433	0.01809	0.00561	0.00888	0.02046	0.09563	0.10749	0.06775	0.24568	0.05081	0.03430	0.00158	0.00338	0.06374	0.03312	0.00402
45	0.03438	0.15648	0.33394	0.05414	0.05166	0.06228	0.06609	0.04085	0.05389	0.06196	0.00919	0.01070	0.01573	0.00474	0.00429	0.00138	0.02624	0.00349	0.00255	0.00602
46	0.00722	0.00648	0.00872	0.02859	0.00876	0.03725	0.00642	0.00829	0.00644	0.02184	0.01932	0.04192	0.02612	0.02622	0.34917	0.01650	0.37083	0.00407	0.00203	0.00380
47	0.00474	0.00345	0.00447	0.00519	0.00558	0.00319	0.00355	0.00553	0.00774	0.01023	0.07338	0.70632	0.11218	0.01148	0.00484	0.00151	0.00220	0.02766	0.00360	0.00317
48	0.03668	0.38708	0.09354	0.05541	0.03207	0.08463	0.00772	0.10923	0.07137	0.04596	0.00727	0.00805	0.00582	0.00390	0.00347	0.00104	0.03653	0.00273	0.00226	0.00523
49	0.01059	0.06540	0.19279	0.03370	0.11381	0.08930	0.11035	0.10598	0.04519	0.10800	0.02927	0.04923	0.00809	0.00446	0.00384	0.00119	0.00481	0.01591	0.00262	0.00547
50	0.02450	0.00922	0.02970	0.13538	0.43500	0.02025	0.03924	0.04109	0.06198	0.01406	0.08022	0.02446	0.02845	0.00568	0.02080	0.00153	0.00482	0.01483	0.00279	0.00599
51	0.00638	0.02273	0.03130	0.01892	0.00734	0.00511	0.02061	0.00749	0.00674	0.05623	0.01262	0.19689	0.01309	0.15955	0.37397	0.00386	0.04544	0.00567	0.00253	0.00353
52	0.41084	0.04110	0.14139	0.01807	0.06062	0.05147	0.03904	0.07581	0.02065	0.01514	0.00639	0.00749	0.00495	0.00370	0.00325	0.00114	0.02610	0.00260	0.00227	0.06798

[dist]
# distance from previous block
# <min> <max>
0	15

[block]
# block no. 4 follows, 71 sequences, length 15
# corresponding to MSA columns:
# 296-310
name=unknown_E
#
# <colnr> <probs for GDERKNQSTAVLIFYWHMCP>
#	G	D	E	R	K	N	Q	S	T	A	V	L	I	F	Y	W	H	M	C	P
0	0.01166	0.14885	0.01243	0.04585	0.14497	0.45059	0.00758	0.01289	0.00935	0.00975	0.00665	0.00901	0.00595	0.08128	0.00480	0.00123	0.00563	0.00287	0.00194	0.02670
1	0.00628	0.00434	0.00667	0.02834	0.08177	0.00471	0.00499	0.00666	0.00607	0.00848	0.00930	0.01374	0.02823	0.01984	0.43205	0.32276	0.00693	0.00385	0.00193	0.00305
2	0.00652	0.00356	0.00530	0.02125	0.00571	0.00367	0.00374	0.00537	0.00538	0.00721	0.00807	0.06072	0.00830	0.01356	0.05226	0.73519	0.01941	0.03095	0.00185	0.00199
3	0.00466	0.00339	0.00440	0.00521	0.00553	0.00313	0.00350	0.00535	0.00747	0.00984	0.02273	0.78838	0.09869	0.01181	0.00486	0.00153	0.00220	0.01065	0.00356	0.00313
4	0.00886	0.00469	0.00618	0.00537	0.00690	0.00420	0.00418	0.01053	0.01078	0.26021	0.55448	0.02445	0.06949	0.00702	0.00433	0.00120	0.00225	0.00608	0.00434	0.00446
5	0.00919	0.00775	0.00839	0.00772	0.00973	0.00885	0.00612	0.04306	0.68782	0.01561	0.01610	0.01842	0.01308	0.00598	0.00411	0.00136	0.00314	0.12400	0.00384	0.00571
6	0.89233	0.00741	0.00564	0.00504	0.00741	0.00860	0.00415	0.01127	0.00653	0.01720	0.00534	0.00623	0.00415	0.00356	0.00237	0.00119	0.00297	0.00208	0.00237	0.00415
7	0.00839	0.00839	0.01174	0.01007	0.01007	0.01174	0.00839	0.00923	0.00587	0.00923	0.00503	0.00839	0.00503	0.00671	0.01258	0.00168	0.85823	0.00336	0.00168	0.00419
8	0.00548	0.00411	0.00616	0.00616	0.00685	0.00479	0.00479	0.00685	0.00616	0.00890	0.01027	0.01506	0.00959	0.02876	0.85006	0.00616	0.01027	0.00411	0.00205	0.00342
9	0.01571	0.00720	0.00900	0.00698	0.00978	0.00685	0.00574	0.19865	0.01229	0.58645	0.01357	0.01230	0.00886	0.00469	0.00375	0.00115	0.00334	0.00374	0.08369	0.00626
10	0.08755	0.00772	0.01226	0.58984	0.12966	0.03124	0.06730	0.01051	0.00788	0.01098	0.00678	0.00969	0.00519	0.00372	0.00374	0.00124	0.00499	0.00334	0.00181	0.00455
11	0.00581	0.00437	0.00550	0.08110	0.00768	0.00417	0.00419	0.00764	0.03199	0.03838	0.41849	0.02900	0.29668	0.00795	0.00442	0.00125	0.00227	0.02746	0.01794	0.00370
12	0.05070	0.08244	0.02920	0.02376	0.00789	0.00536	0.01839	0.00786	0.00814	0.03350	0.05525	0.36147	0.02019	0.00942	0.00457	0.00149	0.00308	0.27031	0.00327	0.00370
13	0.00935	0.03455	0.09217	0.10791	0.15161	0.14758	0.12672	0.03491	0.04879	0.01161	0.00920	0.04129	0.04241	0.00482	0.01947	0.00126	0.04565	0.00378	0.00216	0.06476
14	0.08940	0.12585	0.11511	0.02777	0.05732	0.06152	0.02755	0.10821	0.03169	0.04121	0.03046	0.00946	0.00672	0.02279	0.02506	0.00139	0.18760	0.00319	0.01215	0.01557

[dist]
# distance from previous block
# <min> <max>
1	36

[block]
# block no. 5 follows, 71 sequences, length 20
# corresponding to MSA columns:
# 347-366
name=unknown_F
#
# <colnr> <probs for GDERKNQSTAVLIFYWHMCP>
#	G	D	E	R	K	N	Q	S	T	A	V	L	I	F	Y	W	H	M	C	P
0	0.00466	0.00338	0.00440	0.00521	0.00553	0.00312	0.00350	0.00535	0.00746	0.00984	0.02265	0.79209	0.09504	0.01182	0.00486	0.00153	0.00220	0.01066	0.00356	0.00312
1	0.00571	0.00371	0.00491	0.00549	0.00593	0.00355	0.00389	0.00648	0.00744	0.04931	0.01882	0.54858	0.02155	0.10789	0.03307	0.02404	0.00289	0.11958	0.02395	0.00323
2	0.00756	0.00718	0.01204	0.61303	0.14150	0.00837	0.04889	0.01031	0.03748	0.01057	0.00922	0.01193	0.05749	0.00416	0.00391	0.00126	0.00482	0.00379	0.00194	0.00456
3	0.25946	0.00805	0.00866	0.00680	0.00968	0.00826	0.00560	0.25512	0.01151	0.28694	0.00981	0.00950	0.00674	0.00418	0.00333	0.00111	0.00342	0.00308	0.00356	0.09519
4	0.02369	0.10352	0.04126	0.00741	0.05042	0.00699	0.03138	0.05979	0.06146	0.01101	0.02254	0.13701	0.05895	0.12265	0.22359	0.00283	0.02372	0.00515	0.00257	0.00407
5	0.00800	0.24088	0.05105	0.00720	0.00915	0.00893	0.03447	0.07900	0.00782	0.01057	0.00828	0.01144	0.00751	0.04357	0.38476	0.00342	0.05216	0.00341	0.00206	0.02632
6	0.04940	0.00716	0.01012	0.04279	0.14851	0.00717	0.07213	0.06397	0.11996	0.09398	0.06334	0.14959	0.01220	0.00560	0.00405	0.00120	0.01394	0.01664	0.00306	0.11520
7	0.10543	0.02822	0.04784	0.05887	0.06003	0.14894	0.10000	0.03621	0.11780	0.05271	0.00825	0.00926	0.00638	0.00385	0.00369	0.00107	0.02634	0.00312	0.01280	0.16920
8	0.00949	0.00911	0.01556	0.02353	0.84133	0.00911	0.01177	0.01177	0.00873	0.01253	0.00721	0.00949	0.00607	0.00342	0.00380	0.00114	0.00456	0.00342	0.00190	0.00607
9	0.01025	0.86756	0.02009	0.00656	0.00984	0.01517	0.00656	0.01148	0.00779	0.00902	0.00533	0.00615	0.00492	0.00328	0.00246	0.00082	0.00410	0.00205	0.00164	0.00492
10	0.00905	0.01034	0.02262	0.01616	0.02004	0.00970	0.82741	0.01228	0.00905	0.01228	0.00776	0.01034	0.00582	0.00323	0.00452	0.00129	0.00646	0.00452	0.00194	0.00517
11	0.01400	0.01016	0.01099	0.00856	0.01145	0.01119	0.00701	0.73436	0.04754	0.04872	0.01019	0.04999	0.00770	0.00498	0.00389	0.00118	0.00405	0.00385	0.00385	0.00634
12	0.00559	0.00421	0.00613	0.00607	0.00665	0.00491	0.00464	0.00678	0.00609	0.00874	0.01030	0.01598	0.00992	0.12340	0.72637	0.00573	0.03884	0.00425	0.00207	0.00332
13	0.00548	0.00409	0.00605	0.00605	0.00670	0.00473	0.00465	0.00678	0.00613	0.00882	0.01037	0.01563	0.00983	0.07567	0.80348	0.00602	0.00990	0.00419	0.00207	0.00336
14	0.00472	0.00337	0.00450	0.00539	0.00564	0.00316	0.00364	0.00542	0.00739	0.00984	0.02111	0.83657	0.02525	0.01197	0.00491	0.00156	0.00227	0.03660	0.00356	0.00313
15	0.01480	0.00975	0.01078	0.00829	0.01127	0.01049	0.00684	0.65596	0.01643	0.17112	0.01038	0.01006	0.00716	0.00462	0.00380	0.00115	0.00397	0.00353	0.03318	0.00642
16	0.01044	0.01013	0.01607	0.04158	0.04600	0.06597	0.38981	0.16233	0.13896	0.02900	0.00972	0.02249	0.00756	0.00421	0.00420	0.00126	0.00524	0.02688	0.00270	0.00546
17	0.00506	0.00398	0.00459	0.00454	0.00562	0.00356	0.00342	0.00658	0.02652	0.01246	0.35204	0.07922	0.42938	0.00904	0.00456	0.00129	0.00199	0.03888	0.00383	0.00345
18	0.03021	0.11309	0.03114	0.00777	0.06142	0.10074	0.00602	0.08796	0.00924	0.02339	0.00739	0.03952	0.00633	0.00362	0.00311	0.00081	0.00374	0.00280	0.00235	0.45935
19	0.03825	0.02163	0.06650	0.08541	0.06148	0.02794	0.07336	0.19698	0.04417	0.03993	0.02465	0.00958	0.00671	0.00434	0.01520	0.00114	0.05736	0.00324	0.00261	0.21952

[dist]
# distance from previous block
# <min> <max>
0	1

[block]
# block no. 6 follows, 71 sequences, length 23
# corresponding to MSA columns:
# 368-390
name=unknown_G
#
# <colnr> <probs for GDERKNQSTAVLIFYWHMCP>
#	G	D	E	R	K	N	Q	S	T	A	V	L	I	F	Y	W	H	M	C	P
0	0.04591	0.13673	0.06463	0.03241	0.10650	0.07470	0.02083	0.22454	0.08431	0.08227	0.00991	0.04729	0.02326	0.00454	0.00358	0.00113	0.00419	0.00360	0.01304	0.01664
1	0.00875	0.00550	0.00660	0.03226	0.00791	0.00529	0.00457	0.12177	0.02294	0.17180	0.24973	0.02448	0.28285	0.00786	0.02910	0.00137	0.00283	0.00601	0.00391	0.00450
2	0.00495	0.00348	0.00457	0.00528	0.00554	0.00330	0.00357	0.00561	0.00731	0.00977	0.05320	0.65310	0.02377	0.11827	0.00694	0.02030	0.00250	0.06211	0.00339	0.00303
3	0.03758	0.02355	0.02758	0.06047	0.10403	0.09553	0.03973	0.20879	0.01096	0.09489	0.00813	0.00908	0.00615	0.00393	0.00386	0.00103	0.03902	0.00308	0.01706	0.20554
4	0.01013	0.03409	0.01363	0.26866	0.15238	0.20032	0.11295	0.04317	0.00905	0.02927	0.00686	0.00911	0.00546	0.00402	0.00461	0.00121	0.08494	0.00331	0.00197	0.00486
5	0.00585	0.00411	0.00520	0.00532	0.00616	0.00390	0.00389	0.00774	0.06358	0.04669	0.33893	0.34642	0.09411	0.00940	0.00463	0.00138	0.00219	0.04294	0.00389	0.00367
6	0.00507	0.00349	0.00439	0.00495	0.00540	0.00325	0.00341	0.00571	0.00746	0.01001	0.03330	0.53732	0.15389	0.03959	0.00597	0.07166	0.00232	0.03200	0.06777	0.00305
7	0.00529	0.00368	0.00468	0.00524	0.00550	0.00358	0.00360	0.00592	0.00697	0.00923	0.01761	0.39611	0.02049	0.32852	0.01040	0.00240	0.00303	0.16175	0.00309	0.00290
8	0.00795	0.00681	0.00795	0.00568	0.00909	0.00511	0.00454	0.00965	0.00795	0.01249	0.00681	0.00795	0.00568	0.00284	0.00284	0.00057	0.00284	0.00227	0.00227	0.88869
9	0.00510	0.00391	0.00476	0.00522	0.00606	0.00361	0.00397	0.00640	0.02489	0.01084	0.07789	0.31531	0.31568	0.01048	0.00481	0.00148	0.00241	0.19023	0.00360	0.00334
10	0.80369	0.00750	0.00613	0.00538	0.00772	0.00867	0.00444	0.03479	0.00701	0.05106	0.00584	0.00666	0.00447	0.00374	0.00280	0.00120	0.02987	0.00223	0.00249	0.00432
11	0.02852	0.04357	0.04574	0.00944	0.01026	0.04344	0.03358	0.03255	0.00705	0.02676	0.05023	0.00998	0.00712	0.02993	0.02191	0.00164	0.58843	0.00353	0.00199	0.00434
12	0.00539	0.00414	0.00566	0.00586	0.00646	0.00432	0.01909	0.00664	0.03005	0.00969	0.01798	0.34973	0.09896	0.08279	0.25867	0.00308	0.03219	0.05302	0.00293	0.00333
13	0.00847	0.00711	0.00832	0.05903	0.06434	0.00791	0.00603	0.07384	0.44190	0.01428	0.02715	0.12252	0.07174	0.04674	0.02182	0.00152	0.00333	0.00534	0.00346	0.00516
14	0.00949	0.00911	0.01556	0.02353	0.84133	0.00911	0.01177	0.01177	0.00873	0.01253	0.00721	0.00949	0.00607	0.00342	0.00380	0.00114	0.00456	0.00342	0.00190	0.00607
15	0.00897	0.00752	0.00941	0.03312	0.11809	0.00652	0.00599	0.08586	0.03797	0.02960	0.00755	0.00865	0.00608	0.00323	0.00314	0.00075	0.00327	0.00266	0.00246	0.61916
16	0.00830	0.06614	0.63899	0.01126	0.01630	0.02212	0.12111	0.01221	0.00823	0.02645	0.00699	0.00836	0.00508	0.00368	0.00394	0.00121	0.02937	0.00304	0.00172	0.00551
17	0.00579	0.00427	0.00513	0.00485	0.00592	0.00408	0.00366	0.00828	0.08319	0.01461	0.58273	0.02746	0.15073	0.00762	0.00432	0.00120	0.00194	0.00661	0.07385	0.00377
18	0.00724	0.00681	0.01150	0.85604	0.02641	0.00852	0.01065	0.00980	0.00767	0.00980	0.00681	0.01022	0.00511	0.00383	0.00383	0.00128	0.00511	0.00341	0.00170	0.00426
19	0.00897	0.09196	0.35978	0.02915	0.06843	0.03785	0.29993	0.02537	0.00873	0.02347	0.00719	0.00889	0.00538	0.00350	0.00386	0.00119	0.00571	0.00342	0.00184	0.00541
20	0.00529	0.00377	0.00488	0.00547	0.00603	0.00360	0.00408	0.00612	0.00765	0.00992	0.02178	0.35619	0.15189	0.08989	0.02299	0.05755	0.00290	0.23360	0.00329	0.00309
21	0.03772	0.00688	0.00903	0.00694	0.00990	0.00620	0.00573	0.08254	0.01143	0.75959	0.01443	0.01258	0.00913	0.00471	0.00382	0.00118	0.00333	0.00378	0.00462	0.00647
22	0.01029	0.02303	0.02244	0.09192	0.23334	0.08320	0.06455	0.08887	0.03465	0.09632	0.02641	0.03770	0.04175	0.00520	0.01807	0.00132	0.10920	0.00395	0.00255	0.00523

[dist]
# distance from previous block
# <min> <max>
0	1

[block]
# block no. 7 follows, 71 sequences, length 6
# corresponding to MSA columns:
# 392-397
name=unknown_H
#
# <colnr> <probs for GDERKNQSTAVLIFYWHMCP>
#	G	D	E	R	K	N	Q	S	T	A	V	L	I	F	Y	W	H	M	C	P
0	0.02544	0.16041	0.24382	0.06037	0.06535	0.08677	0.10090	0.04950	0.00900	0.05607	0.02632	0.01090	0.00713	0.02007	0.02462	0.00132	0.00515	0.03959	0.00216	0.00511
1	0.00668	0.00456	0.00577	0.00625	0.03870	0.02786	0.00435	0.00760	0.00759	0.07286	0.03708	0.27214	0.05706	0.15384	0.12132	0.03315	0.00401	0.10212	0.03359	0.00347
2	0.25953	0.11592	0.06639	0.03210	0.14099	0.11651	0.09949	0.02754	0.03100	0.04414	0.00682	0.00809	0.00538	0.00372	0.00350	0.00114	0.02769	0.00288	0.00218	0.00498
3	0.00470	0.00342	0.00444	0.00519	0.00554	0.00315	0.00351	0.00547	0.00767	0.01017	0.07122	0.74376	0.09448	0.01157	0.00484	0.00151	0.00218	0.01043	0.00360	0.00315
4	0.00832	0.00760	0.05029	0.05157	0.02591	0.00702	0.00624	0.06178	0.02913	0.03908	0.07318	0.04744	0.03427	0.00484	0.00506	0.00103	0.15366	0.00365	0.00256	0.38737
5	0.00981	0.00902	0.00849	0.00758	0.00959	0.12079	0.00587	0.08412	0.51084	0.01540	0.11123	0.01594	0.06350	0.00557	0.00395	0.00123	0.00344	0.00454	0.00366	0.00543

[dist]
# distance from previous block
# <min> <max>
0	1

[block]
# block no. 8 follows, 71 sequences, length 14
# corresponding to MSA columns:
# 399-412
name=unknown_I
#
# <colnr> <probs for GDERKNQSTAVLIFYWHMCP>
#	G	D	E	R	K	N	Q	S	T	A	V	L	I	F	Y	W	H	M	C	P
0	0.01499	0.00736	0.00980	0.00840	0.06838	0.00702	0.02359	0.17069	0.01167	0.54047	0.01298	0.01278	0.00888	0.05629	0.02733	0.00146	0.00382	0.00387	0.00410	0.00613
1	0.01069	0.10684	0.12017	0.02366	0.09505	0.07805	0.10510	0.18544	0.10067	0.04277	0.00902	0.04112	0.00723	0.00489	0.02086	0.00128	0.03537	0.00366	0.00262	0.00551
2	0.00965	0.00949	0.01520	0.04996	0.77394	0.05051	0.01152	0.01188	0.00880	0.01228	0.00714	0.00939	0.00599	0.00346	0.00378	0.00114	0.00469	0.00337	0.00190	0.00593
3	0.00855	0.00718	0.00919	0.06188	0.10743	0.00599	0.00588	0.03156	0.00838	0.03863	0.00718	0.00847	0.00583	0.00308	0.00307	0.00071	0.00323	0.00256	0.00231	0.67890
4	0.01025	0.86756	0.02009	0.00656	0.00984	0.01517	0.00656	0.01148	0.00779	0.00902	0.00533	0.00615	0.00492	0.00328	0.00246	0.00082	0.00410	0.00205	0.00164	0.00492
5	0.01411	0.01039	0.01117	0.00866	0.01159	0.01147	0.00711	0.78955	0.01752	0.02348	0.00977	0.04964	0.00741	0.00495	0.00389	0.00117	0.00412	0.00380	0.00382	0.00636
6	0.00852	0.02910	0.01955	0.01403	0.01740	0.00888	0.66306	0.01163	0.02639	0.01257	0.10209	0.01368	0.02699	0.00409	0.00448	0.00128	0.00566	0.02336	0.00230	0.00493
7	0.89233	0.00741	0.00564	0.00504	0.00741	0.00860	0.00415	0.01127	0.00653	0.01720	0.00534	0.00623	0.00415	0.00356	0.00237	0.00119	0.00297	0.00208	0.00237	0.00415
8	0.00461	0.00359	0.00419	0.00467	0.00539	0.00317	0.00326	0.00541	0.00798	0.01005	0.02925	0.48430	0.39857	0.01096	0.00473	0.00144	0.00210	0.00961	0.00356	0.00317
9	0.00715	0.00357	0.00357	0.00357	0.00447	0.00357	0.00268	0.00893	0.00804	0.01429	0.01251	0.01429	0.00983	0.00447	0.00268	0.00089	0.00179	0.00357	0.88654	0.00357
10	0.00558	0.00372	0.00418	0.00418	0.00418	0.00372	0.00232	0.00558	0.00558	0.00743	0.01208	0.02509	0.01394	0.86525	0.01952	0.00372	0.00372	0.00558	0.00232	0.00232
11	0.00534	0.00392	0.00501	0.00473	0.00568	0.00358	0.00355	0.00707	0.01065	0.01489	0.76231	0.02944	0.11348	0.00802	0.00452	0.00121	0.00182	0.00705	0.00416	0.00358
12	0.10433	0.01384	0.14396	0.00918	0.01225	0.28595	0.03988	0.22437	0.01176	0.10721	0.00796	0.00844	0.00579	0.00409	0.00356	0.00112	0.00519	0.00297	0.00275	0.00540
13	0.01097	0.01332	0.05430	0.01052	0.01347	0.36973	0.21654	0.01287	0.00944	0.01101	0.00664	0.00813	0.00534	0.00355	0.00380	0.00099	0.02530	0.00298	0.00201	0.21909

[dist]
# distance from previous block
# <min> <max>
1	24

[block]
# block no. 9 follows, 71 sequences, length 23
# corresponding to MSA columns:
# 437-459
name=unknown_J
#
# <colnr> <probs for GDERKNQSTAVLIFYWHMCP>
#	G	D	E	R	K	N	Q	S	T	A	V	L	I	F	Y	W	H	M	C	P
0	0.43847	0.00916	0.00883	0.10036	0.08827	0.09916	0.00652	0.12235	0.04124	0.02645	0.00678	0.00789	0.00522	0.00390	0.00326	0.00118	0.02098	0.00271	0.00249	0.00480
1	0.01013	0.05083	0.01291	0.09136	0.38027	0.16398	0.00922	0.07301	0.02612	0.01214	0.00953	0.01107	0.07113	0.00432	0.00417	0.00115	0.04751	0.00355	0.00219	0.01540
2	0.00552	0.00373	0.00417	0.00417	0.00424	0.00369	0.00236	0.00557	0.00575	0.00760	0.01358	0.02575	0.06013	0.81740	0.01868	0.00358	0.00362	0.00572	0.00239	0.00237
3	0.00982	0.04669	0.01342	0.22666	0.27201	0.05839	0.05848	0.09675	0.10035	0.02691	0.00815	0.00994	0.00637	0.00403	0.00421	0.00121	0.04545	0.00348	0.00230	0.00538
4	0.01100	0.24636	0.04225	0.07583	0.12698	0.19539	0.11123	0.06276	0.00941	0.03916	0.00674	0.00819	0.00546	0.00377	0.00381	0.00108	0.04048	0.00297	0.00203	0.00510
5	0.00558	0.00372	0.00418	0.00418	0.00418	0.00372	0.00232	0.00558	0.00558	0.00743	0.01208	0.02509	0.01394	0.86525	0.01952	0.00372	0.00372	0.00558	0.00232	0.00232
6	0.00467	0.00334	0.00445	0.00534	0.00556	0.00311	0.00356	0.00534	0.00734	0.00979	0.02113	0.86275	0.02536	0.01201	0.00489	0.00156	0.00222	0.01090	0.00356	0.00311
7	0.04341	0.09389	0.09957	0.04408	0.14267	0.15424	0.13065	0.11777	0.01034	0.11549	0.00801	0.00902	0.00598	0.00383	0.00367	0.00113	0.00508	0.00324	0.00247	0.00548
8	0.00944	0.19197	0.34790	0.01043	0.01422	0.09863	0.11993	0.04357	0.00857	0.01135	0.00645	0.00795	0.00509	0.00394	0.00455	0.00117	0.10491	0.00294	0.00180	0.00518
9	0.00549	0.00405	0.00586	0.00586	0.00644	0.00463	0.00442	0.00665	0.00607	0.00868	0.01055	0.01659	0.01025	0.15626	0.72346	0.00579	0.00927	0.00433	0.00210	0.00326
10	0.00477	0.00373	0.00434	0.00479	0.00554	0.00337	0.00336	0.00589	0.03423	0.01023	0.02855	0.48182	0.37399	0.01081	0.00471	0.00144	0.00213	0.00949	0.00357	0.00326
11	0.00909	0.01997	0.10909	0.02201	0.02137	0.04131	0.04673	0.03736	0.09492	0.06566	0.04794	0.01058	0.00809	0.00389	0.00362	0.00093	0.02402	0.01427	0.00261	0.41656
12	0.01040	0.10721	0.19087	0.00833	0.02604	0.06221	0.02515	0.11752	0.05825	0.10016	0.00941	0.01018	0.02967	0.00402	0.00344	0.00101	0.00417	0.01489	0.00264	0.21442
13	0.01106	0.02709	0.13891	0.06254	0.11886	0.22785	0.09108	0.11674	0.07879	0.03064	0.00782	0.00906	0.00603	0.00410	0.00424	0.00118	0.05310	0.00326	0.00232	0.00533
14	0.00892	0.00892	0.11998	0.03239	0.10857	0.00666	0.00705	0.06694	0.02266	0.05975	0.02872	0.02204	0.01844	0.00366	0.00332	0.00087	0.00355	0.00304	0.00248	0.47204
15	0.89233	0.00741	0.00564	0.00504	0.00741	0.00860	0.00415	0.01127	0.00653	0.01720	0.00534	0.00623	0.00415	0.00356	0.00237	0.00119	0.00297	0.00208	0.00237	0.00415
16	0.01151	0.22747	0.05944	0.00880	0.02505	0.39520	0.00731	0.01277	0.00905	0.02636	0.00667	0.03639	0.00600	0.02646	0.00451	0.00110	0.08467	0.00287	0.00197	0.04640
17	0.00475	0.00389	0.00412	0.00412	0.00526	0.00337	0.00306	0.00574	0.00861	0.01052	0.09767	0.03507	0.67270	0.07623	0.02340	0.00159	0.00229	0.03092	0.00348	0.00321
18	0.00517	0.00407	0.00486	0.00498	0.03354	0.00362	0.00354	0.00660	0.00973	0.01288	0.41605	0.03163	0.41531	0.00851	0.00447	0.00124	0.00196	0.00730	0.02103	0.00352
19	0.01075	0.00858	0.00916	0.00793	0.01029	0.00975	0.00625	0.15682	0.65755	0.05657	0.01450	0.01338	0.01072	0.00508	0.00389	0.00127	0.00325	0.00416	0.00393	0.00617
20	0.00838	0.01036	0.24220	0.02180	0.03117	0.00728	0.02667	0.01016	0.01790	0.03466	0.14593	0.11326	0.13734	0.03560	0.02139	0.01402	0.09127	0.02226	0.00327	0.00511
21	0.02458	0.58004	0.11953	0.04754	0.02580	0.01261	0.00751	0.01107	0.02435	0.00986	0.00722	0.08255	0.00687	0.00424	0.00315	0.00100	0.02227	0.00309	0.00187	0.00484
22	0.36398	0.05101	0.15474	0.03676	0.04096	0.06780	0.01824	0.02492	0.03296	0.01422	0.02959	0.00808	0.00588	0.00367	0.00301	0.00108	0.00392	0.00262	0.00224	0.13434

[dist]
# distance from previous block
# <min> <max>
3	37

[block]
# block no. 10 follows, 71 sequences, length 15
# corresponding to MSA columns:
# 497-510,512
name=unknown_K
#
# <colnr> <probs for GDERKNQSTAVLIFYWHMCP>
#	G	D	E	R	K	N	Q	S	T	A	V	L	I	F	Y	W	H	M	C	P
0	0.77571	0.00707	0.00569	0.00506	0.00734	0.00804	0.00414	0.01137	0.00699	0.05745	0.04070	0.00783	0.00598	0.00383	0.00255	0.00117	0.00288	0.00243	0.03955	0.00422
1	0.00936	0.05102	0.07985	0.14723	0.32232	0.05073	0.17322	0.04323	0.04149	0.01220	0.00743	0.00953	0.00588	0.00368	0.00408	0.00119	0.02662	0.00352	0.00199	0.00542
2	0.00839	0.00839	0.01174	0.01007	0.01007	0.01174	0.00839	0.00923	0.00587	0.00923	0.00503	0.00839	0.00503	0.00671	0.01258	0.00168	0.85823	0.00336	0.00168	0.00419
3	0.00972	0.11132	0.06513	0.04456	0.25204	0.09853	0.14686	0.03222	0.09647	0.01219	0.00820	0.03216	0.00676	0.00386	0.00370	0.00111	0.00481	0.00353	0.00219	0.06463
4	0.89233	0.00741	0.00564	0.00504	0.00741	0.00860	0.00415	0.01127	0.00653	0.01720	0.00534	0.00623	0.00415	0.00356	0.00237	0.00119	0.00297	0.00208	0.00237	0.00415
5	0.00759	0.00552	0.00651	0.00714	0.00776	0.00489	0.00483	0.00760	0.00936	0.01258	0.02540	0.70519	0.12568	0.01315	0.00599	0.00202	0.00323	0.03652	0.00443	0.00462
6	0.00689	0.00400	0.00589	0.00567	0.00567	0.00444	0.00400	0.00555	0.00511	0.00700	0.00644	0.01122	0.00644	0.01245	0.01467	0.77119	0.11637	0.00333	0.00167	0.00200
7	0.01145	0.01031	0.01073	0.00901	0.01078	0.12325	0.00728	0.30667	0.15132	0.01576	0.00872	0.00983	0.00692	0.00646	0.04996	0.00156	0.24826	0.00348	0.00289	0.00534
8	0.08327	0.00517	0.00690	0.00621	0.00768	0.00540	0.00491	0.01084	0.00770	0.26506	0.01161	0.03475	0.00957	0.04908	0.43704	0.00384	0.02365	0.00406	0.01887	0.00440
9	0.00954	0.00824	0.00867	0.00780	0.00997	0.00954	0.00607	0.02037	0.83441	0.01604	0.01561	0.01431	0.01170	0.00520	0.00390	0.00130	0.00303	0.00433	0.00390	0.00607
10	0.00462	0.00379	0.00408	0.00422	0.00529	0.00324	0.00308	0.00560	0.00864	0.01062	0.09479	0.18895	0.62978	0.01000	0.00460	0.00134	0.00198	0.00853	0.00361	0.00324
11	0.89233	0.00741	0.00564	0.00504	0.00741	0.00860	0.00415	0.01127	0.00653	0.01720	0.00534	0.00623	0.00415	0.00356	0.00237	0.00119	0.00297	0.00208	0.00237	0.00415
12	0.00905	0.01034	0.02262	0.01616	0.02004	0.00970	0.82741	0.01228	0.00905	0.01228	0.00776	0.01034	0.00582	0.00323	0.00452	0.00129	0.00646	0.00452	0.00194	0.00517
13	0.00853	0.00813	0.01382	0.38043	0.49198	0.00886	0.01129	0.01092	0.00827	0.01136	0.00704	0.00980	0.00566	0.00360	0.00381	0.00120	0.00479	0.00341	0.00181	0.00530
14	0.00894	0.00645	0.00705	0.00602	0.00779	0.02316	0.00474	0.26900	0.01238	0.05515	0.26250	0.05177	0.20126	0.00694	0.00415	0.00120	0.00279	0.00578	0.05834	0.00459

[dist]
# distance from previous block
# <min> <max>
5	8

[block]
# block no. 11 follows, 71 sequences, length 39
# corresponding to MSA columns:
# 522-560
name=unknown_L
#
# <colnr> <probs for GDERKNQSTAVLIFYWHMCP>
#	G	D	E	R	K	N	Q	S	T	A	V	L	I	F	Y	W	H	M	C	P
0	0.63543	0.00784	0.00844	0.00734	0.04414	0.00856	0.09274	0.04460	0.00780	0.10242	0.00684	0.00763	0.00506	0.00368	0.00287	0.00119	0.00349	0.00263	0.00261	0.00468
1	0.01036	0.61406	0.01713	0.00756	0.03390	0.08820	0.00671	0.04042	0.05334	0.01012	0.00717	0.03252	0.02069	0.00401	0.00325	0.00095	0.04002	0.00272	0.00197	0.00492
2	0.03361	0.03744	0.03548	0.01536	0.05489	0.00630	0.01857	0.00991	0.00788	0.01230	0.01478	0.01819	0.00609	0.00330	0.00346	0.00074	0.04633	0.00258	0.00220	0.67058
3	0.00899	0.02076	0.16840	0.26482	0.18096	0.09223	0.07557	0.02103	0.00855	0.03688	0.00767	0.04260	0.00624	0.00410	0.00407	0.00121	0.02979	0.00357	0.00197	0.02061
4	0.00595	0.00545	0.06098	0.00678	0.02607	0.00534	0.00539	0.00769	0.03695	0.00936	0.01082	0.04138	0.01047	0.13233	0.56812	0.00486	0.03281	0.02345	0.00219	0.00360
5	0.01010	0.04499	0.01483	0.05442	0.43796	0.02095	0.11902	0.07117	0.07240	0.06230	0.03740	0.01067	0.00763	0.00391	0.00398	0.00118	0.01521	0.00371	0.00242	0.00575
6	0.89233	0.00741	0.00564	0.00504	0.00741	0.00860	0.00415	0.01127	0.00653	0.01720	0.00534	0.00623	0.00415	0.00356	0.00237	0.00119	0.00297	0.00208	0.00237	0.00415
7	0.00998	0.00668	0.00883	0.00864	0.10739	0.00661	0.03150	0.04302	0.20130	0.20119	0.21049	0.01806	0.08130	0.00569	0.00405	0.00120	0.00303	0.00492	0.00377	0.04235
8	0.00666	0.00333	0.00500	0.00500	0.00500	0.00333	0.00333	0.00500	0.00500	0.00666	0.00666	0.01166	0.00666	0.01332	0.01499	0.88844	0.00333	0.00333	0.00167	0.00167
9	0.00551	0.00385	0.00494	0.00496	0.00523	0.00411	0.00329	0.00605	0.00585	0.00805	0.01165	0.04483	0.01261	0.52505	0.33309	0.00458	0.00615	0.00517	0.00226	0.00276
10	0.00530	0.00391	0.00495	0.00469	0.00565	0.00356	0.00352	0.00699	0.01055	0.01466	0.72482	0.02982	0.15112	0.00811	0.00452	0.00122	0.00183	0.00710	0.00413	0.00356
11	0.03577	0.00950	0.01048	0.00829	0.02343	0.01021	0.00671	0.61468	0.01585	0.14759	0.01132	0.01103	0.04193	0.00479	0.00380	0.00116	0.00388	0.00368	0.02968	0.00623
12	0.08718	0.12827	0.37651	0.11271	0.06053	0.00957	0.06832	0.01209	0.00812	0.07232	0.00717	0.00853	0.00531	0.00372	0.00369	0.00118	0.02457	0.00297	0.00197	0.00528
13	0.00949	0.00911	0.01556	0.02353	0.84133	0.00911	0.01177	0.01177	0.00873	0.01253	0.00721	0.00949	0.00607	0.00342	0.00380	0.00114	0.00456	0.00342	0.00190	0.00607
14	0.00963	0.09610	0.01024	0.21153	0.01341	0.31948	0.00702	0.02176	0.00900	0.00984	0.02928	0.14199	0.05826	0.03043	0.00434	0.00124	0.01555	0.00449	0.00229	0.00412
15	0.00702	0.01796	0.00913	0.04901	0.10353	0.01466	0.09871	0.00884	0.02950	0.03058	0.10492	0.05892	0.16409	0.09487	0.08026	0.00189	0.01107	0.02652	0.00277	0.08574
16	0.03636	0.24140	0.28689	0.02593	0.05870	0.04129	0.02954	0.04259	0.02787	0.10732	0.02319	0.00888	0.00636	0.00392	0.00365	0.00111	0.03228	0.00295	0.01438	0.00538
