[name]
unknown

[dist]
# distance from previous block
# <min> <max>
0	222

[block]
# block no. 0 follows, 68 sequences, length 53
# corresponding to MSA columns:
# 227-279
name=unknown_A
#
# <colnr> <probs for GDERKNQSTAVLIFYWHMCP>
#	G	D	E	R	K	N	Q	S	T	A	V	L	I	F	Y	W	H	M	C	P
0	0.06929	0.00458	0.00521	0.00525	0.00628	0.00448	0.00379	0.00831	0.07883	0.04682	0.16081	0.29496	0.19787	0.07713	0.00577	0.00159	0.00245	0.00787	0.01496	0.00376
1	0.00804	0.00803	0.02912	0.61230	0.08789	0.03701	0.05565	0.01935	0.00828	0.01074	0.00775	0.04811	0.00635	0.00432	0.00420	0.00130	0.02318	0.00387	0.00192	0.02260
2	0.04021	0.00597	0.00684	0.00597	0.00777	0.00588	0.00464	0.10813	0.09179	0.15627	0.15773	0.03874	0.20894	0.08890	0.00582	0.00153	0.00291	0.03542	0.00388	0.02265
3	0.00670	0.00425	0.00512	0.00510	0.00600	0.00398	0.00365	0.03445	0.00894	0.07752	0.15551	0.28647	0.15784	0.12317	0.00662	0.00169	0.00251	0.01655	0.09028	0.00367
4	0.00727	0.00550	0.00612	0.00613	0.00696	0.04250	0.00433	0.09812	0.05942	0.03010	0.01681	0.44341	0.01854	0.15897	0.05920	0.00218	0.00359	0.00792	0.01909	0.00383
5	0.10207	0.00880	0.00949	0.00772	0.01042	0.03723	0.00624	0.26928	0.17602	0.26213	0.04462	0.02799	0.00998	0.00507	0.00387	0.00124	0.00365	0.00398	0.00405	0.00615
6	0.04086	0.00697	0.00766	0.00683	0.00874	0.00752	0.00526	0.09038	0.36231	0.11447	0.03220	0.11395	0.06784	0.05782	0.00504	0.00147	0.00305	0.00538	0.05692	0.00532
7	0.00615	0.00412	0.00494	0.00499	0.00564	0.00393	0.00340	0.00709	0.02615	0.05632	0.09379	0.19827	0.16574	0.33095	0.04342	0.00254	0.00324	0.03281	0.00328	0.00327
8	0.00575	0.00435	0.00644	0.00639	0.00705	0.00510	0.00494	0.00709	0.00634	0.00915	0.01056	0.01585	0.00999	0.06623	0.78547	0.00613	0.03325	0.00429	0.00213	0.00351
9	0.00516	0.00383	0.00546	0.00604	0.00650	0.00362	0.03214	0.00610	0.00790	0.01058	0.05730	0.70851	0.02537	0.01221	0.02509	0.00171	0.00274	0.07274	0.00361	0.00336
10	0.04842	0.00488	0.00591	0.00565	0.00684	0.00469	0.00412	0.03688	0.04394	0.15853	0.12826	0.31641	0.09324	0.11586	0.00648	0.00171	0.00274	0.00751	0.00380	0.00412
11	0.00661	0.00556	0.00576	0.00610	0.00670	0.09131	0.00423	0.05205	0.00847	0.01080	0.04611	0.58136	0.02146	0.08422	0.02920	0.02098	0.00329	0.00896	0.00336	0.00348
12	0.00553	0.00447	0.00497	0.00485	0.00608	0.00415	0.00363	0.00786	0.09728	0.01284	0.27241	0.09257	0.45066	0.00914	0.00464	0.00133	0.00211	0.00781	0.00392	0.00377
13	0.00497	0.00382	0.00456	0.00489	0.00570	0.00341	0.00351	0.00604	0.00890	0.01153	0.18776	0.35819	0.33941	0.01062	0.00485	0.00144	0.00214	0.03106	0.00381	0.00338
14	0.00497	0.00381	0.00458	0.00505	0.00576	0.00345	0.00356	0.00608	0.02315	0.01095	0.09535	0.48062	0.29967	0.01110	0.00489	0.00149	0.00221	0.02620	0.00374	0.00337
15	0.01075	0.00889	0.00939	0.00817	0.01055	0.01018	0.00643	0.16526	0.66628	0.01806	0.01488	0.01384	0.01110	0.00525	0.00400	0.00131	0.00333	0.00430	0.02171	0.00631
16	0.00499	0.00415	0.00438	0.00430	0.00559	0.00360	0.00323	0.00644	0.03232	0.01179	0.17957	0.03600	0.67070	0.00957	0.00467	0.00132	0.00202	0.00805	0.00381	0.00350
17	0.00822	0.00705	0.00822	0.00587	0.00940	0.00529	0.00470	0.00998	0.00822	0.01292	0.00705	0.00822	0.00587	0.00294	0.00294	0.00059	0.00294	0.00235	0.00235	0.88490
18	0.00480	0.00372	0.00439	0.00492	0.00564	0.00330	0.00346	0.00565	0.00824	0.01041	0.02959	0.49250	0.36860	0.01138	0.00491	0.00150	0.00221	0.02781	0.00368	0.00328
19	0.01626	0.00920	0.01072	0.00822	0.01135	0.00947	0.00679	0.47143	0.01545	0.38076	0.01220	0.01126	0.00809	0.00482	0.00398	0.00121	0.00393	0.00375	0.00438	0.00674
20	0.00577	0.00384	0.00432	0.00432	0.00432	0.00384	0.00240	0.00577	0.00577	0.00769	0.01249	0.02595	0.01441	0.86066	0.02018	0.00384	0.00384	0.00577	0.00240	0.00240
21	0.00987	0.36700	0.12043	0.01307	0.15137	0.02636	0.23521	0.01230	0.00867	0.01127	0.00674	0.00840	0.00554	0.00346	0.00353	0.00109	0.00524	0.00317	0.00183	0.00544
22	0.00518	0.00398	0.00475	0.00468	0.00569	0.00354	0.00346	0.00661	0.01003	0.01336	0.45329	0.11722	0.33531	0.00927	0.00472	0.00132	0.00197	0.00804	0.00404	0.00354
23	0.85919	0.00764	0.00594	0.00528	0.00775	0.00879	0.00435	0.01191	0.00690	0.04557	0.00586	0.00668	0.00448	0.00372	0.00251	0.00123	0.00308	0.00221	0.00254	0.00438
24	0.88866	0.00767	0.00583	0.00521	0.00767	0.00889	0.00429	0.01166	0.00675	0.01779	0.00552	0.00644	0.00429	0.00368	0.00245	0.00123	0.00307	0.00215	0.00245	0.00429
25	0.00572	0.00559	0.06316	0.06683	0.00883	0.00467	0.03835	0.00756	0.03451	0.01179	0.16675	0.32498	0.20971	0.00929	0.00470	0.00142	0.00285	0.02604	0.00347	0.00380
26	0.00928	0.16554	0.12131	0.00888	0.01151	0.10953	0.09361	0.03423	0.05224	0.02772	0.00853	0.01107	0.00729	0.04347	0.21445	0.00253	0.03637	0.00348	0.00218	0.03677
27	0.00739	0.00370	0.00370	0.00370	0.00462	0.00370	0.00277	0.00924	0.00831	0.01478	0.01293	0.01478	0.01016	0.00462	0.00277	0.00092	0.00185	0.00370	0.88267	0.00370
28	0.88866	0.00767	0.00583	0.00521	0.00767	0.00889	0.00429	0.01166	0.00675	0.01779	0.00552	0.00644	0.00429	0.00368	0.00245	0.00123	0.00307	0.00215	0.00245	0.00429
29	0.00484	0.00349	0.00456	0.00540	0.00569	0.00324	0.00361	0.00554	0.00763	0.01010	0.02270	0.79030	0.07309	0.03260	0.00540	0.00165	0.00232	0.01097	0.00365	0.00321
30	0.01500	0.00876	0.00998	0.00789	0.01074	0.02442	0.00643	0.34756	0.10707	0.34324	0.01300	0.02706	0.00904	0.00501	0.00394	0.00121	0.00373	0.00396	0.04553	0.00645
31	0.00574	0.00395	0.00484	0.00484	0.00502	0.00412	0.00304	0.00610	0.00592	0.00807	0.01202	0.02334	0.01328	0.65189	0.22740	0.00448	0.00555	0.00538	0.00233	0.00269
32	0.01167	0.00941	0.00998	0.00843	0.01100	0.01071	0.00671	0.29891	0.54798	0.01950	0.01384	0.01297	0.01025	0.00516	0.00401	0.00129	0.00356	0.00417	0.00401	0.00644
33	0.02437	0.00396	0.00484	0.00494	0.00561	0.00373	0.00342	0.00679	0.00867	0.03202	0.29158	0.27682	0.10617	0.17901	0.00777	0.00187	0.00247	0.00797	0.02462	0.00336
34	0.01104	0.00855	0.00919	0.00821	0.01045	0.00940	0.00631	0.05255	0.63558	0.08581	0.01767	0.04584	0.04834	0.02548	0.00480	0.00154	0.00343	0.00508	0.00429	0.00641
35	0.00540	0.00417	0.00500	0.00551	0.00623	0.00402	0.00388	0.00737	0.10050	0.01102	0.02525	0.56480	0.20355	0.01107	0.00487	0.00152	0.00236	0.02616	0.00372	0.00360
36	0.00684	0.04296	0.00587	0.00519	0.00582	0.02483	0.00351	0.04310	0.00771	0.03804	0.07493	0.17073	0.04544	0.46135	0.01279	0.00268	0.00343	0.02454	0.01698	0.00324
37	0.02769	0.00770	0.00707	0.00659	0.00810	0.16152	0.00500	0.05307	0.06076	0.09231	0.16760	0.17492	0.15826	0.00820	0.01945	0.00140	0.00354	0.02885	0.00360	0.00435
38	0.00600	0.00425	0.00525	0.00560	0.00631	0.00409	0.00399	0.04559	0.03478	0.02965	0.05308	0.49336	0.14007	0.06005	0.00614	0.03212	0.00261	0.05990	0.00362	0.00353
39	0.00646	0.00515	0.00699	0.00677	0.00759	0.02904	0.00530	0.04385	0.00704	0.00994	0.01022	0.01479	0.00944	0.02697	0.74970	0.00580	0.04488	0.00414	0.00219	0.00375
40	0.00650	0.00402	0.00476	0.00474	0.00499	0.00394	0.00292	0.00669	0.00639	0.05992	0.01366	0.09135	0.01524	0.68041	0.01720	0.02620	0.00367	0.04191	0.00270	0.00278
41	0.00694	0.00509	0.00579	0.00538	0.00670	0.00494	0.00407	0.11538	0.03566	0.03151	0.24892	0.11667	0.28948	0.05595	0.00541	0.00146	0.00251	0.02342	0.03069	0.00402
42	0.00796	0.00609	0.00700	0.00678	0.00806	0.00649	0.00508	0.15495	0.19916	0.01429	0.01837	0.39654	0.04130	0.04715	0.00532	0.00158	0.00301	0.06254	0.00375	0.00455
43	0.01205	0.00826	0.00922	0.00791	0.01039	0.00905	0.00627	0.08381	0.56475	0.20685	0.01557	0.01449	0.01130	0.00530	0.00404	0.00131	0.00330	0.01552	0.00423	0.00638
44	0.01005	0.00856	0.00904	0.00808	0.01033	0.00987	0.00629	0.06385	0.76951	0.01691	0.01589	0.03065	0.01209	0.00548	0.00405	0.00134	0.00319	0.00456	0.00402	0.00624
45	0.00573	0.00405	0.00489	0.00521	0.00595	0.00379	0.00368	0.00707	0.04489	0.03954	0.08586	0.41347	0.20967	0.09346	0.00631	0.00171	0.00247	0.03761	0.02115	0.00349
46	0.00961	0.00900	0.01292	0.43427	0.20438	0.06018	0.02793	0.11789	0.04683	0.01302	0.00781	0.01022	0.00601	0.00408	0.00410	0.00126	0.01948	0.00354	0.00222	0.00525
47	0.00555	0.00411	0.00485	0.00504	0.00592	0.00378	0.00362	0.01964	0.02848	0.02846	0.14679	0.31931	0.31116	0.06466	0.00579	0.00159	0.00235	0.03169	0.00374	0.00350
48	0.00629	0.00418	0.00524	0.00543	0.00630	0.00390	0.00395	0.00779	0.04229	0.07263	0.18391	0.37995	0.15365	0.03145	0.00531	0.01290	0.00240	0.05136	0.01737	0.00372
49	0.04172	0.00751	0.00894	0.00839	0.07434	0.02040	0.00601	0.14458	0.16986	0.24685	0.04735	0.07868	0.01208	0.09249	0.00566	0.00153	0.00352	0.00476	0.01972	0.00561
50	0.08087	0.00693	0.01063	0.40218	0.13200	0.00795	0.02067	0.01062	0.01828	0.06333	0.00881	0.03866	0.00742	0.06155	0.06089	0.00180	0.03209	0.00391	0.02681	0.00459
51	0.06662	0.03756	0.02200	0.22760	0.21501	0.18174	0.02750	0.03267	0.03916	0.04568	0.00746	0.00939	0.00590	0.00414	0.00435	0.00122	0.06139	0.00326	0.00218	0.00517
52	0.02064	0.00822	0.00980	0.19458	0.05222	0.06346	0.00742	0.11755	0.21807	0.02900	0.01089	0.04769	0.00906	0.04246	0.08708	0.03275	0.03705	0.00418	0.00286	0.00501

[dist]
# distance from previous block
# <min> <max>
1	9

[block]
# block no. 1 follows, 68 sequences, length 28
# corresponding to MSA columns:
# 289-316
name=unknown_B
#
# <colnr> <probs for GDERKNQSTAVLIFYWHMCP>
#	G	D	E	R	K	N	Q	S	T	A	V	L	I	F	Y	W	H	M	C	P
0	0.03404	0.00398	0.00490	0.00506	0.00574	0.00377	0.00355	0.01883	0.00820	0.02060	0.17011	0.29687	0.18430	0.05480	0.00747	0.16100	0.00252	0.00775	0.00337	0.00316
1	0.05811	0.00716	0.00803	0.00690	0.00898	0.00754	0.00541	0.17650	0.21551	0.15528	0.11876	0.09611	0.06820	0.04335	0.00484	0.00141	0.00314	0.00537	0.00400	0.00538
2	0.04565	0.00994	0.01123	0.07423	0.01284	0.06120	0.04849	0.40793	0.10806	0.08837	0.03497	0.02985	0.00866	0.01312	0.00437	0.00127	0.02641	0.00394	0.00354	0.00594
3	0.02777	0.00520	0.00599	0.00556	0.00678	0.00511	0.00406	0.09946	0.03896	0.06781	0.12387	0.17847	0.15433	0.18820	0.02097	0.00193	0.00303	0.01520	0.01707	0.03023
4	0.01609	0.00397	0.00492	0.00532	0.00600	0.00369	0.00380	0.00671	0.00819	0.04829	0.07497	0.40761	0.17518	0.11887	0.00685	0.00182	0.00262	0.09810	0.00360	0.00339
5	0.00611	0.00454	0.00649	0.00636	0.00713	0.00522	0.00490	0.04511	0.00690	0.00984	0.01070	0.01602	0.01008	0.08704	0.74760	0.00595	0.00985	0.00432	0.00223	0.00361
6	0.00571	0.00432	0.00639	0.00638	0.00703	0.00504	0.00492	0.00704	0.00640	0.00921	0.01105	0.05507	0.01068	0.05279	0.75877	0.00595	0.03295	0.00460	0.00219	0.00351
7	0.02563	0.00544	0.00649	0.00606	0.00742	0.00536	0.00453	0.13112	0.01902	0.15592	0.01846	0.33550	0.07908	0.08497	0.00583	0.00161	0.00295	0.03436	0.06587	0.00440
8	0.00964	0.01063	0.02231	0.01604	0.01984	0.01024	0.74432	0.05625	0.00972	0.01323	0.00799	0.01055	0.00602	0.00357	0.00498	0.00135	0.04126	0.00457	0.00210	0.00538
9	0.00859	0.00867	0.01095	0.00952	0.01002	0.07540	0.02971	0.01001	0.04077	0.01032	0.04747	0.06025	0.05301	0.00751	0.02582	0.00169	0.57942	0.00437	0.00221	0.00430
10	0.00536	0.00374	0.00448	0.00477	0.00515	0.00355	0.00310	0.00601	0.00752	0.01014	0.11863	0.32220	0.10854	0.33375	0.01064	0.00236	0.00279	0.00809	0.03619	0.00300
11	0.00571	0.00431	0.00491	0.00514	0.00582	0.02931	0.00359	0.00660	0.00820	0.02598	0.12178	0.32821	0.19941	0.14814	0.05540	0.00210	0.00308	0.01776	0.02123	0.00332
12	0.00481	0.00391	0.00428	0.00455	0.00560	0.00338	0.00335	0.00578	0.00870	0.01063	0.03475	0.23492	0.59732	0.01066	0.00482	0.00143	0.00217	0.05191	0.00368	0.00333
13	0.00946	0.00705	0.00833	0.00606	0.00945	0.00552	0.00487	0.03722	0.00895	0.11004	0.00915	0.00980	0.03169	0.00344	0.00315	0.00070	0.00301	0.00276	0.00274	0.72661
14	0.04127	0.01029	0.01114	0.00855	0.01171	0.01107	0.00704	0.65466	0.03126	0.08086	0.00973	0.00968	0.00690	0.00459	0.00383	0.00114	0.00410	0.00346	0.00384	0.08488
15	0.00482	0.00365	0.00446	0.00509	0.00568	0.00329	0.00353	0.00563	0.00807	0.01034	0.02750	0.58640	0.27626	0.01165	0.00495	0.00153	0.00224	0.02793	0.00368	0.00327
16	0.00490	0.00348	0.00458	0.00543	0.00565	0.00327	0.00359	0.00554	0.00746	0.00994	0.02117	0.79753	0.02536	0.07413	0.00616	0.00177	0.00241	0.01087	0.00359	0.00316
17	0.00702	0.00562	0.00702	0.00664	0.00775	0.00601	0.03123	0.04551	0.14777	0.01175	0.01895	0.07109	0.15427	0.18429	0.08910	0.00245	0.05098	0.14539	0.00318	0.00399
18	0.00535	0.00405	0.00506	0.00541	0.00597	0.00401	0.00384	0.00639	0.02480	0.01020	0.04647	0.38026	0.18750	0.13600	0.07999	0.00229	0.03130	0.05447	0.00332	0.00330
19	0.00599	0.00425	0.00516	0.00507	0.00526	0.00457	0.00332	0.00642	0.00630	0.00878	0.02693	0.07526	0.03856	0.56424	0.10170	0.00351	0.07315	0.00575	0.05293	0.00285
20	0.00491	0.00354	0.00467	0.00555	0.00587	0.00330	0.00380	0.00567	0.00774	0.01024	0.02267	0.77556	0.06413	0.01223	0.00507	0.00161	0.00236	0.05416	0.00368	0.00325
21	0.01380	0.01152	0.01167	0.03652	0.01263	0.12603	0.03422	0.56922	0.07040	0.02078	0.00991	0.04721	0.00767	0.00498	0.00399	0.00120	0.00468	0.00387	0.00356	0.00614
22	0.23261	0.00512	0.00559	0.03316	0.00716	0.00553	0.00419	0.00813	0.02143	0.02019	0.03428	0.13031	0.14781	0.11645	0.20843	0.00286	0.00476	0.00555	0.00281	0.00363
23	0.00628	0.00467	0.00530	0.00522	0.00556	0.03879	0.00348	0.00684	0.00632	0.00867	0.01159	0.02125	0.01233	0.52523	0.24395	0.00419	0.02450	0.00504	0.05787	0.00293
24	0.01312	0.06043	0.03586	0.03162	0.02972	0.15430	0.05067	0.32199	0.08655	0.08698	0.00935	0.00969	0.00690	0.00432	0.00377	0.00112	0.00472	0.00336	0.00318	0.08235
25	0.03888	0.03582	0.06238	0.03826	0.04958	0.35110	0.06808	0.07969	0.05412	0.04628	0.02587	0.00927	0.00669	0.00465	0.01207	0.00122	0.08136	0.00322	0.00242	0.02904
26	0.03467	0.12845	0.11049	0.01023	0.09019	0.20697	0.04502	0.07420	0.07373	0.02066	0.01950	0.05580	0.03816	0.00465	0.00367	0.00111	0.00485	0.00368	0.00248	0.07149
27	0.03905	0.12744	0.17813	0.00929	0.02149	0.16622	0.06221	0.06966	0.08654	0.01270	0.01900	0.06237	0.05228	0.00498	0.00411	0.00119	0.03961	0.00389	0.00247	0.03737

[dist]
# distance from previous block
# <min> <max>
1	78

[block]
# block no. 2 follows, 68 sequences, length 42
# corresponding to MSA columns:
# 398-439
name=unknown_C
#
# <colnr> <probs for GDERKNQSTAVLIFYWHMCP>
#	G	D	E	R	K	N	Q	S	T	A	V	L	I	F	Y	W	H	M	C	P
0	0.02107	0.00551	0.02812	0.03605	0.06726	0.01856	0.00558	0.03046	0.02472	0.02135	0.01073	0.07683	0.01043	0.07487	0.38203	0.15182	0.00687	0.02177	0.00232	0.00364
1	0.00909	0.02733	0.01208	0.10646	0.13395	0.07961	0.14068	0.05978	0.04658	0.03001	0.04414	0.06607	0.02744	0.07719	0.05017	0.01587	0.00493	0.00457	0.02374	0.04032
2	0.02766	0.00704	0.00807	0.07073	0.04868	0.09446	0.00592	0.02273	0.03544	0.04499	0.06141	0.03947	0.05778	0.09143	0.22236	0.01862	0.07105	0.01454	0.01458	0.04302
3	0.00691	0.00467	0.00568	0.00514	0.00659	0.00411	0.00389	0.00851	0.02152	0.09031	0.35995	0.07072	0.20346	0.05538	0.00528	0.00136	0.00235	0.02385	0.01495	0.10536
4	0.01925	0.00423	0.00510	0.00507	0.00610	0.00395	0.00386	0.00715	0.02454	0.01337	0.40454	0.10552	0.28296	0.00920	0.00485	0.00137	0.01383	0.07753	0.00396	0.00363
5	0.00967	0.05968	0.04790	0.09431	0.13552	0.04818	0.12728	0.09956	0.01838	0.06282	0.03543	0.03623	0.04061	0.02833	0.06247	0.00167	0.00508	0.06007	0.00267	0.02414
6	0.00755	0.00595	0.00698	0.02376	0.00836	0.00493	0.00441	0.04071	0.00920	0.04373	0.11660	0.05092	0.19165	0.02558	0.00412	0.00101	0.00272	0.00481	0.00309	0.44390
7	0.00689	0.00344	0.00517	0.00517	0.00517	0.00344	0.00344	0.00517	0.00517	0.00689	0.00689	0.01205	0.00689	0.01377	0.01550	0.88464	0.00344	0.00344	0.00172	0.00172
8	0.00943	0.07210	0.03487	0.16333	0.33541	0.00973	0.23937	0.01213	0.01985	0.03490	0.00785	0.01042	0.00627	0.02201	0.00439	0.00129	0.00528	0.00381	0.00203	0.00552
9	0.00638	0.00414	0.00533	0.00536	0.00592	0.00421	0.00377	0.01643	0.02016	0.03959	0.02698	0.12507	0.07988	0.25891	0.19366	0.12518	0.00481	0.04402	0.02709	0.00312
10	0.00638	0.00458	0.00537	0.00539	0.00614	0.00458	0.00383	0.05686	0.05662	0.01178	0.11717	0.20021	0.10526	0.27207	0.00945	0.00218	0.00298	0.08399	0.04165	0.00350
11	0.00491	0.00362	0.00462	0.00531	0.00579	0.00332	0.00367	0.00577	0.00812	0.01066	0.07741	0.64122	0.15844	0.01170	0.00499	0.00155	0.00227	0.03961	0.00372	0.00329
12	0.00744	0.00647	0.03850	0.00751	0.04895	0.00605	0.04878	0.11735	0.07426	0.01444	0.22158	0.14858	0.16933	0.04838	0.00527	0.00146	0.00307	0.02456	0.00361	0.00441
13	0.01107	0.01244	0.01088	0.07309	0.02658	0.37324	0.00781	0.04160	0.00900	0.01018	0.00679	0.00953	0.00607	0.03354	0.10499	0.00197	0.25153	0.00324	0.00202	0.00443
14	0.01493	0.00962	0.01075	0.00836	0.01131	0.01027	0.00686	0.59291	0.01630	0.19350	0.01147	0.05006	0.00839	0.00514	0.00399	0.00121	0.00399	0.00402	0.03045	0.00649
15	0.01031	0.00853	0.00906	0.00806	0.01036	0.00979	0.00630	0.04499	0.77473	0.04679	0.01592	0.01459	0.01186	0.00534	0.00403	0.00134	0.00318	0.00444	0.00406	0.00631
16	0.05117	0.00717	0.00830	0.00611	0.00944	0.00582	0.00490	0.05324	0.00896	0.08779	0.00825	0.03010	0.00671	0.00348	0.00312	0.00073	0.00304	0.00278	0.00270	0.69619
17	0.02050	0.00404	0.00501	0.00510	0.00579	0.00387	0.00356	0.00649	0.00778	0.01077	0.14583	0.25577	0.12080	0.17201	0.11793	0.03518	0.00365	0.00728	0.02359	0.04506
18	0.00571	0.00385	0.00431	0.00431	0.00437	0.00382	0.00243	0.00576	0.00592	0.00783	0.01380	0.02652	0.05315	0.82047	0.01945	0.00373	0.00376	0.00589	0.00246	0.00245
19	0.01074	0.00863	0.00899	0.00794	0.01023	0.03973	0.00620	0.04951	0.66006	0.09012	0.03353	0.01505	0.03052	0.00543	0.00404	0.00131	0.00330	0.00448	0.00404	0.00615
20	0.00500	0.00391	0.00456	0.00495	0.00579	0.00353	0.00354	0.00622	0.03121	0.01094	0.07616	0.40031	0.38389	0.01088	0.00486	0.00147	0.00221	0.03344	0.00373	0.00340
21	0.00793	0.00513	0.00636	0.00632	0.00739	0.00509	0.00462	0.12763	0.03657	0.10117	0.03673	0.57995	0.02132	0.01014	0.00475	0.00150	0.00277	0.02652	0.00388	0.00424
22	0.00795	0.02051	0.84011	0.01130	0.01716	0.00921	0.01465	0.01256	0.00837	0.01256	0.00712	0.00837	0.00502	0.00377	0.00377	0.00126	0.00586	0.00293	0.00167	0.00586
23	0.88866	0.00767	0.00583	0.00521	0.00767	0.00889	0.00429	0.01166	0.00675	0.01779	0.00552	0.00644	0.00429	0.00368	0.00245	0.00123	0.00307	0.00215	0.00245	0.00429
24	0.00564	0.00384	0.00437	0.00441	0.00455	0.00377	0.00258	0.00583	0.00634	0.00842	0.05484	0.07466	0.06805	0.71661	0.01758	0.00343	0.00354	0.00631	0.00265	0.00257
25	0.00673	0.00376	0.00395	0.00395	0.00450	0.00376	0.00262	0.00783	0.00728	0.01191	0.01276	0.01930	0.01188	0.35093	0.00981	0.00211	0.00266	0.00453	0.52656	0.00317
26	0.01181	0.00919	0.00988	0.00826	0.01080	0.01032	0.00659	0.33100	0.44271	0.04016	0.06525	0.01365	0.01157	0.00530	0.00405	0.00128	0.00354	0.00429	0.00405	0.00631
27	0.00489	0.00372	0.00450	0.00494	0.00564	0.00333	0.00346	0.00585	0.00857	0.01111	0.13931	0.46928	0.29902	0.01103	0.00488	0.00147	0.00214	0.00973	0.00377	0.00333
28	0.00487	0.00348	0.00463	0.00550	0.00576	0.00325	0.00368	0.00561	0.00776	0.01040	0.06042	0.81872	0.02676	0.01222	0.00504	0.00159	0.00228	0.01108	0.00371	0.00325
29	0.10692	0.00571	0.00672	0.00611	0.00765	0.00569	0.00458	0.07902	0.04834	0.22102	0.05981	0.28970	0.01647	0.11636	0.00627	0.00169	0.00304	0.00654	0.00377	0.00459
30	0.00471	0.00401	0.00406	0.00407	0.00538	0.00335	0.00304	0.00573	0.00906	0.01082	0.05824	0.05419	0.79981	0.01004	0.00469	0.00134	0.00201	0.00840	0.00370	0.00335
31	0.00936	0.01070	0.02340	0.01671	0.02072	0.01003	0.82152	0.01270	0.00936	0.01270	0.00802	0.01070	0.00602	0.00334	0.00468	0.00134	0.00668	0.00468	0.00201	0.00535
32	0.01470	0.00729	0.00904	0.00725	0.00995	0.00709	0.00588	0.11174	0.16255	0.50500	0.09092	0.01511	0.02423	0.00535	0.00407	0.00125	0.00329	0.00439	0.00457	0.00633
33	0.00640	0.00453	0.00511	0.00482	0.00625	0.00404	0.00369	0.00822	0.05400	0.08636	0.22208	0.03285	0.50962	0.00890	0.00461	0.00132	0.00220	0.02714	0.00397	0.00391
34	0.74022	0.00825	0.00686	0.00588	0.00845	0.00947	0.00484	0.14947	0.00877	0.01901	0.00620	0.00696	0.00471	0.00386	0.00271	0.00122	0.00329	0.00239	0.00271	0.00471
35	0.00869	0.01354	0.29718	0.10880	0.05235	0.00959	0.42669	0.01234	0.00885	0.01237	0.00758	0.00986	0.00561	0.00356	0.00426	0.00130	0.00617	0.00391	0.00186	0.00545
36	0.00915	0.00698	0.00780	0.00710	0.00890	0.00768	0.00546	0.05254	0.45873	0.07265	0.06433	0.07775	0.05868	0.06397	0.05837	0.00184	0.00355	0.02538	0.00383	0.00532
37	0.05015	0.00955	0.03394	0.00751	0.00928	0.18795	0.00594	0.16882	0.02336	0.05311	0.08552	0.11644	0.05114	0.07910	0.05881	0.00180	0.02509	0.02476	0.00314	0.00459
38	0.02680	0.04512	0.04255	0.28643	0.23069	0.11121	0.00979	0.06564	0.05144	0.04300	0.00890	0.01071	0.03169	0.00422	0.00395	0.00122	0.01554	0.00352	0.00229	0.00530
39	0.00733	0.00485	0.00572	0.00562	0.00593	0.07466	0.00390	0.00632	0.00619	0.00785	0.04762	0.01369	0.03973	0.01360	0.06840	0.67646	0.00410	0.00379	0.00198	0.00224
40	0.00498	0.00362	0.00484	0.03672	0.00646	0.00347	0.00386	0.00571	0.00753	0.00999	0.02116	0.75963	0.04267	0.06189	0.00590	0.00172	0.00250	0.01060	0.00353	0.00322
41	0.00984	0.00764	0.00962	0.03735	0.13460	0.02276	0.02407	0.12757	0.20985	0.08530	0.14422	0.05893	0.08995	0.00606	0.00421	0.00127	0.00343	0.00521	0.01269	0.00543

[dist]
# distance from previous block
# <min> <max>
0	146

[block]
# block no. 3 follows, 68 sequences, length 32
# corresponding to MSA columns:
# 598-629
name=unknown_D
#
# <colnr> <probs for GDERKNQSTAVLIFYWHMCP>
#	G	D	E	R	K	N	Q	S	T	A	V	L	I	F	Y	W	H	M	C	P
0	0.00919	0.00923	0.03562	0.15303	0.23111	0.09610	0.03826	0.06903	0.00902	0.01195	0.00890	0.02863	0.02434	0.00877	0.14283	0.00211	0.08205	0.01625	0.00218	0.02142
1	0.04624	0.01106	0.01355	0.15863	0.41287	0.18446	0.01028	0.07769	0.00993	0.01290	0.00716	0.00920	0.00581	0.00389	0.00396	0.00118	0.02028	0.00327	0.00212	0.00553
2	0.01475	0.01100	0.01216	0.01006	0.06311	0.01212	0.00782	0.77270	0.01805	0.02425	0.00939	0.00954	0.00671	0.00468	0.00396	0.00119	0.00438	0.00357	0.00384	0.00671
3	0.01189	0.52183	0.05641	0.00805	0.01121	0.20199	0.00743	0.10012	0.02823	0.01141	0.00640	0.00716	0.00542	0.00376	0.00302	0.00095	0.00496	0.00246	0.00207	0.00522
4	0.01039	0.00798	0.00885	0.00760	0.00962	0.03025	0.02441	0.28480	0.19737	0.04452	0.05553	0.12091	0.07131	0.05192	0.00540	0.02325	0.00356	0.03334	0.00373	0.00527
5	0.00660	0.00355	0.00522	0.00524	0.00535	0.00359	0.00355	0.00547	0.00568	0.00767	0.04837	0.04759	0.00966	0.04381	0.08212	0.70448	0.00392	0.00408	0.00199	0.00205
6	0.00830	0.00697	0.03614	0.00671	0.00825	0.06210	0.00537	0.15548	0.02564	0.04334	0.17430	0.23938	0.11054	0.00855	0.00459	0.00139	0.00320	0.09164	0.00373	0.00438
7	0.00475	0.00401	0.00403	0.00403	0.00530	0.00337	0.00298	0.00569	0.00886	0.01054	0.03862	0.03748	0.78864	0.05742	0.00555	0.00148	0.00211	0.00822	0.00361	0.00329
8	0.00680	0.00488	0.00581	0.00563	0.00675	0.00477	0.00417	0.08822	0.05808	0.03636	0.22174	0.26543	0.19408	0.00954	0.00530	0.05285	0.00250	0.01935	0.00382	0.00392
9	0.12937	0.01070	0.01086	0.00871	0.01140	0.10843	0.04647	0.46879	0.01432	0.05420	0.00958	0.06505	0.00772	0.02026	0.00424	0.00127	0.01559	0.00388	0.00341	0.00576
10	0.00483	0.00345	0.00460	0.00552	0.00575	0.00322	0.00368	0.00552	0.00759	0.01012	0.02185	0.85807	0.02622	0.01242	0.00506	0.00161	0.00230	0.01127	0.00368	0.00322
11	0.00525	0.00391	0.00468	0.00505	0.00589	0.00357	0.00376	0.00640	0.00875	0.01145	0.12731	0.28043	0.31357	0.03641	0.00529	0.00153	0.00236	0.12433	0.04665	0.00339
12	0.16167	0.00691	0.00731	0.00646	0.00844	0.01824	0.00507	0.12898	0.14412	0.12817	0.09068	0.12106	0.11510	0.01979	0.00428	0.00135	0.00305	0.02060	0.00375	0.00497
13	0.01530	0.01074	0.01167	0.00895	0.01211	0.01175	0.00739	0.75531	0.01803	0.09324	0.01003	0.00985	0.00700	0.00477	0.00397	0.00119	0.00428	0.00360	0.00405	0.00674
14	0.45826	0.00862	0.00836	0.00679	0.00958	0.00946	0.00560	0.27391	0.01136	0.16088	0.00854	0.00864	0.00603	0.00424	0.00320	0.00121	0.00354	0.00292	0.00336	0.00550
15	0.21907	0.00580	0.00575	0.00525	0.00679	0.00612	0.00401	0.11651	0.02085	0.02457	0.08696	0.09026	0.12521	0.08297	0.00507	0.00145	0.00275	0.00510	0.18139	0.00411
16	0.00599	0.00470	0.00551	0.00544	0.00657	0.00460	0.00408	0.00896	0.14323	0.01351	0.32336	0.15792	0.23182	0.01873	0.00485	0.00140	0.00229	0.04910	0.00397	0.00395
17	0.00512	0.03652	0.00493	0.00454	0.00574	0.00398	0.00338	0.00635	0.03026	0.01078	0.05604	0.19082	0.59060	0.02679	0.00496	0.00142	0.00221	0.00849	0.00361	0.00346
18	0.01181	0.00937	0.00997	0.00841	0.01099	0.01061	0.00670	0.29535	0.53501	0.03609	0.01386	0.01296	0.01022	0.00516	0.00401	0.00129	0.00356	0.00416	0.00403	0.00645
19	0.15493	0.00656	0.00748	0.00644	0.00860	0.00662	0.00509	0.07138	0.11757	0.30184	0.06584	0.14625	0.04214	0.00630	0.00394	0.00129	0.00300	0.00520	0.03419	0.00532
20	0.02478	0.05109	0.01099	0.00812	0.01108	0.01031	0.00672	0.49001	0.07297	0.20687	0.01132	0.01089	0.00790	0.00475	0.00382	0.00118	0.00389	0.00365	0.05325	0.00643
21	0.00650	0.00409	0.00510	0.00536	0.00606	0.00383	0.00375	0.00751	0.02429	0.09037	0.03912	0.42999	0.11599	0.16545	0.00760	0.00193	0.00272	0.05013	0.02668	0.00353
22	0.00584	0.00429	0.00611	0.00606	0.00669	0.00489	0.00456	0.02074	0.00648	0.00921	0.01093	0.01727	0.01064	0.17354	0.68746	0.00585	0.00934	0.00450	0.00220	0.00340
23	0.00609	0.00452	0.00531	0.00528	0.00564	0.03373	0.00355	0.00670	0.00625	0.00851	0.01158	0.02112	0.01229	0.49760	0.32698	0.00461	0.00644	0.00503	0.02583	0.00294
24	0.00518	0.00360	0.00470	0.00540	0.00579	0.00334	0.00365	0.00595	0.00791	0.02808	0.07252	0.71787	0.06915	0.03985	0.00549	0.00164	0.00233	0.01053	0.00371	0.00331
25	0.02574	0.00501	0.00677	0.00650	0.00746	0.02025	0.00505	0.03605	0.00733	0.06182	0.02894	0.04915	0.01089	0.04966	0.63819	0.00520	0.02515	0.00451	0.00248	0.00386
26	0.00830	0.00840	0.03077	0.64536	0.16433	0.05480	0.01110	0.01084	0.00831	0.01064	0.00707	0.01021	0.00544	0.00389	0.00393	0.00128	0.00530	0.00346	0.00181	0.00477
27	0.00506	0.00431	0.00439	0.00437	0.00575	0.00379	0.00332	0.00672	0.05961	0.01111	0.03810	0.03692	0.75876	0.00978	0.00467	0.00135	0.00213	0.03264	0.00370	0.00354
28	0.00642	0.00439	0.00647	0.00634	0.00717	0.00497	0.00492	0.00779	0.00666	0.06032	0.01100	0.01581	0.01006	0.05730	0.76419	0.00597	0.00994	0.00429	0.00231	0.00370
29	0.00667	0.00489	0.00570	0.00528	0.00658	0.00478	0.00401	0.03195	0.12245	0.03524	0.45158	0.02746	0.19685	0.01929	0.00465	0.00129	0.00220	0.00664	0.05834	0.00414
30	0.00940	0.00708	0.00774	0.00702	0.00866	0.02387	0.00533	0.14670	0.28892	0.06144	0.01608	0.14732	0.04276	0.14482	0.02387	0.00187	0.00355	0.04495	0.00365	0.00497
31	0.00879	0.00792	0.00848	0.00637	0.00967	0.05665	0.00504	0.01151	0.09517	0.01311	0.00795	0.00885	0.00649	0.00326	0.00309	0.00069	0.00321	0.00259	0.00251	0.73864

[dist]
# distance from previous block
# <min> <max>
1	7

[block]
# block no. 4 follows, 68 sequences, length 25
# corresponding to MSA columns:
# 637-661
name=unknown_E
#
# <colnr> <probs for GDERKNQSTAVLIFYWHMCP>
#	G	D	E	R	K	N	Q	S	T	A	V	L	I	F	Y	W	H	M	C	P
0	0.00510	0.00413	0.00537	0.00535	0.00634	0.00368	0.04348	0.00622	0.00881	0.01132	0.14408	0.34818	0.37272	0.01035	0.00483	0.00143	0.00233	0.00912	0.00370	0.00345
1	0.20084	0.23528	0.03361	0.00772	0.01072	0.06722	0.00674	0.30167	0.07278	0.01737	0.00781	0.00823	0.00603	0.00414	0.00324	0.00111	0.00418	0.00287	0.00286	0.00558
2	0.00800	0.00536	0.00619	0.00588	0.00722	0.03731	0.00443	0.03159	0.03390	0.13451	0.14821	0.25257	0.14805	0.04967	0.00532	0.00148	0.00282	0.06641	0.00379	0.04728
3	0.07111	0.00654	0.00947	0.00796	0.02446	0.00630	0.15919	0.08348	0.00951	0.01330	0.08034	0.13880	0.21586	0.04942	0.00527	0.00143	0.01699	0.02385	0.00312	0.07360
4	0.02684	0.01158	0.11062	0.00908	0.01217	0.06816	0.03004	0.35711	0.23247	0.05024	0.04315	0.01155	0.00911	0.00484	0.00396	0.00124	0.00432	0.00383	0.00355	0.00617
5	0.06793	0.00704	0.00915	0.00706	0.01010	0.00636	0.00583	0.06295	0.01148	0.74662	0.01472	0.01287	0.00933	0.00483	0.00390	0.00122	0.00341	0.00386	0.00471	0.00661
6	0.01325	0.01015	0.01082	0.00867	0.01152	0.01133	0.00704	0.56600	0.25348	0.02213	0.01234	0.01189	0.03266	0.00509	0.00401	0.00124	0.00394	0.00398	0.00398	0.00651
7	0.00562	0.00378	0.00508	0.00579	0.00618	0.00362	0.00402	0.00640	0.00780	0.05078	0.02112	0.76293	0.02478	0.01186	0.00521	0.00160	0.02270	0.04360	0.00369	0.00344
8	0.00585	0.00385	0.00482	0.00525	0.00595	0.00348	0.00365	0.00665	0.00815	0.07509	0.02519	0.57342	0.20890	0.04326	0.00546	0.00160	0.00238	0.00983	0.00373	0.00349
9	0.85448	0.00780	0.00607	0.00537	0.00785	0.00903	0.00442	0.04339	0.00721	0.01807	0.00568	0.00656	0.00439	0.00372	0.00251	0.00123	0.00312	0.00220	0.00251	0.00439
10	0.01005	0.00689	0.00769	0.00653	0.00821	0.00723	0.00502	0.32568	0.01217	0.05931	0.09057	0.03121	0.06792	0.23812	0.00851	0.00195	0.00357	0.05147	0.05322	0.00466
11	0.00721	0.00525	0.00596	0.00561	0.00691	0.00530	0.00416	0.02627	0.19818	0.05551	0.21489	0.11228	0.18923	0.10492	0.00621	0.00161	0.00258	0.00670	0.03698	0.00425
12	0.00513	0.00363	0.00445	0.00498	0.00524	0.00344	0.00320	0.00562	0.00713	0.00938	0.02052	0.50514	0.09982	0.29181	0.01001	0.00232	0.00278	0.00918	0.00326	0.00296
13	0.01191	0.00916	0.00984	0.00831	0.01088	0.01031	0.00662	0.25567	0.53753	0.07339	0.01417	0.01316	0.01038	0.00517	0.00401	0.00129	0.00351	0.00418	0.00407	0.00644
14	0.01946	0.00387	0.00475	0.00524	0.00581	0.00374	0.00365	0.00667	0.03387	0.01104	0.06320	0.51313	0.11298	0.06268	0.04356	0.00184	0.00274	0.02149	0.07691	0.00339
15	0.05917	0.00651	0.00714	0.00650	0.00820	0.00710	0.00501	0.03820	0.38297	0.03362	0.28438	0.05079	0.02017	0.00636	0.00410	0.00128	0.00264	0.00540	0.06541	0.00506
16	0.13431	0.00544	0.00580	0.00536	0.00674	0.00557	0.00401	0.08092	0.04375	0.07396	0.09292	0.10664	0.12865	0.15434	0.00671	0.00171	0.00287	0.02327	0.11295	0.00406
17	0.44628	0.00610	0.00541	0.00502	0.00678	0.00661	0.00390	0.04759	0.00812	0.01528	0.06767	0.07249	0.16413	0.06465	0.00450	0.00143	0.00277	0.00466	0.06266	0.00396
18	0.00488	0.00368	0.00452	0.00504	0.00566	0.00332	0.00350	0.00580	0.00842	0.01098	0.12402	0.53291	0.25038	0.01125	0.00491	0.00149	0.00217	0.00998	0.00376	0.00332
19	0.56012	0.00757	0.00681	0.00589	0.00829	0.00842	0.00478	0.10498	0.05035	0.09736	0.00968	0.04150	0.03741	0.00461	0.00305	0.00124	0.00313	0.00324	0.03676	0.00481
20	0.06051	0.00447	0.00512	0.00521	0.00619	0.00428	0.00376	0.05370	0.00908	0.02836	0.14054	0.36586	0.24273	0.04512	0.00528	0.00152	0.00241	0.00852	0.00369	0.00363
21	0.00575	0.00425	0.00601	0.00598	0.00650	0.00485	0.00444	0.00682	0.00622	0.00886	0.01094	0.01786	0.01087	0.22445	0.63334	0.00568	0.02711	0.00459	0.00218	0.00329
22	0.84087	0.00762	0.00601	0.00532	0.00780	0.00873	0.00438	0.01208	0.00700	0.06284	0.00608	0.00683	0.00460	0.00375	0.00254	0.00123	0.00308	0.00225	0.00259	0.00443
23	0.00483	0.00402	0.00423	0.00429	0.00554	0.00342	0.00324	0.00591	0.00911	0.01105	0.08438	0.06847	0.71849	0.01006	0.00474	0.00137	0.00209	0.04765	0.00372	0.00338
24	0.00574	0.00448	0.00531	0.00521	0.00614	0.02885	0.00391	0.00712	0.00957	0.01286	0.42156	0.06884	0.19418	0.04305	0.10176	0.02767	0.00328	0.04325	0.00368	0.00353

[dist]
# distance from previous block
# <min> <max>
0	1

[block]
# block no. 5 follows, 68 sequences, length 36
# corresponding to MSA columns:
# 663-698
name=unknown_F
#
# <colnr> <probs for GDERKNQSTAVLIFYWHMCP>
#	G	D	E	R	K	N	Q	S	T	A	V	L	I	F	Y	W	H	M	C	P
0	0.32812	0.03172	0.02993	0.09628	0.20713	0.12191	0.02063	0.01272	0.00844	0.07370	0.00702	0.00844	0.00547	0.00390	0.00360	0.00120	0.02951	0.00290	0.00232	0.00507
1	0.00991	0.00964	0.01445	0.22783	0.52686	0.07279	0.01128	0.05691	0.00946	0.01267	0.00737	0.00978	0.00597	0.00375	0.00391	0.00120	0.00502	0.00346	0.00203	0.00571
2	0.70127	0.00784	0.00678	0.00579	0.00838	0.00879	0.00477	0.08162	0.00836	0.12502	0.00718	0.00762	0.00522	0.00393	0.00278	0.00122	0.00322	0.00251	0.00290	0.00482
3	0.01434	0.01196	0.01138	0.00913	0.01198	0.14471	0.00737	0.60002	0.09863	0.02146	0.00985	0.02365	0.00734	0.00484	0.00393	0.00119	0.00465	0.00363	0.00366	0.00630
4	0.00897	0.00645	0.00757	0.00676	0.00870	0.00654	0.00537	0.04832	0.27321	0.09933	0.20930	0.04501	0.04112	0.00674	0.00429	0.00129	0.00291	0.11177	0.00394	0.10241
5	0.00521	0.00418	0.00471	0.00489	0.00595	0.00381	0.00361	0.00689	0.05766	0.01156	0.12412	0.23648	0.45895	0.01017	0.00477	0.00142	0.00221	0.04609	0.00378	0.00355
6	0.00795	0.02051	0.84011	0.01130	0.01716	0.00921	0.01465	0.01256	0.00837	0.01256	0.00712	0.00837	0.00502	0.00377	0.00377	0.00126	0.00586	0.00293	0.00167	0.00586
7	0.01411	0.01032	0.01102	0.00860	0.01152	0.01142	0.00705	0.70550	0.06591	0.02362	0.01020	0.01028	0.00735	0.00478	0.00387	0.00118	0.00408	0.00363	0.07911	0.00645
8	0.01506	0.01073	0.01159	0.00891	0.01203	0.01179	0.00735	0.76457	0.01806	0.06718	0.00991	0.00983	0.00697	0.00476	0.00394	0.00119	0.00426	0.00359	0.02160	0.00668
9	0.00491	0.00351	0.00468	0.00558	0.00585	0.00328	0.00379	0.00566	0.00771	0.01029	0.03543	0.81152	0.02627	0.01229	0.00507	0.00161	0.00235	0.04325	0.00369	0.00325
10	0.00522	0.00379	0.00457	0.00504	0.00550	0.00355	0.00344	0.00589	0.00752	0.00972	0.02290	0.37464	0.18927	0.25216	0.00931	0.00221	0.00281	0.08608	0.00332	0.00306
11	0.00570	0.00385	0.00437	0.00444	0.00464	0.00378	0.00268	0.00599	0.00646	0.00867	0.03596	0.07658	0.08152	0.66530	0.01659	0.00328	0.00347	0.02694	0.03714	0.00264
12	0.04039	0.00725	0.00931	0.00723	0.01019	0.00671	0.00594	0.13079	0.01210	0.67043	0.01476	0.04583	0.00988	0.00515	0.00399	0.00124	0.00346	0.00416	0.00466	0.00654
13	0.00566	0.00425	0.00637	0.00637	0.00708	0.00496	0.00496	0.00708	0.00637	0.00920	0.01062	0.01558	0.00991	0.02974	0.84494	0.00637	0.01062	0.00425	0.00212	0.00354
14	0.00518	0.00425	0.00462	0.00471	0.00595	0.00379	0.00362	0.00676	0.04434	0.01146	0.09706	0.07903	0.60531	0.00992	0.00477	0.00140	0.00225	0.09831	0.00375	0.00353
15	0.00553	0.00405	0.00518	0.00490	0.00587	0.00371	0.00368	0.00732	0.01103	0.01543	0.76221	0.03039	0.10933	0.00828	0.00468	0.00126	0.00188	0.00728	0.00430	0.00371
16	0.00756	0.00684	0.01130	0.42528	0.19919	0.00796	0.00956	0.00978	0.00774	0.01058	0.00809	0.01169	0.00675	0.01045	0.21639	0.00257	0.02436	0.00371	0.01561	0.00459
17	0.00763	0.00443	0.00414	0.00408	0.00505	0.04296	0.00306	0.00944	0.00862	0.01461	0.06141	0.01531	0.01155	0.00480	0.00292	0.00095	0.00210	0.00385	0.78935	0.00374
18	0.00546	0.00422	0.00460	0.00462	0.00576	0.00380	0.00341	0.04392	0.00936	0.01201	0.10896	0.19659	0.50754	0.00974	0.00460	0.00135	0.00215	0.00831	0.06007	0.00354
19	0.00566	0.00425	0.00637	0.00637	0.00708	0.00496	0.00496	0.00708	0.00637	0.00920	0.01062	0.01558	0.00991	0.02974	0.84494	0.00637	0.01062	0.00425	0.00212	0.00354
20	0.00772	0.06804	0.59446	0.01015	0.01472	0.00865	0.05320	0.01130	0.00805	0.01166	0.00855	0.06074	0.00737	0.08465	0.03261	0.00166	0.00556	0.00377	0.00189	0.00523
21	0.00659	0.00554	0.00592	0.00576	0.00724	0.00567	0.00436	0.01118	0.29938	0.01273	0.02840	0.15343	0.40054	0.00877	0.00453	0.00139	0.00249	0.02789	0.00381	0.00437
22	0.00896	0.00671	0.00691	0.00608	0.00720	0.04910	0.00427	0.23948	0.01001	0.02456	0.01292	0.06215	0.04439	0.48525	0.01312	0.00270	0.00401	0.00533	0.00298	0.00389
23	0.00836	0.00716	0.00841	0.04259	0.01025	0.00613	0.00531	0.01167	0.13916	0.01333	0.00919	0.01119	0.00769	0.00377	0.00328	0.00080	0.00311	0.04303	0.00266	0.66292
24	0.00883	0.15521	0.20143	0.01267	0.20104	0.00957	0.09849	0.04276	0.05016	0.01280	0.06602	0.03416	0.08050	0.00477	0.00389	0.00120	0.00453	0.00419	0.00239	0.00540
25	0.00605	0.00431	0.00537	0.00580	0.00632	0.00427	0.00404	0.08165	0.00844	0.01125	0.01915	0.58404	0.02227	0.14692	0.00740	0.00194	0.00284	0.07098	0.00350	0.00345
26	0.05870	0.00952	0.01216	0.02272	0.01266	0.00987	0.10409	0.43247	0.01459	0.26601	0.01093	0.01071	0.00743	0.00457	0.00398	0.00122	0.00429	0.00376	0.00390	0.00642
27	0.00964	0.06967	0.20025	0.00980	0.03333	0.03153	0.10332	0.04079	0.22882	0.06275	0.01175	0.04516	0.02047	0.00491	0.00396	0.00124	0.00441	0.04157	0.00288	0.07375
28	0.04042	0.07631	0.03307	0.05389	0.01155	0.13342	0.00698	0.23261	0.15257	0.06200	0.01248	0.05655	0.06611	0.00542	0.00423	0.00123	0.03830	0.00416	0.00322	0.00547
29	0.01506	0.06060	0.04603	0.00798	0.01072	0.15491	0.00674	0.05681	0.01094	0.47238	0.02471	0.01224	0.03517	0.00497	0.00446	0.00121	0.06170	0.00371	0.00376	0.00591
30	0.05379	0.00713	0.00798	0.00719	0.00916	0.02072	0.00581	0.14951	0.18937	0.09685	0.03327	0.04381	0.06700	0.04096	0.02645	0.00160	0.00364	0.18921	0.00370	0.04285
31	0.01039	0.29198	0.05553	0.02973	0.06397	0.05529	0.13684	0.08366	0.01715	0.03913	0.00781	0.04031	0.00660	0.00406	0.00363	0.01300	0.00462	0.00331	0.00228	0.13070
32	0.04613	0.06864	0.27066	0.00830	0.01153	0.06300	0.00844	0.08445	0.05796	0.08835	0.11086	0.06523	0.04542	0.00572	0.00399	0.00126	0.00424	0.04762	0.00300	0.00521
33	0.00673	0.00577	0.02944	0.00613	0.00761	0.00531	0.04508	0.11473	0.04490	0.01268	0.03449	0.24911	0.34090	0.07155	0.00577	0.00157	0.00292	0.00781	0.00351	0.00399
34	0.06691	0.00537	0.00641	0.00606	0.00727	0.00545	0.02513	0.01049	0.14092	0.10210	0.01754	0.16659	0.08350	0.25388	0.00896	0.00213	0.00326	0.08060	0.00338	0.00404
35	0.00966	0.18139	0.16412	0.02360	0.10345	0.07059	0.03952	0.06252	0.07376	0.03118	0.00982	0.03933	0.03062	0.09271	0.00579	0.00146	0.04303	0.00994	0.00237	0.00513

[dist]
# distance from previous block
# <min> <max>
11	112

[block]
# block no. 6 follows, 68 sequences, length 8
# corresponding to MSA columns:
# 835-842
name=unknown_G
#
# <colnr> <probs for GDERKNQSTAVLIFYWHMCP>
#	G	D	E	R	K	N	Q	S	T	A	V	L	I	F	Y	W	H	M	C	P
0	0.03211	0.00771	0.05266	0.00813	0.03663	0.03861	0.07760	0.11298	0.07644	0.05802	0.03175	0.16797	0.04597	0.20494	0.00820	0.00193	0.02500	0.00582	0.00308	0.00447
1	0.00724	0.00524	0.00586	0.00570	0.00668	0.03552	0.00410	0.03393	0.08487	0.06669	0.17171	0.21285	0.10354	0.19680	0.00805	0.00193	0.00297	0.03890	0.00359	0.00384
2	0.00817	0.00592	0.00886	0.01069	0.22677	0.00566	0.03422	0.00966	0.00882	0.10374	0.10776	0.11351	0.09814	0.14877	0.00699	0.00173	0.00345	0.05471	0.03794	0.00448
3	0.02756	0.02987	0.03735	0.03496	0.07042	0.21964	0.00689	0.05398	0.08705	0.05731	0.09711	0.04079	0.01059	0.00536	0.02219	0.00120	0.02996	0.00378	0.00281	0.16118
4	0.00778	0.05648	0.00674	0.00557	0.00641	0.06961	0.00382	0.05995	0.05071	0.03011	0.04779	0.03922	0.03597	0.53117	0.03025	0.00291	0.00407	0.00527	0.00272	0.00343
5	0.00681	0.00617	0.05527	0.00635	0.00769	0.00571	0.00497	0.04149	0.21584	0.01287	0.09525	0.34037	0.09976	0.07560	0.00579	0.00162	0.00285	0.00767	0.00363	0.00428
6	0.01106	0.00708	0.00828	0.05704	0.02994	0.03756	0.00582	0.06486	0.19696	0.24572	0.05849	0.06602	0.09653	0.05267	0.00504	0.00143	0.00339	0.02582	0.02093	0.00534
7	0.10305	0.01167	0.12836	0.00938	0.05019	0.10179	0.02460	0.31603	0.02818	0.07637	0.00965	0.05439	0.00782	0.05527	0.00477	0.00137	0.00458	0.00382	0.00310	0.00563

[dist]
# distance from previous block
# <min> <max>
0	1

[block]
# block no. 7 follows, 68 sequences, length 16
# corresponding to MSA columns:
# 844-859
name=unknown_H
#
# <colnr> <probs for GDERKNQSTAVLIFYWHMCP>
#	G	D	E	R	K	N	Q	S	T	A	V	L	I	F	Y	W	H	M	C	P
0	0.00589	0.00400	0.00505	0.00506	0.00582	0.00369	0.00360	0.00711	0.00931	0.04909	0.38546	0.23570	0.11290	0.12738	0.00690	0.00172	0.00236	0.02158	0.00386	0.00352
1	0.00846	0.00718	0.00829	0.00611	0.00945	0.00574	0.00486	0.03797	0.05845	0.01347	0.00809	0.03183	0.00684	0.00341	0.00310	0.00068	0.00298	0.00276	0.00254	0.77779
2	0.10601	0.00960	0.01046	0.10145	0.07558	0.10868	0.02712	0.23380	0.06516	0.04834	0.01038	0.04834	0.02321	0.04573	0.00501	0.00139	0.03752	0.03401	0.00298	0.00524
3	0.05235	0.01007	0.01071	0.00839	0.01131	0.01102	0.00687	0.65684	0.04714	0.02266	0.01172	0.03511	0.05767	0.00521	0.00394	0.00120	0.00401	0.00401	0.00382	0.03595
4	0.00581	0.00483	0.00471	0.00475	0.00550	0.05474	0.00323	0.00642	0.00776	0.00944	0.02495	0.09410	0.36515	0.34902	0.01085	0.00236	0.00314	0.03712	0.00307	0.00305
5	0.02057	0.01055	0.10018	0.10112	0.16782	0.09073	0.10442	0.07619	0.04204	0.03614	0.03434	0.01348	0.09835	0.00531	0.01644	0.00135	0.06908	0.00418	0.00249	0.00521
6	0.09430	0.03110	0.28391	0.00904	0.01269	0.06053	0.00908	0.13020	0.24775	0.05258	0.01020	0.01032	0.00748	0.00442	0.00371	0.00123	0.00448	0.00339	0.00294	0.02066
7	0.00545	0.00424	0.00498	0.00514	0.00607	0.00400	0.00373	0.00742	0.07878	0.01215	0.21068	0.28759	0.29030	0.03391	0.00520	0.00149	0.00226	0.02915	0.00383	0.00363
8	0.00656	0.00431	0.00536	0.00524	0.00584	0.00436	0.00366	0.06637	0.00755	0.01017	0.04375	0.10843	0.12042	0.20092	0.11612	0.23988	0.00407	0.00567	0.03833	0.00299
