[name]
unknown

[dist]
# distance from previous block
# <min> <max>
7	324

[block]
# block no. 0 follows, 61 sequences, length 26
# corresponding to MSA columns:
# 485-509,511
name=unknown_A
#
# <colnr> <probs for GDERKNQSTAVLIFYWHMCP>
#	G	D	E	R	K	N	Q	S	T	A	V	L	I	F	Y	W	H	M	C	P
0	0.03311	0.18014	0.09360	0.00940	0.03782	0.19359	0.00798	0.10912	0.08131	0.05213	0.00948	0.01171	0.00793	0.07810	0.00534	0.00142	0.00519	0.01676	0.00278	0.06308
1	0.04251	0.08427	0.04962	0.01057	0.11492	0.03164	0.01538	0.15535	0.05767	0.06352	0.04453	0.01439	0.03757	0.08577	0.06383	0.00196	0.07590	0.00426	0.00305	0.04329
2	0.05469	0.08477	0.15578	0.01032	0.06589	0.03243	0.06900	0.14079	0.04658	0.05203	0.11142	0.05694	0.04770	0.00563	0.00424	0.00130	0.00450	0.00474	0.00320	0.04805
3	0.00986	0.07282	0.31251	0.03228	0.02767	0.08097	0.02088	0.03949	0.07824	0.02312	0.04554	0.01195	0.00873	0.06121	0.00513	0.00138	0.00511	0.00363	0.00252	0.15697
4	0.03190	0.00708	0.07250	0.00661	0.00854	0.00600	0.00560	0.09448	0.04397	0.06040	0.30870	0.07877	0.18015	0.03627	0.01795	0.00159	0.00317	0.02748	0.00410	0.00473
5	0.04153	0.00930	0.03886	0.02819	0.05420	0.00971	0.02028	0.10022	0.39454	0.04355	0.01710	0.01667	0.10581	0.00597	0.00475	0.00139	0.04112	0.00483	0.00378	0.05820
6	0.00673	0.00559	0.00624	0.00665	0.04310	0.04416	0.00435	0.00793	0.03038	0.01129	0.04364	0.30953	0.17103	0.19715	0.00869	0.00206	0.00326	0.00824	0.00341	0.08655
7	0.06682	0.22438	0.12217	0.02721	0.06724	0.06009	0.02281	0.15114	0.08495	0.05233	0.03162	0.03906	0.00858	0.00482	0.00382	0.00123	0.00475	0.00373	0.00292	0.02033
8	0.08861	0.09731	0.08775	0.01142	0.08874	0.03263	0.12004	0.17039	0.02811	0.07028	0.01019	0.07443	0.00851	0.00561	0.02327	0.00141	0.00499	0.00427	0.00300	0.06903
9	0.00725	0.00593	0.00751	0.00812	0.05765	0.05366	0.03359	0.00827	0.00867	0.03392	0.06755	0.45005	0.02208	0.13980	0.00821	0.00202	0.04371	0.03457	0.00348	0.00395
10	0.04545	0.03082	0.03660	0.11622	0.15096	0.00754	0.03021	0.01082	0.02167	0.06721	0.18466	0.12246	0.07512	0.00758	0.02126	0.00154	0.05553	0.00607	0.00326	0.00501
11	0.09452	0.17694	0.26013	0.01170	0.11212	0.07864	0.02615	0.04078	0.00984	0.09494	0.00862	0.03250	0.00682	0.00450	0.00403	0.00126	0.02463	0.00342	0.00248	0.00598
12	0.01081	0.15595	0.26182	0.01220	0.11331	0.06557	0.03902	0.05525	0.07877	0.04988	0.01025	0.04020	0.02963	0.00498	0.00462	0.00131	0.05397	0.00390	0.00255	0.00603
13	0.36066	0.02922	0.03255	0.03569	0.06420	0.04939	0.02556	0.15098	0.09686	0.01834	0.00867	0.02176	0.00682	0.00460	0.00383	0.00130	0.02693	0.00332	0.00299	0.05633
14	0.03731	0.00737	0.03660	0.03100	0.11386	0.04589	0.00653	0.04572	0.01016	0.08382	0.12978	0.20474	0.13443	0.02715	0.03816	0.00173	0.03036	0.00702	0.00357	0.00480
15	0.00537	0.00412	0.00479	0.00517	0.00597	0.00369	0.00361	0.00631	0.00904	0.01151	0.09151	0.35285	0.36044	0.09382	0.00691	0.00184	0.00252	0.02306	0.00392	0.00352
16	0.04028	0.33258	0.03217	0.00966	0.01237	0.13158	0.05221	0.10097	0.01027	0.05180	0.00721	0.00862	0.00603	0.00486	0.00572	0.00126	0.18132	0.00312	0.00239	0.00557
17	0.02970	0.06982	0.06537	0.04323	0.27697	0.05513	0.03572	0.03296	0.06703	0.08135	0.00965	0.04027	0.00792	0.00462	0.00451	0.00124	0.04489	0.00388	0.00269	0.12304
18	0.01124	0.17186	0.08446	0.01098	0.09966	0.03366	0.04063	0.10155	0.01814	0.08253	0.05769	0.02829	0.01019	0.00576	0.00558	0.02218	0.10410	0.05204	0.00288	0.05659
19	0.00534	0.00412	0.00487	0.00522	0.00610	0.00366	0.00371	0.00646	0.00960	0.01238	0.17429	0.36809	0.35754	0.01159	0.00526	0.00156	0.00228	0.01015	0.00413	0.00366
20	0.00850	0.00753	0.01099	0.03881	0.15393	0.00856	0.03613	0.06695	0.00921	0.01286	0.06054	0.13538	0.08632	0.04567	0.08738	0.00220	0.21540	0.00596	0.00285	0.00483
21	0.03475	0.15031	0.12682	0.08430	0.25698	0.06455	0.04896	0.06004	0.07533	0.03604	0.00884	0.01895	0.00705	0.00430	0.00400	0.00127	0.00526	0.00363	0.00246	0.00616
22	0.04410	0.00805	0.00992	0.00786	0.01089	0.00773	0.00644	0.18081	0.03528	0.48819	0.04386	0.03695	0.01176	0.00576	0.00432	0.00133	0.00374	0.03302	0.02331	0.03668
23	0.00562	0.00410	0.00489	0.00519	0.00576	0.00380	0.00347	0.00643	0.00864	0.01134	0.14324	0.32240	0.20259	0.24125	0.00985	0.00229	0.00282	0.00924	0.00373	0.00337
24	0.01122	0.04390	0.10571	0.03030	0.10946	0.05519	0.04911	0.13989	0.09685	0.07516	0.05167	0.01569	0.07713	0.00663	0.03157	0.00156	0.06564	0.02417	0.00322	0.00592
25	0.02462	0.02322	0.01391	0.30635	0.27988	0.09211	0.01090	0.06838	0.01025	0.04604	0.00891	0.03773	0.00740	0.00479	0.00461	0.00136	0.03413	0.01729	0.00243	0.00570

[dist]
# distance from previous block
# <min> <max>
0	2

[block]
# block no. 1 follows, 61 sequences, length 19
# corresponding to MSA columns:
# 514-532
name=unknown_B
#
# <colnr> <probs for GDERKNQSTAVLIFYWHMCP>
#	G	D	E	R	K	N	Q	S	T	A	V	L	I	F	Y	W	H	M	C	P
0	0.00938	0.00744	0.00978	0.04347	0.01113	0.05887	0.07826	0.06246	0.02780	0.08425	0.05849	0.20282	0.04142	0.00893	0.00582	0.00162	0.06980	0.19495	0.01854	0.00476
1	0.24205	0.04451	0.02390	0.01943	0.09945	0.20290	0.00687	0.01321	0.01007	0.07849	0.10620	0.01485	0.09490	0.00553	0.00406	0.00128	0.02005	0.00416	0.00302	0.00508
2	0.15307	0.00578	0.00641	0.00603	0.00677	0.00646	0.00426	0.04887	0.00739	0.01166	0.01161	0.02172	0.01238	0.47573	0.10496	0.00359	0.07311	0.03400	0.00266	0.00355
3	0.01098	0.08158	0.16374	0.04479	0.13663	0.03956	0.05419	0.01433	0.07004	0.10986	0.02696	0.01101	0.00789	0.00438	0.00442	0.00120	0.04228	0.00360	0.00272	0.16985
4	0.08776	0.06134	0.12748	0.01033	0.04772	0.09285	0.04167	0.11748	0.27736	0.06151	0.01177	0.02500	0.00894	0.00500	0.00408	0.00134	0.00473	0.00398	0.00335	0.00631
5	0.00567	0.00400	0.00522	0.00603	0.00634	0.00383	0.00416	0.00646	0.00812	0.01078	0.02175	0.58424	0.02562	0.16644	0.00857	0.00223	0.00301	0.12041	0.00374	0.00340
6	0.01100	0.00939	0.00990	0.00882	0.01131	0.01085	0.00689	0.06242	0.77397	0.01848	0.01717	0.01578	0.01286	0.00581	0.00438	0.00145	0.00348	0.00482	0.00438	0.00684
7	0.00950	0.00863	0.05119	0.00783	0.04273	0.00679	0.00626	0.02895	0.07507	0.03892	0.03861	0.01066	0.00830	0.00387	0.00370	0.00085	0.01851	0.00312	0.00284	0.63367
8	0.00607	0.00438	0.00550	0.00522	0.00629	0.00401	0.00392	0.00799	0.01175	0.01653	0.68527	0.03248	0.13295	0.00887	0.00498	0.00135	0.00205	0.00776	0.04864	0.00401
9	0.01017	0.01162	0.02542	0.01816	0.02251	0.01089	0.80610	0.01380	0.01017	0.01380	0.00871	0.01162	0.00654	0.00363	0.00508	0.00145	0.00726	0.00508	0.00218	0.00581
10	0.05505	0.04594	0.14639	0.01563	0.08446	0.01099	0.43162	0.06556	0.03144	0.03439	0.00872	0.01077	0.00656	0.00405	0.00481	0.00140	0.02950	0.00430	0.00239	0.00604
11	0.01065	0.00993	0.07020	0.22362	0.35525	0.00937	0.09511	0.01338	0.00974	0.11006	0.00975	0.04656	0.00780	0.00454	0.00441	0.00137	0.00530	0.00434	0.00252	0.00610
12	0.01343	0.00961	0.01052	0.00873	0.01151	0.01058	0.00699	0.29618	0.37514	0.11912	0.05584	0.01472	0.01215	0.00567	0.00435	0.00137	0.00380	0.00458	0.02887	0.00684
13	0.00527	0.00428	0.00469	0.00486	0.00605	0.00369	0.00359	0.00642	0.00978	0.01212	0.11609	0.18355	0.57888	0.01119	0.00519	0.00151	0.00228	0.03282	0.00407	0.00366
14	0.06448	0.04135	0.05804	0.04401	0.23757	0.07268	0.00855	0.01256	0.01003	0.10832	0.07572	0.08622	0.05578	0.00615	0.00434	0.00134	0.00433	0.05542	0.00311	0.04998
15	0.00878	0.01010	0.14627	0.00780	0.01159	0.00705	0.00728	0.01112	0.00867	0.01347	0.00770	0.00940	0.00639	0.00517	0.04622	0.00118	0.07248	0.00286	0.00236	0.61411
16	0.00662	0.00482	0.00544	0.00541	0.00660	0.00445	0.00405	0.03232	0.02131	0.04399	0.05451	0.06786	0.42444	0.17483	0.00847	0.00206	0.00300	0.12222	0.00381	0.00380
17	0.00601	0.00570	0.07232	0.00645	0.00753	0.00447	0.00514	0.02803	0.00920	0.01231	0.09636	0.51506	0.11615	0.03918	0.00584	0.00173	0.00294	0.05784	0.00385	0.00390
18	0.01156	0.12018	0.14657	0.02743	0.12825	0.15690	0.06536	0.06903	0.12423	0.02784	0.02957	0.01289	0.00896	0.00492	0.00417	0.00130	0.00546	0.04669	0.00274	0.00597

[dist]
# distance from previous block
# <min> <max>
1	4

[block]
# block no. 2 follows, 61 sequences, length 29
# corresponding to MSA columns:
# 538-566
name=unknown_C
#
# <colnr> <probs for GDERKNQSTAVLIFYWHMCP>
#	G	D	E	R	K	N	Q	S	T	A	V	L	I	F	Y	W	H	M	C	P
0	0.01164	0.09300	0.08204	0.07652	0.12454	0.23093	0.05655	0.04920	0.04029	0.01270	0.03748	0.01041	0.00753	0.00533	0.01800	0.00141	0.13094	0.00361	0.00233	0.00552
1	0.50964	0.36723	0.01325	0.00639	0.00949	0.01281	0.00582	0.01276	0.00794	0.01541	0.00599	0.00696	0.00503	0.00387	0.00271	0.00116	0.00387	0.00232	0.00232	0.00503
2	0.00581	0.00428	0.00540	0.00544	0.00634	0.00392	0.00399	0.00737	0.01075	0.01467	0.48133	0.19576	0.15985	0.03781	0.00575	0.00157	0.00229	0.03945	0.00438	0.00383
3	0.00605	0.00444	0.00538	0.00515	0.00633	0.00396	0.00386	0.00772	0.01129	0.03395	0.52171	0.06294	0.29228	0.00957	0.00508	0.00140	0.00213	0.00829	0.00449	0.00398
4	0.01184	0.00559	0.00706	0.00608	0.00802	0.00517	0.00482	0.01408	0.03921	0.32344	0.23793	0.02105	0.01960	0.00644	0.00423	0.00127	0.00276	0.03115	0.24486	0.00538
5	0.00836	0.00789	0.01333	0.76528	0.10087	0.00963	0.01208	0.01120	0.00872	0.01128	0.00770	0.01141	0.00584	0.00426	0.00430	0.00142	0.00569	0.00383	0.00193	0.00497
6	0.01933	0.00733	0.01000	0.00766	0.01100	0.00633	0.00633	0.02099	0.01233	0.82473	0.01699	0.01466	0.01066	0.00533	0.00433	0.00133	0.00367	0.00433	0.00533	0.00733
7	0.01052	0.01009	0.01723	0.07159	0.77769	0.01020	0.01315	0.01310	0.00974	0.01390	0.00808	0.01071	0.00676	0.00386	0.00427	0.00129	0.00515	0.00384	0.00212	0.00671
8	0.01071	0.00925	0.00974	0.00877	0.01120	0.01071	0.00682	0.02289	0.81396	0.01802	0.01753	0.01607	0.01315	0.00584	0.00438	0.00146	0.00341	0.00487	0.00438	0.00682
9	0.87904	0.00833	0.00633	0.00566	0.00833	0.00966	0.00467	0.01266	0.00733	0.01933	0.00600	0.00700	0.00467	0.00400	0.00267	0.00133	0.00333	0.00233	0.00267	0.00467
10	0.01071	0.00925	0.00974	0.00877	0.01120	0.01071	0.00682	0.02289	0.81396	0.01802	0.01753	0.01607	0.01315	0.00584	0.00438	0.00146	0.00341	0.00487	0.00438	0.00682
11	0.87904	0.00833	0.00633	0.00566	0.00833	0.00966	0.00467	0.01266	0.00733	0.01933	0.00600	0.00700	0.00467	0.00400	0.00267	0.00133	0.00333	0.00233	0.00267	0.00467
12	0.01066	0.01023	0.01748	0.02644	0.82174	0.01023	0.01322	0.01322	0.00981	0.01407	0.00810	0.01066	0.00682	0.00384	0.00426	0.00128	0.00512	0.00384	0.00213	0.00682
13	0.01071	0.00925	0.00974	0.00877	0.01120	0.01071	0.00682	0.02289	0.81396	0.01802	0.01753	0.01607	0.01315	0.00584	0.00438	0.00146	0.00341	0.00487	0.00438	0.00682
14	0.00574	0.00403	0.00523	0.00589	0.00618	0.00395	0.00399	0.00645	0.00777	0.01039	0.02007	0.49583	0.02346	0.23870	0.06835	0.00279	0.00372	0.08064	0.00350	0.00333
15	0.01859	0.00764	0.01008	0.00783	0.01110	0.00690	0.00643	0.04951	0.07115	0.73704	0.01679	0.01461	0.01072	0.00536	0.00433	0.00134	0.00369	0.00435	0.00523	0.00729
16	0.00626	0.00419	0.00478	0.00478	0.00480	0.00422	0.00271	0.00631	0.00629	0.00841	0.01350	0.02779	0.01549	0.81985	0.05046	0.00427	0.00444	0.00621	0.00260	0.00265
17	0.23177	0.00538	0.00580	0.00583	0.00719	0.00541	0.00431	0.00930	0.00894	0.08744	0.09916	0.38850	0.10629	0.00957	0.00458	0.00153	0.00274	0.00820	0.00385	0.00422
18	0.00563	0.00431	0.00490	0.00508	0.00619	0.00378	0.00373	0.00679	0.00974	0.02782	0.13424	0.21601	0.48111	0.03067	0.00559	0.00159	0.00238	0.04262	0.00408	0.00372
19	0.00893	0.00766	0.00893	0.00638	0.01021	0.00574	0.00510	0.01085	0.00893	0.01404	0.00766	0.00893	0.00638	0.00319	0.00319	0.00064	0.00319	0.00255	0.00255	0.87495
20	0.00665	0.00534	0.00599	0.00602	0.00735	0.00530	0.00454	0.01026	0.18487	0.01363	0.10770	0.20221	0.32748	0.01009	0.00504	0.00154	0.00263	0.06673	0.02226	0.00438
21	0.00579	0.00417	0.00494	0.00526	0.00576	0.00394	0.00352	0.00649	0.00818	0.01065	0.07642	0.24853	0.18648	0.33967	0.01185	0.00263	0.00317	0.06580	0.00350	0.00325
22	0.01030	0.06129	0.20779	0.01472	0.01888	0.08812	0.42268	0.01364	0.00978	0.01304	0.02386	0.01064	0.00674	0.00424	0.00536	0.00140	0.07547	0.00422	0.00211	0.00572
23	0.02578	0.02344	0.04129	0.06572	0.07094	0.03965	0.05626	0.12200	0.04321	0.05767	0.00866	0.01103	0.00709	0.00766	0.06671	0.00192	0.31474	0.00391	0.02681	0.00552
24	0.00873	0.00481	0.00659	0.00643	0.00758	0.00438	0.02371	0.00985	0.00952	0.18850	0.08999	0.47430	0.04732	0.01057	0.00544	0.03178	0.00283	0.00911	0.05416	0.00441
25	0.00614	0.00482	0.00638	0.00770	0.09045	0.00454	0.00499	0.00741	0.00913	0.01202	0.07095	0.29923	0.26112	0.04652	0.04779	0.00195	0.00330	0.08207	0.02955	0.00395
26	0.01176	0.07322	0.15722	0.06890	0.22255	0.13267	0.02203	0.11771	0.03901	0.03134	0.00862	0.01054	0.00685	0.00449	0.00439	0.00127	0.03102	0.01709	0.00252	0.03679
27	0.02436	0.05248	0.02543	0.10618	0.01396	0.08644	0.05207	0.09992	0.26860	0.07781	0.01401	0.02957	0.03942	0.00681	0.03858	0.00162	0.01650	0.03683	0.00348	0.00590
28	0.07170	0.00920	0.03879	0.17669	0.31760	0.02614	0.04064	0.04382	0.00949	0.02329	0.01004	0.03273	0.03522	0.04824	0.04449	0.00171	0.00524	0.00420	0.00241	0.05837

[dist]
# distance from previous block
# <min> <max>
1	11

[block]
# block no. 3 follows, 61 sequences, length 25
# corresponding to MSA columns:
# 579-603
name=unknown_D
#
# <colnr> <probs for GDERKNQSTAVLIFYWHMCP>
#	G	D	E	R	K	N	Q	S	T	A	V	L	I	F	Y	W	H	M	C	P
0	0.06550	0.07305	0.05234	0.06031	0.08530	0.08838	0.04191	0.12042	0.05016	0.03082	0.00927	0.02484	0.00775	0.02594	0.11596	0.00206	0.04584	0.00377	0.00269	0.09367
1	0.14348	0.03260	0.01064	0.05493	0.09515	0.06827	0.00780	0.13675	0.02406	0.07398	0.01202	0.01872	0.01086	0.00829	0.06491	0.00188	0.05332	0.17375	0.00320	0.00538
2	0.00617	0.00454	0.00578	0.00545	0.00653	0.00423	0.00409	0.00843	0.03491	0.01694	0.74819	0.03230	0.08849	0.00885	0.00506	0.00136	0.00208	0.00779	0.00469	0.00412
3	0.01103	0.07582	0.06104	0.02750	0.33458	0.06421	0.04898	0.08028	0.03012	0.03398	0.03253	0.01229	0.03077	0.03371	0.00597	0.00144	0.10319	0.00405	0.00253	0.00600
4	0.03845	0.00824	0.00954	0.00783	0.01040	0.00869	0.00633	0.20660	0.15451	0.27296	0.01409	0.01381	0.01003	0.00648	0.03833	0.00154	0.03251	0.00420	0.14910	0.00638
5	0.00581	0.00424	0.00546	0.00547	0.00634	0.00389	0.00398	0.00745	0.01104	0.01529	0.56272	0.23034	0.10168	0.01012	0.00518	0.00146	0.00216	0.00898	0.00450	0.00389
6	0.00560	0.00438	0.00507	0.00490	0.00613	0.00385	0.00368	0.00717	0.01103	0.01451	0.43937	0.03672	0.42247	0.00984	0.00509	0.00140	0.00211	0.00843	0.00438	0.00385
7	0.00569	0.00432	0.00511	0.00506	0.00608	0.00389	0.00369	0.00708	0.01039	0.01377	0.37818	0.10249	0.32210	0.08925	0.00673	0.00170	0.00237	0.02417	0.00419	0.00372
8	0.01689	0.00821	0.00997	0.00787	0.01088	0.03038	0.00641	0.14531	0.05472	0.54165	0.07812	0.01527	0.01247	0.00557	0.00433	0.00132	0.00375	0.00450	0.03551	0.00687
9	0.00893	0.00766	0.00893	0.00638	0.01021	0.00574	0.00510	0.01085	0.00893	0.01404	0.00766	0.00893	0.00638	0.00319	0.00319	0.00064	0.00319	0.00255	0.00255	0.87495
10	0.01071	0.00925	0.00974	0.00877	0.01120	0.01071	0.00682	0.02289	0.81396	0.01802	0.01753	0.01607	0.01315	0.00584	0.00438	0.00146	0.00341	0.00487	0.00438	0.00682
11	0.00813	0.00766	0.01292	0.83826	0.02967	0.00957	0.01196	0.01101	0.00861	0.01101	0.00766	0.01148	0.00574	0.00431	0.00431	0.00144	0.00574	0.00383	0.00191	0.00479
12	0.01152	0.85121	0.02257	0.00737	0.01106	0.01704	0.00737	0.01290	0.00875	0.01013	0.00599	0.00691	0.00553	0.00369	0.00276	0.00092	0.00461	0.00230	0.00184	0.00553
13	0.00525	0.00375	0.00500	0.00600	0.00625	0.00350	0.00400	0.00600	0.00825	0.01100	0.02374	0.84580	0.02849	0.01350	0.00550	0.00175	0.00250	0.01225	0.00400	0.00350
14	0.01933	0.00733	0.01000	0.00766	0.01100	0.00633	0.00633	0.02099	0.01233	0.82473	0.01699	0.01466	0.01066	0.00533	0.00433	0.00133	0.00367	0.00433	0.00533	0.00733
15	0.00723	0.00566	0.02207	0.00725	0.00846	0.00532	0.06729	0.04770	0.04351	0.04630	0.03822	0.43535	0.09351	0.08305	0.05454	0.00214	0.00379	0.02073	0.00370	0.00420
16	0.01017	0.01162	0.02542	0.01816	0.02251	0.01089	0.80610	0.01380	0.01017	0.01380	0.00871	0.01162	0.00654	0.00363	0.00508	0.00145	0.00726	0.00508	0.00218	0.00581
17	0.00640	0.00574	0.00553	0.00533	0.00697	0.03394	0.00403	0.00932	0.14240	0.01265	0.03803	0.03609	0.65839	0.00985	0.00493	0.00144	0.00258	0.00817	0.00400	0.00421
18	0.00997	0.07220	0.27627	0.11840	0.09340	0.01038	0.11037	0.07187	0.04413	0.03893	0.00903	0.01157	0.00712	0.05215	0.02942	0.00168	0.03100	0.00389	0.00237	0.00587
19	0.01307	0.18976	0.11782	0.06121	0.01449	0.09884	0.06892	0.14274	0.06515	0.13932	0.01022	0.01149	0.00776	0.01967	0.00432	0.00131	0.00521	0.01951	0.00307	0.00612
20	0.04760	0.04464	0.59893	0.01126	0.01671	0.05060	0.01346	0.08286	0.01036	0.07235	0.00843	0.00938	0.00596	0.00427	0.00402	0.00133	0.00592	0.00324	0.00234	0.00635
21	0.00615	0.00452	0.00562	0.00580	0.00667	0.00441	0.00423	0.00773	0.04186	0.02714	0.12205	0.24339	0.20977	0.10305	0.14621	0.00275	0.00420	0.04695	0.00370	0.00380
22	0.02237	0.03483	0.13125	0.10447	0.16664	0.07840	0.04970	0.04502	0.03736	0.05498	0.02083	0.08250	0.03241	0.00590	0.00529	0.00143	0.08010	0.03821	0.00269	0.00560
23	0.01061	0.03595	0.05022	0.06754	0.62165	0.04557	0.01228	0.03686	0.01002	0.01386	0.00877	0.05105	0.00768	0.00441	0.00426	0.00130	0.00516	0.00413	0.00226	0.00643
24	0.00560	0.00414	0.00514	0.00549	0.00620	0.00380	0.00389	0.00677	0.00957	0.01273	0.24632	0.36151	0.19202	0.07571	0.00658	0.00178	0.00250	0.04254	0.00410	0.00363

[dist]
# distance from previous block
# <min> <max>
24	51

[block]
# block no. 4 follows, 61 sequences, length 18
# corresponding to MSA columns:
# 686-703
name=unknown_E
#
# <colnr> <probs for GDERKNQSTAVLIFYWHMCP>
#	G	D	E	R	K	N	Q	S	T	A	V	L	I	F	Y	W	H	M	C	P
0	0.00948	0.13046	0.06088	0.10771	0.06171	0.04116	0.06155	0.07157	0.02712	0.03713	0.04466	0.09079	0.03146	0.07192	0.10282	0.00221	0.02152	0.01802	0.00277	0.00504
1	0.01017	0.00859	0.01179	0.22436	0.15391	0.05494	0.03088	0.02642	0.03918	0.08610	0.10646	0.01411	0.02725	0.00482	0.00418	0.00121	0.00447	0.00420	0.00292	0.18403
2	0.01028	0.00875	0.04805	0.00708	0.01096	0.00671	0.00599	0.08802	0.01024	0.06556	0.00850	0.00943	0.00669	0.00356	0.00341	0.00078	0.00352	0.00282	0.00286	0.69680
3	0.01397	0.04543	0.11114	0.01053	0.03275	0.24319	0.05843	0.16884	0.01262	0.12349	0.00916	0.00979	0.00678	0.00438	0.00399	0.00116	0.00559	0.00336	0.00302	0.13236
4	0.00580	0.00450	0.00481	0.00471	0.00617	0.00382	0.00358	0.00705	0.01021	0.04338	0.13779	0.03946	0.67389	0.01046	0.00508	0.00145	0.00226	0.02760	0.00414	0.00384
5	0.00658	0.00454	0.00570	0.00541	0.00660	0.00410	0.00409	0.00835	0.01153	0.05812	0.57651	0.06449	0.19212	0.00929	0.00508	0.00140	0.00221	0.02518	0.00458	0.00413
6	0.00645	0.00469	0.00547	0.00514	0.00651	0.00418	0.00389	0.02642	0.01129	0.04990	0.40861	0.03518	0.39742	0.00954	0.00503	0.00140	0.00224	0.00815	0.00442	0.00408
7	0.14483	0.00728	0.00900	0.00716	0.01015	0.00680	0.00586	0.01876	0.04538	0.59945	0.05732	0.01456	0.01147	0.00533	0.00408	0.00133	0.00346	0.00423	0.03693	0.00662
8	0.01071	0.00925	0.00974	0.00877	0.01120	0.01071	0.00682	0.02289	0.81396	0.01802	0.01753	0.01607	0.01315	0.00584	0.00438	0.00146	0.00341	0.00487	0.00438	0.00682
9	0.00893	0.00766	0.00893	0.00638	0.01021	0.00574	0.00510	0.01085	0.00893	0.01404	0.00766	0.00893	0.00638	0.00319	0.00319	0.00064	0.00319	0.00255	0.00255	0.87495
10	0.87904	0.00833	0.00633	0.00566	0.00833	0.00966	0.00467	0.01266	0.00733	0.01933	0.00600	0.00700	0.00467	0.00400	0.00267	0.00133	0.00333	0.00233	0.00267	0.00467
11	0.00813	0.00766	0.01292	0.83826	0.02967	0.00957	0.01196	0.01101	0.00861	0.01101	0.00766	0.01148	0.00574	0.00431	0.00431	0.00144	0.00574	0.00383	0.00191	0.00479
12	0.00545	0.00389	0.00495	0.00570	0.00602	0.00366	0.00378	0.00612	0.00807	0.01065	0.02350	0.63110	0.08501	0.15258	0.00822	0.00214	0.00279	0.02924	0.00377	0.00337
13	0.00739	0.00948	0.17054	0.00772	0.02620	0.08020	0.00692	0.00926	0.00947	0.03114	0.02494	0.24301	0.28857	0.00987	0.02313	0.00162	0.00398	0.03875	0.00336	0.00444
14	0.01341	0.54934	0.01891	0.02760	0.04845	0.01359	0.02978	0.01502	0.00977	0.22386	0.00908	0.00935	0.00696	0.00414	0.00334	0.00107	0.00448	0.00302	0.00278	0.00605
15	0.00814	0.11338	0.04584	0.00715	0.00891	0.07822	0.00604	0.01074	0.07685	0.01362	0.21900	0.12483	0.09293	0.00856	0.00475	0.00145	0.00358	0.15042	0.02105	0.00454
16	0.00543	0.00397	0.00513	0.00594	0.00645	0.00368	0.00418	0.00639	0.00879	0.01154	0.06210	0.62822	0.13263	0.01279	0.00547	0.00171	0.00258	0.08537	0.00403	0.00359
17	0.02778	0.14288	0.17398	0.12518	0.06919	0.02308	0.13066	0.15404	0.07319	0.02636	0.00891	0.01034	0.00673	0.00432	0.00411	0.00130	0.00547	0.00371	0.00262	0.00613

[dist]
# distance from previous block
# <min> <max>
2	5

[block]
# block no. 5 follows, 61 sequences, length 39
# corresponding to MSA columns:
# 709-747
name=unknown_F
#
# <colnr> <probs for GDERKNQSTAVLIFYWHMCP>
#	G	D	E	R	K	N	Q	S	T	A	V	L	I	F	Y	W	H	M	C	P
0	0.04616	0.09451	0.06440	0.09198	0.02534	0.11910	0.05393	0.04871	0.02844	0.27960	0.01129	0.04053	0.00837	0.00491	0.00421	0.00127	0.01803	0.00393	0.00337	0.05191
1	0.01115	0.05634	0.13455	0.08175	0.34100	0.05315	0.04416	0.09861	0.03139	0.04318	0.00996	0.01154	0.03699	0.00442	0.00420	0.00128	0.00526	0.00387	0.00254	0.02466
2	0.01027	0.00650	0.00840	0.03883	0.05128	0.00680	0.00592	0.11701	0.01007	0.14312	0.01434	0.05281	0.03112	0.21288	0.08967	0.02655	0.04323	0.07087	0.05561	0.00475
3	0.00631	0.00421	0.00483	0.00492	0.00501	0.00420	0.00293	0.00650	0.00661	0.00888	0.01446	0.05454	0.01652	0.75312	0.02003	0.00390	0.00406	0.05459	0.02163	0.00275
4	0.02399	0.02893	0.03978	0.13669	0.27668	0.03469	0.01019	0.18754	0.12584	0.05235	0.01011	0.01134	0.00769	0.00455	0.00420	0.00130	0.00485	0.00387	0.00304	0.03240
5	0.04194	0.23317	0.07919	0.04015	0.06947	0.15799	0.03233	0.04238	0.00937	0.02310	0.00792	0.01089	0.00706	0.07744	0.07026	0.01399	0.07256	0.00344	0.00222	0.00514
6	0.00565	0.00413	0.00531	0.00556	0.00630	0.00379	0.00396	0.00705	0.01032	0.01412	0.41325	0.37205	0.11062	0.01096	0.00526	0.00153	0.00224	0.00977	0.00436	0.00379
7	0.01073	0.33441	0.10299	0.09516	0.18549	0.03168	0.08762	0.03100	0.05886	0.01263	0.00786	0.00949	0.00642	0.00400	0.00375	0.00119	0.00527	0.00334	0.00216	0.00595
8	0.00760	0.00663	0.00693	0.00667	0.00738	0.09889	0.00478	0.00887	0.03759	0.01006	0.03968	0.02130	0.04714	0.33338	0.30106	0.00437	0.04610	0.00529	0.00262	0.00366
9	0.00842	0.00769	0.01238	0.23275	0.35959	0.00806	0.00987	0.01062	0.00948	0.01286	0.09042	0.06073	0.10720	0.04528	0.00534	0.00151	0.00446	0.00538	0.00266	0.00528
10	0.00601	0.00457	0.00554	0.00527	0.00645	0.00420	0.00396	0.00817	0.04141	0.01584	0.58832	0.03398	0.24184	0.00924	0.00506	0.00138	0.00212	0.00802	0.00454	0.00406
11	0.00551	0.00418	0.00542	0.00583	0.00654	0.00411	0.00420	0.00659	0.00828	0.01093	0.04093	0.37258	0.21600	0.03543	0.24898	0.00324	0.00511	0.00902	0.00349	0.00363
12	0.01152	0.85121	0.02257	0.00737	0.01106	0.01704	0.00737	0.01290	0.00875	0.01013	0.00599	0.00691	0.00553	0.00369	0.00276	0.00092	0.00461	0.00230	0.00184	0.00553
13	0.00864	0.02228	0.82630	0.01228	0.01864	0.01000	0.01592	0.01364	0.00909	0.01364	0.00773	0.00909	0.00546	0.00409	0.00409	0.00136	0.00637	0.00318	0.00182	0.00637
14	0.01933	0.00733	0.01000	0.00766	0.01100	0.00633	0.00633	0.02099	0.01233	0.82473	0.01699	0.01466	0.01066	0.00533	0.00433	0.00133	0.00367	0.00433	0.00533	0.00733
15	0.01152	0.85121	0.02257	0.00737	0.01106	0.01704	0.00737	0.01290	0.00875	0.01013	0.00599	0.00691	0.00553	0.00369	0.00276	0.00092	0.00461	0.00230	0.00184	0.00553
16	0.00844	0.01059	0.17243	0.53978	0.04392	0.00952	0.01192	0.01255	0.08396	0.01255	0.04657	0.01239	0.00804	0.00461	0.00431	0.00142	0.00546	0.00398	0.00226	0.00530
17	0.00533	0.00384	0.00507	0.00603	0.00637	0.00358	0.00412	0.00616	0.00840	0.01112	0.02452	0.77100	0.06119	0.01330	0.00550	0.00175	0.00256	0.05263	0.00400	0.00353
18	0.00542	0.00380	0.00499	0.00588	0.00620	0.00355	0.00396	0.00630	0.00849	0.01156	0.06460	0.76476	0.02830	0.01286	0.00536	0.00169	0.00245	0.01163	0.04466	0.00355
19	0.03881	0.33399	0.25919	0.00987	0.01423	0.05844	0.04796	0.12614	0.01086	0.05217	0.00781	0.00868	0.00602	0.00414	0.00362	0.00117	0.00537	0.00304	0.00241	0.00607
20	0.03035	0.05205	0.03509	0.00818	0.01047	0.04968	0.13241	0.01029	0.02952	0.04309	0.09842	0.02656	0.34625	0.00777	0.00516	0.00140	0.04295	0.03485	0.00339	0.03212
21	0.69574	0.09258	0.00863	0.00641	0.00917	0.07390	0.00534	0.04172	0.00831	0.01802	0.00620	0.00717	0.00491	0.00404	0.00283	0.00127	0.00385	0.00242	0.00261	0.00487
22	0.00626	0.00418	0.00470	0.00470	0.00470	0.00418	0.00261	0.00626	0.00626	0.00835	0.01357	0.02819	0.01566	0.84862	0.02192	0.00418	0.00418	0.00626	0.00261	0.00261
23	0.04244	0.06822	0.20748	0.03500	0.38330	0.01016	0.05993	0.03692	0.00973	0.03110	0.00921	0.07035	0.00796	0.00466	0.00421	0.00133	0.00522	0.00422	0.00233	0.00623
24	0.00974	0.18915	0.30888	0.03084	0.06091	0.01061	0.05277	0.04998	0.03875	0.02482	0.03337	0.03592	0.00841	0.04829	0.00483	0.00137	0.00511	0.00378	0.00238	0.08009
25	0.01238	0.42351	0.07789	0.00871	0.01219	0.05071	0.04183	0.04703	0.11062	0.12011	0.03192	0.01038	0.00825	0.00452	0.00380	0.00116	0.02282	0.00334	0.00283	0.00599
26	0.00530	0.00389	0.00498	0.00577	0.00625	0.00358	0.00396	0.00619	0.00870	0.01142	0.06426	0.67478	0.14331	0.01287	0.00543	0.00169	0.00246	0.02758	0.00403	0.00356
27	0.01002	0.15363	0.32117	0.07718	0.02815	0.11080	0.02887	0.05706	0.00995	0.01290	0.02043	0.10347	0.02259	0.00542	0.00427	0.00132	0.02054	0.00432	0.00235	0.00555
28	0.01139	0.09929	0.15019	0.10061	0.05661	0.07707	0.08250	0.12048	0.06230	0.07545	0.02735	0.03515	0.00896	0.02286	0.03386	0.00158	0.00553	0.02010	0.00287	0.00586
29	0.00517	0.00438	0.00447	0.00449	0.00592	0.00368	0.00340	0.00630	0.00987	0.01179	0.05859	0.04148	0.78065	0.01090	0.00512	0.00147	0.00223	0.03242	0.00401	0.00365
30	0.01196	0.18929	0.03052	0.00879	0.01145	0.07741	0.02453	0.27513	0.03810	0.01705	0.07541	0.01672	0.05611	0.02450	0.00517	0.00138	0.05392	0.07356	0.00333	0.00568
31	0.09204	0.20178	0.13423	0.08677	0.09134	0.07198	0.03424	0.13463	0.03266	0.06954	0.00844	0.00951	0.00644	0.00429	0.00377	0.00123	0.00514	0.00328	0.00266	0.00602
32	0.00925	0.00904	0.05689	0.08746	0.07630	0.05042	0.04684	0.07771	0.18852	0.01491	0.05872	0.11735	0.08445	0.00779	0.02132	0.00159	0.00438	0.07822	0.00346	0.00537
33	0.00525	0.00384	0.00491	0.00575	0.00616	0.00353	0.00387	0.00603	0.00842	0.01103	0.02625	0.71870	0.13655	0.03052	0.00578	0.00176	0.00249	0.01169	0.00397	0.00350
34	0.01188	0.02414	0.03955	0.14303	0.23632	0.29423	0.02264	0.01445	0.05055	0.02978	0.02934	0.01172	0.00798	0.00585	0.04190	0.00153	0.00627	0.02086	0.00241	0.00557
35	0.06045	0.10327	0.26060	0.06662	0.14411	0.02005	0.05904	0.13137	0.07292	0.01579	0.00892	0.01060	0.00688	0.00441	0.00405	0.00132	0.00533	0.01549	0.00255	0.00624
36	0.00829	0.00618	0.00648	0.00666	0.02429	0.08578	0.00471	0.00942	0.00983	0.11214	0.09125	0.36767	0.19640	0.02285	0.00523	0.00155	0.00312	0.00881	0.02508	0.00426
37	0.01309	0.01460	0.01300	0.23444	0.08850	0.40270	0.00979	0.09628	0.01151	0.01268	0.00737	0.00939	0.00590	0.00462	0.00472	0.00128	0.05917	0.00333	0.00232	0.00532
38	0.04094	0.04439	0.12949	0.01094	0.04647	0.03764	0.12443	0.17801	0.10110	0.11761	0.11316	0.01396	0.01197	0.00517	0.00437	0.00134	0.00478	0.00446	0.00352	0.00624

[dist]
# distance from previous block
# <min> <max>
1	10

[block]
# block no. 6 follows, 61 sequences, length 27
# corresponding to MSA columns:
# 759-785
name=unknown_G
#
# <colnr> <probs for GDERKNQSTAVLIFYWHMCP>
#	G	D	E	R	K	N	Q	S	T	A	V	L	I	F	Y	W	H	M	C	P
0	0.03850	0.18167	0.10856	0.00967	0.07942	0.04976	0.00807	0.05958	0.08746	0.07104	0.00902	0.00974	0.00705	0.00405	0.00357	0.00104	0.00438	0.00311	0.00275	0.26155
1	0.01030	0.13601	0.14548	0.01065	0.07182	0.05382	0.07716	0.05382	0.08713	0.04561	0.06958	0.06640	0.01176	0.00549	0.00419	0.00127	0.00468	0.04370	0.00294	0.09820
2	0.00986	0.00946	0.03269	0.01281	0.17895	0.02427	0.00885	0.05287	0.06911	0.01362	0.02376	0.04146	0.00863	0.00584	0.00750	0.00140	0.28853	0.02397	0.00257	0.18385
3	0.00601	0.00500	0.02035	0.00534	0.00655	0.00438	0.00395	0.00757	0.04900	0.01160	0.05464	0.15565	0.38195	0.17873	0.00842	0.00202	0.00290	0.04501	0.00365	0.04729
4	0.00969	0.00920	0.01544	0.33902	0.48684	0.01000	0.01250	0.01272	0.03842	0.01303	0.00827	0.01117	0.00663	0.00409	0.00429	0.00135	0.00530	0.00387	0.00213	0.00604
5	0.01214	0.01017	0.01043	0.00894	0.01151	0.05182	0.00707	0.24024	0.47916	0.01990	0.06277	0.01505	0.01271	0.00659	0.03029	0.00156	0.00417	0.00466	0.00421	0.00661
6	0.00610	0.00430	0.00563	0.00629	0.00691	0.00412	0.00456	0.00761	0.03789	0.02833	0.11278	0.54433	0.04814	0.03215	0.00584	0.00177	0.00276	0.13257	0.00408	0.00381
7	0.00541	0.00386	0.00516	0.00613	0.00644	0.00364	0.00422	0.00625	0.00834	0.01110	0.02344	0.76061	0.02790	0.03158	0.00589	0.00182	0.00266	0.07806	0.00397	0.00352
8	0.00622	0.00420	0.00491	0.00493	0.00503	0.00425	0.00291	0.00642	0.00655	0.00882	0.03716	0.05257	0.01640	0.73502	0.08391	0.00423	0.00463	0.00636	0.00269	0.00278
9	0.01637	0.01207	0.01293	0.00991	0.01336	0.01336	0.00819	0.80738	0.02025	0.02715	0.01034	0.01034	0.00733	0.00517	0.00431	0.00129	0.00474	0.00388	0.00431	0.00733
10	0.01933	0.00733	0.01000	0.00766	0.01100	0.00633	0.00633	0.02099	0.01233	0.82473	0.01699	0.01466	0.01066	0.00533	0.00433	0.00133	0.00367	0.00433	0.00533	0.00733
11	0.01071	0.00925	0.00974	0.00877	0.01120	0.01071	0.00682	0.02289	0.81396	0.01802	0.01753	0.01607	0.01315	0.00584	0.00438	0.00146	0.00341	0.00487	0.00438	0.00682
12	0.00592	0.00440	0.00555	0.00593	0.00678	0.00413	0.00445	0.00757	0.02959	0.01332	0.25068	0.29612	0.16842	0.03087	0.00575	0.00168	0.00263	0.14821	0.00418	0.00383
13	0.11244	0.56090	0.01841	0.00786	0.01127	0.08648	0.00726	0.12787	0.01055	0.01368	0.00668	0.00749	0.00569	0.00400	0.00307	0.00104	0.00475	0.00257	0.00233	0.00564
14	0.01118	0.29986	0.14011	0.07975	0.22951	0.04114	0.01068	0.05410	0.02007	0.03937	0.00769	0.00925	0.00624	0.00414	0.00402	0.00120	0.03022	0.00321	0.00221	0.00606
15	0.03530	0.07623	0.03350	0.10760	0.15043	0.23884	0.05927	0.13227	0.02407	0.07254	0.00869	0.01003	0.00667	0.00440	0.00405	0.00124	0.00576	0.00351	0.01969	0.00591
16	0.00633	0.00476	0.00591	0.00566	0.00681	0.00452	0.00429	0.00894	0.06942	0.01631	0.61393	0.05093	0.13281	0.00909	0.00508	0.00141	0.00225	0.04279	0.00457	0.00419
17	0.01002	0.10980	0.07300	0.03142	0.05915	0.03058	0.23796	0.08391	0.09696	0.01390	0.01110	0.07530	0.00996	0.11011	0.02634	0.00184	0.00547	0.00500	0.00273	0.00546
18	0.05367	0.15253	0.19982	0.05684	0.13443	0.08614	0.04783	0.08558	0.06454	0.01443	0.02307	0.01058	0.01609	0.00527	0.03022	0.00144	0.00557	0.00355	0.00246	0.00594
19	0.00581	0.00401	0.00495	0.00548	0.00565	0.00389	0.00349	0.00627	0.00739	0.00984	0.01890	0.42137	0.02226	0.40731	0.01327	0.00291	0.00336	0.04741	0.00334	0.00310
20	0.06075	0.00804	0.01022	0.00788	0.01119	0.00747	0.00651	0.12952	0.01318	0.67505	0.01554	0.01369	0.00991	0.00524	0.00425	0.00133	0.00380	0.00417	0.00506	0.00720
21	0.05219	0.04175	0.13257	0.10914	0.17032	0.15589	0.08725	0.04826	0.01050	0.05347	0.04465	0.01229	0.00844	0.00473	0.00443	0.00133	0.02225	0.03227	0.00253	0.00573
22	0.09072	0.06841	0.08995	0.03966	0.17004	0.21166	0.05930	0.11377	0.04310	0.03498	0.03323	0.01025	0.00750	0.00445	0.00400	0.00126	0.00560	0.00354	0.00267	0.00592
23	0.00745	0.00633	0.00830	0.00775	0.03398	0.00669	0.04525	0.00998	0.09345	0.03891	0.14640	0.08454	0.33499	0.00892	0.00651	0.00152	0.14357	0.00726	0.00369	0.00453
24	0.00604	0.00460	0.00569	0.00626	0.00736	0.00429	0.00513	0.00752	0.00967	0.01214	0.03117	0.10953	0.34811	0.02785	0.00587	0.00179	0.00313	0.39610	0.00396	0.00377
25	0.36336	0.01374	0.01015	0.03581	0.04093	0.35429	0.00720	0.05302	0.01009	0.01502	0.00659	0.00791	0.00534	0.00446	0.00407	0.00127	0.05648	0.00278	0.00247	0.00502
26	0.02334	0.02672	0.14177	0.13492	0.37748	0.04957	0.01172	0.01273	0.00937	0.01330	0.00771	0.00999	0.00624	0.00399	0.00431	0.00123	0.02951	0.00345	0.00211	0.13056

[dist]
# distance from previous block
# <min> <max>
0	1

[block]
# block no. 7 follows, 61 sequences, length 9
# corresponding to MSA columns:
# 787-795
name=unknown_H
#
# <colnr> <probs for GDERKNQSTAVLIFYWHMCP>
#	G	D	E	R	K	N	Q	S	T	A	V	L	I	F	Y	W	H	M	C	P
0	0.08654	0.28648	0.18965	0.04362	0.09650	0.09094	0.07085	0.02853	0.04601	0.01310	0.00752	0.00886	0.00604	0.00403	0.00364	0.00120	0.00542	0.00311	0.00216	0.00580
1	0.00705	0.00459	0.00579	0.00571	0.00647	0.00497	0.00420	0.03647	0.00791	0.01205	0.01303	0.04574	0.01229	0.18798	0.37371	0.00430	0.00678	0.00500	0.25220	0.00376
2	0.00871	0.07370	0.10236	0.03951	0.16642	0.02734	0.00841	0.01215	0.12166	0.01309	0.02732	0.23607	0.01385	0.00772	0.02822	0.00155	0.02993	0.00602	0.00296	0.07301
3	0.00622	0.00434	0.00555	0.00555	0.00585	0.00464	0.00367	0.00681	0.00652	0.00898	0.01279	0.02387	0.01378	0.53538	0.33259	0.00523	0.00700	0.00563	0.00249	0.00308
4	0.00525	0.00422	0.00468	0.00487	0.00599	0.00365	0.00354	0.00637	0.00972	0.01214	0.12940	0.23038	0.54214	0.01127	0.00519	0.00151	0.00224	0.00968	0.00409	0.00365
5	0.01292	0.59678	0.01940	0.00851	0.01175	0.26645	0.00766	0.01422	0.00981	0.01026	0.00619	0.00717	0.00553	0.00392	0.00311	0.00098	0.00557	0.00245	0.00196	0.00536
6	0.01041	0.00752	0.00822	0.00738	0.00946	0.00828	0.00573	0.01854	0.49693	0.08822	0.11437	0.01790	0.01588	0.00601	0.00421	0.00135	0.00300	0.00502	0.16554	0.00601
7	0.00845	0.00760	0.00782	0.00773	0.05217	0.11656	0.00549	0.04570	0.07468	0.01641	0.53060	0.02597	0.06843	0.00766	0.00479	0.00133	0.00320	0.00657	0.00418	0.00468
8	0.07912	0.37312	0.06074	0.00865	0.03847	0.06840	0.00763	0.08148	0.02660	0.03239	0.03300	0.00906	0.00716	0.00428	0.00383	0.00108	0.04435	0.00295	0.00247	0.11522

[dist]
# distance from previous block
# <min> <max>
0	2

[block]
# block no. 8 follows, 61 sequences, length 33
# corresponding to MSA columns:
# 798-830
name=unknown_I
#
# <colnr> <probs for GDERKNQSTAVLIFYWHMCP>
#	G	D	E	R	K	N	Q	S	T	A	V	L	I	F	Y	W	H	M	C	P
0	0.03160	0.16101	0.52344	0.01065	0.01591	0.01116	0.01262	0.07438	0.02603	0.08221	0.00856	0.00937	0.00618	0.00424	0.00387	0.00128	0.00559	0.00319	0.00238	0.00634
1	0.02748	0.00881	0.02854	0.00782	0.01132	0.02802	0.05014	0.09451	0.04232	0.08486	0.01006	0.05821	0.00832	0.00437	0.00372	0.00095	0.00377	0.00365	0.00308	0.52004
2	0.00941	0.04351	0.69331	0.01239	0.01832	0.02868	0.07592	0.01399	0.00936	0.04432	0.00809	0.00941	0.00574	0.00410	0.00414	0.00135	0.00632	0.00334	0.00199	0.00631
3	0.01302	0.00687	0.00855	0.00709	0.00948	0.00659	0.00566	0.07893	0.11615	0.35760	0.26925	0.02153	0.06679	0.00679	0.00461	0.00136	0.00312	0.00572	0.00487	0.00603
4	0.01049	0.01105	0.01310	0.01112	0.01200	0.13381	0.04144	0.01228	0.05511	0.01119	0.00674	0.00963	0.00616	0.00657	0.01104	0.00166	0.58569	0.00367	0.00213	0.05512
5	0.00944	0.08775	0.66887	0.01237	0.04456	0.01061	0.04009	0.03386	0.00948	0.03299	0.00792	0.00922	0.00571	0.00409	0.00403	0.00133	0.00611	0.00324	0.00199	0.00634
6	0.01325	0.01475	0.01364	0.05348	0.27016	0.39392	0.00989	0.06884	0.03934	0.01313	0.00849	0.02566	0.00725	0.00477	0.00440	0.00126	0.02607	0.02352	0.00246	0.00573
7	0.00530	0.00437	0.00465	0.00458	0.00594	0.00372	0.00344	0.00658	0.01031	0.01279	0.20265	0.03955	0.66026	0.01048	0.00509	0.00143	0.00215	0.00882	0.00415	0.00372
8	0.01112	0.20395	0.19433	0.03084	0.06152	0.05754	0.01027	0.04719	0.03775	0.06517	0.00779	0.00943	0.00631	0.00513	0.00656	0.00139	0.23231	0.00334	0.00231	0.00576
9	0.01017	0.01162	0.02542	0.01816	0.02251	0.01089	0.80610	0.01380	0.01017	0.01380	0.00871	0.01162	0.00654	0.00363	0.00508	0.00145	0.00726	0.00508	0.00218	0.00581
10	0.03137	0.00979	0.01169	0.05443	0.11941	0.03462	0.03300	0.24617	0.23828	0.03940	0.05257	0.01584	0.08284	0.00573	0.00441	0.00136	0.00422	0.00478	0.00377	0.00633
11	0.00580	0.00402	0.00529	0.00597	0.00650	0.00373	0.00417	0.00683	0.00907	0.03249	0.13841	0.62918	0.06981	0.01241	0.00541	0.00168	0.00252	0.04886	0.00414	0.00371
12	0.00594	0.00441	0.00561	0.00534	0.00641	0.00408	0.00402	0.00779	0.01148	0.01591	0.64443	0.03272	0.16418	0.01061	0.05646	0.00172	0.00265	0.00780	0.00447	0.00398
13	0.00769	0.00836	0.09167	0.08522	0.16197	0.00710	0.06968	0.01063	0.05900	0.01376	0.16180	0.07329	0.20701	0.00726	0.00476	0.00142	0.00394	0.01712	0.00326	0.00503
14	0.02841	0.00873	0.00927	0.00792	0.01032	0.00972	0.00628	0.23619	0.36737	0.04045	0.04742	0.01494	0.01202	0.00557	0.00409	0.00131	0.00345	0.00448	0.17579	0.00626
15	0.01084	0.18771	0.30606	0.01355	0.16427	0.07023	0.05153	0.04155	0.03520	0.03470	0.00805	0.00937	0.00626	0.00405	0.00387	0.00121	0.00557	0.00327	0.00222	0.04047
16	0.05006	0.24143	0.02372	0.02028	0.03824	0.15385	0.00802	0.25879	0.09292	0.02818	0.00884	0.00943	0.00693	0.00469	0.00412	0.00120	0.03688	0.00329	0.00301	0.00612
17	0.09187	0.00540	0.00589	0.00565	0.00678	0.00547	0.00403	0.04097	0.05710	0.04928	0.04541	0.10100	0.19172	0.29628	0.04832	0.00265	0.00372	0.03111	0.00344	0.00391
18	0.07012	0.00708	0.04099	0.00702	0.02685	0.02572	0.00543	0.03084	0.03506	0.25439	0.04953	0.02139	0.13098	0.19298	0.08059	0.00246	0.00442	0.00539	0.00373	0.00502
19	0.01043	0.32540	0.23545	0.01103	0.04702	0.02450	0.05225	0.04265	0.00897	0.01213	0.00679	0.00858	0.00571	0.00470	0.00584	0.00131	0.18645	0.00313	0.00197	0.00570
20	0.01459	0.01297	0.01319	0.01302	0.16350	0.17538	0.00893	0.44048	0.04525	0.02041	0.01000	0.04426	0.00796	0.00514	0.00427	0.00128	0.00527	0.00403	0.00348	0.00659
21	0.00622	0.00491	0.00637	0.00626	0.00711	0.00508	0.01859	0.00755	0.02170	0.01132	0.08786	0.11291	0.23202	0.15190	0.17771	0.00311	0.05922	0.07311	0.00332	0.00372
22	0.02894	0.00898	0.10076	0.00845	0.01060	0.07037	0.07153	0.01155	0.04028	0.09206	0.16740	0.07344	0.05736	0.04215	0.15072	0.00247	0.03856	0.00564	0.01390	0.00485
23	0.07318	0.00849	0.04323	0.00791	0.01116	0.00760	0.00673	0.11005	0.05279	0.56239	0.05970	0.01448	0.01146	0.00539	0.00426	0.00134	0.00377	0.00432	0.00482	0.00691
24	0.01377	0.00745	0.00909	0.00742	0.00999	0.00715	0.00586	0.14992	0.06759	0.34441	0.05337	0.09313	0.01361	0.08162	0.00595	0.00157	0.00362	0.01755	0.01866	0.08827
25	0.00621	0.00444	0.00529	0.00541	0.00634	0.00407	0.00388	0.02204	0.00965	0.03728	0.18087	0.25491	0.27561	0.12171	0.00742	0.00189	0.00267	0.04256	0.00400	0.00374
26	0.03644	0.16999	0.09367	0.01232	0.12377	0.06518	0.08285	0.21755	0.02277	0.05771	0.02417	0.02528	0.00776	0.00519	0.02034	0.00137	0.02076	0.00378	0.00290	0.00621
27	0.00878	0.04298	0.09002	0.00903	0.04061	0.00843	0.00743	0.02944	0.02057	0.06836	0.01086	0.06373	0.01038	0.14010	0.22677	0.00337	0.20711	0.00481	0.00257	0.00465
28	0.00551	0.00428	0.00491	0.00504	0.00614	0.00378	0.00373	0.00683	0.01012	0.01309	0.23286	0.17861	0.43846	0.01073	0.00514	0.00149	0.00226	0.03838	0.02489	0.00374
29	0.02520	0.00859	0.05602	0.08904	0.17043	0.04050	0.03789	0.02652	0.04229	0.05324	0.03287	0.13433	0.12559	0.04260	0.03258	0.00175	0.06650	0.00597	0.00299	0.00509
30	0.06217	0.17958	0.06688	0.09962	0.09909	0.10037	0.10133	0.11211	0.05559	0.05916	0.00890	0.02103	0.00698	0.00441	0.00395	0.00126	0.00534	0.00363	0.00267	0.00593
31	0.01008	0.01183	0.09837	0.11680	0.13562	0.15440	0.11715	0.01236	0.00975	0.03060	0.04352	0.06968	0.06949	0.02191	0.00568	0.00146	0.07865	0.00491	0.00252	0.00524
32	0.02405	0.00511	0.00657	0.03031	0.03405	0.00487	0.00512	0.02324	0.02344	0.07909	0.19111	0.24749	0.18168	0.01011	0.00513	0.00156	0.00288	0.11578	0.00412	0.00431

[dist]
# distance from previous block
# <min> <max>
1	42

[block]
# block no. 9 follows, 61 sequences, length 27
# corresponding to MSA columns:
# 873-899
name=unknown_J
#
# <colnr> <probs for GDERKNQSTAVLIFYWHMCP>
#	G	D	E	R	K	N	Q	S	T	A	V	L	I	F	Y	W	H	M	C	P
0	0.04600	0.19476	0.20035	0.01204	0.12623	0.14203	0.02217	0.06155	0.04278	0.03864	0.03225	0.00981	0.00732	0.00436	0.00396	0.00120	0.01959	0.00329	0.00244	0.02922
1	0.01118	0.06179	0.09206	0.05475	0.20394	0.07106	0.02090	0.04008	0.04285	0.08198	0.00888	0.01013	0.00692	0.00397	0.00382	0.00108	0.00467	0.00331	0.00264	0.27398
2	0.04657	0.13703	0.04173	0.01102	0.07889	0.28828	0.02768	0.07644	0.13883	0.01395	0.00885	0.00974	0.00710	0.00489	0.01500	0.00126	0.02916	0.00330	0.00267	0.05759
3	0.06069	0.00482	0.00596	0.00586	0.00650	0.00516	0.00411	0.02458	0.00732	0.02852	0.03276	0.06419	0.01447	0.39460	0.29882	0.00458	0.00653	0.02427	0.00276	0.00348
4	0.01050	0.01007	0.01719	0.07899	0.77047	0.01019	0.01314	0.01308	0.00973	0.01387	0.00807	0.01071	0.00675	0.00387	0.00427	0.00129	0.00516	0.00384	0.00212	0.00669
