[name]
unknown

[dist]
# distance from previous block
# <min> <max>
51	128

[block]
# block no. 0 follows, 71 sequences, length 49
# corresponding to MSA columns:
# 169-217
name=unknown_A
#
# <colnr> <probs for GDERKNQSTAVLIFYWHMCP>
#	G	D	E	R	K	N	Q	S	T	A	V	L	I	F	Y	W	H	M	C	P
0	0.09607	0.09160	0.26003	0.01852	0.03749	0.07140	0.03075	0.06221	0.04932	0.06094	0.08113	0.01054	0.01759	0.00422	0.00361	0.00111	0.01677	0.00328	0.00247	0.08095
1	0.06413	0.10059	0.11553	0.04638	0.14337	0.05431	0.01918	0.03595	0.03801	0.09562	0.18616	0.01430	0.04540	0.00489	0.00372	0.00114	0.00382	0.00407	0.00284	0.02060
2	0.03839	0.35341	0.18911	0.00994	0.11431	0.07587	0.00872	0.07521	0.02077	0.03298	0.00669	0.00764	0.00540	0.00358	0.00312	0.00100	0.00458	0.00261	0.00202	0.04465
3	0.09372	0.06888	0.11618	0.00964	0.15079	0.02304	0.00730	0.03505	0.00842	0.07113	0.00765	0.02012	0.00618	0.00474	0.04494	0.00118	0.00409	0.00286	0.00231	0.32178
4	0.15740	0.10662	0.04714	0.00967	0.06858	0.33084	0.05528	0.07994	0.01823	0.05035	0.00682	0.00772	0.00536	0.00378	0.00329	0.00105	0.00514	0.00271	0.00229	0.03777
5	0.04353	0.09246	0.14299	0.01597	0.41000	0.00951	0.05359	0.06207	0.03422	0.05399	0.01607	0.00933	0.00635	0.00365	0.00362	0.00112	0.00452	0.00326	0.00220	0.03157
6	0.12584	0.00996	0.05135	0.01410	0.31400	0.05366	0.06196	0.21573	0.01963	0.02638	0.00853	0.04420	0.00712	0.00434	0.00373	0.00119	0.00441	0.02569	0.00261	0.00559
7	0.08797	0.05171	0.10552	0.00931	0.06407	0.06804	0.02222	0.22939	0.19593	0.11242	0.01016	0.01014	0.00740	0.00435	0.00362	0.00117	0.00414	0.00339	0.00319	0.00585
8	0.17732	0.01055	0.07974	0.03108	0.01145	0.05396	0.00706	0.39785	0.06994	0.06849	0.00873	0.00898	0.00631	0.00424	0.00348	0.00114	0.00406	0.00312	0.00320	0.04929
9	0.07211	0.03180	0.03840	0.08914	0.23353	0.01769	0.04843	0.09219	0.00995	0.20590	0.05228	0.01089	0.00813	0.00408	0.00368	0.00113	0.00404	0.00352	0.00289	0.07024
10	0.19972	0.04506	0.38320	0.00866	0.01267	0.06800	0.00943	0.09691	0.00925	0.09715	0.00749	0.00815	0.00537	0.00382	0.00333	0.00115	0.00465	0.00277	0.00237	0.03088
11	0.01186	0.01056	0.01664	0.02319	0.05388	0.12712	0.41814	0.07286	0.01025	0.18419	0.00903	0.01025	0.00649	0.00384	0.00432	0.00122	0.02413	0.00393	0.00265	0.00546
12	0.00836	0.00834	0.01174	0.03448	0.01054	0.01165	0.00845	0.00924	0.00592	0.00924	0.00508	0.00844	0.00504	0.00663	0.01233	0.00167	0.83361	0.00336	0.00168	0.00420
13	0.03236	0.02275	0.03429	0.00826	0.04837	0.00706	0.05820	0.09206	0.11563	0.36490	0.05349	0.10534	0.02869	0.00558	0.00399	0.00124	0.00346	0.00479	0.00386	0.00568
14	0.03090	0.01861	0.76116	0.01071	0.01611	0.00876	0.03468	0.01245	0.00822	0.05328	0.00727	0.00835	0.00509	0.00368	0.00364	0.00121	0.00550	0.00291	0.00180	0.00566
15	0.00905	0.01034	0.02262	0.01616	0.02004	0.00970	0.82741	0.01228	0.00905	0.01228	0.00776	0.01034	0.00582	0.00323	0.00452	0.00129	0.00646	0.00452	0.00194	0.00517
16	0.00806	0.00765	0.01298	0.55308	0.32297	0.00873	0.01106	0.01051	0.00805	0.01079	0.00696	0.00996	0.00546	0.00368	0.00382	0.00123	0.00491	0.00341	0.00177	0.00492
17	0.00922	0.00882	0.01490	0.12103	0.68613	0.00907	0.02910	0.01197	0.04931	0.01237	0.00759	0.00983	0.00623	0.00355	0.00382	0.00117	0.00459	0.00348	0.00197	0.00584
18	0.00496	0.00362	0.00471	0.00546	0.00583	0.00346	0.00375	0.00615	0.04276	0.01037	0.05784	0.74971	0.03701	0.01145	0.00484	0.00153	0.00228	0.03740	0.00360	0.00328
19	0.00482	0.00350	0.00477	0.03838	0.00644	0.00336	0.00391	0.00559	0.00740	0.00984	0.02055	0.80577	0.02448	0.01165	0.00486	0.00155	0.00237	0.03410	0.00349	0.00317
20	0.02328	0.04304	0.02475	0.05592	0.47492	0.08041	0.02518	0.09504	0.01001	0.11852	0.00820	0.00955	0.00632	0.00376	0.00372	0.00113	0.00459	0.00334	0.00244	0.00586
21	0.00785	0.07395	0.79270	0.01065	0.01616	0.00930	0.01368	0.01210	0.00808	0.01194	0.00678	0.00797	0.00486	0.00362	0.00357	0.00119	0.00557	0.00278	0.00162	0.00562
22	0.00724	0.00681	0.01150	0.85604	0.02641	0.00852	0.01065	0.00980	0.00767	0.00980	0.00681	0.01022	0.00511	0.00383	0.00383	0.00128	0.00511	0.00341	0.00170	0.00426
23	0.00949	0.00911	0.01556	0.02353	0.84133	0.00911	0.01177	0.01177	0.00873	0.01253	0.00721	0.00949	0.00607	0.00342	0.00380	0.00114	0.00456	0.00342	0.00190	0.00607
24	0.00541	0.00420	0.00582	0.00629	0.00694	0.01630	0.04224	0.00651	0.00794	0.01038	0.02094	0.55071	0.06342	0.01099	0.00495	0.00158	0.00282	0.22576	0.00345	0.00335
25	0.01050	0.00986	0.01797	0.01603	0.21637	0.02182	0.43321	0.12884	0.01040	0.06819	0.00851	0.01069	0.00650	0.00371	0.00420	0.00123	0.00543	0.01849	0.00241	0.00563
26	0.00733	0.00690	0.01166	0.82375	0.05801	0.00854	0.01069	0.00987	0.00771	0.00990	0.00683	0.01019	0.00515	0.00382	0.00383	0.00127	0.00509	0.00341	0.00171	0.00433
27	0.00991	0.00911	0.01464	0.05832	0.59412	0.00918	0.05081	0.11793	0.00985	0.01390	0.00745	0.00942	0.00605	0.00354	0.00377	0.00111	0.00451	0.00339	0.00217	0.07083
28	0.11559	0.00946	0.01006	0.00798	0.01065	0.04248	0.00653	0.47640	0.01408	0.18098	0.00999	0.03908	0.00734	0.00485	0.00412	0.00120	0.04602	0.00359	0.00366	0.00594
29	0.89233	0.00741	0.00564	0.00504	0.00741	0.00860	0.00415	0.01127	0.00653	0.01720	0.00534	0.00623	0.00415	0.00356	0.00237	0.00119	0.00297	0.00208	0.00237	0.00415
30	0.00999	0.00940	0.13872	0.05333	0.05205	0.04716	0.00733	0.09058	0.17240	0.14918	0.10716	0.01574	0.09392	0.00604	0.02865	0.00136	0.00393	0.00442	0.00332	0.00532
31	0.00851	0.01519	0.46823	0.03287	0.10011	0.00924	0.20940	0.03748	0.05831	0.01276	0.00772	0.00923	0.00568	0.00365	0.00390	0.00123	0.00553	0.00342	0.00193	0.00561
32	0.00514	0.00391	0.00473	0.00452	0.00555	0.00350	0.00339	0.00668	0.01017	0.01376	0.58172	0.03130	0.29477	0.00844	0.00453	0.00123	0.00185	0.00731	0.00401	0.00350
33	0.00913	0.01124	0.15032	0.01393	0.01776	0.00911	0.57494	0.02651	0.00917	0.05499	0.05488	0.01109	0.00756	0.00375	0.00455	0.00128	0.02807	0.00431	0.00219	0.00523
34	0.00945	0.03331	0.02832	0.08360	0.05476	0.04696	0.37913	0.07853	0.00889	0.01208	0.00693	0.00941	0.00556	0.00432	0.00629	0.00134	0.22033	0.00382	0.00200	0.00497
35	0.00456	0.00387	0.00393	0.00396	0.00520	0.00324	0.00295	0.00554	0.00874	0.01045	0.05627	0.06535	0.79343	0.00975	0.00454	0.00130	0.00195	0.00816	0.00358	0.00324
36	0.00949	0.00911	0.01556	0.02353	0.84133	0.00911	0.01177	0.01177	0.00873	0.01253	0.00721	0.00949	0.00607	0.00342	0.00380	0.00114	0.00456	0.00342	0.00190	0.00607
37	0.01206	0.01022	0.01288	0.06510	0.15005	0.08223	0.10415	0.38827	0.01310	0.04551	0.00878	0.02908	0.00688	0.03087	0.00437	0.00124	0.00470	0.00371	0.00295	0.02386
38	0.00471	0.00345	0.00442	0.00510	0.00552	0.00317	0.00348	0.00550	0.00779	0.01027	0.08342	0.68870	0.13761	0.01139	0.00482	0.00150	0.00216	0.01023	0.00361	0.00317
39	0.00666	0.00333	0.00500	0.00500	0.00500	0.00333	0.00333	0.00500	0.00500	0.00666	0.00666	0.01166	0.00666	0.01332	0.01499	0.88844	0.00333	0.00333	0.00167	0.00167
40	0.00769	0.01983	0.84538	0.01093	0.01659	0.00890	0.01417	0.01214	0.00810	0.01214	0.00688	0.00810	0.00486	0.00364	0.00364	0.00121	0.00567	0.00283	0.00162	0.00567
41	0.00872	0.00832	0.01417	0.30870	0.56219	0.00891	0.01138	0.01109	0.00837	0.01159	0.00708	0.00974	0.00574	0.00356	0.00381	0.00119	0.00475	0.00341	0.00183	0.00545
42	0.00467	0.00334	0.00445	0.00534	0.00556	0.00311	0.00356	0.00534	0.00734	0.00979	0.02113	0.86275	0.02536	0.01201	0.00489	0.00156	0.00222	0.01090	0.00356	0.00311
43	0.00724	0.00681	0.01150	0.85604	0.02641	0.00852	0.01065	0.00980	0.00767	0.00980	0.00681	0.01022	0.00511	0.00383	0.00383	0.00128	0.00511	0.00341	0.00170	0.00426
44	0.00656	0.00446	0.00620	0.00551	0.00677	0.00408	0.04440	0.00834	0.01049	0.08283	0.62453	0.02727	0.09583	0.00752	0.00445	0.00123	0.00222	0.03125	0.02218	0.00390
45	0.01003	0.00997	0.01464	0.03931	0.64048	0.09768	0.03715	0.01280	0.06752	0.02200	0.00777	0.00965	0.00636	0.00362	0.00379	0.00114	0.00475	0.00342	0.00208	0.00584
46	0.01162	0.08287	0.01354	0.04268	0.23287	0.29133	0.06155	0.10548	0.08572	0.01266	0.00761	0.00883	0.00610	0.00393	0.00376	0.00110	0.01759	0.00315	0.00230	0.00534
47	0.03591	0.04135	0.03765	0.00635	0.00958	0.04785	0.00529	0.01162	0.09063	0.05100	0.00793	0.00865	0.00631	0.00328	0.00302	0.00074	0.00323	0.00257	0.00249	0.62455
48	0.00887	0.00695	0.00794	0.00667	0.03845	0.03034	0.00502	0.01181	0.13128	0.09665	0.03766	0.04226	0.08202	0.00451	0.00342	0.00089	0.00296	0.00374	0.00296	0.47560

[dist]
# distance from previous block
# <min> <max>
0	2

[block]
# block no. 1 follows, 71 sequences, length 189
# corresponding to MSA columns:
# 220-271,282-367,373,375-424
name=unknown_B
#
# <colnr> <probs for GDERKNQSTAVLIFYWHMCP>
#	G	D	E	R	K	N	Q	S	T	A	V	L	I	F	Y	W	H	M	C	P
0	0.01000	0.00880	0.01414	0.08623	0.62147	0.00893	0.01061	0.08562	0.00959	0.05090	0.01971	0.00990	0.00661	0.00366	0.00378	0.00113	0.00441	0.00345	0.00223	0.03883
1	0.04425	0.08610	0.29447	0.01110	0.10839	0.00861	0.11341	0.02548	0.00884	0.14726	0.01856	0.00936	0.00635	0.00369	0.00358	0.00111	0.00464	0.00318	0.00237	0.09927
2	0.00606	0.00769	0.18092	0.00700	0.01854	0.00513	0.05875	0.00837	0.00969	0.01352	0.44819	0.04901	0.13261	0.00707	0.00437	0.00125	0.00302	0.03130	0.00338	0.00410
3	0.00742	0.00700	0.01182	0.79050	0.09056	0.00857	0.01074	0.00995	0.00775	0.01001	0.00685	0.01016	0.00519	0.00380	0.00383	0.00127	0.00507	0.00341	0.00172	0.00440
4	0.00907	0.30686	0.30694	0.05440	0.11406	0.02419	0.03009	0.01258	0.08629	0.01133	0.00722	0.00833	0.00571	0.00364	0.00331	0.00108	0.00476	0.00284	0.00189	0.00539
5	0.00970	0.00968	0.07849	0.04061	0.66325	0.00880	0.04179	0.01213	0.00884	0.06427	0.02113	0.00996	0.00665	0.00359	0.00383	0.00116	0.00460	0.00350	0.00209	0.00595
6	0.00470	0.00335	0.00447	0.00533	0.00556	0.00315	0.00356	0.00536	0.00730	0.00974	0.02084	0.83816	0.02496	0.02517	0.01698	0.00165	0.00236	0.01072	0.00352	0.00311
7	0.00940	0.00578	0.00632	0.00546	0.00705	0.00602	0.00429	0.23309	0.02163	0.05995	0.12287	0.04767	0.01306	0.00527	0.00340	0.00105	0.00256	0.00430	0.43625	0.00455
8	0.01174	0.37963	0.12248	0.00859	0.01161	0.37665	0.00792	0.02265	0.00928	0.00976	0.00583	0.00677	0.00494	0.00363	0.00306	0.00095	0.00553	0.00235	0.00181	0.00483
9	0.00803	0.06238	0.68779	0.01181	0.05912	0.00931	0.08480	0.01210	0.00820	0.01201	0.00689	0.00826	0.00501	0.00358	0.00367	0.00120	0.00560	0.00297	0.00166	0.00561
10	0.00548	0.00419	0.00463	0.00449	0.00578	0.00372	0.00342	0.00710	0.04487	0.04401	0.20261	0.04632	0.56451	0.00900	0.00451	0.00129	0.00207	0.03468	0.00376	0.00357
11	0.00666	0.00333	0.00500	0.00500	0.00500	0.00333	0.00333	0.00500	0.00500	0.00666	0.00666	0.01166	0.00666	0.01332	0.01499	0.88844	0.00333	0.00333	0.00167	0.00167
12	0.00946	0.07336	0.59589	0.01062	0.04771	0.04338	0.01211	0.07635	0.00921	0.07602	0.00756	0.00844	0.00539	0.00378	0.00359	0.00117	0.00527	0.00292	0.00206	0.00572
13	0.00532	0.00439	0.04803	0.00557	0.00629	0.00357	0.00416	0.00627	0.00762	0.04229	0.02158	0.68230	0.10206	0.01154	0.02814	0.00163	0.00264	0.00975	0.00346	0.00340
14	0.01466	0.00966	0.01070	0.00827	0.01123	0.01041	0.00681	0.62097	0.05328	0.17641	0.01068	0.01028	0.00739	0.00465	0.00381	0.00116	0.00393	0.00357	0.02570	0.00643
15	0.01021	0.01049	0.05612	0.01952	0.59097	0.07288	0.03123	0.09375	0.00965	0.01326	0.00720	0.00916	0.00591	0.00375	0.00424	0.00116	0.04923	0.00334	0.00207	0.00585
16	0.03243	0.69032	0.05004	0.00712	0.01033	0.09263	0.00691	0.05404	0.00859	0.01016	0.00565	0.00646	0.00498	0.00343	0.00267	0.00088	0.00440	0.00219	0.00180	0.00497
17	0.00732	0.03760	0.00699	0.03770	0.00765	0.04343	0.03621	0.06009	0.00984	0.01414	0.32414	0.02000	0.08503	0.00611	0.00413	0.00112	0.03658	0.00511	0.25286	0.00395
18	0.00464	0.00387	0.00403	0.00402	0.00523	0.00328	0.00299	0.00568	0.00888	0.01081	0.11920	0.05620	0.72711	0.02117	0.00474	0.00132	0.00196	0.00801	0.00361	0.00326
19	0.08254	0.03679	0.08128	0.03416	0.18336	0.06367	0.00801	0.20222	0.03044	0.09654	0.00935	0.06232	0.00763	0.00565	0.04120	0.00139	0.01803	0.00371	0.01521	0.01650
20	0.01018	0.76348	0.09028	0.00706	0.01049	0.04572	0.00724	0.01168	0.00793	0.00930	0.00549	0.00635	0.00492	0.00334	0.00260	0.00086	0.00434	0.00213	0.00165	0.00497
21	0.00469	0.00335	0.00448	0.00537	0.00560	0.00313	0.00360	0.00538	0.00736	0.00981	0.02112	0.84998	0.02531	0.01199	0.00490	0.00156	0.00224	0.02343	0.00356	0.00312
22	0.00538	0.00392	0.00506	0.00478	0.00570	0.00360	0.00358	0.00715	0.01075	0.01512	0.79865	0.02906	0.07699	0.00793	0.00452	0.00121	0.00182	0.00699	0.00419	0.00360
23	0.00514	0.00366	0.00493	0.00578	0.00618	0.00351	0.00425	0.00609	0.00769	0.01016	0.02049	0.59076	0.02390	0.05008	0.00567	0.00171	0.00267	0.24063	0.00350	0.00320
24	0.00949	0.00911	0.01556	0.02353	0.84133	0.00911	0.01177	0.01177	0.00873	0.01253	0.00721	0.00949	0.00607	0.00342	0.00380	0.00114	0.00456	0.00342	0.00190	0.00607
25	0.00839	0.00839	0.01174	0.01007	0.01007	0.01174	0.00839	0.00923	0.00587	0.00923	0.00503	0.00839	0.00503	0.00671	0.01258	0.00168	0.85823	0.00336	0.00168	0.00419
26	0.01025	0.86756	0.02009	0.00656	0.00984	0.01517	0.00656	0.01148	0.00779	0.00902	0.00533	0.00615	0.00492	0.00328	0.00246	0.00082	0.00410	0.00205	0.00164	0.00492
27	0.01684	0.00711	0.00926	0.00710	0.01008	0.00651	0.00587	0.13181	0.01196	0.72947	0.01430	0.01251	0.00908	0.00473	0.00385	0.00118	0.00340	0.00380	0.00462	0.00652
28	0.01435	0.01063	0.01138	0.00878	0.01180	0.01178	0.00723	0.79211	0.05484	0.02380	0.00949	0.00944	0.00675	0.00463	0.00384	0.00116	0.00417	0.00349	0.00384	0.00650
29	0.00724	0.00681	0.01150	0.85604	0.02641	0.00852	0.01065	0.00980	0.00767	0.00980	0.00681	0.01022	0.00511	0.00383	0.00383	0.00128	0.00511	0.00341	0.00170	0.00426
30	0.00522	0.00391	0.00485	0.00461	0.00560	0.00353	0.00346	0.00684	0.01038	0.01424	0.65889	0.03050	0.21731	0.00826	0.00452	0.00123	0.00184	0.00720	0.00407	0.00353
31	0.00533	0.00392	0.00499	0.00472	0.00567	0.00358	0.00354	0.00704	0.01062	0.01481	0.74974	0.02956	0.12610	0.00805	0.00452	0.00122	0.00182	0.00706	0.00415	0.00358
32	0.00905	0.01034	0.02262	0.01616	0.02004	0.00970	0.82741	0.01228	0.00905	0.01228	0.00776	0.01034	0.00582	0.00323	0.00452	0.00129	0.00646	0.00452	0.00194	0.00517
33	0.01011	0.00852	0.00899	0.00792	0.01019	0.00981	0.00621	0.11289	0.74096	0.01697	0.01487	0.01372	0.01111	0.00513	0.00389	0.00128	0.00317	0.00423	0.00389	0.00612
34	0.00472	0.00340	0.00449	0.00534	0.00564	0.00317	0.00363	0.00545	0.00746	0.00988	0.02190	0.79373	0.06196	0.01185	0.00489	0.00155	0.00226	0.04198	0.00356	0.00314
35	0.00525	0.00385	0.00477	0.00463	0.00544	0.00353	0.00334	0.00663	0.00964	0.01323	0.55543	0.08432	0.16324	0.11227	0.00636	0.00155	0.00209	0.00722	0.00384	0.00337
36	0.00949	0.00911	0.01556	0.02353	0.84133	0.00911	0.01177	0.01177	0.00873	0.01253	0.00721	0.00949	0.00607	0.00342	0.00380	0.00114	0.00456	0.00342	0.00190	0.00607
37	0.00553	0.00417	0.00620	0.00617	0.00683	0.00487	0.00478	0.00685	0.00614	0.00887	0.01024	0.01523	0.00963	0.05088	0.81445	0.00603	0.02355	0.00414	0.00206	0.00341
38	0.05976	0.00967	0.01046	0.00813	0.01103	0.01052	0.00669	0.62553	0.04161	0.12651	0.01009	0.00990	0.00707	0.00458	0.00372	0.00115	0.00390	0.00346	0.03996	0.00626
39	0.02218	0.23993	0.01331	0.00805	0.01102	0.07130	0.00687	0.43972	0.08829	0.02718	0.00848	0.00867	0.00644	0.00420	0.00341	0.00105	0.00421	0.00305	0.00308	0.02958
40	0.00957	0.00843	0.01413	0.08792	0.66739	0.00848	0.01075	0.01179	0.00893	0.06863	0.06001	0.01099	0.00812	0.00382	0.00385	0.00116	0.00434	0.00367	0.00222	0.00580
41	0.00899	0.04825	0.59632	0.01113	0.06718	0.05253	0.02417	0.06070	0.01860	0.03875	0.00730	0.00837	0.00530	0.00371	0.00361	0.00116	0.00533	0.00292	0.00194	0.03373
42	0.00754	0.00711	0.01190	0.64854	0.18537	0.00836	0.01047	0.00996	0.00793	0.01036	0.00855	0.01146	0.04839	0.00405	0.00386	0.00125	0.00484	0.00365	0.00184	0.00456
43	0.00724	0.00681	0.01150	0.85604	0.02641	0.00852	0.01065	0.00980	0.00767	0.00980	0.00681	0.01022	0.00511	0.00383	0.00383	0.00128	0.00511	0.00341	0.00170	0.00426
44	0.00889	0.38684	0.32102	0.05210	0.01296	0.04919	0.00943	0.01141	0.00819	0.01060	0.04427	0.00971	0.00706	0.00437	0.01692	0.00114	0.00483	0.03423	0.00185	0.00500
45	0.00928	0.07341	0.02493	0.01063	0.07021	0.03428	0.28351	0.01162	0.03524	0.13200	0.09697	0.06763	0.12224	0.00542	0.00418	0.00123	0.00426	0.00517	0.00292	0.00488
46	0.00465	0.00389	0.00405	0.00401	0.00525	0.00329	0.00301	0.00573	0.00902	0.01103	0.14545	0.03580	0.73275	0.00946	0.00453	0.00128	0.00192	0.00794	0.00365	0.00329
47	0.00731	0.00519	0.00614	0.00561	0.00700	0.00526	0.00429	0.01138	0.22354	0.07066	0.47882	0.02367	0.07667	0.00689	0.00422	0.00122	0.00223	0.00595	0.04953	0.00442
48	0.01018	0.10422	0.09348	0.05235	0.23253	0.14808	0.05543	0.04346	0.01911	0.07303	0.01024	0.08544	0.04653	0.00474	0.00376	0.00115	0.00469	0.00404	0.00238	0.00516
49	0.01515	0.02240	0.04214	0.00847	0.01166	0.00827	0.08280	0.27528	0.01288	0.46198	0.01210	0.01128	0.00796	0.00450	0.00388	0.00118	0.00397	0.00372	0.00403	0.00634
50	0.00467	0.00334	0.00445	0.00534	0.00556	0.00311	0.00356	0.00534	0.00734	0.00979	0.02113	0.86275	0.02536	0.01201	0.00489	0.00156	0.00222	0.01090	0.00356	0.00311
51	0.00933	0.00917	0.02597	0.06640	0.73931	0.00911	0.04844	0.01182	0.02059	0.01242	0.00733	0.00962	0.00608	0.00346	0.00383	0.00116	0.00466	0.00347	0.00192	0.00593
52	0.79323	0.03582	0.00653	0.00552	0.01811	0.02189	0.00447	0.03356	0.00701	0.01683	0.00551	0.00640	0.00432	0.00357	0.00246	0.00115	0.00312	0.00214	0.00237	0.02601
53	0.01144	0.01140	0.01287	0.01493	0.33598	0.20950	0.02477	0.17136	0.06147	0.01392	0.00774	0.00919	0.00624	0.00474	0.02517	0.00128	0.06677	0.00329	0.00240	0.00555
54	0.00549	0.00393	0.00523	0.00523	0.00564	0.00428	0.00366	0.00625	0.00599	0.00831	0.01199	0.02011	0.03862	0.38983	0.46328	0.00495	0.00716	0.00487	0.00222	0.00294
55	0.00605	0.00423	0.00614	0.00606	0.00684	0.00474	0.00466	0.00751	0.02000	0.04825	0.04335	0.05956	0.01160	0.05215	0.69407	0.00534	0.00887	0.00461	0.00238	0.00357
56	0.00802	0.13957	0.14898	0.01012	0.09531	0.02376	0.13933	0.02300	0.01742	0.02539	0.21456	0.08895	0.02658	0.00545	0.00409	0.00119	0.01599	0.00488	0.00266	0.00474
57	0.00467	0.00334	0.00445	0.00534	0.00556	0.00311	0.00356	0.00534	0.00734	0.00979	0.02113	0.86275	0.02536	0.01201	0.00489	0.00156	0.00222	0.01090	0.00356	0.00311
58	0.01717	0.00658	0.00893	0.00685	0.00982	0.00572	0.00566	0.03000	0.01107	0.83253	0.01504	0.01300	0.00945	0.00474	0.00386	0.00119	0.00328	0.00385	0.00473	0.00653
59	0.00925	0.00816	0.00970	0.04306	0.14308	0.00919	0.00704	0.01804	0.63984	0.01502	0.01479	0.01422	0.04139	0.00503	0.00391	0.00127	0.00332	0.00429	0.00348	0.00589
60	0.01458	0.01074	0.01151	0.00882	0.01189	0.01189	0.00729	0.82855	0.01803	0.02416	0.00921	0.00921	0.00652	0.00460	0.00384	0.00115	0.00422	0.00345	0.00384	0.00652
61	0.01541	0.00940	0.01068	0.00819	0.01122	0.00990	0.00676	0.57125	0.01579	0.28462	0.01109	0.01043	0.00746	0.00465	0.00384	0.00116	0.00392	0.00358	0.00412	0.00652
62	0.00548	0.00411	0.00616	0.00616	0.00685	0.00479	0.00479	0.00685	0.00616	0.00890	0.01027	0.01506	0.00959	0.02876	0.85006	0.00616	0.01027	0.00411	0.00205	0.00342
63	0.89233	0.00741	0.00564	0.00504	0.00741	0.00860	0.00415	0.01127	0.00653	0.01720	0.00534	0.00623	0.00415	0.00356	0.00237	0.00119	0.00297	0.00208	0.00237	0.00415
64	0.00949	0.00911	0.01556	0.02353	0.84133	0.00911	0.01177	0.01177	0.00873	0.01253	0.00721	0.00949	0.00607	0.00342	0.00380	0.00114	0.00456	0.00342	0.00190	0.00607
65	0.00548	0.00410	0.00613	0.00613	0.00680	0.00478	0.00475	0.00683	0.00615	0.00888	0.01030	0.01522	0.00965	0.04205	0.83686	0.00612	0.01017	0.00413	0.00206	0.00341
66	0.00467	0.00334	0.00445	0.00534	0.00556	0.00311	0.00356	0.00534	0.00734	0.00979	0.02113	0.86275	0.02536	0.01201	0.00489	0.00156	0.00222	0.01090	0.00356	0.00311
67	0.00471	0.00337	0.00450	0.00539	0.00563	0.00315	0.00363	0.00541	0.00738	0.00984	0.02111	0.83975	0.02527	0.01197	0.00491	0.00156	0.00226	0.03349	0.00356	0.00313
68	0.00521	0.00391	0.00482	0.00460	0.00559	0.00353	0.00345	0.00681	0.01034	0.01416	0.64481	0.03065	0.23144	0.00829	0.00452	0.00123	0.00184	0.00722	0.00406	0.00353
69	0.00949	0.00911	0.01556	0.02353	0.84133	0.00911	0.01177	0.01177	0.00873	0.01253	0.00721	0.00949	0.00607	0.00342	0.00380	0.00114	0.00456	0.00342	0.00190	0.00607
70	0.00474	0.00344	0.00449	0.00529	0.00565	0.00319	0.00364	0.00549	0.00755	0.00993	0.02274	0.74250	0.10128	0.01172	0.00488	0.00154	0.00227	0.05294	0.00356	0.00315
71	0.00467	0.00334	0.00445	0.00534	0.00556	0.00311	0.00356	0.00534	0.00734	0.00979	0.02113	0.86275	0.02536	0.01201	0.00489	0.00156	0.00222	0.01090	0.00356	0.00311
72	0.00839	0.00839	0.01174	0.01007	0.01007	0.01174	0.00839	0.00923	0.00587	0.00923	0.00503	0.00839	0.00503	0.00671	0.01258	0.00168	0.85823	0.00336	0.00168	0.00419
73	0.00548	0.00411	0.00616	0.00616	0.00685	0.00479	0.00479	0.00685	0.00616	0.00890	0.01027	0.01506	0.00959	0.02876	0.85006	0.00616	0.01027	0.00411	0.00205	0.00342
74	0.89233	0.00741	0.00564	0.00504	0.00741	0.00860	0.00415	0.01127	0.00653	0.01720	0.00534	0.00623	0.00415	0.00356	0.00237	0.00119	0.00297	0.00208	0.00237	0.00415
75	0.01408	0.01049	0.01123	0.00872	0.01170	0.01166	0.00717	0.74835	0.09904	0.02336	0.00984	0.00971	0.00703	0.00466	0.00384	0.00117	0.00410	0.00354	0.00384	0.00648
76	0.00950	0.00873	0.01482	0.12480	0.71062	0.00891	0.01140	0.01178	0.00868	0.04316	0.00746	0.00971	0.00608	0.00352	0.00380	0.00116	0.00457	0.00343	0.00198	0.00587
77	0.00940	0.18154	0.40353	0.01903	0.05546	0.06289	0.11354	0.02864	0.02541	0.04263	0.00715	0.00835	0.00540	0.00367	0.00367	0.00114	0.01822	0.00299	0.00191	0.00542
78	0.01318	0.00966	0.01049	0.00823	0.01097	0.01060	0.00673	0.65830	0.07167	0.03942	0.11030	0.01198	0.01052	0.00504	0.00392	0.00117	0.00383	0.00394	0.00391	0.00614
79	0.00727	0.00684	0.01155	0.84641	0.03583	0.00853	0.01066	0.00982	0.00768	0.00983	0.00682	0.01021	0.00512	0.00383	0.00383	0.00128	0.00510	0.00341	0.00171	0.00428
80	0.03208	0.04649	0.15076	0.01234	0.05808	0.02620	0.36482	0.01344	0.01956	0.18462	0.04651	0.01102	0.00778	0.00388	0.00404	0.00122	0.00515	0.00396	0.00259	0.00547
81	0.00710	0.12139	0.00745	0.00571	0.00697	0.00575	0.00439	0.03900	0.06104	0.07234	0.09532	0.41564	0.11312	0.00892	0.00432	0.00134	0.00263	0.02010	0.00348	0.00399
82	0.00462	0.00389	0.00400	0.00397	0.00523	0.00327	0.00298	0.00567	0.00894	0.01084	0.11500	0.03611	0.76332	0.00953	0.00453	0.00129	0.00193	0.00798	0.00362	0.00327
83	0.00478	0.00376	0.00432	0.00447	0.00540	0.00330	0.00324	0.00587	0.00889	0.01140	0.22397	0.24217	0.44510	0.00984	0.00462	0.00134	0.00198	0.00852	0.00372	0.00330
84	0.06798	0.49328	0.01599	0.00838	0.05715	0.22294	0.00694	0.05861	0.00915	0.02047	0.00592	0.00679	0.00508	0.00357	0.00287	0.00093	0.00475	0.00233	0.00195	0.00493
85	0.00823	0.01884	0.77529	0.01089	0.01636	0.00876	0.04033	0.01248	0.00827	0.05509	0.00734	0.00842	0.00513	0.00369	0.00368	0.00122	0.00557	0.00294	0.00179	0.00569
86	0.00467	0.00334	0.00445	0.00534	0.00556	0.00311	0.00356	0.00534	0.00734	0.00979	0.02113	0.86275	0.02536	0.01201	0.00489	0.00156	0.00222	0.01090	0.00356	0.00311
87	0.00828	0.00822	0.01153	0.00991	0.00994	0.01147	0.00825	0.00914	0.00588	0.00921	0.00524	0.00865	0.00521	0.00757	0.04506	0.00185	0.82535	0.00338	0.00169	0.00416
88	0.89233	0.00741	0.00564	0.00504	0.00741	0.00860	0.00415	0.01127	0.00653	0.01720	0.00534	0.00623	0.00415	0.00356	0.00237	0.00119	0.00297	0.00208	0.00237	0.00415
89	0.02367	0.01098	0.01289	0.05698	0.40794	0.20008	0.00945	0.11105	0.01817	0.01305	0.00727	0.00903	0.00593	0.00397	0.00421	0.00114	0.05861	0.00320	0.03696	0.00543
90	0.00482	0.00342	0.00451	0.00524	0.00546	0.00327	0.00347	0.00545	0.00707	0.00946	0.01948	0.71753	0.02316	0.11622	0.05030	0.00206	0.00282	0.00990	0.00333	0.00303
91	0.00734	0.00692	0.01168	0.81850	0.06315	0.00855	0.01070	0.00989	0.00771	0.00992	0.00683	0.01019	0.00515	0.00381	0.00383	0.00127	0.00509	0.00341	0.00171	0.00434
92	0.00967	0.00949	0.01529	0.03564	0.79148	0.04701	0.01155	0.01190	0.00881	0.01234	0.00715	0.00938	0.00601	0.00345	0.00378	0.00113	0.00467	0.00337	0.00190	0.00597
93	0.00467	0.00334	0.00445	0.00534	0.00556	0.00311	0.00356	0.00534	0.00734	0.00979	0.02113	0.86275	0.02536	0.01201	0.00489	0.00156	0.00222	0.01090	0.00356	0.00311
94	0.00615	0.00440	0.00614	0.00700	0.00789	0.00439	0.00612	0.00790	0.00882	0.01145	0.02065	0.04313	0.03725	0.01058	0.00528	0.00176	0.00350	0.80053	0.00353	0.00353
95	0.03547	0.00695	0.01152	0.78603	0.06788	0.00855	0.01050	0.00994	0.00769	0.01017	0.00679	0.01006	0.00513	0.00380	0.00379	0.00127	0.00501	0.00337	0.00174	0.00435
96	0.00839	0.00839	0.01174	0.01007	0.01007	0.01174	0.00839	0.00923	0.00587	0.00923	0.00503	0.00839	0.00503	0.00671	0.01258	0.00168	0.85823	0.00336	0.00168	0.00419
97	0.00779	0.00737	0.01249	0.65390	0.22427	0.00866	0.01092	0.01027	0.00793	0.01046	0.00691	0.01004	0.00534	0.00373	0.00382	0.00124	0.00498	0.00341	0.00175	0.00470
98	0.00769	0.01983	0.84538	0.01093	0.01659	0.00890	0.01417	0.01214	0.00810	0.01214	0.00688	0.00810	0.00486	0.00364	0.00364	0.00121	0.00567	0.00283	0.00162	0.00567
99	0.89233	0.00741	0.00564	0.00504	0.00741	0.00860	0.00415	0.01127	0.00653	0.01720	0.00534	0.00623	0.00415	0.00356	0.00237	0.00119	0.00297	0.00208	0.00237	0.00415
100	0.01659	0.00639	0.00870	0.00672	0.00958	0.00553	0.00553	0.01809	0.01097	0.80121	0.05768	0.01386	0.01087	0.00491	0.00389	0.00119	0.00319	0.00401	0.00472	0.00638
101	0.00558	0.00426	0.00637	0.00631	0.00696	0.00505	0.00492	0.00693	0.00615	0.00891	0.01008	0.01482	0.00942	0.02795	0.81939	0.00600	0.04133	0.00408	0.00204	0.00345
102	0.00543	0.00392	0.00513	0.00482	0.00573	0.00362	0.00362	0.00724	0.01085	0.01538	0.83931	0.02864	0.03618	0.00784	0.00452	0.00121	0.00181	0.00693	0.00422	0.00362
103	0.00527	0.00389	0.00492	0.00470	0.00564	0.00354	0.00351	0.00691	0.01041	0.01443	0.69103	0.06092	0.15405	0.00827	0.00454	0.00123	0.00184	0.00725	0.00410	0.00354
104	0.00769	0.01983	0.84538	0.01093	0.01659	0.00890	0.01417	0.01214	0.00810	0.01214	0.00688	0.00810	0.00486	0.00364	0.00364	0.00121	0.00567	0.00283	0.00162	0.00567
105	0.01025	0.86756	0.02009	0.00656	0.00984	0.01517	0.00656	0.01148	0.00779	0.00902	0.00533	0.00615	0.00492	0.00328	0.00246	0.00082	0.00410	0.00205	0.00164	0.00492
106	0.00622	0.00378	0.00500	0.00549	0.00611	0.00346	0.00384	0.00703	0.00789	0.11090	0.02130	0.69706	0.06540	0.01098	0.00476	0.00150	0.00237	0.02967	0.00370	0.00354
107	0.00552	0.00393	0.00528	0.00528	0.00565	0.00431	0.00369	0.00628	0.00590	0.00824	0.01108	0.01955	0.01153	0.40324	0.47824	0.00507	0.00734	0.00477	0.00217	0.00293
108	0.00600	0.00469	0.00655	0.11445	0.04621	0.00473	0.00498	0.00829	0.04298	0.01456	0.66288	0.02486	0.02988	0.00702	0.00438	0.00122	0.00240	0.00622	0.00378	0.00391
109	0.00525	0.06989	0.04905	0.00572	0.00646	0.00433	0.00433	0.00616	0.00741	0.00985	0.01920	0.75350	0.02275	0.01092	0.00464	0.00148	0.00254	0.00981	0.00331	0.00338
110	0.00548	0.00411	0.00616	0.00616	0.00685	0.00479	0.00479	0.00685	0.00616	0.00890	0.01027	0.01506	0.00959	0.02876	0.85006	0.00616	0.01027	0.00411	0.00205	0.00342
111	0.01597	0.00851	0.01013	0.00776	0.01078	0.00858	0.00641	0.39982	0.01429	0.45817	0.01234	0.01124	0.00809	0.00468	0.00385	0.00117	0.00371	0.00367	0.00432	0.00652
112	0.01149	0.01013	0.00971	0.00833	0.01072	0.11138	0.00656	0.24068	0.51207	0.01746	0.01269	0.01202	0.00947	0.00489	0.00383	0.00122	0.00383	0.00387	0.00365	0.00600
113	0.02312	0.00859	0.01215	0.00942	0.01191	0.06823	0.17190	0.07974	0.01032	0.36016	0.06602	0.01202	0.00924	0.00486	0.00530	0.00127	0.13287	0.00397	0.00338	0.00553
114	0.00979	0.05703	0.48302	0.01232	0.15180	0.02136	0.03328	0.06786	0.00925	0.10693	0.00796	0.00891	0.00572	0.00377	0.00367	0.00117	0.00508	0.00309	0.00218	0.00582
115	0.00905	0.01034	0.02262	0.01616	0.02004	0.00970	0.82741	0.01228	0.00905	0.01228	0.00776	0.01034	0.00582	0.00323	0.00452	0.00129	0.00646	0.00452	0.00194	0.00517
116	0.00854	0.00814	0.01385	0.37476	0.49752	0.00886	0.01130	0.01094	0.00828	0.01137	0.00704	0.00980	0.00567	0.00359	0.00381	0.00120	0.00479	0.00341	0.00182	0.00531
117	0.00988	0.01107	0.01745	0.12269	0.11972	0.16416	0.42437	0.02745	0.00923	0.01157	0.00734	0.01947	0.00582	0.00369	0.00437	0.00123	0.02966	0.00389	0.00196	0.00501
118	0.00890	0.01047	0.04831	0.01573	0.01957	0.00951	0.78133	0.01211	0.00898	0.01222	0.00806	0.03122	0.00627	0.00346	0.00451	0.00130	0.00633	0.00463	0.00197	0.00514
119	0.00588	0.00432	0.00576	0.00648	0.00744	0.00420	0.00558	0.00750	0.00881	0.01127	0.02369	0.04209	0.17168	0.01043	0.00516	0.00168	0.00324	0.66780	0.00354	0.00348
120	0.00459	0.00383	0.00401	0.00409	0.00525	0.00324	0.00302	0.00557	0.00870	0.01055	0.07768	0.12566	0.71092	0.00986	0.00457	0.00132	0.00197	0.00834	0.00359	0.00324
121	0.00764	0.00739	0.01301	0.69046	0.10556	0.00869	0.09251	0.01024	0.00791	0.01031	0.00695	0.01016	0.00528	0.00373	0.00390	0.00127	0.00519	0.00352	0.00175	0.00453
122	0.00769	0.01983	0.84538	0.01093	0.01659	0.00890	0.01417	0.01214	0.00810	0.01214	0.00688	0.00810	0.00486	0.00364	0.00364	0.00121	0.00567	0.00283	0.00162	0.00567
123	0.00558	0.00372	0.00418	0.00418	0.00418	0.00372	0.00232	0.00558	0.00558	0.00743	0.01208	0.02509	0.01394	0.86525	0.01952	0.00372	0.00372	0.00558	0.00232	0.00232
124	0.00646	0.00343	0.00503	0.00503	0.00510	0.00349	0.00338	0.00521	0.00515	0.00693	0.00743	0.01307	0.00752	0.08486	0.09086	0.73583	0.00399	0.00359	0.00175	0.00188
125	0.89233	0.00741	0.00564	0.00504	0.00741	0.00860	0.00415	0.01127	0.00653	0.01720	0.00534	0.00623	0.00415	0.00356	0.00237	0.00119	0.00297	0.00208	0.00237	0.00415
126	0.01562	0.00906	0.01047	0.00802	0.01105	0.00939	0.00663	0.50519	0.01521	0.35150	0.01157	0.01074	0.00771	0.00466	0.00384	0.00116	0.00384	0.00361	0.00420	0.00652
127	0.00778	0.01919	0.78960	0.01128	0.01683	0.00896	0.06931	0.01215	0.00816	0.01215	0.00694	0.00825	0.00492	0.00361	0.00370	0.00122	0.00572	0.00295	0.00164	0.00563
128	0.00549	0.00404	0.00582	0.00582	0.00639	0.00461	0.00437	0.00663	0.00606	0.00865	0.01058	0.01680	0.01034	0.17326	0.70658	0.00574	0.00914	0.00436	0.00210	0.00323
129	0.01716	0.00659	0.00894	0.00685	0.00982	0.00573	0.00566	0.03095	0.01108	0.83157	0.01504	0.01299	0.00945	0.00474	0.00386	0.00119	0.00328	0.00385	0.00473	0.00653
130	0.00598	0.00403	0.00524	0.00490	0.00586	0.00373	0.00366	0.00762	0.01036	0.05604	0.69469	0.04042	0.06413	0.04921	0.02599	0.00146	0.00219	0.00675	0.00407	0.00367
131	0.00558	0.00372	0.00418	0.00418	0.00418	0.00372	0.00232	0.00558	0.00558	0.00743	0.01208	0.02509	0.01394	0.86525	0.01952	0.00372	0.00372	0.00558	0.00232	0.00232
132	0.00882	0.00764	0.01286	0.47536	0.28535	0.00844	0.03641	0.01120	0.00832	0.07623	0.00762	0.01016	0.00580	0.00373	0.00382	0.00121	0.00478	0.00345	0.00203	0.02678
133	0.00978	0.58200	0.17806	0.00756	0.01105	0.07938	0.00791	0.01165	0.00829	0.01005	0.05809	0.00800	0.00687	0.00369	0.00290	0.00093	0.00448	0.00254	0.00182	0.00495
134	0.01340	0.04231	0.09638	0.00828	0.02118	0.02110	0.00725	0.28377	0.08217	0.28982	0.01141	0.03770	0.00820	0.00481	0.00412	0.00119	0.03702	0.00374	0.00366	0.02248
135	0.43660	0.00882	0.00848	0.00737	0.00895	0.09859	0.00603	0.01158	0.00710	0.07656	0.00604	0.00754	0.00494	0.00475	0.00602	0.00133	0.28994	0.00268	0.00228	0.00438
136	0.05567	0.09127	0.01525	0.01950	0.62704	0.03018	0.03367	0.03341	0.00890	0.03906	0.00722	0.00907	0.00595	0.00349	0.00361	0.00111	0.00449	0.00324	0.00204	0.00582
137	0.34010	0.35236	0.03431	0.00655	0.00937	0.06934	0.00592	0.05458	0.07451	0.01353	0.00644	0.00710	0.00526	0.00366	0.00271	0.00103	0.00383	0.00237	0.00223	0.00480
138	0.00735	0.00652	0.01059	0.05106	0.40408	0.00652	0.02384	0.00914	0.01824	0.01142	0.02271	0.31578	0.01463	0.00716	0.00434	0.00135	0.00365	0.07426	0.00267	0.00469
139	0.01052	0.06813	0.01039	0.00887	0.06039	0.02077	0.00667	0.15998	0.57518	0.01668	0.01316	0.01247	0.00991	0.00484	0.00378	0.00123	0.00345	0.00394	0.00359	0.00605
140	0.00480	0.00373	0.00436	0.00455	0.00543	0.00330	0.00328	0.00589	0.00886	0.01145	0.23540	0.27781	0.39759	0.00992	0.00464	0.00135	0.00199	0.00863	0.00373	0.00330
141	0.00848	0.02080	0.31697	0.01044	0.10797	0.05840	0.05162	0.01121	0.01900	0.08714	0.09587	0.15911	0.02506	0.00570	0.00402	0.00125	0.00434	0.00496	0.00263	0.00500
142	0.00938	0.32750	0.34276	0.01054	0.05847	0.02065	0.12158	0.01221	0.00830	0.04561	0.00678	0.00796	0.00527	0.00349	0.00335	0.00107	0.00506	0.00285	0.00182	0.00537
143	0.00553	0.00428	0.01471	0.00469	0.00587	0.00376	0.00361	0.00731	0.03302	0.03379	0.49806	0.03060	0.32401	0.00831	0.00448	0.00124	0.00197	0.00716	0.00396	0.00364
144	0.00725	0.00428	0.00467	0.00442	0.00562	0.00420	0.00337	0.00973	0.08467	0.06273	0.16228	0.02022	0.14242	0.00595	0.00347	0.00106	0.00202	0.00495	0.46276	0.00393
145	0.03123	0.03726	0.28963	0.03707	0.11965	0.12053	0.00959	0.02345	0.00935	0.22325	0.01026	0.01066	0.04387	0.00425	0.00377	0.00116	0.01349	0.00335	0.00263	0.00556
146	0.08268	0.12527	0.42786	0.00932	0.02276	0.01025	0.01030	0.18202	0.05115	0.02290	0.01692	0.00852	0.00590	0.00392	0.00345	0.00115	0.00473	0.00294	0.00232	0.00563
147	0.01434	0.01162	0.01106	0.00881	0.01162	0.15499	0.00713	0.60133	0.05313	0.06421	0.00937	0.01837	0.00684	0.00460	0.00379	0.00114	0.00456	0.00342	0.00356	0.00611
148	0.01003	0.00630	0.01964	0.00615	0.00841	0.00571	0.00496	0.07492	0.09761	0.22949	0.28004	0.01815	0.05871	0.00568	0.00393	0.00110	0.00274	0.00479	0.00389	0.15775
149	0.00810	0.15510	0.71370	0.01023	0.01552	0.00990	0.01295	0.01204	0.00805	0.01164	0.00663	0.00778	0.00487	0.00358	0.00345	0.00115	0.00542	0.00271	0.00162	0.00555
150	0.00949	0.00911	0.01556	0.02353	0.84133	0.00911	0.01177	0.01177	0.00873	0.01253	0.00721	0.00949	0.00607	0.00342	0.00380	0.00114	0.00456	0.00342	0.00190	0.00607
151	0.00790	0.00749	0.01269	0.61153	0.26575	0.00869	0.01098	0.01038	0.00798	0.01060	0.00693	0.01001	0.00539	0.00371	0.00382	0.00124	0.00495	0.00341	0.00176	0.00479
152	0.01081	0.01131	0.01357	0.06557	0.13491	0.23554	0.19008	0.04243	0.10015	0.03981	0.00817	0.00948	0.00635	0.00376	0.00377	0.00109	0.00522	0.00338	0.00234	0.11225
153	0.00545	0.00483	0.00521	0.00527	0.00624	0.05670	0.02965	0.00646	0.01841	0.01009	0.02764	0.35162	0.40479	0.04315	0.00518	0.00147	0.00259	0.00856	0.00337	0.00333
154	0.00458	0.00386	0.00397	0.00399	0.00522	0.00325	0.00297	0.00559	0.00879	0.01059	0.07948	0.06850	0.76671	0.00970	0.00455	0.00130	0.00195	0.00814	0.00359	0.00325
155	0.01180	0.00647	0.00892	0.00767	0.00986	0.00625	0.05758	0.10242	0.04908	0.34527	0.01620	0.03394	0.02444	0.00684	0.00441	0.00140	0.00361	0.28577	0.01283	0.00526
156	0.04088	0.00821	0.01246	0.30507	0.22890	0.02449	0.06537	0.08414	0.07884	0.04646	0.00836	0.01044	0.00646	0.00522	0.04760	0.00148	0.01457	0.00356	0.00231	0.00519
157	0.01432	0.01827	0.01087	0.00988	0.01185	0.84986	0.00741	0.01531	0.01087	0.00938	0.00593	0.00691	0.00494	0.00395	0.00346	0.00099	0.00691	0.00247	0.00198	0.00444
158	0.00467	0.00334	0.00445	0.00534	0.00556	0.00311	0.00356	0.00534	0.00734	0.00979	0.02113	0.86275	0.02536	0.01201	0.00489	0.00156	0.00222	0.01090	0.00356	0.00311
159	0.00753	0.00611	0.01727	0.00730	0.08246	0.03691	0.00506	0.12140	0.00964	0.03840	0.08099	0.07988	0.26175	0.10805	0.08085	0.00199	0.00379	0.04338	0.00317	0.00407
160	0.60647	0.04795	0.09896	0.00719	0.01013	0.00914	0.09970	0.02198	0.04355	0.01576	0.00628	0.00729	0.00481	0.00360	0.00285	0.00119	0.00373	0.00255	0.00229	0.00458
161	0.00993	0.00815	0.00868	0.00775	0.00996	0.00934	0.00605	0.02029	0.79190	0.05878	0.01558	0.01424	0.01159	0.00518	0.00390	0.00129	0.00305	0.00431	0.00395	0.00609
162	0.00453	0.00388	0.00388	0.00388	0.00518	0.00324	0.00291	0.00550	0.00874	0.01036	0.03884	0.03690	0.83978	0.00971	0.00453	0.00129	0.00194	0.00809	0.00356	0.00324
163	0.01051	0.00878	0.01086	0.02718	0.19068	0.00968	0.01770	0.16644	0.44899	0.03476	0.02542	0.01240	0.00968	0.00469	0.00388	0.00123	0.00365	0.00399	0.00341	0.00608
164	0.03320	0.00695	0.00909	0.00698	0.00995	0.00630	0.00577	0.09688	0.01157	0.74935	0.01437	0.01255	0.00910	0.00471	0.00383	0.00118	0.00335	0.00378	0.00461	0.00648
165	0.01475	0.00937	0.01048	0.00809	0.01102	0.01000	0.00667	0.58453	0.03300	0.21604	0.01088	0.01044	0.00748	0.00464	0.00379	0.00115	0.00386	0.00357	0.04385	0.00638
166	0.00539	0.00392	0.00507	0.00479	0.00571	0.00360	0.00359	0.00717	0.01077	0.01517	0.80693	0.02897	0.06868	0.00791	0.00452	0.00121	0.00181	0.00698	0.00419	0.00360
167	0.00901	0.08315	0.60073	0.01037	0.01522	0.05419	0.04380	0.05497	0.04611	0.03662	0.00750	0.00845	0.00543	0.00377	0.00360	0.00117	0.00538	0.00295	0.00196	0.00561
168	0.00949	0.00911	0.01556	0.02353	0.84133	0.00911	0.01177	0.01177	0.00873	0.01253	0.00721	0.00949	0.00607	0.00342	0.00380	0.00114	0.00456	0.00342	0.00190	0.00607
169	0.89233	0.00741	0.00564	0.00504	0.00741	0.00860	0.00415	0.01127	0.00653	0.01720	0.00534	0.00623	0.00415	0.00356	0.00237	0.00119	0.00297	0.00208	0.00237	0.00415
170	0.01458	0.01074	0.01151	0.00882	0.01189	0.01189	0.00729	0.82855	0.01803	0.02416	0.00921	0.00921	0.00652	0.00460	0.00384	0.00115	0.00422	0.00345	0.00384	0.00652
171	0.01010	0.00742	0.00810	0.00709	0.00927	0.00809	0.00557	0.06718	0.53129	0.13147	0.03622	0.01742	0.13225	0.00581	0.00400	0.00127	0.00295	0.00482	0.00397	0.00570
172	0.89233	0.00741	0.00564	0.00504	0.00741	0.00860	0.00415	0.01127	0.00653	0.01720	0.00534	0.00623	0.00415	0.00356	0.00237	0.00119	0.00297	0.00208	0.00237	0.00415
173	0.00558	0.00372	0.00418	0.00418	0.00418	0.00372	0.00232	0.00558	0.00558	0.00743	0.01208	0.02509	0.01394	0.86525	0.01952	0.00372	0.00372	0.00558	0.00232	0.00232
174	0.00960	0.01095	0.02043	0.01492	0.01848	0.09094	0.68566	0.01319	0.07198	0.01229	0.00818	0.01031	0.00618	0.00345	0.00437	0.00126	0.00625	0.00431	0.00209	0.00517
175	0.00465	0.00390	0.00406	0.00412	0.00531	0.00334	0.00305	0.00578	0.02134	0.01058	0.06662	0.11438	0.72010	0.00979	0.00456	0.00132	0.00198	0.00826	0.00359	0.00328
176	0.00465	0.00343	0.00435	0.00509	0.00550	0.00314	0.00345	0.00537	0.00758	0.00989	0.02419	0.72009	0.16605	0.01161	0.00483	0.00151	0.00218	0.01041	0.00356	0.00314
177	0.00839	0.00839	0.01174	0.01007	0.01007	0.01174	0.00839	0.00923	0.00587	0.00923	0.00503	0.00839	0.00503	0.00671	0.01258	0.00168	0.85823	0.00336	0.00168	0.00419
178	0.01714	0.00663	0.00896	0.00687	0.00984	0.00579	0.00568	0.03897	0.01115	0.82346	0.01498	0.01295	0.00942	0.00474	0.00386	0.00119	0.00329	0.00385	0.00472	0.00653
179	0.01570	0.00619	0.00842	0.00657	0.00927	0.00538	0.00538	0.01722	0.01096	0.73813	0.12042	0.01504	0.01290	0.00514	0.00394	0.00119	0.00308	0.00425	0.00468	0.00615
180	0.00616	0.00441	0.00615	0.00702	0.00791	0.00440	0.00614	0.00791	0.00883	0.01146	0.02054	0.04317	0.03274	0.01058	0.00529	0.00176	0.00351	0.80499	0.00353	0.00353
181	0.03312	0.00739	0.02396	0.28016	0.38774	0.00775	0.00964	0.00993	0.00813	0.01139	0.02730	0.15741	0.00968	0.00513	0.00397	0.00126	0.00424	0.00473	0.00218	0.00488
182	0.00802	0.12193	0.73503	0.01047	0.01583	0.00967	0.02397	0.01206	0.00807	0.01177	0.00671	0.00789	0.00488	0.00359	0.00351	0.00117	0.00549	0.00276	0.00163	0.00557
183	0.00545	0.00403	0.00589	0.00593	0.00653	0.00461	0.00450	0.00665	0.00617	0.00881	0.01099	0.05855	0.01079	0.10755	0.72857	0.00570	0.00924	0.00459	0.00216	0.00330
184	0.00575	0.00443	0.00531	0.00500	0.00613	0.00426	0.00378	0.00848	0.10946	0.01450	0.58747	0.02849	0.18664	0.00788	0.00445	0.00123	0.00198	0.00684	0.00406	0.00384
185	0.02078	0.02028	0.01504	0.02458	0.38471	0.02296	0.15681	0.16443	0.09512	0.02335	0.00850	0.00998	0.00663	0.00389	0.00412	0.00119	0.02555	0.00367	0.00250	0.00587
186	0.00582	0.00563	0.00487	0.00471	0.00605	0.10582	0.00354	0.00688	0.00923	0.01080	0.12401	0.03235	0.64916	0.00880	0.00440	0.00125	0.00253	0.00728	0.00344	0.00343
187	0.00940	0.00492	0.00615	0.00562	0.00704	0.00454	0.00422	0.05236	0.00910	0.27447	0.01974	0.24025	0.14223	0.12843	0.00645	0.00167	0.00287	0.04315	0.03307	0.00431
188	0.06422	0.13996	0.11346	0.00894	0.04673	0.36706	0.00747	0.02873	0.02288	0.03051	0.09808	0.01070	0.03697	0.00444	0.00346	0.00106	0.00509	0.00323	0.00233	0.00470

[dist]
# distance from previous block
# <min> <max>
0	6

[block]
# block no. 2 follows, 71 sequences, length 85
# corresponding to MSA columns:
# 431-515
name=unknown_C
#
# <colnr> <probs for GDERKNQSTAVLIFYWHMCP>
#	G	D	E	R	K	N	Q	S	T	A	V	L	I	F	Y	W	H	M	C	P
0	0.08689	0.35708	0.24935	0.00870	0.03407	0.13521	0.00876	0.03507	0.03284	0.01138	0.00632	0.00723	0.00511	0.00360	0.00305	0.00102	0.00484	0.00248	0.00188	0.00510
1	0.01022	0.04458	0.20195	0.01508	0.34323	0.00984	0.02815	0.20558	0.05120	0.01519	0.00814	0.02043	0.00638	0.00393	0.00374	0.00115	0.00462	0.00339	0.00241	0.02077
