[name]
unknown

[dist]
# distance from previous block
# <min> <max>
0	22

[block]
# block no. 0 follows, 69 sequences, length 11
# corresponding to MSA columns:
# 24-30,33-36
name=unknown_A
#
# <colnr> <probs for GDERKNQSTAVLIFYWHMCP>
#	G	D	E	R	K	N	Q	S	T	A	V	L	I	F	Y	W	H	M	C	P
0	0.06435	0.00649	0.00756	0.07221	0.00956	0.00689	0.00543	0.25400	0.01089	0.03485	0.01448	0.31639	0.02596	0.05277	0.00503	0.00147	0.00330	0.02966	0.04707	0.03163
1	0.05665	0.00832	0.01249	0.29587	0.29896	0.02379	0.00984	0.05567	0.02646	0.10980	0.00822	0.01018	0.00625	0.00412	0.00437	0.00126	0.05648	0.00347	0.00238	0.00542
2	0.06266	0.00835	0.01184	0.35670	0.21440	0.04010	0.00960	0.08944	0.05011	0.04339	0.00863	0.01188	0.00696	0.00441	0.00407	0.00128	0.02207	0.04660	0.00237	0.00515
3	0.02479	0.00801	0.01085	0.19882	0.15257	0.03939	0.03332	0.11202	0.00978	0.04972	0.03007	0.06323	0.00816	0.00438	0.00371	0.00108	0.00409	0.00379	0.02967	0.21257
4	0.00916	0.00824	0.01295	0.24240	0.32196	0.00901	0.04793	0.05494	0.09100	0.03667	0.02419	0.01231	0.05195	0.00451	0.00453	0.00127	0.05523	0.00397	0.00240	0.00539
5	0.06274	0.00925	0.00991	0.00807	0.01082	0.01016	0.00651	0.36393	0.32492	0.08757	0.01204	0.01147	0.00874	0.00479	0.00381	0.00121	0.00363	0.00376	0.00385	0.05281
6	0.00472	0.00390	0.00414	0.00424	0.00539	0.00332	0.00312	0.00574	0.00891	0.01090	0.09736	0.14580	0.66874	0.01010	0.00468	0.00135	0.00201	0.00856	0.00369	0.00332
7	0.01005	0.00844	0.00909	0.03262	0.01068	0.00967	0.00635	0.11217	0.66953	0.01713	0.05874	0.01469	0.01250	0.00535	0.00401	0.00131	0.00324	0.00444	0.00393	0.00607
8	0.53421	0.00913	0.03767	0.00828	0.08141	0.05061	0.03944	0.09923	0.03502	0.04391	0.02463	0.00824	0.00593	0.00394	0.00305	0.00120	0.00374	0.00278	0.00265	0.00492
9	0.10192	0.02777	0.06586	0.05214	0.40229	0.06036	0.05114	0.05863	0.07864	0.05194	0.00826	0.00968	0.00645	0.00385	0.00372	0.00119	0.00461	0.00338	0.00238	0.00577
10	0.01997	0.03497	0.01135	0.06829	0.13439	0.07298	0.07044	0.12225	0.08324	0.04542	0.03125	0.09498	0.06812	0.02067	0.00486	0.00129	0.05833	0.00469	0.00285	0.04965

[dist]
# distance from previous block
# <min> <max>
2	18

[block]
# block no. 1 follows, 69 sequences, length 28
# corresponding to MSA columns:
# 55-82
name=unknown_B
#
# <colnr> <probs for GDERKNQSTAVLIFYWHMCP>
#	G	D	E	R	K	N	Q	S	T	A	V	L	I	F	Y	W	H	M	C	P
0	0.00923	0.00772	0.01089	0.12554	0.26682	0.01973	0.00795	0.05458	0.05967	0.06275	0.10100	0.01303	0.03804	0.00440	0.00378	0.00108	0.00378	0.00386	0.00272	0.20342
1	0.06586	0.01010	0.01067	0.07309	0.10277	0.11324	0.00746	0.32068	0.11552	0.04451	0.04718	0.05244	0.00923	0.00497	0.00387	0.00121	0.00429	0.00397	0.00326	0.00567
2	0.00555	0.00396	0.00452	0.00463	0.00564	0.00347	0.00332	0.00647	0.00857	0.05875	0.07581	0.26397	0.46255	0.06756	0.00573	0.00155	0.00226	0.00858	0.00366	0.00343
3	0.01068	0.00937	0.01511	0.02151	0.70312	0.00946	0.01120	0.10493	0.01012	0.05478	0.00800	0.00985	0.00643	0.00370	0.00389	0.00117	0.00455	0.00352	0.00231	0.00628
4	0.00975	0.00737	0.00861	0.00626	0.00967	0.00602	0.00505	0.09809	0.00953	0.09259	0.00804	0.00876	0.00627	0.00328	0.00311	0.00070	0.00310	0.00261	0.00273	0.70846
5	0.01028	0.02919	0.07832	0.01475	0.22562	0.00929	0.25235	0.11496	0.04514	0.07600	0.03274	0.05716	0.00850	0.00446	0.00435	0.00126	0.02294	0.00435	0.00263	0.00569
6	0.00928	0.00916	0.03200	0.12552	0.30823	0.04551	0.05312	0.05413	0.09698	0.01264	0.02291	0.06096	0.00816	0.00495	0.00541	0.00132	0.13793	0.00411	0.00234	0.00533
7	0.01394	0.00763	0.00909	0.00751	0.01017	0.00781	0.00603	0.05051	0.38184	0.43704	0.01546	0.01377	0.01061	0.00506	0.00396	0.00126	0.00327	0.00415	0.00443	0.00646
8	0.00757	0.00713	0.01205	0.79454	0.08400	0.00875	0.01097	0.01016	0.00792	0.01021	0.00700	0.01040	0.00530	0.00389	0.00392	0.00130	0.00519	0.00348	0.00176	0.00449
9	0.00965	0.00972	0.06039	0.16373	0.34498	0.00937	0.19751	0.05311	0.05710	0.04351	0.00831	0.01036	0.00640	0.00375	0.00406	0.00124	0.00511	0.00379	0.00223	0.00569
10	0.00475	0.00385	0.00423	0.00441	0.00544	0.00332	0.00320	0.00576	0.00881	0.01094	0.11107	0.22668	0.57328	0.01029	0.00472	0.00138	0.00204	0.00882	0.00370	0.00332
11	0.00463	0.00397	0.00397	0.00397	0.00530	0.00331	0.00298	0.00563	0.00894	0.01059	0.03971	0.03773	0.83618	0.00993	0.00463	0.00132	0.00199	0.00827	0.00364	0.00331
12	0.00820	0.00825	0.01169	0.76059	0.02537	0.10038	0.01053	0.01063	0.00820	0.00997	0.00687	0.01008	0.00521	0.00393	0.00388	0.00127	0.00543	0.00338	0.00177	0.00438
13	0.02826	0.00742	0.01173	0.66773	0.07482	0.00885	0.01025	0.07408	0.00890	0.05977	0.00764	0.01040	0.00564	0.00400	0.00389	0.00128	0.00496	0.00348	0.00212	0.00478
14	0.00585	0.00432	0.00575	0.05262	0.00681	0.00480	0.00405	0.00653	0.00614	0.00845	0.01163	0.06911	0.01253	0.45184	0.28700	0.00424	0.04774	0.00529	0.00229	0.00299
15	0.00858	0.00858	0.01201	0.01029	0.01029	0.01201	0.00858	0.00943	0.00600	0.00943	0.00515	0.00858	0.00515	0.00686	0.01287	0.00172	0.85505	0.00343	0.00172	0.00429
16	0.00699	0.00520	0.00652	0.00603	0.00704	0.01743	0.03607	0.00934	0.11476	0.05820	0.23138	0.17067	0.07043	0.20408	0.00835	0.00192	0.03147	0.00675	0.00349	0.00387
17	0.00481	0.00346	0.00457	0.00545	0.00573	0.00322	0.00368	0.00553	0.00759	0.01007	0.02223	0.81090	0.05476	0.01216	0.00500	0.00159	0.00230	0.03012	0.00364	0.00320
18	0.00687	0.00684	0.00878	0.02627	0.00960	0.09654	0.14825	0.00842	0.02032	0.01080	0.02318	0.23320	0.30598	0.00851	0.00478	0.00139	0.01918	0.05415	0.00310	0.00386
19	0.02544	0.01106	0.03988	0.01929	0.52156	0.12588	0.11254	0.04946	0.02211	0.01293	0.00751	0.00961	0.00616	0.01468	0.00411	0.00120	0.00519	0.00350	0.00208	0.00579
20	0.01076	0.05872	0.01297	0.10765	0.32241	0.23192	0.01925	0.05407	0.00962	0.01199	0.00740	0.00936	0.00608	0.00435	0.01367	0.01420	0.02399	0.00319	0.07324	0.00516
21	0.00895	0.00831	0.01447	0.38323	0.38725	0.00898	0.07922	0.01145	0.00856	0.04110	0.00753	0.01023	0.00588	0.00371	0.00396	0.00124	0.00502	0.00360	0.00196	0.00534
22	0.01102	0.05744	0.06795	0.14766	0.09749	0.01946	0.07336	0.07457	0.10137	0.19349	0.01064	0.04435	0.00817	0.01328	0.02152	0.00139	0.04434	0.00399	0.00295	0.00555
23	0.00934	0.00677	0.00925	0.05556	0.06528	0.02144	0.06699	0.12194	0.03708	0.13329	0.05393	0.12267	0.14842	0.00921	0.09371	0.00184	0.01476	0.02038	0.00334	0.00481
24	0.00532	0.00396	0.00450	0.00468	0.00569	0.00348	0.00343	0.00630	0.00863	0.03912	0.07578	0.22586	0.48378	0.05777	0.00559	0.00154	0.00229	0.05526	0.00365	0.00338
25	0.00694	0.00653	0.10167	0.03748	0.06808	0.00518	0.03753	0.00882	0.01845	0.03608	0.03309	0.16913	0.10859	0.08662	0.03669	0.00166	0.00346	0.00577	0.22418	0.00404
26	0.09121	0.02779	0.03920	0.10593	0.14659	0.09193	0.13844	0.11457	0.02738	0.09557	0.05719	0.01144	0.02677	0.00431	0.00388	0.00121	0.00472	0.00379	0.00272	0.00536
27	0.00781	0.02790	0.13570	0.12938	0.27855	0.00770	0.05684	0.02651	0.00850	0.01171	0.02026	0.17943	0.04687	0.02503	0.01934	0.00144	0.00447	0.00526	0.00236	0.00494

[dist]
# distance from previous block
# <min> <max>
3	93

[block]
# block no. 2 follows, 69 sequences, length 11
# corresponding to MSA columns:
# 198-208
name=unknown_C
#
# <colnr> <probs for GDERKNQSTAVLIFYWHMCP>
#	G	D	E	R	K	N	Q	S	T	A	V	L	I	F	Y	W	H	M	C	P
0	0.05785	0.00897	0.07785	0.16687	0.10746	0.07479	0.04247	0.03213	0.06153	0.10970	0.05225	0.08875	0.03285	0.02129	0.00444	0.00131	0.02302	0.00448	0.01666	0.01533
1	0.05039	0.00668	0.07209	0.00829	0.08736	0.00577	0.05204	0.05250	0.02837	0.02385	0.07170	0.23508	0.11666	0.00805	0.01956	0.00143	0.00333	0.06089	0.09169	0.00428
2	0.00547	0.00366	0.00477	0.00536	0.00584	0.00337	0.00366	0.00627	0.00796	0.05107	0.07353	0.68206	0.08207	0.03838	0.00538	0.00160	0.00233	0.01016	0.00370	0.00337
3	0.44852	0.06344	0.05613	0.02804	0.05230	0.05624	0.02413	0.01335	0.03310	0.15585	0.00779	0.00838	0.00573	0.00399	0.00333	0.00120	0.02803	0.00276	0.00270	0.00500
4	0.00787	0.02209	0.06701	0.06890	0.11031	0.02004	0.09976	0.01032	0.05172	0.05143	0.00993	0.01367	0.00858	0.07861	0.33670	0.00341	0.00704	0.00406	0.02404	0.00451
5	0.00479	0.00394	0.00421	0.00422	0.00541	0.00336	0.00313	0.00589	0.00918	0.01135	0.16266	0.09020	0.65852	0.00978	0.00466	0.00133	0.00198	0.00828	0.00375	0.00336
6	0.00918	0.25518	0.13576	0.00799	0.01068	0.04248	0.02374	0.02442	0.13046	0.03553	0.01136	0.01687	0.01028	0.00622	0.02641	0.00138	0.02939	0.17326	0.04447	0.00495
7	0.09078	0.02877	0.05472	0.08319	0.09880	0.09260	0.00772	0.22946	0.04714	0.13510	0.00940	0.01021	0.00695	0.00587	0.05691	0.00150	0.00479	0.00338	0.02710	0.00561
8	0.00838	0.01913	0.70787	0.01170	0.01709	0.05407	0.10257	0.01260	0.00854	0.01228	0.00708	0.00846	0.00508	0.00370	0.00381	0.00124	0.00595	0.00307	0.00171	0.00567
9	0.00527	0.00426	0.00466	0.00473	0.00592	0.00384	0.00357	0.02958	0.03269	0.01147	0.08236	0.15251	0.56810	0.00993	0.00470	0.00139	0.00223	0.06557	0.00370	0.00352
10	0.00966	0.11102	0.26506	0.02608	0.04108	0.05172	0.03478	0.04475	0.00912	0.11135	0.07219	0.02121	0.05506	0.01603	0.02680	0.00140	0.09114	0.00385	0.00253	0.00517

[dist]
# distance from previous block
# <min> <max>
0	1

[block]
# block no. 3 follows, 69 sequences, length 35
# corresponding to MSA columns:
# 210-244
name=unknown_D
#
# <colnr> <probs for GDERKNQSTAVLIFYWHMCP>
#	G	D	E	R	K	N	Q	S	T	A	V	L	I	F	Y	W	H	M	C	P
0	0.00880	0.05913	0.06288	0.32169	0.11367	0.11790	0.02300	0.03940	0.00874	0.01105	0.00900	0.13286	0.00839	0.00511	0.00413	0.00124	0.02665	0.00433	0.00217	0.03988
1	0.82146	0.00753	0.00620	0.03940	0.02351	0.00872	0.00469	0.01141	0.00681	0.01709	0.00585	0.00733	0.00468	0.00379	0.00257	0.00123	0.00316	0.01791	0.00241	0.00427
2	0.86649	0.00767	0.00592	0.00526	0.00770	0.00888	0.00433	0.03329	0.00699	0.01778	0.00556	0.00645	0.00431	0.00367	0.00247	0.00121	0.00307	0.00216	0.00247	0.00431
3	0.00475	0.00353	0.00442	0.00514	0.00560	0.00321	0.00350	0.00550	0.00782	0.01013	0.02553	0.68165	0.20141	0.01177	0.00492	0.00153	0.00221	0.01052	0.00364	0.00321
4	0.02671	0.05274	0.25275	0.02394	0.09621	0.02147	0.24331	0.05703	0.00922	0.08791	0.00793	0.00951	0.00590	0.00402	0.00479	0.00127	0.08393	0.00358	0.00222	0.00558
5	0.01167	0.06502	0.03046	0.02085	0.11547	0.26460	0.00710	0.02360	0.07266	0.15035	0.12068	0.02866	0.04214	0.00521	0.00389	0.00116	0.00452	0.02378	0.00305	0.00512
6	0.00560	0.00420	0.00630	0.00630	0.00700	0.00490	0.00490	0.00700	0.00630	0.00910	0.01050	0.01540	0.00980	0.02940	0.84669	0.00630	0.01050	0.00420	0.00210	0.00350
7	0.00925	0.01058	0.02313	0.01652	0.02049	0.00991	0.82353	0.01256	0.00925	0.01256	0.00793	0.01058	0.00595	0.00330	0.00463	0.00132	0.00661	0.00463	0.00198	0.00529
8	0.00773	0.00585	0.00792	0.01967	0.07615	0.00581	0.04527	0.09841	0.03742	0.05649	0.06759	0.19389	0.18101	0.03409	0.00515	0.00148	0.01345	0.12465	0.01364	0.00433
9	0.01759	0.00667	0.00910	0.00698	0.01001	0.00576	0.00576	0.01911	0.01122	0.84048	0.01547	0.01334	0.00970	0.00485	0.00394	0.00121	0.00334	0.00394	0.00485	0.00667
10	0.01490	0.01098	0.01177	0.00902	0.01216	0.01216	0.00745	0.82470	0.01843	0.02471	0.00941	0.00941	0.00667	0.00471	0.00392	0.00118	0.00431	0.00353	0.00392	0.00667
11	0.00839	0.00756	0.00947	0.08587	0.04236	0.02489	0.07408	0.03443	0.40356	0.01392	0.02862	0.08433	0.15311	0.00629	0.00422	0.00133	0.00348	0.00549	0.00342	0.00517
12	0.00779	0.03128	0.02216	0.00902	0.03237	0.04337	0.18060	0.04576	0.00973	0.03265	0.18645	0.09406	0.09905	0.00781	0.02633	0.00150	0.02928	0.13330	0.00317	0.00433
13	0.88991	0.00758	0.00576	0.00516	0.00758	0.00879	0.00425	0.01152	0.00667	0.01759	0.00546	0.00637	0.00425	0.00364	0.00243	0.00121	0.00303	0.00212	0.00243	0.00425
14	0.00925	0.01058	0.02313	0.01652	0.02049	0.00991	0.82353	0.01256	0.00925	0.01256	0.00793	0.01058	0.00595	0.00330	0.00463	0.00132	0.00661	0.00463	0.00198	0.00529
15	0.01109	0.39535	0.08432	0.00813	0.01117	0.13092	0.03186	0.07293	0.09199	0.05553	0.00870	0.04656	0.00747	0.00443	0.00333	0.00106	0.00456	0.02293	0.00243	0.00524
16	0.10990	0.00983	0.04111	0.06028	0.11023	0.07435	0.04967	0.19807	0.10205	0.10556	0.04786	0.01087	0.00830	0.00446	0.00394	0.00120	0.02161	0.00359	0.00309	0.03403
17	0.04254	0.05673	0.04141	0.04670	0.30326	0.18661	0.06128	0.09803	0.04861	0.05341	0.00814	0.02138	0.00650	0.00402	0.00376	0.00115	0.00506	0.00340	0.00241	0.00561
18	0.00740	0.00697	0.01176	0.85280	0.02700	0.00871	0.01089	0.01002	0.00784	0.01002	0.00697	0.01045	0.00523	0.00392	0.00392	0.00131	0.00523	0.00348	0.00174	0.00436
19	0.88991	0.00758	0.00576	0.00516	0.00758	0.00879	0.00425	0.01152	0.00667	0.01759	0.00546	0.00637	0.00425	0.00364	0.00243	0.00121	0.00303	0.00212	0.00243	0.00425
20	0.80364	0.00792	0.00635	0.00554	0.00803	0.00913	0.00456	0.09170	0.00783	0.01829	0.00585	0.00667	0.00448	0.00374	0.00257	0.00121	0.00316	0.00226	0.00257	0.00448
21	0.01048	0.86458	0.02054	0.00671	0.01006	0.01551	0.00671	0.01174	0.00797	0.00922	0.00545	0.00629	0.00503	0.00335	0.00252	0.00084	0.00419	0.00210	0.00168	0.00503
22	0.01422	0.01064	0.01138	0.00888	0.01190	0.01184	0.00729	0.71850	0.12574	0.02361	0.01028	0.01010	0.00737	0.00479	0.00393	0.00120	0.00415	0.00365	0.00393	0.00661
23	0.01426	0.01050	0.01131	0.00879	0.01175	0.01159	0.00721	0.77286	0.01774	0.02378	0.01018	0.06321	0.00789	0.00519	0.00399	0.00120	0.00418	0.00401	0.00390	0.00645
24	0.03853	0.00937	0.03529	0.07005	0.72230	0.00933	0.01168	0.01184	0.00870	0.01271	0.00722	0.00957	0.00603	0.00362	0.00407	0.00119	0.02716	0.00343	0.00193	0.00598
25	0.00691	0.00596	0.00942	0.06373	0.23892	0.00587	0.05890	0.00836	0.01923	0.01104	0.05630	0.18056	0.17765	0.01932	0.02770	0.09333	0.00368	0.00621	0.00272	0.00417
26	0.00478	0.00341	0.00455	0.00546	0.00569	0.00318	0.00364	0.00546	0.00751	0.01001	0.02161	0.85966	0.02593	0.01228	0.00500	0.00159	0.00227	0.01114	0.00364	0.00318
27	0.00557	0.00480	0.04178	0.00524	0.00640	0.00402	0.00422	0.00728	0.02167	0.01307	0.41274	0.05355	0.22321	0.07994	0.00596	0.00155	0.00245	0.09919	0.00377	0.00360
28	0.00964	0.09285	0.28985	0.02738	0.29917	0.05064	0.05713	0.04029	0.00907	0.03332	0.00730	0.00885	0.00568	0.00363	0.00368	0.00114	0.00509	0.00314	0.00199	0.05015
29	0.00743	0.00406	0.00549	0.00538	0.00558	0.02746	0.00366	0.00622	0.02653	0.03185	0.00728	0.01189	0.00698	0.01288	0.01436	0.81213	0.00350	0.00342	0.00186	0.00204
30	0.00525	0.00379	0.00472	0.00522	0.00575	0.00361	0.00365	0.00634	0.02681	0.01054	0.06938	0.46748	0.13704	0.11365	0.02903	0.00191	0.00271	0.06631	0.03356	0.00326
31	0.02589	0.00892	0.04161	0.20452	0.36226	0.02717	0.07310	0.04442	0.00899	0.03274	0.00828	0.05630	0.00702	0.00411	0.00389	0.00118	0.00467	0.00385	0.00218	0.07891
32	0.02387	0.11332	0.44202	0.01116	0.06722	0.03216	0.06711	0.06812	0.03813	0.04426	0.00762	0.00873	0.00568	0.00389	0.00391	0.00119	0.03040	0.00308	0.00210	0.02604
33	0.01615	0.05109	0.06949	0.00668	0.02347	0.01722	0.02181	0.02516	0.02803	0.05360	0.05081	0.45552	0.08422	0.03046	0.02548	0.00159	0.00319	0.01645	0.00330	0.01629
34	0.18117	0.06407	0.04104	0.06768	0.14450	0.10858	0.03166	0.05032	0.02556	0.04455	0.01907	0.05687	0.04587	0.02400	0.04601	0.02268	0.00458	0.00381	0.00247	0.01551

[dist]
# distance from previous block
# <min> <max>
1	20

[block]
# block no. 4 follows, 69 sequences, length 20
# corresponding to MSA columns:
# 265-284
name=unknown_E
#
# <colnr> <probs for GDERKNQSTAVLIFYWHMCP>
#	G	D	E	R	K	N	Q	S	T	A	V	L	I	F	Y	W	H	M	C	P
0	0.06361	0.05872	0.03178	0.08483	0.12131	0.10110	0.07809	0.08705	0.04435	0.02695	0.04247	0.02736	0.04895	0.00468	0.00419	0.00116	0.04647	0.01571	0.01600	0.09522
1	0.10494	0.13958	0.08285	0.06315	0.10196	0.09135	0.06018	0.06580	0.05742	0.09902	0.00914	0.01024	0.02830	0.00421	0.00375	0.00115	0.02433	0.01222	0.00255	0.03787
2	0.00794	0.02794	0.00744	0.03790	0.02629	0.01523	0.01972	0.02512	0.03311	0.11317	0.06097	0.22816	0.02706	0.03594	0.07205	0.01337	0.00381	0.17760	0.01451	0.05266
3	0.01076	0.01001	0.01089	0.22721	0.10408	0.16426	0.00824	0.12902	0.16890	0.04799	0.04061	0.01223	0.03934	0.00469	0.00391	0.00122	0.00465	0.00383	0.00285	0.00531
4	0.01440	0.00648	0.00843	0.00690	0.00939	0.00601	0.00556	0.05192	0.09128	0.56956	0.06272	0.10233	0.01337	0.00600	0.00413	0.00128	0.00317	0.02654	0.00454	0.00601
5	0.00477	0.00343	0.00453	0.00541	0.00567	0.00319	0.00362	0.00546	0.00755	0.01003	0.02221	0.83237	0.05284	0.01220	0.00499	0.00158	0.00226	0.01105	0.00364	0.00319
6	0.00786	0.02028	0.84191	0.01117	0.01697	0.00910	0.01448	0.01242	0.00828	0.01242	0.00704	0.00828	0.00497	0.00372	0.00372	0.00124	0.00579	0.00290	0.00166	0.00579
7	0.00476	0.00394	0.00418	0.00420	0.00539	0.00335	0.00312	0.00585	0.00912	0.01122	0.14195	0.09163	0.67811	0.00984	0.00466	0.00133	0.00199	0.00831	0.00373	0.00335
8	0.88991	0.00758	0.00576	0.00516	0.00758	0.00879	0.00425	0.01152	0.00667	0.01759	0.00546	0.00637	0.00425	0.00364	0.00243	0.00121	0.00303	0.00212	0.00243	0.00425
9	0.01079	0.00657	0.00702	0.00586	0.00773	0.00695	0.00468	0.31241	0.01220	0.07164	0.01171	0.01260	0.00877	0.00464	0.00326	0.00103	0.00285	0.00363	0.50070	0.00497
10	0.00478	0.00341	0.00455	0.00546	0.00569	0.00318	0.00364	0.00546	0.00751	0.01001	0.02161	0.85966	0.02593	0.01228	0.00500	0.00159	0.00227	0.01114	0.00364	0.00318
11	0.01395	0.01079	0.01149	0.08928	0.01334	0.05579	0.00765	0.68005	0.01673	0.02221	0.00910	0.00954	0.00654	0.00459	0.00387	0.00117	0.00447	0.00348	0.02971	0.00625
12	0.01214	0.00739	0.00889	0.00755	0.04372	0.00723	0.00576	0.20958	0.07688	0.25719	0.10013	0.01523	0.05673	0.04047	0.00455	0.00124	0.00331	0.00429	0.02082	0.11688
13	0.02461	0.16477	0.08106	0.05493	0.23447	0.05109	0.07702	0.09088	0.05005	0.03819	0.00795	0.00981	0.00645	0.00480	0.02835	0.00132	0.05191	0.01455	0.00227	0.00552
14	0.01464	0.01868	0.01111	0.01010	0.01212	0.84648	0.00757	0.01565	0.01111	0.00959	0.00606	0.00707	0.00505	0.00404	0.00353	0.00101	0.00707	0.00252	0.00202	0.00454
15	0.00901	0.00632	0.02499	0.04985	0.05592	0.04293	0.01992	0.01059	0.00910	0.17966	0.14646	0.09547	0.06885	0.03211	0.09217	0.00189	0.05125	0.05184	0.04719	0.00448
16	0.00499	0.00391	0.00405	0.00408	0.00527	0.00336	0.00303	0.00611	0.00891	0.01131	0.08492	0.08053	0.65200	0.00936	0.00445	0.00129	0.00198	0.00786	0.09923	0.00336
17	0.01413	0.01050	0.01138	0.02951	0.01220	0.01164	0.00734	0.74150	0.05123	0.02346	0.01007	0.04093	0.00756	0.00499	0.00396	0.00120	0.00421	0.00385	0.00386	0.00646
18	0.00915	0.00825	0.01104	0.13269	0.15352	0.00922	0.05195	0.01661	0.48571	0.01454	0.04224	0.01386	0.02395	0.00487	0.00403	0.00129	0.00380	0.00430	0.00321	0.00575
19	0.01109	0.00796	0.00845	0.00701	0.00892	0.03504	0.00562	0.39683	0.01284	0.01841	0.01034	0.01186	0.00807	0.02889	0.05506	0.00149	0.05794	0.00363	0.30544	0.00511

[dist]
# distance from previous block
# <min> <max>
2	8

[block]
# block no. 5 follows, 69 sequences, length 8
# corresponding to MSA columns:
# 293-300
name=unknown_F
#
# <colnr> <probs for GDERKNQSTAVLIFYWHMCP>
#	G	D	E	R	K	N	Q	S	T	A	V	L	I	F	Y	W	H	M	C	P
0	0.00574	0.00440	0.00532	0.00508	0.00620	0.00417	0.00386	0.00821	0.08162	0.01451	0.56055	0.03042	0.20765	0.00830	0.00460	0.00128	0.00206	0.03808	0.00411	0.00383
1	0.00750	0.07066	0.09392	0.00715	0.03914	0.00701	0.00596	0.01214	0.24112	0.01458	0.33921	0.02057	0.07752	0.00630	0.00409	0.00122	0.00289	0.00535	0.03887	0.00478
2	0.06406	0.00733	0.01195	0.68438	0.13759	0.00880	0.01062	0.01039	0.00791	0.01089	0.00693	0.01009	0.00530	0.00384	0.00382	0.00128	0.00501	0.00340	0.00181	0.00460
3	0.00470	0.00394	0.00409	0.00413	0.00536	0.00332	0.00307	0.00572	0.00897	0.01086	0.08622	0.09200	0.73428	0.00997	0.00466	0.00134	0.00200	0.00839	0.00368	0.00332
4	0.01048	0.86458	0.02054	0.00671	0.01006	0.01551	0.00671	0.01174	0.00797	0.00922	0.00545	0.00629	0.00503	0.00335	0.00252	0.00084	0.00419	0.00210	0.00168	0.00503
5	0.00478	0.00341	0.00455	0.00546	0.00569	0.00318	0.00364	0.00546	0.00751	0.01001	0.02161	0.85966	0.02593	0.01228	0.00500	0.00159	0.00227	0.01114	0.00364	0.00318
6	0.01261	0.01666	0.09439	0.04878	0.01383	0.57436	0.08024	0.01423	0.01004	0.01014	0.00628	0.00779	0.00514	0.00420	0.00454	0.00114	0.08613	0.00287	0.00194	0.00470
7	0.01435	0.01217	0.04706	0.00989	0.04839	0.10596	0.00796	0.66359	0.01676	0.02196	0.00884	0.00911	0.00639	0.00454	0.00387	0.00116	0.00470	0.00339	0.00352	0.00637

[dist]
# distance from previous block
# <min> <max>
3	6

[block]
# block no. 6 follows, 69 sequences, length 13
# corresponding to MSA columns:
# 307-319
name=unknown_G
#
# <colnr> <probs for GDERKNQSTAVLIFYWHMCP>
#	G	D	E	R	K	N	Q	S	T	A	V	L	I	F	Y	W	H	M	C	P
0	0.00471	0.00397	0.00408	0.00405	0.00534	0.00334	0.00304	0.00577	0.00911	0.01101	0.10531	0.03703	0.77032	0.00977	0.00463	0.00132	0.00197	0.00818	0.00370	0.00334
1	0.00752	0.00946	0.20803	0.01121	0.17426	0.00658	0.06631	0.02278	0.00876	0.04632	0.05438	0.24605	0.10795	0.00696	0.00433	0.00133	0.00392	0.00626	0.00280	0.00479
2	0.00901	0.01183	0.20698	0.13724	0.33109	0.00940	0.18778	0.03679	0.00898	0.01263	0.00742	0.00966	0.00574	0.00360	0.00401	0.00124	0.00541	0.00360	0.00192	0.00566
3	0.00890	0.01070	0.08167	0.01496	0.01874	0.00939	0.67931	0.01209	0.00905	0.01252	0.00901	0.01139	0.03136	0.00368	0.00465	0.00130	0.02541	0.00453	0.04617	0.00516
4	0.01082	0.79568	0.01977	0.00698	0.01023	0.08320	0.00678	0.01206	0.00822	0.00925	0.00550	0.00635	0.00503	0.00341	0.00260	0.00085	0.00443	0.00213	0.00170	0.00499
5	0.00570	0.00380	0.00428	0.00428	0.00428	0.00380	0.00238	0.00570	0.00570	0.00760	0.01235	0.02566	0.01425	0.86222	0.01995	0.00380	0.00380	0.00570	0.00238	0.00238
6	0.00608	0.00433	0.00600	0.00687	0.00765	0.00430	0.00581	0.00767	0.00870	0.01135	0.02061	0.15946	0.02277	0.03855	0.00583	0.00184	0.00343	0.67166	0.00357	0.00351
7	0.00857	0.13474	0.26288	0.01340	0.21646	0.00940	0.10290	0.01178	0.05087	0.01200	0.00953	0.09517	0.00865	0.00483	0.00391	0.00124	0.00479	0.04131	0.00217	0.00539
8	0.00736	0.00669	0.01104	0.61323	0.10777	0.00793	0.00989	0.00967	0.00795	0.01035	0.00912	0.04477	0.00817	0.04781	0.00490	0.00147	0.00484	0.08067	0.00204	0.00434
9	0.00899	0.04473	0.02672	0.00666	0.01000	0.00652	0.02971	0.02963	0.05164	0.05442	0.00783	0.00877	0.00628	0.00334	0.00339	0.00075	0.02871	0.00265	0.00250	0.66679
10	0.00543	0.01995	0.00550	0.00549	0.00631	0.00402	0.02099	0.03539	0.00864	0.01129	0.10590	0.48160	0.21810	0.01109	0.02664	0.00158	0.00260	0.02242	0.00361	0.00348
11	0.00797	0.00683	0.00794	0.00572	0.00911	0.00514	0.00457	0.00968	0.00817	0.01267	0.00847	0.00948	0.04380	0.00322	0.00298	0.00061	0.00286	0.00259	0.00238	0.84580
12	0.02797	0.01140	0.17183	0.06172	0.24043	0.03486	0.07929	0.08426	0.10730	0.04871	0.00870	0.00998	0.00663	0.00402	0.00412	0.00120	0.03194	0.00348	0.00245	0.05973

[dist]
# distance from previous block
# <min> <max>
0	20

[block]
# block no. 7 follows, 69 sequences, length 34
# corresponding to MSA columns:
# 342-375
name=unknown_H
#
# <colnr> <probs for GDERKNQSTAVLIFYWHMCP>
#	G	D	E	R	K	N	Q	S	T	A	V	L	I	F	Y	W	H	M	C	P
0	0.06537	0.24302	0.46913	0.01007	0.01472	0.03539	0.08714	0.01229	0.00827	0.01183	0.00657	0.00781	0.00503	0.00359	0.00340	0.00113	0.00530	0.00279	0.00175	0.00541
1	0.00890	0.00878	0.05714	0.23039	0.43693	0.00854	0.05975	0.01134	0.00873	0.04328	0.03841	0.05380	0.00813	0.00426	0.00401	0.00124	0.00471	0.00406	0.00216	0.00544
2	0.00569	0.00385	0.00451	0.00451	0.00460	0.00392	0.00267	0.00587	0.00586	0.00791	0.02688	0.02461	0.01418	0.75664	0.10932	0.00403	0.00449	0.00556	0.00238	0.00252
3	0.01149	0.52874	0.03385	0.00809	0.01083	0.25902	0.00727	0.01271	0.00873	0.00942	0.00564	0.00675	0.00504	0.00385	0.00369	0.00097	0.07493	0.00235	0.00178	0.00484
4	0.00504	0.00359	0.00467	0.00531	0.00574	0.00335	0.00369	0.00598	0.00817	0.01105	0.14236	0.61899	0.06900	0.02562	0.00513	0.00155	0.00227	0.04569	0.02950	0.00329
5	0.00477	0.00398	0.00416	0.00411	0.00538	0.00337	0.00308	0.00589	0.00925	0.01135	0.15679	0.03649	0.71863	0.00965	0.00463	0.00131	0.00197	0.00810	0.00374	0.00337
6	0.01490	0.01098	0.01177	0.00902	0.01216	0.01216	0.00745	0.82470	0.01843	0.02471	0.00941	0.00941	0.00667	0.00471	0.00392	0.00118	0.00431	0.00353	0.00392	0.00667
7	0.00695	0.00362	0.00378	0.00391	0.00473	0.00359	0.00287	0.00861	0.00812	0.01396	0.01404	0.13427	0.01230	0.00566	0.00306	0.00101	0.00189	0.00471	0.75933	0.00359
8	0.01490	0.01098	0.01177	0.00902	0.01216	0.01216	0.00745	0.82470	0.01843	0.02471	0.00941	0.00941	0.00667	0.00471	0.00392	0.00118	0.00431	0.00353	0.00392	0.00667
9	0.00483	0.00345	0.00461	0.00552	0.00577	0.00323	0.00374	0.00556	0.00756	0.01007	0.02158	0.83004	0.02581	0.01223	0.00502	0.00160	0.00232	0.04022	0.00364	0.00320
10	0.00555	0.00401	0.00524	0.00493	0.00586	0.00370	0.00370	0.00740	0.01110	0.01572	0.83570	0.02928	0.03699	0.00801	0.00462	0.00123	0.00185	0.00709	0.00432	0.00370
11	0.00496	0.00360	0.00468	0.00522	0.00570	0.00332	0.00361	0.00596	0.00852	0.01150	0.22936	0.59202	0.08494	0.01104	0.00488	0.00148	0.00215	0.00992	0.00381	0.00332
12	0.01464	0.01868	0.01111	0.01010	0.01212	0.84648	0.00757	0.01565	0.01111	0.00959	0.00606	0.00707	0.00505	0.00404	0.00353	0.00101	0.00707	0.00252	0.00202	0.00454
13	0.00570	0.00382	0.00439	0.00439	0.00443	0.00386	0.00252	0.00578	0.00574	0.00769	0.01224	0.02506	0.01399	0.81371	0.06811	0.00395	0.00419	0.00561	0.00236	0.00244
14	0.00555	0.00401	0.00524	0.00493	0.00586	0.00370	0.00370	0.00740	0.01110	0.01572	0.83570	0.02928	0.03699	0.00801	0.00462	0.00123	0.00185	0.00709	0.00432	0.00370
15	0.00883	0.00755	0.00860	0.00662	0.03379	0.03303	0.00508	0.03878	0.00868	0.03133	0.00722	0.00830	0.00591	0.00306	0.00301	0.00065	0.00315	0.00244	0.00241	0.78154
16	0.01078	0.14372	0.02454	0.00805	0.01061	0.06829	0.02451	0.18168	0.36918	0.01613	0.06566	0.01322	0.03666	0.00505	0.00378	0.00119	0.00380	0.00402	0.00341	0.00572
17	0.00935	0.03923	0.06074	0.03747	0.01070	0.00703	0.00619	0.03048	0.03168	0.09303	0.00786	0.00892	0.00621	0.00373	0.00419	0.00087	0.09415	0.00276	0.00250	0.54291
18	0.03046	0.00908	0.09008	0.04429	0.17488	0.04720	0.07945	0.07158	0.03942	0.11442	0.01400	0.09680	0.10420	0.02529	0.02872	0.00147	0.01571	0.00491	0.00288	0.00517
19	0.04776	0.16674	0.20158	0.04166	0.11127	0.00927	0.14174	0.02238	0.00849	0.04414	0.00980	0.15918	0.00918	0.00513	0.00386	0.00123	0.00462	0.00460	0.00229	0.00509
20	0.00740	0.00697	0.01176	0.85280	0.02700	0.00871	0.01089	0.01002	0.00784	0.01002	0.00697	0.01045	0.00523	0.00392	0.00392	0.00131	0.00523	0.00348	0.00174	0.00436
21	0.88991	0.00758	0.00576	0.00516	0.00758	0.00879	0.00425	0.01152	0.00667	0.01759	0.00546	0.00637	0.00425	0.00364	0.00243	0.00121	0.00303	0.00212	0.00243	0.00425
22	0.00954	0.13004	0.35550	0.04219	0.04933	0.02146	0.15403	0.01260	0.00875	0.10774	0.00894	0.06667	0.00718	0.00431	0.00384	0.00122	0.00515	0.00381	0.00224	0.00547
23	0.00632	0.00451	0.00632	0.00722	0.00812	0.00451	0.00632	0.00812	0.00902	0.01173	0.02076	0.04422	0.02256	0.01083	0.00541	0.00180	0.00361	0.81138	0.00361	0.00361
24	0.00533	0.00364	0.00459	0.00528	0.00580	0.00344	0.00379	0.00636	0.00795	0.01096	0.02195	0.55085	0.10152	0.01073	0.00469	0.00149	0.00235	0.11302	0.13294	0.00332
25	0.00780	0.00757	0.03996	0.14025	0.27151	0.00760	0.07392	0.02168	0.00848	0.01179	0.03799	0.11675	0.07336	0.00660	0.03137	0.00148	0.06712	0.03004	0.03995	0.00477
26	0.00740	0.00692	0.01155	0.72632	0.07450	0.00848	0.01043	0.00983	0.00784	0.01017	0.00789	0.06500	0.00662	0.00451	0.00422	0.00133	0.02676	0.00398	0.00188	0.00439
27	0.00583	0.00437	0.00500	0.00513	0.00583	0.00432	0.00360	0.00759	0.09427	0.01025	0.04324	0.14183	0.20431	0.33779	0.01060	0.00237	0.00303	0.10417	0.00320	0.00329
28	0.00933	0.00895	0.05346	0.10928	0.13740	0.03292	0.09058	0.04930	0.29724	0.03492	0.06705	0.02534	0.03123	0.00489	0.00403	0.00126	0.00409	0.00436	0.02885	0.00550
29	0.02787	0.05076	0.10251	0.01472	0.27094	0.02189	0.15139	0.11817	0.03180	0.02523	0.00866	0.05663	0.00733	0.01367	0.00461	0.00126	0.05200	0.00398	0.01281	0.02376
30	0.00570	0.00380	0.00428	0.00428	0.00428	0.00380	0.00238	0.00570	0.00570	0.00760	0.01235	0.02566	0.01425	0.86222	0.01995	0.00380	0.00380	0.00570	0.00238	0.00238
31	0.00497	0.00344	0.00448	0.00529	0.00555	0.00324	0.00353	0.00570	0.00747	0.01018	0.02065	0.77046	0.02443	0.04961	0.00553	0.00165	0.00231	0.01044	0.05787	0.00318
32	0.00868	0.01960	0.01303	0.18816	0.42379	0.00874	0.02197	0.03654	0.04093	0.01213	0.01967	0.10068	0.00879	0.02015	0.00488	0.00133	0.05900	0.00442	0.00224	0.00527
33	0.04938	0.08398	0.09740	0.06179	0.11702	0.10890	0.01921	0.03974	0.05015	0.01260	0.00801	0.03326	0.00676	0.00400	0.00353	0.00101	0.01560	0.01494	0.02466	0.24805

[dist]
# distance from previous block
# <min> <max>
1	13

[block]
# block no. 8 follows, 69 sequences, length 25
# corresponding to MSA columns:
# 395-417,419,420
name=unknown_I
#
# <colnr> <probs for GDERKNQSTAVLIFYWHMCP>
#	G	D	E	R	K	N	Q	S	T	A	V	L	I	F	Y	W	H	M	C	P
0	0.21543	0.00892	0.00947	0.02746	0.03579	0.00967	0.00633	0.32164	0.14866	0.08023	0.00968	0.00978	0.00708	0.00434	0.00349	0.00116	0.00364	0.00327	0.00339	0.09056
1	0.03249	0.00500	0.00638	0.00616	0.00720	0.00532	0.00465	0.09319	0.02353	0.06923	0.02457	0.23546	0.02417	0.07423	0.32603	0.00342	0.00583	0.01792	0.03126	0.00397
2	0.00499	0.00365	0.00465	0.00514	0.00567	0.00336	0.00357	0.00596	0.00842	0.01124	0.19734	0.52701	0.13243	0.04443	0.00547	0.00157	0.00223	0.02586	0.00373	0.00329
3	0.00570	0.00380	0.00428	0.00428	0.00428	0.00380	0.00238	0.00570	0.00570	0.00760	0.01235	0.02566	0.01425	0.86222	0.01995	0.00380	0.00380	0.00570	0.00238	0.00238
4	0.00505	0.00375	0.00453	0.00493	0.00552	0.00345	0.00343	0.00590	0.00808	0.01050	0.11261	0.37658	0.23921	0.14270	0.00720	0.00184	0.00247	0.05554	0.00352	0.00317
5	0.00555	0.00401	0.00524	0.00493	0.00586	0.00370	0.00370	0.00740	0.01110	0.01572	0.83570	0.02928	0.03699	0.00801	0.00462	0.00123	0.00185	0.00709	0.00432	0.00370
6	0.00481	0.00346	0.00457	0.00544	0.00573	0.00322	0.00368	0.00553	0.00760	0.01007	0.02235	0.80573	0.05985	0.01215	0.00500	0.00159	0.00229	0.03010	0.00364	0.00320
7	0.00813	0.00697	0.00813	0.00581	0.00929	0.00523	0.00465	0.00987	0.00813	0.01277	0.00697	0.00813	0.00581	0.00290	0.00290	0.00058	0.00290	0.00232	0.00232	0.88619
8	0.00587	0.00451	0.02363	0.04592	0.02469	0.00409	0.03814	0.00691	0.00784	0.05049	0.01973	0.69728	0.03413	0.01077	0.00483	0.00153	0.00276	0.00980	0.00347	0.00361
9	0.00930	0.00722	0.00851	0.00619	0.00954	0.00583	0.00499	0.05865	0.00894	0.07965	0.00775	0.00863	0.00615	0.00326	0.00327	0.00069	0.02228	0.00255	0.00261	0.74400
10	0.00731	0.00365	0.00365	0.00365	0.00457	0.00365	0.00274	0.00913	0.00822	0.01462	0.01279	0.01462	0.01005	0.00457	0.00274	0.00091	0.00183	0.00365	0.88399	0.00365
11	0.00513	0.00398	0.00470	0.00472	0.00576	0.00354	0.00357	0.00650	0.00967	0.01266	0.35236	0.10729	0.38828	0.00944	0.00472	0.00135	0.00208	0.06688	0.00391	0.00347
12	0.01171	0.07185	0.08751	0.02201	0.04122	0.12888	0.00757	0.18458	0.21386	0.09075	0.03372	0.03581	0.00915	0.00540	0.02163	0.00131	0.02028	0.00382	0.00320	0.00571
13	0.01420	0.01794	0.01118	0.01011	0.01199	0.78504	0.00765	0.01520	0.01073	0.00958	0.00599	0.00718	0.00506	0.00425	0.00422	0.00106	0.06951	0.00259	0.00200	0.00453
14	0.01490	0.01098	0.01177	0.00902	0.01216	0.01216	0.00745	0.82470	0.01843	0.02471	0.00941	0.00941	0.00667	0.00471	0.00392	0.00118	0.00431	0.00353	0.00392	0.00667
15	0.00740	0.00697	0.01176	0.85280	0.02700	0.00871	0.01089	0.01002	0.00784	0.01002	0.00697	0.01045	0.00523	0.00392	0.00392	0.00131	0.00523	0.00348	0.00174	0.00436
16	0.00570	0.00432	0.00636	0.00631	0.00694	0.00506	0.00486	0.00700	0.00625	0.00902	0.01044	0.01581	0.00992	0.07959	0.76927	0.00600	0.03731	0.00427	0.00210	0.00346
17	0.00642	0.00434	0.00529	0.00568	0.00645	0.00437	0.00445	0.00831	0.05780	0.01156	0.01803	0.08164	0.05545	0.18922	0.00781	0.00199	0.00311	0.34599	0.17862	0.00348
18	0.01177	0.39861	0.01498	0.00800	0.01079	0.20511	0.00688	0.10262	0.18173	0.01249	0.00822	0.00855	0.00666	0.00407	0.00321	0.00102	0.00464	0.00284	0.00248	0.00534
19	0.03866	0.08824	0.13180	0.05017	0.16789	0.11298	0.06670	0.08816	0.04902	0.03905	0.00873	0.03524	0.01991	0.00498	0.02527	0.00131	0.04027	0.00356	0.00235	0.02575
20	0.01018	0.12752	0.31356	0.01101	0.04416	0.06769	0.12770	0.09133	0.04504	0.05729	0.00822	0.02861	0.00638	0.00418	0.00414	0.00120	0.04051	0.00343	0.00228	0.00557
21	0.00748	0.00671	0.02022	0.17361	0.04905	0.01820	0.02813	0.04945	0.04961	0.01126	0.03502	0.19490	0.04333	0.01838	0.05729	0.03027	0.16717	0.02184	0.01389	0.00419
22	0.00524	0.00368	0.00452	0.00495	0.00521	0.00354	0.00321	0.00576	0.00705	0.00936	0.05242	0.39779	0.07038	0.35392	0.02508	0.00254	0.00304	0.03628	0.00313	0.00291
23	0.00915	0.07965	0.04415	0.00827	0.06181	0.09243	0.05920	0.06363	0.04722	0.05445	0.08830	0.09075	0.08071	0.01766	0.00436	0.00122	0.03341	0.00486	0.15415	0.00462
24	0.02306	0.12912	0.25370	0.03211	0.16901	0.09776	0.07389	0.07117	0.02275	0.03898	0.00782	0.02241	0.00628	0.00406	0.00385	0.00117	0.01906	0.01609	0.00215	0.00554

[dist]
# distance from previous block
# <min> <max>
0	2

[block]
# block no. 9 follows, 69 sequences, length 30
# corresponding to MSA columns:
# 423-452
name=unknown_J
#
# <colnr> <probs for GDERKNQSTAVLIFYWHMCP>
#	G	D	E	R	K	N	Q	S	T	A	V	L	I	F	Y	W	H	M	C	P
0	0.00509	0.00398	0.00469	0.00510	0.00607	0.00358	0.00394	0.00624	0.00871	0.01089	0.05495	0.21767	0.44211	0.01060	0.00490	0.00149	0.00243	0.20053	0.00365	0.00337
1	0.02348	0.00521	0.04282	0.00696	0.00802	0.00474	0.00606	0.02508	0.00874	0.01174	0.01897	0.13183	0.02064	0.05046	0.00599	0.01473	0.00353	0.58832	0.01902	0.00365
2	0.08253	0.02854	0.13312	0.03426	0.09010	0.09818	0.07583	0.13261	0.14288	0.09735	0.00984	0.03085	0.00749	0.00445	0.00390	0.00122	0.01464	0.00365	0.00289	0.00568
3	0.07835	0.00841	0.00964	0.02032	0.03042	0.03753	0.01474	0.29450	0.02732	0.17881	0.03351	0.01214	0.00864	0.03817	0.06970	0.00171	0.07383	0.01165	0.04511	0.00550
4	0.00490	0.00365	0.00505	0.00570	0.00609	0.00338	0.02717	0.00567	0.00763	0.01011	0.02212	0.79424	0.06579	0.01191	0.00497	0.00157	0.00238	0.01081	0.00359	0.00325
5	0.78234	0.00895	0.00642	0.00576	0.00814	0.11175	0.00465	0.01203	0.00722	0.01661	0.00553	0.00645	0.00434	0.00369	0.00256	0.00119	0.00353	0.00217	0.00238	0.00428
6	0.00559	0.00398	0.00534	0.00540	0.00577	0.00433	0.00376	0.00635	0.00613	0.00853	0.01200	0.07497	0.01272	0.37745	0.44498	0.00494	0.00715	0.00528	0.00232	0.00301
7	0.00936	0.02303	0.19515	0.10729	0.19728	0.06969	0.04536	0.09315	0.08299	0.01333	0.02396	0.03477	0.04888	0.02124	0.00438	0.00128	0.01708	0.00396	0.00242	0.00541
8	0.00769	0.00841	0.10349	0.04363	0.16194	0.01892	0.15294	0.02110	0.03317	0.01234	0.04702	0.18723	0.02481	0.00657	0.00438	0.00136	0.00421	0.10150	0.05460	0.00470
9	0.00665	0.00541	0.00685	0.01984	0.03073	0.00544	0.03757	0.06042	0.14237	0.01306	0.13399	0.30501	0.19952	0.00884	0.00458	0.00139	0.00270	0.00780	0.00366	0.00418
10	0.00916	0.00999	0.07018	0.17234	0.24145	0.12095	0.05331	0.01115	0.00834	0.02126	0.00799	0.03519	0.00704	0.06743	0.02273	0.00154	0.10074	0.00378	0.03058	0.00485
11	0.00792	0.01831	0.10693	0.09264	0.03794	0.00736	0.04842	0.11584	0.02076	0.02450	0.00950	0.01320	0.00822	0.06428	0.39094	0.00371	0.01877	0.00394	0.00231	0.00450
12	0.00822	0.00776	0.01152	0.04957	0.11328	0.00981	0.03831	0.02692	0.03836	0.01051	0.00728	0.01061	0.00662	0.01099	0.19245	0.00259	0.44501	0.00369	0.00197	0.00452
13	0.00887	0.01497	0.45737	0.03122	0.11300	0.00907	0.12187	0.04150	0.05524	0.04404	0.02666	0.01046	0.02377	0.00409	0.00411	0.00126	0.02105	0.00357	0.00217	0.00571
14	0.03646	0.00850	0.01001	0.00781	0.01079	0.00865	0.00641	0.32531	0.09392	0.43039	0.01298	0.01181	0.00864	0.00481	0.00390	0.00121	0.00368	0.00379	0.00436	0.00657
15	0.01096	0.05234	0.01367	0.03381	0.33457	0.20202	0.02496	0.07379	0.04092	0.01231	0.00717	0.00903	0.00600	0.00465	0.01737	0.00128	0.13196	0.00325	0.00214	0.01780
16	0.00970	0.00931	0.01591	0.02406	0.83777	0.00931	0.01203	0.01203	0.00893	0.01281	0.00737	0.00970	0.00621	0.00349	0.00388	0.00116	0.00466	0.00349	0.00194	0.00621
17	0.00499	0.00376	0.00461	0.00486	0.00563	0.00339	0.00347	0.00613	0.00907	0.01202	0.28998	0.35704	0.26032	0.01023	0.00478	0.00140	0.00205	0.00902	0.00386	0.00339
18	0.00945	0.00493	0.00612	0.00537	0.00703	0.00451	0.00419	0.03038	0.00992	0.26715	0.17936	0.04700	0.21305	0.02558	0.06051	0.00161	0.00302	0.00580	0.11050	0.00453
19	0.00560	0.00420	0.00630	0.00630	0.00700	0.00490	0.00490	0.00700	0.00630	0.00910	0.01050	0.01540	0.00980	0.02940	0.84669	0.00630	0.01050	0.00420	0.00210	0.00350
20	0.00668	0.00402	0.00572	0.00572	0.00624	0.00403	0.02272	0.00680	0.00670	0.03351	0.01253	0.08012	0.02556	0.11759	0.10896	0.34177	0.00417	0.14030	0.06404	0.00281
21	0.00491	0.00345	0.00454	0.00535	0.00562	0.00324	0.00358	0.00565	0.00761	0.01029	0.05260	0.77929	0.02557	0.03630	0.00535	0.00162	0.00229	0.01062	0.02893	0.00319
22	0.00566	0.00379	0.00480	0.00493	0.00510	0.00390	0.00316	0.00588	0.00601	0.00816	0.01273	0.13627	0.01425	0.49803	0.18574	0.08565	0.00492	0.00593	0.00243	0.00265
23	0.00989	0.15876	0.14575	0.10831	0.14722	0.03348	0.23695	0.01276	0.02585	0.07267	0.00784	0.00952	0.00597	0.00365	0.00383	0.00118	0.00530	0.00350	0.00210	0.00546
24	0.01913	0.00597	0.02258	0.13972	0.02057	0.05860	0.00562	0.03676	0.03082	0.00998	0.02870	0.17256	0.01168	0.04158	0.02060	0.29517	0.02036	0.03373	0.02257	0.00331
25	0.02798	0.05362	0.12641	0.07067	0.06941	0.20765	0.10904	0.08843	0.12959	0.03119	0.02486	0.02754	0.00753	0.00433	0.00384	0.00119	0.00522	0.00361	0.00253	0.00536
26	0.36890	0.02536	0.04351	0.03162	0.07297	0.10162	0.03466	0.05490	0.05468	0.04027	0.02864	0.01037	0.01921	0.01726	0.00371	0.00123	0.02096	0.02568	0.00258	0.04184
27	0.08476	0.04310	0.11926	0.07676	0.17498	0.05503	0.06369	0.13935	0.03006	0.06534	0.03915	0.01087	0.00762	0.01649	0.00412	0.00123	0.01744	0.01736	0.00260	0.03079
28	0.06054	0.02943	0.06432	0.02731	0.09610	0.03173	0.03054	0.11118	0.07231	0.05494	0.14678	0.06921	0.01337	0.00576	0.01690	0.00125	0.01656	0.02040	0.02320	0.10818
29	0.04040	0.05785	0.08961	0.02220	0.10284	0.07440	0.06493	0.13892	0.05970	0.08272	0.03718	0.02012	0.02158	0.02085	0.03590	0.00159	0.02275	0.00402	0.01307	0.08935

[dist]
# distance from previous block
# <min> <max>
1	15

[block]
# block no. 10 follows, 69 sequences, length 6
# corresponding to MSA columns:
# 469-474
name=unknown_K
#
# <colnr> <probs for GDERKNQSTAVLIFYWHMCP>
#	G	D	E	R	K	N	Q	S	T	A	V	L	I	F	Y	W	H	M	C	P
0	0.03047	0.02234	0.04731	0.11327	0.26826	0.07469	0.05127	0.07047	0.12135	0.05345	0.02019	0.02383	0.00761	0.00477	0.02055	0.00131	0.02927	0.00369	0.00255	0.03333
1	0.00709	0.00549	0.00708	0.03598	0.07574	0.02044	0.02147	0.05223	0.00760	0.02479	0.04886	0.06058	0.05529	0.44194	0.05836	0.00286	0.04737	0.02071	0.00261	0.00349
2	0.05836	0.03496	0.01062	0.03572	0.17159	0.03493	0.03946	0.13098	0.12093	0.03968	0.01149	0.02682	0.04546	0.07753	0.03185	0.00156	0.01487	0.02345	0.02937	0.06037
3	0.00986	0.00884	0.01406	0.07389	0.52588	0.00911	0.03474	0.06982	0.04337	0.04011	0.00846	0.03767	0.00709	0.00414	0.00435	0.00120	0.04715	0.00376	0.00231	0.05420
4	0.00923	0.03511	0.01412	0.12964	0.57333	0.03870	0.01066	0.01179	0.04315	0.01221	0.00973	0.01230	0.05285	0.00420	0.00392	0.00120	0.00456	0.02552	0.00213	0.00564
5	0.00845	0.02589	0.31613	0.08599	0.11533	0.03268	0.05853	0.02968	0.05101	0.02954	0.04326	0.06193	0.04452	0.00490	0.00438	0.00126	0.04611	0.00412	0.00230	0.03400

[dist]
# distance from previous block
# <min> <max>
1	36

# created by:
# /st0/software/busco_prod/Augustus/scripts/msa2prfl.pl ./align_prep/21450.fa
