[name]
unknown

[dist]
# distance from previous block
# <min> <max>
0	27

[block]
# block no. 0 follows, 74 sequences, length 62
# corresponding to MSA columns:
# 27-88
name=unknown_A
#
# <colnr> <probs for GDERKNQSTAVLIFYWHMCP>
#	G	D	E	R	K	N	Q	S	T	A	V	L	I	F	Y	W	H	M	C	P
0	0.00449	0.00345	0.00412	0.00465	0.00528	0.00308	0.00324	0.00527	0.00766	0.00972	0.02713	0.52886	0.34456	0.01074	0.00461	0.00141	0.00207	0.02314	0.00345	0.00307
1	0.00701	0.00660	0.01113	0.86063	0.02556	0.00825	0.01031	0.00948	0.00742	0.00948	0.00660	0.00990	0.00495	0.00371	0.00371	0.00124	0.00495	0.00330	0.00165	0.00412
2	0.00772	0.00738	0.01269	0.57994	0.27159	0.00846	0.03920	0.01014	0.00778	0.01036	0.00674	0.00969	0.00525	0.00357	0.00372	0.00120	0.00483	0.00334	0.00171	0.00468
3	0.00867	0.00986	0.02151	0.01541	0.01908	0.00924	0.81429	0.01174	0.00872	0.01184	0.00780	0.02926	0.00606	0.00332	0.00439	0.00126	0.00617	0.00452	0.00191	0.00496
4	0.01591	0.00658	0.00870	0.00674	0.00953	0.02459	0.01857	0.01752	0.02684	0.77241	0.01511	0.01325	0.03695	0.00472	0.00376	0.00115	0.00324	0.00386	0.00444	0.00614
5	0.00701	0.00660	0.01113	0.86063	0.02556	0.00825	0.01031	0.00948	0.00742	0.00948	0.00660	0.00990	0.00495	0.00371	0.00371	0.00124	0.00495	0.00330	0.00165	0.00412
6	0.00753	0.01863	0.79916	0.01089	0.01627	0.00867	0.06430	0.01176	0.00789	0.01176	0.00671	0.00797	0.00476	0.00350	0.00358	0.00118	0.00553	0.00284	0.00159	0.00546
7	0.00701	0.00660	0.01113	0.86063	0.02556	0.00825	0.01031	0.00948	0.00742	0.00948	0.00660	0.00990	0.00495	0.00371	0.00371	0.00124	0.00495	0.00330	0.00165	0.00412
8	0.00713	0.00672	0.01136	0.81288	0.07235	0.00828	0.01037	0.00959	0.00748	0.00963	0.00662	0.00986	0.00500	0.00369	0.00371	0.00123	0.00492	0.00330	0.00166	0.00422
9	0.00750	0.03853	0.83148	0.01048	0.01592	0.00876	0.01355	0.01174	0.00783	0.01169	0.00663	0.00779	0.00470	0.00352	0.00350	0.00117	0.00545	0.00273	0.00157	0.00547
10	0.00531	0.00396	0.00590	0.00590	0.00654	0.00460	0.00456	0.00659	0.00595	0.00857	0.01000	0.01491	0.00942	0.05668	0.82619	0.00588	0.00972	0.00403	0.00200	0.00328
11	0.00452	0.00323	0.00431	0.00517	0.00538	0.00301	0.00345	0.00517	0.00711	0.00948	0.02046	0.86713	0.02455	0.01163	0.00474	0.00151	0.00215	0.01055	0.00345	0.00301
12	0.00531	0.00394	0.00580	0.00580	0.00640	0.00455	0.00443	0.00652	0.00592	0.00849	0.01010	0.01543	0.00965	0.10131	0.78187	0.00576	0.00939	0.00410	0.00201	0.00322
13	0.00764	0.00732	0.01257	0.60712	0.20029	0.00847	0.06122	0.01031	0.02936	0.01035	0.00696	0.00985	0.00536	0.00362	0.00375	0.00121	0.00486	0.00339	0.00176	0.00460
14	0.00905	0.00868	0.01482	0.07452	0.79571	0.00878	0.01132	0.01127	0.00839	0.01196	0.00696	0.00923	0.00582	0.00333	0.00368	0.00111	0.00444	0.00331	0.00183	0.00577
15	0.01564	0.00741	0.00995	0.00756	0.01050	0.00699	0.05492	0.19297	0.01198	0.62196	0.01299	0.01168	0.00836	0.00448	0.00377	0.00115	0.00354	0.00369	0.00424	0.00624
16	0.00680	0.00680	0.03617	0.00990	0.01192	0.00611	0.36357	0.00887	0.02101	0.02756	0.06912	0.38508	0.01597	0.00720	0.00449	0.00135	0.00403	0.00717	0.00278	0.00409
17	0.00849	0.04503	0.50422	0.01232	0.06764	0.00888	0.23056	0.01209	0.00826	0.05700	0.00729	0.00869	0.00527	0.00345	0.00373	0.00118	0.00545	0.00324	0.00183	0.00540
18	0.00466	0.00346	0.00489	0.00552	0.00585	0.00323	0.03112	0.00539	0.00716	0.00956	0.02003	0.83854	0.02392	0.01135	0.00473	0.00150	0.00229	0.01035	0.00339	0.00308
19	0.00869	0.00972	0.02074	0.06779	0.08086	0.00928	0.72199	0.01171	0.00866	0.01176	0.00741	0.00994	0.00561	0.00318	0.00429	0.00124	0.00604	0.00424	0.00186	0.00502
20	0.00820	0.23871	0.56599	0.00991	0.01466	0.01025	0.08069	0.01160	0.00784	0.01099	0.00634	0.00753	0.00480	0.00340	0.00330	0.00108	0.00516	0.00268	0.00160	0.00526
21	0.01369	0.00880	0.01106	0.00848	0.01137	0.00914	0.08657	0.43185	0.07637	0.26033	0.03606	0.01103	0.00832	0.00451	0.00381	0.00115	0.00387	0.00372	0.00381	0.00607
22	0.01064	0.00969	0.01526	0.01188	0.04404	0.07822	0.38522	0.17494	0.04946	0.08555	0.06067	0.01205	0.00861	0.00418	0.00408	0.00120	0.00501	0.03131	0.00275	0.00524
23	0.00549	0.00444	0.00674	0.02244	0.07889	0.00429	0.06041	0.00691	0.03491	0.01066	0.10955	0.59950	0.02206	0.00954	0.00453	0.00140	0.00265	0.00875	0.00325	0.00356
24	0.00948	0.00795	0.03556	0.00931	0.01155	0.03306	0.22561	0.01255	0.12641	0.16822	0.05445	0.05319	0.10322	0.00549	0.00523	0.00128	0.12487	0.00475	0.00297	0.00486
25	0.00845	0.01334	0.37890	0.01250	0.06731	0.00857	0.29855	0.02716	0.03013	0.04913	0.02540	0.03815	0.00679	0.00387	0.00401	0.00121	0.01542	0.00379	0.00204	0.00526
26	0.00912	0.00875	0.01494	0.04968	0.82005	0.00880	0.01136	0.01133	0.00842	0.01204	0.00697	0.00921	0.00585	0.00332	0.00368	0.00111	0.00443	0.00331	0.00183	0.00582
27	0.00708	0.00666	0.01125	0.83540	0.05028	0.00826	0.01034	0.00954	0.00745	0.00956	0.00661	0.00987	0.00498	0.00370	0.00371	0.00123	0.00493	0.00330	0.00166	0.00418
28	0.00862	0.01758	0.06251	0.02765	0.02947	0.00883	0.66396	0.02291	0.00870	0.03074	0.00868	0.04964	0.01813	0.01949	0.00455	0.00129	0.00575	0.00456	0.00204	0.00491
29	0.00672	0.00663	0.01221	0.01070	0.09253	0.00619	0.32698	0.00868	0.00847	0.01119	0.06242	0.15759	0.20980	0.00668	0.00442	0.00130	0.00396	0.05667	0.00271	0.00415
30	0.00456	0.00348	0.00421	0.00475	0.00537	0.00313	0.00335	0.00538	0.00770	0.00982	0.03723	0.52140	0.31360	0.01072	0.00463	0.00142	0.00212	0.05060	0.00345	0.00308
31	0.00926	0.00847	0.01397	0.17377	0.62645	0.00883	0.01080	0.06565	0.00890	0.02791	0.00718	0.00936	0.00580	0.00348	0.00368	0.00113	0.00446	0.00332	0.00198	0.00560
32	0.01241	0.00871	0.02418	0.01116	0.04187	0.03960	0.33603	0.04307	0.02026	0.36203	0.01040	0.01084	0.00714	0.00403	0.00442	0.00121	0.05011	0.00388	0.00308	0.00557
33	0.01596	0.00672	0.00882	0.00681	0.00962	0.00615	0.00562	0.11520	0.01128	0.72112	0.01380	0.01226	0.00885	0.00538	0.03329	0.00131	0.00350	0.00369	0.00440	0.00621
34	0.00451	0.00326	0.00427	0.00508	0.00536	0.00302	0.00341	0.00518	0.00719	0.00951	0.02152	0.81579	0.07521	0.01149	0.00472	0.00149	0.00214	0.01038	0.00345	0.00302
35	0.01572	0.00763	0.09420	0.00701	0.01015	0.00578	0.00630	0.01745	0.01034	0.76384	0.01383	0.01215	0.00873	0.00449	0.00371	0.00115	0.00340	0.00363	0.00429	0.00623
36	0.01114	0.00971	0.03303	0.01083	0.02771	0.00990	0.27726	0.34764	0.15040	0.04504	0.00990	0.03321	0.00747	0.00427	0.00397	0.00120	0.00456	0.00402	0.00306	0.00570
37	0.89577	0.00718	0.00546	0.00488	0.00718	0.00833	0.00402	0.01091	0.00632	0.01665	0.00517	0.00603	0.00402	0.00345	0.00230	0.00115	0.00287	0.00201	0.00230	0.00402
38	0.00905	0.00868	0.01482	0.07452	0.79571	0.00878	0.01132	0.01127	0.00839	0.01196	0.00696	0.00923	0.00582	0.00333	0.00368	0.00111	0.00444	0.00331	0.00183	0.00577
39	0.00913	0.00753	0.05994	0.00606	0.00941	0.01732	0.00519	0.01946	0.00827	0.13314	0.00778	0.00842	0.00598	0.00310	0.00296	0.00069	0.00305	0.00247	0.00252	0.68760
40	0.00455	0.00324	0.00430	0.00513	0.00534	0.00304	0.00340	0.00518	0.00705	0.00940	0.02015	0.83786	0.02417	0.04142	0.00523	0.00158	0.00220	0.01037	0.00340	0.00299
41	0.00917	0.00727	0.00834	0.00611	0.00929	0.00620	0.00493	0.16825	0.00966	0.04110	0.00750	0.02028	0.00604	0.00326	0.00299	0.00069	0.00301	0.00259	0.00259	0.68073
42	0.00903	0.00866	0.01479	0.08147	0.78890	0.00878	0.01132	0.01126	0.00838	0.01194	0.00696	0.00924	0.00581	0.00334	0.00368	0.00111	0.00445	0.00331	0.00182	0.00576
43	0.00788	0.17033	0.70304	0.00983	0.01491	0.00970	0.01241	0.01164	0.00778	0.01122	0.00640	0.00750	0.00471	0.00346	0.00332	0.00111	0.00522	0.00261	0.00157	0.00536
44	0.00459	0.00357	0.00417	0.00444	0.00524	0.00315	0.00317	0.00555	0.00831	0.01065	0.16924	0.34483	0.40000	0.00992	0.00452	0.00133	0.00196	0.00866	0.00356	0.00315
45	0.04624	0.00664	0.00869	0.00669	0.00954	0.00599	0.00552	0.07687	0.01097	0.76107	0.01391	0.01214	0.00881	0.00455	0.00368	0.00115	0.00322	0.00365	0.00445	0.00624
46	0.00870	0.44508	0.42355	0.00854	0.01284	0.01166	0.02151	0.01144	0.00770	0.01025	0.00592	0.00693	0.00475	0.00335	0.00297	0.00099	0.00474	0.00239	0.00158	0.00512
47	0.00987	0.85329	0.03747	0.00644	0.00967	0.01456	0.00651	0.01113	0.00755	0.00880	0.00519	0.00600	0.00476	0.00318	0.00241	0.00080	0.00400	0.00200	0.00159	0.00478
48	0.00884	0.08713	0.40096	0.01064	0.09250	0.03590	0.05317	0.03322	0.13756	0.05001	0.03761	0.02064	0.00745	0.00401	0.00358	0.00115	0.00463	0.00333	0.00226	0.00542
49	0.00895	0.10249	0.18080	0.01533	0.24673	0.01803	0.32260	0.01937	0.01726	0.02265	0.00712	0.00896	0.00553	0.00332	0.00378	0.00114	0.00526	0.00347	0.00185	0.00535
50	0.00454	0.00324	0.00432	0.00516	0.00539	0.00303	0.00345	0.00522	0.00719	0.00962	0.04188	0.84530	0.02482	0.01152	0.00473	0.00150	0.00214	0.01045	0.00346	0.00303
51	0.00832	0.00911	0.01883	0.09753	0.04507	0.00906	0.61572	0.01103	0.00829	0.01130	0.00792	0.05767	0.00657	0.00393	0.00492	0.00129	0.07227	0.00450	0.00192	0.00476
52	0.00959	0.00928	0.08766	0.09258	0.56705	0.00844	0.02932	0.01225	0.03878	0.09712	0.00801	0.00967	0.00622	0.00355	0.00369	0.00113	0.00441	0.00336	0.00215	0.00572
53	0.01014	0.78983	0.01852	0.00659	0.00965	0.06513	0.00638	0.01164	0.03707	0.00899	0.00555	0.00628	0.00500	0.00328	0.00249	0.00082	0.00410	0.00209	0.00168	0.00477
54	0.00545	0.00381	0.00461	0.00456	0.00471	0.00401	0.00287	0.00573	0.00556	0.00756	0.01161	0.02223	0.02649	0.67609	0.17036	0.00393	0.03060	0.00512	0.00220	0.00251
55	0.00750	0.00682	0.01188	0.21707	0.17348	0.00689	0.18356	0.00953	0.00829	0.05182	0.03099	0.09686	0.16834	0.00547	0.00409	0.00124	0.00412	0.00518	0.00244	0.00445
56	0.00533	0.00388	0.00546	0.00546	0.00594	0.00436	0.00400	0.00630	0.00581	0.00824	0.01041	0.01716	0.01040	0.25157	0.63264	0.00534	0.00826	0.00435	0.00206	0.00303
57	0.00992	0.87178	0.01945	0.00635	0.00953	0.01469	0.00635	0.01111	0.00754	0.00873	0.00516	0.00595	0.00476	0.00318	0.00238	0.00079	0.00397	0.00198	0.00159	0.00476
58	0.00799	0.03340	0.51970	0.01241	0.01719	0.00904	0.32347	0.01179	0.00818	0.01174	0.00695	0.00862	0.00506	0.00337	0.00383	0.00120	0.00575	0.00335	0.00169	0.00529
59	0.01320	0.00977	0.01050	0.00828	0.01107	0.01085	0.00676	0.64202	0.18500	0.04795	0.01036	0.01004	0.00743	0.00458	0.00373	0.00114	0.00382	0.00353	0.00375	0.00622
60	0.00714	0.00725	0.14555	0.01415	0.03004	0.00539	0.00595	0.00981	0.09317	0.10091	0.11982	0.11764	0.24846	0.00728	0.00436	0.00128	0.02380	0.05046	0.00327	0.00429
61	0.01987	0.02087	0.08002	0.03930	0.12861	0.07417	0.48081	0.01243	0.02971	0.05471	0.00770	0.00959	0.00581	0.00338	0.00401	0.00118	0.00559	0.00381	0.00204	0.01640

[dist]
# distance from previous block
# <min> <max>
1	10

[block]
# block no. 1 follows, 74 sequences, length 106
# corresponding to MSA columns:
# 99-204
name=unknown_B
#
# <colnr> <probs for GDERKNQSTAVLIFYWHMCP>
#	G	D	E	R	K	N	Q	S	T	A	V	L	I	F	Y	W	H	M	C	P
0	0.05261	0.18088	0.26974	0.00860	0.01208	0.03933	0.06116	0.10407	0.12520	0.03849	0.04589	0.03013	0.00782	0.00416	0.00342	0.00111	0.00432	0.00332	0.00244	0.00522
1	0.00462	0.00375	0.00409	0.00404	0.00516	0.00323	0.00302	0.00576	0.00895	0.01127	0.24631	0.05900	0.60986	0.00900	0.00440	0.00124	0.00186	0.00763	0.00361	0.00323
2	0.00992	0.87178	0.01945	0.00635	0.00953	0.01469	0.00635	0.01111	0.00754	0.00873	0.00516	0.00595	0.00476	0.00318	0.00238	0.00079	0.00397	0.00198	0.00159	0.00476
3	0.01006	0.84325	0.01915	0.00646	0.00959	0.04275	0.00638	0.01124	0.00764	0.00874	0.00518	0.00598	0.00476	0.00320	0.00241	0.00080	0.00406	0.00200	0.00160	0.00475
4	0.00744	0.01920	0.85032	0.01058	0.01607	0.00862	0.01371	0.01176	0.00784	0.01176	0.00666	0.00784	0.00470	0.00353	0.00353	0.00118	0.00549	0.00274	0.00157	0.00549
5	0.00530	0.00398	0.00597	0.00597	0.00663	0.00464	0.00464	0.00663	0.00597	0.00862	0.00994	0.01458	0.00928	0.02784	0.85484	0.00597	0.00994	0.00398	0.00199	0.00331
6	0.01427	0.00920	0.01030	0.00797	0.01081	0.00983	0.00655	0.62041	0.01552	0.20401	0.01065	0.04548	0.00770	0.00479	0.00376	0.00114	0.00380	0.00373	0.00390	0.00618
7	0.01358	0.00847	0.09306	0.02986	0.02532	0.02861	0.08321	0.03152	0.02863	0.52527	0.01192	0.02327	0.00804	0.00453	0.00439	0.00120	0.06605	0.00371	0.00359	0.00578
8	0.00685	0.00539	0.00648	0.00645	0.00754	0.00574	0.01838	0.06183	0.26540	0.01237	0.01747	0.40889	0.01825	0.03837	0.00490	0.00150	0.00278	0.10375	0.00349	0.00416
9	0.01411	0.01040	0.01114	0.00854	0.01151	0.01151	0.00706	0.83402	0.01745	0.02339	0.00891	0.00891	0.00631	0.00446	0.00371	0.00111	0.00408	0.00334	0.00371	0.00631
10	0.89577	0.00718	0.00546	0.00488	0.00718	0.00833	0.00402	0.01091	0.00632	0.01665	0.00517	0.00603	0.00402	0.00345	0.00230	0.00115	0.00287	0.00201	0.00230	0.00402
11	0.00448	0.00362	0.00399	0.00419	0.00515	0.00313	0.00303	0.00540	0.00825	0.01022	0.08961	0.25336	0.57288	0.00986	0.00448	0.00131	0.00194	0.00847	0.00349	0.00313
12	0.01022	0.00720	0.00983	0.00781	0.01007	0.04241	0.14238	0.15052	0.03320	0.19753	0.20695	0.01839	0.11166	0.00573	0.00409	0.00119	0.00351	0.02885	0.00357	0.00489
13	0.00913	0.59871	0.28557	0.00771	0.01162	0.01274	0.00871	0.01132	0.00764	0.00970	0.00564	0.00656	0.00474	0.00329	0.00275	0.00092	0.00446	0.00223	0.00158	0.00499
14	0.00799	0.00659	0.00773	0.00553	0.00882	0.00496	0.00443	0.00963	0.00779	0.03955	0.00686	0.00786	0.00562	0.00281	0.00278	0.00057	0.00276	0.00225	0.00228	0.86318
15	0.00853	0.00815	0.01388	0.27612	0.59821	0.00865	0.01106	0.01081	0.00814	0.01133	0.00687	0.00940	0.00560	0.00343	0.00369	0.00114	0.00457	0.00330	0.00178	0.00535
16	0.00477	0.00373	0.00433	0.00427	0.00527	0.00328	0.00317	0.00604	0.00924	0.01209	0.38694	0.09913	0.42686	0.00879	0.00441	0.00124	0.00185	0.00757	0.00372	0.00328
17	0.00473	0.00372	0.00427	0.00424	0.00525	0.00326	0.00314	0.00595	0.00911	0.01182	0.34312	0.11178	0.45853	0.00892	0.00442	0.00124	0.00186	0.00767	0.00369	0.00326
18	0.00496	0.00378	0.00456	0.00436	0.00537	0.00338	0.00327	0.00644	0.00982	0.01326	0.57391	0.03041	0.30657	0.00820	0.00438	0.00120	0.00179	0.00709	0.00387	0.00338
19	0.00942	0.00807	0.00850	0.00759	0.00972	0.00932	0.00592	0.05098	0.80813	0.01583	0.01487	0.01366	0.01114	0.00501	0.00377	0.00125	0.00298	0.00416	0.00377	0.00589
20	0.00923	0.00797	0.00839	0.00755	0.00965	0.00923	0.00588	0.01972	0.83969	0.01553	0.01511	0.01385	0.01133	0.00504	0.00378	0.00126	0.00294	0.00420	0.00378	0.00588
21	0.01411	0.01040	0.01114	0.00854	0.01151	0.01151	0.00706	0.83402	0.01745	0.02339	0.00891	0.00891	0.00631	0.00446	0.00371	0.00111	0.00408	0.00334	0.00371	0.00631
22	0.00701	0.00660	0.01113	0.86063	0.02556	0.00825	0.01031	0.00948	0.00742	0.00948	0.00660	0.00990	0.00495	0.00371	0.00371	0.00124	0.00495	0.00330	0.00165	0.00412
23	0.01139	0.56204	0.01632	0.00736	0.01024	0.18995	0.00663	0.13707	0.00967	0.01104	0.00585	0.00656	0.00500	0.00351	0.00279	0.00088	0.00456	0.00228	0.00198	0.00490
24	0.00800	0.00669	0.00780	0.00559	0.00888	0.00512	0.00448	0.03061	0.00799	0.02561	0.00678	0.00781	0.00558	0.00282	0.00279	0.00057	0.00279	0.00225	0.00228	0.85555
25	0.01411	0.01040	0.01114	0.00854	0.01151	0.01151	0.00706	0.83402	0.01745	0.02339	0.00891	0.00891	0.00631	0.00446	0.00371	0.00111	0.00408	0.00334	0.00371	0.00631
26	0.01000	0.00770	0.00928	0.00768	0.00989	0.00832	0.06355	0.21036	0.35502	0.07127	0.18972	0.01528	0.01464	0.00528	0.00393	0.00120	0.00321	0.00451	0.00375	0.00544
27	0.00757	0.00717	0.01214	0.64623	0.23561	0.00839	0.01059	0.00997	0.00769	0.01016	0.00670	0.00971	0.00519	0.00361	0.00370	0.00120	0.00481	0.00330	0.00170	0.00457
28	0.00452	0.00323	0.00431	0.00517	0.00538	0.00301	0.00345	0.00517	0.00711	0.00948	0.02046	0.86713	0.02455	0.01163	0.00474	0.00151	0.00215	0.01055	0.00345	0.00301
29	0.03688	0.00770	0.00933	0.00772	0.00989	0.00811	0.05473	0.41938	0.01278	0.10177	0.01286	0.22029	0.01199	0.00651	0.00406	0.00126	0.00357	0.06245	0.00357	0.00516
30	0.00879	0.00993	0.02142	0.01614	0.07732	0.00935	0.77538	0.01185	0.00874	0.01191	0.00747	0.00995	0.00565	0.00314	0.00433	0.00124	0.00613	0.00431	0.00187	0.00507
31	0.00540	0.00360	0.00407	0.00406	0.00408	0.00360	0.00227	0.00543	0.00549	0.00734	0.02711	0.02435	0.01389	0.85360	0.01862	0.00355	0.00356	0.00542	0.00228	0.00227
32	0.01487	0.00779	0.00934	0.00729	0.01008	0.00781	0.00598	0.28492	0.10257	0.47568	0.01278	0.01157	0.00848	0.00459	0.00371	0.00114	0.00341	0.00365	0.01811	0.00622
33	0.00919	0.00882	0.01507	0.02278	0.84640	0.00882	0.01139	0.01139	0.00845	0.01213	0.00698	0.00919	0.00588	0.00331	0.00367	0.00110	0.00441	0.00331	0.00184	0.00588
34	0.00744	0.01920	0.85032	0.01058	0.01607	0.00862	0.01371	0.01176	0.00784	0.01176	0.00666	0.00784	0.00470	0.00353	0.00353	0.00118	0.00549	0.00274	0.00157	0.00549
35	0.00457	0.00370	0.00407	0.00418	0.00522	0.00320	0.00310	0.00560	0.00854	0.01063	0.14229	0.15609	0.59100	0.00951	0.00446	0.00129	0.00195	0.03387	0.00353	0.00317
36	0.00876	0.00850	0.01483	0.17557	0.63830	0.00875	0.06873	0.01108	0.00829	0.01163	0.00695	0.00937	0.00569	0.00337	0.00373	0.00114	0.00464	0.00338	0.00181	0.00550
37	0.00465	0.00332	0.00445	0.00531	0.00558	0.00312	0.00367	0.00539	0.00723	0.00962	0.02039	0.79570	0.02427	0.01151	0.00477	0.00152	0.00226	0.08073	0.00344	0.00305
38	0.00504	0.00362	0.00485	0.00565	0.00612	0.00347	0.00425	0.00605	0.00760	0.00999	0.02057	0.52631	0.05442	0.03757	0.00529	0.00163	0.00262	0.28841	0.00340	0.00313
39	0.00534	0.00359	0.00405	0.00409	0.00413	0.00356	0.00232	0.00539	0.00554	0.00736	0.01268	0.06306	0.03263	0.81107	0.01792	0.00345	0.00349	0.00569	0.00233	0.00230
40	0.00770	0.00660	0.00770	0.00550	0.00880	0.00495	0.00440	0.00935	0.00770	0.01210	0.00660	0.00770	0.00550	0.00275	0.00275	0.00055	0.00275	0.00220	0.00220	0.89224
41	0.02203	0.02779	0.02427	0.00895	0.01111	0.44534	0.04127	0.03237	0.32377	0.01204	0.00941	0.00958	0.00731	0.00425	0.00353	0.00109	0.00509	0.00317	0.00264	0.00499
42	0.05878	0.00872	0.00992	0.00764	0.01054	0.00910	0.00631	0.48905	0.01435	0.33081	0.01086	0.01016	0.00727	0.00446	0.00365	0.00113	0.00368	0.00342	0.00397	0.00620
43	0.00513	0.00395	0.00474	0.00477	0.00573	0.00366	0.00360	0.00689	0.05002	0.01228	0.35985	0.14833	0.29121	0.00883	0.00446	0.00129	0.00205	0.07603	0.00372	0.00343
44	0.00751	0.00710	0.01203	0.66954	0.21277	0.00838	0.01056	0.00992	0.00766	0.01009	0.00669	0.00973	0.00516	0.00362	0.00370	0.00121	0.00483	0.00330	0.00169	0.00452
45	0.00453	0.00327	0.00429	0.00509	0.00537	0.00303	0.00341	0.00521	0.00724	0.00960	0.03658	0.80789	0.06790	0.01144	0.00471	0.00149	0.00213	0.01034	0.00346	0.00303
46	0.01387	0.01769	0.01052	0.00956	0.01148	0.85465	0.00717	0.01482	0.01052	0.00908	0.00574	0.00669	0.00478	0.00383	0.00335	0.00096	0.00669	0.00239	0.00191	0.00430
47	0.00701	0.00660	0.01113	0.86063	0.02556	0.00825	0.01031	0.00948	0.00742	0.00948	0.00660	0.00990	0.00495	0.00371	0.00371	0.00124	0.00495	0.00330	0.00165	0.00412
48	0.89577	0.00718	0.00546	0.00488	0.00718	0.00833	0.00402	0.01091	0.00632	0.01665	0.00517	0.00603	0.00402	0.00345	0.00230	0.00115	0.00287	0.00201	0.00230	0.00402
49	0.03987	0.01647	0.01040	0.00929	0.01132	0.72888	0.00705	0.10031	0.02361	0.01090	0.00619	0.00701	0.00502	0.00390	0.00336	0.00098	0.00625	0.00251	0.00214	0.00453
50	0.00590	0.00438	0.00616	0.00603	0.00685	0.00500	0.00467	0.03415	0.04783	0.02089	0.01106	0.04337	0.02309	0.04371	0.71282	0.00523	0.00878	0.00428	0.00225	0.00354
51	0.00471	0.00377	0.00421	0.00410	0.00521	0.00327	0.00308	0.00595	0.00923	0.01184	0.33908	0.03273	0.54228	0.00872	0.00438	0.00122	0.00183	0.00741	0.00369	0.00327
52	0.00531	0.00397	0.00508	0.00561	0.00651	0.00375	0.00461	0.00668	0.00851	0.01090	0.08664	0.13134	0.25832	0.00996	0.00482	0.00152	0.00271	0.43700	0.00348	0.00330
53	0.00992	0.00835	0.00905	0.00751	0.05543	0.06981	0.00563	0.16836	0.06510	0.04766	0.00788	0.00854	0.00616	0.00341	0.00314	0.00079	0.00342	0.00269	0.00265	0.51450
54	0.02978	0.22692	0.09537	0.00859	0.01128	0.40566	0.00751	0.11438	0.03550	0.01137	0.00634	0.00712	0.00514	0.00378	0.00329	0.00098	0.01758	0.00250	0.00208	0.00482
55	0.00452	0.00323	0.00431	0.00517	0.00538	0.00301	0.00345	0.00517	0.00711	0.00948	0.02046	0.86713	0.02455	0.01163	0.00474	0.00151	0.00215	0.01055	0.00345	0.00301
56	0.00628	0.00435	0.00549	0.00498	0.00610	0.00413	0.00380	0.06529	0.01092	0.04750	0.72516	0.02611	0.06086	0.00732	0.00431	0.00117	0.00197	0.00640	0.00406	0.00379
57	0.06769	0.22313	0.12978	0.01096	0.18357	0.03229	0.02106	0.17653	0.03862	0.07171	0.00754	0.00829	0.00579	0.00370	0.00326	0.00105	0.00424	0.00288	0.00240	0.00549
58	0.01473	0.00743	0.00906	0.00716	0.00990	0.00736	0.00585	0.17678	0.17172	0.52810	0.01362	0.01215	0.00904	0.00465	0.00374	0.00116	0.00330	0.00375	0.00427	0.00623
59	0.00743	0.00361	0.00373	0.00362	0.00459	0.00356	0.00274	0.00914	0.00793	0.05739	0.01224	0.01378	0.00950	0.00434	0.00265	0.00088	0.00180	0.00347	0.84397	0.00361
60	0.00915	0.00885	0.01338	0.04694	0.28234	0.08780	0.19877	0.04414	0.05985	0.04515	0.04274	0.07208	0.06256	0.00467	0.00397	0.00118	0.00450	0.00447	0.00245	0.00503
61	0.03451	0.00865	0.01226	0.18205	0.37343	0.04754	0.00926	0.13355	0.03722	0.11313	0.00827	0.00965	0.00623	0.00379	0.00365	0.00114	0.00433	0.00331	0.00249	0.00553
62	0.01299	0.00901	0.01015	0.00790	0.01057	0.00969	0.01970	0.60729	0.02828	0.10912	0.12550	0.01201	0.01067	0.00489	0.00382	0.00113	0.00368	0.00388	0.00383	0.00590
63	0.41448	0.01000	0.00934	0.00770	0.01019	0.20996	0.10723	0.03710	0.00861	0.14313	0.00717	0.00778	0.00527	0.00370	0.00307	0.00111	0.00428	0.00270	0.00255	0.00463
64	0.00792	0.00645	0.00696	0.00634	0.00809	0.00702	0.00494	0.05252	0.46838	0.02624	0.12777	0.02067	0.17742	0.00635	0.00399	0.00124	0.00262	0.03371	0.02646	0.00491
65	0.01203	0.01021	0.00992	0.00824	0.01073	0.10602	0.00657	0.39941	0.36186	0.01847	0.01115	0.01073	0.00825	0.00463	0.00370	0.00116	0.00390	0.00359	0.00354	0.00590
66	0.00992	0.87178	0.01945	0.00635	0.00953	0.01469	0.00635	0.01111	0.00754	0.00873	0.00516	0.00595	0.00476	0.00318	0.00238	0.00079	0.00397	0.00198	0.00159	0.00476
67	0.00484	0.00346	0.00450	0.00516	0.00563	0.00321	0.00365	0.00569	0.00763	0.02031	0.06712	0.63615	0.11711	0.01094	0.00470	0.00148	0.00224	0.08956	0.00349	0.00313
68	0.00487	0.00380	0.00443	0.00439	0.00543	0.00337	0.00334	0.00620	0.00930	0.01214	0.37634	0.04814	0.43047	0.00874	0.00444	0.00125	0.00194	0.06439	0.00371	0.00331
69	0.00489	0.00369	0.00452	0.00450	0.00537	0.00332	0.00330	0.00623	0.00937	0.01263	0.48249	0.16895	0.25965	0.00876	0.00444	0.00125	0.00185	0.00766	0.00380	0.00332
70	0.00453	0.00336	0.00423	0.00487	0.00532	0.00306	0.00333	0.00529	0.00754	0.00984	0.06359	0.66422	0.18527	0.01100	0.00465	0.00144	0.00208	0.00984	0.00348	0.00306
71	0.00812	0.00812	0.01137	0.00975	0.00975	0.01137	0.00812	0.00893	0.00568	0.00893	0.00487	0.00812	0.00487	0.00650	0.01218	0.00162	0.86276	0.00325	0.00162	0.00406
72	0.00744	0.01920	0.85032	0.01058	0.01607	0.00862	0.01371	0.01176	0.00784	0.01176	0.00666	0.00784	0.00470	0.00353	0.00353	0.00118	0.00549	0.00274	0.00157	0.00549
73	0.00812	0.00812	0.01137	0.00975	0.00975	0.01137	0.00812	0.00893	0.00568	0.00893	0.00487	0.00812	0.00487	0.00650	0.01218	0.00162	0.86276	0.00325	0.00162	0.00406
74	0.00701	0.00660	0.01113	0.86063	0.02556	0.00825	0.01031	0.00948	0.00742	0.00948	0.00660	0.00990	0.00495	0.00371	0.00371	0.00124	0.00495	0.00330	0.00165	0.00412
75	0.89577	0.00718	0.00546	0.00488	0.00718	0.00833	0.00402	0.01091	0.00632	0.01665	0.00517	0.00603	0.00402	0.00345	0.00230	0.00115	0.00287	0.00201	0.00230	0.00402
76	0.00521	0.00379	0.00490	0.00463	0.00552	0.00348	0.00347	0.00692	0.01041	0.01465	0.80511	0.02812	0.07450	0.00768	0.00438	0.00117	0.00176	0.00677	0.00405	0.00348
77	0.00770	0.00660	0.00770	0.00550	0.00880	0.00495	0.00440	0.00935	0.00770	0.01210	0.00660	0.00770	0.00550	0.00275	0.00275	0.00055	0.00275	0.00220	0.00220	0.89224
78	0.00961	0.00816	0.00861	0.00763	0.00980	0.00941	0.00597	0.08314	0.77566	0.01614	0.01463	0.01346	0.01094	0.00499	0.00377	0.00125	0.00303	0.00413	0.00377	0.00591
79	0.01364	0.00955	0.01042	0.00816	0.01098	0.01045	0.00669	0.61190	0.14593	0.11737	0.01055	0.01012	0.00743	0.00456	0.00373	0.00114	0.00380	0.00352	0.00382	0.00624
80	0.00460	0.00333	0.00437	0.00516	0.00550	0.00310	0.00355	0.00533	0.00730	0.00962	0.02171	0.75375	0.08657	0.01138	0.00473	0.00150	0.00221	0.05979	0.00344	0.00305
81	0.00923	0.00797	0.00839	0.00755	0.00965	0.00923	0.00588	0.01972	0.83969	0.01553	0.01511	0.01385	0.01133	0.00504	0.00378	0.00126	0.00294	0.00420	0.00378	0.00588
82	0.00471	0.00377	0.00421	0.00410	0.00521	0.00327	0.00308	0.00596	0.00923	0.01186	0.34167	0.03271	0.53968	0.00872	0.00438	0.00122	0.00183	0.00741	0.00369	0.00327
83	0.03647	0.01034	0.01085	0.00842	0.01131	0.02770	0.00692	0.75935	0.05508	0.02258	0.00904	0.00902	0.00646	0.00444	0.00367	0.00112	0.00405	0.00333	0.00364	0.00619
84	0.00812	0.00812	0.01137	0.00975	0.00975	0.01137	0.00812	0.00893	0.00568	0.00893	0.00487	0.00812	0.00487	0.00650	0.01218	0.00162	0.86276	0.00325	0.00162	0.00406
85	0.00517	0.00353	0.00425	0.00447	0.00457	0.00352	0.00272	0.00543	0.00588	0.00788	0.01382	0.23983	0.01604	0.59051	0.07381	0.00323	0.00367	0.00662	0.00254	0.00252
86	0.00770	0.00660	0.00770	0.00550	0.00880	0.00495	0.00440	0.00935	0.00770	0.01210	0.00660	0.00770	0.00550	0.00275	0.00275	0.00055	0.00275	0.00220	0.00220	0.89224
87	0.00793	0.00783	0.01096	0.00945	0.00948	0.01089	0.00783	0.00875	0.00569	0.00888	0.00525	0.00877	0.00526	0.02679	0.05029	0.00186	0.80510	0.00333	0.00165	0.00399
88	0.89577	0.00718	0.00546	0.00488	0.00718	0.00833	0.00402	0.01091	0.00632	0.01665	0.00517	0.00603	0.00402	0.00345	0.00230	0.00115	0.00287	0.00201	0.00230	0.00402
89	0.00770	0.00660	0.00770	0.00550	0.00880	0.00495	0.00440	0.00935	0.00770	0.01210	0.00660	0.00770	0.00550	0.00275	0.00275	0.00055	0.00275	0.00220	0.00220	0.89224
90	0.00982	0.00826	0.00872	0.00767	0.00987	0.00950	0.00602	0.11701	0.74145	0.01647	0.01437	0.01326	0.01073	0.00497	0.00377	0.00124	0.00307	0.00409	0.00377	0.00593
91	0.01473	0.00588	0.00788	0.00619	0.00872	0.00511	0.00504	0.01612	0.01031	0.70818	0.07309	0.01525	0.05629	0.02722	0.00418	0.00121	0.00298	0.00420	0.02163	0.00579
92	0.00664	0.00522	0.00641	0.00575	0.00700	0.00534	0.04036	0.10311	0.08744	0.01189	0.10035	0.02343	0.23396	0.19070	0.12823	0.00240	0.00397	0.03102	0.00304	0.00373
93	0.00540	0.00360	0.00405	0.00405	0.00405	0.00360	0.00225	0.00540	0.00540	0.00720	0.01170	0.02429	0.01349	0.86955	0.01889	0.00360	0.00360	0.00540	0.00225	0.00225
94	0.01097	0.00884	0.00937	0.00791	0.01031	0.01004	0.00630	0.31012	0.54646	0.01833	0.01290	0.01209	0.00954	0.00483	0.00375	0.00121	0.00335	0.00389	0.00375	0.00603
95	0.00452	0.00323	0.00431	0.00517	0.00538	0.00301	0.00345	0.00517	0.00711	0.00948	0.02046	0.86713	0.02455	0.01163	0.00474	0.00151	0.00215	0.01055	0.00345	0.00301
96	0.00812	0.00812	0.01137	0.00975	0.00975	0.01137	0.00812	0.00893	0.00568	0.00893	0.00487	0.00812	0.00487	0.00650	0.01218	0.00162	0.86276	0.00325	0.00162	0.00406
97	0.01387	0.01769	0.01052	0.00956	0.01148	0.85465	0.00717	0.01482	0.01052	0.00908	0.00574	0.00669	0.00478	0.00383	0.00335	0.00096	0.00669	0.00239	0.00191	0.00430
98	0.00525	0.00379	0.00496	0.00467	0.00555	0.00350	0.00350	0.00700	0.01051	0.01488	0.84444	0.02773	0.03502	0.00759	0.00438	0.00117	0.00175	0.00671	0.00409	0.00350
99	0.00624	0.00503	0.00734	0.00887	0.19741	0.00484	0.00535	0.00829	0.02861	0.01427	0.63486	0.02319	0.02785	0.00655	0.00420	0.00115	0.00238	0.00588	0.00357	0.00410
100	0.00456	0.00326	0.00435	0.00521	0.00544	0.00305	0.00351	0.00523	0.00714	0.00952	0.02044	0.84613	0.02447	0.01159	0.00475	0.00151	0.00219	0.03118	0.00344	0.00303
101	0.00706	0.00665	0.01123	0.84067	0.04512	0.00826	0.01033	0.00953	0.00745	0.00955	0.00661	0.00988	0.00497	0.00370	0.00371	0.00123	0.00494	0.00330	0.00165	0.00417
102	0.00812	0.00812	0.01137	0.00975	0.00975	0.01137	0.00812	0.00893	0.00568	0.00893	0.00487	0.00812	0.00487	0.00650	0.01218	0.00162	0.86276	0.00325	0.00162	0.00406
103	0.00992	0.87178	0.01945	0.00635	0.00953	0.01469	0.00635	0.01111	0.00754	0.00873	0.00516	0.00595	0.00476	0.00318	0.00238	0.00079	0.00397	0.00198	0.00159	0.00476
104	0.00564	0.00445	0.00483	0.00507	0.00607	0.00382	0.00360	0.00620	0.00876	0.01096	0.03254	0.29514	0.56152	0.01075	0.00498	0.00154	0.00241	0.02421	0.00380	0.00370
105	0.02424	0.01907	0.01689	0.00694	0.06611	0.02756	0.02743	0.00769	0.00764	0.01077	0.02434	0.37944	0.05467	0.01800	0.00408	0.00116	0.00284	0.02779	0.00279	0.27055

[dist]
# distance from previous block
# <min> <max>
0	1

[block]
# block no. 2 follows, 74 sequences, length 50
# corresponding to MSA columns:
# 206-255
name=unknown_C
#
# <colnr> <probs for GDERKNQSTAVLIFYWHMCP>
#	G	D	E	R	K	N	Q	S	T	A	V	L	I	F	Y	W	H	M	C	P
0	0.02400	0.05835	0.06465	0.00973	0.02289	0.71964	0.02627	0.01429	0.01009	0.00944	0.00582	0.00683	0.00480	0.00375	0.00333	0.00097	0.00640	0.00245	0.00188	0.00443
1	0.02351	0.00658	0.00783	0.08652	0.00998	0.04195	0.00564	0.13237	0.05964	0.23348	0.09064	0.13656	0.07354	0.00646	0.00415	0.00125	0.01546	0.05607	0.00359	0.00480
2	0.80627	0.00741	0.00593	0.00521	0.00755	0.00856	0.00428	0.06348	0.03856	0.01704	0.00578	0.00651	0.00444	0.00357	0.00244	0.00115	0.00295	0.00218	0.00244	0.00424
3	0.01360	0.01696	0.01041	0.00942	0.01137	0.78673	0.00709	0.03379	0.05842	0.00978	0.00635	0.00716	0.00519	0.00391	0.00338	0.00098	0.00642	0.00252	0.00206	0.00444
4	0.00764	0.00790	0.01575	0.01176	0.01451	0.00743	0.52755	0.03466	0.00913	0.01231	0.13120	0.06861	0.08698	0.00521	0.00442	0.00127	0.00478	0.04185	0.00255	0.00447
5	0.01379	0.01015	0.01091	0.00843	0.01130	0.01122	0.00693	0.80594	0.01710	0.02292	0.00930	0.03799	0.00693	0.00470	0.00375	0.00113	0.00402	0.00359	0.00370	0.00620
6	0.00718	0.01776	0.77421	0.01009	0.01510	0.00812	0.01279	0.01116	0.00777	0.01155	0.00790	0.08514	0.00649	0.00426	0.00364	0.00121	0.00519	0.00345	0.00174	0.00526
7	0.00891	0.00561	0.00708	0.00646	0.04048	0.00551	0.00484	0.13845	0.03956	0.16055	0.48249	0.02138	0.03190	0.00640	0.00413	0.00117	0.00254	0.02395	0.00400	0.00460
8	0.00852	0.00854	0.00776	0.00724	0.00835	0.25937	0.00559	0.02343	0.00784	0.03348	0.03349	0.01281	0.03525	0.03021	0.43348	0.00360	0.07144	0.00366	0.00215	0.00379
9	0.00770	0.00660	0.00770	0.00550	0.00880	0.00495	0.00440	0.00935	0.00770	0.01210	0.00660	0.00770	0.00550	0.00275	0.00275	0.00055	0.00275	0.00220	0.00220	0.89224
10	0.00813	0.00815	0.01155	0.00985	0.00991	0.01133	0.02248	0.00898	0.00574	0.00898	0.00492	0.00815	0.00489	0.00644	0.01205	0.00162	0.84785	0.00327	0.00163	0.00408
11	0.00455	0.00325	0.00434	0.00520	0.00542	0.00304	0.00349	0.00521	0.00713	0.00950	0.02044	0.85244	0.02449	0.01160	0.00474	0.00151	0.00218	0.02498	0.00345	0.00302
12	0.00445	0.00376	0.00385	0.00383	0.00505	0.00316	0.00287	0.00545	0.00861	0.01038	0.09619	0.03514	0.78609	0.00927	0.00439	0.00125	0.00187	0.00775	0.00349	0.00316
13	0.00540	0.00360	0.00405	0.00405	0.00405	0.00360	0.00225	0.00540	0.00540	0.00720	0.01170	0.02429	0.01349	0.86955	0.01889	0.00360	0.00360	0.00540	0.00225	0.00225
14	0.00866	0.39842	0.45774	0.00875	0.01314	0.02320	0.02131	0.01151	0.00776	0.01037	0.00599	0.00701	0.00474	0.00337	0.00303	0.00100	0.00484	0.00242	0.00159	0.00514
15	0.16348	0.01591	0.00966	0.00877	0.01075	0.71107	0.00664	0.01416	0.00981	0.01037	0.00564	0.00658	0.00465	0.00376	0.00317	0.00099	0.00605	0.00233	0.00198	0.00426
16	0.00540	0.00360	0.00405	0.00405	0.00405	0.00360	0.00225	0.00540	0.00540	0.00720	0.01170	0.02429	0.01349	0.86955	0.01889	0.00360	0.00360	0.00540	0.00225	0.00225
17	0.03846	0.02527	0.04832	0.00824	0.01059	0.08434	0.03793	0.10259	0.54512	0.01519	0.01216	0.01172	0.00917	0.00468	0.00391	0.00121	0.02846	0.00375	0.00328	0.00560
18	0.01105	0.00888	0.00942	0.00792	0.01034	0.01008	0.00631	0.32322	0.53323	0.01846	0.01280	0.01201	0.00946	0.00482	0.00375	0.00120	0.00337	0.00388	0.00375	0.00604
19	0.01908	0.09914	0.06317	0.02096	0.28215	0.04004	0.05845	0.01128	0.02413	0.04638	0.00708	0.00844	0.00572	0.00322	0.00325	0.00090	0.00399	0.00282	0.00207	0.29773
20	0.00452	0.00323	0.00431	0.00517	0.00538	0.00301	0.00345	0.00517	0.00711	0.00948	0.02046	0.86713	0.02455	0.01163	0.00474	0.00151	0.00215	0.01055	0.00345	0.00301
21	0.89577	0.00718	0.00546	0.00488	0.00718	0.00833	0.00402	0.01091	0.00632	0.01665	0.00517	0.00603	0.00402	0.00345	0.00230	0.00115	0.00287	0.00201	0.00230	0.00402
22	0.00888	0.01085	0.15285	0.01719	0.43312	0.04103	0.15581	0.02231	0.03525	0.01216	0.04019	0.00986	0.00690	0.00368	0.00408	0.00116	0.03374	0.00353	0.00197	0.00545
23	0.00701	0.00660	0.01113	0.86063	0.02556	0.00825	0.01031	0.00948	0.00742	0.00948	0.00660	0.00990	0.00495	0.00371	0.00371	0.00124	0.00495	0.00330	0.00165	0.00412
24	0.00573	0.00388	0.00500	0.00466	0.00563	0.00356	0.00352	0.00743	0.01032	0.04751	0.74663	0.02694	0.06678	0.00742	0.00429	0.00116	0.00181	0.00652	0.03761	0.00360
25	0.00677	0.00813	0.21094	0.00649	0.00873	0.00547	0.00633	0.02603	0.07995	0.04988	0.50607	0.02083	0.03686	0.00622	0.00408	0.00118	0.00287	0.00536	0.00345	0.00435
26	0.00965	0.00882	0.01133	0.01194	0.21091	0.05050	0.08445	0.07442	0.42674	0.01454	0.01142	0.01167	0.00873	0.00431	0.00373	0.00118	0.00381	0.00382	0.04238	0.00564
27	0.02202	0.00385	0.00406	0.00403	0.00523	0.00333	0.00306	0.00578	0.00874	0.01096	0.16318	0.03409	0.67324	0.00903	0.00437	0.00125	0.00193	0.03511	0.00352	0.00322
28	0.00456	0.00328	0.00434	0.00517	0.00544	0.00306	0.00350	0.00525	0.00720	0.00954	0.02101	0.81421	0.05225	0.01151	0.00474	0.00150	0.00218	0.03478	0.00344	0.00303
29	0.00916	0.00891	0.01556	0.02227	0.78643	0.00886	0.07096	0.01143	0.00847	0.01211	0.00702	0.00925	0.00586	0.00329	0.00373	0.00111	0.00454	0.00339	0.00184	0.00582
30	0.00862	0.00895	0.01130	0.00973	0.00990	0.08454	0.00804	0.00944	0.00610	0.00895	0.00495	0.00800	0.00486	0.00626	0.01141	0.00157	0.78848	0.00317	0.00165	0.00408
31	0.00468	0.00336	0.00447	0.00530	0.00562	0.00315	0.00370	0.00545	0.00730	0.00967	0.02091	0.75168	0.05019	0.01141	0.00477	0.00152	0.00228	0.09803	0.00344	0.00306
32	0.00540	0.00360	0.00405	0.00405	0.00405	0.00360	0.00225	0.00540	0.00540	0.00720	0.01170	0.02429	0.01349	0.86955	0.01889	0.00360	0.00360	0.00540	0.00225	0.00225
33	0.00864	0.00699	0.00793	0.00577	0.00899	0.02860	0.00462	0.03232	0.00823	0.06846	0.00718	0.00803	0.00575	0.00295	0.00286	0.00062	0.00292	0.00234	0.00239	0.78442
34	0.00873	0.00685	0.00794	0.00578	0.00896	0.00554	0.00465	0.08661	0.00876	0.05592	0.00738	0.00824	0.00588	0.00305	0.00288	0.00064	0.00286	0.00242	0.02808	0.73883
35	0.84224	0.00745	0.01979	0.00510	0.00748	0.00837	0.00429	0.03325	0.00672	0.03086	0.00545	0.00625	0.00418	0.00349	0.00238	0.00115	0.00295	0.00209	0.00236	0.00415
36	0.00715	0.00521	0.02248	0.00529	0.00711	0.00438	0.00421	0.00924	0.04249	0.09212	0.50307	0.02025	0.02352	0.00589	0.00386	0.00101	0.00226	0.00510	0.00359	0.23178
37	0.00919	0.00882	0.01507	0.02278	0.84640	0.00882	0.01139	0.01139	0.00845	0.01213	0.00698	0.00919	0.00588	0.00331	0.00367	0.00110	0.00441	0.00331	0.00184	0.00588
38	0.00890	0.00876	0.02758	0.07245	0.64294	0.03535	0.01027	0.01105	0.00843	0.01194	0.03176	0.00953	0.00659	0.00342	0.00359	0.00105	0.00428	0.00325	0.00193	0.09693
39	0.01009	0.78847	0.01881	0.00674	0.00986	0.04132	0.02524	0.02736	0.02674	0.00925	0.00553	0.00631	0.00496	0.00326	0.00252	0.00083	0.00409	0.00213	0.00170	0.00481
40	0.01423	0.01041	0.01100	0.00847	0.01141	0.03554	0.00698	0.76996	0.01691	0.06388	0.00910	0.00903	0.00641	0.00444	0.00370	0.00111	0.00411	0.00333	0.00370	0.00625
41	0.01130	0.00939	0.06184	0.00755	0.01074	0.04149	0.02506	0.33170	0.03591	0.09263	0.00847	0.00882	0.00624	0.00375	0.00335	0.00092	0.00372	0.00293	0.00299	0.33121
42	0.00701	0.00660	0.01113	0.86063	0.02556	0.00825	0.01031	0.00948	0.00742	0.00948	0.00660	0.00990	0.00495	0.00371	0.00371	0.00124	0.00495	0.00330	0.00165	0.00412
43	0.00522	0.00377	0.00494	0.00469	0.00554	0.00348	0.00350	0.00693	0.01037	0.01467	0.81197	0.06081	0.03461	0.00775	0.00439	0.00118	0.00177	0.00686	0.00406	0.00348
44	0.00447	0.00377	0.00387	0.00387	0.00509	0.00318	0.00292	0.00547	0.00859	0.01035	0.08720	0.03534	0.78025	0.00930	0.00440	0.00126	0.00190	0.02212	0.00349	0.00316
45	0.01045	0.00858	0.00908	0.00780	0.01012	0.00980	0.00617	0.22301	0.63443	0.01749	0.01356	0.01262	0.01008	0.00489	0.00376	0.00122	0.00322	0.00398	0.00376	0.00598
46	0.00540	0.00360	0.00405	0.00405	0.00405	0.00360	0.00225	0.00540	0.00540	0.00720	0.01170	0.02429	0.01349	0.86955	0.01889	0.00360	0.00360	0.00540	0.00225	0.00225
47	0.01075	0.00602	0.00706	0.00611	0.02538	0.03854	0.00472	0.08474	0.01057	0.34490	0.17132	0.02102	0.24040	0.00638	0.00401	0.00117	0.00280	0.00529	0.00395	0.00485
48	0.01387	0.01769	0.01052	0.00956	0.01148	0.85465	0.00717	0.01482	0.01052	0.00908	0.00574	0.00669	0.00478	0.00383	0.00335	0.00096	0.00669	0.00239	0.00191	0.00430
49	0.00940	0.09355	0.01266	0.34778	0.14995	0.22116	0.04882	0.01144	0.02304	0.00995	0.00694	0.03616	0.00581	0.00387	0.00355	0.00111	0.00514	0.00325	0.00185	0.00455

[dist]
# distance from previous block
# <min> <max>
0	2

[block]
# block no. 3 follows, 74 sequences, length 17
# corresponding to MSA columns:
# 258-274
name=unknown_D
#
# <colnr> <probs for GDERKNQSTAVLIFYWHMCP>
#	G	D	E	R	K	N	Q	S	T	A	V	L	I	F	Y	W	H	M	C	P
0	0.37814	0.30524	0.08100	0.00721	0.01014	0.08622	0.03027	0.03931	0.00816	0.01359	0.00627	0.00744	0.00522	0.00390	0.00295	0.00115	0.00419	0.00246	0.00224	0.00490
1	0.00992	0.87178	0.01945	0.00635	0.00953	0.01469	0.00635	0.01111	0.00754	0.00873	0.00516	0.00595	0.00476	0.00318	0.00238	0.00079	0.00397	0.00198	0.00159	0.00476
2	0.00538	0.00368	0.00445	0.00445	0.00459	0.00382	0.00276	0.00566	0.00552	0.00750	0.01132	0.02223	0.01260	0.69131	0.19592	0.00410	0.00494	0.00510	0.00219	0.00247
3	0.00439	0.00376	0.00376	0.00376	0.00501	0.00313	0.00282	0.00533	0.00846	0.01003	0.03760	0.03572	0.84489	0.00940	0.00439	0.00125	0.00188	0.00783	0.00345	0.00313
4	0.01395	0.01092	0.01101	0.00859	0.01145	0.07989	0.00703	0.74341	0.04123	0.02200	0.00884	0.00888	0.00634	0.00442	0.00369	0.00111	0.00426	0.00329	0.00357	0.00614
5	0.00521	0.00376	0.00492	0.00470	0.00554	0.00347	0.00350	0.00690	0.01031	0.01457	0.79591	0.07716	0.03441	0.00783	0.00440	0.00119	0.00177	0.00694	0.00405	0.00347
6	0.00701	0.00660	0.01113	0.86063	0.02556	0.00825	0.01031	0.00948	0.00742	0.00948	0.00660	0.00990	0.00495	0.00371	0.00371	0.00124	0.00495	0.00330	0.00165	0.00412
7	0.00856	0.00943	0.01865	0.01382	0.01642	0.01000	0.57809	0.01098	0.00781	0.01098	0.00669	0.00943	0.00540	0.00417	0.00679	0.00137	0.27088	0.00403	0.00180	0.00471
8	0.00812	0.00812	0.01137	0.00975	0.00975	0.01137	0.00812	0.00893	0.00568	0.00893	0.00487	0.00812	0.00487	0.00650	0.01218	0.00162	0.86276	0.00325	0.00162	0.00406
9	0.00551	0.00411	0.00517	0.00499	0.00593	0.00394	0.00376	0.00783	0.07736	0.01410	0.63539	0.09443	0.07292	0.00791	0.00439	0.00123	0.00196	0.04149	0.00395	0.00363
10	0.00531	0.00396	0.00586	0.00586	0.00648	0.00458	0.00451	0.00656	0.00593	0.00854	0.01004	0.01512	0.00951	0.07486	0.80815	0.00583	0.00959	0.00406	0.00200	0.00325
11	0.00538	0.00382	0.00488	0.00462	0.00556	0.00348	0.00346	0.00698	0.01014	0.03273	0.69865	0.06077	0.12982	0.00789	0.00438	0.00119	0.00181	0.00693	0.00400	0.00350
12	0.00839	0.00807	0.01392	0.32162	0.52270	0.00864	0.04147	0.01073	0.00810	0.01117	0.00686	0.00947	0.00554	0.00344	0.00371	0.00116	0.00467	0.00334	0.00177	0.00522
13	0.01002	0.00808	0.00863	0.00758	0.00979	0.00922	0.00595	0.08574	0.72917	0.06017	0.01458	0.01338	0.01081	0.00497	0.00377	0.00124	0.00304	0.00410	0.00381	0.00593
14	0.00843	0.00842	0.01251	0.47740	0.32409	0.08525	0.01042	0.01066	0.00808	0.01041	0.00666	0.00935	0.00527	0.00357	0.00366	0.00116	0.00491	0.00322	0.00174	0.00478
15	0.00965	0.56829	0.20530	0.00762	0.01116	0.08124	0.00805	0.01198	0.04847	0.00977	0.00603	0.00682	0.00507	0.00340	0.00279	0.00092	0.00448	0.00230	0.00172	0.00494
16	0.52700	0.16204	0.00922	0.00602	0.00858	0.03453	0.00513	0.16257	0.03081	0.01623	0.00614	0.00677	0.00479	0.00364	0.00264	0.00108	0.00340	0.00232	0.00246	0.00463

[dist]
# distance from previous block
# <min> <max>
0	1

[block]
# block no. 4 follows, 74 sequences, length 46
# corresponding to MSA columns:
# 276-321
name=unknown_E
#
# <colnr> <probs for GDERKNQSTAVLIFYWHMCP>
#	G	D	E	R	K	N	Q	S	T	A	V	L	I	F	Y	W	H	M	C	P
0	0.00539	0.00382	0.00495	0.00467	0.00558	0.00351	0.00350	0.00707	0.01033	0.02909	0.77189	0.04528	0.07548	0.00771	0.00437	0.00118	0.00179	0.00680	0.00405	0.00352
1	0.00744	0.01920	0.85032	0.01058	0.01607	0.00862	0.01371	0.01176	0.00784	0.01176	0.00666	0.00784	0.00470	0.00353	0.00353	0.00118	0.00549	0.00274	0.00157	0.00549
