[name]
unknown

[dist]
# distance from previous block
# <min> <max>
0	80

[block]
# block no. 0 follows, 73 sequences, length 13
# corresponding to MSA columns:
# 80-92
name=unknown_A
#
# <colnr> <probs for GDERKNQSTAVLIFYWHMCP>
#	G	D	E	R	K	N	Q	S	T	A	V	L	I	F	Y	W	H	M	C	P
0	0.00605	0.00432	0.00605	0.00691	0.00777	0.00432	0.00605	0.00777	0.00864	0.01123	0.01986	0.04232	0.02159	0.01036	0.00518	0.00173	0.00345	0.81949	0.00345	0.00345
1	0.06027	0.00778	0.00873	0.00668	0.00968	0.00741	0.00541	0.21921	0.10186	0.12862	0.00922	0.00935	0.00683	0.00376	0.00325	0.00089	0.00320	0.00293	0.00312	0.40178
2	0.00670	0.00481	0.00557	0.00527	0.00649	0.00420	0.00390	0.00781	0.01052	0.05166	0.47876	0.03173	0.34920	0.00894	0.00489	0.00142	0.00231	0.00741	0.00426	0.00414
3	0.00841	0.09236	0.48485	0.01109	0.05390	0.00957	0.11722	0.03232	0.11642	0.01237	0.00786	0.00892	0.00585	0.00374	0.00376	0.00118	0.01956	0.00316	0.00198	0.00548
4	0.00914	0.12174	0.40683	0.00989	0.01401	0.02823	0.13280	0.04724	0.02432	0.08879	0.02835	0.02522	0.03865	0.00410	0.00365	0.00115	0.00489	0.00349	0.00222	0.00529
5	0.00849	0.05311	0.00875	0.02153	0.04444	0.04524	0.01836	0.05036	0.42620	0.01323	0.01403	0.17228	0.01264	0.04414	0.04856	0.00161	0.00364	0.00519	0.00324	0.00496
6	0.13424	0.45643	0.21620	0.00731	0.01092	0.01173	0.00782	0.03300	0.02176	0.04421	0.00625	0.00700	0.00504	0.00345	0.00279	0.00097	0.00415	0.00234	0.00192	0.02246
7	0.01057	0.32082	0.01388	0.03020	0.06250	0.05902	0.02472	0.14643	0.26871	0.01368	0.00920	0.00943	0.00723	0.00406	0.00328	0.00105	0.00396	0.00312	0.00268	0.00545
8	0.05807	0.05626	0.29114	0.06533	0.16916	0.00925	0.07689	0.05936	0.09927	0.02813	0.00795	0.00921	0.00603	0.00382	0.00382	0.00118	0.02878	0.00321	0.01775	0.00540
9	0.00550	0.00412	0.00554	0.00571	0.05217	0.00383	0.00396	0.00727	0.01044	0.01474	0.77155	0.02723	0.05868	0.00749	0.00439	0.00118	0.00192	0.00663	0.00398	0.00366
10	0.00555	0.00550	0.07177	0.00516	0.00664	0.00449	0.00436	0.00785	0.08038	0.01224	0.26087	0.06361	0.38593	0.00796	0.00448	0.00124	0.02646	0.00670	0.03508	0.00373
11	0.00461	0.00344	0.00429	0.00486	0.00537	0.00312	0.00335	0.00544	0.00782	0.01023	0.10411	0.60025	0.20772	0.01086	0.00467	0.00143	0.00208	0.00968	0.00355	0.00312
12	0.00948	0.00761	0.00849	0.00795	0.04624	0.00849	0.00591	0.09619	0.56514	0.05137	0.07006	0.06200	0.03323	0.00559	0.00391	0.00125	0.00301	0.00471	0.00375	0.00561

[dist]
# distance from previous block
# <min> <max>
3	6

[block]
# block no. 1 follows, 73 sequences, length 52
# corresponding to MSA columns:
# 99-150
name=unknown_B
#
# <colnr> <probs for GDERKNQSTAVLIFYWHMCP>
#	G	D	E	R	K	N	Q	S	T	A	V	L	I	F	Y	W	H	M	C	P
0	0.01070	0.00909	0.00906	0.00790	0.01016	0.07335	0.00619	0.13786	0.62298	0.04940	0.01362	0.01267	0.01013	0.00489	0.00377	0.00122	0.00343	0.00396	0.00370	0.00590
1	0.01086	0.00860	0.02513	0.07051	0.15064	0.02622	0.14018	0.17448	0.11238	0.13599	0.02628	0.01182	0.00817	0.05660	0.00478	0.00132	0.00427	0.00387	0.02244	0.00546
2	0.00661	0.00413	0.00536	0.00495	0.00599	0.00382	0.00371	0.00833	0.02227	0.10452	0.64514	0.06955	0.03023	0.05042	0.00507	0.00132	0.00206	0.00651	0.01623	0.00379
3	0.00942	0.00933	0.07779	0.10533	0.27593	0.00931	0.00896	0.09900	0.32566	0.01438	0.01030	0.01101	0.00788	0.00423	0.00385	0.00120	0.01428	0.00364	0.00276	0.00574
4	0.00462	0.00381	0.00405	0.00399	0.00518	0.00324	0.00299	0.00574	0.00898	0.01115	0.20486	0.03443	0.67574	0.00912	0.00443	0.00125	0.00187	0.00768	0.00362	0.00324
5	0.00518	0.00421	0.00476	0.00551	0.00584	0.05784	0.00373	0.00585	0.00741	0.00955	0.01972	0.81033	0.02353	0.01125	0.00470	0.00149	0.00247	0.01013	0.00338	0.00313
6	0.00898	0.00897	0.01239	0.03040	0.53990	0.11800	0.00932	0.01085	0.01949	0.01128	0.00928	0.14951	0.00903	0.00553	0.02673	0.00131	0.01730	0.00445	0.00216	0.00514
7	0.00565	0.00436	0.00623	0.00607	0.00656	0.00516	0.00462	0.00671	0.00591	0.00850	0.00986	0.01576	0.00967	0.16702	0.63275	0.00521	0.09051	0.00419	0.00202	0.00324
8	0.89465	0.00726	0.00551	0.00493	0.00726	0.00842	0.00406	0.01103	0.00638	0.01683	0.00522	0.00609	0.00406	0.00348	0.00232	0.00116	0.00290	0.00203	0.00232	0.00406
9	0.01683	0.00638	0.00871	0.00668	0.00958	0.00551	0.00551	0.01828	0.01074	0.84734	0.01480	0.01277	0.00929	0.00464	0.00377	0.00116	0.00319	0.00377	0.00464	0.00638
10	0.00965	0.00859	0.00864	0.00775	0.00988	0.05144	0.00602	0.03389	0.78237	0.01551	0.01469	0.01355	0.01103	0.00502	0.00379	0.00125	0.00318	0.00414	0.00372	0.00587
11	0.00526	0.00387	0.00474	0.00450	0.00552	0.00347	0.00338	0.00680	0.01004	0.02790	0.60369	0.03002	0.26073	0.00813	0.00442	0.00120	0.00183	0.00705	0.00396	0.00348
12	0.00541	0.00419	0.00510	0.00512	0.00597	0.00427	0.00375	0.00737	0.09261	0.01041	0.10407	0.15714	0.23346	0.11481	0.22613	0.00281	0.00436	0.00656	0.00306	0.00341
13	0.01426	0.01051	0.01126	0.00863	0.01163	0.01163	0.00713	0.83224	0.01764	0.02364	0.00901	0.00901	0.00638	0.00450	0.00375	0.00113	0.00413	0.00338	0.00375	0.00638
14	0.00644	0.00331	0.00496	0.00496	0.00501	0.00335	0.00335	0.00501	0.00496	0.00666	0.00675	0.01162	0.00670	0.01401	0.06902	0.83349	0.00370	0.00331	0.00165	0.00174
15	0.00903	0.00903	0.05734	0.03410	0.39309	0.01782	0.04643	0.03597	0.26539	0.01342	0.02691	0.02331	0.03137	0.00434	0.00393	0.00119	0.01513	0.00392	0.00261	0.00565
16	0.00707	0.00707	0.04519	0.00627	0.00760	0.10323	0.00500	0.06452	0.06278	0.01158	0.08710	0.23036	0.25763	0.00817	0.00484	0.00131	0.06330	0.01993	0.00318	0.00388
17	0.02692	0.12915	0.08133	0.01301	0.25341	0.23612	0.05317	0.01324	0.00913	0.11857	0.00744	0.00854	0.00580	0.00396	0.01292	0.00111	0.01576	0.00296	0.00219	0.00525
18	0.72633	0.03736	0.00690	0.00591	0.02233	0.08730	0.00471	0.05023	0.00739	0.01610	0.00549	0.00635	0.00430	0.00356	0.00251	0.00113	0.00338	0.00215	0.00232	0.00426
19	0.00854	0.03668	0.18555	0.01414	0.28051	0.01827	0.14147	0.03575	0.01990	0.03082	0.10113	0.01236	0.04632	0.00436	0.00430	0.00119	0.04729	0.00395	0.00226	0.00521
20	0.00762	0.03394	0.80071	0.01083	0.01626	0.00885	0.04682	0.01188	0.00795	0.01183	0.00674	0.00798	0.00479	0.00354	0.00358	0.00118	0.00555	0.00283	0.00160	0.00551
21	0.00908	0.01007	0.01917	0.04436	0.17451	0.06382	0.57000	0.01182	0.00881	0.01172	0.00775	0.03654	0.00626	0.00353	0.00421	0.00122	0.00583	0.00425	0.00193	0.00509
22	0.00457	0.00326	0.00435	0.00522	0.00544	0.00305	0.00348	0.00522	0.00718	0.00958	0.02068	0.86570	0.02481	0.01175	0.00479	0.00152	0.00218	0.01067	0.00348	0.00305
23	0.00642	0.00329	0.00481	0.00481	0.00481	0.00329	0.00317	0.00494	0.00494	0.00659	0.00700	0.01261	0.00717	0.09136	0.01507	0.80958	0.00329	0.00346	0.00169	0.00169
24	0.00495	0.00366	0.00467	0.00537	0.00577	0.00354	0.00366	0.00640	0.07158	0.01015	0.03402	0.76609	0.04376	0.01112	0.00470	0.00149	0.00222	0.01004	0.00352	0.00328
25	0.01426	0.01051	0.01126	0.00863	0.01163	0.01163	0.00713	0.83224	0.01764	0.02364	0.00901	0.00901	0.00638	0.00450	0.00375	0.00113	0.00413	0.00338	0.00375	0.00638
26	0.01000	0.16578	0.25054	0.02249	0.07086	0.01050	0.05836	0.17754	0.15657	0.02865	0.00864	0.00921	0.00649	0.00394	0.00351	0.00112	0.00446	0.00318	0.00251	0.00564
27	0.16115	0.00713	0.00860	0.00723	0.04415	0.03289	0.00563	0.04373	0.01015	0.62192	0.01242	0.01121	0.00805	0.00437	0.00352	0.00115	0.00334	0.00341	0.00403	0.00592
28	0.01662	0.00652	0.00877	0.00674	0.00963	0.00574	0.00556	0.03870	0.02702	0.81052	0.01467	0.01270	0.00926	0.00465	0.00377	0.00116	0.00321	0.00377	0.00461	0.00638
29	0.00851	0.00802	0.01330	0.01934	0.66110	0.00817	0.01003	0.01047	0.00837	0.01193	0.05154	0.07571	0.03504	0.00459	0.00438	0.00119	0.05657	0.00421	0.00213	0.00540
30	0.00480	0.00344	0.00451	0.00527	0.00556	0.00327	0.00359	0.00566	0.02047	0.00974	0.03881	0.73293	0.02394	0.06668	0.00571	0.00166	0.00235	0.05511	0.00342	0.00308
31	0.01003	0.87041	0.01966	0.00642	0.00963	0.01485	0.00642	0.01123	0.00762	0.00883	0.00522	0.00602	0.00481	0.00321	0.00241	0.00080	0.00401	0.00201	0.00160	0.00481
32	0.89465	0.00726	0.00551	0.00493	0.00726	0.00842	0.00406	0.01103	0.00638	0.01683	0.00522	0.00609	0.00406	0.00348	0.00232	0.00116	0.00290	0.00203	0.00232	0.00406
33	0.01395	0.01036	0.01109	0.00857	0.01152	0.01149	0.00706	0.78126	0.06912	0.02315	0.00940	0.00932	0.00670	0.00454	0.00376	0.00114	0.00406	0.00343	0.00376	0.00635
34	0.00915	0.00878	0.01498	0.07429	0.79454	0.00888	0.01145	0.01140	0.00848	0.01209	0.00703	0.00933	0.00589	0.00337	0.00372	0.00112	0.00449	0.00334	0.00185	0.00583
35	0.01010	0.00660	0.00802	0.00584	0.00907	0.00513	0.00472	0.01171	0.00854	0.22608	0.00875	0.00906	0.00651	0.00326	0.00303	0.00071	0.00288	0.00262	0.00284	0.66453
36	0.00525	0.00383	0.00494	0.00466	0.00557	0.00352	0.00350	0.00697	0.01049	0.01473	0.79089	0.02855	0.08748	0.00779	0.00443	0.00119	0.00178	0.00686	0.00409	0.00352
37	0.00709	0.00667	0.01125	0.85913	0.02584	0.00834	0.01042	0.00959	0.00750	0.00959	0.00667	0.01000	0.00500	0.00375	0.00375	0.00125	0.00500	0.00333	0.00167	0.00417
38	0.89465	0.00726	0.00551	0.00493	0.00726	0.00842	0.00406	0.01103	0.00638	0.01683	0.00522	0.00609	0.00406	0.00348	0.00232	0.00116	0.00290	0.00203	0.00232	0.00406
39	0.89465	0.00726	0.00551	0.00493	0.00726	0.00842	0.00406	0.01103	0.00638	0.01683	0.00522	0.00609	0.00406	0.00348	0.00232	0.00116	0.00290	0.00203	0.00232	0.00406
40	0.00450	0.00380	0.00389	0.00387	0.00511	0.00320	0.00290	0.00551	0.00871	0.01051	0.09987	0.03548	0.78112	0.00936	0.00443	0.00126	0.00189	0.00783	0.00353	0.00320
41	0.00778	0.00667	0.00778	0.00556	0.00889	0.00500	0.00445	0.00945	0.00778	0.01223	0.00667	0.00778	0.00556	0.00278	0.00278	0.00056	0.00278	0.00222	0.00222	0.89108
42	0.00457	0.00326	0.00435	0.00522	0.00544	0.00305	0.00348	0.00522	0.00718	0.00958	0.02068	0.86570	0.02481	0.01175	0.00479	0.00152	0.00218	0.01067	0.00348	0.00305
43	0.00527	0.00383	0.00497	0.00468	0.00558	0.00352	0.00351	0.00701	0.01054	0.01485	0.81018	0.02835	0.06811	0.00774	0.00443	0.00118	0.00178	0.00683	0.00410	0.00352
44	0.00546	0.00364	0.00409	0.00409	0.00409	0.00364	0.00227	0.00546	0.00546	0.00727	0.01182	0.02455	0.01364	0.86815	0.01910	0.00364	0.00364	0.00546	0.00227	0.00227
45	0.00778	0.00667	0.00778	0.00556	0.00889	0.00500	0.00445	0.00945	0.00778	0.01223	0.00667	0.00778	0.00556	0.00278	0.00278	0.00056	0.00278	0.00222	0.00222	0.89108
46	0.00554	0.00394	0.00510	0.02604	0.00610	0.00366	0.00367	0.00726	0.01030	0.02930	0.71849	0.02751	0.09702	0.00756	0.00434	0.00118	0.00189	0.00663	0.03089	0.00358
47	0.00546	0.00364	0.00409	0.00409	0.00409	0.00364	0.00227	0.00546	0.00546	0.00727	0.01182	0.02455	0.01364	0.86815	0.01910	0.00364	0.00364	0.00546	0.00227	0.00227
48	0.89465	0.00726	0.00551	0.00493	0.00726	0.00842	0.00406	0.01103	0.00638	0.01683	0.00522	0.00609	0.00406	0.00348	0.00232	0.00116	0.00290	0.00203	0.00232	0.00406
49	0.00937	0.00873	0.01466	0.02168	0.77900	0.00862	0.01098	0.01155	0.00855	0.03088	0.00721	0.00928	0.00600	0.00334	0.00366	0.00108	0.00433	0.00329	0.00194	0.05585
50	0.03195	0.01276	0.07777	0.01041	0.05163	0.29211	0.13664	0.18838	0.01127	0.08105	0.00789	0.00876	0.00589	0.00389	0.00362	0.00108	0.00525	0.00315	0.03756	0.02894
51	0.01061	0.03745	0.07736	0.02161	0.17729	0.09571	0.07301	0.16420	0.20022	0.03733	0.00942	0.01903	0.00727	0.00418	0.00386	0.00115	0.02068	0.00351	0.00273	0.03338

[dist]
# distance from previous block
# <min> <max>
2	6

[block]
# block no. 2 follows, 73 sequences, length 23
# corresponding to MSA columns:
# 157-179
name=unknown_C
#
# <colnr> <probs for GDERKNQSTAVLIFYWHMCP>
#	G	D	E	R	K	N	Q	S	T	A	V	L	I	F	Y	W	H	M	C	P
0	0.11844	0.02744	0.03721	0.00631	0.00853	0.01786	0.00524	0.01016	0.00745	0.11637	0.00870	0.05478	0.00755	0.03276	0.13461	0.00182	0.08771	0.00332	0.00248	0.31127
1	0.00714	0.00514	0.00598	0.00592	0.00692	0.00541	0.00422	0.01105	0.28396	0.06749	0.01690	0.37399	0.01732	0.16238	0.00696	0.00179	0.00277	0.00713	0.00346	0.00410
2	0.03080	0.07394	0.07389	0.00931	0.10041	0.00918	0.01980	0.34469	0.01196	0.12774	0.01982	0.01126	0.00766	0.09013	0.05133	0.00163	0.00439	0.00355	0.00305	0.00548
3	0.03085	0.14601	0.02619	0.01685	0.48664	0.02811	0.07901	0.02410	0.04649	0.04685	0.00745	0.00901	0.00605	0.00346	0.00351	0.00107	0.00440	0.00319	0.00207	0.02870
4	0.00457	0.00326	0.00435	0.00522	0.00544	0.00305	0.00348	0.00522	0.00718	0.00958	0.02068	0.86570	0.02481	0.01175	0.00479	0.00152	0.00218	0.01067	0.00348	0.00305
5	0.00805	0.00683	0.00793	0.00569	0.00901	0.00528	0.00456	0.04431	0.00820	0.01271	0.00677	0.00783	0.00559	0.00285	0.00282	0.00058	0.00284	0.00227	0.00229	0.85360
6	0.00886	0.01012	0.02214	0.01581	0.01961	0.00949	0.83112	0.01202	0.00886	0.01202	0.00759	0.01012	0.00569	0.00316	0.00443	0.00127	0.00633	0.00443	0.00190	0.00506
7	0.00821	0.00821	0.01149	0.00985	0.00985	0.01149	0.00821	0.00903	0.00575	0.00903	0.00492	0.00821	0.00492	0.00657	0.01231	0.00164	0.86128	0.00328	0.00164	0.00410
8	0.89465	0.00726	0.00551	0.00493	0.00726	0.00842	0.00406	0.01103	0.00638	0.01683	0.00522	0.00609	0.00406	0.00348	0.00232	0.00116	0.00290	0.00203	0.00232	0.00406
9	0.00518	0.00353	0.00419	0.00446	0.00455	0.00345	0.00268	0.00542	0.00611	0.00817	0.03348	0.28747	0.01763	0.58099	0.01429	0.00292	0.00314	0.00711	0.00269	0.00254
10	0.01683	0.00638	0.00871	0.00668	0.00958	0.00551	0.00551	0.01828	0.01074	0.84734	0.01480	0.01277	0.00929	0.00464	0.00377	0.00116	0.00319	0.00377	0.00464	0.00638
11	0.00709	0.00667	0.01125	0.85913	0.02584	0.00834	0.01042	0.00959	0.00750	0.00959	0.00667	0.01000	0.00500	0.00375	0.00375	0.00125	0.00500	0.00333	0.00167	0.00417
12	0.01301	0.01518	0.01012	0.00908	0.01106	0.62036	0.00688	0.10568	0.10131	0.01152	0.00802	0.05575	0.00684	0.00451	0.00355	0.00105	0.00580	0.00318	0.00243	0.00468
13	0.01388	0.01067	0.01097	0.00853	0.01139	0.06052	0.00699	0.75095	0.01694	0.02245	0.04266	0.00965	0.00747	0.00459	0.00376	0.00112	0.00419	0.00346	0.00366	0.00615
14	0.00829	0.00794	0.06366	0.02276	0.00969	0.00810	0.00612	0.01598	0.55387	0.01444	0.10683	0.01540	0.03948	0.00637	0.04207	0.00145	0.02682	0.00441	0.00345	0.04286
15	0.00652	0.00326	0.00489	0.00489	0.00489	0.00326	0.00326	0.00489	0.00489	0.00652	0.00652	0.01140	0.00652	0.01303	0.01466	0.89084	0.00326	0.00326	0.00163	0.00163
16	0.00767	0.01854	0.77986	0.01171	0.08468	0.00873	0.01367	0.01185	0.00797	0.01191	0.00676	0.00803	0.00485	0.00355	0.00358	0.00118	0.00545	0.00282	0.00161	0.00558
17	0.00554	0.00362	0.00410	0.00414	0.00424	0.00363	0.00241	0.00575	0.00574	0.00796	0.01217	0.05756	0.01365	0.73996	0.03908	0.00339	0.00359	0.00547	0.07556	0.00243
18	0.00535	0.00447	0.00487	0.00559	0.00595	0.07326	0.00379	0.00603	0.00747	0.00954	0.01945	0.79475	0.02316	0.01110	0.00467	0.00148	0.00256	0.00998	0.00335	0.00315
19	0.89465	0.00726	0.00551	0.00493	0.00726	0.00842	0.00406	0.01103	0.00638	0.01683	0.00522	0.00609	0.00406	0.00348	0.00232	0.00116	0.00290	0.00203	0.00232	0.00406
20	0.00835	0.00999	0.07036	0.01440	0.01795	0.00879	0.69644	0.01135	0.00870	0.01187	0.02561	0.08102	0.00782	0.00399	0.00441	0.00128	0.00584	0.00489	0.00205	0.00489
21	0.00781	0.00632	0.00707	0.00637	0.00800	0.00688	0.00492	0.06333	0.41918	0.01573	0.35844	0.02021	0.04750	0.00626	0.00408	0.00123	0.00251	0.00536	0.00393	0.00488
22	0.01052	0.06448	0.01299	0.11059	0.24606	0.01022	0.04767	0.25820	0.14405	0.01557	0.00875	0.00983	0.00673	0.00411	0.00399	0.00116	0.03324	0.00346	0.00270	0.00569

[dist]
# distance from previous block
# <min> <max>
2	7

[block]
# block no. 3 follows, 73 sequences, length 18
# corresponding to MSA columns:
# 188-205
name=unknown_D
#
# <colnr> <probs for GDERKNQSTAVLIFYWHMCP>
#	G	D	E	R	K	N	Q	S	T	A	V	L	I	F	Y	W	H	M	C	P
0	0.01040	0.00787	0.00856	0.00750	0.00973	0.00884	0.00589	0.05356	0.68385	0.11988	0.03134	0.01391	0.01144	0.00506	0.00382	0.00125	0.00302	0.00420	0.00392	0.00597
1	0.00508	0.00383	0.00469	0.00448	0.00546	0.00344	0.00336	0.00663	0.01007	0.01375	0.62994	0.03016	0.24904	0.00815	0.00443	0.00120	0.00180	0.00708	0.00396	0.00344
2	0.00880	0.01049	0.05548	0.01561	0.01947	0.00946	0.79815	0.01201	0.00882	0.01201	0.00756	0.01003	0.00565	0.00318	0.00439	0.00126	0.00629	0.00436	0.00188	0.00508
3	0.00542	0.00364	0.00417	0.00420	0.00423	0.00365	0.00240	0.00549	0.00554	0.00741	0.01210	0.05644	0.01392	0.80593	0.04775	0.00364	0.00381	0.00561	0.00231	0.00234
4	0.72803	0.00765	0.04240	0.00544	0.00798	0.00801	0.00470	0.01213	0.00709	0.13800	0.00669	0.00715	0.00486	0.00366	0.00259	0.00116	0.00306	0.00232	0.00263	0.00447
5	0.00457	0.00326	0.00435	0.00522	0.00544	0.00305	0.00348	0.00522	0.00718	0.00958	0.02068	0.86570	0.02481	0.01175	0.00479	0.00152	0.00218	0.01067	0.00348	0.00305
6	0.51582	0.00936	0.00761	0.00682	0.02633	0.14394	0.00533	0.16008	0.00912	0.01620	0.00636	0.00738	0.00500	0.00539	0.06005	0.00145	0.00426	0.00250	0.00249	0.00452
7	0.00783	0.00778	0.07463	0.00676	0.04764	0.00547	0.00551	0.00973	0.00783	0.01220	0.00669	0.00786	0.00551	0.00287	0.00288	0.00063	0.00307	0.00232	0.00216	0.78062
8	0.00866	0.08976	0.63003	0.01095	0.07409	0.03354	0.01230	0.04754	0.00853	0.04089	0.00698	0.00804	0.00507	0.00361	0.00349	0.00114	0.00523	0.00280	0.00181	0.00554
9	0.00900	0.01040	0.03761	0.00780	0.00949	0.33484	0.08775	0.01018	0.00894	0.02218	0.01622	0.14311	0.20003	0.07942	0.00528	0.00138	0.00457	0.00539	0.00257	0.00385
10	0.01175	0.00534	0.00707	0.00590	0.00789	0.00475	0.00467	0.03244	0.01038	0.47342	0.23790	0.10840	0.06077	0.00645	0.00409	0.00121	0.00266	0.00551	0.00430	0.00510
11	0.01242	0.20383	0.01230	0.00840	0.01079	0.48982	0.00673	0.09985	0.01039	0.01088	0.00648	0.03028	0.00559	0.00392	0.00320	0.00093	0.00544	0.00264	0.00212	0.07399
12	0.00903	0.07315	0.19458	0.04175	0.13772	0.00812	0.09050	0.06239	0.00877	0.05265	0.00726	0.00854	0.00561	0.00334	0.00337	0.00096	0.00426	0.00290	0.00214	0.28296
13	0.02400	0.12594	0.59765	0.01116	0.10133	0.00946	0.01208	0.01213	0.03380	0.02900	0.00698	0.00808	0.00517	0.00356	0.00342	0.00113	0.00506	0.00279	0.00176	0.00550
14	0.00627	0.00437	0.00559	0.00599	0.02621	0.00429	0.00423	0.00852	0.11242	0.06493	0.16546	0.46449	0.05125	0.00939	0.00452	0.00140	0.00238	0.05080	0.00367	0.00380
15	0.00732	0.00600	0.00791	0.10100	0.03085	0.00674	0.02579	0.02973	0.26184	0.03093	0.03133	0.10496	0.07090	0.01219	0.23489	0.00258	0.02267	0.00501	0.00291	0.00445
16	0.01174	0.03628	0.01307	0.01533	0.41135	0.06490	0.02198	0.22242	0.01123	0.12122	0.00873	0.02963	0.00681	0.00403	0.00371	0.00112	0.00433	0.00349	0.00273	0.00589
17	0.02153	0.00574	0.00824	0.00950	0.16474	0.03593	0.05491	0.00891	0.00814	0.11597	0.01637	0.47461	0.04342	0.00827	0.00434	0.00135	0.00315	0.00752	0.00315	0.00420

[dist]
# distance from previous block
# <min> <max>
2	6

[block]
# block no. 4 follows, 73 sequences, length 13
# corresponding to MSA columns:
# 212-224
name=unknown_E
#
# <colnr> <probs for GDERKNQSTAVLIFYWHMCP>
#	G	D	E	R	K	N	Q	S	T	A	V	L	I	F	Y	W	H	M	C	P
0	0.00838	0.00910	0.04603	0.03426	0.02606	0.24394	0.02157	0.02204	0.00805	0.00959	0.02203	0.04774	0.01035	0.13103	0.22039	0.00278	0.03410	0.09654	0.00225	0.00376
1	0.01009	0.63854	0.07833	0.02735	0.08201	0.06350	0.00755	0.03702	0.00821	0.00984	0.00567	0.00666	0.00496	0.00334	0.00273	0.00089	0.00435	0.00227	0.00171	0.00497
2	0.00544	0.00370	0.00443	0.00443	0.00455	0.00382	0.00270	0.00567	0.00556	0.00753	0.01151	0.02282	0.01289	0.72019	0.16603	0.00406	0.00477	0.00520	0.00223	0.00246
3	0.01046	0.00934	0.02772	0.00837	0.01077	0.05594	0.04753	0.19490	0.53165	0.01662	0.01298	0.03666	0.00994	0.00496	0.00383	0.00123	0.00363	0.00412	0.00355	0.00581
4	0.00460	0.00335	0.00435	0.00507	0.00542	0.00309	0.00343	0.00535	0.00751	0.00996	0.07287	0.74314	0.09540	0.01131	0.00474	0.00148	0.00213	0.01019	0.00352	0.00309
5	0.00505	0.00419	0.00506	0.00576	0.07693	0.00373	0.00376	0.00620	0.00871	0.01108	0.17919	0.11466	0.52312	0.02991	0.00477	0.00132	0.00217	0.00753	0.00343	0.00344
6	0.00482	0.00347	0.00472	0.00532	0.00563	0.00347	0.00367	0.00558	0.00679	0.00920	0.01757	0.60656	0.02042	0.08024	0.20087	0.00272	0.00410	0.00874	0.00305	0.00306
7	0.01024	0.00915	0.00895	0.00791	0.01011	0.08166	0.00617	0.10290	0.68306	0.01595	0.01382	0.01287	0.01037	0.00493	0.00377	0.00123	0.00341	0.00400	0.00365	0.00585
8	0.00502	0.00380	0.00463	0.00448	0.00544	0.00341	0.00334	0.00650	0.00985	0.01336	0.56972	0.07100	0.26894	0.00840	0.00445	0.00122	0.00183	0.00730	0.00391	0.00341
9	0.00922	0.01490	0.51179	0.00976	0.01412	0.00868	0.04882	0.09242	0.12656	0.08515	0.03605	0.01005	0.00728	0.00408	0.00370	0.00120	0.00476	0.00333	0.00247	0.00567
10	0.00461	0.00333	0.00438	0.00520	0.00550	0.00310	0.00353	0.00532	0.00731	0.00966	0.02162	0.79219	0.07051	0.01158	0.00478	0.00152	0.00220	0.03712	0.00348	0.00307
11	0.47006	0.05622	0.08598	0.00736	0.04588	0.04236	0.01816	0.07463	0.06275	0.05435	0.00721	0.02513	0.00566	0.00397	0.00316	0.00116	0.02600	0.00274	0.00249	0.00474
12	0.04145	0.18924	0.14229	0.00914	0.08655	0.00959	0.03548	0.16966	0.02405	0.07720	0.06263	0.03126	0.01762	0.00427	0.00356	0.00106	0.01805	0.00339	0.00262	0.07089

[dist]
# distance from previous block
# <min> <max>
0	3

[block]
# block no. 5 follows, 73 sequences, length 12
# corresponding to MSA columns:
# 228-239
name=unknown_F
#
# <colnr> <probs for GDERKNQSTAVLIFYWHMCP>
#	G	D	E	R	K	N	Q	S	T	A	V	L	I	F	Y	W	H	M	C	P
0	0.01004	0.02333	0.01101	0.01041	0.11888	0.10817	0.05319	0.18601	0.06706	0.03235	0.00847	0.01078	0.00711	0.04583	0.15539	0.00217	0.13886	0.00355	0.00248	0.00489
1	0.00456	0.00330	0.00432	0.00513	0.00542	0.00305	0.00344	0.00523	0.00727	0.00961	0.02177	0.81366	0.07615	0.01161	0.00477	0.00151	0.00216	0.01049	0.00348	0.00305
2	0.00830	0.00938	0.13672	0.07809	0.36945	0.00805	0.00944	0.04145	0.12372	0.01305	0.09936	0.01352	0.06404	0.00455	0.00383	0.00117	0.00399	0.00405	0.00249	0.00533
3	0.00907	0.00829	0.03438	0.00781	0.01005	0.00907	0.02965	0.01888	0.75549	0.01525	0.01570	0.01459	0.04456	0.00517	0.00385	0.00127	0.00310	0.00435	0.00368	0.00579
4	0.05101	0.03374	0.07631	0.04921	0.11459	0.04215	0.00780	0.19400	0.08850	0.16915	0.00938	0.01002	0.00692	0.00540	0.03919	0.00139	0.08939	0.00336	0.00295	0.00554
5	0.00470	0.00382	0.00420	0.00430	0.00542	0.00331	0.00328	0.00580	0.00872	0.01078	0.12992	0.08873	0.61671	0.00951	0.00453	0.00132	0.00205	0.08611	0.00356	0.00323
6	0.00843	0.17071	0.59186	0.03910	0.01489	0.01000	0.01173	0.06252	0.03560	0.01210	0.00688	0.00792	0.00509	0.00362	0.00338	0.00112	0.00508	0.00274	0.00180	0.00543
7	0.00519	0.00383	0.00484	0.00459	0.00553	0.00349	0.00344	0.00684	0.01033	0.01435	0.72865	0.02917	0.14995	0.00793	0.00443	0.00119	0.00179	0.00695	0.00404	0.00349
8	0.00812	0.03239	0.44785	0.01024	0.06248	0.02421	0.07888	0.05117	0.03851	0.03860	0.03581	0.03217	0.07814	0.03980	0.00440	0.00129	0.00472	0.00388	0.00223	0.00512
9	0.01401	0.01788	0.01063	0.00967	0.01160	0.85309	0.00725	0.01498	0.01063	0.00918	0.00580	0.00677	0.00483	0.00387	0.00338	0.00097	0.00677	0.00242	0.00193	0.00435
10	0.00987	0.04422	0.06171	0.00746	0.01008	0.05512	0.00625	0.06508	0.44291	0.06598	0.02680	0.02432	0.00961	0.00455	0.00357	0.00110	0.00340	0.00369	0.00327	0.15101
11	0.27516	0.19646	0.08686	0.00699	0.00988	0.02902	0.00641	0.25070	0.02457	0.01610	0.02202	0.03251	0.02063	0.00417	0.00306	0.00109	0.00377	0.00296	0.00262	0.00502

[dist]
# distance from previous block
# <min> <max>
1	5

[block]
# block no. 6 follows, 73 sequences, length 42
# corresponding to MSA columns:
# 245-286
name=unknown_G
#
# <colnr> <probs for GDERKNQSTAVLIFYWHMCP>
#	G	D	E	R	K	N	Q	S	T	A	V	L	I	F	Y	W	H	M	C	P
0	0.03182	0.03195	0.22758	0.05270	0.24026	0.04300	0.13633	0.05040	0.01753	0.04394	0.02885	0.01038	0.00699	0.00468	0.02160	0.00139	0.03909	0.00359	0.00227	0.00565
1	0.01161	0.09529	0.14955	0.00771	0.01098	0.05534	0.02802	0.08114	0.06851	0.26526	0.01026	0.03962	0.00760	0.00421	0.00347	0.00104	0.00390	0.00336	0.00305	0.15009
2	0.00545	0.00343	0.00443	0.00474	0.00483	0.00336	0.00302	0.00529	0.00596	0.00793	0.01356	0.29943	0.01567	0.34192	0.01288	0.23387	0.00305	0.02625	0.00253	0.00239
3	0.00919	0.30338	0.11770	0.08597	0.35484	0.01091	0.02561	0.02174	0.01749	0.01100	0.00648	0.00813	0.00540	0.00339	0.00327	0.00103	0.00450	0.00285	0.00177	0.00535
4	0.00553	0.00363	0.00406	0.00406	0.00410	0.00363	0.00229	0.00561	0.00557	0.00759	0.01184	0.02406	0.01345	0.82792	0.01833	0.00351	0.00355	0.00536	0.04357	0.00233
5	0.01325	0.01669	0.01197	0.01053	0.02436	0.72988	0.09690	0.01447	0.01030	0.00953	0.00599	0.00720	0.00494	0.00384	0.00371	0.00102	0.02639	0.00267	0.00192	0.00444
6	0.00656	0.00341	0.00490	0.00483	0.00501	0.00334	0.00326	0.00538	0.00552	0.02807	0.04841	0.01410	0.05093	0.05222	0.01359	0.73966	0.00313	0.00378	0.00195	0.00195
7	0.00457	0.00326	0.00435	0.00522	0.00544	0.00305	0.00348	0.00522	0.00718	0.00958	0.02068	0.86570	0.02481	0.01175	0.00479	0.00152	0.00218	0.01067	0.00348	0.00305
8	0.00546	0.00364	0.00409	0.00409	0.00409	0.00364	0.00227	0.00546	0.00546	0.00727	0.01182	0.02455	0.01364	0.86815	0.01910	0.00364	0.00364	0.00546	0.00227	0.00227
9	0.00821	0.00821	0.01149	0.00985	0.00985	0.01149	0.00821	0.00903	0.00575	0.00903	0.00492	0.00821	0.00492	0.00657	0.01231	0.00164	0.86128	0.00328	0.00164	0.00410
10	0.00984	0.00846	0.00876	0.00776	0.00995	0.02667	0.00606	0.08742	0.75291	0.01622	0.01456	0.01344	0.01090	0.00502	0.00380	0.00125	0.00314	0.00413	0.00377	0.00594
11	0.00536	0.00402	0.00603	0.00603	0.00670	0.00469	0.00469	0.00670	0.00603	0.00871	0.01005	0.01474	0.00938	0.02814	0.85328	0.00603	0.01005	0.00402	0.00201	0.00335
12	0.00495	0.00350	0.00457	0.00506	0.00529	0.00349	0.00336	0.00554	0.00652	0.00881	0.01646	0.49237	0.01915	0.24586	0.15439	0.00287	0.00392	0.00812	0.00290	0.00289
13	0.01789	0.00787	0.01267	0.40348	0.25043	0.03738	0.06865	0.01093	0.00812	0.06866	0.00775	0.03793	0.00624	0.00404	0.00417	0.00122	0.04207	0.00364	0.00202	0.00485
14	0.00496	0.00388	0.00450	0.00433	0.00542	0.00345	0.00325	0.00648	0.02241	0.01275	0.45271	0.03160	0.41376	0.00849	0.00442	0.00122	0.00185	0.00728	0.00382	0.00340
15	0.00956	0.19832	0.13579	0.00840	0.02933	0.13255	0.06112	0.03058	0.00844	0.02843	0.00655	0.00790	0.00540	0.01881	0.00376	0.00095	0.03999	0.00261	0.00199	0.26953
16	0.01008	0.66584	0.13525	0.00734	0.01075	0.09755	0.00755	0.01170	0.00796	0.00929	0.00549	0.00636	0.00481	0.00333	0.00267	0.00087	0.00450	0.00215	0.00163	0.00487
17	0.00467	0.00380	0.00413	0.00407	0.00522	0.00326	0.00305	0.00583	0.00908	0.01143	0.25215	0.04870	0.61340	0.00905	0.00444	0.00125	0.00187	0.00766	0.00366	0.00326
18	0.00945	0.07657	0.40285	0.00978	0.03260	0.04670	0.04918	0.04480	0.20407	0.07348	0.00931	0.00969	0.00680	0.00400	0.00360	0.00117	0.00467	0.00323	0.00245	0.00561
19	0.06062	0.56743	0.02483	0.00816	0.08240	0.07469	0.00678	0.01252	0.06581	0.05649	0.00666	0.00731	0.00558	0.00350	0.00277	0.00092	0.00409	0.00242	0.00201	0.00501
20	0.00805	0.00649	0.00711	0.00640	0.00814	0.00707	0.00496	0.06262	0.44856	0.02730	0.24146	0.02002	0.11318	0.00625	0.00403	0.00123	0.00258	0.00529	0.01428	0.00497
21	0.00659	0.00584	0.04996	0.00732	0.02894	0.00542	0.05100	0.07672	0.04794	0.01153	0.01652	0.34517	0.03601	0.06200	0.04332	0.00180	0.02330	0.17365	0.00311	0.00385
22	0.00558	0.00390	0.00505	0.00472	0.00569	0.00357	0.00356	0.00730	0.01051	0.03813	0.77460	0.02805	0.07976	0.00769	0.00441	0.00118	0.00182	0.00676	0.00411	0.00360
23	0.01193	0.04249	0.01031	0.09485	0.01204	0.19695	0.00690	0.26946	0.15670	0.06568	0.02859	0.01024	0.00767	0.00447	0.00381	0.00112	0.02572	0.00336	0.04237	0.00532
24	0.21230	0.05333	0.00988	0.00845	0.01053	0.62552	0.00649	0.01392	0.00954	0.01089	0.00564	0.00658	0.00466	0.00375	0.00310	0.00100	0.00577	0.00231	0.00201	0.00431
25	0.00461	0.00328	0.00436	0.00519	0.00541	0.00307	0.00345	0.00526	0.00720	0.00962	0.03527	0.82938	0.02472	0.03329	0.00514	0.00157	0.00221	0.01046	0.00346	0.00304
26	0.00972	0.04814	0.01086	0.02418	0.05708	0.06568	0.12251	0.05769	0.14334	0.11399	0.09144	0.01482	0.06511	0.00486	0.00380	0.00111	0.00377	0.03433	0.00304	0.12453
27	0.56880	0.21142	0.02557	0.00647	0.04812	0.03004	0.00532	0.02494	0.00721	0.03612	0.00566	0.00650	0.00454	0.00347	0.00252	0.00107	0.00341	0.00218	0.00219	0.00446
28	0.00906	0.04715	0.12772	0.00841	0.01100	0.00783	0.11299	0.17693	0.08370	0.05609	0.15014	0.05721	0.01402	0.03845	0.00464	0.00133	0.00389	0.08139	0.00313	0.00492
29	0.00995	0.05730	0.04645	0.03520	0.30604	0.05159	0.02175	0.09841	0.13856	0.06116	0.01041	0.02248	0.03833	0.00473	0.01618	0.00121	0.01769	0.02239	0.00262	0.03756
30	0.00660	0.00415	0.00488	0.00489	0.00573	0.00419	0.00356	0.00885	0.09749	0.04593	0.12504	0.22126	0.01746	0.08790	0.04565	0.00164	0.00265	0.02163	0.28685	0.00365
31	0.00630	0.00523	0.00673	0.00694	0.04943	0.04297	0.00493	0.00787	0.04525	0.00936	0.05602	0.01613	0.01102	0.16622	0.49638	0.00441	0.05479	0.00428	0.00222	0.00351
32	0.01004	0.79168	0.06517	0.00678	0.01007	0.04564	0.00686	0.01141	0.00775	0.00901	0.00532	0.00615	0.00481	0.00325	0.00251	0.00083	0.00420	0.00206	0.00162	0.00484
33	0.00927	0.05773	0.01976	0.04384	0.15705	0.04714	0.56872	0.02771	0.00894	0.01190	0.00729	0.00958	0.00564	0.00327	0.00411	0.00120	0.00582	0.00397	0.00190	0.00516
34	0.00509	0.00380	0.00520	0.00620	0.05208	0.00358	0.00413	0.00615	0.00809	0.01092	0.17431	0.55266	0.06179	0.01030	0.00468	0.00144	0.00233	0.08039	0.00351	0.00334
35	0.00633	0.00467	0.00603	0.00596	0.00697	0.00461	0.03477	0.02913	0.12601	0.05144	0.10139	0.46030	0.10634	0.00930	0.00450	0.00140	0.00251	0.03089	0.00360	0.00385
36	0.16210	0.00846	0.01246	0.01343	0.29069	0.02562	0.12255	0.07066	0.01976	0.16502	0.03003	0.00992	0.00699	0.00395	0.00398	0.00118	0.04169	0.00343	0.00266	0.00543
37	0.00926	0.02202	0.40294	0.03013	0.07157	0.00849	0.06983	0.11517	0.06189	0.08419	0.00972	0.07024	0.01863	0.00449	0.00379	0.00121	0.00467	0.00382	0.00246	0.00549
38	0.01180	0.08539	0.03975	0.02249	0.01150	0.06110	0.05458	0.33308	0.20148	0.07208	0.02007	0.01068	0.02148	0.00456	0.00396	0.00116	0.03227	0.00357	0.00325	0.00572
39	0.00667	0.00439	0.00627	0.00604	0.00698	0.00484	0.00471	0.00835	0.03767	0.09289	0.05073	0.01629	0.01119	0.05489	0.64156	0.00493	0.00828	0.02711	0.00249	0.00372
40	0.00816	0.01955	0.12934	0.00707	0.02193	0.01862	0.01813	0.05213	0.13346	0.09940	0.24543	0.03997	0.13854	0.00629	0.00443	0.00123	0.04303	0.00523	0.00339	0.00467
41	0.00904	0.28438	0.46377	0.00899	0.01338	0.01094	0.01046	0.08941	0.05465	0.01224	0.00694	0.00776	0.00530	0.00363	0.00323	0.00107	0.00479	0.00267	0.00192	0.00542

[dist]
# distance from previous block
# <min> <max>
1	14

[block]
# block no. 7 follows, 73 sequences, length 21
# corresponding to MSA columns:
# 301-321
name=unknown_H
#
# <colnr> <probs for GDERKNQSTAVLIFYWHMCP>
#	G	D	E	R	K	N	Q	S	T	A	V	L	I	F	Y	W	H	M	C	P
0	0.01166	0.05172	0.05136	0.00915	0.01143	0.11542	0.13368	0.05374	0.00923	0.26153	0.01004	0.07613	0.00808	0.01959	0.00562	0.00129	0.15836	0.00402	0.00287	0.00507
1	0.00913	0.05397	0.05058	0.00715	0.04908	0.00644	0.01998	0.04641	0.03352	0.08900	0.00773	0.00850	0.00605	0.00319	0.00303	0.00074	0.00322	0.00258	0.00247	0.59721
2	0.05600	0.05311	0.04734	0.00702	0.05890	0.00568	0.02099	0.01057	0.03449	0.17053	0.32855	0.04291	0.05560	0.00636	0.00402	0.00121	0.00284	0.07172	0.01768	0.00448
3	0.00510	0.00401	0.00463	0.00451	0.00559	0.00366	0.00337	0.00692	0.05466	0.01259	0.39459	0.08325	0.38628	0.00858	0.00442	0.00124	0.00192	0.00738	0.00379	0.00348
4	0.02225	0.05576	0.01046	0.00806	0.01050	0.00959	0.07191	0.24469	0.36901	0.02692	0.01419	0.01377	0.08943	0.00508	0.00393	0.00120	0.01771	0.00419	0.01577	0.00558
5	0.00527	0.00368	0.00414	0.00411	0.00441	0.00355	0.00250	0.00561	0.00649	0.00853	0.09986	0.02681	0.15274	0.63976	0.01520	0.00300	0.00316	0.00600	0.00266	0.00255
6	0.04787	0.04360	0.01040	0.00844	0.00975	0.04662	0.02910	0.07021	0.15971	0.07370	0.01832	0.01091	0.01900	0.00554	0.00732	0.00136	0.37200	0.01701	0.04436	0.00477
7	0.14416	0.03182	0.46904	0.01094	0.05394	0.00915	0.13863	0.07674	0.00862	0.01355	0.00680	0.00810	0.00498	0.00355	0.00351	0.00118	0.00507	0.00298	0.00193	0.00531
8	0.00752	0.01941	0.84871	0.01069	0.01624	0.00871	0.01386	0.01188	0.00792	0.01188	0.00673	0.00792	0.00475	0.00356	0.00356	0.00119	0.00554	0.00277	0.00158	0.00554
9	0.00622	0.00477	0.00579	0.00592	0.03222	0.00497	0.00404	0.00926	0.18880	0.01181	0.23430	0.16902	0.02042	0.23025	0.05364	0.00215	0.00311	0.00631	0.00329	0.00372
10	0.01003	0.87041	0.01966	0.00642	0.00963	0.01485	0.00642	0.01123	0.00762	0.00883	0.00522	0.00602	0.00481	0.00321	0.00241	0.00080	0.00401	0.00201	0.00160	0.00481
11	0.00753	0.00668	0.01086	0.65438	0.09180	0.00795	0.00958	0.04014	0.00819	0.02593	0.05231	0.04094	0.00760	0.00426	0.00381	0.00123	0.00457	0.00379	0.01410	0.00436
12	0.00495	0.00407	0.00478	0.04150	0.02500	0.00367	0.00370	0.00623	0.00899	0.01136	0.22148	0.03285	0.55630	0.00874	0.00443	0.00127	0.00215	0.05165	0.00352	0.00337
13	0.00536	0.00402	0.00603	0.00603	0.00670	0.00469	0.00469	0.00670	0.00603	0.00871	0.01005	0.01474	0.00938	0.02814	0.85328	0.00603	0.01005	0.00402	0.00201	0.00335
14	0.05327	0.01039	0.08364	0.07362	0.19597	0.06610	0.22835	0.15885	0.01008	0.01386	0.00821	0.06514	0.00686	0.00414	0.00388	0.00119	0.00496	0.00394	0.00231	0.00524
15	0.07615	0.03393	0.03206	0.02864	0.14860	0.43909	0.06682	0.05390	0.00995	0.05696	0.00676	0.00790	0.00534	0.00378	0.00357	0.00106	0.01561	0.00283	0.00216	0.00488
16	0.00640	0.00450	0.00552	0.00504	0.00624	0.00428	0.00385	0.04699	0.05507	0.05574	0.61484	0.02667	0.13544	0.00747	0.00433	0.00119	0.00203	0.00649	0.00404	0.00389
17	0.05815	0.22419	0.10387	0.00860	0.06087	0.07451	0.02370	0.15679	0.06537	0.05441	0.00760	0.00820	0.00590	0.00368	0.00317	0.00098	0.00414	0.00276	0.00245	0.13067
18	0.04553	0.11485	0.15485	0.00887	0.05671	0.03422	0.05476	0.06881	0.17015	0.09182	0.01781	0.03338	0.00775	0.00446	0.01423	0.00114	0.00404	0.00341	0.01286	0.10035
19	0.02857	0.26031	0.14523	0.02788	0.03097	0.11870	0.06891	0.04273	0.05419	0.09710	0.04355	0.00918	0.00709	0.00402	0.00376	0.00107	0.04633	0.00304	0.00231	0.00507
20	0.00751	0.05309	0.01129	0.29469	0.29655	0.00767	0.00867	0.00980	0.03099	0.01143	0.12628	0.01503	0.10204	0.00480	0.00384	0.00117	0.00392	0.00427	0.00233	0.00465

[dist]
# distance from previous block
# <min> <max>
5	9

[block]
# block no. 8 follows, 73 sequences, length 67
# corresponding to MSA columns:
# 331-397
name=unknown_I
#
# <colnr> <probs for GDERKNQSTAVLIFYWHMCP>
#	G	D	E	R	K	N	Q	S	T	A	V	L	I	F	Y	W	H	M	C	P
0	0.76853	0.00759	0.00594	0.00528	0.00756	0.03205	0.00430	0.04471	0.04066	0.01675	0.00604	0.00682	0.00467	0.00363	0.00248	0.00115	0.00302	0.00224	0.03237	0.00422
1	0.00921	0.00995	0.08504	0.02736	0.43427	0.06043	0.04109	0.01210	0.08404	0.02758	0.03311	0.01002	0.00710	0.00442	0.01328	0.00126	0.12876	0.00347	0.00211	0.00540
2	0.00697	0.00577	0.00718	0.00573	0.00798	0.00496	0.02975	0.00955	0.08623	0.01367	0.34310	0.01656	0.01809	0.00497	0.00359	0.00089	0.00250	0.00431	0.00313	0.42507
3	0.00518	0.00383	0.00503	0.00571	0.04341	0.00354	0.00382	0.00625	0.00832	0.02678	0.21350	0.44663	0.16990	0.01035	0.02831	0.00150	0.00238	0.00863	0.00354	0.00338
4	0.00687	0.00621	0.00840	0.00754	0.00773	0.00799	0.00596	0.00764	0.00640	0.00930	0.07273	0.07958	0.05806	0.16725	0.03489	0.00207	0.48257	0.02303	0.00224	0.00356
5	0.01073	0.05123	0.04365	0.00821	0.01050	0.23020	0.00663	0.07291	0.46838	0.01404	0.03664	0.01157	0.00952	0.00466	0.00364	0.00115	0.00416	0.00362	0.00314	0.00541
6	0.00485	0.00365	0.00449	0.00465	0.00542	0.00329	0.00335	0.00606	0.00900	0.01206	0.37631	0.29592	0.23840	0.00943	0.00454	0.00131	0.00193	0.00831	0.00376	0.00329
7	0.00875	0.04833	0.14593	0.05729	0.34024	0.04318	0.09050	0.03201	0.03160	0.01171	0.01756	0.01024	0.03096	0.00511	0.04389	0.00141	0.07061	0.00349	0.00197	0.00523
8	0.00785	0.00692	0.01139	0.74597	0.07356	0.00837	0.01017	0.03784	0.00804	0.04417	0.00710	0.01004	0.00528	0.00379	0.00375	0.00123	0.00487	0.00335	0.00187	0.00444
9	0.02891	0.07364	0.15557	0.06817	0.11844	0.04737	0.00849	0.08378	0.07607	0.01264	0.09955	0.01146	0.01937	0.00572	0.03912	0.00141	0.13942	0.00360	0.00236	0.00490
10	0.04709	0.01734	0.01065	0.00960	0.01158	0.80598	0.02207	0.01478	0.01044	0.00952	0.00581	0.00680	0.00482	0.00384	0.00336	0.00098	0.00661	0.00244	0.00195	0.00435
11	0.00460	0.00332	0.00435	0.00511	0.00543	0.00308	0.00345	0.00532	0.00743	0.00987	0.05998	0.77552	0.07584	0.01142	0.00475	0.00149	0.00214	0.01032	0.00351	0.00308
12	0.00883	0.00767	0.00898	0.00707	0.04348	0.05788	0.04016	0.02753	0.00838	0.05110	0.00710	0.00814	0.00572	0.00301	0.00299	0.00067	0.00329	0.00247	0.00232	0.70321
13	0.01003	0.87041	0.01966	0.00642	0.00963	0.01485	0.00642	0.01123	0.00762	0.00883	0.00522	0.00602	0.00481	0.00321	0.00241	0.00080	0.00401	0.00201	0.00160	0.00481
14	0.00965	0.00574	0.00702	0.00605	0.00781	0.00567	0.00473	0.09105	0.13863	0.22661	0.35539	0.07065	0.04206	0.00649	0.00412	0.00121	0.00257	0.00556	0.00412	0.00487
15	0.00531	0.00383	0.00501	0.00472	0.00560	0.00354	0.00354	0.00708	0.01062	0.01504	0.84277	0.02802	0.03540	0.00767	0.00442	0.00118	0.00177	0.00678	0.00413	0.00354
16	0.00546	0.00390	0.00507	0.00480	0.00570	0.00362	0.00359	0.00730	0.02102	0.02441	0.78943	0.06157	0.03437	0.00777	0.00442	0.00119	0.00182	0.00687	0.00411	0.00358
17	0.00652	0.00326	0.00489	0.00489	0.00489	0.00326	0.00326	0.00489	0.00489	0.00652	0.00652	0.01140	0.00652	0.01303	0.01466	0.89084	0.00326	0.00326	0.00163	0.00163
18	0.01401	0.01788	0.01063	0.00967	0.01160	0.85309	0.00725	0.01498	0.01063	0.00918	0.00580	0.00677	0.00483	0.00387	0.00338	0.00097	0.00677	0.00242	0.00193	0.00435
19	0.00778	0.00667	0.00778	0.00556	0.00889	0.00500	0.00445	0.00945	0.00778	0.01223	0.00667	0.00778	0.00556	0.00278	0.00278	0.00056	0.00278	0.00222	0.00222	0.89108
20	0.00652	0.00326	0.00489	0.00489	0.00489	0.00326	0.00326	0.00489	0.00489	0.00652	0.00652	0.01140	0.00652	0.01303	0.01466	0.89084	0.00326	0.00326	0.00163	0.00163
21	0.00660	0.01430	0.01905	0.00531	0.00685	0.00526	0.00418	0.07939	0.14816	0.02310	0.26504	0.03908	0.35402	0.00763	0.00423	0.00123	0.00233	0.00644	0.00371	0.00410
22	0.00891	0.07439	0.44453	0.01407	0.26399	0.08254	0.02733	0.01206	0.00837	0.02017	0.00674	0.00819	0.00519	0.00350	0.00353	0.00112	0.00521	0.00290	0.00174	0.00551
23	0.00926	0.00836	0.01400	0.02066	0.73405	0.00828	0.01052	0.01137	0.00873	0.05111	0.04263	0.01142	0.04508	0.00386	0.00378	0.00113	0.00417	0.00371	0.00215	0.00574
24	0.01460	0.00902	0.01024	0.00789	0.01077	0.00951	0.00650	0.56062	0.01534	0.26043	0.04831	0.01095	0.00853	0.00469	0.00379	0.00114	0.00375	0.00365	0.00403	0.00625
25	0.05812	0.06433	0.22668	0.04948	0.32763	0.02928	0.06163	0.04794	0.00916	0.06267	0.00795	0.00970	0.00624	0.00405	0.00400	0.00127	0.01839	0.00334	0.00228	0.00587
26	0.65804	0.00970	0.07873	0.00622	0.00882	0.10139	0.00548	0.07118	0.00780	0.01606	0.00569	0.00654	0.00437	0.00361	0.00265	0.00114	0.00364	0.00224	0.00232	0.00439
27	0.00590	0.00423	0.00586	0.00666	0.00749	0.00419	0.00573	0.00755	0.00864	0.01128	0.05733	0.09116	0.03499	0.01031	0.00511	0.00168	0.00328	0.72168	0.00349	0.00343
28	0.23964	0.00695	0.00838	0.00685	0.02660	0.00680	0.02414	0.07724	0.01006	0.50319	0.04510	0.01127	0.00864	0.00440	0.00344	0.00116	0.00323	0.00343	0.00384	0.00564
29	0.01003	0.87041	0.01966	0.00642	0.00963	0.01485	0.00642	0.01123	0.00762	0.00883	0.00522	0.00602	0.00481	0.00321	0.00241	0.00080	0.00401	0.00201	0.00160	0.00481
30	0.00548	0.00361	0.00413	0.00415	0.00416	0.00361	0.00234	0.00543	0.00548	0.00730	0.01183	0.04490	0.01363	0.81223	0.01856	0.03954	0.00359	0.00550	0.00228	0.00227
31	0.00860	0.03973	0.49136	0.00990	0.01411	0.00822	0.10517	0.03990	0.04905	0.08001	0.00919	0.06166	0.00725	0.00431	0.00371	0.00120	0.00482	0.01305	0.04345	0.00531
32	0.00778	0.00667	0.00778	0.00556	0.00889	0.00500	0.00445	0.00945	0.00778	0.01223	0.00667	0.00778	0.00556	0.00278	0.00278	0.00056	0.00278	0.00222	0.00222	0.89108
33	0.00925	0.04940	0.04916	0.02176	0.77239	0.00918	0.01137	0.01152	0.00847	0.01208	0.00696	0.00908	0.00584	0.00335	0.00365	0.00110	0.00448	0.00326	0.00183	0.00587
34	0.01117	0.31448	0.05591	0.00852	0.02922	0.09546	0.04996	0.23872	0.11444	0.01422	0.00835	0.02137	0.01440	0.00407	0.00330	0.00103	0.00435	0.00308	0.00257	0.00537
35	0.85276	0.01914	0.00582	0.00501	0.00737	0.00841	0.00414	0.01128	0.00655	0.04480	0.00555	0.00632	0.00425	0.00352	0.00237	0.00116	0.00293	0.00209	0.00239	0.00415
36	0.00545	0.00386	0.00538	0.00538	0.00581	0.00429	0.00388	0.00622	0.00579	0.00815	0.01039	0.01753	0.01052	0.28240	0.55365	0.05415	0.00773	0.00441	0.00207	0.00293
