[name]
unknown

[dist]
# distance from previous block
# <min> <max>
7	108

[block]
# block no. 0 follows, 66 sequences, length 23
# corresponding to MSA columns:
# 118-140
name=unknown_A
#
# <colnr> <probs for GDERKNQSTAVLIFYWHMCP>
#	G	D	E	R	K	N	Q	S	T	A	V	L	I	F	Y	W	H	M	C	P
0	0.01070	0.05877	0.03276	0.00890	0.01212	0.08747	0.10062	0.14425	0.12552	0.01510	0.00882	0.00967	0.00691	0.00398	0.00389	0.00101	0.02825	0.00324	0.00277	0.33524
1	0.00958	0.00968	0.01514	0.01259	0.10516	0.05580	0.29783	0.01305	0.09894	0.01337	0.00859	0.01018	0.00677	0.00356	0.00392	0.00105	0.00485	0.00365	0.00241	0.32389
2	0.00672	0.09969	0.00746	0.00612	0.00734	0.02681	0.00468	0.00891	0.09493	0.01177	0.09325	0.37754	0.11323	0.01961	0.00481	0.00146	0.00287	0.07584	0.00354	0.03343
3	0.00519	0.00401	0.00471	0.00485	0.00572	0.00369	0.00347	0.00620	0.00857	0.01103	0.13688	0.19739	0.38036	0.10793	0.09932	0.00227	0.00328	0.00823	0.00354	0.00337
4	0.00581	0.09871	0.00662	0.00528	0.00635	0.00490	0.00398	0.00702	0.00928	0.01219	0.26931	0.32810	0.20819	0.00980	0.00469	0.00139	0.00237	0.00856	0.00375	0.00370
5	0.02843	0.04801	0.21350	0.01224	0.08799	0.02465	0.16379	0.07558	0.00935	0.04870	0.00980	0.07583	0.03092	0.00555	0.01521	0.00143	0.13690	0.00435	0.00239	0.00540
6	0.01348	0.01290	0.03357	0.01165	0.10368	0.20849	0.05445	0.36682	0.08821	0.01812	0.00902	0.00968	0.00682	0.00449	0.00409	0.00119	0.01615	0.00350	0.00312	0.03057
7	0.28354	0.00937	0.00934	0.00751	0.01017	0.01042	0.00607	0.46407	0.01371	0.03668	0.00893	0.01071	0.00705	0.09898	0.00542	0.00153	0.00398	0.00346	0.00342	0.00563
8	0.00494	0.00353	0.00471	0.00565	0.00588	0.00330	0.00377	0.00565	0.00777	0.01036	0.02236	0.85477	0.02683	0.01271	0.00518	0.00165	0.00235	0.01153	0.00377	0.00330
9	0.03017	0.01125	0.01180	0.01102	0.12269	0.13239	0.00786	0.42790	0.01502	0.12536	0.05646	0.01107	0.00874	0.00479	0.00401	0.00120	0.00463	0.00373	0.00361	0.00629
10	0.00961	0.01074	0.02279	0.01778	0.11074	0.01025	0.70564	0.01285	0.00944	0.01293	0.00806	0.01079	0.00616	0.00354	0.00494	0.00136	0.03015	0.00462	0.00204	0.00555
11	0.00494	0.00353	0.00471	0.00565	0.00588	0.00330	0.00377	0.00565	0.00777	0.01036	0.02236	0.85477	0.02683	0.01271	0.00518	0.00165	0.00235	0.01153	0.00377	0.00330
12	0.00785	0.00740	0.01251	0.78258	0.09155	0.00906	0.01136	0.01053	0.00820	0.01059	0.00724	0.01076	0.00549	0.00402	0.00405	0.00134	0.00536	0.00361	0.00182	0.00466
13	0.00607	0.00474	0.00704	0.00688	0.00754	0.00572	0.00541	0.00747	0.00649	0.00945	0.01038	0.01532	0.00972	0.02838	0.76857	0.00610	0.08461	0.00428	0.00214	0.00369
14	0.00755	0.00572	0.00653	0.00676	0.00758	0.06036	0.00509	0.04123	0.02538	0.05824	0.01837	0.38180	0.02034	0.10362	0.00707	0.00187	0.03653	0.19858	0.00352	0.00386
15	0.00514	0.00399	0.00468	0.00478	0.00576	0.00353	0.00348	0.00639	0.00967	0.01259	0.29966	0.21627	0.38920	0.01015	0.00488	0.00140	0.00207	0.00881	0.00400	0.00353
16	0.00493	0.00359	0.00464	0.00548	0.00584	0.00331	0.00369	0.00567	0.00793	0.01042	0.02444	0.76440	0.11586	0.01244	0.00514	0.00162	0.00232	0.01120	0.00377	0.00331
17	0.00988	0.00696	0.00784	0.00676	0.00871	0.00739	0.00535	0.21851	0.15550	0.07099	0.13604	0.01925	0.12642	0.00905	0.09690	0.00184	0.00391	0.00515	0.09837	0.00519
18	0.01061	0.11009	0.50384	0.01054	0.01533	0.10184	0.02638	0.10280	0.01021	0.06047	0.00778	0.00868	0.00565	0.00402	0.00375	0.00121	0.00566	0.00303	0.00221	0.00591
19	0.72068	0.02720	0.05481	0.00788	0.09917	0.00933	0.00594	0.01204	0.00729	0.01717	0.00596	0.00708	0.00468	0.00375	0.00276	0.00124	0.00351	0.00240	0.00239	0.00473
20	0.00629	0.00460	0.00564	0.00610	0.00682	0.00443	0.00425	0.00821	0.09850	0.02767	0.09603	0.60182	0.09073	0.01141	0.00516	0.00163	0.00257	0.01010	0.00403	0.00400
21	0.03819	0.00891	0.01028	0.00830	0.04667	0.04517	0.03656	0.19170	0.03158	0.07267	0.00882	0.02260	0.00691	0.00389	0.00350	0.00091	0.00378	0.00314	0.00298	0.45344
22	0.00867	0.05901	0.00856	0.02329	0.04889	0.00690	0.00550	0.01273	0.22196	0.08295	0.07761	0.13150	0.13740	0.00679	0.00416	0.00124	0.00301	0.01490	0.00356	0.14137

[dist]
# distance from previous block
# <min> <max>
0	34

[block]
# block no. 1 follows, 66 sequences, length 18
# corresponding to MSA columns:
# 175-192
name=unknown_B
#
# <colnr> <probs for GDERKNQSTAVLIFYWHMCP>
#	G	D	E	R	K	N	Q	S	T	A	V	L	I	F	Y	W	H	M	C	P
0	0.01075	0.03858	0.09512	0.03119	0.01386	0.03433	0.19490	0.17318	0.08994	0.07834	0.02345	0.06385	0.03085	0.01839	0.03954	0.00156	0.03510	0.00460	0.00302	0.01944
1	0.03352	0.02819	0.01028	0.03979	0.02053	0.03059	0.15939	0.07291	0.00977	0.05730	0.04108	0.02163	0.00944	0.00453	0.00372	0.00110	0.01816	0.00397	0.36829	0.06581
2	0.00856	0.00915	0.10428	0.31437	0.03532	0.00811	0.00885	0.04524	0.06187	0.01279	0.00788	0.00985	0.00613	0.00387	0.00397	0.00108	0.03243	0.00317	0.00226	0.32082
3	0.00621	0.00487	0.00693	0.00689	0.01932	0.00522	0.04000	0.00835	0.08369	0.01052	0.02653	0.21902	0.03292	0.11539	0.39028	0.00409	0.00674	0.00642	0.00283	0.00379
4	0.00766	0.00721	0.01217	0.84767	0.02794	0.00901	0.01127	0.01037	0.00811	0.01037	0.00721	0.01082	0.00541	0.00406	0.00406	0.00135	0.00541	0.00361	0.00180	0.00451
5	0.01068	0.00755	0.00831	0.00693	0.00904	0.03512	0.03348	0.21864	0.12775	0.06801	0.06305	0.01520	0.04697	0.02230	0.00407	0.00120	0.00328	0.00429	0.27411	0.04001
6	0.00859	0.00815	0.00918	0.00969	0.10230	0.14449	0.00677	0.04965	0.02758	0.01093	0.00947	0.01308	0.00850	0.01974	0.49508	0.00433	0.06189	0.00390	0.00225	0.00440
7	0.00605	0.00428	0.00541	0.00522	0.00624	0.00396	0.00388	0.00796	0.03425	0.04147	0.57630	0.14436	0.12739	0.00895	0.00480	0.00134	0.00208	0.00787	0.00430	0.00388
8	0.00705	0.00352	0.00529	0.00529	0.00529	0.00352	0.00352	0.00529	0.00529	0.00705	0.00705	0.01233	0.00705	0.01409	0.01586	0.88196	0.00352	0.00352	0.00176	0.00176
9	0.03019	0.00958	0.01022	0.00815	0.01087	0.01048	0.00663	0.56772	0.08893	0.02221	0.06029	0.01446	0.08996	0.00562	0.00409	0.00124	0.00382	0.00440	0.04499	0.00615
10	0.00510	0.00411	0.00448	0.00439	0.00559	0.00356	0.00326	0.00633	0.00972	0.01228	0.25485	0.03615	0.58079	0.04488	0.00545	0.00145	0.00209	0.00812	0.00390	0.00349
11	0.00500	0.00355	0.00469	0.00558	0.00580	0.00333	0.00369	0.00566	0.00766	0.01022	0.02182	0.80801	0.02615	0.06040	0.00605	0.00178	0.00244	0.01122	0.00369	0.00325
12	0.01040	0.00737	0.00772	0.00699	0.00863	0.07027	0.00531	0.22053	0.04256	0.10197	0.01584	0.32179	0.02629	0.00796	0.00451	0.01668	0.00339	0.00663	0.11032	0.00487
13	0.00833	0.00839	0.01572	0.57052	0.06725	0.00940	0.23939	0.01122	0.00858	0.01126	0.00751	0.01081	0.00567	0.00385	0.00426	0.00135	0.00578	0.00394	0.00188	0.00488
14	0.00858	0.00583	0.00667	0.00601	0.00768	0.00595	0.00465	0.02848	0.24383	0.10098	0.29334	0.02306	0.12507	0.00689	0.00427	0.00127	0.00251	0.00585	0.11417	0.00489
15	0.01181	0.10296	0.07985	0.00826	0.01180	0.04151	0.02616	0.31013	0.01260	0.04581	0.00854	0.02365	0.00666	0.00411	0.00356	0.00099	0.00419	0.00317	0.00298	0.29125
16	0.00825	0.00652	0.00756	0.00714	0.00899	0.03685	0.00582	0.02604	0.14316	0.04207	0.05845	0.09487	0.01736	0.00785	0.00456	0.00140	0.00342	0.31867	0.00354	0.19749
17	0.00892	0.15688	0.20506	0.00819	0.01097	0.13612	0.01982	0.01127	0.04242	0.01090	0.01167	0.06253	0.05485	0.11961	0.04832	0.00183	0.00514	0.04941	0.00237	0.03373

[dist]
# distance from previous block
# <min> <max>
1	2

[block]
# block no. 2 follows, 66 sequences, length 11
# corresponding to MSA columns:
# 195-205
name=unknown_C
#
# <colnr> <probs for GDERKNQSTAVLIFYWHMCP>
#	G	D	E	R	K	N	Q	S	T	A	V	L	I	F	Y	W	H	M	C	P
0	0.01128	0.00846	0.00927	0.00799	0.01037	0.00939	0.00630	0.14081	0.53453	0.10243	0.09978	0.01575	0.01400	0.00565	0.00418	0.00133	0.00329	0.00468	0.00424	0.00628
1	0.01146	0.14305	0.14538	0.01115	0.03507	0.07461	0.15997	0.24555	0.02530	0.01559	0.00809	0.00947	0.00627	0.00553	0.04609	0.00148	0.04413	0.00350	0.00256	0.00577
2	0.00982	0.14909	0.03896	0.07390	0.13913	0.09351	0.07153	0.07488	0.05275	0.01259	0.04430	0.02494	0.03930	0.02791	0.03044	0.03686	0.02004	0.05252	0.00252	0.00503
3	0.00580	0.00432	0.00639	0.00639	0.00707	0.00500	0.00491	0.00716	0.00648	0.00932	0.01098	0.01658	0.01042	0.08038	0.79176	0.00636	0.01045	0.00444	0.00219	0.00355
4	0.00778	0.00589	0.00746	0.05770	0.00923	0.04314	0.04552	0.06070	0.01007	0.07914	0.16692	0.28486	0.13298	0.00898	0.00477	0.00144	0.00319	0.06231	0.00373	0.00421
5	0.04662	0.04286	0.11196	0.06746	0.17350	0.11999	0.12837	0.13049	0.02582	0.06662	0.00871	0.02900	0.00682	0.00469	0.01833	0.00133	0.00542	0.00372	0.00256	0.00574
6	0.00553	0.03985	0.00569	0.00570	0.00637	0.00430	0.00406	0.00693	0.04884	0.01096	0.05553	0.60138	0.11829	0.01217	0.03780	0.00175	0.00279	0.02482	0.00366	0.00359
7	0.00584	0.00409	0.00524	0.00536	0.00624	0.00375	0.00397	0.00726	0.00992	0.04081	0.39400	0.27310	0.14806	0.00997	0.00494	0.00144	0.00225	0.06593	0.00413	0.00371
8	0.01209	0.09110	0.04224	0.12523	0.13341	0.03920	0.13710	0.24635	0.01209	0.08868	0.00872	0.01003	0.00648	0.00423	0.00423	0.00124	0.02515	0.00366	0.00281	0.00596
9	0.00910	0.07586	0.04513	0.15955	0.16456	0.04692	0.13377	0.03328	0.03572	0.03030	0.02621	0.14522	0.01021	0.01641	0.00491	0.00137	0.04894	0.00501	0.00246	0.00507
10	0.51848	0.00733	0.00669	0.00592	0.00823	0.00807	0.00481	0.06962	0.05831	0.09042	0.04015	0.02844	0.07438	0.00524	0.00331	0.00130	0.00312	0.03717	0.02427	0.00476

[dist]
# distance from previous block
# <min> <max>
3	24

[block]
# block no. 3 follows, 66 sequences, length 13
# corresponding to MSA columns:
# 231-243
name=unknown_D
#
# <colnr> <probs for GDERKNQSTAVLIFYWHMCP>
#	G	D	E	R	K	N	Q	S	T	A	V	L	I	F	Y	W	H	M	C	P
0	0.00676	0.00500	0.00568	0.00538	0.00666	0.00479	0.00407	0.11758	0.01037	0.01347	0.14943	0.12669	0.37484	0.00978	0.00577	0.08486	0.00260	0.03684	0.02562	0.00381
1	0.00657	0.03285	0.00647	0.03034	0.00704	0.00541	0.00428	0.05177	0.02730	0.01007	0.01356	0.10758	0.03915	0.34510	0.29055	0.00409	0.00610	0.00571	0.00263	0.00346
2	0.06872	0.08560	0.20127	0.02250	0.13296	0.03333	0.11487	0.09206	0.04505	0.09476	0.03037	0.01085	0.02366	0.00433	0.00409	0.00125	0.02221	0.00366	0.00264	0.00582
3	0.00981	0.00949	0.01568	0.02213	0.67222	0.01018	0.01176	0.01193	0.00865	0.01258	0.00718	0.00981	0.00621	0.00429	0.00583	0.00132	0.16932	0.00360	0.00196	0.00604
4	0.00498	0.00412	0.00437	0.00430	0.00559	0.00350	0.00323	0.00618	0.00968	0.01199	0.19464	0.03734	0.67627	0.00989	0.00479	0.00135	0.00203	0.00832	0.00390	0.00350
5	0.01129	0.00893	0.01296	0.10597	0.32284	0.06109	0.04821	0.03968	0.03294	0.17271	0.01127	0.07296	0.02914	0.00506	0.00461	0.00130	0.04596	0.00442	0.00287	0.00577
6	0.03970	0.05159	0.01177	0.00980	0.01212	0.54657	0.02816	0.17133	0.01242	0.01330	0.00797	0.06141	0.00692	0.00479	0.00378	0.00112	0.00619	0.00340	0.00258	0.00507
7	0.01070	0.69419	0.01891	0.00720	0.01044	0.01489	0.00684	0.01398	0.16717	0.01099	0.00776	0.00819	0.00660	0.00387	0.00290	0.00097	0.00412	0.00264	0.00220	0.00544
8	0.00925	0.00713	0.00768	0.00692	0.00899	0.00767	0.00538	0.01662	0.49888	0.09134	0.04975	0.02207	0.23748	0.00686	0.00433	0.00136	0.00287	0.00572	0.00412	0.00556
9	0.02994	0.00647	0.00656	0.00609	0.00691	0.05892	0.00417	0.03474	0.16614	0.01078	0.01233	0.02074	0.01250	0.51974	0.02852	0.00298	0.04494	0.00507	0.00277	0.01969
10	0.00812	0.00768	0.01301	0.68752	0.18447	0.00914	0.01150	0.01077	0.00833	0.01093	0.00729	0.01067	0.00561	0.00397	0.00405	0.00132	0.00529	0.00361	0.00184	0.00488
11	0.01009	0.00872	0.00917	0.00826	0.01055	0.01009	0.00642	0.02156	0.82478	0.01697	0.01651	0.01514	0.01238	0.00550	0.00413	0.00138	0.00321	0.00459	0.00413	0.00642
12	0.00545	0.00377	0.00469	0.00523	0.00541	0.00365	0.00337	0.00592	0.00706	0.00939	0.01820	0.45235	0.02145	0.37471	0.01184	0.00264	0.00311	0.05560	0.00320	0.00296

[dist]
# distance from previous block
# <min> <max>
0	1

[block]
# block no. 4 follows, 66 sequences, length 24
# corresponding to MSA columns:
# 245-268
name=unknown_E
#
# <colnr> <probs for GDERKNQSTAVLIFYWHMCP>
#	G	D	E	R	K	N	Q	S	T	A	V	L	I	F	Y	W	H	M	C	P
0	0.08702	0.01263	0.01077	0.03725	0.09298	0.31318	0.00765	0.03508	0.29773	0.01381	0.01003	0.01052	0.00785	0.00469	0.00420	0.00124	0.04155	0.00347	0.00286	0.00549
1	0.01127	0.67749	0.01892	0.00748	0.01067	0.11017	0.00699	0.01356	0.09100	0.01034	0.00681	0.00747	0.00593	0.00376	0.00288	0.00094	0.00457	0.00246	0.00202	0.00527
2	0.01014	0.00950	0.07217	0.06989	0.17212	0.00876	0.05092	0.15132	0.12458	0.03782	0.02120	0.07198	0.00908	0.00478	0.00398	0.00118	0.00417	0.00418	0.00294	0.16930
3	0.03995	0.03111	0.04074	0.08464	0.24398	0.11555	0.06496	0.01218	0.06378	0.03677	0.04738	0.04842	0.03253	0.09096	0.00587	0.00154	0.01623	0.01580	0.00253	0.00508
4	0.00677	0.00467	0.00535	0.00514	0.00553	0.00481	0.00325	0.08795	0.00742	0.00995	0.01320	0.09560	0.01474	0.65279	0.06315	0.00361	0.00424	0.00607	0.00272	0.00304
5	0.00884	0.00925	0.08306	0.09079	0.18529	0.00913	0.06572	0.05419	0.04063	0.01275	0.06537	0.02704	0.04294	0.00575	0.00670	0.03980	0.19208	0.00419	0.00239	0.05409
6	0.01255	0.13370	0.04726	0.04959	0.13055	0.05957	0.07100	0.24749	0.05754	0.10605	0.00965	0.03169	0.00744	0.00453	0.00400	0.00121	0.01334	0.00373	0.00304	0.00606
7	0.00926	0.00870	0.02491	0.18671	0.42051	0.00879	0.03760	0.03830	0.04866	0.01334	0.03003	0.01141	0.02002	0.00403	0.00395	0.00119	0.00454	0.00375	0.03014	0.09418
8	0.00667	0.00551	0.00636	0.00631	0.03812	0.05690	0.00450	0.00894	0.04685	0.01567	0.69353	0.02763	0.05182	0.00778	0.00466	0.00127	0.00242	0.00681	0.00419	0.00409
9	0.01353	0.02792	0.02490	0.01047	0.07514	0.02753	0.03866	0.53646	0.08073	0.03307	0.00996	0.02356	0.00747	0.00475	0.00411	0.00120	0.01430	0.00376	0.00359	0.05885
10	0.00835	0.01753	0.61660	0.01081	0.03603	0.03245	0.01259	0.03667	0.02939	0.01303	0.00908	0.09414	0.00765	0.00478	0.00395	0.00127	0.00535	0.00389	0.00211	0.05432
11	0.03573	0.30108	0.25037	0.00946	0.01332	0.08832	0.04799	0.09776	0.05500	0.01309	0.00733	0.00831	0.00580	0.00403	0.00377	0.00113	0.03402	0.00291	0.00219	0.01838
12	0.01346	0.00902	0.04628	0.00829	0.01116	0.00873	0.03465	0.34117	0.05551	0.24168	0.06681	0.05174	0.05697	0.00590	0.00427	0.00129	0.00386	0.02893	0.00414	0.00615
13	0.00496	0.00364	0.00461	0.00536	0.00576	0.00334	0.00361	0.00569	0.00791	0.01034	0.02477	0.69536	0.14774	0.04921	0.00580	0.00171	0.00238	0.01084	0.00371	0.00328
14	0.00852	0.00617	0.00751	0.00791	0.09095	0.00608	0.00547	0.02677	0.18833	0.11655	0.07130	0.06178	0.32596	0.00784	0.00453	0.00137	0.00291	0.05125	0.00387	0.00492
15	0.00766	0.00721	0.01217	0.84767	0.02794	0.00901	0.01127	0.01037	0.00811	0.01037	0.00721	0.01082	0.00541	0.00406	0.00406	0.00135	0.00541	0.00361	0.00180	0.00451
16	0.02116	0.00451	0.00481	0.00466	0.00591	0.00429	0.00351	0.02861	0.05483	0.01386	0.17679	0.06358	0.35000	0.00802	0.00419	0.00125	0.00214	0.00674	0.23730	0.00386
17	0.00493	0.00356	0.00467	0.00556	0.00586	0.00330	0.00373	0.00566	0.00785	0.01039	0.02341	0.80921	0.07172	0.01257	0.00516	0.00163	0.00234	0.01137	0.00377	0.00330
18	0.01355	0.01180	0.01036	0.00864	0.01105	0.23591	0.00686	0.39940	0.01428	0.04354	0.00951	0.01046	0.00728	0.00725	0.08829	0.00168	0.00555	0.00347	0.10552	0.00561
19	0.01076	0.00572	0.00648	0.00565	0.00737	0.00573	0.00442	0.14337	0.02727	0.18046	0.01421	0.09870	0.01146	0.00563	0.00355	0.00113	0.00270	0.00462	0.45586	0.00492
20	0.00593	0.00440	0.00547	0.00537	0.00580	0.00469	0.00369	0.00674	0.01898	0.00930	0.05117	0.04479	0.11613	0.42941	0.22040	0.00393	0.05214	0.00590	0.00266	0.00312
21	0.06549	0.00716	0.00915	0.00711	0.01012	0.00653	0.00586	0.08296	0.01182	0.67823	0.01633	0.01449	0.05530	0.00523	0.00403	0.00126	0.00344	0.00419	0.00473	0.00657
22	0.00653	0.00449	0.00553	0.00559	0.00620	0.02790	0.00400	0.01712	0.03152	0.00976	0.05797	0.14827	0.16709	0.01378	0.09372	0.36037	0.00385	0.03057	0.00279	0.00295
23	0.01033	0.04982	0.14017	0.02160	0.13164	0.00975	0.15016	0.13968	0.14110	0.03885	0.01080	0.02217	0.00864	0.00518	0.01848	0.00138	0.00487	0.04836	0.04114	0.00586

[dist]
# distance from previous block
# <min> <max>
1	58

[block]
# block no. 5 follows, 66 sequences, length 18
# corresponding to MSA columns:
# 327-344
name=unknown_F
#
# <colnr> <probs for GDERKNQSTAVLIFYWHMCP>
#	G	D	E	R	K	N	Q	S	T	A	V	L	I	F	Y	W	H	M	C	P
0	0.05327	0.03376	0.17947	0.02439	0.01216	0.00977	0.00819	0.38455	0.01386	0.05005	0.14241	0.01364	0.02472	0.02634	0.00445	0.00131	0.00423	0.00415	0.00346	0.00584
1	0.17265	0.00863	0.02424	0.00932	0.02361	0.00855	0.18262	0.03463	0.20947	0.02468	0.01015	0.03174	0.00808	0.00549	0.04363	0.00143	0.00439	0.00382	0.00285	0.18999
2	0.00582	0.00426	0.00609	0.00609	0.00667	0.00484	0.00454	0.00697	0.00639	0.00910	0.01126	0.01811	0.01109	0.19986	0.67320	0.00599	0.00945	0.00467	0.00223	0.00338
3	0.00654	0.00506	0.00607	0.00569	0.00693	0.00507	0.00430	0.01031	0.17784	0.01586	0.58283	0.05005	0.09165	0.00799	0.00466	0.00131	0.00220	0.00698	0.00433	0.00432
4	0.01077	0.01103	0.02153	0.01551	0.01944	0.01074	0.65149	0.17804	0.01152	0.01557	0.00852	0.01070	0.00631	0.00372	0.00464	0.00134	0.00635	0.00456	0.00246	0.00576
5	0.70764	0.01020	0.00710	0.00638	0.00881	0.17957	0.00510	0.01280	0.00785	0.01651	0.00578	0.00674	0.00456	0.00385	0.00275	0.00121	0.00399	0.00228	0.00242	0.00446
6	0.00631	0.00451	0.00628	0.00722	0.00805	0.00448	0.00615	0.00802	0.00912	0.01189	0.02160	0.15933	0.02384	0.01142	0.00554	0.00184	0.00354	0.69344	0.00374	0.00367
7	0.01306	0.01610	0.01011	0.00947	0.01118	0.66947	0.00700	0.01404	0.01073	0.01002	0.00957	0.18094	0.00965	0.00593	0.00397	0.00117	0.00630	0.00444	0.00243	0.00441
8	0.00539	0.00400	0.00503	0.00505	0.00592	0.00364	0.00368	0.00688	0.01025	0.01399	0.50762	0.21683	0.17748	0.00964	0.00488	0.00138	0.00204	0.00850	0.00418	0.00364
9	0.00490	0.00371	0.00452	0.00518	0.00576	0.00334	0.00356	0.00570	0.00822	0.01054	0.02813	0.60357	0.27431	0.01196	0.00506	0.00156	0.00226	0.01062	0.00377	0.00334
10	0.00808	0.00520	0.00648	0.00651	0.00768	0.00521	0.00484	0.01127	0.17605	0.13123	0.06809	0.45214	0.02187	0.00975	0.00481	0.00153	0.00276	0.06791	0.00406	0.00452
11	0.06066	0.00639	0.00842	0.00669	0.00935	0.00569	0.00544	0.01688	0.01134	0.62483	0.18223	0.01681	0.01554	0.00563	0.00414	0.00126	0.00312	0.00465	0.00478	0.00614
12	0.00836	0.00714	0.00831	0.00608	0.00952	0.00552	0.00483	0.01050	0.04005	0.01327	0.00810	0.03837	0.00699	0.00344	0.00312	0.00067	0.00299	0.00281	0.00252	0.81741
13	0.00531	0.00400	0.00466	0.00502	0.00564	0.00374	0.00339	0.00641	0.03960	0.01041	0.04323	0.38506	0.26787	0.18688	0.00822	0.00202	0.00261	0.00910	0.00352	0.00329
14	0.00718	0.00411	0.00552	0.00589	0.00664	0.00376	0.00413	0.00807	0.00853	0.14797	0.04816	0.68720	0.02442	0.01128	0.00498	0.00157	0.00252	0.01015	0.00400	0.00391
15	0.00836	0.00482	0.00678	0.00633	0.00755	0.00506	0.00493	0.00974	0.00773	0.17873	0.01355	0.01719	0.04947	0.07126	0.55319	0.00485	0.00821	0.00456	0.03346	0.00422
16	0.01112	0.00776	0.00869	0.00736	0.00964	0.00828	0.00584	0.19776	0.30068	0.12877	0.17131	0.01838	0.07587	0.00616	0.00425	0.00130	0.00317	0.00511	0.02272	0.00583
17	0.00867	0.00496	0.00526	0.00479	0.00594	0.00509	0.00354	0.11988	0.00953	0.04365	0.01276	0.01668	0.01080	0.17945	0.00670	0.00161	0.00272	0.00421	0.54972	0.00405

[dist]
# distance from previous block
# <min> <max>
1	2

[block]
# block no. 6 follows, 66 sequences, length 24
# corresponding to MSA columns:
# 347-370
name=unknown_G
#
# <colnr> <probs for GDERKNQSTAVLIFYWHMCP>
#	G	D	E	R	K	N	Q	S	T	A	V	L	I	F	Y	W	H	M	C	P
0	0.01372	0.00981	0.01073	0.00850	0.01134	0.01070	0.00692	0.56188	0.11710	0.07977	0.09699	0.01348	0.02940	0.00544	0.00416	0.00125	0.00392	0.00429	0.00417	0.00644
1	0.00814	0.02099	0.83640	0.01156	0.01756	0.00942	0.01499	0.01285	0.00857	0.01285	0.00728	0.00857	0.00514	0.00385	0.00385	0.00128	0.00600	0.00300	0.00171	0.00600
2	0.00923	0.00731	0.00854	0.00628	0.00968	0.00588	0.00503	0.04548	0.04452	0.06072	0.04137	0.00995	0.00785	0.00352	0.00323	0.00073	0.00306	0.00285	0.00278	0.72200
3	0.00746	0.00904	0.14203	0.01063	0.01324	0.00703	0.24774	0.01004	0.00904	0.01219	0.01631	0.11238	0.06855	0.00774	0.00517	0.00157	0.02486	0.28753	0.00288	0.00456
4	0.01750	0.00717	0.00942	0.00726	0.01031	0.00646	0.00598	0.09069	0.01215	0.72738	0.01533	0.01350	0.00978	0.00500	0.00402	0.00124	0.00348	0.00403	0.04254	0.00677
5	0.00587	0.00404	0.00496	0.00496	0.00515	0.00423	0.00313	0.00625	0.00606	0.00827	0.01229	0.02382	0.01356	0.64433	0.23212	0.00460	0.00572	0.00550	0.00238	0.00276
6	0.01172	0.00788	0.01192	0.14420	0.09802	0.02715	0.11573	0.06075	0.05855	0.26042	0.01298	0.13093	0.01064	0.00559	0.00428	0.00133	0.00430	0.00507	0.02292	0.00562
7	0.00504	0.00379	0.00467	0.00532	0.00592	0.00345	0.00374	0.00590	0.00826	0.01060	0.02735	0.54786	0.25248	0.03111	0.00545	0.00164	0.00241	0.06794	0.00373	0.00334
8	0.00570	0.00387	0.00457	0.00476	0.00484	0.00385	0.00283	0.00590	0.00631	0.00844	0.01468	0.19695	0.01706	0.64986	0.05053	0.00357	0.00389	0.00700	0.00272	0.00268
9	0.01051	0.07470	0.18567	0.06284	0.03261	0.03695	0.07032	0.19263	0.05379	0.01466	0.00791	0.00962	0.00623	0.00560	0.02975	0.00150	0.19318	0.00350	0.00244	0.00559
10	0.03421	0.01008	0.01180	0.02976	0.10322	0.09416	0.06607	0.12492	0.29746	0.03635	0.05566	0.01259	0.01008	0.00515	0.00502	0.00133	0.08898	0.00412	0.00324	0.00582
11	0.00519	0.00374	0.00489	0.00563	0.00604	0.00351	0.00393	0.00608	0.00817	0.01084	0.07807	0.62694	0.07504	0.05594	0.00597	0.00175	0.00252	0.08866	0.00374	0.00334
12	0.00633	0.00402	0.00464	0.00489	0.00579	0.00385	0.00370	0.00801	0.02236	0.01331	0.10899	0.18938	0.14500	0.00839	0.00419	0.00131	0.00227	0.10979	0.35009	0.00367
13	0.00887	0.00843	0.03099	0.04362	0.04466	0.05210	0.08230	0.08075	0.20345	0.01345	0.01522	0.04237	0.11809	0.03131	0.13685	0.00225	0.07236	0.00496	0.00298	0.00500
14	0.04999	0.12211	0.10183	0.19933	0.12368	0.06074	0.05178	0.06923	0.08650	0.01320	0.03202	0.01108	0.02093	0.01481	0.01415	0.00133	0.01597	0.00361	0.00237	0.00534
15	0.00814	0.06108	0.01207	0.08700	0.04767	0.04609	0.12205	0.01017	0.03364	0.01114	0.03539	0.04207	0.10275	0.00933	0.10214	0.00204	0.18554	0.07473	0.00249	0.00448
16	0.00531	0.00406	0.00441	0.00461	0.00572	0.00359	0.00347	0.00647	0.00898	0.01148	0.04949	0.13419	0.53833	0.02700	0.00503	0.00146	0.00227	0.08521	0.09544	0.00347
17	0.00938	0.00786	0.00937	0.04461	0.04007	0.00669	0.00576	0.11934	0.00987	0.01476	0.00757	0.00876	0.00612	0.00332	0.00323	0.00074	0.00337	0.00267	0.00259	0.69394
18	0.00917	0.00664	0.00805	0.03118	0.00955	0.00708	0.02578	0.07350	0.30259	0.09244	0.01762	0.30765	0.01680	0.00803	0.00452	0.00145	0.00316	0.03847	0.03116	0.00515
19	0.00580	0.00435	0.00652	0.00652	0.00724	0.00507	0.00507	0.00724	0.00652	0.00942	0.01087	0.01594	0.01014	0.03043	0.84134	0.00652	0.01087	0.00435	0.00217	0.00362
20	0.00547	0.00411	0.00490	0.00505	0.00582	0.00384	0.00354	0.00693	0.04184	0.01209	0.25111	0.27390	0.22970	0.12464	0.00702	0.00177	0.00240	0.00857	0.00380	0.00349
21	0.01042	0.08008	0.01162	0.04357	0.11606	0.16522	0.03262	0.01613	0.34872	0.01354	0.02658	0.08430	0.01107	0.00547	0.00404	0.00128	0.00439	0.01626	0.00309	0.00555
22	0.00969	0.01017	0.09774	0.02514	0.08882	0.03794	0.10287	0.07999	0.01968	0.02667	0.00774	0.00918	0.00613	0.00363	0.00394	0.00096	0.03545	0.00309	0.00241	0.42877
23	0.01407	0.01429	0.01116	0.00959	0.01208	0.38409	0.00749	0.28389	0.17533	0.01657	0.00976	0.01044	0.00756	0.00481	0.00392	0.00118	0.00548	0.01934	0.00318	0.00576

[dist]
# distance from previous block
# <min> <max>
0	2

[block]
# block no. 7 follows, 66 sequences, length 27
# corresponding to MSA columns:
# 373-399
name=unknown_H
#
# <colnr> <probs for GDERKNQSTAVLIFYWHMCP>
#	G	D	E	R	K	N	Q	S	T	A	V	L	I	F	Y	W	H	M	C	P
0	0.00596	0.00431	0.00549	0.00608	0.00668	0.00420	0.00435	0.07224	0.00891	0.01181	0.02198	0.66879	0.05657	0.01182	0.00512	0.00162	0.00266	0.09399	0.00379	0.00364
1	0.01072	0.18641	0.17056	0.00897	0.03892	0.08177	0.00826	0.15152	0.10644	0.02899	0.01147	0.02560	0.07270	0.00477	0.00369	0.00113	0.00448	0.00367	0.00276	0.07717
2	0.81811	0.00874	0.00639	0.00573	0.00821	0.07403	0.00466	0.01226	0.00726	0.01756	0.00570	0.00665	0.00446	0.00380	0.00260	0.00124	0.00346	0.00223	0.00248	0.00442
3	0.00815	0.00486	0.00624	0.00553	0.00698	0.00446	0.00427	0.03637	0.01158	0.15822	0.60010	0.02745	0.09417	0.00777	0.00464	0.00128	0.00228	0.00675	0.00449	0.00443
4	0.00835	0.00820	0.01240	0.11973	0.01323	0.01076	0.07020	0.00971	0.00695	0.01021	0.00767	0.06731	0.00763	0.00744	0.02782	0.00178	0.56911	0.03506	0.00202	0.00441
5	0.01226	0.06981	0.01149	0.01047	0.09232	0.30984	0.00748	0.03833	0.31085	0.04619	0.04269	0.01163	0.00950	0.00478	0.00387	0.00119	0.00492	0.00368	0.00307	0.00565
6	0.82049	0.00777	0.00622	0.00548	0.00804	0.00886	0.00451	0.01252	0.00726	0.07992	0.00643	0.00714	0.00482	0.00386	0.00263	0.00126	0.00316	0.00234	0.00270	0.00458
7	0.01037	0.00541	0.00688	0.00625	0.00787	0.00512	0.00476	0.03524	0.07667	0.28441	0.15416	0.28146	0.02020	0.00800	0.00445	0.00137	0.00274	0.00698	0.07271	0.00497
8	0.01037	0.03826	0.01491	0.19316	0.31103	0.02448	0.10853	0.09335	0.01011	0.06335	0.00912	0.01274	0.00750	0.00451	0.00442	0.00131	0.02668	0.05805	0.00246	0.00567
9	0.00501	0.00358	0.00478	0.00572	0.00599	0.00335	0.00388	0.00576	0.00783	0.01043	0.02233	0.82140	0.02669	0.01265	0.00520	0.00166	0.00241	0.04425	0.00376	0.00331
10	0.00536	0.00388	0.00507	0.00537	0.00601	0.00359	0.00383	0.00670	0.00967	0.01329	0.41549	0.40417	0.06305	0.01044	0.00498	0.00146	0.00216	0.02779	0.00411	0.00357
11	0.01029	0.63929	0.16782	0.00924	0.07872	0.01433	0.00884	0.01230	0.00838	0.01044	0.00610	0.00717	0.00529	0.00355	0.00294	0.00097	0.00468	0.00244	0.00175	0.00545
12	0.00641	0.00505	0.02076	0.01947	0.07040	0.00450	0.00484	0.00804	0.03026	0.05419	0.15148	0.21180	0.33036	0.00945	0.00479	0.00143	0.00263	0.05637	0.00374	0.00402
13	0.00716	0.00417	0.00459	0.00439	0.00548	0.00402	0.00332	0.02933	0.00975	0.02996	0.24638	0.02165	0.10055	0.00630	0.00364	0.00109	0.00201	0.00527	0.50707	0.00389
14	0.00497	0.00355	0.00473	0.00563	0.00589	0.00331	0.00377	0.00571	0.00789	0.01054	0.04799	0.82861	0.02720	0.01257	0.00517	0.00164	0.00234	0.01140	0.00379	0.00331
15	0.00966	0.01194	0.16332	0.08971	0.40612	0.04193	0.09616	0.02920	0.01993	0.01280	0.00751	0.00980	0.00603	0.00403	0.00482	0.00129	0.07429	0.00360	0.00200	0.00587
16	0.00637	0.00511	0.00575	0.00571	0.02993	0.00484	0.00417	0.10381	0.01022	0.01293	0.08115	0.10506	0.52362	0.01110	0.07000	0.00177	0.00313	0.00769	0.00367	0.00396
17	0.00517	0.00428	0.00455	0.00446	0.00577	0.00374	0.00335	0.00674	0.03767	0.01226	0.20237	0.03643	0.63962	0.00970	0.00477	0.00135	0.00207	0.00817	0.00392	0.00361
18	0.01085	0.85986	0.02126	0.00694	0.01041	0.01605	0.00694	0.01215	0.00824	0.00955	0.00564	0.00651	0.00521	0.00347	0.00260	0.00087	0.00434	0.00217	0.00174	0.00521
19	0.00872	0.00745	0.00885	0.00685	0.04140	0.00582	0.00520	0.03857	0.00882	0.01365	0.00732	0.00852	0.00606	0.00309	0.00308	0.00065	0.00313	0.00249	0.00245	0.81788
20	0.00965	0.00888	0.02787	0.01767	0.46797	0.00861	0.07559	0.07476	0.03174	0.02925	0.14583	0.01424	0.03048	0.00468	0.00419	0.00122	0.00430	0.00443	0.00274	0.03592
21	0.00501	0.00360	0.00486	0.00572	0.00600	0.00344	0.00387	0.00578	0.00767	0.01028	0.02142	0.78636	0.02547	0.01416	0.07337	0.00205	0.00305	0.01095	0.00364	0.00332
22	0.02593	0.00879	0.01009	0.00820	0.01042	0.00978	0.00660	0.46052	0.01385	0.08574	0.01039	0.01279	0.00839	0.09880	0.14991	0.00245	0.06420	0.00401	0.00346	0.00566
23	0.05480	0.10327	0.18487	0.01421	0.23941	0.13745	0.05841	0.12092	0.01054	0.01411	0.00760	0.02257	0.00613	0.00405	0.00377	0.00118	0.00534	0.00332	0.00226	0.00580
24	0.00683	0.00502	0.00691	0.00737	0.07073	0.00552	0.00480	0.00765	0.00665	0.03764	0.01155	0.04716	0.01203	0.38972	0.28749	0.00422	0.07766	0.00514	0.00240	0.00350
25	0.00505	0.00358	0.00467	0.00551	0.00572	0.00337	0.00361	0.00568	0.00755	0.01007	0.02125	0.75855	0.02543	0.11084	0.00698	0.00191	0.00254	0.01088	0.00361	0.00320
26	0.02788	0.16697	0.02701	0.07690	0.10019	0.12753	0.09649	0.15294	0.04591	0.09912	0.00860	0.00961	0.00654	0.00425	0.00409	0.00119	0.03294	0.00340	0.00271	0.00573

[dist]
# distance from previous block
# <min> <max>
0	1

[block]
# block no. 8 follows, 66 sequences, length 63
# corresponding to MSA columns:
# 401-463
name=unknown_I
#
# <colnr> <probs for GDERKNQSTAVLIFYWHMCP>
#	G	D	E	R	K	N	Q	S	T	A	V	L	I	F	Y	W	H	M	C	P
0	0.05797	0.23624	0.02383	0.03038	0.16144	0.07769	0.00822	0.26684	0.02696	0.05019	0.00825	0.01995	0.00654	0.00425	0.00357	0.00112	0.00460	0.00322	0.00279	0.00594
1	0.01137	0.01165	0.01326	0.01585	0.34253	0.22303	0.02786	0.10742	0.01062	0.01329	0.00897	0.07098	0.00823	0.00517	0.00490	0.00128	0.07866	0.03698	0.00245	0.00551
2	0.00662	0.00548	0.00624	0.00685	0.04082	0.06391	0.00466	0.00755	0.00793	0.01037	0.01683	0.36752	0.01913	0.19359	0.03600	0.00219	0.00369	0.12462	0.00313	0.07287
3	0.00542	0.00392	0.00528	0.00593	0.00634	0.00391	0.00413	0.03019	0.00787	0.01063	0.01978	0.66885	0.02304	0.01587	0.16536	0.00257	0.00405	0.00992	0.00347	0.00347
4	0.01015	0.00920	0.01166	0.02379	0.24950	0.03793	0.02149	0.05711	0.33038	0.01519	0.01111	0.01163	0.00865	0.00432	0.00386	0.00115	0.00393	0.00374	0.00303	0.18219
5	0.02651	0.00637	0.00843	0.00692	0.00946	0.00569	0.00552	0.01684	0.05133	0.60689	0.01692	0.17479	0.01321	0.00646	0.00425	0.00132	0.00322	0.00547	0.00464	0.02577
6	0.00889	0.01757	0.55245	0.01445	0.14089	0.03645	0.14632	0.01292	0.00893	0.01284	0.00745	0.00914	0.00550	0.00376	0.00403	0.00128	0.00600	0.00337	0.00183	0.00593
7	0.00532	0.00422	0.00458	0.00462	0.00583	0.00386	0.00346	0.00680	0.03702	0.01128	0.03317	0.09791	0.58173	0.01213	0.09884	0.00194	0.00310	0.00781	0.07283	0.00357
8	0.00573	0.00430	0.00622	0.00620	0.00696	0.00486	0.00477	0.00711	0.00689	0.00975	0.04688	0.01861	0.07003	0.06171	0.71377	0.00583	0.00959	0.00483	0.00239	0.00357
9	0.30637	0.00705	0.00779	0.00643	0.00905	0.00710	0.00523	0.01593	0.07427	0.40501	0.10423	0.01336	0.01152	0.00501	0.00364	0.00127	0.00316	0.00386	0.00405	0.00568
10	0.00643	0.00464	0.00554	0.00563	0.00637	0.00460	0.00408	0.07064	0.00865	0.01135	0.05515	0.16995	0.14089	0.30066	0.03935	0.00255	0.00354	0.15324	0.00331	0.00343
11	0.00962	0.00708	0.00842	0.00628	0.00955	0.00565	0.00500	0.04967	0.00925	0.10977	0.00956	0.07598	0.00817	0.00410	0.00335	0.00079	0.00308	0.00338	0.00290	0.66841
12	0.01358	0.00981	0.01076	0.00886	0.03941	0.01073	0.00688	0.62554	0.01633	0.03213	0.01036	0.01212	0.00808	0.10081	0.00583	0.00150	0.00420	0.00392	0.07303	0.00614
13	0.00540	0.00421	0.00491	0.00472	0.00588	0.00376	0.00354	0.00710	0.02524	0.01393	0.46552	0.03390	0.38898	0.00912	0.00478	0.00132	0.00200	0.00783	0.00415	0.00370
14	0.00560	0.00412	0.00535	0.00614	0.00665	0.00405	0.00441	0.00734	0.07257	0.01116	0.02176	0.66253	0.02515	0.01191	0.00516	0.00166	0.00264	0.13443	0.00379	0.00361
15	0.01009	0.00872	0.00917	0.00826	0.01055	0.01009	0.00642	0.02156	0.82478	0.01697	0.01651	0.01514	0.01238	0.00550	0.00413	0.00138	0.00321	0.00459	0.00413	0.00642
16	0.00512	0.00360	0.00466	0.00542	0.00562	0.00341	0.00353	0.00570	0.00742	0.00990	0.02060	0.70257	0.02461	0.16794	0.00802	0.00207	0.00264	0.01050	0.00353	0.00314
17	0.04397	0.00896	0.00943	0.00752	0.01005	0.00981	0.00613	0.54637	0.01546	0.02216	0.01065	0.01125	0.00786	0.00479	0.00364	0.00114	0.00364	0.00364	0.26767	0.00587
18	0.03175	0.00864	0.01042	0.00800	0.01117	0.00857	0.00661	0.32775	0.01441	0.50899	0.01341	0.01212	0.00874	0.00494	0.00405	0.00124	0.00384	0.00388	0.00461	0.00686
19	0.00872	0.00490	0.00502	0.00460	0.00588	0.00508	0.00355	0.12859	0.01006	0.01666	0.01272	0.01433	0.00988	0.00475	0.00302	0.00099	0.00227	0.00376	0.75097	0.00424
20	0.01144	0.01002	0.00988	0.00869	0.01096	0.15170	0.04136	0.01881	0.49397	0.10717	0.01480	0.07981	0.01177	0.00570	0.00415	0.00133	0.00403	0.00475	0.00376	0.00589
21	0.00937	0.01043	0.10435	0.03827	0.25178	0.07324	0.00863	0.01164	0.00891	0.01284	0.00727	0.00889	0.00595	0.00340	0.00348	0.00091	0.00429	0.00288	0.00217	0.43130
22	0.00888	0.00756	0.00900	0.00647	0.01006	0.00597	0.02330	0.06103	0.00911	0.01399	0.00739	0.00855	0.00607	0.00313	0.00311	0.00066	0.00318	0.00254	0.00250	0.80750
23	0.00533	0.00408	0.00557	0.00700	0.07112	0.00381	0.00438	0.00621	0.00805	0.01065	0.02331	0.69618	0.11571	0.01172	0.00504	0.00158	0.00252	0.01057	0.00363	0.00356
24	0.01081	0.34473	0.04549	0.03716	0.11003	0.05065	0.01699	0.15228	0.03205	0.01332	0.02194	0.01000	0.02559	0.00637	0.07003	0.00153	0.03994	0.00325	0.00239	0.00545
25	0.01015	0.01527	0.37687	0.01300	0.01769	0.01022	0.29431	0.15060	0.01075	0.03539	0.00821	0.00973	0.00592	0.00396	0.00438	0.00131	0.02018	0.00377	0.00232	0.00596
26	0.00600	0.00419	0.00549	0.00517	0.00615	0.00386	0.00387	0.00787	0.01138	0.03474	0.78792	0.05394	0.03730	0.00835	0.00478	0.00129	0.00196	0.00739	0.00446	0.00388
27	0.00576	0.00382	0.00447	0.01365	0.00575	0.00358	0.00348	0.00699	0.00857	0.01226	0.07752	0.36474	0.19583	0.00951	0.00440	0.00136	0.00218	0.01944	0.25318	0.00352
28	0.00892	0.01004	0.11219	0.05836	0.53979	0.00872	0.02508	0.01145	0.00919	0.01297	0.06118	0.01381	0.08408	0.00463	0.00432	0.00126	0.02170	0.00424	0.00227	0.00579
29	0.00496	0.00362	0.00467	0.00551	0.00589	0.00334	0.00374	0.00572	0.00796	0.01046	0.02445	0.74767	0.11725	0.01241	0.00514	0.00162	0.00235	0.02615	0.00377	0.00332
30	0.00705	0.00352	0.00529	0.00529	0.00529	0.00352	0.00352	0.00529	0.00529	0.00705	0.00705	0.01233	0.00705	0.01409	0.01586	0.88196	0.00352	0.00352	0.00176	0.00176
31	0.01085	0.85986	0.02126	0.00694	0.01041	0.01605	0.00694	0.01215	0.00824	0.00955	0.00564	0.00651	0.00521	0.00347	0.00260	0.00087	0.00434	0.00217	0.00174	0.00521
32	0.00584	0.00398	0.00465	0.00467	0.00480	0.00404	0.00279	0.00605	0.00610	0.00818	0.01362	0.03731	0.04074	0.72517	0.11233	0.00411	0.00463	0.00589	0.00249	0.00263
33	0.00583	0.00417	0.00574	0.00666	0.00728	0.00408	0.00530	0.00718	0.00860	0.01131	0.02165	0.39889	0.02461	0.01225	0.02234	0.00187	0.00328	0.44175	0.00372	0.00354
34	0.00589	0.00395	0.00460	0.00474	0.00484	0.00393	0.00287	0.00611	0.00634	0.00847	0.01420	0.09486	0.01631	0.71620	0.01807	0.00356	0.00377	0.06507	0.01359	0.00264
35	0.01791	0.00737	0.00970	0.00744	0.01059	0.00665	0.00614	0.10285	0.01239	0.75074	0.01535	0.01339	0.00972	0.00501	0.00408	0.00125	0.00356	0.00404	0.00492	0.00690
36	0.00581	0.00430	0.00627	0.00627	0.00691	0.00493	0.00476	0.00708	0.00645	0.00923	0.01110	0.01722	0.01070	0.13008	0.74245	0.00621	0.01003	0.00453	0.00221	0.00348
37	0.88607	0.00785	0.00596	0.00534	0.00785	0.00910	0.00439	0.01193	0.00690	0.01820	0.00565	0.00659	0.00439	0.00377	0.00251	0.00126	0.00314	0.00220	0.00251	0.00439
38	0.00726	0.00487	0.00540	0.00508	0.00600	0.00492	0.00350	0.00972	0.13195	0.03852	0.09689	0.02270	0.06057	0.37852	0.01118	0.00237	0.00308	0.00542	0.16874	0.03330
39	0.00888	0.00888	0.01243	0.01065	0.01065	0.01243	0.00888	0.00976	0.00621	0.00976	0.00533	0.00888	0.00533	0.00710	0.01331	0.00178	0.84999	0.00355	0.00178	0.00444
40	0.00656	0.00505	0.00635	0.00718	0.00804	0.03909	0.00599	0.00815	0.00913	0.01169	0.02146	0.19564	0.04138	0.01118	0.00543	0.00178	0.00359	0.60496	0.00367	0.00369
41	0.01516	0.01934	0.01150	0.01045	0.01254	0.84113	0.00784	0.01620	0.01150	0.00993	0.00627	0.00732	0.00523	0.00418	0.00366	0.00105	0.00732	0.00261	0.00209	0.00470
42	0.00493	0.00407	0.00432	0.00435	0.00558	0.00347	0.00323	0.00604	0.00942	0.01159	0.13950	0.09671	0.67240	0.01020	0.00482	0.00138	0.00206	0.00862	0.00386	0.00347
43	0.00501	0.00358	0.00467	0.00551	0.00576	0.00335	0.00364	0.00567	0.00767	0.01018	0.02218	0.76618	0.04986	0.07819	0.00637	0.00182	0.00247	0.01101	0.00366	0.00323
44	0.00582	0.00392	0.00454	0.00466	0.00474	0.00389	0.00275	0.00599	0.00632	0.00843	0.03060	0.11324	0.01676	0.72520	0.01824	0.00358	0.00372	0.03231	0.00268	0.00261
45	0.00586	0.00465	0.00534	0.00507	0.00634	0.00438	0.00383	0.00851	0.10219	0.01429	0.43190	0.03199	0.34313	0.00875	0.00472	0.00132	0.00211	0.00750	0.00416	0.00396
46	0.00557	0.00414	0.00519	0.00493	0.00596	0.00376	0.00369	0.00733	0.01108	0.01532	0.68891	0.03187	0.17993	0.00865	0.00479	0.00129	0.00194	0.00756	0.00434	0.00376
47	0.01747	0.00720	0.00949	0.00737	0.01045	0.00652	0.00606	0.04745	0.07612	0.74239	0.01583	0.01377	0.01012	0.00505	0.00408	0.00126	0.00347	0.00411	0.00492	0.00687
48	0.00861	0.00925	0.01934	0.01438	0.01761	0.00869	0.61643	0.01146	0.00926	0.01246	0.01172	0.09983	0.02677	0.03002	0.00537	0.00152	0.00591	0.08399	0.00243	0.00496
49	0.00510	0.00369	0.00479	0.00559	0.00593	0.00346	0.00378	0.00601	0.01982	0.01063	0.05153	0.73715	0.05990	0.04159	0.00568	0.00170	0.00242	0.02413	0.00375	0.00334
50	0.00585	0.00540	0.03394	0.00519	0.00652	0.04269	0.00410	0.00743	0.01036	0.01352	0.41866	0.05662	0.35711	0.00889	0.00472	0.00131	0.00238	0.00759	0.00396	0.00376
51	0.00724	0.00607	0.00848	0.05325	0.05479	0.01425	0.06986	0.05381	0.09044	0.01299	0.07156	0.24746	0.13106	0.00890	0.00484	0.00151	0.00344	0.15218	0.00350	0.00436
52	0.00761	0.00724	0.00644	0.00632	0.00746	0.16325	0.00478	0.01963	0.00906	0.01062	0.02392	0.11749	0.34381	0.00956	0.00628	0.10055	0.04199	0.08757	0.02281	0.00360
53	0.00785	0.00740	0.01251	0.78266	0.09148	0.00906	0.01136	0.01053	0.00820	0.01059	0.00724	0.01076	0.00549	0.00402	0.00405	0.00134	0.00536	0.00361	0.00182	0.00466
54	0.04380	0.24431	0.03202	0.00897	0.03036	0.06035	0.03072	0.31847	0.11359	0.03665	0.01788	0.01959	0.00748	0.00455	0.00373	0.00115	0.01388	0.00341	0.00310	0.00599
55	0.00981	0.10771	0.17285	0.10548	0.11644	0.01009	0.10187	0.04553	0.04969	0.07365	0.01860	0.04005	0.02508	0.00482	0.00504	0.00131	0.10008	0.00396	0.00242	0.00551
56	0.00488	0.00391	0.00437	0.00468	0.00564	0.00340	0.00335	0.00583	0.00882	0.01096	0.06512	0.32093	0.52179	0.01104	0.00493	0.00146	0.00215	0.00954	0.00379	0.00340
57	0.00543	0.00389	0.00501	0.00572	0.00615	0.00370	0.00409	0.00629	0.00792	0.01038	0.02210	0.48252	0.08762	0.14954	0.00775	0.00204	0.00288	0.18015	0.00355	0.00326
58	0.01049	0.01247	0.15766	0.06667	0.28119	0.13068	0.05749	0.02088	0.03378	0.05893	0.04655	0.01069	0.00773	0.00444	0.00488	0.00128	0.08259	0.00365	0.00231	0.00565
59	0.01394	0.01082	0.01100	0.00883	0.01158	0.07663	0.00712	0.62019	0.02638	0.03607	0.01186	0.10556	0.02968	0.00584	0.00417	0.00126	0.00436	0.00460	0.00388	0.00623
60	0.02012	0.17312	0.15258	0.02135	0.18626	0.12823	0.02808	0.12156	0.01053	0.03467	0.00774	0.02461	0.00629	0.00404	0.00364	0.00111	0.00506	0.00319	0.00234	0.06547
61	0.01297	0.01181	0.01394	0.01121	0.04021	0.15331	0.18214	0.38324	0.02298	0.03295	0.01142	0.01212	0.07167	0.00517	0.01502	0.00130	0.00534	0.00413	0.00319	0.00588
62	0.00838	0.00876	0.10164	0.00663	0.01051	0.00586	0.00595	0.01051	0.00843	0.01318	0.00722	0.00843	0.00591	0.00310	0.00310	0.00068	0.00334	0.00247	0.00233	0.78356

[dist]
# distance from previous block
# <min> <max>
4	7

[block]
# block no. 9 follows, 66 sequences, length 8
# corresponding to MSA columns:
# 472-479
name=unknown_J
#
# <colnr> <probs for GDERKNQSTAVLIFYWHMCP>
#	G	D	E	R	K	N	Q	S	T	A	V	L	I	F	Y	W	H	M	C	P
0	0.00976	0.00944	0.01241	0.57456	0.08550	0.11424	0.01048	0.11238	0.01000	0.01243	0.00744	0.01018	0.00565	0.00414	0.00400	0.00129	0.00549	0.00349	0.00214	0.00498
1	0.03746	0.10011	0.20399	0.01051	0.02836	0.26545	0.08676	0.06397	0.07298	0.01303	0.04015	0.01042	0.00765	0.00438	0.00382	0.00118	0.00564	0.02100	0.00239	0.02077
2	0.00600	0.00434	0.00505	0.00506	0.00570	0.00414	0.00335	0.00695	0.04709	0.00973	0.01867	0.19123	0.13746	0.39216	0.01246	0.04845	0.00321	0.03220	0.00299	0.06374
3	0.00926	0.00873	0.00880	0.00657	0.00998	0.10997	0.00519	0.01096	0.00880	0.01281	0.00709	0.00828	0.00591	0.00315	0.00309	0.00066	0.00354	0.00243	0.00236	0.77243
4	0.01146	0.10272	0.14268	0.03387	0.10733	0.22602	0.03096	0.06690	0.01020	0.05799	0.00812	0.04085	0.00669	0.00421	0.00367	0.00108	0.00522	0.00329	0.00238	0.13437
5	0.00530	0.00381	0.00448	0.00486	0.00522	0.00358	0.00311	0.00578	0.00732	0.00948	0.02226	0.36292	0.18131	0.34896	0.01127	0.00250	0.00292	0.00870	0.00325	0.00299
6	0.01081	0.26716	0.30012	0.04334	0.04744	0.11344	0.03545	0.11375	0.01018	0.01303	0.00702	0.00817	0.00548	0.00389	0.00353	0.00113	0.00543	0.00289	0.00209	0.00566
7	0.01563	0.04303	0.13264	0.00832	0.01181	0.08759	0.00764	0.08954	0.01161	0.50808	0.01259	0.01162	0.00828	0.00464	0.00392	0.00120	0.00431	0.00362	0.00397	0.02994

[dist]
# distance from previous block
# <min> <max>
0	1

[block]
# block no. 10 follows, 66 sequences, length 28
# corresponding to MSA columns:
# 481-508
name=unknown_K
#
