[name]
unknown

[dist]
# distance from previous block
# <min> <max>
0	229

[block]
# block no. 0 follows, 62 sequences, length 20
# corresponding to MSA columns:
# 310-329
name=unknown_A
#
# <colnr> <probs for GDERKNQSTAVLIFYWHMCP>
#	G	D	E	R	K	N	Q	S	T	A	V	L	I	F	Y	W	H	M	C	P
0	0.00775	0.04510	0.04827	0.00744	0.02410	0.00654	0.01845	0.03365	0.07280	0.04965	0.06594	0.19286	0.05973	0.10905	0.19490	0.00300	0.03786	0.01530	0.00321	0.00441
1	0.01007	0.01139	0.02463	0.01844	0.07136	0.01072	0.75973	0.01359	0.01002	0.01365	0.00857	0.01142	0.00647	0.00360	0.00497	0.00142	0.00704	0.00495	0.00215	0.00580
2	0.00921	0.00899	0.03876	0.38738	0.25785	0.00947	0.07399	0.06037	0.00978	0.01322	0.03335	0.06103	0.00850	0.00478	0.00439	0.00138	0.00527	0.00447	0.00232	0.00550
3	0.00970	0.01179	0.23305	0.01263	0.16166	0.01942	0.05692	0.06136	0.04244	0.07675	0.04949	0.09513	0.05206	0.03137	0.01966	0.00158	0.02734	0.02901	0.00294	0.00569
4	0.01229	0.05257	0.10980	0.02308	0.10403	0.24652	0.15981	0.06023	0.02666	0.07268	0.01006	0.05408	0.02583	0.00488	0.00442	0.00129	0.01928	0.00418	0.00262	0.00569
5	0.00742	0.00387	0.00574	0.00569	0.00569	0.00398	0.00383	0.00570	0.00559	0.00750	0.00748	0.01319	0.00753	0.03484	0.01667	0.82930	0.02841	0.00376	0.00187	0.00195
6	0.04735	0.12359	0.28520	0.03219	0.03915	0.03424	0.05440	0.04087	0.02913	0.07325	0.06429	0.01472	0.08525	0.00578	0.01921	0.00141	0.02374	0.01792	0.00272	0.00560
7	0.06390	0.04023	0.15862	0.07095	0.07124	0.07367	0.08160	0.04642	0.04888	0.09254	0.03324	0.04404	0.03694	0.00621	0.02499	0.00153	0.04954	0.04706	0.00286	0.00555
8	0.00680	0.02457	0.00625	0.00617	0.00721	0.00504	0.00452	0.07845	0.03937	0.02738	0.02571	0.49605	0.19567	0.01133	0.00514	0.00160	0.00277	0.04791	0.00396	0.00408
9	0.05539	0.00969	0.05500	0.21744	0.38448	0.00964	0.02853	0.04807	0.00990	0.08673	0.02805	0.01130	0.00743	0.00432	0.00442	0.00133	0.02588	0.00384	0.00250	0.00605
10	0.01164	0.04362	0.06866	0.12232	0.24492	0.07499	0.04309	0.18191	0.02572	0.04597	0.03301	0.04634	0.00855	0.00490	0.00448	0.00131	0.02553	0.00416	0.00281	0.00607
11	0.02157	0.07648	0.03450	0.02353	0.06925	0.07393	0.04202	0.12990	0.06243	0.05252	0.02799	0.01233	0.02995	0.02778	0.05567	0.00181	0.22899	0.00402	0.01988	0.00546
12	0.00532	0.00437	0.00470	0.00478	0.00603	0.00382	0.00352	0.00677	0.03324	0.01220	0.12490	0.15134	0.60260	0.01076	0.00506	0.00147	0.00222	0.00915	0.00404	0.00371
13	0.01260	0.17994	0.12801	0.03600	0.09302	0.28096	0.03084	0.06957	0.04087	0.03083	0.00764	0.00890	0.00614	0.00440	0.00436	0.00120	0.05357	0.00314	0.00232	0.00568
14	0.15992	0.07746	0.03625	0.06433	0.07924	0.02930	0.04143	0.19815	0.03790	0.04635	0.00993	0.04114	0.01661	0.05348	0.05552	0.00179	0.02741	0.00399	0.00297	0.01682
15	0.00755	0.00589	0.01579	0.00687	0.00822	0.02716	0.05584	0.03293	0.03424	0.06187	0.20284	0.28121	0.15778	0.00939	0.00522	0.00148	0.03046	0.00823	0.04270	0.00432
16	0.00562	0.00415	0.00491	0.00514	0.00604	0.00376	0.00373	0.00688	0.00966	0.01285	0.22237	0.25135	0.30160	0.04788	0.00578	0.00161	0.00236	0.04328	0.05738	0.00365
17	0.02679	0.10457	0.09254	0.03677	0.08681	0.23418	0.05979	0.08579	0.04721	0.10058	0.00964	0.04012	0.00779	0.01883	0.02908	0.00145	0.00578	0.00379	0.00278	0.00573
18	0.04089	0.03220	0.06942	0.09653	0.23320	0.20029	0.08293	0.06184	0.01082	0.07608	0.03358	0.01065	0.00746	0.00439	0.00433	0.00127	0.02203	0.00369	0.00255	0.00585
19	0.00759	0.00477	0.00579	0.00581	0.00690	0.02040	0.00422	0.00882	0.00987	0.12780	0.18706	0.38671	0.16105	0.01039	0.00501	0.00151	0.00257	0.00914	0.03041	0.00417

[dist]
# distance from previous block
# <min> <max>
1	7

[block]
# block no. 1 follows, 62 sequences, length 12
# corresponding to MSA columns:
# 338-349
name=unknown_B
#
# <colnr> <probs for GDERKNQSTAVLIFYWHMCP>
#	G	D	E	R	K	N	Q	S	T	A	V	L	I	F	Y	W	H	M	C	P
0	0.02407	0.06408	0.12519	0.11361	0.07864	0.06125	0.00865	0.08432	0.09257	0.08681	0.05809	0.04611	0.04184	0.04154	0.00493	0.00143	0.00455	0.02186	0.01527	0.02518
1	0.07219	0.09571	0.07948	0.06580	0.04298	0.06228	0.02596	0.24780	0.05519	0.08258	0.00992	0.01132	0.01569	0.02353	0.00484	0.00134	0.04755	0.01535	0.00314	0.03733
2	0.01421	0.04690	0.01189	0.02514	0.04750	0.51186	0.00787	0.07995	0.06968	0.04200	0.00874	0.02647	0.00715	0.00536	0.02451	0.00129	0.00640	0.00334	0.02391	0.03583
3	0.00588	0.00425	0.00498	0.00509	0.00608	0.00378	0.00364	0.00698	0.00956	0.04230	0.18704	0.25130	0.36359	0.07808	0.00644	0.00171	0.00242	0.00916	0.00403	0.00369
4	0.00872	0.00992	0.12764	0.10095	0.17176	0.05724	0.04667	0.03059	0.02946	0.02975	0.08463	0.14033	0.07867	0.02550	0.00499	0.00148	0.00453	0.03909	0.00295	0.00514
5	0.04158	0.19679	0.25439	0.04069	0.04521	0.02925	0.10446	0.04591	0.04889	0.03582	0.05246	0.01140	0.02838	0.00454	0.00414	0.00125	0.02362	0.00371	0.00244	0.02506
6	0.02691	0.00864	0.02405	0.02216	0.01027	0.02848	0.00632	0.26455	0.16516	0.01829	0.09996	0.03923	0.19149	0.00713	0.00484	0.00139	0.03370	0.01843	0.02344	0.00555
7	0.00784	0.00507	0.00645	0.00615	0.00711	0.00511	0.00452	0.05360	0.00940	0.08924	0.17632	0.14086	0.05260	0.22298	0.12940	0.00293	0.02285	0.04994	0.00360	0.00402
8	0.02755	0.00902	0.10578	0.11645	0.15253	0.00782	0.11733	0.01087	0.00945	0.04016	0.14201	0.09163	0.05184	0.00746	0.04054	0.02122	0.03491	0.00552	0.00283	0.00508
9	0.01184	0.22983	0.21802	0.02905	0.05175	0.05952	0.07057	0.11183	0.01084	0.09732	0.00886	0.02979	0.00691	0.00436	0.00383	0.00119	0.00522	0.00348	0.00261	0.04319
10	0.00519	0.00384	0.00486	0.00562	0.00611	0.00350	0.00383	0.00605	0.00858	0.01124	0.06130	0.67199	0.16696	0.01269	0.00534	0.00166	0.00239	0.01136	0.00398	0.00350
11	0.00592	0.00411	0.00484	0.00499	0.00523	0.00405	0.00308	0.00628	0.00701	0.00931	0.04145	0.16249	0.08449	0.56618	0.06967	0.00360	0.00410	0.00732	0.00296	0.00293

[dist]
# distance from previous block
# <min> <max>
0	1

[block]
# block no. 2 follows, 62 sequences, length 21
# corresponding to MSA columns:
# 351-371
name=unknown_C
#
# <colnr> <probs for GDERKNQSTAVLIFYWHMCP>
#	G	D	E	R	K	N	Q	S	T	A	V	L	I	F	Y	W	H	M	C	P
0	0.02238	0.05819	0.14356	0.09866	0.14089	0.08208	0.19341	0.07292	0.03591	0.09742	0.00913	0.01064	0.00677	0.00419	0.00426	0.00131	0.00575	0.00386	0.00260	0.00607
1	0.00723	0.00512	0.00640	0.00616	0.00720	0.02064	0.01384	0.04270	0.01077	0.05841	0.38105	0.29285	0.06217	0.00965	0.00522	0.00146	0.02370	0.00847	0.03278	0.00418
2	0.01572	0.05289	0.01246	0.01082	0.01307	0.80140	0.00818	0.01682	0.01192	0.01040	0.00655	0.00764	0.00548	0.00436	0.00379	0.00109	0.00755	0.00272	0.00218	0.00495
3	0.00544	0.00402	0.00493	0.00536	0.00606	0.00366	0.00376	0.00652	0.00923	0.01223	0.17998	0.42368	0.22525	0.04870	0.00593	0.00168	0.00239	0.02517	0.02244	0.00358
4	0.00646	0.01686	0.01763	0.00672	0.02964	0.02838	0.02140	0.00817	0.03475	0.01285	0.21548	0.26611	0.21217	0.02298	0.02983	0.00167	0.02913	0.00837	0.00377	0.02763
5	0.00740	0.00667	0.01074	0.57723	0.04960	0.00788	0.00961	0.00965	0.00856	0.01100	0.02479	0.09666	0.09670	0.00718	0.03538	0.02385	0.00507	0.00524	0.00237	0.00443
6	0.64191	0.00822	0.00737	0.00638	0.00893	0.00933	0.00523	0.07332	0.00870	0.10364	0.00795	0.02676	0.00619	0.00550	0.03265	0.00154	0.03535	0.00297	0.00302	0.00503
7	0.00910	0.04177	0.12123	0.37167	0.15422	0.02271	0.12047	0.02478	0.00916	0.01230	0.00833	0.03444	0.00679	0.00450	0.00461	0.00139	0.03103	0.01402	0.00207	0.00542
8	0.48071	0.05907	0.00985	0.19953	0.02693	0.04897	0.02901	0.01231	0.00808	0.02658	0.00680	0.00859	0.00534	0.00476	0.02569	0.00143	0.00448	0.00286	0.00239	0.03664
9	0.00598	0.00433	0.00538	0.00573	0.00650	0.00410	0.00408	0.01698	0.00893	0.03946	0.06415	0.47725	0.25296	0.01239	0.03000	0.01524	0.02890	0.01002	0.00389	0.00372
10	0.00545	0.00395	0.00489	0.00540	0.00586	0.00367	0.00361	0.00626	0.00851	0.01127	0.12566	0.48492	0.13813	0.16224	0.00823	0.00207	0.00266	0.01005	0.00380	0.00339
11	0.00823	0.00492	0.00600	0.00545	0.00692	0.00451	0.00418	0.03390	0.01134	0.13336	0.40233	0.05399	0.18782	0.00820	0.00466	0.00132	0.00236	0.00703	0.10900	0.00447
12	0.01050	0.08444	0.01350	0.38200	0.11806	0.05642	0.01000	0.11118	0.03988	0.04419	0.02168	0.02390	0.00745	0.00548	0.02948	0.00150	0.02852	0.00386	0.00252	0.00547
13	0.01306	0.01076	0.11924	0.02051	0.02764	0.04329	0.00791	0.25838	0.06605	0.19487	0.03688	0.04430	0.07949	0.00688	0.03636	0.00154	0.00458	0.00472	0.01730	0.00622
14	0.00532	0.00414	0.00479	0.00500	0.00597	0.00366	0.00358	0.00647	0.00966	0.01241	0.20365	0.26759	0.40537	0.03571	0.00563	0.00158	0.00227	0.00951	0.00407	0.00361
15	0.00609	0.00449	0.00581	0.00637	0.00723	0.00431	0.00498	0.02452	0.00958	0.01255	0.10651	0.30325	0.16239	0.01238	0.03571	0.00190	0.00324	0.28094	0.00396	0.00379
16	0.02969	0.03565	0.09425	0.14911	0.34237	0.07151	0.07630	0.06081	0.05590	0.03128	0.00858	0.01056	0.00670	0.00414	0.00417	0.00130	0.00544	0.00374	0.00238	0.00612
17	0.03423	0.02261	0.03615	0.05597	0.09896	0.06375	0.04599	0.19140	0.02209	0.18619	0.02895	0.04250	0.00967	0.03114	0.05633	0.01335	0.03448	0.01688	0.00343	0.00594
18	0.02396	0.00999	0.04244	0.01433	0.03735	0.00912	0.50941	0.02319	0.03314	0.07931	0.04214	0.05136	0.06421	0.00521	0.00490	0.00144	0.00577	0.03435	0.00284	0.00556
19	0.03615	0.02008	0.04701	0.04697	0.03268	0.03046	0.03353	0.12311	0.03896	0.05313	0.07809	0.23142	0.09429	0.02205	0.02519	0.00161	0.00383	0.02689	0.04971	0.00484
20	0.03734	0.02368	0.13787	0.05493	0.08768	0.08765	0.07066	0.07942	0.06319	0.05942	0.08144	0.11396	0.04239	0.00624	0.00461	0.00139	0.02012	0.01945	0.00310	0.00547

[dist]
# distance from previous block
# <min> <max>
0	6

[block]
# block no. 3 follows, 62 sequences, length 37
# corresponding to MSA columns:
# 378-414
name=unknown_D
#
# <colnr> <probs for GDERKNQSTAVLIFYWHMCP>
#	G	D	E	R	K	N	Q	S	T	A	V	L	I	F	Y	W	H	M	C	P
0	0.07808	0.03355	0.01899	0.00753	0.01020	0.04448	0.00611	0.12031	0.19105	0.14444	0.06755	0.01662	0.11038	0.00584	0.00429	0.00126	0.02055	0.00462	0.00385	0.11029
1	0.01151	0.03518	0.09875	0.04161	0.09675	0.07102	0.02611	0.08438	0.02505	0.14352	0.07916	0.01366	0.04860	0.00514	0.00474	0.00122	0.05998	0.00409	0.00315	0.14637
2	0.03337	0.04169	0.02339	0.00744	0.05648	0.00612	0.00543	0.04549	0.05132	0.12022	0.31520	0.13835	0.08435	0.03345	0.00516	0.00145	0.00296	0.00683	0.00409	0.01720
3	0.00581	0.00434	0.00590	0.00615	0.00670	0.00464	0.00445	0.00684	0.00740	0.01012	0.01809	0.26893	0.09242	0.13268	0.37902	0.00431	0.02827	0.00742	0.00296	0.00354
4	0.09191	0.00839	0.01016	0.00791	0.01114	0.00817	0.00652	0.18641	0.04598	0.55628	0.01449	0.01299	0.00943	0.00514	0.00414	0.00131	0.00381	0.00404	0.00479	0.00699
5	0.06821	0.00852	0.01023	0.00806	0.01107	0.03114	0.03084	0.19865	0.01305	0.42023	0.01467	0.05324	0.03441	0.00595	0.01731	0.00138	0.00404	0.00448	0.02143	0.04309
6	0.00524	0.00376	0.00493	0.00581	0.00611	0.00350	0.00388	0.00602	0.00828	0.01102	0.05269	0.76438	0.05536	0.03978	0.00592	0.00178	0.00249	0.01164	0.00393	0.00345
7	0.02072	0.00543	0.00639	0.00575	0.00741	0.00509	0.00443	0.05763	0.04589	0.13266	0.31683	0.06356	0.26813	0.00851	0.00476	0.00137	0.00254	0.00723	0.03104	0.00464
8	0.09371	0.03406	0.04378	0.01002	0.11238	0.00872	0.00742	0.18842	0.01233	0.30576	0.01237	0.03759	0.00901	0.00601	0.03385	0.00148	0.00426	0.00406	0.06841	0.00636
9	0.00604	0.00458	0.00534	0.00563	0.00646	0.02708	0.00402	0.00720	0.00962	0.03207	0.21740	0.40014	0.20243	0.02765	0.00550	0.00160	0.00253	0.02690	0.00408	0.00374
10	0.00554	0.00410	0.00487	0.00518	0.00599	0.00368	0.00362	0.00653	0.00915	0.02385	0.14387	0.36169	0.31086	0.08299	0.00659	0.00177	0.00245	0.00974	0.00396	0.00357
11	0.01461	0.11744	0.08281	0.01052	0.01329	0.60907	0.00871	0.05233	0.03238	0.01156	0.00703	0.00801	0.00574	0.00434	0.00376	0.00111	0.00694	0.00282	0.00226	0.00526
12	0.03360	0.04420	0.03172	0.00863	0.01138	0.03583	0.00717	0.43808	0.06203	0.07478	0.08431	0.06276	0.01187	0.00590	0.00451	0.00131	0.02882	0.00461	0.04223	0.00625
13	0.00893	0.10796	0.15463	0.03274	0.30025	0.00938	0.04885	0.01143	0.00897	0.01253	0.05534	0.02988	0.02912	0.04908	0.10930	0.00211	0.01739	0.00428	0.00228	0.00553
14	0.00548	0.02596	0.00522	0.00511	0.00609	0.00401	0.00369	0.00654	0.00932	0.01186	0.13988	0.28273	0.39258	0.05894	0.00605	0.00166	0.00244	0.02491	0.00392	0.00361
15	0.03522	0.00778	0.00937	0.03082	0.01097	0.00626	0.02468	0.02830	0.01998	0.03200	0.00793	0.00915	0.00644	0.00334	0.00328	0.00073	0.00337	0.00271	0.00262	0.75505
16	0.01126	0.12347	0.32710	0.03294	0.02615	0.03655	0.12088	0.21950	0.01196	0.01622	0.00833	0.00988	0.00630	0.02559	0.00451	0.00135	0.00573	0.00356	0.00252	0.00618
17	0.00586	0.00433	0.00500	0.00495	0.00605	0.00387	0.00364	0.00716	0.00995	0.03034	0.26352	0.10028	0.39368	0.07817	0.02288	0.00175	0.00254	0.02379	0.02851	0.00372
18	0.81280	0.00805	0.00634	0.00563	0.00825	0.00919	0.00463	0.01262	0.00754	0.05277	0.00772	0.00846	0.03428	0.00425	0.00279	0.00132	0.00326	0.00263	0.00279	0.00468
19	0.04241	0.03748	0.27539	0.04842	0.11165	0.03621	0.06948	0.05859	0.00953	0.02488	0.01088	0.10885	0.02618	0.03209	0.06126	0.00180	0.00558	0.00471	0.00248	0.03212
20	0.00680	0.03224	0.08383	0.00728	0.00875	0.00569	0.03455	0.04602	0.05503	0.01279	0.06701	0.50316	0.06441	0.01054	0.00506	0.00159	0.00323	0.04403	0.00370	0.00429
21	0.00595	0.00426	0.00531	0.00582	0.00650	0.00405	0.00410	0.00755	0.05146	0.02564	0.11798	0.52277	0.12212	0.03311	0.00562	0.00167	0.00253	0.03939	0.03040	0.00378
22	0.11179	0.00686	0.00746	0.00650	0.00854	0.00707	0.00512	0.14818	0.09863	0.10290	0.19946	0.06126	0.16304	0.00727	0.00438	0.00135	0.00298	0.00599	0.04605	0.00516
23	0.01124	0.01239	0.14316	0.18770	0.17464	0.08938	0.07821	0.10295	0.06425	0.06169	0.00927	0.01093	0.00694	0.00436	0.00422	0.00132	0.00551	0.00379	0.02206	0.00601
24	0.00885	0.05304	0.39925	0.33224	0.02236	0.01000	0.06919	0.01263	0.00894	0.03318	0.00783	0.01011	0.00571	0.00411	0.00414	0.00136	0.00597	0.00351	0.00195	0.00563
25	0.00932	0.00581	0.00682	0.00640	0.00794	0.00579	0.00482	0.07285	0.12937	0.13756	0.06585	0.29019	0.10624	0.00871	0.00461	0.00144	0.00282	0.00753	0.12102	0.00492
26	0.00746	0.00548	0.00638	0.00605	0.00753	0.00540	0.00462	0.01118	0.17957	0.06361	0.29948	0.10678	0.23309	0.00896	0.00490	0.00144	0.00254	0.03655	0.00436	0.00461
27	0.00857	0.00553	0.00701	0.03035	0.03749	0.00537	0.00509	0.09449	0.01073	0.11382	0.12991	0.34787	0.12200	0.00948	0.00485	0.00148	0.00290	0.00831	0.05015	0.00460
28	0.00867	0.00883	0.03483	0.27901	0.01992	0.02193	0.27563	0.04446	0.00937	0.01244	0.01093	0.15135	0.01021	0.00668	0.02524	0.01804	0.03584	0.01923	0.00247	0.00491
29	0.00616	0.00411	0.00474	0.00480	0.00483	0.00412	0.00276	0.00621	0.00630	0.00842	0.01375	0.07039	0.01582	0.76356	0.04638	0.02173	0.00426	0.00640	0.00263	0.00265
30	0.00684	0.00590	0.00881	0.15224	0.15718	0.00594	0.02107	0.00856	0.00942	0.01248	0.14363	0.20715	0.20558	0.02973	0.00526	0.00152	0.00346	0.00751	0.00331	0.00440
31	0.02498	0.11931	0.09385	0.10284	0.23817	0.03618	0.03970	0.03635	0.02655	0.01285	0.04871	0.03724	0.03024	0.05928	0.00592	0.00151	0.06370	0.01479	0.00240	0.00544
32	0.20617	0.06994	0.01013	0.00797	0.03466	0.06586	0.01993	0.11236	0.01080	0.24899	0.01121	0.04300	0.00865	0.03158	0.03784	0.02617	0.00435	0.00387	0.04091	0.00561
33	0.00612	0.00451	0.00606	0.00602	0.00655	0.00496	0.00434	0.00710	0.00698	0.00969	0.03804	0.03669	0.06621	0.29622	0.45238	0.00521	0.03136	0.00558	0.00257	0.00341
34	0.00968	0.01046	0.05080	0.19505	0.20575	0.14989	0.04897	0.01218	0.03244	0.01232	0.03770	0.04420	0.05067	0.02588	0.02920	0.00158	0.00545	0.05068	0.02195	0.00515
35	0.04586	0.01112	0.05918	0.31967	0.20431	0.12083	0.03609	0.05368	0.05620	0.04039	0.00850	0.01066	0.00652	0.00428	0.00414	0.00132	0.00554	0.00367	0.00238	0.00565
36	0.09438	0.06406	0.05167	0.01172	0.10324	0.35364	0.04208	0.06934	0.01098	0.03611	0.00876	0.03135	0.00765	0.00553	0.01982	0.00137	0.02839	0.05204	0.00255	0.00533

[dist]
# distance from previous block
# <min> <max>
0	3

[block]
# block no. 4 follows, 62 sequences, length 35
# corresponding to MSA columns:
# 418-452
name=unknown_E
#
# <colnr> <probs for GDERKNQSTAVLIFYWHMCP>
#	G	D	E	R	K	N	Q	S	T	A	V	L	I	F	Y	W	H	M	C	P
0	0.03344	0.03655	0.03814	0.11470	0.27308	0.06659	0.00953	0.07314	0.04069	0.07470	0.00930	0.01175	0.00755	0.02376	0.10447	0.03234	0.03820	0.00382	0.00258	0.00566
1	0.01065	0.02449	0.05184	0.18098	0.12155	0.01942	0.07151	0.04262	0.08441	0.13438	0.06464	0.02870	0.01048	0.02830	0.03960	0.00166	0.04386	0.00444	0.00303	0.03345
2	0.13004	0.00872	0.08155	0.02414	0.10900	0.03566	0.05730	0.04427	0.03572	0.05992	0.10251	0.16191	0.02773	0.00903	0.07819	0.00190	0.00471	0.01948	0.00318	0.00505
3	0.02990	0.00521	0.00615	0.00558	0.00699	0.00526	0.03192	0.05406	0.04571	0.04224	0.14013	0.04511	0.06188	0.00756	0.04829	0.00148	0.00299	0.00515	0.45000	0.00441
4	0.04850	0.04277	0.00856	0.08849	0.04959	0.01740	0.02089	0.03698	0.04508	0.01196	0.04434	0.11809	0.08496	0.14488	0.18849	0.00304	0.01686	0.02201	0.00290	0.00422
5	0.05614	0.01034	0.01091	0.11343	0.01381	0.10664	0.00759	0.25799	0.10647	0.21063	0.01271	0.03815	0.02541	0.00534	0.00419	0.00132	0.00457	0.00420	0.00387	0.00627
6	0.01039	0.00720	0.00864	0.00802	0.02326	0.00749	0.00641	0.24164	0.05115	0.08063	0.08163	0.08736	0.07463	0.03238	0.03112	0.00178	0.00397	0.23300	0.00409	0.00523
7	0.00932	0.00580	0.00704	0.00660	0.00822	0.00566	0.00506	0.04864	0.12725	0.16882	0.13801	0.23604	0.14816	0.00916	0.00490	0.00150	0.00290	0.05758	0.00437	0.00495
8	0.02857	0.02660	0.04019	0.02192	0.08317	0.02617	0.06786	0.17350	0.18425	0.08746	0.02733	0.05463	0.10913	0.00616	0.00458	0.00138	0.01905	0.01628	0.01581	0.00597
9	0.00664	0.00418	0.00512	0.00537	0.00571	0.00403	0.00344	0.00711	0.00742	0.05736	0.01754	0.32231	0.01996	0.45431	0.01389	0.00296	0.00345	0.03560	0.02035	0.00324
10	0.00575	0.00398	0.00507	0.00574	0.00633	0.00363	0.00397	0.00664	0.00868	0.04350	0.04280	0.64664	0.16325	0.01245	0.00532	0.00166	0.00248	0.02446	0.00402	0.00365
11	0.06221	0.00859	0.00939	0.00752	0.01019	0.02489	0.00611	0.33570	0.01431	0.22947	0.04021	0.01312	0.00988	0.00516	0.00390	0.00122	0.00368	0.00400	0.20427	0.00619
12	0.00953	0.06381	0.18374	0.01183	0.01485	0.01055	0.21961	0.06369	0.00915	0.02287	0.00900	0.01206	0.02293	0.05233	0.06719	0.00199	0.19599	0.00417	0.01937	0.00532
13	0.00536	0.00377	0.00494	0.00582	0.00608	0.00355	0.00388	0.00611	0.00810	0.01089	0.03372	0.73974	0.02691	0.07787	0.00664	0.00190	0.00261	0.02705	0.02163	0.00342
14	0.00676	0.00470	0.00547	0.00533	0.00618	0.00472	0.00378	0.02541	0.06384	0.01315	0.20740	0.06586	0.10255	0.25278	0.06847	0.00253	0.00350	0.02056	0.13326	0.00376
15	0.01299	0.01535	0.01111	0.05373	0.07456	0.53473	0.00796	0.03889	0.01144	0.01158	0.03088	0.05572	0.08158	0.00577	0.00419	0.00123	0.00624	0.03457	0.00261	0.00488
16	0.00832	0.05298	0.01329	0.02558	0.01249	0.03312	0.23442	0.04049	0.00864	0.01170	0.03051	0.04420	0.01043	0.10163	0.31656	0.00371	0.04007	0.00495	0.00242	0.00453
17	0.14811	0.17428	0.15192	0.07419	0.03187	0.03071	0.18262	0.02439	0.00912	0.06511	0.00780	0.00948	0.00602	0.00463	0.01907	0.00140	0.04800	0.00344	0.00230	0.00555
18	0.00639	0.00464	0.00577	0.00543	0.00660	0.00430	0.00411	0.03573	0.01179	0.02747	0.61555	0.05287	0.16919	0.00905	0.00501	0.00137	0.00220	0.02393	0.00452	0.00408
19	0.00871	0.00514	0.00625	0.00594	0.00742	0.00483	0.00462	0.03418	0.04055	0.14869	0.15710	0.15008	0.17548	0.00881	0.00471	0.00143	0.00272	0.09805	0.13071	0.00456
20	0.01082	0.05147	0.04083	0.01045	0.01158	0.08187	0.00885	0.11676	0.03006	0.01297	0.00701	0.00960	0.00619	0.00643	0.01024	0.00161	0.53609	0.00360	0.03843	0.00514
21	0.00857	0.09320	0.68557	0.01125	0.01681	0.00999	0.01408	0.01288	0.00896	0.01303	0.00883	0.04538	0.00723	0.00475	0.00407	0.00135	0.00587	0.04021	0.00199	0.00599
22	0.05258	0.03980	0.00555	0.00488	0.00635	0.00470	0.00373	0.00744	0.03071	0.01282	0.15726	0.08872	0.55104	0.00983	0.00481	0.00141	0.00234	0.00824	0.00391	0.00386
23	0.07455	0.00529	0.00588	0.00578	0.00695	0.02752	0.00428	0.00904	0.06400	0.02587	0.39073	0.21999	0.12564	0.00930	0.00484	0.00144	0.00250	0.00809	0.00418	0.00413
24	0.00737	0.00484	0.00565	0.00535	0.00686	0.00431	0.00407	0.00911	0.04156	0.12178	0.19014	0.11854	0.43023	0.00972	0.00496	0.00144	0.00243	0.02308	0.00429	0.00428
25	0.00540	0.00383	0.00503	0.00588	0.00614	0.00364	0.00394	0.00612	0.00795	0.01060	0.02191	0.69546	0.02603	0.11313	0.02905	0.00216	0.00296	0.04367	0.00374	0.00338
26	0.01011	0.01257	0.14878	0.01596	0.02035	0.01013	0.60444	0.01371	0.00984	0.05707	0.00902	0.01149	0.00670	0.00506	0.04329	0.00167	0.00704	0.00467	0.00227	0.00582
27	0.00600	0.00430	0.00513	0.00532	0.00633	0.00385	0.00383	0.00732	0.02242	0.05018	0.17057	0.33990	0.33720	0.01103	0.00513	0.00152	0.00233	0.00964	0.00415	0.00383
28	0.00590	0.00406	0.00520	0.00571	0.00634	0.00372	0.00399	0.00690	0.00903	0.04294	0.13773	0.54520	0.13071	0.04168	0.00587	0.00171	0.00251	0.03306	0.00405	0.00368
29	0.00895	0.02468	0.03185	0.02588	0.01437	0.01019	0.28845	0.03161	0.00836	0.01180	0.00938	0.08622	0.00901	0.07721	0.05387	0.00210	0.29380	0.00513	0.00229	0.00483
30	0.00634	0.00481	0.00641	0.00647	0.00732	0.00463	0.03757	0.05166	0.02563	0.01282	0.13276	0.48481	0.09381	0.06470	0.00629	0.00177	0.00288	0.04154	0.00391	0.00388
31	0.00530	0.00380	0.00505	0.00596	0.00630	0.00355	0.00408	0.00616	0.00843	0.01125	0.06078	0.76057	0.04044	0.01300	0.00543	0.00172	0.00251	0.04820	0.00398	0.00351
32	0.00655	0.00488	0.00602	0.00649	0.00725	0.00490	0.00465	0.05482	0.09359	0.01274	0.03836	0.59878	0.04582	0.02948	0.00560	0.00172	0.00281	0.06749	0.00399	0.00405
33	0.04994	0.04450	0.57460	0.03458	0.01695	0.06597	0.03050	0.06618	0.03790	0.01434	0.00822	0.02300	0.00615	0.00433	0.00400	0.00132	0.00592	0.00336	0.00216	0.00607
34	0.02643	0.11748	0.14556	0.06542	0.08601	0.19207	0.02459	0.12899	0.02673	0.01416	0.03865	0.00995	0.00733	0.00478	0.00498	0.00128	0.09404	0.00343	0.00246	0.00568

[dist]
# distance from previous block
# <min> <max>
1	12

[block]
# block no. 5 follows, 62 sequences, length 38
# corresponding to MSA columns:
# 465-474,477-504
name=unknown_F
#
# <colnr> <probs for GDERKNQSTAVLIFYWHMCP>
#	G	D	E	R	K	N	Q	S	T	A	V	L	I	F	Y	W	H	M	C	P
0	0.04200	0.07461	0.01303	0.01000	0.04307	0.08257	0.00793	0.53522	0.06869	0.06581	0.01018	0.01025	0.00740	0.00490	0.00406	0.00125	0.00476	0.00366	0.00383	0.00678
1	0.00661	0.00475	0.00556	0.00532	0.00665	0.00430	0.00403	0.04224	0.01092	0.05459	0.30905	0.11961	0.37251	0.00982	0.00502	0.00143	0.00236	0.02686	0.00428	0.00407
2	0.06315	0.15780	0.28163	0.13564	0.01565	0.04248	0.01672	0.05645	0.00915	0.01289	0.00836	0.01052	0.02316	0.02499	0.03171	0.03478	0.03482	0.00336	0.01839	0.01837
3	0.00595	0.03661	0.00578	0.00556	0.00663	0.00444	0.00413	0.00742	0.03680	0.02574	0.08515	0.35102	0.33396	0.01115	0.00512	0.00156	0.00254	0.06265	0.00395	0.00383
4	0.01167	0.00659	0.00784	0.00667	0.00884	0.00643	0.00527	0.11215	0.09928	0.26028	0.15571	0.06858	0.14105	0.00716	0.00447	0.00134	0.00302	0.00599	0.08209	0.00558
5	0.00746	0.00540	0.01885	0.00561	0.00706	0.00512	0.00442	0.04564	0.08988	0.03305	0.19967	0.06972	0.22486	0.00815	0.00447	0.00134	0.00253	0.05213	0.21024	0.00438
6	0.06477	0.07699	0.20661	0.02093	0.01210	0.08155	0.01691	0.08386	0.03508	0.09503	0.01195	0.03866	0.04990	0.08284	0.06944	0.00199	0.02925	0.01392	0.00284	0.00535
7	0.00630	0.00445	0.00529	0.00547	0.00652	0.00406	0.00404	0.00771	0.02837	0.05308	0.11592	0.25170	0.32859	0.06395	0.00618	0.00171	0.00261	0.08319	0.01702	0.00383
8	0.00559	0.00410	0.00522	0.00593	0.00655	0.00383	0.00433	0.00663	0.00878	0.01142	0.05484	0.46611	0.16656	0.06217	0.00640	0.00185	0.00279	0.16946	0.00389	0.00354
9	0.05638	0.01072	0.10518	0.15186	0.23616	0.06354	0.02369	0.03997	0.10892	0.02591	0.02696	0.03121	0.02357	0.00503	0.00419	0.00135	0.00483	0.03449	0.04034	0.00572
10	0.00894	0.01099	0.15146	0.06307	0.06700	0.07418	0.12769	0.06345	0.01870	0.01348	0.08310	0.10888	0.10334	0.03862	0.00572	0.00152	0.04621	0.00572	0.00285	0.00507
11	0.02432	0.00620	0.00665	0.00600	0.00759	0.03132	0.00465	0.11094	0.05727	0.08034	0.18271	0.05833	0.06204	0.02557	0.00448	0.00131	0.00286	0.02715	0.29548	0.00476
12	0.83109	0.00836	0.00654	0.00580	0.00845	0.00968	0.00477	0.03634	0.02983	0.01928	0.00636	0.00726	0.00492	0.00403	0.00273	0.00132	0.00333	0.00242	0.00273	0.00474
13	0.04026	0.00911	0.02455	0.09422	0.22653	0.04630	0.05771	0.10187	0.01075	0.11427	0.04128	0.08155	0.01035	0.00643	0.03118	0.01546	0.03062	0.01323	0.01468	0.02964
14	0.00804	0.01836	0.07450	0.06211	0.10462	0.00746	0.06111	0.01984	0.03717	0.02845	0.01127	0.07512	0.01096	0.18962	0.18552	0.02473	0.06903	0.00510	0.00248	0.00450
15	0.00529	0.00378	0.00506	0.00604	0.00634	0.00355	0.00413	0.00610	0.00825	0.01098	0.02339	0.79793	0.02792	0.01323	0.00546	0.00174	0.00256	0.06083	0.00395	0.00348
16	0.00987	0.02980	0.08181	0.00949	0.01191	0.03892	0.13529	0.10628	0.02543	0.08808	0.08605	0.16003	0.01616	0.04080	0.03671	0.00179	0.01457	0.09846	0.00344	0.00512
17	0.03664	0.13358	0.23936	0.02874	0.10254	0.02529	0.05108	0.01313	0.06237	0.08229	0.01234	0.10931	0.04499	0.00648	0.03225	0.00151	0.00500	0.00472	0.00271	0.00566
18	0.00997	0.02731	0.00926	0.00854	0.05002	0.14083	0.00629	0.07163	0.04095	0.06301	0.28070	0.04065	0.07271	0.04362	0.00633	0.00149	0.09470	0.02354	0.00360	0.00483
19	0.01505	0.10074	0.04299	0.00872	0.01190	0.05464	0.00744	0.40737	0.02450	0.18761	0.01142	0.02790	0.00841	0.02298	0.00440	0.00130	0.00446	0.00391	0.04772	0.00655
20	0.01148	0.01002	0.03209	0.08987	0.31878	0.07176	0.00950	0.09415	0.01099	0.09624	0.03933	0.01223	0.03573	0.00448	0.00408	0.00118	0.00464	0.00386	0.00284	0.14676
21	0.02353	0.00989	0.06451	0.05596	0.06123	0.07846	0.00757	0.07718	0.23162	0.14239	0.09020	0.04031	0.04781	0.00619	0.01630	0.00141	0.00420	0.00480	0.00375	0.03269
22	0.02504	0.00758	0.00933	0.00745	0.01032	0.03096	0.00605	0.07347	0.03877	0.52222	0.05796	0.01655	0.04300	0.00605	0.00476	0.03416	0.00364	0.03123	0.00460	0.06689
23	0.00972	0.00911	0.04515	0.00891	0.01012	0.07952	0.00729	0.05468	0.09073	0.05479	0.02286	0.12096	0.02102	0.06678	0.06490	0.00212	0.28701	0.02089	0.01862	0.00483
24	0.02901	0.29343	0.03359	0.00907	0.01193	0.33568	0.02344	0.04094	0.04094	0.06948	0.01994	0.01025	0.02736	0.00514	0.02114	0.00123	0.00578	0.01374	0.00254	0.00537
25	0.06631	0.05317	0.03196	0.00857	0.01056	0.00692	0.10467	0.04452	0.00999	0.09677	0.06146	0.16880	0.01829	0.00943	0.03304	0.00178	0.00427	0.26116	0.00359	0.00474
26	0.00570	0.00438	0.00494	0.00491	0.00610	0.00387	0.00361	0.00714	0.02429	0.02805	0.23656	0.13093	0.47461	0.03882	0.00561	0.00153	0.00227	0.00876	0.00412	0.00377
27	0.00675	0.00458	0.00610	0.03802	0.03753	0.00465	0.00430	0.00739	0.00730	0.04487	0.01575	0.20955	0.04116	0.36759	0.14720	0.03901	0.00493	0.00698	0.00293	0.00342
28	0.05134	0.16633	0.41579	0.01101	0.04257	0.11681	0.02547	0.02639	0.05288	0.04218	0.00803	0.00902	0.00606	0.00415	0.00377	0.00124	0.00572	0.00309	0.00220	0.00597
29	0.04431	0.02723	0.02982	0.36611	0.28186	0.01021	0.07208	0.06238	0.04003	0.01367	0.00822	0.01088	0.00640	0.00414	0.00420	0.00135	0.00533	0.00382	0.00225	0.00572
30	0.00535	0.00385	0.00503	0.00586	0.00622	0.00362	0.00400	0.00616	0.00824	0.01093	0.04046	0.68493	0.06783	0.06321	0.02532	0.00197	0.00281	0.04692	0.00384	0.00345
31	0.02336	0.00862	0.04382	0.69582	0.07712	0.02766	0.01166	0.01169	0.03745	0.01154	0.00789	0.01121	0.00597	0.00427	0.00421	0.00140	0.00558	0.00375	0.00201	0.00499
32	0.01091	0.15825	0.11770	0.00961	0.04145	0.11037	0.04540	0.07549	0.11686	0.06083	0.05616	0.06712	0.05602	0.00667	0.03493	0.00149	0.01752	0.00460	0.00303	0.00559
33	0.00567	0.00441	0.00558	0.00579	0.00670	0.00414	0.01875	0.00684	0.00906	0.01169	0.10046	0.26713	0.30534	0.06857	0.04962	0.00204	0.01484	0.10597	0.00377	0.00363
34	0.00552	0.00455	0.03645	0.00618	0.00672	0.00395	0.00449	0.00650	0.00810	0.01094	0.04386	0.64893	0.02532	0.07336	0.06743	0.00225	0.00342	0.03479	0.00367	0.00356
35	0.03676	0.01078	0.03812	0.03378	0.01848	0.02233	0.52378	0.04277	0.02346	0.01377	0.00894	0.03947	0.00727	0.00465	0.00603	0.00147	0.12244	0.00481	0.03545	0.00546
36	0.01767	0.23780	0.39561	0.01004	0.01462	0.05935	0.02287	0.06486	0.02274	0.01341	0.02233	0.01097	0.00730	0.00449	0.00378	0.00122	0.00543	0.04431	0.00223	0.03897
37	0.33566	0.12620	0.01083	0.04015	0.01102	0.18307	0.02990	0.04436	0.00929	0.01463	0.00848	0.04099	0.03151	0.00551	0.03149	0.00138	0.00485	0.00326	0.00252	0.06490

[dist]
# distance from previous block
# <min> <max>
2	35

[block]
# block no. 6 follows, 62 sequences, length 19
# corresponding to MSA columns:
# 544-562
name=unknown_G
#
# <colnr> <probs for GDERKNQSTAVLIFYWHMCP>
#	G	D	E	R	K	N	Q	S	T	A	V	L	I	F	Y	W	H	M	C	P
0	0.01023	0.04431	0.05990	0.22416	0.14487	0.05961	0.03869	0.06618	0.03903	0.06887	0.04773	0.04982	0.00981	0.00664	0.04048	0.02918	0.01943	0.02144	0.00271	0.01690
1	0.03416	0.02829	0.03435	0.00797	0.01050	0.06059	0.00652	0.22240	0.15715	0.10269	0.07898	0.07755	0.10071	0.00668	0.00439	0.00135	0.00383	0.02455	0.00399	0.03335
2	0.00975	0.00975	0.03341	0.15443	0.10530	0.04901	0.25549	0.06745	0.02509	0.02429	0.01076	0.05469	0.02198	0.00709	0.06182	0.00181	0.04361	0.04625	0.01268	0.00535
3	0.01001	0.04225	0.07440	0.10451	0.14085	0.06860	0.05321	0.10216	0.04001	0.02882	0.03458	0.05563	0.00970	0.04884	0.11610	0.00222	0.05565	0.00448	0.00265	0.00535
4	0.01045	0.06066	0.09475	0.15903	0.07650	0.07099	0.02305	0.11433	0.03565	0.07377	0.03919	0.13623	0.01217	0.00678	0.01820	0.00149	0.00485	0.05342	0.00307	0.00541
5	0.00528	0.00417	0.00465	0.00490	0.00588	0.00367	0.00351	0.00626	0.00914	0.01140	0.07808	0.23512	0.48868	0.08619	0.00664	0.00176	0.00246	0.03483	0.00387	0.00350
6	0.00987	0.06094	0.41475	0.05115	0.01780	0.05640	0.16694	0.05323	0.08286	0.01415	0.02630	0.01057	0.00715	0.00427	0.00422	0.00134	0.00598	0.00375	0.00231	0.00603
7	0.01019	0.11204	0.10798	0.05160	0.03422	0.08071	0.03245	0.11416	0.03546	0.04590	0.06949	0.05656	0.04538	0.00944	0.10953	0.02855	0.02445	0.02379	0.00291	0.00520
8	0.00598	0.00418	0.00522	0.00577	0.00634	0.00397	0.00396	0.01786	0.03475	0.02717	0.06733	0.60007	0.08860	0.06186	0.00616	0.00177	0.00258	0.01041	0.04233	0.00370
9	0.00589	0.00403	0.00487	0.00527	0.00541	0.00394	0.00330	0.00625	0.00707	0.00941	0.01737	0.30836	0.02032	0.51569	0.01520	0.00318	0.00355	0.05483	0.00312	0.00296
10	0.00980	0.22291	0.17190	0.17496	0.11894	0.02289	0.08448	0.02652	0.00918	0.03040	0.00846	0.05465	0.00721	0.00508	0.02103	0.00138	0.01864	0.00386	0.00215	0.00557
11	0.00705	0.00642	0.07250	0.00793	0.04818	0.00530	0.02998	0.00925	0.06247	0.05180	0.06408	0.42081	0.09770	0.02805	0.03159	0.00180	0.00348	0.04355	0.00368	0.00437
12	0.08335	0.00770	0.01202	0.66382	0.05515	0.00931	0.01067	0.03184	0.00878	0.03776	0.00799	0.01154	0.00613	0.03171	0.00468	0.00148	0.00530	0.00375	0.00215	0.00487
13	0.00954	0.00916	0.01532	0.49414	0.18385	0.03654	0.12428	0.03633	0.00950	0.02903	0.00803	0.01111	0.00613	0.00412	0.00434	0.00137	0.00576	0.00394	0.00212	0.00540
14	0.01065	0.17071	0.02545	0.17899	0.12085	0.11273	0.00881	0.08542	0.07808	0.01321	0.01012	0.10414	0.00914	0.00542	0.00429	0.00129	0.02865	0.00439	0.02225	0.00541
15	0.16068	0.13908	0.10367	0.06064	0.05901	0.20050	0.10891	0.03482	0.00980	0.01354	0.00773	0.00994	0.00632	0.00427	0.00371	0.00123	0.00554	0.02463	0.04070	0.00528
16	0.00644	0.03608	0.00692	0.00629	0.00702	0.00550	0.00464	0.00747	0.00694	0.00974	0.01259	0.10279	0.01314	0.24341	0.44176	0.00495	0.03423	0.00555	0.00251	0.04202
17	0.03408	0.03778	0.06013	0.16305	0.29527	0.06328	0.05325	0.10071	0.04605	0.01457	0.00826	0.01030	0.00654	0.00425	0.00446	0.00128	0.03679	0.00364	0.00241	0.05390
18	0.22252	0.07290	0.06668	0.03224	0.03675	0.11272	0.04030	0.09253	0.02967	0.02880	0.05669	0.02873	0.00953	0.06477	0.03119	0.00163	0.00480	0.01853	0.00280	0.04624

[dist]
# distance from previous block
# <min> <max>
12	33

[block]
# block no. 7 follows, 62 sequences, length 9
# corresponding to MSA columns:
# 598-606
name=unknown_H
#
# <colnr> <probs for GDERKNQSTAVLIFYWHMCP>
#	G	D	E	R	K	N	Q	S	T	A	V	L	I	F	Y	W	H	M	C	P
0	0.00939	0.01115	0.13701	0.07681	0.04302	0.10271	0.10131	0.07022	0.06296	0.01423	0.11095	0.07613	0.09269	0.00626	0.00480	0.00137	0.03285	0.00536	0.03559	0.00518
1	0.00887	0.00844	0.06470	0.06724	0.01163	0.00827	0.00699	0.01589	0.39816	0.01548	0.10269	0.01837	0.03263	0.00810	0.07082	0.00179	0.00418	0.04462	0.02026	0.09084
2	0.00932	0.00901	0.01266	0.01063	0.01127	0.01181	0.03678	0.03895	0.00749	0.01144	0.03095	0.01033	0.00697	0.00782	0.04233	0.00189	0.65977	0.00383	0.00211	0.07463
3	0.00888	0.03099	0.04437	0.06008	0.04733	0.02455	0.00661	0.04380	0.19328	0.04552	0.14193	0.11230	0.05043	0.03740	0.02666	0.00160	0.00378	0.04187	0.00361	0.07502
4	0.00581	0.00436	0.00509	0.00506	0.00587	0.00415	0.00352	0.00703	0.02757	0.01161	0.18630	0.08540	0.27729	0.26225	0.08774	0.00274	0.00363	0.00758	0.00354	0.00346
5	0.08659	0.12484	0.05078	0.02479	0.01027	0.06771	0.00665	0.11245	0.06623	0.03249	0.05331	0.13447	0.06284	0.02513	0.00472	0.00147	0.00403	0.12290	0.00336	0.00498
6	0.00575	0.00438	0.00525	0.00563	0.00640	0.00417	0.00394	0.00758	0.07365	0.01218	0.12698	0.44727	0.20558	0.06315	0.00620	0.00174	0.00251	0.00990	0.00399	0.00377
7	0.03661	0.43860	0.06246	0.00915	0.02918	0.05474	0.06668	0.15146	0.01099	0.03637	0.02883	0.00966	0.00726	0.03635	0.00414	0.00121	0.00488	0.00320	0.00251	0.00571
8	0.03957	0.28083	0.11011	0.00741	0.01027	0.00969	0.03543	0.02392	0.02367	0.03427	0.02915	0.08844	0.10617	0.08858	0.03546	0.00167	0.00436	0.00484	0.00267	0.06347

[dist]
# distance from previous block
# <min> <max>
2	8

[block]
# block no. 8 follows, 62 sequences, length 28
# corresponding to MSA columns:
# 615-642
name=unknown_I
#
# <colnr> <probs for GDERKNQSTAVLIFYWHMCP>
#	G	D	E	R	K	N	Q	S	T	A	V	L	I	F	Y	W	H	M	C	P
0	0.01005	0.14373	0.10761	0.04187	0.19967	0.05062	0.06369	0.04264	0.09680	0.01346	0.03905	0.04141	0.00962	0.02963	0.02298	0.00149	0.03070	0.02334	0.00257	0.02906
1	0.04819	0.01853	0.03348	0.00902	0.06310	0.03010	0.00697	0.18823	0.06962	0.12553	0.03207	0.01178	0.00871	0.00458	0.00400	0.00109	0.01812	0.01930	0.00341	0.30415
2	0.02395	0.09522	0.17613	0.05639	0.10047	0.13043	0.10072	0.07939	0.02382	0.06758	0.00881	0.02534	0.00690	0.00448	0.00437	0.00126	0.03532	0.00366	0.02747	0.02829
3	0.01078	0.18842	0.12761	0.02553	0.13236	0.02076	0.00868	0.10675	0.06108	0.07366	0.01266	0.05065	0.06206	0.04722	0.00489	0.00140	0.00448	0.02979	0.00292	0.02831
4	0.06204	0.11105	0.10088	0.03193	0.10075	0.11340	0.03323	0.06344	0.04258	0.02716	0.01790	0.06613	0.02930	0.00646	0.03523	0.00153	0.11042	0.00416	0.03707	0.00534
5	0.00594	0.03811	0.00647	0.02791	0.00752	0.02572	0.02048	0.00685	0.00837	0.01094	0.02185	0.71822	0.04624	0.01204	0.00519	0.00164	0.00287	0.01086	0.00371	0.01908
6	0.14352	0.22094	0.05632	0.02083	0.01212	0.31121	0.03638	0.02685	0.03792	0.02927	0.02930	0.04198	0.00758	0.00463	0.00357	0.00116	0.00549	0.00330	0.00244	0.00517
7	0.02436	0.05361	0.12449	0.04204	0.08977	0.04378	0.02734	0.05063	0.05829	0.02728	0.16505	0.03463	0.07804	0.00975	0.11287	0.02549	0.01945	0.00506	0.00302	0.00505
8	0.00618	0.00415	0.00479	0.00478	0.00485	0.00419	0.00277	0.00631	0.00638	0.00857	0.03445	0.02734	0.01585	0.78375	0.06555	0.00420	0.00447	0.00614	0.00262	0.00268
9	0.00948	0.04668	0.09173	0.09723	0.11872	0.04200	0.16643	0.02989	0.02000	0.04085	0.10659	0.01500	0.05831	0.00652	0.04078	0.00162	0.09548	0.00469	0.00263	0.00534
10	0.00657	0.00544	0.02527	0.00710	0.02766	0.00528	0.03804	0.00782	0.00776	0.01086	0.08484	0.11744	0.03461	0.24589	0.26139	0.00381	0.02821	0.02408	0.00282	0.05513
11	0.01037	0.57489	0.04108	0.00777	0.01068	0.01414	0.02094	0.01244	0.05602	0.01090	0.02844	0.00989	0.00760	0.03916	0.04415	0.00147	0.07823	0.00307	0.02355	0.00523
12	0.03757	0.04374	0.28508	0.04125	0.08762	0.04899	0.05646	0.08845	0.04860	0.04001	0.00853	0.00973	0.00644	0.00405	0.00389	0.00117	0.00513	0.00331	0.00250	0.17749
13	0.01207	0.34418	0.09065	0.02010	0.06521	0.24702	0.05008	0.02202	0.00987	0.02493	0.00760	0.04795	0.00678	0.00452	0.00391	0.00114	0.03111	0.00330	0.00215	0.00540
14	0.00720	0.00485	0.00643	0.00616	0.00693	0.00518	0.00446	0.03952	0.00757	0.04903	0.03406	0.03716	0.01309	0.29901	0.41767	0.02560	0.00758	0.00523	0.00269	0.02059
15	0.01000	0.20330	0.22700	0.00950	0.03288	0.05613	0.05727	0.02260	0.00933	0.07196	0.03591	0.07759	0.01051	0.08578	0.00567	0.00152	0.00493	0.03573	0.00258	0.03982
16	0.02125	0.15008	0.29428	0.03540	0.06528	0.01045	0.07980	0.01442	0.06158	0.13041	0.02766	0.03321	0.00819	0.00473	0.00450	0.00132	0.04489	0.00385	0.00265	0.00603
17	0.01056	0.01103	0.05608	0.01124	0.12564	0.18126	0.00797	0.02401	0.16856	0.04750	0.01488	0.15336	0.07210	0.00688	0.00539	0.00142	0.08810	0.00553	0.00313	0.00537
18	0.00945	0.11253	0.56040	0.01178	0.01704	0.06430	0.09104	0.01369	0.02920	0.01313	0.03389	0.00980	0.00681	0.00417	0.00402	0.00129	0.00606	0.00339	0.00201	0.00599
19	0.02952	0.07416	0.30379	0.05156	0.19144	0.04699	0.02458	0.03149	0.02371	0.07916	0.02548	0.05064	0.00864	0.01601	0.00436	0.00136	0.00523	0.02341	0.00251	0.00597
20	0.01064	0.07124	0.20894	0.07286	0.17767	0.01875	0.06908	0.01370	0.02762	0.13892	0.05654	0.03511	0.01012	0.00535	0.01612	0.00140	0.00502	0.02962	0.02536	0.00593
21	0.04761	0.00458	0.00601	0.00598	0.00659	0.00508	0.00432	0.00732	0.00670	0.00980	0.01253	0.02054	0.03038	0.30520	0.50249	0.00554	0.00836	0.00510	0.00243	0.00342
22	0.04601	0.14049	0.29194	0.01052	0.04062	0.10219	0.04713	0.04902	0.03125	0.11664	0.01031	0.01138	0.03655	0.00512	0.01824	0.00136	0.01797	0.01469	0.00264	0.00591
23	0.03589	0.09848	0.19401	0.03765	0.06633	0.05432	0.05027	0.07699	0.06581	0.11421	0.03423	0.08194	0.06045	0.00564	0.00419	0.00132	0.00470	0.00470	0.00307	0.00579
24	0.00584	0.00483	0.02499	0.00595	0.00691	0.00427	0.02057	0.00743	0.04730	0.01204	0.12351	0.38704	0.22488	0.05169	0.00630	0.02681	0.00271	0.02933	0.00384	0.00375
25	0.00940	0.00911	0.01467	0.33066	0.37081	0.03594	0.04381	0.01189	0.00915	0.01241	0.00842	0.04747	0.00718	0.00445	0.00449	0.00133	0.02562	0.00411	0.00212	0.04698
26	0.01126	0.03274	0.10138	0.10674	0.17140	0.04614	0.08385	0.12594	0.04576	0.09121	0.04757	0.05825	0.01713	0.00523	0.00471	0.00136	0.03588	0.00452	0.00297	0.00596
27	0.02809	0.10347	0.25683	0.09077	0.14607	0.03507	0.10889	0.02695	0.02338	0.06666	0.00943	0.01099	0.03254	0.00441	0.00448	0.00132	0.03868	0.00374	0.00232	0.00592

[dist]
# distance from previous block
# <min> <max>
10	51

[block]
# block no. 9 follows, 62 sequences, length 44
# corresponding to MSA columns:
# 694-737
name=unknown_J
#
# <colnr> <probs for GDERKNQSTAVLIFYWHMCP>
#	G	D	E	R	K	N	Q	S	T	A	V	L	I	F	Y	W	H	M	C	P
0	0.02252	0.09513	0.11582	0.01097	0.10839	0.05166	0.07881	0.07253	0.03998	0.07731	0.14597	0.04043	0.03533	0.00567	0.01344	0.00130	0.00452	0.00463	0.00311	0.07249
1	0.02599	0.01905	0.12742	0.01323	0.20011	0.02049	0.08525	0.03591	0.10630	0.07649	0.05357	0.07254	0.03577	0.00539	0.00431	0.00130	0.00448	0.01589	0.00303	0.09348
2	0.04170	0.02363	0.17802	0.02386	0.02255	0.03118	0.03614	0.06480	0.09740	0.01484	0.14367	0.10820	0.08221	0.01998	0.01483	0.00152	0.00413	0.05861	0.00334	0.02941
3	0.01023	0.03022	0.13804	0.02275	0.16086	0.02801	0.12294	0.03764	0.03260	0.10368	0.15359	0.01574	0.03844	0.02034	0.00468	0.00133	0.00461	0.00469	0.00308	0.06652
4	0.00613	0.00447	0.00522	0.00507	0.00626	0.00401	0.00376	0.00768	0.02325	0.04421	0.33297	0.08825	0.37032	0.06113	0.00604	0.00159	0.00234	0.01923	0.00420	0.00387
5	0.01000	0.01148	0.13112	0.07220	0.25398	0.04496	0.05844	0.05454	0.14171	0.01436	0.02614	0.01378	0.04424	0.00549	0.01565	0.00146	0.06832	0.02348	0.00268	0.00597
6	0.01148	0.83464	0.02207	0.00736	0.01097	0.03486	0.00730	0.01283	0.00872	0.01002	0.00593	0.00684	0.00546	0.00366	0.00275	0.00091	0.00462	0.00229	0.00183	0.00545
7	0.00684	0.00519	0.00752	0.04635	0.08426	0.00522	0.00674	0.00850	0.00913	0.01206	0.02012	0.21567	0.02221	0.06582	0.00658	0.00196	0.00380	0.46442	0.00358	0.00403
8	0.02700	0.00924	0.00973	0.00864	0.01112	0.01063	0.00676	0.06466	0.74440	0.03263	0.01672	0.01538	0.01248	0.00569	0.00429	0.00143	0.00344	0.00470	0.00431	0.00673
9	0.08749	0.13775	0.18069	0.01128	0.02974	0.14174	0.16673	0.04812	0.01033	0.11885	0.00863	0.00970	0.00642	0.00464	0.01885	0.00135	0.00583	0.00346	0.00257	0.00582
10	0.03812	0.01036	0.01167	0.06208	0.05221	0.06611	0.03155	0.28860	0.19719	0.14765	0.02938	0.01296	0.02221	0.00520	0.00425	0.00133	0.00444	0.00420	0.00394	0.00654
