[name]
unknown

[dist]
# distance from previous block
# <min> <max>
0	56

[block]
# block no. 0 follows, 66 sequences, length 13
# corresponding to MSA columns:
# 59-71
name=unknown_A
#
# <colnr> <probs for GDERKNQSTAVLIFYWHMCP>
#	G	D	E	R	K	N	Q	S	T	A	V	L	I	F	Y	W	H	M	C	P
0	0.01280	0.00966	0.01042	0.00849	0.01115	0.01068	0.00681	0.47624	0.24451	0.03694	0.01251	0.03835	0.00986	0.05584	0.00510	0.00144	0.00396	0.01937	0.00396	0.02189
1	0.00773	0.00681	0.05028	0.02433	0.16726	0.01620	0.00647	0.00983	0.04710	0.06129	0.09667	0.15796	0.16420	0.05675	0.00538	0.00148	0.00335	0.04483	0.00325	0.06885
2	0.03033	0.26564	0.39215	0.05123	0.01453	0.02762	0.01068	0.06956	0.00938	0.05270	0.00849	0.00938	0.03362	0.00410	0.00352	0.00116	0.00507	0.00305	0.00215	0.00565
3	0.00901	0.09841	0.50473	0.02902	0.04719	0.01040	0.11546	0.05386	0.00906	0.01294	0.00735	0.00900	0.00553	0.00452	0.02128	0.00138	0.04993	0.00327	0.00190	0.00576
4	0.00513	0.00417	0.00440	0.00437	0.00561	0.00363	0.00324	0.00645	0.02488	0.01176	0.14244	0.06451	0.63649	0.03634	0.00524	0.00144	0.00212	0.00822	0.02603	0.00351
5	0.01109	0.08984	0.10182	0.02822	0.34369	0.04063	0.02985	0.03899	0.09313	0.11690	0.01013	0.01114	0.02722	0.00435	0.00425	0.00123	0.03512	0.00368	0.00265	0.00608
6	0.02543	0.04891	0.12619	0.03425	0.11442	0.10735	0.07226	0.12827	0.08877	0.14298	0.01077	0.03727	0.02083	0.00466	0.00399	0.00123	0.00484	0.00390	0.00302	0.02066
7	0.00660	0.01755	0.00627	0.02663	0.00746	0.01683	0.02395	0.03157	0.04129	0.04176	0.06164	0.42906	0.14183	0.01121	0.05690	0.00177	0.00321	0.00851	0.06208	0.00389
8	0.08958	0.00837	0.08925	0.06590	0.02720	0.00768	0.00694	0.10004	0.06525	0.20718	0.04007	0.01368	0.04087	0.01978	0.05454	0.03031	0.04781	0.00401	0.07620	0.00533
9	0.01079	0.06296	0.07122	0.01822	0.42982	0.07853	0.12356	0.07969	0.01032	0.03234	0.03827	0.01044	0.00743	0.00395	0.00403	0.00120	0.00519	0.00372	0.00231	0.00600
10	0.04248	0.08600	0.19987	0.07988	0.09186	0.00980	0.09799	0.13665	0.05803	0.04486	0.00996	0.09450	0.00844	0.00494	0.00401	0.00128	0.00478	0.00428	0.00266	0.01775
11	0.00659	0.00524	0.00566	0.00565	0.00693	0.00464	0.00409	0.00800	0.05886	0.01326	0.16258	0.16278	0.51792	0.01075	0.00533	0.00162	0.00260	0.00890	0.00429	0.00431
12	0.00886	0.05417	0.03445	0.04503	0.03045	0.03153	0.00608	0.07076	0.18581	0.06822	0.06082	0.16927	0.13334	0.02423	0.00492	0.00143	0.02205	0.04012	0.00356	0.00491

[dist]
# distance from previous block
# <min> <max>
1	4

[block]
# block no. 1 follows, 66 sequences, length 17
# corresponding to MSA columns:
# 76-92
name=unknown_B
#
# <colnr> <probs for GDERKNQSTAVLIFYWHMCP>
#	G	D	E	R	K	N	Q	S	T	A	V	L	I	F	Y	W	H	M	C	P
0	0.01156	0.00946	0.05762	0.17932	0.21244	0.00925	0.00936	0.17336	0.07756	0.13257	0.00983	0.01087	0.00721	0.00427	0.00396	0.00121	0.00445	0.00363	0.00299	0.07908
1	0.00981	0.00874	0.03389	0.11438	0.40809	0.00876	0.00976	0.10832	0.05361	0.04446	0.01242	0.09003	0.06938	0.00530	0.00419	0.00129	0.00431	0.00476	0.00274	0.00576
2	0.01152	0.08953	0.01331	0.01185	0.11715	0.33392	0.06112	0.03719	0.00946	0.01083	0.00711	0.00975	0.00633	0.04833	0.06695	0.00174	0.15365	0.00333	0.00207	0.00485
3	0.00600	0.00442	0.00615	0.00608	0.00678	0.00491	0.00457	0.02672	0.00720	0.01014	0.07254	0.03778	0.03474	0.15296	0.59398	0.00537	0.00858	0.00506	0.00251	0.00353
4	0.01443	0.01776	0.01186	0.01159	0.08828	0.71016	0.00815	0.03697	0.01137	0.01078	0.00653	0.00768	0.00541	0.00410	0.00368	0.00105	0.00684	0.00273	0.00215	0.03851
5	0.01280	0.05403	0.01176	0.01063	0.09480	0.30818	0.02342	0.22934	0.02835	0.03048	0.03406	0.06208	0.00881	0.02016	0.03079	0.00138	0.00545	0.00391	0.02421	0.00537
6	0.00503	0.00388	0.00447	0.00479	0.00559	0.00346	0.00335	0.00592	0.00860	0.01093	0.09976	0.33949	0.39349	0.08456	0.00631	0.00169	0.00232	0.00933	0.00371	0.00333
7	0.00772	0.00569	0.00643	0.00588	0.00732	0.03693	0.00447	0.05651	0.07110	0.07269	0.42122	0.11140	0.13709	0.00809	0.00460	0.00130	0.00257	0.00698	0.00414	0.02788
8	0.00962	0.01030	0.09465	0.08628	0.33221	0.04204	0.05529	0.08027	0.07401	0.01382	0.01077	0.04484	0.04984	0.00530	0.02560	0.00137	0.00486	0.00418	0.00249	0.05226
9	0.00500	0.00358	0.00476	0.00561	0.00590	0.00333	0.00377	0.00580	0.00804	0.01079	0.08188	0.79401	0.02768	0.01239	0.00515	0.00162	0.00232	0.01122	0.00382	0.00333
10	0.00544	0.00430	0.00535	0.00548	0.00644	0.00397	0.02232	0.00711	0.05025	0.01203	0.16713	0.34983	0.30046	0.01050	0.00493	0.00148	0.00236	0.03311	0.00387	0.00365
11	0.06209	0.05827	0.09741	0.04520	0.09604	0.18552	0.13124	0.09091	0.02922	0.11800	0.00856	0.00961	0.00639	0.00416	0.00411	0.00121	0.02604	0.00342	0.00263	0.01996
12	0.02996	0.02704	0.14146	0.01104	0.01394	0.04558	0.28761	0.03938	0.02130	0.02634	0.04823	0.20176	0.01244	0.01979	0.03746	0.00163	0.02166	0.00585	0.00266	0.00487
13	0.00565	0.00422	0.00615	0.00624	0.00680	0.00447	0.03003	0.00669	0.00693	0.00960	0.01489	0.29497	0.01626	0.15351	0.40931	0.00434	0.00683	0.00698	0.00274	0.00339
14	0.07541	0.18193	0.10577	0.02172	0.13188	0.12146	0.04510	0.05286	0.10305	0.01336	0.03186	0.00998	0.01702	0.00422	0.00376	0.00114	0.02045	0.00328	0.00242	0.05334
15	0.00896	0.04548	0.13007	0.02254	0.07859	0.04131	0.04434	0.10961	0.03798	0.03842	0.04804	0.11626	0.11590	0.02176	0.04547	0.00160	0.03195	0.02017	0.00296	0.03858
16	0.00749	0.06594	0.02918	0.00628	0.00792	0.02002	0.02016	0.09622	0.00992	0.02789	0.11632	0.20399	0.19022	0.04670	0.04918	0.00171	0.00348	0.03457	0.01525	0.04757

[dist]
# distance from previous block
# <min> <max>
1	20

[block]
# block no. 2 follows, 66 sequences, length 20
# corresponding to MSA columns:
# 113-132
name=unknown_C
#
# <colnr> <probs for GDERKNQSTAVLIFYWHMCP>
#	G	D	E	R	K	N	Q	S	T	A	V	L	I	F	Y	W	H	M	C	P
0	0.00816	0.03184	0.58190	0.01012	0.01471	0.02967	0.01205	0.05292	0.00914	0.01295	0.01125	0.08351	0.05157	0.00595	0.02165	0.00144	0.00539	0.04808	0.00224	0.00546
1	0.03532	0.06317	0.06133	0.03831	0.10822	0.05704	0.11895	0.12258	0.11497	0.02821	0.06544	0.02794	0.04775	0.00487	0.00416	0.00121	0.01814	0.00421	0.00290	0.07527
2	0.00906	0.03131	0.06474	0.05304	0.09910	0.09381	0.00701	0.05625	0.14749	0.04232	0.07040	0.09020	0.16585	0.02587	0.00466	0.00137	0.00388	0.02541	0.00325	0.00498
3	0.17887	0.00616	0.00758	0.00671	0.00852	0.00625	0.03491	0.03308	0.02980	0.22964	0.03945	0.23192	0.05430	0.02722	0.04765	0.00172	0.03316	0.01463	0.00365	0.00478
4	0.00772	0.00707	0.01159	0.75301	0.02568	0.00868	0.01055	0.03598	0.00854	0.01103	0.03206	0.05465	0.00751	0.00465	0.00414	0.00136	0.00512	0.00412	0.00205	0.00450
5	0.04535	0.00683	0.03370	0.00907	0.06596	0.00682	0.10809	0.03814	0.04122	0.06095	0.01189	0.10888	0.01155	0.19686	0.16916	0.00294	0.05518	0.00527	0.01781	0.00434
6	0.00582	0.00390	0.00511	0.00566	0.00626	0.00360	0.00401	0.00682	0.00866	0.05359	0.12901	0.59477	0.08568	0.01147	0.00507	0.00157	0.00242	0.05910	0.00392	0.00359
7	0.02546	0.00775	0.00841	0.00730	0.00943	0.03267	0.00571	0.16299	0.26794	0.13142	0.12467	0.09797	0.08732	0.00673	0.00431	0.00133	0.00324	0.00562	0.00413	0.00559
8	0.00659	0.00496	0.00627	0.00644	0.02508	0.00504	0.00469	0.02671	0.07492	0.03265	0.22308	0.25956	0.12351	0.05030	0.02397	0.00171	0.04556	0.07120	0.00377	0.00399
9	0.01241	0.00917	0.01018	0.00840	0.01088	0.08411	0.05314	0.25579	0.12493	0.16270	0.04063	0.07469	0.08463	0.00668	0.02223	0.00141	0.00419	0.02422	0.00386	0.00575
10	0.00515	0.00375	0.00488	0.00568	0.00606	0.00355	0.00388	0.00625	0.03174	0.01082	0.05136	0.74919	0.06088	0.01221	0.00513	0.00162	0.00238	0.02826	0.00380	0.00342
11	0.02481	0.00498	0.00622	0.00613	0.01956	0.00528	0.00426	0.04835	0.05147	0.05674	0.01329	0.09920	0.01360	0.36221	0.24924	0.00390	0.00571	0.01853	0.00283	0.00367
12	0.00953	0.01057	0.06678	0.11841	0.35004	0.03298	0.25536	0.01229	0.00906	0.01255	0.00758	0.01013	0.00605	0.00377	0.00462	0.00128	0.04414	0.00385	0.00199	0.03903
13	0.00729	0.00586	0.00603	0.05578	0.00795	0.06506	0.00440	0.04983	0.01029	0.04779	0.20151	0.02833	0.38594	0.02852	0.00482	0.00134	0.00282	0.00667	0.07578	0.00400
14	0.00591	0.00398	0.00464	0.00467	0.00475	0.00404	0.00277	0.00607	0.00604	0.00810	0.01285	0.02620	0.01460	0.77053	0.08524	0.00409	0.00448	0.02599	0.00247	0.00258
15	0.07523	0.03240	0.12962	0.05508	0.13464	0.07692	0.10458	0.07650	0.02265	0.06678	0.03072	0.06856	0.04670	0.00655	0.05392	0.00159	0.00518	0.00438	0.00266	0.00532
16	0.02134	0.05717	0.03036	0.06181	0.52614	0.02901	0.02095	0.01224	0.02896	0.03308	0.03676	0.01087	0.00767	0.00533	0.04217	0.00148	0.06295	0.00369	0.00219	0.00583
17	0.00527	0.00388	0.00509	0.00599	0.02590	0.00363	0.00405	0.00616	0.00815	0.01077	0.06102	0.59536	0.11317	0.06074	0.00602	0.00174	0.00256	0.07342	0.00368	0.00340
18	0.00753	0.00556	0.00576	0.00561	0.00642	0.06485	0.00389	0.04361	0.00839	0.06328	0.04694	0.15635	0.13628	0.34973	0.01141	0.02707	0.00355	0.04712	0.00318	0.00347
19	0.02891	0.07934	0.07152	0.01335	0.26371	0.04515	0.02632	0.11204	0.09693	0.12164	0.02940	0.01290	0.05657	0.01939	0.00424	0.00127	0.00435	0.00399	0.00301	0.00598

[dist]
# distance from previous block
# <min> <max>
0	19

[block]
# block no. 3 follows, 66 sequences, length 12
# corresponding to MSA columns:
# 169-180
name=unknown_D
#
# <colnr> <probs for GDERKNQSTAVLIFYWHMCP>
#	G	D	E	R	K	N	Q	S	T	A	V	L	I	F	Y	W	H	M	C	P
0	0.05934	0.03905	0.07426	0.05744	0.35147	0.00890	0.07802	0.03300	0.03224	0.05108	0.01161	0.05410	0.06290	0.00510	0.00439	0.00131	0.02858	0.03913	0.00252	0.00557
1	0.00799	0.00780	0.06335	0.01064	0.08831	0.00691	0.17920	0.05665	0.05260	0.03058	0.08511	0.19667	0.08703	0.02042	0.00497	0.00148	0.00406	0.08826	0.00320	0.00476
2	0.00603	0.05342	0.00593	0.00516	0.00599	0.00475	0.00365	0.00755	0.05495	0.01165	0.23443	0.18780	0.14493	0.24528	0.00911	0.00208	0.00280	0.00748	0.00349	0.00351
3	0.00935	0.00660	0.00768	0.07962	0.02806	0.04222	0.00540	0.07843	0.09258	0.12823	0.12393	0.02103	0.11741	0.17894	0.04842	0.00207	0.00394	0.00535	0.01615	0.00460
4	0.01001	0.06133	0.09939	0.01876	0.45819	0.04313	0.12200	0.04532	0.03475	0.01330	0.00858	0.05113	0.00734	0.00418	0.00407	0.00124	0.00510	0.00401	0.00221	0.00598
5	0.00739	0.00422	0.00656	0.00753	0.09985	0.00422	0.00454	0.00610	0.00574	0.00776	0.00711	0.01207	0.00698	0.01290	0.01450	0.78123	0.00367	0.00353	0.00179	0.00230
6	0.00595	0.00367	0.00435	0.00486	0.00544	0.00350	0.00339	0.00715	0.00823	0.01237	0.04547	0.47392	0.05920	0.00945	0.00427	0.00136	0.00215	0.00834	0.33344	0.00350
7	0.00924	0.00758	0.01206	0.37440	0.20665	0.00829	0.03196	0.06507	0.00960	0.08045	0.04616	0.07784	0.04298	0.00517	0.00422	0.00132	0.00457	0.00466	0.00262	0.00517
8	0.02453	0.22560	0.03904	0.03428	0.33247	0.02543	0.08381	0.05116	0.00939	0.06208	0.00783	0.02346	0.00650	0.00409	0.00426	0.00118	0.05339	0.00346	0.00224	0.00580
9	0.00916	0.00771	0.01099	0.08253	0.31570	0.03727	0.00834	0.05714	0.05213	0.05745	0.11440	0.13083	0.04876	0.00637	0.00438	0.00133	0.00392	0.04324	0.00308	0.00526
10	0.00577	0.00429	0.00632	0.00636	0.00702	0.00493	0.00486	0.00710	0.00653	0.00936	0.01143	0.04943	0.01108	0.08059	0.75814	0.00617	0.01011	0.00472	0.00225	0.00354
11	0.04946	0.16282	0.30074	0.01027	0.03992	0.06664	0.06650	0.08244	0.08061	0.03658	0.02252	0.03482	0.00763	0.00448	0.00376	0.00122	0.00503	0.01644	0.00245	0.00566

[dist]
# distance from previous block
# <min> <max>
0	1

[block]
# block no. 4 follows, 66 sequences, length 6
# corresponding to MSA columns:
# 182-187
name=unknown_E
#
# <colnr> <probs for GDERKNQSTAVLIFYWHMCP>
#	G	D	E	R	K	N	Q	S	T	A	V	L	I	F	Y	W	H	M	C	P
0	0.05995	0.04633	0.08444	0.03473	0.05710	0.08923	0.05656	0.14023	0.17198	0.07941	0.01190	0.03130	0.02213	0.07319	0.00545	0.00154	0.00463	0.02094	0.00323	0.00574
1	0.00601	0.00403	0.00482	0.00489	0.00509	0.00413	0.00311	0.00642	0.00635	0.00871	0.01320	0.02609	0.01460	0.65158	0.12308	0.00398	0.00471	0.06414	0.04234	0.00276
2	0.00946	0.00882	0.01510	0.02101	0.63787	0.00874	0.07080	0.01186	0.00939	0.01363	0.07576	0.01218	0.00934	0.00407	0.00404	0.00120	0.00450	0.00402	0.07227	0.00593
3	0.03632	0.11389	0.05196	0.04687	0.08117	0.08428	0.02347	0.12540	0.14304	0.05053	0.02880	0.03036	0.03601	0.04268	0.07155	0.00176	0.01957	0.00404	0.00291	0.00538
4	0.03635	0.07707	0.05324	0.03001	0.21892	0.09520	0.02696	0.01209	0.10462	0.01261	0.04099	0.07076	0.06592	0.06776	0.00513	0.00142	0.00419	0.00464	0.06710	0.00501
5	0.00601	0.00450	0.00544	0.00574	0.00664	0.00429	0.00425	0.07302	0.00951	0.01238	0.08200	0.42689	0.22861	0.01097	0.00501	0.00154	0.00258	0.10306	0.00384	0.00371

[dist]
# distance from previous block
# <min> <max>
6	18

[block]
# block no. 5 follows, 66 sequences, length 22
# corresponding to MSA columns:
# 207-228
name=unknown_F
#
# <colnr> <probs for GDERKNQSTAVLIFYWHMCP>
#	G	D	E	R	K	N	Q	S	T	A	V	L	I	F	Y	W	H	M	C	P
0	0.06573	0.03255	0.15207	0.00897	0.08752	0.03744	0.02098	0.08943	0.00894	0.01269	0.05717	0.05565	0.04071	0.24256	0.05253	0.00229	0.02092	0.00479	0.00260	0.00447
1	0.00933	0.04062	0.41393	0.01045	0.05322	0.10870	0.01073	0.07445	0.03074	0.01349	0.06460	0.06333	0.03241	0.00504	0.00413	0.00124	0.01958	0.00401	0.00241	0.03759
2	0.01240	0.05112	0.01065	0.00945	0.07483	0.13600	0.00693	0.16256	0.22457	0.12590	0.01231	0.05312	0.00968	0.00618	0.03718	0.00144	0.00447	0.00414	0.05124	0.00585
3	0.01394	0.01165	0.06239	0.00922	0.01233	0.05978	0.00784	0.57015	0.10732	0.04369	0.01037	0.01056	0.00756	0.00615	0.04674	0.00150	0.00488	0.00370	0.00374	0.00650
4	0.00600	0.00491	0.00542	0.00595	0.00647	0.05561	0.00408	0.00738	0.05557	0.01075	0.05405	0.60424	0.04787	0.08350	0.02657	0.00188	0.00302	0.00966	0.00356	0.00353
5	0.08941	0.00942	0.01573	0.01416	0.17429	0.00930	0.29419	0.11023	0.03786	0.15197	0.02184	0.01195	0.03183	0.00427	0.00421	0.00129	0.00494	0.00422	0.00297	0.00592
6	0.00520	0.00378	0.00484	0.00543	0.00593	0.00351	0.00378	0.00614	0.00846	0.01124	0.14133	0.54040	0.12021	0.06391	0.00606	0.00172	0.00244	0.05847	0.00379	0.00336
7	0.08532	0.69299	0.01840	0.00682	0.00998	0.01447	0.00654	0.01240	0.05858	0.01078	0.00712	0.04808	0.00663	0.00407	0.00281	0.00097	0.00407	0.00277	0.00205	0.00512
8	0.03001	0.00713	0.00752	0.00647	0.00842	0.05343	0.00509	0.19957	0.01183	0.17144	0.05622	0.10388	0.07500	0.00629	0.00392	0.00121	0.00320	0.01566	0.22861	0.00509
9	0.00508	0.00373	0.00506	0.00578	0.00618	0.00346	0.01694	0.00591	0.00804	0.01067	0.05064	0.75277	0.06737	0.01225	0.00515	0.00162	0.00243	0.02979	0.00376	0.00337
10	0.01072	0.52129	0.18753	0.00858	0.01247	0.03555	0.04774	0.01347	0.05913	0.05891	0.00739	0.00813	0.00596	0.00378	0.00318	0.00104	0.00476	0.00274	0.00209	0.00554
11	0.00694	0.00535	0.00574	0.00537	0.00679	0.02824	0.00408	0.05168	0.04676	0.05912	0.17303	0.09613	0.44448	0.02365	0.00514	0.00140	0.02061	0.00757	0.00388	0.00404
12	0.02855	0.00448	0.00597	0.00605	0.00686	0.00466	0.00451	0.02805	0.00804	0.05089	0.08714	0.24545	0.03911	0.08998	0.32268	0.00362	0.00587	0.05124	0.00315	0.00372
13	0.00572	0.00412	0.00547	0.00619	0.00685	0.00396	0.00481	0.00699	0.00870	0.01144	0.08146	0.34340	0.08604	0.06074	0.00620	0.00183	0.00298	0.34589	0.00373	0.00348
14	0.05295	0.01143	0.01537	0.21616	0.24556	0.19698	0.17879	0.01289	0.00944	0.01200	0.00725	0.00963	0.00576	0.00381	0.00403	0.00124	0.00586	0.00356	0.00201	0.00528
15	0.00534	0.00370	0.00479	0.00556	0.00591	0.00351	0.00383	0.00620	0.00792	0.01078	0.04170	0.63853	0.03554	0.07574	0.00622	0.00178	0.00255	0.07749	0.05961	0.00332
16	0.00536	0.00397	0.00479	0.00501	0.00584	0.00357	0.00359	0.00649	0.00922	0.02292	0.24394	0.30801	0.28434	0.05149	0.00569	0.00157	0.00226	0.02453	0.00391	0.00349
17	0.00951	0.02947	0.23525	0.09016	0.42282	0.04749	0.04804	0.01246	0.00894	0.01252	0.00733	0.00951	0.00586	0.00387	0.00435	0.00126	0.03991	0.00342	0.00190	0.00592
18	0.00716	0.03137	0.10833	0.00827	0.01011	0.00604	0.11781	0.02977	0.00871	0.04713	0.03270	0.44560	0.05089	0.00944	0.01666	0.00158	0.02655	0.03436	0.00322	0.00429
19	0.00814	0.02099	0.83640	0.01156	0.01756	0.00942	0.01499	0.01285	0.00857	0.01285	0.00728	0.00857	0.00514	0.00385	0.00385	0.00128	0.00600	0.00300	0.00171	0.00600
20	0.06635	0.01090	0.01107	0.00873	0.01174	0.08794	0.00712	0.53103	0.01603	0.17271	0.01063	0.02942	0.00763	0.00495	0.00396	0.00122	0.00442	0.00373	0.00396	0.00647
21	0.00904	0.03309	0.10060	0.01080	0.09454	0.05970	0.13845	0.05377	0.14706	0.02551	0.10763	0.03393	0.14676	0.00588	0.00443	0.00130	0.01399	0.00519	0.00308	0.00525

[dist]
# distance from previous block
# <min> <max>
0	14

[block]
# block no. 6 follows, 66 sequences, length 17
# corresponding to MSA columns:
# 243-259
name=unknown_G
#
# <colnr> <probs for GDERKNQSTAVLIFYWHMCP>
#	G	D	E	R	K	N	Q	S	T	A	V	L	I	F	Y	W	H	M	C	P
0	0.04359	0.00754	0.00890	0.00812	0.07671	0.02631	0.00582	0.09652	0.06156	0.10806	0.02868	0.08927	0.05775	0.00604	0.03226	0.00123	0.00361	0.00432	0.00319	0.33052
1	0.00659	0.00624	0.07613	0.00685	0.00802	0.00556	0.05667	0.02799	0.02444	0.00987	0.01145	0.03213	0.01159	0.36425	0.32997	0.00438	0.00691	0.00500	0.00236	0.00360
2	0.00590	0.00393	0.00442	0.00442	0.00442	0.00393	0.00246	0.00590	0.00590	0.00787	0.01278	0.02655	0.01475	0.85742	0.02065	0.00393	0.00393	0.00590	0.00246	0.00246
3	0.04406	0.00755	0.00879	0.00645	0.00992	0.00626	0.00521	0.08233	0.00976	0.13485	0.00866	0.00925	0.00662	0.00349	0.00324	0.00078	0.00320	0.00275	0.00294	0.64390
4	0.01237	0.01322	0.01080	0.05310	0.08748	0.39569	0.00765	0.03757	0.19961	0.04712	0.06286	0.03500	0.00998	0.00499	0.00396	0.00120	0.00532	0.00385	0.00292	0.00530
5	0.00997	0.10706	0.04831	0.03795	0.34823	0.01854	0.04852	0.05332	0.05227	0.06266	0.03179	0.07774	0.05177	0.00502	0.00402	0.00122	0.00431	0.00448	0.00266	0.03016
6	0.00966	0.00805	0.00871	0.03157	0.01036	0.00907	0.00614	0.11303	0.54954	0.01659	0.01823	0.10244	0.08583	0.00655	0.00428	0.00138	0.00323	0.00551	0.00398	0.00584
7	0.00558	0.00406	0.00570	0.00597	0.00647	0.00437	0.00435	0.00665	0.00702	0.00977	0.04247	0.25804	0.01670	0.13063	0.45339	0.00453	0.00711	0.02105	0.00277	0.00339
8	0.03815	0.00966	0.04915	0.23218	0.32511	0.02963	0.11726	0.05066	0.02808	0.05484	0.00845	0.02381	0.00665	0.00405	0.00409	0.00128	0.00513	0.00384	0.00229	0.00568
9	0.09058	0.02167	0.05340	0.07456	0.26673	0.04062	0.07455	0.12711	0.01056	0.10972	0.00980	0.07199	0.00806	0.00470	0.00398	0.00126	0.00459	0.00413	0.01620	0.00578
10	0.00505	0.00372	0.00465	0.00524	0.00575	0.00341	0.00357	0.00590	0.00831	0.01092	0.10563	0.57500	0.17623	0.05933	0.00594	0.00169	0.00234	0.01025	0.00376	0.00333
11	0.00589	0.00425	0.00499	0.00507	0.00616	0.00385	0.00376	0.00741	0.03361	0.04660	0.19700	0.22510	0.36472	0.00998	0.00482	0.00142	0.00226	0.04407	0.02530	0.00373
12	0.00806	0.01090	0.22786	0.07018	0.10168	0.03744	0.07692	0.02917	0.05025	0.02141	0.09025	0.06144	0.10480	0.03016	0.06011	0.00173	0.00498	0.00502	0.00266	0.00500
13	0.04366	0.00892	0.03265	0.00920	0.05553	0.02092	0.00720	0.17828	0.05892	0.43642	0.01385	0.03347	0.00994	0.00561	0.00469	0.00138	0.04145	0.02691	0.00433	0.00666
14	0.00507	0.00369	0.00479	0.00550	0.00595	0.00341	0.00380	0.00597	0.00837	0.01111	0.11122	0.65770	0.10815	0.01194	0.00511	0.00159	0.00232	0.03710	0.00384	0.00338
15	0.00546	0.00368	0.00481	0.00534	0.00557	0.00356	0.00352	0.00579	0.00713	0.00953	0.03654	0.49526	0.04225	0.18798	0.05212	0.11326	0.00324	0.00883	0.00318	0.00296
16	0.00901	0.02715	0.06891	0.05406	0.13807	0.09326	0.11041	0.05139	0.05170	0.01222	0.01178	0.15304	0.03296	0.04239	0.02358	0.04622	0.03296	0.00521	0.03090	0.00478

[dist]
# distance from previous block
# <min> <max>
0	15

[block]
# block no. 7 follows, 66 sequences, length 12
# corresponding to MSA columns:
# 275-286
name=unknown_H
#
# <colnr> <probs for GDERKNQSTAVLIFYWHMCP>
#	G	D	E	R	K	N	Q	S	T	A	V	L	I	F	Y	W	H	M	C	P
0	0.02752	0.05802	0.06573	0.01171	0.07149	0.03628	0.21511	0.07066	0.21163	0.05080	0.03360	0.02228	0.00911	0.01952	0.00497	0.00136	0.05513	0.00424	0.02516	0.00568
1	0.01312	0.15692	0.01247	0.00833	0.01120	0.09474	0.00694	0.42072	0.08888	0.03953	0.01229	0.01221	0.07957	0.00510	0.00382	0.00116	0.00433	0.00382	0.01888	0.00598
2	0.03865	0.14102	0.09273	0.01329	0.22992	0.12543	0.05079	0.05186	0.12108	0.03977	0.01009	0.02115	0.03807	0.00441	0.00379	0.00119	0.00484	0.00365	0.00254	0.00573
3	0.01442	0.11077	0.01324	0.01002	0.01263	0.49927	0.05801	0.12464	0.03778	0.07073	0.00780	0.00849	0.00608	0.00425	0.00371	0.00109	0.00616	0.00301	0.00259	0.00532
4	0.00821	0.06614	0.01995	0.00618	0.00798	0.00614	0.00487	0.05747	0.00832	0.07514	0.02758	0.03087	0.04881	0.17821	0.25748	0.00320	0.00572	0.00440	0.00272	0.18060
5	0.00526	0.00400	0.00486	0.00522	0.00601	0.00367	0.00374	0.00663	0.03084	0.01199	0.19531	0.39964	0.26026	0.01085	0.00497	0.00149	0.00224	0.03553	0.00392	0.00354
6	0.00543	0.00396	0.00491	0.00507	0.00578	0.00370	0.00360	0.00638	0.00867	0.01151	0.22949	0.22401	0.22608	0.10842	0.06645	0.05198	0.00304	0.02464	0.00357	0.00331
7	0.00744	0.08000	0.02617	0.00938	0.10718	0.04929	0.05863	0.00945	0.05653	0.01174	0.07848	0.37603	0.05344	0.00858	0.00477	0.00143	0.02178	0.03212	0.00317	0.00437
8	0.00816	0.04749	0.59790	0.01118	0.01585	0.00958	0.06316	0.01195	0.00826	0.01217	0.00796	0.05247	0.00651	0.00549	0.03240	0.00152	0.09694	0.00362	0.00186	0.00555
9	0.00577	0.00388	0.00446	0.00459	0.00462	0.00385	0.00263	0.00587	0.00615	0.00820	0.01406	0.13671	0.01636	0.74506	0.01859	0.00363	0.00372	0.00665	0.00263	0.00257
10	0.00945	0.00719	0.00904	0.01854	0.06428	0.01752	0.03729	0.19006	0.10035	0.05675	0.23055	0.09592	0.06893	0.02010	0.02785	0.00151	0.00357	0.03216	0.00382	0.00510
11	0.02996	0.22854	0.44335	0.01080	0.02960	0.03094	0.09106	0.03276	0.02953	0.02722	0.00736	0.00852	0.00558	0.00380	0.00362	0.00118	0.00546	0.00303	0.00196	0.00574

[dist]
# distance from previous block
# <min> <max>
1	2

[block]
# block no. 8 follows, 66 sequences, length 17
# corresponding to MSA columns:
# 289-305
name=unknown_I
#
# <colnr> <probs for GDERKNQSTAVLIFYWHMCP>
#	G	D	E	R	K	N	Q	S	T	A	V	L	I	F	Y	W	H	M	C	P
0	0.00576	0.00410	0.00545	0.00554	0.00597	0.00434	0.00388	0.00663	0.00691	0.00958	0.08184	0.11169	0.01637	0.33743	0.35114	0.00446	0.00641	0.02666	0.00268	0.00317
1	0.03539	0.01047	0.02852	0.03458	0.33463	0.11358	0.12111	0.04462	0.04496	0.09970	0.00928	0.02906	0.00749	0.02451	0.02410	0.00144	0.02432	0.00393	0.00256	0.00577
2	0.01015	0.00950	0.02871	0.06097	0.55855	0.02946	0.04818	0.03532	0.00964	0.04800	0.05094	0.01113	0.00810	0.00401	0.00419	0.00120	0.01968	0.00378	0.00233	0.05615
3	0.00731	0.00667	0.00738	0.00710	0.00785	0.11718	0.00540	0.00846	0.00707	0.00930	0.01006	0.01566	0.00972	0.13843	0.54864	0.00504	0.07861	0.00426	0.00217	0.00367
4	0.02624	0.09506	0.00874	0.00643	0.00774	0.00584	0.05334	0.00918	0.00799	0.12638	0.15958	0.01567	0.01330	0.04000	0.04385	0.36611	0.00381	0.00433	0.00279	0.00361
5	0.01085	0.85986	0.02126	0.00694	0.01041	0.01605	0.00694	0.01215	0.00824	0.00955	0.00564	0.00651	0.00521	0.00347	0.00260	0.00087	0.00434	0.00217	0.00174	0.00521
6	0.00500	0.00376	0.00463	0.00517	0.00580	0.00339	0.00359	0.00593	0.00860	0.01121	0.12201	0.54054	0.24255	0.01154	0.00503	0.00153	0.00222	0.01025	0.00385	0.00339
7	0.00941	0.01027	0.02129	0.12356	0.14800	0.01001	0.59021	0.01258	0.00934	0.01270	0.00799	0.01079	0.00610	0.00353	0.00458	0.00134	0.00634	0.00446	0.00201	0.00550
8	0.00661	0.00455	0.00586	0.00568	0.00627	0.00489	0.00399	0.02949	0.02943	0.03530	0.03957	0.02093	0.01313	0.39886	0.37281	0.00473	0.00684	0.00512	0.00257	0.00337
9	0.00596	0.00455	0.00668	0.00659	0.00723	0.00538	0.00509	0.00728	0.00646	0.00933	0.01071	0.01631	0.01021	0.08663	0.74107	0.00609	0.05426	0.00441	0.00217	0.00358
10	0.00648	0.00452	0.00511	0.00500	0.00533	0.00465	0.00310	0.03245	0.06675	0.00951	0.03549	0.05706	0.01563	0.69255	0.01754	0.00345	0.00378	0.02585	0.00277	0.00299
11	0.00721	0.00662	0.01150	0.00926	0.01086	0.02089	0.28401	0.00874	0.00807	0.01082	0.07435	0.13421	0.01526	0.32589	0.02469	0.00246	0.00474	0.03394	0.00268	0.00382
12	0.01313	0.04790	0.06230	0.00941	0.01203	0.19151	0.04632	0.23977	0.02212	0.13073	0.03223	0.04695	0.02855	0.00535	0.00498	0.00127	0.09264	0.00399	0.00318	0.00564
13	0.00918	0.03102	0.53660	0.01072	0.04226	0.11585	0.01189	0.01293	0.02907	0.03378	0.05101	0.01077	0.00779	0.03194	0.02715	0.00146	0.00573	0.00340	0.02192	0.00553
14	0.00640	0.00470	0.00565	0.00591	0.00661	0.00473	0.00413	0.08190	0.05759	0.01184	0.02039	0.51740	0.07389	0.13899	0.02238	0.00201	0.00300	0.02516	0.00359	0.00371
15	0.10392	0.02637	0.01132	0.02711	0.02693	0.20815	0.11527	0.11291	0.03333	0.05393	0.04726	0.07760	0.05059	0.00535	0.00415	0.00122	0.02274	0.00439	0.02340	0.04406
16	0.07259	0.15390	0.15066	0.00998	0.04856	0.09174	0.09163	0.09852	0.03511	0.08031	0.04290	0.04560	0.01997	0.00523	0.02053	0.00132	0.01947	0.00383	0.00268	0.00546

[dist]
# distance from previous block
# <min> <max>
6	22

[block]
# block no. 9 follows, 66 sequences, length 12
# corresponding to MSA columns:
# 328-339
name=unknown_J
#
# <colnr> <probs for GDERKNQSTAVLIFYWHMCP>
#	G	D	E	R	K	N	Q	S	T	A	V	L	I	F	Y	W	H	M	C	P
0	0.00942	0.02559	0.02702	0.10186	0.04793	0.14805	0.10503	0.05866	0.00988	0.04926	0.06079	0.17622	0.05916	0.00732	0.02392	0.00147	0.03103	0.03907	0.01369	0.00464
1	0.03934	0.00669	0.00670	0.00670	0.03878	0.09244	0.00474	0.06571	0.03071	0.05575	0.13195	0.19121	0.23449	0.05519	0.00538	0.00149	0.00316	0.00705	0.01834	0.00419
2	0.02271	0.00547	0.00656	0.00610	0.00727	0.00553	0.00456	0.08218	0.05680	0.11778	0.09267	0.03754	0.03888	0.32900	0.03621	0.00254	0.00378	0.13685	0.00347	0.00410
3	0.16037	0.00895	0.00993	0.00782	0.01084	0.00939	0.00643	0.33697	0.06610	0.32441	0.01183	0.01108	0.00800	0.00478	0.00381	0.00125	0.00379	0.00363	0.00416	0.00646
4	0.01160	0.01256	0.01307	0.01613	0.36643	0.30764	0.00949	0.05650	0.01023	0.01219	0.00843	0.01036	0.03044	0.00654	0.07672	0.00164	0.03895	0.00346	0.00221	0.00543
5	0.00622	0.00373	0.00511	0.00526	0.00542	0.00373	0.00349	0.00580	0.00634	0.00858	0.05932	0.17007	0.01446	0.20319	0.08801	0.39655	0.00396	0.00581	0.00248	0.00248
6	0.00555	0.00388	0.00500	0.00551	0.00610	0.00365	0.00387	0.00646	0.00815	0.03777	0.06473	0.53497	0.14595	0.04741	0.08097	0.00211	0.00318	0.02762	0.00365	0.00347
7	0.01221	0.00898	0.00974	0.00859	0.03267	0.06244	0.02141	0.11180	0.41377	0.17008	0.03289	0.03013	0.01134	0.00533	0.00406	0.00129	0.00366	0.00439	0.04904	0.00619
8	0.00571	0.00410	0.00495	0.00530	0.00616	0.00374	0.00379	0.00703	0.03554	0.04547	0.09175	0.44435	0.28791	0.01098	0.00495	0.00151	0.00233	0.02690	0.00389	0.00364
9	0.04084	0.00475	0.00571	0.00575	0.00686	0.00466	0.00444	0.03033	0.04995	0.04300	0.21679	0.18422	0.13387	0.03519	0.00520	0.00153	0.00265	0.15585	0.06446	0.00395
10	0.01166	0.06775	0.01398	0.10350	0.23576	0.36073	0.06125	0.01345	0.00983	0.01101	0.00716	0.00923	0.00598	0.00582	0.06449	0.00153	0.00647	0.00323	0.00202	0.00515
11	0.01058	0.05753	0.04711	0.01046	0.03117	0.16786	0.06025	0.04596	0.00877	0.04533	0.00847	0.02874	0.03087	0.00593	0.00797	0.00143	0.36685	0.03006	0.00227	0.03239

[dist]
# distance from previous block
# <min> <max>
14	26

[block]
# block no. 10 follows, 66 sequences, length 7
# corresponding to MSA columns:
# 374-380
name=unknown_K
#
# <colnr> <probs for GDERKNQSTAVLIFYWHMCP>
#	G	D	E	R	K	N	Q	S	T	A	V	L	I	F	Y	W	H	M	C	P
0	0.00858	0.00682	0.00933	0.00729	0.00996	0.00582	0.09264	0.05630	0.00935	0.06045	0.06938	0.17238	0.01283	0.03128	0.00439	0.00110	0.00336	0.00502	0.00302	0.43070
1	0.00819	0.00789	0.05464	0.00879	0.10425	0.00603	0.03707	0.01024	0.00886	0.01340	0.09702	0.04878	0.01044	0.00414	0.00352	0.00086	0.00338	0.00361	0.00259	0.56631
2	0.03544	0.01097	0.01472	0.01378	0.18300	0.09701	0.17436	0.24349	0.04215	0.09860	0.00930	0.01027	0.00689	0.00418	0.00408	0.00122	0.00509	0.00376	0.00302	0.03869
3	0.01111	0.00719	0.00836	0.00715	0.00937	0.00728	0.00568	0.19294	0.14801	0.18018	0.07465	0.12785	0.09494	0.00704	0.00437	0.00133	0.00324	0.04932	0.00411	0.05589
4	0.00789	0.00494	0.00627	0.00579	0.00739	0.00436	0.00458	0.00949	0.01016	0.14217	0.28524	0.09234	0.16302	0.00836	0.00465	0.00134	0.00263	0.13612	0.00404	0.09925
5	0.00784	0.01011	0.21962	0.00925	0.06885	0.02605	0.00815	0.06595	0.08928	0.01256	0.01315	0.10545	0.05743	0.04538	0.23936	0.00289	0.00623	0.00497	0.00264	0.00486
6	0.01175	0.04550	0.01342	0.01498	0.29834	0.24198	0.03679	0.10950	0.06887	0.01378	0.00957	0.01336	0.00834	0.00487	0.00407	0.00124	0.00529	0.09010	0.00260	0.00563

[dist]
# distance from previous block
# <min> <max>
0	1

[block]
# block no. 11 follows, 66 sequences, length 17
# corresponding to MSA columns:
# 382-398
name=unknown_L
#
# <colnr> <probs for GDERKNQSTAVLIFYWHMCP>
#	G	D	E	R	K	N	Q	S	T	A	V	L	I	F	Y	W	H	M	C	P
0	0.05007	0.01095	0.01012	0.02684	0.01131	0.17861	0.00671	0.29213	0.11649	0.08552	0.05171	0.03304	0.01928	0.02298	0.00427	0.00124	0.00444	0.00393	0.00349	0.06687
1	0.01054	0.00976	0.01581	0.03262	0.29071	0.02444	0.20176	0.13102	0.03913	0.03623	0.02343	0.04866	0.00805	0.00477	0.00536	0.00134	0.10367	0.00434	0.00257	0.00580
2	0.00605	0.00442	0.00562	0.00538	0.00566	0.00464	0.02472	0.00645	0.00631	0.00853	0.01364	0.05365	0.05073	0.61402	0.12679	0.00390	0.04825	0.00586	0.00248	0.00287
3	0.01005	0.00985	0.01583	0.07906	0.71491	0.04436	0.01205	0.01237	0.00915	0.01280	0.00747	0.00994	0.00627	0.00379	0.00433	0.00123	0.03481	0.00357	0.00199	0.00616
4	0.02845	0.00914	0.01036	0.00896	0.04476	0.02601	0.02102	0.36205	0.16556	0.12090	0.03923	0.06724	0.04818	0.00588	0.00421	0.00130	0.00386	0.02277	0.00398	0.00613
5	0.01240	0.01238	0.02998	0.09103	0.03957	0.31077	0.13371	0.04597	0.03646	0.12766	0.01005	0.06689	0.00839	0.02562	0.00465	0.00132	0.01632	0.01890	0.00275	0.00517
6	0.00571	0.00400	0.00497	0.00518	0.00548	0.00406	0.00343	0.00625	0.00669	0.00897	0.01587	0.16449	0.05489	0.47260	0.16914	0.00379	0.00486	0.05392	0.00276	0.00294
7	0.03400	0.01680	0.50328	0.01331	0.01846	0.00979	0.30056	0.03209	0.00913	0.01336	0.00762	0.00938	0.00552	0.00372	0.00415	0.00131	0.00618	0.00363	0.00191	0.00578
8	0.01059	0.04790	0.01629	0.04381	0.57425	0.04857	0.08117	0.05000	0.03448	0.03203	0.00811	0.01015	0.00659	0.00408	0.01358	0.00127	0.00508	0.00366	0.00223	0.00616
9	0.03062	0.02835	0.00968	0.00874	0.04062	0.36507	0.00646	0.12430	0.05513	0.05170	0.01036	0.02836	0.02615	0.03366	0.00421	0.00120	0.00498	0.00359	0.16183	0.00497
10	0.00626	0.00368	0.00504	0.00517	0.00543	0.00357	0.00349	0.00564	0.00654	0.00865	0.05944	0.15565	0.09926	0.08397	0.03488	0.49929	0.00332	0.00580	0.00252	0.00241
11	0.00500	0.00371	0.00451	0.00514	0.00569	0.00337	0.00351	0.00579	0.00811	0.01053	0.02683	0.58307	0.24269	0.04474	0.00562	0.00165	0.00232	0.01033	0.02407	0.00331
12	0.05087	0.00884	0.05851	0.00876	0.04407	0.05048	0.03133	0.13478	0.06254	0.18933	0.02025	0.05055	0.04018	0.06653	0.06144	0.03109	0.07745	0.00443	0.00329	0.00531
13	0.00748	0.00480	0.00566	0.00560	0.00673	0.02175	0.00422	0.00880	0.02063	0.11878	0.09954	0.17821	0.20979	0.11258	0.02062	0.00183	0.00300	0.11748	0.04858	0.00391
14	0.00514	0.00370	0.00481	0.00559	0.00596	0.00346	0.00385	0.00595	0.00800	0.01059	0.05305	0.66219	0.07719	0.06449	0.00613	0.00177	0.00252	0.06859	0.00371	0.00330
15	0.08541	0.01406	0.01168	0.09511	0.07334	0.38404	0.00823	0.23331	0.01256	0.01515	0.00734	0.00850	0.00572	0.00435	0.00396	0.00117	0.02503	0.00306	0.00262	0.00538
16	0.10514	0.00600	0.00671	0.02895	0.00794	0.05580	0.02176	0.06388	0.00837	0.01197	0.04207	0.28674	0.03441	0.11443	0.16278	0.02483	0.00485	0.00663	0.00298	0.00377

[dist]
# distance from previous block
# <min> <max>
1	2

[block]
# block no. 12 follows, 66 sequences, length 38
# corresponding to MSA columns:
# 401-438
name=unknown_M
#
# <colnr> <probs for GDERKNQSTAVLIFYWHMCP>
#	G	D	E	R	K	N	Q	S	T	A	V	L	I	F	Y	W	H	M	C	P
0	0.00507	0.00377	0.00475	0.00549	0.00598	0.00350	0.00377	0.00611	0.02719	0.01065	0.02534	0.68193	0.16093	0.01210	0.00510	0.00160	0.00235	0.02718	0.00377	0.00340
1	0.04181	0.01037	0.08112	0.00886	0.01176	0.02313	0.04311	0.34405	0.20362	0.01897	0.02488	0.10336	0.01051	0.00563	0.00411	0.00128	0.00406	0.00465	0.00359	0.05112
2	0.02822	0.05180	0.03023	0.00842	0.05965	0.05996	0.03963	0.09826	0.09527	0.09551	0.06390	0.16071	0.07739	0.06264	0.00529	0.00145	0.00373	0.00570	0.00338	0.04887
3	0.02483	0.08215	0.18049	0.00992	0.04142	0.03971	0.06544	0.19114	0.07555	0.17766	0.02061	0.01085	0.00777	0.00505	0.02352	0.00134	0.00480	0.00361	0.01104	0.02310
4	0.00942	0.01138	0.07284	0.01659	0.03579	0.01017	0.72115	0.01280	0.00939	0.01287	0.00824	0.02113	0.00633	0.00367	0.00495	0.00137	0.02970	0.00471	0.00204	0.00547
5	0.00651	0.00543	0.00684	0.00671	0.00744	0.06020	0.00513	0.00779	0.00678	0.00932	0.01057	0.01611	0.01009	0.10163	0.68866	0.00579	0.03485	0.00435	0.00218	0.00361
6	0.00996	0.00952	0.01631	0.05918	0.69353	0.00959	0.06497	0.04015	0.00951	0.01346	0.00811	0.03241	0.00692	0.00390	0.00410	0.00123	0.00490	0.00390	0.00212	0.00621
7	0.01169	0.00841	0.01001	0.00843	0.01088	0.00912	0.04795	0.18363	0.37699	0.13461	0.01481	0.06631	0.01165	0.00673	0.03611	0.00154	0.00391	0.02623	0.02488	0.00611
8	0.00644	0.00493	0.00554	0.00527	0.00663	0.00473	0.00396	0.00939	0.14337	0.04186	0.25569	0.07675	0.37479	0.03607	0.00519	0.00144	0.00233	0.00749	0.00402	0.00411
9	0.00497	0.00354	0.00470	0.00561	0.00584	0.00332	0.00372	0.00566	0.00771	0.01028	0.02206	0.82847	0.02645	0.03954	0.00567	0.00172	0.00240	0.01135	0.00372	0.00327
10	0.06540	0.00559	0.00712	0.00690	0.00814	0.00569	0.04409	0.05574	0.12094	0.06977	0.01860	0.51961	0.02001	0.00967	0.00471	0.00152	0.00297	0.02541	0.00375	0.00437
11	0.00503	0.00410	0.00447	0.00451	0.00572	0.00353	0.00339	0.00622	0.00952	0.01184	0.16792	0.09158	0.61431	0.01015	0.00485	0.00139	0.00212	0.04195	0.00388	0.00350
12	0.00562	0.00378	0.00500	0.00569	0.00615	0.00351	0.00393	0.00649	0.00825	0.04538	0.07564	0.70007	0.05038	0.02239	0.00530	0.00164	0.00243	0.04101	0.00385	0.00349
13	0.00911	0.04481	0.01278	0.01049	0.01069	0.03231	0.00877	0.01002	0.00642	0.00976	0.00536	0.00874	0.00532	0.00688	0.01264	0.00172	0.79447	0.00347	0.00178	0.00448
14	0.01018	0.00995	0.01617	0.04549	0.78023	0.04130	0.01225	0.01254	0.00930	0.01305	0.00757	0.00996	0.00635	0.00365	0.00400	0.00120	0.00493	0.00358	0.00201	0.00631
15	0.00821	0.00729	0.01221	0.77971	0.05781	0.00890	0.01108	0.01086	0.00831	0.04639	0.00761	0.01092	0.00565	0.00408	0.00406	0.00134	0.00530	0.00363	0.00195	0.00468
16	0.00500	0.00408	0.00444	0.00452	0.00571	0.00352	0.00339	0.00615	0.00940	0.01163	0.13972	0.11426	0.62008	0.01029	0.00486	0.00140	0.00214	0.04207	0.00386	0.00348
17	0.00529	0.00439	0.00467	0.00465	0.00594	0.00393	0.00347	0.00713	0.06709	0.01194	0.12759	0.10945	0.61026	0.00993	0.00478	0.00138	0.00215	0.00841	0.00387	0.00367
18	0.00823	0.00701	0.00821	0.00597	0.00939	0.00530	0.00475	0.01000	0.00850	0.01324	0.03460	0.03274	0.00765	0.00345	0.00312	0.00065	0.00295	0.00282	0.00251	0.82892
19	0.00771	0.00684	0.00814	0.05606	0.00892	0.07994	0.00583	0.00850	0.00688	0.01932	0.00995	0.03689	0.02129	0.23822	0.21002	0.04308	0.22202	0.00456	0.00220	0.00361
20	0.00594	0.00412	0.00517	0.00561	0.00599	0.00407	0.00402	0.00671	0.00746	0.00985	0.03368	0.15811	0.03315	0.42461	0.01286	0.00282	0.00356	0.26610	0.00313	0.00304
21	0.08320	0.01109	0.06675	0.01058	0.04332	0.12786	0.12118	0.10482	0.02229	0.14148	0.04109	0.01095	0.01819	0.00496	0.00564	0.00132	0.15585	0.00374	0.00286	0.02282
22	0.01128	0.06406	0.01597	0.02614	0.07553	0.22287	0.27762	0.03464	0.16778	0.02109	0.03632	0.01112	0.00819	0.00426	0.00414	0.00124	0.00568	0.00398	0.00259	0.00549
23	0.00921	0.00743	0.00951	0.00683	0.01043	0.00577	0.05836	0.01110	0.00872	0.07367	0.00792	0.00898	0.00632	0.00318	0.00320	0.00070	0.00329	0.00268	0.00257	0.76012
24	0.01082	0.00936	0.01392	0.01094	0.01393	0.00985	0.25913	0.05521	0.45509	0.08317	0.01344	0.01338	0.00991	0.00475	0.00431	0.00135	0.00442	0.00453	0.00353	0.01897
25	0.03632	0.00953	0.01426	0.11521	0.41519	0.04686	0.07501	0.09769	0.04971	0.02361	0.00879	0.02419	0.00729	0.04127	0.00476	0.00136	0.00486	0.00390	0.01440	0.00578
26	0.00497	0.00356	0.00469	0.00558	0.00582	0.00332	0.00371	0.00566	0.00773	0.01028	0.02235	0.81027	0.04076	0.04318	0.00573	0.00173	0.00241	0.01128	0.00372	0.00327
27	0.00647	0.00464	0.00645	0.00737	0.00829	0.00462	0.00641	0.00830	0.00931	0.01208	0.02191	0.06156	0.04034	0.01122	0.00558	0.00185	0.00367	0.77248	0.00374	0.00372
28	0.01085	0.85986	0.02126	0.00694	0.01041	0.01605	0.00694	0.01215	0.00824	0.00955	0.00564	0.00651	0.00521	0.00347	0.00260	0.00087	0.00434	0.00217	0.00174	0.00521
29	0.00590	0.00393	0.00442	0.00442	0.00442	0.00393	0.00246	0.00590	0.00590	0.00787	0.01278	0.02655	0.01475	0.85742	0.02065	0.00393	0.00393	0.00590	0.00246	0.00246
30	0.00501	0.00358	0.00478	0.00569	0.00596	0.00335	0.00385	0.00579	0.00792	0.01057	0.04486	0.80784	0.02705	0.01254	0.00518	0.00164	0.00238	0.03489	0.00378	0.00332
31	0.01032	0.00883	0.00930	0.00830	0.01064	0.01020	0.00648	0.05627	0.78969	0.01735	0.01622	0.01490	0.01215	0.00548	0.00413	0.00137	0.00327	0.00455	0.00413	0.00644
32	0.01130	0.71714	0.07397	0.00741	0.01097	0.04960	0.00745	0.01283	0.00861	0.06016	0.00641	0.00712	0.00550	0.00362	0.00282	0.00093	0.00452	0.00236	0.00195	0.00534
33	0.01424	0.00942	0.01031	0.00812	0.01094	0.01017	0.00664	0.53342	0.06946	0.13329	0.01157	0.01148	0.00822	0.00491	0.00388	0.00119	0.00385	0.00379	0.13871	0.00639
34	0.00584	0.00433	0.00645	0.00645	0.00718	0.00504	0.00502	0.00730	0.00657	0.00956	0.01093	0.01592	0.01015	0.02979	0.82049	0.00638	0.01064	0.00433	0.02400	0.00363
35	0.01169	0.48151	0.10943	0.00849	0.01181	0.22563	0.00806	0.03042	0.05917	0.01080	0.00673	0.00754	0.00568	0.00385	0.00314	0.00100	0.00522	0.00255	0.00202	0.00528
36	0.00792	0.00656	0.00772	0.00718	0.00847	0.08553	0.06226	0.00982	0.06284	0.07898	0.10714	0.34867	0.12753	0.00910	0.00507	0.00145	0.03538	0.02057	0.00361	0.00421
37	0.47040	0.03518	0.07358	0.00841	0.03298	0.04818	0.09674	0.08233	0.05219	0.01681	0.02712	0.00930	0.02318	0.00417	0.00328	0.00125	0.00411	0.00311	0.00263	0.00502

[dist]
# distance from previous block
# <min> <max>
1	19

[block]
# block no. 13 follows, 66 sequences, length 34
# corresponding to MSA columns:
# 458-491
name=unknown_N
#
# <colnr> <probs for GDERKNQSTAVLIFYWHMCP>
#	G	D	E	R	K	N	Q	S	T	A	V	L	I	F	Y	W	H	M	C	P
0	0.00857	0.00635	0.00696	0.00617	0.00787	0.03530	0.00478	0.13821	0.05601	0.07080	0.26910	0.05985	0.20538	0.04080	0.00515	0.00140	0.00292	0.03650	0.00397	0.03388
1	0.00570	0.00450	0.00520	0.00507	0.00626	0.00419	0.00382	0.00799	0.07983	0.01368	0.36608	0.08850	0.35438	0.00923	0.00478	0.00136	0.00216	0.02933	0.00409	0.00385
2	0.01153	0.00885	0.01070	0.00856	0.05036	0.00838	0.04062	0.30280	0.01251	0.05855	0.00884	0.00958	0.00671	0.00389	0.00356	0.00093	0.00376	0.00315	0.03414	0.41258
3	0.00487	0.00394	0.00434	0.00460	0.00562	0.00340	0.00331	0.00584	0.00890	0.01098	0.06532	0.27860	0.56427	0.01092	0.00491	0.00145	0.00214	0.00939	0.00379	0.00340
4	0.00494	0.00353	0.00471	0.00565	0.00588	0.00330	0.00377	0.00565	0.00777	0.01036	0.02236	0.85477	0.02683	0.01271	0.00518	0.00165	0.00235	0.01153	0.00377	0.00330
5	0.01751	0.00802	0.01011	0.00775	0.01091	0.00762	0.00640	0.21951	0.01348	0.63255	0.01444	0.01279	0.00926	0.00498	0.00407	0.00125	0.00371	0.00397	0.00478	0.00690
6	0.00494	0.00353	0.00471	0.00565	0.00588	0.00330	0.00377	0.00565	0.00777	0.01036	0.02236	0.85477	0.02683	0.01271	0.00518	0.00165	0.00235	0.01153	0.00377	0.00330
7	0.01516	0.01934	0.01150	0.01045	0.01254	0.84113	0.00784	0.01620	0.01150	0.00993	0.00627	0.00732	0.00523	0.00418	0.00366	0.00105	0.00732	0.00261	0.00209	0.00470
8	0.65786	0.00864	0.00751	0.00632	0.00902	0.00983	0.00521	0.20086	0.00988	0.04301	0.00690	0.00753	0.00514	0.00406	0.00292	0.00125	0.00346	0.00259	0.00294	0.00505
9	0.00494	0.00353	0.00471	0.00565	0.00588	0.00330	0.00377	0.00565	0.00777	0.01036	0.02236	0.85477	0.02683	0.01271	0.00518	0.00165	0.00235	0.01153	0.00377	0.00330
10	0.00604	0.00395	0.00490	0.00490	0.00503	0.00407	0.00305	0.00604	0.00592	0.00801	0.01164	0.02273	0.01287	0.59702	0.15967	0.12892	0.00506	0.00530	0.00231	0.00256
11	0.02433	0.05837	0.66569	0.01090	0.01616	0.06315	0.01331	0.04980	0.00912	0.01307	0.00734	0.00866	0.00538	0.00479	0.03175	0.00142	0.00605	0.00300	0.00188	0.00581
12	0.00494	0.00353	0.00471	0.00565	0.00588	0.00330	0.00377	0.00565	0.00777	0.01036	0.02236	0.85477	0.02683	0.01271	0.00518	0.00165	0.00235	0.01153	0.00377	0.00330
13	0.00623	0.00456	0.00610	0.00685	0.00786	0.00444	0.00590	0.00795	0.00937	0.01202	0.04064	0.04432	0.16125	0.01099	0.00545	0.00177	0.00341	0.65345	0.00376	0.00368
