[name]
unknown

[dist]
# distance from previous block
# <min> <max>
0	195

[block]
# block no. 0 follows, 61 sequences, length 36
# corresponding to MSA columns:
# 213-248
name=unknown_A
#
# <colnr> <probs for GDERKNQSTAVLIFYWHMCP>
#	G	D	E	R	K	N	Q	S	T	A	V	L	I	F	Y	W	H	M	C	P
0	0.07049	0.06684	0.04791	0.04908	0.03698	0.02439	0.02514	0.13327	0.08990	0.04571	0.04840	0.07181	0.02446	0.06333	0.03555	0.00165	0.00435	0.01871	0.00321	0.13882
1	0.01031	0.02424	0.04050	0.17201	0.03487	0.03629	0.03122	0.12026	0.10057	0.04791	0.05817	0.04244	0.02668	0.03707	0.00542	0.00139	0.05182	0.00443	0.00308	0.15131
2	0.21778	0.00925	0.01140	0.15922	0.12571	0.05697	0.04782	0.06554	0.07277	0.09163	0.01028	0.03728	0.01998	0.00546	0.02441	0.00148	0.00475	0.00393	0.00295	0.03140
3	0.02380	0.00956	0.02300	0.17814	0.04564	0.06618	0.03359	0.16166	0.01109	0.01501	0.01177	0.01341	0.09034	0.00607	0.03116	0.00143	0.08349	0.00407	0.00277	0.18782
4	0.72547	0.00886	0.00738	0.02691	0.00952	0.04220	0.02035	0.04478	0.00820	0.01862	0.00684	0.03135	0.00559	0.00432	0.00296	0.00132	0.00367	0.00279	0.00272	0.02615
5	0.00530	0.00445	0.00475	0.02836	0.00659	0.00387	0.00366	0.00644	0.00967	0.01164	0.05465	0.06693	0.70424	0.03719	0.00564	0.00157	0.00241	0.03506	0.00391	0.00365
6	0.03143	0.18150	0.04012	0.04941	0.01375	0.40345	0.03734	0.07551	0.01134	0.03112	0.00722	0.00842	0.00588	0.00432	0.00400	0.00113	0.03023	0.00295	0.00237	0.05850
7	0.02826	0.00793	0.00957	0.00793	0.01067	0.00797	0.00643	0.12112	0.19688	0.38416	0.06141	0.01836	0.04525	0.00670	0.01977	0.00150	0.00376	0.05103	0.00472	0.00658
8	0.00572	0.00435	0.00506	0.00499	0.00601	0.00392	0.00363	0.00704	0.01018	0.01339	0.34290	0.06229	0.34491	0.13299	0.00759	0.00184	0.00248	0.03295	0.00409	0.00366
9	0.00942	0.01229	0.16027	0.01388	0.01689	0.01113	0.33719	0.01245	0.02839	0.01252	0.00860	0.01158	0.02318	0.02289	0.02073	0.00172	0.28491	0.00441	0.00212	0.00543
10	0.00587	0.00468	0.00529	0.00509	0.00641	0.00426	0.00383	0.00804	0.06059	0.01443	0.37242	0.03593	0.43817	0.00970	0.00504	0.00141	0.00219	0.00828	0.00434	0.00402
11	0.01503	0.12627	0.01414	0.01086	0.01342	0.63131	0.04843	0.04127	0.03965	0.01143	0.00717	0.00822	0.00591	0.00437	0.00383	0.00112	0.00709	0.00294	0.00231	0.00524
12	0.09684	0.01039	0.01332	0.03914	0.04152	0.05333	0.12569	0.26483	0.02992	0.26434	0.01149	0.01156	0.00792	0.00478	0.00425	0.00133	0.00484	0.00401	0.00388	0.00662
13	0.01933	0.00733	0.01000	0.00766	0.01100	0.00633	0.00633	0.02099	0.01233	0.82473	0.01699	0.01466	0.01066	0.00533	0.00433	0.00133	0.00367	0.00433	0.00533	0.00733
14	0.00813	0.00766	0.01292	0.83826	0.02967	0.00957	0.01196	0.01101	0.00861	0.01101	0.00766	0.01148	0.00574	0.00431	0.00431	0.00144	0.00574	0.00383	0.00191	0.00479
15	0.00909	0.03711	0.68252	0.01343	0.06328	0.02710	0.08080	0.01369	0.00928	0.01355	0.00778	0.00932	0.00563	0.00404	0.00415	0.00135	0.00636	0.00335	0.00187	0.00630
16	0.00820	0.00520	0.00722	0.00757	0.00886	0.00499	0.01942	0.00998	0.01005	0.11027	0.03587	0.09775	0.08202	0.02778	0.00595	0.00188	0.00372	0.54484	0.00409	0.00432
17	0.00857	0.00727	0.00960	0.00842	0.00895	0.00906	0.00663	0.04134	0.03443	0.03093	0.19969	0.01880	0.01626	0.17134	0.01259	0.00216	0.40138	0.00525	0.00295	0.00438
18	0.01363	0.00949	0.03297	0.08316	0.05222	0.04143	0.19682	0.08923	0.01161	0.30584	0.01298	0.04103	0.00987	0.01800	0.01692	0.00153	0.00519	0.04825	0.00364	0.00618
19	0.00829	0.00717	0.01127	0.15265	0.09477	0.01997	0.11447	0.06983	0.00999	0.02456	0.03435	0.32862	0.03241	0.00848	0.00500	0.00156	0.00431	0.06429	0.00324	0.00478
20	0.01016	0.00893	0.01032	0.00917	0.01087	0.01079	0.00727	0.05284	0.50315	0.01607	0.04138	0.06452	0.01287	0.00679	0.00689	0.00157	0.21154	0.00509	0.00375	0.00603
21	0.00875	0.00681	0.00825	0.00734	0.00921	0.00712	0.03710	0.01485	0.33964	0.06056	0.32128	0.05177	0.09429	0.00754	0.00477	0.00142	0.00292	0.00656	0.00444	0.00538
22	0.04981	0.01051	0.01491	0.36496	0.06414	0.09752	0.15007	0.11504	0.01081	0.03827	0.00824	0.01074	0.00622	0.00442	0.00468	0.00139	0.03646	0.00389	0.00245	0.00549
23	0.17891	0.02855	0.01046	0.00798	0.01120	0.02493	0.00660	0.23931	0.01353	0.41663	0.01263	0.01171	0.00839	0.00498	0.00397	0.00131	0.00400	0.00375	0.00441	0.00674
24	0.00813	0.00766	0.01292	0.83826	0.02967	0.00957	0.01196	0.01101	0.00861	0.01101	0.00766	0.01148	0.00574	0.00431	0.00431	0.00144	0.00574	0.00383	0.00191	0.00479
25	0.00886	0.05227	0.01013	0.16080	0.01314	0.12933	0.05678	0.01041	0.00955	0.04630	0.04784	0.15073	0.17781	0.05684	0.00597	0.00159	0.03151	0.02266	0.00306	0.00442
26	0.00910	0.00798	0.00898	0.00657	0.01027	0.03179	0.00526	0.01099	0.00906	0.01389	0.00806	0.01004	0.00689	0.00348	0.00329	0.00069	0.00336	0.02536	0.00258	0.82234
27	0.10172	0.00907	0.01217	0.10255	0.01444	0.05626	0.14912	0.04685	0.04138	0.07247	0.06274	0.01332	0.02576	0.00463	0.00404	0.00118	0.00452	0.02343	0.00296	0.25138
28	0.07808	0.03636	0.01191	0.14106	0.06382	0.10496	0.04713	0.09621	0.07039	0.10234	0.03142	0.04194	0.03358	0.00553	0.00475	0.00136	0.05049	0.03071	0.00313	0.04482
29	0.05232	0.00883	0.02294	0.04561	0.05467	0.02343	0.09840	0.12375	0.06790	0.12167	0.02986	0.06164	0.04923	0.02740	0.00488	0.00135	0.01743	0.02250	0.00341	0.16278
30	0.07686	0.02235	0.02882	0.11339	0.06213	0.04360	0.15709	0.07926	0.09237	0.08632	0.02413	0.04848	0.03448	0.00498	0.00425	0.00130	0.00478	0.00447	0.00307	0.10790
31	0.07175	0.02015	0.03686	0.04512	0.01442	0.05196	0.10399	0.13871	0.09464	0.13063	0.08834	0.02794	0.01341	0.00657	0.00522	0.00165	0.01743	0.02983	0.00417	0.09721
32	0.02438	0.00989	0.01225	0.09658	0.03066	0.08459	0.10281	0.11644	0.13159	0.05475	0.01181	0.03465	0.02209	0.00528	0.00452	0.00128	0.02525	0.05334	0.00317	0.17468
33	0.04163	0.03449	0.02274	0.08638	0.01374	0.14274	0.08692	0.12778	0.02845	0.10416	0.06537	0.02568	0.06099	0.00569	0.00433	0.00130	0.00485	0.05532	0.00331	0.08411
34	0.06300	0.02399	0.05767	0.02248	0.05582	0.05933	0.05013	0.09348	0.20234	0.04936	0.03429	0.08694	0.03681	0.04851	0.00530	0.00148	0.01776	0.00497	0.00338	0.08295
35	0.01188	0.05662	0.03840	0.03413	0.05823	0.08982	0.08603	0.15431	0.15275	0.07334	0.02305	0.06432	0.03094	0.00643	0.03078	0.00151	0.03406	0.00465	0.00333	0.04542

[dist]
# distance from previous block
# <min> <max>
8	85

[block]
# block no. 1 follows, 61 sequences, length 33
# corresponding to MSA columns:
# 349-368,373-385
name=unknown_B
#
# <colnr> <probs for GDERKNQSTAVLIFYWHMCP>
#	G	D	E	R	K	N	Q	S	T	A	V	L	I	F	Y	W	H	M	C	P
0	0.05527	0.02922	0.10587	0.01126	0.06557	0.35501	0.02903	0.13311	0.01212	0.03757	0.02124	0.00928	0.00668	0.00445	0.00412	0.00117	0.02262	0.00321	0.00265	0.09055
1	0.00916	0.00641	0.00720	0.00580	0.00823	0.00578	0.00457	0.04574	0.04308	0.03134	0.01103	0.01245	0.00875	0.00433	0.00355	0.00091	0.02720	0.00340	0.37232	0.38877
2	0.01408	0.05147	0.03306	0.04128	0.13891	0.47352	0.02809	0.08324	0.05868	0.01308	0.00789	0.00916	0.00637	0.00448	0.00417	0.00120	0.01998	0.00325	0.00247	0.00564
3	0.01581	0.01969	0.01228	0.01106	0.01323	0.76168	0.00837	0.04990	0.01230	0.01123	0.00677	0.00795	0.00563	0.00460	0.00435	0.00115	0.04377	0.00286	0.00229	0.00508
4	0.00893	0.00766	0.00893	0.00638	0.01021	0.00574	0.00510	0.01085	0.00893	0.01404	0.00766	0.00893	0.00638	0.00319	0.00319	0.00064	0.00319	0.00255	0.00255	0.87495
5	0.01125	0.01061	0.01702	0.01285	0.02783	0.06230	0.36193	0.11795	0.01137	0.05818	0.03334	0.05302	0.00883	0.00466	0.00480	0.00128	0.03102	0.00465	0.00285	0.16426
6	0.00803	0.00401	0.00401	0.00401	0.00502	0.00401	0.00301	0.01004	0.00903	0.01606	0.01405	0.01606	0.01104	0.00502	0.00301	0.00100	0.00201	0.00401	0.87253	0.00401
7	0.06804	0.13235	0.04923	0.00929	0.04387	0.00938	0.07326	0.06509	0.07185	0.29579	0.02167	0.02130	0.00920	0.00482	0.00397	0.00124	0.00419	0.01381	0.02902	0.07264
8	0.01078	0.05777	0.01445	0.02623	0.01280	0.08207	0.07057	0.09061	0.00887	0.01231	0.00659	0.00956	0.00596	0.00686	0.02372	0.00174	0.54809	0.00373	0.00218	0.00511
9	0.00803	0.00401	0.00401	0.00401	0.00502	0.00401	0.00301	0.01004	0.00903	0.01606	0.01405	0.01606	0.01104	0.00502	0.00301	0.00100	0.00201	0.00401	0.87253	0.00401
10	0.77799	0.00900	0.03185	0.00619	0.00904	0.00987	0.00528	0.06768	0.00836	0.03373	0.00654	0.00743	0.00498	0.00411	0.00285	0.00133	0.00353	0.00250	0.00280	0.00495
11	0.02674	0.00965	0.01390	0.08593	0.05119	0.01016	0.16879	0.17032	0.22352	0.13350	0.02736	0.01411	0.03432	0.00514	0.00450	0.00139	0.00470	0.00464	0.00370	0.00642
12	0.00628	0.00479	0.00583	0.00557	0.00678	0.00452	0.00424	0.00890	0.07249	0.01604	0.57319	0.03345	0.19141	0.00912	0.00507	0.00141	0.00225	0.03995	0.00454	0.00419
13	0.00515	0.00437	0.00444	0.00442	0.00585	0.00366	0.00332	0.00629	0.00995	0.01194	0.08531	0.04096	0.77814	0.01080	0.00509	0.00145	0.00217	0.00902	0.00404	0.00366
14	0.00567	0.00478	0.00496	0.00484	0.00634	0.00428	0.00365	0.00780	0.07851	0.01274	0.11908	0.03837	0.67329	0.01027	0.00503	0.00145	0.00227	0.00860	0.00411	0.00395
15	0.00893	0.00766	0.00893	0.00638	0.01021	0.00574	0.00510	0.01085	0.00893	0.01404	0.00766	0.00893	0.00638	0.00319	0.00319	0.00064	0.00319	0.00255	0.00255	0.87495
16	0.05341	0.00972	0.01124	0.00870	0.01200	0.01001	0.00716	0.42366	0.01610	0.36473	0.01327	0.02979	0.00908	0.00537	0.00428	0.00132	0.00418	0.00418	0.00467	0.00714
17	0.00893	0.00766	0.00893	0.00638	0.01021	0.00574	0.00510	0.01085	0.00893	0.01404	0.00766	0.00893	0.00638	0.00319	0.00319	0.00064	0.00319	0.00255	0.00255	0.87495
18	0.00966	0.00815	0.01325	0.11595	0.24885	0.00824	0.10846	0.04928	0.04593	0.06517	0.24956	0.01816	0.02908	0.00568	0.00464	0.00136	0.00433	0.00531	0.00331	0.00564
19	0.01867	0.00838	0.01065	0.00816	0.01152	0.00789	0.00674	0.19536	0.01409	0.64788	0.01552	0.01370	0.00992	0.00530	0.00433	0.00132	0.00390	0.00423	0.00510	0.00733
20	0.01308	0.01029	0.01129	0.06625	0.01324	0.01164	0.00766	0.40005	0.34196	0.02154	0.01322	0.01349	0.00993	0.04031	0.00507	0.00149	0.00424	0.00438	0.00410	0.00675
21	0.00575	0.00407	0.00523	0.00580	0.00613	0.00401	0.00393	0.00647	0.00770	0.01028	0.02011	0.43517	0.05050	0.25710	0.10021	0.00302	0.00406	0.06374	0.00341	0.00332
22	0.00898	0.00770	0.00895	0.00644	0.01023	0.00587	0.00515	0.01115	0.02942	0.01414	0.00791	0.00911	0.00655	0.00326	0.00322	0.00066	0.00320	0.00261	0.00260	0.85285
23	0.00716	0.00453	0.00545	0.00542	0.00653	0.00404	0.00388	0.00819	0.00949	0.11294	0.11432	0.27933	0.29963	0.11041	0.00712	0.00184	0.00268	0.00898	0.00408	0.00398
24	0.00968	0.01426	0.28676	0.05941	0.13848	0.04534	0.20705	0.02620	0.03098	0.02671	0.03420	0.03763	0.03604	0.00479	0.00470	0.00139	0.02362	0.00447	0.00237	0.00591
25	0.01106	0.70958	0.14063	0.00835	0.01244	0.01586	0.02759	0.01303	0.00884	0.01074	0.00631	0.00734	0.00554	0.00374	0.00301	0.00100	0.00493	0.00250	0.00185	0.00566
26	0.01250	0.05526	0.02364	0.05541	0.11581	0.13664	0.02148	0.10018	0.26361	0.08355	0.02414	0.01256	0.00948	0.00506	0.00442	0.00132	0.02707	0.00404	0.03760	0.00623
27	0.00893	0.00766	0.00893	0.00638	0.01021	0.00574	0.00510	0.01085	0.00893	0.01404	0.00766	0.00893	0.00638	0.00319	0.00319	0.00064	0.00319	0.00255	0.00255	0.87495
28	0.01591	0.01202	0.03319	0.00995	0.01342	0.01284	0.02177	0.73603	0.01942	0.04586	0.02950	0.01095	0.00813	0.00521	0.00434	0.00130	0.00473	0.00398	0.00425	0.00720
29	0.00526	0.00439	0.00459	0.00460	0.00600	0.00373	0.00349	0.00646	0.01003	0.01218	0.10982	0.04095	0.71935	0.01077	0.00513	0.00147	0.00224	0.04178	0.00406	0.00369
30	0.01292	0.01010	0.01197	0.01082	0.08471	0.01105	0.04230	0.35436	0.27330	0.04070	0.01384	0.03051	0.03009	0.00551	0.00434	0.00135	0.00418	0.00457	0.04665	0.00672
31	0.00549	0.00438	0.00492	0.00478	0.00606	0.00381	0.00359	0.00695	0.01076	0.01387	0.35090	0.03778	0.51134	0.01008	0.00509	0.00142	0.00212	0.00858	0.00429	0.00381
32	0.18559	0.06931	0.07186	0.01004	0.04405	0.39026	0.00802	0.05165	0.01066	0.03311	0.00802	0.05778	0.00698	0.00494	0.00404	0.00124	0.03132	0.00341	0.00252	0.00521

[dist]
# distance from previous block
# <min> <max>
0	2

[block]
# block no. 2 follows, 61 sequences, length 21
# corresponding to MSA columns:
# 388-391,393-409
name=unknown_C
#
# <colnr> <probs for GDERKNQSTAVLIFYWHMCP>
#	G	D	E	R	K	N	Q	S	T	A	V	L	I	F	Y	W	H	M	C	P
0	0.03516	0.39285	0.09972	0.03035	0.03806	0.23023	0.03539	0.02628	0.05373	0.01178	0.00723	0.00829	0.00602	0.00409	0.00346	0.00110	0.00566	0.00286	0.00216	0.00558
1	0.00743	0.00376	0.00557	0.00557	0.00557	0.00376	0.00369	0.00564	0.00564	0.00752	0.00776	0.01379	0.00786	0.05367	0.01707	0.83426	0.00376	0.00386	0.00190	0.00190
2	0.01086	0.03370	0.18092	0.04700	0.12405	0.01021	0.00968	0.19545	0.17362	0.01772	0.06704	0.01329	0.01056	0.00598	0.03186	0.00151	0.00479	0.00419	0.05131	0.00628
3	0.00533	0.00437	0.00470	0.00462	0.00597	0.00374	0.00346	0.00665	0.01039	0.01298	0.22885	0.03924	0.63394	0.01041	0.00509	0.00143	0.00215	0.00878	0.00418	0.00374
4	0.00910	0.00680	0.00803	0.00727	0.00871	0.00758	0.00551	0.17684	0.14373	0.01480	0.01316	0.04309	0.01201	0.18920	0.30146	0.00392	0.00665	0.00506	0.03227	0.00481
5	0.01143	0.00943	0.01010	0.02675	0.01169	0.01080	0.00700	0.15787	0.61820	0.01922	0.01615	0.03648	0.01232	0.00587	0.00436	0.00143	0.00363	0.00485	0.02571	0.00671
6	0.01028	0.00890	0.01280	0.17390	0.06029	0.03601	0.13684	0.07421	0.18738	0.06496	0.01585	0.03875	0.09068	0.00608	0.00466	0.00146	0.00474	0.06322	0.00332	0.00566
7	0.00998	0.00954	0.01625	0.24612	0.60741	0.01005	0.01288	0.01262	0.00948	0.01324	0.00798	0.01088	0.00653	0.00396	0.00428	0.00132	0.00529	0.00384	0.00207	0.00627
8	0.12456	0.01022	0.01398	0.15101	0.38880	0.09472	0.03498	0.01262	0.00930	0.01353	0.00851	0.06347	0.00756	0.00478	0.00458	0.00136	0.04395	0.00410	0.00229	0.00568
9	0.00932	0.00794	0.00913	0.00670	0.01039	0.00642	0.00535	0.03671	0.08062	0.01480	0.00861	0.00961	0.00701	0.00349	0.00333	0.00073	0.00326	0.00280	0.00277	0.77101
10	0.00509	0.00436	0.00436	0.00436	0.00582	0.00364	0.00327	0.00618	0.00982	0.01164	0.04364	0.04146	0.82000	0.01091	0.00509	0.00145	0.00218	0.00909	0.00400	0.00364
11	0.00529	0.00377	0.00499	0.00595	0.00619	0.00353	0.00394	0.00601	0.00817	0.01089	0.02334	0.81323	0.02798	0.04677	0.00615	0.00185	0.00257	0.01201	0.00394	0.00346
12	0.01578	0.01803	0.01231	0.01131	0.04541	0.62793	0.00834	0.13987	0.01328	0.03829	0.00798	0.02667	0.00653	0.00475	0.00401	0.00117	0.00695	0.00324	0.00268	0.00547
13	0.01706	0.01050	0.01190	0.00918	0.01255	0.01109	0.00756	0.53451	0.04954	0.27174	0.01267	0.01190	0.00858	0.00525	0.00432	0.00131	0.00436	0.00406	0.00463	0.00731
14	0.01070	0.09816	0.07273	0.02440	0.04919	0.05522	0.35813	0.03171	0.09833	0.04925	0.05996	0.03449	0.00991	0.00465	0.00451	0.00134	0.00568	0.00470	0.00275	0.02419
15	0.00884	0.06084	0.75427	0.01230	0.01845	0.01037	0.04926	0.01361	0.00912	0.01348	0.00769	0.00910	0.00551	0.00405	0.00407	0.00135	0.00632	0.00322	0.00184	0.00630
16	0.00553	0.00430	0.00500	0.00546	0.00629	0.00396	0.00384	0.00694	0.04672	0.01148	0.03076	0.42820	0.33981	0.05604	0.00616	0.00175	0.00254	0.02761	0.00394	0.00367
17	0.01052	0.49691	0.31817	0.00947	0.01409	0.03163	0.02394	0.01348	0.02535	0.01166	0.00692	0.00800	0.00567	0.00389	0.00335	0.00111	0.00534	0.00274	0.00190	0.00586
18	0.02389	0.22116	0.14874	0.03576	0.01366	0.05110	0.09984	0.01291	0.02526	0.07445	0.01885	0.01239	0.04089	0.00763	0.08380	0.00186	0.10330	0.01665	0.00243	0.00543
19	0.00658	0.00476	0.04399	0.00606	0.00650	0.00415	0.00442	0.00641	0.00687	0.00927	0.01402	0.27603	0.01568	0.12865	0.06197	0.36882	0.00401	0.02623	0.00271	0.00286
20	0.03581	0.06602	0.51049	0.01053	0.01546	0.04672	0.01221	0.03249	0.06985	0.08863	0.04469	0.01166	0.02741	0.00471	0.00408	0.00133	0.00545	0.00367	0.00261	0.00619

[dist]
# distance from previous block
# <min> <max>
5	8

[block]
# block no. 3 follows, 61 sequences, length 16
# corresponding to MSA columns:
# 419-434
name=unknown_D
#
# <colnr> <probs for GDERKNQSTAVLIFYWHMCP>
#	G	D	E	R	K	N	Q	S	T	A	V	L	I	F	Y	W	H	M	C	P
0	0.01055	0.00801	0.00927	0.00716	0.01055	0.00705	0.00572	0.03275	0.18601	0.10122	0.01124	0.01209	0.00878	0.00425	0.00366	0.00094	0.00334	0.02228	0.00332	0.55180
1	0.00548	0.00402	0.00517	0.00583	0.00641	0.00371	0.00412	0.00656	0.00918	0.01218	0.14841	0.55785	0.13504	0.01232	0.00541	0.00167	0.00249	0.06642	0.00411	0.00364
2	0.00893	0.00766	0.00893	0.00638	0.01021	0.00574	0.00510	0.01085	0.00893	0.01404	0.00766	0.00893	0.00638	0.00319	0.00319	0.00064	0.00319	0.00255	0.00255	0.87495
3	0.00864	0.02228	0.82630	0.01228	0.01864	0.01000	0.01592	0.01364	0.00909	0.01364	0.00773	0.00909	0.00546	0.00409	0.00409	0.00136	0.00637	0.00318	0.00182	0.00637
4	0.00694	0.00496	0.00694	0.00793	0.00892	0.00496	0.00694	0.00892	0.00992	0.01289	0.02281	0.04859	0.02479	0.01190	0.00595	0.00198	0.00397	0.79275	0.00397	0.00397
5	0.00554	0.00475	0.00479	0.00471	0.00625	0.00420	0.00355	0.00751	0.07379	0.01214	0.04156	0.03944	0.75581	0.01051	0.00503	0.00146	0.00228	0.00876	0.00403	0.00389
6	0.00626	0.00418	0.00470	0.00470	0.00470	0.00418	0.00261	0.00626	0.00626	0.00835	0.01357	0.02819	0.01566	0.84862	0.02192	0.00418	0.00418	0.00626	0.00261	0.00261
7	0.87904	0.00833	0.00633	0.00566	0.00833	0.00966	0.00467	0.01266	0.00733	0.01933	0.00600	0.00700	0.00467	0.00400	0.00267	0.00133	0.00333	0.00233	0.00267	0.00467
8	0.01472	0.01870	0.03857	0.01117	0.01315	0.66562	0.00875	0.01592	0.01115	0.01061	0.00652	0.00809	0.00556	0.00496	0.00564	0.00125	0.14952	0.00296	0.00215	0.00499
9	0.01617	0.01817	0.01241	0.01077	0.01333	0.60303	0.00829	0.23774	0.01445	0.01518	0.00769	0.00849	0.00604	0.00464	0.00400	0.00116	0.00692	0.00308	0.00280	0.00564
10	0.03897	0.00914	0.04223	0.04046	0.19541	0.03082	0.00842	0.06104	0.00979	0.03175	0.03260	0.04017	0.01194	0.17931	0.16594	0.00326	0.08496	0.00516	0.00305	0.00559
11	0.00586	0.00441	0.00543	0.00523	0.00636	0.00398	0.00396	0.00764	0.01148	0.01561	0.58354	0.03525	0.24790	0.00948	0.00511	0.00140	0.00214	0.03674	0.00452	0.00395
12	0.00909	0.02725	0.16159	0.33698	0.18000	0.00981	0.08557	0.02696	0.04208	0.01299	0.02638	0.02781	0.00771	0.02207	0.00471	0.00144	0.00556	0.00414	0.00222	0.00562
13	0.00544	0.00427	0.00493	0.00499	0.00609	0.00375	0.00366	0.00678	0.01031	0.01335	0.29172	0.18049	0.42749	0.01068	0.00516	0.00147	0.00219	0.00923	0.00424	0.00375
14	0.00815	0.03116	0.20868	0.05400	0.16491	0.00777	0.04256	0.02681	0.00975	0.01367	0.17545	0.04182	0.05326	0.09428	0.03456	0.00185	0.00479	0.01853	0.00284	0.00516
15	0.01381	0.01665	0.01212	0.01186	0.07678	0.57583	0.00848	0.01530	0.03030	0.01096	0.00773	0.03217	0.00683	0.00691	0.06131	0.00163	0.10058	0.00341	0.00228	0.00503

[dist]
# distance from previous block
# <min> <max>
0	19

[block]
# block no. 4 follows, 61 sequences, length 18
# corresponding to MSA columns:
# 461-478
name=unknown_E
#
# <colnr> <probs for GDERKNQSTAVLIFYWHMCP>
#	G	D	E	R	K	N	Q	S	T	A	V	L	I	F	Y	W	H	M	C	P
0	0.01000	0.10762	0.07417	0.01222	0.15174	0.06282	0.04183	0.03910	0.15523	0.01351	0.01260	0.11292	0.04252	0.00660	0.01849	0.00149	0.10475	0.00498	0.00284	0.02457
1	0.24202	0.07719	0.06696	0.07163	0.15826	0.17412	0.02167	0.06884	0.00997	0.01491	0.00707	0.00870	0.00569	0.00434	0.00421	0.00129	0.05218	0.00308	0.00237	0.00551
2	0.05655	0.00610	0.05640	0.00700	0.03493	0.00550	0.00512	0.03633	0.00729	0.06455	0.00998	0.04297	0.00975	0.17921	0.03145	0.41434	0.02225	0.00448	0.00247	0.00333
3	0.11176	0.01081	0.15115	0.04562	0.01227	0.02269	0.00814	0.17254	0.08322	0.06901	0.05358	0.01473	0.05235	0.00631	0.01505	0.02926	0.05623	0.02474	0.05492	0.00563
4	0.00525	0.00424	0.00460	0.00483	0.00592	0.00368	0.00348	0.00625	0.00933	0.01146	0.05409	0.20970	0.57208	0.06130	0.00620	0.00169	0.00240	0.02603	0.00393	0.00356
5	0.01021	0.07591	0.36671	0.03667	0.11705	0.05142	0.05850	0.10492	0.01058	0.01451	0.02542	0.03143	0.00784	0.00517	0.00475	0.03874	0.00564	0.02622	0.00237	0.00595
6	0.00625	0.00420	0.00484	0.00482	0.00490	0.00421	0.00279	0.00642	0.00664	0.00894	0.06148	0.02805	0.01698	0.77123	0.04809	0.00410	0.00430	0.00630	0.00273	0.00274
7	0.01525	0.06436	0.01235	0.02597	0.01304	0.69937	0.00804	0.04161	0.01203	0.01137	0.00717	0.00834	0.00591	0.00445	0.00380	0.00111	0.00714	0.00287	0.05079	0.00504
8	0.03220	0.00759	0.00925	0.00738	0.01032	0.00721	0.00598	0.07893	0.12667	0.46178	0.01520	0.01409	0.01034	0.00515	0.00404	0.00125	0.00345	0.00415	0.11682	0.07820
9	0.00627	0.00467	0.00595	0.00655	0.03422	0.00451	0.00434	0.04247	0.00878	0.01176	0.05365	0.45844	0.10455	0.14055	0.06528	0.00236	0.00354	0.00936	0.00361	0.02915
10	0.01153	0.72522	0.05861	0.00796	0.01154	0.03767	0.00792	0.03515	0.00907	0.01079	0.00619	0.00726	0.00558	0.00396	0.00347	0.00101	0.04711	0.00247	0.00192	0.00556
11	0.01903	0.00780	0.01029	0.00789	0.01123	0.00703	0.00652	0.09934	0.01312	0.74527	0.01633	0.01423	0.01033	0.00532	0.00433	0.00133	0.00377	0.00429	0.00523	0.00733
12	0.00524	0.00379	0.00495	0.00588	0.00622	0.00351	0.00395	0.00601	0.00836	0.01104	0.02513	0.78982	0.08358	0.01332	0.00547	0.00173	0.00248	0.01203	0.00400	0.00351
13	0.01185	0.22768	0.01743	0.08838	0.37432	0.03426	0.01055	0.15862	0.01141	0.01509	0.00789	0.00963	0.00645	0.00410	0.00388	0.00120	0.00504	0.00342	0.00244	0.00636
14	0.03096	0.06763	0.05475	0.02265	0.03156	0.01979	0.07696	0.17116	0.06949	0.09685	0.01476	0.18607	0.01396	0.00739	0.00489	0.00149	0.02411	0.09633	0.00361	0.00561
15	0.00595	0.00421	0.00535	0.00538	0.00624	0.00389	0.00391	0.00759	0.01083	0.01523	0.50994	0.23078	0.09470	0.00985	0.00504	0.00143	0.00216	0.00872	0.06491	0.00389
16	0.01118	0.26452	0.17766	0.05482	0.19146	0.08521	0.02972	0.02368	0.00984	0.05835	0.03562	0.02380	0.00772	0.00434	0.00382	0.00120	0.00530	0.00349	0.00231	0.00594
17	0.00886	0.12235	0.03372	0.03200	0.05570	0.04469	0.00644	0.05221	0.10292	0.02481	0.02911	0.32701	0.02405	0.00817	0.00448	0.00140	0.00367	0.02737	0.02605	0.06499

[dist]
# distance from previous block
# <min> <max>
1	7

[block]
# block no. 5 follows, 61 sequences, length 17
# corresponding to MSA columns:
# 486-502
name=unknown_F
#
# <colnr> <probs for GDERKNQSTAVLIFYWHMCP>
#	G	D	E	R	K	N	Q	S	T	A	V	L	I	F	Y	W	H	M	C	P
0	0.01310	0.09083	0.04330	0.00982	0.08121	0.05928	0.00757	0.33403	0.04822	0.06074	0.03334	0.01203	0.00900	0.00494	0.00390	0.00120	0.00428	0.00383	0.17320	0.00618
1	0.33905	0.09464	0.04294	0.00735	0.02886	0.03446	0.01713	0.03868	0.00865	0.01499	0.01267	0.21167	0.05411	0.00676	0.00414	0.00138	0.03297	0.00532	0.00293	0.04129
2	0.00534	0.00410	0.00481	0.00526	0.00605	0.00367	0.00369	0.00629	0.00903	0.01149	0.07596	0.39273	0.35517	0.06730	0.00640	0.00177	0.00249	0.03096	0.00395	0.00354
3	0.00961	0.00943	0.01682	0.34135	0.40123	0.01007	0.12397	0.01244	0.00939	0.01284	0.00801	0.01112	0.00636	0.00399	0.00440	0.00136	0.00566	0.00401	0.00205	0.00589
4	0.00610	0.00440	0.00576	0.00542	0.00644	0.00406	0.00406	0.00813	0.01219	0.01727	0.81947	0.03218	0.04064	0.00881	0.00508	0.00135	0.00203	0.00779	0.00474	0.00406
5	0.01693	0.01118	0.01238	0.00949	0.01292	0.01205	0.00784	0.66044	0.01877	0.17618	0.01158	0.01115	0.00795	0.00520	0.00431	0.00130	0.00454	0.00396	0.00450	0.00733
6	0.00661	0.00515	0.00753	0.00731	0.00800	0.00623	0.00575	0.00810	0.00697	0.01030	0.01096	0.01601	0.01019	0.02828	0.70163	0.00609	0.10755	0.00449	0.03889	0.00395
7	0.01518	0.00936	0.01165	0.00931	0.01173	0.01043	0.00769	0.29180	0.01340	0.30390	0.01159	0.01198	0.00827	0.00720	0.04894	0.00174	0.21132	0.00405	0.00397	0.00650
8	0.01149	0.11821	0.17417	0.01458	0.17904	0.16251	0.08929	0.05702	0.03263	0.01322	0.00767	0.00945	0.00620	0.00451	0.00520	0.00131	0.10189	0.00347	0.00221	0.00592
9	0.00973	0.09543	0.37163	0.01626	0.29487	0.01069	0.01309	0.03419	0.00965	0.01386	0.04821	0.01063	0.00775	0.00438	0.00452	0.00131	0.04177	0.00360	0.00214	0.00628
10	0.00748	0.00374	0.00561	0.00561	0.00561	0.00374	0.00374	0.00561	0.00561	0.00748	0.00748	0.01309	0.00748	0.01496	0.01684	0.87467	0.00374	0.00374	0.00187	0.00187
11	0.00628	0.00494	0.00661	0.04265	0.02530	0.00476	0.03338	0.03219	0.00933	0.01223	0.11218	0.30541	0.21085	0.11662	0.02398	0.00201	0.00326	0.04050	0.00368	0.00384
12	0.01315	0.16894	0.04783	0.02774	0.19935	0.15379	0.05517	0.23320	0.01281	0.01617	0.00803	0.00936	0.00639	0.00438	0.00421	0.00122	0.02592	0.00343	0.00268	0.00625
13	0.01456	0.01037	0.01183	0.00988	0.04133	0.01143	0.00777	0.47837	0.12980	0.11212	0.04698	0.01275	0.00997	0.00637	0.03076	0.00153	0.04891	0.00425	0.00418	0.00685
14	0.00889	0.00837	0.01411	0.51504	0.30067	0.00951	0.01198	0.01161	0.00921	0.01239	0.05089	0.01230	0.00797	0.00438	0.00433	0.00138	0.00533	0.00404	0.00214	0.00545
15	0.00998	0.01054	0.05354	0.22480	0.15798	0.05330	0.20844	0.06581	0.01016	0.01363	0.00908	0.06209	0.00766	0.00466	0.00465	0.00135	0.02251	0.00448	0.00237	0.07298
16	0.01121	0.01174	0.09211	0.09831	0.15836	0.10015	0.07944	0.13327	0.06915	0.03855	0.05605	0.04692	0.02709	0.00538	0.00497	0.00138	0.05257	0.00454	0.00292	0.00589

[dist]
# distance from previous block
# <min> <max>
1	44

[block]
# block no. 6 follows, 61 sequences, length 11
# corresponding to MSA columns:
# 547-557
name=unknown_G
#
# <colnr> <probs for GDERKNQSTAVLIFYWHMCP>
#	G	D	E	R	K	N	Q	S	T	A	V	L	I	F	Y	W	H	M	C	P
0	0.04735	0.02308	0.02973	0.00615	0.00806	0.00632	0.00497	0.10188	0.07572	0.05314	0.04696	0.03041	0.40259	0.08594	0.00633	0.00169	0.00316	0.05806	0.00385	0.00459
1	0.16541	0.00592	0.00666	0.00623	0.00775	0.00617	0.00480	0.06784	0.02758	0.06548	0.18209	0.11859	0.09654	0.06324	0.12759	0.00242	0.00427	0.03330	0.00369	0.00444
2	0.01022	0.01068	0.04369	0.10764	0.46447	0.03091	0.12148	0.01276	0.00930	0.01307	0.00774	0.01058	0.00642	0.00442	0.00580	0.00141	0.12730	0.00395	0.00207	0.00610
3	0.01021	0.04846	0.01248	0.00975	0.04079	0.09066	0.06064	0.03126	0.00904	0.01288	0.00712	0.00913	0.00612	0.00455	0.00623	0.00111	0.21820	0.00312	0.00232	0.41592
4	0.00630	0.00443	0.00628	0.00628	0.00680	0.00495	0.00459	0.00717	0.00665	0.00938	0.01164	0.01919	0.01161	0.22085	0.56809	0.08604	0.00911	0.00492	0.00234	0.00338
5	0.01152	0.85121	0.02257	0.00737	0.01106	0.01704	0.00737	0.01290	0.00875	0.01013	0.00599	0.00691	0.00553	0.00369	0.00276	0.00092	0.00461	0.00230	0.00184	0.00553
6	0.00748	0.00374	0.00561	0.00561	0.00561	0.00374	0.00374	0.00561	0.00561	0.00748	0.00748	0.01309	0.00748	0.01496	0.01684	0.87467	0.00374	0.00374	0.00187	0.00187
7	0.01158	0.00968	0.01023	0.00894	0.01153	0.01112	0.00703	0.14312	0.69232	0.01942	0.01643	0.01519	0.01226	0.00574	0.00437	0.00144	0.00361	0.00472	0.00437	0.00690
8	0.00615	0.00462	0.00692	0.00692	0.00769	0.00538	0.00538	0.00769	0.00692	0.01000	0.01154	0.01692	0.01077	0.03231	0.83154	0.00692	0.01154	0.00462	0.00231	0.00385
9	0.01278	0.01028	0.01090	0.00918	0.01199	0.01168	0.00732	0.30938	0.52411	0.02135	0.01491	0.01398	0.01102	0.00560	0.00436	0.00140	0.00390	0.00451	0.00436	0.00700
10	0.01127	0.00944	0.01007	0.00863	0.01137	0.01048	0.00680	0.12766	0.60988	0.01878	0.01537	0.01444	0.01155	0.00543	0.00423	0.00134	0.00356	0.00446	0.00415	0.11107

[dist]
# distance from previous block
# <min> <max>
0	1

[block]
# block no. 7 follows, 61 sequences, length 9
# corresponding to MSA columns:
# 559-567
name=unknown_H
#
# <colnr> <probs for GDERKNQSTAVLIFYWHMCP>
#	G	D	E	R	K	N	Q	S	T	A	V	L	I	F	Y	W	H	M	C	P
0	0.01190	0.08696	0.08684	0.05972	0.10399	0.27423	0.00897	0.05574	0.04681	0.02979	0.00970	0.09541	0.00874	0.00545	0.00460	0.00127	0.05009	0.00418	0.02019	0.03542
1	0.00615	0.00462	0.00692	0.00692	0.00769	0.00538	0.00538	0.00769	0.00692	0.01000	0.01154	0.01692	0.01077	0.03231	0.83154	0.00692	0.01154	0.00462	0.00231	0.00385
2	0.01022	0.01045	0.03984	0.12424	0.56927	0.04131	0.06998	0.01289	0.00988	0.01369	0.05035	0.01180	0.00834	0.00417	0.00435	0.00131	0.00533	0.00407	0.00224	0.00627
3	0.87904	0.00833	0.00633	0.00566	0.00833	0.00966	0.00467	0.01266	0.00733	0.01933	0.00600	0.00700	0.00467	0.00400	0.00267	0.00133	0.00333	0.00233	0.00267	0.00467
4	0.01105	0.03717	0.01053	0.00886	0.01118	0.03150	0.00702	0.10007	0.57842	0.01770	0.03787	0.01573	0.03802	0.00604	0.00509	0.00145	0.06706	0.00476	0.00405	0.00645
5	0.00691	0.00802	0.14245	0.00707	0.00906	0.00599	0.00639	0.01026	0.11215	0.01417	0.24993	0.14875	0.16667	0.04223	0.00581	0.00159	0.02398	0.03017	0.00379	0.00459
6	0.02454	0.03003	0.05332	0.06229	0.14442	0.07652	0.02035	0.09954	0.14703	0.04662	0.05763	0.04962	0.07286	0.04596	0.00531	0.00147	0.01677	0.00490	0.00325	0.03758
7	0.24619	0.03049	0.06551	0.01025	0.07317	0.19769	0.04159	0.09935	0.06633	0.06736	0.00942	0.01038	0.02296	0.02058	0.00409	0.00132	0.00504	0.00340	0.00291	0.02195
8	0.08903	0.10944	0.02437	0.03936	0.05034	0.10587	0.04693	0.03360	0.08527	0.07647	0.02380	0.05983	0.04730	0.06288	0.01809	0.00155	0.00458	0.03598	0.00303	0.08230

[dist]
# distance from previous block
# <min> <max>
2	14

[block]
# block no. 8 follows, 61 sequences, length 12
# corresponding to MSA columns:
# 593-604
name=unknown_I
#
# <colnr> <probs for GDERKNQSTAVLIFYWHMCP>
#	G	D	E	R	K	N	Q	S	T	A	V	L	I	F	Y	W	H	M	C	P
0	0.01214	0.44448	0.07602	0.00931	0.05559	0.09180	0.00819	0.09620	0.03140	0.03721	0.00755	0.00839	0.00622	0.00400	0.00334	0.00103	0.00487	0.00281	0.00239	0.09706
1	0.04710	0.27040	0.05286	0.00883	0.01190	0.17913	0.02558	0.05165	0.20382	0.02856	0.01035	0.01069	0.02210	0.00463	0.00365	0.00116	0.00489	0.00340	0.02299	0.03632
2	0.07207	0.16529	0.14784	0.01018	0.04792	0.06696	0.03220	0.23774	0.07399	0.04771	0.00976	0.03902	0.00771	0.00484	0.00390	0.00126	0.00492	0.00372	0.01676	0.00621
3	0.00910	0.04926	0.21901	0.03421	0.12294	0.00836	0.05819	0.01193	0.02773	0.07476	0.06439	0.12626	0.02375	0.03321	0.04678	0.00180	0.04620	0.03384	0.00285	0.00542
4	0.01049	0.01448	0.32757	0.04191	0.17567	0.02749	0.11038	0.01453	0.05752	0.09750	0.04780	0.01184	0.00855	0.00443	0.00431	0.00134	0.00549	0.00398	0.00261	0.03211
5	0.00522	0.00410	0.00464	0.00506	0.00594	0.00361	0.00354	0.00611	0.00898	0.01119	0.03377	0.37434	0.44844	0.05706	0.00617	0.00172	0.00242	0.01025	0.00392	0.00352
6	0.00893	0.00766	0.00893	0.00638	0.01021	0.00574	0.00510	0.01085	0.00893	0.01404	0.00766	0.00893	0.00638	0.00319	0.00319	0.00064	0.00319	0.00255	0.00255	0.87495
7	0.00566	0.00434	0.00517	0.00549	0.00642	0.00392	0.00393	0.00696	0.03248	0.01202	0.10209	0.38233	0.31204	0.01162	0.00563	0.03223	0.00247	0.03233	0.00396	0.02889
8	0.01171	0.40323	0.19146	0.01052	0.05564	0.08911	0.04337	0.05474	0.00991	0.04625	0.00732	0.00846	0.00594	0.00416	0.00397	0.00115	0.04204	0.00296	0.00218	0.00587
9	0.01029	0.00985	0.01681	0.14676	0.70435	0.01014	0.01303	0.01289	0.00963	0.01362	0.00804	0.01078	0.00666	0.00391	0.00427	0.00130	0.00521	0.00384	0.00210	0.00652
10	0.00525	0.00375	0.00500	0.00600	0.00625	0.00350	0.00400	0.00600	0.00825	0.01100	0.02374	0.84580	0.02849	0.01350	0.00550	0.00175	0.00250	0.01225	0.00400	0.00350
11	0.01168	0.00887	0.01159	0.02716	0.09349	0.00939	0.06500	0.24032	0.17568	0.08236	0.01511	0.17511	0.01355	0.00699	0.00468	0.00146	0.00415	0.04337	0.00391	0.00611

[dist]
# distance from previous block
# <min> <max>
0	2

[block]
# block no. 9 follows, 61 sequences, length 85
# corresponding to MSA columns:
# 607-641,657-686,690-709
name=unknown_J
#
# <colnr> <probs for GDERKNQSTAVLIFYWHMCP>
#	G	D	E	R	K	N	Q	S	T	A	V	L	I	F	Y	W	H	M	C	P
0	0.00955	0.00926	0.02787	0.04904	0.04041	0.07290	0.05578	0.02277	0.04243	0.01357	0.00919	0.05844	0.00813	0.00449	0.00423	0.00099	0.04314	0.01708	0.00262	0.50811
1	0.04709	0.68482	0.09521	0.00818	0.01203	0.04916	0.02887	0.01316	0.00890	0.01095	0.00625	0.00727	0.00551	0.00376	0.00299	0.00100	0.00491	0.00248	0.00190	0.00555
2	0.00971	0.00865	0.01057	0.00946	0.11426	0.03283	0.01674	0.04415	0.00959	0.01441	0.00777	0.00922	0.00644	0.00347	0.00359	0.00079	0.01678	0.00283	0.00255	0.67619
3	0.00509	0.00436	0.00436	0.00436	0.00582	0.00364	0.00327	0.00618	0.00982	0.01164	0.04364	0.04146	0.82000	0.01091	0.00509	0.00145	0.00218	0.00909	0.00400	0.00364
4	0.00547	0.00403	0.00549	0.00680	0.03951	0.00378	0.00436	0.00630	0.00834	0.01114	0.02353	0.79458	0.04448	0.01305	0.00544	0.00172	0.00260	0.01184	0.00392	0.00364
5	0.00622	0.00419	0.00484	0.00488	0.00493	0.00423	0.00283	0.00634	0.00637	0.00854	0.01380	0.05590	0.01581	0.76975	0.07080	0.00426	0.00457	0.00637	0.00264	0.00272
6	0.00622	0.00435	0.00560	0.00560	0.00591	0.00467	0.00374	0.00684	0.00653	0.00902	0.01275	0.02361	0.01367	0.51712	0.35071	0.00529	0.00717	0.00559	0.00249	0.00311
7	0.01167	0.79518	0.02222	0.00780	0.01145	0.05038	0.02820	0.01310	0.00893	0.01025	0.00609	0.00707	0.00556	0.00371	0.00287	0.00094	0.00481	0.00240	0.00187	0.00551
8	0.01031	0.50243	0.36075	0.00944	0.01425	0.01408	0.01097	0.01321	0.00890	0.01161	0.00672	0.00783	0.00550	0.00386	0.00332	0.00111	0.00535	0.00267	0.00183	0.00588
9	0.00919	0.00612	0.00787	0.00794	0.00939	0.00624	0.00672	0.12982	0.01135	0.07391	0.01983	0.05107	0.02051	0.07281	0.00677	0.00199	0.00405	0.54580	0.00402	0.00461
10	0.00535	0.00437	0.00472	0.00463	0.00597	0.00374	0.00347	0.00667	0.01042	0.01306	0.23993	0.03911	0.62281	0.01038	0.00509	0.00143	0.00214	0.00876	0.00419	0.00374
11	0.00525	0.00375	0.00500	0.00600	0.00625	0.00350	0.00400	0.00600	0.00825	0.01100	0.02374	0.84580	0.02849	0.01350	0.00550	0.00175	0.00250	0.01225	0.00400	0.00350
12	0.00621	0.00432	0.00542	0.00542	0.00569	0.00456	0.00352	0.00673	0.00653	0.00894	0.01337	0.02473	0.02623	0.57104	0.28442	0.00503	0.00654	0.00577	0.00253	0.00303
13	0.00864	0.02228	0.82630	0.01228	0.01864	0.01000	0.01592	0.01364	0.00909	0.01364	0.00773	0.00909	0.00546	0.00409	0.00409	0.00136	0.00637	0.00318	0.00182	0.00637
14	0.01152	0.85121	0.02257	0.00737	0.01106	0.01704	0.00737	0.01290	0.00875	0.01013	0.00599	0.00691	0.00553	0.00369	0.00276	0.00092	0.00461	0.00230	0.00184	0.00553
15	0.00864	0.02228	0.82630	0.01228	0.01864	0.01000	0.01592	0.01364	0.00909	0.01364	0.00773	0.00909	0.00546	0.00409	0.00409	0.00136	0.00637	0.00318	0.00182	0.00637
16	0.00525	0.00375	0.00500	0.00600	0.00625	0.00350	0.00400	0.00600	0.00825	0.01100	0.02374	0.84580	0.02849	0.01350	0.00550	0.00175	0.00250	0.01225	0.00400	0.00350
17	0.34236	0.00771	0.00862	0.00691	0.00999	0.00758	0.00571	0.01786	0.01045	0.52211	0.01286	0.01178	0.00841	0.00483	0.00371	0.00133	0.00354	0.00358	0.00433	0.00633
18	0.01152	0.85121	0.02257	0.00737	0.01106	0.01704	0.00737	0.01290	0.00875	0.01013	0.00599	0.00691	0.00553	0.00369	0.00276	0.00092	0.00461	0.00230	0.00184	0.00553
19	0.01590	0.02013	0.01201	0.01093	0.01312	0.81132	0.00819	0.01703	0.01213	0.01068	0.00684	0.00797	0.00568	0.00445	0.00386	0.00111	0.00763	0.00280	0.02326	0.00497
20	0.87904	0.00833	0.00633	0.00566	0.00833	0.00966	0.00467	0.01266	0.00733	0.01933	0.00600	0.00700	0.00467	0.00400	0.00267	0.00133	0.00333	0.00233	0.00267	0.00467
21	0.00522	0.00435	0.00439	0.00438	0.00581	0.00366	0.00328	0.00636	0.00985	0.01193	0.06137	0.04035	0.77305	0.01065	0.00502	0.00144	0.00217	0.00888	0.03419	0.00366
22	0.03161	0.01192	0.01276	0.00980	0.01323	0.01317	0.00809	0.77986	0.01989	0.04074	0.01038	0.01036	0.00734	0.00515	0.00428	0.00129	0.00470	0.00386	0.00430	0.00728
23	0.00636	0.00481	0.00588	0.00602	0.00721	0.00451	0.00479	0.03877	0.01082	0.01415	0.25299	0.09369	0.28656	0.01055	0.00533	0.00159	0.00278	0.23501	0.00421	0.00399
24	0.00546	0.00392	0.00520	0.00593	0.00634	0.00369	0.00407	0.00643	0.00879	0.01186	0.13832	0.65265	0.04252	0.03119	0.03417	0.00192	0.00280	0.02714	0.00402	0.00359
25	0.01611	0.01599	0.01285	0.01063	0.01353	0.39308	0.02499	0.42386	0.01631	0.01916	0.00860	0.00917	0.00648	0.00480	0.00413	0.00121	0.00620	0.00339	0.00329	0.00621
26	0.00709	0.00528	0.00613	0.00579	0.00718	0.00526	0.00441	0.02253	0.13462	0.02926	0.31380	0.04489	0.23253	0.01053	0.07472	0.00184	0.00317	0.00705	0.07948	0.00445
27	0.01066	0.01023	0.01748	0.02644	0.82174	0.01023	0.01322	0.01322	0.00981	0.01407	0.00810	0.01066	0.00682	0.00384	0.00426	0.00128	0.00512	0.00384	0.00213	0.00682
28	0.00535	0.00434	0.00474	0.00471	0.00599	0.00374	0.00350	0.00666	0.01033	0.01301	0.23545	0.07817	0.58795	0.01051	0.00511	0.00144	0.00216	0.00892	0.00418	0.00374
29	0.00813	0.00766	0.01292	0.83826	0.02967	0.00957	0.01196	0.01101	0.00861	0.01101	0.00766	0.01148	0.00574	0.00431	0.00431	0.00144	0.00574	0.00383	0.00191	0.00479
30	0.00642	0.00445	0.00580	0.00543	0.00649	0.00411	0.00408	0.00844	0.01211	0.03377	0.78208	0.03140	0.03926	0.00864	0.00501	0.00135	0.00206	0.00762	0.02734	0.00413
31	0.00694	0.00496	0.00694	0.00793	0.00892	0.00496	0.00694	0.00892	0.00992	0.01289	0.02281	0.04859	0.02479	0.01190	0.00595	0.00198	0.00397	0.79275	0.00397	0.00397
32	0.01222	0.05914	0.04218	0.01110	0.11172	0.19840	0.00816	0.06880	0.01055	0.06984	0.00800	0.00932	0.00644	0.00440	0.00489	0.00110	0.09964	0.00312	0.00260	0.26838
33	0.02236	0.05163	0.41253	0.01089	0.02638	0.09753	0.01158	0.09935	0.16971	0.01554	0.01007	0.02245	0.00762	0.00472	0.00408	0.00133	0.00550	0.00365	0.01680	0.00628
34	0.00808	0.00568	0.00808	0.38493	0.01627	0.00655	0.00710	0.01048	0.00884	0.01375	0.01113	0.01397	0.00862	0.00469	0.00360	0.00120	0.00371	0.00393	0.47501	0.00437
35	0.00672	0.00419	0.00563	0.00629	0.00690	0.00388	0.00444	0.00767	0.00883	0.08835	0.03715	0.69451	0.02675	0.01252	0.00541	0.00172	0.00271	0.06830	0.00414	0.00391
36	0.00525	0.00375	0.00500	0.00600	0.00625	0.00350	0.00400	0.00600	0.00825	0.01100	0.02374	0.84580	0.02849	0.01350	0.00550	0.00175	0.00250	0.01225	0.00400	0.00350
37	0.00524	0.00398	0.00483	0.00544	0.00612	0.00357	0.00377	0.00617	0.00896	0.01153	0.07158	0.54399	0.28443	0.01242	0.00535	0.00163	0.00237	0.01100	0.00404	0.00357
38	0.00525	0.00375	0.00500	0.00600	0.00625	0.00350	0.00400	0.00600	0.00825	0.01100	0.02374	0.84580	0.02849	0.01350	0.00550	0.00175	0.00250	0.01225	0.00400	0.00350
39	0.01181	0.00896	0.01218	0.00949	0.01217	0.02194	0.17608	0.29385	0.03714	0.03659	0.01190	0.03453	0.00919	0.00502	0.00406	0.00124	0.00427	0.00442	0.29942	0.00572
40	0.00823	0.00776	0.01310	0.80658	0.06058	0.00960	0.01201	0.01109	0.00866	0.01113	0.00767	0.01145	0.00578	0.00429	0.00430	0.00143	0.00572	0.00383	0.00192	0.00486
41	0.00609	0.00410	0.00475	0.00493	0.00497	0.00406	0.00285	0.00622	0.00661	0.00881	0.01535	0.17102	0.01790	0.70273	0.01906	0.00375	0.00388	0.00731	0.00285	0.00277
42	0.00655	0.00444	0.00511	0.00502	0.00519	0.00454	0.00299	0.02982	0.00673	0.00903	0.01332	0.02679	0.01503	0.76007	0.08475	0.00431	0.00477	0.00607	0.00264	0.00284
43	0.00527	0.00382	0.00498	0.00585	0.00622	0.00353	0.00394	0.00609	0.00852	0.01128	0.05506	0.75120	0.09212	0.01311	0.00545	0.00171	0.00246	0.01183	0.00403	0.00353
44	0.00813	0.00766	0.01292	0.83826	0.02967	0.00957	0.01196	0.01101	0.00861	0.01101	0.00766	0.01148	0.00574	0.00431	0.00431	0.00144	0.00574	0.00383	0.00191	0.00479
45	0.00586	0.00439	0.00543	0.00517	0.00629	0.00396	0.00388	0.00767	0.01163	0.01593	0.63511	0.03438	0.22584	0.00931	0.00508	0.00138	0.00207	0.00810	0.00457	0.00396
46	0.01152	0.85121	0.02257	0.00737	0.01106	0.01704	0.00737	0.01290	0.00875	0.01013	0.00599	0.00691	0.00553	0.00369	0.00276	0.00092	0.00461	0.00230	0.00184	0.00553
47	0.14087	0.27986	0.08233	0.00936	0.01250	0.37013	0.02391	0.01482	0.01011	0.01203	0.00648	0.00757	0.00542	0.00409	0.00339	0.00111	0.00600	0.00264	0.00213	0.00524
48	0.00610	0.00440	0.00576	0.00542	0.00644	0.00406	0.00406	0.00813	0.01219	0.01727	0.81947	0.03218	0.04064	0.00881	0.00508	0.00135	0.00203	0.00779	0.00474	0.00406
49	0.00600	0.00427	0.00507	0.00546	0.00640	0.00382	0.00387	0.00712	0.02236	0.05309	0.03138	0.46246	0.34917	0.01190	0.00525	0.00160	0.00244	0.01044	0.00407	0.00381
50	0.00606	0.00415	0.00481	0.00492	0.00522	0.00401	0.00305	0.00656	0.00760	0.01028	0.10518	0.15333	0.08539	0.53120	0.01553	0.00316	0.00345	0.00748	0.03558	0.00304
51	0.00831	0.00784	0.01324	0.78185	0.08471	0.00962	0.01205	0.01116	0.00870	0.01122	0.00769	0.01143	0.00582	0.00427	0.00430	0.00142	0.00570	0.00383	0.00193	0.00493
52	0.00561	0.00438	0.00509	0.00491	0.00614	0.00386	0.00368	0.00720	0.01105	0.01457	0.44745	0.03663	0.41435	0.00981	0.00509	0.00140	0.00210	0.00841	0.00439	0.00386
53	0.00728	0.00615	0.00876	0.28931	0.03191	0.02801	0.00733	0.00916	0.00848	0.02436	0.04824	0.02005	0.13571	0.05843	0.27020	0.00332	0.00673	0.01502	0.01731	0.00423
54	0.01146	0.83449	0.03878	0.00747	0.01121	0.01690	0.00754	0.01291	0.00876	0.01021	0.00602	0.00695	0.00553	0.00369	0.00279	0.00093	0.00464	0.00232	0.00184	0.00554
55	0.01063	0.00910	0.00957	0.00862	0.01101	0.01051	0.00670	0.02250	0.78968	0.01796	0.01743	0.01607	0.01309	0.00582	0.00434	0.00145	0.00337	0.00484	0.03057	0.00673
