[name]
unknown

[dist]
# distance from previous block
# <min> <max>
0	55

[block]
# block no. 0 follows, 61 sequences, length 11
# corresponding to MSA columns:
# 55-63,65,66
name=unknown_A
#
# <colnr> <probs for GDERKNQSTAVLIFYWHMCP>
#	G	D	E	R	K	N	Q	S	T	A	V	L	I	F	Y	W	H	M	C	P
0	0.02281	0.00743	0.01004	0.02938	0.01133	0.00651	0.08472	0.01213	0.07915	0.07119	0.04625	0.08847	0.03445	0.00558	0.00410	0.00111	0.00363	0.05563	0.00320	0.42289
1	0.00860	0.00772	0.01182	0.42395	0.07780	0.00885	0.04313	0.06086	0.07852	0.01346	0.07478	0.06686	0.07298	0.00593	0.00478	0.00144	0.02545	0.00520	0.00280	0.00508
2	0.00670	0.00517	0.00617	0.06181	0.00830	0.00500	0.00457	0.04066	0.05381	0.03040	0.26244	0.09996	0.34119	0.04759	0.00575	0.00156	0.00270	0.00795	0.00407	0.00418
3	0.00837	0.00664	0.00760	0.00687	0.00857	0.00704	0.00529	0.06284	0.30472	0.01793	0.44589	0.02533	0.06008	0.00759	0.00478	0.00139	0.00271	0.00654	0.00455	0.00525
4	0.01107	0.00756	0.00887	0.00666	0.00995	0.00640	0.00536	0.09820	0.01082	0.13707	0.04675	0.01174	0.00916	0.00417	0.00355	0.00088	0.00325	0.00335	0.09407	0.52112
5	0.00665	0.00423	0.00611	0.00611	0.00648	0.00460	0.00436	0.00672	0.00635	0.00883	0.01038	0.01726	0.01032	0.15115	0.41124	0.32196	0.00757	0.00455	0.00220	0.00294
6	0.00975	0.00846	0.01396	0.40955	0.27157	0.00934	0.03551	0.04446	0.00992	0.05742	0.06348	0.01287	0.00890	0.00509	0.02068	0.00148	0.00530	0.00418	0.00247	0.00562
7	0.03002	0.28149	0.05170	0.02921	0.01217	0.06682	0.00777	0.29571	0.03140	0.01665	0.00879	0.01064	0.00730	0.06040	0.05557	0.00171	0.02042	0.00346	0.00290	0.00586
8	0.00904	0.03318	0.16103	0.04318	0.12721	0.05406	0.00861	0.04921	0.04357	0.02938	0.06432	0.11174	0.12420	0.01658	0.00474	0.00135	0.01733	0.00550	0.00300	0.09277
9	0.02765	0.15336	0.14960	0.01196	0.12345	0.07903	0.04835	0.06741	0.08820	0.13614	0.01084	0.03272	0.02041	0.00486	0.00430	0.00129	0.02739	0.00389	0.00296	0.00621
10	0.01006	0.28403	0.47812	0.01096	0.01619	0.01247	0.06164	0.05606	0.00965	0.01326	0.00738	0.00862	0.00565	0.00399	0.00374	0.00123	0.00578	0.00306	0.00198	0.00612

[dist]
# distance from previous block
# <min> <max>
0	15

[block]
# block no. 1 follows, 61 sequences, length 12
# corresponding to MSA columns:
# 82-93
name=unknown_B
#
# <colnr> <probs for GDERKNQSTAVLIFYWHMCP>
#	G	D	E	R	K	N	Q	S	T	A	V	L	I	F	Y	W	H	M	C	P
0	0.00530	0.00384	0.00496	0.00580	0.00616	0.00356	0.00389	0.00610	0.00844	0.01117	0.05280	0.72197	0.09162	0.04493	0.00608	0.00180	0.00252	0.01161	0.00397	0.00350
1	0.00953	0.22220	0.20428	0.02226	0.03637	0.01028	0.09931	0.02477	0.05684	0.05114	0.04109	0.08114	0.11146	0.00587	0.00418	0.00131	0.00468	0.00499	0.00277	0.00552
2	0.02403	0.11389	0.18252	0.11457	0.06996	0.03814	0.17098	0.06468	0.02916	0.01351	0.01105	0.06526	0.04851	0.02940	0.00481	0.00143	0.00548	0.00460	0.00245	0.00556
3	0.00536	0.00387	0.00507	0.00583	0.00625	0.00359	0.00397	0.00631	0.00889	0.01191	0.13608	0.68757	0.07397	0.01270	0.00542	0.00168	0.00242	0.01145	0.00410	0.00359
4	0.10823	0.00930	0.01518	0.12079	0.46074	0.00968	0.08713	0.02808	0.00943	0.01439	0.00836	0.01100	0.00682	0.00547	0.04769	0.00161	0.00539	0.00384	0.04091	0.00596
5	0.04566	0.11544	0.14282	0.10455	0.12046	0.04821	0.08194	0.08052	0.10292	0.01481	0.05934	0.02222	0.00932	0.00512	0.01488	0.00139	0.01783	0.00403	0.00268	0.00586
6	0.00786	0.00449	0.00648	0.04256	0.05120	0.00449	0.00460	0.00742	0.00695	0.04633	0.01119	0.12365	0.01133	0.09238	0.01295	0.48260	0.00364	0.00515	0.07176	0.00297
7	0.00592	0.00403	0.00480	0.00514	0.00523	0.00394	0.00309	0.00617	0.00694	0.00926	0.01706	0.30829	0.02006	0.56252	0.01630	0.00334	0.00360	0.00831	0.00309	0.00291
8	0.00662	0.00663	0.08616	0.00775	0.00914	0.00596	0.04954	0.00840	0.00722	0.01033	0.01129	0.01740	0.01069	0.13808	0.59819	0.00572	0.00982	0.00473	0.00229	0.00403
9	0.05976	0.09812	0.03939	0.00986	0.06566	0.19542	0.02332	0.13566	0.02209	0.03838	0.04358	0.03473	0.00875	0.00471	0.00382	0.00111	0.00489	0.01497	0.00288	0.19291
10	0.02826	0.10720	0.04829	0.02174	0.12772	0.05027	0.02715	0.07439	0.07879	0.09641	0.06763	0.01478	0.01108	0.10307	0.05786	0.03961	0.03299	0.00432	0.00301	0.00541
11	0.02100	0.11762	0.05806	0.01418	0.26823	0.06710	0.01995	0.06363	0.05051	0.02826	0.08633	0.01281	0.01042	0.02618	0.03678	0.01887	0.05041	0.00400	0.00267	0.04301

[dist]
# distance from previous block
# <min> <max>
2	21

[block]
# block no. 2 follows, 61 sequences, length 14
# corresponding to MSA columns:
# 115-128
name=unknown_C
#
# <colnr> <probs for GDERKNQSTAVLIFYWHMCP>
#	G	D	E	R	K	N	Q	S	T	A	V	L	I	F	Y	W	H	M	C	P
0	0.01035	0.10384	0.05727	0.13795	0.16911	0.02046	0.04952	0.11307	0.01912	0.03977	0.02034	0.05568	0.02051	0.04035	0.03837	0.00169	0.05526	0.02423	0.00268	0.02043
1	0.00967	0.04680	0.07506	0.42742	0.15894	0.04327	0.05469	0.02961	0.00948	0.04306	0.00885	0.04520	0.00716	0.00460	0.00427	0.00137	0.00551	0.00411	0.01552	0.00543
2	0.11808	0.00793	0.01130	0.00861	0.01198	0.00723	0.09573	0.01922	0.01151	0.64041	0.01479	0.01343	0.00950	0.00499	0.00422	0.00135	0.00403	0.00418	0.00467	0.00685
3	0.00547	0.00431	0.00495	0.00500	0.00615	0.00379	0.00372	0.00683	0.01033	0.01329	0.27417	0.14443	0.45724	0.01064	0.00517	0.00148	0.00223	0.03281	0.00422	0.00376
4	0.03246	0.04300	0.05631	0.04693	0.04651	0.08283	0.32847	0.07148	0.01102	0.11088	0.03362	0.06006	0.02603	0.00514	0.00462	0.00139	0.00572	0.02486	0.00294	0.00574
5	0.00921	0.00954	0.06851	0.23387	0.41225	0.00930	0.01158	0.01236	0.05398	0.01304	0.01044	0.06487	0.02709	0.00603	0.03829	0.00160	0.00530	0.00453	0.00235	0.00585
6	0.00669	0.00517	0.00663	0.00612	0.00711	0.00536	0.00471	0.00901	0.04731	0.01618	0.62080	0.02882	0.07661	0.00851	0.00599	0.00141	0.09606	0.00714	0.03614	0.00424
7	0.01047	0.04130	0.03517	0.08413	0.36574	0.08578	0.06891	0.04030	0.01031	0.04303	0.01335	0.04682	0.09918	0.00544	0.00443	0.00134	0.00505	0.03079	0.00264	0.00581
8	0.04577	0.00694	0.00815	0.00676	0.00913	0.00677	0.00542	0.16422	0.01245	0.29416	0.06984	0.04243	0.14286	0.00758	0.03561	0.00152	0.00355	0.00534	0.12577	0.00572
9	0.00615	0.00420	0.00600	0.00625	0.00673	0.00448	0.00452	0.00675	0.00708	0.00975	0.01507	0.22587	0.04436	0.05684	0.40122	0.17501	0.00710	0.00659	0.00272	0.00331
10	0.02088	0.00933	0.04825	0.09876	0.14279	0.03135	0.14988	0.08599	0.03280	0.08314	0.01284	0.10070	0.02352	0.00659	0.00537	0.03671	0.01909	0.08345	0.00304	0.00552
11	0.01201	0.00963	0.01110	0.01072	0.10209	0.01060	0.00765	0.30624	0.31343	0.02010	0.03754	0.07301	0.03814	0.00627	0.00449	0.00141	0.00396	0.02099	0.00407	0.00654
12	0.00828	0.00779	0.01285	0.58732	0.18069	0.00903	0.01123	0.01090	0.00898	0.01167	0.01177	0.01468	0.09717	0.00496	0.00439	0.00141	0.00522	0.00442	0.00219	0.00505
13	0.68943	0.00854	0.00707	0.02857	0.00923	0.04302	0.00523	0.04268	0.00801	0.01800	0.00686	0.00839	0.00552	0.00724	0.09568	0.00195	0.00455	0.00271	0.00265	0.00469

[dist]
# distance from previous block
# <min> <max>
2	6

[block]
# block no. 3 follows, 61 sequences, length 12
# corresponding to MSA columns:
# 136-147
name=unknown_D
#
# <colnr> <probs for GDERKNQSTAVLIFYWHMCP>
#	G	D	E	R	K	N	Q	S	T	A	V	L	I	F	Y	W	H	M	C	P
0	0.00996	0.00788	0.00913	0.00684	0.01042	0.00655	0.00546	0.01343	0.13228	0.07373	0.00985	0.01044	0.00773	0.00375	0.00346	0.00081	0.00326	0.00304	0.00303	0.67896
1	0.01017	0.00903	0.01263	0.01079	0.01112	0.01224	0.00897	0.01120	0.00712	0.08314	0.00693	0.01022	0.00633	0.00843	0.04921	0.00206	0.72945	0.00386	0.00221	0.00491
2	0.17676	0.00796	0.00851	0.00700	0.00965	0.00813	0.00561	0.17051	0.09710	0.09758	0.16105	0.01674	0.07190	0.00581	0.00403	0.00124	0.00331	0.00462	0.00389	0.13858
3	0.00605	0.00511	0.00615	0.00584	0.00686	0.00521	0.00449	0.00736	0.00989	0.01300	0.25720	0.08842	0.42012	0.00997	0.00650	0.00151	0.13039	0.00812	0.00389	0.00391
4	0.00981	0.19307	0.51037	0.01084	0.01570	0.03308	0.01270	0.03098	0.00918	0.02909	0.00778	0.02883	0.00619	0.00460	0.00475	0.00132	0.08043	0.00330	0.00202	0.00598
5	0.01137	0.00718	0.00840	0.00732	0.00925	0.00751	0.00571	0.20658	0.09373	0.14984	0.01616	0.09298	0.04409	0.11538	0.08831	0.00230	0.00446	0.04910	0.07491	0.00540
6	0.00988	0.00841	0.00902	0.00834	0.01044	0.00961	0.00639	0.02031	0.69075	0.01695	0.01848	0.14295	0.01550	0.00701	0.00455	0.00151	0.00327	0.00600	0.00432	0.00631
7	0.03508	0.00780	0.00908	0.00729	0.00998	0.00771	0.00591	0.24929	0.01386	0.31487	0.07603	0.01867	0.13547	0.00633	0.00434	0.00131	0.00348	0.00510	0.08223	0.00617
8	0.00726	0.00630	0.01060	0.08826	0.01214	0.00646	0.16645	0.00871	0.00853	0.02764	0.01785	0.38780	0.07320	0.04711	0.00714	0.03651	0.07240	0.00832	0.00314	0.00417
9	0.00532	0.00397	0.00490	0.00550	0.00610	0.00361	0.00378	0.00624	0.00890	0.01161	0.09928	0.54816	0.22011	0.04392	0.00598	0.00173	0.00244	0.01086	0.00401	0.00355
10	0.00858	0.00653	0.00750	0.00713	0.00877	0.00693	0.00546	0.01460	0.35191	0.05854	0.18283	0.17024	0.08756	0.00856	0.00487	0.00152	0.00292	0.05590	0.00438	0.00527
11	0.07710	0.03128	0.09299	0.01276	0.13740	0.04763	0.08533	0.30726	0.05532	0.06241	0.01003	0.02398	0.00758	0.00474	0.00417	0.00131	0.00500	0.00393	0.02327	0.00651

[dist]
# distance from previous block
# <min> <max>
0	4

[block]
# block no. 4 follows, 61 sequences, length 7
# corresponding to MSA columns:
# 152-158
name=unknown_E
#
# <colnr> <probs for GDERKNQSTAVLIFYWHMCP>
#	G	D	E	R	K	N	Q	S	T	A	V	L	I	F	Y	W	H	M	C	P
0	0.01011	0.00583	0.00691	0.00620	0.00801	0.00553	0.00482	0.08391	0.04449	0.19852	0.11443	0.14342	0.20988	0.00837	0.00465	0.00140	0.00285	0.02699	0.10866	0.00502
1	0.00784	0.00770	0.07312	0.04250	0.09430	0.00658	0.10262	0.01026	0.03270	0.04479	0.12569	0.10503	0.22440	0.00780	0.00507	0.00145	0.02715	0.03112	0.04507	0.00481
2	0.00563	0.00428	0.00558	0.00621	0.00666	0.00424	0.00440	0.00656	0.00863	0.01148	0.07023	0.61488	0.11938	0.01247	0.00600	0.00171	0.05615	0.04796	0.00390	0.00365
3	0.03266	0.04360	0.03800	0.04423	0.01083	0.14703	0.04110	0.06460	0.04669	0.05205	0.01434	0.17338	0.01461	0.15591	0.00768	0.00195	0.00470	0.09885	0.00318	0.00461
4	0.07846	0.72788	0.07764	0.00758	0.01138	0.01598	0.00776	0.01293	0.00867	0.01109	0.00611	0.00707	0.00546	0.00374	0.00285	0.00098	0.00463	0.00237	0.00190	0.00552
5	0.01000	0.09809	0.29086	0.05883	0.08758	0.07483	0.04608	0.04869	0.03100	0.02816	0.03855	0.04564	0.03978	0.00498	0.00428	0.00128	0.02010	0.00407	0.00247	0.06473
6	0.05859	0.03193	0.10801	0.05361	0.15407	0.04980	0.09081	0.09289	0.03989	0.04841	0.02726	0.01544	0.05474	0.00533	0.00455	0.00134	0.02542	0.06511	0.00287	0.06992

[dist]
# distance from previous block
# <min> <max>
0	45

[block]
# block no. 5 follows, 61 sequences, length 56
# corresponding to MSA columns:
# 204-259
name=unknown_F
#
# <colnr> <probs for GDERKNQSTAVLIFYWHMCP>
#	G	D	E	R	K	N	Q	S	T	A	V	L	I	F	Y	W	H	M	C	P
0	0.05020	0.46785	0.13756	0.02325	0.01259	0.08342	0.00852	0.04937	0.03801	0.04047	0.00746	0.00831	0.00610	0.00403	0.00328	0.00107	0.00495	0.00276	0.01127	0.03952
1	0.03945	0.06620	0.19693	0.00970	0.03941	0.02219	0.00899	0.20429	0.10295	0.02802	0.05015	0.04968	0.06297	0.00690	0.03028	0.00156	0.03249	0.03862	0.00328	0.00591
2	0.02333	0.07149	0.10293	0.00840	0.01071	0.15637	0.00730	0.11528	0.05771	0.01389	0.03468	0.07752	0.05769	0.08690	0.07454	0.00209	0.00540	0.07646	0.01235	0.00497
3	0.01197	0.00915	0.00932	0.00785	0.01030	0.09767	0.00620	0.17755	0.12813	0.12148	0.13774	0.04398	0.05212	0.00694	0.02703	0.00142	0.00406	0.01833	0.02772	0.10104
4	0.00591	0.00424	0.00538	0.00590	0.01866	0.00386	0.00410	0.00708	0.00961	0.03645	0.19844	0.44670	0.20393	0.01151	0.00527	0.00158	0.00242	0.02096	0.00417	0.00382
5	0.00880	0.00880	0.01595	0.36600	0.14609	0.00938	0.22886	0.01191	0.03371	0.01253	0.01252	0.01504	0.10148	0.00487	0.00461	0.00142	0.00558	0.00482	0.00234	0.00531
6	0.00764	0.00690	0.00751	0.00760	0.00842	0.11689	0.03814	0.03662	0.00922	0.01156	0.01899	0.56095	0.02187	0.01134	0.00601	0.03867	0.03145	0.05278	0.00353	0.00393
7	0.02815	0.01155	0.08517	0.00993	0.01352	0.02307	0.05822	0.40289	0.07271	0.21686	0.01223	0.01236	0.00858	0.00516	0.00435	0.00134	0.00470	0.01810	0.00414	0.00698
8	0.00707	0.00528	0.00746	0.00719	0.00820	0.00610	0.00563	0.07909	0.00811	0.01153	0.01143	0.01633	0.01046	0.02988	0.75769	0.00642	0.01093	0.00455	0.00249	0.00416
9	0.01225	0.00844	0.00946	0.00822	0.01065	0.00918	0.00657	0.16314	0.37716	0.14001	0.03388	0.04418	0.01361	0.00640	0.00444	0.00143	0.00357	0.07094	0.07010	0.00637
10	0.00741	0.00531	0.00715	0.00788	0.00896	0.00538	0.00674	0.06159	0.01044	0.01366	0.02207	0.12182	0.02398	0.01160	0.00580	0.00192	0.00388	0.66627	0.00399	0.00414
11	0.03040	0.00749	0.00933	0.00746	0.01034	0.00707	0.00606	0.10422	0.07891	0.51185	0.08527	0.01823	0.09136	0.00616	0.00444	0.00135	0.00348	0.00504	0.00492	0.00661
12	0.00555	0.00409	0.00525	0.00598	0.00660	0.00379	0.00434	0.00664	0.00906	0.01186	0.08498	0.52737	0.16201	0.01247	0.00547	0.00171	0.00264	0.13252	0.00405	0.00364
13	0.00554	0.00462	0.00486	0.00476	0.00619	0.00407	0.00358	0.00735	0.05187	0.01285	0.16427	0.03868	0.65563	0.01032	0.00505	0.00144	0.00222	0.00867	0.00414	0.00387
14	0.00853	0.00806	0.01364	0.71035	0.15447	0.00967	0.01216	0.01135	0.00880	0.01149	0.00773	0.01135	0.00591	0.00423	0.00430	0.00141	0.00564	0.00383	0.00195	0.00511
15	0.00619	0.00416	0.00478	0.00485	0.00489	0.00416	0.00278	0.00628	0.00643	0.00859	0.01428	0.08876	0.01649	0.76618	0.04081	0.00406	0.00423	0.00667	0.00271	0.00271
16	0.00610	0.00440	0.00576	0.00542	0.00644	0.00406	0.00406	0.00813	0.01219	0.01727	0.81947	0.03218	0.04064	0.00881	0.00508	0.00135	0.00203	0.00779	0.00474	0.00406
17	0.01609	0.02053	0.01221	0.01110	0.01332	0.83132	0.00832	0.01720	0.01221	0.01054	0.00666	0.00777	0.00555	0.00444	0.00388	0.00111	0.00777	0.00277	0.00222	0.00499
18	0.84315	0.00891	0.04014	0.00594	0.00876	0.00968	0.00513	0.01270	0.00740	0.01909	0.00607	0.00708	0.00470	0.00400	0.00272	0.00133	0.00346	0.00237	0.00263	0.00474
19	0.00585	0.00437	0.00547	0.00613	0.00680	0.00419	0.00443	0.00751	0.05536	0.01193	0.05849	0.50933	0.14152	0.03992	0.00596	0.00179	0.00275	0.12045	0.00400	0.00377
20	0.00524	0.00377	0.00498	0.00595	0.00624	0.00350	0.00398	0.00600	0.00829	0.01101	0.02428	0.82384	0.05010	0.01342	0.00549	0.00174	0.00249	0.01216	0.00400	0.00350
21	0.01152	0.85121	0.02257	0.00737	0.01106	0.01704	0.00737	0.01290	0.00875	0.01013	0.00599	0.00691	0.00553	0.00369	0.00276	0.00092	0.00461	0.00230	0.00184	0.00553
22	0.00942	0.00782	0.00915	0.00678	0.01030	0.00646	0.00543	0.08943	0.00987	0.01497	0.00827	0.00979	0.00687	0.00599	0.07725	0.00126	0.00409	0.00287	0.00270	0.71127
23	0.00875	0.00672	0.00735	0.00694	0.00804	0.04881	0.00503	0.03452	0.18436	0.05820	0.04941	0.12165	0.01617	0.28568	0.08666	0.00288	0.03226	0.02871	0.00343	0.00444
24	0.01017	0.01162	0.02542	0.01816	0.02251	0.01089	0.80610	0.01380	0.01017	0.01380	0.00871	0.01162	0.00654	0.00363	0.00508	0.00145	0.00726	0.00508	0.00218	0.00581
25	0.00999	0.01084	0.02228	0.06016	0.13994	0.01044	0.58910	0.01364	0.03674	0.01398	0.04229	0.01247	0.00816	0.00398	0.00490	0.00142	0.00652	0.00494	0.00234	0.00587
26	0.14665	0.00984	0.01065	0.00847	0.01147	0.01067	0.00692	0.43782	0.05369	0.16586	0.01138	0.01182	0.00826	0.03335	0.05226	0.00173	0.00464	0.00389	0.00408	0.00655
27	0.01167	0.01208	0.02991	0.04872	0.08923	0.14402	0.32803	0.08660	0.05473	0.04343	0.03669	0.01356	0.00895	0.00483	0.00492	0.00140	0.02893	0.04375	0.00276	0.00580
28	0.00647	0.00481	0.00614	0.00595	0.00626	0.00533	0.00411	0.00711	0.00682	0.00944	0.04025	0.02393	0.04734	0.47707	0.24868	0.00453	0.08418	0.00573	0.00259	0.00325
29	0.01921	0.00780	0.01007	0.00778	0.01108	0.03536	0.00640	0.02086	0.01232	0.79608	0.01663	0.01442	0.01048	0.00530	0.00432	0.00133	0.00381	0.00428	0.00522	0.00725
30	0.00674	0.00547	0.00711	0.00634	0.00810	0.00493	0.07560	0.02700	0.03228	0.04635	0.09069	0.06277	0.54068	0.00976	0.00509	0.00148	0.00290	0.05855	0.00396	0.00420
31	0.01117	0.00845	0.00976	0.00714	0.01086	0.00720	0.00578	0.15959	0.01131	0.08291	0.00892	0.00966	0.00691	0.00373	0.00349	0.00082	0.00352	0.00294	0.00311	0.64273
32	0.00542	0.00387	0.00519	0.00619	0.00652	0.00365	0.00429	0.00629	0.00842	0.01119	0.02365	0.76552	0.02812	0.01333	0.00554	0.00177	0.00265	0.09085	0.00400	0.00355
33	0.00980	0.00938	0.01253	0.01063	0.01127	0.03724	0.03555	0.08063	0.00876	0.01276	0.09833	0.03132	0.01030	0.00738	0.01143	0.00173	0.59916	0.00444	0.00249	0.00489
34	0.01043	0.00847	0.01146	0.07822	0.16559	0.02799	0.04424	0.02640	0.26323	0.09527	0.08836	0.08954	0.03637	0.00628	0.00482	0.00143	0.02686	0.00549	0.00362	0.00594
35	0.00524	0.00383	0.00494	0.00579	0.00620	0.00353	0.00391	0.00606	0.00850	0.01118	0.04023	0.73573	0.12281	0.01310	0.00544	0.00171	0.00245	0.01179	0.00401	0.00353
36	0.09608	0.00742	0.00967	0.00749	0.01076	0.00663	0.00618	0.02025	0.01188	0.75282	0.01601	0.01398	0.01013	0.00521	0.00418	0.00133	0.00364	0.00415	0.00509	0.00709
37	0.00949	0.01272	0.24374	0.15899	0.33435	0.00957	0.03722	0.01305	0.03652	0.03112	0.03752	0.03907	0.00845	0.00458	0.00432	0.00136	0.00536	0.00415	0.00231	0.00612
38	0.01110	0.01329	0.16793	0.11485	0.11668	0.14266	0.06865	0.10912	0.03294	0.03983	0.01084	0.04481	0.04037	0.04553	0.00537	0.00148	0.02186	0.00433	0.00265	0.00569
39	0.00576	0.00454	0.00563	0.00590	0.00680	0.01553	0.01971	0.00703	0.00970	0.01264	0.18898	0.36697	0.24810	0.01139	0.00531	0.00159	0.00260	0.07398	0.00409	0.00375
40	0.43360	0.06061	0.04964	0.02336	0.12794	0.17938	0.04304	0.01376	0.00900	0.01559	0.00666	0.00805	0.00534	0.00404	0.00335	0.00126	0.00493	0.00282	0.00238	0.00523
41	0.00533	0.00385	0.00506	0.00600	0.00636	0.00358	0.00411	0.00616	0.00842	0.01113	0.02484	0.75807	0.07403	0.01326	0.00550	0.00174	0.00256	0.05246	0.00400	0.00353
42	0.02363	0.00818	0.00935	0.00684	0.01055	0.00678	0.00550	0.09474	0.03876	0.02619	0.00838	0.00938	0.00675	0.00353	0.00336	0.00076	0.00337	0.00279	0.00284	0.72832
43	0.03766	0.01073	0.01191	0.00956	0.01250	0.04022	0.04817	0.47145	0.14812	0.02185	0.01197	0.06077	0.00952	0.00710	0.05081	0.00165	0.00492	0.00452	0.00391	0.03268
44	0.00841	0.00534	0.00684	0.00640	0.00711	0.00566	0.00459	0.13543	0.00849	0.01145	0.01058	0.03134	0.01054	0.18594	0.13843	0.38173	0.00516	0.03068	0.00259	0.00330
45	0.00613	0.00418	0.00468	0.00471	0.00484	0.00411	0.00271	0.00625	0.00664	0.00872	0.01655	0.05316	0.08784	0.74953	0.01994	0.00386	0.00395	0.00669	0.00277	0.00273
46	0.00610	0.00440	0.00576	0.00542	0.00644	0.00406	0.00406	0.00813	0.01219	0.01727	0.81947	0.03218	0.04064	0.00881	0.00508	0.00135	0.00203	0.00779	0.00474	0.00406
47	0.00922	0.19093	0.66277	0.01128	0.01710	0.01144	0.01418	0.01349	0.00902	0.01293	0.00738	0.00865	0.00547	0.00401	0.00382	0.00127	0.00601	0.00300	0.00182	0.00620
48	0.00567	0.00414	0.00521	0.00595	0.00646	0.00396	0.00407	0.00718	0.05504	0.01177	0.04284	0.68879	0.08746	0.01245	0.00531	0.00167	0.00250	0.01119	0.03460	0.00373
49	0.00813	0.00766	0.01292	0.83826	0.02967	0.00957	0.01196	0.01101	0.00861	0.01101	0.00766	0.01148	0.00574	0.00431	0.00431	0.00144	0.00574	0.00383	0.00191	0.00479
50	0.00942	0.00942	0.01319	0.01131	0.01131	0.01319	0.00942	0.01037	0.00660	0.01037	0.00565	0.00942	0.00565	0.00754	0.01414	0.00188	0.84073	0.00377	0.00188	0.00471
51	0.01085	0.00657	0.00752	0.00695	0.00856	0.05310	0.00550	0.07541	0.02542	0.18330	0.01797	0.05861	0.09399	0.00921	0.00686	0.15857	0.00368	0.16465	0.09864	0.00463
52	0.60387	0.00814	0.00731	0.00622	0.00895	0.00897	0.00511	0.07401	0.00930	0.16066	0.00880	0.00921	0.00635	0.00439	0.00311	0.00131	0.00341	0.00291	0.06267	0.00529
53	0.01104	0.00942	0.00992	0.00883	0.01133	0.01087	0.00690	0.06822	0.76810	0.01855	0.01712	0.01574	0.01281	0.00581	0.00438	0.00145	0.00349	0.00481	0.00438	0.00685
54	0.00942	0.00942	0.01319	0.01131	0.01131	0.01319	0.00942	0.01037	0.00660	0.01037	0.00565	0.00942	0.00565	0.00754	0.01414	0.00188	0.84073	0.00377	0.00188	0.00471
55	0.03959	0.02179	0.79714	0.01204	0.01828	0.00999	0.01552	0.01361	0.00903	0.01384	0.00767	0.00902	0.00543	0.00409	0.00404	0.00136	0.00626	0.00315	0.00185	0.00631

[dist]
# distance from previous block
# <min> <max>
0	1

[block]
# block no. 6 follows, 61 sequences, length 35
# corresponding to MSA columns:
# 261-295
name=unknown_G
#
# <colnr> <probs for GDERKNQSTAVLIFYWHMCP>
#	G	D	E	R	K	N	Q	S	T	A	V	L	I	F	Y	W	H	M	C	P
0	0.03529	0.12173	0.23082	0.03229	0.12026	0.04890	0.06188	0.10479	0.04061	0.04259	0.00899	0.02069	0.00732	0.05340	0.01632	0.00155	0.04034	0.00376	0.00252	0.00594
1	0.00539	0.00389	0.00514	0.00609	0.00646	0.00363	0.00422	0.00626	0.00847	0.01119	0.02465	0.73553	0.06762	0.01323	0.00552	0.00176	0.00261	0.08080	0.00400	0.00355
2	0.00876	0.00748	0.00874	0.00632	0.01000	0.00564	0.00504	0.01064	0.00899	0.01400	0.02237	0.02373	0.02106	0.00359	0.00329	0.00068	0.00314	0.00291	0.00264	0.83097
3	0.06692	0.03421	0.01249	0.03917	0.01345	0.13550	0.00803	0.54831	0.06289	0.02266	0.00974	0.01004	0.00713	0.00496	0.00411	0.00127	0.00507	0.00364	0.00375	0.00665
4	0.00547	0.00398	0.00519	0.00602	0.00652	0.00371	0.00427	0.00646	0.00879	0.01157	0.06223	0.62984	0.11337	0.01282	0.00549	0.00173	0.00261	0.10231	0.00403	0.00359
5	0.00978	0.25539	0.32327	0.01089	0.01502	0.02968	0.10847	0.01275	0.00895	0.02416	0.01768	0.04971	0.00737	0.00551	0.02662	0.00145	0.08180	0.00375	0.00209	0.00566
6	0.00667	0.00477	0.00631	0.03005	0.00834	0.00461	0.00562	0.00839	0.02133	0.03749	0.06897	0.22223	0.16064	0.01142	0.00554	0.00176	0.00326	0.38459	0.00401	0.00398
7	0.00555	0.00402	0.00509	0.00586	0.00634	0.00375	0.00399	0.02467	0.00872	0.01155	0.02553	0.71542	0.11952	0.01282	0.00537	0.00169	0.00250	0.01151	0.02249	0.00361
8	0.00843	0.00796	0.01345	0.74402	0.12162	0.00965	0.01211	0.01126	0.00875	0.01136	0.00771	0.01139	0.00587	0.00425	0.00430	0.00142	0.00567	0.00383	0.00194	0.00502
9	0.00825	0.06740	0.03070	0.06447	0.04951	0.00697	0.02892	0.04383	0.02728	0.05929	0.05067	0.14348	0.20821	0.00895	0.00545	0.01792	0.03340	0.13715	0.00351	0.00463
10	0.16168	0.00687	0.00798	0.00677	0.00928	0.00669	0.00547	0.01601	0.09190	0.37984	0.06247	0.04456	0.10089	0.00649	0.00424	0.00139	0.00325	0.04117	0.03720	0.00584
11	0.04816	0.00689	0.00780	0.00674	0.00884	0.00705	0.00530	0.14626	0.10675	0.19889	0.04583	0.11213	0.03878	0.00648	0.00410	0.00131	0.00312	0.00535	0.23465	0.00560
12	0.01019	0.09743	0.05070	0.07487	0.26826	0.04454	0.05758	0.05050	0.05555	0.03206	0.01004	0.06995	0.00888	0.00825	0.10075	0.00199	0.04576	0.00443	0.00252	0.00574
13	0.00965	0.06048	0.20265	0.18750	0.13204	0.07675	0.09435	0.03203	0.00939	0.01251	0.00863	0.01232	0.00724	0.10216	0.00621	0.00164	0.00573	0.00393	0.02938	0.00539
14	0.03554	0.00797	0.01015	0.00785	0.01108	0.00743	0.00647	0.14944	0.01347	0.63461	0.04042	0.01493	0.02914	0.00551	0.00433	0.00133	0.00375	0.00443	0.00506	0.00709
15	0.00568	0.00422	0.00562	0.00668	0.02941	0.00404	0.00448	0.00697	0.03332	0.01160	0.05183	0.68438	0.05711	0.01311	0.02525	0.00184	0.00285	0.04391	0.00394	0.00375
16	0.02602	0.12758	0.20722	0.01184	0.06872	0.12992	0.06894	0.06944	0.06949	0.05396	0.02352	0.01021	0.00726	0.00479	0.00518	0.00133	0.10258	0.00356	0.00254	0.00593
17	0.00733	0.00384	0.00576	0.00576	0.00585	0.00393	0.00393	0.00585	0.00576	0.00777	0.00795	0.01354	0.00786	0.01698	0.11142	0.77393	0.00465	0.00384	0.00192	0.00210
18	0.00544	0.00399	0.00514	0.00600	0.00641	0.00378	0.00406	0.00665	0.03872	0.01130	0.02471	0.76608	0.07557	0.01305	0.00543	0.00172	0.00251	0.01178	0.00401	0.00363
19	0.00707	0.00487	0.00751	0.06619	0.03409	0.00525	0.02982	0.00723	0.00681	0.00932	0.01088	0.11153	0.01114	0.07955	0.22136	0.34860	0.02810	0.00519	0.00230	0.00318
20	0.01050	0.48709	0.12477	0.01978	0.02175	0.07515	0.02070	0.01253	0.01851	0.01142	0.06403	0.03701	0.04113	0.00491	0.00386	0.00113	0.03453	0.00357	0.00226	0.00536
21	0.01378	0.01652	0.03202	0.04085	0.03483	0.52549	0.00894	0.01507	0.01049	0.03212	0.00686	0.00874	0.00583	0.00563	0.01932	0.00142	0.21171	0.00316	0.00220	0.00504
22	0.00618	0.00453	0.00648	0.00648	0.00709	0.00514	0.00483	0.00741	0.00679	0.00967	0.01194	0.01918	0.01175	0.19557	0.66962	0.00637	0.01007	0.00495	0.00237	0.00360
23	0.00748	0.00374	0.00561	0.00561	0.00561	0.00374	0.00374	0.00561	0.00561	0.00748	0.00748	0.01309	0.00748	0.01496	0.01684	0.87467	0.00374	0.00374	0.00187	0.00187
24	0.01353	0.11256	0.04078	0.00956	0.05075	0.30181	0.00747	0.14124	0.01228	0.07528	0.02597	0.01136	0.02520	0.00481	0.00378	0.00115	0.00523	0.00352	0.14817	0.00553
25	0.03133	0.12202	0.09689	0.00948	0.04480	0.13886	0.02811	0.05733	0.01045	0.09155	0.06056	0.03766	0.09047	0.02751	0.00550	0.00139	0.08032	0.02656	0.00296	0.03625
26	0.00892	0.13595	0.12132	0.00878	0.05891	0.09723	0.02512	0.04774	0.01046	0.01327	0.12287	0.09303	0.20327	0.00715	0.00437	0.00131	0.00413	0.00592	0.02532	0.00490
27	0.03211	0.06760	0.35072	0.06686	0.02624	0.09060	0.03313	0.06740	0.03577	0.02311	0.01949	0.10762	0.00910	0.00535	0.00416	0.00133	0.00539	0.00437	0.00252	0.04713
28	0.04281	0.07906	0.15937	0.00956	0.04776	0.06200	0.03058	0.10011	0.06523	0.05130	0.06416	0.13211	0.01281	0.00734	0.03126	0.02401	0.00472	0.02473	0.00312	0.04797
29	0.00986	0.13521	0.16830	0.04081	0.11059	0.06262	0.06650	0.04373	0.03348	0.03207	0.08939	0.06994	0.02379	0.04602	0.00503	0.00141	0.00486	0.00464	0.00271	0.04903
30	0.02184	0.20336	0.15292	0.03171	0.01386	0.07116	0.10621	0.05847	0.05783	0.08047	0.04434	0.05227	0.00954	0.00644	0.04981	0.00157	0.00547	0.00413	0.00277	0.02585
31	0.05821	0.17614	0.16567	0.01053	0.06847	0.09089	0.04720	0.10003	0.04691	0.05094	0.02877	0.07181	0.00944	0.02483	0.02116	0.00146	0.00517	0.01389	0.00277	0.00572
32	0.04741	0.14556	0.17670	0.04805	0.02209	0.04982	0.05202	0.11111	0.05005	0.05802	0.05245	0.06279	0.03133	0.00626	0.03070	0.00147	0.00502	0.01330	0.00293	0.03293
33	0.03098	0.13863	0.15794	0.03040	0.05856	0.05724	0.01947	0.11515	0.04970	0.06484	0.03304	0.09450	0.07720	0.00655	0.02175	0.00143	0.00468	0.00486	0.02745	0.00563
34	0.04721	0.12083	0.17780	0.04906	0.06323	0.08751	0.05626	0.15370	0.05426	0.01566	0.04753	0.06702	0.00979	0.00526	0.00413	0.00130	0.00512	0.01487	0.00284	0.01661

[dist]
# distance from previous block
# <min> <max>
5	43

[block]
# block no. 7 follows, 61 sequences, length 19
# corresponding to MSA columns:
# 342-360
name=unknown_H
#
# <colnr> <probs for GDERKNQSTAVLIFYWHMCP>
#	G	D	E	R	K	N	Q	S	T	A	V	L	I	F	Y	W	H	M	C	P
0	0.00924	0.12369	0.16691	0.00891	0.04581	0.00834	0.04401	0.05358	0.03192	0.07155	0.09533	0.10740	0.10829	0.04419	0.01726	0.00153	0.00422	0.00562	0.01495	0.03725
1	0.01083	0.09347	0.09664	0.02348	0.05220	0.08515	0.05158	0.11445	0.08114	0.06036	0.02847	0.09188	0.05020	0.03361	0.05955	0.00182	0.05162	0.00496	0.00306	0.00552
2	0.02290	0.08364	0.04882	0.07089	0.08247	0.00766	0.03259	0.05611	0.03740	0.07592	0.08232	0.14196	0.13842	0.00750	0.00456	0.00140	0.00377	0.05269	0.01847	0.03051
3	0.02890	0.12365	0.25109	0.02519	0.10242	0.05572	0.05867	0.07804	0.04827	0.04192	0.06391	0.03270	0.00980	0.03655	0.02373	0.00153	0.00534	0.00408	0.00265	0.00585
4	0.03467	0.15417	0.13720	0.09140	0.06175	0.03078	0.12117	0.15289	0.02992	0.09127	0.01012	0.02318	0.02077	0.00469	0.00413	0.00130	0.00525	0.01641	0.00286	0.00609
5	0.00640	0.04528	0.00616	0.00567	0.00660	0.00455	0.00413	0.00766	0.02349	0.03400	0.22354	0.36363	0.16044	0.01095	0.00573	0.05116	0.00254	0.00910	0.02515	0.00384
6	0.01010	0.11567	0.12250	0.09037	0.11074	0.03672	0.07413	0.04890	0.07883	0.06275	0.04815	0.03456	0.07857	0.01761	0.04035	0.00160	0.00508	0.00463	0.01314	0.00563
7	0.03851	0.10004	0.07590	0.17944	0.08562	0.09476	0.07802	0.07445	0.05284	0.06792	0.01002	0.06810	0.00844	0.02547	0.00480	0.00141	0.02168	0.00430	0.00270	0.00560
8	0.02334	0.07250	0.03831	0.00807	0.03028	0.12530	0.03460	0.03028	0.04130	0.03264	0.12776	0.21254	0.05937	0.07420	0.02395	0.02027	0.01875	0.00662	0.01541	0.00449
9	0.00588	0.04515	0.00584	0.00564	0.00634	0.00446	0.00401	0.00670	0.00839	0.01076	0.02518	0.39373	0.19816	0.17438	0.00851	0.00214	0.00300	0.08460	0.00362	0.00350
10	0.01046	0.06230	0.10224	0.12805	0.32234	0.04444	0.05836	0.07760	0.03985	0.01427	0.00955	0.03735	0.02327	0.00453	0.00420	0.00129	0.00522	0.00405	0.00243	0.04823
11	0.02937	0.00947	0.06167	0.05252	0.10529	0.03666	0.03325	0.12541	0.17342	0.08851	0.05600	0.11376	0.05058	0.00666	0.00456	0.00143	0.00418	0.03772	0.00367	0.00587
12	0.06794	0.00454	0.00567	0.00568	0.00639	0.00465	0.00403	0.00730	0.00747	0.02918	0.05000	0.12499	0.12047	0.16826	0.20602	0.16970	0.00521	0.00625	0.00291	0.00332
13	0.01008	0.00930	0.05286	0.13844	0.34870	0.00861	0.02943	0.03077	0.02538	0.06553	0.02470	0.04945	0.03410	0.00471	0.00421	0.00124	0.00460	0.00428	0.00264	0.15096
14	0.08383	0.02809	0.01379	0.17325	0.24009	0.05096	0.03841	0.19453	0.01203	0.05168	0.04791	0.01144	0.00823	0.00465	0.00438	0.00133	0.02254	0.00389	0.00289	0.00606
15	0.02538	0.03522	0.02549	0.02031	0.00770	0.05729	0.00468	0.00888	0.06165	0.01228	0.08039	0.17546	0.33414	0.07717	0.00621	0.00168	0.00314	0.03387	0.02503	0.00404
16	0.01016	0.00902	0.03898	0.37813	0.22481	0.03044	0.02645	0.03356	0.03436	0.08753	0.04278	0.04625	0.00908	0.00489	0.00438	0.00138	0.00511	0.00439	0.00263	0.00566
17	0.01131	0.09669	0.01467	0.10605	0.32398	0.15014	0.00999	0.04315	0.03090	0.02850	0.00833	0.01073	0.00699	0.02547	0.05167	0.00161	0.02597	0.00357	0.00233	0.04794
18	0.03986	0.10992	0.10177	0.03812	0.01151	0.02175	0.09553	0.03835	0.00959	0.04971	0.06078	0.17434	0.11416	0.06977	0.00581	0.00161	0.00419	0.02676	0.00312	0.02335

[dist]
# distance from previous block
# <min> <max>
12	51

[block]
# block no. 8 follows, 61 sequences, length 7
# corresponding to MSA columns:
# 417-423
name=unknown_I
#
# <colnr> <probs for GDERKNQSTAVLIFYWHMCP>
#	G	D	E	R	K	N	Q	S	T	A	V	L	I	F	Y	W	H	M	C	P
0	0.01047	0.08608	0.06058	0.05757	0.16667	0.09863	0.04385	0.08965	0.01040	0.04094	0.02728	0.06045	0.03834	0.06971	0.07394	0.00200	0.02197	0.03340	0.00274	0.00534
1	0.00565	0.00440	0.00519	0.00555	0.00648	0.00407	0.00400	0.00736	0.05355	0.01243	0.12466	0.37697	0.32117	0.01151	0.00525	0.00159	0.00243	0.03981	0.00411	0.00382
2	0.01070	0.05170	0.09940	0.09016	0.15993	0.08368	0.04675	0.06765	0.05126	0.08212	0.06433	0.06308	0.07336	0.00593	0.00444	0.00136	0.00479	0.03061	0.00308	0.00568
3	0.04698	0.05968	0.12016	0.06059	0.12424	0.14079	0.04868	0.11333	0.04965	0.10573	0.01099	0.03684	0.03552	0.00503	0.00437	0.00131	0.02309	0.00404	0.00295	0.00601
4	0.03399	0.00629	0.02642	0.04057	0.00852	0.03584	0.03722	0.03879	0.04681	0.01131	0.05047	0.11827	0.04086	0.31188	0.09743	0.07773	0.00487	0.00612	0.00289	0.00372
5	0.02777	0.00614	0.00732	0.00667	0.00819	0.02682	0.04137	0.08932	0.03840	0.06108	0.14929	0.23432	0.18746	0.04318	0.00553	0.00157	0.00310	0.00787	0.05011	0.00450
6	0.04686	0.04561	0.10003	0.08784	0.08564	0.09567	0.06251	0.12121	0.07086	0.06865	0.03018	0.06352	0.04241	0.03451	0.00512	0.00145	0.02458	0.00462	0.00303	0.00570

[dist]
# distance from previous block
# <min> <max>
14	44

[block]
# block no. 9 follows, 61 sequences, length 9
# corresponding to MSA columns:
# 494-502
name=unknown_J
#
# <colnr> <probs for GDERKNQSTAVLIFYWHMCP>
#	G	D	E	R	K	N	Q	S	T	A	V	L	I	F	Y	W	H	M	C	P
0	0.00800	0.00714	0.00694	0.00674	0.00798	0.10911	0.00500	0.04062	0.09547	0.01345	0.18200	0.16366	0.14664	0.09222	0.05215	0.00203	0.00394	0.04888	0.00375	0.00428
1	0.04545	0.03176	0.27062	0.04363	0.12509	0.10732	0.01056	0.07695	0.01054	0.05501	0.03875	0.04254	0.00843	0.00531	0.02244	0.00137	0.00541	0.00380	0.00260	0.09243
2	0.10581	0.00781	0.04608	0.05576	0.10187	0.00754	0.03956	0.04148	0.11562	0.07968	0.07034	0.16679	0.07126	0.03835	0.03149	0.00172	0.00403	0.00614	0.00347	0.00521
3	0.00736	0.00484	0.00580	0.00579	0.00665	0.00475	0.00416	0.06267	0.00946	0.04455	0.10134	0.22598	0.08575	0.21685	0.03187	0.00232	0.00336	0.07365	0.09897	0.00387
4	0.00654	0.00581	0.03609	0.06422	0.03635	0.00539	0.00563	0.00874	0.05572	0.01313	0.19710	0.16106	0.22701	0.05425	0.00623	0.00168	0.02670	0.08042	0.00376	0.00418
5	0.02252	0.00986	0.08782	0.05686	0.32006	0.02135	0.06442	0.04365	0.04933	0.02547	0.01239	0.11069	0.03480	0.04048	0.01949	0.00159	0.00487	0.03408	0.00273	0.03755
6	0.00925	0.00953	0.02480	0.01013	0.07670	0.16755	0.05154	0.02935	0.06535	0.01244	0.04764	0.27049	0.06852	0.02937	0.00610	0.00158	0.08090	0.03087	0.00319	0.00470
7	0.00715	0.00510	0.00684	0.00657	0.00752	0.00559	0.00496	0.05179	0.02909	0.01136	0.01190	0.04086	0.01127	0.11264	0.50958	0.06907	0.00841	0.00479	0.05607	0.03947
8	0.13723	0.18616	0.03569	0.07184	0.11121	0.10442	0.02068	0.12293	0.03347	0.01535	0.06547	0.04379	0.02473	0.00503	0.00382	0.00124	0.00470	0.00392	0.00279	0.00554

[dist]
# distance from previous block
# <min> <max>
3	11

[block]
# block no. 10 follows, 61 sequences, length 21
# corresponding to MSA columns:
# 515-535
name=unknown_K
#
# <colnr> <probs for GDERKNQSTAVLIFYWHMCP>
#	G	D	E	R	K	N	Q	S	T	A	V	L	I	F	Y	W	H	M	C	P
0	0.00989	0.09753	0.17938	0.00896	0.01205	0.04799	0.08106	0.03176	0.02127	0.10019	0.06265	0.10354	0.06103	0.02905	0.00484	0.00143	0.00448	0.05585	0.05457	0.03249
1	0.03373	0.03035	0.26561	0.05897	0.06253	0.07420	0.02983	0.02216	0.03001	0.04960	0.03659	0.11499	0.01123	0.02531	0.03713	0.00169	0.04388	0.03104	0.03583	0.00533
2	0.04311	0.00719	0.00931	0.12505	0.16040	0.05496	0.00724	0.04515	0.02736	0.01296	0.04036	0.35237	0.01708	0.04684	0.00549	0.00162	0.00394	0.00740	0.02750	0.00466
3	0.34264	0.02713	0.00673	0.00616	0.00792	0.05280	0.00468	0.03247	0.03381	0.01489	0.01644	0.25928	0.10725	0.03878	0.00468	0.00153	0.00330	0.00633	0.00326	0.02991
4	0.00947	0.07906	0.06049	0.00832	0.01079	0.09231	0.06542	0.05630	0.04022	0.02945	0.09469	0.11155	0.04971	0.05638	0.05082	0.00171	0.02586	0.00528	0.00304	0.14912
5	0.04730	0.17566	0.11281	0.03144	0.08465	0.08337	0.04877	0.06849	0.07935	0.07155	0.02120	0.01051	0.00757	0.00524	0.01806	0.03910	0.00501	0.00344	0.00270	0.08376
6	0.00640	0.00420	0.00487	0.00491	0.00512	0.00412	0.00294	0.00671	0.00711	0.02389	0.06784	0.11432	0.03518	0.65188	0.01795	0.00355	0.00375	0.00696	0.02535	0.00294
7	0.08571	0.19006	0.06779	0.02590	0.10523	0.03752	0.06962	0.04818	0.02240	0.01351	0.04877	0.10953	0.05313	0.04500	0.00494	0.00146	0.00442	0.04453	0.01719	0.00512
8	0.00729	0.01989	0.04018	0.02094	0.03354	0.02270	0.03839	0.00867	0.02761	0.04092	0.08345	0.19940	0.11710	0.21134	0.05092	0.03776	0.01455	0.00724	0.01418	0.00394
9	0.02724	0.04339	0.28343	0.09178	0.14121	0.08064	0.04846	0.07773	0.01004	0.01375	0.00869	0.03519	0.00720	0.02649	0.06424	0.00181	0.02683	0.00387	0.00227	0.00576
10	0.02144	0.00418	0.00507	0.00551	0.00605	0.00407	0.00376	0.00739	0.02838	0.01228	0.10910	0.44320	0.04762	0.13871	0.02704	0.00207	0.00288	0.00913	0.11852	0.00361
11	0.00701	0.00462	0.00559	0.00569	0.00642	0.00452	0.00400	0.04937	0.00894	0.03600	0.07457	0.27070	0.08954	0.21728	0.03890	0.03412	0.00340	0.05088	0.08480	0.00367
12	0.02356	0.06885	0.12063	0.14249	0.15127	0.02211	0.07746	0.08201	0.00996	0.01356	0.01250	0.08439	0.07303	0.05565	0.00567	0.00154	0.02953	0.00498	0.01546	0.00536
13	0.00916	0.03291	0.05492	0.06782	0.10690	0.02018	0.04717	0.03686	0.04742	0.05359	0.08116	0.03137	0.01136	0.05927	0.02552	0.29846	0.00447	0.00452	0.00265	0.00428
14	0.00631	0.00485	0.00568	0.00583	0.00691	0.00461	0.00429	0.05470	0.04802	0.01347	0.14167	0.34156	0.28738	0.01106	0.00520	0.00157	0.00257	0.04615	0.00414	0.00403
15	0.00758	0.00489	0.00599	0.02536	0.00743	0.00460	0.00437	0.04648	0.00986	0.09850	0.09491	0.32589	0.21008	0.08355	0.00652	0.00176	0.00285	0.02277	0.03249	0.00415
16	0.02991	0.08639	0.14860	0.04602	0.15338	0.06941	0.10735	0.06058	0.01959	0.04514	0.02564	0.05499	0.05959	0.00538	0.00503	0.00137	0.06884	0.00450	0.00259	0.00572
17	0.01203	0.03996	0.06625	0.00935	0.02826	0.15573	0.02248	0.13068	0.03453	0.12009	0.01391	0.11865	0.06373	0.02096	0.03107	0.00161	0.09587	0.00514	0.02425	0.00546
18	0.00763	0.00574	0.00728	0.02436	0.00851	0.01936	0.01784	0.06434	0.03276	0.03171	0.03208	0.15580	0.08768	0.05804	0.30187	0.00351	0.00628	0.02644	0.05303	0.05574
19	0.02410	0.10393	0.13578	0.05821	0.14011	0.16308	0.07802	0.09060	0.04380	0.03302	0.00943	0.02858	0.02615	0.00477	0.00455	0.00130	0.04237	0.00382	0.00252	0.00587
20	0.09172	0.06680	0.05452	0.02259	0.09629	0.10046	0.04378	0.11968	0.10340	0.05663	0.02539	0.05415	0.02201	0.05605	0.03154	0.00165	0.00492	0.01535	0.00310	0.02998

[dist]
# distance from previous block
# <min> <max>
3	54

[block]
# block no. 11 follows, 61 sequences, length 8
# corresponding to MSA columns:
# 604-611
name=unknown_L
#
# <colnr> <probs for GDERKNQSTAVLIFYWHMCP>
#	G	D	E	R	K	N	Q	S	T	A	V	L	I	F	Y	W	H	M	C	P
0	0.01098	0.14241	0.06283	0.03649	0.16633	0.06366	0.03592	0.09123	0.05503	0.07069	0.04084	0.08562	0.04627	0.02751	0.02131	0.00146	0.00473	0.00477	0.00299	0.02891
1	0.02562	0.09132	0.03732	0.10190	0.03537	0.07820	0.32404	0.04999	0.03124	0.03677	0.00982	0.02803	0.02297	0.05260	0.02705	0.00167	0.03370	0.00451	0.00246	0.00541
2	0.02757	0.00522	0.00635	0.00631	0.00744	0.00511	0.00464	0.06992	0.04082	0.08066	0.14373	0.38729	0.07836	0.04679	0.00578	0.00167	0.00285	0.04521	0.02993	0.00435
3	0.00961	0.06004	0.14787	0.07840	0.17046	0.05927	0.07426	0.02918	0.00982	0.04280	0.05024	0.07343	0.04712	0.03376	0.00529	0.00149	0.02759	0.05421	0.01975	0.00541
4	0.05648	0.03191	0.17259	0.08954	0.22873	0.06773	0.05504	0.07909	0.03976	0.05693	0.01055	0.05157	0.03147	0.00490	0.00423	0.00134	0.00524	0.00421	0.00265	0.00604
5	0.02953	0.00593	0.02981	0.04639	0.11521	0.02689	0.00583	0.00795	0.00723	0.01007	0.04569	0.05285	0.01040	0.06839	0.04475	0.45277	0.00433	0.00447	0.02823	0.00330
6	0.00670	0.00444	0.00536	0.00560	0.00652	0.00415	0.00407	0.02805	0.00962	0.04836	0.11351	0.34832	0.18689	0.04245	0.00563	0.00163	0.00259	0.05859	0.11362	0.00391
7	0.05697	0.07476	0.06738	0.03867	0.08012	0.06232	0.04013	0.15193	0.04132	0.01567	0.07881	0.19225	0.03533	0.00685	0.00439	0.00136	0.00425	0.00584	0.00326	0.03838

[dist]
# distance from previous block
# <min> <max>
0	11

[block]
# block no. 12 follows, 61 sequences, length 6
# corresponding to MSA columns:
# 625-630
name=unknown_M
#
# <colnr> <probs for GDERKNQSTAVLIFYWHMCP>
#	G	D	E	R	K	N	Q	S	T	A	V	L	I	F	Y	W	H	M	C	P
0	0.08722	0.02895	0.03474	0.00875	0.06389	0.07237	0.03633	0.07953	0.03038	0.04039	0.06558	0.13280	0.11934	0.08124	0.05665	0.00197	0.02889	0.00597	0.00324	0.02179
1	0.08539	0.08584	0.07356	0.05130	0.21938	0.12177	0.00908	0.08670	0.01048	0.01467	0.00840	0.04127	0.00713	0.00439	0.00378	0.00116	0.00488	0.00351	0.02762	0.13969
2	0.03577	0.03414	0.01153	0.06231	0.15620	0.10800	0.03850	0.09415	0.09233	0.02948	0.03347	0.05327	0.03166	0.08691	0.02883	0.00174	0.00486	0.02835	0.02736	0.04114
3	0.00911	0.00742	0.03096	0.00911	0.08769	0.02720	0.04841	0.09654	0.02947	0.06981	0.10598	0.12981	0.13817	0.11962	0.00703	0.00177	0.00379	0.03116	0.00358	0.04337
4	0.02646	0.05470	0.04001	0.05552	0.08049	0.02555	0.02504	0.10611	0.06475	0.05341	0.04687	0.12071	0.11305	0.08588	0.00610	0.00162	0.00397	0.02883	0.00335	0.05755
5	0.03299	0.07610	0.05327	0.05463	0.05252	0.07763	0.03243	0.16499	0.07633	0.05872	0.05146	0.08142	0.05356	0.00640	0.00491	0.00139	0.05034	0.04750	0.00333	0.02008

[dist]
# distance from previous block
# <min> <max>
21	113

[block]
# block no. 13 follows, 61 sequences, length 18
# corresponding to MSA columns:
# 780-797
name=unknown_N
#
# <colnr> <probs for GDERKNQSTAVLIFYWHMCP>
#	G	D	E	R	K	N	Q	S	T	A	V	L	I	F	Y	W	H	M	C	P
0	0.01135	0.05670	0.08313	0.05677	0.26689	0.02814	0.02870	0.12771	0.04339	0.08668	0.02206	0.05520	0.03271	0.04311	0.00505	0.00143	0.00471	0.00449	0.00299	0.03879
1	0.02617	0.03130	0.13773	0.06515	0.17848	0.02433	0.04787	0.11258	0.05502	0.10234	0.05233	0.04259	0.02662	0.00504	0.00425	0.00129	0.00470	0.00434	0.00308	0.07479
2	0.00966	0.02110	0.02609	0.03990	0.23182	0.05899	0.02576	0.05652	0.06856	0.04332	0.07674	0.08276	0.05070	0.10617	0.05066	0.00196	0.00474	0.00536	0.00305	0.03614
3	0.01094	0.03115	0.12316	0.06777	0.04154	0.04402	0.08175	0.07701	0.08893	0.11122	0.02687	0.02952	0.02896	0.02309	0.03659	0.00158	0.02663	0.02646	0.03270	0.09009
4	0.00990	0.00885	0.06971	0.01049	0.11367	0.05515	0.03516	0.06539	0.04453	0.09856	0.06277	0.21734	0.05061	0.02215	0.00528	0.00149	0.02830	0.04776	0.00349	0.04940
5	0.01174	0.07944	0.10995	0.01122	0.10178	0.07813	0.07308	0.08554	0.04776	0.11120	0.06286	0.02408	0.00967	0.00462	0.00404	0.00117	0.00473	0.00389	0.00304	0.17206
