[name]
unknown

[dist]
# distance from previous block
# <min> <max>
0	161

[block]
# block no. 0 follows, 67 sequences, length 45
# corresponding to MSA columns:
# 163-207
name=unknown_A
#
# <colnr> <probs for GDERKNQSTAVLIFYWHMCP>
#	G	D	E	R	K	N	Q	S	T	A	V	L	I	F	Y	W	H	M	C	P
0	0.00502	0.00393	0.00456	0.00482	0.00574	0.00351	0.00350	0.00607	0.00883	0.01121	0.12673	0.26581	0.43394	0.03245	0.03271	0.00167	0.00249	0.03990	0.00372	0.00339
1	0.02336	0.12591	0.22614	0.01106	0.08594	0.05118	0.08882	0.10304	0.08338	0.07772	0.00967	0.05418	0.00777	0.00527	0.02796	0.00137	0.00505	0.00383	0.00263	0.00572
2	0.00558	0.04143	0.00543	0.00529	0.00592	0.00402	0.00371	0.00638	0.00801	0.02200	0.08308	0.50285	0.13539	0.07591	0.02923	0.02415	0.00272	0.00916	0.02640	0.00337
3	0.00620	0.00381	0.00495	0.00495	0.00505	0.00391	0.00315	0.00581	0.00571	0.00771	0.01044	0.01999	0.01135	0.45527	0.13358	0.30407	0.00471	0.00482	0.00216	0.00236
4	0.00853	0.01693	0.59092	0.02411	0.06331	0.00893	0.07912	0.01243	0.00874	0.04941	0.02964	0.01088	0.04264	0.00431	0.00428	0.00129	0.03322	0.00357	0.00204	0.00571
5	0.00831	0.02080	0.05732	0.11605	0.30936	0.02079	0.13427	0.01085	0.03232	0.01222	0.04508	0.17996	0.02360	0.00575	0.00433	0.00133	0.00455	0.00549	0.00248	0.00515
6	0.46892	0.00731	0.00754	0.00617	0.00895	0.00750	0.00509	0.01552	0.00907	0.41212	0.01051	0.00995	0.00703	0.00432	0.00323	0.00124	0.00325	0.00307	0.00368	0.00554
7	0.00897	0.00662	0.02482	0.00636	0.00810	0.04909	0.00511	0.09791	0.05239	0.12210	0.30824	0.02560	0.15827	0.02848	0.01623	0.00144	0.00312	0.06852	0.00399	0.00462
8	0.00992	0.07443	0.29593	0.01098	0.07340	0.02238	0.09639	0.11192	0.00995	0.08669	0.01004	0.09433	0.00851	0.01803	0.05774	0.00163	0.00534	0.00427	0.00258	0.00555
9	0.00939	0.00892	0.01515	0.09608	0.70896	0.00907	0.01165	0.01169	0.00894	0.01266	0.00846	0.06518	0.00758	0.00420	0.00405	0.00123	0.00466	0.00408	0.00208	0.00598
10	0.00804	0.02074	0.83828	0.01143	0.01736	0.00931	0.01482	0.01270	0.00847	0.01270	0.00720	0.00847	0.00508	0.00381	0.00381	0.00127	0.00593	0.00296	0.00169	0.00593
11	0.01079	0.00965	0.04501	0.08158	0.25105	0.03672	0.09484	0.16759	0.04298	0.06958	0.01037	0.06957	0.00885	0.00513	0.00458	0.00131	0.03871	0.04312	0.00283	0.00573
12	0.00940	0.20713	0.07561	0.03317	0.01205	0.02078	0.13696	0.02706	0.02671	0.07860	0.14124	0.05945	0.03626	0.00558	0.00513	0.00127	0.11134	0.00457	0.00273	0.00495
13	0.88738	0.00776	0.00589	0.00527	0.00776	0.00900	0.00434	0.01179	0.00683	0.01799	0.00558	0.00651	0.00434	0.00372	0.00248	0.00124	0.00310	0.00217	0.00248	0.00434
14	0.01010	0.00782	0.01083	0.04328	0.15861	0.02456	0.06899	0.21460	0.01133	0.07231	0.01366	0.26426	0.01339	0.00699	0.00441	0.00136	0.00396	0.03579	0.02854	0.00523
15	0.00603	0.00431	0.00595	0.00683	0.00758	0.00423	0.00565	0.00758	0.00891	0.01171	0.05277	0.25351	0.02454	0.01135	0.00540	0.00177	0.00327	0.57130	0.00373	0.00358
16	0.05244	0.01107	0.01059	0.02684	0.01177	0.14964	0.00725	0.43140	0.07801	0.05690	0.01109	0.01421	0.00902	0.00548	0.00408	0.00127	0.00461	0.10489	0.00358	0.00587
17	0.01038	0.75373	0.12575	0.00745	0.01120	0.01503	0.00788	0.01210	0.00819	0.00985	0.00578	0.00669	0.00514	0.00348	0.00273	0.00091	0.00450	0.00225	0.00171	0.00525
18	0.01799	0.00683	0.00931	0.00714	0.01024	0.00589	0.00589	0.01954	0.01148	0.83682	0.01582	0.01365	0.00993	0.00496	0.00403	0.00124	0.00341	0.00403	0.00496	0.00683
19	0.00577	0.00430	0.00501	0.00479	0.00600	0.00385	0.00360	0.02769	0.01038	0.03414	0.39683	0.07179	0.39299	0.00912	0.00472	0.00132	0.00208	0.00782	0.00408	0.00373
20	0.07848	0.12834	0.17117	0.10913	0.12218	0.10829	0.05027	0.05480	0.02201	0.04807	0.03551	0.01061	0.03596	0.00425	0.00369	0.00118	0.00496	0.00342	0.00232	0.00534
21	0.00620	0.00491	0.02783	0.00579	0.01786	0.02826	0.00417	0.00725	0.00706	0.00999	0.01423	0.15051	0.04504	0.25134	0.28259	0.00369	0.00571	0.00583	0.11836	0.00336
22	0.00573	0.00430	0.00645	0.00645	0.00716	0.00501	0.00501	0.00716	0.00645	0.00931	0.01074	0.01576	0.01003	0.03008	0.84316	0.00645	0.01074	0.00430	0.00215	0.00358
23	0.00796	0.00721	0.01185	0.73912	0.05699	0.00881	0.01065	0.04467	0.00838	0.01083	0.00724	0.01069	0.00553	0.00453	0.00460	0.04580	0.00519	0.00356	0.00188	0.00449
24	0.01009	0.03419	0.09045	0.16767	0.36403	0.01828	0.07450	0.10227	0.01001	0.04546	0.00850	0.04121	0.00692	0.00418	0.00403	0.00125	0.00496	0.00387	0.00232	0.00580
25	0.01775	0.00722	0.00955	0.00732	0.01043	0.00648	0.00605	0.09083	0.01214	0.76460	0.01527	0.01329	0.00965	0.00495	0.00403	0.00124	0.00350	0.00400	0.00488	0.00682
26	0.00568	0.00488	0.05025	0.00570	0.00630	0.00431	0.00424	0.00649	0.00705	0.00950	0.01717	0.31297	0.05883	0.32467	0.09015	0.00290	0.02584	0.05694	0.00294	0.00319
27	0.00934	0.00900	0.01554	0.22281	0.60857	0.00940	0.04320	0.01183	0.00888	0.01241	0.00747	0.01014	0.00610	0.00367	0.00401	0.00123	0.00498	0.00362	0.00194	0.00586
28	0.00525	0.00414	0.00502	0.00567	0.02736	0.00379	0.00401	0.00650	0.02639	0.01095	0.03971	0.35892	0.37048	0.01120	0.01758	0.00158	0.00254	0.09170	0.00367	0.00352
29	0.01153	0.33483	0.02439	0.02009	0.01093	0.32165	0.00722	0.01275	0.00901	0.00986	0.00652	0.00823	0.00579	0.01803	0.04872	0.00138	0.10109	0.00273	0.04054	0.00469
30	0.03229	0.25552	0.33553	0.00970	0.03935	0.04173	0.04124	0.05403	0.02362	0.01259	0.00698	0.00809	0.00549	0.00366	0.00337	0.00106	0.00493	0.00277	0.00200	0.11605
31	0.10769	0.11995	0.04294	0.05753	0.15222	0.20300	0.11608	0.05010	0.00949	0.02634	0.00697	0.00869	0.00566	0.00451	0.02039	0.00129	0.05666	0.00316	0.00214	0.00520
32	0.00554	0.00409	0.00517	0.00490	0.00591	0.00372	0.00367	0.00730	0.01102	0.01529	0.71278	0.03126	0.15747	0.00849	0.00473	0.00128	0.00191	0.00744	0.00431	0.00372
33	0.00940	0.44607	0.42482	0.00912	0.01378	0.01263	0.01079	0.01235	0.00831	0.01105	0.00638	0.00744	0.00511	0.00362	0.00318	0.00106	0.00510	0.00255	0.00170	0.00553
34	0.00932	0.00848	0.01220	0.11459	0.38556	0.05808	0.02074	0.05216	0.05542	0.03443	0.01161	0.17408	0.02303	0.01700	0.00442	0.00134	0.00434	0.00521	0.00263	0.00536
35	0.00641	0.00554	0.01729	0.04265	0.08990	0.03004	0.01635	0.02347	0.04168	0.01158	0.08305	0.39220	0.17628	0.00964	0.00507	0.03030	0.00297	0.00827	0.00338	0.00393
36	0.00573	0.00429	0.00642	0.00641	0.00713	0.00498	0.00498	0.00717	0.00658	0.00949	0.03254	0.01613	0.01076	0.02950	0.82091	0.00631	0.01051	0.00438	0.00221	0.00359
37	0.00763	0.00718	0.01205	0.77619	0.07484	0.00879	0.01097	0.01024	0.00812	0.01043	0.00812	0.01145	0.02916	0.00416	0.00403	0.00133	0.00522	0.00371	0.00185	0.00454
38	0.02662	0.03309	0.11375	0.02818	0.31148	0.07403	0.08051	0.10710	0.04771	0.07057	0.00916	0.01056	0.01971	0.00498	0.03155	0.00139	0.01751	0.00364	0.00252	0.00591
39	0.00892	0.00952	0.06942	0.03956	0.41280	0.03341	0.10554	0.02120	0.05271	0.01270	0.02224	0.08624	0.07494	0.01637	0.00455	0.00132	0.01579	0.00484	0.00243	0.00550
40	0.00644	0.04583	0.02035	0.05488	0.06299	0.00608	0.00573	0.00801	0.02931	0.01137	0.13399	0.31679	0.09351	0.01061	0.06996	0.00184	0.09699	0.01818	0.00314	0.00398
41	0.00767	0.00627	0.00914	0.07035	0.06824	0.00684	0.05754	0.05709	0.00900	0.03736	0.17519	0.12805	0.05232	0.12347	0.02779	0.00188	0.13511	0.01944	0.00302	0.00421
42	0.01022	0.09536	0.14031	0.00925	0.04989	0.04050	0.06201	0.07974	0.05586	0.09085	0.02643	0.01046	0.00756	0.00629	0.07812	0.00152	0.01606	0.00333	0.00264	0.21358
43	0.02468	0.07253	0.35825	0.01254	0.14386	0.04352	0.03982	0.07132	0.03094	0.05476	0.00822	0.03346	0.00650	0.00444	0.00463	0.00127	0.07779	0.00347	0.00224	0.00576
44	0.00958	0.00736	0.02089	0.03021	0.04394	0.04551	0.08976	0.07015	0.07494	0.11729	0.01345	0.08536	0.06857	0.02150	0.10952	0.12353	0.04647	0.01442	0.00295	0.00459

[dist]
# distance from previous block
# <min> <max>
24	79

[block]
# block no. 1 follows, 67 sequences, length 7
# corresponding to MSA columns:
# 308-314
name=unknown_B
#
# <colnr> <probs for GDERKNQSTAVLIFYWHMCP>
#	G	D	E	R	K	N	Q	S	T	A	V	L	I	F	Y	W	H	M	C	P
0	0.02875	0.14900	0.21729	0.01032	0.09941	0.05238	0.03795	0.04555	0.00924	0.07148	0.03014	0.11504	0.01040	0.00631	0.03078	0.00141	0.00475	0.05625	0.00258	0.02095
1	0.03006	0.00911	0.12049	0.00920	0.10453	0.00670	0.02621	0.04412	0.00918	0.09027	0.02862	0.06078	0.00832	0.00417	0.00354	0.00096	0.00368	0.00353	0.01969	0.41685
2	0.00783	0.00564	0.00662	0.00602	0.04623	0.00503	0.00436	0.05700	0.00959	0.01478	0.15508	0.01640	0.06725	0.00505	0.00345	0.00094	0.00253	0.00420	0.29095	0.29105
3	0.00964	0.00682	0.00790	0.00660	0.00852	0.00682	0.00509	0.27308	0.01141	0.03730	0.08043	0.08695	0.07655	0.05091	0.02460	0.15120	0.00353	0.00488	0.00326	0.14451
4	0.00681	0.00521	0.00627	0.00572	0.00721	0.00475	0.00420	0.00840	0.05713	0.03577	0.01775	0.26615	0.13100	0.09469	0.03557	0.02944	0.03021	0.00657	0.00310	0.24404
5	0.00579	0.00383	0.00484	0.00535	0.00592	0.00350	0.00365	0.00653	0.00800	0.06365	0.02383	0.60704	0.15056	0.07990	0.00622	0.00174	0.00248	0.01002	0.00370	0.00344
6	0.00921	0.07327	0.18057	0.01035	0.09303	0.13780	0.04472	0.05984	0.01006	0.01298	0.13852	0.05440	0.05894	0.00593	0.00444	0.00127	0.03149	0.06553	0.00272	0.00493

[dist]
# distance from previous block
# <min> <max>
0	1

[block]
# block no. 2 follows, 67 sequences, length 37
# corresponding to MSA columns:
# 316-352
name=unknown_C
#
# <colnr> <probs for GDERKNQSTAVLIFYWHMCP>
#	G	D	E	R	K	N	Q	S	T	A	V	L	I	F	Y	W	H	M	C	P
0	0.00596	0.00379	0.00509	0.00576	0.00624	0.00352	0.00398	0.00677	0.00799	0.07489	0.02141	0.75778	0.02488	0.01222	0.01867	0.00168	0.00258	0.02944	0.00379	0.00355
1	0.00899	0.00754	0.00867	0.00632	0.00980	0.00615	0.00507	0.08102	0.04206	0.01428	0.00771	0.00870	0.00627	0.00323	0.00311	0.00068	0.00310	0.00257	0.00259	0.77216
2	0.03918	0.27766	0.03676	0.04324	0.06235	0.26112	0.00739	0.04022	0.03128	0.04413	0.00902	0.04712	0.03659	0.00545	0.03324	0.00126	0.00524	0.00335	0.00232	0.01305
3	0.00937	0.45694	0.31477	0.00850	0.01257	0.01243	0.00952	0.01233	0.04697	0.01092	0.00708	0.00847	0.00591	0.02505	0.04275	0.00136	0.00512	0.00274	0.00186	0.00535
4	0.00493	0.00400	0.00437	0.00443	0.00557	0.00344	0.00326	0.00606	0.00936	0.01170	0.18024	0.13731	0.59115	0.01010	0.00478	0.00137	0.00204	0.00861	0.00385	0.00344
5	0.00553	0.00378	0.00481	0.00526	0.00572	0.00357	0.00360	0.00606	0.03442	0.00976	0.02189	0.45287	0.18186	0.02751	0.00776	0.20811	0.00260	0.00863	0.00325	0.00302
6	0.00803	0.00894	0.11375	0.02257	0.02941	0.08839	0.06176	0.06224	0.05846	0.02070	0.05878	0.23140	0.13627	0.00777	0.00447	0.00138	0.00387	0.04892	0.02840	0.00450
7	0.00971	0.03839	0.06625	0.08765	0.10055	0.06301	0.13231	0.07782	0.01775	0.04935	0.00876	0.03598	0.00744	0.00820	0.11419	0.00201	0.14804	0.01484	0.01267	0.00507
8	0.00481	0.00407	0.00415	0.00413	0.00546	0.00341	0.00310	0.00588	0.00930	0.01120	0.09647	0.03799	0.77634	0.01002	0.00474	0.00135	0.00202	0.00838	0.00377	0.00341
9	0.00639	0.00446	0.00545	0.00556	0.00651	0.00423	0.00414	0.05582	0.00957	0.04234	0.17751	0.29904	0.18520	0.05539	0.00568	0.00160	0.00258	0.10070	0.02409	0.00374
10	0.01697	0.05999	0.29433	0.06350	0.08212	0.04423	0.03463	0.03425	0.06114	0.01247	0.01106	0.10978	0.03860	0.00553	0.00459	0.00131	0.06106	0.01776	0.04151	0.00515
11	0.00695	0.00824	0.12811	0.00867	0.03314	0.00710	0.07459	0.00912	0.03536	0.01156	0.07435	0.09529	0.21136	0.02340	0.04146	0.00172	0.16995	0.05249	0.00283	0.00432
12	0.00571	0.00411	0.00520	0.00552	0.00623	0.00391	0.00391	0.00748	0.06185	0.03037	0.25211	0.48902	0.08837	0.01052	0.00489	0.00148	0.00226	0.00940	0.00397	0.00369
13	0.00799	0.00456	0.00572	0.00534	0.00663	0.00411	0.00402	0.00932	0.00982	0.18026	0.27216	0.13212	0.19280	0.07954	0.00592	0.00156	0.00253	0.04056	0.03091	0.00414
14	0.00764	0.05875	0.05115	0.08903	0.01044	0.04601	0.03896	0.00966	0.04274	0.05375	0.09285	0.21432	0.10052	0.01706	0.04626	0.00165	0.03850	0.04205	0.03440	0.00424
15	0.02352	0.07694	0.02677	0.03776	0.02570	0.04286	0.09244	0.07420	0.21660	0.03452	0.01816	0.09762	0.12978	0.00755	0.00516	0.01811	0.01130	0.04341	0.01178	0.00582
16	0.01299	0.34351	0.04298	0.00838	0.01159	0.09359	0.00747	0.35536	0.03656	0.02996	0.00807	0.01799	0.00638	0.00428	0.00342	0.00106	0.00461	0.00304	0.00287	0.00587
17	0.22310	0.00718	0.00792	0.00651	0.00912	0.00699	0.03418	0.04063	0.12288	0.04205	0.02077	0.10892	0.04265	0.00511	0.00348	0.00109	0.00311	0.00416	0.00300	0.30715
18	0.00899	0.05459	0.43124	0.04126	0.03457	0.00949	0.05650	0.09918	0.00947	0.01363	0.01972	0.03758	0.00667	0.00437	0.00444	0.00122	0.06260	0.00345	0.00216	0.09885
19	0.02619	0.07325	0.01182	0.00859	0.01156	0.03109	0.00711	0.56397	0.05880	0.10102	0.01046	0.02864	0.00776	0.00581	0.03415	0.00138	0.00447	0.00374	0.00380	0.00639
20	0.00699	0.00420	0.00545	0.00536	0.00542	0.02705	0.00355	0.00583	0.00557	0.00733	0.00822	0.01523	0.00864	0.21202	0.01636	0.62012	0.03465	0.00401	0.00191	0.00208
21	0.00587	0.00432	0.00511	0.00507	0.00577	0.00422	0.00351	0.00760	0.07194	0.01179	0.26376	0.12115	0.13450	0.29419	0.01954	0.00228	0.00288	0.02956	0.00351	0.00341
22	0.01282	0.03000	0.01255	0.07995	0.10977	0.43045	0.04373	0.06846	0.04709	0.04501	0.00758	0.00897	0.00606	0.00476	0.01778	0.00126	0.06310	0.00317	0.00234	0.00515
23	0.00617	0.00407	0.00503	0.00536	0.00574	0.00397	0.00357	0.00704	0.03424	0.04636	0.01752	0.37329	0.01994	0.37361	0.01160	0.00259	0.00318	0.07028	0.00324	0.00320
24	0.07458	0.00921	0.01004	0.00793	0.01074	0.00984	0.00648	0.51799	0.01535	0.15339	0.01335	0.05012	0.07113	0.00551	0.00399	0.00124	0.00383	0.00430	0.02481	0.00616
25	0.00770	0.00597	0.00720	0.04437	0.01935	0.03917	0.02401	0.08543	0.04720	0.05423	0.07296	0.27121	0.15882	0.00978	0.03243	0.00162	0.00345	0.10726	0.00360	0.00423
26	0.01019	0.00830	0.00887	0.00788	0.01008	0.00943	0.00615	0.09712	0.64212	0.03341	0.04882	0.04894	0.01323	0.00575	0.00410	0.00134	0.00317	0.00480	0.03021	0.00610
27	0.00793	0.00466	0.00420	0.00413	0.00514	0.05409	0.00310	0.00975	0.00859	0.01464	0.01267	0.01449	0.00997	0.00464	0.00285	0.00094	0.00219	0.00367	0.82857	0.00379
28	0.01089	0.00962	0.01481	0.10411	0.48980	0.01016	0.04031	0.18714	0.03232	0.02597	0.00824	0.01012	0.00651	0.00404	0.00427	0.00124	0.02812	0.00365	0.00249	0.00618
29	0.00917	0.00820	0.01268	0.22981	0.36677	0.00895	0.00993	0.06052	0.08367	0.02102	0.00955	0.04983	0.00832	0.05516	0.00536	0.00145	0.03413	0.01767	0.00240	0.00542
30	0.00680	0.00562	0.00587	0.00591	0.00640	0.08108	0.00407	0.00758	0.01924	0.02481	0.07300	0.28310	0.04847	0.32150	0.01104	0.00237	0.05650	0.03028	0.00305	0.00331
31	0.03927	0.01198	0.01126	0.01928	0.01206	0.31034	0.06584	0.09485	0.01156	0.32085	0.01040	0.01047	0.00732	0.00538	0.03230	0.00136	0.02303	0.00346	0.00334	0.00568
32	0.00848	0.05206	0.04351	0.10804	0.13700	0.00827	0.02508	0.05695	0.05123	0.03662	0.00953	0.02475	0.00853	0.10436	0.21128	0.01393	0.08927	0.00409	0.00234	0.00468
33	0.00531	0.00415	0.00490	0.00562	0.00604	0.03359	0.00384	0.00610	0.00806	0.01047	0.05242	0.69927	0.09188	0.02797	0.00532	0.00162	0.00252	0.02394	0.00366	0.00333
34	0.37039	0.00625	0.00587	0.00516	0.00716	0.00671	0.00414	0.06007	0.00880	0.12848	0.01017	0.01100	0.00759	0.00433	0.00291	0.00112	0.00274	0.00313	0.34940	0.00459
35	0.00619	0.00454	0.00586	0.00593	0.03347	0.00457	0.03609	0.00704	0.04289	0.00889	0.01345	0.11739	0.01505	0.63539	0.04397	0.00341	0.00405	0.00623	0.00261	0.00299
36	0.20864	0.04046	0.03889	0.06687	0.04341	0.04724	0.06479	0.09788	0.03639	0.04688	0.00781	0.02897	0.00652	0.02522	0.00624	0.00142	0.20797	0.00350	0.01595	0.00496

[dist]
# distance from previous block
# <min> <max>
2	4

[block]
# block no. 3 follows, 67 sequences, length 20
# corresponding to MSA columns:
# 357-376
name=unknown_D
#
# <colnr> <probs for GDERKNQSTAVLIFYWHMCP>
#	G	D	E	R	K	N	Q	S	T	A	V	L	I	F	Y	W	H	M	C	P
0	0.00713	0.00555	0.00636	0.00546	0.00743	0.00483	0.00418	0.05541	0.03082	0.02959	0.12262	0.10967	0.23907	0.04310	0.00479	0.00123	0.00264	0.02032	0.02188	0.27793
1	0.00641	0.00381	0.00555	0.00555	0.00580	0.00406	0.00390	0.00596	0.00572	0.00787	0.00891	0.01499	0.00887	0.11330	0.30325	0.48157	0.00605	0.00403	0.00196	0.00246
2	0.00902	0.00948	0.06321	0.37959	0.28260	0.02644	0.09684	0.04913	0.00914	0.01228	0.00796	0.01062	0.01806	0.00392	0.00406	0.00128	0.00529	0.00371	0.00201	0.00535
3	0.01039	0.01025	0.06423	0.07050	0.14604	0.09906	0.06698	0.06211	0.24295	0.05997	0.02457	0.05570	0.02409	0.01635	0.01561	0.00139	0.01679	0.00439	0.00301	0.00563
4	0.00521	0.00371	0.00447	0.00494	0.00524	0.00350	0.00316	0.00570	0.00721	0.00943	0.02123	0.44270	0.13356	0.31886	0.01061	0.00241	0.00285	0.00898	0.00325	0.00298
5	0.01266	0.00664	0.00793	0.00703	0.04791	0.00661	0.00530	0.19000	0.01171	0.28004	0.01294	0.01313	0.00922	0.00474	0.00352	0.00110	0.00306	0.00380	0.36714	0.00552
6	0.03104	0.06839	0.08699	0.08710	0.07697	0.10871	0.07544	0.02321	0.02301	0.01131	0.01060	0.07164	0.01025	0.04296	0.07873	0.02049	0.04958	0.11664	0.00239	0.00455
7	0.00726	0.02148	0.00848	0.03949	0.10993	0.00575	0.04410	0.00862	0.00806	0.06559	0.03040	0.32357	0.05006	0.03791	0.13955	0.00232	0.04485	0.01562	0.03279	0.00417
8	0.00636	0.00625	0.07055	0.00561	0.00742	0.00515	0.00476	0.05119	0.10034	0.01373	0.23472	0.02992	0.43219	0.00836	0.00455	0.00132	0.00255	0.00704	0.00380	0.00419
9	0.00574	0.00425	0.00622	0.00622	0.00686	0.00489	0.00473	0.00702	0.00638	0.00914	0.01095	0.01690	0.01052	0.12060	0.75332	0.00617	0.00999	0.00446	0.00218	0.00346
10	0.00924	0.00840	0.06349	0.00785	0.05827	0.00668	0.00619	0.12631	0.00988	0.02998	0.00911	0.08971	0.00807	0.00428	0.00346	0.00087	0.00342	0.00355	0.00272	0.54852
11	0.00905	0.05353	0.02988	0.08392	0.29483	0.06469	0.04046	0.01950	0.00832	0.02295	0.00877	0.07647	0.00817	0.02211	0.11486	0.00203	0.12908	0.00420	0.00215	0.00503
12	0.00924	0.01120	0.07695	0.01612	0.02016	0.00984	0.73012	0.01264	0.00939	0.01280	0.00863	0.01218	0.00677	0.00375	0.00471	0.00137	0.00657	0.04011	0.00208	0.00537
13	0.00848	0.00734	0.00893	0.06920	0.04604	0.08057	0.04185	0.03822	0.07724	0.05008	0.30981	0.01980	0.05982	0.03731	0.03773	0.00159	0.08286	0.00532	0.01325	0.00452
14	0.00577	0.00429	0.00631	0.00636	0.00704	0.00492	0.00492	0.00713	0.00655	0.00935	0.01142	0.01800	0.01101	0.08408	0.74467	0.00603	0.00992	0.04647	0.00225	0.00351
15	0.01023	0.36530	0.23770	0.03666	0.01309	0.05087	0.02367	0.10544	0.03730	0.01252	0.00759	0.03297	0.00635	0.00486	0.02665	0.00125	0.01689	0.00308	0.00215	0.00544
16	0.00962	0.15689	0.35982	0.01110	0.07299	0.03372	0.07956	0.04647	0.03480	0.04909	0.00849	0.01077	0.00678	0.01511	0.01905	0.00132	0.00527	0.03709	0.00220	0.03988
17	0.05934	0.05635	0.13163	0.03242	0.01267	0.21246	0.06064	0.06609	0.04406	0.10148	0.04283	0.01160	0.02117	0.00478	0.00443	0.00121	0.06125	0.02878	0.00269	0.04411
18	0.01049	0.04877	0.07446	0.01989	0.04884	0.03212	0.04160	0.13766	0.08380	0.14273	0.11107	0.08119	0.06758	0.00723	0.04813	0.00152	0.00414	0.00502	0.00347	0.03027
19	0.04140	0.04524	0.06229	0.07143	0.01059	0.04114	0.02089	0.05805	0.02679	0.05416	0.04559	0.09601	0.08397	0.04898	0.01489	0.00152	0.00387	0.17256	0.00309	0.09753

[dist]
# distance from previous block
# <min> <max>
9	49

[block]
# block no. 4 follows, 67 sequences, length 31
# corresponding to MSA columns:
# 427-457
name=unknown_E
#
# <colnr> <probs for GDERKNQSTAVLIFYWHMCP>
#	G	D	E	R	K	N	Q	S	T	A	V	L	I	F	Y	W	H	M	C	P
0	0.13987	0.13102	0.02802	0.00934	0.06724	0.19739	0.02951	0.14309	0.06048	0.01434	0.02616	0.01041	0.02563	0.04086	0.02203	0.00137	0.03083	0.00331	0.00260	0.01649
1	0.02726	0.30309	0.03079	0.00861	0.01158	0.22645	0.00740	0.27614	0.03674	0.01511	0.00760	0.01817	0.00615	0.00424	0.00341	0.00105	0.00504	0.00293	0.00266	0.00558
2	0.00730	0.04074	0.00680	0.00598	0.00659	0.00511	0.00444	0.01958	0.02267	0.02848	0.02163	0.01314	0.00839	0.01692	0.24993	0.47116	0.03409	0.00374	0.01322	0.02008
3	0.00871	0.02524	0.05822	0.14435	0.36327	0.00862	0.03147	0.01089	0.00845	0.03028	0.00995	0.04626	0.04556	0.00643	0.05857	0.00161	0.07745	0.01692	0.00219	0.04557
4	0.00893	0.01891	0.03763	0.13340	0.23181	0.05387	0.10414	0.06608	0.03151	0.01245	0.01015	0.10489	0.00939	0.03490	0.08624	0.00189	0.01905	0.01750	0.01223	0.00504
5	0.00630	0.00452	0.00625	0.00709	0.00799	0.00447	0.00610	0.00807	0.00926	0.01208	0.06173	0.08269	0.04800	0.01098	0.00546	0.00179	0.00349	0.70633	0.00373	0.00367
6	0.00507	0.00369	0.00489	0.00555	0.00597	0.00355	0.00385	0.00594	0.00776	0.01036	0.05419	0.61324	0.08635	0.04064	0.10999	0.00227	0.00341	0.02643	0.00351	0.00331
7	0.00954	0.02712	0.03813	0.19349	0.18050	0.08950	0.06497	0.08615	0.03390	0.01279	0.00958	0.10151	0.00863	0.00527	0.00478	0.00131	0.07128	0.01478	0.04170	0.00508
8	0.00931	0.11492	0.33915	0.01201	0.09475	0.09020	0.10913	0.01278	0.04829	0.01226	0.02123	0.02248	0.00760	0.00447	0.00408	0.00125	0.02178	0.04912	0.01972	0.00544
9	0.00770	0.00715	0.01171	0.72748	0.06384	0.00873	0.01055	0.01067	0.04827	0.01063	0.00806	0.02779	0.00642	0.02961	0.00452	0.00141	0.00511	0.00383	0.00196	0.00455
10	0.00910	0.00724	0.00849	0.00611	0.00964	0.00560	0.00491	0.03628	0.00884	0.06181	0.00772	0.00867	0.00620	0.00315	0.00307	0.00065	0.00304	0.00251	0.00258	0.80438
11	0.00598	0.00439	0.00595	0.09599	0.00789	0.00484	0.00431	0.00679	0.00629	0.00860	0.01135	0.02075	0.01193	0.46529	0.31821	0.00454	0.00654	0.00503	0.00226	0.00307
12	0.00504	0.00396	0.00456	0.00465	0.00566	0.00348	0.00340	0.00625	0.00949	0.01225	0.26801	0.19962	0.43921	0.01007	0.00481	0.00138	0.00205	0.00870	0.00393	0.00348
13	0.00941	0.00889	0.01505	0.10805	0.68485	0.00907	0.01172	0.01178	0.00903	0.01272	0.00860	0.01284	0.00759	0.00422	0.00410	0.00126	0.00474	0.06804	0.00210	0.00594
14	0.00581	0.00397	0.00479	0.00479	0.00493	0.00411	0.00294	0.00610	0.00595	0.00808	0.01226	0.02415	0.01367	0.69387	0.18436	0.00440	0.00525	0.00553	0.00237	0.00266
15	0.04937	0.09913	0.10165	0.05834	0.03121	0.17007	0.16553	0.06142	0.00933	0.01206	0.00796	0.06606	0.00703	0.00557	0.02920	0.00143	0.11362	0.00388	0.00218	0.00497
16	0.88738	0.00776	0.00589	0.00527	0.00776	0.00900	0.00434	0.01179	0.00683	0.01799	0.00558	0.00651	0.00434	0.00372	0.00248	0.00124	0.00310	0.00217	0.00248	0.00434
17	0.00644	0.00410	0.00463	0.00454	0.00561	0.00383	0.00338	0.00823	0.02829	0.03656	0.25374	0.09435	0.21613	0.00767	0.00407	0.00120	0.00202	0.00653	0.30491	0.00377
18	0.00573	0.00430	0.00645	0.00645	0.00716	0.00501	0.00501	0.00716	0.00645	0.00931	0.01074	0.01576	0.01003	0.03008	0.84316	0.00645	0.01074	0.00430	0.00215	0.00358
19	0.00474	0.00406	0.00406	0.00406	0.00542	0.00339	0.00305	0.00576	0.00914	0.01083	0.04063	0.03860	0.83241	0.01016	0.00474	0.00135	0.00203	0.00846	0.00372	0.00339
20	0.01538	0.01102	0.01190	0.00913	0.01233	0.01212	0.00754	0.78213	0.01850	0.06432	0.00993	0.00982	0.00697	0.00482	0.00401	0.00121	0.00437	0.00363	0.00406	0.00682
21	0.00679	0.00543	0.00715	0.00795	0.11694	0.00536	0.00517	0.00996	0.12323	0.01520	0.50458	0.02571	0.11223	0.00731	0.00449	0.00127	0.00247	0.00642	0.02791	0.00444
22	0.00639	0.00492	0.00540	0.00511	0.00614	0.05242	0.00383	0.00816	0.01080	0.01518	0.61651	0.02726	0.09038	0.00763	0.00441	0.00121	0.00221	0.00660	0.12164	0.00380
23	0.01477	0.01773	0.01133	0.01011	0.01231	0.71017	0.00767	0.10685	0.05066	0.01188	0.00706	0.00787	0.00569	0.00427	0.00368	0.00107	0.00672	0.00279	0.00238	0.00497
24	0.00580	0.00443	0.00665	0.04783	0.00811	0.00514	0.00525	0.00729	0.00669	0.00955	0.03076	0.01630	0.02686	0.02788	0.76515	0.00597	0.01009	0.00441	0.00222	0.00362
25	0.00582	0.00475	0.00722	0.00692	0.00788	0.00486	0.07557	0.00717	0.00784	0.01058	0.04733	0.27544	0.12988	0.01666	0.27685	0.00314	0.03188	0.07354	0.00303	0.00366
26	0.01000	0.00852	0.01218	0.51507	0.07942	0.00999	0.01000	0.23740	0.05140	0.01497	0.00831	0.01055	0.00617	0.00427	0.00401	0.00129	0.00494	0.00363	0.00253	0.00534
27	0.00829	0.01316	0.35928	0.01009	0.01347	0.00902	0.05853	0.05066	0.00822	0.01219	0.00754	0.00989	0.00615	0.00866	0.14145	0.00214	0.18042	0.00337	0.00198	0.09550
28	0.88738	0.00776	0.00589	0.00527	0.00776	0.00900	0.00434	0.01179	0.00683	0.01799	0.00558	0.00651	0.00434	0.00372	0.00248	0.00124	0.00310	0.00217	0.00248	0.00434
29	0.39096	0.00765	0.02334	0.00641	0.00901	0.00780	0.00533	0.10345	0.02266	0.25898	0.06102	0.03439	0.03275	0.00502	0.00347	0.00126	0.00328	0.01431	0.00359	0.00531
30	0.03584	0.01082	0.01181	0.22254	0.17695	0.22057	0.01963	0.07667	0.04945	0.04756	0.00958	0.02414	0.03811	0.00538	0.03281	0.00140	0.00542	0.00370	0.00246	0.00518

[dist]
# distance from previous block
# <min> <max>
1	7

[block]
# block no. 5 follows, 67 sequences, length 42
# corresponding to MSA columns:
# 465-506
name=unknown_F
#
# <colnr> <probs for GDERKNQSTAVLIFYWHMCP>
#	G	D	E	R	K	N	Q	S	T	A	V	L	I	F	Y	W	H	M	C	P
0	0.01504	0.01020	0.01139	0.00887	0.01193	0.02421	0.02353	0.56325	0.08426	0.17491	0.01144	0.02375	0.00811	0.00497	0.00405	0.00123	0.00418	0.00389	0.00412	0.00666
1	0.00627	0.00354	0.00503	0.00532	0.00541	0.00348	0.00355	0.00545	0.00608	0.00809	0.01210	0.25759	0.01356	0.07527	0.01272	0.54286	0.00318	0.02580	0.00241	0.00228
2	0.00979	0.00895	0.00846	0.03691	0.02343	0.16075	0.00596	0.18228	0.09191	0.01429	0.06018	0.12266	0.11825	0.04954	0.06733	0.00180	0.00457	0.02496	0.00328	0.00471
3	0.01348	0.01434	0.01052	0.04653	0.02179	0.49865	0.00728	0.10063	0.06610	0.07662	0.03027	0.07748	0.00875	0.00513	0.00389	0.00116	0.00572	0.00382	0.00281	0.00504
4	0.00832	0.00713	0.00832	0.00594	0.00950	0.00535	0.00475	0.01010	0.00832	0.01307	0.00713	0.00832	0.00594	0.00297	0.00297	0.00059	0.00297	0.00238	0.00238	0.88357
5	0.00540	0.00411	0.00502	0.00495	0.00597	0.00378	0.00375	0.00686	0.00981	0.01309	0.40031	0.05190	0.30343	0.04346	0.06526	0.00181	0.00278	0.06086	0.00388	0.00356
6	0.00832	0.00803	0.01272	0.22376	0.20130	0.00962	0.04800	0.01014	0.00780	0.01091	0.00974	0.03478	0.06193	0.00581	0.00735	0.00148	0.29927	0.03220	0.00208	0.00478
7	0.00681	0.00520	0.00629	0.00663	0.00778	0.00537	0.00535	0.01037	0.18333	0.01262	0.02228	0.12929	0.13091	0.04193	0.00553	0.00169	0.00313	0.37193	0.03945	0.00412
8	0.00542	0.00444	0.00478	0.00462	0.00586	0.01730	0.00347	0.02134	0.01010	0.01289	0.31351	0.04489	0.51846	0.00931	0.00471	0.00132	0.00211	0.00790	0.00394	0.00360
9	0.01000	0.00950	0.06448	0.00841	0.01095	0.01000	0.00695	0.04430	0.74837	0.01676	0.01552	0.01437	0.01160	0.00531	0.00406	0.00135	0.00339	0.00440	0.00392	0.00633
10	0.00573	0.00430	0.00645	0.00645	0.00716	0.00501	0.00501	0.00716	0.00645	0.00931	0.01074	0.01576	0.01003	0.03008	0.84316	0.00645	0.01074	0.00430	0.00215	0.00358
11	0.00574	0.00425	0.00622	0.00622	0.00686	0.00489	0.00474	0.00702	0.00638	0.00915	0.01094	0.01687	0.01051	0.11851	0.75540	0.00617	0.01001	0.00446	0.00218	0.00346
12	0.00757	0.00713	0.01203	0.84942	0.02762	0.00891	0.01114	0.01025	0.00802	0.01025	0.00713	0.01069	0.00535	0.00401	0.00401	0.00134	0.00535	0.00356	0.00178	0.00446
13	0.00573	0.00428	0.00636	0.00636	0.00705	0.00497	0.00491	0.00711	0.00642	0.00925	0.01082	0.01618	0.01021	0.06381	0.80969	0.00634	0.01046	0.00436	0.00216	0.00353
14	0.00527	0.00379	0.00481	0.00520	0.00562	0.00368	0.00351	0.00603	0.00757	0.01013	0.09263	0.40220	0.10466	0.21307	0.11049	0.00268	0.00365	0.00856	0.00329	0.00316
15	0.00766	0.00722	0.01219	0.81803	0.05831	0.00893	0.01118	0.01033	0.00806	0.01036	0.00714	0.01066	0.00538	0.00399	0.00401	0.00133	0.00532	0.00356	0.00179	0.00453
16	0.00583	0.00389	0.00437	0.00437	0.00437	0.00389	0.00243	0.00583	0.00583	0.00778	0.01264	0.02624	0.01458	0.85906	0.02041	0.00389	0.00389	0.00583	0.00243	0.00243
17	0.00586	0.00431	0.00603	0.00604	0.00656	0.00486	0.00449	0.00692	0.00641	0.00904	0.01162	0.01977	0.01174	0.24653	0.56787	0.00545	0.02771	0.04318	0.00229	0.00330
18	0.00888	0.02975	0.05723	0.02419	0.02582	0.00623	0.00579	0.03563	0.00875	0.03756	0.00743	0.00855	0.00601	0.00318	0.00311	0.00070	0.00332	0.00254	0.00243	0.72291
19	0.07053	0.54434	0.01703	0.00783	0.01077	0.27087	0.00697	0.01323	0.00905	0.01012	0.00577	0.00669	0.00510	0.00367	0.00289	0.00094	0.00512	0.00228	0.00188	0.00494
20	0.86138	0.00774	0.00608	0.03022	0.00834	0.00899	0.00454	0.01174	0.00686	0.01776	0.00563	0.00664	0.00437	0.00373	0.00253	0.00124	0.00317	0.00221	0.00246	0.00435
21	0.02063	0.07184	0.02173	0.07294	0.12078	0.01016	0.02469	0.11294	0.40939	0.03615	0.01271	0.04817	0.01002	0.00507	0.00398	0.00129	0.00385	0.00429	0.00337	0.00601
22	0.00725	0.00391	0.00429	0.00416	0.00512	0.00381	0.00310	0.00905	0.00910	0.03604	0.20986	0.01895	0.01706	0.03804	0.00397	0.00113	0.00199	0.00467	0.61471	0.00378
23	0.00569	0.00422	0.00596	0.00597	0.00672	0.00391	0.05329	0.00674	0.00846	0.03061	0.14835	0.48073	0.11420	0.08906	0.00639	0.00173	0.00268	0.01818	0.00364	0.00350
24	0.00870	0.00787	0.01262	0.36375	0.31453	0.00869	0.01040	0.05584	0.03010	0.01280	0.06375	0.01436	0.00948	0.00475	0.00416	0.00131	0.00467	0.06464	0.00236	0.00522
25	0.00631	0.00411	0.00541	0.00576	0.00641	0.00393	0.00416	0.00734	0.00856	0.07371	0.13531	0.49315	0.05890	0.05553	0.00599	0.00167	0.02408	0.08135	0.01469	0.00364
26	0.00564	0.00442	0.00631	0.00641	0.00717	0.00423	0.05835	0.00737	0.05808	0.01171	0.13906	0.58991	0.04964	0.01079	0.00497	0.00154	0.00263	0.02440	0.00373	0.00368
27	0.01130	0.00934	0.01030	0.00953	0.06589	0.01057	0.00707	0.22232	0.56847	0.01867	0.01405	0.01328	0.01048	0.00516	0.00406	0.00131	0.00359	0.00424	0.00392	0.00647
28	0.00949	0.02719	0.00845	0.02797	0.00966	0.00833	0.00571	0.06780	0.47407	0.06255	0.10115	0.01910	0.11362	0.04088	0.00485	0.00142	0.00311	0.00517	0.00394	0.00555
29	0.00834	0.37522	0.03536	0.00718	0.02968	0.01840	0.00603	0.01894	0.06272	0.01061	0.01301	0.30600	0.02220	0.02277	0.00438	0.00129	0.02862	0.02205	0.00269	0.00451
30	0.02906	0.07095	0.55283	0.01036	0.01515	0.00958	0.03765	0.04506	0.00877	0.02167	0.02032	0.00882	0.00584	0.00403	0.00430	0.00121	0.06179	0.00304	0.00196	0.08762
31	0.00832	0.00713	0.00832	0.00594	0.00950	0.00535	0.00475	0.01010	0.00832	0.01307	0.00713	0.00832	0.00594	0.00297	0.00297	0.00059	0.00297	0.00238	0.00238	0.88357
32	0.02692	0.07698	0.06829	0.03085	0.12212	0.08365	0.05406	0.30087	0.11301	0.05167	0.01819	0.01038	0.00745	0.01282	0.00404	0.00122	0.00470	0.00359	0.00309	0.00607
33	0.01977	0.03201	0.14422	0.04703	0.17117	0.03502	0.09600	0.05195	0.03790	0.03178	0.09669	0.03943	0.08115	0.06414	0.00550	0.00146	0.02297	0.01408	0.00267	0.00508
34	0.00561	0.00421	0.00521	0.00494	0.00600	0.00387	0.00371	0.00758	0.03201	0.01511	0.66095	0.03121	0.18770	0.00850	0.00472	0.00128	0.00195	0.00741	0.00428	0.00377
35	0.00574	0.00415	0.00520	0.00490	0.00597	0.00375	0.00369	0.00746	0.01094	0.03119	0.66789	0.03125	0.18594	0.00850	0.00472	0.00128	0.00195	0.00742	0.00430	0.00377
36	0.03084	0.00808	0.01023	0.07348	0.17003	0.04303	0.00700	0.05851	0.00895	0.02212	0.00779	0.01004	0.00659	0.03782	0.06024	0.00138	0.01973	0.00307	0.00235	0.41872
37	0.03388	0.00941	0.04262	0.04699	0.18647	0.07075	0.09622	0.04203	0.07267	0.01247	0.04392	0.04198	0.02990	0.01567	0.05331	0.02243	0.16760	0.00425	0.00240	0.00502
38	0.00544	0.00375	0.00455	0.00491	0.00505	0.00368	0.00303	0.00578	0.00663	0.00884	0.01673	0.34519	0.03423	0.48732	0.04457	0.00307	0.00351	0.00797	0.00294	0.00281
39	0.06991	0.03707	0.02073	0.01754	0.04992	0.10637	0.02776	0.27350	0.03290	0.03287	0.01042	0.07054	0.03780	0.01669	0.05497	0.00164	0.12696	0.00418	0.00295	0.00528
40	0.00891	0.01838	0.02558	0.18269	0.40334	0.04039	0.06417	0.01140	0.02826	0.01206	0.01006	0.02933	0.05460	0.00560	0.04438	0.00149	0.01479	0.00407	0.01791	0.02259
41	0.11888	0.17934	0.22475	0.00933	0.03619	0.12423	0.02973	0.03210	0.02210	0.01210	0.00742	0.02016	0.00639	0.03806	0.04451	0.00155	0.07073	0.01537	0.00207	0.00500

[dist]
# distance from previous block
# <min> <max>
1	42

[block]
# block no. 6 follows, 67 sequences, length 13
# corresponding to MSA columns:
# 549-561
name=unknown_G
#
# <colnr> <probs for GDERKNQSTAVLIFYWHMCP>
#	G	D	E	R	K	N	Q	S	T	A	V	L	I	F	Y	W	H	M	C	P
0	0.00913	0.01019	0.09075	0.10045	0.32421	0.06126	0.04740	0.01171	0.04130	0.01205	0.00867	0.08019	0.00780	0.00486	0.00510	0.00128	0.10650	0.00410	0.00217	0.07086
1	0.10473	0.10984	0.05826	0.13231	0.20928	0.10296	0.00901	0.06090	0.00916	0.01286	0.00739	0.01006	0.00625	0.00459	0.01637	0.00126	0.05026	0.03201	0.00217	0.06032
2	0.00979	0.00744	0.05950	0.00661	0.00887	0.00671	0.00562	0.22083	0.03476	0.12082	0.13091	0.04372	0.25993	0.00719	0.00434	0.00129	0.00313	0.02581	0.03770	0.00503
3	0.01915	0.11959	0.13731	0.00746	0.00948	0.00781	0.02732	0.03888	0.04483	0.02848	0.02990	0.06716	0.02440	0.15250	0.22156	0.00302	0.04979	0.00457	0.00244	0.00435
4	0.03039	0.00692	0.03059	0.05609	0.05597	0.03184	0.04436	0.03507	0.08745	0.04619	0.10051	0.17901	0.17545	0.00780	0.00521	0.00141	0.07317	0.02479	0.00330	0.00447
5	0.50150	0.00629	0.00537	0.00489	0.00684	0.00698	0.00392	0.01156	0.03374	0.05388	0.00910	0.01016	0.00700	0.00418	0.00272	0.00113	0.00267	0.00290	0.32087	0.00430
6	0.00971	0.04146	0.05966	0.24464	0.14806	0.00908	0.02149	0.07632	0.10982	0.08135	0.04238	0.01291	0.03341	0.02344	0.02498	0.00147	0.04772	0.00401	0.00271	0.00538
7	0.00679	0.00356	0.00518	0.00518	0.00521	0.00359	0.00343	0.00537	0.00534	0.00715	0.00775	0.01390	0.00794	0.10839	0.04987	0.75003	0.00382	0.00378	0.00183	0.00189
8	0.01201	0.00927	0.01108	0.02486	0.07015	0.02438	0.02755	0.30569	0.21182	0.08184	0.01125	0.01218	0.00862	0.03761	0.05754	0.00172	0.07899	0.00399	0.00346	0.00598
9	0.00557	0.00422	0.00495	0.00533	0.00622	0.00398	0.00396	0.00728	0.05986	0.01141	0.04992	0.30527	0.30394	0.04313	0.00545	0.00159	0.00250	0.12536	0.04649	0.00357
10	0.13148	0.03289	0.11671	0.00869	0.01171	0.11154	0.00773	0.32795	0.10010	0.03068	0.00915	0.00980	0.00690	0.00646	0.06930	0.00162	0.00512	0.00333	0.00309	0.00576
11	0.00783	0.01879	0.02807	0.00755	0.05966	0.03141	0.00550	0.08125	0.06706	0.03142	0.04412	0.15335	0.16184	0.12424	0.00698	0.00173	0.03395	0.08774	0.00327	0.04426
12	0.05532	0.41462	0.07352	0.00847	0.01178	0.07186	0.09624	0.06413	0.05972	0.01218	0.00919	0.00993	0.05767	0.00413	0.00330	0.00105	0.00457	0.00316	0.00225	0.03689

[dist]
# distance from previous block
# <min> <max>
7	22

[block]
# block no. 7 follows, 67 sequences, length 14
# corresponding to MSA columns:
# 590-603
name=unknown_H
#
# <colnr> <probs for GDERKNQSTAVLIFYWHMCP>
#	G	D	E	R	K	N	Q	S	T	A	V	L	I	F	Y	W	H	M	C	P
0	0.01222	0.03116	0.03593	0.05112	0.04898	0.07260	0.00754	0.30021	0.17252	0.07256	0.01086	0.02356	0.00843	0.01750	0.00452	0.00126	0.03626	0.02265	0.00338	0.06674
1	0.03506	0.05108	0.00863	0.00835	0.10031	0.09998	0.00573	0.03002	0.10432	0.04469	0.32633	0.03796	0.11829	0.00665	0.00423	0.00123	0.00326	0.00562	0.00356	0.00467
2	0.03716	0.15698	0.13557	0.00851	0.03551	0.03433	0.02385	0.15362	0.06247	0.07596	0.08320	0.03099	0.00983	0.00458	0.00364	0.00109	0.00408	0.00363	0.00294	0.13207
3	0.11300	0.03384	0.02585	0.08591	0.34639	0.06000	0.00887	0.02500	0.00839	0.01239	0.00834	0.02398	0.00732	0.01010	0.19901	0.00243	0.00611	0.01584	0.00214	0.00508
4	0.00627	0.07968	0.00745	0.00631	0.00721	0.02095	0.00493	0.00755	0.00688	0.00954	0.01184	0.12752	0.01186	0.04896	0.59847	0.00501	0.00858	0.00506	0.02228	0.00366
5	0.00901	0.01924	0.08781	0.08881	0.12786	0.04136	0.05778	0.05801	0.14875	0.03985	0.06344	0.05438	0.05746	0.00805	0.09241	0.00185	0.03122	0.00466	0.00285	0.00521
6	0.00589	0.00386	0.00443	0.00451	0.00465	0.00387	0.00269	0.00617	0.00625	0.00869	0.01345	0.09965	0.01509	0.67299	0.05198	0.00353	0.00386	0.00609	0.07968	0.00267
7	0.00721	0.00721	0.04895	0.11939	0.01132	0.03578	0.03514	0.02235	0.02389	0.01149	0.13930	0.05729	0.13615	0.02926	0.12110	0.00217	0.17979	0.00536	0.00272	0.00414
8	0.00744	0.09681	0.41980	0.00923	0.01286	0.00818	0.03368	0.01046	0.00797	0.01133	0.01001	0.08850	0.00919	0.01106	0.19921	0.00250	0.00646	0.04828	0.00210	0.00493
9	0.08760	0.04492	0.26600	0.02956	0.06664	0.02430	0.08717	0.01199	0.08752	0.01242	0.00933	0.01163	0.03012	0.04482	0.08395	0.02506	0.06604	0.00369	0.00220	0.00505
10	0.00556	0.00399	0.00497	0.00523	0.00571	0.00375	0.00342	0.00615	0.00703	0.00959	0.01693	0.45145	0.01974	0.30840	0.04847	0.00254	0.00331	0.00832	0.00308	0.08234
11	0.01075	0.03510	0.05935	0.05506	0.13899	0.06590	0.25914	0.05968	0.08736	0.10435	0.03822	0.01272	0.04569	0.00444	0.00421	0.00126	0.00509	0.00428	0.00277	0.00565
12	0.00496	0.00404	0.00440	0.00448	0.00565	0.00348	0.00335	0.00611	0.00934	0.01161	0.15639	0.11129	0.60969	0.01012	0.00480	0.00138	0.00210	0.03952	0.00383	0.00345
13	0.02368	0.02162	0.06531	0.08054	0.33582	0.00959	0.02786	0.18572	0.04668	0.03738	0.06606	0.02379	0.00911	0.00457	0.00426	0.00124	0.02820	0.00395	0.01872	0.00590

[dist]
# distance from previous block
# <min> <max>
4	14

[block]
# block no. 8 follows, 67 sequences, length 16
# corresponding to MSA columns:
# 618-633
name=unknown_I
#
# <colnr> <probs for GDERKNQSTAVLIFYWHMCP>
#	G	D	E	R	K	N	Q	S	T	A	V	L	I	F	Y	W	H	M	C	P
0	0.03902	0.00804	0.01117	0.21403	0.23097	0.05245	0.00871	0.01168	0.06443	0.05596	0.00993	0.05742	0.00888	0.06444	0.02076	0.00157	0.05812	0.03749	0.00246	0.04247
1	0.00870	0.00845	0.01317	0.30877	0.29396	0.04397	0.06534	0.01116	0.02085	0.01189	0.02530	0.03352	0.03994	0.00429	0.00400	0.00121	0.00478	0.00397	0.00215	0.09458
2	0.00827	0.00786	0.01054	0.00919	0.00942	0.04126	0.02584	0.00897	0.00634	0.00929	0.00687	0.01176	0.00696	0.11413	0.08638	0.06274	0.56451	0.00386	0.00189	0.00393
3	0.04191	0.01150	0.01285	0.06804	0.01343	0.22346	0.10441	0.07300	0.00950	0.09405	0.00736	0.00923	0.00589	0.00516	0.00714	0.00138	0.30086	0.00344	0.00238	0.00500
4	0.00899	0.00861	0.01470	0.27821	0.53307	0.00912	0.03226	0.01144	0.00880	0.01213	0.00868	0.01127	0.03719	0.00395	0.00403	0.00125	0.00489	0.00378	0.00199	0.00563
5	0.00507	0.00360	0.00475	0.00561	0.00587	0.00340	0.00380	0.00579	0.00763	0.01015	0.02126	0.73206	0.02530	0.08266	0.00642	0.00183	0.00255	0.06540	0.00361	0.00322
6	0.03949	0.03008	0.04739	0.01560	0.34785	0.11617	0.05239	0.07069	0.09014	0.06038	0.02740	0.02381	0.00818	0.00450	0.00425	0.00124	0.03093	0.02109	0.00262	0.00581
7	0.00697	0.00348	0.00522	0.00522	0.00522	0.00348	0.00348	0.00522	0.00522	0.00697	0.00697	0.01219	0.00697	0.01393	0.01567	0.88332	0.00348	0.00348	0.00174	0.00174
8	0.00616	0.03759	0.06307	0.00625	0.03761	0.03084	0.00489	0.00790	0.02854	0.01230	0.23624	0.13175	0.31335	0.04076	0.00517	0.00143	0.00278	0.02592	0.00353	0.00390
9	0.02771	0.06678	0.11836	0.14640	0.18825	0.07641	0.03946	0.16417	0.05072	0.04199	0.00893	0.01027	0.02036	0.00420	0.00385	0.00121	0.00493	0.00349	0.01677	0.00572
10	0.01080	0.00768	0.00883	0.00754	0.00945	0.00834	0.00596	0.40972	0.01303	0.04296	0.01259	0.11676	0.01169	0.09752	0.15228	0.00248	0.00509	0.05386	0.01829	0.00514
11	0.10418	0.00765	0.06320	0.00735	0.02867	0.03069	0.00591	0.13386	0.05935	0.04489	0.04418	0.04199	0.03049	0.08383	0.21380	0.05495	0.01436	0.00432	0.02183	0.00450
12	0.01209	0.00666	0.00818	0.00676	0.00886	0.00662	0.00533	0.17779	0.04131	0.30359	0.16477	0.01818	0.03906	0.10251	0.07798	0.00198	0.00397	0.00491	0.00408	0.00538
13	0.00633	0.00611	0.05958	0.00647	0.00807	0.00528	0.05968	0.00910	0.10418	0.01265	0.22000	0.05849	0.24201	0.08994	0.07554	0.00201	0.00364	0.02344	0.00344	0.00405
14	0.02981	0.33517	0.03283	0.21022	0.07322	0.13551	0.04257	0.02322	0.00881	0.02670	0.00672	0.00855	0.00556	0.00454	0.02184	0.01970	0.00523	0.00291	0.00194	0.00495
15	0.03040	0.05775	0.06349	0.04742	0.44891	0.07277	0.02312	0.03545	0.03501	0.01315	0.07469	0.04092	0.00956	0.00506	0.02423	0.00133	0.00478	0.00399	0.00235	0.00563

[dist]
# distance from previous block
# <min> <max>
2	26

[block]
# block no. 9 follows, 67 sequences, length 20
# corresponding to MSA columns:
# 660-679
name=unknown_J
#
# <colnr> <probs for GDERKNQSTAVLIFYWHMCP>
#	G	D	E	R	K	N	Q	S	T	A	V	L	I	F	Y	W	H	M	C	P
0	0.00956	0.19690	0.43931	0.02964	0.02670	0.07291	0.02087	0.03273	0.07319	0.02212	0.02664	0.00914	0.00656	0.00405	0.00370	0.00118	0.01403	0.00306	0.00208	0.00563
1	0.02313	0.00886	0.13799	0.24476	0.06096	0.01946	0.04252	0.01056	0.04827	0.02662	0.15882	0.05639	0.07294	0.00584	0.00461	0.00133	0.03983	0.01813	0.00271	0.01625
2	0.11947	0.00721	0.00795	0.00739	0.03401	0.02339	0.00570	0.17482	0.09392	0.09404	0.07902	0.05563	0.10294	0.03645	0.02664	0.00158	0.00360	0.11760	0.00366	0.00498
3	0.00940	0.15172	0.33277	0.00968	0.01350	0.08583	0.06359	0.06036	0.02833	0.01267	0.06248	0.01044	0.00805	0.01428	0.05282	0.00149	0.03137	0.00337	0.00220	0.04564
4	0.00608	0.00417	0.00458	0.00470	0.00492	0.02313	0.00290	0.00649	0.00658	0.00911	0.01399	0.15688	0.01561	0.57428	0.04484	0.00321	0.00372	0.00635	0.10566	0.00281
