[name]
unknown

[dist]
# distance from previous block
# <min> <max>
2	72

[block]
# block no. 0 follows, 63 sequences, length 13
# corresponding to MSA columns:
# 86-98
name=unknown_A
#
# <colnr> <probs for GDERKNQSTAVLIFYWHMCP>
#	G	D	E	R	K	N	Q	S	T	A	V	L	I	F	Y	W	H	M	C	P
0	0.00571	0.00408	0.00453	0.00463	0.00503	0.00387	0.00286	0.00607	0.00723	0.00927	0.02205	0.11590	0.23104	0.54244	0.01538	0.00313	0.00339	0.00745	0.00305	0.00290
1	0.01744	0.00679	0.00925	0.00731	0.01025	0.00589	0.00594	0.01897	0.01162	0.74439	0.01727	0.10063	0.01220	0.00603	0.00435	0.00134	0.00346	0.00503	0.00507	0.00677
2	0.01098	0.01009	0.01638	0.09713	0.59344	0.01041	0.05163	0.13104	0.01099	0.01534	0.00822	0.01048	0.00662	0.00397	0.00421	0.00127	0.00510	0.00381	0.00238	0.00650
3	0.01165	0.01198	0.01523	0.10253	0.52065	0.18424	0.01144	0.06740	0.01064	0.01357	0.00771	0.00987	0.00632	0.00400	0.00409	0.00123	0.00558	0.00353	0.00222	0.00612
4	0.00518	0.00380	0.00474	0.00547	0.00590	0.00349	0.00366	0.00591	0.00816	0.01063	0.02576	0.63872	0.16686	0.08265	0.00663	0.00185	0.00252	0.01092	0.00379	0.00337
5	0.00616	0.00459	0.00623	0.00647	0.05266	0.00428	0.00447	0.00812	0.01160	0.01641	0.74187	0.06678	0.03727	0.00852	0.00493	0.00134	0.00217	0.00758	0.00445	0.00409
6	0.01136	0.37445	0.04687	0.09115	0.23787	0.08501	0.00963	0.07525	0.00999	0.01248	0.00701	0.00858	0.00590	0.00389	0.00350	0.00110	0.00508	0.00299	0.00210	0.00580
7	0.01027	0.00920	0.01168	0.33322	0.03723	0.03935	0.02804	0.10652	0.34726	0.01549	0.01178	0.01280	0.00883	0.00490	0.00424	0.00138	0.00464	0.00416	0.00316	0.00585
8	0.00619	0.00409	0.00494	0.00524	0.00575	0.00382	0.00344	0.00676	0.00783	0.05415	0.02246	0.38748	0.15009	0.30560	0.01084	0.00247	0.00302	0.00900	0.00350	0.00333
9	0.05705	0.11969	0.60388	0.01059	0.01599	0.01020	0.01297	0.01392	0.00907	0.09750	0.00818	0.00907	0.00582	0.00407	0.00379	0.00127	0.00557	0.00307	0.00218	0.00612
10	0.36901	0.02755	0.04477	0.01132	0.01473	0.01038	0.34040	0.05205	0.04820	0.01637	0.00776	0.00941	0.00590	0.00396	0.00401	0.00136	0.02137	0.00364	0.00250	0.00532
11	0.09245	0.01163	0.01260	0.01009	0.01291	0.13773	0.10409	0.33890	0.06637	0.07172	0.01034	0.05552	0.00818	0.00525	0.00459	0.00132	0.04267	0.00415	0.00344	0.00604
12	0.02432	0.00768	0.02156	0.05474	0.01088	0.03544	0.02980	0.09785	0.12658	0.18688	0.23959	0.07211	0.03051	0.00654	0.00446	0.00133	0.00349	0.00559	0.00413	0.03650

[dist]
# distance from previous block
# <min> <max>
12	54

[block]
# block no. 1 follows, 63 sequences, length 13
# corresponding to MSA columns:
# 157-169
name=unknown_B
#
# <colnr> <probs for GDERKNQSTAVLIFYWHMCP>
#	G	D	E	R	K	N	Q	S	T	A	V	L	I	F	Y	W	H	M	C	P
0	0.11303	0.14403	0.21116	0.00935	0.01282	0.21739	0.00902	0.06363	0.06024	0.06728	0.00827	0.00934	0.00645	0.02657	0.00431	0.00128	0.02464	0.00309	0.00252	0.00557
1	0.04577	0.01062	0.01193	0.04621	0.10284	0.13054	0.06675	0.22071	0.10803	0.04393	0.05059	0.03743	0.02612	0.03002	0.03568	0.00159	0.00506	0.01715	0.00328	0.00575
2	0.22090	0.00653	0.03761	0.07440	0.05517	0.00647	0.00578	0.02951	0.03142	0.01422	0.09737	0.33471	0.05374	0.00832	0.00436	0.00147	0.00320	0.00715	0.00333	0.00433
3	0.00948	0.00757	0.01054	0.00896	0.01042	0.02300	0.08273	0.14893	0.00963	0.05187	0.01065	0.03977	0.00972	0.08029	0.28553	0.02477	0.15414	0.02455	0.00275	0.00471
4	0.76000	0.00799	0.00668	0.00580	0.00850	0.00897	0.00478	0.01351	0.00784	0.13333	0.00737	0.00789	0.00538	0.00409	0.00283	0.00130	0.00330	0.00255	0.00297	0.00492
5	0.00517	0.00368	0.00486	0.00579	0.00603	0.00345	0.00384	0.00587	0.00796	0.01061	0.02270	0.81059	0.02721	0.05291	0.00612	0.00182	0.00252	0.01167	0.00384	0.00337
6	0.00794	0.00747	0.01261	0.84216	0.02895	0.00934	0.01167	0.01074	0.00841	0.01074	0.00747	0.01121	0.00560	0.00420	0.00420	0.00140	0.00560	0.00374	0.00187	0.00467
7	0.00584	0.00427	0.00529	0.00504	0.00611	0.00389	0.00378	0.00765	0.01134	0.01577	0.64398	0.03247	0.18628	0.00883	0.00488	0.00133	0.00201	0.00769	0.03966	0.00389
8	0.00551	0.00414	0.00568	0.00594	0.00662	0.00382	0.02913	0.00673	0.00938	0.01270	0.26466	0.51694	0.09036	0.01131	0.00520	0.00156	0.00242	0.01020	0.00406	0.00366
9	0.01234	0.01016	0.01251	0.04777	0.06342	0.10362	0.08611	0.22554	0.01176	0.09909	0.00935	0.01159	0.00745	0.03565	0.07398	0.06205	0.11524	0.00393	0.00295	0.00548
10	0.00690	0.00483	0.00589	0.00546	0.00663	0.00471	0.00414	0.04389	0.05603	0.01715	0.62871	0.02737	0.03266	0.00775	0.00460	0.00128	0.00217	0.00675	0.12882	0.00425
11	0.02578	0.29689	0.18951	0.01053	0.09391	0.02296	0.03904	0.04434	0.03042	0.09411	0.05862	0.01181	0.02926	0.00464	0.00391	0.00119	0.01996	0.01473	0.00260	0.00579
12	0.00960	0.05820	0.28268	0.03016	0.07520	0.00822	0.00949	0.02984	0.02788	0.06924	0.05354	0.01068	0.00821	0.00405	0.00372	0.00106	0.00443	0.00329	0.00255	0.30796

[dist]
# distance from previous block
# <min> <max>
0	5

[block]
# block no. 2 follows, 63 sequences, length 25
# corresponding to MSA columns:
# 175-199
name=unknown_C
#
# <colnr> <probs for GDERKNQSTAVLIFYWHMCP>
#	G	D	E	R	K	N	Q	S	T	A	V	L	I	F	Y	W	H	M	C	P
0	0.01046	0.06545	0.06435	0.01610	0.14437	0.02966	0.43614	0.05474	0.02515	0.04009	0.04688	0.02911	0.00856	0.00423	0.00454	0.00134	0.00592	0.00462	0.00248	0.00583
1	0.00804	0.00574	0.00784	0.00870	0.09434	0.02073	0.01514	0.03123	0.00894	0.08612	0.04867	0.40695	0.01890	0.02295	0.08331	0.00204	0.05765	0.00790	0.06040	0.00440
2	0.43396	0.00974	0.01555	0.01200	0.03575	0.01003	0.39840	0.01291	0.00857	0.01610	0.00720	0.00912	0.00550	0.00372	0.00379	0.00136	0.00517	0.00362	0.00236	0.00515
3	0.00555	0.00386	0.00481	0.00533	0.00553	0.00370	0.00338	0.00608	0.00753	0.01011	0.06751	0.48362	0.02369	0.33616	0.01152	0.00260	0.00304	0.00944	0.00342	0.00311
4	0.00970	0.01705	0.47437	0.01264	0.01752	0.04519	0.19661	0.03240	0.05125	0.03920	0.00865	0.01013	0.00631	0.00419	0.00453	0.00135	0.03391	0.00369	0.02531	0.00599
5	0.01566	0.01096	0.01199	0.00922	0.01255	0.01184	0.00759	0.65492	0.05404	0.10786	0.01094	0.01071	0.00769	0.00499	0.00416	0.00124	0.00438	0.00381	0.00422	0.05123
6	0.00669	0.00390	0.00521	0.00521	0.00527	0.00396	0.00332	0.00591	0.00585	0.00786	0.01013	0.01930	0.01093	0.36899	0.08626	0.43754	0.00446	0.00476	0.00216	0.00229
7	0.00611	0.00408	0.00458	0.00458	0.00458	0.00408	0.00255	0.00611	0.00611	0.00815	0.01325	0.02751	0.01528	0.85226	0.02140	0.00408	0.00408	0.00611	0.00255	0.00255
8	0.01124	0.85479	0.02203	0.00719	0.01079	0.01663	0.00719	0.01259	0.00854	0.00989	0.00584	0.00674	0.00539	0.00360	0.00270	0.00090	0.00450	0.00225	0.00180	0.00539
9	0.00630	0.00463	0.00640	0.00630	0.00688	0.00525	0.00464	0.02252	0.00682	0.00964	0.01166	0.01929	0.01166	0.25881	0.57482	0.00580	0.02781	0.00492	0.00236	0.00350
10	0.00497	0.00426	0.00426	0.00426	0.00568	0.00355	0.00319	0.00603	0.00958	0.01136	0.04259	0.04046	0.82433	0.01065	0.00497	0.00142	0.00213	0.00887	0.00390	0.00355
11	0.00569	0.00439	0.00521	0.00510	0.00625	0.00398	0.00384	0.00752	0.03204	0.01437	0.44356	0.07946	0.32877	0.00962	0.00499	0.00140	0.00216	0.03350	0.00429	0.00385
12	0.59251	0.00826	0.00850	0.14476	0.07289	0.00943	0.00657	0.04527	0.00831	0.06010	0.00701	0.00834	0.00530	0.00406	0.00313	0.00131	0.00384	0.00279	0.00264	0.00497
13	0.00532	0.00422	0.00462	0.00467	0.00577	0.00371	0.00340	0.00640	0.00943	0.01179	0.15087	0.09025	0.53774	0.10703	0.00691	0.00175	0.00241	0.03636	0.00385	0.00350
14	0.01496	0.11649	0.03864	0.01045	0.01290	0.71506	0.00825	0.01619	0.01143	0.01034	0.00646	0.00752	0.00541	0.00424	0.00367	0.00107	0.00718	0.00267	0.00211	0.00498
15	0.32323	0.31892	0.01340	0.00740	0.01027	0.16853	0.00639	0.04324	0.02256	0.02517	0.00658	0.00752	0.00547	0.00456	0.02086	0.00123	0.00475	0.00252	0.00234	0.00507
16	0.00978	0.09283	0.08299	0.01121	0.01331	0.08330	0.15308	0.03033	0.03400	0.01163	0.00801	0.01145	0.00707	0.00861	0.10474	0.00212	0.29976	0.02859	0.00215	0.00503
17	0.00951	0.10427	0.28185	0.00849	0.01292	0.03547	0.00889	0.01255	0.03033	0.04061	0.00785	0.00889	0.00613	0.00364	0.00345	0.00095	0.00445	0.00279	0.00231	0.41465
18	0.00526	0.00397	0.00487	0.00536	0.00608	0.00358	0.00379	0.00632	0.00914	0.01192	0.15238	0.46150	0.26255	0.01168	0.00520	0.00157	0.00232	0.03494	0.00401	0.00355
19	0.00905	0.00801	0.00860	0.00659	0.00982	0.05447	0.00518	0.01173	0.08118	0.01391	0.03509	0.03772	0.00869	0.00398	0.00338	0.00079	0.00330	0.00322	0.03027	0.66501
20	0.00830	0.00579	0.00715	0.00709	0.00845	0.00592	0.00561	0.08541	0.11464	0.06877	0.09294	0.24381	0.06156	0.01055	0.03227	0.00178	0.00347	0.22782	0.00407	0.00463
21	0.03049	0.00634	0.00807	0.00797	0.05534	0.03760	0.04692	0.04145	0.04046	0.07161	0.15409	0.11592	0.12999	0.08919	0.07707	0.00214	0.00415	0.07319	0.00358	0.00444
22	0.03627	0.00729	0.02424	0.01972	0.01079	0.03186	0.15209	0.05174	0.03482	0.03383	0.01479	0.09974	0.08970	0.10428	0.22554	0.00310	0.02320	0.00565	0.00282	0.02853
23	0.03304	0.05133	0.02669	0.01012	0.01300	0.41047	0.10308	0.03116	0.03713	0.02536	0.00796	0.03189	0.00666	0.00425	0.00379	0.00106	0.00590	0.00328	0.00243	0.19141
24	0.05255	0.02676	0.09601	0.01138	0.01468	0.00943	0.27631	0.17774	0.02630	0.06287	0.01231	0.07114	0.03828	0.04070	0.02385	0.00163	0.00531	0.04415	0.00304	0.00559

[dist]
# distance from previous block
# <min> <max>
1	26

[block]
# block no. 3 follows, 63 sequences, length 14
# corresponding to MSA columns:
# 268-281
name=unknown_D
#
# <colnr> <probs for GDERKNQSTAVLIFYWHMCP>
#	G	D	E	R	K	N	Q	S	T	A	V	L	I	F	Y	W	H	M	C	P
0	0.03953	0.00807	0.06393	0.00840	0.01073	0.03343	0.09256	0.01373	0.08979	0.22884	0.06058	0.01610	0.01170	0.09840	0.17934	0.02591	0.00578	0.00461	0.00336	0.00521
1	0.20942	0.00731	0.00739	0.00671	0.00854	0.04633	0.00513	0.12315	0.02034	0.07678	0.02846	0.22567	0.01410	0.08542	0.02359	0.00174	0.00371	0.03952	0.00342	0.06323
2	0.00991	0.00678	0.02093	0.00809	0.02544	0.00697	0.02866	0.12240	0.03064	0.14142	0.07679	0.04240	0.04326	0.03674	0.25072	0.00310	0.04328	0.09399	0.00348	0.00499
3	0.00719	0.00589	0.00682	0.00559	0.00795	0.00483	0.00433	0.03189	0.00998	0.01411	0.20919	0.05324	0.22319	0.00675	0.00413	0.00105	0.00262	0.00571	0.00346	0.39208
4	0.01245	0.56369	0.01830	0.00823	0.01132	0.24800	0.00736	0.03639	0.00994	0.01073	0.03561	0.00796	0.00668	0.00403	0.00313	0.00098	0.00528	0.00261	0.00207	0.00525
5	0.00689	0.00512	0.00697	0.00684	0.00753	0.00570	0.00508	0.00823	0.03479	0.01055	0.04914	0.01950	0.01301	0.17651	0.56703	0.02896	0.03653	0.00507	0.00265	0.00391
6	0.06121	0.21533	0.15671	0.04742	0.02857	0.17282	0.07538	0.03178	0.08751	0.04193	0.00827	0.00932	0.00648	0.00455	0.01600	0.00126	0.00553	0.00319	0.00238	0.02437
7	0.00994	0.00886	0.04001	0.17353	0.06046	0.09212	0.07361	0.06972	0.02023	0.09503	0.09866	0.13046	0.03994	0.00801	0.05894	0.00172	0.00505	0.00554	0.00313	0.00505
8	0.00539	0.00404	0.00486	0.00531	0.00600	0.00369	0.00375	0.00632	0.00871	0.01122	0.08915	0.37182	0.27402	0.11503	0.00722	0.00190	0.00262	0.07173	0.00379	0.00343
9	0.00812	0.00580	0.00764	0.02377	0.03431	0.00591	0.03129	0.03998	0.10648	0.08438	0.06461	0.22316	0.10284	0.11451	0.07530	0.00226	0.01664	0.04492	0.00362	0.00448
10	0.07994	0.03449	0.12040	0.11319	0.12495	0.05752	0.26909	0.08846	0.01044	0.04942	0.00828	0.01020	0.00621	0.00399	0.00423	0.00132	0.00580	0.00387	0.00240	0.00581
11	0.00703	0.01192	0.35262	0.00851	0.01160	0.00689	0.02420	0.00986	0.02798	0.01178	0.01713	0.13101	0.15283	0.11484	0.05301	0.00207	0.02820	0.02115	0.00266	0.00469
12	0.00522	0.00389	0.00466	0.00522	0.00576	0.00355	0.00350	0.00594	0.00820	0.01053	0.02723	0.50003	0.25193	0.13493	0.00759	0.00197	0.00259	0.01023	0.00370	0.00333
13	0.01423	0.01454	0.04647	0.03402	0.08150	0.38077	0.00837	0.17116	0.03315	0.09643	0.07078	0.01115	0.00915	0.00485	0.00407	0.00120	0.00574	0.00363	0.00308	0.00572

[dist]
# distance from previous block
# <min> <max>
0	10

[block]
# block no. 4 follows, 63 sequences, length 24
# corresponding to MSA columns:
# 292-315
name=unknown_E
#
# <colnr> <probs for GDERKNQSTAVLIFYWHMCP>
#	G	D	E	R	K	N	Q	S	T	A	V	L	I	F	Y	W	H	M	C	P
0	0.28873	0.05849	0.08341	0.03631	0.10501	0.14334	0.00796	0.11061	0.02994	0.05361	0.00809	0.02741	0.00641	0.00439	0.00353	0.00124	0.00472	0.00318	0.00271	0.02090
1	0.05284	0.02494	0.01415	0.13608	0.15572	0.16025	0.09583	0.20778	0.04635	0.04088	0.00870	0.01013	0.00662	0.00434	0.00409	0.00126	0.00546	0.00365	0.00280	0.01813
2	0.02557	0.14544	0.12907	0.00893	0.01228	0.04906	0.00824	0.24423	0.16824	0.04275	0.01082	0.01227	0.00853	0.01720	0.02582	0.00142	0.00473	0.03541	0.00324	0.04675
3	0.03356	0.00436	0.00529	0.00530	0.00634	0.00399	0.00388	0.00761	0.01014	0.05030	0.35447	0.25773	0.22143	0.01005	0.00497	0.00145	0.00226	0.00879	0.00422	0.00388
4	0.02764	0.00854	0.02625	0.06229	0.27636	0.00869	0.03621	0.06633	0.18335	0.03887	0.13678	0.01732	0.08189	0.00563	0.00437	0.00133	0.00397	0.00499	0.00331	0.00583
5	0.00561	0.00390	0.00485	0.00529	0.00553	0.00374	0.00338	0.00620	0.00776	0.01046	0.11492	0.43311	0.02437	0.33797	0.01153	0.00258	0.00302	0.00917	0.00346	0.00314
6	0.01248	0.20442	0.07579	0.03372	0.04970	0.30554	0.05420	0.05854	0.09943	0.01244	0.00794	0.00904	0.00643	0.00441	0.00425	0.00118	0.04943	0.00317	0.00237	0.00551
7	0.00607	0.00458	0.00564	0.00535	0.00648	0.00430	0.00402	0.00851	0.06215	0.01595	0.63939	0.04647	0.15768	0.00881	0.00492	0.00135	0.00210	0.00770	0.00448	0.00406
8	0.00720	0.00369	0.00540	0.00540	0.00540	0.00369	0.00355	0.00553	0.00553	0.00738	0.00782	0.01407	0.00800	0.08788	0.01686	0.80127	0.00369	0.00387	0.00189	0.00189
9	0.01553	0.01266	0.01207	0.00956	0.01263	0.13927	0.00776	0.64962	0.01801	0.02346	0.00972	0.00998	0.00706	0.00493	0.00408	0.00122	0.00495	0.00363	0.04723	0.00664
10	0.21947	0.00779	0.00917	0.00722	0.01033	0.00754	0.00596	0.08784	0.01157	0.57023	0.01352	0.01220	0.00876	0.00489	0.00385	0.00130	0.00359	0.00373	0.00451	0.00655
11	0.01019	0.00977	0.01668	0.09539	0.75809	0.00993	0.01280	0.01272	0.00947	0.01348	0.00787	0.01047	0.00657	0.00378	0.00417	0.00126	0.00505	0.00374	0.00206	0.00649
12	0.88196	0.00813	0.00618	0.00553	0.00813	0.00943	0.00455	0.01236	0.00715	0.01886	0.00585	0.00683	0.00455	0.00390	0.00260	0.00130	0.00325	0.00228	0.00260	0.00455
13	0.74404	0.00838	0.00700	0.00603	0.00875	0.00951	0.00497	0.08290	0.00861	0.07787	0.00700	0.00765	0.00520	0.00410	0.00286	0.00130	0.00340	0.00255	0.00293	0.00497
14	0.00724	0.00561	0.00648	0.00600	0.00741	0.01823	0.01619	0.01071	0.16459	0.04266	0.34014	0.04587	0.21440	0.07666	0.00614	0.00160	0.00270	0.01882	0.00414	0.00440
15	0.00626	0.00515	0.02849	0.00604	0.00700	0.00496	0.00456	0.00847	0.08782	0.01160	0.11003	0.16534	0.13022	0.17445	0.19997	0.00321	0.00493	0.03436	0.00332	0.00382
16	0.00809	0.00762	0.01288	0.79268	0.07726	0.00938	0.01175	0.01087	0.00848	0.01092	0.00750	0.01116	0.00567	0.00418	0.00420	0.00139	0.00557	0.00374	0.00188	0.00479
17	0.01060	0.35659	0.10418	0.01049	0.01403	0.06285	0.18133	0.01435	0.13254	0.01225	0.00875	0.02942	0.00727	0.00435	0.00407	0.00120	0.03416	0.00361	0.00232	0.00563
18	0.00658	0.01090	0.31787	0.00750	0.01061	0.00603	0.00811	0.00937	0.01002	0.01377	0.26696	0.02573	0.27517	0.00750	0.00460	0.00136	0.00363	0.00630	0.00332	0.00469
19	0.00832	0.00778	0.06930	0.04137	0.02956	0.02668	0.00678	0.08282	0.13842	0.02594	0.07662	0.01728	0.06260	0.01713	0.36583	0.00370	0.00716	0.00479	0.00302	0.00489
20	0.00572	0.00416	0.00507	0.00529	0.00618	0.00377	0.00384	0.00693	0.00960	0.02979	0.23998	0.29004	0.26956	0.05197	0.00592	0.00164	0.00240	0.05041	0.00405	0.00366
21	0.01031	0.05447	0.01179	0.09696	0.01340	0.03466	0.06359	0.08817	0.12633	0.04413	0.00941	0.01067	0.00740	0.00525	0.03449	0.00129	0.05705	0.00345	0.00282	0.32437
22	0.00711	0.00609	0.00625	0.00614	0.00731	0.07945	0.00448	0.05911	0.01038	0.01342	0.21626	0.33700	0.17151	0.00983	0.00488	0.00143	0.00291	0.00855	0.00387	0.04402
23	0.01100	0.10158	0.18385	0.02218	0.07228	0.05511	0.10948	0.10340	0.05966	0.08149	0.01153	0.04229	0.05340	0.00498	0.00437	0.00127	0.02810	0.00418	0.00281	0.04704

[dist]
# distance from previous block
# <min> <max>
15	45

[block]
# block no. 5 follows, 63 sequences, length 29
# corresponding to MSA columns:
# 361-389
name=unknown_F
#
# <colnr> <probs for GDERKNQSTAVLIFYWHMCP>
#	G	D	E	R	K	N	Q	S	T	A	V	L	I	F	Y	W	H	M	C	P
0	0.06835	0.01106	0.06625	0.00952	0.04154	0.19097	0.04546	0.07323	0.04586	0.06608	0.06193	0.10270	0.02109	0.02803	0.07516	0.00185	0.06177	0.00479	0.00297	0.02139
1	0.03640	0.15857	0.03754	0.06872	0.06344	0.10377	0.11964	0.12270	0.02982	0.02707	0.01764	0.01068	0.03274	0.00446	0.00432	0.00118	0.04629	0.00359	0.01883	0.09259
2	0.03922	0.00887	0.06332	0.00943	0.08500	0.08454	0.03150	0.04596	0.06810	0.15045	0.06444	0.12233	0.07948	0.00743	0.00533	0.06582	0.00403	0.03982	0.00346	0.02147
3	0.00658	0.00453	0.00505	0.00494	0.00517	0.00461	0.00294	0.03394	0.03901	0.00926	0.01400	0.04485	0.02877	0.75729	0.01950	0.00378	0.00400	0.00616	0.00272	0.00290
4	0.01037	0.05413	0.20720	0.02746	0.21196	0.03565	0.11809	0.04170	0.02967	0.07516	0.05352	0.03433	0.00898	0.00447	0.00415	0.00125	0.00510	0.00406	0.00258	0.07017
5	0.04956	0.02118	0.03787	0.11007	0.17809	0.07006	0.13348	0.10634	0.01075	0.07661	0.00856	0.01015	0.00652	0.00397	0.00400	0.00118	0.00505	0.00357	0.00264	0.16036
6	0.00516	0.00381	0.00477	0.00549	0.00597	0.00348	0.00372	0.00596	0.00838	0.01093	0.05021	0.64034	0.17862	0.04481	0.00589	0.00173	0.00243	0.01101	0.00387	0.00342
7	0.78922	0.00850	0.00746	0.00636	0.00909	0.00970	0.04380	0.05904	0.00802	0.01904	0.00623	0.00724	0.00479	0.00395	0.00281	0.00130	0.00352	0.00249	0.00267	0.00476
8	0.00559	0.00403	0.00479	0.00508	0.00557	0.00378	0.00337	0.00630	0.00812	0.01066	0.11229	0.28045	0.17912	0.31502	0.01104	0.00247	0.00296	0.03265	0.00349	0.00320
9	0.01186	0.01000	0.01228	0.02633	0.20596	0.04757	0.03119	0.18479	0.29845	0.05429	0.03665	0.01390	0.03726	0.00518	0.00427	0.00132	0.00427	0.00440	0.00358	0.00646
10	0.00579	0.00408	0.00521	0.00539	0.00606	0.00378	0.00378	0.00704	0.00973	0.02544	0.38263	0.33096	0.08301	0.09929	0.00683	0.00176	0.00240	0.00907	0.00410	0.00364
11	0.01034	0.01221	0.10441	0.01646	0.02084	0.01042	0.67280	0.03679	0.01019	0.04955	0.00881	0.01119	0.00647	0.00370	0.00481	0.00140	0.00677	0.00471	0.00229	0.00583
12	0.00918	0.00607	0.00750	0.00683	0.00801	0.00630	0.00508	0.22320	0.01019	0.01373	0.01204	0.19045	0.01222	0.01164	0.03475	0.36190	0.00387	0.03190	0.00302	0.04210
13	0.01136	0.01054	0.03309	0.01165	0.01483	0.03799	0.26209	0.08652	0.40301	0.06265	0.01318	0.01333	0.00975	0.00485	0.00446	0.00139	0.00485	0.00460	0.00351	0.00634
14	0.00928	0.00830	0.01037	0.00808	0.01050	0.00853	0.00660	0.05381	0.00853	0.01315	0.00694	0.00896	0.00603	0.00469	0.00687	0.00108	0.29477	0.00297	0.00236	0.52818
15	0.00514	0.00374	0.00486	0.00569	0.00607	0.00345	0.00384	0.00596	0.00835	0.01105	0.05991	0.74413	0.09680	0.01275	0.00531	0.00167	0.00239	0.01150	0.00393	0.00345
16	0.01046	0.00997	0.03409	0.03651	0.05627	0.15756	0.00669	0.15904	0.08936	0.03866	0.07862	0.07214	0.21922	0.00705	0.00445	0.00132	0.00414	0.00576	0.00354	0.00517
17	0.03834	0.00898	0.01035	0.00885	0.03836	0.02756	0.00687	0.15377	0.28838	0.34968	0.01487	0.01359	0.01029	0.00524	0.00419	0.00133	0.00380	0.00423	0.00448	0.00685
18	0.08154	0.00787	0.00983	0.00762	0.01078	0.00743	0.00628	0.14343	0.01288	0.62194	0.03649	0.01356	0.01025	0.00517	0.00412	0.00130	0.00367	0.00411	0.00484	0.00688
19	0.03810	0.00906	0.00933	0.00828	0.01058	0.03008	0.00641	0.07807	0.63858	0.03460	0.01569	0.01564	0.01211	0.06782	0.00547	0.00159	0.00358	0.00464	0.00406	0.00629
20	0.00641	0.00500	0.00728	0.00694	0.00755	0.00580	0.02554	0.00758	0.00667	0.00953	0.01112	0.01814	0.01101	0.20775	0.56462	0.00560	0.08277	0.00479	0.00228	0.00361
21	0.00791	0.00621	0.00726	0.00666	0.00821	0.00654	0.00514	0.04759	0.27917	0.01735	0.48956	0.02591	0.02876	0.00760	0.00473	0.00138	0.00262	0.03795	0.00446	0.00499
22	0.00673	0.00403	0.00604	0.00604	0.00638	0.00436	0.00436	0.00638	0.00604	0.00839	0.00906	0.01443	0.00872	0.02210	0.37938	0.49181	0.00702	0.00403	0.00201	0.00268
23	0.00874	0.00858	0.01278	0.30969	0.01747	0.01161	0.01009	0.01034	0.00715	0.01034	0.00622	0.00992	0.00555	0.00622	0.01035	0.00168	0.54310	0.00370	0.00185	0.00462
24	0.00541	0.00428	0.00488	0.00473	0.00595	0.00374	0.00354	0.00690	0.01063	0.01385	0.39714	0.03635	0.46822	0.00971	0.00496	0.00138	0.00206	0.00830	0.00423	0.00374
25	0.00541	0.00390	0.00509	0.00595	0.00632	0.00368	0.00406	0.02391	0.00841	0.01116	0.02347	0.77995	0.05261	0.01286	0.00534	0.00170	0.00252	0.03625	0.00391	0.00352
26	0.01247	0.01471	0.12080	0.07225	0.09988	0.26846	0.13329	0.10376	0.07878	0.04219	0.00879	0.01006	0.00668	0.00432	0.00417	0.00126	0.00610	0.00363	0.00259	0.00582
27	0.00715	0.00582	0.00654	0.00629	0.00773	0.00603	0.00471	0.01214	0.29020	0.01483	0.23309	0.16765	0.20361	0.00883	0.00479	0.00145	0.00256	0.00764	0.00422	0.00471
28	0.01134	0.01231	0.01362	0.01183	0.03737	0.22415	0.08037	0.04839	0.05437	0.01171	0.00696	0.00941	0.00609	0.00593	0.00918	0.00154	0.44457	0.00361	0.00220	0.00506

[dist]
# distance from previous block
# <min> <max>
1	3

[block]
# block no. 6 follows, 63 sequences, length 11
# corresponding to MSA columns:
# 393-403
name=unknown_G
#
# <colnr> <probs for GDERKNQSTAVLIFYWHMCP>
#	G	D	E	R	K	N	Q	S	T	A	V	L	I	F	Y	W	H	M	C	P
0	0.29367	0.01180	0.01025	0.00847	0.01133	0.14723	0.00683	0.37787	0.06130	0.02085	0.00855	0.00896	0.00636	0.00460	0.00363	0.00125	0.00460	0.00318	0.00336	0.00591
1	0.01053	0.01007	0.00958	0.00738	0.01075	0.15402	0.00581	0.06637	0.04435	0.01412	0.00788	0.00890	0.00642	0.00357	0.00336	0.00078	0.00402	0.00271	0.00262	0.62674
2	0.05679	0.00672	0.00868	0.00686	0.00978	0.00590	0.00561	0.01773	0.01140	0.65649	0.02037	0.01827	0.14425	0.00604	0.00427	0.00132	0.00332	0.00490	0.00487	0.00644
3	0.03097	0.01090	0.12083	0.00895	0.01138	0.14375	0.06693	0.07079	0.00981	0.12813	0.01093	0.01545	0.00947	0.16042	0.14090	0.00268	0.02030	0.02963	0.00283	0.00496
4	0.00890	0.00825	0.03312	0.15500	0.22256	0.00832	0.12059	0.02228	0.02059	0.04744	0.09485	0.10050	0.04379	0.00614	0.00520	0.00143	0.05887	0.03414	0.00280	0.00524
5	0.04161	0.00982	0.01002	0.00819	0.01096	0.14395	0.00654	0.15205	0.03859	0.42639	0.04812	0.06205	0.01120	0.00562	0.00420	0.00129	0.00426	0.00446	0.00433	0.00633
6	0.56977	0.00858	0.01048	0.14610	0.05062	0.00962	0.12511	0.01228	0.00788	0.01649	0.00660	0.00838	0.00509	0.00389	0.00328	0.00133	0.00428	0.00298	0.00239	0.00483
7	0.00515	0.00375	0.00479	0.00561	0.00598	0.00346	0.00376	0.00589	0.00815	0.01069	0.02507	0.71646	0.12286	0.04956	0.00602	0.00178	0.00247	0.01133	0.00384	0.00339
8	0.00553	0.00428	0.00510	0.00504	0.00617	0.00385	0.00380	0.00705	0.01045	0.01380	0.39168	0.07525	0.36769	0.01068	0.03657	0.00161	0.00250	0.04104	0.00417	0.00375
9	0.01083	0.00839	0.06571	0.00689	0.01069	0.00601	0.00596	0.01286	0.00943	0.18525	0.00939	0.00990	0.00704	0.00361	0.00341	0.00081	0.00342	0.00290	0.00301	0.63446
10	0.09350	0.17995	0.01492	0.08844	0.01409	0.14678	0.14741	0.01219	0.00885	0.01168	0.00811	0.01184	0.00720	0.00779	0.09867	0.00192	0.08961	0.05002	0.00218	0.00485

[dist]
# distance from previous block
# <min> <max>
0	1

[block]
# block no. 7 follows, 63 sequences, length 6
# corresponding to MSA columns:
# 405-410
name=unknown_H
#
# <colnr> <probs for GDERKNQSTAVLIFYWHMCP>
#	G	D	E	R	K	N	Q	S	T	A	V	L	I	F	Y	W	H	M	C	P
0	0.01056	0.65470	0.21621	0.00834	0.01257	0.01498	0.00920	0.01276	0.00862	0.01071	0.00625	0.00726	0.00538	0.00369	0.00301	0.00100	0.00491	0.00245	0.00179	0.00559
1	0.00602	0.00444	0.00643	0.00643	0.00707	0.00508	0.00485	0.00730	0.00666	0.00952	0.01156	0.01816	0.01122	0.15405	0.71405	0.00636	0.01019	0.00474	0.00230	0.00357
2	0.00512	0.00426	0.00448	0.00442	0.00577	0.00362	0.00332	0.00634	0.00995	0.01223	0.16712	0.03901	0.69925	0.01032	0.00497	0.00140	0.00211	0.00867	0.00402	0.00362
3	0.00526	0.00426	0.00470	0.00484	0.00606	0.00370	0.00367	0.00648	0.00972	0.01206	0.13155	0.11658	0.58405	0.01073	0.00508	0.00148	0.00230	0.07986	0.00399	0.00361
4	0.53198	0.00987	0.01009	0.00821	0.01110	0.10690	0.12350	0.01417	0.00880	0.12923	0.00780	0.00862	0.00573	0.00408	0.00331	0.00129	0.00437	0.00299	0.00284	0.00511
5	0.00990	0.00522	0.00578	0.00513	0.00669	0.00515	0.00400	0.09317	0.01069	0.12851	0.08763	0.01730	0.04489	0.00551	0.00351	0.00110	0.00246	0.00447	0.55420	0.00468

[dist]
# distance from previous block
# <min> <max>
0	9

[block]
# block no. 8 follows, 63 sequences, length 20
# corresponding to MSA columns:
# 420-439
name=unknown_I
#
# <colnr> <probs for GDERKNQSTAVLIFYWHMCP>
#	G	D	E	R	K	N	Q	S	T	A	V	L	I	F	Y	W	H	M	C	P
0	0.29970	0.01153	0.10512	0.01252	0.01634	0.03447	0.40747	0.01340	0.00902	0.04113	0.00772	0.00956	0.00576	0.00379	0.00401	0.00136	0.00562	0.00378	0.00235	0.00538
1	0.07224	0.34319	0.09238	0.01473	0.29317	0.04382	0.06057	0.01296	0.00904	0.01240	0.00690	0.00853	0.00583	0.00373	0.00350	0.00113	0.00502	0.00303	0.00198	0.00584
2	0.88196	0.00813	0.00618	0.00553	0.00813	0.00943	0.00455	0.01236	0.00715	0.01886	0.00585	0.00683	0.00455	0.00390	0.00260	0.00130	0.00325	0.00228	0.00260	0.00455
3	0.00512	0.00366	0.00488	0.00585	0.00610	0.00341	0.00390	0.00585	0.00805	0.01073	0.02317	0.84952	0.02780	0.01317	0.00537	0.00171	0.00244	0.01195	0.00390	0.00341
4	0.00512	0.00368	0.00485	0.00579	0.00608	0.00342	0.00387	0.00586	0.00811	0.01076	0.02395	0.81704	0.05978	0.01307	0.00535	0.00170	0.00243	0.01183	0.00390	0.00342
5	0.01489	0.00675	0.00870	0.03354	0.01019	0.00626	0.00579	0.06907	0.03865	0.52129	0.03647	0.06638	0.07454	0.00612	0.00426	0.00131	0.00334	0.00507	0.08117	0.00620
6	0.07410	0.03810	0.01137	0.03261	0.07070	0.03090	0.04702	0.05237	0.53290	0.01671	0.01364	0.01338	0.01037	0.00520	0.00441	0.00138	0.03069	0.00427	0.00361	0.00627
7	0.88196	0.00813	0.00618	0.00553	0.00813	0.00943	0.00455	0.01236	0.00715	0.01886	0.00585	0.00683	0.00455	0.00390	0.00260	0.00130	0.00325	0.00228	0.00260	0.00455
8	0.88196	0.00813	0.00618	0.00553	0.00813	0.00943	0.00455	0.01236	0.00715	0.01886	0.00585	0.00683	0.00455	0.00390	0.00260	0.00130	0.00325	0.00228	0.00260	0.00455
9	0.00868	0.03776	0.77289	0.01171	0.01771	0.03036	0.01491	0.01331	0.00894	0.01318	0.00748	0.00880	0.00535	0.00397	0.00394	0.00130	0.00613	0.00306	0.00180	0.02871
10	0.03374	0.17263	0.01414	0.03085	0.08069	0.02979	0.05469	0.12835	0.26436	0.08314	0.01122	0.01149	0.00854	0.00486	0.00448	0.00129	0.05245	0.00383	0.00327	0.00621
11	0.00511	0.00369	0.00484	0.00576	0.00607	0.00342	0.00386	0.00586	0.00814	0.01077	0.02429	0.80279	0.07381	0.01302	0.00534	0.00169	0.00242	0.01177	0.00390	0.00342
12	0.00519	0.00369	0.00486	0.00576	0.00599	0.00346	0.00381	0.00587	0.00791	0.01055	0.02246	0.79060	0.02691	0.07331	0.00651	0.00188	0.00256	0.01153	0.00381	0.00335
13	0.18107	0.01015	0.01425	0.01078	0.01411	0.01059	0.23776	0.31382	0.01295	0.05337	0.00904	0.01031	0.00672	0.00586	0.05234	0.00161	0.00534	0.00384	0.00315	0.04296
14	0.01086	0.29269	0.03550	0.19660	0.20315	0.10585	0.04836	0.03885	0.00957	0.01180	0.00706	0.00904	0.00584	0.00390	0.00368	0.00116	0.00537	0.00317	0.00201	0.00555
15	0.00719	0.00565	0.00625	0.00588	0.00746	0.00564	0.00447	0.01147	0.23354	0.04107	0.22821	0.06809	0.34143	0.00871	0.00477	0.00141	0.00249	0.00741	0.00423	0.00462
16	0.00582	0.00424	0.00521	0.00523	0.00624	0.00381	0.00387	0.00728	0.01041	0.03175	0.40262	0.19850	0.25593	0.01010	0.00505	0.00144	0.00221	0.03220	0.00427	0.00381
17	0.00993	0.00865	0.01221	0.28620	0.02779	0.03957	0.10166	0.14678	0.10799	0.03334	0.01271	0.11798	0.02623	0.00607	0.00452	0.00143	0.00481	0.04376	0.00306	0.00531
18	0.05870	0.03365	0.01218	0.02888	0.01287	0.08803	0.00772	0.57839	0.02984	0.09328	0.01005	0.01009	0.00715	0.00489	0.00405	0.00125	0.00474	0.00362	0.00391	0.00670
19	0.00733	0.00646	0.01042	0.27423	0.10669	0.00742	0.03371	0.00940	0.00817	0.01123	0.06805	0.02898	0.04130	0.01502	0.31038	0.00337	0.04636	0.00465	0.00234	0.00447

[dist]
# distance from previous block
# <min> <max>
0	32

[block]
# block no. 9 follows, 63 sequences, length 23
# corresponding to MSA columns:
# 472-494
name=unknown_J
#
# <colnr> <probs for GDERKNQSTAVLIFYWHMCP>
#	G	D	E	R	K	N	Q	S	T	A	V	L	I	F	Y	W	H	M	C	P
0	0.01472	0.16806	0.03350	0.01004	0.05602	0.00988	0.11161	0.10896	0.03611	0.36973	0.01204	0.01175	0.00833	0.00457	0.00399	0.00123	0.00442	0.00386	0.02469	0.00649
1	0.12587	0.03920	0.02688	0.02190	0.02332	0.50733	0.04148	0.01462	0.01036	0.01183	0.00708	0.00912	0.00604	0.02041	0.02343	0.00132	0.02977	0.01688	0.00225	0.06091
2	0.00892	0.02375	0.05205	0.03721	0.01346	0.00907	0.23668	0.07580	0.00975	0.01378	0.06901	0.05086	0.09126	0.00644	0.01619	0.00150	0.17854	0.00518	0.09565	0.00492
3	0.01110	0.26787	0.20005	0.00903	0.01314	0.01190	0.03262	0.18250	0.06061	0.01540	0.00817	0.00895	0.00638	0.00404	0.00354	0.00107	0.00468	0.00304	0.00258	0.15331
4	0.00516	0.00394	0.00475	0.00525	0.00598	0.00352	0.00367	0.00615	0.00901	0.01164	0.12105	0.48040	0.30075	0.01179	0.00518	0.00157	0.00228	0.01041	0.00399	0.00352
5	0.00792	0.00922	0.14481	0.00755	0.00991	0.05706	0.02937	0.01189	0.14853	0.03068	0.32357	0.04023	0.14771	0.00727	0.00461	0.00135	0.00347	0.00621	0.00375	0.00489
6	0.00517	0.00368	0.00486	0.00579	0.00602	0.00345	0.00384	0.00587	0.00795	0.01060	0.02268	0.80903	0.02719	0.05450	0.00616	0.00182	0.00252	0.01166	0.00384	0.00337
7	0.00607	0.00464	0.00710	0.00695	0.00775	0.00526	0.02825	0.00754	0.00691	0.00988	0.01197	0.06765	0.01159	0.05388	0.73685	0.00621	0.01039	0.00502	0.00236	0.00375
8	0.00650	0.00442	0.00579	0.00538	0.00647	0.00406	0.00406	0.00846	0.01191	0.05121	0.78968	0.03068	0.03843	0.00845	0.00493	0.00132	0.00205	0.00746	0.00465	0.00410
9	0.00601	0.00447	0.00657	0.00657	0.00725	0.00515	0.00502	0.00739	0.00670	0.00962	0.01143	0.01747	0.01093	0.10303	0.76467	0.00652	0.01063	0.00464	0.00228	0.00365
10	0.01570	0.02004	0.01191	0.01083	0.01300	0.83539	0.00812	0.01679	0.01191	0.01029	0.00650	0.00758	0.00541	0.00433	0.00379	0.00108	0.00758	0.00271	0.00217	0.00487
11	0.01079	0.00903	0.01251	0.03584	0.16371	0.01079	0.00898	0.14875	0.03268	0.06499	0.02301	0.04661	0.00853	0.00737	0.04333	0.00177	0.34699	0.01604	0.00275	0.00553
12	0.03961	0.42816	0.08495	0.00697	0.00999	0.01120	0.00673	0.01172	0.02511	0.05072	0.20715	0.01496	0.04921	0.00526	0.00357	0.00110	0.00378	0.00406	0.00283	0.03293
13	0.02755	0.00788	0.02801	0.00846	0.02914	0.00881	0.00665	0.23019	0.02501	0.01521	0.05028	0.01503	0.01049	0.11299	0.24860	0.00328	0.14345	0.00441	0.01968	0.00489
14	0.01129	0.77749	0.06148	0.00759	0.01125	0.05180	0.00764	0.01281	0.00870	0.01008	0.00596	0.00688	0.00539	0.00365	0.00281	0.00093	0.00471	0.00231	0.00181	0.00541
15	0.00788	0.00543	0.00573	0.00535	0.00671	0.02388	0.00405	0.08312	0.04637	0.03010	0.17621	0.07471	0.19571	0.02778	0.00458	0.00131	0.00254	0.00626	0.28798	0.00428
16	0.00597	0.00444	0.00560	0.00558	0.00652	0.00421	0.00412	0.00817	0.05710	0.01498	0.51501	0.20771	0.10327	0.00968	0.00503	0.00144	0.00222	0.03062	0.00437	0.00396
17	0.00794	0.00747	0.01261	0.84216	0.02895	0.00934	0.01167	0.01074	0.00841	0.01074	0.00747	0.01121	0.00560	0.00420	0.00420	0.00140	0.00560	0.00374	0.00187	0.00467
18	0.00942	0.00878	0.00928	0.00696	0.01032	0.08573	0.00554	0.01115	0.00888	0.01315	0.00726	0.00864	0.00611	0.00349	0.00383	0.00074	0.05502	0.00258	0.00242	0.74069
19	0.00576	0.00426	0.00537	0.00515	0.00618	0.00388	0.00384	0.00754	0.01137	0.01572	0.66460	0.06720	0.16533	0.00912	0.00498	0.00135	0.00203	0.00799	0.00448	0.00388
20	0.01130	0.00984	0.01076	0.02935	0.08575	0.04391	0.00761	0.03039	0.59112	0.01766	0.07933	0.03468	0.01506	0.00651	0.00479	0.00159	0.00398	0.00525	0.00430	0.00681
21	0.00623	0.00446	0.00542	0.00513	0.00622	0.00410	0.00378	0.00804	0.03003	0.03880	0.52294	0.03223	0.21655	0.08991	0.00650	0.00161	0.00230	0.00758	0.00427	0.00389
22	0.01055	0.01122	0.01319	0.04513	0.08223	0.20125	0.10957	0.04017	0.04438	0.01192	0.02489	0.01171	0.02580	0.00894	0.11845	0.00215	0.22715	0.00398	0.00232	0.00500

[dist]
# distance from previous block
# <min> <max>
3	11

[block]
# block no. 10 follows, 63 sequences, length 26
# corresponding to MSA columns:
# 507-532
name=unknown_K
#
# <colnr> <probs for GDERKNQSTAVLIFYWHMCP>
#	G	D	E	R	K	N	Q	S	T	A	V	L	I	F	Y	W	H	M	C	P
0	0.02344	0.36410	0.05252	0.18178	0.08403	0.04031	0.03863	0.07070	0.02390	0.02934	0.00766	0.00965	0.00634	0.03132	0.00408	0.00123	0.00494	0.00319	0.01740	0.00544
1	0.80052	0.00795	0.00637	0.00563	0.00820	0.00907	0.00460	0.01272	0.00745	0.07197	0.00677	0.00790	0.00524	0.02774	0.00324	0.00138	0.00330	0.00251	0.00277	0.00467
2	0.00690	0.00609	0.00946	0.41990	0.07140	0.00683	0.00824	0.00891	0.00882	0.01146	0.07463	0.20476	0.13126	0.00743	0.00463	0.00146	0.00409	0.00660	0.00283	0.00431
3	0.00511	0.00370	0.00483	0.00574	0.00607	0.00342	0.00385	0.00587	0.00816	0.01078	0.02458	0.79063	0.08578	0.01299	0.00534	0.00169	0.00242	0.01173	0.00390	0.00342
4	0.88196	0.00813	0.00618	0.00553	0.00813	0.00943	0.00455	0.01236	0.00715	0.01886	0.00585	0.00683	0.00455	0.00390	0.00260	0.00130	0.00325	0.00228	0.00260	0.00455
5	0.00839	0.00424	0.00434	0.00419	0.00530	0.00426	0.00318	0.03425	0.00923	0.03860	0.01368	0.01547	0.01066	0.00491	0.00301	0.00100	0.00208	0.00392	0.82517	0.00411
6	0.21935	0.28911	0.01391	0.00830	0.01113	0.31272	0.00696	0.07225	0.01026	0.01337	0.00639	0.00731	0.00533	0.00404	0.00318	0.00109	0.00533	0.00253	0.00230	0.00513
7	0.00590	0.00435	0.00555	0.00540	0.00644	0.00400	0.00415	0.00776	0.01136	0.01569	0.63799	0.03423	0.14371	0.00917	0.00504	0.00140	0.00219	0.08732	0.00445	0.00390
8	0.81914	0.00806	0.00644	0.00567	0.00832	0.00919	0.00467	0.01295	0.00751	0.07782	0.00663	0.00737	0.00498	0.00400	0.00272	0.00130	0.00328	0.00242	0.00279	0.00474
9	0.00638	0.00478	0.00698	0.00687	0.00772	0.00555	0.00536	0.03801	0.00725	0.01039	0.01122	0.01627	0.01038	0.03052	0.80408	0.00655	0.01101	0.00448	0.00233	0.00388
10	0.88196	0.00813	0.00618	0.00553	0.00813	0.00943	0.00455	0.01236	0.00715	0.01886	0.00585	0.00683	0.00455	0.00390	0.00260	0.00130	0.00325	0.00228	0.00260	0.00455
11	0.00582	0.00410	0.00547	0.00574	0.00608	0.00430	0.00393	0.00653	0.00688	0.00944	0.01522	0.25684	0.01695	0.30093	0.30911	0.02330	0.00618	0.00714	0.00281	0.00321
12	0.00511	0.00370	0.00483	0.00573	0.00607	0.00342	0.00385	0.00587	0.00816	0.01078	0.02462	0.78913	0.08726	0.01298	0.00534	0.00169	0.00242	0.01172	0.00390	0.00342
13	0.00920	0.00920	0.01288	0.01104	0.01104	0.01288	0.00920	0.01012	0.00644	0.01012	0.00552	0.00920	0.00552	0.00736	0.01380	0.00184	0.84457	0.00368	0.00184	0.00460
14	0.00811	0.00765	0.01292	0.78443	0.08532	0.00939	0.01176	0.01089	0.00849	0.01095	0.00750	0.01115	0.00568	0.00417	0.00420	0.00139	0.00556	0.00374	0.00188	0.00481
15	0.00507	0.00418	0.00445	0.00457	0.00578	0.00356	0.00335	0.00615	0.00954	0.01169	0.09975	0.15548	0.65020	0.01085	0.00502	0.00145	0.00216	0.00921	0.00396	0.00356
16	0.00872	0.00747	0.00872	0.00623	0.00996	0.00560	0.00498	0.01058	0.00872	0.01370	0.00747	0.00872	0.00623	0.00311	0.00311	0.00062	0.00311	0.00249	0.00249	0.87796
17	0.03005	0.03135	0.26085	0.00950	0.01347	0.00823	0.08409	0.01524	0.11218	0.21022	0.04256	0.01406	0.06289	0.00497	0.00414	0.00128	0.00450	0.00421	0.00327	0.08293
18	0.00737	0.00553	0.00677	0.00567	0.00770	0.00469	0.00438	0.00945	0.02785	0.04708	0.45441	0.02373	0.08426	0.00678	0.00432	0.00110	0.00245	0.00585	0.00390	0.28672
19	0.00823	0.00663	0.00917	0.04688	0.14609	0.02305	0.03922	0.01003	0.02394	0.07689	0.15796	0.04117	0.23616	0.07637	0.00645	0.00158	0.04666	0.00620	0.00337	0.03397
20	0.38007	0.06179	0.04572	0.03152	0.03127	0.06967	0.10602	0.03081	0.03659	0.06482	0.00880	0.04044	0.01954	0.00452	0.00366	0.00128	0.01780	0.00348	0.00270	0.03951
21	0.08814	0.01040	0.03086	0.04980	0.27917	0.09607	0.14529	0.03947	0.04530	0.05036	0.07172	0.01310	0.03860	0.00464	0.00420	0.00129	0.00499	0.00424	0.01666	0.00570
22	0.02300	0.02786	0.05247	0.00830	0.02284	0.10245	0.08231	0.03599	0.03312	0.03962	0.05858	0.06367	0.02213	0.23034	0.11089	0.02723	0.01936	0.00511	0.00274	0.03198
23	0.06278	0.20835	0.17958	0.01028	0.01398	0.06026	0.15291	0.06653	0.02329	0.02852	0.04753	0.02219	0.00836	0.00506	0.02119	0.00133	0.02032	0.02176	0.00244	0.04332
24	0.04651	0.04864	0.06507	0.02576	0.09074	0.18238	0.04326	0.13283	0.07156	0.08236	0.01053	0.01150	0.03891	0.02331	0.00459	0.00126	0.02828	0.00367	0.00293	0.08592
25	0.09336	0.12108	0.07612	0.00908	0.02891	0.11370	0.07042	0.04376	0.04208	0.06085	0.01218	0.04619	0.03753	0.04478	0.04062	0.00168	0.01503	0.10848	0.00284	0.03132

[dist]
# distance from previous block
# <min> <max>
48	576

[block]
# block no. 11 follows, 63 sequences, length 12
# corresponding to MSA columns:
# 1143-1154
name=unknown_L
#
# <colnr> <probs for GDERKNQSTAVLIFYWHMCP>
#	G	D	E	R	K	N	Q	S	T	A	V	L	I	F	Y	W	H	M	C	P
0	0.01269	0.08541	0.11615	0.01237	0.01584	0.30138	0.22913	0.12155	0.02590	0.01379	0.00777	0.00921	0.00603	0.00419	0.00429	0.00123	0.02151	0.00353	0.00238	0.00563
1	0.00899	0.02055	0.74239	0.01168	0.01754	0.01000	0.01466	0.06351	0.04615	0.01433	0.00814	0.00926	0.00578	0.00414	0.00402	0.00133	0.00598	0.00322	0.00204	0.00629
2	0.35734	0.01252	0.26328	0.00905	0.01311	0.00899	0.09348	0.01331	0.00856	0.08723	0.00776	0.00878	0.00566	0.00393	0.00347	0.00126	0.00459	0.00301	0.00251	0.09214
3	0.06012	0.00934	0.09267	0.04122	0.30924	0.00845	0.00921	0.02591	0.15072	0.03491	0.01395	0.16587	0.04812	0.00623	0.00433	0.00139	0.00410	0.00552	0.00299	0.00571
4	0.01163	0.36185	0.20974	0.01012	0.06260	0.04942	0.03213	0.03609	0.07050	0.10601	0.00867	0.00927	0.00667	0.00411	0.00354	0.00114	0.00495	0.00310	0.00248	0.00599
5	0.01054	0.00970	0.04991	0.03006	0.36996	0.00900	0.11843	0.01424	0.11162	0.08575	0.01056	0.05056	0.00860	0.00448	0.00423	0.00126	0.00468	0.00430	0.00275	0.09934
6	0.01443	0.01085	0.01144	0.00905	0.01189	0.04998	0.00736	0.59320	0.03276	0.05830	0.06575	0.01314	0.03615	0.02951	0.00510	0.00137	0.03495	0.00425	0.00404	0.00648
7	0.01198	0.10224	0.01419	0.08330	0.22902	0.03709	0.00914	0.06491	0.06290	0.06133	0.01011	0.01219	0.00832	0.00629	0.04351	0.00163	0.04287	0.00384	0.00303	0.19211
8	0.01084	0.06312	0.10152	0.16325	0.16087	0.05853	0.04558	0.04451	0.03585	0.12247	0.02978	0.02568	0.05837	0.00498	0.00450	0.00130	0.03538	0.00417	0.00277	0.02655
9	0.00922	0.00766	0.00837	0.03130	0.03343	0.08365	0.01517	0.09661	0.07652	0.05073	0.15076	0.18424	0.07195	0.01808	0.01484	0.00143	0.00365	0.03606	0.00365	0.10269
10	0.03777	0.33669	0.07711	0.04007	0.07892	0.01298	0.00844	0.22645	0.04355	0.06375	0.00845	0.00911	0.00655	0.00422	0.00353	0.00112	0.00456	0.00312	0.00280	0.03082
11	0.12289	0.03562	0.05445	0.02005	0.03820	0.06397	0.00698	0.16940	0.14058	0.09708	0.07929	0.02399	0.02046	0.00507	0.00389	0.00122	0.00399	0.00398	0.00350	0.10540

[dist]
# distance from previous block
# <min> <max>
12	59

# created by:
# /st0/software/busco_prod/Augustus/scripts/msa2prfl.pl ./align_prep/21590.fa
