[name]
unknown

[dist]
# distance from previous block
# <min> <max>
0	75

[block]
# block no. 0 follows, 71 sequences, length 12
# corresponding to MSA columns:
# 93-104
name=unknown_A
#
# <colnr> <probs for GDERKNQSTAVLIFYWHMCP>
#	G	D	E	R	K	N	Q	S	T	A	V	L	I	F	Y	W	H	M	C	P
0	0.00756	0.00632	0.00917	0.06172	0.10633	0.00681	0.05473	0.07854	0.03085	0.03011	0.01436	0.33436	0.04826	0.03025	0.00591	0.00146	0.12154	0.01796	0.00288	0.03085
1	0.00899	0.00785	0.00848	0.00624	0.00953	0.05181	0.00499	0.09592	0.00917	0.01355	0.00702	0.00803	0.00573	0.00309	0.00298	0.00065	0.00321	0.00241	0.00242	0.74795
2	0.00954	0.00824	0.00867	0.00780	0.00997	0.00954	0.00607	0.02037	0.83441	0.01604	0.01561	0.01431	0.01170	0.00520	0.00390	0.00130	0.00303	0.00433	0.00390	0.00607
3	0.00472	0.00389	0.00415	0.00409	0.00530	0.00332	0.00306	0.00588	0.00919	0.01144	0.21116	0.03512	0.66679	0.00931	0.00453	0.00128	0.00191	0.00784	0.00370	0.00332
4	0.00549	0.00406	0.00593	0.00593	0.00654	0.00467	0.00450	0.00670	0.00609	0.00873	0.01048	0.01624	0.01009	0.12654	0.75297	0.00588	0.00950	0.00428	0.00209	0.00329
5	0.01691	0.00699	0.00919	0.00704	0.01002	0.00632	0.00582	0.10782	0.01175	0.75376	0.01447	0.01263	0.00916	0.00473	0.00385	0.00118	0.00337	0.00381	0.00465	0.00652
6	0.00488	0.00349	0.00468	0.00550	0.00583	0.00328	0.00385	0.00573	0.00770	0.01028	0.06597	0.72675	0.02559	0.01163	0.00492	0.00156	0.00235	0.09924	0.00359	0.00319
7	0.01368	0.00982	0.01070	0.00830	0.01113	0.01072	0.00682	0.70474	0.01695	0.05702	0.10081	0.01150	0.00991	0.00496	0.00391	0.00116	0.00391	0.00385	0.00392	0.00620
8	0.00999	0.00846	0.00892	0.00789	0.01014	0.00975	0.00618	0.09293	0.76111	0.01677	0.01503	0.01385	0.01124	0.00515	0.00390	0.00129	0.00314	0.00426	0.00390	0.00611
9	0.04041	0.00743	0.00972	0.03754	0.12879	0.00703	0.00646	0.08439	0.00939	0.17238	0.03358	0.01005	0.00741	0.00438	0.01889	0.00106	0.06328	0.00312	0.00283	0.35184
10	0.00806	0.00617	0.00814	0.09989	0.01049	0.00578	0.03894	0.07355	0.02252	0.06484	0.01243	0.13155	0.04758	0.08396	0.03256	0.00147	0.00361	0.04836	0.00280	0.29730
11	0.48881	0.00841	0.00751	0.00636	0.00881	0.08925	0.00516	0.04850	0.02959	0.23813	0.00844	0.00851	0.00598	0.00409	0.00326	0.00118	0.02725	0.00274	0.00305	0.00497

[dist]
# distance from previous block
# <min> <max>
0	1

[block]
# block no. 1 follows, 71 sequences, length 24
# corresponding to MSA columns:
# 106-129
name=unknown_B
#
# <colnr> <probs for GDERKNQSTAVLIFYWHMCP>
#	G	D	E	R	K	N	Q	S	T	A	V	L	I	F	Y	W	H	M	C	P
0	0.00840	0.00799	0.01326	0.40444	0.39370	0.00900	0.01088	0.01102	0.03627	0.01121	0.00720	0.00993	0.00577	0.00385	0.00429	0.00124	0.05113	0.00344	0.00187	0.00514
1	0.01516	0.00980	0.01092	0.00837	0.01142	0.01049	0.00692	0.64705	0.01645	0.20789	0.01053	0.01007	0.00719	0.00463	0.00384	0.00116	0.00400	0.00354	0.00404	0.00652
2	0.01720	0.00653	0.00890	0.00682	0.00979	0.00564	0.00564	0.01869	0.01097	0.84399	0.01513	0.01305	0.00949	0.00475	0.00386	0.00119	0.00326	0.00386	0.00475	0.00653
3	0.00475	0.00397	0.00415	0.00415	0.00538	0.00343	0.00309	0.00604	0.03108	0.01091	0.10561	0.08193	0.70312	0.00956	0.00453	0.00130	0.00198	0.00805	0.00363	0.00334
4	0.22578	0.00747	0.00857	0.00674	0.00959	0.00743	0.00557	0.15749	0.01114	0.50420	0.01176	0.01075	0.00770	0.00444	0.00350	0.00118	0.00336	0.00336	0.00402	0.00596
5	0.00521	0.00389	0.00484	0.00465	0.00561	0.00352	0.00347	0.00680	0.01027	0.01410	0.63896	0.06510	0.20265	0.00840	0.00454	0.00124	0.00185	0.00734	0.00406	0.00352
6	0.00488	0.00386	0.00440	0.00435	0.00542	0.00337	0.00323	0.00615	0.00944	0.01223	0.34343	0.09473	0.47255	0.00917	0.00455	0.00128	0.00191	0.00786	0.00381	0.00337
7	0.00724	0.00681	0.01150	0.85604	0.02641	0.00852	0.01065	0.00980	0.00767	0.00980	0.00681	0.01022	0.00511	0.00383	0.00383	0.00128	0.00511	0.00341	0.00170	0.00426
8	0.00526	0.00394	0.00439	0.00429	0.00547	0.00342	0.00321	0.00647	0.00926	0.03811	0.24432	0.08051	0.53087	0.00903	0.00447	0.00127	0.00196	0.00767	0.03266	0.00344
9	0.01316	0.00997	0.01067	0.00850	0.01129	0.01113	0.00691	0.62021	0.20772	0.02192	0.01099	0.03143	0.00819	0.00492	0.00388	0.00120	0.00389	0.00384	0.00384	0.00633
10	0.89233	0.00741	0.00564	0.00504	0.00741	0.00860	0.00415	0.01127	0.00653	0.01720	0.00534	0.00623	0.00415	0.00356	0.00237	0.00119	0.00297	0.00208	0.00237	0.00415
11	0.01043	0.02403	0.02134	0.00801	0.02484	0.02040	0.04841	0.20832	0.22676	0.04050	0.00995	0.01017	0.00755	0.00400	0.00350	0.00098	0.00357	0.00328	0.00310	0.32088
12	0.03401	0.04266	0.07635	0.03029	0.06685	0.01935	0.20442	0.08440	0.02384	0.04693	0.00727	0.00974	0.00597	0.00489	0.00704	0.00138	0.31042	0.01698	0.00216	0.00502
13	0.01356	0.00906	0.00997	0.00783	0.01054	0.00979	0.00640	0.55478	0.07199	0.13476	0.03702	0.01120	0.00855	0.00475	0.00375	0.00114	0.00369	0.00369	0.09140	0.00611
14	0.02392	0.00822	0.03305	0.08740	0.32484	0.00813	0.10841	0.07493	0.07318	0.03463	0.02448	0.11295	0.05853	0.00516	0.00406	0.00125	0.00419	0.00482	0.00260	0.00525
15	0.00764	0.03727	0.05237	0.00818	0.03546	0.06960	0.03317	0.04608	0.04951	0.01038	0.00935	0.03735	0.00864	0.05964	0.40004	0.00369	0.12133	0.00399	0.00218	0.00412
16	0.00484	0.00390	0.00431	0.00421	0.00537	0.00337	0.00315	0.00610	0.00946	0.01208	0.31339	0.03407	0.56416	0.00907	0.00453	0.00126	0.00190	0.00769	0.00379	0.00337
17	0.00533	0.00386	0.00537	0.00556	0.00599	0.00421	0.00399	0.00626	0.00627	0.00876	0.01289	0.19069	0.01378	0.21030	0.49351	0.00468	0.00718	0.00582	0.00242	0.00312
18	0.00998	0.01173	0.09543	0.05316	0.20849	0.17050	0.11430	0.04468	0.04880	0.01168	0.00727	0.00951	0.00600	0.00472	0.01696	0.00133	0.16487	0.01344	0.00204	0.00512
19	0.00995	0.00965	0.05531	0.13813	0.33075	0.03554	0.18916	0.06325	0.02863	0.07507	0.00836	0.02408	0.00652	0.00382	0.00397	0.00121	0.00499	0.00378	0.00228	0.00556
20	0.00466	0.00337	0.00442	0.00526	0.00554	0.00312	0.00352	0.00535	0.00742	0.00982	0.02209	0.81813	0.06937	0.01189	0.00487	0.00154	0.00221	0.01075	0.00356	0.00312
21	0.04177	0.00823	0.00877	0.03770	0.01048	0.02047	0.00617	0.05924	0.66094	0.06287	0.03110	0.01374	0.01122	0.00508	0.00384	0.00128	0.00320	0.00418	0.00379	0.00591
22	0.15382	0.05575	0.02015	0.21748	0.15480	0.10181	0.02152	0.02791	0.00835	0.05879	0.00762	0.04154	0.00633	0.00497	0.03365	0.00133	0.02590	0.00330	0.00220	0.05278
23	0.03088	0.00901	0.01063	0.10929	0.08587	0.05102	0.03097	0.28759	0.15971	0.06842	0.01117	0.02337	0.03655	0.02205	0.00412	0.00123	0.00406	0.00384	0.01332	0.03690

[dist]
# distance from previous block
# <min> <max>
1	7

[block]
# block no. 2 follows, 71 sequences, length 15
# corresponding to MSA columns:
# 137-151
name=unknown_C
#
# <colnr> <probs for GDERKNQSTAVLIFYWHMCP>
#	G	D	E	R	K	N	Q	S	T	A	V	L	I	F	Y	W	H	M	C	P
0	0.00758	0.00635	0.00780	0.00587	0.00873	0.00501	0.03049	0.02316	0.00809	0.01215	0.03232	0.05337	0.06030	0.00453	0.00388	0.05306	0.00289	0.00335	0.00245	0.66862
1	0.00765	0.06735	0.03297	0.09501	0.27999	0.00728	0.03250	0.00983	0.03732	0.01167	0.05701	0.09826	0.12684	0.00558	0.00392	0.00117	0.00367	0.02501	0.00252	0.09446
2	0.01023	0.02689	0.04052	0.00750	0.01022	0.05063	0.02483	0.12101	0.01871	0.10884	0.00895	0.02392	0.02814	0.00431	0.00466	0.00099	0.12551	0.00316	0.00269	0.37829
3	0.00746	0.00713	0.01218	0.74920	0.05876	0.00873	0.04792	0.00997	0.00770	0.01000	0.00680	0.01012	0.00518	0.00391	0.00422	0.00129	0.03987	0.00346	0.00172	0.00437
4	0.00808	0.00728	0.02806	0.17094	0.23963	0.00736	0.06037	0.04804	0.06555	0.03466	0.12162	0.04797	0.08457	0.02320	0.01808	0.00137	0.00403	0.02164	0.00272	0.00484
5	0.01469	0.00650	0.00843	0.00660	0.00938	0.00576	0.00540	0.03819	0.05505	0.61485	0.02991	0.01430	0.03938	0.00493	0.00380	0.00114	0.00313	0.02079	0.02569	0.09208
6	0.01007	0.00770	0.00885	0.03053	0.02847	0.02505	0.02446	0.32053	0.10472	0.04036	0.07326	0.06706	0.11258	0.00653	0.00418	0.00128	0.00350	0.09812	0.02763	0.00511
7	0.00492	0.00358	0.00470	0.00514	0.00565	0.00336	0.00360	0.00597	0.00837	0.01138	0.25590	0.52418	0.08024	0.01159	0.05103	0.00169	0.00253	0.00921	0.00367	0.00328
8	0.00848	0.00733	0.01190	0.64317	0.05901	0.00880	0.03647	0.05790	0.00845	0.06028	0.00739	0.01019	0.00551	0.00406	0.00437	0.00128	0.05527	0.00347	0.00202	0.00463
9	0.03581	0.01151	0.01194	0.07243	0.26566	0.24645	0.00862	0.13570	0.11134	0.05099	0.00845	0.00943	0.00654	0.00405	0.00369	0.00113	0.00492	0.00325	0.00258	0.00552
10	0.00470	0.00345	0.00434	0.00502	0.00541	0.00317	0.00338	0.00538	0.00748	0.00975	0.02362	0.67231	0.16378	0.06192	0.00569	0.00164	0.00226	0.01011	0.00349	0.00309
11	0.00594	0.00457	0.00678	0.06990	0.02760	0.00526	0.00530	0.02952	0.00677	0.00959	0.03209	0.02880	0.01023	0.06128	0.67215	0.00523	0.00895	0.00427	0.00217	0.00358
12	0.05103	0.21241	0.07415	0.00900	0.05159	0.06670	0.03205	0.24734	0.04059	0.09175	0.00860	0.02258	0.00679	0.00464	0.01263	0.00117	0.03987	0.01880	0.00279	0.00552
13	0.03295	0.05882	0.01924	0.00716	0.01012	0.01721	0.07926	0.09808	0.05534	0.03197	0.04413	0.02208	0.03157	0.01358	0.03360	0.00109	0.00369	0.00332	0.00264	0.43417
14	0.06485	0.09597	0.06707	0.02154	0.16816	0.11858	0.08350	0.07153	0.07972	0.04164	0.03634	0.02802	0.01811	0.04510	0.00436	0.00124	0.00449	0.00361	0.00247	0.04368

[dist]
# distance from previous block
# <min> <max>
0	16

[block]
# block no. 3 follows, 71 sequences, length 45
# corresponding to MSA columns:
# 168-212
name=unknown_D
#
# <colnr> <probs for GDERKNQSTAVLIFYWHMCP>
#	G	D	E	R	K	N	Q	S	T	A	V	L	I	F	Y	W	H	M	C	P
0	0.03830	0.01915	0.08743	0.03510	0.04642	0.16593	0.02353	0.12659	0.10075	0.02823	0.08965	0.05460	0.14472	0.00580	0.00405	0.00120	0.01607	0.00468	0.00299	0.00481
1	0.00505	0.00373	0.00483	0.00522	0.00577	0.00343	0.01288	0.00590	0.00773	0.01035	0.10456	0.54816	0.09892	0.09864	0.00626	0.00169	0.00242	0.03429	0.00343	0.03673
2	0.00464	0.00345	0.00433	0.00504	0.00548	0.00314	0.00343	0.00537	0.00762	0.00990	0.02472	0.69546	0.19034	0.01155	0.00482	0.00150	0.00217	0.01033	0.00356	0.00314
3	0.01025	0.86756	0.02009	0.00656	0.00984	0.01517	0.00656	0.01148	0.00779	0.00902	0.00533	0.00615	0.00492	0.00328	0.00246	0.00082	0.00410	0.00205	0.00164	0.00492
4	0.01019	0.04326	0.28486	0.05821	0.09850	0.07914	0.06347	0.18865	0.05030	0.01430	0.00763	0.00890	0.00577	0.00412	0.00436	0.00121	0.06606	0.00322	0.00230	0.00557
5	0.04143	0.00761	0.00934	0.00721	0.01013	0.00736	0.00594	0.22812	0.02850	0.55921	0.01313	0.01183	0.00856	0.00465	0.00377	0.00116	0.00346	0.00368	0.02482	0.02010
6	0.00470	0.00346	0.00440	0.00508	0.00551	0.00316	0.00346	0.00548	0.00778	0.01022	0.07484	0.68312	0.15194	0.01140	0.00481	0.00149	0.00215	0.01022	0.00360	0.00316
7	0.00710	0.00552	0.00629	0.00581	0.00721	0.00578	0.00442	0.03684	0.27661	0.02311	0.34295	0.04715	0.12055	0.02964	0.02919	0.00145	0.00262	0.00596	0.03737	0.00443
8	0.00522	0.00384	0.00475	0.00521	0.00574	0.00367	0.00358	0.03055	0.03200	0.01073	0.08785	0.58311	0.11978	0.07780	0.00591	0.00165	0.00236	0.00942	0.00353	0.00329
9	0.00571	0.00400	0.00526	0.00524	0.00561	0.00433	0.00362	0.02157	0.00611	0.00846	0.01127	0.04473	0.01188	0.41018	0.39702	0.03828	0.00665	0.00494	0.00224	0.00290
10	0.00550	0.00370	0.00428	0.00435	0.00439	0.00371	0.00251	0.00561	0.00573	0.00767	0.01270	0.08859	0.01465	0.76845	0.04991	0.00365	0.00385	0.00593	0.00241	0.00243
11	0.01015	0.04942	0.08051	0.03045	0.19994	0.05958	0.18866	0.02219	0.00902	0.10862	0.00799	0.00934	0.00609	0.00347	0.00366	0.00104	0.00467	0.00329	0.00231	0.19961
12	0.37047	0.00958	0.02185	0.00826	0.02211	0.07491	0.09939	0.22220	0.01058	0.09875	0.00766	0.00830	0.00559	0.00400	0.00346	0.00118	0.02071	0.00297	0.00287	0.00518
13	0.03581	0.00683	0.00788	0.00566	0.00903	0.00522	0.00453	0.00971	0.00791	0.01264	0.00677	0.00790	0.00563	0.00286	0.00282	0.00059	0.00284	0.00227	0.00227	0.86082
14	0.05040	0.00953	0.01297	0.15017	0.40409	0.12540	0.03415	0.01156	0.00846	0.02836	0.00726	0.02059	0.00611	0.00529	0.04986	0.00146	0.06384	0.00339	0.00197	0.00514
15	0.01308	0.01000	0.01067	0.00852	0.01132	0.01119	0.00693	0.58909	0.25992	0.02176	0.01110	0.01072	0.00806	0.00478	0.00386	0.00120	0.00387	0.00371	0.00386	0.00639
16	0.00552	0.00392	0.00522	0.00522	0.00558	0.00428	0.00362	0.00624	0.00588	0.00821	0.01113	0.01982	0.01165	0.42530	0.45633	0.00500	0.00716	0.00480	0.00218	0.00290
17	0.00975	0.00834	0.00879	0.00785	0.01005	0.00964	0.00612	0.05465	0.79978	0.01638	0.01533	0.01409	0.01148	0.00518	0.00390	0.00129	0.00308	0.00430	0.00390	0.00609
18	0.87447	0.00740	0.00570	0.00508	0.00746	0.00854	0.00418	0.01142	0.00662	0.03408	0.00554	0.00637	0.00426	0.00358	0.00240	0.00119	0.00297	0.00211	0.00242	0.00420
19	0.00770	0.04583	0.77725	0.01070	0.01608	0.00892	0.02780	0.01190	0.00808	0.01197	0.00732	0.03627	0.00555	0.00390	0.00366	0.00121	0.00552	0.00310	0.00169	0.00555
20	0.01031	0.83012	0.03513	0.00673	0.01002	0.03643	0.00672	0.01159	0.00788	0.00909	0.00537	0.00621	0.00492	0.00330	0.00251	0.00083	0.00420	0.00208	0.00165	0.00492
21	0.00559	0.00419	0.00524	0.00568	0.00646	0.00408	0.00428	0.02386	0.06455	0.01158	0.11692	0.40401	0.13760	0.01030	0.00480	0.00150	0.00251	0.17966	0.00366	0.00355
22	0.00481	0.00348	0.00455	0.00515	0.00557	0.00322	0.00353	0.00572	0.00811	0.01091	0.18230	0.65216	0.07414	0.01106	0.00480	0.00147	0.00213	0.00996	0.00369	0.00322
23	0.00769	0.01983	0.84538	0.01093	0.01659	0.00890	0.01417	0.01214	0.00810	0.01214	0.00688	0.00810	0.00486	0.00364	0.00364	0.00121	0.00567	0.00283	0.00162	0.00567
24	0.00469	0.00338	0.00441	0.00523	0.00550	0.00314	0.00349	0.00535	0.00737	0.00976	0.02187	0.79579	0.06959	0.03410	0.00525	0.00160	0.00225	0.01061	0.00353	0.00310
25	0.00829	0.00833	0.01236	0.01037	0.01073	0.01121	0.07630	0.00936	0.00615	0.00946	0.00553	0.00890	0.00534	0.00758	0.05591	0.00188	0.74286	0.00349	0.00172	0.00424
26	0.00502	0.00356	0.00461	0.00503	0.00555	0.00331	0.00351	0.00613	0.00859	0.01185	0.29049	0.51451	0.06359	0.01020	0.00466	0.00140	0.00206	0.00914	0.04348	0.00331
27	0.00839	0.00839	0.01174	0.01007	0.01007	0.01174	0.00839	0.00923	0.00587	0.00923	0.00503	0.00839	0.00503	0.00671	0.01258	0.00168	0.85823	0.00336	0.00168	0.00419
28	0.89233	0.00741	0.00564	0.00504	0.00741	0.00860	0.00415	0.01127	0.00653	0.01720	0.00534	0.00623	0.00415	0.00356	0.00237	0.00119	0.00297	0.00208	0.00237	0.00415
29	0.80312	0.00775	0.00623	0.00543	0.00787	0.00894	0.00447	0.09434	0.00769	0.01791	0.00573	0.00653	0.00439	0.00367	0.00252	0.00118	0.00309	0.00222	0.00252	0.00439
30	0.00883	0.00854	0.01117	0.13804	0.30016	0.08319	0.01848	0.01262	0.17744	0.01252	0.05840	0.01388	0.08544	0.00469	0.00386	0.00117	0.00408	0.00410	0.00259	0.05081
31	0.01658	0.00693	0.00908	0.00700	0.00993	0.00629	0.00577	0.09862	0.02768	0.73206	0.02921	0.01297	0.00972	0.00480	0.00387	0.00119	0.00333	0.00388	0.00463	0.00646
32	0.00505	0.00390	0.00461	0.00443	0.00550	0.00346	0.00332	0.00651	0.00997	0.01329	0.50592	0.03208	0.37088	0.00862	0.00453	0.00124	0.00186	0.00742	0.00395	0.00346
33	0.00598	0.00446	0.00512	0.00479	0.00606	0.00415	0.00364	0.02922	0.06819	0.03833	0.39159	0.02974	0.36027	0.00817	0.00441	0.00124	0.00206	0.00697	0.02184	0.00380
34	0.02322	0.01139	0.04400	0.10031	0.26025	0.18867	0.14155	0.10189	0.01025	0.07037	0.00771	0.00927	0.00591	0.00377	0.00383	0.00115	0.00532	0.00339	0.00231	0.00544
35	0.07604	0.00855	0.02475	0.02007	0.06590	0.00866	0.00667	0.31536	0.07064	0.30958	0.01139	0.01093	0.00782	0.00451	0.00369	0.00117	0.00367	0.00355	0.04093	0.00612
36	0.00692	0.00483	0.00596	0.00566	0.00676	0.00439	0.00421	0.00850	0.02934	0.05087	0.62915	0.07624	0.11027	0.00871	0.00493	0.00143	0.00234	0.03083	0.00441	0.00424
37	0.00490	0.00349	0.00461	0.00540	0.00570	0.00330	0.00373	0.00565	0.00744	0.00988	0.03109	0.69218	0.04088	0.07161	0.00595	0.00172	0.00245	0.09342	0.00348	0.00311
38	0.03505	0.10080	0.08845	0.03425	0.33766	0.15370	0.05626	0.06774	0.02832	0.05141	0.00743	0.00881	0.00588	0.00370	0.00360	0.00111	0.00497	0.00313	0.00218	0.00554
39	0.01507	0.00851	0.00981	0.00773	0.01059	0.02852	0.00631	0.29722	0.13768	0.41732	0.01294	0.01177	0.00870	0.00475	0.00385	0.00119	0.00364	0.00376	0.00424	0.00641
40	0.00457	0.00380	0.00400	0.00413	0.00525	0.00323	0.00303	0.00552	0.00857	0.01038	0.05347	0.16199	0.69886	0.01002	0.00459	0.00133	0.00198	0.00849	0.00357	0.00323
41	0.14666	0.03736	0.18189	0.06740	0.19184	0.05667	0.19909	0.03570	0.00863	0.01298	0.00713	0.00934	0.00563	0.00367	0.00369	0.00120	0.00510	0.01883	0.00200	0.00521
42	0.04973	0.01058	0.10809	0.06247	0.14227	0.08958	0.02264	0.20363	0.05454	0.12041	0.01025	0.04669	0.02728	0.00509	0.01969	0.00128	0.01353	0.00377	0.00291	0.00556
43	0.00517	0.00370	0.00479	0.00547	0.00587	0.00357	0.00375	0.00640	0.04933	0.01963	0.03684	0.71160	0.03285	0.04441	0.02367	0.00172	0.00253	0.03185	0.00352	0.00330
44	0.08707	0.03007	0.01172	0.04644	0.04437	0.21446	0.03896	0.07387	0.00842	0.01137	0.00587	0.00805	0.00512	0.00514	0.00756	0.00136	0.39053	0.00306	0.00199	0.00456

[dist]
# distance from previous block
# <min> <max>
0	18

[block]
# block no. 4 follows, 71 sequences, length 46
# corresponding to MSA columns:
# 231-276
name=unknown_E
#
# <colnr> <probs for GDERKNQSTAVLIFYWHMCP>
#	G	D	E	R	K	N	Q	S	T	A	V	L	I	F	Y	W	H	M	C	P
0	0.00496	0.00392	0.00418	0.00416	0.00538	0.00333	0.00310	0.00601	0.00892	0.03197	0.12073	0.09393	0.67697	0.00955	0.00454	0.00130	0.00198	0.00806	0.00366	0.00335
1	0.00750	0.00702	0.01148	0.75957	0.06086	0.00862	0.01037	0.01063	0.06628	0.01036	0.00745	0.01048	0.00562	0.00391	0.00384	0.00127	0.00494	0.00347	0.00187	0.00447
2	0.00639	0.00527	0.00827	0.00738	0.00868	0.00553	0.09657	0.01959	0.00714	0.01012	0.01107	0.03645	0.01071	0.05431	0.48540	0.00416	0.03034	0.10417	0.00230	0.08617
3	0.01720	0.00653	0.00890	0.00682	0.00979	0.00564	0.00564	0.01869	0.01097	0.84399	0.01513	0.01305	0.00949	0.00475	0.00386	0.00119	0.00326	0.00386	0.00475	0.00653
4	0.09855	0.10691	0.40931	0.00963	0.01353	0.00872	0.11870	0.01095	0.00800	0.01207	0.02005	0.09973	0.00838	0.00511	0.01391	0.00130	0.00486	0.04326	0.00208	0.00494
5	0.02791	0.00779	0.00914	0.07404	0.02406	0.06614	0.02579	0.01133	0.00845	0.11762	0.00774	0.00877	0.00602	0.00342	0.00352	0.00082	0.03669	0.00269	0.00248	0.55561
6	0.89233	0.00741	0.00564	0.00504	0.00741	0.00860	0.00415	0.01127	0.00653	0.01720	0.00534	0.00623	0.00415	0.00356	0.00237	0.00119	0.00297	0.00208	0.00237	0.00415
7	0.00784	0.06983	0.79671	0.01067	0.01620	0.00927	0.01372	0.01210	0.00808	0.01196	0.00679	0.00798	0.00486	0.00362	0.00357	0.00119	0.00557	0.00279	0.00162	0.00562
8	0.00558	0.00372	0.00418	0.00418	0.00418	0.00372	0.00232	0.00558	0.00558	0.00743	0.01208	0.02509	0.01394	0.86525	0.01952	0.00372	0.00372	0.00558	0.00232	0.00232
9	0.01416	0.01053	0.01127	0.00874	0.01173	0.01170	0.00719	0.76237	0.08488	0.02350	0.00973	0.00962	0.00695	0.00465	0.00384	0.00116	0.00412	0.00352	0.00384	0.00648
10	0.00836	0.00818	0.01456	0.39293	0.28561	0.00895	0.14790	0.02024	0.00833	0.01128	0.00738	0.01069	0.00594	0.00385	0.00424	0.00126	0.03130	0.02212	0.00187	0.00500
11	0.00751	0.00726	0.01279	0.73861	0.05669	0.00866	0.09415	0.01013	0.00785	0.01015	0.00693	0.01021	0.00522	0.00376	0.00390	0.00127	0.00523	0.00352	0.00174	0.00442
12	0.08289	0.00693	0.00886	0.00685	0.00978	0.00635	0.00565	0.08219	0.01120	0.71689	0.01392	0.01223	0.00885	0.00464	0.00374	0.00118	0.00332	0.00369	0.00449	0.00635
13	0.00551	0.00370	0.00425	0.00432	0.00435	0.00370	0.00247	0.00559	0.00572	0.00764	0.01268	0.08417	0.01464	0.78308	0.04006	0.00363	0.00378	0.00591	0.00240	0.00241
14	0.00795	0.02102	0.01490	0.07126	0.01488	0.00756	0.41924	0.02138	0.00870	0.04323	0.04461	0.12217	0.06761	0.00720	0.06361	0.00167	0.01974	0.03624	0.00252	0.00452
15	0.01391	0.01738	0.01094	0.00986	0.01173	0.76947	0.00747	0.03528	0.01069	0.00974	0.00595	0.00708	0.00499	0.00416	0.00411	0.00104	0.06715	0.00256	0.00200	0.00448
16	0.72208	0.02115	0.00706	0.06588	0.00933	0.02217	0.03369	0.02506	0.00701	0.02607	0.00590	0.00729	0.00466	0.02599	0.00306	0.00125	0.00337	0.00240	0.00234	0.00423
17	0.00852	0.00801	0.01354	0.32939	0.50211	0.00864	0.01095	0.01087	0.00836	0.01163	0.02450	0.01028	0.00644	0.00369	0.00380	0.00119	0.00463	0.00349	0.02467	0.00529
18	0.00599	0.00415	0.00552	0.00624	0.04241	0.00411	0.00428	0.00685	0.00719	0.03298	0.01640	0.22672	0.03025	0.30999	0.07651	0.00269	0.00383	0.20772	0.00296	0.00319
19	0.07291	0.76951	0.01866	0.00660	0.00976	0.05118	0.00643	0.01163	0.00784	0.00962	0.00536	0.00619	0.00487	0.00333	0.00250	0.00085	0.00414	0.00207	0.00171	0.00485
20	0.00471	0.00336	0.00449	0.00538	0.00562	0.00315	0.00362	0.00540	0.00738	0.00983	0.02111	0.84266	0.02528	0.01198	0.00490	0.00156	0.00226	0.03062	0.00356	0.00312
21	0.00875	0.00741	0.00793	0.00730	0.00919	0.00840	0.00562	0.03803	0.65628	0.01511	0.01753	0.11715	0.06195	0.00633	0.00407	0.00133	0.00291	0.01536	0.00383	0.00553
22	0.02594	0.01589	0.52836	0.01278	0.06886	0.00898	0.22357	0.01242	0.00847	0.04789	0.00745	0.00894	0.00537	0.00357	0.00386	0.00123	0.00565	0.00334	0.00187	0.00557
23	0.00539	0.00378	0.00469	0.00487	0.00569	0.00340	0.00350	0.00650	0.00888	0.04715	0.26196	0.36867	0.24159	0.00989	0.00465	0.00137	0.00207	0.00872	0.00380	0.00344
24	0.00769	0.01983	0.84538	0.01093	0.01659	0.00890	0.01417	0.01214	0.00810	0.01214	0.00688	0.00810	0.00486	0.00364	0.00364	0.00121	0.00567	0.00283	0.00162	0.00567
25	0.68441	0.00773	0.00673	0.00571	0.00824	0.00867	0.00471	0.11353	0.00846	0.11160	0.00693	0.00737	0.00505	0.00382	0.00272	0.00118	0.00316	0.00245	0.00282	0.00471
26	0.00478	0.00393	0.00422	0.00424	0.00545	0.00337	0.00325	0.00592	0.00905	0.01116	0.15231	0.03617	0.66662	0.00950	0.00458	0.00132	0.00204	0.06512	0.00365	0.00331
27	0.15175	0.01024	0.01059	0.35265	0.07969	0.22485	0.00844	0.05806	0.00912	0.05032	0.00690	0.00875	0.00527	0.00387	0.00350	0.00117	0.00505	0.00298	0.00216	0.00466
28	0.03262	0.37062	0.29878	0.00908	0.03422	0.04992	0.03540	0.06335	0.04346	0.01181	0.01475	0.00782	0.00563	0.00365	0.00317	0.00104	0.00476	0.00268	0.00194	0.00531
29	0.00622	0.00412	0.00539	0.00589	0.00670	0.00390	0.00454	0.02424	0.00845	0.06978	0.02223	0.43148	0.11622	0.01063	0.00488	0.00156	0.00272	0.26384	0.00364	0.00357
30	0.00453	0.00388	0.00388	0.00388	0.00518	0.00324	0.00291	0.00550	0.00874	0.01036	0.03884	0.03690	0.83978	0.00971	0.00453	0.00129	0.00194	0.00809	0.00356	0.00324
31	0.01042	0.60404	0.06263	0.00776	0.01065	0.12320	0.02007	0.01178	0.00802	0.00931	0.00550	0.00666	0.00495	0.00376	0.00379	0.00096	0.09765	0.00233	0.00169	0.00482
32	0.01647	0.00770	0.00962	0.00738	0.01037	0.00738	0.00610	0.24406	0.01294	0.61584	0.01348	0.01198	0.00866	0.00471	0.00385	0.00118	0.00353	0.00374	0.00449	0.00652
33	0.00825	0.19412	0.65848	0.01014	0.01528	0.01021	0.02944	0.01201	0.00805	0.01150	0.00658	0.00774	0.00489	0.00356	0.00342	0.00113	0.00536	0.00271	0.00163	0.00550
34	0.00954	0.00824	0.00867	0.00780	0.00997	0.00954	0.00607	0.02037	0.83441	0.01604	0.01561	0.01431	0.01170	0.00520	0.00390	0.00130	0.00303	0.00433	0.00390	0.00607
35	0.00769	0.01983	0.84538	0.01093	0.01659	0.00890	0.01417	0.01214	0.00810	0.01214	0.00688	0.00810	0.00486	0.00364	0.00364	0.00121	0.00567	0.00283	0.00162	0.00567
36	0.00979	0.00756	0.00900	0.02720	0.04623	0.00819	0.02748	0.23423	0.25730	0.04634	0.01533	0.12804	0.05788	0.03820	0.00474	0.00141	0.00346	0.06878	0.00358	0.00526
37	0.00914	0.01105	0.09235	0.01548	0.01948	0.00953	0.73726	0.01243	0.00902	0.03341	0.00787	0.01022	0.00583	0.00331	0.00443	0.00128	0.00631	0.00436	0.00198	0.00525
38	0.00724	0.00681	0.01150	0.85604	0.02641	0.00852	0.01065	0.00980	0.00767	0.00980	0.00681	0.01022	0.00511	0.00383	0.00383	0.00128	0.00511	0.00341	0.00170	0.00426
39	0.00672	0.00614	0.00987	0.21997	0.13051	0.01699	0.09455	0.00860	0.00862	0.01147	0.15358	0.17940	0.11107	0.00674	0.00432	0.00131	0.00370	0.01950	0.00278	0.00416
40	0.03934	0.00836	0.00934	0.00740	0.01008	0.04481	0.00604	0.33382	0.01329	0.36009	0.02925	0.03098	0.00911	0.00492	0.00377	0.00116	0.00364	0.01651	0.06210	0.00599
41	0.01514	0.00735	0.00892	0.00701	0.00976	0.02860	0.00572	0.15975	0.03800	0.56591	0.03766	0.01450	0.07335	0.00518	0.00391	0.00119	0.00338	0.00417	0.00438	0.00613
42	0.00577	0.00385	0.00489	0.00527	0.00602	0.00353	0.00380	0.00686	0.01811	0.06974	0.10595	0.49934	0.17680	0.01047	0.00473	0.00146	0.00230	0.06390	0.00371	0.00349
43	0.12413	0.00932	0.03105	0.03524	0.04589	0.04202	0.05930	0.31063	0.06975	0.13545	0.04243	0.01060	0.00800	0.00452	0.00397	0.00119	0.03232	0.00355	0.02501	0.00565
44	0.10613	0.01007	0.01042	0.00812	0.01107	0.04716	0.00667	0.57981	0.01529	0.12183	0.00929	0.00922	0.00653	0.00442	0.00363	0.00113	0.00404	0.00327	0.00366	0.03824
45	0.07089	0.03255	0.00665	0.00597	0.00719	0.01989	0.00459	0.08734	0.00882	0.11027	0.04523	0.15306	0.02696	0.22467	0.00815	0.00199	0.00336	0.17524	0.00326	0.00390

[dist]
# distance from previous block
# <min> <max>
1	7

[block]
# block no. 5 follows, 71 sequences, length 29
# corresponding to MSA columns:
# 284-312
name=unknown_F
#
# <colnr> <probs for GDERKNQSTAVLIFYWHMCP>
#	G	D	E	R	K	N	Q	S	T	A	V	L	I	F	Y	W	H	M	C	P
0	0.01147	0.01293	0.00936	0.00867	0.01046	0.45905	0.00663	0.02884	0.22568	0.01160	0.01135	0.06810	0.02447	0.00554	0.00399	0.00119	0.01725	0.07594	0.00278	0.00471
1	0.00915	0.00873	0.01350	0.16348	0.53136	0.04190	0.01042	0.05185	0.00896	0.01226	0.01897	0.02589	0.03409	0.00443	0.01486	0.00126	0.03768	0.00372	0.00207	0.00544
2	0.02635	0.07898	0.08348	0.11265	0.08460	0.02383	0.09434	0.08232	0.00942	0.06914	0.06667	0.11351	0.09809	0.00582	0.00410	0.00125	0.01223	0.02571	0.00277	0.00474
3	0.00625	0.00647	0.08316	0.05073	0.05688	0.04508	0.00579	0.01777	0.03060	0.01136	0.12718	0.40909	0.07039	0.00889	0.00450	0.00140	0.00310	0.05429	0.00321	0.00386
4	0.00550	0.00374	0.00443	0.00449	0.00459	0.00380	0.00270	0.00571	0.00577	0.00777	0.01252	0.08396	0.01425	0.70723	0.11465	0.00385	0.00437	0.00579	0.00238	0.00251
5	0.02583	0.04757	0.17993	0.07279	0.06569	0.11665	0.04914	0.04878	0.02073	0.09638	0.02988	0.08519	0.00944	0.01315	0.00467	0.00129	0.06519	0.06025	0.00254	0.00493
6	0.05514	0.07130	0.08526	0.11501	0.09975	0.08695	0.11761	0.13461	0.00998	0.05460	0.02086	0.05644	0.03918	0.00463	0.00407	0.00120	0.03192	0.00392	0.00248	0.00509
7	0.00666	0.00333	0.00500	0.00500	0.00500	0.00333	0.00333	0.00500	0.00500	0.00666	0.00666	0.01166	0.00666	0.01332	0.01499	0.88844	0.00333	0.00333	0.00167	0.00167
8	0.00737	0.00707	0.01231	0.79454	0.02594	0.00860	0.07045	0.00998	0.00777	0.00998	0.00688	0.01023	0.00516	0.00379	0.00388	0.00128	0.00521	0.00349	0.00172	0.00433
9	0.03795	0.04654	0.19275	0.01166	0.07296	0.07791	0.20542	0.12104	0.10300	0.06865	0.01958	0.00994	0.00686	0.00396	0.00384	0.00119	0.00504	0.00357	0.00256	0.00559
10	0.04587	0.09337	0.17909	0.08137	0.08447	0.02964	0.13459	0.07089	0.09447	0.01313	0.05769	0.02534	0.05578	0.00453	0.00389	0.00120	0.01318	0.00394	0.00243	0.00513
11	0.00490	0.00379	0.00423	0.00446	0.00546	0.00328	0.00324	0.00582	0.00842	0.02835	0.05224	0.28446	0.54283	0.01026	0.00464	0.00138	0.00208	0.02326	0.00360	0.00329
12	0.00517	0.00373	0.00468	0.00488	0.00563	0.00338	0.00349	0.00634	0.00900	0.02865	0.32867	0.36960	0.19291	0.00985	0.00466	0.00137	0.00203	0.00872	0.00383	0.00339
13	0.02219	0.15334	0.20019	0.04466	0.15797	0.21105	0.02728	0.08366	0.02264	0.03253	0.00700	0.00816	0.00549	0.00375	0.00347	0.00108	0.00525	0.00287	0.00208	0.00534
14	0.02867	0.02573	0.02774	0.00940	0.01167	0.50487	0.09322	0.04536	0.03806	0.06483	0.00884	0.00965	0.03481	0.00421	0.00357	0.00106	0.00567	0.00315	0.07479	0.00470
15	0.00597	0.00468	0.01578	0.00561	0.00676	0.00441	0.00453	0.05322	0.02617	0.01264	0.22201	0.07857	0.25286	0.02219	0.04781	0.00169	0.00300	0.22482	0.00362	0.00367
16	0.12602	0.00663	0.00830	0.00660	0.00930	0.00618	0.00545	0.05967	0.01069	0.61488	0.05931	0.01415	0.01068	0.00501	0.00377	0.00121	0.00321	0.03871	0.00432	0.00594
17	0.00784	0.00901	0.08595	0.01168	0.11171	0.08273	0.24276	0.00991	0.00852	0.01120	0.01262	0.27704	0.01309	0.00668	0.00441	0.00135	0.00457	0.07285	0.00255	0.02356
18	0.00487	0.00350	0.00465	0.00543	0.00580	0.00328	0.00380	0.00573	0.00777	0.01036	0.07790	0.70012	0.05019	0.01152	0.00490	0.00155	0.00232	0.08954	0.00360	0.00319
19	0.01036	0.00825	0.00953	0.00820	0.01056	0.00923	0.05140	0.03952	0.69067	0.09466	0.01497	0.01384	0.01104	0.00504	0.00393	0.00129	0.00327	0.00428	0.00387	0.00607
20	0.01460	0.00687	0.00868	0.00705	0.00970	0.00661	0.00572	0.01861	0.23196	0.58207	0.03298	0.01452	0.01099	0.00509	0.00392	0.00123	0.00318	0.02548	0.00448	0.00626
21	0.00545	0.00392	0.00454	0.00455	0.00563	0.00342	0.00335	0.00656	0.00902	0.05733	0.20369	0.20555	0.45409	0.00952	0.00457	0.00132	0.00205	0.00820	0.00377	0.00347
22	0.00457	0.00387	0.00395	0.00396	0.00521	0.00325	0.00296	0.00557	0.00879	0.01054	0.07027	0.05665	0.78799	0.00969	0.00454	0.00130	0.00194	0.00811	0.00359	0.00325
23	0.01025	0.86756	0.02009	0.00656	0.00984	0.01517	0.00656	0.01148	0.00779	0.00902	0.00533	0.00615	0.00492	0.00328	0.00246	0.00082	0.00410	0.00205	0.00164	0.00492
24	0.00558	0.00372	0.00418	0.00418	0.00418	0.00372	0.00232	0.00558	0.00558	0.00743	0.01208	0.02509	0.01394	0.86525	0.01952	0.00372	0.00372	0.00558	0.00232	0.00232
25	0.61390	0.00827	0.00715	0.00607	0.00859	0.03666	0.00497	0.14566	0.04095	0.08622	0.00719	0.00761	0.00530	0.00390	0.00283	0.00118	0.00333	0.00255	0.00285	0.00482
26	0.00832	0.22719	0.64352	0.00986	0.01494	0.01044	0.01231	0.01198	0.00802	0.01138	0.00650	0.00762	0.00487	0.00355	0.00335	0.00112	0.00528	0.00264	0.00162	0.00548
27	0.00982	0.72597	0.15793	0.00729	0.01097	0.01412	0.00783	0.01159	0.00784	0.00954	0.00559	0.00648	0.00491	0.00334	0.00266	0.00089	0.00436	0.00218	0.00164	0.00505
28	0.04079	0.04129	0.00957	0.00781	0.00937	0.08080	0.01614	0.05271	0.08949	0.16275	0.05848	0.01501	0.09665	0.00662	0.02693	0.00146	0.24544	0.03087	0.00302	0.00480

[dist]
# distance from previous block
# <min> <max>
8	14

[block]
# block no. 6 follows, 71 sequences, length 49
# corresponding to MSA columns:
# 329-377
name=unknown_G
#
# <colnr> <probs for GDERKNQSTAVLIFYWHMCP>
#	G	D	E	R	K	N	Q	S	T	A	V	L	I	F	Y	W	H	M	C	P
0	0.02903	0.05192	0.17563	0.11460	0.16389	0.08941	0.02257	0.08251	0.02068	0.05284	0.00977	0.05861	0.03784	0.02081	0.03820	0.00142	0.00488	0.00383	0.01647	0.00508
1	0.06419	0.07601	0.07082	0.09880	0.11160	0.05785	0.11174	0.11662	0.04638	0.12597	0.01812	0.03592	0.01787	0.00433	0.00382	0.00118	0.01373	0.00370	0.01600	0.00535
2	0.01299	0.12825	0.09966	0.03791	0.11839	0.34933	0.01986	0.14924	0.02113	0.01347	0.00772	0.00912	0.00628	0.00446	0.00387	0.00122	0.00582	0.00312	0.00251	0.00567
3	0.00525	0.00405	0.00461	0.00468	0.00578	0.00363	0.00356	0.00666	0.03089	0.02592	0.16653	0.11741	0.48098	0.03114	0.00500	0.00142	0.00221	0.09319	0.00367	0.00343
4	0.02337	0.14191	0.06423	0.05303	0.12992	0.04787	0.04197	0.06281	0.02879	0.06174	0.06438	0.12596	0.05114	0.00578	0.00439	0.00123	0.05683	0.02717	0.00267	0.00481
5	0.09822	0.05784	0.07101	0.04294	0.19269	0.06469	0.10968	0.05314	0.06318	0.08981	0.02890	0.04092	0.03597	0.01869	0.00398	0.00122	0.00435	0.00388	0.01368	0.00522
6	0.00482	0.00351	0.00455	0.00529	0.00567	0.00328	0.00362	0.00575	0.02101	0.01026	0.06403	0.72601	0.08525	0.01149	0.00484	0.00152	0.00223	0.03006	0.00360	0.00321
7	0.01783	0.06166	0.18310	0.17523	0.15933	0.00840	0.07292	0.03374	0.01759	0.06714	0.01009	0.06429	0.04568	0.00577	0.04486	0.00146	0.01956	0.00404	0.00225	0.00505
8	0.04636	0.10925	0.04767	0.09554	0.13648	0.03732	0.10199	0.12267	0.05872	0.08373	0.03268	0.02896	0.02998	0.02239	0.00422	0.00123	0.01815	0.01474	0.00265	0.00526
9	0.00882	0.15749	0.51824	0.01139	0.06330	0.04448	0.09741	0.03465	0.00857	0.01188	0.00676	0.00807	0.00509	0.00357	0.00355	0.00114	0.00544	0.00292	0.00175	0.00549
10	0.00514	0.00411	0.00455	0.00444	0.00564	0.00364	0.00336	0.03152	0.00957	0.01218	0.25719	0.05899	0.54257	0.00913	0.00454	0.00129	0.00203	0.03290	0.00375	0.00345
11	0.03902	0.01129	0.14986	0.09398	0.13542	0.12211	0.03855	0.06599	0.09234	0.07208	0.02676	0.02489	0.02635	0.01349	0.00462	0.00125	0.07065	0.00364	0.00249	0.00522
12	0.08178	0.10929	0.11596	0.08629	0.14408	0.08912	0.04287	0.06637	0.08155	0.09260	0.00894	0.04912	0.00718	0.00428	0.00358	0.00116	0.00448	0.00351	0.00252	0.00531
13	0.00590	0.00448	0.00617	0.00577	0.00617	0.00493	0.03695	0.00659	0.00609	0.00848	0.03638	0.02014	0.01223	0.47320	0.27912	0.00415	0.07311	0.00494	0.00223	0.00297
14	0.00529	0.00422	0.00494	0.02852	0.00640	0.02500	0.00384	0.01962	0.00841	0.01083	0.12302	0.40815	0.25252	0.02464	0.03017	0.00159	0.00263	0.03337	0.00349	0.00334
15	0.00956	0.04884	0.19166	0.07945	0.15794	0.08501	0.07393	0.04336	0.07993	0.06018	0.02373	0.04552	0.00765	0.00510	0.02756	0.00135	0.04788	0.00373	0.00234	0.00528
16	0.04442	0.00848	0.01405	0.27448	0.45423	0.02697	0.07308	0.01113	0.00845	0.01188	0.03189	0.01016	0.00656	0.00368	0.00382	0.00119	0.00477	0.00353	0.00193	0.00527
17	0.04800	0.00447	0.00520	0.00492	0.00618	0.00420	0.00372	0.00836	0.06115	0.07120	0.37937	0.10163	0.27091	0.00819	0.00437	0.00127	0.00212	0.00702	0.00389	0.00384
18	0.00920	0.18213	0.20147	0.14696	0.14487	0.07291	0.06572	0.01221	0.05786	0.02848	0.00781	0.03983	0.00642	0.00398	0.00357	0.00114	0.00491	0.00335	0.00200	0.00518
19	0.04409	0.00794	0.01270	0.45336	0.22585	0.00896	0.05710	0.09719	0.00907	0.01256	0.00732	0.00989	0.00563	0.00378	0.00377	0.00122	0.00478	0.00343	0.02638	0.00498
20	0.05638	0.00949	0.01027	0.00814	0.01087	0.01039	0.00667	0.59805	0.07223	0.08279	0.01058	0.01207	0.00807	0.03968	0.00448	0.00130	0.00395	0.04478	0.00376	0.00605
21	0.01075	0.04319	0.32231	0.05706	0.01511	0.09385	0.10873	0.17656	0.04666	0.07681	0.00830	0.00916	0.00598	0.00397	0.00377	0.00118	0.00522	0.00327	0.00248	0.00563
22	0.00500	0.00390	0.00448	0.00463	0.00556	0.00353	0.00339	0.00627	0.02758	0.01113	0.17378	0.19735	0.41511	0.06689	0.00563	0.00152	0.00221	0.05515	0.00360	0.00330
23	0.00469	0.00337	0.00446	0.00528	0.00556	0.00313	0.00354	0.00540	0.00749	0.00998	0.04799	0.81313	0.04813	0.01181	0.00487	0.00154	0.00220	0.01069	0.00358	0.00313
24	0.00772	0.00794	0.03876	0.06778	0.09300	0.06865	0.22484	0.03477	0.00877	0.01149	0.03771	0.29730	0.01428	0.00698	0.00446	0.00137	0.00437	0.06275	0.00269	0.00435
25	0.01190	0.16739	0.02369	0.07495	0.16339	0.24006	0.03369	0.19835	0.02776	0.01353	0.00713	0.00828	0.00568	0.00387	0.00350	0.00106	0.00512	0.00296	0.00234	0.00535
26	0.89233	0.00741	0.00564	0.00504	0.00741	0.00860	0.00415	0.01127	0.00653	0.01720	0.00534	0.00623	0.00415	0.00356	0.00237	0.00119	0.00297	0.00208	0.00237	0.00415
27	0.00515	0.00398	0.00420	0.00411	0.00538	0.00338	0.00307	0.00617	0.00888	0.04433	0.09872	0.04940	0.70547	0.03461	0.00495	0.00136	0.00204	0.00781	0.00362	0.00337
28	0.00914	0.00884	0.01441	0.25081	0.49070	0.03656	0.06280	0.04430	0.00894	0.01217	0.02065	0.00996	0.00626	0.00366	0.00385	0.00118	0.00485	0.00351	0.00197	0.00544
29	0.00523	0.00380	0.00482	0.00518	0.00587	0.00353	0.00375	0.00657	0.02596	0.02260	0.24902	0.42013	0.14976	0.01018	0.00473	0.00143	0.00219	0.06808	0.00376	0.00341
30	0.01103	0.03286	0.00843	0.00684	0.00902	0.02117	0.00545	0.13966	0.25675	0.20711	0.14501	0.03798	0.06602	0.00578	0.00396	0.00121	0.00305	0.00478	0.02842	0.00548
31	0.00475	0.00338	0.00445	0.00525	0.00548	0.00317	0.00348	0.00541	0.00733	0.00981	0.04592	0.78162	0.02494	0.06815	0.00585	0.00169	0.00231	0.01043	0.00350	0.00308
32	0.00506	0.00375	0.00466	0.00520	0.00576	0.00352	0.00363	0.02544	0.01848	0.01052	0.05524	0.59332	0.17071	0.03752	0.00524	0.00156	0.00231	0.04124	0.00356	0.00327
33	0.89233	0.00741	0.00564	0.00504	0.00741	0.00860	0.00415	0.01127	0.00653	0.01720	0.00534	0.00623	0.00415	0.00356	0.00237	0.00119	0.00297	0.00208	0.00237	0.00415
34	0.01035	0.00989	0.17157	0.00788	0.03096	0.00700	0.01851	0.12441	0.00994	0.15094	0.02160	0.00939	0.00675	0.00365	0.00337	0.00091	0.00372	0.00294	0.00278	0.40343
35	0.00797	0.00682	0.00793	0.00575	0.00907	0.00527	0.00459	0.01006	0.04253	0.01269	0.02146	0.00857	0.00645	0.00302	0.00291	0.00061	0.00283	0.00244	0.00237	0.83663
36	0.01432	0.01827	0.01087	0.00988	0.01185	0.84986	0.00741	0.01531	0.01087	0.00938	0.00593	0.00691	0.00494	0.00395	0.00346	0.00099	0.00691	0.00247	0.00198	0.00444
37	0.01453	0.00629	0.00829	0.00657	0.00911	0.00569	0.00534	0.05762	0.03781	0.61463	0.17508	0.01593	0.01460	0.00535	0.00399	0.00119	0.00302	0.00445	0.00457	0.00595
38	0.89233	0.00741	0.00564	0.00504	0.00741	0.00860	0.00415	0.01127	0.00653	0.01720	0.00534	0.00623	0.00415	0.00356	0.00237	0.00119	0.00297	0.00208	0.00237	0.00415
39	0.00949	0.00911	0.01556	0.02353	0.84133	0.00911	0.01177	0.01177	0.00873	0.01253	0.00721	0.00949	0.00607	0.00342	0.00380	0.00114	0.00456	0.00342	0.00190	0.00607
40	0.01439	0.01060	0.01137	0.00876	0.01177	0.01172	0.00722	0.81303	0.01783	0.02389	0.00943	0.02529	0.00688	0.00474	0.00386	0.00116	0.00418	0.00359	0.00383	0.00646
41	0.01403	0.01041	0.01119	0.00869	0.01164	0.01155	0.00715	0.76045	0.06166	0.02327	0.00958	0.00966	0.00689	0.00536	0.02913	0.00131	0.00434	0.00352	0.00379	0.00640
42	0.00467	0.00342	0.00439	0.00514	0.00551	0.00314	0.00348	0.00540	0.00760	0.00998	0.04049	0.73727	0.13220	0.01162	0.00484	0.00152	0.00218	0.01045	0.00357	0.00314
43	0.00474	0.00350	0.00444	0.00504	0.00552	0.00320	0.00346	0.00560	0.00800	0.01056	0.12406	0.62595	0.15964	0.01113	0.00479	0.00147	0.00213	0.00996	0.00364	0.00320
44	0.01432	0.01827	0.01087	0.00988	0.01185	0.84986	0.00741	0.01531	0.01087	0.00938	0.00593	0.00691	0.00494	0.00395	0.00346	0.00099	0.00691	0.00247	0.00198	0.00444
45	0.00921	0.00751	0.05168	0.06698	0.13144	0.00697	0.03507	0.08179	0.05699	0.07041	0.05059	0.09394	0.11194	0.00809	0.06202	0.00172	0.00416	0.02376	0.12060	0.00513
46	0.00563	0.00427	0.00497	0.00543	0.00617	0.00378	0.00378	0.00622	0.00854	0.01100	0.04698	0.48430	0.33309	0.02664	0.00539	0.00165	0.00249	0.03218	0.00384	0.00365
47	0.01328	0.00768	0.00904	0.00734	0.00989	0.00791	0.00592	0.20151	0.23848	0.34516	0.09932	0.01414	0.01219	0.00516	0.00393	0.00121	0.00327	0.00421	0.00425	0.00610
48	0.04780	0.02235	0.05174	0.07357	0.13085	0.39887	0.04318	0.13391	0.01081	0.01260	0.00681	0.00819	0.00543	0.00435	0.01771	0.00118	0.02047	0.00294	0.00221	0.00503

[dist]
# distance from previous block
# <min> <max>
0	1

[block]
# block no. 7 follows, 71 sequences, length 39
# corresponding to MSA columns:
# 379-417
name=unknown_H
#
# <colnr> <probs for GDERKNQSTAVLIFYWHMCP>
#	G	D	E	R	K	N	Q	S	T	A	V	L	I	F	Y	W	H	M	C	P
0	0.01010	0.41223	0.11401	0.12516	0.08940	0.07284	0.01884	0.06583	0.02821	0.02138	0.00658	0.00783	0.00538	0.00361	0.00315	0.00101	0.00467	0.00268	0.00193	0.00514
1	0.00990	0.56379	0.24447	0.00804	0.01186	0.08470	0.00871	0.01199	0.00814	0.00990	0.00580	0.00675	0.00490	0.00344	0.00287	0.00094	0.00477	0.00230	0.00166	0.00508
2	0.01034	0.00643	0.00790	0.02410	0.03821	0.00655	0.00545	0.07000	0.19947	0.24206	0.15705	0.05627	0.12294	0.00632	0.00435	0.00126	0.02683	0.00529	0.00395	0.00522
3	0.01599	0.00790	0.00969	0.00745	0.01040	0.00772	0.00615	0.29538	0.01338	0.54171	0.03486	0.01215	0.00918	0.00478	0.00387	0.00117	0.00355	0.00380	0.00442	0.00645
4	0.00477	0.00424	0.00405	0.00403	0.00534	0.02389	0.00302	0.00574	0.00879	0.01033	0.03804	0.03617	0.81941	0.00957	0.00451	0.00129	0.00206	0.00795	0.00352	0.00327
5	0.00538	0.00392	0.00506	0.00478	0.00570	0.00360	0.00358	0.00715	0.01074	0.01512	0.79826	0.02906	0.07739	0.00793	0.00452	0.00121	0.00182	0.00699	0.00419	0.00360
6	0.01458	0.01074	0.01151	0.00882	0.01189	0.01189	0.00729	0.82855	0.01803	0.02416	0.00921	0.00921	0.00652	0.00460	0.00384	0.00115	0.00422	0.00345	0.00384	0.00652
7	0.01087	0.37173	0.16366	0.03315	0.01232	0.20809	0.02181	0.07192	0.02248	0.01096	0.00626	0.00730	0.00516	0.00377	0.00347	0.00101	0.03652	0.00255	0.00192	0.00504
8	0.00522	0.00471	0.02127	0.00502	0.03004	0.00407	0.00372	0.00718	0.07903	0.01124	0.08548	0.05621	0.65519	0.00897	0.00445	0.00129	0.00218	0.00754	0.00354	0.00363
9	0.01174	0.00696	0.02513	0.00625	0.00952	0.00540	0.00518	0.01341	0.00919	0.35341	0.01022	0.01004	0.00723	0.00364	0.00327	0.00083	0.00307	0.00293	0.00327	0.50929
10	0.89233	0.00741	0.00564	0.00504	0.00741	0.00860	0.00415	0.01127	0.00653	0.01720	0.00534	0.00623	0.00415	0.00356	0.00237	0.00119	0.00297	0.00208	0.00237	0.00415
11	0.00954	0.00824	0.00867	0.00780	0.00997	0.00954	0.00607	0.02037	0.83441	0.01604	0.01561	0.01431	0.01170	0.00520	0.00390	0.00130	0.00303	0.00433	0.00390	0.00607
12	0.00954	0.00824	0.00867	0.00780	0.00997	0.00954	0.00607	0.02037	0.83441	0.01604	0.01561	0.01431	0.01170	0.00520	0.00390	0.00130	0.00303	0.00433	0.00390	0.00607
