[name]
unknown

[dist]
# distance from previous block
# <min> <max>
2	327

[block]
# block no. 0 follows, 71 sequences, length 8
# corresponding to MSA columns:
# 409-416
name=unknown_A
#
# <colnr> <probs for GDERKNQSTAVLIFYWHMCP>
#	G	D	E	R	K	N	Q	S	T	A	V	L	I	F	Y	W	H	M	C	P
0	0.00974	0.20210	0.03667	0.00759	0.03259	0.02436	0.01927	0.07518	0.21858	0.07639	0.04161	0.03317	0.05682	0.02176	0.02742	0.00131	0.01801	0.02488	0.00300	0.06957
1	0.03587	0.24223	0.19370	0.03414	0.03536	0.07120	0.04623	0.03927	0.03659	0.07899	0.04976	0.01133	0.06690	0.00432	0.00343	0.00107	0.00435	0.00339	0.00239	0.03947
2	0.00789	0.03961	0.03700	0.02068	0.04025	0.07305	0.00513	0.07906	0.01003	0.06618	0.23836	0.12591	0.17365	0.04605	0.00492	0.00135	0.00310	0.02021	0.00342	0.00416
3	0.00841	0.03699	0.05963	0.00663	0.00959	0.02994	0.02987	0.05186	0.04189	0.04110	0.05210	0.04343	0.06154	0.00451	0.00343	0.00089	0.00327	0.03460	0.00269	0.47764
4	0.30000	0.05990	0.19059	0.00809	0.07413	0.04774	0.00713	0.01098	0.00796	0.04353	0.05564	0.07089	0.03666	0.00467	0.00327	0.00116	0.00375	0.00359	0.03186	0.03847
5	0.03337	0.00538	0.00710	0.03702	0.05127	0.00538	0.00515	0.03056	0.02150	0.13530	0.19345	0.14338	0.10875	0.00897	0.07051	0.00166	0.05312	0.03295	0.00341	0.05178
6	0.11081	0.06763	0.05387	0.06937	0.21128	0.11176	0.06233	0.04801	0.04309	0.01248	0.00754	0.00992	0.00631	0.00532	0.04802	0.00142	0.05296	0.02647	0.00215	0.04926
7	0.21681	0.33821	0.05096	0.03356	0.09369	0.12960	0.00710	0.04439	0.00853	0.03748	0.00617	0.00715	0.00506	0.00358	0.00290	0.00102	0.00436	0.00244	0.00207	0.00492

[dist]
# distance from previous block
# <min> <max>
1	2

[block]
# block no. 1 follows, 71 sequences, length 17
# corresponding to MSA columns:
# 419-435
name=unknown_B
#
# <colnr> <probs for GDERKNQSTAVLIFYWHMCP>
#	G	D	E	R	K	N	Q	S	T	A	V	L	I	F	Y	W	H	M	C	P
0	0.00701	0.00567	0.00574	0.00543	0.00605	0.08394	0.00366	0.01980	0.03939	0.02562	0.01167	0.02034	0.02964	0.53031	0.14245	0.00346	0.01981	0.00485	0.00240	0.03277
1	0.00545	0.00378	0.00459	0.00482	0.00509	0.00373	0.00318	0.00596	0.00666	0.00886	0.05554	0.15955	0.05184	0.51296	0.05279	0.00304	0.00360	0.10305	0.00279	0.00274
2	0.02691	0.00926	0.01367	0.11876	0.54453	0.04838	0.01038	0.07278	0.09289	0.01336	0.00807	0.00986	0.00647	0.00376	0.00377	0.00117	0.00452	0.00344	0.00223	0.00578
3	0.00875	0.05944	0.29645	0.00940	0.05647	0.04674	0.05881	0.02772	0.00853	0.05169	0.00839	0.07698	0.00713	0.00411	0.00351	0.00102	0.00438	0.00345	0.00221	0.26483
4	0.01026	0.01104	0.21792	0.00879	0.01179	0.00887	0.03610	0.27411	0.10297	0.06804	0.02743	0.14505	0.01033	0.00572	0.00439	0.00128	0.04255	0.00470	0.00315	0.00551
5	0.01005	0.79949	0.08636	0.00691	0.01038	0.01467	0.00717	0.01153	0.00782	0.00927	0.00545	0.00631	0.00492	0.00331	0.00256	0.00085	0.00423	0.00211	0.00164	0.00498
6	0.00836	0.04684	0.02133	0.06889	0.18667	0.00709	0.09715	0.02948	0.00919	0.07330	0.12032	0.02180	0.04359	0.02420	0.00484	0.00139	0.02342	0.20458	0.00290	0.00467
7	0.00917	0.00867	0.04526	0.05266	0.45727	0.02140	0.06681	0.04631	0.01768	0.05212	0.08060	0.03453	0.04854	0.00465	0.00418	0.00121	0.02280	0.01825	0.00246	0.00543
8	0.00670	0.00593	0.00844	0.02052	0.02071	0.00759	0.00623	0.00781	0.00636	0.00933	0.03536	0.04428	0.03704	0.04653	0.36500	0.00360	0.35843	0.00430	0.00207	0.00374
9	0.00558	0.00372	0.00418	0.00418	0.00418	0.00372	0.00232	0.00558	0.00558	0.00743	0.01208	0.02509	0.01394	0.86525	0.01952	0.00372	0.00372	0.00558	0.00232	0.00232
10	0.45061	0.00782	0.02003	0.03690	0.03999	0.00817	0.02050	0.09450	0.00879	0.16598	0.00782	0.00833	0.00566	0.00388	0.00321	0.00114	0.02186	0.00273	0.00286	0.08920
11	0.00887	0.07897	0.20257	0.03031	0.26810	0.00847	0.05030	0.03215	0.00862	0.05702	0.00974	0.07498	0.02910	0.00468	0.00405	0.00118	0.03091	0.02906	0.01713	0.05379
12	0.00525	0.00378	0.00479	0.00540	0.00590	0.00360	0.00371	0.00665	0.06041	0.02722	0.05174	0.69823	0.08667	0.01110	0.00477	0.00150	0.00226	0.00998	0.00363	0.00340
13	0.00561	0.00416	0.00536	0.00612	0.04477	0.00397	0.00410	0.00714	0.05506	0.02804	0.11660	0.46907	0.13702	0.05130	0.00539	0.00155	0.00244	0.04521	0.00354	0.00355
14	0.04590	0.19694	0.07575	0.00982	0.09734	0.06573	0.07184	0.07888	0.13078	0.03864	0.07725	0.03627	0.02364	0.00465	0.00386	0.00114	0.02993	0.00378	0.00265	0.00519
15	0.05331	0.04561	0.09437	0.02363	0.17684	0.06995	0.04869	0.03743	0.09303	0.08461	0.05101	0.12843	0.03377	0.00535	0.00385	0.00120	0.00398	0.00463	0.00280	0.03751
16	0.02005	0.09593	0.08825	0.13087	0.32036	0.09321	0.06866	0.04440	0.01955	0.01197	0.01978	0.01007	0.00650	0.00388	0.00382	0.00115	0.01679	0.02409	0.00202	0.01867

[dist]
# distance from previous block
# <min> <max>
0	16

[block]
# block no. 2 follows, 71 sequences, length 17
# corresponding to MSA columns:
# 453-469
name=unknown_C
#
# <colnr> <probs for GDERKNQSTAVLIFYWHMCP>
#	G	D	E	R	K	N	Q	S	T	A	V	L	I	F	Y	W	H	M	C	P
0	0.00920	0.23915	0.27864	0.02241	0.01207	0.00953	0.04748	0.06335	0.00928	0.08287	0.11274	0.01262	0.06290	0.00464	0.00370	0.00112	0.01698	0.00370	0.00250	0.00512
1	0.00908	0.12859	0.53638	0.00990	0.01465	0.01001	0.03627	0.12571	0.03034	0.01352	0.00724	0.00821	0.00534	0.00372	0.00351	0.00113	0.00509	0.00288	0.00203	0.04640
2	0.00904	0.03996	0.03606	0.13907	0.35999	0.00860	0.13828	0.05231	0.00906	0.04401	0.02359	0.07629	0.02402	0.00453	0.00400	0.00122	0.00459	0.01781	0.00229	0.00529
3	0.00918	0.00919	0.04416	0.07415	0.57138	0.04322	0.04307	0.02386	0.01979	0.02506	0.00908	0.08059	0.02149	0.00434	0.00391	0.00119	0.00452	0.00412	0.00215	0.00556
4	0.00886	0.22389	0.41935	0.10142	0.05988	0.04454	0.05467	0.01195	0.00822	0.02423	0.00665	0.00807	0.00509	0.00357	0.00343	0.00112	0.00522	0.00283	0.00173	0.00529
5	0.00669	0.00586	0.00902	0.29110	0.16188	0.00641	0.00742	0.00852	0.01776	0.01058	0.07430	0.10409	0.10767	0.08370	0.06269	0.00184	0.01501	0.01893	0.00246	0.00408
6	0.02150	0.00954	0.03270	0.12076	0.17385	0.08435	0.24471	0.05935	0.05322	0.02693	0.00845	0.01175	0.00707	0.11072	0.00603	0.00153	0.01644	0.00395	0.00221	0.00494
7	0.00732	0.00447	0.00544	0.00522	0.00614	0.00431	0.00370	0.05662	0.01861	0.11385	0.13052	0.25359	0.08133	0.21892	0.02492	0.00200	0.00291	0.00693	0.04951	0.00369
8	0.00601	0.00434	0.00601	0.00627	0.00721	0.00411	0.03799	0.02014	0.00853	0.04269	0.03506	0.34139	0.15441	0.01032	0.00490	0.00155	0.00289	0.29907	0.00354	0.00356
9	0.02484	0.06938	0.02802	0.17536	0.31730	0.02487	0.11617	0.05255	0.00908	0.04603	0.03283	0.03868	0.02067	0.00426	0.00388	0.00120	0.00462	0.02280	0.00225	0.00523
10	0.00471	0.00340	0.00440	0.00516	0.00550	0.00313	0.00348	0.00535	0.00743	0.00977	0.02275	0.74456	0.11782	0.01179	0.00514	0.02643	0.00222	0.01037	0.00351	0.00309
11	0.00482	0.00367	0.00439	0.00467	0.00541	0.00329	0.00330	0.00583	0.00855	0.01115	0.20954	0.35546	0.31414	0.04127	0.00521	0.00146	0.00209	0.00883	0.00366	0.00324
12	0.00482	0.00348	0.00462	0.00531	0.00562	0.00337	0.00361	0.00555	0.00714	0.00955	0.01988	0.67254	0.05371	0.06848	0.11076	0.00226	0.00331	0.00961	0.00329	0.00311
13	0.00938	0.00950	0.01363	0.25663	0.49052	0.11324	0.01079	0.01157	0.00870	0.01134	0.00722	0.01009	0.00600	0.00375	0.00380	0.00117	0.00498	0.02049	0.00189	0.00530
14	0.00578	0.00410	0.00459	0.00438	0.00569	0.00352	0.00331	0.00698	0.00937	0.08041	0.21705	0.05347	0.56969	0.00893	0.00448	0.00127	0.00203	0.00755	0.00381	0.00359
15	0.00944	0.00926	0.01644	0.02262	0.73935	0.00918	0.11304	0.01183	0.00877	0.01250	0.00728	0.00960	0.00604	0.00339	0.00389	0.00116	0.00479	0.00355	0.00190	0.00596
16	0.01339	0.01648	0.01062	0.04986	0.01231	0.70551	0.00740	0.01568	0.11297	0.01023	0.00717	0.00799	0.00579	0.00410	0.00353	0.00104	0.00635	0.00275	0.00220	0.00464

[dist]
# distance from previous block
# <min> <max>
0	2

[block]
# block no. 3 follows, 71 sequences, length 14
# corresponding to MSA columns:
# 472-485
name=unknown_D
#
# <colnr> <probs for GDERKNQSTAVLIFYWHMCP>
#	G	D	E	R	K	N	Q	S	T	A	V	L	I	F	Y	W	H	M	C	P
0	0.71664	0.00701	0.00577	0.00516	0.00737	0.00797	0.00419	0.01158	0.04765	0.04507	0.06685	0.00883	0.00727	0.00403	0.00267	0.00118	0.00284	0.00266	0.04101	0.00426
1	0.01067	0.03293	0.01020	0.04075	0.06844	0.13702	0.03222	0.20721	0.12497	0.04644	0.06994	0.08552	0.03187	0.00539	0.00389	0.00116	0.00405	0.02006	0.00315	0.06413
2	0.00878	0.00751	0.00962	0.02110	0.01061	0.00665	0.08078	0.06511	0.13298	0.02768	0.00890	0.03196	0.00723	0.00364	0.00331	0.00083	0.00332	0.00314	0.00265	0.56419
3	0.04268	0.00859	0.01212	0.03230	0.05311	0.04875	0.18581	0.12089	0.09048	0.22050	0.02802	0.01299	0.06707	0.00457	0.00393	0.00118	0.00420	0.00410	0.00326	0.05547
4	0.00957	0.00744	0.00871	0.00757	0.02670	0.03317	0.04582	0.23729	0.13091	0.05760	0.18271	0.03270	0.14010	0.00649	0.00422	0.00125	0.00330	0.05575	0.00371	0.00500
5	0.00724	0.00681	0.01150	0.85604	0.02641	0.00852	0.01065	0.00980	0.00767	0.00980	0.00681	0.01022	0.00511	0.00383	0.00383	0.00128	0.00511	0.00341	0.00170	0.00426
6	0.00933	0.00895	0.01528	0.08215	0.78395	0.00907	0.01169	0.01163	0.00866	0.01233	0.00718	0.00954	0.00601	0.00345	0.00380	0.00115	0.00459	0.00342	0.00188	0.00595
7	0.02024	0.03032	0.02789	0.11451	0.18280	0.00800	0.10539	0.05687	0.08653	0.06471	0.09444	0.07309	0.06744	0.00538	0.00446	0.00126	0.04411	0.00478	0.00280	0.00500
8	0.03719	0.00906	0.00973	0.00767	0.01052	0.10982	0.00624	0.22738	0.01268	0.51095	0.01224	0.01115	0.00804	0.00458	0.00377	0.00115	0.00395	0.00354	0.00412	0.00621
9	0.00608	0.00483	0.00751	0.00736	0.00843	0.00468	0.10477	0.00769	0.02392	0.01086	0.01939	0.25714	0.07057	0.03853	0.00578	0.02749	0.00343	0.38474	0.00326	0.00355
10	0.00795	0.00753	0.01277	0.59509	0.28185	0.00870	0.01100	0.01041	0.00800	0.01065	0.00694	0.00999	0.00541	0.00370	0.00382	0.00123	0.00494	0.00341	0.00176	0.00483
11	0.02523	0.00912	0.02994	0.02300	0.16462	0.04841	0.17092	0.14445	0.10196	0.09338	0.01170	0.03309	0.05660	0.00504	0.00449	0.02779	0.01629	0.02567	0.00289	0.00541
12	0.00479	0.00350	0.00449	0.00524	0.00564	0.00324	0.00363	0.00556	0.00757	0.00991	0.02307	0.67279	0.12889	0.03715	0.00531	0.00160	0.00233	0.06862	0.00352	0.00314
13	0.00921	0.00773	0.00919	0.09683	0.04862	0.02322	0.02805	0.09503	0.38190	0.04720	0.01709	0.01706	0.15413	0.00574	0.00427	0.00128	0.02831	0.01645	0.00339	0.00531

[dist]
# distance from previous block
# <min> <max>
4	29

[block]
# block no. 4 follows, 71 sequences, length 40
# corresponding to MSA columns:
# 515-554
name=unknown_E
#
# <colnr> <probs for GDERKNQSTAVLIFYWHMCP>
#	G	D	E	R	K	N	Q	S	T	A	V	L	I	F	Y	W	H	M	C	P
0	0.00935	0.11152	0.08348	0.13655	0.12493	0.05667	0.04030	0.10467	0.07747	0.03742	0.01680	0.09268	0.00874	0.03131	0.04323	0.00149	0.01175	0.00413	0.00249	0.00501
1	0.00561	0.00505	0.07388	0.00503	0.00564	0.00415	0.00368	0.00623	0.00625	0.00848	0.03339	0.11669	0.03939	0.58654	0.08130	0.00333	0.00413	0.00594	0.00246	0.00283
2	0.70040	0.00772	0.00727	0.00723	0.07670	0.00907	0.00534	0.02340	0.00680	0.01597	0.00552	0.00680	0.00445	0.00394	0.00373	0.00124	0.10544	0.00236	0.00227	0.00435
3	0.01956	0.00601	0.00739	0.00589	0.00846	0.00492	0.00461	0.02161	0.00875	0.22807	0.01281	0.18299	0.03467	0.00542	0.00358	0.00096	0.00282	0.00461	0.00323	0.43364
4	0.00984	0.05460	0.09153	0.01283	0.26353	0.08334	0.04617	0.10636	0.02113	0.03056	0.00801	0.01076	0.00686	0.10675	0.00563	0.00137	0.01846	0.00340	0.00228	0.11658
5	0.00750	0.00553	0.00748	0.06769	0.10818	0.00543	0.00562	0.02253	0.07275	0.09014	0.08676	0.25206	0.14076	0.00768	0.00439	0.00130	0.01383	0.03618	0.00332	0.06086
6	0.00528	0.00416	0.00473	0.00501	0.00592	0.00395	0.00359	0.00734	0.10695	0.01102	0.04988	0.39612	0.34197	0.01001	0.00457	0.00140	0.00219	0.00874	0.02363	0.00354
7	0.00525	0.00366	0.00428	0.00453	0.00474	0.00353	0.00281	0.00558	0.00645	0.00845	0.01740	0.23983	0.10299	0.53468	0.01383	0.00286	0.00315	0.03053	0.00280	0.00265
8	0.09926	0.21122	0.03546	0.00859	0.05024	0.23409	0.00691	0.09504	0.07831	0.13403	0.00828	0.00856	0.00629	0.00401	0.00327	0.00105	0.00460	0.00284	0.00267	0.00528
9	0.00901	0.00923	0.01293	0.10890	0.05981	0.13182	0.25480	0.07312	0.02842	0.01237	0.04397	0.03462	0.14307	0.00509	0.00420	0.00122	0.01487	0.00470	0.04321	0.00463
10	0.00486	0.00394	0.00435	0.00446	0.00558	0.00346	0.00338	0.00611	0.02094	0.01107	0.13045	0.11604	0.58572	0.00972	0.00462	0.00135	0.00210	0.07488	0.00364	0.00334
11	0.00473	0.00341	0.00448	0.00522	0.00556	0.00316	0.00353	0.00550	0.00770	0.01028	0.08964	0.75153	0.06797	0.01155	0.00484	0.00151	0.00218	0.01043	0.00361	0.00316
12	0.00875	0.11074	0.00964	0.00613	0.00941	0.07611	0.00502	0.01034	0.00817	0.01182	0.00656	0.00765	0.00553	0.00298	0.00285	0.00063	0.00333	0.00226	0.00217	0.70990
13	0.00483	0.00374	0.00449	0.00471	0.00554	0.00340	0.00341	0.00590	0.00850	0.01104	0.18731	0.29197	0.35930	0.01164	0.07450	0.00176	0.00269	0.00842	0.00356	0.00329
14	0.00484	0.00351	0.00457	0.00533	0.00572	0.00327	0.00372	0.00565	0.00766	0.01009	0.04389	0.67358	0.09804	0.02972	0.00520	0.00159	0.00234	0.08458	0.00355	0.00316
15	0.00620	0.10754	0.00751	0.03251	0.04311	0.00552	0.00497	0.03143	0.02120	0.01066	0.02958	0.51691	0.04124	0.00972	0.00452	0.00144	0.00287	0.11615	0.00322	0.00371
16	0.00901	0.33639	0.32890	0.00832	0.01208	0.01088	0.00913	0.08919	0.03359	0.01195	0.00848	0.10990	0.00770	0.00465	0.00337	0.00110	0.00445	0.00361	0.00214	0.00517
17	0.00995	0.02230	0.01151	0.17913	0.19447	0.17795	0.02501	0.03434	0.00904	0.03651	0.00703	0.00874	0.00563	0.00351	0.00346	0.00097	0.00463	0.00291	0.00212	0.26078
18	0.03244	0.04733	0.08441	0.00861	0.01142	0.18769	0.02009	0.24877	0.17636	0.10024	0.01952	0.01057	0.01844	0.01230	0.00383	0.00117	0.00453	0.00345	0.00318	0.00566
19	0.00476	0.00342	0.00449	0.00521	0.00554	0.00318	0.00352	0.00554	0.00771	0.01032	0.10227	0.73356	0.05850	0.02608	0.00509	0.00155	0.00220	0.01031	0.00360	0.00316
20	0.03630	0.20243	0.32745	0.00842	0.01212	0.05206	0.01794	0.06309	0.11392	0.01250	0.01153	0.01188	0.10572	0.00455	0.00349	0.00113	0.00444	0.00350	0.00233	0.00520
21	0.00957	0.54415	0.22887	0.00774	0.01155	0.05078	0.00836	0.01164	0.00803	0.01009	0.00619	0.00711	0.01333	0.00344	0.00285	0.00092	0.00452	0.00234	0.00171	0.06681
22	0.00895	0.00911	0.02848	0.01326	0.04068	0.00884	0.50806	0.01244	0.09480	0.04886	0.01007	0.08186	0.00854	0.00465	0.00496	0.00133	0.06330	0.02450	0.00242	0.02490
23	0.03432	0.12568	0.61763	0.01083	0.01588	0.00978	0.11020	0.01205	0.00812	0.01191	0.00674	0.00806	0.00496	0.00355	0.00356	0.00117	0.00548	0.00291	0.00168	0.00547
24	0.11313	0.00688	0.01065	0.69430	0.02288	0.00856	0.00960	0.00985	0.00744	0.01065	0.00687	0.02878	0.00545	0.00412	0.00410	0.00129	0.04598	0.00341	0.00182	0.00422
25	0.00815	0.00810	0.01160	0.00990	0.01019	0.02107	0.04750	0.00917	0.00612	0.00934	0.00579	0.00925	0.00561	0.00911	0.11088	0.00218	0.70667	0.00349	0.00174	0.00415
26	0.00517	0.00385	0.00483	0.00541	0.00594	0.00372	0.00376	0.00674	0.07596	0.01060	0.06159	0.63648	0.10236	0.01102	0.00498	0.02037	0.00230	0.02797	0.00358	0.00337
27	0.00566	0.00417	0.00546	0.00615	0.00682	0.00415	0.00474	0.00761	0.07635	0.01110	0.04211	0.44817	0.03718	0.01077	0.00495	0.00160	0.00277	0.31313	0.00359	0.00353
28	0.00576	0.00597	0.10540	0.00553	0.00711	0.00436	0.00481	0.00782	0.04552	0.03262	0.29587	0.16925	0.27863	0.00844	0.00444	0.00130	0.00247	0.00729	0.00359	0.00384
29	0.00935	0.00896	0.01530	0.07695	0.78905	0.00907	0.01170	0.01164	0.00866	0.01235	0.00719	0.00954	0.00601	0.00344	0.00380	0.00115	0.00459	0.00342	0.00189	0.00596
30	0.00564	0.00399	0.00508	0.00531	0.00614	0.00373	0.00399	0.00713	0.02761	0.03768	0.28435	0.28417	0.15146	0.02221	0.00494	0.00145	0.00233	0.13548	0.00379	0.00352
31	0.00525	0.00382	0.00470	0.00481	0.00563	0.00349	0.00354	0.00627	0.01792	0.01149	0.27570	0.17294	0.29060	0.00997	0.00589	0.10748	0.00223	0.06152	0.00354	0.00320
32	0.28055	0.34661	0.01195	0.00628	0.00876	0.03391	0.00548	0.05536	0.08920	0.01313	0.00846	0.10964	0.00788	0.00469	0.00297	0.00109	0.00351	0.00343	0.00244	0.00465
33	0.01715	0.00667	0.01102	0.66229	0.09097	0.00799	0.01002	0.00968	0.00788	0.01031	0.00868	0.02798	0.00754	0.00474	0.00401	0.00133	0.00481	0.10067	0.00198	0.00430
34	0.00562	0.00392	0.00468	0.00470	0.00572	0.00346	0.00344	0.00676	0.00905	0.06560	0.23654	0.25383	0.36359	0.00953	0.00458	0.00134	0.00207	0.00827	0.00381	0.00351
35	0.00492	0.00360	0.00465	0.00520	0.00574	0.00333	0.00370	0.00593	0.00830	0.01105	0.17688	0.53613	0.12853	0.01083	0.00481	0.00148	0.00222	0.07578	0.00368	0.00326
36	0.00659	0.00485	0.00592	0.00564	0.00620	0.02165	0.01533	0.04412	0.03638	0.02815	0.01219	0.10252	0.01293	0.43720	0.21171	0.00367	0.03379	0.00542	0.00253	0.00322
37	0.00797	0.00791	0.01434	0.11516	0.24777	0.00790	0.26127	0.01046	0.03134	0.01161	0.01197	0.11469	0.07740	0.00536	0.01177	0.00132	0.02059	0.01402	0.00230	0.02486
38	0.00491	0.00359	0.00457	0.00525	0.00569	0.00335	0.00361	0.02079	0.00781	0.01027	0.04124	0.69481	0.12244	0.02261	0.00503	0.00154	0.00228	0.03345	0.00356	0.00321
39	0.21733	0.21481	0.03495	0.00836	0.01090	0.18481	0.10230	0.03451	0.00864	0.01220	0.00767	0.01146	0.00695	0.00450	0.00359	0.00115	0.02928	0.09985	0.00220	0.00455

[dist]
# distance from previous block
# <min> <max>
0	3

[block]
# block no. 5 follows, 71 sequences, length 57
# corresponding to MSA columns:
# 558-614
name=unknown_F
#
# <colnr> <probs for GDERKNQSTAVLIFYWHMCP>
#	G	D	E	R	K	N	Q	S	T	A	V	L	I	F	Y	W	H	M	C	P
0	0.03160	0.36745	0.10020	0.00749	0.01074	0.01146	0.00715	0.17761	0.05110	0.11989	0.03595	0.00909	0.00721	0.00405	0.00332	0.00102	0.01490	0.00294	0.00271	0.03410
1	0.00894	0.05534	0.14009	0.00817	0.02495	0.13891	0.02201	0.12601	0.03855	0.02522	0.02254	0.31826	0.01379	0.00717	0.00413	0.00129	0.00408	0.03305	0.00292	0.00457
2	0.00666	0.00455	0.00540	0.00498	0.00633	0.00422	0.00380	0.00897	0.08426	0.09586	0.41587	0.02857	0.30005	0.00792	0.00440	0.00124	0.00211	0.00678	0.00402	0.00400
3	0.04843	0.10267	0.01366	0.38951	0.29072	0.00954	0.02363	0.04064	0.00844	0.02757	0.00698	0.00937	0.00551	0.00366	0.00362	0.00117	0.00468	0.00323	0.00193	0.00506
4	0.00866	0.14811	0.01029	0.00654	0.03948	0.00702	0.00520	0.02336	0.00817	0.02703	0.00677	0.00782	0.00565	0.00300	0.00285	0.00065	0.00314	0.00232	0.00222	0.68170
5	0.00594	0.01845	0.00642	0.00608	0.00674	0.00542	0.00461	0.00757	0.05672	0.00925	0.01242	0.06265	0.05179	0.15787	0.50300	0.00457	0.06989	0.00483	0.00233	0.00346
6	0.00927	0.00892	0.10117	0.00815	0.01066	0.00840	0.05077	0.01711	0.53219	0.07315	0.09421	0.04470	0.01333	0.00539	0.00400	0.00128	0.00338	0.00463	0.00362	0.00567
7	0.05790	0.15573	0.03554	0.04996	0.06887	0.01127	0.02835	0.05945	0.01803	0.01106	0.00623	0.01986	0.00569	0.02278	0.00804	0.00141	0.41348	0.00323	0.00194	0.02118
8	0.00936	0.11775	0.04312	0.12045	0.36831	0.03083	0.10760	0.02433	0.09968	0.01218	0.00789	0.00964	0.00633	0.00365	0.00370	0.00114	0.00468	0.00341	0.00210	0.02384
9	0.00477	0.00378	0.00415	0.00426	0.00519	0.00332	0.00303	0.00569	0.00842	0.01053	0.12682	0.16414	0.52697	0.10415	0.00624	0.00159	0.00217	0.00812	0.00350	0.00316
10	0.00535	0.00391	0.00485	0.00532	0.00587	0.00373	0.00369	0.05562	0.00822	0.01083	0.04920	0.62591	0.12398	0.05426	0.00552	0.00160	0.00239	0.02288	0.00354	0.00332
11	0.00879	0.05706	0.02360	0.00730	0.02542	0.14383	0.02204	0.05017	0.12212	0.04410	0.22093	0.02026	0.15545	0.00643	0.00447	0.00122	0.04338	0.03571	0.00327	0.00448
12	0.00773	0.00573	0.00699	0.00729	0.09274	0.05609	0.00493	0.02602	0.01066	0.09993	0.55084	0.02386	0.07813	0.00688	0.00430	0.00119	0.00261	0.00598	0.00385	0.00426
13	0.00608	0.00525	0.00735	0.00704	0.05242	0.00492	0.09479	0.00838	0.08633	0.02292	0.14323	0.14316	0.38676	0.00822	0.00447	0.00131	0.00272	0.00726	0.00343	0.00395
14	0.04450	0.00925	0.05001	0.01026	0.10298	0.01741	0.07466	0.31648	0.04496	0.18014	0.01125	0.02718	0.01715	0.00486	0.00392	0.00122	0.00411	0.05204	0.02178	0.00586
15	0.00904	0.00832	0.00848	0.00635	0.00956	0.09868	0.00504	0.05453	0.02568	0.01285	0.00702	0.00803	0.00577	0.00311	0.00298	0.00066	0.00337	0.00240	0.00236	0.72578
16	0.00630	0.00522	0.00812	0.00748	0.00858	0.00512	0.13912	0.03956	0.06152	0.01113	0.01734	0.49330	0.01935	0.07619	0.00590	0.00167	0.00329	0.08385	0.00323	0.00375
17	0.00539	0.00449	0.00743	0.00711	0.00794	0.00419	0.13867	0.00648	0.00762	0.01020	0.01894	0.72296	0.02215	0.01057	0.00483	0.00151	0.00292	0.00985	0.00329	0.00345
18	0.00576	0.10023	0.05140	0.00510	0.00670	0.01857	0.00429	0.00727	0.03112	0.01086	0.10443	0.13505	0.47173	0.00860	0.00428	0.00127	0.00255	0.02384	0.00329	0.00368
19	0.01012	0.72364	0.12156	0.00725	0.01077	0.05298	0.00754	0.01174	0.00797	0.00942	0.00555	0.00643	0.00491	0.00336	0.00265	0.00088	0.00442	0.00217	0.00165	0.00499
20	0.00839	0.02910	0.53520	0.01048	0.05244	0.04635	0.01904	0.03399	0.02049	0.03780	0.00948	0.01413	0.00805	0.00484	0.00390	0.00127	0.00510	0.13618	0.00217	0.02160
21	0.01037	0.61586	0.05391	0.00892	0.10188	0.09559	0.00747	0.02261	0.00844	0.00997	0.03062	0.00739	0.00600	0.00353	0.00284	0.00090	0.00443	0.00244	0.00181	0.00502
22	0.00919	0.01746	0.08651	0.00892	0.08361	0.00762	0.04551	0.22835	0.01062	0.01481	0.02696	0.03566	0.06546	0.05326	0.06899	0.00158	0.00433	0.01998	0.00275	0.20844
23	0.00622	0.00487	0.00578	0.00568	0.00675	0.00503	0.00427	0.00965	0.19725	0.01263	0.23594	0.13196	0.13554	0.07599	0.08202	0.00197	0.00320	0.06775	0.00358	0.00394
24	0.00868	0.00560	0.00666	0.00615	0.00771	0.00563	0.00470	0.04000	0.22037	0.16626	0.14298	0.22254	0.11478	0.00776	0.00432	0.00133	0.00262	0.02323	0.00397	0.00471
25	0.00753	0.00979	0.18732	0.60132	0.08261	0.00867	0.02840	0.01048	0.00786	0.01054	0.00688	0.00973	0.00514	0.00375	0.00380	0.00125	0.00522	0.00331	0.00170	0.00470
26	0.00999	0.12828	0.04831	0.00802	0.03338	0.10958	0.02559	0.10956	0.13343	0.07752	0.06018	0.16284	0.03418	0.00612	0.00404	0.00122	0.01819	0.02150	0.00311	0.00494
27	0.00783	0.01405	0.48158	0.00908	0.01302	0.00810	0.01028	0.04697	0.16882	0.01330	0.04799	0.04418	0.07049	0.00523	0.00392	0.00127	0.00444	0.04156	0.00257	0.00532
28	0.50865	0.00782	0.00737	0.00617	0.00868	0.00866	0.00505	0.16878	0.06306	0.12979	0.04661	0.00927	0.00729	0.00422	0.00305	0.00119	0.00320	0.00295	0.00316	0.00502
29	0.00756	0.00704	0.01188	0.53494	0.17671	0.00809	0.04314	0.01006	0.01813	0.01081	0.04644	0.01313	0.00800	0.00522	0.03389	0.00145	0.00497	0.05197	0.00201	0.00456
30	0.02911	0.24341	0.47153	0.01049	0.01515	0.01069	0.14528	0.01197	0.00813	0.01145	0.00658	0.00790	0.00502	0.00348	0.00344	0.00112	0.00532	0.00288	0.00169	0.00535
31	0.00493	0.00386	0.00427	0.00431	0.00541	0.00333	0.00318	0.00602	0.00896	0.02549	0.17955	0.15161	0.56635	0.00961	0.00457	0.00131	0.00198	0.00821	0.00370	0.00334
32	0.00462	0.00383	0.00404	0.00410	0.00526	0.00325	0.00303	0.00562	0.00877	0.01069	0.09993	0.11888	0.69519	0.00979	0.00457	0.00131	0.00196	0.00828	0.00361	0.00325
33	0.01234	0.05211	0.01098	0.00954	0.09364	0.08404	0.00701	0.38854	0.11318	0.07651	0.05730	0.02830	0.03936	0.00495	0.00382	0.00116	0.00402	0.00393	0.00345	0.00581
34	0.03326	0.01244	0.01101	0.16961	0.08126	0.36232	0.01640	0.08646	0.14841	0.02983	0.00830	0.00933	0.00642	0.00415	0.00366	0.00113	0.00532	0.00316	0.00247	0.00504
35	0.00477	0.00355	0.00446	0.00507	0.00557	0.00327	0.00348	0.00573	0.01928	0.01043	0.09112	0.63243	0.17445	0.01116	0.00478	0.00148	0.00215	0.00997	0.00362	0.00322
36	0.01252	0.00761	0.00896	0.00739	0.00976	0.00807	0.00596	0.25045	0.18882	0.26348	0.01263	0.01258	0.00914	0.00873	0.14259	0.00201	0.00459	0.00387	0.03503	0.00581
37	0.00955	0.00946	0.02964	0.10037	0.47416	0.06301	0.04059	0.06781	0.05020	0.01274	0.00918	0.01127	0.04488	0.00420	0.00429	0.00120	0.04562	0.01410	0.00220	0.00553
38	0.01356	0.00738	0.00961	0.00954	0.14574	0.04542	0.00651	0.05230	0.05402	0.46625	0.12687	0.01424	0.01239	0.00493	0.00391	0.00117	0.00346	0.00415	0.01264	0.00590
39	0.00915	0.00491	0.00621	0.00539	0.00706	0.00446	0.00422	0.01116	0.05059	0.26915	0.39153	0.02410	0.15783	0.00697	0.00424	0.00121	0.00234	0.00596	0.02895	0.00457
40	0.83886	0.00762	0.00599	0.00527	0.00769	0.00880	0.00434	0.06106	0.00723	0.01763	0.00557	0.00641	0.00430	0.00362	0.00246	0.00118	0.00304	0.00216	0.00246	0.00430
41	0.00534	0.00385	0.00482	0.00524	0.00565	0.00375	0.00351	0.00640	0.04513	0.00957	0.01751	0.50808	0.02027	0.24179	0.03941	0.00227	0.00302	0.03689	0.00314	0.03437
42	0.10105	0.00902	0.00895	0.00769	0.03668	0.16182	0.01333	0.08935	0.02104	0.30582	0.05354	0.02100	0.00909	0.03782	0.01767	0.00127	0.00406	0.00353	0.00336	0.09391
43	0.03402	0.01111	0.02422	0.00861	0.01046	0.24146	0.00683	0.07284	0.32180	0.03755	0.01057	0.04062	0.00852	0.00520	0.00510	0.00126	0.13716	0.00373	0.01377	0.00518
44	0.00558	0.00421	0.00535	0.00589	0.00692	0.00398	0.00497	0.00707	0.00885	0.01119	0.04845	0.04064	0.30898	0.01021	0.00501	0.00159	0.00293	0.51121	0.00356	0.00343
45	0.00477	0.00382	0.00427	0.00431	0.00537	0.00332	0.00317	0.00592	0.00909	0.01155	0.23784	0.14013	0.53388	0.00953	0.00458	0.00131	0.00194	0.00816	0.00373	0.00332
46	0.01113	0.00874	0.01117	0.01189	0.21532	0.00939	0.02054	0.28119	0.21872	0.06247	0.01153	0.05979	0.00931	0.00570	0.02921	0.00137	0.00404	0.01923	0.00332	0.00594
47	0.00983	0.00790	0.00802	0.00711	0.00904	0.07203	0.00551	0.14253	0.33286	0.07640	0.08361	0.11372	0.10207	0.00645	0.00409	0.00127	0.00323	0.00538	0.00376	0.00521
48	0.00529	0.00395	0.00494	0.00525	0.00590	0.00375	0.01198	0.00656	0.03714	0.01060	0.11404	0.33914	0.16931	0.15055	0.00720	0.00184	0.00261	0.11329	0.00342	0.00324
49	0.00803	0.00757	0.01276	0.60848	0.22677	0.00878	0.02977	0.03242	0.00824	0.01091	0.00700	0.01002	0.00540	0.00374	0.00384	0.00124	0.00498	0.00344	0.00181	0.00479
50	0.00989	0.07975	0.01078	0.00895	0.11500	0.10021	0.02003	0.06746	0.02596	0.04376	0.00731	0.00833	0.00591	0.00332	0.00315	0.00080	0.00378	0.00264	0.00237	0.48061
51	0.00970	0.71030	0.01793	0.00677	0.00956	0.02946	0.00648	0.01092	0.00757	0.00903	0.00587	0.00727	0.00544	0.00629	0.09645	0.00146	0.05076	0.00236	0.00169	0.00471
52	0.00482	0.00378	0.00431	0.00462	0.00545	0.00340	0.00328	0.00591	0.02733	0.01040	0.06855	0.34088	0.43000	0.04993	0.00536	0.00151	0.00217	0.02152	0.00354	0.00324
53	0.02750	0.54323	0.11072	0.00756	0.01094	0.07166	0.00748	0.10962	0.02852	0.04183	0.00660	0.00723	0.00541	0.00363	0.00291	0.00095	0.00441	0.00245	0.00210	0.00523
54	0.01060	0.15201	0.05153	0.00941	0.01098	0.18897	0.02205	0.05874	0.00829	0.04058	0.00601	0.00795	0.00525	0.00517	0.00762	0.00132	0.40392	0.00297	0.00197	0.00467
55	0.00950	0.07033	0.28872	0.01006	0.01373	0.07465	0.16231	0.09879	0.02426	0.05172	0.13107	0.01179	0.01021	0.00435	0.00386	0.00116	0.00487	0.00380	0.00252	0.02227
56	0.01122	0.67856	0.01775	0.00680	0.00996	0.03100	0.00648	0.04171	0.05302	0.10197	0.00711	0.00747	0.00585	0.00361	0.00276	0.00090	0.00401	0.00243	0.00219	0.00521

[dist]
# distance from previous block
# <min> <max>
0	6

[block]
# block no. 6 follows, 71 sequences, length 11
# corresponding to MSA columns:
# 621-631
name=unknown_G
#
# <colnr> <probs for GDERKNQSTAVLIFYWHMCP>
#	G	D	E	R	K	N	Q	S	T	A	V	L	I	F	Y	W	H	M	C	P
0	0.01046	0.00708	0.00817	0.00726	0.00933	0.00760	0.00581	0.05850	0.43573	0.18099	0.09966	0.01906	0.01485	0.00606	0.00414	0.00132	0.00308	0.11123	0.00405	0.00560
1	0.01610	0.00829	0.00999	0.00766	0.01067	0.00825	0.00633	0.35773	0.01393	0.50078	0.01265	0.01144	0.00825	0.00469	0.00385	0.00117	0.00366	0.00369	0.00436	0.00652
2	0.00811	0.12113	0.03947	0.60593	0.10564	0.03682	0.01023	0.01047	0.00791	0.01003	0.00663	0.00944	0.00517	0.00372	0.00363	0.00119	0.00500	0.00318	0.00172	0.00458
3	0.02674	0.00667	0.00765	0.00649	0.00853	0.00683	0.00514	0.18310	0.16146	0.17887	0.19305	0.05937	0.12681	0.00645	0.00411	0.00124	0.00288	0.00539	0.00403	0.00517
4	0.00544	0.00379	0.00465	0.00503	0.00554	0.00358	0.00353	0.00617	0.00744	0.02696	0.04318	0.30602	0.15688	0.26810	0.00927	0.00218	0.00284	0.13312	0.00323	0.00305
5	0.07262	0.00658	0.00869	0.00671	0.00964	0.00582	0.00554	0.01822	0.01069	0.79163	0.01451	0.01262	0.00915	0.00467	0.00376	0.00119	0.00324	0.00374	0.00460	0.00637
6	0.00516	0.00395	0.00477	0.00478	0.00581	0.00356	0.00369	0.00661	0.00967	0.01277	0.40063	0.06251	0.33773	0.00905	0.00464	0.00133	0.00210	0.11394	0.00386	0.00344
7	0.00555	0.00383	0.00472	0.00456	0.00547	0.00354	0.00339	0.00720	0.01002	0.01437	0.58414	0.06932	0.12220	0.00775	0.00427	0.00119	0.00184	0.00676	0.13634	0.00354
8	0.10707	0.00685	0.00813	0.00654	0.00915	0.00662	0.00532	0.09551	0.09002	0.48714	0.01668	0.01521	0.11814	0.00530	0.00379	0.00121	0.00313	0.00423	0.00417	0.00580
9	0.02394	0.00985	0.01248	0.06922	0.29116	0.10954	0.05391	0.22745	0.02716	0.01482	0.00920	0.05324	0.01924	0.00565	0.04327	0.00141	0.00493	0.01548	0.00259	0.00545
10	0.01219	0.00769	0.00886	0.00737	0.00978	0.00801	0.00585	0.22100	0.25534	0.24349	0.01417	0.12405	0.01130	0.00571	0.00395	0.00123	0.00328	0.00475	0.00399	0.04799

[dist]
# distance from previous block
# <min> <max>
0	7

[block]
# block no. 7 follows, 71 sequences, length 16
# corresponding to MSA columns:
# 639-654
name=unknown_H
#
# <colnr> <probs for GDERKNQSTAVLIFYWHMCP>
#	G	D	E	R	K	N	Q	S	T	A	V	L	I	F	Y	W	H	M	C	P
0	0.00651	0.00478	0.00577	0.00572	0.00665	0.00466	0.00408	0.12832	0.00914	0.01239	0.08398	0.52299	0.03565	0.08058	0.00576	0.00157	0.00265	0.00836	0.00346	0.06699
1	0.67655	0.00982	0.00694	0.00619	0.00851	0.18575	0.00495	0.04100	0.00784	0.01580	0.00560	0.00648	0.00440	0.00368	0.00265	0.00114	0.00384	0.00221	0.00234	0.00430
2	0.00604	0.12568	0.00699	0.00520	0.00640	0.00511	0.00401	0.00721	0.00868	0.02886	0.23341	0.32180	0.16260	0.00880	0.00430	0.00128	0.00240	0.02207	0.00344	0.03572
3	0.04049	0.02366	0.08064	0.00951	0.04751	0.08767	0.10109	0.19738	0.02422	0.05109	0.03507	0.03249	0.01898	0.00440	0.00427	0.00110	0.06366	0.00354	0.00269	0.17055
4	0.01027	0.06934	0.01348	0.03926	0.06181	0.12851	0.20255	0.07626	0.10831	0.06694	0.05223	0.05144	0.04008	0.00490	0.00450	0.00122	0.05682	0.00429	0.00271	0.00507
5	0.00528	0.00378	0.00495	0.00545	0.00591	0.00370	0.00390	0.00645	0.02643	0.01063	0.14135	0.43901	0.02374	0.12908	0.05452	0.00208	0.00303	0.12407	0.00341	0.00322
6	0.00474	0.00354	0.00435	0.00487	0.00541	0.00322	0.00334	0.00554	0.00789	0.01026	0.09086	0.54409	0.23147	0.05484	0.00552	0.00157	0.00220	0.00960	0.00355	0.00315
7	0.00928	0.00811	0.00901	0.00665	0.00993	0.06637	0.03292	0.08565	0.00920	0.03395	0.00721	0.00820	0.00580	0.00314	0.00306	0.00069	0.00339	0.00251	0.00244	0.69248
8	0.00551	0.00369	0.00420	0.00426	0.00428	0.00368	0.00241	0.00556	0.00570	0.00760	0.01271	0.08323	0.01473	0.80603	0.01850	0.00357	0.00361	0.00595	0.00241	0.00238
9	0.00471	0.00359	0.00425	0.00470	0.00534	0.00322	0.00324	0.00550	0.00791	0.01010	0.06472	0.46307	0.32810	0.06609	0.00569	0.00158	0.00220	0.00933	0.00351	0.00313
10	0.01032	0.03531	0.01332	0.22206	0.38389	0.20318	0.01007	0.01228	0.00896	0.03899	0.00699	0.00908	0.00564	0.00374	0.00385	0.00114	0.02085	0.00317	0.00195	0.00520
11	0.01442	0.00617	0.00825	0.00684	0.00931	0.00559	0.00563	0.01655	0.06762	0.62305	0.01622	0.06431	0.01229	0.00600	0.00412	0.00130	0.00323	0.11875	0.00445	0.00588
12	0.00780	0.00445	0.00579	0.00523	0.00657	0.00400	0.00403	0.00939	0.01043	0.18894	0.52164	0.06853	0.11208	0.00766	0.00442	0.00124	0.00219	0.02723	0.00421	0.00416
13	0.00764	0.00418	0.00475	0.00452	0.00575	0.00393	0.00351	0.02078	0.00901	0.11280	0.10783	0.04374	0.17232	0.00649	0.00363	0.00112	0.00216	0.06142	0.42054	0.00389
14	0.01896	0.01150	0.12930	0.14374	0.12938	0.16229	0.01978	0.03293	0.03626	0.01096	0.00698	0.02234	0.00589	0.00554	0.03545	0.00147	0.21716	0.00332	0.00194	0.00481
15	0.01413	0.01105	0.01122	0.00881	0.01173	0.06990	0.00719	0.70418	0.08610	0.02246	0.00952	0.00947	0.00685	0.00461	0.00381	0.00115	0.00431	0.00346	0.00371	0.00634

[dist]
# distance from previous block
# <min> <max>
0	1

[block]
# block no. 8 follows, 71 sequences, length 19
# corresponding to MSA columns:
# 656-674
name=unknown_I
#
# <colnr> <probs for GDERKNQSTAVLIFYWHMCP>
#	G	D	E	R	K	N	Q	S	T	A	V	L	I	F	Y	W	H	M	C	P
0	0.00983	0.10073	0.01544	0.08624	0.59717	0.07387	0.02661	0.02388	0.00885	0.01187	0.00692	0.00901	0.00579	0.00349	0.00365	0.00111	0.00476	0.00322	0.00189	0.00567
1	0.01335	0.09187	0.01208	0.00944	0.06655	0.08225	0.00728	0.54353	0.03755	0.04881	0.00930	0.04400	0.00722	0.00467	0.00372	0.00113	0.00431	0.00358	0.00336	0.00601
2	0.11214	0.00394	0.00517	0.00502	0.00542	0.00402	0.00347	0.00590	0.00528	0.00812	0.00651	0.01088	0.00633	0.01180	0.01307	0.75228	0.00327	0.00314	0.00177	0.03247
3	0.00864	0.00991	0.08835	0.24884	0.12299	0.10849	0.12284	0.01165	0.07146	0.01131	0.02300	0.05897	0.00851	0.00484	0.00430	0.00128	0.03139	0.05625	0.00221	0.00478
4	0.01428	0.00657	0.00809	0.00646	0.00901	0.03457	0.00524	0.04577	0.02539	0.59691	0.06634	0.01721	0.13540	0.00565	0.00398	0.00120	0.00314	0.00462	0.00439	0.00578
5	0.00739	0.00697	0.01177	0.80081	0.08047	0.00856	0.01072	0.00993	0.00774	0.00998	0.00684	0.01017	0.00517	0.00381	0.00383	0.00127	0.00507	0.00341	0.00172	0.00438
6	0.00787	0.00767	0.01162	0.00968	0.01020	0.00979	0.11562	0.00887	0.00628	0.00932	0.00709	0.03340	0.00728	0.16270	0.01258	0.00200	0.56810	0.00411	0.00188	0.00396
7	0.00932	0.00791	0.00832	0.00741	0.00955	0.00897	0.00579	0.08009	0.67400	0.01598	0.01789	0.01661	0.10989	0.00569	0.00397	0.00129	0.00299	0.00472	0.00386	0.00577
8	0.84483	0.00747	0.00588	0.00519	0.00760	0.00860	0.00427	0.03183	0.00694	0.04162	0.00572	0.00650	0.00437	0.00362	0.00245	0.00119	0.00301	0.00216	0.00248	0.00428
9	0.00609	0.00429	0.00493	0.00480	0.00597	0.00399	0.00368	0.04424	0.02095	0.03741	0.23019	0.10332	0.33595	0.00845	0.00434	0.00127	0.00219	0.06538	0.10889	0.00367
10	0.00877	0.00838	0.01426	0.28999	0.58050	0.00892	0.01141	0.01114	0.00839	0.01165	0.00708	0.00972	0.00577	0.00355	0.00381	0.00118	0.00473	0.00341	0.00184	0.00549
11	0.00797	0.00616	0.00656	0.00583	0.00767	0.00628	0.00457	0.14574	0.20344	0.05049	0.05788	0.02578	0.42978	0.00754	0.00425	0.00127	0.00265	0.01780	0.00376	0.00460
12	0.00487	0.00389	0.00432	0.00422	0.00534	0.00338	0.00314	0.00610	0.00937	0.01200	0.31427	0.03368	0.53647	0.03596	0.00500	0.00134	0.00195	0.00761	0.00375	0.00334
13	0.04068	0.00839	0.01596	0.03927	0.01493	0.00862	0.46187	0.02235	0.00800	0.01130	0.00903	0.09209	0.00844	0.10725	0.00742	0.00166	0.13122	0.00494	0.00214	0.00445
14	0.02214	0.00982	0.04352	0.05182	0.01625	0.07913	0.47657	0.01119	0.00833	0.01117	0.00779	0.01067	0.00631	0.00832	0.16254	0.00220	0.06157	0.00406	0.00193	0.00468
15	0.00506	0.00393	0.00457	0.00490	0.00575	0.00360	0.00353	0.02845	0.02436	0.01081	0.05815	0.40848	0.37380	0.01049	0.00469	0.00142	0.00221	0.03885	0.00360	0.00335
16	0.13283	0.00694	0.00724	0.00615	0.00811	0.03338	0.00483	0.17837	0.07041	0.17128	0.06284	0.04441	0.01081	0.07214	0.00471	0.00134	0.00314	0.00405	0.17213	0.00490
17	0.00747	0.00542	0.00650	0.04579	0.06868	0.03745	0.00479	0.01935	0.02165	0.11903	0.14385	0.10540	0.32906	0.03738	0.00487	0.00136	0.00281	0.03157	0.00351	0.00407
18	0.00682	0.00574	0.00637	0.00635	0.00731	0.06847	0.02842	0.08742	0.04461	0.01155	0.01948	0.48155	0.10134	0.05020	0.00531	0.00154	0.00305	0.05735	0.00337	0.00373

[dist]
# distance from previous block
# <min> <max>
1	6

[block]
# block no. 9 follows, 71 sequences, length 50
# corresponding to MSA columns:
# 681-730
name=unknown_J
#
# <colnr> <probs for GDERKNQSTAVLIFYWHMCP>
#	G	D	E	R	K	N	Q	S	T	A	V	L	I	F	Y	W	H	M	C	P
0	0.00921	0.00677	0.00715	0.01759	0.00831	0.03094	0.00491	0.16802	0.18761	0.07340	0.06019	0.05097	0.20737	0.00631	0.00390	0.00119	0.00289	0.00519	0.12515	0.02294
1	0.40442	0.01974	0.00980	0.00771	0.01040	0.00889	0.12122	0.15072	0.06563	0.11812	0.00886	0.03322	0.00679	0.00427	0.00332	0.00122	0.00371	0.01387	0.00299	0.00509
2	0.00714	0.00476	0.00570	0.00508	0.00661	0.00430	0.01785	0.05803	0.01018	0.12191	0.26287	0.04877	0.41587	0.00815	0.00441	0.00125	0.00230	0.00693	0.00389	0.00401
3	0.00596	0.08496	0.04644	0.00582	0.00674	0.00474	0.00448	0.01843	0.00775	0.04163	0.02865	0.68746	0.02174	0.01037	0.00455	0.00145	0.00263	0.00927	0.00334	0.00359
4	0.00807	0.00663	0.00770	0.02323	0.00908	0.02273	0.00468	0.02628	0.00823	0.04185	0.00916	0.12882	0.00858	0.00428	0.00322	0.00076	0.00293	0.00360	0.00256	0.67759
5	0.00743	0.12791	0.01020	0.00764	0.00861	0.04553	0.02392	0.00862	0.00657	0.00907	0.00792	0.01173	0.00748	0.03785	0.42158	0.00377	0.24481	0.00358	0.00189	0.00391
6	0.00465	0.00341	0.00437	0.00513	0.00551	0.00313	0.00347	0.00536	0.00754	0.00987	0.02363	0.74620	0.14030	0.01169	0.00484	0.00152	0.00218	0.01050	0.00356	0.00313
7	0.02094	0.06604	0.01126	0.00908	0.04418	0.20624	0.07730	0.14582	0.12851	0.07266	0.01220	0.03598	0.08507	0.00488	0.00381	0.00112	0.01086	0.00393	0.00293	0.05718
8	0.23206	0.04697	0.06683	0.00788	0.01044	0.02240	0.13949	0.08473	0.02673	0.07226	0.00919	0.02437	0.02143	0.12680	0.04870	0.00177	0.00442	0.00367	0.00255	0.04731
9	0.00491	0.00353	0.00442	0.00504	0.00538	0.00331	0.00338	0.00554	0.00725	0.00949	0.02144	0.56164	0.11912	0.17517	0.00767	0.00195	0.00255	0.05188	0.00332	0.00300
10	0.00509	0.00381	0.00474	0.00487	0.00572	0.00347	0.00362	0.00643	0.00938	0.01257	0.39405	0.22133	0.23239	0.00946	0.00467	0.00135	0.00206	0.06775	0.00386	0.00340
11	0.04011	0.09945	0.32563	0.03976	0.06815	0.02818	0.10095	0.18421	0.02666	0.04007	0.00768	0.00873	0.00566	0.00382	0.00364	0.00116	0.00501	0.00316	0.00232	0.00565
12	0.00678	0.00385	0.00423	0.00428	0.00519	0.00378	0.00317	0.00869	0.04052	0.03384	0.08783	0.15427	0.06015	0.00639	0.00341	0.00109	0.00198	0.01684	0.55005	0.00365
13	0.00532	0.00396	0.00459	0.00474	0.00569	0.00357	0.00344	0.02075	0.01918	0.03316	0.13356	0.29699	0.39786	0.03015	0.00497	0.00143	0.00217	0.02139	0.00366	0.00341
14	0.06490	0.06163	0.04439	0.01899	0.12686	0.00934	0.02407	0.26816	0.05755	0.10431	0.02521	0.01170	0.04464	0.01660	0.04730	0.00146	0.04274	0.00369	0.02094	0.00553
15	0.04300	0.16736	0.03869	0.01764	0.15856	0.12060	0.03277	0.01154	0.03041	0.03918	0.02260	0.04712	0.00755	0.02711	0.01450	0.00111	0.00425	0.01125	0.00224	0.20253
16	0.33614	0.00784	0.00719	0.00666	0.02008	0.09417	0.00526	0.08176	0.04028	0.09168	0.01890	0.08491	0.01010	0.00561	0.00349	0.00125	0.00349	0.11815	0.03532	0.02769
17	0.00474	0.00348	0.00443	0.00514	0.00556	0.00320	0.00353	0.00550	0.00763	0.00997	0.03741	0.67239	0.14985	0.03204	0.00520	0.00157	0.00226	0.03944	0.00354	0.00314
18	0.01010	0.04510	0.07398	0.00903	0.02438	0.17360	0.06786	0.12141	0.20970	0.01382	0.03221	0.06651	0.02010	0.00595	0.01474	0.00132	0.00453	0.09759	0.00299	0.00507
19	0.01008	0.82525	0.01952	0.00661	0.00975	0.01480	0.00654	0.01131	0.00776	0.00910	0.01526	0.00660	0.00537	0.00381	0.01594	0.00093	0.02267	0.00217	0.00168	0.00487
20	0.02424	0.07468	0.56758	0.01070	0.01561	0.00936	0.11040	0.06225	0.00882	0.02914	0.00716	0.00836	0.00520	0.00361	0.00362	0.00116	0.00534	0.00300	0.00190	0.04787
21	0.00925	0.09195	0.05058	0.03210	0.01191	0.11201	0.13502	0.04695	0.02241	0.02943	0.03705	0.05998	0.04270	0.00599	0.01724	0.00140	0.25833	0.02887	0.00228	0.00455
22	0.00623	0.00481	0.00611	0.00577	0.00708	0.00441	0.02912	0.00812	0.07614	0.03999	0.06474	0.40684	0.15528	0.00878	0.00445	0.00129	0.01357	0.00776	0.00338	0.14612
23	0.07453	0.00928	0.01366	0.04612	0.18364	0.06878	0.21683	0.07658	0.02162	0.02764	0.01782	0.01002	0.00654	0.00390	0.01230	0.00113	0.00470	0.01829	0.00231	0.18430
24	0.00688	0.00641	0.00600	0.00566	0.00681	0.14317	0.00423	0.00871	0.03974	0.01347	0.52496	0.06417	0.14004	0.00755	0.00434	0.00120	0.00273	0.00645	0.00372	0.00377
25	0.00777	0.00736	0.01246	0.65906	0.21922	0.00866	0.01091	0.01026	0.00792	0.01044	0.00691	0.01005	0.00534	0.00373	0.00382	0.00124	0.00498	0.00341	0.00175	0.00469
26	0.00859	0.00699	0.00754	0.02501	0.00889	0.03220	0.01424	0.17727	0.21154	0.02804	0.07123	0.02373	0.28108	0.00710	0.00425	0.00129	0.00309	0.07950	0.00365	0.00477
27	0.00811	0.00517	0.00606	0.00574	0.00723	0.02284	0.00454	0.05075	0.03044	0.16611	0.09504	0.13561	0.28583	0.00858	0.00451	0.00137	0.00275	0.15131	0.00382	0.00418
28	0.01215	0.00770	0.00874	0.00741	0.00984	0.00827	0.00589	0.07220	0.49667	0.27291	0.01493	0.01358	0.01061	0.00500	0.00384	0.00124	0.00314	0.00410	0.03560	0.00615
29	0.02365	0.00602	0.00785	0.00622	0.00879	0.00528	0.00507	0.02998	0.01062	0.63918	0.05067	0.01694	0.12763	0.00554	0.00392	0.00119	0.00298	0.00454	0.03813	0.00581
30	0.00966	0.03303	0.01066	0.00901	0.01075	0.29324	0.14161	0.03183	0.03162	0.03309	0.01281	0.28012	0.03591	0.00680	0.00438	0.00127	0.02530	0.02196	0.00270	0.00425
