[name]
unknown

[dist]
# distance from previous block
# <min> <max>
0	55

[block]
# block no. 0 follows, 75 sequences, length 12
# corresponding to MSA columns:
# 55-66
name=unknown_A
#
# <colnr> <probs for GDERKNQSTAVLIFYWHMCP>
#	G	D	E	R	K	N	Q	S	T	A	V	L	I	F	Y	W	H	M	C	P
0	0.00550	0.00388	0.00452	0.00433	0.00548	0.00338	0.00325	0.00674	0.00917	0.07028	0.32483	0.08213	0.44620	0.00846	0.00431	0.00122	0.00192	0.00724	0.00372	0.00344
1	0.00763	0.07690	0.50555	0.00935	0.03966	0.00827	0.03018	0.04851	0.05543	0.01221	0.09451	0.01132	0.02223	0.03515	0.02647	0.00135	0.00471	0.00344	0.00211	0.00503
2	0.00769	0.00566	0.00646	0.00581	0.00739	0.00588	0.00449	0.04039	0.30957	0.08047	0.34207	0.02176	0.13425	0.00650	0.00405	0.00120	0.00236	0.00555	0.00387	0.00458
3	0.00938	0.15459	0.12398	0.09441	0.18645	0.12350	0.03532	0.03428	0.13080	0.01136	0.00815	0.00931	0.02315	0.00390	0.00373	0.00109	0.03633	0.00311	0.00209	0.00507
4	0.11622	0.23426	0.05675	0.00909	0.07179	0.34176	0.00723	0.04046	0.00875	0.01062	0.00565	0.00678	0.00477	0.00374	0.00364	0.00100	0.06866	0.00240	0.00187	0.00457
5	0.00452	0.00322	0.00425	0.00505	0.00525	0.00302	0.00334	0.00513	0.00694	0.00925	0.01975	0.82082	0.02367	0.06006	0.00548	0.00161	0.00221	0.01015	0.00334	0.00294
6	0.01010	0.00853	0.00876	0.00762	0.00979	0.03709	0.00597	0.17763	0.62663	0.01640	0.01334	0.01286	0.01010	0.03312	0.00420	0.00128	0.00327	0.00397	0.00362	0.00573
7	0.00526	0.00389	0.00569	0.00569	0.00627	0.00448	0.00433	0.00642	0.00584	0.00837	0.01003	0.01551	0.00965	0.12229	0.76227	0.00564	0.00913	0.00409	0.00200	0.00316
8	0.00912	0.00819	0.05715	0.03791	0.31650	0.00781	0.04761	0.07356	0.15911	0.07724	0.10237	0.02977	0.04796	0.00467	0.00382	0.00116	0.00370	0.00419	0.00283	0.00534
9	0.00532	0.00365	0.00447	0.00447	0.00462	0.00381	0.00280	0.00564	0.00548	0.00746	0.01115	0.02170	0.01234	0.66637	0.22186	0.00413	0.00508	0.00500	0.00216	0.00248
10	0.05589	0.00764	0.03047	0.00663	0.03424	0.02070	0.00528	0.13824	0.00936	0.06550	0.02754	0.00852	0.00640	0.00330	0.00300	0.00075	0.00312	0.00259	0.00257	0.56824
11	0.09723	0.10281	0.12837	0.02537	0.02893	0.25545	0.08216	0.07226	0.02324	0.02698	0.00692	0.00812	0.02060	0.00405	0.00429	0.00111	0.10249	0.00287	0.00205	0.00469

[dist]
# distance from previous block
# <min> <max>
1	20

[block]
# block no. 1 follows, 75 sequences, length 57
# corresponding to MSA columns:
# 87-143
name=unknown_B
#
# <colnr> <probs for GDERKNQSTAVLIFYWHMCP>
#	G	D	E	R	K	N	Q	S	T	A	V	L	I	F	Y	W	H	M	C	P
0	0.00835	0.03405	0.10537	0.15156	0.26421	0.00796	0.01788	0.04238	0.13385	0.04501	0.06704	0.03435	0.06299	0.00459	0.00373	0.00116	0.00390	0.00403	0.00251	0.00508
1	0.00741	0.02116	0.06273	0.03006	0.03327	0.00521	0.02392	0.02250	0.01932	0.09391	0.27771	0.03707	0.11279	0.01598	0.01277	0.00112	0.02050	0.00484	0.01093	0.18681
2	0.49771	0.00772	0.00729	0.00608	0.00854	0.00858	0.00498	0.19075	0.08675	0.12850	0.01671	0.00839	0.00613	0.00396	0.00292	0.00114	0.00313	0.00275	0.00303	0.00493
3	0.00451	0.00330	0.00424	0.00492	0.00529	0.00303	0.00334	0.00525	0.00741	0.00979	0.07613	0.71450	0.12283	0.01098	0.00462	0.00144	0.00207	0.00987	0.00345	0.00303
4	0.00895	0.00946	0.14101	0.01817	0.05465	0.04384	0.10745	0.07777	0.04313	0.08534	0.07197	0.01225	0.04349	0.02203	0.05033	0.01976	0.17165	0.00385	0.01022	0.00470
5	0.02669	0.34316	0.03224	0.00874	0.06425	0.34522	0.00698	0.01262	0.00874	0.04486	0.00593	0.00685	0.00500	0.00357	0.00323	0.00091	0.03358	0.00235	0.00188	0.04319
6	0.00508	0.00393	0.00435	0.00426	0.00537	0.00351	0.00315	0.00656	0.04481	0.03058	0.22338	0.08199	0.51427	0.04630	0.00494	0.00133	0.00200	0.00730	0.00355	0.00333
7	0.01200	0.13037	0.06551	0.00875	0.02696	0.32847	0.00722	0.22031	0.12951	0.01369	0.01842	0.00846	0.00642	0.00404	0.00336	0.00103	0.00490	0.00289	0.00256	0.00513
8	0.00503	0.00346	0.00437	0.00489	0.00541	0.00316	0.00336	0.00576	0.00743	0.04500	0.04077	0.62046	0.16830	0.04799	0.00519	0.00152	0.00219	0.01918	0.00342	0.00312
9	0.01003	0.05980	0.17040	0.03695	0.09501	0.07644	0.22826	0.10620	0.05553	0.07954	0.01894	0.00968	0.01491	0.00380	0.00386	0.00114	0.01842	0.00348	0.00234	0.00528
10	0.00452	0.00354	0.00409	0.00434	0.00517	0.00312	0.00311	0.00547	0.00822	0.01048	0.15677	0.32243	0.43610	0.00979	0.00446	0.00131	0.00193	0.00851	0.00351	0.00312
11	0.02583	0.03826	0.09442	0.00686	0.05187	0.00590	0.00571	0.01823	0.00772	0.01198	0.00675	0.02330	0.00568	0.00303	0.00287	0.00068	0.00313	0.00244	0.00211	0.68323
12	0.00735	0.00453	0.00659	0.02695	0.06219	0.00467	0.01625	0.04092	0.02113	0.04376	0.00767	0.03103	0.00728	0.05648	0.03677	0.56363	0.03222	0.00353	0.00196	0.02510
13	0.36760	0.01145	0.00905	0.03868	0.04460	0.34062	0.03375	0.02718	0.00824	0.01247	0.00558	0.00683	0.00454	0.00380	0.00365	0.00110	0.07213	0.00243	0.00204	0.00424
14	0.03108	0.02786	0.01004	0.00902	0.08063	0.01003	0.00667	0.32078	0.42884	0.01784	0.01156	0.01116	0.00861	0.00455	0.00364	0.00117	0.00347	0.00367	0.00347	0.00591
15	0.00756	0.00677	0.01017	0.49412	0.11888	0.00787	0.00863	0.02473	0.15177	0.02028	0.01085	0.01274	0.07600	0.01444	0.00389	0.00123	0.00413	0.00382	0.01759	0.00453
16	0.00950	0.00926	0.00795	0.00729	0.00898	0.22682	0.00559	0.05879	0.33002	0.02368	0.10913	0.08327	0.04343	0.00582	0.00383	0.00118	0.00370	0.04112	0.01592	0.00470
17	0.00447	0.00320	0.00426	0.00511	0.00533	0.00298	0.00341	0.00511	0.00703	0.00938	0.02024	0.86853	0.02429	0.01151	0.00469	0.00149	0.00213	0.01044	0.00341	0.00298
18	0.00466	0.00344	0.00436	0.00479	0.00535	0.00315	0.00337	0.00564	0.00812	0.01083	0.22791	0.50294	0.16627	0.01012	0.00455	0.00137	0.00201	0.02444	0.00357	0.00313
19	0.00502	0.00370	0.00445	0.00435	0.00528	0.00334	0.00325	0.00646	0.00943	0.01293	0.50369	0.07544	0.26629	0.00808	0.00426	0.00119	0.00181	0.01894	0.05875	0.00333
20	0.89687	0.00710	0.00540	0.00483	0.00710	0.00824	0.00398	0.01080	0.00625	0.01648	0.00511	0.00597	0.00398	0.00341	0.00227	0.00114	0.00284	0.00199	0.00227	0.00398
21	0.01187	0.00809	0.00913	0.00697	0.00984	0.04324	0.02224	0.28925	0.01162	0.19709	0.00941	0.02024	0.00689	0.00392	0.00333	0.00092	0.00344	0.00310	0.04208	0.29734
22	0.01372	0.01750	0.01041	0.00946	0.01135	0.85618	0.00710	0.01467	0.01041	0.00899	0.00568	0.00662	0.00473	0.00378	0.00331	0.00095	0.00662	0.00237	0.00189	0.00426
23	0.89687	0.00710	0.00540	0.00483	0.00710	0.00824	0.00398	0.01080	0.00625	0.01648	0.00511	0.00597	0.00398	0.00341	0.00227	0.00114	0.00284	0.00199	0.00227	0.00398
24	0.01627	0.00658	0.00873	0.00669	0.00954	0.00589	0.00553	0.08559	0.01107	0.78207	0.01402	0.01220	0.00886	0.00453	0.00369	0.00113	0.00320	0.00366	0.00447	0.00625
25	0.89687	0.00710	0.00540	0.00483	0.00710	0.00824	0.00398	0.01080	0.00625	0.01648	0.00511	0.00597	0.00398	0.00341	0.00227	0.00114	0.00284	0.00199	0.00227	0.00398
26	0.00909	0.00873	0.01491	0.02254	0.84801	0.00873	0.01127	0.01127	0.00836	0.01200	0.00691	0.00909	0.00582	0.00327	0.00364	0.00109	0.00436	0.00327	0.00182	0.00582
27	0.01356	0.01009	0.01080	0.00837	0.01124	0.01120	0.00688	0.76821	0.08548	0.02250	0.00933	0.00922	0.00666	0.00446	0.00368	0.00111	0.00395	0.00338	0.00368	0.00621
28	0.00934	0.00799	0.00842	0.00752	0.00963	0.00923	0.00586	0.05395	0.80661	0.01569	0.01469	0.01350	0.01100	0.00496	0.00373	0.00124	0.00295	0.00412	0.00373	0.00583
29	0.00449	0.00324	0.00422	0.00500	0.00527	0.00301	0.00334	0.00513	0.00706	0.00934	0.02094	0.79653	0.07031	0.03686	0.00508	0.00154	0.00216	0.01014	0.00337	0.00297
30	0.00447	0.00320	0.00426	0.00511	0.00533	0.00298	0.00341	0.00511	0.00703	0.00938	0.02024	0.86853	0.02429	0.01151	0.00469	0.00149	0.00213	0.01044	0.00341	0.00298
31	0.00853	0.00815	0.01389	0.24187	0.63309	0.00858	0.01099	0.01078	0.00810	0.01132	0.00681	0.00927	0.00558	0.00338	0.00365	0.00113	0.00450	0.00327	0.00177	0.00536
32	0.00450	0.00351	0.00409	0.00441	0.00518	0.00310	0.00313	0.00540	0.00805	0.01027	0.12624	0.38135	0.40768	0.01001	0.00448	0.00133	0.00196	0.00874	0.00349	0.00310
33	0.00447	0.00321	0.00425	0.00509	0.00532	0.00299	0.00340	0.00512	0.00706	0.00939	0.02055	0.85369	0.03894	0.01147	0.00468	0.00149	0.00213	0.01039	0.00341	0.00299
34	0.08824	0.00810	0.00937	0.00724	0.01008	0.00828	0.00598	0.37836	0.01314	0.41626	0.01121	0.01033	0.00741	0.00439	0.00357	0.00112	0.00351	0.00338	0.00397	0.00606
35	0.88130	0.00709	0.00545	0.00486	0.00714	0.00819	0.00400	0.01092	0.00633	0.03123	0.00528	0.00608	0.00407	0.00343	0.00230	0.00114	0.00285	0.00202	0.00231	0.00402
36	0.00905	0.00885	0.01559	0.02183	0.76402	0.00878	0.09471	0.01132	0.00839	0.01198	0.00696	0.00917	0.00579	0.00325	0.00371	0.00111	0.00455	0.00338	0.00182	0.00573
37	0.00926	0.00905	0.01047	0.01072	0.14164	0.09624	0.00749	0.01443	0.36738	0.01217	0.00961	0.01050	0.00773	0.00504	0.00625	0.00130	0.26950	0.00354	0.00259	0.00510
38	0.00447	0.00322	0.00424	0.00506	0.00531	0.00299	0.00338	0.00512	0.00709	0.00940	0.02096	0.83338	0.05898	0.01141	0.00467	0.00148	0.00212	0.01033	0.00341	0.00299
39	0.00795	0.00436	0.00485	0.00438	0.00576	0.00413	0.00340	0.04907	0.02278	0.14165	0.08714	0.01977	0.21875	0.00585	0.00340	0.00104	0.00210	0.00481	0.40487	0.00396
40	0.00727	0.00642	0.00961	0.08640	0.33489	0.01964	0.00736	0.03940	0.03631	0.01121	0.01247	0.34982	0.01323	0.00666	0.00402	0.00124	0.00343	0.00608	0.00258	0.04198
41	0.06214	0.06436	0.04819	0.04042	0.08360	0.17368	0.06172	0.10442	0.10174	0.13721	0.02004	0.02637	0.00786	0.01513	0.00375	0.00115	0.00437	0.03598	0.00277	0.00509
42	0.81670	0.02962	0.02554	0.00519	0.00754	0.04417	0.00439	0.01098	0.00649	0.01585	0.00517	0.00603	0.00404	0.00342	0.00235	0.00112	0.00309	0.00202	0.00222	0.00404
43	0.02009	0.10414	0.04039	0.04106	0.20209	0.11945	0.01552	0.15070	0.11084	0.01311	0.02719	0.01697	0.00699	0.00474	0.02185	0.00123	0.09285	0.00325	0.00238	0.00515
44	0.00457	0.00366	0.00410	0.00427	0.00521	0.00322	0.00309	0.00570	0.02324	0.01049	0.13527	0.25191	0.51314	0.00957	0.00442	0.00130	0.00193	0.00825	0.00350	0.00316
45	0.01784	0.00689	0.04728	0.16553	0.22613	0.00678	0.02450	0.05859	0.02318	0.04663	0.01202	0.24492	0.03242	0.03618	0.00469	0.00134	0.02478	0.01331	0.00254	0.00446
46	0.00478	0.00359	0.00443	0.00454	0.00531	0.00324	0.00328	0.00601	0.00896	0.01205	0.41585	0.26371	0.23268	0.00907	0.00443	0.00127	0.00188	0.00797	0.00371	0.00324
47	0.26581	0.21379	0.01100	0.00724	0.00951	0.33891	0.02660	0.01227	0.00826	0.02831	0.00587	0.00724	0.00501	0.04228	0.00351	0.00109	0.00469	0.00237	0.00199	0.00425
48	0.80963	0.03856	0.00621	0.00517	0.00745	0.06194	0.00426	0.01105	0.00656	0.01573	0.00515	0.00601	0.00405	0.00342	0.00234	0.00111	0.00312	0.00201	0.00222	0.00402
49	0.00645	0.00587	0.05148	0.09695	0.02233	0.03285	0.01733	0.02122	0.00760	0.03498	0.13361	0.17487	0.07047	0.20816	0.01877	0.00188	0.07415	0.01484	0.00271	0.00349
50	0.01061	0.69880	0.01745	0.00693	0.00982	0.18602	0.00645	0.01175	0.00806	0.00871	0.00522	0.00604	0.00472	0.00327	0.00255	0.00082	0.00448	0.00205	0.00164	0.00462
51	0.00779	0.00652	0.00763	0.00546	0.00872	0.00491	0.00437	0.00942	0.00767	0.02818	0.00668	0.00771	0.00551	0.00276	0.00274	0.00056	0.00273	0.00221	0.00222	0.87623
52	0.00534	0.00356	0.00401	0.00401	0.00401	0.00356	0.00223	0.00534	0.00534	0.00712	0.01157	0.02403	0.01335	0.87092	0.01869	0.00356	0.00356	0.00534	0.00223	0.00223
53	0.01133	0.06248	0.14379	0.16316	0.04542	0.02872	0.00853	0.29914	0.01138	0.14015	0.00836	0.00913	0.00597	0.00411	0.00392	0.00114	0.04186	0.00316	0.00277	0.00548
54	0.06201	0.08966	0.00800	0.00569	0.00776	0.03165	0.00442	0.10863	0.02539	0.02584	0.00944	0.10737	0.00928	0.18344	0.00635	0.00144	0.00324	0.00393	0.00252	0.30394
55	0.21143	0.00852	0.00845	0.05998	0.03554	0.12911	0.02932	0.15142	0.05345	0.04292	0.04781	0.08852	0.01800	0.00520	0.01324	0.00121	0.04188	0.00382	0.04567	0.00451
56	0.01121	0.00955	0.02871	0.03411	0.06899	0.12631	0.01371	0.34274	0.05843	0.05976	0.02220	0.02740	0.03617	0.08604	0.00505	0.00132	0.00411	0.01209	0.01603	0.03603

[dist]
# distance from previous block
# <min> <max>
1	23

[block]
# block no. 2 follows, 75 sequences, length 30
# corresponding to MSA columns:
# 167-196
name=unknown_C
#
# <colnr> <probs for GDERKNQSTAVLIFYWHMCP>
#	G	D	E	R	K	N	Q	S	T	A	V	L	I	F	Y	W	H	M	C	P
0	0.12388	0.02006	0.00687	0.07230	0.03166	0.08931	0.00508	0.00938	0.08488	0.01174	0.15714	0.06627	0.11922	0.00995	0.15640	0.00203	0.01434	0.01287	0.00276	0.00386
1	0.00677	0.00533	0.00579	0.00535	0.00685	0.00547	0.00412	0.03659	0.27923	0.03138	0.18744	0.02440	0.31751	0.00704	0.00403	0.00120	0.00228	0.01579	0.04920	0.00424
2	0.00886	0.00722	0.00794	0.07977	0.01018	0.01832	0.00575	0.04612	0.57332	0.03375	0.06463	0.01392	0.01162	0.00491	0.00364	0.00119	0.00297	0.00409	0.09653	0.00528
3	0.00525	0.00394	0.00590	0.00590	0.00656	0.00459	0.00459	0.00656	0.00590	0.00853	0.00984	0.01443	0.00918	0.02755	0.85637	0.00590	0.00984	0.00394	0.00197	0.00328
4	0.00458	0.00324	0.00423	0.00497	0.00516	0.00306	0.00326	0.00514	0.00682	0.00909	0.01914	0.76121	0.02290	0.12072	0.00647	0.00175	0.00231	0.00979	0.00326	0.00289
5	0.89687	0.00710	0.00540	0.00483	0.00710	0.00824	0.00398	0.01080	0.00625	0.01648	0.00511	0.00597	0.00398	0.00341	0.00227	0.00114	0.00284	0.00199	0.00227	0.00398
6	0.00882	0.00760	0.00802	0.00727	0.00926	0.00873	0.00563	0.01857	0.78623	0.01499	0.01593	0.03924	0.04268	0.00533	0.00379	0.00125	0.00285	0.00447	0.00372	0.00563
7	0.00762	0.10846	0.76468	0.01003	0.01522	0.00916	0.01281	0.01156	0.00772	0.01132	0.00644	0.00756	0.00466	0.00345	0.00337	0.00112	0.00527	0.00264	0.00155	0.00535
8	0.00638	0.00319	0.00478	0.00478	0.00478	0.00319	0.00319	0.00478	0.00478	0.00638	0.00638	0.01116	0.00638	0.01276	0.01435	0.89314	0.00319	0.00319	0.00159	0.00159
9	0.01175	0.00502	0.00638	0.00527	0.00723	0.00448	0.00422	0.01325	0.00956	0.46970	0.10245	0.01598	0.06973	0.00511	0.00349	0.00107	0.00249	0.00421	0.25367	0.00495
10	0.06442	0.00957	0.01024	0.12349	0.01215	0.14776	0.00736	0.15484	0.08390	0.07045	0.00747	0.00887	0.00588	0.00483	0.00613	0.00127	0.27100	0.00314	0.00245	0.00476
11	0.01118	0.01241	0.00931	0.00864	0.01036	0.48134	0.02521	0.09839	0.01047	0.01116	0.01037	0.01785	0.01006	0.00583	0.00393	0.00120	0.00533	0.26020	0.00255	0.00421
12	0.03394	0.02254	0.25520	0.00795	0.01163	0.04578	0.00794	0.22413	0.03098	0.04896	0.00758	0.00821	0.00563	0.00358	0.00327	0.00095	0.00406	0.00274	0.00250	0.27243
13	0.00478	0.00381	0.00416	0.00409	0.00510	0.00339	0.00299	0.00600	0.02641	0.01079	0.21395	0.03183	0.53213	0.11404	0.00609	0.00151	0.00209	0.02030	0.00341	0.00314
14	0.00515	0.00411	0.00465	0.00445	0.00560	0.00380	0.00336	0.00728	0.08438	0.01251	0.38883	0.02994	0.41625	0.00813	0.00428	0.00120	0.00190	0.00694	0.00372	0.00350
15	0.01019	0.02836	0.01246	0.20555	0.27125	0.31113	0.03152	0.01191	0.00868	0.01006	0.00623	0.00826	0.00513	0.00374	0.00407	0.00110	0.06094	0.00295	0.00179	0.00471
16	0.03368	0.00672	0.01088	0.73637	0.02291	0.00853	0.00976	0.00936	0.00711	0.00953	0.00629	0.00947	0.00486	0.00399	0.00461	0.00127	0.10573	0.00322	0.00165	0.00407
17	0.00973	0.84134	0.05024	0.00644	0.00967	0.01431	0.00656	0.01102	0.00747	0.00875	0.00516	0.00596	0.00471	0.00316	0.00240	0.00080	0.00398	0.00199	0.00157	0.00474
18	0.00465	0.00379	0.00414	0.00423	0.00538	0.00329	0.00329	0.00576	0.00859	0.01057	0.11926	0.03535	0.64922	0.00923	0.00444	0.00129	0.00205	0.11881	0.00347	0.00318
19	0.29311	0.00758	0.04517	0.04706	0.00953	0.00698	0.00519	0.05554	0.07358	0.01415	0.00687	0.00774	0.00541	0.00329	0.00279	0.00088	0.00307	0.00241	0.00236	0.40731
20	0.00518	0.00375	0.00488	0.00460	0.00547	0.00346	0.00345	0.00689	0.01034	0.01460	0.82512	0.02764	0.05568	0.00755	0.00433	0.00116	0.00174	0.00667	0.00403	0.00346
21	0.00850	0.02469	0.00893	0.01701	0.06027	0.15635	0.06734	0.03524	0.17071	0.03656	0.03637	0.29027	0.02487	0.00673	0.00411	0.00124	0.01509	0.01386	0.00295	0.01892
22	0.00632	0.03711	0.40694	0.00804	0.01110	0.00633	0.04558	0.00901	0.00809	0.01151	0.16291	0.23045	0.02883	0.00632	0.00396	0.00124	0.00385	0.00552	0.00252	0.00437
23	0.00447	0.00320	0.00426	0.00511	0.00533	0.00298	0.00341	0.00511	0.00703	0.00938	0.02024	0.86853	0.02429	0.01151	0.00469	0.00149	0.00213	0.01044	0.00341	0.00298
24	0.00447	0.00345	0.00409	0.00452	0.00519	0.00306	0.00316	0.00530	0.00781	0.00997	0.08444	0.47375	0.35696	0.01034	0.00452	0.00137	0.00199	0.00909	0.00345	0.00306
25	0.02368	0.23013	0.15358	0.02517	0.05664	0.08111	0.00789	0.18167	0.10376	0.09002	0.00825	0.00859	0.00620	0.00387	0.00327	0.00104	0.00427	0.00290	0.00256	0.00541
26	0.01338	0.00991	0.01068	0.00830	0.01110	0.01099	0.00683	0.76560	0.05006	0.02218	0.00911	0.00927	0.00658	0.00547	0.04192	0.00132	0.00426	0.00337	0.00360	0.00610
27	0.00514	0.00379	0.00433	0.00433	0.00542	0.00331	0.00325	0.00624	0.00870	0.04855	0.19458	0.13887	0.50926	0.00905	0.00438	0.00127	0.00199	0.04064	0.00359	0.00331
28	0.89687	0.00710	0.00540	0.00483	0.00710	0.00824	0.00398	0.01080	0.00625	0.01648	0.00511	0.00597	0.00398	0.00341	0.00227	0.00114	0.00284	0.00199	0.00227	0.00398
29	0.46790	0.00569	0.00540	0.00514	0.00660	0.00641	0.00396	0.04194	0.00669	0.01325	0.00920	0.13648	0.00921	0.10218	0.15129	0.00228	0.00407	0.01625	0.00246	0.00361

[dist]
# distance from previous block
# <min> <max>
0	6

[block]
# block no. 3 follows, 75 sequences, length 72
# corresponding to MSA columns:
# 203-274
name=unknown_D
#
# <colnr> <probs for GDERKNQSTAVLIFYWHMCP>
#	G	D	E	R	K	N	Q	S	T	A	V	L	I	F	Y	W	H	M	C	P
0	0.03069	0.22100	0.19055	0.01020	0.04410	0.07753	0.16670	0.11993	0.00930	0.04390	0.00680	0.00797	0.00526	0.00365	0.00380	0.00108	0.04740	0.00296	0.00206	0.00512
1	0.00825	0.05115	0.09441	0.01900	0.00939	0.02926	0.00674	0.02853	0.12378	0.07393	0.09766	0.02495	0.09156	0.01699	0.04020	0.00151	0.27139	0.00419	0.00264	0.00446
2	0.00558	0.00422	0.00560	0.00551	0.00590	0.01703	0.00399	0.00633	0.00577	0.00806	0.01023	0.03914	0.01055	0.30201	0.47585	0.02588	0.05885	0.00448	0.00206	0.00294
3	0.00897	0.00795	0.03561	0.18635	0.13187	0.01862	0.07892	0.05995	0.11402	0.07222	0.00874	0.03162	0.00687	0.00386	0.00367	0.00105	0.01803	0.00341	0.00244	0.20584
4	0.00839	0.16469	0.55174	0.02753	0.07592	0.00947	0.03585	0.01188	0.02276	0.04912	0.00689	0.00796	0.00510	0.00348	0.00335	0.00110	0.00495	0.00275	0.00176	0.00534
5	0.00699	0.00658	0.01111	0.84129	0.04569	0.00817	0.01023	0.00943	0.00737	0.00945	0.00654	0.00977	0.00492	0.00366	0.00367	0.00122	0.00488	0.00326	0.00164	0.00412
6	0.39792	0.00668	0.00830	0.45700	0.01661	0.00804	0.00721	0.00998	0.00688	0.01264	0.00609	0.00824	0.00464	0.00358	0.00302	0.00117	0.00389	0.00271	0.03139	0.00401
7	0.00970	0.52868	0.16763	0.02309	0.02499	0.10668	0.02848	0.01170	0.02674	0.01990	0.00612	0.02025	0.00525	0.00348	0.00285	0.00092	0.00452	0.00245	0.00173	0.00482
8	0.00851	0.01151	0.31629	0.06618	0.05123	0.01708	0.03198	0.04273	0.05840	0.04050	0.01210	0.19146	0.02142	0.00781	0.05753	0.00175	0.03885	0.01673	0.00274	0.00520
9	0.00447	0.00320	0.00426	0.00511	0.00533	0.00298	0.00341	0.00511	0.00703	0.00938	0.02024	0.86853	0.02429	0.01151	0.00469	0.00149	0.00213	0.01044	0.00341	0.00298
10	0.00477	0.00370	0.00414	0.00422	0.00524	0.00326	0.00319	0.00592	0.00862	0.01110	0.19370	0.11058	0.50730	0.00894	0.00433	0.00126	0.00196	0.06358	0.05101	0.00320
11	0.00938	0.42391	0.13405	0.12992	0.07134	0.07923	0.05935	0.03537	0.00815	0.01004	0.00594	0.00732	0.00491	0.00336	0.00303	0.00097	0.00466	0.00256	0.00170	0.00482
12	0.00440	0.00362	0.00387	0.00407	0.00508	0.00309	0.00298	0.00528	0.00809	0.00982	0.03330	0.21259	0.65765	0.00978	0.00443	0.00130	0.00194	0.02222	0.00341	0.00308
13	0.00461	0.00329	0.00440	0.00524	0.00550	0.00310	0.00361	0.00533	0.00713	0.00948	0.02005	0.78598	0.02387	0.02347	0.00492	0.00154	0.00226	0.07983	0.00339	0.00301
14	0.03558	0.66419	0.18315	0.00710	0.01067	0.01311	0.00767	0.02517	0.00765	0.00971	0.00546	0.00631	0.00471	0.00324	0.00260	0.00088	0.00419	0.00214	0.00162	0.00486
15	0.00473	0.00369	0.00427	0.00421	0.00519	0.00325	0.00311	0.00596	0.00907	0.01186	0.37602	0.09209	0.43030	0.02419	0.00462	0.00126	0.00186	0.00744	0.00366	0.00323
16	0.01024	0.74804	0.01812	0.00716	0.03761	0.09205	0.00654	0.02779	0.00796	0.00907	0.00529	0.00612	0.00478	0.00323	0.00251	0.00082	0.00419	0.00207	0.00165	0.00474
17	0.00574	0.00455	0.00549	0.00507	0.00647	0.00397	0.00375	0.00748	0.05320	0.01178	0.22169	0.29615	0.10498	0.00756	0.00398	0.00111	0.00221	0.00665	0.00325	0.24495
18	0.03754	0.14157	0.07400	0.09435	0.03104	0.23732	0.01900	0.12102	0.09745	0.04257	0.00778	0.00897	0.00614	0.00406	0.00364	0.00107	0.03508	0.01629	0.01622	0.00489
19	0.00638	0.00319	0.00478	0.00478	0.00478	0.00319	0.00319	0.00478	0.00478	0.00638	0.00638	0.01116	0.00638	0.01276	0.01435	0.89314	0.00319	0.00319	0.00159	0.00159
20	0.00872	0.00752	0.01098	0.56216	0.04091	0.00904	0.00916	0.21188	0.00969	0.01279	0.00729	0.02814	0.00567	0.00418	0.00420	0.00122	0.05623	0.00343	0.00217	0.00463
21	0.00590	0.00421	0.00589	0.00674	0.00757	0.00421	0.00588	0.00757	0.00843	0.01097	0.01946	0.05447	0.02119	0.01017	0.00507	0.00169	0.00336	0.81048	0.00338	0.00338
22	0.00914	0.00857	0.00899	0.00797	0.00872	0.17149	0.00627	0.02783	0.00746	0.07804	0.00957	0.10605	0.04093	0.08886	0.00889	0.00158	0.38686	0.00427	0.01454	0.00397
23	0.00904	0.00917	0.02651	0.24801	0.13507	0.15855	0.13840	0.02240	0.00851	0.04895	0.00836	0.01234	0.00707	0.00610	0.07358	0.00157	0.00552	0.07424	0.00208	0.00452
24	0.00500	0.00350	0.00431	0.00465	0.00531	0.00318	0.00328	0.00599	0.00806	0.03082	0.17253	0.45810	0.20942	0.00969	0.00440	0.00133	0.00200	0.00857	0.05668	0.00320
25	0.01396	0.01029	0.01102	0.00845	0.01139	0.01139	0.00698	0.83577	0.01727	0.02315	0.00882	0.00882	0.00625	0.00441	0.00367	0.00110	0.00404	0.00331	0.00367	0.00625
26	0.00982	0.87313	0.01925	0.00628	0.00943	0.01453	0.00628	0.01100	0.00746	0.00864	0.00511	0.00589	0.00471	0.00314	0.00236	0.00079	0.00393	0.00196	0.00157	0.00471
27	0.89687	0.00710	0.00540	0.00483	0.00710	0.00824	0.00398	0.01080	0.00625	0.01648	0.00511	0.00597	0.00398	0.00341	0.00227	0.00114	0.00284	0.00199	0.00227	0.00398
28	0.00791	0.01453	0.45442	0.01268	0.01723	0.00878	0.39155	0.01158	0.00816	0.01165	0.00722	0.02409	0.00543	0.00345	0.00390	0.00120	0.00572	0.00360	0.00173	0.00517
29	0.00791	0.00753	0.01278	0.48053	0.39921	0.00842	0.01069	0.01024	0.00781	0.01057	0.00670	0.00947	0.00531	0.00349	0.00366	0.00116	0.00465	0.00327	0.00172	0.00487
30	0.00694	0.00653	0.01102	0.86210	0.02530	0.00816	0.01020	0.00938	0.00734	0.00938	0.00653	0.00979	0.00490	0.00367	0.00367	0.00122	0.00490	0.00326	0.00163	0.00408
31	0.00694	0.00653	0.01102	0.86210	0.02530	0.00816	0.01020	0.00938	0.00734	0.00938	0.00653	0.00979	0.00490	0.00367	0.00367	0.00122	0.00490	0.00326	0.00163	0.00408
32	0.00518	0.00375	0.00488	0.00460	0.00547	0.00346	0.00345	0.00689	0.01034	0.01460	0.82438	0.02765	0.05643	0.00756	0.00433	0.00116	0.00174	0.00667	0.00403	0.00346
33	0.00867	0.00991	0.02167	0.01548	0.01920	0.00929	0.83467	0.01176	0.00867	0.01176	0.00743	0.00991	0.00557	0.00310	0.00433	0.00124	0.00619	0.00433	0.00186	0.00495
34	0.00449	0.00329	0.00423	0.00498	0.00534	0.00303	0.00339	0.00519	0.00723	0.00948	0.02236	0.74408	0.12753	0.01120	0.00465	0.00146	0.00213	0.02952	0.00341	0.00301
35	0.00967	0.00492	0.00611	0.00527	0.00696	0.00456	0.00414	0.01187	0.07748	0.31189	0.24797	0.04067	0.11106	0.00607	0.00381	0.00113	0.00235	0.00513	0.13435	0.00459
36	0.00588	0.00422	0.00587	0.00670	0.00755	0.00420	0.00585	0.00756	0.00845	0.01097	0.01983	0.04130	0.03912	0.01013	0.00506	0.00168	0.00335	0.80553	0.00338	0.00338
37	0.89687	0.00710	0.00540	0.00483	0.00710	0.00824	0.00398	0.01080	0.00625	0.01648	0.00511	0.00597	0.00398	0.00341	0.00227	0.00114	0.00284	0.00199	0.00227	0.00398
38	0.00447	0.00320	0.00426	0.00511	0.00533	0.00298	0.00341	0.00511	0.00703	0.00938	0.02024	0.86853	0.02429	0.01151	0.00469	0.00149	0.00213	0.01044	0.00341	0.00298
39	0.00461	0.00330	0.00433	0.00503	0.00537	0.00307	0.00344	0.00541	0.00745	0.01002	0.10022	0.72156	0.05695	0.01090	0.00462	0.00145	0.00211	0.03080	0.01631	0.00305
40	0.00858	0.00819	0.01396	0.14013	0.67663	0.00839	0.02432	0.01078	0.00830	0.01169	0.03671	0.01022	0.01861	0.00356	0.00369	0.00112	0.00434	0.00347	0.00189	0.00544
41	0.00762	0.00653	0.00762	0.00544	0.00870	0.00490	0.00435	0.00925	0.00762	0.01197	0.00653	0.00762	0.00544	0.00272	0.00272	0.00054	0.00272	0.00218	0.00218	0.89338
42	0.00616	0.00328	0.00463	0.00463	0.00465	0.00329	0.00301	0.00499	0.00496	0.00669	0.00756	0.01380	0.00785	0.18193	0.02877	0.68770	0.00335	0.00363	0.01734	0.00178
43	0.00881	0.08352	0.02766	0.26648	0.40267	0.04630	0.00989	0.03112	0.06714	0.01130	0.00719	0.00921	0.00577	0.00355	0.00353	0.00111	0.00449	0.00317	0.00192	0.00514
44	0.00511	0.00379	0.00475	0.00497	0.00565	0.00360	0.00354	0.02371	0.04365	0.01184	0.30974	0.43943	0.10747	0.00947	0.00447	0.00133	0.00204	0.00844	0.00365	0.00335
45	0.00447	0.00320	0.00426	0.00511	0.00533	0.00298	0.00341	0.00511	0.00703	0.00938	0.02024	0.86853	0.02429	0.01151	0.00469	0.00149	0.00213	0.01044	0.00341	0.00298
46	0.00449	0.00320	0.00426	0.00509	0.00530	0.00300	0.00338	0.00512	0.00700	0.00933	0.02006	0.85090	0.02406	0.02944	0.00498	0.00153	0.00216	0.01033	0.00338	0.00297
47	0.00447	0.00321	0.00424	0.00506	0.00531	0.00299	0.00339	0.00512	0.00708	0.00940	0.02085	0.83893	0.05350	0.01143	0.00468	0.00148	0.00212	0.01035	0.00341	0.00299
48	0.00982	0.87313	0.01925	0.00628	0.00943	0.01453	0.00628	0.01100	0.00746	0.00864	0.00511	0.00589	0.00471	0.00314	0.00236	0.00079	0.00393	0.00196	0.00157	0.00471
49	0.00737	0.01900	0.85189	0.01047	0.01590	0.00853	0.01357	0.01163	0.00775	0.01163	0.00659	0.00775	0.00465	0.00349	0.00349	0.00116	0.00543	0.00271	0.00155	0.00543
50	0.00514	0.00375	0.00483	0.00456	0.00545	0.00344	0.00342	0.00682	0.01026	0.01440	0.79050	0.02798	0.09043	0.00763	0.00433	0.00116	0.00174	0.00672	0.00400	0.00344
51	0.00914	0.00789	0.00830	0.00747	0.00955	0.00914	0.00581	0.01952	0.84138	0.01536	0.01495	0.01370	0.01121	0.00498	0.00374	0.00125	0.00291	0.00415	0.00374	0.00581
52	0.00498	0.00375	0.00461	0.00439	0.00535	0.00337	0.00329	0.00651	0.00988	0.01350	0.63902	0.02946	0.24248	0.00797	0.00433	0.00118	0.00177	0.00693	0.00388	0.00337
53	0.00982	0.87313	0.01925	0.00628	0.00943	0.01453	0.00628	0.01100	0.00746	0.00864	0.00511	0.00589	0.00471	0.00314	0.00236	0.00079	0.00393	0.00196	0.00157	0.00471
54	0.00447	0.00320	0.00426	0.00511	0.00533	0.00298	0.00341	0.00511	0.00703	0.00938	0.02024	0.86853	0.02429	0.01151	0.00469	0.00149	0.00213	0.01044	0.00341	0.00298
55	0.00982	0.87313	0.01925	0.00628	0.00943	0.01453	0.00628	0.01100	0.00746	0.00864	0.00511	0.00589	0.00471	0.00314	0.00236	0.00079	0.00393	0.00196	0.00157	0.00471
56	0.00520	0.00375	0.00491	0.00462	0.00549	0.00347	0.00347	0.00693	0.01040	0.01473	0.84608	0.02743	0.03465	0.00751	0.00433	0.00116	0.00173	0.00664	0.00404	0.00347
57	0.00476	0.00361	0.00452	0.02430	0.00575	0.00331	0.00343	0.00591	0.00861	0.01147	0.32533	0.32988	0.23707	0.00931	0.00445	0.00130	0.00198	0.00821	0.00360	0.00321
58	0.02625	0.00496	0.00656	0.00549	0.00729	0.00444	0.00435	0.01207	0.01034	0.39960	0.43562	0.01997	0.02196	0.00602	0.00397	0.00114	0.00239	0.00515	0.01768	0.00476
59	0.00694	0.00653	0.01102	0.86210	0.02530	0.00816	0.01020	0.00938	0.00734	0.00938	0.00653	0.00979	0.00490	0.00367	0.00367	0.00122	0.00490	0.00326	0.00163	0.00408
60	0.02400	0.05804	0.01186	0.00871	0.01129	0.03372	0.14618	0.33795	0.03547	0.13817	0.00984	0.03735	0.00771	0.04521	0.03302	0.00141	0.02231	0.01347	0.01895	0.00532
61	0.00833	0.02861	0.02659	0.46146	0.28811	0.08054	0.03378	0.01058	0.00798	0.01028	0.00657	0.00918	0.00519	0.00352	0.00362	0.00115	0.00489	0.00318	0.00172	0.00472
62	0.00447	0.00320	0.00426	0.00511	0.00533	0.00298	0.00341	0.00511	0.00703	0.00938	0.02024	0.86853	0.02429	0.01151	0.00469	0.00149	0.00213	0.01044	0.00341	0.00298
63	0.00461	0.00328	0.00427	0.00502	0.00525	0.00309	0.00335	0.00522	0.00693	0.00921	0.01974	0.73415	0.04344	0.10083	0.00615	0.00171	0.00231	0.03526	0.00329	0.00292
64	0.01120	0.09634	0.19772	0.01056	0.09514	0.17142	0.07052	0.12665	0.03844	0.11605	0.00789	0.00859	0.00585	0.00384	0.00368	0.00108	0.02429	0.00301	0.00241	0.00533
65	0.00533	0.00362	0.00430	0.00430	0.00440	0.00372	0.00259	0.00553	0.00543	0.00734	0.01130	0.02254	0.01271	0.74004	0.14869	0.00392	0.00453	0.00512	0.00219	0.00239
66	0.00447	0.00320	0.00426	0.00511	0.00533	0.00298	0.00341	0.00511	0.00703	0.00938	0.02024	0.86853	0.02429	0.01151	0.00469	0.00149	0.00213	0.01044	0.00341	0.00298
67	0.02048	0.04000	0.11365	0.09281	0.48678	0.00863	0.05858	0.01117	0.02671	0.03103	0.00748	0.02971	0.00622	0.00429	0.02596	0.00126	0.02457	0.00342	0.00191	0.00534
68	0.00805	0.04173	0.05333	0.10497	0.18551	0.04203	0.11549	0.04336	0.03435	0.01061	0.00848	0.06520	0.00784	0.06421	0.04490	0.07320	0.06926	0.02107	0.00205	0.00435
69	0.00737	0.01900	0.85189	0.01047	0.01590	0.00853	0.01357	0.01163	0.00775	0.01163	0.00659	0.00775	0.00465	0.00349	0.00349	0.00116	0.00543	0.00271	0.00155	0.00543
70	0.00823	0.00645	0.00684	0.00625	0.00793	0.00726	0.00483	0.01577	0.56804	0.01491	0.08945	0.01494	0.01291	0.00504	0.00351	0.00114	0.00252	0.00420	0.21472	0.00503
71	0.00858	0.02387	0.28765	0.11161	0.10224	0.07731	0.08976	0.06370	0.04679	0.02722	0.05392	0.03179	0.02746	0.00422	0.00381	0.00116	0.01717	0.00362	0.01315	0.00498

[dist]
# distance from previous block
# <min> <max>
0	6

[block]
# block no. 4 follows, 75 sequences, length 17
# corresponding to MSA columns:
# 281-297
name=unknown_E
#
# <colnr> <probs for GDERKNQSTAVLIFYWHMCP>
#	G	D	E	R	K	N	Q	S	T	A	V	L	I	F	Y	W	H	M	C	P
0	0.00976	0.06174	0.22334	0.05431	0.05144	0.03489	0.05576	0.06534	0.25924	0.02562	0.05871	0.04470	0.01071	0.00536	0.00418	0.00138	0.00445	0.02024	0.00306	0.00577
1	0.00694	0.00653	0.01102	0.86210	0.02530	0.00816	0.01020	0.00938	0.00734	0.00938	0.00653	0.00979	0.00490	0.00367	0.00367	0.00122	0.00490	0.00326	0.00163	0.00408
2	0.09424	0.05225	0.07702	0.16634	0.16162	0.17704	0.12302	0.03161	0.00850	0.02459	0.00665	0.00874	0.00532	0.00369	0.00377	0.00113	0.03371	0.01410	0.00192	0.00474
3	0.00877	0.00417	0.00459	0.00415	0.00543	0.00407	0.00322	0.04221	0.00855	0.15729	0.01229	0.01330	0.00924	0.00433	0.00280	0.00091	0.00204	0.00346	0.70515	0.00402
4	0.01046	0.00753	0.00839	0.00695	0.00908	0.00825	0.03296	0.30588	0.26419	0.04652	0.01169	0.01180	0.00870	0.00451	0.00341	0.00108	0.00310	0.00364	0.24656	0.00530
5	0.00499	0.00386	0.00456	0.00436	0.00540	0.00349	0.00328	0.00666	0.03297	0.01293	0.51765	0.03003	0.34021	0.00811	0.00432	0.00119	0.00181	0.00699	0.00380	0.00339
6	0.00486	0.00372	0.00445	0.00431	0.00529	0.00332	0.00322	0.00626	0.00954	0.01278	0.52186	0.06230	0.32814	0.00831	0.00435	0.00120	0.00179	0.00719	0.00379	0.00332
7	0.00525	0.00394	0.00590	0.00590	0.00656	0.00459	0.00459	0.00656	0.00590	0.00853	0.00984	0.01443	0.00918	0.02755	0.85637	0.00590	0.00984	0.00394	0.00197	0.00328
8	0.01580	0.00605	0.00817	0.00632	0.00902	0.00526	0.00520	0.01724	0.01032	0.79192	0.01431	0.01258	0.00911	0.00453	0.00361	0.00112	0.00303	0.00367	0.06668	0.00605
9	0.00914	0.00789	0.00830	0.00747	0.00955	0.00914	0.00581	0.01952	0.84138	0.01536	0.01495	0.01370	0.01121	0.00498	0.00374	0.00125	0.00291	0.00415	0.00374	0.00581
10	0.00804	0.00804	0.01125	0.00964	0.00964	0.01125	0.00804	0.00884	0.00562	0.00884	0.00482	0.00804	0.00482	0.00643	0.01205	0.00161	0.86420	0.00321	0.00161	0.00402
11	0.00434	0.00372	0.00372	0.00372	0.00496	0.00310	0.00279	0.00527	0.00837	0.00992	0.03721	0.03535	0.84652	0.00930	0.00434	0.00124	0.00186	0.00775	0.00341	0.00310
12	0.00534	0.00358	0.00408	0.00408	0.00411	0.00360	0.00232	0.00539	0.00536	0.00718	0.01150	0.02364	0.01318	0.83649	0.05289	0.00366	0.00382	0.00528	0.00221	0.00227
13	0.00982	0.87313	0.01925	0.00628	0.00943	0.01453	0.00628	0.01100	0.00746	0.00864	0.00511	0.00589	0.00471	0.00314	0.00236	0.00079	0.00393	0.00196	0.00157	0.00471
14	0.85774	0.00706	0.00554	0.00491	0.00720	0.00811	0.00404	0.01111	0.00644	0.05355	0.00553	0.00626	0.00420	0.00346	0.00234	0.00114	0.00285	0.00206	0.00237	0.00408
15	0.00452	0.00325	0.00430	0.00512	0.00539	0.00303	0.00347	0.00521	0.00713	0.00945	0.02086	0.80833	0.05520	0.01138	0.00469	0.00149	0.00216	0.03862	0.00341	0.00300
16	0.29854	0.04128	0.00829	0.00663	0.00905	0.13786	0.00539	0.07421	0.05944	0.28228	0.00954	0.01001	0.00693	0.00421	0.00317	0.00112	0.00366	0.03020	0.00314	0.00503

[dist]
# distance from previous block
# <min> <max>
0	8

[block]
# block no. 5 follows, 75 sequences, length 22
# corresponding to MSA columns:
# 306-327
name=unknown_F
#
# <colnr> <probs for GDERKNQSTAVLIFYWHMCP>
#	G	D	E	R	K	N	Q	S	T	A	V	L	I	F	Y	W	H	M	C	P
0	0.06543	0.10676	0.12565	0.02724	0.10976	0.11843	0.09879	0.11786	0.08446	0.04488	0.00766	0.00857	0.00587	0.00371	0.00351	0.00107	0.01588	0.00302	0.00232	0.04912
1	0.00634	0.00321	0.00471	0.00471	0.00473	0.00321	0.00313	0.00491	0.00489	0.00661	0.00677	0.01185	0.00679	0.05356	0.01425	0.82731	0.00317	0.00330	0.02487	0.00167
2	0.00796	0.00568	0.00675	0.00520	0.00772	0.00463	0.00411	0.00952	0.00767	0.08077	0.00851	0.01000	0.00692	0.02362	0.07871	0.00118	0.00323	0.00274	0.15405	0.57104
3	0.01011	0.50637	0.01499	0.00707	0.00972	0.08465	0.00632	0.05254	0.22667	0.01113	0.00790	0.00820	0.00649	0.00384	0.00316	0.00096	0.02991	0.00267	0.00227	0.00501
4	0.00789	0.00901	0.10069	0.38221	0.09547	0.04635	0.05525	0.02057	0.03897	0.01032	0.01684	0.00950	0.00567	0.00468	0.02252	0.00136	0.16307	0.00331	0.00180	0.00450
5	0.00482	0.00368	0.00442	0.00436	0.00529	0.00329	0.00322	0.00615	0.00932	0.01247	0.47358	0.12103	0.31790	0.00857	0.00437	0.00122	0.00182	0.00744	0.00375	0.00329
6	0.00607	0.00434	0.02775	0.00481	0.00604	0.00362	0.00375	0.00725	0.00860	0.10814	0.17478	0.20748	0.36342	0.00938	0.03343	0.00143	0.00243	0.02013	0.00356	0.00358
7	0.00799	0.00787	0.01098	0.00943	0.00946	0.01098	0.00784	0.00883	0.00570	0.00901	0.00507	0.00823	0.00498	0.00635	0.01172	0.00158	0.83407	0.00322	0.03269	0.00400
8	0.00477	0.00353	0.00449	0.00512	0.00568	0.00328	0.00375	0.00568	0.00760	0.00984	0.03634	0.49371	0.19396	0.03392	0.00507	0.00153	0.00236	0.17292	0.00338	0.00307
9	0.01085	0.11182	0.01314	0.09843	0.08873	0.14032	0.09862	0.16933	0.00993	0.06906	0.00719	0.00861	0.00562	0.00414	0.00474	0.00114	0.13082	0.00312	0.01940	0.00497
10	0.20690	0.09455	0.08038	0.08724	0.08779	0.01847	0.05264	0.09530	0.00858	0.08542	0.00829	0.04314	0.00699	0.00470	0.01318	0.00123	0.04785	0.05017	0.00242	0.00475
11	0.85745	0.00724	0.00565	0.00499	0.00729	0.00838	0.00411	0.04763	0.00674	0.01678	0.00528	0.00609	0.00408	0.00345	0.00234	0.00113	0.00289	0.00205	0.00234	0.00408
12	0.01963	0.00823	0.09890	0.24066	0.14768	0.00765	0.07340	0.05102	0.09455	0.04163	0.04007	0.04486	0.03536	0.00465	0.00379	0.00120	0.00413	0.03872	0.03910	0.00477
13	0.00597	0.00476	0.00646	0.00740	0.12643	0.00442	0.02713	0.02051	0.00867	0.03453	0.14647	0.11701	0.36054	0.02488	0.00455	0.00130	0.00256	0.07040	0.02228	0.00373
14	0.00619	0.04508	0.01858	0.02896	0.02952	0.00473	0.00434	0.00827	0.07951	0.05046	0.32937	0.26804	0.07744	0.02705	0.00453	0.00130	0.00237	0.00698	0.00350	0.00377
15	0.06577	0.27689	0.08378	0.05032	0.12563	0.08619	0.07419	0.12943	0.00934	0.03750	0.00658	0.00772	0.00524	0.00358	0.00337	0.00103	0.02352	0.00276	0.00209	0.00508
16	0.00962	0.31644	0.01421	0.05356	0.05224	0.08987	0.11158	0.05041	0.03403	0.05043	0.03033	0.03176	0.02382	0.02276	0.00398	0.00109	0.04328	0.01408	0.04187	0.00463
17	0.03757	0.06183	0.02850	0.00551	0.00647	0.00478	0.02500	0.00686	0.00736	0.03329	0.10459	0.35474	0.09719	0.09760	0.08942	0.00199	0.02391	0.00705	0.00295	0.00338
18	0.01090	0.26063	0.07162	0.00949	0.09729	0.10052	0.03739	0.18733	0.08838	0.04934	0.00801	0.00904	0.00636	0.00389	0.00328	0.00102	0.00430	0.02101	0.00247	0.02775
19	0.00600	0.00465	0.00635	0.04755	0.00775	0.00510	0.02221	0.02273	0.07618	0.01050	0.05802	0.06739	0.08605	0.04899	0.34457	0.00323	0.02835	0.09151	0.05927	0.00359
20	0.05941	0.16324	0.10108	0.01885	0.14762	0.06851	0.07973	0.08294	0.05574	0.11447	0.00806	0.02052	0.00624	0.00384	0.00361	0.00107	0.02995	0.00311	0.00240	0.02961
21	0.00957	0.18616	0.07154	0.10258	0.23654	0.11427	0.05870	0.01168	0.02607	0.06450	0.04487	0.03201	0.00740	0.00418	0.01389	0.00112	0.00458	0.00331	0.00210	0.00495

[dist]
# distance from previous block
# <min> <max>
2	35

[block]
# block no. 6 follows, 75 sequences, length 10
# corresponding to MSA columns:
# 363-372
name=unknown_G
#
# <colnr> <probs for GDERKNQSTAVLIFYWHMCP>
#	G	D	E	R	K	N	Q	S	T	A	V	L	I	F	Y	W	H	M	C	P
0	0.00811	0.02957	0.04146	0.15051	0.13146	0.07777	0.09697	0.06119	0.08962	0.01157	0.04626	0.08659	0.07942	0.06751	0.00493	0.00135	0.00414	0.00462	0.00247	0.00447
1	0.00678	0.00696	0.10740	0.00589	0.00758	0.06446	0.00512	0.05330	0.00923	0.05294	0.23598	0.14203	0.22186	0.00862	0.05379	0.00148	0.00328	0.00619	0.00323	0.00388
2	0.16486	0.00837	0.06246	0.06472	0.09266	0.07347	0.04482	0.05138	0.03654	0.07188	0.01063	0.01265	0.07874	0.04662	0.00411	0.00119	0.00376	0.03083	0.01319	0.12711
3	0.00895	0.00766	0.01018	0.10777	0.24384	0.06678	0.00751	0.04095	0.04707	0.07935	0.00967	0.04716	0.03327	0.00641	0.07778	0.00150	0.04487	0.01979	0.00238	0.13711
4	0.05325	0.00802	0.00823	0.00706	0.00895	0.14188	0.04572	0.13292	0.07207	0.12259	0.15016	0.04144	0.08982	0.00725	0.06379	0.00149	0.00404	0.03352	0.00325	0.00457
5	0.06077	0.06192	0.08860	0.10915	0.13543	0.12284	0.02443	0.18584	0.01013	0.03448	0.04807	0.00940	0.00693	0.00482	0.03281	0.00126	0.03816	0.00315	0.00237	0.01942
6	0.01191	0.05967	0.01167	0.05522	0.01211	0.01038	0.06595	0.55343	0.04812	0.01895	0.00851	0.00915	0.00632	0.00518	0.04318	0.00129	0.00437	0.00328	0.00313	0.06816
7	0.00451	0.00327	0.00420	0.00492	0.00522	0.00303	0.00328	0.00514	0.00706	0.00930	0.02136	0.74027	0.10219	0.06084	0.00546	0.00159	0.00219	0.00989	0.00334	0.00295
8	0.00668	0.00700	0.06880	0.00801	0.00854	0.00799	0.00675	0.00774	0.00620	0.00915	0.00982	0.24850	0.01073	0.01004	0.10578	0.00203	0.46506	0.00527	0.00215	0.00375
9	0.00858	0.00909	0.08974	0.00824	0.07034	0.06617	0.05162	0.05111	0.05699	0.01246	0.00715	0.00820	0.00573	0.00314	0.00309	0.00078	0.00364	0.00261	0.00222	0.53909

[dist]
# distance from previous block
# <min> <max>
0	1

[block]
# block no. 7 follows, 75 sequences, length 10
# corresponding to MSA columns:
# 374-383
name=unknown_H
#
# <colnr> <probs for GDERKNQSTAVLIFYWHMCP>
#	G	D	E	R	K	N	Q	S	T	A	V	L	I	F	Y	W	H	M	C	P
0	0.01342	0.00563	0.00763	0.00630	0.00861	0.00496	0.00522	0.01488	0.01009	0.61719	0.08097	0.01920	0.04895	0.00586	0.00399	0.00123	0.00300	0.13316	0.00427	0.00545
1	0.00499	0.00364	0.00468	0.00522	0.00571	0.00348	0.00367	0.02782	0.02785	0.01063	0.11852	0.64135	0.06410	0.01051	0.00460	0.00143	0.00221	0.05286	0.00350	0.00322
2	0.04458	0.16015	0.07759	0.04774	0.11227	0.03398	0.03545	0.05067	0.02968	0.15055	0.00803	0.00948	0.00633	0.02419	0.05276	0.00146	0.13401	0.00313	0.01301	0.00494
3	0.00608	0.00319	0.00470	0.00484	0.00487	0.00316	0.00322	0.00484	0.00514	0.00685	0.00856	0.14617	0.00920	0.01256	0.01283	0.75274	0.00302	0.00433	0.00188	0.00181
4	0.00519	0.00410	0.00590	0.00777	0.13800	0.00389	0.00461	0.00609	0.00732	0.00982	0.01919	0.68156	0.07234	0.01007	0.00450	0.00141	0.00247	0.00915	0.00316	0.00344
5	0.00892	0.00739	0.00943	0.10904	0.11526	0.05476	0.03878	0.14496	0.10609	0.05663	0.17661	0.07675	0.03247	0.00609	0.02810	0.00131	0.01490	0.00470	0.00306	0.00476
6	0.07132	0.09578	0.12296	0.10337	0.33453	0.06092	0.05861	0.01177	0.01944	0.03092	0.00778	0.02685	0.00655	0.00413	0.00385	0.00123	0.01744	0.01501	0.00213	0.00540
7	0.01032	0.69866	0.05660	0.00698	0.01003	0.14678	0.00675	0.01160	0.00794	0.00883	0.00527	0.00609	0.00471	0.00326	0.00256	0.00083	0.00442	0.00206	0.00162	0.00467
8	0.00718	0.00906	0.16724	0.03852	0.14213	0.07681	0.03465	0.00932	0.03499	0.01062	0.01261	0.30113	0.03136	0.00668	0.00427	0.00126	0.03118	0.03750	0.00247	0.04103
9	0.08833	0.05207	0.13821	0.02322	0.07722	0.06308	0.06164	0.06835	0.04481	0.02125	0.03677	0.16936	0.03332	0.01801	0.04390	0.00147	0.03581	0.01623	0.00249	0.00445

[dist]
# distance from previous block
# <min> <max>
0	808

# created by:
# /st0/software/busco_prod/Augustus/scripts/msa2prfl.pl ./align_prep/21615.fa
