[name]
unknown

[dist]
# distance from previous block
# <min> <max>
0	216

[block]
# block no. 0 follows, 62 sequences, length 22
# corresponding to MSA columns:
# 225-246
name=unknown_A
#
# <colnr> <probs for GDERKNQSTAVLIFYWHMCP>
#	G	D	E	R	K	N	Q	S	T	A	V	L	I	F	Y	W	H	M	C	P
0	0.00681	0.00532	0.00599	0.00622	0.00731	0.04943	0.00483	0.00826	0.01014	0.04027	0.20350	0.19936	0.21792	0.01054	0.00523	0.00158	0.00298	0.20631	0.00405	0.00394
1	0.00922	0.00869	0.01388	0.11012	0.44973	0.03609	0.03722	0.01138	0.00879	0.01221	0.00890	0.01283	0.00787	0.05936	0.17758	0.00262	0.02173	0.00410	0.00215	0.00553
2	0.00538	0.00402	0.00486	0.00525	0.00594	0.00365	0.00363	0.00636	0.00906	0.01185	0.16511	0.40260	0.25086	0.09298	0.00682	0.00181	0.00246	0.00990	0.00394	0.00350
3	0.00563	0.00444	0.00510	0.00514	0.00627	0.00406	0.00381	0.00729	0.03877	0.01284	0.22457	0.13829	0.41726	0.04332	0.03621	0.00177	0.00268	0.03474	0.00403	0.00377
4	0.01196	0.00712	0.00843	0.00694	0.00917	0.00705	0.00551	0.23175	0.01367	0.21733	0.26056	0.02210	0.10805	0.04680	0.00537	0.00145	0.00326	0.00579	0.02210	0.00558
5	0.00550	0.00437	0.00489	0.00509	0.00612	0.00396	0.00364	0.00704	0.04744	0.01201	0.11413	0.26083	0.44212	0.05582	0.00599	0.00165	0.00239	0.00936	0.00397	0.00369
6	0.00882	0.00756	0.00882	0.00630	0.01008	0.00567	0.00504	0.01071	0.00882	0.01387	0.00756	0.00882	0.00630	0.00315	0.00315	0.00063	0.00315	0.00252	0.00252	0.87647
7	0.00521	0.00411	0.00470	0.00499	0.00597	0.00360	0.00358	0.00630	0.00949	0.01202	0.13898	0.31049	0.45278	0.01136	0.00516	0.00152	0.00224	0.00986	0.00405	0.00360
8	0.01170	0.01077	0.01041	0.02650	0.01192	0.11280	0.00724	0.09862	0.59561	0.01738	0.01471	0.01400	0.01110	0.00556	0.00457	0.00140	0.03095	0.00440	0.00393	0.00645
9	0.01200	0.02653	0.04166	0.06034	0.08012	0.15660	0.00831	0.06583	0.40342	0.05398	0.01268	0.01268	0.00960	0.00516	0.00449	0.00135	0.03150	0.00407	0.00344	0.00624
10	0.01088	0.04590	0.08375	0.12087	0.24728	0.06279	0.05896	0.11770	0.06577	0.01453	0.00852	0.01057	0.00680	0.00531	0.02589	0.00150	0.10077	0.00377	0.00246	0.00597
11	0.01015	0.02586	0.05799	0.20511	0.35103	0.03333	0.11382	0.06820	0.01017	0.01383	0.02050	0.01208	0.00741	0.00439	0.00455	0.00135	0.02277	0.02926	0.00229	0.00592
12	0.01347	0.01013	0.01052	0.05161	0.01204	0.07921	0.00702	0.42267	0.04493	0.09046	0.05225	0.04737	0.06130	0.03712	0.00495	0.00140	0.00434	0.00474	0.03842	0.00606
13	0.00608	0.00432	0.00561	0.00569	0.00612	0.00455	0.00395	0.00689	0.00703	0.00964	0.04542	0.06774	0.04065	0.40428	0.32143	0.00472	0.00660	0.04332	0.00272	0.00323
14	0.00543	0.00414	0.00480	0.00498	0.00584	0.00372	0.00350	0.00648	0.00936	0.01210	0.19998	0.24142	0.35169	0.11843	0.00726	0.00183	0.00246	0.00914	0.00393	0.00352
15	0.00648	0.00519	0.00773	0.00729	0.00807	0.00602	0.03497	0.00784	0.00701	0.00997	0.01261	0.01822	0.05261	0.10965	0.60350	0.00563	0.08614	0.00489	0.00235	0.00382
16	0.00744	0.00490	0.00593	0.00571	0.00647	0.00550	0.00429	0.00941	0.04962	0.01270	0.01259	0.01739	0.01119	0.14599	0.22191	0.00310	0.08090	0.00449	0.38656	0.00391
17	0.01061	0.01112	0.01505	0.03266	0.37588	0.15612	0.11472	0.02702	0.01022	0.01310	0.04932	0.04424	0.06821	0.00518	0.00489	0.00132	0.04756	0.00463	0.00247	0.00567
18	0.00900	0.00891	0.01440	0.08647	0.01441	0.01108	0.16706	0.02677	0.00769	0.01120	0.00739	0.01141	0.00671	0.03716	0.10610	0.00238	0.46089	0.00417	0.00204	0.00476
19	0.01203	0.06731	0.02481	0.09421	0.07361	0.12345	0.02815	0.10502	0.29257	0.06442	0.01185	0.01275	0.00914	0.01679	0.00473	0.00138	0.03361	0.01478	0.00330	0.00609
20	0.01181	0.15640	0.07324	0.02001	0.07878	0.07873	0.04903	0.11459	0.01099	0.09754	0.03943	0.03627	0.00853	0.00462	0.00416	0.00113	0.03280	0.00367	0.00286	0.17541
21	0.03800	0.12108	0.17140	0.03125	0.04062	0.03473	0.10904	0.18631	0.02961	0.06494	0.04842	0.03748	0.02610	0.00506	0.00451	0.00131	0.03706	0.00416	0.00294	0.00596

[dist]
# distance from previous block
# <min> <max>
1	39

[block]
# block no. 1 follows, 62 sequences, length 66
# corresponding to MSA columns:
# 288-353
name=unknown_B
#
# <colnr> <probs for GDERKNQSTAVLIFYWHMCP>
#	G	D	E	R	K	N	Q	S	T	A	V	L	I	F	Y	W	H	M	C	P
0	0.06665	0.01099	0.02242	0.06385	0.06952	0.09147	0.00785	0.35970	0.01393	0.03116	0.00935	0.04687	0.00752	0.00488	0.00417	0.00119	0.02208	0.00376	0.00326	0.15939
1	0.06731	0.00841	0.01236	0.13064	0.24835	0.03599	0.06767	0.04873	0.02225	0.06874	0.02800	0.12406	0.02158	0.02657	0.00520	0.03327	0.00454	0.00507	0.00281	0.03846
2	0.00789	0.00579	0.00758	0.00852	0.12079	0.00541	0.00545	0.02453	0.04395	0.08205	0.11935	0.17184	0.24455	0.05700	0.01710	0.00163	0.00313	0.01618	0.00373	0.05353
3	0.00842	0.00741	0.05201	0.02840	0.07200	0.01536	0.02167	0.03790	0.09139	0.06209	0.18892	0.05736	0.18868	0.00780	0.02844	0.00145	0.00351	0.00603	0.00364	0.11753
4	0.02696	0.00848	0.01278	0.32379	0.26784	0.02232	0.01031	0.06513	0.03780	0.04825	0.01146	0.05167	0.04788	0.00520	0.00433	0.00137	0.00483	0.02846	0.00263	0.01850
5	0.02286	0.00478	0.00611	0.00624	0.00722	0.00483	0.00468	0.00884	0.05435	0.06540	0.05915	0.25038	0.11586	0.07664	0.20218	0.00302	0.00491	0.08292	0.01560	0.00402
6	0.00914	0.19217	0.57886	0.01056	0.01585	0.01100	0.01289	0.03952	0.00930	0.01306	0.00933	0.02858	0.04308	0.00451	0.00385	0.00127	0.00560	0.00345	0.00203	0.00596
7	0.03413	0.12939	0.09121	0.04066	0.10038	0.13742	0.07990	0.07319	0.18517	0.03487	0.02235	0.01138	0.01879	0.00467	0.00417	0.00127	0.01845	0.00379	0.00284	0.00596
8	0.00942	0.00855	0.01443	0.18474	0.52529	0.00897	0.01129	0.01145	0.00881	0.01232	0.00803	0.01132	0.00682	0.00673	0.05206	0.10291	0.00538	0.00382	0.00204	0.00561
9	0.00681	0.00465	0.00576	0.00585	0.00677	0.00441	0.00419	0.04415	0.02692	0.05625	0.20746	0.38711	0.12668	0.07171	0.00633	0.00173	0.00265	0.02248	0.00411	0.00399
10	0.02075	0.00736	0.04481	0.00686	0.00903	0.01751	0.00563	0.09208	0.14222	0.14498	0.20543	0.06949	0.20094	0.00772	0.00465	0.00139	0.00309	0.00649	0.00428	0.00529
11	0.14883	0.09171	0.05598	0.08928	0.05555	0.12217	0.13636	0.05707	0.06397	0.08597	0.04685	0.01105	0.00823	0.00447	0.00395	0.00128	0.00515	0.00373	0.00281	0.00561
12	0.00910	0.00802	0.01326	0.07357	0.51647	0.00807	0.01014	0.01094	0.00913	0.02409	0.03861	0.15550	0.02157	0.00661	0.00546	0.07160	0.00438	0.00541	0.00254	0.00553
13	0.05243	0.00686	0.00865	0.00703	0.00954	0.00641	0.00558	0.07505	0.03270	0.49638	0.10294	0.05487	0.01457	0.08432	0.00593	0.00159	0.00347	0.00507	0.02052	0.00610
14	0.04591	0.00998	0.04252	0.02741	0.02329	0.08517	0.02212	0.16176	0.11647	0.25557	0.02617	0.05481	0.04458	0.00597	0.00471	0.00137	0.03829	0.02375	0.00397	0.00617
15	0.01120	0.01116	0.04866	0.07817	0.36551	0.08770	0.07395	0.10961	0.06229	0.02966	0.01062	0.01268	0.04045	0.00515	0.02036	0.00142	0.00537	0.01723	0.00266	0.00616
16	0.16366	0.00598	0.00679	0.00639	0.00802	0.00612	0.01974	0.01133	0.11051	0.09523	0.11234	0.16811	0.13556	0.04747	0.03352	0.00178	0.00330	0.05576	0.00382	0.00458
17	0.00739	0.00370	0.00554	0.00554	0.00554	0.00370	0.00370	0.00554	0.00554	0.00739	0.00739	0.01293	0.00739	0.01478	0.01663	0.87620	0.00370	0.00370	0.00185	0.00185
18	0.03807	0.03365	0.02381	0.06636	0.11388	0.20028	0.06897	0.09968	0.10063	0.06848	0.02101	0.06780	0.02478	0.00585	0.01511	0.00140	0.01575	0.02578	0.00304	0.00565
19	0.08035	0.01166	0.01540	0.04517	0.54859	0.14491	0.03024	0.04864	0.01031	0.01421	0.00770	0.00981	0.00635	0.00397	0.00405	0.00125	0.00540	0.00353	0.00225	0.00621
20	0.00575	0.00397	0.00519	0.00587	0.00624	0.00379	0.00409	0.00638	0.00806	0.01065	0.04196	0.48738	0.06983	0.12770	0.00866	0.07857	0.00297	0.11606	0.00359	0.00328
21	0.01011	0.01454	0.34868	0.01354	0.17155	0.03824	0.04591	0.07124	0.06036	0.05507	0.04852	0.06424	0.00976	0.00506	0.00427	0.00134	0.00517	0.00434	0.02196	0.00611
22	0.02654	0.07865	0.05387	0.04507	0.18232	0.15211	0.05134	0.11377	0.15575	0.07186	0.01032	0.02222	0.00800	0.00465	0.00409	0.00127	0.00515	0.00383	0.00299	0.00619
23	0.01618	0.01192	0.01277	0.00979	0.01320	0.01320	0.00809	0.80973	0.02001	0.02682	0.01022	0.01022	0.00724	0.00511	0.00426	0.00128	0.00468	0.00383	0.00426	0.00724
24	0.00996	0.17329	0.14134	0.03790	0.17318	0.01023	0.05216	0.03549	0.05568	0.01356	0.00804	0.00946	0.00648	0.00377	0.00365	0.00105	0.00463	0.00316	0.00231	0.25466
25	0.02089	0.01036	0.01196	0.11144	0.22403	0.17551	0.03178	0.03479	0.07665	0.05277	0.05521	0.12838	0.03602	0.00602	0.00440	0.00134	0.00488	0.00521	0.00295	0.00543
26	0.03284	0.00989	0.04158	0.09238	0.19125	0.01953	0.02104	0.26850	0.04742	0.07948	0.04591	0.01315	0.02621	0.00540	0.00475	0.03679	0.00454	0.01841	0.00330	0.03762
27	0.00623	0.00461	0.00554	0.00541	0.00647	0.00443	0.00402	0.03391	0.02590	0.01224	0.16926	0.05751	0.34424	0.04931	0.12437	0.11528	0.00387	0.02025	0.00353	0.00362
28	0.01463	0.01684	0.01250	0.01213	0.09467	0.57259	0.03106	0.06115	0.06159	0.04187	0.00924	0.01008	0.03376	0.00467	0.00402	0.00117	0.00663	0.00336	0.00260	0.00542
29	0.00884	0.00848	0.01480	0.09744	0.34287	0.00842	0.16459	0.01157	0.02691	0.01406	0.17233	0.01769	0.08239	0.00540	0.00460	0.00135	0.00464	0.00526	0.00281	0.00554
30	0.00996	0.00933	0.03435	0.08861	0.49249	0.02064	0.04326	0.02818	0.03032	0.04037	0.00948	0.03126	0.00816	0.04553	0.08783	0.00199	0.00569	0.00423	0.00237	0.00596
31	0.00591	0.00473	0.00515	0.00509	0.00638	0.00439	0.00377	0.00823	0.09186	0.01311	0.17246	0.11420	0.47806	0.03186	0.00536	0.00150	0.00233	0.00839	0.03325	0.00396
32	0.00675	0.00487	0.00611	0.00576	0.00694	0.00472	0.00440	0.00971	0.09005	0.02906	0.65686	0.03031	0.04641	0.00840	0.00491	0.00137	0.00225	0.04303	0.03376	0.00432
33	0.08876	0.03688	0.03167	0.09985	0.26161	0.05062	0.04976	0.13400	0.02220	0.11397	0.00970	0.03357	0.00769	0.02470	0.00464	0.00137	0.01605	0.00397	0.00292	0.00607
34	0.02358	0.00571	0.00671	0.00686	0.02529	0.04279	0.00486	0.05817	0.03578	0.03442	0.01623	0.20542	0.07122	0.08810	0.06193	0.23094	0.00411	0.07115	0.00309	0.00364
35	0.06706	0.00497	0.00571	0.00540	0.00687	0.00462	0.00419	0.00897	0.02982	0.07423	0.34967	0.03286	0.31849	0.00901	0.00485	0.00142	0.00243	0.06098	0.00426	0.00420
36	0.01264	0.03320	0.06841	0.04332	0.15529	0.39177	0.08864	0.02400	0.05541	0.01213	0.00802	0.02153	0.00663	0.00489	0.01579	0.00133	0.04569	0.00353	0.00228	0.00550
37	0.01013	0.00893	0.02594	0.14016	0.31543	0.02876	0.05066	0.09609	0.02015	0.04749	0.09266	0.05280	0.01162	0.03507	0.02873	0.01725	0.00491	0.00474	0.00282	0.00566
38	0.00674	0.00442	0.00596	0.00629	0.00694	0.00420	0.02206	0.00782	0.02394	0.07363	0.02098	0.54524	0.03559	0.14130	0.02161	0.00215	0.00317	0.06043	0.00378	0.00376
39	0.00527	0.00382	0.00500	0.00591	0.00629	0.00355	0.00406	0.00610	0.00836	0.01102	0.02495	0.73885	0.09063	0.01304	0.00542	0.00172	0.00253	0.05605	0.00395	0.00349
40	0.01248	0.43619	0.10627	0.02194	0.01248	0.16536	0.00840	0.06752	0.01030	0.06698	0.02105	0.00865	0.00658	0.00461	0.01533	0.00116	0.02387	0.00288	0.00234	0.00562
41	0.01082	0.01122	0.03134	0.17804	0.24376	0.11435	0.13353	0.04326	0.16295	0.01401	0.00967	0.01145	0.00750	0.00435	0.00432	0.00134	0.00552	0.00403	0.00257	0.00597
42	0.00622	0.00505	0.00541	0.00520	0.00671	0.00472	0.00393	0.00904	0.12759	0.02563	0.16567	0.05221	0.54779	0.00968	0.00492	0.00143	0.00234	0.00816	0.00415	0.00417
43	0.01057	0.00848	0.00951	0.00703	0.01060	0.03445	0.00565	0.09634	0.01954	0.07096	0.00852	0.00941	0.00673	0.00365	0.00358	0.00079	0.01880	0.00284	0.00289	0.66966
44	0.00686	0.00401	0.00592	0.00592	0.00622	0.00425	0.00420	0.00626	0.00610	0.00836	0.00982	0.01530	0.02993	0.04067	0.29131	0.53979	0.00626	0.00418	0.00207	0.00257
45	0.01051	0.17249	0.16995	0.02043	0.02403	0.09171	0.05847	0.08367	0.13855	0.01409	0.01192	0.04057	0.03270	0.00600	0.01961	0.00141	0.00511	0.07342	0.00282	0.02252
46	0.00853	0.02201	0.82841	0.01213	0.01842	0.00988	0.01572	0.01348	0.00898	0.01348	0.00764	0.00898	0.00539	0.00404	0.00404	0.00135	0.00629	0.00314	0.00180	0.00629
47	0.06740	0.09420	0.03227	0.07328	0.03427	0.21803	0.06204	0.08557	0.08602	0.02901	0.00966	0.01122	0.03419	0.00636	0.02098	0.09811	0.02607	0.00363	0.00261	0.00509
48	0.03347	0.00886	0.00945	0.00766	0.01013	0.00964	0.00618	0.47332	0.03649	0.03283	0.04862	0.03336	0.01048	0.01497	0.00412	0.00125	0.00367	0.00427	0.24526	0.00596
49	0.00531	0.00378	0.00500	0.00585	0.00610	0.00360	0.00389	0.00602	0.00792	0.01059	0.02202	0.73803	0.02624	0.08751	0.04456	0.00217	0.00302	0.01124	0.00375	0.00339
50	0.01062	0.00910	0.01299	0.31082	0.22042	0.08326	0.03804	0.01319	0.03416	0.11192	0.01082	0.07283	0.00918	0.00527	0.00439	0.00138	0.00513	0.03823	0.00270	0.00553
51	0.05008	0.01119	0.01185	0.00938	0.01255	0.01250	0.00766	0.61362	0.18515	0.02463	0.01152	0.01126	0.00833	0.00520	0.00421	0.00131	0.00435	0.00397	0.00421	0.00703
52	0.00553	0.00425	0.00463	0.00460	0.00553	0.00381	0.00318	0.00643	0.00901	0.01140	0.15505	0.05228	0.44868	0.25577	0.00989	0.00221	0.00271	0.00803	0.00366	0.00336
53	0.00916	0.00776	0.00900	0.00646	0.01023	0.00601	0.00518	0.04701	0.00933	0.01445	0.00768	0.00889	0.00634	0.00324	0.00320	0.00066	0.00322	0.00258	0.00260	0.83699
54	0.13377	0.04906	0.01176	0.07320	0.01315	0.04587	0.00753	0.49223	0.02379	0.05473	0.00956	0.01062	0.00717	0.04329	0.00474	0.00140	0.00460	0.00364	0.00362	0.00629
55	0.00889	0.01520	0.39324	0.07635	0.11864	0.00947	0.19141	0.01268	0.00925	0.01324	0.00903	0.04911	0.00743	0.00453	0.00438	0.00137	0.00592	0.02653	0.00211	0.04121
56	0.04012	0.03573	0.05274	0.07782	0.10290	0.24005	0.06211	0.23659	0.01309	0.05137	0.00845	0.00959	0.00641	0.00440	0.00404	0.00122	0.00572	0.00344	0.00286	0.04134
57	0.00894	0.00643	0.00823	0.04039	0.04051	0.02171	0.00593	0.06315	0.10077	0.08909	0.08437	0.09387	0.01475	0.10657	0.25439	0.01302	0.03436	0.00553	0.00328	0.00471
58	0.04155	0.00485	0.00554	0.00572	0.00698	0.00458	0.00448	0.04356	0.00992	0.01294	0.07389	0.16417	0.40004	0.01112	0.01998	0.00167	0.00290	0.17831	0.00391	0.00387
59	0.00647	0.00474	0.00592	0.00637	0.02493	0.00454	0.00455	0.00815	0.05042	0.04938	0.09725	0.38618	0.23974	0.01101	0.00542	0.00159	0.02641	0.05892	0.00399	0.00402
60	0.00935	0.04709	0.01510	0.36599	0.42033	0.00990	0.01185	0.01185	0.00900	0.01222	0.00794	0.01141	0.00659	0.03833	0.00487	0.00143	0.00525	0.00382	0.00202	0.00567
61	0.02716	0.01166	0.24425	0.35259	0.07527	0.00903	0.02177	0.01254	0.05688	0.04560	0.01046	0.01276	0.04375	0.02093	0.02088	0.00153	0.00541	0.00397	0.01811	0.00542
62	0.00707	0.00581	0.00657	0.04438	0.03123	0.04257	0.00490	0.04102	0.04300	0.02821	0.20455	0.18691	0.27650	0.03220	0.00539	0.00153	0.00295	0.02712	0.00390	0.00418
63	0.01133	0.03702	0.09293	0.09567	0.19722	0.22227	0.08549	0.04959	0.01046	0.02543	0.01996	0.02828	0.02446	0.00510	0.00479	0.02062	0.02808	0.03342	0.00238	0.00550
64	0.04413	0.08853	0.30611	0.01125	0.07512	0.06813	0.04957	0.06259	0.03932	0.02530	0.03663	0.05963	0.00906	0.00540	0.01520	0.00136	0.02147	0.02311	0.00252	0.05557
65	0.04056	0.08386	0.16065	0.04155	0.09029	0.15255	0.06608	0.08114	0.08078	0.01424	0.05099	0.03438	0.02867	0.00566	0.02065	0.00141	0.01750	0.02074	0.00269	0.00562

[dist]
# distance from previous block
# <min> <max>
8	90

[block]
# block no. 2 follows, 62 sequences, length 14
# corresponding to MSA columns:
# 446-459
name=unknown_C
#
# <colnr> <probs for GDERKNQSTAVLIFYWHMCP>
#	G	D	E	R	K	N	Q	S	T	A	V	L	I	F	Y	W	H	M	C	P
0	0.01147	0.11741	0.09008	0.01106	0.07842	0.07640	0.08099	0.15406	0.08880	0.03893	0.04690	0.02710	0.01991	0.00492	0.00456	0.00123	0.04967	0.00396	0.00294	0.09117
1	0.06113	0.02566	0.02751	0.02908	0.13040	0.07962	0.04638	0.13191	0.06420	0.12865	0.04232	0.07916	0.02251	0.00562	0.00479	0.00132	0.05492	0.00459	0.00332	0.05692
2	0.00974	0.12091	0.07577	0.00862	0.05341	0.05404	0.00697	0.12027	0.03131	0.04427	0.08481	0.21121	0.03371	0.00737	0.00437	0.00134	0.00391	0.05063	0.02227	0.05508
3	0.03249	0.11457	0.08039	0.04552	0.08263	0.05533	0.19088	0.04996	0.04832	0.08077	0.02635	0.02365	0.08419	0.00508	0.00466	0.00131	0.04171	0.00445	0.00277	0.02496
4	0.03969	0.00560	0.00628	0.00608	0.00757	0.02742	0.00456	0.00987	0.06949	0.09627	0.08133	0.29409	0.22310	0.00963	0.00482	0.00147	0.00282	0.04300	0.00397	0.06295
5	0.00979	0.01113	0.13504	0.11119	0.34887	0.00963	0.11845	0.03001	0.02500	0.03703	0.04369	0.04757	0.00892	0.00473	0.00480	0.00137	0.03999	0.00441	0.00240	0.00599
6	0.00920	0.00790	0.01010	0.04246	0.09350	0.00670	0.02007	0.05918	0.00965	0.01437	0.00956	0.02513	0.02965	0.00407	0.00359	0.00087	0.00360	0.03218	0.00267	0.61557
7	0.00536	0.00422	0.00477	0.00491	0.00597	0.00371	0.00358	0.00651	0.00967	0.01226	0.17991	0.17999	0.47151	0.05660	0.00603	0.00163	0.00234	0.03341	0.00401	0.00360
8	0.00987	0.05560	0.04714	0.00990	0.09959	0.07087	0.00740	0.04685	0.02118	0.01355	0.03141	0.02611	0.00786	0.00491	0.01570	0.00113	0.12466	0.00337	0.03496	0.36796
9	0.00660	0.00474	0.00587	0.00594	0.00691	0.00456	0.00436	0.05612	0.02670	0.03121	0.25099	0.34144	0.13623	0.03372	0.02851	0.00175	0.00283	0.04340	0.00413	0.00402
10	0.00651	0.00561	0.05636	0.00681	0.00793	0.00534	0.00557	0.00811	0.00749	0.03114	0.06380	0.04074	0.03449	0.09501	0.59872	0.00551	0.00921	0.00512	0.00259	0.00393
11	0.00695	0.00555	0.00757	0.00714	0.00787	0.00657	0.00553	0.04268	0.00754	0.01062	0.01358	0.01888	0.08455	0.12734	0.49098	0.00498	0.14027	0.00500	0.00249	0.00391
12	0.00951	0.00776	0.00902	0.00659	0.01025	0.00619	0.00527	0.03291	0.05820	0.04508	0.00857	0.00950	0.00689	0.00344	0.00329	0.00072	0.00322	0.00276	0.00278	0.76804
13	0.03892	0.04747	0.07293	0.13276	0.15967	0.06096	0.05030	0.15471	0.03304	0.14336	0.00999	0.02619	0.00750	0.00457	0.00411	0.00128	0.00497	0.00384	0.00305	0.04037

[dist]
# distance from previous block
# <min> <max>
0	6

[block]
# block no. 3 follows, 62 sequences, length 74
# corresponding to MSA columns:
# 466-539
name=unknown_D
#
# <colnr> <probs for GDERKNQSTAVLIFYWHMCP>
#	G	D	E	R	K	N	Q	S	T	A	V	L	I	F	Y	W	H	M	C	P
0	0.02760	0.06628	0.02408	0.01091	0.07128	0.22923	0.00827	0.32753	0.12975	0.01835	0.00960	0.01006	0.00733	0.00482	0.00423	0.00123	0.02399	0.00353	0.00328	0.01865
1	0.01040	0.05601	0.14977	0.03515	0.08144	0.02734	0.06989	0.10934	0.03270	0.04326	0.00965	0.01280	0.00800	0.01948	0.00428	0.00119	0.00467	0.05918	0.00273	0.26271
2	0.07011	0.09848	0.10306	0.03193	0.02424	0.05825	0.06823	0.13787	0.12407	0.08982	0.02322	0.01192	0.01894	0.02436	0.02190	0.00148	0.05594	0.00386	0.01266	0.01966
3	0.02403	0.09401	0.09311	0.03366	0.04073	0.02063	0.19194	0.06914	0.09656	0.07931	0.09135	0.09719	0.02217	0.00622	0.01958	0.00146	0.00484	0.00526	0.00316	0.00561
4	0.00684	0.00486	0.00581	0.00566	0.00685	0.00461	0.00427	0.03010	0.01971	0.06434	0.20469	0.19985	0.32729	0.01003	0.00538	0.00148	0.03733	0.03127	0.02553	0.00409
5	0.02726	0.00729	0.02143	0.10800	0.07121	0.03910	0.00671	0.09354	0.04798	0.03932	0.08035	0.25465	0.07533	0.05859	0.00619	0.00164	0.04633	0.00697	0.00340	0.00471
6	0.02010	0.13337	0.09669	0.03525	0.16353	0.12765	0.10679	0.11299	0.02142	0.06905	0.01059	0.01204	0.05044	0.00465	0.00410	0.00125	0.00540	0.01607	0.00269	0.00594
7	0.01041	0.01336	0.14084	0.05950	0.07986	0.09981	0.40995	0.04645	0.01028	0.01349	0.00951	0.01168	0.03914	0.00427	0.00489	0.00138	0.03285	0.00440	0.00224	0.00570
8	0.00705	0.00491	0.00608	0.00670	0.00731	0.00450	0.00466	0.00763	0.00921	0.03394	0.04482	0.55310	0.09454	0.09572	0.00747	0.00214	0.00320	0.09864	0.00422	0.00416
9	0.05177	0.00938	0.06174	0.08900	0.19379	0.06861	0.05432	0.01171	0.05508	0.01307	0.08591	0.04246	0.04687	0.00937	0.12169	0.00216	0.06023	0.01506	0.00264	0.00515
10	0.02916	0.11647	0.09770	0.12612	0.10813	0.03326	0.14429	0.11810	0.02969	0.04400	0.00904	0.03791	0.00733	0.01829	0.00450	0.00132	0.01509	0.00397	0.00257	0.05306
11	0.00699	0.00634	0.06198	0.00663	0.00757	0.03640	0.00510	0.04092	0.00857	0.02616	0.03510	0.40040	0.03835	0.21051	0.02864	0.00234	0.02672	0.04412	0.00337	0.00380
12	0.02284	0.00727	0.03660	0.08694	0.06512	0.00697	0.00685	0.09428	0.01038	0.25140	0.03890	0.05961	0.03955	0.05480	0.07573	0.09171	0.01763	0.00483	0.02333	0.00527
13	0.00941	0.15488	0.16581	0.05779	0.08848	0.05172	0.09419	0.01339	0.12597	0.01325	0.06917	0.06051	0.05945	0.00550	0.00420	0.00131	0.00481	0.01189	0.00273	0.00554
14	0.01108	0.10942	0.11241	0.05476	0.09770	0.12817	0.07861	0.09568	0.02120	0.04855	0.04321	0.04525	0.02732	0.01907	0.01403	0.00143	0.04107	0.04277	0.00273	0.00553
15	0.51952	0.00988	0.00907	0.00771	0.01033	0.10070	0.06620	0.08496	0.05307	0.03450	0.00843	0.05194	0.00702	0.01612	0.00362	0.00136	0.00417	0.00343	0.00291	0.00505
16	0.05066	0.04298	0.04727	0.02069	0.10046	0.03022	0.06520	0.03818	0.05976	0.04650	0.03015	0.19199	0.10638	0.01048	0.10500	0.00209	0.03768	0.00628	0.00311	0.00491
17	0.03897	0.02831	0.09283	0.03824	0.28551	0.03586	0.14186	0.08175	0.01071	0.11221	0.01022	0.02510	0.02736	0.00445	0.00436	0.00130	0.01477	0.00410	0.00274	0.03934
18	0.00774	0.00672	0.00931	0.06017	0.08380	0.03773	0.02900	0.01052	0.09269	0.01162	0.02394	0.05693	0.01212	0.03624	0.38974	0.00405	0.05161	0.06885	0.00268	0.00454
19	0.00898	0.00904	0.02440	0.01059	0.01080	0.02358	0.00883	0.01002	0.00666	0.01021	0.00641	0.01044	0.00632	0.02594	0.10297	0.00243	0.71207	0.00384	0.00192	0.00455
20	0.00893	0.00779	0.01216	0.13389	0.37232	0.00815	0.00941	0.04154	0.05214	0.01289	0.01186	0.13354	0.01163	0.08226	0.00659	0.04008	0.00447	0.04241	0.00265	0.00528
21	0.01029	0.01000	0.01621	0.16147	0.65019	0.03684	0.01258	0.01299	0.02387	0.01335	0.00805	0.01067	0.00663	0.00392	0.00421	0.00129	0.00521	0.00377	0.00211	0.00634
22	0.06563	0.00815	0.05451	0.04117	0.05689	0.04842	0.13725	0.01000	0.00793	0.01142	0.00974	0.02569	0.00887	0.03603	0.32278	0.08315	0.03979	0.02596	0.00225	0.00438
23	0.01016	0.00600	0.00740	0.00698	0.00870	0.00589	0.00554	0.05030	0.11529	0.20424	0.02184	0.16578	0.11216	0.04411	0.00562	0.00167	0.00331	0.18833	0.03165	0.00505
24	0.00622	0.00409	0.00512	0.00533	0.00602	0.00380	0.00371	0.00673	0.00838	0.03728	0.09256	0.29175	0.22434	0.08178	0.03457	0.14977	0.00300	0.00834	0.02386	0.00334
25	0.00675	0.00518	0.00768	0.03258	0.08939	0.00523	0.02922	0.00819	0.03047	0.02186	0.06866	0.29209	0.08344	0.01499	0.17904	0.08564	0.00496	0.02746	0.00318	0.00400
26	0.01033	0.02868	0.03098	0.00619	0.00807	0.03780	0.00507	0.19557	0.05170	0.01794	0.01250	0.01385	0.00966	0.00554	0.02142	0.00122	0.00328	0.00388	0.53135	0.00500
27	0.05885	0.00517	0.00642	0.00624	0.00768	0.00479	0.00469	0.02494	0.00972	0.21799	0.03613	0.39417	0.14453	0.01006	0.00491	0.00155	0.00287	0.05046	0.00422	0.00460
28	0.03026	0.00451	0.00535	0.00558	0.00655	0.00420	0.00400	0.03751	0.00963	0.04021	0.12510	0.43283	0.25620	0.01119	0.00510	0.00155	0.00247	0.00981	0.00406	0.00387
29	0.52464	0.00707	0.00659	0.00598	0.00816	0.00768	0.00471	0.02836	0.00853	0.12991	0.04469	0.16481	0.01156	0.02586	0.00396	0.00146	0.00318	0.00473	0.00336	0.00474
30	0.00705	0.00479	0.00562	0.00558	0.00680	0.00438	0.00408	0.05488	0.01003	0.08304	0.08107	0.33154	0.34542	0.02871	0.00542	0.00157	0.00258	0.00927	0.00410	0.00408
31	0.00885	0.00765	0.00917	0.00655	0.01034	0.00578	0.02219	0.01078	0.00885	0.01386	0.00759	0.00888	0.00631	0.00316	0.00319	0.00065	0.00324	0.00257	0.00251	0.85788
32	0.00532	0.00388	0.00481	0.00545	0.00589	0.00359	0.00363	0.00604	0.00823	0.01074	0.04405	0.57358	0.16307	0.13166	0.00766	0.00201	0.00264	0.01062	0.00377	0.00337
33	0.01135	0.00952	0.01006	0.00882	0.01136	0.01094	0.00692	0.13113	0.70645	0.01904	0.01634	0.01510	0.01220	0.00568	0.00432	0.00142	0.00355	0.00468	0.00432	0.00680
34	0.00530	0.00390	0.00476	0.00538	0.00585	0.00358	0.00359	0.00600	0.00820	0.01061	0.02626	0.55044	0.19958	0.13649	0.00774	0.00202	0.00265	0.01054	0.00375	0.00336
35	0.00882	0.00756	0.00882	0.00630	0.01008	0.00567	0.00504	0.01071	0.00882	0.01387	0.00756	0.00882	0.00630	0.00315	0.00315	0.00063	0.00315	0.00252	0.00252	0.87647
36	0.00551	0.00400	0.00480	0.00519	0.00568	0.00372	0.00343	0.00624	0.00829	0.01086	0.10113	0.38054	0.18535	0.24399	0.00980	0.00230	0.00282	0.00941	0.00364	0.00329
37	0.05008	0.00639	0.00815	0.00663	0.00915	0.00574	0.00534	0.03742	0.01182	0.48665	0.19162	0.02137	0.12771	0.00670	0.00447	0.00134	0.00309	0.00556	0.00482	0.00594
38	0.00518	0.00380	0.00487	0.00568	0.00612	0.00349	0.00385	0.00600	0.00845	0.01109	0.04408	0.71555	0.14051	0.01287	0.00537	0.00168	0.00241	0.01156	0.00397	0.00349
39	0.00556	0.00425	0.00510	0.00505	0.00611	0.00379	0.00373	0.00707	0.01069	0.01426	0.43834	0.14174	0.31880	0.01005	0.00508	0.00142	0.00212	0.00873	0.00433	0.00379
40	0.00882	0.00756	0.00882	0.00630	0.01008	0.00567	0.00504	0.01071	0.00882	0.01387	0.00756	0.00882	0.00630	0.00315	0.00315	0.00063	0.00315	0.00252	0.00252	0.87647
41	0.00551	0.00413	0.00510	0.00528	0.00615	0.00373	0.00380	0.00688	0.01021	0.01369	0.37206	0.29556	0.23095	0.01070	0.00515	0.00149	0.00219	0.00943	0.00427	0.00373
42	0.00587	0.00426	0.00530	0.00537	0.00631	0.00387	0.00394	0.00732	0.01038	0.02763	0.39558	0.21548	0.21499	0.03348	0.00560	0.00155	0.00231	0.04269	0.00427	0.00380
43	0.00882	0.00756	0.00882	0.00630	0.01008	0.00567	0.00504	0.01071	0.00882	0.01387	0.00756	0.00882	0.00630	0.00315	0.00315	0.00063	0.00315	0.00252	0.00252	0.87647
44	0.01589	0.02028	0.01206	0.01096	0.01315	0.83338	0.00822	0.01699	0.01206	0.01041	0.00658	0.00767	0.00548	0.00438	0.00384	0.00110	0.00767	0.00274	0.00219	0.00493
45	0.00563	0.00427	0.00516	0.00506	0.00611	0.00383	0.00373	0.00718	0.01080	0.01452	0.48220	0.11162	0.28560	0.02862	0.00543	0.00147	0.00215	0.00848	0.00434	0.00380
46	0.00882	0.00756	0.00882	0.00630	0.01008	0.00567	0.00504	0.01071	0.00882	0.01387	0.00756	0.00882	0.00630	0.00315	0.00315	0.00063	0.00315	0.00252	0.00252	0.87647
47	0.82580	0.00795	0.00615	0.00557	0.00807	0.00918	0.00455	0.01218	0.00731	0.01868	0.00682	0.04203	0.00572	0.00436	0.00276	0.00133	0.00323	0.00275	0.02102	0.00455
48	0.00607	0.00413	0.00462	0.00464	0.00476	0.00407	0.00266	0.00618	0.00652	0.00857	0.01605	0.04721	0.08132	0.76353	0.01994	0.00385	0.00393	0.00655	0.00272	0.00268
49	0.00613	0.00452	0.00678	0.00678	0.00751	0.00525	0.00525	0.00751	0.00678	0.00977	0.01123	0.01656	0.01050	0.03120	0.79966	0.04295	0.01108	0.00452	0.00226	0.00372
50	0.00524	0.00380	0.00496	0.00584	0.00621	0.00352	0.00397	0.00608	0.00843	0.01116	0.05085	0.74193	0.08656	0.01295	0.00540	0.00170	0.00247	0.03146	0.00397	0.00350
51	0.01200	0.00605	0.00764	0.00685	0.00877	0.00579	0.00532	0.03418	0.10787	0.33581	0.03449	0.25618	0.01702	0.00795	0.00455	0.00144	0.00309	0.03947	0.09999	0.00553
52	0.00609	0.00451	0.00661	0.00661	0.00729	0.00519	0.00503	0.00745	0.00677	0.00971	0.01161	0.01788	0.01114	0.11782	0.74839	0.00655	0.01063	0.00473	0.00231	0.00367
53	0.00804	0.00756	0.01276	0.84023	0.02931	0.00945	0.01182	0.01087	0.00851	0.01087	0.00756	0.01134	0.00567	0.00425	0.00425	0.00142	0.00567	0.00378	0.00189	0.00473
54	0.01291	0.00618	0.00795	0.00685	0.00889	0.00572	0.00528	0.08343	0.01123	0.40001	0.05917	0.24532	0.04040	0.06187	0.00574	0.00160	0.00327	0.00681	0.02180	0.00557
55	0.00631	0.00440	0.00655	0.00655	0.00715	0.00500	0.00495	0.00720	0.00659	0.00940	0.01077	0.01641	0.01023	0.05472	0.66688	0.15696	0.00984	0.00446	0.00221	0.00342
56	0.00894	0.00509	0.00585	0.07691	0.00806	0.00532	0.00437	0.08218	0.00979	0.04128	0.02314	0.01520	0.01996	0.00577	0.00431	0.06626	0.00273	0.00403	0.60654	0.00427
57	0.01316	0.01553	0.01248	0.01102	0.01233	0.47383	0.00867	0.03138	0.00992	0.01070	0.00624	0.00841	0.00556	0.00568	0.00806	0.00142	0.35546	0.00317	0.00210	0.00487
58	0.00605	0.00418	0.00519	0.00529	0.00585	0.00406	0.00360	0.00667	0.00790	0.02195	0.10430	0.16887	0.16615	0.27609	0.12427	0.07148	0.00421	0.00743	0.00323	0.00324
59	0.01056	0.01085	0.05076	0.02400	0.70052	0.02938	0.04313	0.01366	0.04979	0.01399	0.00844	0.01070	0.00695	0.00391	0.00423	0.00128	0.00516	0.00384	0.00221	0.00664
60	0.01807	0.00701	0.00954	0.00741	0.01051	0.00607	0.00608	0.01972	0.01208	0.76472	0.06060	0.03402	0.01253	0.00563	0.00434	0.00133	0.00351	0.00464	0.00521	0.00698
61	0.00618	0.00466	0.00620	0.00643	0.00695	0.01513	0.00473	0.00712	0.00749	0.01023	0.01704	0.26853	0.06072	0.11218	0.30714	0.04136	0.05068	0.05048	0.01322	0.00353
62	0.01001	0.00867	0.08338	0.04778	0.02812	0.06035	0.06553	0.06411	0.02075	0.12976	0.04350	0.17239	0.03295	0.03865	0.01774	0.00165	0.00436	0.11484	0.05043	0.00502
63	0.83363	0.00843	0.00661	0.00582	0.00850	0.00974	0.00480	0.05576	0.00793	0.01951	0.00616	0.00709	0.00475	0.00401	0.00272	0.00131	0.00337	0.00239	0.00272	0.00475
64	0.01407	0.00629	0.00819	0.00676	0.00916	0.00564	0.00539	0.05031	0.01177	0.49035	0.14381	0.09997	0.06954	0.00692	0.00448	0.00135	0.00312	0.00584	0.05106	0.00596
65	0.01071	0.01098	0.01658	0.13919	0.53980	0.10235	0.07501	0.01317	0.00975	0.01298	0.00778	0.01038	0.00640	0.00398	0.00445	0.00129	0.02322	0.00377	0.00208	0.00613
66	0.00939	0.00955	0.01206	0.03007	0.01118	0.07763	0.00866	0.01037	0.00712	0.01024	0.00740	0.03185	0.02330	0.03280	0.04789	0.00206	0.65783	0.00407	0.00202	0.00453
67	0.00517	0.00377	0.00487	0.00575	0.00613	0.00347	0.00387	0.00594	0.00832	0.01093	0.02561	0.75911	0.11533	0.01305	0.00539	0.00170	0.00243	0.01175	0.00395	0.00347
68	0.07350	0.16607	0.11596	0.10693	0.20760	0.04465	0.03329	0.06696	0.00999	0.01385	0.03301	0.01355	0.02895	0.00488	0.00399	0.00129	0.00495	0.06251	0.00244	0.00563
69	0.01007	0.00796	0.02734	0.02957	0.02207	0.02493	0.04909	0.21084	0.02824	0.05954	0.01269	0.06284	0.03123	0.09482	0.26124	0.00334	0.03813	0.01789	0.00313	0.00505
70	0.00539	0.00389	0.00515	0.00608	0.00649	0.00365	0.00428	0.00631	0.00844	0.01114	0.02441	0.70085	0.07101	0.01299	0.00547	0.00174	0.00264	0.11261	0.00395	0.00352
71	0.00596	0.00442	0.00584	0.00666	0.04045	0.00425	0.00457	0.00712	0.00885	0.02153	0.09412	0.42920	0.16293	0.02374	0.06725	0.00203	0.01701	0.06157	0.02871	0.00379
72	0.10166	0.07603	0.29709	0.02591	0.12976	0.08568	0.07090	0.03261	0.02808	0.02812	0.00763	0.00925	0.00593	0.00436	0.00477	0.00133	0.07957	0.00332	0.00218	0.00583
73	0.06175	0.23162	0.05799	0.01106	0.09873	0.14943	0.03053	0.12600	0.08179	0.01438	0.00855	0.03546	0.00721	0.00478	0.00442	0.00123	0.06322	0.00349	0.00260	0.00575

[dist]
# distance from previous block
# <min> <max>
1	35

[block]
# block no. 4 follows, 62 sequences, length 8
# corresponding to MSA columns:
# 575-582
name=unknown_E
#
# <colnr> <probs for GDERKNQSTAVLIFYWHMCP>
#	G	D	E	R	K	N	Q	S	T	A	V	L	I	F	Y	W	H	M	C	P
0	0.01031	0.00964	0.01316	0.06204	0.11747	0.04908	0.04969	0.08180	0.03964	0.03025	0.02390	0.02801	0.02304	0.00633	0.00896	0.01838	0.38714	0.00412	0.00246	0.03459
1	0.00537	0.00390	0.00488	0.00548	0.00593	0.00361	0.00368	0.00618	0.00848	0.01120	0.09858	0.55195	0.14309	0.11800	0.00738	0.00195	0.00259	0.01049	0.00384	0.00342
2	0.01034	0.10151	0.18037	0.07930	0.11098	0.07560	0.08796	0.04530	0.07130	0.05489	0.07903	0.04331	0.03152	0.00511	0.00422	0.00130	0.00508	0.00440	0.00275	0.00572
3	0.02968	0.00499	0.00545	0.00550	0.00594	0.03931	0.00364	0.00716	0.00723	0.00970	0.03922	0.09182	0.05836	0.50166	0.13448	0.00381	0.00500	0.04110	0.00282	0.00313
4	0.00965	0.03458	0.11418	0.08868	0.19556	0.04312	0.03691	0.03638	0.06613	0.05803	0.08852	0.03205	0.09154	0.00561	0.00445	0.00132	0.01959	0.00481	0.06336	0.00553
5	0.06079	0.18399	0.10057	0.03426	0.06685	0.10973	0.04462	0.04548	0.02933	0.06276	0.00838	0.00985	0.00673	0.00609	0.05987	0.00153	0.04295	0.00324	0.03109	0.09187
6	0.00671	0.00584	0.02876	0.00691	0.02737	0.03960	0.02411	0.03201	0.00972	0.01300	0.19506	0.36404	0.11082	0.05167	0.00600	0.00165	0.01792	0.02409	0.03074	0.00398
7	0.04816	0.09338	0.11826	0.01135	0.12933	0.04073	0.06354	0.04465	0.02490	0.04888	0.03028	0.03061	0.00783	0.00430	0.00416	0.00111	0.03757	0.00352	0.00256	0.25488

[dist]
# distance from previous block
# <min> <max>
2	5

[block]
# block no. 5 follows, 62 sequences, length 8
# corresponding to MSA columns:
# 588-595
name=unknown_F
#
# <colnr> <probs for GDERKNQSTAVLIFYWHMCP>
#	G	D	E	R	K	N	Q	S	T	A	V	L	I	F	Y	W	H	M	C	P
0	0.01262	0.20495	0.05230	0.00880	0.01168	0.08120	0.00760	0.29976	0.09564	0.03321	0.01082	0.08879	0.00938	0.02937	0.00481	0.00134	0.03417	0.00430	0.00327	0.00596
1	0.01118	0.19495	0.15026	0.04148	0.08107	0.06190	0.07137	0.08985	0.06201	0.06289	0.02497	0.01140	0.03542	0.00509	0.02027	0.00132	0.01987	0.00369	0.00266	0.04833
2	0.00708	0.00586	0.04629	0.00623	0.00779	0.00490	0.01925	0.05127	0.00987	0.04598	0.12208	0.22836	0.24353	0.03193	0.03055	0.02828	0.00319	0.03608	0.02177	0.04971
3	0.00621	0.00533	0.04608	0.00646	0.00736	0.00503	0.00506	0.00779	0.03070	0.01051	0.03583	0.14577	0.05439	0.19125	0.37339	0.00443	0.00701	0.05085	0.00286	0.00371
4	0.04222	0.05022	0.03568	0.09391	0.08754	0.09029	0.08228	0.07576	0.06589	0.12841	0.01354	0.12726	0.03949	0.00641	0.00499	0.00148	0.04009	0.00530	0.00336	0.00586
5	0.06124	0.07449	0.08028	0.05623	0.09417	0.11882	0.07807	0.13613	0.05205	0.12168	0.02737	0.06162	0.00905	0.00507	0.00413	0.00130	0.00503	0.00422	0.00311	0.00594
6	0.12801	0.12952	0.07540	0.02961	0.04447	0.11325	0.02902	0.06697	0.11078	0.07301	0.03400	0.03711	0.02702	0.00579	0.02649	0.00142	0.03294	0.00386	0.00295	0.02839
7	0.07759	0.02422	0.10688	0.04272	0.12488	0.09404	0.00849	0.03789	0.09746	0.14634	0.04620	0.03611	0.03463	0.00683	0.04838	0.00163	0.01954	0.02517	0.00319	0.01782

[dist]
# distance from previous block
# <min> <max>
0	56

[block]
# block no. 6 follows, 62 sequences, length 12
# corresponding to MSA columns:
# 656-667
name=unknown_G
#
# <colnr> <probs for GDERKNQSTAVLIFYWHMCP>
#	G	D	E	R	K	N	Q	S	T	A	V	L	I	F	Y	W	H	M	C	P
0	0.00974	0.03839	0.03312	0.00800	0.01015	0.08810	0.05002	0.11856	0.12879	0.04615	0.10964	0.11202	0.16483	0.00830	0.02822	0.00155	0.00408	0.03151	0.00372	0.00512
1	0.00699	0.00489	0.00599	0.02179	0.03694	0.00449	0.00445	0.00852	0.03260	0.08433	0.12230	0.17907	0.36047	0.06766	0.00615	0.00167	0.00274	0.04089	0.00396	0.00411
2	0.03266	0.34931	0.20526	0.03156	0.08812	0.04700	0.03164	0.01364	0.02343	0.06704	0.00765	0.00878	0.00609	0.00402	0.00376	0.00114	0.02676	0.00298	0.00220	0.04696
3	0.04610	0.07057	0.10920	0.19842	0.10120	0.05786	0.08747	0.04511	0.07927	0.02807	0.05144	0.03620	0.00902	0.00476	0.00432	0.00131	0.02074	0.00409	0.00257	0.04229
4	0.00534	0.00411	0.00490	0.00526	0.00614	0.00367	0.00379	0.00648	0.00952	0.01229	0.17297	0.35213	0.34421	0.01144	0.00522	0.00155	0.00232	0.04097	0.00408	0.00363
5	0.00853	0.00604	0.04720	0.00638	0.00797	0.00533	0.00514	0.01160	0.11462	0.12106	0.22096	0.20875	0.05224	0.00832	0.00461	0.00141	0.00278	0.03324	0.12906	0.00475
6	0.02824	0.22992	0.17954	0.04431	0.18682	0.04245	0.06810	0.07199	0.02623	0.06608	0.00921	0.01086	0.00732	0.00471	0.00425	0.00139	0.00558	0.00367	0.00272	0.00662
7	0.01092	0.02368	0.04915	0.02925	0.10476	0.05486	0.03191	0.05484	0.12953	0.15162	0.02897	0.06422	0.07219	0.11163	0.02722	0.00186	0.02913	0.01537	0.00343	0.00547
8	0.00601	0.00427	0.00542	0.00598	0.00644	0.00422	0.00419	0.00737	0.04445	0.01122	0.05590	0.43771	0.02369	0.19602	0.03878	0.00242	0.00335	0.11402	0.02503	0.00352
9	0.19184	0.18796	0.23452	0.01056	0.05157	0.05425	0.08236	0.04105	0.00902	0.01397	0.00709	0.00868	0.00567	0.00513	0.03402	0.00146	0.05009	0.00308	0.00215	0.00552
10	0.00712	0.04897	0.00619	0.00549	0.00673	0.00461	0.00409	0.00820	0.00933	0.09783	0.07153	0.29927	0.31243	0.05329	0.00578	0.00163	0.00267	0.02723	0.02359	0.00402
11	0.02965	0.11865	0.18701	0.01106	0.08002	0.02518	0.04426	0.01272	0.06637	0.01293	0.02503	0.00989	0.00704	0.00473	0.00587	0.00126	0.18251	0.00336	0.00226	0.17017

[dist]
# distance from previous block
# <min> <max>
0	1

[block]
# block no. 7 follows, 62 sequences, length 14
# corresponding to MSA columns:
# 671-679,681-685
name=unknown_H
#
# <colnr> <probs for GDERKNQSTAVLIFYWHMCP>
#	G	D	E	R	K	N	Q	S	T	A	V	L	I	F	Y	W	H	M	C	P
0	0.03838	0.08507	0.48545	0.01193	0.06517	0.04500	0.02929	0.05908	0.00956	0.02511	0.00765	0.00915	0.00579	0.00481	0.02028	0.00141	0.06260	0.00321	0.00209	0.02897
1	0.00663	0.00457	0.00567	0.00604	0.01773	0.00428	0.00429	0.02693	0.02541	0.05509	0.11014	0.39414	0.19309	0.04905	0.00587	0.00168	0.00267	0.05617	0.02661	0.00394
2	0.03918	0.05164	0.08439	0.19015	0.28300	0.02392	0.06756	0.08418	0.03134	0.05706	0.02139	0.01166	0.02706	0.00439	0.00418	0.00131	0.00513	0.00392	0.00254	0.00600
3	0.03602	0.09133	0.11513	0.06843	0.06853	0.03988	0.05193	0.15622	0.05668	0.16066	0.01008	0.01064	0.00732	0.00439	0.00395	0.00121	0.00473	0.00356	0.00316	0.10615
4	0.01088	0.22064	0.15844	0.00973	0.05250	0.12446	0.00867	0.05491	0.04908	0.03441	0.03798	0.02637	0.00860	0.06958	0.00582	0.00142	0.06682	0.00362	0.00247	0.05359
5	0.00528	0.00382	0.00500	0.00577	0.00617	0.00353	0.00392	0.00620	0.00872	0.01168	0.12595	0.70256	0.07041	0.01261	0.00536	0.00166	0.00239	0.01138	0.00404	0.00353
6	0.00982	0.01006	0.09078	0.08500	0.11060	0.06056	0.02645	0.01319	0.13640	0.04360	0.03978	0.15177	0.06476	0.00796	0.02142	0.00171	0.09639	0.02088	0.00328	0.00560
7	0.00940	0.00906	0.03230	0.14998	0.41366	0.02649	0.01040	0.01297	0.11385	0.01349	0.04304	0.03285	0.04157	0.04726	0.00522	0.00149	0.00466	0.02388	0.00263	0.00579
8	0.01815	0.00784	0.01036	0.00819	0.01118	0.00716	0.00665	0.04825	0.01255	0.68838	0.07100	0.01613	0.01277	0.00608	0.00518	0.00148	0.05153	0.00469	0.00521	0.00722
9	0.00573	0.00439	0.00580	0.02321	0.00714	0.00409	0.02294	0.00705	0.00963	0.01276	0.24453	0.29982	0.21668	0.02708	0.02531	0.01464	0.00280	0.05874	0.00397	0.00372
10	0.00945	0.01763	0.03895	0.20162	0.18874	0.02014	0.06274	0.02796	0.06216	0.05796	0.01221	0.09674	0.03246	0.00665	0.02261	0.00158	0.08157	0.05072	0.00273	0.00538
11	0.01011	0.01129	0.02400	0.01909	0.13515	0.01067	0.69644	0.01355	0.00999	0.01367	0.00852	0.01134	0.00650	0.00362	0.00491	0.00141	0.00688	0.00485	0.00215	0.00588
12	0.00934	0.01923	0.63386	0.01174	0.04549	0.05625	0.01366	0.03028	0.02483	0.03392	0.04735	0.01058	0.00760	0.00439	0.00406	0.00132	0.00582	0.00346	0.03072	0.00609
13	0.02475	0.02043	0.05867	0.13475	0.10282	0.12222	0.04539	0.14992	0.12549	0.05756	0.07104	0.02753	0.03031	0.00522	0.00428	0.00132	0.00492	0.00436	0.00318	0.00585

[dist]
# distance from previous block
# <min> <max>
0	36

# created by:
# /st0/software/busco_prod/Augustus/scripts/msa2prfl.pl ./align_prep/21629.fa
