[name]
unknown

[dist]
# distance from previous block
# <min> <max>
0	4

[block]
# block no. 0 follows, 76 sequences, length 31
# corresponding to MSA columns:
# 4-34
name=unknown_A
#
# <colnr> <probs for GDERKNQSTAVLIFYWHMCP>
#	G	D	E	R	K	N	Q	S	T	A	V	L	I	F	Y	W	H	M	C	P
0	0.00574	0.00415	0.00569	0.00647	0.00733	0.00410	0.00562	0.00736	0.00836	0.01080	0.02056	0.04054	0.08310	0.00998	0.00497	0.00164	0.00323	0.76368	0.00335	0.00333
1	0.00564	0.00382	0.00502	0.00466	0.00560	0.00351	0.00351	0.00734	0.01029	0.05166	0.81078	0.02649	0.03317	0.00730	0.00426	0.00114	0.00178	0.00644	0.00402	0.00355
2	0.00868	0.00923	0.04532	0.01495	0.17200	0.00855	0.51392	0.05903	0.00885	0.02704	0.00846	0.07703	0.00714	0.00424	0.01742	0.00128	0.00533	0.00444	0.00209	0.00500
3	0.01388	0.01007	0.01084	0.00831	0.01122	0.01111	0.00687	0.81528	0.01691	0.04535	0.00888	0.00882	0.00626	0.00437	0.00364	0.00109	0.00397	0.00328	0.00366	0.00618
4	0.01427	0.00860	0.00988	0.00763	0.01041	0.00904	0.00629	0.53295	0.01442	0.29469	0.01061	0.01016	0.00723	0.00538	0.03986	0.00130	0.00394	0.00342	0.00385	0.00606
5	0.00505	0.00371	0.00473	0.00448	0.00537	0.00339	0.00336	0.00668	0.01007	0.01406	0.75907	0.02800	0.12322	0.00762	0.00429	0.00115	0.00173	0.00669	0.00393	0.00339
6	0.00443	0.00316	0.00422	0.00506	0.00527	0.00295	0.00337	0.00506	0.00696	0.00928	0.02003	0.86990	0.02404	0.01139	0.00464	0.00148	0.00211	0.01033	0.00337	0.00295
7	0.89794	0.00703	0.00534	0.00478	0.00703	0.00815	0.00394	0.01068	0.00619	0.01631	0.00506	0.00590	0.00394	0.00337	0.00225	0.00112	0.00281	0.00197	0.00225	0.00394
8	0.00529	0.00352	0.00396	0.00396	0.00396	0.00352	0.00220	0.00529	0.00529	0.00705	0.01145	0.02378	0.01321	0.87227	0.01850	0.00352	0.00352	0.00529	0.00220	0.00220
9	0.00754	0.00646	0.00754	0.00538	0.00861	0.00484	0.00431	0.00915	0.00754	0.01184	0.00646	0.00754	0.00538	0.00269	0.00269	0.00054	0.00269	0.00215	0.00215	0.89449
10	0.00686	0.00646	0.01090	0.86353	0.02503	0.00807	0.01009	0.00929	0.00727	0.00929	0.00646	0.00969	0.00484	0.00363	0.00363	0.00121	0.00484	0.00323	0.00161	0.00404
11	0.00430	0.00368	0.00368	0.00368	0.00491	0.00307	0.00276	0.00522	0.00828	0.00982	0.03682	0.03498	0.84812	0.00920	0.00430	0.00123	0.00184	0.00767	0.00338	0.00307
12	0.89794	0.00703	0.00534	0.00478	0.00703	0.00815	0.00394	0.01068	0.00619	0.01631	0.00506	0.00590	0.00394	0.00337	0.00225	0.00112	0.00281	0.00197	0.00225	0.00394
13	0.29166	0.00652	0.00724	0.00567	0.00841	0.00610	0.00464	0.01339	0.00837	0.38145	0.00947	0.00914	0.00651	0.00370	0.00297	0.00098	0.00291	0.00275	0.00321	0.22491
14	0.01076	0.01287	0.01302	0.01093	0.04157	0.45465	0.26000	0.01228	0.00906	0.00963	0.00713	0.02566	0.00632	0.10389	0.00538	0.00134	0.00591	0.00346	0.00193	0.00422
15	0.00686	0.00646	0.01090	0.86353	0.02503	0.00807	0.01009	0.00929	0.00727	0.00929	0.00646	0.00969	0.00484	0.00363	0.00363	0.00121	0.00484	0.00323	0.00161	0.00404
16	0.00729	0.01880	0.85344	0.01036	0.01573	0.00844	0.01343	0.01151	0.00767	0.01151	0.00652	0.00767	0.00460	0.00345	0.00345	0.00115	0.00537	0.00269	0.00153	0.00537
17	0.00443	0.00316	0.00422	0.00506	0.00527	0.00295	0.00337	0.00506	0.00696	0.00928	0.02003	0.86990	0.02404	0.01139	0.00464	0.00148	0.00211	0.01033	0.00337	0.00295
18	0.00900	0.00864	0.01475	0.02231	0.84960	0.00864	0.01115	0.01115	0.00828	0.01187	0.00684	0.00900	0.00576	0.00324	0.00360	0.00108	0.00432	0.00324	0.00180	0.00576
19	0.00900	0.00864	0.01475	0.02231	0.84960	0.00864	0.01115	0.01115	0.00828	0.01187	0.00684	0.00900	0.00576	0.00324	0.00360	0.00108	0.00432	0.00324	0.00180	0.00576
20	0.00967	0.00634	0.00715	0.00617	0.00790	0.05104	0.00488	0.03223	0.16250	0.24574	0.18549	0.01903	0.16912	0.00614	0.00451	0.00119	0.06759	0.00496	0.00366	0.00470
21	0.00904	0.00781	0.00822	0.00740	0.00945	0.00904	0.00575	0.01931	0.84303	0.01520	0.01479	0.01356	0.01109	0.00493	0.00370	0.00123	0.00288	0.00411	0.00370	0.00575
22	0.00729	0.01880	0.85344	0.01036	0.01573	0.00844	0.01343	0.01151	0.00767	0.01151	0.00652	0.00767	0.00460	0.00345	0.00345	0.00115	0.00537	0.00269	0.00153	0.00537
23	0.12378	0.00756	0.00920	0.00797	0.07271	0.00755	0.00603	0.23970	0.01154	0.45997	0.01110	0.01033	0.00736	0.00423	0.00347	0.00111	0.00340	0.00331	0.00378	0.00587
24	0.00520	0.00387	0.00570	0.00570	0.00630	0.00447	0.00437	0.00640	0.00580	0.00833	0.00986	0.01499	0.00940	0.09078	0.79477	0.00567	0.00927	0.00400	0.00197	0.00317
25	0.00631	0.00316	0.00473	0.00473	0.00473	0.00316	0.00316	0.00473	0.00473	0.00631	0.00631	0.01105	0.00631	0.01263	0.01420	0.89426	0.00316	0.00316	0.00158	0.00158
26	0.07880	0.01012	0.01225	0.01063	0.10164	0.12866	0.14873	0.30718	0.01192	0.14187	0.00842	0.00897	0.00607	0.00388	0.00359	0.00110	0.00453	0.00327	0.00291	0.00547
27	0.74471	0.07244	0.00733	0.00621	0.05895	0.00873	0.01930	0.02615	0.00665	0.01549	0.00528	0.00621	0.00417	0.00336	0.00240	0.00110	0.00307	0.00211	0.00219	0.00416
28	0.00904	0.00886	0.01426	0.08496	0.74975	0.04693	0.01089	0.01117	0.00829	0.01154	0.00675	0.00894	0.00564	0.00329	0.00359	0.00108	0.00446	0.00320	0.00179	0.00556
29	0.00834	0.00504	0.00612	0.00530	0.00689	0.00478	0.00415	0.08581	0.05417	0.19142	0.39845	0.02309	0.17818	0.00673	0.00406	0.00115	0.00230	0.00573	0.00394	0.00432
30	0.07537	0.15075	0.01079	0.00741	0.00995	0.03306	0.00614	0.30741	0.33058	0.01676	0.01010	0.00984	0.00761	0.00429	0.00334	0.00109	0.00353	0.00326	0.00317	0.00555

[dist]
# distance from previous block
# <min> <max>
0	27

[block]
# block no. 1 follows, 76 sequences, length 73
# corresponding to MSA columns:
# 62-134
name=unknown_B
#
# <colnr> <probs for GDERKNQSTAVLIFYWHMCP>
#	G	D	E	R	K	N	Q	S	T	A	V	L	I	F	Y	W	H	M	C	P
0	0.02230	0.00703	0.07948	0.01678	0.06583	0.00599	0.13227	0.03981	0.00960	0.13269	0.36006	0.01808	0.05388	0.00557	0.00428	0.00117	0.03252	0.00497	0.00322	0.00448
1	0.00896	0.35036	0.43215	0.00891	0.04160	0.02903	0.00993	0.01168	0.00780	0.05961	0.00640	0.00725	0.00493	0.00338	0.00303	0.00100	0.00465	0.00247	0.00173	0.00513
2	0.00844	0.16976	0.52405	0.01004	0.01449	0.03903	0.11007	0.03468	0.00810	0.02576	0.00650	0.00768	0.00485	0.00345	0.00349	0.00109	0.01890	0.00277	0.00170	0.00516
3	0.00443	0.00316	0.00422	0.00506	0.00527	0.00295	0.00337	0.00506	0.00696	0.00928	0.02003	0.86990	0.02404	0.01139	0.00464	0.00148	0.00211	0.01033	0.00337	0.00295
4	0.00500	0.00442	0.04143	0.00547	0.00625	0.00374	0.05607	0.00588	0.00704	0.00929	0.04511	0.44122	0.14710	0.19588	0.00749	0.00184	0.00275	0.00801	0.00297	0.00305
5	0.01069	0.00868	0.06967	0.06757	0.40477	0.00782	0.10669	0.02269	0.01769	0.23394	0.00894	0.00998	0.00651	0.00362	0.00369	0.00112	0.00429	0.00344	0.00253	0.00564
6	0.00616	0.00495	0.00679	0.00743	0.12009	0.00487	0.01580	0.00895	0.10884	0.01416	0.60912	0.02300	0.04230	0.00654	0.00412	0.00115	0.00227	0.00582	0.00363	0.00403
7	0.80050	0.00707	0.00577	0.00503	0.00734	0.00804	0.00414	0.03928	0.00688	0.08046	0.00589	0.00649	0.00440	0.00349	0.00240	0.00112	0.00287	0.00214	0.00247	0.00418
8	0.00901	0.00862	0.01467	0.04721	0.79611	0.00868	0.02423	0.02633	0.00841	0.01200	0.00687	0.00902	0.00573	0.00327	0.00361	0.00109	0.00436	0.00326	0.00183	0.00570
9	0.00827	0.26986	0.45245	0.01010	0.04656	0.01031	0.10804	0.01154	0.03108	0.01077	0.00643	0.00760	0.00496	0.00334	0.00323	0.00105	0.00491	0.00272	0.00165	0.00513
10	0.00435	0.00347	0.00390	0.00425	0.00506	0.00302	0.00301	0.00515	0.00774	0.00960	0.02992	0.37810	0.50945	0.01010	0.00444	0.00133	0.00195	0.00876	0.00337	0.00302
11	0.00702	0.00662	0.01118	0.80354	0.08384	0.00811	0.01017	0.00942	0.00734	0.00947	0.00649	0.00964	0.00491	0.00361	0.00363	0.00120	0.00481	0.00323	0.00163	0.00416
12	0.01239	0.00980	0.23421	0.00883	0.08008	0.00665	0.00795	0.04686	0.03235	0.45970	0.02191	0.04505	0.00842	0.00443	0.00364	0.00114	0.00377	0.00366	0.00338	0.00576
13	0.01025	0.03744	0.06878	0.01100	0.10130	0.15567	0.10497	0.07180	0.02544	0.08626	0.00746	0.00898	0.01992	0.00460	0.00615	0.00123	0.26852	0.00324	0.00217	0.00481
14	0.01358	0.01732	0.01030	0.00936	0.01124	0.85768	0.00702	0.01451	0.01030	0.00890	0.00562	0.00655	0.00468	0.00375	0.00328	0.00094	0.00655	0.00234	0.00187	0.00421
15	0.00624	0.00316	0.00471	0.00475	0.00476	0.00315	0.00317	0.00475	0.00482	0.00643	0.00686	0.04523	0.00702	0.01258	0.01382	0.85872	0.00311	0.00344	0.00165	0.00163
16	0.00884	0.00821	0.02814	0.03536	0.70080	0.00800	0.02122	0.01089	0.00823	0.04745	0.00828	0.08282	0.00742	0.00400	0.00370	0.00112	0.00413	0.00387	0.00204	0.00549
17	0.00483	0.00362	0.00496	0.00616	0.05581	0.00346	0.00390	0.00582	0.03041	0.00960	0.01910	0.79454	0.02258	0.01072	0.00455	0.00145	0.00226	0.00973	0.00329	0.00320
18	0.00858	0.00980	0.02145	0.01532	0.01900	0.00919	0.83640	0.01164	0.00858	0.01164	0.00735	0.00980	0.00551	0.00306	0.00429	0.00123	0.00613	0.00429	0.00184	0.00490
19	0.00890	0.00890	0.01627	0.02073	0.66143	0.00876	0.19811	0.01126	0.00834	0.01182	0.00695	0.00918	0.00570	0.00320	0.00375	0.00111	0.00473	0.00348	0.00181	0.00556
20	0.00995	0.35099	0.24589	0.00924	0.04958	0.01046	0.10804	0.02814	0.00829	0.13658	0.00727	0.00799	0.00548	0.00344	0.00315	0.00101	0.00446	0.00277	0.00208	0.00519
21	0.01556	0.00711	0.00898	0.00696	0.00971	0.06100	0.03366	0.04253	0.01050	0.72676	0.01379	0.01223	0.02471	0.00449	0.00366	0.00112	0.00342	0.00366	0.00419	0.00595
22	0.86714	0.00744	0.03467	0.00497	0.00733	0.00816	0.00426	0.01071	0.00624	0.01614	0.00511	0.00597	0.00396	0.00338	0.00229	0.00113	0.00290	0.00199	0.00222	0.00399
23	0.00500	0.00371	0.00466	0.00442	0.00534	0.00337	0.00332	0.00658	0.00995	0.01377	0.70999	0.02848	0.17249	0.00773	0.00429	0.00116	0.00174	0.00676	0.00389	0.00337
24	0.00980	0.85608	0.01886	0.00629	0.00937	0.03246	0.00624	0.01096	0.00745	0.00856	0.00506	0.00585	0.00466	0.00312	0.00235	0.00078	0.00394	0.00195	0.00156	0.00465
25	0.00498	0.00391	0.00444	0.00431	0.00539	0.00353	0.00323	0.03890	0.00914	0.01184	0.30204	0.09746	0.46358	0.00895	0.02078	0.00130	0.00206	0.00727	0.00356	0.00331
26	0.00431	0.00368	0.00369	0.00369	0.00489	0.00308	0.00275	0.00522	0.00824	0.00977	0.03640	0.03480	0.83449	0.02330	0.00453	0.00126	0.00187	0.00763	0.00336	0.00305
27	0.01154	0.00633	0.00795	0.00588	0.00892	0.00507	0.00478	0.01306	0.00885	0.39545	0.01006	0.00974	0.00703	0.00352	0.00313	0.00081	0.00287	0.00284	0.00322	0.48895
28	0.01382	0.01018	0.01091	0.00836	0.01127	0.01127	0.00691	0.83748	0.01709	0.02291	0.00873	0.00873	0.00618	0.00436	0.00364	0.00109	0.00400	0.00327	0.00364	0.00618
29	0.01358	0.01732	0.01030	0.00936	0.01124	0.85768	0.00702	0.01451	0.01030	0.00890	0.00562	0.00655	0.00468	0.00375	0.00328	0.00094	0.00655	0.00234	0.00187	0.00421
30	0.00972	0.87446	0.01905	0.00622	0.00933	0.01438	0.00622	0.01088	0.00738	0.00855	0.00505	0.00583	0.00466	0.00311	0.00233	0.00078	0.00389	0.00194	0.00155	0.00466
31	0.00529	0.00352	0.00396	0.00396	0.00396	0.00352	0.00220	0.00529	0.00529	0.00705	0.01145	0.02378	0.01321	0.87227	0.01850	0.00352	0.00352	0.00529	0.00220	0.00220
32	0.01382	0.01018	0.01091	0.00836	0.01127	0.01127	0.00691	0.83748	0.01709	0.02291	0.00873	0.00873	0.00618	0.00436	0.00364	0.00109	0.00400	0.00327	0.00364	0.00618
33	0.00525	0.00367	0.00473	0.00473	0.00499	0.00394	0.00315	0.00578	0.00551	0.00761	0.01075	0.01992	0.01154	0.52867	0.35981	0.00447	0.00605	0.00472	0.00210	0.00263
34	0.00519	0.00389	0.00584	0.00584	0.00649	0.00454	0.00454	0.00649	0.00584	0.00844	0.00974	0.01428	0.00909	0.02726	0.85787	0.00584	0.00974	0.00389	0.00195	0.00325
35	0.00972	0.87446	0.01905	0.00622	0.00933	0.01438	0.00622	0.01088	0.00738	0.00855	0.00505	0.00583	0.00466	0.00311	0.00233	0.00078	0.00389	0.00194	0.00155	0.00466
36	0.00881	0.00943	0.01967	0.01426	0.01746	0.00927	0.70256	0.01153	0.00828	0.04475	0.00732	0.00968	0.00556	0.00352	0.00519	0.00127	0.11054	0.00413	0.00191	0.00484
37	0.00500	0.00371	0.00466	0.00443	0.00534	0.00337	0.00332	0.00659	0.00996	0.01379	0.71379	0.02844	0.16867	0.00772	0.00429	0.00116	0.00174	0.00675	0.00390	0.00337
38	0.00443	0.00316	0.00422	0.00506	0.00527	0.00295	0.00337	0.00506	0.00696	0.00928	0.02003	0.86990	0.02404	0.01139	0.00464	0.00148	0.00211	0.01033	0.00337	0.00295
39	0.00972	0.87446	0.01905	0.00622	0.00933	0.01438	0.00622	0.01088	0.00738	0.00855	0.00505	0.00583	0.00466	0.00311	0.00233	0.00078	0.00389	0.00194	0.00155	0.00466
40	0.00485	0.00352	0.00466	0.00525	0.00552	0.00349	0.00360	0.00550	0.00695	0.02163	0.03136	0.73540	0.04803	0.04514	0.00558	0.00155	0.05221	0.00948	0.00325	0.00304
41	0.01367	0.01036	0.03623	0.00838	0.01136	0.01106	0.00707	0.79575	0.01667	0.03961	0.00878	0.00877	0.00619	0.00434	0.00363	0.00109	0.00402	0.00326	0.00359	0.00616
42	0.00461	0.00342	0.00461	0.00510	0.00556	0.00319	0.01760	0.00547	0.00746	0.00996	0.11552	0.64651	0.09755	0.01112	0.03353	0.00156	0.00238	0.01842	0.00337	0.00306
43	0.00509	0.00359	0.00466	0.00530	0.00570	0.00345	0.00365	0.04101	0.01830	0.02139	0.01938	0.78728	0.02282	0.01087	0.00458	0.00146	0.00225	0.03264	0.00340	0.00318
44	0.00521	0.00349	0.00398	0.00405	0.00407	0.00348	0.00230	0.00527	0.00542	0.00723	0.01216	0.09357	0.01411	0.80127	0.01736	0.00335	0.00341	0.00570	0.00230	0.00226
45	0.01358	0.01732	0.01030	0.00936	0.01124	0.85768	0.00702	0.01451	0.01030	0.00890	0.00562	0.00655	0.00468	0.00375	0.00328	0.00094	0.00655	0.00234	0.00187	0.00421
46	0.00717	0.00417	0.00547	0.00488	0.00612	0.00377	0.00375	0.00879	0.01022	0.16873	0.65950	0.02476	0.06436	0.00697	0.00417	0.00114	0.00197	0.00608	0.00407	0.00392
47	0.00439	0.00369	0.00381	0.00378	0.00497	0.00311	0.00283	0.00539	0.00850	0.01034	0.12513	0.03413	0.75948	0.00901	0.00429	0.00122	0.00183	0.00755	0.00344	0.00311
48	0.00791	0.00645	0.00757	0.00543	0.00864	0.00487	0.00435	0.00952	0.00766	0.04770	0.00680	0.00774	0.00554	0.00277	0.00273	0.00056	0.00271	0.00222	0.00225	0.85658
49	0.00906	0.28638	0.36955	0.00996	0.06763	0.01037	0.08578	0.04839	0.01664	0.05451	0.00674	0.00772	0.00514	0.00340	0.00321	0.00103	0.00470	0.00272	0.00185	0.00521
50	0.00701	0.00674	0.01178	0.79278	0.02453	0.00817	0.07902	0.00948	0.00738	0.00948	0.00653	0.00970	0.00490	0.00359	0.00369	0.00121	0.00495	0.00332	0.00163	0.00411
51	0.00519	0.00389	0.00584	0.00584	0.00649	0.00454	0.00454	0.00649	0.00584	0.00844	0.00974	0.01428	0.00909	0.02726	0.85787	0.00584	0.00974	0.00389	0.00195	0.00325
52	0.01134	0.00874	0.00954	0.03408	0.04699	0.06410	0.01859	0.22136	0.38417	0.12795	0.01201	0.02622	0.00890	0.00463	0.00367	0.00116	0.00358	0.00377	0.00349	0.00570
53	0.00913	0.03625	0.04330	0.02076	0.74651	0.04261	0.02612	0.01130	0.00831	0.01164	0.00673	0.00877	0.00564	0.00326	0.00355	0.00107	0.00446	0.00316	0.00179	0.00563
54	0.00544	0.00460	0.03931	0.00568	0.00628	0.00475	0.00440	0.00644	0.00578	0.00821	0.01012	0.04292	0.01029	0.26350	0.51051	0.00461	0.05768	0.00440	0.00203	0.00307
55	0.07340	0.37541	0.16880	0.00864	0.03749	0.18708	0.05873	0.03365	0.00831	0.01039	0.00573	0.00674	0.00473	0.00336	0.00292	0.00095	0.00479	0.00238	0.00175	0.00474
56	0.00443	0.00316	0.00422	0.00506	0.00527	0.00295	0.00337	0.00506	0.00696	0.00928	0.02003	0.86990	0.02404	0.01139	0.00464	0.00148	0.00211	0.01033	0.00337	0.00295
57	0.01311	0.04186	0.05113	0.00779	0.01072	0.08742	0.03013	0.31748	0.04106	0.25962	0.00977	0.00950	0.00680	0.00407	0.00348	0.00103	0.00393	0.00317	0.00335	0.09459
58	0.00874	0.03183	0.02462	0.00664	0.00968	0.04392	0.05691	0.04933	0.06992	0.05831	0.00790	0.02779	0.00640	0.00333	0.00304	0.00075	0.00324	0.00276	0.00243	0.58247
59	0.00438	0.00348	0.00394	0.00425	0.00507	0.00304	0.00303	0.00523	0.00786	0.00982	0.06566	0.35769	0.49379	0.00997	0.00443	0.00132	0.00194	0.00865	0.00340	0.00304
60	0.00963	0.84487	0.04790	0.00636	0.00955	0.01418	0.00647	0.01090	0.00739	0.00865	0.00510	0.00589	0.00466	0.00312	0.00237	0.00079	0.00394	0.00197	0.00155	0.00469
61	0.00759	0.00637	0.00739	0.00738	0.06260	0.00698	0.00526	0.01421	0.49303	0.01432	0.23968	0.07533	0.03239	0.00601	0.00392	0.00121	0.00259	0.00520	0.00363	0.00489
62	0.00495	0.00358	0.00464	0.00516	0.00555	0.00352	0.00360	0.00612	0.04274	0.00976	0.08596	0.54239	0.02181	0.11750	0.06019	0.00198	0.00286	0.07141	0.00320	0.00307
63	0.00529	0.00352	0.00396	0.00396	0.00396	0.00352	0.00220	0.00529	0.00529	0.00705	0.01145	0.02378	0.01321	0.87227	0.01850	0.00352	0.00352	0.00529	0.00220	0.00220
64	0.01631	0.00619	0.00843	0.00647	0.00928	0.00534	0.00534	0.01771	0.01040	0.85211	0.01434	0.01237	0.00900	0.00450	0.00365	0.00112	0.00309	0.00365	0.00450	0.00619
65	0.00586	0.00418	0.00586	0.00669	0.00753	0.00418	0.00586	0.00753	0.00837	0.01088	0.01924	0.04100	0.02092	0.01004	0.00502	0.00167	0.00335	0.82513	0.00335	0.00335
66	0.83353	0.00697	0.00557	0.00490	0.00719	0.00795	0.00404	0.01120	0.00649	0.07737	0.00574	0.00638	0.00431	0.00346	0.00235	0.00112	0.00283	0.00209	0.00241	0.00410
67	0.00686	0.00646	0.01090	0.86353	0.02503	0.00807	0.01009	0.00929	0.00727	0.00929	0.00646	0.00969	0.00484	0.00363	0.00363	0.00121	0.00484	0.00323	0.00161	0.00404
68	0.89794	0.00703	0.00534	0.00478	0.00703	0.00815	0.00394	0.01068	0.00619	0.01631	0.00506	0.00590	0.00394	0.00337	0.00225	0.00112	0.00281	0.00197	0.00225	0.00394
69	0.00443	0.00316	0.00422	0.00506	0.00527	0.00295	0.00337	0.00506	0.00696	0.00928	0.02003	0.86990	0.02404	0.01139	0.00464	0.00148	0.00211	0.01033	0.00337	0.00295
70	0.00858	0.00980	0.02145	0.01532	0.01900	0.00919	0.83640	0.01164	0.00858	0.01164	0.00735	0.00980	0.00551	0.00306	0.00429	0.00123	0.00613	0.00429	0.00184	0.00490
71	0.00730	0.00737	0.04105	0.66252	0.16440	0.00822	0.03844	0.00976	0.00750	0.00988	0.00656	0.00951	0.00501	0.00354	0.00364	0.00119	0.00482	0.00325	0.00165	0.00440
72	0.09168	0.10720	0.07272	0.01585	0.50170	0.03766	0.00926	0.01122	0.00800	0.03254	0.00656	0.00814	0.00540	0.00326	0.00324	0.00101	0.00412	0.00283	0.00189	0.07571

[dist]
# distance from previous block
# <min> <max>
0	8

[block]
# block no. 2 follows, 76 sequences, length 33
# corresponding to MSA columns:
# 143-175
name=unknown_C
#
# <colnr> <probs for GDERKNQSTAVLIFYWHMCP>
#	G	D	E	R	K	N	Q	S	T	A	V	L	I	F	Y	W	H	M	C	P
0	0.05387	0.03570	0.03021	0.00671	0.00951	0.02609	0.00567	0.11377	0.02291	0.59528	0.03451	0.01149	0.00871	0.00439	0.00353	0.00109	0.00330	0.00347	0.00399	0.02581
1	0.00500	0.00371	0.00466	0.00442	0.00534	0.00337	0.00332	0.00659	0.00996	0.01379	0.71323	0.02845	0.16924	0.00772	0.00429	0.00116	0.00174	0.00675	0.00390	0.00337
2	0.00972	0.87446	0.01905	0.00622	0.00933	0.01438	0.00622	0.01088	0.00738	0.00855	0.00505	0.00583	0.00466	0.00311	0.00233	0.00078	0.00389	0.00194	0.00155	0.00466
3	0.00511	0.00369	0.00483	0.00460	0.00542	0.00341	0.00343	0.00677	0.01013	0.01432	0.80840	0.06714	0.03381	0.00762	0.00430	0.00116	0.00173	0.00675	0.00397	0.00341
4	0.00874	0.00754	0.00808	0.00699	0.00928	0.00819	0.00546	0.01726	0.67448	0.01453	0.01311	0.01234	0.00994	0.00448	0.00350	0.00109	0.00284	0.00371	0.00339	0.18505
5	0.01631	0.00619	0.00843	0.00647	0.00928	0.00534	0.00534	0.01771	0.01040	0.85211	0.01434	0.01237	0.00900	0.00450	0.00365	0.00112	0.00309	0.00365	0.00450	0.00619
6	0.00480	0.00352	0.00431	0.00506	0.00535	0.02350	0.00341	0.00551	0.00708	0.00954	0.01916	0.79444	0.02263	0.01075	0.00447	0.00142	0.00219	0.00970	0.06016	0.00301
7	0.00729	0.01880	0.85344	0.01036	0.01573	0.00844	0.01343	0.01151	0.00767	0.01151	0.00652	0.00767	0.00460	0.00345	0.00345	0.00115	0.00537	0.00269	0.00153	0.00537
8	0.00586	0.00418	0.00586	0.00669	0.00753	0.00418	0.00586	0.00753	0.00837	0.01088	0.01924	0.04100	0.02092	0.01004	0.00502	0.00167	0.00335	0.82513	0.00335	0.00335
9	0.00514	0.00372	0.00486	0.00457	0.00543	0.00343	0.00343	0.00686	0.01029	0.01457	0.84768	0.02715	0.03429	0.00743	0.00429	0.00114	0.00171	0.00657	0.00400	0.00343
10	0.00900	0.00864	0.01475	0.02231	0.84960	0.00864	0.01115	0.01115	0.00828	0.01187	0.00684	0.00900	0.00576	0.00324	0.00360	0.00108	0.00432	0.00324	0.00180	0.00576
11	0.00631	0.00316	0.00473	0.00473	0.00473	0.00316	0.00316	0.00473	0.00473	0.00631	0.00631	0.01105	0.00631	0.01263	0.01420	0.89426	0.00316	0.00316	0.00158	0.00158
12	0.00529	0.00352	0.00396	0.00396	0.00396	0.00352	0.00220	0.00529	0.00529	0.00705	0.01145	0.02378	0.01321	0.87227	0.01850	0.00352	0.00352	0.00529	0.00220	0.00220
13	0.00972	0.87446	0.01905	0.00622	0.00933	0.01438	0.00622	0.01088	0.00738	0.00855	0.00505	0.00583	0.00466	0.00311	0.00233	0.00078	0.00389	0.00194	0.00155	0.00466
14	0.01393	0.01000	0.01079	0.00827	0.01118	0.01100	0.00684	0.79963	0.01678	0.06119	0.00899	0.00889	0.00631	0.00437	0.00364	0.00109	0.00396	0.00329	0.00368	0.00618
15	0.01358	0.01732	0.01030	0.00936	0.01124	0.85768	0.00702	0.01451	0.01030	0.00890	0.00562	0.00655	0.00468	0.00375	0.00328	0.00094	0.00655	0.00234	0.00187	0.00421
16	0.00519	0.00389	0.00584	0.00584	0.00649	0.00454	0.00454	0.00649	0.00584	0.00844	0.00974	0.01428	0.00909	0.02726	0.85787	0.00584	0.00974	0.00389	0.00195	0.00325
17	0.00795	0.00795	0.01113	0.00954	0.00954	0.01113	0.00795	0.00875	0.00557	0.00875	0.00477	0.00795	0.00477	0.00636	0.01193	0.00159	0.86562	0.00318	0.00159	0.00398
18	0.00519	0.00389	0.00584	0.00584	0.00649	0.00454	0.00454	0.00649	0.00584	0.00844	0.00974	0.01428	0.00909	0.02726	0.85787	0.00584	0.00974	0.00389	0.00195	0.00325
19	0.00514	0.00372	0.00486	0.00457	0.00543	0.00343	0.00343	0.00686	0.01029	0.01457	0.84768	0.02715	0.03429	0.00743	0.00429	0.00114	0.00171	0.00657	0.00400	0.00343
20	0.00686	0.00646	0.01090	0.86353	0.02503	0.00807	0.01009	0.00929	0.00727	0.00929	0.00646	0.00969	0.00484	0.00363	0.00363	0.00121	0.00484	0.00323	0.00161	0.00404
21	0.00754	0.00646	0.00754	0.00538	0.00861	0.00484	0.00431	0.00915	0.00754	0.01184	0.00646	0.00754	0.00538	0.00269	0.00269	0.00054	0.00269	0.00215	0.00215	0.89449
22	0.00904	0.00781	0.00822	0.00740	0.00945	0.00904	0.00575	0.01931	0.84303	0.01520	0.01479	0.01356	0.01109	0.00493	0.00370	0.00123	0.00288	0.00411	0.00370	0.00575
23	0.00526	0.00351	0.00397	0.00399	0.00400	0.00351	0.00223	0.00528	0.00533	0.00710	0.01167	0.04507	0.01349	0.85061	0.01815	0.00347	0.00349	0.00541	0.00223	0.00222
24	0.05495	0.01030	0.01050	0.00820	0.01099	0.05444	0.00673	0.72154	0.05163	0.02155	0.00866	0.00869	0.00621	0.00431	0.00356	0.00109	0.00403	0.00320	0.00348	0.00596
25	0.00894	0.00939	0.01125	0.01101	0.12740	0.14161	0.00800	0.01001	0.00682	0.00943	0.00531	0.00785	0.00494	0.00526	0.00876	0.00134	0.55032	0.00299	0.00170	0.06767
26	0.05993	0.03224	0.01055	0.00811	0.01084	0.08556	0.00664	0.63348	0.06426	0.03952	0.00865	0.00868	0.00625	0.00426	0.00350	0.00108	0.00407	0.00315	0.00338	0.00583
27	0.00868	0.00742	0.00792	0.00721	0.00914	0.00852	0.00561	0.01811	0.76424	0.01488	0.04429	0.03769	0.01257	0.00536	0.00379	0.00125	0.00283	0.03128	0.00369	0.00552
28	0.00871	0.13170	0.45231	0.01053	0.01484	0.04726	0.18514	0.03397	0.03084	0.04108	0.00702	0.00818	0.00518	0.00344	0.00349	0.00111	0.00520	0.00300	0.00184	0.00519
29	0.00526	0.00353	0.00403	0.00405	0.00408	0.00354	0.00231	0.00532	0.00535	0.00715	0.01162	0.04593	0.01337	0.82172	0.04565	0.00355	0.00369	0.00537	0.00222	0.00226
30	0.00892	0.00856	0.01461	0.05341	0.81911	0.00861	0.01112	0.01109	0.00824	0.01178	0.00682	0.00902	0.00572	0.00325	0.00360	0.00108	0.00434	0.00324	0.00179	0.00569
31	0.00442	0.00319	0.00419	0.00500	0.00525	0.00296	0.00334	0.00507	0.00702	0.00930	0.02083	0.83027	0.06315	0.01128	0.00462	0.00146	0.00210	0.01021	0.00337	0.00296
32	0.01279	0.01577	0.00991	0.00888	0.01084	0.73267	0.00669	0.02804	0.03805	0.00970	0.02731	0.00742	0.00572	0.00381	0.00328	0.00093	0.00599	0.00251	0.00204	0.06767

[dist]
# distance from previous block
# <min> <max>
0	4

[block]
# block no. 3 follows, 76 sequences, length 40
# corresponding to MSA columns:
# 180-219
name=unknown_D
#
# <colnr> <probs for GDERKNQSTAVLIFYWHMCP>
#	G	D	E	R	K	N	Q	S	T	A	V	L	I	F	Y	W	H	M	C	P
0	0.68684	0.07078	0.02738	0.00546	0.00782	0.03622	0.00465	0.07578	0.00732	0.01570	0.00585	0.03211	0.00481	0.00369	0.00250	0.00110	0.00315	0.00235	0.00231	0.00418
1	0.00822	0.00775	0.01288	0.01000	0.02190	0.02137	0.35089	0.12764	0.07646	0.02263	0.06692	0.09263	0.15297	0.00549	0.00415	0.00122	0.00415	0.00534	0.00281	0.00458
2	0.00900	0.00864	0.01475	0.02231	0.84960	0.00864	0.01115	0.01115	0.00828	0.01187	0.00684	0.00900	0.00576	0.00324	0.00360	0.00108	0.00432	0.00324	0.00180	0.00576
3	0.00800	0.00645	0.00758	0.00544	0.00865	0.00487	0.00436	0.00960	0.00769	0.05604	0.00687	0.00779	0.00557	0.00279	0.00274	0.00057	0.00271	0.00223	0.00228	0.84777
4	0.00501	0.00366	0.00471	0.00456	0.00538	0.00335	0.00337	0.00655	0.00980	0.01368	0.70357	0.11422	0.09262	0.00797	0.00432	0.00118	0.00176	0.00704	0.00389	0.00335
5	0.01028	0.68900	0.03075	0.00670	0.02135	0.05907	0.00631	0.03225	0.00812	0.06756	0.03553	0.00722	0.00606	0.00343	0.00261	0.00084	0.00393	0.00231	0.00192	0.00477
6	0.00734	0.03674	0.83594	0.01027	0.01560	0.00857	0.01328	0.01150	0.00767	0.01145	0.00649	0.00763	0.00461	0.00345	0.00343	0.00114	0.00534	0.00267	0.00154	0.00536
7	0.00523	0.00376	0.00514	0.00514	0.00555	0.00416	0.00367	0.00604	0.00563	0.00792	0.01038	0.01783	0.01063	0.34308	0.54415	0.00497	0.00741	0.00441	0.00204	0.00286
8	0.00534	0.00454	0.00501	0.00585	0.02618	0.07809	0.00388	0.00604	0.00728	0.00931	0.01845	0.77335	0.02190	0.01052	0.00449	0.00142	0.00255	0.00946	0.00320	0.00313
9	0.00729	0.01880	0.85344	0.01036	0.01573	0.00844	0.01343	0.01151	0.00767	0.01151	0.00652	0.00767	0.00460	0.00345	0.00345	0.00115	0.00537	0.00269	0.00153	0.00537
10	0.01631	0.00619	0.00843	0.00647	0.00928	0.00534	0.00534	0.01771	0.01040	0.85211	0.01434	0.01237	0.00900	0.00450	0.00365	0.00112	0.00309	0.00365	0.00450	0.00619
11	0.00900	0.00864	0.01475	0.02231	0.84960	0.00864	0.01115	0.01115	0.00828	0.01187	0.00684	0.00900	0.00576	0.00324	0.00360	0.00108	0.00432	0.00324	0.00180	0.00576
12	0.01252	0.02810	0.27205	0.00893	0.04714	0.00706	0.05787	0.04291	0.00952	0.46046	0.01080	0.01036	0.00711	0.00400	0.00360	0.00113	0.00408	0.00333	0.00322	0.00581
13	0.00484	0.00385	0.00594	0.00605	0.00665	0.00359	0.08759	0.00573	0.00717	0.00954	0.01932	0.75451	0.05021	0.01047	0.00459	0.00144	0.00251	0.00963	0.00322	0.00315
14	0.89794	0.00703	0.00534	0.00478	0.00703	0.00815	0.00394	0.01068	0.00619	0.01631	0.00506	0.00590	0.00394	0.00337	0.00225	0.00112	0.00281	0.00197	0.00225	0.00394
15	0.00462	0.00369	0.00413	0.00402	0.00511	0.00320	0.00301	0.00584	0.00904	0.01161	0.34289	0.03202	0.54093	0.00853	0.00429	0.00120	0.00179	0.00726	0.00361	0.00320
16	0.00771	0.01510	0.53958	0.01138	0.02701	0.00870	0.20888	0.02289	0.02733	0.01158	0.00764	0.00908	0.02714	0.00373	0.00419	0.00120	0.05669	0.00328	0.00174	0.00514
17	0.00904	0.00781	0.00822	0.00740	0.00945	0.00904	0.00575	0.01931	0.84303	0.01520	0.01479	0.01356	0.01109	0.00493	0.00370	0.00123	0.00288	0.00411	0.00370	0.00575
18	0.00711	0.00685	0.01189	0.74733	0.02388	0.00822	0.09476	0.00987	0.03585	0.00973	0.00684	0.00983	0.00513	0.00362	0.00370	0.00121	0.00491	0.00337	0.00171	0.00418
19	0.00754	0.00646	0.00754	0.00538	0.00861	0.00484	0.00431	0.00915	0.00754	0.01184	0.00646	0.00754	0.00538	0.00269	0.00269	0.00054	0.00269	0.00215	0.00215	0.89449
20	0.00514	0.00372	0.00486	0.00457	0.00543	0.00343	0.00343	0.00686	0.01029	0.01457	0.84768	0.02715	0.03429	0.00743	0.00429	0.00114	0.00171	0.00657	0.00400	0.00343
21	0.00453	0.00337	0.00422	0.00469	0.00523	0.00306	0.00326	0.00542	0.00783	0.01035	0.17301	0.54474	0.19657	0.01022	0.00450	0.00136	0.00198	0.00910	0.00349	0.00306
22	0.00463	0.00340	0.00435	0.00473	0.00527	0.00311	0.00331	0.00564	0.00816	0.01099	0.27869	0.50146	0.13308	0.00988	0.00449	0.00134	0.00195	0.00883	0.00357	0.00311
23	0.89794	0.00703	0.00534	0.00478	0.00703	0.00815	0.00394	0.01068	0.00619	0.01631	0.00506	0.00590	0.00394	0.00337	0.00225	0.00112	0.00281	0.00197	0.00225	0.00394
24	0.00754	0.00646	0.00754	0.00538	0.00861	0.00484	0.00431	0.00915	0.00754	0.01184	0.00646	0.00754	0.00538	0.00269	0.00269	0.00054	0.00269	0.00215	0.00215	0.89449
25	0.00489	0.00370	0.00451	0.00433	0.00528	0.00332	0.00324	0.00636	0.00966	0.01313	0.60192	0.04366	0.26671	0.00800	0.00430	0.00117	0.00176	0.00695	0.00381	0.00332
26	0.01366	0.01010	0.01082	0.00833	0.01121	0.01120	0.00687	0.81135	0.04346	0.02266	0.00892	0.00888	0.00634	0.00438	0.00364	0.00110	0.00396	0.00330	0.00364	0.00617
27	0.00518	0.00371	0.00502	0.00507	0.00544	0.00406	0.00357	0.00594	0.00569	0.00795	0.01100	0.06810	0.01156	0.35256	0.48380	0.00469	0.00689	0.00481	0.00213	0.00283
28	0.00443	0.00316	0.00422	0.00506	0.00527	0.00295	0.00337	0.00506	0.00696	0.00928	0.02003	0.86990	0.02404	0.01139	0.00464	0.00148	0.00211	0.01033	0.00337	0.00295
29	0.00638	0.00474	0.00613	0.00583	0.00655	0.00540	0.00434	0.00864	0.13151	0.04026	0.02195	0.03355	0.01080	0.24517	0.38687	0.00391	0.06767	0.00440	0.00240	0.00350
30	0.00443	0.00316	0.00422	0.00506	0.00527	0.00295	0.00337	0.00506	0.00696	0.00928	0.02003	0.86990	0.02404	0.01139	0.00464	0.00148	0.00211	0.01033	0.00337	0.00295
31	0.89794	0.00703	0.00534	0.00478	0.00703	0.00815	0.00394	0.01068	0.00619	0.01631	0.00506	0.00590	0.00394	0.00337	0.00225	0.00112	0.00281	0.00197	0.00225	0.00394
32	0.00900	0.00864	0.01475	0.02231	0.84960	0.00864	0.01115	0.01115	0.00828	0.01187	0.00684	0.00900	0.00576	0.00324	0.00360	0.00108	0.00432	0.00324	0.00180	0.00576
33	0.01470	0.00672	0.00861	0.00654	0.00943	0.00600	0.00538	0.11762	0.01080	0.62557	0.01248	0.01121	0.00812	0.00421	0.00351	0.00103	0.00315	0.00339	0.00405	0.13749
34	0.00942	0.77145	0.11949	0.00672	0.01010	0.01367	0.00709	0.01096	0.00742	0.00891	0.00523	0.00605	0.00466	0.00315	0.00247	0.00082	0.00407	0.00203	0.00155	0.00475
35	0.00903	0.00876	0.01437	0.05505	0.78065	0.03089	0.01091	0.01131	0.02248	0.01175	0.00692	0.00904	0.00578	0.00330	0.00359	0.00108	0.00437	0.00323	0.00183	0.00565
36	0.02729	0.75401	0.11922	0.00669	0.01005	0.01354	0.00704	0.01095	0.00740	0.00906	0.00523	0.00605	0.00464	0.00316	0.00247	0.00083	0.00404	0.00203	0.00157	0.00473
37	0.01292	0.00996	0.01029	0.00811	0.01070	0.06186	0.00660	0.70226	0.01551	0.02053	0.00869	0.00945	0.00651	0.03203	0.06611	0.00150	0.00456	0.00332	0.00336	0.00573
38	0.00518	0.00361	0.00504	0.00550	0.00598	0.00339	0.03049	0.00613	0.02545	0.04582	0.01926	0.78634	0.02251	0.01068	0.00456	0.00145	0.00230	0.00971	0.00338	0.00322
39	0.05738	0.78180	0.06315	0.00636	0.00955	0.01373	0.00648	0.01091	0.00734	0.00913	0.00513	0.00593	0.00462	0.00314	0.00239	0.00082	0.00391	0.00198	0.00159	0.00466

[dist]
# distance from previous block
# <min> <max>
0	1

[block]
# block no. 4 follows, 76 sequences, length 57
# corresponding to MSA columns:
# 221-277
name=unknown_E
#
# <colnr> <probs for GDERKNQSTAVLIFYWHMCP>
#	G	D	E	R	K	N	Q	S	T	A	V	L	I	F	Y	W	H	M	C	P
0	0.00461	0.00335	0.00437	0.00515	0.00544	0.00319	0.00347	0.00562	0.03979	0.00951	0.01983	0.83627	0.02353	0.01113	0.00460	0.00147	0.00214	0.01009	0.00339	0.00306
1	0.00882	0.34216	0.44231	0.00895	0.02869	0.06693	0.02009	0.01157	0.00780	0.02356	0.00605	0.00703	0.00473	0.00335	0.00303	0.00099	0.00484	0.00243	0.00162	0.00504
2	0.00708	0.00598	0.00705	0.00534	0.00812	0.00457	0.00417	0.00855	0.00745	0.01147	0.00845	0.13414	0.00812	0.00397	0.00298	0.00068	0.00261	0.00335	0.00233	0.76360
3	0.00435	0.00347	0.00390	0.00425	0.00506	0.00302	0.00301	0.00515	0.00774	0.00960	0.02994	0.37705	0.51049	0.01010	0.00444	0.00133	0.00195	0.00876	0.00337	0.00302
4	0.01333	0.01025	0.03256	0.00835	0.01127	0.01105	0.00700	0.76202	0.07142	0.02210	0.00907	0.00902	0.00646	0.00438	0.00364	0.00110	0.00396	0.00331	0.00359	0.00613
5	0.00446	0.00319	0.00428	0.00509	0.00532	0.00301	0.00342	0.00512	0.00691	0.00924	0.01963	0.83630	0.02345	0.01201	0.03815	0.00165	0.00241	0.01008	0.00332	0.00296
6	0.00443	0.00316	0.00422	0.00506	0.00527	0.00295	0.00337	0.00506	0.00696	0.00928	0.02003	0.86990	0.02404	0.01139	0.00464	0.00148	0.00211	0.01033	0.00337	0.00295
7	0.00821	0.18153	0.37156	0.00820	0.01232	0.00873	0.04054	0.05250	0.00809	0.01161	0.00636	0.00741	0.00496	0.00320	0.00306	0.00090	0.00427	0.00248	0.00184	0.26224
8	0.00903	0.00933	0.04838	0.02114	0.75256	0.03168	0.05194	0.01128	0.00832	0.01177	0.00682	0.00892	0.00567	0.00325	0.00362	0.00109	0.00451	0.00324	0.00179	0.00566
9	0.00455	0.00337	0.00412	0.00458	0.00507	0.00308	0.00312	0.00528	0.00739	0.00965	0.09721	0.51285	0.21485	0.10004	0.00597	0.00160	0.00216	0.00885	0.00331	0.00294
10	0.00455	0.00331	0.00431	0.00502	0.00535	0.00311	0.00340	0.00546	0.02507	0.00968	0.05919	0.76988	0.06627	0.01095	0.00459	0.00144	0.00209	0.00989	0.00341	0.00304
11	0.00756	0.00655	0.00791	0.00565	0.00889	0.00496	0.02688	0.00922	0.00756	0.01184	0.00648	0.00760	0.00539	0.00270	0.00273	0.00056	0.00278	0.00221	0.00214	0.87036
12	0.00514	0.00365	0.00474	0.00475	0.00548	0.00338	0.00346	0.00663	0.01985	0.02622	0.56449	0.26863	0.05279	0.00853	0.00437	0.00124	0.00187	0.00760	0.00381	0.00336
13	0.00519	0.00389	0.00584	0.00584	0.00649	0.00454	0.00454	0.00649	0.00584	0.00844	0.00974	0.01428	0.00909	0.02726	0.85787	0.00584	0.00974	0.00389	0.00195	0.00325
14	0.01099	0.00745	0.02694	0.01118	0.24178	0.04040	0.05124	0.03334	0.04785	0.30490	0.11430	0.01432	0.06941	0.00472	0.00378	0.00112	0.00353	0.00415	0.00325	0.00533
15	0.00842	0.04993	0.60206	0.01049	0.01521	0.00902	0.11422	0.09913	0.02047	0.02720	0.00705	0.00814	0.00505	0.00353	0.00354	0.00114	0.00519	0.00295	0.00188	0.00539
16	0.00444	0.00343	0.00408	0.00448	0.00517	0.00307	0.00316	0.00528	0.00769	0.00982	0.08097	0.44862	0.36255	0.01066	0.02768	0.00147	0.00218	0.00882	0.00338	0.00304
17	0.00447	0.00323	0.00418	0.00490	0.00519	0.00299	0.00328	0.00512	0.00707	0.00935	0.03872	0.75237	0.08876	0.04543	0.00516	0.00153	0.00214	0.00984	0.00334	0.00294
18	0.01139	0.03221	0.07109	0.01243	0.21005	0.08643	0.14644	0.09609	0.05864	0.21073	0.02254	0.01006	0.00708	0.00384	0.00368	0.00111	0.00444	0.00347	0.00275	0.00552
19	0.00882	0.00947	0.07306	0.02025	0.66325	0.00871	0.12294	0.01141	0.02485	0.01188	0.00704	0.00910	0.00575	0.00326	0.00368	0.00111	0.00461	0.00336	0.00182	0.00561
20	0.00442	0.00318	0.00420	0.00502	0.00526	0.00296	0.00336	0.00506	0.00699	0.00929	0.02049	0.84719	0.04645	0.01133	0.00463	0.00147	0.00210	0.01026	0.00337	0.00296
21	0.02870	0.00676	0.01021	0.01059	0.20221	0.00657	0.06159	0.05234	0.01830	0.35567	0.03337	0.05656	0.02574	0.00685	0.08598	0.00161	0.02435	0.00407	0.00320	0.00532
22	0.01131	0.12889	0.25027	0.01058	0.16838	0.00833	0.00890	0.04424	0.01880	0.30137	0.00925	0.00940	0.00648	0.00378	0.00341	0.00108	0.00411	0.00306	0.00271	0.00566
23	0.01631	0.00619	0.00843	0.00647	0.00928	0.00534	0.00534	0.01771	0.01040	0.85211	0.01434	0.01237	0.00900	0.00450	0.00365	0.00112	0.00309	0.00365	0.00450	0.00619
24	0.89794	0.00703	0.00534	0.00478	0.00703	0.00815	0.00394	0.01068	0.00619	0.01631	0.00506	0.00590	0.00394	0.00337	0.00225	0.00112	0.00281	0.00197	0.00225	0.00394
25	0.01557	0.00602	0.00820	0.00634	0.00902	0.00521	0.00521	0.01699	0.01040	0.79651	0.06967	0.01335	0.01068	0.00469	0.00370	0.00113	0.00300	0.00385	0.00447	0.00600
26	0.00922	0.02836	0.10527	0.01384	0.34603	0.04439	0.02140	0.01464	0.32856	0.03577	0.00998	0.01053	0.00769	0.00396	0.00359	0.00114	0.00396	0.00347	0.00257	0.00562
27	0.01041	0.08054	0.23924	0.00953	0.02613	0.04545	0.09238	0.30481	0.11736	0.01573	0.01837	0.00907	0.00646	0.00395	0.00355	0.00111	0.00452	0.00322	0.00263	0.00554
28	0.00498	0.00371	0.00463	0.00440	0.00533	0.00336	0.00330	0.00654	0.00990	0.01366	0.69204	0.02865	0.19050	0.00777	0.00429	0.00116	0.00174	0.00678	0.00388	0.00336
29	0.00858	0.00980	0.02145	0.01532	0.01900	0.00919	0.83640	0.01164	0.00858	0.01164	0.00735	0.00980	0.00551	0.00306	0.00429	0.00123	0.00613	0.00429	0.00184	0.00490
30	0.00446	0.00356	0.00399	0.00424	0.00513	0.00311	0.00309	0.00536	0.00800	0.00996	0.08006	0.26644	0.52643	0.02138	0.00461	0.00134	0.00199	0.04041	0.00340	0.00306
31	0.00972	0.87446	0.01905	0.00622	0.00933	0.01438	0.00622	0.01088	0.00738	0.00855	0.00505	0.00583	0.00466	0.00311	0.00233	0.00078	0.00389	0.00194	0.00155	0.00466
32	0.00729	0.01880	0.85344	0.01036	0.01573	0.00844	0.01343	0.01151	0.00767	0.01151	0.00652	0.00767	0.00460	0.00345	0.00345	0.00115	0.00537	0.00269	0.00153	0.00537
33	0.00754	0.00646	0.00754	0.00538	0.00861	0.00484	0.00431	0.00915	0.00754	0.01184	0.00646	0.00754	0.00538	0.00269	0.00269	0.00054	0.00269	0.00215	0.00215	0.89449
34	0.00545	0.00425	0.00483	0.00457	0.00573	0.00404	0.00346	0.01842	0.10620	0.01293	0.40343	0.02774	0.33532	0.00764	0.00414	0.00117	0.00193	0.00653	0.03862	0.00360
35	0.00443	0.00316	0.00422	0.00506	0.00527	0.00295	0.00337	0.00506	0.00696	0.00928	0.02003	0.86990	0.02404	0.01139	0.00464	0.00148	0.00211	0.01033	0.00337	0.00295
36	0.00514	0.00372	0.00486	0.00457	0.00543	0.00343	0.00343	0.00686	0.01029	0.01457	0.84768	0.02715	0.03429	0.00743	0.00429	0.00114	0.00171	0.00657	0.00400	0.00343
37	0.00445	0.00317	0.00421	0.00504	0.00525	0.00296	0.00335	0.00507	0.00692	0.00923	0.01986	0.85284	0.02382	0.02874	0.00492	0.00152	0.00214	0.01023	0.00335	0.00294
38	0.00972	0.87446	0.01905	0.00622	0.00933	0.01438	0.00622	0.01088	0.00738	0.00855	0.00505	0.00583	0.00466	0.00311	0.00233	0.00078	0.00389	0.00194	0.00155	0.00466
39	0.00443	0.00316	0.00422	0.00506	0.00527	0.00295	0.00337	0.00506	0.00696	0.00928	0.02003	0.86990	0.02404	0.01139	0.00464	0.00148	0.00211	0.01033	0.00337	0.00295
40	0.00825	0.16781	0.06532	0.00602	0.00929	0.01718	0.00537	0.01029	0.04090	0.03027	0.00670	0.00757	0.00550	0.00296	0.00274	0.00067	0.00315	0.00226	0.00211	0.60563
41	0.00872	0.03227	0.50036	0.01224	0.12589	0.00850	0.14078	0.03193	0.00836	0.08588	0.00741	0.00858	0.00533	0.00347	0.00360	0.00114	0.00509	0.00309	0.00193	0.00543
42	0.01081	0.05062	0.17431	0.01261	0.22163	0.26749	0.04289	0.10920	0.02076	0.03695	0.00720	0.00828	0.01375	0.00367	0.00346	0.00105	0.00514	0.00292	0.00210	0.00517
43	0.00652	0.00499	0.03925	0.00521	0.00656	0.00442	0.00419	0.00924	0.10874	0.08129	0.57317	0.02413	0.09087	0.01998	0.00435	0.00120	0.00215	0.00596	0.00383	0.00396
44	0.00851	0.00932	0.01944	0.05021	0.17325	0.00892	0.63365	0.01133	0.00844	0.01154	0.00747	0.02673	0.00590	0.00328	0.00414	0.00120	0.00566	0.00417	0.00185	0.00499
45	0.03137	0.16550	0.01104	0.00753	0.04574	0.05951	0.00605	0.13279	0.02135	0.46638	0.01083	0.01005	0.00734	0.00411	0.00336	0.00104	0.00362	0.00316	0.00351	0.00572
46	0.01436	0.00643	0.00917	0.00885	0.13870	0.00579	0.00614	0.01602	0.02695	0.65794	0.01351	0.06008	0.00939	0.00470	0.00370	0.00114	0.00322	0.00398	0.00400	0.00593
47	0.00508	0.00364	0.00436	0.00435	0.00475	0.00367	0.00287	0.00558	0.00608	0.00805	0.03497	0.02378	0.16815	0.49937	0.20666	0.00357	0.00458	0.00544	0.00240	0.00263
48	0.00906	0.00867	0.01486	0.03858	0.57476	0.02826	0.15226	0.03111	0.00874	0.03474	0.05725	0.01026	0.00747	0.00354	0.00375	0.00111	0.00450	0.00361	0.00205	0.00542
49	0.02735	0.05282	0.10738	0.00975	0.12996	0.00871	0.02497	0.05089	0.41053	0.07846	0.05246	0.01197	0.00976	0.00442	0.00359	0.00116	0.00350	0.00372	0.00307	0.00554
50	0.01515	0.00624	0.00825	0.00647	0.00911	0.00563	0.00528	0.01740	0.09222	0.73630	0.02733	0.01299	0.00970	0.02551	0.00403	0.00119	0.00306	0.00378	0.00436	0.00600
51	0.00520	0.00385	0.00564	0.00564	0.00622	0.00443	0.00429	0.00636	0.00578	0.00829	0.00992	0.01531	0.00953	0.11904	0.76670	0.00559	0.00906	0.00405	0.00197	0.00313
52	0.00936	0.23226	0.35709	0.00944	0.06182	0.07445	0.00955	0.10322	0.08768	0.01219	0.00712	0.00787	0.00548	0.00362	0.00321	0.00104	0.00464	0.00270	0.00202	0.00525
53	0.00937	0.00584	0.00826	0.00767	0.06949	0.00592	0.05729	0.06386	0.05827	0.22574	0.02213	0.01520	0.02461	0.19945	0.18840	0.00267	0.02434	0.00417	0.00289	0.00441
54	0.00460	0.00323	0.00417	0.00485	0.00501	0.00306	0.00314	0.00510	0.00663	0.00884	0.01834	0.70348	0.02191	0.18071	0.00737	0.00188	0.00239	0.00934	0.00314	0.00280
55	0.21137	0.00744	0.02820	0.00678	0.03045	0.05311	0.00544	0.09128	0.00975	0.34344	0.13097	0.01202	0.01066	0.00463	0.00373	0.00113	0.03755	0.00354	0.00344	0.00506
56	0.16342	0.02093	0.04245	0.01114	0.20226	0.08266	0.08860	0.06983	0.05383	0.14551	0.00924	0.07823	0.00756	0.00432	0.00348	0.00114	0.00400	0.00369	0.00266	0.00507

[dist]
# distance from previous block
# <min> <max>
2	5

[block]
# block no. 5 follows, 76 sequences, length 46
# corresponding to MSA columns:
# 283-328
name=unknown_F
#
# <colnr> <probs for GDERKNQSTAVLIFYWHMCP>
#	G	D	E	R	K	N	Q	S	T	A	V	L	I	F	Y	W	H	M	C	P
0	0.00733	0.00593	0.00701	0.00531	0.00807	0.00456	0.00417	0.00881	0.00766	0.03995	0.02985	0.10293	0.03618	0.00403	0.00303	0.00070	0.00259	0.00339	0.00245	0.71605
1	0.01060	0.04169	0.21454	0.01383	0.32030	0.09831	0.02252	0.08713	0.00943	0.13545	0.00785	0.00879	0.00584	0.00362	0.00351	0.00108	0.00461	0.00305	0.00230	0.00555
