[name]
unknown

[dist]
# distance from previous block
# <min> <max>
0	53

[block]
# block no. 0 follows, 67 sequences, length 13
# corresponding to MSA columns:
# 64-76
name=unknown_A
#
# <colnr> <probs for GDERKNQSTAVLIFYWHMCP>
#	G	D	E	R	K	N	Q	S	T	A	V	L	I	F	Y	W	H	M	C	P
0	0.10633	0.02494	0.08144	0.00776	0.01097	0.00773	0.01878	0.14625	0.01169	0.48537	0.01296	0.03096	0.00894	0.00496	0.00389	0.00125	0.00381	0.02156	0.00411	0.00629
1	0.01034	0.02565	0.16090	0.14760	0.16809	0.00808	0.05685	0.03328	0.00931	0.18695	0.01110	0.12314	0.00935	0.00528	0.00436	0.00132	0.02539	0.00464	0.00281	0.00554
2	0.01728	0.00661	0.00893	0.00690	0.00986	0.00575	0.00568	0.01885	0.01127	0.78069	0.01563	0.01374	0.00995	0.00494	0.00395	0.00122	0.00331	0.00401	0.06482	0.00661
3	0.00512	0.00363	0.00476	0.00541	0.00578	0.00343	0.00368	0.00576	0.00766	0.01018	0.05461	0.61678	0.09706	0.04146	0.05495	0.06032	0.00290	0.00985	0.00349	0.00318
4	0.04572	0.06823	0.10697	0.05721	0.19018	0.13516	0.08485	0.10167	0.01050	0.12038	0.00873	0.02201	0.00675	0.01933	0.00414	0.00124	0.00512	0.00353	0.00260	0.00570
5	0.00944	0.00959	0.04872	0.14438	0.63352	0.00959	0.01203	0.01186	0.00876	0.01246	0.00733	0.00991	0.00609	0.00385	0.00452	0.00125	0.05529	0.00354	0.00193	0.00594
6	0.00495	0.00352	0.00464	0.00550	0.00572	0.00330	0.00364	0.00560	0.00756	0.01007	0.02148	0.80147	0.02573	0.06861	0.00613	0.00178	0.00243	0.01103	0.00364	0.00320
7	0.01433	0.00712	0.00875	0.00700	0.00963	0.00685	0.00568	0.15627	0.07197	0.46102	0.09227	0.01639	0.07024	0.00563	0.00409	0.00124	0.00325	0.00459	0.04757	0.00611
8	0.02517	0.01199	0.14587	0.07209	0.10730	0.06077	0.29101	0.12054	0.02390	0.05796	0.00877	0.02622	0.00668	0.00407	0.00418	0.00127	0.00557	0.00399	0.01697	0.00567
9	0.03433	0.00555	0.01611	0.00619	0.00711	0.04145	0.00456	0.00900	0.07012	0.06765	0.07639	0.37277	0.06109	0.08922	0.06172	0.00202	0.04437	0.00766	0.01879	0.00391
10	0.04303	0.00945	0.01018	0.00838	0.01103	0.03934	0.00661	0.30957	0.10125	0.16008	0.08299	0.01466	0.01191	0.00694	0.04225	0.00163	0.00438	0.00436	0.06237	0.06960
11	0.06837	0.00658	0.03316	0.00776	0.05640	0.00627	0.00591	0.07590	0.04312	0.19883	0.18552	0.12933	0.01808	0.00849	0.05443	0.00167	0.01918	0.07221	0.00381	0.00498
12	0.07741	0.13037	0.19360	0.02054	0.07886	0.12160	0.04241	0.08948	0.03397	0.06620	0.02811	0.00926	0.00676	0.00401	0.00356	0.00111	0.00485	0.00310	0.00247	0.08233

[dist]
# distance from previous block
# <min> <max>
9	58

[block]
# block no. 1 follows, 67 sequences, length 29
# corresponding to MSA columns:
# 146-174
name=unknown_B
#
# <colnr> <probs for GDERKNQSTAVLIFYWHMCP>
#	G	D	E	R	K	N	Q	S	T	A	V	L	I	F	Y	W	H	M	C	P
0	0.01075	0.12027	0.08247	0.04902	0.24691	0.07883	0.13043	0.09907	0.01026	0.05423	0.00964	0.02612	0.04473	0.00427	0.00392	0.00118	0.00503	0.00381	0.00241	0.01664
1	0.02234	0.00642	0.04637	0.00764	0.06672	0.04392	0.00546	0.08422	0.00945	0.01251	0.05724	0.44443	0.12582	0.00965	0.00470	0.00146	0.00311	0.04100	0.00346	0.00408
2	0.03033	0.04837	0.04652	0.00870	0.03567	0.04639	0.03072	0.26222	0.04069	0.01537	0.00994	0.01349	0.00858	0.05232	0.22342	0.00271	0.03794	0.04211	0.00284	0.04165
3	0.08554	0.07395	0.11299	0.00942	0.04326	0.03054	0.01817	0.30847	0.21837	0.02939	0.01021	0.01034	0.00759	0.00462	0.00393	0.00124	0.01904	0.00353	0.00327	0.00613
4	0.02505	0.00652	0.04600	0.00809	0.10008	0.00583	0.03454	0.08234	0.02449	0.01375	0.18810	0.02628	0.33639	0.02735	0.04468	0.00160	0.00340	0.01772	0.00342	0.00437
5	0.01056	0.00771	0.02745	0.00704	0.01021	0.02523	0.05408	0.05326	0.00960	0.18631	0.01164	0.01253	0.06291	0.04493	0.00434	0.00104	0.00351	0.00352	0.00305	0.46109
6	0.00523	0.00398	0.00486	0.00533	0.00608	0.00369	0.00386	0.02252	0.00855	0.01099	0.04877	0.44427	0.29067	0.01222	0.04503	0.00177	0.00277	0.07231	0.00367	0.00344
7	0.01182	0.04649	0.01163	0.04742	0.06084	0.04317	0.06165	0.18202	0.29675	0.11415	0.01258	0.05209	0.00971	0.00508	0.00403	0.00126	0.00406	0.00429	0.00356	0.02739
8	0.00767	0.00598	0.00726	0.00710	0.03839	0.04410	0.02182	0.00916	0.03127	0.05499	0.04432	0.27780	0.04705	0.07086	0.00630	0.00152	0.08511	0.03205	0.10202	0.10522
9	0.01171	0.04229	0.01350	0.05913	0.31191	0.24857	0.02703	0.12237	0.01102	0.01360	0.04334	0.00983	0.00732	0.00414	0.00396	0.00113	0.01717	0.00337	0.00238	0.04622
10	0.00823	0.07460	0.74565	0.01087	0.01652	0.00955	0.01382	0.01253	0.00844	0.01251	0.00709	0.00833	0.00513	0.00375	0.00369	0.00121	0.00568	0.00288	0.00173	0.04780
11	0.00590	0.04475	0.00585	0.00547	0.00598	0.00434	0.00388	0.00632	0.00718	0.00962	0.07956	0.29197	0.05670	0.13225	0.14472	0.16490	0.00419	0.02050	0.00288	0.00306
12	0.00857	0.06523	0.72050	0.01138	0.01691	0.04828	0.04939	0.01282	0.00863	0.01240	0.00710	0.00840	0.00513	0.00379	0.00378	0.00124	0.00594	0.00298	0.00173	0.00580
13	0.01737	0.04236	0.00603	0.00517	0.00652	0.03036	0.00397	0.00839	0.05698	0.03061	0.38344	0.05229	0.32491	0.00842	0.00454	0.00129	0.00234	0.00716	0.00392	0.00393
14	0.00492	0.00363	0.00458	0.00527	0.00572	0.00332	0.00358	0.00571	0.00805	0.01055	0.06306	0.65765	0.16404	0.03301	0.00542	0.00162	0.00229	0.01057	0.00372	0.00328
15	0.00575	0.00433	0.00515	0.00541	0.00620	0.00418	0.00385	0.03547	0.05123	0.01156	0.09558	0.36835	0.21723	0.10405	0.02293	0.00185	0.00274	0.04696	0.00364	0.00356
16	0.14401	0.00797	0.00944	0.00734	0.01038	0.00785	0.00607	0.20236	0.01249	0.53119	0.01291	0.01169	0.00840	0.00475	0.00380	0.00123	0.00360	0.00366	0.00438	0.00646
17	0.00490	0.00367	0.00455	0.00518	0.00573	0.00332	0.00356	0.00574	0.00825	0.01073	0.07476	0.60785	0.22374	0.01172	0.00500	0.00154	0.00223	0.01044	0.00376	0.00332
18	0.03130	0.00532	0.00560	0.00499	0.00648	0.00551	0.00389	0.12609	0.04260	0.07574	0.01272	0.01407	0.00976	0.01863	0.00339	0.00107	0.00246	0.00377	0.62210	0.00450
19	0.03041	0.19724	0.13117	0.10574	0.12417	0.02945	0.10592	0.09886	0.02131	0.04638	0.01656	0.00935	0.00625	0.00409	0.00427	0.00120	0.05648	0.00333	0.00226	0.00554
20	0.01384	0.00956	0.01006	0.00810	0.01074	0.06630	0.00653	0.41782	0.08280	0.17452	0.03434	0.02320	0.02338	0.02527	0.03009	0.00143	0.00423	0.00405	0.04762	0.00610
21	0.00995	0.00693	0.02193	0.02184	0.04558	0.00699	0.00571	0.08994	0.23537	0.14065	0.16197	0.06189	0.07781	0.00632	0.00415	0.00127	0.00300	0.00535	0.08801	0.00534
22	0.07858	0.08747	0.05547	0.00899	0.09009	0.04231	0.02256	0.14162	0.02425	0.02859	0.03179	0.00971	0.02084	0.00387	0.00338	0.00095	0.00387	0.00304	0.00265	0.33997
23	0.07067	0.06833	0.05891	0.08065	0.11143	0.08694	0.02005	0.11071	0.13539	0.03287	0.02777	0.04324	0.00873	0.02836	0.04239	0.00156	0.04836	0.00390	0.01441	0.00531
24	0.04036	0.11427	0.06368	0.00724	0.00969	0.05655	0.02181	0.12570	0.10532	0.06600	0.07340	0.08230	0.12082	0.04555	0.00471	0.00133	0.00370	0.00499	0.00325	0.04933
25	0.00819	0.00809	0.09211	0.02360	0.11382	0.02372	0.06851	0.03860	0.06892	0.04833	0.10847	0.11957	0.05743	0.07938	0.00579	0.00156	0.00389	0.08401	0.00311	0.04290
26	0.01153	0.17475	0.09051	0.01132	0.15388	0.12548	0.02677	0.14502	0.03399	0.06937	0.03174	0.05096	0.01559	0.00460	0.00371	0.00113	0.00468	0.00369	0.01075	0.03054
27	0.00886	0.00993	0.12405	0.04923	0.03170	0.05681	0.15685	0.08666	0.07313	0.02528	0.06953	0.05662	0.07986	0.08718	0.02823	0.00168	0.02471	0.00498	0.00279	0.02193
28	0.04244	0.06987	0.03246	0.01889	0.11204	0.00804	0.00686	0.08714	0.10261	0.27776	0.07955	0.01373	0.02969	0.00607	0.04271	0.00143	0.00394	0.00404	0.00361	0.05711

[dist]
# distance from previous block
# <min> <max>
1	12

[block]
# block no. 2 follows, 67 sequences, length 19
# corresponding to MSA columns:
# 187-205
name=unknown_C
#
# <colnr> <probs for GDERKNQSTAVLIFYWHMCP>
#	G	D	E	R	K	N	Q	S	T	A	V	L	I	F	Y	W	H	M	C	P
0	0.05583	0.11527	0.13671	0.09809	0.14720	0.01025	0.05374	0.16880	0.04041	0.03084	0.03181	0.03458	0.00765	0.00474	0.00433	0.02826	0.01975	0.00368	0.00255	0.00555
1	0.00791	0.02031	0.07088	0.00740	0.04843	0.03850	0.00573	0.04858	0.06336	0.08145	0.13154	0.28788	0.13441	0.00853	0.00456	0.00139	0.00313	0.02792	0.00362	0.00447
2	0.00494	0.00359	0.00461	0.00536	0.00573	0.00331	0.00361	0.00569	0.00792	0.01047	0.05810	0.70934	0.10961	0.04043	0.00557	0.00166	0.00233	0.01074	0.00371	0.00327
3	0.00791	0.09018	0.09552	0.00811	0.06487	0.08371	0.00632	0.00982	0.05010	0.02545	0.07838	0.19266	0.07635	0.13454	0.02013	0.00178	0.04112	0.00597	0.00284	0.00426
4	0.02671	0.23870	0.14657	0.05983	0.12948	0.14588	0.03931	0.09165	0.02304	0.02058	0.00709	0.00838	0.00568	0.00388	0.00363	0.00110	0.01679	0.00295	0.00215	0.02661
5	0.00749	0.00616	0.00938	0.09813	0.19655	0.00622	0.05460	0.02550	0.02599	0.01345	0.19576	0.08291	0.08011	0.03974	0.00481	0.00135	0.00339	0.00557	0.13840	0.00451
6	0.00506	0.00387	0.00437	0.00461	0.00535	0.00348	0.00315	0.00583	0.00820	0.01036	0.07696	0.26220	0.39670	0.18207	0.00801	0.00194	0.00248	0.00867	0.00350	0.00318
7	0.11737	0.00907	0.06980	0.08238	0.07156	0.00886	0.00735	0.25207	0.05218	0.09345	0.05122	0.02261	0.09277	0.03124	0.00459	0.00135	0.01905	0.00427	0.00331	0.00549
8	0.00836	0.00729	0.00950	0.03290	0.07056	0.04983	0.06666	0.02261	0.01969	0.03975	0.07089	0.18369	0.01276	0.00630	0.02305	0.00120	0.02282	0.00505	0.00283	0.34425
9	0.00689	0.00507	0.00755	0.00700	0.00801	0.00568	0.04178	0.04587	0.00731	0.04268	0.01081	0.01580	0.00994	0.08689	0.65723	0.00549	0.02539	0.00437	0.00235	0.00387
10	0.00541	0.00369	0.00457	0.00510	0.00529	0.00357	0.00328	0.00592	0.00704	0.00952	0.01804	0.47357	0.02113	0.34164	0.01100	0.00249	0.00296	0.03554	0.03728	0.00297
11	0.03190	0.00521	0.00617	0.00612	0.00713	0.04351	0.03047	0.00851	0.04100	0.06277	0.13227	0.38372	0.09616	0.05389	0.00552	0.00158	0.00287	0.04827	0.02910	0.00384
12	0.02115	0.06713	0.37758	0.06180	0.01526	0.04250	0.09313	0.06258	0.00979	0.08347	0.10069	0.01158	0.00940	0.00449	0.00414	0.00125	0.02232	0.00373	0.00249	0.00552
13	0.01047	0.00767	0.00811	0.00709	0.00891	0.04593	0.00549	0.33962	0.03500	0.04166	0.04668	0.25434	0.03794	0.00729	0.00420	0.00129	0.00337	0.00613	0.12376	0.00505
14	0.03096	0.00743	0.00848	0.00650	0.00956	0.00651	0.00516	0.12969	0.04798	0.01482	0.00926	0.08062	0.00818	0.00496	0.02723	0.00099	0.00336	0.00347	0.00281	0.59205
15	0.00991	0.05423	0.02783	0.23353	0.18262	0.14463	0.00899	0.06997	0.06964	0.01241	0.00982	0.05069	0.03278	0.01607	0.01741	0.00135	0.02172	0.00396	0.02736	0.00510
16	0.00934	0.03126	0.02071	0.01486	0.01833	0.00985	0.64579	0.04980	0.00962	0.01307	0.03394	0.04744	0.00811	0.02471	0.00541	0.00142	0.04392	0.00495	0.00226	0.00521
17	0.04903	0.00960	0.04672	0.18413	0.35318	0.04459	0.09962	0.05742	0.00944	0.01317	0.03529	0.03815	0.01840	0.00434	0.00421	0.00127	0.01975	0.00401	0.00223	0.00546
18	0.00576	0.00445	0.02849	0.00477	0.00527	0.00403	0.00322	0.00637	0.00715	0.00959	0.13630	0.02750	0.10440	0.57304	0.04765	0.00322	0.00372	0.01932	0.00285	0.00290

[dist]
# distance from previous block
# <min> <max>
6	27

[block]
# block no. 3 follows, 67 sequences, length 13
# corresponding to MSA columns:
# 233-245
name=unknown_D
#
# <colnr> <probs for GDERKNQSTAVLIFYWHMCP>
#	G	D	E	R	K	N	Q	S	T	A	V	L	I	F	Y	W	H	M	C	P
0	0.00594	0.00444	0.02581	0.00590	0.00662	0.00400	0.00437	0.03024	0.00847	0.03694	0.07191	0.56302	0.06060	0.03459	0.03988	0.00183	0.00296	0.07196	0.01693	0.00361
1	0.12902	0.00801	0.00848	0.00726	0.00964	0.00882	0.00578	0.13558	0.37657	0.13367	0.04711	0.01348	0.01094	0.00510	0.00376	0.00126	0.00321	0.00405	0.08237	0.00588
2	0.00759	0.02279	0.12270	0.04048	0.08840	0.02300	0.02236	0.06713	0.00812	0.01102	0.01247	0.05918	0.06383	0.31511	0.08497	0.00269	0.03655	0.00504	0.00245	0.00411
3	0.00990	0.01303	0.24371	0.04002	0.21865	0.07270	0.10279	0.05723	0.05251	0.03795	0.02433	0.01038	0.00701	0.00489	0.02732	0.00140	0.04948	0.00362	0.01738	0.00571
4	0.00506	0.00363	0.00471	0.00547	0.00589	0.00338	0.00379	0.00594	0.00807	0.01077	0.05932	0.68197	0.09691	0.01187	0.00503	0.00158	0.00234	0.05330	0.02765	0.00333
5	0.03824	0.00807	0.00878	0.00767	0.00993	0.00897	0.00602	0.09055	0.54477	0.09682	0.12049	0.01603	0.01459	0.00564	0.00410	0.00132	0.00314	0.00468	0.00415	0.00604
6	0.02001	0.00851	0.02966	0.24145	0.13305	0.04846	0.02879	0.12605	0.07944	0.06412	0.03610	0.09305	0.03620	0.02398	0.00451	0.00136	0.00440	0.01276	0.00290	0.00521
7	0.13194	0.00575	0.00673	0.00582	0.00743	0.00571	0.00433	0.04732	0.00858	0.28777	0.01271	0.03967	0.01114	0.31112	0.07655	0.00260	0.00411	0.00461	0.02162	0.00450
8	0.00538	0.00390	0.00475	0.00520	0.00596	0.00352	0.00373	0.00634	0.00855	0.03324	0.07778	0.43679	0.28845	0.03310	0.00537	0.00158	0.00237	0.06680	0.00376	0.00344
9	0.00610	0.00439	0.00492	0.00489	0.00613	0.00395	0.00367	0.04114	0.00951	0.05090	0.08888	0.18966	0.47976	0.00977	0.00468	0.00139	0.00230	0.03758	0.04666	0.00373
10	0.01064	0.08040	0.03810	0.24430	0.04209	0.18148	0.03718	0.07980	0.16111	0.02523	0.01016	0.01134	0.03872	0.00457	0.00401	0.00123	0.01819	0.00365	0.00258	0.00523
11	0.00859	0.00484	0.00601	0.00576	0.00702	0.00451	0.00424	0.06166	0.00954	0.18918	0.05435	0.38939	0.13098	0.04146	0.00518	0.00151	0.00267	0.00804	0.06080	0.00429
12	0.14996	0.03173	0.00938	0.04198	0.01044	0.04620	0.00620	0.15493	0.04816	0.26632	0.01077	0.01103	0.00770	0.00539	0.02075	0.01316	0.07240	0.00348	0.08447	0.00556

[dist]
# distance from previous block
# <min> <max>
0	1

[block]
# block no. 4 follows, 67 sequences, length 6
# corresponding to MSA columns:
# 247-252
name=unknown_E
#
# <colnr> <probs for GDERKNQSTAVLIFYWHMCP>
#	G	D	E	R	K	N	Q	S	T	A	V	L	I	F	Y	W	H	M	C	P
0	0.04459	0.00913	0.01394	0.07301	0.30917	0.05419	0.14093	0.05842	0.03805	0.01344	0.04426	0.03774	0.03306	0.00511	0.00467	0.00132	0.04532	0.06578	0.00251	0.00535
1	0.00754	0.00578	0.00622	0.00611	0.02846	0.06364	0.00399	0.05042	0.00765	0.04056	0.04664	0.05868	0.03461	0.51658	0.07781	0.00323	0.03048	0.00554	0.00270	0.00335
2	0.04139	0.14522	0.05157	0.00790	0.01121	0.12203	0.06344	0.05715	0.04139	0.01295	0.00837	0.00931	0.03289	0.00373	0.00330	0.00089	0.00423	0.00291	0.00238	0.37774
3	0.06777	0.01089	0.13812	0.05683	0.21591	0.03423	0.08053	0.13445	0.06974	0.04125	0.03657	0.01168	0.02222	0.02315	0.02429	0.00142	0.00484	0.00382	0.01662	0.00568
4	0.00768	0.02924	0.00831	0.00750	0.02459	0.00587	0.07327	0.08841	0.00926	0.06027	0.05415	0.39290	0.04213	0.09258	0.00661	0.00172	0.03491	0.05305	0.00342	0.00413
5	0.02312	0.03565	0.04386	0.06809	0.07662	0.04544	0.04815	0.03734	0.04003	0.02428	0.03684	0.11178	0.05476	0.06250	0.21487	0.00277	0.04532	0.02161	0.00261	0.00437

[dist]
# distance from previous block
# <min> <max>
0	3

[block]
# block no. 5 follows, 67 sequences, length 17
# corresponding to MSA columns:
# 256-272
name=unknown_F
#
# <colnr> <probs for GDERKNQSTAVLIFYWHMCP>
#	G	D	E	R	K	N	Q	S	T	A	V	L	I	F	Y	W	H	M	C	P
0	0.05710	0.22321	0.17140	0.04405	0.06293	0.01037	0.04665	0.08636	0.02725	0.03332	0.03540	0.04095	0.00763	0.00429	0.00374	0.00111	0.02616	0.00338	0.00238	0.11231
1	0.00870	0.04230	0.22586	0.09453	0.18060	0.06701	0.08108	0.01163	0.03459	0.01197	0.03582	0.10776	0.00932	0.00561	0.02010	0.00140	0.04981	0.00446	0.00223	0.00522
2	0.00787	0.00497	0.00580	0.00528	0.00673	0.00478	0.00406	0.04454	0.07703	0.10276	0.31835	0.04630	0.18349	0.00735	0.00424	0.00123	0.00230	0.00624	0.16234	0.00435
3	0.05994	0.02154	0.13564	0.07740	0.02308	0.03978	0.04248	0.09243	0.03503	0.03016	0.07313	0.09252	0.15990	0.01776	0.00467	0.00134	0.03541	0.00531	0.04782	0.00469
4	0.05951	0.18074	0.14107	0.07695	0.06759	0.12119	0.04587	0.08697	0.07310	0.04560	0.00834	0.02512	0.00668	0.01693	0.00383	0.00119	0.00491	0.00328	0.00242	0.02869
5	0.00749	0.00530	0.00674	0.00638	0.00770	0.00523	0.03389	0.05485	0.10859	0.08608	0.07353	0.34454	0.17374	0.01056	0.05433	0.00174	0.00322	0.00800	0.00378	0.00430
6	0.00539	0.00385	0.00440	0.00461	0.00512	0.00359	0.00301	0.00604	0.00763	0.01007	0.08107	0.22960	0.22742	0.33858	0.01080	0.00237	0.00280	0.00786	0.04274	0.00303
7	0.03337	0.24010	0.10069	0.02127	0.03088	0.06762	0.02831	0.08781	0.03139	0.08965	0.03341	0.05757	0.00923	0.07154	0.03573	0.00157	0.03750	0.01463	0.00264	0.00509
8	0.05707	0.10269	0.20093	0.11271	0.10370	0.03034	0.11838	0.05376	0.06090	0.04251	0.02346	0.01069	0.00709	0.00491	0.02838	0.00140	0.01738	0.01592	0.00231	0.00547
9	0.00635	0.00424	0.00571	0.00561	0.00613	0.00458	0.00397	0.00719	0.00642	0.04766	0.01178	0.02007	0.01194	0.37762	0.45751	0.00512	0.00751	0.00493	0.00240	0.00325
10	0.00594	0.00503	0.00520	0.00554	0.00625	0.06579	0.00387	0.00705	0.02983	0.01071	0.08346	0.41595	0.20169	0.10551	0.00659	0.00175	0.00283	0.03006	0.00352	0.00343
11	0.03503	0.16481	0.16686	0.01049	0.06108	0.09015	0.08658	0.16841	0.03374	0.11473	0.00894	0.02623	0.00680	0.00427	0.00373	0.00117	0.00495	0.00343	0.00275	0.00584
12	0.03630	0.00934	0.04649	0.06060	0.11096	0.08498	0.04152	0.15071	0.09026	0.07316	0.05628	0.05703	0.06547	0.04663	0.03538	0.00158	0.02029	0.00465	0.00310	0.00526
13	0.00572	0.00415	0.00515	0.00518	0.00584	0.00403	0.00365	0.00724	0.04189	0.01224	0.33499	0.17193	0.08379	0.21742	0.04813	0.00224	0.00300	0.03637	0.00362	0.00343
14	0.00984	0.04442	0.02554	0.02952	0.08414	0.07245	0.03742	0.20094	0.06154	0.01398	0.01129	0.08176	0.01087	0.23603	0.00866	0.00197	0.02197	0.02271	0.02020	0.00474
15	0.02023	0.10014	0.11812	0.04922	0.08947	0.11899	0.05909	0.21251	0.04505	0.04694	0.02181	0.04604	0.00772	0.00500	0.01688	0.00127	0.01493	0.00373	0.00275	0.02013
16	0.08970	0.05775	0.03399	0.02333	0.06353	0.20146	0.04360	0.10254	0.04488	0.05896	0.03845	0.15022	0.05195	0.01691	0.00418	0.00128	0.00447	0.00492	0.00296	0.00491

[dist]
# distance from previous block
# <min> <max>
1	15

[block]
# block no. 6 follows, 67 sequences, length 16
# corresponding to MSA columns:
# 288-303
name=unknown_G
#
# <colnr> <probs for GDERKNQSTAVLIFYWHMCP>
#	G	D	E	R	K	N	Q	S	T	A	V	L	I	F	Y	W	H	M	C	P
0	0.00663	0.00519	0.00669	0.00636	0.00743	0.01632	0.04813	0.02356	0.08496	0.02577	0.10816	0.38744	0.07025	0.09646	0.00639	0.00167	0.01517	0.00803	0.02574	0.04963
1	0.03006	0.01110	0.06278	0.04212	0.01173	0.14823	0.00709	0.28012	0.09470	0.03643	0.02654	0.01236	0.06095	0.02104	0.02096	0.00129	0.00455	0.00376	0.01503	0.10916
2	0.11461	0.09155	0.01034	0.00810	0.02866	0.17642	0.00633	0.13994	0.05872	0.11010	0.03902	0.04376	0.00906	0.03897	0.05016	0.00158	0.03973	0.00375	0.02410	0.00513
3	0.00588	0.00413	0.00560	0.00573	0.00644	0.00404	0.02028	0.00689	0.00787	0.04338	0.08328	0.34458	0.11747	0.11574	0.18992	0.00287	0.00444	0.02468	0.00329	0.00348
4	0.00551	0.00435	0.03415	0.00524	0.00565	0.00382	0.00360	0.00616	0.00722	0.00975	0.08429	0.37394	0.02133	0.38803	0.01184	0.00259	0.00314	0.02323	0.00313	0.00304
5	0.01315	0.00946	0.01019	0.00814	0.01091	0.01029	0.00662	0.52154	0.14424	0.07511	0.01458	0.01408	0.09718	0.00549	0.00405	0.00124	0.00379	0.00431	0.03938	0.00625
6	0.00508	0.00368	0.00467	0.00526	0.00566	0.00346	0.00354	0.00583	0.00780	0.01034	0.07673	0.57217	0.11288	0.12074	0.04074	0.00206	0.00280	0.00981	0.00354	0.00321
7	0.00755	0.00541	0.02258	0.00660	0.00781	0.00518	0.03622	0.02808	0.03420	0.11252	0.09106	0.36312	0.13536	0.00976	0.02171	0.00157	0.06542	0.02188	0.01980	0.00418
8	0.88738	0.00776	0.00589	0.00527	0.00776	0.00900	0.00434	0.01179	0.00683	0.01799	0.00558	0.00651	0.00434	0.00372	0.00248	0.00124	0.00310	0.00217	0.00248	0.00434
9	0.00575	0.00405	0.00482	0.00481	0.00512	0.00406	0.00309	0.00629	0.00713	0.00969	0.13739	0.09781	0.07789	0.52244	0.05257	0.00313	0.02695	0.00654	0.01756	0.00290
10	0.00525	0.00388	0.00486	0.00551	0.00611	0.00361	0.00402	0.00620	0.00817	0.01052	0.02528	0.43952	0.20510	0.08253	0.00640	0.00180	0.00267	0.17164	0.00361	0.00331
11	0.02906	0.11766	0.23862	0.02707	0.08338	0.15149	0.10842	0.06917	0.00986	0.05282	0.00873	0.00995	0.03507	0.00462	0.01844	0.00128	0.02324	0.00339	0.00224	0.00547
12	0.27752	0.00808	0.04024	0.00695	0.00999	0.00761	0.00595	0.09758	0.01071	0.47861	0.01181	0.01091	0.00776	0.00453	0.00356	0.00124	0.00352	0.00339	0.00400	0.00605
13	0.00656	0.00414	0.00515	0.00538	0.00600	0.00389	0.00369	0.01994	0.00797	0.08428	0.03717	0.41256	0.09508	0.24249	0.00916	0.00218	0.00291	0.04448	0.00350	0.00345
14	0.00967	0.00824	0.00777	0.00681	0.00879	0.13164	0.02043	0.10943	0.14103	0.07918	0.07506	0.02274	0.31713	0.00700	0.00425	0.00126	0.00346	0.00570	0.03560	0.00481
15	0.01920	0.10946	0.10670	0.05175	0.20163	0.01883	0.08265	0.06426	0.03078	0.05006	0.01873	0.05991	0.00883	0.06974	0.04038	0.00165	0.02703	0.01444	0.01871	0.00525

[dist]
# distance from previous block
# <min> <max>
37	78

[block]
# block no. 7 follows, 67 sequences, length 22
# corresponding to MSA columns:
# 397-418
name=unknown_H
#
# <colnr> <probs for GDERKNQSTAVLIFYWHMCP>
#	G	D	E	R	K	N	Q	S	T	A	V	L	I	F	Y	W	H	M	C	P
0	0.00966	0.08131	0.51014	0.00998	0.01451	0.06639	0.02983	0.01309	0.00905	0.10144	0.00965	0.01199	0.02074	0.00453	0.00384	0.00125	0.00527	0.05555	0.03618	0.00559
1	0.00594	0.00453	0.00559	0.00526	0.00616	0.00433	0.03156	0.04302	0.00856	0.01121	0.14497	0.10278	0.26040	0.28692	0.05914	0.00248	0.00342	0.00710	0.00327	0.00336
2	0.04158	0.00843	0.00899	0.00740	0.00966	0.00921	0.00590	0.48128	0.05109	0.02040	0.01190	0.10026	0.01001	0.03512	0.00440	0.00130	0.00357	0.00452	0.17940	0.00557
3	0.10517	0.00881	0.00970	0.04534	0.01120	0.02432	0.00628	0.33859	0.01285	0.14999	0.00995	0.03215	0.00759	0.03746	0.00430	0.00121	0.00384	0.00354	0.00347	0.18428
4	0.00764	0.04356	0.00689	0.00592	0.00730	0.00528	0.00453	0.08145	0.00968	0.07746	0.15235	0.25298	0.12350	0.02389	0.06197	0.03575	0.00331	0.03416	0.00358	0.05880
5	0.00606	0.00469	0.00650	0.03569	0.02476	0.00481	0.02848	0.04687	0.00812	0.01091	0.03618	0.40585	0.08424	0.09156	0.15800	0.00263	0.01951	0.01832	0.00316	0.00363
6	0.00565	0.00388	0.00464	0.00478	0.00493	0.00391	0.00293	0.00595	0.00626	0.00839	0.01455	0.14424	0.03838	0.61944	0.11203	0.00379	0.00440	0.00653	0.00262	0.00271
7	0.00703	0.00492	0.00609	0.00608	0.02187	0.00486	0.01881	0.07470	0.04167	0.03068	0.12414	0.25608	0.13431	0.02863	0.02411	0.01987	0.00283	0.05053	0.13877	0.00398
8	0.00906	0.14050	0.33024	0.02145	0.10330	0.03560	0.05198	0.02578	0.00858	0.03972	0.00851	0.02313	0.00719	0.05626	0.05234	0.00166	0.03011	0.02171	0.02758	0.00528
9	0.00727	0.00604	0.04443	0.05297	0.06641	0.00563	0.00576	0.07494	0.06007	0.04025	0.03676	0.43079	0.06199	0.03544	0.01548	0.00160	0.00323	0.02477	0.02188	0.00428
10	0.00660	0.00432	0.00536	0.00546	0.00639	0.00404	0.00396	0.03871	0.00919	0.07762	0.14434	0.38653	0.16886	0.04256	0.02698	0.00167	0.00267	0.03025	0.03070	0.00378
11	0.10878	0.00988	0.07079	0.07340	0.03499	0.00956	0.12781	0.28317	0.04352	0.11366	0.01052	0.07752	0.00833	0.00498	0.00403	0.00129	0.00447	0.00427	0.00325	0.00578
12	0.01049	0.03770	0.05690	0.17568	0.31351	0.05644	0.08680	0.07523	0.02510	0.07652	0.01746	0.01120	0.03067	0.00415	0.00402	0.00123	0.00498	0.00378	0.00243	0.00570
13	0.00515	0.00376	0.00467	0.00514	0.00566	0.00348	0.00353	0.00600	0.00823	0.01085	0.13236	0.46231	0.16809	0.12623	0.00709	0.00184	0.00247	0.03625	0.00364	0.00325
14	0.03013	0.00861	0.01415	0.01105	0.01373	0.04687	0.33082	0.08890	0.01024	0.11519	0.01319	0.08153	0.03520	0.03671	0.02951	0.00164	0.00516	0.11933	0.00303	0.00503
15	0.04781	0.00655	0.00769	0.03154	0.03654	0.04076	0.03386	0.10331	0.07249	0.02287	0.24126	0.08526	0.06195	0.00711	0.01988	0.00135	0.01518	0.02177	0.13829	0.00451
16	0.02528	0.01088	0.08065	0.03958	0.10070	0.05175	0.04856	0.36001	0.05591	0.11527	0.01052	0.04843	0.00802	0.00485	0.00402	0.00124	0.00452	0.00399	0.01964	0.00616
17	0.00608	0.00478	0.00588	0.00579	0.00669	0.00498	0.00431	0.04410	0.04717	0.01155	0.09743	0.20800	0.23769	0.06743	0.18007	0.00264	0.05110	0.00729	0.00330	0.00373
18	0.00804	0.00453	0.00577	0.00551	0.00681	0.00407	0.00415	0.00932	0.00960	0.19422	0.19191	0.26367	0.19298	0.00976	0.02927	0.00154	0.00268	0.02525	0.02671	0.00421
19	0.06232	0.05128	0.05280	0.04536	0.12423	0.13179	0.03865	0.11816	0.05528	0.05466	0.01954	0.07611	0.03415	0.02033	0.00409	0.00124	0.00435	0.00421	0.09628	0.00517
20	0.06704	0.06109	0.02566	0.06754	0.02677	0.06016	0.02124	0.18336	0.10662	0.08692	0.08317	0.02944	0.01046	0.02108	0.01913	0.00137	0.06445	0.00399	0.01563	0.04490
21	0.07255	0.00512	0.00654	0.00613	0.00742	0.00498	0.06078	0.04339	0.00909	0.01245	0.09774	0.26779	0.30898	0.00968	0.01531	0.00150	0.02469	0.03854	0.00351	0.00379

[dist]
# distance from previous block
# <min> <max>
17	87

[block]
# block no. 8 follows, 67 sequences, length 24
# corresponding to MSA columns:
# 523-546
name=unknown_I
#
# <colnr> <probs for GDERKNQSTAVLIFYWHMCP>
#	G	D	E	R	K	N	Q	S	T	A	V	L	I	F	Y	W	H	M	C	P
0	0.02135	0.02821	0.05090	0.01892	0.14200	0.04530	0.02843	0.03740	0.05141	0.04308	0.05278	0.16317	0.22040	0.06024	0.00538	0.00149	0.00353	0.01832	0.00315	0.00452
1	0.00893	0.02636	0.00848	0.02275	0.03842	0.05426	0.03053	0.19027	0.03973	0.03322	0.11555	0.13681	0.20660	0.04053	0.00500	0.00139	0.00341	0.00629	0.00353	0.02796
2	0.06891	0.07840	0.16391	0.19429	0.06629	0.07823	0.04107	0.08670	0.03849	0.02976	0.07097	0.02060	0.00849	0.00453	0.00412	0.00124	0.03273	0.00363	0.00243	0.00521
3	0.03322	0.10656	0.12506	0.08717	0.08552	0.07038	0.06504	0.11517	0.03421	0.03763	0.04410	0.03432	0.00859	0.04009	0.04562	0.00155	0.01250	0.00381	0.01883	0.03061
4	0.02761	0.03439	0.04184	0.02858	0.07961	0.19156	0.10422	0.07069	0.00937	0.03039	0.03263	0.03656	0.00777	0.02585	0.06043	0.00172	0.20571	0.00385	0.00230	0.00488
5	0.03586	0.00793	0.03609	0.12336	0.17983	0.04767	0.00796	0.06618	0.07359	0.02589	0.03939	0.11454	0.04141	0.02058	0.01571	0.00149	0.01946	0.11566	0.02252	0.00488
6	0.03304	0.21853	0.12522	0.04665	0.11060	0.09340	0.07198	0.09217	0.03901	0.04303	0.00760	0.00878	0.00599	0.00391	0.00375	0.00111	0.02385	0.00307	0.00230	0.06601
7	0.00667	0.02396	0.08769	0.00656	0.02344	0.00526	0.02659	0.05589	0.00884	0.02319	0.09566	0.22434	0.16636	0.18325	0.00784	0.00190	0.00330	0.02914	0.00322	0.01692
8	0.00503	0.00370	0.00456	0.00509	0.00559	0.00340	0.00345	0.00582	0.00809	0.01060	0.09547	0.52630	0.18973	0.10556	0.00670	0.00179	0.00240	0.00983	0.00364	0.00324
9	0.00913	0.05988	0.08233	0.04066	0.15440	0.09319	0.04248	0.03472	0.15533	0.01286	0.04477	0.09529	0.08330	0.01741	0.00456	0.00130	0.02904	0.00488	0.00280	0.03166
10	0.00941	0.11003	0.17996	0.06717	0.12867	0.03513	0.07965	0.08534	0.03545	0.04113	0.03198	0.10233	0.05058	0.01336	0.00426	0.00128	0.01177	0.00460	0.00258	0.00533
11	0.00581	0.00397	0.00497	0.00540	0.00619	0.00362	0.00395	0.00687	0.00867	0.05208	0.08248	0.44631	0.21876	0.01091	0.00493	0.00152	0.00242	0.09794	0.02965	0.00356
12	0.00974	0.00643	0.00759	0.03161	0.02716	0.02273	0.02838	0.07167	0.18573	0.11418	0.07091	0.09302	0.01338	0.00577	0.00379	0.00120	0.00297	0.00489	0.29385	0.00500
13	0.02315	0.13693	0.15052	0.01122	0.13620	0.04504	0.05908	0.06478	0.06594	0.09076	0.02444	0.07520	0.03847	0.00565	0.02271	0.00135	0.03613	0.00422	0.00270	0.00550
14	0.00752	0.00613	0.00632	0.00608	0.00690	0.08744	0.00434	0.03356	0.04447	0.03861	0.04458	0.12885	0.09642	0.28876	0.11155	0.02324	0.03507	0.02367	0.00292	0.00358
15	0.01562	0.00873	0.01056	0.00816	0.01119	0.00883	0.02570	0.36877	0.03616	0.39199	0.04226	0.01304	0.02962	0.00511	0.00408	0.00123	0.00384	0.00410	0.00441	0.00659
16	0.00623	0.00501	0.02491	0.01808	0.02801	0.00459	0.03869	0.02715	0.00855	0.03684	0.09978	0.38976	0.15650	0.10776	0.00683	0.00175	0.02391	0.00848	0.00345	0.00371
17	0.01088	0.04073	0.03986	0.14717	0.18254	0.06390	0.14974	0.09188	0.03354	0.10350	0.02041	0.02231	0.00737	0.00508	0.02912	0.00142	0.03848	0.00390	0.00258	0.00558
18	0.00953	0.02901	0.06384	0.01316	0.18017	0.10911	0.18958	0.01186	0.03365	0.05013	0.01147	0.03136	0.05753	0.05020	0.07114	0.02225	0.01622	0.04236	0.00243	0.00499
19	0.03771	0.00519	0.02499	0.00552	0.00669	0.02723	0.00431	0.02789	0.00910	0.04373	0.13524	0.18232	0.17599	0.05293	0.03693	0.00168	0.00302	0.09000	0.12572	0.00380
20	0.02002	0.04299	0.19958	0.03538	0.09437	0.10550	0.07690	0.12799	0.09365	0.02696	0.01045	0.04871	0.03241	0.00488	0.00417	0.00125	0.02145	0.02186	0.00264	0.02882
21	0.00951	0.06780	0.16210	0.01835	0.02750	0.03869	0.01799	0.12331	0.04809	0.08276	0.04804	0.08694	0.01179	0.20737	0.03075	0.00201	0.00445	0.00482	0.00291	0.00482
22	0.00658	0.01659	0.00605	0.00606	0.02166	0.00464	0.00439	0.05450	0.02843	0.03698	0.19059	0.32272	0.12322	0.06141	0.00574	0.00159	0.00268	0.08017	0.00376	0.02224
23	0.00994	0.36883	0.33167	0.01002	0.03406	0.08862	0.05350	0.01261	0.00859	0.01100	0.00642	0.00768	0.00521	0.00376	0.00364	0.00110	0.03345	0.00272	0.00176	0.00542

[dist]
# distance from previous block
# <min> <max>
6	11

[block]
# block no. 9 follows, 67 sequences, length 26
# corresponding to MSA columns:
# 558-583
name=unknown_J
#
# <colnr> <probs for GDERKNQSTAVLIFYWHMCP>
#	G	D	E	R	K	N	Q	S	T	A	V	L	I	F	Y	W	H	M	C	P
0	0.02797	0.10925	0.06533	0.00724	0.00894	0.03015	0.06185	0.00879	0.00755	0.01030	0.01251	0.08997	0.05093	0.20511	0.11568	0.00254	0.05369	0.06442	0.00245	0.06532
1	0.07691	0.09009	0.11699	0.00950	0.04140	0.16728	0.03592	0.17326	0.09410	0.08617	0.00987	0.02741	0.02023	0.00528	0.02719	0.00133	0.00501	0.00352	0.00291	0.00563
2	0.00837	0.04316	0.01235	0.62280	0.05209	0.03739	0.02918	0.03363	0.05840	0.01120	0.00816	0.01166	0.00643	0.00480	0.02118	0.00142	0.00529	0.02571	0.00206	0.00472
3	0.00804	0.00516	0.00722	0.08575	0.04025	0.00497	0.02615	0.03031	0.00939	0.14894	0.11917	0.33159	0.12546	0.00866	0.00459	0.00140	0.00295	0.00768	0.02801	0.00432
4	0.01070	0.02611	0.10618	0.10090	0.22480	0.20288	0.04959	0.04817	0.02273	0.04831	0.00947	0.04483	0.02528	0.00528	0.02353	0.00135	0.01516	0.02703	0.00236	0.00534
5	0.00730	0.02357	0.00721	0.00667	0.00759	0.06393	0.03601	0.02254	0.06899	0.02663	0.04223	0.27136	0.03262	0.18195	0.07850	0.00236	0.03856	0.04601	0.03217	0.00380
6	0.21258	0.00761	0.00817	0.00681	0.00913	0.02724	0.00545	0.14245	0.05531	0.27942	0.03093	0.06091	0.00992	0.05156	0.00484	0.00140	0.02797	0.00410	0.04875	0.00544
7	0.00599	0.00421	0.00548	0.00556	0.00601	0.00450	0.00390	0.02755	0.00684	0.00950	0.01335	0.12376	0.01430	0.35208	0.33723	0.00437	0.00631	0.03898	0.02689	0.00318
8	0.03387	0.12895	0.09445	0.06223	0.02239	0.10100	0.01991	0.16440	0.02447	0.08608	0.01037	0.09958	0.00904	0.00592	0.02130	0.00134	0.04098	0.02262	0.04586	0.00524
9	0.03730	0.00675	0.00781	0.00659	0.00892	0.00669	0.00528	0.09103	0.17555	0.31082	0.02067	0.01995	0.19738	0.00634	0.00412	0.00129	0.00305	0.02715	0.05770	0.00560
10	0.00919	0.03107	0.01575	0.13891	0.53211	0.00932	0.10439	0.01158	0.00893	0.01235	0.00965	0.01193	0.06110	0.00412	0.00427	0.00124	0.02233	0.00399	0.00207	0.00570
11	0.06197	0.00897	0.04565	0.00784	0.01095	0.00856	0.00668	0.31408	0.02895	0.39212	0.02863	0.01295	0.04388	0.00508	0.00398	0.00124	0.00378	0.00399	0.00426	0.00644
12	0.00945	0.03214	0.02696	0.03013	0.03445	0.08720	0.04823	0.17875	0.01002	0.01329	0.01064	0.10502	0.02357	0.02742	0.21721	0.00268	0.11974	0.00466	0.01375	0.00469
13	0.03152	0.00749	0.00757	0.00684	0.00842	0.12241	0.00516	0.06785	0.02529	0.23113	0.01474	0.15725	0.02123	0.18617	0.02469	0.00198	0.00408	0.06807	0.00351	0.00460
14	0.00506	0.00373	0.00476	0.00544	0.00595	0.00348	0.00383	0.00593	0.00804	0.01051	0.04326	0.57878	0.16588	0.03705	0.03541	0.00183	0.00272	0.07140	0.00364	0.00331
15	0.00947	0.08355	0.32633	0.01277	0.02795	0.02792	0.31735	0.03586	0.00924	0.04676	0.00843	0.04602	0.00666	0.00413	0.00429	0.00128	0.02029	0.00400	0.00212	0.00557
16	0.00618	0.00469	0.00524	0.00506	0.00629	0.00448	0.00379	0.02711	0.09425	0.02217	0.23331	0.07539	0.35879	0.05620	0.00545	0.00147	0.00234	0.02805	0.05586	0.00388
17	0.00586	0.00403	0.00503	0.00548	0.00618	0.00379	0.00387	0.02128	0.02287	0.04521	0.03690	0.54826	0.16444	0.02310	0.02852	0.00169	0.00264	0.03154	0.03571	0.00358
18	0.13606	0.00772	0.00821	0.00679	0.00911	0.00826	0.00547	0.31418	0.04739	0.13099	0.02824	0.06317	0.00973	0.00522	0.00361	0.00119	0.00329	0.00408	0.20181	0.00548
19	0.00584	0.00393	0.00478	0.00514	0.00568	0.00382	0.00357	0.00724	0.03736	0.01184	0.14037	0.38056	0.03538	0.14464	0.00707	0.00181	0.00251	0.04124	0.15381	0.00342
20	0.36843	0.00792	0.00695	0.00606	0.00826	0.07610	0.00484	0.09911	0.02625	0.09588	0.07224	0.01475	0.13073	0.00536	0.00344	0.00122	0.00329	0.00399	0.06047	0.00470
21	0.00777	0.00596	0.00694	0.00632	0.00801	0.02863	0.00487	0.04401	0.06990	0.04781	0.08106	0.16817	0.04758	0.07485	0.05983	0.00179	0.00362	0.11449	0.00330	0.21510
22	0.00662	0.00603	0.05943	0.00656	0.00743	0.00570	0.03843	0.03026	0.02623	0.00996	0.03355	0.10812	0.03038	0.40595	0.11382	0.00321	0.08121	0.02106	0.00259	0.00347
23	0.00811	0.00682	0.00706	0.00695	0.02919	0.07533	0.00509	0.05067	0.19089	0.03013	0.11735	0.12535	0.14281	0.07988	0.02065	0.00167	0.00338	0.06644	0.02778	0.00445
24	0.12082	0.32241	0.10514	0.00849	0.03719	0.05601	0.04276	0.12721	0.00973	0.03134	0.00728	0.00899	0.00611	0.05958	0.00431	0.00124	0.00452	0.00292	0.00232	0.04162
25	0.00979	0.07060	0.08260	0.03233	0.07330	0.17216	0.02900	0.03880	0.04042	0.05657	0.10603	0.04084	0.07157	0.04708	0.04606	0.00159	0.03289	0.00448	0.03915	0.00476

[dist]
# distance from previous block
# <min> <max>
5	10

[block]
# block no. 10 follows, 67 sequences, length 12
# corresponding to MSA columns:
# 595-606
name=unknown_K
#
# <colnr> <probs for GDERKNQSTAVLIFYWHMCP>
#	G	D	E	R	K	N	Q	S	T	A	V	L	I	F	Y	W	H	M	C	P
0	0.02234	0.00670	0.02754	0.03397	0.13409	0.00668	0.00633	0.05921	0.13729	0.01409	0.17494	0.08307	0.18633	0.00767	0.01500	0.00142	0.02561	0.04951	0.00347	0.00472
1	0.03264	0.10029	0.15594	0.08180	0.11165	0.09920	0.05460	0.14213	0.03689	0.06075	0.00841	0.01012	0.00659	0.04591	0.00455	0.00130	0.00501	0.00338	0.00251	0.03633
2	0.00606	0.00467	0.00541	0.00543	0.00646	0.00454	0.00398	0.05112	0.07219	0.01246	0.14505	0.24653	0.28034	0.07145	0.03294	0.00177	0.00278	0.03930	0.00372	0.00377
3	0.00593	0.00435	0.00525	0.00527	0.00604	0.00425	0.00374	0.02430	0.05764	0.01242	0.26707	0.20938	0.12461	0.17509	0.03617	0.00205	0.00287	0.02878	0.02123	0.00356
4	0.03621	0.03129	0.04819	0.12203	0.18099	0.02088	0.02390	0.17397	0.02360	0.06362	0.03936	0.09404	0.03869	0.02934	0.00494	0.00136	0.04278	0.00464	0.01485	0.00535
5	0.01200	0.28554	0.03296	0.04033	0.01243	0.16347	0.07209	0.08020	0.03568	0.07708	0.00994	0.02780	0.02868	0.03234	0.00479	0.00133	0.04410	0.03115	0.00269	0.00539
6	0.01068	0.00924	0.11381	0.00782	0.01030	0.03341	0.03737	0.21705	0.06172	0.10095	0.04161	0.01525	0.01047	0.10983	0.04989	0.00181	0.00439	0.03165	0.12754	0.00520
7	0.00569	0.00477	0.03670	0.00571	0.00671	0.00409	0.00449	0.02736	0.00935	0.01247	0.22695	0.30657	0.17432	0.03394	0.00536	0.00156	0.00259	0.12394	0.00379	0.00364
8	0.08252	0.14482	0.23208	0.00844	0.01201	0.03986	0.00851	0.21048	0.02720	0.04118	0.05550	0.02933	0.03569	0.00481	0.00367	0.00117	0.00441	0.01779	0.00281	0.03770
9	0.07456	0.10589	0.01120	0.05457	0.10233	0.04472	0.03933	0.10083	0.09834	0.01356	0.01563	0.03675	0.18441	0.00643	0.02244	0.00139	0.07515	0.00467	0.00284	0.00497
10	0.03723	0.02836	0.01963	0.03300	0.06313	0.00592	0.01968	0.00916	0.06326	0.02888	0.04501	0.15042	0.07770	0.11741	0.13858	0.00244	0.02081	0.04995	0.00289	0.08654
11	0.03676	0.15882	0.04702	0.00791	0.04180	0.03995	0.03471	0.04907	0.03781	0.03376	0.03099	0.12050	0.06241	0.04271	0.08169	0.00179	0.06289	0.00476	0.03480	0.06985

[dist]
# distance from previous block
# <min> <max>
0	14

[block]
# block no. 11 follows, 67 sequences, length 9
# corresponding to MSA columns:
# 621-629
name=unknown_L
#
# <colnr> <probs for GDERKNQSTAVLIFYWHMCP>
#	G	D	E	R	K	N	Q	S	T	A	V	L	I	F	Y	W	H	M	C	P
0	0.03145	0.19668	0.01282	0.00915	0.05805	0.18748	0.00710	0.15624	0.13921	0.01412	0.00944	0.01012	0.02852	0.00553	0.03927	0.00132	0.02829	0.00326	0.00271	0.05923
1	0.01021	0.04765	0.06898	0.02049	0.06249	0.03117	0.01698	0.12505	0.10270	0.07473	0.05862	0.01246	0.03157	0.03003	0.01714	0.00125	0.04761	0.00371	0.00298	0.23417
2	0.10482	0.16045	0.03854	0.08070	0.05351	0.08795	0.04560	0.05560	0.02996	0.05597	0.05719	0.06417	0.00943	0.02723	0.00444	0.00124	0.04196	0.00388	0.03165	0.04571
3	0.00588	0.00466	0.00576	0.00609	0.00671	0.03241	0.02402	0.03056	0.02797	0.01092	0.04685	0.60481	0.06102	0.05552	0.05502	0.00196	0.00323	0.00957	0.00351	0.00354
4	0.19222	0.00530	0.00574	0.00555	0.00695	0.00534	0.00416	0.03151	0.03466	0.08788	0.09300	0.28475	0.11229	0.04004	0.00478	0.00147	0.00268	0.02371	0.03665	0.02133
5	0.00950	0.03202	0.06596	0.04524	0.14727	0.00788	0.00750	0.11852	0.06019	0.07708	0.08328	0.14163	0.04376	0.00614	0.00464	0.00126	0.05192	0.00517	0.00314	0.08788
6	0.01197	0.00878	0.00945	0.02563	0.01067	0.03573	0.00634	0.25404	0.32002	0.12297	0.05682	0.01548	0.05960	0.03824	0.00474	0.00138	0.00364	0.00454	0.00399	0.00600
7	0.00606	0.00449	0.00529	0.00512	0.00630	0.00418	0.00382	0.00829	0.07918	0.04245	0.36485	0.13683	0.30003	0.00907	0.00470	0.00135	0.00216	0.00785	0.00409	0.00391
8	0.00552	0.00405	0.00485	0.00485	0.00560	0.00376	0.00346	0.00665	0.00905	0.01209	0.33112	0.07249	0.21540	0.23159	0.00891	0.00203	0.00261	0.06902	0.00365	0.00330

[dist]
# distance from previous block
# <min> <max>
9	15

[block]
# block no. 12 follows, 67 sequences, length 18
# corresponding to MSA columns:
# 645-662
name=unknown_M
#
# <colnr> <probs for GDERKNQSTAVLIFYWHMCP>
#	G	D	E	R	K	N	Q	S	T	A	V	L	I	F	Y	W	H	M	C	P
0	0.09637	0.00851	0.06779	0.00745	0.00991	0.01886	0.00630	0.19226	0.06005	0.08088	0.01156	0.15434	0.01043	0.00794	0.07573	0.00166	0.03656	0.00468	0.00319	0.14551
1	0.00973	0.09093	0.04274	0.10006	0.01333	0.03965	0.13028	0.10463	0.08164	0.07187	0.04887	0.10600	0.04888	0.00599	0.00423	0.00130	0.00431	0.06175	0.00307	0.03073
2	0.00508	0.00375	0.00506	0.00563	0.00603	0.00349	0.02201	0.00586	0.00784	0.01041	0.05757	0.68738	0.07724	0.07482	0.00620	0.00176	0.00250	0.01047	0.00362	0.00328
3	0.00792	0.00587	0.00681	0.00650	0.00777	0.01969	0.00488	0.04889	0.18485	0.07704	0.13199	0.31092	0.11219	0.00881	0.00503	0.00144	0.04342	0.00757	0.00388	0.00453
4	0.00892	0.00860	0.01286	0.52447	0.20772	0.05962	0.01083	0.04824	0.00887	0.01152	0.00727	0.01027	0.00571	0.00454	0.01935	0.00139	0.03935	0.00352	0.00195	0.00499
5	0.01017	0.02573	0.00862	0.00735	0.03177	0.00630	0.04522	0.08595	0.02685	0.21461	0.14859	0.05419	0.06400	0.11801	0.06220	0.00197	0.02919	0.02861	0.02584	0.00482
6	0.00576	0.00384	0.00451	0.00465	0.00477	0.00385	0.00280	0.00604	0.00627	0.00858	0.01399	0.15131	0.01592	0.64059	0.06566	0.00355	0.00396	0.00649	0.04477	0.00269
7	0.00923	0.00776	0.00878	0.00663	0.00993	0.00680	0.00529	0.08527	0.15249	0.01482	0.00896	0.00960	0.00712	0.00357	0.00326	0.00078	0.00314	0.00287	0.00282	0.65089
8	0.00860	0.00700	0.00774	0.02026	0.00875	0.04565	0.00552	0.17192	0.09453	0.02672	0.07787	0.26263	0.13315	0.00848	0.00528	0.00143	0.07309	0.03319	0.00362	0.00459
9	0.00518	0.00380	0.00482	0.00523	0.00579	0.00357	0.00365	0.00616	0.00837	0.01115	0.17014	0.42910	0.15399	0.09098	0.05793	0.00203	0.00290	0.02826	0.00363	0.00333
10	0.00575	0.00411	0.00502	0.00495	0.00600	0.00368	0.00369	0.00717	0.01004	0.04528	0.40413	0.16055	0.28693	0.00944	0.00479	0.00136	0.00211	0.02722	0.00409	0.00369
11	0.08946	0.00813	0.00947	0.00769	0.01026	0.00849	0.03025	0.27386	0.11622	0.23155	0.06204	0.07796	0.01159	0.00559	0.00400	0.00127	0.00354	0.00457	0.03814	0.00593
12	0.01258	0.05455	0.01093	0.05020	0.01194	0.28234	0.00712	0.28485	0.09219	0.01575	0.01060	0.12887	0.00943	0.00564	0.00397	0.00121	0.00496	0.00439	0.00312	0.00536
13	0.05200	0.02632	0.04317	0.00876	0.07227	0.02083	0.07720	0.03648	0.03314	0.02777	0.08304	0.03070	0.02837	0.00428	0.00383	0.00096	0.02739	0.00363	0.00265	0.41720
14	0.07253	0.05906	0.01161	0.09051	0.09850	0.08973	0.05351	0.10595	0.00946	0.02282	0.03073	0.10294	0.03372	0.00734	0.05868	0.00166	0.13939	0.00449	0.00255	0.00482
15	0.00625	0.00434	0.00527	0.00531	0.00634	0.00398	0.00392	0.00773	0.03493	0.06292	0.19027	0.24490	0.24103	0.07299	0.00596	0.00161	0.00249	0.07195	0.00382	0.02399
16	0.01233	0.08606	0.03953	0.03610	0.03411	0.17759	0.03899	0.25315	0.19485	0.01642	0.00965	0.01003	0.00735	0.00443	0.00377	0.00115	0.00478	0.00342	0.00305	0.06323
17	0.04167	0.00969	0.08164	0.03042	0.13011	0.04625	0.05828	0.09411	0.15406	0.07858	0.03734	0.03365	0.02886	0.01777	0.01192	0.00129	0.00421	0.02216	0.00304	0.11495

[dist]
# distance from previous block
# <min> <max>
0	3

[block]
# block no. 13 follows, 67 sequences, length 9
# corresponding to MSA columns:
# 666-674
name=unknown_N
#
# <colnr> <probs for GDERKNQSTAVLIFYWHMCP>
