[name]
unknown

[dist]
# distance from previous block
# <min> <max>
12	205

[block]
# block no. 0 follows, 73 sequences, length 22
# corresponding to MSA columns:
# 317-338
name=unknown_A
#
# <colnr> <probs for GDERKNQSTAVLIFYWHMCP>
#	G	D	E	R	K	N	Q	S	T	A	V	L	I	F	Y	W	H	M	C	P
0	0.04039	0.20840	0.12716	0.05495	0.11854	0.05548	0.01820	0.16986	0.05516	0.05292	0.00811	0.03537	0.00652	0.00410	0.00349	0.00108	0.01603	0.00318	0.01571	0.00533
1	0.08532	0.11241	0.15444	0.06054	0.05705	0.08843	0.03092	0.06205	0.04969	0.02415	0.00848	0.04789	0.00754	0.07735	0.00484	0.00131	0.01576	0.02916	0.00226	0.08041
2	0.00556	0.00485	0.02404	0.00586	0.03696	0.00436	0.03017	0.00776	0.08303	0.01209	0.25726	0.13324	0.33764	0.02147	0.00461	0.00131	0.00236	0.02019	0.00353	0.00371
3	0.00822	0.08021	0.00782	0.03322	0.02560	0.13074	0.00472	0.11301	0.02506	0.01106	0.03486	0.08704	0.14186	0.25451	0.00819	0.00186	0.00377	0.00512	0.01935	0.00378
4	0.00930	0.00980	0.05858	0.00949	0.03694	0.09652	0.03296	0.04673	0.27860	0.01230	0.02427	0.01101	0.02592	0.00543	0.00695	0.00136	0.32266	0.00368	0.00256	0.00496
5	0.00463	0.00377	0.00410	0.00414	0.00525	0.00325	0.00309	0.00572	0.00880	0.01097	0.17775	0.10369	0.61693	0.00938	0.00448	0.00128	0.00193	0.02401	0.00360	0.00323
6	0.14097	0.00786	0.00909	0.00707	0.00992	0.00793	0.00584	0.28399	0.01238	0.45916	0.01154	0.01059	0.00759	0.00443	0.00356	0.00115	0.00346	0.00340	0.00402	0.00605
7	0.00486	0.00379	0.00441	0.00431	0.00534	0.00334	0.00321	0.00619	0.00948	0.01246	0.42247	0.07190	0.41734	0.00873	0.00445	0.00124	0.00185	0.00751	0.00379	0.00334
8	0.01003	0.87041	0.01966	0.00642	0.00963	0.01485	0.00642	0.01123	0.00762	0.00883	0.00522	0.00602	0.00481	0.00321	0.00241	0.00080	0.00401	0.00201	0.00160	0.00481
9	0.00449	0.00382	0.00388	0.00391	0.00516	0.00321	0.00296	0.00547	0.00855	0.01017	0.03737	0.03633	0.81418	0.00953	0.00446	0.00128	0.00196	0.03661	0.00348	0.00318
10	0.89465	0.00726	0.00551	0.00493	0.00726	0.00842	0.00406	0.01103	0.00638	0.01683	0.00522	0.00609	0.00406	0.00348	0.00232	0.00116	0.00290	0.00203	0.00232	0.00406
11	0.89465	0.00726	0.00551	0.00493	0.00726	0.00842	0.00406	0.01103	0.00638	0.01683	0.00522	0.00609	0.00406	0.00348	0.00232	0.00116	0.00290	0.00203	0.00232	0.00406
12	0.01175	0.00926	0.00984	0.00812	0.01068	0.01046	0.00652	0.41755	0.43642	0.01959	0.01220	0.01155	0.00897	0.00480	0.00379	0.00120	0.00354	0.00382	0.00379	0.00615
13	0.00457	0.00326	0.00435	0.00522	0.00544	0.00305	0.00348	0.00522	0.00718	0.00958	0.02068	0.86570	0.02481	0.01175	0.00479	0.00152	0.00218	0.01067	0.00348	0.00305
14	0.01440	0.00710	0.00875	0.00702	0.00969	0.00695	0.00570	0.08316	0.22829	0.54615	0.01495	0.01328	0.02706	0.00485	0.00380	0.00119	0.00318	0.00395	0.00433	0.00620
15	0.00929	0.00891	0.01523	0.02303	0.84475	0.00891	0.01151	0.01151	0.00854	0.01226	0.00706	0.00929	0.00594	0.00334	0.00371	0.00111	0.00446	0.00334	0.00186	0.00594
16	0.00486	0.00360	0.00460	0.00489	0.00550	0.00337	0.00347	0.00594	0.00829	0.01118	0.27080	0.38752	0.15371	0.03584	0.07680	0.00182	0.00272	0.00835	0.00352	0.00322
17	0.00557	0.00419	0.00520	0.00489	0.00591	0.00400	0.00368	0.00802	0.08042	0.01467	0.70264	0.02754	0.10378	0.00761	0.00437	0.00120	0.00188	0.00667	0.00405	0.00371
18	0.00539	0.00389	0.00537	0.00537	0.00581	0.00433	0.00387	0.00628	0.00583	0.00822	0.01065	0.01807	0.01083	0.31372	0.56968	0.00522	0.00787	0.00451	0.00210	0.00298
19	0.00853	0.00581	0.00647	0.00576	0.00682	0.02753	0.00415	0.19298	0.00898	0.07392	0.01158	0.03713	0.01151	0.43897	0.09421	0.00288	0.00435	0.03555	0.01913	0.00375
20	0.01043	0.05380	0.00936	0.00723	0.02150	0.07237	0.00570	0.10350	0.26461	0.09762	0.02839	0.01061	0.00839	0.00408	0.00338	0.00096	0.00340	0.00324	0.00310	0.28832
21	0.00839	0.03450	0.02074	0.07518	0.24302	0.00760	0.02092	0.09120	0.07600	0.03297	0.03494	0.09432	0.10769	0.01596	0.00446	0.00124	0.04113	0.03431	0.00272	0.05271

[dist]
# distance from previous block
# <min> <max>
1	67

[block]
# block no. 1 follows, 73 sequences, length 15
# corresponding to MSA columns:
# 406-420
name=unknown_B
#
# <colnr> <probs for GDERKNQSTAVLIFYWHMCP>
#	G	D	E	R	K	N	Q	S	T	A	V	L	I	F	Y	W	H	M	C	P
0	0.35342	0.00835	0.00857	0.04874	0.04080	0.00945	0.00598	0.29195	0.10240	0.03542	0.00835	0.02330	0.00637	0.00426	0.00337	0.00117	0.02045	0.00308	0.01943	0.00516
1	0.37483	0.07721	0.06663	0.03342	0.07800	0.15193	0.08974	0.02346	0.00795	0.01330	0.01646	0.00760	0.00517	0.00403	0.01700	0.00120	0.02279	0.00267	0.00208	0.00454
2	0.00822	0.02582	0.01201	0.23179	0.34707	0.00808	0.03819	0.02730	0.08269	0.01203	0.03294	0.03369	0.01788	0.00453	0.00383	0.00120	0.00416	0.05827	0.04531	0.00499
3	0.00470	0.00342	0.00445	0.00513	0.00554	0.00317	0.00356	0.00553	0.00769	0.01021	0.09687	0.67382	0.09969	0.01111	0.00474	0.00148	0.00218	0.05005	0.00354	0.00312
4	0.00833	0.05137	0.08576	0.05329	0.06698	0.16122	0.00728	0.00980	0.00797	0.01012	0.05203	0.03652	0.09926	0.04147	0.03355	0.00152	0.20411	0.04176	0.02352	0.00414
5	0.00546	0.00364	0.00409	0.00409	0.00409	0.00364	0.00227	0.00546	0.00546	0.00727	0.01182	0.02455	0.01364	0.86815	0.01910	0.00364	0.00364	0.00546	0.00227	0.00227
6	0.08867	0.05546	0.15677	0.07824	0.14060	0.02797	0.09645	0.01092	0.04268	0.03497	0.02599	0.01071	0.01766	0.01718	0.14088	0.00199	0.04255	0.00346	0.00208	0.00476
7	0.00927	0.14954	0.01082	0.04108	0.11804	0.02953	0.00645	0.07812	0.29713	0.03144	0.02152	0.01341	0.00950	0.12546	0.02956	0.00162	0.00388	0.01577	0.00282	0.00504
8	0.00550	0.00423	0.00540	0.00607	0.08138	0.00398	0.00386	0.00665	0.00836	0.01125	0.27504	0.05580	0.24040	0.20345	0.03150	0.00191	0.00276	0.02455	0.02458	0.00335
9	0.05088	0.03972	0.62604	0.01103	0.01601	0.00890	0.14993	0.01178	0.00799	0.01207	0.00676	0.00815	0.00490	0.00346	0.00360	0.00117	0.00544	0.00298	0.00169	0.02750
10	0.00970	0.00823	0.00881	0.03370	0.01041	0.00950	0.00618	0.09082	0.74073	0.01620	0.01446	0.01344	0.01081	0.00500	0.00381	0.00126	0.00313	0.00414	0.00375	0.00592
11	0.04755	0.13977	0.50703	0.00918	0.01367	0.00962	0.01071	0.11135	0.00927	0.09716	0.00754	0.00819	0.00538	0.00373	0.00339	0.00112	0.00480	0.00280	0.00219	0.00556
12	0.00958	0.08845	0.05351	0.16539	0.30130	0.15987	0.02183	0.03199	0.01901	0.02348	0.00785	0.07319	0.00695	0.00426	0.00376	0.00113	0.01782	0.00361	0.00203	0.00498
13	0.00470	0.00374	0.00398	0.00401	0.00495	0.00328	0.00284	0.00552	0.00807	0.00997	0.09534	0.08139	0.58086	0.16642	0.00713	0.00171	0.00222	0.00754	0.00331	0.00303
14	0.01021	0.31104	0.20101	0.00946	0.07171	0.06959	0.03423	0.09847	0.04456	0.04579	0.00706	0.00792	0.00557	0.00371	0.00348	0.00102	0.03237	0.00274	0.00212	0.03794

[dist]
# distance from previous block
# <min> <max>
0	1

[block]
# block no. 2 follows, 73 sequences, length 9
# corresponding to MSA columns:
# 422-430
name=unknown_C
#
# <colnr> <probs for GDERKNQSTAVLIFYWHMCP>
#	G	D	E	R	K	N	Q	S	T	A	V	L	I	F	Y	W	H	M	C	P
0	0.06787	0.09808	0.45383	0.01132	0.09312	0.02403	0.10481	0.04065	0.00837	0.02718	0.00724	0.03398	0.00568	0.00376	0.00353	0.00115	0.00503	0.00316	0.00189	0.00531
1	0.00677	0.00406	0.00497	0.00480	0.00543	0.00392	0.00324	0.00758	0.02763	0.10570	0.11035	0.12053	0.05361	0.42262	0.03458	0.03195	0.00323	0.02525	0.02062	0.00317
2	0.00492	0.00375	0.00451	0.00486	0.00566	0.00341	0.00364	0.00597	0.00827	0.01058	0.12146	0.25408	0.33869	0.05986	0.00551	0.00154	0.00234	0.15429	0.00348	0.00318
3	0.03149	0.09531	0.10667	0.13015	0.13830	0.00870	0.11687	0.07728	0.02126	0.07416	0.00886	0.07857	0.00762	0.03501	0.00464	0.01517	0.02553	0.00395	0.00232	0.01817
4	0.00536	0.00391	0.00499	0.05515	0.00633	0.00403	0.00365	0.00594	0.00647	0.00858	0.01563	0.25936	0.05998	0.41120	0.05437	0.00272	0.02629	0.06054	0.00269	0.00283
5	0.00499	0.00374	0.00473	0.00532	0.00603	0.00347	0.00407	0.00608	0.00809	0.01039	0.05190	0.37294	0.24371	0.01061	0.00480	0.00150	0.00247	0.24845	0.00350	0.00322
6	0.00821	0.03420	0.03941	0.02808	0.24762	0.00848	0.06240	0.00982	0.00778	0.05283	0.03013	0.03043	0.15397	0.00571	0.00647	0.00132	0.26180	0.00437	0.00228	0.00468
7	0.05427	0.11582	0.13552	0.05832	0.24639	0.02414	0.07688	0.12619	0.02526	0.01331	0.02377	0.03696	0.00677	0.00406	0.00389	0.00115	0.03636	0.00343	0.00220	0.00531
8	0.00478	0.00377	0.00462	0.00527	0.03816	0.00338	0.00354	0.00574	0.00817	0.01050	0.11532	0.39687	0.36623	0.01005	0.00456	0.00136	0.00211	0.00882	0.00349	0.00326

[dist]
# distance from previous block
# <min> <max>
4	42

[block]
# block no. 3 follows, 73 sequences, length 26
# corresponding to MSA columns:
# 473-498
name=unknown_D
#
# <colnr> <probs for GDERKNQSTAVLIFYWHMCP>
#	G	D	E	R	K	N	Q	S	T	A	V	L	I	F	Y	W	H	M	C	P
0	0.00862	0.02790	0.01037	0.02960	0.03634	0.13169	0.12149	0.04689	0.03599	0.02726	0.03898	0.01158	0.00815	0.03647	0.24193	0.00248	0.02305	0.00355	0.00226	0.15538
1	0.03153	0.05123	0.08405	0.04281	0.14626	0.09074	0.04717	0.15419	0.00993	0.05797	0.00740	0.00863	0.00576	0.00396	0.00393	0.03378	0.01523	0.00294	0.00238	0.20009
2	0.00913	0.03613	0.05676	0.06979	0.06843	0.16022	0.01926	0.11419	0.13909	0.01279	0.02677	0.01731	0.23092	0.00569	0.00386	0.00117	0.00399	0.01692	0.00286	0.00470
3	0.00763	0.00627	0.00728	0.00725	0.05389	0.00672	0.00523	0.01363	0.41998	0.02642	0.19233	0.08424	0.09403	0.00659	0.00410	0.00126	0.00266	0.03434	0.00369	0.02247
4	0.00745	0.00757	0.03054	0.14920	0.01308	0.06825	0.15722	0.00983	0.05689	0.01062	0.05780	0.04889	0.06187	0.00989	0.17375	0.00223	0.09880	0.01528	0.01670	0.00415
5	0.00452	0.00374	0.00395	0.00403	0.00515	0.00318	0.00297	0.00550	0.00856	0.01045	0.09766	0.12696	0.69118	0.00961	0.00447	0.00129	0.00192	0.00813	0.00353	0.00318
6	0.00613	0.00444	0.00548	0.00562	0.00660	0.01936	0.00452	0.00747	0.00885	0.04940	0.19602	0.06241	0.21439	0.04698	0.00566	0.01493	0.02305	0.31170	0.00351	0.00348
7	0.03574	0.00643	0.00859	0.00663	0.00946	0.00566	0.00546	0.03651	0.01080	0.78608	0.03840	0.01298	0.00986	0.00470	0.00376	0.00116	0.00317	0.00381	0.00456	0.00625
8	0.00933	0.00806	0.00848	0.00764	0.00976	0.00933	0.00594	0.01994	0.83797	0.01569	0.01527	0.01400	0.01145	0.00509	0.00382	0.00127	0.00297	0.00424	0.00382	0.00594
9	0.89465	0.00726	0.00551	0.00493	0.00726	0.00842	0.00406	0.01103	0.00638	0.01683	0.00522	0.00609	0.00406	0.00348	0.00232	0.00116	0.00290	0.00203	0.00232	0.00406
10	0.89465	0.00726	0.00551	0.00493	0.00726	0.00842	0.00406	0.01103	0.00638	0.01683	0.00522	0.00609	0.00406	0.00348	0.00232	0.00116	0.00290	0.00203	0.00232	0.00406
11	0.89465	0.00726	0.00551	0.00493	0.00726	0.00842	0.00406	0.01103	0.00638	0.01683	0.00522	0.00609	0.00406	0.00348	0.00232	0.00116	0.00290	0.00203	0.00232	0.00406
12	0.01621	0.00739	0.00933	0.00715	0.01008	0.00700	0.00591	0.21624	0.01242	0.64702	0.01339	0.01185	0.00858	0.00461	0.00377	0.00115	0.00342	0.00368	0.00443	0.00638
13	0.00628	0.00507	0.00678	0.00630	0.00666	0.00613	0.00476	0.01897	0.00629	0.00906	0.04972	0.01716	0.03689	0.27117	0.28219	0.00358	0.23116	0.00449	0.02406	0.00328
14	0.00929	0.00891	0.01523	0.02303	0.84475	0.00891	0.01151	0.01151	0.00854	0.01226	0.00706	0.00929	0.00594	0.00334	0.00371	0.00111	0.00446	0.00334	0.00186	0.00594
15	0.00545	0.00368	0.00431	0.00431	0.00439	0.00376	0.00255	0.00560	0.00552	0.00744	0.01162	0.02344	0.01316	0.77326	0.11332	0.00391	0.00436	0.00529	0.00224	0.00239
16	0.00712	0.00715	0.05017	0.00755	0.02205	0.10239	0.02627	0.02734	0.00702	0.00951	0.00883	0.01267	0.00805	0.03523	0.54435	0.00432	0.09347	0.00370	0.01900	0.00379
17	0.01031	0.51515	0.05691	0.00952	0.09434	0.07598	0.08566	0.03005	0.04389	0.03717	0.00656	0.00750	0.00547	0.00344	0.00299	0.00095	0.00449	0.00262	0.00192	0.00508
18	0.00577	0.00491	0.02301	0.13100	0.06399	0.00483	0.02086	0.02652	0.02193	0.01054	0.04759	0.51279	0.05487	0.00945	0.01989	0.00150	0.00309	0.03077	0.00305	0.00365
19	0.00503	0.00364	0.00480	0.00556	0.00606	0.00346	0.00415	0.00601	0.00770	0.01006	0.02184	0.51505	0.10221	0.03588	0.00529	0.00162	0.00258	0.25247	0.00344	0.00316
20	0.00849	0.02178	0.01011	0.14679	0.14745	0.07569	0.05016	0.07153	0.13562	0.01287	0.10482	0.07456	0.03515	0.01962	0.01702	0.00131	0.00397	0.01495	0.04343	0.00470
21	0.01041	0.05991	0.09647	0.04797	0.29905	0.05653	0.06793	0.17061	0.02926	0.04945	0.00807	0.01850	0.00645	0.00413	0.00412	0.00977	0.03487	0.01859	0.00238	0.00554
22	0.00927	0.02891	0.38592	0.07663	0.05719	0.11912	0.05242	0.03683	0.12726	0.04145	0.02425	0.00954	0.00664	0.00394	0.00365	0.00117	0.00506	0.00321	0.00220	0.00534
23	0.00533	0.00373	0.00454	0.00504	0.03416	0.00366	0.00293	0.00561	0.00612	0.00814	0.01487	0.23848	0.04687	0.58796	0.01437	0.00292	0.00323	0.00680	0.00261	0.00263
24	0.07535	0.05491	0.01090	0.07999	0.19445	0.11973	0.00724	0.07287	0.00894	0.02675	0.00673	0.00813	0.00546	0.00344	0.00339	0.00092	0.02266	0.00270	0.00218	0.29327
25	0.05574	0.12710	0.01139	0.02609	0.18504	0.08659	0.06035	0.03263	0.05868	0.02569	0.11463	0.02009	0.01039	0.00443	0.00373	0.00108	0.03403	0.00367	0.13396	0.00471

[dist]
# distance from previous block
# <min> <max>
0	5

[block]
# block no. 4 follows, 73 sequences, length 21
# corresponding to MSA columns:
# 504-524
name=unknown_E
#
# <colnr> <probs for GDERKNQSTAVLIFYWHMCP>
#	G	D	E	R	K	N	Q	S	T	A	V	L	I	F	Y	W	H	M	C	P
0	0.06854	0.11615	0.14680	0.04755	0.13653	0.06731	0.06024	0.15461	0.05403	0.01382	0.00747	0.00867	0.00583	0.00426	0.02172	0.00118	0.01301	0.00302	0.01620	0.05306
1	0.00463	0.00378	0.00414	0.00414	0.00526	0.00329	0.00309	0.00571	0.00867	0.01080	0.16198	0.08504	0.62425	0.01028	0.04668	0.00151	0.00230	0.00772	0.00351	0.00323
2	0.06841	0.02149	0.03930	0.02732	0.09758	0.03098	0.08264	0.10209	0.11800	0.05466	0.11534	0.04047	0.12576	0.00602	0.02037	0.00130	0.01753	0.01499	0.01094	0.00480
3	0.00902	0.00752	0.01291	0.46155	0.23921	0.00824	0.07973	0.01138	0.00829	0.11426	0.00786	0.01017	0.00584	0.00370	0.00380	0.00120	0.00475	0.00348	0.00211	0.00499
4	0.00777	0.00844	0.16610	0.01085	0.21424	0.00637	0.02054	0.03088	0.03646	0.06775	0.06911	0.19155	0.01324	0.13246	0.00624	0.00160	0.00376	0.00539	0.00267	0.00459
5	0.07088	0.72738	0.09995	0.00674	0.01011	0.01380	0.00699	0.01128	0.00757	0.00968	0.00537	0.00621	0.00476	0.00326	0.00251	0.00087	0.00409	0.00208	0.00165	0.00483
6	0.00752	0.01941	0.84871	0.01069	0.01624	0.00871	0.01386	0.01188	0.00792	0.01188	0.00673	0.00792	0.00475	0.00356	0.00356	0.00119	0.00554	0.00277	0.00158	0.00554
7	0.00597	0.00424	0.00587	0.00667	0.00746	0.00424	0.00572	0.00755	0.00838	0.01091	0.01933	0.06258	0.02113	0.06964	0.00613	0.00185	0.00343	0.74217	0.00337	0.00336
8	0.03003	0.08206	0.44544	0.02771	0.06107	0.00926	0.15522	0.03485	0.00844	0.05960	0.01755	0.00879	0.00567	0.00370	0.00394	0.00118	0.03500	0.00317	0.00194	0.00536
9	0.12520	0.00508	0.00497	0.00448	0.00588	0.00541	0.00351	0.13682	0.00919	0.01586	0.01081	0.01217	0.00838	0.00427	0.00276	0.00095	0.00227	0.00329	0.63468	0.00402
10	0.00523	0.00343	0.00459	0.00530	0.00566	0.00318	0.00359	0.00592	0.00737	0.05429	0.02036	0.82017	0.02399	0.01137	0.00473	0.00150	0.00223	0.01030	0.00354	0.00323
11	0.00497	0.00399	0.00410	0.00401	0.00534	0.00341	0.00303	0.00620	0.03004	0.03709	0.05141	0.03464	0.78038	0.00920	0.00440	0.00126	0.00197	0.00767	0.00354	0.00335
12	0.00943	0.00839	0.02180	0.04171	0.37827	0.08705	0.00819	0.01188	0.07299	0.09227	0.10195	0.01407	0.06032	0.04329	0.00477	0.00127	0.03048	0.00410	0.00263	0.00512
13	0.89465	0.00726	0.00551	0.00493	0.00726	0.00842	0.00406	0.01103	0.00638	0.01683	0.00522	0.00609	0.00406	0.00348	0.00232	0.00116	0.00290	0.00203	0.00232	0.00406
14	0.00491	0.00360	0.00465	0.00537	0.00574	0.00348	0.00365	0.00626	0.06324	0.01013	0.04094	0.78730	0.02418	0.01120	0.00471	0.00150	0.00222	0.01014	0.00352	0.00325
15	0.01079	0.65627	0.01733	0.00705	0.01003	0.12266	0.00655	0.06749	0.05301	0.01024	0.00608	0.00674	0.00528	0.00348	0.00270	0.00087	0.00432	0.00227	0.00191	0.00492
16	0.00612	0.00375	0.00456	0.00451	0.00470	0.00375	0.00280	0.00610	0.00577	0.04467	0.01151	0.02260	0.01265	0.64713	0.05415	0.11892	0.00384	0.03767	0.00233	0.00247
17	0.00521	0.00357	0.00432	0.00455	0.00468	0.00355	0.00280	0.00552	0.00610	0.00821	0.03710	0.24911	0.01694	0.55707	0.07247	0.00317	0.00364	0.00679	0.00263	0.00259
18	0.00451	0.00375	0.00393	0.00400	0.00514	0.00318	0.00296	0.00548	0.00856	0.01041	0.09061	0.11275	0.71266	0.00959	0.00447	0.00128	0.00192	0.00810	0.00353	0.00318
19	0.00958	0.01054	0.06690	0.04417	0.01126	0.15085	0.00786	0.03817	0.23625	0.01155	0.00824	0.00964	0.00674	0.00533	0.00728	0.00137	0.36374	0.00337	0.00235	0.00482
20	0.02315	0.01211	0.31114	0.15070	0.19087	0.04139	0.08073	0.01100	0.02069	0.01133	0.00794	0.06049	0.00667	0.00535	0.04910	0.00146	0.00530	0.00366	0.00188	0.00503

[dist]
# distance from previous block
# <min> <max>
0	11

[block]
# block no. 5 follows, 73 sequences, length 14
# corresponding to MSA columns:
# 536-549
name=unknown_F
#
# <colnr> <probs for GDERKNQSTAVLIFYWHMCP>
#	G	D	E	R	K	N	Q	S	T	A	V	L	I	F	Y	W	H	M	C	P
0	0.00840	0.02811	0.04302	0.00770	0.04668	0.00646	0.07799	0.06159	0.00850	0.01278	0.00685	0.00810	0.00558	0.00305	0.00320	0.00073	0.01694	0.00257	0.00223	0.64954
1	0.03145	0.26276	0.10209	0.06029	0.05833	0.26066	0.07146	0.04812	0.02105	0.01066	0.00632	0.00763	0.00520	0.00413	0.02097	0.00112	0.01835	0.00270	0.00189	0.00482
2	0.00759	0.01894	0.80761	0.01095	0.01641	0.00875	0.05450	0.01189	0.00797	0.01189	0.00678	0.00803	0.00480	0.00354	0.00361	0.00119	0.00558	0.00285	0.00160	0.00552
3	0.00479	0.00381	0.00430	0.00418	0.00529	0.00332	0.00313	0.00608	0.00940	0.01215	0.36800	0.03279	0.51197	0.00875	0.00443	0.00123	0.00185	0.00745	0.00375	0.00332
4	0.00545	0.00366	0.00421	0.00421	0.00425	0.00370	0.00242	0.00553	0.00549	0.00736	0.01172	0.02397	0.01339	0.81820	0.06869	0.00378	0.00402	0.00537	0.00226	0.00234
5	0.00847	0.00707	0.00765	0.00700	0.00882	0.00801	0.00543	0.03866	0.60966	0.01473	0.04350	0.04332	0.06137	0.00730	0.06227	0.00160	0.00333	0.02238	0.03413	0.00530
6	0.00530	0.00397	0.00577	0.00580	0.00644	0.00451	0.00444	0.00653	0.00615	0.00873	0.01179	0.04203	0.04966	0.07199	0.74239	0.00554	0.00908	0.00448	0.00214	0.00327
7	0.01190	0.37449	0.01422	0.00781	0.01046	0.26869	0.00667	0.16594	0.05929	0.01225	0.00690	0.00751	0.00564	0.00380	0.00304	0.00094	0.00474	0.00256	0.02817	0.00499
8	0.02531	0.34659	0.19634	0.00728	0.01015	0.04827	0.00733	0.02649	0.02002	0.03555	0.00949	0.18060	0.00935	0.00662	0.05386	0.00138	0.00440	0.00417	0.00220	0.00459
9	0.00921	0.03600	0.09041	0.01049	0.06714	0.10554	0.18468	0.05989	0.11659	0.04347	0.05436	0.10981	0.03725	0.00529	0.00445	0.00123	0.05195	0.00468	0.00266	0.00489
10	0.00976	0.32920	0.16962	0.02125	0.04624	0.13656	0.06756	0.02299	0.06654	0.02240	0.00743	0.02946	0.00637	0.04482	0.00397	0.00115	0.00476	0.00303	0.00199	0.00489
11	0.36261	0.11491	0.00929	0.00676	0.02910	0.07037	0.02491	0.05760	0.00787	0.02743	0.00659	0.03092	0.00567	0.02996	0.00381	0.00111	0.05140	0.00269	0.00228	0.15471
12	0.00864	0.04226	0.18469	0.01150	0.19044	0.05269	0.04479	0.04701	0.05393	0.04104	0.01134	0.01562	0.05133	0.00615	0.04429	0.00144	0.01561	0.12186	0.02356	0.03178
13	0.02629	0.00773	0.03327	0.04200	0.05356	0.07681	0.07945	0.04224	0.16405	0.01251	0.09215	0.04079	0.12886	0.00752	0.06281	0.00158	0.04901	0.04528	0.02962	0.00446

[dist]
# distance from previous block
# <min> <max>
4	39

[block]
# block no. 6 follows, 73 sequences, length 23
# corresponding to MSA columns:
# 589-611
name=unknown_G
#
# <colnr> <probs for GDERKNQSTAVLIFYWHMCP>
#	G	D	E	R	K	N	Q	S	T	A	V	L	I	F	Y	W	H	M	C	P
0	0.01056	0.19785	0.08192	0.02972	0.13175	0.06381	0.03948	0.03942	0.05254	0.14256	0.00842	0.02449	0.00659	0.00384	0.00349	0.00100	0.02114	0.00307	0.00246	0.13590
1	0.03339	0.15768	0.14953	0.01175	0.17094	0.06981	0.08967	0.11405	0.03731	0.03830	0.02441	0.02629	0.02004	0.00409	0.00386	0.00112	0.03686	0.00336	0.00227	0.00529
2	0.00589	0.10454	0.04872	0.00528	0.01909	0.00549	0.00439	0.00802	0.08135	0.01125	0.13496	0.04000	0.48242	0.00782	0.00412	0.00121	0.00248	0.02590	0.00326	0.00381
3	0.00626	0.00642	0.07519	0.00667	0.00783	0.07560	0.00560	0.00779	0.00656	0.00898	0.00946	0.01372	0.00871	0.04161	0.69579	0.00516	0.00927	0.00381	0.00197	0.00359
4	0.00783	0.00820	0.10437	0.00625	0.00978	0.00564	0.00560	0.01025	0.04936	0.01236	0.00711	0.00811	0.00576	0.00298	0.00292	0.00066	0.00311	0.00239	0.00223	0.74509
5	0.00521	0.00398	0.00566	0.00566	0.00643	0.00444	0.00439	0.00648	0.00645	0.00894	0.01466	0.01826	0.14687	0.02507	0.71332	0.00524	0.00871	0.00466	0.00225	0.00332
6	0.00522	0.00374	0.00509	0.00594	0.00647	0.00361	0.00460	0.00636	0.00786	0.01032	0.02073	0.48063	0.04304	0.01108	0.00495	0.00161	0.00274	0.36929	0.00347	0.00323
7	0.00462	0.00330	0.00440	0.00528	0.00551	0.00309	0.00356	0.00530	0.00723	0.00963	0.02065	0.84070	0.02472	0.01171	0.00480	0.00153	0.00222	0.03522	0.00348	0.00306
8	0.00531	0.00383	0.00501	0.00472	0.00560	0.00354	0.00354	0.00708	0.01062	0.01504	0.84277	0.02802	0.03540	0.00767	0.00442	0.00118	0.00177	0.00678	0.00413	0.00354
9	0.01401	0.01788	0.01063	0.00967	0.01160	0.85309	0.00725	0.01498	0.01063	0.00918	0.00580	0.00677	0.00483	0.00387	0.00338	0.00097	0.00677	0.00242	0.00193	0.00435
10	0.00443	0.00380	0.00380	0.00380	0.00507	0.00317	0.00285	0.00538	0.00855	0.01014	0.03801	0.03611	0.84322	0.00950	0.00443	0.00127	0.00190	0.00792	0.00348	0.00317
11	0.89465	0.00726	0.00551	0.00493	0.00726	0.00842	0.00406	0.01103	0.00638	0.01683	0.00522	0.00609	0.00406	0.00348	0.00232	0.00116	0.00290	0.00203	0.00232	0.00406
12	0.01426	0.01051	0.01126	0.00863	0.01163	0.01163	0.00713	0.83224	0.01764	0.02364	0.00901	0.00901	0.00638	0.00450	0.00375	0.00113	0.00413	0.00338	0.00375	0.00638
13	0.89465	0.00726	0.00551	0.00493	0.00726	0.00842	0.00406	0.01103	0.00638	0.01683	0.00522	0.00609	0.00406	0.00348	0.00232	0.00116	0.00290	0.00203	0.00232	0.00406
14	0.00536	0.00383	0.00497	0.00468	0.00557	0.00354	0.00351	0.00713	0.01054	0.01501	0.81831	0.02761	0.03464	0.00757	0.00437	0.00117	0.00177	0.00669	0.03019	0.00354
15	0.01439	0.01030	0.01113	0.00853	0.01153	0.01133	0.00705	0.79154	0.01729	0.06483	0.00930	0.00920	0.00653	0.00451	0.00375	0.00113	0.00408	0.00340	0.00380	0.00638
16	0.00531	0.00408	0.00502	0.00549	0.00654	0.00379	0.00459	0.00668	0.00860	0.01073	0.02816	0.03948	0.39711	0.00997	0.00484	0.00152	0.00274	0.44857	0.00347	0.00332
17	0.00493	0.00388	0.00476	0.00491	0.00578	0.00351	0.02172	0.02646	0.00839	0.01077	0.11055	0.40062	0.35997	0.01004	0.00457	0.00137	0.00216	0.00883	0.00352	0.00328
18	0.00922	0.00892	0.01473	0.06419	0.76701	0.02846	0.01125	0.01142	0.00854	0.01203	0.00727	0.00995	0.00619	0.00352	0.00374	0.00113	0.00452	0.02027	0.00188	0.00577
19	0.00543	0.00384	0.00498	0.00487	0.00574	0.00354	0.00365	0.00701	0.01000	0.03021	0.63938	0.12514	0.08481	0.00833	0.00449	0.00125	0.00194	0.04788	0.00399	0.00351
20	0.01011	0.23080	0.06040	0.00768	0.01017	0.16568	0.00663	0.05006	0.31548	0.01259	0.04749	0.02209	0.02322	0.00463	0.00343	0.00109	0.00406	0.01649	0.00277	0.00513
21	0.32623	0.02104	0.04490	0.05053	0.07064	0.00854	0.02006	0.21218	0.01006	0.08844	0.00995	0.03909	0.05080	0.00462	0.00334	0.00119	0.00357	0.02697	0.00289	0.00497
22	0.00940	0.05101	0.00939	0.03850	0.03780	0.06824	0.01751	0.04429	0.01913	0.07907	0.00741	0.00831	0.00587	0.00319	0.00303	0.00073	0.00341	0.00253	0.00241	0.58876

[dist]
# distance from previous block
# <min> <max>
1	3

[block]
# block no. 7 follows, 73 sequences, length 54
# corresponding to MSA columns:
# 615-668
name=unknown_H
#
# <colnr> <probs for GDERKNQSTAVLIFYWHMCP>
#	G	D	E	R	K	N	Q	S	T	A	V	L	I	F	Y	W	H	M	C	P
0	0.17840	0.04756	0.08027	0.01136	0.13901	0.13527	0.15520	0.07310	0.08005	0.01365	0.03580	0.00954	0.01696	0.00388	0.00350	0.00114	0.00464	0.00330	0.00233	0.00503
1	0.00565	0.00381	0.00447	0.00443	0.00460	0.00392	0.00271	0.02060	0.00583	0.00797	0.01154	0.02259	0.01280	0.70984	0.13430	0.00384	0.00448	0.00516	0.02894	0.00253
2	0.00848	0.01269	0.37264	0.00904	0.03259	0.00851	0.00932	0.09662	0.26404	0.01440	0.07419	0.01319	0.04563	0.00479	0.00379	0.00122	0.00411	0.01648	0.00280	0.00547
3	0.00701	0.00649	0.01086	0.79550	0.02449	0.00804	0.01009	0.00945	0.00759	0.00971	0.00765	0.01242	0.00624	0.00424	0.00386	0.00129	0.00489	0.06427	0.00180	0.00411
4	0.00487	0.00378	0.00443	0.00435	0.00535	0.00334	0.00323	0.00619	0.00945	0.01246	0.42527	0.09415	0.39208	0.00879	0.00446	0.00124	0.00186	0.00758	0.00380	0.00334
5	0.82782	0.00783	0.03708	0.00529	0.00776	0.00855	0.00455	0.04263	0.00687	0.01691	0.00543	0.00627	0.00418	0.00352	0.00242	0.00116	0.00305	0.00211	0.00235	0.00421
6	0.89465	0.00726	0.00551	0.00493	0.00726	0.00842	0.00406	0.01103	0.00638	0.01683	0.00522	0.00609	0.00406	0.00348	0.00232	0.00116	0.00290	0.00203	0.00232	0.00406
7	0.01426	0.01051	0.01126	0.00863	0.01163	0.01163	0.00713	0.83224	0.01764	0.02364	0.00901	0.00901	0.00638	0.00450	0.00375	0.00113	0.00413	0.00338	0.00375	0.00638
8	0.01436	0.01035	0.01116	0.00856	0.01156	0.01141	0.00707	0.80172	0.01738	0.05452	0.00922	0.00915	0.00649	0.00451	0.00375	0.00113	0.00409	0.00339	0.00379	0.00638
9	0.00460	0.00330	0.00437	0.00517	0.00544	0.00307	0.00347	0.00530	0.00734	0.00980	0.05266	0.81549	0.04298	0.01155	0.00477	0.00150	0.00216	0.01046	0.00351	0.00307
10	0.89465	0.00726	0.00551	0.00493	0.00726	0.00842	0.00406	0.01103	0.00638	0.01683	0.00522	0.00609	0.00406	0.00348	0.00232	0.00116	0.00290	0.00203	0.00232	0.00406
11	0.89465	0.00726	0.00551	0.00493	0.00726	0.00842	0.00406	0.01103	0.00638	0.01683	0.00522	0.00609	0.00406	0.00348	0.00232	0.00116	0.00290	0.00203	0.00232	0.00406
12	0.89465	0.00726	0.00551	0.00493	0.00726	0.00842	0.00406	0.01103	0.00638	0.01683	0.00522	0.00609	0.00406	0.00348	0.00232	0.00116	0.00290	0.00203	0.00232	0.00406
13	0.00952	0.00815	0.00859	0.00767	0.00983	0.00942	0.00598	0.05038	0.80722	0.01599	0.01504	0.01381	0.01126	0.00507	0.00382	0.00127	0.00301	0.00421	0.00382	0.00595
14	0.00457	0.00326	0.00435	0.00522	0.00544	0.00305	0.00348	0.00522	0.00718	0.00958	0.02068	0.86570	0.02481	0.01175	0.00479	0.00152	0.00218	0.01067	0.00348	0.00305
15	0.00652	0.00326	0.00489	0.00489	0.00489	0.00326	0.00326	0.00489	0.00489	0.00652	0.00652	0.01140	0.00652	0.01303	0.01466	0.89084	0.00326	0.00326	0.00163	0.00163
16	0.89465	0.00726	0.00551	0.00493	0.00726	0.00842	0.00406	0.01103	0.00638	0.01683	0.00522	0.00609	0.00406	0.00348	0.00232	0.00116	0.00290	0.00203	0.00232	0.00406
17	0.00457	0.00326	0.00435	0.00522	0.00544	0.00305	0.00348	0.00522	0.00718	0.00958	0.02068	0.86570	0.02481	0.01175	0.00479	0.00152	0.00218	0.01067	0.00348	0.00305
18	0.00457	0.00326	0.00435	0.00522	0.00544	0.00305	0.00348	0.00522	0.00718	0.00958	0.02068	0.86570	0.02481	0.01175	0.00479	0.00152	0.00218	0.01067	0.00348	0.00305
19	0.01442	0.01068	0.01142	0.00903	0.01192	0.01163	0.00729	0.74270	0.06798	0.02333	0.01066	0.04096	0.00817	0.00537	0.00417	0.00131	0.00428	0.00398	0.00403	0.00667
20	0.00471	0.00351	0.00480	0.00536	0.00579	0.00325	0.02506	0.00550	0.00749	0.00994	0.05947	0.73837	0.09042	0.01116	0.00473	0.00148	0.00224	0.01010	0.00347	0.00313
21	0.00453	0.00355	0.00411	0.00455	0.00530	0.00313	0.00322	0.00535	0.00788	0.00988	0.02921	0.44142	0.42824	0.01062	0.00462	0.00140	0.00206	0.02433	0.00348	0.00311
22	0.00933	0.00806	0.00848	0.00764	0.00976	0.00933	0.00594	0.01994	0.83797	0.01569	0.01527	0.01400	0.01145	0.00509	0.00382	0.00127	0.00297	0.00424	0.00382	0.00594
23	0.46114	0.22941	0.03905	0.00638	0.02370	0.06354	0.00552	0.02331	0.04096	0.04590	0.00621	0.00690	0.00493	0.00354	0.00263	0.00105	0.00358	0.00228	0.00225	0.02773
24	0.01563	0.00618	0.00824	0.00640	0.00912	0.00540	0.00526	0.03260	0.01061	0.74563	0.01588	0.01407	0.05621	0.00490	0.00376	0.00115	0.00307	0.00399	0.04584	0.00607
25	0.02407	0.01143	0.03021	0.09901	0.41651	0.17523	0.09791	0.05798	0.02356	0.01294	0.00792	0.01014	0.00650	0.00415	0.00409	0.00128	0.00541	0.00355	0.00230	0.00579
26	0.01097	0.35291	0.01369	0.00747	0.01023	0.04620	0.00647	0.20937	0.27839	0.01458	0.00939	0.00934	0.00733	0.00415	0.00322	0.00104	0.00381	0.00307	0.00284	0.00553
27	0.00538	0.00394	0.00560	0.00560	0.00612	0.00446	0.00416	0.00642	0.00590	0.00839	0.01044	0.01691	0.01032	0.21380	0.66890	0.00550	0.00863	0.00434	0.00207	0.00311
28	0.01075	0.66496	0.03935	0.00720	0.01020	0.18276	0.00677	0.01213	0.01997	0.00907	0.00551	0.00633	0.00491	0.00338	0.00265	0.00085	0.00459	0.00214	0.00170	0.00476
29	0.00785	0.07670	0.69632	0.01099	0.01617	0.00922	0.10780	0.01185	0.00801	0.01169	0.00673	0.00804	0.00487	0.00349	0.00358	0.00117	0.00553	0.00291	0.00162	0.00544
30	0.00605	0.00432	0.00605	0.00691	0.00777	0.00432	0.00605	0.00777	0.00864	0.01123	0.01986	0.04232	0.02159	0.01036	0.00518	0.00173	0.00345	0.81949	0.00345	0.00345
31	0.00457	0.00326	0.00435	0.00522	0.00544	0.00305	0.00348	0.00522	0.00718	0.00958	0.02068	0.86570	0.02481	0.01175	0.00479	0.00152	0.00218	0.01067	0.00348	0.00305
32	0.01025	0.12825	0.34884	0.03313	0.04595	0.01991	0.01939	0.17195	0.07113	0.08490	0.00826	0.00887	0.00602	0.00396	0.00369	0.00114	0.02322	0.00304	0.00245	0.00564
33	0.00635	0.00416	0.00564	0.00614	0.02016	0.01600	0.00464	0.02703	0.00720	0.00941	0.01451	0.14474	0.03670	0.01124	0.00876	0.35195	0.00324	0.31664	0.00270	0.00280
34	0.01606	0.00637	0.00856	0.00665	0.00944	0.00561	0.00546	0.01794	0.04843	0.77850	0.04561	0.01339	0.01036	0.00478	0.00380	0.00117	0.00313	0.00391	0.00459	0.00626
35	0.03417	0.00988	0.05712	0.03424	0.02436	0.04414	0.28887	0.18824	0.04146	0.08546	0.00886	0.04823	0.00699	0.00451	0.00497	0.00126	0.10533	0.00401	0.00263	0.00524
36	0.05596	0.06321	0.14772	0.20030	0.09874	0.10165	0.13037	0.04342	0.04175	0.01168	0.00732	0.00976	0.00585	0.00394	0.00401	0.00119	0.04035	0.02592	0.00198	0.00488
37	0.89465	0.00726	0.00551	0.00493	0.00726	0.00842	0.00406	0.01103	0.00638	0.01683	0.00522	0.00609	0.00406	0.00348	0.00232	0.00116	0.00290	0.00203	0.00232	0.00406
38	0.01129	0.60056	0.01680	0.00745	0.01025	0.28017	0.00668	0.01242	0.00858	0.00894	0.00540	0.00625	0.00482	0.00342	0.00272	0.00085	0.00488	0.00214	0.00171	0.00467
39	0.01401	0.01788	0.01063	0.00967	0.01160	0.85309	0.00725	0.01498	0.01063	0.00918	0.00580	0.00677	0.00483	0.00387	0.00338	0.00097	0.00677	0.00242	0.00193	0.00435
40	0.01040	0.01261	0.30717	0.03132	0.02508	0.04038	0.00913	0.14118	0.26054	0.10792	0.01053	0.01050	0.00756	0.00430	0.00369	0.00119	0.00430	0.00343	0.00295	0.00581
41	0.03197	0.01519	0.02604	0.02334	0.06069	0.59262	0.03579	0.04308	0.06506	0.02655	0.00683	0.00781	0.00549	0.00402	0.00384	0.00106	0.04101	0.00277	0.00215	0.00468
42	0.00511	0.00383	0.00474	0.00451	0.00549	0.00346	0.00339	0.00670	0.01016	0.01395	0.66317	0.02983	0.21568	0.00808	0.00443	0.00120	0.00180	0.00704	0.00399	0.00346
43	0.01003	0.87041	0.01966	0.00642	0.00963	0.01485	0.00642	0.01123	0.00762	0.00883	0.00522	0.00602	0.00481	0.00321	0.00241	0.00080	0.00401	0.00201	0.00160	0.00481
44	0.00555	0.00398	0.00545	0.00629	0.00693	0.00392	0.00509	0.00701	0.02078	0.01068	0.02010	0.34901	0.02264	0.01080	0.00501	0.00164	0.00297	0.50532	0.00347	0.00334
45	0.00457	0.00326	0.00435	0.00522	0.00544	0.00305	0.00348	0.00522	0.00718	0.00958	0.02068	0.86570	0.02481	0.01175	0.00479	0.00152	0.00218	0.01067	0.00348	0.00305
46	0.00529	0.00383	0.00499	0.00470	0.00559	0.00353	0.00352	0.00704	0.01057	0.01493	0.82375	0.02822	0.05449	0.00771	0.00443	0.00118	0.00177	0.00681	0.00411	0.00353
47	0.80867	0.00734	0.00607	0.05701	0.00854	0.00853	0.00456	0.04079	0.00686	0.01664	0.00545	0.00644	0.00420	0.00354	0.00246	0.00117	0.00307	0.00216	0.00233	0.00415
48	0.01003	0.87041	0.01966	0.00642	0.00963	0.01485	0.00642	0.01123	0.00762	0.00883	0.00522	0.00602	0.00481	0.00321	0.00241	0.00080	0.00401	0.00201	0.00160	0.00481
49	0.00443	0.00380	0.00380	0.00380	0.00507	0.00317	0.00285	0.00538	0.00855	0.01014	0.03801	0.03611	0.84322	0.00950	0.00443	0.00127	0.00190	0.00792	0.00348	0.00317
50	0.00536	0.00402	0.00603	0.00603	0.00670	0.00469	0.00469	0.00670	0.00603	0.00871	0.01005	0.01474	0.00938	0.02814	0.85328	0.00603	0.01005	0.00402	0.00201	0.00335
51	0.89465	0.00726	0.00551	0.00493	0.00726	0.00842	0.00406	0.01103	0.00638	0.01683	0.00522	0.00609	0.00406	0.00348	0.00232	0.00116	0.00290	0.00203	0.00232	0.00406
52	0.04301	0.05134	0.02585	0.05813	0.08503	0.02180	0.02061	0.18977	0.37779	0.03528	0.02153	0.01225	0.00912	0.00467	0.00371	0.00120	0.00367	0.02629	0.00326	0.00567
53	0.14533	0.34378	0.06723	0.00736	0.01034	0.13893	0.00673	0.15518	0.00988	0.07403	0.00676	0.00728	0.00530	0.00370	0.00295	0.00099	0.00432	0.00249	0.00236	0.00506

[dist]
# distance from previous block
# <min> <max>
1	3

[block]
# block no. 8 follows, 73 sequences, length 21
# corresponding to MSA columns:
# 673-693
name=unknown_I
#
# <colnr> <probs for GDERKNQSTAVLIFYWHMCP>
#	G	D	E	R	K	N	Q	S	T	A	V	L	I	F	Y	W	H	M	C	P
0	0.12380	0.16519	0.01118	0.00781	0.01027	0.34042	0.00631	0.09762	0.10121	0.03358	0.00728	0.00779	0.00578	0.00385	0.00313	0.00099	0.00474	0.00262	0.00241	0.06403
1	0.06948	0.00939	0.01335	0.05433	0.58542	0.08788	0.00997	0.03593	0.00899	0.07894	0.00747	0.00914	0.00595	0.00356	0.00360	0.00111	0.00448	0.00320	0.00216	0.00564
2	0.00529	0.00392	0.00421	0.00415	0.00542	0.00332	0.00310	0.00627	0.00861	0.06608	0.05204	0.11526	0.69041	0.00936	0.00442	0.00128	0.00201	0.00788	0.00358	0.00338
3	0.89465	0.00726	0.00551	0.00493	0.00726	0.00842	0.00406	0.01103	0.00638	0.01683	0.00522	0.00609	0.00406	0.00348	0.00232	0.00116	0.00290	0.00203	0.00232	0.00406
4	0.00457	0.00326	0.00435	0.00522	0.00544	0.00305	0.00348	0.00522	0.00718	0.00958	0.02068	0.86570	0.02481	0.01175	0.00479	0.00152	0.00218	0.01067	0.00348	0.00305
5	0.00952	0.00973	0.07059	0.02119	0.73056	0.00909	0.01136	0.06954	0.00914	0.01304	0.00717	0.00917	0.00589	0.00344	0.00371	0.00112	0.00451	0.00331	0.00197	0.00595
6	0.01385	0.02352	0.01046	0.00803	0.02568	0.00944	0.00650	0.51898	0.01453	0.20443	0.00990	0.00964	0.00689	0.00427	0.00361	0.00106	0.00375	0.00330	0.00369	0.11848
7	0.01131	0.04107	0.04008	0.00846	0.01080	0.15844	0.00693	0.22706	0.36705	0.01578	0.01065	0.01056	0.00808	0.00470	0.00423	0.00119	0.06136	0.00350	0.00317	0.00560
8	0.01067	0.00825	0.00965	0.00823	0.00957	0.07590	0.00665	0.05158	0.16661	0.18151	0.06514	0.01158	0.00920	0.00584	0.00739	0.02701	0.33361	0.00373	0.00295	0.00493
9	0.00443	0.00380	0.00380	0.00380	0.00507	0.00317	0.00285	0.00538	0.00855	0.01014	0.03801	0.03611	0.84322	0.00950	0.00443	0.00127	0.00190	0.00792	0.00348	0.00317
10	0.01683	0.00638	0.00871	0.00668	0.00958	0.00551	0.00551	0.01828	0.01074	0.84734	0.01480	0.01277	0.00929	0.00464	0.00377	0.00116	0.00319	0.00377	0.00464	0.00638
11	0.01452	0.01010	0.01100	0.00844	0.01143	0.01102	0.00697	0.75080	0.01695	0.10606	0.00959	0.00938	0.00667	0.00452	0.00376	0.00113	0.00403	0.00342	0.00384	0.00638
12	0.01399	0.01037	0.01110	0.00858	0.01153	0.01151	0.00706	0.78704	0.06328	0.02320	0.00936	0.00929	0.00666	0.00454	0.00376	0.00113	0.00406	0.00343	0.00376	0.00636
13	0.00559	0.00379	0.00453	0.00472	0.00492	0.00379	0.00312	0.00597	0.00617	0.00816	0.01362	0.02853	0.01542	0.67614	0.01598	0.00321	0.00360	0.18767	0.00254	0.00254
14	0.61311	0.00698	0.00654	0.00549	0.00800	0.00749	0.00453	0.01336	0.00778	0.28320	0.00830	0.00824	0.00574	0.00385	0.00279	0.00116	0.00300	0.00259	0.00307	0.00481
15	0.00921	0.00883	0.01508	0.05331	0.81508	0.00889	0.01147	0.01144	0.00851	0.01216	0.00704	0.00931	0.00591	0.00336	0.00372	0.00112	0.00448	0.00334	0.00185	0.00588
16	0.00645	0.00408	0.00522	0.00482	0.00594	0.00369	0.00365	0.00806	0.01024	0.10336	0.62234	0.05169	0.12487	0.00762	0.00433	0.00119	0.00195	0.00665	0.02005	0.00379
17	0.00545	0.00367	0.00425	0.00425	0.00430	0.00372	0.00247	0.00555	0.00550	0.00739	0.01168	0.02377	0.01330	0.80131	0.08547	0.00383	0.00415	0.00534	0.00225	0.00236
18	0.00907	0.00947	0.03561	0.02002	0.54395	0.00899	0.27031	0.01163	0.00861	0.01217	0.00721	0.00948	0.00583	0.00328	0.00391	0.00115	0.00503	0.00364	0.00187	0.02878
19	0.02320	0.03350	0.05282	0.19954	0.39907	0.12279	0.02322	0.01150	0.00841	0.03504	0.00689	0.00907	0.00557	0.00394	0.00415	0.03281	0.01837	0.00316	0.00188	0.00508
20	0.05554	0.11422	0.04332	0.17658	0.06267	0.00699	0.00636	0.00943	0.03405	0.04922	0.10882	0.13890	0.09739	0.00585	0.00372	0.00115	0.00333	0.00497	0.00268	0.07480

[dist]
# distance from previous block
# <min> <max>
1	65

[block]
# block no. 9 follows, 73 sequences, length 83
# corresponding to MSA columns:
# 759-841
name=unknown_J
#
# <colnr> <probs for GDERKNQSTAVLIFYWHMCP>
#	G	D	E	R	K	N	Q	S	T	A	V	L	I	F	Y	W	H	M	C	P
0	0.03263	0.03737	0.07276	0.09209	0.14399	0.02733	0.03288	0.11943	0.06436	0.19854	0.01025	0.05014	0.01680	0.00454	0.00408	0.00117	0.04349	0.00374	0.00292	0.04150
1	0.00938	0.08743	0.03630	0.05844	0.28827	0.03077	0.16481	0.04813	0.05565	0.05097	0.02260	0.05760	0.00787	0.00435	0.00427	0.00119	0.04933	0.01511	0.00229	0.00524
2	0.00541	0.00364	0.00409	0.00410	0.00415	0.00361	0.00231	0.00545	0.00559	0.00741	0.01287	0.03720	0.04279	0.82568	0.01838	0.00352	0.00356	0.00562	0.00233	0.00232
3	0.01071	0.08786	0.01390	0.13906	0.30985	0.21648	0.06026	0.08353	0.00966	0.02409	0.00684	0.00856	0.00550	0.00363	0.00357	0.00108	0.00513	0.00307	0.00203	0.00518
4	0.03336	0.01279	0.03249	0.01939	0.03658	0.36272	0.25045	0.05977	0.00976	0.02223	0.00704	0.00881	0.00566	0.01806	0.04679	0.00135	0.00610	0.00323	0.00209	0.06134
5	0.06873	0.01354	0.42328	0.00949	0.05182	0.00821	0.00996	0.12047	0.00968	0.18290	0.00858	0.00898	0.00594	0.00384	0.00351	0.00113	0.00449	0.00300	0.00259	0.05985
6	0.01003	0.87041	0.01966	0.00642	0.00963	0.01485	0.00642	0.01123	0.00762	0.00883	0.00522	0.00602	0.00481	0.00321	0.00241	0.00080	0.00401	0.00201	0.00160	0.00481
7	0.00445	0.00380	0.00382	0.00382	0.00508	0.00317	0.00286	0.00541	0.00859	0.01022	0.05189	0.03597	0.82929	0.00947	0.00443	0.00127	0.00190	0.00790	0.00350	0.00317
8	0.01376	0.00780	0.00894	0.00700	0.00957	0.00804	0.00574	0.40252	0.01347	0.29956	0.01157	0.01121	0.00797	0.00453	0.00355	0.00109	0.00336	0.00353	0.17096	0.00584
9	0.00824	0.00782	0.01315	0.42062	0.43182	0.00865	0.01084	0.01083	0.03099	0.01108	0.00710	0.00976	0.00565	0.00359	0.00373	0.00118	0.00467	0.00336	0.00182	0.00510
10	0.01426	0.01051	0.01126	0.00863	0.01163	0.01163	0.00713	0.83224	0.01764	0.02364	0.00901	0.00901	0.00638	0.00450	0.00375	0.00113	0.00413	0.00338	0.00375	0.00638
11	0.00470	0.00336	0.00450	0.00534	0.00562	0.00316	0.00368	0.00546	0.00738	0.00983	0.04058	0.78310	0.02483	0.01155	0.00481	0.00153	0.00226	0.07173	0.00350	0.00309
12	0.00457	0.00326	0.00435	0.00522	0.00544	0.00305	0.00348	0.00522	0.00718	0.00958	0.02068	0.86570	0.02481	0.01175	0.00479	0.00152	0.00218	0.01067	0.00348	0.00305
13	0.00538	0.00396	0.00572	0.00572	0.00628	0.00452	0.00430	0.00650	0.00594	0.00848	0.01033	0.01631	0.01006	0.16300	0.71936	0.00565	0.00902	0.00425	0.00205	0.00318
14	0.01531	0.00703	0.00890	0.00699	0.00973	0.00666	0.00571	0.15274	0.06611	0.61500	0.01416	0.05402	0.00971	0.00500	0.00382	0.00118	0.00328	0.00408	0.00438	0.00619
15	0.00479	0.00381	0.00430	0.00418	0.00529	0.00332	0.00313	0.00608	0.00940	0.01216	0.36916	0.03278	0.51081	0.00875	0.00443	0.00123	0.00185	0.00745	0.00375	0.00332
16	0.01426	0.01051	0.01126	0.00863	0.01163	0.01163	0.00713	0.83224	0.01764	0.02364	0.00901	0.00901	0.00638	0.00450	0.00375	0.00113	0.00413	0.00338	0.00375	0.00638
17	0.01354	0.01712	0.01038	0.00947	0.01133	0.80636	0.00711	0.01453	0.01038	0.00916	0.00603	0.00720	0.00508	0.00520	0.05019	0.00125	0.00695	0.00250	0.00194	0.00429
18	0.01401	0.01788	0.01063	0.00967	0.01160	0.85309	0.00725	0.01498	0.01063	0.00918	0.00580	0.00677	0.00483	0.00387	0.00338	0.00097	0.00677	0.00242	0.00193	0.00435
19	0.00443	0.00380	0.00380	0.00380	0.00507	0.00317	0.00285	0.00538	0.00855	0.01014	0.03801	0.03611	0.84322	0.00950	0.00443	0.00127	0.00190	0.00792	0.00348	0.00317
20	0.84879	0.00735	0.00577	0.00509	0.00745	0.00848	0.00420	0.03985	0.00685	0.03135	0.00552	0.00631	0.00423	0.00354	0.00240	0.00116	0.00295	0.00211	0.00241	0.00418
21	0.00884	0.01007	0.02184	0.01565	0.01934	0.00954	0.80836	0.01194	0.00877	0.01194	0.00752	0.01007	0.00567	0.00326	0.00465	0.00128	0.02997	0.00440	0.00189	0.00503
22	0.00445	0.00379	0.00383	0.00385	0.00508	0.00317	0.00288	0.00540	0.00854	0.01018	0.04802	0.05872	0.81028	0.00954	0.00444	0.00127	0.00191	0.00798	0.00349	0.00317
23	0.01631	0.00722	0.00923	0.00707	0.01000	0.00676	0.00584	0.18365	0.01214	0.68000	0.01362	0.01201	0.00870	0.00462	0.00377	0.00115	0.00338	0.00369	0.00446	0.00638
24	0.00545	0.00414	0.00629	0.00613	0.00682	0.00471	0.02733	0.00672	0.00608	0.00870	0.01033	0.03166	0.00992	0.09503	0.74618	0.00562	0.00928	0.00427	0.00206	0.00330
