[name]
unknown

[dist]
# distance from previous block
# <min> <max>
0	3

[block]
# block no. 0 follows, 74 sequences, length 39
# corresponding to MSA columns:
# 3-41
name=unknown_A
#
# <colnr> <probs for GDERKNQSTAVLIFYWHMCP>
#	G	D	E	R	K	N	Q	S	T	A	V	L	I	F	Y	W	H	M	C	P
0	0.00911	0.17824	0.44605	0.00963	0.01386	0.03514	0.06913	0.13213	0.00937	0.01279	0.00735	0.00936	0.00580	0.00389	0.00347	0.00112	0.00499	0.04127	0.00201	0.00530
1	0.00959	0.04815	0.04635	0.00749	0.00978	0.00900	0.00620	0.18303	0.44981	0.01570	0.01305	0.04673	0.01071	0.03889	0.00436	0.00131	0.00335	0.05512	0.00341	0.03796
2	0.00912	0.03859	0.08705	0.01464	0.04352	0.04514	0.65075	0.04208	0.00903	0.01209	0.00733	0.00950	0.00553	0.00325	0.00416	0.00121	0.00601	0.00402	0.00191	0.00508
3	0.00529	0.00358	0.00421	0.00432	0.00439	0.00360	0.00256	0.00546	0.00564	0.00757	0.01261	0.12378	0.01451	0.70822	0.07617	0.00352	0.00387	0.00591	0.00237	0.00242
4	0.00923	0.00797	0.00839	0.00755	0.00965	0.00923	0.00588	0.01972	0.83969	0.01553	0.01511	0.01385	0.01133	0.00504	0.00378	0.00126	0.00294	0.00420	0.00378	0.00588
5	0.00973	0.66328	0.16820	0.00732	0.01083	0.06796	0.00773	0.01147	0.00779	0.00930	0.00547	0.00634	0.00475	0.00328	0.00265	0.00087	0.00442	0.00215	0.00161	0.00486
6	0.00930	0.01005	0.01172	0.45696	0.17861	0.23807	0.00963	0.01129	0.00843	0.00987	0.00641	0.00887	0.00508	0.00371	0.00373	0.00114	0.01780	0.00305	0.00176	0.00451
7	0.01579	0.00630	0.00846	0.00654	0.00928	0.00555	0.00538	0.04723	0.01087	0.76240	0.07047	0.01352	0.01083	0.00479	0.00378	0.00115	0.00310	0.00392	0.00453	0.00613
8	0.00599	0.00562	0.03846	0.00646	0.03357	0.06330	0.00462	0.00803	0.10643	0.01037	0.01864	0.60607	0.05879	0.00962	0.00443	0.00140	0.00275	0.00857	0.00325	0.00364
9	0.01082	0.08827	0.08250	0.10805	0.13918	0.15642	0.04670	0.06938	0.11338	0.11420	0.00883	0.02287	0.00677	0.00405	0.00365	0.00111	0.01274	0.00331	0.00252	0.00525
10	0.00447	0.00367	0.00394	0.00406	0.00511	0.00314	0.00297	0.00542	0.00837	0.01027	0.09055	0.17753	0.64833	0.00966	0.00445	0.00129	0.00192	0.00822	0.00349	0.00314
11	0.00457	0.00362	0.00410	0.00434	0.00522	0.00317	0.00313	0.00551	0.00823	0.01036	0.11678	0.27826	0.48921	0.02294	0.00472	0.00136	0.00201	0.02584	0.00350	0.00313
12	0.00942	0.00961	0.05790	0.03961	0.09748	0.06918	0.12208	0.04747	0.45677	0.01409	0.02926	0.01197	0.00925	0.00441	0.00381	0.00121	0.00404	0.00391	0.00299	0.00553
13	0.02060	0.10826	0.05866	0.04835	0.02029	0.25077	0.01946	0.02103	0.11167	0.01076	0.04316	0.13302	0.12746	0.00587	0.00371	0.00114	0.00416	0.00474	0.00260	0.00429
14	0.03253	0.00687	0.00889	0.00683	0.00970	0.00631	0.00564	0.12592	0.01145	0.72438	0.01371	0.01202	0.00871	0.00455	0.00370	0.00114	0.00328	0.00365	0.00444	0.00627
15	0.00915	0.00899	0.03286	0.02591	0.02952	0.02093	0.40507	0.06560	0.20994	0.04554	0.07083	0.01295	0.03606	0.00428	0.00411	0.00123	0.00467	0.00442	0.00275	0.00518
16	0.00913	0.01067	0.14656	0.08183	0.42963	0.03780	0.15331	0.01196	0.02802	0.04436	0.00744	0.00933	0.00580	0.00345	0.00377	0.00115	0.00493	0.00341	0.00194	0.00550
17	0.00450	0.00332	0.00422	0.00494	0.00532	0.00303	0.00334	0.00519	0.00733	0.00957	0.02327	0.73061	0.15925	0.01126	0.00468	0.00147	0.00211	0.01011	0.00345	0.00303
18	0.01545	0.00635	0.00808	0.00634	0.00895	0.03234	0.00518	0.01690	0.01029	0.72633	0.01407	0.01258	0.00908	0.00454	0.00359	0.00111	0.00311	0.00366	0.10612	0.00592
19	0.00897	0.01017	0.10312	0.05039	0.25766	0.00910	0.32572	0.06122	0.09626	0.01287	0.00833	0.02433	0.00654	0.00367	0.00396	0.00120	0.00504	0.00388	0.00216	0.00541
20	0.00906	0.49444	0.23978	0.00911	0.01300	0.01215	0.15380	0.01142	0.00783	0.01009	0.00597	0.00717	0.00490	0.00326	0.00304	0.00098	0.00477	0.00261	0.00163	0.00500
21	0.04890	0.01033	0.01122	0.02018	0.01070	0.22465	0.06557	0.01071	0.00726	0.02263	0.00581	0.00847	0.00528	0.02186	0.04593	0.00162	0.46976	0.00313	0.00182	0.00416
22	0.01216	0.00976	0.01464	0.03994	0.01453	0.05940	0.32011	0.29393	0.01209	0.15881	0.00914	0.00994	0.00646	0.00391	0.00393	0.00116	0.00490	0.00375	0.01586	0.00558
23	0.00908	0.00975	0.01160	0.00992	0.01037	0.14859	0.03712	0.01000	0.00658	0.00906	0.00511	0.00796	0.00488	0.00594	0.01047	0.00150	0.69311	0.00315	0.00168	0.00413
24	0.04343	0.00733	0.00858	0.00666	0.00948	0.00699	0.00540	0.17545	0.11157	0.29476	0.04332	0.01105	0.00870	0.00419	0.00344	0.00099	0.00314	0.00335	0.00357	0.24861
25	0.00884	0.00966	0.01954	0.01423	0.01769	0.00936	0.68818	0.01326	0.15417	0.01253	0.00884	0.01068	0.00663	0.00346	0.00427	0.00125	0.00568	0.00435	0.00221	0.00516
26	0.00458	0.00335	0.00431	0.00495	0.00536	0.00308	0.00338	0.00537	0.00761	0.01009	0.10619	0.68310	0.12307	0.01095	0.00466	0.00144	0.00208	0.00984	0.00351	0.00308
27	0.00791	0.00713	0.01129	0.00913	0.01118	0.02220	0.25814	0.07620	0.14933	0.02480	0.16295	0.17383	0.01626	0.00632	0.00430	0.00129	0.00378	0.04627	0.00314	0.00454
28	0.00770	0.00660	0.00770	0.00550	0.00880	0.00495	0.00440	0.00935	0.00770	0.01210	0.00660	0.00770	0.00550	0.00275	0.00275	0.00055	0.00275	0.00220	0.00220	0.89224
29	0.00470	0.00365	0.00429	0.00463	0.00539	0.00331	0.00328	0.00589	0.03389	0.01049	0.11977	0.41536	0.35178	0.01008	0.00453	0.00136	0.00202	0.00884	0.00353	0.00321
30	0.00812	0.00812	0.01137	0.00975	0.00975	0.01137	0.00812	0.00893	0.00568	0.00893	0.00487	0.00812	0.00487	0.00650	0.01218	0.00162	0.86276	0.00325	0.00162	0.00406
31	0.00482	0.00345	0.00423	0.00469	0.00503	0.00325	0.00310	0.00539	0.00697	0.00915	0.05135	0.46449	0.12906	0.25444	0.00870	0.00206	0.00255	0.03128	0.00313	0.00284
32	0.00455	0.00327	0.00427	0.00506	0.00532	0.00304	0.00337	0.00518	0.00710	0.00941	0.02087	0.79773	0.06024	0.04491	0.00527	0.00158	0.00220	0.01023	0.00340	0.00299
33	0.05063	0.00635	0.00849	0.00654	0.00939	0.00557	0.00540	0.01781	0.01046	0.81680	0.01428	0.01238	0.00899	0.00455	0.00368	0.00115	0.00315	0.00367	0.00451	0.00623
34	0.01654	0.00650	0.00872	0.00669	0.00956	0.00572	0.00553	0.05385	0.01092	0.81279	0.01439	0.01247	0.00906	0.00459	0.00373	0.00115	0.00320	0.00372	0.00456	0.00632
35	0.00561	0.00386	0.00486	0.00525	0.00561	0.00386	0.00384	0.00634	0.00677	0.00891	0.01533	0.06377	0.01718	0.48025	0.01264	0.00273	0.00347	0.34418	0.00278	0.00276
36	0.00735	0.00471	0.00558	0.00505	0.00645	0.00448	0.00387	0.00998	0.12236	0.13776	0.34522	0.02488	0.22651	0.03758	0.00464	0.00127	0.00222	0.00603	0.03994	0.00411
37	0.00815	0.09356	0.33135	0.00774	0.01167	0.00766	0.00830	0.05352	0.03154	0.02183	0.00755	0.04572	0.00621	0.00365	0.00319	0.00091	0.00397	0.00289	0.00210	0.34849
38	0.00968	0.04897	0.02286	0.02900	0.03321	0.00872	0.00614	0.11843	0.44962	0.04472	0.02970	0.01224	0.00964	0.00453	0.00356	0.00110	0.00322	0.01608	0.00330	0.14526

[dist]
# distance from previous block
# <min> <max>
2	7

[block]
# block no. 1 follows, 74 sequences, length 37
# corresponding to MSA columns:
# 49-85
name=unknown_B
#
# <colnr> <probs for GDERKNQSTAVLIFYWHMCP>
#	G	D	E	R	K	N	Q	S	T	A	V	L	I	F	Y	W	H	M	C	P
0	0.57990	0.07041	0.01638	0.00616	0.01701	0.05620	0.00508	0.11161	0.04196	0.04701	0.00644	0.00705	0.00492	0.00371	0.00278	0.00112	0.01280	0.00238	0.00252	0.00456
1	0.02442	0.02233	0.10671	0.00904	0.01226	0.01058	0.07116	0.54137	0.10661	0.01971	0.00907	0.00931	0.00656	0.00423	0.00369	0.00113	0.00423	0.00338	0.00325	0.03097
2	0.00852	0.05543	0.00894	0.00878	0.14593	0.03887	0.00588	0.02669	0.18135	0.07495	0.15562	0.01729	0.11840	0.00540	0.00375	0.00109	0.00307	0.02543	0.00314	0.11146
3	0.10103	0.00764	0.00891	0.00692	0.00958	0.01751	0.06247	0.26386	0.01097	0.04937	0.04318	0.02783	0.09040	0.00457	0.00344	0.00099	0.00333	0.01131	0.02444	0.25223
4	0.00531	0.00395	0.00581	0.00581	0.00642	0.00455	0.00444	0.00653	0.00592	0.00850	0.01009	0.01538	0.00963	0.09719	0.78597	0.00577	0.00942	0.00409	0.00201	0.00323
5	0.00460	0.00331	0.00436	0.00506	0.00539	0.00307	0.00343	0.00538	0.00753	0.01009	0.11230	0.74510	0.05440	0.01110	0.00469	0.00146	0.00210	0.01003	0.00352	0.00307
6	0.00878	0.01033	0.10727	0.04090	0.41864	0.00900	0.32640	0.01157	0.00848	0.01193	0.00714	0.00938	0.00563	0.00327	0.00393	0.00117	0.00525	0.00366	0.00182	0.00546
7	0.01115	0.01193	0.00907	0.00822	0.01014	0.38486	0.00626	0.01649	0.38754	0.03227	0.05585	0.03060	0.00994	0.00477	0.00364	0.00112	0.00453	0.00366	0.00298	0.00499
8	0.00457	0.00345	0.00424	0.00479	0.00536	0.00312	0.00335	0.00540	0.00774	0.01000	0.07355	0.55179	0.26135	0.01071	0.00463	0.00142	0.00209	0.03586	0.00348	0.00309
9	0.00494	0.00374	0.00428	0.00428	0.00526	0.00329	0.00312	0.00603	0.00875	0.02788	0.25862	0.14776	0.45129	0.04780	0.00507	0.00137	0.00198	0.00771	0.00359	0.00324
10	0.00831	0.08147	0.52455	0.01203	0.08554	0.00936	0.15467	0.04587	0.02184	0.01212	0.00695	0.00832	0.00514	0.00348	0.00361	0.00115	0.00531	0.00306	0.00177	0.00542
11	0.07753	0.00891	0.01312	0.10883	0.53712	0.06722	0.03410	0.04517	0.00864	0.01232	0.00745	0.04930	0.00645	0.00383	0.00362	0.00113	0.00444	0.00352	0.00201	0.00530
12	0.34590	0.00706	0.00769	0.00616	0.00883	0.00716	0.00508	0.10015	0.00972	0.45125	0.01050	0.00977	0.00695	0.00415	0.00319	0.00114	0.00315	0.00305	0.00364	0.00546
13	0.00724	0.00685	0.01151	0.75973	0.10180	0.00838	0.01035	0.00965	0.00747	0.00972	0.00659	0.00978	0.00503	0.00375	0.00393	0.00123	0.02773	0.00330	0.00167	0.00429
14	0.02471	0.00389	0.00531	0.00532	0.00579	0.00432	0.00385	0.00627	0.00581	0.00835	0.01061	0.04486	0.01084	0.27543	0.54109	0.02644	0.00750	0.00455	0.00211	0.00296
15	0.00932	0.53341	0.28581	0.00788	0.01170	0.04731	0.00873	0.02931	0.00797	0.01005	0.00593	0.01677	0.00501	0.00344	0.00285	0.00094	0.00455	0.00238	0.00166	0.00499
16	0.00588	0.00359	0.00532	0.00532	0.00563	0.00389	0.00383	0.00568	0.00538	0.00748	0.00828	0.01336	0.00805	0.05667	0.40131	0.44609	0.00633	0.00366	0.00181	0.00242
17	0.05445	0.29337	0.13325	0.00877	0.01226	0.01035	0.13936	0.04950	0.03223	0.02980	0.03091	0.00928	0.00685	0.00388	0.00342	0.00107	0.00439	0.00305	0.00231	0.17150
18	0.04232	0.17738	0.04554	0.00740	0.03302	0.03190	0.05622	0.02041	0.12618	0.08993	0.07314	0.12086	0.01112	0.00498	0.00346	0.00105	0.00341	0.00419	0.00278	0.14471
19	0.00525	0.00356	0.00418	0.00428	0.00439	0.00350	0.00255	0.00552	0.00616	0.00830	0.09588	0.14912	0.01727	0.65703	0.01536	0.00305	0.00320	0.00629	0.00261	0.00249
20	0.00806	0.01301	0.37496	0.15428	0.28674	0.01936	0.04622	0.01132	0.01797	0.01149	0.00706	0.02031	0.00551	0.00360	0.00366	0.00117	0.00502	0.00320	0.00174	0.00533
21	0.00744	0.04273	0.01204	0.70601	0.14173	0.00859	0.01030	0.00982	0.00757	0.00983	0.00659	0.00963	0.00507	0.00363	0.00365	0.00120	0.00483	0.00325	0.00167	0.00440
22	0.01073	0.03049	0.00878	0.00708	0.00927	0.07368	0.05395	0.08055	0.20372	0.22872	0.06169	0.04549	0.13482	0.00561	0.00385	0.00117	0.00333	0.00469	0.02725	0.00512
23	0.00509	0.00380	0.00473	0.00454	0.00550	0.00345	0.00344	0.00666	0.01000	0.01371	0.64294	0.02992	0.20996	0.00807	0.00440	0.00120	0.00183	0.03339	0.00393	0.00342
24	0.01387	0.01769	0.01052	0.00956	0.01148	0.85465	0.00717	0.01482	0.01052	0.00908	0.00574	0.00669	0.00478	0.00383	0.00335	0.00096	0.00669	0.00239	0.00191	0.00430
25	0.00857	0.00812	0.01385	0.36711	0.37285	0.00881	0.09029	0.06432	0.00864	0.01175	0.00700	0.00954	0.00550	0.00353	0.00376	0.00117	0.00479	0.00341	0.00189	0.00510
26	0.00939	0.00865	0.01204	0.02478	0.09471	0.05279	0.06871	0.03222	0.04540	0.07629	0.00675	0.00904	0.00575	0.00574	0.01899	0.00149	0.51716	0.00339	0.00207	0.00464
27	0.00463	0.00330	0.00429	0.00500	0.00525	0.00309	0.00331	0.00525	0.00708	0.00943	0.04603	0.73410	0.04547	0.09750	0.00614	0.00170	0.00228	0.00984	0.00335	0.00296
28	0.00604	0.00514	0.00544	0.00517	0.00611	0.08884	0.00385	0.00760	0.01019	0.01375	0.67461	0.09049	0.05350	0.00757	0.00430	0.00117	0.00228	0.00661	0.00380	0.00353
29	0.00771	0.00712	0.01148	0.66584	0.13108	0.00851	0.01005	0.04281	0.05868	0.01074	0.00726	0.01001	0.00551	0.00377	0.00371	0.00122	0.00472	0.00336	0.00188	0.00455
30	0.00525	0.00420	0.00506	0.00517	0.00610	0.00402	0.01863	0.00741	0.11282	0.01106	0.11365	0.37405	0.28884	0.00947	0.00446	0.00136	0.00221	0.01922	0.00353	0.00351
31	0.00811	0.00658	0.00774	0.00555	0.00883	0.00497	0.00445	0.00975	0.00783	0.05103	0.00697	0.00793	0.00567	0.00283	0.00279	0.00058	0.00277	0.00227	0.00231	0.85102
32	0.01276	0.00951	0.01243	0.00949	0.01242	0.01005	0.15437	0.55541	0.01463	0.09250	0.00996	0.02680	0.00760	0.00468	0.00393	0.00118	0.00432	0.04866	0.00344	0.00586
33	0.00886	0.01002	0.02037	0.01473	0.01825	0.04169	0.74138	0.01214	0.04093	0.01202	0.03588	0.01063	0.00681	0.00338	0.00432	0.00124	0.00600	0.00438	0.00203	0.00496
34	0.01081	0.03418	0.03094	0.01003	0.01240	0.20478	0.17191	0.16465	0.16561	0.01357	0.00911	0.01047	0.01928	0.00453	0.00474	0.00120	0.10279	0.02133	0.00259	0.00508
35	0.09544	0.00665	0.00748	0.00544	0.00864	0.00528	0.00436	0.00950	0.00756	0.01255	0.00646	0.00753	0.00535	0.00282	0.00270	0.00061	0.00276	0.00218	0.00221	0.80448
36	0.01424	0.00679	0.00864	0.00653	0.00951	0.00593	0.00536	0.09660	0.01059	0.56553	0.01214	0.01108	0.00801	0.00414	0.00349	0.00100	0.00315	0.00332	0.00393	0.22001

[dist]
# distance from previous block
# <min> <max>
0	1

[block]
# block no. 2 follows, 74 sequences, length 51
# corresponding to MSA columns:
# 87-137
name=unknown_C
#
# <colnr> <probs for GDERKNQSTAVLIFYWHMCP>
#	G	D	E	R	K	N	Q	S	T	A	V	L	I	F	Y	W	H	M	C	P
0	0.01090	0.17686	0.03825	0.00815	0.01087	0.00915	0.11224	0.18558	0.08289	0.16098	0.01153	0.08266	0.02482	0.00507	0.00370	0.00115	0.00386	0.04979	0.00309	0.01847
1	0.00856	0.19530	0.41352	0.01098	0.02820	0.01004	0.21674	0.01201	0.03269	0.02809	0.00697	0.00828	0.00525	0.00342	0.00351	0.00112	0.00522	0.00307	0.00178	0.00525
2	0.00538	0.00435	0.00502	0.00451	0.00602	0.00363	0.00342	0.00672	0.00887	0.01200	0.28998	0.07791	0.35416	0.00753	0.00405	0.00109	0.00204	0.00643	0.00339	0.19349
3	0.07371	0.00825	0.01154	0.15768	0.01422	0.00901	0.15880	0.19172	0.21919	0.05669	0.01042	0.05473	0.00813	0.00453	0.00380	0.00122	0.00411	0.00404	0.00296	0.00525
4	0.00730	0.00599	0.00758	0.00586	0.00841	0.00481	0.04679	0.00875	0.00764	0.03272	0.01050	0.05769	0.05320	0.09709	0.00491	0.00108	0.00299	0.04928	0.00245	0.58496
5	0.06108	0.01060	0.01080	0.00840	0.01128	0.05479	0.00690	0.74795	0.01650	0.02230	0.00855	0.00864	0.00611	0.00437	0.00362	0.00111	0.00415	0.00322	0.00354	0.00609
6	0.09749	0.00615	0.00767	0.00677	0.00823	0.04977	0.03694	0.03621	0.00726	0.08572	0.00892	0.01177	0.00766	0.01683	0.46103	0.00371	0.06460	0.00347	0.00229	0.07749
7	0.07535	0.00782	0.00995	0.00763	0.01049	0.00772	0.06785	0.25364	0.03476	0.39244	0.03933	0.01117	0.00846	0.00438	0.00365	0.00112	0.00357	0.00358	0.00381	0.05330
8	0.00918	0.00511	0.00626	0.00575	0.00705	0.00503	0.00419	0.01171	0.16139	0.25706	0.01559	0.24976	0.01486	0.22050	0.00777	0.00187	0.00295	0.00610	0.00355	0.00433
9	0.44976	0.00671	0.00732	0.00605	0.00843	0.00696	0.04876	0.03172	0.00831	0.27485	0.04229	0.05438	0.03109	0.00455	0.00315	0.00118	0.00306	0.00348	0.00318	0.00474
10	0.00948	0.01078	0.07868	0.01515	0.14100	0.04363	0.50312	0.09855	0.00953	0.01292	0.00736	0.00942	0.00561	0.00347	0.00436	0.00121	0.03458	0.00387	0.00204	0.00525
11	0.00516	0.00383	0.00482	0.00467	0.00557	0.00353	0.00349	0.00687	0.02429	0.01373	0.63706	0.08727	0.15254	0.00815	0.00441	0.00122	0.00185	0.02417	0.00393	0.00345
12	0.00462	0.00340	0.00436	0.00507	0.00551	0.00314	0.00355	0.00540	0.00745	0.00970	0.02321	0.66209	0.15925	0.01115	0.00471	0.00148	0.00221	0.07716	0.00344	0.00307
13	0.00963	0.00976	0.04808	0.01428	0.18470	0.03429	0.35853	0.05759	0.17471	0.04791	0.00931	0.01077	0.00709	0.00378	0.00400	0.00120	0.00493	0.01153	0.00246	0.00546
14	0.01095	0.19671	0.15972	0.02245	0.15612	0.25081	0.04515	0.05046	0.00927	0.05567	0.00670	0.00777	0.00530	0.00358	0.00332	0.00102	0.00516	0.00274	0.00199	0.00511
15	0.01568	0.00656	0.00862	0.00674	0.00949	0.00597	0.00555	0.06786	0.05465	0.71982	0.01442	0.01331	0.00947	0.00477	0.00376	0.00116	0.00319	0.02682	0.01598	0.00617
16	0.11091	0.03071	0.04856	0.00801	0.02271	0.11073	0.08625	0.05736	0.11320	0.21540	0.04551	0.06937	0.04275	0.00504	0.00369	0.00118	0.00386	0.01655	0.00318	0.00504
17	0.00932	0.07779	0.06932	0.02017	0.69480	0.02032	0.01098	0.03205	0.00859	0.01208	0.00685	0.00880	0.00571	0.00335	0.00356	0.00108	0.00447	0.00316	0.00185	0.00576
18	0.00466	0.00384	0.00420	0.00422	0.00527	0.00343	0.00316	0.00564	0.00824	0.01016	0.08843	0.08025	0.62998	0.04789	0.03829	0.00157	0.01929	0.03498	0.00334	0.00315
19	0.00906	0.00945	0.04120	0.05892	0.41737	0.00904	0.31528	0.05368	0.00896	0.01246	0.00750	0.01012	0.00604	0.00346	0.00396	0.00118	0.00511	0.01981	0.00196	0.00543
20	0.02390	0.00935	0.04617	0.01604	0.40803	0.05194	0.13664	0.05151	0.03995	0.14519	0.00889	0.03043	0.00691	0.00384	0.00378	0.00114	0.00451	0.00366	0.00248	0.00564
21	0.00870	0.00974	0.03731	0.03452	0.05142	0.00907	0.68386	0.04483	0.00909	0.01233	0.02963	0.01112	0.03210	0.00352	0.00429	0.00124	0.00580	0.00440	0.00204	0.00499
22	0.00876	0.01001	0.02190	0.01564	0.01940	0.00939	0.83292	0.01189	0.00876	0.01189	0.00751	0.01001	0.00563	0.00313	0.00438	0.00125	0.00626	0.00438	0.00188	0.00501
23	0.00919	0.00882	0.01507	0.02278	0.84640	0.00882	0.01139	0.01139	0.00845	0.01213	0.00698	0.00919	0.00588	0.00331	0.00367	0.00110	0.00441	0.00331	0.00184	0.00588
24	0.00992	0.87178	0.01945	0.00635	0.00953	0.01469	0.00635	0.01111	0.00754	0.00873	0.00516	0.00595	0.00476	0.00318	0.00238	0.00079	0.00397	0.00198	0.00159	0.00476
25	0.01362	0.02011	0.03031	0.00842	0.01129	0.06665	0.00702	0.65650	0.04621	0.06546	0.00917	0.00924	0.00657	0.00502	0.02593	0.00124	0.00435	0.00332	0.00353	0.00605
26	0.00536	0.00377	0.00491	0.00491	0.00520	0.00406	0.00332	0.00595	0.00565	0.00783	0.01091	0.01995	0.01161	0.49289	0.39297	0.00466	0.00644	0.00476	0.00213	0.00273
27	0.00464	0.00374	0.00413	0.00409	0.00518	0.00323	0.00305	0.00579	0.00896	0.01136	0.26324	0.07791	0.57364	0.00901	0.00440	0.00124	0.00186	0.00766	0.00363	0.00323
28	0.39838	0.00669	0.00724	0.00586	0.00848	0.00670	0.00483	0.01497	0.00875	0.48756	0.01053	0.00977	0.00694	0.00410	0.00311	0.00115	0.00303	0.00298	0.00360	0.00532
29	0.00876	0.01001	0.02190	0.01564	0.01940	0.00939	0.83292	0.01189	0.00876	0.01189	0.00751	0.01001	0.00563	0.00313	0.00438	0.00125	0.00626	0.00438	0.00188	0.00501
30	0.00992	0.87178	0.01945	0.00635	0.00953	0.01469	0.00635	0.01111	0.00754	0.00873	0.00516	0.00595	0.00476	0.00318	0.00238	0.00079	0.00397	0.00198	0.00159	0.00476
31	0.00812	0.00812	0.01137	0.00975	0.00975	0.01137	0.00812	0.00893	0.00568	0.00893	0.00487	0.00812	0.00487	0.00650	0.01218	0.00162	0.86276	0.00325	0.00162	0.00406
32	0.00448	0.00359	0.00401	0.00434	0.00522	0.00312	0.00313	0.00534	0.00799	0.00987	0.03111	0.32607	0.53533	0.01020	0.00453	0.00135	0.00202	0.03175	0.00345	0.00310
33	0.00466	0.00330	0.00432	0.00508	0.00529	0.00312	0.00337	0.00526	0.00694	0.00925	0.01941	0.74722	0.02317	0.11242	0.00641	0.00176	0.00236	0.03043	0.00330	0.00294
34	0.00567	0.00414	0.00521	0.00544	0.00594	0.00414	0.01794	0.04826	0.05564	0.01004	0.01693	0.48960	0.01938	0.24255	0.00847	0.00204	0.00282	0.04947	0.00313	0.00320
35	0.01665	0.00632	0.00861	0.00660	0.00948	0.00546	0.00546	0.01809	0.01062	0.84897	0.01464	0.01263	0.00919	0.00459	0.00373	0.00115	0.00316	0.00373	0.00459	0.00632
36	0.00457	0.00326	0.00436	0.00522	0.00545	0.00305	0.00352	0.00525	0.00715	0.00953	0.02043	0.84184	0.02445	0.01159	0.00475	0.00151	0.00219	0.03540	0.00344	0.00303
37	0.00471	0.00333	0.00425	0.00489	0.00510	0.00315	0.00318	0.00525	0.00684	0.00911	0.03292	0.65841	0.04217	0.18923	0.00766	0.00193	0.00244	0.00935	0.00321	0.00287
38	0.00900	0.22111	0.37200	0.02926	0.14892	0.07202	0.03106	0.02659	0.03663	0.01119	0.00663	0.00784	0.00520	0.00349	0.00330	0.00106	0.00493	0.00274	0.00176	0.00528
39	0.01035	0.74556	0.03937	0.00682	0.00993	0.09415	0.00663	0.03407	0.00810	0.00924	0.00536	0.00615	0.00481	0.00328	0.00254	0.00083	0.00427	0.00208	0.00168	0.00478
40	0.01300	0.04466	0.01178	0.01996	0.03984	0.03598	0.07355	0.47654	0.01381	0.13745	0.00905	0.00925	0.00645	0.00409	0.00361	0.00106	0.00410	0.00329	0.00332	0.08922
41	0.05849	0.01008	0.01070	0.00841	0.01121	0.04651	0.03424	0.59274	0.13120	0.02064	0.00934	0.00936	0.00679	0.00437	0.00363	0.00112	0.00401	0.00336	0.00347	0.03032
42	0.00627	0.00510	0.00533	0.00515	0.00652	0.00457	0.00380	0.00803	0.09776	0.01247	0.15476	0.03334	0.62325	0.00934	0.00481	0.00145	0.00241	0.00759	0.00395	0.00411
43	0.00914	0.00900	0.05005	0.01686	0.42357	0.00840	0.21605	0.03246	0.05427	0.05764	0.01051	0.01194	0.07479	0.00396	0.00391	0.00117	0.00456	0.00399	0.00227	0.00545
44	0.01096	0.24293	0.05296	0.05172	0.02327	0.02719	0.21529	0.16472	0.02897	0.11392	0.00802	0.00888	0.00599	0.00366	0.00349	0.00106	0.00459	0.00323	0.00249	0.02667
45	0.00466	0.00383	0.00416	0.00415	0.00532	0.00324	0.00306	0.00566	0.00839	0.01047	0.10201	0.16183	0.60448	0.00923	0.00435	0.00125	0.00196	0.00786	0.00343	0.05067
46	0.00514	0.00352	0.00411	0.00432	0.00447	0.00342	0.00261	0.00541	0.00612	0.00815	0.03084	0.23667	0.06106	0.58122	0.01409	0.00287	0.00309	0.00682	0.01356	0.00253
47	0.00891	0.00858	0.01481	0.02098	0.72340	0.00856	0.06837	0.01129	0.02839	0.01205	0.00793	0.05521	0.00699	0.00378	0.00378	0.00114	0.00438	0.00379	0.00197	0.00567
48	0.03082	0.11173	0.60493	0.03185	0.05948	0.00915	0.03450	0.01192	0.00796	0.05465	0.00691	0.00801	0.00502	0.00352	0.00341	0.00113	0.00508	0.00278	0.00177	0.00538
49	0.01166	0.00610	0.00700	0.00589	0.00783	0.03088	0.00467	0.11859	0.05466	0.33454	0.03260	0.08360	0.01077	0.00515	0.00348	0.00109	0.00283	0.00422	0.26941	0.00504
50	0.24218	0.02722	0.01142	0.00903	0.02899	0.13457	0.14262	0.27197	0.01123	0.07573	0.00753	0.00823	0.00554	0.00384	0.00338	0.00112	0.00445	0.00303	0.00276	0.00516

[dist]
# distance from previous block
# <min> <max>
1	2

[block]
# block no. 3 follows, 74 sequences, length 140
# corresponding to MSA columns:
# 140-279
name=unknown_D
#
# <colnr> <probs for GDERKNQSTAVLIFYWHMCP>
#	G	D	E	R	K	N	Q	S	T	A	V	L	I	F	Y	W	H	M	C	P
0	0.01046	0.29833	0.07648	0.04789	0.10959	0.18206	0.04160	0.05034	0.08993	0.02662	0.00712	0.00804	0.00575	0.00363	0.00319	0.00099	0.00468	0.00275	0.00208	0.02848
1	0.00628	0.00507	0.00608	0.00577	0.04211	0.00460	0.01271	0.02008	0.09165	0.02946	0.22324	0.06311	0.31129	0.00701	0.00401	0.00111	0.00232	0.00599	0.00337	0.15472
2	0.00834	0.26135	0.56167	0.00977	0.03824	0.01042	0.02356	0.02685	0.00796	0.01112	0.00630	0.00739	0.00480	0.00343	0.00322	0.00106	0.00501	0.00258	0.00163	0.00530
3	0.07667	0.00860	0.00945	0.00786	0.01041	0.05158	0.00618	0.13885	0.15062	0.39558	0.07176	0.03022	0.01184	0.00576	0.00427	0.00141	0.00379	0.00434	0.00439	0.00640
4	0.00471	0.00364	0.00431	0.00449	0.00533	0.00323	0.00326	0.00583	0.00869	0.01132	0.26873	0.26362	0.36206	0.00951	0.00450	0.00131	0.00195	0.02666	0.00363	0.00322
5	0.00928	0.00913	0.04898	0.05104	0.73072	0.00879	0.01112	0.02801	0.02872	0.02785	0.00733	0.00933	0.00600	0.00342	0.00367	0.00112	0.00441	0.00331	0.00195	0.00582
6	0.02232	0.00983	0.03142	0.01125	0.02622	0.08445	0.34788	0.04386	0.28644	0.06729	0.02348	0.01129	0.00813	0.00405	0.00397	0.00121	0.00475	0.00402	0.00279	0.00535
7	0.00966	0.00984	0.03627	0.01438	0.03167	0.02796	0.68157	0.01252	0.00896	0.10323	0.00841	0.02286	0.00627	0.00344	0.00426	0.00123	0.00582	0.00431	0.00219	0.00513
8	0.01198	0.00531	0.00695	0.00576	0.00789	0.00462	0.00464	0.01334	0.00998	0.51849	0.12192	0.05047	0.17962	0.00638	0.00403	0.00121	0.00270	0.03537	0.00422	0.00511
9	0.00510	0.02011	0.00564	0.00554	0.00636	0.00393	0.04643	0.00649	0.04654	0.01031	0.06607	0.52215	0.20524	0.00999	0.00454	0.00140	0.00238	0.02508	0.00338	0.00334
10	0.00876	0.04533	0.47224	0.01028	0.02554	0.07561	0.11773	0.02807	0.01785	0.06750	0.04872	0.04058	0.01690	0.00414	0.00370	0.00116	0.00506	0.00353	0.00212	0.00517
11	0.00480	0.00360	0.00452	0.00526	0.00561	0.01891	0.00363	0.00557	0.00745	0.00983	0.05932	0.73997	0.05347	0.01115	0.00470	0.00148	0.00227	0.05194	0.00345	0.00309
12	0.00701	0.00660	0.01113	0.86063	0.02556	0.00825	0.01031	0.00948	0.00742	0.00948	0.00660	0.00990	0.00495	0.00371	0.00371	0.00124	0.00495	0.00330	0.00165	0.00412
13	0.85372	0.00719	0.00577	0.01885	0.02417	0.00830	0.00428	0.01098	0.00643	0.02623	0.00534	0.00623	0.00413	0.00346	0.00236	0.00115	0.00294	0.00208	0.00230	0.00409
14	0.05557	0.05136	0.01080	0.00931	0.03004	0.63039	0.00704	0.12542	0.01109	0.02702	0.00631	0.00710	0.00506	0.00387	0.00332	0.00099	0.00593	0.00253	0.00221	0.00465
15	0.00883	0.00950	0.01915	0.07978	0.06811	0.00930	0.62348	0.03314	0.08588	0.01235	0.00815	0.01028	0.00614	0.00339	0.00421	0.00124	0.00568	0.00419	0.00208	0.00510
16	0.00780	0.00741	0.01257	0.55507	0.32492	0.00846	0.01070	0.01018	0.00780	0.01045	0.00674	0.00964	0.00529	0.00356	0.00370	0.00119	0.00475	0.00330	0.00172	0.00476
17	0.00439	0.00376	0.00376	0.00376	0.00501	0.00313	0.00282	0.00533	0.00846	0.01003	0.03760	0.03572	0.84489	0.00940	0.00439	0.00125	0.00188	0.00783	0.00345	0.00313
18	0.00992	0.87178	0.01945	0.00635	0.00953	0.01469	0.00635	0.01111	0.00754	0.00873	0.00516	0.00595	0.00476	0.00318	0.00238	0.00079	0.00397	0.00198	0.00159	0.00476
19	0.01411	0.01040	0.01114	0.00854	0.01151	0.01151	0.00706	0.83402	0.01745	0.02339	0.00891	0.00891	0.00631	0.00446	0.00371	0.00111	0.00408	0.00334	0.00371	0.00631
20	0.00709	0.00668	0.01127	0.83091	0.05468	0.00827	0.01035	0.00955	0.00746	0.00958	0.00661	0.00987	0.00498	0.00370	0.00371	0.00123	0.00493	0.00330	0.00166	0.00419
21	0.26160	0.01995	0.01272	0.00979	0.02481	0.02072	0.28047	0.16736	0.09454	0.02979	0.03762	0.00963	0.00697	0.00386	0.00354	0.00118	0.00429	0.00349	0.00266	0.00503
22	0.01650	0.00656	0.00876	0.00672	0.00959	0.00581	0.00555	0.06582	0.01102	0.80067	0.01431	0.01242	0.00902	0.00459	0.00373	0.00115	0.00321	0.00371	0.00454	0.00632
23	0.00992	0.87178	0.01945	0.00635	0.00953	0.01469	0.00635	0.01111	0.00754	0.00873	0.00516	0.00595	0.00476	0.00318	0.00238	0.00079	0.00397	0.00198	0.00159	0.00476
24	0.03143	0.00888	0.00943	0.00786	0.01033	0.01002	0.00629	0.34457	0.46994	0.04146	0.01240	0.01167	0.00910	0.00476	0.00372	0.00120	0.00340	0.00379	0.00374	0.00602
25	0.03023	0.01187	0.01055	0.00856	0.01117	0.23217	0.00686	0.52415	0.04411	0.05767	0.00867	0.02164	0.00646	0.00441	0.00361	0.00109	0.00463	0.00323	0.00325	0.00568
26	0.01065	0.17900	0.09555	0.00939	0.01260	0.01095	0.15888	0.28075	0.16762	0.01572	0.01754	0.00956	0.00697	0.00401	0.00358	0.00111	0.00436	0.00340	0.00277	0.00558
27	0.00993	0.01078	0.15370	0.01113	0.14456	0.04646	0.09736	0.17796	0.05351	0.03936	0.00788	0.00888	0.00598	0.00358	0.00351	0.00101	0.00432	0.00309	0.00245	0.21457
28	0.00541	0.00394	0.00508	0.00537	0.00572	0.01965	0.00374	0.00605	0.00646	0.02034	0.01465	0.39222	0.01653	0.18161	0.23814	0.03601	0.02632	0.00707	0.00269	0.00299
29	0.00744	0.01920	0.85032	0.01058	0.01607	0.00862	0.01371	0.01176	0.00784	0.01176	0.00666	0.00784	0.00470	0.00353	0.00353	0.00118	0.00549	0.00274	0.00157	0.00549
30	0.00546	0.00396	0.00503	0.00502	0.00535	0.01500	0.00343	0.00610	0.00573	0.00789	0.01080	0.01951	0.01141	0.46372	0.41071	0.00467	0.00661	0.00469	0.00212	0.00277
31	0.00452	0.00323	0.00431	0.00517	0.00538	0.00301	0.00345	0.00517	0.00711	0.00948	0.02046	0.86713	0.02455	0.01163	0.00474	0.00151	0.00215	0.01055	0.00345	0.00301
32	0.07683	0.03291	0.02310	0.00937	0.07506	0.18632	0.00707	0.37555	0.12485	0.03986	0.00869	0.00894	0.00649	0.00420	0.00350	0.00110	0.00440	0.00313	0.00304	0.00558
33	0.00919	0.00882	0.01507	0.02278	0.84640	0.00882	0.01139	0.01139	0.00845	0.01213	0.00698	0.00919	0.00588	0.00331	0.00367	0.00110	0.00441	0.00331	0.00184	0.00588
34	0.00530	0.00398	0.00597	0.00597	0.00663	0.00464	0.00464	0.00663	0.00597	0.00862	0.00994	0.01458	0.00928	0.02784	0.85484	0.00597	0.00994	0.00398	0.00199	0.00331
35	0.01447	0.00568	0.00746	0.00590	0.00832	0.00501	0.00481	0.01597	0.00999	0.66138	0.01407	0.01290	0.00926	0.00453	0.00348	0.00108	0.00284	0.00367	0.20351	0.00568
36	0.00557	0.00738	0.19428	0.00561	0.00780	0.00461	0.00552	0.00757	0.02859	0.03105	0.08677	0.05559	0.51889	0.00782	0.00418	0.00124	0.00277	0.01782	0.00311	0.00383
37	0.01013	0.82793	0.01899	0.00652	0.00963	0.05782	0.00639	0.01131	0.00769	0.00875	0.00519	0.00599	0.00476	0.00321	0.00243	0.00080	0.00411	0.00201	0.00160	0.00474
38	0.00542	0.00385	0.00523	0.00602	0.00657	0.00377	0.00478	0.00661	0.00778	0.01021	0.01929	0.33311	0.02185	0.08091	0.00611	0.00179	0.00298	0.46721	0.00333	0.00318
39	0.00923	0.00797	0.00839	0.00755	0.00965	0.00923	0.00588	0.01972	0.83969	0.01553	0.01511	0.01385	0.01133	0.00504	0.00378	0.00126	0.00294	0.00420	0.00378	0.00588
40	0.00775	0.01808	0.75723	0.01114	0.03496	0.00862	0.07144	0.01187	0.00797	0.02730	0.00688	0.00811	0.00488	0.00351	0.00359	0.00118	0.00547	0.00289	0.00165	0.00548
41	0.00867	0.08150	0.04537	0.04156	0.21985	0.00929	0.46050	0.01132	0.00847	0.01153	0.00790	0.02730	0.00661	0.00368	0.00403	0.00120	0.00535	0.03888	0.00192	0.00508
42	0.01665	0.00632	0.00861	0.00660	0.00948	0.00546	0.00546	0.01809	0.01062	0.84897	0.01464	0.01263	0.00919	0.00459	0.00373	0.00115	0.00316	0.00373	0.00459	0.00632
43	0.00687	0.00633	0.01041	0.75792	0.02323	0.00776	0.00953	0.02281	0.00759	0.00973	0.00848	0.07853	0.02671	0.00449	0.00381	0.00126	0.00464	0.00398	0.00187	0.00405
44	0.00776	0.02946	0.38782	0.01086	0.03311	0.00769	0.22559	0.01081	0.00811	0.05133	0.01000	0.16204	0.00911	0.00506	0.00399	0.00126	0.00488	0.02404	0.00218	0.00491
45	0.89577	0.00718	0.00546	0.00488	0.00718	0.00833	0.00402	0.01091	0.00632	0.01665	0.00517	0.00603	0.00402	0.00345	0.00230	0.00115	0.00287	0.00201	0.00230	0.00402
46	0.02084	0.00867	0.01471	0.07093	0.78785	0.00878	0.01123	0.01128	0.00836	0.01203	0.00694	0.00919	0.00580	0.00333	0.00366	0.00111	0.00442	0.00329	0.00183	0.00575
47	0.00460	0.00356	0.00422	0.00469	0.00542	0.00318	0.00339	0.00548	0.00788	0.00996	0.04396	0.42169	0.37978	0.01047	0.00461	0.00141	0.00213	0.07701	0.00346	0.00311
48	0.00992	0.87178	0.01945	0.00635	0.00953	0.01469	0.00635	0.01111	0.00754	0.00873	0.00516	0.00595	0.00476	0.00318	0.00238	0.00079	0.00397	0.00198	0.00159	0.00476
49	0.00770	0.00660	0.00770	0.00550	0.00880	0.00495	0.00440	0.00935	0.00770	0.01210	0.00660	0.00770	0.00550	0.00275	0.00275	0.00055	0.00275	0.00220	0.00220	0.89224
50	0.00524	0.00379	0.00494	0.00465	0.00553	0.00349	0.00349	0.00697	0.01047	0.01479	0.82801	0.02789	0.05152	0.00763	0.00438	0.00117	0.00175	0.00674	0.00407	0.00349
51	0.00439	0.00376	0.00376	0.00376	0.00501	0.00313	0.00282	0.00533	0.00846	0.01003	0.03760	0.03572	0.84489	0.00940	0.00439	0.00125	0.00188	0.00783	0.00345	0.00313
52	0.89577	0.00718	0.00546	0.00488	0.00718	0.00833	0.00402	0.01091	0.00632	0.01665	0.00517	0.00603	0.00402	0.00345	0.00230	0.00115	0.00287	0.00201	0.00230	0.00402
53	0.00701	0.00660	0.01113	0.86063	0.02556	0.00825	0.01031	0.00948	0.00742	0.00948	0.00660	0.00990	0.00495	0.00371	0.00371	0.00124	0.00495	0.00330	0.00165	0.00412
54	0.00802	0.03246	0.76714	0.01043	0.01558	0.07937	0.01305	0.01200	0.00806	0.01148	0.00656	0.00771	0.00471	0.00355	0.00349	0.00115	0.00556	0.00270	0.00160	0.00538
55	0.00748	0.03251	0.83735	0.01051	0.01596	0.00872	0.01360	0.01175	0.00783	0.01171	0.00664	0.00781	0.00470	0.00352	0.00351	0.00117	0.00546	0.00273	0.00157	0.00547
56	0.00744	0.01920	0.85032	0.01058	0.01607	0.00862	0.01371	0.01176	0.00784	0.01176	0.00666	0.00784	0.00470	0.00353	0.00353	0.00118	0.00549	0.00274	0.00157	0.00549
57	0.00541	0.00397	0.00417	0.00400	0.00539	0.00333	0.00304	0.00639	0.00864	0.08009	0.03569	0.03379	0.77510	0.00900	0.00433	0.00124	0.00199	0.00749	0.00354	0.00340
58	0.00719	0.00678	0.01146	0.79066	0.09411	0.00829	0.01040	0.00964	0.00751	0.00970	0.00663	0.00984	0.00503	0.00368	0.00371	0.00123	0.00490	0.00330	0.00167	0.00427
59	0.06343	0.00798	0.01047	0.45274	0.01834	0.03089	0.00840	0.23487	0.04118	0.08401	0.00810	0.00969	0.00585	0.00402	0.00362	0.00118	0.00441	0.00328	0.00258	0.00496
60	0.00819	0.00599	0.00671	0.00607	0.00768	0.00647	0.00469	0.01426	0.42164	0.06973	0.27023	0.01804	0.01825	0.00570	0.00381	0.00117	0.00243	0.00485	0.11924	0.00486
61	0.00439	0.00376	0.00376	0.00376	0.00501	0.00313	0.00282	0.00533	0.00846	0.01003	0.03760	0.03572	0.84489	0.00940	0.00439	0.00125	0.00188	0.00783	0.00345	0.00313
62	0.00709	0.00665	0.01103	0.82911	0.02498	0.00828	0.01014	0.00986	0.03817	0.00971	0.00691	0.01004	0.00518	0.00376	0.00371	0.00124	0.00487	0.00333	0.00173	0.00419
63	0.00523	0.00379	0.00493	0.00465	0.00553	0.00349	0.00349	0.00696	0.01046	0.01477	0.82505	0.02792	0.05448	0.00763	0.00438	0.00117	0.00175	0.00674	0.00407	0.00349
64	0.00452	0.00323	0.00431	0.00517	0.00538	0.00301	0.00345	0.00517	0.00711	0.00948	0.02046	0.86713	0.02455	0.01163	0.00474	0.00151	0.00215	0.01055	0.00345	0.00301
65	0.01646	0.00663	0.00881	0.00675	0.00963	0.00592	0.00558	0.08112	0.01115	0.78519	0.01420	0.01235	0.00897	0.00458	0.00373	0.00115	0.00323	0.00370	0.00453	0.00632
66	0.00701	0.00660	0.01113	0.86063	0.02556	0.00825	0.01031	0.00948	0.00742	0.00948	0.00660	0.00990	0.00495	0.00371	0.00371	0.00124	0.00495	0.00330	0.00165	0.00412
67	0.00706	0.00665	0.01123	0.84050	0.04529	0.00826	0.01033	0.00953	0.00745	0.00955	0.00661	0.00988	0.00497	0.00370	0.00371	0.00123	0.00494	0.00330	0.00165	0.00417
68	0.00826	0.00671	0.00704	0.00654	0.02813	0.02972	0.00493	0.08503	0.35368	0.05735	0.02268	0.03556	0.32580	0.00665	0.00400	0.00123	0.00277	0.00551	0.00359	0.00481
69	0.00919	0.00882	0.01507	0.02278	0.84640	0.00882	0.01139	0.01139	0.00845	0.01213	0.00698	0.00919	0.00588	0.00331	0.00367	0.00110	0.00441	0.00331	0.00184	0.00588
70	0.01384	0.01013	0.01085	0.00835	0.01124	0.01120	0.00688	0.80248	0.01708	0.02303	0.00903	0.00910	0.00643	0.00445	0.00367	0.00110	0.00399	0.00335	0.03759	0.00620
71	0.01387	0.01769	0.01052	0.00956	0.01148	0.85465	0.00717	0.01482	0.01052	0.00908	0.00574	0.00669	0.00478	0.00383	0.00335	0.00096	0.00669	0.00239	0.00191	0.00430
72	0.00932	0.00713	0.00810	0.00601	0.00902	0.00623	0.00485	0.18393	0.00988	0.04582	0.00785	0.00865	0.00614	0.00331	0.00298	0.00072	0.00296	0.00260	0.07676	0.59774
73	0.00628	0.00357	0.00387	0.00380	0.00470	0.00344	0.00285	0.00795	0.00854	0.01379	0.22823	0.01924	0.08583	0.00559	0.00320	0.00098	0.00175	0.00466	0.58830	0.00344
74	0.00452	0.00323	0.00431	0.00517	0.00538	0.00301	0.00345	0.00517	0.00711	0.00948	0.02046	0.86713	0.02455	0.01163	0.00474	0.00151	0.00215	0.01055	0.00345	0.00301
75	0.00486	0.00411	0.00424	0.00414	0.00544	0.00367	0.00313	0.00665	0.07803	0.01084	0.09506	0.03331	0.71572	0.00890	0.00434	0.00125	0.00196	0.00745	0.00352	0.00339
76	0.89577	0.00718	0.00546	0.00488	0.00718	0.00833	0.00402	0.01091	0.00632	0.01665	0.00517	0.00603	0.00402	0.00345	0.00230	0.00115	0.00287	0.00201	0.00230	0.00402
77	0.00841	0.34220	0.46415	0.00855	0.01297	0.01062	0.01014	0.01131	0.00771	0.01063	0.00609	0.00711	0.00479	0.00333	0.00303	0.00098	0.00468	0.00241	0.00163	0.07926
78	0.08366	0.00659	0.00769	0.00567	0.00880	0.00533	0.00458	0.01124	0.00817	0.18110	0.00810	0.00855	0.00612	0.00318	0.00291	0.00072	0.00284	0.00249	0.00269	0.63956
79	0.89577	0.00718	0.00546	0.00488	0.00718	0.00833	0.00402	0.01091	0.00632	0.01665	0.00517	0.00603	0.00402	0.00345	0.00230	0.00115	0.00287	0.00201	0.00230	0.00402
80	0.00493	0.00378	0.00452	0.00433	0.00535	0.00337	0.00325	0.00639	0.00975	0.01309	0.54688	0.03068	0.33370	0.00826	0.00438	0.00120	0.00180	0.00713	0.00385	0.00337
81	0.89577	0.00718	0.00546	0.00488	0.00718	0.00833	0.00402	0.01091	0.00632	0.01665	0.00517	0.00603	0.00402	0.00345	0.00230	0.00115	0.00287	0.00201	0.00230	0.00402
82	0.00919	0.00882	0.01507	0.02278	0.84640	0.00882	0.01139	0.01139	0.00845	0.01213	0.00698	0.00919	0.00588	0.00331	0.00367	0.00110	0.00441	0.00331	0.00184	0.00588
83	0.00936	0.00804	0.00846	0.00758	0.00970	0.00929	0.00591	0.04084	0.81837	0.01573	0.01495	0.01372	0.01120	0.00502	0.00378	0.00126	0.00297	0.00417	0.00378	0.00589
84	0.01526	0.00855	0.00999	0.00766	0.01059	0.00877	0.00633	0.46407	0.01436	0.39772	0.01151	0.01060	0.00762	0.00452	0.00372	0.00113	0.00366	0.00352	0.00411	0.00631
85	0.00441	0.00376	0.00379	0.00378	0.00503	0.00314	0.00284	0.00537	0.00851	0.01014	0.05712	0.03553	0.82530	0.00936	0.00439	0.00125	0.00188	0.00781	0.00346	0.00314
86	0.00512	0.00382	0.00459	0.00437	0.00541	0.00340	0.00329	0.00657	0.00978	0.02579	0.54319	0.03036	0.32439	0.00819	0.00437	0.00120	0.00182	0.00707	0.00387	0.00341
87	0.00744	0.01920	0.85032	0.01058	0.01607	0.00862	0.01371	0.01176	0.00784	0.01176	0.00666	0.00784	0.00470	0.00353	0.00353	0.00118	0.00549	0.00274	0.00157	0.00549
88	0.79924	0.00683	0.00544	0.00495	0.00709	0.00781	0.00401	0.01061	0.00649	0.03698	0.00668	0.07810	0.00586	0.00416	0.00254	0.00118	0.00282	0.00277	0.00245	0.00399
89	0.00515	0.00379	0.00482	0.00456	0.00548	0.00346	0.00342	0.00680	0.01026	0.01430	0.74668	0.02870	0.13315	0.00781	0.00438	0.00118	0.00177	0.00685	0.00401	0.00346
90	0.01644	0.00666	0.00882	0.00677	0.00965	0.00596	0.00559	0.08623	0.01119	0.78003	0.01417	0.01232	0.00895	0.00458	0.00373	0.00115	0.00324	0.00370	0.00452	0.00632
91	0.00887	0.00969	0.02081	0.01496	0.01856	0.00909	0.77236	0.02295	0.00886	0.03213	0.00816	0.04046	0.00640	0.00348	0.00437	0.00126	0.00601	0.00457	0.00202	0.00498
92	0.00719	0.00678	0.01146	0.79066	0.09411	0.00829	0.01040	0.00964	0.00751	0.00970	0.00663	0.00984	0.00503	0.00368	0.00371	0.00123	0.00490	0.00330	0.00167	0.00427
93	0.00439	0.00376	0.00376	0.00376	0.00501	0.00313	0.00282	0.00533	0.00846	0.01003	0.03760	0.03572	0.84489	0.00940	0.00439	0.00125	0.00188	0.00783	0.00345	0.00313
94	0.00491	0.00391	0.00425	0.00418	0.00532	0.00348	0.00313	0.00646	0.04351	0.01155	0.22699	0.06771	0.54710	0.00867	0.00430	0.00123	0.00190	0.00735	0.04069	0.00334
95	0.00992	0.82664	0.04631	0.00655	0.00978	0.03159	0.00661	0.01121	0.00761	0.00884	0.00522	0.00603	0.00476	0.00320	0.00244	0.00081	0.00407	0.00202	0.00159	0.00478
96	0.35728	0.21057	0.05015	0.00701	0.00953	0.24440	0.00607	0.04124	0.00822	0.01259	0.00552	0.00642	0.00453	0.00358	0.00290	0.00102	0.02030	0.00221	0.00203	0.00442
97	0.00992	0.87178	0.01945	0.00635	0.00953	0.01469	0.00635	0.01111	0.00754	0.00873	0.00516	0.00595	0.00476	0.00318	0.00238	0.00079	0.00397	0.00198	0.00159	0.00476
98	0.00524	0.00379	0.00494	0.00465	0.00553	0.00350	0.00349	0.00697	0.01047	0.01479	0.82863	0.02788	0.05089	0.00762	0.00438	0.00117	0.00175	0.00673	0.00407	0.00350
99	0.00770	0.00660	0.00770	0.00550	0.00880	0.00495	0.00440	0.00935	0.00770	0.01210	0.00660	0.00770	0.00550	0.00275	0.00275	0.00055	0.00275	0.00220	0.00220	0.89224
100	0.04899	0.01190	0.01040	0.01873	0.05821	0.30813	0.03738	0.15854	0.28203	0.01428	0.00947	0.00969	0.00725	0.00426	0.00357	0.00111	0.00469	0.00326	0.00284	0.00527
101	0.00473	0.00375	0.00425	0.00417	0.00523	0.00327	0.00311	0.00597	0.00920	0.01189	0.34935	0.06520	0.49916	0.00879	0.00440	0.00123	0.00184	0.00751	0.00369	0.00327
102	0.00452	0.00323	0.00431	0.00517	0.00538	0.00301	0.00345	0.00517	0.00711	0.00948	0.02046	0.86713	0.02455	0.01163	0.00474	0.00151	0.00215	0.01055	0.00345	0.00301
103	0.01108	0.00865	0.01555	0.01259	0.09703	0.02524	0.40538	0.06643	0.00960	0.23235	0.00978	0.02081	0.00729	0.05482	0.00494	0.00134	0.00493	0.00412	0.00275	0.00532
104	0.43209	0.01255	0.00834	0.00746	0.00959	0.43641	0.02208	0.01291	0.00849	0.01273	0.00550	0.00644	0.00444	0.00363	0.00287	0.00105	0.00487	0.00225	0.00209	0.00418
105	0.01196	0.00661	0.00747	0.00604	0.00816	0.00677	0.00489	0.29682	0.01187	0.23566	0.01167	0.01182	0.00832	0.00444	0.00328	0.00103	0.00292	0.00349	0.35161	0.00519
106	0.00812	0.00776	0.01328	0.39909	0.44524	0.00848	0.02936	0.01045	0.00797	0.01089	0.00704	0.02315	0.00575	0.00362	0.00372	0.00117	0.00466	0.00344	0.00178	0.00502
107	0.00452	0.00323	0.00431	0.00517	0.00538	0.00301	0.00345	0.00517	0.00711	0.00948	0.02046	0.86713	0.02455	0.01163	0.00474	0.00151	0.00215	0.01055	0.00345	0.00301
108	0.00537	0.00369	0.00450	0.00454	0.00471	0.00382	0.00286	0.00572	0.00568	0.00771	0.02144	0.03844	0.01328	0.65099	0.18869	0.00397	0.00484	0.02496	0.00227	0.00252
109	0.02799	0.00886	0.01014	0.00778	0.01071	0.00926	0.00643	0.52449	0.01480	0.32425	0.01095	0.01023	0.00733	0.00449	0.00370	0.00113	0.00373	0.00346	0.00401	0.00628
110	0.00452	0.00323	0.00431	0.00517	0.00538	0.00301	0.00345	0.00517	0.00711	0.00948	0.02046	0.86713	0.02455	0.01163	0.00474	0.00151	0.00215	0.01055	0.00345	0.00301
111	0.00992	0.87178	0.01945	0.00635	0.00953	0.01469	0.00635	0.01111	0.00754	0.00873	0.00516	0.00595	0.00476	0.00318	0.00238	0.00079	0.00397	0.00198	0.00159	0.00476
