[name]
unknown

[dist]
# distance from previous block
# <min> <max>
0	28

[block]
# block no. 0 follows, 64 sequences, length 15
# corresponding to MSA columns:
# 28-32,34-43
name=unknown_A
#
# <colnr> <probs for GDERKNQSTAVLIFYWHMCP>
#	G	D	E	R	K	N	Q	S	T	A	V	L	I	F	Y	W	H	M	C	P
0	0.03504	0.23172	0.19308	0.02051	0.02300	0.08275	0.04424	0.09409	0.01016	0.05350	0.00941	0.01348	0.00820	0.03000	0.00450	0.00132	0.02011	0.09390	0.00253	0.02846
1	0.02599	0.08020	0.19553	0.08424	0.09429	0.07944	0.10065	0.16500	0.04599	0.01743	0.01082	0.01332	0.00877	0.00654	0.02264	0.00186	0.03240	0.00438	0.00334	0.00718
2	0.00517	0.00372	0.00482	0.00557	0.00592	0.00346	0.00374	0.00596	0.00820	0.01092	0.08101	0.69173	0.07775	0.06342	0.00621	0.00178	0.00246	0.01096	0.00383	0.00337
3	0.01005	0.02888	0.00957	0.00681	0.01038	0.00712	0.00552	0.13320	0.04251	0.03318	0.00831	0.00916	0.00662	0.00352	0.00330	0.00076	0.00335	0.00277	0.00283	0.67214
4	0.01115	0.03140	0.09704	0.05619	0.13387	0.05756	0.04264	0.13017	0.04939	0.09707	0.02951	0.05007	0.02770	0.00491	0.00433	0.00121	0.03135	0.00408	0.00297	0.13740
5	0.02401	0.24616	0.30152	0.01056	0.04789	0.05776	0.06789	0.04782	0.03176	0.07573	0.00804	0.00897	0.00611	0.00396	0.00363	0.00115	0.00523	0.00309	0.00229	0.04645
6	0.00543	0.00402	0.00512	0.00587	0.00633	0.00386	0.00400	0.00694	0.06206	0.01128	0.04902	0.73102	0.06496	0.01226	0.00520	0.00164	0.00244	0.01105	0.00390	0.00361
7	0.01092	0.01023	0.01637	0.23716	0.22907	0.06486	0.20919	0.09905	0.01061	0.05949	0.00846	0.01072	0.00641	0.00403	0.00430	0.00131	0.00566	0.00396	0.00241	0.00578
8	0.03674	0.07520	0.18441	0.02483	0.05656	0.12928	0.06069	0.11404	0.06583	0.14324	0.01125	0.01164	0.04742	0.00472	0.00411	0.00125	0.01610	0.00374	0.00298	0.00595
9	0.03617	0.05713	0.10328	0.11000	0.38557	0.02946	0.13085	0.04559	0.00973	0.04137	0.00799	0.01010	0.00627	0.00386	0.00409	0.00127	0.00536	0.00368	0.00220	0.00604
10	0.00527	0.00420	0.00472	0.00463	0.00584	0.00365	0.00346	0.00664	0.01025	0.01318	0.32698	0.06302	0.51376	0.00986	0.00492	0.00138	0.00206	0.00841	0.00412	0.00365
11	0.03887	0.02619	0.15349	0.04420	0.11049	0.07003	0.07674	0.05914	0.10305	0.08285	0.03713	0.13377	0.02320	0.00590	0.00430	0.00136	0.00463	0.01606	0.00303	0.00556
12	0.06941	0.05610	0.04602	0.03548	0.08825	0.05423	0.07873	0.10522	0.06096	0.26712	0.01245	0.04737	0.03019	0.00510	0.00430	0.00130	0.02397	0.00424	0.00350	0.00606
13	0.00547	0.00424	0.00492	0.00498	0.00585	0.00395	0.00357	0.00654	0.00914	0.01191	0.19419	0.18980	0.37521	0.10645	0.00709	0.00174	0.03110	0.00850	0.02189	0.00350
14	0.00773	0.00635	0.03035	0.00668	0.02355	0.00621	0.00519	0.10872	0.09967	0.01515	0.18996	0.10654	0.20088	0.02395	0.02975	0.00158	0.03178	0.02514	0.07626	0.00455

[dist]
# distance from previous block
# <min> <max>
5	12

[block]
# block no. 1 follows, 64 sequences, length 17
# corresponding to MSA columns:
# 61-77
name=unknown_B
#
# <colnr> <probs for GDERKNQSTAVLIFYWHMCP>
#	G	D	E	R	K	N	Q	S	T	A	V	L	I	F	Y	W	H	M	C	P
0	0.00743	0.00936	0.18523	0.02906	0.09521	0.00665	0.10786	0.02294	0.00886	0.02739	0.03287	0.32591	0.06564	0.04939	0.00552	0.00159	0.00421	0.00724	0.00294	0.00470
1	0.04670	0.08631	0.13318	0.00932	0.05605	0.06273	0.03347	0.13925	0.04818	0.08310	0.03104	0.04875	0.05452	0.02296	0.00425	0.00123	0.00436	0.00408	0.00301	0.12751
2	0.00740	0.00567	0.00622	0.00573	0.00716	0.04092	0.00436	0.04529	0.06465	0.05601	0.43467	0.05361	0.23546	0.00845	0.00475	0.00134	0.00253	0.00723	0.00425	0.00431
3	0.00576	0.00398	0.00457	0.00472	0.00493	0.00386	0.00283	0.00603	0.00685	0.00900	0.03665	0.16237	0.10337	0.60877	0.01648	0.00331	0.00351	0.00730	0.00292	0.00279
4	0.00933	0.13577	0.25723	0.07493	0.04622	0.07199	0.12661	0.01242	0.03208	0.02335	0.02597	0.05376	0.03534	0.00567	0.03052	0.00145	0.03307	0.00411	0.01484	0.00534
5	0.04812	0.11451	0.24602	0.01327	0.13372	0.09043	0.14520	0.06514	0.01005	0.05630	0.00840	0.03532	0.00668	0.00423	0.00397	0.00125	0.00556	0.00367	0.00233	0.00584
6	0.00522	0.00386	0.00487	0.00537	0.00599	0.00352	0.00374	0.00628	0.00908	0.01208	0.20726	0.52058	0.17381	0.01155	0.00514	0.00155	0.00225	0.01029	0.00402	0.00352
7	0.00659	0.00464	0.00628	0.00615	0.00691	0.00505	0.00465	0.00776	0.00762	0.04152	0.07140	0.07335	0.09612	0.11303	0.39419	0.02729	0.05553	0.02140	0.04684	0.00369
8	0.02667	0.19502	0.19892	0.01142	0.07799	0.18322	0.08098	0.04424	0.05121	0.02986	0.00790	0.00942	0.00635	0.02307	0.02162	0.00135	0.01972	0.00324	0.00222	0.00557
9	0.00748	0.02055	0.02404	0.00714	0.00800	0.02746	0.02385	0.03887	0.00758	0.02747	0.01175	0.09633	0.01187	0.20181	0.31097	0.00392	0.11880	0.00523	0.04301	0.00388
10	0.12919	0.00553	0.00678	0.02474	0.02961	0.00547	0.00493	0.01081	0.02481	0.19736	0.03227	0.27797	0.06985	0.07856	0.05465	0.00198	0.00359	0.03371	0.00369	0.00452
11	0.04318	0.06145	0.04843	0.05402	0.16908	0.04925	0.13725	0.09753	0.10125	0.03170	0.01238	0.09154	0.05320	0.00601	0.02413	0.00145	0.00488	0.00485	0.00285	0.00559
12	0.06455	0.14840	0.07628	0.01128	0.12205	0.08512	0.09282	0.09247	0.09167	0.02629	0.04498	0.03924	0.04471	0.00492	0.00390	0.00122	0.00463	0.00412	0.03581	0.00556
13	0.06976	0.09465	0.16350	0.05318	0.05529	0.11947	0.07107	0.14686	0.05548	0.01510	0.03948	0.03491	0.00812	0.00495	0.01409	0.00130	0.01388	0.00372	0.00264	0.03255
14	0.09793	0.07360	0.06105	0.01016	0.08834	0.09185	0.07286	0.10684	0.06868	0.04040	0.07383	0.07829	0.02699	0.00528	0.00396	0.00122	0.00436	0.00441	0.00299	0.08697
15	0.02566	0.11583	0.13180	0.05380	0.07298	0.09440	0.03763	0.16169	0.05895	0.02776	0.06341	0.05884	0.00997	0.01827	0.00422	0.00126	0.00475	0.00410	0.00285	0.05186
16	0.04402	0.09081	0.11012	0.05190	0.15817	0.13137	0.02298	0.09762	0.05849	0.07694	0.03590	0.04868	0.04526	0.00504	0.00399	0.00124	0.00484	0.00410	0.00284	0.00569

[dist]
# distance from previous block
# <min> <max>
4	63

[block]
# block no. 2 follows, 64 sequences, length 33
# corresponding to MSA columns:
# 145-177
name=unknown_C
#
# <colnr> <probs for GDERKNQSTAVLIFYWHMCP>
#	G	D	E	R	K	N	Q	S	T	A	V	L	I	F	Y	W	H	M	C	P
0	0.07390	0.09707	0.16337	0.00923	0.05387	0.02105	0.03597	0.14697	0.04568	0.08031	0.02468	0.03759	0.05416	0.06505	0.00508	0.00141	0.00436	0.00409	0.00296	0.07320
1	0.02764	0.10905	0.10612	0.02131	0.06696	0.05950	0.03584	0.15237	0.03246	0.04079	0.06224	0.01306	0.03924	0.00477	0.00384	0.00112	0.00435	0.03164	0.00289	0.18482
2	0.00653	0.00581	0.03470	0.00564	0.00704	0.03224	0.00439	0.06432	0.01038	0.01347	0.22917	0.16796	0.33065	0.04771	0.00555	0.00151	0.00272	0.00797	0.00384	0.01839
3	0.01191	0.15200	0.09898	0.01132	0.11581	0.11094	0.03703	0.12245	0.06278	0.08264	0.02453	0.02759	0.00780	0.00468	0.00450	0.00121	0.06334	0.00359	0.00276	0.05413
4	0.05640	0.17837	0.17597	0.04321	0.05167	0.05910	0.04502	0.10716	0.01038	0.08946	0.00814	0.00906	0.00617	0.00396	0.00358	0.00110	0.00480	0.00306	0.00256	0.14084
5	0.03287	0.07324	0.14612	0.01127	0.09776	0.06197	0.07775	0.17451	0.06634	0.08833	0.01030	0.04204	0.00825	0.03372	0.04237	0.00160	0.00519	0.00402	0.01647	0.00589
6	0.02949	0.08858	0.13657	0.03907	0.04327	0.17728	0.03299	0.08563	0.20208	0.04370	0.01007	0.01121	0.00787	0.01674	0.00463	0.00132	0.04570	0.01520	0.00284	0.00577
7	0.00663	0.00547	0.00581	0.00559	0.00697	0.03244	0.00421	0.00960	0.13587	0.02676	0.26001	0.09551	0.36217	0.00909	0.00479	0.00139	0.00249	0.01690	0.00408	0.00419
8	0.00512	0.00420	0.00447	0.00452	0.00576	0.00361	0.00337	0.00624	0.00950	0.01166	0.11795	0.07879	0.64938	0.04147	0.00555	0.00152	0.00224	0.03724	0.00388	0.00352
9	0.00595	0.00454	0.03316	0.00505	0.00536	0.00407	0.00329	0.00637	0.00674	0.00916	0.03163	0.20313	0.01778	0.60293	0.01630	0.00329	0.00365	0.00714	0.02756	0.00289
10	0.05224	0.01380	0.26708	0.01427	0.10517	0.02341	0.27563	0.07966	0.04991	0.01459	0.00886	0.03912	0.00700	0.00434	0.00453	0.00135	0.02668	0.00415	0.00234	0.00587
11	0.00509	0.00379	0.00476	0.00547	0.00600	0.00345	0.00377	0.00596	0.00844	0.01099	0.05467	0.63127	0.19820	0.01229	0.00521	0.00162	0.00236	0.02933	0.00388	0.00343
12	0.01080	0.03217	0.08152	0.04942	0.14738	0.12970	0.08667	0.10947	0.05248	0.01447	0.00934	0.02578	0.02256	0.00427	0.00389	0.00112	0.00493	0.00364	0.03331	0.17710
13	0.05176	0.37155	0.08012	0.00990	0.01342	0.16055	0.12816	0.11548	0.01061	0.01312	0.00694	0.00807	0.00566	0.00390	0.00347	0.00109	0.00546	0.00296	0.00223	0.00552
14	0.00614	0.00425	0.00529	0.00535	0.00630	0.00394	0.00396	0.00783	0.02550	0.03673	0.37601	0.23390	0.15090	0.00965	0.00487	0.00142	0.00225	0.04582	0.06604	0.00385
15	0.01534	0.01139	0.01222	0.00941	0.01270	0.01256	0.00775	0.75582	0.05474	0.02542	0.01020	0.01018	0.00729	0.00496	0.00413	0.00124	0.00447	0.00375	0.00411	0.03234
16	0.00628	0.00419	0.00503	0.00490	0.00557	0.00395	0.00332	0.00729	0.00893	0.03936	0.31504	0.08289	0.11103	0.33740	0.01114	0.00238	0.00286	0.00710	0.03794	0.00340
17	0.00732	0.00611	0.00976	0.00850	0.01014	0.00589	0.17425	0.02749	0.07138	0.04135	0.06123	0.35251	0.11905	0.00986	0.02735	0.00167	0.00378	0.05441	0.00356	0.00438
18	0.01502	0.01066	0.01158	0.00906	0.01215	0.01168	0.00742	0.65403	0.07683	0.08080	0.01148	0.04171	0.00853	0.00534	0.00418	0.00127	0.00427	0.00414	0.02306	0.00682
19	0.00861	0.00738	0.00861	0.00615	0.00984	0.00554	0.00492	0.01046	0.00861	0.01354	0.00738	0.00861	0.00615	0.00308	0.00308	0.00062	0.00308	0.00246	0.00246	0.87941
20	0.00548	0.00411	0.00489	0.00519	0.00590	0.00382	0.00361	0.00671	0.03170	0.01157	0.15300	0.33949	0.24274	0.13818	0.00750	0.00190	0.00255	0.02442	0.00378	0.00347
21	0.00784	0.00738	0.01246	0.84404	0.02861	0.00923	0.01154	0.01061	0.00831	0.01061	0.00738	0.01107	0.00554	0.00415	0.00415	0.00138	0.00554	0.00369	0.00185	0.00461
22	0.01028	0.00969	0.01621	0.10904	0.70885	0.00994	0.01240	0.04886	0.00980	0.01384	0.00787	0.01035	0.00649	0.00381	0.00412	0.00125	0.00498	0.00370	0.00213	0.00640
23	0.00992	0.00950	0.01621	0.14678	0.70965	0.00977	0.01257	0.01243	0.00929	0.01313	0.00775	0.01040	0.00643	0.00377	0.00412	0.00126	0.00502	0.00370	0.00202	0.00629
24	0.00588	0.00423	0.00559	0.00628	0.00683	0.00415	0.00457	0.04304	0.00878	0.01174	0.04818	0.61118	0.02540	0.01330	0.05298	0.00198	0.00322	0.13524	0.00379	0.00365
25	0.03600	0.15287	0.01320	0.00984	0.01223	0.58131	0.00775	0.05771	0.04680	0.01146	0.00692	0.00787	0.00574	0.00434	0.00387	0.00109	0.03088	0.00276	0.00228	0.00508
26	0.00535	0.00379	0.00484	0.00550	0.00580	0.00358	0.00365	0.00605	0.00791	0.01055	0.07154	0.58622	0.05376	0.17828	0.00840	0.00212	0.00273	0.03304	0.00364	0.00326
27	0.00866	0.00577	0.00684	0.00619	0.00774	0.00575	0.00470	0.06529	0.14123	0.11661	0.29736	0.09406	0.13185	0.06918	0.01851	0.00164	0.00289	0.00677	0.00422	0.00474
28	0.00549	0.00400	0.00449	0.00468	0.00516	0.00374	0.00298	0.00596	0.00749	0.00954	0.02404	0.19518	0.26949	0.42472	0.01295	0.00275	0.00311	0.00803	0.00320	0.00299
29	0.07564	0.00917	0.01134	0.00939	0.01099	0.01117	0.00776	0.22795	0.03319	0.12033	0.00874	0.01039	0.00692	0.00746	0.05612	0.00182	0.37936	0.00371	0.00302	0.00555
30	0.00692	0.00457	0.00573	0.00588	0.00679	0.00447	0.00424	0.02203	0.06351	0.07196	0.11267	0.42290	0.08929	0.03024	0.07388	0.00198	0.00324	0.00869	0.05698	0.00403
31	0.04734	0.16621	0.02395	0.00773	0.02354	0.04676	0.00635	0.22486	0.02739	0.03613	0.08202	0.04772	0.09330	0.04303	0.00520	0.01111	0.04069	0.00453	0.00320	0.05893
32	0.00996	0.01038	0.13007	0.01968	0.09119	0.04940	0.02628	0.11260	0.06313	0.05372	0.03971	0.05318	0.07218	0.01819	0.00429	0.00120	0.00416	0.02281	0.00302	0.21486

[dist]
# distance from previous block
# <min> <max>
0	5

[block]
# block no. 3 follows, 64 sequences, length 8
# corresponding to MSA columns:
# 183-187,189-191
name=unknown_D
#
# <colnr> <probs for GDERKNQSTAVLIFYWHMCP>
#	G	D	E	R	K	N	Q	S	T	A	V	L	I	F	Y	W	H	M	C	P
0	0.18370	0.00857	0.01247	0.14397	0.18146	0.00889	0.10400	0.04739	0.02471	0.05335	0.00835	0.02391	0.00675	0.02551	0.00444	0.00130	0.02471	0.00361	0.00250	0.13041
1	0.01039	0.00943	0.03926	0.04825	0.32569	0.02688	0.03650	0.14550	0.06664	0.02774	0.03391	0.07205	0.00975	0.00635	0.04169	0.00155	0.04639	0.00451	0.04165	0.00585
2	0.01009	0.00874	0.00959	0.00814	0.06765	0.08009	0.00593	0.01255	0.06300	0.06493	0.00853	0.00943	0.00680	0.00353	0.00335	0.00079	0.00364	0.00282	0.00269	0.62769
3	0.00860	0.00700	0.03147	0.00697	0.00850	0.07917	0.02471	0.03454	0.05850	0.08887	0.15553	0.12222	0.12695	0.03394	0.06181	0.06005	0.00403	0.07925	0.00359	0.00433
4	0.00525	0.00392	0.00484	0.00535	0.00601	0.00357	0.00377	0.00625	0.00885	0.01157	0.13691	0.46491	0.22941	0.04453	0.00579	0.00167	0.00240	0.04762	0.00390	0.00347
5	0.01306	0.00862	0.00988	0.00805	0.01048	0.00917	0.00648	0.41782	0.03902	0.14416	0.06098	0.07320	0.06591	0.00699	0.00545	0.05955	0.02848	0.02276	0.00406	0.00588
6	0.00556	0.00512	0.06292	0.00571	0.00662	0.00402	0.00438	0.00673	0.00862	0.01158	0.16602	0.41330	0.13742	0.13357	0.00738	0.00189	0.00278	0.00917	0.00364	0.00356
7	0.02692	0.00880	0.00931	0.03327	0.02937	0.07759	0.00635	0.28657	0.06764	0.07651	0.18510	0.10061	0.03304	0.00657	0.00435	0.00130	0.00376	0.00544	0.03201	0.00550

[dist]
# distance from previous block
# <min> <max>
0	4

[block]
# block no. 4 follows, 64 sequences, length 12
# corresponding to MSA columns:
# 200-211
name=unknown_E
#
# <colnr> <probs for GDERKNQSTAVLIFYWHMCP>
#	G	D	E	R	K	N	Q	S	T	A	V	L	I	F	Y	W	H	M	C	P
0	0.07174	0.30654	0.09516	0.00945	0.04283	0.18324	0.03631	0.01523	0.10829	0.08207	0.00850	0.00905	0.00667	0.00416	0.00346	0.00112	0.00505	0.00302	0.00251	0.00560
1	0.12566	0.16521	0.04458	0.04266	0.04215	0.20206	0.00723	0.04499	0.04958	0.03423	0.07884	0.04686	0.01078	0.00606	0.02689	0.00138	0.01593	0.04721	0.00273	0.00499
2	0.09436	0.03803	0.02893	0.02506	0.17957	0.05635	0.04878	0.09169	0.05454	0.04063	0.13473	0.03649	0.11780	0.00599	0.00435	0.00130	0.01587	0.01706	0.00319	0.00527
3	0.00886	0.07924	0.00975	0.03558	0.01012	0.00670	0.03801	0.05214	0.01015	0.05841	0.18997	0.01703	0.07010	0.00529	0.00386	0.00100	0.00325	0.02447	0.00319	0.37288
4	0.00949	0.09934	0.50702	0.01212	0.01699	0.08126	0.13900	0.01321	0.00901	0.01240	0.00723	0.00886	0.00545	0.00407	0.00455	0.00130	0.05782	0.00328	0.00185	0.00577
5	0.00585	0.04494	0.00607	0.00583	0.00644	0.00472	0.00422	0.00669	0.00789	0.01032	0.02179	0.39922	0.13825	0.15430	0.05611	0.00231	0.03527	0.08298	0.00336	0.00345
6	0.01082	0.00827	0.00971	0.00845	0.03094	0.02911	0.04046	0.27927	0.11847	0.05403	0.16345	0.05185	0.07792	0.00732	0.02332	0.00147	0.00385	0.05400	0.02176	0.00555
7	0.00518	0.00406	0.00467	0.00490	0.00582	0.00366	0.00350	0.00618	0.00884	0.01120	0.09875	0.24944	0.44115	0.06849	0.06310	0.00200	0.00292	0.00898	0.00372	0.00345
8	0.02492	0.09029	0.11799	0.09895	0.08178	0.06342	0.00848	0.08063	0.12503	0.01378	0.02775	0.02556	0.05138	0.03292	0.03355	0.00152	0.02798	0.02034	0.00272	0.07102
9	0.05166	0.20034	0.12128	0.01013	0.03551	0.31476	0.04928	0.03474	0.01029	0.05098	0.00842	0.01145	0.00724	0.00468	0.00375	0.00118	0.00578	0.07091	0.00236	0.00526
10	0.00663	0.00573	0.00597	0.00644	0.00720	0.07547	0.00452	0.00885	0.11487	0.01150	0.02209	0.61125	0.08128	0.01112	0.00500	0.00158	0.00294	0.00988	0.00376	0.00393
11	0.08294	0.08715	0.01363	0.02837	0.25153	0.14113	0.04720	0.09836	0.04568	0.03665	0.00885	0.02123	0.00741	0.00672	0.07517	0.00169	0.01834	0.01977	0.00256	0.00563

[dist]
# distance from previous block
# <min> <max>
0	1

[block]
# block no. 5 follows, 64 sequences, length 11
# corresponding to MSA columns:
# 213-223
name=unknown_F
#
# <colnr> <probs for GDERKNQSTAVLIFYWHMCP>
#	G	D	E	R	K	N	Q	S	T	A	V	L	I	F	Y	W	H	M	C	P
0	0.09859	0.11408	0.09356	0.05044	0.11065	0.05411	0.08964	0.11742	0.05448	0.10512	0.00885	0.00991	0.00668	0.00443	0.00452	0.00128	0.06413	0.00349	0.00276	0.00587
1	0.02986	0.12453	0.01231	0.00892	0.01163	0.32123	0.00719	0.19482	0.03012	0.15786	0.00970	0.02949	0.00743	0.00474	0.00377	0.00115	0.00528	0.00341	0.03082	0.00575
2	0.00592	0.00434	0.00493	0.00472	0.00597	0.00380	0.00351	0.00724	0.01014	0.04914	0.30900	0.03492	0.46629	0.06461	0.00593	0.00154	0.00224	0.00795	0.00407	0.00374
3	0.00986	0.00993	0.05022	0.13020	0.43844	0.03724	0.02362	0.02695	0.15580	0.01390	0.02866	0.03872	0.00886	0.00457	0.00419	0.00130	0.00473	0.00419	0.00256	0.00606
4	0.00635	0.00434	0.00532	0.00557	0.00600	0.00439	0.00382	0.04165	0.00777	0.01065	0.01657	0.26292	0.01855	0.36527	0.07932	0.00303	0.00401	0.09106	0.06014	0.00328
5	0.03538	0.00604	0.00745	0.00612	0.00837	0.00563	0.00492	0.06075	0.01119	0.41876	0.10279	0.01597	0.01321	0.00537	0.00381	0.00119	0.00291	0.00437	0.28013	0.00565
6	0.01042	0.00668	0.00776	0.00689	0.00883	0.00689	0.00541	0.09551	0.22735	0.16169	0.14882	0.09521	0.06724	0.00711	0.00441	0.00136	0.00300	0.04422	0.08579	0.00542
7	0.00579	0.00394	0.00445	0.00470	0.00518	0.00373	0.00304	0.00646	0.00759	0.01037	0.02156	0.23944	0.18253	0.35080	0.01129	0.00248	0.00294	0.00778	0.12284	0.00312
8	0.00558	0.00380	0.00499	0.00573	0.00618	0.00350	0.00390	0.00640	0.00833	0.04107	0.05345	0.74342	0.07329	0.01241	0.00522	0.00164	0.00242	0.01119	0.00393	0.00354
9	0.00921	0.00851	0.00906	0.04101	0.01089	0.08124	0.00548	0.01102	0.00889	0.01311	0.00730	0.00861	0.00605	0.00323	0.00318	0.00069	0.00358	0.00253	0.00241	0.76401
10	0.00607	0.00443	0.00522	0.00501	0.00609	0.00407	0.00368	0.00775	0.03457	0.03451	0.39115	0.03285	0.28607	0.13124	0.00723	0.00175	0.00243	0.02809	0.00403	0.00374

[dist]
# distance from previous block
# <min> <max>
2	8

[block]
# block no. 6 follows, 64 sequences, length 12
# corresponding to MSA columns:
# 233-244
name=unknown_G
#
# <colnr> <probs for GDERKNQSTAVLIFYWHMCP>
#	G	D	E	R	K	N	Q	S	T	A	V	L	I	F	Y	W	H	M	C	P
0	0.01006	0.00964	0.01646	0.09956	0.75577	0.00981	0.01264	0.01255	0.00935	0.01330	0.00777	0.01035	0.00649	0.00374	0.00412	0.00125	0.00499	0.00370	0.00204	0.00640
1	0.01105	0.04098	0.01481	0.07055	0.40885	0.02805	0.05944	0.09091	0.02372	0.06856	0.00886	0.01099	0.00709	0.00405	0.00401	0.00118	0.00472	0.01897	0.00257	0.12065
2	0.16759	0.10303	0.02686	0.00905	0.02374	0.43258	0.00714	0.02859	0.01042	0.05419	0.05235	0.00910	0.00740	0.00445	0.00377	0.00113	0.02767	0.00296	0.00249	0.02548
3	0.00733	0.00579	0.00640	0.00629	0.00750	0.03156	0.00465	0.06962	0.12709	0.02631	0.11840	0.30974	0.17136	0.04154	0.02618	0.00171	0.00308	0.02727	0.00389	0.00429
4	0.06332	0.00671	0.02106	0.05394	0.06474	0.00644	0.07176	0.06503	0.01033	0.08899	0.18876	0.08952	0.05293	0.03547	0.00491	0.00140	0.00350	0.04847	0.07126	0.05145
5	0.00685	0.00569	0.00687	0.00695	0.00783	0.06611	0.00536	0.00874	0.04652	0.01056	0.01356	0.12612	0.01349	0.02327	0.53677	0.00482	0.00850	0.07285	0.02524	0.00390
6	0.00583	0.00464	0.00522	0.00591	0.00630	0.04983	0.00401	0.00654	0.00805	0.01036	0.02151	0.63026	0.05881	0.11978	0.00724	0.00195	0.00295	0.04385	0.00359	0.00337
7	0.00766	0.00534	0.00562	0.00544	0.00623	0.04896	0.00377	0.05020	0.00865	0.04228	0.07925	0.13992	0.04054	0.31104	0.05663	0.00255	0.00376	0.00618	0.17233	0.00364
8	0.00546	0.00412	0.00466	0.00482	0.00573	0.00372	0.00346	0.00648	0.00889	0.01143	0.11705	0.15194	0.40014	0.15558	0.00774	0.00190	0.00258	0.06333	0.03756	0.00340
9	0.00882	0.02758	0.03948	0.02905	0.07607	0.07965	0.02358	0.06986	0.04108	0.01186	0.07142	0.01633	0.05604	0.10884	0.03916	0.22936	0.02069	0.00447	0.04264	0.00399
10	0.00597	0.00448	0.00618	0.00626	0.00693	0.00494	0.00475	0.00719	0.00729	0.01014	0.03178	0.10536	0.08710	0.11403	0.47611	0.00472	0.03939	0.05356	0.02023	0.00357
11	0.09159	0.07037	0.05142	0.06989	0.14428	0.05828	0.06291	0.04658	0.06423	0.05213	0.07352	0.01326	0.05670	0.00528	0.00533	0.00134	0.12072	0.00412	0.00271	0.00535

[dist]
# distance from previous block
# <min> <max>
1	18

[block]
# block no. 7 follows, 64 sequences, length 14
# corresponding to MSA columns:
# 263-276
name=unknown_H
#
# <colnr> <probs for GDERKNQSTAVLIFYWHMCP>
#	G	D	E	R	K	N	Q	S	T	A	V	L	I	F	Y	W	H	M	C	P
0	0.03068	0.01325	0.01162	0.04651	0.08423	0.34118	0.03298	0.11269	0.10108	0.04670	0.00986	0.01078	0.03104	0.01629	0.00414	0.00118	0.00545	0.00349	0.00281	0.09403
1	0.00994	0.38406	0.37797	0.01023	0.01492	0.04446	0.08065	0.01299	0.00883	0.01158	0.00677	0.00801	0.00539	0.00375	0.00346	0.00113	0.00553	0.00284	0.00181	0.00569
2	0.00839	0.00707	0.00824	0.00608	0.00938	0.00551	0.00480	0.02780	0.00879	0.01344	0.02538	0.01132	0.03883	0.04140	0.02708	0.00099	0.00331	0.00304	0.00259	0.74656
3	0.00514	0.00400	0.00467	0.00496	0.00587	0.00353	0.00354	0.00624	0.00934	0.01199	0.17744	0.32879	0.39757	0.01104	0.00505	0.00149	0.00219	0.00963	0.00399	0.00353
4	0.00645	0.00416	0.00530	0.00555	0.00641	0.00376	0.00395	0.00755	0.00932	0.08788	0.18186	0.47215	0.16804	0.01097	0.00505	0.00153	0.00237	0.00973	0.00411	0.00385
5	0.00646	0.00480	0.00662	0.00617	0.00741	0.00443	0.07868	0.00791	0.00908	0.02923	0.08213	0.18179	0.26265	0.06801	0.00585	0.00161	0.00291	0.08403	0.14645	0.00380
6	0.01079	0.00998	0.01317	0.01055	0.01323	0.07046	0.21170	0.10246	0.35640	0.03184	0.01352	0.01492	0.03121	0.08363	0.00594	0.00160	0.00472	0.00472	0.00337	0.00580
7	0.00592	0.00441	0.00553	0.00595	0.00663	0.00438	0.00427	0.00791	0.08367	0.01184	0.11362	0.42803	0.08217	0.09020	0.05321	0.00211	0.00318	0.07950	0.00375	0.00372
8	0.01407	0.01743	0.01091	0.00993	0.01200	0.70213	0.00742	0.01516	0.01120	0.01044	0.00801	0.08574	0.00746	0.00501	0.00384	0.00110	0.00671	0.00351	0.00232	0.06563
9	0.00905	0.02751	0.10983	0.03428	0.40296	0.03873	0.02213	0.01128	0.00890	0.01248	0.01009	0.13813	0.00979	0.04090	0.00508	0.00138	0.02381	0.00479	0.00234	0.08653
10	0.01047	0.36209	0.29144	0.00953	0.01375	0.03479	0.05472	0.04189	0.05309	0.04538	0.00858	0.00941	0.02642	0.00416	0.00368	0.00115	0.01838	0.00312	0.00220	0.00574
11	0.02178	0.04597	0.03032	0.00798	0.01021	0.04964	0.07935	0.05758	0.04943	0.16990	0.06496	0.23290	0.05950	0.00740	0.00458	0.00136	0.01426	0.02325	0.00364	0.06600
12	0.00727	0.00520	0.00628	0.00598	0.00733	0.00517	0.00455	0.01051	0.14835	0.07102	0.29040	0.11314	0.18967	0.01084	0.08193	0.00190	0.00327	0.02867	0.00409	0.00443
13	0.00864	0.00857	0.02489	0.03347	0.20549	0.12935	0.02567	0.03860	0.02460	0.01242	0.06073	0.32924	0.05435	0.00807	0.00463	0.00141	0.00409	0.01795	0.00310	0.00472

[dist]
# distance from previous block
# <min> <max>
8	33

[block]
# block no. 8 follows, 64 sequences, length 21
# corresponding to MSA columns:
# 318-330,332-339
name=unknown_I
#
# <colnr> <probs for GDERKNQSTAVLIFYWHMCP>
#	G	D	E	R	K	N	Q	S	T	A	V	L	I	F	Y	W	H	M	C	P
0	0.14645	0.00885	0.00964	0.00927	0.07934	0.15182	0.09847	0.01044	0.00823	0.01162	0.03639	0.02610	0.02023	0.31403	0.02785	0.00239	0.01917	0.01318	0.00246	0.00407
1	0.04473	0.06943	0.26353	0.01230	0.12969	0.12132	0.04678	0.07524	0.05661	0.02918	0.01731	0.04543	0.00856	0.00500	0.00407	0.00130	0.00529	0.05598	0.00253	0.00571
2	0.01037	0.24297	0.06926	0.11019	0.10046	0.02734	0.05375	0.06854	0.07868	0.05412	0.02307	0.07278	0.00889	0.01256	0.01114	0.00128	0.01325	0.00406	0.00262	0.03467
3	0.00629	0.00440	0.00508	0.00573	0.05926	0.00411	0.00368	0.00748	0.00854	0.01204	0.03770	0.10476	0.31204	0.15809	0.00721	0.00176	0.00261	0.00684	0.24874	0.00363
4	0.02405	0.00669	0.00663	0.00674	0.05394	0.08638	0.00475	0.03518	0.03993	0.01311	0.16101	0.04759	0.43296	0.00842	0.00459	0.00131	0.00298	0.01531	0.00364	0.04479
5	0.01004	0.26970	0.14215	0.00982	0.04422	0.03572	0.11059	0.05926	0.07917	0.03918	0.01300	0.03850	0.10549	0.02069	0.00419	0.00126	0.00467	0.00427	0.00262	0.00546
6	0.00648	0.00491	0.00659	0.00645	0.00716	0.00562	0.00480	0.00862	0.08770	0.01005	0.01202	0.01861	0.01160	0.22119	0.54247	0.00541	0.02927	0.00483	0.00248	0.00374
7	0.00564	0.00411	0.00507	0.00550	0.00613	0.00387	0.00398	0.00663	0.00854	0.01113	0.10458	0.26995	0.18761	0.19460	0.00871	0.00214	0.00293	0.16189	0.00363	0.00336
8	0.00840	0.00954	0.10082	0.27068	0.07169	0.00883	0.21726	0.01186	0.07013	0.01208	0.02593	0.01351	0.00827	0.09068	0.06077	0.00198	0.00591	0.00438	0.00224	0.00502
9	0.00977	0.00947	0.01533	0.36160	0.33521	0.04191	0.09159	0.06152	0.00973	0.01297	0.00777	0.01057	0.00610	0.00397	0.00420	0.00131	0.00547	0.00378	0.00211	0.00563
10	0.01049	0.06676	0.02313	0.01603	0.02010	0.01113	0.67980	0.09314	0.01068	0.01436	0.00839	0.01078	0.00631	0.00365	0.00468	0.00135	0.00659	0.00461	0.00228	0.00573
11	0.01044	0.00514	0.00647	0.00588	0.00721	0.00481	0.00423	0.01175	0.03880	0.29132	0.01663	0.20844	0.01579	0.26749	0.00953	0.00220	0.00328	0.00647	0.07960	0.00454
12	0.01046	0.00835	0.04798	0.02343	0.06355	0.02559	0.10918	0.11259	0.04259	0.16328	0.02242	0.02191	0.30488	0.00673	0.00465	0.00135	0.01634	0.00577	0.00361	0.00537
13	0.00634	0.00463	0.00578	0.00621	0.00697	0.00452	0.00452	0.08686	0.00961	0.01271	0.06313	0.56739	0.09410	0.01160	0.00518	0.00162	0.00273	0.09836	0.00392	0.00383
14	0.00785	0.00540	0.00591	0.00563	0.00699	0.00554	0.00425	0.05100	0.16715	0.03299	0.10561	0.11550	0.14867	0.03477	0.00470	0.00138	0.00255	0.02209	0.26755	0.00447
15	0.74254	0.14502	0.00863	0.00573	0.00846	0.01047	0.00492	0.01225	0.00729	0.01721	0.00578	0.00673	0.00463	0.00381	0.00259	0.00122	0.00341	0.00224	0.00244	0.00463
16	0.00592	0.00411	0.00465	0.00464	0.00517	0.00392	0.00303	0.00661	0.00786	0.01057	0.13230	0.03039	0.18825	0.47182	0.01370	0.00282	0.00319	0.03743	0.06056	0.00306
17	0.01035	0.09608	0.09062	0.22579	0.22604	0.10459	0.09678	0.05292	0.00972	0.01252	0.00741	0.00971	0.00589	0.00404	0.00429	0.00126	0.03083	0.00351	0.00206	0.00558
18	0.06293	0.00431	0.00493	0.00521	0.00621	0.00400	0.00384	0.00681	0.00920	0.01249	0.16126	0.30174	0.32639	0.01063	0.00494	0.00151	0.00237	0.06375	0.00389	0.00362
19	0.02483	0.00810	0.00793	0.00689	0.00890	0.10117	0.00535	0.13373	0.06405	0.07070	0.10071	0.03916	0.20951	0.06112	0.00558	0.00144	0.01908	0.03608	0.00361	0.09203
20	0.01264	0.31410	0.03968	0.00910	0.01172	0.29132	0.00781	0.11914	0.01081	0.01223	0.00736	0.04690	0.00660	0.00481	0.00448	0.00114	0.08942	0.00319	0.00231	0.00524

[dist]
# distance from previous block
# <min> <max>
5	35

[block]
# block no. 9 follows, 64 sequences, length 18
# corresponding to MSA columns:
# 375-392
name=unknown_J
#
# <colnr> <probs for GDERKNQSTAVLIFYWHMCP>
#	G	D	E	R	K	N	Q	S	T	A	V	L	I	F	Y	W	H	M	C	P
0	0.02166	0.03259	0.00899	0.00775	0.03105	0.03213	0.00584	0.25029	0.05105	0.07502	0.03403	0.20470	0.06327	0.06575	0.02144	0.00162	0.00379	0.02325	0.00368	0.06211
1	0.00585	0.00409	0.00491	0.00488	0.00531	0.00395	0.00317	0.00662	0.00820	0.01118	0.27054	0.08675	0.07381	0.45310	0.03789	0.00292	0.00335	0.00703	0.00333	0.00311
2	0.00844	0.00648	0.00851	0.00798	0.00893	0.00750	0.00653	0.08725	0.00917	0.05084	0.01593	0.05478	0.07193	0.08554	0.08942	0.00240	0.22078	0.25013	0.00314	0.00431
3	0.00653	0.00438	0.00571	0.00532	0.00642	0.00401	0.00401	0.00840	0.01158	0.06141	0.73041	0.05291	0.06603	0.00850	0.00487	0.00132	0.00206	0.00749	0.00456	0.00406
4	0.07159	0.11871	0.41022	0.01047	0.01496	0.07536	0.07216	0.08629	0.00997	0.01414	0.03177	0.03161	0.00707	0.00433	0.00381	0.00124	0.00547	0.00343	0.00225	0.02515
5	0.03662	0.00608	0.00752	0.00612	0.00850	0.00560	0.00495	0.04371	0.01086	0.48216	0.01485	0.01430	0.01016	0.00499	0.00367	0.00117	0.00297	0.00400	0.32594	0.00583
6	0.00785	0.00727	0.01036	0.00925	0.00954	0.00978	0.00756	0.00899	0.00648	0.00986	0.00767	0.01192	0.00738	0.01661	0.33590	0.00372	0.51970	0.00395	0.00198	0.00422
7	0.00899	0.00864	0.01395	0.35011	0.42306	0.02807	0.01137	0.01143	0.00905	0.01212	0.01041	0.01296	0.07318	0.00445	0.00419	0.00130	0.00500	0.00409	0.00212	0.00550
8	0.74177	0.00833	0.00748	0.00774	0.09354	0.00949	0.00551	0.03008	0.03731	0.01823	0.00649	0.00750	0.00507	0.00393	0.00283	0.00128	0.00342	0.00252	0.00261	0.00485
9	0.01443	0.00955	0.01048	0.00852	0.01139	0.03134	0.00687	0.32019	0.25816	0.22742	0.01449	0.03119	0.02561	0.00548	0.00421	0.00131	0.00390	0.00438	0.00436	0.00671
10	0.00981	0.00938	0.01600	0.18494	0.67238	0.00974	0.01251	0.01233	0.00923	0.01299	0.00773	0.01044	0.00638	0.00379	0.00412	0.00126	0.00505	0.00370	0.00202	0.00620
11	0.00904	0.23449	0.62569	0.01063	0.01611	0.01138	0.01325	0.01297	0.00869	0.01229	0.00703	0.00823	0.00528	0.00385	0.00362	0.00121	0.00571	0.00285	0.00176	0.00593
12	0.88336	0.00803	0.00611	0.00546	0.00803	0.00932	0.00450	0.01221	0.00707	0.01864	0.00578	0.00675	0.00450	0.00386	0.00257	0.00129	0.00321	0.00225	0.00257	0.00450
13	0.01159	0.00850	0.00935	0.00804	0.01020	0.06141	0.01717	0.11493	0.29273	0.15625	0.10158	0.02732	0.02452	0.03299	0.07790	0.00189	0.02910	0.00480	0.00394	0.00580
14	0.00512	0.00366	0.00488	0.00574	0.00604	0.00342	0.00386	0.00594	0.00825	0.01108	0.08581	0.78704	0.02839	0.01266	0.00527	0.00166	0.00237	0.01147	0.00391	0.00342
15	0.00567	0.00422	0.00579	0.00598	0.00666	0.00446	0.00444	0.00688	0.00760	0.01044	0.07508	0.18686	0.10459	0.08767	0.44150	0.00442	0.00706	0.02418	0.00295	0.00354
16	0.00586	0.00399	0.00477	0.00507	0.00520	0.00393	0.00316	0.00618	0.00677	0.00900	0.01611	0.22411	0.01872	0.58862	0.01618	0.00331	0.00363	0.06963	0.00294	0.00282
17	0.00563	0.00384	0.00511	0.00589	0.00633	0.00358	0.00409	0.00652	0.00839	0.03688	0.05769	0.71445	0.05012	0.01240	0.00527	0.00166	0.00251	0.06219	0.00393	0.00355

[dist]
# distance from previous block
# <min> <max>
0	6

[block]
# block no. 10 follows, 64 sequences, length 41
# corresponding to MSA columns:
# 399-439
name=unknown_K
#
# <colnr> <probs for GDERKNQSTAVLIFYWHMCP>
#	G	D	E	R	K	N	Q	S	T	A	V	L	I	F	Y	W	H	M	C	P
0	0.02536	0.00870	0.03791	0.03639	0.04977	0.00754	0.06333	0.06976	0.05059	0.04127	0.00832	0.00958	0.00660	0.00374	0.00397	0.00092	0.04309	0.00306	0.00264	0.52745
1	0.06468	0.25365	0.10997	0.00855	0.01206	0.11622	0.02886	0.07905	0.02516	0.21776	0.00937	0.00950	0.00684	0.00424	0.00355	0.00113	0.00474	0.00311	0.00298	0.03858
2	0.00791	0.00780	0.03758	0.00966	0.04147	0.03473	0.05189	0.00949	0.02236	0.01031	0.00932	0.02538	0.01845	0.08002	0.30669	0.00362	0.31254	0.00433	0.00215	0.00430
3	0.00518	0.00406	0.00467	0.00491	0.00588	0.00358	0.00356	0.00628	0.00932	0.01185	0.15658	0.26285	0.43946	0.03194	0.00545	0.00155	0.00227	0.03315	0.00393	0.00352
4	0.00504	0.00406	0.00449	0.00471	0.00577	0.00351	0.00341	0.00609	0.00929	0.01157	0.11001	0.24739	0.54819	0.01097	0.00501	0.00147	0.00217	0.00943	0.00392	0.00351
5	0.00614	0.00421	0.00488	0.00482	0.00485	0.00436	0.00284	0.00622	0.00608	0.00818	0.01276	0.02616	0.01460	0.79423	0.05240	0.00406	0.03219	0.00590	0.00248	0.00263
6	0.82310	0.00797	0.00635	0.00560	0.00821	0.00909	0.00461	0.01277	0.00740	0.07525	0.00652	0.00726	0.00490	0.00395	0.00268	0.00129	0.00324	0.00238	0.00275	0.00468
7	0.00601	0.00404	0.00458	0.00458	0.00463	0.00405	0.00260	0.00607	0.00613	0.00817	0.01369	0.02719	0.03321	0.81352	0.04216	0.00404	0.00417	0.00606	0.00254	0.00257
8	0.00997	0.00956	0.01631	0.12828	0.72772	0.00979	0.01260	0.01248	0.00931	0.01320	0.00776	0.01038	0.00645	0.00376	0.00412	0.00125	0.00501	0.00370	0.00203	0.00633
9	0.01028	0.00987	0.01686	0.02550	0.82811	0.00987	0.01275	0.01275	0.00946	0.01357	0.00781	0.01028	0.00658	0.00370	0.00411	0.00123	0.00493	0.00370	0.00206	0.00658
10	0.00861	0.00738	0.00861	0.00615	0.00984	0.00554	0.00492	0.01046	0.00861	0.01354	0.00738	0.00861	0.00615	0.00308	0.00308	0.00062	0.00308	0.00246	0.00246	0.87941
11	0.00534	0.00445	0.00470	0.00463	0.00599	0.00393	0.00347	0.00709	0.05329	0.01231	0.15186	0.06424	0.64404	0.01005	0.00488	0.00140	0.00216	0.00847	0.00398	0.00373
12	0.00557	0.02855	0.00567	0.00597	0.00647	0.00428	0.00415	0.00686	0.04570	0.01101	0.03629	0.71880	0.06315	0.01209	0.00533	0.00163	0.02027	0.01082	0.00378	0.00362
13	0.00552	0.00406	0.00496	0.00526	0.00603	0.00374	0.00378	0.00681	0.01717	0.01248	0.23343	0.32422	0.21220	0.06247	0.00601	0.00165	0.00239	0.05137	0.03287	0.00356
14	0.00587	0.00407	0.00498	0.00516	0.00542	0.00408	0.00334	0.00638	0.00697	0.00936	0.05365	0.15331	0.04248	0.52107	0.10865	0.00364	0.00441	0.05130	0.00290	0.00295
15	0.04479	0.22756	0.20754	0.07240	0.06943	0.13078	0.06118	0.05416	0.00978	0.04167	0.00734	0.00865	0.00574	0.00392	0.00361	0.00114	0.00543	0.00302	0.00217	0.03968
16	0.01056	0.00741	0.00849	0.00767	0.03595	0.00773	0.00564	0.30092	0.05481	0.07782	0.04441	0.16649	0.11343	0.13104	0.00696	0.00176	0.00359	0.00632	0.00385	0.00517
17	0.02613	0.04084	0.04009	0.01032	0.04352	0.05330	0.07542	0.36814	0.10188	0.10417	0.01075	0.01104	0.01430	0.00485	0.00449	0.00127	0.04096	0.00384	0.01564	0.02904
18	0.01102	0.24811	0.10926	0.09547	0.18456	0.05718	0.10160	0.12061	0.01050	0.01365	0.00744	0.00909	0.00595	0.00391	0.00377	0.00117	0.00532	0.00330	0.00222	0.00585
19	0.00509	0.00419	0.00448	0.00447	0.00574	0.00357	0.00333	0.00629	0.00981	0.01218	0.18310	0.07765	0.64517	0.01027	0.00493	0.00140	0.00209	0.00869	0.00399	0.00357
20	0.00845	0.10678	0.28613	0.07581	0.14093	0.02454	0.04042	0.01127	0.00906	0.02063	0.05014	0.10486	0.06604	0.00577	0.00420	0.00132	0.00480	0.03112	0.00244	0.00531
21	0.01417	0.07567	0.01275	0.07370	0.01343	0.07168	0.00800	0.48768	0.01527	0.07931	0.00936	0.01007	0.00691	0.00581	0.03232	0.00144	0.06908	0.00359	0.00348	0.00628
22	0.00719	0.00496	0.00563	0.00521	0.00679	0.00452	0.00399	0.00950	0.08315	0.10509	0.24269	0.03253	0.45526	0.00895	0.00476	0.00136	0.00233	0.00756	0.00422	0.00429
23	0.01380	0.01148	0.01129	0.00927	0.01213	0.09489	0.00743	0.44860	0.30738	0.02140	0.01211	0.01171	0.00891	0.00515	0.00414	0.00129	0.00440	0.00398	0.00398	0.00666
24	0.00594	0.00442	0.00652	0.00652	0.00721	0.00511	0.00500	0.00732	0.00663	0.00953	0.01127	0.01710	0.01072	0.09015	0.77902	0.00649	0.01062	0.00456	0.00225	0.00362
25	0.01420	0.03600	0.01279	0.01139	0.11283	0.07827	0.00830	0.51927	0.12803	0.02166	0.01026	0.01048	0.00759	0.00482	0.00408	0.00124	0.00467	0.00374	0.00368	0.00671
26	0.01437	0.11687	0.01290	0.00923	0.01216	0.19322	0.00755	0.43812	0.09684	0.01946	0.00948	0.00974	0.00714	0.00472	0.00385	0.00117	0.00499	0.00342	0.02854	0.00622
27	0.00501	0.00421	0.00434	0.00431	0.00567	0.00355	0.00323	0.00615	0.00970	0.01176	0.11996	0.03909	0.74820	0.01032	0.00491	0.00139	0.00209	0.00864	0.00393	0.00355
28	0.01058	0.00905	0.00953	0.00850	0.01090	0.01045	0.00664	0.05875	0.78351	0.01778	0.01659	0.01524	0.01242	0.00561	0.00422	0.00140	0.00335	0.00465	0.00422	0.00660
29	0.00824	0.00779	0.01317	0.71091	0.15864	0.00933	0.01173	0.01096	0.00849	0.01109	0.00745	0.01095	0.00571	0.00408	0.00415	0.00136	0.00544	0.00369	0.00188	0.00493
30	0.00627	0.00481	0.00657	0.00665	0.00722	0.00492	0.03574	0.04098	0.00843	0.01137	0.05767	0.50147	0.03196	0.13422	0.00813	0.00200	0.06180	0.06265	0.00350	0.00363
31	0.01033	0.00892	0.00939	0.00845	0.01080	0.01033	0.00657	0.02207	0.82061	0.01738	0.01691	0.01550	0.01268	0.00564	0.00423	0.00141	0.00329	0.00470	0.00423	0.00657
32	0.00603	0.00406	0.00468	0.00468	0.00473	0.00411	0.00270	0.00613	0.00608	0.00816	0.01295	0.02644	0.01478	0.79783	0.07689	0.00421	0.00451	0.00593	0.00250	0.00260
33	0.01483	0.04934	0.01211	0.00995	0.01253	0.45428	0.00778	0.26457	0.10651	0.01594	0.00870	0.00914	0.00672	0.00463	0.00388	0.00116	0.00598	0.00322	0.00299	0.00573
34	0.00662	0.00432	0.00563	0.00578	0.00673	0.00399	0.00436	0.00808	0.01002	0.07314	0.31918	0.28548	0.10296	0.01018	0.00505	0.00151	0.00249	0.11981	0.02074	0.00393
35	0.01007	0.00983	0.00880	0.00821	0.00996	0.18837	0.00631	0.03770	0.33976	0.01434	0.08485	0.12462	0.04606	0.00714	0.00472	0.00140	0.02826	0.06075	0.00364	0.00521
36	0.00527	0.00393	0.00491	0.00534	0.00604	0.00357	0.00378	0.00639	0.00926	0.01226	0.22211	0.44844	0.21117	0.01131	0.00513	0.00154	0.00227	0.02972	0.00403	0.00355
37	0.00829	0.02492	0.03158	0.00742	0.04025	0.00717	0.00571	0.05262	0.27085	0.03645	0.19357	0.02507	0.23177	0.00749	0.00467	0.00137	0.01466	0.02705	0.00397	0.00510
38	0.00713	0.02163	0.00694	0.00656	0.01757	0.00596	0.00489	0.03668	0.18817	0.01435	0.25841	0.16908	0.09532	0.03268	0.09276	0.00204	0.00358	0.02788	0.00389	0.00447
39	0.03227	0.11881	0.03198	0.03161	0.29694	0.02707	0.04608	0.03825	0.03089	0.06491	0.08431	0.11743	0.01244	0.02757	0.00476	0.00135	0.02006	0.00497	0.00281	0.00549
40	0.01258	0.21483	0.07036	0.00968	0.05461	0.26440	0.00794	0.13952	0.02033	0.03836	0.06099	0.01046	0.02542	0.00455	0.00367	0.00109	0.00522	0.00331	0.00266	0.05004

[dist]
# distance from previous block
# <min> <max>
1	10

[block]
# block no. 11 follows, 64 sequences, length 43
# corresponding to MSA columns:
# 459-501
name=unknown_L
#
# <colnr> <probs for GDERKNQSTAVLIFYWHMCP>
#	G	D	E	R	K	N	Q	S	T	A	V	L	I	F	Y	W	H	M	C	P
0	0.02083	0.06857	0.34119	0.16921	0.06826	0.00978	0.07179	0.03062	0.07456	0.05501	0.04442	0.01113	0.00784	0.00433	0.00405	0.00131	0.00529	0.00369	0.00237	0.00577
1	0.01050	0.01062	0.08809	0.04619	0.31538	0.05710	0.00984	0.05960	0.16781	0.05030	0.05772	0.03913	0.01022	0.00500	0.00458	0.00131	0.04074	0.00426	0.00290	0.01870
2	0.00570	0.00427	0.00539	0.00570	0.00631	0.00428	0.00410	0.00679	0.02165	0.01047	0.04014	0.28406	0.17419	0.17394	0.14426	0.00290	0.02356	0.07557	0.00331	0.00342
3	0.00845	0.05602	0.79897	0.01164	0.01768	0.00993	0.01501	0.01312	0.00876	0.01301	0.00738	0.00868	0.00526	0.00393	0.00389	0.00130	0.00607	0.00303	0.00175	0.00611
4	0.00597	0.00401	0.00460	0.00467	0.00470	0.00401	0.00267	0.00605	0.00619	0.00827	0.01375	0.08620	0.01588	0.77467	0.03873	0.00392	0.00407	0.00642	0.00261	0.00261
5	0.15665	0.01076	0.01126	0.00876	0.01195	0.01188	0.00723	0.63414	0.01703	0.07570	0.00970	0.00971	0.00685	0.00481	0.00390	0.00126	0.00429	0.00353	0.00396	0.00665
6	0.00656	0.00470	0.00652	0.00740	0.00834	0.00466	0.00639	0.00840	0.00958	0.01250	0.05531	0.08121	0.03981	0.01140	0.00567	0.00187	0.00365	0.71837	0.00386	0.00380
7	0.00491	0.00419	0.00423	0.00426	0.00562	0.00350	0.00318	0.00596	0.00942	0.01120	0.04144	0.06680	0.80001	0.01060	0.00492	0.00141	0.00211	0.00887	0.00386	0.00350
8	0.01131	0.82017	0.02137	0.00721	0.01076	0.01628	0.00714	0.04694	0.00892	0.01048	0.00596	0.00681	0.00541	0.00362	0.00273	0.00090	0.00445	0.00229	0.00188	0.00541
9	0.00950	0.01288	0.16594	0.01610	0.02038	0.01049	0.62254	0.01307	0.00941	0.01307	0.00805	0.01064	0.00607	0.00381	0.00528	0.00141	0.05920	0.00450	0.00202	0.00563
10	0.01294	0.06099	0.05400	0.01508	0.27038	0.13711	0.08314	0.13609	0.03911	0.12822	0.00949	0.01854	0.00723	0.00433	0.00407	0.00123	0.00522	0.00372	0.00288	0.00624
11	0.00863	0.05302	0.35687	0.00967	0.03316	0.00881	0.00998	0.08221	0.00886	0.02723	0.00906	0.01265	0.00778	0.10622	0.18709	0.00279	0.06476	0.00380	0.00223	0.00516
12	0.00608	0.00439	0.00581	0.00576	0.00611	0.00486	0.00400	0.00682	0.00636	0.00888	0.01191	0.02141	0.01254	0.43291	0.41269	0.00523	0.03354	0.00520	0.00236	0.00315
13	0.07507	0.08102	0.06534	0.05360	0.04964	0.08456	0.25196	0.07281	0.04455	0.13068	0.00990	0.04524	0.00768	0.00450	0.00415	0.00129	0.00533	0.00415	0.00282	0.00572
14	0.04171	0.02283	0.06631	0.02500	0.20298	0.08499	0.00760	0.01109	0.03237	0.05325	0.15979	0.07726	0.14395	0.00683	0.00448	0.00133	0.01025	0.03982	0.00319	0.00497
15	0.00501	0.00421	0.00436	0.00441	0.00574	0.00356	0.00332	0.00611	0.00952	0.01146	0.07326	0.06663	0.74343	0.01055	0.00495	0.00142	0.00216	0.03251	0.00389	0.00353
16	0.01161	0.73557	0.05110	0.00752	0.01107	0.06719	0.00743	0.01307	0.00881	0.04579	0.00634	0.00712	0.00555	0.00368	0.00285	0.00093	0.00466	0.00237	0.00195	0.00540
17	0.08619	0.25637	0.29415	0.01026	0.03270	0.11857	0.06708	0.02671	0.03482	0.01261	0.00737	0.02233	0.00597	0.00405	0.00354	0.00117	0.00543	0.00306	0.00207	0.00555
18	0.00599	0.00424	0.00559	0.00559	0.00596	0.00460	0.00384	0.00672	0.00635	0.00884	0.01212	0.02181	0.01277	0.44714	0.42483	0.00534	0.00754	0.00525	0.00237	0.00311
19	0.00573	0.00430	0.00508	0.00496	0.00612	0.00384	0.00376	0.00721	0.01040	0.02648	0.38952	0.03552	0.37300	0.04412	0.00561	0.00150	0.00226	0.06272	0.00414	0.00373
20	0.00972	0.00963	0.05061	0.16667	0.54900	0.00948	0.01173	0.05764	0.00975	0.01357	0.00960	0.03760	0.03785	0.00441	0.00418	0.00128	0.00489	0.00412	0.00225	0.00603
21	0.01069	0.00874	0.01082	0.27276	0.03697	0.05544	0.00846	0.22386	0.07129	0.05018	0.02074	0.10108	0.01094	0.00620	0.00460	0.00141	0.02179	0.07548	0.00320	0.00536
22	0.00970	0.00995	0.01625	0.09784	0.33801	0.06111	0.19024	0.01205	0.00917	0.01239	0.00968	0.01327	0.04282	0.00487	0.00563	0.00139	0.11591	0.04200	0.00218	0.00553
23	0.19407	0.09662	0.09450	0.05179	0.07333	0.10228	0.18634	0.03798	0.00930	0.04947	0.00768	0.00940	0.00599	0.00531	0.04559	0.00153	0.01776	0.00340	0.00232	0.00533
