[name]
unknown

[dist]
# distance from previous block
# <min> <max>
5	843

[block]
# block no. 0 follows, 73 sequences, length 12
# corresponding to MSA columns:
# 847-858
name=unknown_A
#
# <colnr> <probs for GDERKNQSTAVLIFYWHMCP>
#	G	D	E	R	K	N	Q	S	T	A	V	L	I	F	Y	W	H	M	C	P
0	0.78518	0.00752	0.00607	0.00534	0.00769	0.00868	0.00438	0.06633	0.05479	0.01722	0.00605	0.00674	0.00464	0.00364	0.00250	0.00116	0.00299	0.00225	0.00250	0.00433
1	0.00908	0.44090	0.01402	0.00676	0.00914	0.09509	0.05284	0.01055	0.00902	0.03405	0.26727	0.01339	0.01454	0.00471	0.00329	0.00097	0.00370	0.00373	0.00253	0.00443
2	0.01401	0.01788	0.01063	0.00967	0.01160	0.85309	0.00725	0.01498	0.01063	0.00918	0.00580	0.00677	0.00483	0.00387	0.00338	0.00097	0.00677	0.00242	0.00193	0.00435
3	0.00536	0.00400	0.00592	0.00592	0.00656	0.00463	0.00456	0.00663	0.00600	0.00863	0.01015	0.01528	0.00961	0.07445	0.80729	0.00590	0.00970	0.00410	0.00202	0.00329
4	0.01342	0.00744	0.00855	0.00675	0.00921	0.00762	0.00551	0.35973	0.01297	0.30234	0.01175	0.01147	0.00814	0.00452	0.00349	0.00108	0.00325	0.00354	0.21351	0.00570
5	0.00536	0.00402	0.00603	0.00603	0.00670	0.00469	0.00469	0.00670	0.00603	0.00871	0.01005	0.01474	0.00938	0.02814	0.85328	0.00603	0.01005	0.00402	0.00201	0.00335
6	0.00468	0.00343	0.00439	0.00495	0.00542	0.00315	0.00341	0.00556	0.00794	0.01057	0.16047	0.61228	0.13845	0.01076	0.00468	0.00143	0.00207	0.00964	0.00359	0.00315
7	0.00466	0.00342	0.00437	0.00495	0.00541	0.00313	0.00340	0.00551	0.00786	0.01042	0.13828	0.63241	0.14067	0.01087	0.00469	0.00144	0.00208	0.00974	0.00357	0.00313
8	0.01059	0.00785	0.00861	0.00718	0.00940	0.00851	0.00575	0.36030	0.22425	0.05740	0.13044	0.03513	0.08964	0.00584	0.00398	0.00121	0.00320	0.02144	0.00383	0.00544
9	0.03562	0.53713	0.01586	0.00779	0.05705	0.03160	0.00660	0.06626	0.18661	0.01169	0.00774	0.00813	0.00638	0.00373	0.00289	0.00096	0.00385	0.00266	0.00226	0.00519
10	0.00937	0.24043	0.13706	0.00923	0.01235	0.02312	0.16230	0.07091	0.16226	0.03328	0.00927	0.05790	0.00769	0.00499	0.02808	0.00127	0.01922	0.00370	0.00242	0.00516
11	0.01097	0.24346	0.03681	0.02204	0.05932	0.05708	0.02847	0.10875	0.07548	0.12762	0.00835	0.00876	0.00639	0.00368	0.00318	0.00093	0.00388	0.00284	0.00262	0.18937

[dist]
# distance from previous block
# <min> <max>
2	6

[block]
# block no. 1 follows, 73 sequences, length 19
# corresponding to MSA columns:
# 865-883
name=unknown_B
#
# <colnr> <probs for GDERKNQSTAVLIFYWHMCP>
#	G	D	E	R	K	N	Q	S	T	A	V	L	I	F	Y	W	H	M	C	P
0	0.00996	0.13456	0.10005	0.01284	0.23773	0.10361	0.04209	0.03790	0.06696	0.04805	0.00745	0.02078	0.00617	0.00428	0.00500	0.00118	0.15087	0.00321	0.00211	0.00521
1	0.04220	0.00955	0.01021	0.00797	0.01083	0.05943	0.00653	0.49419	0.03711	0.26740	0.01059	0.01004	0.00722	0.00449	0.00369	0.00113	0.00394	0.00342	0.00387	0.00618
2	0.00649	0.00355	0.00508	0.00506	0.00524	0.00361	0.00345	0.00583	0.04781	0.00762	0.05139	0.05024	0.00915	0.01263	0.03194	0.73981	0.00327	0.00384	0.00196	0.00205
3	0.00459	0.00348	0.00424	0.00474	0.00534	0.00313	0.00329	0.00543	0.00790	0.01021	0.09497	0.53783	0.27988	0.01071	0.00465	0.00142	0.00206	0.00949	0.00354	0.00313
4	0.00448	0.00380	0.00386	0.00385	0.00509	0.00319	0.00289	0.00547	0.00866	0.01039	0.07905	0.03569	0.80202	0.00941	0.00443	0.00126	0.00189	0.00786	0.00352	0.00319
5	0.01003	0.87041	0.01966	0.00642	0.00963	0.01485	0.00642	0.01123	0.00762	0.00883	0.00522	0.00602	0.00481	0.00321	0.00241	0.00080	0.00401	0.00201	0.00160	0.00481
6	0.00915	0.00720	0.00832	0.00605	0.00932	0.00597	0.00488	0.12692	0.00933	0.05504	0.00740	0.00820	0.00586	0.00312	0.00297	0.00067	0.00299	0.00246	0.00256	0.72160
7	0.01683	0.00638	0.00871	0.00668	0.00958	0.00551	0.00551	0.01828	0.01074	0.84734	0.01480	0.01277	0.00929	0.00464	0.00377	0.00116	0.00319	0.00377	0.00464	0.00638
8	0.00739	0.01466	0.53566	0.00970	0.01371	0.03109	0.09011	0.01079	0.02448	0.01122	0.04091	0.01172	0.00768	0.12940	0.04408	0.00176	0.00538	0.00355	0.00189	0.00482
9	0.00852	0.00658	0.00778	0.00579	0.00883	0.00532	0.00463	0.03003	0.04690	0.07799	0.04612	0.00965	0.00764	0.00416	0.03203	0.00087	0.00305	0.00274	0.00260	0.68876
10	0.00889	0.18135	0.11932	0.01034	0.15244	0.09262	0.03188	0.02427	0.03414	0.04058	0.03095	0.16954	0.01033	0.00547	0.00400	0.00116	0.03764	0.02360	0.00237	0.01912
11	0.00825	0.27753	0.56915	0.00920	0.01386	0.01040	0.01125	0.01146	0.00773	0.01078	0.00626	0.00746	0.00483	0.00377	0.00358	0.03015	0.00500	0.00256	0.00159	0.00519
12	0.00519	0.00382	0.00470	0.00448	0.00545	0.00346	0.00336	0.00678	0.01008	0.01397	0.64256	0.02923	0.20535	0.00794	0.00436	0.00119	0.00180	0.00691	0.03592	0.00346
13	0.00643	0.00582	0.03480	0.02045	0.06837	0.02568	0.04877	0.03508	0.04754	0.01111	0.06604	0.32139	0.09932	0.05999	0.03795	0.01222	0.00336	0.03662	0.00299	0.05606
14	0.00986	0.05944	0.13946	0.05647	0.06838	0.03319	0.03020	0.14140	0.00973	0.07654	0.00760	0.00853	0.00578	0.00347	0.00329	0.00091	0.00397	0.00280	0.00244	0.33655
15	0.00819	0.07611	0.11709	0.05165	0.03765	0.03912	0.06895	0.04549	0.01884	0.06748	0.08503	0.01282	0.00979	0.04201	0.23934	0.00256	0.02678	0.00378	0.00237	0.04495
16	0.00512	0.00373	0.00467	0.00517	0.00563	0.00358	0.00353	0.03160	0.03074	0.01044	0.08073	0.62999	0.07868	0.08055	0.00584	0.00163	0.00233	0.00937	0.00345	0.00321
17	0.02414	0.11140	0.07823	0.01120	0.17157	0.07339	0.07251	0.13494	0.08222	0.07843	0.02323	0.04796	0.00807	0.03207	0.03311	0.00137	0.00453	0.00372	0.00262	0.00529
18	0.01077	0.10115	0.08728	0.02129	0.15225	0.07082	0.07936	0.16216	0.07928	0.09055	0.02888	0.02250	0.02120	0.00419	0.00372	0.00110	0.01393	0.00351	0.00269	0.04336

[dist]
# distance from previous block
# <min> <max>
0	25

[block]
# block no. 2 follows, 73 sequences, length 25
# corresponding to MSA columns:
# 909-933
name=unknown_C
#
# <colnr> <probs for GDERKNQSTAVLIFYWHMCP>
#	G	D	E	R	K	N	Q	S	T	A	V	L	I	F	Y	W	H	M	C	P
0	0.05289	0.09363	0.01165	0.07843	0.21085	0.05292	0.04662	0.09979	0.01934	0.06222	0.02302	0.08521	0.02106	0.03452	0.00454	0.00129	0.02920	0.06542	0.00256	0.00486
1	0.02116	0.01716	0.02521	0.04475	0.15289	0.04841	0.07821	0.04590	0.04434	0.01159	0.10434	0.05898	0.11408	0.13340	0.04050	0.00177	0.02531	0.02515	0.00265	0.00419
2	0.01123	0.03839	0.20480	0.01109	0.13109	0.09056	0.00919	0.33258	0.06651	0.01637	0.00812	0.00887	0.00608	0.00412	0.00388	0.00114	0.03121	0.00316	0.01588	0.00574
3	0.00465	0.00359	0.00424	0.00453	0.00531	0.00319	0.00323	0.00563	0.00838	0.01080	0.17619	0.36352	0.37319	0.01006	0.00457	0.00135	0.00199	0.00880	0.00360	0.00319
4	0.00861	0.04632	0.12428	0.07946	0.27072	0.00838	0.06091	0.02388	0.14438	0.04228	0.10052	0.01290	0.03861	0.00447	0.00394	0.00118	0.01736	0.00397	0.00254	0.00528
5	0.03254	0.00679	0.00844	0.00666	0.00930	0.03252	0.00542	0.05369	0.04923	0.65670	0.05270	0.01331	0.01033	0.02213	0.00405	0.00120	0.00324	0.00387	0.02188	0.00598
6	0.03510	0.00390	0.00401	0.00399	0.00522	0.00338	0.00299	0.00576	0.00866	0.01089	0.12625	0.06335	0.69531	0.00917	0.00437	0.00126	0.00193	0.00769	0.00352	0.00324
7	0.00602	0.00409	0.00527	0.00487	0.00592	0.00379	0.00369	0.00798	0.03323	0.06025	0.74734	0.02709	0.06106	0.00750	0.00437	0.00118	0.00188	0.00659	0.00413	0.00375
8	0.01401	0.01788	0.01063	0.00967	0.01160	0.85309	0.00725	0.01498	0.01063	0.00918	0.00580	0.00677	0.00483	0.00387	0.00338	0.00097	0.00677	0.00242	0.00193	0.00435
9	0.00933	0.00806	0.00848	0.00764	0.00976	0.00933	0.00594	0.01994	0.83797	0.01569	0.01527	0.01400	0.01145	0.00509	0.00382	0.00127	0.00297	0.00424	0.00382	0.00594
10	0.00821	0.00821	0.01149	0.00985	0.00985	0.01149	0.00821	0.00903	0.00575	0.00903	0.00492	0.00821	0.00492	0.00657	0.01231	0.00164	0.86128	0.00328	0.00164	0.00410
11	0.00821	0.00821	0.01149	0.00985	0.00985	0.01149	0.00821	0.00903	0.00575	0.00903	0.00492	0.00821	0.00492	0.00657	0.01231	0.00164	0.86128	0.00328	0.00164	0.00410
12	0.00821	0.00821	0.01149	0.00985	0.00985	0.01149	0.00821	0.00903	0.00575	0.00903	0.00492	0.00821	0.00492	0.00657	0.01231	0.00164	0.86128	0.00328	0.00164	0.00410
13	0.02355	0.00441	0.00615	0.00606	0.00668	0.01989	0.00466	0.00683	0.00600	0.00867	0.00945	0.01422	0.00893	0.05198	0.69442	0.07831	0.04069	0.00391	0.00198	0.00323
14	0.01003	0.87041	0.01966	0.00642	0.00963	0.01485	0.00642	0.01123	0.00762	0.00883	0.00522	0.00602	0.00481	0.00321	0.00241	0.00080	0.00401	0.00201	0.00160	0.00481
15	0.00821	0.00821	0.01149	0.00985	0.00985	0.01149	0.00821	0.00903	0.00575	0.00903	0.00492	0.00821	0.00492	0.00657	0.01231	0.00164	0.86128	0.00328	0.00164	0.00410
16	0.01529	0.00886	0.01024	0.00785	0.01081	0.00919	0.00649	0.50709	0.01488	0.35269	0.01132	0.01051	0.00754	0.00456	0.00376	0.00114	0.00375	0.00354	0.00411	0.00638
17	0.68062	0.16440	0.02443	0.00549	0.00804	0.02826	0.00481	0.02718	0.00695	0.01525	0.00534	0.00619	0.00427	0.00346	0.00241	0.00109	0.00326	0.00208	0.00220	0.00428
18	0.89465	0.00726	0.00551	0.00493	0.00726	0.00842	0.00406	0.01103	0.00638	0.01683	0.00522	0.00609	0.00406	0.00348	0.00232	0.00116	0.00290	0.00203	0.00232	0.00406
19	0.01401	0.01788	0.01063	0.00967	0.01160	0.85309	0.00725	0.01498	0.01063	0.00918	0.00580	0.00677	0.00483	0.00387	0.00338	0.00097	0.00677	0.00242	0.00193	0.00435
20	0.11522	0.00758	0.07362	0.04777	0.10914	0.01724	0.03452	0.08955	0.04148	0.04778	0.10487	0.15263	0.06534	0.00593	0.00383	0.00120	0.00338	0.01642	0.00292	0.05958
21	0.06370	0.08980	0.11647	0.00800	0.04826	0.04092	0.00683	0.06453	0.09549	0.20538	0.02306	0.01207	0.00837	0.07641	0.05517	0.00164	0.04364	0.01553	0.00290	0.02184
22	0.00549	0.00397	0.00491	0.00521	0.00575	0.00394	0.00377	0.00677	0.04523	0.00987	0.07966	0.18686	0.09040	0.29857	0.04939	0.00243	0.00330	0.18836	0.00307	0.00307
23	0.00763	0.00631	0.03120	0.01969	0.08048	0.00678	0.00616	0.04767	0.02973	0.07498	0.10899	0.24858	0.05084	0.00840	0.03904	0.00158	0.21881	0.00601	0.00293	0.00421
24	0.01156	0.02233	0.04389	0.05926	0.25596	0.07346	0.03141	0.12551	0.04746	0.19859	0.01013	0.02819	0.02557	0.00439	0.00415	0.00117	0.04483	0.00365	0.00286	0.00562

[dist]
# distance from previous block
# <min> <max>
3	11

[block]
# block no. 3 follows, 73 sequences, length 9
# corresponding to MSA columns:
# 945-953
name=unknown_D
#
# <colnr> <probs for GDERKNQSTAVLIFYWHMCP>
#	G	D	E	R	K	N	Q	S	T	A	V	L	I	F	Y	W	H	M	C	P
0	0.00612	0.00475	0.00565	0.00516	0.00659	0.00423	0.00385	0.06631	0.00922	0.01271	0.24006	0.25741	0.16273	0.00787	0.00413	0.00116	0.00229	0.00686	0.00341	0.18950
1	0.00924	0.02253	0.09856	0.09158	0.13633	0.00751	0.10511	0.05400	0.00878	0.09562	0.00850	0.00978	0.02734	0.00365	0.00375	0.00100	0.02894	0.00320	0.00234	0.28227
2	0.00520	0.00392	0.00467	0.00453	0.00542	0.00363	0.00329	0.00679	0.03816	0.01255	0.45854	0.07305	0.24483	0.11155	0.00619	0.00152	0.00209	0.00704	0.00369	0.00335
3	0.00454	0.00378	0.00397	0.00398	0.00515	0.00320	0.00296	0.00557	0.00871	0.01066	0.12801	0.07842	0.70932	0.00941	0.00445	0.00127	0.00190	0.00793	0.00356	0.00320
4	0.16766	0.00621	0.00726	0.00588	0.00827	0.00594	0.00479	0.06803	0.01000	0.46037	0.06026	0.01445	0.08698	0.00503	0.00353	0.00115	0.00289	0.00397	0.07203	0.00530
5	0.82906	0.00750	0.00594	0.00521	0.00758	0.00866	0.00429	0.07221	0.00722	0.01734	0.00551	0.00631	0.00424	0.00356	0.00243	0.00116	0.00299	0.00213	0.00243	0.00424
6	0.01253	0.00976	0.01183	0.03856	0.19454	0.01063	0.00802	0.57617	0.04127	0.01997	0.00879	0.00971	0.00661	0.02927	0.00419	0.00120	0.00418	0.00346	0.00323	0.00608
7	0.05009	0.22730	0.05116	0.05541	0.12904	0.08593	0.06741	0.01228	0.11038	0.01100	0.00703	0.00852	0.00585	0.00418	0.00490	0.00116	0.15844	0.00302	0.00201	0.00492
8	0.01055	0.00966	0.09973	0.07030	0.06893	0.05285	0.00747	0.28979	0.10997	0.06466	0.07524	0.06979	0.02503	0.00513	0.00383	0.00118	0.00391	0.00422	0.02236	0.00538

[dist]
# distance from previous block
# <min> <max>
2	12

[block]
# block no. 4 follows, 73 sequences, length 13
# corresponding to MSA columns:
# 966-978
name=unknown_E
#
# <colnr> <probs for GDERKNQSTAVLIFYWHMCP>
#	G	D	E	R	K	N	Q	S	T	A	V	L	I	F	Y	W	H	M	C	P
0	0.00896	0.00607	0.00766	0.00768	0.09793	0.02694	0.00530	0.09855	0.05760	0.14408	0.44882	0.01996	0.02237	0.00608	0.00407	0.00116	0.00272	0.00526	0.02408	0.00470
1	0.00987	0.03030	0.03080	0.00754	0.00960	0.12641	0.00600	0.14491	0.38878	0.01492	0.06773	0.07082	0.04597	0.02420	0.00417	0.00125	0.00362	0.00453	0.00338	0.00521
2	0.00723	0.14175	0.23126	0.02283	0.05528	0.00791	0.06076	0.00991	0.04218	0.01118	0.11541	0.05380	0.04907	0.00899	0.14975	0.00199	0.01968	0.00420	0.00229	0.00453
3	0.00642	0.00537	0.00643	0.00594	0.00735	0.00548	0.03826	0.01072	0.27458	0.01316	0.22949	0.13106	0.23555	0.00765	0.00428	0.00128	0.00243	0.00666	0.00369	0.00421
4	0.00845	0.00671	0.00787	0.00572	0.00897	0.00523	0.00458	0.01050	0.04442	0.06820	0.00759	0.00839	0.00607	0.00300	0.00289	0.00063	0.00281	0.00242	0.00245	0.79309
5	0.01053	0.07462	0.16588	0.05489	0.23119	0.06371	0.07438	0.14214	0.04169	0.08173	0.00823	0.02000	0.00630	0.00388	0.00366	0.00113	0.00470	0.00333	0.00241	0.00560
6	0.00969	0.28187	0.01449	0.00900	0.01052	0.11224	0.04803	0.03608	0.00744	0.00958	0.00538	0.00746	0.00496	0.00495	0.00747	0.00126	0.42051	0.00284	0.00174	0.00448
7	0.28266	0.00795	0.05975	0.04591	0.04086	0.09239	0.04770	0.03274	0.00785	0.01281	0.01092	0.25544	0.01116	0.00615	0.00357	0.00125	0.00357	0.02700	0.04624	0.00404
8	0.00848	0.08160	0.31909	0.04982	0.05549	0.00974	0.30180	0.02766	0.02741	0.01172	0.00704	0.00889	0.00536	0.00366	0.00442	0.00122	0.06620	0.00343	0.00181	0.00520
9	0.00814	0.00868	0.11454	0.03363	0.16179	0.00769	0.04895	0.08548	0.18089	0.01398	0.15419	0.01657	0.11502	0.00542	0.00420	0.00121	0.02694	0.00466	0.00297	0.00504
10	0.00517	0.00388	0.00488	0.00501	0.00564	0.00397	0.00359	0.00626	0.02870	0.00907	0.01881	0.15062	0.20351	0.21493	0.29684	0.00349	0.00518	0.02466	0.00271	0.00308
11	0.01046	0.17462	0.06012	0.01268	0.22652	0.05174	0.10904	0.07304	0.13226	0.07925	0.00862	0.00949	0.00667	0.00386	0.00376	0.00111	0.02546	0.00331	0.00245	0.00554
12	0.00455	0.00334	0.00427	0.00502	0.00539	0.00306	0.00339	0.00525	0.00738	0.00966	0.02317	0.74619	0.14271	0.01143	0.00474	0.00149	0.00214	0.01027	0.00348	0.00306

[dist]
# distance from previous block
# <min> <max>
2	4

[block]
# block no. 5 follows, 73 sequences, length 23
# corresponding to MSA columns:
# 983-1005
name=unknown_F
#
# <colnr> <probs for GDERKNQSTAVLIFYWHMCP>
#	G	D	E	R	K	N	Q	S	T	A	V	L	I	F	Y	W	H	M	C	P
0	0.00457	0.00351	0.00419	0.00464	0.00531	0.00313	0.00324	0.00541	0.00794	0.01016	0.08325	0.49101	0.33895	0.01061	0.00463	0.00140	0.00204	0.00935	0.00353	0.00313
1	0.00972	0.09244	0.23728	0.02835	0.17808	0.04679	0.03169	0.15441	0.12530	0.01399	0.00874	0.04129	0.00699	0.00418	0.00362	0.00114	0.00452	0.00346	0.00242	0.00557
2	0.00476	0.00381	0.00425	0.00414	0.00527	0.00331	0.00311	0.00602	0.00932	0.01197	0.33819	0.03309	0.54189	0.00882	0.00443	0.00123	0.00185	0.00750	0.00372	0.00331
3	0.00835	0.00795	0.05632	0.07883	0.15637	0.00807	0.00729	0.04457	0.39373	0.01367	0.03295	0.14018	0.02406	0.00569	0.00395	0.00127	0.00342	0.00497	0.00313	0.00526
4	0.01238	0.00531	0.00662	0.00541	0.00745	0.00484	0.00432	0.03567	0.00955	0.45759	0.01335	0.01348	0.00941	0.04119	0.00397	0.00114	0.00269	0.00369	0.33243	0.02950
5	0.00451	0.00361	0.00403	0.00434	0.00522	0.00313	0.00310	0.00537	0.00811	0.01005	0.05130	0.33664	0.52689	0.01027	0.00456	0.00136	0.00200	0.00889	0.00350	0.00313
6	0.00764	0.00743	0.01137	0.43764	0.01790	0.00990	0.00932	0.00931	0.00663	0.00931	0.00580	0.00911	0.00496	0.00515	0.00800	0.00144	0.42996	0.00331	0.00165	0.00414
7	0.00933	0.00806	0.00848	0.00764	0.00976	0.00933	0.00594	0.01994	0.83797	0.01569	0.01527	0.01400	0.01145	0.00509	0.00382	0.00127	0.00297	0.00424	0.00382	0.00594
8	0.00778	0.00667	0.00778	0.00556	0.00889	0.00500	0.00445	0.00945	0.00778	0.01223	0.00667	0.00778	0.00556	0.00278	0.00278	0.00056	0.00278	0.00222	0.00222	0.89108
9	0.00699	0.00350	0.00350	0.00350	0.00437	0.00350	0.00262	0.00874	0.00787	0.01399	0.01224	0.01399	0.00962	0.00437	0.00262	0.00087	0.00175	0.00350	0.88898	0.00350
10	0.00821	0.00821	0.01149	0.00985	0.00985	0.01149	0.00821	0.00903	0.00575	0.00903	0.00492	0.00821	0.00492	0.00657	0.01231	0.00164	0.86128	0.00328	0.00164	0.00410
11	0.00933	0.00806	0.00848	0.00764	0.00976	0.00933	0.00594	0.01994	0.83797	0.01569	0.01527	0.01400	0.01145	0.00509	0.00382	0.00127	0.00297	0.00424	0.00382	0.00594
12	0.00873	0.00977	0.02092	0.03463	0.07068	0.00924	0.73540	0.01177	0.00886	0.01208	0.03424	0.01064	0.00664	0.00333	0.00437	0.00125	0.00603	0.00441	0.00196	0.00505
13	0.01003	0.87041	0.01966	0.00642	0.00963	0.01485	0.00642	0.01123	0.00762	0.00883	0.00522	0.00602	0.00481	0.00321	0.00241	0.00080	0.00401	0.00201	0.00160	0.00481
14	0.01426	0.01051	0.01126	0.00863	0.01163	0.01163	0.00713	0.83224	0.01764	0.02364	0.00901	0.00901	0.00638	0.00450	0.00375	0.00113	0.00413	0.00338	0.00375	0.00638
15	0.00490	0.00394	0.00439	0.00427	0.00541	0.00349	0.00320	0.00644	0.03560	0.01202	0.31929	0.04948	0.51667	0.00876	0.00442	0.00124	0.00189	0.00746	0.00372	0.00338
16	0.00727	0.00376	0.00379	0.00369	0.00465	0.00380	0.00279	0.03985	0.00824	0.01435	0.01212	0.01380	0.00949	0.00438	0.00267	0.00088	0.00184	0.00349	0.85554	0.00361
17	0.00540	0.00399	0.00594	0.00594	0.00658	0.00462	0.00458	0.00661	0.00598	0.00860	0.00998	0.01488	0.00940	0.04892	0.80577	0.03383	0.00967	0.00403	0.00200	0.00327
18	0.00565	0.00434	0.00604	0.00591	0.00630	0.00508	0.00439	0.00655	0.00591	0.00842	0.01054	0.06425	0.01085	0.24172	0.49745	0.00467	0.10198	0.00468	0.00212	0.00314
19	0.00711	0.00420	0.00544	0.00499	0.00614	0.00385	0.00380	0.00867	0.01001	0.14028	0.55626	0.04213	0.06263	0.05544	0.00512	0.00134	0.00217	0.03908	0.03746	0.00387
20	0.00894	0.01098	0.21792	0.10912	0.21747	0.03111	0.03514	0.09553	0.05086	0.03323	0.05804	0.01096	0.01851	0.01759	0.00466	0.01846	0.05043	0.00356	0.00228	0.00521
21	0.01020	0.83417	0.01928	0.00656	0.00971	0.05048	0.00645	0.01139	0.00775	0.00884	0.00524	0.00605	0.00482	0.00324	0.00245	0.00081	0.00413	0.00202	0.00162	0.00479
22	0.03479	0.00836	0.01011	0.01039	0.17906	0.04951	0.01804	0.20129	0.10202	0.07557	0.01028	0.09860	0.00878	0.01664	0.00385	0.00111	0.00368	0.00401	0.00297	0.16094

[dist]
# distance from previous block
# <min> <max>
0	4

[block]
# block no. 6 follows, 73 sequences, length 34
# corresponding to MSA columns:
# 1011-1044
name=unknown_G
#
# <colnr> <probs for GDERKNQSTAVLIFYWHMCP>
#	G	D	E	R	K	N	Q	S	T	A	V	L	I	F	Y	W	H	M	C	P
0	0.34381	0.13085	0.01081	0.04168	0.07572	0.17467	0.04205	0.04914	0.00843	0.05734	0.00631	0.00734	0.00498	0.00370	0.00323	0.00109	0.02943	0.00255	0.00223	0.00465
1	0.00812	0.10841	0.56711	0.01179	0.05762	0.00952	0.16224	0.01182	0.00809	0.01160	0.00674	0.00819	0.00499	0.00344	0.00361	0.00116	0.00547	0.00302	0.00166	0.00540
2	0.00854	0.00864	0.02479	0.20489	0.36095	0.03485	0.16718	0.01110	0.02864	0.01132	0.00742	0.00998	0.00600	0.00502	0.05369	0.00147	0.03144	0.00357	0.01542	0.00508
3	0.08467	0.00553	0.00683	0.00556	0.00774	0.00510	0.00449	0.01445	0.00953	0.50829	0.05155	0.01346	0.01023	0.01983	0.00365	0.00113	0.00273	0.00373	0.23624	0.00524
4	0.00528	0.00381	0.00468	0.00459	0.00554	0.00342	0.00339	0.00665	0.00955	0.03602	0.47488	0.15069	0.26030	0.00869	0.00446	0.00125	0.00190	0.00758	0.00387	0.00344
5	0.00543	0.00364	0.00408	0.00408	0.00412	0.00363	0.00229	0.00545	0.00553	0.00735	0.01247	0.02484	0.03417	0.84689	0.01873	0.00358	0.00359	0.00552	0.00230	0.00230
6	0.00974	0.00826	0.00871	0.00772	0.00991	0.00952	0.00604	0.08686	0.77038	0.01635	0.01475	0.01359	0.01103	0.00504	0.00381	0.00126	0.00306	0.00417	0.00381	0.00597
7	0.89465	0.00726	0.00551	0.00493	0.00726	0.00842	0.00406	0.01103	0.00638	0.01683	0.00522	0.00609	0.00406	0.00348	0.00232	0.00116	0.00290	0.00203	0.00232	0.00406
8	0.01003	0.87041	0.01966	0.00642	0.00963	0.01485	0.00642	0.01123	0.00762	0.00883	0.00522	0.00602	0.00481	0.00321	0.00241	0.00080	0.00401	0.00201	0.00160	0.00481
9	0.00948	0.00813	0.00857	0.00766	0.00981	0.00940	0.00597	0.04407	0.81359	0.01593	0.01508	0.01385	0.01130	0.00507	0.00382	0.00127	0.00300	0.00422	0.00382	0.00595
10	0.00457	0.00326	0.00435	0.00522	0.00544	0.00305	0.00348	0.00522	0.00718	0.00958	0.02068	0.86570	0.02481	0.01175	0.00479	0.00152	0.00218	0.01067	0.00348	0.00305
11	0.00546	0.00364	0.00409	0.00409	0.00409	0.00364	0.00227	0.00546	0.00546	0.00727	0.01182	0.02455	0.01364	0.86815	0.01910	0.00364	0.00364	0.00546	0.00227	0.00227
12	0.00830	0.00755	0.00725	0.00661	0.00845	0.07597	0.00510	0.04005	0.47587	0.01373	0.04219	0.02023	0.26041	0.00636	0.00398	0.00124	0.00296	0.00523	0.00357	0.00493
13	0.12576	0.00797	0.00914	0.00711	0.00993	0.00813	0.00587	0.32274	0.01271	0.41359	0.01136	0.01055	0.00755	0.00444	0.00356	0.00114	0.00347	0.00340	0.02555	0.00602
14	0.89465	0.00726	0.00551	0.00493	0.00726	0.00842	0.00406	0.01103	0.00638	0.01683	0.00522	0.00609	0.00406	0.00348	0.00232	0.00116	0.00290	0.00203	0.00232	0.00406
15	0.00731	0.00380	0.00384	0.00372	0.00469	0.00385	0.00282	0.04472	0.00829	0.01441	0.01210	0.01377	0.00947	0.00438	0.00267	0.00089	0.00185	0.00349	0.85030	0.00362
16	0.89465	0.00726	0.00551	0.00493	0.00726	0.00842	0.00406	0.01103	0.00638	0.01683	0.00522	0.00609	0.00406	0.00348	0.00232	0.00116	0.00290	0.00203	0.00232	0.00406
17	0.00709	0.00667	0.01125	0.85913	0.02584	0.00834	0.01042	0.00959	0.00750	0.00959	0.00667	0.01000	0.00500	0.00375	0.00375	0.00125	0.00500	0.00333	0.00167	0.00417
18	0.00546	0.00364	0.00409	0.00409	0.00409	0.00364	0.00227	0.00546	0.00546	0.00727	0.01182	0.02455	0.01364	0.86815	0.01910	0.00364	0.00364	0.00546	0.00227	0.00227
19	0.00546	0.00364	0.00409	0.00409	0.00409	0.00364	0.00227	0.00546	0.00546	0.00727	0.01182	0.02455	0.01364	0.86815	0.01910	0.00364	0.00364	0.00546	0.00227	0.00227
20	0.00752	0.01941	0.84871	0.01069	0.01624	0.00871	0.01386	0.01188	0.00792	0.01188	0.00673	0.00792	0.00475	0.00356	0.00356	0.00119	0.00554	0.00277	0.00158	0.00554
21	0.89465	0.00726	0.00551	0.00493	0.00726	0.00842	0.00406	0.01103	0.00638	0.01683	0.00522	0.00609	0.00406	0.00348	0.00232	0.00116	0.00290	0.00203	0.00232	0.00406
22	0.01031	0.08935	0.02665	0.00787	0.01014	0.13620	0.00634	0.07846	0.53183	0.01445	0.02738	0.01190	0.00970	0.00483	0.00379	0.01458	0.00375	0.00370	0.00325	0.00551
23	0.57200	0.00696	0.00661	0.00548	0.00805	0.00731	0.00451	0.01297	0.00774	0.25371	0.00808	0.00814	0.00568	0.00376	0.00277	0.00111	0.00298	0.00254	0.00298	0.07662
24	0.00981	0.04905	0.36748	0.02431	0.14863	0.00842	0.07360	0.04708	0.02968	0.15360	0.04588	0.01018	0.00740	0.00393	0.00370	0.00116	0.00467	0.00338	0.00243	0.00562
25	0.00804	0.12232	0.61844	0.01097	0.01595	0.00959	0.14010	0.01182	0.00803	0.01153	0.00668	0.00803	0.00491	0.00346	0.00356	0.00115	0.00548	0.00294	0.00164	0.00538
26	0.00605	0.00432	0.00605	0.00691	0.00777	0.00432	0.00605	0.00777	0.00864	0.01123	0.01986	0.04232	0.02159	0.01036	0.00518	0.00173	0.00345	0.81949	0.00345	0.00345
27	0.01027	0.53455	0.01595	0.00802	0.05255	0.17340	0.00674	0.01167	0.02627	0.00937	0.02281	0.02680	0.00624	0.00467	0.03186	0.00110	0.04860	0.00263	0.00184	0.00466
28	0.00961	0.04597	0.04336	0.03232	0.17077	0.03070	0.04048	0.03396	0.07881	0.16721	0.14679	0.01576	0.05578	0.00639	0.04729	0.00144	0.03650	0.02876	0.00307	0.00503
29	0.01595	0.00744	0.00930	0.00714	0.01003	0.00713	0.00590	0.23787	0.01255	0.60911	0.01319	0.01178	0.00851	0.00460	0.00375	0.00115	0.00342	0.00366	0.02121	0.00633
30	0.00459	0.00329	0.00433	0.00516	0.00540	0.00306	0.00344	0.00523	0.00718	0.00954	0.02089	0.82503	0.04472	0.03228	0.00512	0.00157	0.00220	0.01047	0.00345	0.00303
31	0.04766	0.01686	0.05349	0.00950	0.01168	0.71613	0.02213	0.04084	0.01052	0.01026	0.02423	0.00740	0.00553	0.00393	0.00340	0.00100	0.00635	0.00258	0.00204	0.00446
32	0.02881	0.07945	0.03363	0.09280	0.32550	0.01984	0.08308	0.07734	0.02413	0.01243	0.05758	0.03714	0.00828	0.02938	0.00486	0.00125	0.07345	0.00378	0.00220	0.00508
33	0.00634	0.00548	0.00732	0.21924	0.06979	0.02796	0.00593	0.00849	0.06125	0.02185	0.16358	0.14853	0.21493	0.00738	0.01430	0.00132	0.00318	0.00619	0.00301	0.00391

[dist]
# distance from previous block
# <min> <max>
4	11

[block]
# block no. 7 follows, 73 sequences, length 24
# corresponding to MSA columns:
# 1056-1079
name=unknown_H
#
# <colnr> <probs for GDERKNQSTAVLIFYWHMCP>
#	G	D	E	R	K	N	Q	S	T	A	V	L	I	F	Y	W	H	M	C	P
0	0.02901	0.24389	0.04065	0.03719	0.23358	0.08018	0.02409	0.11997	0.02354	0.05930	0.00714	0.00826	0.00572	0.00372	0.00359	0.00103	0.03496	0.00288	0.00224	0.03907
1	0.01869	0.31367	0.10010	0.00910	0.10612	0.06428	0.00741	0.06130	0.08360	0.03715	0.00936	0.08897	0.01952	0.00472	0.00354	0.00108	0.02560	0.01849	0.02234	0.00497
2	0.00884	0.00736	0.00790	0.00712	0.00908	0.00832	0.00553	0.01781	0.68867	0.03490	0.11428	0.01648	0.04611	0.00555	0.00391	0.00126	0.00279	0.00467	0.00386	0.00556
3	0.00780	0.00722	0.01130	0.09587	0.46464	0.02618	0.00866	0.00976	0.00879	0.01218	0.18331	0.04653	0.06378	0.00550	0.02044	0.00126	0.01485	0.00460	0.00247	0.00489
4	0.00535	0.00395	0.00501	0.00472	0.00567	0.00367	0.00355	0.00729	0.03296	0.01466	0.75499	0.02830	0.10026	0.00775	0.00441	0.00119	0.00181	0.00681	0.00407	0.00358
5	0.00537	0.00397	0.00580	0.00580	0.00639	0.00457	0.00440	0.00655	0.00596	0.00854	0.01026	0.01590	0.00988	0.12762	0.75449	0.00575	0.00929	0.00419	0.00204	0.00322
6	0.00820	0.00692	0.00801	0.00576	0.00907	0.00544	0.00462	0.06339	0.00843	0.01297	0.00682	0.00786	0.00561	0.00289	0.00284	0.00059	0.00287	0.00230	0.00232	0.83309
7	0.89465	0.00726	0.00551	0.00493	0.00726	0.00842	0.00406	0.01103	0.00638	0.01683	0.00522	0.00609	0.00406	0.00348	0.00232	0.00116	0.00290	0.00203	0.00232	0.00406
8	0.00821	0.00821	0.01149	0.00985	0.00985	0.01149	0.00821	0.00903	0.00575	0.00903	0.00492	0.00821	0.00492	0.00657	0.01231	0.00164	0.86128	0.00328	0.00164	0.00410
9	0.00752	0.01941	0.84871	0.01069	0.01624	0.00871	0.01386	0.01188	0.00792	0.01188	0.00673	0.00792	0.00475	0.00356	0.00356	0.00119	0.00554	0.00277	0.00158	0.00554
10	0.00536	0.00402	0.00603	0.00603	0.00670	0.00469	0.00469	0.00670	0.00603	0.00871	0.01005	0.01474	0.00938	0.02814	0.85328	0.00603	0.01005	0.00402	0.00201	0.00335
11	0.00952	0.00815	0.00859	0.00767	0.00983	0.00942	0.00598	0.05083	0.80677	0.01600	0.01503	0.01381	0.01126	0.00507	0.00382	0.00127	0.00301	0.00421	0.00382	0.00596
12	0.02401	0.00857	0.01382	0.05745	0.62799	0.02957	0.02877	0.01218	0.00876	0.11560	0.00833	0.03361	0.00678	0.00377	0.00374	0.00114	0.00434	0.00358	0.00225	0.00575
13	0.26126	0.04200	0.00983	0.00744	0.01021	0.01069	0.00617	0.55443	0.01390	0.02090	0.00803	0.02466	0.00603	0.00431	0.00332	0.00113	0.00374	0.00309	0.00326	0.00561
14	0.01401	0.01788	0.01063	0.00967	0.01160	0.85309	0.00725	0.01498	0.01063	0.00918	0.00580	0.00677	0.00483	0.00387	0.00338	0.00097	0.00677	0.00242	0.00193	0.00435
15	0.00624	0.00401	0.00516	0.00480	0.00585	0.00366	0.00362	0.00787	0.01025	0.08393	0.65416	0.06152	0.08965	0.00761	0.00433	0.00119	0.00191	0.00666	0.03387	0.00373
16	0.00920	0.02306	0.05763	0.09433	0.57131	0.05636	0.01060	0.03699	0.00869	0.01198	0.02286	0.02946	0.00668	0.00387	0.00407	0.00115	0.04083	0.00347	0.00196	0.00548
17	0.00546	0.00364	0.00409	0.00409	0.00409	0.00364	0.00227	0.00546	0.00546	0.00727	0.01182	0.02455	0.01364	0.86815	0.01910	0.00364	0.00364	0.00546	0.00227	0.00227
18	0.00947	0.00653	0.00737	0.00612	0.00807	0.00662	0.00488	0.31266	0.01273	0.09399	0.26364	0.02154	0.21744	0.00666	0.00412	0.00118	0.00280	0.00552	0.00388	0.00476
19	0.00821	0.00804	0.03776	0.42604	0.29171	0.00854	0.05602	0.05656	0.00849	0.01146	0.00762	0.04891	0.00633	0.00399	0.00382	0.00121	0.00473	0.00372	0.00194	0.00491
20	0.01072	0.02734	0.03568	0.02564	0.23506	0.03969	0.02654	0.19394	0.24572	0.05474	0.01045	0.01090	0.01973	0.00441	0.00412	0.00119	0.04175	0.00364	0.00296	0.00580
21	0.00824	0.00534	0.01880	0.02820	0.07179	0.02185	0.00491	0.00978	0.00945	0.18873	0.31455	0.03519	0.12594	0.05612	0.04228	0.00155	0.00305	0.02930	0.02068	0.00425
22	0.00488	0.00366	0.00454	0.00486	0.00559	0.00334	0.00356	0.00599	0.00853	0.01124	0.23513	0.34088	0.24164	0.02452	0.00488	0.00142	0.00215	0.08633	0.00363	0.00323
23	0.07621	0.04054	0.02116	0.01977	0.08957	0.05558	0.09049	0.04564	0.00751	0.01083	0.00827	0.01155	0.00732	0.03203	0.37738	0.04340	0.00695	0.00352	0.00205	0.05024

[dist]
# distance from previous block
# <min> <max>
2	7

[block]
# block no. 8 follows, 73 sequences, length 42
# corresponding to MSA columns:
# 1087-1128
name=unknown_I
#
# <colnr> <probs for GDERKNQSTAVLIFYWHMCP>
#	G	D	E	R	K	N	Q	S	T	A	V	L	I	F	Y	W	H	M	C	P
0	0.01446	0.02944	0.05622	0.02702	0.01039	0.00678	0.00626	0.11267	0.01082	0.56742	0.01283	0.04621	0.00882	0.00478	0.00398	0.00116	0.02972	0.00382	0.00398	0.04323
1	0.00487	0.00355	0.00429	0.00466	0.00512	0.00330	0.00314	0.00556	0.00743	0.00973	0.10326	0.39083	0.19027	0.21525	0.00811	0.00195	0.00246	0.03003	0.00326	0.00295
2	0.01046	0.37713	0.03680	0.05576	0.14764	0.12007	0.06496	0.06776	0.00906	0.03852	0.01790	0.02529	0.00614	0.00372	0.00320	0.00099	0.00460	0.00293	0.00203	0.00505
3	0.00929	0.04060	0.18411	0.07377	0.32872	0.06417	0.04596	0.02731	0.00862	0.06685	0.00861	0.01161	0.01878	0.03924	0.00448	0.00127	0.01674	0.04248	0.00212	0.00526
4	0.00462	0.00330	0.00437	0.00518	0.00542	0.00308	0.00346	0.00530	0.00729	0.00975	0.05398	0.81449	0.02502	0.02899	0.00506	0.00155	0.00219	0.01040	0.00348	0.00305
5	0.00901	0.13790	0.50275	0.00961	0.04945	0.00880	0.01071	0.02324	0.00857	0.11379	0.06036	0.01056	0.00779	0.00410	0.00353	0.00114	0.00467	0.02640	0.00221	0.00539
6	0.00946	0.10143	0.16636	0.05211	0.25312	0.04944	0.09231	0.09036	0.02097	0.03327	0.00865	0.03074	0.03615	0.00411	0.00397	0.00115	0.03538	0.00353	0.00215	0.00532
7	0.00555	0.00406	0.00539	0.00515	0.00557	0.00419	0.03678	0.00624	0.01816	0.00816	0.01262	0.05532	0.04506	0.53609	0.23202	0.00395	0.00526	0.00533	0.00231	0.00278
8	0.00975	0.00527	0.00610	0.00535	0.00703	0.00524	0.00422	0.04600	0.13826	0.21945	0.09897	0.01673	0.05556	0.00530	0.00347	0.00109	0.00244	0.02380	0.34128	0.00469
9	0.03325	0.06824	0.13102	0.02232	0.20867	0.24187	0.07815	0.09851	0.00985	0.02191	0.00747	0.04793	0.00628	0.00403	0.00360	0.00110	0.00519	0.00333	0.00214	0.00515
10	0.02119	0.04623	0.16008	0.02471	0.27351	0.06109	0.04411	0.13032	0.08831	0.07974	0.00925	0.01009	0.02649	0.00399	0.00367	0.00114	0.00449	0.00339	0.00252	0.00568
11	0.01181	0.01386	0.01100	0.01030	0.05716	0.49648	0.00767	0.02909	0.06476	0.01002	0.00632	0.00784	0.00539	0.00469	0.00595	0.00119	0.24709	0.00285	0.00201	0.00451
12	0.00813	0.06338	0.69819	0.01051	0.04305	0.00888	0.01260	0.02776	0.02188	0.03956	0.02769	0.00864	0.00584	0.00372	0.00354	0.00116	0.00519	0.00292	0.00184	0.00552
13	0.00557	0.00408	0.00516	0.00495	0.00561	0.00416	0.00364	0.00678	0.00834	0.01175	0.37927	0.02496	0.10206	0.18793	0.09709	0.00223	0.05721	0.02806	0.05791	0.00325
14	0.00966	0.00787	0.00843	0.00752	0.00962	0.00897	0.00586	0.06409	0.71462	0.04977	0.01519	0.05890	0.01179	0.00539	0.00386	0.00127	0.00300	0.00452	0.00383	0.00583
15	0.00990	0.00784	0.00841	0.00748	0.00965	0.00892	0.00585	0.01961	0.75623	0.08332	0.01518	0.01390	0.01124	0.00504	0.00379	0.00126	0.00297	0.00419	0.01929	0.00593
16	0.89465	0.00726	0.00551	0.00493	0.00726	0.00842	0.00406	0.01103	0.00638	0.01683	0.00522	0.00609	0.00406	0.00348	0.00232	0.00116	0.00290	0.00203	0.00232	0.00406
17	0.00798	0.00790	0.06441	0.04848	0.22339	0.02868	0.06915	0.01891	0.00840	0.04131	0.14044	0.07385	0.03264	0.03223	0.00583	0.00136	0.13944	0.03670	0.01433	0.00458
18	0.00594	0.00403	0.00458	0.00443	0.00463	0.00413	0.00265	0.05126	0.00616	0.00824	0.01159	0.02325	0.01305	0.78259	0.05575	0.00361	0.00395	0.00528	0.00234	0.00255
19	0.00996	0.00837	0.00884	0.00776	0.00999	0.00962	0.00609	0.12330	0.73358	0.01671	0.01447	0.01336	0.01081	0.00502	0.00381	0.00125	0.00312	0.00413	0.00381	0.00599
20	0.00459	0.00365	0.00413	0.00442	0.00532	0.00320	0.00322	0.00552	0.00823	0.01027	0.07516	0.29763	0.50839	0.01015	0.00458	0.00136	0.00204	0.04146	0.00352	0.00316
21	0.37414	0.02980	0.06844	0.05435	0.13458	0.02903	0.09185	0.03342	0.01802	0.08579	0.00728	0.02559	0.00568	0.00384	0.00339	0.00118	0.02339	0.00302	0.00236	0.00484
22	0.00996	0.81913	0.01981	0.00698	0.01022	0.01453	0.05557	0.01128	0.00770	0.00902	0.00536	0.00626	0.00487	0.00321	0.00253	0.00083	0.00415	0.00215	0.00162	0.00483
23	0.00752	0.01941	0.84871	0.01069	0.01624	0.00871	0.01386	0.01188	0.00792	0.01188	0.00673	0.00792	0.00475	0.00356	0.00356	0.00119	0.00554	0.00277	0.00158	0.00554
24	0.00618	0.00517	0.00779	0.01032	0.23371	0.00506	0.01760	0.00779	0.04225	0.01076	0.02739	0.50317	0.05218	0.00887	0.00445	0.00139	0.00293	0.04594	0.00304	0.00401
25	0.03255	0.06062	0.20740	0.02407	0.13187	0.11178	0.10445	0.03980	0.08390	0.07228	0.00936	0.08845	0.00787	0.00451	0.00373	0.00117	0.00470	0.00390	0.00239	0.00519
26	0.00569	0.00414	0.00527	0.00513	0.00533	0.00462	0.00348	0.00617	0.00568	0.00794	0.01073	0.02020	0.01162	0.54321	0.25244	0.00409	0.08023	0.00483	0.01644	0.00275
27	0.01401	0.01788	0.01063	0.00967	0.01160	0.85309	0.00725	0.01498	0.01063	0.00918	0.00580	0.00677	0.00483	0.00387	0.00338	0.00097	0.00677	0.00242	0.00193	0.00435
28	0.00778	0.00667	0.00778	0.00556	0.00889	0.00500	0.00445	0.00945	0.00778	0.01223	0.00667	0.00778	0.00556	0.00278	0.00278	0.00056	0.00278	0.00222	0.00222	0.89108
29	0.00546	0.00364	0.00409	0.00409	0.00409	0.00364	0.00227	0.00546	0.00546	0.00727	0.01182	0.02455	0.01364	0.86815	0.01910	0.00364	0.00364	0.00546	0.00227	0.00227
30	0.00608	0.00426	0.00588	0.00664	0.00748	0.00423	0.00569	0.00768	0.00850	0.02352	0.02888	0.07305	0.03797	0.04531	0.00569	0.00177	0.00336	0.71714	0.00343	0.00343
31	0.00705	0.00649	0.01081	0.67171	0.09644	0.00777	0.00977	0.00935	0.00765	0.00993	0.00850	0.06769	0.00749	0.00468	0.00391	0.00129	0.00467	0.05867	0.00192	0.00421
32	0.00475	0.00337	0.00436	0.00500	0.00539	0.00313	0.00341	0.00559	0.00768	0.01041	0.11319	0.68305	0.07832	0.01084	0.00463	0.00144	0.00210	0.00976	0.04045	0.00313
33	0.02247	0.35182	0.08132	0.04259	0.03014	0.20979	0.00743	0.08506	0.06469	0.02035	0.00694	0.01670	0.00581	0.01677	0.00354	0.00103	0.02384	0.00271	0.00210	0.00491
34	0.00990	0.80090	0.05292	0.00727	0.04399	0.01436	0.00693	0.01127	0.00767	0.00909	0.00535	0.00623	0.00486	0.00323	0.00251	0.00083	0.00409	0.00209	0.00161	0.00489
35	0.00827	0.06801	0.08463	0.01953	0.02639	0.00656	0.00582	0.04806	0.02868	0.01253	0.00690	0.00794	0.00562	0.00304	0.00293	0.00070	0.00325	0.00240	0.00222	0.65654
36	0.00952	0.01772	0.16293	0.00953	0.06248	0.03085	0.13457	0.05128	0.06871	0.16797	0.02284	0.07743	0.09570	0.03238	0.03763	0.00148	0.00437	0.00466	0.00290	0.00504
37	0.00523	0.00442	0.03925	0.00488	0.00596	0.00366	0.00387	0.00691	0.00997	0.01385	0.63909	0.09326	0.13948	0.00806	0.00442	0.00122	0.00197	0.00707	0.00389	0.00353
38	0.00718	0.00724	0.03123	0.35901	0.09748	0.00747	0.19197	0.00963	0.02070	0.01091	0.06258	0.09131	0.07694	0.00504	0.00409	0.00126	0.00452	0.00483	0.00223	0.00437
39	0.00948	0.08087	0.10405	0.09406	0.28290	0.03350	0.08227	0.06103	0.02908	0.07962	0.05198	0.02432	0.04190	0.00421	0.00374	0.00114	0.00439	0.00377	0.00239	0.00529
40	0.02136	0.04222	0.01026	0.04169	0.12612	0.00697	0.03446	0.09930	0.01054	0.43122	0.04999	0.04760	0.05126	0.00496	0.00382	0.00116	0.00350	0.00421	0.00368	0.00569
41	0.00663	0.00521	0.00599	0.00564	0.00685	0.00546	0.00421	0.01116	0.29101	0.01409	0.39055	0.08343	0.05997	0.06681	0.00522	0.00140	0.00234	0.00608	0.02372	0.00421

[dist]
# distance from previous block
# <min> <max>
2	7

[block]
# block no. 9 follows, 73 sequences, length 17
# corresponding to MSA columns:
# 1136-1152
name=unknown_J
#
# <colnr> <probs for GDERKNQSTAVLIFYWHMCP>
#	G	D	E	R	K	N	Q	S	T	A	V	L	I	F	Y	W	H	M	C	P
0	0.04630	0.01958	0.06658	0.00749	0.04030	0.02338	0.01541	0.13141	0.14387	0.05736	0.01985	0.13951	0.01094	0.03757	0.04061	0.13861	0.01470	0.02758	0.01456	0.00439
1	0.02360	0.27755	0.04504	0.00844	0.05558	0.06110	0.03424	0.15795	0.15526	0.04536	0.00932	0.00961	0.03045	0.00403	0.00327	0.00101	0.00398	0.00310	0.00264	0.06846
2	0.03700	0.09329	0.10325	0.29978	0.01592	0.00859	0.00819	0.09658	0.03064	0.07680	0.00755	0.00902	0.00567	0.00372	0.00353	0.00105	0.02033	0.00295	0.00228	0.17385
3	0.06079	0.08899	0.00923	0.00702	0.03480	0.03861	0.00551	0.15307	0.03933	0.23851	0.13443	0.01534	0.08232	0.03984	0.00461	0.00124	0.03355	0.00423	0.00348	0.00507
4	0.00926	0.14830	0.25045	0.01296	0.15566	0.00970	0.22351	0.02341	0.02530	0.06548	0.02450	0.00929	0.00628	0.00360	0.00379	0.00114	0.01659	0.00337	0.00204	0.00538
5	0.00571	0.00392	0.00496	0.00470	0.00571	0.00355	0.00352	0.00725	0.01004	0.05705	0.60954	0.08690	0.16682	0.00810	0.00442	0.00122	0.00189	0.00709	0.00400	0.00359
6	0.00617	0.00450	0.00610	0.00682	0.00776	0.00455	0.00590	0.00837	0.05448	0.01155	0.04243	0.04022	0.04088	0.00998	0.00507	0.00168	0.00335	0.73313	0.00349	0.00359
7	0.08048	0.33073	0.08773	0.00760	0.01071	0.04560	0.04022	0.08919	0.11565	0.14526	0.00863	0.00876	0.00649	0.00388	0.00315	0.00104	0.00401	0.00288	0.00265	0.00535
8	0.00878	0.00851	0.06033	0.09935	0.44016	0.00803	0.07043	0.04007	0.03795	0.04661	0.03997	0.07076	0.02160	0.02586	0.00426	0.00125	0.00428	0.00420	0.00231	0.00529
9	0.00462	0.00328	0.00434	0.00517	0.00537	0.00308	0.00342	0.00524	0.00710	0.00946	0.02024	0.82385	0.02426	0.05436	0.00550	0.00163	0.00225	0.01041	0.00342	0.00301
10	0.00709	0.00667	0.01125	0.85913	0.02584	0.00834	0.01042	0.00959	0.00750	0.00959	0.00667	0.01000	0.00500	0.00375	0.00375	0.00125	0.00500	0.00333	0.00167	0.00417
11	0.00915	0.03650	0.35843	0.02573	0.20906	0.01866	0.03642	0.06382	0.09365	0.05543	0.00856	0.00975	0.01499	0.01591	0.00410	0.00121	0.02752	0.00329	0.00221	0.00560
12	0.00595	0.00424	0.00598	0.02663	0.03697	0.00418	0.00545	0.00735	0.00819	0.03145	0.01954	0.30477	0.03464	0.01025	0.00492	0.00161	0.00308	0.47792	0.00340	0.00350
13	0.00929	0.00891	0.01523	0.02303	0.84475	0.00891	0.01151	0.01151	0.00854	0.01226	0.00706	0.00929	0.00594	0.00334	0.00371	0.00111	0.00446	0.00334	0.00186	0.00594
14	0.01375	0.07552	0.01124	0.00945	0.01147	0.79641	0.00719	0.01473	0.01043	0.00916	0.00576	0.00672	0.00483	0.00382	0.00332	0.00096	0.00658	0.00239	0.00191	0.00438
15	0.01276	0.01249	0.01171	0.02395	0.19904	0.34558	0.02496	0.18368	0.03986	0.08641	0.00833	0.00907	0.01715	0.00405	0.00362	0.00107	0.00516	0.00313	0.00261	0.00536
16	0.02133	0.00554	0.00654	0.00636	0.00750	0.02755	0.00506	0.12205	0.00919	0.08754	0.01521	0.05684	0.01568	0.23677	0.00845	0.00207	0.00361	0.35563	0.00323	0.00383

[dist]
# distance from previous block
# <min> <max>
0	38

# created by:
# /st0/software/busco_prod/Augustus/scripts/msa2prfl.pl ./align_prep/21996.fa
