[name]
unknown

[dist]
# distance from previous block
# <min> <max>
9	80

[block]
# block no. 0 follows, 76 sequences, length 22
# corresponding to MSA columns:
# 85-106
name=unknown_A
#
# <colnr> <probs for GDERKNQSTAVLIFYWHMCP>
#	G	D	E	R	K	N	Q	S	T	A	V	L	I	F	Y	W	H	M	C	P
0	0.14929	0.00549	0.00652	0.00673	0.08328	0.00554	0.00456	0.05563	0.04402	0.14556	0.09593	0.14614	0.08188	0.10768	0.00538	0.00146	0.00280	0.00516	0.04282	0.00416
1	0.00894	0.00509	0.00670	0.00679	0.08337	0.00474	0.00464	0.05548	0.00922	0.24817	0.14222	0.16402	0.13936	0.06108	0.00489	0.00134	0.00266	0.00585	0.04109	0.00435
2	0.00711	0.00552	0.08228	0.00545	0.00662	0.00443	0.00430	0.02339	0.04298	0.13159	0.04670	0.25170	0.04569	0.31504	0.00923	0.00208	0.00309	0.00624	0.00300	0.00358
3	0.09783	0.00527	0.00616	0.00547	0.00704	0.00521	0.00418	0.06073	0.05955	0.24729	0.04431	0.15114	0.09902	0.10582	0.05359	0.00172	0.00315	0.00525	0.03294	0.00430
4	0.00567	0.00443	0.00612	0.00553	0.00657	0.00419	0.07899	0.00733	0.05648	0.03029	0.23979	0.16326	0.19588	0.17081	0.00698	0.00168	0.00265	0.00676	0.00322	0.00338
5	0.81775	0.00695	0.00562	0.00493	0.00723	0.00790	0.00406	0.01132	0.00657	0.09233	0.00590	0.00649	0.00440	0.00348	0.00238	0.00112	0.00284	0.00212	0.00245	0.00414
6	0.00663	0.00405	0.00512	0.00484	0.00586	0.00371	0.00356	0.00806	0.02817	0.13335	0.39223	0.17419	0.12533	0.08169	0.00546	0.00141	0.00218	0.00678	0.00373	0.00365
7	0.00634	0.00446	0.00558	0.00532	0.00607	0.00465	0.00392	0.05281	0.00774	0.05970	0.11014	0.19271	0.15184	0.15410	0.10191	0.02268	0.08182	0.00620	0.01863	0.00337
8	0.00890	0.00888	0.01293	0.01846	0.63602	0.09421	0.00969	0.01076	0.00838	0.01135	0.03619	0.05863	0.03199	0.00417	0.00395	0.00111	0.03336	0.00378	0.00201	0.00523
9	0.00629	0.00530	0.08205	0.00537	0.00670	0.00409	0.00445	0.01949	0.02156	0.09417	0.13836	0.29285	0.19049	0.04783	0.02736	0.00150	0.00270	0.01998	0.02578	0.00367
10	0.03105	0.00677	0.00731	0.00659	0.00839	0.00752	0.00508	0.04549	0.54870	0.05818	0.08837	0.06266	0.06798	0.03403	0.00428	0.00130	0.00274	0.00482	0.00364	0.00510
11	0.03198	0.00764	0.00966	0.03644	0.01059	0.03783	0.13211	0.09348	0.36188	0.01373	0.03312	0.08090	0.07126	0.04489	0.00452	0.00132	0.00354	0.00473	0.00311	0.01727
12	0.00597	0.00445	0.00596	0.00712	0.11187	0.00442	0.00428	0.03009	0.04248	0.02345	0.07359	0.36637	0.01793	0.26363	0.00850	0.00198	0.00290	0.01871	0.00291	0.00338
13	0.03742	0.00540	0.00643	0.08366	0.00851	0.00575	0.00474	0.08573	0.16493	0.03835	0.14796	0.18542	0.09318	0.08802	0.00539	0.00147	0.00281	0.02753	0.00328	0.00403
14	0.02744	0.00479	0.08161	0.00549	0.00625	0.00378	0.00430	0.00597	0.00684	0.00951	0.03617	0.60379	0.01980	0.08873	0.07589	0.00197	0.00317	0.00836	0.00297	0.00317
15	0.06350	0.00990	0.08757	0.17228	0.14700	0.04448	0.00849	0.33672	0.04792	0.02619	0.00782	0.00890	0.00580	0.00390	0.00351	0.00112	0.00428	0.00313	0.01211	0.00537
16	0.00533	0.00378	0.00465	0.00472	0.00511	0.00389	0.00315	0.01579	0.03723	0.00890	0.07162	0.17247	0.04444	0.41326	0.17431	0.00321	0.00423	0.00600	0.01505	0.00284
17	0.09530	0.00559	0.00632	0.00565	0.00726	0.00565	0.00437	0.12099	0.08070	0.16180	0.09979	0.16830	0.13229	0.04624	0.00454	0.00133	0.00269	0.02859	0.01827	0.00434
18	0.01260	0.00869	0.01119	0.03570	0.18462	0.03118	0.03449	0.34876	0.03338	0.21532	0.00966	0.00998	0.00689	0.00493	0.03467	0.00128	0.00419	0.00341	0.00324	0.00582
19	0.00486	0.00340	0.00443	0.00505	0.00547	0.00322	0.00361	0.00580	0.00751	0.01024	0.10521	0.56927	0.04513	0.03890	0.00498	0.00149	0.00225	0.11852	0.05762	0.00306
20	0.00549	0.00401	0.00521	0.00606	0.08184	0.00376	0.00377	0.00642	0.00765	0.03237	0.15420	0.28040	0.17475	0.18017	0.00708	0.00172	0.00249	0.00718	0.03217	0.00326
21	0.00650	0.00428	0.00579	0.00660	0.08245	0.00412	0.00419	0.00769	0.03580	0.09932	0.06914	0.40500	0.04839	0.15368	0.03776	0.00186	0.00292	0.00727	0.01366	0.00357

[dist]
# distance from previous block
# <min> <max>
0	13

[block]
# block no. 1 follows, 76 sequences, length 7
# corresponding to MSA columns:
# 120-126
name=unknown_B
#
# <colnr> <probs for GDERKNQSTAVLIFYWHMCP>
#	G	D	E	R	K	N	Q	S	T	A	V	L	I	F	Y	W	H	M	C	P
0	0.00618	0.04090	0.10148	0.00583	0.00720	0.00478	0.00490	0.00827	0.08485	0.06182	0.05043	0.48000	0.09239	0.00863	0.00417	0.00132	0.00263	0.00761	0.02280	0.00379
1	0.00645	0.00451	0.00517	0.00492	0.00547	0.00473	0.00328	0.10043	0.05609	0.00987	0.01198	0.10642	0.01278	0.51829	0.07950	0.02360	0.00381	0.00528	0.03438	0.00305
2	0.00488	0.00363	0.00453	0.00470	0.00546	0.00333	0.00349	0.00611	0.00869	0.01163	0.35793	0.21636	0.21030	0.04349	0.00502	0.00139	0.00209	0.10021	0.00358	0.00319
3	0.00703	0.00435	0.00590	0.04959	0.04427	0.00417	0.00442	0.00839	0.04165	0.15438	0.05644	0.48782	0.06725	0.04061	0.00481	0.00142	0.00256	0.00775	0.00341	0.00380
4	0.09833	0.00646	0.00749	0.04925	0.00933	0.00569	0.00492	0.04830	0.02871	0.03563	0.00829	0.01160	0.00724	0.00382	0.00305	0.00082	0.00296	0.09544	0.00244	0.57021
5	0.20667	0.00800	0.00822	0.02576	0.06068	0.09333	0.00570	0.11754	0.00929	0.13407	0.00895	0.01184	0.00738	0.00431	0.00325	0.00104	0.00356	0.09569	0.00277	0.19195
6	0.00817	0.00557	0.00723	0.00675	0.04694	0.00560	0.02476	0.01185	0.20819	0.14793	0.30751	0.01867	0.05503	0.00800	0.09067	0.00162	0.00329	0.00494	0.00356	0.03372

[dist]
# distance from previous block
# <min> <max>
0	2

[block]
# block no. 2 follows, 76 sequences, length 8
# corresponding to MSA columns:
# 129-136
name=unknown_C
#
# <colnr> <probs for GDERKNQSTAVLIFYWHMCP>
#	G	D	E	R	K	N	Q	S	T	A	V	L	I	F	Y	W	H	M	C	P
0	0.01261	0.14450	0.01155	0.00843	0.01077	0.48210	0.00671	0.18782	0.04372	0.01218	0.00658	0.00722	0.00528	0.00378	0.00320	0.00094	0.00530	0.00254	0.00228	0.04248
1	0.00537	0.00409	0.00486	0.00503	0.00536	0.03683	0.00341	0.00597	0.00606	0.00809	0.01274	0.22310	0.01418	0.36580	0.27907	0.00366	0.00526	0.00594	0.00239	0.00279
2	0.03300	0.02455	0.01168	0.06433	0.30326	0.02375	0.03868	0.16554	0.05650	0.12844	0.03821	0.04504	0.00812	0.00434	0.00397	0.00114	0.03759	0.00372	0.00275	0.00540
3	0.00849	0.00823	0.01222	0.05884	0.53307	0.06053	0.02532	0.01095	0.06131	0.01169	0.05076	0.04202	0.05630	0.00421	0.00367	0.00109	0.00401	0.00388	0.00218	0.04122
4	0.00519	0.00389	0.00584	0.00584	0.00649	0.00454	0.00454	0.00649	0.00584	0.00844	0.00974	0.01428	0.00909	0.02726	0.85787	0.00584	0.00974	0.00389	0.00195	0.00325
5	0.72787	0.00854	0.00699	0.00603	0.00832	0.11845	0.05612	0.01124	0.00687	0.01505	0.00528	0.00623	0.00413	0.00340	0.00251	0.00111	0.00350	0.00216	0.00217	0.00403
6	0.04643	0.00832	0.00893	0.00749	0.03631	0.11710	0.00582	0.16914	0.01114	0.45402	0.01150	0.04318	0.00809	0.00449	0.00353	0.00108	0.00366	0.00354	0.02265	0.03357
7	0.11007	0.04282	0.03895	0.03420	0.41477	0.13180	0.04237	0.02498	0.02681	0.04019	0.01936	0.00871	0.00597	0.00394	0.01661	0.00116	0.02711	0.00303	0.00203	0.00510

[dist]
# distance from previous block
# <min> <max>
1	10

[block]
# block no. 3 follows, 76 sequences, length 50
# corresponding to MSA columns:
# 147-196
name=unknown_D
#
# <colnr> <probs for GDERKNQSTAVLIFYWHMCP>
#	G	D	E	R	K	N	Q	S	T	A	V	L	I	F	Y	W	H	M	C	P
0	0.69446	0.03787	0.00737	0.00746	0.12343	0.04459	0.00516	0.01102	0.00675	0.02686	0.00546	0.00645	0.00432	0.00338	0.00250	0.00110	0.00322	0.00218	0.00218	0.00426
1	0.01039	0.01809	0.01035	0.01146	0.24784	0.11044	0.03160	0.05607	0.02000	0.18388	0.00925	0.01085	0.00726	0.02069	0.16610	0.00201	0.02692	0.00340	0.04845	0.00495
2	0.00580	0.00349	0.00521	0.00521	0.00550	0.00378	0.00376	0.00553	0.00524	0.00727	0.00793	0.01271	0.00767	0.03416	0.38983	0.48323	0.00609	0.00352	0.00175	0.00233
3	0.02654	0.00558	0.00728	0.00576	0.00813	0.00495	0.00470	0.01558	0.00973	0.65555	0.01366	0.01254	0.00900	0.00442	0.00339	0.00106	0.00278	0.00357	0.20023	0.00554
4	0.00522	0.00363	0.00474	0.00467	0.00543	0.00336	0.00342	0.00670	0.00951	0.02713	0.63414	0.20620	0.03099	0.00814	0.00430	0.00121	0.00182	0.00724	0.02879	0.00337
5	0.00490	0.00371	0.00452	0.00432	0.00528	0.00333	0.00324	0.00639	0.00972	0.01322	0.61629	0.02938	0.26653	0.00794	0.00429	0.00117	0.00175	0.00689	0.00382	0.00333
6	0.00927	0.00792	0.00835	0.00744	0.00954	0.00915	0.00581	0.05792	0.80405	0.01557	0.01451	0.01333	0.01086	0.00490	0.00370	0.00123	0.00293	0.00407	0.00370	0.00577
7	0.89794	0.00703	0.00534	0.00478	0.00703	0.00815	0.00394	0.01068	0.00619	0.01631	0.00506	0.00590	0.00394	0.00337	0.00225	0.00112	0.00281	0.00197	0.00225	0.00394
8	0.01489	0.00593	0.00782	0.00610	0.00864	0.00527	0.00500	0.04463	0.01024	0.70654	0.01380	0.01241	0.00894	0.00446	0.00350	0.00108	0.00293	0.00360	0.12840	0.00579
9	0.01297	0.00976	0.01043	0.00819	0.01095	0.01088	0.00670	0.69232	0.16363	0.02154	0.00980	0.00958	0.00705	0.00446	0.00365	0.00112	0.00380	0.00342	0.00365	0.00610
10	0.01008	0.79291	0.03282	0.00638	0.00951	0.01381	0.00634	0.04349	0.00788	0.04109	0.00557	0.00622	0.00489	0.00322	0.00245	0.00081	0.00389	0.00207	0.00175	0.00479
11	0.89794	0.00703	0.00534	0.00478	0.00703	0.00815	0.00394	0.01068	0.00619	0.01631	0.00506	0.00590	0.00394	0.00337	0.00225	0.00112	0.00281	0.00197	0.00225	0.00394
12	0.00430	0.00366	0.00371	0.00374	0.00492	0.00306	0.00279	0.00521	0.00823	0.00979	0.03609	0.07140	0.81217	0.00930	0.00431	0.00124	0.00185	0.00779	0.00338	0.00306
13	0.89794	0.00703	0.00534	0.00478	0.00703	0.00815	0.00394	0.01068	0.00619	0.01631	0.00506	0.00590	0.00394	0.00337	0.00225	0.00112	0.00281	0.00197	0.00225	0.00394
14	0.00856	0.00883	0.07823	0.01919	0.66762	0.00799	0.02475	0.01072	0.00815	0.03013	0.00831	0.09546	0.00757	0.00410	0.00370	0.00113	0.00418	0.00394	0.00200	0.00544
15	0.00734	0.01846	0.82195	0.01055	0.01585	0.00847	0.04458	0.01152	0.00771	0.01152	0.00655	0.00775	0.00464	0.00344	0.00348	0.00115	0.00540	0.00275	0.00155	0.00535
16	0.00522	0.00376	0.00519	0.00519	0.00561	0.00419	0.00373	0.00607	0.00565	0.00795	0.01033	0.01760	0.01053	0.32220	0.56490	0.00503	0.00757	0.00438	0.00204	0.00288
17	0.01544	0.00654	0.00853	0.00665	0.00939	0.00600	0.00546	0.05560	0.09738	0.72684	0.01413	0.01233	0.00909	0.00454	0.00366	0.00113	0.00311	0.00368	0.00438	0.00614
18	0.02005	0.00583	0.00815	0.16181	0.09799	0.03231	0.03275	0.02773	0.02516	0.02118	0.05710	0.23818	0.06505	0.07733	0.04645	0.00169	0.06916	0.00575	0.00254	0.00380
19	0.03352	0.00973	0.02099	0.01502	0.01866	0.00916	0.81305	0.01162	0.00851	0.01177	0.00729	0.00969	0.00547	0.00307	0.00423	0.00122	0.00603	0.00422	0.00185	0.00487
20	0.00463	0.00331	0.00445	0.00530	0.00560	0.00313	0.00373	0.00542	0.00716	0.00951	0.01992	0.75091	0.02359	0.01119	0.00469	0.00150	0.00229	0.12729	0.00337	0.00301
21	0.05743	0.00622	0.00829	0.00639	0.00917	0.00547	0.00528	0.01738	0.01021	0.81313	0.01391	0.01207	0.00876	0.00445	0.00359	0.00112	0.00308	0.00358	0.00439	0.00608
22	0.01043	0.00907	0.05960	0.05778	0.44885	0.00866	0.04728	0.17557	0.01016	0.10547	0.00830	0.02793	0.00647	0.00380	0.00366	0.00111	0.00424	0.00346	0.00247	0.00568
23	0.00851	0.00737	0.01237	0.43621	0.37801	0.00811	0.01018	0.01074	0.00794	0.07528	0.00723	0.00960	0.00556	0.00353	0.00362	0.00115	0.00448	0.00327	0.00192	0.00494
24	0.74686	0.00695	0.00616	0.03946	0.05681	0.00798	0.00461	0.02145	0.00646	0.01536	0.00559	0.00702	0.00452	0.02735	0.03037	0.00134	0.00324	0.00226	0.00221	0.00401
25	0.00513	0.00351	0.00423	0.00439	0.00451	0.00353	0.00270	0.00542	0.00575	0.00774	0.02544	0.17069	0.01510	0.61387	0.10002	0.00334	0.00387	0.01588	0.00242	0.00247
26	0.01348	0.01643	0.01045	0.00974	0.04292	0.77013	0.00713	0.04872	0.01051	0.02955	0.00600	0.00687	0.00489	0.00377	0.00331	0.00095	0.00628	0.00244	0.00201	0.00440
27	0.00470	0.00353	0.00436	0.00451	0.00525	0.00318	0.00325	0.00587	0.00871	0.01167	0.37786	0.30492	0.23058	0.00916	0.00440	0.00127	0.00187	0.00807	0.00364	0.00318
28	0.00490	0.00359	0.00449	0.00447	0.00520	0.00330	0.00321	0.00615	0.00896	0.01226	0.50358	0.17994	0.15553	0.08137	0.00555	0.00142	0.00196	0.00731	0.00364	0.00318
29	0.00443	0.00316	0.00422	0.00506	0.00527	0.00295	0.00337	0.00506	0.00696	0.00928	0.02003	0.86990	0.02404	0.01139	0.00464	0.00148	0.00211	0.01033	0.00337	0.00295
30	0.00514	0.00375	0.00439	0.00428	0.00533	0.00329	0.00319	0.00636	0.00901	0.04718	0.34419	0.11490	0.41874	0.00855	0.00430	0.00122	0.00187	0.00735	0.00366	0.00333
31	0.01382	0.01018	0.01091	0.00836	0.01127	0.01127	0.00691	0.83748	0.01709	0.02291	0.00873	0.00873	0.00618	0.00436	0.00364	0.00109	0.00400	0.00327	0.00364	0.00618
32	0.00686	0.00646	0.01090	0.86353	0.02503	0.00807	0.01009	0.00929	0.00727	0.00929	0.00646	0.00969	0.00484	0.00363	0.00363	0.00121	0.00484	0.00323	0.00161	0.00404
33	0.00961	0.00809	0.00854	0.00751	0.00967	0.00931	0.00589	0.11710	0.74431	0.01612	0.01407	0.01298	0.01051	0.00486	0.00369	0.00122	0.00301	0.00401	0.00369	0.00580
34	0.00697	0.01020	0.27448	0.01009	0.03254	0.00676	0.24000	0.00946	0.00775	0.03307	0.01173	0.29140	0.02159	0.00609	0.00425	0.00128	0.01982	0.00575	0.00233	0.00442
35	0.01328	0.05676	0.05055	0.00823	0.01122	0.01097	0.00707	0.71190	0.01574	0.05440	0.00878	0.01900	0.00635	0.00434	0.00357	0.00108	0.00400	0.00327	0.00346	0.00602
36	0.00900	0.00864	0.01475	0.02231	0.84960	0.00864	0.01115	0.01115	0.00828	0.01187	0.00684	0.00900	0.00576	0.00324	0.00360	0.00108	0.00432	0.00324	0.00180	0.00576
37	0.00443	0.00316	0.00422	0.00506	0.00527	0.00295	0.00337	0.00506	0.00696	0.00928	0.02003	0.86990	0.02404	0.01139	0.00464	0.00148	0.00211	0.01033	0.00337	0.00295
38	0.00748	0.07932	0.51014	0.02852	0.05124	0.00811	0.08740	0.01076	0.00810	0.02852	0.10478	0.03019	0.02140	0.00413	0.00360	0.00113	0.00467	0.00353	0.00199	0.00496
39	0.01100	0.04393	0.10067	0.00750	0.02069	0.01540	0.03743	0.09337	0.15635	0.29651	0.03967	0.12751	0.02284	0.00540	0.00376	0.00118	0.00339	0.00458	0.00349	0.00532
40	0.00456	0.00337	0.00427	0.00484	0.00534	0.00309	0.00340	0.00541	0.00762	0.01002	0.10946	0.58431	0.17603	0.01050	0.00456	0.00141	0.00208	0.05324	0.00344	0.00304
41	0.01265	0.00821	0.01286	0.01223	0.20887	0.00798	0.16472	0.17190	0.01084	0.33657	0.01018	0.01039	0.00704	0.00390	0.00376	0.00113	0.00413	0.00360	0.00319	0.00584
42	0.01017	0.02984	0.20124	0.02264	0.17325	0.05948	0.05622	0.12130	0.18278	0.09267	0.00928	0.00977	0.00685	0.00393	0.00359	0.00113	0.00433	0.00332	0.00263	0.00558
43	0.00774	0.16693	0.61512	0.00934	0.01386	0.03296	0.02221	0.01111	0.00772	0.01086	0.01656	0.04190	0.00602	0.00387	0.00335	0.00110	0.00495	0.01767	0.00168	0.00506
44	0.00448	0.00348	0.00393	0.00422	0.00494	0.00309	0.00293	0.00521	0.00752	0.00943	0.04841	0.32562	0.44230	0.11018	0.00607	0.00158	0.00213	0.00830	0.00325	0.00294
45	0.00832	0.04670	0.38604	0.02263	0.13932	0.01907	0.08737	0.06757	0.05128	0.03069	0.06424	0.01096	0.03149	0.00405	0.00364	0.00114	0.00460	0.01355	0.00216	0.00520
46	0.06348	0.04372	0.12748	0.03499	0.08086	0.04396	0.04739	0.22470	0.14168	0.07852	0.01036	0.04351	0.03437	0.00445	0.00356	0.00114	0.00399	0.00364	0.00286	0.00534
47	0.00900	0.02252	0.12831	0.03739	0.57854	0.03675	0.04288	0.01191	0.05935	0.02767	0.00737	0.00908	0.00591	0.00341	0.00358	0.00110	0.00450	0.00322	0.00193	0.00557
48	0.00556	0.00414	0.00586	0.00572	0.00633	0.00478	0.00438	0.02451	0.00625	0.00903	0.04254	0.01540	0.01028	0.11672	0.64815	0.00495	0.04579	0.00409	0.03229	0.00324
49	0.14529	0.01963	0.01186	0.01458	0.41950	0.09038	0.02506	0.08680	0.00877	0.01310	0.00649	0.00806	0.00532	0.00347	0.00360	0.00104	0.03759	0.00286	0.00207	0.09454

[dist]
# distance from previous block
# <min> <max>
0	3

[block]
# block no. 4 follows, 76 sequences, length 15
# corresponding to MSA columns:
# 200-214
name=unknown_E
#
# <colnr> <probs for GDERKNQSTAVLIFYWHMCP>
#	G	D	E	R	K	N	Q	S	T	A	V	L	I	F	Y	W	H	M	C	P
0	0.15857	0.00492	0.00526	0.02008	0.02227	0.03577	0.00381	0.00768	0.00920	0.01382	0.52270	0.02324	0.14606	0.00671	0.00388	0.00114	0.00220	0.00567	0.00345	0.00355
1	0.02241	0.21223	0.23809	0.02212	0.08737	0.06907	0.09674	0.09383	0.03258	0.03181	0.01579	0.00812	0.00559	0.00367	0.00371	0.00107	0.04581	0.00289	0.00200	0.00510
2	0.00783	0.00563	0.00642	0.00581	0.00723	0.00600	0.00438	0.01294	0.36530	0.08426	0.27642	0.01914	0.01845	0.12447	0.00586	0.00150	0.00257	0.00498	0.03633	0.00448
3	0.03394	0.02810	0.07265	0.16982	0.38480	0.00790	0.02891	0.02579	0.00819	0.05934	0.02115	0.00918	0.00604	0.00341	0.00343	0.00104	0.00414	0.00309	0.00203	0.12706
4	0.00536	0.00428	0.00511	0.00506	0.01958	0.00421	0.00374	0.01973	0.08765	0.01153	0.24350	0.04362	0.34877	0.02265	0.15666	0.00206	0.00341	0.00625	0.00328	0.00353
5	0.00476	0.00343	0.00448	0.00487	0.00536	0.00330	0.00343	0.00572	0.00752	0.01027	0.17804	0.46640	0.09241	0.04215	0.12184	0.00204	0.00309	0.00813	0.02968	0.00308
6	0.01378	0.00625	0.00808	0.00633	0.00888	0.00567	0.00516	0.08201	0.04325	0.58830	0.12759	0.01386	0.01210	0.00480	0.00368	0.00109	0.00295	0.00395	0.00419	0.05806
7	0.00520	0.00363	0.00434	0.00447	0.00508	0.00340	0.00309	0.00592	0.00725	0.03696	0.10060	0.21880	0.23437	0.27060	0.04198	0.00217	0.00281	0.04333	0.00306	0.00294
8	0.01020	0.76781	0.01796	0.00661	0.00957	0.11930	0.00632	0.01133	0.00775	0.00859	0.00512	0.00592	0.00467	0.00319	0.00245	0.00080	0.00422	0.00199	0.00159	0.00461
9	0.00874	0.00440	0.00534	0.00468	0.00612	0.00395	0.00357	0.00996	0.00878	0.27325	0.15699	0.02144	0.19738	0.11683	0.00560	0.00141	0.00240	0.00518	0.15995	0.00404
10	0.05160	0.00929	0.01033	0.00917	0.09433	0.06468	0.00679	0.43983	0.03132	0.23123	0.00973	0.00952	0.00677	0.00421	0.00356	0.00109	0.00389	0.00327	0.00350	0.00591
11	0.00998	0.02660	0.12460	0.02023	0.10213	0.18156	0.06458	0.08867	0.13445	0.06963	0.05170	0.06060	0.03982	0.00470	0.00368	0.00112	0.00437	0.00393	0.00267	0.00498
12	0.00950	0.57403	0.01473	0.00611	0.00868	0.08430	0.00563	0.01070	0.00824	0.06247	0.10919	0.01112	0.07390	0.00424	0.00288	0.00089	0.00365	0.00308	0.00220	0.00445
13	0.04183	0.26165	0.05292	0.00908	0.09701	0.09208	0.02442	0.23648	0.04126	0.06257	0.03001	0.00884	0.01890	0.00390	0.00321	0.00100	0.00413	0.00295	0.00255	0.00523
14	0.01134	0.15952	0.19241	0.03186	0.07679	0.02794	0.04886	0.15720	0.03047	0.04627	0.00931	0.01083	0.01694	0.00472	0.00401	0.00129	0.00476	0.00342	0.00286	0.15922

[dist]
# distance from previous block
# <min> <max>
3	4

[block]
# block no. 5 follows, 76 sequences, length 6
# corresponding to MSA columns:
# 219-224
name=unknown_F
#
# <colnr> <probs for GDERKNQSTAVLIFYWHMCP>
#	G	D	E	R	K	N	Q	S	T	A	V	L	I	F	Y	W	H	M	C	P
0	0.00912	0.05032	0.06004	0.03026	0.21782	0.00721	0.07237	0.08195	0.04556	0.13168	0.04157	0.18244	0.01127	0.03643	0.00436	0.00127	0.00368	0.00493	0.00280	0.00490
1	0.00447	0.00352	0.00406	0.00440	0.00521	0.00310	0.00318	0.00538	0.00792	0.00997	0.08088	0.34496	0.45011	0.00994	0.00446	0.00134	0.00201	0.04863	0.00341	0.00306
2	0.04661	0.00938	0.11831	0.16410	0.16794	0.03081	0.06869	0.15667	0.00969	0.11589	0.00857	0.04690	0.00669	0.00474	0.02801	0.00128	0.00453	0.00355	0.00248	0.00516
3	0.04156	0.12869	0.21665	0.01140	0.12573	0.06684	0.15078	0.04690	0.03630	0.09231	0.00744	0.00853	0.00561	0.00364	0.00381	0.00110	0.04232	0.00307	0.00212	0.00518
4	0.03032	0.00499	0.00615	0.03134	0.02632	0.00494	0.00436	0.04832	0.09759	0.14702	0.18794	0.20490	0.11238	0.07046	0.00512	0.00140	0.00258	0.00624	0.00353	0.00410
5	0.00601	0.00397	0.00434	0.00423	0.00531	0.00375	0.00317	0.03208	0.04140	0.03719	0.13728	0.11157	0.30955	0.00721	0.00373	0.00112	0.00195	0.00609	0.27656	0.00350

[dist]
# distance from previous block
# <min> <max>
0	4

[block]
# block no. 6 follows, 76 sequences, length 53
# corresponding to MSA columns:
# 229-281
name=unknown_G
#
# <colnr> <probs for GDERKNQSTAVLIFYWHMCP>
#	G	D	E	R	K	N	Q	S	T	A	V	L	I	F	Y	W	H	M	C	P
0	0.04937	0.05786	0.15420	0.01009	0.13479	0.05249	0.04868	0.13854	0.02944	0.16902	0.02172	0.04892	0.00773	0.03328	0.02676	0.00132	0.00428	0.00358	0.00271	0.00523
1	0.26189	0.21547	0.13415	0.00775	0.05095	0.12918	0.01385	0.05250	0.01829	0.02032	0.00688	0.02193	0.02499	0.00370	0.00287	0.00101	0.00409	0.00259	0.00205	0.02553
2	0.04997	0.01828	0.00492	0.00544	0.03015	0.00371	0.00362	0.00582	0.00701	0.00978	0.04354	0.62602	0.06222	0.06639	0.02307	0.00161	0.00248	0.00866	0.00312	0.02417
3	0.03994	0.06634	0.00872	0.00630	0.04580	0.00605	0.00485	0.04301	0.00794	0.02440	0.00654	0.00754	0.00538	0.00286	0.00274	0.00063	0.00291	0.00225	0.00219	0.71362
4	0.00481	0.00366	0.00441	0.00431	0.00524	0.00327	0.00320	0.00617	0.00937	0.01258	0.51324	0.09143	0.30845	0.00832	0.00432	0.00120	0.00179	0.00722	0.00374	0.00327
5	0.04228	0.00837	0.00884	0.00753	0.00985	0.00950	0.00599	0.23772	0.56863	0.04108	0.01281	0.01196	0.00947	0.00471	0.00363	0.00119	0.00318	0.00380	0.00365	0.00581
6	0.00521	0.00377	0.00466	0.00442	0.00542	0.00339	0.00334	0.00671	0.00976	0.03358	0.61243	0.02894	0.23961	0.00784	0.00428	0.00117	0.00180	0.01643	0.00385	0.00340
7	0.00444	0.00317	0.00423	0.00505	0.00527	0.00296	0.00337	0.00509	0.00702	0.00938	0.03558	0.85406	0.02423	0.01131	0.00463	0.00147	0.00210	0.01026	0.00339	0.00296
8	0.00453	0.00369	0.00401	0.00393	0.00506	0.00317	0.00295	0.00568	0.00885	0.01116	0.26476	0.03278	0.61935	0.00871	0.00429	0.00120	0.00181	0.00736	0.00355	0.00317
9	0.01358	0.01732	0.01030	0.00936	0.01124	0.85768	0.00702	0.01451	0.01030	0.00890	0.00562	0.00655	0.00468	0.00375	0.00328	0.00094	0.00655	0.00234	0.00187	0.00421
10	0.01358	0.01732	0.01030	0.00936	0.01124	0.85768	0.00702	0.01451	0.01030	0.00890	0.00562	0.00655	0.00468	0.00375	0.00328	0.00094	0.00655	0.00234	0.00187	0.00421
11	0.00514	0.00372	0.00486	0.00457	0.00543	0.00343	0.00343	0.00686	0.01029	0.01457	0.84768	0.02715	0.03429	0.00743	0.00429	0.00114	0.00171	0.00657	0.00400	0.00343
12	0.89794	0.00703	0.00534	0.00478	0.00703	0.00815	0.00394	0.01068	0.00619	0.01631	0.00506	0.00590	0.00394	0.00337	0.00225	0.00112	0.00281	0.00197	0.00225	0.00394
13	0.00775	0.00797	0.01630	0.07125	0.04446	0.00761	0.54212	0.01022	0.00838	0.03030	0.06793	0.14790	0.01051	0.00477	0.00426	0.00125	0.00496	0.00529	0.00228	0.00449
14	0.01382	0.01018	0.01091	0.00836	0.01127	0.01127	0.00691	0.83748	0.01709	0.02291	0.00873	0.00873	0.00618	0.00436	0.00364	0.00109	0.00400	0.00327	0.00364	0.00618
15	0.00795	0.00795	0.01113	0.00954	0.00954	0.01113	0.00795	0.00875	0.00557	0.00875	0.00477	0.00795	0.00477	0.00636	0.01193	0.00159	0.86562	0.00318	0.00159	0.00398
16	0.01332	0.03590	0.08981	0.00831	0.01144	0.01053	0.00735	0.65743	0.01528	0.10082	0.00895	0.00889	0.00626	0.00425	0.00358	0.00109	0.00404	0.00322	0.00346	0.00606
17	0.05620	0.00392	0.00398	0.00402	0.00527	0.00347	0.00311	0.00576	0.00819	0.01034	0.04304	0.03373	0.71678	0.00892	0.00424	0.00126	0.00203	0.07927	0.00331	0.00315
18	0.00754	0.00646	0.00754	0.00538	0.00861	0.00484	0.00431	0.00915	0.00754	0.01184	0.00646	0.00754	0.00538	0.00269	0.00269	0.00054	0.00269	0.00215	0.00215	0.89449
19	0.00532	0.00390	0.00501	0.00470	0.00561	0.00368	0.00353	0.00741	0.04735	0.01460	0.81062	0.02654	0.03326	0.00732	0.00426	0.00115	0.00177	0.00646	0.00399	0.00353
20	0.00786	0.00665	0.00771	0.00554	0.00875	0.00518	0.00444	0.05211	0.00803	0.01242	0.00658	0.00760	0.00542	0.00278	0.00274	0.00057	0.00276	0.00221	0.00223	0.84842
21	0.00524	0.00350	0.00398	0.00403	0.00404	0.00349	0.00227	0.00527	0.00538	0.00718	0.01195	0.07279	0.01384	0.82241	0.01770	0.00341	0.00344	0.00558	0.00227	0.00225
22	0.00550	0.03369	0.03112	0.00525	0.00598	0.00371	0.00388	0.00641	0.00756	0.06246	0.09289	0.65027	0.05755	0.00999	0.00442	0.00138	0.00228	0.00895	0.00338	0.00333
23	0.00768	0.08470	0.72640	0.01057	0.04716	0.00889	0.03267	0.01152	0.00773	0.02098	0.00653	0.00769	0.00473	0.00342	0.00339	0.00112	0.00521	0.00270	0.00159	0.00533
24	0.00880	0.00758	0.00800	0.00722	0.00922	0.00872	0.00561	0.01859	0.79778	0.01502	0.03507	0.01454	0.03736	0.00512	0.00373	0.00123	0.00282	0.00428	0.00370	0.00562
25	0.01739	0.16892	0.33164	0.00855	0.02459	0.00933	0.03686	0.08280	0.12998	0.01259	0.00766	0.00834	0.00585	0.00355	0.00321	0.00100	0.00421	0.00278	0.00215	0.13860
26	0.00785	0.16369	0.41284	0.00992	0.07030	0.02575	0.08299	0.01078	0.01595	0.01885	0.02285	0.04907	0.05182	0.00409	0.00343	0.00108	0.00458	0.00342	0.00189	0.03886
27	0.00907	0.10180	0.26350	0.01401	0.30750	0.03169	0.06374	0.05416	0.06984	0.03197	0.00740	0.00865	0.00574	0.00353	0.00354	0.00109	0.01227	0.00306	0.00199	0.00545
28	0.00729	0.01880	0.85344	0.01036	0.01573	0.00844	0.01343	0.01151	0.00767	0.01151	0.00652	0.00767	0.00460	0.00345	0.00345	0.00115	0.00537	0.00269	0.00153	0.00537
29	0.00494	0.00345	0.00467	0.00536	0.00577	0.00329	0.00393	0.00573	0.00736	0.00976	0.06724	0.53871	0.04527	0.01087	0.00540	0.06680	0.00245	0.20275	0.00327	0.00298
30	0.00807	0.00914	0.08357	0.44133	0.05237	0.11083	0.03941	0.01113	0.09265	0.01029	0.01703	0.02113	0.00648	0.00419	0.00415	0.00121	0.05592	0.02472	0.00196	0.00441
31	0.03905	0.33093	0.01412	0.04131	0.01139	0.32640	0.05510	0.12156	0.00978	0.01103	0.00594	0.00687	0.00491	0.00354	0.00302	0.00093	0.00503	0.00245	0.00199	0.00466
32	0.00430	0.00368	0.00368	0.00368	0.00491	0.00307	0.00276	0.00522	0.00828	0.00982	0.03682	0.03498	0.84812	0.00920	0.00430	0.00123	0.00184	0.00767	0.00338	0.00307
33	0.00438	0.00365	0.00383	0.00387	0.00498	0.00309	0.00287	0.00535	0.00836	0.01020	0.10785	0.09720	0.71345	0.00921	0.00432	0.00124	0.00185	0.00777	0.00343	0.00309
34	0.01032	0.07179	0.00967	0.00763	0.00990	0.07337	0.03551	0.01786	0.58584	0.11771	0.01306	0.01218	0.00968	0.00459	0.00358	0.00116	0.00337	0.00377	0.00344	0.00558
35	0.00441	0.00366	0.00387	0.00388	0.00500	0.00311	0.00289	0.00542	0.00847	0.01041	0.14237	0.08384	0.69193	0.00910	0.00431	0.00123	0.00184	0.00769	0.00346	0.00311
36	0.01358	0.01732	0.01030	0.00936	0.01124	0.85768	0.00702	0.01451	0.01030	0.00890	0.00562	0.00655	0.00468	0.00375	0.00328	0.00094	0.00655	0.00234	0.00187	0.00421
37	0.01216	0.04930	0.00966	0.00836	0.01019	0.64013	0.00636	0.01413	0.09327	0.01006	0.01689	0.00819	0.00615	0.00393	0.00322	0.00095	0.00552	0.00266	0.09457	0.00429
38	0.00718	0.00601	0.00655	0.00615	0.00767	0.00656	0.00467	0.01359	0.49257	0.01350	0.13029	0.14084	0.13576	0.00680	0.00400	0.00125	0.00246	0.00584	0.00365	0.00466
39	0.05967	0.00627	0.00764	0.00613	0.00839	0.02972	0.00491	0.07371	0.01026	0.53772	0.13633	0.01464	0.01247	0.06963	0.00477	0.00130	0.00307	0.00406	0.00400	0.00531
40	0.00877	0.00754	0.00799	0.00726	0.00921	0.00869	0.00562	0.01849	0.79460	0.01486	0.01510	0.06316	0.01184	0.00530	0.00375	0.00125	0.00283	0.00447	0.00368	0.00559
41	0.00451	0.00323	0.00430	0.00507	0.00534	0.00302	0.00344	0.00525	0.00722	0.00968	0.07678	0.79051	0.02466	0.01108	0.00462	0.00146	0.00211	0.03129	0.00342	0.00300
42	0.00824	0.00722	0.04119	0.17772	0.39342	0.00707	0.00905	0.01024	0.00812	0.07952	0.01039	0.09950	0.00971	0.00517	0.00390	0.00123	0.00400	0.11712	0.00234	0.00484
43	0.00491	0.00399	0.00424	0.00419	0.00539	0.00357	0.00318	0.00647	0.05908	0.01964	0.09572	0.03272	0.64355	0.04382	0.00487	0.00134	0.00206	0.05458	0.00341	0.00327
44	0.00904	0.00781	0.00822	0.00740	0.00945	0.00904	0.00575	0.01931	0.84303	0.01520	0.01479	0.01356	0.01109	0.00493	0.00370	0.00123	0.00288	0.00411	0.00370	0.00575
45	0.00856	0.00935	0.01940	0.06917	0.19306	0.00901	0.61279	0.01139	0.00843	0.01155	0.00719	0.00963	0.00552	0.00314	0.00410	0.00119	0.00567	0.00400	0.00182	0.00503
46	0.00699	0.00479	0.00548	0.00513	0.00653	0.00460	0.00390	0.04497	0.13097	0.11426	0.10901	0.17453	0.34959	0.00801	0.00417	0.00125	0.00229	0.01590	0.00363	0.00399
47	0.00658	0.00488	0.00575	0.00543	0.00653	0.00446	0.00400	0.05535	0.01071	0.01470	0.56095	0.08993	0.19829	0.00857	0.00474	0.00138	0.00231	0.00719	0.00415	0.00407
48	0.01155	0.00545	0.00729	0.00605	0.00814	0.00487	0.03012	0.02205	0.04424	0.48569	0.04653	0.14098	0.15824	0.00639	0.00395	0.00120	0.00278	0.00545	0.00400	0.00502
49	0.00763	0.03349	0.03193	0.00558	0.00883	0.00529	0.00464	0.01894	0.00764	0.01183	0.00661	0.01804	0.00558	0.00285	0.00274	0.00058	0.00281	0.00228	0.00215	0.82056
50	0.00741	0.00645	0.02061	0.04696	0.08480	0.05676	0.06183	0.03652	0.08759	0.05514	0.15349	0.13346	0.12859	0.03369	0.03981	0.00148	0.01346	0.02480	0.00302	0.00414
51	0.00443	0.00362	0.00394	0.00412	0.00514	0.00312	0.00307	0.00537	0.00812	0.00993	0.05803	0.17999	0.63215	0.00958	0.00440	0.00129	0.00197	0.05526	0.00339	0.00308
52	0.00757	0.06516	0.00888	0.01649	0.13267	0.00582	0.06113	0.02749	0.02599	0.09914	0.30453	0.06072	0.13315	0.00627	0.00399	0.00116	0.00288	0.02944	0.00324	0.00428

[dist]
# distance from previous block
# <min> <max>
0	14

[block]
# block no. 7 follows, 76 sequences, length 88
# corresponding to MSA columns:
# 296-383
name=unknown_H
#
# <colnr> <probs for GDERKNQSTAVLIFYWHMCP>
#	G	D	E	R	K	N	Q	S	T	A	V	L	I	F	Y	W	H	M	C	P
0	0.06168	0.02178	0.01162	0.02323	0.43451	0.03298	0.01919	0.07891	0.04134	0.07814	0.00881	0.07867	0.00759	0.00455	0.01821	0.00116	0.00394	0.00371	0.00241	0.06758
1	0.13321	0.02855	0.01163	0.06514	0.34660	0.01711	0.05103	0.08065	0.01863	0.10634	0.00875	0.02370	0.03119	0.02372	0.00413	0.00119	0.03749	0.00342	0.00240	0.00512
2	0.00811	0.00602	0.00755	0.00721	0.06198	0.00630	0.04001	0.15642	0.11900	0.03723	0.12174	0.13629	0.07218	0.00613	0.00398	0.00116	0.02541	0.01517	0.16370	0.00442
3	0.00747	0.00702	0.01177	0.57807	0.25127	0.00819	0.01014	0.00974	0.00752	0.01007	0.00681	0.01004	0.00544	0.00373	0.00388	0.00119	0.03095	0.01727	0.01495	0.00449
4	0.86457	0.00707	0.00550	0.00488	0.00715	0.00815	0.00402	0.02503	0.00646	0.03366	0.00532	0.00609	0.00408	0.00341	0.00230	0.00112	0.00284	0.00203	0.00232	0.00402
5	0.00443	0.00316	0.00422	0.00506	0.00527	0.00295	0.00337	0.00506	0.00696	0.00928	0.02003	0.86990	0.02404	0.01139	0.00464	0.00148	0.00211	0.01033	0.00337	0.00295
6	0.00436	0.00368	0.00378	0.00375	0.00495	0.00310	0.00281	0.00535	0.00844	0.01020	0.10148	0.03435	0.78322	0.00906	0.00429	0.00122	0.00183	0.00758	0.00342	0.00310
7	0.00451	0.00323	0.00430	0.00508	0.00535	0.00302	0.00345	0.00524	0.00720	0.00964	0.06969	0.79480	0.02456	0.01111	0.00463	0.00146	0.00212	0.03420	0.00341	0.00299
8	0.00967	0.00871	0.00853	0.00761	0.00969	0.07816	0.00592	0.06278	0.73104	0.01510	0.01372	0.01273	0.01031	0.00480	0.00366	0.00120	0.00324	0.00392	0.00355	0.00565
9	0.00576	0.00415	0.00573	0.00651	0.00737	0.00412	0.00567	0.00739	0.00836	0.01081	0.02030	0.04064	0.07057	0.00999	0.00498	0.00165	0.00326	0.77606	0.00335	0.00333
10	0.89794	0.00703	0.00534	0.00478	0.00703	0.00815	0.00394	0.01068	0.00619	0.01631	0.00506	0.00590	0.00394	0.00337	0.00225	0.00112	0.00281	0.00197	0.00225	0.00394
11	0.01382	0.01018	0.01091	0.00836	0.01127	0.01127	0.00691	0.83748	0.01709	0.02291	0.00873	0.00873	0.00618	0.00436	0.00364	0.00109	0.00400	0.00327	0.00364	0.00618
12	0.00529	0.00352	0.00396	0.00396	0.00396	0.00352	0.00220	0.00529	0.00529	0.00705	0.01145	0.02378	0.01321	0.87227	0.01850	0.00352	0.00352	0.00529	0.00220	0.00220
13	0.67675	0.00704	0.00626	0.00531	0.00771	0.00778	0.00438	0.05865	0.00762	0.17913	0.00707	0.00732	0.00505	0.00365	0.00260	0.00112	0.00293	0.00237	0.00276	0.00450
14	0.85833	0.00699	0.00548	0.00486	0.00713	0.00803	0.00400	0.01100	0.00637	0.05386	0.00548	0.00619	0.00416	0.00342	0.00231	0.00112	0.00282	0.00204	0.00235	0.00404
15	0.00444	0.00317	0.00424	0.00507	0.00529	0.00298	0.00339	0.00508	0.00694	0.00926	0.01987	0.85630	0.02380	0.01164	0.01820	0.00155	0.00223	0.01023	0.00335	0.00296
16	0.00498	0.00364	0.00437	0.00471	0.00527	0.00346	0.00321	0.00612	0.04909	0.02089	0.05661	0.44524	0.19746	0.15503	0.02115	0.00181	0.00245	0.00825	0.00321	0.00306
17	0.00754	0.00646	0.00754	0.00538	0.00861	0.00484	0.00431	0.00915	0.00754	0.01184	0.00646	0.00754	0.00538	0.00269	0.00269	0.00054	0.00269	0.00215	0.00215	0.89449
18	0.00962	0.00810	0.00855	0.00751	0.00967	0.00931	0.00589	0.11893	0.74247	0.01614	0.01405	0.01297	0.01050	0.00486	0.00369	0.00122	0.00301	0.00401	0.00369	0.00580
19	0.00783	0.00645	0.00757	0.00542	0.00864	0.00486	0.00434	0.00944	0.00763	0.04004	0.00672	0.00770	0.00550	0.00275	0.00272	0.00056	0.00271	0.00220	0.00223	0.86468
20	0.00479	0.00349	0.00491	0.00535	0.00574	0.00366	0.00383	0.00569	0.00641	0.00882	0.01523	0.46510	0.01713	0.05445	0.37339	0.00345	0.00546	0.00734	0.00271	0.00305
21	0.00443	0.00316	0.00422	0.00506	0.00527	0.00295	0.00337	0.00506	0.00696	0.00928	0.02003	0.86990	0.02404	0.01139	0.00464	0.00148	0.00211	0.01033	0.00337	0.00295
22	0.01601	0.00636	0.00849	0.00652	0.00931	0.00564	0.00538	0.06361	0.01073	0.79168	0.01398	0.01219	0.00884	0.00449	0.00364	0.00112	0.00312	0.00363	0.01912	0.00614
23	0.00861	0.00736	0.00785	0.00709	0.00901	0.00843	0.00550	0.01795	0.75209	0.01514	0.10575	0.01504	0.01363	0.00520	0.00376	0.00122	0.00275	0.00438	0.00373	0.00550
24	0.00519	0.00389	0.00584	0.00584	0.00649	0.00454	0.00454	0.00649	0.00584	0.00844	0.00974	0.01428	0.00909	0.02726	0.85787	0.00584	0.00974	0.00389	0.00195	0.00325
25	0.01382	0.01018	0.01091	0.00836	0.01127	0.01127	0.00691	0.83748	0.01709	0.02291	0.00873	0.00873	0.00618	0.00436	0.00364	0.00109	0.00400	0.00327	0.00364	0.00618
26	0.89794	0.00703	0.00534	0.00478	0.00703	0.00815	0.00394	0.01068	0.00619	0.01631	0.00506	0.00590	0.00394	0.00337	0.00225	0.00112	0.00281	0.00197	0.00225	0.00394
27	0.01382	0.01018	0.01091	0.00836	0.01127	0.01127	0.00691	0.83748	0.01709	0.02291	0.00873	0.00873	0.00618	0.00436	0.00364	0.00109	0.00400	0.00327	0.00364	0.00618
28	0.00900	0.00864	0.01475	0.02231	0.84960	0.00864	0.01115	0.01115	0.00828	0.01187	0.00684	0.00900	0.00576	0.00324	0.00360	0.00108	0.00432	0.00324	0.00180	0.00576
29	0.01538	0.00699	0.00884	0.00681	0.00955	0.00661	0.00559	0.20152	0.01173	0.63753	0.01298	0.01193	0.00850	0.03347	0.00415	0.00120	0.00331	0.00362	0.00423	0.00605
30	0.00529	0.00352	0.00396	0.00396	0.00396	0.00352	0.00220	0.00529	0.00529	0.00705	0.01145	0.02378	0.01321	0.87227	0.01850	0.00352	0.00352	0.00529	0.00220	0.00220
31	0.00443	0.00316	0.00422	0.00506	0.00527	0.00295	0.00337	0.00506	0.00696	0.00928	0.02003	0.86990	0.02404	0.01139	0.00464	0.00148	0.00211	0.01033	0.00337	0.00295
32	0.00855	0.01000	0.03915	0.01521	0.01893	0.00918	0.81888	0.01164	0.00856	0.01164	0.00734	0.00976	0.00550	0.00307	0.00427	0.00122	0.00611	0.00426	0.00183	0.00491
33	0.08873	0.01134	0.01088	0.00880	0.01126	0.29333	0.09737	0.19550	0.01109	0.18991	0.00824	0.00861	0.00595	0.00404	0.00380	0.00108	0.03911	0.00304	0.00283	0.00510
34	0.00625	0.00318	0.00469	0.00469	0.00469	0.00318	0.00310	0.00477	0.00477	0.00636	0.00662	0.01181	0.00673	0.06423	0.01446	0.84079	0.00318	0.00328	0.00162	0.00162
35	0.01381	0.01039	0.01089	0.00839	0.01127	0.03630	0.00691	0.81315	0.01689	0.02249	0.00863	0.00866	0.00614	0.00434	0.00363	0.00109	0.00407	0.00324	0.00358	0.00612
36	0.01355	0.02956	0.01055	0.00845	0.01094	0.29140	0.05620	0.20079	0.06443	0.24499	0.00968	0.01000	0.00701	0.00425	0.00357	0.00107	0.00464	0.02048	0.00313	0.00533
37	0.01584	0.00694	0.00890	0.00682	0.00965	0.00646	0.00564	0.17265	0.01167	0.69540	0.01328	0.01168	0.00846	0.00447	0.00365	0.00112	0.00326	0.00358	0.00434	0.00618
38	0.00454	0.00324	0.00434	0.00517	0.00543	0.00305	0.00355	0.00526	0.00711	0.00948	0.03347	0.79813	0.02399	0.01123	0.00466	0.00148	0.00219	0.06732	0.00338	0.00299
39	0.03390	0.00761	0.00889	0.00693	0.00968	0.06601	0.00568	0.14699	0.01137	0.64470	0.01265	0.01125	0.00815	0.00440	0.00360	0.00111	0.00347	0.00347	0.00413	0.00600
40	0.63670	0.00677	0.00622	0.06523	0.00856	0.00766	0.00460	0.04485	0.01855	0.08409	0.06636	0.00857	0.00685	0.00424	0.01705	0.00121	0.00306	0.00264	0.00258	0.00420
41	0.00729	0.01880	0.85344	0.01036	0.01573	0.00844	0.01343	0.01151	0.00767	0.01151	0.00652	0.00767	0.00460	0.00345	0.00345	0.00115	0.00537	0.00269	0.00153	0.00537
42	0.00445	0.00318	0.00424	0.00508	0.00531	0.00297	0.00341	0.00510	0.00698	0.00930	0.02002	0.85759	0.02399	0.01137	0.00464	0.00148	0.00213	0.02243	0.00337	0.00296
43	0.01116	0.00820	0.01235	0.01461	0.39627	0.03455	0.06864	0.11223	0.00985	0.21899	0.00983	0.07005	0.00783	0.00426	0.00373	0.00113	0.00403	0.00389	0.00280	0.00561
44	0.07000	0.02307	0.08075	0.01808	0.12169	0.02020	0.00681	0.22206	0.01017	0.05554	0.00735	0.00815	0.00562	0.00342	0.00315	0.00089	0.00359	0.00270	0.00253	0.33423
45	0.00888	0.22076	0.10680	0.01069	0.07245	0.03364	0.22326	0.06632	0.00821	0.02075	0.00681	0.00874	0.00562	0.00632	0.10129	0.00164	0.08797	0.00319	0.00188	0.00476
46	0.22468	0.01198	0.01012	0.01095	0.18930	0.37058	0.00719	0.06055	0.00904	0.02166	0.00598	0.00718	0.00487	0.00372	0.00356	0.00106	0.04836	0.00255	0.00207	0.00460
47	0.00466	0.00370	0.00418	0.00406	0.00513	0.00322	0.00305	0.00592	0.00914	0.01185	0.38288	0.03164	0.50079	0.00845	0.00429	0.00119	0.00179	0.00720	0.00364	0.00322
48	0.00965	0.84916	0.04372	0.00634	0.00952	0.01421	0.00643	0.01090	0.00739	0.00864	0.00510	0.00588	0.00466	0.00312	0.00237	0.00079	0.00393	0.00197	0.00155	0.00469
49	0.00546	0.00399	0.00506	0.00474	0.00568	0.00382	0.00357	0.00777	0.06853	0.01459	0.76943	0.02587	0.03207	0.00718	0.00420	0.00114	0.00180	0.00632	0.02517	0.00359
50	0.00810	0.01710	0.64577	0.01099	0.01579	0.06809	0.13750	0.03387	0.00825	0.01165	0.00664	0.00795	0.00479	0.00344	0.00357	0.00115	0.00553	0.00292	0.00166	0.00524
51	0.00455	0.00326	0.00410	0.00475	0.00511	0.00302	0.00320	0.00522	0.00706	0.00938	0.02145	0.67965	0.13163	0.06021	0.00531	0.00154	0.00214	0.00944	0.03604	0.00294
52	0.00507	0.00395	0.01896	0.00458	0.00554	0.00346	0.00352	0.00671	0.00993	0.01385	0.72084	0.05028	0.12439	0.00767	0.00428	0.00116	0.00180	0.00673	0.00387	0.00341
53	0.00460	0.00362	0.00419	0.00459	0.00525	0.01577	0.00322	0.00546	0.00785	0.01006	0.11913	0.46985	0.31317	0.01006	0.00446	0.00134	0.00204	0.00886	0.00342	0.00307
54	0.01397	0.00994	0.01076	0.00825	0.01115	0.01092	0.00681	0.78827	0.01669	0.07268	0.00906	0.00894	0.00635	0.00437	0.00364	0.00109	0.00394	0.00330	0.00369	0.00618
55	0.00519	0.00389	0.00584	0.00584	0.00649	0.00454	0.00454	0.00649	0.00584	0.00844	0.00974	0.01428	0.00909	0.02726	0.85787	0.00584	0.00974	0.00389	0.00195	0.00325
56	0.00448	0.00318	0.00420	0.00499	0.00519	0.00299	0.00330	0.00507	0.00686	0.00914	0.01952	0.81911	0.02339	0.06306	0.00547	0.00160	0.00219	0.01003	0.00330	0.00291
57	0.00514	0.00372	0.00486	0.00457	0.00543	0.00343	0.00343	0.00686	0.01029	0.01457	0.84768	0.02715	0.03429	0.00743	0.00429	0.00114	0.00171	0.00657	0.00400	0.00343
58	0.00940	0.00773	0.00823	0.00735	0.00944	0.00886	0.00573	0.01923	0.80221	0.05624	0.01477	0.01350	0.01099	0.00491	0.00370	0.00123	0.00289	0.00409	0.00374	0.00577
59	0.01353	0.01004	0.01075	0.00830	0.01116	0.01114	0.00684	0.78837	0.06667	0.02244	0.00909	0.00902	0.00648	0.00440	0.00364	0.00110	0.00393	0.00332	0.00364	0.00616
60	0.01505	0.00723	0.00956	0.00868	0.11097	0.02409	0.00628	0.12304	0.01101	0.62594	0.01253	0.01137	0.00815	0.00431	0.00364	0.00111	0.00343	0.00353	0.00401	0.00609
61	0.00577	0.00412	0.00576	0.00660	0.00739	0.00411	0.00571	0.00738	0.00828	0.01078	0.01929	0.09075	0.02110	0.01012	0.00500	0.00166	0.00327	0.77622	0.00335	0.00332
62	0.01382	0.01018	0.01091	0.00836	0.01127	0.01127	0.00691	0.83748	0.01709	0.02291	0.00873	0.00873	0.00618	0.00436	0.00364	0.00109	0.00400	0.00327	0.00364	0.00618
63	0.00943	0.00849	0.01437	0.02136	0.79916	0.00844	0.01081	0.01155	0.00840	0.06231	0.00729	0.00920	0.00595	0.00331	0.00360	0.00108	0.00424	0.00326	0.00196	0.00578
64	0.00438	0.00369	0.00380	0.00377	0.00496	0.00310	0.00283	0.00538	0.00849	0.01030	0.11876	0.03419	0.76588	0.00903	0.00429	0.00122	0.00183	0.00756	0.00344	0.00310
65	0.00722	0.00683	0.01155	0.72222	0.16355	0.00817	0.01027	0.00960	0.00744	0.00972	0.00652	0.00957	0.00500	0.00357	0.00363	0.00119	0.00476	0.00323	0.00165	0.00433
66	0.00726	0.00692	0.01135	0.71841	0.13926	0.02353	0.01010	0.00960	0.00744	0.00963	0.00654	0.00960	0.00503	0.00393	0.01611	0.00126	0.00487	0.00322	0.00165	0.00427
67	0.01178	0.00870	0.00944	0.00766	0.01022	0.00956	0.00618	0.40618	0.34123	0.08614	0.02194	0.01111	0.00866	0.00457	0.00363	0.00113	0.00340	0.00363	0.00368	0.04117
68	0.01363	0.01009	0.01080	0.00833	0.01120	0.01119	0.00686	0.80613	0.04873	0.02261	0.00896	0.00891	0.00637	0.00438	0.00364	0.00110	0.00396	0.00330	0.00364	0.00616
69	0.00931	0.00468	0.00618	0.00578	0.01487	0.00434	0.00435	0.01902	0.02269	0.31177	0.07101	0.20450	0.02587	0.14989	0.00672	0.01702	0.00290	0.11137	0.00358	0.00416
70	0.00707	0.00526	0.00634	0.00640	0.00751	0.00556	0.00505	0.09350	0.18148	0.02515	0.01692	0.25263	0.01758	0.06044	0.00529	0.00157	0.00299	0.29184	0.00340	0.00400
71	0.00431	0.00368	0.00370	0.00370	0.00492	0.00307	0.00277	0.00525	0.00832	0.00990	0.05154	0.03484	0.83335	0.00917	0.00430	0.00123	0.00184	0.00765	0.00339	0.00307
