[name]
unknown

[dist]
# distance from previous block
# <min> <max>
0	64

[block]
# block no. 0 follows, 73 sequences, length 32
# corresponding to MSA columns:
# 64-95
name=unknown_A
#
# <colnr> <probs for GDERKNQSTAVLIFYWHMCP>
#	G	D	E	R	K	N	Q	S	T	A	V	L	I	F	Y	W	H	M	C	P
0	0.01013	0.03332	0.08920	0.01035	0.11469	0.03639	0.09039	0.16574	0.10682	0.09790	0.10743	0.04993	0.01161	0.00511	0.00411	0.00121	0.02186	0.03541	0.00308	0.00532
1	0.00737	0.00621	0.01770	0.06229	0.13673	0.04214	0.06425	0.05478	0.00854	0.05331	0.03601	0.46228	0.01672	0.00806	0.00434	0.00135	0.00338	0.00735	0.00301	0.00415
2	0.00527	0.00356	0.00415	0.00433	0.00437	0.00352	0.00252	0.00541	0.00581	0.00775	0.01365	0.19867	0.01595	0.69088	0.01613	0.00320	0.00333	0.00653	0.00252	0.00243
3	0.03878	0.02179	0.11710	0.02808	0.11579	0.04132	0.03688	0.34641	0.04788	0.15473	0.00932	0.00959	0.00662	0.00416	0.00368	0.00114	0.00430	0.00334	0.00315	0.00595
4	0.01843	0.04527	0.11028	0.10074	0.32443	0.07704	0.09053	0.07677	0.00927	0.05450	0.00817	0.00977	0.02829	0.00384	0.00392	0.00115	0.02670	0.00339	0.00214	0.00537
5	0.00563	0.00397	0.00470	0.00459	0.00559	0.00359	0.00335	0.00700	0.02886	0.05776	0.30321	0.15173	0.31941	0.07688	0.00559	0.00146	0.00213	0.00742	0.00368	0.00345
6	0.89465	0.00726	0.00551	0.00493	0.00726	0.00842	0.00406	0.01103	0.00638	0.01683	0.00522	0.00609	0.00406	0.00348	0.00232	0.00116	0.00290	0.00203	0.00232	0.00406
7	0.00519	0.00354	0.00424	0.00450	0.00460	0.00350	0.00273	0.00543	0.00599	0.00802	0.01440	0.27572	0.01682	0.57992	0.04672	0.00310	0.00345	0.00696	0.00262	0.00255
8	0.03233	0.11696	0.48975	0.00980	0.01423	0.04078	0.07339	0.03935	0.04402	0.09361	0.00777	0.00854	0.00560	0.00370	0.00349	0.00114	0.00501	0.00296	0.00211	0.00546
9	0.00865	0.40302	0.47499	0.00877	0.01326	0.01148	0.01051	0.01159	0.00779	0.01050	0.00605	0.00706	0.00478	0.00340	0.00304	0.00101	0.00485	0.00243	0.00159	0.00522
10	0.03621	0.00784	0.01056	0.01172	0.26861	0.04897	0.02929	0.04707	0.02460	0.16500	0.10764	0.01169	0.00996	0.00407	0.00357	0.00101	0.00361	0.00354	0.00285	0.20221
11	0.00920	0.00882	0.01507	0.05730	0.81118	0.00889	0.01147	0.01144	0.00850	0.01215	0.00704	0.00931	0.00590	0.00336	0.00372	0.00112	0.00448	0.00334	0.00185	0.00587
12	0.00820	0.00527	0.00624	0.00553	0.00710	0.00509	0.00428	0.10860	0.06785	0.14535	0.28953	0.09996	0.21703	0.00744	0.00423	0.00123	0.00243	0.00634	0.00393	0.00436
13	0.00990	0.00895	0.01349	0.03487	0.63514	0.07235	0.01008	0.01192	0.00896	0.07920	0.05756	0.02477	0.00818	0.00389	0.00375	0.00112	0.00434	0.00363	0.00225	0.00563
14	0.00795	0.16513	0.70674	0.00996	0.01511	0.00976	0.01259	0.01177	0.00787	0.01136	0.00647	0.00760	0.00476	0.00350	0.00337	0.00112	0.00528	0.00264	0.00159	0.00542
15	0.00455	0.00377	0.00398	0.00400	0.00516	0.00321	0.00298	0.00558	0.00872	0.01070	0.13585	0.08768	0.69205	0.00942	0.00446	0.00127	0.00190	0.00795	0.00356	0.00321
16	0.00724	0.00491	0.00592	0.00561	0.00682	0.00488	0.00420	0.06158	0.12821	0.08805	0.27508	0.27245	0.08193	0.00809	0.00430	0.00129	0.00235	0.00709	0.02586	0.00414
17	0.00923	0.00886	0.01513	0.04398	0.82423	0.00890	0.01149	0.01147	0.00852	0.01219	0.00705	0.00930	0.00592	0.00335	0.00372	0.00112	0.00447	0.00334	0.00185	0.00590
18	0.01401	0.01788	0.01063	0.00967	0.01160	0.85309	0.00725	0.01498	0.01063	0.00918	0.00580	0.00677	0.00483	0.00387	0.00338	0.00097	0.00677	0.00242	0.00193	0.00435
19	0.01006	0.00938	0.04388	0.03096	0.64944	0.03707	0.05745	0.01230	0.00881	0.09288	0.00778	0.00955	0.00616	0.00349	0.00374	0.00113	0.00456	0.00339	0.00212	0.00584
20	0.00929	0.00891	0.01523	0.02303	0.84475	0.00891	0.01151	0.01151	0.00854	0.01226	0.00706	0.00929	0.00594	0.00334	0.00371	0.00111	0.00446	0.00334	0.00186	0.00594
21	0.00522	0.00382	0.00490	0.00479	0.00562	0.00355	0.00353	0.00693	0.02453	0.01394	0.65699	0.15314	0.08226	0.00834	0.00447	0.00124	0.00186	0.00739	0.00399	0.00349
22	0.01360	0.00845	0.00961	0.00761	0.01021	0.00889	0.00618	0.50984	0.01443	0.22932	0.01191	0.10951	0.00934	0.00538	0.00385	0.00117	0.00360	0.00433	0.02686	0.00592
23	0.09702	0.06671	0.06822	0.01000	0.10133	0.12555	0.07516	0.14050	0.04780	0.13751	0.02393	0.02597	0.00732	0.02752	0.00421	0.00120	0.02861	0.00342	0.00275	0.00525
24	0.01310	0.00947	0.04192	0.00787	0.01066	0.02819	0.00662	0.53172	0.03939	0.15131	0.01275	0.04352	0.07580	0.00517	0.00384	0.00116	0.00380	0.00406	0.00374	0.00591
25	0.00473	0.00333	0.00431	0.00503	0.00521	0.00315	0.00327	0.00526	0.00688	0.00918	0.01913	0.71878	0.02286	0.16133	0.00729	0.00189	0.00243	0.00976	0.00327	0.00291
26	0.05659	0.02299	0.23836	0.00912	0.03945	0.02256	0.09061	0.10777	0.00942	0.14099	0.05741	0.04453	0.00901	0.02102	0.11160	0.00184	0.00511	0.00386	0.00268	0.00508
27	0.01912	0.13342	0.12473	0.00960	0.05766	0.06514	0.10142	0.17755	0.05939	0.07064	0.01843	0.02291	0.01749	0.00454	0.01925	0.00117	0.02046	0.00337	0.01221	0.06149
28	0.00484	0.00360	0.00424	0.00455	0.00529	0.00321	0.00320	0.00573	0.00808	0.02104	0.11648	0.38949	0.34395	0.04602	0.00516	0.00146	0.00209	0.00874	0.01968	0.00317
29	0.00548	0.00390	0.00462	0.00480	0.00572	0.00354	0.00346	0.00682	0.04233	0.05738	0.11487	0.37445	0.33922	0.00978	0.00452	0.00136	0.00212	0.00855	0.00363	0.00345
30	0.06974	0.06854	0.06564	0.04277	0.14543	0.15227	0.09483	0.08532	0.08267	0.10654	0.00932	0.02784	0.02430	0.00415	0.00360	0.00113	0.00460	0.00347	0.00258	0.00526
31	0.00776	0.08030	0.43751	0.00977	0.06138	0.03486	0.04031	0.02767	0.02221	0.02471	0.05882	0.12998	0.02853	0.00518	0.00378	0.00120	0.00452	0.01432	0.00223	0.00495

[dist]
# distance from previous block
# <min> <max>
3	16

[block]
# block no. 1 follows, 73 sequences, length 11
# corresponding to MSA columns:
# 112-122
name=unknown_B
#
# <colnr> <probs for GDERKNQSTAVLIFYWHMCP>
#	G	D	E	R	K	N	Q	S	T	A	V	L	I	F	Y	W	H	M	C	P
0	0.00764	0.00724	0.06717	0.39181	0.01642	0.03265	0.00787	0.05195	0.04876	0.05409	0.01185	0.21911	0.03255	0.00597	0.00398	0.00128	0.00403	0.00521	0.00254	0.02788
1	0.05234	0.00867	0.00882	0.00731	0.00973	0.11342	0.00583	0.18947	0.13328	0.31789	0.01348	0.06694	0.04552	0.00520	0.00376	0.00117	0.00367	0.00413	0.00377	0.00561
2	0.00644	0.00518	0.00633	0.00630	0.00716	0.04149	0.04263	0.11365	0.00882	0.01153	0.01856	0.64560	0.05154	0.00998	0.00456	0.00143	0.00281	0.00896	0.00338	0.00364
3	0.00475	0.00348	0.00448	0.00502	0.00552	0.00321	0.00352	0.00569	0.00805	0.01073	0.17502	0.57385	0.12785	0.01066	0.00469	0.00144	0.00212	0.04314	0.00360	0.00317
4	0.00845	0.00877	0.01228	0.01025	0.01091	0.06913	0.10905	0.00962	0.00649	0.00938	0.00574	0.00889	0.00539	0.00776	0.08100	0.00192	0.62565	0.00343	0.00172	0.00418
5	0.03221	0.01180	0.01259	0.01007	0.01262	0.26914	0.17447	0.19732	0.07682	0.09415	0.00853	0.00931	0.00638	0.00465	0.02131	0.00124	0.04606	0.00338	0.00274	0.00523
6	0.00481	0.00347	0.00450	0.00525	0.00553	0.00333	0.00350	0.00580	0.03905	0.00967	0.01993	0.78160	0.02362	0.06375	0.00562	0.00164	0.00230	0.01010	0.00342	0.00311
7	0.05327	0.00734	0.00878	0.00687	0.00968	0.06469	0.00562	0.04128	0.01075	0.73058	0.01361	0.01196	0.00868	0.00454	0.00368	0.00115	0.00346	0.00359	0.00433	0.00615
8	0.00984	0.00739	0.00869	0.00721	0.00933	0.00784	0.04341	0.27598	0.20724	0.06519	0.17854	0.05087	0.10003	0.00601	0.00404	0.00121	0.00313	0.00508	0.00377	0.00519
9	0.00790	0.02740	0.13145	0.00770	0.00964	0.00634	0.08496	0.10433	0.00882	0.08277	0.01401	0.38160	0.01466	0.05994	0.00548	0.00149	0.03752	0.00667	0.00299	0.00431
10	0.00823	0.01956	0.05897	0.00624	0.00798	0.00623	0.00510	0.18709	0.08283	0.06427	0.06562	0.23116	0.14816	0.05975	0.00504	0.00141	0.00297	0.00630	0.02866	0.00442

[dist]
# distance from previous block
# <min> <max>
3	9

[block]
# block no. 2 follows, 73 sequences, length 10
# corresponding to MSA columns:
# 132-141
name=unknown_C
#
# <colnr> <probs for GDERKNQSTAVLIFYWHMCP>
#	G	D	E	R	K	N	Q	S	T	A	V	L	I	F	Y	W	H	M	C	P
0	0.04889	0.15798	0.22941	0.00835	0.02498	0.04526	0.06353	0.04923	0.05809	0.04402	0.05667	0.05546	0.00878	0.04372	0.00414	0.00118	0.00419	0.00359	0.00235	0.09017
1	0.00568	0.04439	0.03967	0.02555	0.03178	0.00474	0.00450	0.00757	0.06173	0.01140	0.19499	0.28628	0.19695	0.02003	0.02401	0.00142	0.00265	0.00732	0.00331	0.02604
2	0.00903	0.03308	0.07126	0.00728	0.04949	0.06066	0.00586	0.04565	0.04698	0.08391	0.05225	0.05743	0.02984	0.00420	0.00332	0.00088	0.00335	0.00344	0.00267	0.42942
3	0.10731	0.01132	0.01144	0.03040	0.19370	0.29118	0.05363	0.04109	0.00890	0.02726	0.00658	0.00832	0.00547	0.00523	0.04926	0.00137	0.09739	0.00294	0.00205	0.04518
4	0.00765	0.02541	0.01041	0.30075	0.01526	0.00775	0.09183	0.10101	0.05163	0.01185	0.04020	0.09941	0.07837	0.02385	0.04364	0.00156	0.05908	0.02353	0.00251	0.00430
5	0.02580	0.13461	0.15802	0.02440	0.26661	0.07361	0.02829	0.09298	0.00951	0.04558	0.07077	0.00986	0.00784	0.00393	0.00363	0.00108	0.01590	0.00324	0.00226	0.02206
6	0.00561	0.00448	0.02814	0.00560	0.00615	0.02227	0.00410	0.00630	0.00720	0.03063	0.04382	0.52259	0.07184	0.06550	0.04067	0.06151	0.04779	0.01954	0.00309	0.00318
7	0.00529	0.00386	0.00453	0.00443	0.00550	0.00339	0.00329	0.00655	0.00930	0.04544	0.35089	0.12065	0.40560	0.00883	0.00444	0.00126	0.00193	0.00760	0.00378	0.00343
8	0.00866	0.00598	0.00691	0.00601	0.00775	0.00612	0.00470	0.12198	0.19909	0.11318	0.33654	0.02160	0.13278	0.00655	0.00412	0.00120	0.00254	0.00555	0.00398	0.00475
9	0.02180	0.20810	0.20063	0.07965	0.06959	0.17364	0.03572	0.05192	0.00898	0.05541	0.00765	0.03378	0.01880	0.00400	0.00348	0.00107	0.01567	0.00306	0.00206	0.00498

[dist]
# distance from previous block
# <min> <max>
1	12

[block]
# block no. 3 follows, 73 sequences, length 7
# corresponding to MSA columns:
# 154-160
name=unknown_D
#
# <colnr> <probs for GDERKNQSTAVLIFYWHMCP>
#	G	D	E	R	K	N	Q	S	T	A	V	L	I	F	Y	W	H	M	C	P
0	0.00464	0.00379	0.00396	0.00393	0.00501	0.00326	0.00286	0.00557	0.00841	0.01032	0.11928	0.03393	0.66339	0.10788	0.00612	0.00153	0.00209	0.00752	0.00341	0.00310
1	0.02854	0.00652	0.00710	0.04148	0.00835	0.10086	0.02662	0.03090	0.06176	0.09990	0.25890	0.13442	0.07245	0.04570	0.01922	0.00141	0.02721	0.00576	0.01880	0.00410
2	0.01099	0.24112	0.01347	0.04048	0.15742	0.20960	0.00758	0.10848	0.13088	0.01229	0.00844	0.00915	0.02663	0.00398	0.00333	0.00103	0.00458	0.00301	0.00235	0.00519
3	0.47697	0.06871	0.18165	0.00845	0.09228	0.06885	0.00729	0.03571	0.00763	0.01448	0.00587	0.00691	0.00456	0.00352	0.00284	0.00112	0.00398	0.00238	0.00209	0.00469
4	0.06089	0.25788	0.13244	0.20832	0.11335	0.12187	0.00900	0.03616	0.00837	0.01080	0.00618	0.00780	0.00499	0.00354	0.00320	0.00105	0.00482	0.00268	0.00180	0.00484
5	0.00454	0.00337	0.00424	0.00493	0.00537	0.00307	0.00335	0.00526	0.00746	0.00969	0.02422	0.69604	0.19219	0.01129	0.00472	0.00147	0.00212	0.01010	0.00348	0.00307
6	0.00938	0.00940	0.01293	0.05024	0.56143	0.11975	0.00972	0.01190	0.06550	0.01189	0.03607	0.06832	0.00840	0.00426	0.00378	0.00114	0.00444	0.00390	0.00218	0.00539

[dist]
# distance from previous block
# <min> <max>
0	2

[block]
# block no. 4 follows, 73 sequences, length 16
# corresponding to MSA columns:
# 163-178
name=unknown_E
#
# <colnr> <probs for GDERKNQSTAVLIFYWHMCP>
#	G	D	E	R	K	N	Q	S	T	A	V	L	I	F	Y	W	H	M	C	P
0	0.01047	0.00947	0.00907	0.00799	0.01019	0.10547	0.00623	0.11854	0.64382	0.01593	0.01343	0.01257	0.01008	0.00488	0.00376	0.00122	0.00354	0.00393	0.00360	0.00581
1	0.01325	0.01198	0.00962	0.00812	0.01050	0.37368	0.00633	0.13589	0.06927	0.18236	0.05315	0.01004	0.00811	0.00430	0.00355	0.00102	0.00475	0.00317	0.00303	0.08786
2	0.00540	0.00440	0.00616	0.00610	0.00687	0.02323	0.07037	0.00672	0.02380	0.01108	0.19245	0.54213	0.05134	0.00980	0.00463	0.00141	0.00256	0.02469	0.00346	0.00341
3	0.00886	0.00979	0.02027	0.03909	0.01867	0.00944	0.71382	0.01285	0.10301	0.01237	0.00844	0.01056	0.00633	0.00340	0.00434	0.00127	0.00591	0.00438	0.00211	0.00513
4	0.00494	0.00366	0.00461	0.00470	0.00546	0.00333	0.00340	0.00625	0.00927	0.01261	0.46521	0.27082	0.17356	0.00917	0.00453	0.00129	0.00191	0.00810	0.00383	0.00333
5	0.02646	0.32353	0.20230	0.00804	0.01147	0.05906	0.00807	0.12077	0.14253	0.05185	0.00815	0.00848	0.00627	0.00387	0.00319	0.00104	0.00430	0.00282	0.00241	0.00540
6	0.03000	0.01323	0.44319	0.00876	0.01302	0.00736	0.00984	0.03250	0.00934	0.38024	0.01031	0.01004	0.00677	0.00406	0.00363	0.00117	0.00442	0.00321	0.00299	0.00590
7	0.15903	0.00640	0.00778	0.00618	0.00879	0.00599	0.00507	0.04896	0.01015	0.58286	0.05023	0.01383	0.06833	0.00492	0.00361	0.00117	0.00303	0.00389	0.00412	0.00566
8	0.00557	0.00377	0.00492	0.00495	0.00543	0.00383	0.00347	0.00619	0.00675	0.02325	0.11689	0.09452	0.07763	0.28398	0.23392	0.08618	0.00479	0.02844	0.00264	0.00289
9	0.00888	0.00858	0.04774	0.03495	0.64602	0.00813	0.02260	0.01116	0.02334	0.03910	0.00899	0.10675	0.00822	0.00439	0.00385	0.00117	0.00421	0.00420	0.00215	0.00557
10	0.00578	0.00399	0.00576	0.00570	0.00630	0.00448	0.00428	0.00677	0.00602	0.03353	0.01027	0.01598	0.00987	0.15268	0.65874	0.05184	0.00853	0.00419	0.00211	0.00319
11	0.00550	0.00386	0.00469	0.00460	0.00561	0.00344	0.00340	0.00679	0.00936	0.05607	0.39472	0.16988	0.30061	0.00880	0.00445	0.00127	0.00196	0.00765	0.00383	0.00348
12	0.00970	0.00945	0.03721	0.01645	0.43580	0.06849	0.10195	0.04524	0.11533	0.04436	0.03287	0.03789	0.00831	0.00417	0.00386	0.00117	0.00445	0.01530	0.00243	0.00556
13	0.03462	0.09511	0.11975	0.04287	0.03365	0.14979	0.02808	0.19319	0.04490	0.14031	0.04658	0.03768	0.00817	0.00445	0.00358	0.00111	0.00445	0.00348	0.00289	0.00533
14	0.01159	0.02779	0.02706	0.04311	0.11443	0.29461	0.02105	0.01383	0.08574	0.14872	0.02363	0.05443	0.00792	0.00480	0.00467	0.00117	0.10430	0.00360	0.00261	0.00496
15	0.45102	0.05430	0.06398	0.00750	0.05135	0.02088	0.04199	0.06571	0.01955	0.04016	0.00663	0.02395	0.00532	0.00384	0.00336	0.00112	0.04842	0.00268	0.00235	0.08589

[dist]
# distance from previous block
# <min> <max>
0	10

[block]
# block no. 5 follows, 73 sequences, length 29
# corresponding to MSA columns:
# 189-217
name=unknown_F
#
# <colnr> <probs for GDERKNQSTAVLIFYWHMCP>
#	G	D	E	R	K	N	Q	S	T	A	V	L	I	F	Y	W	H	M	C	P
0	0.01008	0.11490	0.02731	0.00799	0.03711	0.10393	0.00624	0.10050	0.40890	0.02616	0.04067	0.01270	0.01003	0.07139	0.00478	0.00134	0.00376	0.00379	0.00312	0.00530
1	0.00853	0.04223	0.09048	0.04146	0.14832	0.08166	0.07799	0.04377	0.02429	0.04607	0.15967	0.07447	0.05432	0.00516	0.00384	0.00112	0.00391	0.00455	0.00269	0.08545
2	0.00954	0.13642	0.36164	0.01172	0.17030	0.02282	0.03262	0.04746	0.01811	0.09968	0.03934	0.00973	0.00699	0.00387	0.00353	0.00112	0.00466	0.01274	0.00221	0.00551
3	0.13781	0.15746	0.30247	0.00963	0.06434	0.09113	0.04108	0.07507	0.04950	0.02861	0.00697	0.00787	0.00532	0.00366	0.00325	0.00110	0.00471	0.00274	0.00209	0.00520
4	0.00525	0.00369	0.00484	0.00549	0.00587	0.00359	0.00402	0.00611	0.00731	0.00968	0.03361	0.40084	0.02147	0.20454	0.00814	0.00206	0.00290	0.26436	0.00321	0.00301
5	0.01078	0.18391	0.24338	0.01061	0.10841	0.29689	0.00925	0.01290	0.00893	0.04212	0.00655	0.00762	0.00520	0.00367	0.00341	0.00103	0.01752	0.00263	0.02015	0.00501
6	0.00910	0.04073	0.28077	0.03023	0.22171	0.00812	0.08404	0.03907	0.02251	0.10344	0.06183	0.01214	0.06104	0.00427	0.00379	0.00117	0.00447	0.00378	0.00240	0.00540
7	0.01159	0.01151	0.23771	0.04080	0.03364	0.09460	0.08246	0.03592	0.00950	0.29948	0.03695	0.01108	0.02207	0.00474	0.01942	0.00127	0.03535	0.00354	0.00289	0.00545
8	0.01382	0.00844	0.00952	0.00748	0.01017	0.00890	0.00612	0.45050	0.08665	0.25267	0.01150	0.01100	0.00796	0.00458	0.00365	0.00112	0.00353	0.00358	0.09275	0.00605
9	0.89465	0.00726	0.00551	0.00493	0.00726	0.00842	0.00406	0.01103	0.00638	0.01683	0.00522	0.00609	0.00406	0.00348	0.00232	0.00116	0.00290	0.00203	0.00232	0.00406
10	0.00522	0.00383	0.00489	0.00463	0.00555	0.00350	0.00347	0.00691	0.01041	0.01455	0.76105	0.02885	0.11742	0.00786	0.00443	0.00119	0.00178	0.00690	0.00406	0.00350
11	0.82656	0.00808	0.00591	0.00530	0.00759	0.07373	0.00431	0.01133	0.00671	0.01624	0.00527	0.00615	0.00412	0.00351	0.00240	0.00115	0.00320	0.00206	0.00229	0.00409
12	0.00510	0.00412	0.00515	0.00479	0.00603	0.00361	0.04357	0.00637	0.00906	0.02474	0.25587	0.09639	0.50400	0.00879	0.00445	0.00126	0.00212	0.00758	0.00360	0.00340
13	0.00806	0.05956	0.41511	0.00901	0.02500	0.08164	0.03037	0.04880	0.02234	0.01267	0.19150	0.01320	0.03647	0.00478	0.00395	0.00116	0.02525	0.00385	0.00238	0.00489
14	0.00491	0.00367	0.00456	0.00465	0.00544	0.00332	0.00337	0.00620	0.00922	0.01246	0.43974	0.25763	0.21267	0.00919	0.00453	0.00129	0.00191	0.00809	0.00381	0.00332
15	0.06132	0.00875	0.00914	0.00778	0.01018	0.00997	0.00619	0.26243	0.54511	0.01814	0.01282	0.01205	0.00951	0.00482	0.00371	0.00122	0.00331	0.00386	0.00371	0.00596
16	0.00851	0.19707	0.39096	0.08959	0.02520	0.00919	0.00984	0.01148	0.02069	0.05488	0.00734	0.03208	0.00581	0.00371	0.00328	0.00104	0.00454	0.00289	0.00193	0.11995
17	0.01002	0.24918	0.30875	0.00875	0.01260	0.01039	0.05300	0.13592	0.04150	0.08111	0.04854	0.00929	0.00719	0.00393	0.00339	0.00108	0.00448	0.00308	0.00239	0.00543
18	0.00875	0.30002	0.17251	0.03306	0.01491	0.01075	0.32783	0.01133	0.00820	0.01080	0.02292	0.00983	0.00636	0.02030	0.00388	0.00115	0.00515	0.02552	0.00183	0.00492
19	0.00630	0.00408	0.00519	0.00477	0.00591	0.00368	0.00363	0.00792	0.01033	0.09523	0.64325	0.02774	0.15234	0.00765	0.00436	0.00119	0.00193	0.00666	0.00408	0.00376
20	0.00880	0.05045	0.10552	0.28780	0.27480	0.10466	0.04067	0.01133	0.02804	0.01076	0.00703	0.00948	0.00566	0.02242	0.01622	0.00127	0.00509	0.00323	0.00182	0.00494
21	0.05232	0.03899	0.27943	0.06644	0.10545	0.08838	0.03175	0.06110	0.02407	0.17515	0.01972	0.02572	0.00679	0.00406	0.00360	0.00115	0.00465	0.00328	0.00253	0.00542
22	0.02507	0.01218	0.34997	0.15411	0.10763	0.00829	0.02138	0.08182	0.02320	0.04521	0.02829	0.02837	0.04943	0.00485	0.02090	0.00131	0.02708	0.00361	0.00220	0.00513
23	0.00488	0.00380	0.00443	0.00431	0.00535	0.00335	0.00322	0.00624	0.00956	0.01261	0.44537	0.05669	0.40944	0.00864	0.00444	0.00123	0.00184	0.00743	0.00381	0.00335
24	0.05212	0.00661	0.01738	0.07747	0.04545	0.00658	0.03942	0.12244	0.05696	0.21919	0.14414	0.06384	0.05413	0.01521	0.00412	0.00125	0.00329	0.04299	0.02247	0.00495
25	0.00985	0.08213	0.04975	0.04772	0.48273	0.07243	0.09495	0.01227	0.03040	0.05711	0.02072	0.00949	0.00645	0.00356	0.00367	0.00111	0.00470	0.00335	0.00207	0.00554
26	0.00557	0.00409	0.00599	0.00594	0.00660	0.00472	0.00456	0.02197	0.00618	0.00884	0.00999	0.01499	0.00943	0.06846	0.76616	0.03775	0.00938	0.00405	0.00204	0.00329
27	0.00476	0.00369	0.00429	0.00463	0.00543	0.00330	0.00338	0.00568	0.00804	0.01013	0.06735	0.28486	0.41541	0.06732	0.00560	0.00155	0.00226	0.09579	0.00343	0.00312
28	0.01090	0.16403	0.25878	0.00996	0.02780	0.16624	0.11419	0.06674	0.02925	0.10631	0.00768	0.00844	0.00570	0.00372	0.00348	0.00108	0.00516	0.00298	0.00224	0.00530

[dist]
# distance from previous block
# <min> <max>
0	1

[block]
# block no. 6 follows, 73 sequences, length 55
# corresponding to MSA columns:
# 219-273
name=unknown_G
#
# <colnr> <probs for GDERKNQSTAVLIFYWHMCP>
#	G	D	E	R	K	N	Q	S	T	A	V	L	I	F	Y	W	H	M	C	P
0	0.01129	0.30783	0.16918	0.00807	0.01151	0.02446	0.03495	0.13248	0.09686	0.15545	0.00882	0.00894	0.00652	0.00391	0.00328	0.00105	0.00419	0.00297	0.00268	0.00556
1	0.01097	0.02403	0.00941	0.00855	0.02272	0.52550	0.00645	0.01193	0.00943	0.00942	0.01287	0.01353	0.19181	0.00547	0.00482	0.00113	0.12187	0.00377	0.00223	0.00408
2	0.01026	0.00979	0.03820	0.10564	0.64392	0.02349	0.01132	0.05040	0.00952	0.01338	0.00851	0.03353	0.00733	0.00443	0.00428	0.00134	0.01225	0.00386	0.00234	0.00620
3	0.02522	0.16487	0.35056	0.00935	0.03921	0.02325	0.03997	0.09012	0.05909	0.14200	0.00858	0.01737	0.00628	0.00391	0.00345	0.00111	0.00456	0.00308	0.00246	0.00557
4	0.00900	0.09220	0.42801	0.04846	0.10835	0.01841	0.02932	0.05227	0.06621	0.06290	0.00800	0.01639	0.00607	0.01814	0.00397	0.00120	0.02042	0.00314	0.00211	0.00546
5	0.00463	0.00366	0.00414	0.00433	0.00523	0.00320	0.00311	0.00560	0.00843	0.01066	0.15462	0.25827	0.48177	0.02898	0.00486	0.00138	0.00199	0.00843	0.00355	0.00317
6	0.00750	0.01153	0.31930	0.00815	0.02448	0.10341	0.01708	0.01028	0.04492	0.03099	0.14188	0.15999	0.07906	0.00629	0.00401	0.00124	0.00403	0.01869	0.00270	0.00449
7	0.01102	0.01109	0.21226	0.01801	0.05513	0.02722	0.04394	0.12205	0.25980	0.17650	0.01752	0.01114	0.00820	0.00437	0.00375	0.00120	0.00410	0.00362	0.00319	0.00588
8	0.01703	0.02125	0.25056	0.03729	0.44243	0.07615	0.06403	0.02565	0.00865	0.01202	0.00689	0.00870	0.00546	0.00346	0.00367	0.00113	0.00506	0.00315	0.00182	0.00558
9	0.09509	0.00673	0.01068	0.77443	0.02400	0.00834	0.00979	0.00973	0.00739	0.01030	0.00653	0.00962	0.00491	0.00372	0.00361	0.00124	0.00479	0.00321	0.00173	0.00416
10	0.00650	0.00425	0.00629	0.00609	0.00698	0.00477	0.00477	0.00785	0.00650	0.09186	0.01052	0.01454	0.00937	0.02581	0.76905	0.00555	0.00937	0.00400	0.00227	0.00365
11	0.01076	0.00883	0.01351	0.04079	0.46906	0.00905	0.05608	0.16368	0.06982	0.09322	0.02254	0.01028	0.00718	0.00388	0.00379	0.00115	0.00425	0.00357	0.00264	0.00592
12	0.09314	0.00493	0.00610	0.00689	0.08936	0.00485	0.00460	0.04038	0.00833	0.06662	0.04532	0.27715	0.16399	0.02954	0.01821	0.00144	0.00277	0.06239	0.07013	0.00387
13	0.00589	0.00383	0.00502	0.00499	0.00578	0.00352	0.00361	0.00721	0.00933	0.07255	0.48035	0.29626	0.04203	0.03602	0.00496	0.00137	0.00206	0.00779	0.00389	0.00354
14	0.00818	0.00677	0.00790	0.00567	0.00899	0.00521	0.00455	0.03369	0.00814	0.03211	0.00693	0.00793	0.00567	0.00287	0.00283	0.00059	0.00283	0.00229	0.00232	0.84453
15	0.27193	0.00786	0.00956	0.03827	0.23199	0.02697	0.00688	0.11324	0.04621	0.11117	0.00793	0.00910	0.00608	0.00474	0.00440	0.08936	0.00369	0.00302	0.00261	0.00497
16	0.00473	0.00360	0.00436	0.00469	0.00542	0.00323	0.00336	0.00575	0.00843	0.01101	0.20660	0.38630	0.29609	0.01008	0.00460	0.00137	0.00203	0.03153	0.00362	0.00321
17	0.00517	0.00368	0.00482	0.00540	0.00581	0.00361	0.00393	0.00602	0.00716	0.00947	0.01860	0.38813	0.05542	0.19204	0.06861	0.00233	0.00335	0.21033	0.00312	0.00301
18	0.22266	0.00741	0.00813	0.00657	0.00914	0.03437	0.00539	0.13931	0.02036	0.42045	0.05563	0.01212	0.00924	0.00466	0.00349	0.00117	0.00331	0.02726	0.00380	0.00553
19	0.05952	0.10802	0.27580	0.00928	0.03036	0.19386	0.02119	0.14962	0.02735	0.07136	0.01569	0.00827	0.00581	0.00388	0.00341	0.00109	0.00500	0.00285	0.00236	0.00531
20	0.00577	0.00422	0.00507	0.00481	0.00595	0.00393	0.00366	0.00789	0.06819	0.04355	0.48809	0.04875	0.25723	0.00806	0.00439	0.00123	0.00200	0.02963	0.00391	0.00369
21	0.00886	0.00848	0.01447	0.18288	0.68818	0.00880	0.01130	0.01115	0.00834	0.01175	0.00698	0.00942	0.00576	0.00342	0.00372	0.00114	0.00456	0.00334	0.00182	0.00560
22	0.07198	0.01085	0.01294	0.01415	0.29690	0.21271	0.10949	0.05109	0.06812	0.10351	0.00821	0.00926	0.00629	0.00377	0.00364	0.00112	0.00488	0.00327	0.00244	0.00539
23	0.00512	0.00410	0.00613	0.01928	0.00706	0.00382	0.07810	0.00624	0.00803	0.01070	0.14159	0.53810	0.12122	0.00996	0.00465	0.00142	0.00253	0.02519	0.00341	0.00334
24	0.03044	0.06771	0.00892	0.00629	0.03537	0.00614	0.00491	0.03298	0.01657	0.03084	0.00687	0.00787	0.00564	0.00296	0.00283	0.00064	0.00297	0.00233	0.00228	0.72543
25	0.05148	0.08369	0.43810	0.00935	0.01358	0.02374	0.03470	0.18706	0.02962	0.07046	0.01923	0.00870	0.00598	0.00389	0.00351	0.00114	0.00477	0.00300	0.00239	0.00560
26	0.00461	0.00330	0.00440	0.00527	0.00551	0.00308	0.00356	0.00530	0.00723	0.00963	0.02065	0.84164	0.02472	0.01171	0.00480	0.00153	0.00221	0.03430	0.00348	0.00306
27	0.00920	0.00883	0.01507	0.05534	0.81309	0.00889	0.01147	0.01144	0.00850	0.01215	0.00704	0.00931	0.00591	0.00336	0.00372	0.00112	0.00448	0.00334	0.00185	0.00587
28	0.00644	0.00329	0.00483	0.00483	0.00483	0.00329	0.00319	0.00493	0.00493	0.00657	0.00690	0.01235	0.00703	0.07425	0.01498	0.82733	0.00329	0.00342	0.00168	0.00168
29	0.01613	0.00618	0.00833	0.00645	0.00920	0.00537	0.00531	0.01760	0.01053	0.78769	0.01462	0.01286	0.00931	0.00462	0.00369	0.00114	0.00309	0.00375	0.06795	0.00618
30	0.01124	0.11265	0.14567	0.00987	0.05181	0.16654	0.10320	0.14524	0.01920	0.08863	0.00768	0.00847	0.00578	0.00370	0.00347	0.00102	0.00485	0.00298	0.00242	0.10560
31	0.00793	0.00647	0.00756	0.00552	0.00858	0.00499	0.00435	0.00962	0.02164	0.03835	0.00744	0.00924	0.00635	0.06483	0.00400	0.00081	0.00286	0.00254	0.00233	0.78461
32	0.13436	0.00883	0.01069	0.22856	0.02857	0.08192	0.06371	0.19691	0.02413	0.17348	0.00868	0.00954	0.00615	0.00404	0.00357	0.00117	0.00437	0.00326	0.00287	0.00521
33	0.00687	0.09215	0.02657	0.00603	0.00717	0.00580	0.00467	0.12668	0.01725	0.02142	0.01674	0.53741	0.03756	0.01006	0.03622	0.01624	0.00307	0.02105	0.00322	0.00383
34	0.00538	0.00361	0.00414	0.00421	0.00424	0.00358	0.00241	0.00547	0.00573	0.00766	0.03178	0.09807	0.01512	0.77351	0.01751	0.00340	0.00347	0.00594	0.00242	0.00237
35	0.00929	0.00891	0.01523	0.02303	0.84475	0.00891	0.01151	0.01151	0.00854	0.01226	0.00706	0.00929	0.00594	0.00334	0.00371	0.00111	0.00446	0.00334	0.00186	0.00594
36	0.00801	0.00686	0.00847	0.00724	0.08801	0.00541	0.00513	0.00982	0.01786	0.02162	0.00705	0.01753	0.00592	0.00298	0.00291	0.00063	0.00294	0.00246	0.00225	0.77689
37	0.00570	0.00420	0.00462	0.00448	0.00577	0.00374	0.00336	0.00735	0.06095	0.06828	0.11958	0.11451	0.56602	0.00892	0.00438	0.00128	0.00207	0.00755	0.00365	0.00359
38	0.00448	0.00375	0.00389	0.00396	0.00512	0.00317	0.00293	0.00543	0.00850	0.01026	0.06453	0.11053	0.74134	0.00964	0.00447	0.00129	0.00192	0.00813	0.00351	0.00317
39	0.01003	0.87041	0.01966	0.00642	0.00963	0.01485	0.00642	0.01123	0.00762	0.00883	0.00522	0.00602	0.00481	0.00321	0.00241	0.00080	0.00401	0.00201	0.00160	0.00481
40	0.03394	0.03075	0.38252	0.06135	0.16433	0.00836	0.05057	0.03236	0.01930	0.16837	0.00843	0.00931	0.00598	0.00375	0.00363	0.00117	0.00475	0.00317	0.00233	0.00564
41	0.00737	0.01279	0.39827	0.01095	0.08018	0.02185	0.11011	0.01022	0.00779	0.01110	0.01034	0.13085	0.05108	0.00595	0.02852	0.00142	0.08989	0.00448	0.00203	0.00482
42	0.00618	0.00394	0.00480	0.00468	0.00556	0.00358	0.00332	0.00717	0.00848	0.09739	0.24821	0.18686	0.21791	0.17631	0.00729	0.00174	0.00239	0.00722	0.00355	0.00341
43	0.09448	0.00436	0.00560	0.00586	0.01796	0.00422	0.02236	0.02085	0.00772	0.10080	0.02543	0.62300	0.02003	0.02306	0.00461	0.00146	0.00253	0.00859	0.00343	0.00364
44	0.01018	0.09722	0.26966	0.02206	0.29112	0.02184	0.02727	0.01316	0.04209	0.15726	0.00844	0.00933	0.00624	0.00370	0.00356	0.00112	0.00455	0.00315	0.00231	0.00573
45	0.00549	0.00414	0.00559	0.08236	0.03084	0.00411	0.00436	0.00678	0.01786	0.01944	0.21932	0.27800	0.11190	0.11244	0.03423	0.00178	0.00289	0.05182	0.00325	0.00337
46	0.00466	0.00334	0.00427	0.00500	0.00531	0.00310	0.00334	0.00532	0.00720	0.00957	0.02138	0.72816	0.09103	0.06421	0.00560	0.00162	0.00224	0.00997	0.02165	0.00302
47	0.80669	0.00846	0.08912	0.00550	0.00815	0.00845	0.00503	0.01111	0.00654	0.01634	0.00537	0.00628	0.00413	0.00349	0.00244	0.00116	0.00316	0.00210	0.00225	0.00421
48	0.00793	0.00681	0.00785	0.00576	0.00898	0.00543	0.00459	0.01049	0.09010	0.01257	0.00752	0.00840	0.00614	0.00301	0.00288	0.00063	0.00280	0.00242	0.00238	0.80332
49	0.00973	0.00902	0.01474	0.04144	0.74271	0.00917	0.01105	0.09285	0.00942	0.01332	0.00724	0.00928	0.00596	0.00347	0.00372	0.00112	0.00444	0.00335	0.00204	0.00594
50	0.00996	0.78498	0.01922	0.00807	0.09244	0.01426	0.00692	0.01126	0.00771	0.00917	0.00540	0.00634	0.00493	0.00322	0.00254	0.00083	0.00406	0.00214	0.00163	0.00493
51	0.00882	0.06917	0.69545	0.00994	0.01502	0.00869	0.01239	0.01263	0.00825	0.11436	0.00763	0.00840	0.00531	0.00368	0.00352	0.00116	0.00516	0.00285	0.00196	0.00560
52	0.00777	0.00778	0.01119	0.77490	0.02443	0.09210	0.01010	0.01012	0.00781	0.00955	0.00658	0.00968	0.00498	0.00376	0.00371	0.00122	0.00518	0.00324	0.00169	0.00419
53	0.01070	0.78473	0.01857	0.00644	0.00962	0.01392	0.00633	0.01193	0.00793	0.09197	0.00617	0.00669	0.00526	0.00335	0.00254	0.00084	0.00393	0.00218	0.00191	0.00497
54	0.00721	0.00646	0.08930	0.00592	0.00748	0.04910	0.00499	0.00924	0.04287	0.10324	0.38170	0.17134	0.07685	0.02167	0.00450	0.00128	0.00272	0.00647	0.00362	0.00405

[dist]
# distance from previous block
# <min> <max>
1	39

[block]
# block no. 7 follows, 73 sequences, length 153
# corresponding to MSA columns:
# 313-465
name=unknown_H
#
# <colnr> <probs for GDERKNQSTAVLIFYWHMCP>
#	G	D	E	R	K	N	Q	S	T	A	V	L	I	F	Y	W	H	M	C	P
0	0.04125	0.03225	0.06852	0.01215	0.24036	0.07147	0.05397	0.07305	0.12717	0.09973	0.08928	0.02167	0.00986	0.00435	0.00370	0.00113	0.00403	0.00376	0.00281	0.03950
1	0.01969	0.06814	0.12026	0.01247	0.26627	0.06618	0.00858	0.09427	0.11863	0.06918	0.08258	0.02059	0.01770	0.00436	0.00366	0.00112	0.00409	0.00367	0.00268	0.01590
2	0.04289	0.08503	0.16546	0.02240	0.08713	0.05907	0.02836	0.05699	0.10156	0.11416	0.05225	0.03763	0.02013	0.00452	0.00399	0.00113	0.04711	0.00359	0.00267	0.06392
3	0.06515	0.02269	0.25991	0.00939	0.07516	0.04032	0.00858	0.13296	0.13710	0.12286	0.05511	0.01089	0.00847	0.01624	0.00382	0.00119	0.00414	0.00344	0.00288	0.01970
4	0.01028	0.05299	0.18851	0.00976	0.08250	0.06724	0.06851	0.09624	0.06454	0.12183	0.04364	0.02032	0.00778	0.00400	0.00356	0.00105	0.00426	0.00334	0.00265	0.14699
5	0.13230	0.01240	0.36449	0.00922	0.05550	0.01737	0.03744	0.05133	0.02708	0.09542	0.09896	0.01065	0.00881	0.00416	0.00362	0.00115	0.01456	0.00333	0.00248	0.04971
6	0.00904	0.00850	0.03768	0.00965	0.15430	0.05728	0.00670	0.07845	0.05852	0.02354	0.02835	0.00990	0.01777	0.00384	0.00389	0.00091	0.06043	0.01451	0.00241	0.41433
7	0.01987	0.01063	0.22575	0.01309	0.25932	0.00790	0.06050	0.01234	0.03951	0.13921	0.08887	0.01135	0.00908	0.00424	0.00425	0.00118	0.05347	0.00364	0.00251	0.03330
8	0.00730	0.00681	0.01121	0.80487	0.03639	0.00843	0.01023	0.02237	0.03681	0.01005	0.00701	0.01012	0.00526	0.00380	0.00375	0.00125	0.00491	0.00337	0.00178	0.00429
9	0.01313	0.01095	0.01040	0.00849	0.01111	0.14485	0.00681	0.47864	0.21311	0.04834	0.01020	0.00998	0.00745	0.00455	0.00371	0.00114	0.00424	0.00345	0.00351	0.00595
10	0.00596	0.00429	0.00593	0.00675	0.00764	0.00426	0.00589	0.00765	0.00863	0.01117	0.02078	0.04201	0.06287	0.01032	0.00514	0.00170	0.00338	0.77872	0.00346	0.00344
11	0.00545	0.00365	0.00417	0.00417	0.00420	0.00368	0.00237	0.00551	0.00548	0.00733	0.01175	0.02415	0.01347	0.83409	0.05292	0.00373	0.00390	0.00540	0.00226	0.00232
12	0.01183	0.01842	0.01834	0.05094	0.01145	0.11087	0.00678	0.31651	0.33541	0.04954	0.01116	0.01091	0.00823	0.00460	0.00370	0.00117	0.00398	0.00359	0.01678	0.00579
13	0.00759	0.01901	0.81923	0.01059	0.01601	0.00873	0.01358	0.01216	0.03705	0.01202	0.00703	0.00813	0.00499	0.00362	0.00357	0.00119	0.00545	0.00282	0.00166	0.00556
14	0.89465	0.00726	0.00551	0.00493	0.00726	0.00842	0.00406	0.01103	0.00638	0.01683	0.00522	0.00609	0.00406	0.00348	0.00232	0.00116	0.00290	0.00203	0.00232	0.00406
15	0.00546	0.00364	0.00409	0.00409	0.00409	0.00364	0.00227	0.00546	0.00546	0.00727	0.01182	0.02455	0.01364	0.86815	0.01910	0.00364	0.00364	0.00546	0.00227	0.00227
16	0.00457	0.00326	0.00435	0.00522	0.00544	0.00305	0.00348	0.00522	0.00718	0.00958	0.02068	0.86570	0.02481	0.01175	0.00479	0.00152	0.00218	0.01067	0.00348	0.00305
17	0.85055	0.00721	0.00567	0.00502	0.00737	0.00827	0.00414	0.01139	0.00660	0.05856	0.00571	0.00643	0.00433	0.00354	0.00239	0.00116	0.00292	0.00212	0.00244	0.00418
18	0.05490	0.66828	0.08320	0.00681	0.01010	0.04279	0.00685	0.01191	0.00791	0.06942	0.00604	0.00668	0.00509	0.00338	0.00263	0.00088	0.00412	0.00221	0.00187	0.00493
19	0.00457	0.00326	0.00435	0.00522	0.00544	0.00305	0.00348	0.00522	0.00718	0.00958	0.02068	0.86570	0.02481	0.01175	0.00479	0.00152	0.00218	0.01067	0.00348	0.00305
20	0.00821	0.00821	0.01149	0.00985	0.00985	0.01149	0.00821	0.00903	0.00575	0.00903	0.00492	0.00821	0.00492	0.00657	0.01231	0.00164	0.86128	0.00328	0.00164	0.00410
21	0.00911	0.00892	0.02890	0.08001	0.75729	0.00888	0.01136	0.01156	0.02548	0.01214	0.00719	0.00941	0.00597	0.00341	0.00372	0.00113	0.00448	0.00335	0.00188	0.00581
22	0.00757	0.00541	0.00664	0.00536	0.00750	0.00454	0.00419	0.00958	0.03847	0.09251	0.38519	0.01761	0.01959	0.00524	0.00365	0.00092	0.00237	0.00450	0.00337	0.37577
23	0.82217	0.04937	0.03446	0.00520	0.00767	0.00874	0.00451	0.01107	0.00650	0.01628	0.00527	0.00615	0.00412	0.00347	0.00237	0.00114	0.00304	0.00206	0.00226	0.00415
24	0.05299	0.08190	0.70706	0.01011	0.02553	0.00906	0.01252	0.01199	0.00792	0.03815	0.00680	0.00786	0.00488	0.00356	0.00342	0.00116	0.00521	0.00272	0.00172	0.00545
25	0.01282	0.01744	0.11404	0.00979	0.01218	0.70176	0.02803	0.01428	0.01025	0.00977	0.03225	0.00766	0.00580	0.00393	0.00346	0.00101	0.00645	0.00265	0.00196	0.00449
26	0.00784	0.00748	0.06036	0.00610	0.00952	0.00531	0.02323	0.00970	0.00790	0.02143	0.02397	0.00831	0.00616	0.00296	0.00291	0.00063	0.00301	0.00242	0.00224	0.78852
27	0.00886	0.01012	0.02214	0.01581	0.01961	0.00949	0.83112	0.01202	0.00886	0.01202	0.00759	0.01012	0.00569	0.00316	0.00443	0.00127	0.00633	0.00443	0.00190	0.00506
28	0.01204	0.00650	0.00888	0.02292	0.14463	0.03404	0.00644	0.01361	0.00968	0.42602	0.03247	0.05921	0.05420	0.00603	0.00409	0.00127	0.00345	0.14548	0.00372	0.00532
29	0.00669	0.04888	0.00739	0.00703	0.04948	0.06998	0.00509	0.00795	0.03132	0.00885	0.00922	0.01354	0.00861	0.06273	0.55182	0.09417	0.00800	0.00376	0.00200	0.00348
30	0.00781	0.03161	0.00836	0.00584	0.00909	0.00535	0.02156	0.00949	0.00783	0.01209	0.00711	0.00899	0.00610	0.00307	0.00289	0.00062	0.00291	0.03094	0.00224	0.81611
31	0.00781	0.05586	0.73794	0.01033	0.03227	0.00867	0.01278	0.01180	0.00797	0.02623	0.00709	0.00825	0.00510	0.00360	0.00347	0.00115	0.00522	0.00280	0.04623	0.00543
32	0.00505	0.00380	0.00502	0.03544	0.00654	0.00381	0.00400	0.00641	0.05748	0.01004	0.03274	0.74309	0.02303	0.01088	0.00485	0.00150	0.01996	0.01965	0.00341	0.00330
33	0.00566	0.00410	0.00557	0.00636	0.00711	0.00404	0.00527	0.00723	0.02096	0.01085	0.02095	0.23472	0.06596	0.01056	0.00503	0.00165	0.00306	0.57406	0.00347	0.00338
34	0.00946	0.02757	0.19437	0.01277	0.27549	0.00740	0.04501	0.01217	0.03285	0.15759	0.13507	0.01311	0.03049	0.00444	0.00380	0.00114	0.00400	0.00394	0.00272	0.02661
35	0.05756	0.04193	0.55322	0.01130	0.11405	0.02588	0.02156	0.01257	0.00829	0.10839	0.00756	0.00849	0.00540	0.00365	0.00351	0.00116	0.00499	0.00290	0.00202	0.00556
36	0.00817	0.00816	0.01148	0.03653	0.01035	0.01139	0.00828	0.00905	0.00580	0.00905	0.00498	0.00826	0.00493	0.00648	0.01204	0.00163	0.83438	0.00328	0.00164	0.00411
37	0.00514	0.00396	0.00525	0.07645	0.01748	0.01464	0.00426	0.00631	0.03339	0.00987	0.01906	0.72411	0.03127	0.01054	0.00460	0.00147	0.00251	0.00952	0.01687	0.00329
38	0.00942	0.03821	0.17764	0.02656	0.57492	0.00872	0.01123	0.01196	0.00854	0.07255	0.00797	0.00958	0.01870	0.00357	0.00366	0.00113	0.00453	0.00329	0.00202	0.00580
39	0.01136	0.03302	0.00787	0.00653	0.02075	0.00569	0.01674	0.01266	0.05087	0.35462	0.12240	0.01950	0.02290	0.27673	0.01893	0.00214	0.00357	0.00496	0.00381	0.00494
40	0.00853	0.00726	0.00768	0.00695	0.00889	0.00819	0.00539	0.02757	0.66669	0.01505	0.06590	0.01747	0.11528	0.00577	0.00391	0.00126	0.00277	0.00482	0.01518	0.00543
41	0.38226	0.00927	0.01926	0.01214	0.28644	0.10935	0.03850	0.02357	0.00799	0.03190	0.00642	0.00782	0.00514	0.00359	0.00327	0.00113	0.02165	0.00273	0.02272	0.00485
42	0.82663	0.02770	0.00613	0.01621	0.00773	0.04311	0.00433	0.01118	0.00660	0.01624	0.00527	0.00617	0.00412	0.00350	0.00239	0.00115	0.00311	0.00206	0.00228	0.00409
43	0.00842	0.00835	0.02507	0.14354	0.51907	0.00834	0.12284	0.01070	0.00833	0.01158	0.00888	0.06864	0.03104	0.00413	0.00391	0.00119	0.00458	0.00411	0.00199	0.00528
44	0.00538	0.00391	0.00508	0.00477	0.00568	0.00365	0.00358	0.00732	0.02595	0.01506	0.82743	0.02776	0.03496	0.00762	0.00441	0.00118	0.00179	0.00674	0.00412	0.00358
45	0.00650	0.00561	0.00830	0.15773	0.01062	0.00678	0.03568	0.00766	0.00666	0.00933	0.07492	0.06497	0.01140	0.19350	0.14133	0.01388	0.21971	0.01974	0.00218	0.00349
46	0.00933	0.00806	0.00848	0.00764	0.00976	0.00933	0.00594	0.01994	0.83797	0.01569	0.01527	0.01400	0.01145	0.00509	0.00382	0.00127	0.00297	0.00424	0.00382	0.00594
47	0.00709	0.00667	0.01125	0.85913	0.02584	0.00834	0.01042	0.00959	0.00750	0.00959	0.00667	0.01000	0.00500	0.00375	0.00375	0.00125	0.00500	0.00333	0.00167	0.00417
48	0.00546	0.00364	0.00409	0.00409	0.00409	0.00364	0.00227	0.00546	0.00546	0.00727	0.01182	0.02455	0.01364	0.86815	0.01910	0.00364	0.00364	0.00546	0.00227	0.00227
49	0.00778	0.00667	0.00778	0.00556	0.00889	0.00500	0.00445	0.00945	0.00778	0.01223	0.00667	0.00778	0.00556	0.00278	0.00278	0.00056	0.00278	0.00222	0.00222	0.89108
50	0.00778	0.00667	0.00778	0.00556	0.00889	0.00500	0.00445	0.00945	0.00778	0.01223	0.00667	0.00778	0.00556	0.00278	0.00278	0.00056	0.00278	0.00222	0.00222	0.89108
51	0.00752	0.01941	0.84871	0.01069	0.01624	0.00871	0.01386	0.01188	0.00792	0.01188	0.00673	0.00792	0.00475	0.00356	0.00356	0.00119	0.00554	0.00277	0.00158	0.00554
52	0.00778	0.00667	0.00778	0.00556	0.00889	0.00500	0.00445	0.00945	0.00778	0.01223	0.00667	0.00778	0.00556	0.00278	0.00278	0.00056	0.00278	0.00222	0.00222	0.89108
53	0.01401	0.01788	0.01063	0.00967	0.01160	0.85309	0.00725	0.01498	0.01063	0.00918	0.00580	0.00677	0.00483	0.00387	0.00338	0.00097	0.00677	0.00242	0.00193	0.00435
54	0.89465	0.00726	0.00551	0.00493	0.00726	0.00842	0.00406	0.01103	0.00638	0.01683	0.00522	0.00609	0.00406	0.00348	0.00232	0.00116	0.00290	0.00203	0.00232	0.00406
55	0.00539	0.00387	0.00528	0.00527	0.00571	0.00425	0.00376	0.00627	0.00605	0.00851	0.05252	0.01894	0.01222	0.32975	0.51009	0.00492	0.00732	0.00468	0.00221	0.00297
56	0.00457	0.00326	0.00435	0.00522	0.00544	0.00305	0.00348	0.00522	0.00718	0.00958	0.02068	0.86570	0.02481	0.01175	0.00479	0.00152	0.00218	0.01067	0.00348	0.00305
57	0.00821	0.00821	0.01149	0.00985	0.00985	0.01149	0.00821	0.00903	0.00575	0.00903	0.00492	0.00821	0.00492	0.00657	0.01231	0.00164	0.86128	0.00328	0.00164	0.00410
58	0.00443	0.00380	0.00380	0.00380	0.00507	0.00317	0.00285	0.00538	0.00855	0.01014	0.03801	0.03611	0.84322	0.00950	0.00443	0.00127	0.00190	0.00792	0.00348	0.00317
59	0.89465	0.00726	0.00551	0.00493	0.00726	0.00842	0.00406	0.01103	0.00638	0.01683	0.00522	0.00609	0.00406	0.00348	0.00232	0.00116	0.00290	0.00203	0.00232	0.00406
60	0.00821	0.00821	0.01149	0.00985	0.00985	0.01149	0.00821	0.00903	0.00575	0.00903	0.00492	0.00821	0.00492	0.00657	0.01231	0.00164	0.86128	0.00328	0.00164	0.00410
61	0.01439	0.01030	0.01113	0.00853	0.01153	0.01133	0.00705	0.79134	0.01729	0.06503	0.00930	0.00920	0.00653	0.00451	0.00375	0.00113	0.00408	0.00340	0.00380	0.00638
62	0.00929	0.00891	0.01523	0.02303	0.84475	0.00891	0.01151	0.01151	0.00854	0.01226	0.00706	0.00929	0.00594	0.00334	0.00371	0.00111	0.00446	0.00334	0.00186	0.00594
63	0.01683	0.00638	0.00871	0.00668	0.00958	0.00551	0.00551	0.01828	0.01074	0.84734	0.01480	0.01277	0.00929	0.00464	0.00377	0.00116	0.00319	0.00377	0.00464	0.00638
64	0.00443	0.00380	0.00380	0.00380	0.00507	0.00317	0.00285	0.00538	0.00855	0.01014	0.03801	0.03611	0.84322	0.00950	0.00443	0.00127	0.00190	0.00792	0.00348	0.00317
65	0.00741	0.00466	0.00639	0.00684	0.00797	0.00459	0.00587	0.00937	0.03793	0.11289	0.01912	0.07141	0.01987	0.00954	0.00495	0.00163	0.00335	0.65870	0.00361	0.00388
66	0.00551	0.00405	0.00519	0.00487	0.00581	0.00383	0.00366	0.00773	0.05219	0.01508	0.80119	0.02732	0.03420	0.00754	0.00439	0.00118	0.00183	0.00666	0.00411	0.00366
67	0.01381	0.06071	0.01109	0.00950	0.01150	0.81097	0.00721	0.01479	0.01048	0.00916	0.00577	0.00673	0.00483	0.00383	0.00333	0.00096	0.00663	0.00240	0.00192	0.00437
68	0.00546	0.00364	0.00409	0.00409	0.00409	0.00364	0.00227	0.00546	0.00546	0.00727	0.01182	0.02455	0.01364	0.86815	0.01910	0.00364	0.00364	0.00546	0.00227	0.00227
69	0.89465	0.00726	0.00551	0.00493	0.00726	0.00842	0.00406	0.01103	0.00638	0.01683	0.00522	0.00609	0.00406	0.00348	0.00232	0.00116	0.00290	0.00203	0.00232	0.00406
70	0.00538	0.00395	0.00568	0.00568	0.00623	0.00450	0.00425	0.00648	0.00593	0.00845	0.01037	0.01651	0.01015	0.17965	0.70282	0.00560	0.00889	0.00428	0.00206	0.00316
71	0.01683	0.00638	0.00871	0.00668	0.00958	0.00551	0.00551	0.01828	0.01074	0.84734	0.01480	0.01277	0.00929	0.00464	0.00377	0.00116	0.00319	0.00377	0.00464	0.00638
72	0.00976	0.00891	0.01564	0.04223	0.62970	0.00883	0.13230	0.03004	0.00890	0.06579	0.00766	0.00964	0.00610	0.00344	0.00383	0.00114	0.00466	0.00353	0.00208	0.00580
