[name]
unknown

[dist]
# distance from previous block
# <min> <max>
8	37

[block]
# block no. 0 follows, 66 sequences, length 117
# corresponding to MSA columns:
# 55-171
name=unknown_A
#
# <colnr> <probs for GDERKNQSTAVLIFYWHMCP>
#	G	D	E	R	K	N	Q	S	T	A	V	L	I	F	Y	W	H	M	C	P
0	0.03808	0.02828	0.00896	0.00841	0.06604	0.12161	0.00601	0.17082	0.06344	0.02615	0.05303	0.18376	0.03726	0.02004	0.00443	0.00128	0.01585	0.00539	0.08447	0.05669
1	0.15301	0.02447	0.00883	0.00775	0.03149	0.14501	0.04531	0.08682	0.00951	0.03366	0.07948	0.06693	0.05121	0.17235	0.00752	0.00177	0.03933	0.00471	0.00286	0.02798
2	0.02351	0.00854	0.00843	0.00732	0.00919	0.16817	0.04929	0.07061	0.03359	0.07362	0.17134	0.09019	0.14008	0.04946	0.00513	0.00138	0.00386	0.02029	0.00343	0.06258
3	0.00754	0.00528	0.00677	0.00732	0.07648	0.00519	0.00481	0.03173	0.08928	0.07961	0.15224	0.23958	0.11912	0.12488	0.01720	0.01474	0.00302	0.00734	0.00365	0.00423
4	0.00762	0.00719	0.02379	0.00808	0.03051	0.03971	0.11070	0.03490	0.18281	0.01346	0.10940	0.10949	0.26341	0.01983	0.00483	0.00141	0.00342	0.02127	0.00354	0.00462
5	0.03068	0.01016	0.01987	0.01444	0.01800	0.00988	0.58046	0.06413	0.00994	0.08058	0.00873	0.01105	0.00658	0.01962	0.00543	0.00139	0.06336	0.00444	0.00243	0.03882
6	0.00617	0.00501	0.00683	0.00800	0.13757	0.00464	0.00500	0.00791	0.01049	0.01431	0.47964	0.03937	0.24344	0.00813	0.00467	0.00129	0.00242	0.00712	0.00388	0.00413
7	0.00766	0.00721	0.01217	0.84767	0.02794	0.00901	0.01127	0.01037	0.00811	0.01037	0.00721	0.01082	0.00541	0.00406	0.00406	0.00135	0.00541	0.00361	0.00180	0.00451
8	0.01078	0.01013	0.00951	0.00852	0.01065	0.13184	0.00659	0.05250	0.60272	0.01561	0.01416	0.01398	0.01093	0.03348	0.02523	0.00154	0.02796	0.00427	0.00366	0.00594
9	0.01793	0.00735	0.00969	0.00743	0.01058	0.00662	0.00614	0.09900	0.01235	0.75465	0.01538	0.01341	0.00973	0.00501	0.00408	0.00125	0.00355	0.00404	0.00493	0.00690
10	0.01003	0.00878	0.00977	0.00936	0.05884	0.01018	0.00690	0.02042	0.73487	0.01638	0.01542	0.01452	0.01167	0.00548	0.00459	0.00139	0.04673	0.00448	0.00388	0.00632
11	0.01004	0.00964	0.01647	0.02490	0.83211	0.00964	0.01245	0.01245	0.00924	0.01325	0.00763	0.01004	0.00643	0.00361	0.00402	0.00120	0.00482	0.00361	0.00201	0.00643
12	0.00859	0.00816	0.01385	0.52513	0.34318	0.00926	0.01173	0.01118	0.00855	0.01150	0.00738	0.01051	0.00581	0.00388	0.00404	0.00129	0.00518	0.00361	0.00188	0.00526
13	0.01556	0.00646	0.00866	0.00687	0.00956	0.00573	0.00558	0.01759	0.04358	0.65029	0.16760	0.01693	0.01539	0.00565	0.00421	0.00126	0.00316	0.00471	0.00488	0.00631
14	0.19470	0.00816	0.00931	0.00732	0.01030	0.00823	0.00603	0.22029	0.01254	0.44287	0.03211	0.01170	0.00878	0.00481	0.00377	0.00125	0.00361	0.00367	0.00425	0.00631
15	0.83581	0.00796	0.00622	0.00553	0.00805	0.00922	0.00454	0.03188	0.03435	0.01834	0.00611	0.00695	0.00472	0.00385	0.00260	0.00126	0.00317	0.00231	0.00260	0.00452
16	0.16177	0.01077	0.01113	0.00866	0.01179	0.01200	0.00715	0.68299	0.01703	0.02433	0.00905	0.00921	0.00648	0.00468	0.00380	0.00122	0.00424	0.00341	0.00380	0.00648
17	0.00900	0.00875	0.01405	0.45119	0.38380	0.04089	0.01166	0.01151	0.00874	0.01163	0.00736	0.01034	0.00585	0.00387	0.00402	0.00128	0.00522	0.00357	0.00190	0.00537
18	0.01009	0.00875	0.00945	0.00889	0.04175	0.01007	0.00665	0.02121	0.79381	0.01683	0.01618	0.01494	0.01216	0.00543	0.00412	0.00137	0.00327	0.00455	0.00405	0.00642
19	0.01453	0.01392	0.01184	0.00986	0.01222	0.33129	0.00785	0.36902	0.01412	0.04812	0.00804	0.00884	0.00616	0.00491	0.00517	0.00123	0.12086	0.00325	0.00303	0.00572
20	0.00938	0.00931	0.00919	0.01048	0.11318	0.22553	0.00762	0.01146	0.04086	0.01188	0.01555	0.02999	0.01604	0.00819	0.00484	0.00155	0.00479	0.46263	0.00310	0.00443
21	0.01057	0.01095	0.01539	0.03376	0.59756	0.14550	0.05616	0.01272	0.00950	0.01246	0.00802	0.03800	0.00703	0.01974	0.00435	0.00126	0.00525	0.00382	0.00209	0.00588
22	0.01109	0.81245	0.02071	0.00714	0.01053	0.06259	0.00699	0.01238	0.00843	0.00957	0.00568	0.00655	0.00521	0.00351	0.00266	0.00088	0.00451	0.00219	0.00176	0.00518
23	0.01522	0.01126	0.01206	0.00929	0.01250	0.01249	0.00766	0.78832	0.04967	0.02524	0.01000	0.00995	0.00711	0.00489	0.00406	0.00122	0.00442	0.00369	0.00406	0.00688
24	0.01682	0.00703	0.00969	0.03980	0.03943	0.00617	0.00631	0.01847	0.01117	0.71613	0.01475	0.01318	0.00945	0.00479	0.00400	0.00121	0.00354	0.00393	0.00461	0.06953
25	0.88607	0.00785	0.00596	0.00534	0.00785	0.00910	0.00439	0.01193	0.00690	0.01820	0.00565	0.00659	0.00439	0.00377	0.00251	0.00126	0.00314	0.00220	0.00251	0.00439
26	0.00785	0.00747	0.01279	0.77601	0.07081	0.00909	0.03808	0.01056	0.00822	0.01061	0.00727	0.01078	0.00549	0.00401	0.00408	0.00134	0.00542	0.00365	0.00182	0.00464
27	0.00865	0.00747	0.01204	0.74677	0.02596	0.00912	0.01077	0.05918	0.00891	0.05109	0.00776	0.01087	0.00572	0.00419	0.00417	0.00134	0.01549	0.00363	0.00209	0.00477
28	0.00494	0.00353	0.00471	0.00565	0.00588	0.00330	0.00377	0.00565	0.00777	0.01036	0.02236	0.85477	0.02683	0.01271	0.00518	0.00165	0.00235	0.01153	0.00377	0.00330
29	0.88607	0.00785	0.00596	0.00534	0.00785	0.00910	0.00439	0.01193	0.00690	0.01820	0.00565	0.00659	0.00439	0.00377	0.00251	0.00126	0.00314	0.00220	0.00251	0.00439
30	0.00942	0.00730	0.00859	0.00624	0.00972	0.00575	0.00501	0.04990	0.00921	0.07633	0.02035	0.01816	0.00706	0.00343	0.00319	0.00070	0.00309	0.00276	0.00273	0.75107
31	0.01004	0.00964	0.01647	0.02490	0.83211	0.00964	0.01245	0.01245	0.00924	0.01325	0.00763	0.01004	0.00643	0.00361	0.00402	0.00120	0.00482	0.00361	0.00201	0.00643
32	0.01099	0.00901	0.01500	0.04911	0.66438	0.00892	0.01124	0.01328	0.00960	0.12956	0.03340	0.01121	0.00786	0.00397	0.00405	0.00122	0.00456	0.00379	0.00250	0.00635
33	0.07359	0.00778	0.00940	0.00824	0.00960	0.08993	0.06325	0.04152	0.02862	0.03459	0.05058	0.01464	0.06139	0.01518	0.32157	0.00333	0.15562	0.00429	0.00252	0.00435
34	0.00883	0.08444	0.67587	0.01150	0.01696	0.05702	0.06483	0.01299	0.00877	0.01244	0.00716	0.00849	0.00521	0.00382	0.00381	0.00124	0.00600	0.00303	0.00176	0.00583
35	0.66333	0.00990	0.00706	0.00639	0.00872	0.16894	0.00507	0.02415	0.00801	0.01634	0.00664	0.04774	0.00567	0.00429	0.00288	0.00123	0.00392	0.00275	0.00251	0.00444
36	0.00964	0.01221	0.14086	0.01475	0.01841	0.03312	0.52321	0.01289	0.02199	0.03341	0.00792	0.01033	0.00606	0.00413	0.00586	0.00140	0.13207	0.00426	0.00207	0.00543
37	0.00830	0.03617	0.09443	0.04243	0.03735	0.01845	0.05297	0.04017	0.03636	0.07003	0.02074	0.07601	0.03027	0.29020	0.06936	0.00251	0.00469	0.00506	0.00271	0.06179
38	0.00636	0.00452	0.00573	0.00533	0.00645	0.00428	0.00403	0.00884	0.06357	0.04108	0.71797	0.02922	0.07085	0.00810	0.00472	0.00129	0.00205	0.00712	0.00443	0.00407
39	0.01075	0.01177	0.06714	0.06439	0.34445	0.12368	0.15104	0.08196	0.03925	0.01360	0.00841	0.01032	0.01839	0.00408	0.00442	0.00125	0.03326	0.00375	0.00227	0.00582
40	0.00992	0.00683	0.00807	0.00647	0.00912	0.00620	0.00513	0.04334	0.15515	0.15202	0.18084	0.01626	0.04673	0.00523	0.00386	0.00104	0.00291	0.00437	0.00369	0.33282
41	0.74342	0.00856	0.00697	0.00617	0.00843	0.04967	0.00505	0.02663	0.00728	0.01712	0.00572	0.00690	0.00457	0.00413	0.00364	0.00129	0.08515	0.00237	0.00245	0.00446
42	0.00890	0.03541	0.42149	0.01416	0.01917	0.00998	0.40602	0.01290	0.00905	0.01284	0.00770	0.00968	0.00564	0.00363	0.00428	0.00132	0.00637	0.00385	0.00188	0.00572
43	0.00490	0.00411	0.00426	0.00422	0.00554	0.00347	0.00317	0.00603	0.00950	0.01155	0.12921	0.03807	0.74198	0.01005	0.00479	0.00136	0.00204	0.00843	0.00385	0.00347
44	0.00485	0.00388	0.00434	0.00471	0.00564	0.00337	0.00335	0.00575	0.00867	0.01072	0.03374	0.35953	0.51473	0.01123	0.00495	0.00148	0.00217	0.00973	0.00377	0.00337
45	0.00636	0.00451	0.00629	0.00708	0.00790	0.00454	0.00599	0.00793	0.00878	0.01150	0.02023	0.08738	0.03487	0.03356	0.07460	0.03570	0.00421	0.63147	0.00350	0.00359
46	0.00793	0.00745	0.01241	0.75494	0.09076	0.00910	0.01120	0.01090	0.03531	0.01081	0.00755	0.01090	0.00572	0.00407	0.00406	0.00134	0.00529	0.00364	0.00190	0.00472
47	0.00958	0.01094	0.02394	0.01710	0.02120	0.01026	0.81737	0.01300	0.00958	0.01300	0.00821	0.01094	0.00616	0.00342	0.00479	0.00137	0.00684	0.00479	0.00205	0.00547
48	0.00766	0.00709	0.01160	0.75371	0.02572	0.00874	0.01056	0.01073	0.04777	0.01106	0.05982	0.01226	0.00783	0.00439	0.00411	0.00135	0.00508	0.00389	0.00208	0.00456
49	0.88607	0.00785	0.00596	0.00534	0.00785	0.00910	0.00439	0.01193	0.00690	0.01820	0.00565	0.00659	0.00439	0.00377	0.00251	0.00126	0.00314	0.00220	0.00251	0.00439
50	0.01067	0.00900	0.00950	0.00837	0.01077	0.01036	0.00656	0.10740	0.73800	0.01790	0.01578	0.01456	0.01179	0.00544	0.00412	0.00136	0.00335	0.00449	0.00412	0.00647
51	0.01023	0.00932	0.01556	0.05903	0.71800	0.00939	0.01176	0.03706	0.00964	0.04060	0.03489	0.01085	0.00756	0.00387	0.00405	0.00122	0.00469	0.00375	0.00224	0.00629
52	0.00592	0.00407	0.00464	0.00462	0.00500	0.00396	0.00289	0.00634	0.03355	0.00889	0.02944	0.04452	0.18729	0.52063	0.01564	0.10739	0.00340	0.00628	0.00276	0.00275
53	0.00638	0.00514	0.00723	0.00693	0.00734	0.00624	0.00529	0.00741	0.00643	0.00927	0.01082	0.06959	0.01105	0.17310	0.47329	0.00479	0.17899	0.00492	0.00224	0.00356
54	0.05080	0.00724	0.00829	0.00598	0.00953	0.00559	0.00479	0.01030	0.00834	0.01346	0.00714	0.00832	0.00593	0.00304	0.00298	0.00063	0.00301	0.00239	0.00241	0.83982
55	0.88607	0.00785	0.00596	0.00534	0.00785	0.00910	0.00439	0.01193	0.00690	0.01820	0.00565	0.00659	0.00439	0.00377	0.00251	0.00126	0.00314	0.00220	0.00251	0.00439
56	0.00843	0.10646	0.69740	0.01078	0.01624	0.00998	0.01352	0.01298	0.04081	0.01276	0.02964	0.00920	0.00633	0.00400	0.00376	0.00125	0.00561	0.00309	0.00188	0.00587
57	0.01483	0.01880	0.01145	0.01040	0.01241	0.80409	0.00783	0.01588	0.01127	0.00992	0.00631	0.00749	0.00530	0.00465	0.01625	0.00115	0.03255	0.00267	0.00208	0.00468
58	0.00835	0.00518	0.00651	0.00582	0.00730	0.00499	0.00449	0.01147	0.11857	0.14714	0.57194	0.02528	0.02965	0.00731	0.00454	0.00128	0.00233	0.00636	0.02681	0.00466
59	0.56549	0.03684	0.02682	0.02221	0.05980	0.00880	0.00559	0.05402	0.00820	0.04244	0.05906	0.00958	0.00751	0.00631	0.07129	0.00167	0.00402	0.00296	0.00268	0.00470
60	0.00546	0.00448	0.00472	0.00466	0.00604	0.00396	0.00357	0.04531	0.00977	0.01192	0.06774	0.06208	0.68545	0.01007	0.00482	0.00140	0.00228	0.05884	0.00381	0.00362
61	0.88607	0.00785	0.00596	0.00534	0.00785	0.00910	0.00439	0.01193	0.00690	0.01820	0.00565	0.00659	0.00439	0.00377	0.00251	0.00126	0.00314	0.00220	0.00251	0.00439
62	0.00893	0.00848	0.01383	0.29264	0.46740	0.02014	0.01111	0.01155	0.02881	0.01236	0.04196	0.02735	0.02921	0.00434	0.00410	0.00127	0.00477	0.00404	0.00217	0.00553
63	0.01085	0.85986	0.02126	0.00694	0.01041	0.01605	0.00694	0.01215	0.00824	0.00955	0.00564	0.00651	0.00521	0.00347	0.00260	0.00087	0.00434	0.00217	0.00174	0.00521
64	0.00862	0.00851	0.01194	0.01031	0.01037	0.01182	0.00856	0.00956	0.00624	0.00974	0.00578	0.00945	0.00572	0.00901	0.08106	0.00216	0.78133	0.00362	0.00181	0.00437
65	0.01022	0.00878	0.00925	0.00828	0.01060	0.01015	0.00645	0.04047	0.80566	0.01718	0.01635	0.01501	0.01225	0.00549	0.00413	0.00137	0.00324	0.00456	0.00413	0.00643
66	0.00484	0.00398	0.00426	0.00448	0.00558	0.00340	0.00325	0.00580	0.00893	0.01089	0.04641	0.22784	0.63468	0.01081	0.00488	0.00143	0.00212	0.00924	0.00378	0.00340
67	0.00722	0.00625	0.00586	0.00571	0.00615	0.12545	0.00375	0.00766	0.00683	0.00847	0.01146	0.02168	0.01247	0.57167	0.17908	0.00402	0.00578	0.00512	0.00235	0.00301
68	0.01780	0.00755	0.00982	0.00753	0.01068	0.00692	0.00622	0.13550	0.01269	0.71766	0.01510	0.01322	0.00959	0.00500	0.00408	0.00125	0.00360	0.00402	0.00488	0.00690
69	0.00675	0.00542	0.00743	0.04065	0.12660	0.00544	0.00571	0.04744	0.06552	0.01259	0.09222	0.44972	0.07691	0.00959	0.00479	0.00149	0.00297	0.03096	0.00354	0.00425
70	0.00862	0.02031	0.79645	0.01135	0.01721	0.00926	0.01455	0.01318	0.00871	0.05255	0.00770	0.00882	0.00538	0.00391	0.00387	0.00128	0.00587	0.00305	0.00187	0.00604
71	0.00845	0.00732	0.00870	0.00646	0.01967	0.00579	0.00509	0.01022	0.00832	0.01306	0.00713	0.00845	0.00598	0.00321	0.00350	0.00066	0.04311	0.00247	0.00237	0.83002
72	0.88607	0.00785	0.00596	0.00534	0.00785	0.00910	0.00439	0.01193	0.00690	0.01820	0.00565	0.00659	0.00439	0.00377	0.00251	0.00126	0.00314	0.00220	0.00251	0.00439
73	0.00586	0.00413	0.00558	0.00555	0.00605	0.00442	0.00396	0.00669	0.00687	0.00956	0.09724	0.02139	0.04778	0.28009	0.41350	0.06343	0.00696	0.00525	0.00254	0.00315
74	0.00586	0.00427	0.00552	0.00519	0.00618	0.00400	0.00390	0.00803	0.03344	0.01629	0.80801	0.02990	0.03758	0.00822	0.00477	0.00128	0.00195	0.00726	0.00446	0.00390
75	0.00793	0.00753	0.01286	0.75178	0.10081	0.00910	0.03191	0.01062	0.00825	0.01070	0.00727	0.01075	0.00552	0.00400	0.00407	0.00134	0.00539	0.00364	0.00183	0.00471
76	0.00584	0.00416	0.00556	0.00556	0.00595	0.00455	0.00387	0.00663	0.00624	0.00871	0.01174	0.02080	0.01225	0.40918	0.46547	0.00534	0.00769	0.00506	0.00230	0.00309
77	0.00580	0.00435	0.00652	0.00652	0.00724	0.00507	0.00507	0.00724	0.00652	0.00942	0.01087	0.01594	0.01014	0.03043	0.84134	0.00652	0.01087	0.00435	0.00217	0.00362
78	0.00549	0.00421	0.00584	0.09109	0.00837	0.00435	0.00477	0.00650	0.00777	0.01032	0.02891	0.53738	0.08749	0.03488	0.08767	0.01129	0.02428	0.03260	0.00331	0.00347
79	0.01098	0.83467	0.02097	0.00705	0.01048	0.04078	0.00697	0.01227	0.00834	0.00956	0.00566	0.00653	0.00521	0.00349	0.00263	0.00087	0.00443	0.00218	0.00175	0.00519
80	0.00841	0.00721	0.00841	0.00601	0.00961	0.00541	0.00481	0.01022	0.00841	0.01322	0.00721	0.00841	0.00601	0.00300	0.00300	0.00060	0.00300	0.00240	0.00240	0.88222
81	0.00590	0.00393	0.00442	0.00442	0.00442	0.00393	0.00246	0.00590	0.00590	0.00787	0.01278	0.02655	0.01475	0.85742	0.02065	0.00393	0.00393	0.00590	0.00246	0.00246
82	0.00888	0.00888	0.01243	0.01065	0.01065	0.01243	0.00888	0.00976	0.00621	0.00976	0.00533	0.00888	0.00533	0.00710	0.01331	0.00178	0.84999	0.00355	0.00178	0.00444
83	0.00882	0.00744	0.01848	0.00630	0.00978	0.00577	0.00513	0.01074	0.01905	0.04435	0.00760	0.00872	0.00621	0.00326	0.00341	0.00068	0.03089	0.00254	0.00250	0.79833
84	0.08007	0.00900	0.01272	0.09884	0.44311	0.07800	0.02353	0.01151	0.02373	0.01263	0.00997	0.15027	0.00960	0.00555	0.01300	0.00135	0.00461	0.00478	0.00237	0.00536
85	0.00804	0.00760	0.01286	0.71584	0.15679	0.00911	0.01146	0.01070	0.00829	0.01083	0.00728	0.01069	0.00557	0.00399	0.00405	0.00133	0.00531	0.00361	0.00184	0.00481
86	0.00961	0.00931	0.01532	0.22009	0.62010	0.03067	0.01205	0.01205	0.00903	0.01248	0.00750	0.01016	0.00615	0.00373	0.00402	0.00124	0.00502	0.00359	0.00196	0.00593
87	0.00586	0.00400	0.00480	0.00483	0.00496	0.00412	0.00295	0.00613	0.00606	0.00820	0.01269	0.04578	0.01425	0.69016	0.16489	0.00433	0.00512	0.00577	0.00244	0.00268
88	0.00548	0.00418	0.00476	0.00460	0.00583	0.00364	0.00345	0.00687	0.01017	0.03203	0.35219	0.04604	0.48746	0.00940	0.00478	0.00133	0.00204	0.00801	0.00407	0.00366
89	0.88607	0.00785	0.00596	0.00534	0.00785	0.00910	0.00439	0.01193	0.00690	0.01820	0.00565	0.00659	0.00439	0.00377	0.00251	0.00126	0.00314	0.00220	0.00251	0.00439
90	0.00557	0.00414	0.00519	0.00493	0.00596	0.00376	0.00370	0.00733	0.01109	0.01533	0.68990	0.03186	0.17894	0.00865	0.00479	0.00129	0.00194	0.00755	0.00434	0.00376
91	0.01720	0.00766	0.00980	0.00755	0.01063	0.00716	0.00622	0.17382	0.01305	0.64784	0.04516	0.01364	0.01049	0.00511	0.00410	0.00125	0.00359	0.00412	0.00481	0.00679
92	0.00494	0.00353	0.00471	0.00565	0.00588	0.00330	0.00377	0.00565	0.00777	0.01036	0.02236	0.85477	0.02683	0.01271	0.00518	0.00165	0.00235	0.01153	0.00377	0.00330
93	0.04853	0.03414	0.01252	0.09730	0.22702	0.08928	0.01984	0.19849	0.03436	0.06938	0.00891	0.01085	0.00708	0.03653	0.05476	0.00165	0.03728	0.00362	0.00276	0.00569
94	0.00915	0.01023	0.11674	0.19303	0.35444	0.00895	0.06346	0.03975	0.00919	0.01297	0.00802	0.01106	0.00656	0.00395	0.00399	0.00121	0.00496	0.03006	0.00211	0.11019
95	0.03398	0.45644	0.22851	0.00906	0.02061	0.06829	0.03987	0.03096	0.03818	0.01145	0.00670	0.00773	0.00552	0.00381	0.00342	0.00107	0.02437	0.00268	0.00193	0.00544
96	0.00865	0.09520	0.04052	0.00756	0.04012	0.00730	0.01868	0.15971	0.02412	0.04792	0.09766	0.27081	0.10589	0.00879	0.02805	0.00151	0.00351	0.02574	0.00352	0.00471
97	0.00872	0.00808	0.01180	0.28415	0.24806	0.03769	0.01889	0.03347	0.08558	0.01306	0.10194	0.03690	0.03780	0.00494	0.00413	0.00126	0.00438	0.00441	0.00260	0.05214
98	0.00496	0.00354	0.00470	0.00563	0.00586	0.00331	0.00374	0.00565	0.00773	0.01031	0.02219	0.83991	0.02662	0.02786	0.00546	0.00169	0.00238	0.01143	0.00374	0.00328
99	0.00841	0.00721	0.00841	0.00601	0.00961	0.00541	0.00481	0.01022	0.00841	0.01322	0.00721	0.00841	0.00601	0.00300	0.00300	0.00060	0.00300	0.00240	0.00240	0.88222
100	0.00931	0.00779	0.01015	0.10075	0.16038	0.00862	0.00761	0.04530	0.36617	0.04183	0.01458	0.08690	0.04108	0.00777	0.07175	0.00177	0.00429	0.00498	0.00332	0.00565
101	0.05183	0.09999	0.05999	0.00670	0.01029	0.04290	0.00585	0.02317	0.00875	0.04574	0.00732	0.00832	0.00593	0.00330	0.00308	0.00076	0.00356	0.00250	0.00241	0.60763
102	0.00888	0.00888	0.01243	0.01065	0.01065	0.01243	0.00888	0.00976	0.00621	0.00976	0.00533	0.00888	0.00533	0.00710	0.01331	0.00178	0.84999	0.00355	0.00178	0.00444
103	0.00597	0.00391	0.00447	0.00447	0.00447	0.00391	0.00252	0.00586	0.00586	0.00782	0.01245	0.02573	0.01430	0.80870	0.02037	0.05466	0.00391	0.00576	0.00242	0.00242
104	0.01367	0.12194	0.34032	0.01058	0.01477	0.02201	0.02177	0.07522	0.01148	0.22965	0.01292	0.08170	0.01041	0.00634	0.00482	0.00164	0.00541	0.00466	0.00368	0.00703
105	0.00843	0.00727	0.00866	0.00619	0.00980	0.00549	0.01770	0.01026	0.00843	0.01322	0.00723	0.00845	0.00601	0.00301	0.00303	0.00061	0.00307	0.00244	0.00240	0.86830
106	0.00909	0.00850	0.01154	0.51599	0.06087	0.05664	0.00974	0.05461	0.19078	0.01273	0.00964	0.02602	0.00745	0.00456	0.00407	0.00133	0.00490	0.00391	0.00250	0.00514
107	0.00696	0.00733	0.12676	0.05248	0.02132	0.00542	0.00625	0.03766	0.01008	0.03281	0.34105	0.13813	0.07594	0.01710	0.00467	0.00133	0.00310	0.03073	0.00353	0.07736
108	0.00766	0.00721	0.01217	0.84767	0.02794	0.00901	0.01127	0.01037	0.00811	0.01037	0.00721	0.01082	0.00541	0.00406	0.00406	0.00135	0.00541	0.00361	0.00180	0.00451
109	0.00766	0.00721	0.01217	0.84767	0.02794	0.00901	0.01127	0.01037	0.00811	0.01037	0.00721	0.01082	0.00541	0.00406	0.00406	0.00135	0.00541	0.00361	0.00180	0.00451
110	0.00581	0.00390	0.00445	0.00454	0.00456	0.00387	0.00258	0.00588	0.00607	0.00810	0.01367	0.10283	0.01586	0.77961	0.01922	0.00372	0.00379	0.00642	0.00258	0.00254
111	0.84401	0.00840	0.00623	0.00558	0.00807	0.04929	0.00456	0.01213	0.00713	0.01780	0.00568	0.00663	0.00443	0.00379	0.00257	0.00125	0.00334	0.00222	0.00249	0.00441
112	0.00800	0.00717	0.01054	0.30549	0.11230	0.03567	0.00860	0.04866	0.00820	0.01114	0.00874	0.02444	0.00756	0.01325	0.28471	0.00308	0.07748	0.00394	0.01649	0.00452
113	0.00773	0.00810	0.09309	0.06185	0.07497	0.00687	0.13985	0.04210	0.03606	0.03096	0.23057	0.03311	0.15898	0.01664	0.01809	0.00143	0.01604	0.00578	0.01305	0.00474
114	0.00702	0.00822	0.14313	0.00938	0.11972	0.00583	0.03022	0.00911	0.00898	0.01270	0.13678	0.21499	0.09735	0.00716	0.00432	0.00126	0.00345	0.01896	0.00301	0.15841
115	0.00488	0.00384	0.00441	0.00485	0.00568	0.00337	0.00341	0.00577	0.00859	0.01075	0.04360	0.42145	0.44227	0.01139	0.00497	0.00150	0.00219	0.00994	0.00378	0.00337
116	0.02222	0.19855	0.16566	0.00969	0.07621	0.06092	0.00844	0.05798	0.23233	0.02464	0.03034	0.03498	0.04151	0.00488	0.00374	0.00120	0.00432	0.00386	0.00281	0.01574

[dist]
# distance from previous block
# <min> <max>
6	17

[block]
# block no. 1 follows, 66 sequences, length 39
# corresponding to MSA columns:
# 189-227
name=unknown_B
#
# <colnr> <probs for GDERKNQSTAVLIFYWHMCP>
#	G	D	E	R	K	N	Q	S	T	A	V	L	I	F	Y	W	H	M	C	P
0	0.00854	0.01821	0.66695	0.01101	0.03888	0.00887	0.01317	0.03722	0.00904	0.03321	0.02185	0.01003	0.03097	0.00411	0.00385	0.00123	0.00544	0.00326	0.00203	0.07212
1	0.03356	0.04211	0.54393	0.07481	0.06962	0.00923	0.01259	0.03481	0.02666	0.05888	0.00899	0.02200	0.01903	0.00435	0.00390	0.00129	0.00534	0.02094	0.00217	0.00580
2	0.06194	0.09689	0.14067	0.03246	0.01246	0.15624	0.05745	0.11833	0.02297	0.12754	0.00927	0.01135	0.00738	0.09562	0.03092	0.00163	0.00527	0.00354	0.00275	0.00533
3	0.01118	0.00890	0.02990	0.10942	0.01213	0.06902	0.00709	0.20528	0.05441	0.11238	0.01029	0.01372	0.00863	0.15766	0.06401	0.00214	0.11165	0.00409	0.00301	0.00509
4	0.00741	0.00604	0.00790	0.00854	0.06275	0.05583	0.05162	0.00928	0.04570	0.04593	0.01934	0.36576	0.04265	0.00991	0.00501	0.00159	0.00356	0.24353	0.00351	0.00414
5	0.01268	0.01088	0.01102	0.02364	0.03458	0.11677	0.00715	0.39583	0.06085	0.01861	0.00912	0.02992	0.00717	0.00464	0.00422	0.00110	0.04253	0.00348	0.00323	0.20257
6	0.00793	0.00705	0.01158	0.71335	0.04421	0.00844	0.01039	0.01047	0.00835	0.03603	0.03299	0.03697	0.00725	0.00442	0.00406	0.00132	0.00503	0.00392	0.00207	0.04415
7	0.00995	0.00947	0.01611	0.06069	0.71782	0.00956	0.04356	0.03486	0.00938	0.01331	0.00784	0.01057	0.00662	0.02756	0.00452	0.00129	0.00489	0.00373	0.00207	0.00620
8	0.00863	0.06701	0.47041	0.01202	0.03710	0.00950	0.18519	0.01280	0.04832	0.02308	0.04148	0.02385	0.03363	0.00434	0.00409	0.00129	0.00554	0.00391	0.00216	0.00567
9	0.00741	0.02863	0.05150	0.02196	0.03149	0.00678	0.09200	0.04584	0.02724	0.02209	0.01280	0.07366	0.04579	0.15945	0.27153	0.00346	0.05156	0.04009	0.00255	0.00415
10	0.00641	0.00649	0.09398	0.04579	0.03441	0.00515	0.06652	0.00815	0.02396	0.03417	0.01855	0.56572	0.03188	0.01000	0.00488	0.00155	0.00336	0.03163	0.00332	0.00406
11	0.01233	0.02233	0.02053	0.02996	0.12290	0.03011	0.06606	0.04462	0.01050	0.34495	0.04957	0.10489	0.06011	0.00663	0.02046	0.00142	0.00402	0.03917	0.00376	0.00567
12	0.00967	0.00871	0.01542	0.11961	0.26735	0.00872	0.23833	0.06303	0.00971	0.06326	0.01117	0.07272	0.04545	0.04244	0.00510	0.00143	0.00502	0.00486	0.00253	0.00544
13	0.00938	0.30072	0.07938	0.00694	0.01022	0.00971	0.00640	0.07541	0.00906	0.01244	0.00842	0.08038	0.00789	0.04273	0.00400	0.00104	0.00381	0.00340	0.00237	0.32631
14	0.01904	0.04771	0.33247	0.06553	0.17708	0.03007	0.02461	0.15104	0.04030	0.03215	0.00873	0.00998	0.02001	0.00423	0.00408	0.00125	0.01986	0.00343	0.00240	0.00602
15	0.00567	0.00425	0.00497	0.02492	0.00655	0.00386	0.00380	0.03104	0.00901	0.03648	0.04128	0.37537	0.41649	0.01079	0.00489	0.00148	0.00237	0.00938	0.00378	0.00361
16	0.00821	0.02216	0.13398	0.01007	0.06861	0.04533	0.14280	0.01066	0.03861	0.06221	0.05463	0.26405	0.06893	0.02212	0.00481	0.00144	0.00418	0.01631	0.01615	0.00474
17	0.01069	0.05341	0.14496	0.03385	0.33324	0.02853	0.13300	0.04706	0.00974	0.10486	0.00936	0.02188	0.02118	0.01501	0.00439	0.00128	0.01527	0.00387	0.00243	0.00598
18	0.08500	0.05266	0.13482	0.14035	0.05732	0.06709	0.08420	0.02288	0.02222	0.15521	0.02143	0.05163	0.07784	0.00507	0.00399	0.00128	0.00464	0.00429	0.00281	0.00528
19	0.00800	0.00646	0.02734	0.03365	0.11523	0.00604	0.12107	0.00980	0.00898	0.08559	0.04002	0.27847	0.02678	0.02793	0.00534	0.00159	0.01335	0.17658	0.00328	0.00452
20	0.01005	0.01288	0.24288	0.07287	0.24320	0.03396	0.17889	0.04026	0.02225	0.07077	0.00872	0.02947	0.00674	0.00407	0.00416	0.00128	0.00549	0.00389	0.00228	0.00591
21	0.02012	0.15867	0.24352	0.04754	0.14593	0.03303	0.07195	0.04908	0.03208	0.08669	0.01785	0.02276	0.00715	0.01795	0.02750	0.00139	0.00520	0.00353	0.00237	0.00572
22	0.00826	0.00841	0.04995	0.65100	0.11716	0.02404	0.02390	0.02927	0.00855	0.01113	0.00744	0.01089	0.00576	0.02273	0.00441	0.00138	0.00537	0.00363	0.00190	0.00482
23	0.00877	0.04267	0.38705	0.01007	0.01410	0.03329	0.11820	0.02558	0.02889	0.07249	0.01451	0.08536	0.13014	0.00564	0.00421	0.00132	0.00492	0.00487	0.00259	0.00534
24	0.03838	0.03509	0.15188	0.02462	0.05623	0.08352	0.10332	0.08954	0.05310	0.17523	0.02054	0.08233	0.03586	0.00547	0.00440	0.02264	0.00468	0.00448	0.00309	0.00559
25	0.01036	0.01893	0.05062	0.13084	0.30111	0.02188	0.03822	0.05051	0.00964	0.12823	0.03853	0.03028	0.00953	0.03141	0.02427	0.00152	0.04286	0.05298	0.00272	0.00556
26	0.00825	0.02296	0.03450	0.54277	0.07484	0.02302	0.02135	0.02123	0.02624	0.03879	0.00850	0.02590	0.00681	0.00783	0.11835	0.00203	0.00599	0.00384	0.00209	0.00472
27	0.02190	0.07528	0.13325	0.03662	0.08634	0.10599	0.11306	0.09031	0.03511	0.12626	0.02981	0.05979	0.04502	0.00504	0.00421	0.00126	0.01804	0.00428	0.00286	0.00558
28	0.03801	0.02444	0.25352	0.02788	0.06160	0.07818	0.17466	0.01474	0.05234	0.18879	0.01047	0.02943	0.01840	0.00439	0.00409	0.00128	0.00527	0.00392	0.00276	0.00584
29	0.00721	0.00653	0.02348	0.10564	0.24643	0.02031	0.00745	0.00909	0.03166	0.01157	0.04493	0.31496	0.05891	0.04727	0.02272	0.00165	0.00383	0.02893	0.00292	0.00450
30	0.00937	0.00843	0.05737	0.12467	0.16307	0.02056	0.07925	0.08696	0.05818	0.07649	0.03509	0.11080	0.09208	0.02337	0.00471	0.00140	0.00427	0.03571	0.00302	0.00522
31	0.01076	0.06480	0.13267	0.01277	0.16759	0.05940	0.11651	0.11396	0.04740	0.08757	0.02849	0.08606	0.02089	0.00522	0.00417	0.00128	0.00479	0.02710	0.00286	0.00571
32	0.01030	0.05266	0.25584	0.07212	0.07357	0.05874	0.09148	0.10468	0.03681	0.08016	0.02311	0.04058	0.04156	0.01691	0.00454	0.01963	0.00505	0.00406	0.00262	0.00557
33	0.00601	0.00434	0.00550	0.00551	0.00590	0.00467	0.00379	0.00697	0.03012	0.00919	0.01406	0.09243	0.04272	0.42155	0.26762	0.00421	0.03245	0.02247	0.01736	0.00314
34	0.07538	0.01044	0.08933	0.04367	0.20776	0.06956	0.07156	0.10636	0.05470	0.10847	0.03198	0.01317	0.07626	0.00493	0.00421	0.01495	0.00456	0.00408	0.00292	0.00569
35	0.01070	0.07449	0.18064	0.03793	0.28332	0.08353	0.05982	0.08861	0.05076	0.04173	0.02125	0.02153	0.00715	0.00421	0.00407	0.00122	0.01710	0.00360	0.00239	0.00594
36	0.00975	0.02083	0.03170	0.01626	0.05540	0.02016	0.16749	0.08895	0.05970	0.11874	0.07864	0.09126	0.07337	0.12223	0.00662	0.00167	0.00415	0.00559	0.02252	0.00497
37	0.00499	0.00372	0.00463	0.00524	0.00579	0.00338	0.00360	0.00586	0.00839	0.01096	0.09583	0.58987	0.20600	0.02498	0.00530	0.00159	0.00227	0.01043	0.00381	0.00336
38	0.01142	0.03666	0.10674	0.08319	0.10641	0.05488	0.05547	0.17569	0.13807	0.09340	0.02966	0.01215	0.03476	0.00467	0.00402	0.00123	0.00457	0.00391	0.00311	0.03998

[dist]
# distance from previous block
# <min> <max>
7	20

[block]
# block no. 2 follows, 66 sequences, length 21
# corresponding to MSA columns:
# 248-268
name=unknown_C
#
# <colnr> <probs for GDERKNQSTAVLIFYWHMCP>
#	G	D	E	R	K	N	Q	S	T	A	V	L	I	F	Y	W	H	M	C	P
0	0.01042	0.30343	0.20555	0.03415	0.07785	0.05919	0.09936	0.03024	0.00919	0.06686	0.02156	0.03432	0.00712	0.01948	0.00391	0.00119	0.00507	0.00342	0.00220	0.00549
1	0.00726	0.00635	0.03337	0.01844	0.11178	0.02774	0.03328	0.05667	0.00941	0.02593	0.05583	0.31855	0.12039	0.03271	0.00527	0.00156	0.00343	0.12440	0.00339	0.00425
2	0.04327	0.19466	0.22549	0.02785	0.12655	0.04668	0.10704	0.05389	0.02283	0.03641	0.03339	0.01052	0.03451	0.00415	0.00374	0.00118	0.00503	0.00349	0.00226	0.01707
3	0.00672	0.03977	0.00656	0.01788	0.02401	0.01932	0.00450	0.05613	0.04933	0.01174	0.07252	0.29863	0.13742	0.15739	0.00766	0.01256	0.00310	0.06756	0.00342	0.00377
4	0.10551	0.00655	0.00848	0.00676	0.00941	0.00601	0.02920	0.01623	0.02339	0.54001	0.09790	0.01608	0.05618	0.00545	0.00398	0.00125	0.00320	0.00446	0.05405	0.00592
5	0.04895	0.00820	0.00920	0.00825	0.04572	0.04665	0.00621	0.16149	0.18002	0.24172	0.08311	0.09495	0.03539	0.00609	0.00418	0.00130	0.00354	0.00505	0.00409	0.00588
6	0.02579	0.05386	0.27721	0.01062	0.07076	0.05492	0.03180	0.18483	0.05443	0.06663	0.03390	0.03267	0.02138	0.00469	0.00408	0.00123	0.02015	0.00373	0.00281	0.04452
7	0.00722	0.00599	0.00936	0.42213	0.01742	0.00721	0.00800	0.00942	0.03048	0.03080	0.00944	0.01427	0.00824	0.09891	0.28476	0.00334	0.02261	0.00412	0.00214	0.00412
8	0.00511	0.00366	0.00479	0.00559	0.00591	0.00343	0.00380	0.00589	0.00791	0.01052	0.05147	0.69904	0.05405	0.06899	0.00621	0.00179	0.00251	0.05235	0.00370	0.00329
9	0.00588	0.00444	0.00611	0.00611	0.00694	0.00441	0.03051	0.01945	0.01788	0.02237	0.15217	0.34521	0.12468	0.03182	0.16912	0.00254	0.01733	0.02587	0.00348	0.00368
10	0.00946	0.02622	0.05034	0.28920	0.07777	0.14196	0.02237	0.06636	0.03610	0.02224	0.00995	0.11604	0.00926	0.07481	0.00572	0.00153	0.02890	0.00462	0.00243	0.00472
11	0.00533	0.00407	0.00492	0.00513	0.00608	0.00370	0.00386	0.00655	0.00931	0.01209	0.21928	0.19076	0.35211	0.01122	0.03703	0.02074	0.00263	0.09785	0.00382	0.00350
12	0.02794	0.08247	0.03052	0.33543	0.06050	0.00919	0.03926	0.09166	0.00941	0.10405	0.00923	0.03683	0.00753	0.05206	0.05334	0.00174	0.03734	0.00394	0.00253	0.00504
13	0.08858	0.01164	0.03793	0.07394	0.09009	0.14906	0.13180	0.22630	0.07418	0.05005	0.00909	0.02323	0.00694	0.00441	0.00398	0.00125	0.00517	0.00371	0.00290	0.00575
14	0.02421	0.00657	0.00823	0.00962	0.15743	0.04492	0.00605	0.07212	0.00900	0.02400	0.01348	0.23563	0.01368	0.07236	0.05300	0.00182	0.05302	0.02364	0.16682	0.00440
15	0.00569	0.00421	0.00535	0.03976	0.00701	0.00414	0.00419	0.00728	0.05391	0.01140	0.10452	0.45656	0.09259	0.09603	0.00652	0.00178	0.00269	0.06202	0.03081	0.00355
16	0.02396	0.01033	0.06089	0.18846	0.40712	0.05711	0.03895	0.07553	0.03449	0.05212	0.00826	0.01025	0.00642	0.00397	0.00401	0.00125	0.00505	0.00359	0.00233	0.00591
17	0.14806	0.01247	0.03598	0.00838	0.01047	0.37320	0.02692	0.03819	0.01003	0.05930	0.04525	0.06375	0.05322	0.00783	0.08813	0.00173	0.00584	0.00398	0.00268	0.00461
18	0.68830	0.03625	0.00764	0.03130	0.00931	0.03773	0.00523	0.11755	0.00873	0.01837	0.00625	0.00715	0.00481	0.00392	0.00280	0.00123	0.00356	0.00244	0.00265	0.00476
19	0.00779	0.03368	0.10655	0.02464	0.14117	0.00715	0.10423	0.02440	0.00804	0.02247	0.02397	0.07671	0.02436	0.25533	0.07391	0.00250	0.02758	0.02870	0.00243	0.00440
20	0.02223	0.02704	0.03197	0.01837	0.01183	0.17369	0.01970	0.31692	0.11659	0.07133	0.03475	0.02335	0.00859	0.01554	0.00410	0.00119	0.00462	0.00369	0.00339	0.09110

[dist]
# distance from previous block
# <min> <max>
0	1

[block]
# block no. 3 follows, 66 sequences, length 21
# corresponding to MSA columns:
# 270-290
name=unknown_D
#
# <colnr> <probs for GDERKNQSTAVLIFYWHMCP>
#	G	D	E	R	K	N	Q	S	T	A	V	L	I	F	Y	W	H	M	C	P
0	0.00677	0.04539	0.02678	0.03962	0.00830	0.04665	0.02278	0.05002	0.00906	0.01176	0.10586	0.39532	0.11828	0.04970	0.02498	0.00168	0.02162	0.00818	0.00337	0.00387
1	0.04363	0.06164	0.37161	0.01090	0.05512	0.03865	0.05598	0.10181	0.05682	0.06567	0.01668	0.04067	0.00728	0.00457	0.00426	0.00127	0.03847	0.00364	0.00251	0.01881
2	0.01018	0.45925	0.22110	0.00813	0.01187	0.01199	0.02481	0.01238	0.00869	0.08296	0.04620	0.02793	0.00800	0.02668	0.02310	0.00126	0.00471	0.00319	0.00222	0.00534
3	0.01767	0.00777	0.00995	0.00763	0.01079	0.00724	0.00630	0.17428	0.01306	0.67837	0.01479	0.01302	0.00944	0.00499	0.00408	0.00125	0.00365	0.00400	0.00484	0.00690
4	0.00895	0.00936	0.06279	0.24481	0.06557	0.02106	0.28891	0.04712	0.00913	0.03331	0.02198	0.04543	0.00800	0.06311	0.02388	0.00164	0.03319	0.00452	0.00225	0.00499
5	0.04566	0.02559	0.14235	0.00702	0.03503	0.00610	0.00587	0.02707	0.03309	0.08308	0.02948	0.03187	0.03455	0.37483	0.06222	0.00274	0.00447	0.02036	0.02450	0.00411
6	0.01020	0.01140	0.01217	0.01026	0.01227	0.29762	0.17906	0.01258	0.06907	0.01105	0.01094	0.05780	0.04681	0.01095	0.19524	0.00246	0.03871	0.00441	0.00241	0.00460
7	0.01359	0.00755	0.00906	0.00738	0.00995	0.00759	0.00594	0.16119	0.18194	0.36095	0.15577	0.01673	0.03228	0.00577	0.00422	0.00128	0.00329	0.00477	0.00454	0.00620
8	0.00899	0.07560	0.03173	0.09582	0.12274	0.00907	0.03691	0.04779	0.29596	0.01383	0.01383	0.10418	0.02929	0.01926	0.03578	0.00158	0.00420	0.04489	0.00311	0.00541
9	0.00873	0.00698	0.00870	0.04645	0.02989	0.06370	0.03110	0.08398	0.00849	0.06140	0.01051	0.01605	0.00976	0.18317	0.30594	0.00370	0.08553	0.01783	0.01388	0.00422
10	0.00941	0.03399	0.06586	0.00849	0.01009	0.25043	0.03314	0.01109	0.02566	0.01052	0.04385	0.01378	0.03510	0.07439	0.23115	0.00285	0.10104	0.00397	0.03093	0.00427
11	0.00682	0.00599	0.02468	0.02160	0.02409	0.04444	0.03736	0.00821	0.02247	0.02429	0.07207	0.26221	0.05332	0.12259	0.14249	0.00264	0.07110	0.04682	0.00300	0.00380
12	0.02047	0.03036	0.21270	0.06419	0.14502	0.03765	0.04710	0.01000	0.00891	0.01215	0.07638	0.16444	0.12592	0.00705	0.01859	0.00143	0.00436	0.00580	0.00267	0.00482
13	0.00785	0.00694	0.02029	0.00929	0.03086	0.02891	0.16289	0.00987	0.03435	0.04958	0.05372	0.05833	0.05782	0.07764	0.26209	0.00318	0.08475	0.03465	0.00266	0.00433
14	0.03246	0.36559	0.24640	0.05099	0.01373	0.08317	0.04978	0.03428	0.00892	0.01145	0.00758	0.05541	0.00668	0.00431	0.00344	0.00112	0.00509	0.01232	0.00200	0.00526
15	0.00737	0.00680	0.02994	0.00777	0.05258	0.08921	0.01861	0.02237	0.05568	0.03075	0.01996	0.40782	0.11237	0.02669	0.03093	0.00169	0.01374	0.05826	0.00337	0.00409
16	0.01007	0.06035	0.11703	0.07627	0.39162	0.02106	0.08425	0.05081	0.00974	0.06056	0.03606	0.02041	0.03513	0.00427	0.00405	0.00123	0.00489	0.00394	0.00237	0.00589
17	0.00561	0.00452	0.00511	0.00575	0.00625	0.04534	0.00393	0.00663	0.02544	0.01074	0.06062	0.66068	0.09818	0.03406	0.00544	0.00163	0.00261	0.01033	0.00369	0.00345
18	0.04559	0.05504	0.09437	0.05062	0.13438	0.00946	0.21554	0.09554	0.05903	0.12530	0.01043	0.06833	0.00833	0.00466	0.00416	0.00129	0.00490	0.00439	0.00285	0.00581
19	0.02302	0.03052	0.06044	0.00793	0.04185	0.05169	0.02316	0.08815	0.01083	0.21503	0.15116	0.10935	0.04554	0.01485	0.02833	0.00143	0.00380	0.02421	0.01969	0.04901
20	0.00974	0.00974	0.06616	0.26062	0.31987	0.02534	0.05414	0.06392	0.03819	0.03486	0.00814	0.01042	0.00635	0.00408	0.00439	0.00127	0.03841	0.00364	0.01439	0.02633

[dist]
# distance from previous block
# <min> <max>
4	23

[block]
# block no. 4 follows, 66 sequences, length 14
# corresponding to MSA columns:
# 314-327
name=unknown_E
#
# <colnr> <probs for GDERKNQSTAVLIFYWHMCP>
#	G	D	E	R	K	N	Q	S	T	A	V	L	I	F	Y	W	H	M	C	P
0	0.00753	0.00654	0.00961	0.03823	0.15652	0.01836	0.07084	0.04229	0.05071	0.01277	0.07094	0.31650	0.05563	0.00808	0.00462	0.00140	0.00354	0.05842	0.00321	0.06427
1	0.01096	0.05903	0.12507	0.07088	0.09064	0.12462	0.10788	0.09318	0.05938	0.08403	0.02778	0.03102	0.04690	0.00501	0.00424	0.00127	0.01629	0.03356	0.00277	0.00551
2	0.02439	0.02894	0.17266	0.02324	0.08732	0.06114	0.07041	0.05536	0.03821	0.07365	0.05288	0.11922	0.04857	0.00794	0.07165	0.00175	0.04975	0.00500	0.00279	0.00514
3	0.00670	0.00568	0.00619	0.00628	0.00715	0.08657	0.00463	0.00807	0.02743	0.02744	0.07156	0.27283	0.10755	0.03927	0.29963	0.00329	0.00586	0.00706	0.00309	0.00372
4	0.02306	0.07660	0.15421	0.01268	0.19922	0.08174	0.06360	0.01206	0.04043	0.05186	0.02744	0.09683	0.06784	0.00593	0.01592	0.00137	0.04510	0.01628	0.00254	0.00529
5	0.04640	0.04657	0.18650	0.01258	0.12381	0.06297	0.09484	0.10166	0.08931	0.09271	0.05047	0.02655	0.02455	0.01561	0.00472	0.00150	0.00519	0.00437	0.00326	0.00641
6	0.00807	0.01866	0.00675	0.00655	0.00751	0.00564	0.00462	0.01022	0.13299	0.04391	0.12433	0.29037	0.05225	0.17071	0.00838	0.01854	0.00326	0.03304	0.04968	0.00450
7	0.04568	0.00734	0.00812	0.00691	0.00906	0.02313	0.00543	0.15921	0.17748	0.18523	0.13843	0.04579	0.10290	0.04202	0.00490	0.00140	0.00322	0.00528	0.02300	0.00546
8	0.02621	0.08843	0.19166	0.02772	0.14698	0.06574	0.03871	0.17807	0.08161	0.05823	0.05074	0.01082	0.00831	0.00443	0.00389	0.00121	0.00482	0.00361	0.00281	0.00599
9	0.00957	0.05036	0.08070	0.06530	0.37833	0.04119	0.02385	0.06083	0.05606	0.02567	0.01122	0.12076	0.03714	0.00533	0.00424	0.00128	0.01527	0.00474	0.00254	0.00564
10	0.00515	0.00388	0.00467	0.00497	0.00570	0.00350	0.00348	0.00618	0.00895	0.01173	0.21239	0.35995	0.27487	0.06816	0.00602	0.00163	0.00227	0.00928	0.00384	0.00340
11	0.01189	0.48486	0.04848	0.00949	0.03580	0.22961	0.07744	0.03998	0.00960	0.01070	0.00628	0.00738	0.00538	0.00372	0.00320	0.00099	0.00541	0.00263	0.00194	0.00522
12	0.04112	0.04917	0.10008	0.02906	0.18684	0.06488	0.02999	0.25815	0.05264	0.07095	0.02221	0.01024	0.00729	0.00439	0.00405	0.00121	0.02074	0.00353	0.01853	0.02492
13	0.01250	0.00976	0.03033	0.01110	0.13976	0.05926	0.02886	0.28055	0.10394	0.13013	0.04368	0.03191	0.04213	0.00615	0.03117	0.00144	0.00446	0.02320	0.00358	0.00607

[dist]
# distance from previous block
# <min> <max>
0	3

[block]
# block no. 5 follows, 66 sequences, length 7
# corresponding to MSA columns:
# 331-337
name=unknown_F
#
# <colnr> <probs for GDERKNQSTAVLIFYWHMCP>
#	G	D	E	R	K	N	Q	S	T	A	V	L	I	F	Y	W	H	M	C	P
0	0.00632	0.00462	0.00550	0.00521	0.00637	0.00438	0.00387	0.00873	0.08670	0.04157	0.45248	0.06244	0.21929	0.06751	0.00582	0.00151	0.00228	0.00732	0.00412	0.00396
1	0.11147	0.08537	0.02493	0.00783	0.01040	0.00978	0.03225	0.29749	0.10928	0.03486	0.08736	0.01588	0.02933	0.00563	0.00394	0.00127	0.00375	0.07645	0.04718	0.00554
2	0.00564	0.00395	0.00466	0.00471	0.00509	0.00378	0.00300	0.00627	0.00776	0.01044	0.20777	0.13152	0.09974	0.47292	0.01350	0.00278	0.00309	0.00719	0.00322	0.00298
3	0.03579	0.47774	0.09274	0.00827	0.01159	0.17266	0.00781	0.07676	0.06128	0.01189	0.00692	0.00765	0.00577	0.00389	0.00313	0.00101	0.00497	0.00260	0.00216	0.00537
4	0.01244	0.01116	0.00992	0.00919	0.06313	0.28501	0.00665	0.07986	0.01067	0.14374	0.04950	0.01306	0.03407	0.08385	0.00607	0.00141	0.06719	0.00380	0.03486	0.07444
5	0.01017	0.06540	0.01410	0.09480	0.32199	0.10007	0.07969	0.01262	0.04735	0.05471	0.00998	0.06689	0.00897	0.02259	0.00472	0.00134	0.02776	0.04894	0.00245	0.00543
6	0.29549	0.06138	0.00689	0.00578	0.00711	0.04173	0.00430	0.00965	0.05274	0.01246	0.01122	0.15987	0.01178	0.22908	0.03368	0.02280	0.02248	0.00506	0.00269	0.00379

[dist]
# distance from previous block
# <min> <max>
0	1

[block]
# block no. 6 follows, 66 sequences, length 24
# corresponding to MSA columns:
# 339-362
name=unknown_G
#
# <colnr> <probs for GDERKNQSTAVLIFYWHMCP>
#	G	D	E	R	K	N	Q	S	T	A	V	L	I	F	Y	W	H	M	C	P
0	0.03936	0.05190	0.20636	0.10514	0.08249	0.15894	0.08458	0.03363	0.02614	0.03540	0.06121	0.02352	0.02400	0.00470	0.00429	0.00126	0.03295	0.01652	0.00235	0.00524
1	0.00543	0.00390	0.00492	0.00539	0.00607	0.00351	0.00375	0.00636	0.00848	0.03020	0.10065	0.58906	0.16227	0.01135	0.00497	0.00152	0.00231	0.01013	0.00381	0.03593
2	0.05021	0.00525	0.00594	0.00568	0.00691	0.00559	0.00440	0.00991	0.13499	0.01335	0.12270	0.02427	0.21872	0.03722	0.10193	0.00200	0.04740	0.04644	0.15298	0.00411
3	0.04005	0.02331	0.04408	0.11594	0.39494	0.00879	0.06244	0.01333	0.04098	0.12738	0.00923	0.02469	0.00720	0.00404	0.00395	0.00121	0.00458	0.00375	0.00255	0.06756
4	0.00844	0.00761	0.00896	0.00897	0.08036	0.10882	0.03123	0.03557	0.01964	0.02651	0.00999	0.02547	0.00960	0.19374	0.29353	0.00362	0.08349	0.00433	0.00234	0.03779
5	0.00558	0.00430	0.00541	0.04259	0.02247	0.00406	0.00429	0.00691	0.02327	0.02435	0.09042	0.34147	0.31455	0.01130	0.03740	0.00169	0.00283	0.04979	0.00367	0.00364
6	0.01385	0.02806	0.01132	0.00895	0.01185	0.07829	0.00724	0.47700	0.23744	0.05204	0.01142	0.01108	0.00833	0.00493	0.00400	0.00123	0.00429	0.00379	0.00388	0.02102
7	0.01055	0.06787	0.27659	0.01955	0.07095	0.02836	0.04829	0.10910	0.04968	0.09322	0.00948	0.02394	0.01773	0.00420	0.00378	0.00114	0.00469	0.00344	0.00265	0.15479
8	0.04102	0.07784	0.41275	0.01186	0.07379	0.00985	0.10862	0.06308	0.04329	0.10689	0.00876	0.00967	0.00629	0.00402	0.00389	0.00125	0.00529	0.00340	0.00242	0.00602
9	0.00954	0.10482	0.52634	0.02315	0.03185	0.01009	0.08887	0.03605	0.05326	0.06632	0.00834	0.00937	0.00603	0.00396	0.00385	0.00125	0.00552	0.00328	0.00216	0.00596
10	0.00860	0.00820	0.01325	0.29254	0.37914	0.02134	0.03308	0.01116	0.03404	0.01195	0.01126	0.05666	0.07553	0.00491	0.00435	0.00131	0.02067	0.00448	0.00224	0.00529
11	0.02783	0.04250	0.20996	0.04642	0.08413	0.05198	0.11447	0.07573	0.05926	0.08604	0.03618	0.11418	0.02260	0.00538	0.00417	0.00131	0.00479	0.00474	0.00281	0.00552
12	0.04484	0.05660	0.19513	0.02642	0.04818	0.07960	0.06022	0.11772	0.06079	0.22636	0.02229	0.02634	0.00805	0.00458	0.00393	0.00124	0.00476	0.00372	0.00319	0.00604
13	0.00792	0.00697	0.03849	0.09248	0.18594	0.04424	0.00730	0.02226	0.02244	0.04556	0.01485	0.35386	0.01586	0.00864	0.00534	0.05832	0.00379	0.05832	0.00298	0.00443
14	0.01006	0.00893	0.01572	0.16534	0.39080	0.00906	0.16490	0.03793	0.00968	0.07822	0.04689	0.02700	0.00835	0.00419	0.00423	0.00128	0.00501	0.00419	0.00243	0.00578
