[name]
unknown

[dist]
# distance from previous block
# <min> <max>
0	26

[block]
# block no. 0 follows, 67 sequences, length 11
# corresponding to MSA columns:
# 30-40
name=unknown_A
#
# <colnr> <probs for GDERKNQSTAVLIFYWHMCP>
#	G	D	E	R	K	N	Q	S	T	A	V	L	I	F	Y	W	H	M	C	P
0	0.02014	0.02854	0.13101	0.04397	0.07485	0.05559	0.06032	0.09392	0.07360	0.10613	0.06015	0.07227	0.02015	0.02757	0.00496	0.00136	0.04771	0.02477	0.04771	0.00530
1	0.04007	0.00611	0.00783	0.00704	0.02310	0.00614	0.03287	0.10137	0.04918	0.15120	0.11106	0.17951	0.10693	0.01930	0.08390	0.00185	0.02602	0.00623	0.01422	0.02606
2	0.01109	0.01199	0.01490	0.06448	0.04870	0.23844	0.26832	0.10914	0.02640	0.01307	0.00994	0.04581	0.04925	0.00472	0.00459	0.00125	0.04307	0.00424	0.00245	0.02816
3	0.01075	0.25784	0.06786	0.01098	0.15868	0.04049	0.02446	0.08988	0.09920	0.05305	0.02413	0.02530	0.00763	0.00423	0.00373	0.00108	0.02422	0.00333	0.00257	0.09058
4	0.00980	0.00992	0.07950	0.19822	0.25626	0.06019	0.06556	0.01275	0.05898	0.07272	0.00875	0.02559	0.00694	0.00479	0.02358	0.00136	0.03772	0.00371	0.00232	0.06133
5	0.05167	0.00514	0.00662	0.00628	0.00697	0.00587	0.00467	0.06129	0.02258	0.01041	0.01051	0.04816	0.01049	0.20597	0.35685	0.10468	0.07138	0.00460	0.00237	0.00347
6	0.01458	0.09857	0.01228	0.01000	0.01220	0.76494	0.00767	0.01564	0.01106	0.00978	0.00614	0.00716	0.00516	0.00407	0.00352	0.00102	0.00695	0.00254	0.00203	0.00470
7	0.00956	0.00621	0.00695	0.00597	0.00792	0.00607	0.00475	0.20663	0.01191	0.13356	0.09251	0.02569	0.34037	0.02467	0.00468	0.00134	0.00290	0.04042	0.06314	0.00477
8	0.00546	0.00378	0.00452	0.00484	0.00501	0.00369	0.00299	0.00579	0.00664	0.00881	0.01713	0.30747	0.05792	0.50328	0.04259	0.00309	0.00350	0.00779	0.00292	0.00280
9	0.00884	0.00840	0.00734	0.00676	0.00857	0.15402	0.00516	0.01364	0.30207	0.03119	0.07918	0.02293	0.30154	0.00703	0.00425	0.00128	0.00337	0.00573	0.02392	0.00478
10	0.01286	0.00987	0.01107	0.00928	0.04157	0.02353	0.00728	0.55247	0.04396	0.02090	0.04923	0.01149	0.00875	0.02001	0.05710	0.00162	0.07956	0.00387	0.02954	0.00603

[dist]
# distance from previous block
# <min> <max>
6	35

[block]
# block no. 1 follows, 67 sequences, length 22
# corresponding to MSA columns:
# 76-97
name=unknown_B
#
# <colnr> <probs for GDERKNQSTAVLIFYWHMCP>
#	G	D	E	R	K	N	Q	S	T	A	V	L	I	F	Y	W	H	M	C	P
0	0.08308	0.04368	0.05658	0.01007	0.05359	0.19694	0.12456	0.04135	0.07441	0.09280	0.02705	0.03435	0.00824	0.03900	0.02980	0.00143	0.00513	0.00375	0.00270	0.07149
1	0.05987	0.03170	0.02895	0.01038	0.13131	0.00898	0.04109	0.22087	0.09517	0.09075	0.05884	0.03676	0.02513	0.00514	0.01279	0.00123	0.01703	0.00405	0.01195	0.10803
2	0.02636	0.15597	0.04607	0.05797	0.05152	0.13883	0.02632	0.20787	0.04583	0.04335	0.03506	0.03035	0.00787	0.00576	0.03728	0.00140	0.07048	0.00355	0.00273	0.00542
3	0.35113	0.02269	0.02624	0.02038	0.14202	0.04701	0.01728	0.15103	0.04942	0.06252	0.00875	0.03810	0.01396	0.00472	0.01376	0.00129	0.00401	0.00334	0.00287	0.01947
4	0.03752	0.03065	0.00985	0.00842	0.07600	0.06526	0.02786	0.09216	0.04903	0.05355	0.03054	0.05851	0.04046	0.00449	0.00356	0.00095	0.00363	0.00371	0.00285	0.40101
5	0.00558	0.00403	0.00556	0.00688	0.06360	0.00377	0.00435	0.00644	0.00795	0.03266	0.02185	0.73395	0.06499	0.01161	0.00499	0.00157	0.00251	0.01051	0.00364	0.00358
6	0.08441	0.00936	0.01074	0.01836	0.05379	0.06359	0.04373	0.26607	0.05774	0.20650	0.05269	0.02455	0.00926	0.00480	0.00400	0.00119	0.01458	0.00384	0.00364	0.06716
7	0.33422	0.03166	0.00866	0.00786	0.03832	0.26304	0.00596	0.01246	0.00891	0.02937	0.06465	0.01093	0.00835	0.00530	0.02615	0.00131	0.03469	0.03790	0.02446	0.04579
8	0.00805	0.00685	0.00925	0.01033	0.15877	0.00721	0.03911	0.03113	0.27344	0.01398	0.09102	0.20234	0.05181	0.00801	0.03417	0.00156	0.00354	0.02348	0.02088	0.00507
9	0.00751	0.00580	0.00714	0.06554	0.02949	0.00616	0.00534	0.04633	0.22349	0.03974	0.10077	0.32288	0.07373	0.02516	0.02059	0.00157	0.00307	0.00743	0.00371	0.00455
10	0.03178	0.00466	0.00591	0.00554	0.00662	0.00471	0.00415	0.02273	0.00828	0.13894	0.09706	0.05567	0.01440	0.15527	0.22676	0.02338	0.00494	0.02217	0.16306	0.00396
11	0.17282	0.00808	0.00919	0.00762	0.01036	0.00761	0.00601	0.07839	0.03071	0.44645	0.05385	0.01819	0.11793	0.00663	0.00459	0.00156	0.00376	0.00492	0.00474	0.00660
12	0.00643	0.00432	0.00498	0.00484	0.00608	0.00384	0.00359	0.00782	0.02693	0.08997	0.16919	0.15824	0.41907	0.03612	0.00513	0.00143	0.00226	0.00794	0.03802	0.00381
13	0.00993	0.00953	0.01628	0.02462	0.83404	0.00953	0.01231	0.01231	0.00913	0.01310	0.00754	0.00993	0.00635	0.00357	0.00397	0.00119	0.00476	0.00357	0.00199	0.00635
14	0.01072	0.86147	0.02102	0.00686	0.01029	0.01587	0.00686	0.01201	0.00815	0.00944	0.00558	0.00643	0.00515	0.00343	0.00257	0.00086	0.00429	0.00214	0.00172	0.00515
15	0.01498	0.01911	0.01137	0.01033	0.01240	0.84295	0.00775	0.01601	0.01137	0.00982	0.00620	0.00723	0.00517	0.00413	0.00362	0.00103	0.00723	0.00258	0.00207	0.00465
16	0.00489	0.00404	0.00410	0.00410	0.00528	0.00345	0.00296	0.00577	0.00869	0.01042	0.03684	0.03692	0.72169	0.12508	0.00686	0.00170	0.00228	0.00811	0.00355	0.00326
17	0.00987	0.00556	0.00679	0.00589	0.00763	0.00541	0.00461	0.04751	0.11002	0.21659	0.35799	0.02115	0.03759	0.00643	0.00416	0.00122	0.00253	0.00547	0.13863	0.00495
18	0.04851	0.00876	0.00914	0.00811	0.01045	0.01010	0.00635	0.07657	0.73485	0.01742	0.01539	0.01422	0.01152	0.00532	0.00401	0.00134	0.00326	0.00437	0.00401	0.00629
19	0.00993	0.00908	0.01261	0.09042	0.30179	0.04202	0.05596	0.11148	0.17998	0.01483	0.03836	0.01462	0.07116	0.00499	0.00415	0.00127	0.00433	0.02436	0.00290	0.00574
20	0.03172	0.35206	0.20736	0.02116	0.07505	0.06797	0.02988	0.03272	0.02647	0.02552	0.02562	0.00847	0.00629	0.00390	0.00362	0.00107	0.03262	0.00285	0.00204	0.04362
21	0.04651	0.02370	0.26477	0.00811	0.01071	0.00665	0.03345	0.03327	0.04171	0.02780	0.01478	0.23452	0.03283	0.08294	0.00585	0.00167	0.00409	0.11925	0.00288	0.00452

[dist]
# distance from previous block
# <min> <max>
0	1

[block]
# block no. 2 follows, 67 sequences, length 26
# corresponding to MSA columns:
# 99-124
name=unknown_C
#
# <colnr> <probs for GDERKNQSTAVLIFYWHMCP>
#	G	D	E	R	K	N	Q	S	T	A	V	L	I	F	Y	W	H	M	C	P
0	0.00900	0.00730	0.00834	0.00653	0.02076	0.03431	0.00503	0.01105	0.04662	0.06727	0.00889	0.03522	0.00761	0.04565	0.02756	0.00107	0.01572	0.00311	0.00264	0.63631
1	0.01006	0.00849	0.00904	0.00813	0.01035	0.00974	0.00636	0.07718	0.71394	0.01700	0.01621	0.04269	0.01270	0.00583	0.00416	0.00138	0.00325	0.03325	0.00405	0.00619
2	0.01048	0.00887	0.00935	0.00826	0.01062	0.01021	0.00647	0.09798	0.74930	0.01759	0.01568	0.01445	0.01172	0.00538	0.00407	0.00135	0.00329	0.00445	0.00407	0.00639
3	0.04747	0.00466	0.00485	0.00445	0.00579	0.00471	0.00345	0.06121	0.00927	0.08901	0.01278	0.01413	0.00977	0.00467	0.00297	0.00099	0.00222	0.00369	0.70968	0.00423
4	0.28728	0.00848	0.00909	0.00720	0.01015	0.00888	0.00595	0.26470	0.01231	0.33161	0.01073	0.01019	0.00723	0.00453	0.00354	0.00123	0.00363	0.00332	0.00390	0.00605
5	0.01525	0.01123	0.01204	0.00923	0.01244	0.01244	0.00762	0.82067	0.01886	0.02528	0.00963	0.00963	0.00682	0.00481	0.00401	0.00120	0.00441	0.00361	0.00401	0.00682
6	0.04717	0.02974	0.05783	0.09153	0.50020	0.03284	0.03722	0.01995	0.00883	0.02274	0.00758	0.02152	0.00634	0.00401	0.00445	0.00123	0.05956	0.00354	0.01294	0.03078
7	0.00887	0.00626	0.00715	0.00706	0.00860	0.00568	0.00547	0.03416	0.04370	0.07888	0.06963	0.06700	0.39133	0.01074	0.00568	0.00183	0.00344	0.23503	0.00448	0.00501
8	0.00489	0.00349	0.00465	0.00558	0.00582	0.00326	0.00372	0.00558	0.00768	0.01024	0.02210	0.85644	0.02653	0.01256	0.00512	0.00163	0.00233	0.01140	0.00372	0.00326
9	0.01002	0.05747	0.23521	0.07495	0.12062	0.02227	0.03569	0.13306	0.01033	0.07594	0.02171	0.03594	0.00893	0.00624	0.04223	0.00154	0.01811	0.08155	0.00266	0.00555
10	0.16873	0.12670	0.05052	0.02288	0.02529	0.34977	0.00729	0.07970	0.09925	0.01346	0.00748	0.00821	0.00595	0.00412	0.00337	0.00111	0.00525	0.00280	0.00245	0.01566
11	0.00574	0.00424	0.00616	0.00616	0.00677	0.00486	0.00465	0.00698	0.00636	0.00910	0.01101	0.01722	0.01066	0.14621	0.72790	0.00609	0.00978	0.00451	0.00219	0.00342
12	0.00799	0.00790	0.04640	0.09449	0.16072	0.01588	0.14904	0.02139	0.07709	0.01341	0.17086	0.02009	0.07627	0.00654	0.02503	0.00146	0.00436	0.08225	0.01392	0.00490
13	0.01465	0.01072	0.01160	0.00885	0.01209	0.01158	0.00730	0.72082	0.01764	0.04566	0.00955	0.00961	0.00682	0.00464	0.00391	0.00115	0.00425	0.00350	0.00388	0.09179
14	0.00846	0.00740	0.00930	0.00752	0.06567	0.00577	0.02905	0.01033	0.00841	0.01306	0.00719	0.00850	0.00597	0.00302	0.00309	0.00066	0.00320	0.00253	0.00234	0.79853
15	0.00580	0.00401	0.00500	0.00500	0.00522	0.00423	0.00322	0.00624	0.00602	0.00824	0.01206	0.02305	0.01320	0.60690	0.27067	0.00467	0.00597	0.00537	0.00234	0.00278
16	0.01118	0.52282	0.12223	0.00895	0.03755	0.15170	0.03622	0.01315	0.02415	0.03019	0.00648	0.00742	0.00546	0.00367	0.00308	0.00099	0.00504	0.00254	0.00191	0.00527
17	0.01775	0.00722	0.00955	0.00732	0.01043	0.00648	0.00605	0.09119	0.01214	0.76424	0.01527	0.01329	0.00965	0.00495	0.00403	0.00124	0.00350	0.00400	0.00488	0.00682
18	0.01011	0.00876	0.00960	0.00846	0.01081	0.01005	0.03129	0.04383	0.77874	0.01690	0.01588	0.01468	0.01190	0.00536	0.00410	0.00136	0.00332	0.00451	0.00402	0.00633
19	0.00626	0.00438	0.00543	0.00510	0.00621	0.00411	0.00384	0.00851	0.05240	0.04055	0.62368	0.04035	0.11873	0.00803	0.00457	0.00126	0.00202	0.00701	0.05359	0.00396
20	0.00713	0.00508	0.00623	0.00574	0.00704	0.00499	0.00440	0.05732	0.09400	0.05070	0.55690	0.06489	0.07694	0.00799	0.00464	0.00131	0.00232	0.03379	0.00429	0.00430
21	0.01047	0.11600	0.11302	0.08272	0.20411	0.03293	0.04573	0.14732	0.13321	0.01466	0.00909	0.02675	0.00725	0.00441	0.00418	0.00123	0.03484	0.00365	0.00258	0.00585
22	0.00510	0.00379	0.00527	0.03117	0.00682	0.00360	0.01938	0.00595	0.00782	0.01036	0.02197	0.76322	0.05162	0.01201	0.00508	0.00161	0.00253	0.03571	0.00363	0.00335
23	0.00488	0.00351	0.00463	0.00553	0.00580	0.00326	0.00370	0.00559	0.00773	0.01026	0.02274	0.82845	0.05410	0.01248	0.00511	0.00162	0.00232	0.01130	0.00372	0.00326
24	0.00992	0.05742	0.25832	0.09265	0.24023	0.03997	0.03241	0.08706	0.00971	0.05518	0.00846	0.03308	0.00679	0.01811	0.03233	0.00144	0.00530	0.00361	0.00227	0.00573
25	0.03619	0.10190	0.20327	0.03822	0.11960	0.11134	0.10716	0.09151	0.01998	0.09076	0.01989	0.00972	0.00664	0.00456	0.02104	0.00130	0.00539	0.00339	0.00245	0.00569

[dist]
# distance from previous block
# <min> <max>
1	13

[block]
# block no. 3 follows, 67 sequences, length 24
# corresponding to MSA columns:
# 139-162
name=unknown_D
#
# <colnr> <probs for GDERKNQSTAVLIFYWHMCP>
#	G	D	E	R	K	N	Q	S	T	A	V	L	I	F	Y	W	H	M	C	P
0	0.72544	0.00839	0.00718	0.04358	0.04135	0.04860	0.00536	0.01183	0.00715	0.01662	0.00574	0.00699	0.00455	0.00393	0.00324	0.00126	0.04960	0.00238	0.00237	0.00444
1	0.05247	0.00728	0.00868	0.00716	0.00953	0.00735	0.00571	0.18181	0.11708	0.32838	0.11973	0.06889	0.01387	0.00627	0.00468	0.04296	0.00331	0.00479	0.00424	0.00579
2	0.00771	0.00626	0.00783	0.00755	0.05342	0.00656	0.02493	0.05579	0.19873	0.02776	0.32238	0.04199	0.15352	0.00735	0.00494	0.00134	0.04597	0.01741	0.00386	0.00472
3	0.00839	0.05322	0.00743	0.00649	0.00790	0.07771	0.00489	0.04207	0.05279	0.02294	0.13806	0.14327	0.24195	0.04713	0.00553	0.00161	0.00334	0.05770	0.07307	0.00451
4	0.00660	0.00441	0.00535	0.00512	0.00633	0.00397	0.00383	0.02789	0.01021	0.08831	0.34671	0.17443	0.28335	0.00920	0.00472	0.00135	0.00221	0.00797	0.00412	0.00392
5	0.88738	0.00776	0.00589	0.00527	0.00776	0.00900	0.00434	0.01179	0.00683	0.01799	0.00558	0.00651	0.00434	0.00372	0.00248	0.00124	0.00310	0.00217	0.00248	0.00434
6	0.00980	0.00940	0.01605	0.06946	0.79019	0.00950	0.01224	0.01220	0.00907	0.01295	0.00752	0.00997	0.00630	0.00360	0.00397	0.00120	0.00480	0.00357	0.00197	0.00625
7	0.01197	0.00823	0.00911	0.00782	0.01022	0.02194	0.00617	0.10645	0.47048	0.19846	0.05222	0.05441	0.01285	0.00571	0.00413	0.00132	0.00333	0.00474	0.00423	0.00622
8	0.01498	0.01911	0.01137	0.01033	0.01240	0.84295	0.00775	0.01601	0.01137	0.00982	0.00620	0.00723	0.00517	0.00413	0.00362	0.00103	0.00723	0.00258	0.00207	0.00465
9	0.00560	0.00400	0.00547	0.00639	0.00694	0.00387	0.00496	0.00681	0.00838	0.01103	0.02171	0.49146	0.02498	0.01190	0.00531	0.00173	0.00294	0.36938	0.00371	0.00345
10	0.01072	0.86147	0.02102	0.00686	0.01029	0.01587	0.00686	0.01201	0.00815	0.00944	0.00558	0.00643	0.00515	0.00343	0.00257	0.00086	0.00429	0.00214	0.00172	0.00515
11	0.00810	0.02036	0.80638	0.01165	0.01750	0.00935	0.04632	0.01271	0.00851	0.01271	0.00723	0.00856	0.00512	0.00379	0.00385	0.00127	0.00596	0.00303	0.00171	0.00591
12	0.00580	0.00388	0.00438	0.00441	0.00442	0.00387	0.00247	0.00582	0.00589	0.00785	0.01293	0.05161	0.01495	0.83320	0.01995	0.00382	0.00384	0.00600	0.00247	0.00246
13	0.70045	0.00756	0.00663	0.00567	0.00829	0.00833	0.00468	0.01346	0.00783	0.19405	0.00779	0.00805	0.00554	0.00399	0.00282	0.00124	0.00317	0.00257	0.00302	0.00488
14	0.00646	0.00462	0.00646	0.00739	0.00831	0.00462	0.00646	0.00831	0.00923	0.01200	0.02123	0.04524	0.02308	0.01108	0.00554	0.00185	0.00369	0.80704	0.00369	0.00369
15	0.88738	0.00776	0.00589	0.00527	0.00776	0.00900	0.00434	0.01179	0.00683	0.01799	0.00558	0.00651	0.00434	0.00372	0.00248	0.00124	0.00310	0.00217	0.00248	0.00434
16	0.03017	0.01148	0.01144	0.00905	0.01205	0.09548	0.00737	0.60852	0.08847	0.07010	0.01016	0.01004	0.00727	0.00479	0.00395	0.00120	0.00451	0.00359	0.00385	0.00652
17	0.30791	0.07114	0.00969	0.01949	0.01015	0.04731	0.00605	0.22108	0.07264	0.12792	0.00955	0.04541	0.00740	0.00475	0.00363	0.00123	0.02243	0.00343	0.00328	0.00549
18	0.37579	0.01177	0.00858	0.00770	0.01002	0.28323	0.00601	0.03490	0.19926	0.01520	0.00838	0.00879	0.00651	0.00428	0.00326	0.00120	0.00451	0.00289	0.00275	0.00497
19	0.00722	0.00577	0.00658	0.01851	0.00799	0.00606	0.00485	0.01218	0.30755	0.02907	0.15806	0.15558	0.19054	0.00884	0.02543	0.00153	0.00284	0.04289	0.00392	0.00461
20	0.01104	0.01227	0.01067	0.00977	0.03391	0.34845	0.00741	0.04805	0.00907	0.01041	0.00861	0.02989	0.04384	0.08246	0.02254	0.00167	0.29958	0.00376	0.00219	0.00440
21	0.05392	0.01120	0.01148	0.00901	0.01206	0.04850	0.00737	0.68233	0.08546	0.02356	0.00986	0.00983	0.00709	0.00479	0.00393	0.00121	0.00437	0.00358	0.00386	0.00657
22	0.04685	0.00608	0.00792	0.00747	0.03688	0.00689	0.00563	0.05792	0.02148	0.08419	0.11335	0.05475	0.07588	0.04923	0.17511	0.03239	0.17299	0.00498	0.03574	0.00428
23	0.00592	0.00428	0.00545	0.02900	0.00607	0.00463	0.00365	0.00644	0.00622	0.00848	0.01280	0.05921	0.03359	0.53811	0.21800	0.00418	0.04304	0.00560	0.00240	0.00291

[dist]
# distance from previous block
# <min> <max>
0	2

[block]
# block no. 4 follows, 67 sequences, length 8
# corresponding to MSA columns:
# 165-172
name=unknown_E
#
# <colnr> <probs for GDERKNQSTAVLIFYWHMCP>
#	G	D	E	R	K	N	Q	S	T	A	V	L	I	F	Y	W	H	M	C	P
0	0.76769	0.00939	0.04669	0.00602	0.00863	0.08272	0.00515	0.01221	0.00731	0.01701	0.00572	0.00667	0.00445	0.00376	0.00265	0.00122	0.00360	0.00225	0.00241	0.00445
1	0.00999	0.03758	0.01022	0.00863	0.08273	0.00775	0.00635	0.07757	0.06815	0.08515	0.04700	0.01050	0.00823	0.00424	0.00454	0.00098	0.09982	0.00323	0.00282	0.42452
2	0.00873	0.00665	0.00752	0.00675	0.00852	0.00717	0.00523	0.04456	0.40337	0.05532	0.34638	0.02078	0.02225	0.00649	0.00430	0.00130	0.00267	0.00555	0.03119	0.00527
3	0.00671	0.00553	0.00717	0.05705	0.08899	0.00570	0.00543	0.00991	0.15634	0.01274	0.16907	0.15946	0.17167	0.05191	0.05305	0.00179	0.00335	0.02635	0.00348	0.00430
4	0.01498	0.01911	0.01137	0.01033	0.01240	0.84295	0.00775	0.01601	0.01137	0.00982	0.00620	0.00723	0.00517	0.00413	0.00362	0.00103	0.00723	0.00258	0.00207	0.00465
5	0.00928	0.00735	0.00859	0.00620	0.00971	0.00578	0.00498	0.05699	0.00910	0.06191	0.00778	0.00870	0.00622	0.00319	0.00309	0.00067	0.00308	0.00254	0.00262	0.78220
6	0.00720	0.00513	0.00715	0.07969	0.00926	0.00522	0.03862	0.04361	0.04620	0.07410	0.04731	0.36330	0.07134	0.07093	0.07995	0.00209	0.00385	0.03762	0.00340	0.00403
7	0.00719	0.11642	0.00828	0.05081	0.00809	0.04810	0.00488	0.02913	0.00721	0.00937	0.01119	0.01782	0.03650	0.29128	0.33255	0.00405	0.00678	0.00451	0.00226	0.00359

[dist]
# distance from previous block
# <min> <max>
2	63

[block]
# block no. 5 follows, 67 sequences, length 15
# corresponding to MSA columns:
# 238-252
name=unknown_F
#
# <colnr> <probs for GDERKNQSTAVLIFYWHMCP>
#	G	D	E	R	K	N	Q	S	T	A	V	L	I	F	Y	W	H	M	C	P
0	0.00800	0.00683	0.00985	0.29470	0.06054	0.00806	0.00799	0.01116	0.12506	0.03803	0.06303	0.01675	0.07346	0.02661	0.05716	0.02051	0.12251	0.04251	0.00266	0.00458
1	0.00619	0.00477	0.00537	0.00503	0.00635	0.00452	0.00382	0.05052	0.06975	0.01441	0.36690	0.03063	0.35843	0.00846	0.00456	0.00129	0.00217	0.00719	0.04566	0.00396
2	0.01113	0.00674	0.00808	0.00676	0.00913	0.00653	0.00542	0.06438	0.18937	0.24312	0.15097	0.01807	0.02847	0.00576	0.00405	0.00120	0.00302	0.05483	0.04725	0.13574
3	0.88738	0.00776	0.00589	0.00527	0.00776	0.00900	0.00434	0.01179	0.00683	0.01799	0.00558	0.00651	0.00434	0.00372	0.00248	0.00124	0.00310	0.00217	0.00248	0.00434
4	0.88738	0.00776	0.00589	0.00527	0.00776	0.00900	0.00434	0.01179	0.00683	0.01799	0.00558	0.00651	0.00434	0.00372	0.00248	0.00124	0.00310	0.00217	0.00248	0.00434
5	0.01525	0.01123	0.01204	0.00923	0.01244	0.01244	0.00762	0.82067	0.01886	0.02528	0.00963	0.00963	0.00682	0.00481	0.00401	0.00120	0.00441	0.00361	0.00401	0.00682
6	0.01476	0.01087	0.01169	0.00906	0.01213	0.01201	0.00744	0.78267	0.01834	0.02457	0.01021	0.04910	0.00774	0.00518	0.00406	0.00122	0.00432	0.00397	0.00400	0.00665
7	0.47613	0.00940	0.00879	0.00714	0.00996	0.01062	0.00589	0.39321	0.01250	0.02143	0.00749	0.00798	0.00551	0.00424	0.00320	0.00122	0.00372	0.00285	0.00320	0.00551
8	0.88738	0.00776	0.00589	0.00527	0.00776	0.00900	0.00434	0.01179	0.00683	0.01799	0.00558	0.00651	0.00434	0.00372	0.00248	0.00124	0.00310	0.00217	0.00248	0.00434
9	0.01533	0.01076	0.01170	0.00901	0.01218	0.01177	0.00743	0.72421	0.04256	0.09830	0.01039	0.01015	0.00726	0.00485	0.00402	0.00121	0.00429	0.00368	0.00410	0.00681
10	0.04170	0.00710	0.00930	0.00721	0.01026	0.00643	0.00594	0.04770	0.05558	0.74112	0.01535	0.01338	0.00979	0.00495	0.00399	0.00125	0.00343	0.00399	0.00481	0.00673
11	0.04324	0.00695	0.00911	0.00706	0.01003	0.00625	0.00581	0.06547	0.01169	0.72082	0.03821	0.01370	0.01038	0.00500	0.00397	0.00123	0.00338	0.00404	0.02706	0.00659
12	0.01581	0.00711	0.00910	0.00720	0.00999	0.00660	0.00585	0.14600	0.01222	0.59706	0.01647	0.08930	0.04678	0.00584	0.00416	0.00127	0.00342	0.00482	0.00465	0.00636
13	0.00722	0.00445	0.00579	0.00525	0.00651	0.00403	0.00401	0.00901	0.01123	0.12288	0.67392	0.02839	0.08588	0.00790	0.00464	0.00126	0.00210	0.00691	0.00444	0.00416
14	0.01502	0.00753	0.00980	0.00769	0.01049	0.00726	0.04261	0.16074	0.07238	0.48816	0.04861	0.03573	0.01100	0.00522	0.00405	0.00124	0.00354	0.00434	0.05830	0.00632

[dist]
# distance from previous block
# <min> <max>
1	22

[block]
# block no. 6 follows, 67 sequences, length 86
# corresponding to MSA columns:
# 280-365
name=unknown_G
#
# <colnr> <probs for GDERKNQSTAVLIFYWHMCP>
#	G	D	E	R	K	N	Q	S	T	A	V	L	I	F	Y	W	H	M	C	P
0	0.27573	0.31824	0.06571	0.08079	0.05707	0.09942	0.00736	0.02211	0.00833	0.02483	0.00619	0.00737	0.00508	0.00371	0.00297	0.00109	0.00445	0.00250	0.00208	0.00495
1	0.00649	0.00456	0.01855	0.00566	0.00674	0.00406	0.00436	0.00809	0.02892	0.07888	0.24341	0.28297	0.17479	0.00984	0.00486	0.00146	0.00249	0.10601	0.00398	0.00388
2	0.00976	0.00510	0.00636	0.00554	0.00716	0.00478	0.00432	0.04113	0.02905	0.23462	0.36495	0.03459	0.03635	0.00650	0.00410	0.00119	0.00242	0.00554	0.19182	0.00474
3	0.01088	0.64643	0.01865	0.00761	0.01053	0.03805	0.00715	0.06705	0.03782	0.01081	0.00621	0.00726	0.00553	0.00405	0.00404	0.00101	0.10723	0.00251	0.00197	0.00520
4	0.00581	0.00392	0.00451	0.00450	0.00459	0.00394	0.00262	0.00595	0.00606	0.00813	0.03471	0.02594	0.02761	0.77628	0.06644	0.00392	0.00420	0.00582	0.00249	0.00255
5	0.02962	0.00846	0.01020	0.00788	0.01098	0.00841	0.00649	0.29894	0.05096	0.50436	0.01353	0.01220	0.00887	0.00491	0.00400	0.00123	0.00375	0.00388	0.00455	0.00676
6	0.00485	0.00363	0.00451	0.00521	0.00572	0.00329	0.00356	0.00563	0.00803	0.01038	0.02662	0.65707	0.22298	0.01198	0.00503	0.00156	0.00225	0.01069	0.00372	0.00329
7	0.88738	0.00776	0.00589	0.00527	0.00776	0.00900	0.00434	0.01179	0.00683	0.01799	0.00558	0.00651	0.00434	0.00372	0.00248	0.00124	0.00310	0.00217	0.00248	0.00434
8	0.01043	0.00884	0.00933	0.00825	0.01060	0.01019	0.00646	0.09090	0.75646	0.01752	0.01574	0.01450	0.01177	0.00539	0.00407	0.00135	0.00328	0.00445	0.00407	0.00639
9	0.01072	0.86147	0.02102	0.00686	0.01029	0.01587	0.00686	0.01201	0.00815	0.00944	0.00558	0.00643	0.00515	0.00343	0.00257	0.00086	0.00429	0.00214	0.00172	0.00515
10	0.00998	0.00862	0.00907	0.00816	0.01043	0.00998	0.00635	0.02131	0.82679	0.01678	0.01632	0.01496	0.01224	0.00544	0.00408	0.00136	0.00317	0.00453	0.00408	0.00635
11	0.88738	0.00776	0.00589	0.00527	0.00776	0.00900	0.00434	0.01179	0.00683	0.01799	0.00558	0.00651	0.00434	0.00372	0.00248	0.00124	0.00310	0.00217	0.00248	0.00434
12	0.88738	0.00776	0.00589	0.00527	0.00776	0.00900	0.00434	0.01179	0.00683	0.01799	0.00558	0.00651	0.00434	0.00372	0.00248	0.00124	0.00310	0.00217	0.00248	0.00434
13	0.01525	0.01123	0.01204	0.00923	0.01244	0.01244	0.00762	0.82067	0.01886	0.02528	0.00963	0.00963	0.00682	0.00481	0.00401	0.00120	0.00441	0.00361	0.00401	0.00682
14	0.00558	0.00410	0.00522	0.00494	0.00593	0.00374	0.00371	0.00737	0.01112	0.01552	0.74705	0.03088	0.12307	0.00841	0.00473	0.00127	0.00191	0.00738	0.00434	0.00374
15	0.00757	0.00713	0.01203	0.84942	0.02762	0.00891	0.01114	0.01025	0.00802	0.01025	0.00713	0.01069	0.00535	0.00401	0.00401	0.00134	0.00535	0.00356	0.00178	0.00446
16	0.00552	0.00445	0.00631	0.00657	0.00718	0.02313	0.06487	0.00649	0.00798	0.01053	0.03165	0.71687	0.03435	0.01189	0.02081	0.00168	0.00295	0.02974	0.00354	0.00348
17	0.00832	0.00713	0.00832	0.00594	0.00950	0.00535	0.00475	0.01010	0.00832	0.01307	0.00713	0.00832	0.00594	0.00297	0.00297	0.00059	0.00297	0.00238	0.00238	0.88357
18	0.04467	0.00712	0.00937	0.00720	0.01029	0.00638	0.00595	0.06754	0.01178	0.76267	0.01513	0.01319	0.00957	0.00492	0.00398	0.00124	0.00346	0.00395	0.00483	0.00675
19	0.01564	0.00835	0.00993	0.00775	0.01063	0.00847	0.00636	0.32469	0.04359	0.41582	0.01308	0.01219	0.00878	0.00493	0.00408	0.00121	0.01755	0.00386	0.07658	0.00651
20	0.00596	0.00445	0.00675	0.00659	0.00728	0.00513	0.02022	0.00715	0.00639	0.00917	0.01035	0.01556	0.00976	0.05247	0.72426	0.06941	0.02925	0.00427	0.00212	0.00347
21	0.07493	0.00640	0.00635	0.00585	0.00752	0.02102	0.00453	0.02888	0.33059	0.02792	0.01366	0.01408	0.01045	0.00490	0.00334	0.00114	0.00263	0.00392	0.42697	0.00493
22	0.36134	0.01078	0.00958	0.00785	0.01062	0.12476	0.01788	0.34990	0.01266	0.04826	0.00775	0.00822	0.00571	0.00427	0.00336	0.00120	0.00428	0.00293	0.00314	0.00552
23	0.00593	0.00469	0.00535	0.00511	0.00637	0.00448	0.00385	0.00877	0.12345	0.01406	0.39302	0.05460	0.32737	0.00862	0.00463	0.00132	0.00213	0.00740	0.01486	0.00398
24	0.00589	0.00431	0.00533	0.00535	0.00609	0.00425	0.00380	0.04358	0.02126	0.01214	0.24179	0.24272	0.11756	0.16234	0.10295	0.00242	0.00351	0.00768	0.00352	0.00351
25	0.85890	0.00787	0.00610	0.00540	0.00791	0.00911	0.00445	0.03821	0.00722	0.01823	0.00572	0.00662	0.00442	0.00376	0.00253	0.00124	0.00315	0.00222	0.00253	0.00442
26	0.00578	0.00387	0.00439	0.00444	0.00445	0.00385	0.00250	0.00582	0.00593	0.00791	0.01315	0.07094	0.01522	0.81348	0.01959	0.00377	0.00380	0.00613	0.00250	0.00247
27	0.00993	0.00953	0.01628	0.02462	0.83404	0.00953	0.01231	0.01231	0.00913	0.01310	0.00754	0.00993	0.00635	0.00357	0.00397	0.00119	0.00476	0.00357	0.00199	0.00635
28	0.03814	0.00715	0.00823	0.00592	0.00944	0.00547	0.00474	0.01016	0.00827	0.01324	0.00708	0.00826	0.00589	0.00300	0.00295	0.00062	0.00297	0.00237	0.00238	0.85375
29	0.01365	0.01044	0.01114	0.00890	0.01183	0.01169	0.00724	0.57838	0.26375	0.02270	0.01166	0.01125	0.00846	0.00500	0.00403	0.00125	0.00404	0.00389	0.00403	0.00668
30	0.00573	0.00430	0.00645	0.00645	0.00716	0.00501	0.00501	0.00716	0.00645	0.00931	0.01074	0.01576	0.01003	0.03008	0.84316	0.00645	0.01074	0.00430	0.00215	0.00358
31	0.86424	0.00785	0.00606	0.00538	0.00788	0.00909	0.00443	0.03326	0.00714	0.01819	0.00569	0.00660	0.00441	0.00375	0.00252	0.00124	0.00314	0.00221	0.00252	0.00441
32	0.00732	0.00679	0.01134	0.77021	0.02558	0.00838	0.01044	0.00981	0.00799	0.01025	0.00853	0.09008	0.00733	0.00481	0.00411	0.00136	0.00506	0.00430	0.00196	0.00434
33	0.00577	0.00464	0.00495	0.00497	0.00621	0.00395	0.00362	0.00665	0.00983	0.01233	0.15307	0.12639	0.62122	0.01061	0.00513	0.00152	0.00235	0.00882	0.00409	0.00388
34	0.01525	0.01123	0.01204	0.00923	0.01244	0.01244	0.00762	0.82067	0.01886	0.02528	0.00963	0.00963	0.00682	0.00481	0.00401	0.00120	0.00441	0.00361	0.00401	0.00682
35	0.00757	0.00713	0.01203	0.84942	0.02762	0.00891	0.01114	0.01025	0.00802	0.01025	0.00713	0.01069	0.00535	0.00401	0.00401	0.00134	0.00535	0.00356	0.00178	0.00446
36	0.00689	0.01943	0.00669	0.00615	0.00635	0.00544	0.00446	0.00652	0.00583	0.00812	0.02063	0.01493	0.00900	0.16688	0.15536	0.40782	0.14075	0.00408	0.00198	0.00269
37	0.88738	0.00776	0.00589	0.00527	0.00776	0.00900	0.00434	0.01179	0.00683	0.01799	0.00558	0.00651	0.00434	0.00372	0.00248	0.00124	0.00310	0.00217	0.00248	0.00434
38	0.00559	0.00403	0.00529	0.00510	0.00597	0.00373	0.00378	0.00736	0.01096	0.01546	0.74605	0.11760	0.03664	0.00866	0.00477	0.00130	0.00194	0.00769	0.00434	0.00373
39	0.00510	0.00408	0.00456	0.00444	0.00564	0.00354	0.00333	0.00645	0.00999	0.01285	0.34498	0.03527	0.52680	0.00940	0.00474	0.00132	0.00198	0.00800	0.00399	0.00354
40	0.01505	0.01915	0.01002	0.00742	0.01067	0.00689	0.02976	0.12286	0.01162	0.50403	0.01263	0.01171	0.00842	0.00442	0.00379	0.00108	0.00355	0.00359	0.00411	0.20924
41	0.00574	0.00426	0.00626	0.00626	0.00692	0.00491	0.00478	0.00704	0.00639	0.00917	0.01091	0.01668	0.01043	0.10338	0.77041	0.00622	0.01014	0.00443	0.00217	0.00348
42	0.03979	0.00710	0.00938	0.00721	0.01030	0.00635	0.00595	0.06554	0.01179	0.76934	0.01521	0.01324	0.00961	0.00492	0.00399	0.00124	0.00346	0.00396	0.00485	0.00676
43	0.00947	0.01082	0.02366	0.01690	0.02096	0.01014	0.81947	0.01285	0.00947	0.01285	0.00811	0.01082	0.00609	0.00338	0.00473	0.00135	0.00676	0.00473	0.00203	0.00541
44	0.06847	0.01070	0.01130	0.00885	0.01190	0.01193	0.00727	0.67397	0.11589	0.02380	0.01019	0.01008	0.00732	0.00482	0.00393	0.00122	0.00418	0.00363	0.00393	0.00661
45	0.00510	0.00360	0.00465	0.00541	0.00562	0.00341	0.00356	0.00571	0.00738	0.00984	0.02034	0.68103	0.02424	0.16764	0.00793	0.00205	0.00265	0.03321	0.00349	0.00312
46	0.01072	0.86147	0.02102	0.00686	0.01029	0.01587	0.00686	0.01201	0.00815	0.00944	0.00558	0.00643	0.00515	0.00343	0.00257	0.00086	0.00429	0.00214	0.00172	0.00515
47	0.00991	0.00849	0.00893	0.00805	0.01028	0.00982	0.00626	0.02101	0.80612	0.01673	0.01624	0.01496	0.01219	0.00542	0.00405	0.00135	0.00314	0.00451	0.02624	0.00628
48	0.00568	0.00410	0.00536	0.00505	0.00599	0.00378	0.00378	0.00757	0.01135	0.01608	0.83192	0.02996	0.03784	0.00820	0.00473	0.00126	0.00189	0.00725	0.00441	0.00378
49	0.88738	0.00776	0.00589	0.00527	0.00776	0.00900	0.00434	0.01179	0.00683	0.01799	0.00558	0.00651	0.00434	0.00372	0.00248	0.00124	0.00310	0.00217	0.00248	0.00434
50	0.00484	0.00405	0.00421	0.00420	0.00549	0.00342	0.00314	0.00594	0.00933	0.01136	0.12165	0.05941	0.72917	0.01002	0.00475	0.00135	0.00202	0.00842	0.00380	0.00342
51	0.02659	0.00392	0.00484	0.00547	0.00603	0.00371	0.00391	0.00623	0.00794	0.01052	0.02356	0.47367	0.15847	0.10950	0.00683	0.00187	0.00270	0.13743	0.00354	0.00328
52	0.05322	0.00905	0.01044	0.00810	0.01118	0.00935	0.00667	0.39808	0.06063	0.37218	0.01249	0.01152	0.00835	0.00487	0.00396	0.00123	0.00386	0.00378	0.00436	0.00669
53	0.01065	0.05962	0.02610	0.18731	0.44267	0.12415	0.01077	0.03128	0.00948	0.04950	0.00758	0.00965	0.00607	0.00383	0.00385	0.00118	0.00514	0.00337	0.00212	0.00569
54	0.02679	0.54274	0.03824	0.00860	0.04385	0.19616	0.00749	0.07457	0.00969	0.01110	0.00614	0.00704	0.00531	0.00371	0.00300	0.00095	0.00498	0.00243	0.00199	0.00522
55	0.00526	0.00398	0.00484	0.00492	0.00582	0.00359	0.00361	0.00660	0.00974	0.01299	0.38380	0.20212	0.27292	0.02881	0.00519	0.00144	0.00213	0.03470	0.00400	0.00352
56	0.08023	0.26531	0.06020	0.00979	0.07255	0.11633	0.06261	0.11649	0.01920	0.09953	0.00799	0.00899	0.00625	0.00404	0.00355	0.00109	0.01573	0.01193	0.00256	0.03563
57	0.00756	0.00640	0.00696	0.02063	0.00844	0.02547	0.00512	0.01326	0.36784	0.01414	0.13864	0.14308	0.16674	0.00796	0.00451	0.00140	0.00282	0.05033	0.00391	0.00479
58	0.00657	0.00447	0.00538	0.00522	0.00639	0.00411	0.00390	0.03172	0.02799	0.07456	0.29900	0.20251	0.26668	0.00926	0.00470	0.00137	0.00226	0.01875	0.02123	0.00393
59	0.02949	0.05339	0.17205	0.29417	0.18200	0.02064	0.05775	0.04619	0.02096	0.01216	0.00756	0.02058	0.00601	0.00446	0.00455	0.04009	0.01724	0.00351	0.00199	0.00520
60	0.04054	0.05762	0.05760	0.16223	0.35854	0.04243	0.05559	0.07294	0.04869	0.01348	0.02043	0.02310	0.00727	0.00418	0.00393	0.00123	0.00485	0.01741	0.00229	0.00565
61	0.00597	0.00431	0.00550	0.00515	0.00619	0.00403	0.00388	0.00817	0.04213	0.02723	0.75267	0.02957	0.07371	0.00814	0.00470	0.00127	0.00197	0.00716	0.00438	0.00390
62	0.00580	0.00402	0.00503	0.00503	0.00526	0.00424	0.00325	0.00625	0.00603	0.00826	0.01204	0.02293	0.01314	0.59692	0.28058	0.00470	0.00606	0.00535	0.00234	0.00279
63	0.04669	0.22550	0.07496	0.04441	0.11706	0.11510	0.04768	0.11771	0.07619	0.02380	0.00807	0.00971	0.00659	0.00431	0.00406	0.00117	0.04750	0.02158	0.00242	0.00551
64	0.00625	0.00501	0.02790	0.00554	0.00684	0.00448	0.01756	0.02564	0.04626	0.02734	0.54121	0.05434	0.15472	0.00876	0.02923	0.00144	0.00251	0.00700	0.02394	0.00401
65	0.00490	0.00353	0.00465	0.00550	0.00580	0.00328	0.00369	0.00565	0.00785	0.01044	0.04701	0.79456	0.06363	0.01232	0.00509	0.00161	0.00230	0.01114	0.00374	0.00328
66	0.01234	0.54159	0.01737	0.00815	0.01109	0.31046	0.00720	0.03224	0.00954	0.00994	0.00589	0.00679	0.00519	0.00371	0.00298	0.00093	0.00534	0.00233	0.00189	0.00501
67	0.01041	0.01024	0.07467	0.07395	0.44483	0.00927	0.11822	0.01260	0.00988	0.04728	0.05458	0.05133	0.01057	0.00538	0.00482	0.00149	0.01638	0.03514	0.00273	0.00624
68	0.00739	0.00658	0.05033	0.00743	0.00851	0.00707	0.00615	0.05333	0.01608	0.02368	0.00962	0.01425	0.00892	0.09753	0.43020	0.00418	0.18118	0.00408	0.02677	0.03670
69	0.01072	0.86147	0.02102	0.00686	0.01029	0.01587	0.00686	0.01201	0.00815	0.00944	0.00558	0.00643	0.00515	0.00343	0.00257	0.00086	0.00429	0.00214	0.00172	0.00515
70	0.01001	0.07447	0.18383	0.03599	0.07919	0.02066	0.04116	0.11444	0.05668	0.05276	0.02088	0.01035	0.00719	0.01486	0.00384	0.00108	0.00434	0.01417	0.00259	0.25151
71	0.01021	0.01015	0.01504	0.05770	0.66760	0.09167	0.01136	0.02765	0.00943	0.01276	0.00804	0.04528	0.00705	0.00405	0.00399	0.00120	0.00492	0.00380	0.00210	0.00598
72	0.01072	0.86147	0.02102	0.00686	0.01029	0.01587	0.00686	0.01201	0.00815	0.00944	0.00558	0.00643	0.00515	0.00343	0.00257	0.00086	0.00429	0.00214	0.00172	0.00515
73	0.00825	0.00702	0.00816	0.00591	0.00932	0.00537	0.00472	0.02572	0.00862	0.01329	0.02695	0.01002	0.03922	0.00341	0.00310	0.00065	0.00294	0.00275	0.00251	0.81208
74	0.01021	0.00873	0.00920	0.00821	0.01052	0.01008	0.00640	0.05649	0.79124	0.01715	0.01603	0.01473	0.01200	0.00541	0.00408	0.00135	0.00323	0.00449	0.00408	0.00637
75	0.01407	0.00994	0.01065	0.00830	0.01115	0.01090	0.00681	0.67256	0.01702	0.04269	0.01032	0.01057	0.00744	0.00480	0.00382	0.00116	0.00398	0.00364	0.14384	0.00633
76	0.00508	0.00366	0.00483	0.00567	0.00605	0.00343	0.00397	0.00594	0.00798	0.01056	0.04160	0.69604	0.06576	0.02550	0.00538	0.00167	0.00247	0.09738	0.00372	0.00331
77	0.02404	0.10476	0.02275	0.00850	0.03048	0.09181	0.02083	0.27287	0.10746	0.03854	0.00942	0.03429	0.00748	0.00439	0.00360	0.00104	0.00416	0.00340	0.00308	0.20707
78	0.03319	0.17164	0.25377	0.00922	0.02455	0.13638	0.05104	0.02473	0.04095	0.03415	0.06766	0.01129	0.04574	0.00440	0.00363	0.00111	0.00487	0.00344	0.00235	0.07586
79	0.05663	0.18008	0.25304	0.00951	0.02283	0.06340	0.03769	0.20072	0.02485	0.02685	0.00780	0.02318	0.00614	0.00449	0.00417	0.02091	0.03363	0.00317	0.00245	0.01846
80	0.00618	0.00493	0.00605	0.00664	0.05010	0.01535	0.00452	0.03360	0.06163	0.01218	0.14258	0.34850	0.18606	0.04107	0.02935	0.00168	0.01537	0.02673	0.00362	0.00386
81	0.00757	0.00713	0.01203	0.84942	0.02762	0.00891	0.01114	0.01025	0.00802	0.01025	0.00713	0.01069	0.00535	0.00401	0.00401	0.00134	0.00535	0.00356	0.00178	0.00446
82	0.06692	0.11139	0.17090	0.05436	0.10614	0.10587	0.05058	0.12598	0.02854	0.05914	0.00861	0.01996	0.02191	0.00439	0.00420	0.00121	0.04848	0.00338	0.00247	0.00556
83	0.00982	0.03001	0.12768	0.09871	0.27832	0.02058	0.14686	0.07697	0.05020	0.04413	0.00925	0.05614	0.00761	0.00485	0.02005	0.00137	0.00516	0.00414	0.00240	0.00573
84	0.00663	0.04062	0.00569	0.00516	0.00631	0.00426	0.00384	0.00760	0.00871	0.09621	0.05732	0.26509	0.33953	0.08683	0.00614	0.00165	0.00260	0.04840	0.00367	0.00372
85	0.03033	0.09619	0.08871	0.04141	0.12188	0.07205	0.06731	0.08410	0.05134	0.09899	0.01047	0.04214	0.03253	0.04096	0.00461	0.00128	0.01522	0.00388	0.01990	0.07670

[dist]
# distance from previous block
# <min> <max>
1	11

[block]
# block no. 7 follows, 67 sequences, length 11
# corresponding to MSA columns:
# 377-387
name=unknown_H
#
# <colnr> <probs for GDERKNQSTAVLIFYWHMCP>
#	G	D	E	R	K	N	Q	S	T	A	V	L	I	F	Y	W	H	M	C	P
0	0.04371	0.06623	0.08365	0.06480	0.05845	0.07947	0.06824	0.10605	0.07937	0.04042	0.07190	0.06960	0.05758	0.00543	0.00414	0.00123	0.01875	0.01470	0.00290	0.06338
1	0.04782	0.07575	0.01249	0.13578	0.16771	0.07100	0.04741	0.10153	0.04021	0.01303	0.00916	0.04270	0.02450	0.06081	0.00584	0.00142	0.09006	0.00393	0.01908	0.02977
2	0.05755	0.09975	0.07225	0.08107	0.19248	0.06909	0.05190	0.15844	0.06273	0.02807	0.00807	0.00940	0.00630	0.00412	0.00409	0.00118	0.03881	0.00331	0.00251	0.04887
3	0.00952	0.00865	0.01348	0.08190	0.37187	0.00896	0.08439	0.09554	0.07866	0.01384	0.02442	0.01340	0.04586	0.07595	0.00568	0.00146	0.02541	0.00420	0.00253	0.03430
4	0.00578	0.00400	0.00538	0.00595	0.02417	0.00386	0.00403	0.00659	0.00769	0.03593	0.06198	0.48722	0.06642	0.08201	0.12452	0.03872	0.00374	0.00868	0.00333	0.02000
5	0.00926	0.00817	0.01194	0.27649	0.25073	0.00907	0.00940	0.09466	0.16389	0.01446	0.10106	0.01331	0.01070	0.00470	0.00409	0.00128	0.00429	0.00416	0.00279	0.00552
6	0.00501	0.00406	0.00437	0.00433	0.00547	0.00356	0.00317	0.00605	0.00895	0.01109	0.13203	0.03522	0.61593	0.09402	0.04746	0.00184	0.00262	0.00786	0.00360	0.00335
7	0.88738	0.00776	0.00589	0.00527	0.00776	0.00900	0.00434	0.01179	0.00683	0.01799	0.00558	0.00651	0.00434	0.00372	0.00248	0.00124	0.00310	0.00217	0.00248	0.00434
8	0.00507	0.00395	0.00461	0.00470	0.00569	0.00349	0.00343	0.00631	0.00955	0.01241	0.29380	0.20837	0.40420	0.01003	0.00482	0.00138	0.00205	0.00869	0.00395	0.00349
9	0.00775	0.00613	0.00722	0.00562	0.00836	0.00484	0.00446	0.00945	0.00897	0.04090	0.12385	0.01683	0.11196	0.00500	0.00356	0.00086	0.00272	0.03701	0.02895	0.56555
10	0.00959	0.03970	0.18334	0.04806	0.15489	0.04675	0.13034	0.07764	0.04357	0.04566	0.04850	0.05385	0.04216	0.00510	0.00442	0.00130	0.02822	0.02886	0.00260	0.00546

[dist]
# distance from previous block
# <min> <max>
4	6

[block]
# block no. 8 follows, 67 sequences, length 18
# corresponding to MSA columns:
# 394-411
name=unknown_I
#
# <colnr> <probs for GDERKNQSTAVLIFYWHMCP>
#	G	D	E	R	K	N	Q	S	T	A	V	L	I	F	Y	W	H	M	C	P
0	0.16355	0.15681	0.23684	0.00859	0.01228	0.06884	0.00869	0.21631	0.01109	0.03912	0.02369	0.00867	0.00627	0.00414	0.00342	0.00116	0.00465	0.00295	0.01734	0.00560
1	0.00542	0.00404	0.00502	0.00541	0.00620	0.00377	0.00401	0.00690	0.03182	0.01208	0.19163	0.35725	0.20647	0.01059	0.00494	0.00150	0.00237	0.11629	0.02074	0.00355
2	0.02831	0.04347	0.02162	0.00857	0.01171	0.03610	0.00700	0.38855	0.05295	0.06314	0.02275	0.01085	0.00800	0.00490	0.00432	0.00120	0.03461	0.00353	0.00359	0.24484
3	0.02687	0.07081	0.15498	0.01007	0.07830	0.07625	0.07705	0.06737	0.02147	0.13702	0.02780	0.02512	0.02202	0.02097	0.00405	0.00115	0.00452	0.00357	0.00274	0.16784
4	0.02463	0.15196	0.33305	0.02349	0.03987	0.05939	0.05545	0.07391	0.05745	0.05837	0.04299	0.01046	0.02330	0.00426	0.00372	0.00118	0.00497	0.00339	0.00242	0.02573
5	0.00698	0.00509	0.00605	0.00569	0.00693	0.00505	0.00431	0.05886	0.10203	0.03982	0.35720	0.08711	0.15475	0.07740	0.02046	0.00164	0.00270	0.04983	0.00397	0.00413
6	0.00903	0.00864	0.01319	0.36106	0.22243	0.05076	0.06867	0.05547	0.03582	0.01251	0.05465	0.01269	0.01810	0.00455	0.00444	0.00130	0.03381	0.02548	0.00228	0.00512
7	0.02714	0.06608	0.23170	0.03744	0.09944	0.11191	0.08712	0.13517	0.03691	0.07716	0.02946	0.01065	0.00736	0.00431	0.00391	0.00122	0.00522	0.01943	0.00260	0.00576
8	0.05103	0.00796	0.03932	0.03387	0.10581	0.00763	0.04831	0.11938	0.04095	0.22906	0.05370	0.08139	0.06039	0.00582	0.00453	0.00130	0.04127	0.02083	0.01850	0.02895
9	0.00618	0.00372	0.00513	0.00533	0.00549	0.00377	0.00359	0.00577	0.00607	0.00818	0.01180	0.16193	0.01296	0.20426	0.12040	0.39351	0.00431	0.03279	0.00235	0.00246
10	0.02617	0.00770	0.04433	0.00818	0.05806	0.06690	0.02330	0.08813	0.09283	0.05221	0.02725	0.24745	0.09990	0.05802	0.01797	0.00161	0.01729	0.04014	0.00333	0.01923
11	0.07221	0.06807	0.11168	0.04241	0.13683	0.03189	0.08526	0.14560	0.06294	0.09173	0.02014	0.04609	0.00801	0.00541	0.02984	0.00141	0.02807	0.00390	0.00281	0.00569
12	0.00770	0.00474	0.00590	0.00554	0.00668	0.00450	0.00410	0.04018	0.02646	0.12653	0.27650	0.14439	0.11177	0.14127	0.03194	0.00190	0.00294	0.03733	0.01560	0.00403
13	0.00504	0.00374	0.00471	0.00527	0.00586	0.00342	0.00370	0.00603	0.00860	0.01133	0.15207	0.53454	0.18831	0.01135	0.00500	0.00153	0.00225	0.04004	0.00383	0.00338
14	0.03863	0.12299	0.30851	0.02854	0.11828	0.02454	0.03775	0.13614	0.04555	0.01459	0.02877	0.01061	0.03476	0.00429	0.00373	0.00119	0.00482	0.00345	0.02713	0.00572
15	0.02007	0.02736	0.07484	0.15320	0.29953	0.06556	0.06946	0.03796	0.09006	0.05378	0.00871	0.01064	0.00684	0.01485	0.01771	0.00137	0.03640	0.00366	0.00236	0.00565
16	0.00508	0.00373	0.00475	0.00549	0.00592	0.00349	0.00377	0.00607	0.02358	0.01054	0.04098	0.66934	0.11475	0.04225	0.00561	0.00168	0.00241	0.04354	0.00370	0.00333
17	0.00794	0.00744	0.04700	0.00935	0.02898	0.03252	0.17246	0.02816	0.00901	0.04623	0.04409	0.14279	0.09198	0.05276	0.00627	0.00162	0.07360	0.16356	0.02991	0.00434

[dist]
# distance from previous block
# <min> <max>
0	3

[block]
# block no. 9 follows, 67 sequences, length 45
# corresponding to MSA columns:
# 417-461
name=unknown_J
#
# <colnr> <probs for GDERKNQSTAVLIFYWHMCP>
#	G	D	E	R	K	N	Q	S	T	A	V	L	I	F	Y	W	H	M	C	P
0	0.00936	0.07880	0.04446	0.04041	0.14880	0.02075	0.16518	0.05104	0.00945	0.08345	0.01273	0.14973	0.02459	0.00690	0.02948	0.00150	0.00467	0.09556	0.00282	0.02031
1	0.67681	0.04436	0.00757	0.00678	0.04465	0.07866	0.00518	0.01185	0.00738	0.01617	0.00642	0.04301	0.00551	0.00421	0.00306	0.00124	0.02759	0.00270	0.00243	0.00445
2	0.00815	0.00788	0.01064	0.00932	0.00950	0.02729	0.00760	0.00905	0.00644	0.00962	0.01962	0.02200	0.03039	0.06742	0.10796	0.00240	0.63460	0.00403	0.00197	0.00412
3	0.00933	0.11405	0.42696	0.02454	0.08878	0.02019	0.02340	0.02407	0.09711	0.05948	0.01014	0.02005	0.04276	0.00442	0.00394	0.00124	0.01791	0.00354	0.00232	0.00577
4	0.00509	0.00394	0.00456	0.00466	0.00559	0.00350	0.00335	0.00622	0.00925	0.01197	0.25191	0.20433	0.39935	0.06099	0.00575	0.00154	0.00217	0.00858	0.00384	0.00341
5	0.00680	0.00567	0.00869	0.09052	0.19485	0.00600	0.00677	0.00851	0.00811	0.01128	0.11619	0.02733	0.08197	0.06510	0.31172	0.00332	0.00628	0.02400	0.01267	0.00423
6	0.02218	0.00748	0.00961	0.04435	0.03286	0.00659	0.05854	0.06389	0.05742	0.02653	0.00907	0.02509	0.01839	0.03028	0.02457	0.00107	0.00367	0.00325	0.01383	0.54133
7	0.00550	0.00407	0.00501	0.00479	0.00582	0.00368	0.00359	0.00717	0.01071	0.01476	0.61517	0.04485	0.21889	0.00862	0.00469	0.00128	0.00193	0.00750	0.02829	0.00368
8	0.01487	0.03664	0.02420	0.00919	0.01239	0.02987	0.00768	0.74821	0.03835	0.02409	0.00957	0.00960	0.00685	0.00476	0.00396	0.00119	0.00446	0.00356	0.00387	0.00670
