[name]
unknown

[dist]
# distance from previous block
# <min> <max>
0	133

[block]
# block no. 0 follows, 71 sequences, length 27
# corresponding to MSA columns:
# 166-192
name=unknown_A
#
# <colnr> <probs for GDERKNQSTAVLIFYWHMCP>
#	G	D	E	R	K	N	Q	S	T	A	V	L	I	F	Y	W	H	M	C	P
0	0.03687	0.00612	0.04092	0.00686	0.04261	0.02690	0.00508	0.00995	0.11029	0.08128	0.08861	0.27565	0.04579	0.09839	0.00608	0.00158	0.02642	0.03664	0.00328	0.05069
1	0.01090	0.00943	0.02661	0.03042	0.05574	0.07534	0.00681	0.28004	0.23098	0.02638	0.06508	0.01231	0.00990	0.03402	0.02774	0.00139	0.02903	0.00384	0.00328	0.06075
2	0.00871	0.05536	0.01641	0.01189	0.01477	0.03162	0.46743	0.08230	0.03367	0.01272	0.02734	0.14551	0.06344	0.00531	0.00436	0.00129	0.00501	0.00551	0.00255	0.00481
3	0.28405	0.04351	0.05668	0.01847	0.06140	0.01886	0.00617	0.12769	0.06625	0.16522	0.04296	0.01017	0.00774	0.00475	0.00393	0.04925	0.00353	0.00319	0.02107	0.00512
4	0.01253	0.10796	0.01110	0.00770	0.01039	0.01037	0.00636	0.47217	0.09202	0.08389	0.05691	0.01169	0.00918	0.05840	0.00467	0.00128	0.00381	0.00370	0.00354	0.03232
5	0.00598	0.00532	0.00507	0.00480	0.00622	0.06014	0.00362	0.05779	0.00949	0.01152	0.08607	0.08461	0.60154	0.00883	0.00439	0.00125	0.00245	0.00736	0.00348	0.03009
6	0.00824	0.06060	0.00883	0.03137	0.00961	0.00615	0.00497	0.05393	0.00843	0.01263	0.00781	0.00900	0.02711	0.00423	0.03764	0.00088	0.00334	0.00258	0.00232	0.70031
7	0.00808	0.01801	0.71286	0.09232	0.01725	0.00905	0.01340	0.06291	0.00867	0.01267	0.00702	0.00837	0.00499	0.00372	0.00367	0.00122	0.00552	0.00293	0.00177	0.00558
8	0.00758	0.00468	0.00662	0.00576	0.00714	0.00426	0.04856	0.00928	0.01039	0.15758	0.55986	0.07239	0.05821	0.02455	0.00473	0.00128	0.00238	0.00651	0.00409	0.00414
9	0.00803	0.00790	0.05686	0.08246	0.26700	0.00742	0.10123	0.06136	0.04963	0.01335	0.17423	0.12783	0.01474	0.00563	0.00417	0.00125	0.00393	0.00525	0.00277	0.00495
10	0.00824	0.07788	0.74320	0.01051	0.01587	0.00950	0.01327	0.05634	0.00861	0.01258	0.00690	0.00802	0.00495	0.00367	0.00357	0.00118	0.00548	0.00281	0.00174	0.00566
11	0.00905	0.21861	0.40004	0.02078	0.06222	0.04652	0.01044	0.04559	0.08037	0.01201	0.00809	0.00956	0.01765	0.00404	0.00360	0.00113	0.01967	0.02320	0.00202	0.00540
12	0.02616	0.06143	0.12767	0.00830	0.01046	0.02246	0.02283	0.06296	0.13047	0.04114	0.09470	0.01557	0.03007	0.03385	0.22987	0.00280	0.06660	0.00442	0.00304	0.00519
13	0.00653	0.00513	0.00569	0.00511	0.00671	0.03206	0.00384	0.01910	0.00904	0.04765	0.20089	0.15592	0.26164	0.02515	0.00445	0.00119	0.00244	0.00652	0.00340	0.19753
14	0.64421	0.05154	0.00750	0.00602	0.00844	0.07283	0.00497	0.11221	0.00841	0.01687	0.00636	0.00787	0.00514	0.00394	0.00274	0.00117	0.00349	0.02929	0.00252	0.00448
15	0.01003	0.07943	0.21389	0.01011	0.02803	0.02670	0.15678	0.18065	0.02067	0.06843	0.00904	0.03352	0.00733	0.04599	0.06729	0.00168	0.01890	0.01372	0.00252	0.00530
16	0.01477	0.00780	0.00925	0.00722	0.00995	0.00783	0.00592	0.32328	0.03203	0.41338	0.02692	0.01203	0.00892	0.00473	0.00374	0.00114	0.00344	0.00374	0.09777	0.00615
17	0.00492	0.00368	0.00449	0.00494	0.00554	0.00338	0.00342	0.02030	0.00815	0.01063	0.10383	0.52430	0.23124	0.04585	0.00535	0.00154	0.00221	0.00946	0.00358	0.00322
18	0.04102	0.17444	0.17462	0.02704	0.01095	0.12950	0.01775	0.05106	0.05099	0.06359	0.05025	0.01313	0.08692	0.06417	0.00486	0.00130	0.02745	0.00371	0.00248	0.00477
19	0.04579	0.04737	0.53105	0.01027	0.01489	0.06132	0.07688	0.01338	0.03607	0.11562	0.00809	0.00888	0.00572	0.00380	0.00364	0.00119	0.00525	0.00306	0.00216	0.00558
20	0.00724	0.00681	0.01150	0.85604	0.02641	0.00852	0.01065	0.00980	0.00767	0.00980	0.00681	0.01022	0.00511	0.00383	0.00383	0.00128	0.00511	0.00341	0.00170	0.00426
21	0.00940	0.00885	0.01092	0.10323	0.14024	0.07825	0.06409	0.03308	0.37533	0.02407	0.01334	0.02536	0.06739	0.00497	0.00414	0.00125	0.02342	0.00426	0.00299	0.00541
22	0.04673	0.00871	0.01041	0.00912	0.06799	0.06669	0.05449	0.23227	0.06522	0.27747	0.01248	0.08251	0.02730	0.00520	0.00401	0.00121	0.01448	0.00430	0.00364	0.00576
23	0.01005	0.00761	0.01138	0.21360	0.30102	0.00796	0.00873	0.11410	0.00993	0.13016	0.01212	0.01329	0.09645	0.00458	0.00385	0.00119	0.00406	0.00399	0.04058	0.00535
24	0.00489	0.00358	0.00451	0.00515	0.00558	0.00333	0.00351	0.01785	0.00769	0.01008	0.03482	0.66183	0.13987	0.05492	0.00557	0.00162	0.00231	0.02622	0.00351	0.00316
25	0.07590	0.02898	0.06276	0.06213	0.06349	0.00843	0.02522	0.20366	0.02922	0.04513	0.00910	0.03869	0.01874	0.03972	0.05203	0.00150	0.06315	0.01053	0.00267	0.15893
26	0.02286	0.07709	0.01477	0.01064	0.01359	0.03876	0.28612	0.21613	0.16740	0.03718	0.01043	0.06924	0.00843	0.00462	0.00402	0.00123	0.00466	0.00435	0.00295	0.00551

[dist]
# distance from previous block
# <min> <max>
0	17

[block]
# block no. 1 follows, 71 sequences, length 17
# corresponding to MSA columns:
# 210-226
name=unknown_B
#
# <colnr> <probs for GDERKNQSTAVLIFYWHMCP>
#	G	D	E	R	K	N	Q	S	T	A	V	L	I	F	Y	W	H	M	C	P
0	0.05987	0.00407	0.00441	0.00435	0.00483	0.00404	0.00276	0.00640	0.02519	0.00941	0.07630	0.04409	0.14366	0.54220	0.01396	0.02515	0.00316	0.00585	0.01750	0.00278
1	0.02521	0.00994	0.08941	0.05189	0.06269	0.06690	0.28688	0.05443	0.05945	0.04778	0.02854	0.04162	0.06102	0.00576	0.04643	0.00148	0.02169	0.00436	0.00246	0.03206
2	0.03593	0.50307	0.12564	0.00764	0.01098	0.03186	0.02811	0.09803	0.03179	0.01163	0.00664	0.00767	0.00557	0.00509	0.05483	0.00127	0.00473	0.00257	0.00201	0.02495
3	0.00469	0.00337	0.00445	0.00527	0.00555	0.00313	0.00354	0.00540	0.00749	0.00997	0.04573	0.81053	0.05304	0.01181	0.00487	0.00154	0.00220	0.01069	0.00358	0.00313
4	0.89233	0.00741	0.00564	0.00504	0.00741	0.00860	0.00415	0.01127	0.00653	0.01720	0.00534	0.00623	0.00415	0.00356	0.00237	0.00119	0.00297	0.00208	0.00237	0.00415
5	0.00839	0.00680	0.00800	0.00573	0.00912	0.00514	0.00460	0.01008	0.00809	0.05213	0.00721	0.00819	0.00586	0.00293	0.00289	0.00060	0.00286	0.00235	0.00239	0.84664
6	0.03670	0.00682	0.00872	0.00643	0.00961	0.00549	0.05063	0.01140	0.00861	0.17003	0.03310	0.02748	0.00767	0.00358	0.00320	0.00078	0.00308	0.00301	0.00281	0.60084
7	0.01025	0.86756	0.02009	0.00656	0.00984	0.01517	0.00656	0.01148	0.00779	0.00902	0.00533	0.00615	0.00492	0.00328	0.00246	0.00082	0.00410	0.00205	0.00164	0.00492
8	0.00487	0.00349	0.00466	0.00553	0.00587	0.00329	0.00389	0.00569	0.00758	0.01003	0.02151	0.73197	0.04726	0.01176	0.00494	0.00158	0.00239	0.11700	0.00356	0.00317
9	0.00561	0.00381	0.00439	0.00428	0.00526	0.00349	0.00319	0.00716	0.00949	0.01363	0.39737	0.05093	0.23874	0.00759	0.00407	0.00116	0.00185	0.00650	0.22799	0.00349
10	0.01160	0.01132	0.01254	0.01017	0.01252	0.19523	0.14659	0.18970	0.21277	0.03247	0.00939	0.01012	0.00719	0.00465	0.00502	0.00124	0.11557	0.00363	0.00286	0.00542
11	0.00480	0.00365	0.00444	0.00495	0.00564	0.00330	0.00356	0.00573	0.00817	0.01047	0.07734	0.45652	0.30782	0.01084	0.00478	0.00146	0.00221	0.07751	0.00360	0.00322
12	0.00760	0.00628	0.00827	0.00791	0.05218	0.00718	0.01990	0.04102	0.15441	0.03020	0.22050	0.05765	0.05545	0.00921	0.10193	0.00189	0.18053	0.00514	0.02832	0.00443
13	0.00949	0.00911	0.01556	0.02353	0.84133	0.00911	0.01177	0.01177	0.00873	0.01253	0.00721	0.00949	0.00607	0.00342	0.00380	0.00114	0.00456	0.00342	0.00190	0.00607
14	0.00716	0.00617	0.00947	0.01920	0.00955	0.00701	0.11421	0.03379	0.06779	0.02311	0.08148	0.03534	0.03607	0.04388	0.34056	0.00336	0.15070	0.00459	0.00247	0.00409
15	0.02967	0.06647	0.00918	0.00713	0.00914	0.08196	0.03061	0.23761	0.06429	0.05019	0.08107	0.12840	0.15869	0.00661	0.00419	0.00122	0.01998	0.00542	0.00338	0.00480
16	0.02494	0.00783	0.01896	0.00846	0.07396	0.02147	0.05135	0.14065	0.03879	0.09258	0.07176	0.03765	0.03404	0.00448	0.00390	0.00099	0.03421	0.00372	0.00295	0.32729

[dist]
# distance from previous block
# <min> <max>
1	78

[block]
# block no. 2 follows, 71 sequences, length 16
# corresponding to MSA columns:
# 305-320
name=unknown_C
#
# <colnr> <probs for GDERKNQSTAVLIFYWHMCP>
#	G	D	E	R	K	N	Q	S	T	A	V	L	I	F	Y	W	H	M	C	P
0	0.22553	0.03399	0.05622	0.01080	0.18448	0.04628	0.05813	0.02196	0.11240	0.08007	0.00867	0.03073	0.00687	0.00397	0.00337	0.00112	0.00389	0.00325	0.00258	0.10569
1	0.00815	0.04946	0.54768	0.01038	0.02834	0.00868	0.07842	0.01244	0.07348	0.02875	0.02405	0.00983	0.02197	0.00423	0.01556	0.00124	0.00512	0.00324	0.00203	0.06694
2	0.00603	0.06490	0.00600	0.00496	0.00633	0.00488	0.00387	0.03428	0.05661	0.02682	0.14957	0.10977	0.43447	0.02646	0.00470	0.00134	0.00238	0.04937	0.00355	0.00373
3	0.67648	0.00865	0.06525	0.00603	0.00867	0.00899	0.00530	0.08391	0.07964	0.01736	0.00668	0.00732	0.00507	0.00380	0.00272	0.00120	0.00327	0.00245	0.00258	0.00463
4	0.00973	0.00826	0.00874	0.00777	0.00995	0.00949	0.00607	0.07220	0.75441	0.01654	0.04241	0.01445	0.01218	0.00525	0.00392	0.00129	0.00307	0.00436	0.00391	0.00602
5	0.00574	0.00431	0.00558	0.00542	0.00576	0.00483	0.00382	0.00637	0.00603	0.00833	0.01264	0.02078	0.06941	0.42823	0.31044	0.00421	0.08785	0.00502	0.00225	0.00295
6	0.00567	0.00434	0.00563	0.00571	0.00584	0.00484	0.00394	0.00616	0.00635	0.00873	0.01434	0.34629	0.01664	0.33925	0.07050	0.00272	0.14018	0.00718	0.00268	0.00301
7	0.00564	0.00432	0.00633	0.00624	0.00684	0.00510	0.00482	0.00689	0.00611	0.00882	0.01011	0.01540	0.00964	0.08616	0.74598	0.00575	0.05627	0.00417	0.00205	0.00339
8	0.00889	0.00630	0.00713	0.00628	0.00781	0.02769	0.00486	0.18066	0.09152	0.07202	0.11070	0.01758	0.07180	0.10289	0.19255	0.00254	0.00474	0.00466	0.07491	0.00448
9	0.00905	0.00679	0.00757	0.00686	0.00870	0.00734	0.00535	0.09193	0.40559	0.08079	0.07846	0.12047	0.10089	0.00686	0.00419	0.00132	0.00289	0.04586	0.00389	0.00519
10	0.83078	0.00715	0.00549	0.00494	0.00721	0.00825	0.00405	0.01111	0.00663	0.01700	0.00584	0.00679	0.00455	0.00362	0.00239	0.00117	0.00288	0.00218	0.06386	0.00411
11	0.00767	0.00487	0.00577	0.00530	0.00679	0.00456	0.00405	0.02400	0.09830	0.15643	0.23388	0.11866	0.29857	0.00806	0.00437	0.00128	0.00232	0.00689	0.00397	0.00425
12	0.01041	0.78759	0.04796	0.00691	0.01019	0.06486	0.00687	0.01173	0.00799	0.00915	0.00542	0.00626	0.00492	0.00333	0.00256	0.00084	0.00432	0.00210	0.00166	0.00492
13	0.00918	0.00853	0.00805	0.00728	0.00908	0.13082	0.00559	0.03563	0.45811	0.01507	0.24995	0.01721	0.01760	0.00576	0.00401	0.00122	0.00328	0.00478	0.00371	0.00514
14	0.01357	0.01005	0.01083	0.00850	0.01130	0.01114	0.00694	0.70221	0.09421	0.02240	0.00997	0.02851	0.00743	0.00516	0.00430	0.03578	0.00403	0.00369	0.00375	0.00621
15	0.03847	0.31538	0.01423	0.00814	0.01103	0.19587	0.00697	0.33828	0.01251	0.01538	0.00701	0.00754	0.00554	0.00396	0.00322	0.00100	0.00473	0.00270	0.00261	0.00543

[dist]
# distance from previous block
# <min> <max>
0	1

[block]
# block no. 3 follows, 71 sequences, length 13
# corresponding to MSA columns:
# 322-334
name=unknown_D
#
# <colnr> <probs for GDERKNQSTAVLIFYWHMCP>
#	G	D	E	R	K	N	Q	S	T	A	V	L	I	F	Y	W	H	M	C	P
0	0.01388	0.00874	0.00930	0.00769	0.01029	0.08885	0.00615	0.10998	0.30734	0.37447	0.01375	0.01248	0.00951	0.00482	0.00383	0.00120	0.00364	0.00385	0.00407	0.00616
1	0.05268	0.00978	0.01088	0.00844	0.01136	0.01065	0.03101	0.61204	0.06693	0.10267	0.01008	0.00997	0.00712	0.00456	0.00376	0.00116	0.00398	0.00352	0.03316	0.00625
2	0.00531	0.00401	0.00442	0.00425	0.00552	0.00344	0.00321	0.00651	0.00938	0.04751	0.24253	0.03376	0.59855	0.00902	0.00450	0.00127	0.00196	0.00761	0.00378	0.00348
3	0.03787	0.00673	0.00863	0.00683	0.00955	0.00627	0.00557	0.04532	0.11128	0.63987	0.06889	0.01392	0.01128	0.00497	0.00387	0.00120	0.00316	0.00406	0.00452	0.00622
4	0.01123	0.00569	0.00714	0.00590	0.00797	0.00521	0.00471	0.09077	0.01121	0.37318	0.25637	0.02156	0.16959	0.00654	0.00417	0.00121	0.00269	0.00548	0.00429	0.00508
5	0.00680	0.00548	0.00764	0.00693	0.00741	0.00647	0.03455	0.04318	0.00681	0.00963	0.05014	0.09006	0.01160	0.21273	0.18705	0.08063	0.22230	0.00491	0.00230	0.00339
6	0.00523	0.00346	0.00459	0.00533	0.00568	0.00322	0.00361	0.00596	0.00750	0.04114	0.02061	0.80157	0.02423	0.01148	0.00478	0.00152	0.00225	0.01038	0.03420	0.00326
7	0.01057	0.01135	0.01548	0.01762	0.41211	0.19238	0.17566	0.03703	0.03933	0.01215	0.00733	0.00923	0.00596	0.00370	0.00417	0.00116	0.03378	0.00347	0.00205	0.00549
8	0.08733	0.04861	0.03404	0.01080	0.08451	0.13730	0.13344	0.22189	0.11368	0.02598	0.00886	0.03522	0.00703	0.00438	0.00399	0.00118	0.02996	0.00361	0.00276	0.00544
9	0.00482	0.00372	0.00436	0.00471	0.00550	0.00333	0.00340	0.00575	0.00825	0.01047	0.08939	0.33033	0.39160	0.05202	0.00544	0.00153	0.00223	0.06640	0.00355	0.00320
10	0.01347	0.00708	0.00941	0.00902	0.11818	0.00678	0.00640	0.10360	0.07748	0.45418	0.03824	0.01593	0.07672	0.00533	0.00398	0.00122	0.00338	0.03960	0.00404	0.00596
11	0.00987	0.33616	0.12666	0.00804	0.01087	0.15028	0.03162	0.04173	0.07668	0.01077	0.00824	0.01120	0.00734	0.05547	0.05132	0.00149	0.00505	0.05028	0.00214	0.00479
12	0.03206	0.00539	0.00644	0.00619	0.03012	0.00531	0.00455	0.05025	0.12452	0.16596	0.10020	0.22100	0.15067	0.00756	0.00415	0.00129	0.00259	0.00649	0.07073	0.00453

[dist]
# distance from previous block
# <min> <max>
2	13

[block]
# block no. 4 follows, 71 sequences, length 53
# corresponding to MSA columns:
# 348-400
name=unknown_E
#
# <colnr> <probs for GDERKNQSTAVLIFYWHMCP>
#	G	D	E	R	K	N	Q	S	T	A	V	L	I	F	Y	W	H	M	C	P
0	0.03872	0.01304	0.31107	0.02159	0.28282	0.01918	0.04558	0.07766	0.09830	0.01366	0.00803	0.00935	0.00615	0.00391	0.00404	0.00121	0.03446	0.00330	0.00218	0.00576
1	0.12610	0.00847	0.05730	0.00712	0.01041	0.00728	0.05597	0.13264	0.04791	0.03007	0.00773	0.01633	0.00610	0.00350	0.00316	0.00087	0.00346	0.00280	0.00259	0.47021
2	0.00905	0.01034	0.02262	0.01616	0.02004	0.00970	0.82741	0.01228	0.00905	0.01228	0.00776	0.01034	0.00582	0.00323	0.00452	0.00129	0.00646	0.00452	0.00194	0.00517
3	0.00668	0.00525	0.00619	0.00624	0.01611	0.05127	0.00458	0.00825	0.04759	0.05439	0.11768	0.34084	0.07745	0.01207	0.13478	0.00211	0.04745	0.02596	0.00324	0.03188
4	0.00666	0.00333	0.00500	0.00500	0.00500	0.00333	0.00333	0.00500	0.00500	0.00666	0.00666	0.01166	0.00666	0.01332	0.01499	0.88844	0.00333	0.00333	0.00167	0.00167
5	0.00554	0.00372	0.00430	0.00434	0.00438	0.00375	0.00251	0.00564	0.00568	0.00761	0.01232	0.05615	0.01413	0.78628	0.06540	0.00377	0.00403	0.00569	0.00235	0.00241
6	0.80886	0.03526	0.00644	0.00537	0.00777	0.04065	0.00443	0.03219	0.00702	0.01682	0.00546	0.00633	0.00427	0.00359	0.00245	0.00117	0.00318	0.00213	0.00237	0.00425
7	0.00928	0.02155	0.15350	0.11529	0.54436	0.00927	0.01167	0.06643	0.00912	0.01289	0.00722	0.00928	0.00578	0.00358	0.00376	0.00116	0.00478	0.00330	0.00196	0.00581
8	0.00915	0.00912	0.02291	0.08396	0.18357	0.08964	0.12948	0.04272	0.09650	0.02098	0.06500	0.01262	0.03522	0.03849	0.01765	0.00142	0.11266	0.00403	0.00241	0.02246
9	0.00945	0.00858	0.01444	0.04989	0.64230	0.00854	0.04847	0.03056	0.00916	0.04429	0.07177	0.01113	0.00848	0.00383	0.00387	0.00115	0.00436	0.00373	0.00223	0.02376
10	0.04835	0.00982	0.01146	0.01105	0.13264	0.13739	0.03720	0.04888	0.03566	0.02321	0.00660	0.00852	0.00563	0.00467	0.00660	0.00121	0.30181	0.00306	0.00212	0.16410
11	0.00605	0.00359	0.00475	0.00475	0.00482	0.00366	0.00303	0.00545	0.00538	0.00725	0.00949	0.01807	0.01025	0.39904	0.10532	0.39629	0.00424	0.00442	0.00200	0.00215
12	0.00975	0.00969	0.01435	0.08577	0.53022	0.08267	0.05306	0.04131	0.04264	0.01233	0.00783	0.00988	0.01827	0.00391	0.00441	0.00119	0.06159	0.00349	0.00205	0.00559
13	0.00545	0.00406	0.00508	0.00483	0.00581	0.00378	0.00362	0.00747	0.04159	0.01463	0.68704	0.04842	0.13769	0.00807	0.00451	0.00123	0.00188	0.00708	0.00411	0.00365
14	0.12267	0.00875	0.08101	0.01848	0.02118	0.03136	0.07087	0.08156	0.06937	0.20614	0.02350	0.03527	0.04881	0.00460	0.00381	0.00113	0.02356	0.00374	0.00312	0.14106
15	0.00901	0.02014	0.13367	0.22369	0.09681	0.00863	0.11651	0.09412	0.03076	0.04842	0.00775	0.01008	0.00602	0.00554	0.02061	0.10450	0.05325	0.00350	0.00215	0.00483
16	0.10847	0.00498	0.00559	0.00509	0.00676	0.00461	0.00393	0.02787	0.00912	0.20885	0.06698	0.15358	0.36366	0.00798	0.00417	0.00129	0.00246	0.00668	0.00375	0.00419
17	0.01031	0.00928	0.08680	0.00786	0.01044	0.00908	0.00674	0.23558	0.38793	0.04505	0.07681	0.03138	0.05470	0.00545	0.00396	0.00125	0.00344	0.00446	0.00370	0.00578
18	0.00540	0.00390	0.00550	0.00567	0.00621	0.00429	0.00420	0.00650	0.00646	0.00916	0.01308	0.17110	0.02436	0.12015	0.54431	0.00471	0.00752	0.01845	0.03579	0.00325
19	0.01023	0.00626	0.00686	0.00579	0.00759	0.00656	0.00460	0.25328	0.05601	0.09454	0.09992	0.01420	0.01172	0.00493	0.00339	0.00105	0.00271	0.00396	0.40153	0.00486
20	0.01131	0.00842	0.00904	0.00763	0.00999	0.00941	0.00607	0.26604	0.45046	0.06960	0.01331	0.01267	0.00979	0.00492	0.00376	0.00121	0.00328	0.00396	0.09316	0.00598
21	0.00588	0.00380	0.00551	0.00551	0.00587	0.00417	0.00397	0.00606	0.00570	0.00796	0.00934	0.01533	0.00923	0.13940	0.46189	0.29457	0.00709	0.00406	0.00196	0.00270
22	0.01389	0.10943	0.01186	0.00952	0.01164	0.76027	0.00732	0.01490	0.01054	0.00934	0.00586	0.00683	0.00494	0.00388	0.00335	0.00097	0.00661	0.00242	0.00194	0.00450
23	0.01329	0.00659	0.00818	0.00650	0.00911	0.00608	0.00526	0.08175	0.09060	0.47323	0.06296	0.01536	0.08185	0.00519	0.00382	0.00114	0.00303	0.00425	0.03368	0.08813
24	0.00555	0.00371	0.00419	0.00421	0.00422	0.00370	0.00236	0.00557	0.00562	0.00750	0.01232	0.04737	0.01424	0.84256	0.01913	0.00366	0.00368	0.00572	0.00236	0.00234
25	0.01147	0.00917	0.01151	0.27804	0.06886	0.01043	0.00853	0.44438	0.08796	0.01814	0.00890	0.01001	0.00651	0.00434	0.00384	0.00120	0.00442	0.00352	0.00304	0.00574
26	0.00911	0.00850	0.01480	0.12686	0.48985	0.00865	0.13263	0.03718	0.00871	0.03152	0.00790	0.01098	0.00663	0.06203	0.02701	0.00149	0.00496	0.00376	0.00204	0.00541
27	0.00632	0.00414	0.00511	0.00494	0.00594	0.00407	0.02269	0.00842	0.04668	0.01373	0.27488	0.07141	0.06937	0.00781	0.04215	0.00138	0.00250	0.06276	0.34201	0.00368
28	0.01025	0.86756	0.02009	0.00656	0.00984	0.01517	0.00656	0.01148	0.00779	0.00902	0.00533	0.00615	0.00492	0.00328	0.00246	0.00082	0.00410	0.00205	0.00164	0.00492
29	0.00583	0.00423	0.00529	0.00532	0.00638	0.00397	0.00419	0.00771	0.04009	0.03521	0.37605	0.07107	0.21425	0.00892	0.00468	0.00138	0.00234	0.19557	0.00388	0.00366
30	0.00884	0.00963	0.04543	0.39635	0.02487	0.16665	0.02439	0.02124	0.07927	0.01093	0.06385	0.01166	0.03149	0.00466	0.00465	0.00125	0.08448	0.00367	0.00219	0.00449
31	0.00545	0.00405	0.00509	0.00481	0.00580	0.00376	0.00361	0.00745	0.03679	0.01482	0.72038	0.02914	0.12850	0.00797	0.00450	0.00122	0.00186	0.00699	0.00413	0.00365
32	0.00848	0.00778	0.02824	0.03178	0.12706	0.05999	0.00648	0.05551	0.25876	0.02454	0.15595	0.05043	0.11806	0.00619	0.00430	0.00126	0.02316	0.02374	0.00333	0.00496
33	0.00594	0.00406	0.00525	0.00509	0.00609	0.00377	0.00396	0.00768	0.01032	0.04228	0.61073	0.03011	0.08497	0.00810	0.00453	0.00128	0.00211	0.11956	0.04051	0.00368
34	0.00882	0.00840	0.01167	0.02091	0.15858	0.04337	0.00847	0.02903	0.00704	0.02951	0.00642	0.00945	0.00588	0.00845	0.10753	0.00205	0.52453	0.00343	0.00189	0.00456
35	0.00484	0.00382	0.00413	0.00423	0.00512	0.00341	0.00299	0.00562	0.00787	0.00967	0.03025	0.10214	0.54644	0.19529	0.03140	0.00199	0.00263	0.03186	0.00325	0.00304
36	0.00857	0.00718	0.00828	0.00597	0.00935	0.00574	0.00480	0.08595	0.00889	0.01358	0.00704	0.00807	0.00576	0.00300	0.00293	0.00062	0.00297	0.00238	0.00242	0.80650
37	0.89233	0.00741	0.00564	0.00504	0.00741	0.00860	0.00415	0.01127	0.00653	0.01720	0.00534	0.00623	0.00415	0.00356	0.00237	0.00119	0.00297	0.00208	0.00237	0.00415
38	0.09725	0.00934	0.01165	0.03817	0.17843	0.06404	0.07279	0.16471	0.18377	0.12590	0.01015	0.01053	0.00748	0.00423	0.00373	0.00119	0.00417	0.00357	0.00310	0.00579
39	0.00744	0.00523	0.00613	0.00584	0.00685	0.00477	0.00416	0.03100	0.01052	0.03671	0.45861	0.08109	0.14337	0.13933	0.01786	0.00194	0.00291	0.00725	0.02473	0.00429
40	0.02648	0.05214	0.37865	0.01173	0.03499	0.03315	0.22002	0.12341	0.03135	0.04025	0.00779	0.00902	0.00567	0.00373	0.00383	0.00120	0.00542	0.00338	0.00219	0.00561
41	0.01094	0.00809	0.00870	0.00738	0.00960	0.03277	0.00590	0.27836	0.25784	0.09461	0.04885	0.01695	0.10902	0.00661	0.02537	0.02196	0.00358	0.04424	0.00376	0.00548
42	0.00696	0.02571	0.02760	0.00709	0.00835	0.00624	0.07298	0.08399	0.02895	0.01094	0.03849	0.04023	0.03158	0.15969	0.38864	0.00389	0.03595	0.01642	0.00244	0.00385
43	0.00562	0.00402	0.00493	0.00492	0.00586	0.00375	0.00371	0.00685	0.00875	0.04055	0.25259	0.06909	0.28529	0.10981	0.08512	0.00206	0.00312	0.09706	0.00350	0.00340
44	0.00585	0.00443	0.00527	0.00526	0.00623	0.00428	0.00386	0.06212	0.05853	0.01284	0.25787	0.31302	0.20348	0.02117	0.00479	0.00139	0.00227	0.01990	0.00377	0.00368
45	0.03503	0.61590	0.01717	0.00726	0.01023	0.16141	0.00665	0.05210	0.03643	0.01881	0.00607	0.00678	0.00525	0.00355	0.00276	0.00090	0.00453	0.00229	0.00193	0.00495
46	0.06951	0.04134	0.07875	0.00929	0.07375	0.02161	0.07863	0.18813	0.06269	0.07636	0.04249	0.03087	0.03507	0.03770	0.02512	0.00142	0.02738	0.04046	0.03676	0.02268
47	0.03257	0.16839	0.08660	0.19384	0.03805	0.16813	0.06058	0.02223	0.04973	0.01061	0.00709	0.01945	0.00588	0.00532	0.04586	0.00140	0.07448	0.00314	0.00195	0.00470
48	0.67880	0.04981	0.00672	0.04698	0.00842	0.03199	0.00461	0.02938	0.00716	0.01610	0.00618	0.00726	0.00484	0.00368	0.00254	0.00114	0.00316	0.00232	0.08471	0.00420
49	0.03908	0.18652	0.37920	0.01190	0.15853	0.13936	0.01086	0.01240	0.00852	0.01133	0.00643	0.00771	0.00507	0.00358	0.00336	0.00109	0.00526	0.00270	0.00175	0.00535
50	0.00761	0.03636	0.05512	0.09367	0.17400	0.01624	0.13081	0.02053	0.02686	0.01141	0.07980	0.13311	0.02903	0.09214	0.00610	0.00153	0.04547	0.02058	0.00246	0.01716
51	0.00595	0.00471	0.00611	0.07714	0.00807	0.00478	0.01546	0.03488	0.00892	0.03099	0.19723	0.20620	0.29069	0.00917	0.02408	0.00146	0.05976	0.00735	0.00340	0.00366
52	0.00983	0.08994	0.05250	0.01207	0.10092	0.06743	0.25733	0.06546	0.03199	0.04794	0.00869	0.03142	0.01878	0.00430	0.00465	0.00118	0.08224	0.02395	0.00230	0.08707

[dist]
# distance from previous block
# <min> <max>
1	24

[block]
# block no. 5 follows, 71 sequences, length 22
# corresponding to MSA columns:
# 425-446
name=unknown_F
#
# <colnr> <probs for GDERKNQSTAVLIFYWHMCP>
#	G	D	E	R	K	N	Q	S	T	A	V	L	I	F	Y	W	H	M	C	P
0	0.04507	0.03832	0.00984	0.10409	0.07883	0.11757	0.02680	0.05613	0.18407	0.06091	0.03373	0.11636	0.01857	0.03079	0.01202	0.00137	0.03209	0.02565	0.00292	0.00486
1	0.02123	0.41839	0.27812	0.00904	0.04242	0.07458	0.03288	0.01204	0.02612	0.01059	0.00657	0.02475	0.00554	0.00366	0.00310	0.00101	0.00479	0.00268	0.00179	0.02069
2	0.00784	0.01853	0.08204	0.18054	0.09594	0.02240	0.08586	0.03063	0.04525	0.04623	0.03143	0.16516	0.05693	0.00640	0.00451	0.00135	0.03134	0.08040	0.00267	0.00455
3	0.00581	0.00402	0.00503	0.00519	0.00598	0.00383	0.00377	0.00673	0.00798	0.06694	0.07253	0.35661	0.25079	0.06320	0.07444	0.00195	0.03023	0.02813	0.00342	0.00343
4	0.00664	0.00338	0.00505	0.00510	0.00514	0.00338	0.00347	0.00514	0.00518	0.00690	0.00733	0.01322	0.00742	0.01319	0.01451	0.84465	0.00334	0.04344	0.00176	0.00176
5	0.03030	0.00585	0.00692	0.03338	0.00845	0.03531	0.00500	0.02836	0.12006	0.23610	0.03940	0.29791	0.06299	0.02035	0.00452	0.00140	0.00300	0.05229	0.00378	0.00464
6	0.03382	0.01931	0.73115	0.01065	0.01582	0.09970	0.01315	0.01246	0.00835	0.01199	0.00673	0.00791	0.00485	0.00367	0.00359	0.00119	0.00572	0.00277	0.00168	0.00549
7	0.00968	0.00718	0.00788	0.00698	0.00898	0.00794	0.00545	0.04616	0.54539	0.09425	0.12724	0.01596	0.01448	0.00543	0.00388	0.00124	0.00283	0.00455	0.07894	0.00558
8	0.00582	0.00389	0.00482	0.00477	0.00503	0.00405	0.00306	0.00622	0.00586	0.02741	0.01167	0.02212	0.01267	0.62080	0.24185	0.00431	0.00546	0.00514	0.00231	0.00272
9	0.00645	0.00423	0.00543	0.00544	0.00646	0.00395	0.00423	0.00800	0.02116	0.08333	0.31300	0.12864	0.14537	0.05497	0.00548	0.00152	0.00251	0.19230	0.00383	0.00370
10	0.10804	0.00938	0.00975	0.00777	0.01044	0.01043	0.00635	0.56776	0.10578	0.02151	0.00983	0.00996	0.00717	0.00454	0.00357	0.00114	0.00371	0.00341	0.09354	0.00592
11	0.39936	0.03109	0.00886	0.00688	0.00964	0.00982	0.00571	0.35633	0.01191	0.11474	0.00809	0.00826	0.00578	0.00413	0.00316	0.00116	0.00356	0.00286	0.00324	0.00544
12	0.00542	0.00425	0.00543	0.02786	0.04144	0.00394	0.00423	0.00695	0.00963	0.01279	0.38952	0.04886	0.30606	0.00862	0.00458	0.00131	0.00228	0.10951	0.00373	0.00359
13	0.00596	0.00422	0.00528	0.00516	0.00624	0.00392	0.00401	0.00784	0.03786	0.04871	0.46833	0.06401	0.19251	0.00855	0.00460	0.00132	0.00220	0.12160	0.00398	0.00372
14	0.00724	0.00681	0.01150	0.85604	0.02641	0.00852	0.01065	0.00980	0.00767	0.00980	0.00681	0.01022	0.00511	0.00383	0.00383	0.00128	0.00511	0.00341	0.00170	0.00426
15	0.01302	0.07537	0.00994	0.00725	0.00978	0.00875	0.00595	0.35996	0.04663	0.23568	0.01229	0.10278	0.00970	0.00535	0.00375	0.00116	0.00349	0.00430	0.07908	0.00576
16	0.00510	0.00373	0.00453	0.00492	0.00564	0.00337	0.00352	0.00604	0.00823	0.02755	0.10722	0.40093	0.28690	0.05118	0.00544	0.00155	0.00228	0.06501	0.00359	0.00326
17	0.00770	0.00487	0.00611	0.00610	0.00733	0.00473	0.00477	0.04509	0.07547	0.13350	0.05821	0.29102	0.12914	0.00925	0.00465	0.00146	0.00278	0.19988	0.00380	0.00414
18	0.00765	0.09153	0.07308	0.00703	0.00857	0.00745	0.01942	0.06310	0.12049	0.01219	0.05850	0.18514	0.01437	0.08702	0.00640	0.00156	0.09561	0.07344	0.06315	0.00428
19	0.02409	0.00639	0.00789	0.00765	0.03536	0.01742	0.00607	0.15883	0.05229	0.15082	0.02765	0.11569	0.01570	0.00821	0.02157	0.00154	0.00361	0.31760	0.00368	0.01794
20	0.00961	0.35653	0.11766	0.01049	0.15841	0.06201	0.02697	0.02261	0.06285	0.02774	0.06464	0.02437	0.01918	0.00422	0.00334	0.00105	0.00429	0.01666	0.00221	0.00516
21	0.09380	0.49739	0.19484	0.00764	0.01128	0.03665	0.00803	0.07748	0.00870	0.02480	0.00615	0.00695	0.00503	0.00353	0.00287	0.00098	0.00441	0.00237	0.00194	0.00515

[dist]
# distance from previous block
# <min> <max>
3	9

[block]
# block no. 6 follows, 71 sequences, length 14
# corresponding to MSA columns:
# 456-469
name=unknown_G
#
# <colnr> <probs for GDERKNQSTAVLIFYWHMCP>
#	G	D	E	R	K	N	Q	S	T	A	V	L	I	F	Y	W	H	M	C	P
0	0.14633	0.00986	0.00898	0.00762	0.00957	0.20450	0.04254	0.18843	0.01029	0.05029	0.00920	0.07549	0.00845	0.14568	0.00642	0.00157	0.02955	0.00394	0.00274	0.03855
1	0.00526	0.00403	0.00486	0.00500	0.00586	0.00380	0.00361	0.00715	0.07137	0.01226	0.29738	0.32220	0.22388	0.00955	0.00461	0.00136	0.00208	0.00841	0.00381	0.00353
2	0.00695	0.00536	0.00640	0.00583	0.00694	0.03300	0.00448	0.00972	0.10844	0.05101	0.61469	0.02400	0.02871	0.00718	0.00499	0.00124	0.06693	0.00607	0.00394	0.00411
3	0.10484	0.01638	0.61798	0.00958	0.01437	0.00853	0.01164	0.04812	0.00858	0.07873	0.00769	0.00858	0.00542	0.00380	0.00349	0.00119	0.00496	0.00289	0.03770	0.00552
4	0.00783	0.00572	0.00618	0.00569	0.00716	0.00613	0.00436	0.07263	0.28181	0.01452	0.08232	0.03867	0.13463	0.00707	0.03126	0.03708	0.00275	0.00493	0.24479	0.00448
5	0.00676	0.00608	0.00995	0.54648	0.08605	0.00715	0.00880	0.00884	0.00768	0.01012	0.03427	0.17203	0.01023	0.00713	0.06077	0.00164	0.00477	0.00497	0.00217	0.00411
6	0.00827	0.00724	0.01016	0.11320	0.30726	0.04685	0.00776	0.00993	0.00870	0.07222	0.02949	0.03778	0.26170	0.00597	0.00458	0.00124	0.05521	0.00505	0.00265	0.00473
7	0.00569	0.00583	0.09333	0.00582	0.00718	0.00450	0.02016	0.04493	0.00844	0.01118	0.09733	0.29022	0.24395	0.07566	0.06619	0.00189	0.00333	0.00756	0.00320	0.00362
8	0.01363	0.05219	0.01131	0.07369	0.01287	0.73161	0.00762	0.03442	0.01067	0.00976	0.00605	0.00719	0.00499	0.00393	0.00345	0.00101	0.00660	0.00255	0.00199	0.00450
9	0.00774	0.00659	0.00776	0.00569	0.00888	0.00504	0.00452	0.00940	0.00785	0.01225	0.00741	0.03454	0.00646	0.00429	0.04107	0.00085	0.00316	0.00262	0.00230	0.82160
10	0.00505	0.00349	0.00434	0.00486	0.00499	0.00336	0.00305	0.00544	0.00661	0.00882	0.01739	0.51661	0.02064	0.36459	0.01094	0.00245	0.00284	0.00870	0.00305	0.00279
11	0.06304	0.07406	0.02455	0.00835	0.04749	0.09252	0.05314	0.09425	0.15684	0.05083	0.03569	0.08942	0.02520	0.00526	0.00372	0.00114	0.00381	0.04435	0.00297	0.12338
12	0.02632	0.02432	0.00928	0.00788	0.00999	0.21934	0.00619	0.26764	0.10665	0.05976	0.01330	0.08893	0.07577	0.02489	0.00427	0.00126	0.00428	0.04159	0.00327	0.00509
13	0.35922	0.05908	0.02010	0.04932	0.09225	0.04604	0.04413	0.02834	0.03774	0.01425	0.04669	0.01048	0.05803	0.00411	0.00313	0.00109	0.00357	0.00314	0.00243	0.11685

[dist]
# distance from previous block
# <min> <max>
1	35

[block]
# block no. 7 follows, 71 sequences, length 7
# corresponding to MSA columns:
# 505-511
name=unknown_H
#
# <colnr> <probs for GDERKNQSTAVLIFYWHMCP>
#	G	D	E	R	K	N	Q	S	T	A	V	L	I	F	Y	W	H	M	C	P
0	0.03200	0.02721	0.02577	0.00627	0.00774	0.03439	0.03443	0.07306	0.08038	0.05511	0.23478	0.23426	0.07662	0.02878	0.00463	0.00134	0.00285	0.00666	0.02953	0.00419
1	0.06660	0.02527	0.04823	0.00653	0.00852	0.00630	0.00537	0.08202	0.08757	0.22781	0.06819	0.23823	0.06262	0.00702	0.00426	0.00129	0.02279	0.00592	0.00368	0.02178
2	0.01059	0.22842	0.14118	0.07185	0.06874	0.12391	0.00822	0.05624	0.09494	0.08223	0.00859	0.03801	0.00691	0.00415	0.00341	0.00107	0.00454	0.00320	0.00241	0.04140
3	0.00863	0.02425	0.04331	0.07048	0.03088	0.15642	0.05728	0.04755	0.07491	0.03072	0.02720	0.17816	0.04397	0.03174	0.04985	0.00165	0.02078	0.09509	0.00281	0.00431
4	0.00558	0.00372	0.00418	0.00418	0.00418	0.00372	0.00232	0.00558	0.00558	0.00743	0.01208	0.02509	0.01394	0.86525	0.01952	0.00372	0.00372	0.00558	0.00232	0.00232
5	0.00493	0.00370	0.00436	0.00469	0.00533	0.00338	0.00327	0.00574	0.00788	0.01011	0.09141	0.31795	0.30457	0.16075	0.00733	0.00183	0.00243	0.05387	0.00339	0.00308
6	0.04208	0.22846	0.08146	0.03350	0.17580	0.05418	0.02167	0.07688	0.03800	0.05897	0.03456	0.06420	0.02349	0.00464	0.00393	0.00113	0.04579	0.00367	0.00241	0.00518

[dist]
# distance from previous block
# <min> <max>
0	1

[block]
# block no. 8 follows, 71 sequences, length 8
# corresponding to MSA columns:
# 513-520
name=unknown_I
#
# <colnr> <probs for GDERKNQSTAVLIFYWHMCP>
#	G	D	E	R	K	N	Q	S	T	A	V	L	I	F	Y	W	H	M	C	P
0	0.27126	0.00755	0.00699	0.00627	0.00819	0.10697	0.00487	0.04621	0.04083	0.18887	0.07512	0.17398	0.03584	0.00607	0.00364	0.00124	0.00330	0.00486	0.00334	0.00460
1	0.00611	0.00383	0.00438	0.00428	0.00448	0.00378	0.00252	0.00632	0.00611	0.04177	0.04350	0.02424	0.01441	0.75836	0.01754	0.00339	0.00354	0.00547	0.04337	0.00260
2	0.00812	0.01318	0.39325	0.01084	0.13719	0.00761	0.01010	0.01151	0.03872	0.01247	0.00723	0.00848	0.00558	0.00338	0.00339	0.00098	0.00440	0.00278	0.00198	0.31882
3	0.00836	0.04855	0.10866	0.06237	0.11747	0.05262	0.04760	0.05840	0.11673	0.03336	0.03143	0.20152	0.06376	0.00638	0.00410	0.00128	0.00391	0.02583	0.00285	0.00482
4	0.00509	0.00361	0.00464	0.00502	0.00554	0.00337	0.00351	0.00617	0.00851	0.01169	0.28487	0.45063	0.07122	0.05847	0.00552	0.00153	0.00218	0.03092	0.03424	0.00327
5	0.00554	0.00385	0.00486	0.00486	0.00509	0.00408	0.00317	0.00601	0.00578	0.00793	0.01146	0.02167	0.01246	0.58008	0.30266	0.00455	0.00595	0.00508	0.00223	0.00270
6	0.05530	0.03889	0.12713	0.00704	0.00893	0.11447	0.01854	0.03705	0.06300	0.05070	0.01004	0.03612	0.02456	0.23188	0.02703	0.08688	0.02486	0.00401	0.00239	0.03119
7	0.00880	0.11535	0.10326	0.19209	0.09185	0.05087	0.18124	0.02462	0.00849	0.03264	0.03091	0.01099	0.03855	0.00522	0.04205	0.00142	0.05105	0.00369	0.00204	0.00486

[dist]
# distance from previous block
# <min> <max>
0	1

[block]
# block no. 9 follows, 71 sequences, length 13
# corresponding to MSA columns:
# 522-534
name=unknown_J
#
# <colnr> <probs for GDERKNQSTAVLIFYWHMCP>
#	G	D	E	R	K	N	Q	S	T	A	V	L	I	F	Y	W	H	M	C	P
0	0.85155	0.00737	0.00579	0.00513	0.00753	0.00846	0.00422	0.01162	0.00673	0.05574	0.00579	0.00655	0.00440	0.00361	0.00244	0.00119	0.00298	0.00216	0.00248	0.00426
1	0.02217	0.02595	0.04495	0.00696	0.00928	0.02409	0.05257	0.02601	0.03422	0.03842	0.12013	0.01398	0.05067	0.03174	0.04576	0.02446	0.08432	0.01421	0.00262	0.32750
2	0.02574	0.02822	0.06492	0.04333	0.25838	0.09288	0.04592	0.02166	0.04971	0.05442	0.01190	0.23200	0.02176	0.01747	0.00434	0.00130	0.01320	0.00538	0.00261	0.00486
3	0.00581	0.00443	0.00539	0.00575	0.00647	0.00448	0.00406	0.02902	0.14792	0.01175	0.09724	0.59393	0.04847	0.01021	0.00465	0.00146	0.00236	0.00914	0.00369	0.00375
4	0.82288	0.04448	0.03653	0.00532	0.00785	0.00889	0.00462	0.01131	0.00664	0.01667	0.00539	0.00629	0.00421	0.00355	0.00242	0.00117	0.00311	0.00210	0.00231	0.00424
5	0.11114	0.00649	0.00730	0.00593	0.00820	0.00649	0.00481	0.16899	0.01079	0.30394	0.01181	0.01179	0.00832	0.00444	0.00328	0.00107	0.00293	0.00344	0.28632	0.03254
6	0.03885	0.02732	0.03058	0.00681	0.02101	0.07400	0.00551	0.08090	0.02046	0.06452	0.02357	0.00894	0.00664	0.00357	0.00339	0.00081	0.03017	0.00270	0.03416	0.51609
7	0.00778	0.00689	0.09914	0.00585	0.00803	0.00541	0.00518	0.06476	0.04429	0.04001	0.13716	0.03698	0.03800	0.00643	0.05462	0.00130	0.00322	0.00413	0.24869	0.18213
8	0.03581	0.22853	0.19120	0.00833	0.01095	0.07081	0.03571	0.01076	0.03407	0.01039	0.00918	0.02803	0.06030	0.02513	0.08692	0.00172	0.14210	0.00346	0.00199	0.00461
9	0.00583	0.00431	0.00535	0.02988	0.02245	0.00410	0.00391	0.02504	0.02139	0.03025	0.36544	0.08746	0.24823	0.05333	0.04835	0.00163	0.00265	0.00687	0.02991	0.00363
10	0.10741	0.00746	0.01155	0.02816	0.01192	0.00726	0.23894	0.04572	0.06332	0.09948	0.04138	0.08077	0.08244	0.00523	0.00413	0.00121	0.02182	0.02308	0.00290	0.11582
11	0.03667	0.00976	0.00963	0.00825	0.01021	0.24005	0.09426	0.04575	0.12898	0.08697	0.15512	0.08278	0.01383	0.00605	0.02312	0.00129	0.00439	0.00465	0.03354	0.00471
12	0.00846	0.00609	0.00725	0.00583	0.00831	0.00523	0.00464	0.02637	0.08215	0.11010	0.16686	0.01707	0.07901	0.00517	0.00364	0.00095	0.00270	0.04550	0.00326	0.41140

[dist]
# distance from previous block
# <min> <max>
0	2

[block]
# block no. 10 follows, 71 sequences, length 22
# corresponding to MSA columns:
# 537-558
name=unknown_K
#
# <colnr> <probs for GDERKNQSTAVLIFYWHMCP>
#	G	D	E	R	K	N	Q	S	T	A	V	L	I	F	Y	W	H	M	C	P
0	0.01122	0.00924	0.00961	0.00817	0.01061	0.02855	0.00648	0.27409	0.56009	0.01845	0.01339	0.01254	0.00993	0.00499	0.00387	0.00125	0.00349	0.00402	0.00384	0.00618
1	0.00695	0.00639	0.00752	0.19186	0.04073	0.09527	0.00602	0.02231	0.01670	0.01968	0.06455	0.33008	0.12063	0.00826	0.01425	0.00141	0.03374	0.00690	0.00290	0.00382
2	0.00745	0.00651	0.05055	0.00636	0.00802	0.00623	0.00511	0.06002	0.28448	0.03099	0.14664	0.20081	0.13639	0.00757	0.00425	0.00132	0.00270	0.00652	0.02347	0.00461
3	0.01353	0.03068	0.02929	0.00931	0.01152	0.59952	0.02173	0.13811	0.01157	0.02349	0.00706	0.00798	0.00562	0.00439	0.01470	0.00109	0.00610	0.00276	0.05678	0.00477
4	0.01432	0.01827	0.01087	0.00988	0.01185	0.84986	0.00741	0.01531	0.01087	0.00938	0.00593	0.00691	0.00494	0.00395	0.00346	0.00099	0.00691	0.00247	0.00198	0.00444
5	0.00619	0.00520	0.00666	0.00650	0.00719	0.05780	0.00502	0.00744	0.00641	0.00887	0.00981	0.01472	0.00928	0.06995	0.70789	0.00547	0.05604	0.00404	0.00204	0.00347
6	0.00571	0.00364	0.00488	0.00554	0.00601	0.00338	0.00386	0.00650	0.00770	0.07378	0.02063	0.75461	0.02397	0.01138	0.00484	0.00154	0.00237	0.05263	0.00365	0.00340
7	0.00601	0.00412	0.00511	0.00479	0.00583	0.00386	0.00361	0.00808	0.04129	0.03808	0.63764	0.02686	0.09562	0.00746	0.00429	0.00118	0.00190	0.00650	0.09400	0.00376
8	0.00885	0.44665	0.28794	0.00819	0.01201	0.01163	0.03694	0.01158	0.03906	0.01071	0.04051	0.00943	0.03756	0.00436	0.01893	0.00112	0.00460	0.00293	0.00191	0.00507
9	0.19463	0.00777	0.00811	0.00697	0.00932	0.00859	0.00556	0.09361	0.40480	0.15050	0.04708	0.01254	0.01028	0.00483	0.00358	0.00123	0.00310	0.00380	0.01805	0.00564
10	0.00522	0.00359	0.00437	0.00471	0.00482	0.00353	0.00290	0.00554	0.00628	0.00840	0.01549	0.34751	0.01816	0.50154	0.04850	0.00299	0.00342	0.00757	0.00279	0.00267
11	0.00554	0.00395	0.00492	0.00547	0.03046	0.00377	0.00367	0.02400	0.00806	0.01102	0.12305	0.36086	0.12221	0.15253	0.00703	0.00178	0.00253	0.04974	0.07614	0.00328
12	0.00907	0.01099	0.16869	0.04394	0.46258	0.03964	0.02834	0.01181	0.03506	0.02871	0.00895	0.01070	0.04795	0.00415	0.00451	0.00121	0.07252	0.00357	0.00203	0.00558
13	0.00634	0.00406	0.00486	0.00471	0.00574	0.00377	0.00348	0.00782	0.02366	0.07596	0.27294	0.13094	0.21780	0.05928	0.03684	0.00156	0.00245	0.00677	0.12737	0.00364
14	0.00601	0.00445	0.00545	0.00529	0.00634	0.00432	0.00397	0.00868	0.11468	0.03151	0.47222	0.15811	0.12039	0.00839	0.00451	0.00130	0.00213	0.03439	0.00399	0.00387
15	0.00898	0.01202	0.23059	0.18032	0.15304	0.02747	0.20511	0.07759	0.03204	0.01275	0.00751	0.00951	0.00566	0.00372	0.00406	0.00123	0.01748	0.00353	0.00201	0.00537
16	0.00508	0.00356	0.00459	0.00523	0.00570	0.00328	0.00362	0.00589	0.00781	0.03090	0.06587	0.65819	0.12039	0.02418	0.00504	0.00154	0.00227	0.04004	0.00360	0.00324
17	0.01052	0.00855	0.00909	0.00792	0.01024	0.00976	0.00623	0.13829	0.68892	0.04369	0.01466	0.01352	0.01088	0.00510	0.00389	0.00127	0.00321	0.00419	0.00392	0.00615
18	0.27204	0.07541	0.03988	0.10389	0.06678	0.08039	0.19480	0.01167	0.00788	0.02439	0.00638	0.00823	0.00507	0.00383	0.00423	0.00122	0.08414	0.00307	0.00202	0.00469
19	0.01121	0.01081	0.06752	0.08080	0.05376	0.17402	0.00761	0.28569	0.02096	0.03810	0.00972	0.08681	0.00838	0.00656	0.05385	0.00149	0.02540	0.02211	0.03008	0.00513
20	0.00555	0.00411	0.00552	0.00544	0.00596	0.00449	0.00396	0.00645	0.00661	0.00916	0.08363	0.03875	0.08418	0.24867	0.41056	0.02412	0.04210	0.00518	0.00245	0.00311
21	0.03458	0.40894	0.19237	0.02704	0.07044	0.07471	0.06799	0.03468	0.00859	0.03916	0.00648	0.00756	0.00524	0.00352	0.00314	0.00101	0.00481	0.00265	0.00189	0.00520

[dist]
# distance from previous block
# <min> <max>
0	4

[block]
# block no. 11 follows, 71 sequences, length 14
# corresponding to MSA columns:
# 563-576
name=unknown_L
#
# <colnr> <probs for GDERKNQSTAVLIFYWHMCP>
#	G	D	E	R	K	N	Q	S	T	A	V	L	I	F	Y	W	H	M	C	P
0	0.00767	0.02813	0.11419	0.16655	0.13924	0.00731	0.05979	0.01052	0.07649	0.03844	0.01202	0.21038	0.02209	0.00666	0.02704	0.00143	0.01774	0.02244	0.00254	0.02934
1	0.16902	0.00568	0.00651	0.00550	0.00758	0.00551	0.00440	0.01379	0.02933	0.38679	0.01299	0.06207	0.00962	0.00489	0.00331	0.00113	0.00271	0.00388	0.26024	0.00503
2	0.00620	0.05629	0.04996	0.15214	0.05648	0.00594	0.02995	0.00761	0.00770	0.01007	0.03171	0.27128	0.15989	0.09035	0.00602	0.00158	0.03034	0.01998	0.00273	0.00376
3	0.01001	0.06931	0.29942	0.02900	0.11436	0.01965	0.03529	0.06328	0.03373	0.14358	0.05792	0.01101	0.02351	0.00423	0.00383	0.00114	0.01810	0.00347	0.00259	0.05654
4	0.00565	0.00410	0.00512	0.00537	0.00640	0.00380	0.00434	0.00713	0.00921	0.02656	0.21383	0.07392	0.27719	0.00946	0.00476	0.00144	0.00253	0.30422	0.03149	0.00349
5	0.00482	0.00347	0.00446	0.00510	0.00552	0.00320	0.00349	0.00569	0.00793	0.01068	0.12790	0.66139	0.09660	0.01107	0.00476	0.00147	0.00213	0.00995	0.02715	0.00320
6	0.02209	0.12384	0.28520	0.03738	0.05553	0.06701	0.06678	0.08942	0.05370	0.03878	0.01705	0.02012	0.01847	0.01905	0.03705	0.01407	0.02365	0.00336	0.00224	0.00522
7	0.11411	0.03650	0.08874	0.33055	0.17397	0.05515	0.02182	0.03806	0.02560	0.05501	0.00730	0.00927	0.00556	0.00383	0.00373	0.00120	0.01934	0.00316	0.00210	0.00499
8	0.00488	0.00358	0.00463	0.00539	0.00587	0.00333	0.00387	0.00577	0.00778	0.01013	0.02363	0.61329	0.14559	0.01145	0.00490	0.00155	0.00239	0.13521	0.00355	0.00320
9	0.05986	0.00678	0.05500	0.11301	0.05281	0.00643	0.04881	0.03463	0.02916	0.10594	0.05389	0.10575	0.17172	0.00751	0.03401	0.00150	0.05012	0.05564	0.00301	0.00442
10	0.02321	0.06367	0.24138	0.02265	0.19328	0.00816	0.05321	0.02917	0.04848	0.05803	0.03222	0.10832	0.02254	0.00486	0.00388	0.00118	0.01350	0.00423	0.00241	0.06561
11	0.03110	0.08712	0.09304	0.09535	0.22686	0.02759	0.07281	0.07537	0.03627	0.04980	0.04708	0.05059	0.04374	0.00537	0.03051	0.00134	0.01438	0.00404	0.00244	0.00518
12	0.00953	0.10856	0.24947	0.00916	0.01165	0.07478	0.00875	0.01136	0.02618	0.01178	0.00935	0.01296	0.00831	0.08464	0.13724	0.00245	0.14660	0.00381	0.06824	0.00518
13	0.04803	0.00843	0.06722	0.05776	0.05047	0.00696	0.05631	0.07486	0.02109	0.01340	0.00711	0.00844	0.00569	0.00331	0.00342	0.00084	0.02478	0.00271	0.00229	0.53690

[dist]
# distance from previous block
# <min> <max>
1	7

[block]
# block no. 12 follows, 71 sequences, length 27
# corresponding to MSA columns:
# 584-610
name=unknown_M
