[name]
unknown

[dist]
# distance from previous block
# <min> <max>
0	68

[block]
# block no. 0 follows, 61 sequences, length 24
# corresponding to MSA columns:
# 82-105
name=unknown_A
#
# <colnr> <probs for GDERKNQSTAVLIFYWHMCP>
#	G	D	E	R	K	N	Q	S	T	A	V	L	I	F	Y	W	H	M	C	P
0	0.00559	0.00408	0.00530	0.00619	0.00660	0.00392	0.00426	0.00695	0.04710	0.01144	0.02385	0.75021	0.04533	0.01299	0.00546	0.00174	0.00261	0.04868	0.00402	0.00368
1	0.01213	0.06456	0.01516	0.18783	0.30017	0.27843	0.02871	0.03973	0.01062	0.01246	0.00750	0.00967	0.00611	0.00416	0.00408	0.00124	0.00612	0.00342	0.00217	0.00572
2	0.00582	0.00460	0.00527	0.00509	0.00636	0.00416	0.00382	0.00785	0.04884	0.01449	0.39480	0.05702	0.40673	0.00978	0.00506	0.00142	0.00218	0.00838	0.00436	0.00398
3	0.05611	0.00574	0.00751	0.00672	0.00863	0.00521	0.00515	0.01366	0.01052	0.39864	0.09548	0.33103	0.01998	0.00869	0.00476	0.00149	0.00305	0.00756	0.00464	0.00543
4	0.00620	0.00423	0.00509	0.00513	0.00528	0.00436	0.00315	0.00650	0.00646	0.00875	0.01364	0.06008	0.01535	0.67356	0.16059	0.00455	0.00537	0.00623	0.00262	0.00286
5	0.00634	0.00417	0.00467	0.00467	0.00471	0.00417	0.00263	0.00643	0.00639	0.00869	0.01359	0.02765	0.01546	0.81146	0.02109	0.00404	0.00408	0.00617	0.04093	0.00267
6	0.87904	0.00833	0.00633	0.00566	0.00833	0.00966	0.00467	0.01266	0.00733	0.01933	0.00600	0.00700	0.00467	0.00400	0.00267	0.00133	0.00333	0.00233	0.00267	0.00467
7	0.01520	0.01130	0.01217	0.00952	0.01271	0.01250	0.00779	0.68981	0.08332	0.02561	0.05009	0.02873	0.00982	0.00557	0.00438	0.00132	0.00446	0.00431	0.00433	0.00705
8	0.04499	0.81869	0.02195	0.00730	0.01095	0.01676	0.00727	0.01289	0.00870	0.01049	0.00599	0.00691	0.00549	0.00370	0.00276	0.00094	0.00456	0.00230	0.00187	0.00549
9	0.04867	0.02824	0.18944	0.06252	0.08308	0.06610	0.17073	0.06147	0.04689	0.04526	0.01002	0.07458	0.00852	0.03119	0.00549	0.00150	0.05345	0.00456	0.00259	0.00570
10	0.00626	0.00420	0.00483	0.00483	0.00488	0.00425	0.00278	0.00635	0.00630	0.00845	0.01345	0.02752	0.01537	0.80003	0.07011	0.00434	0.00461	0.00617	0.00259	0.00268
11	0.01637	0.01207	0.01293	0.00991	0.01336	0.01336	0.00819	0.80738	0.02025	0.02715	0.01034	0.01034	0.00733	0.00517	0.00431	0.00129	0.00474	0.00388	0.00431	0.00733
12	0.00843	0.00639	0.00697	0.00630	0.00794	0.04082	0.00485	0.08502	0.08248	0.06261	0.33677	0.04187	0.21917	0.00945	0.04386	0.00163	0.00324	0.00693	0.02056	0.00471
13	0.01090	0.01054	0.10352	0.12249	0.05107	0.05118	0.06048	0.01324	0.02992	0.13973	0.00960	0.03870	0.00786	0.02891	0.02033	0.00165	0.24652	0.00417	0.00266	0.04654
14	0.01456	0.01014	0.01094	0.00865	0.01156	0.01104	0.00705	0.58627	0.03910	0.06538	0.01259	0.03391	0.02842	0.00553	0.00417	0.00127	0.00412	0.00429	0.13438	0.00663
15	0.00532	0.00378	0.00498	0.00591	0.00615	0.00354	0.00391	0.00602	0.00812	0.01082	0.02307	0.79198	0.02765	0.06847	0.00658	0.00191	0.00261	0.01185	0.00391	0.00344
16	0.03472	0.07836	0.07303	0.21242	0.20822	0.13613	0.03130	0.03408	0.03998	0.04415	0.00982	0.02304	0.03742	0.00466	0.00423	0.00130	0.01518	0.00387	0.00242	0.00567
17	0.04391	0.00871	0.01280	0.13563	0.21173	0.00923	0.02490	0.06420	0.04989	0.27285	0.01128	0.01227	0.00816	0.00578	0.03036	0.00156	0.08300	0.00404	0.00337	0.00633
18	0.00529	0.00394	0.00494	0.00565	0.00622	0.00359	0.00390	0.00621	0.00884	0.01152	0.07183	0.61206	0.19946	0.01265	0.00540	0.00167	0.00243	0.02678	0.00404	0.00357
19	0.00829	0.00718	0.00886	0.03632	0.02561	0.07355	0.04085	0.00988	0.03234	0.05203	0.08020	0.28316	0.08417	0.03284	0.03879	0.00186	0.14598	0.02066	0.01307	0.00438
20	0.09487	0.07951	0.11064	0.06409	0.11131	0.06083	0.11043	0.13513	0.01121	0.08908	0.00871	0.00999	0.00654	0.00429	0.00421	0.00126	0.02395	0.00354	0.00277	0.06764
21	0.00587	0.00413	0.00552	0.00636	0.02301	0.00401	0.00432	0.00685	0.00823	0.02243	0.02194	0.57536	0.06929	0.04522	0.12012	0.00249	0.00386	0.02188	0.04545	0.00368
22	0.05189	0.00924	0.01502	0.11580	0.22696	0.00981	0.16763	0.08807	0.03564	0.03217	0.01133	0.06231	0.04662	0.00639	0.03765	0.00165	0.06861	0.00483	0.00268	0.00570
23	0.08431	0.04378	0.07887	0.07702	0.25537	0.06141	0.07024	0.03192	0.03966	0.04862	0.02558	0.04451	0.03520	0.03100	0.00508	0.00142	0.03562	0.00430	0.00260	0.02348

[dist]
# distance from previous block
# <min> <max>
0	11

[block]
# block no. 1 follows, 61 sequences, length 32
# corresponding to MSA columns:
# 120,122-131,135-146,150-158
name=unknown_B
#
# <colnr> <probs for GDERKNQSTAVLIFYWHMCP>
#	G	D	E	R	K	N	Q	S	T	A	V	L	I	F	Y	W	H	M	C	P
0	0.08337	0.27568	0.11211	0.02075	0.05166	0.06852	0.00867	0.20965	0.01203	0.07909	0.00860	0.02371	0.00676	0.00455	0.00381	0.00120	0.01758	0.00328	0.00287	0.00611
1	0.02778	0.10784	0.01424	0.07097	0.10038	0.05501	0.03841	0.32312	0.10234	0.05968	0.02269	0.01108	0.00806	0.00490	0.00447	0.00130	0.03403	0.00384	0.00339	0.00646
2	0.00529	0.00415	0.00478	0.00510	0.00606	0.00365	0.00364	0.00638	0.00958	0.01218	0.14350	0.32855	0.42874	0.01155	0.00524	0.00155	0.00227	0.01004	0.00410	0.00365
3	0.01057	0.24777	0.03333	0.03936	0.06546	0.01242	0.32270	0.01341	0.04236	0.03842	0.00918	0.01111	0.03071	0.00449	0.00531	0.00134	0.10000	0.00409	0.00228	0.00567
4	0.00598	0.00439	0.00562	0.00553	0.00647	0.00408	0.00406	0.00794	0.02867	0.01580	0.60901	0.18225	0.08457	0.00973	0.00514	0.00144	0.00216	0.00863	0.00455	0.00399
5	0.00609	0.00448	0.00535	0.00509	0.00635	0.00398	0.00384	0.00772	0.01115	0.03889	0.47002	0.03510	0.35146	0.00997	0.02015	0.00150	0.00231	0.00815	0.00442	0.00399
6	0.01205	0.00923	0.00998	0.00872	0.01132	0.01040	0.00686	0.07493	0.67210	0.10819	0.01699	0.01553	0.01249	0.00574	0.00437	0.00144	0.00353	0.00474	0.00448	0.00691
7	0.00870	0.00824	0.01395	0.65556	0.20793	0.00972	0.01225	0.01150	0.00888	0.01170	0.00776	0.01130	0.00599	0.00420	0.00430	0.00140	0.00560	0.00383	0.00196	0.00524
8	0.01167	0.00967	0.01158	0.04627	0.04790	0.02738	0.03136	0.29353	0.03640	0.01811	0.00958	0.04768	0.00792	0.00542	0.02058	0.00125	0.06365	0.00385	0.00318	0.30303
9	0.02830	0.00713	0.00838	0.00702	0.02368	0.00638	0.00539	0.09520	0.04675	0.15485	0.01827	0.11987	0.15281	0.00654	0.00419	0.00117	0.00322	0.00547	0.00373	0.30166
10	0.01043	0.00999	0.01695	0.02554	0.78835	0.00996	0.01281	0.01293	0.00981	0.01397	0.00956	0.01192	0.04010	0.00413	0.00430	0.00129	0.00500	0.00405	0.00221	0.00669
11	0.00954	0.00735	0.01025	0.09371	0.14073	0.01902	0.02017	0.04420	0.00908	0.05708	0.02958	0.04536	0.00875	0.00739	0.02666	0.18676	0.00424	0.00391	0.00260	0.27360
12	0.06087	0.00714	0.00833	0.02299	0.06663	0.00757	0.02590	0.12433	0.14239	0.06050	0.01401	0.01504	0.03455	0.01836	0.00399	0.00126	0.00324	0.00426	0.37326	0.00537
13	0.87904	0.00833	0.00633	0.00566	0.00833	0.00966	0.00467	0.01266	0.00733	0.01933	0.00600	0.00700	0.00467	0.00400	0.00267	0.00133	0.00333	0.00233	0.00267	0.00467
14	0.00813	0.00766	0.01292	0.83826	0.02967	0.00957	0.01196	0.01101	0.00861	0.01101	0.00766	0.01148	0.00574	0.00431	0.00431	0.00144	0.00574	0.00383	0.00191	0.00479
15	0.24716	0.05206	0.01111	0.05670	0.10969	0.17312	0.02723	0.03439	0.00905	0.01379	0.00778	0.01019	0.00662	0.01006	0.17378	0.00244	0.04417	0.00333	0.00235	0.00498
16	0.00819	0.00747	0.00961	0.08557	0.10451	0.07774	0.03098	0.03566	0.00930	0.01208	0.01623	0.35282	0.01787	0.02551	0.00618	0.00168	0.07654	0.11438	0.00318	0.00447
17	0.01332	0.01104	0.01518	0.01767	0.38520	0.03558	0.04274	0.32018	0.02865	0.05689	0.02519	0.01119	0.00791	0.00456	0.00432	0.00129	0.00498	0.00399	0.00322	0.00689
18	0.00959	0.02625	0.11243	0.01017	0.04551	0.03323	0.12219	0.03667	0.22037	0.05509	0.15227	0.03960	0.10516	0.00635	0.00462	0.00140	0.00421	0.00563	0.00360	0.00568
19	0.00641	0.00493	0.00599	0.00632	0.02102	0.00493	0.00440	0.00896	0.11772	0.01272	0.15113	0.30454	0.13766	0.12248	0.05485	0.00222	0.00331	0.02252	0.00386	0.00403
20	0.00920	0.00927	0.07067	0.17374	0.25749	0.00882	0.05584	0.07443	0.04881	0.01428	0.07367	0.04332	0.07751	0.04058	0.02251	0.00161	0.00487	0.00504	0.00279	0.00557
21	0.00981	0.31376	0.31425	0.03429	0.01403	0.02631	0.01036	0.03976	0.05145	0.01263	0.01060	0.01238	0.06019	0.00562	0.02672	0.00139	0.01970	0.02875	0.00228	0.00570
22	0.00770	0.00596	0.00738	0.00655	0.00841	0.00550	0.01643	0.01087	0.12604	0.03642	0.26742	0.21100	0.02339	0.00824	0.01776	0.00137	0.00290	0.00688	0.00390	0.22586
23	0.00976	0.00782	0.02567	0.00661	0.01035	0.00582	0.00541	0.01168	0.00922	0.08625	0.00891	0.03153	0.00733	0.00367	0.00337	0.00074	0.00328	0.00298	0.00282	0.75678
24	0.00582	0.00446	0.00489	0.00477	0.00615	0.00382	0.00358	0.00713	0.01038	0.04180	0.21357	0.06425	0.59351	0.01033	0.00507	0.00144	0.00221	0.00874	0.00421	0.00386
25	0.17371	0.00688	0.00819	0.00701	0.00925	0.00694	0.02944	0.04092	0.09801	0.21613	0.27426	0.02107	0.03992	0.00665	0.00438	0.00139	0.00317	0.04292	0.00431	0.00543
26	0.04669	0.07707	0.15260	0.05655	0.09967	0.06436	0.07067	0.11329	0.07991	0.05363	0.02352	0.02834	0.04771	0.00504	0.00446	0.00131	0.03110	0.00412	0.00287	0.03709
27	0.00881	0.00577	0.03037	0.03322	0.00847	0.00560	0.00524	0.02931	0.02030	0.14496	0.07974	0.09431	0.01554	0.22014	0.24054	0.00364	0.02030	0.00581	0.02357	0.00435
28	0.01562	0.00848	0.02923	0.00781	0.01062	0.04901	0.00643	0.12702	0.04771	0.45637	0.04591	0.02991	0.01156	0.02746	0.03854	0.00160	0.00420	0.00450	0.07158	0.00646
29	0.01067	0.06728	0.15748	0.06015	0.14990	0.08291	0.11996	0.07507	0.04484	0.04319	0.02320	0.05496	0.04250	0.00552	0.01531	0.00141	0.00545	0.01735	0.00269	0.02016
30	0.02738	0.09041	0.12271	0.09830	0.11329	0.02436	0.09069	0.18613	0.06015	0.05041	0.02926	0.03710	0.00843	0.00483	0.00434	0.00131	0.01622	0.00410	0.00293	0.02764
31	0.00959	0.03511	0.06787	0.00938	0.04839	0.14754	0.03573	0.03525	0.03101	0.05832	0.03243	0.30933	0.05051	0.00918	0.03021	0.00166	0.06272	0.01773	0.00323	0.00480

[dist]
# distance from previous block
# <min> <max>
0	8

[block]
# block no. 2 follows, 61 sequences, length 11
# corresponding to MSA columns:
# 170-180
name=unknown_C
#
# <colnr> <probs for GDERKNQSTAVLIFYWHMCP>
#	G	D	E	R	K	N	Q	S	T	A	V	L	I	F	Y	W	H	M	C	P
0	0.02552	0.02304	0.05540	0.07686	0.07931	0.08974	0.02527	0.05822	0.03333	0.12708	0.02283	0.01206	0.04418	0.00445	0.00388	0.00108	0.00439	0.00363	0.00301	0.30673
1	0.00769	0.00531	0.00640	0.00560	0.00746	0.00449	0.00425	0.00908	0.00988	0.07533	0.20873	0.11181	0.19563	0.00826	0.00520	0.05400	0.00263	0.00653	0.04734	0.22437
2	0.00601	0.00476	0.00582	0.02369	0.00702	0.00484	0.00440	0.00696	0.00866	0.01136	0.04835	0.27721	0.32608	0.06708	0.00750	0.02330	0.09198	0.02727	0.04405	0.00366
3	0.00878	0.00895	0.05990	0.37657	0.04434	0.02802	0.05770	0.01219	0.09558	0.01226	0.00948	0.04400	0.00792	0.03011	0.00578	0.04211	0.04151	0.00419	0.00238	0.10822
4	0.01164	0.00552	0.00693	0.00593	0.00792	0.00509	0.00470	0.01341	0.01026	0.30905	0.07583	0.01802	0.06172	0.00891	0.10209	0.00186	0.00381	0.00471	0.29373	0.04886
5	0.01098	0.60060	0.22882	0.00880	0.01311	0.05191	0.00961	0.01328	0.00900	0.01105	0.00647	0.00751	0.00551	0.00382	0.00316	0.00104	0.00520	0.00255	0.00185	0.00572
6	0.01345	0.01220	0.07123	0.01061	0.06192	0.06464	0.00849	0.39035	0.22254	0.02100	0.01144	0.01148	0.00848	0.00500	0.00420	0.00128	0.00462	0.00391	0.00375	0.06940
7	0.03843	0.06756	0.05139	0.14106	0.18687	0.10603	0.02969	0.12238	0.05721	0.05313	0.02169	0.06192	0.00900	0.00514	0.00421	0.00132	0.00508	0.01818	0.00286	0.01687
8	0.01170	0.10279	0.13249	0.06162	0.06870	0.02408	0.12680	0.12398	0.03216	0.11463	0.01049	0.01352	0.00836	0.00541	0.00501	0.04201	0.01638	0.06057	0.00294	0.03637
9	0.03031	0.38272	0.33046	0.00945	0.01388	0.01315	0.01058	0.07006	0.00976	0.01326	0.04493	0.00927	0.00725	0.00433	0.00389	0.00118	0.03442	0.00306	0.00217	0.00586
10	0.00673	0.00585	0.00654	0.00644	0.00751	0.06389	0.04172	0.00782	0.00903	0.01108	0.02623	0.14840	0.29333	0.19357	0.00889	0.00216	0.00362	0.15005	0.00348	0.00365

[dist]
# distance from previous block
# <min> <max>
4	13

[block]
# block no. 3 follows, 61 sequences, length 24
# corresponding to MSA columns:
# 200-223
name=unknown_D
#
# <colnr> <probs for GDERKNQSTAVLIFYWHMCP>
#	G	D	E	R	K	N	Q	S	T	A	V	L	I	F	Y	W	H	M	C	P
0	0.12616	0.01256	0.07575	0.04743	0.03171	0.23421	0.06942	0.04767	0.02296	0.03592	0.03575	0.01214	0.01815	0.07372	0.03958	0.00174	0.05635	0.00377	0.00258	0.05241
1	0.09348	0.18935	0.04752	0.08274	0.05905	0.09191	0.10940	0.07064	0.02093	0.02697	0.04156	0.03392	0.00813	0.00476	0.00456	0.00126	0.06220	0.00376	0.00251	0.04536
2	0.00715	0.02623	0.00725	0.00729	0.06103	0.03030	0.00476	0.00836	0.03514	0.01010	0.01499	0.02297	0.09055	0.39028	0.21616	0.00398	0.03027	0.00556	0.00265	0.02500
3	0.01373	0.28474	0.01585	0.01022	0.03227	0.40468	0.02757	0.05040	0.07513	0.01189	0.00753	0.00848	0.00628	0.00440	0.00393	0.00112	0.03100	0.00295	0.00235	0.00547
4	0.00617	0.00449	0.00598	0.00681	0.00756	0.00436	0.00536	0.00782	0.02715	0.01234	0.05974	0.37397	0.07890	0.01222	0.00563	0.00181	0.00315	0.36867	0.00403	0.00382
5	0.00982	0.00547	0.00661	0.00598	0.00775	0.00498	0.00459	0.04409	0.03094	0.23051	0.11846	0.17643	0.26698	0.00893	0.00479	0.00143	0.00274	0.00762	0.05698	0.00490
6	0.00543	0.00437	0.00484	0.00480	0.00608	0.00379	0.00361	0.00680	0.01046	0.01327	0.26640	0.06135	0.55463	0.01040	0.00512	0.00145	0.00219	0.02704	0.00421	0.00376
7	0.01875	0.00746	0.00998	0.00774	0.01101	0.00662	0.00636	0.02112	0.06582	0.77090	0.01703	0.01476	0.01083	0.00537	0.00434	0.00134	0.00365	0.00437	0.00527	0.00730
8	0.00692	0.00506	0.00636	0.00582	0.00704	0.00488	0.00442	0.06190	0.03666	0.01795	0.74154	0.03024	0.03760	0.00848	0.00501	0.00135	0.00225	0.00744	0.00470	0.00436
9	0.01650	0.01187	0.01281	0.00982	0.01326	0.01307	0.00811	0.77488	0.01993	0.06011	0.01062	0.01052	0.00746	0.00518	0.00431	0.00129	0.00470	0.00390	0.00435	0.00733
10	0.00620	0.00442	0.00594	0.00594	0.00636	0.00485	0.00415	0.00706	0.00663	0.00927	0.01244	0.02192	0.01294	0.39444	0.47238	0.00570	0.00827	0.00535	0.00244	0.00330
11	0.87904	0.00833	0.00633	0.00566	0.00833	0.00966	0.00467	0.01266	0.00733	0.01933	0.00600	0.00700	0.00467	0.00400	0.00267	0.00133	0.00333	0.00233	0.00267	0.00467
12	0.08083	0.00921	0.01512	0.08303	0.48051	0.00948	0.08527	0.01245	0.03275	0.01392	0.01084	0.04848	0.05072	0.00562	0.02916	0.00152	0.01820	0.00452	0.00241	0.00596
13	0.00525	0.00375	0.00500	0.00600	0.00625	0.00350	0.00400	0.00600	0.00825	0.01100	0.02374	0.84580	0.02849	0.01350	0.00550	0.00175	0.00250	0.01225	0.00400	0.00350
14	0.00509	0.00436	0.00436	0.00436	0.00582	0.00364	0.00327	0.00618	0.00982	0.01164	0.04364	0.04146	0.82000	0.01091	0.00509	0.00145	0.00218	0.00909	0.00400	0.00364
15	0.00932	0.00789	0.00914	0.00657	0.01037	0.00614	0.00527	0.05263	0.00953	0.01472	0.00780	0.00901	0.00643	0.00329	0.00325	0.00067	0.00327	0.00262	0.00264	0.82944
16	0.06295	0.02950	0.09798	0.05889	0.10647	0.04940	0.08612	0.08225	0.01141	0.32428	0.01139	0.01165	0.00786	0.00465	0.00439	0.00132	0.02098	0.00389	0.00352	0.02110
17	0.06201	0.01378	0.26073	0.02641	0.13628	0.01033	0.14355	0.12280	0.05202	0.07242	0.00969	0.03106	0.00738	0.00462	0.00457	0.00138	0.02786	0.00406	0.00275	0.00633
18	0.00610	0.00435	0.00530	0.00568	0.00600	0.00438	0.00367	0.00734	0.06109	0.01028	0.01826	0.39210	0.02094	0.37111	0.06109	0.00307	0.00381	0.00875	0.00333	0.00336
19	0.00528	0.00409	0.00482	0.00523	0.00609	0.00362	0.00370	0.00633	0.00938	0.01201	0.12588	0.40606	0.36844	0.01184	0.00527	0.00158	0.00231	0.01037	0.00409	0.00362
20	0.02806	0.05175	0.15678	0.04052	0.09033	0.14809	0.06203	0.16751	0.02851	0.15920	0.01007	0.01100	0.00735	0.00464	0.00418	0.00129	0.00551	0.01368	0.00313	0.00635
21	0.05750	0.04098	0.04598	0.03835	0.10282	0.14910	0.09247	0.17136	0.04959	0.09971	0.01041	0.01270	0.00819	0.00503	0.00450	0.00133	0.02902	0.04650	0.02844	0.00602
22	0.00767	0.00502	0.00612	0.00594	0.00712	0.00489	0.00448	0.05216	0.04797	0.05861	0.31714	0.21037	0.06323	0.00904	0.00480	0.00143	0.00254	0.05176	0.13532	0.00438
23	0.03592	0.04424	0.06307	0.09817	0.22916	0.02181	0.06091	0.03550	0.03245	0.03030	0.00849	0.02219	0.00691	0.00395	0.00387	0.00110	0.00460	0.00349	0.00245	0.29141

[dist]
# distance from previous block
# <min> <max>
1	2

[block]
# block no. 4 follows, 61 sequences, length 51
# corresponding to MSA columns:
# 227-277
name=unknown_E
#
# <colnr> <probs for GDERKNQSTAVLIFYWHMCP>
#	G	D	E	R	K	N	Q	S	T	A	V	L	I	F	Y	W	H	M	C	P
0	0.46365	0.00917	0.00864	0.00723	0.01008	0.01027	0.00591	0.20459	0.11762	0.09271	0.00971	0.00986	0.00709	0.00466	0.00344	0.00133	0.00368	0.00325	0.02129	0.00581
1	0.00540	0.00390	0.00505	0.00591	0.00629	0.00364	0.00404	0.00621	0.00837	0.01102	0.02474	0.68315	0.09255	0.06088	0.00643	0.00188	0.00266	0.06048	0.00392	0.00349
2	0.01609	0.02053	0.01221	0.01110	0.01332	0.83132	0.00832	0.01720	0.01221	0.01054	0.00666	0.00777	0.00555	0.00444	0.00388	0.00111	0.00777	0.00277	0.00222	0.00499
3	0.00601	0.00440	0.00564	0.00533	0.00638	0.00403	0.00400	0.00796	0.01199	0.01678	0.75163	0.03299	0.10879	0.00899	0.00508	0.00136	0.00205	0.00790	0.00468	0.00403
4	0.00942	0.00942	0.01319	0.01131	0.01131	0.01319	0.00942	0.01037	0.00660	0.01037	0.00565	0.00942	0.00565	0.00754	0.01414	0.00188	0.84073	0.00377	0.00188	0.00471
5	0.00893	0.00766	0.00893	0.00638	0.01021	0.00574	0.00510	0.01085	0.00893	0.01404	0.00766	0.00893	0.00638	0.00319	0.00319	0.00064	0.00319	0.00255	0.00255	0.87495
6	0.01637	0.01207	0.01293	0.00991	0.01336	0.01336	0.00819	0.80738	0.02025	0.02715	0.01034	0.01034	0.00733	0.00517	0.00431	0.00129	0.00474	0.00388	0.00431	0.00733
7	0.00530	0.00379	0.00499	0.00590	0.00618	0.00354	0.00393	0.00605	0.00827	0.01102	0.03855	0.78140	0.04343	0.04782	0.00616	0.00184	0.00255	0.01186	0.00396	0.00348
8	0.00525	0.00375	0.00500	0.00600	0.00625	0.00350	0.00400	0.00600	0.00825	0.01100	0.02374	0.84580	0.02849	0.01350	0.00550	0.00175	0.00250	0.01225	0.00400	0.00350
9	0.00893	0.00766	0.00893	0.00638	0.01021	0.00574	0.00510	0.01085	0.00893	0.01404	0.00766	0.00893	0.00638	0.00319	0.00319	0.00064	0.00319	0.00255	0.00255	0.87495
10	0.01020	0.00910	0.01572	0.35880	0.31170	0.00978	0.10479	0.03483	0.00981	0.06440	0.00890	0.01209	0.00694	0.00429	0.00442	0.00138	0.00550	0.01915	0.00235	0.00585
11	0.00620	0.00466	0.00686	0.00685	0.00754	0.00542	0.00525	0.00761	0.00691	0.00993	0.01188	0.04053	0.01147	0.08329	0.73987	0.00650	0.02817	0.00491	0.00237	0.00378
12	0.01304	0.01037	0.01386	0.16761	0.23389	0.01139	0.01009	0.38585	0.01447	0.04305	0.00941	0.01088	0.00704	0.00471	0.00449	0.00132	0.02416	0.00387	0.02390	0.00658
13	0.87904	0.00833	0.00633	0.00566	0.00833	0.00966	0.00467	0.01266	0.00733	0.01933	0.00600	0.00700	0.00467	0.00400	0.00267	0.00133	0.00333	0.00233	0.00267	0.00467
14	0.01613	0.00984	0.01134	0.00862	0.01209	0.00988	0.00710	0.42703	0.01589	0.28092	0.01204	0.01150	0.00824	0.00490	0.00414	0.00120	0.00415	0.00381	0.00435	0.14682
15	0.01732	0.01055	0.01199	0.00919	0.01260	0.01111	0.00759	0.55584	0.01772	0.28227	0.01247	0.01172	0.00839	0.00522	0.00432	0.00131	0.00440	0.00402	0.00464	0.00733
16	0.00893	0.00766	0.00893	0.00638	0.01021	0.00574	0.00510	0.01085	0.00893	0.01404	0.00766	0.00893	0.00638	0.00319	0.00319	0.00064	0.00319	0.00255	0.00255	0.87495
17	0.00525	0.00410	0.00478	0.00529	0.00616	0.00363	0.00378	0.00622	0.00909	0.01139	0.03340	0.41760	0.41429	0.01216	0.00532	0.00162	0.00241	0.04593	0.00400	0.00359
18	0.01005	0.01128	0.02351	0.01709	0.02076	0.01125	0.68160	0.01326	0.00961	0.01326	0.00824	0.01128	0.00640	0.00424	0.00650	0.00152	0.13752	0.00488	0.00213	0.00564
19	0.00759	0.00642	0.00986	0.16939	0.03549	0.00789	0.02022	0.00930	0.00740	0.02509	0.00968	0.01443	0.00877	0.04094	0.44466	0.00449	0.16753	0.00432	0.00221	0.00434
20	0.01584	0.00814	0.00993	0.00809	0.01106	0.00812	0.00653	0.05960	0.28925	0.48517	0.03913	0.01542	0.01219	0.00560	0.00437	0.00138	0.00358	0.00459	0.00494	0.00706
21	0.00530	0.00379	0.00498	0.00588	0.00620	0.00351	0.00395	0.00600	0.00827	0.01094	0.02453	0.77087	0.07793	0.01337	0.00580	0.02697	0.00251	0.01180	0.00394	0.00346
22	0.00554	0.00399	0.00531	0.00626	0.00669	0.00376	0.00448	0.00651	0.00861	0.01135	0.02444	0.67233	0.06210	0.01311	0.00556	0.00178	0.00274	0.14786	0.00399	0.00359
23	0.01547	0.06983	0.03974	0.01118	0.03027	0.70137	0.00861	0.05240	0.01221	0.01144	0.00685	0.00794	0.00565	0.00440	0.00385	0.00112	0.00734	0.00283	0.00228	0.00521
24	0.21097	0.20621	0.03766	0.13167	0.03079	0.10990	0.05730	0.01262	0.00870	0.01294	0.00731	0.03115	0.00641	0.00480	0.00475	0.00132	0.10066	0.01759	0.00221	0.00505
25	0.01128	0.70047	0.04417	0.00844	0.01211	0.03893	0.07612	0.01297	0.00905	0.01081	0.02205	0.00805	0.00639	0.00384	0.00308	0.00099	0.00488	0.00272	0.01814	0.00550
26	0.01130	0.02329	0.10426	0.04028	0.24125	0.06105	0.04368	0.11198	0.08062	0.06405	0.02195	0.06018	0.00938	0.00504	0.00424	0.00129	0.00481	0.01331	0.02711	0.07095
27	0.00783	0.00742	0.08463	0.02908	0.02118	0.00667	0.00613	0.04024	0.13883	0.02355	0.16735	0.02214	0.04696	0.19244	0.14882	0.00294	0.01643	0.01750	0.01528	0.00459
28	0.01111	0.00934	0.00988	0.00880	0.01129	0.01075	0.00687	0.05639	0.76611	0.03242	0.01722	0.01580	0.01286	0.00581	0.00438	0.00145	0.00347	0.00482	0.00440	0.00685
29	0.87904	0.00833	0.00633	0.00566	0.00833	0.00966	0.00467	0.01266	0.00733	0.01933	0.00600	0.00700	0.00467	0.00400	0.00267	0.00133	0.00333	0.00233	0.00267	0.00467
30	0.00642	0.00443	0.00554	0.00525	0.00630	0.00416	0.00394	0.00860	0.02572	0.01696	0.67017	0.02989	0.05811	0.00828	0.00478	0.00131	0.00206	0.00725	0.12674	0.00409
31	0.01236	0.01007	0.01067	0.00910	0.01183	0.01148	0.00722	0.25091	0.58326	0.02067	0.01544	0.01441	0.01146	0.00565	0.00436	0.00141	0.00380	0.00458	0.00436	0.00697
32	0.00564	0.00433	0.00516	0.00506	0.00618	0.00385	0.00375	0.00720	0.01095	0.01458	0.45379	0.10173	0.34221	0.01000	0.00512	0.00143	0.00213	0.00866	0.00439	0.00385
33	0.01017	0.01162	0.02542	0.01816	0.02251	0.01089	0.80610	0.01380	0.01017	0.01380	0.00871	0.01162	0.00654	0.00363	0.00508	0.00145	0.00726	0.00508	0.00218	0.00581
34	0.03529	0.01012	0.04711	0.00892	0.01160	0.02558	0.00726	0.06089	0.68381	0.03546	0.01620	0.01504	0.01208	0.00564	0.00431	0.00144	0.00369	0.00462	0.00420	0.00674
35	0.00525	0.00375	0.00500	0.00600	0.00625	0.00350	0.00400	0.00600	0.00825	0.01100	0.02374	0.84580	0.02849	0.01350	0.00550	0.00175	0.00250	0.01225	0.00400	0.00350
36	0.00977	0.07136	0.01388	0.01098	0.01135	0.01348	0.00924	0.03272	0.00714	0.01082	0.00581	0.00926	0.00569	0.00719	0.01303	0.00180	0.75604	0.00366	0.00195	0.00484
37	0.00899	0.00777	0.00940	0.02511	0.04724	0.00603	0.00562	0.01096	0.00896	0.01397	0.00768	0.00906	0.00639	0.00324	0.00326	0.00068	0.00333	0.00264	0.00252	0.81713
38	0.01098	0.03423	0.09254	0.00986	0.04848	0.02242	0.00805	0.09948	0.53507	0.01758	0.01458	0.01443	0.01111	0.02935	0.00490	0.00148	0.01577	0.00446	0.01864	0.00657
39	0.01013	0.01049	0.06726	0.13026	0.57949	0.01014	0.01258	0.01356	0.06982	0.01386	0.00892	0.01165	0.00733	0.00426	0.00446	0.00134	0.01939	0.01634	0.00228	0.00645
40	0.00626	0.00418	0.00470	0.00470	0.00470	0.00418	0.00261	0.00626	0.00626	0.00835	0.01357	0.02819	0.01566	0.84862	0.02192	0.00418	0.00418	0.00626	0.00261	0.00261
41	0.01152	0.85121	0.02257	0.00737	0.01106	0.01704	0.00737	0.01290	0.00875	0.01013	0.00599	0.00691	0.00553	0.00369	0.00276	0.00092	0.00461	0.00230	0.00184	0.00553
42	0.02061	0.02251	0.03398	0.15494	0.17340	0.01056	0.07874	0.01213	0.00854	0.06408	0.00820	0.01100	0.00671	0.00539	0.00766	0.00151	0.29823	0.00391	0.07250	0.00540
43	0.87904	0.00833	0.00633	0.00566	0.00833	0.00966	0.00467	0.01266	0.00733	0.01933	0.00600	0.00700	0.00467	0.00400	0.00267	0.00133	0.00333	0.00233	0.00267	0.00467
44	0.03081	0.17642	0.12277	0.13321	0.09143	0.08899	0.03101	0.09803	0.02243	0.11028	0.02340	0.01038	0.00723	0.00452	0.00424	0.00126	0.03143	0.00350	0.00270	0.00596
45	0.00530	0.00433	0.00461	0.00461	0.00592	0.00370	0.00343	0.00653	0.01007	0.01252	0.15893	0.08761	0.64129	0.01064	0.00508	0.00145	0.00218	0.00900	0.01910	0.00370
46	0.00546	0.00419	0.00500	0.00520	0.00614	0.00373	0.00375	0.00674	0.01009	0.01322	0.28306	0.28454	0.33129	0.01103	0.00521	0.00151	0.00223	0.00964	0.00423	0.00373
47	0.01379	0.03107	0.04497	0.00936	0.09721	0.00685	0.00687	0.05937	0.01116	0.40853	0.02589	0.13695	0.04886	0.02200	0.00508	0.02429	0.00373	0.00557	0.03237	0.00608
48	0.01000	0.01131	0.02442	0.04249	0.03693	0.01067	0.74943	0.01353	0.01011	0.01367	0.00948	0.01228	0.02523	0.00382	0.00505	0.00145	0.00706	0.00512	0.00221	0.00575
49	0.01282	0.04883	0.03058	0.01048	0.03438	0.01200	0.07625	0.32102	0.36708	0.02059	0.01305	0.01280	0.00968	0.00521	0.00433	0.00136	0.00441	0.00433	0.00394	0.00686
50	0.06699	0.13528	0.15808	0.05979	0.08934	0.04359	0.05273	0.03786	0.00974	0.06657	0.03864	0.01078	0.01900	0.00458	0.01266	0.00122	0.02011	0.00344	0.00254	0.16706

[dist]
# distance from previous block
# <min> <max>
7	28

[block]
# block no. 5 follows, 61 sequences, length 30
# corresponding to MSA columns:
# 334-355,374-381
name=unknown_F
#
# <colnr> <probs for GDERKNQSTAVLIFYWHMCP>
#	G	D	E	R	K	N	Q	S	T	A	V	L	I	F	Y	W	H	M	C	P
0	0.01235	0.06005	0.02644	0.03650	0.27579	0.24005	0.03216	0.01664	0.19166	0.04008	0.01004	0.01110	0.00794	0.00488	0.01479	0.00134	0.00558	0.00374	0.00275	0.00613
1	0.00741	0.00573	0.00685	0.00661	0.00769	0.00613	0.00484	0.03745	0.19581	0.01406	0.19980	0.18139	0.03767	0.14110	0.11162	0.00260	0.01780	0.00716	0.00381	0.00445
2	0.01216	0.12550	0.10736	0.07661	0.05188	0.02065	0.03266	0.09117	0.07057	0.19589	0.04996	0.05991	0.01086	0.02906	0.00479	0.00139	0.01606	0.00447	0.01711	0.02196
3	0.01250	0.01012	0.03421	0.03475	0.11748	0.03280	0.00802	0.34652	0.11265	0.06257	0.01595	0.07460	0.10610	0.00629	0.00447	0.00137	0.00426	0.00518	0.00383	0.00632
4	0.00534	0.00381	0.00510	0.00606	0.00636	0.00357	0.00412	0.00617	0.00842	0.01123	0.04420	0.79248	0.02865	0.01331	0.00551	0.00175	0.00255	0.04381	0.00402	0.00353
5	0.05431	0.00786	0.05720	0.11992	0.01323	0.00754	0.06837	0.09818	0.04612	0.02638	0.04284	0.05796	0.06208	0.04820	0.00570	0.00171	0.00435	0.24699	0.02622	0.00484
6	0.01134	0.49799	0.08124	0.01045	0.11395	0.04680	0.02372	0.02842	0.00946	0.05530	0.00877	0.05282	0.02037	0.00498	0.01686	0.00120	0.00490	0.00344	0.00229	0.00571
7	0.01079	0.03964	0.03547	0.13841	0.32208	0.01042	0.23557	0.04722	0.03617	0.05734	0.01952	0.01154	0.00738	0.00411	0.00447	0.00135	0.00563	0.00423	0.00247	0.00620
8	0.00532	0.00378	0.00498	0.00591	0.00614	0.00354	0.00391	0.00602	0.00811	0.01082	0.02306	0.79077	0.02763	0.06971	0.00660	0.00191	0.00261	0.01184	0.00391	0.00344
9	0.54840	0.00828	0.00794	0.00659	0.00952	0.00887	0.00543	0.07051	0.00980	0.27346	0.00976	0.00964	0.00674	0.00450	0.00330	0.00133	0.00353	0.00307	0.00362	0.00569
10	0.03797	0.13763	0.15532	0.04608	0.01194	0.03865	0.04773	0.03369	0.02083	0.02618	0.10249	0.11469	0.09620	0.02308	0.02955	0.00158	0.00452	0.04716	0.00300	0.02170
11	0.00710	0.00730	0.08720	0.11338	0.04750	0.00604	0.05513	0.00934	0.02598	0.03658	0.13571	0.17101	0.23949	0.00916	0.02823	0.00162	0.00384	0.00741	0.00344	0.00453
12	0.80801	0.00864	0.00687	0.00601	0.00874	0.00997	0.00496	0.07810	0.00839	0.01997	0.00636	0.00727	0.00488	0.00410	0.00280	0.00133	0.00345	0.00246	0.00280	0.00488
13	0.42362	0.00855	0.00900	0.00725	0.01031	0.00897	0.02264	0.12565	0.01103	0.31806	0.01072	0.01039	0.00729	0.00465	0.00356	0.00133	0.00373	0.00334	0.00387	0.00604
14	0.01085	0.26737	0.19392	0.02438	0.05715	0.11262	0.06057	0.04215	0.00996	0.02986	0.02591	0.04950	0.00831	0.00517	0.01627	0.00128	0.00544	0.02577	0.00235	0.05118
15	0.04703	0.00413	0.00532	0.00611	0.00661	0.00398	0.00425	0.00684	0.00842	0.02733	0.04198	0.71037	0.02666	0.01322	0.02818	0.00187	0.00287	0.04725	0.00393	0.00367
16	0.00529	0.00378	0.00504	0.00597	0.00626	0.00353	0.00400	0.00610	0.00845	0.01131	0.06367	0.80498	0.02910	0.01326	0.00548	0.00173	0.00248	0.01202	0.00404	0.00353
17	0.04364	0.00905	0.03799	0.04543	0.10733	0.04483	0.05461	0.13008	0.06302	0.16243	0.16897	0.04042	0.04382	0.00654	0.02126	0.00146	0.00430	0.00515	0.00380	0.00587
18	0.01164	0.18227	0.06971	0.06389	0.14988	0.14182	0.12312	0.04158	0.04355	0.03724	0.00805	0.00983	0.00650	0.00474	0.01419	0.00135	0.07899	0.00356	0.00231	0.00579
19	0.00771	0.00557	0.00689	0.00633	0.00769	0.00559	0.00490	0.04551	0.10248	0.05169	0.55145	0.04409	0.06712	0.00845	0.00524	0.00142	0.02617	0.04251	0.00455	0.00464
20	0.00540	0.00418	0.00479	0.00502	0.00603	0.00368	0.00362	0.00658	0.00976	0.01258	0.17595	0.27583	0.42506	0.01113	0.00515	0.00151	0.00224	0.00965	0.02814	0.00368
21	0.01025	0.13486	0.12972	0.08244	0.15778	0.04361	0.04534	0.06929	0.05446	0.04039	0.06021	0.05178	0.05317	0.00579	0.01591	0.00140	0.03059	0.00452	0.00275	0.00573
22	0.01172	0.13552	0.17788	0.02806	0.11461	0.18563	0.09300	0.08972	0.03184	0.01355	0.00816	0.01031	0.00669	0.04851	0.00520	0.00140	0.02653	0.00355	0.00233	0.00579
23	0.37955	0.02378	0.06605	0.16053	0.11177	0.03340	0.04114	0.06599	0.02808	0.02806	0.00751	0.00919	0.00577	0.00423	0.00375	0.00135	0.01873	0.00318	0.00254	0.00540
24	0.00834	0.04422	0.00794	0.04360	0.02445	0.04559	0.00552	0.07710	0.04333	0.05372	0.01864	0.44912	0.03460	0.05462	0.02202	0.01793	0.00366	0.03755	0.00365	0.00439
25	0.00648	0.04888	0.00701	0.00621	0.00687	0.00565	0.00457	0.00746	0.00692	0.00955	0.01305	0.04387	0.03533	0.29326	0.46463	0.00533	0.02358	0.00535	0.00247	0.00353
26	0.02200	0.06060	0.10534	0.05674	0.10556	0.08325	0.01648	0.02995	0.06809	0.07209	0.12514	0.14393	0.04988	0.00698	0.00452	0.00140	0.00428	0.03518	0.00331	0.00529
27	0.06548	0.17145	0.04244	0.03921	0.02956	0.14476	0.03636	0.15645	0.04840	0.07157	0.00932	0.04278	0.00758	0.00473	0.00393	0.00117	0.01656	0.00358	0.00294	0.10172
28	0.03560	0.06680	0.07053	0.03423	0.07161	0.04514	0.04858	0.02931	0.06840	0.06592	0.03096	0.01217	0.02731	0.00441	0.00394	0.00107	0.01600	0.02029	0.00283	0.34489
29	0.03619	0.03961	0.04398	0.06652	0.10405	0.05860	0.01632	0.08266	0.09120	0.02972	0.04614	0.08509	0.03537	0.02940	0.00476	0.00133	0.01799	0.01577	0.06997	0.12533

[dist]
# distance from previous block
# <min> <max>
0	7

[block]
# block no. 6 follows, 61 sequences, length 23
# corresponding to MSA columns:
# 392-414
name=unknown_G
#
# <colnr> <probs for GDERKNQSTAVLIFYWHMCP>
#	G	D	E	R	K	N	Q	S	T	A	V	L	I	F	Y	W	H	M	C	P
0	0.06516	0.01107	0.07461	0.04056	0.18980	0.08804	0.07655	0.09187	0.07162	0.04697	0.05049	0.03234	0.03040	0.02463	0.00460	0.00134	0.00484	0.00426	0.00293	0.08795
1	0.09069	0.01091	0.01119	0.03049	0.05840	0.11603	0.02361	0.21074	0.10344	0.01763	0.00918	0.00999	0.00712	0.00436	0.00393	0.00111	0.01678	0.00333	0.00310	0.26796
2	0.07508	0.02345	0.05872	0.03101	0.16893	0.09769	0.06934	0.05653	0.09315	0.01509	0.04876	0.04236	0.00949	0.00469	0.00401	0.00119	0.00464	0.00401	0.01753	0.17429
3	0.00767	0.00685	0.05637	0.00764	0.00910	0.04502	0.03702	0.00965	0.02693	0.04951	0.01323	0.04548	0.04305	0.04928	0.53300	0.00500	0.00903	0.00492	0.03694	0.00431
4	0.01191	0.03219	0.21708	0.01312	0.18090	0.03268	0.04077	0.02924	0.04837	0.18567	0.02364	0.01132	0.00800	0.00439	0.00424	0.00123	0.01776	0.00369	0.00297	0.13081
5	0.00869	0.04118	0.07355	0.08060	0.06178	0.00722	0.00704	0.03333	0.00857	0.04901	0.01033	0.04743	0.00957	0.14296	0.15339	0.00262	0.03283	0.00428	0.00256	0.22306
6	0.01559	0.01169	0.01229	0.00957	0.01279	0.03473	0.00785	0.71309	0.03797	0.02578	0.04245	0.01143	0.00884	0.00531	0.00429	0.00129	0.00460	0.00403	0.02940	0.00703
7	0.00642	0.00492	0.00700	0.02026	0.04167	0.00536	0.00541	0.00789	0.02682	0.01102	0.05409	0.25139	0.03307	0.06376	0.34433	0.02594	0.04192	0.04181	0.00302	0.00389
8	0.01865	0.00748	0.00998	0.00775	0.01101	0.00668	0.00637	0.02114	0.07541	0.76125	0.01704	0.01477	0.01086	0.00537	0.00434	0.00134	0.00365	0.00437	0.00526	0.00729
9	0.08621	0.00829	0.00978	0.05958	0.05057	0.00756	0.00628	0.12501	0.01047	0.04343	0.00873	0.02868	0.00721	0.02387	0.00396	0.00100	0.00370	0.00323	0.00288	0.50956
10	0.00993	0.00940	0.01566	0.12809	0.60710	0.00982	0.01214	0.01261	0.02972	0.01345	0.00932	0.05149	0.00831	0.00477	0.00477	0.00137	0.03797	0.02554	0.00229	0.00624
11	0.00546	0.00450	0.00485	0.00483	0.00620	0.00387	0.00361	0.00685	0.02237	0.01246	0.13413	0.10837	0.60628	0.01060	0.00508	0.00146	0.00227	0.02441	0.00405	0.02837
12	0.01142	0.09693	0.02817	0.02451	0.17524	0.03965	0.00839	0.15905	0.23874	0.01683	0.02388	0.03432	0.00997	0.01767	0.00438	0.00131	0.00432	0.01818	0.00329	0.08375
13	0.04850	0.00949	0.01161	0.05108	0.17271	0.02287	0.00804	0.13513	0.22927	0.04355	0.01105	0.01163	0.00847	0.00451	0.00397	0.00118	0.00408	0.00375	0.00329	0.21579
14	0.04678	0.07032	0.18766	0.05116	0.10036	0.06936	0.04833	0.22600	0.02331	0.07796	0.02348	0.01124	0.01956	0.02037	0.00445	0.00135	0.00525	0.00377	0.00300	0.00628
15	0.00938	0.10102	0.12638	0.07767	0.07381	0.00878	0.03451	0.06742	0.05066	0.04537	0.01462	0.07206	0.01422	0.02027	0.00502	0.00159	0.00464	0.26417	0.00315	0.00527
16	0.01145	0.00894	0.01248	0.24075	0.20654	0.02476	0.00953	0.18504	0.02772	0.08183	0.01013	0.01264	0.00790	0.04582	0.04121	0.00170	0.00515	0.00405	0.05650	0.00588
17	0.00978	0.01142	0.12183	0.23319	0.12087	0.02572	0.31213	0.01301	0.00965	0.04492	0.00924	0.03167	0.00735	0.00442	0.00463	0.00142	0.00616	0.02466	0.00227	0.00568
18	0.00640	0.00455	0.00517	0.00497	0.00638	0.00393	0.00374	0.00775	0.01051	0.07295	0.23675	0.08623	0.51485	0.01012	0.00506	0.00144	0.00227	0.00860	0.00429	0.00401
19	0.01108	0.18286	0.01420	0.06466	0.09353	0.23805	0.05395	0.02880	0.00991	0.01142	0.01131	0.11199	0.05762	0.02754	0.00525	0.00136	0.06427	0.00469	0.00246	0.00502
20	0.00736	0.00377	0.00551	0.00554	0.00558	0.00376	0.00368	0.00576	0.00582	0.00785	0.00850	0.04323	0.00869	0.05422	0.01635	0.78201	0.00368	0.00417	0.02252	0.00201
21	0.09267	0.10909	0.07848	0.03247	0.07667	0.15385	0.05931	0.15286	0.03894	0.07067	0.03745	0.02051	0.00808	0.00470	0.00414	0.00125	0.02123	0.00364	0.00293	0.03108
22	0.01148	0.05210	0.10041	0.01217	0.12624	0.11216	0.08675	0.07781	0.12387	0.08536	0.08550	0.05262	0.02411	0.02444	0.00477	0.00139	0.00491	0.00476	0.00323	0.00592

[dist]
# distance from previous block
# <min> <max>
1	2

[block]
# block no. 7 follows, 61 sequences, length 20
# corresponding to MSA columns:
# 417-427,429-437
name=unknown_H
#
# <colnr> <probs for GDERKNQSTAVLIFYWHMCP>
#	G	D	E	R	K	N	Q	S	T	A	V	L	I	F	Y	W	H	M	C	P
0	0.04408	0.00912	0.01037	0.00887	0.04621	0.06469	0.00681	0.15983	0.08169	0.39595	0.07601	0.01499	0.03204	0.00554	0.00430	0.00131	0.00400	0.00445	0.00449	0.02528
1	0.03656	0.07282	0.16519	0.17167	0.05333	0.00904	0.03988	0.04322	0.08382	0.08222	0.02760	0.08961	0.03028	0.03678	0.00488	0.00147	0.00464	0.00481	0.03666	0.00550
2	0.01033	0.14633	0.12215	0.08139	0.16350	0.01153	0.11735	0.04066	0.12734	0.02569	0.00981	0.02242	0.01832	0.00477	0.00504	0.00136	0.07947	0.00401	0.00251	0.00600
3	0.00745	0.00482	0.00569	0.00546	0.00690	0.00429	0.00409	0.00908	0.03626	0.12496	0.17575	0.18577	0.39315	0.01008	0.00504	0.00148	0.00246	0.00865	0.00433	0.00430
4	0.04909	0.05238	0.04218	0.03647	0.11747	0.00690	0.00652	0.04577	0.05617	0.02301	0.07166	0.30015	0.10673	0.01972	0.01475	0.00158	0.00351	0.02008	0.02113	0.00474
5	0.02862	0.03524	0.01206	0.39336	0.01999	0.11567	0.00932	0.07552	0.05928	0.17259	0.03010	0.01210	0.00808	0.00477	0.00420	0.00134	0.00521	0.00388	0.00304	0.00563
6	0.00914	0.00811	0.01337	0.08776	0.37332	0.00828	0.06714	0.01195	0.06314	0.02970	0.02297	0.15153	0.01277	0.00745	0.03070	0.02025	0.00479	0.06924	0.00282	0.00558
7	0.06368	0.00724	0.01728	0.07690	0.02019	0.08523	0.02243	0.02638	0.02404	0.01166	0.01544	0.18428	0.07406	0.14515	0.14275	0.00280	0.04089	0.01564	0.01986	0.00409
8	0.03530	0.31461	0.11089	0.14170	0.03106	0.12702	0.04125	0.01339	0.00936	0.05640	0.00789	0.03085	0.00661	0.00509	0.02354	0.00134	0.03274	0.00333	0.00221	0.00543
9	0.01415	0.00720	0.00892	0.00737	0.00999	0.00694	0.00590	0.03740	0.19405	0.43418	0.14818	0.01962	0.07388	0.00640	0.00452	0.00137	0.00326	0.00534	0.00490	0.00642
10	0.00543	0.00386	0.00508	0.00596	0.00625	0.00364	0.00402	0.00622	0.00829	0.01107	0.04898	0.71868	0.02770	0.08052	0.00683	0.00194	0.00268	0.04548	0.00391	0.00347
11	0.80011	0.00907	0.04568	0.00688	0.04411	0.00970	0.00557	0.01273	0.00752	0.01883	0.00617	0.00726	0.00480	0.00400	0.00280	0.00133	0.00355	0.00244	0.00260	0.00484
12	0.01147	0.00887	0.01107	0.00925	0.06889	0.00817	0.04017	0.18448	0.05800	0.07864	0.04807	0.01142	0.00896	0.00426	0.00383	0.00099	0.00383	0.00355	0.00331	0.43276
13	0.00571	0.00422	0.00540	0.00586	0.00653	0.00393	0.00409	0.00718	0.03529	0.01281	0.21002	0.55705	0.07857	0.01171	0.00528	0.00160	0.00242	0.01051	0.00414	0.02765
14	0.00689	0.00537	0.00743	0.00706	0.00742	0.00646	0.00528	0.00769	0.00660	0.00946	0.01076	0.01850	0.01100	0.26101	0.39641	0.05203	0.16989	0.00488	0.00229	0.00355
15	0.01294	0.00844	0.00954	0.00812	0.01062	0.00906	0.00639	0.13359	0.39053	0.21020	0.03828	0.04637	0.01311	0.05149	0.00533	0.00155	0.00359	0.00500	0.02935	0.00651
16	0.00693	0.00613	0.05076	0.00712	0.04547	0.02260	0.00494	0.00775	0.00704	0.00966	0.01259	0.07854	0.01364	0.46103	0.17390	0.01871	0.03994	0.00577	0.00253	0.02495
17	0.00905	0.00853	0.01407	0.01912	0.50764	0.00850	0.05311	0.01124	0.00975	0.01355	0.07398	0.05283	0.13592	0.00655	0.02565	0.00151	0.03518	0.00538	0.00269	0.00578
18	0.00998	0.04389	0.23543	0.06703	0.07612	0.06850	0.12049	0.06038	0.03848	0.03506	0.01039	0.08141	0.00911	0.03517	0.02251	0.01634	0.02048	0.02142	0.00255	0.02526
19	0.03094	0.00655	0.04577	0.00667	0.01843	0.00584	0.00540	0.05410	0.06406	0.12985	0.27109	0.02589	0.13060	0.05531	0.02323	0.00165	0.00322	0.04864	0.06784	0.00489

[dist]
# distance from previous block
# <min> <max>
0	19

[block]
# block no. 8 follows, 61 sequences, length 13
# corresponding to MSA columns:
# 464-476
name=unknown_I
#
# <colnr> <probs for GDERKNQSTAVLIFYWHMCP>
#	G	D	E	R	K	N	Q	S	T	A	V	L	I	F	Y	W	H	M	C	P
0	0.00952	0.00921	0.01628	0.14542	0.45298	0.00948	0.13104	0.01206	0.00940	0.01313	0.03005	0.05082	0.00884	0.02582	0.03843	0.00166	0.02310	0.00460	0.00227	0.00587
1	0.00849	0.00801	0.01355	0.72555	0.13964	0.00966	0.01214	0.01131	0.00878	0.01143	0.00772	0.01137	0.00589	0.00424	0.00430	0.00141	0.00566	0.00383	0.00194	0.00507
2	0.00645	0.00451	0.00570	0.00534	0.00651	0.00408	0.00402	0.00831	0.01181	0.04780	0.66238	0.03300	0.16589	0.00901	0.00505	0.00137	0.00212	0.00787	0.00464	0.00412
3	0.00635	0.00579	0.00644	0.00655	0.03856	0.04887	0.03355	0.00793	0.03391	0.01211	0.07561	0.14813	0.52171	0.01059	0.02291	0.00158	0.00306	0.00855	0.00378	0.00401
4	0.00565	0.00396	0.00484	0.00537	0.00560	0.00378	0.00339	0.00612	0.00754	0.00997	0.02083	0.46663	0.07096	0.35116	0.01212	0.00271	0.00316	0.00964	0.00344	0.00315
5	0.01030	0.09395	0.08666	0.03322	0.03666	0.04438	0.02558	0.12175	0.04353	0.01377	0.00952	0.01166	0.03822	0.00861	0.09921	0.00203	0.24549	0.00383	0.00252	0.06911
6	0.08944	0.32212	0.17886	0.02720	0.06099	0.13251	0.00938	0.05197	0.00982	0.02629	0.00719	0.00840	0.00584	0.00416	0.00371	0.00116	0.02743	0.00287	0.02500	0.00566
7	0.03796	0.00448	0.00515	0.00522	0.00624	0.00411	0.00374	0.00735	0.00942	0.04245	0.17127	0.21605	0.31611	0.12247	0.00733	0.00187	0.00263	0.02846	0.00395	0.00373
8	0.02531	0.03913	0.11620	0.07061	0.13532	0.04144	0.03641	0.10392	0.10176	0.06392	0.04739	0.06434	0.01066	0.04913	0.00604	0.00155	0.07340	0.00465	0.00301	0.00580
9	0.00890	0.07968	0.21552	0.04376	0.05693	0.00814	0.04062	0.04195	0.00996	0.03781	0.11320	0.09253	0.04755	0.00570	0.00418	0.00122	0.00429	0.00487	0.00287	0.18032
10	0.00838	0.05377	0.03260	0.00706	0.02007	0.00647	0.00560	0.02120	0.06198	0.09418	0.16108	0.14092	0.11233	0.02679	0.12882	0.00230	0.05007	0.01755	0.02316	0.02568
11	0.04398	0.15074	0.12153	0.03978	0.10424	0.05143	0.02960	0.10392	0.05731	0.06452	0.03998	0.05543	0.02061	0.01867	0.02506	0.00143	0.00485	0.00415	0.00289	0.05988
12	0.11217	0.16218	0.08256	0.06079	0.01184	0.06850	0.01817	0.04620	0.09142	0.03053	0.04174	0.06968	0.04971	0.02043	0.03081	0.01286	0.03681	0.03512	0.01334	0.00513

[dist]
# distance from previous block
# <min> <max>
1	11

[block]
# block no. 9 follows, 61 sequences, length 11
# corresponding to MSA columns:
# 488-498
name=unknown_J
#
# <colnr> <probs for GDERKNQSTAVLIFYWHMCP>
#	G	D	E	R	K	N	Q	S	T	A	V	L	I	F	Y	W	H	M	C	P
0	0.03998	0.08804	0.10893	0.03212	0.04092	0.04094	0.10972	0.18176	0.02530	0.06527	0.04533	0.09434	0.02987	0.00621	0.01661	0.01483	0.00484	0.00485	0.02818	0.02195
