[name]
unknown

[dist]
# distance from previous block
# <min> <max>
0	113

[block]
# block no. 0 follows, 74 sequences, length 44
# corresponding to MSA columns:
# 113-156
name=unknown_A
#
# <colnr> <probs for GDERKNQSTAVLIFYWHMCP>
#	G	D	E	R	K	N	Q	S	T	A	V	L	I	F	Y	W	H	M	C	P
0	0.00805	0.00603	0.00721	0.00553	0.00826	0.00480	0.00442	0.02406	0.00850	0.08770	0.09846	0.02976	0.05163	0.00431	0.00326	0.00079	0.00268	0.04129	0.00278	0.60048
1	0.01070	0.00606	0.00725	0.00601	0.00771	0.04454	0.02769	0.04297	0.04126	0.32407	0.05486	0.01695	0.01155	0.32121	0.00926	0.00201	0.00350	0.00437	0.00331	0.05471
2	0.00559	0.04397	0.00521	0.00460	0.00490	0.00436	0.00300	0.00595	0.00563	0.00760	0.01098	0.02118	0.01211	0.63348	0.21266	0.00402	0.00509	0.00491	0.00216	0.00261
3	0.01355	0.05104	0.01146	0.00888	0.03495	0.10713	0.00708	0.65168	0.02451	0.02042	0.00833	0.00855	0.00609	0.00426	0.00359	0.00107	0.00434	0.00315	0.00332	0.02660
4	0.02814	0.78061	0.01893	0.00688	0.01001	0.04726	0.04469	0.01129	0.00769	0.00906	0.00529	0.00617	0.00479	0.00320	0.00251	0.00083	0.00416	0.00211	0.00163	0.00474
5	0.00442	0.00370	0.00385	0.00395	0.00507	0.00313	0.00291	0.00535	0.00835	0.01008	0.05534	0.13482	0.72706	0.00962	0.00443	0.00128	0.00191	0.00813	0.00346	0.00313
6	0.02206	0.02450	0.01076	0.00821	0.01086	0.02205	0.08633	0.37823	0.08603	0.20134	0.04936	0.01195	0.00901	0.05638	0.00468	0.00129	0.00388	0.00383	0.00358	0.00569
7	0.00902	0.00876	0.01514	0.05741	0.72299	0.00895	0.06051	0.01123	0.00830	0.01185	0.00690	0.00922	0.00578	0.00346	0.00411	0.00114	0.04437	0.00337	0.00182	0.00567
8	0.02602	0.21207	0.02403	0.00788	0.02880	0.26185	0.00644	0.10876	0.01009	0.14183	0.00751	0.00791	0.00576	0.00369	0.00313	0.00092	0.00451	0.00261	0.00250	0.13371
9	0.00879	0.00655	0.00796	0.00658	0.00863	0.00658	0.06024	0.19519	0.12769	0.08604	0.14429	0.02113	0.27232	0.00643	0.00406	0.00119	0.00293	0.00544	0.00361	0.02435
10	0.04090	0.01724	0.01037	0.00940	0.01134	0.81439	0.00707	0.02862	0.01051	0.00956	0.00577	0.00671	0.00478	0.00382	0.00332	0.00096	0.00653	0.00240	0.00195	0.00433
11	0.32528	0.44146	0.01317	0.00620	0.00893	0.08063	0.00561	0.04382	0.02661	0.01231	0.00558	0.00634	0.00471	0.00342	0.00251	0.00096	0.00378	0.00213	0.00200	0.00455
12	0.00458	0.00332	0.00433	0.00501	0.00537	0.00307	0.00340	0.00535	0.00753	0.01002	0.09804	0.72499	0.08912	0.01108	0.00468	0.00146	0.00210	0.00999	0.00350	0.00307
13	0.00465	0.00339	0.00434	0.00505	0.00539	0.00317	0.00340	0.00550	0.02279	0.00965	0.03764	0.73669	0.08927	0.04369	0.00522	0.00155	0.00219	0.00995	0.00342	0.00306
14	0.17756	0.01466	0.00958	0.00852	0.01062	0.58173	0.00653	0.10077	0.03662	0.01220	0.00626	0.00703	0.00501	0.00386	0.00320	0.00102	0.00559	0.00248	0.00223	0.00451
15	0.00904	0.00851	0.01302	0.32899	0.44763	0.06466	0.01043	0.01994	0.00839	0.04390	0.00708	0.00941	0.00560	0.00355	0.00367	0.00114	0.00471	0.00326	0.00190	0.00515
16	0.00983	0.83833	0.05206	0.00652	0.00978	0.01445	0.00664	0.01114	0.00755	0.00885	0.00522	0.00603	0.00476	0.00319	0.00243	0.00081	0.00403	0.00201	0.00159	0.00479
17	0.00538	0.00365	0.00432	0.00432	0.00441	0.00375	0.00259	0.00557	0.00548	0.00740	0.01145	0.02292	0.01290	0.75074	0.13689	0.00393	0.00449	0.00520	0.00221	0.00240
18	0.00533	0.00386	0.00537	0.00537	0.00583	0.00432	0.00390	0.00625	0.00579	0.00818	0.01048	0.01758	0.01058	0.28749	0.59697	0.00524	0.00799	0.00442	0.00207	0.00299
19	0.00838	0.00807	0.01128	0.00965	0.00974	0.01119	0.00804	0.00921	0.00584	0.03468	0.00517	0.00826	0.00500	0.00644	0.01192	0.00161	0.83641	0.00326	0.00172	0.00413
20	0.13852	0.00687	0.00747	0.00666	0.00837	0.07356	0.03719	0.08971	0.07616	0.16429	0.03709	0.29468	0.01367	0.00720	0.02027	0.00136	0.00335	0.00575	0.00335	0.00450
21	0.01230	0.00847	0.01018	0.00822	0.01084	0.03314	0.07415	0.18293	0.35934	0.23970	0.01284	0.01200	0.00909	0.00461	0.00379	0.00119	0.00361	0.00386	0.00377	0.00596
22	0.00859	0.00723	0.00822	0.02273	0.01749	0.04066	0.01631	0.03832	0.10495	0.04800	0.05713	0.00988	0.00805	0.00351	0.00311	0.00076	0.00304	0.00287	0.00261	0.59655
23	0.02486	0.00562	0.00741	0.00616	0.00827	0.00514	0.00488	0.01455	0.05951	0.54334	0.08973	0.12129	0.01366	0.03987	0.03666	0.00148	0.00316	0.00493	0.00414	0.00532
24	0.01552	0.00821	0.00987	0.00761	0.01049	0.05317	0.03375	0.24775	0.01248	0.54275	0.01231	0.01118	0.00802	0.00446	0.00373	0.00113	0.00371	0.00357	0.00411	0.00616
25	0.00496	0.00358	0.00450	0.00465	0.00521	0.00333	0.00323	0.00601	0.00841	0.01148	0.37361	0.30166	0.09879	0.14544	0.00679	0.00167	0.00219	0.00785	0.00353	0.00311
26	0.00944	0.56697	0.22918	0.00790	0.03069	0.01260	0.00832	0.06061	0.00829	0.01058	0.02217	0.00711	0.00546	0.00343	0.00282	0.00092	0.00433	0.00238	0.00176	0.00504
27	0.00501	0.00371	0.00463	0.00454	0.00538	0.00338	0.00333	0.00642	0.00955	0.01309	0.56953	0.12806	0.18330	0.03747	0.00491	0.00131	0.00188	0.00733	0.00383	0.00333
28	0.01012	0.00958	0.02719	0.06932	0.55146	0.04547	0.05252	0.16387	0.01015	0.01391	0.00729	0.00909	0.00583	0.00356	0.00370	0.00112	0.00459	0.00332	0.00217	0.00574
29	0.00993	0.00832	0.00879	0.00770	0.00992	0.00956	0.00604	0.13662	0.72166	0.01666	0.01422	0.01314	0.01061	0.00495	0.00377	0.00124	0.00310	0.00407	0.00377	0.00594
30	0.00782	0.00682	0.00764	0.04697	0.06056	0.05751	0.00550	0.03708	0.31869	0.01450	0.35286	0.01894	0.03782	0.00591	0.00400	0.00119	0.00287	0.00507	0.00356	0.00468
31	0.01551	0.00657	0.00858	0.00675	0.00950	0.00604	0.00552	0.01834	0.13834	0.72058	0.01472	0.01282	0.00952	0.00466	0.00374	0.00117	0.00312	0.00380	0.00447	0.00625
32	0.00890	0.02680	0.00978	0.03020	0.17290	0.04262	0.00622	0.04493	0.00848	0.04474	0.00701	0.00820	0.00569	0.00308	0.00305	0.00074	0.00339	0.00255	0.00225	0.56847
33	0.01388	0.01725	0.01056	0.00950	0.01148	0.80403	0.00716	0.06400	0.01093	0.00994	0.00593	0.00683	0.00487	0.00386	0.00337	0.00097	0.00654	0.00245	0.00202	0.00442
34	0.84283	0.00781	0.00576	0.00516	0.00744	0.05913	0.00421	0.01115	0.00657	0.01620	0.00520	0.00607	0.00407	0.00347	0.00236	0.00114	0.00310	0.00203	0.00227	0.00404
35	0.00522	0.00379	0.00491	0.00463	0.00552	0.00349	0.00347	0.00693	0.01042	0.01468	0.81010	0.02807	0.06949	0.00767	0.00438	0.00117	0.00176	0.00676	0.00406	0.00349
36	0.06768	0.00931	0.04219	0.01084	0.18532	0.10614	0.02361	0.06339	0.15634	0.28107	0.01072	0.01057	0.00763	0.00416	0.00360	0.00114	0.00398	0.00341	0.00320	0.00571
37	0.00540	0.00360	0.00405	0.00405	0.00405	0.00360	0.00225	0.00540	0.00540	0.00720	0.01170	0.02429	0.01349	0.86955	0.01889	0.00360	0.00360	0.00540	0.00225	0.00225
38	0.01068	0.05651	0.00962	0.00800	0.02541	0.10732	0.00621	0.10781	0.53068	0.06116	0.02855	0.01216	0.00990	0.00472	0.00365	0.00117	0.00357	0.00378	0.00345	0.00566
39	0.00740	0.00489	0.00598	0.00545	0.00678	0.00479	0.00416	0.03611	0.13539	0.11648	0.46019	0.10495	0.07800	0.00724	0.00422	0.00122	0.00222	0.00631	0.00399	0.00422
40	0.00973	0.03437	0.01419	0.07755	0.62857	0.13306	0.01050	0.01171	0.00861	0.01134	0.00668	0.00876	0.00560	0.00347	0.00375	0.00109	0.02060	0.00313	0.00182	0.00546
41	0.54231	0.00705	0.00681	0.00568	0.00819	0.00755	0.00467	0.04500	0.04083	0.28673	0.00877	0.00859	0.00607	0.00392	0.00287	0.00115	0.00301	0.00271	0.00315	0.00492
42	0.00904	0.00879	0.01476	0.10950	0.72151	0.02507	0.03444	0.01127	0.00839	0.01179	0.00693	0.00924	0.00575	0.00335	0.00369	0.00112	0.00456	0.00332	0.00182	0.00564
43	0.01022	0.00916	0.01443	0.01095	0.01389	0.01760	0.34822	0.19218	0.23553	0.04715	0.05323	0.01179	0.00896	0.00422	0.00404	0.00121	0.00454	0.00418	0.00301	0.00549

[dist]
# distance from previous block
# <min> <max>
0	2

[block]
# block no. 1 follows, 74 sequences, length 16
# corresponding to MSA columns:
# 159-174
name=unknown_B
#
# <colnr> <probs for GDERKNQSTAVLIFYWHMCP>
#	G	D	E	R	K	N	Q	S	T	A	V	L	I	F	Y	W	H	M	C	P
0	0.01033	0.00870	0.01393	0.05894	0.57120	0.00883	0.04671	0.10827	0.03395	0.09055	0.00816	0.00968	0.00634	0.00362	0.00372	0.00113	0.00432	0.00342	0.00236	0.00585
1	0.16039	0.46478	0.08648	0.00690	0.00989	0.09209	0.00660	0.01251	0.09446	0.02635	0.00656	0.00714	0.00540	0.00353	0.00273	0.00096	0.00405	0.00236	0.00202	0.00480
2	0.51364	0.14247	0.02247	0.00609	0.00860	0.11974	0.00518	0.03357	0.00782	0.10215	0.00636	0.00690	0.00485	0.00360	0.00266	0.00107	0.00365	0.00228	0.00240	0.00450
3	0.06240	0.00823	0.00978	0.00932	0.13909	0.03253	0.00646	0.19448	0.09546	0.15726	0.00930	0.00954	0.00685	0.00383	0.00337	0.00098	0.00351	0.00308	0.00304	0.24149
4	0.00504	0.00399	0.00460	0.00486	0.00572	0.00377	0.00348	0.00695	0.09861	0.01076	0.08954	0.39806	0.33143	0.00976	0.00447	0.00136	0.00211	0.00855	0.00353	0.00341
5	0.03006	0.05800	0.01072	0.00774	0.01061	0.02550	0.05885	0.30158	0.01253	0.38641	0.01239	0.01165	0.04749	0.00456	0.00369	0.00112	0.00373	0.00367	0.00379	0.00591
6	0.16988	0.00700	0.00815	0.00658	0.00921	0.00700	0.00537	0.06036	0.16709	0.50102	0.01276	0.01150	0.00853	0.00447	0.00349	0.00117	0.00312	0.00350	0.00399	0.00583
7	0.01312	0.05774	0.01102	0.00910	0.03934	0.35082	0.00699	0.32280	0.08147	0.04161	0.02553	0.00879	0.00671	0.00421	0.00351	0.00105	0.00497	0.00304	0.00285	0.00531
8	0.00492	0.00367	0.00455	0.00466	0.00544	0.00334	0.00341	0.00617	0.00899	0.01208	0.39886	0.22498	0.22351	0.03339	0.00491	0.00136	0.00201	0.04680	0.00370	0.00326
9	0.00793	0.18657	0.68721	0.00975	0.01478	0.00981	0.01227	0.01163	0.00778	0.01116	0.00637	0.00747	0.00471	0.00346	0.00330	0.00110	0.00519	0.00259	0.00157	0.00534
10	0.06983	0.00762	0.00894	0.00709	0.00977	0.00774	0.00579	0.23755	0.12917	0.42807	0.04072	0.01190	0.00927	0.00465	0.00367	0.00116	0.00331	0.00369	0.00408	0.00601
11	0.00896	0.00862	0.01470	0.10318	0.71181	0.00880	0.03895	0.01149	0.03526	0.01197	0.00723	0.00943	0.00596	0.00340	0.00371	0.00113	0.00448	0.00337	0.00188	0.00568
12	0.00581	0.00402	0.00539	0.00530	0.00584	0.00429	0.00387	0.00667	0.00665	0.03753	0.10242	0.04580	0.04481	0.26984	0.33697	0.03197	0.03314	0.04407	0.00252	0.00308
13	0.01172	0.00849	0.00877	0.00727	0.00946	0.07831	0.00573	0.32526	0.14876	0.14748	0.06664	0.05322	0.03438	0.07132	0.00497	0.00135	0.00363	0.00430	0.00360	0.00534
14	0.00977	0.81727	0.07257	0.00662	0.00994	0.01430	0.00682	0.01116	0.00756	0.00893	0.00526	0.00607	0.00476	0.00320	0.00245	0.00082	0.00407	0.00203	0.00159	0.00481
15	0.00919	0.00882	0.01507	0.02278	0.84640	0.00882	0.01139	0.01139	0.00845	0.01213	0.00698	0.00919	0.00588	0.00331	0.00367	0.00110	0.00441	0.00331	0.00184	0.00588

[dist]
# distance from previous block
# <min> <max>
0	1

[block]
# block no. 2 follows, 74 sequences, length 23
# corresponding to MSA columns:
# 176-198
name=unknown_C
#
# <colnr> <probs for GDERKNQSTAVLIFYWHMCP>
#	G	D	E	R	K	N	Q	S	T	A	V	L	I	F	Y	W	H	M	C	P
0	0.01056	0.00929	0.00910	0.00792	0.01016	0.08521	0.00621	0.17152	0.61188	0.01642	0.01311	0.01229	0.00981	0.00482	0.00373	0.00120	0.00349	0.00388	0.00360	0.00582
1	0.89577	0.00718	0.00546	0.00488	0.00718	0.00833	0.00402	0.01091	0.00632	0.01665	0.00517	0.00603	0.00402	0.00345	0.00230	0.00115	0.00287	0.00201	0.00230	0.00402
2	0.00459	0.00333	0.00431	0.00499	0.00534	0.00308	0.00338	0.00534	0.00747	0.00993	0.09124	0.71502	0.09031	0.02665	0.00494	0.00150	0.00212	0.00992	0.00348	0.00305
3	0.04233	0.00809	0.00855	0.00740	0.00964	0.02510	0.00584	0.12148	0.56908	0.10193	0.04956	0.01328	0.01111	0.00495	0.00373	0.00122	0.00312	0.00404	0.00378	0.00578
4	0.00468	0.00335	0.00447	0.00510	0.00543	0.00317	0.00347	0.00550	0.00748	0.01013	0.13451	0.68926	0.02503	0.03499	0.04313	0.00172	0.00249	0.00958	0.00344	0.00308
5	0.00909	0.00782	0.00827	0.00745	0.00950	0.00902	0.00579	0.01925	0.80901	0.01550	0.04579	0.01436	0.01221	0.00513	0.00380	0.00126	0.00289	0.00429	0.00379	0.00579
6	0.00872	0.01027	0.04510	0.01550	0.01931	0.00937	0.80998	0.01189	0.00874	0.01189	0.00749	0.00995	0.00561	0.00314	0.00436	0.00125	0.00624	0.00433	0.00187	0.00502
7	0.65916	0.00782	0.00679	0.00577	0.00820	0.00891	0.00474	0.17426	0.04394	0.04133	0.00660	0.00712	0.00493	0.00375	0.00268	0.00115	0.00312	0.00241	0.00270	0.00462
8	0.00623	0.00328	0.00478	0.00479	0.00491	0.00323	0.00323	0.00500	0.00541	0.00722	0.06174	0.03995	0.04179	0.01238	0.01316	0.77224	0.00304	0.00386	0.00190	0.00184
9	0.01390	0.03240	0.01060	0.00855	0.01107	0.31443	0.00680	0.36154	0.07100	0.12017	0.00883	0.00885	0.00643	0.00426	0.00356	0.00106	0.00483	0.00308	0.00313	0.00552
10	0.01265	0.01413	0.01003	0.00889	0.01099	0.51806	0.00681	0.12172	0.23497	0.01267	0.00867	0.00891	0.00674	0.00423	0.00351	0.00106	0.00534	0.00300	0.00265	0.00499
11	0.01413	0.00877	0.04764	0.04431	0.03082	0.07524	0.04205	0.15488	0.05243	0.45954	0.02428	0.01129	0.00823	0.00440	0.00373	0.00114	0.00391	0.00358	0.00374	0.00589
12	0.01386	0.05467	0.01082	0.00921	0.01127	0.74107	0.00703	0.04037	0.01061	0.05903	0.00634	0.00708	0.00509	0.00386	0.00334	0.00097	0.00628	0.00248	0.00211	0.00450
13	0.01204	0.00932	0.00931	0.04525	0.08306	0.20564	0.00642	0.10953	0.06217	0.24005	0.14379	0.02214	0.02506	0.00490	0.00376	0.00111	0.00401	0.00396	0.00333	0.00515
14	0.00454	0.00330	0.00429	0.00503	0.00536	0.00305	0.00340	0.00526	0.00736	0.00975	0.05744	0.76326	0.09171	0.01127	0.00469	0.00147	0.00211	0.01017	0.00347	0.00305
15	0.01193	0.34238	0.05041	0.00857	0.04075	0.32710	0.00717	0.08996	0.03250	0.04794	0.00655	0.00722	0.00533	0.00367	0.00306	0.00094	0.00502	0.00248	0.00211	0.00491
16	0.00966	0.00818	0.00863	0.00764	0.00981	0.00943	0.00598	0.09047	0.76825	0.01621	0.01457	0.01342	0.01089	0.00499	0.00377	0.00125	0.00304	0.00412	0.00377	0.00591
17	0.00901	0.00862	0.01469	0.05992	0.79261	0.00869	0.01118	0.01122	0.00845	0.01206	0.02394	0.00959	0.00643	0.00341	0.00369	0.00111	0.00438	0.00338	0.00187	0.00575
18	0.00465	0.00366	0.00411	0.00421	0.00512	0.00322	0.00302	0.00563	0.00841	0.01068	0.19086	0.18025	0.48315	0.06955	0.00546	0.00145	0.00202	0.00792	0.00349	0.00312
19	0.00769	0.03948	0.81338	0.01040	0.01578	0.00870	0.01337	0.01187	0.00789	0.02851	0.00679	0.00789	0.00479	0.00354	0.00350	0.00117	0.00540	0.00274	0.00163	0.00548
20	0.00466	0.00337	0.00433	0.00491	0.00528	0.00313	0.00332	0.00544	0.00756	0.01008	0.12926	0.62901	0.09646	0.06788	0.00560	0.00158	0.00217	0.00947	0.00345	0.00304
21	0.01376	0.06975	0.00996	0.00787	0.05671	0.06284	0.00606	0.15197	0.03095	0.43590	0.03772	0.04817	0.00930	0.00469	0.00363	0.00110	0.00357	0.00377	0.00373	0.03856
22	0.06138	0.42342	0.32526	0.00797	0.01190	0.04469	0.00891	0.02689	0.00789	0.01073	0.00586	0.00680	0.00475	0.00336	0.00288	0.00096	0.00453	0.00232	0.00170	0.03781

[dist]
# distance from previous block
# <min> <max>
0	1

[block]
# block no. 3 follows, 74 sequences, length 16
# corresponding to MSA columns:
# 200-215
name=unknown_D
#
# <colnr> <probs for GDERKNQSTAVLIFYWHMCP>
#	G	D	E	R	K	N	Q	S	T	A	V	L	I	F	Y	W	H	M	C	P
0	0.06050	0.00357	0.00432	0.00492	0.00538	0.00341	0.00335	0.00561	0.00719	0.00999	0.04230	0.65239	0.11028	0.06190	0.00538	0.00157	0.00225	0.00932	0.00332	0.00306
1	0.01057	0.00731	0.00812	0.00701	0.00922	0.00791	0.00553	0.07636	0.51169	0.18748	0.03865	0.01561	0.08715	0.00537	0.00383	0.00122	0.00294	0.00444	0.00392	0.00568
2	0.00778	0.00680	0.00848	0.00641	0.03377	0.00524	0.03740	0.00951	0.00776	0.01209	0.00664	0.00783	0.00551	0.00278	0.00284	0.00059	0.00294	0.00232	0.00218	0.83114
3	0.81537	0.00814	0.00592	0.00531	0.00757	0.08548	0.00431	0.01127	0.00670	0.01596	0.00522	0.00609	0.00409	0.00348	0.00239	0.00113	0.00322	0.00204	0.00226	0.00405
4	0.00451	0.00326	0.00427	0.00508	0.00536	0.00302	0.00341	0.00518	0.00719	0.00951	0.02153	0.81497	0.07602	0.01149	0.00472	0.00149	0.00214	0.01038	0.00345	0.00302
5	0.00912	0.00867	0.01433	0.04924	0.74284	0.00884	0.01085	0.01209	0.08419	0.01235	0.00771	0.00964	0.00635	0.00348	0.00369	0.00112	0.00429	0.00339	0.00201	0.00582
6	0.20308	0.00801	0.00829	0.00689	0.00930	0.02645	0.00555	0.24854	0.18040	0.18022	0.01116	0.06004	0.00850	0.00478	0.00345	0.00117	0.00330	0.00371	0.02173	0.00544
7	0.00852	0.08653	0.68133	0.01003	0.01492	0.08613	0.01227	0.01218	0.00814	0.03742	0.00671	0.00773	0.00485	0.00356	0.00343	0.00112	0.00540	0.00268	0.00169	0.00535
8	0.00472	0.00336	0.00440	0.00499	0.00531	0.00314	0.00336	0.00550	0.00755	0.01022	0.16020	0.65720	0.02546	0.07900	0.00580	0.00162	0.00220	0.00949	0.00346	0.00304
9	0.00887	0.09526	0.01681	0.00576	0.00757	0.02473	0.01401	0.08828	0.01026	0.17215	0.30742	0.03712	0.14300	0.03615	0.00447	0.00123	0.00278	0.01613	0.00361	0.00438
10	0.04936	0.00852	0.00892	0.00767	0.00999	0.00974	0.00608	0.21429	0.60621	0.01746	0.01319	0.01232	0.00981	0.00483	0.00370	0.00122	0.00321	0.00390	0.00370	0.00590
11	0.03525	0.00953	0.01014	0.00803	0.01073	0.02422	0.00653	0.57986	0.15133	0.08486	0.01030	0.01034	0.00748	0.02901	0.00411	0.00121	0.00382	0.00352	0.00369	0.00604
12	0.02610	0.00392	0.00464	0.00462	0.00520	0.00384	0.00315	0.00690	0.03337	0.03589	0.19384	0.14546	0.07238	0.34888	0.03533	0.00232	0.00293	0.02407	0.04408	0.00308
13	0.00573	0.02381	0.00552	0.02757	0.00647	0.02832	0.00382	0.00787	0.07593	0.01284	0.45612	0.04813	0.23852	0.03732	0.00475	0.00128	0.00223	0.00653	0.00364	0.00361
14	0.00770	0.00660	0.00770	0.00550	0.00880	0.00495	0.00440	0.00935	0.00770	0.01210	0.00660	0.00770	0.00550	0.00275	0.00275	0.00055	0.00275	0.00220	0.00220	0.89224
15	0.24312	0.09688	0.03912	0.00773	0.01029	0.27900	0.00643	0.23222	0.01089	0.03290	0.00660	0.00721	0.00508	0.00384	0.00309	0.00104	0.00462	0.00255	0.00251	0.00490

[dist]
# distance from previous block
# <min> <max>
1	11

[block]
# block no. 4 follows, 74 sequences, length 23
# corresponding to MSA columns:
# 227-249
name=unknown_E
#
# <colnr> <probs for GDERKNQSTAVLIFYWHMCP>
#	G	D	E	R	K	N	Q	S	T	A	V	L	I	F	Y	W	H	M	C	P
0	0.03601	0.04086	0.01048	0.00897	0.09758	0.02904	0.00662	0.31844	0.06616	0.23836	0.01007	0.00988	0.00711	0.00414	0.00352	0.00106	0.00368	0.00327	0.00343	0.10133
1	0.00896	0.00870	0.01408	0.20992	0.50874	0.03712	0.06981	0.03424	0.04997	0.01189	0.00735	0.00955	0.00590	0.00352	0.00373	0.00115	0.00466	0.00340	0.00195	0.00538
2	0.12316	0.08441	0.01021	0.00790	0.01027	0.35417	0.00629	0.13562	0.07159	0.13743	0.02014	0.00859	0.00648	0.00407	0.00329	0.00104	0.00473	0.00284	0.00276	0.00501
3	0.03971	0.00583	0.00778	0.00616	0.00861	0.00514	0.00502	0.01564	0.01048	0.65589	0.18256	0.01550	0.01428	0.00517	0.00382	0.00115	0.00286	0.00429	0.00442	0.00568
4	0.00938	0.00915	0.01448	0.04418	0.72089	0.05248	0.02624	0.03278	0.00883	0.01226	0.02938	0.00958	0.00658	0.00349	0.00369	0.00110	0.00450	0.00337	0.00195	0.00568
5	0.00469	0.00333	0.00437	0.00501	0.00530	0.00312	0.00336	0.00542	0.00740	0.00998	0.12514	0.69111	0.02499	0.08098	0.00584	0.00163	0.00222	0.00964	0.00343	0.00301
6	0.08416	0.01619	0.01017	0.00910	0.01114	0.71078	0.00691	0.08878	0.01081	0.01098	0.00598	0.00684	0.00486	0.00385	0.00330	0.00099	0.00615	0.00245	0.00211	0.00446
7	0.00518	0.00376	0.00469	0.00510	0.00552	0.00369	0.00347	0.00661	0.06807	0.01032	0.13937	0.49798	0.02291	0.17567	0.00735	0.00185	0.00246	0.02951	0.00333	0.00316
8	0.00958	0.00782	0.00781	0.00683	0.00838	0.11109	0.00521	0.21015	0.11658	0.05478	0.01159	0.01491	0.04630	0.18913	0.16762	0.00256	0.01827	0.00410	0.00287	0.00442
9	0.00537	0.00371	0.00460	0.00460	0.00479	0.00390	0.00293	0.00575	0.00556	0.00760	0.01119	0.02151	0.01229	0.62852	0.25827	0.00428	0.00542	0.00499	0.00217	0.00255
10	0.00930	0.00769	0.01060	0.03554	0.12916	0.07460	0.12980	0.06688	0.07270	0.11480	0.23250	0.02886	0.06063	0.00529	0.00401	0.00117	0.00372	0.00477	0.00316	0.00483
11	0.00885	0.01000	0.02045	0.01482	0.01820	0.03041	0.72722	0.01195	0.03147	0.01170	0.00748	0.00989	0.00571	0.00345	0.00493	0.00127	0.07109	0.00424	0.00191	0.00494
12	0.00926	0.07678	0.01091	0.00740	0.01053	0.03081	0.09479	0.13330	0.00930	0.02497	0.00695	0.00805	0.00558	0.00327	0.00342	0.00079	0.03567	0.00265	0.00235	0.52321
13	0.06783	0.00633	0.00754	0.00664	0.03209	0.01788	0.01439	0.17146	0.00979	0.24810	0.02757	0.09002	0.02213	0.21413	0.04583	0.00198	0.00372	0.00464	0.00332	0.00461
14	0.00539	0.00372	0.00435	0.00426	0.00476	0.00351	0.00278	0.00606	0.00743	0.02650	0.23980	0.05500	0.15422	0.45300	0.01187	0.00245	0.00277	0.00628	0.00302	0.00284
15	0.01171	0.01105	0.01008	0.00860	0.01073	0.29050	0.05844	0.05732	0.26827	0.12591	0.01159	0.01150	0.04734	0.00472	0.00419	0.00116	0.05514	0.00362	0.00300	0.00514
16	0.07813	0.00663	0.00842	0.00655	0.00931	0.00612	0.00540	0.07810	0.02630	0.68808	0.01348	0.01195	0.00866	0.00450	0.00360	0.00114	0.00316	0.00358	0.03083	0.00606
17	0.00763	0.00746	0.01152	0.68905	0.10914	0.05063	0.01016	0.00992	0.00760	0.00971	0.00651	0.00957	0.00503	0.00381	0.00411	0.00123	0.04768	0.00325	0.00168	0.00431
18	0.40113	0.00610	0.00620	0.00545	0.00751	0.00633	0.00434	0.01219	0.03884	0.26328	0.01244	0.13876	0.05089	0.00539	0.00326	0.00120	0.00277	0.00421	0.02515	0.00457
19	0.00747	0.00537	0.00551	0.00522	0.00592	0.07338	0.00350	0.02963	0.04934	0.09002	0.06980	0.12482	0.01491	0.48509	0.01227	0.00254	0.00348	0.00560	0.00284	0.00328
20	0.00525	0.00361	0.00420	0.00423	0.00446	0.00351	0.00259	0.00563	0.00654	0.00879	0.14894	0.09874	0.06174	0.60980	0.01454	0.00290	0.00308	0.00619	0.00271	0.00257
21	0.01022	0.77402	0.01836	0.00665	0.00969	0.08227	0.00640	0.01170	0.03559	0.00899	0.00554	0.00628	0.00498	0.00329	0.00251	0.00082	0.00415	0.00209	0.00169	0.00476
22	0.00518	0.00346	0.00450	0.00507	0.00552	0.00319	0.00346	0.00592	0.00748	0.05148	0.06016	0.69042	0.08597	0.04297	0.00517	0.00153	0.00222	0.00963	0.00349	0.00318

[dist]
# distance from previous block
# <min> <max>
0	3

[block]
# block no. 5 follows, 74 sequences, length 14
# corresponding to MSA columns:
# 254-267
name=unknown_F
#
# <colnr> <probs for GDERKNQSTAVLIFYWHMCP>
#	G	D	E	R	K	N	Q	S	T	A	V	L	I	F	Y	W	H	M	C	P
0	0.06632	0.00857	0.01311	0.01885	0.65084	0.03100	0.00978	0.04341	0.02462	0.01253	0.00835	0.01065	0.03515	0.04604	0.00435	0.00123	0.00420	0.00348	0.00206	0.00546
1	0.55383	0.00874	0.00780	0.00803	0.11667	0.10490	0.00557	0.05570	0.02848	0.01524	0.00601	0.00697	0.00475	0.00352	0.00274	0.00108	0.00357	0.00236	0.00230	0.06174
2	0.00828	0.00671	0.00781	0.00575	0.00891	0.00538	0.00459	0.01075	0.08641	0.05340	0.00780	0.00852	0.00623	0.00306	0.00289	0.00065	0.00279	0.00246	0.00247	0.76516
3	0.05470	0.00852	0.00849	0.00757	0.03796	0.09069	0.00575	0.30106	0.15117	0.02895	0.10130	0.06152	0.11503	0.00574	0.00383	0.00117	0.00346	0.00463	0.00342	0.00504
4	0.00774	0.00419	0.00510	0.00465	0.00535	0.00398	0.00305	0.00823	0.00704	0.18418	0.10192	0.02222	0.01491	0.59579	0.01416	0.00282	0.00331	0.00519	0.00294	0.00324
5	0.00832	0.00667	0.00681	0.00620	0.00777	0.08483	0.00475	0.01272	0.28420	0.09255	0.29039	0.06899	0.09743	0.00651	0.00404	0.00120	0.00277	0.00552	0.00373	0.00456
6	0.58650	0.00709	0.00663	0.00559	0.00806	0.00770	0.00460	0.03872	0.05054	0.24080	0.00834	0.00830	0.00586	0.00387	0.00280	0.00115	0.00299	0.00263	0.00303	0.00480
7	0.01038	0.77298	0.01842	0.00672	0.00975	0.11186	0.00645	0.01154	0.00789	0.00877	0.00523	0.00604	0.00477	0.00325	0.00249	0.00081	0.00428	0.00203	0.00163	0.00471
8	0.00604	0.00380	0.00473	0.00489	0.00557	0.00350	0.00341	0.00682	0.00766	0.09471	0.09066	0.36544	0.14871	0.19201	0.00757	0.00185	0.00254	0.04345	0.00336	0.00326
9	0.01092	0.00755	0.00846	0.00719	0.00943	0.00821	0.00570	0.14636	0.45788	0.17195	0.11173	0.01448	0.01293	0.00516	0.00383	0.00120	0.00302	0.00427	0.00396	0.00575
10	0.00552	0.00371	0.00466	0.00473	0.00530	0.00350	0.00327	0.00643	0.00791	0.04472	0.26748	0.24578	0.08212	0.24485	0.03048	0.00206	0.00268	0.02835	0.00332	0.00311
11	0.34455	0.00723	0.00751	0.00621	0.00870	0.02762	0.00507	0.06350	0.08754	0.36003	0.01042	0.00998	0.00718	0.00499	0.03293	0.00132	0.00341	0.00308	0.00345	0.00526
12	0.00827	0.00834	0.01354	0.07450	0.16826	0.01020	0.13650	0.00983	0.00681	0.01002	0.00592	0.00889	0.00529	0.00568	0.02859	0.00154	0.48811	0.00346	0.00171	0.00453
13	0.04208	0.43537	0.24402	0.00795	0.01152	0.13823	0.00836	0.01220	0.00818	0.05296	0.00614	0.00692	0.00495	0.00345	0.00291	0.00095	0.00471	0.00234	0.00181	0.00494

[dist]
# distance from previous block
# <min> <max>
0	1

[block]
# block no. 6 follows, 74 sequences, length 27
# corresponding to MSA columns:
# 269-295
name=unknown_G
#
# <colnr> <probs for GDERKNQSTAVLIFYWHMCP>
#	G	D	E	R	K	N	Q	S	T	A	V	L	I	F	Y	W	H	M	C	P
0	0.79598	0.00743	0.00590	0.00518	0.00752	0.02904	0.00425	0.02586	0.00692	0.07595	0.00592	0.00657	0.00445	0.00355	0.00245	0.00114	0.00301	0.00217	0.00248	0.00423
1	0.00532	0.00373	0.00437	0.00435	0.00466	0.00370	0.00274	0.00593	0.02082	0.00878	0.12523	0.05546	0.08340	0.57902	0.07463	0.00314	0.00360	0.00584	0.00264	0.00265
2	0.00709	0.00583	0.00650	0.00604	0.00745	0.01760	0.00460	0.01267	0.38591	0.01451	0.36513	0.08131	0.05666	0.00674	0.00412	0.00123	0.00239	0.00583	0.00384	0.00454
3	0.23721	0.00614	0.00689	0.00595	0.00803	0.00629	0.00473	0.01382	0.12677	0.32862	0.04118	0.10362	0.01073	0.00644	0.04828	0.00145	0.00321	0.00420	0.03149	0.00497
4	0.89577	0.00718	0.00546	0.00488	0.00718	0.00833	0.00402	0.01091	0.00632	0.01665	0.00517	0.00603	0.00402	0.00345	0.00230	0.00115	0.00287	0.00201	0.00230	0.00402
5	0.20236	0.00697	0.00803	0.00646	0.00905	0.00696	0.00528	0.10550	0.08244	0.47278	0.03070	0.02915	0.00886	0.00459	0.00346	0.00116	0.00313	0.00357	0.00390	0.00566
6	0.00871	0.01586	0.56714	0.01101	0.01574	0.00885	0.15651	0.07714	0.03896	0.05363	0.00768	0.00875	0.00545	0.00364	0.00371	0.00119	0.00531	0.00318	0.00202	0.00552
7	0.00530	0.00365	0.00456	0.00470	0.00534	0.00336	0.00327	0.00627	0.00825	0.04128	0.28236	0.33088	0.14105	0.13457	0.00660	0.00166	0.00223	0.00796	0.00352	0.00319
8	0.54297	0.00792	0.00759	0.00688	0.05261	0.00884	0.00527	0.18809	0.04979	0.08811	0.00735	0.00775	0.00540	0.00383	0.00287	0.00114	0.00324	0.00262	0.00284	0.00489
9	0.00530	0.00398	0.00597	0.00597	0.00663	0.00464	0.00464	0.00663	0.00597	0.00862	0.00994	0.01458	0.00928	0.02784	0.85484	0.00597	0.00994	0.00398	0.00199	0.00331
10	0.01013	0.82681	0.01898	0.00652	0.00963	0.05892	0.00639	0.01131	0.00770	0.00875	0.00519	0.00599	0.00476	0.00321	0.00243	0.00080	0.00411	0.00201	0.00160	0.00474
11	0.00461	0.00376	0.00407	0.00402	0.00515	0.00322	0.00300	0.00574	0.00895	0.01123	0.23964	0.05132	0.62437	0.00899	0.00439	0.00124	0.00185	0.00761	0.00361	0.00322
12	0.03507	0.00932	0.01029	0.00982	0.12924	0.09102	0.00692	0.29070	0.12403	0.18508	0.02366	0.01080	0.02219	0.00440	0.00364	0.00111	0.00390	0.00350	0.00338	0.03193
13	0.07202	0.04671	0.01157	0.00894	0.03761	0.08276	0.09480	0.34457	0.01268	0.21148	0.03396	0.00995	0.00739	0.00423	0.00362	0.00111	0.00418	0.00341	0.00333	0.00568
14	0.43805	0.00673	0.00710	0.00578	0.00837	0.00683	0.00477	0.01465	0.00856	0.45000	0.01010	0.00947	0.00671	0.00404	0.00304	0.00115	0.00302	0.00291	0.00349	0.00522
15	0.01063	0.00887	0.05012	0.05099	0.27350	0.01994	0.02907	0.19429	0.13020	0.10675	0.06656	0.02407	0.00926	0.00439	0.00378	0.00115	0.00393	0.00382	0.00299	0.00568
16	0.00480	0.00359	0.00446	0.00464	0.00537	0.00325	0.00333	0.00598	0.00886	0.01190	0.37463	0.32376	0.21301	0.00941	0.00451	0.00131	0.00192	0.00831	0.00372	0.00325
17	0.01200	0.02674	0.01056	0.00933	0.07039	0.13017	0.00697	0.36966	0.29233	0.01764	0.01034	0.01022	0.00772	0.00446	0.00365	0.00113	0.00409	0.00347	0.00331	0.00582
18	0.04664	0.05414	0.01273	0.34014	0.32237	0.07366	0.00973	0.07606	0.00879	0.01179	0.00672	0.00894	0.00534	0.00359	0.00354	0.00113	0.00468	0.00311	0.00193	0.00498
19	0.00531	0.00396	0.00589	0.00589	0.00653	0.00460	0.00455	0.00658	0.00594	0.00856	0.01001	0.01494	0.00943	0.05883	0.82407	0.00588	0.00971	0.00403	0.00200	0.00327
20	0.07767	0.00822	0.00935	0.00733	0.01010	0.01957	0.00601	0.35137	0.05344	0.38309	0.01164	0.02768	0.00799	0.00461	0.00364	0.00114	0.00353	0.00359	0.00397	0.00604
21	0.02209	0.00495	0.00629	0.00571	0.00712	0.00470	0.00440	0.05344	0.03576	0.24350	0.23062	0.16875	0.03589	0.08050	0.00547	0.00148	0.00269	0.07851	0.00383	0.00430
22	0.27417	0.00664	0.00767	0.00610	0.00877	0.00645	0.00503	0.04149	0.00952	0.56302	0.01164	0.01060	0.00759	0.00425	0.00329	0.00114	0.00308	0.00321	0.02075	0.00559
23	0.00477	0.00348	0.00442	0.00479	0.00531	0.00320	0.00332	0.00574	0.00817	0.01100	0.26349	0.47553	0.12530	0.05702	0.00536	0.00149	0.00208	0.00882	0.00357	0.00313
24	0.73738	0.00717	0.00612	0.00526	0.00767	0.00803	0.00434	0.04172	0.00734	0.13666	0.00667	0.00708	0.00485	0.00365	0.00255	0.00115	0.00296	0.00231	0.00268	0.00443
25	0.00531	0.00396	0.00587	0.00587	0.00650	0.00459	0.00452	0.00657	0.00594	0.00855	0.01003	0.01507	0.00949	0.06989	0.81307	0.00585	0.00963	0.00405	0.00200	0.00326
26	0.03773	0.00860	0.01069	0.02548	0.24513	0.05605	0.00748	0.19603	0.12126	0.17299	0.01048	0.04231	0.00816	0.03571	0.00424	0.00124	0.00388	0.00377	0.00312	0.00565

[dist]
# distance from previous block
# <min> <max>
0	1

[block]
# block no. 7 follows, 74 sequences, length 9
# corresponding to MSA columns:
# 297-305
name=unknown_H
#
# <colnr> <probs for GDERKNQSTAVLIFYWHMCP>
#	G	D	E	R	K	N	Q	S	T	A	V	L	I	F	Y	W	H	M	C	P
0	0.03795	0.00862	0.00995	0.00854	0.04584	0.12323	0.06664	0.08559	0.10664	0.29250	0.11241	0.01268	0.01092	0.00481	0.00427	0.00117	0.05559	0.00388	0.00343	0.00533
1	0.15367	0.00686	0.00854	0.03437	0.09015	0.00652	0.03921	0.08860	0.00850	0.05494	0.00901	0.11815	0.00826	0.03594	0.00384	0.00107	0.00324	0.00376	0.00257	0.32278
2	0.09598	0.19286	0.04944	0.00673	0.00895	0.07945	0.03198	0.05507	0.05848	0.10295	0.12525	0.13758	0.02956	0.00558	0.00353	0.00112	0.00348	0.00455	0.00291	0.00455
3	0.00531	0.00393	0.00574	0.00574	0.00632	0.00452	0.00436	0.00648	0.00590	0.00845	0.01015	0.01572	0.00978	0.12689	0.75647	0.00569	0.00920	0.00414	0.00202	0.00319
4	0.05461	0.00970	0.00990	0.00803	0.01056	0.08354	0.00649	0.40450	0.18576	0.13739	0.01040	0.01011	0.00747	0.00458	0.00398	0.00116	0.03902	0.00343	0.00354	0.00585
5	0.00585	0.00393	0.00498	0.00508	0.00587	0.00369	0.00364	0.00744	0.05157	0.06905	0.29675	0.39167	0.09426	0.03247	0.00485	0.00139	0.00214	0.00811	0.00372	0.00354
6	0.23517	0.00758	0.00835	0.00669	0.00936	0.00785	0.00549	0.19454	0.08906	0.38227	0.01107	0.01028	0.00747	0.00432	0.00337	0.00115	0.00327	0.00326	0.00375	0.00570
7	0.09418	0.00440	0.00533	0.00511	0.00631	0.00415	0.00382	0.00885	0.00867	0.17388	0.21921	0.31220	0.08229	0.00798	0.00409	0.00127	0.00228	0.00693	0.04515	0.00390
8	0.04529	0.00880	0.00910	0.00764	0.00990	0.06412	0.02350	0.28827	0.32019	0.05305	0.03406	0.03997	0.04122	0.03271	0.00423	0.00126	0.00357	0.00414	0.00351	0.00548

[dist]
# distance from previous block
# <min> <max>
4	6

[block]
# block no. 8 follows, 74 sequences, length 26
# corresponding to MSA columns:
# 312-337
name=unknown_I
#
# <colnr> <probs for GDERKNQSTAVLIFYWHMCP>
#	G	D	E	R	K	N	Q	S	T	A	V	L	I	F	Y	W	H	M	C	P
0	0.00556	0.00409	0.00504	0.00506	0.00588	0.00390	0.00369	0.06745	0.00937	0.01268	0.34393	0.32258	0.13352	0.03174	0.00486	0.00137	0.00218	0.02996	0.00368	0.00346
1	0.00721	0.00567	0.00620	0.00581	0.00691	0.00620	0.00415	0.04805	0.34414	0.01168	0.01505	0.08215	0.06159	0.33235	0.04464	0.00235	0.00341	0.00529	0.00308	0.00405
2	0.01109	0.00884	0.00963	0.00796	0.01037	0.02516	0.02717	0.34544	0.39785	0.03240	0.07375	0.01265	0.01077	0.00491	0.00380	0.00119	0.00347	0.00400	0.00371	0.00583
3	0.04140	0.00567	0.00741	0.00605	0.00829	0.00508	0.00485	0.02602	0.02155	0.56358	0.14359	0.08685	0.05141	0.00582	0.00390	0.00119	0.00280	0.00489	0.00427	0.00539
4	0.12969	0.04192	0.00972	0.00732	0.01005	0.00925	0.00604	0.42886	0.03533	0.23429	0.01038	0.04376	0.00756	0.00461	0.00352	0.00113	0.00357	0.00353	0.00366	0.00581
5	0.00521	0.00374	0.00476	0.00480	0.00520	0.00392	0.00328	0.00585	0.00603	0.00816	0.01433	0.05934	0.10597	0.41409	0.33495	0.00414	0.00576	0.00536	0.00234	0.00279
6	0.00610	0.00492	0.00546	0.00538	0.00583	0.07487	0.00375	0.00670	0.00605	0.00795	0.01023	0.01805	0.01064	0.39382	0.38568	0.03854	0.00664	0.00444	0.00208	0.00286
7	0.00853	0.00921	0.01739	0.01310	0.01535	0.01015	0.48710	0.01101	0.03530	0.01087	0.00675	0.00941	0.00553	0.00449	0.00737	0.00140	0.33661	0.00394	0.00184	0.00467
8	0.00939	0.00948	0.01281	0.11921	0.51737	0.13369	0.00974	0.03423	0.02247	0.01175	0.04168	0.01086	0.04321	0.00393	0.00369	0.00111	0.00456	0.00352	0.00207	0.00523
9	0.00638	0.00404	0.00523	0.00483	0.00592	0.00366	0.00366	0.00799	0.01021	0.10396	0.65702	0.06308	0.09453	0.00758	0.00432	0.00119	0.00193	0.00665	0.00406	0.00376
10	0.01341	0.04417	0.01100	0.00841	0.01111	0.13253	0.00685	0.62477	0.04311	0.02003	0.00884	0.02924	0.00669	0.00450	0.00362	0.00109	0.00433	0.00336	0.01712	0.00583
11	0.00857	0.04535	0.00913	0.00704	0.06584	0.00593	0.02102	0.03177	0.00818	0.05789	0.00708	0.00807	0.00572	0.00296	0.00291	0.00066	0.00304	0.00242	0.00231	0.70412
12	0.00761	0.02256	0.00715	0.00620	0.00754	0.07425	0.05884	0.04996	0.03191	0.08894	0.18676	0.20664	0.14101	0.08686	0.00556	0.00146	0.00305	0.00649	0.00333	0.00388
13	0.00520	0.00383	0.00483	0.00517	0.00571	0.00375	0.00359	0.00698	0.08266	0.01128	0.23771	0.50551	0.02532	0.07359	0.00561	0.00155	0.00222	0.00858	0.00356	0.00334
14	0.00819	0.10252	0.45745	0.01203	0.01664	0.00952	0.31788	0.01174	0.00815	0.01150	0.00682	0.00846	0.00505	0.00334	0.00373	0.00116	0.00562	0.00328	0.00168	0.00523
15	0.00641	0.00409	0.00511	0.00468	0.00589	0.00365	0.00357	0.00793	0.01003	0.11341	0.55078	0.02785	0.22714	0.00767	0.00430	0.00119	0.00195	0.00663	0.00399	0.00375
16	0.89577	0.00718	0.00546	0.00488	0.00718	0.00833	0.00402	0.01091	0.00632	0.01665	0.00517	0.00603	0.00402	0.00345	0.00230	0.00115	0.00287	0.00201	0.00230	0.00402
17	0.04023	0.00690	0.00879	0.00683	0.00965	0.00644	0.00562	0.10763	0.06460	0.68162	0.01378	0.01212	0.00887	0.00458	0.00369	0.00115	0.00324	0.00367	0.00438	0.00622
18	0.00881	0.00843	0.01438	0.16825	0.70388	0.00872	0.01120	0.01106	0.00827	0.01167	0.00692	0.00931	0.00572	0.00338	0.00368	0.00113	0.00450	0.00331	0.00180	0.00557
19	0.10990	0.00661	0.00835	0.00652	0.00930	0.00611	0.00537	0.04356	0.04464	0.69940	0.01347	0.01186	0.00863	0.00449	0.00358	0.00115	0.00315	0.00356	0.00429	0.00605
20	0.00942	0.00739	0.00798	0.00709	0.00916	0.00827	0.00554	0.03299	0.65918	0.08458	0.05501	0.01583	0.07026	0.00541	0.00384	0.00124	0.00285	0.00451	0.00384	0.00562
21	0.00636	0.00420	0.00556	0.00564	0.00625	0.00438	0.00410	0.04664	0.06208	0.03170	0.01345	0.27544	0.01426	0.06471	0.17574	0.21214	0.00428	0.05717	0.00272	0.00316
22	0.01096	0.50840	0.01517	0.00719	0.00981	0.24615	0.00634	0.03016	0.02348	0.03668	0.06877	0.00821	0.00733	0.00379	0.00290	0.00089	0.00452	0.00258	0.00205	0.00464
23	0.01011	0.00751	0.00848	0.02408	0.00951	0.00736	0.00537	0.31967	0.03954	0.04888	0.09335	0.01170	0.03064	0.00431	0.00340	0.00092	0.00313	0.00345	0.05871	0.30987
24	0.00970	0.00810	0.01294	0.03830	0.42783	0.02627	0.09795	0.07243	0.00961	0.10429	0.10899	0.03959	0.01838	0.00437	0.00388	0.00115	0.00410	0.00414	0.00261	0.00538
25	0.01085	0.00841	0.03630	0.02232	0.13781	0.03762	0.07505	0.20880	0.07190	0.15314	0.04415	0.04531	0.02532	0.04315	0.04229	0.00147	0.00422	0.00409	0.00310	0.02469

[dist]
# distance from previous block
# <min> <max>
0	13

[block]
# block no. 9 follows, 74 sequences, length 69
# corresponding to MSA columns:
# 351-419
name=unknown_J
#
# <colnr> <probs for GDERKNQSTAVLIFYWHMCP>
#	G	D	E	R	K	N	Q	S	T	A	V	L	I	F	Y	W	H	M	C	P
0	0.03199	0.01114	0.01229	0.01120	0.12692	0.18939	0.09840	0.33486	0.03221	0.10246	0.00847	0.00904	0.00622	0.00402	0.00368	0.00110	0.00477	0.00328	0.00293	0.00562
1	0.11336	0.01119	0.00987	0.00904	0.08044	0.31532	0.03385	0.05692	0.02753	0.11807	0.00751	0.00817	0.00574	0.00365	0.00324	0.00096	0.00458	0.00271	0.00248	0.18536
2	0.00554	0.00417	0.00519	0.00483	0.00580	0.01750	0.00363	0.00747	0.02902	0.01474	0.79412	0.02664	0.03336	0.00737	0.00431	0.00115	0.00188	0.00649	0.00400	0.02278
3	0.16321	0.01290	0.00953	0.00852	0.03406	0.44887	0.00645	0.10342	0.01052	0.15786	0.00757	0.00792	0.00562	0.00395	0.00329	0.00104	0.00509	0.00269	0.00264	0.00487
4	0.00504	0.00398	0.00459	0.00466	0.00567	0.00366	0.00349	0.00678	0.06072	0.01159	0.23927	0.17078	0.39663	0.00909	0.00445	0.00130	0.00206	0.05921	0.00363	0.00340
5	0.00802	0.01839	0.79771	0.01033	0.01565	0.00842	0.01320	0.01215	0.00801	0.06409	0.00716	0.00814	0.00498	0.00359	0.00354	0.00117	0.00534	0.00280	0.00176	0.00554
6	0.00576	0.00387	0.00453	0.00446	0.00491	0.00376	0.00287	0.00663	0.03733	0.03996	0.15533	0.10696	0.08020	0.51297	0.01287	0.00263	0.00298	0.00620	0.00291	0.00288
7	0.10889	0.00630	0.00812	0.00634	0.00906	0.00567	0.00522	0.01685	0.01016	0.72490	0.04973	0.01259	0.00977	0.00460	0.00361	0.00115	0.00307	0.00368	0.00433	0.00595
8	0.01104	0.00794	0.00875	0.00741	0.00972	0.00875	0.00589	0.18940	0.48670	0.13769	0.07431	0.01365	0.01170	0.00504	0.00380	0.00121	0.00312	0.00413	0.00390	0.00586
9	0.00891	0.00853	0.01453	0.10107	0.75650	0.00868	0.01117	0.01112	0.00833	0.01184	0.00715	0.02245	0.00608	0.00347	0.00369	0.00112	0.00443	0.00342	0.00184	0.00567
10	0.00577	0.00466	0.00686	0.00659	0.00714	0.00575	0.00521	0.00701	0.00592	0.00867	0.00911	0.01352	0.00855	0.02432	0.71605	0.00525	0.15040	0.00386	0.00193	0.00344
11	0.01000	0.07583	0.01069	0.01543	0.07484	0.08576	0.09899	0.04089	0.12508	0.16675	0.06003	0.13843	0.05340	0.00568	0.00404	0.00119	0.02003	0.00492	0.00311	0.00490
12	0.00520	0.00403	0.00498	0.00505	0.00607	0.00345	0.00357	0.00613	0.00750	0.01026	0.04506	0.55932	0.11903	0.00935	0.00426	0.00126	0.00223	0.00834	0.00320	0.19169
13	0.00992	0.87178	0.01945	0.00635	0.00953	0.01469	0.00635	0.01111	0.00754	0.00873	0.00516	0.00595	0.00476	0.00318	0.00238	0.00079	0.00397	0.00198	0.00159	0.00476
14	0.05132	0.03906	0.06678	0.06666	0.04687	0.01968	0.00667	0.17569	0.03136	0.26090	0.02979	0.02484	0.00775	0.00416	0.00346	0.00104	0.00362	0.00333	0.00319	0.15384
15	0.01090	0.03390	0.00954	0.00788	0.01018	0.09136	0.00624	0.24262	0.48080	0.01678	0.03267	0.01203	0.00974	0.01368	0.00385	0.00120	0.00362	0.00380	0.00351	0.00572
16	0.01481	0.00864	0.00998	0.00772	0.01060	0.00899	0.00635	0.46324	0.06539	0.34735	0.01155	0.01068	0.00775	0.00455	0.00372	0.00114	0.00365	0.00355	0.00406	0.00629
17	0.00789	0.00654	0.01125	0.00870	0.01044	0.00634	0.30248	0.05943	0.01578	0.06258	0.01023	0.01737	0.00993	0.44150	0.01163	0.00242	0.00455	0.00479	0.00237	0.00378
18	0.00627	0.00414	0.00514	0.00475	0.00590	0.00377	0.00360	0.00803	0.03348	0.09274	0.55852	0.03724	0.19334	0.02103	0.00453	0.00123	0.00198	0.00661	0.00396	0.00374
19	0.00919	0.00882	0.01507	0.02278	0.84640	0.00882	0.01139	0.01139	0.00845	0.01213	0.00698	0.00919	0.00588	0.00331	0.00367	0.00110	0.00441	0.00331	0.00184	0.00588
20	0.07066	0.00620	0.00813	0.00638	0.00904	0.00553	0.00523	0.01681	0.02100	0.72536	0.05472	0.03339	0.01052	0.00484	0.00370	0.00116	0.00304	0.00394	0.00439	0.00595
21	0.00919	0.00882	0.01507	0.02278	0.84640	0.00882	0.01139	0.01139	0.00845	0.01213	0.00698	0.00919	0.00588	0.00331	0.00367	0.00110	0.00441	0.00331	0.00184	0.00588
22	0.00462	0.00371	0.00410	0.00412	0.00515	0.00322	0.00303	0.00570	0.00874	0.01104	0.22297	0.11606	0.55724	0.02779	0.00473	0.00131	0.00191	0.00779	0.00357	0.00319
23	0.01479	0.01004	0.01005	0.00811	0.01074	0.22748	0.04699	0.11330	0.06132	0.44148	0.01133	0.01059	0.00766	0.00433	0.00366	0.00111	0.00433	0.00340	0.00361	0.00570
24	0.01068	0.70946	0.01777	0.00693	0.00990	0.14859	0.00650	0.03661	0.00832	0.00923	0.00537	0.00616	0.00481	0.00332	0.00258	0.00083	0.00441	0.00209	0.00170	0.00474
25	0.02687	0.00996	0.01170	0.00906	0.01188	0.05528	0.11249	0.53393	0.06958	0.05875	0.01041	0.02715	0.03620	0.00459	0.00381	0.00115	0.00425	0.00378	0.00339	0.00580
26	0.86917	0.00715	0.00555	0.00493	0.00725	0.00824	0.00406	0.01113	0.00645	0.04184	0.00546	0.00623	0.00418	0.00348	0.00234	0.00115	0.00288	0.00206	0.00237	0.00409
27	0.00528	0.00404	0.00482	0.00528	0.03491	0.00368	0.00362	0.02596	0.02459	0.03154	0.06756	0.35691	0.39892	0.00964	0.00445	0.00134	0.00217	0.00840	0.00346	0.00341
28	0.00883	0.00501	0.00636	0.00582	0.00726	0.00484	0.00444	0.01161	0.14169	0.24153	0.26638	0.23238	0.02136	0.00742	0.00421	0.00127	0.00245	0.01862	0.00400	0.00453
29	0.01416	0.02232	0.06174	0.00732	0.01016	0.03131	0.00629	0.16093	0.11257	0.48130	0.01249	0.01150	0.00837	0.00482	0.00408	0.03366	0.00356	0.00357	0.00392	0.00596
30	0.00468	0.00333	0.00440	0.00509	0.00538	0.00313	0.00344	0.00543	0.00739	0.00993	0.10383	0.71199	0.02489	0.06202	0.00555	0.00160	0.00223	0.02923	0.00344	0.00303
31	0.06580	0.00819	0.00956	0.00737	0.01025	0.00833	0.00609	0.38247	0.01343	0.43226	0.01154	0.01059	0.00761	0.00447	0.00364	0.00113	0.00356	0.00346	0.00407	0.00618
