[name]
unknown

[dist]
# distance from previous block
# <min> <max>
0	21

[block]
# block no. 0 follows, 57 sequences, length 34
# corresponding to MSA columns:
# 21-54
name=unknown_A
#
# <colnr> <probs for GDERKNQSTAVLIFYWHMCP>
#	G	D	E	R	K	N	Q	S	T	A	V	L	I	F	Y	W	H	M	C	P
0	0.00738	0.00532	0.00723	0.00813	0.00915	0.00538	0.00689	0.00983	0.05588	0.01350	0.02324	0.12189	0.02515	0.01241	0.00649	0.03004	0.00399	0.63974	0.00413	0.00423
1	0.00703	0.00630	0.02251	0.06917	0.03479	0.04925	0.01727	0.00807	0.00879	0.01099	0.02392	0.15141	0.25079	0.28693	0.03106	0.00264	0.00415	0.00782	0.00327	0.00382
2	0.00833	0.00425	0.00433	0.00431	0.00537	0.00423	0.00323	0.01044	0.00969	0.01697	0.06063	0.01787	0.01341	0.00551	0.00329	0.00108	0.00211	0.00445	0.81628	0.00423
3	0.01807	0.00978	0.01132	0.00880	0.01220	0.03786	0.00721	0.29351	0.01568	0.45041	0.01648	0.01509	0.05580	0.00582	0.00456	0.00137	0.00431	0.00459	0.00498	0.02217
4	0.00546	0.00443	0.00484	0.00508	0.00627	0.00382	0.00368	0.00657	0.01006	0.01242	0.08475	0.24070	0.57209	0.01203	0.00546	0.00160	0.00237	0.01031	0.00425	0.00382
5	0.01696	0.01256	0.01345	0.01037	0.01395	0.01393	0.00855	0.76271	0.05640	0.02813	0.01122	0.01115	0.00798	0.00547	0.00454	0.00137	0.00492	0.00413	0.00454	0.00768
6	0.76605	0.00995	0.00745	0.03153	0.00994	0.08653	0.00550	0.01372	0.00823	0.01920	0.00643	0.00758	0.00503	0.00426	0.00298	0.00138	0.00402	0.00255	0.00274	0.00494
7	0.01044	0.03569	0.25975	0.03969	0.32410	0.02467	0.05077	0.01449	0.06585	0.04062	0.04940	0.04454	0.00987	0.00498	0.00453	0.00141	0.00550	0.00447	0.00262	0.00659
8	0.00941	0.00930	0.08217	0.02385	0.01209	0.00694	0.04631	0.04249	0.02930	0.02693	0.10335	0.02580	0.03384	0.00474	0.00398	0.00099	0.00382	0.00403	0.00308	0.52759
9	0.01128	0.00765	0.00902	0.00734	0.01031	0.00697	0.00578	0.01564	0.19521	0.17350	0.07922	0.07001	0.05694	0.00606	0.00431	0.00120	0.00331	0.00509	0.00407	0.32711
10	0.01127	0.01119	0.09235	0.06747	0.33890	0.03259	0.06295	0.05752	0.07773	0.07494	0.03629	0.05533	0.05020	0.00550	0.00467	0.00143	0.00510	0.00500	0.00305	0.00652
11	0.01160	0.11790	0.25085	0.02303	0.05478	0.18188	0.02589	0.04443	0.07938	0.02489	0.04635	0.01265	0.03796	0.01651	0.01572	0.00147	0.04212	0.00396	0.00265	0.00599
12	0.01117	0.00800	0.00958	0.00693	0.01087	0.00614	0.00558	0.01314	0.00998	0.14489	0.00965	0.01038	0.00744	0.00372	0.00355	0.00079	0.00344	0.00299	0.00316	0.72859
13	0.00784	0.00511	0.00656	0.00597	0.00734	0.00472	0.00455	0.03076	0.01293	0.08646	0.67787	0.03220	0.08221	0.00897	0.00526	0.00143	0.00237	0.00785	0.00499	0.00464
14	0.00628	0.00441	0.00557	0.00578	0.00656	0.00406	0.00406	0.00757	0.01036	0.03277	0.32155	0.34105	0.13241	0.08774	0.00712	0.00187	0.00259	0.00992	0.00440	0.00393
15	0.01723	0.01269	0.01360	0.01043	0.01405	0.01405	0.00861	0.79738	0.02131	0.02856	0.01088	0.01088	0.00771	0.00544	0.00453	0.00136	0.00499	0.00408	0.00453	0.00771
16	0.00894	0.00757	0.00917	0.03034	0.03660	0.00615	0.00572	0.02519	0.02373	0.01448	0.01178	0.12853	0.03276	0.00527	0.00387	0.00093	0.00340	0.00448	0.00298	0.63812
17	0.01182	0.01176	0.04457	0.05432	0.54630	0.07198	0.01232	0.09451	0.03231	0.01608	0.05301	0.01232	0.00917	0.00460	0.00451	0.00135	0.00540	0.00419	0.00268	0.00682
18	0.01723	0.01269	0.01360	0.01043	0.01405	0.01405	0.00861	0.79738	0.02131	0.02856	0.01088	0.01088	0.00771	0.00544	0.00453	0.00136	0.00499	0.00408	0.00453	0.00771
19	0.44661	0.00948	0.01183	0.08449	0.29993	0.01056	0.00905	0.01326	0.00873	0.01713	0.00724	0.00928	0.00587	0.00436	0.00415	0.00142	0.04517	0.00323	0.00249	0.00574
20	0.03373	0.00706	0.00886	0.06062	0.06114	0.00744	0.00638	0.07508	0.06779	0.18384	0.01396	0.02658	0.01057	0.00693	0.04471	0.00160	0.04163	0.00442	0.33195	0.00571
21	0.00580	0.00457	0.00523	0.00515	0.00641	0.00400	0.00383	0.00734	0.01126	0.01465	0.36024	0.08536	0.44858	0.01072	0.00538	0.00150	0.00225	0.00919	0.00453	0.00400
22	0.00658	0.00442	0.00507	0.00507	0.00511	0.00446	0.00290	0.00667	0.00663	0.00888	0.01417	0.02903	0.01620	0.79840	0.06505	0.00454	0.00480	0.00650	0.00273	0.00281
23	0.00988	0.22583	0.59908	0.01181	0.01775	0.01238	0.03624	0.01416	0.00951	0.01344	0.00771	0.00907	0.00579	0.00419	0.00399	0.00132	0.00627	0.00318	0.00193	0.00646
24	0.04934	0.00965	0.01617	0.30243	0.43411	0.01033	0.04561	0.01350	0.00991	0.05331	0.00875	0.01159	0.00687	0.00428	0.00447	0.00142	0.00555	0.00404	0.00236	0.00632
25	0.01271	0.06714	0.07184	0.13966	0.26479	0.02398	0.02082	0.25104	0.03912	0.02863	0.00935	0.01104	0.00719	0.00475	0.00469	0.00138	0.02818	0.00393	0.00297	0.00679
26	0.00732	0.00535	0.00697	0.00726	0.00793	0.00569	0.00525	0.00945	0.08820	0.05191	0.04188	0.57392	0.02452	0.01321	0.04670	0.00206	0.08365	0.01032	0.00403	0.00438
27	0.00592	0.00452	0.00510	0.00525	0.00646	0.00392	0.00382	0.00713	0.01034	0.03316	0.14516	0.23324	0.49653	0.01168	0.00544	0.00159	0.00239	0.01005	0.00435	0.00395
28	0.00916	0.01838	0.54198	0.01145	0.01651	0.04919	0.04509	0.01366	0.04318	0.02637	0.06643	0.06816	0.05924	0.00582	0.00458	0.00146	0.00579	0.00483	0.00262	0.00610
29	0.04592	0.01420	0.15003	0.01307	0.05903	0.11029	0.16400	0.13043	0.12501	0.10475	0.01102	0.01181	0.00806	0.00490	0.00481	0.00143	0.02713	0.00420	0.00326	0.00664
30	0.00648	0.00483	0.00718	0.00718	0.00796	0.00561	0.00554	0.00803	0.00725	0.01044	0.01223	0.01831	0.01155	0.06886	0.78822	0.00716	0.01180	0.00493	0.00244	0.00399
31	0.00578	0.00456	0.00521	0.00514	0.00641	0.00399	0.00382	0.00730	0.01120	0.01453	0.34493	0.09241	0.45704	0.01079	0.00538	0.00151	0.00226	0.00925	0.00451	0.00399
32	0.01432	0.05499	0.06148	0.05168	0.14099	0.12019	0.06996	0.15810	0.07266	0.16426	0.01166	0.03980	0.00888	0.00518	0.00448	0.00137	0.00543	0.00435	0.00349	0.00671
33	0.01120	0.03530	0.21005	0.01182	0.01585	0.01086	0.15999	0.07982	0.28721	0.05293	0.01437	0.01548	0.03822	0.00551	0.00470	0.00149	0.00525	0.02984	0.00345	0.00667

[dist]
# distance from previous block
# <min> <max>
0	1

[block]
# block no. 1 follows, 57 sequences, length 23
# corresponding to MSA columns:
# 56-78
name=unknown_B
#
# <colnr> <probs for GDERKNQSTAVLIFYWHMCP>
#	G	D	E	R	K	N	Q	S	T	A	V	L	I	F	Y	W	H	M	C	P
0	0.01377	0.01436	0.03582	0.01126	0.03695	0.28935	0.00883	0.14326	0.13598	0.03619	0.00992	0.01126	0.00795	0.00759	0.06088	0.00184	0.16189	0.00387	0.00306	0.00598
1	0.65468	0.00965	0.00846	0.00820	0.06302	0.05915	0.00611	0.01402	0.00850	0.06655	0.00720	0.00831	0.00558	0.00448	0.00372	0.00140	0.04576	0.00279	0.00286	0.01956
2	0.01079	0.01007	0.01403	0.03338	0.40587	0.04494	0.02026	0.03080	0.22808	0.01600	0.06818	0.04357	0.04273	0.00566	0.00465	0.00143	0.00461	0.00510	0.00326	0.00660
3	0.01211	0.84348	0.02374	0.00775	0.01163	0.01793	0.00775	0.01357	0.00921	0.01066	0.00630	0.00727	0.00582	0.00388	0.00291	0.00097	0.00485	0.00242	0.00194	0.00582
4	0.00940	0.00805	0.00940	0.00671	0.01074	0.00604	0.00537	0.01141	0.00940	0.01477	0.00805	0.00940	0.00671	0.00336	0.00336	0.00067	0.00336	0.00268	0.00268	0.86845
5	0.00558	0.00458	0.00492	0.00488	0.00627	0.00391	0.00364	0.00692	0.01079	0.01345	0.20380	0.06755	0.62578	0.01111	0.00537	0.00152	0.00227	0.00939	0.00437	0.00391
6	0.01491	0.01504	0.01207	0.01046	0.01320	0.32529	0.00814	0.21130	0.30671	0.01827	0.01217	0.01206	0.00924	0.00540	0.00439	0.00135	0.00570	0.00402	0.00371	0.00656
7	0.06060	0.22069	0.06114	0.04032	0.11601	0.37602	0.00953	0.04280	0.01133	0.01276	0.00722	0.00860	0.00602	0.00437	0.00382	0.00119	0.00648	0.00302	0.00229	0.00578
8	0.02725	0.16958	0.44284	0.02744	0.01751	0.01160	0.09942	0.01530	0.03912	0.09520	0.00924	0.01031	0.00672	0.00438	0.00418	0.00136	0.00599	0.00358	0.00245	0.00653
9	0.01162	0.03656	0.03994	0.00772	0.01167	0.00799	0.00650	0.12371	0.04392	0.08740	0.00969	0.01038	0.00748	0.00401	0.00370	0.00091	0.00381	0.00316	0.00323	0.57661
10	0.00563	0.00409	0.00534	0.00629	0.00673	0.00380	0.00435	0.00654	0.00895	0.01177	0.02690	0.70760	0.10393	0.01382	0.00578	0.00183	0.00270	0.06602	0.00420	0.00373
11	0.03132	0.08355	0.04317	0.01071	0.04287	0.03837	0.05326	0.22094	0.32203	0.08592	0.01350	0.01317	0.00996	0.00536	0.00441	0.00140	0.00464	0.00435	0.00401	0.00705
12	0.00757	0.00730	0.07694	0.00911	0.10001	0.00597	0.00667	0.02284	0.03593	0.03026	0.27763	0.11340	0.17812	0.01059	0.05964	0.00188	0.00385	0.02761	0.00394	0.02076
13	0.04228	0.22908	0.35028	0.01054	0.01541	0.03856	0.03540	0.06887	0.07224	0.02748	0.00873	0.00968	0.00668	0.00437	0.00390	0.00126	0.00556	0.00329	0.00248	0.06392
14	0.01079	0.23011	0.36861	0.01359	0.07088	0.01264	0.16321	0.03657	0.01015	0.03123	0.00818	0.00976	0.00625	0.00414	0.00417	0.00132	0.00621	0.00359	0.00217	0.00644
15	0.00594	0.06000	0.00640	0.00618	0.00685	0.00465	0.00434	0.00682	0.00893	0.01159	0.02646	0.67870	0.13031	0.01315	0.00554	0.00174	0.00273	0.01175	0.00406	0.00384
16	0.00575	0.00459	0.00515	0.00505	0.00637	0.00399	0.00377	0.00726	0.01121	0.01443	0.32974	0.06219	0.50301	0.01073	0.00536	0.00150	0.00225	0.00915	0.00450	0.00399
17	0.05384	0.01390	0.31342	0.00933	0.01371	0.02662	0.00986	0.05366	0.03203	0.10873	0.09733	0.01448	0.04737	0.00523	0.00424	0.00127	0.00470	0.00418	0.00319	0.18291
18	0.00563	0.00452	0.00502	0.00507	0.00633	0.00391	0.00374	0.00696	0.01071	0.01356	0.22428	0.14074	0.53103	0.01129	0.00541	0.00154	0.00230	0.00965	0.00439	0.00391
19	0.03257	0.05227	0.03144	0.06660	0.10641	0.17589	0.03576	0.17626	0.01346	0.16238	0.03984	0.01400	0.06229	0.00544	0.00443	0.00134	0.00536	0.00434	0.00354	0.00637
20	0.01128	0.01047	0.02585	0.03213	0.08977	0.05685	0.18938	0.10574	0.14152	0.04475	0.08221	0.06276	0.03757	0.00591	0.00500	0.00142	0.02235	0.00541	0.00346	0.06615
21	0.04050	0.08595	0.04486	0.01070	0.03721	0.09485	0.06356	0.11657	0.32538	0.02977	0.03891	0.03285	0.01117	0.00570	0.00487	0.00143	0.04102	0.00458	0.00363	0.00649
22	0.03964	0.02691	0.05602	0.00803	0.01167	0.04415	0.01740	0.06570	0.08796	0.09942	0.04522	0.02720	0.00976	0.00461	0.00390	0.00104	0.00397	0.00371	0.00335	0.44033

[dist]
# distance from previous block
# <min> <max>
2	42

[block]
# block no. 2 follows, 57 sequences, length 77
# corresponding to MSA columns:
# 121-197
name=unknown_C
#
# <colnr> <probs for GDERKNQSTAVLIFYWHMCP>
#	G	D	E	R	K	N	Q	S	T	A	V	L	I	F	Y	W	H	M	C	P
0	0.02841	0.00895	0.01033	0.00807	0.01128	0.00863	0.00651	0.28369	0.01438	0.17183	0.07359	0.07264	0.03440	0.00596	0.00436	0.00122	0.00384	0.00485	0.00420	0.24285
1	0.01177	0.00944	0.01234	0.14360	0.13145	0.01022	0.02210	0.06420	0.35334	0.09001	0.02369	0.01432	0.01066	0.00526	0.00449	0.00141	0.00438	0.00451	0.00374	0.07907
2	0.00944	0.00783	0.02643	0.00856	0.03398	0.03608	0.04217	0.08309	0.04223	0.06077	0.01836	0.33351	0.07000	0.00874	0.00509	0.00144	0.02233	0.00764	0.00372	0.17858
3	0.02223	0.01144	0.01142	0.01137	0.12990	0.20265	0.00769	0.05045	0.04159	0.12883	0.07555	0.05477	0.01161	0.00533	0.00425	0.00119	0.00483	0.00433	0.00337	0.21722
4	0.01583	0.01278	0.04992	0.02109	0.05139	0.11981	0.00868	0.33915	0.14589	0.15858	0.02308	0.01256	0.00939	0.00540	0.00449	0.00138	0.00506	0.00420	0.00418	0.00714
5	0.01390	0.02973	0.01094	0.00978	0.01171	0.48819	0.00728	0.04125	0.06505	0.04314	0.01075	0.06779	0.00995	0.11565	0.05362	0.00202	0.00690	0.00441	0.00286	0.00507
6	0.01054	0.00900	0.00949	0.00868	0.01047	0.10728	0.00678	0.07256	0.22373	0.05228	0.01329	0.01563	0.01097	0.01904	0.39047	0.00419	0.02219	0.00461	0.00330	0.00549
7	0.01685	0.01240	0.01330	0.01023	0.01373	0.01371	0.00841	0.76972	0.02079	0.02787	0.01100	0.01154	0.00801	0.03465	0.00518	0.00147	0.00497	0.00417	0.00447	0.00753
8	0.00540	0.00459	0.00465	0.00464	0.00615	0.00384	0.00348	0.00659	0.01043	0.01248	0.07721	0.04321	0.77919	0.01139	0.00536	0.00153	0.00229	0.00951	0.00424	0.00384
9	0.00940	0.00805	0.00940	0.00671	0.01074	0.00604	0.00537	0.01141	0.00940	0.01477	0.00805	0.00940	0.00671	0.00336	0.00336	0.00067	0.00336	0.00268	0.00268	0.86845
10	0.05684	0.01524	0.01225	0.01037	0.01327	0.33171	0.00815	0.28321	0.13906	0.06963	0.01076	0.01087	0.00802	0.00520	0.00429	0.00132	0.00588	0.00374	0.00366	0.00652
11	0.00587	0.00427	0.00560	0.00656	0.00701	0.00406	0.00461	0.00715	0.03058	0.01202	0.02542	0.69943	0.05640	0.01369	0.00579	0.00185	0.00282	0.09884	0.00421	0.00384
12	0.00552	0.00394	0.00526	0.00631	0.00657	0.00368	0.00421	0.00631	0.00868	0.01157	0.02498	0.83779	0.02997	0.01420	0.00578	0.00184	0.00263	0.01288	0.00421	0.00368
13	0.01590	0.01165	0.01259	0.01005	0.01326	0.02817	0.00824	0.55595	0.13235	0.08177	0.01287	0.01389	0.00962	0.00595	0.00492	0.00144	0.02851	0.04104	0.00449	0.00734
14	0.01386	0.00973	0.01076	0.00905	0.01192	0.01061	0.00725	0.23923	0.37877	0.14852	0.01792	0.03473	0.05299	0.00648	0.00469	0.00149	0.00395	0.02627	0.00471	0.00708
15	0.00587	0.00409	0.00515	0.00586	0.00604	0.00391	0.00373	0.00640	0.00799	0.01066	0.02148	0.57343	0.02556	0.28459	0.01144	0.00268	0.00321	0.01082	0.00373	0.00337
16	0.01067	0.01211	0.02627	0.03312	0.04648	0.01142	0.76024	0.01445	0.01066	0.01447	0.00913	0.01219	0.00687	0.00384	0.00531	0.00152	0.00755	0.00529	0.00229	0.00612
17	0.01571	0.12270	0.01477	0.02978	0.08002	0.54834	0.00912	0.10263	0.01303	0.01327	0.00749	0.00869	0.00615	0.00460	0.00403	0.00119	0.00713	0.00310	0.00251	0.00575
18	0.00973	0.02254	0.77105	0.01264	0.01915	0.01030	0.01616	0.01479	0.00976	0.06026	0.00869	0.00990	0.00605	0.00438	0.00432	0.00143	0.00653	0.00342	0.00213	0.00675
19	0.00760	0.00408	0.00596	0.00596	0.00605	0.00417	0.00401	0.00621	0.00612	0.00825	0.00894	0.01570	0.00905	0.09490	0.10635	0.69312	0.00488	0.00428	0.00209	0.00227
20	0.01276	0.73396	0.02229	0.00828	0.01195	0.12515	0.00789	0.01417	0.00969	0.01072	0.00639	0.00739	0.00582	0.00398	0.00306	0.00100	0.00529	0.00249	0.00199	0.00574
21	0.01956	0.00895	0.01128	0.00865	0.01219	0.00850	0.00715	0.21544	0.01505	0.61933	0.01613	0.01429	0.01034	0.00557	0.00455	0.00139	0.00414	0.00444	0.00534	0.00771
22	0.00598	0.00450	0.00557	0.00589	0.00681	0.00413	0.00432	0.00755	0.02184	0.01404	0.27364	0.31760	0.22773	0.01174	0.00556	0.00165	0.00253	0.07048	0.00445	0.00399
23	0.01096	0.00623	0.00822	0.00780	0.00965	0.00598	0.00653	0.06937	0.01231	0.21033	0.17909	0.03588	0.04540	0.00965	0.00551	0.00172	0.00370	0.36167	0.00471	0.00530
24	0.00637	0.00435	0.00567	0.00642	0.00694	0.00408	0.00439	0.02844	0.00931	0.04031	0.04180	0.74568	0.05220	0.01347	0.00568	0.00179	0.00272	0.01215	0.00428	0.00395
25	0.00909	0.02344	0.81727	0.01292	0.01961	0.01052	0.01674	0.01435	0.00957	0.01435	0.00813	0.00957	0.00574	0.00431	0.00431	0.00144	0.00670	0.00335	0.00191	0.00670
26	0.05306	0.01388	0.00973	0.00908	0.01097	0.42204	0.00681	0.02435	0.07160	0.01343	0.11467	0.11717	0.09086	0.00725	0.00458	0.00137	0.00552	0.01535	0.00332	0.00495
27	0.00695	0.00473	0.00548	0.00537	0.00558	0.00486	0.00325	0.03440	0.00717	0.00965	0.01394	0.02779	0.01565	0.72965	0.10359	0.00458	0.00520	0.00633	0.00278	0.00305
28	0.01100	0.01428	0.23036	0.03413	0.11484	0.01111	0.22462	0.06419	0.20033	0.03209	0.01128	0.01249	0.00839	0.00468	0.00471	0.00147	0.00588	0.00448	0.00293	0.00675
29	0.00554	0.00396	0.00527	0.00630	0.00658	0.00369	0.00421	0.00635	0.00875	0.01169	0.03904	0.82340	0.03020	0.01411	0.00578	0.00183	0.00262	0.01280	0.00422	0.00369
30	0.00872	0.00823	0.01384	0.77144	0.07062	0.01018	0.01259	0.01168	0.00908	0.01173	0.00803	0.01199	0.00610	0.00458	0.00475	0.00151	0.02373	0.00403	0.00202	0.00514
31	0.01165	0.01175	0.03563	0.02289	0.52398	0.04598	0.12668	0.06266	0.04634	0.01544	0.00901	0.01137	0.00732	0.00440	0.00509	0.00141	0.04488	0.00421	0.00248	0.00686
32	0.01159	0.01419	0.13003	0.01596	0.02032	0.08105	0.48545	0.04951	0.08401	0.03621	0.00995	0.01194	0.00741	0.00434	0.00510	0.00148	0.01774	0.00475	0.00264	0.00631
33	0.00556	0.00401	0.00528	0.00621	0.00657	0.00372	0.00418	0.00644	0.00896	0.01195	0.06835	0.76345	0.06090	0.01382	0.00574	0.00181	0.00259	0.01250	0.00425	0.00372
34	0.01183	0.36877	0.12055	0.01117	0.02817	0.14349	0.11318	0.01401	0.00986	0.01194	0.02526	0.00966	0.00701	0.01513	0.01440	0.00136	0.08298	0.00338	0.00214	0.00573
35	0.01249	0.06187	0.02872	0.04648	0.10942	0.03195	0.14058	0.15713	0.08584	0.11367	0.04860	0.05932	0.04332	0.02379	0.00511	0.00150	0.00498	0.01528	0.00360	0.00635
36	0.01103	0.00675	0.00787	0.00718	0.00897	0.00694	0.00547	0.09690	0.15840	0.15604	0.01891	0.20074	0.03955	0.07140	0.02348	0.00184	0.00355	0.02749	0.14198	0.00550
37	0.01061	0.00989	0.01573	0.27305	0.38559	0.01078	0.03959	0.04519	0.13496	0.01498	0.01005	0.01240	0.00788	0.00457	0.00455	0.00143	0.00537	0.00425	0.00263	0.00649
38	0.01096	0.03683	0.16979	0.02125	0.46065	0.01049	0.11251	0.01417	0.01044	0.05261	0.04966	0.01227	0.00883	0.00440	0.00456	0.00138	0.00566	0.00426	0.00248	0.00679
39	0.01009	0.05915	0.55877	0.01481	0.09993	0.02519	0.10955	0.04417	0.01027	0.01473	0.00829	0.00997	0.00610	0.00425	0.00439	0.00141	0.00655	0.00364	0.00210	0.00665
40	0.00555	0.00396	0.00525	0.00627	0.00653	0.00370	0.00416	0.00632	0.00861	0.01149	0.02466	0.81434	0.02958	0.03819	0.00629	0.00191	0.00268	0.01270	0.00416	0.00365
41	0.01703	0.01255	0.01346	0.01036	0.01393	0.01388	0.00854	0.78437	0.02110	0.02828	0.01111	0.02447	0.00807	0.00558	0.00455	0.00137	0.00495	0.00422	0.00453	0.00764
42	0.01100	0.05501	0.04432	0.00881	0.04133	0.02760	0.00695	0.08794	0.24021	0.10496	0.07820	0.10432	0.12923	0.00772	0.00481	0.00149	0.00376	0.03212	0.00422	0.00600
43	0.01865	0.00847	0.01078	0.00839	0.01174	0.00798	0.00688	0.14499	0.05911	0.60647	0.05525	0.01568	0.01234	0.00579	0.00459	0.00140	0.00394	0.00469	0.00535	0.00751
44	0.00580	0.00419	0.00555	0.00653	0.00691	0.00401	0.00449	0.00700	0.02997	0.01185	0.02446	0.75273	0.02890	0.01433	0.02396	0.00197	0.00295	0.05641	0.00418	0.00381
45	0.00648	0.00482	0.00709	0.00707	0.00785	0.00553	0.00543	0.00803	0.00750	0.01078	0.05001	0.01925	0.01311	0.07942	0.73792	0.00684	0.01122	0.00511	0.00257	0.00398
46	0.00974	0.01259	0.18104	0.26972	0.20500	0.02378	0.06924	0.01284	0.00928	0.01298	0.00799	0.01107	0.00636	0.00528	0.01854	0.00161	0.13096	0.00397	0.00207	0.00592
47	0.00930	0.00847	0.01298	0.21905	0.01705	0.04742	0.13911	0.02627	0.00922	0.02592	0.03169	0.01466	0.00933	0.05156	0.15699	0.00271	0.11799	0.00461	0.09077	0.00491
48	0.01202	0.81783	0.04856	0.00791	0.01188	0.01770	0.00803	0.01359	0.00922	0.01078	0.00636	0.00734	0.00581	0.00389	0.00295	0.00098	0.00490	0.00245	0.00194	0.00584
49	0.02010	0.00808	0.01074	0.00824	0.01175	0.00720	0.00680	0.07886	0.01358	0.75798	0.01736	0.01509	0.01096	0.00560	0.00456	0.00140	0.00394	0.00452	0.00553	0.00771
50	0.01906	0.00830	0.01073	0.00831	0.01168	0.00767	0.00683	0.14191	0.01418	0.64889	0.04578	0.03097	0.01217	0.00588	0.00461	0.00140	0.00395	0.00477	0.00539	0.00751
51	0.00835	0.00625	0.00898	0.01096	0.18620	0.00590	0.00683	0.01033	0.01132	0.07173	0.29800	0.06959	0.16695	0.00891	0.00524	0.00153	0.00330	0.11045	0.00414	0.00504
52	0.01102	0.01119	0.01254	0.30587	0.09400	0.20213	0.03307	0.05099	0.03364	0.02829	0.01243	0.13174	0.04152	0.00628	0.00466	0.00145	0.00573	0.00534	0.00279	0.00532
53	0.00699	0.00484	0.00627	0.00583	0.00702	0.00449	0.00440	0.00929	0.02792	0.04696	0.74923	0.03307	0.05815	0.00912	0.00530	0.00143	0.00223	0.00803	0.00499	0.00445
54	0.01864	0.00736	0.00986	0.00768	0.01096	0.00634	0.00631	0.02034	0.01271	0.72411	0.03310	0.01848	0.09028	0.00624	0.00465	0.00142	0.00368	0.00511	0.00546	0.00728
55	0.01722	0.00830	0.01039	0.00833	0.01145	0.00802	0.00675	0.10047	0.15433	0.52680	0.06284	0.03789	0.01362	0.00612	0.00464	0.00143	0.00379	0.00504	0.00525	0.00731
56	0.03505	0.01192	0.04009	0.23992	0.39374	0.11968	0.05054	0.03054	0.01048	0.01385	0.00820	0.01093	0.00658	0.00429	0.00444	0.00138	0.00602	0.00388	0.00225	0.00622
57	0.01606	0.00673	0.00903	0.00752	0.01013	0.00596	0.00595	0.01784	0.02947	0.57259	0.04049	0.19844	0.01636	0.02032	0.00511	0.00154	0.00351	0.00654	0.01983	0.00658
58	0.00743	0.00576	0.00693	0.00763	0.05608	0.00569	0.00533	0.02069	0.12392	0.02297	0.04135	0.20178	0.26150	0.05635	0.00624	0.00178	0.00313	0.10739	0.05347	0.00459
59	0.01234	0.01145	0.04678	0.16251	0.26215	0.05201	0.05451	0.09657	0.01252	0.02973	0.05829	0.05254	0.05263	0.00713	0.00568	0.00179	0.01984	0.05119	0.00353	0.00684
60	0.00944	0.04313	0.73819	0.01307	0.01952	0.01070	0.06185	0.01446	0.00968	0.02718	0.00830	0.00976	0.00590	0.00429	0.00433	0.00143	0.00666	0.00346	0.00200	0.00666
61	0.01039	0.00910	0.01384	0.55465	0.15340	0.04469	0.01181	0.02355	0.03652	0.07017	0.00929	0.01224	0.00696	0.00461	0.00449	0.00145	0.00571	0.00406	0.01741	0.00567
62	0.01182	0.64435	0.13221	0.03080	0.03477	0.05746	0.00934	0.01386	0.00947	0.01133	0.00669	0.00786	0.00585	0.00400	0.00325	0.00107	0.00532	0.00266	0.00197	0.00592
63	0.02382	0.09340	0.41988	0.03295	0.08604	0.02183	0.12669	0.02759	0.03122	0.01439	0.03214	0.03462	0.00805	0.00476	0.00463	0.00142	0.02385	0.00410	0.00229	0.00632
64	0.01269	0.02454	0.00851	0.00734	0.00935	0.00606	0.00566	0.05118	0.03245	0.35214	0.04206	0.32727	0.04028	0.01050	0.04595	0.00186	0.00379	0.00790	0.00471	0.00575
65	0.01046	0.00917	0.01527	0.34643	0.30919	0.00992	0.05643	0.05091	0.01047	0.05588	0.02840	0.05844	0.00903	0.00506	0.00465	0.00146	0.00545	0.00473	0.00261	0.00605
66	0.01144	0.05032	0.11775	0.09586	0.15931	0.07535	0.20194	0.07412	0.03446	0.03253	0.01721	0.01150	0.00738	0.00552	0.02962	0.00161	0.06112	0.00422	0.00252	0.00622
67	0.05687	0.07824	0.28623	0.00973	0.01423	0.00955	0.01017	0.02802	0.08571	0.35658	0.01306	0.01248	0.00882	0.00501	0.00426	0.00139	0.00487	0.00392	0.00382	0.00703
68	0.00553	0.00404	0.00520	0.00609	0.00653	0.00371	0.00412	0.00639	0.00898	0.01182	0.04803	0.72459	0.12082	0.01375	0.00572	0.00179	0.00258	0.01237	0.00423	0.00371
69	0.01281	0.03507	0.14832	0.01273	0.05607	0.06603	0.17173	0.13286	0.10315	0.11633	0.03245	0.01283	0.00922	0.00626	0.04330	0.00168	0.00598	0.00439	0.00332	0.02546
70	0.01002	0.07472	0.21635	0.08822	0.17940	0.03235	0.12714	0.01368	0.04431	0.02920	0.04291	0.02516	0.05568	0.00533	0.00462	0.00143	0.00565	0.03510	0.00261	0.00610
71	0.00619	0.00451	0.00573	0.00644	0.00704	0.00429	0.00451	0.04495	0.00965	0.01275	0.04893	0.66210	0.09995	0.01330	0.00570	0.00179	0.00278	0.05123	0.00424	0.00393
72	0.05401	0.00885	0.00992	0.00833	0.01107	0.00938	0.00663	0.15475	0.30708	0.18529	0.13311	0.01812	0.03781	0.00635	0.00460	0.00143	0.00363	0.00521	0.00471	0.02973
73	0.07211	0.03370	0.08964	0.01196	0.09668	0.01004	0.11328	0.15934	0.11582	0.04906	0.07346	0.08007	0.06248	0.00628	0.00467	0.00146	0.00465	0.00551	0.00359	0.00621
74	0.08260	0.03845	0.04736	0.01079	0.03066	0.19752	0.05559	0.26067	0.03843	0.09553	0.01016	0.02883	0.00778	0.00515	0.00457	0.00133	0.02999	0.00388	0.00346	0.04725
75	0.03250	0.00490	0.00580	0.00594	0.00709	0.00455	0.00433	0.00839	0.03252	0.05253	0.09721	0.31911	0.26115	0.05759	0.03005	0.00194	0.00305	0.04002	0.00414	0.02716
76	0.26222	0.03321	0.04699	0.00929	0.06108	0.03179	0.00732	0.16754	0.07139	0.14429	0.07257	0.01252	0.01035	0.00516	0.00398	0.00135	0.00416	0.00390	0.00376	0.04711

[dist]
# distance from previous block
# <min> <max>
5	41

[block]
# block no. 3 follows, 57 sequences, length 25
# corresponding to MSA columns:
# 242-266
name=unknown_D
#
# <colnr> <probs for GDERKNQSTAVLIFYWHMCP>
#	G	D	E	R	K	N	Q	S	T	A	V	L	I	F	Y	W	H	M	C	P
0	0.04428	0.21382	0.24180	0.01010	0.02991	0.09842	0.02189	0.04823	0.03967	0.02816	0.03542	0.05780	0.05435	0.00606	0.01829	0.00143	0.02845	0.00427	0.00266	0.01501
1	0.00862	0.03021	0.02000	0.00685	0.01814	0.02838	0.02071	0.02710	0.02245	0.08383	0.06180	0.15305	0.13763	0.21520	0.06466	0.00255	0.00427	0.00708	0.01830	0.06919
2	0.01017	0.00747	0.02413	0.00782	0.02895	0.04277	0.00593	0.13456	0.02442	0.11259	0.14491	0.22597	0.14266	0.02613	0.00552	0.00161	0.00353	0.04133	0.00435	0.00519
3	0.01263	0.11449	0.20572	0.04593	0.05378	0.06599	0.18916	0.11329	0.04665	0.09441	0.00984	0.01104	0.00723	0.00452	0.00444	0.00137	0.00607	0.00401	0.00286	0.00656
4	0.03977	0.03549	0.18729	0.07374	0.14019	0.04608	0.06485	0.05186	0.04043	0.05544	0.02629	0.14086	0.02486	0.00645	0.00499	0.00150	0.03085	0.02017	0.00296	0.00592
5	0.00581	0.00451	0.00551	0.02313	0.00728	0.00419	0.00449	0.00697	0.00942	0.01194	0.03191	0.33922	0.34139	0.03636	0.05143	0.00211	0.00333	0.10315	0.00402	0.00382
6	0.04763	0.00912	0.03601	0.04137	0.05569	0.09177	0.05015	0.05422	0.05074	0.10373	0.10572	0.15458	0.12559	0.00802	0.00518	0.00151	0.02725	0.02258	0.00380	0.00534
7	0.07621	0.03106	0.17343	0.03847	0.03280	0.05095	0.18089	0.13638	0.08298	0.10560	0.01051	0.01149	0.00762	0.00475	0.00469	0.00142	0.02350	0.00412	0.00316	0.01999
8	0.01414	0.03496	0.17112	0.06143	0.09339	0.07229	0.05339	0.06184	0.04428	0.28112	0.01284	0.05812	0.00958	0.00541	0.00453	0.00141	0.00525	0.00455	0.00362	0.00672
9	0.03138	0.01122	0.01505	0.15794	0.03176	0.03402	0.13253	0.38358	0.03788	0.04193	0.01026	0.01183	0.00760	0.00660	0.05018	0.00175	0.02016	0.00429	0.00347	0.00658
10	0.06263	0.10805	0.11710	0.11171	0.17477	0.01128	0.20158	0.04242	0.02685	0.05494	0.02812	0.01199	0.01948	0.00447	0.00444	0.00139	0.00575	0.00422	0.00258	0.00624
11	0.01155	0.08762	0.30261	0.05471	0.07487	0.04221	0.09019	0.06416	0.02014	0.09986	0.02831	0.01228	0.03364	0.00501	0.00501	0.00142	0.05322	0.00408	0.00274	0.00639
12	0.00613	0.00445	0.00593	0.00638	0.00672	0.00461	0.00439	0.00697	0.00797	0.01089	0.04063	0.43165	0.02249	0.19928	0.19070	0.00360	0.03085	0.00932	0.00344	0.00361
13	0.00875	0.00515	0.00652	0.00620	0.00728	0.00490	0.00446	0.01027	0.03257	0.14226	0.23220	0.13320	0.04645	0.25903	0.03553	0.00258	0.00362	0.05050	0.00416	0.00435
14	0.02798	0.02491	0.05232	0.01684	0.27912	0.04530	0.15226	0.03765	0.04476	0.12515	0.02622	0.05779	0.02414	0.00544	0.00471	0.00143	0.00527	0.03459	0.00315	0.03097
15	0.01047	0.02464	0.13715	0.11642	0.10920	0.04972	0.06090	0.07353	0.03343	0.07886	0.02712	0.13982	0.06768	0.04403	0.00559	0.00161	0.00502	0.00591	0.00318	0.00572
16	0.04100	0.01032	0.01268	0.05809	0.05750	0.02643	0.00901	0.15459	0.20270	0.01652	0.01037	0.01239	0.00849	0.02923	0.00901	0.00173	0.32647	0.00428	0.00314	0.00605
17	0.05837	0.01010	0.01702	0.21063	0.55233	0.01060	0.04872	0.01337	0.00990	0.01436	0.00832	0.01125	0.00678	0.00415	0.00444	0.00140	0.00553	0.00401	0.00222	0.00651
18	0.01255	0.01131	0.05295	0.01810	0.38568	0.04402	0.01088	0.17035	0.04803	0.06550	0.03368	0.05994	0.00999	0.00539	0.00488	0.00139	0.03066	0.00464	0.00319	0.02687
19	0.05841	0.02691	0.07713	0.08250	0.09777	0.12501	0.16539	0.04667	0.04819	0.01456	0.05466	0.08229	0.07047	0.00606	0.00492	0.00146	0.02372	0.00537	0.00290	0.00561
20	0.03087	0.01156	0.01611	0.05820	0.52957	0.10805	0.02419	0.02935	0.04742	0.06684	0.00977	0.03055	0.00802	0.00460	0.00446	0.00136	0.00549	0.00418	0.00267	0.00675
21	0.00908	0.04569	0.01076	0.03386	0.19260	0.01940	0.00718	0.05650	0.03299	0.01450	0.12873	0.05555	0.08411	0.12481	0.03788	0.00194	0.00431	0.00563	0.00322	0.13127
22	0.02890	0.04171	0.01459	0.08019	0.25371	0.00991	0.08015	0.11169	0.05647	0.06096	0.03772	0.05446	0.01102	0.00714	0.05000	0.00174	0.00532	0.04260	0.00315	0.04856
23	0.01034	0.02857	0.02766	0.06273	0.08824	0.02735	0.00697	0.13579	0.02572	0.07095	0.03484	0.18930	0.01479	0.13821	0.03176	0.03163	0.00450	0.00632	0.00345	0.06087
24	0.04572	0.03909	0.05706	0.01144	0.11232	0.11071	0.06303	0.05327	0.03508	0.05418	0.03778	0.10684	0.01091	0.00550	0.00425	0.00122	0.00475	0.00469	0.00304	0.23912

[dist]
# distance from previous block
# <min> <max>
85	129

[block]
# block no. 4 follows, 57 sequences, length 18
# corresponding to MSA columns:
# 444-461
name=unknown_E
#
# <colnr> <probs for GDERKNQSTAVLIFYWHMCP>
#	G	D	E	R	K	N	Q	S	T	A	V	L	I	F	Y	W	H	M	C	P
0	0.09301	0.05492	0.12051	0.04378	0.03478	0.03481	0.02152	0.12302	0.03442	0.02882	0.04135	0.11643	0.03684	0.05308	0.00648	0.00164	0.08683	0.01585	0.01792	0.03399
1	0.06921	0.11541	0.11615	0.04417	0.08965	0.04515	0.04100	0.06961	0.02944	0.06267	0.01056	0.06965	0.00911	0.00626	0.03027	0.00150	0.03555	0.01725	0.03398	0.10342
2	0.14202	0.06943	0.05801	0.02835	0.04854	0.03337	0.00632	0.04469	0.02369	0.04241	0.17295	0.07064	0.21444	0.00768	0.00453	0.00142	0.00356	0.00630	0.00367	0.01798
3	0.00929	0.04916	0.07992	0.03518	0.07824	0.04722	0.02315	0.06326	0.02632	0.04622	0.15351	0.04586	0.20289	0.00873	0.04788	0.00168	0.00441	0.00611	0.00355	0.06742
4	0.00773	0.02443	0.00778	0.00726	0.03435	0.02188	0.03304	0.03603	0.00999	0.04126	0.10747	0.11159	0.23455	0.14744	0.08979	0.00255	0.00437	0.03971	0.00366	0.03514
5	0.00969	0.02255	0.00937	0.02232	0.07112	0.00677	0.03750	0.06550	0.05461	0.11564	0.15613	0.10384	0.14486	0.05451	0.02976	0.00186	0.00389	0.08073	0.00412	0.00521
6	0.07188	0.07663	0.02907	0.03319	0.03063	0.10237	0.14942	0.13334	0.05838	0.08941	0.01204	0.04516	0.03432	0.00819	0.07599	0.03032	0.00600	0.00460	0.00321	0.00588
7	0.06914	0.00648	0.02232	0.00657	0.00815	0.02784	0.00515	0.05511	0.01022	0.08234	0.11239	0.07256	0.21794	0.03630	0.13798	0.06985	0.02084	0.00653	0.02779	0.00449
8	0.00855	0.00802	0.02264	0.03846	0.02893	0.05754	0.04588	0.04296	0.01000	0.01350	0.11384	0.18949	0.12121	0.03842	0.00756	0.00167	0.16397	0.00708	0.02261	0.05764
9	0.04211	0.01133	0.13295	0.01012	0.06952	0.04979	0.02559	0.07671	0.05119	0.09434	0.05831	0.01357	0.02211	0.03507	0.00511	0.00132	0.02913	0.00403	0.03635	0.23137
10	0.02901	0.02540	0.11387	0.03443	0.01361	0.06307	0.04432	0.02735	0.00845	0.02823	0.02482	0.01119	0.00730	0.02613	0.04009	0.00201	0.48918	0.00402	0.00225	0.00527
11	0.00790	0.00646	0.00757	0.00614	0.00877	0.00526	0.00476	0.02833	0.01067	0.01532	0.21636	0.06697	0.16166	0.00694	0.00437	0.00109	0.00286	0.00589	0.00366	0.42901
12	0.04358	0.01003	0.02559	0.01035	0.07446	0.05265	0.00767	0.26979	0.12228	0.08615	0.03950	0.11295	0.01358	0.03532	0.03732	0.00180	0.00473	0.04191	0.00405	0.00629
13	0.11549	0.04336	0.11275	0.02680	0.05761	0.04339	0.00751	0.06197	0.03479	0.06343	0.01694	0.26423	0.07645	0.00801	0.00460	0.00149	0.00409	0.00676	0.00345	0.04690
14	0.03108	0.23726	0.08028	0.03131	0.03665	0.13050	0.02170	0.07831	0.03690	0.03775	0.00858	0.01053	0.00721	0.04131	0.03479	0.00154	0.05703	0.00339	0.00259	0.11127
15	0.01007	0.00817	0.02572	0.03537	0.02619	0.09496	0.01967	0.04201	0.00996	0.11688	0.03408	0.13919	0.08996	0.05976	0.21833	0.00317	0.05201	0.00626	0.00336	0.00489
16	0.00636	0.00458	0.00579	0.00597	0.00638	0.00472	0.00406	0.00716	0.00799	0.01093	0.06595	0.23833	0.07661	0.31858	0.15934	0.00369	0.03450	0.00806	0.02748	0.00351
17	0.03773	0.00488	0.00573	0.00568	0.00682	0.00463	0.00415	0.00842	0.03529	0.03209	0.26769	0.16530	0.25175	0.07306	0.05984	0.00212	0.00321	0.00857	0.01893	0.00411

[dist]
# distance from previous block
# <min> <max>
4	21

[block]
# block no. 5 follows, 57 sequences, length 10
# corresponding to MSA columns:
# 483-492
name=unknown_F
#
# <colnr> <probs for GDERKNQSTAVLIFYWHMCP>
#	G	D	E	R	K	N	Q	S	T	A	V	L	I	F	Y	W	H	M	C	P
0	0.01162	0.01271	0.13399	0.08283	0.14562	0.10536	0.02848	0.10616	0.13076	0.04358	0.04640	0.05880	0.01135	0.00578	0.00457	0.00143	0.00522	0.02651	0.03259	0.00625
1	0.00684	0.00449	0.00560	0.00564	0.00649	0.00418	0.00400	0.00733	0.00890	0.04578	0.09843	0.16336	0.27588	0.08829	0.07268	0.18330	0.00369	0.00797	0.00360	0.00354
2	0.11436	0.00805	0.04686	0.03273	0.01048	0.00795	0.00657	0.14263	0.02477	0.10396	0.09777	0.10331	0.07276	0.04117	0.11551	0.00239	0.03614	0.02346	0.00378	0.00533
3	0.06518	0.00505	0.00659	0.00648	0.00749	0.00499	0.03028	0.00829	0.00928	0.03780	0.16759	0.27727	0.10176	0.10846	0.13985	0.00285	0.00451	0.00846	0.00378	0.00405
4	0.03306	0.00792	0.00923	0.02496	0.04435	0.06340	0.02956	0.05527	0.10537	0.06854	0.08857	0.05941	0.10406	0.07078	0.13940	0.00262	0.04174	0.00586	0.04079	0.00512
5	0.03619	0.33674	0.04447	0.00974	0.04857	0.14877	0.00817	0.12962	0.03554	0.03146	0.04008	0.01040	0.00829	0.00625	0.04947	0.00149	0.00565	0.00336	0.00276	0.04298
6	0.06694	0.06087	0.02908	0.03696	0.06595	0.04741	0.03369	0.06131	0.17342	0.01558	0.07642	0.12572	0.06005	0.00954	0.07601	0.00197	0.00482	0.02242	0.00353	0.02831
7	0.01175	0.20078	0.12656	0.01140	0.08638	0.12590	0.02948	0.09389	0.08264	0.01470	0.05117	0.03203	0.03087	0.00586	0.00496	0.03057	0.02851	0.02374	0.00286	0.00593
8	0.15555	0.10252	0.13977	0.04870	0.12447	0.05602	0.10350	0.04948	0.07421	0.01560	0.00947	0.02868	0.00775	0.03035	0.00465	0.00146	0.00530	0.00395	0.03261	0.00596
9	0.07954	0.06643	0.08252	0.03353	0.12926	0.07628	0.03277	0.14517	0.04896	0.04535	0.04598	0.05828	0.09026	0.00625	0.00469	0.00142	0.02260	0.02143	0.00330	0.00599

[dist]
# distance from previous block
# <min> <max>
5	16

[block]
# block no. 6 follows, 57 sequences, length 18
# corresponding to MSA columns:
# 514-531
name=unknown_G
#
# <colnr> <probs for GDERKNQSTAVLIFYWHMCP>
#	G	D	E	R	K	N	Q	S	T	A	V	L	I	F	Y	W	H	M	C	P
0	0.09062	0.08194	0.06202	0.00839	0.03630	0.03873	0.00677	0.13227	0.04086	0.01582	0.10381	0.05128	0.06170	0.14752	0.03935	0.00216	0.03237	0.03961	0.00336	0.00510
1	0.03152	0.05277	0.13113	0.03455	0.10281	0.11706	0.03176	0.10858	0.08819	0.05343	0.03418	0.02987	0.00909	0.00562	0.02066	0.00142	0.03234	0.00402	0.00303	0.10795
2	0.00808	0.00657	0.02634	0.00719	0.02641	0.01860	0.00544	0.03678	0.11725	0.03470	0.11788	0.11260	0.18171	0.06419	0.10174	0.00235	0.00427	0.03875	0.05129	0.03786
3	0.01228	0.05218	0.04285	0.03822	0.06717	0.07645	0.03007	0.19653	0.12098	0.07113	0.03854	0.04016	0.09976	0.04031	0.01589	0.00161	0.02606	0.00517	0.01853	0.00611
4	0.10254	0.03185	0.04530	0.02142	0.06092	0.06236	0.04593	0.19053	0.06618	0.05055	0.01172	0.06353	0.01030	0.11341	0.04245	0.00206	0.03818	0.00479	0.03026	0.00573
5	0.17024	0.00689	0.00791	0.00681	0.00914	0.00672	0.00539	0.05624	0.01113	0.31330	0.06627	0.08759	0.08133	0.06475	0.00573	0.00166	0.00347	0.03829	0.05148	0.00565
6	0.01432	0.27637	0.06463	0.02866	0.03427	0.04342	0.04479	0.13804	0.04103	0.18913	0.01031	0.01078	0.00767	0.00498	0.00487	0.00131	0.07193	0.00365	0.00328	0.00656
7	0.00576	0.00433	0.00527	0.00576	0.00648	0.00402	0.00404	0.00675	0.00914	0.01182	0.06837	0.38697	0.26396	0.10270	0.05991	0.00236	0.00336	0.04133	0.00397	0.00370
8	0.00994	0.01000	0.01437	0.01217	0.01234	0.01379	0.03970	0.01104	0.00708	0.01104	0.00607	0.01000	0.00598	0.00778	0.01451	0.00197	0.80120	0.00402	0.00199	0.00500
9	0.07577	0.00855	0.01329	0.01653	0.35944	0.00838	0.06253	0.01210	0.02339	0.01569	0.17941	0.03179	0.03082	0.00675	0.03422	0.00157	0.00460	0.02701	0.00308	0.08510
10	0.01211	0.84348	0.02374	0.00775	0.01163	0.01793	0.00775	0.01357	0.00921	0.01066	0.00630	0.00727	0.00582	0.00388	0.00291	0.00097	0.00485	0.00242	0.00194	0.00582
11	0.83452	0.00894	0.00697	0.00616	0.00900	0.01034	0.00507	0.04837	0.00832	0.02070	0.00651	0.00752	0.00503	0.00426	0.00288	0.00140	0.00357	0.00253	0.00288	0.00503
12	0.02579	0.06890	0.08333	0.02033	0.00987	0.02936	0.02087	0.01077	0.01002	0.12556	0.06895	0.36268	0.09772	0.00989	0.00508	0.00159	0.00365	0.03683	0.00392	0.00489
13	0.00554	0.00406	0.00515	0.00600	0.00644	0.00373	0.00403	0.00635	0.00883	0.01155	0.02760	0.68702	0.14420	0.04856	0.00645	0.00190	0.00265	0.01213	0.00415	0.00366
14	0.00607	0.00431	0.00538	0.00588	0.00655	0.00395	0.00407	0.00709	0.00948	0.02996	0.12979	0.47467	0.17665	0.08597	0.00716	0.00195	0.00272	0.03034	0.00421	0.00380
15	0.16205	0.00761	0.00926	0.00752	0.01045	0.00720	0.00605	0.05361	0.01178	0.53438	0.01615	0.09455	0.01203	0.04034	0.00514	0.00157	0.00375	0.00507	0.00483	0.00664
16	0.03589	0.00547	0.00753	0.00733	0.02291	0.00521	0.05415	0.00963	0.03472	0.07954	0.13602	0.34859	0.12194	0.03771	0.03514	0.00190	0.00342	0.00906	0.03936	0.00449
17	0.34105	0.02369	0.01017	0.00899	0.05924	0.00893	0.06472	0.05230	0.03588	0.16251	0.03191	0.02835	0.02041	0.02715	0.06861	0.00193	0.00466	0.00411	0.03974	0.00567

[dist]
# distance from previous block
# <min> <max>
3	5

[block]
# block no. 7 follows, 57 sequences, length 13
# corresponding to MSA columns:
# 537-547,549,550
name=unknown_H
#
# <colnr> <probs for GDERKNQSTAVLIFYWHMCP>
#	G	D	E	R	K	N	Q	S	T	A	V	L	I	F	Y	W	H	M	C	P
0	0.12400	0.04481	0.16174	0.05043	0.08210	0.05851	0.06291	0.10660	0.12998	0.03468	0.04054	0.01334	0.04137	0.00518	0.00427	0.00140	0.00505	0.00422	0.02265	0.00622
1	0.00579	0.00444	0.00530	0.00543	0.00647	0.00396	0.00394	0.00722	0.01084	0.01428	0.32447	0.23823	0.33060	0.01133	0.00546	0.00157	0.00232	0.00988	0.00450	0.00396
2	0.00951	0.07165	0.12612	0.02588	0.09988	0.00883	0.08438	0.05595	0.02122	0.05797	0.04702	0.08444	0.17746	0.02686	0.04189	0.00180	0.04435	0.00608	0.00319	0.00551
3	0.00577	0.00448	0.00519	0.00526	0.00637	0.00397	0.00382	0.00713	0.01071	0.01391	0.28697	0.17737	0.40020	0.04087	0.00606	0.00165	0.00238	0.00959	0.00441	0.00391
4	0.00747	0.00615	0.00899	0.08344	0.01091	0.00671	0.06172	0.03701	0.02355	0.01214	0.05742	0.08030	0.10311	0.15771	0.25790	0.00381	0.05351	0.02085	0.00301	0.00427
5	0.05470	0.29837	0.04871	0.00977	0.01314	0.26925	0.00848	0.19876	0.03257	0.01579	0.00796	0.00873	0.00642	0.00458	0.00375	0.00118	0.00591	0.00307	0.00278	0.00611
6	0.00604	0.00458	0.00553	0.00602	0.00677	0.00435	0.00418	0.00784	0.06611	0.01265	0.09813	0.49344	0.19082	0.06333	0.00663	0.00187	0.00269	0.01084	0.00422	0.00396
7	0.01248	0.00940	0.01084	0.02470	0.04845	0.02932	0.02639	0.24812	0.20954	0.08688	0.06201	0.10426	0.07404	0.00708	0.00477	0.00147	0.00405	0.00596	0.02384	0.00642
8	0.01367	0.15473	0.03669	0.03100	0.12269	0.07033	0.09486	0.21833	0.13534	0.06214	0.01073	0.01143	0.00814	0.00482	0.00431	0.00133	0.00532	0.00401	0.00333	0.00680
9	0.28842	0.00857	0.00827	0.04043	0.01038	0.06228	0.00567	0.04315	0.04018	0.05749	0.02751	0.12266	0.01096	0.04163	0.00464	0.00141	0.00383	0.00461	0.01739	0.20048
10	0.04666	0.17303	0.14910	0.01186	0.07137	0.08439	0.08548	0.13834	0.03067	0.04495	0.01044	0.04126	0.02259	0.02344	0.00497	0.00142	0.03101	0.01999	0.00286	0.00616
11	0.01040	0.09749	0.19164	0.03975	0.16033	0.05890	0.07594	0.07180	0.03470	0.01541	0.13144	0.03565	0.04596	0.00563	0.00454	0.00138	0.00523	0.00487	0.00293	0.00604
12	0.02418	0.06420	0.05622	0.00964	0.08103	0.04827	0.02430	0.01284	0.05071	0.10698	0.17396	0.12122	0.03750	0.00710	0.00486	0.00137	0.02410	0.02732	0.00368	0.12051

[dist]
# distance from previous block
# <min> <max>
5	32

[block]
# block no. 8 follows, 57 sequences, length 19
# corresponding to MSA columns:
# 586-604
name=unknown_I
#
# <colnr> <probs for GDERKNQSTAVLIFYWHMCP>
#	G	D	E	R	K	N	Q	S	T	A	V	L	I	F	Y	W	H	M	C	P
0	0.01234	0.06347	0.14353	0.01129	0.09597	0.07776	0.00930	0.09918	0.04762	0.11487	0.05847	0.02953	0.01044	0.00533	0.00477	0.00129	0.04436	0.01985	0.00325	0.14739
1	0.00737	0.00520	0.00625	0.00620	0.02936	0.00467	0.00451	0.00883	0.01088	0.08575	0.21613	0.08909	0.42067	0.02561	0.00580	0.00157	0.02052	0.02504	0.00435	0.02221
2	0.01078	0.03754	0.02684	0.02496	0.18047	0.05890	0.03789	0.08249	0.25171	0.01698	0.12604	0.06425	0.04865	0.00645	0.00471	0.00144	0.00434	0.00560	0.00372	0.00624
3	0.03572	0.07238	0.10785	0.06429	0.16930	0.10654	0.05742	0.15278	0.05828	0.05423	0.01014	0.01264	0.00815	0.04867	0.00534	0.00152	0.00563	0.01977	0.00296	0.00637
4	0.00743	0.00478	0.00596	0.00580	0.00696	0.00433	0.00423	0.00884	0.01078	0.09593	0.31282	0.20382	0.20216	0.07883	0.02492	0.00191	0.00286	0.00891	0.00448	0.00427
5	0.01111	0.02512	0.06780	0.11780	0.25238	0.02294	0.18953	0.08532	0.01101	0.04632	0.01023	0.03904	0.00866	0.04931	0.00595	0.00162	0.02430	0.02271	0.00267	0.00620
6	0.00663	0.00444	0.00507	0.00512	0.00518	0.00444	0.00298	0.00674	0.00679	0.00904	0.01479	0.03078	0.01698	0.79729	0.02218	0.00427	0.00438	0.04728	0.00282	0.00282
7	0.17214	0.00872	0.00981	0.00777	0.01092	0.00879	0.00638	0.20682	0.01353	0.36347	0.01341	0.01283	0.00912	0.00520	0.00404	0.00133	0.00385	0.00396	0.10259	0.03532
8	0.01251	0.03555	0.05489	0.03598	0.01255	0.03242	0.00759	0.23202	0.09155	0.09155	0.01296	0.09978	0.01109	0.00637	0.00490	0.02067	0.01936	0.03095	0.00374	0.18357
9	0.01693	0.02160	0.01284	0.01167	0.01401	0.82256	0.00876	0.01809	0.01284	0.01109	0.00700	0.00817	0.00584	0.00467	0.00409	0.00117	0.00817	0.00292	0.00233	0.00525
10	0.87276	0.00876	0.00666	0.00596	0.00876	0.01017	0.00491	0.01332	0.00771	0.02033	0.00631	0.00736	0.00491	0.00421	0.00280	0.00140	0.00351	0.00245	0.00280	0.00491
11	0.00648	0.00483	0.00714	0.00714	0.00790	0.00559	0.00549	0.00800	0.00724	0.01041	0.01227	0.01853	0.01164	0.08341	0.77380	0.00711	0.01166	0.00496	0.00245	0.00397
12	0.00922	0.00594	0.00744	0.00697	0.00760	0.03249	0.00500	0.09281	0.03927	0.01097	0.00906	0.01407	0.00849	0.03800	0.08209	0.59264	0.02822	0.00411	0.00242	0.00318
