[name]
unknown

[dist]
# distance from previous block
# <min> <max>
0	221

[block]
# block no. 0 follows, 57 sequences, length 11
# corresponding to MSA columns:
# 288-298
name=unknown_A
#
# <colnr> <probs for GDERKNQSTAVLIFYWHMCP>
#	G	D	E	R	K	N	Q	S	T	A	V	L	I	F	Y	W	H	M	C	P
0	0.01212	0.03731	0.05588	0.12747	0.08402	0.03331	0.10232	0.20183	0.01253	0.06796	0.03206	0.04917	0.00991	0.02605	0.00630	0.00158	0.09825	0.03268	0.00317	0.00610
1	0.00886	0.08737	0.15174	0.00949	0.01207	0.00844	0.13208	0.06489	0.00951	0.01289	0.03716	0.10440	0.01374	0.27346	0.01093	0.02417	0.00512	0.02611	0.00282	0.00476
2	0.00681	0.00561	0.00742	0.00803	0.07042	0.00582	0.00554	0.00877	0.04333	0.01269	0.11691	0.07326	0.27321	0.04346	0.25152	0.00336	0.04882	0.00717	0.00347	0.00437
3	0.01208	0.10388	0.11004	0.07866	0.15817	0.12536	0.10843	0.01459	0.01048	0.10601	0.03767	0.01258	0.00877	0.03609	0.04260	0.00173	0.02005	0.00412	0.00268	0.00602
4	0.04088	0.08743	0.34864	0.01377	0.10621	0.03557	0.13455	0.02635	0.01038	0.05742	0.04502	0.01305	0.05112	0.00485	0.00443	0.00139	0.00586	0.00423	0.00255	0.00629
5	0.01316	0.01431	0.01560	0.07009	0.39084	0.29759	0.03071	0.05575	0.01165	0.01388	0.00870	0.04071	0.00749	0.00473	0.00442	0.00132	0.00634	0.00400	0.00245	0.00624
6	0.00929	0.03455	0.12052	0.06406	0.03931	0.06958	0.11740	0.04619	0.03850	0.01403	0.09921	0.08139	0.11577	0.05375	0.00650	0.00167	0.05265	0.02730	0.00312	0.00522
7	0.01066	0.04735	0.12666	0.10993	0.11829	0.06606	0.07640	0.06103	0.08134	0.04902	0.03298	0.09576	0.04141	0.00617	0.00467	0.00145	0.00519	0.03206	0.00307	0.03049
8	0.01011	0.10284	0.43589	0.01329	0.09421	0.05446	0.05462	0.04249	0.01022	0.01415	0.02828	0.05710	0.02245	0.00520	0.00474	0.00141	0.03577	0.00421	0.00233	0.00624
9	0.00681	0.00557	0.00656	0.00772	0.05211	0.04827	0.00498	0.02836	0.00933	0.01207	0.02360	0.62668	0.08036	0.05701	0.00648	0.00188	0.00321	0.01105	0.00393	0.00403
10	0.01422	0.10479	0.06491	0.02521	0.04066	0.22678	0.02921	0.16561	0.08230	0.09780	0.01238	0.03168	0.03201	0.00570	0.00439	0.00135	0.00562	0.04573	0.00340	0.00624

[dist]
# distance from previous block
# <min> <max>
0	1

[block]
# block no. 1 follows, 57 sequences, length 11
# corresponding to MSA columns:
# 300-310
name=unknown_B
#
# <colnr> <probs for GDERKNQSTAVLIFYWHMCP>
#	G	D	E	R	K	N	Q	S	T	A	V	L	I	F	Y	W	H	M	C	P
0	0.00607	0.00451	0.00569	0.00635	0.00693	0.00438	0.00437	0.00787	0.06858	0.01248	0.07925	0.61860	0.07533	0.04657	0.02857	0.00202	0.00298	0.01131	0.00418	0.00396
1	0.01142	0.01377	0.09034	0.06626	0.20061	0.12884	0.31511	0.01482	0.03796	0.01383	0.00868	0.01119	0.00683	0.00440	0.00537	0.00145	0.05626	0.00435	0.00230	0.00619
2	0.03899	0.13240	0.09529	0.01266	0.08199	0.08357	0.08729	0.07660	0.19664	0.04779	0.01513	0.03435	0.06295	0.00642	0.00498	0.00164	0.00554	0.00502	0.00372	0.00705
3	0.01112	0.04597	0.15390	0.06230	0.18018	0.06256	0.06040	0.08657	0.10509	0.03418	0.03844	0.03059	0.05755	0.00561	0.00495	0.00144	0.03556	0.01428	0.00300	0.00630
4	0.00823	0.05468	0.00792	0.00742	0.03437	0.00605	0.00537	0.07849	0.01055	0.06305	0.03948	0.40228	0.14345	0.04278	0.00601	0.00177	0.00327	0.07618	0.00408	0.00457
5	0.00778	0.00611	0.03737	0.00708	0.00817	0.00578	0.00557	0.05232	0.06950	0.01288	0.06011	0.10766	0.05451	0.19516	0.05674	0.11196	0.00439	0.18937	0.00350	0.00403
6	0.02506	0.12823	0.06483	0.12077	0.04813	0.03796	0.08720	0.10480	0.20533	0.01620	0.05037	0.04480	0.01089	0.00554	0.00474	0.00142	0.02969	0.00464	0.00321	0.00618
7	0.00783	0.00669	0.01038	0.04058	0.29388	0.00665	0.00809	0.00949	0.00932	0.01271	0.01874	0.34046	0.07052	0.04142	0.05482	0.00207	0.00442	0.05365	0.00328	0.00499
8	0.01063	0.01103	0.04829	0.22736	0.47951	0.06134	0.01279	0.01370	0.03705	0.01379	0.00986	0.01243	0.03331	0.00453	0.00450	0.00139	0.00562	0.00415	0.00232	0.00639
9	0.03087	0.01062	0.03180	0.00985	0.01278	0.07947	0.06747	0.08662	0.33669	0.17733	0.02754	0.03508	0.02523	0.00619	0.00468	0.00149	0.00450	0.04078	0.00430	0.00671
10	0.01105	0.07500	0.12402	0.08917	0.18931	0.06912	0.13236	0.08633	0.04157	0.01494	0.02651	0.01287	0.03630	0.00651	0.05267	0.00173	0.01746	0.00432	0.00260	0.00617

[dist]
# distance from previous block
# <min> <max>
17	24

[block]
# block no. 2 follows, 57 sequences, length 16
# corresponding to MSA columns:
# 336-341,353-362
name=unknown_C
#
# <colnr> <probs for GDERKNQSTAVLIFYWHMCP>
#	G	D	E	R	K	N	Q	S	T	A	V	L	I	F	Y	W	H	M	C	P
0	0.00758	0.00620	0.00927	0.04203	0.14869	0.00611	0.03938	0.03833	0.01020	0.01383	0.15195	0.28787	0.11113	0.01136	0.05202	0.04342	0.00402	0.00832	0.00364	0.00465
1	0.05276	0.04406	0.22192	0.03496	0.10748	0.14654	0.12511	0.05831	0.02529	0.02664	0.02948	0.03935	0.00883	0.00506	0.00443	0.00139	0.00603	0.02401	0.03233	0.00604
2	0.00992	0.03193	0.07651	0.03666	0.05093	0.13541	0.02204	0.09893	0.03373	0.01412	0.05354	0.24924	0.03494	0.07684	0.04046	0.00199	0.00506	0.01939	0.00335	0.00502
3	0.01200	0.09898	0.13880	0.01907	0.38349	0.05728	0.06281	0.06304	0.04071	0.04837	0.00904	0.01079	0.00715	0.00440	0.00458	0.00135	0.02497	0.00385	0.00253	0.00679
4	0.00658	0.00478	0.00608	0.02398	0.03534	0.00443	0.00459	0.00756	0.00979	0.02558	0.17133	0.16725	0.29771	0.05081	0.00783	0.11218	0.00295	0.05352	0.00390	0.00382
5	0.08406	0.16430	0.31386	0.01155	0.05077	0.07979	0.04893	0.06977	0.04059	0.08268	0.00903	0.00992	0.00671	0.00447	0.00402	0.00132	0.00574	0.00342	0.00265	0.00644
6	0.01219	0.03629	0.24274	0.07705	0.08508	0.26811	0.04343	0.03315	0.10712	0.01385	0.00959	0.03410	0.00768	0.00492	0.00436	0.00136	0.00647	0.00389	0.00255	0.00610
7	0.00661	0.00539	0.03988	0.00717	0.02363	0.00468	0.00526	0.00826	0.03894	0.03661	0.05404	0.57237	0.07157	0.02403	0.04007	0.00203	0.00338	0.04783	0.00406	0.00419
8	0.03330	0.07382	0.10506	0.15122	0.23958	0.03690	0.09260	0.04634	0.02802	0.04567	0.01966	0.03521	0.00817	0.00599	0.03849	0.00165	0.02534	0.00428	0.00254	0.00616
9	0.09674	0.08691	0.38416	0.01215	0.08852	0.01101	0.01206	0.07672	0.03669	0.05420	0.02809	0.04059	0.00823	0.00507	0.00461	0.00142	0.03987	0.00390	0.00267	0.00639
10	0.03923	0.03700	0.25429	0.03608	0.06405	0.05908	0.03072	0.11012	0.01092	0.04616	0.01181	0.01453	0.05326	0.03891	0.07409	0.00204	0.06417	0.02248	0.02520	0.00588
11	0.05095	0.01230	0.19722	0.10626	0.33551	0.00979	0.01223	0.03133	0.01018	0.01497	0.09249	0.03817	0.01108	0.00584	0.02300	0.00156	0.03386	0.00452	0.00257	0.00618
12	0.01080	0.07330	0.17548	0.08434	0.09664	0.06626	0.12504	0.03150	0.02454	0.06415	0.01170	0.04648	0.02932	0.00652	0.02680	0.00164	0.05514	0.06174	0.00271	0.00590
13	0.01148	0.09513	0.13873	0.02877	0.05144	0.05264	0.00867	0.12117	0.05155	0.10718	0.08388	0.13377	0.03250	0.00719	0.00469	0.00146	0.00456	0.05560	0.00366	0.00593
14	0.04524	0.01134	0.08497	0.01598	0.29348	0.01057	0.03053	0.23554	0.04311	0.04528	0.04331	0.06030	0.04874	0.00572	0.00460	0.00141	0.00483	0.00494	0.00340	0.00672
15	0.04109	0.00906	0.11741	0.00942	0.04913	0.02555	0.04392	0.06779	0.01066	0.04836	0.08347	0.24172	0.09898	0.01019	0.04028	0.00185	0.02572	0.06670	0.00363	0.00506

[dist]
# distance from previous block
# <min> <max>
0	21

[block]
# block no. 3 follows, 57 sequences, length 38
# corresponding to MSA columns:
# 384-396,404-428
name=unknown_D
#
# <colnr> <probs for GDERKNQSTAVLIFYWHMCP>
#	G	D	E	R	K	N	Q	S	T	A	V	L	I	F	Y	W	H	M	C	P
0	0.01998	0.09133	0.11610	0.07055	0.28979	0.03406	0.13730	0.03023	0.03861	0.03912	0.01159	0.03759	0.05379	0.00495	0.00452	0.00139	0.00558	0.00460	0.00258	0.00633
1	0.01023	0.06212	0.15746	0.02645	0.04427	0.00907	0.06208	0.11751	0.06202	0.05359	0.01291	0.04143	0.02978	0.24415	0.04543	0.00252	0.00537	0.00515	0.00304	0.00541
2	0.00608	0.00449	0.00603	0.00712	0.02821	0.00426	0.00506	0.00728	0.00937	0.01236	0.05658	0.53019	0.10267	0.01357	0.02375	0.00195	0.00318	0.16980	0.00414	0.00392
3	0.04164	0.01355	0.12221	0.05477	0.20369	0.16480	0.12519	0.03616	0.01092	0.02364	0.04538	0.05284	0.05272	0.00543	0.00473	0.00140	0.01749	0.00477	0.01276	0.00589
4	0.01162	0.13199	0.06293	0.07604	0.23485	0.10959	0.10449	0.04096	0.01072	0.03785	0.05342	0.03641	0.00935	0.00504	0.00502	0.00137	0.05542	0.00430	0.00256	0.00607
5	0.27216	0.03762	0.15888	0.08331	0.13726	0.07055	0.00986	0.05364	0.03300	0.01659	0.03706	0.01255	0.00847	0.00499	0.00400	0.00142	0.00505	0.04507	0.00272	0.00579
6	0.00747	0.00612	0.00847	0.00780	0.00818	0.00732	0.02620	0.00835	0.00719	0.01026	0.02888	0.04947	0.01315	0.33546	0.24183	0.00435	0.21747	0.00566	0.00255	0.00382
7	0.02313	0.22755	0.39857	0.01302	0.08308	0.01236	0.08925	0.03106	0.01006	0.05969	0.00839	0.00971	0.00633	0.00422	0.00407	0.00131	0.00597	0.00344	0.00226	0.00651
8	0.00680	0.03080	0.02671	0.03202	0.03033	0.00549	0.03712	0.04278	0.00972	0.01273	0.03948	0.49388	0.16635	0.03645	0.00595	0.00176	0.00326	0.01027	0.00387	0.00424
9	0.01019	0.01323	0.19735	0.04084	0.22010	0.03486	0.12282	0.03581	0.03923	0.01399	0.00948	0.01327	0.00802	0.04048	0.05408	0.00197	0.10855	0.02727	0.00238	0.00609
10	0.02031	0.00823	0.01120	0.05296	0.15481	0.04681	0.06539	0.10739	0.02583	0.01537	0.09163	0.24521	0.08681	0.00901	0.02231	0.00166	0.00440	0.02180	0.00358	0.00529
11	0.01006	0.03497	0.08169	0.05100	0.31162	0.01011	0.21948	0.02929	0.01016	0.01425	0.01097	0.12285	0.01008	0.00557	0.00510	0.00147	0.03037	0.00548	0.02935	0.00611
12	0.01115	0.03310	0.17488	0.01697	0.09164	0.05842	0.42492	0.06949	0.01117	0.01508	0.00916	0.03063	0.00719	0.00442	0.00507	0.00146	0.02186	0.00470	0.00241	0.00630
13	0.00728	0.00574	0.02166	0.00734	0.00850	0.00548	0.02898	0.02501	0.05601	0.04024	0.09042	0.38654	0.13551	0.01150	0.00595	0.00174	0.03709	0.11642	0.00415	0.00441
14	0.01067	0.04165	0.13319	0.17561	0.21344	0.09752	0.01125	0.04823	0.02354	0.03196	0.05287	0.03469	0.04218	0.00565	0.00477	0.00143	0.02158	0.04114	0.00272	0.00591
15	0.05749	0.00677	0.00862	0.00831	0.06074	0.00653	0.00600	0.06882	0.02324	0.24208	0.19158	0.14261	0.11362	0.00832	0.00512	0.00150	0.01899	0.01948	0.00456	0.00562
16	0.01183	0.16628	0.09025	0.04506	0.27701	0.11821	0.08954	0.03168	0.01067	0.03735	0.01025	0.01193	0.04575	0.00459	0.00422	0.00129	0.00572	0.00395	0.02820	0.00623
17	0.03695	0.01142	0.01189	0.01117	0.06095	0.20135	0.03168	0.05437	0.00945	0.01218	0.00877	0.01352	0.00832	0.12811	0.12337	0.00276	0.26219	0.00422	0.00242	0.00491
18	0.01136	0.10376	0.24946	0.07349	0.07212	0.13489	0.13378	0.03184	0.05200	0.02949	0.03566	0.01150	0.01586	0.00469	0.00458	0.00137	0.02160	0.00396	0.00246	0.00613
19	0.03027	0.01368	0.19784	0.05437	0.11700	0.08046	0.03317	0.10833	0.02502	0.24689	0.01146	0.01192	0.00802	0.00492	0.00460	0.00139	0.02040	0.00396	0.01947	0.00684
20	0.01092	0.09481	0.22148	0.14347	0.24066	0.03282	0.05308	0.08358	0.01077	0.01482	0.00837	0.01055	0.00654	0.00443	0.00462	0.00138	0.03063	0.00375	0.01691	0.00641
21	0.00641	0.00503	0.00690	0.01579	0.04392	0.00481	0.02868	0.00810	0.04150	0.01265	0.06882	0.48746	0.13510	0.03579	0.00610	0.00182	0.00309	0.07983	0.00405	0.00413
22	0.03201	0.05643	0.10648	0.01179	0.03204	0.43203	0.05640	0.01600	0.05424	0.01252	0.00927	0.01270	0.00804	0.00637	0.03335	0.00156	0.04905	0.06172	0.00252	0.00550
23	0.01165	0.07825	0.13540	0.07750	0.19692	0.03539	0.14357	0.07029	0.04702	0.07361	0.03402	0.01261	0.02423	0.00483	0.00489	0.00141	0.03484	0.00432	0.00279	0.00645
24	0.00699	0.00563	0.00794	0.05596	0.11383	0.00560	0.00649	0.00899	0.04718	0.01287	0.04069	0.41526	0.11207	0.01127	0.00550	0.00174	0.00342	0.13024	0.00386	0.00448
25	0.01267	0.04718	0.19108	0.02785	0.30602	0.02436	0.06148	0.15808	0.03011	0.08307	0.00978	0.01114	0.00733	0.00452	0.00445	0.00137	0.00560	0.00396	0.00291	0.00703
26	0.03903	0.06391	0.26978	0.01241	0.04385	0.09609	0.10064	0.18480	0.03725	0.01721	0.03770	0.01151	0.02086	0.00500	0.00483	0.00140	0.04047	0.00399	0.00284	0.00642
27	0.03311	0.20824	0.27846	0.03046	0.09402	0.03588	0.07659	0.11204	0.04328	0.01546	0.00934	0.01058	0.02425	0.00453	0.00411	0.00132	0.00573	0.00365	0.00251	0.00645
28	0.00652	0.00493	0.00631	0.00632	0.00727	0.00520	0.00472	0.00842	0.05083	0.01165	0.04393	0.07243	0.18766	0.12890	0.38834	0.00459	0.00726	0.02072	0.03001	0.00399
29	0.01162	0.09219	0.02921	0.18058	0.10417	0.01056	0.03259	0.16584	0.07428	0.07731	0.04092	0.08241	0.03211	0.03108	0.00522	0.00152	0.01384	0.00513	0.00337	0.00606
30	0.01178	0.10536	0.09211	0.03751	0.07673	0.06758	0.11893	0.11904	0.06717	0.07085	0.03763	0.07944	0.02624	0.03945	0.00535	0.00154	0.00525	0.02876	0.00324	0.00604
31	0.01020	0.03520	0.20645	0.05412	0.30997	0.01057	0.17871	0.02625	0.03390	0.01450	0.01001	0.07097	0.00855	0.00489	0.00468	0.00144	0.00592	0.00478	0.00241	0.00647
32	0.00762	0.00540	0.00673	0.04342	0.04729	0.00499	0.00504	0.00936	0.03197	0.08453	0.16149	0.10487	0.39439	0.01009	0.00560	0.02905	0.00288	0.02433	0.01646	0.00449
33	0.01039	0.16094	0.45795	0.01355	0.07477	0.02698	0.10335	0.01461	0.03267	0.02933	0.00837	0.00990	0.00633	0.00434	0.00449	0.00137	0.02848	0.00355	0.00214	0.00647
34	0.01202	0.06476	0.09844	0.06203	0.35341	0.02673	0.06806	0.03925	0.03870	0.10636	0.03111	0.01206	0.00843	0.00474	0.00507	0.00140	0.05382	0.00414	0.00278	0.00668
35	0.00806	0.00601	0.03224	0.00700	0.00852	0.00536	0.02777	0.03748	0.04557	0.09329	0.10607	0.32873	0.18834	0.01225	0.05800	0.00199	0.00366	0.02078	0.00421	0.00466
36	0.00778	0.00915	0.12866	0.10453	0.15908	0.02279	0.00870	0.01003	0.00995	0.01322	0.08909	0.13764	0.21278	0.04363	0.00575	0.00164	0.00421	0.02314	0.00323	0.00501
37	0.01065	0.04318	0.10194	0.04606	0.04538	0.07126	0.11403	0.08506	0.03417	0.05531	0.03510	0.04101	0.01117	0.18998	0.05229	0.00240	0.04773	0.00504	0.00290	0.00533

[dist]
# distance from previous block
# <min> <max>
0	4

[block]
# block no. 4 follows, 57 sequences, length 22
# corresponding to MSA columns:
# 444-462,464-466
name=unknown_E
#
# <colnr> <probs for GDERKNQSTAVLIFYWHMCP>
#	G	D	E	R	K	N	Q	S	T	A	V	L	I	F	Y	W	H	M	C	P
0	0.03969	0.02915	0.12216	0.10561	0.40794	0.01024	0.07115	0.03097	0.01035	0.06158	0.01066	0.03716	0.03368	0.00478	0.00451	0.00141	0.00544	0.00443	0.00256	0.00653
1	0.00736	0.02187	0.00696	0.02462	0.00785	0.01982	0.00488	0.03063	0.00854	0.03798	0.03941	0.19668	0.05824	0.22136	0.27523	0.00414	0.00647	0.02078	0.00322	0.00395
2	0.00917	0.05194	0.32064	0.01352	0.08611	0.00952	0.17323	0.03509	0.01024	0.01434	0.04903	0.14341	0.02798	0.00636	0.00484	0.00151	0.00563	0.02883	0.00271	0.00589
3	0.01176	0.15359	0.19272	0.05978	0.07196	0.13131	0.06776	0.05360	0.01120	0.07029	0.07265	0.02540	0.04834	0.00527	0.00432	0.00133	0.00563	0.00430	0.00281	0.00598
4	0.01077	0.06598	0.37603	0.04622	0.12055	0.03141	0.08179	0.06424	0.04210	0.04891	0.04980	0.01207	0.00874	0.01624	0.00469	0.00144	0.00590	0.00403	0.00260	0.00650
5	0.00922	0.00880	0.01407	0.30130	0.33197	0.02666	0.03531	0.01173	0.00997	0.01323	0.04080	0.04648	0.11986	0.00578	0.00471	0.00145	0.00511	0.00527	0.00260	0.00567
6	0.01300	0.22630	0.14905	0.03617	0.08595	0.12505	0.02423	0.14497	0.05614	0.04728	0.03180	0.01061	0.00798	0.00476	0.00422	0.00128	0.01841	0.00359	0.00284	0.00639
7	0.01141	0.05339	0.13878	0.03168	0.12422	0.10369	0.11154	0.09137	0.06142	0.02615	0.01130	0.07351	0.01981	0.00597	0.00563	0.00149	0.08442	0.03531	0.00283	0.00606
8	0.00648	0.00454	0.00599	0.03129	0.00776	0.00441	0.00473	0.00791	0.03953	0.03963	0.04096	0.63687	0.05162	0.04032	0.02765	0.00202	0.00315	0.03702	0.00413	0.00401
9	0.00966	0.01159	0.14252	0.09740	0.05937	0.10343	0.09087	0.04836	0.02553	0.02793	0.05798	0.16579	0.07326	0.00786	0.01730	0.00162	0.00529	0.04576	0.00314	0.00534
10	0.04205	0.08357	0.15649	0.06771	0.13900	0.05712	0.06330	0.12378	0.07726	0.05511	0.01093	0.01397	0.00880	0.00520	0.00442	0.00141	0.00543	0.05900	0.01906	0.00641
11	0.01094	0.09259	0.32329	0.05930	0.17270	0.04757	0.07537	0.04596	0.03451	0.04238	0.03556	0.01125	0.00789	0.00457	0.00451	0.00138	0.01744	0.00387	0.00245	0.00649
12	0.00667	0.00558	0.00644	0.00692	0.05045	0.03197	0.00481	0.00818	0.01076	0.01403	0.24506	0.13567	0.35799	0.01031	0.00554	0.00153	0.02638	0.03447	0.03301	0.00422
13	0.01185	0.08973	0.23976	0.02894	0.11591	0.03515	0.02168	0.20199	0.07153	0.02994	0.04347	0.04598	0.02222	0.00544	0.00456	0.00139	0.01635	0.00440	0.00312	0.00660
14	0.03807	0.11057	0.17617	0.03401	0.10977	0.09674	0.02952	0.15869	0.06657	0.05712	0.02348	0.01102	0.00785	0.00520	0.00494	0.02805	0.02910	0.00376	0.00295	0.00642
15	0.00712	0.00459	0.00608	0.00673	0.02163	0.00425	0.00466	0.00820	0.00949	0.08575	0.07485	0.56217	0.10031	0.02545	0.03102	0.00195	0.00309	0.03420	0.00427	0.00418
16	0.01161	0.06661	0.11775	0.19656	0.13117	0.13864	0.05263	0.07839	0.03417	0.04102	0.03084	0.06147	0.00911	0.00524	0.00446	0.00139	0.00584	0.00443	0.00271	0.00596
17	0.03639	0.06207	0.08137	0.05397	0.19709	0.18334	0.10456	0.05476	0.07227	0.03965	0.01025	0.01231	0.02450	0.04187	0.00521	0.00148	0.00599	0.00409	0.00270	0.00613
18	0.03466	0.07926	0.14765	0.04521	0.15175	0.10678	0.14062	0.11584	0.01185	0.04152	0.02425	0.03914	0.03130	0.00500	0.00448	0.00137	0.00590	0.00439	0.00277	0.00627
19	0.00780	0.00685	0.00751	0.02058	0.08055	0.05719	0.00555	0.00997	0.06395	0.03998	0.08432	0.07785	0.46756	0.00963	0.00542	0.00152	0.02715	0.01804	0.00394	0.00465
20	0.02388	0.03638	0.09689	0.06136	0.15677	0.08783	0.08851	0.12554	0.04425	0.10190	0.03120	0.06190	0.02730	0.00559	0.00490	0.00143	0.03004	0.00478	0.00321	0.00636
21	0.08037	0.04508	0.10984	0.01041	0.01323	0.30733	0.05935	0.04296	0.08467	0.01402	0.01140	0.10548	0.01043	0.00701	0.03087	0.00158	0.00616	0.03435	0.02001	0.00546

[dist]
# distance from previous block
# <min> <max>
0	6

[block]
# block no. 5 follows, 57 sequences, length 56
# corresponding to MSA columns:
# 476-482,484-497,508-534,537-544
name=unknown_F
#
# <colnr> <probs for GDERKNQSTAVLIFYWHMCP>
#	G	D	E	R	K	N	Q	S	T	A	V	L	I	F	Y	W	H	M	C	P
0	0.01277	0.01431	0.03908	0.01091	0.01331	0.34212	0.10251	0.11274	0.02618	0.01451	0.05221	0.13541	0.04338	0.00673	0.00507	0.00141	0.03776	0.00548	0.01874	0.00538
1	0.07861	0.21126	0.18325	0.01210	0.09133	0.06863	0.07905	0.05739	0.02571	0.01457	0.00818	0.01013	0.00669	0.00443	0.00425	0.00125	0.03164	0.01783	0.00240	0.09132
2	0.01238	0.02524	0.10547	0.01226	0.08980	0.08536	0.07985	0.20847	0.10154	0.05098	0.06164	0.08284	0.01287	0.00633	0.00476	0.00146	0.00514	0.04365	0.00361	0.00637
3	0.01152	0.20676	0.16910	0.01000	0.03360	0.07891	0.02277	0.06587	0.10985	0.06037	0.04465	0.01532	0.08382	0.00581	0.00475	0.00136	0.04601	0.02039	0.00307	0.00606
4	0.00619	0.00443	0.00567	0.02988	0.00701	0.00440	0.00417	0.00716	0.02332	0.01113	0.05857	0.43134	0.03539	0.27815	0.05462	0.00291	0.00382	0.02468	0.00363	0.00355
5	0.01099	0.04308	0.14206	0.11123	0.09044	0.12924	0.22547	0.02639	0.04883	0.02784	0.02766	0.04593	0.04004	0.00512	0.00470	0.00143	0.00625	0.00478	0.00260	0.00591
6	0.02486	0.10668	0.09253	0.14690	0.11285	0.12964	0.13254	0.10396	0.03130	0.04984	0.02131	0.01105	0.00738	0.00455	0.00438	0.00135	0.00608	0.00393	0.00268	0.00619
7	0.02492	0.02616	0.05955	0.11613	0.18767	0.08078	0.02751	0.06192	0.01107	0.09282	0.01420	0.09755	0.02892	0.00689	0.00481	0.00152	0.00505	0.12715	0.01959	0.00578
8	0.00728	0.00622	0.02650	0.00917	0.09296	0.03199	0.02533	0.00890	0.02563	0.02804	0.06450	0.50268	0.08169	0.01123	0.00539	0.00168	0.00335	0.03482	0.02820	0.00445
9	0.04613	0.03989	0.09790	0.04817	0.10507	0.12131	0.07757	0.07398	0.03995	0.06998	0.01738	0.05124	0.16751	0.00640	0.00476	0.00142	0.01704	0.00534	0.00319	0.00577
10	0.01069	0.19099	0.28271	0.04077	0.14372	0.01184	0.08955	0.05401	0.02556	0.03219	0.00992	0.02874	0.02715	0.02756	0.00474	0.00142	0.00570	0.00402	0.00241	0.00632
11	0.00823	0.00526	0.00622	0.01890	0.00758	0.01846	0.00454	0.04851	0.01027	0.08511	0.08625	0.38481	0.09789	0.05495	0.00601	0.00171	0.00294	0.00901	0.13897	0.00438
12	0.03552	0.08995	0.24368	0.08511	0.27648	0.04795	0.01247	0.01417	0.03445	0.04198	0.02860	0.02656	0.00863	0.00487	0.00433	0.00139	0.00556	0.02945	0.00247	0.00637
13	0.01032	0.03785	0.30143	0.01326	0.12398	0.02398	0.07790	0.08592	0.04853	0.04161	0.08333	0.04097	0.06710	0.00582	0.00466	0.00144	0.00530	0.01731	0.00302	0.00627
14	0.01195	0.14932	0.11652	0.08697	0.26097	0.07394	0.09388	0.09760	0.01138	0.02839	0.00907	0.01091	0.02046	0.00442	0.00429	0.00132	0.00584	0.00385	0.00248	0.00646
15	0.02992	0.03662	0.01282	0.03771	0.03414	0.06829	0.09976	0.01092	0.00850	0.01182	0.04631	0.01598	0.03201	0.09257	0.15577	0.00293	0.28007	0.01666	0.00245	0.00475
16	0.05646	0.11320	0.04671	0.11806	0.08219	0.12830	0.02701	0.13776	0.01149	0.04001	0.00965	0.06038	0.00839	0.00711	0.04867	0.00172	0.08109	0.01323	0.00280	0.00578
17	0.01055	0.06030	0.12476	0.05146	0.24936	0.08861	0.02326	0.01339	0.04080	0.05169	0.03827	0.12298	0.01230	0.00744	0.03767	0.00169	0.01828	0.03840	0.00287	0.00591
18	0.00999	0.02642	0.15164	0.10145	0.16447	0.10166	0.05129	0.03452	0.02410	0.02603	0.02574	0.11711	0.06682	0.00745	0.02852	0.00165	0.00557	0.04707	0.00285	0.00563
19	0.00903	0.00927	0.08833	0.11539	0.30439	0.00823	0.02847	0.01169	0.03147	0.03158	0.03488	0.22419	0.01490	0.03084	0.00544	0.00163	0.00470	0.03694	0.00299	0.00565
20	0.00964	0.06276	0.44257	0.01099	0.01564	0.01011	0.04651	0.11179	0.01107	0.01548	0.03203	0.09048	0.08494	0.00622	0.00487	0.00147	0.02950	0.00508	0.00277	0.00609
21	0.07637	0.02717	0.20050	0.01222	0.08534	0.08716	0.09064	0.09148	0.03537	0.07339	0.01334	0.06476	0.05517	0.00596	0.00457	0.00145	0.00539	0.04813	0.00310	0.01849
22	0.02059	0.00566	0.00716	0.08373	0.00959	0.03991	0.00552	0.00886	0.02915	0.04553	0.08364	0.20553	0.05448	0.01200	0.00949	0.29496	0.00379	0.07347	0.00328	0.00367
23	0.00900	0.03648	0.08086	0.05064	0.11335	0.05910	0.00796	0.07305	0.04065	0.01391	0.03068	0.30993	0.03236	0.05663	0.00609	0.00176	0.00435	0.06471	0.00342	0.00508
24	0.04125	0.04527	0.10161	0.18829	0.13001	0.07719	0.09932	0.05223	0.05145	0.04450	0.02312	0.08086	0.03418	0.00558	0.00457	0.00144	0.00553	0.00493	0.00280	0.00586
25	0.02549	0.08319	0.16506	0.05379	0.10539	0.12765	0.09443	0.07434	0.06436	0.03444	0.00986	0.04071	0.00811	0.02112	0.00527	0.00145	0.04976	0.00418	0.02528	0.00609
26	0.00765	0.00589	0.00792	0.00799	0.02732	0.00660	0.00588	0.03072	0.00884	0.03311	0.06590	0.24038	0.05172	0.13633	0.12690	0.00297	0.15270	0.07357	0.00338	0.00421
27	0.03394	0.10025	0.06213	0.01518	0.07314	0.11325	0.37382	0.01459	0.01060	0.05801	0.02367	0.03107	0.02471	0.00475	0.00512	0.00142	0.04119	0.00468	0.00255	0.00595
28	0.01135	0.11777	0.22980	0.04092	0.15718	0.03677	0.07582	0.08483	0.04538	0.05843	0.04497	0.04566	0.00981	0.00517	0.00443	0.00138	0.00550	0.01559	0.00283	0.00643
29	0.02567	0.10428	0.29416	0.04489	0.15290	0.03793	0.05033	0.08711	0.07970	0.01553	0.01051	0.02927	0.02313	0.00498	0.00435	0.00139	0.00564	0.01910	0.00264	0.00648
30	0.02513	0.02144	0.00769	0.08905	0.04179	0.00593	0.00562	0.03452	0.05655	0.01232	0.06924	0.18363	0.15541	0.01132	0.00875	0.25386	0.00356	0.00700	0.00327	0.00393
31	0.01170	0.11197	0.11030	0.02755	0.26672	0.09212	0.03193	0.04233	0.05517	0.06861	0.02325	0.01495	0.05955	0.03994	0.00515	0.00147	0.00530	0.02288	0.00285	0.00625
32	0.09345	0.01257	0.13170	0.09778	0.06699	0.12594	0.02119	0.07768	0.07502	0.09078	0.02979	0.05820	0.01067	0.02338	0.00504	0.00153	0.01950	0.04966	0.00321	0.00591
33	0.00854	0.03136	0.04197	0.00795	0.02214	0.15033	0.00601	0.02010	0.05342	0.01276	0.07110	0.38206	0.11242	0.02434	0.00547	0.00164	0.00398	0.03617	0.00373	0.00450
34	0.00948	0.01226	0.19668	0.04956	0.10557	0.07522	0.05359	0.02787	0.07821	0.03080	0.07832	0.06644	0.15065	0.01801	0.00506	0.00151	0.00490	0.02703	0.00320	0.00563
35	0.03500	0.07221	0.27625	0.06375	0.07760	0.09276	0.07570	0.08273	0.03131	0.02708	0.01055	0.05752	0.03116	0.00535	0.00486	0.00143	0.04167	0.00435	0.00260	0.00612
36	0.01173	0.12399	0.21991	0.01366	0.13897	0.03496	0.09608	0.10098	0.02508	0.08220	0.01208	0.05369	0.04405	0.00537	0.00446	0.00139	0.00548	0.01657	0.00292	0.00644
37	0.01208	0.01359	0.05393	0.02512	0.08365	0.31716	0.00803	0.09053	0.03312	0.01436	0.04834	0.04202	0.16843	0.00674	0.00457	0.00135	0.00545	0.02644	0.03971	0.00535
38	0.01111	0.04258	0.29575	0.09573	0.09876	0.06492	0.05937	0.03345	0.04526	0.09400	0.01132	0.05072	0.02805	0.00583	0.02063	0.00155	0.02757	0.00441	0.00274	0.00625
39	0.01214	0.11269	0.19816	0.05723	0.11683	0.06447	0.05503	0.13490	0.07895	0.06014	0.02986	0.02802	0.02162	0.00506	0.00436	0.00136	0.00549	0.00418	0.00300	0.00652
40	0.00689	0.00573	0.02959	0.00742	0.03929	0.00519	0.01558	0.02022	0.02901	0.02680	0.12072	0.29140	0.22374	0.03628	0.01837	0.00183	0.02310	0.07810	0.01644	0.00431
41	0.03431	0.07693	0.08060	0.05222	0.13908	0.07976	0.05048	0.14721	0.09695	0.05629	0.01397	0.01574	0.07799	0.00625	0.02141	0.00152	0.00528	0.03445	0.00326	0.00629
42	0.02676	0.08703	0.11123	0.08052	0.13679	0.12347	0.17315	0.06573	0.06359	0.05584	0.00936	0.01101	0.00717	0.00454	0.00467	0.00138	0.02479	0.00400	0.00266	0.00632
43	0.01116	0.17248	0.33734	0.04439	0.05896	0.03259	0.03443	0.06283	0.04007	0.07700	0.01105	0.06008	0.02802	0.00522	0.00424	0.00136	0.00552	0.00421	0.00271	0.00634
44	0.00751	0.00644	0.00686	0.00671	0.02034	0.04037	0.00500	0.06214	0.06165	0.01437	0.12749	0.14252	0.40591	0.01030	0.00567	0.00156	0.03807	0.02844	0.00415	0.00451
45	0.02529	0.15391	0.20459	0.02375	0.05522	0.08157	0.04555	0.09064	0.06143	0.08630	0.04727	0.08312	0.01083	0.00565	0.00433	0.00136	0.00526	0.00461	0.00309	0.00621
46	0.01168	0.07910	0.14924	0.03956	0.12984	0.05942	0.03541	0.12697	0.06135	0.07063	0.09593	0.06348	0.02661	0.00594	0.00478	0.00140	0.02419	0.00494	0.00330	0.00625
47	0.00828	0.00693	0.00981	0.01238	0.21543	0.03004	0.02540	0.02460	0.03218	0.03234	0.04552	0.40241	0.06005	0.04959	0.00610	0.00176	0.00380	0.02484	0.00361	0.00495
48	0.02461	0.04157	0.20748	0.09487	0.18592	0.07233	0.11192	0.08882	0.03768	0.02906	0.01019	0.04592	0.01948	0.00493	0.00453	0.00141	0.00593	0.00438	0.00262	0.00636
49	0.01167	0.07365	0.04188	0.10430	0.22974	0.06748	0.12523	0.05689	0.04451	0.06826	0.01106	0.05676	0.02710	0.00533	0.00520	0.00143	0.05582	0.00469	0.00279	0.00620
50	0.01022	0.07464	0.24687	0.07919	0.07457	0.07011	0.15154	0.02400	0.04867	0.02405	0.04377	0.07349	0.02374	0.00550	0.00490	0.00145	0.02989	0.00485	0.00260	0.00595
51	0.00604	0.00512	0.02106	0.01798	0.00756	0.00450	0.02505	0.00753	0.03141	0.01244	0.08605	0.28214	0.37991	0.03163	0.03056	0.03031	0.00309	0.00967	0.00399	0.00396
52	0.02422	0.10995	0.28271	0.03691	0.11889	0.09174	0.04525	0.05841	0.06060	0.04750	0.01117	0.02678	0.03833	0.00511	0.00433	0.00138	0.00573	0.02200	0.00268	0.00632
53	0.02630	0.09634	0.15966	0.01067	0.05737	0.12354	0.00933	0.11284	0.06005	0.13064	0.03431	0.06282	0.01977	0.02111	0.00496	0.00145	0.02091	0.03831	0.00339	0.00622
54	0.00944	0.06605	0.11785	0.01098	0.11926	0.04963	0.02174	0.05776	0.05694	0.03731	0.11280	0.21297	0.07860	0.00810	0.00487	0.00149	0.00423	0.02099	0.00353	0.00546
55	0.03270	0.00922	0.10632	0.05719	0.05930	0.04250	0.09254	0.02306	0.04239	0.02636	0.02751	0.35760	0.04487	0.00922	0.00517	0.00164	0.00443	0.04956	0.00342	0.00499

[dist]
# distance from previous block
# <min> <max>
2	3

[block]
# block no. 6 follows, 57 sequences, length 103
# corresponding to MSA columns:
# 576-678
name=unknown_G
#
# <colnr> <probs for GDERKNQSTAVLIFYWHMCP>
#	G	D	E	R	K	N	Q	S	T	A	V	L	I	F	Y	W	H	M	C	P
0	0.00826	0.00682	0.02663	0.00730	0.00885	0.04537	0.04602	0.05244	0.03568	0.05939	0.07794	0.29319	0.20409	0.05420	0.03689	0.00195	0.00381	0.00873	0.01791	0.00456
1	0.02696	0.09199	0.15683	0.04837	0.12683	0.08023	0.08090	0.08468	0.02777	0.05799	0.04825	0.05642	0.01013	0.00534	0.00457	0.00136	0.01876	0.01678	0.00289	0.05294
2	0.10996	0.05187	0.12259	0.05933	0.15795	0.08039	0.10960	0.06333	0.04883	0.06694	0.01135	0.03119	0.04252	0.01924	0.00467	0.00145	0.00546	0.00433	0.00286	0.00614
3	0.00931	0.00973	0.10917	0.02780	0.24450	0.00810	0.07503	0.06379	0.01044	0.03844	0.01584	0.32088	0.03123	0.00814	0.00504	0.00157	0.00458	0.00750	0.00323	0.00568
4	0.01132	0.06427	0.10658	0.02771	0.21017	0.11391	0.08967	0.05486	0.05383	0.03657	0.02540	0.01534	0.08855	0.00607	0.02154	0.00151	0.03186	0.01713	0.01764	0.00608
5	0.04588	0.06861	0.13805	0.07416	0.16260	0.07366	0.08769	0.11045	0.07097	0.07569	0.01083	0.03105	0.02040	0.00494	0.00441	0.00139	0.00555	0.00422	0.00297	0.00648
6	0.01121	0.05365	0.22039	0.09879	0.13813	0.03570	0.02500	0.07477	0.04606	0.09779	0.04627	0.07056	0.02582	0.00607	0.01553	0.00151	0.01867	0.00478	0.00304	0.00627
7	0.00899	0.00766	0.00840	0.01893	0.05037	0.09209	0.01988	0.02755	0.09281	0.04983	0.13430	0.24038	0.11700	0.03262	0.03403	0.00181	0.02235	0.00781	0.02835	0.00484
8	0.04322	0.09288	0.18516	0.04410	0.09518	0.08658	0.05721	0.11055	0.09583	0.06210	0.03878	0.01321	0.04531	0.00515	0.00434	0.00137	0.00539	0.00420	0.00307	0.00638
9	0.01143	0.07379	0.14949	0.15245	0.09771	0.03343	0.03908	0.16374	0.06154	0.04223	0.03105	0.06864	0.01988	0.00565	0.00481	0.00144	0.02966	0.00469	0.00304	0.00624
10	0.00769	0.00609	0.04664	0.00799	0.04212	0.00533	0.02121	0.03984	0.00958	0.05691	0.03840	0.45212	0.03494	0.07706	0.05089	0.00221	0.00391	0.05403	0.03863	0.00442
11	0.03126	0.06988	0.16485	0.04985	0.17835	0.15260	0.05285	0.02610	0.08047	0.02838	0.02447	0.02728	0.00815	0.00509	0.00529	0.00141	0.08102	0.00399	0.00255	0.00615
12	0.04162	0.03996	0.12582	0.01194	0.10912	0.07962	0.02542	0.22870	0.05445	0.08076	0.05367	0.09319	0.01175	0.01772	0.00479	0.00145	0.00500	0.00499	0.00357	0.00643
13	0.01143	0.01444	0.23994	0.01490	0.16830	0.03758	0.07770	0.07341	0.11856	0.02741	0.02899	0.05735	0.08269	0.00654	0.00527	0.00165	0.01819	0.00541	0.00337	0.00688
14	0.00594	0.00436	0.00586	0.03221	0.00758	0.00429	0.00464	0.01931	0.00885	0.01184	0.04170	0.64871	0.05239	0.03399	0.09307	0.00244	0.00380	0.01125	0.00394	0.00382
15	0.02718	0.07690	0.18037	0.01336	0.08111	0.02606	0.15869	0.07506	0.06677	0.08677	0.01049	0.02331	0.00833	0.01663	0.02256	0.00164	0.09364	0.02195	0.00287	0.00631
16	0.06026	0.02548	0.22818	0.04429	0.08064	0.09134	0.16283	0.06045	0.06452	0.06206	0.01107	0.03222	0.02151	0.00510	0.00457	0.00145	0.00597	0.02899	0.00282	0.00625
17	0.00729	0.00503	0.00637	0.00676	0.00755	0.00495	0.00479	0.05615	0.04072	0.05098	0.06206	0.62045	0.05045	0.02329	0.00592	0.00179	0.01362	0.02323	0.00430	0.00430
18	0.01047	0.02779	0.13297	0.11100	0.22460	0.07832	0.17673	0.02908	0.03441	0.01410	0.02428	0.05354	0.03769	0.00523	0.00473	0.00145	0.00597	0.01903	0.00254	0.00607
19	0.01249	0.02904	0.18462	0.01399	0.11496	0.08059	0.14114	0.14096	0.04248	0.08926	0.03598	0.05995	0.00981	0.00537	0.00481	0.00143	0.01874	0.00472	0.00314	0.00651
20	0.01132	0.02496	0.06602	0.05814	0.41533	0.04265	0.09000	0.06792	0.10885	0.01573	0.01120	0.01335	0.03239	0.00479	0.00459	0.00141	0.00546	0.01641	0.00275	0.00673
21	0.00844	0.02640	0.00865	0.04788	0.01002	0.09006	0.02907	0.04664	0.06097	0.01289	0.06868	0.31125	0.04173	0.06323	0.11349	0.02503	0.01980	0.00784	0.00347	0.00445
22	0.01224	0.04938	0.18398	0.06780	0.20328	0.06341	0.02561	0.13866	0.01193	0.08148	0.01120	0.02916	0.04289	0.00527	0.00505	0.00141	0.05356	0.00424	0.00290	0.00651
23	0.01256	0.14341	0.17041	0.02578	0.07115	0.08935	0.07241	0.11853	0.03449	0.09702	0.04014	0.04677	0.02736	0.00540	0.00461	0.00136	0.02548	0.00438	0.00307	0.00631
24	0.01173	0.01093	0.04610	0.04644	0.39518	0.04359	0.08930	0.04656	0.08113	0.07553	0.02338	0.02491	0.02201	0.02514	0.00527	0.00148	0.02364	0.00457	0.01648	0.00661
25	0.01018	0.03360	0.36587	0.09428	0.08317	0.04907	0.16243	0.04562	0.04253	0.01457	0.01063	0.01235	0.04578	0.00469	0.00457	0.00144	0.00633	0.00421	0.00237	0.00629
26	0.01162	0.02625	0.16177	0.05464	0.08049	0.08166	0.05262	0.14223	0.06821	0.06152	0.02365	0.08192	0.04330	0.02071	0.00519	0.00151	0.02101	0.03699	0.00327	0.02143
27	0.04894	0.07082	0.45274	0.02340	0.06644	0.01064	0.05019	0.06687	0.01041	0.05160	0.02341	0.02291	0.02070	0.01628	0.02794	0.00162	0.02232	0.00391	0.00249	0.00636
28	0.01079	0.02909	0.01026	0.03562	0.07087	0.09659	0.00706	0.15459	0.15559	0.01645	0.03454	0.09988	0.17796	0.02643	0.00546	0.00153	0.02926	0.00622	0.02618	0.00563
29	0.02811	0.04051	0.10795	0.04748	0.12192	0.03944	0.12505	0.12695	0.06970	0.12909	0.05453	0.02784	0.03125	0.02385	0.00502	0.00148	0.00522	0.00475	0.00342	0.00647
30	0.04588	0.09690	0.09515	0.03361	0.05822	0.08850	0.12618	0.16153	0.08483	0.11458	0.02734	0.02787	0.00898	0.00504	0.00441	0.00137	0.00546	0.00426	0.00336	0.00654
31	0.00600	0.00441	0.00552	0.00632	0.01984	0.00406	0.00428	0.00712	0.02231	0.02630	0.02896	0.56890	0.21079	0.04248	0.00624	0.00184	0.00272	0.02389	0.00415	0.00388
32	0.01076	0.01158	0.14410	0.15723	0.19155	0.00977	0.13905	0.05168	0.03486	0.08143	0.02490	0.05704	0.00966	0.00617	0.03068	0.00166	0.00586	0.02297	0.00282	0.00622
33	0.01201	0.16517	0.12357	0.02599	0.13498	0.10920	0.05162	0.06764	0.07924	0.05150	0.05634	0.02724	0.00996	0.00510	0.00448	0.00132	0.02680	0.00411	0.03755	0.00619
34	0.02988	0.06325	0.20045	0.04757	0.18367	0.03654	0.20340	0.04798	0.04155	0.01475	0.01054	0.01305	0.03746	0.01857	0.00506	0.00148	0.01938	0.01670	0.00247	0.00627
35	0.00698	0.00530	0.00593	0.00577	0.00732	0.00498	0.00438	0.00956	0.09932	0.05407	0.09118	0.10511	0.48761	0.01230	0.06433	0.00197	0.00328	0.02192	0.00425	0.00444
36	0.01256	0.12664	0.15820	0.02915	0.04307	0.08448	0.04246	0.11047	0.04910	0.12952	0.06128	0.05086	0.05092	0.00585	0.00467	0.00138	0.02512	0.00470	0.00336	0.00622
37	0.01288	0.05525	0.07657	0.03326	0.10335	0.06905	0.04364	0.12851	0.16991	0.12797	0.02665	0.07046	0.01162	0.02553	0.00502	0.00150	0.00486	0.02374	0.00371	0.00651
38	0.00972	0.00841	0.02525	0.01184	0.15287	0.04970	0.04599	0.04442	0.10084	0.05418	0.05097	0.15232	0.08267	0.04244	0.03003	0.00186	0.01919	0.09516	0.01674	0.00541
39	0.02275	0.04393	0.12913	0.07349	0.17835	0.09384	0.13171	0.06052	0.06464	0.03874	0.01120	0.05885	0.02153	0.00541	0.00487	0.00145	0.02582	0.02483	0.00277	0.00618
40	0.02571	0.07675	0.15619	0.03555	0.06090	0.07379	0.08814	0.12013	0.10939	0.06328	0.02667	0.10597	0.01105	0.00593	0.00453	0.00142	0.00521	0.00506	0.01808	0.00623
41	0.04878	0.05645	0.26418	0.06833	0.13634	0.01080	0.05236	0.10446	0.07909	0.08378	0.01066	0.03538	0.00816	0.00493	0.00437	0.00141	0.00539	0.00414	0.01437	0.00663
42	0.00834	0.00661	0.00743	0.00727	0.02295	0.02675	0.00540	0.06656	0.15251	0.02900	0.12745	0.14897	0.20728	0.03052	0.08083	0.00214	0.00399	0.03674	0.02434	0.00491
43	0.01160	0.05993	0.09801	0.06456	0.15167	0.11530	0.07220	0.03233	0.06143	0.09540	0.02749	0.05925	0.08827	0.00605	0.00484	0.00142	0.02376	0.01740	0.00310	0.00599
44	0.01270	0.04631	0.20445	0.01413	0.11113	0.09307	0.13296	0.15446	0.01231	0.07387	0.00976	0.03020	0.00755	0.00497	0.00508	0.00141	0.05295	0.00416	0.02201	0.00651
45	0.00943	0.00792	0.00944	0.01024	0.10915	0.03841	0.00682	0.12669	0.13307	0.01586	0.05090	0.30601	0.09617	0.00978	0.02102	0.00170	0.03011	0.00799	0.00393	0.00538
46	0.02673	0.04612	0.15464	0.05152	0.12342	0.05881	0.13147	0.01282	0.02376	0.06184	0.03955	0.16457	0.04611	0.01988	0.00509	0.00154	0.00522	0.01825	0.00299	0.00565
47	0.04006	0.06176	0.14730	0.11199	0.06274	0.03921	0.12997	0.14676	0.04630	0.12096	0.01051	0.01218	0.00781	0.03642	0.00516	0.00152	0.00565	0.00416	0.00312	0.00645
48	0.01161	0.01158	0.08161	0.08106	0.32183	0.01094	0.10472	0.17286	0.06071	0.01737	0.01100	0.05058	0.01974	0.00508	0.00465	0.00142	0.00540	0.00470	0.01643	0.00670
49	0.00928	0.00764	0.02052	0.20661	0.08974	0.02154	0.00793	0.11834	0.01122	0.03364	0.05887	0.12942	0.12184	0.05731	0.02180	0.00179	0.00445	0.03100	0.04196	0.00509
50	0.05065	0.13929	0.16229	0.06066	0.09934	0.07519	0.07691	0.06920	0.06239	0.07605	0.05075	0.02590	0.02199	0.00503	0.00428	0.00135	0.00539	0.00417	0.00293	0.00623
51	0.01063	0.15545	0.31178	0.01232	0.08075	0.04639	0.06130	0.05732	0.05968	0.02688	0.01104	0.05653	0.03465	0.02383	0.00504	0.00145	0.03183	0.00434	0.00258	0.00619
52	0.00732	0.00613	0.00921	0.13534	0.14485	0.00645	0.00746	0.00913	0.02480	0.01244	0.03961	0.40496	0.05323	0.02419	0.03274	0.00191	0.02846	0.04371	0.00343	0.00462
53	0.04397	0.01310	0.19888	0.01307	0.12244	0.05628	0.08619	0.10159	0.05087	0.07180	0.03905	0.06910	0.05405	0.00615	0.00486	0.00148	0.01861	0.03910	0.00321	0.00619
54	0.01137	0.09141	0.21689	0.09807	0.15619	0.09941	0.07095	0.05298	0.03696	0.04439	0.01027	0.03041	0.02435	0.00499	0.00455	0.00139	0.01670	0.01992	0.00256	0.00623
55	0.00916	0.08164	0.15610	0.02840	0.09143	0.04492	0.06836	0.04135	0.00944	0.01302	0.02976	0.03350	0.00999	0.04008	0.29364	0.00353	0.00798	0.00451	0.02789	0.00531
56	0.00762	0.00563	0.00638	0.00637	0.03286	0.00517	0.00460	0.05637	0.04318	0.06954	0.08756	0.12612	0.51093	0.01041	0.00524	0.00153	0.00274	0.00881	0.00433	0.00458
57	0.01194	0.08453	0.27316	0.01354	0.12671	0.02782	0.05839	0.12246	0.03544	0.08519	0.04517	0.01218	0.01940	0.00508	0.00507	0.00141	0.05889	0.00407	0.00292	0.00661
58	0.03155	0.07463	0.03271	0.08002	0.03940	0.17949	0.02273	0.10988	0.11815	0.06481	0.02911	0.03124	0.02448	0.00774	0.02997	0.03841	0.04075	0.03505	0.00356	0.00631
59	0.01131	0.00857	0.01004	0.00956	0.04455	0.00913	0.00704	0.21538	0.14009	0.01826	0.03053	0.09085	0.04315	0.08397	0.17149	0.00312	0.00602	0.06140	0.02952	0.00605
60	0.03844	0.03441	0.10869	0.06814	0.26204	0.09805	0.12723	0.05814	0.04270	0.01495	0.02998	0.05949	0.02726	0.00518	0.00458	0.00141	0.00574	0.00472	0.00266	0.00620
61	0.01182	0.08077	0.04172	0.03898	0.08162	0.06414	0.04089	0.18513	0.06247	0.06280	0.08773	0.05049	0.03218	0.09250	0.02774	0.00185	0.00496	0.02282	0.00353	0.00585
62	0.03284	0.07232	0.49327	0.01319	0.08174	0.03257	0.03147	0.13701	0.01160	0.04005	0.00871	0.00990	0.00634	0.00447	0.00425	0.00138	0.00610	0.00351	0.00250	0.00677
63	0.00876	0.00606	0.00748	0.00771	0.04231	0.00596	0.00551	0.02942	0.14096	0.10212	0.11627	0.28021	0.16574	0.01016	0.00527	0.00162	0.00306	0.05188	0.00444	0.00505
64	0.08559	0.01163	0.16592	0.02591	0.14779	0.02027	0.10917	0.04679	0.04121	0.09824	0.07338	0.09053	0.05172	0.00609	0.00465	0.00146	0.00491	0.00541	0.00325	0.00607
65	0.01032	0.03130	0.17489	0.16363	0.04942	0.04312	0.21746	0.01378	0.03343	0.05832	0.03017	0.04380	0.02562	0.00539	0.00548	0.00152	0.06327	0.02062	0.00260	0.00585
66	0.00633	0.00506	0.00604	0.00628	0.00736	0.00495	0.00483	0.00806	0.04178	0.01258	0.05903	0.18193	0.36943	0.04741	0.03087	0.00200	0.04364	0.15437	0.00402	0.00403
67	0.05794	0.08172	0.07252	0.05227	0.27909	0.24435	0.04492	0.02702	0.01064	0.01343	0.00761	0.00968	0.00631	0.00457	0.00498	0.00134	0.06978	0.00351	0.00226	0.00606
68	0.01234	0.11851	0.38693	0.03188	0.05041	0.02633	0.09779	0.09366	0.03599	0.03355	0.04251	0.01390	0.00976	0.00574	0.00502	0.00166	0.00644	0.01724	0.00309	0.00723
69	0.00846	0.02913	0.14711	0.06130	0.03709	0.05283	0.11329	0.02846	0.02545	0.01329	0.02359	0.05051	0.30928	0.02717	0.00559	0.00156	0.02475	0.02033	0.01575	0.00507
70	0.00571	0.00414	0.00534	0.00617	0.00661	0.00389	0.00423	0.00658	0.00875	0.01151	0.02598	0.62537	0.11114	0.07539	0.03111	0.00217	0.00309	0.05510	0.00404	0.00367
71	0.03410	0.02467	0.05692	0.00783	0.02848	0.01966	0.04443	0.02827	0.04043	0.07823	0.12101	0.11786	0.25634	0.00871	0.00497	0.00147	0.00351	0.05052	0.00393	0.06867
72	0.03000	0.11561	0.01667	0.01831	0.39797	0.04183	0.02684	0.12188	0.02711	0.05364	0.03298	0.03143	0.00883	0.00497	0.00491	0.00136	0.05197	0.00417	0.00285	0.00667
73	0.00922	0.01764	0.48045	0.01408	0.07461	0.02543	0.14250	0.01325	0.00966	0.01386	0.01040	0.11716	0.00917	0.00563	0.00507	0.00151	0.03694	0.00497	0.00231	0.00615
74	0.00933	0.03893	0.77130	0.01264	0.01911	0.01050	0.01620	0.01439	0.00964	0.02953	0.00858	0.01040	0.00622	0.00447	0.00432	0.00144	0.00656	0.01777	0.00203	0.00665
75	0.01151	0.01044	0.04844	0.01005	0.04208	0.04784	0.03563	0.11210	0.42165	0.04177	0.06754	0.05386	0.03100	0.03874	0.00541	0.00160	0.00420	0.00546	0.00415	0.00652
76	0.00968	0.02436	0.03454	0.01184	0.15222	0.03871	0.04121	0.04946	0.02392	0.06714	0.08253	0.05608	0.11844	0.00871	0.00528	0.00164	0.00434	0.26080	0.00376	0.00533
77	0.00856	0.00805	0.01359	0.82986	0.03121	0.01007	0.01258	0.01158	0.00906	0.01158	0.00805	0.01208	0.00604	0.00453	0.00453	0.00151	0.00604	0.00403	0.00201	0.00503
78	0.00856	0.00805	0.01359	0.82986	0.03121	0.01007	0.01258	0.01158	0.00906	0.01158	0.00805	0.01208	0.00604	0.00453	0.00453	0.00151	0.00604	0.00403	0.00201	0.00503
79	0.01102	0.00965	0.01422	0.05386	0.34837	0.04278	0.06237	0.05926	0.08584	0.05863	0.13179	0.04076	0.02995	0.02528	0.00517	0.00148	0.00475	0.00526	0.00329	0.00628
