[name]
unknown

[dist]
# distance from previous block
# <min> <max>
5	281

[block]
# block no. 0 follows, 74 sequences, length 19
# corresponding to MSA columns:
# 323-341
name=unknown_A
#
# <colnr> <probs for GDERKNQSTAVLIFYWHMCP>
#	G	D	E	R	K	N	Q	S	T	A	V	L	I	F	Y	W	H	M	C	P
0	0.03638	0.19441	0.09351	0.00649	0.00840	0.02560	0.01676	0.07826	0.05204	0.01141	0.02702	0.34231	0.03409	0.03372	0.00423	0.00129	0.00328	0.00601	0.02065	0.00415
1	0.02358	0.05673	0.05217	0.00704	0.00875	0.15345	0.02994	0.12259	0.04245	0.01200	0.03426	0.28826	0.08427	0.03094	0.00447	0.00128	0.01443	0.00593	0.00289	0.02456
2	0.05814	0.27910	0.04382	0.00755	0.01038	0.08909	0.00664	0.35203	0.02578	0.03954	0.00758	0.00853	0.00602	0.04572	0.00392	0.00113	0.00421	0.00286	0.00269	0.00529
3	0.00963	0.30662	0.21380	0.00840	0.01202	0.04969	0.07701	0.05107	0.07583	0.05194	0.00734	0.00807	0.00572	0.00352	0.00315	0.00097	0.00439	0.00274	0.00211	0.10597
4	0.01004	0.33627	0.06173	0.03951	0.01248	0.07103	0.16867	0.06278	0.00871	0.06531	0.02627	0.02887	0.00650	0.00403	0.00411	0.00108	0.08247	0.00320	0.00210	0.00486
5	0.00826	0.04459	0.03266	0.00654	0.00820	0.00681	0.00534	0.13685	0.12897	0.07000	0.02893	0.03383	0.04718	0.05775	0.35002	0.00323	0.00604	0.00419	0.00282	0.01782
6	0.00490	0.00353	0.00428	0.00462	0.00502	0.00335	0.00308	0.00551	0.00701	0.00920	0.07162	0.34888	0.15863	0.28886	0.03441	0.00226	0.00282	0.03612	0.00305	0.00284
7	0.00939	0.53441	0.27173	0.02512	0.01198	0.07191	0.00873	0.01154	0.00784	0.00969	0.00569	0.00666	0.00475	0.00334	0.00283	0.00093	0.00464	0.00227	0.00161	0.00494
8	0.01018	0.00962	0.01474	0.14051	0.22618	0.05641	0.22198	0.20687	0.05078	0.01434	0.00784	0.00953	0.00598	0.00371	0.00386	0.00116	0.00495	0.00358	0.00236	0.00541
9	0.00553	0.00330	0.00453	0.00490	0.00508	0.00319	0.00330	0.00519	0.00609	0.00814	0.01405	0.35598	0.04689	0.06347	0.00994	0.40337	0.00274	0.02794	0.02401	0.00236
10	0.03393	0.00505	0.00612	0.00539	0.00700	0.00481	0.00420	0.02544	0.10211	0.21239	0.36546	0.04559	0.15385	0.00682	0.00410	0.00119	0.00232	0.00581	0.00400	0.00443
11	0.00770	0.00660	0.00770	0.00550	0.00880	0.00495	0.00440	0.00935	0.00770	0.01210	0.00660	0.00770	0.00550	0.00275	0.00275	0.00055	0.00275	0.00220	0.00220	0.89224
12	0.00484	0.00398	0.02445	0.00460	0.00536	0.00350	0.00334	0.00568	0.00735	0.00949	0.07125	0.24078	0.31937	0.18744	0.08963	0.00225	0.00316	0.00746	0.00305	0.00302
13	0.00462	0.00356	0.00417	0.00452	0.00525	0.00318	0.00321	0.00550	0.00796	0.01013	0.09922	0.36515	0.37941	0.05171	0.00525	0.00148	0.00211	0.03703	0.00344	0.00309
14	0.00873	0.00884	0.03849	0.40383	0.30392	0.08261	0.03241	0.01125	0.03163	0.03269	0.00713	0.00950	0.00555	0.00362	0.00368	0.00116	0.00487	0.00327	0.00188	0.00491
15	0.02029	0.24658	0.09240	0.03139	0.07913	0.04955	0.08377	0.17428	0.11675	0.05883	0.00825	0.00885	0.00631	0.00383	0.00337	0.00106	0.00434	0.00308	0.00252	0.00543
16	0.03136	0.00761	0.05897	0.00693	0.00945	0.02450	0.00586	0.12540	0.03946	0.48118	0.01231	0.01290	0.00880	0.10181	0.03593	0.00160	0.02288	0.00376	0.00374	0.00555
17	0.00475	0.00377	0.00429	0.00445	0.00538	0.00338	0.00322	0.00610	0.03812	0.01094	0.17687	0.26374	0.44261	0.00954	0.00446	0.00131	0.00197	0.00826	0.00357	0.00326
18	0.00912	0.06182	0.36960	0.05714	0.23237	0.05690	0.03468	0.01201	0.00836	0.08332	0.00777	0.03678	0.00609	0.00382	0.00358	0.00114	0.00487	0.00324	0.00199	0.00539

[dist]
# distance from previous block
# <min> <max>
0	1

[block]
# block no. 1 follows, 74 sequences, length 23
# corresponding to MSA columns:
# 343-365
name=unknown_B
#
# <colnr> <probs for GDERKNQSTAVLIFYWHMCP>
#	G	D	E	R	K	N	Q	S	T	A	V	L	I	F	Y	W	H	M	C	P
0	0.01133	0.06523	0.14585	0.02839	0.10927	0.09463	0.02804	0.14728	0.12629	0.15597	0.02942	0.01017	0.00755	0.00420	0.00375	0.00113	0.01970	0.00335	0.00288	0.00558
1	0.08869	0.19304	0.07758	0.00913	0.04446	0.36785	0.02792	0.10546	0.00985	0.01168	0.00607	0.00704	0.00495	0.00374	0.00339	0.00101	0.02882	0.00252	0.00204	0.00477
2	0.13445	0.03542	0.02051	0.08133	0.06174	0.05795	0.14175	0.19804	0.08257	0.05781	0.03976	0.03239	0.00768	0.00430	0.00385	0.00117	0.02782	0.00362	0.00274	0.00511
3	0.00585	0.00396	0.00498	0.00535	0.00601	0.00382	0.00374	0.00754	0.08615	0.06711	0.06692	0.60709	0.07028	0.03642	0.00497	0.00149	0.00230	0.00896	0.00355	0.00352
4	0.12667	0.14463	0.17238	0.00852	0.03661	0.13001	0.02822	0.14545	0.02973	0.05521	0.01767	0.00805	0.00577	0.00376	0.00330	0.00104	0.01476	0.00274	0.00236	0.06313
5	0.08013	0.17496	0.27337	0.00856	0.02781	0.04854	0.05155	0.06476	0.06328	0.03058	0.04034	0.05582	0.00792	0.01312	0.00353	0.00112	0.00430	0.01269	0.00227	0.03535
6	0.00586	0.00379	0.00486	0.00507	0.00575	0.00353	0.00358	0.00699	0.02417	0.07925	0.19391	0.45341	0.07829	0.08695	0.00582	0.00158	0.00231	0.02793	0.00357	0.00339
7	0.00514	0.00397	0.00468	0.00472	0.00566	0.00369	0.00347	0.02150	0.04840	0.01201	0.29707	0.23337	0.30993	0.00906	0.00444	0.00129	0.00202	0.02246	0.00368	0.00342
8	0.02067	0.21021	0.26513	0.03009	0.06431	0.04436	0.05340	0.09922	0.06538	0.03791	0.04175	0.00918	0.00691	0.00426	0.01698	0.00116	0.01857	0.00306	0.00221	0.00522
9	0.03389	0.09013	0.26707	0.11760	0.16879	0.03771	0.00992	0.07076	0.08035	0.07712	0.00801	0.00905	0.00597	0.00376	0.00348	0.00113	0.00455	0.00306	0.00224	0.00540
10	0.00460	0.00328	0.00433	0.00509	0.00534	0.00307	0.00340	0.00528	0.00723	0.00970	0.06759	0.78488	0.02471	0.04587	0.00529	0.00157	0.00219	0.01012	0.00343	0.00301
11	0.00891	0.17980	0.12803	0.02399	0.03652	0.17164	0.07919	0.01794	0.00818	0.03190	0.01694	0.04261	0.04874	0.02440	0.16333	0.00202	0.00584	0.00359	0.00205	0.00440
12	0.08740	0.07737	0.12908	0.00820	0.02513	0.24806	0.00713	0.11397	0.08714	0.03846	0.05620	0.02900	0.03299	0.00542	0.03765	0.00128	0.00477	0.00337	0.00255	0.00482
13	0.00945	0.08794	0.07635	0.00665	0.00909	0.00810	0.00583	0.30575	0.05799	0.04960	0.01834	0.04944	0.26675	0.02692	0.00419	0.00122	0.00332	0.00494	0.00326	0.00488
14	0.03194	0.00665	0.03814	0.00616	0.00800	0.03172	0.02011	0.11891	0.12914	0.07891	0.29054	0.02116	0.17721	0.00678	0.01696	0.00126	0.00289	0.00541	0.00363	0.00449
15	0.00890	0.15989	0.21413	0.07725	0.14809	0.03318	0.07544	0.04433	0.02490	0.05290	0.02370	0.07447	0.00759	0.00429	0.00366	0.00112	0.01609	0.00366	0.02135	0.00504
16	0.05338	0.23045	0.14454	0.03531	0.07184	0.04654	0.09961	0.06693	0.06198	0.06122	0.00898	0.07479	0.02033	0.00433	0.00342	0.00110	0.00431	0.00361	0.00232	0.00501
17	0.00939	0.00987	0.01177	0.10566	0.35045	0.20803	0.03042	0.01118	0.02766	0.01042	0.00827	0.02956	0.02760	0.09202	0.00566	0.00138	0.05038	0.00362	0.00199	0.00470
18	0.00737	0.28110	0.18414	0.00664	0.00895	0.00840	0.02770	0.00910	0.03257	0.00921	0.00940	0.09232	0.00968	0.28895	0.00836	0.00189	0.00402	0.00419	0.00205	0.00396
19	0.02551	0.17965	0.36058	0.03251	0.01437	0.00979	0.15885	0.04908	0.02634	0.05927	0.00801	0.00907	0.02740	0.00373	0.00365	0.00112	0.02069	0.00315	0.00201	0.00520
20	0.11389	0.10520	0.35124	0.02943	0.03549	0.11113	0.07566	0.04501	0.03225	0.03584	0.00717	0.00874	0.00554	0.00376	0.00338	0.00112	0.00494	0.02312	0.00201	0.00505
21	0.00609	0.00509	0.00528	0.00560	0.00630	0.08230	0.00395	0.02759	0.03891	0.02506	0.07287	0.54935	0.10266	0.03283	0.00486	0.00144	0.00267	0.02041	0.00335	0.00341
22	0.00914	0.09464	0.41521	0.04174	0.01474	0.12815	0.11882	0.02427	0.04285	0.03891	0.03256	0.00889	0.00621	0.00372	0.00356	0.00112	0.00528	0.00308	0.00196	0.00513

[dist]
# distance from previous block
# <min> <max>
0	1

[block]
# block no. 2 follows, 74 sequences, length 6
# corresponding to MSA columns:
# 367-372
name=unknown_C
#
# <colnr> <probs for GDERKNQSTAVLIFYWHMCP>
#	G	D	E	R	K	N	Q	S	T	A	V	L	I	F	Y	W	H	M	C	P
0	0.04796	0.10196	0.10948	0.01088	0.08091	0.03891	0.24302	0.06177	0.02418	0.12002	0.04057	0.01174	0.06654	0.00421	0.00390	0.00115	0.02135	0.00384	0.00251	0.00510
1	0.00709	0.00524	0.00569	0.00582	0.02625	0.07173	0.00413	0.00840	0.03511	0.10936	0.12291	0.32695	0.18216	0.04840	0.00500	0.00141	0.00270	0.02446	0.00345	0.00372
2	0.01018	0.00722	0.00794	0.00692	0.00871	0.00743	0.00533	0.35355	0.02985	0.04321	0.05799	0.18901	0.11958	0.03718	0.00486	0.00145	0.00330	0.02318	0.07802	0.00507
3	0.00858	0.02903	0.07500	0.03624	0.04512	0.14258	0.21070	0.06558	0.00891	0.01127	0.04675	0.09408	0.02904	0.10194	0.02134	0.00157	0.01755	0.04807	0.00237	0.00429
4	0.11650	0.27456	0.13049	0.00909	0.06140	0.17127	0.04414	0.08070	0.03480	0.01195	0.00631	0.00729	0.00511	0.00364	0.00331	0.00102	0.02894	0.00257	0.00201	0.00491
5	0.06683	0.03664	0.01071	0.00876	0.05214	0.13812	0.02816	0.41804	0.03404	0.03829	0.00810	0.00892	0.00619	0.03073	0.00391	0.00111	0.00427	0.00307	0.00297	0.09902

[dist]
# distance from previous block
# <min> <max>
3	9

[block]
# block no. 3 follows, 74 sequences, length 17
# corresponding to MSA columns:
# 384-400
name=unknown_D
#
# <colnr> <probs for GDERKNQSTAVLIFYWHMCP>
#	G	D	E	R	K	N	Q	S	T	A	V	L	I	F	Y	W	H	M	C	P
0	0.00462	0.00360	0.00428	0.00461	0.00537	0.00331	0.00332	0.00549	0.00758	0.00960	0.02686	0.33057	0.40229	0.04381	0.10183	0.00198	0.00300	0.03155	0.00324	0.00309
1	0.00984	0.00994	0.05602	0.05401	0.07341	0.20598	0.00688	0.09509	0.16630	0.04902	0.06280	0.13548	0.01188	0.00573	0.00388	0.00120	0.00414	0.04067	0.00294	0.00479
2	0.01053	0.03947	0.04937	0.00956	0.08523	0.08092	0.08464	0.17056	0.15222	0.10805	0.06334	0.04996	0.03738	0.00573	0.03496	0.00134	0.00422	0.00417	0.00309	0.00528
3	0.01252	0.00806	0.00885	0.00704	0.00946	0.00865	0.00573	0.47068	0.07259	0.14200	0.01091	0.01092	0.00781	0.00449	0.00347	0.00107	0.00334	0.00349	0.20329	0.00564
4	0.00549	0.00442	0.02739	0.00475	0.00594	0.00379	0.00373	0.00708	0.03888	0.04108	0.24473	0.07938	0.38921	0.06105	0.00528	0.00142	0.00226	0.06712	0.00354	0.00347
5	0.10076	0.23471	0.12244	0.01926	0.02619	0.17388	0.06137	0.06708	0.09534	0.02902	0.00719	0.00793	0.00566	0.00367	0.00315	0.00102	0.00460	0.00272	0.00219	0.03183
6	0.02865	0.06782	0.21552	0.02517	0.10389	0.05365	0.15548	0.14010	0.08258	0.06728	0.00824	0.00919	0.00611	0.00381	0.00377	0.00115	0.01641	0.00331	0.00241	0.00548
7	0.00452	0.00365	0.00400	0.00420	0.00515	0.00316	0.00304	0.00543	0.00818	0.01011	0.07713	0.22564	0.57469	0.03305	0.00487	0.00138	0.00201	0.02322	0.00345	0.00311
8	0.03103	0.16508	0.06208	0.00758	0.01021	0.04709	0.02964	0.21962	0.06147	0.15450	0.06033	0.01124	0.02967	0.00595	0.05567	0.00139	0.03567	0.00349	0.00302	0.00526
9	0.06225	0.07417	0.10886	0.09224	0.12699	0.15487	0.13053	0.11961	0.03163	0.02362	0.00744	0.02658	0.00597	0.01485	0.00376	0.00115	0.00497	0.00328	0.00219	0.00503
10	0.00506	0.00382	0.00430	0.00421	0.00534	0.00331	0.00314	0.00623	0.00904	0.03957	0.26974	0.08329	0.53200	0.00885	0.00438	0.00124	0.00190	0.00754	0.00367	0.00334
11	0.00904	0.00915	0.02893	0.07416	0.16049	0.05160	0.24040	0.09719	0.03892	0.01259	0.06181	0.01139	0.03675	0.00451	0.00533	0.00125	0.14537	0.00395	0.00226	0.00492
12	0.07498	0.16326	0.08551	0.04906	0.10604	0.08600	0.05523	0.08019	0.06229	0.07488	0.06110	0.00998	0.00783	0.01592	0.00408	0.00114	0.05185	0.00324	0.00243	0.00500
13	0.03637	0.08675	0.12045	0.03891	0.01023	0.09423	0.04285	0.06543	0.07928	0.04111	0.01553	0.10398	0.16500	0.00686	0.03339	0.00137	0.00405	0.04707	0.00273	0.00442
14	0.01059	0.00697	0.00777	0.00637	0.00856	0.00708	0.00512	0.33600	0.04169	0.16151	0.06860	0.04240	0.26867	0.00641	0.00399	0.00118	0.00301	0.00522	0.00380	0.00506
15	0.02193	0.24040	0.21935	0.03153	0.01229	0.11972	0.04637	0.07902	0.06326	0.05923	0.00772	0.01883	0.00616	0.00438	0.01776	0.00115	0.02805	0.01559	0.00219	0.00507
16	0.17254	0.16632	0.11199	0.02745	0.03385	0.10474	0.07151	0.10930	0.06246	0.04271	0.02042	0.02052	0.00638	0.01920	0.00361	0.00113	0.01558	0.00301	0.00236	0.00491

[dist]
# distance from previous block
# <min> <max>
0	2

[block]
# block no. 4 follows, 74 sequences, length 62
# corresponding to MSA columns:
# 403-464
name=unknown_E
#
# <colnr> <probs for GDERKNQSTAVLIFYWHMCP>
#	G	D	E	R	K	N	Q	S	T	A	V	L	I	F	Y	W	H	M	C	P
0	0.00473	0.00354	0.00477	0.00532	0.00581	0.00328	0.02196	0.00559	0.00757	0.00999	0.06602	0.65365	0.12066	0.01088	0.00469	0.00147	0.00227	0.06124	0.00344	0.00312
1	0.03967	0.00970	0.01136	0.08499	0.07439	0.15093	0.10516	0.18619	0.07512	0.10519	0.02520	0.06815	0.00818	0.00469	0.00406	0.00118	0.03394	0.00392	0.00284	0.00513
2	0.07417	0.05503	0.13356	0.14056	0.12656	0.09029	0.09850	0.06766	0.03034	0.05329	0.05005	0.01875	0.00733	0.00458	0.02567	0.00127	0.01181	0.00340	0.00225	0.00493
3	0.02975	0.09164	0.18152	0.01189	0.06474	0.11419	0.28050	0.07703	0.03846	0.03091	0.00759	0.00945	0.00592	0.00373	0.00386	0.00115	0.01864	0.02180	0.00210	0.00513
4	0.00496	0.00382	0.00448	0.00464	0.00546	0.00352	0.00335	0.00638	0.04400	0.01105	0.21243	0.25194	0.31837	0.07152	0.00553	0.00149	0.00215	0.03816	0.00352	0.00325
5	0.00860	0.01728	0.07886	0.02481	0.05912	0.07121	0.21715	0.06395	0.02585	0.06825	0.05119	0.21188	0.01967	0.00610	0.00431	0.00128	0.01869	0.04449	0.00274	0.00457
6	0.04862	0.18960	0.13324	0.01832	0.03880	0.12592	0.10494	0.16667	0.03169	0.01315	0.02619	0.02621	0.00643	0.00407	0.00387	0.00109	0.05072	0.00315	0.00226	0.00505
7	0.00535	0.00373	0.00450	0.00460	0.00544	0.00334	0.00329	0.00636	0.00846	0.05553	0.22306	0.29673	0.29599	0.05981	0.00531	0.00145	0.00211	0.00807	0.00359	0.00330
8	0.05580	0.06184	0.07004	0.01714	0.01340	0.29665	0.22135	0.15312	0.01048	0.01281	0.00738	0.00864	0.01984	0.00430	0.02138	0.00119	0.01436	0.00319	0.00221	0.00488
9	0.06793	0.10070	0.08292	0.01050	0.12122	0.05502	0.11148	0.13792	0.09202	0.02123	0.04027	0.03267	0.01674	0.02382	0.00415	0.00122	0.01908	0.05350	0.00257	0.00504
10	0.02508	0.05742	0.15084	0.05980	0.03315	0.07266	0.23697	0.04580	0.00830	0.02087	0.01952	0.06637	0.02010	0.04043	0.05349	0.00159	0.07690	0.00406	0.00207	0.00458
11	0.00461	0.00336	0.00436	0.00510	0.00548	0.00311	0.00352	0.00538	0.00742	0.00978	0.04545	0.71102	0.11069	0.01121	0.00471	0.00148	0.00218	0.05462	0.00346	0.00306
12	0.02318	0.01178	0.06111	0.05304	0.05683	0.27846	0.08358	0.13416	0.07288	0.10092	0.03573	0.03907	0.00775	0.00441	0.00385	0.00113	0.02084	0.00354	0.00268	0.00506
13	0.01877	0.03209	0.05613	0.04061	0.31985	0.08392	0.12597	0.10279	0.01844	0.08556	0.00863	0.01739	0.02515	0.00436	0.01996	0.00123	0.02788	0.00353	0.00234	0.00540
14	0.01168	0.01004	0.07957	0.00900	0.05553	0.01009	0.00732	0.46492	0.22166	0.03149	0.01037	0.01073	0.00774	0.03280	0.01884	0.00132	0.00400	0.00359	0.00339	0.00593
15	0.34458	0.00691	0.00675	0.00589	0.00802	0.00758	0.00471	0.07495	0.22698	0.09688	0.08316	0.01382	0.09554	0.00501	0.00332	0.00119	0.00281	0.00385	0.00328	0.00477
16	0.02902	0.01018	0.04510	0.04983	0.08613	0.26520	0.02094	0.06404	0.05267	0.01097	0.01132	0.08404	0.06796	0.06740	0.07001	0.00170	0.02460	0.03223	0.00241	0.00426
17	0.02908	0.16978	0.32388	0.00968	0.07110	0.08861	0.04136	0.05214	0.00867	0.03689	0.02944	0.06527	0.00741	0.00425	0.00343	0.00109	0.00464	0.01572	0.00209	0.03547
18	0.00499	0.00368	0.00474	0.00522	0.00572	0.00356	0.00364	0.00653	0.06342	0.01092	0.18079	0.61293	0.03954	0.01073	0.02371	0.00152	0.00230	0.00918	0.00356	0.00331
19	0.00566	0.00459	0.00531	0.00540	0.02352	0.02596	0.01259	0.04395	0.02123	0.01179	0.22217	0.18876	0.31387	0.03732	0.00490	0.00137	0.00240	0.06225	0.00349	0.00348
20	0.00990	0.02970	0.17874	0.02418	0.01143	0.04362	0.05260	0.21126	0.11568	0.08123	0.08082	0.03900	0.04855	0.02001	0.00411	0.00123	0.00400	0.03566	0.00307	0.00520
21	0.00802	0.00854	0.07657	0.22784	0.46308	0.00815	0.02706	0.01033	0.00811	0.01125	0.02445	0.03318	0.05422	0.00412	0.00391	0.00117	0.01917	0.00379	0.00194	0.00509
22	0.00967	0.00901	0.01415	0.08793	0.68963	0.05601	0.01075	0.01179	0.00860	0.05632	0.00729	0.00929	0.00592	0.00344	0.00366	0.00111	0.00451	0.00328	0.00197	0.00567
23	0.00868	0.01005	0.11036	0.08487	0.34497	0.02012	0.26439	0.03691	0.00853	0.01182	0.00740	0.01018	0.00604	0.05373	0.00476	0.00131	0.00512	0.00368	0.00189	0.00521
24	0.00876	0.00758	0.01776	0.10412	0.09328	0.08624	0.08277	0.07374	0.06120	0.08341	0.12930	0.07914	0.10628	0.01225	0.00415	0.00123	0.00378	0.03747	0.00300	0.00455
25	0.00692	0.00542	0.00658	0.00630	0.00722	0.07445	0.04832	0.02915	0.00791	0.06610	0.07732	0.34152	0.01711	0.09393	0.16091	0.00240	0.00442	0.02713	0.01331	0.00357
26	0.00624	0.00446	0.00521	0.00512	0.00611	0.02579	0.00378	0.00768	0.04216	0.08259	0.18280	0.25248	0.24440	0.03948	0.05611	0.00166	0.01956	0.00731	0.00348	0.00359
27	0.02319	0.11803	0.08003	0.01345	0.27172	0.25728	0.06231	0.06246	0.00955	0.04877	0.01572	0.00830	0.00577	0.00362	0.00345	0.00104	0.00511	0.00294	0.00208	0.00519
28	0.00978	0.02504	0.00798	0.01489	0.00877	0.24893	0.00556	0.10627	0.00944	0.07751	0.01122	0.15208	0.01067	0.01087	0.19072	0.00221	0.00557	0.04797	0.05034	0.00418
29	0.05659	0.00896	0.02908	0.09743	0.55980	0.02693	0.03500	0.07932	0.03290	0.01303	0.00774	0.00959	0.01991	0.00361	0.00363	0.00113	0.00439	0.00334	0.00208	0.00554
30	0.03568	0.05423	0.09864	0.12581	0.39589	0.00869	0.04383	0.01204	0.08770	0.04975	0.00893	0.01083	0.02807	0.00389	0.00364	0.00115	0.00431	0.01938	0.00217	0.00536
31	0.00844	0.02295	0.00741	0.00662	0.00821	0.11062	0.00506	0.03907	0.33418	0.03890	0.21538	0.11520	0.05969	0.00642	0.00398	0.00121	0.00303	0.00542	0.00355	0.00465
32	0.03856	0.07954	0.02127	0.12834	0.04624	0.04894	0.00688	0.25522	0.05708	0.02840	0.01002	0.01120	0.05524	0.00622	0.06380	0.00147	0.06645	0.00349	0.06674	0.00489
33	0.03870	0.01064	0.04273	0.03177	0.06337	0.24150	0.08501	0.12835	0.08261	0.03795	0.01124	0.10657	0.05092	0.00584	0.02570	0.00129	0.00475	0.02363	0.00268	0.00473
34	0.00963	0.00995	0.01387	0.13749	0.58766	0.14454	0.02065	0.01168	0.00864	0.01127	0.00673	0.00890	0.00557	0.00344	0.00364	0.00110	0.00487	0.00317	0.00182	0.00537
35	0.00445	0.00367	0.00391	0.00405	0.00510	0.00313	0.00296	0.00538	0.00833	0.01018	0.07561	0.17778	0.66323	0.00969	0.00445	0.00129	0.00192	0.00824	0.00348	0.00313
36	0.01141	0.11437	0.11195	0.01079	0.12463	0.24515	0.03370	0.20703	0.03014	0.01961	0.02276	0.01644	0.00632	0.01226	0.00374	0.00108	0.01799	0.00304	0.00236	0.00521
37	0.00862	0.05328	0.63586	0.01014	0.03601	0.00880	0.01194	0.07448	0.02723	0.06014	0.00784	0.00938	0.00580	0.00389	0.00356	0.00117	0.00503	0.02929	0.00202	0.00552
38	0.01212	0.00748	0.00847	0.00702	0.00937	0.00794	0.00562	0.19401	0.32338	0.25679	0.01336	0.02119	0.00957	0.00477	0.00363	0.00116	0.00311	0.00386	0.10135	0.00580
39	0.00843	0.00835	0.04869	0.00745	0.00953	0.09713	0.07453	0.13745	0.14916	0.01328	0.03093	0.02127	0.27955	0.00651	0.00424	0.00124	0.01972	0.07490	0.00313	0.00452
40	0.00723	0.00707	0.10440	0.00626	0.02932	0.03286	0.00527	0.06797	0.06604	0.06860	0.12155	0.04219	0.33198	0.05564	0.03579	0.00151	0.00322	0.00575	0.00321	0.00415
41	0.00727	0.00473	0.00616	0.00633	0.04141	0.00468	0.00447	0.00972	0.12055	0.12932	0.19303	0.31801	0.05058	0.00981	0.07450	0.00169	0.00304	0.00698	0.00360	0.00411
42	0.00479	0.00380	0.00430	0.00453	0.00540	0.00346	0.00324	0.00617	0.05233	0.01042	0.09189	0.32139	0.42947	0.03530	0.00491	0.00140	0.00207	0.00842	0.00348	0.00324
43	0.01100	0.04536	0.10255	0.04339	0.10728	0.33611	0.06288	0.06943	0.15109	0.01197	0.00811	0.01998	0.00643	0.00401	0.00357	0.00109	0.00523	0.00316	0.00230	0.00505
44	0.00986	0.00957	0.08227	0.01338	0.31239	0.07788	0.03338	0.12724	0.06534	0.06800	0.05451	0.08837	0.01803	0.00487	0.00384	0.00117	0.00413	0.01774	0.00270	0.00533
45	0.00618	0.00379	0.00408	0.00399	0.00497	0.00363	0.00299	0.03410	0.00867	0.01325	0.15980	0.06926	0.19548	0.00640	0.00344	0.00105	0.00187	0.00536	0.46823	0.00346
46	0.00486	0.00379	0.00444	0.00500	0.00546	0.02839	0.00342	0.00561	0.00757	0.00981	0.07547	0.62514	0.15054	0.04561	0.00519	0.00151	0.00228	0.00943	0.00339	0.00307
47	0.04194	0.06743	0.06551	0.09587	0.07122	0.00955	0.48566	0.05432	0.03731	0.01231	0.00746	0.00954	0.00569	0.00369	0.01491	0.00126	0.00551	0.00380	0.00199	0.00503
48	0.00566	0.00405	0.00483	0.00471	0.00586	0.00366	0.00364	0.00722	0.02827	0.05679	0.34136	0.04956	0.36632	0.00849	0.00442	0.00127	0.00209	0.09450	0.00376	0.00353
49	0.00459	0.00328	0.00430	0.00509	0.00534	0.00307	0.00341	0.00523	0.00708	0.00940	0.02050	0.78329	0.04868	0.05723	0.00549	0.00161	0.00224	0.02380	0.00338	0.00298
50	0.00879	0.08297	0.63668	0.01007	0.01475	0.15105	0.01198	0.02227	0.00838	0.01122	0.00642	0.00752	0.00474	0.00356	0.00341	0.00111	0.00556	0.00263	0.00165	0.00524
51	0.00518	0.00406	0.00539	0.01968	0.06213	0.01419	0.00430	0.01251	0.00753	0.00989	0.02066	0.57412	0.12667	0.01129	0.04988	0.00168	0.00288	0.06141	0.00321	0.00332
52	0.00957	0.02172	0.00825	0.00711	0.00900	0.00835	0.00556	0.17726	0.43932	0.04325	0.01378	0.04537	0.01162	0.11616	0.00581	0.00156	0.00328	0.06428	0.00352	0.00522
53	0.01352	0.06641	0.01123	0.00967	0.03612	0.70156	0.00724	0.09142	0.01094	0.01050	0.00604	0.00693	0.00496	0.00383	0.00333	0.00097	0.00622	0.00248	0.00206	0.00457
54	0.00941	0.00951	0.01472	0.14663	0.51993	0.08866	0.10699	0.03805	0.00882	0.01178	0.00693	0.00915	0.00562	0.00343	0.00373	0.00113	0.00491	0.00335	0.00188	0.00538
55	0.00648	0.00421	0.00454	0.00433	0.00552	0.00409	0.00329	0.00896	0.10228	0.04176	0.16666	0.02262	0.25750	0.00647	0.00360	0.00109	0.00196	0.00540	0.34549	0.00374
56	0.00749	0.00803	0.04016	0.04321	0.01147	0.07739	0.20955	0.00901	0.00745	0.00990	0.02396	0.17936	0.04928	0.07224	0.02649	0.00165	0.21183	0.00532	0.00224	0.00395
57	0.00858	0.28892	0.45692	0.00997	0.04085	0.02990	0.07827	0.01176	0.02285	0.01082	0.00639	0.00754	0.00496	0.00341	0.00324	0.00105	0.00501	0.00267	0.00166	0.00521
58	0.00502	0.00343	0.00455	0.00526	0.00558	0.00324	0.00358	0.01669	0.00726	0.02701	0.01955	0.76970	0.02311	0.02824	0.00530	0.02924	0.00230	0.03447	0.00339	0.00308
59	0.00447	0.00373	0.00387	0.00390	0.00505	0.00316	0.00288	0.00543	0.00845	0.01025	0.08783	0.07923	0.73059	0.02874	0.00473	0.00131	0.00193	0.00785	0.00346	0.00313
60	0.03185	0.01043	0.12427	0.09542	0.38009	0.08939	0.03944	0.02869	0.05613	0.01197	0.03106	0.02509	0.03238	0.00406	0.00387	0.00115	0.02386	0.00355	0.00209	0.00520
61	0.01058	0.13117	0.21170	0.01103	0.05280	0.17351	0.18300	0.11735	0.00984	0.04317	0.00703	0.00820	0.00535	0.00364	0.00367	0.00109	0.01652	0.00306	0.00210	0.00519

[dist]
# distance from previous block
# <min> <max>
0	1

[block]
# block no. 5 follows, 74 sequences, length 16
# corresponding to MSA columns:
# 466-481
name=unknown_F
#
# <colnr> <probs for GDERKNQSTAVLIFYWHMCP>
#	G	D	E	R	K	N	Q	S	T	A	V	L	I	F	Y	W	H	M	C	P
0	0.10774	0.03843	0.10348	0.09735	0.29709	0.07745	0.06229	0.05514	0.06876	0.02123	0.00729	0.00883	0.00573	0.00371	0.00375	0.00114	0.03016	0.00312	0.00210	0.00521
1	0.01108	0.16442	0.03331	0.05389	0.26305	0.23984	0.05792	0.09092	0.00972	0.03253	0.00670	0.00805	0.00542	0.00358	0.00340	0.00103	0.00505	0.00289	0.00205	0.00516
2	0.00586	0.00433	0.00580	0.02378	0.06000	0.00466	0.00398	0.02229	0.00606	0.00837	0.01054	0.01927	0.01116	0.48886	0.29040	0.00408	0.02076	0.00468	0.00214	0.00298
3	0.00578	0.00386	0.00478	0.00468	0.00518	0.00392	0.00317	0.00635	0.00622	0.04844	0.01481	0.02248	0.12380	0.47058	0.25638	0.00385	0.00517	0.00524	0.00245	0.00287
4	0.08030	0.00928	0.01166	0.06278	0.30614	0.09668	0.02215	0.15393	0.03100	0.14370	0.00853	0.01977	0.00649	0.00402	0.00381	0.00113	0.02713	0.00331	0.00268	0.00551
5	0.03672	0.00641	0.00853	0.00658	0.00939	0.00567	0.00543	0.04493	0.01075	0.78042	0.03569	0.01275	0.00964	0.00464	0.00372	0.00115	0.00315	0.00376	0.00450	0.00619
6	0.00457	0.00327	0.00435	0.00514	0.00539	0.00305	0.00345	0.00529	0.00733	0.00982	0.07369	0.81290	0.02523	0.01137	0.00471	0.00149	0.00213	0.01030	0.00349	0.00305
7	0.00870	0.00966	0.05582	0.03929	0.33095	0.06734	0.29350	0.01114	0.00865	0.01154	0.00984	0.01314	0.05950	0.00416	0.00403	0.00120	0.00505	0.05939	0.00205	0.00506
8	0.01059	0.01100	0.04932	0.00836	0.03142	0.27808	0.00647	0.21077	0.10006	0.01354	0.01138	0.22993	0.01097	0.00609	0.00386	0.00118	0.00437	0.00496	0.00292	0.00472
9	0.00510	0.00352	0.00446	0.00501	0.00559	0.00320	0.00351	0.00588	0.00760	0.04751	0.02365	0.62630	0.19066	0.01080	0.00464	0.00145	0.00219	0.04223	0.00350	0.00320
10	0.05672	0.33128	0.13264	0.00948	0.08047	0.18673	0.05742	0.02881	0.00839	0.01042	0.00617	0.00751	0.00519	0.00500	0.05807	0.00129	0.00525	0.00259	0.00180	0.00478
11	0.03302	0.16865	0.25529	0.00885	0.03846	0.08319	0.00857	0.16183	0.11811	0.03070	0.00854	0.04227	0.00683	0.00450	0.01454	0.00116	0.00451	0.00321	0.00245	0.00532
12	0.00463	0.00331	0.00435	0.00512	0.00538	0.00310	0.00345	0.00530	0.00717	0.00953	0.03624	0.75699	0.04646	0.05646	0.00548	0.00161	0.00226	0.03679	0.00339	0.00300
13	0.00882	0.02611	0.31585	0.01028	0.03436	0.03957	0.14949	0.11463	0.10686	0.02207	0.03257	0.02262	0.04063	0.00461	0.00387	0.00121	0.00471	0.05405	0.00247	0.00522
14	0.01093	0.01114	0.01098	0.07616	0.16400	0.28508	0.03511	0.10467	0.11473	0.04212	0.01051	0.01127	0.07465	0.00448	0.00390	0.00112	0.02810	0.00354	0.00253	0.00499
15	0.00575	0.00480	0.00511	0.00508	0.00615	0.04278	0.00382	0.03938	0.04629	0.01136	0.15394	0.17365	0.35673	0.02787	0.04618	0.00157	0.00279	0.05986	0.00340	0.00348

[dist]
# distance from previous block
# <min> <max>
4	9

[block]
# block no. 6 follows, 74 sequences, length 32
# corresponding to MSA columns:
# 493-524
name=unknown_G
#
# <colnr> <probs for GDERKNQSTAVLIFYWHMCP>
#	G	D	E	R	K	N	Q	S	T	A	V	L	I	F	Y	W	H	M	C	P
0	0.01109	0.21845	0.04185	0.01082	0.13333	0.30113	0.06454	0.07337	0.05180	0.01130	0.02973	0.00885	0.00655	0.00386	0.00335	0.00101	0.00507	0.01687	0.00212	0.00492
1	0.00538	0.00365	0.00431	0.00431	0.00440	0.00374	0.00258	0.00557	0.00548	0.00739	0.01146	0.02296	0.01292	0.75460	0.13306	0.00392	0.00446	0.00520	0.00221	0.00239
2	0.11626	0.15551	0.20949	0.00945	0.05430	0.01759	0.10014	0.16253	0.03295	0.06248	0.00790	0.00865	0.01790	0.00375	0.00334	0.00109	0.00438	0.00301	0.00238	0.02693
3	0.00530	0.00357	0.00406	0.00413	0.00418	0.00354	0.00236	0.00538	0.00561	0.00745	0.01300	0.09161	0.03396	0.78104	0.01742	0.00338	0.00344	0.00587	0.00237	0.00233
4	0.04743	0.00548	0.00660	0.00618	0.00773	0.00550	0.00478	0.04470	0.16785	0.22032	0.01768	0.30240	0.05864	0.00774	0.00418	0.00134	0.00276	0.08032	0.00375	0.00460
5	0.00928	0.02624	0.01274	0.11873	0.38002	0.09301	0.06984	0.02435	0.08031	0.04282	0.06928	0.01179	0.03694	0.00412	0.00376	0.00113	0.00438	0.00376	0.00233	0.00518
6	0.01918	0.00936	0.14077	0.05758	0.24619	0.07480	0.05295	0.01027	0.04042	0.01112	0.02361	0.12867	0.01089	0.06198	0.00496	0.00141	0.00431	0.09461	0.00233	0.00460
7	0.00464	0.00373	0.00394	0.00392	0.00492	0.00325	0.00281	0.00552	0.00818	0.01010	0.12083	0.04390	0.61558	0.14452	0.00667	0.00162	0.00214	0.00736	0.00333	0.00303
8	0.00804	0.00700	0.00912	0.03046	0.06157	0.09653	0.08301	0.03934	0.00794	0.06437	0.06102	0.03473	0.03187	0.06134	0.32176	0.00311	0.06815	0.00420	0.00237	0.00406
9	0.04595	0.27385	0.05952	0.06578	0.14296	0.12601	0.03775	0.04882	0.02321	0.09487	0.01917	0.00856	0.00614	0.00434	0.02720	0.00115	0.00464	0.00286	0.00219	0.00504
10	0.01315	0.00978	0.01092	0.06657	0.03122	0.01086	0.00723	0.66476	0.08944	0.04399	0.00942	0.00952	0.00673	0.00443	0.00372	0.00114	0.00402	0.00342	0.00356	0.00612
11	0.00473	0.00385	0.00421	0.00416	0.00528	0.00337	0.00310	0.00610	0.03006	0.01135	0.23712	0.07900	0.57666	0.00896	0.00439	0.00125	0.00189	0.00761	0.00361	0.00329
12	0.00764	0.00651	0.00754	0.00551	0.00863	0.00505	0.00439	0.02065	0.03136	0.01232	0.02630	0.00946	0.04052	0.00321	0.00289	0.00062	0.00272	0.00260	0.00236	0.79970
13	0.00903	0.04255	0.00882	0.02483	0.05208	0.01792	0.02880	0.06858	0.07750	0.14516	0.05510	0.06219	0.06846	0.13876	0.04670	0.00184	0.13200	0.01235	0.00293	0.00442
14	0.00472	0.00340	0.00438	0.00508	0.00543	0.00319	0.00350	0.00543	0.00719	0.00945	0.02109	0.64013	0.09670	0.09267	0.00608	0.00170	0.00238	0.08115	0.00333	0.00299
15	0.00906	0.00886	0.04374	0.12184	0.40462	0.00903	0.06889	0.06640	0.17016	0.01305	0.00900	0.01048	0.01744	0.00392	0.00398	0.00118	0.02690	0.00359	0.00232	0.00553
16	0.02194	0.03480	0.08546	0.10706	0.16272	0.12906	0.04008	0.19687	0.03581	0.06586	0.00893	0.07851	0.00743	0.00450	0.00369	0.00114	0.00455	0.00376	0.00259	0.00523
17	0.00790	0.00615	0.03866	0.00908	0.14321	0.00569	0.02052	0.04179	0.07204	0.10306	0.09731	0.14145	0.08926	0.00739	0.00432	0.00135	0.00319	0.19989	0.00331	0.00446
18	0.00473	0.00398	0.00412	0.00405	0.00531	0.00349	0.00305	0.00625	0.05210	0.01080	0.11694	0.03378	0.72052	0.00899	0.00435	0.00125	0.00192	0.00753	0.00353	0.00331
19	0.00792	0.00782	0.03416	0.13383	0.46374	0.00766	0.07894	0.01008	0.00833	0.01146	0.03141	0.04161	0.08425	0.00473	0.00395	0.00120	0.00424	0.05753	0.00216	0.00499
20	0.00965	0.42187	0.20132	0.02249	0.06612	0.07456	0.00841	0.04249	0.10027	0.01095	0.00692	0.00768	0.00561	0.00357	0.00302	0.00098	0.00444	0.00258	0.00194	0.00513
21	0.00865	0.14014	0.59335	0.00973	0.01445	0.00940	0.04153	0.02789	0.04411	0.06638	0.00740	0.00824	0.00535	0.00361	0.00342	0.00112	0.00501	0.00283	0.00192	0.00545
22	0.01125	0.00803	0.00866	0.00728	0.00942	0.00843	0.00571	0.35841	0.14349	0.05118	0.12568	0.01684	0.08842	0.00605	0.00414	0.00130	0.00335	0.00469	0.13203	0.00566
23	0.00492	0.00365	0.00430	0.03153	0.00543	0.00346	0.00304	0.00552	0.00702	0.00902	0.05813	0.24878	0.25581	0.33140	0.00988	0.00219	0.00269	0.00744	0.00297	0.00282
24	0.01109	0.19448	0.10754	0.00885	0.04689	0.32453	0.00743	0.09753	0.02661	0.03284	0.02460	0.08569	0.00762	0.00452	0.00338	0.00103	0.00494	0.00338	0.00228	0.00476
25	0.04103	0.07288	0.06601	0.00874	0.01093	0.12664	0.17223	0.10430	0.02174	0.01194	0.01184	0.23880	0.03097	0.02908	0.01221	0.00134	0.00437	0.02800	0.00260	0.00434
26	0.00499	0.00371	0.00452	0.00483	0.00559	0.00340	0.00348	0.00626	0.03162	0.02353	0.17419	0.40125	0.26405	0.00990	0.00455	0.00137	0.00209	0.04380	0.00359	0.00329
27	0.02202	0.08203	0.04262	0.13224	0.32373	0.05207	0.02970	0.04556	0.05403	0.01186	0.00993	0.01173	0.06646	0.02837	0.00395	0.00117	0.00413	0.00358	0.06989	0.00493
28	0.01003	0.01139	0.14299	0.14096	0.30662	0.15000	0.01832	0.05993	0.02601	0.06480	0.02900	0.00945	0.00647	0.00378	0.00364	0.00112	0.00486	0.00321	0.00216	0.00527
29	0.00933	0.01656	0.00750	0.01886	0.00775	0.02503	0.00481	0.29710	0.02288	0.01277	0.00783	0.01132	0.00695	0.07812	0.01032	0.44073	0.01271	0.00342	0.00244	0.00354
30	0.00477	0.00340	0.00431	0.00487	0.00516	0.00320	0.00323	0.00541	0.00712	0.00949	0.08116	0.57685	0.06554	0.18107	0.00750	0.00189	0.00242	0.02642	0.00326	0.00291
31	0.05962	0.06870	0.01082	0.00875	0.02640	0.35098	0.00684	0.19850	0.07192	0.08215	0.00775	0.00828	0.00595	0.00426	0.00408	0.00109	0.07332	0.00289	0.00265	0.00506

[dist]
# distance from previous block
# <min> <max>
0	1

[block]
# block no. 7 follows, 74 sequences, length 18
# corresponding to MSA columns:
# 526-543
name=unknown_H
#
# <colnr> <probs for GDERKNQSTAVLIFYWHMCP>
#	G	D	E	R	K	N	Q	S	T	A	V	L	I	F	Y	W	H	M	C	P
0	0.04071	0.03529	0.01138	0.06543	0.05985	0.41294	0.05306	0.14685	0.06786	0.01244	0.00733	0.02415	0.00595	0.00415	0.00383	0.00108	0.03748	0.00305	0.00233	0.00482
1	0.00505	0.00372	0.00461	0.00507	0.00563	0.00350	0.00354	0.04395	0.00805	0.01061	0.08723	0.60005	0.15160	0.02934	0.00492	0.00147	0.00222	0.02273	0.00348	0.00322
2	0.16386	0.12208	0.48446	0.07820	0.03999	0.00937	0.01059	0.03093	0.00775	0.01234	0.00627	0.00752	0.00468	0.00350	0.00319	0.00112	0.00473	0.00260	0.00176	0.00506
3	0.00928	0.02275	0.01297	0.22361	0.43358	0.03575	0.02180	0.08441	0.04659	0.03310	0.00799	0.03735	0.00657	0.00390	0.00371	0.00115	0.00443	0.00356	0.00216	0.00533
4	0.00973	0.01024	0.01217	0.02486	0.39343	0.21450	0.04456	0.02099	0.05858	0.01158	0.06629	0.01205	0.04021	0.01940	0.00425	0.00116	0.02933	0.01943	0.00224	0.00501
5	0.00578	0.00407	0.00537	0.00542	0.00607	0.00395	0.02914	0.04513	0.00753	0.03661	0.03277	0.43195	0.09727	0.16907	0.06303	0.02513	0.00319	0.02222	0.00310	0.00321
6	0.04665	0.13823	0.10883	0.03521	0.02096	0.02020	0.03935	0.07870	0.10418	0.02074	0.02852	0.08116	0.04078	0.03180	0.01769	0.00121	0.02845	0.00386	0.00250	0.15100
7	0.03634	0.10365	0.03445	0.05853	0.14379	0.02388	0.04881	0.05704	0.14930	0.12951	0.05748	0.01952	0.02158	0.00443	0.00379	0.00112	0.02592	0.01718	0.00283	0.06084
8	0.00519	0.00382	0.00454	0.00447	0.00547	0.00345	0.00332	0.00638	0.00875	0.03980	0.28491	0.11378	0.38852	0.03482	0.07436	0.00170	0.00262	0.00723	0.00353	0.00333
9	0.78190	0.00743	0.00609	0.00528	0.00766	0.00850	0.00435	0.08485	0.00748	0.05038	0.00588	0.00655	0.00443	0.00358	0.00248	0.00115	0.00299	0.00220	0.00252	0.00432
10	0.04678	0.13983	0.17189	0.03223	0.05371	0.05032	0.18914	0.05694	0.05871	0.01194	0.00895	0.11254	0.00804	0.00460	0.00375	0.00116	0.01279	0.01304	0.00221	0.02142
11	0.08297	0.03267	0.06196	0.05338	0.11746	0.00762	0.04527	0.09417	0.10489	0.15061	0.05797	0.04994	0.03698	0.00515	0.00385	0.00121	0.01370	0.05646	0.01866	0.00509
12	0.00669	0.00408	0.00526	0.00520	0.00607	0.00401	0.00382	0.00790	0.02571	0.11825	0.05473	0.22740	0.10722	0.12614	0.20549	0.00270	0.00427	0.02411	0.05740	0.00355
13	0.00558	0.00415	0.00578	0.03300	0.00632	0.00431	0.05056	0.00622	0.00596	0.00811	0.02497	0.03967	0.02608	0.54050	0.21961	0.00384	0.00524	0.00510	0.00222	0.00278
14	0.05569	0.18382	0.23209	0.02772	0.03732	0.12646	0.07588	0.05890	0.04126	0.08953	0.02097	0.02062	0.00633	0.00385	0.00336	0.00108	0.00474	0.00302	0.00225	0.00512
15	0.00899	0.00928	0.02463	0.02888	0.02690	0.24900	0.01911	0.03180	0.03150	0.03295	0.11275	0.08764	0.06237	0.07939	0.00677	0.03032	0.13763	0.00457	0.01157	0.00393
16	0.00560	0.00423	0.00549	0.00566	0.00635	0.00454	0.00421	0.00763	0.09977	0.00970	0.01555	0.20344	0.06257	0.13663	0.32972	0.00347	0.00551	0.08381	0.00276	0.00339
17	0.03163	0.06662	0.14894	0.04818	0.08506	0.10294	0.10239	0.04968	0.05218	0.10131	0.02204	0.02191	0.03613	0.03074	0.05836	0.00152	0.02943	0.00361	0.00240	0.00492

[dist]
# distance from previous block
# <min> <max>
0	1

[block]
# block no. 8 follows, 74 sequences, length 12
# corresponding to MSA columns:
# 545-556
name=unknown_I
#
# <colnr> <probs for GDERKNQSTAVLIFYWHMCP>
#	G	D	E	R	K	N	Q	S	T	A	V	L	I	F	Y	W	H	M	C	P
0	0.06927	0.10161	0.16303	0.03693	0.08820	0.02423	0.05880	0.05786	0.05866	0.04520	0.11099	0.05742	0.02415	0.00550	0.01861	0.00127	0.01991	0.05102	0.00259	0.00476
1	0.00549	0.00459	0.00585	0.07019	0.00781	0.03301	0.02736	0.00706	0.05538	0.01008	0.05071	0.49192	0.12331	0.01109	0.07638	0.00178	0.00329	0.00815	0.00313	0.00342
2	0.00762	0.00788	0.02926	0.08463	0.05426	0.13933	0.11645	0.04004	0.00845	0.01051	0.03731	0.25922	0.09130	0.05339	0.01956	0.00148	0.02679	0.00602	0.00260	0.00393
3	0.03365	0.09942	0.12700	0.02924	0.04521	0.06566	0.13570	0.06510	0.02431	0.13552	0.00915	0.03315	0.02702	0.00393	0.00348	0.00103	0.00430	0.00337	0.00250	0.15126
4	0.00983	0.16517	0.11239	0.10759	0.05997	0.18108	0.04382	0.04316	0.04287	0.04483	0.03540	0.01008	0.02473	0.00483	0.02529	0.00123	0.06618	0.01468	0.00214	0.00474
5	0.00629	0.00325	0.00476	0.00481	0.00482	0.00323	0.00318	0.00489	0.00499	0.00665	0.00748	0.05652	0.00779	0.06210	0.01425	0.79461	0.00319	0.00373	0.00174	0.00172
6	0.00861	0.05225	0.13604	0.06528	0.18041	0.00716	0.03675	0.05702	0.03065	0.10812	0.01252	0.18716	0.04522	0.02956	0.00433	0.00130	0.00383	0.02625	0.00270	0.00483
7	0.01077	0.07271	0.27846	0.02507	0.12844	0.08975	0.10334	0.10711	0.04594	0.06600	0.00886	0.02980	0.00697	0.00442	0.00397	0.00128	0.00519	0.00357	0.00253	0.00582
8	0.00779	0.00670	0.02837	0.00960	0.14045	0.00653	0.10763	0.07216	0.07620	0.04359	0.03705	0.05790	0.14391	0.14440	0.02024	0.00169	0.02765	0.03749	0.02630	0.00435
9	0.00768	0.00700	0.01189	0.15401	0.37753	0.00715	0.08857	0.00983	0.00856	0.01215	0.15739	0.05735	0.01213	0.00462	0.00385	0.00115	0.00389	0.00440	0.06607	0.00476
10	0.01098	0.12051	0.04030	0.03423	0.19258	0.10938	0.05059	0.13801	0.08564	0.09182	0.00849	0.02640	0.00671	0.00420	0.00413	0.00112	0.06364	0.00333	0.00254	0.00537
11	0.07170	0.07346	0.12371	0.05260	0.13590	0.05914	0.07989	0.10575	0.07661	0.09667	0.00901	0.01018	0.02477	0.00416	0.00400	0.00116	0.04895	0.01455	0.00250	0.00527

[dist]
# distance from previous block
# <min> <max>
2	12

[block]
# block no. 9 follows, 74 sequences, length 17
# corresponding to MSA columns:
# 569-585
name=unknown_J
#
# <colnr> <probs for GDERKNQSTAVLIFYWHMCP>
#	G	D	E	R	K	N	Q	S	T	A	V	L	I	F	Y	W	H	M	C	P
0	0.00578	0.00414	0.03004	0.00527	0.00594	0.00361	0.00379	0.00660	0.00725	0.06924	0.06196	0.53400	0.02038	0.14908	0.04991	0.00199	0.00295	0.00824	0.00321	0.02662
1	0.07128	0.09580	0.09709	0.05206	0.06136	0.02777	0.02629	0.05294	0.04869	0.06140	0.03737	0.17364	0.04892	0.01742	0.00444	0.00129	0.04648	0.06864	0.00272	0.00443
2	0.06330	0.11701	0.01099	0.06265	0.05644	0.21797	0.03168	0.08876	0.03174	0.06321	0.00764	0.00891	0.01532	0.03433	0.00375	0.00104	0.00440	0.00284	0.00234	0.17569
3	0.00551	0.00417	0.00559	0.00550	0.00584	0.00472	0.00395	0.00625	0.00600	0.00838	0.02626	0.10428	0.03428	0.32108	0.35173	0.00404	0.09196	0.00522	0.00227	0.00298
4	0.00972	0.00849	0.01341	0.11468	0.57282	0.02137	0.01021	0.08117	0.00922	0.06227	0.00802	0.01071	0.00660	0.00387	0.00388	0.00115	0.01823	0.03638	0.00220	0.00559
5	0.00500	0.00359	0.00417	0.00429	0.00472	0.00338	0.00278	0.00557	0.00708	0.00931	0.13614	0.19044	0.19022	0.40432	0.01111	0.00237	0.00270	0.00708	0.00299	0.00276
6	0.01387	0.01769	0.01052	0.00956	0.01148	0.85465	0.00717	0.01482	0.01052	0.00908	0.00574	0.00669	0.00478	0.00383	0.00335	0.00096	0.00669	0.00239	0.00191	0.00430
7	0.01374	0.01021	0.01093	0.00846	0.01137	0.01134	0.00696	0.77149	0.08059	0.02279	0.00939	0.00929	0.00670	0.00450	0.00372	0.00113	0.00400	0.00341	0.00372	0.00628
8	0.00985	0.09474	0.00964	0.00627	0.00946	0.00728	0.00520	0.17490	0.00984	0.07484	0.00750	0.00812	0.00585	0.00327	0.00298	0.00073	0.00317	0.00252	0.00261	0.56123
9	0.00515	0.00389	0.00478	0.00468	0.00565	0.00357	0.00356	0.00684	0.02765	0.01322	0.53602	0.06152	0.23518	0.00832	0.00443	0.00124	0.00194	0.06506	0.00385	0.00344
10	0.00752	0.01870	0.80544	0.01085	0.01625	0.00866	0.05809	0.01176	0.00789	0.01176	0.00671	0.00795	0.00475	0.00350	0.00357	0.00118	0.00553	0.00283	0.00158	0.00546
11	0.00544	0.00461	0.00659	0.12244	0.08628	0.00457	0.02316	0.00675	0.00793	0.01032	0.08545	0.27544	0.27817	0.00955	0.05477	0.00159	0.00318	0.00722	0.00298	0.00357
12	0.01273	0.00834	0.00938	0.00748	0.00995	0.00888	0.00606	0.52010	0.03589	0.16049	0.06084	0.09761	0.01056	0.00540	0.00383	0.00116	0.00350	0.00436	0.02770	0.00573
13	0.00519	0.00374	0.00501	0.00563	0.00614	0.00368	0.00424	0.00639	0.02035	0.01017	0.07044	0.41647	0.03691	0.07148	0.07284	0.00203	0.00322	0.24958	0.00328	0.00318
14	0.00753	0.03747	0.01143	0.77984	0.02416	0.00867	0.00998	0.05844	0.00802	0.01028	0.00668	0.00970	0.00502	0.00374	0.00366	0.00121	0.00486	0.00325	0.00177	0.00428
15	0.02951	0.44256	0.14638	0.00719	0.01036	0.05429	0.00718	0.08925	0.00884	0.01148	0.06600	0.03058	0.00760	0.00394	0.00308	0.00094	0.01434	0.00284	0.00209	0.06154
16	0.00960	0.13251	0.10018	0.00804	0.01094	0.12296	0.07843	0.12864	0.04693	0.02133	0.03381	0.03016	0.07071	0.00434	0.00357	0.00100	0.01897	0.00347	0.00246	0.17194

[dist]
# distance from previous block
# <min> <max>
9	19

[block]
# block no. 10 follows, 74 sequences, length 19
# corresponding to MSA columns:
# 605-623
name=unknown_K
#
# <colnr> <probs for GDERKNQSTAVLIFYWHMCP>
#	G	D	E	R	K	N	Q	S	T	A	V	L	I	F	Y	W	H	M	C	P
0	0.03042	0.03465	0.06350	0.00924	0.08935	0.09947	0.13607	0.05398	0.00794	0.02831	0.00989	0.06428	0.03165	0.22016	0.02696	0.07909	0.00454	0.00436	0.00222	0.00393
1	0.00503	0.00427	0.03472	0.00454	0.00552	0.00366	0.00347	0.00612	0.00779	0.01027	0.14481	0.07839	0.36211	0.15794	0.11428	0.00223	0.00331	0.00656	0.04181	0.00315
2	0.01039	0.31086	0.05105	0.00874	0.04490	0.23136	0.05325	0.02822	0.03261	0.01024	0.00613	0.00726	0.00519	0.00359	0.00359	0.00093	0.05903	0.00251	0.00189	0.12828
3	0.00493	0.00355	0.00449	0.00511	0.00544	0.00341	0.00341	0.02379	0.02478	0.00966	0.01964	0.69910	0.05163	0.11464	0.00639	0.00174	0.00238	0.00954	0.00331	0.00306
4	0.10212	0.23552	0.05607	0.00821	0.04970	0.09168	0.03420	0.12832	0.12291	0.04912	0.00962	0.01000	0.05315	0.00447	0.01299	0.00112	0.02005	0.00315	0.00255	0.00506
5	0.00908	0.03133	0.20250	0.00725	0.01058	0.02548	0.00699	0.11914	0.06279	0.06389	0.03006	0.01022	0.00732	0.06497	0.00437	0.00110	0.00374	0.00304	0.00253	0.33361
