[name]
unknown

[dist]
# distance from previous block
# <min> <max>
0	76

[block]
# block no. 0 follows, 67 sequences, length 7
# corresponding to MSA columns:
# 95-101
name=unknown_A
#
# <colnr> <probs for GDERKNQSTAVLIFYWHMCP>
#	G	D	E	R	K	N	Q	S	T	A	V	L	I	F	Y	W	H	M	C	P
0	0.00558	0.00390	0.00486	0.00526	0.00556	0.00384	0.00356	0.00618	0.00704	0.00933	0.01783	0.27616	0.05643	0.40154	0.06091	0.00296	0.00371	0.11935	0.00303	0.00296
1	0.00888	0.00905	0.05236	0.18737	0.55593	0.00881	0.01131	0.01129	0.00888	0.01230	0.01058	0.01273	0.08448	0.00430	0.00404	0.00124	0.00468	0.00401	0.00210	0.00567
2	0.00919	0.00710	0.00841	0.00605	0.00957	0.00540	0.00486	0.01095	0.00860	0.08775	0.00792	0.00880	0.00630	0.00315	0.00307	0.00065	0.00301	0.00253	0.00261	0.80408
3	0.00912	0.00859	0.01424	0.27075	0.43840	0.00915	0.05204	0.04573	0.03711	0.01273	0.00976	0.01203	0.05429	0.00419	0.00407	0.00126	0.00481	0.00395	0.00218	0.00558
4	0.04802	0.00946	0.03235	0.10198	0.22139	0.05463	0.03153	0.20934	0.06280	0.03324	0.02597	0.03337	0.00821	0.00749	0.10075	0.00184	0.00533	0.00392	0.00279	0.00561
5	0.06780	0.02780	0.01314	0.05290	0.35458	0.15042	0.02383	0.09633	0.04085	0.01363	0.00809	0.03269	0.00686	0.00545	0.03975	0.00144	0.05296	0.00359	0.00235	0.00555
6	0.11633	0.05484	0.01167	0.04687	0.13744	0.10177	0.06797	0.10841	0.06301	0.01469	0.08044	0.04200	0.00984	0.01774	0.00416	0.00120	0.01866	0.00389	0.00273	0.09634

[dist]
# distance from previous block
# <min> <max>
8	55

[block]
# block no. 1 follows, 67 sequences, length 7
# corresponding to MSA columns:
# 180-186
name=unknown_B
#
# <colnr> <probs for GDERKNQSTAVLIFYWHMCP>
#	G	D	E	R	K	N	Q	S	T	A	V	L	I	F	Y	W	H	M	C	P
0	0.09616	0.00628	0.00714	0.00638	0.00806	0.00649	0.00491	0.17598	0.04105	0.07235	0.10138	0.20088	0.07875	0.03450	0.08065	0.02314	0.00373	0.00607	0.00355	0.04256
1	0.00701	0.00481	0.00573	0.00556	0.00677	0.00470	0.00421	0.05787	0.05421	0.05992	0.13717	0.18123	0.23732	0.01090	0.07834	0.02264	0.00321	0.04273	0.07165	0.00400
2	0.03637	0.00442	0.00507	0.00500	0.00609	0.00409	0.00360	0.00784	0.03466	0.08170	0.13256	0.21438	0.31697	0.12097	0.00672	0.00172	0.00251	0.00790	0.00372	0.00370
3	0.00915	0.00588	0.00693	0.00625	0.00792	0.00586	0.00478	0.07655	0.16357	0.15992	0.18159	0.16701	0.14644	0.03328	0.00496	0.00143	0.00276	0.00675	0.00413	0.00485
4	0.22519	0.00594	0.00633	0.00574	0.00745	0.00608	0.00439	0.04943	0.05973	0.14634	0.12062	0.14905	0.10580	0.08409	0.00547	0.00156	0.00290	0.00580	0.00362	0.00446
5	0.04393	0.00471	0.00538	0.00535	0.00627	0.00467	0.00383	0.05965	0.04546	0.01277	0.16670	0.25452	0.14933	0.15658	0.00733	0.00183	0.00270	0.02843	0.03688	0.00367
6	0.02726	0.00443	0.00525	0.00524	0.00615	0.00430	0.00375	0.00809	0.06939	0.03942	0.23532	0.22723	0.16150	0.12547	0.03685	0.00191	0.00278	0.00765	0.02431	0.00370

[dist]
# distance from previous block
# <min> <max>
15	45

[block]
# block no. 2 follows, 67 sequences, length 11
# corresponding to MSA columns:
# 234-239,241-245
name=unknown_C
#
# <colnr> <probs for GDERKNQSTAVLIFYWHMCP>
#	G	D	E	R	K	N	Q	S	T	A	V	L	I	F	Y	W	H	M	C	P
0	0.01173	0.03555	0.03654	0.03584	0.09512	0.08966	0.04004	0.13708	0.07375	0.15831	0.02720	0.02562	0.02659	0.04600	0.02837	0.00150	0.06049	0.01641	0.00313	0.05107
1	0.07933	0.05800	0.04452	0.04863	0.11313	0.03888	0.00708	0.08122	0.05216	0.06121	0.05490	0.13415	0.02228	0.00736	0.05584	0.00158	0.06205	0.00474	0.00288	0.07005
2	0.01023	0.02949	0.03825	0.04995	0.10241	0.08005	0.03762	0.11629	0.07906	0.06568	0.06721	0.07941	0.02285	0.00604	0.02446	0.00135	0.08101	0.00442	0.00295	0.10125
3	0.06998	0.02705	0.02089	0.05912	0.10896	0.04900	0.06573	0.10518	0.11033	0.01417	0.08333	0.06792	0.02937	0.03359	0.05614	0.01967	0.05140	0.02033	0.00290	0.00494
4	0.00685	0.03276	0.02872	0.00725	0.04487	0.00602	0.00542	0.07330	0.02168	0.01133	0.01556	0.16205	0.10540	0.05448	0.36223	0.00364	0.02928	0.00582	0.00275	0.02059
5	0.00863	0.00812	0.04848	0.00768	0.03953	0.00655	0.04564	0.04479	0.09408	0.01386	0.02718	0.02916	0.03395	0.00393	0.00343	0.00085	0.00337	0.00333	0.00267	0.57476
6	0.01097	0.02825	0.02906	0.03139	0.20760	0.00739	0.04228	0.05377	0.00974	0.18226	0.02817	0.01074	0.00773	0.00477	0.03334	0.00119	0.00412	0.00338	0.00288	0.30098
7	0.07944	0.00923	0.11005	0.05090	0.05406	0.04834	0.03593	0.07308	0.06133	0.11716	0.05910	0.06682	0.03439	0.00796	0.09688	0.00179	0.00480	0.00433	0.00300	0.08139
8	0.00851	0.00838	0.01211	0.12540	0.04067	0.01140	0.00903	0.00968	0.00656	0.00987	0.00621	0.03982	0.00608	0.00669	0.01131	0.00167	0.67655	0.00381	0.00184	0.00442
9	0.57796	0.00797	0.00714	0.00586	0.00868	0.00846	0.00479	0.09695	0.00847	0.01755	0.00639	0.00729	0.00500	0.00365	0.00276	0.00108	0.00321	0.00237	0.00262	0.22180
10	0.00626	0.00482	0.00632	0.00616	0.00675	0.00521	0.00453	0.00707	0.00716	0.02245	0.03122	0.24712	0.08392	0.17786	0.15325	0.02029	0.12809	0.02546	0.00283	0.05322

[dist]
# distance from previous block
# <min> <max>
0	2

[block]
# block no. 3 follows, 67 sequences, length 35
# corresponding to MSA columns:
# 248-282
name=unknown_D
#
# <colnr> <probs for GDERKNQSTAVLIFYWHMCP>
#	G	D	E	R	K	N	Q	S	T	A	V	L	I	F	Y	W	H	M	C	P
0	0.00858	0.00663	0.00812	0.00732	0.00872	0.02527	0.00579	0.20606	0.05131	0.01369	0.01058	0.01399	0.00920	0.03354	0.52450	0.00451	0.03179	0.00409	0.02177	0.00454
1	0.00884	0.00869	0.04487	0.05745	0.32394	0.03803	0.04643	0.02345	0.08826	0.02436	0.06349	0.05773	0.07720	0.02524	0.01558	0.00141	0.04399	0.01818	0.00266	0.03020
2	0.03825	0.03714	0.06380	0.02646	0.05563	0.28509	0.06217	0.03375	0.03661	0.03086	0.00740	0.00961	0.00627	0.02283	0.07770	0.00178	0.19431	0.00333	0.00217	0.00485
3	0.00836	0.07519	0.37451	0.02897	0.01301	0.00851	0.02362	0.06935	0.07008	0.02784	0.10524	0.02370	0.06455	0.01572	0.05711	0.00162	0.00494	0.01979	0.00264	0.00527
4	0.00492	0.00402	0.00434	0.00436	0.00555	0.00345	0.00323	0.00606	0.00942	0.01172	0.17993	0.10226	0.62680	0.01000	0.00477	0.00136	0.00203	0.00848	0.00385	0.00345
5	0.02154	0.03180	0.28398	0.02340	0.05187	0.04740	0.06733	0.04656	0.03358	0.04625	0.01933	0.03508	0.03641	0.00619	0.06471	0.00151	0.00516	0.00367	0.00239	0.17186
6	0.01245	0.00993	0.04816	0.00900	0.02476	0.05643	0.04083	0.25616	0.24260	0.13977	0.05808	0.04564	0.01106	0.00538	0.00429	0.00128	0.01988	0.00440	0.00381	0.00611
7	0.01175	0.09937	0.01270	0.01052	0.11048	0.09235	0.05016	0.25748	0.10762	0.03441	0.04838	0.03529	0.00903	0.00464	0.00382	0.00113	0.00434	0.00379	0.00310	0.09962
8	0.01326	0.03868	0.01230	0.03860	0.05073	0.09373	0.04256	0.48459	0.10921	0.02021	0.04852	0.01096	0.00859	0.00479	0.00400	0.00121	0.00458	0.00378	0.00352	0.00619
9	0.00926	0.00945	0.06385	0.16545	0.18201	0.05781	0.03628	0.03340	0.00896	0.02413	0.00736	0.00923	0.00589	0.00355	0.00369	0.00099	0.01553	0.00304	0.00219	0.35793
10	0.00533	0.00383	0.00521	0.00567	0.00602	0.00395	0.00394	0.00616	0.00695	0.00951	0.01668	0.43293	0.01895	0.16274	0.28882	0.00363	0.00542	0.00807	0.00297	0.00322
11	0.00479	0.00404	0.00409	0.00412	0.00539	0.00340	0.00304	0.00575	0.00895	0.01069	0.03885	0.06380	0.77224	0.04638	0.00542	0.00147	0.00212	0.00844	0.00367	0.00334
12	0.00588	0.00402	0.00504	0.00504	0.00532	0.00426	0.00331	0.00644	0.00616	0.00863	0.01202	0.02219	0.01285	0.54058	0.29561	0.00461	0.00609	0.00522	0.04384	0.00288
13	0.00832	0.00713	0.00832	0.00594	0.00950	0.00535	0.00475	0.01010	0.00832	0.01307	0.00713	0.00832	0.00594	0.00297	0.00297	0.00059	0.00297	0.00238	0.00238	0.88357
14	0.01107	0.00862	0.02899	0.04472	0.06309	0.03295	0.00688	0.15172	0.05407	0.13081	0.02919	0.02882	0.00819	0.00517	0.02430	0.00121	0.07989	0.00354	0.00305	0.28371
15	0.00548	0.00432	0.00497	0.00482	0.00599	0.00395	0.00361	0.00749	0.05898	0.01352	0.39373	0.07162	0.38869	0.00911	0.00471	0.00133	0.00205	0.00782	0.00406	0.00374
16	0.00917	0.05204	0.61195	0.01214	0.05545	0.02848	0.09616	0.01318	0.00884	0.06453	0.00776	0.00899	0.00555	0.00382	0.00387	0.00125	0.00576	0.00320	0.00196	0.00589
17	0.00963	0.19993	0.03171	0.00951	0.01081	0.09196	0.03226	0.02371	0.00753	0.01005	0.00660	0.04813	0.00643	0.00678	0.03723	0.00161	0.45606	0.00354	0.00192	0.00460
18	0.04944	0.00715	0.00949	0.00758	0.01017	0.00691	0.05161	0.08314	0.06501	0.46233	0.03878	0.06275	0.08154	0.00589	0.00452	0.00130	0.03734	0.00486	0.00424	0.00594
19	0.02001	0.09987	0.02921	0.03523	0.05445	0.04698	0.03734	0.08266	0.00947	0.03276	0.00790	0.00906	0.01980	0.00361	0.00352	0.00086	0.02425	0.00284	0.00244	0.47773
20	0.00673	0.00562	0.04607	0.06894	0.00920	0.00505	0.03938	0.00884	0.06159	0.06038	0.14108	0.33471	0.09521	0.04292	0.04460	0.00177	0.00340	0.01696	0.00349	0.00405
21	0.00489	0.00349	0.00465	0.00558	0.00582	0.00326	0.00372	0.00558	0.00768	0.01024	0.02210	0.85644	0.02653	0.01256	0.00512	0.00163	0.00233	0.01140	0.00372	0.00326
22	0.00957	0.00950	0.01571	0.21070	0.54883	0.04492	0.07844	0.01204	0.00900	0.01229	0.00744	0.01006	0.00605	0.00368	0.00403	0.00123	0.00517	0.00362	0.00195	0.00577
23	0.04996	0.06538	0.48462	0.02722	0.07282	0.00993	0.19481	0.02628	0.00881	0.01299	0.00730	0.00894	0.00540	0.00369	0.00390	0.00126	0.00577	0.00334	0.00187	0.00571
24	0.00618	0.00445	0.00575	0.04577	0.00775	0.00436	0.00476	0.00799	0.06015	0.04561	0.04437	0.42314	0.14718	0.01062	0.00497	0.00157	0.00278	0.16511	0.00372	0.00378
25	0.50953	0.03447	0.00845	0.00734	0.03578	0.07350	0.03063	0.01413	0.18304	0.01630	0.00814	0.00870	0.00632	0.00406	0.00305	0.00121	0.00363	0.00284	0.00273	0.04611
26	0.00630	0.00434	0.00553	0.02189	0.00688	0.00407	0.00416	0.01690	0.02618	0.06477	0.19440	0.37283	0.15898	0.01076	0.03725	0.00163	0.00274	0.03200	0.00383	0.02456
27	0.01022	0.17286	0.16279	0.18317	0.07937	0.07798	0.04200	0.07550	0.02720	0.04202	0.00747	0.00907	0.00581	0.00403	0.00406	0.00117	0.04310	0.00314	0.00217	0.04688
28	0.19426	0.01058	0.03962	0.07902	0.20588	0.15637	0.04063	0.05498	0.02896	0.03558	0.00896	0.01091	0.04055	0.04467	0.00473	0.00135	0.03196	0.00348	0.00240	0.00509
29	0.00494	0.00354	0.00461	0.00544	0.00571	0.00330	0.00361	0.00561	0.00763	0.01011	0.02237	0.76575	0.06353	0.06585	0.00607	0.00176	0.00241	0.01091	0.00364	0.00321
30	0.00599	0.00439	0.00544	0.00531	0.00563	0.00467	0.00363	0.00660	0.00690	0.00942	0.10536	0.02556	0.06341	0.50247	0.12297	0.00352	0.06971	0.04331	0.00270	0.00300
31	0.02973	0.00843	0.02703	0.04208	0.21604	0.05210	0.05622	0.01250	0.16684	0.02741	0.05879	0.03801	0.14629	0.00604	0.00492	0.00134	0.06823	0.02992	0.00294	0.00516
32	0.00758	0.00841	0.13730	0.07998	0.04577	0.00687	0.05417	0.08007	0.07771	0.01365	0.15052	0.20643	0.04891	0.02242	0.04043	0.00163	0.00405	0.00627	0.00315	0.00468
33	0.04612	0.00808	0.01146	0.31897	0.10957	0.00925	0.03291	0.10176	0.15687	0.05084	0.02514	0.02662	0.00827	0.02112	0.01924	0.00146	0.04027	0.00400	0.00274	0.00531
34	0.00773	0.00745	0.06138	0.12326	0.09516	0.00696	0.03860	0.04211	0.12141	0.02693	0.09429	0.07597	0.18994	0.00701	0.01516	0.00139	0.01447	0.03042	0.00314	0.03721

[dist]
# distance from previous block
# <min> <max>
0	9

[block]
# block no. 4 follows, 67 sequences, length 10
# corresponding to MSA columns:
# 292-301
name=unknown_E
#
# <colnr> <probs for GDERKNQSTAVLIFYWHMCP>
#	G	D	E	R	K	N	Q	S	T	A	V	L	I	F	Y	W	H	M	C	P
0	0.01059	0.12685	0.16080	0.10518	0.09779	0.21521	0.05242	0.05089	0.05499	0.01239	0.06868	0.01042	0.00823	0.00428	0.00378	0.00116	0.00537	0.00342	0.00229	0.00527
1	0.05701	0.00957	0.01220	0.08932	0.31744	0.08284	0.00898	0.15159	0.04406	0.01481	0.03583	0.07478	0.00888	0.00491	0.00431	0.00124	0.03781	0.00413	0.00265	0.03763
2	0.00859	0.03092	0.03062	0.17550	0.12139	0.05135	0.05428	0.06016	0.10613	0.01291	0.08007	0.08882	0.06646	0.03836	0.00519	0.00143	0.03548	0.02466	0.00282	0.00486
3	0.02963	0.00491	0.02803	0.03705	0.03083	0.00492	0.00484	0.00725	0.00731	0.01031	0.08572	0.07549	0.09502	0.16834	0.38786	0.00411	0.00665	0.00556	0.00263	0.00355
4	0.00628	0.00538	0.03713	0.00603	0.00733	0.00475	0.03774	0.05986	0.00980	0.01310	0.25763	0.14414	0.21142	0.09158	0.03280	0.00179	0.00309	0.06270	0.00362	0.00382
5	0.00647	0.00627	0.06178	0.09613	0.06482	0.00582	0.05011	0.00825	0.00807	0.01106	0.07980	0.18637	0.05278	0.04625	0.20330	0.00274	0.02285	0.08036	0.00277	0.00403
6	0.01175	0.10358	0.05724	0.01247	0.20810	0.10631	0.00863	0.25110	0.04997	0.01573	0.00828	0.00983	0.00670	0.03918	0.00471	0.00124	0.03429	0.00334	0.00268	0.06487
7	0.00778	0.11821	0.08429	0.00720	0.00945	0.00694	0.04854	0.03594	0.05635	0.03554	0.07056	0.33054	0.01625	0.00737	0.00415	0.00125	0.00336	0.00648	0.00308	0.14671
8	0.03991	0.23373	0.14626	0.00891	0.01216	0.19490	0.02518	0.11633	0.08216	0.06116	0.00865	0.03827	0.00699	0.00441	0.00353	0.00112	0.00501	0.00326	0.00258	0.00549
9	0.00992	0.31299	0.05695	0.00797	0.03428	0.03217	0.04957	0.05703	0.02240	0.09035	0.07120	0.08378	0.03795	0.06432	0.03004	0.00149	0.01394	0.01599	0.00275	0.00492

[dist]
# distance from previous block
# <min> <max>
8	72

[block]
# block no. 5 follows, 67 sequences, length 20
# corresponding to MSA columns:
# 374-383,386-395
name=unknown_F
#
# <colnr> <probs for GDERKNQSTAVLIFYWHMCP>
#	G	D	E	R	K	N	Q	S	T	A	V	L	I	F	Y	W	H	M	C	P
0	0.02902	0.29027	0.01520	0.01002	0.08210	0.17973	0.03906	0.24327	0.01198	0.01469	0.00834	0.02289	0.02830	0.00431	0.00350	0.00107	0.00494	0.00320	0.00258	0.00554
1	0.04293	0.05371	0.12486	0.01140	0.10026	0.04389	0.16036	0.06235	0.05069	0.04692	0.02410	0.07094	0.00868	0.00470	0.00419	0.00119	0.02736	0.02143	0.00257	0.13747
2	0.00706	0.00633	0.05396	0.07089	0.04711	0.01482	0.01510	0.02495	0.02296	0.04160	0.10465	0.22288	0.08355	0.08888	0.06466	0.00203	0.07534	0.04607	0.00308	0.00406
3	0.00996	0.09989	0.14478	0.00932	0.08531	0.04989	0.00769	0.05718	0.09503	0.12630	0.01401	0.18852	0.03872	0.01681	0.01196	0.00138	0.00407	0.03080	0.00313	0.00526
4	0.00812	0.03986	0.01130	0.08924	0.17661	0.00707	0.11083	0.02495	0.00861	0.05778	0.03868	0.14471	0.08914	0.10405	0.05676	0.00193	0.01729	0.00575	0.00272	0.00458
5	0.01228	0.00566	0.00747	0.00621	0.00833	0.00504	0.00493	0.03213	0.01126	0.44817	0.29087	0.06323	0.07343	0.00676	0.00437	0.00127	0.00278	0.00576	0.00462	0.00540
6	0.00896	0.00853	0.01419	0.13463	0.62152	0.00868	0.01100	0.01122	0.00898	0.01243	0.01158	0.01358	0.10837	0.00445	0.00407	0.00123	0.00451	0.00418	0.00217	0.00573
7	0.01081	0.01169	0.01314	0.20128	0.32679	0.25913	0.01009	0.01330	0.05484	0.01167	0.02473	0.00996	0.00673	0.00412	0.00411	0.00120	0.02557	0.00340	0.00213	0.00532
8	0.01249	0.05740	0.07996	0.03200	0.01241	0.09502	0.05297	0.26352	0.04487	0.13342	0.01020	0.02865	0.00802	0.03046	0.03682	0.00154	0.06778	0.02360	0.00317	0.00569
9	0.00582	0.00393	0.00457	0.00457	0.00463	0.00399	0.00267	0.00596	0.00589	0.00792	0.01246	0.02527	0.01416	0.78240	0.09649	0.00412	0.00452	0.00569	0.00240	0.00254
10	0.00746	0.00652	0.01029	0.05689	0.36929	0.00653	0.00794	0.02643	0.00861	0.01182	0.01521	0.37520	0.04803	0.00829	0.02150	0.00150	0.00375	0.00715	0.00284	0.00476
11	0.01231	0.34242	0.09027	0.00983	0.04112	0.28403	0.06082	0.06185	0.01011	0.04326	0.00680	0.00775	0.00554	0.00384	0.00336	0.00103	0.00555	0.00274	0.00212	0.00528
12	0.05637	0.01091	0.01495	0.01212	0.01378	0.10202	0.21199	0.02527	0.07032	0.01244	0.00780	0.01054	0.00670	0.00594	0.00885	0.00164	0.41675	0.00398	0.00237	0.00526
13	0.66998	0.17887	0.02707	0.00577	0.00854	0.01030	0.00512	0.01206	0.00725	0.03771	0.00589	0.00673	0.00467	0.00370	0.00257	0.00116	0.00341	0.00223	0.00238	0.00460
14	0.00991	0.00920	0.01512	0.12843	0.55325	0.00950	0.03967	0.01199	0.00932	0.01312	0.00966	0.01493	0.00872	0.00517	0.00504	0.00146	0.05451	0.09256	0.00240	0.00605
15	0.00677	0.00585	0.00879	0.16029	0.16874	0.00601	0.02042	0.00890	0.04267	0.01213	0.14070	0.22272	0.13510	0.00781	0.00455	0.00139	0.00338	0.03630	0.00313	0.00434
16	0.00587	0.00450	0.00588	0.02359	0.04231	0.00424	0.00426	0.00791	0.03099	0.01508	0.64369	0.02957	0.15072	0.00813	0.00467	0.00128	0.00214	0.00713	0.00415	0.00391
17	0.00592	0.00438	0.00592	0.00584	0.00622	0.00495	0.00418	0.00674	0.00623	0.00876	0.01153	0.04671	0.01207	0.35461	0.44260	0.00500	0.05781	0.00508	0.00229	0.00317
18	0.05356	0.03201	0.01317	0.29836	0.24071	0.04867	0.03611	0.09373	0.08271	0.01356	0.00813	0.01019	0.00635	0.00414	0.00417	0.00126	0.03168	0.00353	0.00233	0.01564
19	0.25453	0.00869	0.01099	0.03584	0.23652	0.03479	0.04860	0.04517	0.00879	0.03686	0.00717	0.00861	0.00572	0.00356	0.00332	0.00105	0.00397	0.00290	0.00239	0.24052

[dist]
# distance from previous block
# <min> <max>
1	11

[block]
# block no. 6 follows, 67 sequences, length 32
# corresponding to MSA columns:
# 407-412,416-441
name=unknown_G
#
# <colnr> <probs for GDERKNQSTAVLIFYWHMCP>
#	G	D	E	R	K	N	Q	S	T	A	V	L	I	F	Y	W	H	M	C	P
0	0.03258	0.00977	0.06834	0.00939	0.03001	0.02837	0.03781	0.33174	0.03156	0.03598	0.00913	0.01102	0.00730	0.01094	0.20413	0.00254	0.12730	0.00373	0.00291	0.00546
1	0.00819	0.00699	0.00818	0.00593	0.00937	0.00527	0.00471	0.00993	0.00829	0.01296	0.00768	0.03953	0.00670	0.00332	0.00305	0.00063	0.00295	0.00271	0.00243	0.85117
2	0.00859	0.10563	0.62918	0.01277	0.11983	0.01004	0.03460	0.01258	0.00854	0.01242	0.00710	0.00850	0.00527	0.00373	0.00373	0.00122	0.00563	0.00300	0.00174	0.00589
3	0.00584	0.00457	0.00535	0.00519	0.00625	0.01532	0.00385	0.00810	0.07323	0.01415	0.48536	0.12084	0.20723	0.02063	0.00493	0.00136	0.00217	0.00768	0.00410	0.00383
4	0.00553	0.00409	0.00516	0.00489	0.00590	0.00372	0.00367	0.00728	0.01100	0.01526	0.70737	0.03132	0.16291	0.00851	0.00473	0.00128	0.00191	0.00744	0.00431	0.00372
5	0.00494	0.00401	0.00438	0.00441	0.00557	0.00345	0.00326	0.00609	0.00942	0.01181	0.19453	0.12169	0.59238	0.01002	0.00478	0.00136	0.00203	0.00853	0.00386	0.00345
6	0.00568	0.00410	0.00536	0.00505	0.00599	0.00378	0.00378	0.00757	0.01135	0.01608	0.83192	0.02996	0.03784	0.00820	0.00473	0.00126	0.00189	0.00725	0.00441	0.00378
7	0.01054	0.00890	0.00939	0.00828	0.01064	0.01024	0.00648	0.10717	0.74002	0.01769	0.01560	0.01439	0.01166	0.00537	0.00407	0.00134	0.00331	0.00444	0.00407	0.00640
8	0.17449	0.00563	0.00659	0.00618	0.00781	0.00555	0.00474	0.04722	0.00921	0.23977	0.02838	0.36294	0.02890	0.00830	0.00429	0.00143	0.00292	0.04717	0.00385	0.00463
9	0.00514	0.00399	0.00468	0.00469	0.00571	0.00353	0.00345	0.00646	0.00981	0.01287	0.35888	0.16006	0.38686	0.00973	0.00479	0.00136	0.00202	0.00842	0.00400	0.00353
10	0.01082	0.80694	0.02030	0.00701	0.01033	0.05273	0.00687	0.01209	0.00826	0.00945	0.00570	0.00665	0.00524	0.00398	0.01906	0.00097	0.00455	0.00221	0.00174	0.00509
11	0.00577	0.00391	0.00459	0.00465	0.00473	0.00396	0.00276	0.00595	0.00600	0.00807	0.01300	0.07346	0.01483	0.72862	0.10016	0.00401	0.00447	0.00601	0.00248	0.00259
12	0.00889	0.25290	0.51416	0.01002	0.01479	0.03349	0.03794	0.01228	0.00837	0.01152	0.00696	0.00837	0.00542	0.00523	0.05227	0.00145	0.00581	0.00286	0.00175	0.00552
13	0.02941	0.01215	0.03220	0.12210	0.27464	0.25088	0.06508	0.06658	0.04659	0.01272	0.00829	0.01042	0.01637	0.00456	0.01687	0.00128	0.00563	0.01656	0.00227	0.00541
14	0.00657	0.01630	0.03732	0.00665	0.00754	0.06354	0.00523	0.00783	0.00684	0.00929	0.01090	0.05388	0.01076	0.14990	0.56360	0.00510	0.02830	0.00463	0.00222	0.00359
15	0.06196	0.29129	0.18563	0.00943	0.06003	0.01218	0.00882	0.23572	0.01112	0.01539	0.00722	0.00809	0.00566	0.00397	0.00355	0.00109	0.02299	0.00285	0.00244	0.05055
16	0.00725	0.00585	0.02034	0.03269	0.06776	0.00543	0.04733	0.04489	0.04086	0.04099	0.10983	0.38319	0.03156	0.00851	0.00456	0.00137	0.00310	0.03753	0.00342	0.10353
17	0.02981	0.46371	0.09045	0.00806	0.01146	0.05320	0.02426	0.13217	0.06978	0.06055	0.00797	0.01840	0.00644	0.00405	0.00321	0.00104	0.00447	0.00290	0.00247	0.00559
18	0.11547	0.01725	0.00931	0.00793	0.00978	0.01968	0.01703	0.11804	0.27112	0.07064	0.01127	0.01278	0.00904	0.05793	0.10983	0.00214	0.12832	0.00395	0.00319	0.00530
19	0.00519	0.00397	0.00480	0.00531	0.00601	0.00370	0.00374	0.00661	0.04928	0.01113	0.07611	0.51620	0.25000	0.01124	0.00495	0.00152	0.00230	0.03067	0.00378	0.00349
20	0.02777	0.00639	0.00712	0.00643	0.00823	0.00671	0.00499	0.04339	0.32835	0.07712	0.23761	0.03584	0.17025	0.00712	0.00437	0.00133	0.00268	0.01515	0.00412	0.00505
21	0.01035	0.01938	0.01502	0.13746	0.54087	0.04823	0.03736	0.05505	0.00961	0.04340	0.00779	0.00996	0.00626	0.00381	0.00409	0.00120	0.01765	0.00354	0.00218	0.02680
22	0.00525	0.00425	0.00470	0.00466	0.00585	0.00380	0.00346	0.00697	0.05077	0.01238	0.23418	0.11481	0.51529	0.00967	0.00474	0.00136	0.00208	0.00825	0.00391	0.00362
23	0.00590	0.00434	0.00534	0.00503	0.00615	0.00402	0.00379	0.00803	0.04721	0.02977	0.62365	0.03072	0.19421	0.00841	0.00469	0.00128	0.00200	0.00732	0.00427	0.00387
24	0.00942	0.01082	0.04073	0.01643	0.04830	0.01022	0.70277	0.01288	0.03265	0.01278	0.00814	0.01073	0.00620	0.00367	0.00516	0.00137	0.05567	0.00458	0.00206	0.00542
25	0.01498	0.01911	0.01137	0.01033	0.01240	0.84295	0.00775	0.01601	0.01137	0.00982	0.00620	0.00723	0.00517	0.00413	0.00362	0.00103	0.00723	0.00258	0.00207	0.00465
26	0.00769	0.00725	0.01224	0.80925	0.06689	0.00894	0.01119	0.01035	0.00807	0.01039	0.00715	0.01066	0.00540	0.00399	0.00401	0.00133	0.00532	0.00356	0.00179	0.00455
27	0.00560	0.00410	0.00529	0.00501	0.00598	0.00379	0.00376	0.00740	0.01099	0.01540	0.73625	0.03019	0.10421	0.00913	0.03394	0.00145	0.00221	0.00725	0.00428	0.00374
28	0.01139	0.72981	0.01951	0.00740	0.01062	0.14514	0.00700	0.01263	0.00865	0.00949	0.00567	0.00656	0.00515	0.00354	0.00274	0.00089	0.00475	0.00221	0.00177	0.00507
29	0.00573	0.00430	0.00645	0.00645	0.00716	0.00501	0.00501	0.00716	0.00645	0.00931	0.01074	0.01576	0.01003	0.03008	0.84316	0.00645	0.01074	0.00430	0.00215	0.00358
30	0.04254	0.00695	0.00902	0.00700	0.00994	0.00629	0.00576	0.07536	0.01169	0.69564	0.02770	0.01348	0.01000	0.00495	0.00393	0.00122	0.00336	0.00398	0.05465	0.00653
31	0.00935	0.00982	0.03050	0.01383	0.03945	0.01049	0.42470	0.01239	0.06656	0.03139	0.00805	0.01065	0.00649	0.00565	0.03648	0.00165	0.27100	0.00424	0.00216	0.00516

[dist]
# distance from previous block
# <min> <max>
0	1

[block]
# block no. 7 follows, 67 sequences, length 23
# corresponding to MSA columns:
# 443-465
name=unknown_H
#
# <colnr> <probs for GDERKNQSTAVLIFYWHMCP>
#	G	D	E	R	K	N	Q	S	T	A	V	L	I	F	Y	W	H	M	C	P
0	0.00928	0.00852	0.06209	0.17646	0.33118	0.00821	0.03943	0.02581	0.00873	0.08353	0.01012	0.06444	0.02316	0.09030	0.00611	0.00156	0.03900	0.00441	0.00240	0.00526
1	0.01001	0.01093	0.01545	0.03396	0.13678	0.15157	0.22331	0.01187	0.00841	0.01104	0.00682	0.00960	0.00586	0.00608	0.04738	0.00166	0.29867	0.00372	0.00193	0.00496
2	0.23168	0.01261	0.01140	0.07765	0.17199	0.32495	0.03402	0.04378	0.02182	0.01331	0.00671	0.00819	0.00540	0.00397	0.00363	0.00117	0.01757	0.00290	0.00223	0.00501
3	0.00574	0.00427	0.00629	0.00629	0.00695	0.00493	0.00482	0.00706	0.00640	0.00919	0.01088	0.01655	0.01037	0.09250	0.78121	0.00625	0.01023	0.00441	0.00217	0.00349
4	0.85360	0.00772	0.00603	0.00535	0.00785	0.00888	0.00440	0.01209	0.00701	0.04981	0.00598	0.00679	0.00456	0.00377	0.00254	0.00124	0.00311	0.00224	0.00258	0.00444
5	0.00570	0.00434	0.00526	0.00521	0.00619	0.00411	0.00383	0.00790	0.07415	0.01375	0.42963	0.17642	0.19337	0.03261	0.00519	0.00143	0.00218	0.02089	0.00406	0.00377
6	0.00573	0.00428	0.00636	0.00636	0.00705	0.00497	0.00491	0.00711	0.00642	0.00925	0.01082	0.01618	0.01021	0.06358	0.80992	0.00634	0.01047	0.00436	0.00216	0.00353
7	0.00641	0.00469	0.00565	0.00522	0.00647	0.00441	0.00399	0.06157	0.02316	0.03140	0.55444	0.03030	0.21797	0.00837	0.00467	0.00129	0.00217	0.01961	0.00422	0.00399
8	0.00816	0.00808	0.01198	0.78290	0.02642	0.07502	0.01087	0.01070	0.00828	0.01021	0.00705	0.01042	0.00533	0.00402	0.00398	0.00131	0.00550	0.00349	0.00180	0.00447
9	0.00687	0.00355	0.00532	0.00532	0.00538	0.00361	0.00361	0.00538	0.00532	0.00716	0.00727	0.01248	0.00721	0.01524	0.08271	0.81228	0.00407	0.00355	0.00177	0.00189
10	0.00994	0.00591	0.00741	0.00680	0.03690	0.00573	0.00512	0.09946	0.02358	0.23079	0.10614	0.06393	0.24116	0.01038	0.11457	0.00198	0.01549	0.00594	0.00387	0.00489
11	0.00941	0.01120	0.05536	0.01669	0.02082	0.01011	0.78817	0.01284	0.00943	0.01284	0.00808	0.01073	0.00605	0.00340	0.00470	0.00135	0.00673	0.00466	0.00202	0.00543
12	0.00816	0.01996	0.77370	0.01186	0.01764	0.00938	0.07860	0.01271	0.00855	0.01271	0.00727	0.00865	0.00516	0.00378	0.00388	0.00128	0.00599	0.00310	0.00172	0.00589
13	0.00582	0.00392	0.00454	0.00454	0.00460	0.00398	0.00263	0.00594	0.00588	0.00790	0.01249	0.02541	0.01422	0.79334	0.08563	0.00409	0.00443	0.00571	0.00241	0.00252
14	0.00667	0.00489	0.00563	0.00562	0.00681	0.00477	0.00412	0.00960	0.16113	0.06241	0.09922	0.30549	0.27359	0.02483	0.00498	0.00148	0.00245	0.00829	0.00390	0.00412
15	0.00861	0.00732	0.00847	0.00612	0.00964	0.00574	0.00490	0.03880	0.03393	0.01361	0.00750	0.00857	0.00617	0.00311	0.00304	0.00064	0.00303	0.00249	0.00249	0.82585
16	0.00718	0.00686	0.04358	0.01907	0.00990	0.03960	0.13846	0.01903	0.05741	0.03327	0.07408	0.21802	0.18983	0.04181	0.01600	0.00159	0.00374	0.07310	0.00330	0.00418
17	0.00523	0.00377	0.00478	0.00533	0.00579	0.00353	0.00370	0.00610	0.00815	0.01081	0.12197	0.48515	0.11200	0.13141	0.00723	0.00189	0.00257	0.07371	0.00362	0.00325
18	0.04224	0.06419	0.15270	0.01328	0.12748	0.25916	0.17384	0.07221	0.02495	0.02208	0.00742	0.00885	0.00577	0.00388	0.00386	0.00118	0.00595	0.00330	0.00219	0.00548
19	0.01181	0.15593	0.14586	0.02366	0.14217	0.15671	0.02174	0.17751	0.01139	0.05488	0.02999	0.01018	0.03228	0.00433	0.00372	0.00114	0.00505	0.00336	0.00258	0.00570
20	0.00809	0.00771	0.01352	0.01097	0.03215	0.00783	0.32198	0.02525	0.10866	0.01194	0.01234	0.09699	0.02199	0.16630	0.05043	0.00215	0.05064	0.04387	0.00264	0.00455
21	0.08160	0.14882	0.06202	0.02669	0.06405	0.17254	0.08973	0.15164	0.04818	0.06278	0.01796	0.00936	0.00666	0.00483	0.02537	0.00129	0.01509	0.00326	0.00263	0.00549
22	0.00986	0.00796	0.00849	0.00751	0.00914	0.12833	0.04425	0.13966	0.01068	0.09428	0.09794	0.17845	0.03657	0.08232	0.08022	0.00200	0.00459	0.04065	0.00337	0.01374

[dist]
# distance from previous block
# <min> <max>
1	6

[block]
# block no. 8 follows, 67 sequences, length 41
# corresponding to MSA columns:
# 472-512
name=unknown_I
#
# <colnr> <probs for GDERKNQSTAVLIFYWHMCP>
#	G	D	E	R	K	N	Q	S	T	A	V	L	I	F	Y	W	H	M	C	P
0	0.03358	0.02755	0.02647	0.05166	0.10795	0.00736	0.05119	0.09496	0.02466	0.11301	0.01115	0.04492	0.02045	0.01520	0.34757	0.00338	0.00695	0.00429	0.00275	0.00493
1	0.02683	0.21645	0.27034	0.03050	0.29006	0.01090	0.03191	0.03475	0.00887	0.01241	0.00734	0.02899	0.00611	0.00387	0.00361	0.00115	0.00497	0.00324	0.00194	0.00577
2	0.00683	0.00438	0.00570	0.00579	0.02006	0.02926	0.00383	0.00616	0.00585	0.00778	0.00911	0.03733	0.00956	0.22009	0.11136	0.48231	0.02585	0.00432	0.00202	0.00239
3	0.04095	0.00523	0.00607	0.00565	0.00717	0.00505	0.00440	0.04531	0.07118	0.11966	0.16597	0.07436	0.26523	0.04430	0.02147	0.00157	0.00283	0.08114	0.02817	0.00430
4	0.00918	0.00877	0.01493	0.28614	0.57834	0.00933	0.01194	0.01165	0.00878	0.01220	0.00741	0.01017	0.00603	0.00371	0.00398	0.00124	0.00495	0.00357	0.00192	0.00575
5	0.00710	0.00520	0.00631	0.00563	0.00742	0.00435	0.00416	0.00847	0.02021	0.06384	0.06070	0.32681	0.09612	0.04104	0.00479	0.00127	0.00265	0.00683	0.00330	0.32381
6	0.00591	0.00422	0.00532	0.00559	0.00608	0.00428	0.00389	0.04657	0.00765	0.01025	0.01765	0.34096	0.05732	0.26447	0.14749	0.00307	0.00435	0.05856	0.00310	0.00328
7	0.00730	0.00442	0.00514	0.00497	0.00628	0.00403	0.00385	0.02007	0.00956	0.10793	0.12735	0.09686	0.30772	0.00833	0.00433	0.00130	0.00235	0.08015	0.19408	0.00397
8	0.00587	0.00428	0.00569	0.00637	0.00718	0.00414	0.00515	0.00749	0.02110	0.01196	0.11078	0.24685	0.10370	0.01097	0.00525	0.00167	0.00299	0.43118	0.00379	0.00360
9	0.00775	0.00772	0.03617	0.76417	0.07149	0.00898	0.02677	0.01048	0.00812	0.01052	0.00717	0.01059	0.00541	0.00397	0.00402	0.00133	0.00536	0.00357	0.00180	0.00462
10	0.01655	0.00857	0.08924	0.00805	0.01147	0.00677	0.03858	0.06594	0.01155	0.67802	0.01433	0.01281	0.00913	0.00478	0.00404	0.00125	0.00384	0.00393	0.00448	0.00668
11	0.01799	0.00683	0.00931	0.00714	0.01024	0.00589	0.00589	0.01954	0.01148	0.83682	0.01582	0.01365	0.00993	0.00496	0.00403	0.00124	0.00341	0.00403	0.00496	0.00683
12	0.00634	0.00465	0.00648	0.02317	0.00837	0.00462	0.01725	0.00803	0.00897	0.01161	0.02165	0.05827	0.07869	0.06127	0.00632	0.00191	0.00364	0.66158	0.00356	0.00363
13	0.00749	0.00682	0.00864	0.00791	0.00817	0.04488	0.00615	0.00829	0.00670	0.00947	0.02960	0.08384	0.01122	0.20970	0.12060	0.00281	0.38671	0.03504	0.00227	0.00371
14	0.01799	0.00683	0.00931	0.00714	0.01024	0.00589	0.00589	0.01954	0.01148	0.83682	0.01582	0.01365	0.00993	0.00496	0.00403	0.00124	0.00341	0.00403	0.00496	0.00683
15	0.00583	0.00389	0.00437	0.00437	0.00437	0.00389	0.00243	0.00583	0.00583	0.00778	0.01264	0.02624	0.01458	0.85906	0.02041	0.00389	0.00389	0.00583	0.00243	0.00243
16	0.00832	0.00713	0.00832	0.00594	0.00950	0.00535	0.00475	0.01010	0.00832	0.01307	0.00713	0.00832	0.00594	0.00297	0.00297	0.00059	0.00297	0.00238	0.00238	0.88357
17	0.01044	0.04317	0.09106	0.08801	0.11762	0.23323	0.05959	0.03169	0.03263	0.01121	0.00725	0.00951	0.00607	0.00681	0.07945	0.00174	0.16014	0.00335	0.00204	0.00499
18	0.01732	0.00727	0.00951	0.00736	0.01042	0.00664	0.00605	0.08200	0.05848	0.72695	0.01537	0.01341	0.00982	0.00498	0.00403	0.00124	0.00348	0.00403	0.00484	0.00680
19	0.00987	0.01079	0.10517	0.02275	0.72205	0.00959	0.01245	0.03552	0.00934	0.01341	0.00757	0.00976	0.00623	0.00363	0.00395	0.00120	0.00488	0.00351	0.00201	0.00632
20	0.00715	0.00567	0.00731	0.00714	0.02354	0.07416	0.02941	0.00761	0.00660	0.00879	0.00890	0.01349	0.00835	0.02094	0.44954	0.28445	0.02788	0.00388	0.00200	0.00321
21	0.00571	0.00391	0.00448	0.00449	0.00466	0.00386	0.00267	0.00595	0.00644	0.00857	0.05939	0.05275	0.07461	0.70097	0.04264	0.00357	0.00380	0.00622	0.00266	0.00263
22	0.00672	0.00374	0.00540	0.00545	0.00555	0.00381	0.00375	0.00566	0.00590	0.00794	0.04181	0.07658	0.01080	0.06457	0.01420	0.66280	0.02788	0.04318	0.00213	0.00215
23	0.00577	0.00413	0.00558	0.00558	0.00600	0.00454	0.00393	0.00661	0.00619	0.00867	0.01153	0.02014	0.01193	0.37686	0.49899	0.00538	0.00788	0.00494	0.00227	0.00310
24	0.00510	0.00374	0.00468	0.00513	0.00567	0.00344	0.00352	0.00603	0.00850	0.01130	0.18627	0.48832	0.15952	0.08183	0.00625	0.00170	0.00232	0.00963	0.00375	0.00331
25	0.01079	0.82416	0.03533	0.00704	0.01048	0.03766	0.00703	0.01213	0.00824	0.00950	0.00562	0.00649	0.00515	0.00346	0.00262	0.00087	0.00440	0.00217	0.00172	0.00515
26	0.00949	0.03915	0.24680	0.01503	0.08484	0.03322	0.42720	0.04308	0.00942	0.01300	0.00765	0.00975	0.00578	0.00371	0.00458	0.00130	0.03447	0.00393	0.00199	0.00562
27	0.01134	0.41250	0.07006	0.02880	0.03446	0.17945	0.00790	0.06695	0.06803	0.01143	0.00702	0.00806	0.00591	0.00457	0.02032	0.00116	0.05193	0.00275	0.00213	0.00524
28	0.23540	0.00826	0.00903	0.00717	0.01005	0.00858	0.00590	0.25105	0.02783	0.34748	0.01135	0.01076	0.00767	0.00461	0.00359	0.00122	0.00356	0.00344	0.03698	0.00607
29	0.00504	0.00362	0.00471	0.00549	0.00581	0.00340	0.00372	0.00578	0.00773	0.01025	0.03699	0.69264	0.06714	0.07552	0.01926	0.00186	0.00260	0.04159	0.00361	0.00323
30	0.00487	0.00404	0.00419	0.00419	0.00541	0.00344	0.00309	0.00588	0.00908	0.01102	0.09469	0.06095	0.70884	0.05571	0.00559	0.00149	0.00213	0.00832	0.00370	0.00336
31	0.00669	0.00479	0.00681	0.00748	0.00850	0.00477	0.02255	0.00869	0.02322	0.02528	0.03488	0.07375	0.02273	0.01074	0.00544	0.00180	0.00366	0.72071	0.00370	0.00381
32	0.01157	0.18674	0.01451	0.22085	0.08514	0.35521	0.04841	0.01329	0.00959	0.01027	0.00651	0.00834	0.00535	0.00388	0.00359	0.00110	0.00593	0.00293	0.00192	0.00488
33	0.00699	0.04323	0.02148	0.00812	0.03967	0.02496	0.04391	0.02938	0.03103	0.01163	0.01743	0.25679	0.01891	0.01163	0.08339	0.00207	0.01748	0.32461	0.00325	0.00403
34	0.02578	0.40269	0.06831	0.00988	0.08398	0.24971	0.00810	0.04148	0.03909	0.01103	0.00655	0.00756	0.00556	0.00386	0.00339	0.00102	0.02215	0.00261	0.00202	0.00523
35	0.00594	0.00471	0.00545	0.01475	0.01629	0.00456	0.00409	0.03114	0.09709	0.01212	0.10097	0.25889	0.33647	0.05088	0.00552	0.00156	0.00251	0.03951	0.00373	0.00382
36	0.01339	0.19291	0.04520	0.00892	0.01194	0.26974	0.00757	0.30406	0.02578	0.01573	0.00756	0.00817	0.00591	0.00416	0.00351	0.00104	0.00520	0.00289	0.00273	0.06359
37	0.00493	0.00366	0.00462	0.00532	0.00581	0.00334	0.00367	0.00577	0.00815	0.01064	0.05882	0.64361	0.18208	0.01188	0.00504	0.00157	0.00229	0.03174	0.00375	0.00332
38	0.00865	0.05853	0.09697	0.04346	0.04237	0.04909	0.33560	0.03069	0.02549	0.01215	0.03408	0.02656	0.10790	0.00717	0.07743	0.01444	0.01741	0.00474	0.00235	0.00491
39	0.01101	0.12697	0.03607	0.06077	0.28182	0.09306	0.12446	0.11811	0.04364	0.02200	0.00789	0.00946	0.00627	0.00384	0.00382	0.00115	0.00510	0.00343	0.00234	0.03881
40	0.00756	0.03064	0.01110	0.00947	0.02788	0.03200	0.11822	0.00907	0.00704	0.00999	0.00885	0.03420	0.00831	0.03189	0.39726	0.00386	0.24223	0.00422	0.00205	0.00416

[dist]
# distance from previous block
# <min> <max>
0	1

[block]
# block no. 9 follows, 67 sequences, length 8
# corresponding to MSA columns:
# 514-521
name=unknown_J
#
# <colnr> <probs for GDERKNQSTAVLIFYWHMCP>
#	G	D	E	R	K	N	Q	S	T	A	V	L	I	F	Y	W	H	M	C	P
0	0.00502	0.00355	0.00461	0.00541	0.00561	0.00335	0.00353	0.00562	0.00741	0.00988	0.02073	0.73567	0.02479	0.13571	0.00734	0.00196	0.00255	0.01059	0.00353	0.00314
1	0.01195	0.21177	0.11357	0.03823	0.06373	0.11822	0.00854	0.19718	0.06547	0.05888	0.02650	0.00946	0.00706	0.00441	0.00409	0.00115	0.04818	0.00321	0.00269	0.00571
2	0.00955	0.02548	0.05871	0.07700	0.15555	0.02436	0.05803	0.05550	0.06705	0.03842	0.00826	0.00959	0.00651	0.00360	0.00355	0.00096	0.00409	0.00313	0.00247	0.38820
3	0.01037	0.15424	0.13245	0.04997	0.23818	0.04353	0.00964	0.07582	0.12852	0.03239	0.00862	0.00973	0.00679	0.00411	0.00399	0.00116	0.03391	0.00330	0.00243	0.05084
4	0.01101	0.03328	0.00837	0.00687	0.00896	0.12817	0.00542	0.11865	0.07513	0.17792	0.18867	0.02071	0.18702	0.00658	0.00422	0.00123	0.00350	0.00535	0.00388	0.00507
5	0.00587	0.00447	0.00645	0.00826	0.12629	0.00429	0.00497	0.00677	0.00801	0.01083	0.07286	0.55390	0.04365	0.04538	0.00612	0.04929	0.00281	0.03278	0.00336	0.00364
6	0.04121	0.24702	0.14798	0.05605	0.06852	0.15746	0.06094	0.06983	0.00942	0.01197	0.00658	0.00811	0.00539	0.00412	0.00442	0.00116	0.08963	0.00293	0.00201	0.00526
7	0.05679	0.00741	0.00859	0.00763	0.03095	0.06053	0.03783	0.09310	0.00994	0.07507	0.03649	0.15999	0.02835	0.00657	0.00410	0.00121	0.00358	0.12382	0.00320	0.24485

[dist]
# distance from previous block
# <min> <max>
0	5

[block]
# block no. 10 follows, 67 sequences, length 9
# corresponding to MSA columns:
# 527-535
name=unknown_K
#
# <colnr> <probs for GDERKNQSTAVLIFYWHMCP>
#	G	D	E	R	K	N	Q	S	T	A	V	L	I	F	Y	W	H	M	C	P
0	0.00684	0.00555	0.00599	0.00612	0.00723	0.07024	0.00478	0.00857	0.03549	0.03974	0.21582	0.16408	0.18846	0.00952	0.00487	0.00147	0.00297	0.21460	0.00380	0.00385
1	0.00617	0.00497	0.00740	0.02864	0.08832	0.00491	0.04639	0.03531	0.00832	0.01118	0.01905	0.51692	0.06702	0.01235	0.09095	0.00204	0.00383	0.03907	0.00327	0.00388
2	0.00815	0.00774	0.01328	0.40118	0.30184	0.00847	0.06376	0.01053	0.00849	0.01142	0.00978	0.09802	0.03040	0.00486	0.00418	0.00132	0.00484	0.00458	0.00212	0.00502
3	0.10492	0.28631	0.18236	0.00995	0.09617	0.12778	0.00874	0.06047	0.00947	0.01283	0.06082	0.00906	0.00742	0.00405	0.00333	0.00109	0.00480	0.00295	0.00218	0.00528
4	0.00813	0.00731	0.01195	0.02500	0.02650	0.00729	0.24007	0.10113	0.05274	0.01496	0.27539	0.09203	0.08049	0.00662	0.00488	0.00134	0.02987	0.00618	0.00338	0.00473
5	0.00933	0.00782	0.00988	0.00731	0.01049	0.00692	0.04902	0.07709	0.00913	0.04206	0.00749	0.00879	0.00609	0.00363	0.00423	0.00083	0.09044	0.00278	0.00252	0.64416
6	0.00515	0.00400	0.00468	0.00468	0.00571	0.00353	0.00345	0.00649	0.00986	0.01294	0.36747	0.14680	0.39151	0.00967	0.00479	0.00135	0.00201	0.00836	0.00401	0.00353
7	0.00641	0.05086	0.00634	0.00557	0.02044	0.02173	0.00418	0.05230	0.04103	0.01268	0.18020	0.10713	0.40667	0.03265	0.00502	0.00141	0.00259	0.03522	0.00368	0.00390
8	0.00985	0.00899	0.07393	0.01036	0.09257	0.00730	0.14376	0.05539	0.03546	0.09980	0.02483	0.05599	0.00831	0.00416	0.00378	0.00102	0.00408	0.00382	0.00275	0.35385

[dist]
# distance from previous block
# <min> <max>
0	1

[block]
# block no. 11 follows, 67 sequences, length 15
# corresponding to MSA columns:
# 537-551
name=unknown_L
#
# <colnr> <probs for GDERKNQSTAVLIFYWHMCP>
#	G	D	E	R	K	N	Q	S	T	A	V	L	I	F	Y	W	H	M	C	P
0	0.17698	0.25163	0.03614	0.01928	0.02611	0.22303	0.02775	0.03810	0.02726	0.01209	0.00631	0.00766	0.00535	0.00463	0.01751	0.00123	0.10928	0.00269	0.00210	0.00487
1	0.36606	0.00855	0.00858	0.00709	0.00967	0.00954	0.00581	0.30967	0.03146	0.08618	0.00880	0.00958	0.00660	0.00751	0.10664	0.00187	0.00455	0.00317	0.00324	0.00541
2	0.03024	0.01167	0.00930	0.03032	0.01064	0.37112	0.02502	0.01361	0.06844	0.09418	0.12722	0.09049	0.04075	0.00576	0.00400	0.00117	0.00480	0.00459	0.00306	0.05362
3	0.11344	0.00452	0.00443	0.00432	0.00577	0.00412	0.00329	0.00669	0.00909	0.01228	0.12079	0.03373	0.64570	0.00916	0.00446	0.00133	0.00215	0.00756	0.00365	0.00355
4	0.00929	0.00898	0.01461	0.19854	0.56756	0.02887	0.01144	0.01156	0.00873	0.01212	0.00784	0.04144	0.00680	0.00420	0.00451	0.00127	0.05071	0.00384	0.00200	0.00569
5	0.01083	0.01003	0.00949	0.00848	0.01076	0.11258	0.00658	0.05751	0.68922	0.01631	0.01477	0.01377	0.01112	0.00525	0.00402	0.00131	0.00373	0.00425	0.00383	0.00616
6	0.00610	0.00481	0.00694	0.00669	0.00731	0.00571	0.00521	0.00746	0.00698	0.01012	0.11118	0.01710	0.01306	0.06118	0.60068	0.00511	0.11366	0.00463	0.00239	0.00365
7	0.06962	0.01033	0.03312	0.07502	0.31509	0.11691	0.03814	0.06667	0.03705	0.05233	0.00825	0.02625	0.00668	0.00405	0.00388	0.00114	0.01590	0.00344	0.00243	0.11371
8	0.01299	0.02665	0.06355	0.03106	0.02833	0.37838	0.00832	0.05579	0.03430	0.11278	0.00774	0.00894	0.00609	0.00493	0.00593	0.00127	0.20219	0.00315	0.00247	0.00513
9	0.00813	0.00607	0.00736	0.00806	0.10858	0.02660	0.00507	0.07570	0.06991	0.06459	0.06171	0.15231	0.11562	0.26171	0.00920	0.00210	0.00346	0.00635	0.00325	0.00422
10	0.00919	0.12771	0.02664	0.09039	0.16234	0.06497	0.05414	0.03096	0.00892	0.04336	0.06701	0.13199	0.01118	0.00609	0.00504	0.06037	0.03248	0.00467	0.00252	0.06003
11	0.01265	0.00695	0.00904	0.00797	0.06483	0.00625	0.00591	0.04636	0.06398	0.37423	0.04490	0.04316	0.01103	0.02659	0.01878	0.00128	0.00347	0.03391	0.00383	0.21488
12	0.02297	0.08474	0.21761	0.02445	0.13629	0.07687	0.13436	0.13647	0.01073	0.09269	0.00831	0.00945	0.00616	0.00401	0.00403	0.00121	0.01780	0.00343	0.00250	0.00590
13	0.02457	0.15497	0.01440	0.06390	0.02394	0.28024	0.12397	0.11041	0.05584	0.03695	0.00835	0.04525	0.00696	0.00451	0.00403	0.00116	0.02932	0.00357	0.00248	0.00520
14	0.01026	0.00582	0.00724	0.00606	0.00819	0.00528	0.00477	0.01297	0.09966	0.27377	0.30665	0.02138	0.10054	0.00643	0.00422	0.00119	0.00266	0.00546	0.00423	0.11323

[dist]
# distance from previous block
# <min> <max>
0	1

[block]
# block no. 12 follows, 67 sequences, length 7
# corresponding to MSA columns:
# 553-559
name=unknown_M
#
# <colnr> <probs for GDERKNQSTAVLIFYWHMCP>
#	G	D	E	R	K	N	Q	S	T	A	V	L	I	F	Y	W	H	M	C	P
0	0.00645	0.00488	0.00560	0.00559	0.00656	0.00484	0.00402	0.07744	0.07893	0.01228	0.07701	0.29224	0.21499	0.15002	0.00736	0.00186	0.00279	0.03976	0.00361	0.00377
1	0.00659	0.07744	0.00619	0.00485	0.00629	0.00473	0.00373	0.00768	0.00916	0.08220	0.12433	0.11252	0.46649	0.06332	0.00553	0.00148	0.00247	0.00752	0.00366	0.00381
2	0.00587	0.00437	0.00503	0.00508	0.00605	0.00411	0.00363	0.00773	0.07922	0.03443	0.15671	0.23981	0.31345	0.10815	0.00657	0.00170	0.00244	0.00825	0.00375	0.00366
3	0.00917	0.00985	0.15078	0.00764	0.01099	0.00763	0.00703	0.04339	0.26770	0.04546	0.03566	0.01266	0.04560	0.00451	0.00367	0.00105	0.00354	0.00368	0.00307	0.32693
4	0.01021	0.01029	0.01936	0.03877	0.04817	0.01027	0.52968	0.15080	0.01073	0.01465	0.00851	0.03421	0.00672	0.00412	0.00504	0.00133	0.05849	0.00451	0.00240	0.03172
5	0.04272	0.09725	0.15311	0.00871	0.01181	0.03291	0.02261	0.23053	0.20128	0.03410	0.02538	0.03455	0.02321	0.02707	0.00448	0.00132	0.02049	0.01950	0.00318	0.00579
6	0.07183	0.18473	0.17095	0.02498	0.06947	0.14631	0.04588	0.07561	0.02990	0.04003	0.00735	0.00837	0.00576	0.00381	0.00343	0.00107	0.00497	0.00288	0.00227	0.10039

[dist]
# distance from previous block
# <min> <max>
0	21

