[name]
unknown

[dist]
# distance from previous block
# <min> <max>
0	244

[block]
# block no. 0 follows, 72 sequences, length 14
# corresponding to MSA columns:
# 244-257
name=unknown_A
#
# <colnr> <probs for GDERKNQSTAVLIFYWHMCP>
#	G	D	E	R	K	N	Q	S	T	A	V	L	I	F	Y	W	H	M	C	P
0	0.00897	0.00854	0.01466	0.06142	0.69423	0.00859	0.04537	0.01123	0.00861	0.01216	0.00830	0.01246	0.00738	0.00403	0.00392	0.00120	0.00452	0.07676	0.00202	0.00566
1	0.01089	0.01114	0.01110	0.00961	0.01048	0.26909	0.00775	0.01182	0.00778	0.08453	0.00615	0.00826	0.00535	0.00562	0.00890	0.00141	0.52059	0.00309	0.00202	0.00443
2	0.01489	0.00729	0.00945	0.00740	0.01013	0.00706	0.02622	0.21284	0.01201	0.53168	0.01306	0.01282	0.00889	0.00690	0.08023	0.00162	0.00416	0.02314	0.00414	0.00607
3	0.78821	0.00750	0.00601	0.00534	0.00769	0.00869	0.00437	0.03588	0.08152	0.01711	0.00631	0.00697	0.00485	0.00370	0.00253	0.00118	0.00298	0.00229	0.00253	0.00435
4	0.00934	0.00938	0.03488	0.02202	0.76059	0.02804	0.03509	0.01163	0.00873	0.01237	0.02724	0.00978	0.00666	0.00350	0.00378	0.00113	0.00457	0.00346	0.00193	0.00588
5	0.00824	0.00582	0.00736	0.00747	0.08067	0.00586	0.00524	0.08216	0.14129	0.09874	0.32309	0.08707	0.08234	0.00694	0.00425	0.00125	0.00269	0.04105	0.00381	0.00465
6	0.00574	0.00455	0.00686	0.00660	0.00725	0.00540	0.02262	0.00703	0.00615	0.00890	0.00997	0.03792	0.00951	0.04353	0.71533	0.00541	0.08751	0.00422	0.00204	0.00346
7	0.00891	0.19087	0.10820	0.00700	0.01048	0.05345	0.02775	0.01116	0.04076	0.02646	0.00691	0.00785	0.00563	0.00319	0.00296	0.00077	0.00372	0.00244	0.00212	0.47937
8	0.00496	0.00400	0.00439	0.00438	0.00549	0.00358	0.00325	0.00645	0.04467	0.01129	0.18464	0.09473	0.54091	0.04307	0.00508	0.00139	0.00207	0.02868	0.00361	0.00336
9	0.00942	0.08030	0.35927	0.00994	0.07008	0.00954	0.00978	0.14802	0.17055	0.02834	0.04514	0.01059	0.00806	0.01973	0.00393	0.00122	0.00443	0.00341	0.00260	0.00566
10	0.00481	0.00355	0.00451	0.00501	0.00557	0.00325	0.00353	0.00579	0.00825	0.01095	0.18814	0.52494	0.16256	0.01062	0.00472	0.00144	0.00213	0.04336	0.00365	0.00322
11	0.06726	0.21954	0.12796	0.00862	0.01188	0.10330	0.09505	0.09356	0.06442	0.05595	0.00769	0.01882	0.00607	0.00382	0.00341	0.00103	0.01560	0.00297	0.00234	0.09071
12	0.05514	0.15151	0.09865	0.00831	0.01128	0.04940	0.11819	0.09637	0.05231	0.07868	0.03156	0.09674	0.02216	0.00472	0.00357	0.00109	0.00407	0.00400	0.00266	0.10961
13	0.17505	0.22292	0.11086	0.00854	0.04754	0.07181	0.04150	0.11954	0.11298	0.04422	0.00780	0.00835	0.00602	0.00385	0.00318	0.00108	0.00420	0.00284	0.00248	0.00524

[dist]
# distance from previous block
# <min> <max>
0	1

[block]
# block no. 1 follows, 72 sequences, length 34
# corresponding to MSA columns:
# 259-292
name=unknown_B
#
# <colnr> <probs for GDERKNQSTAVLIFYWHMCP>
#	G	D	E	R	K	N	Q	S	T	A	V	L	I	F	Y	W	H	M	C	P
0	0.01270	0.16581	0.14692	0.00816	0.03932	0.00890	0.00746	0.08986	0.10540	0.34522	0.01109	0.01057	0.00770	0.00424	0.00351	0.00112	0.00384	0.00332	0.01895	0.00591
1	0.00990	0.00896	0.01002	0.01041	0.15285	0.07013	0.00701	0.09077	0.44520	0.01499	0.03043	0.02736	0.00986	0.00473	0.00394	0.00118	0.02242	0.00392	0.00321	0.07274
2	0.68334	0.00688	0.00594	0.00522	0.00746	0.00767	0.00425	0.02560	0.00753	0.10287	0.08518	0.02879	0.00815	0.00425	0.00278	0.00118	0.00286	0.00291	0.00281	0.00432
3	0.10003	0.00698	0.04250	0.00709	0.02519	0.00669	0.03328	0.19044	0.04204	0.11645	0.01595	0.28525	0.08862	0.01646	0.00423	0.00133	0.00319	0.00616	0.00344	0.00469
4	0.00881	0.45667	0.11097	0.00751	0.02769	0.01123	0.03518	0.01167	0.10745	0.01113	0.11558	0.01167	0.03774	0.01755	0.00354	0.00105	0.01399	0.00339	0.00231	0.00485
5	0.00489	0.00341	0.00432	0.00494	0.00510	0.00326	0.00316	0.00535	0.00674	0.00899	0.01825	0.61517	0.02173	0.26552	0.00913	0.00217	0.00264	0.00922	0.00316	0.00285
6	0.00874	0.00843	0.01466	0.17888	0.59934	0.00870	0.06658	0.01105	0.00840	0.01176	0.00766	0.04458	0.00659	0.00379	0.00385	0.00118	0.00464	0.00375	0.00191	0.00549
7	0.00966	0.01008	0.12461	0.01015	0.08181	0.11302	0.10909	0.07857	0.07054	0.09486	0.01199	0.18755	0.01117	0.02145	0.00445	0.00132	0.01315	0.03878	0.00285	0.00493
8	0.00910	0.01014	0.10249	0.03898	0.44096	0.00897	0.22584	0.02755	0.00874	0.02733	0.00774	0.02920	0.00632	0.00370	0.00415	0.00120	0.02505	0.00379	0.01317	0.00556
9	0.00528	0.00388	0.00462	0.00456	0.00560	0.00344	0.00341	0.00658	0.00942	0.03681	0.36734	0.12831	0.36749	0.00898	0.00452	0.00128	0.00198	0.02922	0.00383	0.00345
10	0.00786	0.01280	0.38801	0.01048	0.01415	0.00797	0.19548	0.04406	0.00821	0.02638	0.01628	0.02408	0.00729	0.06985	0.10268	0.01520	0.02394	0.01841	0.00201	0.00486
11	0.05570	0.11371	0.34772	0.02647	0.04619	0.03164	0.04740	0.20102	0.02883	0.02427	0.01615	0.00852	0.00579	0.00393	0.00374	0.00115	0.02693	0.00302	0.00230	0.00553
12	0.00547	0.00392	0.00571	0.00612	0.01889	0.00364	0.04731	0.00637	0.00769	0.04541	0.05030	0.71857	0.04442	0.01078	0.00474	0.00149	0.00248	0.00983	0.00349	0.00340
13	0.00867	0.00741	0.00789	0.00722	0.00914	0.00842	0.00557	0.01781	0.70139	0.01510	0.04800	0.07509	0.05978	0.00596	0.00399	0.00130	0.00284	0.00504	0.00383	0.00555
14	0.06594	0.01054	0.01359	0.03948	0.10407	0.20363	0.25593	0.07782	0.00958	0.01231	0.00918	0.10940	0.00847	0.00493	0.00417	0.00123	0.02126	0.04138	0.00235	0.00473
15	0.00496	0.00386	0.00451	0.00435	0.00542	0.00341	0.00326	0.00638	0.00978	0.01295	0.47529	0.03205	0.40297	0.00860	0.00448	0.00123	0.00185	0.00738	0.00388	0.00341
16	0.00837	0.02234	0.00857	0.00603	0.00935	0.00539	0.03230	0.01009	0.00810	0.05482	0.02060	0.00850	0.00629	0.00301	0.00294	0.00063	0.00296	0.00247	0.00238	0.78489
17	0.00878	0.00750	0.02491	0.02581	0.03354	0.00688	0.12083	0.13040	0.03971	0.04814	0.09090	0.04010	0.08286	0.00487	0.00395	0.00103	0.02326	0.01562	0.00289	0.28803
18	0.01031	0.19057	0.34137	0.00941	0.01341	0.01979	0.07437	0.13721	0.02253	0.09936	0.00809	0.02404	0.00609	0.00400	0.00370	0.00113	0.02357	0.00315	0.00236	0.00555
19	0.00722	0.00680	0.01148	0.83602	0.04725	0.00844	0.01056	0.00974	0.00761	0.00976	0.00675	0.01009	0.00508	0.00378	0.00379	0.00126	0.00504	0.00337	0.00169	0.00426
20	0.00895	0.01023	0.02238	0.01598	0.01982	0.00959	0.82928	0.01215	0.00895	0.01215	0.00767	0.01023	0.00575	0.00320	0.00448	0.00128	0.00639	0.00448	0.00192	0.00512
21	0.00923	0.00885	0.01511	0.08134	0.78620	0.00897	0.01156	0.01150	0.00856	0.01220	0.00711	0.00944	0.00594	0.00341	0.00376	0.00114	0.00454	0.00338	0.00186	0.00588
22	0.00508	0.00391	0.00501	0.00501	0.00584	0.00395	0.00375	0.00621	0.00745	0.00990	0.10998	0.05567	0.29364	0.08615	0.37706	0.00358	0.00567	0.00606	0.00284	0.00325
23	0.00532	0.00380	0.00521	0.00608	0.00661	0.00369	0.00474	0.00649	0.00795	0.01047	0.02052	0.47770	0.02355	0.01122	0.00503	0.00164	0.00281	0.39040	0.00351	0.00327
24	0.00598	0.00438	0.00529	0.00516	0.00619	0.00420	0.00381	0.03800	0.07548	0.03493	0.37209	0.23419	0.17842	0.00871	0.00447	0.00130	0.00214	0.00763	0.00387	0.00376
25	0.00930	0.00892	0.01523	0.05636	0.81066	0.00899	0.01160	0.01156	0.00859	0.01228	0.00712	0.00942	0.00597	0.00340	0.00376	0.00113	0.00453	0.00338	0.00187	0.00594
26	0.76127	0.00716	0.00578	0.00524	0.00744	0.00825	0.00424	0.02577	0.05819	0.01656	0.00707	0.06643	0.00607	0.00422	0.00264	0.00121	0.00291	0.00282	0.00255	0.00419
27	0.82052	0.00752	0.00595	0.00526	0.00763	0.00869	0.00432	0.04918	0.03751	0.01729	0.00583	0.00659	0.00449	0.00363	0.00247	0.00118	0.00299	0.00220	0.00247	0.00428
28	0.00711	0.00660	0.01146	0.01310	0.27997	0.00633	0.16191	0.00882	0.00809	0.01112	0.01402	0.34293	0.04449	0.02088	0.00459	0.00136	0.00379	0.02055	0.00263	0.03025
29	0.03675	0.00594	0.00625	0.00611	0.00730	0.05167	0.00450	0.09939	0.13340	0.01284	0.06736	0.42536	0.09053	0.00870	0.00432	0.00135	0.00278	0.00758	0.00349	0.02440
30	0.04288	0.24518	0.07193	0.02709	0.22376	0.12190	0.02015	0.05302	0.11481	0.02411	0.00763	0.00859	0.00615	0.00373	0.00330	0.00105	0.00450	0.00293	0.00220	0.01505
31	0.02633	0.67704	0.08589	0.00748	0.02610	0.10381	0.00725	0.01182	0.00805	0.00942	0.00550	0.00638	0.00487	0.00335	0.00266	0.00087	0.00447	0.00216	0.00167	0.00488
32	0.01030	0.36377	0.10411	0.00754	0.01058	0.02600	0.00712	0.15528	0.17954	0.02652	0.06664	0.01014	0.00874	0.00425	0.00327	0.00104	0.00390	0.00319	0.00269	0.00538
33	0.03324	0.06666	0.00835	0.00662	0.02142	0.01930	0.00522	0.13060	0.15783	0.13429	0.17594	0.04893	0.07908	0.00593	0.00386	0.00117	0.00296	0.02767	0.04173	0.02920

[dist]
# distance from previous block
# <min> <max>
7	9

[block]
# block no. 2 follows, 72 sequences, length 12
# corresponding to MSA columns:
# 302-313
name=unknown_C
#
# <colnr> <probs for GDERKNQSTAVLIFYWHMCP>
#	G	D	E	R	K	N	Q	S	T	A	V	L	I	F	Y	W	H	M	C	P
0	0.39164	0.04271	0.00986	0.01017	0.17373	0.19067	0.00678	0.08449	0.00884	0.01450	0.00610	0.00727	0.00491	0.00375	0.00330	0.00112	0.03057	0.00256	0.00225	0.00478
1	0.01071	0.00974	0.01606	0.01243	0.04274	0.02930	0.37244	0.20106	0.03679	0.06779	0.02221	0.01016	0.00670	0.00430	0.00545	0.00129	0.13891	0.00396	0.00259	0.00537
2	0.00972	0.00814	0.00961	0.00781	0.01028	0.05230	0.07791	0.08121	0.31310	0.07207	0.09004	0.01349	0.03368	0.00476	0.00392	0.00110	0.02080	0.00402	0.00329	0.18276
3	0.00500	0.00379	0.00442	0.00437	0.00521	0.00341	0.00312	0.00612	0.00887	0.01171	0.34989	0.09880	0.32737	0.14311	0.00683	0.00164	0.00217	0.00739	0.00359	0.00320
4	0.00614	0.00454	0.00601	0.00669	0.00761	0.00459	0.00563	0.00848	0.07928	0.01148	0.02072	0.13584	0.06335	0.01014	0.00504	0.00166	0.00322	0.61240	0.00353	0.00364
5	0.00520	0.00374	0.00497	0.00526	0.00591	0.00351	0.00391	0.00657	0.00919	0.01266	0.42862	0.33431	0.02995	0.00963	0.00471	0.00140	0.00218	0.12105	0.00384	0.00339
6	0.00459	0.00340	0.00429	0.00501	0.00543	0.00310	0.00340	0.00531	0.00752	0.00979	0.02423	0.70723	0.17995	0.01145	0.00477	0.00149	0.00215	0.01025	0.00352	0.00310
7	0.89350	0.00733	0.00557	0.00499	0.00733	0.00851	0.00411	0.01115	0.00645	0.01702	0.00528	0.00616	0.00411	0.00352	0.00235	0.00117	0.00293	0.00205	0.00235	0.00411
8	0.01084	0.00917	0.00934	0.00805	0.01040	0.04640	0.00635	0.21467	0.60383	0.01751	0.01350	0.01262	0.01006	0.00495	0.00382	0.00124	0.00345	0.00400	0.00376	0.00604
9	0.01012	0.00645	0.00790	0.00586	0.00892	0.00508	0.00471	0.01176	0.00888	0.23551	0.07231	0.01077	0.00892	0.00369	0.00320	0.00077	0.00284	0.00302	0.00305	0.58624
10	0.12327	0.41364	0.11656	0.00714	0.01030	0.02851	0.00698	0.07470	0.07941	0.06564	0.00779	0.03735	0.00644	0.00399	0.00298	0.00102	0.00396	0.00285	0.00234	0.00511
11	0.01110	0.05880	0.09159	0.01265	0.25513	0.04783	0.07064	0.02577	0.00922	0.23500	0.01015	0.07660	0.00813	0.00440	0.00374	0.00113	0.00419	0.00390	0.00278	0.06725

[dist]
# distance from previous block
# <min> <max>
9	13

[block]
# block no. 3 follows, 72 sequences, length 6
# corresponding to MSA columns:
# 327-332
name=unknown_D
#
# <colnr> <probs for GDERKNQSTAVLIFYWHMCP>
#	G	D	E	R	K	N	Q	S	T	A	V	L	I	F	Y	W	H	M	C	P
0	0.00677	0.00475	0.00601	0.00597	0.02948	0.00471	0.00442	0.00785	0.00847	0.11209	0.09635	0.20115	0.34537	0.00882	0.00544	0.00137	0.10556	0.03817	0.00345	0.00381
1	0.00935	0.01673	0.52846	0.05867	0.08513	0.11063	0.01199	0.11172	0.00956	0.01303	0.00700	0.00823	0.00513	0.00375	0.00363	0.00116	0.00546	0.00291	0.00194	0.00552
2	0.01012	0.52847	0.14844	0.00858	0.01224	0.01299	0.10683	0.11113	0.00913	0.01161	0.00627	0.00725	0.00516	0.00345	0.00303	0.00097	0.00459	0.00261	0.00192	0.00520
3	0.02938	0.00472	0.00589	0.02676	0.03925	0.02943	0.00451	0.00801	0.00785	0.11152	0.01788	0.43668	0.04644	0.11273	0.00632	0.00172	0.00296	0.10097	0.00333	0.00365
4	0.04631	0.26957	0.03092	0.00904	0.02709	0.20259	0.12145	0.05425	0.04347	0.08343	0.00774	0.02308	0.00627	0.00479	0.03615	0.00122	0.00508	0.00306	0.00230	0.02218
5	0.01120	0.11734	0.11638	0.01163	0.17969	0.12650	0.06870	0.06175	0.00956	0.14255	0.00802	0.00886	0.00605	0.00366	0.00348	0.00103	0.00462	0.00302	0.00243	0.11353

[dist]
# distance from previous block
# <min> <max>
2	27

[block]
# block no. 4 follows, 72 sequences, length 40
# corresponding to MSA columns:
# 360-399
name=unknown_E
#
# <colnr> <probs for GDERKNQSTAVLIFYWHMCP>
#	G	D	E	R	K	N	Q	S	T	A	V	L	I	F	Y	W	H	M	C	P
0	0.03645	0.04745	0.06640	0.04581	0.30543	0.08761	0.14547	0.03515	0.04176	0.05058	0.00816	0.00982	0.02353	0.00399	0.00448	0.00119	0.07574	0.00349	0.00215	0.00533
1	0.00685	0.02587	0.03512	0.00623	0.02342	0.05612	0.00470	0.03015	0.08238	0.02156	0.21943	0.17737	0.05207	0.11457	0.07847	0.00195	0.00361	0.01801	0.00317	0.03897
2	0.04896	0.13963	0.04492	0.00839	0.03029	0.13777	0.02284	0.30026	0.01185	0.07743	0.00929	0.05321	0.02469	0.02941	0.00424	0.00118	0.03005	0.00354	0.00288	0.01917
3	0.01080	0.08570	0.08246	0.02575	0.13477	0.24431	0.12930	0.06450	0.05356	0.03079	0.00796	0.01029	0.00657	0.00414	0.00397	0.00113	0.03191	0.04284	0.00223	0.02701
4	0.00810	0.10117	0.18158	0.00787	0.03383	0.08342	0.00718	0.03313	0.09180	0.02797	0.05647	0.14015	0.06469	0.00758	0.05991	0.00152	0.00432	0.04680	0.00268	0.03981
5	0.00951	0.00824	0.00893	0.00679	0.01011	0.04545	0.00526	0.01116	0.04180	0.01356	0.00834	0.00984	0.00704	0.00382	0.00345	0.00086	0.00346	0.00278	0.00273	0.79685
6	0.00880	0.00630	0.00717	0.00614	0.00798	0.00629	0.00484	0.26731	0.01179	0.05907	0.17368	0.09900	0.18313	0.03180	0.00461	0.00128	0.00289	0.04763	0.00367	0.06662
7	0.89350	0.00733	0.00557	0.00499	0.00733	0.00851	0.00411	0.01115	0.00645	0.01702	0.00528	0.00616	0.00411	0.00352	0.00235	0.00117	0.00293	0.00205	0.00235	0.00411
8	0.00484	0.00347	0.00437	0.00499	0.00530	0.00326	0.00333	0.00544	0.00712	0.00936	0.02085	0.59362	0.10098	0.17321	0.00756	0.00193	0.00250	0.04163	0.00329	0.00296
9	0.00778	0.00718	0.04534	0.04044	0.22639	0.00653	0.10195	0.02614	0.03748	0.04594	0.28176	0.02898	0.07983	0.00550	0.00410	0.00117	0.00350	0.00506	0.00299	0.04193
10	0.01417	0.01808	0.01075	0.00977	0.01172	0.85149	0.00733	0.01514	0.01075	0.00928	0.00586	0.00684	0.00489	0.00391	0.00342	0.00098	0.00684	0.00244	0.00195	0.00440
11	0.06371	0.00383	0.00488	0.00560	0.00614	0.00377	0.00411	0.00625	0.00749	0.01048	0.01969	0.58714	0.04261	0.01169	0.04031	0.00174	0.00283	0.17112	0.00337	0.00325
12	0.89350	0.00733	0.00557	0.00499	0.00733	0.00851	0.00411	0.01115	0.00645	0.01702	0.00528	0.00616	0.00411	0.00352	0.00235	0.00117	0.00293	0.00205	0.00235	0.00411
13	0.01417	0.01808	0.01075	0.00977	0.01172	0.85149	0.00733	0.01514	0.01075	0.00928	0.00586	0.00684	0.00489	0.00391	0.00342	0.00098	0.00684	0.00244	0.00195	0.00440
14	0.00943	0.00815	0.00858	0.00772	0.00986	0.00943	0.00600	0.02015	0.83621	0.01586	0.01544	0.01415	0.01158	0.00515	0.00386	0.00129	0.00300	0.00429	0.00386	0.00600
15	0.00707	0.00353	0.00353	0.00353	0.00442	0.00353	0.00265	0.00884	0.00795	0.01414	0.01237	0.01414	0.00972	0.00442	0.00265	0.00088	0.00177	0.00353	0.88777	0.00353
16	0.00542	0.00406	0.00610	0.00610	0.00677	0.00474	0.00474	0.00677	0.00610	0.00880	0.01016	0.01490	0.00948	0.02844	0.85169	0.00610	0.01016	0.00406	0.00203	0.00339
17	0.00550	0.00370	0.00487	0.00552	0.00600	0.00350	0.00398	0.00636	0.00759	0.04364	0.02036	0.55410	0.05523	0.09140	0.00622	0.00176	0.00263	0.17098	0.00345	0.00323
18	0.01417	0.01808	0.01075	0.00977	0.01172	0.85149	0.00733	0.01514	0.01075	0.00928	0.00586	0.00684	0.00489	0.00391	0.00342	0.00098	0.00684	0.00244	0.00195	0.00440
19	0.01503	0.00963	0.01077	0.00826	0.01127	0.01029	0.00682	0.63795	0.01618	0.21870	0.01049	0.01001	0.00715	0.00459	0.00380	0.00115	0.00395	0.00351	0.00401	0.00645
20	0.01187	0.00930	0.00989	0.00813	0.01071	0.01046	0.00654	0.43856	0.38942	0.01986	0.01282	0.01218	0.03276	0.00497	0.00384	0.00121	0.00358	0.00394	0.00382	0.00615
21	0.00461	0.00345	0.00428	0.00491	0.00541	0.00312	0.00337	0.00537	0.00770	0.00997	0.04761	0.63828	0.22573	0.01121	0.00474	0.00147	0.00212	0.00999	0.00354	0.00312
22	0.00891	0.01010	0.02167	0.01559	0.01917	0.00972	0.77501	0.01195	0.00874	0.01195	0.00749	0.01010	0.00570	0.00342	0.00500	0.00130	0.06281	0.00440	0.00190	0.00505
23	0.06541	0.00655	0.00807	0.00658	0.00905	0.00629	0.00533	0.05807	0.12749	0.51249	0.05318	0.04539	0.03370	0.00530	0.00381	0.00121	0.00305	0.01645	0.02678	0.00579
24	0.00472	0.00342	0.00446	0.00525	0.00559	0.00318	0.00361	0.00546	0.00744	0.00979	0.02218	0.72943	0.09361	0.02558	0.00507	0.00157	0.00228	0.06077	0.00350	0.00310
25	0.00609	0.00489	0.00663	0.06528	0.04453	0.02598	0.00491	0.00711	0.00623	0.00859	0.01000	0.01694	0.01005	0.28787	0.43329	0.00445	0.04745	0.00437	0.00207	0.00328
26	0.02429	0.01022	0.03950	0.19838	0.06649	0.11135	0.25494	0.10576	0.06284	0.03320	0.00810	0.02274	0.00626	0.00401	0.00425	0.00123	0.03536	0.00374	0.00229	0.00506
27	0.00565	0.00453	0.00464	0.00453	0.00581	0.03411	0.00346	0.00695	0.02120	0.04158	0.14543	0.04481	0.57608	0.00883	0.00440	0.00127	0.00223	0.05201	0.02900	0.00348
28	0.04445	0.19279	0.18041	0.01935	0.17288	0.04348	0.00847	0.01197	0.05305	0.04632	0.03922	0.00906	0.00691	0.00365	0.00325	0.00099	0.00414	0.00290	0.00216	0.15453
29	0.02056	0.25294	0.23037	0.00767	0.01141	0.00961	0.01861	0.06210	0.06433	0.03149	0.01735	0.00868	0.01819	0.00362	0.00312	0.00093	0.00402	0.00274	0.00220	0.23008
30	0.00470	0.00352	0.00436	0.00484	0.00543	0.00319	0.00337	0.00560	0.00813	0.01065	0.14830	0.52967	0.23307	0.01069	0.00469	0.00142	0.00207	0.00949	0.00362	0.00319
31	0.02720	0.00773	0.01183	0.45576	0.14963	0.03640	0.05585	0.04412	0.04956	0.04148	0.02870	0.01145	0.00705	0.00415	0.00395	0.00124	0.01693	0.02577	0.01643	0.00476
32	0.00965	0.19319	0.31413	0.02480	0.09684	0.14487	0.08001	0.02282	0.02116	0.02453	0.00760	0.00875	0.02809	0.00374	0.00346	0.00109	0.00523	0.00298	0.00188	0.00520
33	0.02288	0.05251	0.07973	0.09558	0.15157	0.04214	0.08668	0.07085	0.02073	0.17959	0.01098	0.07766	0.00931	0.00509	0.00395	0.00124	0.00431	0.07713	0.00284	0.00523
34	0.00484	0.00364	0.00448	0.00472	0.00546	0.00328	0.00337	0.00597	0.00883	0.01173	0.30735	0.35337	0.24945	0.00985	0.00462	0.00135	0.00198	0.00868	0.00375	0.00328
35	0.00749	0.07036	0.06417	0.00928	0.12415	0.03206	0.05312	0.07446	0.02915	0.02239	0.03225	0.41388	0.03617	0.00780	0.00423	0.00132	0.00343	0.00699	0.00295	0.00434
36	0.05179	0.09117	0.07028	0.01196	0.19440	0.18603	0.04245	0.15757	0.04662	0.10003	0.00813	0.00886	0.00616	0.00391	0.00354	0.00109	0.00478	0.00310	0.00259	0.00554
37	0.02515	0.00543	0.03109	0.00579	0.00666	0.04028	0.00436	0.03996	0.02308	0.02125	0.01140	0.06445	0.02202	0.29634	0.36884	0.00409	0.00649	0.00476	0.00236	0.01621
38	0.03687	0.23262	0.11764	0.02275	0.14297	0.14125	0.07346	0.05810	0.09195	0.02327	0.00741	0.00844	0.00591	0.00376	0.00351	0.00107	0.01864	0.00296	0.00214	0.00526
39	0.17579	0.03473	0.08245	0.08915	0.11651	0.00778	0.02496	0.06214	0.05802	0.07985	0.04018	0.03961	0.00819	0.05022	0.00424	0.00124	0.00374	0.00351	0.00259	0.11509

[dist]
# distance from previous block
# <min> <max>
2	17

[block]
# block no. 5 follows, 72 sequences, length 14
# corresponding to MSA columns:
# 417-430
name=unknown_F
#
# <colnr> <probs for GDERKNQSTAVLIFYWHMCP>
#	G	D	E	R	K	N	Q	S	T	A	V	L	I	F	Y	W	H	M	C	P
0	0.05595	0.04010	0.02493	0.04346	0.15407	0.07553	0.13153	0.10550	0.03407	0.13850	0.00992	0.04499	0.03093	0.00441	0.00407	0.00116	0.03649	0.00380	0.00272	0.05789
1	0.00483	0.00349	0.00434	0.00492	0.00528	0.00326	0.00330	0.00545	0.00719	0.00939	0.02173	0.55369	0.14178	0.17274	0.00753	0.00191	0.00249	0.04043	0.00329	0.00297
2	0.00667	0.00516	0.00583	0.00539	0.00671	0.02395	0.00411	0.01011	0.17896	0.04537	0.47890	0.02583	0.17347	0.00735	0.00430	0.00122	0.00223	0.00633	0.00396	0.00413
3	0.04186	0.02704	0.00795	0.05667	0.06680	0.07081	0.00557	0.06608	0.11196	0.09983	0.07851	0.18725	0.08615	0.04623	0.02887	0.00150	0.00353	0.00567	0.00323	0.00450
4	0.06465	0.01277	0.29197	0.00991	0.03665	0.06120	0.08601	0.14289	0.05677	0.09206	0.00857	0.01005	0.00650	0.05435	0.00503	0.00135	0.04802	0.00337	0.00252	0.00537
5	0.00481	0.00346	0.00460	0.00541	0.00577	0.00325	0.00380	0.00565	0.00759	0.01007	0.04610	0.71033	0.05637	0.01150	0.00486	0.00154	0.00233	0.10585	0.00354	0.00315
6	0.04601	0.00894	0.01436	0.11130	0.60697	0.04417	0.05491	0.01139	0.00844	0.01200	0.00711	0.00949	0.00590	0.00444	0.03752	0.00134	0.00492	0.00337	0.00189	0.00551
7	0.08682	0.05055	0.05781	0.19382	0.03727	0.10147	0.09037	0.10303	0.06570	0.08667	0.01912	0.04582	0.00724	0.00442	0.00397	0.00120	0.03355	0.00363	0.00255	0.00498
8	0.00589	0.00405	0.00478	0.00500	0.00579	0.00402	0.00363	0.00817	0.10059	0.01243	0.15525	0.35451	0.07389	0.00849	0.00414	0.00129	0.00213	0.02832	0.21401	0.00362
9	0.00550	0.00372	0.00436	0.00435	0.00445	0.00378	0.00259	0.00570	0.00576	0.00778	0.04189	0.02397	0.01416	0.75276	0.10094	0.00383	0.00425	0.00542	0.00234	0.00245
10	0.05007	0.07522	0.14792	0.05506	0.08869	0.11562	0.20877	0.03855	0.08367	0.06298	0.00803	0.00930	0.00609	0.00383	0.00397	0.00118	0.03019	0.00338	0.00225	0.00525
11	0.03587	0.07247	0.04212	0.11151	0.09984	0.09579	0.25332	0.07777	0.02770	0.10324	0.02000	0.01054	0.00681	0.00392	0.00385	0.00118	0.00507	0.02137	0.00243	0.00521
12	0.00544	0.00389	0.00527	0.00609	0.00667	0.00379	0.00481	0.00665	0.00799	0.01047	0.02054	0.37351	0.04433	0.04853	0.00567	0.00174	0.00294	0.43495	0.00345	0.00327
13	0.04504	0.08144	0.10526	0.07210	0.14340	0.09873	0.07030	0.20377	0.04376	0.05689	0.00821	0.02748	0.00640	0.00411	0.00376	0.00114	0.01682	0.00336	0.00254	0.00547

[dist]
# distance from previous block
# <min> <max>
2	18

[block]
# block no. 6 follows, 72 sequences, length 23
# corresponding to MSA columns:
# 449-471
name=unknown_G
#
# <colnr> <probs for GDERKNQSTAVLIFYWHMCP>
#	G	D	E	R	K	N	Q	S	T	A	V	L	I	F	Y	W	H	M	C	P
0	0.07025	0.11626	0.29193	0.01181	0.16870	0.04729	0.07159	0.01222	0.05163	0.03901	0.03274	0.02628	0.00693	0.00388	0.00351	0.00112	0.00465	0.00325	0.00210	0.03485
1	0.03926	0.01106	0.07108	0.02509	0.09933	0.09477	0.03534	0.28807	0.04885	0.08074	0.04507	0.01219	0.00901	0.02331	0.03967	0.00158	0.00495	0.00385	0.00336	0.06339
2	0.00554	0.00413	0.00499	0.00473	0.00574	0.00389	0.00355	0.00696	0.01772	0.03671	0.41248	0.03773	0.31669	0.05664	0.03339	0.00154	0.03349	0.00689	0.00368	0.00349
3	0.00869	0.01939	0.00875	0.03411	0.07678	0.09483	0.02823	0.05374	0.24212	0.02823	0.10130	0.04047	0.02993	0.08723	0.04579	0.00172	0.00403	0.08687	0.00311	0.00466
4	0.00768	0.00657	0.00766	0.00553	0.00877	0.00495	0.00442	0.00935	0.00796	0.01236	0.02919	0.00937	0.03497	0.00317	0.00291	0.00060	0.00275	0.00256	0.00234	0.83689
5	0.03665	0.00509	0.00604	0.04112	0.00767	0.02298	0.00460	0.05110	0.06119	0.07765	0.05719	0.31040	0.11701	0.05802	0.03966	0.00172	0.00317	0.09148	0.00340	0.00387
6	0.05357	0.00754	0.04157	0.00653	0.00809	0.12749	0.00514	0.06035	0.05470	0.09406	0.10909	0.28845	0.06504	0.01747	0.00431	0.00131	0.00331	0.02739	0.00334	0.02125
7	0.00566	0.00389	0.00471	0.00480	0.00525	0.00366	0.00311	0.00614	0.00659	0.02421	0.03016	0.29089	0.01739	0.45617	0.01220	0.00257	0.00309	0.04218	0.00281	0.07451
8	0.00470	0.00347	0.00441	0.00506	0.00553	0.00318	0.00351	0.00553	0.00779	0.01022	0.08003	0.63530	0.16558	0.01116	0.00477	0.00148	0.00217	0.03939	0.00356	0.00315
9	0.01066	0.00888	0.06258	0.03992	0.01089	0.05984	0.02248	0.11538	0.32595	0.14348	0.02938	0.01622	0.05779	0.00549	0.00397	0.00126	0.00368	0.07310	0.00355	0.00550
10	0.00918	0.02468	0.01020	0.04011	0.08391	0.02940	0.09809	0.16267	0.10512	0.06471	0.07754	0.15536	0.08511	0.00637	0.00417	0.00127	0.00364	0.03031	0.00326	0.00490
11	0.00510	0.00352	0.00444	0.00499	0.00534	0.00329	0.00332	0.00571	0.00720	0.02861	0.03455	0.58921	0.08873	0.17610	0.00757	0.00192	0.00250	0.02152	0.00332	0.00303
12	0.00741	0.00706	0.01212	0.75834	0.09198	0.00852	0.04152	0.00994	0.00772	0.01000	0.00681	0.01006	0.00516	0.00374	0.00381	0.00125	0.00506	0.00341	0.00171	0.00439
13	0.01032	0.01080	0.08272	0.06194	0.16379	0.15772	0.11736	0.11498	0.04481	0.05831	0.06129	0.06224	0.00919	0.00509	0.02145	0.00128	0.00493	0.00406	0.00258	0.00516
14	0.00814	0.00651	0.00763	0.02339	0.02566	0.07089	0.06137	0.04823	0.09038	0.07536	0.14064	0.09842	0.18436	0.00667	0.00425	0.00121	0.02617	0.00567	0.11076	0.00428
15	0.00671	0.00560	0.00630	0.00603	0.00659	0.07358	0.00436	0.04126	0.00678	0.00900	0.01053	0.05580	0.01095	0.33180	0.34098	0.00405	0.06953	0.00469	0.00224	0.00324
16	0.00785	0.00726	0.04195	0.00583	0.00929	0.00521	0.00488	0.00965	0.00787	0.01234	0.00674	0.00787	0.00558	0.00284	0.00284	0.00059	0.00292	0.00227	0.00222	0.85398
17	0.00890	0.01101	0.08804	0.01499	0.01878	0.03741	0.70175	0.01206	0.00893	0.01201	0.00806	0.01129	0.00632	0.00356	0.00440	0.00128	0.00622	0.03800	0.00196	0.00506
18	0.00552	0.00368	0.00414	0.00414	0.00414	0.00368	0.00230	0.00552	0.00552	0.00735	0.01195	0.02482	0.01379	0.86672	0.01930	0.00368	0.00368	0.00552	0.00230	0.00230
19	0.10384	0.00854	0.01005	0.00938	0.11136	0.10745	0.03950	0.06787	0.01036	0.44286	0.01150	0.04285	0.00816	0.00452	0.00367	0.00116	0.00393	0.00368	0.00357	0.00574
20	0.00775	0.01869	0.77923	0.01056	0.01588	0.00886	0.01336	0.01267	0.07501	0.01232	0.00750	0.00850	0.00535	0.00373	0.00362	0.00121	0.00539	0.00292	0.00178	0.00564
21	0.00750	0.00716	0.01215	0.31509	0.05752	0.00772	0.19313	0.01097	0.11803	0.01162	0.05293	0.04808	0.07719	0.00523	0.00418	0.00130	0.00443	0.05875	0.00250	0.00454
22	0.04240	0.52590	0.08193	0.05843	0.01182	0.03827	0.03905	0.09959	0.05030	0.01159	0.00651	0.00739	0.00539	0.00357	0.00293	0.00096	0.00433	0.00254	0.00202	0.00508

[dist]
# distance from previous block
# <min> <max>
2	4

[block]
# block no. 7 follows, 72 sequences, length 21
# corresponding to MSA columns:
# 476-496
name=unknown_H
#
# <colnr> <probs for GDERKNQSTAVLIFYWHMCP>
#	G	D	E	R	K	N	Q	S	T	A	V	L	I	F	Y	W	H	M	C	P
0	0.03936	0.00476	0.00588	0.13542	0.00858	0.00508	0.00437	0.01840	0.04576	0.00988	0.06271	0.02376	0.15382	0.38662	0.02165	0.00242	0.02071	0.04497	0.00265	0.00322
1	0.00597	0.00464	0.00635	0.00591	0.00690	0.00494	0.00451	0.00716	0.00629	0.00920	0.00962	0.01485	0.00925	0.14309	0.55419	0.00463	0.04539	0.00394	0.00209	0.15108
2	0.00959	0.00901	0.01560	0.04579	0.71313	0.00901	0.07840	0.02855	0.00888	0.03460	0.00741	0.00956	0.00606	0.00343	0.00382	0.00114	0.00464	0.00348	0.00199	0.00590
3	0.00895	0.01023	0.02238	0.01598	0.01982	0.00959	0.82928	0.01215	0.00895	0.01215	0.00767	0.01023	0.00575	0.00320	0.00448	0.00128	0.00639	0.00448	0.00192	0.00512
4	0.00890	0.01007	0.02150	0.01549	0.01901	0.00976	0.76196	0.01190	0.00869	0.01190	0.00745	0.01007	0.00569	0.00348	0.00513	0.00131	0.07637	0.00438	0.00190	0.00504
5	0.01014	0.86900	0.01987	0.00649	0.00973	0.01501	0.00649	0.01136	0.00771	0.00892	0.00527	0.00608	0.00487	0.00324	0.00243	0.00081	0.00406	0.00203	0.00162	0.00487
6	0.01702	0.00645	0.00880	0.00675	0.00968	0.00557	0.00557	0.01848	0.01085	0.84568	0.01496	0.01291	0.00939	0.00469	0.00381	0.00117	0.00323	0.00381	0.00469	0.00645
7	0.00772	0.05922	0.80849	0.01061	0.01610	0.00910	0.01366	0.01198	0.00799	0.01187	0.00673	0.00792	0.00481	0.00359	0.00355	0.00118	0.00553	0.00277	0.00160	0.00557
8	0.00761	0.01962	0.84707	0.01081	0.01641	0.00881	0.01401	0.01201	0.00801	0.01201	0.00681	0.00801	0.00480	0.00360	0.00360	0.00120	0.00560	0.00280	0.00160	0.00560
9	0.01086	0.00500	0.00662	0.00594	0.00754	0.00453	0.00455	0.02508	0.00916	0.40214	0.03208	0.29470	0.01594	0.06836	0.00528	0.00149	0.00286	0.04793	0.04523	0.00471
10	0.00556	0.00371	0.00471	0.00479	0.00497	0.00384	0.00311	0.00576	0.00577	0.00783	0.01176	0.07920	0.01301	0.51370	0.19969	0.10039	0.00495	0.02243	0.00228	0.00254
11	0.01226	0.00955	0.01017	0.00829	0.01094	0.01075	0.00669	0.47972	0.37203	0.02042	0.01185	0.01129	0.00867	0.00481	0.00382	0.00120	0.00367	0.00379	0.00382	0.00626
12	0.00872	0.01058	0.08743	0.01404	0.01755	0.04056	0.62557	0.03163	0.00898	0.01206	0.00894	0.09859	0.00767	0.00419	0.00439	0.00128	0.00586	0.00489	0.00211	0.00495
13	0.00475	0.00366	0.00437	0.00483	0.00559	0.00328	0.00352	0.00569	0.00814	0.01033	0.06509	0.39933	0.36523	0.01061	0.00471	0.00144	0.00220	0.09049	0.00355	0.00319
14	0.00503	0.00356	0.00447	0.00505	0.00539	0.00338	0.00345	0.00570	0.00714	0.00945	0.01997	0.49037	0.08870	0.21357	0.00823	0.00203	0.00266	0.09885	0.02003	0.00296
15	0.03900	0.00979	0.01083	0.10172	0.01251	0.13095	0.04748	0.21891	0.11596	0.01422	0.00869	0.04592	0.00722	0.00599	0.03744	0.00147	0.18056	0.00371	0.00265	0.00498
16	0.01070	0.00792	0.03244	0.00717	0.00941	0.00810	0.00586	0.34637	0.14184	0.09057	0.15552	0.08510	0.05732	0.00604	0.00402	0.00121	0.00323	0.00500	0.01682	0.00538
17	0.00479	0.00352	0.00448	0.00510	0.00558	0.00324	0.00357	0.00565	0.00784	0.01032	0.09685	0.58649	0.15258	0.03140	0.00512	0.00153	0.00224	0.06300	0.00355	0.00315
18	0.06347	0.09552	0.08431	0.07568	0.15440	0.11352	0.06910	0.12804	0.03045	0.01312	0.00920	0.09525	0.01930	0.00473	0.00367	0.00116	0.00453	0.01452	0.01502	0.00500
19	0.02129	0.10841	0.06332	0.06526	0.04097	0.03176	0.09790	0.13694	0.05007	0.04013	0.14684	0.03416	0.10314	0.00546	0.00390	0.00117	0.00383	0.02622	0.00295	0.01630
20	0.08108	0.02854	0.03635	0.00818	0.08249	0.05350	0.05140	0.06026	0.10768	0.05444	0.32075	0.01723	0.02688	0.00551	0.00386	0.00116	0.00320	0.00472	0.04812	0.00466

[dist]
# distance from previous block
# <min> <max>
6	15

[block]
# block no. 8 follows, 72 sequences, length 15
# corresponding to MSA columns:
# 512-526
name=unknown_I
#
# <colnr> <probs for GDERKNQSTAVLIFYWHMCP>
#	G	D	E	R	K	N	Q	S	T	A	V	L	I	F	Y	W	H	M	C	P
0	0.00557	0.00382	0.00457	0.00476	0.00497	0.00382	0.00305	0.02285	0.00641	0.00855	0.01432	0.19363	0.01644	0.57854	0.04122	0.00311	0.00358	0.07546	0.00267	0.00268
1	0.08515	0.06879	0.05119	0.19225	0.18665	0.00959	0.05882	0.10133	0.15405	0.01380	0.02477	0.01018	0.00708	0.00404	0.00374	0.00119	0.01620	0.00344	0.00245	0.00528
2	0.18129	0.00447	0.00444	0.00439	0.00569	0.00430	0.00331	0.00681	0.00834	0.01225	0.14854	0.13489	0.45153	0.00841	0.00410	0.00128	0.00214	0.00701	0.00338	0.00342
3	0.03423	0.09816	0.21524	0.07708	0.04720	0.14163	0.09759	0.11451	0.10401	0.01315	0.00799	0.01849	0.00618	0.00396	0.00361	0.00114	0.00506	0.00323	0.00228	0.00528
4	0.00547	0.00374	0.00451	0.00468	0.00484	0.00377	0.00298	0.00582	0.00605	0.00809	0.01349	0.11085	0.01535	0.63014	0.08420	0.00347	0.00404	0.08341	0.00251	0.00258
5	0.00959	0.04523	0.05791	0.09070	0.41742	0.05694	0.07278	0.05410	0.00908	0.05557	0.00876	0.08862	0.00770	0.00436	0.00384	0.00117	0.00457	0.00403	0.00224	0.00539
6	0.00953	0.00747	0.00846	0.00782	0.04508	0.00823	0.00584	0.12230	0.47027	0.05603	0.19877	0.01640	0.01598	0.00555	0.00398	0.00123	0.00296	0.00469	0.00388	0.00554
7	0.00892	0.02216	0.15854	0.02298	0.20307	0.00844	0.00850	0.05689	0.28706	0.03985	0.03442	0.06303	0.03621	0.00560	0.02629	0.00136	0.00400	0.00428	0.00289	0.00553
8	0.00721	0.00602	0.00733	0.00666	0.00830	0.00622	0.05461	0.06748	0.26119	0.01343	0.07902	0.10451	0.25253	0.00770	0.00437	0.00135	0.00288	0.10116	0.00359	0.00444
9	0.00922	0.00864	0.01410	0.07732	0.49481	0.00891	0.09528	0.05511	0.12055	0.01341	0.05770	0.01127	0.00845	0.00395	0.00389	0.00118	0.00436	0.00382	0.00237	0.00567
10	0.00943	0.31289	0.01077	0.00569	0.00772	0.07716	0.00491	0.07789	0.04340	0.01276	0.00918	0.01028	0.00742	0.00400	0.00278	0.00090	0.00324	0.00293	0.39222	0.00442
11	0.00795	0.11256	0.00906	0.00688	0.00856	0.01773	0.05544	0.03289	0.24119	0.05563	0.04402	0.30409	0.07370	0.00743	0.00411	0.00130	0.00304	0.00651	0.00335	0.00455
12	0.02094	0.06691	0.35971	0.00906	0.01287	0.11091	0.02338	0.05975	0.03871	0.20359	0.00958	0.02701	0.00713	0.00434	0.00365	0.00117	0.00479	0.02831	0.00267	0.00553
13	0.01123	0.09593	0.03216	0.00782	0.00985	0.32300	0.00623	0.07240	0.09957	0.09045	0.03877	0.15406	0.03134	0.00570	0.00374	0.00114	0.00451	0.00450	0.00289	0.00471
14	0.03294	0.09302	0.25279	0.00764	0.01148	0.03255	0.00780	0.05125	0.04003	0.08743	0.00774	0.00841	0.00585	0.00347	0.00319	0.00091	0.00397	0.00266	0.00235	0.34453

[dist]
# distance from previous block
# <min> <max>
6	16

[block]
# block no. 9 follows, 72 sequences, length 82
# corresponding to MSA columns:
# 544-625
name=unknown_J
#
# <colnr> <probs for GDERKNQSTAVLIFYWHMCP>
#	G	D	E	R	K	N	Q	S	T	A	V	L	I	F	Y	W	H	M	C	P
0	0.00827	0.19707	0.61362	0.00968	0.01454	0.01015	0.01186	0.01245	0.06704	0.01164	0.00710	0.00804	0.00530	0.00364	0.00338	0.00113	0.00509	0.00275	0.00177	0.00548
1	0.02271	0.27683	0.17189	0.00853	0.01164	0.07694	0.06668	0.13528	0.03036	0.01269	0.05986	0.01005	0.01900	0.03489	0.00437	0.00117	0.04659	0.00322	0.00227	0.00501
2	0.01182	0.41493	0.01411	0.00678	0.00954	0.01091	0.01816	0.14972	0.00986	0.19808	0.00892	0.01044	0.00723	0.10822	0.00504	0.00130	0.00388	0.00312	0.00276	0.00518
3	0.00677	0.00481	0.00610	0.00645	0.03709	0.00490	0.00451	0.07067	0.07327	0.04535	0.05620	0.36094	0.03300	0.12938	0.07264	0.00211	0.00345	0.07529	0.00330	0.00379
4	0.00939	0.00901	0.01539	0.02328	0.84306	0.00901	0.01164	0.01164	0.00864	0.01239	0.00713	0.00939	0.00601	0.00338	0.00375	0.00113	0.00451	0.00338	0.00188	0.00601
5	0.00467	0.00335	0.00445	0.00529	0.00556	0.00313	0.00358	0.00539	0.00740	0.00986	0.03948	0.81142	0.03773	0.01172	0.00484	0.00153	0.00222	0.03175	0.00353	0.00310
6	0.01103	0.04570	0.01533	0.08143	0.02691	0.31059	0.30796	0.05946	0.00984	0.02212	0.00719	0.00937	0.00575	0.00383	0.00408	0.00114	0.02809	0.02014	0.00208	0.02796
7	0.00707	0.00353	0.00353	0.00353	0.00442	0.00353	0.00265	0.00884	0.00795	0.01414	0.01237	0.01414	0.00972	0.00442	0.00265	0.00088	0.00177	0.00353	0.88777	0.00353
8	0.00822	0.00818	0.01147	0.00985	0.00987	0.01143	0.00820	0.00906	0.00582	0.00912	0.00512	0.00848	0.00510	0.00723	0.03506	0.00178	0.83688	0.00334	0.00167	0.00413
9	0.00448	0.00384	0.00384	0.00384	0.00512	0.00320	0.00288	0.00544	0.00864	0.01025	0.03842	0.03650	0.84152	0.00960	0.00448	0.00128	0.00192	0.00800	0.00352	0.00320
10	0.02553	0.20038	0.01331	0.00885	0.01169	0.10815	0.00726	0.38425	0.16569	0.01823	0.01009	0.01060	0.00788	0.00502	0.00393	0.00128	0.00459	0.00351	0.00345	0.00630
11	0.30056	0.00647	0.00597	0.00568	0.03470	0.03864	0.00427	0.09475	0.00907	0.02646	0.04954	0.02091	0.37666	0.00650	0.00363	0.00121	0.00278	0.00508	0.00309	0.00404
12	0.03235	0.01025	0.03708	0.01353	0.28387	0.10445	0.03973	0.14841	0.20215	0.04699	0.00978	0.01046	0.01582	0.00423	0.00394	0.00117	0.02371	0.00355	0.00279	0.00575
13	0.00934	0.00805	0.00850	0.00765	0.00977	0.00930	0.00595	0.01986	0.81753	0.01585	0.03411	0.01447	0.01212	0.00520	0.00387	0.00128	0.00297	0.00435	0.00387	0.00595
14	0.01417	0.01808	0.01075	0.00977	0.01172	0.85149	0.00733	0.01514	0.01075	0.00928	0.00586	0.00684	0.00489	0.00391	0.00342	0.00098	0.00684	0.00244	0.00195	0.00440
15	0.00551	0.00370	0.00423	0.00423	0.00427	0.00373	0.00242	0.00558	0.00554	0.00743	0.01186	0.02432	0.01357	0.82470	0.06103	0.00380	0.00400	0.00544	0.00228	0.00235
16	0.00496	0.00354	0.00479	0.00565	0.00602	0.00337	0.00409	0.00587	0.00763	0.01012	0.03159	0.67211	0.02451	0.01152	0.00492	0.00158	0.00248	0.18855	0.00352	0.00318
17	0.00810	0.00763	0.01275	0.26851	0.45421	0.00809	0.02803	0.01043	0.02036	0.01147	0.03137	0.03501	0.06054	0.00442	0.00391	0.00121	0.00437	0.02241	0.00209	0.00508
18	0.01210	0.49456	0.01581	0.00765	0.01049	0.25481	0.00674	0.08645	0.00968	0.06132	0.00638	0.00699	0.00529	0.00364	0.00292	0.00091	0.00482	0.00238	0.00210	0.00497
19	0.89350	0.00733	0.00557	0.00499	0.00733	0.00851	0.00411	0.01115	0.00645	0.01702	0.00528	0.00616	0.00411	0.00352	0.00235	0.00117	0.00293	0.00205	0.00235	0.00411
20	0.00458	0.00345	0.00424	0.00488	0.00539	0.00311	0.00334	0.00533	0.00765	0.00984	0.02582	0.63180	0.25435	0.01124	0.00474	0.00147	0.00212	0.01000	0.00352	0.00311
21	0.00674	0.00582	0.03802	0.00864	0.11113	0.00516	0.07822	0.02008	0.02679	0.05473	0.04644	0.28140	0.19682	0.01953	0.00468	0.00140	0.00315	0.08399	0.00318	0.00407
22	0.04562	0.08176	0.34354	0.00941	0.02421	0.24965	0.00957	0.03349	0.00942	0.14757	0.00775	0.00830	0.00561	0.00386	0.00345	0.00110	0.00530	0.00280	0.00229	0.00531
23	0.35262	0.02864	0.00925	0.00729	0.00998	0.07441	0.00599	0.42357	0.01259	0.03157	0.00739	0.00779	0.00544	0.00408	0.00318	0.00113	0.00388	0.00279	0.00306	0.00536
24	0.00470	0.00336	0.00449	0.00535	0.00561	0.00315	0.00364	0.00543	0.00739	0.00986	0.03587	0.81252	0.02513	0.01174	0.00485	0.00154	0.00225	0.04649	0.00353	0.00311
25	0.01049	0.01064	0.01242	0.02669	0.38105	0.18412	0.00904	0.06348	0.15513	0.01284	0.02671	0.01003	0.00735	0.00422	0.00438	0.00117	0.06896	0.00342	0.00239	0.00548
26	0.00786	0.10481	0.76410	0.01038	0.01574	0.00943	0.01326	0.01194	0.00798	0.01170	0.00665	0.00781	0.00481	0.00357	0.00349	0.00116	0.00545	0.00272	0.00160	0.00553
27	0.00966	0.00875	0.02205	0.01167	0.21603	0.04230	0.03091	0.11011	0.37057	0.01479	0.03028	0.01331	0.03048	0.04780	0.02318	0.00144	0.00393	0.00408	0.00308	0.00560
28	0.00461	0.00370	0.00409	0.00432	0.00527	0.00321	0.00312	0.00553	0.00832	0.01032	0.07700	0.25791	0.54956	0.02928	0.00492	0.00140	0.00205	0.01868	0.00353	0.00317
29	0.00794	0.01733	0.68328	0.01014	0.01507	0.00884	0.01240	0.02588	0.13998	0.01277	0.00887	0.00959	0.02315	0.00399	0.00366	0.00122	0.00509	0.00316	0.00203	0.00563
30	0.00939	0.00901	0.01539	0.02328	0.84306	0.00901	0.01164	0.01164	0.00864	0.01239	0.00713	0.00939	0.00601	0.00338	0.00375	0.00113	0.00451	0.00338	0.00188	0.00601
31	0.00834	0.00843	0.01046	0.33835	0.06910	0.13397	0.00841	0.01038	0.04081	0.00973	0.00734	0.01067	0.00630	0.04401	0.11937	0.00203	0.16274	0.00344	0.00189	0.00422
32	0.01421	0.03580	0.01135	0.00908	0.01169	0.34615	0.00724	0.48465	0.01475	0.01769	0.00772	0.00813	0.00579	0.00426	0.00361	0.00107	0.00523	0.00299	0.00301	0.00559
33	0.01044	0.31266	0.29418	0.00884	0.01284	0.02223	0.05080	0.15161	0.00985	0.06927	0.00724	0.00795	0.00548	0.00368	0.00327	0.00104	0.00467	0.00278	0.00222	0.01893
34	0.00860	0.02898	0.02971	0.00722	0.03391	0.06150	0.02380	0.06564	0.23930	0.06699	0.11949	0.08071	0.17346	0.02634	0.00453	0.00130	0.01485	0.00548	0.00345	0.00474
35	0.00671	0.00536	0.00619	0.00631	0.00735	0.00576	0.00457	0.02663	0.33603	0.01240	0.01852	0.51127	0.01938	0.00907	0.00443	0.00143	0.00255	0.00807	0.00366	0.00430
36	0.44746	0.08712	0.06026	0.00805	0.01075	0.17366	0.12113	0.01209	0.00783	0.01363	0.00581	0.00701	0.00462	0.00360	0.00316	0.00113	0.02359	0.00254	0.00209	0.00446
37	0.02312	0.00698	0.00992	0.22741	0.07330	0.00741	0.03780	0.15843	0.02049	0.15371	0.18368	0.02498	0.01350	0.00522	0.00401	0.00122	0.00377	0.03680	0.00324	0.00500
38	0.01294	0.21515	0.02828	0.00894	0.01127	0.60282	0.00723	0.03378	0.01012	0.00965	0.00613	0.00753	0.00529	0.00391	0.00324	0.00096	0.00603	0.02023	0.00195	0.00456
39	0.01411	0.00836	0.00958	0.00757	0.01030	0.00875	0.00618	0.36928	0.14499	0.31012	0.01235	0.01153	0.00848	0.00469	0.00375	0.00116	0.00352	0.00370	0.05538	0.00621
40	0.00825	0.04069	0.22882	0.01099	0.15544	0.05130	0.05452	0.03323	0.14289	0.01291	0.10796	0.03261	0.09399	0.00507	0.00389	0.00119	0.00413	0.00436	0.00264	0.00512
41	0.00552	0.00407	0.00572	0.00567	0.00615	0.00464	0.00418	0.00650	0.00593	0.00842	0.01050	0.01739	0.01052	0.25320	0.60531	0.00533	0.03131	0.00443	0.00209	0.00311
42	0.00942	0.04360	0.38307	0.01126	0.08733	0.03980	0.08445	0.13625	0.09476	0.02341	0.03275	0.02135	0.00718	0.00409	0.00375	0.00118	0.00490	0.00345	0.00237	0.00561
43	0.00574	0.00467	0.00542	0.00550	0.02768	0.03479	0.00395	0.02545	0.02075	0.01266	0.38662	0.12839	0.23472	0.01008	0.07481	0.00165	0.00289	0.00703	0.00360	0.00360
44	0.01009	0.09572	0.20308	0.01933	0.02240	0.08461	0.08800	0.13240	0.25033	0.01427	0.00955	0.01001	0.00720	0.00421	0.00380	0.00117	0.01954	0.00341	0.01532	0.00555
45	0.00933	0.00887	0.01435	0.17737	0.63187	0.02749	0.01112	0.05184	0.00894	0.01239	0.00713	0.00945	0.00583	0.00353	0.00376	0.00115	0.00464	0.00336	0.00194	0.00566
46	0.00909	0.00895	0.04555	0.12170	0.41491	0.00895	0.09528	0.01337	0.19216	0.02564	0.00909	0.01065	0.00711	0.00397	0.00401	0.01349	0.00444	0.00368	0.00233	0.00562
47	0.00455	0.00384	0.00391	0.00390	0.00513	0.00323	0.00290	0.00553	0.00868	0.01043	0.07972	0.03578	0.77865	0.03099	0.00485	0.00134	0.00196	0.00788	0.00353	0.00320
48	0.00976	0.01984	0.00883	0.00764	0.00984	0.00945	0.00600	0.10938	0.68967	0.01654	0.04487	0.01438	0.02630	0.00523	0.00387	0.00126	0.00308	0.00432	0.00383	0.00590
49	0.00828	0.00788	0.01339	0.43944	0.43556	0.00872	0.01109	0.01067	0.00811	0.01104	0.00694	0.00975	0.00553	0.00358	0.00377	0.00119	0.00478	0.00337	0.00178	0.00511
50	0.00472	0.00340	0.00449	0.00533	0.00559	0.00321	0.00357	0.00559	0.02434	0.00981	0.02079	0.84673	0.02481	0.01174	0.00482	0.00153	0.00222	0.01065	0.00353	0.00314
