[name]
unknown

[dist]
# distance from previous block
# <min> <max>
0	43

[block]
# block no. 0 follows, 68 sequences, length 19
# corresponding to MSA columns:
# 46-64
name=unknown_A
#
# <colnr> <probs for GDERKNQSTAVLIFYWHMCP>
#	G	D	E	R	K	N	Q	S	T	A	V	L	I	F	Y	W	H	M	C	P
0	0.01021	0.04309	0.01070	0.14206	0.03662	0.14981	0.04817	0.10284	0.07194	0.05069	0.01163	0.02975	0.07220	0.05751	0.01870	0.00140	0.02062	0.01252	0.00271	0.10684
1	0.00532	0.00431	0.00506	0.04491	0.00677	0.00400	0.00374	0.00646	0.00843	0.01073	0.10063	0.04275	0.47755	0.10035	0.11737	0.00222	0.00353	0.00697	0.00325	0.04565
2	0.03239	0.00802	0.01136	0.16261	0.01308	0.01068	0.00848	0.00980	0.00662	0.03191	0.00623	0.00990	0.00578	0.04709	0.01088	0.00170	0.58716	0.00353	0.00189	0.03088
3	0.00980	0.00841	0.00920	0.00876	0.04977	0.00961	0.00648	0.04774	0.72218	0.01640	0.01576	0.05454	0.01231	0.00560	0.00408	0.00134	0.00322	0.00473	0.00392	0.00615
4	0.04423	0.01048	0.01088	0.00861	0.01146	0.06172	0.00701	0.60691	0.01620	0.09875	0.01037	0.05053	0.00788	0.00582	0.02931	0.00136	0.00449	0.00389	0.00382	0.00626
5	0.01000	0.03593	0.06013	0.03038	0.04741	0.10165	0.03082	0.01435	0.23229	0.11847	0.13950	0.01721	0.09177	0.02395	0.00467	0.00131	0.02680	0.00475	0.00341	0.00521
6	0.05059	0.00740	0.00815	0.00658	0.00936	0.00706	0.00516	0.01399	0.31549	0.01452	0.04853	0.01206	0.00981	0.02731	0.00387	0.00102	0.00299	0.00345	0.00308	0.44957
7	0.00928	0.21310	0.48210	0.02121	0.01449	0.06184	0.02665	0.02338	0.00882	0.03679	0.03713	0.00923	0.01732	0.00397	0.00353	0.00114	0.00524	0.00302	0.00197	0.01980
8	0.00791	0.00634	0.03356	0.09799	0.01014	0.00608	0.00559	0.01163	0.18863	0.08572	0.11659	0.08861	0.16107	0.03497	0.04622	0.00160	0.00343	0.00569	0.00344	0.08481
9	0.01208	0.13202	0.17869	0.02066	0.07272	0.02186	0.05258	0.22501	0.06578	0.13783	0.00937	0.00982	0.00681	0.00432	0.00406	0.00119	0.03276	0.00340	0.00296	0.00606
10	0.02276	0.00943	0.01126	0.12016	0.05329	0.05029	0.02560	0.18259	0.28092	0.03315	0.01039	0.01122	0.00796	0.00512	0.00558	0.00135	0.15639	0.00381	0.00307	0.00566
11	0.01779	0.00675	0.00920	0.00705	0.01012	0.00583	0.00583	0.01932	0.01135	0.83867	0.01564	0.01350	0.00981	0.00491	0.00399	0.00123	0.00337	0.00399	0.00491	0.00675
12	0.00469	0.00398	0.00405	0.00411	0.00538	0.00334	0.00305	0.00568	0.00895	0.01067	0.03905	0.08819	0.78500	0.01019	0.00471	0.00136	0.00203	0.00855	0.00368	0.00334
13	0.01113	0.75658	0.01957	0.00722	0.01044	0.12025	0.00689	0.01237	0.00846	0.00938	0.00559	0.00646	0.00509	0.00348	0.00267	0.00087	0.00461	0.00217	0.00174	0.00503
14	0.00794	0.00776	0.01189	0.72792	0.02492	0.04757	0.01062	0.01033	0.00789	0.01005	0.00682	0.01022	0.00527	0.00427	0.00486	0.00135	0.09066	0.00347	0.00177	0.00441
15	0.04114	0.03540	0.05411	0.02808	0.06831	0.05519	0.02984	0.34086	0.22090	0.01831	0.01015	0.01050	0.00763	0.00475	0.00443	0.00125	0.05615	0.00365	0.00328	0.00607
16	0.00679	0.00483	0.00596	0.00549	0.00675	0.00456	0.02590	0.03463	0.00928	0.08855	0.13106	0.14865	0.39298	0.06678	0.00612	0.00154	0.04509	0.00755	0.00366	0.00385
17	0.03365	0.16934	0.01118	0.00706	0.03220	0.03811	0.00571	0.06773	0.04363	0.05385	0.00767	0.00845	0.00618	0.00343	0.00307	0.00079	0.00351	0.00259	0.00252	0.49933
18	0.00896	0.27525	0.35959	0.00913	0.03995	0.01025	0.01812	0.02716	0.02013	0.04377	0.03030	0.05832	0.05803	0.00469	0.00356	0.00114	0.00458	0.00369	0.00221	0.02118

[dist]
# distance from previous block
# <min> <max>
0	2

[block]
# block no. 1 follows, 68 sequences, length 6
# corresponding to MSA columns:
# 67-72
name=unknown_B
#
# <colnr> <probs for GDERKNQSTAVLIFYWHMCP>
#	G	D	E	R	K	N	Q	S	T	A	V	L	I	F	Y	W	H	M	C	P
0	0.00614	0.00465	0.00620	0.00562	0.00636	0.00453	0.04523	0.00698	0.00735	0.01024	0.16270	0.08393	0.01775	0.44303	0.07017	0.00291	0.02812	0.00591	0.00279	0.07941
1	0.00934	0.00860	0.03817	0.04425	0.01107	0.08559	0.04164	0.01123	0.00894	0.06817	0.05691	0.00997	0.00790	0.00358	0.00332	0.00080	0.00367	0.00294	0.00255	0.58136
2	0.01096	0.00563	0.00724	0.00593	0.00819	0.00479	0.00469	0.01250	0.01029	0.35596	0.21661	0.07685	0.10192	0.00640	0.00412	0.00116	0.00272	0.00543	0.00413	0.15448
3	0.01647	0.08823	0.01024	0.00695	0.01008	0.00673	0.00584	0.01799	0.01083	0.70471	0.01411	0.01246	0.00910	0.00463	0.00378	0.00115	0.00343	0.00370	0.00443	0.06515
4	0.04019	0.05394	0.11536	0.01245	0.14044	0.02644	0.17437	0.01419	0.10458	0.15640	0.03707	0.01143	0.00827	0.00507	0.02746	0.00141	0.05861	0.00388	0.00276	0.00567
5	0.00912	0.08262	0.03492	0.00788	0.03821	0.03748	0.05791	0.04313	0.13394	0.10577	0.07246	0.19314	0.09933	0.00684	0.00417	0.00126	0.00343	0.00593	0.00339	0.05908

[dist]
# distance from previous block
# <min> <max>
0	2

[block]
# block no. 2 follows, 68 sequences, length 30
# corresponding to MSA columns:
# 75-104
name=unknown_C
#
# <colnr> <probs for GDERKNQSTAVLIFYWHMCP>
#	G	D	E	R	K	N	Q	S	T	A	V	L	I	F	Y	W	H	M	C	P
0	0.01036	0.64783	0.14366	0.00746	0.01113	0.01383	0.00783	0.03988	0.00861	0.03643	0.00748	0.00816	0.03554	0.00379	0.00290	0.00095	0.00438	0.00258	0.00194	0.00525
1	0.00806	0.05582	0.80577	0.01111	0.01687	0.00948	0.01432	0.01253	0.00836	0.01242	0.00705	0.00829	0.00503	0.00375	0.00372	0.00124	0.00579	0.00290	0.00168	0.00583
2	0.01057	0.45806	0.21427	0.00895	0.01274	0.08522	0.05570	0.05282	0.00902	0.02697	0.00648	0.00751	0.00530	0.00373	0.00343	0.00104	0.02830	0.00264	0.00191	0.00534
3	0.01038	0.08580	0.08492	0.11788	0.15304	0.21145	0.05281	0.05345	0.03399	0.01177	0.01969	0.03399	0.03345	0.00495	0.01585	0.00128	0.06438	0.00364	0.00220	0.00509
4	0.00568	0.00419	0.00607	0.00607	0.00667	0.00479	0.00458	0.00689	0.00628	0.00898	0.01090	0.01711	0.01058	0.15251	0.72308	0.00600	0.00962	0.00447	0.00217	0.00337
5	0.00577	0.00384	0.00432	0.00432	0.00432	0.00384	0.00240	0.00577	0.00577	0.00769	0.01249	0.02595	0.01441	0.86066	0.02018	0.00384	0.00384	0.00577	0.00240	0.00240
6	0.00931	0.03232	0.06544	0.15523	0.15063	0.03859	0.09329	0.07158	0.05255	0.06430	0.03766	0.14385	0.02151	0.00565	0.00455	0.00132	0.03937	0.00501	0.00271	0.00513
7	0.01056	0.02169	0.03321	0.00941	0.06639	0.10605	0.00705	0.11644	0.43249	0.01554	0.01305	0.05677	0.01060	0.01953	0.00456	0.00134	0.03315	0.01646	0.01995	0.00573
8	0.01223	0.01454	0.01137	0.01012	0.01141	0.49844	0.00791	0.01356	0.03740	0.00987	0.00625	0.00815	0.00549	0.00575	0.02642	0.00141	0.31014	0.00299	0.00200	0.00454
9	0.00913	0.03245	0.07155	0.03313	0.23042	0.00791	0.03041	0.04099	0.06517	0.02456	0.00866	0.00998	0.02481	0.00374	0.00379	0.00097	0.02924	0.00317	0.00238	0.36754
10	0.00991	0.00782	0.03510	0.17283	0.13150	0.00689	0.00752	0.02726	0.00897	0.14024	0.00848	0.00975	0.00642	0.00358	0.00348	0.00094	0.00383	0.00304	0.00259	0.40985
11	0.00822	0.00705	0.00822	0.00587	0.00940	0.00529	0.00470	0.00998	0.00822	0.01292	0.00705	0.00822	0.00587	0.00294	0.00294	0.00059	0.00294	0.00235	0.00235	0.88490
12	0.01131	0.05180	0.22508	0.00834	0.01210	0.01924	0.00823	0.19942	0.04562	0.14026	0.03802	0.01054	0.00789	0.01731	0.00391	0.00112	0.00419	0.00333	0.00304	0.18926
13	0.00566	0.00425	0.00637	0.00637	0.00708	0.00496	0.00496	0.00708	0.00637	0.00920	0.01062	0.01558	0.00991	0.02974	0.84494	0.00637	0.01062	0.00425	0.00212	0.00354
14	0.00491	0.00356	0.00466	0.00550	0.00586	0.00331	0.00378	0.00569	0.00780	0.01027	0.02329	0.74499	0.09178	0.01214	0.00505	0.00160	0.00235	0.05652	0.00368	0.00326
15	0.03230	0.34934	0.05678	0.00773	0.02901	0.03267	0.00690	0.13122	0.00978	0.04237	0.00698	0.00785	0.00571	0.00373	0.00346	0.00092	0.03963	0.00260	0.00234	0.22870
16	0.00934	0.22181	0.42827	0.03093	0.07377	0.01107	0.09050	0.06753	0.00913	0.01261	0.00700	0.00834	0.00535	0.00369	0.00359	0.00116	0.00535	0.00300	0.00189	0.00568
17	0.00497	0.00377	0.00457	0.00504	0.00575	0.00340	0.00359	0.00594	0.00852	0.01099	0.11351	0.43490	0.30061	0.02442	0.00515	0.00153	0.00226	0.05403	0.00373	0.00333
18	0.00763	0.00939	0.21536	0.03267	0.02099	0.00657	0.01874	0.10432	0.01996	0.03210	0.20539	0.06631	0.19665	0.00684	0.00444	0.00129	0.01814	0.00574	0.02281	0.00469
19	0.04290	0.05998	0.10257	0.05082	0.18324	0.03011	0.13136	0.12717	0.03548	0.09996	0.04993	0.02966	0.00846	0.00444	0.00419	0.00123	0.02616	0.00392	0.00274	0.00570
20	0.04870	0.15912	0.25833	0.03775	0.10510	0.02523	0.25230	0.02619	0.00881	0.01236	0.00742	0.02754	0.00594	0.00377	0.00382	0.00120	0.00548	0.00355	0.00194	0.00544
21	0.01097	0.00548	0.00709	0.00610	0.00797	0.00505	0.00479	0.02537	0.06026	0.35365	0.30088	0.09837	0.05037	0.00699	0.00434	0.00128	0.00267	0.01670	0.02656	0.00511
22	0.01079	0.06708	0.10946	0.16532	0.18782	0.06183	0.12085	0.05994	0.04856	0.11699	0.00877	0.01019	0.00652	0.00397	0.00392	0.00122	0.00507	0.00357	0.00247	0.00567
23	0.01050	0.20445	0.29714	0.02153	0.08644	0.03970	0.08441	0.10748	0.02548	0.06183	0.00788	0.00890	0.00594	0.00386	0.00361	0.00115	0.00508	0.00313	0.01574	0.00575
24	0.00577	0.00384	0.00432	0.00432	0.00432	0.00384	0.00240	0.00577	0.00577	0.00769	0.01249	0.02595	0.01441	0.86066	0.02018	0.00384	0.00384	0.00577	0.00240	0.00240
25	0.00498	0.00398	0.00447	0.00452	0.00562	0.00347	0.00336	0.00619	0.00943	0.01199	0.23773	0.12687	0.52124	0.00984	0.00475	0.00136	0.00205	0.03084	0.00385	0.00344
26	0.02039	0.09882	0.25068	0.05094	0.09662	0.13977	0.17585	0.02431	0.02779	0.05175	0.00761	0.00909	0.00579	0.00384	0.00399	0.00120	0.02066	0.00333	0.00208	0.00548
27	0.00667	0.00591	0.04570	0.04817	0.00820	0.03598	0.00523	0.02857	0.00728	0.02533	0.01322	0.18732	0.03157	0.20757	0.27262	0.00354	0.05508	0.00588	0.00257	0.00359
28	0.00899	0.00959	0.01590	0.01246	0.01403	0.03929	0.30367	0.01076	0.00755	0.01074	0.00753	0.01043	0.03575	0.00565	0.00936	0.00155	0.48610	0.00406	0.00191	0.00468
29	0.00914	0.00844	0.02996	0.10533	0.15292	0.05865	0.06546	0.02347	0.03292	0.06774	0.02129	0.09321	0.03194	0.02628	0.03641	0.00160	0.17352	0.02226	0.00250	0.03696

[dist]
# distance from previous block
# <min> <max>
1	5

[block]
# block no. 3 follows, 68 sequences, length 66
# corresponding to MSA columns:
# 110-175
name=unknown_D
#
# <colnr> <probs for GDERKNQSTAVLIFYWHMCP>
#	G	D	E	R	K	N	Q	S	T	A	V	L	I	F	Y	W	H	M	C	P
0	0.00980	0.09890	0.09190	0.20577	0.32564	0.06347	0.02193	0.06583	0.03423	0.01264	0.00759	0.00959	0.00604	0.00384	0.00374	0.00118	0.00494	0.00332	0.02412	0.00554
1	0.00901	0.00889	0.01361	0.41919	0.37761	0.06611	0.01117	0.01140	0.00864	0.01138	0.00716	0.00997	0.00572	0.00377	0.00390	0.00123	0.00512	0.00344	0.00188	0.02081
2	0.00490	0.00402	0.00431	0.00424	0.00549	0.00344	0.00318	0.00610	0.00954	0.01191	0.22327	0.03619	0.65046	0.00959	0.00468	0.00132	0.00198	0.00809	0.00384	0.00344
3	0.00847	0.00468	0.00621	0.00547	0.00691	0.00423	0.00423	0.01026	0.01125	0.20883	0.64198	0.02584	0.03094	0.00736	0.00451	0.00124	0.00222	0.00642	0.00449	0.00445
4	0.00488	0.00349	0.00465	0.00548	0.00576	0.00326	0.00368	0.00565	0.00784	0.01051	0.07688	0.80193	0.02698	0.01213	0.00503	0.00159	0.00227	0.01099	0.00373	0.00326
5	0.00546	0.00403	0.00510	0.00486	0.00584	0.00367	0.00364	0.00718	0.01082	0.01501	0.69990	0.05159	0.15119	0.00849	0.00469	0.00127	0.00190	0.00744	0.00425	0.00367
6	0.00986	0.00852	0.00897	0.00807	0.01031	0.00986	0.00628	0.02107	0.82876	0.01659	0.01614	0.01479	0.01210	0.00538	0.00403	0.00134	0.00314	0.00448	0.00403	0.00628
7	0.01507	0.01111	0.01190	0.00912	0.01230	0.01230	0.00754	0.82270	0.01864	0.02499	0.00952	0.00952	0.00674	0.00476	0.00397	0.00119	0.00436	0.00357	0.00397	0.00674
8	0.88866	0.00767	0.00583	0.00521	0.00767	0.00889	0.00429	0.01166	0.00675	0.01779	0.00552	0.00644	0.00429	0.00368	0.00245	0.00123	0.00307	0.00215	0.00245	0.00429
9	0.88866	0.00767	0.00583	0.00521	0.00767	0.00889	0.00429	0.01166	0.00675	0.01779	0.00552	0.00644	0.00429	0.00368	0.00245	0.00123	0.00307	0.00215	0.00245	0.00429
10	0.00998	0.00857	0.00903	0.00809	0.01035	0.00992	0.00630	0.03867	0.81098	0.01677	0.01599	0.01468	0.01199	0.00537	0.00403	0.00134	0.00316	0.00446	0.00403	0.00629
11	0.00974	0.00841	0.00885	0.00797	0.01019	0.00971	0.00620	0.02070	0.80923	0.01645	0.01671	0.01535	0.03170	0.00549	0.00405	0.00134	0.00311	0.00458	0.00403	0.00621
12	0.00561	0.00405	0.00530	0.00499	0.00592	0.00374	0.00374	0.00748	0.01122	0.01590	0.83383	0.02962	0.03741	0.00811	0.00468	0.00125	0.00187	0.00717	0.00436	0.00374
13	0.00822	0.00705	0.00822	0.00587	0.00940	0.00529	0.00470	0.00998	0.00822	0.01292	0.00705	0.00822	0.00587	0.00294	0.00294	0.00059	0.00294	0.00235	0.00235	0.88490
14	0.00483	0.00345	0.00460	0.00552	0.00575	0.00322	0.00368	0.00552	0.00759	0.01012	0.02185	0.85807	0.02622	0.01242	0.00506	0.00161	0.00230	0.01127	0.00368	0.00322
15	0.00795	0.02051	0.84011	0.01130	0.01716	0.00921	0.01465	0.01256	0.00837	0.01256	0.00712	0.00837	0.00502	0.00377	0.00377	0.00126	0.00586	0.00293	0.00167	0.00586
16	0.01481	0.01890	0.01124	0.01021	0.01226	0.84474	0.00766	0.01583	0.01124	0.00970	0.00613	0.00715	0.00511	0.00409	0.00358	0.00102	0.00715	0.00255	0.00204	0.00460
17	0.01457	0.01853	0.01178	0.01051	0.01264	0.80726	0.04420	0.01569	0.01115	0.00984	0.00621	0.00731	0.00515	0.00405	0.00362	0.00104	0.00713	0.00265	0.00204	0.00463
18	0.00986	0.00852	0.00897	0.00807	0.01031	0.00986	0.00628	0.02107	0.82876	0.01659	0.01614	0.01479	0.01210	0.00538	0.00403	0.00134	0.00314	0.00448	0.00403	0.00628
19	0.00561	0.00405	0.00530	0.00499	0.00592	0.00374	0.00374	0.00748	0.01122	0.01590	0.83383	0.02962	0.03741	0.00811	0.00468	0.00125	0.00187	0.00717	0.00436	0.00374
20	0.00749	0.00705	0.01189	0.85113	0.02731	0.00881	0.01101	0.01013	0.00793	0.01013	0.00705	0.01057	0.00529	0.00396	0.00396	0.00132	0.00529	0.00352	0.00176	0.00440
21	0.00577	0.00384	0.00432	0.00432	0.00432	0.00384	0.00240	0.00577	0.00577	0.00769	0.01249	0.02595	0.01441	0.86066	0.02018	0.00384	0.00384	0.00577	0.00240	0.00240
22	0.00469	0.00402	0.00402	0.00402	0.00536	0.00335	0.00301	0.00569	0.00904	0.01071	0.04017	0.03816	0.83432	0.01004	0.00469	0.00134	0.00201	0.00837	0.00368	0.00335
23	0.01060	0.86304	0.02078	0.00678	0.01018	0.01569	0.00678	0.01187	0.00806	0.00933	0.00551	0.00636	0.00509	0.00339	0.00254	0.00085	0.00424	0.00212	0.00170	0.00509
24	0.01481	0.01890	0.01124	0.01021	0.01226	0.84474	0.00766	0.01583	0.01124	0.00970	0.00613	0.00715	0.00511	0.00409	0.00358	0.00102	0.00715	0.00255	0.00204	0.00460
25	0.00577	0.00384	0.00432	0.00432	0.00432	0.00384	0.00240	0.00577	0.00577	0.00769	0.01249	0.02595	0.01441	0.86066	0.02018	0.00384	0.00384	0.00577	0.00240	0.00240
26	0.01507	0.01111	0.01190	0.00912	0.01230	0.01230	0.00754	0.82270	0.01864	0.02499	0.00952	0.00952	0.00674	0.00476	0.00397	0.00119	0.00436	0.00357	0.00397	0.00674
27	0.01771	0.00709	0.00926	0.00714	0.01018	0.02924	0.00588	0.01923	0.01135	0.81553	0.01538	0.01332	0.00968	0.00488	0.00398	0.00122	0.00348	0.00395	0.00483	0.00669
28	0.88866	0.00767	0.00583	0.00521	0.00767	0.00889	0.00429	0.01166	0.00675	0.01779	0.00552	0.00644	0.00429	0.00368	0.00245	0.00123	0.00307	0.00215	0.00245	0.00429
29	0.00986	0.00852	0.00897	0.00807	0.01031	0.00986	0.00628	0.02107	0.82876	0.01659	0.01614	0.01479	0.01210	0.00538	0.00403	0.00134	0.00314	0.00448	0.00403	0.00628
30	0.00749	0.00705	0.01189	0.85113	0.02731	0.00881	0.01101	0.01013	0.00793	0.01013	0.00705	0.01057	0.00529	0.00396	0.00396	0.00132	0.00529	0.00352	0.00176	0.00440
31	0.88866	0.00767	0.00583	0.00521	0.00767	0.00889	0.00429	0.01166	0.00675	0.01779	0.00552	0.00644	0.00429	0.00368	0.00245	0.00123	0.00307	0.00215	0.00245	0.00429
32	0.01764	0.00698	0.00935	0.00717	0.01024	0.00618	0.00592	0.06250	0.01174	0.79493	0.01531	0.01328	0.00965	0.00490	0.00399	0.00122	0.00343	0.00396	0.00486	0.00675
33	0.01261	0.00930	0.01008	0.00836	0.01103	0.01035	0.00670	0.31879	0.44365	0.10425	0.01363	0.01270	0.00988	0.00510	0.00400	0.00128	0.00362	0.00409	0.00410	0.00650
34	0.01507	0.01111	0.01190	0.00912	0.01230	0.01230	0.00754	0.82270	0.01864	0.02499	0.00952	0.00952	0.00674	0.00476	0.00397	0.00119	0.00436	0.00357	0.00397	0.00674
35	0.01762	0.00678	0.00920	0.00708	0.01013	0.00591	0.00584	0.01936	0.02852	0.82140	0.01565	0.01352	0.00986	0.00492	0.00399	0.00123	0.00337	0.00400	0.00489	0.00674
36	0.00795	0.02051	0.84011	0.01130	0.01716	0.00921	0.01465	0.01256	0.00837	0.01256	0.00712	0.00837	0.00502	0.00377	0.00377	0.00126	0.00586	0.00293	0.00167	0.00586
37	0.00765	0.00878	0.08520	0.01143	0.01410	0.02240	0.37171	0.01018	0.00804	0.01111	0.00993	0.01328	0.03149	0.01467	0.35741	0.00344	0.00814	0.00442	0.00208	0.00456
38	0.00574	0.00383	0.00433	0.00436	0.00437	0.00383	0.00244	0.00576	0.00582	0.00776	0.01276	0.05000	0.01476	0.83614	0.01974	0.00378	0.00380	0.00593	0.00244	0.00243
39	0.00485	0.00346	0.00462	0.00551	0.00575	0.00323	0.00368	0.00556	0.00767	0.01025	0.03971	0.83986	0.02647	0.01233	0.00505	0.00160	0.00229	0.01118	0.00370	0.00323
40	0.00965	0.01318	0.40389	0.04742	0.08004	0.00780	0.02335	0.03306	0.00889	0.16324	0.00994	0.04476	0.00782	0.05253	0.07533	0.00183	0.00541	0.00383	0.00251	0.00552
41	0.01330	0.01600	0.04302	0.03606	0.02423	0.57177	0.07779	0.02879	0.01051	0.04989	0.00706	0.02178	0.00580	0.00441	0.00449	0.00115	0.07384	0.00309	0.00219	0.00482
42	0.83324	0.04701	0.00661	0.00537	0.00786	0.02378	0.00447	0.01174	0.00689	0.01726	0.00553	0.00645	0.00434	0.00367	0.00248	0.00121	0.00319	0.00215	0.00241	0.00434
43	0.00566	0.00425	0.00637	0.00637	0.00708	0.00496	0.00496	0.00708	0.00637	0.00920	0.01062	0.01558	0.00991	0.02974	0.84494	0.00637	0.01062	0.00425	0.00212	0.00354
44	0.01644	0.00837	0.01017	0.00784	0.01089	0.00831	0.00647	0.32955	0.01404	0.50338	0.01315	0.01201	0.00863	0.00547	0.02504	0.00134	0.00394	0.00383	0.00447	0.00667
45	0.00561	0.00405	0.00530	0.00499	0.00592	0.00374	0.00374	0.00748	0.01122	0.01590	0.83383	0.02962	0.03741	0.00811	0.00468	0.00125	0.00187	0.00717	0.00436	0.00374
46	0.00475	0.00399	0.00413	0.00415	0.00541	0.00337	0.00309	0.00580	0.00912	0.01104	0.09289	0.07258	0.74610	0.01001	0.00470	0.00134	0.00201	0.00841	0.00373	0.00337
47	0.00577	0.00384	0.00432	0.00432	0.00432	0.00384	0.00240	0.00577	0.00577	0.00769	0.01249	0.02595	0.01441	0.86066	0.02018	0.00384	0.00384	0.00577	0.00240	0.00240
48	0.00486	0.00347	0.00464	0.00556	0.00580	0.00325	0.00373	0.00557	0.00762	0.01016	0.02184	0.84230	0.02616	0.01239	0.00507	0.00161	0.00233	0.02674	0.00368	0.00323
49	0.00845	0.00835	0.01172	0.01011	0.01016	0.01161	0.00840	0.00936	0.00609	0.00952	0.00561	0.00918	0.00555	0.00863	0.07453	0.00208	0.79108	0.00353	0.00176	0.00428
50	0.00749	0.00705	0.01189	0.85113	0.02731	0.00881	0.01101	0.01013	0.00793	0.01013	0.00705	0.01057	0.00529	0.00396	0.00396	0.00132	0.00529	0.00352	0.00176	0.00440
51	0.00807	0.01969	0.77236	0.01175	0.01746	0.00928	0.08159	0.01257	0.00845	0.01257	0.00719	0.00856	0.00511	0.00373	0.00384	0.00126	0.00593	0.00307	0.00170	0.00582
52	0.00576	0.00386	0.00439	0.00439	0.00441	0.00388	0.00248	0.00581	0.00579	0.00774	0.01243	0.02562	0.01427	0.83442	0.04622	0.00392	0.00406	0.00572	0.00239	0.00244
53	0.01507	0.01111	0.01190	0.00912	0.01230	0.01230	0.00754	0.82270	0.01864	0.02499	0.00952	0.00952	0.00674	0.00476	0.00397	0.00119	0.00436	0.00357	0.00397	0.00674
54	0.00483	0.00345	0.00460	0.00552	0.00575	0.00322	0.00368	0.00552	0.00759	0.01012	0.02185	0.85807	0.02622	0.01242	0.00506	0.00161	0.00230	0.01127	0.00368	0.00322
55	0.00726	0.00574	0.00660	0.00665	0.00782	0.00619	0.00485	0.01260	0.36778	0.02653	0.03528	0.45825	0.01999	0.00913	0.00459	0.00148	0.00268	0.00810	0.00387	0.00463
56	0.00822	0.00705	0.00822	0.00587	0.00940	0.00529	0.00470	0.00998	0.00822	0.01292	0.00705	0.00822	0.00587	0.00294	0.00294	0.00059	0.00294	0.00235	0.00235	0.88490
57	0.00570	0.00409	0.00559	0.00559	0.00603	0.00453	0.00399	0.00658	0.00614	0.00863	0.01133	0.01951	0.01162	0.34529	0.53173	0.00541	0.00805	0.00482	0.00223	0.00311
58	0.01495	0.01480	0.01158	0.00964	0.01228	0.40725	0.00760	0.43988	0.01513	0.01774	0.00791	0.00840	0.00597	0.00444	0.00378	0.00111	0.00569	0.00309	0.00305	0.00572
59	0.00755	0.00711	0.01200	0.83021	0.04777	0.00882	0.01104	0.01018	0.00796	0.01020	0.00706	0.01055	0.00531	0.00395	0.00396	0.00132	0.00527	0.00352	0.00177	0.00445
60	0.01009	0.00943	0.01134	0.00992	0.03555	0.09495	0.02807	0.11905	0.00897	0.04067	0.02050	0.06675	0.02965	0.00640	0.00876	0.00147	0.45060	0.00410	0.00243	0.04131
61	0.00572	0.00401	0.00519	0.00519	0.00549	0.00431	0.00348	0.00632	0.00602	0.00833	0.01170	0.02157	0.01251	0.50967	0.36856	0.00491	0.00671	0.00512	0.00228	0.00288
62	0.01252	0.00982	0.01075	0.00870	0.01146	0.01094	0.02710	0.46470	0.32518	0.02090	0.01326	0.01274	0.04312	0.00518	0.00404	0.00126	0.00386	0.00414	0.00393	0.00639
63	0.00893	0.00910	0.01211	0.01040	0.01049	0.04695	0.00863	0.00980	0.00629	0.00955	0.00524	0.00861	0.00520	0.00682	0.01262	0.00171	0.81803	0.00343	0.00175	0.00435
64	0.03939	0.06637	0.01103	0.00909	0.02369	0.30999	0.00704	0.15266	0.31067	0.01505	0.01032	0.01031	0.00793	0.00461	0.00371	0.00117	0.00487	0.00340	0.00308	0.00562
65	0.01033	0.00826	0.00893	0.00809	0.02805	0.02955	0.00619	0.13740	0.46379	0.05801	0.03863	0.08181	0.03606	0.00608	0.00414	0.00132	0.00335	0.03387	0.00388	0.03227

[dist]
# distance from previous block
# <min> <max>
0	2

[block]
# block no. 4 follows, 68 sequences, length 9
# corresponding to MSA columns:
# 178-186
name=unknown_E
#
# <colnr> <probs for GDERKNQSTAVLIFYWHMCP>
#	G	D	E	R	K	N	Q	S	T	A	V	L	I	F	Y	W	H	M	C	P
0	0.00864	0.00615	0.00676	0.00602	0.00739	0.05657	0.04994	0.10889	0.03106	0.01498	0.03219	0.11432	0.01169	0.00563	0.00369	0.00111	0.02478	0.00467	0.50129	0.00424
1	0.00565	0.00380	0.00436	0.00447	0.00450	0.00377	0.00256	0.00574	0.00599	0.00799	0.01365	0.12875	0.01587	0.75586	0.01831	0.00357	0.00365	0.00645	0.00256	0.00250
2	0.00483	0.00345	0.00460	0.00552	0.00575	0.00322	0.00368	0.00552	0.00759	0.01012	0.02185	0.85807	0.02622	0.01242	0.00506	0.00161	0.00230	0.01127	0.00368	0.00322
3	0.01060	0.86304	0.02078	0.00678	0.01018	0.01569	0.00678	0.01187	0.00806	0.00933	0.00551	0.00636	0.00509	0.00339	0.00254	0.00085	0.00424	0.00212	0.00170	0.00509
4	0.00613	0.00485	0.00693	0.00667	0.00717	0.00587	0.00513	0.00725	0.00624	0.00903	0.01009	0.01608	0.00988	0.15008	0.59722	0.00530	0.13612	0.00436	0.00211	0.00349
5	0.00566	0.00408	0.00518	0.00570	0.00631	0.00396	0.00433	0.00668	0.00789	0.01023	0.02155	0.19073	0.14264	0.22385	0.03812	0.00237	0.00344	0.31077	0.00330	0.00321
6	0.02669	0.33873	0.05082	0.00903	0.06868	0.06303	0.06128	0.02570	0.11497	0.04404	0.08066	0.01243	0.05986	0.00469	0.00372	0.00111	0.02309	0.00370	0.00258	0.00518
7	0.02186	0.04558	0.41435	0.01028	0.06403	0.03688	0.04941	0.03789	0.03569	0.02815	0.02413	0.08252	0.04556	0.06204	0.00500	0.00143	0.00483	0.00430	0.02091	0.00518
8	0.02897	0.18933	0.06995	0.04304	0.12062	0.18994	0.02400	0.15491	0.01091	0.03179	0.04298	0.01006	0.03108	0.00439	0.00389	0.00112	0.03192	0.00329	0.00247	0.00535

[dist]
# distance from previous block
# <min> <max>
1	10

[block]
# block no. 5 follows, 68 sequences, length 20
# corresponding to MSA columns:
# 197-216
name=unknown_F
#
# <colnr> <probs for GDERKNQSTAVLIFYWHMCP>
#	G	D	E	R	K	N	Q	S	T	A	V	L	I	F	Y	W	H	M	C	P
0	0.03712	0.02937	0.31059	0.03682	0.06731	0.08558	0.10556	0.05226	0.04709	0.02952	0.10730	0.01261	0.03515	0.00460	0.00395	0.00123	0.00495	0.00393	0.01975	0.00531
1	0.00528	0.00398	0.00462	0.00465	0.00568	0.00351	0.00340	0.00649	0.00944	0.02906	0.27959	0.17886	0.41656	0.02463	0.00501	0.00140	0.00208	0.00838	0.00389	0.00350
2	0.01238	0.12298	0.01373	0.07371	0.21893	0.32611	0.00887	0.08110	0.01044	0.04899	0.00712	0.00851	0.00576	0.00406	0.00401	0.00111	0.04161	0.00300	0.00223	0.00533
3	0.03240	0.18322	0.10928	0.01797	0.02180	0.00880	0.03858	0.07305	0.00919	0.05987	0.00742	0.00836	0.00587	0.00343	0.00317	0.00086	0.00388	0.00267	0.00238	0.40782
4	0.00988	0.11238	0.24427	0.01336	0.20505	0.03155	0.09564	0.05309	0.03578	0.06179	0.04963	0.02094	0.00794	0.00417	0.00399	0.00119	0.01981	0.00361	0.00234	0.02358
5	0.00600	0.00459	0.00624	0.00610	0.00645	0.00532	0.00444	0.00682	0.00622	0.00880	0.01143	0.08065	0.01208	0.30798	0.40193	0.00460	0.10964	0.00519	0.00229	0.00323
6	0.01113	0.00892	0.01436	0.13523	0.23521	0.03422	0.16996	0.07772	0.02006	0.16134	0.00981	0.01245	0.00761	0.02573	0.00478	0.00134	0.02642	0.03532	0.00273	0.00565
7	0.01009	0.27933	0.22678	0.03153	0.09944	0.03226	0.07551	0.05523	0.06708	0.04470	0.02746	0.00932	0.00682	0.00391	0.00352	0.00112	0.00482	0.00316	0.00223	0.01568
8	0.00913	0.08719	0.28129	0.07146	0.18871	0.04663	0.08683	0.03446	0.04100	0.02354	0.04645	0.04895	0.00826	0.00437	0.00390	0.00122	0.00504	0.00384	0.00220	0.00551
9	0.00563	0.00415	0.00534	0.00586	0.00669	0.00393	0.00466	0.00701	0.00898	0.01171	0.14128	0.18781	0.18795	0.04834	0.00578	0.00170	0.00283	0.35319	0.00371	0.00347
10	0.00638	0.00461	0.00652	0.02861	0.06299	0.00471	0.00508	0.00740	0.00793	0.05896	0.03398	0.57813	0.03282	0.01111	0.03105	0.00170	0.06513	0.04567	0.00341	0.00379
11	0.00913	0.01034	0.17229	0.08758	0.16437	0.02135	0.09371	0.06751	0.00967	0.06811	0.11256	0.07067	0.02698	0.00531	0.00478	0.00130	0.06178	0.00462	0.00266	0.00526
12	0.00977	0.01003	0.04050	0.00769	0.02532	0.26047	0.00597	0.05421	0.05993	0.04321	0.32069	0.04662	0.04447	0.00636	0.00418	0.00120	0.00401	0.02549	0.02537	0.00452
13	0.00750	0.00652	0.01054	0.04560	0.40746	0.00654	0.00808	0.00898	0.00807	0.01123	0.01279	0.31100	0.01370	0.02490	0.05317	0.04619	0.00413	0.00635	0.00257	0.00467
14	0.00868	0.00814	0.07305	0.35285	0.14308	0.00801	0.03194	0.04317	0.02975	0.07634	0.02357	0.08437	0.05485	0.00534	0.00431	0.00133	0.02000	0.02372	0.00253	0.00496
15	0.00795	0.06117	0.01166	0.01366	0.31981	0.00713	0.06750	0.00954	0.00840	0.04113	0.01381	0.37424	0.01486	0.00745	0.00457	0.00137	0.02131	0.00687	0.00279	0.00480
16	0.00592	0.00458	0.00693	0.00662	0.00733	0.00522	0.03656	0.00719	0.00640	0.00914	0.01061	0.01661	0.01024	0.14298	0.67215	0.00568	0.03576	0.00445	0.00215	0.00348
17	0.00992	0.27377	0.16020	0.07628	0.08606	0.10705	0.11340	0.02487	0.03402	0.01124	0.00749	0.04157	0.00639	0.00412	0.00383	0.00114	0.02810	0.00336	0.00199	0.00522
18	0.00965	0.04575	0.10042	0.13940	0.37091	0.03608	0.07245	0.01204	0.00871	0.06516	0.00809	0.02008	0.00662	0.03107	0.01906	0.00140	0.04178	0.00366	0.00211	0.00553
19	0.00971	0.00502	0.00690	0.00615	0.00765	0.00495	0.00479	0.01104	0.00855	0.29003	0.08092	0.01837	0.06328	0.09634	0.36363	0.00367	0.00630	0.00479	0.00337	0.00452

[dist]
# distance from previous block
# <min> <max>
1	4

[block]
# block no. 6 follows, 68 sequences, length 27
# corresponding to MSA columns:
# 221-247
name=unknown_G
#
# <colnr> <probs for GDERKNQSTAVLIFYWHMCP>
#	G	D	E	R	K	N	Q	S	T	A	V	L	I	F	Y	W	H	M	C	P
0	0.05173	0.01429	0.04295	0.13512	0.14419	0.42750	0.09215	0.02517	0.01002	0.01126	0.00672	0.00847	0.00539	0.00389	0.00376	0.00114	0.00618	0.00307	0.00202	0.00497
1	0.00989	0.00807	0.01116	0.13238	0.15124	0.00866	0.05012	0.28365	0.02918	0.01593	0.01228	0.22348	0.01185	0.00647	0.00431	0.00134	0.00411	0.02748	0.00313	0.00528
2	0.00482	0.00349	0.00456	0.00541	0.00572	0.00323	0.00363	0.00553	0.00769	0.01016	0.02316	0.79950	0.08395	0.01225	0.00503	0.00159	0.00228	0.01106	0.00368	0.00323
3	0.00486	0.00351	0.00457	0.00538	0.00570	0.00325	0.00361	0.00558	0.00773	0.01024	0.04074	0.76478	0.08260	0.03041	0.00535	0.00163	0.00230	0.01086	0.00367	0.00322
4	0.00522	0.00380	0.00508	0.00597	0.01975	0.00357	0.00413	0.00613	0.00792	0.01057	0.04686	0.65058	0.04781	0.03708	0.00549	0.00166	0.00255	0.11436	0.00361	0.01785
5	0.00499	0.00373	0.00464	0.00504	0.00570	0.00338	0.00354	0.00604	0.00883	0.01168	0.22614	0.46114	0.21909	0.01080	0.00488	0.00146	0.00213	0.00958	0.00385	0.00338
6	0.00822	0.00705	0.00822	0.00587	0.00940	0.00529	0.00470	0.00998	0.00822	0.01292	0.00705	0.00822	0.00587	0.00294	0.00294	0.00059	0.00294	0.00235	0.00235	0.88490
7	0.00575	0.00389	0.00456	0.00456	0.00464	0.00397	0.00270	0.00592	0.00584	0.00786	0.01228	0.02475	0.01390	0.76513	0.11500	0.00413	0.00462	0.00559	0.00237	0.00253
8	0.00986	0.00852	0.00897	0.00807	0.01031	0.00986	0.00628	0.02107	0.82876	0.01659	0.01614	0.01479	0.01210	0.00538	0.00403	0.00134	0.00314	0.00448	0.00403	0.00628
9	0.01028	0.00904	0.00918	0.00820	0.01047	0.04294	0.00639	0.05555	0.76141	0.01668	0.01546	0.01426	0.01159	0.00530	0.00401	0.00133	0.00335	0.00437	0.00395	0.00623
10	0.00558	0.00405	0.00525	0.00495	0.00590	0.00373	0.00371	0.00742	0.01114	0.01571	0.80423	0.02994	0.06714	0.00818	0.00468	0.00125	0.00188	0.00722	0.00434	0.00373
11	0.01403	0.01755	0.01128	0.01019	0.01201	0.73522	0.00774	0.01527	0.02913	0.00984	0.00625	0.00749	0.00528	0.00443	0.00461	0.00111	0.09922	0.00270	0.00205	0.00461
12	0.00936	0.01070	0.02340	0.01671	0.02072	0.01003	0.82152	0.01270	0.00936	0.01270	0.00802	0.01070	0.00602	0.00334	0.00468	0.00134	0.00668	0.00468	0.00201	0.00535
13	0.00566	0.00425	0.00637	0.00637	0.00708	0.00496	0.00496	0.00708	0.00637	0.00920	0.01062	0.01558	0.00991	0.02974	0.84494	0.00637	0.01062	0.00425	0.00212	0.00354
14	0.00483	0.00345	0.00460	0.00552	0.00575	0.00322	0.00368	0.00552	0.00759	0.01012	0.02185	0.85807	0.02622	0.01242	0.00506	0.00161	0.00230	0.01127	0.00368	0.00322
15	0.00635	0.00421	0.00586	0.00573	0.00595	0.00470	0.00405	0.00626	0.00577	0.00802	0.00939	0.01656	0.00968	0.24289	0.27196	0.31083	0.07278	0.00431	0.00203	0.00267
16	0.01215	0.00966	0.01026	0.00853	0.01118	0.01093	0.00683	0.37371	0.47239	0.02028	0.01323	0.01247	0.00975	0.00511	0.00400	0.00128	0.00368	0.00408	0.00400	0.00648
17	0.00483	0.00345	0.00460	0.00552	0.00575	0.00322	0.00368	0.00552	0.00759	0.01012	0.02185	0.85807	0.02622	0.01242	0.00506	0.00161	0.00230	0.01127	0.00368	0.00322
18	0.00927	0.00892	0.01522	0.19700	0.61236	0.00942	0.03129	0.01164	0.00868	0.01221	0.00729	0.00995	0.00602	0.00376	0.00433	0.00123	0.04014	0.00356	0.00191	0.00578
19	0.06594	0.00901	0.10296	0.00780	0.01036	0.00810	0.00682	0.25589	0.09317	0.14495	0.01389	0.20721	0.01251	0.00667	0.00417	0.00134	0.00367	0.03633	0.00369	0.00551
20	0.02647	0.00430	0.00497	0.00486	0.00613	0.00383	0.00371	0.00746	0.00954	0.07783	0.21896	0.11358	0.43639	0.00932	0.00466	0.00136	0.00224	0.05674	0.00391	0.00374
21	0.09084	0.00877	0.01012	0.00782	0.01088	0.00897	0.00646	0.37675	0.01421	0.40599	0.01205	0.01112	0.00797	0.00474	0.00385	0.00121	0.00379	0.00364	0.00428	0.00654
22	0.00876	0.01083	0.18167	0.07226	0.22384	0.00870	0.15749	0.01251	0.09461	0.03379	0.07517	0.02557	0.04203	0.00465	0.00442	0.00129	0.03014	0.00432	0.00246	0.00549
23	0.00731	0.00799	0.15754	0.00719	0.02628	0.03547	0.00625	0.02875	0.05124	0.06527	0.04261	0.38257	0.11474	0.00862	0.00446	0.00140	0.00327	0.00752	0.03719	0.00433
24	0.00515	0.00368	0.00497	0.00589	0.00626	0.00350	0.00424	0.00608	0.00791	0.01048	0.02167	0.68886	0.02552	0.01212	0.00515	0.00166	0.00258	0.17729	0.00367	0.00331
25	0.01218	0.10445	0.05516	0.01226	0.10145	0.28863	0.13570	0.14865	0.01104	0.01316	0.00704	0.00849	0.00565	0.00417	0.00452	0.00117	0.07546	0.00321	0.00227	0.00534
26	0.02077	0.01951	0.00967	0.11312	0.09012	0.07026	0.01649	0.16735	0.04438	0.02740	0.19355	0.02617	0.04374	0.04145	0.02693	0.00142	0.00403	0.00458	0.00313	0.07592

[dist]
# distance from previous block
# <min> <max>
0	3

[block]
# block no. 7 follows, 68 sequences, length 29
# corresponding to MSA columns:
# 252-280
name=unknown_H
#
# <colnr> <probs for GDERKNQSTAVLIFYWHMCP>
#	G	D	E	R	K	N	Q	S	T	A	V	L	I	F	Y	W	H	M	C	P
0	0.02704	0.05208	0.06399	0.03117	0.09020	0.07732	0.00800	0.40170	0.09027	0.03821	0.00932	0.00978	0.00693	0.00439	0.00375	0.00115	0.00443	0.00339	0.02824	0.04865
1	0.32063	0.04354	0.05086	0.08232	0.23764	0.11641	0.00821	0.03593	0.02591	0.03478	0.00692	0.00833	0.00546	0.00381	0.00331	0.00118	0.00445	0.00287	0.00228	0.00517
2	0.08069	0.00731	0.00856	0.00683	0.00942	0.00728	0.00557	0.20918	0.03260	0.39553	0.05500	0.01306	0.01019	0.00491	0.00372	0.00118	0.00328	0.00388	0.13588	0.00594
3	0.00488	0.00348	0.00464	0.00549	0.00576	0.00325	0.00368	0.00563	0.00780	0.01045	0.06821	0.81077	0.02686	0.01218	0.00504	0.00159	0.00228	0.01104	0.00372	0.00325
4	0.00571	0.00384	0.00433	0.00435	0.00439	0.00381	0.00245	0.00576	0.00590	0.00783	0.01342	0.05013	0.03433	0.81599	0.01938	0.00372	0.00376	0.00599	0.00247	0.00245
5	0.00567	0.00424	0.00631	0.00631	0.00700	0.00492	0.00488	0.00704	0.00636	0.00916	0.01067	0.01587	0.01004	0.05306	0.82179	0.00630	0.01043	0.00429	0.00213	0.00351
6	0.00483	0.00345	0.00460	0.00552	0.00575	0.00322	0.00368	0.00552	0.00759	0.01012	0.02185	0.85807	0.02622	0.01242	0.00506	0.00161	0.00230	0.01127	0.00368	0.00322
7	0.01779	0.00675	0.00920	0.00705	0.01012	0.00583	0.00583	0.01932	0.01135	0.83867	0.01564	0.01350	0.00981	0.00491	0.00399	0.00123	0.00337	0.00399	0.00491	0.00675
8	0.01779	0.00675	0.00920	0.00705	0.01012	0.00583	0.00583	0.01932	0.01135	0.83867	0.01564	0.01350	0.00981	0.00491	0.00399	0.00123	0.00337	0.00399	0.00491	0.00675
9	0.01779	0.00675	0.00920	0.00705	0.01012	0.00583	0.00583	0.01932	0.01135	0.83867	0.01564	0.01350	0.00981	0.00491	0.00399	0.00123	0.00337	0.00399	0.00491	0.00675
10	0.00561	0.00405	0.00530	0.00499	0.00592	0.00374	0.00374	0.00748	0.01122	0.01590	0.83383	0.02962	0.03741	0.00811	0.00468	0.00125	0.00187	0.00717	0.00436	0.00374
11	0.01507	0.01111	0.01190	0.00912	0.01230	0.01230	0.00754	0.82270	0.01864	0.02499	0.00952	0.00952	0.00674	0.00476	0.00397	0.00119	0.00436	0.00357	0.00397	0.00674
12	0.01060	0.86304	0.02078	0.00678	0.01018	0.01569	0.00678	0.01187	0.00806	0.00933	0.00551	0.00636	0.00509	0.00339	0.00254	0.00085	0.00424	0.00212	0.00170	0.00509
13	0.00577	0.00384	0.00432	0.00432	0.00432	0.00384	0.00240	0.00577	0.00577	0.00769	0.01249	0.02595	0.01441	0.86066	0.02018	0.00384	0.00384	0.00577	0.00240	0.00240
14	0.00576	0.00386	0.00438	0.00438	0.00440	0.00388	0.00248	0.00580	0.00578	0.00773	0.01244	0.02565	0.01428	0.83651	0.04415	0.00392	0.00404	0.00572	0.00239	0.00244
15	0.00516	0.00384	0.00481	0.00498	0.00575	0.00349	0.00358	0.00646	0.00955	0.01290	0.39991	0.31382	0.19126	0.00996	0.00481	0.00139	0.00204	0.00881	0.00400	0.00349
16	0.00822	0.00705	0.00822	0.00587	0.00940	0.00529	0.00470	0.00998	0.00822	0.01292	0.00705	0.00822	0.00587	0.00294	0.00294	0.00059	0.00294	0.00235	0.00235	0.88490
17	0.00916	0.00824	0.02515	0.03002	0.02937	0.00901	0.16534	0.18350	0.02198	0.01400	0.06321	0.03800	0.00982	0.04191	0.17161	0.00246	0.16529	0.00445	0.00263	0.00484
18	0.01495	0.01093	0.01184	0.00911	0.01219	0.01214	0.00753	0.77939	0.01809	0.04393	0.00954	0.00959	0.00677	0.00483	0.00424	0.00121	0.02956	0.00358	0.00392	0.00667
19	0.00807	0.02788	0.01302	0.65073	0.20330	0.00911	0.01116	0.01062	0.00817	0.01073	0.00710	0.01031	0.00550	0.00386	0.00392	0.00128	0.00514	0.00349	0.00180	0.00483
20	0.00539	0.00400	0.00513	0.00580	0.00650	0.00378	0.00442	0.00670	0.02228	0.01109	0.05674	0.41595	0.17426	0.01125	0.00508	0.00161	0.00265	0.25023	0.00370	0.00344
21	0.00896	0.00731	0.00850	0.00613	0.00961	0.00577	0.00492	0.06496	0.00901	0.03744	0.00746	0.00846	0.00604	0.00312	0.00304	0.00065	0.00304	0.00248	0.00253	0.80058
22	0.00868	0.02904	0.46032	0.01417	0.11044	0.00964	0.24791	0.01274	0.03192	0.01266	0.00762	0.00936	0.00566	0.00371	0.00419	0.00127	0.01955	0.00355	0.00187	0.00573
23	0.00867	0.00867	0.01214	0.01041	0.01041	0.01214	0.00867	0.00954	0.00607	0.00954	0.00520	0.00867	0.00520	0.00694	0.01301	0.00173	0.85340	0.00347	0.00173	0.00434
24	0.00981	0.00942	0.01609	0.02434	0.83592	0.00942	0.01217	0.01217	0.00903	0.01295	0.00746	0.00981	0.00628	0.00353	0.00393	0.00118	0.00471	0.00353	0.00196	0.00628
25	0.00469	0.00402	0.00402	0.00402	0.00536	0.00335	0.00301	0.00569	0.00904	0.01071	0.04017	0.03816	0.83432	0.01004	0.00469	0.00134	0.00201	0.00837	0.00368	0.00335
26	0.00936	0.01070	0.02340	0.01671	0.02072	0.01003	0.82152	0.01270	0.00936	0.01270	0.00802	0.01070	0.00602	0.00334	0.00468	0.00134	0.00668	0.00468	0.00201	0.00535
27	0.01543	0.01054	0.01155	0.00885	0.01201	0.01145	0.00731	0.71814	0.01769	0.13089	0.01032	0.01004	0.00714	0.00478	0.00397	0.00119	0.00423	0.00362	0.00409	0.00674
28	0.04187	0.00994	0.01722	0.19493	0.04378	0.03086	0.39844	0.15063	0.03405	0.01443	0.00810	0.01029	0.00607	0.00387	0.00438	0.00130	0.01809	0.00404	0.00236	0.00536

[dist]
# distance from previous block
# <min> <max>
0	42

[block]
# block no. 8 follows, 68 sequences, length 74
# corresponding to MSA columns:
# 323-396
name=unknown_I
#
# <colnr> <probs for GDERKNQSTAVLIFYWHMCP>
#	G	D	E	R	K	N	Q	S	T	A	V	L	I	F	Y	W	H	M	C	P
0	0.23656	0.34266	0.07510	0.00739	0.01050	0.09909	0.00685	0.09902	0.04580	0.03495	0.00686	0.00751	0.00549	0.00384	0.00297	0.00106	0.00431	0.00254	0.00235	0.00516
1	0.79191	0.00848	0.00645	0.02512	0.00852	0.06501	0.00474	0.02847	0.00732	0.01722	0.00568	0.00665	0.00442	0.00374	0.00259	0.00121	0.00342	0.00224	0.00244	0.00437
2	0.00960	0.01044	0.08665	0.06320	0.58466	0.00953	0.12059	0.03106	0.02181	0.01308	0.00767	0.00992	0.00619	0.00361	0.00402	0.00122	0.00507	0.00365	0.00201	0.00604
3	0.00483	0.00345	0.00460	0.00552	0.00575	0.00322	0.00368	0.00552	0.00759	0.01012	0.02185	0.85807	0.02622	0.01242	0.00506	0.00161	0.00230	0.01127	0.00368	0.00322
4	0.00538	0.00455	0.02234	0.02853	0.00679	0.00393	0.01925	0.00696	0.01000	0.01328	0.42582	0.07168	0.34937	0.00879	0.00466	0.00130	0.00221	0.00761	0.00389	0.00365
5	0.00526	0.00404	0.00483	0.00474	0.00580	0.00361	0.00358	0.00676	0.01015	0.01352	0.46446	0.06759	0.33775	0.00914	0.00473	0.00132	0.00202	0.04308	0.00405	0.00357
6	0.01249	0.36176	0.01522	0.08019	0.01269	0.38966	0.00758	0.05825	0.01007	0.01043	0.00614	0.00725	0.00520	0.00383	0.00321	0.00099	0.00565	0.00252	0.00198	0.00490
7	0.00483	0.00345	0.00460	0.00552	0.00575	0.00322	0.00368	0.00552	0.00759	0.01012	0.02185	0.85807	0.02622	0.01242	0.00506	0.00161	0.00230	0.01127	0.00368	0.00322
8	0.01070	0.52506	0.23928	0.00816	0.01214	0.03572	0.00885	0.02804	0.00871	0.08095	0.00690	0.00759	0.00550	0.00367	0.00305	0.00100	0.00468	0.00254	0.00202	0.00545
9	0.00891	0.00800	0.01226	0.00878	0.01241	0.00656	0.22007	0.01108	0.00865	0.04677	0.00766	0.00909	0.00607	0.00312	0.00344	0.00081	0.00394	0.00303	0.00236	0.61698
10	0.00561	0.00405	0.00530	0.00499	0.00592	0.00374	0.00374	0.00748	0.01122	0.01590	0.83383	0.02962	0.03741	0.00811	0.00468	0.00125	0.00187	0.00717	0.00436	0.00374
11	0.00822	0.00705	0.00822	0.00587	0.00940	0.00529	0.00470	0.00998	0.00822	0.01292	0.00705	0.00822	0.00587	0.00294	0.00294	0.00059	0.00294	0.00235	0.00235	0.88490
12	0.00981	0.00942	0.01609	0.02434	0.83592	0.00942	0.01217	0.01217	0.00903	0.01295	0.00746	0.00981	0.00628	0.00353	0.00393	0.00118	0.00471	0.00353	0.00196	0.00628
13	0.00574	0.00385	0.00432	0.00432	0.00435	0.00383	0.00242	0.00576	0.00584	0.00776	0.01313	0.02623	0.03330	0.84106	0.01982	0.00379	0.00380	0.00583	0.00243	0.00242
14	0.00483	0.00345	0.00460	0.00552	0.00575	0.00322	0.00368	0.00552	0.00759	0.01012	0.02185	0.85807	0.02622	0.01242	0.00506	0.00161	0.00230	0.01127	0.00368	0.00322
15	0.00992	0.00850	0.01240	0.49847	0.11872	0.00993	0.01012	0.23898	0.01103	0.01463	0.00775	0.01015	0.00581	0.00420	0.00415	0.00128	0.02273	0.00354	0.00241	0.00528
16	0.00749	0.00705	0.01189	0.85113	0.02731	0.00881	0.01101	0.01013	0.00793	0.01013	0.00705	0.01057	0.00529	0.00396	0.00396	0.00132	0.00529	0.00352	0.00176	0.00440
17	0.00483	0.00347	0.00458	0.00547	0.00574	0.00322	0.00366	0.00553	0.00764	0.01014	0.02249	0.82940	0.05448	0.01234	0.00505	0.00160	0.00229	0.01117	0.00368	0.00322
18	0.00561	0.00405	0.00530	0.00499	0.00592	0.00374	0.00374	0.00748	0.01122	0.01590	0.83383	0.02962	0.03741	0.00811	0.00468	0.00125	0.00187	0.00717	0.00436	0.00374
19	0.00977	0.36984	0.33758	0.00912	0.02768	0.01169	0.02447	0.05568	0.01958	0.04284	0.04108	0.00928	0.00701	0.00399	0.00336	0.00109	0.00478	0.01354	0.00210	0.00551
20	0.01443	0.06199	0.01211	0.00947	0.02922	0.21392	0.00752	0.48488	0.04960	0.05161	0.00887	0.00913	0.00656	0.00456	0.00393	0.00115	0.01836	0.00329	0.00333	0.00606
21	0.00689	0.00344	0.00517	0.00517	0.00517	0.00344	0.00344	0.00517	0.00517	0.00689	0.00689	0.01205	0.00689	0.01377	0.01550	0.88464	0.00344	0.00344	0.00172	0.00172
22	0.01720	0.00695	0.00923	0.00712	0.01014	0.00620	0.00587	0.05812	0.03280	0.76216	0.01582	0.01380	0.02539	0.00501	0.00400	0.00123	0.00339	0.00406	0.00482	0.00667
23	0.01039	0.03082	0.01107	0.02932	0.07777	0.03728	0.05880	0.14501	0.09697	0.04959	0.00880	0.00961	0.00682	0.00373	0.00349	0.00093	0.00383	0.00312	0.00280	0.40987
24	0.22457	0.00989	0.05456	0.05275	0.04996	0.03848	0.29084	0.12116	0.00984	0.01517	0.00998	0.03465	0.06204	0.00441	0.00390	0.00128	0.00487	0.00408	0.00251	0.00508
