[name]
unknown

[dist]
# distance from previous block
# <min> <max>
0	48

[block]
# block no. 0 follows, 60 sequences, length 11
# corresponding to MSA columns:
# 56-66
name=unknown_A
#
# <colnr> <probs for GDERKNQSTAVLIFYWHMCP>
#	G	D	E	R	K	N	Q	S	T	A	V	L	I	F	Y	W	H	M	C	P
0	0.08838	0.04658	0.12027	0.03141	0.02286	0.06313	0.02246	0.08254	0.03538	0.07570	0.01413	0.18517	0.02773	0.00944	0.07127	0.00194	0.03106	0.06211	0.00323	0.00521
1	0.00584	0.00411	0.00487	0.00520	0.00552	0.00392	0.00328	0.00633	0.00775	0.01021	0.06026	0.30885	0.11785	0.42077	0.01364	0.00292	0.00330	0.00883	0.00340	0.00315
2	0.01055	0.00911	0.01174	0.07033	0.18044	0.00888	0.00805	0.10282	0.16630	0.01627	0.01009	0.01115	0.00795	0.00419	0.00390	0.00107	0.00404	0.00355	0.00301	0.36655
3	0.01120	0.05906	0.27496	0.04955	0.17292	0.01059	0.06657	0.14031	0.02816	0.05283	0.00892	0.01027	0.00668	0.00423	0.00415	0.00127	0.00539	0.00361	0.00262	0.08670
4	0.01542	0.01158	0.01318	0.03652	0.01413	0.01278	0.04345	0.62936	0.11482	0.04659	0.01137	0.01138	0.00813	0.00523	0.00441	0.00134	0.00475	0.00411	0.00423	0.00721
5	0.00824	0.00775	0.01308	0.83624	0.03004	0.00969	0.01211	0.01114	0.00872	0.01114	0.00775	0.01163	0.00581	0.00436	0.00436	0.00145	0.00581	0.00388	0.00194	0.00484
6	0.00715	0.00460	0.00607	0.00680	0.03961	0.00419	0.00457	0.00820	0.00930	0.10325	0.05736	0.55043	0.15836	0.01171	0.00530	0.00164	0.00270	0.01044	0.00415	0.00416
7	0.04884	0.06760	0.03370	0.08703	0.06064	0.12490	0.04475	0.15374	0.03690	0.06683	0.03013	0.02500	0.00855	0.03932	0.02540	0.00146	0.00514	0.00384	0.00300	0.13322
8	0.01658	0.01222	0.01309	0.01003	0.01353	0.01353	0.00829	0.80497	0.02051	0.02749	0.01047	0.01047	0.00742	0.00524	0.00436	0.00131	0.00480	0.00393	0.00436	0.00742
9	0.00545	0.00389	0.00522	0.00623	0.00654	0.00366	0.00429	0.00631	0.00849	0.01129	0.02396	0.77985	0.02854	0.01353	0.00560	0.00179	0.00265	0.07506	0.00405	0.00358
10	0.00624	0.00462	0.00676	0.00676	0.00745	0.00532	0.00514	0.00763	0.00693	0.00994	0.01191	0.01841	0.01146	0.12358	0.73933	0.00670	0.01085	0.00486	0.00237	0.00375

[dist]
# distance from previous block
# <min> <max>
0	1

[block]
# block no. 1 follows, 60 sequences, length 30
# corresponding to MSA columns:
# 68-97
name=unknown_B
#
# <colnr> <probs for GDERKNQSTAVLIFYWHMCP>
#	G	D	E	R	K	N	Q	S	T	A	V	L	I	F	Y	W	H	M	C	P
0	0.01541	0.01186	0.01372	0.04570	0.13634	0.03023	0.00919	0.62269	0.01812	0.03824	0.01006	0.01059	0.00730	0.00498	0.00435	0.00131	0.00494	0.00390	0.00390	0.00719
1	0.01305	0.61430	0.01983	0.00844	0.01178	0.22678	0.00769	0.01439	0.00986	0.03060	0.00652	0.00742	0.00573	0.00397	0.00313	0.00099	0.00547	0.00251	0.00205	0.00550
2	0.00624	0.00420	0.00485	0.00495	0.00499	0.00419	0.00286	0.00635	0.00656	0.00877	0.01473	0.11033	0.01704	0.74179	0.04141	0.00405	0.00425	0.00691	0.00278	0.00277
3	0.10413	0.03037	0.10095	0.37423	0.05763	0.02530	0.06539	0.08103	0.03671	0.03923	0.00840	0.01074	0.00630	0.00451	0.00455	0.00141	0.03739	0.00373	0.00244	0.00556
4	0.03452	0.05559	0.04854	0.12101	0.18588	0.11817	0.01959	0.03192	0.00983	0.01327	0.06219	0.06318	0.00988	0.00528	0.00510	0.00129	0.08511	0.00422	0.00251	0.12292
5	0.00650	0.00563	0.00585	0.00663	0.00710	0.09280	0.00452	0.00730	0.00878	0.01108	0.02217	0.75350	0.02634	0.01267	0.00539	0.00170	0.00311	0.01136	0.00385	0.00371
6	0.01025	0.01109	0.08249	0.06341	0.56494	0.01009	0.10476	0.02754	0.01005	0.01414	0.01019	0.01248	0.05004	0.00431	0.00445	0.00134	0.00540	0.00426	0.00227	0.00649
7	0.00945	0.21708	0.35712	0.01063	0.01493	0.03154	0.09001	0.01298	0.04041	0.01282	0.04353	0.06214	0.02996	0.01808	0.00467	0.00137	0.03102	0.00423	0.00232	0.00571
8	0.00740	0.02544	0.00805	0.03902	0.00924	0.00581	0.05477	0.08354	0.03276	0.02574	0.05453	0.51964	0.07628	0.01096	0.00547	0.02028	0.00325	0.00966	0.00385	0.00431
9	0.01629	0.02079	0.01236	0.01124	0.01348	0.82921	0.00843	0.01742	0.01236	0.01067	0.00674	0.00787	0.00562	0.00449	0.00393	0.00112	0.00787	0.00281	0.00225	0.00506
10	0.00892	0.00867	0.06044	0.00750	0.01108	0.00663	0.04250	0.03072	0.01956	0.01418	0.02539	0.01230	0.05853	0.01983	0.01551	0.00102	0.03182	0.00346	0.00270	0.61925
11	0.00961	0.36741	0.39940	0.00951	0.01427	0.01243	0.01112	0.01274	0.00921	0.01227	0.03299	0.01156	0.07134	0.00466	0.00369	0.00120	0.00524	0.00346	0.00211	0.00580
12	0.87753	0.00843	0.00641	0.00574	0.00843	0.00978	0.00472	0.01282	0.00742	0.01957	0.00607	0.00709	0.00472	0.00405	0.00270	0.00135	0.00337	0.00236	0.00270	0.00472
13	0.00624	0.00463	0.00679	0.00679	0.00749	0.00533	0.00517	0.00764	0.00694	0.00996	0.01189	0.01827	0.01140	0.11361	0.74921	0.00673	0.01094	0.00484	0.00237	0.00377
14	0.01012	0.09483	0.37475	0.03876	0.04671	0.05915	0.12028	0.01376	0.02453	0.05778	0.03750	0.01281	0.04474	0.00486	0.00455	0.00136	0.02781	0.01732	0.00242	0.00594
15	0.05162	0.00726	0.00964	0.00749	0.01063	0.00640	0.00611	0.02000	0.01191	0.74100	0.01656	0.01540	0.01088	0.05781	0.00543	0.00153	0.00373	0.00443	0.00512	0.00702
16	0.01629	0.02079	0.01236	0.01124	0.01348	0.82921	0.00843	0.01742	0.01236	0.01067	0.00674	0.00787	0.00562	0.00449	0.00393	0.00112	0.00787	0.00281	0.00225	0.00506
17	0.00550	0.00447	0.00513	0.00554	0.02888	0.00391	0.00387	0.00672	0.00998	0.01258	0.15602	0.20168	0.51819	0.01105	0.00521	0.00151	0.00233	0.00950	0.00411	0.00381
18	0.02087	0.04044	0.08891	0.17084	0.06656	0.11105	0.08727	0.05815	0.03129	0.06092	0.03512	0.06512	0.06111	0.00698	0.04374	0.00166	0.03697	0.00481	0.00279	0.00541
19	0.01465	0.02367	0.01058	0.00846	0.01129	0.02654	0.03794	0.07218	0.24152	0.37739	0.03873	0.03922	0.03136	0.02278	0.02190	0.00156	0.00402	0.00495	0.00459	0.00667
20	0.00758	0.00379	0.00568	0.00568	0.00568	0.00379	0.00379	0.00568	0.00568	0.00758	0.00758	0.01326	0.00758	0.01515	0.01705	0.87311	0.00379	0.00379	0.00189	0.00189
21	0.02675	0.01049	0.05500	0.10087	0.47957	0.01014	0.07258	0.07696	0.02477	0.04600	0.02155	0.01154	0.00764	0.00425	0.00433	0.00133	0.00517	0.00403	0.03056	0.00649
22	0.01125	0.14869	0.14713	0.06301	0.07905	0.05586	0.05972	0.12533	0.07941	0.03828	0.01038	0.05711	0.02073	0.00548	0.00511	0.01751	0.06306	0.00420	0.00277	0.00593
23	0.00626	0.00445	0.00593	0.00618	0.00670	0.00456	0.00438	0.00722	0.00836	0.02869	0.12168	0.37132	0.05371	0.13174	0.16565	0.01790	0.03936	0.00871	0.00353	0.00367
24	0.00547	0.00400	0.00487	0.00550	0.00595	0.00370	0.00364	0.00616	0.00831	0.01078	0.02626	0.53269	0.18681	0.16457	0.00851	0.00216	0.00277	0.01065	0.00379	0.00341
25	0.00879	0.03430	0.03260	0.02034	0.06505	0.04821	0.03725	0.05677	0.11879	0.03703	0.04309	0.23754	0.14818	0.00922	0.02121	0.00163	0.03143	0.03996	0.00362	0.00500
26	0.02576	0.12270	0.13174	0.03647	0.26080	0.07343	0.08864	0.06146	0.04943	0.02978	0.00865	0.02356	0.00705	0.00454	0.00477	0.00133	0.05750	0.00380	0.00241	0.00620
27	0.00878	0.02051	0.10312	0.03884	0.06806	0.07149	0.02807	0.01137	0.06571	0.06316	0.03212	0.24900	0.10300	0.03360	0.02659	0.00170	0.00425	0.02104	0.04469	0.00489
28	0.00658	0.01809	0.00607	0.00591	0.00689	0.01434	0.00437	0.00818	0.03743	0.02953	0.14356	0.17375	0.19530	0.12114	0.14233	0.00278	0.00434	0.05663	0.01888	0.00389
29	0.01004	0.09360	0.04753	0.07760	0.05581	0.06819	0.04296	0.08595	0.08911	0.03367	0.02606	0.14134	0.03354	0.04457	0.00655	0.08423	0.01882	0.00542	0.02997	0.00503

[dist]
# distance from previous block
# <min> <max>
6	37

[block]
# block no. 2 follows, 60 sequences, length 6
# corresponding to MSA columns:
# 139-144
name=unknown_C
#
# <colnr> <probs for GDERKNQSTAVLIFYWHMCP>
#	G	D	E	R	K	N	Q	S	T	A	V	L	I	F	Y	W	H	M	C	P
0	0.04912	0.08527	0.07136	0.06877	0.04728	0.02352	0.02748	0.12121	0.17614	0.03727	0.01136	0.01253	0.02895	0.03704	0.00487	0.00134	0.02276	0.00387	0.00311	0.16676
1	0.07707	0.15985	0.09595	0.05514	0.08446	0.13510	0.06831	0.10142	0.03044	0.03559	0.00934	0.01181	0.02222	0.03357	0.00500	0.00140	0.03870	0.02631	0.00260	0.00570
2	0.00571	0.00420	0.00522	0.00592	0.00638	0.00402	0.00398	0.00704	0.05136	0.01129	0.02454	0.63345	0.10303	0.10327	0.00727	0.00199	0.00273	0.01103	0.00392	0.00364
3	0.00862	0.00706	0.04367	0.00867	0.05446	0.02569	0.05143	0.06543	0.01019	0.08407	0.05752	0.40595	0.06889	0.01009	0.02571	0.00166	0.00374	0.00842	0.00375	0.05498
4	0.01051	0.09844	0.16152	0.09014	0.07592	0.04336	0.20823	0.07720	0.01051	0.03999	0.01083	0.04975	0.03914	0.00517	0.00487	0.00140	0.03934	0.02535	0.00255	0.00579
5	0.01046	0.12877	0.13314	0.06442	0.12752	0.02623	0.00906	0.10287	0.03699	0.04976	0.01113	0.07781	0.01015	0.09035	0.00627	0.00162	0.02885	0.03137	0.02594	0.02730

[dist]
# distance from previous block
# <min> <max>
10	17

[block]
# block no. 3 follows, 60 sequences, length 9
# corresponding to MSA columns:
# 163-171
name=unknown_D
#
# <colnr> <probs for GDERKNQSTAVLIFYWHMCP>
#	G	D	E	R	K	N	Q	S	T	A	V	L	I	F	Y	W	H	M	C	P
0	0.00541	0.00401	0.00507	0.00581	0.00637	0.00367	0.00404	0.00636	0.00895	0.01170	0.07241	0.60957	0.18071	0.01282	0.00548	0.00170	0.00251	0.04570	0.00409	0.00362
1	0.13496	0.47616	0.01716	0.00796	0.01106	0.08131	0.00722	0.06269	0.00972	0.06729	0.00727	0.00826	0.00608	0.00506	0.02529	0.00128	0.06048	0.00277	0.00242	0.00557
2	0.02656	0.08415	0.04455	0.00733	0.02317	0.06452	0.00585	0.05063	0.04718	0.05472	0.21962	0.20014	0.07583	0.00819	0.00462	0.00139	0.00343	0.01913	0.03067	0.02831
3	0.00737	0.00489	0.00607	0.00551	0.00700	0.00432	0.00420	0.00917	0.01165	0.09361	0.52443	0.03189	0.21419	0.00879	0.00498	0.00136	0.00231	0.00760	0.00458	0.04608
4	0.00536	0.00406	0.00494	0.00549	0.00621	0.00365	0.00383	0.00636	0.00927	0.01201	0.11436	0.50785	0.27616	0.01234	0.00539	0.00164	0.00238	0.01092	0.00413	0.00365
5	0.01223	0.38933	0.09321	0.04235	0.01409	0.18922	0.07452	0.06685	0.02842	0.01238	0.00783	0.03665	0.00677	0.00444	0.00366	0.00115	0.00569	0.00331	0.00227	0.00563
6	0.01063	0.07356	0.29998	0.01116	0.05057	0.02282	0.07844	0.08269	0.06504	0.08839	0.07109	0.02739	0.01054	0.02719	0.05976	0.00180	0.00567	0.00431	0.00293	0.00605
7	0.00619	0.00524	0.03451	0.00733	0.00824	0.00461	0.05183	0.00752	0.00880	0.01168	0.02229	0.49723	0.04941	0.06993	0.00674	0.00196	0.00341	0.19550	0.00376	0.00383
8	0.00571	0.00439	0.00527	0.00519	0.00631	0.00395	0.00386	0.00728	0.01087	0.01448	0.42253	0.10633	0.33364	0.01109	0.03799	0.00167	0.00254	0.00865	0.00435	0.00389

[dist]
# distance from previous block
# <min> <max>
2	7

[block]
# block no. 4 follows, 60 sequences, length 14
# corresponding to MSA columns:
# 180-193
name=unknown_E
#
# <colnr> <probs for GDERKNQSTAVLIFYWHMCP>
#	G	D	E	R	K	N	Q	S	T	A	V	L	I	F	Y	W	H	M	C	P
0	0.40012	0.03109	0.07049	0.11199	0.17761	0.07630	0.02246	0.01313	0.00868	0.01572	0.00693	0.00876	0.00552	0.00420	0.00384	0.00134	0.03106	0.00305	0.00234	0.00538
1	0.00962	0.05817	0.04517	0.07178	0.09772	0.02345	0.00741	0.12201	0.10168	0.03224	0.12927	0.04719	0.07011	0.07227	0.09081	0.00216	0.00488	0.00538	0.00337	0.00533
2	0.00549	0.00400	0.00507	0.00579	0.00622	0.00376	0.00393	0.00628	0.00833	0.01093	0.02510	0.58208	0.13628	0.10885	0.04372	0.00225	0.00312	0.03149	0.00381	0.00349
3	0.00602	0.00524	0.03143	0.00609	0.03084	0.00443	0.00455	0.00784	0.02647	0.01407	0.32346	0.10780	0.35416	0.02617	0.00547	0.00152	0.00253	0.03366	0.00418	0.00407
4	0.00992	0.00817	0.02599	0.02886	0.02583	0.00676	0.00597	0.07237	0.04894	0.04983	0.00999	0.05834	0.00846	0.00432	0.00362	0.00089	0.00347	0.00356	0.02868	0.59601
5	0.00777	0.00636	0.04593	0.02331	0.02273	0.02566	0.00588	0.05292	0.00948	0.04320	0.06792	0.25895	0.05814	0.04033	0.11199	0.07350	0.00463	0.11274	0.00346	0.02508
6	0.05123	0.19030	0.20530	0.01051	0.02954	0.03564	0.04001	0.33622	0.02989	0.01891	0.00867	0.00940	0.00650	0.00452	0.00393	0.00125	0.00526	0.00339	0.00299	0.00655
7	0.00898	0.11046	0.09174	0.06221	0.08338	0.00905	0.08493	0.05014	0.07854	0.02649	0.07453	0.18551	0.07620	0.00720	0.00490	0.00144	0.02955	0.00630	0.00316	0.00530
8	0.00640	0.00450	0.00574	0.00572	0.00596	0.00485	0.00378	0.00687	0.00662	0.00911	0.01320	0.06304	0.01448	0.52212	0.25268	0.02854	0.03473	0.00600	0.00258	0.00310
9	0.00951	0.05023	0.03828	0.04307	0.21900	0.09034	0.03585	0.02306	0.09709	0.01326	0.05679	0.13455	0.05744	0.02334	0.06293	0.00185	0.02944	0.00567	0.00295	0.00538
10	0.03615	0.06007	0.07169	0.09821	0.10641	0.22330	0.01925	0.12409	0.04940	0.08198	0.00983	0.02673	0.00795	0.02282	0.00477	0.00137	0.02330	0.02390	0.00290	0.00588
11	0.23205	0.00988	0.03482	0.06228	0.02599	0.05630	0.05269	0.11483	0.05158	0.07561	0.03458	0.02507	0.02677	0.00537	0.00526	0.00140	0.11549	0.00392	0.03267	0.03344
12	0.03935	0.06487	0.03536	0.04696	0.15614	0.14051	0.02229	0.13200	0.07781	0.05601	0.02023	0.06273	0.00928	0.03391	0.00504	0.00138	0.02773	0.00426	0.00302	0.06113
13	0.04609	0.12044	0.10798	0.03780	0.06280	0.06245	0.04342	0.06349	0.10591	0.01431	0.02701	0.06563	0.04281	0.02430	0.02216	0.00154	0.00480	0.08713	0.00298	0.05694

[dist]
# distance from previous block
# <min> <max>
2	23

[block]
# block no. 5 follows, 60 sequences, length 6
# corresponding to MSA columns:
# 217-222
name=unknown_F
#
# <colnr> <probs for GDERKNQSTAVLIFYWHMCP>
#	G	D	E	R	K	N	Q	S	T	A	V	L	I	F	Y	W	H	M	C	P
0	0.00786	0.00484	0.00646	0.00665	0.03395	0.00465	0.00466	0.02854	0.00894	0.06975	0.13008	0.09421	0.13062	0.08275	0.02995	0.26630	0.00353	0.07927	0.00338	0.00361
1	0.00663	0.00455	0.00633	0.00631	0.00706	0.00427	0.03856	0.00748	0.00889	0.04109	0.14923	0.34094	0.08872	0.13318	0.00898	0.08802	0.00313	0.04929	0.00372	0.00362
2	0.07625	0.04274	0.04917	0.10781	0.16780	0.02747	0.11731	0.16005	0.07975	0.01635	0.00948	0.01183	0.00759	0.04535	0.02727	0.00164	0.02090	0.00404	0.00279	0.02440
3	0.00851	0.00562	0.00853	0.08386	0.04081	0.03133	0.05536	0.00803	0.00694	0.03595	0.00827	0.01307	0.00760	0.01357	0.07026	0.58830	0.00493	0.00394	0.00209	0.00303
4	0.07056	0.00670	0.00815	0.05332	0.04423	0.00679	0.00579	0.04733	0.11905	0.16614	0.05829	0.11984	0.11310	0.11418	0.00683	0.00180	0.00354	0.02689	0.00390	0.02357
5	0.10319	0.00582	0.00678	0.04025	0.02529	0.02176	0.00495	0.02475	0.03619	0.05731	0.06786	0.23122	0.09252	0.13783	0.02942	0.06267	0.01954	0.02516	0.00343	0.00407

[dist]
# distance from previous block
# <min> <max>
7	33

[block]
# block no. 6 follows, 60 sequences, length 27
# corresponding to MSA columns:
# 266-292
name=unknown_G
#
# <colnr> <probs for GDERKNQSTAVLIFYWHMCP>
#	G	D	E	R	K	N	Q	S	T	A	V	L	I	F	Y	W	H	M	C	P
0	0.14837	0.07867	0.01326	0.02697	0.13403	0.14615	0.05889	0.07783	0.11699	0.08227	0.02392	0.01140	0.00824	0.00478	0.00421	0.00131	0.02468	0.01485	0.00305	0.02013
1	0.27612	0.04100	0.04003	0.06246	0.07654	0.12809	0.03090	0.08669	0.02422	0.01566	0.00945	0.02690	0.02855	0.05599	0.01679	0.00158	0.03142	0.01500	0.01562	0.01699
2	0.06048	0.00833	0.06475	0.07520	0.04705	0.04895	0.02967	0.05701	0.03025	0.01283	0.03424	0.03333	0.01018	0.01893	0.41428	0.00419	0.03855	0.00446	0.00255	0.00476
3	0.02859	0.00440	0.00585	0.02575	0.03114	0.00430	0.00466	0.00717	0.03089	0.01185	0.04391	0.71816	0.02687	0.01254	0.00539	0.00172	0.00275	0.02631	0.00394	0.00382
4	0.01008	0.00894	0.01366	0.19307	0.40185	0.02653	0.01061	0.06727	0.01053	0.02867	0.05302	0.03849	0.04962	0.00508	0.00436	0.00133	0.00474	0.00458	0.04677	0.02078
5	0.03221	0.18152	0.15597	0.07154	0.06692	0.15497	0.01974	0.05327	0.03859	0.04006	0.03097	0.03179	0.00788	0.00468	0.00414	0.00121	0.02736	0.00354	0.00250	0.07113
6	0.04816	0.23912	0.17270	0.00870	0.02594	0.01010	0.04245	0.02772	0.03108	0.04070	0.12793	0.03905	0.07087	0.00607	0.00424	0.00131	0.01534	0.04962	0.03357	0.00533
7	0.01078	0.12604	0.09052	0.13213	0.16040	0.01064	0.09248	0.05045	0.11804	0.07499	0.01165	0.03440	0.03541	0.00566	0.02651	0.00150	0.00519	0.00434	0.00283	0.00606
8	0.00598	0.00431	0.00593	0.00624	0.00669	0.00461	0.00442	0.00696	0.00727	0.01007	0.01588	0.27074	0.01742	0.20254	0.40501	0.00482	0.00729	0.00738	0.00292	0.00352
9	0.00617	0.00451	0.00523	0.00509	0.00638	0.00395	0.00380	0.00761	0.01077	0.04994	0.31585	0.10626	0.43815	0.01026	0.00515	0.00146	0.00225	0.00880	0.00438	0.00399
10	0.01101	0.03640	0.00981	0.00836	0.02464	0.15209	0.00647	0.16013	0.01248	0.05949	0.17436	0.03606	0.16700	0.00815	0.03255	0.00156	0.08500	0.00565	0.00365	0.00514
11	0.00746	0.00594	0.00849	0.07639	0.16248	0.02028	0.00662	0.00850	0.00898	0.01185	0.09497	0.14763	0.14645	0.02545	0.00770	0.17288	0.00371	0.07704	0.00311	0.00409
12	0.01139	0.13594	0.11955	0.01052	0.08974	0.05516	0.02381	0.12150	0.03615	0.04597	0.00871	0.01023	0.00702	0.03241	0.00464	0.00119	0.02717	0.00330	0.00271	0.25289
13	0.01039	0.01042	0.04032	0.02162	0.04702	0.13945	0.10634	0.06640	0.15741	0.02762	0.12542	0.04046	0.09552	0.02212	0.00566	0.03886	0.01709	0.01917	0.00341	0.00531
14	0.00581	0.00430	0.00548	0.00606	0.00668	0.00410	0.00424	0.00750	0.05362	0.01280	0.17317	0.57755	0.07938	0.01215	0.00541	0.00167	0.00251	0.02951	0.00421	0.00386
15	0.01010	0.01361	0.30548	0.01296	0.17815	0.04222	0.01089	0.03700	0.05461	0.07931	0.10754	0.01577	0.07073	0.00544	0.00436	0.00135	0.00482	0.00457	0.03505	0.00605
16	0.02677	0.02338	0.13674	0.11125	0.28452	0.05403	0.01114	0.14753	0.01176	0.06167	0.04935	0.01235	0.02777	0.00480	0.00445	0.00134	0.01798	0.00404	0.00282	0.00631
17	0.00894	0.00812	0.03050	0.10977	0.18578	0.05431	0.02069	0.03926	0.04638	0.03828	0.08619	0.15020	0.05169	0.02845	0.11956	0.00227	0.00537	0.00603	0.00308	0.00511
18	0.20185	0.03134	0.02201	0.02269	0.01031	0.00901	0.02051	0.18391	0.03963	0.09813	0.01077	0.01327	0.00874	0.07127	0.18637	0.00278	0.02021	0.00397	0.03784	0.00537
19	0.04348	0.10162	0.21498	0.03259	0.10838	0.03059	0.13526	0.08622	0.05518	0.01502	0.04222	0.05821	0.02238	0.00508	0.00442	0.00135	0.01678	0.00444	0.00265	0.01915
20	0.01048	0.05508	0.13803	0.08000	0.13833	0.07031	0.09623	0.03483	0.03521	0.07587	0.05635	0.08309	0.03333	0.00558	0.00442	0.00134	0.00505	0.01727	0.00288	0.05630
21	0.00634	0.00451	0.00536	0.00538	0.00644	0.00415	0.00390	0.00787	0.02904	0.04373	0.21908	0.21151	0.29659	0.06278	0.03925	0.00188	0.00283	0.00876	0.03668	0.00393
22	0.03324	0.02196	0.09464	0.00971	0.05985	0.05118	0.04324	0.02358	0.02182	0.11993	0.03181	0.13920	0.05141	0.06858	0.08761	0.00225	0.08980	0.04195	0.00318	0.00506
23	0.04259	0.14377	0.14622	0.06204	0.18138	0.13004	0.06294	0.06376	0.02839	0.03235	0.02334	0.04727	0.00799	0.00470	0.00407	0.00128	0.00554	0.00390	0.00248	0.00594
24	0.01054	0.00844	0.05492	0.11513	0.12017	0.03447	0.06455	0.03141	0.01022	0.16933	0.05169	0.14725	0.05401	0.00859	0.05710	0.00182	0.01735	0.03415	0.00339	0.00546
25	0.00546	0.00423	0.00499	0.00535	0.00627	0.00380	0.00386	0.00657	0.00947	0.01211	0.12012	0.32302	0.37936	0.03107	0.03255	0.00183	0.00273	0.03951	0.00404	0.00368
26	0.01046	0.02495	0.15902	0.11116	0.15896	0.07237	0.11447	0.07165	0.05148	0.03349	0.02807	0.03295	0.04806	0.02853	0.00529	0.00147	0.03463	0.00451	0.00264	0.00585

[dist]
# distance from previous block
# <min> <max>
3	13

[block]
# block no. 7 follows, 60 sequences, length 16
# corresponding to MSA columns:
# 306-321
name=unknown_H
#
# <colnr> <probs for GDERKNQSTAVLIFYWHMCP>
#	G	D	E	R	K	N	Q	S	T	A	V	L	I	F	Y	W	H	M	C	P
0	0.01167	0.03798	0.01045	0.00884	0.03088	0.01037	0.00684	0.27645	0.29507	0.01938	0.01589	0.07710	0.05080	0.03268	0.00520	0.00150	0.02384	0.01804	0.06081	0.00621
1	0.06623	0.42118	0.05502	0.00929	0.04683	0.05522	0.02420	0.16368	0.01156	0.08195	0.00877	0.00934	0.02096	0.00437	0.00350	0.00113	0.00481	0.00312	0.00276	0.00608
2	0.02864	0.05324	0.01068	0.04911	0.13846	0.04348	0.02156	0.10513	0.06733	0.01440	0.01588	0.27812	0.05175	0.00889	0.03508	0.00167	0.03107	0.00681	0.03354	0.00516
3	0.00623	0.00450	0.00550	0.00544	0.00659	0.00399	0.00399	0.00768	0.01054	0.04181	0.33982	0.23801	0.25700	0.01039	0.00516	0.00147	0.00232	0.00908	0.00434	0.03615
4	0.00623	0.00436	0.00525	0.00537	0.00558	0.00444	0.00341	0.00663	0.00709	0.00950	0.03649	0.14850	0.04910	0.56854	0.07525	0.00377	0.02509	0.02940	0.00296	0.00303
5	0.02489	0.09733	0.03148	0.01899	0.02537	0.15448	0.00753	0.13054	0.25405	0.01605	0.01174	0.05827	0.00970	0.00549	0.00453	0.00128	0.04334	0.00419	0.01797	0.08280
6	0.05071	0.02939	0.01232	0.12624	0.27765	0.05286	0.02871	0.03109	0.03373	0.01330	0.05990	0.11798	0.01230	0.05725	0.04371	0.02126	0.01839	0.00527	0.00270	0.00525
7	0.05161	0.18786	0.14005	0.02868	0.05610	0.07636	0.04250	0.09796	0.01876	0.05957	0.03491	0.07220	0.00969	0.01812	0.00491	0.00136	0.05410	0.02380	0.00278	0.01867
8	0.00997	0.10470	0.19813	0.01097	0.03379	0.02132	0.08875	0.10249	0.07896	0.01461	0.01207	0.10201	0.01123	0.00659	0.00561	0.00150	0.09552	0.09321	0.00288	0.00568
9	0.00756	0.00535	0.00609	0.00637	0.00684	0.00503	0.00407	0.00801	0.03434	0.01172	0.02161	0.33295	0.08993	0.39968	0.01373	0.00311	0.00383	0.00914	0.02660	0.00404
10	0.00770	0.00675	0.05522	0.16139	0.05550	0.00665	0.00725	0.02990	0.00871	0.02488	0.06034	0.05313	0.04777	0.07232	0.23067	0.03786	0.02481	0.02925	0.07554	0.00438
11	0.03726	0.10680	0.19769	0.03124	0.12367	0.03659	0.14440	0.08799	0.05600	0.03128	0.02260	0.02690	0.00779	0.00468	0.00471	0.00135	0.04706	0.00400	0.02188	0.00609
12	0.00797	0.00740	0.06144	0.06912	0.15412	0.00675	0.00731	0.03062	0.05464	0.03624	0.05389	0.20655	0.12821	0.09615	0.04328	0.00203	0.01916	0.00705	0.00326	0.00481
13	0.00766	0.00571	0.02962	0.00625	0.00761	0.00523	0.00484	0.06005	0.05545	0.05742	0.12859	0.25156	0.17684	0.04934	0.03146	0.00181	0.00316	0.03986	0.07312	0.00440
14	0.18499	0.03207	0.06185	0.08356	0.18902	0.08855	0.02762	0.11981	0.03836	0.01638	0.02295	0.04163	0.01984	0.00495	0.00420	0.00134	0.02339	0.00393	0.02983	0.00574
15	0.05330	0.07158	0.12174	0.00949	0.06074	0.05034	0.02342	0.10241	0.03999	0.03462	0.02778	0.03424	0.15643	0.07048	0.00640	0.00165	0.05541	0.07165	0.00313	0.00522

[dist]
# distance from previous block
# <min> <max>
2	25

[block]
# block no. 8 follows, 60 sequences, length 16
# corresponding to MSA columns:
# 347-362
name=unknown_I
#
# <colnr> <probs for GDERKNQSTAVLIFYWHMCP>
#	G	D	E	R	K	N	Q	S	T	A	V	L	I	F	Y	W	H	M	C	P
0	0.02564	0.09821	0.18298	0.02222	0.01144	0.02436	0.00794	0.02430	0.13036	0.07493	0.06839	0.10633	0.09840	0.04930	0.00555	0.00155	0.02478	0.02012	0.00332	0.01988
1	0.01151	0.39500	0.25908	0.00917	0.01349	0.01314	0.00988	0.08455	0.03475	0.07512	0.00905	0.00980	0.02090	0.00527	0.03086	0.00136	0.00529	0.00318	0.00248	0.00610
2	0.00660	0.00509	0.00721	0.04955	0.06425	0.00521	0.02598	0.00765	0.00793	0.01073	0.07006	0.13222	0.08845	0.29528	0.18389	0.02103	0.00546	0.00677	0.00294	0.00369
3	0.03677	0.22131	0.30093	0.03184	0.06868	0.07965	0.04960	0.03503	0.05017	0.01323	0.00904	0.06839	0.00778	0.00483	0.00394	0.00128	0.00550	0.00385	0.00230	0.00588
4	0.00729	0.00523	0.00600	0.00567	0.00710	0.00495	0.00428	0.06021	0.05407	0.04971	0.26506	0.13433	0.31694	0.00955	0.00497	0.00144	0.00249	0.00818	0.04814	0.00439
5	0.00612	0.00432	0.00531	0.00573	0.00654	0.00405	0.00428	0.00744	0.00948	0.01285	0.14142	0.26065	0.18037	0.08297	0.00669	0.00184	0.00279	0.16213	0.09132	0.00372
6	0.00553	0.00414	0.00562	0.00626	0.00677	0.00384	0.02611	0.00642	0.00857	0.01126	0.02541	0.68091	0.11247	0.04057	0.00608	0.00182	0.00274	0.03793	0.00395	0.00361
7	0.00965	0.05958	0.01029	0.04223	0.11289	0.02414	0.02632	0.02550	0.11691	0.10060	0.07788	0.09611	0.12782	0.10216	0.00691	0.00175	0.02931	0.02124	0.00354	0.00518
8	0.00740	0.03449	0.00805	0.00728	0.00815	0.04795	0.00561	0.02943	0.00759	0.01041	0.01114	0.01723	0.01072	0.13707	0.58208	0.00568	0.05869	0.00465	0.00239	0.00399
9	0.00602	0.00418	0.00550	0.00623	0.00669	0.00400	0.00440	0.02538	0.00862	0.01137	0.02290	0.58323	0.07136	0.03153	0.00708	0.08925	0.00290	0.10205	0.00381	0.00351
10	0.01167	0.08035	0.20896	0.01062	0.03283	0.01085	0.07434	0.25582	0.03261	0.04579	0.01182	0.01340	0.04864	0.00613	0.03072	0.00153	0.03681	0.02384	0.05709	0.00619
11	0.00951	0.07284	0.01372	0.31297	0.14427	0.06114	0.03512	0.02815	0.04113	0.01224	0.02145	0.05264	0.01858	0.00710	0.05624	0.00178	0.08586	0.01767	0.00237	0.00524
12	0.03141	0.25859	0.05855	0.00950	0.03743	0.03706	0.06111	0.04278	0.00866	0.01171	0.00855	0.01172	0.00770	0.03050	0.27324	0.00318	0.09737	0.00370	0.00220	0.00504
13	0.06605	0.00961	0.02451	0.08386	0.32963	0.06600	0.01953	0.06845	0.04862	0.03709	0.02408	0.07812	0.04360	0.02652	0.00482	0.00145	0.00469	0.03324	0.02432	0.00579
14	0.17270	0.06457	0.04813	0.06050	0.18019	0.08769	0.06506	0.06194	0.00957	0.01447	0.00796	0.04709	0.00698	0.00516	0.00572	0.00142	0.14906	0.00384	0.00241	0.00555
15	0.04117	0.06220	0.02620	0.00932	0.09957	0.02392	0.05615	0.02487	0.06444	0.06010	0.14434	0.11316	0.23131	0.00797	0.00472	0.00142	0.00352	0.01697	0.00367	0.00498

[dist]
# distance from previous block
# <min> <max>
5	31

[block]
# block no. 9 follows, 60 sequences, length 6
# corresponding to MSA columns:
# 396-401
name=unknown_J
#
# <colnr> <probs for GDERKNQSTAVLIFYWHMCP>
#	G	D	E	R	K	N	Q	S	T	A	V	L	I	F	Y	W	H	M	C	P
0	0.00775	0.00569	0.00666	0.00618	0.00757	0.00583	0.00467	0.07241	0.09844	0.03763	0.16753	0.02674	0.21893	0.10854	0.16915	0.00282	0.00465	0.00652	0.03783	0.00446
1	0.00566	0.00444	0.00512	0.00495	0.00620	0.00390	0.00371	0.00724	0.01113	0.01461	0.42751	0.03731	0.43266	0.00999	0.00515	0.00142	0.00213	0.00855	0.00442	0.00390
2	0.01018	0.01079	0.08032	0.08404	0.65129	0.00993	0.01297	0.01296	0.00992	0.01417	0.05481	0.01199	0.00869	0.00423	0.00435	0.00132	0.00515	0.00406	0.00227	0.00656
3	0.00605	0.00437	0.00534	0.00547	0.00619	0.00417	0.00390	0.00699	0.00886	0.01167	0.16670	0.10516	0.21397	0.23927	0.07114	0.04094	0.00371	0.08905	0.00358	0.00344
4	0.09331	0.11611	0.03452	0.04117	0.09890	0.03951	0.00678	0.09512	0.01053	0.01485	0.07643	0.06140	0.16434	0.02621	0.02271	0.00151	0.02211	0.00531	0.06416	0.00502
5	0.08580	0.10021	0.02760	0.00995	0.06404	0.14871	0.03269	0.17208	0.05369	0.04854	0.02707	0.02975	0.02780	0.00611	0.00509	0.07007	0.00486	0.03919	0.00309	0.04365

[dist]
# distance from previous block
# <min> <max>
0	25

[block]
# block no. 10 follows, 60 sequences, length 33
# corresponding to MSA columns:
# 427-459
name=unknown_K
#
# <colnr> <probs for GDERKNQSTAVLIFYWHMCP>
#	G	D	E	R	K	N	Q	S	T	A	V	L	I	F	Y	W	H	M	C	P
0	0.03039	0.10418	0.19322	0.06319	0.08027	0.04861	0.05316	0.02674	0.08249	0.01365	0.05032	0.05899	0.05552	0.02956	0.01751	0.00148	0.00495	0.01660	0.00271	0.06644
1	0.00573	0.00486	0.00504	0.00502	0.00633	0.02667	0.00376	0.00704	0.01043	0.01296	0.20686	0.08737	0.56335	0.01059	0.00516	0.00147	0.00239	0.02698	0.00416	0.00381
2	0.01203	0.03396	0.03593	0.02817	0.01221	0.03714	0.00748	0.18588	0.48344	0.03705	0.01465	0.01453	0.01112	0.02985	0.03528	0.00169	0.00439	0.00452	0.00404	0.00664
3	0.02406	0.15057	0.43985	0.01088	0.03157	0.08380	0.02631	0.02862	0.02004	0.04198	0.02037	0.02194	0.02105	0.00445	0.00392	0.00125	0.00568	0.00342	0.00227	0.05795
4	0.01201	0.18093	0.24338	0.01064	0.01453	0.20909	0.05378	0.10132	0.05679	0.01404	0.01923	0.04832	0.00781	0.00485	0.00400	0.00125	0.00590	0.00372	0.00253	0.00588
5	0.01096	0.71161	0.10226	0.00787	0.01165	0.01565	0.00811	0.01268	0.00886	0.01067	0.00740	0.06128	0.00709	0.00441	0.00311	0.00103	0.00471	0.00307	0.00200	0.00555
6	0.00799	0.00762	0.03547	0.15937	0.14906	0.00742	0.07978	0.04558	0.01008	0.01336	0.09688	0.08166	0.21391	0.05057	0.00588	0.00159	0.01939	0.00643	0.00310	0.00488
7	0.14326	0.01050	0.05078	0.10302	0.05327	0.08186	0.01804	0.14492	0.01150	0.19157	0.01013	0.01110	0.00736	0.00563	0.02360	0.00150	0.08188	0.00368	0.04044	0.00596
8	0.00537	0.00442	0.00468	0.00462	0.00596	0.00378	0.00343	0.00660	0.01023	0.01265	0.17733	0.03985	0.65354	0.04124	0.00578	0.00156	0.00226	0.00887	0.00413	0.00372
9	0.01374	0.00665	0.00838	0.00686	0.00940	0.00600	0.00549	0.07964	0.01230	0.42489	0.13398	0.06362	0.14755	0.00715	0.00461	0.00136	0.00320	0.00598	0.02644	0.03276
10	0.03951	0.17908	0.17252	0.04099	0.07019	0.18071	0.04973	0.17810	0.02316	0.01548	0.00796	0.00911	0.00619	0.00435	0.00391	0.00123	0.00585	0.00327	0.00256	0.00610
11	0.00552	0.00415	0.00506	0.00541	0.00619	0.00375	0.00381	0.00667	0.00971	0.01279	0.22519	0.38845	0.25406	0.04121	0.00593	0.00168	0.00238	0.01017	0.00419	0.00369
12	0.01096	0.01104	0.03842	0.09129	0.60789	0.05309	0.05111	0.04260	0.01033	0.01430	0.00830	0.01080	0.00679	0.00402	0.00432	0.00131	0.00544	0.00388	0.01756	0.00655
13	0.05153	0.10758	0.09722	0.01032	0.04924	0.04606	0.07341	0.16892	0.06171	0.05119	0.03134	0.03745	0.04283	0.00796	0.07051	0.03368	0.04594	0.00435	0.00304	0.00574
14	0.10936	0.00951	0.00957	0.00823	0.01074	0.07564	0.00655	0.15296	0.25677	0.13968	0.06587	0.01532	0.01225	0.00712	0.04729	0.00167	0.00437	0.02480	0.03613	0.00616
15	0.00698	0.00540	0.00696	0.01885	0.04013	0.00514	0.03028	0.02112	0.04030	0.05036	0.05993	0.20010	0.37274	0.02786	0.02886	0.00177	0.01991	0.05517	0.00388	0.00427
16	0.01000	0.05254	0.03183	0.06363	0.03845	0.05409	0.02695	0.13183	0.10738	0.03940	0.02898	0.12136	0.05381	0.10604	0.06267	0.01948	0.01702	0.02611	0.00332	0.00512
17	0.01203	0.04230	0.03329	0.10917	0.11958	0.26986	0.08779	0.04953	0.07129	0.03881	0.01201	0.05452	0.05866	0.00543	0.00438	0.00133	0.00581	0.01590	0.00276	0.00555
18	0.00722	0.00511	0.00643	0.00645	0.00755	0.02616	0.02907	0.00842	0.00960	0.08490	0.09160	0.40445	0.19506	0.02562	0.02198	0.00177	0.00312	0.05733	0.00407	0.00410
19	0.01138	0.07654	0.31596	0.02663	0.10333	0.11047	0.11890	0.09310	0.02567	0.04144	0.00893	0.03203	0.00697	0.00450	0.00425	0.00133	0.00605	0.00383	0.00245	0.00622
20	0.01134	0.02107	0.01234	0.06115	0.18925	0.13887	0.04248	0.08228	0.14340	0.05196	0.03848	0.09590	0.03989	0.01758	0.00478	0.00143	0.00483	0.03387	0.00328	0.00581
21	0.00933	0.01092	0.11199	0.30259	0.07870	0.01011	0.27452	0.01251	0.00930	0.02897	0.00901	0.01202	0.02077	0.00545	0.03562	0.00167	0.05451	0.00435	0.00215	0.00551
22	0.04013	0.00738	0.02245	0.00692	0.02134	0.08008	0.02354	0.05268	0.05138	0.03396	0.18107	0.07780	0.34624	0.00884	0.00487	0.00143	0.00329	0.02813	0.00394	0.00454
23	0.03731	0.08420	0.12963	0.01294	0.14825	0.11446	0.04656	0.12687	0.09084	0.08650	0.02274	0.01153	0.02299	0.00488	0.00459	0.00132	0.04122	0.00385	0.00300	0.00631
24	0.03777	0.02510	0.13193	0.03310	0.15714	0.07114	0.04336	0.11220	0.01088	0.04342	0.04979	0.04662	0.04466	0.00849	0.08785	0.00197	0.05945	0.02663	0.00285	0.00568
25	0.00658	0.00467	0.00647	0.00719	0.03716	0.00439	0.02543	0.00783	0.02066	0.05402	0.04240	0.57495	0.10352	0.02519	0.02233	0.00183	0.00306	0.04433	0.00397	0.00402
26	0.01016	0.09783	0.36499	0.04177	0.01683	0.03414	0.12471	0.04355	0.03851	0.04185	0.00964	0.01115	0.03623	0.00487	0.00543	0.00141	0.10480	0.00384	0.00231	0.00597
27	0.04946	0.07580	0.08947	0.04711	0.12740	0.05788	0.03790	0.10654	0.04519	0.09638	0.05920	0.04951	0.06261	0.00576	0.00457	0.00135	0.02987	0.01323	0.03495	0.00583
28	0.00968	0.03980	0.12700	0.21937	0.22952	0.01018	0.12273	0.02824	0.00973	0.02959	0.05123	0.01267	0.02776	0.00474	0.00507	0.00141	0.05888	0.00426	0.00233	0.00581
29	0.00656	0.00512	0.00583	0.01767	0.02075	0.01854	0.00437	0.03583	0.01060	0.03448	0.18433	0.17562	0.41485	0.01045	0.00516	0.00151	0.00263	0.03748	0.00415	0.00408
30	0.04172	0.17881	0.14937	0.06337	0.05405	0.09745	0.03608	0.13313	0.01119	0.05558	0.02220	0.01195	0.02865	0.02138	0.04122	0.00158	0.02692	0.01686	0.00269	0.00580
31	0.04497	0.18350	0.18555	0.01190	0.10000	0.03880	0.09153	0.07306	0.04432	0.05322	0.04263	0.05478	0.01995	0.00541	0.01435	0.00138	0.02177	0.00422	0.00271	0.00594
32	0.00908	0.02809	0.04660	0.03094	0.01032	0.00788	0.02002	0.11163	0.15256	0.04736	0.05187	0.05956	0.21394	0.01166	0.13311	0.00232	0.03536	0.01883	0.00365	0.00520

[dist]
# distance from previous block
# <min> <max>
9	31

[block]
# block no. 11 follows, 60 sequences, length 6
# corresponding to MSA columns:
# 497-502
name=unknown_L
#
# <colnr> <probs for GDERKNQSTAVLIFYWHMCP>
#	G	D	E	R	K	N	Q	S	T	A	V	L	I	F	Y	W	H	M	C	P
0	0.03421	0.04613	0.02765	0.08570	0.02851	0.16367	0.06057	0.17489	0.08537	0.03976	0.00954	0.02806	0.00759	0.00511	0.00484	0.02476	0.03883	0.00376	0.00299	0.12807
1	0.01003	0.03130	0.07516	0.18798	0.36676	0.07771	0.04256	0.01299	0.04209	0.01306	0.01080	0.05564	0.04511	0.00496	0.00439	0.00136	0.00536	0.00449	0.00237	0.00590
2	0.00987	0.11171	0.23168	0.05079	0.06527	0.03514	0.04044	0.07919	0.04240	0.04075	0.04065	0.03683	0.09930	0.02859	0.00483	0.00143	0.00488	0.04902	0.00288	0.02434
3	0.00853	0.00715	0.03565	0.19225	0.07664	0.00706	0.00749	0.06815	0.05195	0.05935	0.11909	0.12636	0.18345	0.00787	0.00482	0.00147	0.00379	0.03038	0.00357	0.00497
4	0.03413	0.00747	0.01215	0.09589	0.05874	0.00732	0.16643	0.05364	0.01045	0.16697	0.03832	0.25772	0.05642	0.00762	0.00489	0.00151	0.00432	0.00707	0.00361	0.00533
5	0.00949	0.00873	0.01397	0.23812	0.41748	0.00929	0.01109	0.04386	0.04355	0.01368	0.01218	0.09252	0.05630	0.00550	0.00450	0.00140	0.00484	0.00505	0.00257	0.00587

[dist]
# distance from previous block
# <min> <max>
0	4

[block]
# block no. 12 follows, 60 sequences, length 58
# corresponding to MSA columns:
# 507-564
name=unknown_M
#
# <colnr> <probs for GDERKNQSTAVLIFYWHMCP>
#	G	D	E	R	K	N	Q	S	T	A	V	L	I	F	Y	W	H	M	C	P
0	0.02688	0.01246	0.09194	0.06751	0.05429	0.15325	0.07900	0.13294	0.13783	0.01554	0.02600	0.03598	0.03122	0.00712	0.05142	0.00172	0.03848	0.02760	0.00303	0.00578
1	0.00785	0.00649	0.02985	0.05996	0.05471	0.01763	0.04925	0.00946	0.00879	0.06302	0.05284	0.24627	0.06347	0.04075	0.16843	0.00274	0.06542	0.03297	0.01563	0.00446
2	0.00585	0.00438	0.00606	0.00755	0.06211	0.00415	0.00486	0.00685	0.00866	0.01156	0.03674	0.67286	0.04961	0.02997	0.00584	0.00179	0.00284	0.07061	0.00390	0.00380
3	0.02325	0.00906	0.01513	0.29335	0.25610	0.02227	0.12647	0.02735	0.02279	0.05599	0.03011	0.02690	0.04861	0.00493	0.00454	0.00141	0.00533	0.01813	0.00257	0.00571
4	0.03709	0.00810	0.01047	0.04827	0.06271	0.03147	0.06847	0.10832	0.12454	0.11717	0.07180	0.10683	0.11491	0.00738	0.00477	0.00148	0.00399	0.06273	0.00390	0.00559
5	0.01042	0.00987	0.01650	0.17611	0.54144	0.02835	0.06028	0.01300	0.00971	0.03415	0.00870	0.02839	0.00726	0.00476	0.01848	0.00145	0.01845	0.00414	0.00224	0.00628
6	0.01059	0.00923	0.01434	0.11163	0.45436	0.03614	0.03225	0.02663	0.02902	0.07348	0.02492	0.07141	0.03819	0.01961	0.00482	0.00143	0.00486	0.02823	0.00277	0.00609
7	0.00769	0.00627	0.02212	0.04836	0.02602	0.03647	0.02266	0.05149	0.02215	0.04509	0.12455	0.36297	0.09850	0.02964	0.02510	0.00177	0.01599	0.04497	0.00383	0.00436
8	0.01031	0.00633	0.00799	0.00757	0.02748	0.00631	0.00561	0.11746	0.02151	0.18350	0.07966	0.32734	0.09141	0.02232	0.00574	0.00160	0.04395	0.02456	0.00426	0.00511
9	0.00889	0.04237	0.45011	0.02540	0.04752	0.00973	0.10266	0.01374	0.09672	0.01399	0.03925	0.06994	0.03466	0.00537	0.00461	0.00142	0.02048	0.00463	0.00251	0.00600
10	0.01113	0.00985	0.02626	0.10774	0.46347	0.02663	0.04064	0.07543	0.02955	0.06935	0.02792	0.05201	0.03056	0.00496	0.00445	0.00135	0.00496	0.00459	0.00277	0.00637
11	0.01376	0.01271	0.01178	0.01035	0.03407	0.25914	0.02896	0.22895	0.05142	0.07561	0.01065	0.04336	0.00889	0.02811	0.08641	0.00197	0.06743	0.01742	0.00325	0.00576
12	0.00578	0.00444	0.00638	0.00702	0.02432	0.00419	0.04071	0.00683	0.00867	0.01152	0.04419	0.63467	0.08409	0.02877	0.03606	0.00196	0.00319	0.03960	0.00385	0.00376
13	0.03273	0.05856	0.16888	0.01064	0.05195	0.14058	0.02954	0.16585	0.11842	0.01622	0.02638	0.09072	0.03473	0.00602	0.00436	0.00137	0.00511	0.02884	0.00317	0.00592
14	0.01085	0.01134	0.05373	0.17031	0.23087	0.13470	0.06030	0.04440	0.08342	0.03264	0.03865	0.07556	0.00997	0.00532	0.00461	0.00138	0.01874	0.00467	0.00272	0.00579
15	0.02686	0.00832	0.01001	0.00839	0.01076	0.03889	0.05019	0.20309	0.07533	0.20341	0.03781	0.17992	0.03203	0.01899	0.04135	0.00171	0.00429	0.00609	0.03667	0.00587
16	0.00818	0.00643	0.00726	0.00698	0.00817	0.05116	0.02207	0.12420	0.01060	0.01424	0.04943	0.35256	0.08961	0.03652	0.07353	0.00206	0.01524	0.02547	0.09193	0.00436
17	0.04820	0.06102	0.08286	0.03491	0.15990	0.14716	0.05671	0.14712	0.08203	0.04602	0.02991	0.02993	0.04499	0.00511	0.00424	0.00131	0.00525	0.00420	0.00302	0.00610
18	0.01066	0.00970	0.01108	0.03183	0.01192	0.15620	0.11076	0.12975	0.01131	0.05275	0.04521	0.13881	0.05086	0.05609	0.13219	0.00243	0.00611	0.02416	0.00323	0.00497
19	0.00753	0.00687	0.04058	0.05398	0.05725	0.00648	0.11113	0.05251	0.02076	0.01280	0.05317	0.33390	0.02808	0.05526	0.11003	0.01576	0.00504	0.02115	0.00324	0.00449
20	0.02509	0.08896	0.16128	0.01052	0.01370	0.25610	0.06830	0.08756	0.06549	0.02632	0.01065	0.06432	0.02368	0.01698	0.02847	0.00152	0.02082	0.02193	0.00273	0.00558
21	0.01316	0.01739	0.15254	0.01430	0.09410	0.36979	0.17622	0.07015	0.02653	0.01354	0.00796	0.00952	0.00620	0.00428	0.00430	0.00128	0.00697	0.00359	0.00235	0.00584
22	0.00697	0.00505	0.00631	0.00702	0.00761	0.00461	0.00487	0.00761	0.00981	0.01323	0.10423	0.63120	0.07682	0.01409	0.02519	0.00209	0.00327	0.06112	0.00452	0.00439
23	0.01058	0.06600	0.20459	0.02318	0.05233	0.08129	0.05989	0.07600	0.08108	0.05794	0.05213	0.09395	0.02346	0.00632	0.00493	0.00143	0.04064	0.05543	0.00307	0.00574
24	0.03046	0.01265	0.19070	0.01191	0.06841	0.03534	0.10382	0.08039	0.24440	0.05269	0.01297	0.05444	0.02032	0.00562	0.00487	0.00145	0.03688	0.02317	0.00325	0.00629
25	0.00609	0.00457	0.00547	0.00565	0.00668	0.00423	0.00413	0.00798	0.05470	0.02793	0.22643	0.30164	0.28195	0.01102	0.00526	0.00156	0.00243	0.03399	0.00428	0.00400
26	0.00757	0.00648	0.01021	0.04618	0.23646	0.00639	0.04670	0.03049	0.00933	0.01267	0.01840	0.46472	0.04370	0.00970	0.00512	0.00160	0.00374	0.03243	0.00335	0.00478
27	0.03092	0.09748	0.07907	0.04148	0.02738	0.17457	0.03790	0.11783	0.02060	0.01417	0.06350	0.11129	0.04567	0.00784	0.04738	0.00166	0.05549	0.01760	0.00294	0.00522
28	0.03183	0.09324	0.09093	0.01744	0.29284	0.07528	0.16907	0.09337	0.01093	0.03207	0.00823	0.01016	0.00653	0.00425	0.00473	0.00132	0.04526	0.00382	0.00241	0.00630
29	0.00522	0.00433	0.00458	0.00471	0.00598	0.00368	0.00346	0.00632	0.00982	0.01195	0.07700	0.15739	0.66788	0.01133	0.00521	0.00151	0.00225	0.00961	0.00408	0.00368
30	0.01218	0.33644	0.27050	0.01011	0.01430	0.22331	0.01046	0.05356	0.01044	0.01233	0.00701	0.00808	0.00567	0.00413	0.00359	0.00114	0.00605	0.00281	0.00208	0.00581
31	0.01154	0.23837	0.04263	0.02933	0.06361	0.11955	0.04751	0.03068	0.06891	0.08650	0.02685	0.08507	0.01153	0.00615	0.00450	0.00134	0.02898	0.08841	0.00299	0.00554
32	0.01755	0.00932	0.01107	0.00856	0.01185	0.00939	0.00705	0.35003	0.03413	0.43047	0.01424	0.01311	0.00945	0.00533	0.00431	0.00132	0.00408	0.00419	0.04733	0.00724
33	0.01089	0.03487	0.02541	0.02914	0.08778	0.06506	0.06424	0.12243	0.06555	0.09480	0.08683	0.10405	0.10651	0.00766	0.02420	0.00156	0.03865	0.02122	0.00360	0.00555
34	0.02989	0.17022	0.03479	0.00885	0.01138	0.13141	0.04626	0.09414	0.19835	0.02650	0.01307	0.09728	0.02567	0.07407	0.00562	0.00156	0.00470	0.01747	0.00322	0.00555
35	0.01549	0.03865	0.01273	0.04594	0.01413	0.71335	0.02603	0.01698	0.02663	0.02539	0.02164	0.00881	0.00651	0.00457	0.00399	0.00116	0.00744	0.00305	0.00237	0.00514
36	0.00913	0.00774	0.04252	0.00938	0.07953	0.05004	0.05303	0.05267	0.01115	0.08885	0.27059	0.16037	0.07808	0.00887	0.03056	0.00162	0.03003	0.00701	0.00385	0.00497
37	0.01054	0.02995	0.10650	0.01002	0.01262	0.09990	0.11476	0.06320	0.07358	0.07864	0.10897	0.09974	0.04992	0.02132	0.00580	0.00151	0.07350	0.03078	0.00334	0.00540
38	0.00607	0.00468	0.00615	0.00647	0.00738	0.00451	0.02311	0.00793	0.05183	0.01255	0.10759	0.38926	0.17278	0.01297	0.05509	0.00200	0.00334	0.11834	0.00400	0.00395
39	0.00807	0.00601	0.00833	0.01941	0.09482	0.00612	0.02719	0.05089	0.02399	0.05212	0.18448	0.04396	0.08775	0.20320	0.14829	0.00300	0.01841	0.00617	0.00337	0.00444
40	0.02348	0.14895	0.16473	0.01316	0.13905	0.16933	0.05525	0.08905	0.02517	0.05503	0.00883	0.01007	0.02044	0.00460	0.00461	0.00128	0.05490	0.00349	0.00251	0.00606
41	0.01119	0.00799	0.01030	0.00864	0.01107	0.00827	0.08051	0.07270	0.31184	0.15341	0.15141	0.07355	0.06598	0.00689	0.00472	0.00145	0.00359	0.00603	0.00440	0.00605
42	0.00561	0.00395	0.00526	0.00614	0.00644	0.00377	0.00420	0.00636	0.00822	0.01096	0.02241	0.67576	0.02651	0.07743	0.02952	0.02534	0.00306	0.07176	0.00384	0.00348
43	0.01098	0.01311	0.21078	0.03281	0.14127	0.03911	0.08654	0.18164	0.06726	0.02871	0.06003	0.08580	0.01110	0.00558	0.00452	0.00139	0.00516	0.00489	0.00308	0.00623
44	0.06314	0.07777	0.10186	0.05384	0.08651	0.10897	0.12703	0.15724	0.05860	0.08220	0.01057	0.01150	0.03199	0.00468	0.00421	0.00132	0.00547	0.00394	0.00299	0.00619
