[name]
unknown

[dist]
# distance from previous block
# <min> <max>
0	50

[block]
# block no. 0 follows, 68 sequences, length 36
# corresponding to MSA columns:
# 61-90,97-102
name=unknown_A
#
# <colnr> <probs for GDERKNQSTAVLIFYWHMCP>
#	G	D	E	R	K	N	Q	S	T	A	V	L	I	F	Y	W	H	M	C	P
0	0.05669	0.02682	0.44014	0.00933	0.02825	0.02193	0.01023	0.08067	0.03439	0.02542	0.06415	0.02962	0.06706	0.02530	0.00444	0.00132	0.02104	0.02372	0.00248	0.02700
1	0.05164	0.04047	0.02277	0.03306	0.07028	0.05077	0.00711	0.28735	0.26072	0.04119	0.05403	0.01297	0.04005	0.00506	0.00390	0.00123	0.00390	0.00404	0.00354	0.00594
2	0.00962	0.12818	0.13447	0.03234	0.09193	0.05829	0.03027	0.05627	0.02457	0.07825	0.02054	0.07181	0.09283	0.00504	0.00372	0.00110	0.00411	0.00416	0.00265	0.14985
3	0.00876	0.08398	0.36091	0.03689	0.02867	0.03965	0.04636	0.02731	0.06937	0.02831	0.03101	0.03690	0.00762	0.00522	0.03615	0.00135	0.01881	0.00347	0.00224	0.12702
4	0.02368	0.10018	0.23971	0.02696	0.02651	0.03430	0.17178	0.03901	0.03931	0.13302	0.01876	0.06267	0.00822	0.00463	0.00408	0.00124	0.01677	0.01706	0.00261	0.02953
5	0.00858	0.08862	0.01418	0.34441	0.21831	0.00964	0.08286	0.01142	0.05799	0.01150	0.03126	0.02726	0.01943	0.00437	0.00446	0.00127	0.05339	0.00387	0.00210	0.00506
6	0.03259	0.20501	0.18085	0.09210	0.04843	0.03992	0.00833	0.06007	0.03217	0.01251	0.03655	0.07110	0.00825	0.00446	0.00348	0.00107	0.00429	0.00355	0.01180	0.14346
7	0.01052	0.09359	0.06598	0.12543	0.13536	0.12597	0.09735	0.07408	0.06697	0.06561	0.01011	0.07917	0.02296	0.00480	0.00394	0.00122	0.00491	0.00416	0.00256	0.00531
8	0.00874	0.22959	0.03700	0.53592	0.05755	0.01078	0.00991	0.04643	0.00849	0.01077	0.00678	0.00934	0.00533	0.00383	0.00359	0.00118	0.00496	0.00315	0.00185	0.00481
9	0.00614	0.02141	0.00743	0.00686	0.00753	0.00608	0.02115	0.00729	0.00688	0.00960	0.01461	0.14563	0.10491	0.04272	0.41572	0.00396	0.16030	0.00566	0.00247	0.00365
10	0.02088	0.01328	0.32753	0.15498	0.15228	0.02553	0.12501	0.02424	0.00865	0.02709	0.00790	0.04106	0.00631	0.00421	0.00441	0.00129	0.04420	0.00372	0.00197	0.00543
11	0.03408	0.00933	0.05730	0.12261	0.19233	0.02556	0.11310	0.11763	0.07888	0.10236	0.03291	0.04992	0.00873	0.00465	0.00417	0.00127	0.01666	0.00418	0.01870	0.00563
12	0.00491	0.00357	0.00458	0.00533	0.00570	0.00330	0.00361	0.00565	0.00777	0.01023	0.03913	0.69425	0.11583	0.05076	0.00571	0.00168	0.00236	0.02878	0.00363	0.00322
13	0.00576	0.00386	0.00442	0.00442	0.00445	0.00389	0.00252	0.00582	0.00579	0.00776	0.01241	0.02548	0.01421	0.82364	0.05692	0.00396	0.00415	0.00570	0.00239	0.00245
14	0.01062	0.15134	0.10240	0.13659	0.24822	0.10463	0.03881	0.05879	0.00951	0.06089	0.00771	0.02345	0.00622	0.00402	0.00387	0.00116	0.02075	0.00332	0.00218	0.00551
15	0.00938	0.03728	0.10517	0.13076	0.23261	0.00934	0.07458	0.10654	0.13733	0.01407	0.01090	0.07314	0.03159	0.00486	0.00406	0.00127	0.00452	0.00436	0.00263	0.00561
16	0.00482	0.00366	0.00439	0.00495	0.00555	0.00329	0.00339	0.00559	0.00801	0.01021	0.02777	0.53615	0.30552	0.05032	0.00562	0.00162	0.00227	0.01001	0.00362	0.00323
17	0.01060	0.86304	0.02078	0.00678	0.01018	0.01569	0.00678	0.01187	0.00806	0.00933	0.00551	0.00636	0.00509	0.00339	0.00254	0.00085	0.00424	0.00212	0.00170	0.00509
18	0.00644	0.00542	0.00670	0.02547	0.03290	0.01910	0.04159	0.04537	0.05378	0.01328	0.24480	0.09146	0.34533	0.00819	0.00451	0.00129	0.00264	0.00708	0.01593	0.02873
19	0.03715	0.17133	0.14809	0.03512	0.10041	0.17741	0.08079	0.03137	0.05066	0.01164	0.00740	0.02168	0.00616	0.00507	0.03315	0.00135	0.07074	0.00322	0.00206	0.00518
20	0.24081	0.09537	0.03582	0.03755	0.15917	0.16590	0.01709	0.01211	0.00810	0.01247	0.00604	0.00785	0.00514	0.00437	0.00518	0.00125	0.17609	0.00283	0.00202	0.00485
21	0.01130	0.02615	0.04178	0.05583	0.09274	0.15249	0.02008	0.16085	0.34003	0.01569	0.01143	0.03522	0.00894	0.00487	0.00393	0.00124	0.00446	0.00394	0.00319	0.00584
22	0.88866	0.00767	0.00583	0.00521	0.00767	0.00889	0.00429	0.01166	0.00675	0.01779	0.00552	0.00644	0.00429	0.00368	0.00245	0.00123	0.00307	0.00215	0.00245	0.00429
23	0.00882	0.01118	0.19626	0.09436	0.32781	0.00877	0.14177	0.01189	0.02274	0.03051	0.04589	0.02631	0.00799	0.00520	0.04198	0.00148	0.00537	0.00395	0.00213	0.00558
24	0.00512	0.00392	0.00455	0.00459	0.00549	0.00351	0.00328	0.00625	0.00916	0.01196	0.28806	0.15980	0.36806	0.10077	0.00640	0.00162	0.00221	0.00815	0.00376	0.00335
25	0.01112	0.28857	0.02433	0.05430	0.01165	0.07232	0.00705	0.14926	0.29570	0.01467	0.01017	0.01030	0.00792	0.00442	0.00347	0.00112	0.00412	0.00333	0.02050	0.00568
26	0.00672	0.00487	0.00662	0.01990	0.07803	0.00481	0.01902	0.02424	0.04617	0.05241	0.03279	0.37941	0.07504	0.16491	0.05462	0.00216	0.00348	0.00779	0.01319	0.00382
27	0.02338	0.16066	0.20526	0.07194	0.08341	0.04743	0.08166	0.10576	0.03217	0.05174	0.00869	0.06227	0.00721	0.00445	0.00385	0.00118	0.01571	0.00369	0.00239	0.02713
28	0.08058	0.35645	0.09948	0.00815	0.01139	0.03506	0.04668	0.06581	0.19511	0.03940	0.00903	0.00971	0.00717	0.00417	0.00331	0.00111	0.00423	0.01506	0.00258	0.00551
29	0.00526	0.00366	0.00446	0.00490	0.00511	0.00350	0.00309	0.00563	0.00688	0.00907	0.01895	0.43057	0.08041	0.36659	0.01159	0.02285	0.00295	0.00858	0.00310	0.00285
30	0.00896	0.00876	0.03464	0.13436	0.32099	0.03977	0.10708	0.01915	0.06339	0.02752	0.04432	0.03699	0.05504	0.02442	0.00470	0.00132	0.02775	0.00438	0.03122	0.00526
31	0.00980	0.04537	0.13220	0.18174	0.26621	0.09926	0.03073	0.04104	0.03904	0.03091	0.00786	0.01017	0.00630	0.00483	0.02788	0.00138	0.04408	0.01368	0.00211	0.00542
32	0.07179	0.00699	0.00894	0.00700	0.00990	0.00644	0.00575	0.07178	0.02766	0.67050	0.01512	0.01353	0.03135	0.00567	0.02768	0.00138	0.00358	0.00398	0.00456	0.00640
33	0.00596	0.00404	0.00490	0.00512	0.00552	0.00392	0.00339	0.02808	0.00752	0.02896	0.06605	0.30195	0.05857	0.39559	0.01184	0.00258	0.00312	0.05661	0.00318	0.00309
34	0.02157	0.09664	0.14846	0.05726	0.34356	0.05069	0.06480	0.03021	0.00894	0.01234	0.03397	0.03094	0.00751	0.00432	0.00443	0.00123	0.05827	0.01727	0.00207	0.00552
35	0.03822	0.09499	0.12064	0.14232	0.26165	0.04508	0.05503	0.05001	0.04728	0.02239	0.03091	0.02751	0.02775	0.01477	0.00402	0.00124	0.00475	0.00374	0.00226	0.00541

[dist]
# distance from previous block
# <min> <max>
0	7

[block]
# block no. 1 follows, 68 sequences, length 23
# corresponding to MSA columns:
# 110-115,132-148
name=unknown_B
#
# <colnr> <probs for GDERKNQSTAVLIFYWHMCP>
#	G	D	E	R	K	N	Q	S	T	A	V	L	I	F	Y	W	H	M	C	P
0	0.00824	0.02835	0.10099	0.02231	0.04946	0.06176	0.05759	0.08156	0.07755	0.03170	0.03410	0.32687	0.03424	0.04210	0.00506	0.00148	0.00385	0.02508	0.00313	0.00458
1	0.05042	0.23695	0.06853	0.04895	0.06728	0.27387	0.07318	0.07184	0.00987	0.01171	0.00675	0.00819	0.00557	0.00507	0.04469	0.00132	0.00581	0.00288	0.00207	0.00506
2	0.00816	0.00800	0.01109	0.00964	0.00980	0.01093	0.00800	0.00909	0.00640	0.00968	0.00863	0.01222	0.07220	0.00833	0.05035	0.00192	0.72603	0.02338	0.00195	0.00420
3	0.00905	0.00708	0.00833	0.00605	0.00949	0.00551	0.00485	0.01117	0.04109	0.07915	0.00810	0.00891	0.00644	0.00319	0.00306	0.00067	0.00298	0.00256	0.00262	0.77969
4	0.00568	0.00535	0.07187	0.00597	0.00702	0.00425	0.00475	0.04645	0.00877	0.01173	0.10213	0.54393	0.12369	0.01060	0.00483	0.00150	0.00265	0.03154	0.00360	0.00368
5	0.07284	0.01014	0.05609	0.12658	0.30874	0.08998	0.02254	0.13754	0.01034	0.02358	0.00969	0.05220	0.04169	0.00459	0.00387	0.00122	0.00466	0.00392	0.01431	0.00546
6	0.03965	0.23347	0.13010	0.02382	0.04062	0.19247	0.04859	0.03786	0.07163	0.01947	0.00751	0.00889	0.00617	0.00612	0.07125	0.00154	0.05057	0.00301	0.00213	0.00510
7	0.05431	0.08067	0.01172	0.00923	0.03670	0.25812	0.00721	0.31953	0.05523	0.09306	0.00888	0.00923	0.00664	0.00507	0.02593	0.00126	0.00514	0.00319	0.00313	0.00574
8	0.01003	0.23344	0.06033	0.02084	0.04928	0.07253	0.01790	0.06442	0.00933	0.03807	0.05073	0.00920	0.00740	0.00382	0.00353	0.00091	0.03133	0.00286	0.00236	0.31170
9	0.06379	0.12821	0.41839	0.00942	0.03486	0.05853	0.01020	0.05885	0.00898	0.03175	0.02988	0.01096	0.03929	0.04773	0.03173	0.00148	0.00517	0.00334	0.00216	0.00527
10	0.03560	0.00656	0.04242	0.00660	0.00882	0.00569	0.00542	0.07827	0.01035	0.41019	0.01691	0.18509	0.05666	0.04600	0.00490	0.00143	0.00321	0.02331	0.04722	0.00534
11	0.00541	0.00427	0.00495	0.00515	0.00622	0.00396	0.00392	0.00724	0.06067	0.01187	0.14607	0.19106	0.40237	0.01005	0.00483	0.00145	0.00235	0.12076	0.00380	0.00361
12	0.06841	0.14502	0.15486	0.04196	0.13964	0.00951	0.08213	0.06997	0.00924	0.07213	0.02957	0.06831	0.02891	0.00568	0.03501	0.00141	0.02644	0.00401	0.00247	0.00531
13	0.00964	0.05746	0.19867	0.02331	0.12917	0.07004	0.18359	0.01279	0.05505	0.05671	0.03509	0.02128	0.00792	0.02082	0.01181	0.00136	0.06982	0.01457	0.01555	0.00537
14	0.00520	0.00397	0.00484	0.00507	0.00597	0.00354	0.00369	0.00636	0.00896	0.01185	0.21470	0.34707	0.26230	0.01025	0.00480	0.00142	0.00222	0.05363	0.00378	0.04038
15	0.00666	0.00412	0.00487	0.00468	0.00508	0.00404	0.00293	0.00700	0.00664	0.07477	0.04674	0.02508	0.05806	0.65982	0.07050	0.00356	0.00407	0.00572	0.00273	0.00293
16	0.03152	0.12072	0.05882	0.05212	0.14801	0.19006	0.14612	0.02105	0.03790	0.07542	0.00810	0.00952	0.01542	0.00413	0.00441	0.00119	0.06450	0.00339	0.00226	0.00532
17	0.01422	0.00891	0.01032	0.00881	0.05117	0.02830	0.00675	0.42131	0.01440	0.25802	0.01278	0.12485	0.01020	0.00576	0.00411	0.00125	0.00388	0.00470	0.00406	0.00620
18	0.00552	0.00396	0.00497	0.00547	0.00600	0.00379	0.00400	0.00643	0.00790	0.01034	0.06446	0.27598	0.12459	0.23213	0.00904	0.00220	0.00301	0.22369	0.00338	0.00317
19	0.01017	0.62324	0.01707	0.00681	0.00960	0.02891	0.00639	0.04394	0.00842	0.02881	0.00736	0.04359	0.00679	0.00614	0.07047	0.00138	0.02794	0.00290	0.04519	0.00489
20	0.07777	0.06046	0.06049	0.03192	0.04987	0.11370	0.10911	0.12587	0.09433	0.07624	0.02112	0.03847	0.01675	0.00565	0.03433	0.01469	0.00476	0.00385	0.05537	0.00527
21	0.02834	0.12969	0.05366	0.01043	0.05731	0.45534	0.02624	0.13186	0.03389	0.01258	0.00695	0.00790	0.00560	0.00411	0.00371	0.00107	0.02101	0.00282	0.00231	0.00518
22	0.08315	0.07095	0.07989	0.06106	0.19375	0.12919	0.03747	0.05984	0.05790	0.07905	0.00818	0.00980	0.00647	0.00439	0.00463	0.00124	0.09101	0.01416	0.00244	0.00545

[dist]
# distance from previous block
# <min> <max>
0	56

[block]
# block no. 2 follows, 68 sequences, length 46
# corresponding to MSA columns:
# 205-250
name=unknown_C
#
# <colnr> <probs for GDERKNQSTAVLIFYWHMCP>
#	G	D	E	R	K	N	Q	S	T	A	V	L	I	F	Y	W	H	M	C	P
0	0.05052	0.58452	0.03334	0.03476	0.04225	0.05231	0.00705	0.07055	0.02103	0.01126	0.00759	0.03374	0.02877	0.00405	0.00297	0.00098	0.00428	0.00285	0.00207	0.00510
1	0.15215	0.07847	0.02701	0.02108	0.13926	0.13104	0.05094	0.22405	0.03083	0.05439	0.00783	0.00881	0.00602	0.00422	0.00404	0.00119	0.04718	0.00316	0.00272	0.00559
2	0.00806	0.02066	0.02104	0.02038	0.06561	0.00558	0.00516	0.09256	0.01039	0.09035	0.28497	0.07460	0.13054	0.05917	0.05395	0.01893	0.00334	0.01389	0.01646	0.00436
3	0.00515	0.00402	0.00459	0.00446	0.00555	0.00355	0.00330	0.00648	0.00982	0.01281	0.38472	0.03379	0.44343	0.05427	0.00550	0.00143	0.00205	0.00771	0.00391	0.00347
4	0.01123	0.62290	0.01826	0.00767	0.01077	0.13550	0.03834	0.04861	0.02199	0.01053	0.00633	0.00724	0.00550	0.00363	0.00287	0.00092	0.00466	0.00244	0.03553	0.00507
5	0.00561	0.00382	0.00452	0.00465	0.00477	0.00381	0.00281	0.00581	0.00616	0.00822	0.01446	0.14358	0.04123	0.63924	0.07718	0.01839	0.00405	0.00648	0.00259	0.00262
6	0.03025	0.26521	0.20961	0.01046	0.06155	0.17196	0.07566	0.05526	0.01740	0.05752	0.00719	0.00818	0.00562	0.00380	0.00345	0.00109	0.00533	0.00289	0.00213	0.00544
7	0.00971	0.50108	0.17985	0.02513	0.04260	0.02698	0.04543	0.03626	0.00878	0.01113	0.05102	0.00938	0.02973	0.00397	0.00319	0.00102	0.00457	0.00297	0.00199	0.00520
8	0.00577	0.00384	0.00432	0.00432	0.00432	0.00384	0.00240	0.00577	0.00577	0.00769	0.01249	0.02595	0.01441	0.86066	0.02018	0.00384	0.00384	0.00577	0.00240	0.00240
9	0.00947	0.02270	0.06444	0.09900	0.46174	0.07513	0.08837	0.02172	0.00905	0.01218	0.00880	0.01129	0.03540	0.00532	0.04856	0.00148	0.00541	0.01232	0.00204	0.00556
10	0.00943	0.03545	0.10929	0.10257	0.29975	0.01898	0.09366	0.09667	0.05009	0.02393	0.02036	0.06135	0.05135	0.00474	0.00407	0.00125	0.00467	0.00433	0.00247	0.00558
11	0.00568	0.00419	0.00608	0.00608	0.00669	0.00480	0.00459	0.00689	0.00629	0.00899	0.01089	0.01705	0.01055	0.14785	0.72771	0.00601	0.00966	0.00446	0.00216	0.00338
12	0.00759	0.00473	0.00589	0.00589	0.00691	0.02380	0.00437	0.02464	0.00942	0.13964	0.20067	0.38949	0.05446	0.02893	0.00512	0.00151	0.00266	0.07632	0.00396	0.00400
13	0.08326	0.02254	0.07037	0.03376	0.08436	0.01482	0.04774	0.11361	0.12727	0.03354	0.01612	0.14923	0.12000	0.02070	0.00440	0.00137	0.00365	0.03127	0.01703	0.00495
14	0.00959	0.00951	0.09406	0.03774	0.18711	0.03147	0.07254	0.05318	0.19305	0.06671	0.05378	0.08290	0.02897	0.00553	0.00452	0.00132	0.03658	0.02288	0.00301	0.00554
15	0.01502	0.00756	0.00927	0.00750	0.01030	0.00751	0.00607	0.06247	0.28222	0.52352	0.01548	0.01371	0.01041	0.00506	0.00400	0.00126	0.00335	0.00413	0.00457	0.00659
16	0.00843	0.17209	0.69271	0.01049	0.01590	0.01037	0.01323	0.01243	0.00831	0.01198	0.00683	0.00801	0.00503	0.00370	0.00355	0.00118	0.00557	0.00278	0.00168	0.00572
17	0.02300	0.14103	0.07287	0.06135	0.05660	0.06224	0.08168	0.16673	0.10893	0.07431	0.05424	0.02690	0.01699	0.00465	0.00396	0.00119	0.01849	0.00382	0.00292	0.01810
18	0.00964	0.01101	0.02094	0.05992	0.01960	0.07721	0.65065	0.01257	0.00918	0.01208	0.00760	0.01025	0.00584	0.00371	0.00519	0.00134	0.07177	0.00435	0.00197	0.00516
19	0.00471	0.00391	0.00413	0.00430	0.00543	0.00332	0.00314	0.00566	0.00876	0.01060	0.03666	0.19524	0.67950	0.01050	0.00476	0.00139	0.00206	0.00892	0.00368	0.00332
20	0.00834	0.02282	0.15032	0.14250	0.14716	0.00710	0.02135	0.02540	0.02126	0.08317	0.04119	0.19953	0.03802	0.00676	0.00498	0.05035	0.01681	0.00547	0.00270	0.00479
21	0.00984	0.00877	0.05204	0.12497	0.21958	0.04088	0.11859	0.05344	0.00946	0.11574	0.01965	0.11775	0.03380	0.00616	0.03372	0.00147	0.02130	0.00485	0.00269	0.00527
22	0.70380	0.00722	0.00606	0.00549	0.00771	0.00817	0.00441	0.04219	0.00752	0.05442	0.00820	0.11472	0.00742	0.00488	0.00291	0.00127	0.00303	0.00344	0.00278	0.00436
23	0.00582	0.00383	0.00436	0.00436	0.00436	0.00383	0.00245	0.00574	0.00574	0.00765	0.01223	0.02530	0.01406	0.82125	0.01996	0.04483	0.00383	0.00566	0.00237	0.00237
24	0.01038	0.07646	0.11608	0.04897	0.12238	0.14497	0.13396	0.04373	0.00945	0.07093	0.02190	0.07881	0.02672	0.00498	0.00471	0.00126	0.07254	0.00419	0.00240	0.00518
25	0.01060	0.01002	0.01426	0.11786	0.29205	0.11805	0.14602	0.04987	0.04835	0.07629	0.02450	0.01213	0.05330	0.00432	0.00408	0.00122	0.00504	0.00401	0.00251	0.00552
26	0.00492	0.00384	0.00442	0.00474	0.00560	0.00340	0.00340	0.00588	0.00858	0.01083	0.09485	0.31183	0.43230	0.04940	0.00555	0.00155	0.00224	0.03970	0.00368	0.00330
27	0.01060	0.86304	0.02078	0.00678	0.01018	0.01569	0.00678	0.01187	0.00806	0.00933	0.00551	0.00636	0.00509	0.00339	0.00254	0.00085	0.00424	0.00212	0.00170	0.00509
28	0.00982	0.03846	0.04962	0.10861	0.21175	0.00862	0.10723	0.08446	0.09587	0.08610	0.04213	0.11836	0.01069	0.00528	0.00416	0.00129	0.00433	0.00485	0.00288	0.00549
29	0.01062	0.71886	0.01936	0.00826	0.07057	0.04750	0.00717	0.01241	0.04555	0.00994	0.00622	0.00713	0.00555	0.00382	0.01227	0.00096	0.00441	0.00237	0.00184	0.00519
30	0.08000	0.03218	0.02740	0.01164	0.09087	0.24860	0.11068	0.08813	0.00993	0.07314	0.00727	0.00880	0.00579	0.00461	0.00568	0.00127	0.18323	0.00327	0.00237	0.00516
31	0.01097	0.79161	0.02000	0.00702	0.01035	0.04765	0.00685	0.04890	0.00866	0.01005	0.00572	0.00653	0.00516	0.00348	0.00265	0.00087	0.00436	0.00220	0.00181	0.00514
32	0.88866	0.00767	0.00583	0.00521	0.00767	0.00889	0.00429	0.01166	0.00675	0.01779	0.00552	0.00644	0.00429	0.00368	0.00245	0.00123	0.00307	0.00215	0.00245	0.00429
33	0.00849	0.00783	0.01277	0.24473	0.44867	0.00828	0.01013	0.02951	0.00869	0.01186	0.01049	0.03993	0.06090	0.06407	0.00517	0.00143	0.00453	0.01515	0.00217	0.00519
34	0.00485	0.00382	0.00437	0.00466	0.00556	0.00335	0.00333	0.00584	0.00879	0.01112	0.12746	0.32438	0.45713	0.01065	0.00482	0.00142	0.00209	0.00924	0.00376	0.00335
35	0.06639	0.10575	0.01194	0.09010	0.18802	0.20288	0.01526	0.03183	0.05252	0.05587	0.02185	0.06081	0.02324	0.02050	0.00397	0.00120	0.00468	0.00379	0.03437	0.00504
36	0.00928	0.00738	0.01086	0.09831	0.27283	0.00743	0.01999	0.04575	0.08058	0.08656	0.02755	0.07549	0.03064	0.05330	0.04944	0.00161	0.00428	0.01254	0.00278	0.10339
37	0.01230	0.07414	0.20254	0.00982	0.05128	0.05608	0.01744	0.25116	0.06305	0.14477	0.02442	0.01063	0.02016	0.00461	0.00420	0.00121	0.03949	0.00353	0.00312	0.00603
38	0.00919	0.41467	0.45681	0.00919	0.01389	0.01224	0.01097	0.01224	0.00822	0.01105	0.00637	0.00743	0.00505	0.00359	0.00319	0.00106	0.00510	0.00255	0.00168	0.00550
39	0.00526	0.00380	0.00475	0.00501	0.00556	0.00354	0.00345	0.00626	0.00863	0.01166	0.28455	0.34097	0.11654	0.15801	0.00753	0.00185	0.00242	0.02326	0.00368	0.00327
40	0.01105	0.00979	0.07634	0.06496	0.10833	0.05703	0.04566	0.26222	0.02396	0.08546	0.06675	0.03420	0.06818	0.03840	0.02126	0.00144	0.00447	0.01183	0.00319	0.00549
41	0.03232	0.05761	0.03167	0.08793	0.16974	0.17324	0.03645	0.10356	0.11983	0.04542	0.00952	0.01072	0.02955	0.01256	0.00458	0.00124	0.06243	0.00355	0.00260	0.00545
42	0.11143	0.00488	0.00651	0.00624	0.00739	0.00547	0.00491	0.00871	0.00693	0.08634	0.01114	0.01481	0.02789	0.02392	0.64893	0.00518	0.00887	0.00407	0.00245	0.00392
43	0.00495	0.00354	0.00473	0.00559	0.00589	0.00331	0.00382	0.00575	0.00784	0.01048	0.05959	0.77749	0.02657	0.01215	0.00506	0.00160	0.00235	0.05231	0.00371	0.00327
44	0.11215	0.01090	0.12748	0.04996	0.21412	0.03227	0.07345	0.18640	0.02506	0.05296	0.00931	0.02041	0.03010	0.02100	0.00428	0.00129	0.01687	0.00367	0.00265	0.00569
45	0.07808	0.04894	0.09034	0.04606	0.23873	0.09397	0.15375	0.03733	0.04208	0.07380	0.00898	0.02584	0.02175	0.00415	0.00403	0.00122	0.01929	0.00372	0.00239	0.00553

[dist]
# distance from previous block
# <min> <max>
14	89

[block]
# block no. 3 follows, 68 sequences, length 21
# corresponding to MSA columns:
# 347-367
name=unknown_D
#
# <colnr> <probs for GDERKNQSTAVLIFYWHMCP>
#	G	D	E	R	K	N	Q	S	T	A	V	L	I	F	Y	W	H	M	C	P
0	0.04232	0.35274	0.01577	0.04276	0.12639	0.10770	0.04386	0.08240	0.04408	0.03763	0.00769	0.00873	0.01691	0.00414	0.01178	0.00109	0.01311	0.00294	0.00226	0.03570
1	0.49615	0.02297	0.09662	0.00687	0.00965	0.03053	0.00620	0.07986	0.02176	0.02718	0.00671	0.01981	0.00535	0.00412	0.00366	0.00120	0.06619	0.00267	0.00249	0.09000
2	0.00598	0.00526	0.04379	0.05953	0.03630	0.00534	0.00573	0.00755	0.00688	0.00977	0.04540	0.04355	0.02107	0.07501	0.60443	0.00507	0.00873	0.00461	0.00226	0.00372
3	0.00484	0.00400	0.00424	0.00422	0.00546	0.00341	0.00315	0.00597	0.00934	0.01151	0.16523	0.06337	0.68196	0.00981	0.00470	0.00133	0.00200	0.00827	0.00379	0.00341
4	0.01092	0.00925	0.00942	0.00821	0.01057	0.04427	0.00645	0.16330	0.62571	0.01775	0.01445	0.01354	0.01080	0.00519	0.00396	0.00129	0.00348	0.00422	0.03101	0.00621
5	0.00569	0.00416	0.00593	0.00593	0.00649	0.00472	0.00441	0.00680	0.00624	0.00888	0.01102	0.01780	0.01088	0.20798	0.66802	0.00583	0.00917	0.00457	0.00218	0.00330
6	0.01032	0.53940	0.18385	0.00853	0.04049	0.05779	0.00852	0.03145	0.00858	0.03018	0.00650	0.00758	0.00549	0.00476	0.04067	0.00122	0.00501	0.00253	0.00187	0.00527
7	0.00910	0.05283	0.39390	0.01289	0.01753	0.02194	0.33035	0.02911	0.02856	0.03237	0.00820	0.01038	0.00618	0.00385	0.00413	0.00128	0.00592	0.02385	0.00204	0.00560
8	0.00635	0.00363	0.00477	0.00477	0.00477	0.00363	0.00295	0.00545	0.00545	0.00727	0.00955	0.01866	0.01047	0.41666	0.01772	0.46562	0.00363	0.00455	0.00205	0.00205
9	0.00798	0.00688	0.01127	0.73240	0.02456	0.00847	0.01019	0.01047	0.00804	0.04749	0.00774	0.01090	0.00579	0.00415	0.00419	0.00131	0.03343	0.00355	0.05673	0.00446
10	0.01052	0.58252	0.13382	0.00846	0.01205	0.10311	0.06409	0.01237	0.00850	0.01005	0.00606	0.00717	0.00522	0.00394	0.01664	0.00105	0.00505	0.00249	0.00176	0.00514
11	0.04707	0.00489	0.00548	0.00514	0.00579	0.00504	0.00335	0.05992	0.04791	0.06157	0.01273	0.05991	0.01347	0.60904	0.03996	0.00324	0.00391	0.00549	0.00279	0.00330
12	0.00483	0.00345	0.00460	0.00552	0.00575	0.00322	0.00368	0.00552	0.00759	0.01012	0.02185	0.85807	0.02622	0.01242	0.00506	0.00161	0.00230	0.01127	0.00368	0.00322
13	0.00494	0.00361	0.00463	0.00535	0.00578	0.00333	0.00368	0.00577	0.00800	0.01054	0.07028	0.65666	0.12854	0.03015	0.00533	0.00161	0.00233	0.04251	0.00369	0.00327
14	0.00532	0.00368	0.00454	0.00504	0.00519	0.00356	0.00320	0.00574	0.00681	0.00906	0.01749	0.44122	0.02063	0.40459	0.01207	0.00265	0.00307	0.04019	0.00309	0.00286
15	0.00605	0.00446	0.00586	0.00633	0.00730	0.00435	0.00524	0.00806	0.03860	0.01271	0.20782	0.09012	0.11588	0.01010	0.00513	0.00161	0.00296	0.45989	0.00383	0.00370
16	0.00822	0.00705	0.00822	0.00587	0.00940	0.00529	0.00470	0.00998	0.00822	0.01292	0.00705	0.00822	0.00587	0.00294	0.00294	0.00059	0.00294	0.00235	0.00235	0.88490
17	0.00768	0.00712	0.01096	0.63762	0.05465	0.03387	0.00973	0.03612	0.00853	0.01096	0.04540	0.10194	0.00903	0.00507	0.00410	0.00133	0.00482	0.00449	0.00217	0.00440
18	0.03713	0.08380	0.08804	0.01013	0.15789	0.00710	0.04509	0.04361	0.02232	0.02528	0.02529	0.29452	0.11632	0.00756	0.00428	0.00134	0.00357	0.01921	0.00293	0.00461
19	0.09631	0.08085	0.13787	0.04004	0.08582	0.19658	0.07657	0.07333	0.00968	0.06752	0.00726	0.00860	0.00564	0.00423	0.00458	0.00121	0.09326	0.00310	0.00228	0.00528
20	0.72713	0.00856	0.03378	0.00692	0.05976	0.04616	0.00536	0.01175	0.00725	0.01669	0.00641	0.00844	0.00530	0.00402	0.00277	0.00124	0.00347	0.03810	0.00243	0.00445

[dist]
# distance from previous block
# <min> <max>
0	15

[block]
# block no. 4 follows, 68 sequences, length 9
# corresponding to MSA columns:
# 383-391
name=unknown_E
#
# <colnr> <probs for GDERKNQSTAVLIFYWHMCP>
#	G	D	E	R	K	N	Q	S	T	A	V	L	I	F	Y	W	H	M	C	P
0	0.00806	0.00731	0.01117	0.63945	0.02299	0.00849	0.00964	0.04611	0.05495	0.01156	0.00767	0.01041	0.00582	0.00392	0.00381	0.00121	0.00477	0.00340	0.00207	0.13715
1	0.00485	0.00371	0.00440	0.00488	0.00556	0.00332	0.00338	0.00569	0.00827	0.01056	0.06912	0.47450	0.33650	0.03938	0.00540	0.00156	0.00222	0.00977	0.00367	0.00327
2	0.00904	0.00856	0.01315	0.16740	0.21733	0.04720	0.10650	0.03212	0.02846	0.03422	0.10836	0.03857	0.01047	0.00516	0.00574	0.00134	0.15460	0.00433	0.00242	0.00503
3	0.01147	0.00834	0.00915	0.00795	0.01038	0.00930	0.00626	0.06047	0.64980	0.15664	0.01573	0.01431	0.01145	0.00527	0.00402	0.00132	0.00324	0.00435	0.00418	0.00638
4	0.01621	0.00635	0.00864	0.00687	0.00959	0.00551	0.00557	0.01765	0.01089	0.73796	0.01640	0.11615	0.01181	0.00582	0.00412	0.00127	0.00324	0.00487	0.00476	0.00632
5	0.00562	0.00410	0.00567	0.00571	0.00624	0.00453	0.00416	0.00661	0.00636	0.00890	0.01267	0.05874	0.04067	0.24596	0.55994	0.00531	0.00815	0.00512	0.00232	0.00322
6	0.06231	0.01010	0.04275	0.05782	0.10217	0.06272	0.17678	0.16868	0.13225	0.04674	0.00983	0.01200	0.00778	0.05730	0.00517	0.00143	0.01863	0.01717	0.00284	0.00554
7	0.00608	0.00461	0.00616	0.00595	0.00625	0.00533	0.00427	0.00679	0.00606	0.00857	0.01080	0.01938	0.01135	0.39873	0.37482	0.00468	0.11003	0.00483	0.00220	0.00313
8	0.00540	0.00384	0.00457	0.00474	0.00510	0.00375	0.00306	0.00590	0.00689	0.00908	0.04690	0.18989	0.14724	0.44570	0.09796	0.00318	0.00387	0.00715	0.00290	0.00287

[dist]
# distance from previous block
# <min> <max>
2	9

[block]
# block no. 5 follows, 68 sequences, length 66
# corresponding to MSA columns:
# 461-526
name=unknown_F
#
# <colnr> <probs for GDERKNQSTAVLIFYWHMCP>
#	G	D	E	R	K	N	Q	S	T	A	V	L	I	F	Y	W	H	M	C	P
0	0.00613	0.04495	0.10886	0.00616	0.00763	0.00499	0.00535	0.00777	0.00869	0.03027	0.23134	0.25862	0.09018	0.04575	0.10292	0.00206	0.00378	0.02737	0.00332	0.00387
1	0.02752	0.64086	0.06105	0.00727	0.01052	0.10485	0.00703	0.01205	0.00833	0.00983	0.00595	0.00716	0.00536	0.02024	0.01696	0.00103	0.00466	0.00233	0.00180	0.04519
2	0.00578	0.00392	0.00498	0.00537	0.00608	0.00361	0.00378	0.00693	0.02412	0.05975	0.12622	0.54630	0.15287	0.01120	0.01809	0.00157	0.00241	0.00963	0.00382	0.00358
3	0.01376	0.01122	0.01101	0.00890	0.01165	0.10756	0.00716	0.57725	0.12250	0.02126	0.01071	0.05981	0.00840	0.00521	0.00399	0.00122	0.00440	0.00402	0.00374	0.00623
4	0.01522	0.01088	0.01176	0.00901	0.01218	0.01195	0.00745	0.78022	0.01826	0.06802	0.00984	0.00973	0.00691	0.00477	0.00397	0.00119	0.00431	0.00359	0.00402	0.00674
5	0.00884	0.30297	0.56543	0.00979	0.01482	0.01138	0.01201	0.01233	0.00827	0.01147	0.00658	0.00770	0.00504	0.00364	0.00336	0.00112	0.00532	0.00266	0.00168	0.00560
6	0.83705	0.05794	0.00671	0.00531	0.00782	0.00929	0.00444	0.01167	0.00682	0.01729	0.00552	0.00644	0.00434	0.00366	0.00246	0.00120	0.00314	0.00215	0.00241	0.00434
7	0.01060	0.86304	0.02078	0.00678	0.01018	0.01569	0.00678	0.01187	0.00806	0.00933	0.00551	0.00636	0.00509	0.00339	0.00254	0.00085	0.00424	0.00212	0.00170	0.00509
8	0.00625	0.00452	0.00582	0.00560	0.00662	0.00439	0.00435	0.05536	0.01089	0.01513	0.57829	0.05484	0.04406	0.03155	0.03688	0.00160	0.00267	0.12328	0.00407	0.00384
9	0.00930	0.00816	0.00812	0.00738	0.00925	0.06648	0.00562	0.01729	0.57184	0.02578	0.08457	0.01774	0.05556	0.08830	0.00565	0.00155	0.00333	0.00489	0.00376	0.00543
10	0.00519	0.00368	0.00473	0.00526	0.00562	0.00348	0.00356	0.00601	0.00798	0.01076	0.16022	0.52204	0.03951	0.16174	0.00768	0.00195	0.00255	0.04128	0.00357	0.00318
11	0.09268	0.00677	0.00684	0.00601	0.00783	0.03977	0.00474	0.15316	0.04091	0.06292	0.06135	0.04025	0.40315	0.00759	0.00466	0.00130	0.04597	0.00604	0.00357	0.00446
12	0.06453	0.16183	0.03468	0.05205	0.01279	0.46264	0.03997	0.07674	0.03876	0.01174	0.00674	0.00776	0.00547	0.00399	0.00345	0.00106	0.00591	0.00274	0.00220	0.00494
13	0.02138	0.55214	0.10169	0.00921	0.01292	0.02741	0.15671	0.05664	0.00894	0.01124	0.00636	0.00754	0.00533	0.00351	0.00315	0.00100	0.00489	0.00276	0.00189	0.00528
14	0.00630	0.00470	0.00520	0.00507	0.00572	0.00482	0.00334	0.00861	0.15479	0.01035	0.06973	0.07196	0.12365	0.49363	0.01341	0.00278	0.00326	0.00627	0.00306	0.00335
15	0.00494	0.00369	0.00460	0.00519	0.00576	0.00336	0.00363	0.00584	0.00825	0.01074	0.08781	0.55034	0.21744	0.02494	0.00520	0.00156	0.00229	0.04740	0.00371	0.00330
16	0.06052	0.02975	0.04791	0.14205	0.19158	0.25615	0.09833	0.05166	0.00965	0.01208	0.00686	0.00883	0.00552	0.00403	0.00437	0.00121	0.05907	0.00323	0.00205	0.00514
17	0.74260	0.00817	0.00701	0.00649	0.04245	0.00934	0.00503	0.11359	0.00834	0.01849	0.00610	0.00697	0.00468	0.00381	0.00270	0.00122	0.00330	0.00238	0.00262	0.00468
18	0.00545	0.00385	0.00445	0.00452	0.00489	0.00367	0.00285	0.00596	0.00728	0.00962	0.13221	0.13369	0.15047	0.49862	0.01363	0.00280	0.00308	0.00707	0.00304	0.00284
19	0.78503	0.00785	0.00688	0.00700	0.08176	0.00894	0.00506	0.02230	0.00718	0.03050	0.00591	0.00689	0.00459	0.00370	0.00263	0.00122	0.00324	0.00232	0.00247	0.00454
20	0.00568	0.00403	0.00535	0.00539	0.00575	0.00437	0.00372	0.00641	0.00614	0.00854	0.01194	0.05389	0.01265	0.41457	0.42888	0.00501	0.00715	0.00523	0.00232	0.00300
21	0.00577	0.00384	0.00432	0.00432	0.00432	0.00384	0.00240	0.00577	0.00577	0.00769	0.01249	0.02595	0.01441	0.86066	0.02018	0.00384	0.00384	0.00577	0.00240	0.00240
22	0.00485	0.00367	0.00447	0.00505	0.00565	0.00331	0.00350	0.00570	0.00818	0.01054	0.06234	0.55307	0.27127	0.02174	0.00512	0.00154	0.00223	0.02078	0.00369	0.00328
23	0.01712	0.00683	0.00911	0.00702	0.01002	0.00602	0.00579	0.05548	0.01159	0.76729	0.01638	0.01433	0.04372	0.00511	0.00402	0.00123	0.00336	0.00415	0.00481	0.00661
24	0.88866	0.00767	0.00583	0.00521	0.00767	0.00889	0.00429	0.01166	0.00675	0.01779	0.00552	0.00644	0.00429	0.00368	0.00245	0.00123	0.00307	0.00215	0.00245	0.00429
25	0.88866	0.00767	0.00583	0.00521	0.00767	0.00889	0.00429	0.01166	0.00675	0.01779	0.00552	0.00644	0.00429	0.00368	0.00245	0.00123	0.00307	0.00215	0.00245	0.00429
26	0.00510	0.00374	0.00456	0.00501	0.00560	0.00343	0.00348	0.00600	0.00822	0.01084	0.11552	0.43904	0.21356	0.09671	0.00641	0.00172	0.00238	0.03955	0.02586	0.00325
27	0.01620	0.00929	0.01078	0.00826	0.01139	0.00961	0.00683	0.48860	0.01561	0.36338	0.01207	0.01117	0.00802	0.00482	0.00398	0.00121	0.00395	0.00374	0.00436	0.00674
28	0.88866	0.00767	0.00583	0.00521	0.00767	0.00889	0.00429	0.01166	0.00675	0.01779	0.00552	0.00644	0.00429	0.00368	0.00245	0.00123	0.00307	0.00215	0.00245	0.00429
29	0.00678	0.00431	0.00568	0.00519	0.00633	0.00394	0.00394	0.00862	0.01124	0.09517	0.75500	0.02806	0.03475	0.00780	0.00461	0.00125	0.00202	0.00686	0.00442	0.00403
30	0.00529	0.00404	0.00486	0.00465	0.00573	0.00361	0.00349	0.00687	0.01047	0.01411	0.56053	0.03256	0.31183	0.00877	0.00468	0.00128	0.00192	0.00758	0.00413	0.00361
31	0.01507	0.01111	0.01190	0.00912	0.01230	0.01230	0.00754	0.82270	0.01864	0.02499	0.00952	0.00952	0.00674	0.00476	0.00397	0.00119	0.00436	0.00357	0.00397	0.00674
32	0.00749	0.00705	0.01189	0.85113	0.02731	0.00881	0.01101	0.01013	0.00793	0.01013	0.00705	0.01057	0.00529	0.00396	0.00396	0.00132	0.00529	0.00352	0.00176	0.00440
33	0.00995	0.00856	0.00902	0.00809	0.01034	0.00990	0.00630	0.03489	0.81480	0.01673	0.01602	0.01470	0.01201	0.00537	0.00403	0.00134	0.00316	0.00447	0.00403	0.00628
34	0.00897	0.00440	0.00472	0.00434	0.00562	0.00434	0.00335	0.04761	0.00915	0.11275	0.01310	0.01439	0.00997	0.00466	0.00297	0.00097	0.00214	0.00372	0.73863	0.00420
35	0.00986	0.00852	0.00897	0.00807	0.01031	0.00986	0.00628	0.02107	0.82876	0.01659	0.01614	0.01479	0.01210	0.00538	0.00403	0.00134	0.00314	0.00448	0.00403	0.00628
36	0.01779	0.00675	0.00920	0.00705	0.01012	0.00583	0.00583	0.01932	0.01135	0.83867	0.01564	0.01350	0.00981	0.00491	0.00399	0.00123	0.00337	0.00399	0.00491	0.00675
37	0.00822	0.00705	0.00822	0.00587	0.00940	0.00529	0.00470	0.00998	0.00822	0.01292	0.00705	0.00822	0.00587	0.00294	0.00294	0.00059	0.00294	0.00235	0.00235	0.88490
38	0.00564	0.00379	0.00436	0.00449	0.00452	0.00376	0.00257	0.00573	0.00601	0.00802	0.01376	0.13824	0.01601	0.74619	0.01814	0.00354	0.00364	0.00651	0.00257	0.00251
39	0.01060	0.86304	0.02078	0.00678	0.01018	0.01569	0.00678	0.01187	0.00806	0.00933	0.00551	0.00636	0.00509	0.00339	0.00254	0.00085	0.00424	0.00212	0.00170	0.00509
40	0.00749	0.00705	0.01189	0.85113	0.02731	0.00881	0.01101	0.01013	0.00793	0.01013	0.00705	0.01057	0.00529	0.00396	0.00396	0.00132	0.00529	0.00352	0.00176	0.00440
41	0.00483	0.00387	0.00432	0.00453	0.00553	0.00336	0.00327	0.00585	0.00891	0.01116	0.12750	0.25534	0.52670	0.01045	0.00478	0.00140	0.00207	0.00900	0.00376	0.00336
42	0.00981	0.00942	0.01609	0.02434	0.83592	0.00942	0.01217	0.01217	0.00903	0.01295	0.00746	0.00981	0.00628	0.00353	0.00393	0.00118	0.00471	0.00353	0.00196	0.00628
43	0.00594	0.00441	0.00557	0.00522	0.00627	0.00423	0.00393	0.00854	0.07745	0.01584	0.74956	0.02861	0.05341	0.00793	0.00462	0.00126	0.00198	0.00698	0.00432	0.00394
44	0.00575	0.00392	0.00472	0.00472	0.00486	0.00406	0.00289	0.00602	0.00588	0.00798	0.01213	0.02395	0.01355	0.70040	0.17925	0.00433	0.00515	0.00547	0.00235	0.00262
45	0.00483	0.00345	0.00460	0.00552	0.00575	0.00322	0.00368	0.00552	0.00759	0.01012	0.02185	0.85807	0.02622	0.01242	0.00506	0.00161	0.00230	0.01127	0.00368	0.00322
46	0.00469	0.00402	0.00402	0.00402	0.00536	0.00335	0.00301	0.00569	0.00904	0.01071	0.04017	0.03816	0.83432	0.01004	0.00469	0.00134	0.00201	0.00837	0.00368	0.00335
47	0.01718	0.00681	0.00915	0.00705	0.01003	0.00600	0.00581	0.05079	0.01163	0.77233	0.04918	0.01400	0.01083	0.00503	0.00401	0.00123	0.00335	0.00410	0.00485	0.00662
48	0.00830	0.05154	0.01370	0.65778	0.02476	0.05844	0.10886	0.01087	0.00830	0.01038	0.00703	0.01017	0.00535	0.00387	0.00396	0.00128	0.00551	0.00354	0.00180	0.00456
49	0.01018	0.00864	0.00916	0.00804	0.01042	0.00982	0.00629	0.08264	0.72441	0.01705	0.01516	0.01405	0.01137	0.00521	0.00397	0.00129	0.00322	0.00430	0.00394	0.05081
50	0.08416	0.66563	0.01766	0.00662	0.00980	0.01379	0.00636	0.04262	0.00859	0.05944	0.00801	0.00852	0.04736	0.00389	0.00278	0.00094	0.00398	0.00260	0.00213	0.00509
51	0.00592	0.00476	0.00672	0.00750	0.05573	0.00484	0.03550	0.00774	0.08029	0.01093	0.01922	0.66283	0.02208	0.01068	0.00525	0.00156	0.04158	0.00961	0.00346	0.00380
52	0.01267	0.00937	0.01052	0.00878	0.04507	0.00995	0.00681	0.44440	0.16150	0.07201	0.05915	0.01175	0.00957	0.00480	0.00389	0.00115	0.00377	0.00382	0.00377	0.11727
53	0.01339	0.00964	0.01060	0.00837	0.01119	0.01043	0.00685	0.59317	0.06435	0.06378	0.07951	0.02270	0.01057	0.00533	0.00406	0.00121	0.00392	0.03439	0.00397	0.04257
54	0.00979	0.00865	0.00899	0.03969	0.01080	0.04735	0.00629	0.04898	0.61898	0.01571	0.01486	0.04737	0.02166	0.00538	0.00397	0.00127	0.00338	0.00447	0.00370	0.07870
55	0.05781	0.04387	0.00631	0.00615	0.03759	0.00519	0.00425	0.00765	0.04957	0.01142	0.11470	0.33881	0.14639	0.11227	0.00672	0.00171	0.03482	0.00780	0.00332	0.00366
56	0.00626	0.00403	0.00525	0.00573	0.00639	0.00379	0.00404	0.00755	0.03928	0.08403	0.06951	0.64088	0.05691	0.01109	0.00490	0.00154	0.00244	0.03883	0.00384	0.00370
57	0.01152	0.01088	0.01135	0.05406	0.08144	0.23153	0.00807	0.02661	0.02847	0.12188	0.05617	0.01050	0.00797	0.00546	0.00720	0.00136	0.31451	0.00355	0.00251	0.00495
58	0.01420	0.02175	0.04625	0.01034	0.07994	0.07279	0.00806	0.58331	0.03569	0.06303	0.00939	0.00960	0.00677	0.00455	0.00390	0.00117	0.00456	0.00348	0.00357	0.01768
59	0.01025	0.00947	0.01477	0.07310	0.58095	0.04728	0.04428	0.05341	0.01792	0.04458	0.03907	0.01066	0.00753	0.00387	0.00395	0.00118	0.00471	0.00367	0.00229	0.02706
60	0.06241	0.10418	0.19107	0.05292	0.21374	0.00919	0.06047	0.03787	0.01722	0.14059	0.04011	0.02695	0.00807	0.00428	0.00378	0.00121	0.00456	0.01313	0.00257	0.00570
61	0.00984	0.05461	0.28708	0.06725	0.09931	0.02363	0.05634	0.04840	0.05418	0.12726	0.03075	0.06191	0.03998	0.00496	0.00400	0.00126	0.00465	0.01631	0.00270	0.00557
62	0.00710	0.00547	0.00622	0.00639	0.04114	0.03638	0.00450	0.04954	0.04694	0.06086	0.10637	0.28915	0.26472	0.00906	0.00457	0.00136	0.00270	0.01657	0.00367	0.03730
63	0.06256	0.00848	0.12917	0.03110	0.01085	0.00674	0.04178	0.08573	0.04125	0.26467	0.02388	0.24171	0.02144	0.00671	0.00420	0.00135	0.00367	0.00578	0.00361	0.00530
64	0.01194	0.00885	0.06412	0.10553	0.10930	0.02431	0.04802	0.06461	0.06894	0.27679	0.02164	0.01264	0.04210	0.00526	0.01408	0.00136	0.10757	0.00399	0.00321	0.00573
65	0.00971	0.00911	0.02278	0.05162	0.13554	0.06981	0.17111	0.09653	0.02040	0.05571	0.09308	0.01545	0.11506	0.00548	0.00535	0.00131	0.10938	0.00469	0.00278	0.00509

[dist]
# distance from previous block
# <min> <max>
1	54

[block]
# block no. 6 follows, 68 sequences, length 63
# corresponding to MSA columns:
# 581-601,603-644
name=unknown_G
#
# <colnr> <probs for GDERKNQSTAVLIFYWHMCP>
#	G	D	E	R	K	N	Q	S	T	A	V	L	I	F	Y	W	H	M	C	P
0	0.04812	0.01742	0.02864	0.01723	0.00987	0.01501	0.05009	0.08415	0.05710	0.30083	0.13026	0.07925	0.07745	0.00600	0.00410	0.00123	0.00332	0.00510	0.00391	0.06093
1	0.05302	0.19351	0.02166	0.07795	0.09399	0.18013	0.00758	0.05055	0.03598	0.02871	0.04600	0.02484	0.01797	0.00453	0.00432	0.00112	0.08225	0.00327	0.00232	0.07031
2	0.00787	0.00704	0.04940	0.03291	0.06241	0.03769	0.00576	0.04484	0.04830	0.04966	0.11191	0.20960	0.08147	0.04823	0.00522	0.00135	0.02932	0.00602	0.00316	0.15784
3	0.03243	0.07046	0.02393	0.06711	0.25253	0.09397	0.04810	0.12303	0.01056	0.11414	0.01055	0.01278	0.04182	0.00556	0.03592	0.00140	0.00488	0.04250	0.00274	0.00557
4	0.00982	0.02000	0.01322	0.05238	0.49779	0.00889	0.00971	0.01384	0.17541	0.05327	0.01079	0.01196	0.03907	0.00420	0.00390	0.00118	0.00412	0.00383	0.00260	0.06402
5	0.06955	0.00461	0.00525	0.04555	0.00715	0.00423	0.03181	0.00657	0.00869	0.01121	0.03319	0.11138	0.62844	0.00928	0.00452	0.00136	0.00243	0.00783	0.00344	0.00352
6	0.07313	0.00877	0.04837	0.42536	0.18238	0.00952	0.04949	0.08130	0.00896	0.01273	0.00717	0.00982	0.00555	0.00407	0.00443	0.00130	0.05707	0.00346	0.00205	0.00507
7	0.01453	0.01085	0.01178	0.00907	0.01210	0.01205	0.00749	0.75543	0.01768	0.02383	0.00923	0.00943	0.00664	0.00480	0.00437	0.00120	0.04527	0.00352	0.00380	0.03694
8	0.00823	0.00721	0.00916	0.00666	0.01005	0.00570	0.06145	0.01043	0.03677	0.01317	0.04731	0.00965	0.00762	0.00330	0.00318	0.00070	0.00315	0.00282	0.00248	0.75096
9	0.00479	0.00372	0.00437	0.00488	0.00562	0.00330	0.00343	0.00564	0.00826	0.01042	0.03000	0.47788	0.38655	0.01133	0.00490	0.00149	0.00219	0.02423	0.00368	0.00328
10	0.03916	0.00453	0.00491	0.00481	0.00600	0.01892	0.00359	0.00729	0.03185	0.02450	0.30033	0.12066	0.40097	0.00910	0.00459	0.00133	0.00218	0.00777	0.00386	0.00365
11	0.00970	0.04546	0.01739	0.11247	0.41955	0.05009	0.23600	0.01253	0.03481	0.01238	0.00770	0.01003	0.00617	0.00361	0.00407	0.00122	0.00537	0.00377	0.00201	0.00568
12	0.01774	0.00683	0.00925	0.00709	0.01016	0.00595	0.00586	0.03478	0.01149	0.82302	0.01552	0.01342	0.00976	0.00490	0.00399	0.00123	0.00339	0.00398	0.00489	0.00675
13	0.01185	0.00548	0.00694	0.00578	0.00799	0.00471	0.00461	0.01319	0.01040	0.45886	0.08463	0.05249	0.30190	0.00720	0.00432	0.00128	0.00275	0.00601	0.00439	0.00521
14	0.00882	0.00855	0.03814	0.26506	0.21337	0.00911	0.04895	0.01426	0.28055	0.01327	0.02666	0.02535	0.02127	0.00459	0.00405	0.00130	0.00436	0.00414	0.00268	0.00552
15	0.01122	0.00953	0.00990	0.00847	0.01074	0.05067	0.00673	0.23929	0.47076	0.01778	0.01387	0.02435	0.03580	0.00550	0.00468	0.00132	0.06533	0.00428	0.00374	0.00605
16	0.00479	0.00363	0.00442	0.00505	0.00563	0.00326	0.00347	0.00557	0.00804	0.01030	0.02753	0.60370	0.27693	0.01168	0.00494	0.00153	0.00221	0.01037	0.00368	0.00326
17	0.00608	0.00397	0.00596	0.00596	0.00643	0.00444	0.00444	0.00643	0.00596	0.00842	0.00935	0.01438	0.00888	0.02430	0.56254	0.30540	0.00818	0.00397	0.00199	0.00292
18	0.00934	0.00847	0.01286	0.38688	0.31988	0.05314	0.01048	0.03941	0.00902	0.05162	0.00847	0.05751	0.00708	0.00436	0.00399	0.00126	0.00488	0.00393	0.00219	0.00523
19	0.00917	0.01115	0.08514	0.04745	0.01986	0.01000	0.66256	0.01279	0.04110	0.01261	0.00811	0.01059	0.00612	0.00363	0.00490	0.00135	0.04166	0.00444	0.00204	0.00535
20	0.85453	0.00811	0.00604	0.00541	0.00785	0.04154	0.00443	0.01182	0.00692	0.01747	0.00554	0.00647	0.00433	0.00370	0.00250	0.00122	0.00323	0.00216	0.00244	0.00431
21	0.88866	0.00767	0.00583	0.00521	0.00767	0.00889	0.00429	0.01166	0.00675	0.01779	0.00552	0.00644	0.00429	0.00368	0.00245	0.00123	0.00307	0.00215	0.00245	0.00429
22	0.00541	0.00385	0.00459	0.00490	0.00566	0.00346	0.00341	0.00626	0.00833	0.04205	0.08311	0.40350	0.31219	0.08682	0.00621	0.00167	0.00235	0.00919	0.00366	0.00336
23	0.00834	0.00788	0.01313	0.54883	0.28794	0.00905	0.01119	0.01124	0.04244	0.01131	0.00756	0.01050	0.00589	0.00388	0.00395	0.00128	0.00501	0.00357	0.00192	0.00509
24	0.11222	0.00793	0.00924	0.00726	0.01022	0.04197	0.00596	0.11751	0.03116	0.59463	0.01340	0.01200	0.00869	0.00473	0.00380	0.00122	0.00361	0.00369	0.00438	0.00638
25	0.00577	0.00384	0.00432	0.00432	0.00432	0.00384	0.00240	0.00577	0.00577	0.00769	0.01249	0.02595	0.01441	0.86066	0.02018	0.00384	0.00384	0.00577	0.00240	0.00240
26	0.00568	0.00417	0.00596	0.00596	0.00653	0.00473	0.00445	0.00682	0.00625	0.00890	0.01099	0.01764	0.01081	0.19499	0.68091	0.00587	0.00927	0.00455	0.00218	0.00331
27	0.00555	0.00403	0.00522	0.00496	0.00589	0.00371	0.00370	0.00734	0.01102	0.01549	0.77360	0.05243	0.07555	0.00832	0.00469	0.00126	0.00189	0.00734	0.00431	0.00371
28	0.88866	0.00767	0.00583	0.00521	0.00767	0.00889	0.00429	0.01166	0.00675	0.01779	0.00552	0.00644	0.00429	0.00368	0.00245	0.00123	0.00307	0.00215	0.00245	0.00429
29	0.01481	0.01890	0.01124	0.01021	0.01226	0.84474	0.00766	0.01583	0.01124	0.00970	0.00613	0.00715	0.00511	0.00409	0.00358	0.00102	0.00715	0.00255	0.00204	0.00460
30	0.88866	0.00767	0.00583	0.00521	0.00767	0.00889	0.00429	0.01166	0.00675	0.01779	0.00552	0.00644	0.00429	0.00368	0.00245	0.00123	0.00307	0.00215	0.00245	0.00429
31	0.00483	0.00345	0.00460	0.00552	0.00575	0.00322	0.00368	0.00552	0.00759	0.01012	0.02185	0.85807	0.02622	0.01242	0.00506	0.00161	0.00230	0.01127	0.00368	0.00322
32	0.01482	0.01850	0.01127	0.01016	0.01226	0.80262	0.00765	0.05666	0.01161	0.01048	0.00630	0.00727	0.00519	0.00412	0.00359	0.00103	0.00701	0.00261	0.00214	0.00471
