[name]
unknown

[dist]
# distance from previous block
# <min> <max>
12	174

[block]
# block no. 0 follows, 72 sequences, length 93
# corresponding to MSA columns:
# 184-276
name=unknown_A
#
# <colnr> <probs for GDERKNQSTAVLIFYWHMCP>
#	G	D	E	R	K	N	Q	S	T	A	V	L	I	F	Y	W	H	M	C	P
0	0.00868	0.00781	0.05241	0.07666	0.06511	0.00790	0.04549	0.13368	0.19902	0.03389	0.14773	0.05890	0.06617	0.00617	0.01676	0.00134	0.05213	0.01194	0.00322	0.00499
1	0.00870	0.07196	0.11032	0.06599	0.11861	0.00734	0.02958	0.05628	0.02873	0.06458	0.02617	0.09270	0.02724	0.00458	0.00355	0.00102	0.00372	0.01414	0.00251	0.26229
2	0.00863	0.00855	0.01479	0.24538	0.40454	0.02339	0.15119	0.01116	0.02016	0.01157	0.00791	0.01031	0.02475	0.00361	0.00387	0.00117	0.00487	0.00362	0.00191	0.03861
3	0.03296	0.00910	0.10117	0.07285	0.14895	0.02833	0.06680	0.02016	0.00839	0.06833	0.00738	0.00875	0.00576	0.00332	0.00342	0.00091	0.01247	0.00286	0.00222	0.39585
4	0.04488	0.25019	0.02284	0.00749	0.01050	0.09170	0.00645	0.30074	0.04900	0.01551	0.00742	0.00793	0.00583	0.00379	0.00315	0.00094	0.00407	0.00271	0.00266	0.16219
5	0.00469	0.00340	0.00438	0.00508	0.00545	0.00315	0.00344	0.00537	0.00743	0.00977	0.04157	0.69323	0.13029	0.02289	0.02121	0.01978	0.00235	0.00998	0.00345	0.00307
6	0.00487	0.00375	0.00432	0.00451	0.00530	0.00340	0.00318	0.00589	0.02188	0.01046	0.13588	0.26247	0.38206	0.09958	0.02105	0.01428	0.00235	0.00817	0.00343	0.00315
7	0.01002	0.08713	0.15094	0.00883	0.02915	0.04301	0.08351	0.15585	0.03238	0.04998	0.00764	0.00856	0.00586	0.00363	0.00362	0.00096	0.02813	0.00292	0.00244	0.28546
8	0.50495	0.00679	0.02524	0.00529	0.00689	0.04516	0.00414	0.01987	0.00640	0.01308	0.00670	0.01013	0.00616	0.12647	0.02988	0.17080	0.00356	0.00288	0.00218	0.00345
9	0.00520	0.00395	0.00457	0.00475	0.00580	0.00355	0.00363	0.00647	0.02036	0.02796	0.10095	0.16477	0.46785	0.01004	0.02120	0.00147	0.00238	0.12346	0.01829	0.00337
10	0.01041	0.00830	0.00929	0.02366	0.01043	0.00799	0.00575	0.31322	0.08656	0.01688	0.00840	0.00894	0.00645	0.00368	0.00329	0.00085	0.00337	0.00288	0.00295	0.46669
11	0.01014	0.86900	0.01987	0.00649	0.00973	0.01501	0.00649	0.01136	0.00771	0.00892	0.00527	0.00608	0.00487	0.00324	0.00243	0.00081	0.00406	0.00203	0.00162	0.00487
12	0.65023	0.00943	0.11253	0.00660	0.03036	0.04495	0.00585	0.02798	0.02301	0.05086	0.00622	0.00700	0.00469	0.00364	0.00271	0.00117	0.00352	0.00234	0.00238	0.00454
13	0.00634	0.00552	0.00733	0.00719	0.06085	0.02439	0.06745	0.03949	0.03309	0.01174	0.12818	0.08153	0.33560	0.00983	0.08740	0.00175	0.03301	0.03297	0.02247	0.00387
14	0.00489	0.00354	0.00457	0.00523	0.00557	0.00337	0.00352	0.00595	0.03607	0.01016	0.07959	0.70850	0.04016	0.06272	0.00564	0.00163	0.00228	0.00991	0.00351	0.00317
15	0.01655	0.00720	0.00926	0.00710	0.01005	0.00667	0.00586	0.16292	0.01210	0.69949	0.01392	0.01223	0.00887	0.00467	0.00381	0.00117	0.00340	0.00374	0.00453	0.00645
16	0.00465	0.00335	0.00441	0.00521	0.00550	0.00311	0.00350	0.00537	0.00747	0.00995	0.05913	0.79820	0.05288	0.01162	0.00481	0.00152	0.00217	0.01051	0.00355	0.00311
17	0.00742	0.00435	0.00522	0.00482	0.00621	0.00382	0.00367	0.00862	0.00926	0.18553	0.18972	0.09392	0.37189	0.04637	0.00501	0.00137	0.00230	0.02444	0.02215	0.00392
18	0.01309	0.00631	0.00803	0.00695	0.00898	0.00571	0.00535	0.07543	0.01078	0.46211	0.04774	0.26908	0.02733	0.00768	0.00456	0.00146	0.00323	0.01581	0.01467	0.00569
19	0.00790	0.00678	0.00788	0.00567	0.00901	0.00517	0.00453	0.00982	0.02913	0.01245	0.00696	0.00803	0.00577	0.00287	0.00284	0.00058	0.00281	0.00230	0.00229	0.86721
20	0.00510	0.00386	0.00470	0.00451	0.00551	0.00346	0.00337	0.00663	0.01008	0.01369	0.59649	0.04084	0.27120	0.00834	0.00448	0.00122	0.00183	0.00724	0.00398	0.00346
21	0.00572	0.00397	0.00489	0.00466	0.00573	0.00355	0.00349	0.00718	0.00991	0.05998	0.51169	0.09041	0.25792	0.00840	0.00447	0.00124	0.00194	0.00729	0.00397	0.00360
22	0.04756	0.00588	0.00771	0.00615	0.00861	0.00522	0.00500	0.01573	0.01036	0.63076	0.10739	0.03268	0.03385	0.00525	0.00380	0.00117	0.00291	0.00432	0.05993	0.00571
23	0.00542	0.00406	0.00610	0.00610	0.00677	0.00474	0.00474	0.00677	0.00610	0.00880	0.01016	0.01490	0.00948	0.02844	0.85169	0.00610	0.01016	0.00406	0.00203	0.00339
24	0.00657	0.00331	0.00496	0.00496	0.00497	0.00332	0.00332	0.00497	0.00496	0.00663	0.00665	0.01159	0.00664	0.01346	0.03032	0.87330	0.00342	0.00331	0.00165	0.00168
25	0.06416	0.00677	0.00750	0.00655	0.00847	0.00723	0.00513	0.13856	0.28490	0.10449	0.19233	0.07749	0.05891	0.00617	0.00397	0.00124	0.00282	0.00516	0.01304	0.00510
26	0.00571	0.00415	0.00566	0.00556	0.00613	0.00443	0.01762	0.02520	0.00682	0.00946	0.08327	0.06236	0.01449	0.30254	0.38063	0.00421	0.00633	0.04981	0.00250	0.00313
27	0.06828	0.00984	0.01053	0.00815	0.01106	0.01078	0.00672	0.68792	0.01623	0.08509	0.00944	0.00940	0.00665	0.00449	0.00366	0.00113	0.00394	0.00337	0.03711	0.00620
28	0.12343	0.00581	0.00645	0.00624	0.00775	0.00614	0.00494	0.07292	0.17040	0.06060	0.01833	0.17820	0.11521	0.02411	0.00450	0.00145	0.00294	0.18277	0.00349	0.00432
29	0.00571	0.00399	0.00477	0.00490	0.00532	0.00395	0.00337	0.02721	0.00705	0.00931	0.05603	0.08261	0.08171	0.50528	0.02923	0.00285	0.00345	0.15761	0.00282	0.00283
30	0.00553	0.00369	0.00422	0.00422	0.00424	0.00371	0.00240	0.00555	0.00553	0.00740	0.01181	0.02428	0.01353	0.82439	0.05019	0.01535	0.00391	0.00543	0.00228	0.00233
31	0.00796	0.00784	0.01126	0.00965	0.00984	0.01064	0.03948	0.00887	0.00600	0.00921	0.00622	0.04806	0.00636	0.03099	0.04825	0.00189	0.72786	0.00379	0.00179	0.00405
32	0.00547	0.00412	0.00472	0.00464	0.00576	0.00381	0.00347	0.00706	0.04902	0.03897	0.16140	0.09646	0.45151	0.04293	0.08044	0.00180	0.00284	0.01742	0.01469	0.00349
33	0.00466	0.00380	0.00408	0.00416	0.00524	0.00327	0.00307	0.00566	0.00861	0.01061	0.11577	0.11447	0.63235	0.04198	0.00509	0.00140	0.00204	0.02702	0.00354	0.00320
34	0.01030	0.83613	0.01952	0.00662	0.00981	0.04732	0.00652	0.01150	0.00782	0.00894	0.00530	0.00611	0.00487	0.00327	0.00247	0.00082	0.00416	0.00204	0.00164	0.00485
35	0.00785	0.04012	0.02475	0.00698	0.00887	0.00742	0.04626	0.02439	0.42222	0.01481	0.26823	0.02998	0.06995	0.00610	0.00407	0.00124	0.00283	0.00527	0.00370	0.00496
36	0.00605	0.00444	0.00598	0.00627	0.03837	0.01541	0.00429	0.00689	0.00633	0.03128	0.01175	0.12226	0.01230	0.27517	0.38878	0.01490	0.03873	0.00524	0.00234	0.00323
37	0.00881	0.11825	0.39647	0.06079	0.10900	0.07987	0.08987	0.01182	0.00818	0.01113	0.00653	0.00819	0.00507	0.00375	0.00420	0.00117	0.06700	0.00297	0.00170	0.00523
38	0.00470	0.00338	0.00448	0.00528	0.00559	0.00315	0.00360	0.00546	0.00750	0.00998	0.05378	0.77555	0.04899	0.01160	0.00483	0.00153	0.00223	0.04171	0.00355	0.00312
39	0.01361	0.00560	0.00749	0.00614	0.00827	0.00495	0.00480	0.01476	0.00958	0.60518	0.01529	0.12777	0.01211	0.12886	0.00615	0.00158	0.00314	0.00498	0.01436	0.00538
40	0.00789	0.01806	0.74590	0.01021	0.01554	0.00837	0.01289	0.01196	0.00807	0.03463	0.00702	0.00813	0.00500	0.00356	0.00353	0.00114	0.00528	0.00278	0.00175	0.08830
41	0.00879	0.00865	0.01600	0.06987	0.44278	0.00861	0.24972	0.01133	0.01851	0.02248	0.00815	0.02653	0.00684	0.00547	0.06518	0.00156	0.00541	0.01675	0.00200	0.00536
42	0.00543	0.00403	0.00591	0.00591	0.00653	0.00464	0.00452	0.00666	0.00604	0.00867	0.01032	0.01581	0.00988	0.10554	0.77513	0.00587	0.00956	0.00420	0.00206	0.00329
43	0.00716	0.00674	0.01138	0.85760	0.02612	0.00843	0.01053	0.00969	0.00758	0.00969	0.00674	0.01011	0.00506	0.00379	0.00379	0.00126	0.00506	0.00337	0.00169	0.00421
44	0.00449	0.00382	0.00386	0.00390	0.00514	0.00320	0.00291	0.00544	0.00859	0.01022	0.03774	0.06847	0.80998	0.00969	0.00450	0.00129	0.00193	0.00811	0.00352	0.00320
45	0.00830	0.00830	0.01162	0.00996	0.00996	0.01162	0.00830	0.00913	0.00581	0.00913	0.00498	0.00830	0.00498	0.00664	0.01245	0.00166	0.85977	0.00332	0.00166	0.00415
46	0.00816	0.01814	0.00814	0.00598	0.00914	0.00592	0.00477	0.01135	0.14701	0.01290	0.00818	0.00890	0.00661	0.00321	0.00298	0.00069	0.00286	0.00259	0.00251	0.72996
47	0.01227	0.00938	0.01038	0.00808	0.02945	0.00961	0.00646	0.55673	0.01452	0.02005	0.00833	0.00873	0.00618	0.00398	0.00349	0.00096	0.00376	0.00305	0.00327	0.28132
48	0.00792	0.01874	0.78103	0.01126	0.04474	0.00876	0.03154	0.01215	0.00812	0.03135	0.00703	0.00822	0.00497	0.00361	0.00363	0.00120	0.00553	0.00288	0.00169	0.00563
49	0.00771	0.05405	0.81353	0.01063	0.01614	0.00906	0.01371	0.01198	0.00799	0.01189	0.00674	0.00793	0.00481	0.00359	0.00356	0.00119	0.00554	0.00277	0.00160	0.00558
50	0.00590	0.00779	0.20366	0.00661	0.00871	0.00498	0.03782	0.00820	0.00953	0.01338	0.45957	0.08768	0.10339	0.00714	0.00431	0.00124	0.00294	0.01977	0.00336	0.00404
51	0.00927	0.00904	0.14397	0.04548	0.05714	0.02577	0.15839	0.02720	0.06892	0.16183	0.06077	0.17941	0.02414	0.00581	0.00414	0.00128	0.00411	0.00533	0.00300	0.00500
52	0.02370	0.00938	0.01282	0.02814	0.31034	0.01926	0.04639	0.34606	0.02262	0.12187	0.00913	0.01743	0.00679	0.00413	0.00380	0.00115	0.00427	0.00355	0.00306	0.00610
53	0.00765	0.00701	0.01181	0.73645	0.12579	0.00843	0.01056	0.01012	0.00779	0.02868	0.00697	0.01008	0.00527	0.00376	0.00379	0.00125	0.00495	0.00338	0.00178	0.00448
54	0.01417	0.01808	0.01075	0.00977	0.01172	0.85149	0.00733	0.01514	0.01075	0.00928	0.00586	0.00684	0.00489	0.00391	0.00342	0.00098	0.00684	0.00244	0.00195	0.00440
55	0.00897	0.00860	0.01456	0.14541	0.65528	0.00892	0.02956	0.01149	0.03277	0.01200	0.00746	0.01999	0.00624	0.00365	0.00394	0.00117	0.01890	0.00352	0.00192	0.00566
56	0.01257	0.00547	0.00724	0.00589	0.00803	0.00487	0.00473	0.02445	0.01065	0.51010	0.26497	0.01764	0.01738	0.00559	0.00391	0.00115	0.00267	0.00471	0.08264	0.00532
57	0.14533	0.00905	0.00937	0.00789	0.02087	0.01020	0.00627	0.35639	0.34687	0.01930	0.01103	0.01069	0.00815	0.00460	0.00359	0.00119	0.00350	0.00354	0.00355	0.01864
58	0.00624	0.00545	0.00879	0.38396	0.04284	0.00610	0.04409	0.00796	0.00764	0.01005	0.04122	0.30922	0.02474	0.04076	0.00495	0.00147	0.01125	0.03695	0.00254	0.00378
59	0.04162	0.00625	0.00805	0.08130	0.07879	0.02963	0.01530	0.07814	0.01836	0.09000	0.04412	0.17913	0.07312	0.06275	0.04440	0.00168	0.05098	0.06318	0.00299	0.03020
60	0.01928	0.16110	0.44041	0.00996	0.01414	0.02355	0.12769	0.01141	0.00833	0.02365	0.07109	0.01050	0.03441	0.00408	0.00381	0.00115	0.02495	0.00340	0.00197	0.00512
61	0.00537	0.00388	0.00507	0.00477	0.00567	0.00358	0.00358	0.00716	0.01074	0.01521	0.84106	0.02833	0.03578	0.00775	0.00447	0.00119	0.00179	0.00686	0.00417	0.00358
62	0.00477	0.00357	0.00437	0.00483	0.00541	0.00325	0.00337	0.00564	0.00799	0.01042	0.12536	0.47265	0.23934	0.06025	0.00555	0.00156	0.00220	0.03281	0.00353	0.00314
63	0.03664	0.00664	0.01028	0.38620	0.10599	0.00749	0.04431	0.04917	0.03083	0.04626	0.05541	0.05957	0.00905	0.01980	0.03969	0.01135	0.01530	0.00410	0.05747	0.00445
64	0.00956	0.39814	0.35589	0.00875	0.01294	0.01139	0.04913	0.01238	0.02508	0.07435	0.00696	0.00775	0.00537	0.00354	0.00314	0.00103	0.00471	0.00264	0.00191	0.00532
65	0.00537	0.00388	0.00507	0.00477	0.00567	0.00358	0.00358	0.00716	0.01074	0.01521	0.84106	0.02833	0.03578	0.00775	0.00447	0.00119	0.00179	0.00686	0.00417	0.00358
66	0.00508	0.00376	0.00431	0.00447	0.00535	0.00332	0.00317	0.00599	0.00831	0.03481	0.12502	0.26811	0.42352	0.08021	0.00578	0.00154	0.00217	0.00833	0.00353	0.00323
67	0.00587	0.00426	0.00522	0.00573	0.04702	0.00418	0.00358	0.05458	0.00758	0.01015	0.06271	0.29387	0.09643	0.35525	0.01047	0.00230	0.00297	0.00725	0.01744	0.00316
68	0.00890	0.01058	0.05348	0.01579	0.01969	0.00956	0.79854	0.01214	0.00892	0.01214	0.00764	0.01015	0.00572	0.00321	0.00444	0.00128	0.00636	0.00441	0.00191	0.00513
69	0.00836	0.00848	0.01261	0.01051	0.01087	0.01143	0.08429	0.00941	0.00610	0.00941	0.00523	0.00848	0.00505	0.00632	0.01171	0.00162	0.78078	0.00343	0.00168	0.00424
70	0.00514	0.00396	0.00449	0.00453	0.00544	0.00364	0.00329	0.00651	0.03965	0.01106	0.18830	0.11634	0.38898	0.13703	0.00672	0.00167	0.00231	0.05287	0.01483	0.00325
71	0.00467	0.00376	0.00417	0.00429	0.00532	0.00326	0.00315	0.00573	0.00874	0.01097	0.16603	0.18271	0.55323	0.00972	0.00456	0.00132	0.00197	0.01953	0.00363	0.00325
72	0.00895	0.01023	0.02238	0.01598	0.01982	0.00959	0.82928	0.01215	0.00895	0.01215	0.00767	0.01023	0.00575	0.00320	0.00448	0.00128	0.00639	0.00448	0.00192	0.00512
73	0.01053	0.00848	0.00905	0.00773	0.00999	0.00960	0.00609	0.25360	0.52691	0.01784	0.05446	0.01380	0.01138	0.03759	0.00445	0.00133	0.00331	0.00421	0.00380	0.00587
74	0.00561	0.00410	0.00491	0.00481	0.00576	0.00382	0.00353	0.01747	0.04117	0.03142	0.36816	0.13763	0.24047	0.08510	0.00582	0.00150	0.00220	0.02930	0.00373	0.00349
75	0.00881	0.00543	0.00660	0.00584	0.00738	0.00541	0.00447	0.02280	0.19557	0.18810	0.37169	0.04051	0.03396	0.07972	0.00546	0.00143	0.00256	0.00559	0.00402	0.00463
76	0.83161	0.00727	0.00580	0.00511	0.00750	0.00830	0.00421	0.01167	0.00677	0.07553	0.00596	0.00664	0.00448	0.00360	0.00245	0.00117	0.00295	0.00218	0.00251	0.00427
77	0.06137	0.00408	0.00524	0.00544	0.00618	0.00416	0.00397	0.00702	0.00713	0.06089	0.02860	0.33988	0.07821	0.08017	0.25371	0.01217	0.00477	0.03065	0.00298	0.00339
78	0.05720	0.00492	0.00590	0.00537	0.00682	0.00474	0.00411	0.01921	0.08215	0.16907	0.30188	0.10609	0.14635	0.01760	0.02113	0.01626	0.00253	0.00614	0.01830	0.00423
79	0.00583	0.00402	0.00498	0.00505	0.00558	0.00392	0.00352	0.03654	0.00816	0.02177	0.24249	0.19850	0.02266	0.32323	0.01003	0.00223	0.00285	0.09223	0.00327	0.00314
80	0.00717	0.00602	0.00661	0.00642	0.00735	0.09333	0.00483	0.04029	0.05627	0.03549	0.06091	0.19593	0.02562	0.06484	0.33377	0.00331	0.03102	0.01430	0.00276	0.00376
81	0.00689	0.00597	0.00917	0.06953	0.15087	0.01528	0.04892	0.01869	0.00730	0.01028	0.03884	0.06350	0.03634	0.05758	0.30939	0.01210	0.09282	0.01473	0.02777	0.00402
82	0.00529	0.00368	0.00450	0.00469	0.00494	0.00369	0.00302	0.00569	0.00622	0.00829	0.01544	0.18292	0.07715	0.48805	0.13545	0.01826	0.00419	0.02326	0.00260	0.00268
83	0.00968	0.66112	0.20816	0.00748	0.01126	0.01344	0.00819	0.01162	0.00783	0.02355	0.00578	0.00664	0.00493	0.00335	0.00272	0.00091	0.00439	0.00223	0.00167	0.00506
84	0.06805	0.07406	0.08856	0.00720	0.04200	0.00722	0.00614	0.07978	0.02197	0.08561	0.00760	0.00833	0.00589	0.00333	0.00305	0.00082	0.00339	0.00258	0.00250	0.48193
85	0.00779	0.02020	0.12181	0.00760	0.05609	0.00617	0.02570	0.01081	0.10791	0.06629	0.10226	0.04610	0.12228	0.02107	0.02777	0.00127	0.01777	0.01147	0.01546	0.20418
86	0.00838	0.03047	0.06662	0.01494	0.01101	0.02594	0.11136	0.05870	0.03164	0.01268	0.03112	0.00964	0.00695	0.02149	0.04478	0.00113	0.01487	0.00300	0.00231	0.49298
87	0.00795	0.00669	0.00855	0.02179	0.06489	0.01597	0.04192	0.04953	0.29025	0.01365	0.09262	0.07302	0.01516	0.00804	0.06261	0.00165	0.00379	0.16117	0.00330	0.05746
88	0.00914	0.00786	0.00872	0.00838	0.05910	0.00889	0.00613	0.02871	0.69584	0.01565	0.08238	0.01486	0.01307	0.00521	0.00389	0.00126	0.00300	0.00440	0.00374	0.01976
89	0.84098	0.00742	0.00580	0.00517	0.00751	0.00860	0.00424	0.02403	0.04336	0.01707	0.00579	0.00656	0.00447	0.00361	0.00244	0.00118	0.00296	0.00217	0.00244	0.00423
90	0.03998	0.04223	0.00673	0.00582	0.00635	0.01679	0.01714	0.00718	0.00614	0.01837	0.01046	0.01948	0.01115	0.44128	0.18684	0.00351	0.11121	0.04401	0.00221	0.00311
91	0.00775	0.05705	0.75990	0.01039	0.01565	0.00901	0.01315	0.01221	0.04280	0.01199	0.00735	0.02313	0.00545	0.00380	0.00358	0.00119	0.00537	0.00297	0.00173	0.00554
92	0.00971	0.02311	0.10444	0.01935	0.07391	0.09357	0.11701	0.02172	0.03607	0.16421	0.03649	0.15865	0.03075	0.00655	0.01982	0.02338	0.00432	0.04922	0.00293	0.00480

[dist]
# distance from previous block
# <min> <max>
0	2

[block]
# block no. 1 follows, 72 sequences, length 10
# corresponding to MSA columns:
# 279-288
name=unknown_B
#
# <colnr> <probs for GDERKNQSTAVLIFYWHMCP>
#	G	D	E	R	K	N	Q	S	T	A	V	L	I	F	Y	W	H	M	C	P
0	0.00848	0.00860	0.05302	0.11713	0.05565	0.15707	0.00710	0.03094	0.00806	0.04527	0.02680	0.06991	0.00922	0.03472	0.24480	0.00269	0.08736	0.02677	0.00226	0.00417
1	0.02594	0.11310	0.19323	0.00974	0.03861	0.00864	0.16049	0.03175	0.09003	0.18923	0.04930	0.01177	0.03162	0.00483	0.02392	0.00129	0.00452	0.00376	0.00279	0.00544
2	0.00596	0.00427	0.00556	0.00608	0.00705	0.00412	0.00505	0.00766	0.03036	0.03323	0.06607	0.13235	0.18062	0.01003	0.00493	0.00158	0.00293	0.48502	0.00358	0.00354
3	0.00659	0.00329	0.00494	0.00494	0.00494	0.00329	0.00329	0.00494	0.00494	0.00659	0.00659	0.01153	0.00659	0.01318	0.01482	0.88966	0.00329	0.00329	0.00165	0.00165
4	0.02689	0.04228	0.10521	0.06720	0.16346	0.14247	0.07312	0.06045	0.06585	0.05047	0.05365	0.02489	0.00824	0.00595	0.06156	0.00150	0.03577	0.00362	0.00238	0.00506
5	0.00524	0.00338	0.00449	0.00495	0.00526	0.00317	0.00335	0.00519	0.00672	0.00876	0.01890	0.46381	0.14170	0.01196	0.00802	0.28910	0.00251	0.00794	0.00291	0.00263
6	0.00891	0.00810	0.01383	0.36387	0.34861	0.00883	0.08212	0.03712	0.00854	0.04895	0.00737	0.00988	0.00573	0.00372	0.00408	0.00121	0.02849	0.00349	0.00198	0.00517
7	0.00884	0.00900	0.01499	0.10686	0.08751	0.05998	0.31043	0.02550	0.04087	0.02664	0.03015	0.01067	0.00695	0.00642	0.08010	0.00173	0.16259	0.00391	0.00207	0.00476
8	0.02140	0.03708	0.03266	0.08963	0.12128	0.14179	0.04340	0.12070	0.08970	0.10107	0.01012	0.03075	0.02106	0.02355	0.01928	0.00134	0.04840	0.03890	0.00274	0.00515
9	0.00680	0.00483	0.00589	0.00583	0.00667	0.02895	0.00430	0.06348	0.00833	0.06494	0.08756	0.32499	0.07409	0.06510	0.16483	0.02493	0.02385	0.02784	0.00318	0.00363

[dist]
# distance from previous block
# <min> <max>
1	21

[block]
# block no. 2 follows, 72 sequences, length 164
# corresponding to MSA columns:
# 311-474
name=unknown_C
#
# <colnr> <probs for GDERKNQSTAVLIFYWHMCP>
#	G	D	E	R	K	N	Q	S	T	A	V	L	I	F	Y	W	H	M	C	P
0	0.00559	0.00422	0.00494	0.00491	0.00584	0.02534	0.00364	0.00693	0.00947	0.03456	0.41805	0.18161	0.21780	0.02102	0.00474	0.00133	0.00216	0.04057	0.00381	0.00348
1	0.00932	0.00786	0.00885	0.00725	0.05678	0.04546	0.00541	0.12744	0.00959	0.03440	0.01995	0.00894	0.01901	0.00336	0.00311	0.00073	0.00327	0.00268	0.00254	0.62405
2	0.01156	0.33977	0.01380	0.00807	0.02713	0.25094	0.00666	0.09616	0.05895	0.04383	0.00740	0.03008	0.00632	0.01562	0.00377	0.01158	0.03053	0.00285	0.00228	0.03269
3	0.00885	0.02982	0.06775	0.02351	0.02051	0.06124	0.08726	0.12780	0.03410	0.05468	0.10437	0.06633	0.03817	0.03100	0.06901	0.13678	0.00440	0.00447	0.00275	0.02720
4	0.00914	0.00510	0.00628	0.00566	0.00701	0.02070	0.00422	0.02725	0.05232	0.25036	0.23252	0.18163	0.03164	0.12653	0.00651	0.01601	0.00277	0.00622	0.00382	0.00429
5	0.00571	0.00398	0.00470	0.00458	0.00569	0.00354	0.00341	0.00691	0.00902	0.06983	0.24971	0.12725	0.40788	0.02203	0.04661	0.00155	0.00244	0.00744	0.01420	0.00352
6	0.00653	0.00464	0.00652	0.04355	0.02981	0.01778	0.00489	0.03676	0.00696	0.03159	0.05856	0.05666	0.01093	0.04011	0.47021	0.15741	0.00711	0.00436	0.00228	0.00337
7	0.00617	0.00397	0.00526	0.00520	0.00578	0.00407	0.00368	0.00694	0.00683	0.06547	0.08635	0.10906	0.03742	0.29767	0.29028	0.03590	0.00541	0.01868	0.00269	0.00315
8	0.28742	0.00546	0.00586	0.00542	0.00694	0.00568	0.00415	0.02866	0.01763	0.14973	0.05645	0.15629	0.05111	0.06905	0.04979	0.06610	0.00325	0.02394	0.00309	0.00397
9	0.00557	0.00430	0.00622	0.00619	0.00688	0.01605	0.00482	0.00691	0.00615	0.00881	0.01004	0.01471	0.00937	0.02785	0.83014	0.00597	0.02055	0.00403	0.00203	0.00341
10	0.00827	0.00703	0.00824	0.03487	0.02291	0.09191	0.04233	0.07436	0.10891	0.01190	0.01271	0.03146	0.01219	0.00974	0.08769	0.10514	0.03182	0.25416	0.04031	0.00405
11	0.00574	0.00410	0.00603	0.00598	0.00672	0.00466	0.00463	0.00704	0.00636	0.03419	0.02282	0.03193	0.02711	0.04835	0.75937	0.00563	0.00935	0.00434	0.00221	0.00344
12	0.67695	0.00653	0.00546	0.00499	0.00700	0.00732	0.00399	0.01031	0.00703	0.04489	0.06148	0.08186	0.04537	0.01950	0.00313	0.00125	0.00278	0.00348	0.00270	0.00400
13	0.00571	0.00433	0.02204	0.00511	0.00585	0.00398	0.01525	0.02038	0.04293	0.00963	0.05423	0.19230	0.21485	0.17076	0.02717	0.17271	0.00299	0.02390	0.00289	0.00299
14	0.01315	0.00988	0.01070	0.00816	0.01123	0.01053	0.00670	0.66787	0.03447	0.02169	0.00883	0.00900	0.00642	0.00426	0.00362	0.00104	0.00391	0.00323	0.00352	0.16178
15	0.04870	0.00436	0.00522	0.00516	0.00607	0.00418	0.00367	0.00834	0.03365	0.13639	0.03980	0.27277	0.10736	0.24026	0.00838	0.00200	0.00284	0.05220	0.01506	0.00357
16	0.00685	0.00414	0.00516	0.00514	0.00605	0.00383	0.00368	0.00798	0.02858	0.13437	0.11071	0.31669	0.15633	0.15325	0.00701	0.00177	0.00258	0.03870	0.00357	0.00361
17	0.00868	0.00829	0.01412	0.28811	0.58374	0.00883	0.01129	0.01102	0.00830	0.01153	0.00701	0.00962	0.00571	0.00351	0.00377	0.00117	0.00468	0.00338	0.00182	0.00544
18	0.00472	0.00391	0.01536	0.00456	0.00553	0.00332	0.00339	0.00576	0.00849	0.01075	0.13275	0.27859	0.46704	0.00999	0.00460	0.00136	0.00208	0.03097	0.00358	0.00325
19	0.05678	0.00501	0.00556	0.00523	0.00632	0.00510	0.00379	0.09016	0.06933	0.04979	0.09426	0.14948	0.13041	0.22909	0.00799	0.00189	0.00284	0.02097	0.06227	0.00374
20	0.02853	0.00442	0.00507	0.00480	0.00604	0.00412	0.00357	0.00848	0.06194	0.10619	0.18827	0.11915	0.31960	0.07733	0.00547	0.00145	0.00230	0.00682	0.04266	0.00378
21	0.37531	0.00682	0.00741	0.00599	0.00865	0.00683	0.00494	0.02818	0.00911	0.47653	0.01086	0.01011	0.00719	0.00421	0.00319	0.00117	0.00309	0.00308	0.02191	0.00543
22	0.00537	0.00368	0.00412	0.00416	0.00430	0.00360	0.00241	0.00550	0.00592	0.00776	0.01511	0.06281	0.10086	0.73962	0.01712	0.00333	0.00343	0.00601	0.00248	0.00243
23	0.02671	0.00406	0.00465	0.00468	0.00543	0.00404	0.00331	0.00788	0.06628	0.02032	0.17232	0.18460	0.06779	0.18484	0.00711	0.00173	0.00242	0.02394	0.20451	0.00340
24	0.00480	0.00378	0.00410	0.00412	0.00505	0.00333	0.00292	0.00568	0.00829	0.01039	0.14498	0.08859	0.52749	0.16132	0.00713	0.00171	0.00223	0.00759	0.00340	0.00309
25	0.00465	0.00381	0.00410	0.00415	0.00528	0.00327	0.00309	0.00571	0.00882	0.01091	0.14853	0.10379	0.64617	0.00955	0.00453	0.00130	0.00196	0.02352	0.00361	0.00325
26	0.01014	0.86900	0.01987	0.00649	0.00973	0.01501	0.00649	0.01136	0.00771	0.00892	0.00527	0.00608	0.00487	0.00324	0.00243	0.00081	0.00406	0.00203	0.00162	0.00487
27	0.01100	0.00892	0.00946	0.00803	0.01046	0.01016	0.00638	0.27459	0.57922	0.01839	0.01345	0.01257	0.00997	0.00496	0.00384	0.00124	0.00337	0.00401	0.00384	0.00614
28	0.00659	0.00329	0.00494	0.00494	0.00494	0.00329	0.00329	0.00494	0.00494	0.00659	0.00659	0.01153	0.00659	0.01318	0.01482	0.88966	0.00329	0.00329	0.00165	0.00165
29	0.00895	0.01023	0.02238	0.01598	0.01982	0.00959	0.82928	0.01215	0.00895	0.01215	0.00767	0.01023	0.00575	0.00320	0.00448	0.00128	0.00639	0.00448	0.00192	0.00512
30	0.00545	0.00395	0.00551	0.00551	0.00598	0.00442	0.00401	0.00639	0.00592	0.00837	0.01070	0.01788	0.01077	0.28015	0.60175	0.00537	0.00821	0.00450	0.00211	0.00306
31	0.00692	0.00406	0.00510	0.00501	0.00526	0.02552	0.00333	0.00634	0.01778	0.04487	0.00937	0.01711	0.00971	0.29040	0.01495	0.48928	0.00351	0.03711	0.00211	0.00228
32	0.00479	0.00330	0.00445	0.00525	0.00545	0.00310	0.00350	0.00525	0.00706	0.00941	0.01964	0.78899	0.02345	0.01200	0.00572	0.07991	0.00230	0.01012	0.00336	0.00295
33	0.00830	0.00830	0.01162	0.00996	0.00996	0.01162	0.00830	0.00913	0.00581	0.00913	0.00498	0.00830	0.00498	0.00664	0.01245	0.00166	0.85977	0.00332	0.00166	0.00415
34	0.00699	0.00646	0.01082	0.74633	0.03780	0.00799	0.00987	0.00937	0.00745	0.00965	0.00729	0.02307	0.00580	0.00635	0.08804	0.00175	0.00551	0.00355	0.00175	0.00414
35	0.00637	0.00427	0.00536	0.00550	0.00639	0.00417	0.00399	0.02295	0.06949	0.08521	0.04717	0.44976	0.14289	0.02360	0.10227	0.00198	0.00327	0.00816	0.00349	0.00372
36	0.00609	0.00434	0.00605	0.00690	0.00774	0.00434	0.00599	0.00778	0.00863	0.01122	0.01983	0.04222	0.02157	0.03736	0.00568	0.00181	0.00350	0.79204	0.00345	0.00345
37	0.00830	0.00830	0.01162	0.00996	0.00996	0.01162	0.00830	0.00913	0.00581	0.00913	0.00498	0.00830	0.00498	0.00664	0.01245	0.00166	0.85977	0.00332	0.00166	0.00415
38	0.00696	0.00651	0.04652	0.00716	0.00875	0.04347	0.08279	0.00999	0.13274	0.03047	0.17766	0.16920	0.10879	0.00817	0.01821	0.00144	0.00332	0.13035	0.00338	0.00414
39	0.01396	0.01710	0.01068	0.00959	0.01160	0.76085	0.00725	0.08163	0.01121	0.01047	0.00624	0.00723	0.00513	0.00460	0.02542	0.00112	0.00671	0.00256	0.00211	0.00454
40	0.00933	0.00865	0.01421	0.06191	0.68327	0.00876	0.01083	0.05962	0.00912	0.01287	0.00808	0.01158	0.00702	0.00393	0.00384	0.00116	0.00441	0.05709	0.00209	0.02222
41	0.00925	0.00703	0.04107	0.02556	0.01878	0.00722	0.00567	0.02231	0.40944	0.12136	0.02581	0.01458	0.01066	0.08892	0.08517	0.09084	0.00395	0.00416	0.00327	0.00495
42	0.00472	0.00333	0.00441	0.00526	0.00551	0.00312	0.00354	0.00544	0.00731	0.00985	0.02063	0.82327	0.02456	0.01163	0.00478	0.00152	0.00221	0.02557	0.03024	0.00310
43	0.00542	0.00406	0.00610	0.00610	0.00677	0.00474	0.00474	0.00677	0.00610	0.00880	0.01016	0.01490	0.00948	0.02844	0.85169	0.00610	0.01016	0.00406	0.00203	0.00339
44	0.00840	0.00788	0.01315	0.45890	0.38679	0.00880	0.01090	0.03941	0.00841	0.01138	0.00700	0.00976	0.00553	0.00364	0.00378	0.00120	0.00478	0.00338	0.00184	0.00508
45	0.00753	0.00684	0.01105	0.36868	0.23673	0.00780	0.00928	0.00974	0.02920	0.01061	0.00949	0.08223	0.00888	0.00590	0.02061	0.02126	0.06224	0.08530	0.00212	0.00449
46	0.00545	0.00373	0.00443	0.00445	0.00460	0.00381	0.00271	0.00570	0.00574	0.00771	0.01269	0.04068	0.03935	0.69526	0.14488	0.00393	0.00458	0.00548	0.00232	0.00251
47	0.00830	0.00830	0.01162	0.00996	0.00996	0.01162	0.00830	0.00913	0.00581	0.00913	0.00498	0.00830	0.00498	0.00664	0.01245	0.00166	0.85977	0.00332	0.00166	0.00415
48	0.01462	0.01030	0.01118	0.00857	0.01160	0.01128	0.00708	0.76674	0.01728	0.08834	0.00956	0.00940	0.00668	0.00456	0.00380	0.00114	0.00410	0.00345	0.00386	0.00645
49	0.00691	0.00635	0.01029	0.65950	0.02162	0.00778	0.00919	0.00919	0.00798	0.01051	0.13457	0.01327	0.02530	0.00468	0.00444	0.00128	0.05698	0.00399	0.00210	0.00409
50	0.00830	0.00830	0.01162	0.00996	0.00996	0.01162	0.00830	0.00913	0.00581	0.00913	0.00498	0.00830	0.00498	0.00664	0.01245	0.00166	0.85977	0.00332	0.00166	0.00415
51	0.00830	0.00830	0.01162	0.00996	0.00996	0.01162	0.00830	0.00913	0.00581	0.00913	0.00498	0.00830	0.00498	0.00664	0.01245	0.00166	0.85977	0.00332	0.00166	0.00415
52	0.00781	0.00793	0.05912	0.67167	0.07630	0.00864	0.05285	0.04157	0.00817	0.02008	0.00700	0.00995	0.00524	0.00376	0.00381	0.00125	0.00507	0.00340	0.00182	0.00456
53	0.00462	0.00330	0.00440	0.00528	0.00550	0.00308	0.00352	0.00528	0.00726	0.00968	0.02090	0.86424	0.02508	0.01188	0.00484	0.00154	0.00220	0.01078	0.00352	0.00308
54	0.00564	0.00443	0.00649	0.00635	0.00708	0.01740	0.01684	0.00701	0.00620	0.00886	0.00998	0.01461	0.00929	0.02738	0.81381	0.00588	0.02325	0.00403	0.00202	0.00344
55	0.00539	0.00394	0.00507	0.00478	0.00571	0.00365	0.00359	0.00728	0.02227	0.01504	0.80036	0.02843	0.06464	0.00778	0.00446	0.00120	0.00181	0.00686	0.00415	0.00360
56	0.00786	0.00674	0.00786	0.00562	0.00899	0.00506	0.00449	0.00955	0.00786	0.01236	0.00674	0.00786	0.00562	0.00281	0.00281	0.00056	0.00281	0.00225	0.00225	0.88990
57	0.00542	0.00406	0.00607	0.00607	0.00674	0.00473	0.00471	0.00676	0.00609	0.00878	0.01018	0.01503	0.00954	0.03978	0.84043	0.00606	0.01007	0.00408	0.00204	0.00337
58	0.01690	0.00664	0.00891	0.00683	0.00977	0.00585	0.00565	0.05405	0.01116	0.80968	0.01471	0.01274	0.00926	0.00469	0.00381	0.00117	0.00327	0.00380	0.00465	0.00645
59	0.00542	0.00389	0.00528	0.00531	0.00575	0.00427	0.00379	0.00628	0.00602	0.00842	0.01188	0.04556	0.03343	0.31757	0.50601	0.00494	0.00736	0.00488	0.01096	0.00300
60	0.89350	0.00733	0.00557	0.00499	0.00733	0.00851	0.00411	0.01115	0.00645	0.01702	0.00528	0.00616	0.00411	0.00352	0.00235	0.00117	0.00293	0.00205	0.00235	0.00411
61	0.01702	0.00645	0.00880	0.00675	0.00968	0.00557	0.00557	0.01848	0.01085	0.84568	0.01496	0.01291	0.00939	0.00469	0.00381	0.00117	0.00323	0.00381	0.00469	0.00645
62	0.00462	0.00330	0.00440	0.00528	0.00550	0.00308	0.00352	0.00528	0.00726	0.00968	0.02090	0.86424	0.02508	0.01188	0.00484	0.00154	0.00220	0.01078	0.00352	0.00308
63	0.00544	0.00397	0.00561	0.00561	0.00612	0.00448	0.00414	0.00646	0.00595	0.00845	0.01060	0.01734	0.01054	0.23504	0.64655	0.00550	0.00856	0.00442	0.00210	0.00312
64	0.01417	0.01808	0.01075	0.00977	0.01172	0.85149	0.00733	0.01514	0.01075	0.00928	0.00586	0.00684	0.00489	0.00391	0.00342	0.00098	0.00684	0.00244	0.00195	0.00440
65	0.01257	0.32351	0.01439	0.00806	0.01086	0.11483	0.04739	0.16703	0.03241	0.17242	0.00829	0.00860	0.00626	0.00409	0.00379	0.00105	0.05338	0.00294	0.00273	0.00541
66	0.00788	0.00650	0.00764	0.00559	0.00876	0.00493	0.00444	0.00949	0.00793	0.03418	0.00830	0.05080	0.02361	0.00344	0.00297	0.00064	0.00277	0.00283	0.00240	0.80490
67	0.01896	0.00423	0.00525	0.00516	0.00606	0.00409	0.00380	0.00805	0.07483	0.03719	0.46129	0.18624	0.06827	0.06316	0.00542	0.00145	0.00221	0.03683	0.00384	0.00366
68	0.00761	0.01962	0.84707	0.01081	0.01641	0.00881	0.01401	0.01201	0.00801	0.01201	0.00681	0.00801	0.00480	0.00360	0.00360	0.00120	0.00560	0.00280	0.00160	0.00560
69	0.86559	0.00731	0.00568	0.00504	0.00741	0.00841	0.00415	0.01138	0.00659	0.04341	0.00559	0.00638	0.00428	0.00356	0.00239	0.00117	0.00294	0.00211	0.00242	0.00418
70	0.00544	0.00365	0.00418	0.00424	0.00428	0.00363	0.00243	0.00554	0.00579	0.00774	0.03455	0.09124	0.01526	0.77649	0.01777	0.00344	0.00351	0.00597	0.00244	0.00239
71	0.00493	0.00344	0.00453	0.00523	0.00559	0.00319	0.00356	0.00570	0.00760	0.02599	0.07322	0.73721	0.05817	0.02403	0.00500	0.00154	0.00222	0.02210	0.00357	0.00318
72	0.00470	0.00336	0.00449	0.00537	0.00562	0.00315	0.00366	0.00542	0.00734	0.00977	0.02086	0.82128	0.02491	0.01181	0.00486	0.00155	0.00227	0.05297	0.00352	0.00310
73	0.01014	0.86900	0.01987	0.00649	0.00973	0.01501	0.00649	0.01136	0.00771	0.00892	0.00527	0.00608	0.00487	0.00324	0.00243	0.00081	0.00406	0.00203	0.00162	0.00487
74	0.00972	0.00829	0.00874	0.00778	0.00997	0.00957	0.00607	0.06735	0.78854	0.01633	0.01507	0.01386	0.01128	0.00511	0.00386	0.00128	0.00307	0.00424	0.00386	0.00603
75	0.03388	0.00376	0.00476	0.00515	0.00580	0.00355	0.00362	0.00711	0.00793	0.07927	0.09528	0.59531	0.02243	0.00982	0.00440	0.00139	0.00222	0.00877	0.10206	0.00349
76	0.86694	0.00743	0.00575	0.00510	0.00747	0.00861	0.00420	0.03591	0.00680	0.01722	0.00540	0.00625	0.00418	0.00355	0.00239	0.00117	0.00297	0.00209	0.00239	0.00418
77	0.03901	0.00792	0.00869	0.00749	0.00985	0.00875	0.00593	0.06583	0.59610	0.18456	0.01466	0.01336	0.01061	0.00497	0.00380	0.00125	0.00311	0.00407	0.00398	0.00606
78	0.83910	0.00728	0.00577	0.00510	0.00748	0.00833	0.00420	0.01160	0.00673	0.06845	0.00588	0.00658	0.00444	0.00359	0.00244	0.00117	0.00295	0.00216	0.00249	0.00425
79	0.00493	0.00373	0.00432	0.00450	0.00542	0.00328	0.00325	0.00595	0.00861	0.02783	0.16832	0.29154	0.43493	0.00990	0.00458	0.00134	0.00201	0.00859	0.00366	0.00329
80	0.01692	0.00660	0.00889	0.00682	0.00975	0.00579	0.00563	0.04687	0.01110	0.81695	0.01476	0.01278	0.00929	0.00469	0.00381	0.00117	0.00326	0.00380	0.00466	0.00645
81	0.09546	0.00668	0.00808	0.00701	0.00911	0.00684	0.00583	0.16910	0.02930	0.29392	0.01379	0.01979	0.01170	0.02954	0.04319	0.00162	0.02112	0.21907	0.00372	0.00514
82	0.00514	0.00416	0.00478	0.00532	0.02732	0.02099	0.00370	0.00618	0.01768	0.01028	0.06437	0.33092	0.35365	0.06077	0.00550	0.00154	0.00242	0.06861	0.00341	0.00327
83	0.00569	0.00407	0.00504	0.00503	0.00592	0.00382	0.00366	0.03078	0.03334	0.03598	0.36783	0.29668	0.15850	0.02004	0.00473	0.00135	0.00211	0.00803	0.00383	0.00358
84	0.03208	0.00745	0.00794	0.00719	0.00915	0.00846	0.00557	0.03931	0.64337	0.04376	0.01516	0.06725	0.01207	0.01804	0.00405	0.00131	0.00293	0.01489	0.05444	0.00557
85	0.44079	0.02440	0.01019	0.08893	0.03885	0.08526	0.14620	0.01146	0.00756	0.03700	0.00657	0.00852	0.00527	0.04062	0.00399	0.00129	0.02332	0.00291	0.01250	0.00437
86	0.00475	0.00340	0.00455	0.00541	0.00570	0.00320	0.00374	0.00551	0.00741	0.00984	0.02104	0.78154	0.03473	0.01173	0.00487	0.00156	0.00231	0.08207	0.00352	0.00312
87	0.01268	0.01018	0.01049	0.00876	0.01136	0.04085	0.00693	0.40170	0.41289	0.02007	0.01276	0.01247	0.00956	0.00530	0.00413	0.00134	0.00395	0.00404	0.00399	0.00652
88	0.00849	0.00740	0.00945	0.00750	0.00948	0.00784	0.01857	0.04751	0.02958	0.03847	0.00819	0.00981	0.04335	0.00499	0.01592	0.00113	0.31159	0.00310	0.00228	0.41536
89	0.00738	0.00691	0.01147	0.75374	0.08385	0.00843	0.01034	0.01018	0.03827	0.01019	0.01944	0.01048	0.00582	0.00387	0.00380	0.00125	0.00489	0.00346	0.00182	0.00440
90	0.00761	0.01962	0.84707	0.01081	0.01641	0.00881	0.01401	0.01201	0.00801	0.01201	0.00681	0.00801	0.00480	0.00360	0.00360	0.00120	0.00560	0.00280	0.00160	0.00560
91	0.01101	0.01016	0.07511	0.01122	0.01447	0.04290	0.34744	0.19509	0.04418	0.11369	0.00972	0.03621	0.00730	0.00415	0.00401	0.00120	0.00494	0.00408	0.05766	0.00545
92	0.00557	0.00402	0.00474	0.00479	0.00588	0.00360	0.00364	0.00691	0.02124	0.05436	0.19725	0.16160	0.40987	0.00935	0.00457	0.00135	0.00218	0.09188	0.00372	0.00350
93	0.00538	0.00379	0.00449	0.00447	0.00522	0.00348	0.00314	0.00632	0.00837	0.02704	0.27527	0.12138	0.25208	0.19857	0.00802	0.02526	0.00238	0.01779	0.02442	0.00314
94	0.00478	0.00338	0.00443	0.00519	0.00542	0.00319	0.00346	0.00541	0.00716	0.00955	0.03175	0.73169	0.02385	0.10913	0.00649	0.00178	0.00240	0.03451	0.00339	0.00301
95	0.00545	0.00393	0.00544	0.00544	0.00590	0.00439	0.00393	0.00635	0.00590	0.00832	0.01075	0.01819	0.01091	0.30689	0.57520	0.00529	0.00801	0.00455	0.00212	0.00302
96	0.03121	0.00787	0.00827	0.00738	0.00947	0.00902	0.00576	0.06204	0.69998	0.01621	0.04367	0.01418	0.01187	0.00513	0.00378	0.00125	0.00296	0.00424	0.04995	0.00577
97	0.00552	0.00368	0.00414	0.00414	0.00414	0.00368	0.00230	0.00552	0.00552	0.00735	0.01195	0.02482	0.01379	0.86672	0.01930	0.00368	0.00368	0.00552	0.00230	0.00230
98	0.01610	0.00793	0.00971	0.00745	0.01042	0.00776	0.00615	0.30519	0.01332	0.55550	0.01289	0.01157	0.00835	0.00464	0.00381	0.00116	0.00356	0.00367	0.00438	0.00645
99	0.00943	0.00815	0.00858	0.00772	0.00986	0.00943	0.00600	0.02015	0.83621	0.01586	0.01544	0.01415	0.01158	0.00515	0.00386	0.00129	0.00300	0.00429	0.00386	0.00600
100	0.00531	0.00379	0.00519	0.00607	0.00659	0.00367	0.00472	0.00647	0.00794	0.01045	0.02052	0.48527	0.02358	0.01123	0.00502	0.00164	0.00280	0.38297	0.00351	0.00327
101	0.00939	0.00901	0.01539	0.02328	0.84306	0.00901	0.01164	0.01164	0.00864	0.01239	0.00713	0.00939	0.00601	0.00338	0.00375	0.00113	0.00451	0.00338	0.00188	0.00601
102	0.00943	0.00815	0.00858	0.00772	0.00986	0.00943	0.00600	0.02015	0.83621	0.01586	0.01544	0.01415	0.01158	0.00515	0.00386	0.00129	0.00300	0.00429	0.00386	0.00600
103	0.00532	0.00387	0.00500	0.00472	0.00564	0.00356	0.00354	0.00706	0.01062	0.01494	0.79791	0.02877	0.07910	0.00785	0.00447	0.00120	0.00180	0.00692	0.00414	0.00356
104	0.01014	0.86900	0.01987	0.00649	0.00973	0.01501	0.00649	0.01136	0.00771	0.00892	0.00527	0.00608	0.00487	0.00324	0.00243	0.00081	0.00406	0.00203	0.00162	0.00487
105	0.01014	0.86900	0.01987	0.00649	0.00973	0.01501	0.00649	0.01136	0.00771	0.00892	0.00527	0.00608	0.00487	0.00324	0.00243	0.00081	0.00406	0.00203	0.00162	0.00487
106	0.00830	0.00830	0.01162	0.00996	0.00996	0.01162	0.00830	0.00913	0.00581	0.00913	0.00498	0.00830	0.00498	0.00664	0.01245	0.00166	0.85977	0.00332	0.00166	0.00415
107	0.00707	0.00353	0.00353	0.00353	0.00442	0.00353	0.00265	0.00884	0.00795	0.01414	0.01237	0.01414	0.00972	0.00442	0.00265	0.00088	0.00177	0.00353	0.88777	0.00353
108	0.89350	0.00733	0.00557	0.00499	0.00733	0.00851	0.00411	0.01115	0.00645	0.01702	0.00528	0.00616	0.00411	0.00352	0.00235	0.00117	0.00293	0.00205	0.00235	0.00411
109	0.00542	0.00405	0.00605	0.00605	0.00671	0.00472	0.00469	0.00674	0.00608	0.00877	0.01020	0.01512	0.00958	0.04710	0.83316	0.00604	0.01001	0.00410	0.00204	0.00336
110	0.01253	0.02101	0.06152	0.17201	0.03910	0.00744	0.02130	0.13250	0.02915	0.36742	0.05168	0.01209	0.00896	0.00449	0.00377	0.00117	0.00383	0.00373	0.04069	0.00563
111	0.00467	0.00337	0.00434	0.00509	0.00538	0.00313	0.00339	0.00531	0.00725	0.00957	0.02168	0.74060	0.08923	0.07058	0.00581	0.00167	0.00228	0.01020	0.00344	0.00304
112	0.00785	0.00674	0.00791	0.01708	0.00922	0.00510	0.00458	0.00955	0.00786	0.01232	0.00674	0.00789	0.00561	0.00282	0.00282	0.00057	0.00284	0.00226	0.00224	0.87799
113	0.00607	0.00361	0.00482	0.00486	0.00503	0.00365	0.00317	0.00572	0.00565	0.02569	0.01060	0.09749	0.01148	0.33675	0.12277	0.33894	0.00421	0.00495	0.00218	0.00236
114	0.01014	0.86900	0.01987	0.00649	0.00973	0.01501	0.00649	0.01136	0.00771	0.00892	0.00527	0.00608	0.00487	0.00324	0.00243	0.00081	0.00406	0.00203	0.00162	0.00487
115	0.00676	0.00563	0.00661	0.00530	0.00772	0.00441	0.00406	0.00814	0.00787	0.01159	0.03216	0.17390	0.11026	0.01801	0.00367	0.00089	0.00258	0.00470	0.00268	0.58305
116	0.00544	0.00364	0.00416	0.00424	0.00426	0.00362	0.00240	0.00549	0.00567	0.00756	0.01273	0.09828	0.01478	0.79191	0.01804	0.00349	0.00355	0.00598	0.00240	0.00237
117	0.00893	0.01015	0.02206	0.01575	0.01958	0.00949	0.81093	0.01209	0.00893	0.01215	0.00765	0.01018	0.00575	0.00319	0.00444	0.00126	0.00631	0.00443	0.00193	0.02480
118	0.00548	0.00393	0.00495	0.00540	0.04096	0.00363	0.00372	0.00588	0.00752	0.00950	0.05626	0.07490	0.38935	0.04894	0.02228	0.23029	0.00275	0.07842	0.00291	0.00292
119	0.00489	0.00372	0.00424	0.00441	0.00527	0.00329	0.00313	0.00580	0.00830	0.02260	0.12832	0.25684	0.44404	0.08063	0.00579	0.00154	0.00214	0.00835	0.00352	0.00319
120	0.00552	0.00368	0.00414	0.00414	0.00414	0.00368	0.00230	0.00552	0.00552	0.00735	0.01195	0.02482	0.01379	0.86672	0.01930	0.00368	0.00368	0.00552	0.00230	0.00230
121	0.00801	0.00699	0.00874	0.00625	0.00965	0.00540	0.05178	0.02061	0.00806	0.01250	0.00683	0.00802	0.00564	0.00285	0.00292	0.00061	0.00303	0.00239	0.00225	0.82747
122	0.01417	0.01808	0.01075	0.00977	0.01172	0.85149	0.00733	0.01514	0.01075	0.00928	0.00586	0.00684	0.00489	0.00391	0.00342	0.00098	0.00684	0.00244	0.00195	0.00440
123	0.01386	0.03869	0.01099	0.03531	0.01211	0.80541	0.00740	0.01489	0.01058	0.00929	0.00587	0.00692	0.00489	0.00389	0.00341	0.00098	0.00672	0.00246	0.00194	0.00440
124	0.01564	0.00843	0.00999	0.00769	0.01065	0.00853	0.00634	0.39564	0.03246	0.44552	0.01225	0.01117	0.00807	0.00464	0.00381	0.00116	0.00366	0.00364	0.00426	0.00644
125	0.00569	0.00423	0.00521	0.00502	0.00600	0.00404	0.00377	0.00757	0.05133	0.03473	0.46205	0.13144	0.21045	0.00846	0.00473	0.00128	0.02893	0.01757	0.00386	0.00365
126	0.00542	0.00406	0.00606	0.00606	0.00673	0.00472	0.00470	0.00675	0.00609	0.00878	0.01019	0.01505	0.00955	0.04155	0.83867	0.00606	0.01006	0.00409	0.00204	0.00337
127	0.00830	0.00830	0.01162	0.00996	0.00996	0.01162	0.00830	0.00913	0.00581	0.00913	0.00498	0.00830	0.00498	0.00664	0.01245	0.00166	0.85977	0.00332	0.00166	0.00415
128	0.01014	0.86900	0.01987	0.00649	0.00973	0.01501	0.00649	0.01136	0.00771	0.00892	0.00527	0.00608	0.00487	0.00324	0.00243	0.00081	0.00406	0.00203	0.00162	0.00487
129	0.00448	0.00384	0.00384	0.00384	0.00512	0.00320	0.00288	0.00544	0.00864	0.01025	0.03842	0.03650	0.84152	0.00960	0.00448	0.00128	0.00192	0.00800	0.00352	0.00320
130	0.00830	0.00830	0.01162	0.00996	0.00996	0.01162	0.00830	0.00913	0.00581	0.00913	0.00498	0.00830	0.00498	0.00664	0.01245	0.00166	0.85977	0.00332	0.00166	0.00415
131	0.00830	0.00830	0.01162	0.00996	0.00996	0.01162	0.00830	0.00913	0.00581	0.00913	0.00498	0.00830	0.00498	0.00664	0.01245	0.00166	0.85977	0.00332	0.00166	0.00415
132	0.00895	0.01023	0.02238	0.01598	0.01982	0.00959	0.82928	0.01215	0.00895	0.01215	0.00767	0.01023	0.00575	0.00320	0.00448	0.00128	0.00639	0.00448	0.00192	0.00512
133	0.01057	0.01117	0.02576	0.01003	0.01221	0.23767	0.16501	0.11318	0.07138	0.02220	0.01007	0.01305	0.04685	0.00512	0.00520	0.00125	0.12942	0.07138	0.00251	0.03598
134	0.00588	0.00355	0.00441	0.00441	0.00441	0.00355	0.00264	0.00532	0.00532	0.00709	0.01012	0.02028	0.01133	0.57493	0.01777	0.30655	0.00355	0.00476	0.00208	0.00208
135	0.89350	0.00733	0.00557	0.00499	0.00733	0.00851	0.00411	0.01115	0.00645	0.01702	0.00528	0.00616	0.00411	0.00352	0.00235	0.00117	0.00293	0.00205	0.00235	0.00411
136	0.00463	0.00380	0.00399	0.00407	0.00516	0.00327	0.00298	0.00555	0.00839	0.01019	0.06244	0.09400	0.67800	0.07218	0.00560	0.00148	0.00210	0.02557	0.00345	0.00315
