[name]
unknown

[dist]
# distance from previous block
# <min> <max>
5	6

[block]
# block no. 0 follows, 67 sequences, length 28
# corresponding to MSA columns:
# 6-33
name=unknown_A
#
# <colnr> <probs for GDERKNQSTAVLIFYWHMCP>
#	G	D	E	R	K	N	Q	S	T	A	V	L	I	F	Y	W	H	M	C	P
0	0.00930	0.17111	0.05394	0.11248	0.05912	0.09162	0.06086	0.02425	0.12483	0.02299	0.14651	0.03209	0.02400	0.00583	0.03007	0.00135	0.00452	0.00425	0.00275	0.01814
1	0.00957	0.01003	0.01015	0.03833	0.12134	0.24186	0.01971	0.01081	0.00883	0.02262	0.01967	0.25912	0.01212	0.00699	0.00566	0.00134	0.14090	0.00559	0.00257	0.05281
2	0.00554	0.00418	0.00560	0.00595	0.00655	0.00414	0.00432	0.00661	0.00807	0.01111	0.12138	0.51187	0.03579	0.01310	0.10081	0.00209	0.04324	0.05432	0.00346	0.05187
3	0.01011	0.11689	0.01160	0.03655	0.14996	0.15492	0.00721	0.11415	0.00975	0.01220	0.03398	0.07842	0.00987	0.13226	0.04965	0.00187	0.05907	0.00431	0.00249	0.00474
4	0.01405	0.01067	0.01207	0.08191	0.03829	0.01196	0.00806	0.67526	0.04389	0.02285	0.00944	0.00988	0.00681	0.00480	0.00430	0.00124	0.03068	0.00363	0.00369	0.00651
5	0.00579	0.00400	0.00532	0.00610	0.00663	0.00384	0.00445	0.00710	0.03447	0.03662	0.02154	0.63166	0.02482	0.01178	0.00514	0.00165	0.00268	0.17908	0.00377	0.00356
6	0.01140	0.00726	0.00907	0.00754	0.00984	0.00734	0.04403	0.14787	0.18611	0.22271	0.13681	0.11219	0.04195	0.00642	0.00429	0.00130	0.00328	0.00551	0.00414	0.03093
7	0.00770	0.00726	0.01227	0.80342	0.07259	0.00894	0.01120	0.01036	0.00808	0.01041	0.00715	0.01065	0.00540	0.00399	0.00401	0.00133	0.00531	0.00356	0.00179	0.00456
8	0.79766	0.00794	0.00696	0.00725	0.09225	0.00905	0.00516	0.01184	0.00706	0.01749	0.00578	0.00686	0.00455	0.00371	0.00263	0.00124	0.00327	0.00231	0.00243	0.00455
9	0.00813	0.00785	0.01230	0.61789	0.11137	0.03501	0.01069	0.01050	0.00813	0.01064	0.03068	0.01085	0.00638	0.00442	0.00502	0.00136	0.09862	0.00363	0.00189	0.00464
10	0.00511	0.00398	0.00464	0.00469	0.00570	0.00351	0.00344	0.00639	0.00969	0.01265	0.32653	0.17959	0.40000	0.00987	0.00480	0.00137	0.00203	0.00854	0.00398	0.00351
11	0.05571	0.00799	0.03734	0.55516	0.02169	0.00921	0.00963	0.01333	0.22393	0.01247	0.00947	0.01152	0.00710	0.00437	0.00394	0.00134	0.00467	0.00373	0.00242	0.00500
12	0.01186	0.00731	0.00957	0.00823	0.01060	0.00742	0.05775	0.06570	0.24979	0.27277	0.01638	0.02166	0.01350	0.00654	0.00446	0.00143	0.00368	0.21049	0.00410	0.01674
13	0.01483	0.10793	0.01296	0.00888	0.01212	0.01260	0.00748	0.70044	0.01738	0.05195	0.00938	0.00941	0.00674	0.00466	0.00385	0.00117	0.00436	0.00346	0.00378	0.00663
14	0.00766	0.00620	0.00652	0.00666	0.00744	0.10011	0.00510	0.04619	0.00840	0.01051	0.01467	0.05774	0.01578	0.23246	0.03825	0.10984	0.00434	0.31584	0.00290	0.00336
15	0.01451	0.11461	0.01250	0.00987	0.01216	0.70122	0.00764	0.06160	0.01143	0.01066	0.00632	0.00728	0.00526	0.00409	0.00352	0.00102	0.00674	0.00259	0.00214	0.00483
16	0.00923	0.00867	0.01439	0.06619	0.65749	0.00880	0.01099	0.01185	0.04732	0.01279	0.00959	0.10663	0.00887	0.00471	0.00411	0.00126	0.00444	0.00451	0.00227	0.00590
17	0.00752	0.00655	0.00789	0.00776	0.03528	0.10074	0.04343	0.00858	0.00753	0.03545	0.01242	0.19736	0.01294	0.12124	0.29844	0.02886	0.05593	0.00575	0.00256	0.00376
18	0.01427	0.01794	0.01147	0.01035	0.01219	0.74834	0.00787	0.01529	0.01077	0.00980	0.00609	0.00741	0.00518	0.00446	0.00470	0.00112	0.10342	0.00269	0.00203	0.00462
19	0.00487	0.00362	0.00452	0.00523	0.00570	0.00330	0.00355	0.00563	0.00796	0.01032	0.02591	0.66315	0.20027	0.02909	0.00534	0.00161	0.00229	0.01065	0.00370	0.00327
20	0.00581	0.00396	0.00475	0.00475	0.00488	0.00409	0.00290	0.00607	0.00594	0.00806	0.01229	0.02433	0.01375	0.70800	0.17034	0.00435	0.00514	0.00555	0.00238	0.00264
21	0.01498	0.01911	0.01137	0.01033	0.01240	0.84295	0.00775	0.01601	0.01137	0.00982	0.00620	0.00723	0.00517	0.00413	0.00362	0.00103	0.00723	0.00258	0.00207	0.00465
22	0.00643	0.00401	0.00531	0.00564	0.00629	0.00381	0.00396	0.00731	0.00802	0.09475	0.05730	0.52806	0.06244	0.08294	0.10169	0.00229	0.00349	0.00905	0.00360	0.00362
23	0.00590	0.00461	0.00715	0.00688	0.00776	0.00510	0.04884	0.00737	0.00689	0.00970	0.01276	0.05791	0.03858	0.05198	0.65890	0.00544	0.00924	0.04900	0.00236	0.00363
24	0.00928	0.00877	0.01456	0.17854	0.59733	0.00917	0.01136	0.01219	0.05401	0.01291	0.04690	0.01129	0.00797	0.00398	0.00402	0.00123	0.00465	0.00380	0.00218	0.00587
25	0.00911	0.03829	0.01380	0.01844	0.53926	0.03346	0.03314	0.01087	0.00834	0.01163	0.00791	0.01092	0.00692	0.00890	0.14014	0.09223	0.00571	0.00363	0.00198	0.00531
26	0.12671	0.10418	0.03607	0.10610	0.01268	0.06545	0.05083	0.10527	0.12843	0.02218	0.05334	0.01144	0.00872	0.00563	0.04304	0.00140	0.00451	0.01530	0.00276	0.09597
27	0.02853	0.04670	0.04521	0.09609	0.12959	0.05196	0.08656	0.02938	0.02160	0.04938	0.00874	0.01018	0.03189	0.00378	0.00371	0.00100	0.01603	0.00326	0.00237	0.33405

[dist]
# distance from previous block
# <min> <max>
0	1

[block]
# block no. 1 follows, 67 sequences, length 33
# corresponding to MSA columns:
# 35-67
name=unknown_B
#
# <colnr> <probs for GDERKNQSTAVLIFYWHMCP>
#	G	D	E	R	K	N	Q	S	T	A	V	L	I	F	Y	W	H	M	C	P
0	0.07084	0.20343	0.03466	0.19809	0.02985	0.13259	0.04263	0.11008	0.04677	0.01289	0.00825	0.02206	0.00702	0.02478	0.00402	0.00125	0.00493	0.03850	0.00237	0.00502
1	0.00663	0.04816	0.00673	0.04537	0.00733	0.00565	0.00431	0.03016	0.06794	0.01011	0.05446	0.07926	0.01417	0.37652	0.22245	0.00370	0.00545	0.00546	0.00265	0.00349
2	0.00942	0.02860	0.01270	0.30376	0.11705	0.13103	0.09707	0.03091	0.03452	0.02196	0.03955	0.02992	0.00816	0.06128	0.00520	0.00141	0.01508	0.00396	0.00225	0.04621
3	0.25910	0.00988	0.00945	0.03947	0.01088	0.13314	0.04726	0.20833	0.06819	0.02830	0.04541	0.03393	0.02099	0.04557	0.02240	0.00147	0.00442	0.00374	0.00302	0.00505
4	0.03185	0.01009	0.01447	0.01914	0.53206	0.09148	0.05409	0.06718	0.03092	0.01365	0.00911	0.03318	0.00806	0.00452	0.00409	0.00125	0.00487	0.06179	0.00236	0.00585
5	0.01167	0.01012	0.00998	0.00860	0.01108	0.07966	0.00677	0.21428	0.56367	0.01826	0.01386	0.01303	0.01034	0.00518	0.00403	0.00130	0.00381	0.00415	0.00390	0.00632
6	0.00534	0.00416	0.00610	0.00639	0.00704	0.00388	0.06173	0.00634	0.00803	0.01058	0.02249	0.64586	0.09389	0.02451	0.00533	0.00164	0.00275	0.07690	0.00358	0.00344
7	0.00576	0.00418	0.00584	0.00584	0.00634	0.00468	0.00425	0.00677	0.00626	0.00886	0.01130	0.01885	0.01137	0.27429	0.60079	0.00569	0.00872	0.00475	0.00223	0.00324
8	0.00927	0.01031	0.02199	0.05610	0.06195	0.00981	0.70479	0.01250	0.00937	0.01270	0.00861	0.01228	0.00681	0.00376	0.00470	0.00137	0.00646	0.03982	0.00209	0.00534
9	0.00939	0.01132	0.06497	0.01663	0.02078	0.01010	0.77867	0.01284	0.00942	0.01284	0.00807	0.01070	0.00603	0.00340	0.00469	0.00135	0.00672	0.00464	0.00201	0.00544
10	0.00918	0.00863	0.01456	0.02179	0.71125	0.00860	0.01104	0.01131	0.00892	0.01268	0.00970	0.13542	0.00934	0.00491	0.00414	0.00126	0.00440	0.00473	0.00224	0.00589
11	0.00673	0.00358	0.00511	0.00511	0.00513	0.00360	0.00334	0.00539	0.00537	0.00718	0.00809	0.01481	0.00842	0.16505	0.04223	0.69934	0.00378	0.00393	0.00188	0.00192
12	0.01171	0.04585	0.01012	0.02390	0.05192	0.05326	0.01785	0.12558	0.27085	0.17323	0.01382	0.05276	0.02052	0.04681	0.04303	0.00164	0.00416	0.02356	0.00366	0.00576
13	0.01711	0.00825	0.01019	0.00781	0.01095	0.00801	0.00645	0.27830	0.01386	0.57470	0.01382	0.01235	0.00892	0.00492	0.00403	0.00123	0.00374	0.00390	0.00466	0.00682
14	0.00993	0.00953	0.01628	0.02462	0.83404	0.00953	0.01231	0.01231	0.00913	0.01310	0.00754	0.00993	0.00635	0.00357	0.00397	0.00119	0.00476	0.00357	0.00199	0.00635
15	0.01102	0.01014	0.01789	0.10793	0.01846	0.05181	0.46190	0.06301	0.08217	0.11962	0.00971	0.01128	0.00704	0.00396	0.00440	0.00131	0.00574	0.00432	0.00268	0.00561
16	0.00868	0.05725	0.66175	0.01152	0.05204	0.07129	0.01340	0.01268	0.00874	0.01232	0.00778	0.01021	0.00606	0.00418	0.00383	0.00126	0.00579	0.04370	0.00184	0.00570
17	0.00990	0.00832	0.00887	0.00799	0.01013	0.00950	0.00619	0.08687	0.67608	0.01683	0.01635	0.09962	0.01323	0.00611	0.00418	0.00137	0.00319	0.00515	0.00404	0.00608
18	0.00757	0.00713	0.01203	0.84942	0.02762	0.00891	0.01114	0.01025	0.00802	0.01025	0.00713	0.01069	0.00535	0.00401	0.00401	0.00134	0.00535	0.00356	0.00178	0.00446
19	0.09560	0.00817	0.00959	0.00780	0.03017	0.05466	0.00621	0.10836	0.01182	0.60515	0.01346	0.01210	0.00872	0.00475	0.00387	0.00122	0.00375	0.00372	0.00440	0.00647
20	0.00573	0.00430	0.00645	0.00645	0.00716	0.00501	0.00501	0.00716	0.00645	0.00931	0.01074	0.01576	0.01003	0.03008	0.84316	0.00645	0.01074	0.00430	0.00215	0.00358
21	0.00877	0.00877	0.01228	0.01053	0.01053	0.01228	0.00877	0.00965	0.00614	0.00965	0.00526	0.00877	0.00526	0.00702	0.01316	0.00175	0.85172	0.00351	0.00175	0.00439
22	0.88738	0.00776	0.00589	0.00527	0.00776	0.00900	0.00434	0.01179	0.00683	0.01799	0.00558	0.00651	0.00434	0.00372	0.00248	0.00124	0.00310	0.00217	0.00248	0.00434
23	0.00817	0.04189	0.78259	0.01155	0.01733	0.00952	0.04891	0.01269	0.00850	0.01262	0.00719	0.00852	0.00512	0.00378	0.00382	0.00126	0.00592	0.00302	0.00171	0.00588
24	0.05003	0.00852	0.01209	0.01053	0.03064	0.01145	0.04284	0.00973	0.00638	0.01017	0.00590	0.00975	0.00581	0.04864	0.02549	0.00188	0.70031	0.00363	0.00185	0.00437
25	0.00492	0.00374	0.00456	0.00518	0.00582	0.00337	0.00365	0.00578	0.00824	0.01053	0.02812	0.54615	0.28994	0.01170	0.00502	0.00155	0.00230	0.05241	0.00372	0.00332
26	0.02572	0.00870	0.00988	0.08662	0.08926	0.03534	0.00721	0.01825	0.57924	0.01533	0.01432	0.01397	0.02994	0.00507	0.00399	0.00130	0.00361	0.00425	0.00350	0.04450
27	0.00804	0.02074	0.83828	0.01143	0.01736	0.00931	0.01482	0.01270	0.00847	0.01270	0.00720	0.00847	0.00508	0.00381	0.00381	0.00127	0.00593	0.00296	0.00169	0.00593
28	0.19814	0.01034	0.01154	0.03707	0.23927	0.08489	0.00821	0.24736	0.09556	0.01766	0.00850	0.00941	0.00653	0.00422	0.00365	0.00121	0.00438	0.00330	0.00289	0.00585
29	0.00813	0.00802	0.01445	0.61527	0.08971	0.00926	0.15570	0.01086	0.00832	0.01092	0.00729	0.01061	0.00556	0.00393	0.00436	0.00134	0.02588	0.00377	0.00184	0.00477
30	0.00656	0.00363	0.00492	0.00492	0.00492	0.00363	0.00311	0.00544	0.00544	0.00725	0.00898	0.01718	0.00967	0.31367	0.01735	0.57141	0.00363	0.00432	0.00199	0.00199
31	0.00958	0.00958	0.01727	0.07938	0.43575	0.02150	0.25604	0.03979	0.00946	0.01304	0.00867	0.04810	0.00744	0.00415	0.00428	0.00128	0.00530	0.02148	0.00217	0.00573
32	0.01277	0.01174	0.01939	0.02641	0.07817	0.24741	0.07153	0.09080	0.17773	0.13798	0.01856	0.01183	0.01976	0.01262	0.00450	0.00126	0.03699	0.01177	0.00313	0.00566

[dist]
# distance from previous block
# <min> <max>
0	1

[block]
# block no. 2 follows, 67 sequences, length 19
# corresponding to MSA columns:
# 69-87
name=unknown_C
#
# <colnr> <probs for GDERKNQSTAVLIFYWHMCP>
#	G	D	E	R	K	N	Q	S	T	A	V	L	I	F	Y	W	H	M	C	P
0	0.00840	0.03220	0.00877	0.00767	0.00912	0.13459	0.05909	0.01162	0.17495	0.02001	0.07153	0.20978	0.10198	0.06190	0.00593	0.00154	0.05023	0.02306	0.00324	0.00440
1	0.00605	0.00381	0.00454	0.00454	0.00454	0.00381	0.00263	0.00571	0.00571	0.00762	0.01154	0.02352	0.01311	0.69532	0.01949	0.17427	0.00381	0.00538	0.00230	0.00230
2	0.00966	0.17057	0.12911	0.03681	0.04444	0.03857	0.06311	0.14337	0.08308	0.01467	0.13721	0.02804	0.06620	0.00529	0.00401	0.00120	0.01207	0.00437	0.00292	0.00530
3	0.05804	0.00832	0.01019	0.00825	0.06035	0.00746	0.04722	0.17236	0.01045	0.01577	0.00762	0.00870	0.00606	0.00344	0.00330	0.00083	0.00357	0.00280	0.00267	0.56263
4	0.06247	0.03221	0.07765	0.08480	0.31856	0.15738	0.11519	0.03161	0.05008	0.02117	0.00772	0.00951	0.00612	0.00384	0.00388	0.00121	0.00539	0.00344	0.00217	0.00561
5	0.00521	0.00382	0.00500	0.00566	0.00619	0.00347	0.00388	0.00603	0.00777	0.01052	0.02086	0.76442	0.02476	0.01174	0.00496	0.00155	0.00242	0.03337	0.00361	0.07475
6	0.01041	0.15882	0.19704	0.01298	0.17178	0.13919	0.05598	0.02191	0.04776	0.02242	0.00720	0.00877	0.00585	0.00426	0.00492	0.00122	0.11883	0.00315	0.00202	0.00549
7	0.12238	0.00952	0.01024	0.00816	0.01109	0.01037	0.00667	0.42915	0.16316	0.17089	0.01148	0.01095	0.00807	0.00482	0.00384	0.00124	0.00384	0.00368	0.00401	0.00643
8	0.00623	0.00500	0.00582	0.00549	0.00648	0.05346	0.00413	0.00803	0.01090	0.01508	0.70676	0.02729	0.03332	0.00999	0.08266	0.00173	0.00303	0.00670	0.00407	0.00382
9	0.01639	0.00807	0.00995	0.00768	0.01069	0.00786	0.00632	0.27496	0.01383	0.52889	0.06204	0.01333	0.01058	0.00511	0.00407	0.00123	0.00364	0.00409	0.00463	0.00664
10	0.00988	0.01086	0.01957	0.01672	0.17649	0.07729	0.50272	0.01267	0.00936	0.01258	0.00768	0.01008	0.00603	0.00355	0.00458	0.00124	0.03003	0.00409	0.00205	0.08255
11	0.00493	0.00356	0.00467	0.00554	0.00587	0.00331	0.00376	0.00568	0.00782	0.01033	0.02330	0.77742	0.07969	0.01236	0.00511	0.00162	0.00235	0.03568	0.00372	0.00328
12	0.01092	0.60847	0.01870	0.00779	0.01104	0.01362	0.07793	0.07519	0.00953	0.05256	0.07372	0.00934	0.00825	0.00400	0.00312	0.00098	0.00428	0.00299	0.00230	0.00527
13	0.01645	0.00848	0.01076	0.00923	0.07784	0.00831	0.00698	0.27889	0.01368	0.50661	0.01314	0.01204	0.00863	0.00480	0.00402	0.00122	0.00385	0.00386	0.00441	0.00679
14	0.03611	0.06646	0.01259	0.01118	0.14370	0.01140	0.00797	0.46042	0.12920	0.06537	0.01020	0.01035	0.00750	0.00459	0.00388	0.00120	0.00420	0.00362	0.00356	0.00650
15	0.00861	0.07505	0.00752	0.00649	0.00772	0.06060	0.00489	0.01004	0.04291	0.15404	0.01833	0.50191	0.01970	0.00956	0.00461	0.00146	0.00311	0.05549	0.00368	0.00428
16	0.02933	0.17352	0.01478	0.20635	0.25371	0.01010	0.05706	0.04455	0.03269	0.05781	0.07478	0.01136	0.00877	0.00419	0.00379	0.00118	0.00452	0.00368	0.00240	0.00542
17	0.54334	0.00752	0.00689	0.09064	0.00991	0.02679	0.00521	0.03785	0.05581	0.03759	0.05136	0.01218	0.09158	0.00481	0.00319	0.00126	0.00331	0.00345	0.00283	0.00450
18	0.13924	0.05516	0.10881	0.05893	0.09906	0.02122	0.04396	0.12486	0.12040	0.08233	0.03345	0.01897	0.00811	0.00467	0.00432	0.00128	0.05576	0.01093	0.00289	0.00562

[dist]
# distance from previous block
# <min> <max>
0	10

[block]
# block no. 3 follows, 67 sequences, length 118
# corresponding to MSA columns:
# 112-229
name=unknown_D
#
# <colnr> <probs for GDERKNQSTAVLIFYWHMCP>
#	G	D	E	R	K	N	Q	S	T	A	V	L	I	F	Y	W	H	M	C	P
0	0.00773	0.00779	0.07603	0.00694	0.00876	0.06879	0.02069	0.04045	0.14028	0.02367	0.33603	0.06345	0.12286	0.00740	0.00459	0.00132	0.01360	0.04136	0.00372	0.00454
1	0.01057	0.04216	0.13043	0.02329	0.11443	0.00819	0.18636	0.04340	0.03000	0.17027	0.02325	0.01352	0.02332	0.09523	0.00582	0.00151	0.00474	0.01400	0.00280	0.05673
2	0.00920	0.05851	0.27721	0.03575	0.04933	0.00836	0.07924	0.03677	0.03143	0.05385	0.00812	0.02173	0.00632	0.00380	0.00378	0.00105	0.02018	0.00318	0.00229	0.28990
3	0.00977	0.00843	0.00887	0.00800	0.01023	0.00971	0.00622	0.02069	0.79416	0.01654	0.01729	0.01591	0.04498	0.00563	0.00411	0.00136	0.00313	0.00469	0.00407	0.00623
4	0.00832	0.00713	0.00832	0.00594	0.00950	0.00535	0.00475	0.01010	0.00832	0.01307	0.00713	0.00832	0.00594	0.00297	0.00297	0.00059	0.00297	0.00238	0.00238	0.88357
5	0.00572	0.00437	0.00559	0.00577	0.00655	0.00446	0.00446	0.00689	0.00802	0.01053	0.06653	0.07891	0.22962	0.13984	0.18560	0.00295	0.03846	0.18917	0.00315	0.00341
6	0.00814	0.00605	0.00899	0.00801	0.02399	0.00580	0.11516	0.04019	0.08724	0.09374	0.12535	0.33415	0.01972	0.00819	0.00463	0.00140	0.00327	0.04063	0.00363	0.06172
7	0.00531	0.00383	0.00506	0.00590	0.00636	0.00364	0.00427	0.01595	0.00819	0.01079	0.02276	0.64475	0.06821	0.01205	0.00517	0.00165	0.00260	0.16637	0.00372	0.00339
8	0.00947	0.01082	0.02366	0.01690	0.02096	0.01014	0.81947	0.01285	0.00947	0.01285	0.00811	0.01082	0.00609	0.00338	0.00473	0.00135	0.00676	0.00473	0.00203	0.00541
9	0.01086	0.00842	0.00909	0.00805	0.01041	0.00953	0.00630	0.02112	0.73715	0.10694	0.01627	0.01482	0.01199	0.00539	0.00408	0.00135	0.00320	0.00448	0.00418	0.00640
10	0.00577	0.00411	0.00548	0.00545	0.00589	0.00443	0.00382	0.00664	0.00664	0.00929	0.08731	0.02146	0.01450	0.37517	0.42130	0.00490	0.00706	0.00521	0.00248	0.00312
11	0.10710	0.00698	0.00890	0.00694	0.00989	0.00638	0.00571	0.04828	0.01127	0.68917	0.04711	0.01341	0.01035	0.00496	0.00390	0.00124	0.00336	0.00395	0.00465	0.00645
12	0.00920	0.00561	0.00688	0.00593	0.00759	0.00536	0.00452	0.05359	0.08961	0.17751	0.37531	0.02248	0.03389	0.12206	0.00651	0.00158	0.00279	0.00568	0.00406	0.05984
13	0.00489	0.00349	0.00465	0.00558	0.00582	0.00326	0.00372	0.00558	0.00768	0.01024	0.02210	0.85644	0.02653	0.01256	0.00512	0.00163	0.00233	0.01140	0.00372	0.00326
14	0.00804	0.02074	0.83828	0.01143	0.01736	0.00931	0.01482	0.01270	0.00847	0.01270	0.00720	0.00847	0.00508	0.00381	0.00381	0.00127	0.00593	0.00296	0.00169	0.00593
15	0.00953	0.00912	0.01555	0.16519	0.69660	0.00942	0.01211	0.01196	0.00894	0.01262	0.00747	0.01006	0.00618	0.00365	0.00398	0.00122	0.00486	0.00357	0.00195	0.00603
16	0.00757	0.00713	0.01203	0.84942	0.02762	0.00891	0.01114	0.01025	0.00802	0.01025	0.00713	0.01069	0.00535	0.00401	0.00401	0.00134	0.00535	0.00356	0.00178	0.00446
17	0.00489	0.00349	0.00465	0.00558	0.00582	0.00326	0.00372	0.00558	0.00768	0.01024	0.02210	0.85644	0.02653	0.01256	0.00512	0.00163	0.00233	0.01140	0.00372	0.00326
18	0.01000	0.63578	0.24041	0.00809	0.01219	0.01411	0.00900	0.01219	0.00823	0.01031	0.00601	0.00698	0.00513	0.00353	0.00291	0.00097	0.00473	0.00236	0.00171	0.00536
19	0.00607	0.00446	0.00533	0.00510	0.00569	0.00445	0.01789	0.00756	0.07338	0.01053	0.16802	0.04331	0.09710	0.48884	0.04322	0.00295	0.00354	0.00628	0.00307	0.00320
20	0.01795	0.00690	0.00935	0.00717	0.01027	0.00600	0.00592	0.03276	0.01160	0.82343	0.01572	0.01358	0.00988	0.00496	0.00403	0.00124	0.00343	0.00403	0.00495	0.00683
21	0.00502	0.00377	0.00466	0.00511	0.00578	0.00341	0.00360	0.00604	0.00876	0.01150	0.17605	0.47698	0.24064	0.01111	0.00495	0.00149	0.00219	0.02170	0.00385	0.00339
22	0.00582	0.00394	0.00465	0.00465	0.00475	0.00404	0.00278	0.00601	0.00592	0.00798	0.01238	0.02482	0.01396	0.74677	0.13186	0.00423	0.00482	0.00562	0.00239	0.00259
23	0.00757	0.00713	0.01203	0.84942	0.02762	0.00891	0.01114	0.01025	0.00802	0.01025	0.00713	0.01069	0.00535	0.00401	0.00401	0.00134	0.00535	0.00356	0.00178	0.00446
24	0.01718	0.00814	0.01012	0.00776	0.01089	0.00784	0.00641	0.25776	0.01367	0.59550	0.01398	0.01245	0.00900	0.00492	0.00403	0.00123	0.00371	0.00391	0.00468	0.00682
25	0.00621	0.00443	0.00614	0.00704	0.00783	0.00439	0.00595	0.00783	0.00891	0.01163	0.02115	0.16763	0.02339	0.03256	0.00585	0.00186	0.00349	0.66645	0.00367	0.00360
26	0.00576	0.00388	0.00449	0.00463	0.00469	0.00385	0.00274	0.00591	0.00617	0.00821	0.01398	0.11211	0.01617	0.73573	0.01820	0.00357	0.00372	0.04100	0.00262	0.00257
27	0.01799	0.00683	0.00931	0.00714	0.01024	0.00589	0.00589	0.01954	0.01148	0.83682	0.01582	0.01365	0.00993	0.00496	0.00403	0.00124	0.00341	0.00403	0.00496	0.00683
28	0.01438	0.01074	0.01156	0.00888	0.01208	0.01168	0.00730	0.71136	0.05277	0.02378	0.00969	0.00974	0.00697	0.00467	0.00392	0.00115	0.00423	0.00354	0.00386	0.08770
29	0.01525	0.01123	0.01204	0.00923	0.01244	0.01244	0.00762	0.82067	0.01886	0.02528	0.00963	0.00963	0.00682	0.00481	0.00401	0.00120	0.00441	0.00361	0.00401	0.00682
30	0.00556	0.00414	0.00520	0.00494	0.00599	0.00374	0.00369	0.00725	0.01073	0.01486	0.64190	0.07497	0.16131	0.00860	0.00471	0.00128	0.00197	0.00753	0.00421	0.02742
31	0.00757	0.00713	0.01203	0.84942	0.02762	0.00891	0.01114	0.01025	0.00802	0.01025	0.00713	0.01069	0.00535	0.00401	0.00401	0.00134	0.00535	0.00356	0.00178	0.00446
32	0.00905	0.01063	0.05715	0.01557	0.01942	0.00952	0.70946	0.01235	0.00960	0.01314	0.08409	0.01248	0.00897	0.00384	0.00469	0.00134	0.00628	0.00489	0.00223	0.00528
33	0.01799	0.00683	0.00931	0.00714	0.01024	0.00589	0.00589	0.01954	0.01148	0.83682	0.01582	0.01365	0.00993	0.00496	0.00403	0.00124	0.00341	0.00403	0.00496	0.00683
34	0.00813	0.00745	0.01211	0.77732	0.04216	0.00916	0.01093	0.06449	0.00877	0.01131	0.00730	0.01061	0.00546	0.00406	0.00401	0.00132	0.00527	0.00357	0.00194	0.00465
35	0.00925	0.01095	0.07574	0.03736	0.08636	0.00976	0.62039	0.01279	0.03382	0.01287	0.00879	0.01220	0.00694	0.00383	0.00461	0.00135	0.00627	0.03913	0.00213	0.00545
36	0.00568	0.00394	0.00461	0.00465	0.00487	0.00395	0.00285	0.00597	0.00629	0.00835	0.01540	0.06197	0.09001	0.64411	0.11762	0.00387	0.00448	0.00613	0.00257	0.00269
37	0.00478	0.00406	0.00411	0.00410	0.00544	0.00340	0.00308	0.00583	0.00923	0.01104	0.07221	0.03825	0.80070	0.01008	0.00474	0.00135	0.00203	0.00842	0.00375	0.00340
38	0.00528	0.00405	0.00546	0.04091	0.04153	0.00385	0.00440	0.00628	0.00819	0.01076	0.05608	0.59075	0.15194	0.01122	0.00497	0.00155	0.00255	0.04313	0.00360	0.00350
39	0.13919	0.00973	0.01112	0.02368	0.01114	0.08660	0.03710	0.13286	0.05664	0.06338	0.00761	0.00938	0.00620	0.00617	0.03021	0.00158	0.35640	0.00340	0.00257	0.00504
40	0.62782	0.00876	0.00840	0.04495	0.11987	0.05796	0.02070	0.03247	0.00788	0.03109	0.00628	0.00748	0.00490	0.00378	0.00292	0.00123	0.00377	0.00256	0.00243	0.00476
41	0.13025	0.02564	0.00994	0.00891	0.03230	0.29115	0.00681	0.05979	0.00920	0.05806	0.00770	0.01009	0.00662	0.04524	0.13562	0.00217	0.15030	0.00325	0.00237	0.00461
42	0.00572	0.00409	0.00532	0.00502	0.00596	0.00378	0.00376	0.00761	0.01129	0.01606	0.81341	0.02962	0.03722	0.00812	0.00469	0.00125	0.00189	0.00717	0.02424	0.00378
43	0.00913	0.00808	0.01174	0.04874	0.28658	0.00884	0.04084	0.06429	0.17900	0.01313	0.01034	0.01389	0.00901	0.13975	0.06701	0.00208	0.07545	0.00422	0.00261	0.00529
44	0.00568	0.00410	0.00536	0.00505	0.00599	0.00378	0.00378	0.00757	0.01135	0.01608	0.83192	0.02996	0.03784	0.00820	0.00473	0.00126	0.00189	0.00725	0.00441	0.00378
45	0.01498	0.01911	0.01137	0.01033	0.01240	0.84295	0.00775	0.01601	0.01137	0.00982	0.00620	0.00723	0.00517	0.00413	0.00362	0.00103	0.00723	0.00258	0.00207	0.00465
46	0.70558	0.17454	0.00891	0.00565	0.00831	0.02055	0.00488	0.01188	0.00714	0.01622	0.00559	0.00651	0.00451	0.00367	0.00251	0.00116	0.00338	0.00217	0.00233	0.00450
47	0.00581	0.00444	0.00571	0.00585	0.04179	0.00414	0.00411	0.00782	0.03591	0.01488	0.60987	0.06616	0.16158	0.00842	0.00470	0.00129	0.00210	0.00738	0.00416	0.00389
48	0.00831	0.00740	0.01135	0.05153	0.39064	0.00765	0.00855	0.01160	0.11406	0.01349	0.17317	0.01577	0.02609	0.00843	0.11780	0.00194	0.00475	0.00458	0.00278	0.02010
49	0.00497	0.00411	0.00439	0.00444	0.00572	0.00353	0.00340	0.00614	0.00935	0.01142	0.11196	0.03836	0.69047	0.01005	0.00481	0.00139	0.00216	0.07610	0.00379	0.00345
50	0.01006	0.00867	0.01313	0.18667	0.40294	0.00927	0.01009	0.07648	0.13741	0.05378	0.02432	0.01209	0.02852	0.00436	0.00403	0.00126	0.00442	0.00393	0.00266	0.00591
51	0.00944	0.12472	0.01575	0.01123	0.01276	0.01212	0.18360	0.05315	0.00781	0.01112	0.00630	0.00913	0.00564	0.00626	0.03202	0.00165	0.48691	0.00362	0.00194	0.00482
52	0.00887	0.00720	0.00843	0.00606	0.00959	0.00551	0.00486	0.02682	0.00866	0.04888	0.00755	0.00857	0.00613	0.00309	0.00304	0.00063	0.00302	0.00247	0.00252	0.82807
53	0.36439	0.01122	0.00928	0.00777	0.01043	0.17922	0.00624	0.28796	0.02605	0.05145	0.00768	0.00815	0.00571	0.00426	0.00332	0.00119	0.00440	0.00286	0.00304	0.00538
54	0.00577	0.00419	0.00586	0.00588	0.00640	0.00469	0.00431	0.00681	0.00632	0.00893	0.01146	0.01922	0.01153	0.26269	0.59732	0.00565	0.00869	0.01876	0.00225	0.00326
55	0.00887	0.00809	0.03115	0.00969	0.12178	0.01604	0.05072	0.04052	0.17888	0.02282	0.06557	0.05066	0.04382	0.00477	0.00379	0.00105	0.00350	0.00416	0.00297	0.33117
56	0.00489	0.00349	0.00465	0.00558	0.00582	0.00326	0.00372	0.00558	0.00768	0.01024	0.02210	0.85644	0.02653	0.01256	0.00512	0.00163	0.00233	0.01140	0.00372	0.00326
57	0.01029	0.00959	0.01587	0.10849	0.55538	0.00989	0.08773	0.11179	0.02601	0.01435	0.00798	0.01015	0.00639	0.00379	0.00405	0.00123	0.00494	0.00371	0.00226	0.00612
58	0.01194	0.00812	0.02194	0.00698	0.01040	0.00700	0.00576	0.18027	0.01122	0.20228	0.00962	0.00980	0.00701	0.00382	0.00344	0.00088	0.00341	0.00302	0.00329	0.48981
59	0.79268	0.03749	0.00681	0.00570	0.00819	0.07141	0.00468	0.01211	0.00721	0.01709	0.00563	0.00657	0.00443	0.00374	0.00257	0.00121	0.00345	0.00220	0.00242	0.00439
60	0.01072	0.86147	0.02102	0.00686	0.01029	0.01587	0.00686	0.01201	0.00815	0.00944	0.00558	0.00643	0.00515	0.00343	0.00257	0.00086	0.00429	0.00214	0.00172	0.00515
61	0.00565	0.00425	0.00517	0.00513	0.00609	0.00397	0.00385	0.00742	0.03800	0.01333	0.40930	0.07945	0.22111	0.08763	0.00626	0.00161	0.00237	0.09185	0.00394	0.00361
62	0.00581	0.00392	0.00451	0.00447	0.00459	0.00387	0.00261	0.00607	0.00658	0.00890	0.12361	0.02675	0.01773	0.74381	0.01829	0.00353	0.00362	0.00602	0.00270	0.00261
63	0.01253	0.01120	0.01238	0.04324	0.13219	0.13290	0.01961	0.36591	0.01307	0.01715	0.00811	0.00972	0.00643	0.02120	0.01513	0.00138	0.14807	0.00350	0.02055	0.00573
64	0.00604	0.00403	0.00504	0.00478	0.00573	0.00377	0.00359	0.00792	0.01076	0.01586	0.66770	0.02695	0.03231	0.00749	0.00434	0.00120	0.00189	0.00655	0.18029	0.00377
65	0.01041	0.30086	0.03027	0.10699	0.28002	0.09984	0.02365	0.02323	0.04518	0.01143	0.00757	0.00916	0.01822	0.00387	0.00359	0.00110	0.01404	0.00311	0.00202	0.00547
66	0.00899	0.00745	0.00883	0.00635	0.00989	0.00589	0.01814	0.06248	0.00908	0.03156	0.00749	0.00856	0.00608	0.00314	0.00309	0.00066	0.00313	0.00253	0.00253	0.79413
67	0.00911	0.14260	0.59007	0.01020	0.01516	0.05472	0.01229	0.02941	0.00903	0.03560	0.05030	0.00939	0.00698	0.00405	0.00368	0.00119	0.00544	0.00309	0.00200	0.00568
68	0.00946	0.00903	0.01537	0.16387	0.68185	0.00933	0.01200	0.01188	0.00895	0.01260	0.00773	0.01073	0.00650	0.00379	0.00401	0.00123	0.00484	0.01886	0.00198	0.00598
69	0.00592	0.00415	0.00544	0.00509	0.00608	0.00383	0.00383	0.00781	0.01135	0.03260	0.81550	0.02963	0.03728	0.00813	0.00472	0.00126	0.00192	0.00719	0.00443	0.00385
70	0.00504	0.00361	0.00482	0.00563	0.00597	0.00338	0.00388	0.00591	0.00810	0.01087	0.09678	0.73661	0.02738	0.01208	0.00511	0.00161	0.00236	0.05375	0.00379	0.00333
71	0.00799	0.01078	0.20670	0.12520	0.03215	0.00823	0.25232	0.03153	0.03531	0.01213	0.01078	0.11695	0.02159	0.03637	0.06258	0.00180	0.00568	0.01467	0.00231	0.00494
72	0.06169	0.00667	0.00885	0.00699	0.00969	0.00613	0.00571	0.01749	0.01052	0.68205	0.01450	0.01378	0.00969	0.04332	0.05400	0.00168	0.03255	0.00401	0.00445	0.00623
73	0.00531	0.00379	0.00513	0.00600	0.00644	0.00361	0.00440	0.00634	0.00822	0.01092	0.05679	0.62143	0.02617	0.01201	0.00521	0.00167	0.00264	0.20679	0.00375	0.00339
74	0.88738	0.00776	0.00589	0.00527	0.00776	0.00900	0.00434	0.01179	0.00683	0.01799	0.00558	0.00651	0.00434	0.00372	0.00248	0.00124	0.00310	0.00217	0.00248	0.00434
75	0.01247	0.00806	0.03987	0.23692	0.08763	0.00825	0.00854	0.05242	0.05432	0.33788	0.01111	0.01182	0.00776	0.00523	0.02083	0.00141	0.08259	0.00379	0.00329	0.00580
76	0.00985	0.02184	0.12449	0.05079	0.34881	0.00902	0.00993	0.07097	0.14032	0.04757	0.08241	0.01236	0.01001	0.00445	0.00398	0.00122	0.00428	0.00392	0.00276	0.04103
77	0.00971	0.00931	0.01589	0.10072	0.75963	0.00947	0.01220	0.01212	0.00903	0.01284	0.00751	0.01000	0.00626	0.00361	0.00397	0.00120	0.00482	0.00357	0.00197	0.00618
78	0.00826	0.00706	0.00825	0.00593	0.00944	0.00531	0.00473	0.01002	0.00831	0.01302	0.00739	0.02315	0.00630	0.00314	0.00301	0.00061	0.00296	0.00253	0.00240	0.86818
79	0.05389	0.04577	0.01162	0.00929	0.04700	0.02146	0.00728	0.63007	0.01632	0.02218	0.01029	0.08747	0.00842	0.00536	0.00398	0.00123	0.00420	0.00419	0.00371	0.00626
80	0.00559	0.00384	0.00485	0.00525	0.00585	0.00353	0.00362	0.00649	0.00842	0.04395	0.14133	0.50084	0.14775	0.08203	0.01571	0.00176	0.00249	0.00952	0.00375	0.00343
81	0.02104	0.02216	0.22588	0.01494	0.28177	0.09606	0.06623	0.05470	0.00989	0.10442	0.01742	0.05104	0.00757	0.00438	0.00398	0.00123	0.00512	0.00383	0.00247	0.00586
82	0.00919	0.03637	0.46180	0.01440	0.15955	0.00954	0.16833	0.01316	0.02972	0.04841	0.00800	0.00951	0.00589	0.00377	0.00400	0.00126	0.00567	0.00348	0.00201	0.00593
83	0.04387	0.00838	0.01015	0.00780	0.01092	0.00826	0.00645	0.29709	0.01389	0.53015	0.01336	0.01204	0.00868	0.00487	0.00398	0.00123	0.00375	0.00383	0.00456	0.00675
84	0.00559	0.00395	0.00508	0.00544	0.00612	0.00374	0.00387	0.00659	0.00846	0.04193	0.13291	0.48454	0.17236	0.01256	0.07177	0.00190	0.01662	0.00934	0.00371	0.00353
85	0.01027	0.04147	0.05228	0.10525	0.51857	0.02313	0.02405	0.06213	0.05031	0.04645	0.00854	0.02464	0.00693	0.00401	0.00395	0.00122	0.00474	0.00370	0.00232	0.00604
86	0.00620	0.00456	0.00600	0.00545	0.00672	0.00415	0.03630	0.00809	0.02878	0.04993	0.52529	0.05261	0.23383	0.00841	0.00470	0.00130	0.00223	0.00737	0.00414	0.00392
87	0.01054	0.78113	0.01979	0.00690	0.01019	0.01515	0.00674	0.01251	0.06316	0.01011	0.02858	0.00764	0.00650	0.00369	0.00273	0.00090	0.00415	0.00244	0.00195	0.00519
88	0.01228	0.02475	0.01373	0.05018	0.37165	0.22350	0.04319	0.03850	0.02464	0.12394	0.00864	0.01024	0.00679	0.02543	0.00431	0.00124	0.00525	0.00348	0.00251	0.00576
89	0.00799	0.00761	0.03905	0.16440	0.17278	0.01740	0.03631	0.02656	0.15965	0.01303	0.08509	0.10891	0.09508	0.01835	0.00456	0.00138	0.00388	0.03001	0.00299	0.00496
90	0.00929	0.01049	0.02252	0.01617	0.02008	0.00987	0.76651	0.01278	0.02994	0.01286	0.00962	0.01203	0.03922	0.00370	0.00472	0.00135	0.00648	0.00488	0.00215	0.00535
91	0.00499	0.00407	0.00440	0.00432	0.00557	0.00349	0.00324	0.00623	0.00972	0.01221	0.24829	0.03633	0.62389	0.00964	0.00474	0.00133	0.00199	0.00815	0.00391	0.00349
92	0.06098	0.00719	0.00889	0.12800	0.04966	0.02807	0.00647	0.09644	0.08023	0.22723	0.09393	0.02893	0.09523	0.03449	0.02093	0.00147	0.00377	0.01919	0.00363	0.00527
93	0.00801	0.00829	0.12174	0.05476	0.15733	0.01788	0.04782	0.03633	0.00936	0.06227	0.11465	0.21594	0.06405	0.00773	0.02381	0.00149	0.00400	0.03671	0.00306	0.00478
94	0.00687	0.00365	0.00546	0.00543	0.00550	0.00378	0.00372	0.00549	0.00536	0.00724	0.00732	0.01249	0.00725	0.01544	0.09856	0.78118	0.01793	0.00357	0.00178	0.00197
95	0.01468	0.01867	0.01203	0.01069	0.01286	0.79788	0.05168	0.01584	0.01126	0.00998	0.00630	0.00743	0.00522	0.00409	0.00368	0.00105	0.00721	0.00270	0.00206	0.00469
96	0.01000	0.09451	0.11217	0.13843	0.36649	0.08741	0.03662	0.04211	0.00926	0.01228	0.00733	0.00974	0.00603	0.00397	0.00417	0.00121	0.03626	0.01438	0.00199	0.00563
97	0.00621	0.00672	0.11937	0.00718	0.00856	0.00573	0.02450	0.00792	0.00670	0.00965	0.01033	0.01588	0.00976	0.13525	0.58209	0.00518	0.02873	0.00431	0.00211	0.00381
98	0.00553	0.00401	0.00522	0.00510	0.00595	0.00370	0.00376	0.00723	0.01075	0.01508	0.69092	0.15231	0.05760	0.00890	0.00479	0.00132	0.00196	0.00790	0.00429	0.00370
99	0.01039	0.04183	0.06041	0.01824	0.51325	0.03938	0.01043	0.06224	0.03811	0.05904	0.00930	0.02789	0.01606	0.02116	0.02726	0.00141	0.01769	0.01752	0.00241	0.00596
100	0.01053	0.01270	0.26735	0.11383	0.14697	0.06750	0.01046	0.08351	0.04827	0.11571	0.01905	0.03427	0.00788	0.02779	0.00443	0.00133	0.00496	0.01512	0.00263	0.00571
101	0.01293	0.00579	0.00757	0.00640	0.00853	0.00521	0.00506	0.04678	0.01071	0.47644	0.08454	0.17496	0.05257	0.00696	0.00427	0.00131	0.00296	0.01835	0.06318	0.00549
102	0.00917	0.00896	0.01582	0.26615	0.49458	0.00945	0.10380	0.01173	0.00881	0.01219	0.00746	0.01024	0.00601	0.00372	0.00418	0.00126	0.01518	0.00370	0.00193	0.00566
103	0.01124	0.06677	0.21933	0.01418	0.24162	0.04377	0.07470	0.06040	0.05719	0.14361	0.00922	0.01014	0.00680	0.00409	0.00406	0.00122	0.01944	0.00351	0.00261	0.00609
104	0.01370	0.18353	0.02076	0.00944	0.01187	0.52750	0.01892	0.09357	0.01116	0.02358	0.00675	0.00801	0.00566	0.02717	0.00412	0.00112	0.02321	0.00276	0.00223	0.00495
105	0.00865	0.00732	0.00849	0.00610	0.00964	0.00568	0.00489	0.04880	0.00882	0.01365	0.00725	0.00838	0.00598	0.00306	0.00302	0.00062	0.00304	0.00244	0.00245	0.84171
106	0.01905	0.02406	0.10676	0.39480	0.13838	0.00916	0.04919	0.10051	0.00961	0.04848	0.00869	0.05790	0.00704	0.00449	0.00404	0.00130	0.00500	0.00398	0.00231	0.00525
107	0.14503	0.05176	0.25105	0.03647	0.17102	0.03774	0.13595	0.03009	0.00897	0.06727	0.00795	0.02524	0.00614	0.00395	0.00377	0.00124	0.00509	0.00344	0.00224	0.00559
108	0.00758	0.00578	0.03615	0.00730	0.05607	0.00533	0.01459	0.02813	0.05670	0.08363	0.37678	0.02467	0.06105	0.03591	0.11864	0.00209	0.00392	0.06755	0.00371	0.00441
109	0.00676	0.00366	0.00527	0.00542	0.01805	0.00367	0.00348	0.00548	0.00546	0.00731	0.00831	0.03359	0.00869	0.15130	0.03093	0.69101	0.00367	0.00406	0.00191	0.00199
110	0.01023	0.13400	0.24982	0.02363	0.12167	0.09266	0.10371	0.04825	0.02550	0.04322	0.00780	0.01920	0.00613	0.00385	0.00370	0.00112	0.00520	0.00324	0.00218	0.09490
111	0.01921	0.05051	0.15551	0.05972	0.10679	0.04179	0.08349	0.08825	0.02561	0.10267	0.04353	0.11380	0.01138	0.01846	0.00445	0.00136	0.00455	0.06071	0.00290	0.00532
112	0.00862	0.00842	0.02678	0.11218	0.40470	0.00831	0.15343	0.01078	0.00848	0.01174	0.00950	0.04283	0.01843	0.13930	0.00678	0.00169	0.00493	0.01578	0.00214	0.00516
113	0.00807	0.00928	0.09299	0.05075	0.14094	0.00796	0.31361	0.01098	0.03557	0.01245	0.03843	0.10059	0.09966	0.00581	0.00456	0.00137	0.00491	0.05446	0.00257	0.00500
114	0.01110	0.06014	0.15835	0.01169	0.15863	0.14042	0.04903	0.04748	0.02234	0.13288	0.00987	0.03363	0.00835	0.12018	0.00614	0.00157	0.00500	0.01526	0.00262	0.00533
115	0.00957	0.00976	0.04857	0.10018	0.64577	0.00960	0.04713	0.01220	0.02239	0.01274	0.00757	0.01002	0.00625	0.00378	0.00435	0.00124	0.03724	0.00361	0.00198	0.00604
116	0.00714	0.00630	0.00887	0.08053	0.10597	0.02129	0.04966	0.00863	0.00810	0.01107	0.01549	0.12013	0.14439	0.06589	0.09197	0.01871	0.02984	0.02351	0.00262	0.17989
117	0.01020	0.11321	0.10070	0.16701	0.25923	0.03815	0.11734	0.04200	0.00936	0.07098	0.00806	0.01996	0.00633	0.00390	0.00389	0.00120	0.00512	0.00357	0.00221	0.01759

[dist]
# distance from previous block
# <min> <max>
7	23

[block]
# block no. 4 follows, 67 sequences, length 26
# corresponding to MSA columns:
# 253-278
name=unknown_E
#
# <colnr> <probs for GDERKNQSTAVLIFYWHMCP>
#	G	D	E	R	K	N	Q	S	T	A	V	L	I	F	Y	W	H	M	C	P
0	0.01031	0.07401	0.25930	0.01203	0.13920	0.09085	0.06931	0.07505	0.05255	0.06415	0.04174	0.01154	0.00820	0.06842	0.00512	0.00141	0.00509	0.00368	0.00247	0.00557
1	0.02215	0.02969	0.02941	0.06273	0.09260	0.04175	0.02654	0.00954	0.03844	0.06527	0.05966	0.05575	0.06165	0.25418	0.08240	0.04003	0.01640	0.00511	0.00269	0.00403
2	0.00827	0.00819	0.10390	0.06999	0.11408	0.02782	0.05745	0.05696	0.02096	0.06393	0.09725	0.23357	0.04541	0.03037	0.00492	0.00145	0.00391	0.04373	0.00312	0.00473
3	0.03310	0.01385	0.38885	0.05192	0.12007	0.00874	0.06104	0.07196	0.03891	0.05600	0.02316	0.04896	0.05620	0.00478	0.00402	0.00128	0.00494	0.00408	0.00245	0.00566
4	0.01934	0.00668	0.00927	0.14916	0.13199	0.03091	0.03670	0.06767	0.02090	0.04300	0.01281	0.14791	0.03013	0.22074	0.00856	0.01664	0.00416	0.03644	0.00273	0.00427
5	0.00638	0.00513	0.02557	0.03097	0.04100	0.00469	0.02670	0.00770	0.00892	0.05097	0.18380	0.19912	0.24137	0.09196	0.00657	0.00165	0.03405	0.02614	0.00350	0.00382
6	0.05577	0.03013	0.12992	0.09793	0.33093	0.06466	0.08688	0.02913	0.00939	0.10016	0.00844	0.02418	0.00657	0.00400	0.00392	0.00123	0.00505	0.00361	0.00234	0.00578
7	0.03595	0.08765	0.14000	0.05662	0.16006	0.16209	0.08538	0.05246	0.02333	0.02507	0.00820	0.04806	0.00706	0.00465	0.00457	0.00125	0.06936	0.02070	0.00222	0.00531
8	0.04249	0.00700	0.04319	0.04457	0.03481	0.02904	0.00602	0.10923	0.03117	0.04465	0.03573	0.01703	0.04806	0.14836	0.28617	0.00343	0.04093	0.02109	0.00271	0.00432
9	0.01242	0.05636	0.02634	0.02495	0.09558	0.52122	0.06818	0.01392	0.01049	0.01079	0.04223	0.04691	0.00843	0.00482	0.00389	0.00114	0.00616	0.03911	0.00227	0.00478
10	0.02557	0.06308	0.11608	0.06683	0.32673	0.06876	0.07476	0.07987	0.05968	0.03451	0.02715	0.01022	0.00712	0.00406	0.00405	0.00122	0.01853	0.00357	0.00236	0.00584
11	0.03506	0.03649	0.06057	0.01197	0.16709	0.14997	0.05182	0.16150	0.11686	0.05871	0.03987	0.01202	0.02762	0.02992	0.02180	0.00139	0.00489	0.00384	0.00293	0.00568
12	0.03519	0.00608	0.00778	0.00856	0.10476	0.02950	0.02357	0.06961	0.03205	0.06382	0.09773	0.31331	0.11005	0.00874	0.00463	0.00143	0.00316	0.07207	0.00357	0.00441
13	0.00860	0.13992	0.34531	0.03070	0.07693	0.03457	0.10728	0.01183	0.03422	0.01183	0.01009	0.08813	0.04322	0.00494	0.00425	0.00126	0.03528	0.00419	0.00212	0.00531
14	0.01118	0.00983	0.04153	0.05744	0.35045	0.04424	0.06290	0.13752	0.07754	0.09292	0.02956	0.02288	0.03465	0.00452	0.00408	0.00124	0.00457	0.00406	0.00287	0.00603
15	0.00976	0.03590	0.13800	0.09473	0.09784	0.06280	0.26041	0.02378	0.02255	0.08557	0.02113	0.08959	0.02974	0.00486	0.00427	0.00130	0.00528	0.00469	0.00250	0.00532
16	0.00686	0.00715	0.10579	0.03182	0.06233	0.00575	0.05906	0.00908	0.00913	0.01223	0.06581	0.08962	0.05501	0.00896	0.00503	0.00162	0.00399	0.45330	0.00324	0.00421
17	0.02720	0.00815	0.09255	0.06262	0.24363	0.02971	0.03009	0.00948	0.00830	0.01156	0.02848	0.21450	0.06153	0.00977	0.10969	0.00201	0.02705	0.01644	0.00256	0.00468
18	0.01101	0.06412	0.13129	0.08356	0.13698	0.06092	0.06376	0.10228	0.05349	0.13707	0.01209	0.03537	0.06720	0.01805	0.00425	0.00128	0.00464	0.00414	0.00288	0.00565
19	0.00949	0.04635	0.28308	0.01227	0.14761	0.03107	0.10072	0.01269	0.04204	0.10527	0.06067	0.09416	0.02649	0.00515	0.00412	0.00128	0.00474	0.00459	0.00266	0.00555
20	0.00733	0.00741	0.01426	0.08955	0.01498	0.00709	0.38862	0.00958	0.00891	0.01176	0.04032	0.21354	0.13892	0.00691	0.00477	0.00142	0.00467	0.02276	0.00276	0.00443
21	0.01077	0.09562	0.03662	0.11703	0.38391	0.17817	0.06605	0.02906	0.02324	0.01201	0.00725	0.00923	0.00593	0.00377	0.00382	0.00116	0.00542	0.00331	0.00202	0.00560
22	0.02436	0.05482	0.09361	0.02541	0.07767	0.14723	0.11292	0.22497	0.03742	0.11505	0.00945	0.02820	0.00713	0.00443	0.00393	0.00120	0.00510	0.00368	0.01755	0.00586
23	0.00877	0.00700	0.02175	0.00662	0.00836	0.05504	0.03950	0.07132	0.17700	0.04745	0.19614	0.03591	0.08715	0.03135	0.00450	0.00129	0.00306	0.00526	0.18780	0.00471
24	0.01134	0.10615	0.01128	0.00880	0.03183	0.08489	0.00689	0.14715	0.51244	0.01659	0.01292	0.01234	0.00980	0.00495	0.00386	0.00125	0.00390	0.00392	0.00357	0.00614
25	0.00886	0.07292	0.03943	0.31628	0.16663	0.05719	0.02545	0.01123	0.01941	0.01157	0.00795	0.01011	0.02493	0.00379	0.00366	0.00108	0.00466	0.00326	0.00205	0.20955

[dist]
# distance from previous block
# <min> <max>
0	1

[block]
# block no. 5 follows, 67 sequences, length 12
# corresponding to MSA columns:
# 280-291
name=unknown_F
#
# <colnr> <probs for GDERKNQSTAVLIFYWHMCP>
#	G	D	E	R	K	N	Q	S	T	A	V	L	I	F	Y	W	H	M	C	P
0	0.00983	0.03887	0.31919	0.03844	0.09626	0.04545	0.07397	0.07357	0.09911	0.05918	0.02401	0.01149	0.03323	0.02108	0.00425	0.00128	0.00497	0.00370	0.00253	0.03959
1	0.04287	0.02632	0.04136	0.02725	0.07519	0.15062	0.00725	0.21332	0.12651	0.07206	0.02347	0.06138	0.00943	0.04125	0.06227	0.00169	0.00496	0.00414	0.00317	0.00549
2	0.00536	0.00425	0.00481	0.00496	0.00602	0.00389	0.00369	0.00699	0.05257	0.01163	0.12872	0.17994	0.44376	0.05045	0.00558	0.00155	0.00236	0.07616	0.00376	0.00355
3	0.00499	0.00358	0.00466	0.00541	0.00574	0.00334	0.00363	0.00576	0.00793	0.01058	0.08405	0.71139	0.06594	0.05545	0.00585	0.00170	0.00236	0.01066	0.00371	0.00326
4	0.03608	0.00886	0.06080	0.07972	0.09198	0.03290	0.02394	0.12787	0.12004	0.23196	0.03577	0.04843	0.02674	0.03083	0.00452	0.00134	0.00400	0.00435	0.02407	0.00579
5	0.03639	0.15938	0.06021	0.03699	0.43034	0.05272	0.07281	0.03756	0.05267	0.01290	0.00762	0.00935	0.00624	0.00373	0.00372	0.00116	0.00489	0.00334	0.00211	0.00587
6	0.00612	0.00427	0.00484	0.00465	0.00599	0.00368	0.00350	0.00733	0.00968	0.08552	0.19506	0.09925	0.53662	0.00949	0.00470	0.00135	0.00215	0.00806	0.00397	0.00376
7	0.00511	0.00384	0.00472	0.00520	0.00586	0.00354	0.00370	0.00605	0.00830	0.01076	0.08524	0.41877	0.25272	0.06857	0.03765	0.00187	0.00273	0.06840	0.00363	0.00332
8	0.01115	0.06629	0.06199	0.05383	0.19236	0.05031	0.08131	0.17225	0.11846	0.06858	0.02604	0.06079	0.00896	0.00481	0.00403	0.00124	0.00456	0.00419	0.00296	0.00588
9	0.03695	0.00600	0.00708	0.00685	0.03929	0.01966	0.00500	0.04307	0.12975	0.13243	0.19543	0.16129	0.13190	0.00765	0.00459	0.00134	0.02346	0.00651	0.03704	0.00472
10	0.30919	0.00783	0.07743	0.00686	0.00924	0.00718	0.05098	0.03378	0.00876	0.13189	0.08188	0.05961	0.11096	0.02698	0.03154	0.00153	0.03200	0.00457	0.00313	0.00467
11	0.03239	0.04235	0.04800	0.06130	0.17988	0.10906	0.05335	0.15014	0.02996	0.10221	0.01139	0.08083	0.04579	0.00509	0.00399	0.00122	0.00458	0.00431	0.00292	0.03125

[dist]
