[name]
unknown

[dist]
# distance from previous block
# <min> <max>
0	53

[block]
# block no. 0 follows, 64 sequences, length 17
# corresponding to MSA columns:
# 54-70
name=unknown_A
#
# <colnr> <probs for GDERKNQSTAVLIFYWHMCP>
#	G	D	E	R	K	N	Q	S	T	A	V	L	I	F	Y	W	H	M	C	P
0	0.05720	0.04574	0.07063	0.03802	0.06083	0.04165	0.03995	0.06560	0.05724	0.25102	0.02832	0.05712	0.02686	0.04441	0.02838	0.00158	0.02606	0.01428	0.03949	0.00564
1	0.02675	0.00712	0.00952	0.10988	0.07647	0.00750	0.02933	0.14293	0.06204	0.09843	0.12653	0.13367	0.06745	0.02276	0.01828	0.00150	0.01969	0.00586	0.02913	0.00515
2	0.01051	0.02293	0.00831	0.00702	0.00913	0.00759	0.00551	0.07350	0.32159	0.15332	0.18884	0.02055	0.09164	0.03049	0.00483	0.00141	0.00304	0.00547	0.02870	0.00564
3	0.00905	0.00917	0.04380	0.08890	0.38668	0.04037	0.00994	0.01175	0.06350	0.01256	0.02477	0.06146	0.08980	0.00634	0.02841	0.00152	0.09931	0.00474	0.00247	0.00549
4	0.01172	0.00882	0.00960	0.00836	0.01085	0.00988	0.00657	0.10137	0.61934	0.11529	0.01632	0.03920	0.01226	0.00573	0.00424	0.00139	0.00342	0.00475	0.00432	0.00659
5	0.04507	0.05886	0.28648	0.05642	0.19414	0.08280	0.05612	0.05214	0.03637	0.03059	0.00955	0.02764	0.03689	0.00444	0.00399	0.00127	0.00536	0.00373	0.00230	0.00583
6	0.00614	0.00486	0.00720	0.02387	0.10153	0.00488	0.02769	0.00717	0.00777	0.01057	0.01761	0.50335	0.02023	0.12502	0.09369	0.00245	0.02018	0.00885	0.00318	0.00377
7	0.00861	0.00738	0.00861	0.00615	0.00984	0.00554	0.00492	0.01046	0.00861	0.01354	0.00738	0.00861	0.00615	0.00308	0.00308	0.00062	0.00308	0.00246	0.00246	0.87941
8	0.00861	0.00738	0.00861	0.00615	0.00984	0.00554	0.00492	0.01046	0.00861	0.01354	0.00738	0.00861	0.00615	0.00308	0.00308	0.00062	0.00308	0.00246	0.00246	0.87941
9	0.00774	0.00387	0.00387	0.00387	0.00484	0.00387	0.00290	0.00968	0.00871	0.01549	0.01355	0.01549	0.01065	0.00484	0.00290	0.00097	0.00194	0.00387	0.87708	0.00387
10	0.01183	0.00534	0.00625	0.00535	0.00719	0.00507	0.00424	0.05301	0.01032	0.29248	0.01434	0.01476	0.01035	0.00495	0.00340	0.00109	0.00261	0.00397	0.53835	0.00511
11	0.00517	0.00373	0.00490	0.00564	0.00604	0.00346	0.00384	0.00609	0.00857	0.01151	0.14085	0.70101	0.05927	0.01226	0.00523	0.00162	0.00233	0.01107	0.00396	0.00346
12	0.00858	0.00802	0.01431	0.60199	0.04620	0.00927	0.15233	0.01136	0.00867	0.03426	0.00801	0.01128	0.00602	0.00416	0.00447	0.00138	0.02650	0.00392	0.03440	0.00488
13	0.00518	0.00417	0.00454	0.00456	0.00568	0.00367	0.00331	0.00622	0.00913	0.01134	0.11595	0.08851	0.57555	0.09493	0.04707	0.00193	0.00274	0.00835	0.00372	0.00345
14	0.00796	0.00729	0.00879	0.00795	0.00856	0.07655	0.03614	0.02297	0.00788	0.01069	0.06876	0.12050	0.02944	0.20791	0.06551	0.00249	0.26027	0.02296	0.02351	0.00388
15	0.00964	0.08910	0.02257	0.14954	0.05807	0.02410	0.03082	0.01162	0.00873	0.06823	0.00782	0.00954	0.00629	0.00433	0.01965	0.00108	0.06054	0.00303	0.00238	0.41293
16	0.06769	0.29794	0.08010	0.00871	0.01180	0.16266	0.04429	0.12399	0.03948	0.02314	0.03313	0.05348	0.02752	0.00483	0.00360	0.00114	0.00490	0.00363	0.00260	0.00538

[dist]
# distance from previous block
# <min> <max>
0	4

[block]
# block no. 1 follows, 64 sequences, length 12
# corresponding to MSA columns:
# 75-86
name=unknown_B
#
# <colnr> <probs for GDERKNQSTAVLIFYWHMCP>
#	G	D	E	R	K	N	Q	S	T	A	V	L	I	F	Y	W	H	M	C	P
0	0.03651	0.07519	0.09822	0.06048	0.14712	0.06379	0.02390	0.30539	0.11247	0.01867	0.01004	0.01110	0.00772	0.00494	0.00426	0.00137	0.00510	0.00380	0.00327	0.00666
1	0.00675	0.00522	0.00654	0.03170	0.05037	0.00510	0.00483	0.00808	0.03190	0.01205	0.10618	0.10300	0.25921	0.13545	0.16987	0.00293	0.00471	0.02111	0.03088	0.00410
2	0.00536	0.00423	0.00480	0.00487	0.00594	0.00379	0.00354	0.00683	0.03166	0.01251	0.23099	0.18319	0.43757	0.03902	0.00551	0.00152	0.00222	0.00880	0.00400	0.00363
3	0.00550	0.00401	0.00485	0.00509	0.00573	0.00380	0.00351	0.00641	0.00829	0.01102	0.12248	0.27139	0.21970	0.19100	0.08866	0.00252	0.00345	0.00836	0.03089	0.00334
4	0.00599	0.00415	0.00520	0.00530	0.00622	0.00374	0.00384	0.00731	0.00995	0.05166	0.34133	0.31766	0.20152	0.01034	0.00501	0.00146	0.00222	0.00912	0.00420	0.00379
5	0.84000	0.00798	0.00628	0.00556	0.00816	0.00916	0.00458	0.01261	0.00731	0.05937	0.00632	0.00712	0.00479	0.00392	0.00265	0.00129	0.00323	0.00235	0.00270	0.00463
6	0.05426	0.00888	0.00923	0.00830	0.01066	0.01028	0.00647	0.02158	0.77967	0.01744	0.01635	0.01506	0.01227	0.00555	0.00414	0.00140	0.00328	0.00457	0.00414	0.00647
7	0.00593	0.00445	0.00668	0.00668	0.00742	0.00519	0.00519	0.00742	0.00668	0.00964	0.01113	0.01632	0.01038	0.03115	0.83756	0.00668	0.01113	0.00445	0.00223	0.00371
8	0.01002	0.15399	0.15779	0.03446	0.38688	0.04425	0.08224	0.01267	0.00919	0.01250	0.00791	0.02705	0.00676	0.00412	0.00411	0.00123	0.01931	0.01757	0.00202	0.00595
9	0.00510	0.00365	0.00486	0.00575	0.00603	0.00340	0.00386	0.00589	0.00816	0.01093	0.06579	0.80749	0.02810	0.01277	0.00528	0.00167	0.00239	0.01158	0.00389	0.00340
10	0.00962	0.26498	0.36069	0.00961	0.01368	0.09543	0.02685	0.01243	0.00906	0.01174	0.04763	0.01108	0.05806	0.00465	0.00417	0.00120	0.04822	0.00341	0.00207	0.00540
11	0.01048	0.19286	0.09226	0.01885	0.49606	0.01132	0.03640	0.05035	0.00964	0.01330	0.00745	0.00934	0.00620	0.00373	0.00379	0.00116	0.00494	0.00334	0.00208	0.02645

[dist]
# distance from previous block
# <min> <max>
2	4

[block]
# block no. 2 follows, 64 sequences, length 12
# corresponding to MSA columns:
# 91-102
name=unknown_C
#
# <colnr> <probs for GDERKNQSTAVLIFYWHMCP>
#	G	D	E	R	K	N	Q	S	T	A	V	L	I	F	Y	W	H	M	C	P
0	0.01036	0.02790	0.02996	0.06702	0.07913	0.09132	0.00738	0.10141	0.13359	0.07354	0.01405	0.05356	0.07944	0.03803	0.09978	0.00205	0.06656	0.01655	0.00310	0.00526
1	0.00803	0.00757	0.01279	0.78155	0.08965	0.00928	0.01163	0.01078	0.00839	0.01084	0.00742	0.01101	0.00562	0.00412	0.00415	0.00137	0.00549	0.00369	0.00186	0.00476
2	0.00938	0.02459	0.01043	0.00941	0.04074	0.05838	0.00726	0.05065	0.22265	0.01311	0.04838	0.01444	0.04724	0.02697	0.11751	0.00224	0.28426	0.00440	0.00287	0.00508
3	0.88336	0.00803	0.00611	0.00546	0.00803	0.00932	0.00450	0.01221	0.00707	0.01864	0.00578	0.00675	0.00450	0.00386	0.00257	0.00129	0.00321	0.00225	0.00257	0.00450
4	0.01469	0.01109	0.01184	0.00933	0.01246	0.01237	0.00763	0.65420	0.18138	0.02440	0.01137	0.01109	0.00820	0.00512	0.00417	0.00128	0.00431	0.00393	0.00417	0.00697
5	0.00507	0.00401	0.00457	0.00485	0.00582	0.00351	0.00348	0.00612	0.00923	0.01166	0.12814	0.30970	0.46691	0.01111	0.00504	0.00149	0.00219	0.00963	0.00394	0.00351
6	0.01033	0.52503	0.30614	0.00893	0.01333	0.05145	0.01004	0.01288	0.00871	0.01098	0.00639	0.00744	0.00531	0.00372	0.00316	0.00105	0.00518	0.00254	0.00179	0.00559
7	0.00603	0.00449	0.00574	0.06193	0.00771	0.00427	0.00433	0.00759	0.01004	0.03716	0.36919	0.09336	0.27274	0.02732	0.06783	0.00183	0.00306	0.00761	0.00391	0.00385
8	0.00615	0.00463	0.00670	0.06189	0.00837	0.00527	0.00522	0.00734	0.00691	0.00962	0.01285	0.06579	0.03725	0.13176	0.52405	0.03815	0.02917	0.03294	0.00241	0.00354
9	0.01214	0.29809	0.03523	0.12436	0.14360	0.09892	0.04648	0.06611	0.06114	0.02975	0.00870	0.01053	0.00720	0.00477	0.00438	0.00134	0.03505	0.00352	0.00260	0.00610
10	0.02018	0.07795	0.08718	0.02719	0.05941	0.02006	0.02387	0.05453	0.02677	0.02445	0.03641	0.13629	0.05071	0.09764	0.11660	0.00235	0.03947	0.04265	0.05178	0.00451
11	0.04853	0.24220	0.23086	0.00959	0.02794	0.10937	0.05300	0.02585	0.06462	0.02727	0.04368	0.04287	0.03486	0.00480	0.00387	0.00120	0.01796	0.00372	0.00240	0.00542

[dist]
# distance from previous block
# <min> <max>
9	26

[block]
# block no. 3 follows, 64 sequences, length 11
# corresponding to MSA columns:
# 135-145
name=unknown_D
#
# <colnr> <probs for GDERKNQSTAVLIFYWHMCP>
#	G	D	E	R	K	N	Q	S	T	A	V	L	I	F	Y	W	H	M	C	P
0	0.09978	0.09059	0.11082	0.00899	0.06678	0.03160	0.00753	0.06243	0.03994	0.04080	0.01082	0.03188	0.00973	0.01391	0.27853	0.00309	0.00668	0.07854	0.00263	0.00492
1	0.42623	0.00930	0.00890	0.00727	0.01011	0.01033	0.00595	0.34825	0.01252	0.04298	0.00862	0.04503	0.00679	0.00473	0.00341	0.00126	0.00375	0.00335	0.00336	0.03785
2	0.01829	0.00762	0.00998	0.00765	0.01088	0.00693	0.00632	0.11638	0.01281	0.73355	0.01561	0.01363	0.00989	0.00512	0.00417	0.00128	0.00366	0.00412	0.00502	0.00707
3	0.00523	0.00422	0.00465	0.00454	0.00581	0.00364	0.00341	0.00658	0.01022	0.01301	0.30060	0.03702	0.56679	0.00985	0.00491	0.00137	0.00206	0.00835	0.00409	0.00364
4	0.00506	0.00361	0.00482	0.00578	0.00602	0.00337	0.00386	0.00578	0.00795	0.01060	0.02289	0.85131	0.02747	0.01301	0.00530	0.00169	0.00241	0.01181	0.00386	0.00337
5	0.01224	0.84204	0.02235	0.00791	0.01151	0.01694	0.00759	0.01325	0.00920	0.01093	0.00699	0.00833	0.00646	0.00434	0.00320	0.00111	0.00484	0.00263	0.00219	0.00593
6	0.00517	0.00378	0.00488	0.00561	0.00608	0.00349	0.00387	0.00609	0.00854	0.01130	0.10029	0.65277	0.12269	0.01225	0.00523	0.00163	0.00238	0.03658	0.00392	0.00346
7	0.01028	0.00987	0.01686	0.02550	0.82811	0.00987	0.01275	0.01275	0.00946	0.01357	0.00781	0.01028	0.00658	0.00370	0.00411	0.00123	0.00493	0.00370	0.00206	0.00658
8	0.00583	0.00410	0.00471	0.00482	0.00546	0.00378	0.00319	0.00649	0.00808	0.03263	0.08662	0.19835	0.26738	0.33716	0.01125	0.00247	0.00294	0.00811	0.00343	0.00323
9	0.01345	0.05134	0.01148	0.00890	0.01142	0.15598	0.00721	0.44721	0.01493	0.01909	0.01193	0.01244	0.08364	0.00569	0.00501	0.02131	0.06731	0.00395	0.04192	0.00581
10	0.00898	0.00780	0.00999	0.08557	0.01237	0.00652	0.04721	0.05286	0.00922	0.01391	0.00757	0.00905	0.00615	0.00330	0.00333	0.00076	0.00359	0.00277	0.00247	0.70656

[dist]
# distance from previous block
# <min> <max>
0	4

[block]
# block no. 4 follows, 64 sequences, length 22
# corresponding to MSA columns:
# 150,151,158-177
name=unknown_E
#
# <colnr> <probs for GDERKNQSTAVLIFYWHMCP>
#	G	D	E	R	K	N	Q	S	T	A	V	L	I	F	Y	W	H	M	C	P
0	0.02504	0.07355	0.00895	0.00842	0.10833	0.00712	0.02375	0.04507	0.03468	0.01051	0.01135	0.03899	0.01211	0.50757	0.01468	0.00292	0.05543	0.00518	0.00251	0.00384
1	0.03080	0.59690	0.07492	0.00909	0.01263	0.09212	0.05745	0.01366	0.02323	0.01177	0.01939	0.02452	0.00743	0.00467	0.00359	0.00121	0.00525	0.00316	0.00235	0.00587
2	0.01123	0.22226	0.08290	0.01956	0.05643	0.01992	0.02095	0.13344	0.02563	0.08927	0.02734	0.01158	0.00815	0.02089	0.01586	0.00126	0.05238	0.03083	0.02151	0.12861
3	0.01165	0.02716	0.06003	0.04121	0.02588	0.12830	0.04403	0.21734	0.22295	0.03076	0.01343	0.06184	0.05585	0.00595	0.00462	0.03068	0.00458	0.00458	0.00339	0.00577
4	0.00673	0.00541	0.00747	0.04039	0.03778	0.00545	0.04089	0.05356	0.03143	0.01244	0.07748	0.41329	0.09894	0.04226	0.00594	0.00164	0.03572	0.05579	0.00355	0.02385
5	0.00566	0.00401	0.00498	0.00539	0.00601	0.00372	0.00378	0.00655	0.00858	0.02482	0.12122	0.38444	0.18304	0.13521	0.00768	0.01490	0.00268	0.07018	0.00373	0.00341
6	0.02341	0.00504	0.00624	0.00558	0.00718	0.00461	0.00429	0.01084	0.02767	0.21420	0.30886	0.05902	0.18166	0.03680	0.02841	0.00156	0.00276	0.00660	0.06067	0.00460
7	0.01258	0.00978	0.01049	0.00875	0.01143	0.01097	0.00699	0.36446	0.41220	0.03676	0.02968	0.04418	0.01125	0.00567	0.00425	0.00134	0.00379	0.00459	0.00421	0.00663
8	0.07491	0.00649	0.00815	0.00656	0.00912	0.00598	0.00532	0.04688	0.01137	0.52229	0.11899	0.01583	0.01353	0.00543	0.00397	0.00124	0.00312	0.00441	0.13037	0.00603
9	0.00945	0.04240	0.01388	0.01122	0.01174	0.04210	0.06655	0.01056	0.00688	0.01023	0.00571	0.00909	0.00551	0.00675	0.01223	0.00173	0.72382	0.00364	0.00185	0.00466
10	0.01579	0.01163	0.01247	0.00956	0.01288	0.01288	0.00789	0.81426	0.01953	0.02618	0.00997	0.00997	0.00706	0.00499	0.00416	0.00125	0.00457	0.00374	0.00416	0.00706
11	0.01035	0.00958	0.00917	0.00835	0.01056	0.09672	0.00648	0.01984	0.64752	0.01599	0.01785	0.01754	0.07277	0.00605	0.00428	0.00139	0.00366	0.03188	0.00397	0.00607
12	0.88336	0.00803	0.00611	0.00546	0.00803	0.00932	0.00450	0.01221	0.00707	0.01864	0.00578	0.00675	0.00450	0.00386	0.00257	0.00129	0.00321	0.00225	0.00257	0.00450
13	0.01248	0.04896	0.06575	0.02350	0.01213	0.46037	0.02652	0.04063	0.01048	0.01153	0.00882	0.02562	0.03565	0.00504	0.00494	0.00120	0.10766	0.00341	0.09049	0.00481
14	0.00528	0.00400	0.00488	0.00517	0.00600	0.00360	0.00371	0.00648	0.00955	0.01257	0.25946	0.34928	0.27793	0.01091	0.00507	0.00149	0.00221	0.02475	0.00406	0.00358
15	0.02457	0.00773	0.03263	0.05471	0.04420	0.05403	0.07713	0.02356	0.15683	0.01333	0.03371	0.06413	0.19506	0.00784	0.00473	0.00148	0.00391	0.17788	0.01781	0.00473
16	0.00624	0.00433	0.00513	0.00525	0.00619	0.00400	0.00375	0.00771	0.04004	0.05309	0.14589	0.29200	0.26045	0.09345	0.00650	0.00172	0.00250	0.02032	0.03768	0.00374
17	0.00722	0.00361	0.00541	0.00541	0.00541	0.00361	0.00361	0.00541	0.00541	0.00722	0.00722	0.01263	0.00722	0.01443	0.01623	0.87915	0.00361	0.00361	0.00180	0.00180
18	0.00959	0.00903	0.02744	0.30313	0.34686	0.02165	0.03650	0.04744	0.05172	0.02929	0.03738	0.01221	0.02596	0.00443	0.00436	0.00132	0.01963	0.00402	0.00237	0.00567
19	0.00566	0.00410	0.00488	0.00499	0.00573	0.00388	0.00351	0.00655	0.00834	0.01103	0.12757	0.13576	0.27475	0.19863	0.09353	0.03604	0.00356	0.02926	0.03891	0.00330
20	0.07074	0.24759	0.07509	0.02913	0.06715	0.09548	0.04036	0.06983	0.08111	0.04160	0.02649	0.02808	0.02453	0.01972	0.00456	0.00143	0.01902	0.01892	0.03318	0.00598
21	0.08818	0.10607	0.07358	0.01810	0.04759	0.09900	0.05694	0.06831	0.03214	0.03564	0.04812	0.10024	0.02220	0.02607	0.02586	0.00144	0.01310	0.03325	0.04776	0.05642

[dist]
# distance from previous block
# <min> <max>
1	12

[block]
# block no. 5 follows, 64 sequences, length 11
# corresponding to MSA columns:
# 190-200
name=unknown_F
#
# <colnr> <probs for GDERKNQSTAVLIFYWHMCP>
#	G	D	E	R	K	N	Q	S	T	A	V	L	I	F	Y	W	H	M	C	P
0	0.00572	0.00401	0.00504	0.00551	0.00625	0.00364	0.00392	0.00675	0.00897	0.04328	0.11985	0.49979	0.21190	0.01154	0.00514	0.00157	0.00240	0.04709	0.00399	0.00363
1	0.03516	0.04546	0.21781	0.06298	0.06559	0.05453	0.02976	0.06815	0.14470	0.03809	0.03179	0.06094	0.06312	0.01999	0.03250	0.00155	0.01496	0.00454	0.00286	0.00553
2	0.00813	0.00910	0.15663	0.07409	0.02986	0.03598	0.05506	0.02398	0.01788	0.06667	0.04762	0.27969	0.04427	0.05167	0.00585	0.00160	0.03757	0.02947	0.00306	0.02183
3	0.02275	0.00653	0.04469	0.00875	0.08657	0.00581	0.07317	0.03081	0.05228	0.02768	0.14952	0.21717	0.19524	0.00852	0.00474	0.00143	0.00323	0.03072	0.02592	0.00448
4	0.01189	0.02195	0.10313	0.04799	0.11019	0.06305	0.04839	0.11091	0.04430	0.16402	0.03806	0.03588	0.00925	0.00546	0.00568	0.00138	0.13590	0.02356	0.01320	0.00582
5	0.01308	0.17941	0.08168	0.01071	0.06508	0.40925	0.00859	0.07640	0.05708	0.01221	0.00807	0.00898	0.02330	0.00441	0.00389	0.00112	0.02599	0.00303	0.00233	0.00538
6	0.00712	0.00591	0.04571	0.02599	0.04246	0.00522	0.04038	0.02886	0.00913	0.06436	0.10064	0.27465	0.15963	0.06320	0.07097	0.00205	0.01507	0.03098	0.00349	0.00417
7	0.00957	0.03188	0.01903	0.03557	0.03148	0.07485	0.51666	0.01270	0.04447	0.01284	0.04864	0.05928	0.03686	0.02195	0.00524	0.00143	0.02467	0.00522	0.00245	0.00521
8	0.00627	0.00426	0.00529	0.00525	0.00630	0.00382	0.00385	0.00766	0.01021	0.06781	0.36696	0.24200	0.23493	0.00994	0.00496	0.00143	0.00222	0.00871	0.00424	0.00388
9	0.00814	0.08966	0.00769	0.00593	0.00685	0.03435	0.00419	0.03232	0.07072	0.05155	0.01266	0.05980	0.01321	0.50197	0.05892	0.00317	0.02697	0.00540	0.00277	0.00371
10	0.03543	0.34059	0.40055	0.01042	0.05299	0.03999	0.02530	0.01285	0.00880	0.01201	0.02246	0.00840	0.00600	0.00387	0.00345	0.00114	0.00532	0.00285	0.00187	0.00570

[dist]
# distance from previous block
# <min> <max>
1	7

[block]
# block no. 6 follows, 64 sequences, length 11
# corresponding to MSA columns:
# 209-219
name=unknown_G
#
# <colnr> <probs for GDERKNQSTAVLIFYWHMCP>
#	G	D	E	R	K	N	Q	S	T	A	V	L	I	F	Y	W	H	M	C	P
0	0.00915	0.02057	0.00786	0.00723	0.03036	0.09211	0.00537	0.05786	0.19700	0.04112	0.29631	0.04505	0.06899	0.00677	0.00431	0.00127	0.00317	0.00569	0.09486	0.00494
1	0.00528	0.00367	0.00481	0.00563	0.00597	0.00344	0.00380	0.00616	0.00826	0.01131	0.07721	0.74491	0.02726	0.01221	0.00513	0.00162	0.00235	0.01104	0.05650	0.00344
2	0.00576	0.00427	0.00484	0.00473	0.00598	0.00372	0.00353	0.00711	0.01012	0.04221	0.27417	0.09134	0.48823	0.00976	0.00486	0.00138	0.00213	0.00832	0.02377	0.00376
3	0.01047	0.00849	0.00913	0.00822	0.01046	0.00963	0.00637	0.05880	0.67241	0.05246	0.01710	0.09169	0.01366	0.00626	0.00432	0.00142	0.00328	0.00528	0.00423	0.00633
4	0.01600	0.01130	0.01226	0.00940	0.01271	0.01238	0.00776	0.75582	0.01897	0.08542	0.01044	0.01028	0.00730	0.00500	0.00416	0.00125	0.00449	0.00377	0.00423	0.00706
5	0.00638	0.00421	0.00513	0.00521	0.00622	0.00378	0.00379	0.00764	0.00967	0.07297	0.22950	0.30733	0.25174	0.01012	0.00487	0.00144	0.00227	0.00885	0.05503	0.00385
6	0.00931	0.00947	0.02697	0.00868	0.00985	0.15026	0.05610	0.04786	0.03232	0.01151	0.07140	0.01723	0.07012	0.19757	0.01069	0.00203	0.23931	0.00478	0.02027	0.00427
7	0.00621	0.00430	0.00490	0.00481	0.00518	0.00428	0.00297	0.00683	0.03286	0.00905	0.01551	0.02617	0.09019	0.63188	0.06718	0.02713	0.00416	0.00594	0.02383	0.02659
8	0.01419	0.04990	0.01360	0.01144	0.08923	0.10581	0.03228	0.51008	0.01563	0.02048	0.00869	0.00952	0.00657	0.00490	0.00500	0.00127	0.08813	0.00357	0.00333	0.00639
9	0.00966	0.00880	0.03031	0.00726	0.01071	0.06317	0.03803	0.03059	0.05264	0.04263	0.00843	0.00984	0.00689	0.03098	0.00393	0.00089	0.00371	0.00292	0.00264	0.63599
10	0.00901	0.02121	0.01000	0.03043	0.01084	0.09116	0.10580	0.03814	0.19075	0.04116	0.08312	0.16293	0.13281	0.01709	0.00496	0.00144	0.01937	0.02137	0.00352	0.00490

[dist]
# distance from previous block
# <min> <max>
1	9

[block]
# block no. 7 follows, 64 sequences, length 19
# corresponding to MSA columns:
# 238-256
name=unknown_H
#
# <colnr> <probs for GDERKNQSTAVLIFYWHMCP>
#	G	D	E	R	K	N	Q	S	T	A	V	L	I	F	Y	W	H	M	C	P
0	0.00773	0.00661	0.00983	0.03520	0.12005	0.01971	0.10510	0.05646	0.04172	0.01366	0.13742	0.25598	0.08075	0.03370	0.00518	0.00149	0.00358	0.00721	0.05403	0.00458
1	0.00536	0.00397	0.00496	0.00535	0.00604	0.00364	0.00380	0.00649	0.00923	0.01225	0.23169	0.40014	0.19280	0.04937	0.00586	0.00165	0.00237	0.04754	0.00398	0.00352
2	0.00785	0.00517	0.00636	0.00628	0.00741	0.00512	0.00464	0.07533	0.07626	0.08324	0.16479	0.41543	0.03771	0.00977	0.00484	0.00149	0.00269	0.03270	0.04853	0.00439
3	0.00784	0.00461	0.00589	0.00560	0.00680	0.00422	0.00416	0.00950	0.02470	0.14676	0.36565	0.22254	0.09707	0.02787	0.00513	0.00145	0.00240	0.00784	0.04566	0.00428
4	0.01065	0.00908	0.00957	0.00852	0.01092	0.01048	0.00665	0.06893	0.77322	0.01790	0.01650	0.01517	0.01235	0.00560	0.00422	0.00140	0.00336	0.00464	0.00422	0.00660
5	0.07445	0.00790	0.00801	0.00733	0.00918	0.08510	0.00558	0.05477	0.21482	0.16676	0.01605	0.22800	0.01475	0.04799	0.00514	0.00154	0.00358	0.02284	0.02096	0.00525
6	0.01111	0.00905	0.00964	0.00849	0.01095	0.01035	0.00666	0.08338	0.72428	0.05252	0.01635	0.01501	0.01214	0.00556	0.00422	0.00139	0.00340	0.00460	0.00426	0.00663
7	0.04985	0.19140	0.01273	0.00829	0.01111	0.09089	0.00691	0.25599	0.16505	0.07958	0.02275	0.04466	0.01999	0.00524	0.00384	0.00122	0.00428	0.01678	0.00346	0.00599
8	0.88336	0.00803	0.00611	0.00546	0.00803	0.00932	0.00450	0.01221	0.00707	0.01864	0.00578	0.00675	0.00450	0.00386	0.00257	0.00129	0.00321	0.00225	0.00257	0.00450
9	0.04929	0.04863	0.38997	0.01016	0.02841	0.00934	0.04135	0.13751	0.01043	0.04967	0.05705	0.01149	0.00851	0.00817	0.11995	0.00203	0.00604	0.00369	0.00256	0.00573
10	0.00986	0.00627	0.00737	0.00648	0.00825	0.00631	0.00505	0.14869	0.08989	0.13107	0.23346	0.07853	0.10037	0.02020	0.00510	0.02963	0.00294	0.03024	0.07529	0.00498
11	0.11405	0.00775	0.01005	0.08640	0.08302	0.00786	0.00708	0.12016	0.02850	0.36860	0.04484	0.03084	0.01021	0.00634	0.04184	0.00155	0.00420	0.01670	0.00392	0.00609
12	0.00756	0.00568	0.00656	0.00635	0.00775	0.00582	0.00476	0.01205	0.25948	0.05691	0.18040	0.23496	0.16076	0.00899	0.00478	0.00146	0.00263	0.02425	0.00418	0.00469
13	0.00580	0.00426	0.00512	0.00513	0.00600	0.00403	0.00372	0.00733	0.02515	0.01333	0.32712	0.18485	0.21703	0.06921	0.01847	0.00166	0.01843	0.00806	0.07164	0.00368
14	0.01181	0.41132	0.04527	0.04052	0.07688	0.19092	0.02858	0.04017	0.09610	0.01173	0.00758	0.00852	0.00630	0.00402	0.00338	0.00107	0.00518	0.00290	0.00222	0.00552
15	0.00549	0.00403	0.00486	0.00522	0.00607	0.00359	0.00373	0.00655	0.00914	0.03244	0.13472	0.41054	0.31837	0.01128	0.00509	0.00153	0.00230	0.02748	0.00398	0.00360
16	0.06292	0.01373	0.27925	0.02684	0.03699	0.07267	0.06722	0.14610	0.04781	0.10565	0.01226	0.02630	0.07393	0.00500	0.00410	0.00130	0.00502	0.00407	0.00296	0.00590
17	0.03855	0.08864	0.06021	0.05202	0.03980	0.11521	0.01894	0.09482	0.23130	0.05905	0.03688	0.02286	0.00942	0.00573	0.02552	0.00142	0.05811	0.00389	0.01781	0.01981
18	0.30017	0.05938	0.09583	0.00925	0.05934	0.10389	0.04886	0.08658	0.03965	0.02393	0.00878	0.07123	0.00769	0.03222	0.01959	0.00147	0.02064	0.00374	0.00264	0.00511

[dist]
# distance from previous block
# <min> <max>
2	40

[block]
# block no. 8 follows, 64 sequences, length 17
# corresponding to MSA columns:
# 300-316
name=unknown_I
#
# <colnr> <probs for GDERKNQSTAVLIFYWHMCP>
#	G	D	E	R	K	N	Q	S	T	A	V	L	I	F	Y	W	H	M	C	P
0	0.02019	0.05716	0.05310	0.04481	0.02047	0.02893	0.08806	0.05831	0.08485	0.02336	0.10275	0.06534	0.06226	0.15206	0.04316	0.01884	0.02729	0.00532	0.00297	0.04077
1	0.00701	0.00567	0.05626	0.00580	0.00665	0.00496	0.00427	0.04754	0.02991	0.03796	0.04000	0.18054	0.03092	0.47269	0.02849	0.00298	0.00387	0.02792	0.00305	0.00350
2	0.04178	0.27430	0.07836	0.00840	0.01131	0.06221	0.04293	0.16544	0.06958	0.01430	0.01066	0.09588	0.03111	0.03082	0.00463	0.01681	0.01801	0.00422	0.00277	0.01651
3	0.08251	0.06152	0.10909	0.06079	0.04098	0.01035	0.03126	0.09334	0.26284	0.02522	0.01108	0.01287	0.00884	0.02016	0.04810	0.00170	0.08306	0.02759	0.00300	0.00570
4	0.05978	0.06291	0.11264	0.02796	0.09815	0.05018	0.14801	0.08028	0.04930	0.11571	0.03815	0.02201	0.00863	0.00450	0.00401	0.00123	0.00480	0.01631	0.02648	0.06896
5	0.00909	0.00909	0.01272	0.01091	0.01091	0.01272	0.00909	0.01000	0.00636	0.01000	0.00545	0.00909	0.00545	0.00727	0.01363	0.00182	0.84642	0.00364	0.00182	0.00454
6	0.11824	0.26136	0.08622	0.00880	0.01232	0.02648	0.05205	0.26243	0.05206	0.07015	0.00862	0.00907	0.00650	0.00428	0.00354	0.00117	0.00456	0.00317	0.00297	0.00602
7	0.00558	0.00381	0.00495	0.00566	0.00608	0.00352	0.00382	0.00636	0.00820	0.03812	0.04858	0.70665	0.07572	0.05440	0.00602	0.00176	0.00250	0.01094	0.00385	0.00348
8	0.00842	0.02088	0.78480	0.01217	0.01820	0.00970	0.06244	0.01316	0.00883	0.01316	0.00751	0.00891	0.00532	0.00392	0.00400	0.00132	0.00619	0.00318	0.00177	0.00611
9	0.04477	0.00494	0.00543	0.00484	0.00642	0.00482	0.00379	0.03500	0.00963	0.18904	0.01374	0.01470	0.01022	0.00487	0.00320	0.00106	0.00240	0.00387	0.63260	0.00467
10	0.00722	0.00361	0.00541	0.00541	0.00541	0.00361	0.00361	0.00541	0.00541	0.00722	0.00722	0.01263	0.00722	0.01443	0.01623	0.87915	0.00361	0.00361	0.00180	0.00180
11	0.00857	0.00734	0.00773	0.00710	0.00908	0.00810	0.00546	0.01671	0.54852	0.01518	0.02367	0.02270	0.23992	0.03277	0.02691	0.00162	0.00319	0.00587	0.00402	0.00552
12	0.34776	0.00850	0.00888	0.00717	0.01012	0.00898	0.00590	0.18609	0.05201	0.30915	0.01100	0.01050	0.00751	0.00464	0.00356	0.00128	0.00362	0.00337	0.00390	0.00606
13	0.02711	0.01661	0.44071	0.01037	0.01497	0.08956	0.01138	0.12926	0.05652	0.14942	0.00968	0.01004	0.00675	0.00442	0.00399	0.00128	0.00541	0.00339	0.00284	0.00629
14	0.00603	0.00405	0.00464	0.00464	0.00468	0.00409	0.00265	0.00611	0.00607	0.00814	0.01299	0.02662	0.01486	0.81162	0.06321	0.00416	0.00439	0.00596	0.00250	0.00258
15	0.75781	0.00792	0.00640	0.00563	0.00816	0.00905	0.00462	0.05196	0.00795	0.04595	0.00682	0.00769	0.00520	0.00402	0.00272	0.00126	0.00321	0.00249	0.05645	0.00467
16	0.02820	0.04832	0.15571	0.00959	0.02868	0.06084	0.08339	0.17252	0.06489	0.05910	0.02165	0.01321	0.03571	0.01806	0.02338	0.00142	0.03031	0.01967	0.11975	0.00559

[dist]
# distance from previous block
# <min> <max>
0	3

[block]
# block no. 9 follows, 64 sequences, length 22
# corresponding to MSA columns:
# 320-341
name=unknown_J
#
# <colnr> <probs for GDERKNQSTAVLIFYWHMCP>
#	G	D	E	R	K	N	Q	S	T	A	V	L	I	F	Y	W	H	M	C	P
0	0.00648	0.00463	0.00537	0.00579	0.00626	0.03374	0.00389	0.02248	0.00807	0.04468	0.01974	0.53677	0.03840	0.21860	0.00907	0.00221	0.00310	0.02375	0.00352	0.00345
1	0.05587	0.06708	0.24141	0.01249	0.08351	0.01049	0.17618	0.17851	0.01135	0.06942	0.00859	0.00975	0.00629	0.00405	0.00402	0.00125	0.00532	0.00359	0.00264	0.04818
2	0.01403	0.15258	0.01425	0.01049	0.01290	0.55653	0.05665	0.05594	0.01114	0.01110	0.00655	0.00782	0.00550	0.00436	0.00434	0.00112	0.06464	0.00286	0.00216	0.00504
3	0.00613	0.00435	0.00542	0.00527	0.00624	0.00413	0.00391	0.00836	0.04931	0.01559	0.57380	0.13247	0.06627	0.00865	0.00472	0.00133	0.00208	0.00761	0.09039	0.00395
4	0.00572	0.00422	0.00522	0.00519	0.00604	0.00394	0.00373	0.00738	0.03126	0.01392	0.46227	0.18206	0.14960	0.09284	0.00656	0.00166	0.00230	0.00827	0.00412	0.00369
5	0.00601	0.00413	0.00490	0.00495	0.00515	0.00419	0.00310	0.00634	0.00644	0.00861	0.01448	0.02724	0.04903	0.66990	0.12699	0.00416	0.00487	0.04414	0.00260	0.00278
6	0.01195	0.00972	0.01030	0.00878	0.01142	0.01109	0.00697	0.25634	0.58371	0.01998	0.01486	0.01386	0.01102	0.00544	0.00421	0.00136	0.00367	0.00441	0.00421	0.00672
7	0.88336	0.00803	0.00611	0.00546	0.00803	0.00932	0.00450	0.01221	0.00707	0.01864	0.00578	0.00675	0.00450	0.00386	0.00257	0.00129	0.00321	0.00225	0.00257	0.00450
8	0.85455	0.00815	0.00632	0.00560	0.00819	0.00944	0.00461	0.03885	0.00748	0.01889	0.00592	0.00685	0.00458	0.00389	0.00262	0.00128	0.00326	0.00230	0.00262	0.00458
9	0.01111	0.85652	0.02177	0.00711	0.01066	0.01644	0.00711	0.01244	0.00844	0.00977	0.00577	0.00666	0.00533	0.00355	0.00267	0.00089	0.00444	0.00222	0.00178	0.00533
10	0.01111	0.85652	0.02177	0.00711	0.01066	0.01644	0.00711	0.01244	0.00844	0.00977	0.00577	0.00666	0.00533	0.00355	0.00267	0.00089	0.00444	0.00222	0.00178	0.00533
11	0.09158	0.00863	0.01014	0.07717	0.01224	0.00902	0.00682	0.31858	0.01379	0.31669	0.01204	0.01177	0.00819	0.00486	0.00392	0.00125	0.00393	0.00378	0.07924	0.00636
12	0.01182	0.00856	0.01204	0.04487	0.17990	0.02867	0.08259	0.01679	0.24794	0.20478	0.05295	0.01429	0.01106	0.01868	0.00448	0.00135	0.00410	0.00442	0.04452	0.00616
13	0.00508	0.00389	0.00466	0.00514	0.00589	0.00347	0.00360	0.00604	0.00887	0.01139	0.10394	0.47237	0.32740	0.01166	0.00512	0.00155	0.00225	0.01028	0.00392	0.00347
14	0.00867	0.00623	0.00857	0.00895	0.10255	0.00602	0.04149	0.03898	0.02415	0.12615	0.02560	0.04436	0.33120	0.00849	0.00524	0.00149	0.04098	0.16251	0.00367	0.00473
15	0.05633	0.00657	0.00862	0.00692	0.00967	0.00581	0.00560	0.01754	0.01109	0.65589	0.01771	0.09754	0.05097	0.00611	0.00422	0.00132	0.00331	0.00505	0.02337	0.00635
16	0.00882	0.00828	0.01132	0.00979	0.01001	0.01116	0.00799	0.04803	0.00698	0.01053	0.00697	0.01171	0.00699	0.10275	0.08030	0.00243	0.64554	0.00397	0.00204	0.00437
17	0.01111	0.85652	0.02177	0.00711	0.01066	0.01644	0.00711	0.01244	0.00844	0.00977	0.00577	0.00666	0.00533	0.00355	0.00267	0.00089	0.00444	0.00222	0.00178	0.00533
18	0.00618	0.00488	0.00580	0.02339	0.00731	0.02479	0.00449	0.02619	0.08321	0.01190	0.05847	0.57893	0.09079	0.01173	0.02396	0.00171	0.00291	0.02570	0.00381	0.00386
19	0.00810	0.00779	0.01244	0.81667	0.02809	0.03643	0.01142	0.01081	0.00842	0.01060	0.00735	0.01096	0.00553	0.00416	0.00414	0.00137	0.00560	0.00366	0.00186	0.00462
20	0.01213	0.00975	0.07611	0.00866	0.01151	0.00948	0.02807	0.22589	0.29912	0.12179	0.03617	0.01536	0.01134	0.00555	0.00420	0.00134	0.00388	0.04757	0.06577	0.00629
21	0.25940	0.01006	0.02732	0.01072	0.15307	0.11328	0.02822	0.06113	0.00947	0.04582	0.00821	0.04081	0.00697	0.00443	0.00380	0.00117	0.02805	0.01862	0.00262	0.16683

[dist]
# distance from previous block
# <min> <max>
0	15

[block]
# block no. 10 follows, 64 sequences, length 6
# corresponding to MSA columns:
# 357-362
name=unknown_K
#
# <colnr> <probs for GDERKNQSTAVLIFYWHMCP>
#	G	D	E	R	K	N	Q	S	T	A	V	L	I	F	Y	W	H	M	C	P
0	0.05922	0.10857	0.11320	0.00932	0.02614	0.05922	0.08557	0.08907	0.17146	0.03063	0.01339	0.06199	0.05387	0.02807	0.00456	0.00140	0.00445	0.05448	0.01995	0.00544
1	0.01128	0.11731	0.08236	0.00927	0.06377	0.04616	0.03530	0.16252	0.04233	0.09491	0.03898	0.05314	0.00998	0.04818	0.00475	0.00130	0.00425	0.02142	0.03573	0.11708
2	0.00577	0.00481	0.00511	0.00493	0.00638	0.00445	0.00373	0.00834	0.11276	0.01299	0.18087	0.03525	0.58062	0.00953	0.00482	0.00139	0.00223	0.00802	0.00403	0.00397
3	0.00669	0.00377	0.00509	0.00509	0.00526	0.00368	0.00334	0.00560	0.00605	0.00789	0.01279	0.01896	0.11267	0.17935	0.01576	0.59541	0.00350	0.00474	0.00220	0.00216
4	0.03652	0.01131	0.05769	0.01148	0.07489	0.06296	0.11132	0.30582	0.10842	0.10852	0.01052	0.01107	0.00769	0.00538	0.02454	0.00143	0.03677	0.00392	0.00342	0.00635
5	0.01376	0.05936	0.01115	0.00927	0.01157	0.42148	0.00717	0.08703	0.16114	0.08877	0.01094	0.08054	0.00916	0.00537	0.00398	0.00121	0.00550	0.00402	0.00310	0.00545

[dist]
# distance from previous block
# <min> <max>
0	1

[block]
# block no. 11 follows, 64 sequences, length 14
# corresponding to MSA columns:
# 364-377
name=unknown_L
#
# <colnr> <probs for GDERKNQSTAVLIFYWHMCP>
#	G	D	E	R	K	N	Q	S	T	A	V	L	I	F	Y	W	H	M	C	P
0	0.05286	0.04657	0.01223	0.14556	0.08533	0.16500	0.00848	0.23710	0.02931	0.04010	0.00858	0.01046	0.00677	0.00510	0.01831	0.00133	0.04846	0.02090	0.00283	0.05471
1	0.01036	0.00889	0.01309	0.63070	0.08537	0.04223	0.01118	0.03732	0.03445	0.06871	0.00933	0.01248	0.00711	0.00490	0.00455	0.00152	0.00564	0.00403	0.00258	0.00557
2	0.06719	0.00542	0.00636	0.00597	0.00718	0.00562	0.02217	0.00818	0.05594	0.01250	0.12221	0.13187	0.39783	0.02447	0.00610	0.00152	0.10444	0.00755	0.00356	0.00394
3	0.00909	0.00909	0.01272	0.01091	0.01091	0.01272	0.00909	0.01000	0.00636	0.01000	0.00545	0.00909	0.00545	0.00727	0.01363	0.00182	0.84642	0.00364	0.00182	0.00454
4	0.09969	0.30714	0.25274	0.00929	0.01333	0.05388	0.05048	0.08872	0.05026	0.01389	0.02091	0.00871	0.00636	0.00405	0.00345	0.00115	0.00501	0.00298	0.00228	0.00567
5	0.16059	0.00737	0.00915	0.00714	0.01025	0.00685	0.00590	0.04386	0.01134	0.67227	0.01444	0.01279	0.00923	0.00493	0.00391	0.00128	0.00351	0.00385	0.00469	0.00665
6	0.88336	0.00803	0.00611	0.00546	0.00803	0.00932	0.00450	0.01221	0.00707	0.01864	0.00578	0.00675	0.00450	0.00386	0.00257	0.00129	0.00321	0.00225	0.00257	0.00450
7	0.00567	0.00422	0.00527	0.00505	0.00609	0.00382	0.00377	0.00742	0.01120	0.01543	0.65119	0.05828	0.18920	0.00902	0.00491	0.00134	0.00200	0.00789	0.00441	0.00382
8	0.00652	0.00492	0.00610	0.00569	0.00687	0.00484	0.00430	0.00988	0.12789	0.01676	0.70977	0.02880	0.03539	0.00808	0.00480	0.00132	0.00215	0.00711	0.00452	0.00430
9	0.09157	0.00909	0.01044	0.00815	0.01124	0.00935	0.00669	0.37889	0.01479	0.36548	0.01281	0.04277	0.00896	0.00525	0.00407	0.00128	0.00393	0.00410	0.00442	0.00671
10	0.00497	0.00414	0.00435	0.00444	0.00569	0.00351	0.00328	0.00603	0.00940	0.01142	0.07865	0.13433	0.69410	0.01071	0.00495	0.00143	0.00213	0.00906	0.00389	0.00351
11	0.00772	0.00693	0.01150	0.07228	0.35738	0.00691	0.05123	0.00947	0.00871	0.01201	0.01466	0.39194	0.01597	0.00795	0.00470	0.00146	0.00394	0.00744	0.00286	0.00494
12	0.01125	0.00785	0.00867	0.00696	0.00966	0.00783	0.00557	0.20466	0.16046	0.08430	0.01190	0.01223	0.00894	0.00457	0.00359	0.00105	0.00325	0.00364	0.20423	0.23940
13	0.01406	0.01035	0.01088	0.00846	0.01157	0.06836	0.00685	0.45339	0.01507	0.11653	0.01011	0.01077	0.00751	0.03155	0.03329	0.00139	0.00457	0.00356	0.00368	0.17806

[dist]
# distance from previous block
# <min> <max>
1	14

[block]
# block no. 12 follows, 64 sequences, length 23
# corresponding to MSA columns:
# 395-417
name=unknown_M
#
# <colnr> <probs for GDERKNQSTAVLIFYWHMCP>
#	G	D	E	R	K	N	Q	S	T	A	V	L	I	F	Y	W	H	M	C	P
0	0.16547	0.07278	0.01184	0.04311	0.01227	0.20873	0.03048	0.18356	0.04715	0.08946	0.00837	0.00919	0.00637	0.00471	0.00464	0.00126	0.08890	0.00322	0.00293	0.00554
1	0.02651	0.04041	0.01407	0.07350	0.21713	0.28463	0.06781	0.08255	0.01072	0.01291	0.00811	0.01138	0.00700	0.00477	0.00484	0.00128	0.07335	0.05128	0.00234	0.00542
2	0.09137	0.00928	0.09631	0.00714	0.01084	0.00709	0.00639	0.07115	0.00944	0.06423	0.00793	0.00890	0.00620	0.00361	0.00354	0.00087	0.02505	0.00273	0.00267	0.56526
3	0.01071	0.01017	0.00965	0.00872	0.01046	0.18821	0.00682	0.06300	0.27516	0.03780	0.01174	0.01352	0.00961	0.01216	0.22159	0.00274	0.08304	0.01659	0.00305	0.00526
4	0.04246	0.02204	0.06702	0.03673	0.01370	0.03295	0.10115	0.36126	0.10661	0.04817	0.01091	0.04758	0.00867	0.00538	0.00479	0.00136	0.05271	0.02695	0.00343	0.00614
5	0.00503	0.00389	0.00459	0.00509	0.00586	0.00345	0.00356	0.00593	0.00873	0.01108	0.06012	0.47737	0.36687	0.01179	0.00512	0.00155	0.00226	0.01036	0.00388	0.00345
6	0.00632	0.00381	0.00512	0.00526	0.00566	0.00361	0.00364	0.00584	0.00713	0.00930	0.07321	0.14888	0.16888	0.03099	0.01146	0.47605	0.00304	0.02647	0.00277	0.00258
7	0.01041	0.00876	0.00925	0.00828	0.01058	0.01006	0.00645	0.06753	0.72262	0.01763	0.01656	0.03906	0.01270	0.00578	0.00421	0.00139	0.00329	0.00482	0.03420	0.00642
8	0.88336	0.00803	0.00611	0.00546	0.00803	0.00932	0.00450	0.01221	0.00707	0.01864	0.00578	0.00675	0.00450	0.00386	0.00257	0.00129	0.00321	0.00225	0.00257	0.00450
9	0.04326	0.01113	0.01190	0.00917	0.01239	0.01226	0.00757	0.73791	0.01854	0.05052	0.01015	0.01018	0.00720	0.00495	0.00406	0.00124	0.00441	0.00371	0.03256	0.00688
10	0.00593	0.00445	0.00668	0.00668	0.00742	0.00519	0.00519	0.00742	0.00668	0.00964	0.01113	0.01632	0.01038	0.03115	0.83756	0.00668	0.01113	0.00445	0.00223	0.00371
11	0.01111	0.85652	0.02177	0.00711	0.01066	0.01644	0.00711	0.01244	0.00844	0.00977	0.00577	0.00666	0.00533	0.00355	0.00267	0.00089	0.00444	0.00222	0.00178	0.00533
12	0.01097	0.81671	0.06042	0.00733	0.01101	0.01611	0.00750	0.01247	0.00846	0.00993	0.00585	0.00676	0.00533	0.00357	0.00273	0.00091	0.00452	0.00226	0.00178	0.00537
13	0.01068	0.01074	0.01180	0.03115	0.06365	0.17517	0.04117	0.06070	0.09553	0.01261	0.00847	0.01067	0.00713	0.00703	0.05402	0.00172	0.31094	0.00369	0.07807	0.00503
14	0.00509	0.00391	0.00466	0.00516	0.00592	0.00349	0.00364	0.00605	0.00883	0.01128	0.08256	0.45962	0.34529	0.01170	0.00513	0.00155	0.00229	0.02645	0.00390	0.00347
15	0.00903	0.00840	0.01342	0.64404	0.09286	0.03938	0.05811	0.03906	0.00911	0.03595	0.00780	0.01094	0.00586	0.00414	0.00418	0.00135	0.00555	0.00374	0.00207	0.00500
16	0.00979	0.04983	0.00866	0.00699	0.00894	0.01812	0.00553	0.24907	0.10077	0.03078	0.18651	0.13162	0.10563	0.00746	0.00443	0.00133	0.00320	0.01674	0.04946	0.00515
17	0.00619	0.00470	0.00520	0.00561	0.00597	0.05235	0.00371	0.00643	0.00751	0.00958	0.01911	0.43133	0.08751	0.19708	0.01024	0.12948	0.00321	0.00856	0.00316	0.00305
18	0.01090	0.79590	0.08062	0.00745	0.01119	0.01594	0.00771	0.01249	0.00846	0.01002	0.00590	0.00682	0.00533	0.00358	0.00276	0.00092	0.00457	0.00228	0.00178	0.00539
19	0.00511	0.00364	0.00481	0.00572	0.00595	0.00341	0.00379	0.00580	0.00786	0.01048	0.02240	0.80985	0.02685	0.05533	0.00610	0.00180	0.00249	0.01152	0.00379	0.00333
20	0.00784	0.00738	0.01246	0.84404	0.02861	0.00923	0.01154	0.01061	0.00831	0.01061	0.00738	0.01107	0.00554	0.00415	0.00415	0.00138	0.00554	0.00369	0.00185	0.00461
21	0.04885	0.00506	0.00679	0.00759	0.05502	0.00498	0.00580	0.00914	0.01003	0.04077	0.25027	0.06478	0.02528	0.00927	0.00502	0.00159	0.00315	0.38808	0.05438	0.00414
22	0.06517	0.00503	0.00588	0.00602	0.00722	0.00488	0.00460	0.03734	0.04374	0.02406	0.07102	0.30196	0.17713	0.02207	0.00509	0.00156	0.00282	0.15415	0.01461	0.04567

[dist]
# distance from previous block
# <min> <max>
0	12

[block]
# block no. 13 follows, 64 sequences, length 21
# corresponding to MSA columns:
# 432-452
name=unknown_N
#
# <colnr> <probs for GDERKNQSTAVLIFYWHMCP>
#	G	D	E	R	K	N	Q	S	T	A	V	L	I	F	Y	W	H	M	C	P
0	0.00809	0.00672	0.00834	0.05980	0.05938	0.00580	0.00555	0.02994	0.03567	0.02908	0.05137	0.08685	0.13892	0.00561	0.00385	0.00100	0.00314	0.00476	0.00298	0.45313
1	0.03451	0.00676	0.00813	0.03342	0.00974	0.00558	0.00505	0.01097	0.02630	0.07902	0.16111	0.02738	0.01306	0.00453	0.00358	0.00088	0.00298	0.00377	0.00311	0.56013
2	0.01054	0.00746	0.01123	0.14911	0.18263	0.00760	0.04448	0.08608	0.02509	0.16697	0.07641	0.13184	0.05007	0.00635	0.00447	0.00137	0.00407	0.02532	0.00340	0.00549
3	0.04989	0.00967	0.05864	0.03421	0.15458	0.13989	0.06741	0.02267	0.01047	0.03479	0.24521	0.05564	0.08731	0.00624	0.00438	0.00129	0.00426	0.00542	0.00314	0.00490
4	0.00851	0.00737	0.01000	0.02637	0.21207	0.03474	0.03886	0.07689	0.06806	0.02592	0.15699	0.14503	0.15730	0.00737	0.00459	0.00136	0.00357	0.00653	0.00344	0.00503
5	0.01113	0.05967	0.07765	0.06102	0.06056	0.07419	0.13113	0.17264	0.07417	0.04087	0.00955	0.04968	0.00787	0.00602	0.01744	0.05807	0.07593	0.00415	0.00275	0.00551
6	0.01140	0.05117	0.26288	0.06248	0.15609	0.03422	0.08083	0.21923	0.02473	0.04475	0.00860	0.00985	0.00636	0.00421	0.00407	0.00127	0.00540	0.00356	0.00263	0.00628
7	0.01860	0.04594	0.13894	0.04636	0.11420	0.00753	0.08972	0.05076	0.02946	0.01323	0.02755	0.27192	0.01436	0.00718	0.00443	0.00140	0.00414	0.03473	0.07463	0.00492
8	0.01435	0.08308	0.05185	0.01093	0.03190	0.64352	0.04063	0.03916	0.01141	0.01105	0.00677	0.00792	0.00556	0.00419	0.00372	0.00109	0.00693	0.00282	0.01808	0.00504
9	0.00506	0.00361	0.00482	0.00578	0.00602	0.00337	0.00386	0.00578	0.00795	0.01060	0.02289	0.85131	0.02747	0.01301	0.00530	0.00169	0.00241	0.01181	0.00386	0.00337
10	0.69103	0.01031	0.04267	0.00679	0.00951	0.11783	0.02318	0.03348	0.00814	0.01737	0.00610	0.00711	0.00475	0.00394	0.00287	0.00126	0.00402	0.00244	0.00251	0.00470
11	0.88336	0.00803	0.00611	0.00546	0.00803	0.00932	0.00450	0.01221	0.00707	0.01864	0.00578	0.00675	0.00450	0.00386	0.00257	0.00129	0.00321	0.00225	0.00257	0.00450
12	0.88336	0.00803	0.00611	0.00546	0.00803	0.00932	0.00450	0.01221	0.00707	0.01864	0.00578	0.00675	0.00450	0.00386	0.00257	0.00129	0.00321	0.00225	0.00257	0.00450
13	0.00588	0.00425	0.00555	0.00523	0.00621	0.00392	0.00392	0.00784	0.01176	0.01666	0.82592	0.03103	0.03919	0.00849	0.00490	0.00131	0.00196	0.00751	0.00457	0.00392
14	0.00722	0.00361	0.00541	0.00541	0.00541	0.00361	0.00361	0.00541	0.00541	0.00722	0.00722	0.01263	0.00722	0.01443	0.01623	0.87915	0.00361	0.00361	0.00180	0.00180
15	0.00794	0.00748	0.01264	0.81118	0.06070	0.00925	0.01158	0.01070	0.00835	0.01073	0.00740	0.01104	0.00558	0.00413	0.00415	0.00138	0.00551	0.00369	0.00185	0.00469
16	0.00553	0.00381	0.00468	0.00518	0.00531	0.00369	0.00321	0.00591	0.00703	0.00938	0.01817	0.45462	0.02152	0.41783	0.01293	0.00281	0.00319	0.00903	0.00321	0.00296
17	0.00947	0.00651	0.00751	0.00639	0.00843	0.00636	0.02236	0.19692	0.03057	0.11193	0.12868	0.05362	0.36194	0.00805	0.00461	0.00134	0.00297	0.00673	0.02069	0.00492
18	0.00911	0.10044	0.37320	0.00908	0.01381	0.02400	0.02504	0.01223	0.00882	0.03067	0.00745	0.00863	0.00575	0.00358	0.00349	0.00099	0.00473	0.00279	0.00213	0.35406
19	0.05505	0.01046	0.01101	0.03058	0.02471	0.09305	0.03313	0.37905	0.08209	0.08234	0.01098	0.02791	0.00844	0.02057	0.00460	0.00132	0.02914	0.01544	0.07409	0.00603
20	0.02463	0.03211	0.04553	0.00686	0.02167	0.00645	0.00568	0.02524	0.02639	0.01373	0.02649	0.00946	0.00709	0.00419	0.02613	0.00090	0.01560	0.00275	0.00251	0.69657

[dist]
# distance from previous block
# <min> <max>
1	33

[block]
# block no. 14 follows, 64 sequences, length 18
# corresponding to MSA columns:
# 486-503
name=unknown_O
#
# <colnr> <probs for GDERKNQSTAVLIFYWHMCP>
#	G	D	E	R	K	N	Q	S	T	A	V	L	I	F	Y	W	H	M	C	P
0	0.08152	0.41642	0.01641	0.00943	0.06240	0.27168	0.00760	0.03668	0.02415	0.01144	0.00642	0.00746	0.00553	0.00398	0.00341	0.00104	0.02454	0.00258	0.00208	0.00524
1	0.00907	0.04781	0.10171	0.36198	0.14752	0.02856	0.03206	0.04183	0.10826	0.01277	0.00962	0.06355	0.00798	0.00478	0.00415	0.00134	0.00504	0.00420	0.00238	0.00540
2	0.00554	0.00408	0.00556	0.00574	0.00643	0.00378	0.02102	0.00690	0.00979	0.01348	0.39569	0.43495	0.05006	0.01066	0.00510	0.00150	0.00229	0.00960	0.00415	0.00368
3	0.00525	0.00375	0.00503	0.00593	0.00628	0.00353	0.00412	0.00615	0.00828	0.01106	0.06108	0.73687	0.02770	0.01265	0.00532	0.00169	0.00252	0.08544	0.00389	0.00344
