[name]
unknown

[dist]
# distance from previous block
# <min> <max>
0	6

[block]
# block no. 0 follows, 60 sequences, length 11
# corresponding to MSA columns:
# 12-22
name=unknown_A
#
# <colnr> <probs for GDERKNQSTAVLIFYWHMCP>
#	G	D	E	R	K	N	Q	S	T	A	V	L	I	F	Y	W	H	M	C	P
0	0.00808	0.00584	0.00764	0.00813	0.00944	0.00597	0.00703	0.10256	0.01127	0.01470	0.02244	0.04436	0.05421	0.01121	0.00579	0.00190	0.00404	0.66694	0.00406	0.00440
1	0.01439	0.00786	0.00975	0.00762	0.01085	0.00717	0.00617	0.06966	0.10651	0.38673	0.01375	0.01326	0.00966	0.00685	0.06488	0.00158	0.00420	0.00393	0.00420	0.25097
2	0.00627	0.00472	0.00530	0.00516	0.00654	0.00421	0.00386	0.00811	0.04576	0.04646	0.24014	0.10028	0.48692	0.01025	0.00512	0.00147	0.00231	0.00873	0.00432	0.00408
3	0.05733	0.14064	0.46908	0.01040	0.01546	0.01087	0.01204	0.04855	0.06326	0.11869	0.00945	0.01002	0.00677	0.00440	0.00393	0.00131	0.00540	0.00334	0.00263	0.00643
4	0.01118	0.10869	0.01625	0.04581	0.27132	0.03649	0.12116	0.13450	0.07848	0.01584	0.05079	0.04297	0.03702	0.00509	0.00438	0.00132	0.00498	0.00462	0.00291	0.00619
5	0.00912	0.25225	0.02771	0.00746	0.00950	0.00964	0.02369	0.09767	0.00991	0.02657	0.01652	0.24630	0.09894	0.03124	0.07339	0.00192	0.04371	0.00652	0.00311	0.00482
6	0.00565	0.00453	0.00501	0.00528	0.00634	0.00414	0.00376	0.00733	0.06249	0.01183	0.03423	0.30493	0.46301	0.05354	0.00610	0.00171	0.00250	0.00983	0.00400	0.00380
7	0.01142	0.04987	0.11760	0.01941	0.47153	0.01064	0.01181	0.10059	0.07149	0.05121	0.00993	0.03763	0.00809	0.00459	0.00428	0.00132	0.00500	0.00411	0.00272	0.00676
8	0.01071	0.04432	0.08665	0.04018	0.25394	0.05038	0.08746	0.08998	0.06237	0.03504	0.02659	0.05038	0.07470	0.00558	0.00513	0.00139	0.06156	0.00479	0.00283	0.00602
9	0.42359	0.00742	0.00756	0.00635	0.00906	0.00760	0.00518	0.01501	0.00986	0.31318	0.07323	0.01481	0.07963	0.00550	0.00371	0.00136	0.00330	0.00410	0.00396	0.00558
10	0.00996	0.25761	0.16287	0.00937	0.03101	0.09708	0.03469	0.01216	0.00905	0.03564	0.03218	0.03541	0.00894	0.01233	0.23039	0.00278	0.00719	0.00383	0.00230	0.00522

[dist]
# distance from previous block
# <min> <max>
0	1

[block]
# block no. 1 follows, 60 sequences, length 22
# corresponding to MSA columns:
# 24-45
name=unknown_B
#
# <colnr> <probs for GDERKNQSTAVLIFYWHMCP>
#	G	D	E	R	K	N	Q	S	T	A	V	L	I	F	Y	W	H	M	C	P
0	0.03377	0.03128	0.17015	0.01101	0.11934	0.00803	0.04297	0.04753	0.09249	0.07144	0.05333	0.17982	0.09843	0.01472	0.00479	0.00148	0.00418	0.00631	0.00336	0.00557
1	0.00958	0.00568	0.03416	0.00696	0.00829	0.00501	0.00534	0.01077	0.00936	0.23526	0.02019	0.50398	0.02119	0.02814	0.04225	0.00193	0.03389	0.00911	0.00417	0.00475
2	0.00714	0.00504	0.00664	0.00661	0.00756	0.00530	0.00494	0.07266	0.00922	0.03420	0.07150	0.26691	0.06528	0.04194	0.34754	0.00390	0.00653	0.00743	0.02552	0.00414
3	0.02694	0.36159	0.25265	0.04786	0.09151	0.04498	0.03239	0.03550	0.00969	0.04901	0.00758	0.00882	0.00601	0.00404	0.00362	0.00118	0.00542	0.00304	0.00216	0.00604
4	0.01213	0.18903	0.15866	0.03190	0.22342	0.08364	0.06649	0.09207	0.01095	0.06677	0.00837	0.00976	0.00652	0.00424	0.00416	0.00125	0.01837	0.00347	0.00247	0.00633
5	0.08247	0.08730	0.01639	0.07281	0.47888	0.06542	0.04123	0.01315	0.00952	0.01360	0.00821	0.01051	0.02064	0.00431	0.00470	0.00131	0.05758	0.00368	0.00219	0.00612
6	0.01153	0.38721	0.18053	0.01236	0.14311	0.08614	0.04513	0.01394	0.00963	0.04772	0.00774	0.02281	0.00646	0.00415	0.00363	0.00115	0.00543	0.00319	0.00215	0.00599
7	0.00720	0.00555	0.00704	0.00642	0.00794	0.00526	0.00478	0.00871	0.02493	0.02605	0.02921	0.18346	0.05491	0.11525	0.23094	0.00315	0.02836	0.00611	0.00300	0.24172
8	0.08460	0.02726	0.17585	0.00933	0.06127	0.00710	0.03086	0.01153	0.04588	0.08687	0.01548	0.34387	0.01579	0.00805	0.00458	0.00148	0.00395	0.00704	0.00332	0.05590
9	0.12052	0.03322	0.22609	0.03662	0.22242	0.03745	0.05205	0.07254	0.07555	0.01569	0.00953	0.04869	0.00779	0.00473	0.00411	0.00136	0.00515	0.00399	0.01636	0.00615
10	0.01908	0.00749	0.01009	0.00776	0.01107	0.00657	0.00640	0.04537	0.01273	0.77425	0.04029	0.01522	0.01157	0.00550	0.00441	0.00135	0.00370	0.00447	0.00535	0.00733
11	0.00566	0.00569	0.07201	0.00595	0.00731	0.00424	0.00487	0.00705	0.00941	0.01210	0.07929	0.35269	0.35899	0.01142	0.00527	0.00160	0.00276	0.04587	0.00391	0.00390
12	0.04886	0.13385	0.24545	0.01136	0.05815	0.01112	0.08444	0.12972	0.03844	0.06693	0.04254	0.05015	0.00911	0.00513	0.00465	0.00135	0.04559	0.00416	0.00285	0.00613
13	0.00908	0.01927	0.04139	0.02227	0.07537	0.00759	0.14490	0.04698	0.03644	0.07952	0.02738	0.30870	0.04236	0.03182	0.02651	0.00178	0.06277	0.00747	0.00336	0.00505
14	0.00711	0.00483	0.00667	0.00651	0.00742	0.00526	0.00494	0.02453	0.00801	0.05073	0.05084	0.05001	0.05057	0.11253	0.54305	0.00534	0.00871	0.00543	0.04352	0.00400
15	0.03478	0.37747	0.04892	0.00905	0.01244	0.12216	0.02460	0.16465	0.13871	0.01528	0.00896	0.00943	0.00716	0.00449	0.00360	0.00116	0.00501	0.00320	0.00282	0.00609
16	0.06286	0.04755	0.06866	0.05007	0.12236	0.05224	0.08403	0.12665	0.05524	0.14743	0.04829	0.09284	0.01121	0.00566	0.00439	0.00137	0.00473	0.00490	0.00342	0.00611
17	0.01168	0.00583	0.00738	0.00633	0.00849	0.00519	0.00499	0.01351	0.03380	0.35825	0.15748	0.06350	0.25126	0.00922	0.04125	0.00166	0.00329	0.00676	0.00468	0.00544
18	0.00542	0.00388	0.00494	0.00578	0.00622	0.00358	0.00392	0.00628	0.00858	0.01144	0.02599	0.71061	0.12213	0.01296	0.00540	0.00170	0.00247	0.01164	0.04347	0.00358
19	0.02403	0.05988	0.08438	0.04551	0.48980	0.03333	0.10746	0.05812	0.01050	0.03350	0.00838	0.01053	0.00670	0.00402	0.00429	0.00131	0.00553	0.00386	0.00232	0.00657
20	0.02101	0.03189	0.32139	0.01428	0.03742	0.05156	0.31092	0.05630	0.01034	0.03468	0.00896	0.03833	0.00699	0.00449	0.00486	0.00142	0.03248	0.00431	0.00232	0.00606
21	0.01428	0.06655	0.09103	0.01046	0.01336	0.32906	0.00893	0.27213	0.01378	0.01638	0.00829	0.00953	0.00656	0.00678	0.06119	0.00165	0.05792	0.00337	0.00286	0.00589

[dist]
# distance from previous block
# <min> <max>
0	1

[block]
# block no. 2 follows, 60 sequences, length 18
# corresponding to MSA columns:
# 47-50,53-66
name=unknown_C
#
# <colnr> <probs for GDERKNQSTAVLIFYWHMCP>
#	G	D	E	R	K	N	Q	S	T	A	V	L	I	F	Y	W	H	M	C	P
0	0.03389	0.10461	0.02672	0.00851	0.02149	0.05314	0.06666	0.07362	0.04033	0.01477	0.00815	0.00941	0.00665	0.00411	0.01364	0.00098	0.01668	0.00302	0.00264	0.49098
1	0.02974	0.07416	0.13285	0.03944	0.18775	0.11763	0.08381	0.09041	0.08403	0.02414	0.00895	0.01029	0.00697	0.00426	0.00409	0.00124	0.00546	0.00360	0.00261	0.08858
2	0.01664	0.01312	0.01162	0.00955	0.01250	0.25619	0.00760	0.29121	0.06656	0.22703	0.01168	0.01137	0.00824	0.00509	0.00420	0.00127	0.00527	0.00378	0.03052	0.00657
3	0.00594	0.00424	0.00503	0.00529	0.00569	0.00411	0.00341	0.00667	0.02044	0.01032	0.05572	0.26570	0.13108	0.40213	0.05237	0.00310	0.00371	0.00845	0.00335	0.00324
4	0.00980	0.03500	0.01448	0.01671	0.34434	0.04695	0.10722	0.03208	0.08175	0.01433	0.07641	0.08529	0.05078	0.00674	0.02690	0.00155	0.00492	0.03599	0.00295	0.00582
5	0.05107	0.00750	0.00947	0.00746	0.01050	0.00682	0.00607	0.09479	0.01249	0.53397	0.06249	0.05587	0.04290	0.00598	0.00436	0.00132	0.00356	0.00489	0.00482	0.07366
6	0.00693	0.00577	0.00699	0.04717	0.00864	0.04906	0.00536	0.01859	0.03819	0.01119	0.01774	0.43916	0.01990	0.08113	0.15549	0.00285	0.05629	0.02230	0.00332	0.00394
7	0.00595	0.00446	0.00545	0.00589	0.02724	0.00400	0.00410	0.00718	0.00986	0.03451	0.17788	0.30513	0.35029	0.01169	0.02437	0.00167	0.00262	0.00965	0.00414	0.00390
8	0.06124	0.00700	0.00978	0.01181	0.20392	0.04023	0.03051	0.00981	0.00860	0.02684	0.01502	0.17142	0.07092	0.03191	0.27736	0.00334	0.00663	0.00608	0.00281	0.00474
9	0.00940	0.00971	0.06141	0.34445	0.42268	0.00975	0.01259	0.01217	0.00934	0.01285	0.00877	0.05141	0.00746	0.00456	0.00439	0.00139	0.00537	0.00426	0.00215	0.00590
10	0.01822	0.00958	0.01146	0.00879	0.01221	0.00962	0.00726	0.37478	0.01610	0.46390	0.01417	0.01287	0.00927	0.00532	0.00438	0.00133	0.00420	0.00418	0.00493	0.00742
11	0.02951	0.00804	0.01143	0.05342	0.04287	0.02216	0.11445	0.04467	0.09571	0.29550	0.08294	0.01978	0.14748	0.00629	0.00464	0.00140	0.00407	0.00550	0.00414	0.00602
12	0.02881	0.00674	0.00799	0.00669	0.00903	0.00649	0.00533	0.11434	0.04953	0.32421	0.04694	0.06604	0.11606	0.00663	0.00427	0.00132	0.00316	0.00545	0.18513	0.00583
13	0.00703	0.00623	0.02963	0.00711	0.00801	0.06450	0.00539	0.03791	0.00852	0.01130	0.01652	0.36979	0.01806	0.04468	0.33961	0.00389	0.00687	0.00782	0.00313	0.00400
14	0.00906	0.01417	0.29786	0.02797	0.01649	0.06804	0.22927	0.01286	0.05304	0.01338	0.03497	0.17882	0.01197	0.00619	0.00474	0.00147	0.00571	0.00581	0.00264	0.00553
15	0.01033	0.01023	0.01576	0.29861	0.49510	0.06925	0.01260	0.01292	0.00970	0.01294	0.00795	0.01086	0.00645	0.00409	0.00430	0.00134	0.00559	0.00380	0.00209	0.00608
16	0.00841	0.00707	0.00769	0.00831	0.05459	0.08360	0.00560	0.12911	0.01061	0.01368	0.01914	0.56699	0.02176	0.03478	0.00563	0.00168	0.00358	0.00954	0.00378	0.00444
17	0.07734	0.00894	0.01271	0.01477	0.27671	0.05816	0.06901	0.06361	0.00950	0.01381	0.00942	0.01268	0.00813	0.01418	0.29269	0.00331	0.02603	0.00408	0.01950	0.00543

[dist]
# distance from previous block
# <min> <max>
0	10

[block]
# block no. 3 follows, 60 sequences, length 17
# corresponding to MSA columns:
# 77-90,101-103
name=unknown_D
#
# <colnr> <probs for GDERKNQSTAVLIFYWHMCP>
#	G	D	E	R	K	N	Q	S	T	A	V	L	I	F	Y	W	H	M	C	P
0	0.01180	0.05526	0.04923	0.01271	0.11517	0.17983	0.10103	0.03089	0.34395	0.01507	0.01276	0.01310	0.02957	0.00504	0.00432	0.00135	0.00522	0.00427	0.00318	0.00625
1	0.01920	0.00540	0.00651	0.00682	0.00752	0.05021	0.00505	0.00775	0.00826	0.01109	0.03861	0.35118	0.06240	0.03007	0.30493	0.00365	0.03141	0.04287	0.00324	0.00384
2	0.02588	0.33727	0.24664	0.00963	0.01379	0.02502	0.05465	0.03165	0.05220	0.08983	0.02243	0.04610	0.00815	0.00473	0.00389	0.00123	0.01468	0.00367	0.00257	0.00599
3	0.03098	0.04447	0.17780	0.01327	0.15468	0.22621	0.03682	0.07871	0.02652	0.04578	0.02675	0.07552	0.02305	0.00533	0.00438	0.00132	0.01557	0.00430	0.00270	0.00586
4	0.01789	0.00805	0.01016	0.00790	0.01108	0.00760	0.00649	0.15658	0.03844	0.59677	0.01582	0.01424	0.01032	0.00536	0.00428	0.00132	0.00376	0.00430	0.07249	0.00714
5	0.00911	0.00864	0.03986	0.07336	0.28431	0.02402	0.03959	0.05600	0.03411	0.01311	0.01380	0.11367	0.07241	0.11524	0.02060	0.01972	0.04882	0.00565	0.00274	0.00525
6	0.05597	0.13143	0.23707	0.04601	0.15286	0.05059	0.01082	0.09872	0.01091	0.11843	0.00911	0.01013	0.00677	0.00441	0.00408	0.00128	0.01712	0.00343	0.02451	0.00633
7	0.00911	0.26959	0.01134	0.00654	0.00837	0.00860	0.00534	0.02785	0.02975	0.07464	0.11264	0.28951	0.01910	0.05116	0.00521	0.00149	0.00336	0.00690	0.05478	0.00471
8	0.00760	0.00511	0.00620	0.00627	0.00740	0.00489	0.00454	0.06599	0.04509	0.08193	0.07174	0.47532	0.17861	0.01124	0.00523	0.00161	0.00275	0.00990	0.00425	0.00436
9	0.05207	0.10635	0.17681	0.01058	0.04069	0.10085	0.06776	0.18200	0.04155	0.03341	0.02196	0.01257	0.06193	0.00599	0.03248	0.00149	0.01664	0.00398	0.02492	0.00595
10	0.01079	0.04611	0.04176	0.03707	0.45720	0.04471	0.04157	0.08363	0.04540	0.01485	0.03051	0.03146	0.04787	0.02875	0.00503	0.00141	0.01851	0.00446	0.00264	0.00627
11	0.05500	0.00741	0.00964	0.00756	0.01065	0.00670	0.00619	0.06277	0.01251	0.66382	0.05526	0.04013	0.01237	0.00574	0.00436	0.00135	0.00361	0.00468	0.02330	0.00696
12	0.03366	0.00519	0.02380	0.00720	0.04534	0.00480	0.02010	0.00787	0.00852	0.03932	0.06565	0.37719	0.08165	0.16180	0.07367	0.00252	0.00392	0.03036	0.00354	0.00390
13	0.01069	0.12813	0.16445	0.07353	0.14204	0.07796	0.04549	0.05262	0.07901	0.03768	0.08943	0.01356	0.02307	0.00510	0.00448	0.00132	0.02737	0.01541	0.00276	0.00591
14	0.00628	0.04590	0.02659	0.00550	0.00688	0.00487	0.00427	0.00796	0.03507	0.02572	0.21005	0.17245	0.36782	0.05381	0.00594	0.00161	0.00262	0.00861	0.00402	0.00402
15	0.01894	0.00776	0.01025	0.00793	0.01126	0.00700	0.00653	0.05960	0.05692	0.73942	0.01691	0.01471	0.01077	0.00542	0.00439	0.00135	0.00375	0.00439	0.00529	0.00739
16	0.00980	0.03649	0.22108	0.04414	0.14106	0.07467	0.16470	0.03467	0.03896	0.01350	0.01072	0.06198	0.01953	0.00732	0.06868	0.00184	0.00634	0.03630	0.00245	0.00576

[dist]
# distance from previous block
# <min> <max>
0	2

[block]
# block no. 4 follows, 60 sequences, length 41
# corresponding to MSA columns:
# 108-143,145,146,151-153
name=unknown_E
#
# <colnr> <probs for GDERKNQSTAVLIFYWHMCP>
#	G	D	E	R	K	N	Q	S	T	A	V	L	I	F	Y	W	H	M	C	P
0	0.05440	0.08691	0.10830	0.10431	0.14591	0.08452	0.16739	0.09430	0.01073	0.01447	0.00940	0.05071	0.02061	0.00507	0.01372	0.00141	0.01532	0.00426	0.00246	0.00581
1	0.00961	0.00864	0.01258	0.58999	0.08030	0.05813	0.01083	0.03526	0.03283	0.04950	0.00892	0.01270	0.00703	0.05951	0.00550	0.00160	0.00559	0.00403	0.00232	0.00511
2	0.75672	0.00881	0.00858	0.00805	0.06251	0.00991	0.06440	0.01294	0.00780	0.01881	0.00642	0.00767	0.00501	0.00401	0.00299	0.00135	0.00379	0.00267	0.00263	0.00495
3	0.01198	0.22702	0.01722	0.05185	0.35868	0.12515	0.01031	0.08142	0.01084	0.01370	0.02288	0.01025	0.01863	0.00432	0.00407	0.00120	0.01851	0.00349	0.00235	0.00614
4	0.00897	0.00878	0.01454	0.62038	0.13031	0.03686	0.07569	0.01182	0.00915	0.01180	0.00820	0.01224	0.00644	0.00442	0.00444	0.00144	0.00588	0.02140	0.00204	0.00518
5	0.06221	0.05515	0.24214	0.02188	0.01469	0.06665	0.03323	0.28154	0.03227	0.12202	0.02099	0.01063	0.00751	0.00477	0.00414	0.00132	0.00527	0.00366	0.00334	0.00661
6	0.01065	0.20710	0.08637	0.01590	0.31238	0.06483	0.05747	0.03194	0.00972	0.01296	0.00887	0.05694	0.00793	0.00599	0.04391	0.00152	0.02492	0.00399	0.03069	0.00592
7	0.00594	0.00503	0.00678	0.00708	0.04844	0.00452	0.05351	0.00729	0.00968	0.01227	0.08052	0.25563	0.43114	0.01085	0.00526	0.00156	0.00283	0.04380	0.00388	0.00398
8	0.38230	0.04177	0.00900	0.00691	0.00990	0.00886	0.00574	0.10068	0.01089	0.31064	0.01307	0.01254	0.06039	0.00511	0.00365	0.00134	0.00362	0.00371	0.00391	0.00596
9	0.00843	0.03271	0.09037	0.00850	0.01045	0.03353	0.09515	0.02208	0.08045	0.06175	0.02774	0.34960	0.03843	0.09701	0.00698	0.01676	0.00407	0.00787	0.00345	0.00468
10	0.04943	0.00567	0.00645	0.00573	0.00734	0.00557	0.00443	0.09617	0.01179	0.09621	0.31309	0.02412	0.10402	0.03467	0.00492	0.00138	0.00266	0.00601	0.21561	0.00472
11	0.00831	0.00772	0.00875	0.00831	0.02294	0.12614	0.04276	0.02419	0.02089	0.01103	0.04380	0.06641	0.01262	0.13732	0.40331	0.00449	0.03904	0.00519	0.00261	0.00416
12	0.00703	0.00632	0.06037	0.00845	0.10515	0.00567	0.00542	0.00793	0.00720	0.00995	0.01299	0.08202	0.01421	0.51303	0.11354	0.00379	0.02467	0.00602	0.00258	0.00367
13	0.00833	0.00787	0.01345	0.57641	0.12958	0.00910	0.06019	0.01098	0.00898	0.01174	0.01054	0.09050	0.03341	0.00534	0.00454	0.00146	0.00541	0.00492	0.00225	0.00502
14	0.00708	0.02473	0.00756	0.04648	0.07077	0.03231	0.00555	0.00818	0.00840	0.03394	0.01865	0.43191	0.05106	0.09846	0.11490	0.00259	0.02137	0.00865	0.00332	0.00405
15	0.12494	0.00660	0.00746	0.00632	0.00813	0.00661	0.00469	0.09898	0.01005	0.25790	0.01346	0.01890	0.01168	0.34021	0.01118	0.00247	0.00389	0.00483	0.05673	0.00496
16	0.00607	0.00475	0.00558	0.00572	0.00687	0.00446	0.00430	0.00832	0.07530	0.01365	0.22125	0.20958	0.32447	0.01077	0.00526	0.00156	0.00251	0.08126	0.00426	0.00405
17	0.00785	0.00654	0.00846	0.00759	0.00853	0.00762	0.00606	0.04570	0.00961	0.03615	0.18956	0.04967	0.22374	0.01130	0.09052	0.00214	0.27469	0.00644	0.00340	0.00442
18	0.00757	0.00687	0.02207	0.00781	0.02064	0.08296	0.00593	0.00886	0.00785	0.01055	0.01299	0.12054	0.01335	0.12133	0.38973	0.00443	0.08396	0.04667	0.02190	0.00399
19	0.00677	0.00522	0.00631	0.00622	0.00667	0.03794	0.00434	0.00755	0.00690	0.00937	0.01232	0.02198	0.01291	0.41616	0.39480	0.00534	0.02801	0.00537	0.00247	0.00337
20	0.02701	0.01380	0.01302	0.08582	0.12439	0.36425	0.06142	0.03829	0.01117	0.10822	0.00965	0.05094	0.00812	0.04405	0.00526	0.00142	0.02085	0.00406	0.00275	0.00550
21	0.00923	0.02450	0.16767	0.17121	0.10191	0.05707	0.05143	0.02065	0.00965	0.05234	0.01343	0.15550	0.03156	0.00667	0.00460	0.00147	0.00498	0.06758	0.04330	0.00526
22	0.08209	0.01125	0.01582	0.06388	0.60055	0.10429	0.01195	0.01362	0.00986	0.01402	0.00778	0.01017	0.00650	0.00409	0.00439	0.00130	0.02625	0.00364	0.00220	0.00636
23	0.01142	0.22807	0.09722	0.05226	0.19193	0.15328	0.07661	0.03714	0.01012	0.01247	0.00826	0.02301	0.00721	0.00510	0.01309	0.02664	0.00578	0.03246	0.00222	0.00571
24	0.00618	0.00448	0.00614	0.00620	0.00684	0.00488	0.00455	0.00737	0.00737	0.01036	0.03883	0.07759	0.06513	0.19215	0.51055	0.00540	0.00840	0.00590	0.02807	0.00362
25	0.04913	0.09427	0.12582	0.02548	0.13135	0.00997	0.13162	0.02339	0.04435	0.08581	0.04341	0.04592	0.02089	0.00508	0.00496	0.00133	0.06781	0.00434	0.01238	0.07267
26	0.02264	0.02418	0.23643	0.03533	0.08809	0.05684	0.03515	0.04449	0.02967	0.10947	0.04386	0.19044	0.01381	0.00694	0.00462	0.00146	0.00478	0.04297	0.00319	0.00565
27	0.01884	0.00859	0.01085	0.00832	0.01172	0.00815	0.00687	0.21292	0.01445	0.62810	0.01556	0.01378	0.00997	0.00536	0.00438	0.00134	0.00398	0.00427	0.00514	0.00742
28	0.00891	0.03702	0.06453	0.01022	0.10953	0.03659	0.05205	0.03366	0.00964	0.07926	0.06817	0.20705	0.05441	0.06496	0.11879	0.00241	0.00518	0.02944	0.00327	0.00489
29	0.03841	0.01250	0.19886	0.06188	0.18898	0.03042	0.04884	0.10258	0.10147	0.01568	0.03978	0.04558	0.02110	0.00643	0.04280	0.00164	0.01831	0.00442	0.00281	0.01751
30	0.00960	0.00982	0.03661	0.00894	0.01051	0.17968	0.06925	0.06550	0.00929	0.01160	0.01053	0.02857	0.00999	0.16388	0.32017	0.00399	0.04053	0.00460	0.00250	0.00443
31	0.00587	0.00426	0.00508	0.00549	0.00605	0.00402	0.00380	0.00662	0.00825	0.01061	0.02503	0.25987	0.20898	0.30475	0.01136	0.00259	0.00326	0.11722	0.00355	0.00333
32	0.01071	0.18048	0.08305	0.06681	0.09405	0.11624	0.06087	0.04292	0.06844	0.03472	0.06232	0.11296	0.01183	0.00576	0.00418	0.00130	0.00493	0.00485	0.02806	0.00552
33	0.00969	0.02054	0.02803	0.07392	0.40437	0.03101	0.05394	0.05219	0.02157	0.01359	0.01126	0.14197	0.01087	0.04095	0.05446	0.00185	0.01604	0.00538	0.00261	0.00576
34	0.01703	0.00765	0.00957	0.00752	0.01050	0.00722	0.00615	0.14424	0.02540	0.54760	0.01564	0.01441	0.01036	0.00533	0.00416	0.00129	0.00360	0.00427	0.15125	0.00685
35	0.00906	0.01026	0.11566	0.09708	0.31664	0.00888	0.07702	0.03417	0.02303	0.01383	0.05449	0.08971	0.09489	0.00600	0.00490	0.00142	0.02907	0.00544	0.00269	0.00574
36	0.01162	0.08719	0.24813	0.01439	0.16593	0.07807	0.09397	0.09036	0.01088	0.07058	0.01925	0.02555	0.00735	0.00467	0.00480	0.00134	0.05326	0.00385	0.00255	0.00627
37	0.00647	0.00489	0.00684	0.03981	0.00816	0.00548	0.00520	0.02558	0.00762	0.01060	0.01473	0.23176	0.01573	0.13895	0.41680	0.00470	0.04324	0.00682	0.00283	0.00378
38	0.32819	0.22557	0.02468	0.00829	0.02878	0.10469	0.04513	0.05016	0.00951	0.05291	0.00760	0.00866	0.00605	0.00426	0.00348	0.00121	0.02330	0.00290	0.05932	0.00532
39	0.00823	0.08100	0.04646	0.00743	0.03436	0.00741	0.00596	0.03573	0.00840	0.01283	0.01118	0.01512	0.00982	0.06488	0.28245	0.00333	0.08731	0.00418	0.26947	0.00444
40	0.05300	0.09923	0.02587	0.05785	0.14206	0.16811	0.04351	0.15872	0.07367	0.04642	0.04421	0.02993	0.00902	0.00490	0.00411	0.00126	0.00521	0.00393	0.00302	0.02599

[dist]
# distance from previous block
# <min> <max>
1	8

[block]
# block no. 5 follows, 60 sequences, length 25
# corresponding to MSA columns:
# 162-186
name=unknown_F
#
# <colnr> <probs for GDERKNQSTAVLIFYWHMCP>
#	G	D	E	R	K	N	Q	S	T	A	V	L	I	F	Y	W	H	M	C	P
0	0.04495	0.18175	0.01374	0.00918	0.04795	0.09217	0.03338	0.14627	0.01197	0.17207	0.01105	0.01129	0.03963	0.00460	0.00379	0.00111	0.00453	0.00353	0.00328	0.16376
1	0.03036	0.01142	0.12741	0.00964	0.01296	0.01054	0.03460	0.10758	0.47852	0.10627	0.01492	0.01412	0.01087	0.00542	0.00437	0.00143	0.00419	0.00447	0.00405	0.00687
2	0.00632	0.00423	0.00526	0.00565	0.00641	0.00387	0.00397	0.00739	0.00929	0.05118	0.12688	0.45435	0.16625	0.06106	0.00625	0.00176	0.00258	0.02622	0.04728	0.00381
3	0.05884	0.13809	0.09653	0.00916	0.03672	0.02734	0.05324	0.11108	0.03317	0.07944	0.03511	0.03222	0.02414	0.01772	0.00423	0.00118	0.01416	0.00377	0.00298	0.22087
4	0.00678	0.00507	0.00617	0.00646	0.00761	0.00488	0.00513	0.06339	0.01045	0.01345	0.08074	0.17036	0.26064	0.05148	0.00630	0.00183	0.00318	0.28804	0.00404	0.00402
5	0.00737	0.00387	0.00563	0.00571	0.00576	0.00386	0.00383	0.00588	0.00600	0.00799	0.00927	0.04622	0.00970	0.08320	0.01663	0.73704	0.00379	0.03406	0.00211	0.00210
6	0.00983	0.01276	0.24426	0.04223	0.34061	0.00914	0.07276	0.01290	0.00965	0.05814	0.01136	0.06183	0.03706	0.03290	0.00507	0.00149	0.00532	0.02405	0.00248	0.00614
7	0.06858	0.06392	0.02676	0.00881	0.02648	0.10004	0.00709	0.08624	0.09164	0.26092	0.01382	0.02333	0.04726	0.03902	0.02607	0.00163	0.08221	0.01645	0.00373	0.00600
8	0.01124	0.01182	0.01532	0.07732	0.35335	0.19093	0.10138	0.02614	0.01069	0.01339	0.03930	0.01571	0.00995	0.00521	0.00457	0.00138	0.00581	0.09819	0.00252	0.00579
9	0.00754	0.00470	0.00570	0.00576	0.00689	0.00431	0.00419	0.03372	0.00998	0.10351	0.09180	0.39003	0.21807	0.01069	0.00504	0.00154	0.00257	0.00935	0.08036	0.00423
10	0.01122	0.08849	0.36271	0.01239	0.08237	0.06718	0.05327	0.02604	0.05803	0.10576	0.03080	0.01092	0.00776	0.00470	0.00481	0.00136	0.05963	0.00368	0.00260	0.00627
11	0.02919	0.01108	0.02489	0.12652	0.17938	0.15353	0.08997	0.05505	0.06389	0.05475	0.01019	0.01259	0.02133	0.02808	0.09867	0.00206	0.02644	0.00412	0.00265	0.00565
12	0.01122	0.18730	0.06374	0.03802	0.54995	0.01160	0.01194	0.01366	0.00976	0.05122	0.00815	0.01011	0.00671	0.00395	0.00399	0.00123	0.00509	0.00355	0.00223	0.00659
13	0.00710	0.00442	0.00585	0.00618	0.00703	0.00412	0.00443	0.00821	0.00926	0.10320	0.09946	0.51467	0.09805	0.01361	0.07446	0.00210	0.00339	0.02624	0.00413	0.00409
14	0.02869	0.06945	0.15456	0.07811	0.41199	0.02119	0.06712	0.01419	0.04228	0.05832	0.00882	0.01072	0.00690	0.00412	0.00422	0.00132	0.00540	0.00378	0.00235	0.00648
15	0.01203	0.01189	0.03522	0.07706	0.53831	0.13342	0.01192	0.03204	0.03377	0.05979	0.00878	0.01075	0.00702	0.00419	0.00427	0.00129	0.00552	0.00377	0.00245	0.00652
16	0.03037	0.02934	0.04232	0.01011	0.10047	0.06220	0.00725	0.02462	0.06150	0.07020	0.02988	0.21433	0.05235	0.00886	0.00715	0.07667	0.12006	0.04427	0.00320	0.00485
17	0.11730	0.04720	0.09395	0.01162	0.14971	0.08590	0.03234	0.02717	0.02827	0.11533	0.02445	0.03805	0.03775	0.00490	0.00425	0.00123	0.02992	0.00391	0.00292	0.14383
18	0.04633	0.03589	0.12023	0.06569	0.15056	0.03724	0.01928	0.08863	0.02459	0.11955	0.03034	0.10731	0.06275	0.02402	0.00474	0.00141	0.00450	0.00512	0.00321	0.04861
19	0.01062	0.07813	0.11422	0.04435	0.30162	0.02859	0.01018	0.06529	0.05368	0.05246	0.02007	0.06755	0.02171	0.00572	0.00490	0.04479	0.00475	0.02055	0.00274	0.04807
20	0.08075	0.15788	0.06483	0.01014	0.06820	0.06222	0.06395	0.07511	0.01020	0.02480	0.09231	0.06950	0.01194	0.02103	0.03644	0.00158	0.07458	0.01970	0.00281	0.05202
21	0.13890	0.15346	0.07370	0.01077	0.14464	0.05399	0.00791	0.06600	0.05163	0.02513	0.13494	0.04091	0.01286	0.02614	0.00436	0.00132	0.00425	0.00426	0.00298	0.04183
22	0.04688	0.17838	0.12673	0.02670	0.10225	0.02241	0.05276	0.03792	0.10307	0.06713	0.04514	0.02365	0.02252	0.04374	0.00482	0.00138	0.00462	0.01733	0.00287	0.06971
23	0.05225	0.07198	0.13894	0.02340	0.03543	0.04371	0.03699	0.11329	0.06208	0.05716	0.06133	0.10308	0.07036	0.00745	0.02528	0.03031	0.00457	0.02612	0.00326	0.03302
24	0.02174	0.08799	0.11272	0.01093	0.10846	0.06896	0.02198	0.09030	0.08834	0.04721	0.11459	0.05370	0.02598	0.00586	0.00460	0.00131	0.03095	0.02849	0.00321	0.07269

[dist]
# distance from previous block
# <min> <max>
7	82

[block]
# block no. 6 follows, 60 sequences, length 19
# corresponding to MSA columns:
# 315-333
name=unknown_G
#
# <colnr> <probs for GDERKNQSTAVLIFYWHMCP>
#	G	D	E	R	K	N	Q	S	T	A	V	L	I	F	Y	W	H	M	C	P
0	0.01035	0.08050	0.06960	0.00989	0.05664	0.04147	0.10198	0.07563	0.05305	0.08812	0.08387	0.04515	0.16507	0.00639	0.00475	0.00133	0.02794	0.00544	0.00337	0.06945
1	0.03347	0.05502	0.04641	0.00868	0.03240	0.13771	0.00689	0.08620	0.14642	0.05561	0.05582	0.11508	0.05517	0.00642	0.00428	0.00129	0.00426	0.02102	0.00346	0.12437
2	0.01125	0.05802	0.08206	0.02128	0.14997	0.09115	0.04325	0.05153	0.07721	0.08330	0.05197	0.03735	0.02916	0.01784	0.00439	0.00123	0.00464	0.00418	0.00302	0.17720
3	0.03312	0.00927	0.08512	0.00897	0.02999	0.03915	0.07121	0.08332	0.08810	0.08401	0.13300	0.10448	0.10244	0.02742	0.00532	0.00146	0.02695	0.00601	0.00366	0.05702
4	0.01163	0.03237	0.07490	0.01052	0.04318	0.00902	0.13688	0.08702	0.16686	0.14407	0.02839	0.04040	0.04768	0.00609	0.02780	0.00147	0.00467	0.00473	0.00355	0.11876
5	0.01112	0.03016	0.02219	0.01045	0.10191	0.03945	0.05161	0.13468	0.05173	0.07201	0.05152	0.02938	0.03814	0.06400	0.00588	0.00139	0.04505	0.00433	0.00320	0.23180
6	0.05916	0.05845	0.14950	0.01163	0.13814	0.02160	0.04984	0.05545	0.06164	0.08912	0.03926	0.13633	0.04917	0.00617	0.00435	0.00136	0.00441	0.00532	0.00316	0.05593
7	0.07198	0.02614	0.05991	0.01509	0.27377	0.07956	0.06490	0.08495	0.04446	0.03026	0.02891	0.01100	0.00782	0.01848	0.00458	0.00127	0.02441	0.00370	0.00268	0.14614
8	0.00999	0.04828	0.02990	0.00983	0.09033	0.04342	0.06497	0.04179	0.03705	0.07989	0.14293	0.06200	0.05626	0.00601	0.00433	0.00121	0.00393	0.03723	0.00337	0.22727
9	0.07248	0.09565	0.01556	0.03755	0.46508	0.04251	0.01055	0.04459	0.05799	0.07575	0.00967	0.01114	0.02016	0.00431	0.00405	0.00127	0.00481	0.00374	0.00267	0.02047
10	0.00655	0.00494	0.00564	0.00539	0.00648	0.00457	0.00375	0.04452	0.00917	0.01212	0.09845	0.15625	0.24714	0.26485	0.03148	0.00241	0.00332	0.00775	0.00353	0.08168
11	0.00913	0.00867	0.01470	0.55242	0.30685	0.00993	0.01256	0.01193	0.00915	0.01223	0.00791	0.01134	0.00620	0.00419	0.00435	0.00140	0.00559	0.00388	0.00202	0.00557
12	0.00894	0.10781	0.03378	0.00708	0.00908	0.00802	0.00583	0.05307	0.20210	0.04590	0.12686	0.08234	0.14228	0.07760	0.00611	0.00167	0.00343	0.06914	0.00386	0.00509
13	0.01134	0.75811	0.11127	0.00801	0.01204	0.01647	0.00842	0.01314	0.00890	0.01065	0.00626	0.00724	0.00559	0.00378	0.00295	0.00098	0.00486	0.00243	0.00186	0.00569
14	0.00749	0.00391	0.00583	0.00590	0.00600	0.00394	0.00408	0.00600	0.00604	0.00805	0.00882	0.01592	0.00893	0.01559	0.04681	0.77957	0.00410	0.05887	0.00206	0.00212
15	0.00619	0.00453	0.00648	0.00655	0.00716	0.00510	0.00486	0.00742	0.00699	0.00990	0.01291	0.07700	0.01302	0.17350	0.63082	0.00616	0.00974	0.00551	0.00251	0.00365
16	0.01049	0.12980	0.02533	0.01684	0.02116	0.01191	0.69147	0.01384	0.01009	0.01345	0.00843	0.01109	0.00647	0.00368	0.00482	0.00139	0.00697	0.00475	0.00216	0.00584
17	0.01449	0.02862	0.01369	0.01066	0.01387	0.09592	0.08621	0.44787	0.20423	0.02194	0.01155	0.01163	0.00850	0.00514	0.00438	0.00134	0.00504	0.00414	0.00390	0.00687
18	0.12191	0.01210	0.01168	0.01067	0.08176	0.18192	0.02287	0.23286	0.07995	0.10685	0.01040	0.03067	0.00796	0.00493	0.00404	0.00126	0.00495	0.00377	0.00347	0.06598

[dist]
# distance from previous block
# <min> <max>
0	1

[block]
# block no. 7 follows, 60 sequences, length 17
# corresponding to MSA columns:
# 337-353
name=unknown_H
#
# <colnr> <probs for GDERKNQSTAVLIFYWHMCP>
#	G	D	E	R	K	N	Q	S	T	A	V	L	I	F	Y	W	H	M	C	P
0	0.04585	0.17117	0.12496	0.01245	0.12621	0.14196	0.05682	0.05768	0.17454	0.01455	0.00987	0.01125	0.00790	0.00465	0.00400	0.00128	0.00534	0.02068	0.00272	0.00612
1	0.03429	0.03133	0.13346	0.01218	0.11135	0.05902	0.02154	0.19837	0.24387	0.01794	0.01137	0.01240	0.00878	0.00528	0.00498	0.00141	0.06320	0.01939	0.00331	0.00654
2	0.00593	0.00440	0.00553	0.00535	0.00639	0.00400	0.00397	0.00773	0.01163	0.01603	0.62452	0.09623	0.17285	0.00964	0.00518	0.00142	0.00212	0.00846	0.00462	0.00400
3	0.01024	0.01085	0.08359	0.00863	0.01122	0.09882	0.00725	0.03243	0.47112	0.01621	0.07072	0.01931	0.12794	0.00651	0.00450	0.00142	0.00397	0.00532	0.00393	0.00603
4	0.00537	0.00436	0.00476	0.00481	0.00606	0.00375	0.00355	0.00663	0.01024	0.01283	0.19341	0.12655	0.58063	0.01091	0.00520	0.00149	0.00221	0.00929	0.00420	0.00375
5	0.01473	0.04256	0.01245	0.00955	0.01270	0.03616	0.00780	0.54978	0.19583	0.02394	0.04121	0.01237	0.00984	0.00544	0.00434	0.00133	0.00448	0.00420	0.00424	0.00705
6	0.00540	0.00414	0.00484	0.00534	0.00612	0.00371	0.00374	0.00629	0.00893	0.01127	0.03173	0.40743	0.36248	0.07875	0.00673	0.00185	0.00259	0.04115	0.00394	0.00355
7	0.00631	0.00435	0.00536	0.00534	0.00557	0.00453	0.00339	0.00677	0.00673	0.00921	0.04364	0.02587	0.01559	0.61351	0.22138	0.00481	0.00599	0.00599	0.00265	0.00301
8	0.01064	0.00694	0.00814	0.00725	0.00933	0.00713	0.00567	0.01641	0.31719	0.18393	0.22594	0.05403	0.09133	0.00749	0.00476	0.00145	0.00302	0.02887	0.00467	0.00580
9	0.03158	0.04461	0.02976	0.01889	0.46787	0.01051	0.01078	0.10428	0.10768	0.09001	0.02073	0.01245	0.00870	0.00462	0.00428	0.00132	0.00470	0.01736	0.00304	0.00682
10	0.03077	0.02845	0.01294	0.02980	0.12626	0.49891	0.00890	0.10216	0.02644	0.04055	0.00884	0.00992	0.02738	0.00477	0.00431	0.00122	0.02674	0.00337	0.00264	0.00564
11	0.00589	0.00423	0.00526	0.00564	0.00648	0.00383	0.00405	0.00708	0.00978	0.03359	0.19877	0.41651	0.23097	0.01171	0.00536	0.00161	0.00243	0.03875	0.00424	0.00382
12	0.00989	0.07853	0.04258	0.00990	0.11566	0.06198	0.02197	0.01197	0.00949	0.01373	0.03097	0.00976	0.00736	0.00365	0.00351	0.00085	0.00407	0.00297	0.00248	0.55868
13	0.01134	0.02636	0.17322	0.06970	0.29470	0.02291	0.03686	0.09740	0.03988	0.07496	0.02331	0.01115	0.00762	0.00448	0.00461	0.00132	0.03556	0.00382	0.00270	0.05812
14	0.01304	0.25693	0.14241	0.01028	0.04159	0.08927	0.02197	0.27046	0.05802	0.01723	0.00875	0.00944	0.00677	0.00449	0.00381	0.00119	0.00521	0.00331	0.01560	0.02024
15	0.03281	0.05848	0.09253	0.05076	0.36399	0.09788	0.01116	0.11313	0.09423	0.01561	0.00905	0.01057	0.00718	0.00443	0.00433	0.00130	0.01971	0.00370	0.00263	0.00649
16	0.00910	0.15669	0.14423	0.04150	0.04722	0.05775	0.00797	0.07978	0.01033	0.01360	0.08515	0.28407	0.01666	0.00774	0.00447	0.00140	0.00426	0.00659	0.01642	0.00506

[dist]
# distance from previous block
# <min> <max>
6	11

[block]
# block no. 8 follows, 60 sequences, length 11
# corresponding to MSA columns:
# 365-375
name=unknown_I
#
# <colnr> <probs for GDERKNQSTAVLIFYWHMCP>
#	G	D	E	R	K	N	Q	S	T	A	V	L	I	F	Y	W	H	M	C	P
0	0.01084	0.12727	0.01521	0.26568	0.08697	0.12882	0.09319	0.06555	0.06404	0.01329	0.03328	0.04188	0.00883	0.00497	0.00427	0.00134	0.00557	0.02097	0.00255	0.00548
1	0.01348	0.12772	0.04613	0.04100	0.03072	0.08023	0.00838	0.37710	0.04965	0.03686	0.01064	0.05672	0.00884	0.00632	0.02468	0.00147	0.04532	0.02503	0.00343	0.00628
2	0.00579	0.00483	0.03594	0.00606	0.00694	0.00406	0.00459	0.00722	0.00991	0.01345	0.28313	0.43725	0.10530	0.01145	0.00536	0.00161	0.00256	0.04649	0.00421	0.00387
3	0.01225	0.06735	0.24256	0.01092	0.04583	0.03737	0.04668	0.22384	0.11557	0.07226	0.01080	0.01210	0.00820	0.05529	0.00528	0.00150	0.00516	0.00395	0.01662	0.00646
4	0.00631	0.00451	0.00544	0.00529	0.00646	0.00403	0.00394	0.00784	0.01091	0.04612	0.40832	0.10478	0.29941	0.04283	0.00584	0.00157	0.00234	0.02568	0.00440	0.00399
5	0.01332	0.03042	0.13973	0.00959	0.01305	0.02635	0.00873	0.44038	0.11022	0.03670	0.02901	0.06232	0.01000	0.00568	0.00433	0.00135	0.00461	0.00449	0.04305	0.00666
6	0.00629	0.00439	0.00579	0.00583	0.00619	0.00471	0.00398	0.00693	0.00670	0.00927	0.01309	0.06077	0.01398	0.42168	0.37291	0.03856	0.00738	0.00580	0.00255	0.00320
7	0.00980	0.00957	0.05002	0.03594	0.13040	0.02152	0.09365	0.04564	0.07337	0.01464	0.00941	0.03114	0.00789	0.03109	0.00449	0.00113	0.00436	0.00372	0.00268	0.41954
8	0.08324	0.09550	0.00921	0.00676	0.00896	0.00807	0.03077	0.12079	0.09967	0.01590	0.11890	0.05816	0.31170	0.00792	0.00452	0.00138	0.00322	0.00653	0.00382	0.00496
9	0.03166	0.04174	0.07326	0.00941	0.05650	0.03974	0.02723	0.13865	0.05199	0.15192	0.02373	0.01101	0.00812	0.00434	0.00387	0.00108	0.00423	0.00348	0.00334	0.31471
10	0.03009	0.20613	0.15227	0.01102	0.06217	0.10114	0.05686	0.18150	0.03846	0.08347	0.00999	0.01060	0.02839	0.00462	0.00396	0.00124	0.00532	0.00357	0.00292	0.00629

[dist]
# distance from previous block
# <min> <max>
0	6

[block]
# block no. 9 follows, 60 sequences, length 7
# corresponding to MSA columns:
# 382-388
name=unknown_J
#
# <colnr> <probs for GDERKNQSTAVLIFYWHMCP>
#	G	D	E	R	K	N	Q	S	T	A	V	L	I	F	Y	W	H	M	C	P
0	0.03914	0.01228	0.08260	0.01070	0.06157	0.05232	0.00868	0.49688	0.04537	0.05307	0.01153	0.08507	0.00931	0.00577	0.00438	0.00136	0.00478	0.00457	0.00387	0.00674
1	0.01073	0.15433	0.36192	0.01100	0.01554	0.04616	0.07230	0.11627	0.09868	0.01522	0.00980	0.05151	0.00788	0.00486	0.00412	0.00132	0.00555	0.00394	0.00261	0.00623
2	0.00622	0.00437	0.00568	0.00575	0.00608	0.00466	0.00387	0.00690	0.00676	0.00933	0.01371	0.08670	0.01489	0.45901	0.34188	0.00515	0.00706	0.00614	0.00263	0.00321
3	0.01105	0.01278	0.08623	0.01541	0.15644	0.13678	0.22934	0.05370	0.06448	0.01385	0.00954	0.03076	0.00800	0.00642	0.04863	0.00172	0.08346	0.02308	0.00250	0.00582
4	0.00674	0.00524	0.00792	0.00891	0.09635	0.00585	0.00599	0.00823	0.00725	0.01038	0.01154	0.01776	0.01104	0.12399	0.64540	0.00606	0.01011	0.00478	0.00235	0.00408
5	0.01291	0.03378	0.10046	0.01218	0.09400	0.21229	0.05703	0.16032	0.16089	0.03036	0.01039	0.01122	0.00797	0.00542	0.02191	0.00142	0.02117	0.00382	0.03627	0.00620
6	0.00680	0.00477	0.00568	0.00580	0.00697	0.00442	0.00431	0.00864	0.05675	0.06698	0.11217	0.27167	0.31259	0.04081	0.00586	0.00168	0.00268	0.07312	0.00419	0.00412

[dist]
# distance from previous block
# <min> <max>
0	1

[block]
# block no. 10 follows, 60 sequences, length 8
# corresponding to MSA columns:
# 390-397
name=unknown_K
#
# <colnr> <probs for GDERKNQSTAVLIFYWHMCP>
#	G	D	E	R	K	N	Q	S	T	A	V	L	I	F	Y	W	H	M	C	P
0	0.01007	0.03885	0.01277	0.06424	0.23601	0.03541	0.03151	0.03913	0.08321	0.01446	0.01049	0.01248	0.03708	0.00435	0.00395	0.00108	0.00430	0.02159	0.00269	0.33632
1	0.00531	0.00380	0.00506	0.00607	0.00633	0.00354	0.00405	0.00607	0.00835	0.01113	0.02404	0.84388	0.02885	0.01366	0.00557	0.00177	0.00253	0.01240	0.00405	0.00354
2	0.03538	0.00703	0.00838	0.00719	0.00897	0.00735	0.00546	0.19125	0.03423	0.17895	0.01345	0.03836	0.01186	0.25451	0.17481	0.00332	0.00566	0.00506	0.00362	0.00515
3	0.14615	0.09944	0.01269	0.00974	0.03622	0.01191	0.00793	0.12624	0.00985	0.11502	0.00828	0.01008	0.00671	0.00714	0.04773	0.00179	0.33110	0.00356	0.00284	0.00558
4	0.01058	0.05865	0.37092	0.01166	0.07084	0.05319	0.04170	0.08218	0.03653	0.04650	0.02729	0.02672	0.00770	0.00447	0.00407	0.00124	0.00538	0.00363	0.00256	0.13417
5	0.00552	0.00440	0.00495	0.00488	0.00613	0.00383	0.00363	0.00695	0.01071	0.01377	0.31686	0.07904	0.50306	0.01042	0.00517	0.00145	0.00217	0.00890	0.00432	0.00383
6	0.01047	0.46893	0.13280	0.03268	0.03564	0.08090	0.00843	0.01247	0.00960	0.01165	0.07313	0.01290	0.08453	0.00497	0.00358	0.00112	0.00480	0.00366	0.00234	0.00539
7	0.00980	0.00850	0.03269	0.00790	0.02906	0.00731	0.02728	0.11392	0.07902	0.01659	0.10219	0.03208	0.01175	0.00470	0.00385	0.00098	0.00352	0.00394	0.02253	0.48240

[dist]
# distance from previous block
# <min> <max>
0	1

[block]
# block no. 11 follows, 60 sequences, length 18
# corresponding to MSA columns:
# 399-416
name=unknown_L
#
# <colnr> <probs for GDERKNQSTAVLIFYWHMCP>
#	G	D	E	R	K	N	Q	S	T	A	V	L	I	F	Y	W	H	M	C	P
0	0.03227	0.05460	0.15398	0.03176	0.14021	0.05888	0.07388	0.24143	0.01301	0.08950	0.00946	0.01048	0.00698	0.00454	0.00434	0.00130	0.01829	0.00372	0.02031	0.03107
1	0.01053	0.00777	0.00856	0.00727	0.00943	0.00819	0.00576	0.31540	0.06410	0.03161	0.10904	0.03597	0.21393	0.02585	0.07703	0.00191	0.00415	0.00600	0.05205	0.00544
2	0.03530	0.01190	0.03071	0.10268	0.12085	0.12437	0.07879	0.21504	0.14465	0.06289	0.01067	0.01175	0.00803	0.01739	0.00460	0.00139	0.00532	0.00404	0.00328	0.00636
3	0.00668	0.00500	0.00642	0.00625	0.00704	0.00533	0.00460	0.03316	0.03000	0.01236	0.16953	0.10513	0.09053	0.17390	0.26846	0.00375	0.04106	0.00669	0.02024	0.00388
4	0.01071	0.01093	0.05911	0.10527	0.22418	0.08362	0.05997	0.10314	0.10554	0.01532	0.06329	0.06677	0.02700	0.00564	0.00491	0.00140	0.03945	0.00487	0.00296	0.00593
5	0.00585	0.00430	0.00548	0.00549	0.00640	0.00393	0.00400	0.00750	0.01115	0.01536	0.54360	0.21650	0.13375	0.01025	0.00524	0.00147	0.00218	0.00907	0.00454	0.00393
6	0.02693	0.00604	0.00669	0.00691	0.02423	0.05836	0.00477	0.00923	0.07522	0.01084	0.01487	0.13530	0.01577	0.32964	0.20182	0.00383	0.00587	0.05689	0.00297	0.00379
7	0.15578	0.01121	0.06331	0.03082	0.04892	0.03386	0.00801	0.30852	0.17646	0.07706	0.01167	0.01170	0.01922	0.00506	0.00407	0.00135	0.00439	0.00388	0.00376	0.02096
8	0.01068	0.00974	0.01370	0.06375	0.38898	0.01056	0.01022	0.01794	0.39290	0.01598	0.01274	0.01346	0.00991	0.00488	0.00438	0.00139	0.00439	0.00438	0.00324	0.00679
9	0.01080	0.01030	0.01720	0.02562	0.76752	0.01039	0.01297	0.01402	0.06151	0.01451	0.00882	0.01115	0.00732	0.00402	0.00433	0.00131	0.00507	0.00395	0.00231	0.00691
10	0.00552	0.00418	0.00502	0.00551	0.00628	0.00378	0.00392	0.00654	0.00921	0.01184	0.09520	0.39434	0.29920	0.06603	0.00650	0.00181	0.00259	0.06490	0.00402	0.00361
11	0.00926	0.02105	0.72337	0.01281	0.01896	0.01008	0.08726	0.01409	0.00942	0.04193	0.00824	0.00964	0.00581	0.00414	0.00424	0.00139	0.00643	0.00344	0.00200	0.00643
12	0.00548	0.00427	0.00493	0.00515	0.00615	0.00378	0.00372	0.00665	0.00984	0.01259	0.18326	0.25271	0.41315	0.04348	0.00594	0.00165	0.00238	0.02706	0.00414	0.00369
13	0.01012	0.00860	0.00883	0.00792	0.01006	0.05164	0.00616	0.10249	0.40426	0.02820	0.06985	0.04252	0.15179	0.00905	0.06678	0.00186	0.00413	0.00579	0.00412	0.00583
14	0.00556	0.00392	0.00501	0.00573	0.00602	0.00369	0.00376	0.00618	0.00815	0.01081	0.04645	0.61452	0.07084	0.15689	0.00867	0.02299	0.00282	0.01084	0.00378	0.00337
15	0.02266	0.03410	0.04154	0.06383	0.14329	0.02986	0.07732	0.09724	0.09957	0.13188	0.11859	0.02691	0.03460	0.03473	0.01405	0.00152	0.00452	0.00494	0.01286	0.00598
16	0.01079	0.01036	0.01770	0.02677	0.81952	0.01036	0.01339	0.01339	0.00993	0.01425	0.00820	0.01079	0.00691	0.00389	0.00432	0.00130	0.00518	0.00389	0.00216	0.00691
17	0.01041	0.01039	0.09849	0.01504	0.29014	0.05501	0.04589	0.04393	0.04776	0.08116	0.11148	0.09575	0.05276	0.00621	0.00461	0.00139	0.00456	0.01590	0.00321	0.00591

[dist]
# distance from previous block
# <min> <max>
1	2

[block]
# block no. 12 follows, 60 sequences, length 13
# corresponding to MSA columns:
# 419-431
name=unknown_M
#
# <colnr> <probs for GDERKNQSTAVLIFYWHMCP>
#	G	D	E	R	K	N	Q	S	T	A	V	L	I	F	Y	W	H	M	C	P
0	0.05420	0.01123	0.05912	0.04214	0.24268	0.07188	0.03137	0.15478	0.03792	0.09412	0.00976	0.02754	0.00762	0.00461	0.00434	0.00125	0.02224	0.00382	0.00303	0.11635
1	0.07715	0.00814	0.04008	0.05391	0.11696	0.03953	0.01695	0.06144	0.06656	0.02890	0.13276	0.03897	0.25067	0.00778	0.01877	0.00151	0.02529	0.00609	0.00349	0.00505
2	0.01085	0.04144	0.01837	0.01799	0.28270	0.06081	0.28134	0.02768	0.06899	0.03103	0.00991	0.05028	0.00831	0.00524	0.02309	0.00150	0.02955	0.00467	0.00254	0.02372
3	0.00758	0.00379	0.00568	0.00568	0.00568	0.00379	0.00379	0.00568	0.00568	0.00758	0.00758	0.01326	0.00758	0.01515	0.01705	0.87311	0.00379	0.00379	0.00189	0.00189
4	0.01182	0.01041	0.01448	0.03545	0.39522	0.06979	0.02887	0.03444	0.08797	0.09181	0.00971	0.01124	0.00765	0.00452	0.00496	0.00129	0.06795	0.00383	0.00278	0.10581
5	0.04279	0.05014	0.04547	0.05415	0.04638	0.02696	0.11185	0.28171	0.14132	0.10232	0.02920	0.01233	0.00902	0.00549	0.01995	0.00146	0.00501	0.00421	0.00365	0.00658
6	0.00529	0.00388	0.00497	0.00585	0.00627	0.00356	0.00395	0.00610	0.00856	0.01122	0.02675	0.73611	0.13486	0.01331	0.00551	0.00173	0.00249	0.01197	0.00405	0.00356
7	0.00957	0.07263	0.63197	0.01254	0.05510	0.01053	0.03522	0.04067	0.02945	0.03304	0.00864	0.02619	0.00647	0.00439	0.00414	0.00136	0.00603	0.00352	0.00214	0.00641
8	0.10206	0.08376	0.03427	0.16516	0.16291	0.00935	0.03768	0.05663	0.00996	0.11970	0.03767	0.06498	0.00990	0.03223	0.05391	0.00178	0.00505	0.00447	0.00292	0.00561
9	0.01109	0.15274	0.12346	0.04021	0.04854	0.03992	0.04416	0.14015	0.12970	0.03561	0.06870	0.05128	0.01106	0.00592	0.02165	0.00141	0.01715	0.00436	0.00313	0.04975
10	0.18978	0.08021	0.17308	0.00940	0.01311	0.03794	0.07457	0.10889	0.04091	0.14721	0.01126	0.01167	0.04236	0.00484	0.00408	0.00133	0.01818	0.00374	0.02141	0.00602
