[name]
unknown

[dist]
# distance from previous block
# <min> <max>
0	6

[block]
# block no. 0 follows, 57 sequences, length 78
# corresponding to MSA columns:
# 25-102
name=unknown_A
#
# <colnr> <probs for GDERKNQSTAVLIFYWHMCP>
#	G	D	E	R	K	N	Q	S	T	A	V	L	I	F	Y	W	H	M	C	P
0	0.01072	0.00840	0.00964	0.01027	0.01169	0.05985	0.00841	0.01268	0.06055	0.01605	0.02443	0.04808	0.02563	0.01295	0.00701	0.00242	0.00524	0.65537	0.00486	0.00575
1	0.01113	0.01075	0.01855	0.04735	0.76685	0.01077	0.03997	0.01387	0.01030	0.01471	0.00853	0.01127	0.00714	0.00404	0.00452	0.00136	0.00547	0.00408	0.00224	0.00709
2	0.01121	0.00979	0.01199	0.01207	0.12119	0.01087	0.04711	0.02159	0.61518	0.03310	0.01754	0.01676	0.03921	0.00591	0.00465	0.00151	0.00399	0.00512	0.00418	0.00702
3	0.00966	0.28158	0.01067	0.00539	0.00738	0.00875	0.00468	0.01155	0.00941	0.01483	0.01198	0.01371	0.00970	0.00482	0.00308	0.00103	0.00302	0.00363	0.58038	0.00475
4	0.00647	0.00485	0.00728	0.00728	0.00809	0.00566	0.00566	0.00809	0.00728	0.01052	0.01214	0.01780	0.01133	0.03398	0.82279	0.00728	0.01214	0.00485	0.00243	0.00405
5	0.00647	0.00485	0.00728	0.00728	0.00809	0.00566	0.00566	0.00809	0.00728	0.01052	0.01214	0.01780	0.01133	0.03398	0.82279	0.00728	0.01214	0.00485	0.00243	0.00405
6	0.01023	0.07495	0.65815	0.01233	0.02950	0.01098	0.01500	0.06503	0.01050	0.04573	0.02188	0.01015	0.00672	0.00448	0.00426	0.00140	0.00626	0.00347	0.00228	0.00671
7	0.00557	0.00398	0.00530	0.00628	0.00658	0.00371	0.00421	0.00642	0.00889	0.01191	0.06525	0.79655	0.03063	0.01394	0.00576	0.00182	0.00260	0.01264	0.00425	0.00371
8	0.00557	0.00398	0.00531	0.00636	0.00665	0.00372	0.00429	0.00639	0.00872	0.01162	0.02495	0.81690	0.02987	0.01415	0.00580	0.00185	0.00267	0.03331	0.00421	0.00369
9	0.54011	0.11903	0.19911	0.00813	0.01202	0.01127	0.02674	0.01362	0.00841	0.01756	0.00680	0.00798	0.00526	0.00418	0.00323	0.00136	0.00452	0.00273	0.00247	0.00547
10	0.00641	0.00463	0.00606	0.00570	0.00677	0.00428	0.00428	0.00855	0.01283	0.01817	0.81009	0.03385	0.04276	0.00926	0.00534	0.00143	0.00214	0.00819	0.00499	0.00428
11	0.01185	0.07867	0.39913	0.02259	0.04420	0.04742	0.03804	0.19317	0.02613	0.02865	0.00893	0.01001	0.00657	0.00452	0.00424	0.00132	0.00590	0.00353	0.00271	0.06242
12	0.01258	0.01013	0.02480	0.00942	0.01245	0.02360	0.06208	0.31461	0.14061	0.04441	0.10086	0.02809	0.04344	0.02806	0.00512	0.00144	0.00433	0.02403	0.00411	0.10585
13	0.03956	0.20971	0.03553	0.00960	0.02849	0.05212	0.03399	0.09134	0.33496	0.02864	0.03103	0.02743	0.01088	0.01720	0.01784	0.00149	0.01593	0.00432	0.00352	0.00643
14	0.01985	0.00769	0.01038	0.00801	0.01145	0.00673	0.00660	0.02190	0.03391	0.77823	0.01783	0.01549	0.01129	0.00562	0.00453	0.00140	0.00381	0.00457	0.02307	0.00763
15	0.03156	0.13581	0.01369	0.00947	0.01271	0.01348	0.00785	0.36671	0.32037	0.02202	0.01301	0.01259	0.00972	0.00545	0.00428	0.00137	0.00440	0.00420	0.00414	0.00716
16	0.01146	0.53780	0.16776	0.01041	0.01479	0.01550	0.11678	0.03543	0.00975	0.01236	0.00714	0.00853	0.00600	0.00409	0.00383	0.00117	0.02603	0.00307	0.00205	0.00605
17	0.04590	0.02749	0.00938	0.00792	0.01024	0.03056	0.00621	0.17571	0.17770	0.12705	0.06752	0.16766	0.11152	0.00804	0.00481	0.00150	0.00365	0.00673	0.00444	0.00598
18	0.01009	0.22987	0.50510	0.01087	0.01617	0.01187	0.01294	0.01426	0.03992	0.04014	0.00947	0.06292	0.00782	0.00495	0.00406	0.00135	0.00575	0.00384	0.00229	0.00633
19	0.00549	0.00407	0.00513	0.00598	0.00649	0.00371	0.00406	0.00635	0.00899	0.01170	0.02895	0.68680	0.17839	0.01368	0.00570	0.00178	0.00257	0.01225	0.00421	0.00371
20	0.01109	0.01064	0.01817	0.06443	0.77682	0.01073	0.01385	0.01380	0.01026	0.01466	0.00850	0.01125	0.00713	0.00406	0.00449	0.00135	0.00541	0.00404	0.00223	0.00708
21	0.01106	0.01061	0.01812	0.07375	0.76774	0.01073	0.01383	0.01377	0.01025	0.01462	0.00850	0.01126	0.00711	0.00407	0.00449	0.00136	0.00542	0.00404	0.00223	0.00705
22	0.01902	0.00833	0.01272	0.00956	0.01322	0.00731	0.11413	0.02105	0.01266	0.70656	0.01669	0.01499	0.01063	0.00536	0.00466	0.00142	0.00437	0.00466	0.00516	0.00749
23	0.00648	0.00485	0.00724	0.00724	0.00803	0.00564	0.00561	0.00806	0.00727	0.01049	0.01218	0.01803	0.01143	0.04976	0.80715	0.00723	0.01199	0.00489	0.00243	0.00402
24	0.00856	0.00805	0.01359	0.82986	0.03121	0.01007	0.01258	0.01158	0.00906	0.01158	0.00805	0.01208	0.00604	0.00453	0.00453	0.00151	0.00604	0.00403	0.00201	0.00503
25	0.01051	0.01004	0.01711	0.24187	0.60397	0.01058	0.01355	0.01329	0.00998	0.01394	0.00840	0.01145	0.00687	0.00417	0.00450	0.00139	0.00556	0.00403	0.00218	0.00661
26	0.01027	0.00972	0.01663	0.03590	0.63302	0.00968	0.04888	0.01275	0.01010	0.01427	0.01120	0.12487	0.01075	0.00564	0.00475	0.00144	0.00509	0.02596	0.00256	0.00654
27	0.02033	0.00771	0.01052	0.00806	0.01157	0.00666	0.00666	0.02208	0.01297	0.81562	0.01788	0.01542	0.01122	0.00561	0.00456	0.00140	0.00386	0.00456	0.00561	0.00771
28	0.00552	0.00394	0.00526	0.00631	0.00657	0.00368	0.00421	0.00631	0.00868	0.01157	0.02498	0.83779	0.02997	0.01420	0.00578	0.00184	0.00263	0.01288	0.00421	0.00368
29	0.00972	0.00990	0.01991	0.04316	0.10102	0.00940	0.47973	0.01272	0.01051	0.03389	0.06507	0.12834	0.04274	0.00598	0.00527	0.00154	0.00601	0.00653	0.00287	0.00569
30	0.00623	0.00462	0.00661	0.00692	0.00749	0.00509	0.00510	0.00747	0.00770	0.01078	0.01637	0.28797	0.01764	0.07082	0.49631	0.00524	0.02319	0.00757	0.00302	0.00387
31	0.00991	0.00991	0.01388	0.01190	0.01190	0.01388	0.00991	0.01091	0.00694	0.01091	0.00595	0.00991	0.00595	0.00793	0.01487	0.00198	0.83246	0.00397	0.00198	0.00496
32	0.00940	0.00805	0.00940	0.00671	0.01074	0.00604	0.00537	0.01141	0.00940	0.01477	0.00805	0.00940	0.00671	0.00336	0.00336	0.00067	0.00336	0.00268	0.00268	0.86845
33	0.01211	0.84348	0.02374	0.00775	0.01163	0.01793	0.00775	0.01357	0.00921	0.01066	0.00630	0.00727	0.00582	0.00388	0.00291	0.00097	0.00485	0.00242	0.00194	0.00582
34	0.01122	0.01077	0.01839	0.02781	0.81248	0.01077	0.01391	0.01391	0.01032	0.01480	0.00852	0.01122	0.00718	0.00404	0.00449	0.00135	0.00538	0.00404	0.00224	0.00718
35	0.01693	0.02160	0.01284	0.01167	0.01401	0.82256	0.00876	0.01809	0.01284	0.01109	0.00700	0.00817	0.00584	0.00467	0.00409	0.00117	0.00817	0.00292	0.00233	0.00525
36	0.00895	0.00778	0.00978	0.15036	0.01398	0.00657	0.00650	0.01107	0.00938	0.01401	0.01051	0.02716	0.05242	0.00422	0.00372	0.00089	0.00375	0.00350	0.00268	0.65278
37	0.09826	0.52420	0.11280	0.00886	0.01243	0.05834	0.00882	0.01357	0.00903	0.01211	0.00651	0.00790	0.00573	0.00447	0.00451	0.00119	0.10078	0.00274	0.00205	0.00570
38	0.01436	0.23991	0.01588	0.13560	0.01600	0.48270	0.00907	0.01589	0.01129	0.01105	0.00698	0.00853	0.00586	0.00444	0.00384	0.00117	0.00695	0.00295	0.00218	0.00537
39	0.00616	0.00485	0.00560	0.00534	0.00672	0.00435	0.00402	0.00823	0.04007	0.01548	0.42507	0.03723	0.38636	0.01005	0.00529	0.00146	0.00228	0.00861	0.00459	0.01821
40	0.00956	0.07902	0.71598	0.01295	0.03840	0.01099	0.02948	0.01442	0.00964	0.02745	0.00820	0.00959	0.00589	0.00428	0.00424	0.00140	0.00651	0.00336	0.00199	0.00665
41	0.16215	0.04544	0.52833	0.01175	0.03511	0.03073	0.03838	0.03549	0.00983	0.05130	0.00827	0.00949	0.00596	0.00435	0.00405	0.00141	0.00594	0.00330	0.00234	0.00638
42	0.01793	0.00738	0.00974	0.00770	0.01068	0.00662	0.00616	0.02009	0.05806	0.65951	0.01742	0.01745	0.01208	0.11934	0.00708	0.00182	0.00391	0.00487	0.00516	0.00700
43	0.01257	0.01187	0.01086	0.00971	0.01223	0.15417	0.00753	0.04314	0.61589	0.03246	0.01600	0.01506	0.01208	0.00589	0.00469	0.00147	0.01870	0.00468	0.00418	0.00682
44	0.01197	0.05002	0.29496	0.10481	0.02876	0.02187	0.03219	0.01542	0.03889	0.20602	0.01167	0.06557	0.00904	0.00566	0.00545	0.00149	0.08229	0.00448	0.00309	0.00634
45	0.00820	0.00746	0.01102	0.17038	0.15093	0.02824	0.06756	0.01050	0.02552	0.02776	0.11409	0.07264	0.27195	0.00779	0.00501	0.00149	0.00416	0.00691	0.00337	0.00502
46	0.00659	0.00439	0.00494	0.00494	0.00494	0.00439	0.00275	0.00659	0.00659	0.00879	0.01428	0.02965	0.01647	0.84075	0.02306	0.00439	0.00439	0.00659	0.00275	0.00275
47	0.03559	0.02553	0.01144	0.00882	0.01219	0.08675	0.00721	0.15673	0.04855	0.53604	0.01520	0.01369	0.00998	0.00545	0.00444	0.00137	0.00447	0.00426	0.00494	0.00736
48	0.00992	0.03219	0.15144	0.01109	0.01420	0.04881	0.16847	0.07570	0.12248	0.03029	0.01564	0.25888	0.02561	0.00764	0.00499	0.00156	0.00501	0.00697	0.00338	0.00571
49	0.00572	0.00452	0.00515	0.00518	0.00639	0.00395	0.00381	0.00713	0.01091	0.01405	0.28844	0.14860	0.45779	0.01114	0.00541	0.00154	0.00229	0.00958	0.00446	0.00395
50	0.01091	0.00938	0.01385	0.57810	0.06828	0.01112	0.01164	0.21231	0.01225	0.01608	0.00880	0.01173	0.00653	0.00474	0.00453	0.00146	0.00574	0.00404	0.00267	0.00583
51	0.01489	0.00747	0.00919	0.00749	0.01027	0.00700	0.00603	0.11899	0.05216	0.42330	0.07749	0.05606	0.17483	0.00740	0.00482	0.00145	0.00351	0.00613	0.00504	0.00650
52	0.02033	0.00771	0.01052	0.00806	0.01157	0.00666	0.00666	0.02208	0.01297	0.81562	0.01788	0.01542	0.01122	0.00561	0.00456	0.00140	0.00386	0.00456	0.00561	0.00771
53	0.00647	0.00485	0.00728	0.00728	0.00809	0.00566	0.00566	0.00809	0.00728	0.01052	0.01214	0.01780	0.01133	0.03398	0.82279	0.00728	0.01214	0.00485	0.00243	0.00405
54	0.00917	0.04505	0.79636	0.01278	0.01940	0.01072	0.01651	0.01433	0.00956	0.01425	0.00808	0.00951	0.00574	0.00429	0.00427	0.00142	0.00665	0.00332	0.00191	0.00667
55	0.00773	0.00604	0.00718	0.00665	0.00814	0.00620	0.00506	0.01280	0.23205	0.01824	0.57206	0.02939	0.05353	0.00845	0.00514	0.00146	0.00254	0.00738	0.00486	0.00507
56	0.00552	0.00394	0.00526	0.00631	0.00657	0.00368	0.00421	0.00631	0.00868	0.01157	0.02498	0.83779	0.02997	0.01420	0.00578	0.00184	0.00263	0.01288	0.00421	0.00368
57	0.03860	0.01205	0.01309	0.01006	0.01365	0.01315	0.00831	0.69372	0.02006	0.11401	0.01153	0.01129	0.00802	0.00543	0.00449	0.00137	0.00483	0.00409	0.00461	0.00764
58	0.01211	0.84348	0.02374	0.00775	0.01163	0.01793	0.00775	0.01357	0.00921	0.01066	0.00630	0.00727	0.00582	0.00388	0.00291	0.00097	0.00485	0.00242	0.00194	0.00582
59	0.01116	0.01039	0.11977	0.00795	0.01225	0.00722	0.00727	0.06120	0.01058	0.11270	0.00943	0.01024	0.00719	0.00389	0.00370	0.00091	0.00397	0.00309	0.00305	0.59405
60	0.01070	0.01222	0.02674	0.01910	0.02368	0.01146	0.79603	0.01451	0.01070	0.01451	0.00917	0.01222	0.00688	0.00382	0.00535	0.00153	0.00764	0.00535	0.00229	0.00611
61	0.00915	0.02302	0.78753	0.01315	0.01977	0.01056	0.04606	0.01436	0.00961	0.01436	0.00817	0.00967	0.00578	0.00429	0.00434	0.00144	0.00673	0.00342	0.00193	0.00667
62	0.00856	0.00805	0.01359	0.82986	0.03121	0.01007	0.01258	0.01158	0.00906	0.01158	0.00805	0.01208	0.00604	0.00453	0.00453	0.00151	0.00604	0.00403	0.00201	0.00503
63	0.01858	0.00962	0.04160	0.00885	0.01244	0.00884	0.00752	0.23360	0.02696	0.53872	0.03499	0.01443	0.01086	0.00561	0.00456	0.00139	0.00423	0.00448	0.00515	0.00758
64	0.00784	0.00395	0.00588	0.00588	0.00588	0.00395	0.00390	0.00592	0.00592	0.00790	0.00804	0.01420	0.00810	0.03778	0.01785	0.84509	0.00395	0.00401	0.00199	0.00199
65	0.00647	0.00485	0.00728	0.00728	0.00809	0.00566	0.00566	0.00809	0.00728	0.01052	0.01214	0.01780	0.01133	0.03398	0.82279	0.00728	0.01214	0.00485	0.00243	0.00405
66	0.01211	0.84348	0.02374	0.00775	0.01163	0.01793	0.00775	0.01357	0.00921	0.01066	0.00630	0.00727	0.00582	0.00388	0.00291	0.00097	0.00485	0.00242	0.00194	0.00582
67	0.01790	0.02603	0.01298	0.00983	0.01339	0.03446	0.00812	0.56930	0.01879	0.22387	0.01244	0.01187	0.00850	0.00543	0.00450	0.00136	0.00479	0.00414	0.00470	0.00761
68	0.00991	0.00991	0.01388	0.01190	0.01190	0.01388	0.00991	0.01091	0.00694	0.01091	0.00595	0.00991	0.00595	0.00793	0.01487	0.00198	0.83246	0.00397	0.00198	0.00496
69	0.01102	0.01057	0.01805	0.08518	0.75661	0.01072	0.01381	0.01374	0.01023	0.01457	0.00849	0.01128	0.00710	0.00407	0.00449	0.00136	0.00543	0.00404	0.00223	0.00702
70	0.02498	0.17163	0.15419	0.01050	0.01407	0.15571	0.07126	0.17449	0.02506	0.02886	0.00947	0.02579	0.00798	0.07962	0.02593	0.00171	0.00605	0.00393	0.00280	0.00597
71	0.01204	0.04015	0.05441	0.01546	0.01964	0.01206	0.48092	0.17949	0.09436	0.01774	0.01055	0.02318	0.00799	0.00456	0.00498	0.00148	0.00647	0.00498	0.00300	0.00654
72	0.00546	0.00457	0.00475	0.00476	0.00620	0.00386	0.00355	0.00668	0.01050	0.01276	0.11554	0.07307	0.71002	0.01138	0.00537	0.00153	0.00229	0.00956	0.00428	0.00386
73	0.00638	0.05881	0.00674	0.00661	0.00718	0.03591	0.00461	0.00723	0.00887	0.01149	0.02308	0.75247	0.02749	0.01317	0.00553	0.00176	0.00298	0.01183	0.00399	0.00388
74	0.06825	0.02900	0.04303	0.21182	0.03569	0.28143	0.00958	0.12014	0.01205	0.01464	0.00987	0.01468	0.00855	0.00637	0.02703	0.00158	0.00639	0.09166	0.00277	0.00546
75	0.03524	0.52426	0.22609	0.00928	0.01370	0.04614	0.00999	0.01461	0.06072	0.01243	0.00758	0.00852	0.00629	0.00417	0.00342	0.00115	0.00533	0.00286	0.00214	0.00608
76	0.03647	0.43057	0.16459	0.00949	0.01354	0.12505	0.00947	0.07902	0.05797	0.02442	0.00798	0.00879	0.00648	0.00436	0.00358	0.00116	0.00552	0.00298	0.00243	0.00613
77	0.07602	0.18083	0.08128	0.00863	0.03429	0.04873	0.00738	0.10480	0.08314	0.01548	0.03791	0.04311	0.05631	0.06286	0.02401	0.00157	0.00460	0.00435	0.00305	0.12163

[dist]
# distance from previous block
# <min> <max>
4	16

[block]
# block no. 1 follows, 57 sequences, length 55
# corresponding to MSA columns:
# 119-145,147-174
name=unknown_B
#
# <colnr> <probs for GDERKNQSTAVLIFYWHMCP>
#	G	D	E	R	K	N	Q	S	T	A	V	L	I	F	Y	W	H	M	C	P
0	0.10468	0.05856	0.04176	0.00810	0.01052	0.08323	0.03055	0.12733	0.03157	0.06351	0.28310	0.06566	0.02065	0.00763	0.02707	0.00154	0.00422	0.00566	0.00393	0.02074
1	0.01113	0.39052	0.20185	0.00911	0.01312	0.04037	0.00944	0.09303	0.01068	0.01384	0.04609	0.01118	0.02575	0.00710	0.07272	0.00168	0.00579	0.00346	0.00247	0.03067
2	0.03132	0.00862	0.00994	0.00830	0.01093	0.00886	0.00673	0.29834	0.05431	0.10244	0.11252	0.06561	0.03886	0.00835	0.04006	0.00167	0.00426	0.08752	0.00431	0.09705
3	0.01052	0.02449	0.09710	0.02157	0.01133	0.07700	0.00762	0.11252	0.07879	0.06595	0.11319	0.01951	0.09003	0.03969	0.15102	0.00259	0.05334	0.01478	0.00350	0.00546
4	0.00680	0.04817	0.05010	0.00619	0.00779	0.03275	0.00508	0.00851	0.01066	0.01395	0.29635	0.08228	0.28829	0.03587	0.08519	0.00211	0.00384	0.00785	0.00396	0.00426
5	0.01173	0.00837	0.00946	0.00778	0.01073	0.00830	0.00616	0.05721	0.31818	0.12506	0.06022	0.01522	0.01261	0.00535	0.00416	0.00121	0.00342	0.00440	0.07680	0.25362
6	0.62764	0.00989	0.00865	0.00724	0.01028	0.01128	0.00597	0.23796	0.01161	0.02269	0.00762	0.00837	0.00571	0.00456	0.00330	0.00139	0.00393	0.00292	0.00330	0.00571
7	0.00690	0.00557	0.00627	0.00598	0.00748	0.00543	0.00451	0.01066	0.16457	0.01574	0.32787	0.07186	0.33062	0.00974	0.00523	0.00151	0.00250	0.00834	0.00458	0.00463
8	0.01377	0.01126	0.01164	0.00977	0.01274	0.03735	0.00778	0.32633	0.47368	0.02247	0.01513	0.01428	0.01119	0.00583	0.00456	0.00146	0.00428	0.00465	0.00451	0.00732
9	0.01146	0.00785	0.00902	0.00785	0.01017	0.00826	0.00615	0.05871	0.35974	0.14980	0.24484	0.02163	0.03856	0.00696	0.00477	0.00145	0.00323	0.00589	0.02019	0.02348
10	0.01116	0.46163	0.33158	0.01022	0.01521	0.01451	0.03944	0.02919	0.00971	0.02953	0.00745	0.00858	0.00597	0.00411	0.00360	0.00119	0.00565	0.00296	0.00207	0.00624
11	0.01029	0.30184	0.53029	0.01114	0.01678	0.03075	0.01352	0.01417	0.00952	0.01303	0.00749	0.00876	0.00577	0.00417	0.00383	0.00127	0.00610	0.00302	0.00193	0.00637
12	0.00546	0.00428	0.00494	0.00544	0.00635	0.00377	0.00383	0.00646	0.00960	0.01206	0.05351	0.42203	0.42077	0.01272	0.00556	0.00168	0.00245	0.01111	0.00423	0.00377
13	0.00735	0.00675	0.02953	0.00783	0.00863	0.06721	0.00603	0.00891	0.03110	0.01191	0.01986	0.46591	0.02249	0.01435	0.09393	0.00240	0.07435	0.11364	0.00363	0.00419
14	0.01006	0.00836	0.01383	0.34612	0.22592	0.00914	0.04207	0.01267	0.01004	0.08078	0.03844	0.03107	0.01120	0.00598	0.00510	0.00155	0.02609	0.11307	0.00282	0.00569
15	0.00654	0.00457	0.00586	0.00586	0.00617	0.00489	0.00389	0.00718	0.00686	0.00946	0.01344	0.02501	0.01446	0.52500	0.33606	0.00552	0.00742	0.00591	0.00262	0.00325
16	0.00666	0.00450	0.00530	0.00548	0.00564	0.00449	0.00345	0.00699	0.00721	0.00956	0.01600	0.05529	0.01826	0.69635	0.02012	0.00398	0.00431	0.12042	0.00300	0.00298
17	0.01569	0.17149	0.01495	0.01140	0.04033	0.61083	0.00871	0.03841	0.01228	0.01166	0.00734	0.00895	0.00629	0.00466	0.00393	0.00116	0.00731	0.01679	0.00235	0.00547
18	0.02684	0.01032	0.01136	0.07825	0.04049	0.06562	0.00744	0.21788	0.04742	0.04390	0.00969	0.02102	0.00759	0.00446	0.00397	0.00107	0.00443	0.00352	0.00327	0.39148
19	0.18875	0.08251	0.08512	0.00930	0.01293	0.04637	0.00828	0.35574	0.06319	0.09058	0.01022	0.01039	0.00740	0.00498	0.00401	0.00135	0.00478	0.00360	0.00373	0.00676
20	0.00599	0.00428	0.00577	0.00659	0.00701	0.00421	0.00469	0.00700	0.00857	0.01147	0.02231	0.55003	0.02593	0.09422	0.10380	0.00276	0.00414	0.12367	0.00385	0.00371
21	0.00649	0.00478	0.00693	0.00693	0.00761	0.00547	0.00522	0.00786	0.00718	0.01026	0.01246	0.01960	0.01211	0.15647	0.70137	0.00684	0.01096	0.00512	0.00248	0.00385
22	0.02697	0.10850	0.01311	0.00951	0.01253	0.01220	0.04309	0.20083	0.41546	0.04664	0.05257	0.01477	0.01230	0.00571	0.00443	0.00142	0.00418	0.00466	0.00419	0.00693
23	0.00998	0.01037	0.04106	0.44080	0.13108	0.06868	0.09126	0.02754	0.06961	0.01335	0.02323	0.01322	0.03055	0.00481	0.00461	0.00146	0.00591	0.00437	0.00244	0.00566
24	0.00729	0.00644	0.00706	0.00753	0.04533	0.07361	0.01919	0.00866	0.01025	0.01278	0.12355	0.14381	0.28430	0.09774	0.00727	0.00191	0.00357	0.13172	0.00386	0.00412
25	0.03484	0.70242	0.02172	0.00828	0.01190	0.13492	0.00783	0.01422	0.00970	0.01097	0.00640	0.00740	0.00580	0.00400	0.00308	0.00101	0.00530	0.00250	0.00202	0.00571
26	0.01255	0.76994	0.02277	0.00810	0.01184	0.08992	0.00784	0.01397	0.00953	0.01070	0.00636	0.00735	0.00582	0.00395	0.00301	0.00099	0.00514	0.00247	0.00197	0.00576
27	0.03450	0.01224	0.01304	0.01018	0.01366	0.01363	0.00836	0.68510	0.11798	0.02720	0.01172	0.01155	0.00841	0.00550	0.00451	0.00138	0.00478	0.00417	0.00451	0.00758
28	0.00820	0.00680	0.00928	0.00743	0.01014	0.00566	0.08856	0.01010	0.01029	0.04410	0.11460	0.08228	0.22147	0.00735	0.00463	0.00123	0.00338	0.03078	0.00357	0.33014
29	0.01791	0.01080	0.02678	0.03303	0.01342	0.11306	0.04214	0.16248	0.01420	0.46956	0.03989	0.01391	0.01046	0.00544	0.00455	0.00137	0.00484	0.00437	0.00466	0.00712
30	0.87276	0.00876	0.00666	0.00596	0.00876	0.01017	0.00491	0.01332	0.00771	0.02033	0.00631	0.00736	0.00491	0.00421	0.00280	0.00140	0.00351	0.00245	0.00280	0.00491
31	0.00638	0.00447	0.00551	0.00596	0.00638	0.00434	0.00412	0.00715	0.00837	0.01104	0.05384	0.23469	0.07585	0.38266	0.01355	0.00299	0.00368	0.16205	0.00358	0.00339
32	0.00648	0.00482	0.00713	0.00713	0.00788	0.00558	0.00547	0.00799	0.00724	0.01040	0.01228	0.01859	0.01167	0.08793	0.76932	0.00709	0.01162	0.00497	0.00245	0.00396
33	0.01233	0.01209	0.02073	0.01564	0.03816	0.06631	0.47556	0.16350	0.01288	0.04508	0.04673	0.01302	0.00897	0.00581	0.04035	0.00171	0.00692	0.00499	0.00297	0.00626
34	0.00582	0.00457	0.00526	0.00516	0.00643	0.00401	0.00384	0.00738	0.01132	0.01477	0.37568	0.08114	0.43712	0.01066	0.00537	0.00150	0.00224	0.00915	0.00455	0.00401
35	0.02980	0.00668	0.00878	0.00710	0.00982	0.00586	0.00573	0.01711	0.01256	0.53040	0.20433	0.02261	0.10503	0.00707	0.00480	0.00142	0.00328	0.00591	0.00527	0.00645
36	0.39911	0.01015	0.01007	0.00839	0.02551	0.01120	0.00675	0.30645	0.03945	0.12778	0.00996	0.01011	0.00711	0.00491	0.00377	0.00139	0.00414	0.00345	0.00386	0.00643
37	0.00973	0.00895	0.01478	0.31124	0.39374	0.00967	0.01203	0.03054	0.01037	0.01423	0.08720	0.01582	0.01124	0.00520	0.00468	0.00145	0.00523	0.04534	0.00258	0.00598
38	0.00581	0.00441	0.00536	0.00554	0.00651	0.00395	0.00400	0.00723	0.01079	0.01432	0.33420	0.28225	0.27625	0.01145	0.00548	0.00158	0.00234	0.01005	0.00451	0.00395
39	0.00645	0.00434	0.00498	0.00511	0.00515	0.00430	0.00293	0.00655	0.00685	0.00914	0.01562	0.13145	0.01817	0.73664	0.02089	0.00407	0.00417	0.00738	0.00293	0.00286
40	0.04819	0.10557	0.23438	0.00921	0.01319	0.02376	0.00931	0.07011	0.01143	0.29168	0.01444	0.09969	0.03735	0.00607	0.00438	0.00141	0.00471	0.00488	0.00374	0.00651
41	0.00996	0.00949	0.01613	0.40562	0.44446	0.01044	0.01328	0.01281	0.00973	0.01328	0.00830	0.01162	0.00664	0.00427	0.00451	0.00142	0.00569	0.00403	0.00213	0.00617
42	0.00547	0.00413	0.00507	0.00582	0.00644	0.00372	0.00399	0.00636	0.00914	0.01176	0.03090	0.61296	0.25098	0.01343	0.00566	0.00175	0.00253	0.01194	0.00421	0.00372
43	0.01902	0.00767	0.01028	0.00797	0.01127	0.00678	0.00655	0.05510	0.01332	0.71373	0.08434	0.01678	0.01372	0.00591	0.00462	0.00140	0.00376	0.00484	0.00551	0.00742
44	0.03871	0.01049	0.01352	0.06115	0.21763	0.02962	0.00960	0.27456	0.03944	0.14187	0.01157	0.01342	0.00881	0.00542	0.00502	0.00142	0.04740	0.03354	0.02992	0.00688
45	0.01023	0.33155	0.51912	0.01098	0.01661	0.01331	0.01336	0.01406	0.00943	0.01296	0.00744	0.00870	0.00577	0.00414	0.00378	0.00126	0.00600	0.00300	0.00192	0.00637
46	0.00909	0.02344	0.81727	0.01292	0.01961	0.01052	0.01674	0.01435	0.00957	0.01435	0.00813	0.00957	0.00574	0.00431	0.00431	0.00144	0.00670	0.00335	0.00191	0.00670
47	0.00599	0.00458	0.00549	0.00534	0.00653	0.00408	0.00397	0.00770	0.01171	0.01570	0.49539	0.07975	0.31670	0.01032	0.00537	0.00148	0.00222	0.00893	0.00467	0.00408
48	0.01053	0.00862	0.01156	0.07203	0.04807	0.04595	0.10081	0.13661	0.08358	0.06363	0.04683	0.21528	0.05254	0.02861	0.02642	0.00177	0.00470	0.03317	0.00376	0.00552
49	0.01140	0.00872	0.00984	0.00857	0.00974	0.08501	0.00667	0.07619	0.00968	0.12211	0.01225	0.01664	0.04319	0.15865	0.05535	0.05831	0.24212	0.00473	0.05598	0.00486
50	0.75510	0.00862	0.00719	0.00625	0.00915	0.00968	0.00515	0.01453	0.00844	0.13010	0.00791	0.00847	0.00578	0.00440	0.00305	0.00140	0.00355	0.00274	0.00319	0.00529
51	0.01011	0.00966	0.01653	0.32771	0.48880	0.01039	0.02969	0.01291	0.00983	0.01353	0.00866	0.02634	0.00715	0.00440	0.00454	0.00142	0.00563	0.00422	0.00219	0.00629
52	0.00926	0.00825	0.01418	0.30381	0.14188	0.00918	0.11200	0.01180	0.00927	0.04309	0.01951	0.01606	0.00934	0.02408	0.14998	0.00261	0.05281	0.05506	0.00248	0.00532
53	0.00971	0.00891	0.01615	0.01266	0.01536	0.02375	0.36111	0.06806	0.01061	0.05181	0.01466	0.25593	0.01444	0.01065	0.10173	0.00227	0.00634	0.00733	0.00319	0.00533
54	0.42566	0.02766	0.03075	0.04805	0.11667	0.18290	0.04596	0.04807	0.01000	0.01701	0.00720	0.00868	0.00570	0.00433	0.00361	0.00135	0.00522	0.00306	0.00261	0.00552

[dist]
# distance from previous block
# <min> <max>
0	2

[block]
# block no. 2 follows, 57 sequences, length 8
# corresponding to MSA columns:
# 178-185
name=unknown_C
#
# <colnr> <probs for GDERKNQSTAVLIFYWHMCP>
#	G	D	E	R	K	N	Q	S	T	A	V	L	I	F	Y	W	H	M	C	P
0	0.18368	0.03393	0.17747	0.03740	0.19570	0.12596	0.01070	0.07940	0.02586	0.04987	0.00899	0.01113	0.00712	0.00472	0.00409	0.00138	0.00551	0.02814	0.00272	0.00623
1	0.00703	0.00524	0.00716	0.00751	0.04719	0.00584	0.00503	0.00800	0.00719	0.01023	0.01257	0.02195	0.01297	0.36974	0.36962	0.00525	0.05807	0.00547	0.03022	0.00372
2	0.01253	0.22636	0.12170	0.01213	0.11576	0.09887	0.04131	0.12667	0.01186	0.06382	0.01139	0.01362	0.04807	0.00623	0.03362	0.00151	0.00569	0.03981	0.00286	0.00621
3	0.03068	0.13341	0.03949	0.04226	0.38782	0.06694	0.02325	0.05011	0.02406	0.04640	0.01011	0.01310	0.02631	0.03520	0.00525	0.00145	0.02917	0.02603	0.00259	0.00636
4	0.00675	0.00501	0.00710	0.00740	0.03371	0.00558	0.00526	0.00808	0.00764	0.01097	0.04665	0.07196	0.01451	0.17987	0.50836	0.00558	0.03159	0.00575	0.03429	0.00392
5	0.01048	0.01231	0.13476	0.04339	0.22289	0.05481	0.21379	0.01352	0.01051	0.04357	0.06831	0.04196	0.01153	0.00558	0.00528	0.00150	0.03638	0.06065	0.00272	0.00606
6	0.01211	0.84348	0.02374	0.00775	0.01163	0.01793	0.00775	0.01357	0.00921	0.01066	0.00630	0.00727	0.00582	0.00388	0.00291	0.00097	0.00485	0.00242	0.00194	0.00582
7	0.04148	0.65116	0.04106	0.00827	0.01191	0.04006	0.03026	0.04494	0.00988	0.01218	0.03042	0.00991	0.00766	0.02177	0.00368	0.00114	0.00493	0.02130	0.00225	0.00573

[dist]
# distance from previous block
# <min> <max>
4	25

[block]
# block no. 3 follows, 57 sequences, length 17
# corresponding to MSA columns:
# 211-227
name=unknown_D
#
# <colnr> <probs for GDERKNQSTAVLIFYWHMCP>
#	G	D	E	R	K	N	Q	S	T	A	V	L	I	F	Y	W	H	M	C	P
0	0.06972	0.07655	0.21992	0.01040	0.04021	0.08286	0.04136	0.06439	0.05294	0.06341	0.01034	0.07018	0.00862	0.00506	0.00410	0.00126	0.00511	0.00407	0.00288	0.16662
1	0.03495	0.06401	0.11653	0.01304	0.12927	0.05380	0.01012	0.29835	0.10345	0.07898	0.02621	0.01271	0.00935	0.00553	0.00465	0.00148	0.00530	0.00422	0.00385	0.02421
2	0.01141	0.04737	0.07200	0.01105	0.07443	0.10050	0.04740	0.16876	0.12569	0.01657	0.04103	0.07861	0.02314	0.05064	0.08082	0.00212	0.00571	0.03345	0.00339	0.00589
3	0.00673	0.00518	0.00681	0.00719	0.00806	0.00526	0.02257	0.00947	0.11584	0.01295	0.05146	0.47646	0.05278	0.02894	0.08336	0.00235	0.00394	0.09228	0.00405	0.00430
4	0.00685	0.00503	0.00720	0.00904	0.10095	0.00484	0.00572	0.00805	0.00916	0.03346	0.04035	0.56553	0.02576	0.04439	0.02452	0.00201	0.00342	0.09554	0.00393	0.00424
5	0.00652	0.00448	0.00572	0.00580	0.00607	0.00470	0.00380	0.00699	0.00694	0.00950	0.01421	0.09062	0.01563	0.49343	0.26417	0.04247	0.00658	0.00646	0.00273	0.00318
6	0.00940	0.00805	0.00940	0.00671	0.01074	0.00604	0.00537	0.01141	0.00940	0.01477	0.00805	0.00940	0.00671	0.00336	0.00336	0.00067	0.00336	0.00268	0.00268	0.86845
7	0.02202	0.00716	0.01034	0.21430	0.08449	0.00742	0.02107	0.04561	0.04025	0.08088	0.14922	0.16623	0.02921	0.00744	0.00485	0.00148	0.00407	0.02878	0.00360	0.07159
8	0.00660	0.00445	0.00518	0.00526	0.00535	0.00447	0.00315	0.00680	0.00687	0.00918	0.01495	0.04943	0.01708	0.74244	0.05640	0.00434	0.00467	0.04765	0.00284	0.00290
9	0.87276	0.00876	0.00666	0.00596	0.00876	0.01017	0.00491	0.01332	0.00771	0.02033	0.00631	0.00736	0.00491	0.00421	0.00280	0.00140	0.00351	0.00245	0.00280	0.00491
10	0.04120	0.16152	0.01230	0.03824	0.02505	0.25271	0.00726	0.01263	0.00963	0.01159	0.03000	0.01273	0.00899	0.03075	0.26641	0.00320	0.03192	0.00378	0.03523	0.00486
11	0.01674	0.01245	0.01333	0.01033	0.01387	0.01383	0.00850	0.73428	0.08519	0.02777	0.01150	0.01137	0.00821	0.00550	0.00454	0.00137	0.00487	0.00416	0.00454	0.00766
12	0.05599	0.01220	0.11117	0.07484	0.17848	0.04216	0.04280	0.12491	0.11734	0.05651	0.01022	0.01169	0.00784	0.00520	0.00571	0.00148	0.10982	0.00406	0.02109	0.00649
13	0.01481	0.01010	0.01121	0.00930	0.01235	0.01103	0.00745	0.23158	0.42417	0.19227	0.01629	0.01497	0.01162	0.00584	0.00458	0.00146	0.00402	0.00472	0.00480	0.00743
14	0.03341	0.38828	0.06766	0.02723	0.01337	0.05610	0.00855	0.27403	0.01341	0.01734	0.00811	0.00889	0.00648	0.00445	0.00365	0.00114	0.00509	0.00311	0.00288	0.05682
15	0.00705	0.00488	0.00696	0.00686	0.00762	0.00546	0.00514	0.00836	0.00738	0.04236	0.01278	0.02001	0.01232	0.18932	0.63499	0.00649	0.01030	0.00518	0.00262	0.00394
16	0.09761	0.04589	0.26620	0.01147	0.01574	0.03683	0.15440	0.05128	0.04244	0.10707	0.03907	0.03527	0.03620	0.00522	0.00466	0.00143	0.02284	0.00446	0.00300	0.01890

[dist]
# distance from previous block
# <min> <max>
0	1

[block]
# block no. 4 follows, 57 sequences, length 75
# corresponding to MSA columns:
# 229-303
name=unknown_E
#
# <colnr> <probs for GDERKNQSTAVLIFYWHMCP>
#	G	D	E	R	K	N	Q	S	T	A	V	L	I	F	Y	W	H	M	C	P
0	0.02184	0.16099	0.11486	0.01056	0.04253	0.05340	0.05743	0.06876	0.01009	0.02733	0.05905	0.02850	0.01067	0.01124	0.16182	0.00255	0.11691	0.03335	0.00266	0.00548
1	0.00617	0.00467	0.00567	0.00593	0.00686	0.00436	0.00424	0.02321	0.04021	0.01411	0.24069	0.38744	0.21615	0.01175	0.00550	0.00163	0.00250	0.01038	0.00444	0.00408
2	0.00976	0.00945	0.01545	0.51244	0.30651	0.03276	0.02417	0.01262	0.00963	0.01275	0.00821	0.01167	0.00645	0.00435	0.00451	0.00144	0.00589	0.00402	0.00211	0.00581
3	0.02290	0.05187	0.05593	0.03639	0.09564	0.08114	0.06228	0.08275	0.06094	0.07832	0.09307	0.07766	0.06047	0.04138	0.00588	0.00172	0.00505	0.02411	0.00384	0.05867
4	0.00659	0.00439	0.00494	0.00494	0.00494	0.00439	0.00275	0.00659	0.00659	0.00879	0.01428	0.02965	0.01647	0.84075	0.02306	0.00439	0.00439	0.00659	0.00275	0.00275
5	0.00647	0.00485	0.00728	0.00728	0.00809	0.00566	0.00566	0.00809	0.00728	0.01052	0.01214	0.01780	0.01133	0.03398	0.82279	0.00728	0.01214	0.00485	0.00243	0.00405
6	0.01207	0.01253	0.01696	0.10413	0.37307	0.17026	0.12331	0.02957	0.04182	0.02622	0.00906	0.01183	0.00744	0.03596	0.00524	0.00148	0.00618	0.00415	0.00245	0.00628
7	0.01038	0.04356	0.02776	0.03749	0.30122	0.01905	0.02043	0.03868	0.04521	0.08355	0.19707	0.04667	0.08457	0.00654	0.00490	0.00141	0.01623	0.00576	0.00354	0.00598
8	0.00787	0.00394	0.00590	0.00590	0.00590	0.00394	0.00394	0.00590	0.00590	0.00787	0.00787	0.01377	0.00787	0.01574	0.01771	0.86816	0.00394	0.00394	0.00197	0.00197
9	0.21918	0.01146	0.01121	0.00904	0.01219	0.06212	0.00735	0.46441	0.01625	0.07736	0.01087	0.05939	0.00849	0.00563	0.00417	0.00139	0.00462	0.00418	0.00404	0.00665
10	0.13337	0.01462	0.01238	0.01015	0.01328	0.24143	0.00812	0.45762	0.03067	0.02235	0.00930	0.00974	0.00690	0.00507	0.00417	0.00131	0.00566	0.00355	0.00368	0.00662
11	0.00659	0.00439	0.00494	0.00494	0.00494	0.00439	0.00275	0.00659	0.00659	0.00879	0.01428	0.02965	0.01647	0.84075	0.02306	0.00439	0.00439	0.00659	0.00275	0.00275
12	0.02512	0.01415	0.01717	0.01332	0.01675	0.23432	0.27750	0.19133	0.04107	0.08153	0.01045	0.03756	0.00808	0.00498	0.00471	0.00139	0.00654	0.00453	0.00322	0.00631
13	0.01243	0.01031	0.01090	0.00946	0.01222	0.01181	0.00745	0.17430	0.65219	0.02082	0.01697	0.01574	0.01264	0.00601	0.00460	0.00150	0.00386	0.00492	0.00460	0.00728
14	0.00664	0.00458	0.00585	0.00583	0.00679	0.00427	0.00426	0.00857	0.02518	0.03248	0.50037	0.23901	0.06500	0.01024	0.00529	0.00151	0.00233	0.00907	0.05851	0.00422
15	0.01122	0.01077	0.01839	0.02781	0.81248	0.01077	0.01391	0.01391	0.01032	0.01480	0.00852	0.01122	0.00718	0.00404	0.00449	0.00135	0.00538	0.00404	0.00224	0.00718
16	0.01407	0.03099	0.02805	0.01015	0.01324	0.07860	0.03581	0.31751	0.33176	0.04527	0.01399	0.03749	0.01065	0.00581	0.00455	0.00143	0.00471	0.00467	0.00422	0.00705
17	0.00659	0.00439	0.00494	0.00494	0.00494	0.00439	0.00275	0.00659	0.00659	0.00879	0.01428	0.02965	0.01647	0.84075	0.02306	0.00439	0.00439	0.00659	0.00275	0.00275
18	0.01649	0.01542	0.01321	0.01094	0.01383	0.32498	0.02648	0.33530	0.05772	0.08093	0.01002	0.01048	0.00747	0.00529	0.00495	0.00134	0.05130	0.00375	0.00358	0.00655
19	0.00787	0.00394	0.00590	0.00590	0.00590	0.00394	0.00394	0.00590	0.00590	0.00787	0.00787	0.01377	0.00787	0.01574	0.01771	0.86816	0.00394	0.00394	0.00197	0.00197
20	0.01004	0.00989	0.04977	0.03498	0.58396	0.00930	0.01196	0.01266	0.01043	0.01483	0.07867	0.03313	0.04187	0.00552	0.00469	0.00141	0.00486	0.05252	0.02306	0.00643
21	0.01200	0.66472	0.08176	0.00855	0.01230	0.07913	0.00850	0.01371	0.00938	0.01097	0.00668	0.00795	0.00600	0.00513	0.03169	0.00127	0.02986	0.00266	0.00199	0.00575
22	0.00925	0.03821	0.75859	0.01349	0.04952	0.01069	0.02980	0.01432	0.00961	0.01430	0.00813	0.00963	0.00582	0.00428	0.00430	0.00142	0.00663	0.00339	0.00193	0.00669
23	0.00648	0.00485	0.00724	0.00724	0.00803	0.00564	0.00561	0.00806	0.00727	0.01049	0.01218	0.01803	0.01143	0.04923	0.80768	0.00723	0.01199	0.00489	0.00243	0.00402
24	0.00848	0.00695	0.01103	0.46918	0.03621	0.00801	0.01015	0.01105	0.00979	0.04288	0.03683	0.04084	0.02807	0.00754	0.00514	0.00169	0.00511	0.25319	0.00300	0.00483
25	0.00636	0.00481	0.00700	0.00701	0.00787	0.00545	0.00543	0.00794	0.00768	0.01085	0.03330	0.03721	0.07598	0.03122	0.72221	0.00658	0.01093	0.00547	0.00266	0.00403
26	0.01595	0.03127	0.01292	0.00995	0.01315	0.05726	0.00810	0.65355	0.01913	0.02526	0.01138	0.03529	0.00902	0.05711	0.00567	0.00155	0.00504	0.01711	0.00423	0.00705
27	0.01183	0.00968	0.01390	0.27032	0.09247	0.02944	0.08127	0.12103	0.12059	0.09455	0.02279	0.01464	0.02085	0.00533	0.00486	0.00147	0.02212	0.02955	0.00328	0.03003
28	0.01786	0.01295	0.01135	0.00953	0.01250	0.29393	0.00750	0.03442	0.11959	0.41219	0.01401	0.01300	0.00962	0.00535	0.00440	0.00134	0.00535	0.00405	0.00431	0.00678
29	0.04996	0.00668	0.00916	0.00776	0.01001	0.00645	0.04760	0.00997	0.00835	0.01285	0.01058	0.01511	0.00959	0.01872	0.40156	0.00404	0.02254	0.03337	0.00259	0.31310
30	0.01211	0.84348	0.02374	0.00775	0.01163	0.01793	0.00775	0.01357	0.00921	0.01066	0.00630	0.00727	0.00582	0.00388	0.00291	0.00097	0.00485	0.00242	0.00194	0.00582
31	0.00856	0.00805	0.01359	0.82986	0.03121	0.01007	0.01258	0.01158	0.00906	0.01158	0.00805	0.01208	0.00604	0.00453	0.00453	0.00151	0.00604	0.00403	0.00201	0.00503
32	0.00878	0.00828	0.01400	0.76210	0.09722	0.01013	0.01270	0.01177	0.00917	0.01185	0.00809	0.01201	0.00614	0.00449	0.00453	0.00150	0.00598	0.00403	0.00203	0.00521
33	0.01127	0.00973	0.01025	0.00922	0.01178	0.01127	0.00717	0.02408	0.80430	0.01896	0.01844	0.01691	0.01383	0.00615	0.00461	0.00154	0.00359	0.00512	0.00461	0.00717
34	0.00985	0.00937	0.01592	0.44049	0.41049	0.01041	0.01323	0.01271	0.00967	0.01314	0.00828	0.01166	0.00659	0.00429	0.00451	0.00143	0.00572	0.00403	0.00212	0.00607
35	0.00856	0.00805	0.01359	0.82986	0.03121	0.01007	0.01258	0.01158	0.00906	0.01158	0.00805	0.01208	0.00604	0.00453	0.00453	0.00151	0.00604	0.00403	0.00201	0.00503
36	0.00861	0.01382	0.39999	0.00970	0.01345	0.00734	0.01062	0.01172	0.00962	0.08254	0.01692	0.29913	0.04563	0.00847	0.00497	0.00161	0.00477	0.04238	0.00321	0.00552
37	0.00658	0.00500	0.00624	0.00678	0.00794	0.00476	0.00551	0.00863	0.04041	0.01349	0.09275	0.13793	0.26861	0.01190	0.00579	0.00181	0.00323	0.36424	0.00427	0.00413
38	0.03585	0.03469	0.38218	0.01261	0.06093	0.28249	0.01241	0.04596	0.01107	0.01377	0.00917	0.01044	0.03636	0.00482	0.00452	0.00135	0.02956	0.00348	0.00229	0.00606
39	0.01038	0.00992	0.01689	0.27907	0.56774	0.01055	0.01349	0.01318	0.00992	0.01379	0.00838	0.01149	0.00682	0.00419	0.00450	0.00140	0.00559	0.00403	0.00217	0.00651
40	0.00875	0.01588	0.42689	0.38905	0.02462	0.01015	0.01450	0.01288	0.00935	0.01302	0.00903	0.01157	0.02584	0.00459	0.00443	0.00147	0.00629	0.00382	0.00202	0.00586
41	0.01693	0.02160	0.01284	0.01167	0.01401	0.82256	0.00876	0.01809	0.01284	0.01109	0.00700	0.00817	0.00584	0.00467	0.00409	0.00117	0.00817	0.00292	0.00233	0.00525
42	0.01040	0.01733	0.40602	0.01997	0.39737	0.04135	0.01509	0.01428	0.01005	0.01444	0.00828	0.01030	0.00643	0.00419	0.00438	0.00138	0.00613	0.00366	0.00209	0.00687
43	0.01102	0.01057	0.01805	0.08557	0.75622	0.01072	0.01381	0.01374	0.01023	0.01457	0.00849	0.01128	0.00710	0.00407	0.00449	0.00136	0.00543	0.00404	0.00223	0.00702
44	0.01144	0.00650	0.00821	0.00789	0.04341	0.00615	0.00570	0.07752	0.04993	0.25348	0.04015	0.27715	0.15717	0.02664	0.00548	0.00162	0.00332	0.00811	0.00457	0.00555
45	0.00896	0.00832	0.01377	0.77131	0.06017	0.01023	0.01250	0.03872	0.00953	0.01228	0.00817	0.01201	0.00614	0.00454	0.00453	0.00150	0.00598	0.00403	0.00211	0.00521
46	0.01269	0.39252	0.03715	0.01178	0.05019	0.15143	0.16668	0.01512	0.03757	0.04493	0.00861	0.01077	0.00726	0.00445	0.00393	0.00122	0.00593	0.02944	0.00241	0.00593
47	0.01141	0.03104	0.23256	0.01383	0.05684	0.03832	0.25590	0.05304	0.05192	0.10147	0.05223	0.04442	0.02535	0.00519	0.00479	0.00146	0.00592	0.00495	0.00301	0.00636
48	0.08298	0.00778	0.01016	0.00801	0.01103	0.00735	0.00658	0.01983	0.01185	0.64986	0.01590	0.01479	0.01048	0.02647	0.00564	0.00151	0.06795	0.00439	0.03038	0.00706
49	0.00916	0.00867	0.01468	0.64822	0.20815	0.01023	0.01288	0.01211	0.00935	0.01231	0.00816	0.01188	0.00630	0.00442	0.00452	0.00147	0.00589	0.00403	0.00207	0.00552
50	0.02741	0.01361	0.03282	0.08772	0.35844	0.20181	0.01131	0.14820	0.04647	0.01625	0.00891	0.01066	0.00707	0.00456	0.00438	0.00133	0.00595	0.00379	0.00274	0.00659
51	0.00975	0.05480	0.69411	0.01301	0.01931	0.01075	0.07634	0.01462	0.00977	0.04420	0.00850	0.00990	0.00604	0.00430	0.00434	0.00142	0.00659	0.00351	0.00208	0.00665
52	0.00648	0.00484	0.00720	0.00720	0.00798	0.00562	0.00556	0.00804	0.00726	0.01046	0.01221	0.01821	0.01151	0.06180	0.79522	0.00718	0.01187	0.00491	0.00244	0.00400
53	0.01667	0.02122	0.01266	0.01152	0.01384	0.80463	0.00864	0.01784	0.01279	0.01112	0.00786	0.00895	0.02346	0.00482	0.00411	0.00118	0.00804	0.00306	0.00238	0.00522
54	0.01022	0.06319	0.38483	0.03975	0.38470	0.01104	0.01483	0.01403	0.00988	0.01428	0.00821	0.01026	0.00641	0.00416	0.00432	0.00137	0.00597	0.00363	0.00207	0.00683
55	0.01182	0.00919	0.00998	0.00887	0.01142	0.01034	0.00692	0.02282	0.67303	0.09634	0.07275	0.01793	0.01556	0.00631	0.00466	0.00152	0.00351	0.00528	0.00473	0.00703
56	0.00629	0.00463	0.00588	0.00557	0.00669	0.00422	0.00417	0.00830	0.01252	0.01745	0.71746	0.03503	0.13584	0.00953	0.00535	0.00144	0.00216	0.00836	0.00489	0.00422
57	0.00988	0.00969	0.03172	0.37308	0.43969	0.01029	0.01313	0.01273	0.00976	0.01334	0.00924	0.01236	0.02659	0.00444	0.00452	0.00142	0.00562	0.00416	0.00219	0.00616
58	0.01116	0.04311	0.05909	0.37037	0.23922	0.09669	0.01220	0.08885	0.01102	0.01416	0.00828	0.01100	0.00646	0.00446	0.00440	0.00139	0.00598	0.00382	0.00234	0.00602
59	0.00649	0.00444	0.00538	0.00546	0.00562	0.00457	0.00337	0.00683	0.00686	0.00930	0.01468	0.08683	0.01656	0.63775	0.16294	0.00472	0.00563	0.00674	0.00280	0.00304
60	0.00654	0.00468	0.00597	0.00561	0.00678	0.00427	0.00422	0.00856	0.01254	0.03198	0.70604	0.03466	0.13227	0.00946	0.00533	0.00144	0.00219	0.00829	0.00491	0.00429
61	0.11365	0.03492	0.01177	0.00943	0.01241	0.14031	0.02374	0.25632	0.16220	0.12380	0.04478	0.02535	0.01039	0.00554	0.00431	0.00138	0.00481	0.00425	0.00403	0.00661
62	0.00656	0.00440	0.00504	0.00506	0.00510	0.00442	0.00289	0.00664	0.00667	0.00892	0.01446	0.04934	0.01662	0.78997	0.05256	0.00444	0.00464	0.00668	0.00277	0.00282
63	0.00565	0.00461	0.00503	0.00514	0.00650	0.00399	0.00392	0.00697	0.01052	0.01297	0.12665	0.08880	0.61280	0.01148	0.00546	0.00159	0.00246	0.07729	0.00429	0.00390
64	0.01112	0.01067	0.01821	0.05753	0.78353	0.01074	0.01386	0.01382	0.01027	0.01468	0.00851	0.01125	0.00714	0.00406	0.00449	0.00135	0.00541	0.00404	0.00223	0.00710
65	0.01110	0.01065	0.01819	0.06184	0.77934	0.01074	0.01385	0.01381	0.01026	0.01467	0.00850	0.01125	0.00713	0.00406	0.00449	0.00135	0.00541	0.00404	0.00223	0.00709
66	0.00740	0.00627	0.00954	0.35067	0.06518	0.00701	0.00812	0.00919	0.00873	0.01138	0.01631	0.18944	0.07634	0.15575	0.02857	0.00224	0.00480	0.03587	0.00287	0.00433
67	0.01211	0.84348	0.02374	0.00775	0.01163	0.01793	0.00775	0.01357	0.00921	0.01066	0.00630	0.00727	0.00582	0.00388	0.00291	0.00097	0.00485	0.00242	0.00194	0.00582
68	0.00976	0.00884	0.02561	0.03183	0.17911	0.00781	0.03943	0.04275	0.05922	0.01524	0.02411	0.04487	0.03935	0.00513	0.00420	0.00113	0.00411	0.04952	0.00297	0.40500
69	0.00856	0.00805	0.01359	0.82986	0.03121	0.01007	0.01258	0.01158	0.00906	0.01158	0.00805	0.01208	0.00604	0.00453	0.00453	0.00151	0.00604	0.00403	0.00201	0.00503
70	0.00674	0.00492	0.00653	0.00686	0.00789	0.00477	0.00551	0.00893	0.02992	0.01531	0.35718	0.11403	0.06881	0.01173	0.02979	0.00190	0.00330	0.30719	0.00448	0.00422
71	0.01154	0.04239	0.01779	0.04737	0.68136	0.05667	0.01304	0.03244	0.01069	0.01474	0.02419	0.01136	0.00773	0.00422	0.00442	0.00133	0.00546	0.00400	0.00234	0.00691
72	0.01062	0.05718	0.25480	0.01180	0.10250	0.00911	0.04784	0.06713	0.03434	0.09690	0.04840	0.09344	0.07059	0.00611	0.00454	0.00139	0.00484	0.00523	0.00318	0.07006
73	0.69303	0.00843	0.00739	0.00698	0.03829	0.00950	0.00538	0.01368	0.02412	0.07050	0.05658	0.01011	0.00806	0.00546	0.02581	0.00157	0.00375	0.00312	0.00312	0.00515
74	0.01434	0.00782	0.01191	0.01076	0.09585	0.00708	0.09956	0.02773	0.01201	0.41223	0.07861	0.03212	0.13322	0.00670	0.00489	0.00146	0.00411	0.02861	0.00453	0.00647

[dist]
# distance from previous block
# <min> <max>
0	1

[block]
# block no. 5 follows, 57 sequences, length 10
# corresponding to MSA columns:
# 305-314
name=unknown_F
#
# <colnr> <probs for GDERKNQSTAVLIFYWHMCP>
#	G	D	E	R	K	N	Q	S	T	A	V	L	I	F	Y	W	H	M	C	P
0	0.01149	0.08983	0.14871	0.16492	0.33371	0.01098	0.04736	0.03408	0.01042	0.09248	0.00917	0.01118	0.00701	0.00433	0.00436	0.00137	0.00561	0.00388	0.00251	0.00660
1	0.01003	0.01520	0.33497	0.10858	0.20525	0.03269	0.07507	0.01357	0.00982	0.04405	0.00985	0.06738	0.00827	0.02134	0.00516	0.00152	0.02415	0.00450	0.00236	0.00625
2	0.01046	0.00764	0.05740	0.00939	0.04938	0.00666	0.08920	0.03439	0.00985	0.18820	0.01711	0.12063	0.07321	0.15338	0.14925	0.00300	0.00578	0.00633	0.00354	0.00519
