[name]
unknown

[dist]
# distance from previous block
# <min> <max>
0	1

[block]
# block no. 0 follows, 74 sequences, length 65
# corresponding to MSA columns:
# 1-65
name=unknown_A
#
# <colnr> <probs for GDERKNQSTAVLIFYWHMCP>
#	G	D	E	R	K	N	Q	S	T	A	V	L	I	F	Y	W	H	M	C	P
0	0.06234	0.00446	0.00595	0.00671	0.00766	0.00453	0.00586	0.00789	0.00840	0.01146	0.01874	0.03960	0.02026	0.00982	0.00495	0.00167	0.00338	0.76952	0.00335	0.00346
1	0.89577	0.00718	0.00546	0.00488	0.00718	0.00833	0.00402	0.01091	0.00632	0.01665	0.00517	0.00603	0.00402	0.00345	0.00230	0.00115	0.00287	0.00201	0.00230	0.00402
2	0.76157	0.00715	0.00591	0.00519	0.00748	0.00812	0.00425	0.05528	0.00721	0.06756	0.00652	0.03871	0.00522	0.00388	0.00255	0.00116	0.00293	0.00251	0.00256	0.00425
3	0.00782	0.00559	0.00632	0.00563	0.00721	0.01821	0.00436	0.06595	0.18855	0.10045	0.34165	0.02331	0.19627	0.00685	0.00412	0.00120	0.00241	0.00581	0.00388	0.00442
4	0.00824	0.00738	0.01113	0.70653	0.04701	0.04177	0.00979	0.07252	0.00845	0.04192	0.00705	0.00978	0.00523	0.00379	0.00370	0.00121	0.00487	0.00328	0.00193	0.00443
5	0.00795	0.14131	0.67271	0.00982	0.01477	0.00930	0.02983	0.01163	0.00789	0.02908	0.00744	0.00844	0.02670	0.00364	0.00341	0.00112	0.00514	0.00282	0.00169	0.00533
6	0.00932	0.00911	0.01508	0.02224	0.80390	0.03384	0.02895	0.01150	0.00852	0.01203	0.00696	0.00913	0.00584	0.00332	0.00368	0.00110	0.00452	0.00330	0.00184	0.00581
7	0.00919	0.00882	0.01507	0.02278	0.84640	0.00882	0.01139	0.01139	0.00845	0.01213	0.00698	0.00919	0.00588	0.00331	0.00367	0.00110	0.00441	0.00331	0.00184	0.00588
8	0.00973	0.00592	0.03938	0.00588	0.00783	0.00522	0.00485	0.06278	0.07463	0.28016	0.34594	0.02077	0.10865	0.00628	0.00405	0.00117	0.00259	0.00533	0.00403	0.00479
9	0.00805	0.04146	0.65918	0.01130	0.03038	0.00880	0.13656	0.01196	0.00807	0.03998	0.00702	0.00830	0.00502	0.00349	0.00363	0.00117	0.00546	0.00301	0.00172	0.00543
10	0.00530	0.00398	0.00597	0.00597	0.00663	0.00464	0.00464	0.00663	0.00597	0.00862	0.00994	0.01458	0.00928	0.02784	0.85484	0.00597	0.00994	0.00398	0.00199	0.00331
11	0.00540	0.00360	0.00405	0.00405	0.00405	0.00360	0.00225	0.00540	0.00540	0.00720	0.01170	0.02429	0.01349	0.86955	0.01889	0.00360	0.00360	0.00540	0.00225	0.00225
12	0.02505	0.00852	0.00930	0.00741	0.01008	0.07693	0.00601	0.24912	0.10330	0.41948	0.02682	0.01171	0.01954	0.00464	0.00370	0.00114	0.00364	0.00365	0.00398	0.00599
13	0.00919	0.00882	0.01507	0.02278	0.84640	0.00882	0.01139	0.01139	0.00845	0.01213	0.00698	0.00919	0.00588	0.00331	0.00367	0.00110	0.00441	0.00331	0.00184	0.00588
14	0.00454	0.00324	0.00430	0.00515	0.00536	0.00303	0.00342	0.00517	0.00707	0.00943	0.02028	0.85039	0.02433	0.02867	0.00502	0.00155	0.00218	0.01045	0.00342	0.00300
15	0.00754	0.00713	0.01195	0.65347	0.18492	0.00841	0.02202	0.01027	0.03869	0.01026	0.00700	0.00991	0.00538	0.00367	0.00372	0.00121	0.00479	0.00335	0.00177	0.00454
16	0.00848	0.02598	0.58384	0.01093	0.01568	0.00867	0.15363	0.04138	0.02985	0.06125	0.00777	0.02230	0.00567	0.00372	0.00370	0.00119	0.00530	0.00326	0.00196	0.00544
17	0.00481	0.00351	0.00493	0.00547	0.00585	0.00362	0.00389	0.00571	0.00668	0.00915	0.01653	0.54877	0.01885	0.01768	0.32219	0.00317	0.00506	0.00810	0.00290	0.00313
18	0.00459	0.00327	0.00432	0.00509	0.00532	0.00306	0.00338	0.00524	0.00713	0.00954	0.04782	0.79333	0.02431	0.05774	0.00549	0.00161	0.00222	0.01014	0.00340	0.00299
19	0.00769	0.01759	0.72102	0.01062	0.01569	0.00872	0.06488	0.01249	0.08381	0.01211	0.00749	0.00852	0.00537	0.00364	0.00360	0.00119	0.00530	0.00298	0.00179	0.00549
20	0.00795	0.08067	0.72481	0.01025	0.01537	0.00920	0.03042	0.04426	0.02202	0.01206	0.00680	0.00789	0.00490	0.00355	0.00347	0.00115	0.00529	0.00277	0.00170	0.00546
21	0.00555	0.00435	0.00603	0.00600	0.00668	0.02879	0.00463	0.00682	0.00608	0.00858	0.00988	0.01468	0.00929	0.05510	0.80286	0.00574	0.00964	0.00398	0.00199	0.00331
22	0.00913	0.00885	0.01535	0.03536	0.79164	0.00884	0.05317	0.01139	0.00845	0.01207	0.00700	0.00924	0.00585	0.00330	0.00371	0.00111	0.00451	0.00336	0.00184	0.00581
23	0.01411	0.01040	0.01114	0.00854	0.01151	0.01151	0.00706	0.83402	0.01745	0.02339	0.00891	0.00891	0.00631	0.00446	0.00371	0.00111	0.00408	0.00334	0.00371	0.00631
24	0.00485	0.00377	0.00427	0.00423	0.00530	0.00329	0.00316	0.00604	0.00903	0.02260	0.29154	0.09748	0.50344	0.00895	0.00441	0.00125	0.00190	0.01753	0.00366	0.00329
25	0.00540	0.00360	0.00405	0.00405	0.00405	0.00360	0.00225	0.00540	0.00540	0.00720	0.01170	0.02429	0.01349	0.86955	0.01889	0.00360	0.00360	0.00540	0.00225	0.00225
26	0.00487	0.00374	0.00445	0.00435	0.00533	0.00333	0.00324	0.00623	0.00949	0.01265	0.47793	0.08700	0.34685	0.00856	0.00441	0.00122	0.00183	0.00740	0.00380	0.00333
27	0.00524	0.00379	0.00494	0.00465	0.00554	0.00350	0.00349	0.00698	0.01047	0.01480	0.83101	0.02786	0.04850	0.00762	0.00438	0.00117	0.00175	0.00673	0.00408	0.00350
28	0.89577	0.00718	0.00546	0.00488	0.00718	0.00833	0.00402	0.01091	0.00632	0.01665	0.00517	0.00603	0.00402	0.00345	0.00230	0.00115	0.00287	0.00201	0.00230	0.00402
29	0.00525	0.00379	0.00496	0.00467	0.00555	0.00350	0.00350	0.00700	0.01051	0.01488	0.84444	0.02773	0.03502	0.00759	0.00438	0.00117	0.00175	0.00671	0.00409	0.00350
30	0.00992	0.87178	0.01945	0.00635	0.00953	0.01469	0.00635	0.01111	0.00754	0.00873	0.00516	0.00595	0.00476	0.00318	0.00238	0.00079	0.00397	0.00198	0.00159	0.00476
31	0.01387	0.01769	0.01052	0.00956	0.01148	0.85465	0.00717	0.01482	0.01052	0.00908	0.00574	0.00669	0.00478	0.00383	0.00335	0.00096	0.00669	0.00239	0.00191	0.00430
32	0.00525	0.00379	0.00496	0.00467	0.00555	0.00350	0.00350	0.00700	0.01051	0.01488	0.84444	0.02773	0.03502	0.00759	0.00438	0.00117	0.00175	0.00671	0.00409	0.00350
33	0.01408	0.01030	0.01106	0.00850	0.01145	0.01139	0.00701	0.81013	0.02926	0.03551	0.00909	0.00904	0.00643	0.00447	0.00371	0.00112	0.00405	0.00336	0.00373	0.00631
34	0.01411	0.01040	0.01114	0.00854	0.01151	0.01151	0.00706	0.83402	0.01745	0.02339	0.00891	0.00891	0.00631	0.00446	0.00371	0.00111	0.00408	0.00334	0.00371	0.00631
35	0.00876	0.01001	0.02190	0.01564	0.01940	0.00939	0.83292	0.01189	0.00876	0.01189	0.00751	0.01001	0.00563	0.00313	0.00438	0.00125	0.00626	0.00438	0.00188	0.00501
36	0.00876	0.01001	0.02190	0.01564	0.01940	0.00939	0.83292	0.01189	0.00876	0.01189	0.00751	0.01001	0.00563	0.00313	0.00438	0.00125	0.00626	0.00438	0.00188	0.00501
37	0.00589	0.00421	0.00588	0.00674	0.00755	0.00420	0.00583	0.00754	0.00846	0.01101	0.01970	0.09106	0.02155	0.01034	0.00510	0.00170	0.00334	0.77308	0.00342	0.00339
38	0.00812	0.00812	0.01137	0.00975	0.00975	0.01137	0.00812	0.00893	0.00568	0.00893	0.00487	0.00812	0.00487	0.00650	0.01218	0.00162	0.86276	0.00325	0.00162	0.00406
39	0.00764	0.01782	0.72559	0.01134	0.01657	0.00874	0.13706	0.01178	0.00798	0.01178	0.00679	0.00816	0.00484	0.00347	0.00366	0.00119	0.00560	0.00299	0.00161	0.00541
40	0.00490	0.00378	0.00447	0.00430	0.00533	0.00335	0.00322	0.00632	0.00967	0.01290	0.51419	0.03100	0.36651	0.00833	0.00438	0.00120	0.00180	0.00717	0.00382	0.00335
41	0.00701	0.00660	0.01113	0.86063	0.02556	0.00825	0.01031	0.00948	0.00742	0.00948	0.00660	0.00990	0.00495	0.00371	0.00371	0.00124	0.00495	0.00330	0.00165	0.00412
42	0.00907	0.00876	0.01515	0.06138	0.77571	0.00882	0.04373	0.01132	0.00842	0.01199	0.00698	0.00925	0.00583	0.00332	0.00370	0.00111	0.00451	0.00335	0.00183	0.00576
43	0.01444	0.02616	0.07706	0.01686	0.01052	0.06122	0.01567	0.07112	0.08244	0.55372	0.02391	0.01173	0.00871	0.00447	0.00368	0.00114	0.00367	0.00359	0.00392	0.00597
44	0.00468	0.00339	0.00444	0.00525	0.00553	0.00322	0.00353	0.00565	0.03475	0.00968	0.02028	0.83880	0.02411	0.01141	0.00471	0.00150	0.00218	0.01034	0.00346	0.00311
45	0.00701	0.00660	0.01113	0.86063	0.02556	0.00825	0.01031	0.00948	0.00742	0.00948	0.00660	0.00990	0.00495	0.00371	0.00371	0.00124	0.00495	0.00330	0.00165	0.00412
46	0.68257	0.04637	0.02814	0.00711	0.07693	0.05523	0.02465	0.02106	0.00700	0.01537	0.00548	0.00649	0.00433	0.00345	0.00257	0.00112	0.00341	0.00223	0.00220	0.00431
47	0.00833	0.24784	0.11271	0.34431	0.18359	0.01020	0.02289	0.01062	0.00773	0.01011	0.00630	0.00843	0.00506	0.00345	0.00333	0.00108	0.00465	0.00289	0.00166	0.00482
48	0.23717	0.00653	0.00782	0.00617	0.00890	0.00618	0.00510	0.01629	0.00954	0.64019	0.01227	0.01098	0.00789	0.00431	0.00337	0.00115	0.00309	0.00330	0.00402	0.00574
49	0.00571	0.00432	0.00559	0.00514	0.00619	0.00418	0.01727	0.00837	0.09451	0.01490	0.74674	0.02603	0.03214	0.00726	0.00432	0.00118	0.00194	0.00642	0.00402	0.00377
50	0.00515	0.00379	0.00481	0.00456	0.00548	0.00346	0.00342	0.00680	0.01025	0.01428	0.74393	0.02872	0.13591	0.00781	0.00438	0.00118	0.00177	0.00685	0.00401	0.00346
51	0.00452	0.00323	0.00431	0.00517	0.00538	0.00301	0.00345	0.00517	0.00711	0.00948	0.02046	0.86713	0.02455	0.01163	0.00474	0.00151	0.00215	0.01055	0.00345	0.00301
52	0.00598	0.00427	0.00598	0.00684	0.00769	0.00427	0.00598	0.00769	0.00854	0.01111	0.01965	0.04187	0.02136	0.01025	0.00513	0.00171	0.00342	0.82141	0.00342	0.00342
53	0.89577	0.00718	0.00546	0.00488	0.00718	0.00833	0.00402	0.01091	0.00632	0.01665	0.00517	0.00603	0.00402	0.00345	0.00230	0.00115	0.00287	0.00201	0.00230	0.00402
54	0.00919	0.00882	0.01507	0.02278	0.84640	0.00882	0.01139	0.01139	0.00845	0.01213	0.00698	0.00919	0.00588	0.00331	0.00367	0.00110	0.00441	0.00331	0.00184	0.00588
55	0.01387	0.01769	0.01052	0.00956	0.01148	0.85465	0.00717	0.01482	0.01052	0.00908	0.00574	0.00669	0.00478	0.00383	0.00335	0.00096	0.00669	0.00239	0.00191	0.00430
56	0.00923	0.00797	0.00839	0.00755	0.00965	0.00923	0.00588	0.01972	0.83969	0.01553	0.01511	0.01385	0.01133	0.00504	0.00378	0.00126	0.00294	0.00420	0.00378	0.00588
57	0.00598	0.00427	0.00598	0.00684	0.00769	0.00427	0.00598	0.00769	0.00854	0.01111	0.01965	0.04187	0.02136	0.01025	0.00513	0.00171	0.00342	0.82141	0.00342	0.00342
58	0.00523	0.00379	0.00492	0.00464	0.00553	0.00349	0.00348	0.00695	0.01044	0.01473	0.81930	0.02798	0.06026	0.00764	0.00438	0.00117	0.00176	0.00675	0.00407	0.00349
59	0.00701	0.00660	0.01113	0.86063	0.02556	0.00825	0.01031	0.00948	0.00742	0.00948	0.00660	0.00990	0.00495	0.00371	0.00371	0.00124	0.00495	0.00330	0.00165	0.00412
60	0.00713	0.00671	0.01125	0.81431	0.05768	0.00828	0.01028	0.00972	0.02043	0.00968	0.00675	0.00993	0.00508	0.00372	0.00371	0.00123	0.00490	0.00331	0.00169	0.00422
61	0.01623	0.00622	0.00848	0.00653	0.00933	0.00538	0.00538	0.01768	0.01062	0.81785	0.04560	0.01320	0.01015	0.00471	0.00376	0.00115	0.00311	0.00384	0.00458	0.00621
62	0.00457	0.00367	0.00403	0.00421	0.00516	0.00320	0.00306	0.00549	0.00819	0.01014	0.08551	0.19293	0.56649	0.05249	0.00520	0.00143	0.00206	0.03564	0.00343	0.00310
63	0.00701	0.00660	0.01113	0.86063	0.02556	0.00825	0.01031	0.00948	0.00742	0.00948	0.00660	0.00990	0.00495	0.00371	0.00371	0.00124	0.00495	0.00330	0.00165	0.00412
64	0.72931	0.07217	0.02875	0.00537	0.00780	0.00889	0.00461	0.01172	0.07896	0.01584	0.00607	0.00675	0.00473	0.00357	0.00246	0.00113	0.00303	0.00222	0.00235	0.00428

[dist]
# distance from previous block
# <min> <max>
0	1

[block]
# block no. 1 follows, 74 sequences, length 7
# corresponding to MSA columns:
# 67-73
name=unknown_B
#
# <colnr> <probs for GDERKNQSTAVLIFYWHMCP>
#	G	D	E	R	K	N	Q	S	T	A	V	L	I	F	Y	W	H	M	C	P
0	0.00492	0.00484	0.07375	0.00510	0.00620	0.00364	0.00413	0.00624	0.00844	0.01126	0.24450	0.34613	0.24857	0.00928	0.00445	0.00132	0.00224	0.00815	0.00346	0.00338
1	0.14620	0.01066	0.13215	0.00832	0.01138	0.06818	0.05212	0.25453	0.06478	0.18113	0.00915	0.00926	0.00644	0.00417	0.00369	0.00115	0.02487	0.00317	0.00309	0.00555
2	0.00838	0.34165	0.53608	0.00898	0.01359	0.01091	0.01093	0.01151	0.00773	0.01061	0.00609	0.00712	0.00473	0.00339	0.00309	0.00103	0.00491	0.00246	0.00158	0.00521
3	0.00713	0.00647	0.00600	0.00611	0.00692	0.15081	0.00437	0.07864	0.00855	0.01048	0.01686	0.46050	0.06360	0.10424	0.00597	0.00161	0.00332	0.05190	0.00307	0.00347
4	0.00835	0.00701	0.00804	0.00589	0.00909	0.00579	0.00472	0.08129	0.06245	0.01329	0.00735	0.00820	0.00595	0.00304	0.00290	0.00064	0.00288	0.00243	0.00243	0.75825
5	0.00862	0.43521	0.32909	0.00850	0.01244	0.01132	0.06946	0.01115	0.00793	0.01048	0.05904	0.00833	0.00672	0.00358	0.00308	0.00099	0.00456	0.00274	0.00176	0.00497
6	0.00615	0.00388	0.00508	0.00506	0.00555	0.00399	0.00348	0.00680	0.00629	0.07710	0.01283	0.16043	0.01363	0.38526	0.28404	0.00381	0.00536	0.00566	0.00256	0.00305

[dist]
# distance from previous block
# <min> <max>
0	1

[block]
# block no. 2 follows, 74 sequences, length 210
# corresponding to MSA columns:
# 75-284
name=unknown_C
#
# <colnr> <probs for GDERKNQSTAVLIFYWHMCP>
#	G	D	E	R	K	N	Q	S	T	A	V	L	I	F	Y	W	H	M	C	P
0	0.00750	0.03855	0.83146	0.01048	0.01592	0.00876	0.01355	0.01174	0.00783	0.01169	0.00663	0.00779	0.00470	0.00352	0.00350	0.00117	0.00545	0.00273	0.00157	0.00547
1	0.00880	0.00840	0.01431	0.12576	0.72364	0.00860	0.01106	0.01100	0.00829	0.01173	0.00728	0.03113	0.00624	0.00357	0.00371	0.00113	0.00442	0.00349	0.00186	0.00559
2	0.00453	0.00326	0.00430	0.00512	0.00537	0.00303	0.00343	0.00520	0.00720	0.00957	0.03325	0.82897	0.05003	0.01150	0.00472	0.00149	0.00214	0.01041	0.00346	0.00303
3	0.00476	0.00340	0.00457	0.00535	0.00569	0.00321	0.00378	0.00562	0.00753	0.01006	0.07748	0.70166	0.02486	0.01117	0.00476	0.00151	0.00229	0.11569	0.00349	0.00310
4	0.00770	0.00660	0.00770	0.00550	0.00880	0.00495	0.00440	0.00935	0.00770	0.01210	0.00660	0.00770	0.00550	0.00275	0.00275	0.00055	0.00275	0.00220	0.00220	0.89224
5	0.00548	0.00389	0.00475	0.00472	0.00481	0.00415	0.00299	0.00574	0.00562	0.00766	0.01178	0.09094	0.01337	0.64687	0.11609	0.00359	0.05720	0.00552	0.00228	0.00255
6	0.00507	0.00378	0.00461	0.00440	0.00537	0.00340	0.00330	0.00660	0.00990	0.01358	0.61062	0.02948	0.24778	0.00798	0.00433	0.00118	0.00178	0.00693	0.02649	0.00340
7	0.00828	0.00790	0.01343	0.37046	0.50578	0.00858	0.01094	0.01060	0.00802	0.01103	0.00682	0.00948	0.00549	0.00347	0.00369	0.00116	0.00463	0.00330	0.00176	0.00515
8	0.89577	0.00718	0.00546	0.00488	0.00718	0.00833	0.00402	0.01091	0.00632	0.01665	0.00517	0.00603	0.00402	0.00345	0.00230	0.00115	0.00287	0.00201	0.00230	0.00402
9	0.01387	0.01769	0.01052	0.00956	0.01148	0.85465	0.00717	0.01482	0.01052	0.00908	0.00574	0.00669	0.00478	0.00383	0.00335	0.00096	0.00669	0.00239	0.00191	0.00430
10	0.00512	0.00379	0.00477	0.00453	0.00546	0.00344	0.00340	0.00674	0.01019	0.01412	0.71816	0.02898	0.16177	0.00787	0.00438	0.00118	0.00177	0.00689	0.00399	0.00344
11	0.89577	0.00718	0.00546	0.00488	0.00718	0.00833	0.00402	0.01091	0.00632	0.01665	0.00517	0.00603	0.00402	0.00345	0.00230	0.00115	0.00287	0.00201	0.00230	0.00402
12	0.00540	0.00360	0.00405	0.00405	0.00405	0.00360	0.00225	0.00540	0.00540	0.00720	0.01170	0.02429	0.01349	0.86955	0.01889	0.00360	0.00360	0.00540	0.00225	0.00225
13	0.00476	0.00377	0.00428	0.00415	0.00524	0.00329	0.00311	0.00605	0.00934	0.01212	0.38512	0.03228	0.49607	0.00862	0.00438	0.00122	0.00182	0.00735	0.00372	0.00329
14	0.00540	0.00360	0.00405	0.00405	0.00405	0.00360	0.00225	0.00540	0.00540	0.00720	0.01170	0.02429	0.01349	0.86955	0.01889	0.00360	0.00360	0.00540	0.00225	0.00225
15	0.00929	0.00800	0.00843	0.00757	0.00968	0.00926	0.00589	0.02991	0.82941	0.01563	0.01503	0.01379	0.01127	0.00503	0.00378	0.00126	0.00295	0.00419	0.00378	0.00588
16	0.01387	0.01751	0.01053	0.00954	0.01148	0.83336	0.00717	0.03551	0.01069	0.00945	0.00582	0.00675	0.00482	0.00384	0.00336	0.00096	0.00663	0.00241	0.00196	0.00435
17	0.09158	0.19791	0.26829	0.00804	0.02002	0.00961	0.00832	0.13875	0.00974	0.19048	0.01896	0.00871	0.00625	0.00386	0.00325	0.00107	0.00416	0.00287	0.00264	0.00548
18	0.01144	0.46961	0.01553	0.00771	0.03611	0.03409	0.00670	0.31340	0.01129	0.01438	0.00667	0.00723	0.00540	0.00365	0.00295	0.00091	0.00404	0.00254	0.00241	0.04393
19	0.00452	0.00323	0.00431	0.00517	0.00538	0.00301	0.00345	0.00517	0.00711	0.00948	0.02046	0.86713	0.02455	0.01163	0.00474	0.00151	0.00215	0.01055	0.00345	0.00301
20	0.00995	0.00922	0.01425	0.02667	0.53530	0.02953	0.08410	0.14455	0.05325	0.01398	0.00803	0.00964	0.01477	0.00363	0.00373	0.00111	0.00444	0.00345	0.00227	0.02813
21	0.00932	0.26454	0.26063	0.00859	0.01216	0.01086	0.04996	0.08767	0.23527	0.01295	0.00877	0.00913	0.00672	0.00390	0.00332	0.00108	0.00426	0.00305	0.00238	0.00543
22	0.00444	0.00376	0.00383	0.00382	0.00505	0.00316	0.00286	0.00543	0.00859	0.01033	0.08737	0.03523	0.79494	0.00929	0.00439	0.00125	0.00187	0.00776	0.00349	0.00316
23	0.00798	0.00758	0.01288	0.48845	0.39019	0.00850	0.01079	0.01033	0.00788	0.01066	0.00677	0.00958	0.00536	0.00353	0.00369	0.00118	0.00471	0.00330	0.00173	0.00490
24	0.00895	0.48202	0.37902	0.00826	0.01241	0.03229	0.00956	0.01148	0.00774	0.01005	0.00582	0.00679	0.00474	0.00334	0.00290	0.00096	0.00469	0.00232	0.00159	0.00507
25	0.00625	0.00531	0.04542	0.00614	0.03945	0.00471	0.01390	0.00910	0.10727	0.03536	0.59035	0.05008	0.05799	0.00700	0.00424	0.00119	0.00227	0.00616	0.00379	0.00402
26	0.00455	0.00372	0.00401	0.00404	0.00514	0.00319	0.00299	0.00560	0.00869	0.01081	0.17414	0.10675	0.63492	0.00928	0.00442	0.00126	0.00188	0.00788	0.00356	0.00319
27	0.00525	0.00406	0.00484	0.00490	0.00580	0.00387	0.00357	0.00739	0.09531	0.01221	0.32425	0.27429	0.22251	0.00894	0.00442	0.00130	0.00202	0.00784	0.00371	0.00352
28	0.01354	0.09559	0.11050	0.00809	0.01135	0.00999	0.00738	0.45415	0.01365	0.22430	0.00969	0.00941	0.00668	0.00425	0.00356	0.00110	0.00401	0.00323	0.00347	0.00606
29	0.01387	0.01769	0.01052	0.00956	0.01148	0.85465	0.00717	0.01482	0.01052	0.00908	0.00574	0.00669	0.00478	0.00383	0.00335	0.00096	0.00669	0.00239	0.00191	0.00430
30	0.00794	0.00728	0.01179	0.17314	0.46632	0.00760	0.00918	0.01058	0.05630	0.01242	0.18685	0.01356	0.01226	0.00440	0.00384	0.00115	0.00386	0.00409	0.00240	0.00504
31	0.00524	0.00379	0.00494	0.00466	0.00554	0.00350	0.00349	0.00698	0.01048	0.01481	0.83250	0.02784	0.04701	0.00762	0.00438	0.00117	0.00175	0.00673	0.00408	0.00350
32	0.01570	0.00640	0.00904	0.04008	0.01032	0.00568	0.03115	0.02553	0.01042	0.76069	0.01420	0.03418	0.00928	0.00469	0.00378	0.00116	0.00331	0.00391	0.00436	0.00611
33	0.01665	0.00632	0.00861	0.00660	0.00948	0.00546	0.00546	0.01809	0.01062	0.84897	0.01464	0.01263	0.00919	0.00459	0.00373	0.00115	0.00316	0.00373	0.00459	0.00632
34	0.00770	0.00660	0.00770	0.00550	0.00880	0.00495	0.00440	0.00935	0.00770	0.01210	0.00660	0.00770	0.00550	0.00275	0.00275	0.00055	0.00275	0.00220	0.00220	0.89224
35	0.01665	0.00632	0.00861	0.00660	0.00948	0.00546	0.00546	0.01809	0.01062	0.84897	0.01464	0.01263	0.00919	0.00459	0.00373	0.00115	0.00316	0.00373	0.00459	0.00632
36	0.00742	0.00702	0.01188	0.70139	0.18158	0.00836	0.01051	0.00985	0.00762	0.00999	0.00667	0.00976	0.00513	0.00363	0.00370	0.00121	0.00485	0.00330	0.00169	0.00446
37	0.01625	0.00642	0.00864	0.00661	0.00950	0.00557	0.00545	0.03640	0.01067	0.79744	0.01420	0.01236	0.00898	0.00452	0.00369	0.00112	0.00316	0.00366	0.00448	0.04089
38	0.89577	0.00718	0.00546	0.00488	0.00718	0.00833	0.00402	0.01091	0.00632	0.01665	0.00517	0.00603	0.00402	0.00345	0.00230	0.00115	0.00287	0.00201	0.00230	0.00402
39	0.05658	0.00636	0.00847	0.00653	0.00937	0.00559	0.00539	0.01776	0.01043	0.81117	0.01421	0.01233	0.00895	0.00454	0.00367	0.00115	0.00315	0.00365	0.00449	0.00621
40	0.00506	0.00380	0.00465	0.00451	0.00544	0.00346	0.00339	0.00648	0.00950	0.01284	0.52283	0.03029	0.25543	0.05695	0.01612	0.00142	0.00208	0.04869	0.00375	0.00332
41	0.01648	0.00660	0.00879	0.00674	0.00962	0.00588	0.00557	0.07501	0.01110	0.79137	0.01424	0.01237	0.00899	0.00458	0.00373	0.00115	0.00322	0.00371	0.00453	0.00632
42	0.00783	0.03336	0.00809	0.00560	0.00885	0.00542	0.00452	0.00980	0.04005	0.01212	0.00688	0.00788	0.00570	0.00285	0.00278	0.00058	0.00279	0.00227	0.00224	0.83037
43	0.04627	0.03342	0.34278	0.01100	0.17091	0.00746	0.00962	0.01236	0.00860	0.19662	0.05345	0.04398	0.00876	0.01335	0.00381	0.00120	0.00423	0.02423	0.00258	0.00538
44	0.00999	0.85710	0.01930	0.00641	0.00956	0.02913	0.00637	0.01118	0.00759	0.00874	0.00517	0.00597	0.00476	0.00319	0.00240	0.00080	0.00402	0.00199	0.00159	0.00476
45	0.00487	0.00378	0.00443	0.00427	0.00531	0.00334	0.00320	0.00626	0.00960	0.01274	0.48811	0.03126	0.39269	0.00839	0.00438	0.00121	0.00181	0.00721	0.00380	0.00334
46	0.00620	0.00332	0.00471	0.00471	0.00473	0.00334	0.00307	0.00500	0.00498	0.00667	0.00761	0.01399	0.00795	0.18485	0.04194	0.68616	0.00351	0.00368	0.00175	0.00179
47	0.00502	0.00378	0.00464	0.00442	0.00540	0.00340	0.00332	0.00655	0.00995	0.01357	0.62583	0.02989	0.25446	0.00808	0.00438	0.00119	0.00179	0.00702	0.00391	0.00340
48	0.00798	0.00756	0.02408	0.13387	0.03005	0.02578	0.09245	0.01084	0.09495	0.01188	0.00782	0.02555	0.00638	0.00344	0.00338	0.00086	0.01503	0.00301	0.00224	0.49285
49	0.01631	0.00633	0.00858	0.00656	0.00945	0.00544	0.00541	0.01775	0.01051	0.81642	0.01433	0.01244	0.00904	0.00452	0.00369	0.00113	0.00314	0.00367	0.00450	0.04077
50	0.42376	0.00563	0.00571	0.00518	0.00687	0.00599	0.02483	0.00920	0.00826	0.03638	0.31141	0.01804	0.06289	0.00572	0.00343	0.00120	0.00254	0.05598	0.00313	0.00383
51	0.01387	0.01769	0.01052	0.00956	0.01148	0.85465	0.00717	0.01482	0.01052	0.00908	0.00574	0.00669	0.00478	0.00383	0.00335	0.00096	0.00669	0.00239	0.00191	0.00430
52	0.00923	0.00797	0.00839	0.00755	0.00965	0.00923	0.00588	0.01972	0.83969	0.01553	0.01511	0.01385	0.01133	0.00504	0.00378	0.00126	0.00294	0.00420	0.00378	0.00588
53	0.89577	0.00718	0.00546	0.00488	0.00718	0.00833	0.00402	0.01091	0.00632	0.01665	0.00517	0.00603	0.00402	0.00345	0.00230	0.00115	0.00287	0.00201	0.00230	0.00402
54	0.00591	0.00422	0.00590	0.00675	0.00758	0.00421	0.00586	0.00757	0.00847	0.01103	0.01969	0.08274	0.02152	0.01032	0.00511	0.00170	0.00336	0.78126	0.00342	0.00340
55	0.00751	0.04037	0.80790	0.01034	0.01572	0.00868	0.01329	0.01168	0.00783	0.01169	0.00662	0.00779	0.00472	0.00350	0.00348	0.00115	0.00538	0.00271	0.00158	0.02806
56	0.00770	0.00660	0.00770	0.00550	0.00880	0.00495	0.00440	0.00935	0.00770	0.01210	0.00660	0.00770	0.00550	0.00275	0.00275	0.00055	0.00275	0.00220	0.00220	0.89224
57	0.85097	0.02929	0.00596	0.00501	0.00735	0.00857	0.00416	0.03167	0.00663	0.01662	0.00526	0.00610	0.00410	0.00346	0.00233	0.00114	0.00293	0.00204	0.00231	0.00410
58	0.00919	0.00882	0.01507	0.02278	0.84640	0.00882	0.01139	0.01139	0.00845	0.01213	0.00698	0.00919	0.00588	0.00331	0.00367	0.00110	0.00441	0.00331	0.00184	0.00588
59	0.00923	0.00797	0.00839	0.00755	0.00965	0.00923	0.00588	0.01972	0.83969	0.01553	0.01511	0.01385	0.01133	0.00504	0.00378	0.00126	0.00294	0.00420	0.00378	0.00588
60	0.01411	0.01040	0.01114	0.00854	0.01151	0.01151	0.00706	0.83402	0.01745	0.02339	0.00891	0.00891	0.00631	0.00446	0.00371	0.00111	0.00408	0.00334	0.00371	0.00631
61	0.00540	0.00360	0.00405	0.00405	0.00405	0.00360	0.00225	0.00540	0.00540	0.00720	0.01170	0.02429	0.01349	0.86955	0.01889	0.00360	0.00360	0.00540	0.00225	0.00225
62	0.00540	0.00360	0.00405	0.00405	0.00405	0.00360	0.00225	0.00540	0.00540	0.00720	0.01170	0.02429	0.01349	0.86955	0.01889	0.00360	0.00360	0.00540	0.00225	0.00225
63	0.00876	0.01001	0.02190	0.01564	0.01940	0.00939	0.83292	0.01189	0.00876	0.01189	0.00751	0.01001	0.00563	0.00313	0.00438	0.00125	0.00626	0.00438	0.00188	0.00501
64	0.01665	0.00632	0.00861	0.00660	0.00948	0.00546	0.00546	0.01809	0.01062	0.84897	0.01464	0.01263	0.00919	0.00459	0.00373	0.00115	0.00316	0.00373	0.00459	0.00632
65	0.00454	0.00324	0.00432	0.00516	0.00539	0.00303	0.00345	0.00521	0.00719	0.00961	0.04123	0.84597	0.02481	0.01153	0.00473	0.00150	0.00214	0.01046	0.00346	0.00303
66	0.86148	0.00730	0.00568	0.00502	0.00735	0.00845	0.00414	0.04292	0.00675	0.01692	0.00531	0.00614	0.00411	0.00348	0.00235	0.00115	0.00292	0.00206	0.00235	0.00411
67	0.00518	0.00378	0.00487	0.00462	0.00551	0.00347	0.00346	0.00685	0.01029	0.01444	0.77191	0.04940	0.08671	0.00781	0.00439	0.00118	0.00177	0.00688	0.00403	0.00347
68	0.00770	0.00660	0.00770	0.00550	0.00880	0.00495	0.00440	0.00935	0.00770	0.01210	0.00660	0.00770	0.00550	0.00275	0.00275	0.00055	0.00275	0.00220	0.00220	0.89224
69	0.00936	0.00803	0.00846	0.00758	0.00970	0.00929	0.00590	0.04025	0.81896	0.01573	0.01495	0.01372	0.01120	0.00502	0.00378	0.00126	0.00297	0.00418	0.00378	0.00589
70	0.00919	0.00882	0.01507	0.02278	0.84640	0.00882	0.01139	0.01139	0.00845	0.01213	0.00698	0.00919	0.00588	0.00331	0.00367	0.00110	0.00441	0.00331	0.00184	0.00588
71	0.00439	0.00376	0.00376	0.00376	0.00501	0.00313	0.00282	0.00533	0.00846	0.01003	0.03760	0.03572	0.84489	0.00940	0.00439	0.00125	0.00188	0.00783	0.00345	0.00313
72	0.01560	0.00679	0.00909	0.00705	0.00987	0.00624	0.02848	0.06092	0.08970	0.70326	0.01419	0.01248	0.00914	0.00459	0.00375	0.00116	0.00327	0.00377	0.00440	0.00624
73	0.00701	0.00660	0.01113	0.86063	0.02556	0.00825	0.01031	0.00948	0.00742	0.00948	0.00660	0.00990	0.00495	0.00371	0.00371	0.00124	0.00495	0.00330	0.00165	0.00412
74	0.89577	0.00718	0.00546	0.00488	0.00718	0.00833	0.00402	0.01091	0.00632	0.01665	0.00517	0.00603	0.00402	0.00345	0.00230	0.00115	0.00287	0.00201	0.00230	0.00402
75	0.00918	0.00792	0.00834	0.00751	0.00958	0.00916	0.00583	0.01953	0.82862	0.01542	0.01506	0.01399	0.01136	0.01651	0.00398	0.00129	0.00295	0.00421	0.00376	0.00583
76	0.00439	0.00376	0.00376	0.00376	0.00501	0.00313	0.00282	0.00533	0.00846	0.01003	0.03760	0.03572	0.84489	0.00940	0.00439	0.00125	0.00188	0.00783	0.00345	0.00313
77	0.00744	0.01920	0.85032	0.01058	0.01607	0.00862	0.01371	0.01176	0.00784	0.01176	0.00666	0.00784	0.00470	0.00353	0.00353	0.00118	0.00549	0.00274	0.00157	0.00549
78	0.00439	0.00376	0.00376	0.00376	0.00501	0.00313	0.00282	0.00533	0.00846	0.01003	0.03760	0.03572	0.84489	0.00940	0.00439	0.00125	0.00188	0.00783	0.00345	0.00313
79	0.00711	0.00570	0.00654	0.00598	0.00741	0.00611	0.00458	0.02478	0.37023	0.01529	0.47237	0.02143	0.02432	0.00643	0.00411	0.00121	0.00230	0.00557	0.00395	0.00457
80	0.01384	0.01069	0.01080	0.00849	0.01130	0.08223	0.00692	0.67708	0.07514	0.05187	0.00929	0.00921	0.00665	0.00445	0.00369	0.00111	0.00419	0.00334	0.00360	0.00611
81	0.00975	0.81230	0.07742	0.00665	0.00998	0.01426	0.00686	0.01116	0.00756	0.00894	0.00527	0.00609	0.00476	0.00320	0.00246	0.00082	0.00408	0.00204	0.00159	0.00481
82	0.00522	0.00379	0.00490	0.00462	0.00550	0.00349	0.00345	0.00691	0.01033	0.01455	0.79687	0.02797	0.06610	0.02441	0.00466	0.00122	0.00179	0.00673	0.00403	0.00346
83	0.00899	0.00883	0.01540	0.04478	0.68728	0.01883	0.11046	0.01125	0.00844	0.01191	0.00744	0.03576	0.00639	0.00356	0.00379	0.00113	0.00461	0.00365	0.00189	0.00562
84	0.00516	0.00379	0.00483	0.00457	0.00549	0.00346	0.00343	0.00682	0.01028	0.01435	0.75572	0.02861	0.12408	0.00779	0.00438	0.00118	0.00177	0.00684	0.00402	0.00346
85	0.00545	0.00378	0.00497	0.00478	0.00562	0.00349	0.00354	0.00705	0.01007	0.03524	0.71687	0.13596	0.03302	0.00804	0.00441	0.00121	0.00184	0.00713	0.00402	0.00351
86	0.00873	0.11910	0.50353	0.00985	0.03948	0.02047	0.04159	0.05187	0.07436	0.05021	0.00785	0.00910	0.00593	0.03736	0.00406	0.00122	0.00487	0.00302	0.00204	0.00536
87	0.01446	0.00737	0.02476	0.00943	0.11951	0.00670	0.05196	0.05369	0.06778	0.58448	0.01289	0.01187	0.00850	0.00435	0.00376	0.00115	0.00356	0.00371	0.00394	0.00614
88	0.59107	0.19548	0.03158	0.00583	0.00836	0.09555	0.00510	0.01137	0.00705	0.01404	0.00526	0.00613	0.00428	0.00343	0.00245	0.00105	0.00357	0.00206	0.00209	0.00425
89	0.05034	0.03355	0.03110	0.02465	0.06997	0.28418	0.12456	0.10895	0.10571	0.07381	0.02951	0.00945	0.00697	0.00408	0.00383	0.00111	0.02730	0.00328	0.00256	0.00507
90	0.00874	0.00836	0.01426	0.19439	0.67827	0.00870	0.01117	0.01100	0.00824	0.01159	0.00690	0.00933	0.00569	0.00339	0.00368	0.00113	0.00452	0.00331	0.00180	0.00552
91	0.00525	0.00379	0.00496	0.00467	0.00555	0.00350	0.00350	0.00700	0.01051	0.01488	0.84444	0.02773	0.03502	0.00759	0.00438	0.00117	0.00175	0.00671	0.00409	0.00350
92	0.89577	0.00718	0.00546	0.00488	0.00718	0.00833	0.00402	0.01091	0.00632	0.01665	0.00517	0.00603	0.00402	0.00345	0.00230	0.00115	0.00287	0.00201	0.00230	0.00402
93	0.01066	0.00678	0.00913	0.00667	0.00987	0.00547	0.07135	0.01236	0.00872	0.28056	0.00925	0.00947	0.00669	0.00337	0.00320	0.00080	0.00316	0.00287	0.00294	0.53668
94	0.01411	0.01040	0.01114	0.00854	0.01151	0.01151	0.00706	0.83402	0.01745	0.02339	0.00891	0.00891	0.00631	0.00446	0.00371	0.00111	0.00408	0.00334	0.00371	0.00631
95	0.00744	0.01920	0.85032	0.01058	0.01607	0.00862	0.01371	0.01176	0.00784	0.01176	0.00666	0.00784	0.00470	0.00353	0.00353	0.00118	0.00549	0.00274	0.00157	0.00549
96	0.01665	0.00632	0.00861	0.00660	0.00948	0.00546	0.00546	0.01809	0.01062	0.84897	0.01464	0.01263	0.00919	0.00459	0.00373	0.00115	0.00316	0.00373	0.00459	0.00632
97	0.01297	0.00881	0.01007	0.00803	0.01073	0.00951	0.02869	0.39349	0.27032	0.18888	0.01196	0.01123	0.00843	0.00463	0.00375	0.00117	0.00360	0.00371	0.00386	0.00614
98	0.00452	0.00323	0.00431	0.00517	0.00538	0.00301	0.00345	0.00517	0.00711	0.00948	0.02046	0.86713	0.02455	0.01163	0.00474	0.00151	0.00215	0.01055	0.00345	0.00301
99	0.00452	0.00323	0.00431	0.00517	0.00538	0.00301	0.00345	0.00517	0.00711	0.00948	0.02046	0.86713	0.02455	0.01163	0.00474	0.00151	0.00215	0.01055	0.00345	0.00301
100	0.01387	0.01769	0.01052	0.00956	0.01148	0.85465	0.00717	0.01482	0.01052	0.00908	0.00574	0.00669	0.00478	0.00383	0.00335	0.00096	0.00669	0.00239	0.00191	0.00430
101	0.00524	0.00374	0.00513	0.00599	0.00652	0.00363	0.00470	0.00641	0.00782	0.01028	0.02006	0.46049	0.02298	0.01095	0.00493	0.00161	0.00278	0.41010	0.00343	0.00321
102	0.00452	0.00323	0.00431	0.00517	0.00538	0.00301	0.00345	0.00517	0.00711	0.00948	0.02046	0.86713	0.02455	0.01163	0.00474	0.00151	0.00215	0.01055	0.00345	0.00301
103	0.01328	0.03556	0.06107	0.00989	0.03276	0.76501	0.00765	0.01447	0.01024	0.00931	0.00581	0.00681	0.00480	0.00378	0.00335	0.00097	0.00651	0.00243	0.00188	0.00442
104	0.00439	0.00376	0.00376	0.00376	0.00501	0.00313	0.00282	0.00533	0.00846	0.01003	0.03760	0.03572	0.84489	0.00940	0.00439	0.00125	0.00188	0.00783	0.00345	0.00313
105	0.01411	0.01040	0.01114	0.00854	0.01151	0.01151	0.00706	0.83402	0.01745	0.02339	0.00891	0.00891	0.00631	0.00446	0.00371	0.00111	0.00408	0.00334	0.00371	0.00631
106	0.00770	0.00660	0.00770	0.00550	0.00880	0.00495	0.00440	0.00935	0.00770	0.01210	0.00660	0.00770	0.00550	0.00275	0.00275	0.00055	0.00275	0.00220	0.00220	0.89224
107	0.00540	0.00360	0.00405	0.00405	0.00405	0.00360	0.00225	0.00540	0.00540	0.00720	0.01170	0.02429	0.01349	0.86955	0.01889	0.00360	0.00360	0.00540	0.00225	0.00225
108	0.00926	0.00795	0.00848	0.00774	0.02206	0.00915	0.00593	0.03961	0.78801	0.01566	0.03364	0.01397	0.01166	0.00505	0.00379	0.00125	0.00296	0.00422	0.00375	0.00583
109	0.00532	0.00390	0.00556	0.00556	0.00608	0.00442	0.00413	0.00637	0.00585	0.00832	0.01031	0.01664	0.01017	0.20593	0.67797	0.00546	0.00860	0.00428	0.00204	0.00309
110	0.89577	0.00718	0.00546	0.00488	0.00718	0.00833	0.00402	0.01091	0.00632	0.01665	0.00517	0.00603	0.00402	0.00345	0.00230	0.00115	0.00287	0.00201	0.00230	0.00402
111	0.00498	0.00356	0.00482	0.00566	0.00608	0.00340	0.00421	0.00597	0.00761	0.01009	0.03892	0.60093	0.02383	0.01113	0.00485	0.00156	0.00252	0.25329	0.00345	0.00315
112	0.01041	0.00819	0.00894	0.00793	0.02917	0.00922	0.00611	0.16057	0.60253	0.06757	0.03838	0.01322	0.01090	0.00494	0.00378	0.00122	0.00315	0.00407	0.00378	0.00591
113	0.00500	0.00378	0.00461	0.00440	0.00539	0.00339	0.00330	0.00651	0.00991	0.01346	0.60723	0.03008	0.27312	0.00812	0.00438	0.00119	0.00179	0.00704	0.00390	0.00339
114	0.00608	0.04114	0.02491	0.00502	0.00619	0.00423	0.00396	0.00787	0.02229	0.05875	0.63996	0.08348	0.06700	0.00747	0.00426	0.00118	0.00206	0.00654	0.00387	0.00374
115	0.00906	0.01006	0.02110	0.01516	0.01878	0.02851	0.77725	0.01206	0.00879	0.03290	0.00760	0.00997	0.00569	0.00325	0.00449	0.00125	0.02284	0.00430	0.00194	0.00501
116	0.00525	0.00379	0.00496	0.00467	0.00555	0.00350	0.00350	0.00700	0.01051	0.01488	0.84444	0.02773	0.03502	0.00759	0.00438	0.00117	0.00175	0.00671	0.00409	0.00350
117	0.00531	0.00395	0.00585	0.00585	0.00647	0.00458	0.00450	0.00655	0.00593	0.00853	0.01005	0.01517	0.00953	0.07874	0.80429	0.00582	0.00956	0.00406	0.00200	0.00325
118	0.01039	0.78054	0.01848	0.00664	0.00971	0.08289	0.00641	0.02083	0.00794	0.02055	0.00538	0.00614	0.00484	0.00326	0.00249	0.00082	0.00418	0.00206	0.00168	0.00476
119	0.01222	0.14050	0.09741	0.00987	0.02908	0.56172	0.06633	0.01373	0.00965	0.01855	0.00599	0.00705	0.00490	0.00365	0.00331	0.00098	0.00606	0.00254	0.00186	0.00459
120	0.89577	0.00718	0.00546	0.00488	0.00718	0.00833	0.00402	0.01091	0.00632	0.01665	0.00517	0.00603	0.00402	0.00345	0.00230	0.00115	0.00287	0.00201	0.00230	0.00402
121	0.00885	0.01085	0.07409	0.01512	0.01892	0.03761	0.75332	0.01198	0.00876	0.01179	0.00740	0.00976	0.00554	0.00318	0.00429	0.00124	0.00622	0.00421	0.00186	0.00501
122	0.00610	0.00431	0.00529	0.00492	0.00606	0.00408	0.00373	0.00852	0.08818	0.05887	0.58860	0.04140	0.15061	0.00753	0.00429	0.00119	0.00196	0.00655	0.00398	0.00381
123	0.00540	0.00360	0.00405	0.00405	0.00405	0.00360	0.00225	0.00540	0.00540	0.00720	0.01170	0.02429	0.01349	0.86955	0.01889	0.00360	0.00360	0.00540	0.00225	0.00225
124	0.10616	0.00684	0.00768	0.00565	0.00880	0.00569	0.00456	0.05227	0.00822	0.06472	0.00705	0.00788	0.00560	0.00303	0.00281	0.00068	0.00286	0.00233	0.00243	0.69472
125	0.01404	0.00844	0.00976	0.00744	0.01040	0.00851	0.00613	0.43985	0.01378	0.30277	0.01998	0.01023	0.00751	0.00432	0.00360	0.00105	0.00357	0.00336	0.00382	0.12143
126	0.01219	0.05371	0.15515	0.00872	0.01198	0.05035	0.00803	0.52057	0.11012	0.01911	0.00891	0.00905	0.00647	0.00427	0.00361	0.00112	0.00431	0.00323	0.00317	0.00595
127	0.00446	0.00376	0.00387	0.00384	0.00506	0.00317	0.00288	0.00548	0.00864	0.01046	0.10982	0.03501	0.77240	0.00924	0.00439	0.00125	0.00187	0.00773	0.00350	0.00317
128	0.00452	0.00323	0.00431	0.00517	0.00538	0.00301	0.00345	0.00517	0.00711	0.00948	0.02046	0.86713	0.02455	0.01163	0.00474	0.00151	0.00215	0.01055	0.00345	0.00301
129	0.00992	0.87178	0.01945	0.00635	0.00953	0.01469	0.00635	0.01111	0.00754	0.00873	0.00516	0.00595	0.00476	0.00318	0.00238	0.00079	0.00397	0.00198	0.00159	0.00476
130	0.00439	0.00376	0.00376	0.00376	0.00501	0.00313	0.00282	0.00533	0.00846	0.01003	0.03760	0.03572	0.84489	0.00940	0.00439	0.00125	0.00188	0.00783	0.00345	0.00313
131	0.00920	0.00891	0.07484	0.00782	0.01020	0.00924	0.00652	0.03786	0.75515	0.01541	0.01430	0.01326	0.01069	0.00490	0.00376	0.00125	0.00316	0.00406	0.00360	0.00585
132	0.00988	0.83304	0.04759	0.00653	0.00977	0.02408	0.00661	0.01118	0.00759	0.00884	0.00522	0.00603	0.00476	0.00319	0.00243	0.00081	0.00405	0.00202	0.00159	0.00478
133	0.00902	0.48782	0.36731	0.00819	0.01233	0.01205	0.00946	0.03694	0.00797	0.01045	0.00591	0.00683	0.00479	0.00336	0.00290	0.00096	0.00461	0.00234	0.00165	0.00511
134	0.00784	0.01844	0.79842	0.01036	0.01566	0.00851	0.01321	0.01218	0.02688	0.04440	0.00716	0.00816	0.00503	0.00360	0.00354	0.00118	0.00534	0.00281	0.00174	0.00553
135	0.00452	0.00323	0.00431	0.00517	0.00538	0.00301	0.00345	0.00517	0.00711	0.00948	0.02046	0.86713	0.02455	0.01163	0.00474	0.00151	0.00215	0.01055	0.00345	0.00301
136	0.00508	0.00383	0.00471	0.00460	0.00552	0.00351	0.00341	0.00675	0.03061	0.01323	0.55432	0.12542	0.20852	0.00838	0.00441	0.00123	0.00186	0.00733	0.00387	0.00343
137	0.30877	0.00973	0.08038	0.00830	0.06451	0.00969	0.00679	0.38988	0.01194	0.06533	0.00766	0.00808	0.00554	0.00397	0.00322	0.00113	0.00377	0.00286	0.00298	0.00545
138	0.00854	0.00917	0.04454	0.01007	0.01066	0.05178	0.05456	0.02828	0.00644	0.00955	0.00522	0.00817	0.00494	0.00602	0.01079	0.00154	0.72056	0.00325	0.00170	0.00423
139	0.00539	0.00360	0.00407	0.00406	0.00409	0.00360	0.00228	0.00544	0.00553	0.00739	0.03291	0.02438	0.01404	0.84759	0.01852	0.00354	0.00355	0.00543	0.00230	0.00228
140	0.00585	0.00453	0.00542	0.00509	0.00622	0.00449	0.00385	0.00907	0.16051	0.01430	0.57872	0.04522	0.12752	0.00743	0.00428	0.00120	0.00199	0.00648	0.00394	0.00388
141	0.03609	0.00953	0.01074	0.00913	0.06925	0.01036	0.00700	0.59130	0.08869	0.11496	0.00988	0.00972	0.00699	0.00442	0.00368	0.00113	0.00387	0.00343	0.00365	0.00619
142	0.01665	0.00632	0.00861	0.00660	0.00948	0.00546	0.00546	0.01809	0.01062	0.84897	0.01464	0.01263	0.00919	0.00459	0.00373	0.00115	0.00316	0.00373	0.00459	0.00632
143	0.00472	0.00376	0.00423	0.00414	0.00522	0.00327	0.00309	0.00596	0.00921	0.01186	0.34391	0.05156	0.51842	0.00876	0.00439	0.00123	0.00184	0.00747	0.00369	0.00327
144	0.01337	0.01309	0.01062	0.03088	0.04487	0.39323	0.00716	0.28901	0.08295	0.06679	0.00822	0.00859	0.00617	0.00416	0.00355	0.00106	0.00515	0.00300	0.00283	0.00529
145	0.00964	0.00778	0.00821	0.00732	0.00938	0.02986	0.00570	0.01853	0.69203	0.08070	0.07653	0.01461	0.01276	0.00516	0.00381	0.00124	0.00296	0.00430	0.00382	0.00569
146	0.00450	0.00376	0.00392	0.00388	0.00508	0.00318	0.00291	0.00554	0.00873	0.01066	0.14213	0.03469	0.73997	0.00917	0.00439	0.00124	0.00186	0.00769	0.00353	0.00318
147	0.01489	0.00706	0.00882	0.00699	0.00971	0.00682	0.00570	0.09865	0.18062	0.59757	0.01417	0.01252	0.00934	0.00467	0.00374	0.00117	0.00320	0.00379	0.00434	0.00623
148	0.01214	0.00824	0.01069	0.00827	0.01091	0.00859	0.12351	0.35727	0.09286	0.16600	0.01086	0.01102	0.00774	0.00433	0.00363	0.00111	0.00373	0.00366	0.14982	0.00561
149	0.00464	0.00377	0.00411	0.00402	0.00517	0.00324	0.00302	0.00581	0.00906	0.01144	0.27225	0.03340	0.60936	0.00887	0.00438	0.00123	0.00184	0.00751	0.00363	0.00324
150	0.01411	0.01040	0.01114	0.00854	0.01151	0.01151	0.00706	0.83402	0.01745	0.02339	0.00891	0.00891	0.00631	0.00446	0.00371	0.00111	0.00408	0.00334	0.00371	0.00631
151	0.00452	0.00323	0.00431	0.00517	0.00538	0.00301	0.00345	0.00517	0.00711	0.00948	0.02046	0.86713	0.02455	0.01163	0.00474	0.00151	0.00215	0.01055	0.00345	0.00301
152	0.04379	0.00634	0.00852	0.00655	0.00940	0.00554	0.00541	0.01787	0.01049	0.82327	0.01435	0.01243	0.00903	0.00456	0.00369	0.00115	0.00315	0.00368	0.00452	0.00625
153	0.00930	0.00547	0.00653	0.00558	0.00739	0.00521	0.00440	0.10637	0.06325	0.23403	0.25354	0.03439	0.23562	0.00681	0.00410	0.00119	0.00251	0.00572	0.00398	0.00462
154	0.76939	0.00811	0.00623	0.00547	0.00780	0.06317	0.00446	0.07604	0.00747	0.01670	0.00550	0.00630	0.00425	0.00355	0.00248	0.00113	0.00321	0.00214	0.00238	0.00422
155	0.00528	0.00396	0.00584	0.00584	0.00649	0.00456	0.00450	0.00655	0.00601	0.00860	0.01071	0.01549	0.03054	0.06011	0.80086	0.00575	0.00949	0.00413	0.00204	0.00327
156	0.00770	0.00660	0.00770	0.00550	0.00880	0.00495	0.00440	0.00935	0.00770	0.01210	0.00660	0.00770	0.00550	0.00275	0.00275	0.00055	0.00275	0.00220	0.00220	0.89224
157	0.00923	0.00797	0.00839	0.00755	0.00965	0.00923	0.00588	0.01972	0.83969	0.01553	0.01511	0.01385	0.01133	0.00504	0.00378	0.00126	0.00294	0.00420	0.00378	0.00588
158	0.00464	0.00344	0.00436	0.00502	0.00544	0.00320	0.00342	0.00561	0.02786	0.00988	0.05077	0.70597	0.13462	0.01103	0.00465	0.00146	0.00212	0.00990	0.00348	0.00312
159	0.00790	0.00648	0.00762	0.00550	0.00869	0.00491	0.00440	0.00955	0.00790	0.04019	0.03945	0.00864	0.00677	0.00300	0.00285	0.00059	0.00272	0.00243	0.00235	0.82805
160	0.01492	0.00909	0.01033	0.00792	0.01086	0.00957	0.00654	0.57271	0.01527	0.28779	0.01075	0.01010	0.00723	0.00450	0.00372	0.00113	0.00379	0.00347	0.00400	0.00631
161	0.00525	0.00379	0.00496	0.00467	0.00555	0.00350	0.00350	0.00700	0.01051	0.01488	0.84444	0.02773	0.03502	0.00759	0.00438	0.00117	0.00175	0.00671	0.00409	0.00350
162	0.70838	0.00756	0.00636	0.00543	0.00784	0.00856	0.00446	0.13448	0.00809	0.01734	0.00653	0.00720	0.02357	0.00371	0.00258	0.00112	0.00303	0.00235	0.00253	0.03889
163	0.00812	0.00812	0.01137	0.00975	0.00975	0.01137	0.00812	0.00893	0.00568	0.00893	0.00487	0.00812	0.00487	0.00650	0.01218	0.00162	0.86276	0.00325	0.00162	0.00406
164	0.01157	0.00942	0.01124	0.00886	0.01145	0.04598	0.11493	0.46293	0.14089	0.01843	0.01926	0.04413	0.02862	0.00499	0.00410	0.02365	0.00407	0.00399	0.02592	0.00556
165	0.00479	0.00359	0.00444	0.00461	0.00536	0.00324	0.00331	0.00596	0.00884	0.01183	0.36150	0.31434	0.23581	0.00942	0.00450	0.00130	0.00192	0.00830	0.00371	0.00324
166	0.00479	0.00378	0.00433	0.00419	0.00526	0.00331	0.00314	0.00612	0.00942	0.01231	0.41726	0.03196	0.46381	0.00855	0.00438	0.00121	0.00182	0.00731	0.00375	0.00331
167	0.01387	0.01769	0.01052	0.00956	0.01148	0.85465	0.00717	0.01482	0.01052	0.00908	0.00574	0.00669	0.00478	0.00383	0.00335	0.00096	0.00669	0.00239	0.00191	0.00430
