[name]
unknown

[dist]
# distance from previous block
# <min> <max>
0	20

[block]
# block no. 0 follows, 73 sequences, length 18
# corresponding to MSA columns:
# 682-691,700-707
name=unknown_A
#
# <colnr> <probs for GDERKNQSTAVLIFYWHMCP>
#	G	D	E	R	K	N	Q	S	T	A	V	L	I	F	Y	W	H	M	C	P
0	0.00834	0.00652	0.00775	0.00571	0.00888	0.00500	0.00461	0.00999	0.00804	0.07221	0.00797	0.01002	0.00670	0.00333	0.00298	0.00066	0.00285	0.04692	0.00246	0.77905
1	0.00872	0.08927	0.59712	0.01004	0.01473	0.05883	0.03476	0.04702	0.06821	0.02627	0.00742	0.00832	0.00541	0.00371	0.00351	0.00115	0.00523	0.00288	0.00192	0.00548
2	0.00942	0.00933	0.15565	0.02236	0.04375	0.04047	0.08343	0.07288	0.12802	0.14291	0.06168	0.13871	0.06325	0.00580	0.00401	0.00124	0.00384	0.00506	0.00314	0.00507
3	0.00640	0.00333	0.00500	0.00500	0.00507	0.00340	0.00340	0.00507	0.00500	0.00673	0.00687	0.01174	0.00680	0.01454	0.09806	0.80285	0.00393	0.00333	0.00167	0.00180
4	0.00925	0.00756	0.00842	0.00744	0.00954	0.00847	0.02874	0.01812	0.67841	0.06205	0.05272	0.01586	0.06586	0.00541	0.00390	0.00126	0.00295	0.00457	0.00380	0.00566
5	0.01035	0.00658	0.00788	0.00658	0.00862	0.00672	0.02378	0.18263	0.15062	0.18788	0.21348	0.01821	0.07744	0.00584	0.00395	0.00118	0.00290	0.02176	0.05848	0.00512
6	0.01401	0.05312	0.01153	0.00874	0.01153	0.18948	0.00712	0.62046	0.01568	0.01988	0.00815	0.00839	0.00598	0.00431	0.00361	0.00108	0.00468	0.00311	0.00327	0.00588
7	0.01441	0.00951	0.01056	0.00816	0.01106	0.01023	0.00672	0.64356	0.03181	0.17784	0.01050	0.03078	0.00747	0.00472	0.00378	0.00115	0.00388	0.00365	0.00391	0.00629
8	0.01319	0.01628	0.01040	0.00971	0.03470	0.72064	0.00714	0.01524	0.10127	0.01000	0.00749	0.00819	0.02154	0.00409	0.00346	0.00101	0.00619	0.00275	0.00217	0.00455
9	0.02721	0.15234	0.49082	0.01104	0.05870	0.04993	0.02858	0.07298	0.04444	0.01348	0.00812	0.00955	0.00632	0.00439	0.00389	0.00132	0.00541	0.00317	0.00229	0.00600
10	0.01480	0.00674	0.00866	0.00677	0.00936	0.00635	0.00555	0.14395	0.01162	0.59293	0.09854	0.01367	0.01142	0.00497	0.00400	0.00116	0.02258	0.00400	0.02694	0.00597
11	0.00501	0.00374	0.00470	0.00527	0.00579	0.00360	0.00366	0.00656	0.07074	0.01057	0.08928	0.64166	0.09873	0.01068	0.00466	0.00146	0.00220	0.02478	0.00356	0.00333
12	0.00951	0.00886	0.01271	0.05620	0.39193	0.03953	0.06021	0.08445	0.20051	0.01351	0.00995	0.01141	0.02882	0.02711	0.00444	0.00125	0.02776	0.00376	0.00252	0.00556
13	0.00469	0.00373	0.00423	0.00436	0.00534	0.00326	0.00322	0.00578	0.00871	0.01105	0.19514	0.18910	0.49886	0.00959	0.00453	0.00131	0.00198	0.03825	0.00361	0.00323
14	0.01188	0.00863	0.00930	0.00748	0.00975	0.02097	0.00597	0.54264	0.06254	0.04098	0.01010	0.01207	0.00807	0.11956	0.06308	0.00178	0.00428	0.00375	0.05174	0.00543
15	0.00465	0.00344	0.00431	0.00487	0.00534	0.00314	0.00333	0.00545	0.00773	0.01017	0.10912	0.59816	0.17555	0.03973	0.00517	0.00151	0.00213	0.00958	0.00351	0.00309
16	0.00880	0.02829	0.03908	0.00614	0.00797	0.00595	0.00503	0.05674	0.16953	0.16421	0.35778	0.04144	0.05093	0.00705	0.03287	0.00136	0.00288	0.00534	0.00387	0.00474
17	0.14407	0.40416	0.12509	0.03032	0.01091	0.07422	0.00721	0.09439	0.02477	0.01225	0.00613	0.00697	0.00501	0.00351	0.00283	0.00096	0.00422	0.00237	0.00202	0.03859

[dist]
# distance from previous block
# <min> <max>
2	16

[block]
# block no. 1 follows, 73 sequences, length 49
# corresponding to MSA columns:
# 724-736,746-781
name=unknown_B
#
# <colnr> <probs for GDERKNQSTAVLIFYWHMCP>
#	G	D	E	R	K	N	Q	S	T	A	V	L	I	F	Y	W	H	M	C	P
0	0.04288	0.00639	0.00878	0.06016	0.01039	0.00596	0.03324	0.04661	0.01006	0.56645	0.02787	0.03806	0.03739	0.00579	0.03645	0.00136	0.01351	0.00405	0.01767	0.02695
1	0.00725	0.02622	0.00725	0.00636	0.02715	0.00580	0.02743	0.03607	0.07209	0.07360	0.20575	0.06303	0.21133	0.08045	0.00635	0.00145	0.09963	0.00579	0.00327	0.03373
2	0.01093	0.01079	0.04186	0.01121	0.04745	0.13548	0.26083	0.18052	0.13454	0.05176	0.04131	0.01086	0.01550	0.00419	0.00404	0.00117	0.01610	0.00384	0.00278	0.01486
3	0.00546	0.00364	0.00409	0.00409	0.00409	0.00364	0.00227	0.00546	0.00546	0.00727	0.01182	0.02455	0.01364	0.86815	0.01910	0.00364	0.00364	0.00546	0.00227	0.00227
4	0.03249	0.01017	0.01227	0.05415	0.15635	0.14279	0.09456	0.20261	0.02569	0.06474	0.00793	0.01983	0.00621	0.00418	0.00442	0.00114	0.08074	0.00334	0.01184	0.06454
5	0.00801	0.00666	0.00780	0.00559	0.00891	0.00501	0.00447	0.00967	0.00786	0.03378	0.00688	0.00791	0.00565	0.00283	0.00280	0.00057	0.00279	0.00226	0.00229	0.86825
6	0.00945	0.08040	0.01676	0.03585	0.00997	0.07054	0.06357	0.09856	0.18253	0.09876	0.07373	0.12201	0.10988	0.00607	0.00393	0.00121	0.00350	0.00516	0.00328	0.00484
7	0.00551	0.00369	0.00430	0.00436	0.00444	0.00372	0.00262	0.00564	0.00567	0.00757	0.01217	0.02506	0.01385	0.76695	0.05124	0.01830	0.00387	0.05635	0.00233	0.00238
8	0.00933	0.00806	0.00848	0.00764	0.00976	0.00933	0.00594	0.01994	0.83797	0.01569	0.01527	0.01400	0.01145	0.00509	0.00382	0.00127	0.00297	0.00424	0.00382	0.00594
9	0.00543	0.00413	0.00617	0.00613	0.00678	0.00486	0.00478	0.00676	0.00602	0.00872	0.00992	0.01457	0.00927	0.02759	0.83201	0.00592	0.03158	0.00400	0.00200	0.00337
10	0.00841	0.00690	0.00802	0.00578	0.00908	0.00543	0.00464	0.06120	0.00847	0.03406	0.00702	0.00798	0.00570	0.00293	0.00286	0.00061	0.00287	0.00233	0.00238	0.81329
11	0.00453	0.00378	0.00396	0.00397	0.00514	0.00320	0.00296	0.00556	0.00870	0.01063	0.12237	0.07745	0.71602	0.00942	0.00445	0.00127	0.00190	0.00794	0.00355	0.00320
12	0.00543	0.00373	0.00455	0.00455	0.00471	0.00389	0.00285	0.00575	0.00559	0.00762	0.01140	0.02221	0.01262	0.66761	0.21824	0.00421	0.00517	0.00511	0.00221	0.00253
13	0.89465	0.00726	0.00551	0.00493	0.00726	0.00842	0.00406	0.01103	0.00638	0.01683	0.00522	0.00609	0.00406	0.00348	0.00232	0.00116	0.00290	0.00203	0.00232	0.00406
14	0.00935	0.60971	0.22557	0.00777	0.01154	0.01301	0.03013	0.01168	0.03299	0.00988	0.00596	0.00684	0.00502	0.00335	0.00279	0.00092	0.00442	0.00233	0.00167	0.00504
15	0.01427	0.02361	0.03364	0.00805	0.02949	0.06135	0.00656	0.32047	0.06122	0.35109	0.04331	0.01132	0.00877	0.00460	0.00374	0.00114	0.00381	0.00362	0.00387	0.00606
16	0.00752	0.01941	0.84871	0.01069	0.01624	0.00871	0.01386	0.01188	0.00792	0.01188	0.00673	0.00792	0.00475	0.00356	0.00356	0.00119	0.00554	0.00277	0.00158	0.00554
17	0.00934	0.00944	0.03557	0.04118	0.03569	0.00925	0.46960	0.04691	0.23434	0.04089	0.01009	0.01161	0.00760	0.00393	0.00417	0.00126	0.00508	0.01612	0.00259	0.00537
18	0.00452	0.00379	0.00392	0.00391	0.00512	0.00320	0.00292	0.00554	0.00872	0.01058	0.11221	0.04911	0.75488	0.00937	0.00444	0.00126	0.00189	0.00786	0.00354	0.00320
19	0.00539	0.00374	0.00468	0.00470	0.00492	0.00392	0.00304	0.00583	0.00577	0.00790	0.02491	0.05406	0.01319	0.57926	0.25892	0.00421	0.00540	0.00526	0.00227	0.00263
20	0.89465	0.00726	0.00551	0.00493	0.00726	0.00842	0.00406	0.01103	0.00638	0.01683	0.00522	0.00609	0.00406	0.00348	0.00232	0.00116	0.00290	0.00203	0.00232	0.00406
21	0.00538	0.00395	0.00569	0.00569	0.00625	0.00451	0.00427	0.00648	0.00593	0.00846	0.01036	0.01644	0.01012	0.17345	0.70898	0.00562	0.00894	0.00427	0.00206	0.00316
22	0.00915	0.00911	0.01658	0.04041	0.65462	0.00902	0.18197	0.01158	0.00858	0.01215	0.00716	0.00948	0.00587	0.00331	0.00386	0.00115	0.00486	0.00357	0.00186	0.00572
23	0.07542	0.66903	0.01716	0.00684	0.00977	0.15026	0.00638	0.01183	0.00802	0.00947	0.00531	0.00615	0.00476	0.00334	0.00256	0.00086	0.00438	0.00207	0.00171	0.00468
24	0.00460	0.00330	0.00432	0.00513	0.00538	0.00307	0.00342	0.00524	0.00716	0.00951	0.02092	0.80563	0.05180	0.04454	0.00533	0.00160	0.00222	0.01037	0.00344	0.00302
25	0.00845	0.02890	0.10163	0.07122	0.14740	0.04257	0.11898	0.07200	0.02366	0.04987	0.18634	0.05078	0.06335	0.00521	0.00399	0.00118	0.00401	0.00470	0.01097	0.00480
26	0.00453	0.00375	0.00399	0.00412	0.00522	0.00320	0.00306	0.00550	0.00845	0.01026	0.06134	0.14201	0.68460	0.00976	0.00450	0.00131	0.00198	0.03572	0.00350	0.00317
27	0.00812	0.08134	0.07744	0.00715	0.00842	0.11730	0.00595	0.00972	0.05916	0.02569	0.01093	0.06153	0.06151	0.22823	0.00954	0.00188	0.19665	0.00435	0.02121	0.00387
28	0.00456	0.00331	0.00431	0.00511	0.00541	0.00306	0.00343	0.00524	0.00729	0.00962	0.02204	0.80027	0.08936	0.01158	0.00476	0.00150	0.00215	0.01045	0.00348	0.00306
29	0.01144	0.00585	0.00813	0.03545	0.07386	0.00554	0.03295	0.01373	0.06163	0.38021	0.14529	0.01507	0.01313	0.00492	0.00367	0.00112	0.00293	0.00420	0.17568	0.00519
30	0.00541	0.00367	0.00415	0.00418	0.00429	0.00363	0.00245	0.00554	0.00577	0.00761	0.01377	0.02596	0.06591	0.78145	0.01764	0.00342	0.00352	0.03685	0.00239	0.00237
31	0.03907	0.80867	0.03634	0.00652	0.00969	0.01445	0.00653	0.01120	0.00755	0.00916	0.00524	0.00610	0.00479	0.00329	0.00261	0.00084	0.01949	0.00205	0.00163	0.00479
32	0.01304	0.00861	0.00997	0.00790	0.01021	0.00954	0.00650	0.46503	0.01347	0.17821	0.00986	0.01019	0.00709	0.00524	0.02022	0.00127	0.12698	0.00346	0.08748	0.00573
33	0.00726	0.00573	0.02049	0.03453	0.06150	0.00571	0.00504	0.10167	0.09978	0.02995	0.25949	0.04276	0.15191	0.04958	0.05576	0.01154	0.00318	0.01495	0.03495	0.00421
34	0.01033	0.03721	0.00936	0.00786	0.01005	0.05819	0.00621	0.10119	0.62567	0.04230	0.01340	0.01258	0.01005	0.00493	0.00402	0.00123	0.03210	0.00393	0.00358	0.00581
35	0.00539	0.00368	0.00448	0.00475	0.00493	0.00367	0.00310	0.00579	0.00623	0.00828	0.01443	0.16969	0.01656	0.57368	0.03975	0.00307	0.00356	0.12373	0.00264	0.00261
36	0.00703	0.00613	0.00957	0.04280	0.35561	0.00626	0.00733	0.00910	0.05658	0.01109	0.03986	0.28619	0.01381	0.02597	0.10353	0.00188	0.00420	0.00598	0.00259	0.00450
37	0.00767	0.00652	0.00767	0.00564	0.00882	0.00496	0.00455	0.00934	0.00783	0.01216	0.00749	0.00994	0.00656	0.00325	0.00293	0.00063	0.00282	0.05341	0.00230	0.83549
38	0.00533	0.00364	0.00436	0.00446	0.00457	0.00369	0.00271	0.00558	0.00574	0.00773	0.01271	0.12816	0.01452	0.66141	0.11668	0.00366	0.00422	0.00593	0.00239	0.00250
39	0.00513	0.00370	0.00473	0.00519	0.00568	0.00355	0.00360	0.02268	0.03234	0.01110	0.18149	0.58892	0.04297	0.04497	0.00522	0.00152	0.00222	0.01878	0.01295	0.00328
40	0.02511	0.06907	0.04462	0.01079	0.10840	0.55647	0.00780	0.04664	0.07648	0.01082	0.00682	0.00771	0.00554	0.00387	0.00340	0.00102	0.00581	0.00269	0.00212	0.00481
41	0.00564	0.00397	0.00489	0.00461	0.00563	0.00367	0.00347	0.00750	0.03147	0.03200	0.62039	0.02763	0.15898	0.00760	0.00427	0.00117	0.00185	0.00661	0.06504	0.00360
42	0.01005	0.00912	0.01393	0.05738	0.61108	0.01881	0.01036	0.14510	0.06184	0.01416	0.00786	0.00954	0.00630	0.00366	0.00372	0.00113	0.00436	0.00339	0.00228	0.00592
43	0.00547	0.00390	0.00556	0.00556	0.00608	0.00440	0.00413	0.00642	0.00591	0.00845	0.01024	0.01634	0.01002	0.18034	0.63814	0.05122	0.00834	0.00423	0.02219	0.00307
44	0.07334	0.10257	0.07698	0.00841	0.03176	0.01079	0.00725	0.48899	0.05818	0.08303	0.01753	0.00916	0.00671	0.00427	0.00351	0.00111	0.00399	0.00320	0.00328	0.00592
45	0.01118	0.15932	0.23035	0.01079	0.14340	0.01978	0.02458	0.13735	0.04408	0.17060	0.00874	0.00916	0.00634	0.00387	0.00348	0.00110	0.00438	0.00310	0.00264	0.00576
46	0.00896	0.00859	0.01467	0.07313	0.74059	0.00866	0.02823	0.01119	0.00849	0.01202	0.00802	0.01066	0.02523	0.00365	0.00378	0.00114	0.00445	0.02091	0.00192	0.00570
47	0.00499	0.00374	0.00524	0.02490	0.05852	0.00359	0.00421	0.00582	0.00732	0.00978	0.01957	0.74081	0.03259	0.02261	0.00490	0.00153	0.00245	0.04084	0.00332	0.00326
48	0.02023	0.22634	0.14960	0.00919	0.08140	0.17440	0.00788	0.07181	0.02874	0.06586	0.01637	0.02749	0.02668	0.00412	0.00331	0.00102	0.00456	0.01816	0.00228	0.06057

[dist]
# distance from previous block
# <min> <max>
1	53

[block]
# block no. 2 follows, 73 sequences, length 14
# corresponding to MSA columns:
# 835-848
name=unknown_C
#
# <colnr> <probs for GDERKNQSTAVLIFYWHMCP>
#	G	D	E	R	K	N	Q	S	T	A	V	L	I	F	Y	W	H	M	C	P
0	0.00748	0.04900	0.19537	0.00653	0.00890	0.00599	0.00632	0.07253	0.02209	0.08225	0.17456	0.11920	0.19171	0.02474	0.00438	0.00128	0.00318	0.01692	0.00319	0.00438
1	0.02832	0.20133	0.16628	0.05709	0.09015	0.00820	0.00728	0.02888	0.00842	0.05047	0.11550	0.01509	0.10722	0.07472	0.00476	0.00129	0.00375	0.00404	0.00244	0.02477
2	0.01018	0.70451	0.07371	0.00767	0.04465	0.08687	0.00720	0.01161	0.00794	0.00920	0.00544	0.00634	0.00486	0.00330	0.00262	0.00086	0.00437	0.00215	0.00164	0.00487
3	0.00626	0.00462	0.00563	0.00492	0.00652	0.00390	0.00374	0.00775	0.00923	0.05198	0.37693	0.10261	0.16207	0.00697	0.00401	0.00107	0.00215	0.00604	0.00350	0.23011
4	0.00822	0.02818	0.13532	0.03035	0.26970	0.00768	0.18740	0.01071	0.01774	0.05081	0.04537	0.12626	0.03852	0.00542	0.02028	0.00131	0.00455	0.00479	0.00234	0.00502
5	0.07746	0.18015	0.14334	0.01942	0.12165	0.05256	0.03046	0.05068	0.05274	0.12203	0.03704	0.02904	0.05921	0.00440	0.00343	0.00110	0.00405	0.00352	0.00257	0.00516
6	0.00927	0.00835	0.02475	0.03330	0.44934	0.00842	0.02126	0.06486	0.17503	0.03265	0.04112	0.03491	0.00911	0.00435	0.00380	0.00116	0.00390	0.02463	0.00261	0.04717
7	0.00503	0.00356	0.00459	0.00522	0.00575	0.00328	0.00373	0.00591	0.00775	0.02997	0.05152	0.60093	0.14629	0.01095	0.00474	0.00149	0.00229	0.10027	0.00353	0.00321
8	0.00690	0.07365	0.00765	0.07798	0.02631	0.00567	0.02365	0.04805	0.05627	0.05709	0.01690	0.49264	0.03935	0.00878	0.00433	0.00138	0.00295	0.04331	0.00321	0.00392
9	0.02168	0.05950	0.28415	0.04862	0.27325	0.03543	0.02830	0.05673	0.00890	0.09234	0.00757	0.00884	0.00570	0.00369	0.00378	0.00113	0.02657	0.00307	0.00213	0.02862
10	0.00549	0.00396	0.00525	0.00571	0.04695	0.00404	0.00362	0.00624	0.00670	0.00926	0.13050	0.13526	0.01690	0.39916	0.20137	0.00341	0.00465	0.00592	0.00262	0.00298
11	0.00467	0.00334	0.00446	0.00526	0.00554	0.00312	0.00359	0.00542	0.00742	0.00993	0.06436	0.78827	0.02525	0.01148	0.00479	0.00151	0.00221	0.04276	0.00352	0.00309
12	0.00807	0.00684	0.00793	0.00569	0.00901	0.00530	0.00456	0.04592	0.00822	0.01273	0.00677	0.00783	0.00559	0.00285	0.00282	0.00058	0.00284	0.00227	0.00229	0.85187
13	0.00944	0.02514	0.28063	0.02132	0.24470	0.05490	0.02284	0.05971	0.05609	0.07137	0.02227	0.02935	0.01875	0.00401	0.00364	0.00112	0.00453	0.00340	0.00231	0.06450

[dist]
# distance from previous block
# <min> <max>
1	5

[block]
# block no. 3 follows, 73 sequences, length 16
# corresponding to MSA columns:
# 854-869
name=unknown_D
#
# <colnr> <probs for GDERKNQSTAVLIFYWHMCP>
#	G	D	E	R	K	N	Q	S	T	A	V	L	I	F	Y	W	H	M	C	P
0	0.00582	0.00473	0.00528	0.00503	0.00633	0.00463	0.00384	0.00912	0.18406	0.01306	0.31485	0.02881	0.35889	0.00796	0.00432	0.00125	0.00213	0.03221	0.00378	0.00389
1	0.00643	0.00452	0.00540	0.00511	0.00606	0.00447	0.00371	0.08447	0.01937	0.04369	0.20787	0.12621	0.16818	0.19403	0.10152	0.00229	0.00345	0.00640	0.00328	0.00353
2	0.04333	0.05297	0.01295	0.06126	0.44870	0.03122	0.03705	0.07308	0.08978	0.01285	0.00877	0.05780	0.00768	0.04128	0.00434	0.00126	0.00420	0.00382	0.00230	0.00536
3	0.01038	0.66186	0.06717	0.00706	0.01028	0.04372	0.00693	0.08790	0.05494	0.01078	0.00624	0.00688	0.00533	0.00348	0.00271	0.00089	0.00415	0.00232	0.00194	0.00505
4	0.00762	0.01884	0.80361	0.01136	0.06107	0.00872	0.01373	0.01186	0.00795	0.01190	0.00675	0.00799	0.00482	0.00355	0.00357	0.00118	0.00549	0.00280	0.00160	0.00557
5	0.04702	0.01028	0.21382	0.00828	0.02148	0.05323	0.06544	0.05977	0.04516	0.20435	0.06603	0.06240	0.07188	0.00514	0.00381	0.00118	0.00397	0.01445	0.00304	0.03925
6	0.01171	0.00981	0.08209	0.03894	0.34907	0.00857	0.11555	0.04787	0.01018	0.18724	0.03769	0.06182	0.00978	0.00517	0.00446	0.00142	0.00474	0.00449	0.00312	0.00627
7	0.00652	0.00326	0.00489	0.00489	0.00489	0.00326	0.00326	0.00489	0.00489	0.00652	0.00652	0.01140	0.00652	0.01303	0.01466	0.89084	0.00326	0.00326	0.00163	0.00163
8	0.00648	0.00578	0.03861	0.08106	0.00889	0.04126	0.02808	0.00876	0.07139	0.03880	0.28887	0.17317	0.13478	0.00771	0.00433	0.00129	0.00286	0.05060	0.00341	0.00388
9	0.00947	0.43370	0.21259	0.02713	0.11047	0.03924	0.04439	0.02153	0.00806	0.02372	0.00613	0.00735	0.00507	0.00349	0.00335	0.00100	0.03388	0.00258	0.00173	0.00512
10	0.02286	0.00787	0.02502	0.01143	0.19756	0.00762	0.09929	0.10287	0.10404	0.24341	0.03005	0.02317	0.05845	0.00474	0.00388	0.00119	0.00379	0.02247	0.02469	0.00562
11	0.00610	0.00443	0.00544	0.12135	0.00799	0.00452	0.00403	0.03518	0.02335	0.02486	0.08609	0.07349	0.21148	0.27170	0.00863	0.00195	0.00297	0.00584	0.09729	0.00330
12	0.00973	0.05587	0.16808	0.01203	0.17362	0.04386	0.09537	0.06119	0.10531	0.08880	0.04084	0.03954	0.00824	0.00449	0.00448	0.00121	0.07569	0.00376	0.00252	0.00537
13	0.03081	0.18756	0.22880	0.03846	0.21323	0.03269	0.02387	0.01194	0.00830	0.10972	0.00839	0.04586	0.01572	0.01471	0.00373	0.00114	0.01429	0.00332	0.00216	0.00528
14	0.00837	0.11245	0.65988	0.00969	0.01470	0.00900	0.01201	0.01205	0.00805	0.06118	0.00704	0.00799	0.00507	0.00355	0.00340	0.00111	0.00508	0.00272	0.00180	0.05485
15	0.02985	0.00955	0.06289	0.17713	0.21457	0.08445	0.15186	0.05987	0.00881	0.04384	0.00803	0.04278	0.00678	0.05217	0.00493	0.00133	0.03031	0.00380	0.00213	0.00491

[dist]
# distance from previous block
# <min> <max>
10	26

[block]
# block no. 4 follows, 73 sequences, length 12
# corresponding to MSA columns:
# 908-919
name=unknown_E
#
# <colnr> <probs for GDERKNQSTAVLIFYWHMCP>
#	G	D	E	R	K	N	Q	S	T	A	V	L	I	F	Y	W	H	M	C	P
0	0.03484	0.25546	0.27339	0.00983	0.06388	0.04975	0.06934	0.06201	0.02135	0.04669	0.01880	0.02148	0.00622	0.00394	0.00368	0.00109	0.03840	0.01262	0.00205	0.00518
1	0.00952	0.08000	0.20863	0.01076	0.09781	0.05730	0.09789	0.07279	0.18947	0.03920	0.00954	0.01048	0.02112	0.02285	0.00427	0.00121	0.03357	0.00347	0.00247	0.02766
2	0.00602	0.00401	0.00504	0.00493	0.00545	0.00419	0.00340	0.02381	0.00642	0.03907	0.01289	0.03854	0.05706	0.42116	0.30473	0.00401	0.00563	0.00501	0.04563	0.00301
3	0.07053	0.06968	0.12891	0.00794	0.03657	0.02368	0.03084	0.06142	0.10405	0.22197	0.12160	0.02701	0.03511	0.00499	0.00403	0.00118	0.03803	0.00401	0.00323	0.00524
4	0.00493	0.00381	0.00450	0.00441	0.00543	0.00339	0.00331	0.00631	0.00956	0.01265	0.44775	0.06132	0.37912	0.00867	0.00446	0.00124	0.00189	0.03006	0.00381	0.00336
5	0.00607	0.00456	0.00639	0.04587	0.00748	0.00526	0.00476	0.05160	0.00659	0.00927	0.00986	0.01557	0.00951	0.16847	0.57225	0.02862	0.03825	0.00415	0.00211	0.00335
6	0.05201	0.00841	0.01415	0.14520	0.63644	0.00869	0.03780	0.01108	0.00826	0.01202	0.00724	0.02879	0.00613	0.00360	0.00370	0.00115	0.00447	0.00348	0.00189	0.00549
7	0.03806	0.00509	0.00640	0.00581	0.00711	0.00504	0.04797	0.04314	0.09164	0.05767	0.17426	0.08419	0.17590	0.13851	0.02276	0.00173	0.00297	0.06744	0.02047	0.00384
8	0.04583	0.13092	0.01244	0.09845	0.14676	0.24136	0.01832	0.12109	0.06696	0.01252	0.00711	0.00829	0.00571	0.00382	0.00352	0.00104	0.02064	0.00287	0.00224	0.05011
9	0.00543	0.00366	0.00457	0.00492	0.00554	0.00335	0.00343	0.00624	0.00779	0.05558	0.09708	0.47117	0.17334	0.10650	0.00625	0.00167	0.00235	0.03444	0.00347	0.00322
10	0.07526	0.04775	0.01254	0.03573	0.17275	0.11141	0.11781	0.17268	0.05131	0.05843	0.01902	0.03281	0.00715	0.00546	0.05004	0.00141	0.01706	0.00357	0.00258	0.00523
11	0.06837	0.37862	0.06915	0.00914	0.09879	0.09085	0.03273	0.10724	0.02969	0.01220	0.03891	0.03477	0.00705	0.00396	0.00311	0.00100	0.00426	0.00298	0.00218	0.00500

[dist]
# distance from previous block
# <min> <max>
0	9

[block]
# block no. 5 follows, 73 sequences, length 23
# corresponding to MSA columns:
# 929-951
name=unknown_F
#
# <colnr> <probs for GDERKNQSTAVLIFYWHMCP>
#	G	D	E	R	K	N	Q	S	T	A	V	L	I	F	Y	W	H	M	C	P
0	0.19377	0.00570	0.00611	0.00537	0.00711	0.00583	0.01895	0.05839	0.07835	0.13140	0.06066	0.03476	0.18151	0.08630	0.00500	0.00141	0.00276	0.01501	0.09739	0.00424
1	0.00888	0.00810	0.04095	0.09116	0.28280	0.03781	0.00807	0.02825	0.00945	0.02170	0.11176	0.17681	0.05591	0.00766	0.03607	0.00162	0.00429	0.00572	0.00306	0.05995
2	0.00883	0.03956	0.27142	0.09304	0.27110	0.04135	0.07431	0.01220	0.06106	0.04317	0.02306	0.02053	0.00680	0.00387	0.00372	0.00117	0.00483	0.01250	0.00206	0.00540
3	0.00480	0.00344	0.00439	0.00505	0.00537	0.00324	0.00343	0.00545	0.00714	0.00939	0.02074	0.60710	0.09268	0.14293	0.00698	0.00184	0.00247	0.06730	0.00330	0.00297
4	0.00808	0.00787	0.01033	0.00904	0.00933	0.04498	0.01853	0.00941	0.05745	0.00941	0.00729	0.07580	0.00737	0.02585	0.01088	0.04159	0.62531	0.01550	0.00197	0.00400
5	0.02001	0.09607	0.07878	0.34707	0.22130	0.00894	0.05211	0.02518	0.03116	0.01099	0.00792	0.06954	0.00682	0.00416	0.00368	0.00118	0.00458	0.00374	0.00195	0.00483
6	0.00709	0.00667	0.01125	0.85913	0.02584	0.00834	0.01042	0.00959	0.00750	0.00959	0.00667	0.01000	0.00500	0.00375	0.00375	0.00125	0.00500	0.00333	0.00167	0.00417
7	0.00494	0.00370	0.00462	0.00511	0.00581	0.00341	0.00382	0.00599	0.00815	0.01056	0.10835	0.36462	0.24281	0.03432	0.00514	0.00152	0.00237	0.17806	0.00351	0.00319
8	0.00877	0.01053	0.07238	0.03462	0.08205	0.00937	0.70052	0.01192	0.00874	0.01197	0.00748	0.00992	0.00564	0.00321	0.00431	0.00125	0.00611	0.00422	0.00187	0.00514
9	0.00479	0.00404	0.00416	0.00413	0.00537	0.00356	0.00308	0.00633	0.05969	0.01056	0.06014	0.06939	0.71871	0.02352	0.00465	0.00131	0.00200	0.00773	0.00350	0.00333
10	0.00514	0.00351	0.00418	0.00449	0.00457	0.00343	0.00270	0.00537	0.00607	0.00809	0.01497	0.32322	0.01761	0.56407	0.01402	0.00289	0.00312	0.00731	0.00270	0.00255
11	0.00921	0.00688	0.00758	0.00652	0.00833	0.03053	0.00512	0.19207	0.21624	0.06698	0.35908	0.01882	0.03292	0.00604	0.00404	0.00118	0.00281	0.00508	0.01563	0.00494
12	0.00481	0.00354	0.00460	0.00520	0.00569	0.00320	0.00354	0.00555	0.00727	0.00980	0.02018	0.77295	0.05032	0.01100	0.00462	0.00144	0.00221	0.00993	0.00339	0.07076
13	0.00473	0.00334	0.00436	0.00510	0.00530	0.00316	0.00337	0.00532	0.00697	0.00928	0.01938	0.72451	0.02312	0.13585	0.00687	0.00183	0.00242	0.02884	0.00331	0.00294
14	0.00540	0.00365	0.00426	0.00431	0.00438	0.00369	0.00253	0.00554	0.00560	0.00752	0.01217	0.06999	0.01391	0.75338	0.08554	0.00371	0.00407	0.00563	0.00232	0.00240
15	0.00443	0.00380	0.00380	0.00380	0.00507	0.00317	0.00285	0.00538	0.00855	0.01014	0.03801	0.03611	0.84322	0.00950	0.00443	0.00127	0.00190	0.00792	0.00348	0.00317
16	0.00762	0.05028	0.81863	0.01054	0.01600	0.00894	0.01359	0.01186	0.00791	0.01177	0.00668	0.00785	0.00475	0.00355	0.00352	0.00117	0.00549	0.00274	0.00158	0.00552
17	0.15422	0.00712	0.00858	0.00669	0.00951	0.00686	0.00552	0.13502	0.01105	0.59772	0.01246	0.01118	0.00805	0.00444	0.00354	0.00116	0.00328	0.00344	0.00415	0.00602
18	0.39455	0.00676	0.00733	0.00593	0.00858	0.00676	0.00489	0.01516	0.00886	0.48998	0.01068	0.00990	0.00704	0.00414	0.00315	0.00116	0.00307	0.00302	0.00364	0.00539
19	0.01349	0.01051	0.01080	0.00853	0.01134	0.05499	0.00695	0.66414	0.14415	0.02166	0.00981	0.00966	0.00708	0.00456	0.00374	0.00114	0.00409	0.00346	0.00367	0.00621
20	0.00537	0.00396	0.00573	0.00571	0.00632	0.00449	0.00433	0.00657	0.00624	0.00893	0.06165	0.01675	0.01150	0.12882	0.69967	0.00544	0.00876	0.00436	0.00217	0.00323
21	0.00444	0.00378	0.00383	0.00386	0.00508	0.00316	0.00288	0.00538	0.00849	0.01011	0.03723	0.07339	0.80644	0.00960	0.00445	0.00128	0.00191	0.00804	0.00348	0.00316
22	0.01012	0.71801	0.04878	0.00750	0.01075	0.07017	0.06922	0.01157	0.00793	0.00920	0.00549	0.00645	0.00488	0.00326	0.00267	0.00086	0.00443	0.00224	0.00165	0.00483

[dist]
# distance from previous block
# <min> <max>
0	1

[block]
# block no. 6 follows, 73 sequences, length 13
# corresponding to MSA columns:
# 953-965
name=unknown_G
#
# <colnr> <probs for GDERKNQSTAVLIFYWHMCP>
#	G	D	E	R	K	N	Q	S	T	A	V	L	I	F	Y	W	H	M	C	P
0	0.00977	0.11459	0.34006	0.00872	0.01227	0.02071	0.03857	0.05070	0.06267	0.15662	0.01001	0.04389	0.02794	0.02390	0.01631	0.00130	0.05058	0.00357	0.00252	0.00530
1	0.03353	0.16042	0.14101	0.01066	0.12132	0.13454	0.04227	0.12347	0.10752	0.04585	0.00793	0.00871	0.00615	0.00396	0.00376	0.00110	0.03701	0.00302	0.00238	0.00537
2	0.00982	0.79982	0.08842	0.00677	0.01018	0.01434	0.00704	0.01129	0.00765	0.00908	0.00534	0.00618	0.00481	0.00324	0.00250	0.00083	0.00414	0.00207	0.00160	0.00488
3	0.00957	0.24159	0.17490	0.00830	0.05358	0.04032	0.02036	0.09323	0.00897	0.03957	0.00687	0.00795	0.00552	0.01629	0.00330	0.00092	0.00409	0.00258	0.00213	0.25995
4	0.06835	0.02393	0.00846	0.09817	0.06246	0.18381	0.00618	0.08377	0.00935	0.05511	0.05044	0.22512	0.05287	0.00657	0.00407	0.00124	0.01790	0.03510	0.00284	0.00425
5	0.00652	0.00326	0.00489	0.00489	0.00489	0.00326	0.00326	0.00489	0.00489	0.00652	0.00652	0.01140	0.00652	0.01303	0.01466	0.89084	0.00326	0.00326	0.00163	0.00163
6	0.00913	0.32797	0.37526	0.02701	0.01309	0.04759	0.02500	0.06577	0.02436	0.01156	0.03646	0.00817	0.00614	0.00368	0.00320	0.00104	0.00476	0.00273	0.00189	0.00518
7	0.00472	0.00364	0.00426	0.00448	0.00526	0.00326	0.00318	0.00568	0.00826	0.01065	0.17606	0.29159	0.37286	0.06102	0.02625	0.00159	0.00227	0.00833	0.00349	0.00315
8	0.00539	0.00388	0.00531	0.00529	0.00574	0.00427	0.00380	0.00629	0.00605	0.00852	0.05115	0.01879	0.01212	0.31835	0.52282	0.00496	0.00742	0.00465	0.00220	0.00299
9	0.00609	0.00403	0.00507	0.00506	0.00586	0.00384	0.00368	0.00743	0.05827	0.05584	0.24186	0.20309	0.14982	0.06305	0.00680	0.12450	0.00243	0.04657	0.00341	0.00333
10	0.00680	0.00496	0.00589	0.00583	0.00695	0.00503	0.00445	0.07935	0.12713	0.03615	0.12782	0.27542	0.12134	0.03072	0.00481	0.00144	0.00261	0.12423	0.02509	0.00397
11	0.00547	0.00403	0.00563	0.02809	0.00635	0.00428	0.02540	0.00636	0.00643	0.00892	0.08846	0.08183	0.01435	0.34743	0.34617	0.00408	0.00600	0.00531	0.00240	0.00300
12	0.01106	0.03623	0.14949	0.04656	0.20671	0.36474	0.03909	0.03847	0.05187	0.01122	0.00691	0.00821	0.00550	0.00373	0.00355	0.00108	0.00560	0.00291	0.00199	0.00509

[dist]
# distance from previous block
# <min> <max>
2	12

[block]
# block no. 7 follows, 73 sequences, length 18
# corresponding to MSA columns:
# 982-999
name=unknown_H
#
# <colnr> <probs for GDERKNQSTAVLIFYWHMCP>
#	G	D	E	R	K	N	Q	S	T	A	V	L	I	F	Y	W	H	M	C	P
0	0.01033	0.02687	0.11049	0.02684	0.15805	0.04747	0.24881	0.17417	0.04494	0.05445	0.02735	0.01009	0.00691	0.00384	0.00386	0.00116	0.00490	0.00367	0.03031	0.00549
1	0.00551	0.00364	0.00392	0.00395	0.00470	0.00340	0.00274	0.00651	0.00767	0.01093	0.08686	0.08289	0.27765	0.21490	0.00746	0.00173	0.00228	0.00612	0.26405	0.00307
2	0.00649	0.00415	0.00501	0.00467	0.00596	0.00365	0.00357	0.00783	0.00959	0.12543	0.34614	0.06741	0.36319	0.00825	0.00437	0.00124	0.00207	0.02334	0.00389	0.00375
3	0.85868	0.00722	0.00565	0.00501	0.00735	0.00830	0.00412	0.01133	0.00656	0.05086	0.00562	0.00637	0.00428	0.00353	0.00238	0.00116	0.00291	0.00210	0.00242	0.00416
4	0.00540	0.00376	0.00475	0.00477	0.00500	0.00398	0.00312	0.00587	0.00569	0.00782	0.01146	0.04330	0.01250	0.56331	0.29916	0.00439	0.00575	0.00511	0.00222	0.00266
5	0.01200	0.00669	0.00786	0.00647	0.00868	0.00680	0.00519	0.16825	0.16334	0.30593	0.11546	0.01436	0.01241	0.00503	0.00368	0.00113	0.00292	0.00411	0.14418	0.00549
6	0.00957	0.00818	0.00862	0.00768	0.00985	0.00944	0.00600	0.05927	0.79825	0.01608	0.01497	0.01376	0.01121	0.00506	0.00381	0.00127	0.00303	0.00420	0.00381	0.00596
7	0.03473	0.00633	0.00749	0.00635	0.00844	0.00643	0.00504	0.04179	0.26856	0.31123	0.16940	0.01582	0.01465	0.00529	0.00377	0.00117	0.00275	0.00440	0.08094	0.00540
8	0.00536	0.00402	0.00603	0.00603	0.00670	0.00469	0.00469	0.00670	0.00603	0.00871	0.01005	0.01474	0.00938	0.02814	0.85328	0.00603	0.01005	0.00402	0.00201	0.00335
9	0.01082	0.01105	0.05313	0.06590	0.23683	0.16174	0.10235	0.20510	0.01097	0.01417	0.00787	0.01007	0.00633	0.00398	0.00374	0.00112	0.00494	0.03227	0.02287	0.03473
10	0.00556	0.00416	0.00599	0.00594	0.00652	0.00486	0.00456	0.00677	0.00612	0.00892	0.01051	0.05624	0.01019	0.08430	0.66591	0.00515	0.05600	0.00438	0.04462	0.00331
11	0.00627	0.00332	0.00474	0.00477	0.00478	0.00331	0.00311	0.00499	0.00507	0.00676	0.00792	0.04724	0.00837	0.14903	0.01498	0.71456	0.00328	0.00390	0.00180	0.00179
12	0.00818	0.02092	0.01172	0.14293	0.39132	0.04612	0.02291	0.01824	0.01796	0.01071	0.01809	0.03799	0.00760	0.05672	0.10951	0.03908	0.02955	0.00378	0.00198	0.00469
13	0.00546	0.00409	0.00590	0.00585	0.00640	0.00474	0.00443	0.00658	0.00593	0.00850	0.01016	0.01604	0.00990	0.15647	0.69916	0.00553	0.03539	0.00422	0.00204	0.00321
14	0.04597	0.06317	0.10533	0.06705	0.06434	0.06523	0.03490	0.03939	0.02475	0.02460	0.01114	0.15803	0.05044	0.00529	0.00360	0.00108	0.00376	0.02163	0.00245	0.20786
15	0.59861	0.03733	0.00733	0.00602	0.00841	0.10786	0.00489	0.07042	0.04394	0.05583	0.00649	0.00708	0.00495	0.00370	0.00270	0.00111	0.00349	0.00235	0.00253	0.02498
16	0.15350	0.00760	0.00900	0.00743	0.02230	0.03309	0.04513	0.15074	0.05303	0.32145	0.03867	0.02247	0.00911	0.05853	0.00488	0.00135	0.03422	0.01866	0.00352	0.00533
17	0.01005	0.07595	0.22356	0.02151	0.11701	0.01815	0.10107	0.08507	0.01993	0.14517	0.02766	0.01109	0.05197	0.00409	0.00365	0.00110	0.00437	0.00353	0.00257	0.07250

[dist]
# distance from previous block
# <min> <max>
6	31

[block]
# block no. 8 follows, 73 sequences, length 30
# corresponding to MSA columns:
# 1033-1062
name=unknown_I
#
# <colnr> <probs for GDERKNQSTAVLIFYWHMCP>
#	G	D	E	R	K	N	Q	S	T	A	V	L	I	F	Y	W	H	M	C	P
0	0.00758	0.01530	0.04184	0.02429	0.05252	0.02764	0.08311	0.04569	0.08818	0.05126	0.06547	0.16448	0.08658	0.02261	0.13066	0.00199	0.03287	0.00547	0.00286	0.04959
1	0.00897	0.01015	0.13550	0.05432	0.18910	0.06315	0.11856	0.10260	0.04432	0.02299	0.01806	0.06788	0.00807	0.04035	0.07196	0.00168	0.03098	0.00405	0.00230	0.00500
2	0.00706	0.00556	0.00758	0.02402	0.09005	0.00584	0.03600	0.07014	0.08622	0.02033	0.11789	0.06609	0.08215	0.14577	0.16491	0.01904	0.01769	0.00516	0.02449	0.00399
3	0.00789	0.00745	0.01123	0.66639	0.07872	0.03773	0.00985	0.03384	0.08912	0.01074	0.00757	0.01020	0.00573	0.00388	0.00374	0.00123	0.00480	0.00339	0.00196	0.00453
4	0.16385	0.00852	0.02753	0.02428	0.28135	0.07170	0.01812	0.05758	0.00928	0.20105	0.01110	0.02263	0.06827	0.00442	0.00356	0.00115	0.00389	0.01361	0.00283	0.00530
5	0.00891	0.00853	0.01455	0.16596	0.70475	0.00882	0.01133	0.01118	0.00836	0.01180	0.00699	0.00941	0.00578	0.00341	0.00372	0.00114	0.00455	0.00334	0.00182	0.00564
6	0.00448	0.00376	0.00390	0.00395	0.00512	0.00317	0.00293	0.00544	0.00853	0.01029	0.06969	0.10281	0.74388	0.00961	0.00446	0.00128	0.00192	0.00809	0.00351	0.00317
7	0.01426	0.01051	0.01126	0.00863	0.01163	0.01163	0.00713	0.83224	0.01764	0.02364	0.00901	0.00901	0.00638	0.00450	0.00375	0.00113	0.00413	0.00338	0.00375	0.00638
8	0.00886	0.01012	0.02214	0.01581	0.01961	0.00949	0.83112	0.01202	0.00886	0.01202	0.00759	0.01012	0.00569	0.00316	0.00443	0.00127	0.00633	0.00443	0.00190	0.00506
9	0.00543	0.00365	0.00419	0.00420	0.00426	0.00365	0.00242	0.00555	0.00569	0.00765	0.04098	0.04384	0.01452	0.79105	0.04527	0.00358	0.00375	0.00558	0.00236	0.00237
10	0.00477	0.00365	0.00439	0.00463	0.00544	0.00327	0.00336	0.00586	0.00863	0.01125	0.23808	0.31012	0.33115	0.00981	0.00458	0.00135	0.00202	0.04075	0.00365	0.00323
11	0.00472	0.00381	0.00420	0.00410	0.00524	0.00329	0.00308	0.00594	0.00923	0.01175	0.30194	0.03346	0.57829	0.00890	0.00443	0.00124	0.00186	0.00755	0.00370	0.00329
12	0.00492	0.00345	0.00435	0.00492	0.00512	0.00331	0.00321	0.00543	0.00671	0.00892	0.01806	0.53826	0.03771	0.28098	0.02152	0.00226	0.00280	0.04215	0.00308	0.00283
13	0.00778	0.00667	0.00778	0.00556	0.00889	0.00500	0.00445	0.00945	0.00778	0.01223	0.00667	0.00778	0.00556	0.00278	0.00278	0.00056	0.00278	0.00222	0.00222	0.89108
14	0.00783	0.00696	0.00790	0.00624	0.00892	0.04027	0.02394	0.01054	0.11081	0.01231	0.03394	0.01356	0.07131	0.00434	0.00350	0.00085	0.02106	0.05731	0.00262	0.55581
15	0.00570	0.02199	0.00634	0.00595	0.00646	0.00523	0.00450	0.00670	0.00594	0.00846	0.01010	0.03393	0.01011	0.19843	0.57466	0.00496	0.08092	0.00435	0.00206	0.00322
16	0.00886	0.01012	0.02214	0.01581	0.01961	0.00949	0.83112	0.01202	0.00886	0.01202	0.00759	0.01012	0.00569	0.00316	0.00443	0.00127	0.00633	0.00443	0.00190	0.00506
17	0.49775	0.00906	0.00848	0.04626	0.05723	0.10554	0.02949	0.12273	0.00877	0.04488	0.00636	0.00735	0.00487	0.00381	0.00324	0.00115	0.03336	0.00256	0.00246	0.00463
18	0.02650	0.00945	0.02434	0.06076	0.40191	0.07713	0.18067	0.03252	0.02105	0.04128	0.01809	0.03906	0.00694	0.00392	0.00407	0.00117	0.02747	0.00378	0.01457	0.00531
19	0.50825	0.00841	0.03174	0.05261	0.09521	0.03625	0.02986	0.11593	0.00838	0.01585	0.00682	0.04733	0.00568	0.00406	0.00315	0.00118	0.01935	0.00293	0.00242	0.00459
20	0.00699	0.00656	0.00866	0.00792	0.00809	0.02948	0.00626	0.00777	0.00647	0.00930	0.03671	0.24776	0.03018	0.05342	0.02098	0.00173	0.50008	0.00564	0.00231	0.00367
21	0.89465	0.00726	0.00551	0.00493	0.00726	0.00842	0.00406	0.01103	0.00638	0.01683	0.00522	0.00609	0.00406	0.00348	0.00232	0.00116	0.00290	0.00203	0.00232	0.00406
22	0.12267	0.00884	0.01103	0.07209	0.07972	0.00947	0.06537	0.37716	0.04359	0.14578	0.00927	0.00982	0.00665	0.01709	0.00385	0.00120	0.00403	0.00340	0.00325	0.00572
23	0.02398	0.03353	0.12839	0.04144	0.12232	0.07904	0.11327	0.04263	0.06028	0.03993	0.01052	0.11475	0.03705	0.00584	0.02490	0.01398	0.06769	0.00440	0.03129	0.00476
24	0.00492	0.00351	0.00444	0.00507	0.00533	0.00337	0.00337	0.00570	0.02502	0.00930	0.01906	0.61309	0.04208	0.19446	0.00783	0.00197	0.00255	0.04273	0.00323	0.00296
25	0.00536	0.00402	0.00603	0.00603	0.00670	0.00469	0.00469	0.00670	0.00603	0.00871	0.01005	0.01474	0.00938	0.02814	0.85328	0.00603	0.01005	0.00402	0.00201	0.00335
26	0.01163	0.04779	0.09236	0.04037	0.07109	0.30312	0.09695	0.15282	0.08212	0.03606	0.00809	0.02622	0.00636	0.00409	0.00365	0.00110	0.00530	0.00327	0.00245	0.00517
27	0.04753	0.00777	0.00988	0.07051	0.06299	0.00841	0.02049	0.17141	0.15378	0.26901	0.01131	0.02702	0.00820	0.00478	0.00452	0.00122	0.08435	0.00374	0.02745	0.00565
28	0.00493	0.00366	0.00434	0.00468	0.00549	0.00325	0.00337	0.00586	0.00820	0.03026	0.09589	0.38787	0.37530	0.01023	0.00460	0.00139	0.00210	0.04181	0.00356	0.00324
29	0.00626	0.00421	0.00531	0.00510	0.00592	0.00429	0.00376	0.03087	0.02055	0.05012	0.16492	0.02250	0.10202	0.22455	0.24743	0.00316	0.00479	0.03619	0.05468	0.00338

[dist]
# distance from previous block
# <min> <max>
0	3

[block]
# block no. 9 follows, 73 sequences, length 36
# corresponding to MSA columns:
# 1066-1101
name=unknown_J
#
# <colnr> <probs for GDERKNQSTAVLIFYWHMCP>
#	G	D	E	R	K	N	Q	S	T	A	V	L	I	F	Y	W	H	M	C	P
0	0.05827	0.28225	0.12587	0.01057	0.14053	0.14064	0.02995	0.13444	0.02284	0.01265	0.00658	0.00758	0.00530	0.00361	0.00318	0.00101	0.00471	0.00268	0.00209	0.00523
1	0.01782	0.03020	0.07705	0.02965	0.04788	0.07382	0.08016	0.08600	0.05762	0.01220	0.09674	0.06520	0.04409	0.01825	0.19276	0.00230	0.04497	0.00447	0.01443	0.00439
2	0.00632	0.00332	0.00480	0.00483	0.00484	0.00333	0.00318	0.00500	0.00504	0.00673	0.00759	0.03526	0.00790	0.11465	0.03211	0.74443	0.00341	0.00373	0.00176	0.00178
3	0.00700	0.01702	0.00717	0.01855	0.03062	0.04086	0.03578	0.01814	0.04180	0.02057	0.02733	0.44416	0.05406	0.08327	0.04810	0.00199	0.02987	0.06645	0.00333	0.00395
4	0.07235	0.02190	0.05562	0.07349	0.26522	0.05766	0.13517	0.09136	0.03084	0.14727	0.00851	0.00963	0.00629	0.00376	0.00370	0.00115	0.00458	0.00341	0.00255	0.00554
5	0.01016	0.58950	0.06442	0.02723	0.05965	0.07625	0.06746	0.02457	0.01920	0.02263	0.00599	0.00701	0.00513	0.00336	0.00286	0.00091	0.00450	0.00244	0.00177	0.00495
6	0.01890	0.21368	0.13209	0.03902	0.04642	0.03983	0.01549	0.12365	0.04312	0.02390	0.02068	0.03159	0.00662	0.00378	0.00318	0.00093	0.00396	0.00293	0.00231	0.22792
7	0.03063	0.04356	0.05179	0.06971	0.10009	0.11582	0.08774	0.23556	0.05161	0.03932	0.00952	0.09606	0.00826	0.03824	0.00438	0.00126	0.00451	0.00411	0.00272	0.00512
8	0.00529	0.00386	0.00454	0.00437	0.00543	0.00343	0.00328	0.00670	0.00960	0.03327	0.44757	0.05163	0.35497	0.00830	0.00435	0.00121	0.00187	0.00713	0.03977	0.00345
9	0.00743	0.00606	0.02087	0.05480	0.11178	0.00589	0.06514	0.05086	0.08093	0.05911	0.19626	0.11891	0.14836	0.01991	0.01776	0.00135	0.00319	0.00589	0.02113	0.00438
10	0.00763	0.03456	0.76317	0.01071	0.01598	0.00873	0.05966	0.01179	0.00797	0.01189	0.00690	0.00817	0.00494	0.00356	0.00357	0.00118	0.00546	0.00287	0.02583	0.00545
11	0.00469	0.00380	0.00415	0.00416	0.00526	0.00328	0.00311	0.00580	0.00887	0.01110	0.20160	0.07151	0.60061	0.02386	0.00472	0.00132	0.00196	0.03337	0.00360	0.00323
12	0.00863	0.00752	0.00753	0.00683	0.00856	0.07180	0.00526	0.04366	0.48206	0.01503	0.20893	0.03306	0.03066	0.00575	0.00390	0.00121	0.00292	0.00482	0.04682	0.00505
13	0.00521	0.00383	0.00487	0.00461	0.00554	0.00350	0.00346	0.00688	0.01038	0.01446	0.74755	0.02898	0.13098	0.00789	0.00443	0.00119	0.00179	0.00692	0.00405	0.00350
14	0.00752	0.01941	0.84871	0.01069	0.01624	0.00871	0.01386	0.01188	0.00792	0.01188	0.00673	0.00792	0.00475	0.00356	0.00356	0.00119	0.00554	0.00277	0.00158	0.00554
15	0.00993	0.83761	0.05161	0.00658	0.00988	0.01461	0.00671	0.01126	0.00763	0.00894	0.00527	0.00609	0.00481	0.00322	0.00245	0.00082	0.00407	0.00204	0.00160	0.00484
16	0.00778	0.00667	0.00778	0.00556	0.00889	0.00500	0.00445	0.00945	0.00778	0.01223	0.00667	0.00778	0.00556	0.00278	0.00278	0.00056	0.00278	0.00222	0.00222	0.89108
17	0.01372	0.01574	0.01051	0.00925	0.01137	0.63721	0.00707	0.17344	0.04549	0.01235	0.00695	0.00765	0.00551	0.00405	0.00346	0.00101	0.00599	0.00270	0.02174	0.00479
18	0.00745	0.01889	0.82049	0.01049	0.01588	0.00854	0.01352	0.01172	0.00801	0.01199	0.03469	0.00859	0.00578	0.00370	0.00359	0.00119	0.00542	0.00291	0.00167	0.00548
19	0.05385	0.03320	0.03741	0.02194	0.05785	0.03322	0.07138	0.39089	0.01312	0.21031	0.00974	0.01012	0.00689	0.00434	0.00384	0.00115	0.01705	0.01439	0.00340	0.00592
20	0.00546	0.00364	0.00409	0.00409	0.00409	0.00364	0.00227	0.00546	0.00546	0.00727	0.01182	0.02455	0.01364	0.86815	0.01910	0.00364	0.00364	0.00546	0.00227	0.00227
21	0.01003	0.87041	0.01966	0.00642	0.00963	0.01485	0.00642	0.01123	0.00762	0.00883	0.00522	0.00602	0.00481	0.00321	0.00241	0.00080	0.00401	0.00201	0.00160	0.00481
22	0.01021	0.64985	0.01712	0.00676	0.00973	0.01269	0.03955	0.04899	0.00843	0.07490	0.02004	0.04627	0.03384	0.00403	0.00286	0.00092	0.00387	0.00295	0.00213	0.00487
23	0.00475	0.00339	0.00456	0.00543	0.00572	0.00320	0.00379	0.00553	0.00736	0.00978	0.02058	0.76621	0.02442	0.01159	0.00484	0.00155	0.00233	0.10840	0.00348	0.00310
24	0.00709	0.00667	0.01125	0.85913	0.02584	0.00834	0.01042	0.00959	0.00750	0.00959	0.00667	0.01000	0.00500	0.00375	0.00375	0.00125	0.00500	0.00333	0.00167	0.00417
25	0.00977	0.82251	0.01891	0.00640	0.00947	0.01428	0.00632	0.01098	0.00754	0.00882	0.00548	0.00650	0.00507	0.00459	0.04944	0.00109	0.00435	0.00212	0.00163	0.00473
26	0.00724	0.00676	0.01135	0.69948	0.12516	0.00812	0.01013	0.00965	0.00771	0.01010	0.03971	0.01075	0.00643	0.00452	0.02696	0.00136	0.00495	0.00349	0.00180	0.00434
27	0.01102	0.00982	0.00738	0.00662	0.00825	0.33001	0.00506	0.06350	0.02409	0.09218	0.05610	0.01157	0.00902	0.00441	0.00321	0.00098	0.00398	0.00330	0.34518	0.00432
28	0.01003	0.87041	0.01966	0.00642	0.00963	0.01485	0.00642	0.01123	0.00762	0.00883	0.00522	0.00602	0.00481	0.00321	0.00241	0.00080	0.00401	0.00201	0.00160	0.00481
29	0.00487	0.00343	0.00439	0.00500	0.00521	0.00330	0.00329	0.00542	0.00677	0.00902	0.01829	0.58008	0.03432	0.23145	0.03795	0.00222	0.00286	0.03611	0.00312	0.00288
30	0.00889	0.01189	0.22267	0.06730	0.20774	0.10085	0.07867	0.04398	0.09871	0.01227	0.01911	0.04219	0.04155	0.00446	0.00382	0.00119	0.00476	0.02247	0.00226	0.00520
31	0.00700	0.00632	0.01014	0.64673	0.03950	0.00764	0.00916	0.00965	0.05145	0.00997	0.00926	0.01405	0.02995	0.03307	0.02171	0.01547	0.00471	0.06810	0.00200	0.00410
32	0.00508	0.00346	0.00450	0.00513	0.00558	0.00318	0.00351	0.00584	0.00759	0.04382	0.05212	0.71938	0.10465	0.01110	0.00470	0.00147	0.00218	0.00998	0.00355	0.00321
33	0.05045	0.03599	0.03316	0.04221	0.05170	0.07547	0.05498	0.07400	0.00870	0.06159	0.06645	0.08275	0.07959	0.06618	0.17332	0.00231	0.00505	0.01402	0.01791	0.00417
34	0.03445	0.09594	0.22596	0.10841	0.15727	0.07062	0.05828	0.03687	0.02765	0.10334	0.02038	0.00935	0.00631	0.00377	0.00353	0.00112	0.00470	0.00315	0.02363	0.00527
35	0.02260	0.09978	0.13883	0.02377	0.06155	0.08510	0.05247	0.16548	0.08070	0.04044	0.03249	0.09356	0.03673	0.00501	0.00386	0.00115	0.02153	0.00410	0.00269	0.02817

[dist]
# distance from previous block
# <min> <max>
9	34

[block]
# block no. 10 follows, 73 sequences, length 31
# corresponding to MSA columns:
# 1136-1166
