[name]
unknown

[dist]
# distance from previous block
# <min> <max>
0	7

[block]
# block no. 0 follows, 73 sequences, length 134
# corresponding to MSA columns:
# 7-140
name=unknown_A
#
# <colnr> <probs for GDERKNQSTAVLIFYWHMCP>
#	G	D	E	R	K	N	Q	S	T	A	V	L	I	F	Y	W	H	M	C	P
0	0.02298	0.00819	0.09324	0.05609	0.20360	0.02535	0.09126	0.04157	0.00863	0.08558	0.02414	0.23604	0.01178	0.00601	0.00414	0.00125	0.01336	0.02526	0.00267	0.03885
1	0.01189	0.00920	0.00978	0.00803	0.01061	0.01992	0.00645	0.39321	0.40063	0.05002	0.01206	0.01142	0.00882	0.00473	0.00376	0.00118	0.00355	0.00376	0.00376	0.02720
2	0.00536	0.00400	0.00595	0.00595	0.00660	0.00465	0.00459	0.00665	0.00601	0.00865	0.01012	0.01513	0.00955	0.06143	0.82022	0.00593	0.00980	0.00408	0.00202	0.00331
3	0.03701	0.01176	0.27802	0.03511	0.10982	0.00875	0.04860	0.11246	0.17932	0.06638	0.00991	0.04929	0.00771	0.00441	0.00381	0.00120	0.01322	0.00371	0.00266	0.01684
4	0.01030	0.07236	0.37219	0.01037	0.03400	0.00852	0.15106	0.03867	0.02721	0.20402	0.02931	0.00997	0.00693	0.00388	0.00372	0.00117	0.00482	0.00340	0.00253	0.00560
5	0.00709	0.00667	0.01125	0.85913	0.02584	0.00834	0.01042	0.00959	0.00750	0.00959	0.00667	0.01000	0.00500	0.00375	0.00375	0.00125	0.00500	0.00333	0.00167	0.00417
6	0.01615	0.00665	0.00875	0.00674	0.00959	0.00597	0.00556	0.08978	0.01127	0.74348	0.01515	0.01330	0.03994	0.00481	0.00380	0.00116	0.00323	0.00389	0.00452	0.00627
7	0.01073	0.06800	0.30954	0.03224	0.14834	0.05176	0.04497	0.08713	0.00964	0.17524	0.02176	0.00947	0.00652	0.00387	0.00362	0.00113	0.00471	0.00319	0.00249	0.00565
8	0.01104	0.00764	0.00996	0.03558	0.15310	0.02734	0.03181	0.08737	0.23131	0.22037	0.10173	0.03251	0.02326	0.00498	0.00388	0.00119	0.00347	0.00430	0.00353	0.00561
9	0.00900	0.00866	0.01129	0.00965	0.00997	0.05236	0.00799	0.03033	0.01958	0.04273	0.00562	0.00843	0.00523	0.00628	0.01119	0.00157	0.75068	0.00328	0.00186	0.00429
10	0.02061	0.00807	0.00991	0.01769	0.06681	0.03815	0.04990	0.14139	0.08877	0.16077	0.01871	0.00986	0.00722	0.00377	0.00340	0.00093	0.00354	0.00313	0.00300	0.34437
11	0.01433	0.01093	0.01112	0.00864	0.01156	0.07548	0.00708	0.74184	0.01687	0.05106	0.00896	0.00897	0.00636	0.00446	0.00373	0.00112	0.00430	0.00332	0.00365	0.00623
12	0.00919	0.00673	0.00827	0.00654	0.04812	0.00526	0.00493	0.01085	0.00825	0.13596	0.00789	0.00859	0.00613	0.00308	0.00297	0.00067	0.00292	0.00250	0.00256	0.71857
13	0.00529	0.00381	0.00490	0.00482	0.00557	0.00358	0.00350	0.00695	0.02656	0.01368	0.62749	0.17467	0.03159	0.05335	0.00522	0.00137	0.00196	0.00730	0.01495	0.00344
14	0.01496	0.00612	0.00823	0.00653	0.00912	0.00543	0.00536	0.01683	0.04423	0.69805	0.09698	0.01550	0.01245	0.00519	0.00390	0.00119	0.00305	0.03642	0.00451	0.00597
15	0.01207	0.00843	0.01262	0.18677	0.09532	0.00879	0.13321	0.24401	0.02029	0.22576	0.00965	0.01041	0.00674	0.00407	0.00386	0.00118	0.00443	0.00363	0.00308	0.00568
16	0.00822	0.04996	0.01376	0.43362	0.36800	0.00894	0.04321	0.01057	0.00800	0.01076	0.00680	0.00951	0.00541	0.00353	0.00370	0.00117	0.00478	0.00332	0.00175	0.00498
17	0.00458	0.00331	0.00434	0.00514	0.00543	0.00307	0.00345	0.00528	0.00735	0.00976	0.04449	0.80175	0.06511	0.01153	0.00476	0.00150	0.00215	0.01042	0.00350	0.00307
18	0.00495	0.00342	0.00424	0.00474	0.00487	0.00330	0.00297	0.00532	0.00645	0.00860	0.01691	0.50808	0.02006	0.37586	0.01087	0.00242	0.00280	0.00845	0.00297	0.00272
19	0.03541	0.01134	0.07802	0.21804	0.14606	0.22969	0.03340	0.05065	0.06048	0.06038	0.00771	0.00944	0.00597	0.00398	0.00384	0.00115	0.02529	0.01198	0.00221	0.00496
20	0.00460	0.00344	0.00427	0.00487	0.00539	0.00312	0.00337	0.00539	0.00771	0.01001	0.06469	0.60514	0.22964	0.01097	0.00469	0.00145	0.00211	0.02252	0.00351	0.00311
21	0.00595	0.00428	0.00591	0.00670	0.00758	0.00424	0.00582	0.00764	0.00869	0.01128	0.04374	0.04162	0.06214	0.01025	0.00512	0.00169	0.00333	0.75712	0.00347	0.00344
22	0.00967	0.12182	0.29844	0.00880	0.01188	0.00936	0.02176	0.05284	0.03919	0.14072	0.03721	0.03064	0.00750	0.01518	0.00549	0.00126	0.17724	0.00341	0.00241	0.00517
23	0.01050	0.04639	0.41826	0.00995	0.02641	0.03816	0.05395	0.20420	0.04746	0.09642	0.00839	0.00895	0.00595	0.00393	0.00364	0.00116	0.00488	0.00313	0.00252	0.00575
24	0.00929	0.00891	0.01523	0.02303	0.84475	0.00891	0.01151	0.01151	0.00854	0.01226	0.00706	0.00929	0.00594	0.00334	0.00371	0.00111	0.00446	0.00334	0.00186	0.00594
25	0.00924	0.00984	0.07451	0.03788	0.60091	0.00912	0.13248	0.04464	0.00885	0.01255	0.00715	0.00930	0.00580	0.00344	0.00394	0.00115	0.01808	0.00346	0.00191	0.00574
26	0.01044	0.00861	0.00911	0.00786	0.01018	0.00985	0.00621	0.20297	0.65313	0.01749	0.01386	0.01287	0.01031	0.00496	0.00380	0.00124	0.00323	0.00405	0.00380	0.00604
27	0.01401	0.01788	0.01063	0.00967	0.01160	0.85309	0.00725	0.01498	0.01063	0.00918	0.00580	0.00677	0.00483	0.00387	0.00338	0.00097	0.00677	0.00242	0.00193	0.00435
28	0.00457	0.00326	0.00435	0.00522	0.00544	0.00305	0.00348	0.00522	0.00718	0.00958	0.02068	0.86570	0.02481	0.01175	0.00479	0.00152	0.00218	0.01067	0.00348	0.00305
29	0.00712	0.00361	0.00363	0.00358	0.00449	0.00363	0.00270	0.02254	0.00803	0.01415	0.01218	0.01390	0.00956	0.00437	0.00264	0.00088	0.00179	0.00349	0.87415	0.00355
30	0.03009	0.00608	0.00819	0.00640	0.00904	0.00531	0.00524	0.01676	0.01065	0.72892	0.11861	0.01457	0.01248	0.00500	0.00383	0.00116	0.00301	0.00412	0.00454	0.00599
31	0.01426	0.01051	0.01126	0.00863	0.01163	0.01163	0.00713	0.83224	0.01764	0.02364	0.00901	0.00901	0.00638	0.00450	0.00375	0.00113	0.00413	0.00338	0.00375	0.00638
32	0.00529	0.00365	0.00469	0.00494	0.00562	0.00333	0.00351	0.00639	0.00866	0.04471	0.30229	0.44848	0.12479	0.00982	0.00458	0.00136	0.00205	0.00875	0.00375	0.00336
33	0.01003	0.87041	0.01966	0.00642	0.00963	0.01485	0.00642	0.01123	0.00762	0.00883	0.00522	0.00602	0.00481	0.00321	0.00241	0.00080	0.00401	0.00201	0.00160	0.00481
34	0.00523	0.00379	0.00493	0.00473	0.00558	0.00349	0.00351	0.00689	0.01031	0.01450	0.75826	0.08859	0.06005	0.00802	0.00445	0.00121	0.00180	0.00710	0.00406	0.00349
35	0.01863	0.06974	0.01162	0.27001	0.07493	0.06341	0.04425	0.06660	0.23047	0.01246	0.00907	0.02018	0.00712	0.00432	0.00420	0.00120	0.05958	0.00352	0.00245	0.02624
36	0.00981	0.00850	0.02161	0.00820	0.03270	0.00955	0.00633	0.10283	0.71889	0.01636	0.01428	0.01327	0.01068	0.00496	0.00380	0.00125	0.00317	0.00411	0.00372	0.00598
37	0.00951	0.00818	0.00884	0.00824	0.04077	0.00940	0.00619	0.04973	0.77683	0.01586	0.01473	0.01364	0.01106	0.00500	0.00381	0.00126	0.00307	0.00418	0.00374	0.00595
38	0.01094	0.07188	0.10780	0.03657	0.34866	0.01774	0.04449	0.06665	0.06650	0.17828	0.00911	0.00992	0.00675	0.00382	0.00365	0.00113	0.00429	0.00337	0.00262	0.00583
39	0.00771	0.01829	0.76041	0.01200	0.10401	0.00873	0.01361	0.01184	0.00799	0.01192	0.00677	0.00807	0.00488	0.00354	0.00358	0.00118	0.00543	0.00283	0.00161	0.00559
40	0.00477	0.00338	0.00430	0.00494	0.00517	0.00319	0.00323	0.00531	0.00689	0.00913	0.01948	0.64134	0.05589	0.19526	0.00785	0.00197	0.00249	0.01930	0.00322	0.00289
41	0.00457	0.00328	0.00434	0.00518	0.00543	0.00305	0.00346	0.00523	0.00722	0.00959	0.02116	0.84252	0.04768	0.01169	0.00478	0.00152	0.00217	0.01059	0.00348	0.00305
42	0.01045	0.14784	0.23064	0.09264	0.10883	0.00973	0.02857	0.14285	0.02551	0.12585	0.00828	0.01917	0.00618	0.00398	0.00371	0.00113	0.02349	0.00317	0.00246	0.00552
43	0.00458	0.00330	0.00434	0.00515	0.00543	0.00306	0.00346	0.00526	0.00730	0.00969	0.03492	0.81535	0.06111	0.01159	0.00477	0.00151	0.00216	0.01048	0.00349	0.00306
44	0.00841	0.00451	0.00578	0.00517	0.00664	0.00399	0.00398	0.00980	0.00986	0.25595	0.35163	0.12206	0.18196	0.00761	0.00428	0.00123	0.00226	0.00657	0.00408	0.00424
45	0.00943	0.62332	0.23163	0.00773	0.01154	0.01313	0.02436	0.02355	0.00787	0.00989	0.00571	0.00663	0.00484	0.00332	0.00276	0.00091	0.00445	0.00227	0.00164	0.00503
46	0.00887	0.05020	0.02265	0.01496	0.41451	0.00842	0.04856	0.02673	0.18249	0.03191	0.09057	0.01363	0.06095	0.00453	0.00382	0.00116	0.00378	0.00413	0.00267	0.00546
47	0.00468	0.00338	0.00443	0.00507	0.00545	0.00313	0.00346	0.00552	0.00779	0.01046	0.14943	0.69322	0.06809	0.01100	0.00471	0.00146	0.00210	0.00992	0.00358	0.00313
48	0.88106	0.00724	0.00556	0.00496	0.00729	0.00837	0.00409	0.01114	0.00645	0.02969	0.00537	0.00620	0.00414	0.00350	0.00234	0.00116	0.00291	0.00206	0.00236	0.00410
49	0.00791	0.00666	0.00779	0.00557	0.00890	0.00501	0.00446	0.00957	0.00782	0.02417	0.00678	0.00785	0.00561	0.00281	0.00279	0.00056	0.00278	0.00224	0.00226	0.87843
50	0.00636	0.00537	0.00724	0.00704	0.02604	0.03071	0.00532	0.01564	0.00628	0.00894	0.02153	0.01443	0.00917	0.12306	0.52325	0.00450	0.17561	0.00402	0.00201	0.00349
51	0.00458	0.00381	0.00401	0.00396	0.00516	0.00323	0.00297	0.00568	0.00891	0.01098	0.17658	0.03471	0.70412	0.00919	0.00443	0.00125	0.00188	0.00772	0.00360	0.00323
52	0.00696	0.00350	0.00353	0.00352	0.00440	0.00350	0.00264	0.00871	0.00792	0.01401	0.02915	0.01427	0.01014	0.00444	0.00266	0.00088	0.00175	0.00356	0.87095	0.00350
53	0.00476	0.00343	0.00453	0.00522	0.00561	0.00320	0.00364	0.00563	0.00775	0.01035	0.11557	0.66938	0.06579	0.01108	0.00476	0.00149	0.00221	0.06891	0.00355	0.00314
54	0.00525	0.00364	0.00469	0.00487	0.00547	0.00337	0.00342	0.00635	0.00866	0.03160	0.37165	0.37283	0.07016	0.08332	0.00582	0.00154	0.00214	0.00826	0.00368	0.00328
55	0.00929	0.00891	0.01523	0.02303	0.84475	0.00891	0.01151	0.01151	0.00854	0.01226	0.00706	0.00929	0.00594	0.00334	0.00371	0.00111	0.00446	0.00334	0.00186	0.00594
56	0.00933	0.00806	0.00848	0.00764	0.00976	0.00933	0.00594	0.01994	0.83797	0.01569	0.01527	0.01400	0.01145	0.00509	0.00382	0.00127	0.00297	0.00424	0.00382	0.00594
57	0.00821	0.00821	0.01149	0.00985	0.00985	0.01149	0.00821	0.00903	0.00575	0.00903	0.00492	0.00821	0.00492	0.00657	0.01231	0.00164	0.86128	0.00328	0.00164	0.00410
58	0.00474	0.00381	0.00423	0.00413	0.00526	0.00330	0.00309	0.00598	0.00928	0.01187	0.32274	0.03325	0.55740	0.00885	0.00443	0.00124	0.00185	0.00752	0.00371	0.00330
59	0.01003	0.87041	0.01966	0.00642	0.00963	0.01485	0.00642	0.01123	0.00762	0.00883	0.00522	0.00602	0.00481	0.00321	0.00241	0.00080	0.00401	0.00201	0.00160	0.00481
60	0.00470	0.00402	0.00407	0.00402	0.00532	0.00349	0.00302	0.00617	0.05175	0.01051	0.05063	0.03482	0.78608	0.00924	0.00440	0.00127	0.00195	0.00771	0.00351	0.00332
61	0.00465	0.00364	0.00422	0.00443	0.00529	0.00321	0.00319	0.00568	0.00854	0.01096	0.19565	0.29263	0.42488	0.00983	0.00454	0.00133	0.00196	0.00854	0.00361	0.00321
62	0.01056	0.45475	0.11389	0.00766	0.01094	0.04536	0.01630	0.17476	0.08159	0.01290	0.01549	0.00786	0.00602	0.00373	0.00302	0.00096	0.00421	0.00266	0.00227	0.02506
63	0.01003	0.87041	0.01966	0.00642	0.00963	0.01485	0.00642	0.01123	0.00762	0.00883	0.00522	0.00602	0.00481	0.00321	0.00241	0.00080	0.00401	0.00201	0.00160	0.00481
64	0.00545	0.00366	0.00418	0.00418	0.00422	0.00369	0.00239	0.00552	0.00548	0.00734	0.01174	0.02408	0.01344	0.82799	0.05897	0.00375	0.00394	0.00539	0.00226	0.00232
65	0.01227	0.04651	0.06448	0.00839	0.01132	0.01094	0.00720	0.51705	0.24700	0.02004	0.01046	0.01021	0.00763	0.00455	0.00370	0.00116	0.00389	0.00352	0.00354	0.00614
66	0.00547	0.00405	0.00573	0.00594	0.00665	0.00441	0.00471	0.00678	0.00680	0.00932	0.01455	0.02383	0.06999	0.08908	0.51822	0.00444	0.00734	0.20692	0.00249	0.00328
67	0.00846	0.12941	0.62537	0.01042	0.05529	0.00940	0.01205	0.01241	0.04095	0.05201	0.00728	0.00821	0.00530	0.00362	0.00344	0.00114	0.00507	0.00281	0.00184	0.00552
68	0.56223	0.02203	0.01887	0.04122	0.07595	0.04706	0.00577	0.10933	0.03810	0.01620	0.00628	0.00725	0.00487	0.00376	0.00306	0.00116	0.02735	0.00249	0.00243	0.00461
69	0.00912	0.00783	0.00828	0.00747	0.00950	0.00902	0.00579	0.01921	0.79302	0.01553	0.04588	0.01470	0.01238	0.01999	0.00410	0.00131	0.00294	0.00436	0.00380	0.00579
70	0.00510	0.00387	0.00446	0.00428	0.00541	0.00339	0.00322	0.00643	0.00955	0.02998	0.40638	0.03191	0.45543	0.00856	0.00442	0.00122	0.00187	0.00731	0.00380	0.00341
71	0.02912	0.00785	0.13938	0.01084	0.23131	0.00600	0.01669	0.00956	0.00888	0.07039	0.23561	0.15564	0.05070	0.00626	0.00407	0.00122	0.00332	0.00557	0.00296	0.00462
72	0.02978	0.00667	0.00776	0.00558	0.00888	0.00510	0.00448	0.00982	0.00786	0.04358	0.00694	0.00793	0.00566	0.00287	0.00280	0.00059	0.00280	0.00228	0.00232	0.83632
73	0.00457	0.00326	0.00435	0.00522	0.00544	0.00305	0.00348	0.00522	0.00718	0.00958	0.02068	0.86570	0.02481	0.01175	0.00479	0.00152	0.00218	0.01067	0.00348	0.00305
74	0.00712	0.00639	0.01056	0.01396	0.39123	0.00623	0.05950	0.00884	0.00848	0.01185	0.14614	0.27252	0.02806	0.00667	0.00421	0.00126	0.00342	0.00625	0.00274	0.00458
75	0.03505	0.02295	0.47675	0.01099	0.09229	0.00817	0.06029	0.03332	0.00887	0.20278	0.00865	0.00924	0.00598	0.00378	0.00364	0.00117	0.00483	0.00314	0.00240	0.00572
76	0.00463	0.00330	0.00442	0.00529	0.00553	0.00310	0.00358	0.00532	0.00724	0.00964	0.02065	0.83449	0.02469	0.01170	0.00480	0.00153	0.00223	0.04133	0.00348	0.00306
77	0.01565	0.00783	0.01006	0.00785	0.02350	0.00759	0.03469	0.26925	0.01277	0.55119	0.01264	0.01146	0.00821	0.00453	0.00379	0.00115	0.00361	0.00367	0.00423	0.00633
78	0.00990	0.00924	0.09319	0.07367	0.47876	0.00825	0.05924	0.02256	0.00876	0.13406	0.00869	0.04402	0.00698	0.00399	0.00397	0.00117	0.02188	0.00371	0.00231	0.00565
79	0.00918	0.00899	0.02798	0.05383	0.80157	0.00889	0.01151	0.01145	0.00849	0.01215	0.00704	0.00929	0.00589	0.00336	0.00371	0.00112	0.00449	0.00333	0.00185	0.00587
80	0.00782	0.00761	0.01065	0.00924	0.00930	0.01051	0.00762	0.00865	0.00576	0.00892	0.00571	0.00954	0.00572	0.04623	0.09179	0.00214	0.74367	0.00345	0.00170	0.00395
81	0.05553	0.01465	0.01204	0.07404	0.12684	0.56252	0.07829	0.01367	0.00976	0.01025	0.00616	0.00760	0.00503	0.00371	0.00349	0.00104	0.00609	0.00276	0.00192	0.00460
82	0.00546	0.00364	0.00409	0.00409	0.00409	0.00364	0.00227	0.00546	0.00546	0.00727	0.01182	0.02455	0.01364	0.86815	0.01910	0.00364	0.00364	0.00546	0.00227	0.00227
83	0.00531	0.00378	0.00516	0.00601	0.00653	0.00368	0.00469	0.00646	0.00784	0.01031	0.02004	0.44448	0.02295	0.03501	0.00538	0.00168	0.00283	0.40121	0.00344	0.00322
84	0.00448	0.00374	0.00390	0.00399	0.00513	0.00317	0.00294	0.00542	0.00846	0.01022	0.06031	0.12748	0.72853	0.00970	0.00447	0.00129	0.00193	0.00819	0.00350	0.00317
85	0.00546	0.00364	0.00409	0.00409	0.00409	0.00364	0.00227	0.00546	0.00546	0.00727	0.01182	0.02455	0.01364	0.86815	0.01910	0.00364	0.00364	0.00546	0.00227	0.00227
86	0.00752	0.01941	0.84871	0.01069	0.01624	0.00871	0.01386	0.01188	0.00792	0.01188	0.00673	0.00792	0.00475	0.00356	0.00356	0.00119	0.00554	0.00277	0.00158	0.00554
87	0.01003	0.87041	0.01966	0.00642	0.00963	0.01485	0.00642	0.01123	0.00762	0.00883	0.00522	0.00602	0.00481	0.00321	0.00241	0.00080	0.00401	0.00201	0.00160	0.00481
88	0.00709	0.00667	0.01125	0.85913	0.02584	0.00834	0.01042	0.00959	0.00750	0.00959	0.00667	0.01000	0.00500	0.00375	0.00375	0.00125	0.00500	0.00333	0.00167	0.00417
89	0.00929	0.00891	0.01523	0.02303	0.84475	0.00891	0.01151	0.01151	0.00854	0.01226	0.00706	0.00929	0.00594	0.00334	0.00371	0.00111	0.00446	0.00334	0.00186	0.00594
90	0.00546	0.00364	0.00409	0.00409	0.00409	0.00364	0.00227	0.00546	0.00546	0.00727	0.01182	0.02455	0.01364	0.86815	0.01910	0.00364	0.00364	0.00546	0.00227	0.00227
91	0.01683	0.00638	0.00871	0.00668	0.00958	0.00551	0.00551	0.01828	0.01074	0.84734	0.01480	0.01277	0.00929	0.00464	0.00377	0.00116	0.00319	0.00377	0.00464	0.00638
92	0.01003	0.87041	0.01966	0.00642	0.00963	0.01485	0.00642	0.01123	0.00762	0.00883	0.00522	0.00602	0.00481	0.00321	0.00241	0.00080	0.00401	0.00201	0.00160	0.00481
93	0.00443	0.00380	0.00380	0.00380	0.00507	0.00317	0.00285	0.00538	0.00855	0.01014	0.03801	0.03611	0.84322	0.00950	0.00443	0.00127	0.00190	0.00792	0.00348	0.00317
94	0.89465	0.00726	0.00551	0.00493	0.00726	0.00842	0.00406	0.01103	0.00638	0.01683	0.00522	0.00609	0.00406	0.00348	0.00232	0.00116	0.00290	0.00203	0.00232	0.00406
95	0.01406	0.01662	0.01074	0.00949	0.01160	0.70973	0.00723	0.15421	0.01183	0.01165	0.00635	0.00715	0.00510	0.00397	0.00345	0.00099	0.00632	0.00258	0.00224	0.00470
96	0.00933	0.00806	0.00848	0.00764	0.00976	0.00933	0.00594	0.01994	0.83797	0.01569	0.01527	0.01400	0.01145	0.00509	0.00382	0.00127	0.00297	0.00424	0.00382	0.00594
97	0.00531	0.00383	0.00501	0.00472	0.00560	0.00354	0.00354	0.00708	0.01062	0.01504	0.84277	0.02802	0.03540	0.00767	0.00442	0.00118	0.00177	0.00678	0.00413	0.00354
98	0.00923	0.00894	0.01551	0.03413	0.79320	0.00893	0.05156	0.01151	0.00854	0.01221	0.00708	0.00934	0.00592	0.00334	0.00375	0.00112	0.00456	0.00340	0.00186	0.00588
99	0.00899	0.00704	0.00820	0.00807	0.05697	0.07651	0.00582	0.12839	0.00921	0.10335	0.01363	0.38110	0.01430	0.00790	0.00563	0.00138	0.14957	0.00649	0.00311	0.00435
100	0.00886	0.01012	0.02214	0.01581	0.01961	0.00949	0.83112	0.01202	0.00886	0.01202	0.00759	0.01012	0.00569	0.00316	0.00443	0.00127	0.00633	0.00443	0.00190	0.00506
101	0.00536	0.00400	0.00595	0.00595	0.00660	0.00465	0.00459	0.00665	0.00601	0.00865	0.01012	0.01513	0.00955	0.06143	0.82022	0.00593	0.00980	0.00408	0.00202	0.00331
102	0.01144	0.05085	0.01128	0.01053	0.15939	0.00960	0.02670	0.32437	0.18459	0.08339	0.04054	0.01223	0.04867	0.00468	0.00377	0.00115	0.00373	0.00388	0.00335	0.00585
103	0.31504	0.04089	0.00945	0.00723	0.00996	0.04645	0.00598	0.44485	0.01277	0.06240	0.00774	0.00800	0.00561	0.00409	0.00320	0.00112	0.00377	0.00285	0.00315	0.00544
104	0.89465	0.00726	0.00551	0.00493	0.00726	0.00842	0.00406	0.01103	0.00638	0.01683	0.00522	0.00609	0.00406	0.00348	0.00232	0.00116	0.00290	0.00203	0.00232	0.00406
105	0.00579	0.00398	0.00498	0.00466	0.00574	0.00358	0.00353	0.00736	0.01016	0.06150	0.61224	0.02906	0.20811	0.00792	0.00440	0.00120	0.00190	0.01626	0.00401	0.00362
106	0.00547	0.00411	0.00593	0.00587	0.00641	0.00477	0.00445	0.00659	0.00593	0.00850	0.01014	0.01600	0.00987	0.15453	0.69775	0.00551	0.03870	0.00421	0.00204	0.00321
107	0.00850	0.00826	0.01450	0.30571	0.49337	0.00877	0.08453	0.01091	0.00822	0.01133	0.00697	0.00960	0.00560	0.00346	0.00379	0.00117	0.00481	0.00344	0.00180	0.00526
108	0.00451	0.00387	0.00388	0.00386	0.00514	0.00327	0.00290	0.00562	0.02192	0.01022	0.03764	0.03575	0.82981	0.00943	0.00442	0.00127	0.00192	0.00786	0.00349	0.00321
109	0.01404	0.00626	0.00817	0.00646	0.00893	0.00573	0.00525	0.10213	0.01144	0.57816	0.19510	0.01570	0.01468	0.00529	0.00391	0.00116	0.00298	0.00439	0.00444	0.00576
110	0.00913	0.01355	0.30785	0.01379	0.11968	0.05057	0.30966	0.07781	0.02903	0.01285	0.00741	0.00907	0.00554	0.00355	0.00400	0.00120	0.01441	0.00352	0.00198	0.00542
111	0.00652	0.00326	0.00489	0.00489	0.00489	0.00326	0.00326	0.00489	0.00489	0.00652	0.00652	0.01140	0.00652	0.01303	0.01466	0.89084	0.00326	0.00326	0.00163	0.00163
112	0.01615	0.00748	0.00938	0.00719	0.01012	0.00714	0.00594	0.23446	0.01257	0.62857	0.01326	0.01177	0.00852	0.00461	0.00377	0.00115	0.00344	0.00367	0.00441	0.00638
113	0.01003	0.76252	0.01860	0.00684	0.00973	0.04778	0.00661	0.01119	0.00758	0.00886	0.00521	0.00624	0.00482	0.00352	0.00330	0.00088	0.07780	0.00213	0.00162	0.00474
114	0.00445	0.00375	0.00386	0.00395	0.00511	0.00315	0.00291	0.00537	0.00841	0.01008	0.03624	0.12074	0.75973	0.00973	0.00447	0.00129	0.00193	0.00820	0.00348	0.00315
115	0.00914	0.00785	0.00831	0.00749	0.00955	0.00905	0.00582	0.01931	0.79753	0.01566	0.05572	0.01468	0.01262	0.00522	0.00385	0.00127	0.00291	0.00437	0.00383	0.00582
116	0.01379	0.01740	0.01053	0.00957	0.01151	0.81185	0.00718	0.01522	0.05107	0.00950	0.00626	0.00712	0.00516	0.00393	0.00340	0.00098	0.00658	0.00251	0.00203	0.00443
117	0.01627	0.00626	0.00853	0.00658	0.00938	0.00542	0.00542	0.01774	0.01073	0.80666	0.05527	0.01352	0.01056	0.00479	0.00380	0.00116	0.00312	0.00392	0.00462	0.00625
118	0.00821	0.00821	0.01149	0.00985	0.00985	0.01149	0.00821	0.00903	0.00575	0.00903	0.00492	0.00821	0.00492	0.00657	0.01231	0.00164	0.86128	0.00328	0.00164	0.00410
119	0.80322	0.00734	0.00591	0.00521	0.00756	0.00843	0.00427	0.03385	0.03981	0.04775	0.00608	0.00673	0.00461	0.00362	0.00247	0.00116	0.00295	0.00222	0.00251	0.00429
120	0.00519	0.00381	0.00486	0.00464	0.00554	0.00348	0.00346	0.00683	0.01027	0.01431	0.72580	0.05994	0.12184	0.00802	0.00444	0.00120	0.00180	0.00705	0.00404	0.00348
121	0.00884	0.00761	0.00819	0.00707	0.00942	0.00819	0.00552	0.01720	0.62993	0.01486	0.03233	0.01325	0.02130	0.00471	0.00362	0.00112	0.00289	0.00391	0.00348	0.19656
122	0.89465	0.00726	0.00551	0.00493	0.00726	0.00842	0.00406	0.01103	0.00638	0.01683	0.00522	0.00609	0.00406	0.00348	0.00232	0.00116	0.00290	0.00203	0.00232	0.00406
123	0.01142	0.02715	0.13319	0.00768	0.02248	0.03556	0.01594	0.13560	0.05079	0.23000	0.00951	0.00956	0.00678	0.00380	0.00339	0.00096	0.00373	0.00302	0.00303	0.28642
124	0.88064	0.00731	0.00561	0.00499	0.00733	0.00847	0.00411	0.02410	0.00656	0.01694	0.00528	0.00614	0.00410	0.00350	0.00234	0.00116	0.00292	0.00205	0.00234	0.00410
125	0.00464	0.00381	0.00408	0.00401	0.00519	0.00325	0.00301	0.00578	0.00903	0.01128	0.22552	0.03422	0.65499	0.00907	0.00443	0.00125	0.00187	0.00765	0.00363	0.00325
126	0.00518	0.00380	0.00485	0.00464	0.00554	0.00348	0.00346	0.00680	0.01023	0.01424	0.71483	0.06985	0.12297	0.00807	0.00444	0.00121	0.00180	0.00710	0.00403	0.00348
127	0.01125	0.05057	0.06760	0.07458	0.18495	0.00923	0.17983	0.17543	0.03698	0.15860	0.00902	0.00997	0.00653	0.00385	0.00381	0.00116	0.00460	0.00358	0.00274	0.00571
128	0.89465	0.00726	0.00551	0.00493	0.00726	0.00842	0.00406	0.01103	0.00638	0.01683	0.00522	0.00609	0.00406	0.00348	0.00232	0.00116	0.00290	0.00203	0.00232	0.00406
129	0.00457	0.00326	0.00435	0.00522	0.00544	0.00305	0.00348	0.00522	0.00718	0.00958	0.02068	0.86570	0.02481	0.01175	0.00479	0.00152	0.00218	0.01067	0.00348	0.00305
130	0.00915	0.00909	0.03105	0.07748	0.68020	0.04983	0.01078	0.01134	0.00848	0.01190	0.00723	0.00949	0.00602	0.00404	0.02441	0.00123	0.00467	0.00331	0.03473	0.00558
131	0.00930	0.02493	0.36474	0.01172	0.02733	0.00851	0.29238	0.04489	0.00894	0.11464	0.00877	0.05123	0.00669	0.00399	0.00394	0.00122	0.00527	0.00387	0.00225	0.00539
132	0.28759	0.00665	0.00772	0.00614	0.00886	0.00641	0.00507	0.01605	0.00940	0.59117	0.01185	0.01071	0.00768	0.00429	0.00333	0.00116	0.00310	0.00324	0.00393	0.00567
133	0.01613	0.00705	0.00882	0.00690	0.00971	0.03951	0.00565	0.03538	0.07018	0.73719	0.01436	0.01254	0.00920	0.00464	0.00376	0.00116	0.00334	0.00374	0.00446	0.00627

[dist]
# distance from previous block
# <min> <max>
0	31

[block]
# block no. 1 follows, 73 sequences, length 31
# corresponding to MSA columns:
# 172-202
name=unknown_B
#
# <colnr> <probs for GDERKNQSTAVLIFYWHMCP>
#	G	D	E	R	K	N	Q	S	T	A	V	L	I	F	Y	W	H	M	C	P
0	0.00780	0.03671	0.59190	0.01135	0.01613	0.00880	0.18916	0.01180	0.02873	0.01178	0.00753	0.02884	0.00578	0.02238	0.00409	0.00126	0.00549	0.00339	0.00177	0.00530
1	0.02744	0.02900	0.04260	0.00808	0.10421	0.00636	0.00595	0.01008	0.00786	0.04098	0.02675	0.00856	0.00631	0.00335	0.00365	0.00078	0.06421	0.00260	0.00223	0.59900
2	0.00790	0.00710	0.01125	0.76243	0.02422	0.00871	0.01005	0.10312	0.00865	0.01118	0.00693	0.00989	0.00516	0.00384	0.00375	0.00124	0.00490	0.00334	0.00190	0.00442
3	0.85052	0.00721	0.00567	0.00502	0.00737	0.00827	0.00414	0.01139	0.00660	0.05858	0.00571	0.00643	0.00433	0.00354	0.00239	0.00116	0.00292	0.00212	0.00244	0.00418
4	0.00544	0.00349	0.00466	0.00533	0.00574	0.00322	0.00363	0.00615	0.00744	0.06921	0.02026	0.80499	0.02371	0.01125	0.00472	0.00150	0.00225	0.01018	0.00357	0.00328
5	0.00456	0.00330	0.00432	0.00514	0.00542	0.00305	0.00345	0.00523	0.00726	0.00961	0.02170	0.81656	0.07330	0.01162	0.00477	0.00151	0.00216	0.01050	0.00348	0.00305
6	0.00582	0.00416	0.00579	0.00665	0.00742	0.00412	0.00565	0.00738	0.00841	0.01097	0.01999	0.16873	0.02209	0.01058	0.00512	0.00170	0.00326	0.69532	0.00346	0.00339
7	0.00457	0.00326	0.00435	0.00522	0.00544	0.00305	0.00348	0.00522	0.00718	0.00958	0.02068	0.86570	0.02481	0.01175	0.00479	0.00152	0.00218	0.01067	0.00348	0.00305
8	0.01674	0.00653	0.00879	0.00674	0.00965	0.00572	0.00557	0.04622	0.01098	0.81908	0.01460	0.01264	0.00919	0.00464	0.00377	0.00116	0.00322	0.00376	0.00461	0.00638
9	0.00762	0.01875	0.78988	0.01106	0.01648	0.00877	0.07203	0.01189	0.00799	0.01189	0.00679	0.00808	0.00482	0.00354	0.00363	0.00119	0.00560	0.00289	0.00161	0.00551
10	0.00480	0.00343	0.00461	0.00548	0.00580	0.00324	0.00388	0.00562	0.00741	0.00983	0.02055	0.73929	0.02432	0.01154	0.00485	0.00155	0.00237	0.13484	0.00348	0.00311
11	0.01426	0.01051	0.01126	0.00863	0.01163	0.01163	0.00713	0.83224	0.01764	0.02364	0.00901	0.00901	0.00638	0.00450	0.00375	0.00113	0.00413	0.00338	0.00375	0.00638
12	0.01301	0.00956	0.01021	0.00803	0.01073	0.01060	0.00657	0.66174	0.10998	0.02182	0.01003	0.01005	0.00726	0.00456	0.00365	0.00112	0.00377	0.00349	0.08776	0.00606
13	0.01051	0.00851	0.01403	0.01941	0.64735	0.00840	0.03003	0.04512	0.00929	0.13768	0.02762	0.01025	0.00714	0.00368	0.00376	0.00113	0.00424	0.00351	0.00240	0.00595
14	0.89465	0.00726	0.00551	0.00493	0.00726	0.00842	0.00406	0.01103	0.00638	0.01683	0.00522	0.00609	0.00406	0.00348	0.00232	0.00116	0.00290	0.00203	0.00232	0.00406
15	0.01477	0.00970	0.01076	0.00825	0.01123	0.01044	0.00681	0.67293	0.01629	0.18486	0.01014	0.00974	0.00695	0.00453	0.00376	0.00113	0.00395	0.00346	0.00393	0.00638
16	0.00456	0.00331	0.00431	0.00510	0.00541	0.00306	0.00343	0.00524	0.00730	0.00962	0.02215	0.79518	0.09438	0.01156	0.00476	0.00150	0.00215	0.01043	0.00348	0.00306
17	0.01598	0.00658	0.00868	0.00678	0.00960	0.00595	0.00556	0.01847	0.10479	0.75279	0.01485	0.01291	0.00953	0.00469	0.00378	0.00117	0.00317	0.00383	0.00455	0.00633
18	0.00762	0.00678	0.00901	0.02924	0.06496	0.00837	0.00655	0.01119	0.22299	0.01078	0.00962	0.01276	0.00850	0.08133	0.21602	0.00274	0.28090	0.00390	0.00237	0.00437
19	0.79382	0.00719	0.00577	0.00500	0.00744	0.00803	0.00411	0.01085	0.00654	0.01631	0.00539	0.00629	0.00423	0.00340	0.00237	0.00109	0.00289	0.00205	0.00231	0.10491
20	0.00842	0.18095	0.55460	0.02495	0.09446	0.00985	0.02443	0.01192	0.01788	0.02980	0.00676	0.00793	0.00508	0.00351	0.00338	0.00111	0.00507	0.00275	0.00171	0.00544
21	0.00536	0.00402	0.00603	0.00603	0.00670	0.00469	0.00469	0.00670	0.00603	0.00871	0.01005	0.01474	0.00938	0.02814	0.85328	0.00603	0.01005	0.00402	0.00201	0.00335
22	0.01077	0.00816	0.00884	0.00764	0.00996	0.00917	0.00603	0.11655	0.64615	0.11120	0.01447	0.01326	0.01060	0.00497	0.00380	0.00124	0.00313	0.00409	0.00390	0.00604
23	0.00966	0.06924	0.17618	0.07681	0.18235	0.03033	0.23427	0.01261	0.03360	0.10605	0.00803	0.00953	0.00599	0.00365	0.00400	0.00118	0.02550	0.00349	0.00216	0.00538
24	0.31360	0.00996	0.12917	0.01416	0.33582	0.00879	0.11365	0.01146	0.00775	0.01375	0.00645	0.00810	0.00510	0.00340	0.00331	0.00116	0.00431	0.00295	0.00198	0.00513
25	0.00887	0.00742	0.00787	0.00713	0.00907	0.00849	0.00553	0.01819	0.71797	0.01552	0.07598	0.01503	0.01309	0.00523	0.00378	0.00124	0.00279	0.00438	0.06684	0.00559
26	0.00513	0.00377	0.00480	0.00467	0.00552	0.00344	0.00345	0.00667	0.00999	0.01386	0.65710	0.12419	0.12674	0.00834	0.00447	0.00123	0.00183	0.00736	0.00398	0.00344
27	0.02814	0.20488	0.53563	0.01010	0.02819	0.03825	0.06980	0.01192	0.00803	0.02315	0.00652	0.00767	0.00490	0.00348	0.00334	0.00110	0.00519	0.00272	0.00169	0.00530
28	0.00469	0.00384	0.00419	0.00439	0.00551	0.00333	0.00339	0.00574	0.00846	0.01026	0.03388	0.10100	0.65380	0.00981	0.00458	0.00136	0.00216	0.13293	0.00348	0.00320
29	0.01683	0.00638	0.00871	0.00668	0.00958	0.00551	0.00551	0.01828	0.01074	0.84734	0.01480	0.01277	0.00929	0.00464	0.00377	0.00116	0.00319	0.00377	0.00464	0.00638
30	0.00900	0.00894	0.01389	0.25705	0.54260	0.06885	0.02342	0.01123	0.00840	0.01128	0.00687	0.00932	0.00560	0.00349	0.00371	0.00114	0.00480	0.00329	0.00181	0.00532

[dist]
# distance from previous block
# <min> <max>
0	1

[block]
# block no. 2 follows, 73 sequences, length 17
# corresponding to MSA columns:
# 204-220
name=unknown_C
#
# <colnr> <probs for GDERKNQSTAVLIFYWHMCP>
#	G	D	E	R	K	N	Q	S	T	A	V	L	I	F	Y	W	H	M	C	P
0	0.01049	0.64789	0.09172	0.00736	0.01056	0.15879	0.00722	0.01194	0.00817	0.00916	0.00545	0.00632	0.00481	0.00335	0.00268	0.00086	0.00462	0.00214	0.00166	0.00480
1	0.00973	0.00867	0.01391	0.05552	0.58649	0.00861	0.03858	0.08435	0.00931	0.04323	0.00747	0.00928	0.00601	0.00344	0.00365	0.00107	0.00429	0.00328	0.00216	0.10096
2	0.00935	0.31585	0.32030	0.00887	0.01264	0.08573	0.05441	0.07155	0.00877	0.01128	0.00726	0.06437	0.00629	0.00406	0.00328	0.00106	0.00483	0.00313	0.00192	0.00505
3	0.00546	0.00364	0.00409	0.00409	0.00409	0.00364	0.00227	0.00546	0.00546	0.00727	0.01182	0.02455	0.01364	0.86815	0.01910	0.00364	0.00364	0.00546	0.00227	0.00227
4	0.00562	0.00411	0.00521	0.00488	0.00585	0.00392	0.00368	0.00798	0.06554	0.01506	0.76650	0.02673	0.03315	0.00741	0.00434	0.00118	0.00185	0.00653	0.02676	0.00370
5	0.00597	0.00404	0.00461	0.00447	0.00555	0.00361	0.00330	0.00692	0.00833	0.08449	0.11293	0.03131	0.44542	0.18671	0.00747	0.00178	0.00249	0.07387	0.00340	0.00333
6	0.89465	0.00726	0.00551	0.00493	0.00726	0.00842	0.00406	0.01103	0.00638	0.01683	0.00522	0.00609	0.00406	0.00348	0.00232	0.00116	0.00290	0.00203	0.00232	0.00406
7	0.00545	0.00365	0.00416	0.00416	0.00418	0.00367	0.00236	0.00550	0.00548	0.00733	0.01176	0.02420	0.01349	0.83846	0.04858	0.00372	0.00386	0.00541	0.00226	0.00231
8	0.00443	0.00380	0.00380	0.00380	0.00507	0.00317	0.00285	0.00538	0.00855	0.01014	0.03801	0.03611	0.84322	0.00950	0.00443	0.00127	0.00190	0.00792	0.00348	0.00317
9	0.01672	0.00657	0.00882	0.00676	0.00967	0.00579	0.00559	0.05518	0.01105	0.81001	0.01454	0.01260	0.00916	0.00464	0.00377	0.00116	0.00323	0.00375	0.00460	0.00638
10	0.00886	0.01012	0.02214	0.01581	0.01961	0.00949	0.83112	0.01202	0.00886	0.01202	0.00759	0.01012	0.00569	0.00316	0.00443	0.00127	0.00633	0.00443	0.00190	0.00506
11	0.02713	0.01234	0.01120	0.25174	0.08004	0.38072	0.00847	0.11016	0.01004	0.01139	0.00646	0.00822	0.00514	0.00403	0.00409	0.00112	0.05810	0.00291	0.00206	0.00464
12	0.02712	0.46004	0.02756	0.22787	0.01400	0.01142	0.02752	0.02834	0.00797	0.07571	0.00678	0.00828	0.00552	0.00493	0.05168	0.00128	0.00461	0.00270	0.00195	0.00472
13	0.00599	0.00561	0.08062	0.00679	0.00814	0.00454	0.00620	0.00782	0.00850	0.01124	0.04469	0.09191	0.08215	0.00945	0.00485	0.00157	0.00336	0.57933	0.00327	0.03395
14	0.65784	0.03786	0.00697	0.00596	0.03646	0.03569	0.00466	0.01170	0.00714	0.08954	0.00627	0.00695	0.00476	0.00353	0.00257	0.00109	0.00314	0.00226	0.00247	0.07315
15	0.62584	0.00812	0.06511	0.00582	0.00842	0.00821	0.00509	0.01261	0.11065	0.07135	0.00728	0.00772	0.00544	0.00374	0.00271	0.00115	0.00311	0.00248	0.00261	0.04252
16	0.00860	0.09411	0.01254	0.36210	0.11709	0.00856	0.07831	0.02503	0.03501	0.06648	0.01698	0.01041	0.00644	0.03252	0.02502	0.00133	0.01937	0.00339	0.00211	0.07459

[dist]
# distance from previous block
# <min> <max>
0	7

[block]
# block no. 3 follows, 73 sequences, length 70
# corresponding to MSA columns:
# 228-297
name=unknown_D
#
# <colnr> <probs for GDERKNQSTAVLIFYWHMCP>
#	G	D	E	R	K	N	Q	S	T	A	V	L	I	F	Y	W	H	M	C	P
0	0.72176	0.06185	0.00725	0.00582	0.02527	0.00919	0.00471	0.10339	0.00777	0.01700	0.00569	0.00648	0.00441	0.00358	0.00252	0.00113	0.00314	0.00221	0.00243	0.00441
1	0.00611	0.00629	0.10704	0.08306	0.00800	0.03076	0.00478	0.00701	0.00615	0.00823	0.01039	0.01979	0.01113	0.58297	0.09054	0.00326	0.00467	0.00472	0.00210	0.00300
2	0.01003	0.87041	0.01966	0.00642	0.00963	0.01485	0.00642	0.01123	0.00762	0.00883	0.00522	0.00602	0.00481	0.00321	0.00241	0.00080	0.00401	0.00201	0.00160	0.00481
3	0.00647	0.00327	0.00485	0.00485	0.00485	0.00327	0.00322	0.00491	0.00491	0.00655	0.00674	0.01196	0.00682	0.04885	0.01485	0.85368	0.00327	0.00335	0.00166	0.00166
4	0.00461	0.00346	0.00427	0.00480	0.00536	0.00313	0.00332	0.00544	0.00787	0.01024	0.10302	0.56940	0.23991	0.01078	0.00466	0.00142	0.00207	0.00958	0.00354	0.00313
5	0.00460	0.00386	0.00400	0.00398	0.00520	0.00330	0.00298	0.00577	0.02148	0.01069	0.11574	0.05355	0.73334	0.00931	0.00443	0.00126	0.00191	0.00781	0.00355	0.00324
6	0.00583	0.00416	0.00580	0.00666	0.00743	0.00413	0.00567	0.00740	0.00842	0.01098	0.01998	0.16419	0.02207	0.01057	0.00512	0.00170	0.00327	0.69978	0.00346	0.00339
7	0.00941	0.00810	0.00853	0.00765	0.00979	0.00937	0.00596	0.03324	0.82453	0.01582	0.01517	0.01392	0.01137	0.00508	0.00382	0.00127	0.00299	0.00423	0.00382	0.00595
8	0.00778	0.00667	0.00778	0.00556	0.00889	0.00500	0.00445	0.00945	0.00778	0.01223	0.00667	0.00778	0.00556	0.00278	0.00278	0.00056	0.00278	0.00222	0.00222	0.89108
9	0.89465	0.00726	0.00551	0.00493	0.00726	0.00842	0.00406	0.01103	0.00638	0.01683	0.00522	0.00609	0.00406	0.00348	0.00232	0.00116	0.00290	0.00203	0.00232	0.00406
10	0.00531	0.00383	0.00501	0.00472	0.00560	0.00354	0.00354	0.00708	0.01062	0.01504	0.84277	0.02802	0.03540	0.00767	0.00442	0.00118	0.00177	0.00678	0.00413	0.00354
11	0.79184	0.00745	0.00594	0.00522	0.00758	0.03013	0.00428	0.01179	0.00689	0.09223	0.00611	0.00672	0.00456	0.00360	0.00248	0.00116	0.00303	0.00220	0.00252	0.00428
12	0.00456	0.00331	0.00430	0.00509	0.00541	0.00306	0.00343	0.00524	0.00731	0.00963	0.02226	0.79019	0.09930	0.01155	0.00476	0.00150	0.00215	0.01042	0.00348	0.00306
13	0.09051	0.77851	0.03136	0.00635	0.00952	0.01416	0.00632	0.01123	0.00752	0.00960	0.00524	0.00606	0.00475	0.00324	0.00242	0.00084	0.00394	0.00202	0.00167	0.00476
14	0.00938	0.74335	0.06515	0.00642	0.00959	0.01344	0.00652	0.01074	0.00772	0.00912	0.00829	0.00886	0.08112	0.00380	0.00266	0.00087	0.00391	0.00259	0.00177	0.00471
15	0.00929	0.00879	0.01426	0.02082	0.72492	0.00897	0.01071	0.01272	0.12757	0.01275	0.00824	0.00996	0.00673	0.00359	0.00373	0.00114	0.00424	0.00347	0.00214	0.00594
16	0.89465	0.00726	0.00551	0.00493	0.00726	0.00842	0.00406	0.01103	0.00638	0.01683	0.00522	0.00609	0.00406	0.00348	0.00232	0.00116	0.00290	0.00203	0.00232	0.00406
17	0.01003	0.87041	0.01966	0.00642	0.00963	0.01485	0.00642	0.01123	0.00762	0.00883	0.00522	0.00602	0.00481	0.00321	0.00241	0.00080	0.00401	0.00201	0.00160	0.00481
18	0.30926	0.00790	0.00835	0.00686	0.02282	0.02853	0.00552	0.19351	0.01075	0.35605	0.00999	0.00952	0.00674	0.00419	0.00327	0.00115	0.00341	0.00306	0.00356	0.00555
19	0.00457	0.00326	0.00435	0.00522	0.00544	0.00305	0.00348	0.00522	0.00718	0.00958	0.02068	0.86570	0.02481	0.01175	0.00479	0.00152	0.00218	0.01067	0.00348	0.00305
20	0.89465	0.00726	0.00551	0.00493	0.00726	0.00842	0.00406	0.01103	0.00638	0.01683	0.00522	0.00609	0.00406	0.00348	0.00232	0.00116	0.00290	0.00203	0.00232	0.00406
21	0.00886	0.01012	0.02214	0.01581	0.01961	0.00949	0.83112	0.01202	0.00886	0.01202	0.00759	0.01012	0.00569	0.00316	0.00443	0.00127	0.00633	0.00443	0.00190	0.00506
22	0.00886	0.01012	0.02214	0.01581	0.01961	0.00949	0.83112	0.01202	0.00886	0.01202	0.00759	0.01012	0.00569	0.00316	0.00443	0.00127	0.00633	0.00443	0.00190	0.00506
23	0.00536	0.00402	0.00603	0.00603	0.00670	0.00469	0.00469	0.00670	0.00603	0.00871	0.01005	0.01474	0.00938	0.02814	0.85328	0.00603	0.01005	0.00402	0.00201	0.00335
24	0.00729	0.00687	0.01161	0.78303	0.10038	0.00839	0.01052	0.00976	0.00760	0.00983	0.00670	0.00994	0.00509	0.00371	0.00375	0.00124	0.00495	0.00333	0.00168	0.00433
25	0.00958	0.00810	0.00860	0.00759	0.00978	0.00923	0.00593	0.08632	0.72209	0.01609	0.01457	0.03243	0.01112	0.00511	0.00380	0.00124	0.00304	0.00424	0.00375	0.03739
26	0.00599	0.00419	0.00541	0.00487	0.00606	0.00375	0.00370	0.00774	0.01037	0.04759	0.73404	0.02558	0.03165	0.00711	0.00425	0.00112	0.00192	0.00625	0.00398	0.08443
27	0.01032	0.55914	0.15315	0.00792	0.02056	0.09227	0.01874	0.07988	0.00881	0.01067	0.00588	0.00674	0.00496	0.00344	0.00284	0.00092	0.00457	0.00233	0.00182	0.00504
28	0.00820	0.23951	0.47361	0.00938	0.01364	0.00999	0.05549	0.01170	0.04404	0.01120	0.00795	0.01094	0.00664	0.00413	0.00347	0.00114	0.00488	0.07706	0.00187	0.00515
29	0.00661	0.00412	0.00543	0.00494	0.00605	0.00376	0.00376	0.00835	0.01063	0.10915	0.74915	0.02630	0.03245	0.00733	0.00435	0.00118	0.00193	0.00644	0.00419	0.00386
30	0.00533	0.00390	0.00497	0.00492	0.00580	0.00363	0.00379	0.00687	0.00968	0.01325	0.54407	0.03126	0.13862	0.06470	0.00551	0.00144	0.00219	0.14289	0.00381	0.00339
31	0.02252	0.02432	0.08770	0.00961	0.06586	0.01010	0.04359	0.49550	0.04824	0.12028	0.00953	0.00991	0.00685	0.02363	0.00407	0.00120	0.00419	0.00346	0.00338	0.00606
32	0.21808	0.02871	0.00872	0.08509	0.03666	0.05289	0.00620	0.04629	0.44801	0.01510	0.01091	0.01088	0.00827	0.00441	0.00340	0.00121	0.00345	0.00343	0.00306	0.00524
33	0.86772	0.00736	0.00569	0.00505	0.00739	0.00851	0.00416	0.03615	0.00673	0.01704	0.00534	0.00618	0.00413	0.00351	0.00237	0.00116	0.00294	0.00207	0.00237	0.00413
34	0.01215	0.00936	0.00999	0.00816	0.01077	0.01051	0.00658	0.46088	0.37719	0.03554	0.01186	0.01127	0.00866	0.00476	0.00378	0.00119	0.00360	0.00376	0.00380	0.00619
35	0.01003	0.87041	0.01966	0.00642	0.00963	0.01485	0.00642	0.01123	0.00762	0.00883	0.00522	0.00602	0.00481	0.00321	0.00241	0.00080	0.00401	0.00201	0.00160	0.00481
36	0.00464	0.00380	0.00409	0.00404	0.00520	0.00325	0.00302	0.00577	0.00900	0.01125	0.22272	0.04853	0.64341	0.00912	0.00444	0.00125	0.00188	0.00770	0.00363	0.00325
37	0.00443	0.00380	0.00380	0.00380	0.00507	0.00317	0.00285	0.00538	0.00855	0.01014	0.03801	0.03611	0.84322	0.00950	0.00443	0.00127	0.00190	0.00792	0.00348	0.00317
38	0.00443	0.00380	0.00380	0.00380	0.00507	0.00317	0.00285	0.00538	0.00855	0.01014	0.03801	0.03611	0.84322	0.00950	0.00443	0.00127	0.00190	0.00792	0.00348	0.00317
39	0.00531	0.00383	0.00501	0.00472	0.00560	0.00354	0.00354	0.00708	0.01062	0.01504	0.84277	0.02802	0.03540	0.00767	0.00442	0.00118	0.00177	0.00678	0.00413	0.00354
40	0.89465	0.00726	0.00551	0.00493	0.00726	0.00842	0.00406	0.01103	0.00638	0.01683	0.00522	0.00609	0.00406	0.00348	0.00232	0.00116	0.00290	0.00203	0.00232	0.00406
41	0.00709	0.00667	0.01125	0.85913	0.02584	0.00834	0.01042	0.00959	0.00750	0.00959	0.00667	0.01000	0.00500	0.00375	0.00375	0.00125	0.00500	0.00333	0.00167	0.00417
42	0.89465	0.00726	0.00551	0.00493	0.00726	0.00842	0.00406	0.01103	0.00638	0.01683	0.00522	0.00609	0.00406	0.00348	0.00232	0.00116	0.00290	0.00203	0.00232	0.00406
43	0.00455	0.00335	0.00427	0.00500	0.00538	0.00307	0.00338	0.00525	0.00739	0.00966	0.02336	0.73736	0.15143	0.01141	0.00473	0.00148	0.00213	0.01024	0.00348	0.00307
44	0.00553	0.00386	0.00452	0.00447	0.00475	0.00393	0.00281	0.02292	0.00608	0.00810	0.01387	0.02373	0.08832	0.63917	0.14930	0.00375	0.00450	0.00541	0.00237	0.00261
45	0.70765	0.02756	0.00652	0.00535	0.00780	0.00818	0.00444	0.03359	0.00742	0.15233	0.00688	0.00726	0.00499	0.00369	0.00260	0.00115	0.00301	0.00235	0.00272	0.00452
46	0.00979	0.08806	0.01567	0.01969	0.63099	0.06619	0.06663	0.03686	0.00890	0.01207	0.00690	0.00887	0.00576	0.00339	0.00362	0.00109	0.00469	0.00323	0.00190	0.00569
47	0.78364	0.08620	0.01796	0.00525	0.00768	0.02710	0.00447	0.01114	0.00661	0.01588	0.00526	0.00613	0.00416	0.00347	0.00237	0.00112	0.00312	0.00205	0.00224	0.00416
48	0.00729	0.00687	0.01161	0.78303	0.10038	0.00839	0.01052	0.00976	0.00760	0.00983	0.00670	0.00994	0.00509	0.00371	0.00375	0.00124	0.00495	0.00333	0.00168	0.00433
49	0.00992	0.76687	0.09484	0.00691	0.01029	0.03993	0.00712	0.01141	0.00774	0.00912	0.00537	0.00621	0.00481	0.00326	0.00254	0.00084	0.00424	0.00209	0.00161	0.00487
50	0.00861	0.00660	0.00783	0.00565	0.00891	0.00503	0.00453	0.01025	0.00810	0.09149	0.01870	0.00853	0.00631	0.00302	0.00289	0.00062	0.00280	0.00243	0.00248	0.79520
51	0.00916	0.03208	0.05761	0.02397	0.10478	0.05672	0.02859	0.10707	0.09758	0.09915	0.17301	0.04998	0.13274	0.00586	0.00397	0.00118	0.00341	0.00498	0.00328	0.00487
52	0.00715	0.00598	0.06813	0.00759	0.10677	0.00496	0.00547	0.00941	0.04388	0.09258	0.50735	0.03196	0.06631	0.02053	0.00443	0.00122	0.00259	0.00577	0.00364	0.00429
53	0.00762	0.01876	0.79074	0.01105	0.01647	0.00877	0.07118	0.01189	0.00799	0.01189	0.00679	0.00808	0.00482	0.00354	0.00362	0.00119	0.00560	0.00289	0.00161	0.00551
54	0.59026	0.00744	0.00692	0.00577	0.00830	0.00813	0.00476	0.10897	0.00870	0.20796	0.00786	0.00797	0.00553	0.00387	0.00282	0.00116	0.00311	0.00259	0.00302	0.00487
55	0.00942	0.02451	0.26322	0.02130	0.23119	0.00760	0.07143	0.02084	0.00879	0.15537	0.01191	0.02213	0.09974	0.00440	0.00378	0.00116	0.00434	0.00387	0.00248	0.03254
56	0.00709	0.00667	0.01125	0.85913	0.02584	0.00834	0.01042	0.00959	0.00750	0.00959	0.00667	0.01000	0.00500	0.00375	0.00375	0.00125	0.00500	0.00333	0.00167	0.00417
