[name]
unknown

[dist]
# distance from previous block
# <min> <max>
0	32

[block]
# block no. 0 follows, 58 sequences, length 8
# corresponding to MSA columns:
# 115-122
name=unknown_A
#
# <colnr> <probs for GDERKNQSTAVLIFYWHMCP>
#	G	D	E	R	K	N	Q	S	T	A	V	L	I	F	Y	W	H	M	C	P
0	0.05021	0.00808	0.01002	0.00829	0.01047	0.03913	0.08133	0.13188	0.04778	0.11619	0.06460	0.04755	0.02943	0.18437	0.00885	0.02920	0.00435	0.04386	0.02513	0.05930
1	0.00924	0.00796	0.01195	0.14517	0.17846	0.02302	0.07617	0.04544	0.03366	0.05135	0.14717	0.02350	0.18170	0.00696	0.00490	0.00146	0.00432	0.03876	0.00342	0.00539
2	0.01017	0.00828	0.01314	0.69289	0.02772	0.00994	0.01159	0.07422	0.01024	0.08585	0.00905	0.01213	0.00656	0.00464	0.00447	0.00147	0.00569	0.00403	0.00250	0.00542
3	0.22378	0.00931	0.02334	0.09750	0.06192	0.02295	0.04368	0.09587	0.12527	0.11632	0.01122	0.02547	0.00873	0.04912	0.00525	0.00156	0.02363	0.00409	0.02070	0.03030
4	0.00606	0.00415	0.00501	0.00545	0.00556	0.00404	0.00332	0.00639	0.00737	0.00983	0.01855	0.37150	0.02189	0.49289	0.01557	0.00327	0.00360	0.00913	0.00332	0.00310
5	0.01285	0.01043	0.01354	0.03897	0.01353	0.01243	0.05533	0.33199	0.01330	0.05359	0.01004	0.07329	0.00865	0.00684	0.00850	0.00163	0.32093	0.00473	0.00332	0.00609
6	0.06136	0.01007	0.01179	0.03075	0.05347	0.02636	0.05509	0.19922	0.36330	0.03835	0.06911	0.03633	0.01299	0.00589	0.00454	0.00145	0.00421	0.00495	0.00411	0.00665
7	0.05860	0.01083	0.01190	0.04140	0.01337	0.04434	0.03243	0.34501	0.22958	0.10837	0.04817	0.01362	0.01082	0.00556	0.00445	0.00140	0.00448	0.00444	0.00429	0.00693

[dist]
# distance from previous block
# <min> <max>
9	35

[block]
# block no. 1 follows, 58 sequences, length 31
# corresponding to MSA columns:
# 161-175,178-193
name=unknown_B
#
# <colnr> <probs for GDERKNQSTAVLIFYWHMCP>
#	G	D	E	R	K	N	Q	S	T	A	V	L	I	F	Y	W	H	M	C	P
0	0.06666	0.01228	0.01285	0.09820	0.22724	0.21642	0.00938	0.04842	0.09335	0.02694	0.02361	0.03536	0.00848	0.00482	0.00418	0.00127	0.00539	0.00391	0.00279	0.09844
1	0.02878	0.17585	0.04290	0.01255	0.13463	0.17525	0.03227	0.10178	0.09248	0.01480	0.00868	0.00990	0.00706	0.00467	0.00469	0.00124	0.06503	0.00343	0.00268	0.08133
2	0.00571	0.00435	0.00522	0.00567	0.00647	0.00399	0.00397	0.00708	0.03297	0.01254	0.12621	0.44581	0.27079	0.04014	0.00606	0.00175	0.00252	0.01072	0.00421	0.00382
3	0.01084	0.02419	0.06825	0.11405	0.44973	0.02265	0.09497	0.05280	0.02393	0.02986	0.04132	0.01277	0.02535	0.00453	0.00454	0.00137	0.00547	0.00434	0.00253	0.00651
4	0.00557	0.00421	0.00515	0.00562	0.00639	0.00379	0.00394	0.00670	0.00982	0.01284	0.17914	0.45340	0.26260	0.01231	0.00550	0.00165	0.00241	0.01088	0.00430	0.00379
5	0.00971	0.00876	0.01279	0.46610	0.05344	0.01034	0.03650	0.05282	0.24332	0.01458	0.01170	0.04098	0.00916	0.00526	0.00456	0.00150	0.00512	0.00463	0.00295	0.00579
6	0.01403	0.01105	0.16403	0.03860	0.08537	0.00779	0.03563	0.01666	0.01093	0.35913	0.01220	0.01220	0.00838	0.00456	0.00420	0.00123	0.00456	0.00382	0.00367	0.20195
7	0.00928	0.00795	0.00928	0.00663	0.01060	0.00596	0.00530	0.01126	0.00928	0.01458	0.00795	0.00928	0.00663	0.00331	0.00331	0.00066	0.00331	0.00265	0.00265	0.87014
8	0.00538	0.00454	0.00466	0.00463	0.00610	0.00381	0.00347	0.00660	0.01041	0.01259	0.11190	0.04221	0.74617	0.01114	0.00529	0.00150	0.00225	0.00932	0.00422	0.00381
9	0.00925	0.00799	0.06747	0.00706	0.01008	0.00604	0.00596	0.01199	0.06264	0.08598	0.14308	0.10929	0.05159	0.00626	0.00424	0.00113	0.00329	0.00534	0.00358	0.39775
10	0.00928	0.00795	0.00928	0.00663	0.01060	0.00596	0.00530	0.01126	0.00928	0.01458	0.00795	0.00928	0.00663	0.00331	0.00331	0.00066	0.00331	0.00265	0.00265	0.87014
11	0.01359	0.00914	0.01101	0.09095	0.04051	0.00995	0.00778	0.09391	0.40923	0.22260	0.03197	0.01544	0.01202	0.00570	0.00453	0.00146	0.00401	0.00474	0.00447	0.00700
12	0.01106	0.00666	0.00889	0.00810	0.03617	0.00685	0.00616	0.01307	0.03948	0.24847	0.25468	0.07859	0.10823	0.00816	0.00659	0.00153	0.14093	0.00657	0.00437	0.00543
13	0.07850	0.13939	0.04247	0.04044	0.19474	0.06044	0.04763	0.11333	0.01192	0.21348	0.01039	0.01101	0.00758	0.00458	0.00410	0.00130	0.00502	0.00373	0.00330	0.00665
14	0.01652	0.05386	0.01310	0.01137	0.01374	0.79297	0.00860	0.01769	0.01253	0.01093	0.00689	0.00803	0.00576	0.00458	0.00399	0.00114	0.00794	0.00286	0.00229	0.00521
15	0.00576	0.00434	0.00486	0.00505	0.00581	0.00395	0.00339	0.00652	0.00886	0.01122	0.07544	0.20015	0.36188	0.27025	0.01081	0.00245	0.00297	0.00912	0.00375	0.00344
16	0.01072	0.14062	0.23200	0.01265	0.11408	0.08525	0.05615	0.04045	0.10627	0.01472	0.10460	0.01310	0.01130	0.00512	0.00463	0.00134	0.03396	0.00415	0.00276	0.00612
17	0.00736	0.00513	0.00613	0.00576	0.00700	0.00508	0.00435	0.01080	0.11257	0.01777	0.54529	0.02780	0.03217	0.00793	0.00474	0.00134	0.00229	0.00689	0.18503	0.00457
18	0.01277	0.01114	0.01186	0.03098	0.07972	0.09792	0.00761	0.27283	0.01360	0.01861	0.00880	0.00985	0.00688	0.00422	0.00390	0.00102	0.00459	0.00328	0.00316	0.39730
19	0.01023	0.39058	0.15342	0.00809	0.01225	0.01192	0.00821	0.01248	0.00929	0.01265	0.02934	0.03693	0.00779	0.00422	0.00340	0.00098	0.00449	0.00313	0.00230	0.27829
20	0.01236	0.72529	0.05291	0.00822	0.01204	0.07270	0.00810	0.04394	0.00981	0.01137	0.00651	0.00746	0.00581	0.00396	0.00306	0.00100	0.00508	0.00252	0.00204	0.00581
21	0.00979	0.00979	0.01370	0.01174	0.01174	0.01370	0.00979	0.01077	0.00685	0.01077	0.00587	0.00979	0.00587	0.00783	0.01468	0.00196	0.83461	0.00391	0.00196	0.00489
22	0.00928	0.00795	0.00928	0.00663	0.01060	0.00596	0.00530	0.01126	0.00928	0.01458	0.00795	0.00928	0.00663	0.00331	0.00331	0.00066	0.00331	0.00265	0.00265	0.87014
23	0.00545	0.00389	0.00519	0.00623	0.00649	0.00363	0.00415	0.00623	0.00856	0.01142	0.02465	0.83987	0.02959	0.01401	0.00571	0.00182	0.00260	0.01272	0.00415	0.00363
24	0.00777	0.00389	0.00583	0.00583	0.00583	0.00389	0.00389	0.00583	0.00583	0.00777	0.00777	0.01360	0.00777	0.01554	0.01748	0.86985	0.00389	0.00389	0.00194	0.00194
25	0.01170	0.01238	0.08887	0.01691	0.02146	0.01061	0.62945	0.01531	0.01077	0.12135	0.01011	0.01227	0.00727	0.00404	0.00509	0.00148	0.00697	0.00501	0.00267	0.00629
26	0.00651	0.00434	0.00488	0.00488	0.00488	0.00434	0.00271	0.00651	0.00651	0.00867	0.01409	0.02927	0.01626	0.84279	0.02277	0.00434	0.00434	0.00651	0.00271	0.00271
27	0.00651	0.00434	0.00488	0.00488	0.00488	0.00434	0.00271	0.00651	0.00651	0.00867	0.01409	0.02927	0.01626	0.84279	0.02277	0.00434	0.00434	0.00651	0.00271	0.00271
28	0.02997	0.07007	0.01197	0.00861	0.01161	0.04037	0.00713	0.18652	0.01246	0.21340	0.01071	0.01117	0.00788	0.00510	0.00540	0.00123	0.11844	0.00362	0.03682	0.20750
29	0.04500	0.32603	0.19834	0.01163	0.07611	0.13044	0.05585	0.01429	0.00979	0.03401	0.00760	0.02006	0.00633	0.00442	0.00422	0.00123	0.04332	0.00322	0.00217	0.00593
30	0.28849	0.04203	0.01503	0.03479	0.42935	0.01065	0.07627	0.01345	0.00936	0.01618	0.02101	0.01017	0.00685	0.00411	0.00392	0.00135	0.00484	0.00360	0.00243	0.00614

[dist]
# distance from previous block
# <min> <max>
0	4

[block]
# block no. 2 follows, 58 sequences, length 11
# corresponding to MSA columns:
# 202-212
name=unknown_C
#
# <colnr> <probs for GDERKNQSTAVLIFYWHMCP>
#	G	D	E	R	K	N	Q	S	T	A	V	L	I	F	Y	W	H	M	C	P
0	0.01168	0.01102	0.05028	0.04240	0.37354	0.05308	0.02989	0.07035	0.15685	0.05654	0.02429	0.01284	0.00916	0.00653	0.05370	0.00173	0.02218	0.00427	0.00300	0.00666
1	0.00968	0.00561	0.00677	0.00606	0.00737	0.00549	0.00436	0.05738	0.00925	0.15130	0.01627	0.02283	0.07147	0.34208	0.13628	0.00338	0.00501	0.00556	0.09383	0.04002
2	0.00604	0.00444	0.00565	0.00608	0.00685	0.00422	0.00449	0.00731	0.00959	0.01269	0.16723	0.28673	0.16945	0.09506	0.06154	0.00233	0.00350	0.13900	0.00403	0.00378
3	0.00845	0.00795	0.01342	0.83204	0.03081	0.00994	0.01242	0.01143	0.00894	0.01143	0.00795	0.01193	0.00596	0.00447	0.00447	0.00149	0.00596	0.00398	0.00199	0.00497
4	0.01191	0.17025	0.24209	0.02565	0.10717	0.03056	0.02528	0.09149	0.14437	0.07337	0.01038	0.01101	0.00781	0.00463	0.00410	0.00131	0.00520	0.00368	0.00292	0.02680
5	0.05107	0.00912	0.01184	0.02557	0.01268	0.00892	0.09856	0.17758	0.09220	0.10758	0.01138	0.01335	0.00898	0.08220	0.02918	0.00164	0.00462	0.00412	0.00349	0.24591
6	0.08583	0.21107	0.25025	0.07022	0.01565	0.03716	0.05674	0.06057	0.03583	0.08583	0.04424	0.01089	0.00816	0.00459	0.00396	0.00130	0.00532	0.00358	0.00271	0.00611
7	0.01044	0.22950	0.49501	0.01177	0.01729	0.01257	0.07701	0.07147	0.01029	0.01428	0.00785	0.00918	0.00592	0.00419	0.00400	0.00130	0.00610	0.00329	0.00211	0.00642
8	0.00579	0.00523	0.05380	0.00622	0.00709	0.00416	0.00468	0.00695	0.00907	0.01207	0.09727	0.54275	0.14153	0.07323	0.00677	0.00190	0.00287	0.01081	0.00398	0.00382
9	0.01186	0.50318	0.05779	0.03448	0.01315	0.03989	0.06853	0.04166	0.01006	0.06230	0.00992	0.01074	0.05452	0.00446	0.00354	0.00110	0.00492	0.00335	0.00245	0.06209
10	0.03865	0.03479	0.01138	0.01073	0.09793	0.07976	0.03557	0.16939	0.15085	0.01681	0.04348	0.08688	0.06376	0.06388	0.02767	0.00177	0.02124	0.02001	0.00355	0.02189

[dist]
# distance from previous block
# <min> <max>
0	2

[block]
# block no. 3 follows, 58 sequences, length 41
# corresponding to MSA columns:
# 216-256
name=unknown_D
#
# <colnr> <probs for GDERKNQSTAVLIFYWHMCP>
#	G	D	E	R	K	N	Q	S	T	A	V	L	I	F	Y	W	H	M	C	P
0	0.01204	0.20681	0.04344	0.02790	0.04475	0.07959	0.11647	0.05824	0.15510	0.07601	0.04514	0.05190	0.01058	0.00545	0.00478	0.00136	0.04675	0.00450	0.00314	0.00608
1	0.29244	0.01066	0.01056	0.00848	0.01160	0.01192	0.00696	0.46998	0.04184	0.02456	0.03234	0.01067	0.00803	0.00510	0.00390	0.00135	0.00422	0.00366	0.03523	0.00648
2	0.00880	0.00852	0.01339	0.79730	0.03009	0.04444	0.01226	0.01170	0.00910	0.01141	0.00791	0.01176	0.00595	0.00448	0.00445	0.00148	0.00605	0.00393	0.00200	0.00498
3	0.01421	0.01103	0.12844	0.00871	0.01282	0.00847	0.00801	0.18221	0.01288	0.26561	0.01155	0.01145	0.00807	0.00457	0.00406	0.00114	0.00429	0.00361	0.00382	0.29506
4	0.00777	0.00389	0.00583	0.00583	0.00583	0.00389	0.00389	0.00583	0.00583	0.00777	0.00777	0.01360	0.00777	0.01554	0.01748	0.86985	0.00389	0.00389	0.00194	0.00194
5	0.03913	0.01047	0.01137	0.00998	0.04037	0.01177	0.00768	0.27241	0.46909	0.05542	0.01508	0.01424	0.01111	0.00569	0.00447	0.00144	0.00406	0.00459	0.00443	0.00721
6	0.00693	0.00534	0.00612	0.00591	0.00733	0.00504	0.00458	0.07272	0.02593	0.01518	0.25138	0.06145	0.37116	0.03821	0.00591	0.00164	0.00277	0.10377	0.00435	0.00428
7	0.01275	0.00937	0.01385	0.01014	0.01404	0.02220	0.19078	0.06246	0.02363	0.20493	0.01081	0.01151	0.00787	0.00413	0.00415	0.00109	0.00460	0.00382	0.00337	0.38449
8	0.00922	0.07278	0.73751	0.01270	0.01905	0.01087	0.04910	0.01413	0.00947	0.01395	0.00796	0.00942	0.00572	0.00420	0.00421	0.00139	0.00654	0.00333	0.00191	0.00653
9	0.00545	0.00389	0.00519	0.00623	0.00649	0.00363	0.00415	0.00623	0.00856	0.01142	0.02465	0.83987	0.02959	0.01401	0.00571	0.00182	0.00260	0.01272	0.00415	0.00363
10	0.00845	0.00795	0.01342	0.83204	0.03081	0.00994	0.01242	0.01143	0.00894	0.01143	0.00795	0.01193	0.00596	0.00447	0.00447	0.00149	0.00596	0.00398	0.00199	0.00497
11	0.00889	0.00856	0.01482	0.67344	0.10397	0.01021	0.06973	0.01184	0.00912	0.01192	0.00802	0.01179	0.00613	0.00447	0.00482	0.00149	0.02945	0.00407	0.00203	0.00524
12	0.01107	0.01063	0.01816	0.02746	0.81489	0.01063	0.01373	0.01373	0.01019	0.01461	0.00841	0.01107	0.00709	0.00399	0.00443	0.00133	0.00531	0.00399	0.00221	0.00709
13	0.01681	0.01267	0.01356	0.01086	0.03888	0.03191	0.00867	0.75793	0.02051	0.02738	0.01058	0.01069	0.00755	0.00531	0.00446	0.00134	0.00500	0.00400	0.00436	0.00754
14	0.00656	0.00432	0.00492	0.00492	0.00492	0.00432	0.00276	0.00648	0.00648	0.00864	0.01384	0.02865	0.01593	0.81009	0.02256	0.03856	0.00432	0.00640	0.00268	0.00268
15	0.01100	0.37476	0.39066	0.01039	0.01535	0.08858	0.01184	0.01434	0.02317	0.01239	0.00732	0.00847	0.00584	0.00413	0.00364	0.00120	0.00591	0.00291	0.00198	0.00612
16	0.01196	0.84548	0.02344	0.00765	0.01148	0.01770	0.00765	0.01339	0.00909	0.01052	0.00622	0.00718	0.00574	0.00383	0.00287	0.00096	0.00478	0.00239	0.00191	0.00574
17	0.00545	0.00389	0.00519	0.00623	0.00649	0.00363	0.00415	0.00623	0.00856	0.01142	0.02465	0.83987	0.02959	0.01401	0.00571	0.00182	0.00260	0.01272	0.00415	0.00363
18	0.00979	0.00979	0.01370	0.01174	0.01174	0.01370	0.00979	0.01077	0.00685	0.01077	0.00587	0.00979	0.00587	0.00783	0.01468	0.00196	0.83461	0.00391	0.00196	0.00489
19	0.06166	0.01032	0.01339	0.06381	0.21749	0.01103	0.02348	0.27885	0.11663	0.11173	0.01158	0.01221	0.00851	0.00497	0.00435	0.00137	0.00465	0.00414	0.03287	0.00695
20	0.00542	0.00402	0.00506	0.00590	0.00640	0.00366	0.00401	0.00627	0.00888	0.01155	0.02865	0.68569	0.18118	0.01349	0.00563	0.00176	0.00253	0.01208	0.00415	0.00366
21	0.00777	0.00389	0.00583	0.00583	0.00583	0.00389	0.00389	0.00583	0.00583	0.00777	0.00777	0.01360	0.00777	0.01554	0.01748	0.86985	0.00389	0.00389	0.00194	0.00194
22	0.00653	0.00498	0.00741	0.00733	0.00808	0.00589	0.00571	0.00807	0.00716	0.01037	0.01178	0.01747	0.01106	0.04688	0.77880	0.00693	0.04437	0.00479	0.00238	0.00401
23	0.00864	0.00651	0.00744	0.00727	0.02165	0.02930	0.00532	0.03402	0.18934	0.06844	0.24051	0.24222	0.10260	0.00941	0.00511	0.00154	0.00298	0.00821	0.00447	0.00505
24	0.00888	0.00541	0.00566	0.00533	0.00677	0.00558	0.00407	0.04049	0.13026	0.03083	0.07283	0.01979	0.08027	0.00613	0.00374	0.00119	0.00245	0.00501	0.56054	0.00476
25	0.00548	0.00391	0.00521	0.00621	0.00649	0.00365	0.00415	0.00629	0.00869	0.01161	0.04810	0.81587	0.02996	0.01387	0.00570	0.00180	0.00258	0.01258	0.00418	0.00365
26	0.01076	0.01031	0.01759	0.12350	0.72129	0.01055	0.01357	0.01345	0.01004	0.01423	0.00836	0.01117	0.00695	0.00404	0.00443	0.00135	0.00539	0.00398	0.00219	0.00683
27	0.00897	0.02314	0.81962	0.01275	0.01936	0.01039	0.01653	0.01417	0.00944	0.01417	0.00803	0.00944	0.00567	0.00425	0.00425	0.00142	0.00661	0.00331	0.00189	0.00661
28	0.00863	0.00790	0.01332	0.69110	0.02772	0.00954	0.04809	0.02854	0.00924	0.01190	0.00901	0.01433	0.00732	0.00541	0.00516	0.03829	0.00581	0.05162	0.00218	0.00490
29	0.01671	0.02132	0.01268	0.01152	0.01383	0.82483	0.00864	0.01786	0.01268	0.01095	0.00691	0.00807	0.00576	0.00461	0.00403	0.00115	0.00807	0.00288	0.00230	0.00519
30	0.00651	0.00549	0.00720	0.08437	0.08889	0.00520	0.00563	0.00826	0.01075	0.01390	0.24493	0.03464	0.42081	0.00941	0.00516	0.00148	0.00294	0.03613	0.00397	0.00435
31	0.00545	0.00397	0.00513	0.00604	0.00644	0.00366	0.00407	0.00629	0.00882	0.01161	0.04186	0.73904	0.11389	0.01363	0.00566	0.00178	0.00255	0.01228	0.00417	0.00366
32	0.07410	0.00858	0.06617	0.00841	0.01161	0.00720	0.03468	0.05245	0.01184	0.50914	0.03236	0.08170	0.01238	0.00756	0.04524	0.00172	0.00444	0.01913	0.00463	0.00667
33	0.00860	0.00808	0.01349	0.78559	0.05608	0.00999	0.01234	0.01181	0.02842	0.01171	0.00822	0.01201	0.00619	0.00450	0.00447	0.00149	0.00588	0.00400	0.00206	0.00509
34	0.00897	0.02314	0.81962	0.01275	0.01936	0.01039	0.01653	0.01417	0.00944	0.01417	0.00803	0.00944	0.00567	0.00425	0.00425	0.00142	0.00661	0.00331	0.00189	0.00661
35	0.03597	0.02611	0.10578	0.02983	0.03004	0.20147	0.05905	0.03311	0.04016	0.01446	0.20439	0.01996	0.11352	0.00672	0.00517	0.00140	0.04848	0.01599	0.00324	0.00514
36	0.00884	0.00843	0.01296	0.30370	0.03520	0.01089	0.03389	0.01071	0.00800	0.01134	0.03580	0.01282	0.00804	0.03885	0.07685	0.00226	0.37017	0.00429	0.00215	0.00483
37	0.00554	0.00413	0.00521	0.00585	0.00647	0.00379	0.00406	0.00655	0.00926	0.01217	0.10738	0.56488	0.19183	0.01368	0.03528	0.00191	0.00282	0.01129	0.00417	0.00373
38	0.11049	0.00561	0.00695	0.02892	0.00855	0.00567	0.00509	0.01089	0.03565	0.14733	0.11854	0.28972	0.03705	0.04576	0.12066	0.00247	0.00434	0.00764	0.00397	0.00468
39	0.01035	0.07223	0.23355	0.13522	0.20316	0.04902	0.08233	0.04333	0.03625	0.01392	0.00906	0.04457	0.00747	0.00480	0.00476	0.00141	0.03592	0.00414	0.00231	0.00617
40	0.03261	0.06336	0.01406	0.03761	0.01405	0.19603	0.11165	0.19848	0.03882	0.07519	0.02880	0.01300	0.03244	0.04592	0.02315	0.00160	0.04546	0.00422	0.00322	0.02033

[dist]
# distance from previous block
# <min> <max>
3	13

[block]
# block no. 4 follows, 58 sequences, length 34
# corresponding to MSA columns:
# 273-306
name=unknown_E
#
# <colnr> <probs for GDERKNQSTAVLIFYWHMCP>
#	G	D	E	R	K	N	Q	S	T	A	V	L	I	F	Y	W	H	M	C	P
0	0.06422	0.05038	0.01227	0.02599	0.01242	0.06369	0.10789	0.12028	0.16049	0.07162	0.07392	0.04333	0.03092	0.08055	0.00650	0.00171	0.02985	0.03461	0.00363	0.00572
1	0.06248	0.16014	0.07249	0.06379	0.03827	0.06026	0.15445	0.12348	0.05149	0.01530	0.02633	0.01246	0.03626	0.02586	0.02775	0.00159	0.05489	0.00415	0.00273	0.00582
2	0.04973	0.03308	0.08305	0.03824	0.06035	0.01793	0.21805	0.08037	0.02898	0.15513	0.03968	0.06926	0.04751	0.02122	0.00499	0.00147	0.00512	0.00523	0.00336	0.03727
3	0.00710	0.00542	0.00750	0.00711	0.00764	0.00629	0.02114	0.00819	0.00722	0.01052	0.01231	0.04669	0.01248	0.26612	0.36892	0.00486	0.12278	0.00540	0.06852	0.00378
4	0.02299	0.16794	0.19153	0.03808	0.04182	0.16622	0.03934	0.05823	0.05996	0.03269	0.01162	0.03050	0.03795	0.00561	0.00427	0.00136	0.00567	0.07567	0.00274	0.00582
5	0.03539	0.19189	0.18655	0.04988	0.04066	0.09167	0.09618	0.04884	0.07657	0.10613	0.01003	0.01151	0.00769	0.00468	0.00413	0.00132	0.00561	0.02221	0.00281	0.00625
6	0.00705	0.00588	0.03470	0.00744	0.00882	0.00515	0.07745	0.00909	0.03662	0.04202	0.25505	0.34166	0.08399	0.04243	0.00605	0.00171	0.00318	0.02321	0.00414	0.00436
7	0.01384	0.35459	0.07478	0.00942	0.01307	0.05610	0.03883	0.21249	0.01282	0.10448	0.03556	0.01031	0.00804	0.00478	0.00418	0.00121	0.03255	0.00348	0.00309	0.00638
8	0.07435	0.12342	0.39106	0.04389	0.01649	0.07961	0.05178	0.03465	0.04792	0.05895	0.00882	0.01004	0.00658	0.00523	0.02757	0.00151	0.00610	0.00343	0.00242	0.00618
9	0.01106	0.01091	0.05253	0.13352	0.49767	0.03798	0.06128	0.03755	0.01060	0.04491	0.03583	0.01276	0.00852	0.00451	0.00453	0.00138	0.00549	0.01993	0.00250	0.00652
10	0.00562	0.00431	0.00517	0.00555	0.00645	0.00385	0.00399	0.00684	0.01004	0.01303	0.18974	0.35853	0.32136	0.01199	0.00548	0.00163	0.00243	0.03585	0.00431	0.00382
11	0.06568	0.00818	0.01146	0.40595	0.10254	0.04026	0.00969	0.01164	0.04589	0.01320	0.07046	0.02892	0.10456	0.00606	0.00497	0.00149	0.03911	0.02215	0.00273	0.00505
12	0.01035	0.06239	0.14160	0.02830	0.16300	0.06159	0.00954	0.01594	0.25246	0.03609	0.01423	0.15952	0.01278	0.00653	0.00455	0.00146	0.00461	0.00560	0.00329	0.00617
13	0.01240	0.01011	0.01076	0.00923	0.01196	0.01148	0.00730	0.22310	0.56378	0.02112	0.05675	0.01601	0.01355	0.00605	0.00457	0.00147	0.00382	0.00495	0.00455	0.00707
14	0.00827	0.00739	0.01325	0.01155	0.01360	0.00728	0.25008	0.01078	0.01022	0.01353	0.01864	0.05997	0.01939	0.00962	0.00617	0.00188	0.03230	0.49788	0.00348	0.00472
15	0.00867	0.00653	0.01064	0.03715	0.28181	0.00652	0.02658	0.00901	0.00809	0.01112	0.03725	0.07735	0.03709	0.01055	0.01067	0.40518	0.00431	0.00495	0.00238	0.00414
16	0.01016	0.00958	0.01385	0.63204	0.06400	0.08467	0.03567	0.04245	0.01000	0.04329	0.00839	0.01162	0.00628	0.00452	0.00446	0.00144	0.00605	0.00394	0.00227	0.00532
17	0.00533	0.00452	0.00460	0.00461	0.00608	0.00379	0.00345	0.00649	0.01025	0.01228	0.07253	0.06089	0.76738	0.01131	0.00530	0.00151	0.00227	0.00947	0.00418	0.00379
18	0.00979	0.00932	0.01585	0.41952	0.43282	0.01029	0.01309	0.01261	0.00958	0.01306	0.00819	0.01149	0.00654	0.00422	0.00445	0.00141	0.00563	0.00398	0.00210	0.00605
19	0.01036	0.01121	0.01947	0.03308	0.01757	0.04179	0.37088	0.01267	0.00880	0.01242	0.00741	0.01082	0.00629	0.00578	0.00977	0.00171	0.40794	0.00450	0.00211	0.00543
20	0.00707	0.00509	0.00644	0.00599	0.00723	0.00488	0.00453	0.01010	0.08262	0.03626	0.72442	0.03153	0.03898	0.00879	0.00519	0.00142	0.00228	0.00774	0.00491	0.00455
21	0.00544	0.00392	0.00516	0.00616	0.00647	0.00364	0.00412	0.00624	0.00863	0.01145	0.02551	0.80708	0.06183	0.01390	0.00569	0.00180	0.00258	0.01258	0.00415	0.00364
22	0.01189	0.00849	0.00950	0.03733	0.01111	0.03339	0.00657	0.24881	0.13562	0.10900	0.03350	0.26577	0.05291	0.00841	0.00490	0.00153	0.00383	0.00716	0.00435	0.00591
23	0.00897	0.02314	0.81962	0.01275	0.01936	0.01039	0.01653	0.01417	0.00944	0.01417	0.00803	0.00944	0.00567	0.00425	0.00425	0.00142	0.00661	0.00331	0.00189	0.00661
24	0.00845	0.00795	0.01342	0.83204	0.03081	0.00994	0.01242	0.01143	0.00894	0.01143	0.00795	0.01193	0.00596	0.00447	0.00447	0.00149	0.00596	0.00398	0.00199	0.00497
25	0.01065	0.25815	0.10657	0.01272	0.01645	0.01258	0.30444	0.01335	0.00942	0.04049	0.00841	0.01080	0.00686	0.00723	0.08690	0.00194	0.08107	0.00402	0.00222	0.00576
26	0.00897	0.00634	0.00846	0.06218	0.00987	0.00705	0.00609	0.03171	0.08106	0.07494	0.21952	0.07416	0.06065	0.00972	0.00912	0.17943	0.13671	0.00601	0.00355	0.00446
27	0.04811	0.00803	0.01049	0.00807	0.01152	0.00726	0.00667	0.08258	0.01328	0.72960	0.01673	0.01461	0.01059	0.00548	0.00444	0.00138	0.00388	0.00439	0.00536	0.00752
28	0.00717	0.00628	0.03640	0.00748	0.00821	0.01723	0.03302	0.00824	0.00775	0.01078	0.06533	0.12015	0.01614	0.28110	0.20823	0.02376	0.11402	0.02207	0.00282	0.00381
29	0.01041	0.04111	0.41350	0.11923	0.10690	0.01030	0.06705	0.03836	0.03829	0.07563	0.00970	0.03292	0.00733	0.00466	0.00440	0.00142	0.00591	0.00400	0.00247	0.00643
30	0.02107	0.01183	0.06582	0.37533	0.07770	0.19738	0.01050	0.01351	0.01024	0.07118	0.01127	0.05435	0.05037	0.00537	0.00444	0.00140	0.00589	0.00443	0.00256	0.00534
31	0.01703	0.00780	0.01002	0.00790	0.01094	0.00728	0.00644	0.12113	0.04030	0.55178	0.15241	0.01779	0.01602	0.00615	0.00463	0.00139	0.00365	0.00507	0.00526	0.00702
32	0.04693	0.01146	0.03658	0.13844	0.08136	0.05019	0.44749	0.04503	0.01049	0.01433	0.00932	0.05027	0.00761	0.00460	0.00512	0.00149	0.02612	0.00498	0.00240	0.00580
33	0.01213	0.04428	0.19490	0.01146	0.04559	0.00952	0.12501	0.06058	0.14065	0.18492	0.03378	0.09332	0.01167	0.00585	0.00464	0.00145	0.00494	0.00519	0.00360	0.00651

[dist]
# distance from previous block
# <min> <max>
5	10

[block]
# block no. 5 follows, 58 sequences, length 43
# corresponding to MSA columns:
# 319-333,335,341-367
name=unknown_F
#
# <colnr> <probs for GDERKNQSTAVLIFYWHMCP>
#	G	D	E	R	K	N	Q	S	T	A	V	L	I	F	Y	W	H	M	C	P
0	0.01258	0.09421	0.19709	0.04758	0.05804	0.11197	0.14766	0.05997	0.04942	0.12377	0.01023	0.02951	0.00775	0.00469	0.00436	0.00134	0.00589	0.00405	0.00287	0.02703
1	0.02306	0.06392	0.20405	0.01550	0.17410	0.03928	0.18018	0.11791	0.01170	0.05890	0.03596	0.02144	0.00825	0.00456	0.00447	0.00136	0.00582	0.00420	0.00274	0.02261
2	0.00704	0.00467	0.00617	0.00618	0.00688	0.00483	0.00439	0.00800	0.00777	0.06017	0.01751	0.14888	0.07793	0.27206	0.34212	0.00470	0.00697	0.00687	0.00309	0.00376
3	0.00669	0.00528	0.00584	0.00637	0.00702	0.05477	0.00439	0.00779	0.02150	0.03059	0.08956	0.57548	0.09766	0.05708	0.00640	0.00184	0.00300	0.01079	0.00406	0.00389
4	0.07181	0.13194	0.13364	0.04217	0.09238	0.06305	0.19775	0.05708	0.02058	0.13353	0.00954	0.01076	0.00704	0.00435	0.00426	0.00134	0.00576	0.00388	0.00281	0.00633
5	0.01036	0.17175	0.47236	0.01231	0.03664	0.03621	0.08507	0.04939	0.04610	0.01431	0.02065	0.01002	0.00683	0.00434	0.00413	0.00133	0.00609	0.00351	0.00223	0.00640
6	0.00645	0.00433	0.00493	0.00497	0.00501	0.00430	0.00283	0.00656	0.00681	0.00912	0.04257	0.06595	0.01777	0.77621	0.02139	0.00412	0.00418	0.00684	0.00285	0.00281
7	0.01046	0.06732	0.35485	0.09153	0.27067	0.01096	0.01373	0.04676	0.04611	0.03319	0.00882	0.01056	0.00671	0.00432	0.00427	0.00137	0.00576	0.00366	0.00231	0.00664
8	0.02394	0.03929	0.33901	0.01540	0.15891	0.08696	0.12369	0.05740	0.05848	0.03138	0.00899	0.01051	0.00677	0.00440	0.00451	0.00138	0.01624	0.00380	0.00243	0.00651
9	0.03850	0.13695	0.16226	0.21443	0.12422	0.09748	0.01100	0.03406	0.01004	0.06532	0.00880	0.02310	0.00708	0.02972	0.01782	0.00151	0.00580	0.00371	0.00240	0.00582
10	0.00659	0.00485	0.00664	0.00655	0.00702	0.00550	0.00473	0.00757	0.00692	0.00978	0.01248	0.02149	0.01280	0.32740	0.49607	0.00591	0.04627	0.00538	0.00249	0.00357
11	0.00587	0.00450	0.00538	0.00596	0.00655	0.02217	0.00410	0.00688	0.00944	0.01242	0.15338	0.54903	0.13455	0.05002	0.00631	0.00181	0.00267	0.01104	0.00417	0.00374
12	0.01232	0.09681	0.26697	0.01167	0.05036	0.21525	0.03843	0.03949	0.09782	0.06432	0.01038	0.05807	0.00845	0.00515	0.00425	0.00134	0.00598	0.00404	0.00275	0.00614
13	0.01599	0.04986	0.02672	0.00789	0.01081	0.04432	0.00655	0.07093	0.05393	0.46788	0.04405	0.06174	0.01279	0.00609	0.00439	0.00136	0.00388	0.01875	0.08542	0.00664
14	0.02430	0.28249	0.16777	0.00994	0.04947	0.01220	0.02975	0.07639	0.09788	0.02696	0.00892	0.00977	0.00707	0.00421	0.00369	0.00112	0.00477	0.00322	0.00264	0.17742
15	0.04199	0.11103	0.23670	0.01093	0.04657	0.06197	0.05956	0.06736	0.01997	0.25148	0.01200	0.02389	0.02681	0.00496	0.00424	0.00134	0.00527	0.00399	0.00334	0.00660
16	0.02380	0.12340	0.06025	0.02147	0.02555	0.07071	0.00756	0.16963	0.06014	0.13558	0.21512	0.01672	0.01667	0.00608	0.00467	0.00133	0.02652	0.00482	0.00392	0.00606
17	0.00963	0.06111	0.48676	0.05554	0.01735	0.00975	0.05721	0.02867	0.00967	0.05663	0.00957	0.04947	0.00761	0.00651	0.05510	0.00172	0.00627	0.00397	0.00235	0.06509
18	0.01022	0.44329	0.07785	0.00757	0.01086	0.01277	0.00727	0.04697	0.09784	0.01306	0.04396	0.01723	0.18292	0.00598	0.00384	0.00121	0.00416	0.00455	0.00290	0.00556
19	0.09200	0.15933	0.27889	0.00992	0.01426	0.02435	0.05862	0.06329	0.01084	0.14269	0.07013	0.01229	0.02166	0.00488	0.00406	0.00131	0.00508	0.00385	0.00302	0.01954
20	0.02753	0.15340	0.51598	0.01137	0.01682	0.01167	0.03688	0.08666	0.02609	0.04574	0.02288	0.01002	0.00689	0.00444	0.00408	0.00134	0.00588	0.00343	0.00240	0.00651
21	0.00999	0.00591	0.01974	0.00704	0.00840	0.00566	0.00546	0.06343	0.01015	0.16778	0.10053	0.15603	0.02866	0.08084	0.07137	0.13405	0.02042	0.08655	0.01346	0.00455
22	0.05693	0.04702	0.05912	0.00817	0.00990	0.13611	0.03782	0.06022	0.02836	0.04836	0.01104	0.01803	0.01077	0.34329	0.04337	0.02284	0.04663	0.00476	0.00276	0.00449
23	0.03132	0.25091	0.37813	0.01004	0.01466	0.01129	0.03005	0.01380	0.00957	0.09629	0.01042	0.10553	0.00902	0.00538	0.00404	0.00133	0.00529	0.00429	0.00257	0.00607
24	0.01085	0.01044	0.06571	0.07367	0.41760	0.00978	0.08290	0.05623	0.02993	0.05160	0.01158	0.01755	0.01017	0.00551	0.00478	0.00148	0.00532	0.12566	0.00281	0.00641
25	0.00548	0.00391	0.00521	0.00621	0.00649	0.00365	0.00415	0.00629	0.00868	0.01161	0.04780	0.81618	0.02996	0.01387	0.00570	0.00180	0.00258	0.01258	0.00418	0.00365
26	0.01105	0.04563	0.24227	0.03436	0.02699	0.00917	0.05656	0.10355	0.08033	0.12277	0.12950	0.03925	0.06686	0.00610	0.00461	0.00142	0.00468	0.00516	0.00358	0.00617
27	0.00845	0.00795	0.01342	0.83204	0.03081	0.00994	0.01242	0.01143	0.00894	0.01143	0.00795	0.01193	0.00596	0.00447	0.00447	0.00149	0.00596	0.00398	0.00199	0.00497
28	0.00614	0.00445	0.00558	0.00600	0.00616	0.00454	0.00391	0.00662	0.00767	0.01030	0.01970	0.44870	0.03876	0.34437	0.01307	0.00283	0.05481	0.00963	0.00344	0.00335
29	0.01027	0.01132	0.02403	0.01742	0.02152	0.01067	0.70101	0.03676	0.01068	0.01447	0.01056	0.08945	0.00894	0.00478	0.00530	0.00153	0.00700	0.00594	0.00250	0.00586
30	0.00799	0.00710	0.02264	0.02401	0.03411	0.05640	0.03997	0.05520	0.00920	0.01246	0.06309	0.17633	0.01561	0.05062	0.36684	0.00414	0.04049	0.00636	0.00298	0.00445
31	0.04473	0.00834	0.01070	0.00823	0.01169	0.00771	0.00680	0.13196	0.01382	0.68248	0.01633	0.01436	0.01040	0.00547	0.00444	0.00138	0.00395	0.00437	0.00530	0.00753
32	0.00599	0.00447	0.00536	0.00535	0.00620	0.00422	0.00377	0.00714	0.00949	0.01257	0.23385	0.10237	0.26480	0.20783	0.10429	0.00283	0.00386	0.00814	0.00382	0.00366
33	0.00643	0.00439	0.00530	0.00535	0.00551	0.00452	0.00329	0.00675	0.00674	0.00912	0.01429	0.07086	0.01609	0.65723	0.16160	0.00470	0.00557	0.00654	0.00273	0.00298
34	0.87439	0.00865	0.00657	0.00588	0.00865	0.01003	0.00484	0.01315	0.00761	0.02007	0.00623	0.00727	0.00484	0.00415	0.00277	0.00138	0.00346	0.00242	0.00277	0.00484
35	0.00537	0.00449	0.00459	0.00464	0.00599	0.00380	0.00340	0.00641	0.00988	0.01184	0.04227	0.08508	0.72156	0.06296	0.00639	0.00170	0.00241	0.00944	0.00406	0.00370
36	0.01387	0.01455	0.12710	0.01173	0.05347	0.13728	0.05755	0.35002	0.01489	0.01964	0.00902	0.01001	0.00678	0.00473	0.00459	0.00126	0.03207	0.00363	0.00320	0.12462
37	0.01020	0.05471	0.36410	0.01029	0.01520	0.03095	0.03581	0.07944	0.05992	0.01557	0.02680	0.01043	0.00746	0.00427	0.00400	0.00117	0.00520	0.00340	0.00258	0.25849
38	0.00997	0.08494	0.02271	0.00941	0.05371	0.07038	0.06423	0.02502	0.10473	0.07462	0.09583	0.04763	0.05190	0.08092	0.18122	0.00285	0.00610	0.00537	0.00328	0.00519
39	0.00589	0.00511	0.03104	0.00575	0.00699	0.00420	0.00434	0.00709	0.00936	0.01214	0.06889	0.32724	0.33521	0.05690	0.03054	0.00189	0.00301	0.02308	0.00390	0.05744
40	0.01131	0.33079	0.20678	0.06111	0.01562	0.01304	0.08038	0.10571	0.01078	0.03348	0.00862	0.04153	0.00715	0.00455	0.00387	0.00122	0.00536	0.00362	0.00246	0.05262
41	0.03143	0.24012	0.29603	0.00947	0.01351	0.01132	0.01018	0.03688	0.02605	0.09341	0.02292	0.06368	0.04809	0.00633	0.02635	0.00150	0.04982	0.00424	0.00272	0.00595
42	0.05992	0.06984	0.06632	0.01013	0.01269	0.43973	0.02358	0.05765	0.03504	0.01311	0.03241	0.01142	0.00828	0.02191	0.08932	0.00190	0.00719	0.01494	0.01935	0.00527

[dist]
# distance from previous block
# <min> <max>
3	10

[block]
# block no. 6 follows, 58 sequences, length 22
# corresponding to MSA columns:
# 378-398,408
name=unknown_G
#
# <colnr> <probs for GDERKNQSTAVLIFYWHMCP>
#	G	D	E	R	K	N	Q	S	T	A	V	L	I	F	Y	W	H	M	C	P
0	0.01214	0.01232	0.04353	0.12377	0.30219	0.15344	0.04400	0.03207	0.09828	0.05809	0.00959	0.01137	0.00752	0.00470	0.00495	0.00137	0.05095	0.00394	0.00267	0.02309
1	0.00668	0.04226	0.00582	0.00509	0.00540	0.00495	0.00312	0.00694	0.00707	0.00936	0.04853	0.02872	0.05352	0.70597	0.04584	0.00402	0.00441	0.00647	0.00282	0.00300
2	0.00627	0.00449	0.00556	0.00556	0.00662	0.00404	0.00407	0.00780	0.01106	0.03889	0.40640	0.22782	0.23340	0.01075	0.00536	0.00153	0.00232	0.00943	0.00456	0.00407
3	0.01079	0.21958	0.31135	0.04910	0.17542	0.07207	0.07452	0.01406	0.00981	0.01303	0.00766	0.00942	0.00607	0.00409	0.00402	0.00128	0.00606	0.00337	0.00202	0.00627
4	0.79630	0.00878	0.00706	0.00618	0.00901	0.01005	0.00509	0.04900	0.00846	0.05729	0.00696	0.00779	0.00526	0.00427	0.00293	0.00138	0.00354	0.00259	0.00297	0.00510
5	0.00585	0.00440	0.00547	0.00586	0.00676	0.00401	0.00434	0.00723	0.01029	0.01353	0.23413	0.31524	0.24643	0.01181	0.00554	0.00166	0.00257	0.10664	0.00435	0.00388
6	0.01213	0.02997	0.03821	0.07531	0.44776	0.04460	0.01155	0.14890	0.06157	0.03598	0.00964	0.01154	0.00765	0.00569	0.03874	0.00159	0.00556	0.00400	0.00281	0.00679
7	0.00739	0.00493	0.00684	0.00665	0.00745	0.00535	0.00493	0.00862	0.00778	0.06794	0.05047	0.05192	0.02725	0.21087	0.49064	0.00549	0.02296	0.00567	0.00289	0.00397
8	0.04692	0.00526	0.00597	0.00564	0.00710	0.00496	0.00427	0.03108	0.04943	0.03859	0.37187	0.07859	0.31459	0.00962	0.00511	0.00147	0.00245	0.00821	0.00449	0.00438
9	0.09913	0.00885	0.01073	0.00830	0.01173	0.00858	0.00686	0.20069	0.01422	0.56111	0.01499	0.01345	0.00969	0.00537	0.00433	0.00137	0.00403	0.00420	0.00503	0.00735
10	0.01293	0.08185	0.11453	0.04742	0.11020	0.27126	0.04174	0.07296	0.14293	0.01442	0.00940	0.01053	0.00740	0.00481	0.00463	0.00132	0.03919	0.00365	0.00271	0.00613
11	0.00551	0.00398	0.00522	0.00608	0.00648	0.00369	0.00412	0.00642	0.00900	0.01200	0.09147	0.72859	0.07396	0.01346	0.00565	0.00177	0.00254	0.01215	0.00422	0.00369
12	0.01074	0.01021	0.01737	0.02600	0.75699	0.01027	0.01314	0.01332	0.00997	0.01431	0.00867	0.01154	0.00738	0.00611	0.06332	0.00175	0.00579	0.00404	0.00223	0.00686
13	0.00701	0.00460	0.00595	0.00625	0.00691	0.00448	0.00435	0.00840	0.03789	0.06466	0.11986	0.43467	0.02555	0.15817	0.07241	0.00259	0.00371	0.02461	0.00397	0.00397
14	0.02887	0.06313	0.15873	0.11583	0.14395	0.04931	0.11732	0.03327	0.04645	0.15797	0.01019	0.01152	0.00745	0.00461	0.00472	0.00140	0.03200	0.00400	0.00287	0.00642
15	0.00941	0.00895	0.01511	0.52460	0.30831	0.01028	0.01281	0.01223	0.00933	0.01254	0.00806	0.01157	0.00636	0.00439	0.00473	0.00145	0.02811	0.00398	0.00207	0.00572
16	0.00675	0.00496	0.00642	0.00625	0.00652	0.00557	0.00429	0.00737	0.00677	0.00943	0.01267	0.02366	0.01366	0.49838	0.29224	0.00509	0.07841	0.00571	0.00254	0.00333
17	0.02819	0.00945	0.06349	0.01045	0.07212	0.03100	0.06288	0.14670	0.03157	0.24327	0.01606	0.20104	0.02772	0.02837	0.00524	0.00156	0.00437	0.00629	0.00407	0.00617
18	0.08604	0.03892	0.13843	0.03412	0.22082	0.01929	0.02401	0.17233	0.06019	0.09195	0.01036	0.02745	0.00793	0.00479	0.00422	0.00134	0.00494	0.00396	0.01252	0.03637
19	0.01081	0.08065	0.10435	0.19021	0.04678	0.02354	0.15576	0.06855	0.05474	0.08661	0.01193	0.12439	0.01032	0.00580	0.00463	0.00146	0.00538	0.00529	0.00297	0.00585
20	0.01281	0.09202	0.03900	0.01044	0.01296	0.26353	0.07911	0.08947	0.08441	0.04961	0.06206	0.06623	0.02516	0.01934	0.00553	0.00142	0.07352	0.00467	0.00310	0.00562
21	0.09174	0.18052	0.11123	0.00923	0.04209	0.02240	0.03540	0.06483	0.02075	0.04926	0.00817	0.00929	0.00650	0.00405	0.00383	0.00106	0.02535	0.00303	0.00264	0.30864

[dist]
# distance from previous block
# <min> <max>
2	13

[block]
# block no. 7 follows, 58 sequences, length 14
# corresponding to MSA columns:
# 422-435
name=unknown_H
#
# <colnr> <probs for GDERKNQSTAVLIFYWHMCP>
#	G	D	E	R	K	N	Q	S	T	A	V	L	I	F	Y	W	H	M	C	P
0	0.19012	0.03961	0.05278	0.00865	0.01105	0.10543	0.07327	0.04500	0.04858	0.05080	0.01457	0.13656	0.07919	0.03811	0.02502	0.00169	0.03913	0.00548	0.01933	0.01563
1	0.07018	0.04608	0.08503	0.02678	0.07101	0.07878	0.07631	0.10835	0.03666	0.03584	0.00871	0.00995	0.00680	0.00409	0.00388	0.00110	0.00485	0.00334	0.00280	0.31946
2	0.00697	0.00549	0.00663	0.00704	0.04597	0.00508	0.00482	0.07463	0.01046	0.01372	0.06069	0.37277	0.28382	0.01093	0.00521	0.00155	0.00285	0.00955	0.00401	0.06784
3	0.02283	0.02867	0.08153	0.19535	0.10930	0.15499	0.02783	0.09806	0.10900	0.01523	0.06019	0.02627	0.02627	0.00539	0.00446	0.00139	0.00549	0.01894	0.00295	0.00586
4	0.20735	0.54474	0.01822	0.00772	0.01116	0.08443	0.00715	0.05308	0.00966	0.01360	0.00651	0.00745	0.00563	0.00404	0.00303	0.00109	0.00477	0.00252	0.00227	0.00558
5	0.01011	0.00564	0.00706	0.00623	0.00825	0.00492	0.00495	0.01181	0.01159	0.24080	0.25249	0.03137	0.25936	0.00875	0.00504	0.00145	0.00287	0.07327	0.00468	0.04935
6	0.29379	0.00651	0.00696	0.04015	0.00909	0.00674	0.00526	0.01160	0.00995	0.12117	0.17157	0.02475	0.12430	0.04742	0.00527	0.00163	0.00331	0.10191	0.00387	0.00476
7	0.00897	0.02314	0.81962	0.01275	0.01936	0.01039	0.01653	0.01417	0.00944	0.01417	0.00803	0.00944	0.00567	0.00425	0.00425	0.00142	0.00661	0.00331	0.00189	0.00661
8	0.01390	0.08309	0.17290	0.00986	0.01366	0.05007	0.06838	0.08318	0.04342	0.28798	0.05547	0.03130	0.03878	0.00566	0.00447	0.00138	0.00487	0.02126	0.00383	0.00653
9	0.00622	0.00435	0.00555	0.00580	0.00607	0.00449	0.00380	0.00682	0.00717	0.00977	0.01607	0.22010	0.01813	0.43473	0.22675	0.00447	0.00590	0.00755	0.00297	0.00326
10	0.00971	0.00703	0.03578	0.00774	0.03846	0.00598	0.00595	0.01258	0.08250	0.14086	0.20630	0.15353	0.03494	0.00759	0.00469	0.00134	0.00321	0.03711	0.00410	0.20061
11	0.00590	0.00429	0.00513	0.00549	0.00606	0.00401	0.00371	0.00672	0.00880	0.01150	0.10500	0.30633	0.19752	0.25941	0.01067	0.00247	0.00307	0.04664	0.00380	0.00347
12	0.00632	0.00431	0.00515	0.00533	0.00545	0.00434	0.00323	0.00660	0.00692	0.00930	0.01568	0.16509	0.01803	0.62544	0.09657	0.00418	0.00477	0.00739	0.00292	0.00299
13	0.00871	0.00991	0.15263	0.00894	0.01145	0.00809	0.03886	0.01462	0.28399	0.03142	0.08601	0.24059	0.04765	0.00830	0.00519	0.00158	0.02540	0.00721	0.00385	0.00561

[dist]
# distance from previous block
# <min> <max>
0	5

[block]
# block no. 8 follows, 58 sequences, length 16
# corresponding to MSA columns:
# 441-456
name=unknown_I
#
# <colnr> <probs for GDERKNQSTAVLIFYWHMCP>
#	G	D	E	R	K	N	Q	S	T	A	V	L	I	F	Y	W	H	M	C	P
0	0.01111	0.01440	0.27372	0.16254	0.14652	0.06807	0.01215	0.06207	0.06085	0.07942	0.01049	0.01221	0.02299	0.01792	0.02514	0.00159	0.00588	0.00396	0.00268	0.00628
1	0.26715	0.28068	0.03955	0.00782	0.01130	0.02822	0.00706	0.13383	0.01121	0.16220	0.00904	0.00929	0.00672	0.00449	0.00344	0.00124	0.00436	0.00307	0.00321	0.00612
2	0.00761	0.00559	0.00667	0.00618	0.00763	0.00546	0.00465	0.01125	0.14818	0.04914	0.47123	0.05563	0.13494	0.04312	0.00582	0.00156	0.00257	0.00758	0.00463	0.02056
3	0.01199	0.03354	0.17380	0.03258	0.21271	0.05435	0.08420	0.09117	0.06307	0.09414	0.02500	0.03605	0.00878	0.00491	0.00462	0.00137	0.01949	0.00427	0.00296	0.04100
4	0.01007	0.08289	0.49917	0.02993	0.04218	0.02602	0.03241	0.09157	0.04388	0.01543	0.04682	0.04136	0.00886	0.00498	0.00431	0.00139	0.00581	0.00402	0.00251	0.00638
5	0.04103	0.00807	0.01044	0.00813	0.01151	0.00743	0.00668	0.06700	0.07203	0.69239	0.01700	0.01487	0.01090	0.00553	0.00446	0.00139	0.00384	0.00446	0.00533	0.00750
6	0.00852	0.00501	0.00574	0.00542	0.00685	0.00471	0.00411	0.03095	0.02612	0.10137	0.15930	0.09967	0.20655	0.00877	0.02185	0.00147	0.00267	0.00691	0.28946	0.00455
7	0.02674	0.23779	0.28558	0.01220	0.08456	0.04821	0.06087	0.10898	0.02399	0.03349	0.03227	0.01017	0.00745	0.00444	0.00400	0.00127	0.00563	0.00350	0.00251	0.00637
8	0.02936	0.09189	0.15416	0.04091	0.07651	0.00921	0.06235	0.06330	0.01160	0.25162	0.12181	0.01532	0.02532	0.00594	0.01983	0.00147	0.00480	0.00459	0.00365	0.00637
9	0.00589	0.00451	0.00540	0.00528	0.00644	0.00402	0.00392	0.00755	0.01147	0.01534	0.47644	0.09671	0.32025	0.01030	0.00531	0.00147	0.00220	0.00892	0.00459	0.00402
10	0.00988	0.05719	0.05790	0.09632	0.33409	0.06209	0.04255	0.03122	0.01009	0.01345	0.02948	0.16170	0.01249	0.02483	0.00507	0.00151	0.00505	0.03665	0.00271	0.00573
11	0.01156	0.06927	0.49129	0.01185	0.01708	0.09281	0.05928	0.01606	0.05962	0.11507	0.00971	0.01050	0.00692	0.00451	0.00425	0.00137	0.00616	0.00358	0.00258	0.00654
12	0.00614	0.00466	0.00661	0.00799	0.06683	0.00461	0.00524	0.00731	0.00866	0.01172	0.03873	0.53927	0.05577	0.01665	0.15937	0.00278	0.00460	0.04538	0.00369	0.00400
13	0.00845	0.00795	0.01342	0.83204	0.03081	0.00994	0.01242	0.01143	0.00894	0.01143	0.00795	0.01193	0.00596	0.00447	0.00447	0.00149	0.00596	0.00398	0.00199	0.00497
14	0.02832	0.04984	0.37349	0.01232	0.03072	0.09624	0.12102	0.07808	0.01112	0.08282	0.02091	0.05669	0.00829	0.00501	0.00442	0.00139	0.00608	0.00424	0.00269	0.00629
15	0.02658	0.07422	0.01473	0.03144	0.13221	0.11699	0.04964	0.35328	0.03069	0.07703	0.01055	0.04369	0.00828	0.00520	0.00436	0.00133	0.00531	0.00419	0.00354	0.00673

[dist]
# distance from previous block
# <min> <max>
2	8

[block]
# block no. 9 follows, 58 sequences, length 17
# corresponding to MSA columns:
# 465-481
name=unknown_J
#
# <colnr> <probs for GDERKNQSTAVLIFYWHMCP>
#	G	D	E	R	K	N	Q	S	T	A	V	L	I	F	Y	W	H	M	C	P
0	0.05107	0.01014	0.07019	0.20919	0.34360	0.00945	0.04350	0.01283	0.00978	0.03198	0.04282	0.01182	0.00814	0.00428	0.00427	0.00130	0.00511	0.00392	0.00242	0.12421
1	0.00814	0.00829	0.11689	0.00756	0.00964	0.00680	0.00669	0.13327	0.01055	0.01421	0.03936	0.09565	0.19762	0.04245	0.24135	0.04097	0.00622	0.00635	0.00327	0.00471
2	0.01120	0.26022	0.20339	0.01360	0.15425	0.06725	0.07905	0.06779	0.01054	0.01380	0.02146	0.03556	0.00767	0.00542	0.02926	0.00144	0.00588	0.00376	0.00233	0.00615
3	0.00900	0.07429	0.51103	0.01030	0.01514	0.00919	0.01220	0.01313	0.02621	0.04964	0.17511	0.01606	0.04870	0.00562	0.00443	0.00139	0.00519	0.00458	0.00282	0.00599
4	0.00687	0.00491	0.00641	0.00614	0.00732	0.00442	0.04463	0.00798	0.00957	0.06752	0.08480	0.27948	0.31505	0.12477	0.00775	0.00197	0.00302	0.00939	0.00401	0.00400
5	0.01057	0.06877	0.22034	0.04673	0.07016	0.01991	0.07003	0.03209	0.01017	0.08649	0.01118	0.01288	0.04858	0.00461	0.00411	0.00119	0.00495	0.02189	0.00273	0.25263
6	0.00847	0.00672	0.00796	0.00810	0.06365	0.00710	0.00545	0.03727	0.25619	0.01551	0.23817	0.02533	0.05766	0.23172	0.00967	0.00223	0.00346	0.00638	0.00398	0.00498
7	0.00585	0.00428	0.00550	0.00577	0.00654	0.00393	0.00411	0.00730	0.01068	0.01459	0.40160	0.37735	0.11304	0.01143	0.00546	0.00159	0.00233	0.01019	0.00452	0.00393
8	0.03962	0.01155	0.03437	0.20988	0.04222	0.08566	0.24849	0.11421	0.08091	0.07363	0.01009	0.01189	0.00743	0.00457	0.00462	0.00143	0.00605	0.00434	0.00292	0.00611
