[name]
unknown

[dist]
# distance from previous block
# <min> <max>
7	70

[block]
# block no. 0 follows, 69 sequences, length 6
# corresponding to MSA columns:
# 80-85
name=unknown_A
#
# <colnr> <probs for GDERKNQSTAVLIFYWHMCP>
#	G	D	E	R	K	N	Q	S	T	A	V	L	I	F	Y	W	H	M	C	P
0	0.27313	0.00802	0.01078	0.06410	0.35755	0.00845	0.00808	0.05760	0.00899	0.05789	0.06441	0.01150	0.04527	0.00430	0.00354	0.00120	0.00381	0.00357	0.00257	0.00526
1	0.04688	0.00829	0.00975	0.05109	0.02933	0.03158	0.03864	0.19454	0.24209	0.10295	0.01241	0.08753	0.01008	0.00675	0.05439	0.00154	0.00414	0.00443	0.00346	0.06012
2	0.01333	0.01039	0.01092	0.00877	0.01140	0.09878	0.04165	0.45878	0.09807	0.08541	0.01072	0.04393	0.00817	0.00499	0.00411	0.00120	0.02495	0.00390	0.05456	0.00597
3	0.01032	0.00892	0.01049	0.15484	0.08828	0.06410	0.00773	0.22774	0.17158	0.01572	0.03936	0.07051	0.01013	0.00539	0.00434	0.00127	0.03485	0.03211	0.00310	0.03925
4	0.00548	0.00381	0.00454	0.00463	0.00490	0.00374	0.00291	0.00595	0.00683	0.00919	0.11437	0.14311	0.06716	0.53741	0.06682	0.00319	0.00366	0.00669	0.00284	0.00277
5	0.04926	0.00635	0.00699	0.00625	0.00817	0.00655	0.00485	0.03575	0.30926	0.11124	0.11355	0.07293	0.20528	0.00688	0.00415	0.00128	0.00270	0.00577	0.00389	0.03891

[dist]
# distance from previous block
# <min> <max>
0	2

[block]
# block no. 1 follows, 69 sequences, length 15
# corresponding to MSA columns:
# 88-102
name=unknown_B
#
# <colnr> <probs for GDERKNQSTAVLIFYWHMCP>
#	G	D	E	R	K	N	Q	S	T	A	V	L	I	F	Y	W	H	M	C	P
0	0.01020	0.00863	0.01092	0.10461	0.16575	0.09920	0.03461	0.10583	0.02234	0.08917	0.00970	0.03164	0.01746	0.05924	0.11424	0.00205	0.07684	0.00394	0.02866	0.00497
1	0.00518	0.00388	0.00515	0.00621	0.04403	0.00364	0.00411	0.00607	0.00789	0.01039	0.04485	0.58866	0.12464	0.05212	0.00565	0.00165	0.00252	0.07651	0.00352	0.00335
2	0.00957	0.04798	0.08459	0.03067	0.18795	0.02503	0.02054	0.04349	0.18729	0.07671	0.06417	0.05183	0.02624	0.02425	0.00433	0.00123	0.01400	0.00422	0.00295	0.09296
3	0.03695	0.00686	0.00808	0.00598	0.00916	0.00553	0.00480	0.03972	0.00907	0.11930	0.07278	0.01044	0.00872	0.00364	0.00319	0.00075	0.00293	0.00294	0.00286	0.64628
4	0.01059	0.75323	0.07350	0.00723	0.01065	0.07038	0.00727	0.01204	0.00820	0.00946	0.00559	0.00647	0.00503	0.00342	0.00266	0.00088	0.00449	0.00218	0.00170	0.00505
5	0.05723	0.11430	0.10725	0.06477	0.03833	0.06181	0.07911	0.05567	0.03726	0.06378	0.01719	0.01000	0.00677	0.04480	0.01975	0.00127	0.02881	0.00320	0.00238	0.18632
6	0.00879	0.04675	0.02638	0.18029	0.07312	0.00728	0.03796	0.06854	0.06520	0.09878	0.06108	0.15877	0.01327	0.02086	0.04972	0.01288	0.00422	0.05835	0.00302	0.00472
7	0.00589	0.00460	0.00527	0.00511	0.00626	0.00441	0.00379	0.03967	0.09010	0.01323	0.29394	0.15586	0.31633	0.03155	0.00500	0.00140	0.00223	0.00769	0.00387	0.00381
8	0.02632	0.00805	0.02318	0.03074	0.04691	0.05738	0.04941	0.04917	0.00909	0.02720	0.07245	0.04336	0.00904	0.00401	0.00352	0.00086	0.01489	0.00336	0.00256	0.51848
9	0.01206	0.04655	0.09947	0.00947	0.04248	0.09189	0.00794	0.33163	0.28386	0.01813	0.01076	0.01067	0.00799	0.00464	0.00383	0.00120	0.00435	0.00360	0.00335	0.00613
10	0.00699	0.04527	0.03478	0.02560	0.00819	0.00522	0.01637	0.00902	0.03670	0.03186	0.26997	0.06444	0.13587	0.00626	0.00391	0.00106	0.00265	0.00535	0.03768	0.25283
11	0.06452	0.09270	0.22785	0.02250	0.07241	0.00946	0.04963	0.16284	0.06046	0.10227	0.01052	0.03074	0.03957	0.03242	0.00426	0.00129	0.00443	0.00373	0.00279	0.00562
12	0.03055	0.03946	0.03941	0.07998	0.22798	0.00771	0.04052	0.08177	0.03089	0.12962	0.10943	0.01652	0.10515	0.02730	0.00445	0.00129	0.00384	0.01582	0.00305	0.00526
13	0.03422	0.01888	0.00923	0.00728	0.00990	0.10531	0.00591	0.04223	0.01111	0.58530	0.08971	0.01357	0.01127	0.00507	0.00420	0.00120	0.03139	0.00398	0.00425	0.00599
14	0.00780	0.00602	0.01958	0.08332	0.10611	0.00579	0.02127	0.05868	0.04716	0.08640	0.05638	0.11000	0.30159	0.02467	0.00499	0.02631	0.00318	0.02305	0.00330	0.00440

[dist]
# distance from previous block
# <min> <max>
2	31

[block]
# block no. 2 follows, 69 sequences, length 7
# corresponding to MSA columns:
# 134-140
name=unknown_C
#
# <colnr> <probs for GDERKNQSTAVLIFYWHMCP>
#	G	D	E	R	K	N	Q	S	T	A	V	L	I	F	Y	W	H	M	C	P
0	0.00786	0.00572	0.00768	0.02454	0.06994	0.01832	0.04828	0.03158	0.06342	0.10549	0.12234	0.24758	0.15427	0.03156	0.00485	0.00139	0.00299	0.00700	0.01720	0.02798
1	0.02546	0.00490	0.00576	0.00550	0.00628	0.00501	0.02398	0.05678	0.09057	0.01098	0.03417	0.17843	0.08838	0.39756	0.01150	0.00249	0.00328	0.02122	0.02431	0.00345
2	0.00898	0.00933	0.01163	0.18667	0.05286	0.12004	0.00883	0.01028	0.00727	0.00977	0.00662	0.05390	0.00630	0.00601	0.00893	0.00151	0.48109	0.00373	0.00187	0.00437
3	0.00915	0.04899	0.01088	0.06528	0.15719	0.00905	0.03469	0.05626	0.39543	0.01459	0.05818	0.07966	0.01213	0.00597	0.02381	0.00140	0.00379	0.00472	0.00325	0.00558
4	0.05189	0.04118	0.00981	0.00682	0.01022	0.00645	0.06270	0.04099	0.00886	0.10745	0.00796	0.00878	0.00619	0.00327	0.00314	0.00077	0.00332	0.00269	0.00262	0.61490
5	0.00749	0.00709	0.01178	0.78987	0.02575	0.00896	0.01071	0.00997	0.00770	0.00997	0.00683	0.01031	0.00522	0.00414	0.00459	0.00134	0.06870	0.00348	0.00174	0.00435
6	0.00665	0.00632	0.00794	0.06682	0.00972	0.08044	0.09759	0.00814	0.00885	0.01093	0.06446	0.11516	0.31199	0.02521	0.04840	0.00167	0.00390	0.10290	0.00308	0.01984

[dist]
# distance from previous block
# <min> <max>
2	8

[block]
# block no. 3 follows, 69 sequences, length 12
# corresponding to MSA columns:
# 149-160
name=unknown_D
#
# <colnr> <probs for GDERKNQSTAVLIFYWHMCP>
#	G	D	E	R	K	N	Q	S	T	A	V	L	I	F	Y	W	H	M	C	P
0	0.45535	0.00742	0.00725	0.00598	0.00855	0.00783	0.00488	0.11228	0.00946	0.17395	0.06653	0.01004	0.00817	0.00427	0.00310	0.00115	0.00312	0.00305	0.02574	0.08188
1	0.08565	0.00785	0.01052	0.00878	0.01000	0.02419	0.06410	0.05138	0.00802	0.13777	0.00935	0.05726	0.02290	0.04036	0.00865	0.00156	0.39859	0.00408	0.04434	0.00466
2	0.00568	0.00390	0.00476	0.00476	0.00493	0.00406	0.00298	0.00601	0.00584	0.00796	0.01191	0.02321	0.01319	0.66381	0.21692	0.00440	0.00540	0.00534	0.00231	0.00264
3	0.01373	0.00901	0.01051	0.00829	0.01110	0.00958	0.03403	0.41266	0.15927	0.20507	0.05708	0.01245	0.00999	0.00498	0.00398	0.00121	0.00377	0.00402	0.02296	0.00631
4	0.00594	0.00390	0.00552	0.00552	0.00588	0.00425	0.00393	0.00620	0.00585	0.00815	0.00995	0.01684	0.01004	0.21658	0.43786	0.23732	0.00709	0.00434	0.00206	0.00277
5	0.04706	0.00653	0.00673	0.00610	0.00768	0.03837	0.00470	0.09617	0.23285	0.01621	0.23363	0.04820	0.01758	0.00593	0.00380	0.00118	0.00270	0.00494	0.21492	0.00471
6	0.00734	0.00560	0.01847	0.03652	0.09924	0.00527	0.03520	0.00948	0.06323	0.08851	0.15976	0.22403	0.15901	0.00883	0.04001	0.00154	0.00323	0.00692	0.00346	0.02436
7	0.00824	0.00707	0.00818	0.00596	0.00935	0.00554	0.00475	0.01063	0.06517	0.01303	0.00759	0.00858	0.00623	0.00307	0.00298	0.00063	0.00292	0.00247	0.00244	0.82516
8	0.00830	0.06272	0.56987	0.00984	0.01438	0.00902	0.01161	0.01335	0.14211	0.02978	0.00964	0.04354	0.00772	0.02368	0.00417	0.00132	0.00498	0.02612	0.00225	0.00560
9	0.00876	0.00977	0.13366	0.04222	0.27460	0.00825	0.07558	0.04058	0.00894	0.03418	0.07002	0.05857	0.02341	0.00479	0.00480	0.00121	0.08623	0.00414	0.00237	0.10791
10	0.00795	0.00775	0.01123	0.63100	0.04755	0.06666	0.00988	0.01053	0.03972	0.01029	0.00819	0.06995	0.00695	0.00472	0.00446	0.00132	0.05146	0.00399	0.00199	0.00441
11	0.03477	0.18248	0.07844	0.03851	0.17576	0.10391	0.02701	0.03510	0.04075	0.03851	0.02348	0.00891	0.00651	0.00367	0.00335	0.00099	0.00441	0.00292	0.00223	0.18826

[dist]
# distance from previous block
# <min> <max>
3	5

[block]
# block no. 4 follows, 69 sequences, length 11
# corresponding to MSA columns:
# 168-178
name=unknown_E
#
# <colnr> <probs for GDERKNQSTAVLIFYWHMCP>
#	G	D	E	R	K	N	Q	S	T	A	V	L	I	F	Y	W	H	M	C	P
0	0.00685	0.00535	0.00637	0.00563	0.00721	0.00495	0.00414	0.00906	0.09675	0.01154	0.07365	0.11616	0.01399	0.19960	0.09545	0.00218	0.00376	0.02500	0.02423	0.28812
1	0.00527	0.00397	0.00526	0.05453	0.00726	0.00391	0.00430	0.00666	0.04315	0.01069	0.05771	0.62124	0.08448	0.01104	0.00488	0.00154	0.00253	0.06456	0.00357	0.00344
2	0.00763	0.00510	0.00608	0.00591	0.00712	0.00506	0.00439	0.05572	0.13015	0.09754	0.04979	0.30511	0.16684	0.04139	0.00578	0.05264	0.00274	0.04318	0.00369	0.00413
3	0.00980	0.00694	0.00909	0.00862	0.08633	0.02702	0.05576	0.09126	0.11001	0.15178	0.21881	0.04261	0.09421	0.01670	0.00471	0.01552	0.01533	0.00532	0.02515	0.00504
4	0.01443	0.01178	0.01111	0.00886	0.01161	0.16171	0.00711	0.59863	0.01608	0.05440	0.00923	0.01009	0.00694	0.05416	0.00478	0.00130	0.00474	0.00349	0.00353	0.00604
5	0.04637	0.08471	0.10540	0.05656	0.13646	0.00862	0.06313	0.04324	0.08692	0.03462	0.03064	0.00982	0.00717	0.00379	0.00364	0.00103	0.01844	0.00319	0.00241	0.25383
6	0.01039	0.04446	0.03267	0.13439	0.23508	0.09493	0.07493	0.02784	0.07821	0.10425	0.00956	0.05412	0.00779	0.00480	0.01872	0.00127	0.00475	0.00388	0.00255	0.05541
7	0.04859	0.00669	0.00864	0.00692	0.00965	0.00616	0.00561	0.01811	0.10420	0.66035	0.01556	0.06960	0.01084	0.00535	0.00396	0.00125	0.00323	0.00441	0.00458	0.00630
8	0.00529	0.00398	0.00524	0.00576	0.00615	0.00402	0.00414	0.00615	0.00768	0.01026	0.05712	0.54273	0.08649	0.06843	0.02926	0.00186	0.05925	0.08951	0.00341	0.00329
9	0.00945	0.09844	0.28604	0.12427	0.09971	0.07951	0.08606	0.03194	0.00889	0.05020	0.01795	0.02407	0.01618	0.00444	0.01403	0.00127	0.03675	0.00344	0.00206	0.00530
10	0.01068	0.55311	0.08202	0.00805	0.01131	0.08186	0.04020	0.05516	0.08145	0.01108	0.00685	0.00764	0.00577	0.00377	0.00325	0.00099	0.02692	0.00261	0.00204	0.00523

[dist]
# distance from previous block
# <min> <max>
5	21

[block]
# block no. 5 follows, 69 sequences, length 15
# corresponding to MSA columns:
# 203-217
name=unknown_F
#
# <colnr> <probs for GDERKNQSTAVLIFYWHMCP>
#	G	D	E	R	K	N	Q	S	T	A	V	L	I	F	Y	W	H	M	C	P
0	0.01114	0.50849	0.04471	0.00819	0.03976	0.09951	0.00721	0.11972	0.07840	0.01216	0.00753	0.03365	0.00650	0.00406	0.00309	0.00099	0.00443	0.00288	0.00227	0.00531
1	0.00987	0.17084	0.13128	0.02515	0.15991	0.07333	0.09411	0.06151	0.03235	0.01259	0.00720	0.00856	0.00579	0.00353	0.00346	0.00100	0.00470	0.00298	0.00212	0.18973
2	0.00907	0.12443	0.36380	0.02430	0.03964	0.05927	0.03278	0.05286	0.03577	0.04480	0.03930	0.05910	0.01894	0.02921	0.03408	0.00145	0.01990	0.00380	0.00229	0.00523
3	0.02522	0.00416	0.00486	0.00505	0.00545	0.00424	0.00328	0.00701	0.07041	0.00947	0.01651	0.27015	0.05975	0.42741	0.06730	0.00294	0.00362	0.00716	0.00292	0.00307
4	0.00748	0.00866	0.11668	0.13612	0.09869	0.00737	0.18157	0.01011	0.02787	0.01178	0.07226	0.07431	0.06068	0.04685	0.02780	0.00159	0.01960	0.06864	0.00248	0.01946
5	0.01072	0.16230	0.08020	0.11218	0.25493	0.06509	0.09136	0.05445	0.00940	0.09286	0.00777	0.00930	0.00603	0.00382	0.00389	0.00115	0.02343	0.00329	0.00224	0.00558
6	0.00523	0.00422	0.00499	0.00502	0.00594	0.00396	0.01867	0.00655	0.04376	0.01047	0.05220	0.24635	0.41589	0.10741	0.03394	0.00184	0.01854	0.00823	0.00342	0.00337
7	0.00592	0.00391	0.00492	0.00498	0.00572	0.00367	0.00360	0.00726	0.00920	0.03640	0.37514	0.21482	0.06178	0.10218	0.00621	0.00159	0.00229	0.04859	0.09832	0.00350
8	0.01269	0.02508	0.01294	0.00997	0.01285	0.10953	0.15781	0.36101	0.11416	0.06699	0.02823	0.01146	0.00823	0.00462	0.00400	0.00121	0.00472	0.02031	0.02833	0.00586
9	0.81082	0.05384	0.00678	0.00538	0.00788	0.00928	0.00449	0.04104	0.00717	0.01740	0.00560	0.00647	0.00438	0.00366	0.00249	0.00119	0.00314	0.00217	0.00244	0.00438
10	0.05780	0.01364	0.29222	0.01190	0.05599	0.05154	0.20737	0.14797	0.02557	0.06172	0.03131	0.00992	0.00680	0.00400	0.00395	0.00123	0.00531	0.00359	0.00248	0.00569
11	0.05632	0.13913	0.06107	0.07252	0.21945	0.02059	0.02859	0.02520	0.04076	0.04354	0.03418	0.02542	0.03173	0.11903	0.02213	0.00163	0.02502	0.02644	0.00237	0.00487
12	0.00726	0.05088	0.00676	0.00569	0.00699	0.00511	0.00444	0.00925	0.05409	0.10627	0.30209	0.08288	0.11525	0.01299	0.20949	0.00249	0.00437	0.00604	0.00355	0.00411
13	0.04525	0.00629	0.03387	0.00677	0.01810	0.06299	0.01889	0.00901	0.03254	0.06485	0.04401	0.11831	0.04154	0.13416	0.31556	0.00350	0.03260	0.00522	0.00268	0.00386
14	0.02164	0.13803	0.11554	0.00814	0.05710	0.02583	0.00689	0.10107	0.04808	0.01279	0.07446	0.04541	0.06525	0.04695	0.14297	0.00214	0.03661	0.01259	0.03383	0.00467

[dist]
# distance from previous block
# <min> <max>
0	15

[block]
# block no. 6 follows, 69 sequences, length 34
# corresponding to MSA columns:
# 233-266
name=unknown_G
#
# <colnr> <probs for GDERKNQSTAVLIFYWHMCP>
#	G	D	E	R	K	N	Q	S	T	A	V	L	I	F	Y	W	H	M	C	P
0	0.15557	0.08526	0.09882	0.00883	0.06205	0.18620	0.01670	0.09003	0.02404	0.02182	0.00844	0.05378	0.00754	0.06400	0.09898	0.00190	0.00540	0.00354	0.00238	0.00471
1	0.00673	0.00565	0.00611	0.00515	0.00723	0.01865	0.00399	0.06267	0.00956	0.01279	0.11570	0.04425	0.38978	0.00706	0.00402	0.00107	0.00251	0.00588	0.00328	0.28793
2	0.00604	0.00442	0.00558	0.00567	0.02224	0.00468	0.00379	0.00686	0.02459	0.00887	0.02321	0.03687	0.02783	0.50973	0.17490	0.00375	0.04293	0.06328	0.00247	0.02228
3	0.00835	0.00710	0.00825	0.00591	0.00939	0.00546	0.00474	0.03684	0.00847	0.01317	0.00705	0.00817	0.00584	0.00296	0.00294	0.00060	0.00295	0.00236	0.00238	0.85708
4	0.00582	0.00418	0.00621	0.00617	0.00674	0.00483	0.00471	0.00677	0.00612	0.00877	0.00998	0.01515	0.00947	0.05413	0.69605	0.11765	0.02783	0.00413	0.00205	0.00325
5	0.01602	0.00919	0.01066	0.00817	0.01126	0.00950	0.00675	0.48945	0.01543	0.36419	0.01193	0.01105	0.00793	0.00477	0.00393	0.00119	0.00391	0.00370	0.00431	0.00667
6	0.00829	0.00781	0.01377	0.01108	0.01337	0.04462	0.36558	0.01078	0.03782	0.05000	0.01422	0.20376	0.01423	0.00706	0.00478	0.00147	0.00476	0.17916	0.00290	0.00453
7	0.01507	0.00728	0.00846	0.00685	0.00937	0.07720	0.00550	0.03667	0.02206	0.58678	0.05747	0.05270	0.01147	0.00527	0.00389	0.00119	0.00342	0.00429	0.07916	0.00591
8	0.00560	0.00420	0.00630	0.00630	0.00700	0.00490	0.00490	0.00700	0.00630	0.00910	0.01050	0.01540	0.00980	0.02940	0.84669	0.00630	0.01050	0.00420	0.00210	0.00350
9	0.09673	0.00711	0.00902	0.00698	0.00996	0.00657	0.00576	0.08510	0.01140	0.69809	0.01405	0.01238	0.00896	0.00473	0.00380	0.00121	0.00339	0.00374	0.00455	0.00645
10	0.88991	0.00758	0.00576	0.00516	0.00758	0.00879	0.00425	0.01152	0.00667	0.01759	0.00546	0.00637	0.00425	0.00364	0.00243	0.00121	0.00303	0.00212	0.00243	0.00425
11	0.00620	0.00394	0.00522	0.00514	0.00525	0.00421	0.00340	0.00586	0.00560	0.00764	0.00983	0.01859	0.01060	0.40525	0.14126	0.30883	0.04413	0.00458	0.00207	0.00240
12	0.00925	0.01058	0.02313	0.01652	0.02049	0.00991	0.82353	0.01256	0.00925	0.01256	0.00793	0.01058	0.00595	0.00330	0.00463	0.00132	0.00661	0.00463	0.00198	0.00529
13	0.00570	0.00380	0.00428	0.00428	0.00428	0.00380	0.00238	0.00570	0.00570	0.00760	0.01235	0.02566	0.01425	0.86222	0.01995	0.00380	0.00380	0.00570	0.00238	0.00238
14	0.88991	0.00758	0.00576	0.00516	0.00758	0.00879	0.00425	0.01152	0.00667	0.01759	0.00546	0.00637	0.00425	0.00364	0.00243	0.00121	0.00303	0.00212	0.00243	0.00425
15	0.01046	0.06566	0.10937	0.01255	0.01603	0.09672	0.38827	0.11811	0.04403	0.02740	0.02450	0.02358	0.00699	0.00408	0.00444	0.00125	0.03479	0.00401	0.00238	0.00539
16	0.00589	0.00391	0.00475	0.04249	0.00546	0.00401	0.00293	0.00587	0.00575	0.00767	0.01148	0.02326	0.01295	0.71264	0.04085	0.09607	0.00400	0.00532	0.00227	0.00242
17	0.01745	0.00690	0.00924	0.00708	0.01012	0.00610	0.00585	0.06159	0.01160	0.79747	0.01515	0.01314	0.00954	0.00484	0.00394	0.00121	0.00339	0.00392	0.00480	0.00667
18	0.85301	0.00754	0.00590	0.00523	0.00768	0.00867	0.00431	0.01184	0.00686	0.05240	0.00588	0.00666	0.00448	0.00369	0.00249	0.00121	0.00305	0.00220	0.00253	0.00435
19	0.00925	0.01058	0.02313	0.01652	0.02049	0.00991	0.82353	0.01256	0.00925	0.01256	0.00793	0.01058	0.00595	0.00330	0.00463	0.00132	0.00661	0.00463	0.00198	0.00529
20	0.00478	0.00341	0.00455	0.00546	0.00569	0.00318	0.00364	0.00546	0.00751	0.01001	0.02161	0.85966	0.02593	0.01228	0.00500	0.00159	0.00227	0.01114	0.00364	0.00318
21	0.88991	0.00758	0.00576	0.00516	0.00758	0.00879	0.00425	0.01152	0.00667	0.01759	0.00546	0.00637	0.00425	0.00364	0.00243	0.00121	0.00303	0.00212	0.00243	0.00425
22	0.01048	0.86458	0.02054	0.00671	0.01006	0.01551	0.00671	0.01174	0.00797	0.00922	0.00545	0.00629	0.00503	0.00335	0.00252	0.00084	0.00419	0.00210	0.00168	0.00503
23	0.88991	0.00758	0.00576	0.00516	0.00758	0.00879	0.00425	0.01152	0.00667	0.01759	0.00546	0.00637	0.00425	0.00364	0.00243	0.00121	0.00303	0.00212	0.00243	0.00425
24	0.00740	0.00697	0.01176	0.85280	0.02700	0.00871	0.01089	0.01002	0.00784	0.01002	0.00697	0.01045	0.00523	0.00392	0.00392	0.00131	0.00523	0.00348	0.00174	0.00436
25	0.00731	0.00438	0.00579	0.00525	0.00647	0.00399	0.00400	0.00907	0.01100	0.13806	0.68690	0.05440	0.03257	0.00769	0.00454	0.00124	0.00208	0.00676	0.00437	0.00412
26	0.00666	0.00475	0.00598	0.00553	0.00659	0.00476	0.00425	0.01888	0.02686	0.06939	0.44497	0.08813	0.18468	0.00822	0.00534	0.00132	0.08380	0.00689	0.01907	0.00393
27	0.01438	0.03175	0.01125	0.00982	0.01200	0.69833	0.00748	0.10935	0.04868	0.01164	0.00688	0.00767	0.00555	0.00416	0.00358	0.00104	0.00652	0.00272	0.00232	0.00487
28	0.00483	0.00351	0.00458	0.00541	0.00576	0.00326	0.00370	0.00560	0.00771	0.01014	0.02321	0.74756	0.09921	0.01200	0.00499	0.00158	0.00231	0.04779	0.00364	0.00322
29	0.00589	0.00385	0.00447	0.00449	0.00460	0.00384	0.00263	0.00602	0.00597	0.02566	0.01300	0.08337	0.01481	0.75424	0.04850	0.00368	0.00393	0.00599	0.00251	0.00256
30	0.00918	0.36593	0.43629	0.00923	0.01377	0.01183	0.02358	0.02719	0.04839	0.01152	0.00688	0.00783	0.00538	0.00366	0.00326	0.00108	0.00499	0.00268	0.00182	0.00551
31	0.06982	0.00446	0.00500	0.00504	0.00612	0.00432	0.00371	0.00770	0.07446	0.01268	0.23068	0.24264	0.28581	0.00956	0.01893	0.00145	0.00234	0.00789	0.00372	0.00368
32	0.00965	0.06399	0.08963	0.09883	0.16201	0.11343	0.03178	0.01269	0.09052	0.03019	0.00815	0.00988	0.00657	0.00387	0.00373	0.00104	0.02059	0.01690	0.00227	0.22428
33	0.05329	0.34512	0.01505	0.01061	0.15165	0.25948	0.00763	0.03442	0.02970	0.01122	0.04358	0.00843	0.00685	0.00389	0.00321	0.00100	0.00494	0.00278	0.00209	0.00506

[dist]
# distance from previous block
# <min> <max>
1	20

[block]
# block no. 7 follows, 69 sequences, length 60
# corresponding to MSA columns:
# 291-350
name=unknown_H
#
# <colnr> <probs for GDERKNQSTAVLIFYWHMCP>
#	G	D	E	R	K	N	Q	S	T	A	V	L	I	F	Y	W	H	M	C	P
0	0.00914	0.03971	0.36319	0.00929	0.01309	0.00941	0.02165	0.06588	0.33781	0.02539	0.04510	0.01221	0.02137	0.00468	0.00387	0.00126	0.00434	0.00381	0.00291	0.00587
1	0.00500	0.00373	0.00445	0.00477	0.00539	0.00340	0.00327	0.00586	0.00823	0.01074	0.15687	0.36465	0.25892	0.13793	0.00707	0.00179	0.00235	0.00885	0.00356	0.00318
2	0.00925	0.01058	0.02313	0.01652	0.02049	0.00991	0.82353	0.01256	0.00925	0.01256	0.00793	0.01058	0.00595	0.00330	0.00463	0.00132	0.00661	0.00463	0.00198	0.00529
3	0.00505	0.00388	0.00469	0.00541	0.00582	0.02501	0.00368	0.00581	0.00788	0.01027	0.05370	0.72496	0.10600	0.01168	0.00491	0.00154	0.00235	0.01049	0.00362	0.00325
4	0.00970	0.00931	0.01591	0.02406	0.83777	0.00931	0.01203	0.01203	0.00893	0.01281	0.00737	0.00970	0.00621	0.00349	0.00388	0.00116	0.00466	0.00349	0.00194	0.00621
5	0.88991	0.00758	0.00576	0.00516	0.00758	0.00879	0.00425	0.01152	0.00667	0.01759	0.00546	0.00637	0.00425	0.00364	0.00243	0.00121	0.00303	0.00212	0.00243	0.00425
6	0.07567	0.00887	0.01009	0.00783	0.01080	0.00921	0.00645	0.43548	0.01454	0.33546	0.01167	0.02145	0.00797	0.00478	0.00382	0.00119	0.00378	0.00369	0.02086	0.00640
7	0.88991	0.00758	0.00576	0.00516	0.00758	0.00879	0.00425	0.01152	0.00667	0.01759	0.00546	0.00637	0.00425	0.00364	0.00243	0.00121	0.00303	0.00212	0.00243	0.00425
8	0.00682	0.00579	0.00887	0.06169	0.26808	0.00580	0.00712	0.00857	0.02825	0.01133	0.01707	0.35225	0.06482	0.00851	0.00460	0.00145	0.00340	0.12822	0.00300	0.00435
9	0.00989	0.00849	0.00894	0.00801	0.01025	0.00982	0.00624	0.04288	0.80841	0.01663	0.01578	0.01448	0.01182	0.00530	0.00399	0.00133	0.00314	0.00441	0.00399	0.00622
10	0.00831	0.00686	0.00806	0.00583	0.00921	0.00519	0.00465	0.01001	0.00820	0.03619	0.00761	0.03163	0.00647	0.00322	0.00299	0.00063	0.00290	0.00261	0.00243	0.83701
11	0.00566	0.00395	0.00502	0.00502	0.00528	0.00420	0.00330	0.00618	0.00592	0.00815	0.01167	0.02189	0.01262	0.55661	0.32334	0.00472	0.00626	0.00515	0.00227	0.00279
12	0.05266	0.01072	0.01140	0.00880	0.01186	0.01188	0.00725	0.77704	0.01776	0.02418	0.00943	0.02217	0.00685	0.00477	0.00387	0.00118	0.00423	0.00358	0.00385	0.00651
13	0.00740	0.00697	0.01176	0.85280	0.02700	0.00871	0.01089	0.01002	0.00784	0.01002	0.00697	0.01045	0.00523	0.00392	0.00392	0.00131	0.00523	0.00348	0.00174	0.00436
14	0.00605	0.00407	0.00456	0.00445	0.00457	0.00412	0.00257	0.03659	0.00618	0.00825	0.01224	0.02504	0.01397	0.82988	0.01935	0.00370	0.00382	0.00562	0.00243	0.00254
15	0.07328	0.00673	0.00888	0.00686	0.00985	0.00596	0.00567	0.01862	0.01093	0.78795	0.01483	0.01290	0.00936	0.00477	0.00385	0.00121	0.00332	0.00383	0.00470	0.00652
16	0.01048	0.86458	0.02054	0.00671	0.01006	0.01551	0.00671	0.01174	0.00797	0.00922	0.00545	0.00629	0.00503	0.00335	0.00252	0.00084	0.00419	0.00210	0.00168	0.00503
17	0.88991	0.00758	0.00576	0.00516	0.00758	0.00879	0.00425	0.01152	0.00667	0.01759	0.00546	0.00637	0.00425	0.00364	0.00243	0.00121	0.00303	0.00212	0.00243	0.00425
18	0.00958	0.00938	0.01478	0.05411	0.70915	0.05522	0.01122	0.01175	0.00892	0.01235	0.00817	0.06236	0.00733	0.00409	0.00393	0.00119	0.00466	0.00391	0.00204	0.00586
19	0.01732	0.00661	0.00901	0.00693	0.00992	0.00572	0.00572	0.01885	0.01122	0.82227	0.03358	0.01370	0.01031	0.00492	0.00396	0.00121	0.00330	0.00401	0.00484	0.00661
20	0.00594	0.00445	0.00557	0.00526	0.00630	0.00431	0.00395	0.00871	0.09801	0.01544	0.69724	0.06421	0.04963	0.00795	0.00457	0.00126	0.00200	0.00701	0.00424	0.00394
21	0.00483	0.00352	0.00455	0.00526	0.00566	0.00324	0.00358	0.00565	0.00797	0.01057	0.09524	0.70136	0.11080	0.01166	0.00493	0.00153	0.00221	0.01049	0.00370	0.00324
22	0.00791	0.00736	0.01220	0.73578	0.11267	0.00889	0.01089	0.03817	0.00832	0.01082	0.00710	0.01034	0.00538	0.00390	0.00392	0.00129	0.00513	0.00349	0.00184	0.00463
23	0.01524	0.01044	0.01143	0.00876	0.01189	0.01135	0.00724	0.72316	0.01752	0.12753	0.01018	0.00991	0.00705	0.00472	0.00392	0.00118	0.00419	0.00358	0.00404	0.00667
24	0.01490	0.01098	0.01177	0.00902	0.01216	0.01216	0.00745	0.82470	0.01843	0.02471	0.00941	0.00941	0.00667	0.00471	0.00392	0.00118	0.00431	0.00353	0.00392	0.00667
25	0.00480	0.00398	0.00418	0.00418	0.00540	0.00339	0.00313	0.00588	0.00907	0.01109	0.12448	0.04671	0.69837	0.03180	0.00505	0.00139	0.00206	0.02801	0.00368	0.00333
26	0.00740	0.00697	0.01176	0.85280	0.02700	0.00871	0.01089	0.01002	0.00784	0.01002	0.00697	0.01045	0.00523	0.00392	0.00392	0.00131	0.00523	0.00348	0.00174	0.00436
27	0.00786	0.02028	0.84191	0.01117	0.01697	0.00910	0.01448	0.01242	0.00828	0.01242	0.00704	0.00828	0.00497	0.00372	0.00372	0.00124	0.00579	0.00290	0.00166	0.00579
28	0.00588	0.00395	0.00488	0.00485	0.00509	0.00410	0.00309	0.00627	0.00598	0.02364	0.01210	0.03636	0.01324	0.62417	0.22609	0.00434	0.00544	0.00538	0.00237	0.00275
29	0.00487	0.00393	0.00432	0.00444	0.00549	0.00343	0.00323	0.00604	0.01923	0.01124	0.14798	0.18907	0.55026	0.02246	0.00492	0.00140	0.00206	0.00856	0.00372	0.00336
30	0.02830	0.00426	0.00464	0.00448	0.00585	0.00371	0.00343	0.00701	0.00941	0.06240	0.17951	0.03416	0.59096	0.00915	0.00456	0.00132	0.00213	0.03730	0.00380	0.00362
31	0.01440	0.01050	0.01123	0.00867	0.01166	0.01160	0.00714	0.77080	0.01776	0.02404	0.00964	0.00976	0.00689	0.00470	0.00384	0.00116	0.00415	0.00354	0.06208	0.00647
32	0.03361	0.01991	0.81750	0.01100	0.01669	0.00910	0.01419	0.01239	0.00823	0.01257	0.00699	0.00822	0.00495	0.00372	0.00369	0.00124	0.00571	0.00287	0.00168	0.00575
33	0.01322	0.00822	0.01005	0.00816	0.01025	0.02121	0.00667	0.24072	0.04778	0.29569	0.01102	0.01173	0.00808	0.03062	0.07049	0.00176	0.18066	0.00379	0.01414	0.00573
34	0.00480	0.00343	0.00457	0.00545	0.00569	0.00320	0.00364	0.00551	0.00760	0.01015	0.04243	0.83842	0.02621	0.01217	0.00499	0.00158	0.00226	0.01104	0.00366	0.00320
35	0.01108	0.01221	0.01089	0.00960	0.01061	0.34800	0.00759	0.03414	0.00852	0.02685	0.00649	0.00925	0.00593	0.04399	0.06087	0.00178	0.38260	0.00322	0.00202	0.00437
36	0.05744	0.00862	0.01027	0.00813	0.01073	0.06835	0.03270	0.14969	0.02049	0.46698	0.01185	0.01132	0.00800	0.00519	0.01507	0.00132	0.10027	0.00366	0.00389	0.00604
37	0.00479	0.00389	0.00426	0.00443	0.00550	0.00336	0.00326	0.00582	0.00886	0.01097	0.10631	0.19089	0.59007	0.01023	0.00472	0.00138	0.00208	0.03215	0.00370	0.00333
38	0.79242	0.00808	0.00642	0.00567	0.00801	0.03352	0.00465	0.04292	0.00723	0.01728	0.00562	0.00660	0.00440	0.00383	0.00297	0.00123	0.04012	0.00225	0.00244	0.00435
39	0.00477	0.00398	0.00417	0.00412	0.00538	0.00337	0.00309	0.00590	0.00927	0.01137	0.16130	0.03644	0.71411	0.00964	0.00463	0.00131	0.00196	0.00809	0.00374	0.00337
40	0.00829	0.06578	0.00898	0.00587	0.00934	0.00593	0.00479	0.01000	0.00812	0.01253	0.00686	0.00800	0.00575	0.00293	0.00288	0.00060	0.00299	0.00231	0.00228	0.82576
41	0.01303	0.00991	0.01061	0.00858	0.01137	0.01110	0.00694	0.50260	0.32397	0.04137	0.01202	0.01147	0.00874	0.00494	0.00395	0.00124	0.00383	0.00388	0.00397	0.00649
42	0.01019	0.00864	0.00911	0.00807	0.01036	0.00995	0.00631	0.08886	0.76195	0.01710	0.01540	0.01419	0.01152	0.00527	0.00398	0.00132	0.00321	0.00436	0.00398	0.00624
43	0.00740	0.00697	0.01176	0.85280	0.02700	0.00871	0.01089	0.01002	0.00784	0.01002	0.00697	0.01045	0.00523	0.00392	0.00392	0.00131	0.00523	0.00348	0.00174	0.00436
44	0.04982	0.00676	0.00890	0.00690	0.00981	0.00604	0.00568	0.05144	0.01134	0.73778	0.05272	0.01366	0.01063	0.00495	0.00392	0.00121	0.00330	0.00400	0.00470	0.00644
45	0.00486	0.00349	0.00462	0.00542	0.00574	0.00325	0.00369	0.00565	0.00782	0.01044	0.07586	0.76117	0.05078	0.01190	0.00498	0.00157	0.00227	0.02958	0.00368	0.00323
46	0.01215	0.00897	0.01485	0.01109	0.01423	0.00877	0.33090	0.21125	0.01179	0.21478	0.01221	0.07019	0.03970	0.00493	0.00441	0.00128	0.01468	0.00477	0.00332	0.00573
47	0.00479	0.00353	0.00448	0.00518	0.00563	0.00323	0.00353	0.00557	0.00790	0.01035	0.05996	0.68381	0.16430	0.01170	0.00492	0.00153	0.00221	0.01048	0.00367	0.00323
48	0.01107	0.00876	0.00937	0.00797	0.01039	0.00984	0.00632	0.25421	0.50592	0.03963	0.04623	0.01463	0.04703	0.00543	0.00402	0.00128	0.00337	0.00442	0.00399	0.00613
49	0.01698	0.02267	0.02983	0.02820	0.04506	0.00693	0.02401	0.14898	0.03791	0.07415	0.02730	0.15554	0.03191	0.03170	0.27521	0.00297	0.02783	0.00527	0.00298	0.00459
50	0.00485	0.00351	0.00453	0.00527	0.00560	0.00327	0.00353	0.00556	0.00759	0.01004	0.04252	0.71002	0.09093	0.06257	0.01890	0.00177	0.00246	0.01038	0.00356	0.00316
51	0.00847	0.00753	0.00829	0.00608	0.00945	0.04185	0.00483	0.01054	0.03999	0.01278	0.00728	0.00833	0.00601	0.00305	0.00297	0.00063	0.00309	0.00241	0.00237	0.81404
52	0.30140	0.11118	0.13931	0.01118	0.15953	0.05074	0.07659	0.04693	0.01629	0.02227	0.00664	0.00797	0.00523	0.00374	0.00349	0.00118	0.02615	0.00285	0.00216	0.00517
53	0.01069	0.00989	0.04179	0.04540	0.01186	0.05310	0.00712	0.01954	0.65904	0.01631	0.01675	0.03362	0.04343	0.00620	0.00450	0.00153	0.00386	0.00489	0.00405	0.00644
54	0.00792	0.00717	0.01139	0.16573	0.36469	0.01757	0.01870	0.01016	0.04130	0.01149	0.04593	0.10958	0.01840	0.03259	0.09612	0.02443	0.00491	0.00475	0.00233	0.00484
55	0.01712	0.00657	0.00895	0.00690	0.00985	0.00568	0.00568	0.01865	0.01122	0.80867	0.04711	0.01396	0.01076	0.00497	0.00397	0.00121	0.00328	0.00406	0.00483	0.00656
56	0.00773	0.00754	0.01403	0.23048	0.04544	0.00775	0.30682	0.02340	0.02684	0.01166	0.02185	0.14405	0.02122	0.01760	0.00475	0.00144	0.00492	0.09547	0.00248	0.00453
57	0.00740	0.00697	0.01176	0.85280	0.02700	0.00871	0.01089	0.01002	0.00784	0.01002	0.00697	0.01045	0.00523	0.00392	0.00392	0.00131	0.00523	0.00348	0.00174	0.00436
58	0.17952	0.04218	0.18187	0.02822	0.01159	0.05684	0.00809	0.12708	0.04226	0.08589	0.01779	0.00972	0.01850	0.00583	0.04511	0.00151	0.12696	0.00322	0.00260	0.00519
59	0.19275	0.00752	0.02808	0.17247	0.01245	0.04368	0.00661	0.05055	0.05320	0.15130	0.04131	0.05617	0.03631	0.00615	0.02780	0.00143	0.01687	0.06570	0.00305	0.02661

[dist]
# distance from previous block
# <min> <max>
0	2

[block]
# block no. 8 follows, 69 sequences, length 41
# corresponding to MSA columns:
# 353-393
name=unknown_I
#
# <colnr> <probs for GDERKNQSTAVLIFYWHMCP>
#	G	D	E	R	K	N	Q	S	T	A	V	L	I	F	Y	W	H	M	C	P
0	0.01041	0.00606	0.00829	0.09666	0.02509	0.01524	0.02253	0.05079	0.02304	0.27662	0.05017	0.09080	0.03386	0.09410	0.11796	0.00221	0.01505	0.03578	0.00341	0.02192
1	0.00772	0.01927	0.78951	0.01083	0.01631	0.00881	0.01385	0.01209	0.00830	0.01241	0.03189	0.00914	0.00608	0.00470	0.03141	0.00141	0.00583	0.00306	0.00175	0.00566
2	0.00873	0.00787	0.01056	0.06266	0.18439	0.01877	0.03736	0.02032	0.15232	0.01321	0.00994	0.02056	0.02615	0.00404	0.00357	0.00098	0.00365	0.02589	0.00258	0.38644
3	0.00795	0.00440	0.00487	0.06798	0.00686	0.00458	0.00372	0.03666	0.03651	0.03932	0.01243	0.01409	0.00963	0.00456	0.00295	0.00097	0.00225	0.00367	0.73262	0.00398
4	0.08662	0.00674	0.00883	0.00683	0.00982	0.00600	0.00564	0.01851	0.01086	0.77537	0.01467	0.01279	0.00927	0.00476	0.00382	0.00121	0.00331	0.00380	0.00466	0.00648
5	0.00554	0.00430	0.00528	0.00504	0.00616	0.00396	0.01553	0.01880	0.03467	0.01370	0.45759	0.08474	0.28893	0.00879	0.00465	0.00131	0.00211	0.03124	0.00399	0.00368
6	0.00570	0.00425	0.00542	0.00518	0.00616	0.00410	0.00389	0.00794	0.05795	0.01460	0.62865	0.06274	0.08803	0.00999	0.07625	0.00169	0.00269	0.00694	0.00403	0.00378
7	0.01080	0.00606	0.00681	0.00587	0.00775	0.00625	0.00464	0.09044	0.18918	0.20036	0.03515	0.01423	0.01077	0.00490	0.00344	0.00110	0.00268	0.00397	0.39042	0.00517
8	0.00740	0.00697	0.01176	0.85280	0.02700	0.00871	0.01089	0.01002	0.00784	0.01002	0.00697	0.01045	0.00523	0.00392	0.00392	0.00131	0.00523	0.00348	0.00174	0.00436
9	0.00627	0.00414	0.00522	0.00535	0.00581	0.00415	0.00382	0.00704	0.00715	0.03983	0.06746	0.02917	0.01723	0.48268	0.09209	0.00327	0.00424	0.20918	0.00288	0.00304
10	0.01720	0.00730	0.00948	0.00727	0.01032	0.00669	0.00601	0.13562	0.01226	0.72249	0.01459	0.01278	0.00927	0.00483	0.00394	0.00121	0.00348	0.00388	0.00472	0.00667
11	0.00846	0.01178	0.29102	0.00990	0.10695	0.00709	0.02108	0.01124	0.00836	0.03259	0.00726	0.00852	0.00566	0.00330	0.00334	0.00090	0.00415	0.00272	0.00211	0.45357
12	0.01334	0.01003	0.01075	0.00857	0.01136	0.01114	0.00696	0.62356	0.16794	0.02230	0.01127	0.05161	0.00863	0.00518	0.00397	0.00122	0.00395	0.00407	0.01777	0.00637
13	0.00677	0.00342	0.00508	0.00508	0.00508	0.00342	0.00337	0.00513	0.00513	0.00684	0.00701	0.01240	0.00707	0.04365	0.01549	0.85472	0.00342	0.00349	0.00173	0.00173
14	0.00493	0.00391	0.00440	0.00443	0.00548	0.00341	0.00325	0.00610	0.00929	0.01188	0.25864	0.13440	0.49713	0.02891	0.00502	0.00139	0.00202	0.00823	0.00380	0.00338
15	0.00740	0.00697	0.01176	0.85280	0.02700	0.00871	0.01089	0.01002	0.00784	0.01002	0.00697	0.01045	0.00523	0.00392	0.00392	0.00131	0.00523	0.00348	0.00174	0.00436
16	0.00486	0.00368	0.00445	0.00493	0.00558	0.00331	0.00345	0.00575	0.00828	0.01069	0.10236	0.47950	0.28873	0.03374	0.00525	0.00154	0.00221	0.02476	0.00367	0.00326
17	0.88991	0.00758	0.00576	0.00516	0.00758	0.00879	0.00425	0.01152	0.00667	0.01759	0.00546	0.00637	0.00425	0.00364	0.00243	0.00121	0.00303	0.00212	0.00243	0.00425
18	0.01264	0.01335	0.01041	0.00917	0.01128	0.39013	0.00712	0.15780	0.23981	0.01418	0.01000	0.02655	0.00807	0.00497	0.00427	0.00119	0.04788	0.02292	0.00295	0.00532
19	0.00570	0.00380	0.00428	0.00428	0.00428	0.00380	0.00238	0.00570	0.00570	0.00760	0.01235	0.02566	0.01425	0.86222	0.01995	0.00380	0.00380	0.00570	0.00238	0.00238
20	0.01059	0.79329	0.01964	0.00689	0.01014	0.04401	0.00671	0.01232	0.04842	0.00959	0.00599	0.00672	0.00537	0.00347	0.00262	0.00087	0.00424	0.00223	0.00180	0.00507
21	0.00502	0.00368	0.00476	0.00543	0.00585	0.00353	0.00374	0.00599	0.02367	0.01004	0.02181	0.63150	0.10037	0.05499	0.07556	0.00207	0.00306	0.03222	0.00346	0.00325
22	0.00697	0.00497	0.00698	0.00641	0.00711	0.00557	0.04073	0.00806	0.00686	0.05059	0.01149	0.07936	0.01127	0.21485	0.27373	0.00348	0.12268	0.00489	0.13041	0.00358
23	0.00820	0.00754	0.01208	0.70470	0.09898	0.02370	0.01068	0.03720	0.00838	0.02686	0.00720	0.01032	0.00544	0.00398	0.00406	0.00129	0.01937	0.00348	0.00190	0.00465
24	0.00730	0.00446	0.00593	0.01773	0.00652	0.01929	0.00422	0.03666	0.04692	0.02762	0.01012	0.09008	0.01013	0.03237	0.08007	0.53906	0.00401	0.05251	0.00231	0.00271
25	0.00794	0.00746	0.01237	0.66119	0.17309	0.00887	0.01087	0.01091	0.04839	0.01084	0.00748	0.01052	0.00573	0.00391	0.00392	0.00128	0.00502	0.00353	0.00189	0.00478
26	0.29453	0.08099	0.02270	0.02948	0.03823	0.02321	0.18861	0.05007	0.00834	0.02241	0.00683	0.00861	0.00551	0.02534	0.00406	0.00118	0.03766	0.00303	0.00226	0.14694
27	0.05393	0.68406	0.01863	0.00736	0.01043	0.09847	0.02797	0.01206	0.00818	0.00977	0.00557	0.00657	0.00502	0.00356	0.00305	0.00092	0.03554	0.00226	0.00176	0.00492
28	0.02074	0.07280	0.01021	0.33733	0.04466	0.00796	0.00772	0.02859	0.02429	0.02297	0.06635	0.14502	0.01202	0.04834	0.00569	0.00147	0.08488	0.03977	0.00248	0.01669
29	0.03478	0.10227	0.18858	0.02481	0.30558	0.05193	0.08310	0.02881	0.02400	0.02881	0.02873	0.00965	0.00670	0.01266	0.00398	0.00117	0.01660	0.00333	0.00209	0.04242
30	0.58956	0.00884	0.02757	0.00631	0.00876	0.07973	0.00526	0.08857	0.00862	0.06944	0.00773	0.03124	0.00637	0.00443	0.00300	0.00123	0.00359	0.04235	0.00276	0.00463
31	0.00549	0.00397	0.00496	0.00542	0.00612	0.00373	0.00388	0.00695	0.04869	0.03157	0.10967	0.51740	0.16485	0.01081	0.00485	0.00150	0.00233	0.06053	0.00376	0.00352
32	0.00647	0.00528	0.00803	0.21465	0.04242	0.00541	0.05613	0.00809	0.00863	0.03934	0.15637	0.20315	0.16384	0.05813	0.00539	0.00150	0.00336	0.00682	0.00309	0.00389
33	0.02980	0.07798	0.11554	0.05430	0.31937	0.02425	0.15587	0.03944	0.02052	0.08142	0.01795	0.03084	0.00703	0.00396	0.00390	0.00120	0.00491	0.00375	0.00230	0.00569
34	0.00478	0.00341	0.00455	0.00546	0.00569	0.00318	0.00364	0.00546	0.00751	0.01001	0.02161	0.85966	0.02593	0.01228	0.00500	0.00159	0.00227	0.01114	0.00364	0.00318
35	0.01392	0.00791	0.00915	0.00731	0.00993	0.00816	0.00594	0.29551	0.12188	0.31664	0.03407	0.01274	0.00970	0.00491	0.00380	0.00118	0.00340	0.00391	0.12385	0.00612
36	0.02185	0.72340	0.04233	0.00737	0.01057	0.07433	0.02235	0.01197	0.00814	0.00952	0.00557	0.00656	0.00504	0.00354	0.00303	0.00091	0.03457	0.00224	0.00172	0.00499
37	0.00562	0.00411	0.00582	0.00582	0.00635	0.00464	0.00430	0.00669	0.00616	0.00874	0.01094	0.01784	0.01086	0.22720	0.65033	0.00571	0.00891	0.00456	0.00217	0.00323
38	0.00726	0.00429	0.00491	0.00462	0.00576	0.00415	0.00351	0.02525	0.04135	0.06015	0.30526	0.04025	0.07599	0.00637	0.00372	0.00111	0.00204	0.00539	0.39465	0.00396
39	0.00517	0.00470	0.00438	0.00435	0.00566	0.04564	0.00325	0.00618	0.00908	0.01068	0.06195	0.05616	0.75004	0.00963	0.00459	0.00131	0.00224	0.00802	0.00358	0.00338
40	0.04015	0.39930	0.17326	0.02625	0.01241	0.11382	0.02926	0.10812	0.03260	0.02200	0.00680	0.00764	0.00546	0.00376	0.00317	0.00103	0.00486	0.00265	0.00211	0.00533

[dist]
# distance from previous block
# <min> <max>
0	1

[block]
# block no. 9 follows, 69 sequences, length 6
# corresponding to MSA columns:
# 395-400
name=unknown_J
#
# <colnr> <probs for GDERKNQSTAVLIFYWHMCP>
#	G	D	E	R	K	N	Q	S	T	A	V	L	I	F	Y	W	H	M	C	P
0	0.02851	0.08737	0.32251	0.01137	0.07324	0.11762	0.08952	0.04133	0.03848	0.01217	0.02366	0.00925	0.00632	0.00521	0.03974	0.00143	0.08175	0.00324	0.00201	0.00529
1	0.00601	0.00455	0.00574	0.00546	0.00637	0.00452	0.00410	0.05166	0.01035	0.01431	0.51672	0.17032	0.11742	0.00870	0.00513	0.00133	0.05208	0.00750	0.00395	0.00377
2	0.00565	0.00385	0.00461	0.00474	0.00492	0.00384	0.00299	0.00604	0.00653	0.00878	0.07292	0.10307	0.01738	0.62380	0.05220	0.00337	0.00380	0.06613	0.00271	0.00268
3	0.24713	0.09818	0.05750	0.00848	0.04934	0.03451	0.05690	0.08094	0.12473	0.04030	0.00811	0.00887	0.00629	0.00401	0.00367	0.00113	0.04193	0.00298	0.00262	0.12239
4	0.26214	0.01018	0.10136	0.00969	0.12528	0.13082	0.03645	0.02765	0.00865	0.03873	0.05233	0.03716	0.06634	0.02281	0.05326	0.00155	0.00462	0.00378	0.00250	0.00469
5	0.22568	0.14562	0.10002	0.05426	0.05588	0.06641	0.03595	0.01079	0.02478	0.01244	0.00967	0.15077	0.02327	0.02392	0.00380	0.00124	0.00400	0.00422	0.00237	0.04491

[dist]
# distance from previous block
# <min> <max>
3	49

[block]
# block no. 10 follows, 69 sequences, length 107
# corresponding to MSA columns:
# 459-565
name=unknown_K
#
# <colnr> <probs for GDERKNQSTAVLIFYWHMCP>
#	G	D	E	R	K	N	Q	S	T	A	V	L	I	F	Y	W	H	M	C	P
0	0.03317	0.15446	0.04803	0.02403	0.10222	0.04702	0.01585	0.08703	0.08084	0.06527	0.03692	0.09856	0.03844	0.01895	0.03122	0.00134	0.01996	0.00429	0.01098	0.08144
1	0.00686	0.05247	0.04953	0.01972	0.04133	0.05322	0.01649	0.00857	0.03117	0.02416	0.17040	0.17343	0.18801	0.04574	0.03684	0.00154	0.00335	0.00646	0.00317	0.06755
2	0.22599	0.12184	0.15785	0.00873	0.07238	0.04454	0.02646	0.05353	0.04496	0.05708	0.03999	0.09699	0.02444	0.00497	0.00349	0.00120	0.00399	0.00393	0.00262	0.00500
3	0.14570	0.21577	0.15629	0.00869	0.04519	0.06511	0.02644	0.06733	0.06604	0.04788	0.01948	0.05565	0.00737	0.00448	0.00370	0.00115	0.03651	0.00334	0.00243	0.02145
4	0.00755	0.03422	0.03784	0.00706	0.00844	0.06299	0.05664	0.07104	0.02830	0.03392	0.08524	0.34604	0.04676	0.06372	0.00555	0.00157	0.00344	0.08158	0.01410	0.00403
5	0.01113	0.00984	0.00981	0.00850	0.01076	0.08392	0.00670	0.17839	0.55271	0.01706	0.01320	0.01260	0.00994	0.00517	0.00443	0.00129	0.05081	0.00403	0.00368	0.00604
6	0.00903	0.14107	0.01419	0.15190	0.40438	0.03569	0.01914	0.01146	0.04412	0.01185	0.05398	0.02273	0.05542	0.00436	0.00378	0.00116	0.00438	0.00386	0.00221	0.00532
7	0.00561	0.00418	0.00618	0.00618	0.00684	0.00484	0.00475	0.00692	0.00626	0.00901	0.01061	0.01601	0.01006	0.07881	0.79764	0.00615	0.01010	0.00429	0.00212	0.00343
8	0.00946	0.59706	0.12609	0.03431	0.01097	0.01274	0.00746	0.01125	0.00829	0.02304	0.07643	0.00970	0.02730	0.00470	0.02591	0.00111	0.00435	0.00289	0.00200	0.00494
9	0.00803	0.00879	0.08618	0.09469	0.34752	0.01889	0.09158	0.01019	0.00839	0.01160	0.01147	0.20045	0.03704	0.00586	0.00460	0.00132	0.04064	0.00540	0.00233	0.00503
10	0.00569	0.00394	0.00500	0.00550	0.00584	0.00389	0.00394	0.00643	0.00719	0.00949	0.01718	0.22180	0.01960	0.39311	0.01184	0.00265	0.00339	0.26750	0.00306	0.00296
11	0.00557	0.00397	0.00532	0.00540	0.00577	0.00430	0.00376	0.00633	0.00616	0.00857	0.01224	0.09449	0.01305	0.36728	0.43509	0.00486	0.00704	0.00543	0.00235	0.00301
12	0.00663	0.00581	0.00927	0.46330	0.06664	0.00674	0.00811	0.00851	0.00763	0.01001	0.01188	0.19129	0.03515	0.05570	0.08088	0.00195	0.00485	0.01935	0.00231	0.00399
13	0.00879	0.09653	0.42228	0.01066	0.03667	0.03906	0.01128	0.01180	0.02687	0.02197	0.00659	0.00839	0.00529	0.00473	0.00648	0.00134	0.27118	0.00304	0.00179	0.00524
14	0.00595	0.00459	0.00523	0.00494	0.00624	0.00432	0.00374	0.00854	0.11003	0.03266	0.37445	0.03076	0.37710	0.00844	0.00453	0.00128	0.00210	0.00720	0.00400	0.00391
15	0.00602	0.00425	0.00525	0.00492	0.00603	0.00394	0.00371	0.00807	0.04226	0.04367	0.61218	0.02921	0.17396	0.00803	0.00452	0.00124	0.00197	0.00698	0.02994	0.00383
16	0.01972	0.00948	0.00983	0.11189	0.09088	0.20443	0.04309	0.05042	0.08336	0.04593	0.14645	0.02841	0.12839	0.00569	0.00408	0.00121	0.00429	0.00476	0.00298	0.00472
17	0.00719	0.00593	0.00903	0.40919	0.05113	0.00673	0.00774	0.06332	0.00854	0.02892	0.01310	0.34520	0.01362	0.00727	0.00435	0.00140	0.00394	0.00652	0.00271	0.00418
18	0.01449	0.01835	0.01104	0.01003	0.01206	0.81955	0.00753	0.01582	0.03749	0.00981	0.00638	0.00731	0.00527	0.00408	0.00355	0.00102	0.00694	0.00259	0.00208	0.00460
19	0.01713	0.00688	0.00913	0.00702	0.01000	0.00613	0.00579	0.07241	0.01162	0.76378	0.01499	0.01312	0.00951	0.00483	0.00391	0.00120	0.00336	0.00391	0.02868	0.00659
20	0.00867	0.01293	0.33155	0.04317	0.20432	0.04172	0.01069	0.07057	0.04418	0.01319	0.05113	0.05136	0.03612	0.00575	0.03597	0.00144	0.01464	0.01484	0.00234	0.00543
