[name]
unknown

[dist]
# distance from previous block
# <min> <max>
0	50

[block]
# block no. 0 follows, 49 sequences, length 19
# corresponding to MSA columns:
# 50-68
name=unknown_A
#
# <colnr> <probs for GDERKNQSTAVLIFYWHMCP>
#	G	D	E	R	K	N	Q	S	T	A	V	L	I	F	Y	W	H	M	C	P
0	0.01114	0.00988	0.06475	0.01093	0.04537	0.00838	0.08171	0.08760	0.04837	0.06388	0.08123	0.14564	0.01814	0.00803	0.00534	0.00155	0.00464	0.09235	0.00404	0.20704
1	0.02948	0.13644	0.04354	0.05101	0.10079	0.03936	0.00870	0.05958	0.10444	0.09229	0.04974	0.08186	0.09481	0.00776	0.02173	0.00164	0.00490	0.00587	0.00384	0.06223
2	0.06475	0.00666	0.00822	0.00753	0.00867	0.00730	0.00555	0.04562	0.00943	0.10069	0.01429	0.02250	0.01361	0.31023	0.23162	0.00459	0.07043	0.00575	0.05776	0.00479
3	0.01296	0.01051	0.01127	0.00999	0.01279	0.01189	0.00783	0.10858	0.58471	0.04221	0.03601	0.02118	0.03820	0.03359	0.00591	0.00181	0.00416	0.03368	0.00508	0.00763
4	0.00616	0.00440	0.00587	0.00704	0.00733	0.00411	0.00469	0.00704	0.00968	0.01291	0.02787	0.81899	0.03344	0.01584	0.00645	0.00205	0.00293	0.01438	0.00469	0.00411
5	0.00955	0.00899	0.01517	0.81013	0.03483	0.01123	0.01404	0.01292	0.01011	0.01292	0.00899	0.01348	0.00674	0.00506	0.00506	0.00169	0.00674	0.00449	0.00225	0.00562
6	0.19373	0.01028	0.01177	0.02649	0.11228	0.04035	0.00822	0.16925	0.01294	0.11750	0.01270	0.06624	0.01094	0.08241	0.06612	0.00239	0.04096	0.00512	0.00382	0.00648
7	0.01106	0.01106	0.01549	0.01328	0.01328	0.01549	0.01106	0.01217	0.00774	0.01217	0.00664	0.01106	0.00664	0.00885	0.01659	0.00221	0.81303	0.00443	0.00221	0.00553
8	0.04738	0.01466	0.13768	0.01826	0.29498	0.10450	0.01222	0.04417	0.13906	0.03564	0.05409	0.05123	0.01214	0.00596	0.00499	0.00156	0.00580	0.00508	0.00336	0.00725
9	0.01621	0.06362	0.02728	0.02618	0.05987	0.10425	0.02404	0.31234	0.04965	0.10003	0.03099	0.01381	0.01016	0.00738	0.04133	0.00179	0.03366	0.00456	0.06553	0.00732
10	0.10622	0.08172	0.11108	0.03344	0.03291	0.01177	0.00935	0.19909	0.05273	0.11840	0.01135	0.01186	0.00834	0.00512	0.00439	0.00135	0.00503	0.00389	0.00381	0.18814
11	0.00662	0.00515	0.00602	0.00580	0.00723	0.00454	0.00435	0.00851	0.01305	0.01728	0.45386	0.04271	0.38380	0.01146	0.00597	0.00164	0.00247	0.00984	0.00517	0.00454
12	0.01466	0.01156	0.01236	0.01056	0.01375	0.01309	0.00837	0.20792	0.56220	0.05967	0.01851	0.01716	0.01364	0.00664	0.00512	0.00166	0.00439	0.00541	0.00518	0.00818
13	0.04958	0.08438	0.01236	0.00965	0.04698	0.03316	0.00749	0.15406	0.06966	0.23521	0.01495	0.01528	0.01091	0.00798	0.05826	0.00188	0.00505	0.00459	0.17148	0.00709
14	0.00751	0.00563	0.00677	0.00721	0.00815	0.00552	0.00511	0.05038	0.06697	0.01484	0.06015	0.48856	0.14261	0.06604	0.00746	0.00212	0.00327	0.04235	0.00468	0.00464
15	0.01048	0.04564	0.17979	0.02896	0.14215	0.02480	0.05422	0.02986	0.04270	0.04161	0.06174	0.12383	0.04960	0.00936	0.05887	0.00204	0.00578	0.00634	0.07592	0.00631
16	0.00942	0.00845	0.03214	0.00829	0.01058	0.04057	0.04162	0.06672	0.03021	0.01667	0.16874	0.10661	0.13271	0.06893	0.05434	0.00213	0.02233	0.00733	0.02194	0.15028
17	0.03562	0.04447	0.00807	0.00700	0.00814	0.03897	0.00517	0.00976	0.02690	0.01451	0.23149	0.08005	0.14573	0.16250	0.06216	0.05861	0.04470	0.00778	0.00397	0.00440
18	0.02433	0.04606	0.02563	0.06642	0.06277	0.02732	0.02016	0.09455	0.05690	0.02926	0.05517	0.01676	0.01223	0.03932	0.24910	0.00362	0.06666	0.00496	0.02359	0.07517

[dist]
# distance from previous block
# <min> <max>
2	25

[block]
# block no. 1 follows, 49 sequences, length 29
# corresponding to MSA columns:
# 94-122
name=unknown_B
#
# <colnr> <probs for GDERKNQSTAVLIFYWHMCP>
#	G	D	E	R	K	N	Q	S	T	A	V	L	I	F	Y	W	H	M	C	P
0	0.03717	0.00943	0.02686	0.01091	0.10263	0.05592	0.00749	0.04207	0.16448	0.03703	0.15845	0.06879	0.06882	0.06003	0.04607	0.00208	0.00470	0.00655	0.02733	0.06317
1	0.01177	0.00949	0.01080	0.00804	0.01208	0.02917	0.00641	0.04962	0.02418	0.06628	0.03429	0.01247	0.00944	0.02322	0.00482	0.00103	0.02376	0.00358	0.00339	0.65615
2	0.01096	0.00951	0.00973	0.02171	0.01105	0.07950	0.00683	0.09286	0.20740	0.01826	0.16651	0.06862	0.10109	0.07288	0.02265	0.00205	0.04400	0.02339	0.02514	0.00590
3	0.00625	0.00446	0.00590	0.00696	0.00729	0.00417	0.00465	0.00718	0.00985	0.01320	0.06716	0.75371	0.03372	0.04072	0.00703	0.00212	0.00297	0.01388	0.00469	0.00411
4	0.00728	0.00512	0.00612	0.00627	0.00745	0.00458	0.00454	0.00864	0.01143	0.05411	0.18466	0.25766	0.31501	0.06888	0.00746	0.00202	0.00295	0.03652	0.00483	0.00447
5	0.01799	0.01355	0.01448	0.01139	0.01521	0.01511	0.00931	0.63572	0.16394	0.02989	0.01370	0.01338	0.00986	0.00622	0.00507	0.00155	0.00528	0.00477	0.00507	0.00849
6	0.47340	0.00975	0.00953	0.00789	0.01128	0.01044	0.00649	0.09806	0.02939	0.25325	0.01204	0.01190	0.00838	0.00539	0.00397	0.00155	0.00415	0.00376	0.03260	0.00677
7	0.01352	0.82533	0.02650	0.00865	0.01298	0.02001	0.00865	0.01514	0.01027	0.01190	0.00703	0.00811	0.00649	0.00433	0.00324	0.00108	0.00541	0.00270	0.00216	0.00649
8	0.04281	0.03861	0.24183	0.06170	0.01783	0.05503	0.03946	0.21476	0.05905	0.11418	0.01368	0.02648	0.04018	0.00592	0.00494	0.00157	0.00603	0.00471	0.00379	0.00743
9	0.05613	0.13844	0.09604	0.01609	0.19619	0.09840	0.04692	0.17863	0.05627	0.01897	0.01039	0.02414	0.00837	0.00612	0.02616	0.00164	0.00636	0.00426	0.00319	0.00728
10	0.85801	0.00978	0.00743	0.00665	0.00978	0.01134	0.00548	0.01486	0.00861	0.02269	0.00704	0.00821	0.00548	0.00469	0.00313	0.00156	0.00391	0.00274	0.00313	0.00548
11	0.01020	0.00947	0.05344	0.04385	0.15024	0.07169	0.02231	0.02998	0.04401	0.01418	0.06351	0.17457	0.01612	0.01146	0.03036	0.20798	0.00517	0.00669	0.02965	0.00512
12	0.00633	0.00489	0.00570	0.00600	0.00707	0.00435	0.00426	0.00764	0.01129	0.01454	0.18772	0.29150	0.36443	0.05205	0.00707	0.00195	0.00276	0.01139	0.00479	0.00426
13	0.00746	0.00560	0.00690	0.00722	0.03616	0.00528	0.00508	0.00952	0.03782	0.03659	0.20721	0.13584	0.31538	0.03909	0.09835	0.00254	0.00412	0.00939	0.02570	0.00475
14	0.00867	0.00604	0.00708	0.00732	0.02474	0.04400	0.00510	0.00922	0.01044	0.04978	0.13827	0.18830	0.17233	0.02969	0.00991	0.22507	0.00367	0.02867	0.02757	0.00413
15	0.00878	0.00439	0.00659	0.00659	0.00659	0.00439	0.00439	0.00659	0.00659	0.00878	0.00878	0.01537	0.00878	0.01757	0.01976	0.85288	0.00439	0.00439	0.00220	0.00220
16	0.01567	0.50407	0.02162	0.01041	0.01404	0.33355	0.00910	0.01717	0.01190	0.01209	0.00735	0.00852	0.00650	0.00468	0.00377	0.00117	0.00690	0.00293	0.00234	0.00624
17	0.00675	0.00480	0.00612	0.00685	0.00758	0.00438	0.00475	0.00782	0.01020	0.02979	0.05523	0.59991	0.13237	0.03898	0.00687	0.00204	0.00304	0.04000	0.00466	0.02784
18	0.03743	0.00867	0.00822	0.00758	0.00964	0.08974	0.00578	0.06968	0.09515	0.05685	0.13673	0.10273	0.33194	0.01021	0.00557	0.00165	0.00377	0.00849	0.00470	0.00547
19	0.01293	0.01065	0.01119	0.02975	0.01320	0.03192	0.00781	0.09273	0.54269	0.05651	0.02292	0.02144	0.10917	0.00740	0.00522	0.00168	0.00418	0.00609	0.00500	0.00751
20	0.00998	0.00929	0.01560	0.62814	0.16828	0.01101	0.01378	0.01319	0.01036	0.01372	0.00979	0.03557	0.00786	0.00528	0.00505	0.00165	0.00639	0.00477	0.02431	0.00598
21	0.00976	0.00920	0.01554	0.75537	0.08796	0.01129	0.01415	0.01310	0.01021	0.01317	0.00902	0.01341	0.00683	0.00502	0.00505	0.00167	0.00669	0.00449	0.00226	0.00579
22	0.01087	0.00915	0.01063	0.00769	0.01204	0.00718	0.00615	0.05549	0.01136	0.01747	0.03515	0.01149	0.00889	0.00410	0.00389	0.00082	0.00380	0.00329	0.00320	0.77734
23	0.00799	0.00638	0.00797	0.02559	0.04729	0.03017	0.03087	0.00941	0.01091	0.04219	0.11196	0.20113	0.27883	0.12023	0.04400	0.00245	0.00415	0.00959	0.00424	0.00465
24	0.18197	0.00883	0.01003	0.04700	0.06184	0.02580	0.00710	0.06629	0.08266	0.13966	0.03214	0.04329	0.04073	0.10912	0.06158	0.00244	0.02036	0.00539	0.04769	0.00609
25	0.02556	0.01068	0.04097	0.06223	0.10477	0.04724	0.02571	0.12290	0.11882	0.03601	0.15399	0.03461	0.04557	0.00816	0.03012	0.00182	0.06846	0.00589	0.05000	0.00650
26	0.02382	0.00631	0.00864	0.03714	0.00950	0.00725	0.00623	0.02425	0.02454	0.01189	0.03552	0.03369	0.07684	0.07105	0.18264	0.30145	0.12680	0.00564	0.00285	0.00395
27	0.01220	0.06884	0.08011	0.11530	0.22758	0.03391	0.20819	0.01591	0.04013	0.05377	0.01147	0.01395	0.02409	0.00558	0.01908	0.00168	0.01888	0.00488	0.03752	0.00693
28	0.12891	0.00727	0.02224	0.02946	0.01013	0.00683	0.00588	0.04443	0.01188	0.20319	0.04788	0.18551	0.16826	0.00929	0.00512	0.00165	0.00354	0.00776	0.09499	0.00578

[dist]
# distance from previous block
# <min> <max>
2	5

[block]
# block no. 2 follows, 49 sequences, length 7
# corresponding to MSA columns:
# 128-134
name=unknown_C
#
# <colnr> <probs for GDERKNQSTAVLIFYWHMCP>
#	G	D	E	R	K	N	Q	S	T	A	V	L	I	F	Y	W	H	M	C	P
0	0.01369	0.01316	0.02020	0.09234	0.06515	0.08275	0.28824	0.09352	0.09098	0.06441	0.01122	0.01342	0.00854	0.00561	0.00687	0.00170	0.11298	0.00508	0.00322	0.00693
1	0.00631	0.00509	0.00561	0.00558	0.00706	0.00439	0.00415	0.00786	0.01216	0.01540	0.24832	0.09541	0.54027	0.01234	0.00600	0.00170	0.00254	0.01050	0.00493	0.00439
2	0.00808	0.00666	0.03268	0.00708	0.00879	0.00595	0.00557	0.03672	0.08696	0.03681	0.26773	0.17615	0.25927	0.01138	0.00591	0.00174	0.00307	0.02933	0.00498	0.00513
3	0.01596	0.05142	0.03016	0.01002	0.01315	0.01165	0.00827	0.21121	0.21036	0.20731	0.01568	0.01611	0.01163	0.03680	0.05611	0.03484	0.04211	0.00500	0.00471	0.00749
4	0.00666	0.00527	0.00592	0.00612	0.00735	0.00483	0.00438	0.00867	0.05790	0.01444	0.12727	0.25174	0.40169	0.06544	0.00733	0.00199	0.00288	0.01097	0.00472	0.00443
5	0.02791	0.09322	0.13645	0.04638	0.11785	0.05081	0.26216	0.04409	0.02975	0.01593	0.02801	0.02871	0.03685	0.00576	0.00591	0.02651	0.02915	0.00513	0.00277	0.00666
6	0.00961	0.03347	0.01529	0.01192	0.01431	0.00874	0.25237	0.03322	0.03961	0.01440	0.03985	0.06666	0.03987	0.06186	0.21839	0.08532	0.00792	0.00632	0.03564	0.00524

[dist]
# distance from previous block
# <min> <max>
3	25

[block]
# block no. 3 follows, 49 sequences, length 7
# corresponding to MSA columns:
# 167-173
name=unknown_D
#
# <colnr> <probs for GDERKNQSTAVLIFYWHMCP>
#	G	D	E	R	K	N	Q	S	T	A	V	L	I	F	Y	W	H	M	C	P
0	0.00818	0.00657	0.00952	0.04491	0.08988	0.00686	0.02816	0.02847	0.04292	0.01435	0.05920	0.35491	0.04146	0.04673	0.15254	0.00311	0.02499	0.00939	0.02280	0.00504
1	0.00648	0.00481	0.00609	0.00656	0.00733	0.00452	0.00460	0.00776	0.01062	0.01413	0.17190	0.40132	0.17996	0.06321	0.08393	0.00265	0.00389	0.01141	0.00457	0.00424
2	0.03441	0.00723	0.00871	0.00794	0.01003	0.00713	0.00609	0.06132	0.10898	0.20536	0.07224	0.20545	0.13030	0.04200	0.04805	0.00220	0.00417	0.02733	0.00500	0.00606
3	0.01194	0.00782	0.00920	0.00812	0.01039	0.00798	0.00631	0.06378	0.22651	0.14988	0.29399	0.06333	0.07869	0.00872	0.00549	0.00163	0.00339	0.00745	0.02891	0.00648
4	0.00859	0.00770	0.01147	0.01052	0.01138	0.00886	0.08447	0.01070	0.05670	0.01353	0.01938	0.45008	0.02182	0.01206	0.00932	0.00204	0.24252	0.01006	0.00377	0.00504
5	0.19571	0.03633	0.01141	0.00883	0.01202	0.01200	0.00722	0.37586	0.01656	0.07294	0.01230	0.01344	0.00924	0.03338	0.00501	0.00157	0.00452	0.00427	0.16040	0.00696
6	0.01161	0.01109	0.01889	0.26932	0.55955	0.01178	0.01507	0.01472	0.01109	0.01542	0.00935	0.01281	0.00762	0.00467	0.00502	0.00156	0.00623	0.00450	0.00242	0.00728

[dist]
# distance from previous block
# <min> <max>
0	1

[block]
# block no. 4 follows, 49 sequences, length 9
# corresponding to MSA columns:
# 175-183
name=unknown_E
#
# <colnr> <probs for GDERKNQSTAVLIFYWHMCP>
#	G	D	E	R	K	N	Q	S	T	A	V	L	I	F	Y	W	H	M	C	P
0	0.01342	0.77239	0.02672	0.00948	0.01386	0.01954	0.05847	0.01521	0.01038	0.01218	0.00724	0.00847	0.00657	0.00432	0.00342	0.00112	0.00561	0.00292	0.00219	0.00651
1	0.12049	0.01307	0.01334	0.03169	0.01373	0.15076	0.00934	0.14983	0.01219	0.03578	0.00898	0.01155	0.00753	0.00879	0.05940	0.00216	0.31311	0.00412	0.02804	0.00612
2	0.01243	0.04371	0.09776	0.01535	0.21037	0.01144	0.01075	0.13501	0.18009	0.01962	0.01470	0.03490	0.01224	0.00728	0.02650	0.00176	0.00529	0.06076	0.09283	0.00721
3	0.00633	0.00465	0.00590	0.00671	0.00733	0.00428	0.00464	0.00744	0.01040	0.01370	0.10336	0.57840	0.14884	0.03934	0.00694	0.00205	0.00294	0.03784	0.00473	0.00418
4	0.01092	0.01023	0.01716	0.53185	0.23559	0.01172	0.04322	0.05175	0.01124	0.01495	0.00933	0.01316	0.00721	0.00493	0.00508	0.00163	0.00655	0.00456	0.00247	0.00645
5	0.00657	0.00502	0.00548	0.00561	0.00659	0.00454	0.00384	0.00747	0.01011	0.01264	0.06625	0.10798	0.41608	0.27948	0.01256	0.00280	0.00343	0.03546	0.00419	0.00389
6	0.00753	0.00475	0.00643	0.00673	0.00704	0.00479	0.00458	0.00741	0.00804	0.01078	0.01747	0.19700	0.04574	0.20088	0.13864	0.28444	0.00555	0.03569	0.00319	0.00333
7	0.01352	0.15377	0.04605	0.15930	0.16082	0.07983	0.05326	0.11497	0.05653	0.03445	0.01014	0.01217	0.00799	0.00527	0.00527	0.00150	0.04648	0.00423	0.02752	0.00692
8	0.00765	0.00673	0.02371	0.00737	0.00837	0.05913	0.00538	0.00923	0.03914	0.01342	0.06188	0.41626	0.15613	0.07597	0.02535	0.02692	0.00391	0.04473	0.00431	0.00440

[dist]
# distance from previous block
# <min> <max>
0	46

[block]
# block no. 5 follows, 49 sequences, length 20
# corresponding to MSA columns:
# 231-250
name=unknown_F
#
# <colnr> <probs for GDERKNQSTAVLIFYWHMCP>
#	G	D	E	R	K	N	Q	S	T	A	V	L	I	F	Y	W	H	M	C	P
0	0.00886	0.00675	0.00787	0.02811	0.00938	0.03696	0.00555	0.05265	0.01018	0.01383	0.01796	0.28275	0.01965	0.14832	0.04429	0.08830	0.00456	0.05437	0.02953	0.13015
1	0.01301	0.07233	0.16182	0.02478	0.09247	0.09660	0.03289	0.10037	0.05428	0.03292	0.03291	0.01212	0.00898	0.00499	0.00469	0.00131	0.01679	0.00396	0.00314	0.22964
2	0.00924	0.04497	0.24893	0.01119	0.03769	0.01897	0.08742	0.01253	0.01123	0.01601	0.12765	0.12939	0.07504	0.00853	0.02573	0.00175	0.00530	0.00679	0.07726	0.04439
3	0.00861	0.00637	0.00765	0.03158	0.00921	0.03019	0.00555	0.01072	0.03467	0.06896	0.31537	0.13252	0.16997	0.05235	0.06373	0.00231	0.03173	0.00887	0.00470	0.00494
4	0.00735	0.00532	0.00696	0.00698	0.00765	0.00569	0.00494	0.00883	0.03496	0.01195	0.05577	0.07507	0.06278	0.28761	0.36508	0.03036	0.00830	0.00706	0.00327	0.00407
5	0.01093	0.06219	0.51700	0.01392	0.05052	0.01200	0.04282	0.07137	0.01171	0.01698	0.06005	0.01324	0.00974	0.02369	0.00595	0.00167	0.05015	0.00434	0.01462	0.00709
6	0.00706	0.00554	0.00643	0.00662	0.00808	0.00511	0.00517	0.02348	0.03539	0.01540	0.14766	0.12631	0.41364	0.01269	0.00618	0.00185	0.00310	0.16086	0.00483	0.00460
7	0.01071	0.00933	0.01161	0.01012	0.09896	0.00733	0.00706	0.01304	0.01060	0.01648	0.00905	0.01071	0.00755	0.00383	0.00389	0.00083	0.00400	0.00316	0.00294	0.75881
8	0.00724	0.00621	0.04676	0.00646	0.00806	0.00504	0.00525	0.00961	0.01342	0.01882	0.57293	0.03714	0.17265	0.01022	0.00576	0.00159	0.00267	0.00887	0.05650	0.00482
9	0.01889	0.02410	0.01433	0.01303	0.01563	0.80199	0.00977	0.02019	0.01433	0.01238	0.00782	0.00912	0.00651	0.00521	0.00456	0.00130	0.00912	0.00326	0.00261	0.00586
10	0.01493	0.01005	0.01131	0.00976	0.01278	0.01092	0.00775	0.08462	0.47097	0.19492	0.04768	0.01994	0.01579	0.00700	0.00517	0.00167	0.00411	0.03119	0.03158	0.00785
11	0.00639	0.00456	0.00613	0.00730	0.00769	0.00430	0.00509	0.00743	0.00991	0.01316	0.02775	0.73177	0.03295	0.01563	0.00651	0.00209	0.00313	0.09934	0.00469	0.00417
12	0.01891	0.02358	0.01437	0.01295	0.01564	0.76120	0.00976	0.05929	0.01482	0.01339	0.00804	0.00928	0.00662	0.00526	0.00459	0.00131	0.00893	0.00332	0.00273	0.00600
13	0.00734	0.00495	0.00575	0.00575	0.00584	0.00503	0.00336	0.00751	0.00742	0.00998	0.01571	0.03188	0.01786	0.75046	0.09684	0.00520	0.00569	0.00718	0.00303	0.00320
14	0.01809	0.00852	0.01037	0.00833	0.01148	0.00822	0.00676	0.13041	0.06014	0.43350	0.01794	0.01700	0.01224	0.00617	0.00468	0.00146	0.00396	0.00495	0.22824	0.00754
15	0.01889	0.02410	0.01433	0.01303	0.01563	0.80199	0.00977	0.02019	0.01433	0.01238	0.00782	0.00912	0.00651	0.00521	0.00456	0.00130	0.00912	0.00326	0.00261	0.00586
16	0.00754	0.00529	0.00642	0.00614	0.00713	0.00503	0.00432	0.00943	0.03174	0.02930	0.42956	0.03599	0.11419	0.23802	0.02655	0.00265	0.00339	0.00847	0.02445	0.00438
17	0.02866	0.22189	0.06623	0.00914	0.01267	0.01115	0.04703	0.05919	0.03626	0.20190	0.10840	0.04018	0.08379	0.00684	0.00475	0.00146	0.00456	0.00557	0.04365	0.00668
18	0.00709	0.00545	0.00652	0.00656	0.00786	0.00519	0.00497	0.00883	0.02624	0.02966	0.14163	0.13421	0.38042	0.04162	0.09144	0.00257	0.02478	0.06591	0.00453	0.00453
19	0.03669	0.02796	0.07782	0.09315	0.04082	0.06962	0.14534	0.06415	0.04608	0.07610	0.01537	0.04549	0.06445	0.07719	0.05020	0.00228	0.03280	0.02493	0.00338	0.00617

[dist]
# distance from previous block
# <min> <max>
2	18

[block]
# block no. 6 follows, 49 sequences, length 20
# corresponding to MSA columns:
# 269-288
name=unknown_G
#
# <colnr> <probs for GDERKNQSTAVLIFYWHMCP>
#	G	D	E	R	K	N	Q	S	T	A	V	L	I	F	Y	W	H	M	C	P
0	0.02119	0.00890	0.05189	0.25865	0.03239	0.00914	0.05550	0.01287	0.08806	0.01434	0.01806	0.10106	0.07873	0.05016	0.06511	0.00243	0.03585	0.08682	0.00334	0.00549
1	0.00625	0.00456	0.00590	0.00694	0.00745	0.00422	0.00478	0.00725	0.01001	0.01312	0.03058	0.68625	0.12267	0.01538	0.00643	0.00203	0.00298	0.05436	0.00469	0.00416
2	0.00814	0.00514	0.00645	0.00625	0.00735	0.00472	0.00449	0.00890	0.01090	0.06510	0.23622	0.08898	0.24086	0.07699	0.02526	0.18388	0.00343	0.00845	0.00434	0.00415
3	0.01201	0.00810	0.00862	0.00777	0.00999	0.00884	0.00604	0.05665	0.34706	0.06620	0.03677	0.01888	0.01463	0.00645	0.00446	0.00146	0.00335	0.00527	0.37090	0.00657
4	0.01028	0.00712	0.00787	0.00633	0.00919	0.00615	0.00496	0.03499	0.02720	0.01817	0.01294	0.01474	0.01032	0.00491	0.00371	0.00100	0.00314	0.00393	0.41089	0.40217
5	0.05219	0.01697	0.01373	0.01161	0.01458	0.37149	0.00915	0.16342	0.01535	0.19471	0.01127	0.01167	0.00825	0.00591	0.00577	0.00149	0.07755	0.00400	0.00389	0.00696
6	0.01380	0.01125	0.01196	0.01044	0.01349	0.01285	0.00821	0.12962	0.65417	0.04594	0.01940	0.01789	0.01441	0.00673	0.00513	0.00168	0.00423	0.00554	0.00517	0.00810
7	0.00990	0.02747	0.03874	0.01259	0.03359	0.02741	0.22927	0.03626	0.08911	0.01637	0.08390	0.14044	0.12312	0.00910	0.00590	0.00179	0.00527	0.09996	0.00396	0.00585
8	0.01517	0.46657	0.07343	0.01061	0.01453	0.24652	0.00977	0.06624	0.01230	0.01362	0.00772	0.00891	0.00663	0.00484	0.00416	0.00124	0.02566	0.00310	0.00248	0.00649
9	0.01913	0.01337	0.01461	0.01118	0.01523	0.01444	0.00922	0.66373	0.02222	0.10534	0.01275	0.01255	0.00893	0.00597	0.00500	0.00148	0.00535	0.00453	0.00507	0.04989
10	0.04293	0.06651	0.44132	0.01336	0.01875	0.22801	0.03123	0.01729	0.01167	0.04557	0.00893	0.01036	0.00668	0.00506	0.00500	0.00151	0.03282	0.00364	0.00247	0.00688
11	0.07846	0.01423	0.01262	0.01225	0.08966	0.25546	0.00866	0.13773	0.06717	0.11306	0.01255	0.03135	0.00996	0.03274	0.03880	0.00184	0.00635	0.00451	0.06591	0.00669
12	0.00676	0.00491	0.00545	0.00558	0.00623	0.00457	0.00357	0.00726	0.00911	0.01152	0.02986	0.12650	0.29931	0.41299	0.01621	0.02971	0.00382	0.00926	0.00381	0.00359
13	0.01352	0.82533	0.02650	0.00865	0.01298	0.02001	0.00865	0.01514	0.01027	0.01190	0.00703	0.00811	0.00649	0.00433	0.00324	0.00108	0.00541	0.00270	0.00216	0.00649
14	0.00661	0.00510	0.00587	0.00582	0.00721	0.00451	0.00436	0.00835	0.01245	0.01636	0.33138	0.09611	0.40775	0.01187	0.00595	0.00169	0.00257	0.02938	0.03221	0.00448
15	0.00723	0.00540	0.00802	0.00802	0.00888	0.00626	0.00619	0.00896	0.00809	0.01166	0.01364	0.02041	0.01288	0.07043	0.77007	0.00799	0.01319	0.00550	0.00272	0.00445
16	0.01186	0.08244	0.10444	0.08191	0.17075	0.03533	0.07646	0.06000	0.14076	0.02935	0.04948	0.06423	0.03858	0.00634	0.00506	0.00158	0.00555	0.00558	0.02339	0.00691
17	0.00666	0.00494	0.00552	0.00564	0.00643	0.00455	0.00372	0.00746	0.00983	0.01256	0.09661	0.14423	0.31241	0.34120	0.01405	0.00304	0.00355	0.00969	0.00411	0.00380
18	0.01330	0.24767	0.07192	0.02795	0.05219	0.10652	0.09668	0.07857	0.02693	0.04232	0.01179	0.01508	0.03696	0.07418	0.00660	0.00170	0.02515	0.02188	0.00298	0.03962
19	0.00889	0.03254	0.02629	0.00930	0.05198	0.07373	0.02407	0.02901	0.03529	0.01465	0.10482	0.37372	0.08121	0.07018	0.00721	0.00197	0.00411	0.00984	0.00415	0.03703

[dist]
# distance from previous block
# <min> <max>
1	13

[block]
# block no. 7 follows, 49 sequences, length 17
# corresponding to MSA columns:
# 302-318
name=unknown_H
#
# <colnr> <probs for GDERKNQSTAVLIFYWHMCP>
#	G	D	E	R	K	N	Q	S	T	A	V	L	I	F	Y	W	H	M	C	P
0	0.01498	0.06121	0.06161	0.17229	0.14331	0.04509	0.05588	0.34334	0.01656	0.02197	0.01035	0.01211	0.00776	0.00531	0.00496	0.00153	0.00628	0.00441	0.00352	0.00752
1	0.00628	0.00452	0.00576	0.00669	0.00708	0.00421	0.00443	0.00710	0.00957	0.01261	0.02855	0.65983	0.09833	0.10915	0.00865	0.00235	0.00313	0.01323	0.00451	0.00400
2	0.01272	0.03462	0.03629	0.10501	0.47920	0.03827	0.06419	0.07498	0.04755	0.01738	0.03420	0.01346	0.00935	0.00498	0.00505	0.00153	0.00613	0.00470	0.00288	0.00751
3	0.00955	0.00899	0.01517	0.81013	0.03483	0.01123	0.01404	0.01292	0.01011	0.01292	0.00899	0.01348	0.00674	0.00506	0.00506	0.00169	0.00674	0.00449	0.00225	0.00562
4	0.00779	0.03256	0.05248	0.00840	0.02737	0.00635	0.04659	0.01019	0.04053	0.01556	0.19710	0.26658	0.17365	0.02964	0.00622	0.00177	0.00357	0.00966	0.00438	0.05962
5	0.00930	0.00677	0.00840	0.02511	0.02323	0.01845	0.00582	0.02780	0.01020	0.06726	0.11232	0.05018	0.12069	0.28522	0.05951	0.00320	0.11033	0.03046	0.02111	0.00464
6	0.01491	0.03055	0.05530	0.08621	0.21803	0.16615	0.07118	0.10370	0.03020	0.09370	0.01075	0.01295	0.00839	0.02967	0.00615	0.00164	0.04573	0.00447	0.00321	0.00709
7	0.11509	0.10332	0.03729	0.02564	0.03168	0.24445	0.00885	0.11628	0.01408	0.21125	0.01198	0.03816	0.00908	0.00575	0.00454	0.00145	0.00609	0.00419	0.00389	0.00696
8	0.00776	0.00546	0.00682	0.00666	0.00780	0.00524	0.00490	0.00927	0.01152	0.06033	0.27071	0.18361	0.22400	0.08121	0.05473	0.00239	0.03857	0.00971	0.00470	0.00462
9	0.01583	0.30606	0.04043	0.01307	0.07619	0.28983	0.04301	0.09105	0.01320	0.03148	0.00845	0.00979	0.00701	0.00500	0.00461	0.00132	0.03079	0.00349	0.00273	0.00665
10	0.00841	0.00606	0.00727	0.00668	0.00832	0.00536	0.00474	0.01006	0.03144	0.04878	0.13163	0.21909	0.09602	0.19730	0.01009	0.00229	0.00354	0.00852	0.00415	0.19024
11	0.03403	0.00721	0.00856	0.00848	0.02940	0.04138	0.00614	0.04263	0.02741	0.01367	0.01617	0.09270	0.04871	0.15490	0.27382	0.03790	0.05033	0.02466	0.04491	0.03701
12	0.03455	0.10138	0.28816	0.03054	0.15270	0.03278	0.07691	0.04454	0.05075	0.03595	0.01073	0.04650	0.00872	0.00527	0.00477	0.00150	0.00627	0.00450	0.00281	0.06070
13	0.01067	0.00775	0.00965	0.00938	0.04405	0.01965	0.02134	0.09048	0.05702	0.09083	0.04261	0.24371	0.12173	0.09719	0.00860	0.00213	0.05641	0.03915	0.00439	0.02325
14	0.00891	0.02899	0.00805	0.00738	0.00887	0.00637	0.00561	0.04354	0.04570	0.07688	0.14871	0.25657	0.19176	0.01432	0.08255	0.00240	0.02445	0.02915	0.00467	0.00512
15	0.03439	0.06978	0.05664	0.05362	0.12793	0.07193	0.08818	0.16290	0.07502	0.06706	0.02932	0.05891	0.06916	0.00650	0.00509	0.00156	0.00568	0.00557	0.00375	0.00701
16	0.05680	0.11091	0.14083	0.05489	0.21019	0.06198	0.06347	0.04022	0.03823	0.06574	0.01145	0.01399	0.02285	0.00696	0.04653	0.00185	0.00653	0.02267	0.00296	0.02094

[dist]
# distance from previous block
# <min> <max>
3	19

[block]
# block no. 8 follows, 49 sequences, length 17
# corresponding to MSA columns:
# 350-366
name=unknown_I
#
# <colnr> <probs for GDERKNQSTAVLIFYWHMCP>
#	G	D	E	R	K	N	Q	S	T	A	V	L	I	F	Y	W	H	M	C	P
0	0.07066	0.12115	0.09449	0.10447	0.04146	0.06771	0.07419	0.12365	0.04170	0.04388	0.01203	0.05605	0.02799	0.00588	0.00496	0.00150	0.02462	0.00476	0.01985	0.05899
1	0.11096	0.02622	0.09658	0.02669	0.08737	0.05987	0.00857	0.06213	0.12406	0.03522	0.06502	0.08968	0.10653	0.07142	0.00665	0.00188	0.00478	0.00638	0.00384	0.00613
2	0.01300	0.05324	0.04408	0.03482	0.05364	0.14292	0.02855	0.10226	0.07211	0.05838	0.02959	0.07908	0.01418	0.10983	0.00768	0.00196	0.00561	0.06940	0.00370	0.07598
3	0.03603	0.05619	0.10572	0.10583	0.28842	0.06062	0.02949	0.13857	0.04598	0.04956	0.01085	0.01335	0.00854	0.00528	0.00491	0.00154	0.00615	0.02237	0.00317	0.00742
4	0.02870	0.03705	0.01024	0.20729	0.01536	0.07414	0.00762	0.04355	0.02273	0.03145	0.03809	0.19868	0.04924	0.18446	0.00979	0.00241	0.00510	0.02568	0.00352	0.00491
5	0.10226	0.37699	0.11640	0.09401	0.05061	0.08914	0.01046	0.05880	0.01135	0.01522	0.00821	0.00979	0.00675	0.00473	0.00393	0.00133	0.00595	0.00331	0.02426	0.00650
6	0.10373	0.13562	0.01936	0.08000	0.49975	0.04846	0.01303	0.01541	0.01104	0.01604	0.00876	0.01130	0.00735	0.00457	0.00452	0.00145	0.00588	0.00398	0.00251	0.00724
7	0.00817	0.00596	0.00705	0.00728	0.00804	0.00613	0.00501	0.04898	0.10278	0.01392	0.02185	0.34663	0.02432	0.30209	0.01315	0.00302	0.00402	0.06295	0.00418	0.00447
8	0.85801	0.00978	0.00743	0.00665	0.00978	0.01134	0.00548	0.01486	0.00861	0.02269	0.00704	0.00821	0.00548	0.00469	0.00313	0.00156	0.00391	0.00274	0.00313	0.00548
9	0.00794	0.00600	0.00650	0.00622	0.00804	0.00549	0.00470	0.04385	0.06106	0.05481	0.10070	0.11596	0.53648	0.01190	0.00588	0.00172	0.00290	0.01004	0.00489	0.00494
10	0.00733	0.00540	0.00628	0.00616	0.00769	0.00482	0.00468	0.00931	0.02991	0.04842	0.27814	0.10108	0.40794	0.01191	0.00601	0.00172	0.00275	0.05072	0.00504	0.00470
11	0.00815	0.00582	0.00815	0.00931	0.01048	0.00582	0.00815	0.01048	0.01164	0.01513	0.02677	0.05704	0.02910	0.01397	0.00698	0.00233	0.00466	0.75671	0.00466	0.00466
12	0.01212	0.01133	0.01927	0.16460	0.49773	0.01173	0.08638	0.05584	0.01192	0.01682	0.01003	0.01314	0.00807	0.00474	0.00502	0.00154	0.00614	0.00466	0.05160	0.00732
13	0.00712	0.00514	0.00594	0.00612	0.00675	0.00496	0.00407	0.00827	0.03315	0.01251	0.08582	0.14649	0.17218	0.41148	0.01581	0.00336	0.00394	0.05908	0.00397	0.00383
14	0.00905	0.00767	0.06069	0.00958	0.07562	0.00643	0.00703	0.01188	0.06655	0.08237	0.13508	0.24111	0.19172	0.01170	0.02508	0.00193	0.00386	0.04258	0.00458	0.00549
15	0.01004	0.03368	0.12665	0.05643	0.09090	0.02769	0.02460	0.02613	0.01030	0.04934	0.08149	0.05013	0.07749	0.09677	0.03158	0.18725	0.00532	0.00593	0.00317	0.00510
16	0.00946	0.06361	0.00968	0.02621	0.00994	0.05462	0.00631	0.01165	0.05015	0.04709	0.18844	0.13647	0.15362	0.02847	0.04800	0.01565	0.09020	0.00791	0.03743	0.00511

[dist]
# distance from previous block
# <min> <max>
0	24

[block]
# block no. 9 follows, 49 sequences, length 20
# corresponding to MSA columns:
# 391-410
name=unknown_J
#
# <colnr> <probs for GDERKNQSTAVLIFYWHMCP>
#	G	D	E	R	K	N	Q	S	T	A	V	L	I	F	Y	W	H	M	C	P
0	0.06329	0.20111	0.13826	0.03012	0.06248	0.21830	0.01064	0.07014	0.03879	0.03054	0.00972	0.03599	0.00811	0.00540	0.00458	0.00140	0.02269	0.00389	0.02139	0.02316
1	0.27386	0.18872	0.08131	0.00970	0.03392	0.10783	0.00836	0.05025	0.04327	0.01709	0.00951	0.03538	0.00836	0.05540	0.02048	0.00177	0.02188	0.00386	0.00294	0.02611
2	0.00862	0.02971	0.02978	0.05036	0.02867	0.02436	0.07125	0.01213	0.09562	0.01635	0.22076	0.15972	0.14218	0.01102	0.03793	0.00196	0.00436	0.02628	0.02358	0.00535
3	0.00669	0.00499	0.00586	0.00595	0.00692	0.00456	0.00417	0.00797	0.01115	0.01465	0.25065	0.16099	0.27830	0.18506	0.01028	0.00242	0.00312	0.02751	0.00460	0.00414
4	0.00940	0.00568	0.00765	0.00728	0.00840	0.00586	0.00535	0.01068	0.00923	0.12465	0.04067	0.05046	0.05475	0.25061	0.38037	0.00557	0.00857	0.00657	0.00357	0.00468
5	0.00716	0.00491	0.00569	0.00578	0.00694	0.00450	0.00423	0.00897	0.01187	0.01681	0.27460	0.18115	0.23725	0.01102	0.00551	0.00162	0.00253	0.00953	0.19543	0.00450
6	0.85801	0.00978	0.00743	0.00665	0.00978	0.01134	0.00548	0.01486	0.00861	0.02269	0.00704	0.00821	0.00548	0.00469	0.00313	0.00156	0.00391	0.00274	0.00313	0.00548
7	0.00755	0.00546	0.00713	0.00715	0.00776	0.00595	0.00506	0.00921	0.04642	0.01156	0.01582	0.04840	0.01643	0.36642	0.38080	0.00605	0.00877	0.03686	0.00311	0.00407
8	0.01014	0.02616	0.79609	0.01441	0.02189	0.01174	0.01868	0.01601	0.01068	0.01601	0.00907	0.01068	0.00641	0.00480	0.00480	0.00160	0.00747	0.00374	0.00214	0.00747
9	0.01855	0.01406	0.01443	0.01125	0.01503	0.05628	0.00921	0.68338	0.02240	0.02998	0.01220	0.01243	0.00878	0.00601	0.00493	0.00148	0.00554	0.00450	0.06137	0.00820
10	0.85801	0.00978	0.00743	0.00665	0.00978	0.01134	0.00548	0.01486	0.00861	0.02269	0.00704	0.00821	0.00548	0.00469	0.00313	0.00156	0.00391	0.00274	0.00313	0.00548
11	0.00876	0.03625	0.01067	0.00894	0.00977	0.00894	0.04746	0.01012	0.02632	0.01259	0.07848	0.04783	0.10345	0.28722	0.05579	0.00324	0.22954	0.00688	0.00323	0.00456
12	0.00681	0.00512	0.00629	0.00607	0.00736	0.00461	0.00453	0.00884	0.01339	0.01824	0.56336	0.07407	0.24034	0.01122	0.00599	0.00164	0.00245	0.00977	0.00530	0.00461
13	0.00905	0.00563	0.00686	0.00653	0.00824	0.00497	0.00500	0.01075	0.01253	0.13733	0.24084	0.13153	0.33571	0.01154	0.00595	0.00173	0.00295	0.05262	0.00517	0.00508
14	0.57738	0.00938	0.00852	0.00743	0.01041	0.01051	0.02361	0.03206	0.08737	0.06916	0.03788	0.01277	0.02832	0.00550	0.00375	0.00156	0.00390	0.00384	0.06074	0.00591
15	0.00681	0.00487	0.00591	0.00621	0.00670	0.00475	0.00407	0.00757	0.00907	0.01201	0.06772	0.24529	0.13641	0.35391	0.10278	0.00384	0.00485	0.00961	0.00384	0.00378
16	0.04998	0.01317	0.09364	0.23956	0.14358	0.06296	0.11275	0.04540	0.05212	0.03256	0.00995	0.01280	0.00774	0.00605	0.02350	0.00180	0.07853	0.00455	0.00274	0.00662
17	0.00669	0.00511	0.00624	0.02552	0.00804	0.00486	0.00481	0.00829	0.03560	0.01365	0.08521	0.37062	0.24477	0.09349	0.03351	0.00239	0.00351	0.03890	0.00449	0.00429
18	0.01176	0.08279	0.02548	0.02464	0.07609	0.07660	0.04582	0.05479	0.07694	0.06028	0.09242	0.06831	0.09309	0.00966	0.06150	0.00202	0.06215	0.00611	0.02380	0.04577
19	0.01148	0.13059	0.15550	0.05020	0.09780	0.09459	0.05531	0.03040	0.01092	0.02982	0.03083	0.07443	0.01205	0.15326	0.00856	0.00209	0.00606	0.00537	0.00288	0.03787

[dist]
# distance from previous block
# <min> <max>
2	68

[block]
# block no. 10 follows, 49 sequences, length 21
# corresponding to MSA columns:
# 479-499
name=unknown_K
#
# <colnr> <probs for GDERKNQSTAVLIFYWHMCP>
#	G	D	E	R	K	N	Q	S	T	A	V	L	I	F	Y	W	H	M	C	P
0	0.03333	0.04244	0.18373	0.02818	0.16284	0.05873	0.10821	0.03523	0.07214	0.04597	0.05157	0.02605	0.05258	0.00611	0.00600	0.00163	0.07008	0.00515	0.00313	0.00689
1	0.00789	0.00706	0.00695	0.00702	0.00834	0.08939	0.00523	0.00949	0.01227	0.01541	0.25633	0.20185	0.27713	0.01199	0.00599	0.00175	0.00343	0.06318	0.00473	0.00458
2	0.00859	0.00691	0.03123	0.00787	0.02970	0.00615	0.02681	0.05731	0.03247	0.04590	0.29510	0.12528	0.23373	0.04713	0.00670	0.00182	0.00333	0.00911	0.01968	0.00516
3	0.00922	0.02788	0.01000	0.00938	0.03001	0.02353	0.00703	0.04911	0.06930	0.01343	0.01384	0.08258	0.01335	0.07329	0.38993	0.06583	0.09830	0.00592	0.00309	0.00498
4	0.00964	0.00665	0.00806	0.00737	0.00905	0.00659	0.00570	0.08732	0.01315	0.09020	0.23568	0.11436	0.24216	0.03248	0.04280	0.00209	0.04746	0.02909	0.00485	0.00529
5	0.01687	0.20715	0.07010	0.01134	0.01533	0.17675	0.00995	0.35361	0.05569	0.02160	0.01027	0.01082	0.00787	0.00544	0.00452	0.00139	0.00630	0.00386	0.00369	0.00744
6	0.03791	0.11242	0.01568	0.02608	0.05874	0.08308	0.02889	0.31990	0.02625	0.11795	0.02627	0.01331	0.00962	0.02998	0.00569	0.00156	0.03091	0.00442	0.02908	0.02225
7	0.05184	0.07015	0.04274	0.00970	0.01277	0.01102	0.04148	0.23701	0.05606	0.10064	0.10827	0.04525	0.04485	0.07239	0.03039	0.00201	0.02510	0.00580	0.00435	0.02818
8	0.01053	0.01017	0.01372	0.01204	0.01217	0.02863	0.00983	0.01164	0.00819	0.01248	0.00958	0.09792	0.01006	0.03055	0.01496	0.00220	0.65565	0.00555	0.03884	0.00529
9	0.00879	0.00717	0.04352	0.00795	0.00957	0.00701	0.00646	0.09810	0.01118	0.01586	0.08220	0.07966	0.07821	0.04344	0.38951	0.00482	0.00847	0.00659	0.08642	0.00508
10	0.10083	0.00925	0.01056	0.00835	0.03993	0.00763	0.00635	0.01356	0.03755	0.01731	0.00921	0.01061	0.00757	0.00398	0.00377	0.00090	0.00385	0.00312	0.00307	0.70260
11	0.01504	0.07217	0.16737	0.03312	0.01682	0.41832	0.03039	0.03961	0.01252	0.01368	0.00849	0.01052	0.00699	0.00745	0.05609	0.00188	0.07713	0.00369	0.00252	0.00620
12	0.01123	0.00896	0.01056	0.00758	0.01204	0.00678	0.00608	0.01346	0.01073	0.06423	0.00966	0.01090	0.00780	0.00390	0.00383	0.00080	0.00378	0.00312	0.00320	0.80135
13	0.00647	0.00514	0.00581	0.00564	0.00713	0.00448	0.00423	0.00822	0.01270	0.01644	0.36113	0.04408	0.47705	0.01177	0.00597	0.00166	0.00249	0.01003	0.00506	0.00448
14	0.00718	0.00555	0.00668	0.00732	0.00827	0.00548	0.00522	0.01019	0.12482	0.01436	0.03051	0.53878	0.15255	0.01393	0.00621	0.00196	0.00312	0.04838	0.00476	0.00474
15	0.09285	0.18700	0.01536	0.00950	0.01327	0.03779	0.00811	0.26788	0.03233	0.22289	0.01289	0.01265	0.00920	0.00560	0.00441	0.00142	0.00496	0.00412	0.05021	0.00756
16	0.00662	0.00477	0.00629	0.00734	0.00791	0.00452	0.00532	0.00781	0.01014	0.01332	0.02879	0.57289	0.08371	0.04561	0.00726	0.00220	0.00335	0.17333	0.00462	0.00420
17	0.01224	0.03044	0.06171	0.03193	0.01157	0.02883	0.00729	0.10047	0.11443	0.09910	0.13034	0.01975	0.01696	0.02792	0.04574	0.00190	0.02316	0.00546	0.22453	0.00624
18	0.02126	0.00773	0.00885	0.00810	0.00962	0.05020	0.00620	0.07622	0.01128	0.06249	0.08360	0.07739	0.11286	0.10212	0.22933	0.00378	0.06276	0.00678	0.02868	0.03077
19	0.06662	0.38350	0.04171	0.01023	0.03271	0.12705	0.00881	0.09388	0.05156	0.02721	0.01062	0.08555	0.00976	0.00602	0.00445	0.00137	0.02505	0.00437	0.00304	0.00648
20	0.04947	0.06699	0.10118	0.02742	0.12841	0.10232	0.02002	0.10392	0.04029	0.07505	0.04624	0.07151	0.03172	0.00641	0.00525	0.00150	0.03520	0.00514	0.01299	0.06896

[dist]
# distance from previous block
# <min> <max>
0	6

[block]
# block no. 11 follows, 49 sequences, length 17
# corresponding to MSA columns:
# 506-522
name=unknown_L
#
# <colnr> <probs for GDERKNQSTAVLIFYWHMCP>
#	G	D	E	R	K	N	Q	S	T	A	V	L	I	F	Y	W	H	M	C	P
0	0.02971	0.02933	0.04218	0.12774	0.15015	0.05940	0.00928	0.03310	0.06983	0.03598	0.11239	0.02447	0.13996	0.02404	0.00560	0.00166	0.00481	0.04098	0.05338	0.00600
1	0.00702	0.00498	0.00618	0.00638	0.00741	0.00450	0.00456	0.00851	0.01177	0.04008	0.29388	0.32270	0.21043	0.03950	0.00677	0.00189	0.00277	0.01120	0.00499	0.00448
2	0.00716	0.00517	0.00654	0.00685	0.00783	0.00505	0.00494	0.00872	0.02951	0.03870	0.04699	0.32864	0.21494	0.06843	0.19258	0.00352	0.00549	0.01030	0.00422	0.00444
3	0.07680	0.01218	0.01297	0.01030	0.01375	0.01347	0.00840	0.54258	0.07028	0.04796	0.01302	0.01382	0.00969	0.02951	0.03916	0.00188	0.00540	0.00464	0.06646	0.00773
4	0.15862	0.01141	0.01175	0.00957	0.01285	0.01265	0.00777	0.40051	0.13442	0.04654	0.04387	0.01436	0.01123	0.00611	0.00462	0.00152	0.00454	0.00464	0.09561	0.00741
5	0.01922	0.01416	0.01518	0.01163	0.01568	0.01568	0.00961	0.77388	0.02378	0.03187	0.01214	0.01214	0.00860	0.00607	0.00506	0.00152	0.00556	0.00455	0.00506	0.00860
6	0.01355	0.00994	0.01089	0.00954	0.01245	0.01092	0.00749	0.05491	0.54048	0.13468	0.04826	0.02174	0.08781	0.00741	0.00524	0.00168	0.00392	0.00615	0.00528	0.00766
7	0.20514	0.12903	0.04042	0.01022	0.03061	0.11394	0.00839	0.09116	0.18812	0.07523	0.01230	0.03273	0.00967	0.00584	0.00465	0.00152	0.02618	0.00424	0.00376	0.00686
8	0.07281	0.21169	0.03754	0.05150	0.13246	0.18404	0.01041	0.18461	0.03844	0.01830	0.00928	0.01055	0.00741	0.00508	0.00437	0.00138	0.00630	0.00371	0.00311	0.00701
9	0.01213	0.01108	0.03765	0.06469	0.21589	0.02449	0.13559	0.06986	0.09699	0.05909	0.04734	0.01854	0.05371	0.08007	0.02250	0.00204	0.03244	0.00567	0.00346	0.00676
10	0.00638	0.00498	0.00579	0.00591	0.00716	0.00439	0.00431	0.00792	0.01200	0.01556	0.27506	0.20746	0.39966	0.01268	0.00607	0.00174	0.00259	0.01098	0.00497	0.00439
11	0.32043	0.00958	0.04732	0.00870	0.04145	0.00949	0.00694	0.08899	0.05296	0.07951	0.18400	0.01946	0.06200	0.00765	0.02530	0.00175	0.00417	0.00534	0.01889	0.00609
12	0.00818	0.00730	0.04038	0.03464	0.10018	0.00643	0.00663	0.02963	0.03599	0.02850	0.16679	0.10049	0.32454	0.07899	0.00743	0.00195	0.00364	0.00883	0.00433	0.00515
13	0.01082	0.07058	0.01497	0.01187	0.01281	0.04742	0.04866	0.01249	0.02635	0.01280	0.03225	0.01705	0.03992	0.06266	0.04845	0.00246	0.48295	0.03739	0.00268	0.00543
14	0.03072	0.18546	0.05112	0.03112	0.08660	0.11281	0.00952	0.15975	0.10266	0.02966	0.01237	0.01340	0.03332	0.00689	0.03631	0.00167	0.02002	0.00426	0.04414	0.02821
15	0.00878	0.02595	0.00853	0.00809	0.02936	0.03867	0.02287	0.02505	0.04903	0.04923	0.17299	0.24344	0.18564	0.02925	0.04760	0.01936	0.00406	0.00944	0.00450	0.01817
16	0.01268	0.09785	0.06717	0.02977	0.11449	0.08543	0.10113	0.06758	0.01228	0.06297	0.01416	0.03757	0.06395	0.02604	0.02065	0.00163	0.00590	0.03459	0.00325	0.14088

[dist]
# distance from previous block
# <min> <max>
10	49

[block]
# block no. 12 follows, 49 sequences, length 7
# corresponding to MSA columns:
# 608-614
name=unknown_M
#
# <colnr> <probs for GDERKNQSTAVLIFYWHMCP>
#	G	D	E	R	K	N	Q	S	T	A	V	L	I	F	Y	W	H	M	C	P
0	0.00717	0.00528	0.00583	0.00569	0.00735	0.00453	0.00427	0.00864	0.01202	0.06113	0.16648	0.10133	0.56781	0.01224	0.00596	0.00171	0.00266	0.01036	0.00493	0.00460
1	0.24560	0.01355	0.05312	0.01156	0.01544	0.08775	0.12000	0.24060	0.01486	0.10961	0.01083	0.01173	0.00787	0.00626	0.02830	0.00174	0.00608	0.00419	0.00386	0.00705
2	0.05198	0.14694	0.05236	0.01153	0.01398	0.01464	0.04207	0.17743	0.01228	0.04589	0.00986	0.04320	0.00874	0.03985	0.00984	0.00187	0.30327	0.00465	0.00315	0.00645
3	0.00621	0.00492	0.00559	0.00587	0.00709	0.00430	0.00423	0.00755	0.01143	0.01448	0.15999	0.26891	0.45495	0.01329	0.00611	0.00179	0.00264	0.01150	0.00483	0.00430
4	0.04329	0.08766	0.09930	0.01258	0.10281	0.01084	0.07401	0.13860	0.03488	0.07606	0.12606	0.05050	0.05107	0.00673	0.00499	0.00153	0.00494	0.00576	0.06166	0.00674
5	0.01209	0.01008	0.01237	0.01123	0.06559	0.05616	0.07194	0.15209	0.10426	0.04009	0.15053	0.08299	0.05912	0.00842	0.02780	0.00172	0.00484	0.00654	0.04794	0.07421
6	0.00946	0.05840	0.01016	0.09723	0.01240	0.07510	0.00709	0.04093	0.05603	0.01482	0.11104	0.23848	0.09798	0.06322	0.00749	0.00197	0.04433	0.04476	0.00400	0.00509

[dist]
# distance from previous block
# <min> <max>
1	5

[block]
# block no. 13 follows, 49 sequences, length 18
# corresponding to MSA columns:
# 620-637
name=unknown_N
#
# <colnr> <probs for GDERKNQSTAVLIFYWHMCP>
#	G	D	E	R	K	N	Q	S	T	A	V	L	I	F	Y	W	H	M	C	P
0	0.14450	0.28272	0.05256	0.01062	0.04226	0.17834	0.00896	0.09618	0.01218	0.01646	0.00845	0.00991	0.00702	0.00534	0.00479	0.01853	0.04312	0.00336	0.04842	0.00630
1	0.05643	0.00759	0.01029	0.04480	0.08581	0.00781	0.04542	0.07015	0.04736	0.04252	0.02248	0.19079	0.14742	0.04414	0.12143	0.00276	0.00555	0.00793	0.03381	0.00551
2	0.00685	0.00486	0.00616	0.00673	0.00755	0.00449	0.00476	0.00808	0.01067	0.03534	0.12146	0.47079	0.18077	0.03716	0.04029	0.00226	0.00340	0.03934	0.00471	0.00435
3	0.06571	0.00625	0.00715	0.00680	0.00841	0.00602	0.00508	0.07390	0.01273	0.06495	0.23578	0.21557	0.22286	0.03786	0.00641	0.00183	0.00313	0.00962	0.00490	0.00504
4	0.00938	0.00562	0.00720	0.00704	0.00832	0.00526	0.00513	0.01118	0.03953	0.13276	0.21197	0.27900	0.09854	0.08101	0.02473	0.03395	0.00349	0.02604	0.00489	0.00497
5	0.23045	0.01039	0.01035	0.00875	0.01175	0.02895	0.00701	0.23646	0.11860	0.08377	0.06489	0.05637	0.09730	0.00728	0.00479	0.00161	0.00427	0.00567	0.00459	0.00674
6	0.06588	0.07379	0.01330	0.01030	0.01319	0.11461	0.00822	0.24408	0.22527	0.02093	0.01340	0.01509	0.01078	0.07285	0.04810	0.00215	0.03231	0.00472	0.00406	0.00698
7	0.00878	0.00439	0.00659	0.00659	0.00659	0.00439	0.00439	0.00659	0.00659	0.00878	0.00878	0.01537	0.00878	0.01757	0.01976	0.85288	0.00439	0.00439	0.00220	0.00220
8	0.01514	0.18474	0.01787	0.04918	0.13536	0.20568	0.02764	0.15977	0.07251	0.01730	0.01007	0.01180	0.00823	0.02236	0.02325	0.00163	0.02337	0.00404	0.00314	0.00692
9	0.85801	0.00978	0.00743	0.00665	0.00978	0.01134	0.00548	0.01486	0.00861	0.02269	0.00704	0.00821	0.00548	0.00469	0.00313	0.00156	0.00391	0.00274	0.00313	0.00548
10	0.00947	0.00995	0.08739	0.07139	0.14208	0.00893	0.09763	0.01306	0.06640	0.01507	0.07519	0.05360	0.02895	0.06890	0.19141	0.00337	0.00742	0.02042	0.02348	0.00587
11	0.01212	0.00952	0.01029	0.00905	0.01171	0.01034	0.00713	0.14774	0.37736	0.04946	0.09456	0.02652	0.17342	0.00843	0.00542	0.00168	0.00386	0.02929	0.00510	0.00698
12	0.00870	0.00884	0.08358	0.17795	0.08134	0.00778	0.04872	0.01129	0.01097	0.02820	0.12628	0.17390	0.08907	0.02605	0.05019	0.00214	0.00527	0.02763	0.02669	0.00542
