[name]
unknown

[dist]
# distance from previous block
# <min> <max>
16	140

[block]
# block no. 0 follows, 65 sequences, length 13
# corresponding to MSA columns:
# 170-182
name=unknown_A
#
# <colnr> <probs for GDERKNQSTAVLIFYWHMCP>
#	G	D	E	R	K	N	Q	S	T	A	V	L	I	F	Y	W	H	M	C	P
0	0.01171	0.00995	0.04412	0.00947	0.05522	0.01050	0.00740	0.31867	0.36778	0.01981	0.06029	0.01446	0.04098	0.00549	0.00420	0.00131	0.00381	0.00447	0.00394	0.00640
1	0.01138	0.00944	0.03386	0.00921	0.03177	0.01009	0.03643	0.17932	0.49563	0.06031	0.04776	0.01501	0.01203	0.00549	0.00423	0.00135	0.00373	0.02254	0.00402	0.00640
2	0.01185	0.11953	0.06895	0.02744	0.01180	0.01074	0.00735	0.33816	0.14284	0.03870	0.06210	0.01275	0.04362	0.00504	0.00390	0.00118	0.00401	0.00394	0.00349	0.08261
3	0.01019	0.06626	0.37129	0.01039	0.04117	0.08327	0.01060	0.06746	0.20441	0.03109	0.03303	0.01087	0.00820	0.00449	0.00390	0.00125	0.00501	0.00353	0.00268	0.03092
4	0.03055	0.01072	0.17181	0.01019	0.07793	0.00826	0.07116	0.10338	0.10466	0.07819	0.06173	0.01434	0.05282	0.00494	0.00404	0.00120	0.00421	0.02874	0.00307	0.15807
5	0.00764	0.00613	0.00755	0.00611	0.00867	0.00487	0.01983	0.00917	0.00862	0.03634	0.04592	0.22964	0.04925	0.00619	0.00383	0.00098	0.00287	0.00539	0.00300	0.53798
6	0.01055	0.06265	0.04330	0.05906	0.41035	0.02035	0.02398	0.03144	0.00944	0.09441	0.00893	0.04443	0.00743	0.00424	0.00416	0.00116	0.02844	0.00375	0.00247	0.12942
7	0.00991	0.00794	0.00963	0.00850	0.10248	0.03292	0.00595	0.01175	0.00903	0.09507	0.00820	0.00921	0.00651	0.00335	0.00329	0.00076	0.00343	0.00275	0.00264	0.66668
8	0.00713	0.00357	0.00535	0.00535	0.00535	0.00357	0.00357	0.00535	0.00535	0.00713	0.00713	0.01248	0.00713	0.01426	0.01604	0.88057	0.00357	0.00357	0.00178	0.00178
9	0.00647	0.00461	0.00597	0.04689	0.00773	0.00451	0.00465	0.00785	0.00927	0.06341	0.19198	0.16812	0.24620	0.03074	0.08073	0.00199	0.02740	0.08391	0.00370	0.00386
10	0.00775	0.00730	0.01231	0.84587	0.02827	0.00912	0.01140	0.01049	0.00821	0.01049	0.00730	0.01094	0.00547	0.00410	0.00410	0.00137	0.00547	0.00365	0.00182	0.00456
11	0.00992	0.00852	0.00904	0.00815	0.01038	0.00980	0.00633	0.02090	0.77003	0.01713	0.06940	0.01631	0.01423	0.00575	0.00422	0.00139	0.00316	0.00482	0.00420	0.00633
12	0.00514	0.00414	0.00463	0.00462	0.00579	0.00363	0.00344	0.00638	0.00966	0.01224	0.22429	0.09140	0.54948	0.01105	0.04417	0.00163	0.00249	0.00837	0.00390	0.00356

[dist]
# distance from previous block
# <min> <max>
1	5

[block]
# block no. 1 follows, 65 sequences, length 12
# corresponding to MSA columns:
# 188-199
name=unknown_B
#
# <colnr> <probs for GDERKNQSTAVLIFYWHMCP>
#	G	D	E	R	K	N	Q	S	T	A	V	L	I	F	Y	W	H	M	C	P
0	0.11837	0.07535	0.01060	0.00823	0.01087	0.04706	0.00663	0.19327	0.44959	0.01833	0.01257	0.01205	0.00946	0.00500	0.00382	0.00129	0.00379	0.00386	0.00369	0.00618
1	0.00754	0.00758	0.04517	0.01280	0.23473	0.00675	0.14833	0.00971	0.00979	0.01331	0.20490	0.04182	0.20698	0.02635	0.00498	0.00138	0.00387	0.00612	0.00307	0.00483
2	0.00833	0.00697	0.00919	0.06842	0.18173	0.04500	0.00674	0.01108	0.07439	0.05177	0.36882	0.02109	0.06491	0.00632	0.00438	0.00124	0.00330	0.00555	0.00353	0.05725
3	0.00874	0.01853	0.65982	0.01090	0.01616	0.00952	0.01328	0.05659	0.10049	0.01431	0.04660	0.01049	0.00767	0.00435	0.00399	0.00131	0.00548	0.00345	0.00226	0.00606
4	0.00584	0.00499	0.00649	0.07523	0.09982	0.00468	0.00504	0.00728	0.00946	0.01207	0.15440	0.11628	0.46523	0.00907	0.00474	0.00138	0.00268	0.00781	0.00356	0.00394
5	0.00576	0.00419	0.00542	0.00511	0.00610	0.00385	0.00383	0.00765	0.01150	0.01619	0.78815	0.03111	0.07872	0.00849	0.00484	0.00130	0.00194	0.00749	0.00448	0.00385
6	0.00960	0.00856	0.01059	0.07126	0.04249	0.00974	0.06152	0.01857	0.59087	0.01582	0.05149	0.01566	0.03507	0.00556	0.00458	0.00139	0.03276	0.00475	0.00371	0.00602
7	0.00851	0.00730	0.00851	0.00608	0.00973	0.00547	0.00486	0.01034	0.00851	0.01338	0.00730	0.00851	0.00608	0.00304	0.00304	0.00061	0.00304	0.00243	0.00243	0.88083
8	0.00967	0.01033	0.11735	0.00917	0.01201	0.00983	0.05501	0.01937	0.62700	0.01604	0.01544	0.01481	0.03088	0.00604	0.02707	0.00152	0.00401	0.00453	0.00367	0.00623
9	0.00567	0.00417	0.00532	0.00508	0.00606	0.00381	0.00379	0.00747	0.01122	0.01564	0.71109	0.06620	0.12159	0.00879	0.00486	0.00132	0.00197	0.00773	0.00441	0.00381
10	0.00495	0.00416	0.00429	0.00426	0.00560	0.00351	0.00320	0.00608	0.00959	0.01164	0.12189	0.03860	0.74782	0.01019	0.00485	0.00138	0.00206	0.00854	0.00388	0.00351
11	0.11093	0.03380	0.08479	0.02249	0.01178	0.00823	0.04235	0.11311	0.01119	0.43327	0.01208	0.01172	0.00815	0.00590	0.04138	0.00152	0.03348	0.00373	0.00386	0.00623

[dist]
# distance from previous block
# <min> <max>
0	5

[block]
# block no. 2 follows, 65 sequences, length 11
# corresponding to MSA columns:
# 205-215
name=unknown_C
#
# <colnr> <probs for GDERKNQSTAVLIFYWHMCP>
#	G	D	E	R	K	N	Q	S	T	A	V	L	I	F	Y	W	H	M	C	P
0	0.75998	0.00777	0.00617	0.00549	0.00796	0.00885	0.00449	0.05167	0.00782	0.01811	0.00924	0.00986	0.08075	0.00448	0.00283	0.00128	0.00314	0.00289	0.00274	0.00448
1	0.00563	0.00419	0.00524	0.00498	0.00602	0.00380	0.00373	0.00740	0.01120	0.01545	0.68064	0.03232	0.18668	0.00877	0.00484	0.00131	0.00196	0.00766	0.00439	0.00380
2	0.01021	0.00882	0.00928	0.00835	0.01067	0.01021	0.00650	0.02181	0.82272	0.01717	0.01671	0.01532	0.01253	0.00557	0.00418	0.00139	0.00325	0.00464	0.00418	0.00650
3	0.00577	0.00399	0.00445	0.00449	0.00469	0.00388	0.00264	0.00595	0.00653	0.00851	0.01737	0.06701	0.12871	0.69894	0.01793	0.00351	0.00364	0.00661	0.00273	0.00266
4	0.11412	0.01090	0.01123	0.03217	0.03902	0.06921	0.00738	0.53389	0.01572	0.08256	0.00957	0.01024	0.00702	0.03316	0.00446	0.00132	0.00451	0.00356	0.00368	0.00630
5	0.09439	0.00746	0.02786	0.05318	0.01130	0.00687	0.00646	0.01799	0.03561	0.62385	0.01435	0.03171	0.00956	0.00515	0.00434	0.00131	0.03371	0.00407	0.00443	0.00642
6	0.00977	0.00983	0.04040	0.06004	0.60655	0.00930	0.08332	0.01231	0.00921	0.01324	0.00770	0.01005	0.00634	0.00360	0.00402	0.00118	0.00492	0.00361	0.00206	0.10257
7	0.00860	0.00758	0.00968	0.00692	0.01060	0.00584	0.06519	0.01055	0.00860	0.01336	0.00737	0.00870	0.00609	0.00307	0.00317	0.00067	0.00333	0.00261	0.00241	0.81568
8	0.00952	0.04394	0.05190	0.00896	0.06286	0.00722	0.08238	0.03966	0.05558	0.06936	0.00995	0.08473	0.00859	0.00440	0.00367	0.00097	0.00376	0.00386	0.00277	0.44590
9	0.01224	0.00963	0.08946	0.01112	0.12411	0.02537	0.08734	0.08207	0.06469	0.25048	0.06541	0.01382	0.02994	0.00482	0.00413	0.00122	0.00423	0.01509	0.00348	0.10137
10	0.01041	0.03845	0.07072	0.00857	0.01130	0.02814	0.00719	0.06040	0.64611	0.01675	0.01472	0.01383	0.01106	0.00522	0.00405	0.00132	0.00364	0.00426	0.00380	0.04005

[dist]
# distance from previous block
# <min> <max>
0	4

[block]
# block no. 3 follows, 65 sequences, length 31
# corresponding to MSA columns:
# 220-250
name=unknown_D
#
# <colnr> <probs for GDERKNQSTAVLIFYWHMCP>
#	G	D	E	R	K	N	Q	S	T	A	V	L	I	F	Y	W	H	M	C	P
0	0.01022	0.07381	0.05495	0.00852	0.03858	0.00964	0.00691	0.08978	0.40904	0.01608	0.01204	0.01189	0.00923	0.00456	0.00374	0.00113	0.00360	0.00369	0.00334	0.22925
1	0.02997	0.44316	0.03998	0.00820	0.01103	0.28962	0.00719	0.04027	0.00961	0.01048	0.00666	0.00857	0.00605	0.06847	0.00446	0.00121	0.00539	0.00271	0.00203	0.00495
2	0.34645	0.02429	0.00907	0.00731	0.02836	0.07099	0.04241	0.04991	0.00883	0.04280	0.00737	0.02533	0.00600	0.00383	0.00313	0.00102	0.00374	0.00281	0.00261	0.31373
3	0.00555	0.00389	0.00513	0.00580	0.00630	0.00358	0.00398	0.00637	0.00795	0.02910	0.02123	0.74080	0.02501	0.02799	0.02525	0.00177	0.00270	0.02597	0.00371	0.04793
4	0.00870	0.01520	0.44614	0.10484	0.11220	0.00918	0.12105	0.01236	0.00882	0.03646	0.00875	0.06508	0.00711	0.00452	0.00435	0.00134	0.02212	0.00403	0.00206	0.00570
5	0.00863	0.00789	0.03612	0.00669	0.00991	0.02056	0.00554	0.01038	0.00839	0.02266	0.02324	0.00928	0.00678	0.00437	0.02141	0.02219	0.06749	0.00273	0.00241	0.70333
6	0.00713	0.00357	0.00535	0.00535	0.00535	0.00357	0.00357	0.00535	0.00535	0.00713	0.00713	0.01248	0.00713	0.01426	0.01604	0.88057	0.00357	0.00357	0.00178	0.00178
7	0.00548	0.00418	0.00503	0.00482	0.00593	0.00373	0.00362	0.00711	0.01085	0.01463	0.56023	0.03367	0.30761	0.00907	0.00484	0.00132	0.00199	0.00785	0.00428	0.00373
8	0.01526	0.01133	0.01212	0.00937	0.01260	0.01257	0.00772	0.76531	0.07100	0.02531	0.01030	0.01021	0.00734	0.00497	0.00411	0.00124	0.00444	0.00376	0.00411	0.00695
9	0.00498	0.00365	0.00469	0.00552	0.00590	0.00335	0.00372	0.00574	0.00805	0.01055	0.02499	0.75159	0.12709	0.01255	0.00519	0.00163	0.00234	0.01129	0.00381	0.00335
10	0.01177	0.15222	0.04657	0.01705	0.39374	0.26186	0.03470	0.01373	0.00986	0.01175	0.00698	0.00871	0.00588	0.00381	0.00374	0.00112	0.00567	0.00312	0.00200	0.00573
11	0.03026	0.07577	0.01680	0.02130	0.60872	0.07760	0.06558	0.01284	0.00935	0.01286	0.00739	0.00962	0.00622	0.00377	0.00416	0.00121	0.02490	0.00351	0.00203	0.00611
12	0.01048	0.49308	0.10130	0.00792	0.01099	0.12072	0.01946	0.02738	0.02064	0.01049	0.00819	0.08440	0.00796	0.05603	0.00432	0.00122	0.00477	0.00352	0.00211	0.00500
13	0.88473	0.00794	0.00603	0.00540	0.00794	0.00921	0.00445	0.01207	0.00699	0.01842	0.00572	0.00667	0.00445	0.00381	0.00254	0.00127	0.00318	0.00222	0.00254	0.00445
14	0.01315	0.01107	0.05798	0.05169	0.05024	0.06154	0.00803	0.47399	0.07023	0.05244	0.01173	0.08187	0.02619	0.00556	0.00418	0.00128	0.00449	0.00445	0.00365	0.00624
15	0.00882	0.00729	0.00854	0.00612	0.00975	0.00549	0.00490	0.01064	0.00861	0.03901	0.00757	0.00868	0.00621	0.00310	0.00307	0.00063	0.00305	0.00249	0.00251	0.85350
16	0.00979	0.00954	0.01625	0.03531	0.64867	0.02499	0.09106	0.01226	0.00961	0.01355	0.08079	0.01204	0.00931	0.00408	0.00420	0.00124	0.00487	0.00409	0.00226	0.00611
17	0.00995	0.00859	0.00903	0.00815	0.01043	0.00988	0.00633	0.02104	0.78323	0.01688	0.01791	0.01649	0.05214	0.00580	0.00421	0.00139	0.00319	0.00484	0.00416	0.00635
18	0.00706	0.00578	0.00658	0.00719	0.07382	0.00501	0.00480	0.00794	0.01061	0.01347	0.14115	0.03755	0.61782	0.01047	0.00544	0.00165	0.00289	0.03196	0.00424	0.00459
19	0.00975	0.00945	0.01513	0.14302	0.60534	0.03797	0.02171	0.01247	0.03822	0.01294	0.01978	0.01139	0.02553	0.00437	0.01463	0.00132	0.00499	0.00384	0.00216	0.00601
20	0.00851	0.00730	0.00851	0.00608	0.00973	0.00547	0.00486	0.01034	0.00851	0.01338	0.00730	0.00851	0.00608	0.00304	0.00304	0.00061	0.00304	0.00243	0.00243	0.88083
21	0.00948	0.02730	0.33313	0.01749	0.29536	0.00985	0.20588	0.01302	0.00920	0.02890	0.00786	0.00982	0.00599	0.00373	0.00417	0.00129	0.00579	0.00369	0.00198	0.00609
22	0.00566	0.00531	0.04003	0.00568	0.00688	0.02436	0.00455	0.00692	0.00902	0.01134	0.06608	0.24595	0.41022	0.01054	0.00523	0.00152	0.02636	0.10704	0.00365	0.00366
23	0.01020	0.00967	0.02959	0.02250	0.70684	0.02861	0.01165	0.01257	0.00964	0.04115	0.07019	0.01175	0.00902	0.00408	0.00411	0.00122	0.00469	0.00392	0.00232	0.00627
24	0.10545	0.04248	0.01236	0.01286	0.17631	0.55987	0.00847	0.01505	0.01058	0.01159	0.00654	0.00785	0.00544	0.00405	0.00362	0.00111	0.00636	0.00279	0.00213	0.00509
25	0.85774	0.00791	0.00614	0.00546	0.00802	0.00911	0.00449	0.01231	0.00713	0.04380	0.00604	0.00690	0.00462	0.00385	0.00259	0.00127	0.00319	0.00228	0.00262	0.00452
26	0.04535	0.00810	0.01321	0.35093	0.11268	0.00948	0.10427	0.01076	0.00829	0.02608	0.02896	0.01284	0.06527	0.00517	0.00613	0.00144	0.17988	0.00417	0.00217	0.00483
27	0.00838	0.00878	0.09813	0.00746	0.00991	0.00811	0.00643	0.01606	0.48877	0.01488	0.02317	0.02187	0.25728	0.00684	0.00435	0.00138	0.00321	0.00568	0.00380	0.00554
28	0.00952	0.00842	0.03636	0.06600	0.46224	0.00797	0.04073	0.01179	0.00979	0.08389	0.12219	0.01634	0.09660	0.00514	0.00428	0.00127	0.00422	0.00475	0.00279	0.00571
29	0.01209	0.12716	0.01534	0.04298	0.39595	0.31420	0.01010	0.01388	0.01001	0.01158	0.00693	0.00870	0.00586	0.00386	0.00374	0.00112	0.00575	0.00309	0.00202	0.00564
30	0.43236	0.00998	0.00972	0.02330	0.03098	0.07547	0.01806	0.01595	0.01026	0.25575	0.01102	0.01193	0.00826	0.00545	0.00410	0.00157	0.00441	0.00359	0.00386	0.06399

[dist]
# distance from previous block
# <min> <max>
0	4

[block]
# block no. 4 follows, 65 sequences, length 23
# corresponding to MSA columns:
# 255-277
name=unknown_E
#
# <colnr> <probs for GDERKNQSTAVLIFYWHMCP>
#	G	D	E	R	K	N	Q	S	T	A	V	L	I	F	Y	W	H	M	C	P
0	0.01029	0.00825	0.01143	0.17053	0.10933	0.00910	0.03879	0.24143	0.02718	0.04371	0.02570	0.13034	0.01038	0.00779	0.06739	0.00175	0.05405	0.00497	0.00304	0.02455
1	0.00822	0.00704	0.00816	0.00593	0.00939	0.00531	0.00472	0.00998	0.00858	0.01319	0.01004	0.01100	0.07198	0.00363	0.00319	0.00067	0.00296	0.00293	0.00254	0.81053
2	0.01101	0.64554	0.04278	0.00758	0.01089	0.06121	0.00723	0.01412	0.14379	0.01103	0.00762	0.00814	0.00647	0.00391	0.00299	0.00099	0.00442	0.00265	0.00218	0.00547
3	0.00589	0.00442	0.00652	0.00649	0.00728	0.00502	0.00502	0.00737	0.00694	0.01000	0.05338	0.04235	0.01216	0.02849	0.75312	0.00605	0.01010	0.00473	0.00237	0.02231
4	0.18163	0.03450	0.01210	0.01132	0.15210	0.02685	0.00796	0.48641	0.01477	0.02155	0.00851	0.00916	0.00633	0.00444	0.00375	0.00122	0.00437	0.00334	0.00335	0.00632
5	0.01055	0.00923	0.00946	0.00846	0.01081	0.03528	0.00659	0.04888	0.77074	0.01725	0.01616	0.01489	0.01212	0.00551	0.00416	0.00138	0.00342	0.00455	0.00411	0.00646
6	0.00611	0.00422	0.00627	0.00627	0.00683	0.00478	0.00472	0.00690	0.00633	0.00901	0.01034	0.01587	0.00986	0.06163	0.64845	0.17342	0.00929	0.00430	0.00213	0.00326
7	0.00596	0.00400	0.00459	0.00459	0.00462	0.00404	0.00262	0.00604	0.00600	0.00804	0.01283	0.02631	0.01468	0.81322	0.06309	0.00411	0.00434	0.00589	0.00247	0.00255
8	0.08241	0.00995	0.04550	0.01768	0.31551	0.00933	0.31604	0.01291	0.00941	0.06266	0.00934	0.01315	0.00771	0.00427	0.00435	0.00134	0.00539	0.06488	0.00240	0.00577
9	0.01049	0.03702	0.04043	0.02974	0.03444	0.04032	0.01667	0.06475	0.56539	0.03912	0.01616	0.01532	0.06092	0.00552	0.00414	0.00134	0.00369	0.00456	0.00379	0.00617
10	0.01248	0.00683	0.05843	0.00673	0.00928	0.00538	0.00571	0.01429	0.01095	0.43127	0.22752	0.08135	0.03869	0.00645	0.00433	0.00126	0.00310	0.00548	0.00442	0.06606
11	0.03487	0.00967	0.06064	0.00909	0.03008	0.01023	0.00747	0.21611	0.32456	0.03834	0.05435	0.01332	0.01071	0.00725	0.06229	0.00173	0.09550	0.00422	0.00356	0.00600
12	0.00924	0.00791	0.00858	0.00779	0.00978	0.00904	0.00607	0.01846	0.63207	0.01623	0.09835	0.01879	0.07416	0.00667	0.01568	0.00147	0.03371	0.01608	0.00407	0.00587
13	0.00777	0.00687	0.00955	0.07939	0.17886	0.00731	0.01758	0.01139	0.15695	0.01364	0.17247	0.02290	0.18595	0.00697	0.00515	0.00139	0.06223	0.04540	0.00332	0.00492
14	0.00922	0.00767	0.00892	0.02594	0.02087	0.00836	0.02878	0.01720	0.51887	0.03733	0.13628	0.02734	0.05385	0.00616	0.00430	0.00134	0.00317	0.02513	0.00398	0.05528
15	0.00618	0.00474	0.00667	0.02846	0.00759	0.00543	0.00513	0.00723	0.00695	0.00969	0.01351	0.16575	0.01440	0.15355	0.37390	0.02002	0.09195	0.07276	0.00260	0.00350
16	0.10492	0.06088	0.01175	0.00938	0.03400	0.13478	0.00741	0.37876	0.14118	0.01927	0.00945	0.00979	0.00714	0.00481	0.00429	0.00124	0.04810	0.00344	0.00335	0.00607
17	0.06730	0.00827	0.06751	0.01312	0.22127	0.00777	0.11978	0.01030	0.00793	0.01194	0.00899	0.01275	0.00793	0.04779	0.31523	0.00335	0.02832	0.00401	0.00214	0.03432
18	0.00948	0.16755	0.53702	0.01252	0.12857	0.01059	0.01292	0.01316	0.00885	0.05215	0.00755	0.00876	0.00563	0.00385	0.00371	0.00121	0.00548	0.00302	0.00194	0.00603
19	0.00908	0.25050	0.47911	0.01087	0.01581	0.01129	0.11210	0.01263	0.00881	0.01222	0.03671	0.00919	0.00656	0.00390	0.00370	0.00119	0.00556	0.00319	0.00188	0.00570
20	0.00520	0.00377	0.00495	0.00576	0.00620	0.00352	0.00405	0.00613	0.00834	0.01103	0.06614	0.66422	0.08817	0.01228	0.00523	0.00165	0.00248	0.09362	0.00384	0.00342
21	0.18292	0.00969	0.03393	0.01796	0.43733	0.02525	0.14930	0.01228	0.00902	0.01430	0.03633	0.02368	0.02206	0.00409	0.00395	0.00127	0.00478	0.00389	0.00228	0.00569
22	0.01651	0.00828	0.07456	0.00932	0.08918	0.00660	0.00732	0.01841	0.01119	0.67088	0.01485	0.03339	0.00983	0.00504	0.00413	0.00128	0.00380	0.00418	0.00450	0.00678

[dist]
# distance from previous block
# <min> <max>
4	5

[block]
# block no. 5 follows, 65 sequences, length 14
# corresponding to MSA columns:
# 291-304
name=unknown_F
#
# <colnr> <probs for GDERKNQSTAVLIFYWHMCP>
#	G	D	E	R	K	N	Q	S	T	A	V	L	I	F	Y	W	H	M	C	P
0	0.00972	0.18047	0.22077	0.00867	0.04070	0.00932	0.00843	0.04750	0.04331	0.04874	0.00802	0.00904	0.00633	0.00450	0.02902	0.00113	0.00448	0.00286	0.00236	0.31462
1	0.13728	0.51759	0.04662	0.00814	0.03351	0.16168	0.00728	0.02724	0.00897	0.01150	0.00601	0.00697	0.00522	0.00373	0.00292	0.00100	0.00483	0.00238	0.00198	0.00515
2	0.05762	0.21491	0.50197	0.01037	0.01534	0.01101	0.06093	0.01323	0.02337	0.04485	0.00746	0.00854	0.00556	0.00385	0.00360	0.00121	0.00542	0.00298	0.00198	0.00580
3	0.00622	0.00551	0.03136	0.00578	0.01962	0.00484	0.00448	0.00873	0.08469	0.01379	0.31663	0.05314	0.33488	0.00843	0.00482	0.00131	0.02061	0.00715	0.00387	0.06413
4	0.00702	0.00593	0.00803	0.00740	0.00761	0.00742	0.00563	0.00778	0.00649	0.00941	0.03340	0.06375	0.01166	0.28148	0.20058	0.00354	0.32190	0.00508	0.00229	0.00359
5	0.00847	0.03939	0.54827	0.01055	0.03527	0.04516	0.01200	0.01313	0.08656	0.01360	0.12103	0.01239	0.01064	0.00518	0.01981	0.00138	0.00531	0.00379	0.00238	0.00569
6	0.00847	0.04322	0.67379	0.01170	0.01685	0.01014	0.04911	0.01260	0.00841	0.01252	0.00711	0.00875	0.00527	0.00428	0.00509	0.00135	0.11059	0.00316	0.00176	0.00582
7	0.00731	0.04140	0.34743	0.00943	0.06787	0.00724	0.00933	0.01033	0.00980	0.01405	0.33279	0.04648	0.04440	0.00623	0.00457	0.00130	0.02680	0.00526	0.00299	0.00499
8	0.00709	0.00894	0.17580	0.00942	0.08962	0.00642	0.06658	0.01001	0.05211	0.01353	0.24481	0.02310	0.16894	0.03239	0.05173	0.00170	0.00413	0.02581	0.00318	0.00470
9	0.00670	0.00543	0.03749	0.00653	0.00729	0.00532	0.04197	0.03141	0.00702	0.00968	0.02281	0.06598	0.01274	0.34182	0.22174	0.10271	0.03966	0.02798	0.00245	0.00329
10	0.00692	0.03213	0.18951	0.00683	0.00936	0.00597	0.02414	0.00972	0.07126	0.04219	0.11688	0.06913	0.36120	0.03054	0.00495	0.00142	0.00332	0.00663	0.00338	0.00451
11	0.01012	0.39498	0.17904	0.00892	0.03920	0.04244	0.04593	0.01230	0.00867	0.03346	0.00703	0.00852	0.00591	0.02982	0.00375	0.00106	0.00469	0.00276	0.00202	0.15936
12	0.00823	0.02123	0.83447	0.01170	0.01777	0.00953	0.01517	0.01300	0.00867	0.01300	0.00737	0.00867	0.00520	0.00390	0.00390	0.00130	0.00607	0.00303	0.00173	0.00607
13	0.03711	0.75063	0.02002	0.00710	0.01056	0.01536	0.00693	0.05039	0.00899	0.05227	0.00643	0.00711	0.00557	0.00367	0.00278	0.00093	0.00431	0.00236	0.00206	0.00541

[dist]
# distance from previous block
# <min> <max>
0	1

[block]
# block no. 6 follows, 65 sequences, length 20
# corresponding to MSA columns:
# 306-325
name=unknown_G
#
# <colnr> <probs for GDERKNQSTAVLIFYWHMCP>
#	G	D	E	R	K	N	Q	S	T	A	V	L	I	F	Y	W	H	M	C	P
0	0.05078	0.25829	0.04811	0.01056	0.14342	0.00992	0.07256	0.02758	0.03727	0.01212	0.01076	0.16284	0.02176	0.03744	0.00440	0.00128	0.00412	0.00477	0.00248	0.07955
1	0.00964	0.03007	0.08133	0.00851	0.01102	0.00953	0.02147	0.03223	0.56979	0.02908	0.01451	0.01445	0.01113	0.00904	0.12733	0.00213	0.00476	0.00438	0.00359	0.00601
2	0.00694	0.06103	0.12987	0.00755	0.00934	0.02616	0.00685	0.00931	0.04237	0.01039	0.01027	0.01419	0.00918	0.02340	0.60813	0.00510	0.00944	0.00403	0.00219	0.00427
3	0.00734	0.00600	0.00828	0.02377	0.02182	0.00683	0.02620	0.02939	0.04658	0.01328	0.35233	0.06173	0.05023	0.00856	0.00823	0.10385	0.21239	0.00586	0.00328	0.00404
4	0.01213	0.13982	0.04842	0.00964	0.05321	0.03346	0.04052	0.39652	0.01381	0.03142	0.01135	0.14378	0.01032	0.00599	0.00412	0.00127	0.00438	0.03063	0.00336	0.00586
5	0.00500	0.00357	0.00476	0.00572	0.00595	0.00333	0.00381	0.00572	0.00786	0.01048	0.02262	0.85306	0.02715	0.01286	0.00524	0.00167	0.00238	0.01167	0.00381	0.00333
6	0.01537	0.01859	0.01172	0.01044	0.01269	0.73955	0.00792	0.11290	0.01256	0.01196	0.00677	0.00770	0.00549	0.00431	0.00375	0.00108	0.00705	0.00277	0.00236	0.00503
7	0.00851	0.00730	0.00851	0.00608	0.00973	0.00547	0.00486	0.01034	0.00851	0.01338	0.00730	0.00851	0.00608	0.00304	0.00304	0.00061	0.00304	0.00243	0.00243	0.88083
8	0.00609	0.00476	0.00528	0.00547	0.00655	0.00412	0.00390	0.00689	0.00987	0.01262	0.14340	0.27189	0.48037	0.01140	0.00538	0.00164	0.00252	0.00961	0.00423	0.00403
9	0.02315	0.00450	0.00533	0.00538	0.00668	0.00404	0.02473	0.00684	0.00936	0.01176	0.07211	0.08656	0.53474	0.01034	0.00500	0.00150	0.00260	0.17798	0.00377	0.00362
10	0.00775	0.00730	0.01231	0.84587	0.02827	0.00912	0.01140	0.01049	0.00821	0.01049	0.00730	0.01094	0.00547	0.00410	0.00410	0.00137	0.00547	0.00365	0.00182	0.00456
11	0.00765	0.00383	0.00383	0.00383	0.00478	0.00383	0.00287	0.00956	0.00861	0.01530	0.01339	0.01530	0.01052	0.00478	0.00287	0.00096	0.00191	0.00383	0.87853	0.00383
12	0.00963	0.00803	0.00852	0.00770	0.00983	0.00906	0.00595	0.01929	0.67291	0.03678	0.04091	0.01841	0.09020	0.03804	0.00489	0.00148	0.00314	0.00513	0.00411	0.00600
13	0.00851	0.00730	0.00851	0.00608	0.00973	0.00547	0.00486	0.01034	0.00851	0.01338	0.00730	0.00851	0.00608	0.00304	0.00304	0.00061	0.00304	0.00243	0.00243	0.88083
14	0.04411	0.51255	0.13023	0.00895	0.03755	0.07766	0.04797	0.01320	0.00890	0.06224	0.00685	0.00776	0.00563	0.00372	0.00314	0.00102	0.00487	0.00265	0.00205	0.01895
15	0.04834	0.00803	0.01048	0.45727	0.01930	0.09100	0.03146	0.03589	0.02521	0.01113	0.00930	0.06625	0.00845	0.11817	0.04149	0.00191	0.00537	0.00439	0.00224	0.00433
16	0.00588	0.00435	0.00637	0.00637	0.00702	0.00501	0.00485	0.00718	0.00653	0.00936	0.01120	0.01728	0.01076	0.11925	0.75169	0.00632	0.01024	0.00457	0.00223	0.00354
17	0.00880	0.00806	0.00974	0.10600	0.15856	0.10399	0.02046	0.05663	0.02406	0.01111	0.02135	0.02671	0.01035	0.31360	0.07247	0.00265	0.03416	0.00461	0.00240	0.00429
18	0.01087	0.01209	0.05680	0.01806	0.45201	0.20868	0.01058	0.02301	0.00975	0.01233	0.00863	0.02611	0.00779	0.01737	0.01726	0.00138	0.04130	0.05813	0.00221	0.00564
19	0.00959	0.00908	0.01554	0.07064	0.65570	0.00916	0.04361	0.01202	0.00931	0.01310	0.00935	0.01445	0.00843	0.00457	0.00428	0.00131	0.00486	0.09674	0.00223	0.00603

[dist]
# distance from previous block
# <min> <max>
1	20

[block]
# block no. 7 follows, 65 sequences, length 34
# corresponding to MSA columns:
# 346-379
name=unknown_H
#
# <colnr> <probs for GDERKNQSTAVLIFYWHMCP>
#	G	D	E	R	K	N	Q	S	T	A	V	L	I	F	Y	W	H	M	C	P
0	0.12576	0.00920	0.01386	0.15582	0.45615	0.04522	0.04787	0.01202	0.00912	0.01365	0.06616	0.01122	0.00830	0.00411	0.00394	0.00126	0.00474	0.00375	0.00225	0.00560
1	0.01091	0.48969	0.05736	0.00883	0.02732	0.13127	0.03641	0.01287	0.04235	0.01068	0.03128	0.00945	0.00715	0.00442	0.00416	0.00109	0.08198	0.02554	0.00207	0.00516
2	0.00655	0.04330	0.07582	0.04686	0.09603	0.00588	0.03799	0.00851	0.02450	0.01232	0.14773	0.16928	0.29282	0.00832	0.00461	0.00137	0.00320	0.00727	0.00332	0.00431
3	0.01206	0.04363	0.03817	0.04085	0.04777	0.02083	0.00751	0.40724	0.10932	0.01957	0.03719	0.02888	0.03627	0.00532	0.00407	0.00122	0.00412	0.03688	0.00355	0.09554
4	0.01424	0.01119	0.03733	0.00916	0.01243	0.01184	0.00768	0.63995	0.11708	0.02357	0.01045	0.01040	0.00755	0.00485	0.00404	0.00121	0.00431	0.00371	0.00393	0.06510
5	0.03760	0.09285	0.57262	0.01048	0.01566	0.00954	0.03411	0.01411	0.00914	0.15359	0.00871	0.00939	0.00606	0.00405	0.00381	0.00126	0.00541	0.00317	0.00234	0.00609
6	0.00851	0.00730	0.00851	0.00608	0.00973	0.00547	0.00486	0.01034	0.00851	0.01338	0.00730	0.00851	0.00608	0.00304	0.00304	0.00061	0.00304	0.00243	0.00243	0.88083
7	0.00590	0.00399	0.00446	0.00446	0.00454	0.00395	0.00252	0.00596	0.00617	0.00815	0.01464	0.02762	0.06340	0.80537	0.01994	0.00383	0.00387	0.00613	0.00257	0.00255
8	0.00765	0.00383	0.00383	0.00383	0.00478	0.00383	0.00287	0.00956	0.00861	0.01530	0.01339	0.01530	0.01052	0.00478	0.00287	0.00096	0.00191	0.00383	0.87853	0.00383
9	0.01079	0.00804	0.00875	0.00769	0.00978	0.00895	0.00588	0.08677	0.53389	0.09905	0.01543	0.01666	0.01222	0.14916	0.00699	0.00180	0.00351	0.00473	0.00398	0.00591
10	0.00851	0.00730	0.00851	0.00608	0.00973	0.00547	0.00486	0.01034	0.00851	0.01338	0.00730	0.00851	0.00608	0.00304	0.00304	0.00061	0.00304	0.00243	0.00243	0.88083
11	0.00873	0.00909	0.06423	0.24740	0.24979	0.00957	0.05299	0.02347	0.00826	0.01157	0.00785	0.01189	0.00683	0.05949	0.03861	0.00177	0.16628	0.01506	0.00201	0.00511
12	0.00911	0.22835	0.61082	0.01048	0.01584	0.01128	0.01295	0.03455	0.00887	0.01252	0.00702	0.00818	0.00526	0.00383	0.00359	0.00119	0.00561	0.00284	0.00180	0.00589
13	0.05725	0.14455	0.01297	0.03477	0.02801	0.57846	0.00781	0.03471	0.01081	0.02334	0.00648	0.00760	0.00539	0.00420	0.00378	0.00108	0.02904	0.00268	0.00216	0.00493
14	0.01148	0.00898	0.01193	0.03492	0.05652	0.03352	0.12015	0.21860	0.15957	0.09983	0.18421	0.01580	0.01479	0.00547	0.00437	0.00130	0.00411	0.00482	0.00378	0.00587
15	0.00943	0.10624	0.18067	0.12203	0.08301	0.06485	0.12550	0.07172	0.01014	0.01342	0.10129	0.02283	0.02086	0.00496	0.00416	0.00128	0.00513	0.04468	0.00249	0.00529
16	0.00596	0.00365	0.00499	0.00543	0.00564	0.00350	0.00364	0.00564	0.00683	0.00901	0.01681	0.38784	0.06869	0.06454	0.01064	0.36530	0.00298	0.02335	0.00289	0.00266
17	0.00961	0.00940	0.04119	0.05706	0.55837	0.03048	0.02217	0.01225	0.03772	0.02850	0.04063	0.01235	0.02345	0.01957	0.06519	0.00168	0.01820	0.00400	0.00229	0.00589
18	0.00721	0.00497	0.00709	0.03310	0.04998	0.00473	0.02505	0.00893	0.01010	0.08265	0.31118	0.17843	0.07589	0.00916	0.00496	0.00149	0.00292	0.17399	0.00397	0.00419
19	0.47223	0.33650	0.04498	0.00649	0.00952	0.01210	0.00604	0.03695	0.00794	0.01492	0.00590	0.00685	0.00489	0.00379	0.00286	0.00113	0.01747	0.00231	0.00224	0.00491
20	0.04614	0.01003	0.02791	0.05321	0.52798	0.05972	0.03339	0.03749	0.02831	0.01350	0.03140	0.03550	0.00788	0.00446	0.00473	0.00128	0.06498	0.00392	0.00227	0.00590
21	0.00993	0.00824	0.00884	0.00795	0.01015	0.00937	0.00617	0.02014	0.70799	0.04017	0.09464	0.01717	0.02921	0.00591	0.00425	0.00138	0.00311	0.00496	0.00423	0.00621
22	0.00637	0.00515	0.00757	0.00728	0.00789	0.00635	0.00576	0.00775	0.00655	0.00959	0.01008	0.01496	0.00946	0.02692	0.70430	0.00581	0.14800	0.00427	0.00213	0.00380
23	0.00597	0.00398	0.00448	0.00448	0.00448	0.00398	0.00249	0.00597	0.00597	0.00796	0.01293	0.02686	0.01492	0.85574	0.02089	0.00398	0.00398	0.00597	0.00249	0.00249
24	0.00624	0.00446	0.00537	0.00523	0.00638	0.00411	0.00388	0.00821	0.05406	0.05395	0.37273	0.17157	0.26957	0.00944	0.00484	0.00139	0.00220	0.00820	0.00420	0.00395
25	0.01121	0.00937	0.01013	0.00875	0.01110	0.01089	0.00694	0.18088	0.60249	0.01840	0.01452	0.01376	0.01090	0.00556	0.00483	0.00139	0.06409	0.00438	0.00399	0.00645
26	0.00713	0.00357	0.00535	0.00535	0.00535	0.00357	0.00357	0.00535	0.00535	0.00713	0.00713	0.01248	0.00713	0.01426	0.01604	0.88057	0.00357	0.00357	0.00178	0.00178
27	0.00589	0.00431	0.00616	0.00616	0.00674	0.00489	0.00458	0.00705	0.00647	0.00920	0.01140	0.01836	0.01123	0.20264	0.66894	0.00605	0.00953	0.00473	0.00226	0.00342
28	0.01096	0.00902	0.00981	0.00851	0.01084	0.01039	0.00674	0.19090	0.55654	0.01817	0.01441	0.01402	0.01093	0.00761	0.07511	0.00181	0.02961	0.00439	0.00392	0.00630
29	0.00883	0.00869	0.01341	0.47928	0.19267	0.04579	0.02228	0.01112	0.00828	0.01101	0.00702	0.01028	0.00568	0.00455	0.00573	0.00140	0.15352	0.00361	0.00188	0.00498
30	0.00627	0.00430	0.00513	0.00504	0.00528	0.00448	0.00316	0.03278	0.00652	0.00884	0.01247	0.02430	0.01379	0.67348	0.17353	0.00438	0.00531	0.00560	0.00249	0.00285
31	0.00592	0.00397	0.00454	0.00458	0.00461	0.00398	0.00261	0.00599	0.00607	0.00811	0.01333	0.06417	0.01537	0.79892	0.03855	0.00393	0.00406	0.00619	0.00254	0.00255
32	0.02228	0.12694	0.24592	0.07229	0.11357	0.00932	0.04605	0.01252	0.06102	0.05862	0.00989	0.02352	0.03393	0.00648	0.06404	0.02458	0.00524	0.00366	0.00233	0.05780
33	0.02735	0.41711	0.17504	0.00862	0.02276	0.12091	0.00853	0.04344	0.01957	0.02583	0.00682	0.00780	0.00564	0.00411	0.01412	0.00107	0.00504	0.00261	0.00206	0.08157

[dist]
# distance from previous block
# <min> <max>
1	12

[block]
# block no. 8 follows, 65 sequences, length 12
# corresponding to MSA columns:
# 392-403
name=unknown_I
#
# <colnr> <probs for GDERKNQSTAVLIFYWHMCP>
#	G	D	E	R	K	N	Q	S	T	A	V	L	I	F	Y	W	H	M	C	P
0	0.00969	0.18483	0.39868	0.02677	0.10722	0.05794	0.05296	0.02602	0.05021	0.01260	0.00757	0.00886	0.00585	0.00387	0.00370	0.00118	0.00545	0.00309	0.00199	0.03150
1	0.01085	0.01185	0.03983	0.05972	0.44612	0.16437	0.13378	0.03014	0.00987	0.01272	0.00768	0.00998	0.00629	0.00473	0.03315	0.00141	0.00593	0.00366	0.00209	0.00583
2	0.00738	0.00454	0.00599	0.00543	0.00667	0.00414	0.00414	0.00927	0.01164	0.11822	0.72680	0.02858	0.03517	0.00798	0.00475	0.00129	0.00213	0.00701	0.00459	0.00426
3	0.00836	0.00799	0.01378	0.63212	0.20042	0.00931	0.04780	0.01106	0.00852	0.01124	0.00743	0.01078	0.00573	0.00398	0.00413	0.00134	0.00541	0.00370	0.00188	0.00502
4	0.00527	0.00402	0.00479	0.00492	0.00581	0.00360	0.00353	0.00650	0.00963	0.01268	0.31106	0.24089	0.31493	0.04661	0.00563	0.00153	0.00219	0.00887	0.00400	0.00353
5	0.00860	0.00836	0.01170	0.01027	0.01037	0.01146	0.00855	0.00958	0.00665	0.01013	0.00762	0.04572	0.00798	0.00780	0.01240	0.00180	0.73449	0.08006	0.00206	0.00438
6	0.00570	0.00387	0.00515	0.00578	0.00619	0.00374	0.00399	0.00650	0.00775	0.03722	0.02049	0.60250	0.03875	0.10167	0.09638	0.00243	0.00356	0.04138	0.00354	0.00342
7	0.01305	0.00866	0.00972	0.00802	0.01041	0.02753	0.00641	0.35426	0.09802	0.17091	0.01277	0.01563	0.01023	0.10497	0.08574	0.00211	0.00477	0.04702	0.00387	0.00588
8	0.00696	0.00648	0.05135	0.00707	0.00817	0.06466	0.00575	0.00847	0.00726	0.02549	0.02951	0.03296	0.01082	0.07704	0.61445	0.00533	0.02755	0.00449	0.00232	0.00388
9	0.00553	0.00412	0.00514	0.00503	0.00600	0.00373	0.00372	0.00715	0.01074	0.01471	0.57983	0.12620	0.19439	0.00930	0.00489	0.00135	0.00202	0.00815	0.00430	0.00373
10	0.01052	0.00995	0.01560	0.08516	0.56756	0.04523	0.05776	0.05572	0.02604	0.02853	0.00808	0.01022	0.00654	0.00380	0.00405	0.00121	0.00497	0.00365	0.00225	0.05315
11	0.00839	0.01809	0.63721	0.01259	0.09432	0.00907	0.03779	0.01256	0.00879	0.01303	0.00819	0.01089	0.00640	0.00421	0.00399	0.00128	0.00567	0.04599	0.00192	0.05960

[dist]
# distance from previous block
# <min> <max>
7	60

[block]
# block no. 9 follows, 65 sequences, length 27
# corresponding to MSA columns:
# 466-477,480-494
name=unknown_J
#
# <colnr> <probs for GDERKNQSTAVLIFYWHMCP>
#	G	D	E	R	K	N	Q	S	T	A	V	L	I	F	Y	W	H	M	C	P
0	0.18659	0.04792	0.03392	0.02818	0.09908	0.03726	0.00684	0.09103	0.03956	0.25357	0.02957	0.05597	0.00958	0.02944	0.00428	0.00134	0.00388	0.01764	0.00347	0.02088
1	0.03899	0.00939	0.01014	0.00825	0.01107	0.03584	0.00664	0.29184	0.25934	0.18836	0.05081	0.01310	0.01062	0.00518	0.00406	0.00126	0.00379	0.00412	0.00417	0.04300
2	0.00596	0.00399	0.00452	0.00451	0.00455	0.00397	0.00255	0.00605	0.00623	0.00835	0.05071	0.02704	0.01603	0.81647	0.02015	0.00386	0.00388	0.00604	0.00258	0.00255
3	0.00624	0.00436	0.00540	0.00528	0.00538	0.00471	0.00339	0.00639	0.00604	0.00826	0.01173	0.02309	0.01306	0.62057	0.13734	0.06496	0.06329	0.00541	0.00235	0.00275
4	0.01281	0.00965	0.01102	0.04429	0.04700	0.01067	0.00746	0.45986	0.16555	0.04850	0.08143	0.01388	0.01121	0.00589	0.01821	0.00139	0.01590	0.02501	0.00393	0.00633
5	0.05136	0.01110	0.01178	0.00917	0.01234	0.01235	0.00754	0.70923	0.09326	0.02475	0.01032	0.01023	0.00739	0.00494	0.00405	0.00125	0.00434	0.00372	0.00405	0.00683
6	0.03742	0.34719	0.40688	0.01006	0.03566	0.01205	0.04460	0.01260	0.00854	0.01189	0.00671	0.00792	0.00531	0.00369	0.00338	0.00111	0.00522	0.00275	0.00181	0.03520
7	0.00729	0.00391	0.00563	0.00546	0.00574	0.00384	0.00371	0.00603	0.02467	0.00774	0.00736	0.01231	0.00719	0.01338	0.01498	0.80719	0.00353	0.00352	0.00188	0.05464
8	0.00529	0.00404	0.00479	0.00498	0.00586	0.00363	0.00360	0.00646	0.00935	0.01219	0.23972	0.23696	0.33305	0.06763	0.00607	0.00163	0.00232	0.04504	0.00391	0.00349
9	0.01099	0.19824	0.07521	0.05300	0.27452	0.01100	0.00950	0.14731	0.01065	0.05198	0.02158	0.02062	0.00738	0.00518	0.03244	0.00135	0.01942	0.01188	0.00252	0.03524
10	0.01401	0.01732	0.01168	0.04975	0.07546	0.68720	0.00820	0.01531	0.01130	0.01071	0.05621	0.00918	0.00741	0.00443	0.00382	0.00110	0.00679	0.00306	0.00224	0.00483
11	0.00818	0.17782	0.10299	0.04081	0.06685	0.00827	0.00696	0.02874	0.07843	0.03119	0.21693	0.12123	0.08214	0.00674	0.00417	0.00127	0.00350	0.00571	0.00321	0.00487
12	0.01009	0.43321	0.15076	0.01025	0.05553	0.04614	0.11205	0.01252	0.02562	0.01143	0.05599	0.00944	0.00761	0.00409	0.00385	0.00111	0.03969	0.00319	0.00204	0.00538
13	0.88473	0.00794	0.00603	0.00540	0.00794	0.00921	0.00445	0.01207	0.00699	0.01842	0.00572	0.00667	0.00445	0.00381	0.00254	0.00127	0.00318	0.00222	0.00254	0.00445
14	0.00576	0.00409	0.00529	0.00557	0.00616	0.00404	0.00404	0.00659	0.00783	0.01040	0.08636	0.18494	0.14089	0.18077	0.15370	0.06757	0.00438	0.11520	0.00318	0.00324
15	0.00578	0.00414	0.00563	0.00583	0.00626	0.00445	0.00415	0.00669	0.00673	0.00932	0.01400	0.16183	0.01511	0.28229	0.41064	0.00476	0.00707	0.03942	0.00263	0.00325
16	0.03884	0.00736	0.00873	0.00639	0.00989	0.00588	0.00516	0.03209	0.00938	0.17858	0.00910	0.00958	0.00687	0.00352	0.00327	0.00078	0.00317	0.00280	0.00301	0.65561
17	0.00520	0.00397	0.00470	0.00505	0.00585	0.00357	0.00360	0.00622	0.00891	0.01146	0.13941	0.32923	0.33965	0.06656	0.00608	0.00167	0.00238	0.04925	0.00382	0.00343
18	0.00890	0.05001	0.38073	0.01030	0.03299	0.00962	0.03800	0.02806	0.25421	0.01400	0.02680	0.01204	0.00873	0.01994	0.07069	0.00178	0.02089	0.00382	0.00263	0.00585
19	0.00562	0.00453	0.00513	0.00478	0.00624	0.00384	0.00358	0.00697	0.00973	0.01280	0.25889	0.07996	0.43639	0.02664	0.00498	0.00133	0.00222	0.00764	0.00381	0.11491
20	0.00961	0.30636	0.10905	0.02975	0.07322	0.03901	0.09223	0.04939	0.06152	0.01218	0.01137	0.09370	0.05322	0.00561	0.01318	0.00127	0.00468	0.02693	0.00246	0.00526
21	0.02147	0.10662	0.49603	0.01035	0.02373	0.02400	0.03871	0.02598	0.00901	0.05346	0.02387	0.00920	0.00630	0.00399	0.00395	0.00118	0.02636	0.00309	0.00211	0.11061
22	0.01157	0.21370	0.40813	0.01164	0.07057	0.03565	0.01179	0.09070	0.03868	0.05258	0.00907	0.01038	0.00703	0.00476	0.00413	0.00139	0.00562	0.00341	0.00263	0.00658
23	0.00699	0.00361	0.00524	0.00524	0.00524	0.00361	0.00344	0.00542	0.00542	0.00723	0.00782	0.01418	0.00805	0.11405	0.01662	0.77662	0.00361	0.00385	0.00187	0.00187
24	0.00524	0.00371	0.00466	0.00531	0.00556	0.00350	0.00344	0.00579	0.00747	0.00988	0.02126	0.59783	0.06993	0.22560	0.00917	0.00224	0.00277	0.01006	0.00348	0.00313
25	0.20174	0.10383	0.06743	0.01259	0.10957	0.03820	0.27880	0.01273	0.02295	0.03007	0.00806	0.04128	0.00664	0.00403	0.00381	0.00124	0.00506	0.00378	0.00230	0.04590
26	0.40209	0.11612	0.07254	0.00964	0.12503	0.08870	0.00728	0.05426	0.02565	0.01562	0.03030	0.00908	0.00658	0.00415	0.00321	0.00121	0.00423	0.01670	0.00246	0.00513

[dist]
# distance from previous block
# <min> <max>
0	3

[block]
# block no. 10 follows, 65 sequences, length 17
# corresponding to MSA columns:
# 498-500,502-515
name=unknown_K
#
# <colnr> <probs for GDERKNQSTAVLIFYWHMCP>
#	G	D	E	R	K	N	Q	S	T	A	V	L	I	F	Y	W	H	M	C	P
0	0.01036	0.20467	0.15367	0.04786	0.18066	0.01055	0.10409	0.04349	0.03349	0.08218	0.03811	0.03406	0.00825	0.00500	0.02515	0.00134	0.00503	0.00380	0.00246	0.00576
1	0.02796	0.00541	0.00784	0.03532	0.00863	0.00573	0.05947	0.02713	0.00746	0.02120	0.05858	0.01779	0.01181	0.19759	0.32518	0.07074	0.03402	0.01599	0.00246	0.05968
2	0.00867	0.04866	0.31236	0.02626	0.01231	0.04136	0.00917	0.07462	0.07829	0.01278	0.03034	0.01399	0.05460	0.05091	0.08983	0.08562	0.02894	0.01389	0.00244	0.00496
3	0.00849	0.00885	0.05470	0.48822	0.21855	0.00931	0.08281	0.01125	0.00870	0.01173	0.03385	0.01124	0.00684	0.00414	0.00439	0.00134	0.02461	0.00385	0.00198	0.00516
4	0.00963	0.00905	0.01497	0.20218	0.47767	0.02622	0.06704	0.02869	0.00931	0.02889	0.00875	0.06188	0.00757	0.00436	0.00417	0.00127	0.00497	0.00419	0.00221	0.02697
5	0.00597	0.00425	0.00525	0.00501	0.00610	0.00383	0.00374	0.00759	0.01080	0.04194	0.56158	0.07120	0.22172	0.02649	0.00517	0.00139	0.00209	0.00778	0.00430	0.00383
6	0.06467	0.00455	0.00567	0.00596	0.00687	0.00441	0.00447	0.02086	0.00916	0.06347	0.16449	0.38056	0.05850	0.04332	0.00557	0.00166	0.00275	0.14536	0.00388	0.00384
7	0.00525	0.00404	0.00481	0.00502	0.00596	0.00360	0.00368	0.00649	0.00960	0.01251	0.25922	0.25840	0.34929	0.01054	0.00499	0.00146	0.00220	0.04538	0.00401	0.00356
8	0.04817	0.00958	0.01058	0.00844	0.01131	0.01039	0.00687	0.45970	0.14768	0.15065	0.06003	0.01267	0.01025	0.00594	0.02738	0.00142	0.00412	0.00410	0.00418	0.00653
9	0.00528	0.00408	0.00481	0.00483	0.00586	0.00362	0.00354	0.00664	0.01007	0.01324	0.36778	0.16553	0.37007	0.00995	0.00491	0.00139	0.00207	0.00862	0.00411	0.00362
10	0.00947	0.01068	0.02314	0.01660	0.02057	0.01001	0.76853	0.01284	0.00980	0.01334	0.05548	0.01220	0.00810	0.00374	0.00484	0.00138	0.00663	0.00499	0.00222	0.00544
11	0.00851	0.00730	0.00851	0.00608	0.00973	0.00547	0.00486	0.01034	0.00851	0.01338	0.00730	0.00851	0.00608	0.00304	0.00304	0.00061	0.00304	0.00243	0.00243	0.88083
12	0.01069	0.43507	0.16654	0.02465	0.06227	0.05931	0.00883	0.09768	0.00977	0.01229	0.00802	0.00963	0.02730	0.02211	0.01820	0.00122	0.00497	0.01382	0.00214	0.00548
13	0.06212	0.02462	0.01008	0.00868	0.01082	0.22256	0.00682	0.17934	0.21733	0.01546	0.01050	0.01155	0.00837	0.00978	0.16273	0.00226	0.02479	0.00369	0.00307	0.00543
14	0.00596	0.00530	0.05402	0.00541	0.00689	0.00422	0.00451	0.00767	0.01016	0.03606	0.36000	0.03233	0.34541	0.01026	0.05285	0.00166	0.00289	0.04656	0.00392	0.00391
15	0.01169	0.14902	0.07683	0.02074	0.03044	0.02303	0.00730	0.22671	0.05723	0.07247	0.00885	0.00938	0.00675	0.00402	0.00351	0.00099	0.00408	0.00307	0.00297	0.28093
16	0.01105	0.75428	0.03820	0.00736	0.01079	0.05062	0.00721	0.01304	0.05646	0.01019	0.00642	0.00718	0.00569	0.00367	0.00280	0.00093	0.00449	0.00238	0.00191	0.00534

[dist]
# distance from previous block
# <min> <max>
0	1

[block]
# block no. 11 follows, 65 sequences, length 7
# corresponding to MSA columns:
# 517,522-527
name=unknown_L
#
# <colnr> <probs for GDERKNQSTAVLIFYWHMCP>
#	G	D	E	R	K	N	Q	S	T	A	V	L	I	F	Y	W	H	M	C	P
0	0.00973	0.22474	0.49094	0.01021	0.01502	0.05844	0.03761	0.01314	0.00905	0.04994	0.03986	0.00928	0.00681	0.00404	0.00366	0.00118	0.00548	0.00309	0.00204	0.00573
1	0.00993	0.35294	0.43019	0.00987	0.01468	0.01206	0.04838	0.01309	0.00875	0.05492	0.00722	0.00823	0.00554	0.00379	0.00345	0.00113	0.00530	0.00284	0.00193	0.00577
2	0.00595	0.00404	0.00478	0.00478	0.00489	0.00414	0.00287	0.00616	0.00606	0.00818	0.01266	0.02533	0.01426	0.73767	0.13805	0.00435	0.00498	0.00574	0.00245	0.00266
3	0.01208	0.46987	0.01758	0.00883	0.01163	0.20267	0.03638	0.07958	0.00981	0.01124	0.00625	0.00748	0.00546	0.00421	0.00432	0.00107	0.10161	0.00268	0.00205	0.00521
4	0.00701	0.00577	0.00714	0.02723	0.00841	0.00512	0.00469	0.00837	0.00825	0.01199	0.07422	0.20515	0.06250	0.06689	0.04358	0.00154	0.05100	0.00570	0.00292	0.39251
5	0.00640	0.00458	0.00613	0.02532	0.00734	0.00456	0.02282	0.05132	0.03136	0.01125	0.03412	0.46230	0.04217	0.08557	0.00780	0.10697	0.00309	0.08001	0.00340	0.00350
6	0.01066	0.13730	0.22835	0.01229	0.15193	0.03801	0.05153	0.09876	0.05340	0.07350	0.01016	0.05273	0.00854	0.00493	0.00400	0.00127	0.00490	0.04923	0.00266	0.00588

[dist]
# distance from previous block
# <min> <max>
2	5

[block]
# block no. 12 follows, 65 sequences, length 16
# corresponding to MSA columns:
# 533-548
name=unknown_M
#
# <colnr> <probs for GDERKNQSTAVLIFYWHMCP>
#	G	D	E	R	K	N	Q	S	T	A	V	L	I	F	Y	W	H	M	C	P
0	0.00579	0.00451	0.00531	0.00522	0.00633	0.00424	0.00387	0.00814	0.08344	0.01397	0.39172	0.15314	0.28025	0.00942	0.00484	0.00139	0.00216	0.00818	0.00416	0.00390
1	0.00616	0.00470	0.00631	0.00721	0.08084	0.00452	0.00469	0.00785	0.03385	0.01314	0.33578	0.21512	0.08413	0.11388	0.00688	0.00175	0.00273	0.06282	0.00377	0.00386
2	0.00626	0.00417	0.00523	0.00522	0.00606	0.00382	0.00371	0.00747	0.00958	0.06359	0.34809	0.25359	0.13987	0.11619	0.00692	0.00174	0.00243	0.00836	0.00401	0.00369
3	0.00988	0.01263	0.20426	0.08997	0.13986	0.10723	0.03185	0.08560	0.07528	0.01327	0.00878	0.01102	0.00708	0.02543	0.11278	0.00204	0.05160	0.00365	0.00233	0.00547
