[name]
unknown

[dist]
# distance from previous block
# <min> <max>
0	121

[block]
# block no. 0 follows, 71 sequences, length 7
# corresponding to MSA columns:
# 121-127
name=unknown_A
#
# <colnr> <probs for GDERKNQSTAVLIFYWHMCP>
#	G	D	E	R	K	N	Q	S	T	A	V	L	I	F	Y	W	H	M	C	P
0	0.00564	0.00399	0.00478	0.00474	0.00582	0.00354	0.00357	0.00692	0.00936	0.05820	0.29726	0.15073	0.36795	0.00920	0.00459	0.00132	0.00210	0.05290	0.00384	0.00354
1	0.07514	0.01057	0.00928	0.00773	0.01015	0.23145	0.00612	0.25552	0.01226	0.18883	0.01155	0.05078	0.05371	0.00497	0.00366	0.00112	0.00431	0.00376	0.03288	0.02620
2	0.03672	0.19545	0.33757	0.01043	0.05194	0.08646	0.08527	0.05243	0.02383	0.04890	0.00710	0.00819	0.00542	0.00376	0.00372	0.00112	0.03139	0.00291	0.00201	0.00537
3	0.00620	0.00500	0.00597	0.00689	0.06066	0.04049	0.00446	0.05270	0.04060	0.01086	0.01862	0.61016	0.04484	0.06663	0.00562	0.00161	0.00281	0.00895	0.00333	0.00362
4	0.00481	0.00365	0.00423	0.00456	0.00520	0.00329	0.00311	0.00556	0.00783	0.00999	0.07953	0.35482	0.33936	0.14770	0.00707	0.00178	0.00233	0.00870	0.00340	0.00307
5	0.00930	0.01042	0.10447	0.14279	0.53528	0.04425	0.04914	0.03649	0.00889	0.01230	0.00715	0.00937	0.00576	0.00355	0.00381	0.00117	0.00493	0.00336	0.00190	0.00567
6	0.04593	0.28282	0.01262	0.02210	0.09912	0.05610	0.00655	0.09088	0.05592	0.06768	0.05811	0.11824	0.01067	0.00578	0.02162	0.00123	0.01854	0.01848	0.00270	0.00493

[dist]
# distance from previous block
# <min> <max>
0	7

[block]
# block no. 1 follows, 71 sequences, length 69
# corresponding to MSA columns:
# 135-203
name=unknown_B
#
# <colnr> <probs for GDERKNQSTAVLIFYWHMCP>
#	G	D	E	R	K	N	Q	S	T	A	V	L	I	F	Y	W	H	M	C	P
0	0.07945	0.24388	0.44336	0.00889	0.01331	0.02859	0.02244	0.02886	0.00816	0.01194	0.00638	0.00745	0.00493	0.00350	0.00317	0.00105	0.00482	0.00255	0.00180	0.07548
1	0.00926	0.32429	0.11969	0.00729	0.02185	0.06310	0.00681	0.10623	0.00954	0.02283	0.05830	0.07970	0.11064	0.00526	0.00345	0.00106	0.00390	0.00410	0.00252	0.04019
2	0.01135	0.41610	0.01457	0.00731	0.01011	0.04233	0.00644	0.22394	0.09390	0.05585	0.00915	0.07664	0.00788	0.00461	0.00326	0.00104	0.00393	0.00346	0.00276	0.00537
3	0.07594	0.00385	0.00466	0.00524	0.00577	0.00372	0.00359	0.00625	0.01700	0.01986	0.04085	0.67512	0.05470	0.04868	0.00527	0.00159	0.00236	0.00950	0.00343	0.01262
4	0.00951	0.13247	0.32718	0.01929	0.04312	0.00876	0.02995	0.09543	0.01986	0.11041	0.06600	0.10158	0.01006	0.00500	0.00375	0.00119	0.00433	0.00414	0.00265	0.00533
5	0.02175	0.12502	0.01399	0.24593	0.34115	0.10817	0.00981	0.03087	0.00865	0.01114	0.00689	0.02280	0.00579	0.00384	0.00383	0.00114	0.02900	0.00322	0.00189	0.00511
6	0.00514	0.00401	0.00445	0.00445	0.00549	0.00361	0.00323	0.00655	0.04189	0.02024	0.18054	0.13386	0.48451	0.07783	0.00574	0.00150	0.00215	0.00782	0.00361	0.00337
7	0.05406	0.12375	0.12455	0.18560	0.05892	0.02486	0.02207	0.11400	0.02628	0.08683	0.00994	0.08972	0.02885	0.00478	0.00365	0.00117	0.00424	0.00394	0.00256	0.03023
8	0.03491	0.09981	0.19843	0.03767	0.04389	0.07660	0.06790	0.12910	0.09713	0.11132	0.00974	0.05989	0.00769	0.00452	0.00370	0.00118	0.00456	0.00371	0.00274	0.00550
9	0.00490	0.00374	0.00444	0.00478	0.00549	0.00343	0.00336	0.01629	0.00804	0.01033	0.07630	0.39312	0.32842	0.06682	0.05063	0.00182	0.00264	0.00881	0.00344	0.00320
10	0.01008	0.00912	0.01438	0.34011	0.42469	0.00951	0.02795	0.01209	0.02677	0.01314	0.02024	0.01392	0.03898	0.00515	0.00464	0.00153	0.00521	0.01384	0.00258	0.00607
11	0.00979	0.09574	0.29693	0.02358	0.01514	0.07536	0.21129	0.07282	0.09102	0.04523	0.00845	0.02280	0.00641	0.00393	0.00380	0.00119	0.00529	0.00352	0.00227	0.00545
12	0.02122	0.09797	0.10879	0.10409	0.05701	0.04707	0.45096	0.01187	0.00866	0.01160	0.02070	0.00967	0.00598	0.00354	0.00421	0.00122	0.02468	0.00381	0.00189	0.00505
13	0.00496	0.00357	0.00436	0.00480	0.00522	0.00336	0.00320	0.00562	0.00726	0.00959	0.04342	0.45106	0.16642	0.20215	0.04275	0.00216	0.00282	0.00864	0.02564	0.00300
14	0.00785	0.00634	0.00845	0.02041	0.05252	0.02318	0.09219	0.09132	0.08733	0.06439	0.06075	0.18398	0.26400	0.00761	0.00436	0.00131	0.00318	0.01300	0.00341	0.00443
15	0.00960	0.00966	0.01473	0.13692	0.60355	0.08563	0.04462	0.01200	0.02439	0.01192	0.00722	0.00948	0.00593	0.00355	0.00380	0.00115	0.00490	0.00339	0.00192	0.00564
16	0.00790	0.04889	0.74571	0.01133	0.02846	0.00918	0.07184	0.01212	0.00816	0.01205	0.00689	0.00821	0.00495	0.00360	0.00367	0.00120	0.00565	0.00293	0.00165	0.00561
17	0.00976	0.00981	0.01496	0.08502	0.68644	0.08708	0.02754	0.01196	0.00885	0.01202	0.00707	0.00932	0.00589	0.00349	0.00378	0.00114	0.00485	0.00335	0.00189	0.00577
18	0.01335	0.01034	0.01095	0.00956	0.06890	0.11038	0.01738	0.43402	0.07320	0.12188	0.01046	0.01064	0.02581	0.00559	0.03697	0.00136	0.02624	0.00359	0.00344	0.00594
19	0.01227	0.00856	0.00999	0.00812	0.01069	0.00922	0.03998	0.31813	0.28786	0.15698	0.05047	0.04857	0.01086	0.00523	0.00397	0.00123	0.00356	0.00433	0.00394	0.00604
20	0.00513	0.00410	0.00461	0.00463	0.00567	0.01257	0.00343	0.01469	0.01987	0.01203	0.27809	0.15842	0.42549	0.00934	0.00457	0.00131	0.00207	0.02680	0.00375	0.00342
21	0.02435	0.54538	0.23564	0.00797	0.01174	0.08005	0.00858	0.01214	0.02495	0.01015	0.00599	0.00689	0.00503	0.00347	0.00288	0.00095	0.00470	0.00234	0.00172	0.00509
22	0.00798	0.00547	0.00675	0.00610	0.00739	0.00576	0.00467	0.15456	0.03645	0.07329	0.15047	0.06718	0.06571	0.11430	0.27292	0.00308	0.00531	0.00525	0.00320	0.00416
23	0.00911	0.07855	0.03671	0.09313	0.21685	0.01830	0.46673	0.01190	0.00875	0.01182	0.00731	0.00971	0.00571	0.00335	0.00409	0.00121	0.00568	0.00390	0.00188	0.00529
24	0.00467	0.00336	0.00443	0.00528	0.00555	0.00312	0.00353	0.00535	0.00740	0.00981	0.02186	0.82882	0.05882	0.01192	0.00488	0.00155	0.00221	0.01078	0.00356	0.00312
25	0.01185	0.02633	0.01326	0.04804	0.18094	0.29018	0.10533	0.15151	0.06788	0.02425	0.00782	0.00910	0.00615	0.00440	0.01732	0.00121	0.02339	0.00329	0.00242	0.00533
26	0.01028	0.00809	0.01136	0.04846	0.33907	0.00840	0.00826	0.14817	0.11719	0.09911	0.01327	0.05492	0.09260	0.00511	0.00409	0.00122	0.01731	0.00442	0.00301	0.00566
27	0.05482	0.04909	0.34473	0.00975	0.03350	0.00861	0.08940	0.04671	0.11570	0.09799	0.03578	0.04933	0.02577	0.00461	0.00391	0.00123	0.01714	0.00387	0.00261	0.00544
28	0.01126	0.00827	0.00965	0.00791	0.01025	0.00900	0.03660	0.36822	0.19869	0.07222	0.10528	0.02688	0.01200	0.00719	0.07164	0.00161	0.00411	0.01536	0.01820	0.00565
29	0.03643	0.18142	0.10488	0.01350	0.18843	0.02936	0.24918	0.04153	0.02695	0.04649	0.03115	0.01914	0.00690	0.00373	0.00372	0.00114	0.00495	0.00357	0.00216	0.00537
30	0.03576	0.00910	0.03729	0.06322	0.22412	0.04361	0.05839	0.18998	0.08323	0.08080	0.06155	0.03127	0.04514	0.00476	0.00401	0.00120	0.01398	0.00410	0.00297	0.00555
31	0.00831	0.00877	0.04598	0.11411	0.03368	0.04248	0.30127	0.06072	0.00883	0.01188	0.04435	0.01331	0.07407	0.00761	0.10765	0.00188	0.09243	0.00435	0.01371	0.00460
32	0.00531	0.00421	0.00505	0.02407	0.00637	0.02218	0.00393	0.00641	0.01891	0.00991	0.04550	0.29189	0.23731	0.09382	0.15099	0.00246	0.00392	0.06135	0.00313	0.00326
33	0.12064	0.31669	0.14723	0.00939	0.06244	0.05920	0.08557	0.05427	0.05677	0.04446	0.00713	0.00801	0.00562	0.00365	0.00318	0.00106	0.00453	0.00279	0.00215	0.00522
34	0.02206	0.11407	0.04828	0.03632	0.05203	0.05989	0.08024	0.22587	0.03685	0.05565	0.02555	0.02156	0.04067	0.04259	0.08226	0.00173	0.04275	0.00380	0.00273	0.00512
35	0.00681	0.00477	0.00563	0.00538	0.00667	0.00459	0.00409	0.02992	0.11425	0.08099	0.25794	0.15823	0.25435	0.00847	0.00447	0.00132	0.00232	0.04186	0.00389	0.00405
36	0.02711	0.00894	0.07072	0.00912	0.04472	0.09426	0.10895	0.08339	0.11981	0.01299	0.06030	0.10831	0.05645	0.04975	0.01436	0.00150	0.02993	0.09186	0.00293	0.00461
37	0.04047	0.11765	0.18159	0.05530	0.07131	0.13942	0.07403	0.16718	0.01862	0.05091	0.01515	0.00985	0.00647	0.00412	0.00363	0.00114	0.00502	0.03036	0.00242	0.00537
38	0.18046	0.02665	0.00902	0.00851	0.07583	0.25637	0.00617	0.12107	0.01036	0.07633	0.04434	0.01191	0.04353	0.00467	0.00343	0.00111	0.00430	0.03341	0.07775	0.00477
39	0.00517	0.00364	0.00468	0.00523	0.00576	0.00336	0.00369	0.00608	0.00805	0.02927	0.11781	0.55794	0.12332	0.03930	0.00530	0.00156	0.00231	0.07062	0.00362	0.00327
40	0.01053	0.10068	0.18429	0.02605	0.20740	0.09767	0.10371	0.08658	0.04439	0.07188	0.00863	0.00970	0.02352	0.00390	0.00370	0.00114	0.00497	0.00336	0.00232	0.00558
41	0.01018	0.02410	0.06492	0.08530	0.16328	0.15287	0.03090	0.11376	0.04509	0.06491	0.01075	0.15989	0.00996	0.00561	0.00414	0.00124	0.02063	0.02474	0.00271	0.00503
42	0.00483	0.00357	0.00455	0.00521	0.00573	0.00329	0.00370	0.00572	0.00792	0.01034	0.06623	0.58939	0.17525	0.01124	0.00485	0.00151	0.00228	0.08761	0.00359	0.00320
43	0.03631	0.04179	0.07979	0.03286	0.08082	0.27812	0.13774	0.10130	0.06900	0.03008	0.00793	0.02870	0.00637	0.00424	0.00419	0.00117	0.04872	0.00341	0.00235	0.00513
44	0.00910	0.09728	0.01074	0.02084	0.02521	0.10555	0.10681	0.11019	0.07613	0.03851	0.08906	0.18690	0.08261	0.00655	0.00410	0.00124	0.00387	0.01764	0.00308	0.00460
45	0.01418	0.00920	0.00974	0.00783	0.01052	0.07607	0.00633	0.32064	0.15754	0.28751	0.01214	0.01140	0.00842	0.00470	0.00377	0.00116	0.00380	0.00366	0.04524	0.00614
46	0.03813	0.00873	0.01371	0.10042	0.19912	0.04652	0.20920	0.08293	0.04882	0.07836	0.06315	0.01363	0.03230	0.00453	0.00407	0.00124	0.00464	0.04259	0.00266	0.00525
47	0.03982	0.06838	0.11274	0.08956	0.23421	0.04036	0.04441	0.06353	0.09813	0.07347	0.03173	0.05437	0.01553	0.00450	0.00384	0.00119	0.01238	0.00387	0.00255	0.00542
48	0.01074	0.07306	0.01243	0.06127	0.22255	0.19444	0.04173	0.16491	0.02627	0.01339	0.03051	0.04965	0.04319	0.00544	0.03266	0.00130	0.00497	0.00383	0.00250	0.00516
49	0.00544	0.00413	0.00539	0.00546	0.00606	0.00415	0.00405	0.00667	0.00882	0.01214	0.36572	0.27544	0.08839	0.05550	0.00614	0.00153	0.07066	0.06729	0.00362	0.00341
50	0.07367	0.06242	0.03548	0.08439	0.22896	0.08339	0.06395	0.04041	0.08705	0.05325	0.00912	0.04562	0.01560	0.05028	0.00499	0.00134	0.04882	0.00378	0.00239	0.00508
51	0.02272	0.13020	0.15725	0.04444	0.01213	0.06173	0.02978	0.20830	0.06162	0.12201	0.01957	0.05764	0.00841	0.02327	0.00403	0.00122	0.00434	0.02296	0.00294	0.00545
52	0.00477	0.00365	0.00447	0.00487	0.00557	0.00335	0.00346	0.00571	0.00807	0.01043	0.09915	0.42101	0.31177	0.01215	0.07232	0.00180	0.00275	0.01795	0.00350	0.00323
53	0.00887	0.04363	0.01422	0.21910	0.49519	0.00904	0.04235	0.03028	0.03077	0.01200	0.00852	0.01131	0.02862	0.00394	0.00384	0.00119	0.00460	0.02509	0.00203	0.00543
54	0.13548	0.22522	0.10157	0.02277	0.11568	0.05403	0.06648	0.09794	0.04511	0.04602	0.00738	0.00850	0.00584	0.00469	0.03484	0.00128	0.01672	0.00294	0.00228	0.00523
55	0.08762	0.09665	0.08260	0.06846	0.18311	0.24678	0.06439	0.10367	0.00998	0.01277	0.00671	0.00811	0.00534	0.00373	0.00349	0.00110	0.00526	0.00293	0.00212	0.00517
56	0.00486	0.00365	0.00454	0.00510	0.00575	0.00333	0.00369	0.00582	0.00814	0.01052	0.08135	0.48270	0.25044	0.01093	0.00482	0.00149	0.00227	0.10377	0.00360	0.00323
57	0.15231	0.06873	0.11209	0.12266	0.08506	0.07173	0.05921	0.10543	0.02768	0.04712	0.00908	0.02459	0.02272	0.00488	0.01659	0.00129	0.00458	0.05683	0.00245	0.00498
58	0.00962	0.15684	0.17075	0.06456	0.31842	0.05737	0.06097	0.02425	0.06325	0.02762	0.00750	0.00900	0.00596	0.00364	0.00358	0.00112	0.00484	0.00316	0.00201	0.00556
59	0.00499	0.00377	0.00457	0.00469	0.00552	0.00340	0.00340	0.00621	0.00915	0.01215	0.35050	0.23286	0.28364	0.03340	0.00505	0.00140	0.00204	0.02614	0.00379	0.00334
60	0.01153	0.20616	0.05931	0.02387	0.04255	0.29965	0.10777	0.04934	0.06182	0.04480	0.00736	0.00846	0.00590	0.00459	0.02764	0.00121	0.02787	0.00298	0.00218	0.00501
61	0.02266	0.02580	0.08200	0.09345	0.19343	0.11827	0.11472	0.13959	0.09234	0.02665	0.02964	0.01034	0.01503	0.00411	0.00394	0.00118	0.01531	0.00358	0.00249	0.00546
62	0.00541	0.00420	0.00533	0.00553	0.00637	0.00395	0.02704	0.04003	0.03150	0.01113	0.06555	0.48564	0.23748	0.01040	0.00472	0.00145	0.00241	0.04485	0.00357	0.00347
63	0.02593	0.00778	0.01013	0.07039	0.06777	0.00868	0.02487	0.27286	0.01113	0.11190	0.01016	0.01350	0.00835	0.02121	0.10482	0.00190	0.11283	0.06854	0.04209	0.00516
64	0.02173	0.17546	0.07031	0.06660	0.11625	0.07681	0.13918	0.07104	0.06707	0.06222	0.03595	0.00997	0.00725	0.00468	0.02641	0.00128	0.03678	0.00343	0.00236	0.00524
65	0.02812	0.25456	0.39982	0.01884	0.09699	0.03200	0.03086	0.01978	0.00819	0.02266	0.00694	0.03213	0.00568	0.00385	0.00357	0.00111	0.02480	0.00296	0.00181	0.00532
66	0.01419	0.01268	0.01110	0.00905	0.01170	0.25749	0.00723	0.51350	0.06184	0.03824	0.00868	0.00890	0.00640	0.00448	0.00385	0.00112	0.01720	0.00322	0.00328	0.00585
67	0.00714	0.00717	0.06825	0.09171	0.20395	0.00641	0.04372	0.04260	0.02735	0.01226	0.13938	0.03761	0.20487	0.06812	0.00529	0.00142	0.00358	0.02191	0.00281	0.00445
68	0.07007	0.01965	0.02612	0.03304	0.04775	0.12642	0.02779	0.28479	0.20285	0.03800	0.01029	0.02874	0.00809	0.01980	0.01617	0.00131	0.01390	0.01647	0.00317	0.00556

[dist]
# distance from previous block
# <min> <max>
1	7

[block]
# block no. 2 follows, 71 sequences, length 45
# corresponding to MSA columns:
# 214-258
name=unknown_C
#
# <colnr> <probs for GDERKNQSTAVLIFYWHMCP>
#	G	D	E	R	K	N	Q	S	T	A	V	L	I	F	Y	W	H	M	C	P
0	0.01022	0.15365	0.13593	0.08279	0.18346	0.08907	0.00902	0.09047	0.05655	0.05522	0.02914	0.02936	0.00723	0.00417	0.00376	0.00112	0.02456	0.00332	0.00235	0.02860
1	0.03210	0.23030	0.13606	0.34005	0.07090	0.06274	0.00967	0.02639	0.00813	0.01054	0.00636	0.00843	0.00507	0.00375	0.00370	0.00113	0.03523	0.00288	0.00176	0.00480
2	0.00550	0.00401	0.00564	0.00564	0.00615	0.00451	0.00414	0.00651	0.00601	0.00852	0.01075	0.01770	0.01073	0.24872	0.63166	0.00552	0.00855	0.00449	0.00212	0.00313
3	0.03290	0.43483	0.23649	0.03538	0.01228	0.03256	0.02520	0.06334	0.02075	0.02362	0.02599	0.00797	0.00595	0.00389	0.00334	0.02126	0.00454	0.00266	0.00195	0.00511
4	0.00662	0.00556	0.00760	0.00750	0.06308	0.00549	0.07305	0.00992	0.17113	0.02493	0.19234	0.18879	0.21286	0.00786	0.00442	0.00132	0.00275	0.00700	0.00354	0.00425
5	0.00477	0.00379	0.00410	0.00420	0.00513	0.00332	0.00297	0.00563	0.00826	0.01026	0.09638	0.14651	0.54676	0.13271	0.00673	0.00167	0.00222	0.00802	0.00344	0.00312
6	0.02594	0.14013	0.03790	0.07216	0.14814	0.20947	0.06690	0.05439	0.02176	0.01102	0.00936	0.02265	0.05421	0.10377	0.00542	0.00139	0.00492	0.00365	0.00216	0.00466
7	0.00933	0.10411	0.16002	0.10466	0.31172	0.05197	0.06926	0.05346	0.02054	0.01206	0.00734	0.02889	0.00607	0.00392	0.00406	0.00117	0.04066	0.00339	0.00196	0.00541
8	0.01028	0.00536	0.00682	0.00604	0.00778	0.00498	0.00482	0.06848	0.01018	0.31232	0.13167	0.07604	0.12874	0.07139	0.00550	0.00151	0.00297	0.13646	0.00400	0.00468
9	0.01110	0.00879	0.00901	0.00775	0.01006	0.05699	0.00611	0.19479	0.46461	0.08683	0.01517	0.04130	0.05931	0.00545	0.00393	0.00125	0.00344	0.00443	0.00382	0.00585
10	0.03768	0.05761	0.03580	0.13210	0.19502	0.06461	0.04517	0.05660	0.12817	0.03878	0.04346	0.05295	0.04659	0.00501	0.00400	0.00122	0.01780	0.02969	0.00264	0.00509
11	0.00561	0.05313	0.00575	0.00498	0.00604	0.00430	0.00380	0.00714	0.02426	0.02243	0.38826	0.16210	0.22239	0.00950	0.03733	0.00147	0.00246	0.03174	0.00371	0.00359
12	0.00832	0.00816	0.00915	0.05778	0.01001	0.15666	0.01847	0.00950	0.00730	0.02963	0.00892	0.08009	0.00867	0.02239	0.26692	0.00291	0.26589	0.02315	0.00213	0.00395
13	0.00936	0.03430	0.35822	0.05013	0.05526	0.00945	0.22718	0.08994	0.06837	0.04834	0.00828	0.00956	0.00602	0.00377	0.00391	0.00122	0.00534	0.00352	0.00222	0.00562
14	0.02516	0.00890	0.00758	0.02265	0.02832	0.23735	0.00532	0.03751	0.13952	0.01102	0.03089	0.14201	0.04568	0.17404	0.04669	0.00195	0.00450	0.02407	0.00280	0.00405
15	0.00507	0.00381	0.00441	0.00466	0.00535	0.00350	0.00331	0.00588	0.00780	0.00992	0.07171	0.18346	0.33690	0.23048	0.00855	0.00202	0.00263	0.10424	0.00328	0.00304
16	0.04796	0.12153	0.12214	0.00929	0.06089	0.20485	0.04697	0.04402	0.07646	0.02417	0.03021	0.05722	0.06010	0.00510	0.00386	0.00116	0.02269	0.03783	0.01873	0.00481
17	0.02991	0.01069	0.13614	0.05458	0.14593	0.04050	0.31647	0.02351	0.05596	0.05384	0.01901	0.04324	0.00794	0.00429	0.00413	0.00127	0.00519	0.03983	0.00232	0.00526
18	0.00885	0.00665	0.00752	0.00666	0.00848	0.00716	0.00521	0.09193	0.37626	0.06864	0.30199	0.02000	0.04641	0.00628	0.00415	0.00125	0.00271	0.02064	0.00404	0.00515
19	0.06763	0.05904	0.15627	0.01889	0.01260	0.02208	0.14422	0.15922	0.12755	0.05690	0.02519	0.04816	0.05582	0.00494	0.00388	0.00123	0.00432	0.02385	0.00289	0.00533
20	0.02413	0.11485	0.18457	0.03420	0.07883	0.16883	0.00884	0.17734	0.05637	0.06353	0.00822	0.02676	0.00640	0.00425	0.00379	0.00113	0.02679	0.00318	0.00253	0.00547
21	0.00517	0.00397	0.00470	0.00489	0.00571	0.00375	0.00353	0.00661	0.04797	0.01089	0.14342	0.25242	0.30445	0.09382	0.05423	0.00188	0.00277	0.04302	0.00346	0.00333
22	0.00634	0.00458	0.00664	0.00682	0.04252	0.00507	0.00502	0.01754	0.00713	0.04915	0.06685	0.04922	0.04634	0.02242	0.60299	0.00473	0.03211	0.00465	0.01614	0.00374
23	0.02458	0.27183	0.13876	0.05409	0.02629	0.15309	0.04616	0.05106	0.05481	0.01106	0.00680	0.00821	0.00562	0.00499	0.03666	0.00130	0.09491	0.00286	0.00198	0.00494
24	0.01043	0.23792	0.01593	0.07589	0.36162	0.17196	0.05120	0.01226	0.00883	0.01079	0.00647	0.00821	0.00547	0.00350	0.00342	0.00104	0.00502	0.00293	0.00183	0.00528
25	0.00498	0.00391	0.00423	0.00428	0.00519	0.00352	0.00303	0.00596	0.02294	0.01007	0.07553	0.08040	0.51067	0.20971	0.00807	0.00189	0.00244	0.03677	0.00331	0.00310
26	0.02355	0.00713	0.00911	0.06611	0.07324	0.03269	0.04755	0.18395	0.03783	0.09192	0.21945	0.05554	0.07711	0.02039	0.01431	0.00132	0.00352	0.01760	0.01281	0.00485
27	0.10924	0.04238	0.05735	0.02097	0.09380	0.16689	0.12584	0.13506	0.12635	0.02469	0.00821	0.00920	0.00634	0.00415	0.00414	0.00119	0.05305	0.00331	0.00254	0.00531
28	0.00542	0.00371	0.00448	0.00464	0.00479	0.00372	0.00288	0.00576	0.00621	0.00836	0.04580	0.16701	0.01656	0.59546	0.08722	0.00342	0.00395	0.02535	0.00261	0.00263
29	0.09925	0.04250	0.10485	0.07511	0.15423	0.16749	0.00861	0.08300	0.04582	0.01288	0.02551	0.00887	0.00624	0.00421	0.00451	0.00117	0.10206	0.00305	0.00221	0.04845
30	0.06460	0.23395	0.07656	0.05009	0.05128	0.07151	0.15387	0.12483	0.02215	0.08933	0.02236	0.00902	0.00638	0.00382	0.00348	0.00110	0.00472	0.00319	0.00244	0.00532
31	0.00691	0.06383	0.07066	0.07266	0.04411	0.03568	0.02457	0.03333	0.03380	0.01036	0.02724	0.19764	0.09235	0.15811	0.07446	0.00211	0.03248	0.01319	0.00261	0.00387
32	0.00551	0.00445	0.02516	0.00564	0.00659	0.00394	0.04620	0.00697	0.02502	0.01147	0.13324	0.37448	0.16183	0.02886	0.00484	0.00143	0.00249	0.05205	0.09635	0.00348
33	0.03939	0.23484	0.12847	0.01943	0.13740	0.08238	0.10847	0.07757	0.05031	0.03593	0.00790	0.02203	0.01549	0.00393	0.00364	0.00110	0.02096	0.00322	0.00219	0.00532
34	0.00864	0.01097	0.21293	0.12361	0.05938	0.05166	0.11767	0.04150	0.04675	0.04510	0.03605	0.01220	0.02140	0.03967	0.06545	0.00172	0.07923	0.01896	0.00223	0.00489
35	0.00477	0.00369	0.00436	0.00466	0.00547	0.00328	0.00334	0.00579	0.00859	0.01107	0.17663	0.35029	0.37137	0.01026	0.00468	0.00139	0.00205	0.02138	0.00368	0.00326
36	0.01131	0.21471	0.19088	0.02517	0.05223	0.33257	0.02063	0.04740	0.02149	0.02026	0.00681	0.00834	0.00560	0.00390	0.00337	0.00105	0.00555	0.02170	0.00199	0.00501
37	0.01028	0.06957	0.07470	0.16692	0.05300	0.06167	0.16341	0.07914	0.04192	0.12433	0.02504	0.03664	0.00810	0.00458	0.00419	0.00124	0.02931	0.03818	0.00261	0.00516
38	0.00585	0.02025	0.02511	0.01949	0.01586	0.01814	0.01252	0.01356	0.01730	0.01866	0.01946	0.46622	0.04865	0.02681	0.02224	0.00168	0.00309	0.23015	0.01147	0.00350
39	0.00474	0.00369	0.00419	0.00456	0.00542	0.00325	0.00329	0.00565	0.00820	0.01031	0.03060	0.34585	0.47376	0.01045	0.00464	0.00140	0.00211	0.04416	0.03051	0.00321
40	0.00965	0.42317	0.14286	0.00802	0.02274	0.04679	0.04398	0.04976	0.05550	0.03560	0.06157	0.04325	0.02366	0.00441	0.00328	0.00104	0.00423	0.01319	0.00229	0.00503
41	0.01864	0.09682	0.30085	0.01895	0.02604	0.04366	0.04586	0.04232	0.05742	0.17457	0.04414	0.02739	0.02739	0.01321	0.02108	0.00131	0.02861	0.00364	0.00269	0.00541
42	0.00845	0.13944	0.60085	0.00976	0.01448	0.02530	0.01178	0.04372	0.02734	0.02337	0.00785	0.05672	0.00632	0.00416	0.00356	0.00117	0.00512	0.00325	0.00192	0.00545
43	0.05084	0.01322	0.00580	0.00593	0.01936	0.01532	0.01722	0.01847	0.09315	0.01125	0.03300	0.37378	0.11957	0.07924	0.04892	0.00184	0.00309	0.05042	0.03594	0.00364
44	0.10027	0.08518	0.16969	0.03613	0.04590	0.00885	0.03095	0.15537	0.03913	0.14714	0.00900	0.02250	0.00672	0.00500	0.03585	0.00130	0.00434	0.00322	0.00280	0.09066

[dist]
# distance from previous block
# <min> <max>
1	13

[block]
# block no. 3 follows, 71 sequences, length 33
# corresponding to MSA columns:
# 276-308
name=unknown_D
#
# <colnr> <probs for GDERKNQSTAVLIFYWHMCP>
#	G	D	E	R	K	N	Q	S	T	A	V	L	I	F	Y	W	H	M	C	P
0	0.03090	0.05736	0.01964	0.00598	0.00730	0.03393	0.04294	0.03688	0.00848	0.02213	0.05772	0.41104	0.19419	0.00898	0.00435	0.00133	0.00281	0.00789	0.00325	0.04289
1	0.10414	0.19655	0.23965	0.06648	0.02361	0.02679	0.01996	0.06435	0.08554	0.04902	0.02496	0.00970	0.00684	0.04265	0.00425	0.00125	0.02373	0.00309	0.00230	0.00512
2	0.05069	0.06884	0.02943	0.00749	0.00963	0.04532	0.00617	0.26956	0.13885	0.03853	0.01058	0.05258	0.00882	0.01138	0.23193	0.00252	0.00563	0.00392	0.00302	0.00512
3	0.23543	0.01967	0.07243	0.05973	0.02800	0.03792	0.00627	0.10343	0.06718	0.01446	0.00796	0.02554	0.00651	0.00670	0.09949	0.00162	0.00443	0.00302	0.00248	0.19775
4	0.07695	0.00453	0.00531	0.00521	0.00633	0.00447	0.00399	0.04375	0.00917	0.06728	0.22161	0.19370	0.07000	0.00827	0.02428	0.00139	0.00255	0.08269	0.16469	0.00383
5	0.00879	0.06806	0.06609	0.00699	0.01023	0.05271	0.04129	0.01128	0.06570	0.04221	0.00820	0.02668	0.00684	0.00399	0.01746	0.00089	0.00365	0.01671	0.00240	0.53981
6	0.03780	0.04383	0.01207	0.03413	0.10633	0.40164	0.05916	0.08043	0.00990	0.01132	0.00673	0.00849	0.00564	0.00625	0.07690	0.00155	0.08798	0.00301	0.00209	0.00474
7	0.00477	0.00353	0.00427	0.00481	0.00527	0.00323	0.00322	0.00541	0.00743	0.00959	0.02420	0.53610	0.22541	0.13582	0.00694	0.00181	0.00237	0.00943	0.00338	0.00303
8	0.00491	0.00356	0.00483	0.00544	0.00576	0.00339	0.01602	0.00565	0.00728	0.00974	0.03972	0.68221	0.03207	0.09361	0.04645	0.00197	0.00283	0.02808	0.00336	0.00311
9	0.00773	0.01691	0.03929	0.18010	0.07126	0.02343	0.15513	0.01801	0.06081	0.01129	0.04075	0.07331	0.04670	0.00727	0.07716	0.00171	0.09622	0.01853	0.00232	0.05206
10	0.00554	0.00411	0.00445	0.00435	0.00565	0.00355	0.00326	0.00679	0.02690	0.06511	0.08914	0.10731	0.64148	0.00937	0.00451	0.00131	0.00207	0.00790	0.00369	0.00353
11	0.00839	0.00839	0.01174	0.01007	0.01007	0.01174	0.00839	0.00923	0.00587	0.00923	0.00503	0.00839	0.00503	0.00671	0.01258	0.00168	0.85823	0.00336	0.00168	0.00419
12	0.00676	0.00528	0.00678	0.00641	0.00714	0.03456	0.00490	0.04611	0.00690	0.02834	0.01044	0.01578	0.02441	0.15690	0.52353	0.01913	0.08663	0.00424	0.00223	0.00354
13	0.01881	0.00951	0.08978	0.06450	0.05561	0.09125	0.18090	0.05514	0.04137	0.05971	0.01153	0.12751	0.01081	0.00648	0.02489	0.00146	0.03478	0.10858	0.00265	0.00475
14	0.00480	0.00352	0.00456	0.00515	0.00559	0.00331	0.00354	0.00564	0.00770	0.01024	0.09498	0.60696	0.12576	0.03188	0.06549	0.00187	0.00276	0.00959	0.00348	0.00318
15	0.01129	0.01132	0.00971	0.04962	0.01150	0.25356	0.00680	0.09509	0.47788	0.01458	0.01176	0.01148	0.00893	0.00472	0.00376	0.00119	0.00437	0.00366	0.00323	0.00555
16	0.00854	0.01019	0.16185	0.07426	0.08372	0.00807	0.29795	0.02764	0.03294	0.04474	0.02464	0.02530	0.02423	0.00467	0.00419	0.00127	0.00500	0.09816	0.01473	0.04790
17	0.01056	0.00501	0.00661	0.00598	0.00760	0.00450	0.00456	0.02253	0.01929	0.38551	0.04421	0.34738	0.07382	0.02216	0.00461	0.00139	0.00275	0.02269	0.00410	0.00475
18	0.00768	0.00692	0.01181	0.62564	0.11652	0.00811	0.04959	0.00995	0.00779	0.02626	0.00753	0.03211	0.00602	0.00446	0.00441	0.04457	0.00486	0.00366	0.01773	0.00439
19	0.01123	0.47750	0.03410	0.03988	0.07596	0.26526	0.02573	0.01263	0.00882	0.00957	0.00580	0.00692	0.00504	0.00352	0.00298	0.00093	0.00510	0.00240	0.00177	0.00486
20	0.00544	0.00367	0.00426	0.00437	0.00444	0.00363	0.00255	0.00562	0.00606	0.00813	0.05156	0.14089	0.01654	0.70784	0.01680	0.00330	0.00342	0.00637	0.00258	0.00249
21	0.00877	0.00983	0.11622	0.11438	0.07172	0.00869	0.32498	0.07069	0.01802	0.03679	0.05389	0.03852	0.00834	0.00547	0.04554	0.00151	0.04344	0.00426	0.01390	0.00503
22	0.00963	0.58049	0.16381	0.00847	0.01219	0.01318	0.10125	0.01212	0.04805	0.01028	0.00638	0.00736	0.00534	0.00343	0.00297	0.00097	0.00459	0.00258	0.00178	0.00513
23	0.00787	0.00834	0.06017	0.05605	0.04989	0.02540	0.29311	0.04575	0.04838	0.01153	0.01103	0.01395	0.06610	0.04789	0.22320	0.00263	0.01751	0.00440	0.00224	0.00455
24	0.00824	0.00512	0.00641	0.00621	0.00749	0.00502	0.00484	0.11695	0.01848	0.13179	0.09563	0.31278	0.06614	0.00894	0.00457	0.00143	0.00284	0.16786	0.02503	0.00423
25	0.00812	0.02603	0.27116	0.01060	0.10643	0.01685	0.07377	0.04509	0.14340	0.01299	0.06305	0.07070	0.02854	0.02602	0.00464	0.02180	0.00429	0.05002	0.01143	0.00509
26	0.00768	0.02179	0.05830	0.02539	0.12955	0.05704	0.01679	0.01015	0.07453	0.04466	0.27599	0.06456	0.06194	0.04276	0.04642	0.00158	0.03719	0.01618	0.00310	0.00442
27	0.00583	0.02305	0.06178	0.00692	0.00803	0.00497	0.04761	0.00731	0.00749	0.01017	0.01615	0.30373	0.03389	0.02588	0.22234	0.00276	0.02160	0.18402	0.00286	0.00361
28	0.04074	0.00905	0.02910	0.00776	0.01070	0.04920	0.00647	0.32803	0.04150	0.40288	0.01239	0.01145	0.02325	0.00470	0.00379	0.00117	0.00382	0.00365	0.00407	0.00626
29	0.01046	0.08625	0.10535	0.09951	0.05854	0.05595	0.13198	0.16054	0.09367	0.07334	0.04519	0.03612	0.00840	0.00445	0.00393	0.00119	0.01313	0.00385	0.00274	0.00541
30	0.03443	0.00901	0.04860	0.06584	0.07988	0.11689	0.08899	0.07486	0.08137	0.03657	0.09069	0.01584	0.09151	0.06684	0.04202	0.00161	0.03350	0.01420	0.00274	0.00464
31	0.01097	0.06908	0.04598	0.00765	0.01000	0.00909	0.00642	0.42369	0.04877	0.05003	0.01322	0.20725	0.02883	0.00659	0.00406	0.00126	0.00365	0.04455	0.00354	0.00536
32	0.01190	0.01054	0.01079	0.08341	0.04289	0.13191	0.02367	0.33616	0.25831	0.01741	0.01091	0.01107	0.02428	0.00465	0.00383	0.00119	0.00435	0.00368	0.00329	0.00578

[dist]
# distance from previous block
# <min> <max>
2	4

[block]
# block no. 4 follows, 71 sequences, length 13
# corresponding to MSA columns:
# 314-326
name=unknown_E
#
# <colnr> <probs for GDERKNQSTAVLIFYWHMCP>
#	G	D	E	R	K	N	Q	S	T	A	V	L	I	F	Y	W	H	M	C	P
0	0.00821	0.00579	0.00673	0.00610	0.00760	0.00596	0.00464	0.10452	0.19699	0.08554	0.25554	0.15757	0.08934	0.04165	0.00491	0.00138	0.00264	0.00637	0.00391	0.00459
1	0.00890	0.00880	0.01668	0.19314	0.26024	0.00891	0.33548	0.01182	0.03614	0.03724	0.00838	0.04151	0.00677	0.00385	0.00414	0.00125	0.00526	0.00417	0.00209	0.00524
2	0.01059	0.00884	0.01142	0.23605	0.05992	0.04907	0.05593	0.27652	0.05924	0.04023	0.00889	0.01119	0.00697	0.04734	0.00519	0.00136	0.06018	0.01372	0.03216	0.00519
3	0.00691	0.00642	0.03707	0.00611	0.00781	0.00639	0.00490	0.01214	0.35396	0.01288	0.04984	0.07187	0.36262	0.00757	0.00454	0.00132	0.03322	0.00628	0.00358	0.00455
4	0.00553	0.00403	0.00501	0.00505	0.00601	0.00373	0.00386	0.00718	0.02757	0.02679	0.39692	0.14492	0.21238	0.00902	0.00462	0.00134	0.00217	0.11243	0.01790	0.00355
5	0.01803	0.00843	0.01190	0.12272	0.10398	0.08763	0.15053	0.07221	0.03180	0.04154	0.02774	0.03544	0.03388	0.03647	0.11392	0.00194	0.04467	0.01841	0.00241	0.03635
6	0.00942	0.03489	0.01480	0.20770	0.52045	0.02648	0.05314	0.06465	0.00913	0.01249	0.00720	0.00953	0.00582	0.00358	0.00380	0.00117	0.00479	0.00341	0.00198	0.00558
7	0.00622	0.00431	0.00534	0.00527	0.00610	0.00421	0.00382	0.03488	0.00853	0.06538	0.15877	0.28952	0.20187	0.10233	0.04736	0.00186	0.03955	0.00768	0.00347	0.00354
8	0.00664	0.00506	0.00537	0.00512	0.00577	0.03422	0.00341	0.05708	0.08158	0.01058	0.11448	0.07829	0.06797	0.49343	0.01291	0.00265	0.00336	0.00590	0.00293	0.00325
9	0.03941	0.02591	0.01053	0.03875	0.01135	0.05407	0.09244	0.24363	0.09704	0.14073	0.02243	0.11356	0.02941	0.00583	0.00406	0.00127	0.00397	0.05685	0.00346	0.00533
10	0.08155	0.00834	0.01163	0.14293	0.14918	0.05119	0.11557	0.03084	0.07228	0.01277	0.01867	0.03934	0.00707	0.00387	0.00357	0.00105	0.00419	0.00348	0.00230	0.24020
11	0.00541	0.00414	0.00498	0.00535	0.00598	0.01913	0.00381	0.00693	0.05226	0.01132	0.19761	0.44156	0.09805	0.06592	0.00568	0.00159	0.00242	0.06087	0.00361	0.00339
12	0.03634	0.19976	0.14160	0.05918	0.15315	0.04469	0.05365	0.07515	0.02233	0.03111	0.02337	0.00886	0.00627	0.00411	0.01946	0.00113	0.00458	0.00298	0.00215	0.11015

[dist]
# distance from previous block
# <min> <max>
0	3

[block]
# block no. 5 follows, 71 sequences, length 11
# corresponding to MSA columns:
# 330-340
name=unknown_F
#
# <colnr> <probs for GDERKNQSTAVLIFYWHMCP>
#	G	D	E	R	K	N	Q	S	T	A	V	L	I	F	Y	W	H	M	C	P
0	0.12062	0.06411	0.13364	0.03803	0.08153	0.05329	0.06274	0.04032	0.03212	0.05998	0.03024	0.01231	0.07421	0.05426	0.00468	0.00127	0.02848	0.00361	0.00244	0.10214
1	0.00801	0.00557	0.00695	0.00636	0.00787	0.00563	0.03737	0.02585	0.22257	0.11108	0.14179	0.21915	0.10565	0.00762	0.00428	0.00132	0.00268	0.02568	0.05003	0.00454
2	0.00604	0.00528	0.03640	0.03036	0.06046	0.00461	0.00461	0.03068	0.03721	0.02775	0.29986	0.02834	0.37893	0.02685	0.00471	0.00130	0.00245	0.00669	0.00356	0.00389
3	0.05093	0.03704	0.26140	0.08539	0.21260	0.03141	0.05062	0.06874	0.04119	0.06861	0.03162	0.00979	0.00677	0.00397	0.00390	0.00119	0.02370	0.00333	0.00228	0.00553
4	0.00934	0.00942	0.03954	0.12853	0.48047	0.08844	0.02774	0.03286	0.00894	0.02559	0.00879	0.08523	0.00798	0.00452	0.00392	0.00120	0.00467	0.02533	0.00216	0.00534
5	0.00564	0.00369	0.00423	0.00423	0.00423	0.00369	0.00238	0.00554	0.00554	0.00739	0.01177	0.02431	0.01352	0.81586	0.01925	0.05500	0.00369	0.00545	0.00229	0.00229
6	0.01050	0.62201	0.05877	0.05747	0.01179	0.13634	0.03533	0.01200	0.00829	0.00938	0.00566	0.00674	0.00496	0.00343	0.00282	0.00091	0.00473	0.00231	0.00170	0.00486
7	0.09175	0.05640	0.16521	0.09240	0.18037	0.06601	0.08487	0.04482	0.06375	0.04884	0.02398	0.02192	0.00679	0.00406	0.00394	0.00120	0.03273	0.00341	0.00226	0.00528
8	0.00491	0.00353	0.00455	0.00521	0.00557	0.00331	0.00358	0.00568	0.00757	0.01003	0.06909	0.60613	0.08254	0.10167	0.00642	0.00176	0.00243	0.06944	0.00347	0.00310
9	0.00502	0.00367	0.00469	0.00529	0.00576	0.00347	0.00369	0.00617	0.03183	0.01065	0.11366	0.59062	0.09302	0.04725	0.00544	0.00159	0.00232	0.05901	0.00359	0.00326
10	0.06515	0.02475	0.17323	0.06619	0.22714	0.03033	0.04769	0.03168	0.04818	0.05263	0.05468	0.03421	0.00888	0.08152	0.00549	0.00144	0.03553	0.00387	0.00235	0.00507

[dist]
# distance from previous block
# <min> <max>
0	1

[block]
# block no. 6 follows, 71 sequences, length 45
# corresponding to MSA columns:
# 342-386
name=unknown_G
#
# <colnr> <probs for GDERKNQSTAVLIFYWHMCP>
#	G	D	E	R	K	N	Q	S	T	A	V	L	I	F	Y	W	H	M	C	P
0	0.03527	0.13118	0.29551	0.03537	0.01276	0.14540	0.00905	0.11943	0.04165	0.01289	0.00896	0.05785	0.03361	0.00448	0.00352	0.00112	0.00483	0.00341	0.00228	0.04141
1	0.05969	0.00411	0.00448	0.00449	0.00566	0.00371	0.00333	0.00676	0.00865	0.05113	0.12362	0.20198	0.46297	0.00919	0.00438	0.00131	0.00211	0.00782	0.03114	0.00348
2	0.02272	0.00509	0.00559	0.00501	0.00670	0.00475	0.00390	0.06339	0.06968	0.13291	0.10215	0.02791	0.48870	0.00787	0.00424	0.00125	0.00236	0.00653	0.03504	0.00420
3	0.02298	0.06942	0.07707	0.00806	0.01027	0.03462	0.13632	0.04701	0.09025	0.03589	0.03359	0.03789	0.13691	0.05640	0.18369	0.00240	0.00540	0.00475	0.00265	0.00443
4	0.08370	0.29319	0.01331	0.03767	0.01098	0.15758	0.00670	0.25699	0.04521	0.01481	0.00736	0.00801	0.00582	0.00396	0.00315	0.00102	0.00443	0.00275	0.03815	0.00522
5	0.00527	0.00391	0.00470	0.00504	0.00579	0.00361	0.00361	0.03491	0.00842	0.01911	0.08084	0.44189	0.27216	0.04409	0.00531	0.00153	0.00232	0.05060	0.00358	0.00333
6	0.00629	0.00495	0.00574	0.00565	0.00669	0.00510	0.00412	0.01009	0.23836	0.01299	0.25287	0.24638	0.10229	0.07390	0.00559	0.00153	0.00242	0.00727	0.00375	0.00403
7	0.00867	0.14139	0.66394	0.01007	0.01519	0.00981	0.01250	0.04430	0.00854	0.04159	0.00704	0.00803	0.00510	0.00367	0.00349	0.00115	0.00530	0.00278	0.00182	0.00562
8	0.02674	0.00561	0.00676	0.00582	0.00758	0.00533	0.00452	0.11454	0.01034	0.27249	0.11524	0.07588	0.17711	0.11504	0.00613	0.00157	0.00295	0.03786	0.00386	0.00463
9	0.00685	0.00449	0.00555	0.00536	0.00651	0.00424	0.00400	0.00907	0.08923	0.10813	0.32022	0.24320	0.15048	0.00863	0.00449	0.00132	0.00224	0.01802	0.00397	0.00400
10	0.04321	0.00822	0.03985	0.41346	0.36072	0.00872	0.01075	0.01118	0.02303	0.03418	0.00731	0.00985	0.00570	0.00369	0.00376	0.00121	0.00473	0.00337	0.00193	0.00514
11	0.02715	0.09923	0.20873	0.00814	0.02660	0.00893	0.00780	0.15701	0.15210	0.09939	0.09165	0.01243	0.02179	0.00469	0.00364	0.00115	0.00382	0.00374	0.05650	0.00551
12	0.42727	0.03467	0.27555	0.02994	0.04565	0.03109	0.04096	0.02764	0.01912	0.01459	0.00627	0.00744	0.00475	0.00367	0.00320	0.00119	0.01748	0.00259	0.00209	0.00486
13	0.01317	0.06185	0.01244	0.06591	0.01343	0.67569	0.08036	0.01448	0.01033	0.00965	0.00612	0.00740	0.00503	0.00384	0.00352	0.00103	0.00661	0.00269	0.00194	0.00452
14	0.00730	0.00587	0.00756	0.04552	0.03768	0.03015	0.05604	0.04220	0.08321	0.03512	0.05059	0.06395	0.09435	0.26772	0.09976	0.00251	0.01927	0.00527	0.01935	0.02658
15	0.10418	0.04625	0.18489	0.00853	0.01191	0.01012	0.01935	0.41287	0.03675	0.05740	0.00977	0.02839	0.02584	0.00465	0.00367	0.00119	0.00423	0.02111	0.00313	0.00579
16	0.00519	0.00376	0.00452	0.00515	0.00558	0.01999	0.00354	0.00591	0.00753	0.01006	0.02132	0.60331	0.11340	0.03867	0.00550	0.03291	0.00239	0.03819	0.06995	0.00313
17	0.00601	0.00407	0.00496	0.00481	0.00581	0.00368	0.00351	0.01557	0.00926	0.06992	0.33403	0.18372	0.24114	0.07824	0.00573	0.00149	0.00221	0.00756	0.00378	0.01450
18	0.00564	0.00425	0.00476	0.00470	0.00554	0.01903	0.00336	0.00681	0.02299	0.02407	0.21062	0.10378	0.28829	0.18589	0.03400	0.00194	0.01450	0.01695	0.03960	0.00328
19	0.00820	0.00808	0.01212	0.50182	0.25798	0.06714	0.01023	0.01047	0.00827	0.01059	0.00897	0.01154	0.06027	0.00411	0.00384	0.00122	0.00487	0.00365	0.00190	0.00473
20	0.00559	0.00388	0.00480	0.00503	0.00566	0.00368	0.00351	0.00671	0.04134	0.03201	0.15300	0.34902	0.14990	0.13015	0.00741	0.05759	0.00249	0.03159	0.00342	0.00323
21	0.00855	0.00454	0.00556	0.00497	0.00618	0.00412	0.00358	0.00948	0.00859	0.23745	0.15684	0.04133	0.16435	0.29783	0.00939	0.00207	0.00288	0.00585	0.02255	0.00389
22	0.02780	0.00871	0.01453	0.08993	0.64346	0.00884	0.03592	0.01241	0.03806	0.07143	0.00802	0.00993	0.00639	0.00361	0.00380	0.00117	0.00448	0.00349	0.00217	0.00589
23	0.00500	0.00395	0.00428	0.00416	0.00540	0.00338	0.00313	0.00618	0.00928	0.02886	0.22390	0.03449	0.63623	0.00917	0.00452	0.00127	0.00194	0.00774	0.00374	0.00339
24	0.00478	0.00380	0.00433	0.00451	0.00549	0.00335	0.00333	0.00586	0.00872	0.01102	0.15576	0.20983	0.49561	0.01032	0.02116	0.00145	0.00221	0.04156	0.00363	0.00328
25	0.00877	0.29535	0.35324	0.00916	0.01304	0.01982	0.06512	0.01209	0.06616	0.02005	0.02440	0.04755	0.00705	0.00421	0.00376	0.00113	0.03865	0.00327	0.00199	0.00520
26	0.00647	0.00440	0.00611	0.05332	0.03194	0.00467	0.00452	0.00751	0.02511	0.04757	0.06840	0.12237	0.03417	0.16110	0.24357	0.10257	0.02055	0.01392	0.03837	0.00335
27	0.00791	0.09418	0.77300	0.01055	0.01600	0.00945	0.01350	0.01208	0.00807	0.01187	0.00674	0.00792	0.00486	0.00361	0.00354	0.00118	0.00553	0.00276	0.00162	0.00560
28	0.00922	0.11083	0.49116	0.04373	0.01442	0.03914	0.01094	0.05195	0.08511	0.06753	0.00915	0.00979	0.03236	0.00408	0.00359	0.00117	0.00492	0.00316	0.00222	0.00554
29	0.00875	0.06230	0.04864	0.39389	0.15264	0.08617	0.01781	0.01924	0.06727	0.02423	0.04234	0.01110	0.02194	0.00413	0.00373	0.00119	0.00471	0.00353	0.02160	0.00481
30	0.00797	0.01722	0.66666	0.01095	0.01590	0.00861	0.09938	0.01188	0.00812	0.03609	0.00770	0.02792	0.00591	0.03874	0.00457	0.00134	0.02044	0.00334	0.00182	0.00542
31	0.01015	0.83325	0.05350	0.00674	0.01011	0.01492	0.00687	0.01151	0.00780	0.00915	0.00539	0.00623	0.00492	0.00329	0.00251	0.00084	0.00416	0.00208	0.00164	0.00495
32	0.00632	0.00480	0.01629	0.00728	0.07286	0.00452	0.02027	0.00804	0.05741	0.04926	0.06136	0.41182	0.08639	0.06166	0.00557	0.00160	0.00284	0.11451	0.00340	0.00379
33	0.00913	0.00933	0.06886	0.14496	0.59837	0.02137	0.01124	0.01150	0.00858	0.03334	0.00787	0.03330	0.00666	0.00386	0.00384	0.00118	0.00464	0.01431	0.00199	0.00565
34	0.00631	0.00426	0.00497	0.00481	0.00587	0.00396	0.00353	0.00757	0.02978	0.08863	0.13043	0.16371	0.35975	0.10063	0.00627	0.00157	0.02725	0.00731	0.03980	0.00359
35	0.03547	0.03220	0.07269	0.05429	0.11867	0.03116	0.06240	0.17092	0.05595	0.07425	0.07609	0.04643	0.08258	0.00560	0.00403	0.00124	0.00397	0.06384	0.00307	0.00515
36	0.00866	0.06187	0.01833	0.00644	0.02550	0.00536	0.02020	0.03766	0.02357	0.19738	0.10348	0.29563	0.08896	0.04282	0.00494	0.00143	0.00289	0.04690	0.00364	0.00435
37	0.00764	0.00591	0.00721	0.00685	0.02059	0.02080	0.03405	0.06737	0.17542	0.04517	0.09967	0.11695	0.13824	0.04161	0.04006	0.03041	0.00338	0.13093	0.00347	0.00429
38	0.00911	0.02462	0.09973	0.25083	0.10068	0.14192	0.08675	0.02737	0.08005	0.01133	0.00865	0.04496	0.00735	0.00463	0.00437	0.00126	0.05082	0.03858	0.00216	0.00484
39	0.01164	0.03916	0.10354	0.02206	0.12230	0.29887	0.07472	0.17099	0.02583	0.01330	0.00757	0.02465	0.00613	0.00503	0.03435	0.00131	0.02773	0.00326	0.00233	0.00523
40	0.00537	0.00390	0.00464	0.00491	0.00565	0.00359	0.00345	0.02987	0.00824	0.02883	0.07570	0.39692	0.27974	0.10127	0.00627	0.00167	0.00239	0.03081	0.00350	0.00329
41	0.08177	0.11152	0.04306	0.02302	0.07352	0.04604	0.04298	0.06028	0.00896	0.01208	0.06283	0.13362	0.25487	0.00684	0.00411	0.00123	0.02049	0.00570	0.00285	0.00423
42	0.02328	0.05747	0.13266	0.01152	0.20783	0.00779	0.03866	0.06038	0.10235	0.01936	0.01272	0.20057	0.02403	0.00623	0.00405	0.00129	0.00386	0.06230	0.01863	0.00499
43	0.02112	0.04894	0.08858	0.01128	0.18689	0.09712	0.04264	0.07963	0.12264	0.03187	0.10073	0.04912	0.05354	0.00513	0.00388	0.00118	0.00409	0.01951	0.00282	0.02931
44	0.02659	0.02514	0.04586	0.04383	0.35574	0.05147	0.03421	0.15545	0.04650	0.09350	0.02001	0.02740	0.01739	0.00430	0.00412	0.00118	0.03520	0.00367	0.00266	0.00576

[dist]
# distance from previous block
# <min> <max>
2	88

[block]
# block no. 7 follows, 71 sequences, length 36
# corresponding to MSA columns:
# 484-519
name=unknown_H
#
# <colnr> <probs for GDERKNQSTAVLIFYWHMCP>
#	G	D	E	R	K	N	Q	S	T	A	V	L	I	F	Y	W	H	M	C	P
0	0.34227	0.06768	0.01029	0.00887	0.07997	0.17337	0.06051	0.09783	0.00943	0.04034	0.04947	0.00950	0.00713	0.00412	0.00324	0.00114	0.00427	0.02328	0.00253	0.00477
1	0.00870	0.00806	0.03363	0.07069	0.01130	0.05398	0.05980	0.09232	0.28413	0.01347	0.01249	0.03235	0.03163	0.01035	0.18837	0.00232	0.00536	0.04035	0.00294	0.03776
2	0.02670	0.00694	0.00811	0.00868	0.12807	0.07297	0.02948	0.09372	0.02702	0.04326	0.05124	0.07078	0.28595	0.03653	0.06183	0.00166	0.00387	0.03576	0.00308	0.00434
3	0.08768	0.03706	0.02941	0.00935	0.04703	0.08278	0.16737	0.13028	0.08122	0.02217	0.18700	0.01512	0.04158	0.00508	0.00393	0.00119	0.00406	0.01814	0.02467	0.00488
4	0.06863	0.00707	0.00909	0.03267	0.09877	0.00763	0.05006	0.08111	0.23358	0.05524	0.02256	0.03994	0.03254	0.14401	0.05509	0.00195	0.01764	0.03457	0.00303	0.00484
5	0.00769	0.00742	0.01114	0.71609	0.02369	0.05170	0.00995	0.01037	0.03844	0.01003	0.00715	0.01024	0.00548	0.00464	0.02782	0.00140	0.02768	0.00339	0.00182	0.02388
6	0.09257	0.00720	0.02456	0.09993	0.04846	0.00778	0.00631	0.09786	0.25073	0.04843	0.05588	0.18621	0.02123	0.00632	0.00422	0.00132	0.02746	0.00532	0.00329	0.00494
7	0.00972	0.00919	0.03873	0.05690	0.15046	0.10524	0.15090	0.07063	0.04606	0.08101	0.03197	0.10175	0.05099	0.00602	0.03165	0.00139	0.01312	0.01616	0.00271	0.02542
8	0.00847	0.00805	0.08068	0.08353	0.04239	0.00649	0.03837	0.07784	0.02345	0.04048	0.05453	0.06419	0.00904	0.00425	0.00348	0.00093	0.00352	0.01325	0.01294	0.42412
9	0.00776	0.00766	0.01145	0.79352	0.02533	0.07067	0.01041	0.01020	0.00790	0.00977	0.00675	0.00998	0.00510	0.00384	0.00381	0.00126	0.00524	0.00334	0.00172	0.00427
