[name]
unknown

[dist]
# distance from previous block
# <min> <max>
4	611

[block]
# block no. 0 follows, 66 sequences, length 23
# corresponding to MSA columns:
# 627-649
name=unknown_A
#
# <colnr> <probs for GDERKNQSTAVLIFYWHMCP>
#	G	D	E	R	K	N	Q	S	T	A	V	L	I	F	Y	W	H	M	C	P
0	0.03159	0.07316	0.19514	0.01083	0.07108	0.07996	0.09866	0.14821	0.04767	0.03573	0.05122	0.02510	0.03712	0.01481	0.01316	0.00132	0.00497	0.02360	0.00274	0.03393
1	0.02385	0.34346	0.11152	0.03002	0.03401	0.11881	0.07880	0.03326	0.07703	0.05683	0.02822	0.00927	0.00705	0.00402	0.00345	0.00108	0.00492	0.00310	0.00235	0.02894
2	0.00582	0.00394	0.00461	0.00466	0.00476	0.00395	0.00276	0.00604	0.00632	0.00852	0.05082	0.08417	0.01641	0.71203	0.06572	0.00380	0.00413	0.00627	0.00263	0.00265
3	0.00918	0.05440	0.54300	0.03476	0.02958	0.00952	0.12132	0.04508	0.00917	0.05355	0.00813	0.00983	0.00599	0.02969	0.00444	0.00135	0.00569	0.00341	0.01613	0.00579
4	0.00499	0.00398	0.00447	0.00464	0.00567	0.00346	0.00337	0.00609	0.00927	0.01170	0.16803	0.23048	0.50851	0.01052	0.00488	0.00142	0.00210	0.00906	0.00388	0.00346
5	0.00519	0.00379	0.00478	0.00547	0.00586	0.00358	0.00367	0.00621	0.03249	0.01050	0.04068	0.66341	0.09335	0.09268	0.00658	0.00183	0.00250	0.01044	0.00367	0.00333
6	0.03885	0.02687	0.02439	0.00904	0.01217	0.04562	0.00750	0.61428	0.10078	0.06382	0.01038	0.01024	0.00743	0.00484	0.00398	0.00122	0.00439	0.00365	0.00391	0.00665
7	0.01134	0.00864	0.00936	0.00819	0.01064	0.00974	0.00644	0.06398	0.68548	0.11420	0.01609	0.01469	0.01181	0.00541	0.00412	0.00135	0.00331	0.00448	0.00423	0.00650
8	0.00517	0.00400	0.00469	0.00504	0.00594	0.00359	0.00372	0.00623	0.00886	0.01122	0.09739	0.27447	0.40107	0.04942	0.00572	0.00162	0.00241	0.10226	0.00376	0.00341
9	0.00767	0.00720	0.01212	0.79636	0.05520	0.00888	0.01111	0.01031	0.00814	0.01047	0.00764	0.03365	0.00602	0.00428	0.00409	0.00135	0.00531	0.00382	0.00186	0.00454
10	0.00585	0.00429	0.00636	0.00636	0.00702	0.00495	0.00487	0.00710	0.00644	0.00924	0.01081	0.01634	0.01026	0.07269	0.76516	0.04200	0.01021	0.00439	0.00217	0.00349
11	0.01050	0.79844	0.04331	0.00695	0.01039	0.01531	0.00700	0.01189	0.00830	0.00970	0.00726	0.00801	0.04179	0.00378	0.00274	0.00090	0.00428	0.00248	0.00182	0.00515
12	0.00886	0.00749	0.00880	0.03591	0.01046	0.00602	0.00523	0.06533	0.00913	0.01396	0.00738	0.00859	0.00605	0.00317	0.00311	0.00067	0.00319	0.00253	0.00250	0.79160
13	0.11059	0.01085	0.03092	0.05543	0.07996	0.20066	0.04204	0.12493	0.04641	0.04752	0.02020	0.07430	0.00887	0.06385	0.00542	0.00144	0.04091	0.00413	0.02653	0.00503
14	0.00580	0.00465	0.04179	0.00578	0.00639	0.00399	0.00418	0.00686	0.02728	0.03042	0.01970	0.54932	0.04010	0.19540	0.00844	0.00211	0.00295	0.03800	0.00343	0.00342
15	0.04051	0.04362	0.00993	0.00813	0.01047	0.04647	0.00643	0.19849	0.31631	0.06775	0.01419	0.03973	0.03890	0.02194	0.10209	0.00200	0.00471	0.00451	0.00375	0.02010
16	0.05796	0.03703	0.06455	0.10947	0.09978	0.06178	0.05909	0.07655	0.08379	0.04138	0.07033	0.04489	0.03041	0.03113	0.00548	0.00140	0.08827	0.01607	0.00276	0.01787
17	0.11539	0.00808	0.01725	0.00762	0.03072	0.05902	0.02024	0.17982	0.08028	0.03758	0.10442	0.08542	0.06786	0.02991	0.01652	0.02306	0.01518	0.03267	0.02665	0.04234
18	0.07346	0.04324	0.06817	0.01722	0.06983	0.08893	0.01518	0.09622	0.17430	0.03618	0.05840	0.05314	0.03248	0.06730	0.00508	0.00140	0.00404	0.00431	0.00308	0.08807
19	0.03158	0.05518	0.03394	0.08037	0.01151	0.01835	0.02863	0.13767	0.03133	0.08177	0.08566	0.10389	0.03228	0.00554	0.00390	0.00113	0.00363	0.01633	0.00319	0.23412
20	0.05463	0.13760	0.02395	0.05494	0.11724	0.08782	0.01572	0.12612	0.06293	0.03751	0.01849	0.05551	0.04926	0.03274	0.00431	0.00125	0.00426	0.02431	0.00279	0.08863
21	0.07292	0.10315	0.03048	0.00890	0.07031	0.03007	0.06039	0.15268	0.05587	0.05558	0.04381	0.06912	0.07585	0.09291	0.01819	0.00161	0.01772	0.01566	0.01975	0.00503
22	0.06959	0.01974	0.13702	0.02053	0.03698	0.03376	0.04004	0.11091	0.02515	0.09014	0.05321	0.07227	0.08890	0.06315	0.04934	0.00172	0.02470	0.00480	0.00303	0.05503

[dist]
# distance from previous block
# <min> <max>
0	108

[block]
# block no. 1 follows, 66 sequences, length 28
# corresponding to MSA columns:
# 779-806
name=unknown_B
#
# <colnr> <probs for GDERKNQSTAVLIFYWHMCP>
#	G	D	E	R	K	N	Q	S	T	A	V	L	I	F	Y	W	H	M	C	P
0	0.02331	0.11632	0.06143	0.03604	0.12453	0.05519	0.00741	0.06131	0.09441	0.05723	0.04158	0.09048	0.01892	0.05302	0.04356	0.03824	0.02478	0.04442	0.00284	0.00499
1	0.01109	0.21952	0.14400	0.00991	0.06929	0.05757	0.05881	0.11219	0.02038	0.09351	0.01624	0.05901	0.00784	0.00504	0.02142	0.00123	0.00476	0.00365	0.00264	0.08190
2	0.00677	0.03466	0.02197	0.00565	0.00705	0.00513	0.00437	0.06759	0.05478	0.04008	0.15529	0.25778	0.30470	0.00944	0.00469	0.00140	0.00256	0.00814	0.00385	0.00410
3	0.00873	0.10647	0.02623	0.01852	0.04666	0.05956	0.02240	0.05941	0.07130	0.03472	0.01331	0.03672	0.08023	0.21213	0.10322	0.00247	0.03769	0.01969	0.00270	0.03786
4	0.00917	0.02285	0.03635	0.04173	0.17835	0.03796	0.02290	0.10100	0.00922	0.03808	0.00982	0.01351	0.01778	0.10618	0.19744	0.00269	0.03870	0.00396	0.03518	0.07712
5	0.01084	0.10248	0.18663	0.07087	0.06505	0.10566	0.06796	0.18349	0.01108	0.02872	0.02704	0.02859	0.00757	0.03669	0.04083	0.00154	0.01326	0.00369	0.00252	0.00550
6	0.00906	0.00923	0.01018	0.40625	0.03090	0.19174	0.00836	0.01124	0.03840	0.01066	0.00956	0.09905	0.00876	0.06766	0.00522	0.00146	0.00509	0.00438	0.03574	0.03707
7	0.00583	0.00396	0.00447	0.00447	0.00459	0.00392	0.00258	0.00597	0.00624	0.00828	0.03405	0.02715	0.06313	0.76981	0.03665	0.00377	0.00392	0.00606	0.00258	0.00257
8	0.00565	0.00382	0.00465	0.00498	0.00510	0.00375	0.00309	0.00589	0.00659	0.00879	0.01588	0.29529	0.01853	0.51148	0.03189	0.03593	0.00354	0.02950	0.00289	0.00276
9	0.00510	0.00360	0.00466	0.00545	0.00565	0.00340	0.00355	0.00569	0.00746	0.00995	0.02080	0.72016	0.02487	0.15000	0.00769	0.00202	0.00261	0.01062	0.00355	0.00316
10	0.00569	0.00380	0.00495	0.00549	0.00583	0.00365	0.00366	0.00636	0.00752	0.03988	0.03615	0.58174	0.02289	0.18946	0.06099	0.00241	0.00325	0.00955	0.00345	0.00328
11	0.16944	0.19970	0.08382	0.10323	0.06040	0.02737	0.02624	0.07042	0.00882	0.01351	0.00665	0.00820	0.00542	0.00397	0.00402	0.00112	0.07109	0.00281	0.00218	0.13160
12	0.00896	0.08177	0.43810	0.04341	0.01524	0.06622	0.07766	0.01220	0.00860	0.04466	0.00847	0.04064	0.00691	0.02178	0.08880	0.00184	0.02372	0.00363	0.00204	0.00535
13	0.00899	0.00922	0.01435	0.01173	0.01242	0.01206	0.14404	0.01030	0.00678	0.01030	0.00581	0.00922	0.00546	0.00649	0.01189	0.00171	0.70903	0.00376	0.00182	0.00461
14	0.00625	0.00458	0.00628	0.00604	0.00696	0.00462	0.02953	0.00784	0.03418	0.03477	0.21016	0.13829	0.11233	0.10071	0.21886	0.02060	0.01446	0.03650	0.00332	0.00370
15	0.01080	0.08115	0.16873	0.02895	0.13713	0.12037	0.14951	0.02946	0.02489	0.08882	0.02651	0.02994	0.02172	0.00454	0.00462	0.00126	0.05977	0.00386	0.00241	0.00556
16	0.00775	0.00731	0.01234	0.81574	0.05915	0.00904	0.01131	0.01045	0.00816	0.01048	0.00723	0.01079	0.00545	0.00404	0.00405	0.00135	0.00539	0.00361	0.00181	0.00458
17	0.00535	0.00403	0.00496	0.00556	0.00616	0.00383	0.00389	0.00682	0.05849	0.01097	0.03829	0.58163	0.17058	0.03815	0.00554	0.00166	0.00245	0.04438	0.00376	0.00351
18	0.01116	0.02284	0.01419	0.10988	0.22842	0.29430	0.12409	0.01377	0.06268	0.01188	0.02577	0.04630	0.00778	0.00444	0.00406	0.00122	0.00575	0.00390	0.00228	0.00528
19	0.00654	0.00476	0.02190	0.06934	0.02055	0.00460	0.00459	0.00756	0.00767	0.06026	0.06926	0.23754	0.07015	0.25852	0.13572	0.00294	0.00446	0.00701	0.00305	0.00356
20	0.02651	0.00867	0.00998	0.00812	0.01095	0.00912	0.00660	0.24546	0.26630	0.31510	0.01442	0.01397	0.01022	0.00531	0.00412	0.00130	0.00367	0.02917	0.00440	0.00662
21	0.04167	0.00486	0.00612	0.02180	0.00748	0.00477	0.00466	0.03801	0.00913	0.11683	0.07829	0.35991	0.09909	0.04833	0.00570	0.00163	0.02224	0.10315	0.02227	0.00405
22	0.04273	0.12305	0.18821	0.08914	0.12455	0.04338	0.09447	0.13491	0.02680	0.06630	0.00848	0.01018	0.00649	0.00416	0.00386	0.00123	0.00511	0.01863	0.00249	0.00581
23	0.00669	0.00449	0.00607	0.00627	0.03642	0.00470	0.00422	0.00756	0.00688	0.05892	0.02981	0.05120	0.03046	0.36313	0.36055	0.00456	0.00669	0.00535	0.00259	0.00344
24	0.00582	0.00392	0.00443	0.00447	0.00453	0.00389	0.00254	0.00589	0.00610	0.00809	0.01423	0.06256	0.04518	0.79009	0.01940	0.00374	0.00380	0.00624	0.00256	0.00253
25	0.21369	0.05612	0.11039	0.03825	0.11550	0.07984	0.07016	0.03761	0.04536	0.01358	0.00751	0.00926	0.01793	0.00475	0.00541	0.02149	0.14258	0.00325	0.00222	0.00510
26	0.05241	0.00474	0.01834	0.07389	0.00784	0.00477	0.00452	0.01906	0.00674	0.00947	0.02920	0.12290	0.06397	0.09231	0.03148	0.40614	0.02178	0.00511	0.00237	0.02295
27	0.11534	0.18030	0.01990	0.06373	0.02875	0.23932	0.05808	0.01296	0.03473	0.03662	0.00838	0.08070	0.00752	0.00460	0.00351	0.00110	0.00490	0.00355	0.00237	0.09362

[dist]
# distance from previous block
# <min> <max>
1	17

[block]
# block no. 2 follows, 66 sequences, length 16
# corresponding to MSA columns:
# 824-839
name=unknown_C
#
# <colnr> <probs for GDERKNQSTAVLIFYWHMCP>
#	G	D	E	R	K	N	Q	S	T	A	V	L	I	F	Y	W	H	M	C	P
0	0.00536	0.00419	0.00484	0.00493	0.00592	0.00378	0.00353	0.00668	0.03091	0.01159	0.15245	0.25413	0.36134	0.07546	0.02231	0.00170	0.00250	0.00855	0.00370	0.03612
1	0.02743	0.11596	0.04716	0.00882	0.04122	0.04611	0.00719	0.22082	0.28129	0.01709	0.01069	0.01072	0.00816	0.00449	0.00369	0.00113	0.00399	0.00349	0.00326	0.13729
2	0.00908	0.07030	0.15490	0.08146	0.04294	0.00792	0.03283	0.04468	0.04622	0.05479	0.01394	0.11449	0.06410	0.08943	0.06243	0.00201	0.00487	0.02341	0.00296	0.07724
3	0.03685	0.17828	0.12076	0.05209	0.08013	0.04784	0.06559	0.12108	0.04305	0.03170	0.00832	0.04118	0.00694	0.00503	0.01980	0.00130	0.07714	0.00354	0.00243	0.05697
4	0.00832	0.10417	0.15028	0.00885	0.04915	0.04017	0.05171	0.02215	0.02706	0.05077	0.04637	0.19665	0.03457	0.08610	0.03967	0.00180	0.04125	0.03355	0.00278	0.00461
5	0.00518	0.00375	0.00464	0.00522	0.00564	0.00350	0.00351	0.00588	0.00781	0.01022	0.04775	0.51951	0.14992	0.17171	0.00804	0.00203	0.00264	0.03633	0.00354	0.00319
6	0.00575	0.00397	0.00526	0.03689	0.00684	0.00388	0.00417	0.00668	0.00789	0.02913	0.04504	0.51347	0.04591	0.12020	0.04460	0.00211	0.00315	0.07619	0.03547	0.00340
7	0.04839	0.12332	0.17555	0.05716	0.08649	0.08700	0.06684	0.06513	0.10179	0.05275	0.01004	0.02820	0.01849	0.00491	0.00434	0.00135	0.02745	0.00380	0.00277	0.03422
8	0.00956	0.00938	0.06002	0.03022	0.27091	0.05664	0.15944	0.01173	0.00916	0.08327	0.01260	0.12590	0.06428	0.00660	0.03740	0.00154	0.03822	0.00520	0.00261	0.00532
9	0.00492	0.00361	0.00463	0.00544	0.00583	0.00331	0.00367	0.00567	0.00797	0.01044	0.02489	0.74470	0.13527	0.01238	0.00513	0.00161	0.00231	0.01113	0.00377	0.00331
10	0.00741	0.03769	0.00780	0.03330	0.05981	0.07419	0.02062	0.05154	0.04712	0.01305	0.19462	0.12504	0.27742	0.00859	0.02244	0.00143	0.00331	0.00687	0.00350	0.00425
11	0.01006	0.09855	0.21875	0.07108	0.05767	0.07612	0.10841	0.06482	0.04277	0.06067	0.00957	0.06730	0.00808	0.00572	0.03100	0.00145	0.03849	0.02160	0.00245	0.00543
12	0.02970	0.00793	0.00929	0.00737	0.01019	0.05056	0.00600	0.12509	0.05274	0.54228	0.04558	0.01360	0.01051	0.00507	0.00397	0.00122	0.00361	0.00405	0.06487	0.00639
13	0.00515	0.00386	0.00475	0.00528	0.00594	0.00352	0.00376	0.00613	0.00859	0.01116	0.10793	0.45560	0.24370	0.04447	0.00567	0.00164	0.00240	0.07328	0.00378	0.00339
14	0.02821	0.03196	0.13844	0.04603	0.04538	0.00760	0.04949	0.08115	0.04827	0.07141	0.05268	0.01350	0.03147	0.02887	0.03684	0.00139	0.00430	0.02782	0.02526	0.22992
15	0.07220	0.11258	0.13050	0.04480	0.04829	0.04727	0.06166	0.09194	0.04257	0.01409	0.06054	0.08984	0.03395	0.00528	0.00395	0.00120	0.01769	0.00436	0.05533	0.06196

[dist]
# distance from previous block
# <min> <max>
0	30

[block]
# block no. 3 follows, 66 sequences, length 20
# corresponding to MSA columns:
# 870-889
name=unknown_D
#
# <colnr> <probs for GDERKNQSTAVLIFYWHMCP>
#	G	D	E	R	K	N	Q	S	T	A	V	L	I	F	Y	W	H	M	C	P
0	0.05317	0.07167	0.03957	0.06976	0.17611	0.00774	0.04009	0.03894	0.05486	0.05854	0.15867	0.14422	0.02627	0.00626	0.00419	0.00129	0.00369	0.01419	0.00311	0.02768
1	0.01061	0.09624	0.07211	0.08329	0.11763	0.04468	0.01952	0.17760	0.11514	0.04556	0.01943	0.08886	0.00957	0.02709	0.02952	0.00148	0.01762	0.00438	0.00295	0.01672
2	0.01005	0.04680	0.06388	0.07157	0.14880	0.08408	0.09903	0.08200	0.11310	0.03603	0.02801	0.06909	0.03008	0.00578	0.02400	0.00140	0.02276	0.01700	0.02592	0.02061
3	0.01082	0.00724	0.00836	0.01813	0.03026	0.01597	0.00544	0.13044	0.09427	0.14878	0.05551	0.01420	0.05809	0.00487	0.00367	0.00104	0.00315	0.00396	0.14017	0.24563
4	0.00677	0.00502	0.00721	0.00700	0.00762	0.00590	0.00544	0.00792	0.00691	0.04739	0.01212	0.13670	0.01217	0.04296	0.49290	0.02727	0.13733	0.02508	0.00251	0.00378
5	0.00953	0.00912	0.01555	0.20024	0.66073	0.00951	0.01220	0.01201	0.00900	0.01264	0.00754	0.01021	0.00621	0.00371	0.00403	0.00124	0.00495	0.00361	0.00196	0.00602
6	0.00561	0.00423	0.00531	0.00571	0.00668	0.00392	0.00454	0.00706	0.00950	0.01232	0.18614	0.16224	0.27235	0.01058	0.00513	0.00157	0.00266	0.28697	0.00389	0.00359
7	0.00780	0.00735	0.01241	0.80145	0.07311	0.00905	0.01133	0.01048	0.00818	0.01053	0.00723	0.01077	0.00547	0.00403	0.00405	0.00134	0.00538	0.00361	0.00181	0.00461
8	0.05482	0.00454	0.00541	0.00537	0.00644	0.00437	0.00395	0.00847	0.05094	0.05940	0.29308	0.26227	0.14555	0.02229	0.02062	0.00152	0.00248	0.00790	0.03666	0.00393
9	0.00572	0.00496	0.04329	0.00607	0.00691	0.00432	0.00454	0.02371	0.06956	0.01149	0.04138	0.63343	0.09417	0.01127	0.00498	0.00157	0.00261	0.02254	0.00372	0.00376
10	0.00595	0.00414	0.00508	0.00504	0.00596	0.00379	0.00364	0.00717	0.00938	0.05149	0.30710	0.18853	0.23763	0.10016	0.04483	0.00189	0.00273	0.00802	0.00386	0.00361
11	0.05065	0.05098	0.01286	0.01145	0.11839	0.17864	0.04775	0.32393	0.04136	0.04615	0.00871	0.00987	0.00676	0.02621	0.01590	0.00134	0.03668	0.00347	0.00301	0.00588
12	0.05013	0.01962	0.01190	0.08259	0.23311	0.05285	0.07810	0.04863	0.00935	0.07066	0.02583	0.18632	0.01178	0.01747	0.00486	0.00139	0.03895	0.02845	0.01200	0.01601
13	0.05327	0.27446	0.09879	0.00962	0.05085	0.12234	0.05876	0.14210	0.05768	0.03507	0.03106	0.01005	0.03068	0.00433	0.00355	0.00112	0.00483	0.00330	0.00258	0.00555
14	0.77462	0.00817	0.00652	0.00581	0.00818	0.03006	0.00474	0.04186	0.00748	0.01774	0.00631	0.03262	0.00522	0.00421	0.00305	0.00128	0.03251	0.00259	0.00257	0.00446
15	0.01053	0.11873	0.11181	0.04874	0.14581	0.06887	0.07343	0.14484	0.05425	0.02335	0.10243	0.01184	0.01001	0.00460	0.00417	0.00120	0.02654	0.00383	0.00271	0.03233
16	0.00662	0.00443	0.00569	0.00574	0.00676	0.00418	0.00441	0.02131	0.00966	0.06942	0.25521	0.18467	0.15605	0.04732	0.05262	0.00187	0.00309	0.15318	0.00391	0.00384
17	0.05889	0.03839	0.06358	0.25784	0.31039	0.07324	0.01042	0.01268	0.06042	0.03176	0.03864	0.01082	0.00745	0.00413	0.00390	0.00125	0.00490	0.00358	0.00225	0.00547
18	0.00597	0.00437	0.00494	0.00481	0.00599	0.00398	0.00356	0.00768	0.04692	0.04100	0.23426	0.08292	0.41362	0.06412	0.00571	0.00151	0.00228	0.01939	0.04323	0.00373
19	0.00832	0.04856	0.62889	0.01094	0.01605	0.00927	0.06231	0.02984	0.03910	0.01349	0.08703	0.01100	0.00870	0.00432	0.00397	0.00128	0.00546	0.00357	0.00214	0.00576

[dist]
# distance from previous block
# <min> <max>
0	2

[block]
# block no. 4 follows, 66 sequences, length 8
# corresponding to MSA columns:
# 892-899
name=unknown_E
#
# <colnr> <probs for GDERKNQSTAVLIFYWHMCP>
#	G	D	E	R	K	N	Q	S	T	A	V	L	I	F	Y	W	H	M	C	P
0	0.01172	0.00584	0.00758	0.02198	0.00872	0.00550	0.00513	0.01368	0.05813	0.38378	0.09900	0.09967	0.08196	0.07140	0.02781	0.00166	0.02660	0.02012	0.02721	0.02251
1	0.00852	0.00764	0.01051	0.00909	0.00998	0.02400	0.05334	0.03971	0.07081	0.03393	0.03250	0.04656	0.03911	0.03677	0.17692	0.00266	0.38647	0.00453	0.00248	0.00449
2	0.00912	0.05628	0.23228	0.00930	0.05281	0.03022	0.04392	0.01195	0.03505	0.06019	0.00922	0.07987	0.00791	0.00443	0.00385	0.00105	0.02171	0.00368	0.00245	0.32472
3	0.00701	0.00584	0.03879	0.00626	0.00769	0.00542	0.00491	0.01075	0.20317	0.04826	0.14221	0.27921	0.17725	0.00915	0.00471	0.00145	0.00268	0.03690	0.00393	0.00442
4	0.07168	0.00803	0.00904	0.00725	0.02667	0.03384	0.02198	0.07987	0.09770	0.08229	0.02806	0.02579	0.03241	0.00421	0.00347	0.00093	0.00339	0.00339	0.00303	0.45694
5	0.02923	0.05543	0.11155	0.09572	0.05478	0.02182	0.08104	0.07580	0.09181	0.03181	0.05609	0.03002	0.01968	0.01970	0.02688	0.00145	0.04066	0.05615	0.00274	0.09766
6	0.00887	0.00858	0.06633	0.29203	0.08584	0.04261	0.00853	0.10831	0.03803	0.02541	0.04990	0.10172	0.04352	0.03676	0.00474	0.00138	0.00440	0.00480	0.01689	0.05134
7	0.03345	0.13196	0.04709	0.02417	0.05669	0.06312	0.02967	0.04280	0.08458	0.02564	0.05991	0.07670	0.01033	0.00685	0.06055	0.01272	0.04223	0.00405	0.00266	0.18483

[dist]
# distance from previous block
# <min> <max>
7	39

[block]
# block no. 5 follows, 66 sequences, length 13
# corresponding to MSA columns:
# 946-958
name=unknown_F
#
# <colnr> <probs for GDERKNQSTAVLIFYWHMCP>
#	G	D	E	R	K	N	Q	S	T	A	V	L	I	F	Y	W	H	M	C	P
0	0.02510	0.08118	0.08978	0.00783	0.03106	0.05176	0.02382	0.03741	0.08136	0.05169	0.04252	0.01158	0.04976	0.00423	0.00361	0.00095	0.01409	0.00336	0.00272	0.38621
1	0.03837	0.00875	0.02341	0.02260	0.03749	0.10947	0.03090	0.06506	0.25193	0.02436	0.08173	0.11121	0.09167	0.00652	0.00420	0.00130	0.00369	0.01783	0.03402	0.03548
2	0.00692	0.00398	0.00584	0.00573	0.00584	0.00429	0.00401	0.00586	0.00555	0.00759	0.00780	0.01340	0.00780	0.06065	0.13416	0.65814	0.05460	0.00377	0.00186	0.00222
3	0.01048	0.46410	0.04538	0.02491	0.08660	0.10462	0.02404	0.01307	0.09209	0.01112	0.02634	0.01073	0.06253	0.00435	0.00331	0.00105	0.00452	0.00324	0.00224	0.00526
4	0.00642	0.00441	0.00552	0.00523	0.00637	0.00406	0.00392	0.00840	0.03890	0.06437	0.55651	0.10470	0.15834	0.00871	0.00476	0.00133	0.00211	0.00762	0.00432	0.00399
5	0.03673	0.00449	0.00616	0.00639	0.03354	0.00490	0.00449	0.00720	0.00690	0.01001	0.08107	0.01935	0.02704	0.21740	0.47680	0.03916	0.00759	0.00490	0.00245	0.00341
6	0.00526	0.00416	0.00497	0.00528	0.02802	0.00369	0.00370	0.00654	0.00965	0.01256	0.28186	0.19470	0.40511	0.00995	0.00485	0.00139	0.00214	0.00863	0.00394	0.00361
7	0.01128	0.59589	0.01763	0.00746	0.01043	0.12340	0.00685	0.04195	0.00899	0.03766	0.00679	0.00801	0.00597	0.00661	0.09444	0.00153	0.00542	0.00258	0.00202	0.00509
8	0.04208	0.12684	0.01267	0.04688	0.11576	0.05228	0.00774	0.24279	0.17701	0.01674	0.02168	0.02814	0.00825	0.00473	0.00408	0.00119	0.03217	0.00368	0.00308	0.05222
9	0.00924	0.04238	0.36197	0.04043	0.10677	0.03862	0.11153	0.05793	0.09671	0.01372	0.03207	0.03997	0.00806	0.00485	0.01696	0.00137	0.00539	0.00391	0.00235	0.00576
10	0.00926	0.00757	0.01008	0.04131	0.04374	0.00680	0.07254	0.07567	0.02827	0.05241	0.00996	0.02305	0.03586	0.06492	0.00503	0.00113	0.02734	0.00357	0.01740	0.46410
11	0.00784	0.00634	0.00686	0.00640	0.00809	0.00667	0.00493	0.08264	0.29944	0.01488	0.08665	0.10641	0.27283	0.00808	0.00451	0.00139	0.00276	0.04053	0.02793	0.00483
12	0.00849	0.05218	0.00912	0.02513	0.02643	0.03793	0.03907	0.07014	0.07045	0.04203	0.12992	0.15262	0.05056	0.03635	0.03411	0.00155	0.03747	0.05331	0.00328	0.11985

[dist]
# distance from previous block
# <min> <max>
0	1

[block]
# block no. 6 follows, 66 sequences, length 20
# corresponding to MSA columns:
# 960-979
name=unknown_G
#
# <colnr> <probs for GDERKNQSTAVLIFYWHMCP>
#	G	D	E	R	K	N	Q	S	T	A	V	L	I	F	Y	W	H	M	C	P
0	0.00890	0.00642	0.00821	0.04180	0.02659	0.02059	0.05059	0.04227	0.07122	0.12324	0.16962	0.02231	0.19884	0.00657	0.00425	0.00122	0.00312	0.02991	0.04300	0.12134
1	0.05234	0.01065	0.01129	0.00885	0.01184	0.01183	0.00722	0.67274	0.09594	0.02368	0.01034	0.01082	0.00765	0.04022	0.00469	0.00135	0.00426	0.00377	0.00393	0.00656
2	0.00851	0.00637	0.00761	0.02545	0.00906	0.00516	0.00469	0.01026	0.02121	0.07473	0.02816	0.09286	0.03471	0.04068	0.00416	0.00098	0.00296	0.00398	0.05234	0.56611
3	0.00607	0.00440	0.00468	0.00469	0.00485	0.02939	0.00277	0.00622	0.00635	0.00825	0.01457	0.06423	0.06062	0.72974	0.03414	0.00365	0.00399	0.00618	0.00257	0.00264
4	0.01071	0.00902	0.00952	0.00838	0.01079	0.01038	0.00657	0.11420	0.73112	0.01797	0.01573	0.01451	0.01175	0.00543	0.00412	0.00136	0.00336	0.00448	0.00412	0.00648
5	0.01205	0.00913	0.00992	0.00827	0.01070	0.01012	0.00665	0.43939	0.21835	0.02011	0.01329	0.01619	0.02384	0.06997	0.02329	0.00163	0.00409	0.07343	0.02361	0.00598
6	0.00573	0.00391	0.00443	0.00451	0.00463	0.00384	0.00262	0.00587	0.00631	0.00831	0.01573	0.09955	0.07681	0.72056	0.01812	0.00354	0.00366	0.00659	0.00267	0.00260
7	0.01004	0.00964	0.01647	0.02490	0.83211	0.00964	0.01245	0.01245	0.00924	0.01325	0.00763	0.01004	0.00643	0.00361	0.00402	0.00120	0.00482	0.00361	0.00201	0.00643
8	0.01027	0.00880	0.00927	0.00829	0.01062	0.01018	0.00647	0.04836	0.79768	0.01726	0.01629	0.01496	0.01220	0.00548	0.00413	0.00137	0.00325	0.00456	0.00413	0.00644
9	0.01077	0.00966	0.00952	0.00848	0.01081	0.07238	0.00660	0.06581	0.71882	0.01693	0.01537	0.01425	0.01154	0.00537	0.00409	0.00134	0.00359	0.00439	0.00397	0.00632
10	0.01091	0.00997	0.01275	0.10801	0.28026	0.13338	0.04204	0.08976	0.02411	0.07206	0.00946	0.02770	0.01936	0.01768	0.09374	0.00184	0.03508	0.00389	0.00252	0.00547
11	0.00766	0.00721	0.01217	0.84767	0.02794	0.00901	0.01127	0.01037	0.00811	0.01037	0.00721	0.01082	0.00541	0.00406	0.00406	0.00135	0.00541	0.00361	0.00180	0.00451
12	0.04598	0.32739	0.17141	0.02199	0.09021	0.04468	0.07469	0.07581	0.00974	0.09141	0.00770	0.00863	0.00595	0.00386	0.00346	0.00111	0.00491	0.00301	0.00232	0.00572
13	0.00849	0.00789	0.02120	0.03532	0.01068	0.00944	0.05063	0.01011	0.03240	0.03413	0.09626	0.01337	0.02153	0.06997	0.01027	0.00168	0.45711	0.00418	0.00239	0.10294
14	0.00580	0.00435	0.00652	0.00652	0.00724	0.00507	0.00507	0.00724	0.00652	0.00942	0.01087	0.01594	0.01014	0.03043	0.84134	0.00652	0.01087	0.00435	0.00217	0.00362
15	0.01268	0.15061	0.01252	0.00966	0.05729	0.27609	0.00734	0.10064	0.24653	0.05474	0.01073	0.01079	0.02380	0.00465	0.00373	0.00116	0.00491	0.00346	0.00300	0.00569
16	0.01119	0.10691	0.26742	0.02826	0.13027	0.00944	0.08575	0.06482	0.00994	0.17879	0.00983	0.02187	0.00750	0.02424	0.00434	0.00131	0.00495	0.02450	0.00270	0.00596
17	0.01791	0.00737	0.00970	0.00744	0.01059	0.00665	0.00614	0.10282	0.01239	0.75078	0.01535	0.01339	0.00972	0.00501	0.00408	0.00125	0.00356	0.00404	0.00492	0.00690
18	0.00766	0.00721	0.01217	0.84767	0.02794	0.00901	0.01127	0.01037	0.00811	0.01037	0.00721	0.01082	0.00541	0.00406	0.00406	0.00135	0.00541	0.00361	0.00180	0.00451
19	0.02697	0.02448	0.26053	0.05597	0.09333	0.10642	0.02186	0.08195	0.06709	0.16162	0.05279	0.01129	0.00856	0.00451	0.00396	0.00124	0.00495	0.00363	0.00291	0.00591

[dist]
# distance from previous block
# <min> <max>
6	18

[block]
# block no. 7 follows, 66 sequences, length 26
# corresponding to MSA columns:
# 998-1023
name=unknown_H
#
# <colnr> <probs for GDERKNQSTAVLIFYWHMCP>
#	G	D	E	R	K	N	Q	S	T	A	V	L	I	F	Y	W	H	M	C	P
0	0.22244	0.04886	0.11092	0.02903	0.02902	0.03976	0.01934	0.13196	0.01013	0.10802	0.01746	0.03705	0.00826	0.03191	0.00415	0.00130	0.00409	0.05090	0.00295	0.09243
1	0.00964	0.00932	0.01315	0.09972	0.38218	0.08732	0.04933	0.01186	0.02352	0.02135	0.02881	0.02408	0.00789	0.04890	0.00497	0.00129	0.02324	0.00377	0.02186	0.12779
2	0.01108	0.01272	0.22624	0.09275	0.03883	0.08977	0.07001	0.14980	0.06341	0.08962	0.02847	0.01153	0.00793	0.00453	0.00397	0.00125	0.00498	0.01521	0.07220	0.00570
3	0.00854	0.14491	0.71598	0.01088	0.01650	0.01040	0.01380	0.01275	0.00852	0.01236	0.00704	0.00826	0.00515	0.00380	0.00367	0.00122	0.00575	0.00288	0.00172	0.00588
4	0.00535	0.00413	0.00488	0.00469	0.00582	0.00366	0.00352	0.00690	0.01056	0.01407	0.50363	0.03392	0.36599	0.00911	0.00479	0.00131	0.00197	0.00784	0.00418	0.00366
5	0.00516	0.00380	0.00473	0.00535	0.00584	0.00351	0.00364	0.01780	0.00826	0.01082	0.06168	0.61924	0.16631	0.05637	0.00589	0.00170	0.00240	0.01041	0.00373	0.00335
6	0.00514	0.00373	0.00480	0.00535	0.00582	0.00345	0.00366	0.00610	0.00860	0.01156	0.19548	0.57485	0.09529	0.04909	0.00575	0.00165	0.00231	0.01014	0.00386	0.00338
7	0.02199	0.00522	0.00750	0.00721	0.03366	0.00567	0.05139	0.03173	0.00733	0.01032	0.04422	0.05777	0.04654	0.24595	0.34299	0.01799	0.05113	0.00528	0.00250	0.00361
8	0.01500	0.04891	0.01184	0.01033	0.01247	0.81210	0.00781	0.01606	0.01138	0.00992	0.00625	0.00729	0.00523	0.00416	0.00362	0.00104	0.00721	0.00260	0.00208	0.00472
9	0.06107	0.10903	0.09598	0.00933	0.06000	0.06882	0.01801	0.10998	0.16920	0.11130	0.02442	0.01065	0.00807	0.00449	0.00400	0.00117	0.03286	0.00344	0.00306	0.09512
10	0.01360	0.02616	0.01197	0.05636	0.05583	0.07050	0.09577	0.17050	0.04030	0.30144	0.01267	0.06846	0.01944	0.00600	0.03080	0.00144	0.00464	0.00446	0.00367	0.00598
11	0.31476	0.08799	0.05262	0.00862	0.08928	0.14994	0.00638	0.03161	0.00825	0.01329	0.00756	0.01086	0.00685	0.13548	0.05967	0.00193	0.00492	0.00318	0.00229	0.00452
12	0.00917	0.01446	0.30862	0.01337	0.05449	0.09002	0.30208	0.01241	0.00901	0.01217	0.00873	0.02725	0.02307	0.03219	0.03382	0.00158	0.03615	0.00407	0.00201	0.00535
13	0.00556	0.00393	0.00500	0.00536	0.00604	0.00362	0.00382	0.00668	0.00905	0.03043	0.23940	0.42108	0.14169	0.04992	0.00573	0.00162	0.00236	0.05127	0.00392	0.00352
14	0.00771	0.00597	0.00730	0.00751	0.00887	0.00639	0.00619	0.03784	0.25258	0.01406	0.05700	0.09966	0.02053	0.00929	0.00504	0.00166	0.00341	0.44049	0.00390	0.00461
15	0.00814	0.02099	0.83640	0.01156	0.01756	0.00942	0.01499	0.01285	0.00857	0.01285	0.00728	0.00857	0.00514	0.00385	0.00385	0.00128	0.00600	0.00300	0.00171	0.00600
16	0.75701	0.00802	0.00649	0.00570	0.00821	0.00923	0.00467	0.07635	0.03562	0.01864	0.00660	0.00742	0.00507	0.00395	0.00270	0.00125	0.00320	0.00245	0.03278	0.00464
17	0.01519	0.01125	0.01204	0.00929	0.01249	0.01247	0.00765	0.78367	0.05436	0.02519	0.01004	0.00998	0.00714	0.00490	0.00406	0.00122	0.00441	0.00369	0.00406	0.00688
18	0.00491	0.00409	0.00421	0.00421	0.00546	0.00347	0.00310	0.00592	0.00915	0.01106	0.08023	0.05651	0.72806	0.05476	0.00564	0.00151	0.00215	0.00843	0.00374	0.00339
19	0.01057	0.00854	0.00899	0.00790	0.01018	0.00973	0.00620	0.13480	0.61633	0.01800	0.01517	0.01436	0.01137	0.00532	0.00397	0.00130	0.00324	0.00436	0.10346	0.00619
20	0.01519	0.01829	0.01159	0.01031	0.01255	0.73221	0.00782	0.12168	0.01249	0.01199	0.00673	0.00764	0.00545	0.00427	0.00371	0.00107	0.00694	0.00275	0.00235	0.00499
21	0.00605	0.00412	0.00488	0.00472	0.00575	0.00375	0.00348	0.00754	0.00998	0.03751	0.39686	0.07786	0.24308	0.05450	0.00539	0.00142	0.00213	0.00727	0.12001	0.00370
22	0.01664	0.00657	0.00900	0.00707	0.00991	0.00579	0.00579	0.01821	0.01120	0.73128	0.05315	0.01474	0.01135	0.00720	0.07091	0.00168	0.00397	0.00425	0.00477	0.00650
23	0.00600	0.00415	0.00497	0.00484	0.00569	0.00380	0.00340	0.00711	0.00926	0.04647	0.33619	0.10419	0.21987	0.21612	0.00866	0.00198	0.00254	0.00752	0.00377	0.00348
24	0.00790	0.00647	0.01036	0.07915	0.30599	0.00655	0.02787	0.00913	0.00819	0.03128	0.04105	0.16986	0.06626	0.03752	0.01962	0.14136	0.01881	0.00565	0.00257	0.00444
25	0.00872	0.02867	0.01173	0.34172	0.10847	0.04189	0.05534	0.09028	0.02708	0.01279	0.07379	0.03535	0.04106	0.04191	0.05165	0.00170	0.00508	0.01541	0.00253	0.00481

[dist]
# distance from previous block
# <min> <max>
2	12

[block]
# block no. 8 follows, 66 sequences, length 7
# corresponding to MSA columns:
# 1037-1043
name=unknown_I
#
# <colnr> <probs for GDERKNQSTAVLIFYWHMCP>
#	G	D	E	R	K	N	Q	S	T	A	V	L	I	F	Y	W	H	M	C	P
0	0.03548	0.00908	0.12783	0.17049	0.12481	0.02199	0.03265	0.03295	0.08864	0.01256	0.05381	0.04539	0.03741	0.11502	0.02945	0.00182	0.00465	0.04855	0.00261	0.00482
1	0.00630	0.00393	0.00576	0.00580	0.00615	0.00425	0.00417	0.00624	0.00600	0.00833	0.00985	0.05070	0.00985	0.08177	0.39311	0.38170	0.00686	0.00441	0.00208	0.00273
2	0.00785	0.00618	0.03081	0.00749	0.03441	0.00560	0.08457	0.01074	0.10077	0.09705	0.31377	0.08384	0.15727	0.03495	0.00513	0.00142	0.00302	0.00667	0.00387	0.00458
3	0.01085	0.00877	0.00937	0.00826	0.01066	0.01001	0.00647	0.06874	0.73285	0.06188	0.01608	0.01474	0.01193	0.00544	0.00412	0.00136	0.00330	0.00450	0.00417	0.00648
4	0.00841	0.00721	0.00841	0.00601	0.00961	0.00541	0.00481	0.01022	0.00841	0.01322	0.00721	0.00841	0.00601	0.00300	0.00300	0.00060	0.00300	0.00240	0.00240	0.88222
5	0.00954	0.00818	0.02910	0.02260	0.08223	0.05370	0.05470	0.11465	0.02444	0.05683	0.03743	0.06940	0.02811	0.10148	0.07750	0.00186	0.00464	0.00444	0.00286	0.21631
6	0.00615	0.00409	0.00536	0.00593	0.00650	0.00388	0.00416	0.03776	0.00863	0.05505	0.05584	0.70612	0.02551	0.01175	0.00508	0.00160	0.00254	0.04650	0.00387	0.00367

[dist]
# distance from previous block
# <min> <max>
0	2

[block]
# block no. 9 follows, 66 sequences, length 21
# corresponding to MSA columns:
# 1046-1066
name=unknown_J
#
# <colnr> <probs for GDERKNQSTAVLIFYWHMCP>
#	G	D	E	R	K	N	Q	S	T	A	V	L	I	F	Y	W	H	M	C	P
0	0.01199	0.01011	0.06777	0.00833	0.01117	0.01014	0.00712	0.45464	0.16556	0.02076	0.07843	0.01497	0.08114	0.00565	0.00414	0.00126	0.00385	0.00450	0.03238	0.00611
1	0.82467	0.00877	0.06404	0.00577	0.00853	0.00912	0.00513	0.01199	0.00702	0.01783	0.00576	0.00673	0.00445	0.00377	0.00260	0.00126	0.00334	0.00225	0.00245	0.00451
2	0.08331	0.00466	0.00455	0.00440	0.00563	0.00492	0.00336	0.01098	0.09672	0.01559	0.01294	0.01439	0.01010	0.00473	0.00295	0.00102	0.00214	0.00373	0.70976	0.00412
3	0.00510	0.00369	0.00486	0.00574	0.00612	0.00345	0.00401	0.00595	0.00803	0.01058	0.02348	0.71836	0.07819	0.01240	0.00520	0.00165	0.00248	0.09363	0.00376	0.00335
4	0.00836	0.05210	0.00672	0.09140	0.00857	0.06403	0.00470	0.03589	0.02472	0.01380	0.01277	0.01506	0.04082	0.00634	0.04990	0.00135	0.00341	0.01954	0.53640	0.00412
5	0.88607	0.00785	0.00596	0.00534	0.00785	0.00910	0.00439	0.01193	0.00690	0.01820	0.00565	0.00659	0.00439	0.00377	0.00251	0.00126	0.00314	0.00220	0.00251	0.00439
6	0.00729	0.00558	0.00659	0.00597	0.00738	0.00567	0.00458	0.07968	0.15652	0.01687	0.56618	0.02638	0.07995	0.00763	0.00461	0.00129	0.00237	0.00661	0.00433	0.00453
7	0.00699	0.00512	0.00648	0.00667	0.00782	0.00520	0.00540	0.01025	0.14129	0.03280	0.22763	0.09199	0.05238	0.03141	0.00545	0.00164	0.00303	0.35025	0.00399	0.00419
8	0.00787	0.00742	0.01254	0.77698	0.09703	0.00907	0.01137	0.01055	0.00821	0.01061	0.00725	0.01075	0.00550	0.00402	0.00405	0.00134	0.00536	0.00361	0.00182	0.00467
9	0.01071	0.00946	0.03173	0.08854	0.07138	0.07116	0.07910	0.14738	0.01003	0.08393	0.00868	0.01103	0.00700	0.00956	0.15548	0.00230	0.19096	0.00379	0.00257	0.00521
10	0.00695	0.01918	0.07840	0.00691	0.00806	0.00590	0.03642	0.03358	0.00722	0.01985	0.01192	0.03687	0.03203	0.28253	0.25379	0.06208	0.05236	0.03992	0.00240	0.00361
11	0.00494	0.00353	0.00471	0.00565	0.00588	0.00330	0.00377	0.00565	0.00777	0.01036	0.02236	0.85477	0.02683	0.01271	0.00518	0.00165	0.00235	0.01153	0.00377	0.00330
12	0.00503	0.00374	0.00471	0.00534	0.00590	0.00341	0.00372	0.00595	0.00845	0.01107	0.09883	0.58807	0.19273	0.01177	0.00508	0.00156	0.00230	0.03513	0.00383	0.00338
13	0.03157	0.17677	0.02495	0.14178	0.14357	0.09686	0.09316	0.13006	0.04711	0.01379	0.00835	0.01069	0.00682	0.00425	0.00379	0.00119	0.00503	0.03003	0.02476	0.00547
14	0.02835	0.00951	0.01338	0.10755	0.45567	0.07170	0.01010	0.08477	0.04230	0.03740	0.00968	0.09350	0.00858	0.00483	0.00409	0.00126	0.00466	0.00435	0.00253	0.00580
15	0.43859	0.03895	0.00985	0.04744	0.14136	0.22328	0.00699	0.01298	0.00860	0.01454	0.00648	0.00823	0.00535	0.00399	0.00317	0.00120	0.00463	0.01725	0.00229	0.00482
16	0.00602	0.03712	0.00650	0.00668	0.04871	0.00488	0.00448	0.00669	0.00747	0.00998	0.03890	0.36816	0.10667	0.11326	0.09587	0.07798	0.04637	0.00783	0.00302	0.00342
17	0.00509	0.00404	0.00459	0.00474	0.00580	0.00354	0.00351	0.00627	0.00943	0.01196	0.19419	0.18503	0.49048	0.01036	0.00490	0.00142	0.00216	0.04507	0.00391	0.00350
18	0.00912	0.03057	0.16377	0.11883	0.19072	0.07076	0.07725	0.03477	0.07820	0.01284	0.06071	0.01362	0.03693	0.06934	0.00533	0.00146	0.00494	0.00415	0.01140	0.00529
19	0.00828	0.01959	0.76324	0.01103	0.01666	0.00898	0.01405	0.01271	0.00876	0.03836	0.02994	0.01024	0.03191	0.00421	0.00392	0.00129	0.00569	0.00332	0.00195	0.00589
20	0.29695	0.09657	0.12109	0.02805	0.04701	0.04095	0.02643	0.03260	0.03751	0.05565	0.00940	0.01371	0.00822	0.03227	0.02810	0.00153	0.01500	0.10143	0.00261	0.00492

[dist]
# distance from previous block
# <min> <max>
0	4

[block]
# block no. 10 follows, 66 sequences, length 27
# corresponding to MSA columns:
# 1071-1097
name=unknown_K
#
# <colnr> <probs for GDERKNQSTAVLIFYWHMCP>
#	G	D	E	R	K	N	Q	S	T	A	V	L	I	F	Y	W	H	M	C	P
0	0.06421	0.09826	0.01150	0.03074	0.05774	0.10705	0.06537	0.04391	0.11927	0.06740	0.10013	0.02711	0.03914	0.01957	0.00458	0.00124	0.04550	0.00414	0.01457	0.07858
1	0.00543	0.00451	0.00511	0.00502	0.00613	0.00428	0.00377	0.00695	0.03823	0.01203	0.18456	0.12425	0.51329	0.00981	0.00534	0.00141	0.05423	0.00821	0.00379	0.00366
2	0.01035	0.23591	0.08160	0.00881	0.04148	0.08640	0.00754	0.10908	0.13695	0.01344	0.01069	0.09304	0.00974	0.00592	0.01764	0.00130	0.03837	0.04649	0.00277	0.04249
3	0.00670	0.00536	0.00721	0.05368	0.10355	0.00512	0.00542	0.03028	0.02027	0.02392	0.25571	0.14603	0.20148	0.00863	0.02017	0.00143	0.00295	0.04037	0.00357	0.05815
4	0.02474	0.11674	0.09794	0.18761	0.19149	0.10596	0.03351	0.13242	0.03163	0.02914	0.00779	0.00943	0.00605	0.00404	0.00380	0.00120	0.00520	0.00331	0.00234	0.00565
5	0.01056	0.33456	0.06534	0.00968	0.04995	0.02174	0.11261	0.13932	0.03224	0.02782	0.01044	0.02778	0.05786	0.02927	0.00445	0.00124	0.03036	0.02688	0.00252	0.00538
6	0.00534	0.00410	0.00541	0.00646	0.05662	0.00378	0.00418	0.00637	0.00865	0.01145	0.13433	0.53350	0.18259	0.01108	0.00498	0.00152	0.00239	0.00990	0.00375	0.00358
7	0.01004	0.06251	0.06137	0.12097	0.25326	0.06111	0.11779	0.08212	0.05472	0.02262	0.02056	0.01191	0.02935	0.00533	0.03598	0.00145	0.01530	0.01506	0.01299	0.00558
8	0.00787	0.17021	0.10063	0.00796	0.06119	0.02377	0.02319	0.01026	0.04819	0.01277	0.20276	0.04363	0.15103	0.00617	0.00417	0.00116	0.02041	0.00511	0.00297	0.09654
9	0.80927	0.02601	0.00665	0.00571	0.00822	0.06556	0.00468	0.01222	0.00724	0.01747	0.00569	0.00664	0.00447	0.00379	0.00259	0.00123	0.00345	0.00222	0.00247	0.00443
10	0.06370	0.34968	0.23766	0.00936	0.01322	0.02527	0.08706	0.02464	0.08992	0.01240	0.02277	0.00892	0.00659	0.00402	0.00368	0.00114	0.02929	0.00305	0.00214	0.00548
11	0.00903	0.07605	0.42991	0.01149	0.07395	0.04775	0.05693	0.02267	0.06390	0.01281	0.02538	0.00973	0.00672	0.00483	0.02708	0.00136	0.04526	0.00329	0.00209	0.06975
12	0.00540	0.00410	0.00498	0.00488	0.00592	0.00368	0.00365	0.00695	0.01047	0.01409	0.50695	0.09374	0.28501	0.00930	0.00483	0.00135	0.00203	0.02483	0.00418	0.00366
13	0.00496	0.00366	0.00466	0.00545	0.00589	0.00336	0.00373	0.00576	0.00806	0.01051	0.02545	0.69600	0.16010	0.01226	0.00513	0.00161	0.00234	0.03397	0.00377	0.00333
14	0.00496	0.00366	0.00465	0.00544	0.00588	0.00335	0.00372	0.00575	0.00805	0.01050	0.02547	0.69873	0.16112	0.01227	0.00512	0.00161	0.00234	0.03030	0.00377	0.00333
15	0.00687	0.00480	0.00554	0.00549	0.00603	0.00495	0.00374	0.06166	0.05781	0.01059	0.01469	0.07859	0.01597	0.54884	0.01488	0.00307	0.00374	0.12261	0.02684	0.00327
16	0.01516	0.01934	0.01150	0.01045	0.01254	0.84113	0.00784	0.01620	0.01150	0.00993	0.00627	0.00732	0.00523	0.00418	0.00366	0.00105	0.00732	0.00261	0.00209	0.00470
17	0.69163	0.03222	0.00712	0.00579	0.00845	0.00880	0.00480	0.02732	0.00799	0.16319	0.00756	0.00793	0.00546	0.00400	0.00282	0.00124	0.00325	0.00256	0.00296	0.00491
18	0.00526	0.00407	0.00479	0.00474	0.00580	0.00360	0.00351	0.00668	0.01016	0.01342	0.41362	0.11683	0.37377	0.00958	0.00483	0.00135	0.00202	0.00828	0.00410	0.00360
19	0.00715	0.00579	0.00792	0.00799	0.00928	0.04336	0.07101	0.00899	0.00946	0.02531	0.03416	0.06899	0.08791	0.01009	0.00533	0.00172	0.00393	0.58410	0.00356	0.00393
20	0.88607	0.00785	0.00596	0.00534	0.00785	0.00910	0.00439	0.01193	0.00690	0.01820	0.00565	0.00659	0.00439	0.00377	0.00251	0.00126	0.00314	0.00220	0.00251	0.00439
21	0.00648	0.00408	0.00475	0.00460	0.00559	0.00391	0.00344	0.00851	0.02758	0.01536	0.41943	0.04677	0.07300	0.00705	0.00401	0.00116	0.00195	0.00605	0.35245	0.00383
22	0.00652	0.00478	0.00606	0.00609	0.04415	0.00456	0.00425	0.03620	0.03295	0.02820	0.54937	0.03919	0.12040	0.07493	0.00591	0.00149	0.00238	0.00692	0.02163	0.00401
23	0.03232	0.00875	0.02984	0.27575	0.50270	0.00911	0.01143	0.01159	0.00886	0.01262	0.03002	0.01085	0.00701	0.00392	0.00397	0.00125	0.00482	0.00367	0.02588	0.00563
24	0.71847	0.00794	0.00680	0.00583	0.00847	0.00890	0.00480	0.06255	0.00827	0.12601	0.00726	0.00773	0.00529	0.00400	0.00281	0.00125	0.00326	0.00253	0.00294	0.00488
25	0.00856	0.00762	0.04112	0.07487	0.19152	0.00735	0.05278	0.01245	0.16442	0.06415	0.14038	0.02974	0.15198	0.00677	0.02710	0.00145	0.00386	0.00539	0.00327	0.00522
26	0.00505	0.00406	0.00450	0.00451	0.00567	0.00351	0.00334	0.00627	0.00967	0.01225	0.23933	0.11522	0.55236	0.01001	0.00483	0.00137	0.00205	0.00854	0.00394	0.00351

[dist]
# distance from previous block
# <min> <max>
0	20

# created by:
# /st0/software/busco_prod/Augustus/scripts/msa2prfl.pl ./align_prep/23355.fa
