[name]
unknown

[dist]
# distance from previous block
# <min> <max>
16	257

[block]
# block no. 0 follows, 58 sequences, length 13
# corresponding to MSA columns:
# 420-432
name=unknown_A
#
# <colnr> <probs for GDERKNQSTAVLIFYWHMCP>
#	G	D	E	R	K	N	Q	S	T	A	V	L	I	F	Y	W	H	M	C	P
0	0.01085	0.19437	0.09140	0.05812	0.05517	0.01061	0.02727	0.14642	0.02370	0.03832	0.02371	0.10587	0.01105	0.06571	0.00550	0.00150	0.00461	0.02487	0.00301	0.09794
1	0.01186	0.10575	0.10841	0.03162	0.10980	0.18170	0.03537	0.09012	0.01111	0.02965	0.02847	0.03257	0.01793	0.02372	0.03031	0.05199	0.00574	0.00388	0.00262	0.08739
2	0.01075	0.21430	0.16140	0.02499	0.05517	0.05361	0.14832	0.05395	0.04638	0.02377	0.05710	0.01286	0.02837	0.02967	0.02533	0.00151	0.00564	0.00412	0.00260	0.04015
3	0.03184	0.06642	0.06599	0.16679	0.11169	0.07635	0.00912	0.11264	0.01072	0.03341	0.01122	0.04519	0.04525	0.02700	0.02557	0.05211	0.04873	0.00439	0.05017	0.00539
4	0.01061	0.09215	0.39839	0.01155	0.01623	0.02052	0.07768	0.12527	0.03183	0.02715	0.00991	0.03173	0.02301	0.00603	0.03510	0.00161	0.04900	0.00398	0.00256	0.02572
5	0.00585	0.00448	0.00576	0.02694	0.02708	0.00421	0.00451	0.00699	0.00933	0.01222	0.10684	0.43155	0.21787	0.05007	0.03758	0.00201	0.00310	0.03577	0.00400	0.00383
6	0.00879	0.00870	0.07555	0.00713	0.01085	0.00613	0.00615	0.01092	0.00911	0.01405	0.00947	0.07329	0.00857	0.00599	0.05208	0.00120	0.00404	0.00360	0.00269	0.68166
7	0.00661	0.00626	0.07384	0.00741	0.00861	0.00586	0.00620	0.00835	0.00731	0.01052	0.01187	0.01808	0.01124	0.11240	0.67693	0.00643	0.01077	0.00484	0.00239	0.00408
8	0.06010	0.00975	0.01458	0.49644	0.19425	0.06809	0.04791	0.01259	0.00942	0.01269	0.00787	0.01115	0.00616	0.00441	0.00463	0.00144	0.02708	0.00387	0.00212	0.00547
9	0.59304	0.00878	0.00880	0.00730	0.01015	0.00971	0.07045	0.08307	0.00952	0.06709	0.00834	0.00935	0.00626	0.00441	0.00326	0.00136	0.00381	0.00309	0.08692	0.00528
10	0.01184	0.00619	0.00815	0.07451	0.01058	0.00576	0.00576	0.01400	0.04101	0.33128	0.21129	0.06411	0.18102	0.00790	0.00490	0.00145	0.00320	0.00672	0.00472	0.00561
11	0.00559	0.00429	0.00521	0.00562	0.00644	0.00398	0.00398	0.00663	0.00912	0.01174	0.06850	0.36596	0.32293	0.05053	0.10569	0.00244	0.00366	0.01003	0.00392	0.00372
12	0.06327	0.03004	0.03842	0.03281	0.14919	0.03896	0.00826	0.17557	0.03514	0.14240	0.04958	0.03738	0.01001	0.00505	0.00417	0.00124	0.00438	0.00413	0.00354	0.16646

[dist]
# distance from previous block
# <min> <max>
1	9

[block]
# block no. 1 follows, 58 sequences, length 25
# corresponding to MSA columns:
# 442-466
name=unknown_B
#
# <colnr> <probs for GDERKNQSTAVLIFYWHMCP>
#	G	D	E	R	K	N	Q	S	T	A	V	L	I	F	Y	W	H	M	C	P
0	0.02887	0.03296	0.11988	0.04252	0.29241	0.02090	0.04042	0.04347	0.01026	0.01506	0.04192	0.01107	0.00810	0.00410	0.00405	0.00114	0.00481	0.00362	0.00251	0.27195
1	0.01177	0.65266	0.11441	0.00880	0.01284	0.05529	0.03061	0.01416	0.04280	0.01141	0.00704	0.00802	0.00609	0.00401	0.00322	0.00106	0.00518	0.00271	0.00205	0.00588
2	0.05394	0.00632	0.00764	0.00679	0.00836	0.00679	0.00530	0.10494	0.01015	0.13278	0.01300	0.01657	0.01080	0.10074	0.24076	0.00328	0.04072	0.00452	0.22166	0.00494
3	0.01232	0.01072	0.01084	0.00957	0.03370	0.11829	0.02420	0.27205	0.13459	0.03233	0.03277	0.08828	0.13959	0.00727	0.00515	0.00145	0.03929	0.01769	0.00392	0.00598
4	0.00919	0.00834	0.00804	0.00739	0.00943	0.07159	0.00567	0.03289	0.37431	0.01588	0.09525	0.02675	0.30107	0.00808	0.00483	0.00147	0.00335	0.00669	0.00426	0.00552
5	0.05127	0.06495	0.01331	0.01097	0.04748	0.25962	0.07473	0.10550	0.02065	0.06488	0.00955	0.03467	0.00808	0.03015	0.09298	0.00201	0.06057	0.00398	0.00284	0.04183
6	0.02533	0.11197	0.04001	0.17549	0.20780	0.19070	0.01029	0.03778	0.01014	0.01250	0.00807	0.01115	0.00694	0.05032	0.03842	0.00171	0.04989	0.00367	0.00224	0.00558
7	0.01105	0.00944	0.00999	0.00901	0.01147	0.01087	0.00699	0.04548	0.74878	0.01866	0.01828	0.05288	0.01418	0.00640	0.00460	0.00153	0.00354	0.00537	0.00453	0.00694
8	0.00970	0.21120	0.06490	0.09974	0.04045	0.00990	0.00762	0.01330	0.13533	0.06498	0.05283	0.09178	0.13000	0.02208	0.00473	0.00144	0.00409	0.02717	0.00331	0.00545
9	0.00928	0.00795	0.00928	0.00663	0.01060	0.00596	0.00530	0.01126	0.00928	0.01458	0.00795	0.00928	0.00663	0.00331	0.00331	0.00066	0.00331	0.00265	0.00265	0.87014
10	0.01304	0.01220	0.03993	0.04225	0.05743	0.11034	0.00851	0.20883	0.41927	0.01940	0.01376	0.01347	0.01031	0.00549	0.00445	0.00142	0.00472	0.00438	0.00394	0.00688
11	0.01066	0.00877	0.04699	0.11760	0.20037	0.02705	0.00883	0.07399	0.02481	0.11344	0.06539	0.08665	0.10399	0.00694	0.00506	0.02578	0.00435	0.02861	0.00341	0.03730
12	0.01146	0.02741	0.22154	0.07255	0.19385	0.05300	0.03476	0.08036	0.05976	0.09282	0.02159	0.06778	0.02319	0.00541	0.00461	0.00141	0.01452	0.00461	0.00296	0.00640
13	0.01143	0.71900	0.05394	0.00775	0.01144	0.01624	0.00771	0.01353	0.04916	0.01108	0.00835	0.00952	0.03167	0.02895	0.00367	0.00112	0.00470	0.00290	0.00214	0.00569
14	0.00870	0.00805	0.01328	0.60075	0.14218	0.00955	0.01164	0.01183	0.03552	0.01244	0.05262	0.01342	0.00863	0.00617	0.04576	0.00175	0.00588	0.00428	0.00229	0.00526
15	0.01035	0.09097	0.33839	0.04591	0.05743	0.00952	0.07845	0.01388	0.02872	0.11708	0.03825	0.05635	0.08407	0.00567	0.00447	0.00141	0.00525	0.00484	0.00289	0.00609
16	0.00714	0.00575	0.00851	0.11544	0.07017	0.00590	0.04677	0.00873	0.02922	0.01161	0.05225	0.26003	0.03315	0.25862	0.01051	0.00246	0.00411	0.06231	0.00324	0.00406
17	0.00645	0.00431	0.00490	0.00495	0.00497	0.00430	0.00279	0.00649	0.00662	0.00882	0.01467	0.07367	0.01699	0.79740	0.02183	0.00420	0.00424	0.00685	0.00279	0.00276
18	0.01129	0.04586	0.08958	0.10780	0.14485	0.12840	0.16622	0.01451	0.05867	0.06265	0.02502	0.08151	0.00966	0.00537	0.00488	0.00142	0.02882	0.00486	0.00272	0.00589
19	0.01181	0.03783	0.06529	0.18116	0.20717	0.03862	0.05785	0.11085	0.04334	0.09883	0.01212	0.02435	0.04385	0.00529	0.00469	0.00142	0.01748	0.02877	0.00303	0.00626
20	0.00785	0.00485	0.00612	0.00637	0.00719	0.00470	0.00448	0.02942	0.03686	0.09556	0.02122	0.48305	0.03590	0.12990	0.03287	0.00223	0.00336	0.03252	0.05135	0.00419
21	0.00668	0.00496	0.00729	0.04205	0.06856	0.00493	0.02109	0.00783	0.00858	0.03424	0.02014	0.56076	0.02300	0.05769	0.10758	0.00254	0.00432	0.01003	0.00363	0.00410
22	0.00943	0.06869	0.10358	0.09564	0.19560	0.02452	0.07474	0.01275	0.07567	0.02305	0.04126	0.06024	0.07749	0.02902	0.04962	0.00182	0.04329	0.00515	0.00275	0.00567
23	0.01074	0.12935	0.23107	0.11382	0.18508	0.06653	0.13993	0.03223	0.01011	0.01351	0.00796	0.01014	0.00624	0.00420	0.00447	0.00135	0.02124	0.00372	0.00212	0.00620
24	0.18355	0.01105	0.01165	0.00909	0.01250	0.01205	0.00751	0.53276	0.01722	0.14312	0.01088	0.01073	0.00758	0.00516	0.00415	0.00136	0.00447	0.00379	0.00430	0.00707

[dist]
# distance from previous block
# <min> <max>
3	3

[block]
# block no. 2 follows, 58 sequences, length 8
# corresponding to MSA columns:
# 473-480
name=unknown_C
#
# <colnr> <probs for GDERKNQSTAVLIFYWHMCP>
#	G	D	E	R	K	N	Q	S	T	A	V	L	I	F	Y	W	H	M	C	P
0	0.01058	0.00859	0.01282	0.46913	0.08659	0.01003	0.01057	0.10946	0.03703	0.07553	0.01077	0.01375	0.03347	0.04085	0.00584	0.00160	0.05068	0.00434	0.00277	0.00560
1	0.01017	0.01114	0.07821	0.08677	0.10493	0.15730	0.02040	0.06547	0.03832	0.01330	0.04645	0.09866	0.03679	0.07416	0.10584	0.00235	0.03643	0.00530	0.00284	0.00516
2	0.01009	0.05595	0.09063	0.06729	0.16596	0.05049	0.03203	0.11449	0.03172	0.01480	0.03429	0.07762	0.05247	0.08154	0.05417	0.00200	0.00530	0.02544	0.02818	0.00554
3	0.01342	0.03927	0.01260	0.01123	0.05335	0.39861	0.05813	0.05612	0.06637	0.04735	0.06287	0.05826	0.03928	0.00691	0.03606	0.00154	0.02561	0.00455	0.00302	0.00546
4	0.19306	0.01257	0.09032	0.01056	0.01390	0.11769	0.13107	0.07848	0.19580	0.07371	0.01135	0.03333	0.00870	0.00506	0.00422	0.00142	0.00514	0.00417	0.00332	0.00614
5	0.01270	0.09822	0.03170	0.03418	0.03428	0.28407	0.08109	0.09923	0.09633	0.01480	0.05816	0.05468	0.02945	0.00559	0.00430	0.00130	0.00566	0.00450	0.04413	0.00564
6	0.02398	0.15597	0.07103	0.08391	0.06544	0.05144	0.04742	0.03492	0.09735	0.03923	0.11567	0.09801	0.04942	0.00651	0.00486	0.00140	0.03932	0.00541	0.00317	0.00552
7	0.04061	0.00899	0.04679	0.00836	0.01045	0.08225	0.04648	0.12255	0.05948	0.04358	0.04055	0.24198	0.08430	0.03201	0.00540	0.00160	0.00412	0.06212	0.02424	0.03415

[dist]
# distance from previous block
# <min> <max>
5	96

[block]
# block no. 3 follows, 58 sequences, length 62
# corresponding to MSA columns:
# 577-611,626-652
name=unknown_D
#
# <colnr> <probs for GDERKNQSTAVLIFYWHMCP>
#	G	D	E	R	K	N	Q	S	T	A	V	L	I	F	Y	W	H	M	C	P
0	0.01204	0.03676	0.03734	0.04514	0.07927	0.08571	0.04482	0.17671	0.08296	0.07455	0.04710	0.03831	0.08114	0.02077	0.01342	0.00151	0.03159	0.04286	0.00355	0.04445
1	0.04619	0.04331	0.02611	0.02433	0.12801	0.05250	0.09216	0.18456	0.03348	0.03748	0.04962	0.05555	0.07110	0.02553	0.04793	0.00174	0.00516	0.02531	0.00332	0.04660
2	0.01075	0.01079	0.06870	0.02534	0.11311	0.08663	0.07240	0.11891	0.07526	0.02582	0.09529	0.04229	0.03143	0.00872	0.09260	0.00197	0.01840	0.01347	0.00320	0.08492
3	0.02301	0.03018	0.01064	0.03783	0.12245	0.09352	0.00727	0.05760	0.10965	0.05391	0.04977	0.02848	0.03526	0.09025	0.10691	0.00229	0.00544	0.01931	0.00317	0.11306
4	0.02686	0.00864	0.06305	0.06670	0.04494	0.01894	0.03030	0.07718	0.10899	0.09637	0.11853	0.10405	0.04133	0.01019	0.10222	0.00215	0.04222	0.00581	0.00364	0.02791
5	0.05401	0.02873	0.08587	0.06305	0.10308	0.09633	0.05144	0.06480	0.03555	0.04040	0.04758	0.11407	0.04591	0.01699	0.00506	0.02077	0.00481	0.04768	0.00310	0.07079
6	0.04243	0.00958	0.02499	0.09358	0.16757	0.05476	0.00853	0.11454	0.10288	0.12820	0.07223	0.06225	0.02965	0.02446	0.00489	0.00144	0.00446	0.00497	0.00361	0.04497
7	0.01617	0.04791	0.01345	0.01051	0.04400	0.02497	0.00836	0.56677	0.06478	0.10249	0.01134	0.01129	0.00811	0.00531	0.00462	0.00134	0.02431	0.00401	0.00425	0.02601
8	0.08547	0.01086	0.01601	0.06453	0.32032	0.06028	0.14027	0.10840	0.03184	0.05207	0.01014	0.06130	0.00847	0.00493	0.00450	0.00140	0.00540	0.00458	0.00286	0.00636
9	0.00544	0.00449	0.00477	0.00480	0.00616	0.00383	0.00356	0.00668	0.01041	0.01282	0.14675	0.09827	0.65412	0.01123	0.00532	0.00152	0.00227	0.00949	0.00426	0.00383
10	0.04657	0.03232	0.37993	0.10348	0.18951	0.05586	0.05798	0.04388	0.01020	0.02744	0.00825	0.01014	0.00620	0.00426	0.00428	0.00138	0.00612	0.00360	0.00221	0.00639
11	0.00837	0.00630	0.00961	0.06562	0.14049	0.00682	0.02562	0.02715	0.00861	0.04238	0.01167	0.01623	0.01026	0.05987	0.43094	0.00450	0.00836	0.00460	0.10783	0.00478
12	0.00543	0.00452	0.00475	0.00473	0.00614	0.00383	0.00353	0.00669	0.01048	0.01286	0.14909	0.06487	0.68545	0.01111	0.00530	0.00151	0.00225	0.00935	0.00426	0.00383
13	0.00802	0.00712	0.01125	0.02888	0.01117	0.00830	0.11418	0.00976	0.00845	0.01223	0.11262	0.01870	0.01394	0.07605	0.25312	0.00352	0.22854	0.03478	0.03489	0.00448
14	0.00598	0.00430	0.00485	0.00505	0.00549	0.00405	0.00317	0.00643	0.00787	0.01009	0.02429	0.18906	0.22712	0.46575	0.01491	0.00311	0.00346	0.00847	0.00337	0.00317
15	0.04583	0.04841	0.01400	0.43732	0.03590	0.23088	0.04306	0.05574	0.01061	0.01266	0.00770	0.01038	0.00599	0.00454	0.00442	0.00137	0.02008	0.00360	0.00225	0.00528
16	0.11255	0.46914	0.05535	0.00882	0.01221	0.25321	0.00803	0.01471	0.00999	0.01192	0.00651	0.00755	0.00564	0.00411	0.00326	0.00108	0.00568	0.00258	0.00213	0.00552
17	0.00846	0.00725	0.00895	0.04431	0.04153	0.06001	0.00648	0.05479	0.00837	0.01142	0.01093	0.01758	0.01064	0.20331	0.35631	0.00455	0.12203	0.00481	0.01400	0.00429
18	0.00866	0.02124	0.73805	0.01207	0.01808	0.00974	0.01529	0.01348	0.00955	0.01420	0.04730	0.05416	0.00867	0.00500	0.00438	0.00144	0.00619	0.00403	0.00215	0.00634
19	0.00531	0.00453	0.00457	0.00456	0.00606	0.00379	0.00342	0.00647	0.01026	0.01223	0.06497	0.04280	0.79332	0.01127	0.00529	0.00151	0.00226	0.00941	0.00417	0.00379
20	0.01141	0.27633	0.06426	0.05559	0.42433	0.05672	0.02457	0.01378	0.00988	0.01295	0.00761	0.00964	0.00645	0.00400	0.00392	0.00122	0.00543	0.00340	0.00210	0.00642
21	0.01104	0.00953	0.01008	0.00899	0.01158	0.01089	0.00700	0.02320	0.77043	0.01852	0.01774	0.01635	0.01333	0.00594	0.00450	0.00148	0.00353	0.00495	0.00446	0.04645
22	0.00751	0.00389	0.00576	0.00587	0.00590	0.00386	0.00391	0.00587	0.00613	0.00818	0.00965	0.10540	0.01019	0.01537	0.01617	0.77340	0.00374	0.00487	0.00219	0.00213
23	0.00640	0.00474	0.00693	0.00693	0.00764	0.00545	0.00527	0.00782	0.00711	0.01019	0.01222	0.01888	0.01175	0.12405	0.73534	0.00687	0.01113	0.00498	0.00243	0.00385
24	0.01150	0.01027	0.01149	0.06041	0.11854	0.06464	0.00810	0.12602	0.34405	0.01757	0.01541	0.01542	0.07007	0.00559	0.00440	0.00135	0.00429	0.00462	0.00369	0.10255
25	0.01820	0.00997	0.01177	0.00909	0.01256	0.01016	0.00749	0.37938	0.05763	0.41385	0.01450	0.01324	0.00961	0.00549	0.00449	0.00137	0.00431	0.00431	0.00500	0.00758
26	0.00928	0.00795	0.00928	0.00663	0.01060	0.00596	0.00530	0.01126	0.00928	0.01458	0.00795	0.00928	0.00663	0.00331	0.00331	0.00066	0.00331	0.00265	0.00265	0.87014
27	0.00641	0.00473	0.00685	0.00685	0.00753	0.00541	0.00516	0.00777	0.00709	0.01013	0.01229	0.01931	0.01194	0.15350	0.70615	0.00677	0.01085	0.00505	0.00244	0.00380
28	0.00941	0.00803	0.00935	0.00669	0.01066	0.00610	0.00535	0.02465	0.00948	0.01481	0.00800	0.00930	0.00664	0.00335	0.00333	0.00067	0.00334	0.00267	0.00268	0.85550
29	0.00914	0.02079	0.68788	0.01261	0.03337	0.01004	0.03965	0.03503	0.00976	0.01446	0.00885	0.04514	0.00685	0.00464	0.00431	0.00140	0.00625	0.00377	0.00211	0.04396
30	0.00986	0.01942	0.57736	0.01257	0.01785	0.01106	0.05731	0.08011	0.01013	0.01491	0.00802	0.00974	0.00595	0.00478	0.00571	0.00147	0.11819	0.00354	0.00216	0.02987
31	0.00641	0.00484	0.00644	0.00643	0.00726	0.00523	0.00478	0.00815	0.04204	0.01108	0.05130	0.05931	0.12812	0.15337	0.47872	0.00522	0.00823	0.00621	0.00297	0.00389
32	0.01660	0.01718	0.01273	0.01085	0.01365	0.47113	0.00845	0.29238	0.06027	0.04086	0.00920	0.00970	0.00701	0.00499	0.00423	0.00125	0.00659	0.00345	0.00329	0.00621
33	0.01119	0.01091	0.01762	0.17242	0.29405	0.05163	0.19765	0.09854	0.03675	0.01511	0.00920	0.01222	0.00739	0.03931	0.00539	0.00153	0.00596	0.00438	0.00253	0.00622
34	0.01474	0.01704	0.04283	0.01209	0.07489	0.49807	0.04165	0.11563	0.01289	0.01418	0.00854	0.01014	0.00691	0.02277	0.00450	0.00127	0.00672	0.00343	0.08611	0.00558
35	0.01071	0.01188	0.11422	0.11277	0.40763	0.03251	0.06419	0.07481	0.01065	0.01484	0.00873	0.01133	0.00705	0.00626	0.06262	0.00176	0.00614	0.00397	0.00236	0.03557
36	0.00595	0.00471	0.00540	0.00542	0.00668	0.00426	0.00409	0.00783	0.04043	0.01411	0.27108	0.11336	0.43082	0.01079	0.00535	0.00154	0.00241	0.05732	0.00440	0.00404
37	0.00554	0.00404	0.00521	0.00598	0.00646	0.00372	0.00408	0.00651	0.00923	0.01227	0.12098	0.65880	0.11440	0.01315	0.00561	0.00174	0.00250	0.01182	0.00424	0.00372
38	0.00719	0.00588	0.00834	0.00789	0.00839	0.00727	0.00613	0.00841	0.00701	0.01022	0.01089	0.01753	0.01072	0.14876	0.51813	0.00556	0.20050	0.00485	0.00234	0.00401
39	0.00541	0.00452	0.00472	0.00471	0.00613	0.00382	0.00352	0.00665	0.01043	0.01274	0.13338	0.06680	0.69949	0.01116	0.00530	0.00151	0.00226	0.00939	0.00424	0.00382
40	0.00834	0.00417	0.00417	0.00417	0.00521	0.00417	0.00313	0.01042	0.00938	0.01668	0.01459	0.01668	0.01147	0.00521	0.00313	0.00104	0.00208	0.00417	0.86763	0.00417
41	0.00973	0.10834	0.64141	0.01246	0.01842	0.01141	0.06203	0.04686	0.00992	0.01432	0.00798	0.00942	0.00583	0.00428	0.00435	0.00138	0.01997	0.00337	0.00202	0.00650
42	0.00888	0.00805	0.01012	0.03195	0.04332	0.06533	0.00738	0.05178	0.00838	0.01158	0.01026	0.05013	0.01001	0.09269	0.32514	0.00405	0.24914	0.00480	0.00246	0.00455
43	0.00834	0.00417	0.00417	0.00417	0.00521	0.00417	0.00313	0.01042	0.00938	0.01668	0.01459	0.01668	0.01147	0.00521	0.00313	0.00104	0.00208	0.00417	0.86763	0.00417
44	0.00545	0.00389	0.00519	0.00623	0.00649	0.00363	0.00415	0.00623	0.00856	0.01142	0.02465	0.83987	0.02959	0.01401	0.00571	0.00182	0.00260	0.01272	0.00415	0.00363
45	0.01132	0.01061	0.01744	0.06051	0.69179	0.01095	0.01314	0.06802	0.01074	0.01526	0.00845	0.01103	0.00702	0.00426	0.00486	0.00136	0.03996	0.00399	0.00235	0.00694
46	0.00683	0.00550	0.00742	0.00737	0.00824	0.04067	0.00572	0.00841	0.00742	0.01041	0.01176	0.01717	0.01095	0.03231	0.78991	0.00693	0.01181	0.00471	0.00239	0.00404
47	0.00805	0.00578	0.00735	0.00779	0.00900	0.00602	0.00652	0.04448	0.09368	0.01438	0.02074	0.03994	0.02141	0.07866	0.02926	0.00222	0.00416	0.52383	0.07225	0.00446
48	0.06660	0.04911	0.01319	0.02366	0.08143	0.40049	0.00869	0.22479	0.05038	0.01674	0.00901	0.00985	0.01708	0.00485	0.00411	0.00125	0.00628	0.00343	0.00301	0.00606
49	0.01700	0.01253	0.01342	0.01029	0.01387	0.01387	0.00850	0.79997	0.02103	0.02819	0.01074	0.01074	0.00761	0.00537	0.00447	0.00134	0.00492	0.00403	0.00447	0.00761
50	0.02570	0.00894	0.01315	0.39979	0.14202	0.00975	0.01045	0.10537	0.01066	0.03804	0.00855	0.01112	0.00658	0.00439	0.00446	0.00130	0.02456	0.00372	0.00256	0.16889
51	0.00709	0.00546	0.00820	0.00788	0.02736	0.00574	0.06210	0.00868	0.01870	0.02403	0.03583	0.02415	0.07195	0.20105	0.40950	0.00493	0.00808	0.06239	0.00285	0.00403
52	0.01081	0.00885	0.04359	0.00882	0.04059	0.00863	0.02822	0.22863	0.13476	0.05422	0.22443	0.02306	0.15174	0.00731	0.00484	0.00142	0.00365	0.00616	0.00434	0.00591
53	0.00687	0.00508	0.00711	0.00706	0.00769	0.00579	0.00533	0.00811	0.00755	0.02621	0.01457	0.13485	0.02972	0.13222	0.46699	0.00514	0.07983	0.02297	0.02299	0.00393
54	0.00969	0.07113	0.07827	0.06402	0.03991	0.05032	0.02842	0.08570	0.04407	0.01308	0.01040	0.04285	0.00951	0.05112	0.20265	0.03534	0.13310	0.02274	0.00260	0.00509
55	0.00880	0.00852	0.01339	0.79691	0.03008	0.04483	0.01226	0.01170	0.00910	0.01141	0.00791	0.01176	0.00595	0.00448	0.00445	0.00148	0.00605	0.00393	0.00200	0.00498
56	0.00979	0.00979	0.01370	0.01174	0.01174	0.01370	0.00979	0.01077	0.00685	0.01077	0.00587	0.00979	0.00587	0.00783	0.01468	0.00196	0.83461	0.00391	0.00196	0.00489
57	0.01050	0.06881	0.05718	0.11471	0.12617	0.02637	0.36677	0.02757	0.03059	0.02929	0.01007	0.04483	0.02108	0.00475	0.00520	0.00146	0.04138	0.00488	0.00244	0.00594
58	0.00645	0.03990	0.00751	0.00768	0.04312	0.00512	0.03435	0.00788	0.03364	0.01223	0.08139	0.61664	0.02664	0.04764	0.00618	0.00182	0.00306	0.01077	0.00391	0.00407
59	0.01107	0.01063	0.01816	0.02746	0.81489	0.01063	0.01373	0.01373	0.01019	0.01461	0.00841	0.01107	0.00709	0.00399	0.00443	0.00133	0.00531	0.00399	0.00221	0.00709
60	0.01026	0.00796	0.00620	0.00587	0.00726	0.17374	0.00443	0.03481	0.01041	0.01575	0.01343	0.01518	0.02402	0.00520	0.00339	0.00108	0.00340	0.00399	0.64915	0.00447
61	0.01096	0.07356	0.01036	0.03299	0.03119	0.02426	0.03150	0.11501	0.12727	0.06016	0.01344	0.08544	0.01122	0.00567	0.00397	0.00122	0.00367	0.00470	0.23301	0.12040

[dist]
# distance from previous block
# <min> <max>
1	8

[block]
# block no. 4 follows, 58 sequences, length 11
# corresponding to MSA columns:
# 661-666,668-672
name=unknown_E
#
# <colnr> <probs for GDERKNQSTAVLIFYWHMCP>
#	G	D	E	R	K	N	Q	S	T	A	V	L	I	F	Y	W	H	M	C	P
0	0.03513	0.01033	0.01182	0.12004	0.11620	0.12397	0.02619	0.12828	0.06511	0.03498	0.01187	0.03664	0.03353	0.10282	0.05065	0.00208	0.05946	0.02244	0.00299	0.00548
1	0.00976	0.00933	0.01330	0.10354	0.09284	0.01183	0.02590	0.01276	0.11377	0.01246	0.00893	0.01299	0.00802	0.03300	0.01070	0.00182	0.46027	0.02873	0.00245	0.02761
2	0.00928	0.00795	0.00928	0.00663	0.01060	0.00596	0.00530	0.01126	0.00928	0.01458	0.00795	0.00928	0.00663	0.00331	0.00331	0.00066	0.00331	0.00265	0.00265	0.87014
3	0.00920	0.00765	0.00886	0.00643	0.01017	0.00582	0.00513	0.01120	0.00928	0.01475	0.00849	0.00987	0.00702	0.00347	0.00330	0.00069	0.00321	0.00277	0.07232	0.80039
4	0.87439	0.00865	0.00657	0.00588	0.00865	0.01003	0.00484	0.01315	0.00761	0.02007	0.00623	0.00727	0.00484	0.00415	0.00277	0.00138	0.00346	0.00242	0.00277	0.00484
5	0.01363	0.03282	0.01120	0.00983	0.01209	0.43015	0.00750	0.08413	0.18047	0.01452	0.05710	0.06589	0.04948	0.00613	0.00439	0.00131	0.00582	0.00465	0.00331	0.00559
6	0.00890	0.02046	0.67166	0.01274	0.01867	0.00995	0.09272	0.01369	0.00983	0.01451	0.07696	0.01175	0.00890	0.00462	0.00444	0.00142	0.00632	0.00391	0.00219	0.00635
7	0.00546	0.00454	0.00478	0.00472	0.00615	0.00385	0.00354	0.00676	0.01061	0.01308	0.17550	0.04141	0.68227	0.01096	0.00528	0.00149	0.00224	0.00921	0.00428	0.00385
8	0.00639	0.00479	0.00719	0.00719	0.00799	0.00559	0.00559	0.00799	0.00719	0.01038	0.01198	0.01757	0.01118	0.03355	0.82507	0.00719	0.01198	0.00479	0.00240	0.00399
9	0.00860	0.00773	0.01261	0.63011	0.08992	0.00936	0.01119	0.01127	0.00890	0.01198	0.00878	0.01301	0.00701	0.04410	0.00556	0.00159	0.03312	0.00411	0.07610	0.00496
10	0.01230	0.64311	0.05485	0.00814	0.01168	0.03311	0.00793	0.02950	0.00945	0.06714	0.00737	0.00862	0.00640	0.02130	0.00437	0.01846	0.04548	0.00281	0.00224	0.00576

[dist]
# distance from previous block
# <min> <max>
0	2

[block]
# block no. 5 follows, 58 sequences, length 49
# corresponding to MSA columns:
# 676-724
name=unknown_F
#
# <colnr> <probs for GDERKNQSTAVLIFYWHMCP>
#	G	D	E	R	K	N	Q	S	T	A	V	L	I	F	Y	W	H	M	C	P
0	0.38197	0.02560	0.02341	0.03737	0.07771	0.07745	0.12328	0.09176	0.05709	0.05281	0.00859	0.00976	0.00650	0.00442	0.00380	0.00138	0.00489	0.00347	0.00295	0.00579
1	0.08634	0.01236	0.07130	0.11741	0.26998	0.12149	0.02454	0.12579	0.01158	0.03320	0.00975	0.01152	0.03405	0.00479	0.00459	0.00136	0.03293	0.00388	0.01696	0.00617
2	0.00636	0.00553	0.00551	0.00560	0.00671	0.05966	0.00403	0.00752	0.01021	0.01269	0.17298	0.21552	0.39653	0.06299	0.00639	0.00171	0.00283	0.00930	0.00408	0.00385
3	0.01703	0.01095	0.01257	0.05861	0.01418	0.01173	0.00821	0.55498	0.01815	0.21470	0.01244	0.02548	0.00869	0.00550	0.00450	0.00137	0.00468	0.00428	0.00457	0.00739
4	0.00568	0.00451	0.00505	0.00508	0.00630	0.00395	0.00377	0.00700	0.01049	0.01331	0.22414	0.10009	0.50164	0.05137	0.00620	0.00167	0.00243	0.03924	0.00427	0.00383
5	0.00733	0.00404	0.00550	0.00550	0.00550	0.00404	0.00347	0.00606	0.00606	0.00809	0.00998	0.01907	0.01074	0.30441	0.01933	0.56762	0.00404	0.00480	0.00221	0.00221
6	0.00897	0.02314	0.81962	0.01275	0.01936	0.01039	0.01653	0.01417	0.00944	0.01417	0.00803	0.00944	0.00567	0.00425	0.00425	0.00142	0.00661	0.00331	0.00189	0.00661
7	0.00594	0.00457	0.00544	0.00525	0.00648	0.00406	0.00395	0.00767	0.01166	0.01558	0.50030	0.03746	0.34149	0.01005	0.00530	0.00146	0.00221	0.02248	0.00461	0.00405
8	0.01196	0.84548	0.02344	0.00765	0.01148	0.01770	0.00765	0.01339	0.00909	0.01052	0.00622	0.00718	0.00574	0.00383	0.00287	0.00096	0.00478	0.00239	0.00191	0.00574
9	0.87439	0.00865	0.00657	0.00588	0.00865	0.01003	0.00484	0.01315	0.00761	0.02007	0.00623	0.00727	0.00484	0.00415	0.00277	0.00138	0.00346	0.00242	0.00277	0.00484
10	0.00845	0.00795	0.01342	0.83204	0.03081	0.00994	0.01242	0.01143	0.00894	0.01143	0.00795	0.01193	0.00596	0.00447	0.00447	0.00149	0.00596	0.00398	0.00199	0.00497
11	0.00959	0.01670	0.43229	0.01830	0.34848	0.01004	0.01448	0.01346	0.00980	0.01421	0.01070	0.01238	0.06058	0.00462	0.00439	0.00139	0.00578	0.00400	0.00218	0.00662
12	0.01473	0.01878	0.04978	0.01184	0.01427	0.61366	0.08364	0.01623	0.01161	0.01125	0.00760	0.01002	0.00657	0.06108	0.00598	0.00145	0.05065	0.00343	0.00229	0.00515
13	0.00710	0.00591	0.00793	0.00752	0.04456	0.00548	0.05213	0.00985	0.07117	0.01565	0.37705	0.03150	0.24342	0.00868	0.00509	0.00142	0.00288	0.03564	0.00422	0.06281
14	0.00935	0.02128	0.06534	0.03694	0.06467	0.15814	0.00700	0.04392	0.08814	0.01370	0.06524	0.07715	0.31541	0.00807	0.00479	0.00143	0.00425	0.00665	0.00351	0.00501
15	0.00640	0.00477	0.00709	0.00709	0.00785	0.00554	0.00546	0.00792	0.00716	0.01031	0.01208	0.01810	0.01141	0.06993	0.78900	0.00706	0.01164	0.00487	0.00241	0.00394
16	0.00834	0.00417	0.00417	0.00417	0.00521	0.00417	0.00313	0.01042	0.00938	0.01668	0.01459	0.01668	0.01147	0.00521	0.00313	0.00104	0.00208	0.00417	0.86763	0.00417
17	0.01025	0.01130	0.02374	0.15120	0.07784	0.01104	0.61843	0.01382	0.01027	0.01388	0.00883	0.01198	0.00667	0.00390	0.00509	0.00149	0.00714	0.00498	0.00221	0.00593
18	0.01646	0.01955	0.01302	0.01239	0.06765	0.68876	0.00891	0.06930	0.01306	0.03976	0.00763	0.00869	0.00615	0.00465	0.00410	0.00118	0.00753	0.00309	0.00255	0.00556
19	0.00544	0.00392	0.00516	0.00615	0.00647	0.00364	0.00412	0.00624	0.00864	0.01145	0.02561	0.80293	0.06591	0.01389	0.00569	0.00180	0.00258	0.01256	0.00415	0.00364
20	0.00834	0.00417	0.00417	0.00417	0.00521	0.00417	0.00313	0.01042	0.00938	0.01668	0.01459	0.01668	0.01147	0.00521	0.00313	0.00104	0.00208	0.00417	0.86763	0.00417
21	0.00545	0.00389	0.00519	0.00623	0.00649	0.00363	0.00415	0.00623	0.00856	0.01142	0.02465	0.83987	0.02959	0.01401	0.00571	0.00182	0.00260	0.01272	0.00415	0.00363
22	0.00547	0.00392	0.00517	0.00616	0.00644	0.00365	0.00410	0.00624	0.00854	0.01136	0.02480	0.80237	0.04522	0.03569	0.00615	0.00188	0.00263	0.01249	0.00411	0.00361
23	0.01941	0.00868	0.01104	0.00846	0.01195	0.00816	0.00699	0.19056	0.01459	0.64670	0.01615	0.01425	0.01032	0.00550	0.00449	0.00138	0.00405	0.00440	0.00531	0.00761
24	0.01019	0.00955	0.01593	0.05125	0.64963	0.00957	0.01231	0.01269	0.01016	0.01421	0.01248	0.01737	0.06323	0.00537	0.00467	0.00142	0.00501	0.08595	0.00254	0.00648
25	0.00579	0.00394	0.00507	0.00597	0.00630	0.00371	0.00399	0.00668	0.00857	0.01187	0.02322	0.72479	0.02722	0.04311	0.00606	0.00183	0.00261	0.01160	0.09402	0.00366
26	0.00651	0.00434	0.00488	0.00488	0.00488	0.00434	0.00271	0.00651	0.00651	0.00867	0.01409	0.02927	0.01626	0.84279	0.02277	0.00434	0.00434	0.00651	0.00271	0.00271
27	0.00544	0.00392	0.00517	0.00617	0.00647	0.00364	0.00412	0.00624	0.00862	0.01144	0.02542	0.81051	0.05846	0.01392	0.00569	0.00181	0.00258	0.01260	0.00415	0.00364
28	0.01535	0.01893	0.01337	0.06218	0.10468	0.65736	0.00948	0.01677	0.01198	0.01138	0.00711	0.00869	0.00593	0.00464	0.00447	0.00122	0.03572	0.00311	0.00226	0.00538
29	0.01700	0.01253	0.01342	0.01029	0.01387	0.01387	0.00850	0.79997	0.02103	0.02819	0.01074	0.01074	0.00761	0.00537	0.00447	0.00134	0.00492	0.00403	0.00447	0.00761
30	0.01107	0.01063	0.01816	0.02746	0.81489	0.01063	0.01373	0.01373	0.01019	0.01461	0.00841	0.01107	0.00709	0.00399	0.00443	0.00133	0.00531	0.00399	0.00221	0.00709
31	0.01113	0.00961	0.01011	0.00910	0.01163	0.01113	0.00708	0.02377	0.80681	0.01871	0.01821	0.01669	0.01365	0.00607	0.00455	0.00152	0.00354	0.00506	0.00455	0.00708
32	0.00545	0.00389	0.00519	0.00623	0.00649	0.00363	0.00415	0.00623	0.00856	0.01142	0.02465	0.83987	0.02959	0.01401	0.00571	0.00182	0.00260	0.01272	0.00415	0.00363
33	0.00640	0.00477	0.00705	0.00705	0.00780	0.00552	0.00542	0.00790	0.00715	0.01028	0.01211	0.01827	0.01149	0.08174	0.77729	0.00702	0.01153	0.00489	0.00242	0.00392
34	0.00662	0.00511	0.00754	0.00741	0.00813	0.00609	0.00577	0.00812	0.00714	0.01035	0.01165	0.01747	0.01101	0.06112	0.74149	0.00673	0.06706	0.00480	0.00238	0.00401
35	0.01145	0.70421	0.16021	0.00853	0.01283	0.01644	0.00918	0.01353	0.00915	0.01115	0.00653	0.00757	0.00573	0.00390	0.00311	0.00104	0.00510	0.00255	0.00191	0.00589
36	0.00633	0.00457	0.00598	0.00563	0.00668	0.00422	0.00422	0.00844	0.01266	0.01794	0.81253	0.03341	0.04221	0.00914	0.00528	0.00141	0.00211	0.00809	0.00492	0.00422
37	0.00927	0.08941	0.72634	0.01256	0.01887	0.01101	0.04413	0.01411	0.00946	0.01388	0.00792	0.00936	0.00571	0.00420	0.00418	0.00138	0.00650	0.00330	0.00190	0.00652
38	0.00928	0.00795	0.00928	0.00663	0.01060	0.00596	0.00530	0.01126	0.00928	0.01458	0.00795	0.00928	0.00663	0.00331	0.00331	0.00066	0.00331	0.00265	0.00265	0.87014
39	0.00651	0.00434	0.00488	0.00488	0.00488	0.00434	0.00271	0.00651	0.00651	0.00867	0.01409	0.02927	0.01626	0.84279	0.02277	0.00434	0.00434	0.00651	0.00271	0.00271
40	0.00625	0.00501	0.00572	0.00588	0.00719	0.01600	0.00466	0.00800	0.02455	0.01371	0.19729	0.05385	0.42131	0.01099	0.00548	0.00162	0.00280	0.20138	0.00429	0.00403
41	0.00651	0.00434	0.00488	0.00488	0.00488	0.00434	0.00271	0.00651	0.00651	0.00867	0.01409	0.02927	0.01626	0.84279	0.02277	0.00434	0.00434	0.00651	0.00271	0.00271
42	0.00639	0.00479	0.00719	0.00719	0.00799	0.00559	0.00559	0.00799	0.00719	0.01038	0.01198	0.01757	0.01118	0.03355	0.82507	0.00719	0.01198	0.00479	0.00240	0.00399
43	0.00724	0.00525	0.00640	0.00591	0.00726	0.00497	0.00448	0.06190	0.02916	0.03408	0.57678	0.06022	0.16076	0.00927	0.00521	0.00143	0.00241	0.00805	0.00475	0.00449
44	0.00546	0.00393	0.00518	0.00615	0.00647	0.00365	0.00412	0.00628	0.00872	0.01158	0.04204	0.78992	0.06233	0.01380	0.00568	0.00180	0.00257	0.01248	0.00417	0.00365
45	0.00994	0.00831	0.00925	0.00855	0.01063	0.00959	0.00668	0.01964	0.59223	0.01676	0.01705	0.01817	0.01356	0.01189	0.17191	0.00268	0.00525	0.03494	0.02672	0.00626
46	0.00925	0.01924	0.61116	0.01269	0.07189	0.00981	0.01426	0.06019	0.01060	0.01552	0.11257	0.01274	0.01062	0.00493	0.00441	0.00140	0.00584	0.00402	0.00246	0.00639
47	0.06000	0.06428	0.01063	0.25598	0.02792	0.08177	0.03679	0.01029	0.00946	0.01205	0.03300	0.06540	0.23463	0.00765	0.00551	0.05566	0.01581	0.00580	0.00285	0.00449
48	0.02978	0.39983	0.26510	0.00997	0.03952	0.06178	0.01032	0.01413	0.02855	0.04008	0.05634	0.01014	0.00832	0.00445	0.00365	0.00119	0.00531	0.00323	0.00232	0.00600

[dist]
# distance from previous block
# <min> <max>
0	13

[block]
# block no. 6 follows, 58 sequences, length 12
# corresponding to MSA columns:
# 738-749
name=unknown_G
#
# <colnr> <probs for GDERKNQSTAVLIFYWHMCP>
#	G	D	E	R	K	N	Q	S	T	A	V	L	I	F	Y	W	H	M	C	P
0	0.01111	0.01232	0.05185	0.04735	0.09257	0.14478	0.02872	0.03709	0.00887	0.01198	0.00684	0.00997	0.00616	0.00703	0.02887	0.00181	0.48142	0.00378	0.00213	0.00533
1	0.00622	0.00426	0.00498	0.00518	0.00534	0.00416	0.00311	0.00653	0.00737	0.00980	0.05261	0.19928	0.05505	0.59689	0.01768	0.00356	0.00379	0.00800	0.00317	0.00302
2	0.00616	0.00457	0.00574	0.00544	0.00658	0.00415	0.00408	0.00810	0.01225	0.01696	0.68442	0.03502	0.17093	0.00951	0.00528	0.00142	0.00214	0.00832	0.00480	0.00415
3	0.87439	0.00865	0.00657	0.00588	0.00865	0.01003	0.00484	0.01315	0.00761	0.02007	0.00623	0.00727	0.00484	0.00415	0.00277	0.00138	0.00346	0.00242	0.00277	0.00484
4	0.00639	0.00479	0.00719	0.00719	0.00799	0.00559	0.00559	0.00799	0.00719	0.01038	0.01198	0.01757	0.01118	0.03355	0.82507	0.00719	0.01198	0.00479	0.00240	0.00399
5	0.00650	0.00437	0.00507	0.00507	0.00513	0.00444	0.00295	0.00663	0.00656	0.00881	0.01392	0.02832	0.01585	0.77691	0.08809	0.00457	0.00496	0.00637	0.00268	0.00281
6	0.01700	0.01253	0.01342	0.01029	0.01387	0.01387	0.00850	0.79997	0.02103	0.02819	0.01074	0.01074	0.00761	0.00537	0.00447	0.00134	0.00492	0.00403	0.00447	0.00761
7	0.01093	0.01066	0.01834	0.02560	0.69664	0.01092	0.06583	0.01353	0.00994	0.01428	0.00825	0.01103	0.00697	0.00428	0.00532	0.00139	0.07298	0.00407	0.00220	0.00684
8	0.00897	0.02314	0.81962	0.01275	0.01936	0.01039	0.01653	0.01417	0.00944	0.01417	0.00803	0.00944	0.00567	0.00425	0.00425	0.00142	0.00661	0.00331	0.00189	0.00661
9	0.01107	0.01063	0.01816	0.02746	0.81489	0.01063	0.01373	0.01373	0.01019	0.01461	0.00841	0.01107	0.00709	0.00399	0.00443	0.00133	0.00531	0.00399	0.00221	0.00709
10	0.00607	0.00434	0.00565	0.00642	0.00688	0.00417	0.00445	0.03661	0.00925	0.01237	0.06058	0.69348	0.02862	0.04435	0.00631	0.00189	0.00282	0.05779	0.00414	0.00381
11	0.01543	0.01812	0.01203	0.01077	0.01314	0.60502	0.00818	0.08664	0.11095	0.01383	0.05648	0.01087	0.00906	0.00512	0.00421	0.00123	0.00688	0.00356	0.00293	0.00557

[dist]
# distance from previous block
# <min> <max>
0	1

[block]
# block no. 7 follows, 58 sequences, length 68
# corresponding to MSA columns:
# 755-822
name=unknown_H
#
# <colnr> <probs for GDERKNQSTAVLIFYWHMCP>
#	G	D	E	R	K	N	Q	S	T	A	V	L	I	F	Y	W	H	M	C	P
0	0.01323	0.01071	0.01096	0.00937	0.01211	0.05730	0.00739	0.25059	0.44939	0.05577	0.01572	0.06238	0.01225	0.00622	0.00456	0.00146	0.00416	0.00505	0.00442	0.00695
1	0.13093	0.57312	0.01921	0.00854	0.03106	0.15096	0.00758	0.01411	0.00951	0.01200	0.00639	0.00743	0.00565	0.00401	0.00309	0.00106	0.00516	0.00252	0.00210	0.00556
2	0.00639	0.00478	0.00713	0.00713	0.00791	0.00556	0.00552	0.00795	0.00717	0.01034	0.01204	0.01788	0.01132	0.05502	0.80378	0.00711	0.01178	0.00484	0.00240	0.00396
3	0.01671	0.02132	0.01268	0.01152	0.01383	0.82483	0.00864	0.01786	0.01268	0.01095	0.00691	0.00807	0.00576	0.00461	0.00403	0.00115	0.00807	0.00288	0.00230	0.00519
4	0.00575	0.00412	0.00546	0.00602	0.00655	0.00383	0.00418	0.00698	0.00996	0.01364	0.29286	0.56534	0.03388	0.01236	0.00556	0.00168	0.00243	0.01114	0.00442	0.00383
5	0.01700	0.01253	0.01342	0.01029	0.01387	0.01387	0.00850	0.79997	0.02103	0.02819	0.01074	0.01074	0.00761	0.00537	0.00447	0.00134	0.00492	0.00403	0.00447	0.00761
6	0.00834	0.00417	0.00417	0.00417	0.00521	0.00417	0.00313	0.01042	0.00938	0.01668	0.01459	0.01668	0.01147	0.00521	0.00313	0.00104	0.00208	0.00417	0.86763	0.00417
7	0.00529	0.00453	0.00453	0.00453	0.00604	0.00378	0.00340	0.00642	0.01020	0.01208	0.04532	0.04305	0.81307	0.01133	0.00529	0.00151	0.00227	0.00944	0.00415	0.00378
8	0.00546	0.00396	0.00516	0.00608	0.00646	0.00366	0.00409	0.00630	0.00880	0.01165	0.04722	0.75463	0.09270	0.01367	0.00566	0.00178	0.00256	0.01233	0.00417	0.00366
9	0.01070	0.00916	0.00975	0.00879	0.01119	0.01051	0.00683	0.02241	0.73626	0.01864	0.08877	0.01818	0.01619	0.00634	0.00462	0.00151	0.00341	0.00533	0.00458	0.00683
10	0.00545	0.00391	0.00517	0.00618	0.00647	0.00364	0.00413	0.00623	0.00861	0.01144	0.02528	0.81568	0.05337	0.01393	0.00570	0.00181	0.00259	0.01262	0.00415	0.00364
11	0.00928	0.00795	0.00928	0.00663	0.01060	0.00596	0.00530	0.01126	0.00928	0.01458	0.00795	0.00928	0.00663	0.00331	0.00331	0.00066	0.00331	0.00265	0.00265	0.87014
12	0.00676	0.00586	0.00626	0.00596	0.00754	0.00587	0.00457	0.01021	0.16994	0.01344	0.05347	0.05509	0.56714	0.01008	0.00573	0.00154	0.05364	0.00827	0.00412	0.00451
13	0.00670	0.00518	0.00752	0.00735	0.00800	0.00617	0.00567	0.00808	0.00709	0.01025	0.01166	0.01806	0.01123	0.11154	0.67546	0.00645	0.08236	0.00489	0.00239	0.00394
14	0.01041	0.01178	0.02548	0.07605	0.02390	0.01122	0.74334	0.01412	0.01044	0.01412	0.00897	0.01206	0.00673	0.00382	0.00522	0.00151	0.00743	0.00519	0.00224	0.00596
15	0.00845	0.00795	0.01342	0.83204	0.03081	0.00994	0.01242	0.01143	0.00894	0.01143	0.00795	0.01193	0.00596	0.00447	0.00447	0.00149	0.00596	0.00398	0.00199	0.00497
16	0.01026	0.00941	0.01597	0.19232	0.53189	0.00976	0.03169	0.01285	0.00991	0.03502	0.01013	0.06538	0.00902	0.00505	0.00460	0.00142	0.00525	0.03131	0.00244	0.00631
17	0.87439	0.00865	0.00657	0.00588	0.00865	0.01003	0.00484	0.01315	0.00761	0.02007	0.00623	0.00727	0.00484	0.00415	0.00277	0.00138	0.00346	0.00242	0.00277	0.00484
18	0.00633	0.00475	0.00690	0.00690	0.00770	0.00541	0.00530	0.00781	0.00734	0.01039	0.01415	0.01978	0.06071	0.07689	0.73040	0.00668	0.01096	0.00517	0.00252	0.00391
19	0.87439	0.00865	0.00657	0.00588	0.00865	0.01003	0.00484	0.01315	0.00761	0.02007	0.00623	0.00727	0.00484	0.00415	0.00277	0.00138	0.00346	0.00242	0.00277	0.00484
20	0.01319	0.01474	0.01474	0.01235	0.01408	0.32652	0.10003	0.08381	0.01078	0.01279	0.00707	0.00947	0.00609	0.00590	0.00858	0.00154	0.34690	0.00368	0.00235	0.00538
21	0.00583	0.00405	0.00508	0.00575	0.00591	0.00388	0.00364	0.00633	0.00783	0.01044	0.02088	0.55015	0.02482	0.31023	0.01181	0.00272	0.00322	0.01050	0.00364	0.00330
22	0.00549	0.00392	0.00523	0.00627	0.00655	0.00367	0.00422	0.00629	0.00860	0.01146	0.02463	0.82308	0.02950	0.01398	0.00572	0.00182	0.00263	0.02914	0.00415	0.00364
23	0.00620	0.00479	0.00581	0.00618	0.00744	0.00439	0.00506	0.00784	0.01055	0.01336	0.13430	0.04484	0.39355	0.01147	0.00565	0.00172	0.00300	0.32562	0.00424	0.00397
24	0.01115	0.62251	0.23931	0.00904	0.01362	0.01572	0.01006	0.01360	0.00919	0.01151	0.00671	0.00779	0.00572	0.00394	0.00324	0.00108	0.00528	0.00264	0.00191	0.00598
25	0.00651	0.00434	0.00488	0.00488	0.00488	0.00434	0.00271	0.00651	0.00651	0.00867	0.01409	0.02927	0.01626	0.84279	0.02277	0.00434	0.00434	0.00651	0.00271	0.00271
26	0.01700	0.01253	0.01342	0.01029	0.01387	0.01387	0.00850	0.79997	0.02103	0.02819	0.01074	0.01074	0.00761	0.00537	0.00447	0.00134	0.00492	0.00403	0.00447	0.00761
27	0.00639	0.00479	0.00719	0.00719	0.00799	0.00559	0.00559	0.00799	0.00719	0.01038	0.01198	0.01757	0.01118	0.03355	0.82507	0.00719	0.01198	0.00479	0.00240	0.00399
28	0.00550	0.00393	0.00524	0.00628	0.00656	0.00367	0.00423	0.00631	0.00861	0.01147	0.02463	0.81893	0.02948	0.01397	0.00572	0.00182	0.00264	0.03320	0.00415	0.00365
29	0.00545	0.00389	0.00519	0.00623	0.00649	0.00363	0.00415	0.00623	0.00856	0.01142	0.02465	0.83987	0.02959	0.01401	0.00571	0.00182	0.00260	0.01272	0.00415	0.00363
30	0.01558	0.01182	0.01262	0.01000	0.01333	0.01320	0.00816	0.61134	0.21199	0.02589	0.01255	0.01219	0.00908	0.00554	0.00449	0.00138	0.00459	0.00428	0.00449	0.00748
31	0.00874	0.00820	0.01383	0.70483	0.12946	0.00988	0.01243	0.01165	0.00914	0.01189	0.00849	0.01300	0.00671	0.00465	0.00452	0.00149	0.00582	0.02796	0.00208	0.00521
32	0.01025	0.01024	0.01358	0.56710	0.07222	0.12308	0.02220	0.05827	0.01030	0.01272	0.02978	0.01180	0.00709	0.00472	0.00472	0.00144	0.02899	0.00396	0.00227	0.00527
33	0.00965	0.02221	0.76483	0.01248	0.01888	0.01031	0.01590	0.03437	0.00988	0.04867	0.00850	0.00972	0.00595	0.00433	0.00427	0.00141	0.00645	0.00337	0.00211	0.00668
34	0.00686	0.00477	0.00587	0.00575	0.00611	0.00505	0.00376	0.03642	0.00724	0.00989	0.01336	0.02519	0.01447	0.57712	0.25462	0.00505	0.00657	0.00592	0.00268	0.00326
35	0.01111	0.01092	0.03747	0.04390	0.75904	0.01069	0.01364	0.03301	0.01041	0.01487	0.00845	0.01104	0.00704	0.00404	0.00443	0.00133	0.00535	0.00397	0.00226	0.00704
36	0.00740	0.00498	0.00704	0.00680	0.00744	0.00508	0.03583	0.05215	0.00821	0.01114	0.04909	0.19952	0.01634	0.14743	0.14216	0.26227	0.00509	0.02565	0.00296	0.00340
37	0.87439	0.00865	0.00657	0.00588	0.00865	0.01003	0.00484	0.01315	0.00761	0.02007	0.00623	0.00727	0.00484	0.00415	0.00277	0.00138	0.00346	0.00242	0.00277	0.00484
38	0.01113	0.00961	0.01011	0.00910	0.01163	0.01113	0.00708	0.02377	0.80681	0.01871	0.01821	0.01669	0.01365	0.00607	0.00455	0.00152	0.00354	0.00506	0.00455	0.00708
39	0.00928	0.00795	0.00928	0.00663	0.01060	0.00596	0.00530	0.01126	0.00928	0.01458	0.00795	0.00928	0.00663	0.00331	0.00331	0.00066	0.00331	0.00265	0.00265	0.87014
40	0.00897	0.02314	0.81962	0.01275	0.01936	0.01039	0.01653	0.01417	0.00944	0.01417	0.00803	0.00944	0.00567	0.00425	0.00425	0.00142	0.00661	0.00331	0.00189	0.00661
41	0.01107	0.01063	0.01816	0.02746	0.81489	0.01063	0.01373	0.01373	0.01019	0.01461	0.00841	0.01107	0.00709	0.00399	0.00443	0.00133	0.00531	0.00399	0.00221	0.00709
42	0.00928	0.00795	0.00928	0.00663	0.01060	0.00596	0.00530	0.01126	0.00928	0.01458	0.00795	0.00928	0.00663	0.00331	0.00331	0.00066	0.00331	0.00265	0.00265	0.87014
43	0.00550	0.00391	0.00518	0.00616	0.00641	0.00367	0.00408	0.00624	0.00847	0.01129	0.02415	0.80133	0.02895	0.05342	0.00652	0.00194	0.00268	0.01242	0.00408	0.00359
44	0.01700	0.01253	0.01342	0.01029	0.01387	0.01387	0.00850	0.79997	0.02103	0.02819	0.01074	0.01074	0.00761	0.00537	0.00447	0.00134	0.00492	0.00403	0.00447	0.00761
45	0.01196	0.78892	0.05627	0.00797	0.01187	0.03929	0.00805	0.01355	0.00920	0.01069	0.00631	0.00729	0.00574	0.00387	0.00296	0.00098	0.00495	0.00244	0.00192	0.00576
46	0.00550	0.00393	0.00525	0.00629	0.00657	0.00368	0.00425	0.00632	0.00862	0.01148	0.02463	0.81591	0.02947	0.01396	0.00572	0.00182	0.00264	0.03615	0.00415	0.00365
47	0.87439	0.00865	0.00657	0.00588	0.00865	0.01003	0.00484	0.01315	0.00761	0.02007	0.00623	0.00727	0.00484	0.00415	0.00277	0.00138	0.00346	0.00242	0.00277	0.00484
48	0.00545	0.00389	0.00519	0.00623	0.00649	0.00363	0.00415	0.00623	0.00856	0.01142	0.02465	0.83987	0.02959	0.01401	0.00571	0.00182	0.00260	0.01272	0.00415	0.00363
49	0.00562	0.00405	0.00531	0.00608	0.00652	0.00377	0.00416	0.00661	0.00919	0.01232	0.13302	0.65967	0.06596	0.03093	0.00601	0.00181	0.00258	0.02844	0.00423	0.00371
50	0.01632	0.01199	0.01289	0.01006	0.01350	0.01329	0.00826	0.67355	0.12456	0.05120	0.01194	0.01166	0.00851	0.00547	0.00449	0.00137	0.00471	0.00418	0.00452	0.00754
51	0.00639	0.00479	0.00719	0.00719	0.00799	0.00559	0.00559	0.00799	0.00719	0.01038	0.01198	0.01757	0.01118	0.03355	0.82507	0.00719	0.01198	0.00479	0.00240	0.00399
52	0.00853	0.00804	0.01357	0.80600	0.05619	0.00996	0.01247	0.01150	0.00898	0.01153	0.00797	0.01190	0.00600	0.00446	0.00447	0.00149	0.00594	0.00398	0.00200	0.00504
