[name]
unknown

[dist]
# distance from previous block
# <min> <max>
0	27

[block]
# block no. 0 follows, 71 sequences, length 45
# corresponding to MSA columns:
# 27-71
name=unknown_A
#
# <colnr> <probs for GDERKNQSTAVLIFYWHMCP>
#	G	D	E	R	K	N	Q	S	T	A	V	L	I	F	Y	W	H	M	C	P
0	0.00820	0.00684	0.00910	0.06910	0.05287	0.00638	0.03021	0.01035	0.04575	0.05038	0.07934	0.03105	0.00964	0.00442	0.00434	0.00096	0.08744	0.03056	0.00257	0.46050
1	0.00926	0.02818	0.00824	0.00715	0.00919	0.00860	0.00559	0.01806	0.65494	0.04442	0.03591	0.01545	0.04951	0.00570	0.01630	0.00132	0.00300	0.00444	0.06909	0.00565
2	0.00802	0.00704	0.00890	0.00636	0.00980	0.00541	0.05782	0.00982	0.00802	0.01248	0.00688	0.00811	0.00569	0.00286	0.00295	0.00061	0.00307	0.00242	0.00225	0.83148
3	0.00755	0.00713	0.01206	0.74151	0.13852	0.00860	0.01080	0.01007	0.00781	0.01017	0.00687	0.01012	0.00524	0.00378	0.00383	0.00126	0.00503	0.00341	0.00173	0.00451
4	0.00638	0.00372	0.00429	0.00424	0.00510	0.00357	0.00314	0.00806	0.00905	0.02464	0.31644	0.09763	0.03132	0.00646	0.00360	0.00108	0.00186	0.00554	0.46030	0.00358
5	0.00482	0.00389	0.00431	0.00428	0.00536	0.00347	0.00317	0.00588	0.00854	0.01071	0.14506	0.04505	0.57842	0.06858	0.08957	0.00193	0.00287	0.00741	0.00342	0.00325
6	0.00538	0.00381	0.00435	0.00438	0.00502	0.00351	0.00292	0.00604	0.00762	0.03009	0.12127	0.14267	0.28882	0.34531	0.01044	0.00227	0.00269	0.00724	0.00318	0.00299
7	0.00559	0.00410	0.00488	0.00460	0.00575	0.00368	0.00348	0.02100	0.01019	0.03742	0.50382	0.03093	0.33370	0.00839	0.00449	0.00124	0.00194	0.00722	0.00398	0.00361
8	0.00724	0.00681	0.01150	0.85604	0.02641	0.00852	0.01065	0.00980	0.00767	0.00980	0.00681	0.01022	0.00511	0.00383	0.00383	0.00128	0.00511	0.00341	0.00170	0.00426
9	0.00839	0.00839	0.01174	0.01007	0.01007	0.01174	0.00839	0.00923	0.00587	0.00923	0.00503	0.00839	0.00503	0.00671	0.01258	0.00168	0.85823	0.00336	0.00168	0.00419
10	0.80510	0.00775	0.00622	0.00542	0.00786	0.00893	0.00446	0.09250	0.00767	0.01789	0.00572	0.00652	0.00439	0.00366	0.00252	0.00118	0.00309	0.00221	0.00252	0.00439
11	0.00874	0.01249	0.20843	0.01498	0.01926	0.00952	0.64375	0.01225	0.00883	0.01225	0.00756	0.00984	0.00560	0.00332	0.00433	0.00128	0.00628	0.00414	0.00187	0.00528
12	0.00954	0.00824	0.00867	0.00780	0.00997	0.00954	0.00607	0.02037	0.83441	0.01604	0.01561	0.01431	0.01170	0.00520	0.00390	0.00130	0.00303	0.00433	0.00390	0.00607
13	0.00841	0.01846	0.74720	0.01124	0.05361	0.00879	0.01347	0.02754	0.00846	0.05723	0.00738	0.00845	0.00519	0.00371	0.00366	0.00121	0.00546	0.00293	0.00184	0.00575
14	0.00666	0.00333	0.00500	0.00500	0.00500	0.00333	0.00333	0.00500	0.00500	0.00666	0.00666	0.01166	0.00666	0.01332	0.01499	0.88844	0.00333	0.00333	0.00167	0.00167
15	0.01458	0.01074	0.01151	0.00882	0.01189	0.01189	0.00729	0.82855	0.01803	0.02416	0.00921	0.00921	0.00652	0.00460	0.00384	0.00115	0.00422	0.00345	0.00384	0.00652
16	0.00921	0.00884	0.01443	0.02143	0.74073	0.03095	0.01088	0.01136	0.00885	0.01250	0.05414	0.04307	0.00846	0.00401	0.00387	0.00115	0.00438	0.00387	0.00209	0.00578
17	0.01424	0.01119	0.01128	0.00884	0.01177	0.07858	0.00722	0.71353	0.06813	0.02248	0.00934	0.00934	0.00672	0.00459	0.00381	0.00115	0.00436	0.00343	0.00369	0.00633
18	0.89233	0.00741	0.00564	0.00504	0.00741	0.00860	0.00415	0.01127	0.00653	0.01720	0.00534	0.00623	0.00415	0.00356	0.00237	0.00119	0.00297	0.00208	0.00237	0.00415
19	0.00916	0.01042	0.02107	0.04761	0.01935	0.04470	0.71395	0.01213	0.00889	0.01189	0.00748	0.01008	0.00571	0.00349	0.00493	0.00130	0.05654	0.00433	0.00192	0.00505
20	0.00623	0.00510	0.00717	0.00675	0.00712	0.00632	0.00520	0.00719	0.00597	0.00869	0.00932	0.01538	0.00931	0.18937	0.47506	0.00455	0.22164	0.00421	0.00201	0.00340
21	0.00954	0.00824	0.00867	0.00780	0.00997	0.00954	0.00607	0.02037	0.83441	0.01604	0.01561	0.01431	0.01170	0.00520	0.00390	0.00130	0.00303	0.00433	0.00390	0.00607
22	0.39126	0.00931	0.00899	0.00720	0.00997	0.01048	0.00594	0.47782	0.01309	0.02118	0.00755	0.00793	0.00550	0.00415	0.00321	0.00117	0.00368	0.00286	0.00321	0.00550
23	0.00765	0.00621	0.00754	0.04177	0.07972	0.02856	0.00542	0.15794	0.02257	0.01392	0.19675	0.19359	0.13992	0.04251	0.00526	0.00139	0.03514	0.00649	0.00338	0.00425
24	0.00975	0.00834	0.00879	0.00785	0.01005	0.00963	0.00612	0.05397	0.80047	0.01638	0.01534	0.01409	0.01149	0.00518	0.00390	0.00129	0.00308	0.00430	0.00390	0.00609
25	0.01020	0.84983	0.03735	0.00665	0.00998	0.01504	0.00672	0.01149	0.00780	0.00909	0.00536	0.00619	0.00492	0.00329	0.00248	0.00083	0.00413	0.00207	0.00164	0.00494
26	0.00465	0.00344	0.00434	0.00507	0.00549	0.00314	0.00344	0.00537	0.00760	0.00989	0.02441	0.71008	0.17592	0.01159	0.00483	0.00151	0.00217	0.01038	0.00356	0.00314
27	0.00905	0.14915	0.14794	0.00700	0.01060	0.00809	0.00672	0.07749	0.04638	0.02909	0.00749	0.00834	0.00595	0.00337	0.00305	0.00082	0.00361	0.00258	0.02609	0.44719
28	0.00467	0.00334	0.00445	0.00534	0.00556	0.00311	0.00356	0.00534	0.00734	0.00979	0.02113	0.86275	0.02536	0.01201	0.00489	0.00156	0.00222	0.01090	0.00356	0.00311
29	0.00954	0.00824	0.00867	0.00780	0.00997	0.00954	0.00607	0.02037	0.83441	0.01604	0.01561	0.01431	0.01170	0.00520	0.00390	0.00130	0.00303	0.00433	0.00390	0.00607
30	0.00886	0.15273	0.25799	0.00842	0.03229	0.00852	0.04226	0.05184	0.00860	0.03027	0.00694	0.00801	0.00545	0.00331	0.00318	0.00089	0.00415	0.00262	0.00208	0.36158
31	0.00763	0.06706	0.00754	0.00659	0.02954	0.15781	0.00462	0.00835	0.00694	0.00848	0.00969	0.01692	0.01006	0.37772	0.23893	0.00356	0.02885	0.00426	0.00211	0.00334
32	0.89233	0.00741	0.00564	0.00504	0.00741	0.00860	0.00415	0.01127	0.00653	0.01720	0.00534	0.00623	0.00415	0.00356	0.00237	0.00119	0.00297	0.00208	0.00237	0.00415
33	0.00567	0.00618	0.12443	0.00561	0.00722	0.00434	0.00505	0.00778	0.01027	0.01447	0.64974	0.02646	0.10327	0.00741	0.00440	0.00122	0.00237	0.00645	0.00379	0.00388
34	0.16018	0.01049	0.17476	0.15829	0.21808	0.02891	0.03659	0.05458	0.00873	0.06013	0.00818	0.01053	0.01662	0.00404	0.00362	0.00122	0.00456	0.03306	0.00224	0.00520
35	0.00851	0.01011	0.07732	0.12400	0.06200	0.00911	0.57905	0.01155	0.00870	0.01183	0.00826	0.05593	0.00672	0.00382	0.00436	0.00129	0.00591	0.00455	0.00197	0.00502
36	0.00588	0.00427	0.00576	0.00635	0.00728	0.00416	0.00540	0.00758	0.00918	0.01205	0.16655	0.04004	0.10583	0.01002	0.00508	0.00162	0.00307	0.59271	0.00366	0.00352
37	0.00830	0.02695	0.10896	0.28890	0.15406	0.00883	0.02530	0.05243	0.10467	0.01214	0.01819	0.06515	0.00786	0.00473	0.00454	0.00127	0.07253	0.00397	0.02623	0.00498
38	0.01107	0.03162	0.01056	0.29477	0.08671	0.11442	0.00796	0.05014	0.02975	0.22100	0.03115	0.05426	0.03046	0.00476	0.00384	0.00120	0.00440	0.00398	0.00287	0.00507
39	0.00932	0.00765	0.00825	0.00745	0.00944	0.00866	0.00576	0.06167	0.65082	0.03604	0.05322	0.09898	0.01384	0.00596	0.00402	0.00131	0.00297	0.00505	0.00390	0.00570
40	0.76596	0.00738	0.00617	0.00535	0.00781	0.00832	0.00440	0.03095	0.00733	0.11770	0.00662	0.00712	0.00485	0.00373	0.00259	0.00119	0.00303	0.00232	0.00269	0.00449
41	0.00887	0.01226	0.27693	0.11570	0.32028	0.04358	0.03373	0.03129	0.00873	0.03486	0.02323	0.04745	0.00702	0.00413	0.00393	0.00121	0.01569	0.00363	0.00203	0.00546
42	0.08967	0.00838	0.00987	0.00876	0.07016	0.04795	0.01695	0.22068	0.01124	0.26604	0.01994	0.01114	0.01994	0.01542	0.02699	0.00137	0.10257	0.00356	0.04381	0.00555
43	0.00477	0.00360	0.00444	0.00501	0.00562	0.00326	0.00355	0.00567	0.00804	0.01038	0.07224	0.52423	0.25921	0.01102	0.00480	0.00148	0.00221	0.06367	0.00359	0.00321
44	0.00548	0.00428	0.00497	0.00479	0.00536	0.00436	0.00335	0.00612	0.00727	0.00947	0.09742	0.02807	0.30902	0.37200	0.02394	0.00243	0.08793	0.01788	0.00289	0.00299

[dist]
# distance from previous block
# <min> <max>
1	9

[block]
# block no. 1 follows, 71 sequences, length 32
# corresponding to MSA columns:
# 81-112
name=unknown_B
#
# <colnr> <probs for GDERKNQSTAVLIFYWHMCP>
#	G	D	E	R	K	N	Q	S	T	A	V	L	I	F	Y	W	H	M	C	P
0	0.00522	0.00373	0.00472	0.00520	0.00560	0.00363	0.00365	0.00596	0.00713	0.00937	0.01937	0.34299	0.10153	0.26089	0.06832	0.00252	0.00341	0.14069	0.00309	0.00299
1	0.00466	0.00385	0.00410	0.00413	0.00528	0.00328	0.00306	0.00573	0.00892	0.01100	0.14690	0.09979	0.66679	0.00963	0.00456	0.00130	0.00195	0.00815	0.00365	0.00328
2	0.01037	0.23166	0.04232	0.03968	0.22230	0.19534	0.05079	0.03364	0.01930	0.01108	0.01643	0.04407	0.00677	0.00409	0.00363	0.00106	0.02484	0.00326	0.03435	0.00503
3	0.00822	0.00662	0.00774	0.00567	0.00877	0.00515	0.00448	0.02882	0.00823	0.04435	0.02218	0.00999	0.02049	0.05312	0.00392	0.00081	0.00291	0.00273	0.00246	0.75333
4	0.02310	0.20243	0.30190	0.06420	0.03604	0.10181	0.04402	0.06659	0.03510	0.07936	0.00755	0.00845	0.00566	0.00379	0.00344	0.00110	0.00501	0.00290	0.00217	0.00539
5	0.01062	0.07533	0.02235	0.08326	0.04864	0.28461	0.04218	0.05505	0.00882	0.01051	0.02081	0.00862	0.00583	0.00552	0.03061	0.00140	0.27618	0.00311	0.00196	0.00457
6	0.00476	0.00375	0.00430	0.00446	0.00540	0.00329	0.00323	0.00583	0.00883	0.01128	0.20531	0.24973	0.45641	0.00991	0.00462	0.00134	0.00199	0.00857	0.00370	0.00329
7	0.00933	0.00867	0.03483	0.04231	0.27990	0.00915	0.00824	0.03963	0.45720	0.01455	0.01238	0.04713	0.00987	0.00479	0.00390	0.00125	0.00368	0.00421	0.00310	0.00589
8	0.00681	0.00602	0.00843	0.03997	0.10320	0.03710	0.00641	0.00831	0.02074	0.00963	0.00992	0.09852	0.00970	0.01816	0.44745	0.00390	0.15515	0.00450	0.00214	0.00394
9	0.00491	0.00390	0.00441	0.00429	0.00541	0.00340	0.00321	0.00624	0.00964	0.01250	0.38078	0.03337	0.49650	0.00891	0.00453	0.00126	0.00189	0.00760	0.00384	0.00340
10	0.00533	0.00378	0.00430	0.00431	0.00467	0.00369	0.00270	0.00570	0.00648	0.00845	0.04247	0.04052	0.19083	0.57818	0.08012	0.00328	0.00377	0.00613	0.00264	0.00266
11	0.00890	0.00715	0.00772	0.00684	0.00874	0.00791	0.00534	0.11758	0.46830	0.01646	0.17750	0.01795	0.06982	0.00589	0.00398	0.00124	0.00280	0.00493	0.05564	0.00531
12	0.01458	0.01074	0.01151	0.00882	0.01189	0.01189	0.00729	0.82855	0.01803	0.02416	0.00921	0.00921	0.00652	0.00460	0.00384	0.00115	0.00422	0.00345	0.00384	0.00652
13	0.00795	0.00681	0.00795	0.00568	0.00909	0.00511	0.00454	0.00965	0.00795	0.01249	0.00681	0.00795	0.00568	0.00284	0.00284	0.00057	0.00284	0.00227	0.00227	0.88869
14	0.00718	0.00674	0.01134	0.83713	0.02594	0.00840	0.01049	0.00970	0.00766	0.00980	0.00713	0.02917	0.00556	0.00402	0.00386	0.00128	0.00505	0.00357	0.00174	0.00423
15	0.00865	0.00782	0.01180	0.05821	0.28240	0.00824	0.08999	0.05771	0.20886	0.01331	0.01246	0.15189	0.03024	0.00556	0.00425	0.00128	0.02066	0.00509	0.01629	0.00528
16	0.00724	0.00681	0.01150	0.85604	0.02641	0.00852	0.01065	0.00980	0.00767	0.00980	0.00681	0.01022	0.00511	0.00383	0.00383	0.00128	0.00511	0.00341	0.00170	0.00426
17	0.01686	0.00669	0.00895	0.00691	0.00985	0.00593	0.00569	0.03840	0.04133	0.79375	0.01500	0.01300	0.00950	0.00476	0.00386	0.00119	0.00328	0.00386	0.00469	0.00651
18	0.00772	0.00755	0.01332	0.26831	0.22800	0.00786	0.18326	0.01022	0.03048	0.01126	0.01256	0.07788	0.11476	0.00501	0.00414	0.00127	0.00458	0.00484	0.00224	0.00475
19	0.00876	0.07228	0.10245	0.07728	0.05898	0.01031	0.40253	0.01151	0.02142	0.01130	0.00697	0.00943	0.00555	0.00407	0.00583	0.00132	0.17939	0.00379	0.00184	0.00500
20	0.00984	0.00839	0.00884	0.00786	0.01009	0.00968	0.00614	0.06941	0.78487	0.01653	0.01522	0.01400	0.01139	0.00517	0.00390	0.00129	0.00311	0.00428	0.00390	0.00610
21	0.00737	0.00532	0.00742	0.06845	0.12396	0.00525	0.00559	0.01965	0.04671	0.08530	0.30237	0.09231	0.10404	0.04238	0.00494	0.00137	0.00287	0.05420	0.01624	0.00427
22	0.02475	0.36693	0.26435	0.02283	0.10660	0.04852	0.09358	0.01193	0.00823	0.01085	0.00630	0.00763	0.00511	0.00344	0.00323	0.00104	0.00498	0.00273	0.00172	0.00525
23	0.00466	0.00339	0.00439	0.00519	0.00552	0.00313	0.00349	0.00536	0.00749	0.00985	0.02299	0.77602	0.11089	0.01177	0.00486	0.00153	0.00219	0.01061	0.00356	0.00313
24	0.00495	0.00369	0.00456	0.00492	0.00558	0.00337	0.00352	0.00599	0.00847	0.01116	0.20942	0.37623	0.22364	0.05765	0.00556	0.00155	0.00223	0.06062	0.00364	0.00324
25	0.00531	0.00392	0.00511	0.00597	0.03623	0.00381	0.00389	0.00652	0.04725	0.01013	0.05279	0.58059	0.03457	0.14290	0.00706	0.00185	0.00261	0.04282	0.00335	0.00328
26	0.06622	0.05157	0.49937	0.02085	0.13441	0.06495	0.01169	0.04341	0.00877	0.05391	0.00720	0.00833	0.00529	0.00370	0.00354	0.00117	0.00517	0.00289	0.00197	0.00558
27	0.16468	0.08746	0.09787	0.00907	0.08043	0.05207	0.00742	0.22707	0.04005	0.05162	0.00779	0.00867	0.00599	0.00508	0.03901	0.00132	0.04230	0.00296	0.00266	0.06648
28	0.00573	0.04025	0.04217	0.00631	0.04282	0.00463	0.00465	0.00696	0.00834	0.02469	0.18269	0.39515	0.15066	0.00982	0.02461	0.00149	0.03393	0.00809	0.00337	0.00365
29	0.03711	0.24019	0.01245	0.00788	0.04428	0.03036	0.00637	0.18595	0.19802	0.01490	0.00887	0.00916	0.00698	0.00394	0.00323	0.00098	0.00368	0.00298	0.00278	0.17990
30	0.02366	0.10171	0.31088	0.00905	0.03750	0.03205	0.05833	0.03685	0.00872	0.10126	0.00907	0.07833	0.00748	0.00433	0.00353	0.00109	0.00437	0.00358	0.03867	0.12953
31	0.04532	0.10047	0.38682	0.01165	0.15250	0.03272	0.03097	0.05915	0.02039	0.03628	0.00826	0.01046	0.01893	0.04585	0.00436	0.00129	0.00487	0.02223	0.00208	0.00538

[dist]
# distance from previous block
# <min> <max>
0	6

[block]
# block no. 2 follows, 71 sequences, length 33
# corresponding to MSA columns:
# 120-152
name=unknown_C
#
# <colnr> <probs for GDERKNQSTAVLIFYWHMCP>
#	G	D	E	R	K	N	Q	S	T	A	V	L	I	F	Y	W	H	M	C	P
0	0.00590	0.00479	0.00616	0.00586	0.03083	0.00467	0.03621	0.02833	0.03319	0.01228	0.30773	0.02752	0.29062	0.12900	0.02106	0.00170	0.04058	0.00655	0.00341	0.00361
1	0.00710	0.05850	0.13417	0.00663	0.00888	0.01991	0.03009	0.05169	0.11912	0.01364	0.28086	0.02244	0.21844	0.00668	0.00414	0.00121	0.00306	0.00564	0.00335	0.00444
2	0.00558	0.00533	0.06569	0.00566	0.02664	0.00426	0.00457	0.00760	0.03386	0.01331	0.45146	0.02863	0.25856	0.00872	0.03462	0.00143	0.00259	0.03403	0.00368	0.00378
3	0.01028	0.64567	0.08586	0.00727	0.01056	0.05253	0.00719	0.03673	0.09285	0.01046	0.00665	0.00727	0.00566	0.00358	0.00279	0.00092	0.00425	0.00241	0.00195	0.00512
4	0.00932	0.18913	0.48838	0.00986	0.02636	0.16150	0.01103	0.01235	0.00852	0.01094	0.00688	0.03639	0.00560	0.00390	0.00342	0.00110	0.00544	0.00289	0.00176	0.00522
5	0.01019	0.75532	0.01872	0.04413	0.01056	0.06273	0.00670	0.01145	0.00795	0.00910	0.00589	0.03143	0.00553	0.00360	0.00265	0.00087	0.00425	0.00239	0.00172	0.00481
6	0.00471	0.00361	0.00432	0.00474	0.00544	0.00322	0.00333	0.00562	0.00827	0.01065	0.12357	0.45903	0.32836	0.01067	0.00472	0.00142	0.00207	0.00939	0.00364	0.00322
7	0.00795	0.00726	0.01257	0.68786	0.07803	0.00858	0.07679	0.01047	0.00795	0.04341	0.00722	0.01027	0.00540	0.00383	0.00401	0.00127	0.01719	0.00352	0.00186	0.00454
8	0.00769	0.01983	0.84538	0.01093	0.01659	0.00890	0.01417	0.01214	0.00810	0.01214	0.00688	0.00810	0.00486	0.00364	0.00364	0.00121	0.00567	0.00283	0.00162	0.00567
9	0.00663	0.00334	0.00497	0.00497	0.00497	0.00334	0.00330	0.00501	0.00501	0.00668	0.00680	0.01200	0.00684	0.03495	0.01510	0.86598	0.00334	0.00339	0.00168	0.00168
10	0.00891	0.24271	0.54569	0.00963	0.01431	0.07459	0.01147	0.01239	0.02681	0.01120	0.00660	0.00763	0.00503	0.00361	0.00332	0.00110	0.00529	0.00263	0.00170	0.00539
11	0.00548	0.00411	0.00616	0.00616	0.00685	0.00479	0.00479	0.00685	0.00616	0.00890	0.01027	0.01506	0.00959	0.02876	0.85006	0.00616	0.01027	0.00411	0.00205	0.00342
12	0.89233	0.00741	0.00564	0.00504	0.00741	0.00860	0.00415	0.01127	0.00653	0.01720	0.00534	0.00623	0.00415	0.00356	0.00237	0.00119	0.00297	0.00208	0.00237	0.00415
13	0.01016	0.70961	0.03679	0.00853	0.06227	0.03450	0.07099	0.01167	0.00803	0.00956	0.00568	0.00674	0.00506	0.00331	0.00275	0.00089	0.00441	0.00235	0.00169	0.00502
14	0.00548	0.00411	0.00616	0.00616	0.00685	0.00479	0.00479	0.00685	0.00616	0.00890	0.01027	0.01506	0.00959	0.02876	0.85006	0.00616	0.01027	0.00411	0.00205	0.00342
15	0.00769	0.01983	0.84538	0.01093	0.01659	0.00890	0.01417	0.01214	0.00810	0.01214	0.00688	0.00810	0.00486	0.00364	0.00364	0.00121	0.00567	0.00283	0.00162	0.00567
16	0.89233	0.00741	0.00564	0.00504	0.00741	0.00860	0.00415	0.01127	0.00653	0.01720	0.00534	0.00623	0.00415	0.00356	0.00237	0.00119	0.00297	0.00208	0.00237	0.00415
17	0.00532	0.00412	0.00597	0.05059	0.09106	0.00402	0.00481	0.00627	0.00753	0.01010	0.01898	0.71500	0.02231	0.01070	0.00474	0.00151	0.00264	0.02756	0.00330	0.00348
18	0.00639	0.00528	0.00767	0.01011	0.21362	0.00526	0.00589	0.00849	0.08795	0.01126	0.04064	0.53040	0.01950	0.00907	0.00452	0.00142	0.00289	0.02227	0.00320	0.00416
19	0.00985	0.00842	0.00902	0.00825	0.03021	0.00968	0.00628	0.07132	0.76275	0.01647	0.01500	0.01387	0.01124	0.00512	0.00389	0.00129	0.00315	0.00426	0.00385	0.00610
20	0.01217	0.03859	0.06638	0.05948	0.21187	0.02640	0.01831	0.16998	0.02267	0.22504	0.00939	0.01007	0.00681	0.00433	0.00453	0.00119	0.08021	0.00342	0.00297	0.02619
21	0.00871	0.06236	0.44269	0.01262	0.01735	0.00945	0.33697	0.01239	0.00856	0.04170	0.00744	0.00906	0.00541	0.00350	0.00394	0.00122	0.00581	0.00350	0.00186	0.00546
22	0.00453	0.00388	0.00388	0.00388	0.00518	0.00324	0.00291	0.00550	0.00874	0.01036	0.03884	0.03690	0.83978	0.00971	0.00453	0.00129	0.00194	0.00809	0.00356	0.00324
23	0.00637	0.00611	0.03100	0.15060	0.09950	0.02578	0.06309	0.00815	0.00882	0.01157	0.18610	0.11061	0.23715	0.00773	0.02927	0.00142	0.00353	0.00623	0.00296	0.00401
24	0.01052	0.07290	0.29502	0.01204	0.09224	0.02245	0.19604	0.02740	0.02543	0.17791	0.00880	0.00972	0.00629	0.00384	0.00401	0.00120	0.02263	0.00347	0.00243	0.00568
25	0.00691	0.03870	0.00655	0.00635	0.02034	0.00521	0.00457	0.13848	0.00925	0.03095	0.01820	0.62271	0.02071	0.01011	0.00460	0.00146	0.00274	0.04475	0.00353	0.00388
26	0.00724	0.00681	0.01150	0.85604	0.02641	0.00852	0.01065	0.00980	0.00767	0.00980	0.00681	0.01022	0.00511	0.00383	0.00383	0.00128	0.00511	0.00341	0.00170	0.00426
27	0.01043	0.00900	0.05328	0.05280	0.50790	0.02220	0.00996	0.04452	0.04163	0.13036	0.00913	0.04056	0.00736	0.00435	0.00424	0.02121	0.01906	0.00374	0.00249	0.00579
28	0.01222	0.08954	0.17134	0.01091	0.11093	0.01087	0.03803	0.42923	0.01341	0.06406	0.00845	0.00900	0.00615	0.00412	0.00370	0.00114	0.00455	0.00326	0.00297	0.00611
29	0.00764	0.00734	0.01270	0.68663	0.12022	0.00873	0.06388	0.01017	0.00784	0.01026	0.00688	0.01011	0.00527	0.00381	0.00406	0.00127	0.02342	0.00348	0.00174	0.00453
30	0.85896	0.00767	0.00585	0.00520	0.00758	0.02335	0.00427	0.02815	0.00684	0.01721	0.00543	0.00630	0.00421	0.00359	0.00242	0.00118	0.00306	0.00211	0.00240	0.00421
31	0.00473	0.00342	0.00445	0.00517	0.00552	0.00317	0.00349	0.00549	0.00765	0.01017	0.07879	0.72736	0.08539	0.02925	0.00514	0.00156	0.00221	0.01031	0.00358	0.00314
32	0.13189	0.66021	0.01731	0.00727	0.04839	0.04803	0.00647	0.01159	0.00779	0.01038	0.00547	0.00638	0.00488	0.00335	0.00256	0.00089	0.00406	0.00214	0.00178	0.01917

[dist]
# distance from previous block
# <min> <max>
0	6

[block]
# block no. 3 follows, 71 sequences, length 12
# corresponding to MSA columns:
# 159-170
name=unknown_D
#
# <colnr> <probs for GDERKNQSTAVLIFYWHMCP>
#	G	D	E	R	K	N	Q	S	T	A	V	L	I	F	Y	W	H	M	C	P
0	0.02450	0.17158	0.11101	0.21244	0.05407	0.03676	0.04223	0.05920	0.03278	0.01170	0.06837	0.01022	0.00773	0.00446	0.00481	0.00121	0.12475	0.00336	0.01402	0.00480
1	0.00911	0.14127	0.05317	0.07820	0.09129	0.04124	0.00687	0.08709	0.06989	0.02472	0.06310	0.01186	0.06284	0.00427	0.00342	0.00097	0.00371	0.00344	0.00256	0.24098
2	0.00666	0.00333	0.00500	0.00500	0.00500	0.00333	0.00333	0.00500	0.00500	0.00666	0.00666	0.01166	0.00666	0.01332	0.01499	0.88844	0.00333	0.00333	0.00167	0.00167
3	0.01187	0.09683	0.05966	0.00927	0.02319	0.43191	0.03713	0.08447	0.09437	0.01187	0.03277	0.03600	0.02303	0.00466	0.00364	0.00109	0.00542	0.02550	0.00246	0.00484
4	0.00458	0.00388	0.00390	0.00390	0.00513	0.00326	0.00288	0.00551	0.00858	0.01021	0.03748	0.03630	0.79771	0.05329	0.00529	0.00142	0.00203	0.00796	0.00350	0.00319
5	0.00659	0.00335	0.00494	0.00494	0.00494	0.00335	0.00327	0.00503	0.00503	0.00671	0.00701	0.01251	0.00713	0.06784	0.01527	0.83183	0.00335	0.00347	0.00171	0.00171
6	0.06772	0.00999	0.10539	0.41389	0.01965	0.08058	0.08658	0.08940	0.00915	0.03952	0.00724	0.00936	0.00537	0.00381	0.00371	0.00120	0.00508	0.00326	0.00211	0.03699
7	0.00958	0.55317	0.08771	0.00914	0.09449	0.03924	0.03520	0.01124	0.00785	0.00975	0.00617	0.00766	0.00547	0.00567	0.07698	0.00140	0.03004	0.00257	0.00172	0.00494
8	0.89233	0.00741	0.00564	0.00504	0.00741	0.00860	0.00415	0.01127	0.00653	0.01720	0.00534	0.00623	0.00415	0.00356	0.00237	0.00119	0.00297	0.00208	0.00237	0.00415
9	0.00715	0.00357	0.00357	0.00357	0.00447	0.00357	0.00268	0.00893	0.00804	0.01429	0.01251	0.01429	0.00983	0.00447	0.00268	0.00089	0.00179	0.00357	0.88654	0.00357
10	0.00790	0.01857	0.74741	0.01242	0.11397	0.00893	0.01388	0.01210	0.00817	0.01219	0.00692	0.00826	0.00500	0.00362	0.00366	0.00121	0.00554	0.00290	0.00165	0.00571
11	0.13514	0.05656	0.01061	0.00901	0.01115	0.66027	0.00691	0.04782	0.01041	0.01105	0.00595	0.00688	0.00489	0.00389	0.00328	0.00101	0.00613	0.00244	0.00209	0.00451

[dist]
# distance from previous block
# <min> <max>
0	5

[block]
# block no. 4 follows, 71 sequences, length 28
# corresponding to MSA columns:
# 176-203
name=unknown_E
#
# <colnr> <probs for GDERKNQSTAVLIFYWHMCP>
#	G	D	E	R	K	N	Q	S	T	A	V	L	I	F	Y	W	H	M	C	P
0	0.83211	0.00735	0.00586	0.00516	0.00758	0.00840	0.00425	0.01178	0.00683	0.07410	0.00601	0.00670	0.00452	0.00364	0.00247	0.00119	0.00299	0.00220	0.00254	0.00432
1	0.00769	0.01983	0.84538	0.01093	0.01659	0.00890	0.01417	0.01214	0.00810	0.01214	0.00688	0.00810	0.00486	0.00364	0.00364	0.00121	0.00567	0.00283	0.00162	0.00567
2	0.04253	0.12137	0.01181	0.00839	0.01104	0.09374	0.05334	0.29857	0.24019	0.01692	0.02890	0.01129	0.03581	0.00466	0.00366	0.00115	0.00410	0.00366	0.00323	0.00565
3	0.00928	0.00763	0.00895	0.00775	0.00939	0.02680	0.00618	0.10613	0.27574	0.04908	0.01076	0.01232	0.00875	0.03309	0.17558	0.00232	0.16677	0.00381	0.00292	0.07675
4	0.00833	0.02697	0.33100	0.02037	0.12782	0.01982	0.14273	0.06199	0.03641	0.01268	0.03644	0.03232	0.05536	0.01990	0.03835	0.00147	0.01662	0.00400	0.00220	0.00523
5	0.00884	0.10884	0.23626	0.01392	0.04016	0.01009	0.50178	0.01214	0.00865	0.01189	0.00724	0.00926	0.00547	0.00335	0.00404	0.00122	0.00594	0.00378	0.00182	0.00530
6	0.00548	0.00395	0.00480	0.00457	0.00553	0.00357	0.00336	0.00689	0.00981	0.03205	0.53676	0.03008	0.23996	0.08936	0.00593	0.00147	0.00206	0.00703	0.00388	0.00346
7	0.35692	0.00825	0.04420	0.03164	0.07988	0.00860	0.01891	0.04214	0.24125	0.08656	0.01006	0.03975	0.00781	0.00445	0.00332	0.00123	0.00339	0.00344	0.00300	0.00519
8	0.00811	0.01946	0.20527	0.00973	0.11493	0.03232	0.04753	0.02354	0.04375	0.07435	0.03104	0.21047	0.01261	0.09300	0.00562	0.00153	0.00399	0.01893	0.03916	0.00464
9	0.00724	0.00681	0.01150	0.85604	0.02641	0.00852	0.01065	0.00980	0.00767	0.00980	0.00681	0.01022	0.00511	0.00383	0.00383	0.00128	0.00511	0.00341	0.00170	0.00426
10	0.00486	0.00352	0.00451	0.00504	0.00554	0.00324	0.00349	0.00582	0.00824	0.01110	0.19411	0.58527	0.11323	0.01076	0.00474	0.00144	0.00210	0.00964	0.02011	0.00324
11	0.01144	0.45568	0.01558	0.00799	0.04582	0.03595	0.00678	0.27765	0.01102	0.01393	0.00680	0.00777	0.00564	0.00457	0.00404	0.07491	0.00417	0.00268	0.00238	0.00521
12	0.02794	0.03543	0.06341	0.49335	0.14215	0.08822	0.01012	0.02562	0.00843	0.03417	0.01946	0.00977	0.00581	0.00389	0.00384	0.00121	0.01723	0.00328	0.00193	0.00474
13	0.00782	0.00432	0.00551	0.00516	0.00615	0.00398	0.00369	0.00882	0.00868	0.18890	0.23944	0.17315	0.06225	0.24190	0.00855	0.00196	0.00275	0.01956	0.00365	0.00378
14	0.00508	0.00398	0.00412	0.00405	0.00539	0.00334	0.00305	0.00606	0.00880	0.04609	0.03733	0.05912	0.78125	0.00956	0.00451	0.00130	0.00201	0.00799	0.00361	0.00337
15	0.03392	0.05592	0.04747	0.02699	0.15227	0.07658	0.05719	0.08403	0.02458	0.37097	0.01123	0.01109	0.02159	0.00427	0.00374	0.00115	0.00420	0.00356	0.00334	0.00591
16	0.00837	0.01035	0.15818	0.37367	0.29613	0.03747	0.03937	0.01113	0.00825	0.01119	0.00696	0.00950	0.00541	0.00364	0.00380	0.00121	0.00513	0.00332	0.00177	0.00515
17	0.00458	0.00387	0.00397	0.00399	0.00522	0.00325	0.00297	0.00559	0.00880	0.01060	0.07979	0.06733	0.76757	0.00970	0.00454	0.00130	0.00195	0.00814	0.00359	0.00325
18	0.00844	0.00881	0.01666	0.28234	0.15043	0.02316	0.36430	0.01111	0.00851	0.01143	0.02994	0.02598	0.00677	0.00385	0.00443	0.00127	0.03161	0.00411	0.00194	0.00490
19	0.01189	0.04786	0.10346	0.03238	0.18165	0.19646	0.03405	0.06410	0.03314	0.17441	0.05629	0.01055	0.00816	0.00427	0.00393	0.00114	0.02463	0.00343	0.00273	0.00548
20	0.00490	0.00377	0.00432	0.00455	0.00548	0.00332	0.00328	0.00586	0.00839	0.02585	0.08715	0.29813	0.48038	0.01089	0.03428	0.00154	0.00234	0.00869	0.00357	0.00329
21	0.00853	0.00879	0.01400	0.01133	0.01213	0.01132	0.17812	0.00986	0.00653	0.00986	0.00560	0.00879	0.00520	0.00599	0.01091	0.00160	0.68172	0.00360	0.00173	0.00440
22	0.05964	0.02341	0.11195	0.26499	0.24755	0.00841	0.04019	0.03830	0.00873	0.08514	0.02340	0.01079	0.00680	0.00398	0.00372	0.00120	0.00454	0.01884	0.03324	0.00520
23	0.00918	0.00969	0.12091	0.01596	0.39459	0.00816	0.11148	0.03033	0.03434	0.07337	0.02739	0.01383	0.10248	0.00455	0.00409	0.00121	0.01362	0.01685	0.00244	0.00552
24	0.08680	0.00719	0.00952	0.00772	0.00971	0.00781	0.01715	0.04863	0.00920	0.45223	0.01093	0.01114	0.00767	0.00661	0.05755	0.00162	0.23599	0.00358	0.00348	0.00549
25	0.00607	0.00530	0.00886	0.00779	0.00907	0.00504	0.19059	0.00742	0.00790	0.01038	0.01903	0.30621	0.13579	0.10483	0.00673	0.01363	0.01868	0.13011	0.00299	0.00357
26	0.01038	0.16908	0.28610	0.04381	0.14457	0.06663	0.07344	0.02651	0.00894	0.12398	0.00780	0.00882	0.00580	0.00370	0.00355	0.00112	0.00498	0.00306	0.00218	0.00555
27	0.01042	0.16519	0.24536	0.03427	0.08589	0.11027	0.08403	0.04987	0.09123	0.07563	0.00820	0.00904	0.00619	0.00384	0.00356	0.00112	0.00499	0.00313	0.00228	0.00548

[dist]
# distance from previous block
# <min> <max>
0	4

[block]
# block no. 5 follows, 71 sequences, length 23
# corresponding to MSA columns:
# 208-230
name=unknown_F
#
# <colnr> <probs for GDERKNQSTAVLIFYWHMCP>
#	G	D	E	R	K	N	Q	S	T	A	V	L	I	F	Y	W	H	M	C	P
0	0.00761	0.04016	0.28621	0.07297	0.12381	0.00729	0.03790	0.02584	0.00890	0.03631	0.11638	0.01658	0.14867	0.00528	0.00394	0.00120	0.00412	0.01855	0.00251	0.03577
1	0.01105	0.04476	0.01937	0.03660	0.02586	0.02081	0.00577	0.04472	0.02588	0.26083	0.01024	0.01069	0.01985	0.00520	0.04234	0.00120	0.05585	0.00318	0.03589	0.31992
2	0.01114	0.00735	0.00826	0.04554	0.03838	0.00791	0.00562	0.38598	0.01278	0.05914	0.01068	0.01154	0.00795	0.00448	0.00336	0.00105	0.00322	0.00352	0.36692	0.00519
3	0.01025	0.86756	0.02009	0.00656	0.00984	0.01517	0.00656	0.01148	0.00779	0.00902	0.00533	0.00615	0.00492	0.00328	0.00246	0.00082	0.00410	0.00205	0.00164	0.00492
4	0.00474	0.00389	0.00418	0.00411	0.00531	0.00333	0.00308	0.00591	0.00924	0.01154	0.22822	0.03495	0.64966	0.00927	0.00453	0.00127	0.00191	0.00782	0.00372	0.00333
5	0.00515	0.00387	0.00486	0.00533	0.00614	0.00358	0.00411	0.00636	0.00861	0.01114	0.13166	0.28903	0.26012	0.01042	0.00485	0.00149	0.00245	0.23386	0.00364	0.00333
6	0.00529	0.00388	0.00495	0.00476	0.00566	0.00355	0.00354	0.00693	0.01040	0.01449	0.70340	0.08586	0.11636	0.00831	0.00455	0.00124	0.00185	0.00732	0.00411	0.00355
7	0.00546	0.00382	0.00460	0.00446	0.00492	0.00365	0.00293	0.00632	0.00810	0.01115	0.38699	0.02721	0.05986	0.44070	0.01209	0.00248	0.00278	0.00630	0.00323	0.00295
8	0.11735	0.00682	0.00864	0.00671	0.00961	0.00626	0.00554	0.05460	0.01078	0.71204	0.01374	0.01209	0.00874	0.00460	0.00368	0.00118	0.00327	0.00363	0.00443	0.00625
9	0.00839	0.00839	0.01174	0.01007	0.01007	0.01174	0.00839	0.00923	0.00587	0.00923	0.00503	0.00839	0.00503	0.00671	0.01258	0.00168	0.85823	0.00336	0.00168	0.00419
10	0.89233	0.00741	0.00564	0.00504	0.00741	0.00860	0.00415	0.01127	0.00653	0.01720	0.00534	0.00623	0.00415	0.00356	0.00237	0.00119	0.00297	0.00208	0.00237	0.00415
11	0.00839	0.00839	0.01174	0.01007	0.01007	0.01174	0.00839	0.00923	0.00587	0.00923	0.00503	0.00839	0.00503	0.00671	0.01258	0.00168	0.85823	0.00336	0.00168	0.00419
12	0.00887	0.00530	0.00608	0.00536	0.00714	0.00496	0.00418	0.08219	0.05913	0.20661	0.05786	0.08831	0.38021	0.00762	0.00419	0.00125	0.00252	0.00637	0.05736	0.00449
13	0.00466	0.00336	0.00442	0.00527	0.00554	0.00312	0.00353	0.00535	0.00741	0.00982	0.02200	0.82235	0.06520	0.01190	0.00488	0.00154	0.00221	0.01076	0.00356	0.00312
14	0.00724	0.00681	0.01150	0.85604	0.02641	0.00852	0.01065	0.00980	0.00767	0.00980	0.00681	0.01022	0.00511	0.00383	0.00383	0.00128	0.00511	0.00341	0.00170	0.00426
15	0.00740	0.00435	0.00559	0.00531	0.00635	0.00464	0.00413	0.04033	0.00784	0.07879	0.03423	0.01476	0.01028	0.01618	0.40731	0.00345	0.00605	0.00394	0.33521	0.00385
16	0.00536	0.00363	0.00425	0.00446	0.00451	0.00357	0.00262	0.00552	0.00600	0.00800	0.01425	0.22579	0.01668	0.66082	0.01601	0.00320	0.00336	0.00685	0.00262	0.00251
17	0.03421	0.00682	0.00861	0.00682	0.00948	0.00644	0.00556	0.09976	0.08070	0.58051	0.08607	0.01400	0.01159	0.00501	0.00385	0.00119	0.00317	0.00408	0.02603	0.00611
18	0.10686	0.00703	0.00849	0.00678	0.00950	0.03861	0.00556	0.03954	0.01053	0.65141	0.01394	0.03640	0.00956	0.00499	0.00377	0.00121	0.00338	0.03216	0.00429	0.00600
19	0.00594	0.00508	0.00785	0.41704	0.01563	0.00576	0.00695	0.00758	0.00773	0.01005	0.04699	0.36234	0.07070	0.00774	0.00434	0.00139	0.00359	0.00693	0.00269	0.00370
20	0.00666	0.00333	0.00500	0.00500	0.00500	0.00333	0.00333	0.00500	0.00500	0.00666	0.00666	0.01166	0.00666	0.01332	0.01499	0.88844	0.00333	0.00333	0.00167	0.00167
21	0.00564	0.00400	0.00484	0.00482	0.00547	0.00385	0.00338	0.02102	0.02537	0.01193	0.33061	0.13426	0.09529	0.24966	0.00873	0.00198	0.00256	0.04559	0.03773	0.00325
22	0.33432	0.02183	0.02687	0.06141	0.23058	0.04239	0.08007	0.01125	0.01767	0.01369	0.00784	0.02360	0.00692	0.00438	0.00372	0.00125	0.03081	0.07439	0.00224	0.00476

[dist]
# distance from previous block
# <min> <max>
1	64

[block]
# block no. 6 follows, 71 sequences, length 37
# corresponding to MSA columns:
# 295-331
name=unknown_G
#
# <colnr> <probs for GDERKNQSTAVLIFYWHMCP>
#	G	D	E	R	K	N	Q	S	T	A	V	L	I	F	Y	W	H	M	C	P
0	0.00775	0.09666	0.14662	0.00823	0.01034	0.00877	0.02181	0.00991	0.03894	0.01046	0.00747	0.01921	0.00662	0.01014	0.19666	0.00232	0.24521	0.00327	0.00196	0.14765
1	0.00478	0.00361	0.00444	0.00501	0.00564	0.00328	0.00357	0.00567	0.00803	0.01032	0.05819	0.50935	0.27761	0.01102	0.00480	0.00148	0.00223	0.07420	0.00358	0.00320
2	0.01019	0.04243	0.04166	0.00805	0.00987	0.38016	0.02795	0.04163	0.02836	0.01163	0.18769	0.03487	0.10383	0.00573	0.00433	0.00114	0.04905	0.00441	0.00273	0.00429
3	0.00911	0.29131	0.08442	0.10326	0.08207	0.01935	0.03078	0.09544	0.02730	0.01255	0.10935	0.01186	0.03750	0.00448	0.00366	0.00108	0.02603	0.00355	0.04200	0.00491
4	0.01405	0.07421	0.01147	0.00966	0.01172	0.79489	0.00735	0.01506	0.01066	0.00936	0.00589	0.00686	0.00494	0.00391	0.00339	0.00098	0.00673	0.00244	0.00195	0.00448
5	0.00795	0.00681	0.00795	0.00568	0.00909	0.00511	0.00454	0.00965	0.00795	0.01249	0.00681	0.00795	0.00568	0.00284	0.00284	0.00057	0.00284	0.00227	0.00227	0.88869
6	0.01110	0.04350	0.01365	0.02535	0.09260	0.23943	0.21727	0.09498	0.00986	0.05381	0.00768	0.00974	0.00618	0.02132	0.01628	0.10560	0.00545	0.00346	0.01802	0.00472
7	0.00535	0.00366	0.00442	0.00467	0.00481	0.00363	0.00290	0.00567	0.00623	0.00835	0.02668	0.24429	0.01723	0.56250	0.05986	0.00320	0.00365	0.02758	0.00269	0.00264
8	0.00524	0.00385	0.00502	0.00564	0.00633	0.00363	0.00435	0.00645	0.00843	0.01105	0.11190	0.37018	0.14960	0.01073	0.00493	0.00155	0.00258	0.28160	0.00362	0.00333
9	0.00467	0.00334	0.00445	0.00534	0.00556	0.00311	0.00356	0.00534	0.00734	0.00979	0.02113	0.86275	0.02536	0.01201	0.00489	0.00156	0.00222	0.01090	0.00356	0.00311
10	0.00993	0.70012	0.09218	0.00684	0.01012	0.04159	0.00698	0.01148	0.00794	0.00970	0.00602	0.00695	0.00528	0.00342	0.00262	0.00087	0.00416	0.00225	0.06670	0.00487
11	0.01671	0.00668	0.00894	0.00684	0.00983	0.00582	0.00564	0.04529	0.01108	0.77984	0.01456	0.01270	0.00922	0.00466	0.00381	0.00116	0.00328	0.00377	0.00461	0.04559
12	0.89233	0.00741	0.00564	0.00504	0.00741	0.00860	0.00415	0.01127	0.00653	0.01720	0.00534	0.00623	0.00415	0.00356	0.00237	0.00119	0.00297	0.00208	0.00237	0.00415
13	0.86732	0.00739	0.00573	0.00509	0.00748	0.00852	0.00419	0.01148	0.00665	0.04083	0.00562	0.00642	0.00430	0.00359	0.00242	0.00119	0.00297	0.00213	0.00244	0.00422
14	0.00542	0.00403	0.00491	0.00477	0.00582	0.00366	0.00364	0.00707	0.02161	0.02541	0.50179	0.04769	0.27869	0.00859	0.00457	0.00128	0.00201	0.06152	0.00396	0.00356
15	0.71049	0.00712	0.00595	0.00527	0.00756	0.00808	0.00430	0.01207	0.05907	0.07116	0.04379	0.00845	0.00659	0.00396	0.00267	0.00118	0.00290	0.00260	0.03240	0.00439
16	0.00658	0.00433	0.00546	0.00504	0.00615	0.00412	0.00382	0.00894	0.06322	0.06786	0.66547	0.02554	0.03072	0.00719	0.00429	0.00118	0.00198	0.00629	0.07786	0.00395
17	0.00467	0.00334	0.00445	0.00534	0.00556	0.00311	0.00356	0.00534	0.00734	0.00979	0.02113	0.86275	0.02536	0.01201	0.00489	0.00156	0.00222	0.01090	0.00356	0.00311
18	0.07910	0.01050	0.01108	0.00854	0.01156	0.01165	0.00706	0.76847	0.01718	0.02365	0.00892	0.00899	0.00635	0.00453	0.00373	0.00115	0.00413	0.00335	0.00373	0.00635
19	0.00548	0.00411	0.00616	0.00616	0.00685	0.00479	0.00479	0.00685	0.00616	0.00890	0.01027	0.01506	0.00959	0.02876	0.85006	0.00616	0.01027	0.00411	0.00205	0.00342
20	0.01202	0.01121	0.14939	0.01138	0.01514	0.00936	0.30124	0.24134	0.01179	0.18378	0.00951	0.01021	0.00660	0.00399	0.00406	0.00122	0.00506	0.00382	0.00298	0.00590
21	0.00839	0.00839	0.01174	0.01007	0.01007	0.01174	0.00839	0.00923	0.00587	0.00923	0.00503	0.00839	0.00503	0.00671	0.01258	0.00168	0.85823	0.00336	0.00168	0.00419
22	0.04887	0.01057	0.01099	0.07323	0.01153	0.22844	0.01812	0.01090	0.00744	0.00982	0.00579	0.00842	0.00524	0.00618	0.03323	0.00155	0.47794	0.00311	0.02438	0.00424
23	0.01347	0.04390	0.01083	0.00955	0.03952	0.59385	0.00712	0.14009	0.01156	0.01217	0.00700	0.00794	0.00563	0.00405	0.00343	0.00100	0.00590	0.00273	0.07549	0.00476
24	0.00484	0.00382	0.00409	0.00412	0.00524	0.00330	0.00305	0.00597	0.00889	0.01130	0.15336	0.10090	0.60205	0.00928	0.00444	0.00128	0.00194	0.00786	0.06096	0.00330
25	0.01099	0.41212	0.10259	0.00964	0.09392	0.16399	0.00813	0.04037	0.00884	0.04940	0.00636	0.00740	0.00531	0.00380	0.00370	0.00101	0.06281	0.00256	0.00195	0.00511
26	0.00769	0.01983	0.84538	0.01093	0.01659	0.00890	0.01417	0.01214	0.00810	0.01214	0.00688	0.00810	0.00486	0.00364	0.00364	0.00121	0.00567	0.00283	0.00162	0.00567
27	0.00798	0.00691	0.00834	0.00595	0.00937	0.00523	0.02612	0.00972	0.00798	0.01249	0.00684	0.00801	0.00568	0.00285	0.00288	0.00059	0.00293	0.00233	0.00226	0.86553
28	0.01681	0.00716	0.00929	0.00712	0.01010	0.00657	0.00588	0.13997	0.01203	0.72122	0.01424	0.01247	0.00905	0.00472	0.00385	0.00118	0.00341	0.00380	0.00461	0.00652
29	0.00476	0.00354	0.00443	0.00510	0.00560	0.00324	0.00355	0.00555	0.00770	0.00996	0.02480	0.60361	0.20680	0.03318	0.00521	0.00157	0.00228	0.06244	0.00353	0.00315
30	0.00896	0.06004	0.11118	0.00820	0.07833	0.00643	0.02248	0.02761	0.02037	0.16853	0.07292	0.05041	0.01187	0.11144	0.16480	0.00243	0.00498	0.03208	0.03233	0.00461
31	0.00467	0.00336	0.00443	0.00529	0.00555	0.00312	0.00354	0.00534	0.00739	0.00981	0.02176	0.83330	0.05440	0.01193	0.00488	0.00155	0.00221	0.01080	0.00356	0.00312
32	0.09390	0.00846	0.00921	0.00731	0.01013	0.07768	0.00595	0.16657	0.05376	0.48579	0.01220	0.01115	0.00810	0.00452	0.00366	0.00115	0.00369	0.00349	0.00403	0.02924
33	0.78432	0.00720	0.00576	0.00521	0.00743	0.00827	0.00422	0.04238	0.00704	0.01685	0.00681	0.07782	0.00601	0.00430	0.00264	0.00122	0.00295	0.00287	0.00253	0.00416
34	0.01451	0.00633	0.00830	0.00656	0.00925	0.00555	0.00531	0.02806	0.04497	0.62266	0.01561	0.08430	0.03888	0.00536	0.00387	0.00117	0.00310	0.00446	0.00433	0.08744
35	0.00575	0.00507	0.07441	0.00478	0.00526	0.00417	0.00335	0.00615	0.00580	0.00785	0.01162	0.02350	0.01311	0.77892	0.03252	0.00355	0.00399	0.00532	0.00226	0.00262
36	0.00637	0.00528	0.00580	0.00558	0.00676	0.03375	0.00416	0.00976	0.19054	0.01315	0.31209	0.13177	0.18502	0.02779	0.04335	0.00156	0.00276	0.00678	0.00372	0.00401

[dist]
# distance from previous block
# <min> <max>
0	21

# created by:
# /st0/software/busco_prod/Augustus/scripts/msa2prfl.pl ./align_prep/23379.fa
