[name]
unknown

[dist]
# distance from previous block
# <min> <max>
0	0

[block]
# block no. 0 follows, 76 sequences, length 33
# corresponding to MSA columns:
# 0-32
name=unknown_A
#
# <colnr> <probs for GDERKNQSTAVLIFYWHMCP>
#	G	D	E	R	K	N	Q	S	T	A	V	L	I	F	Y	W	H	M	C	P
0	0.00586	0.00418	0.00586	0.00669	0.00753	0.00418	0.00586	0.00753	0.00837	0.01088	0.01924	0.04100	0.02092	0.01004	0.00502	0.00167	0.00335	0.82513	0.00335	0.00335
1	0.00529	0.00352	0.00396	0.00396	0.00396	0.00352	0.00220	0.00529	0.00529	0.00705	0.01145	0.02378	0.01321	0.87227	0.01850	0.00352	0.00352	0.00529	0.00220	0.00220
2	0.00443	0.00316	0.00422	0.00506	0.00527	0.00295	0.00337	0.00506	0.00696	0.00928	0.02003	0.86990	0.02404	0.01139	0.00464	0.00148	0.00211	0.01033	0.00337	0.00295
3	0.00904	0.00781	0.00822	0.00740	0.00945	0.00904	0.00575	0.01931	0.84303	0.01520	0.01479	0.01356	0.01109	0.00493	0.00370	0.00123	0.00288	0.00411	0.00370	0.00575
4	0.00686	0.00646	0.01090	0.86353	0.02503	0.00807	0.01009	0.00929	0.00727	0.00929	0.00646	0.00969	0.00484	0.00363	0.00363	0.00121	0.00484	0.00323	0.00161	0.00404
5	0.01381	0.01042	0.01089	0.00840	0.01127	0.04023	0.00691	0.80932	0.01686	0.02243	0.00862	0.00865	0.00613	0.00434	0.00362	0.00109	0.00409	0.00324	0.00358	0.00611
6	0.00729	0.01880	0.85344	0.01036	0.01573	0.00844	0.01343	0.01151	0.00767	0.01151	0.00652	0.00767	0.00460	0.00345	0.00345	0.00115	0.00537	0.00269	0.00153	0.00537
7	0.00519	0.00389	0.00584	0.00584	0.00649	0.00454	0.00454	0.00649	0.00584	0.00844	0.00974	0.01428	0.00909	0.02726	0.85787	0.00584	0.00974	0.00389	0.00195	0.00325
8	0.00972	0.87446	0.01905	0.00622	0.00933	0.01438	0.00622	0.01088	0.00738	0.00855	0.00505	0.00583	0.00466	0.00311	0.00233	0.00078	0.00389	0.00194	0.00155	0.00466
9	0.00686	0.00646	0.01090	0.86353	0.02503	0.00807	0.01009	0.00929	0.00727	0.00929	0.00646	0.00969	0.00484	0.00363	0.00363	0.00121	0.00484	0.00323	0.00161	0.00404
10	0.89794	0.00703	0.00534	0.00478	0.00703	0.00815	0.00394	0.01068	0.00619	0.01631	0.00506	0.00590	0.00394	0.00337	0.00225	0.00112	0.00281	0.00197	0.00225	0.00394
11	0.00514	0.00372	0.00486	0.00457	0.00543	0.00343	0.00343	0.00686	0.01029	0.01457	0.84768	0.02715	0.03429	0.00743	0.00429	0.00114	0.00171	0.00657	0.00400	0.00343
12	0.01380	0.01056	0.01088	0.00842	0.01127	0.05653	0.00691	0.79347	0.01673	0.02216	0.00856	0.00861	0.00610	0.00433	0.00362	0.00108	0.00414	0.00322	0.00354	0.00608
13	0.00904	0.00781	0.00822	0.00740	0.00945	0.00904	0.00575	0.01931	0.84303	0.01520	0.01479	0.01356	0.01109	0.00493	0.00370	0.00123	0.00288	0.00411	0.00370	0.00575
14	0.00529	0.00352	0.00396	0.00396	0.00396	0.00352	0.00220	0.00529	0.00529	0.00705	0.01145	0.02378	0.01321	0.87227	0.01850	0.00352	0.00352	0.00529	0.00220	0.00220
15	0.01382	0.01018	0.01091	0.00836	0.01127	0.01127	0.00691	0.83748	0.01709	0.02291	0.00873	0.00873	0.00618	0.00436	0.00364	0.00109	0.00400	0.00327	0.00364	0.00618
16	0.00754	0.00646	0.00754	0.00538	0.00861	0.00484	0.00431	0.00915	0.00754	0.01184	0.00646	0.00754	0.00538	0.00269	0.00269	0.00054	0.00269	0.00215	0.00215	0.89449
17	0.00729	0.01880	0.85344	0.01036	0.01573	0.00844	0.01343	0.01151	0.00767	0.01151	0.00652	0.00767	0.00460	0.00345	0.00345	0.00115	0.00537	0.00269	0.00153	0.00537
18	0.89794	0.00703	0.00534	0.00478	0.00703	0.00815	0.00394	0.01068	0.00619	0.01631	0.00506	0.00590	0.00394	0.00337	0.00225	0.00112	0.00281	0.00197	0.00225	0.00394
19	0.00686	0.00646	0.01090	0.86353	0.02503	0.00807	0.01009	0.00929	0.00727	0.00929	0.00646	0.00969	0.00484	0.00363	0.00363	0.00121	0.00484	0.00323	0.00161	0.00404
20	0.00443	0.00316	0.00422	0.00506	0.00527	0.00295	0.00337	0.00506	0.00696	0.00928	0.02003	0.86990	0.02404	0.01139	0.00464	0.00148	0.00211	0.01033	0.00337	0.00295
21	0.00529	0.00352	0.00396	0.00396	0.00396	0.00352	0.00220	0.00529	0.00529	0.00705	0.01145	0.02378	0.01321	0.87227	0.01850	0.00352	0.00352	0.00529	0.00220	0.00220
22	0.00858	0.00980	0.02145	0.01532	0.01900	0.00919	0.83640	0.01164	0.00858	0.01164	0.00735	0.00980	0.00551	0.00306	0.00429	0.00123	0.00613	0.00429	0.00184	0.00490
23	0.00514	0.00372	0.00486	0.00457	0.00543	0.00343	0.00343	0.00686	0.01029	0.01457	0.84768	0.02715	0.03429	0.00743	0.00429	0.00114	0.00171	0.00657	0.00400	0.00343
24	0.00729	0.01880	0.85344	0.01036	0.01573	0.00844	0.01343	0.01151	0.00767	0.01151	0.00652	0.00767	0.00460	0.00345	0.00345	0.00115	0.00537	0.00269	0.00153	0.00537
25	0.00519	0.00389	0.00584	0.00584	0.00649	0.00454	0.00454	0.00649	0.00584	0.00844	0.00974	0.01428	0.00909	0.02726	0.85787	0.00584	0.00974	0.00389	0.00195	0.00325
26	0.01390	0.01004	0.01082	0.00830	0.01120	0.01107	0.00685	0.80936	0.01686	0.05135	0.00892	0.00885	0.00628	0.00437	0.00364	0.00109	0.00397	0.00329	0.00367	0.00618
27	0.00519	0.00375	0.00475	0.00530	0.00577	0.00363	0.00368	0.07025	0.00782	0.01039	0.01971	0.75783	0.05085	0.01074	0.00456	0.00144	0.00227	0.02546	0.00339	0.00322
28	0.00732	0.01856	0.83111	0.01049	0.01582	0.00846	0.03552	0.01151	0.00770	0.01151	0.00654	0.00773	0.00463	0.00344	0.00348	0.00115	0.00539	0.00273	0.00154	0.00536
29	0.01631	0.00619	0.00843	0.00647	0.00928	0.00534	0.00534	0.01771	0.01040	0.85211	0.01434	0.01237	0.00900	0.00450	0.00365	0.00112	0.00309	0.00365	0.00450	0.00619
30	0.00430	0.00368	0.00368	0.00368	0.00491	0.00307	0.00276	0.00522	0.00828	0.00982	0.03682	0.03498	0.84812	0.00920	0.00430	0.00123	0.00184	0.00767	0.00338	0.00307
31	0.00900	0.00864	0.01475	0.02231	0.84960	0.00864	0.01115	0.01115	0.00828	0.01187	0.00684	0.00900	0.00576	0.00324	0.00360	0.00108	0.00432	0.00324	0.00180	0.00576
32	0.00445	0.00318	0.00423	0.00505	0.00528	0.00296	0.00338	0.00511	0.00705	0.00942	0.04225	0.84728	0.02431	0.01128	0.00463	0.00147	0.00210	0.01023	0.00339	0.00296

[dist]
# distance from previous block
# <min> <max>
0	3

[block]
# block no. 1 follows, 76 sequences, length 93
# corresponding to MSA columns:
# 36-128
name=unknown_B
#
# <colnr> <probs for GDERKNQSTAVLIFYWHMCP>
#	G	D	E	R	K	N	Q	S	T	A	V	L	I	F	Y	W	H	M	C	P
0	0.01627	0.00625	0.00847	0.00650	0.00931	0.00543	0.00537	0.03022	0.01050	0.83947	0.01425	0.01232	0.00895	0.00450	0.00365	0.00112	0.00311	0.00365	0.00449	0.00619
1	0.00431	0.00368	0.00370	0.00370	0.00492	0.00307	0.00277	0.00524	0.00832	0.00989	0.04936	0.03486	0.83554	0.00918	0.00430	0.00123	0.00184	0.00765	0.00338	0.00307
2	0.89794	0.00703	0.00534	0.00478	0.00703	0.00815	0.00394	0.01068	0.00619	0.01631	0.00506	0.00590	0.00394	0.00337	0.00225	0.00112	0.00281	0.00197	0.00225	0.00394
3	0.00448	0.00369	0.00393	0.00387	0.00502	0.00315	0.00290	0.00557	0.00871	0.01084	0.21036	0.03330	0.67395	0.00882	0.00429	0.00121	0.00181	0.00744	0.00351	0.00315
4	0.01310	0.00683	0.00925	0.00760	0.03969	0.00657	0.06270	0.15925	0.04119	0.45017	0.05521	0.03261	0.00990	0.00464	0.00365	0.00111	0.00328	0.00392	0.08374	0.00560
5	0.00904	0.00781	0.00822	0.00740	0.00945	0.00904	0.00575	0.01931	0.84303	0.01520	0.01479	0.01356	0.01109	0.00493	0.00370	0.00123	0.00288	0.00411	0.00370	0.00575
6	0.01350	0.01072	0.01100	0.02030	0.05191	0.09520	0.00715	0.69530	0.01578	0.03051	0.00836	0.00858	0.00603	0.00424	0.00360	0.00108	0.00427	0.00318	0.00336	0.00594
7	0.00736	0.03322	0.81334	0.01034	0.01556	0.00860	0.02408	0.01145	0.00764	0.01141	0.00648	0.00767	0.00462	0.00349	0.00359	0.00115	0.02041	0.00270	0.00154	0.00533
8	0.89794	0.00703	0.00534	0.00478	0.00703	0.00815	0.00394	0.01068	0.00619	0.01631	0.00506	0.00590	0.00394	0.00337	0.00225	0.00112	0.00281	0.00197	0.00225	0.00394
9	0.00502	0.00371	0.00469	0.00445	0.00536	0.00338	0.00333	0.00662	0.01000	0.01390	0.73224	0.02826	0.15016	0.00768	0.00429	0.00116	0.00173	0.00673	0.00391	0.00338
10	0.00481	0.00368	0.00440	0.00426	0.00523	0.00328	0.00318	0.00619	0.00943	0.01264	0.52039	0.06024	0.33262	0.00822	0.00430	0.00119	0.00178	0.00711	0.00375	0.00328
11	0.00443	0.00316	0.00422	0.00506	0.00527	0.00295	0.00337	0.00506	0.00696	0.00928	0.02003	0.86990	0.02404	0.01139	0.00464	0.00148	0.00211	0.01033	0.00337	0.00295
12	0.87434	0.00711	0.00549	0.00488	0.00714	0.00824	0.00402	0.03276	0.00648	0.01648	0.00516	0.00598	0.00400	0.00340	0.00229	0.00112	0.00284	0.00200	0.00229	0.00400
13	0.00514	0.00372	0.00486	0.00457	0.00543	0.00343	0.00343	0.00686	0.01029	0.01457	0.84768	0.02715	0.03429	0.00743	0.00429	0.00114	0.00171	0.00657	0.00400	0.00343
14	0.00729	0.01880	0.85344	0.01036	0.01573	0.00844	0.01343	0.01151	0.00767	0.01151	0.00652	0.00767	0.00460	0.00345	0.00345	0.00115	0.00537	0.00269	0.00153	0.00537
15	0.00900	0.00864	0.01475	0.02231	0.84960	0.00864	0.01115	0.01115	0.00828	0.01187	0.00684	0.00900	0.00576	0.00324	0.00360	0.00108	0.00432	0.00324	0.00180	0.00576
16	0.00691	0.00650	0.01098	0.84676	0.04148	0.00809	0.01011	0.00932	0.00729	0.00934	0.00647	0.00968	0.00486	0.00363	0.00363	0.00121	0.00483	0.00323	0.00162	0.00407
17	0.00721	0.00419	0.00545	0.00486	0.00613	0.00377	0.00374	0.00881	0.01015	0.17459	0.62343	0.02494	0.09434	0.00701	0.00417	0.00115	0.00199	0.00610	0.00405	0.00393
18	0.00955	0.00834	0.00849	0.00754	0.00965	0.04165	0.00588	0.07727	0.75249	0.01551	0.01401	0.01295	0.01050	0.00485	0.00368	0.00121	0.00310	0.00398	0.00362	0.00572
19	0.01382	0.01018	0.01091	0.00836	0.01127	0.01127	0.00691	0.83748	0.01709	0.02291	0.00873	0.00873	0.00618	0.00436	0.00364	0.00109	0.00400	0.00327	0.00364	0.00618
20	0.01055	0.00827	0.00898	0.01653	0.00990	0.03812	0.00556	0.33531	0.04141	0.04994	0.03230	0.00897	0.00685	0.00369	0.00321	0.00084	0.00336	0.00287	0.00292	0.41041
21	0.00447	0.00319	0.00427	0.00511	0.00534	0.00299	0.00345	0.00513	0.00700	0.00932	0.02001	0.84559	0.02395	0.01135	0.00465	0.00148	0.00214	0.03423	0.00337	0.00296
22	0.00443	0.00316	0.00422	0.00506	0.00527	0.00295	0.00337	0.00506	0.00696	0.00928	0.02003	0.86990	0.02404	0.01139	0.00464	0.00148	0.00211	0.01033	0.00337	0.00295
23	0.00716	0.01786	0.80038	0.01000	0.01509	0.00813	0.01280	0.01122	0.00784	0.01170	0.05912	0.00889	0.00646	0.00370	0.00351	0.00115	0.00514	0.00293	0.00169	0.00525
24	0.09224	0.00899	0.00987	0.00776	0.01033	0.00992	0.00639	0.54368	0.04375	0.12802	0.00915	0.01901	0.00661	0.00451	0.00411	0.00113	0.06586	0.00329	0.00345	0.02194
25	0.02351	0.39556	0.02548	0.00739	0.01033	0.05059	0.00660	0.37607	0.04658	0.01532	0.00712	0.00749	0.00559	0.00378	0.00302	0.00095	0.00402	0.00265	0.00259	0.00536
26	0.01382	0.01018	0.01091	0.00836	0.01127	0.01127	0.00691	0.83748	0.01709	0.02291	0.00873	0.00873	0.00618	0.00436	0.00364	0.00109	0.00400	0.00327	0.00364	0.00618
27	0.00431	0.00368	0.00370	0.00370	0.00492	0.00307	0.00277	0.00524	0.00832	0.00990	0.05090	0.03484	0.83399	0.00917	0.00430	0.00123	0.00184	0.00765	0.00339	0.00307
28	0.00729	0.01880	0.85344	0.01036	0.01573	0.00844	0.01343	0.01151	0.00767	0.01151	0.00652	0.00767	0.00460	0.00345	0.00345	0.00115	0.00537	0.00269	0.00153	0.00537
29	0.00900	0.00864	0.01475	0.02231	0.84960	0.00864	0.01115	0.01115	0.00828	0.01187	0.00684	0.00900	0.00576	0.00324	0.00360	0.00108	0.00432	0.00324	0.00180	0.00576
30	0.00438	0.00376	0.00377	0.00375	0.00499	0.00318	0.00282	0.00548	0.02395	0.00992	0.03641	0.03458	0.83241	0.00912	0.00428	0.00123	0.00186	0.00760	0.00338	0.00312
31	0.00534	0.03499	0.00544	0.00496	0.00588	0.00390	0.00389	0.00694	0.00960	0.01322	0.59449	0.06757	0.07788	0.00799	0.00436	0.00124	0.00209	0.14307	0.00374	0.00342
32	0.00729	0.01880	0.85344	0.01036	0.01573	0.00844	0.01343	0.01151	0.00767	0.01151	0.00652	0.00767	0.00460	0.00345	0.00345	0.00115	0.00537	0.00269	0.00153	0.00537
33	0.00447	0.00369	0.00392	0.00386	0.00502	0.00314	0.00290	0.00555	0.00869	0.01079	0.20274	0.03338	0.68160	0.00884	0.00429	0.00121	0.00182	0.00745	0.00350	0.00314
34	0.00935	0.74657	0.14375	0.00684	0.01029	0.01349	0.00730	0.01098	0.00743	0.00899	0.00527	0.00611	0.00466	0.00316	0.00250	0.00083	0.00411	0.00205	0.00155	0.00477
35	0.02500	0.00801	0.01122	0.36054	0.13848	0.03099	0.01837	0.13509	0.09436	0.01239	0.00744	0.00945	0.00580	0.00418	0.00475	0.00122	0.12246	0.00329	0.00218	0.00479
36	0.00795	0.00795	0.01113	0.00954	0.00954	0.01113	0.00795	0.00875	0.00557	0.00875	0.00477	0.00795	0.00477	0.00636	0.01193	0.00159	0.86562	0.00318	0.00159	0.00398
37	0.00447	0.00366	0.00394	0.00393	0.00503	0.00313	0.00292	0.00553	0.00860	0.01071	0.19355	0.07878	0.64517	0.00898	0.00431	0.00122	0.00183	0.00760	0.00350	0.00313
38	0.89794	0.00703	0.00534	0.00478	0.00703	0.00815	0.00394	0.01068	0.00619	0.01631	0.00506	0.00590	0.00394	0.00337	0.00225	0.00112	0.00281	0.00197	0.00225	0.00394
39	0.00705	0.00347	0.00353	0.00348	0.00438	0.00344	0.00262	0.00874	0.00770	0.03784	0.01193	0.01352	0.00931	0.00424	0.00257	0.00085	0.00173	0.00340	0.86673	0.00347
40	0.01631	0.00619	0.00843	0.00647	0.00928	0.00534	0.00534	0.01771	0.01040	0.85211	0.01434	0.01237	0.00900	0.00450	0.00365	0.00112	0.00309	0.00365	0.00450	0.00619
41	0.00586	0.00418	0.00586	0.00669	0.00753	0.00418	0.00586	0.00753	0.00837	0.01088	0.01924	0.04100	0.02092	0.01004	0.00502	0.00167	0.00335	0.82513	0.00335	0.00335
42	0.01382	0.01018	0.01091	0.00836	0.01127	0.01127	0.00691	0.83748	0.01709	0.02291	0.00873	0.00873	0.00618	0.00436	0.00364	0.00109	0.00400	0.00327	0.00364	0.00618
43	0.89794	0.00703	0.00534	0.00478	0.00703	0.00815	0.00394	0.01068	0.00619	0.01631	0.00506	0.00590	0.00394	0.00337	0.00225	0.00112	0.00281	0.00197	0.00225	0.00394
44	0.00443	0.00316	0.00422	0.00506	0.00527	0.00295	0.00337	0.00506	0.00696	0.00928	0.02003	0.86990	0.02404	0.01139	0.00464	0.00148	0.00211	0.01033	0.00337	0.00295
45	0.00904	0.00781	0.00822	0.00740	0.00945	0.00904	0.00575	0.01931	0.84303	0.01520	0.01479	0.01356	0.01109	0.00493	0.00370	0.00123	0.00288	0.00411	0.00370	0.00575
46	0.01613	0.00619	0.00842	0.00644	0.00926	0.00533	0.00532	0.01754	0.01035	0.83536	0.01418	0.01227	0.00892	0.00446	0.00364	0.00111	0.00308	0.00363	0.00445	0.02390
47	0.00972	0.87446	0.01905	0.00622	0.00933	0.01438	0.00622	0.01088	0.00738	0.00855	0.00505	0.00583	0.00466	0.00311	0.00233	0.00078	0.00389	0.00194	0.00155	0.00466
48	0.01631	0.00619	0.00843	0.00647	0.00928	0.00534	0.00534	0.01771	0.01040	0.85211	0.01434	0.01237	0.00900	0.00450	0.00365	0.00112	0.00309	0.00365	0.00450	0.00619
49	0.00686	0.00646	0.01090	0.86353	0.02503	0.00807	0.01009	0.00929	0.00727	0.00929	0.00646	0.00969	0.00484	0.00363	0.00363	0.00121	0.00484	0.00323	0.00161	0.00404
50	0.01307	0.00981	0.01049	0.00821	0.01099	0.01092	0.00673	0.70985	0.14593	0.02170	0.00967	0.00948	0.00695	0.00445	0.00365	0.00111	0.00382	0.00340	0.00365	0.00611
51	0.00579	0.00414	0.00578	0.00662	0.00743	0.00413	0.00575	0.00742	0.00830	0.01081	0.01928	0.07814	0.02106	0.01010	0.00500	0.00166	0.00329	0.78863	0.00335	0.00333
52	0.00437	0.00366	0.00380	0.00382	0.00497	0.00309	0.00285	0.00534	0.00838	0.01018	0.10188	0.07710	0.73976	0.00917	0.00431	0.00123	0.00184	0.00772	0.00343	0.00309
53	0.00860	0.48151	0.40222	0.00812	0.01227	0.01165	0.00953	0.01117	0.00752	0.00991	0.00573	0.00668	0.00464	0.00327	0.00285	0.00095	0.00457	0.00228	0.00155	0.00499
54	0.00795	0.00795	0.01113	0.00954	0.00954	0.01113	0.00795	0.00875	0.00557	0.00875	0.00477	0.00795	0.00477	0.00636	0.01193	0.00159	0.86562	0.00318	0.00159	0.00398
55	0.01631	0.00619	0.00843	0.00647	0.00928	0.00534	0.00534	0.01771	0.01040	0.85211	0.01434	0.01237	0.00900	0.00450	0.00365	0.00112	0.00309	0.00365	0.00450	0.00619
56	0.00689	0.00651	0.01107	0.84975	0.02493	0.00809	0.02352	0.00932	0.00729	0.00932	0.00647	0.00969	0.00486	0.00362	0.00364	0.00121	0.00487	0.00325	0.00162	0.00405
57	0.00562	0.00424	0.00526	0.00491	0.00593	0.00414	0.00371	0.00842	0.11789	0.01451	0.71445	0.02564	0.05694	0.00716	0.00421	0.00116	0.00187	0.00629	0.00394	0.00372
58	0.01304	0.01075	0.12748	0.00825	0.01138	0.04353	0.00744	0.49998	0.04257	0.17084	0.00969	0.02232	0.00685	0.00436	0.00362	0.00111	0.00406	0.00336	0.00343	0.00593
59	0.01434	0.00879	0.00998	0.00771	0.01055	0.00928	0.00635	0.53513	0.05982	0.28340	0.01082	0.01014	0.00733	0.00444	0.00365	0.00111	0.00365	0.00344	0.00391	0.00616
60	0.00512	0.00385	0.00522	0.00514	0.00591	0.00363	0.02761	0.00680	0.03892	0.01262	0.49639	0.31827	0.03942	0.00861	0.00439	0.00127	0.00202	0.00774	0.00370	0.00339
61	0.01051	0.00988	0.01023	0.00861	0.01093	0.14217	0.08386	0.15516	0.49609	0.01518	0.01164	0.01130	0.00874	0.00448	0.00368	0.00116	0.00394	0.00371	0.00323	0.00550
62	0.00795	0.00795	0.01113	0.00954	0.00954	0.01113	0.00795	0.00875	0.00557	0.00875	0.00477	0.00795	0.00477	0.00636	0.01193	0.00159	0.86562	0.00318	0.00159	0.00398
63	0.02828	0.27034	0.03553	0.00820	0.01060	0.49449	0.00680	0.03271	0.03931	0.03397	0.00612	0.00683	0.00505	0.00362	0.00302	0.00092	0.00537	0.00235	0.00196	0.00453
64	0.00448	0.00319	0.00420	0.00499	0.00519	0.00299	0.00330	0.00508	0.00685	0.00913	0.01947	0.81417	0.02333	0.06809	0.00555	0.00161	0.00220	0.01000	0.00330	0.00290
65	0.00586	0.00496	0.00672	0.00644	0.00720	0.05109	0.02590	0.00716	0.00614	0.00856	0.00922	0.01345	0.00856	0.02441	0.75086	0.00526	0.04912	0.00379	0.00192	0.00337
66	0.00521	0.00384	0.00558	0.00558	0.00613	0.00440	0.00421	0.00632	0.00576	0.00824	0.00998	0.01562	0.00967	0.14636	0.73956	0.00551	0.00886	0.00409	0.00198	0.00310
67	0.00981	0.79669	0.01829	0.00651	0.00942	0.05235	0.00633	0.01095	0.00743	0.00858	0.00507	0.00596	0.00467	0.00328	0.00281	0.00082	0.04281	0.00202	0.00157	0.00461
68	0.00729	0.01880	0.85344	0.01036	0.01573	0.00844	0.01343	0.01151	0.00767	0.01151	0.00652	0.00767	0.00460	0.00345	0.00345	0.00115	0.00537	0.00269	0.00153	0.00537
69	0.00985	0.27989	0.12244	0.00854	0.08044	0.09489	0.02939	0.03542	0.00839	0.08079	0.00672	0.00754	0.00535	0.00328	0.00296	0.00086	0.00410	0.00248	0.00206	0.21461
70	0.00448	0.00373	0.00394	0.00402	0.00519	0.00319	0.00310	0.00550	0.00835	0.01007	0.05880	0.03536	0.73979	0.00924	0.00437	0.00127	0.00199	0.09111	0.00339	0.00311
71	0.26746	0.00884	0.01106	0.04290	0.11282	0.04997	0.13376	0.20832	0.04349	0.07655	0.00764	0.00850	0.00566	0.00372	0.00332	0.00113	0.00407	0.00306	0.00264	0.00509
72	0.00500	0.00371	0.00466	0.00442	0.00534	0.00337	0.00332	0.00658	0.00995	0.01378	0.71162	0.02846	0.17085	0.00773	0.00429	0.00116	0.00174	0.00676	0.00390	0.00337
73	0.00729	0.01880	0.85344	0.01036	0.01573	0.00844	0.01343	0.01151	0.00767	0.01151	0.00652	0.00767	0.00460	0.00345	0.00345	0.00115	0.00537	0.00269	0.00153	0.00537
74	0.01350	0.00979	0.01055	0.00819	0.01102	0.01080	0.00673	0.72669	0.09136	0.05954	0.00953	0.00933	0.00675	0.00442	0.00364	0.00111	0.00386	0.00337	0.00368	0.00614
75	0.00453	0.00324	0.00431	0.00499	0.00529	0.00302	0.00338	0.00531	0.00742	0.01002	0.13520	0.75262	0.02547	0.01084	0.00459	0.00143	0.00205	0.00981	0.00346	0.00302
76	0.00914	0.00778	0.00822	0.00738	0.00945	0.00899	0.00575	0.01929	0.83121	0.02709	0.01479	0.01354	0.01106	0.00492	0.00370	0.00123	0.00288	0.00410	0.00371	0.00576
77	0.00858	0.00980	0.02145	0.01532	0.01900	0.00919	0.83640	0.01164	0.00858	0.01164	0.00735	0.00980	0.00551	0.00306	0.00429	0.00123	0.00613	0.00429	0.00184	0.00490
78	0.01405	0.00990	0.01066	0.00819	0.01108	0.02347	0.00676	0.74574	0.01634	0.10292	0.00922	0.00905	0.00643	0.00437	0.00363	0.00109	0.00395	0.00330	0.00369	0.00615
79	0.00508	0.00371	0.00477	0.00450	0.00539	0.00340	0.00338	0.00673	0.01013	0.01420	0.78347	0.02777	0.09873	0.00757	0.00429	0.00115	0.00172	0.00666	0.00395	0.00340
80	0.02225	0.00359	0.00367	0.00356	0.00453	0.00356	0.00270	0.00896	0.00773	0.05470	0.01186	0.01336	0.00921	0.00423	0.00259	0.00087	0.00178	0.00338	0.83393	0.00353
81	0.00972	0.87446	0.01905	0.00622	0.00933	0.01438	0.00622	0.01088	0.00738	0.00855	0.00505	0.00583	0.00466	0.00311	0.00233	0.00078	0.00389	0.00194	0.00155	0.00466
82	0.00443	0.00316	0.00422	0.00506	0.00527	0.00295	0.00337	0.00506	0.00696	0.00928	0.02003	0.86990	0.02404	0.01139	0.00464	0.00148	0.00211	0.01033	0.00337	0.00295
83	0.01624	0.00630	0.00850	0.00652	0.00933	0.00551	0.00539	0.04064	0.01059	0.82892	0.01418	0.01227	0.00892	0.00449	0.00365	0.00112	0.00312	0.00364	0.00447	0.00619
84	0.00516	0.00369	0.00474	0.00555	0.00582	0.00339	0.00369	0.00561	0.00742	0.00995	0.02058	0.86186	0.02450	0.01176	0.00493	0.00160	0.00236	0.01048	0.00360	0.00333
85	0.00686	0.00646	0.01090	0.86353	0.02503	0.00807	0.01009	0.00929	0.00727	0.00929	0.00646	0.00969	0.00484	0.00363	0.00363	0.00121	0.00484	0.00323	0.00161	0.00404
86	0.00529	0.00352	0.00396	0.00396	0.00396	0.00352	0.00220	0.00529	0.00529	0.00705	0.01145	0.02378	0.01321	0.87227	0.01850	0.00352	0.00352	0.00529	0.00220	0.00220
87	0.89794	0.00703	0.00534	0.00478	0.00703	0.00815	0.00394	0.01068	0.00619	0.01631	0.00506	0.00590	0.00394	0.00337	0.00225	0.00112	0.00281	0.00197	0.00225	0.00394
88	0.00729	0.01880	0.85344	0.01036	0.01573	0.00844	0.01343	0.01151	0.00767	0.01151	0.00652	0.00767	0.00460	0.00345	0.00345	0.00115	0.00537	0.00269	0.00153	0.00537
89	0.84394	0.00708	0.00559	0.00493	0.00722	0.00813	0.00406	0.03187	0.00661	0.04645	0.00549	0.00621	0.00417	0.00344	0.00233	0.00112	0.00285	0.00206	0.00236	0.00407
90	0.04750	0.00612	0.00819	0.00633	0.00905	0.00537	0.00522	0.01705	0.01025	0.79038	0.04561	0.01270	0.00977	0.00457	0.00363	0.00113	0.00303	0.00371	0.00440	0.00600
91	0.10172	0.09235	0.08214	0.00786	0.01090	0.01071	0.00700	0.56865	0.01393	0.04757	0.00815	0.01859	0.00599	0.00416	0.00337	0.00108	0.00393	0.00306	0.00315	0.00570
92	0.89794	0.00703	0.00534	0.00478	0.00703	0.00815	0.00394	0.01068	0.00619	0.01631	0.00506	0.00590	0.00394	0.00337	0.00225	0.00112	0.00281	0.00197	0.00225	0.00394

[dist]
# distance from previous block
# <min> <max>
1	5

[block]
# block no. 2 follows, 76 sequences, length 19
# corresponding to MSA columns:
# 134-152
name=unknown_C
#
# <colnr> <probs for GDERKNQSTAVLIFYWHMCP>
#	G	D	E	R	K	N	Q	S	T	A	V	L	I	F	Y	W	H	M	C	P
0	0.00802	0.05922	0.51111	0.01441	0.31305	0.00882	0.01225	0.01135	0.00787	0.01149	0.00656	0.00805	0.00502	0.00336	0.00345	0.00111	0.00492	0.00284	0.00163	0.00547
1	0.00703	0.00667	0.01115	0.77165	0.02364	0.00829	0.03389	0.00960	0.02992	0.00949	0.00663	0.00971	0.00503	0.00379	0.00408	0.00123	0.04914	0.00328	0.00168	0.00411
2	0.00508	0.00338	0.00443	0.00501	0.00544	0.00311	0.00342	0.00581	0.00732	0.05289	0.05775	0.72394	0.06933	0.02848	0.00484	0.00147	0.00216	0.00957	0.00344	0.00313
3	0.00586	0.00418	0.00586	0.00669	0.00753	0.00418	0.00586	0.00753	0.00837	0.01088	0.01924	0.04100	0.02092	0.01004	0.00502	0.00167	0.00335	0.82513	0.00335	0.00335
4	0.01382	0.01018	0.01091	0.00836	0.01127	0.01127	0.00691	0.83748	0.01709	0.02291	0.00873	0.00873	0.00618	0.00436	0.00364	0.00109	0.00400	0.00327	0.00364	0.00618
5	0.00686	0.00646	0.01090	0.86353	0.02503	0.00807	0.01009	0.00929	0.00727	0.00929	0.00646	0.00969	0.00484	0.00363	0.00363	0.00121	0.00484	0.00323	0.00161	0.00404
6	0.00754	0.00646	0.00754	0.00538	0.00861	0.00484	0.00431	0.00915	0.00754	0.01184	0.00646	0.00754	0.00538	0.00269	0.00269	0.00054	0.00269	0.00215	0.00215	0.89449
7	0.00529	0.00352	0.00396	0.00396	0.00396	0.00352	0.00220	0.00529	0.00529	0.00705	0.01145	0.02378	0.01321	0.87227	0.01850	0.00352	0.00352	0.00529	0.00220	0.00220
8	0.89794	0.00703	0.00534	0.00478	0.00703	0.00815	0.00394	0.01068	0.00619	0.01631	0.00506	0.00590	0.00394	0.00337	0.00225	0.00112	0.00281	0.00197	0.00225	0.00394
9	0.00514	0.00372	0.00486	0.00457	0.00543	0.00343	0.00343	0.00686	0.01029	0.01457	0.84768	0.02715	0.03429	0.00743	0.00429	0.00114	0.00171	0.00657	0.00400	0.00343
10	0.01631	0.00619	0.00843	0.00647	0.00928	0.00534	0.00534	0.01771	0.01040	0.85211	0.01434	0.01237	0.00900	0.00450	0.00365	0.00112	0.00309	0.00365	0.00450	0.00619
11	0.00443	0.00316	0.00422	0.00506	0.00527	0.00295	0.00337	0.00506	0.00696	0.00928	0.02003	0.86990	0.02404	0.01139	0.00464	0.00148	0.00211	0.01033	0.00337	0.00295
12	0.00443	0.00316	0.00422	0.00506	0.00527	0.00295	0.00337	0.00506	0.00696	0.00928	0.02003	0.86990	0.02404	0.01139	0.00464	0.00148	0.00211	0.01033	0.00337	0.00295
13	0.00434	0.00368	0.00374	0.00372	0.00493	0.00309	0.00279	0.00530	0.00838	0.01005	0.07584	0.03460	0.80896	0.00912	0.00430	0.00122	0.00183	0.00762	0.00341	0.00309
14	0.11772	0.00628	0.00808	0.00627	0.00902	0.00567	0.00518	0.01690	0.00992	0.75597	0.01327	0.01163	0.00841	0.00437	0.00349	0.00112	0.00306	0.00346	0.00424	0.00593
15	0.89794	0.00703	0.00534	0.00478	0.00703	0.00815	0.00394	0.01068	0.00619	0.01631	0.00506	0.00590	0.00394	0.00337	0.00225	0.00112	0.00281	0.00197	0.00225	0.00394
16	0.00514	0.00395	0.00520	0.00507	0.00577	0.00418	0.00381	0.00626	0.00719	0.00986	0.19419	0.02205	0.18119	0.12517	0.36278	0.00344	0.04356	0.00536	0.00269	0.00315
17	0.00972	0.87446	0.01905	0.00622	0.00933	0.01438	0.00622	0.01088	0.00738	0.00855	0.00505	0.00583	0.00466	0.00311	0.00233	0.00078	0.00389	0.00194	0.00155	0.00466
18	0.00931	0.11361	0.22445	0.02842	0.38340	0.02277	0.02589	0.05270	0.03873	0.05616	0.00731	0.00861	0.00569	0.00347	0.00343	0.00107	0.00448	0.00301	0.00200	0.00551

[dist]
# distance from previous block
# <min> <max>
0	1

[block]
# block no. 3 follows, 76 sequences, length 74
# corresponding to MSA columns:
# 154-227
name=unknown_D
#
# <colnr> <probs for GDERKNQSTAVLIFYWHMCP>
#	G	D	E	R	K	N	Q	S	T	A	V	L	I	F	Y	W	H	M	C	P
0	0.01892	0.10703	0.10035	0.06322	0.41136	0.08681	0.08861	0.02390	0.00832	0.02124	0.00656	0.00837	0.00534	0.00343	0.00373	0.00108	0.03167	0.00305	0.00180	0.00521
1	0.89794	0.00703	0.00534	0.00478	0.00703	0.00815	0.00394	0.01068	0.00619	0.01631	0.00506	0.00590	0.00394	0.00337	0.00225	0.00112	0.00281	0.00197	0.00225	0.00394
2	0.00684	0.00523	0.00672	0.00559	0.00756	0.00469	0.00439	0.00826	0.00685	0.04904	0.00842	0.01124	0.00743	0.04224	0.37665	0.00298	0.00581	0.00309	0.00217	0.43479
3	0.00858	0.00980	0.02145	0.01532	0.01900	0.00919	0.83640	0.01164	0.00858	0.01164	0.00735	0.00980	0.00551	0.00306	0.00429	0.00123	0.00613	0.00429	0.00184	0.00490
4	0.00443	0.00316	0.00422	0.00506	0.00527	0.00295	0.00337	0.00506	0.00696	0.00928	0.02003	0.86990	0.02404	0.01139	0.00464	0.00148	0.00211	0.01033	0.00337	0.00295
5	0.00521	0.00383	0.00552	0.00552	0.00606	0.00437	0.00414	0.00628	0.00575	0.00820	0.01003	0.01590	0.00979	0.17173	0.71436	0.00544	0.00867	0.00413	0.00199	0.00307
6	0.00795	0.00795	0.01113	0.00954	0.00954	0.01113	0.00795	0.00875	0.00557	0.00875	0.00477	0.00795	0.00477	0.00636	0.01193	0.00159	0.86562	0.00318	0.00159	0.00398
7	0.01548	0.00637	0.00841	0.00657	0.00930	0.00576	0.00539	0.01789	0.10483	0.75720	0.01439	0.01251	0.00923	0.00455	0.00366	0.00114	0.00307	0.00371	0.00441	0.00614
8	0.00737	0.04591	0.82700	0.01023	0.01553	0.00863	0.01320	0.01149	0.00766	0.01142	0.00648	0.00762	0.00461	0.00344	0.00342	0.00114	0.00532	0.00266	0.00154	0.00535
9	0.00754	0.00646	0.00754	0.00538	0.00861	0.00484	0.00431	0.00915	0.00754	0.01184	0.00646	0.00754	0.00538	0.00269	0.00269	0.00054	0.00269	0.00215	0.00215	0.89449
10	0.01355	0.01005	0.01076	0.00831	0.01117	0.01115	0.00684	0.79200	0.06300	0.02248	0.00906	0.00899	0.00645	0.00439	0.00364	0.00110	0.00394	0.00332	0.00364	0.00616
11	0.89794	0.00703	0.00534	0.00478	0.00703	0.00815	0.00394	0.01068	0.00619	0.01631	0.00506	0.00590	0.00394	0.00337	0.00225	0.00112	0.00281	0.00197	0.00225	0.00394
12	0.00904	0.00781	0.00822	0.00740	0.00945	0.00904	0.00575	0.01931	0.84303	0.01520	0.01479	0.01356	0.01109	0.00493	0.00370	0.00123	0.00288	0.00411	0.00370	0.00575
13	0.00529	0.00352	0.00396	0.00396	0.00396	0.00352	0.00220	0.00529	0.00529	0.00705	0.01145	0.02378	0.01321	0.87227	0.01850	0.00352	0.00352	0.00529	0.00220	0.00220
14	0.00519	0.00389	0.00584	0.00584	0.00649	0.00454	0.00454	0.00649	0.00584	0.00844	0.00974	0.01428	0.00909	0.02726	0.85787	0.00584	0.00974	0.00389	0.00195	0.00325
15	0.00717	0.00700	0.01231	0.69581	0.03572	0.00839	0.11489	0.00958	0.00735	0.00959	0.00649	0.00960	0.00494	0.00371	0.00418	0.00123	0.05285	0.00336	0.00164	0.00417
16	0.00520	0.00388	0.00578	0.00578	0.00641	0.00451	0.00447	0.00645	0.00582	0.00839	0.00979	0.01458	0.00922	0.05406	0.83125	0.00577	0.00954	0.00394	0.00196	0.00321
17	0.01047	0.32492	0.16627	0.01006	0.11779	0.29308	0.00841	0.01224	0.00852	0.00962	0.00573	0.00681	0.00480	0.00340	0.00301	0.00094	0.00510	0.00237	0.00169	0.00478
18	0.01631	0.00619	0.00843	0.00647	0.00928	0.00534	0.00534	0.01771	0.01040	0.85211	0.01434	0.01237	0.00900	0.00450	0.00365	0.00112	0.00309	0.00365	0.00450	0.00619
19	0.00900	0.00864	0.01475	0.02231	0.84960	0.00864	0.01115	0.01115	0.00828	0.01187	0.00684	0.00900	0.00576	0.00324	0.00360	0.00108	0.00432	0.00324	0.00180	0.00576
20	0.01631	0.00619	0.00843	0.00647	0.00928	0.00534	0.00534	0.01771	0.01040	0.85211	0.01434	0.01237	0.00900	0.00450	0.00365	0.00112	0.00309	0.00365	0.00450	0.00619
21	0.00430	0.00368	0.00368	0.00368	0.00491	0.00307	0.00276	0.00522	0.00828	0.00982	0.03682	0.03498	0.84812	0.00920	0.00430	0.00123	0.00184	0.00767	0.00338	0.00307
22	0.89794	0.00703	0.00534	0.00478	0.00703	0.00815	0.00394	0.01068	0.00619	0.01631	0.00506	0.00590	0.00394	0.00337	0.00225	0.00112	0.00281	0.00197	0.00225	0.00394
23	0.01389	0.01006	0.01083	0.00830	0.01121	0.01109	0.00686	0.81224	0.01688	0.04843	0.00890	0.00884	0.00627	0.00437	0.00364	0.00109	0.00397	0.00328	0.00366	0.00618
24	0.89794	0.00703	0.00534	0.00478	0.00703	0.00815	0.00394	0.01068	0.00619	0.01631	0.00506	0.00590	0.00394	0.00337	0.00225	0.00112	0.00281	0.00197	0.00225	0.00394
25	0.01382	0.01018	0.01091	0.00836	0.01127	0.01127	0.00691	0.83748	0.01709	0.02291	0.00873	0.00873	0.00618	0.00436	0.00364	0.00109	0.00400	0.00327	0.00364	0.00618
26	0.00729	0.01880	0.85344	0.01036	0.01573	0.00844	0.01343	0.01151	0.00767	0.01151	0.00652	0.00767	0.00460	0.00345	0.00345	0.00115	0.00537	0.00269	0.00153	0.00537
27	0.89794	0.00703	0.00534	0.00478	0.00703	0.00815	0.00394	0.01068	0.00619	0.01631	0.00506	0.00590	0.00394	0.00337	0.00225	0.00112	0.00281	0.00197	0.00225	0.00394
28	0.01631	0.00619	0.00843	0.00647	0.00928	0.00534	0.00534	0.01771	0.01040	0.85211	0.01434	0.01237	0.00900	0.00450	0.00365	0.00112	0.00309	0.00365	0.00450	0.00619
29	0.00858	0.00980	0.02145	0.01532	0.01900	0.00919	0.83640	0.01164	0.00858	0.01164	0.00735	0.00980	0.00551	0.00306	0.00429	0.00123	0.00613	0.00429	0.00184	0.00490
30	0.01438	0.00826	0.01004	0.00773	0.01057	0.00846	0.03720	0.39333	0.07056	0.38313	0.01154	0.01069	0.00772	0.00441	0.00367	0.00112	0.00361	0.00353	0.00395	0.00611
31	0.00729	0.01880	0.85344	0.01036	0.01573	0.00844	0.01343	0.01151	0.00767	0.01151	0.00652	0.00767	0.00460	0.00345	0.00345	0.00115	0.00537	0.00269	0.00153	0.00537
32	0.00442	0.00318	0.00420	0.00502	0.00526	0.00296	0.00336	0.00507	0.00700	0.00929	0.02053	0.84529	0.04832	0.01132	0.00463	0.00147	0.00210	0.01025	0.00337	0.00296
33	0.00878	0.01003	0.01878	0.01408	0.03822	0.09585	0.66492	0.01141	0.00862	0.01118	0.00816	0.07689	0.00689	0.00379	0.00420	0.00121	0.00581	0.00454	0.00196	0.00470
34	0.01323	0.01637	0.01114	0.00973	0.01180	0.74810	0.06674	0.06144	0.01056	0.00990	0.00592	0.00691	0.00483	0.00373	0.00337	0.00097	0.00638	0.00253	0.00197	0.00438
35	0.00702	0.01642	0.70943	0.00969	0.01419	0.00798	0.01197	0.01067	0.00757	0.01125	0.03091	0.08302	0.00712	0.00441	0.00405	0.00120	0.05281	0.00348	0.00177	0.00503
36	0.00558	0.00364	0.00546	0.00546	0.00589	0.00407	0.00407	0.00589	0.00546	0.00771	0.00856	0.01317	0.00814	0.02224	0.56872	0.31032	0.00748	0.00364	0.00182	0.00267
37	0.00778	0.00768	0.01100	0.08383	0.03404	0.01053	0.00809	0.00877	0.00580	0.00887	0.00517	0.00839	0.00498	0.00688	0.04494	0.00171	0.73271	0.00322	0.00161	0.00400
38	0.01216	0.01048	0.01214	0.01319	0.29455	0.10726	0.00836	0.46405	0.01333	0.01757	0.00773	0.00857	0.00587	0.00391	0.00358	0.00107	0.00440	0.00315	0.00281	0.00581
39	0.06241	0.12693	0.01170	0.00787	0.01077	0.01152	0.00665	0.67969	0.01517	0.02060	0.00803	0.00818	0.00585	0.00414	0.00338	0.00105	0.00392	0.00302	0.00328	0.00585
40	0.00448	0.00324	0.00426	0.00505	0.00535	0.00301	0.00345	0.00518	0.00709	0.00938	0.02093	0.78764	0.06971	0.01121	0.00464	0.00147	0.00215	0.04542	0.00337	0.00298
41	0.00926	0.00809	0.00833	0.00747	0.00954	0.02885	0.00581	0.03934	0.80331	0.01525	0.01443	0.01328	0.01082	0.00489	0.00369	0.00122	0.00299	0.00405	0.00365	0.00573
42	0.00454	0.00329	0.00445	0.00541	0.02072	0.00308	0.00357	0.00523	0.00702	0.00936	0.01977	0.83490	0.02363	0.01121	0.00463	0.00147	0.00218	0.02917	0.00334	0.00301
43	0.00936	0.00929	0.09842	0.04769	0.62147	0.00820	0.03182	0.01168	0.00843	0.09128	0.02284	0.00956	0.00643	0.00346	0.00362	0.00110	0.00432	0.00331	0.00206	0.00564
44	0.00769	0.14640	0.70571	0.00988	0.01486	0.00935	0.03516	0.01142	0.00766	0.01107	0.00633	0.00746	0.00464	0.00339	0.00331	0.00110	0.00517	0.00262	0.00155	0.00525
45	0.03467	0.00620	0.00837	0.00643	0.00923	0.00540	0.00531	0.01757	0.01031	0.83471	0.01415	0.01224	0.00889	0.00448	0.00363	0.00112	0.00309	0.00362	0.00445	0.00614
46	0.00740	0.01802	0.78127	0.01079	0.01601	0.00851	0.08482	0.01152	0.00775	0.01152	0.00659	0.00786	0.00468	0.00342	0.00353	0.00116	0.00544	0.00282	0.00156	0.00533
47	0.00555	0.00434	0.00635	0.00731	0.08798	0.00418	0.03683	0.03385	0.00802	0.01088	0.12285	0.54865	0.02200	0.00943	0.00448	0.00139	0.00259	0.07657	0.00325	0.00350
48	0.00441	0.00322	0.00416	0.00490	0.00523	0.00297	0.00330	0.00508	0.00711	0.00934	0.02195	0.77433	0.11836	0.01114	0.00460	0.00145	0.00208	0.01003	0.00337	0.00297
49	0.00794	0.00480	0.00603	0.00539	0.00683	0.00459	0.00422	0.02891	0.09806	0.17958	0.47656	0.02368	0.07960	0.00678	0.00413	0.00118	0.00226	0.05124	0.00398	0.00425
50	0.00443	0.00316	0.00422	0.00506	0.00527	0.00295	0.00337	0.00506	0.00696	0.00928	0.02003	0.86990	0.02404	0.01139	0.00464	0.00148	0.00211	0.01033	0.00337	0.00295
51	0.00888	0.00851	0.01454	0.06907	0.80376	0.00860	0.01110	0.01105	0.00822	0.01173	0.00682	0.00903	0.00571	0.00326	0.00360	0.00109	0.00435	0.00324	0.00179	0.00566
52	0.00497	0.00418	0.00437	0.00424	0.00552	0.00383	0.00320	0.00711	0.10813	0.01107	0.13789	0.03142	0.64418	0.00847	0.00422	0.00122	0.00195	0.00711	0.00349	0.00343
53	0.00443	0.00316	0.00422	0.00506	0.00527	0.00295	0.00337	0.00506	0.00696	0.00928	0.02003	0.86990	0.02404	0.01139	0.00464	0.00148	0.00211	0.01033	0.00337	0.00295
54	0.00896	0.00860	0.01469	0.03590	0.83627	0.00863	0.01114	0.01112	0.00826	0.01183	0.00683	0.00901	0.00574	0.00324	0.00360	0.00108	0.00433	0.00324	0.00180	0.00573
55	0.00858	0.00980	0.02145	0.01532	0.01900	0.00919	0.83640	0.01164	0.00858	0.01164	0.00735	0.00980	0.00551	0.00306	0.00429	0.00123	0.00613	0.00429	0.00184	0.00490
56	0.00514	0.00372	0.00486	0.00457	0.00543	0.00343	0.00343	0.00686	0.01029	0.01457	0.84768	0.02715	0.03429	0.00743	0.00429	0.00114	0.00171	0.00657	0.00400	0.00343
57	0.00586	0.00418	0.00586	0.00669	0.00753	0.00418	0.00586	0.00753	0.00837	0.01088	0.01924	0.04100	0.02092	0.01004	0.00502	0.00167	0.00335	0.82513	0.00335	0.00335
58	0.00729	0.01880	0.85344	0.01036	0.01573	0.00844	0.01343	0.01151	0.00767	0.01151	0.00652	0.00767	0.00460	0.00345	0.00345	0.00115	0.00537	0.00269	0.00153	0.00537
59	0.00729	0.01880	0.85344	0.01036	0.01573	0.00844	0.01343	0.01151	0.00767	0.01151	0.00652	0.00767	0.00460	0.00345	0.00345	0.00115	0.00537	0.00269	0.00153	0.00537
60	0.00900	0.00864	0.01475	0.02231	0.84960	0.00864	0.01115	0.01115	0.00828	0.01187	0.00684	0.00900	0.00576	0.00324	0.00360	0.00108	0.00432	0.00324	0.00180	0.00576
61	0.00443	0.00316	0.00422	0.00506	0.00527	0.00295	0.00337	0.00506	0.00696	0.00928	0.02003	0.86990	0.02404	0.01139	0.00464	0.00148	0.00211	0.01033	0.00337	0.00295
62	0.00964	0.81457	0.06530	0.00649	0.00971	0.02618	0.00663	0.01097	0.00744	0.00872	0.00514	0.00594	0.00466	0.00314	0.00241	0.00080	0.00401	0.00199	0.00156	0.00470
63	0.01013	0.01140	0.32749	0.00814	0.02152	0.00759	0.02760	0.19912	0.01025	0.14666	0.00936	0.00991	0.00664	0.00397	0.00336	0.00107	0.00396	0.00316	0.18338	0.00527
64	0.02920	0.06505	0.01222	0.01378	0.33617	0.30045	0.00834	0.05638	0.12150	0.01176	0.00744	0.00850	0.00602	0.00369	0.00340	0.00103	0.00482	0.00294	0.00217	0.00514
65	0.01358	0.01732	0.01030	0.00936	0.01124	0.85768	0.00702	0.01451	0.01030	0.00890	0.00562	0.00655	0.00468	0.00375	0.00328	0.00094	0.00655	0.00234	0.00187	0.00421
66	0.01354	0.00576	0.00767	0.00612	0.00848	0.00515	0.00496	0.01552	0.05820	0.62759	0.18994	0.01555	0.01445	0.00514	0.00379	0.00113	0.00279	0.00430	0.00435	0.00558
67	0.00858	0.00980	0.02145	0.01532	0.01900	0.00919	0.83640	0.01164	0.00858	0.01164	0.00735	0.00980	0.00551	0.00306	0.00429	0.00123	0.00613	0.00429	0.00184	0.00490
68	0.00441	0.00321	0.00416	0.00492	0.00524	0.00296	0.00331	0.00508	0.00709	0.00933	0.02170	0.78704	0.10582	0.01117	0.00460	0.00145	0.00208	0.01007	0.00337	0.00296
69	0.01388	0.00736	0.00866	0.00676	0.00931	0.00741	0.00554	0.34266	0.01265	0.39603	0.01173	0.01110	0.00792	0.00440	0.00348	0.00107	0.00324	0.00346	0.13756	0.00576
70	0.01160	0.00843	0.00930	0.00803	0.05626	0.00923	0.00614	0.51585	0.11829	0.03310	0.01040	0.01061	0.01816	0.00441	0.00345	0.00107	0.00342	0.00346	0.16323	0.00556
71	0.00494	0.00377	0.00454	0.00434	0.00533	0.00340	0.00326	0.00654	0.02225	0.01310	0.58246	0.02938	0.28750	0.00795	0.00428	0.00117	0.00177	0.00688	0.00380	0.00335
72	0.00912	0.00785	0.00826	0.00741	0.00948	0.00908	0.00577	0.03280	0.82942	0.01533	0.01469	0.01348	0.01101	0.00492	0.00370	0.00123	0.00289	0.00410	0.00370	0.00576
73	0.00937	0.00885	0.06277	0.06570	0.61986	0.00820	0.04792	0.01162	0.00841	0.08880	0.01719	0.00949	0.00625	0.00342	0.00362	0.00109	0.00433	0.00332	0.00205	0.01774

[dist]
# distance from previous block
# <min> <max>
0	1

[block]
# block no. 4 follows, 76 sequences, length 23
# corresponding to MSA columns:
# 229-251
name=unknown_E
#
# <colnr> <probs for GDERKNQSTAVLIFYWHMCP>
#	G	D	E	R	K	N	Q	S	T	A	V	L	I	F	Y	W	H	M	C	P
0	0.15079	0.09220	0.15971	0.01075	0.15485	0.08713	0.06059	0.01254	0.10530	0.05318	0.00738	0.00842	0.00575	0.00383	0.00393	0.00113	0.07249	0.00292	0.00215	0.00498
1	0.86179	0.00745	0.00554	0.00497	0.00720	0.04288	0.00406	0.01084	0.00635	0.01600	0.00508	0.00593	0.00397	0.00339	0.00229	0.00112	0.00296	0.00198	0.00223	0.00395
2	0.00527	0.00357	0.00422	0.00422	0.00431	0.00366	0.00252	0.00545	0.00536	0.00724	0.01122	0.02250	0.01265	0.75780	0.13221	0.00384	0.00437	0.00510	0.00217	0.00234
3	0.00843	0.00855	0.02841	0.22015	0.33956	0.00885	0.21778	0.03244	0.03442	0.01142	0.00707	0.00943	0.00559	0.00353	0.00420	0.00118	0.04858	0.00352	0.00186	0.00505
4	0.00513	0.00381	0.00425	0.00407	0.00527	0.00328	0.00308	0.00630	0.00896	0.05240	0.26710	0.03164	0.57483	0.00847	0.00426	0.00120	0.00187	0.00716	0.00361	0.00332
5	0.00518	0.00383	0.00559	0.00561	0.00618	0.00438	0.00425	0.00631	0.00582	0.00832	0.01026	0.04339	0.01002	0.11761	0.73959	0.00545	0.00882	0.00426	0.00202	0.00312
6	0.04997	0.16618	0.03650	0.00804	0.03763	0.03494	0.00667	0.40825	0.12424	0.03763	0.00853	0.00868	0.00640	0.00401	0.00329	0.00103	0.00382	0.00300	0.00299	0.04822
7	0.00959	0.49288	0.23959	0.00809	0.01164	0.13445	0.03741	0.01160	0.00792	0.00950	0.00561	0.00656	0.00468	0.00329	0.00284	0.00092	0.00475	0.00228	0.00161	0.00480
8	0.00922	0.31342	0.36003	0.00880	0.04370	0.02340	0.00934	0.07611	0.05793	0.04385	0.01848	0.00794	0.00575	0.00358	0.00311	0.00101	0.00444	0.00266	0.00200	0.00521
9	0.00843	0.05489	0.35972	0.03776	0.34953	0.00853	0.02886	0.01149	0.02116	0.04544	0.03544	0.00915	0.00638	0.00355	0.00352	0.00111	0.00462	0.00311	0.00189	0.00542
10	0.00787	0.00654	0.00728	0.00692	0.00856	0.00732	0.00550	0.01525	0.56680	0.01393	0.06754	0.04759	0.03208	0.00649	0.00406	0.00133	0.00286	0.18352	0.00362	0.00494
11	0.06925	0.14714	0.01126	0.00962	0.17887	0.02908	0.00662	0.05462	0.00954	0.40126	0.04034	0.01043	0.00799	0.00403	0.00335	0.00105	0.00353	0.00324	0.00321	0.00556
12	0.01827	0.08728	0.40591	0.00977	0.08815	0.00815	0.02722	0.06027	0.01945	0.12605	0.10583	0.01070	0.00896	0.00407	0.00351	0.00111	0.00429	0.00334	0.00241	0.00526
13	0.00450	0.00361	0.00401	0.00407	0.00507	0.00313	0.00299	0.00555	0.00852	0.01076	0.20873	0.15309	0.55493	0.00914	0.00434	0.00124	0.00185	0.00782	0.00351	0.00313
14	0.00458	0.00369	0.00408	0.00398	0.00508	0.00319	0.00299	0.00577	0.00896	0.01141	0.30890	0.03235	0.57504	0.00861	0.00429	0.00120	0.00180	0.00730	0.00359	0.00319
15	0.05285	0.14425	0.15490	0.01518	0.41905	0.02212	0.05013	0.01177	0.02046	0.06583	0.00703	0.00842	0.00557	0.00337	0.00335	0.00106	0.00437	0.00296	0.00194	0.00540
16	0.00743	0.05870	0.27403	0.11570	0.06051	0.02440	0.05163	0.02702	0.05449	0.03255	0.15117	0.04366	0.07361	0.00493	0.00373	0.00115	0.00401	0.00422	0.00243	0.00462
17	0.00461	0.00336	0.00435	0.00501	0.00544	0.00313	0.00353	0.00544	0.00745	0.00982	0.07847	0.62256	0.12049	0.02344	0.00482	0.00147	0.00219	0.08799	0.00340	0.00303
