[name]
unknown

[dist]
# distance from previous block
# <min> <max>
0	41

[block]
# block no. 0 follows, 55 sequences, length 23
# corresponding to MSA columns:
# 46-49,52-66,68-71
name=unknown_A
#
# <colnr> <probs for GDERKNQSTAVLIFYWHMCP>
#	G	D	E	R	K	N	Q	S	T	A	V	L	I	F	Y	W	H	M	C	P
0	0.00790	0.00531	0.00667	0.00642	0.00795	0.00475	0.00501	0.00964	0.01140	0.08411	0.28810	0.11183	0.19443	0.02961	0.00591	0.00166	0.00295	0.14513	0.00456	0.06668
1	0.01103	0.17848	0.13923	0.01049	0.03051	0.04302	0.03571	0.04063	0.25686	0.01547	0.05853	0.01394	0.01132	0.00775	0.06453	0.00188	0.06675	0.00436	0.00319	0.00633
2	0.00898	0.00847	0.01431	0.76740	0.08841	0.01039	0.01302	0.01206	0.00940	0.01213	0.00830	0.01234	0.00629	0.00461	0.00465	0.00154	0.00615	0.00414	0.00208	0.00533
3	0.00574	0.00472	0.00504	0.00496	0.00643	0.00403	0.00372	0.00714	0.01117	0.01391	0.21399	0.04257	0.63790	0.01128	0.00550	0.00155	0.00232	0.00951	0.00450	0.00403
4	0.00565	0.00411	0.00534	0.00632	0.00671	0.00379	0.00425	0.00650	0.00906	0.01194	0.02756	0.76317	0.09983	0.01433	0.00590	0.00186	0.00267	0.01292	0.00432	0.00379
5	0.86937	0.00900	0.00684	0.00612	0.00900	0.01044	0.00504	0.01368	0.00792	0.02087	0.00648	0.00756	0.00504	0.00432	0.00288	0.00144	0.00360	0.00252	0.00288	0.00504
6	0.68112	0.01191	0.00824	0.00741	0.01019	0.18883	0.00591	0.01476	0.00908	0.01878	0.00664	0.00774	0.00525	0.00442	0.00317	0.00139	0.00466	0.00262	0.00277	0.00512
7	0.00557	0.00461	0.00489	0.00504	0.00639	0.00393	0.00369	0.00674	0.01046	0.01274	0.07810	0.16648	0.65111	0.01211	0.00557	0.00162	0.00240	0.01028	0.00436	0.00393
8	0.00679	0.00517	0.00767	0.00759	0.00837	0.00611	0.00590	0.00838	0.00744	0.01077	0.01227	0.01829	0.01156	0.05542	0.76571	0.00719	0.04373	0.00500	0.00248	0.00415
9	0.00605	0.00451	0.00552	0.00580	0.00674	0.00409	0.00420	0.00750	0.01088	0.01453	0.29233	0.30601	0.24803	0.01184	0.00562	0.00165	0.00247	0.03369	0.02449	0.00405
10	0.42579	0.01082	0.01029	0.00838	0.01159	0.01219	0.00688	0.39489	0.01479	0.02474	0.00936	0.03437	0.00723	0.00525	0.00384	0.00143	0.00432	0.00366	0.00379	0.00641
11	0.18977	0.01221	0.01230	0.00963	0.01317	0.03231	0.00792	0.57999	0.01828	0.02653	0.00999	0.01030	0.00724	0.00521	0.00423	0.00137	0.00481	0.00376	0.00415	0.04684
12	0.00598	0.00471	0.00539	0.00535	0.00663	0.00427	0.00399	0.00740	0.01061	0.01367	0.20852	0.06938	0.47656	0.03901	0.09895	0.00231	0.00355	0.00889	0.02080	0.00402
13	0.03834	0.06834	0.26556	0.04294	0.02852	0.01086	0.27569	0.02559	0.03461	0.04829	0.04873	0.01235	0.00876	0.00454	0.00466	0.00142	0.00622	0.00439	0.00263	0.06758
14	0.00968	0.00840	0.00997	0.00727	0.01111	0.00677	0.00584	0.01168	0.00947	0.01488	0.00811	0.00968	0.00683	0.00378	0.00429	0.00078	0.06219	0.00285	0.00270	0.80369
15	0.00558	0.00453	0.00495	0.00524	0.00644	0.00390	0.00378	0.00669	0.01022	0.01258	0.06682	0.26353	0.56457	0.01248	0.00562	0.00166	0.00245	0.01072	0.00435	0.00390
16	0.01159	0.01165	0.04285	0.03123	0.01147	0.24977	0.01932	0.03749	0.03630	0.08218	0.14088	0.09371	0.14028	0.02595	0.00539	0.00154	0.00496	0.04447	0.00379	0.00518
17	0.01369	0.29871	0.06845	0.01178	0.06842	0.17819	0.06569	0.04993	0.10649	0.06474	0.00956	0.01039	0.00758	0.00473	0.00427	0.00127	0.02336	0.00356	0.00281	0.00638
18	0.08032	0.01312	0.07242	0.01265	0.02644	0.13276	0.09738	0.03140	0.00936	0.04635	0.00749	0.01022	0.00638	0.00638	0.00991	0.00172	0.42374	0.00393	0.00241	0.00561
19	0.00839	0.00736	0.04838	0.08708	0.01139	0.00706	0.00661	0.01320	0.19606	0.03902	0.33577	0.05971	0.08597	0.02259	0.04907	0.00189	0.00384	0.00700	0.00432	0.00529
20	0.03840	0.28426	0.01441	0.02082	0.01149	0.05676	0.00654	0.01253	0.00967	0.01344	0.00879	0.06752	0.00816	0.00454	0.00351	0.00094	0.00423	0.00344	0.00259	0.42795
21	0.00606	0.00553	0.06285	0.00680	0.00750	0.00437	0.00506	0.00710	0.00872	0.01174	0.02312	0.68044	0.02737	0.11043	0.00791	0.00217	0.00321	0.01177	0.00397	0.00389
22	0.03380	0.03303	0.01523	0.08422	0.41776	0.04606	0.02060	0.06544	0.01086	0.01533	0.01029	0.01503	0.00907	0.03977	0.00593	0.00158	0.05116	0.05469	0.06386	0.00629

[dist]
# distance from previous block
# <min> <max>
0	1

[block]
# block no. 1 follows, 55 sequences, length 17
# corresponding to MSA columns:
# 73-89
name=unknown_B
#
# <colnr> <probs for GDERKNQSTAVLIFYWHMCP>
#	G	D	E	R	K	N	Q	S	T	A	V	L	I	F	Y	W	H	M	C	P
0	0.01050	0.09708	0.40600	0.01451	0.08081	0.03980	0.16291	0.01445	0.01028	0.03662	0.01003	0.04920	0.00830	0.00508	0.00464	0.00147	0.00646	0.03301	0.00238	0.00645
1	0.00728	0.00581	0.00757	0.00747	0.00819	0.04134	0.00563	0.00855	0.00762	0.01056	0.01250	0.04034	0.01227	0.13626	0.60503	0.03109	0.04067	0.00529	0.00255	0.00400
2	0.27810	0.01563	0.03540	0.01142	0.05072	0.35831	0.05288	0.03914	0.01088	0.01531	0.00722	0.00882	0.00589	0.00491	0.00500	0.00140	0.08770	0.00320	0.00256	0.00552
3	0.00567	0.00472	0.00495	0.00489	0.00639	0.00400	0.00367	0.00700	0.01100	0.01351	0.16420	0.04322	0.68794	0.01143	0.00550	0.00155	0.00233	0.00960	0.00444	0.00400
4	0.01330	0.01088	0.01164	0.00992	0.01278	0.01249	0.00789	0.24703	0.54747	0.02205	0.01626	0.01533	0.01211	0.00616	0.00506	0.00154	0.03112	0.00491	0.00462	0.00745
5	0.01067	0.03683	0.01456	0.01199	0.01233	0.01439	0.01003	0.05491	0.00802	0.01220	0.00640	0.01015	0.00620	0.00787	0.01428	0.00197	0.75571	0.00403	0.00218	0.00527
6	0.00560	0.00472	0.00485	0.00482	0.00635	0.00397	0.00361	0.00687	0.01084	0.01313	0.11727	0.04384	0.73510	0.01157	0.00550	0.00156	0.00234	0.00969	0.00439	0.00397
7	0.00573	0.00419	0.00539	0.00623	0.00671	0.00385	0.00424	0.00670	0.00947	0.01255	0.09723	0.67445	0.11850	0.01381	0.00585	0.00182	0.00262	0.01242	0.00439	0.00385
8	0.01768	0.01303	0.01396	0.01070	0.01443	0.01443	0.00884	0.79197	0.02187	0.02932	0.01117	0.01117	0.00791	0.00558	0.00465	0.00140	0.00512	0.00419	0.00465	0.00791
9	0.00771	0.00496	0.00625	0.00583	0.00717	0.00451	0.00441	0.00968	0.01249	0.08312	0.56407	0.05977	0.14442	0.00945	0.00531	0.00147	0.00238	0.00822	0.05419	0.00459
10	0.00612	0.00468	0.00562	0.00598	0.00704	0.00425	0.00452	0.00750	0.01050	0.01348	0.15879	0.21604	0.34089	0.04826	0.00655	0.00185	0.00284	0.14673	0.00438	0.00398
11	0.01072	0.00964	0.01403	0.05738	0.36488	0.00909	0.00995	0.04289	0.05460	0.01569	0.00974	0.03716	0.00827	0.00441	0.00422	0.00115	0.00456	0.00396	0.00275	0.33491
12	0.39771	0.08057	0.00765	0.00590	0.00758	0.00844	0.00439	0.01056	0.00760	0.01468	0.01047	0.03958	0.01082	0.34415	0.03125	0.00281	0.00428	0.00460	0.00281	0.00416
13	0.01150	0.17191	0.11904	0.01108	0.01513	0.05226	0.14707	0.01562	0.11803	0.04568	0.00983	0.01102	0.00771	0.00453	0.00467	0.00125	0.04474	0.00377	0.00277	0.20238
14	0.00671	0.00534	0.00682	0.00770	0.07378	0.00497	0.00514	0.00863	0.03244	0.01470	0.27201	0.14686	0.28842	0.04679	0.00632	0.00173	0.00288	0.06001	0.00434	0.00441
15	0.00865	0.04734	0.00912	0.00801	0.06719	0.03954	0.00569	0.04019	0.01064	0.01412	0.02453	0.08363	0.31640	0.00769	0.00456	0.00123	0.00346	0.00640	0.00346	0.29815
16	0.01166	0.03382	0.16426	0.00925	0.01375	0.05435	0.03207	0.08485	0.01129	0.07216	0.00919	0.01022	0.00705	0.00409	0.00392	0.00102	0.00474	0.00324	0.00294	0.46612

[dist]
# distance from previous block
# <min> <max>
2	7

[block]
# block no. 2 follows, 55 sequences, length 13
# corresponding to MSA columns:
# 128-140
name=unknown_C
#
# <colnr> <probs for GDERKNQSTAVLIFYWHMCP>
#	G	D	E	R	K	N	Q	S	T	A	V	L	I	F	Y	W	H	M	C	P
0	0.01250	0.01228	0.04255	0.04978	0.41854	0.06689	0.05593	0.13163	0.05891	0.01701	0.00949	0.01148	0.00758	0.00466	0.00497	0.00139	0.03593	0.00412	0.00280	0.05155
1	0.17197	0.09690	0.04639	0.01182	0.07985	0.15347	0.06916	0.21719	0.01340	0.04140	0.00874	0.00978	0.00671	0.00465	0.00407	0.00131	0.00559	0.00351	0.00312	0.05098
2	0.00665	0.00498	0.00748	0.00748	0.00831	0.00582	0.00582	0.00831	0.00748	0.01080	0.01246	0.01828	0.01163	0.03489	0.81807	0.00748	0.01246	0.00498	0.00249	0.00415
3	0.01132	0.01120	0.05214	0.01152	0.05931	0.05971	0.08613	0.07257	0.38760	0.01786	0.07869	0.01809	0.06651	0.00640	0.00529	0.00153	0.03814	0.00542	0.00396	0.00659
4	0.00735	0.00578	0.00799	0.00794	0.00822	0.00674	0.00595	0.00791	0.00815	0.01134	0.04398	0.37237	0.04312	0.01408	0.05958	0.13730	0.21892	0.02611	0.00328	0.00390
5	0.01084	0.01024	0.01709	0.02512	0.67471	0.01043	0.01285	0.01324	0.01011	0.01446	0.00996	0.06323	0.00924	0.04817	0.00624	0.00161	0.04839	0.00484	0.00244	0.00679
6	0.01434	0.01690	0.02006	0.01554	0.01914	0.37375	0.38278	0.07320	0.01276	0.01437	0.00854	0.01058	0.00664	0.00443	0.00485	0.00139	0.00789	0.00428	0.00254	0.00600
7	0.00570	0.00472	0.00499	0.00493	0.00641	0.00401	0.00369	0.00707	0.01108	0.01370	0.18860	0.04290	0.66341	0.01136	0.00550	0.00155	0.00233	0.00956	0.00447	0.00401
8	0.03206	0.14865	0.15002	0.00908	0.01355	0.01029	0.03132	0.10561	0.01142	0.08871	0.00924	0.01010	0.00707	0.00420	0.00384	0.00107	0.00466	0.00325	0.00298	0.35290
9	0.00583	0.00469	0.00520	0.00516	0.00651	0.00406	0.00384	0.00729	0.01127	0.01435	0.27248	0.08758	0.53286	0.01127	0.00552	0.00156	0.00233	0.00960	0.00456	0.00406
10	0.01183	0.34759	0.01571	0.00874	0.01150	0.13240	0.00735	0.01647	0.23407	0.01358	0.01322	0.14428	0.01233	0.00648	0.00414	0.00134	0.00474	0.00509	0.00321	0.00593
11	0.01244	0.83930	0.02438	0.00796	0.01194	0.01841	0.00796	0.01393	0.00945	0.01095	0.00647	0.00746	0.00597	0.00398	0.00299	0.00100	0.00498	0.00249	0.00199	0.00597
12	0.01116	0.44418	0.24496	0.00953	0.01384	0.05399	0.01021	0.03698	0.01009	0.01272	0.00991	0.08800	0.02616	0.00538	0.00384	0.00125	0.00541	0.00402	0.00236	0.00600

[dist]
# distance from previous block
# <min> <max>
0	5

[block]
# block no. 3 follows, 55 sequences, length 20
# corresponding to MSA columns:
# 146-165
name=unknown_D
#
# <colnr> <probs for GDERKNQSTAVLIFYWHMCP>
#	G	D	E	R	K	N	Q	S	T	A	V	L	I	F	Y	W	H	M	C	P
0	0.00958	0.17770	0.44204	0.05820	0.01684	0.01121	0.01270	0.02388	0.00976	0.01365	0.01038	0.10456	0.00939	0.00576	0.00450	0.00142	0.01789	0.02471	0.00238	0.04346
1	0.01237	0.05865	0.01231	0.01038	0.04881	0.03215	0.02064	0.17087	0.43837	0.01980	0.05013	0.01688	0.04943	0.00664	0.01506	0.00157	0.01962	0.00510	0.00427	0.00695
2	0.01268	0.01093	0.06164	0.00960	0.01264	0.01125	0.00801	0.15490	0.51597	0.06678	0.07061	0.01691	0.01447	0.00625	0.00475	0.00152	0.00405	0.00514	0.00463	0.00726
3	0.01503	0.41044	0.01850	0.01007	0.01322	0.43798	0.00850	0.01637	0.01141	0.01118	0.00685	0.00795	0.00598	0.00441	0.00362	0.00110	0.00677	0.00275	0.00220	0.00567
4	0.00581	0.00451	0.00531	0.00573	0.00673	0.00401	0.00416	0.00703	0.01029	0.01313	0.13060	0.33713	0.37913	0.01260	0.00571	0.00171	0.00258	0.05545	0.00442	0.00395
5	0.00570	0.00427	0.00523	0.00592	0.00656	0.00387	0.00405	0.00663	0.00944	0.01220	0.06040	0.55874	0.23895	0.04700	0.00652	0.00189	0.00266	0.01187	0.00429	0.00380
6	0.01067	0.01286	0.11599	0.01863	0.19224	0.01054	0.39512	0.01420	0.01053	0.01499	0.00895	0.01150	0.00696	0.00395	0.00482	0.00137	0.00647	0.00449	0.00236	0.15336
7	0.00755	0.00610	0.00958	0.00872	0.00962	0.00708	0.06630	0.00888	0.00753	0.01081	0.01119	0.01725	0.01062	0.07904	0.53408	0.08177	0.11238	0.00494	0.00240	0.00416
8	0.00698	0.00464	0.00541	0.00546	0.00602	0.00438	0.00350	0.00757	0.00856	0.04760	0.07656	0.17313	0.16190	0.45065	0.01521	0.00318	0.00362	0.00846	0.00364	0.00353
9	0.01371	0.26229	0.04842	0.01044	0.04314	0.33444	0.00852	0.01593	0.04727	0.01258	0.00781	0.00893	0.00657	0.00434	0.00375	0.00108	0.00610	0.00297	0.00243	0.15928
10	0.01028	0.04562	0.62214	0.04377	0.06520	0.01081	0.01542	0.04043	0.01037	0.04648	0.00880	0.01022	0.00632	0.00445	0.00437	0.00142	0.00640	0.00352	0.00226	0.04172
11	0.01410	0.00852	0.00968	0.00824	0.01089	0.00899	0.00660	0.13427	0.28088	0.22546	0.01712	0.01765	0.01268	0.00618	0.00448	0.00144	0.00368	0.04014	0.18218	0.00682
12	0.01440	0.05461	0.01211	0.01050	0.01259	0.55956	0.00797	0.01614	0.04121	0.01178	0.04022	0.01208	0.00908	0.03812	0.13744	0.00235	0.00835	0.00372	0.00260	0.00516
13	0.01156	0.12593	0.13961	0.15563	0.17855	0.04789	0.07353	0.03571	0.07923	0.06009	0.04113	0.01245	0.00894	0.00479	0.00447	0.00140	0.00570	0.00416	0.00276	0.00647
14	0.00676	0.00454	0.00521	0.00521	0.00526	0.00458	0.00299	0.00685	0.00681	0.00912	0.01453	0.02975	0.01661	0.79064	0.06913	0.00468	0.00497	0.00666	0.00280	0.00290
15	0.00558	0.00466	0.00487	0.00502	0.00643	0.00395	0.00374	0.00674	0.01043	0.01253	0.04416	0.12908	0.69947	0.01211	0.00557	0.00162	0.00245	0.03334	0.00432	0.00392
16	0.01263	0.66338	0.10842	0.00897	0.01309	0.10342	0.00907	0.01452	0.00989	0.01140	0.00675	0.00782	0.00596	0.00412	0.00327	0.00107	0.00555	0.00264	0.00203	0.00601
17	0.03199	0.05121	0.13122	0.06236	0.01551	0.07354	0.06188	0.20139	0.02835	0.01694	0.01054	0.05398	0.00928	0.01810	0.00703	0.00164	0.16660	0.04930	0.00304	0.00608
18	0.06148	0.00656	0.00804	0.00661	0.00918	0.00604	0.00533	0.01753	0.01162	0.45592	0.01647	0.01599	0.01133	0.00555	0.00402	0.00130	0.00323	0.00443	0.34301	0.00635
19	0.00644	0.00449	0.00577	0.00655	0.00713	0.00425	0.00449	0.00787	0.04494	0.03937	0.02656	0.71490	0.08231	0.01371	0.00581	0.00184	0.00276	0.01234	0.00439	0.00409

[dist]
# distance from previous block
# <min> <max>
2	23

[block]
# block no. 4 follows, 55 sequences, length 44
# corresponding to MSA columns:
# 200-226,231-247
name=unknown_E
#
# <colnr> <probs for GDERKNQSTAVLIFYWHMCP>
#	G	D	E	R	K	N	Q	S	T	A	V	L	I	F	Y	W	H	M	C	P
0	0.09932	0.01167	0.06557	0.13659	0.28856	0.04285	0.11648	0.05526	0.01057	0.02892	0.00900	0.03371	0.00742	0.00495	0.00539	0.00150	0.06906	0.00432	0.00254	0.00632
1	0.50091	0.04100	0.01001	0.04719	0.01195	0.08574	0.00677	0.16755	0.05796	0.02079	0.00829	0.00915	0.00632	0.00473	0.00355	0.00141	0.00452	0.00313	0.00322	0.00581
2	0.08287	0.00999	0.01132	0.00995	0.06601	0.07991	0.00748	0.11898	0.03232	0.46550	0.01474	0.01378	0.00988	0.00543	0.00442	0.00139	0.00448	0.00426	0.05008	0.00724
3	0.00630	0.00478	0.00558	0.00537	0.00672	0.00420	0.00403	0.00799	0.01190	0.02913	0.42409	0.05311	0.39883	0.01060	0.00549	0.00152	0.00231	0.00909	0.00474	0.00422
4	0.00618	0.00443	0.00598	0.00650	0.00693	0.00452	0.00450	0.00715	0.00831	0.01137	0.05307	0.42750	0.02344	0.15920	0.24431	0.00393	0.00581	0.00954	0.00357	0.00375
5	0.00657	0.00484	0.00567	0.00540	0.00681	0.00426	0.00407	0.00827	0.01197	0.04320	0.42200	0.03880	0.40037	0.01045	0.00546	0.00151	0.00233	0.00894	0.00477	0.00429
6	0.00998	0.00995	0.01384	0.01190	0.01196	0.01381	0.00990	0.01100	0.00727	0.01125	0.00785	0.01165	0.04006	0.00830	0.01485	0.00202	0.79292	0.00432	0.00213	0.00504
7	0.00960	0.00523	0.00533	0.00499	0.00635	0.00538	0.00383	0.09134	0.01100	0.01858	0.01476	0.01671	0.01151	0.00544	0.00340	0.00112	0.00247	0.00432	0.77394	0.00470
8	0.01312	0.00989	0.01610	0.01235	0.01515	0.01035	0.24518	0.12097	0.01200	0.18428	0.06327	0.01549	0.01118	0.06306	0.03699	0.00200	0.15371	0.00514	0.00355	0.00620
9	0.01633	0.01045	0.03624	0.01427	0.09818	0.02659	0.26389	0.01899	0.01219	0.43245	0.01396	0.01401	0.00938	0.00494	0.00492	0.00147	0.00555	0.00482	0.00413	0.00724
10	0.86937	0.00900	0.00684	0.00612	0.00900	0.01044	0.00504	0.01368	0.00792	0.02087	0.00648	0.00756	0.00504	0.00432	0.00288	0.00144	0.00360	0.00252	0.00288	0.00504
11	0.00888	0.00790	0.05711	0.00886	0.04575	0.00700	0.05747	0.12518	0.01344	0.01864	0.40426	0.04331	0.10761	0.00831	0.00522	0.00149	0.00352	0.03405	0.03677	0.00525
12	0.01765	0.01397	0.01388	0.01084	0.01442	0.09722	0.00886	0.71227	0.02098	0.02747	0.01076	0.01088	0.00771	0.00550	0.00461	0.00138	0.00546	0.00407	0.00442	0.00765
13	0.00879	0.00827	0.01395	0.82532	0.03204	0.01034	0.01292	0.01189	0.00930	0.01189	0.00827	0.01240	0.00620	0.00465	0.00465	0.00155	0.00620	0.00413	0.00207	0.00517
14	0.01801	0.01250	0.01364	0.01045	0.01416	0.01364	0.00864	0.71269	0.02099	0.10985	0.01191	0.01165	0.00828	0.00560	0.00466	0.00140	0.00500	0.00424	0.00477	0.00791
15	0.00901	0.00545	0.00690	0.00623	0.00775	0.00514	0.00477	0.02413	0.04313	0.12060	0.57938	0.02947	0.03471	0.00842	0.00511	0.00142	0.00252	0.00732	0.09352	0.00501
16	0.01458	0.00890	0.01029	0.00857	0.01129	0.00931	0.00675	0.15337	0.27983	0.26214	0.08002	0.01857	0.01496	0.09183	0.00672	0.00180	0.00398	0.00531	0.00487	0.00692
17	0.00749	0.00484	0.00595	0.00573	0.00646	0.00469	0.00388	0.00843	0.00921	0.06417	0.20828	0.05525	0.09117	0.40381	0.09781	0.00355	0.00449	0.00731	0.00371	0.00379
18	0.00795	0.00534	0.00635	0.00597	0.00749	0.00497	0.00455	0.01055	0.06910	0.08298	0.36542	0.06789	0.25450	0.00963	0.00526	0.00151	0.00256	0.02251	0.06074	0.00474
19	0.00904	0.00548	0.00679	0.00629	0.00802	0.00492	0.00496	0.01103	0.02553	0.16130	0.32411	0.03607	0.27564	0.00985	0.00543	0.00157	0.00282	0.09134	0.00489	0.00493
20	0.03517	0.00787	0.02323	0.00799	0.01112	0.00700	0.00668	0.06716	0.01313	0.56967	0.04715	0.01853	0.01332	0.00626	0.00463	0.00145	0.00384	0.05497	0.09372	0.00710
21	0.00665	0.00496	0.00737	0.00737	0.00816	0.00576	0.00568	0.00824	0.00744	0.01072	0.01256	0.01882	0.01187	0.07072	0.78256	0.00734	0.01211	0.00506	0.00251	0.00409
22	0.00567	0.00405	0.00540	0.00648	0.00675	0.00378	0.00432	0.00648	0.00891	0.01188	0.02564	0.83347	0.03077	0.01457	0.00594	0.00189	0.00270	0.01323	0.00432	0.00378
23	0.00750	0.00535	0.00750	0.00857	0.00964	0.00535	0.00750	0.00964	0.01071	0.01392	0.02463	0.05248	0.02677	0.01285	0.00643	0.00214	0.00428	0.77617	0.00428	0.00428
24	0.00840	0.00723	0.02359	0.01305	0.18969	0.00761	0.04872	0.01044	0.00849	0.02860	0.01139	0.01628	0.01029	0.03984	0.52591	0.00537	0.03268	0.00480	0.00250	0.00511
25	0.00960	0.00899	0.01501	0.51770	0.25871	0.01044	0.01279	0.01246	0.00957	0.01296	0.00861	0.01232	0.00682	0.00532	0.02269	0.00164	0.03866	0.00416	0.02581	0.00577
26	0.00678	0.00505	0.00724	0.00718	0.00783	0.00583	0.00539	0.00811	0.00733	0.01048	0.01267	0.02028	0.01244	0.18236	0.64666	0.00676	0.03584	0.00529	0.00254	0.00394
27	0.39480	0.06546	0.01252	0.04933	0.19662	0.11823	0.00863	0.03279	0.00969	0.01691	0.00727	0.00903	0.00595	0.00458	0.00428	0.00140	0.05103	0.00316	0.00258	0.00576
28	0.00587	0.00413	0.00534	0.00622	0.00643	0.00392	0.00404	0.00653	0.00851	0.01134	0.02359	0.68331	0.02818	0.16826	0.00926	0.00238	0.00304	0.01202	0.00404	0.00360
29	0.01503	0.12350	0.02784	0.02638	0.05519	0.29210	0.00886	0.21831	0.08837	0.01732	0.00944	0.01020	0.00741	0.00488	0.00418	0.00124	0.00603	0.00352	0.00316	0.07704
30	0.03007	0.00482	0.00630	0.00703	0.03169	0.00465	0.00472	0.00763	0.00916	0.01279	0.10891	0.47813	0.05384	0.08275	0.09636	0.00258	0.00400	0.01011	0.00392	0.04054
31	0.01204	0.11158	0.12560	0.02105	0.47159	0.03546	0.02781	0.06026	0.02747	0.03454	0.00897	0.01090	0.00722	0.00433	0.00438	0.00134	0.00563	0.00386	0.00250	0.02346
32	0.01205	0.02704	0.01955	0.01463	0.01833	0.03975	0.39932	0.14234	0.16069	0.01785	0.02608	0.03018	0.01074	0.00551	0.00519	0.00156	0.00618	0.05314	0.00337	0.00651
33	0.02015	0.00869	0.01123	0.00865	0.01224	0.00803	0.00713	0.12911	0.03844	0.67855	0.01738	0.01524	0.01110	0.00575	0.00468	0.00144	0.00411	0.00463	0.00557	0.00790
34	0.00635	0.00476	0.00600	0.00678	0.00741	0.00468	0.00473	0.00852	0.09048	0.01275	0.02589	0.66226	0.07225	0.01386	0.01998	0.00195	0.00301	0.03983	0.00433	0.00418
35	0.00972	0.00834	0.01182	0.01041	0.01092	0.01102	0.00854	0.01100	0.00764	0.06318	0.00898	0.01319	0.00826	0.01670	0.27612	0.00377	0.50859	0.00441	0.00243	0.00497
36	0.01988	0.00767	0.01044	0.00816	0.01154	0.00664	0.00667	0.02162	0.01303	0.75864	0.01883	0.06913	0.01277	0.00633	0.00476	0.00147	0.00388	0.00524	0.00566	0.00765
37	0.00633	0.00472	0.00578	0.00555	0.00675	0.00426	0.00415	0.00823	0.01235	0.01692	0.57792	0.05597	0.23677	0.01013	0.00546	0.00149	0.00225	0.00880	0.02194	0.00426
38	0.01125	0.09622	0.01922	0.10575	0.41988	0.01191	0.13480	0.01542	0.11093	0.01491	0.00987	0.01210	0.00793	0.00442	0.00460	0.00141	0.00567	0.00433	0.00256	0.00682
39	0.00896	0.00845	0.01427	0.77339	0.08258	0.01038	0.01301	0.01204	0.00939	0.01210	0.00830	0.01235	0.00628	0.00462	0.00465	0.00154	0.00616	0.00414	0.00208	0.00531
40	0.01107	0.01061	0.01809	0.15678	0.68269	0.01094	0.01406	0.01389	0.01039	0.01467	0.00867	0.01166	0.00718	0.00423	0.00461	0.00141	0.00564	0.00414	0.00226	0.00701
41	0.00952	0.00822	0.01165	0.29202	0.09085	0.02850	0.00957	0.06183	0.01042	0.01436	0.05603	0.04579	0.03141	0.02062	0.00652	0.00165	0.11533	0.08440	0.09613	0.00520
42	0.08786	0.03129	0.00984	0.00720	0.01080	0.00769	0.00584	0.09803	0.02183	0.09976	0.01405	0.01436	0.09938	0.00501	0.00390	0.00103	0.00362	0.00393	0.00347	0.47113
43	0.08454	0.15857	0.08836	0.01142	0.07968	0.13211	0.04113	0.11595	0.01217	0.05414	0.08700	0.02710	0.01118	0.00556	0.00473	0.00136	0.04028	0.02128	0.00310	0.02034

[dist]
# distance from previous block
# <min> <max>
0	3

[block]
# block no. 5 follows, 55 sequences, length 19
# corresponding to MSA columns:
# 251-269
name=unknown_F
#
# <colnr> <probs for GDERKNQSTAVLIFYWHMCP>
#	G	D	E	R	K	N	Q	S	T	A	V	L	I	F	Y	W	H	M	C	P
0	0.08358	0.01476	0.29847	0.01342	0.03172	0.01013	0.23369	0.02708	0.01017	0.05107	0.01043	0.01412	0.00832	0.00707	0.06058	0.00194	0.03208	0.04965	0.03558	0.00613
1	0.00927	0.00786	0.00924	0.00685	0.01061	0.00597	0.00540	0.01121	0.00958	0.01484	0.00993	0.08863	0.00918	0.00451	0.00368	0.00080	0.00337	0.00376	0.00291	0.78238
2	0.01765	0.02032	0.01310	0.01161	0.01422	0.68542	0.00883	0.09301	0.01403	0.06769	0.00833	0.00916	0.00655	0.00494	0.00427	0.00123	0.00777	0.00323	0.00284	0.00581
3	0.07032	0.33958	0.15957	0.00945	0.03132	0.02345	0.01873	0.06938	0.02764	0.02924	0.02024	0.00951	0.00710	0.00428	0.00363	0.00113	0.00495	0.00310	0.00257	0.16481
4	0.26255	0.01369	0.01030	0.00901	0.01155	0.31206	0.00697	0.09852	0.01183	0.10949	0.00912	0.01070	0.00720	0.04307	0.00575	0.06043	0.00567	0.00342	0.00316	0.00551
5	0.00675	0.00453	0.00518	0.00515	0.00525	0.00450	0.00297	0.00696	0.00738	0.00994	0.09043	0.03086	0.01950	0.75722	0.02193	0.00422	0.00429	0.00692	0.00304	0.00297
6	0.00734	0.00588	0.00867	0.03441	0.05688	0.00573	0.05210	0.00948	0.02552	0.01406	0.11398	0.19876	0.12271	0.01127	0.00586	0.00184	0.00382	0.31307	0.00410	0.00453
7	0.01078	0.05194	0.54752	0.03810	0.07450	0.03651	0.01489	0.09429	0.03504	0.01596	0.00881	0.01026	0.00648	0.00469	0.00474	0.00145	0.03123	0.00361	0.00237	0.00685
8	0.01098	0.01255	0.02745	0.01961	0.02431	0.01176	0.79059	0.01490	0.01098	0.01490	0.00941	0.01255	0.00706	0.00392	0.00549	0.00157	0.00784	0.00549	0.00235	0.00627
9	0.00570	0.00410	0.00541	0.00640	0.00674	0.00381	0.00430	0.00657	0.00912	0.01216	0.05625	0.77756	0.05607	0.01429	0.00591	0.00186	0.00267	0.01293	0.00435	0.00381
10	0.07068	0.01369	0.16532	0.08052	0.25964	0.07245	0.11691	0.01522	0.01067	0.09735	0.02739	0.01184	0.00792	0.00465	0.00483	0.00145	0.02605	0.00414	0.00269	0.00658
11	0.00654	0.00489	0.00595	0.00640	0.00726	0.00464	0.00454	0.05327	0.02245	0.01377	0.09440	0.53143	0.18661	0.01290	0.00573	0.00176	0.00278	0.02612	0.00441	0.00417
12	0.00669	0.00483	0.00668	0.00668	0.00724	0.00538	0.00483	0.00780	0.00724	0.01021	0.01319	0.02229	0.01337	0.29958	0.55576	0.00650	0.00984	0.00557	0.00260	0.00371
13	0.03035	0.06711	0.45201	0.02922	0.08311	0.05690	0.08572	0.02642	0.01034	0.05741	0.00911	0.01104	0.00687	0.02339	0.02995	0.00168	0.00668	0.00379	0.00236	0.00655
14	0.02387	0.12798	0.26937	0.03546	0.05517	0.02689	0.03859	0.10298	0.05822	0.15804	0.01142	0.04135	0.00864	0.00524	0.00455	0.00142	0.01652	0.00419	0.00325	0.00685
15	0.00725	0.00529	0.00720	0.00830	0.03289	0.00518	0.00666	0.00897	0.01023	0.01322	0.02598	0.08561	0.12465	0.06110	0.00760	0.02820	0.00400	0.54942	0.00408	0.00415
16	0.48142	0.04607	0.04135	0.00968	0.08108	0.04893	0.06548	0.01300	0.00886	0.01723	0.01003	0.06728	0.03225	0.05418	0.00487	0.00163	0.00446	0.00415	0.00283	0.00522
17	0.27351	0.00837	0.00894	0.00859	0.06365	0.00930	0.00616	0.16209	0.01098	0.04157	0.01109	0.04244	0.00983	0.14059	0.02373	0.00205	0.05265	0.00444	0.11470	0.00533
18	0.01123	0.03319	0.05280	0.17882	0.13705	0.11152	0.08026	0.05736	0.09873	0.01527	0.04726	0.01512	0.01046	0.00573	0.01389	0.00151	0.01492	0.03911	0.05444	0.02133

[dist]
# distance from previous block
# <min> <max>
0	6

[block]
# block no. 6 follows, 55 sequences, length 19
# corresponding to MSA columns:
# 278-296
name=unknown_G
#
# <colnr> <probs for GDERKNQSTAVLIFYWHMCP>
#	G	D	E	R	K	N	Q	S	T	A	V	L	I	F	Y	W	H	M	C	P
0	0.03153	0.20250	0.11587	0.01212	0.06965	0.17181	0.05873	0.13513	0.09532	0.05021	0.00972	0.01050	0.00751	0.00478	0.00418	0.00131	0.00591	0.00365	0.00299	0.00659
1	0.01568	0.08814	0.01352	0.01080	0.01325	0.49640	0.00840	0.13441	0.01340	0.03051	0.00908	0.04533	0.00798	0.03863	0.01763	0.00151	0.04298	0.00383	0.00286	0.00568
2	0.05668	0.04636	0.08439	0.01414	0.12588	0.01077	0.18654	0.10635	0.05070	0.01678	0.00992	0.04467	0.00820	0.00486	0.00494	0.00134	0.04166	0.00439	0.00286	0.17857
3	0.03307	0.08618	0.16974	0.04188	0.06305	0.00900	0.04541	0.03341	0.07310	0.07100	0.01639	0.20571	0.05868	0.02734	0.04357	0.00189	0.00502	0.00654	0.00332	0.00571
4	0.00665	0.00498	0.00748	0.00748	0.00831	0.00582	0.00582	0.00831	0.00748	0.01080	0.01246	0.01828	0.01163	0.03489	0.81807	0.00748	0.01246	0.00498	0.00249	0.00415
5	0.01072	0.01057	0.01682	0.19752	0.48941	0.05377	0.05356	0.01338	0.01039	0.01401	0.01066	0.05600	0.03259	0.00506	0.00474	0.00145	0.00570	0.00480	0.00243	0.00644
6	0.01055	0.03214	0.11922	0.01599	0.08904	0.01053	0.39194	0.04356	0.02723	0.03407	0.10755	0.01625	0.04890	0.00530	0.00539	0.00152	0.02621	0.00549	0.00292	0.00620
7	0.00747	0.00417	0.00593	0.00607	0.00620	0.00416	0.00405	0.00634	0.00671	0.00896	0.01228	0.12547	0.03087	0.10211	0.06700	0.58708	0.00440	0.00574	0.00249	0.00251
8	0.00964	0.00865	0.01228	0.05904	0.34119	0.05077	0.00929	0.01220	0.05207	0.03195	0.08932	0.20616	0.05280	0.03682	0.00569	0.00164	0.00444	0.00700	0.00334	0.00574
9	0.00700	0.00566	0.00830	0.04042	0.15428	0.00549	0.00657	0.00846	0.00978	0.01316	0.08298	0.48819	0.08795	0.01160	0.00560	0.00174	0.00336	0.05095	0.00393	0.00457
10	0.01341	0.05575	0.13880	0.05630	0.10338	0.09469	0.07615	0.09291	0.16545	0.11844	0.01182	0.01248	0.00872	0.00512	0.00483	0.00145	0.02581	0.00423	0.00337	0.00688
11	0.01327	0.01486	0.01164	0.05419	0.04636	0.44210	0.03025	0.01463	0.01155	0.04607	0.01351	0.21200	0.03588	0.00745	0.00502	0.00145	0.02560	0.00597	0.00304	0.00515
12	0.01610	0.01305	0.05574	0.01156	0.05614	0.07001	0.02965	0.50854	0.01808	0.08236	0.01189	0.01348	0.00893	0.00569	0.00465	0.00141	0.00529	0.04017	0.03995	0.00729
13	0.00748	0.00576	0.00652	0.00666	0.00773	0.03868	0.00482	0.04506	0.02926	0.03832	0.14821	0.40259	0.17310	0.01305	0.04846	0.00199	0.00348	0.01011	0.00434	0.00439
14	0.05674	0.03557	0.05107	0.05243	0.48322	0.03474	0.09865	0.03446	0.01064	0.02648	0.00949	0.04956	0.00816	0.00481	0.00485	0.00144	0.02395	0.00453	0.00251	0.00673
15	0.01063	0.02517	0.11693	0.01039	0.02834	0.07872	0.11377	0.04056	0.05543	0.09887	0.03597	0.17287	0.11456	0.00874	0.02938	0.00173	0.00507	0.02459	0.02265	0.00563
16	0.05428	0.66754	0.05857	0.00826	0.01202	0.04052	0.00819	0.01370	0.00951	0.01178	0.00771	0.01030	0.00719	0.00541	0.02692	0.00129	0.00528	0.04354	0.00218	0.00581
17	0.07582	0.01114	0.11539	0.00841	0.01257	0.04539	0.03075	0.02330	0.03228	0.03963	0.03751	0.01087	0.00827	0.00411	0.00379	0.00098	0.00427	0.00327	0.00289	0.52936
18	0.02883	0.03377	0.01115	0.00906	0.01166	0.01089	0.01983	0.28531	0.27443	0.03865	0.08072	0.08255	0.01543	0.06887	0.00621	0.00173	0.00415	0.00576	0.00443	0.00659

[dist]
# distance from previous block
# <min> <max>
0	35

[block]
# block no. 7 follows, 55 sequences, length 43
# corresponding to MSA columns:
# 391-422,427-431,433-438
name=unknown_H
#
# <colnr> <probs for GDERKNQSTAVLIFYWHMCP>
#	G	D	E	R	K	N	Q	S	T	A	V	L	I	F	Y	W	H	M	C	P
0	0.03566	0.05360	0.26369	0.01077	0.04774	0.03029	0.02616	0.10136	0.07340	0.12007	0.13561	0.01682	0.05282	0.00598	0.00463	0.00144	0.00493	0.00489	0.00363	0.00651
1	0.01111	0.18451	0.33638	0.01247	0.07415	0.01209	0.06296	0.09371	0.03331	0.02951	0.07814	0.01226	0.00996	0.00489	0.00432	0.00135	0.00565	0.00400	0.00273	0.02650
2	0.03185	0.07858	0.09178	0.03120	0.08225	0.04470	0.03700	0.07624	0.09778	0.07404	0.03585	0.18296	0.06475	0.00752	0.00479	0.00150	0.00451	0.01786	0.00362	0.03122
3	0.05887	0.08561	0.19428	0.01251	0.11938	0.01092	0.02930	0.09346	0.10468	0.14391	0.02977	0.01244	0.00916	0.00535	0.01389	0.00145	0.01588	0.00404	0.00339	0.05171
4	0.01341	0.09429	0.07950	0.03195	0.16873	0.04184	0.07244	0.12466	0.08973	0.12388	0.02723	0.01238	0.00899	0.00495	0.00470	0.00136	0.02428	0.00416	0.00336	0.06814
5	0.00993	0.06650	0.06516	0.00880	0.01116	0.07222	0.05804	0.07098	0.09115	0.04128	0.24046	0.14253	0.06290	0.00828	0.00507	0.00151	0.00413	0.03039	0.00406	0.00543
6	0.01132	0.00942	0.03593	0.04628	0.05533	0.00984	0.07236	0.12024	0.25627	0.06528	0.01407	0.01645	0.01130	0.07322	0.17833	0.00300	0.00646	0.00499	0.00365	0.00626
7	0.01049	0.10073	0.22325	0.02952	0.01363	0.03141	0.04677	0.02252	0.04569	0.10721	0.19703	0.03396	0.03081	0.00830	0.05753	0.00183	0.00530	0.02461	0.00350	0.00589
8	0.00722	0.00464	0.00591	0.00629	0.00722	0.00422	0.00446	0.00832	0.00993	0.09060	0.08248	0.51287	0.18490	0.01348	0.03267	0.00194	0.00304	0.01110	0.00445	0.00427
9	0.00884	0.00833	0.01406	0.80863	0.04829	0.01035	0.01295	0.01194	0.00933	0.01196	0.00828	0.01238	0.00623	0.00464	0.00465	0.00155	0.00619	0.00413	0.00207	0.00521
10	0.00867	0.00434	0.00434	0.00434	0.00542	0.00434	0.00325	0.01084	0.00976	0.01734	0.01518	0.01734	0.01192	0.00542	0.00325	0.00108	0.00217	0.00434	0.86233	0.00434
11	0.01137	0.01083	0.01807	0.07139	0.71296	0.01105	0.01375	0.01482	0.06171	0.01529	0.00939	0.01194	0.00775	0.00431	0.00462	0.00140	0.00544	0.00422	0.00245	0.00725
12	0.01039	0.00994	0.01618	0.33059	0.44392	0.03127	0.01322	0.01320	0.01017	0.01376	0.00947	0.01421	0.00805	0.00487	0.00472	0.00149	0.00578	0.05014	0.00233	0.00630
13	0.00867	0.00434	0.00434	0.00434	0.00542	0.00434	0.00325	0.01084	0.00976	0.01734	0.01518	0.01734	0.01192	0.00542	0.00325	0.00108	0.00217	0.00434	0.86233	0.00434
14	0.00879	0.00827	0.01395	0.82532	0.03204	0.01034	0.01292	0.01189	0.00930	0.01189	0.00827	0.01240	0.00620	0.00465	0.00465	0.00155	0.00620	0.00413	0.00207	0.00517
15	0.01061	0.01132	0.02217	0.05940	0.06050	0.03448	0.53767	0.01422	0.03735	0.02315	0.01035	0.02764	0.00842	0.03973	0.06834	0.00213	0.01867	0.00539	0.00251	0.00594
16	0.00921	0.00814	0.01176	0.23860	0.12477	0.03549	0.03245	0.01223	0.05349	0.03537	0.27019	0.02090	0.05129	0.00670	0.00548	0.00149	0.04652	0.00580	0.00346	0.02666
17	0.00572	0.00412	0.00542	0.00636	0.00674	0.00382	0.00429	0.00664	0.00926	0.01235	0.07719	0.74647	0.06615	0.01412	0.00589	0.00185	0.00265	0.01276	0.00437	0.00382
18	0.02078	0.00807	0.01089	0.00835	0.01195	0.00706	0.00690	0.04569	0.01357	0.78732	0.01814	0.01569	0.01141	0.00575	0.00468	0.00144	0.00399	0.00466	0.00572	0.00792
19	0.02633	0.00775	0.00987	0.01014	0.06852	0.07064	0.07411	0.04704	0.04690	0.01379	0.03711	0.46698	0.02181	0.03455	0.00625	0.00180	0.02695	0.02090	0.00376	0.00480
20	0.03594	0.06289	0.08437	0.01128	0.03800	0.07030	0.00960	0.58362	0.01883	0.02510	0.01019	0.01057	0.00741	0.00526	0.00446	0.00137	0.00547	0.00390	0.00399	0.00745
21	0.04864	0.01052	0.01138	0.01002	0.03577	0.01180	0.00770	0.23686	0.45921	0.05736	0.03117	0.01562	0.01239	0.02406	0.00506	0.00157	0.00413	0.00488	0.00458	0.00729
22	0.01509	0.07726	0.05295	0.01164	0.01488	0.06628	0.07485	0.42630	0.01612	0.04133	0.00958	0.01070	0.00725	0.00566	0.00639	0.00148	0.14772	0.00405	0.00356	0.00693
23	0.00639	0.00457	0.00511	0.00519	0.00569	0.00434	0.00329	0.00688	0.00821	0.01055	0.04614	0.07818	0.22819	0.52307	0.01682	0.00343	0.00377	0.03352	0.00341	0.00326
24	0.00703	0.01206	0.31191	0.00807	0.01160	0.00657	0.00880	0.00988	0.01045	0.01380	0.08453	0.04475	0.43506	0.00888	0.00510	0.00153	0.00407	0.00736	0.00348	0.00508
25	0.01207	0.08989	0.10006	0.04979	0.17268	0.10015	0.10200	0.02440	0.02899	0.06980	0.00940	0.01140	0.00748	0.02877	0.00484	0.00133	0.00564	0.00381	0.00267	0.17483
26	0.01018	0.01018	0.01425	0.01221	0.01221	0.01425	0.01018	0.01120	0.00712	0.01120	0.00611	0.01018	0.00611	0.00814	0.01527	0.00204	0.82799	0.00407	0.00204	0.00509
27	0.01003	0.23461	0.30061	0.01040	0.01478	0.01172	0.06650	0.03763	0.07076	0.01455	0.07297	0.05077	0.07406	0.00586	0.00438	0.00138	0.00525	0.00481	0.00282	0.00610
28	0.01044	0.00823	0.01005	0.00848	0.06242	0.00685	0.00622	0.02795	0.03656	0.07678	0.03296	0.01416	0.07625	0.00478	0.00418	0.00096	0.02241	0.00388	0.00324	0.58322
29	0.00965	0.00827	0.00965	0.00689	0.01102	0.00620	0.00551	0.01171	0.00965	0.01516	0.00827	0.00965	0.00689	0.00345	0.00345	0.00069	0.00345	0.00276	0.00276	0.86494
30	0.10915	0.10766	0.13582	0.00973	0.01369	0.01257	0.00907	0.31112	0.11495	0.06044	0.02707	0.01157	0.00873	0.00517	0.00420	0.00136	0.00483	0.00388	0.00373	0.04526
31	0.01360	0.01150	0.10847	0.06729	0.29613	0.01004	0.01119	0.14474	0.01299	0.18328	0.06320	0.03458	0.01104	0.00540	0.00470	0.00144	0.00505	0.00469	0.00359	0.00709
32	0.04840	0.27100	0.41747	0.01122	0.01655	0.01341	0.04223	0.06307	0.04930	0.01498	0.00843	0.00956	0.00646	0.00443	0.00398	0.00133	0.00592	0.00332	0.00233	0.00658
33	0.01718	0.04972	0.01428	0.01053	0.01421	0.01448	0.00874	0.72391	0.05515	0.02807	0.01130	0.01127	0.00810	0.00554	0.00458	0.00139	0.00505	0.00416	0.00454	0.00780
34	0.01213	0.00979	0.01363	0.36739	0.10353	0.01116	0.01088	0.21992	0.08722	0.05244	0.01149	0.01495	0.00896	0.00553	0.00476	0.00152	0.00540	0.04957	0.00332	0.00640
35	0.01020	0.01749	0.37359	0.01632	0.02168	0.01150	0.39803	0.01459	0.01022	0.01459	0.00873	0.01119	0.00648	0.00442	0.00565	0.00156	0.06066	0.00449	0.00216	0.00646
36	0.31597	0.01046	0.01076	0.00855	0.01195	0.01132	0.00706	0.34606	0.01506	0.20309	0.01115	0.01096	0.00772	0.00518	0.00404	0.00142	0.00433	0.00372	0.00428	0.00691
37	0.01113	0.01112	0.01840	0.03587	0.09474	0.01293	0.24476	0.06780	0.06111	0.01452	0.00860	0.01161	0.00717	0.00610	0.00960	0.00174	0.36968	0.00459	0.00252	0.00602
38	0.00677	0.00451	0.00507	0.00507	0.00507	0.00451	0.00282	0.00677	0.00677	0.00902	0.01466	0.03044	0.01691	0.83650	0.02368	0.00451	0.00451	0.00677	0.00282	0.00282
39	0.00610	0.00514	0.00593	0.05853	0.00824	0.00486	0.00452	0.00742	0.01036	0.01288	0.11767	0.07757	0.56471	0.05169	0.00678	0.00174	0.03865	0.00907	0.00408	0.00404
40	0.01127	0.00998	0.01681	0.27729	0.51247	0.01055	0.01337	0.01407	0.01036	0.06580	0.00922	0.01207	0.00727	0.00441	0.00462	0.00144	0.00564	0.00418	0.00245	0.00671
41	0.01002	0.00933	0.01339	0.43703	0.13899	0.03284	0.01118	0.01554	0.21601	0.01434	0.01185	0.04919	0.00953	0.00545	0.00471	0.00154	0.00535	0.00479	0.00291	0.00601
42	0.11647	0.00909	0.01034	0.00826	0.01154	0.06697	0.00672	0.03490	0.03564	0.58553	0.05472	0.01523	0.01197	0.00572	0.00448	0.00143	0.00417	0.00450	0.00510	0.00721

[dist]
# distance from previous block
# <min> <max>
7	10

[block]
# block no. 8 follows, 55 sequences, length 11
# corresponding to MSA columns:
# 449-459
name=unknown_I
#
# <colnr> <probs for GDERKNQSTAVLIFYWHMCP>
#	G	D	E	R	K	N	Q	S	T	A	V	L	I	F	Y	W	H	M	C	P
0	0.01045	0.01645	0.30487	0.01752	0.07034	0.01137	0.43915	0.01517	0.04014	0.01503	0.00935	0.01170	0.00693	0.00420	0.00503	0.00152	0.00720	0.00467	0.00230	0.00660
1	0.01087	0.06511	0.32355	0.06605	0.15192	0.01082	0.12575	0.03714	0.01060	0.05435	0.00953	0.01218	0.00739	0.00458	0.00455	0.00141	0.00611	0.02798	0.00248	0.06762
2	0.08192	0.01058	0.01210	0.00934	0.01295	0.01093	0.00772	0.41034	0.01724	0.35795	0.01385	0.01287	0.00922	0.00556	0.00453	0.00142	0.00452	0.00427	0.00499	0.00770
3	0.01476	0.01222	0.02022	0.01479	0.01899	0.01228	0.39153	0.32560	0.01558	0.10936	0.01111	0.01237	0.00790	0.00479	0.00507	0.00149	0.00632	0.00488	0.00365	0.00711
4	0.01435	0.24110	0.05233	0.02890	0.08442	0.08046	0.00919	0.25050	0.09306	0.05681	0.01016	0.01071	0.00781	0.00488	0.00411	0.00127	0.00523	0.00366	0.00334	0.03770
5	0.01200	0.04255	0.01353	0.04912	0.08468	0.10886	0.07773	0.16530	0.11034	0.01756	0.09298	0.02015	0.05664	0.00680	0.00536	0.00152	0.03834	0.08681	0.00364	0.00608
6	0.00867	0.00434	0.00434	0.00434	0.00542	0.00434	0.00325	0.01084	0.00976	0.01734	0.01518	0.01734	0.01192	0.00542	0.00325	0.00108	0.00217	0.00434	0.86233	0.00434
7	0.01669	0.01254	0.01340	0.01050	0.01405	0.01396	0.00860	0.66753	0.14793	0.02772	0.01243	0.01217	0.00893	0.00570	0.00467	0.00143	0.00489	0.00436	0.00467	0.00782
8	0.01018	0.01018	0.01425	0.01221	0.01221	0.01425	0.01018	0.01120	0.00712	0.01120	0.00611	0.01018	0.00611	0.00814	0.01527	0.00204	0.82799	0.00407	0.00204	0.00509
9	0.00690	0.00509	0.00687	0.00676	0.00720	0.00576	0.00483	0.00784	0.00716	0.01009	0.01300	0.02282	0.01349	0.36301	0.44564	0.00595	0.05568	0.00566	0.00260	0.00366
10	0.00677	0.00451	0.00507	0.00507	0.00507	0.00451	0.00282	0.00677	0.00677	0.00902	0.01466	0.03044	0.01691	0.83650	0.02368	0.00451	0.00451	0.00677	0.00282	0.00282

[dist]
# distance from previous block
# <min> <max>
1	2

[block]
# block no. 9 follows, 55 sequences, length 11
# corresponding to MSA columns:
# 462-472
name=unknown_J
#
# <colnr> <probs for GDERKNQSTAVLIFYWHMCP>
#	G	D	E	R	K	N	Q	S	T	A	V	L	I	F	Y	W	H	M	C	P
0	0.00963	0.10331	0.73580	0.01274	0.01934	0.01154	0.01629	0.01465	0.00979	0.01436	0.00817	0.00959	0.00590	0.00438	0.00428	0.00143	0.00669	0.00335	0.00197	0.00679
1	0.00959	0.00827	0.00992	0.05840	0.01235	0.00646	0.00598	0.01172	0.00963	0.01495	0.00827	0.00982	0.00685	0.00352	0.00352	0.00074	0.00362	0.00284	0.00271	0.81083
2	0.00598	0.00426	0.00561	0.00633	0.00678	0.00400	0.00434	0.00706	0.00969	0.01313	0.18259	0.59570	0.03242	0.06569	0.00699	0.00198	0.00276	0.03644	0.00438	0.00386
3	0.03352	0.07948	0.08076	0.03043	0.13146	0.33244	0.05957	0.04501	0.04871	0.06407	0.01000	0.01113	0.02668	0.00484	0.00433	0.00131	0.00653	0.00375	0.00277	0.02321
4	0.00808	0.00404	0.00606	0.00606	0.00606	0.00404	0.00404	0.00606	0.00606	0.00808	0.00808	0.01414	0.00808	0.01616	0.01818	0.86465	0.00404	0.00404	0.00202	0.00202
5	0.00750	0.00535	0.00750	0.00857	0.00964	0.00535	0.00750	0.00964	0.01071	0.01392	0.02463	0.05248	0.02677	0.01285	0.00643	0.00214	0.00428	0.77617	0.00428	0.00428
6	0.01151	0.01105	0.04349	0.12372	0.62105	0.01080	0.04477	0.01440	0.01055	0.05066	0.00914	0.01180	0.00735	0.00428	0.00464	0.00142	0.00567	0.00420	0.00242	0.00707
7	0.02707	0.12835	0.31682	0.01191	0.06310	0.04291	0.05637	0.04900	0.01085	0.08082	0.02777	0.01078	0.00765	0.00445	0.00416	0.00126	0.00561	0.00358	0.00268	0.14485
8	0.00960	0.05562	0.72964	0.01404	0.07085	0.01112	0.01663	0.01467	0.00986	0.01461	0.00830	0.00984	0.00599	0.00438	0.00437	0.00145	0.00671	0.00345	0.00199	0.00687
9	0.00567	0.00405	0.00540	0.00648	0.00675	0.00378	0.00432	0.00648	0.00891	0.01188	0.02564	0.83347	0.03077	0.01457	0.00594	0.00189	0.00270	0.01323	0.00432	0.00378
10	0.04976	0.18854	0.14362	0.04783	0.01859	0.01249	0.31842	0.07189	0.01092	0.01502	0.00982	0.07387	0.00841	0.00500	0.00461	0.00144	0.00623	0.00484	0.00255	0.00613

[dist]
# distance from previous block
# <min> <max>
0	1

[block]
# block no. 10 follows, 55 sequences, length 11
# corresponding to MSA columns:
# 491-496,504-508
name=unknown_K
#
# <colnr> <probs for GDERKNQSTAVLIFYWHMCP>
#	G	D	E	R	K	N	Q	S	T	A	V	L	I	F	Y	W	H	M	C	P
0	0.01173	0.01306	0.10613	0.02555	0.65933	0.04802	0.01419	0.03897	0.01098	0.01542	0.00871	0.01117	0.00716	0.00425	0.00457	0.00138	0.00579	0.00402	0.00234	0.00724
1	0.24703	0.01284	0.13114	0.01336	0.01760	0.01110	0.33899	0.08851	0.01103	0.04539	0.00943	0.03614	0.00731	0.00465	0.00453	0.00151	0.00599	0.00447	0.00284	0.00616
2	0.00949	0.13947	0.63509	0.01196	0.01789	0.01134	0.01484	0.01396	0.00970	0.01396	0.00945	0.07502	0.00788	0.00516	0.00433	0.00144	0.00627	0.00408	0.00216	0.00650
3	0.00581	0.00426	0.00549	0.00635	0.00688	0.00393	0.00443	0.00683	0.00947	0.01247	0.07118	0.63945	0.12982	0.01383	0.00589	0.00184	0.00273	0.06111	0.00436	0.00386
4	0.00928	0.05566	0.74217	0.01272	0.01916	0.01077	0.01620	0.01430	0.00976	0.01444	0.00910	0.04929	0.00709	0.00489	0.00444	0.00147	0.00660	0.00387	0.00208	0.00669
5	0.86937	0.00900	0.00684	0.00612	0.00900	0.01044	0.00504	0.01368	0.00792	0.02087	0.00648	0.00756	0.00504	0.00432	0.00288	0.00144	0.00360	0.00252	0.00288	0.00504
6	0.01136	0.01090	0.01861	0.07232	0.76489	0.01101	0.01420	0.01415	0.01052	0.01502	0.00872	0.01156	0.00730	0.00417	0.00461	0.00139	0.00556	0.00414	0.00229	0.00725
7	0.00666	0.00447	0.00510	0.00521	0.00523	0.00444	0.00296	0.00674	0.00697	0.00929	0.01568	0.10544	0.01821	0.75975	0.02202	0.00427	0.00434	0.00737	0.00296	0.00291
