[name]
unknown

[dist]
# distance from previous block
# <min> <max>
6	62

[block]
# block no. 0 follows, 67 sequences, length 30
# corresponding to MSA columns:
# 72-101
name=unknown_A
#
# <colnr> <probs for GDERKNQSTAVLIFYWHMCP>
#	G	D	E	R	K	N	Q	S	T	A	V	L	I	F	Y	W	H	M	C	P
0	0.01028	0.00877	0.01444	0.11198	0.60088	0.00890	0.01099	0.03729	0.00964	0.08458	0.05624	0.01149	0.00840	0.00405	0.00403	0.00122	0.00453	0.00383	0.00242	0.00605
1	0.01246	0.00952	0.01491	0.01611	0.33704	0.03145	0.15067	0.10514	0.06012	0.20617	0.01029	0.01115	0.00751	0.00413	0.00412	0.00124	0.00473	0.00392	0.00304	0.00630
2	0.00979	0.02910	0.03884	0.04312	0.69761	0.00971	0.08827	0.01231	0.00910	0.01292	0.00753	0.00991	0.00624	0.00357	0.00401	0.00120	0.00499	0.00363	0.00197	0.00618
3	0.01272	0.24506	0.06180	0.03249	0.06845	0.06512	0.07933	0.23041	0.01188	0.12837	0.00887	0.02282	0.00676	0.00425	0.00366	0.00113	0.00473	0.00338	0.00288	0.00590
4	0.03002	0.01023	0.00918	0.00786	0.01010	0.26288	0.00613	0.03201	0.03293	0.35984	0.10439	0.07731	0.01267	0.00567	0.00420	0.00122	0.01967	0.00447	0.00377	0.00544
5	0.03887	0.07233	0.37716	0.00882	0.03070	0.00798	0.00946	0.05258	0.01003	0.07298	0.26100	0.01532	0.01558	0.00526	0.00399	0.00123	0.00419	0.00432	0.00291	0.00528
6	0.01072	0.86147	0.02102	0.00686	0.01029	0.01587	0.00686	0.01201	0.00815	0.00944	0.00558	0.00643	0.00515	0.00343	0.00257	0.00086	0.00429	0.00214	0.00172	0.00515
7	0.00986	0.00946	0.01616	0.04763	0.81154	0.00951	0.01228	0.01225	0.00910	0.01302	0.00753	0.00995	0.00632	0.00359	0.00397	0.00120	0.00478	0.00357	0.00198	0.00630
8	0.07947	0.00859	0.00891	0.00795	0.01027	0.00989	0.00622	0.04433	0.72184	0.03347	0.01527	0.01411	0.01141	0.00528	0.00395	0.00134	0.00321	0.00431	0.00397	0.00621
9	0.00583	0.00389	0.00437	0.00437	0.00437	0.00389	0.00243	0.00583	0.00583	0.00778	0.01264	0.02624	0.01458	0.85906	0.02041	0.00389	0.00389	0.00583	0.00243	0.00243
10	0.88738	0.00776	0.00589	0.00527	0.00776	0.00900	0.00434	0.01179	0.00683	0.01799	0.00558	0.00651	0.00434	0.00372	0.00248	0.00124	0.00310	0.00217	0.00248	0.00434
11	0.00571	0.00408	0.00559	0.00652	0.00711	0.00396	0.00515	0.00700	0.00849	0.01116	0.02165	0.43467	0.02473	0.01179	0.00534	0.00174	0.00304	0.42508	0.00371	0.00348
12	0.00982	0.00942	0.01608	0.06265	0.79686	0.00950	0.01225	0.01221	0.00908	0.01297	0.00752	0.00996	0.00631	0.00359	0.00397	0.00120	0.00479	0.00357	0.00198	0.00627
13	0.01498	0.01911	0.01137	0.01033	0.01240	0.84295	0.00775	0.01601	0.01137	0.00982	0.00620	0.00723	0.00517	0.00413	0.00362	0.00103	0.00723	0.00258	0.00207	0.00465
14	0.00993	0.00953	0.01628	0.02462	0.83404	0.00953	0.01231	0.01231	0.00913	0.01310	0.00754	0.00993	0.00635	0.00357	0.00397	0.00119	0.00476	0.00357	0.00199	0.00635
15	0.01498	0.01911	0.01137	0.01033	0.01240	0.84295	0.00775	0.01601	0.01137	0.00982	0.00620	0.00723	0.00517	0.00413	0.00362	0.00103	0.00723	0.00258	0.00207	0.00465
16	0.00924	0.00883	0.01504	0.26588	0.59815	0.00935	0.01197	0.01171	0.00881	0.01227	0.00742	0.01015	0.00606	0.00370	0.00398	0.00123	0.00493	0.00357	0.00193	0.00580
17	0.01525	0.01123	0.01204	0.00923	0.01244	0.01244	0.00762	0.82067	0.01886	0.02528	0.00963	0.00963	0.00682	0.00481	0.00401	0.00120	0.00441	0.00361	0.00401	0.00682
18	0.01077	0.00924	0.01277	0.01599	0.39906	0.00986	0.00927	0.09563	0.33156	0.04618	0.01151	0.01201	0.00885	0.00448	0.00402	0.00126	0.00405	0.00397	0.00312	0.00641
19	0.00973	0.00933	0.01593	0.09263	0.76754	0.00948	0.01221	0.01214	0.00904	0.01287	0.00751	0.00999	0.00627	0.00361	0.00397	0.00120	0.00481	0.00357	0.00197	0.00620
20	0.00568	0.00410	0.00536	0.00505	0.00599	0.00378	0.00378	0.00757	0.01135	0.01608	0.83192	0.02996	0.03784	0.00820	0.00473	0.00126	0.00189	0.00725	0.00441	0.00378
21	0.00947	0.01082	0.02366	0.01690	0.02096	0.01014	0.81947	0.01285	0.00947	0.01285	0.00811	0.01082	0.00609	0.00338	0.00473	0.00135	0.00676	0.00473	0.00203	0.00541
22	0.02704	0.01102	0.08928	0.09665	0.33435	0.05117	0.23638	0.03442	0.02603	0.04286	0.00806	0.01015	0.00623	0.00373	0.00413	0.00126	0.00548	0.00380	0.00217	0.00578
23	0.00691	0.00618	0.01103	0.00900	0.01047	0.00627	0.24906	0.00845	0.00721	0.00995	0.01086	0.04857	0.01076	0.27383	0.29457	0.00387	0.02185	0.00515	0.00225	0.00378
24	0.00500	0.00407	0.00443	0.00434	0.00558	0.00350	0.00325	0.00626	0.00976	0.01230	0.26195	0.03618	0.61017	0.00961	0.00474	0.00133	0.00199	0.00813	0.00392	0.00350
25	0.01184	0.02542	0.01539	0.04718	0.28814	0.24303	0.16026	0.06165	0.02310	0.05139	0.00782	0.00952	0.00617	0.00397	0.00424	0.00120	0.02826	0.00353	0.00229	0.00561
26	0.00939	0.01112	0.05353	0.01648	0.02047	0.01018	0.76204	0.01273	0.00932	0.01273	0.00798	0.01066	0.00602	0.00352	0.00499	0.00136	0.03545	0.00463	0.00201	0.00539
27	0.00563	0.00413	0.00532	0.00532	0.00626	0.00382	0.00409	0.00732	0.01051	0.01443	0.55879	0.09357	0.12860	0.00918	0.00488	0.00139	0.00221	0.12671	0.00418	0.00369
28	0.00937	0.01351	0.25455	0.01698	0.24594	0.03806	0.30709	0.01289	0.02630	0.01281	0.00776	0.00983	0.00596	0.00368	0.00433	0.00128	0.01809	0.00381	0.00196	0.00580
29	0.06626	0.03194	0.02833	0.00855	0.01158	0.03444	0.06228	0.24728	0.11229	0.31332	0.02440	0.02207	0.00897	0.00485	0.00396	0.00124	0.00404	0.00393	0.00397	0.00630

[dist]
# distance from previous block
# <min> <max>
1	9

[block]
# block no. 1 follows, 67 sequences, length 21
# corresponding to MSA columns:
# 111-131
name=unknown_B
#
# <colnr> <probs for GDERKNQSTAVLIFYWHMCP>
#	G	D	E	R	K	N	Q	S	T	A	V	L	I	F	Y	W	H	M	C	P
0	0.00984	0.00874	0.01206	0.02433	0.32216	0.04214	0.02927	0.03605	0.00923	0.04808	0.00772	0.00924	0.00626	0.00341	0.00351	0.00091	0.00402	0.00302	0.00236	0.41766
1	0.00919	0.02147	0.06774	0.13360	0.50931	0.00885	0.04113	0.02209	0.00903	0.02894	0.00970	0.06112	0.02778	0.00458	0.00411	0.00127	0.00472	0.02747	0.00221	0.00570
2	0.01005	0.01027	0.07231	0.05190	0.59630	0.02965	0.08226	0.01256	0.00920	0.05192	0.00830	0.03220	0.00687	0.00390	0.00405	0.00123	0.00497	0.00383	0.00215	0.00607
3	0.00918	0.15367	0.54054	0.01141	0.04991	0.01017	0.08564	0.01285	0.00869	0.05718	0.00774	0.02191	0.00583	0.00390	0.00373	0.00121	0.00550	0.00321	0.00195	0.00578
4	0.01281	0.12487	0.31339	0.00866	0.01276	0.00858	0.00925	0.01585	0.04217	0.37591	0.02950	0.01122	0.00824	0.00443	0.00378	0.00121	0.00440	0.00348	0.00329	0.00619
5	0.00714	0.05938	0.20661	0.00757	0.00968	0.00599	0.00735	0.00914	0.00843	0.05487	0.01658	0.31048	0.01782	0.04430	0.00534	0.00163	0.00379	0.21650	0.00312	0.00428
6	0.01250	0.00890	0.04759	0.13361	0.33333	0.02224	0.04980	0.01475	0.00985	0.31130	0.01048	0.01132	0.00742	0.00415	0.00402	0.00124	0.00455	0.00375	0.00303	0.00616
7	0.00977	0.00839	0.04486	0.29019	0.29466	0.00835	0.06642	0.01218	0.00902	0.12515	0.00984	0.05436	0.00812	0.00465	0.00416	0.00131	0.00479	0.03585	0.00247	0.00545
8	0.00857	0.00834	0.01483	0.41226	0.31309	0.00909	0.12001	0.01116	0.00860	0.01161	0.00797	0.04196	0.00659	0.00409	0.00413	0.00130	0.00522	0.00402	0.00196	0.00521
9	0.00934	0.00864	0.01462	0.22008	0.58796	0.00903	0.01152	0.01170	0.00886	0.03109	0.00825	0.04596	0.00705	0.00409	0.00403	0.00125	0.00477	0.00391	0.00208	0.00578
10	0.01110	0.00596	0.03935	0.00698	0.00888	0.00500	0.03386	0.01249	0.00949	0.38016	0.01789	0.36759	0.01699	0.00895	0.02810	0.00157	0.00339	0.03310	0.00410	0.00505
11	0.01130	0.01591	0.54559	0.01048	0.04151	0.00822	0.01187	0.01488	0.00946	0.27723	0.00998	0.01018	0.00668	0.00417	0.00389	0.00126	0.00508	0.00333	0.00275	0.00623
12	0.00853	0.01984	0.77774	0.01140	0.01715	0.00919	0.03779	0.01301	0.00863	0.04937	0.00761	0.00877	0.00533	0.00385	0.00385	0.00127	0.00584	0.00306	0.00185	0.00595
13	0.00971	0.00929	0.01584	0.06118	0.78016	0.00937	0.01207	0.01207	0.00905	0.01291	0.00784	0.02809	0.00674	0.00379	0.00400	0.00121	0.00474	0.00374	0.00201	0.00620
14	0.00991	0.00891	0.01515	0.07928	0.65855	0.00895	0.03747	0.01218	0.00906	0.05701	0.00861	0.04030	0.00737	0.02463	0.00444	0.00129	0.00469	0.00396	0.00220	0.00601
15	0.01263	0.00624	0.00916	0.14387	0.02543	0.00598	0.02710	0.01431	0.00997	0.44945	0.01567	0.15872	0.01311	0.00662	0.00438	0.00138	0.00368	0.08281	0.00399	0.00549
16	0.01347	0.00806	0.01254	0.13537	0.21070	0.00793	0.06859	0.07192	0.01071	0.38527	0.01168	0.02770	0.00821	0.00451	0.00409	0.00126	0.00432	0.00402	0.00348	0.00619
17	0.00858	0.07037	0.75786	0.01099	0.01666	0.00957	0.01400	0.01292	0.00856	0.04398	0.00743	0.00854	0.00527	0.00383	0.00374	0.00124	0.00573	0.00296	0.00182	0.00591
18	0.01295	0.03647	0.13470	0.06804	0.03389	0.00736	0.12051	0.01523	0.00999	0.41873	0.01292	0.09058	0.00966	0.00513	0.00415	0.00129	0.00435	0.00455	0.00356	0.00593
19	0.01548	0.00896	0.12340	0.00853	0.01201	0.00666	0.07384	0.01762	0.01081	0.62428	0.01423	0.01396	0.00947	0.00492	0.00412	0.00128	0.00404	0.03569	0.00423	0.00646
20	0.00890	0.01464	0.40152	0.06807	0.40250	0.00939	0.01341	0.01237	0.00875	0.01274	0.00736	0.00929	0.00570	0.00371	0.00390	0.00124	0.00534	0.00329	0.00184	0.00604

[dist]
# distance from previous block
# <min> <max>
0	2

[block]
# block no. 2 follows, 67 sequences, length 6
# corresponding to MSA columns:
# 134-139
name=unknown_C
#
# <colnr> <probs for GDERKNQSTAVLIFYWHMCP>
#	G	D	E	R	K	N	Q	S	T	A	V	L	I	F	Y	W	H	M	C	P
0	0.01426	0.00722	0.01037	0.21445	0.06377	0.00720	0.00760	0.01699	0.08129	0.51402	0.01324	0.01282	0.00879	0.00469	0.00403	0.00127	0.00395	0.00393	0.00393	0.00618
1	0.01230	0.06571	0.01079	0.19956	0.04331	0.00720	0.04264	0.01399	0.00946	0.38391	0.01264	0.07462	0.00992	0.08933	0.00565	0.00153	0.00408	0.00452	0.00344	0.00540
2	0.01386	0.00785	0.04328	0.13008	0.13790	0.00720	0.00792	0.06022	0.01066	0.46110	0.01306	0.06873	0.00948	0.00507	0.00408	0.00127	0.00398	0.00432	0.00379	0.00614
3	0.00497	0.00361	0.00470	0.00554	0.00593	0.00335	0.00382	0.00577	0.00792	0.01040	0.02388	0.72691	0.10582	0.01224	0.00511	0.00161	0.00238	0.05902	0.00372	0.00330
4	0.00544	0.00381	0.00462	0.00492	0.00515	0.00375	0.00311	0.00586	0.00671	0.00891	0.01745	0.29291	0.07455	0.45643	0.08586	0.00321	0.00385	0.00767	0.00291	0.00286
5	0.25629	0.01318	0.01115	0.01036	0.07595	0.36869	0.08009	0.03729	0.05507	0.04608	0.00734	0.00831	0.00574	0.00403	0.00348	0.00116	0.00540	0.00293	0.00245	0.00501

[dist]
# distance from previous block
# <min> <max>
4	6

[block]
# block no. 3 follows, 67 sequences, length 19
# corresponding to MSA columns:
# 146-164
name=unknown_D
#
# <colnr> <probs for GDERKNQSTAVLIFYWHMCP>
#	G	D	E	R	K	N	Q	S	T	A	V	L	I	F	Y	W	H	M	C	P
0	0.00977	0.00905	0.01463	0.22174	0.54258	0.00962	0.01142	0.07486	0.04257	0.01351	0.00796	0.01029	0.00638	0.00385	0.00399	0.00123	0.00481	0.00361	0.00218	0.00593
1	0.00550	0.00405	0.00515	0.00497	0.00591	0.00370	0.00369	0.00720	0.01080	0.01500	0.67475	0.09468	0.13212	0.00877	0.00476	0.00130	0.00194	0.00772	0.00428	0.00370
2	0.06114	0.00759	0.01062	0.22412	0.12550	0.00717	0.02996	0.01061	0.00829	0.01264	0.00712	0.00910	0.00575	0.00337	0.00339	0.00092	0.00393	0.00289	0.00217	0.46369
3	0.01075	0.00601	0.00731	0.00617	0.00759	0.02862	0.02334	0.05287	0.00865	0.27887	0.01292	0.01952	0.01176	0.45079	0.01277	0.00261	0.02377	0.00487	0.00330	0.02753
4	0.88738	0.00776	0.00589	0.00527	0.00776	0.00900	0.00434	0.01179	0.00683	0.01799	0.00558	0.00651	0.00434	0.00372	0.00248	0.00124	0.00310	0.00217	0.00248	0.00434
5	0.00584	0.00427	0.00550	0.00516	0.00616	0.00401	0.00388	0.00808	0.04154	0.01611	0.80173	0.02940	0.03689	0.00810	0.00471	0.00127	0.00194	0.00715	0.00440	0.00388
6	0.01072	0.86147	0.02102	0.00686	0.01029	0.01587	0.00686	0.01201	0.00815	0.00944	0.00558	0.00643	0.00515	0.00343	0.00257	0.00086	0.00429	0.00214	0.00172	0.00515
7	0.00869	0.00712	0.00835	0.00599	0.00953	0.00537	0.00480	0.01047	0.00844	0.04505	0.00747	0.00852	0.00610	0.00305	0.00301	0.00062	0.00299	0.00244	0.00248	0.84953
8	0.00993	0.00953	0.01628	0.02462	0.83404	0.00953	0.01231	0.01231	0.00913	0.01310	0.00754	0.00993	0.00635	0.00357	0.00397	0.00119	0.00476	0.00357	0.00199	0.00635
9	0.01289	0.01006	0.01071	0.00875	0.01154	0.01134	0.00705	0.46318	0.38018	0.02147	0.01262	0.01201	0.00925	0.00509	0.00404	0.00127	0.00386	0.00402	0.00404	0.00661
10	0.00538	0.00411	0.00496	0.00480	0.00589	0.00368	0.00364	0.00697	0.01050	0.01410	0.52493	0.03357	0.31195	0.00899	0.00477	0.00132	0.00201	0.04063	0.00415	0.00364
11	0.00508	0.00363	0.00480	0.00543	0.00582	0.00339	0.00370	0.00603	0.00844	0.01146	0.19981	0.65278	0.02869	0.03408	0.00544	0.00161	0.00227	0.01034	0.00384	0.00335
12	0.00748	0.00374	0.00374	0.00374	0.00467	0.00374	0.00280	0.00934	0.00841	0.01495	0.01308	0.01495	0.01028	0.00467	0.00280	0.00093	0.00187	0.00374	0.88132	0.00374
13	0.01265	0.00987	0.20655	0.00783	0.01120	0.02191	0.02265	0.01493	0.01041	0.43331	0.08754	0.01682	0.11520	0.00558	0.00414	0.00126	0.00384	0.00460	0.00387	0.00584
14	0.00646	0.00519	0.00577	0.00615	0.00669	0.06738	0.00451	0.00736	0.00766	0.00981	0.01644	0.22088	0.01840	0.27489	0.10607	0.00289	0.00451	0.22264	0.00301	0.00326
15	0.00582	0.00390	0.00444	0.00442	0.00448	0.00388	0.00252	0.00594	0.00619	0.00831	0.06521	0.02648	0.01607	0.80445	0.01941	0.00372	0.00376	0.00592	0.00256	0.00252
16	0.00978	0.00938	0.01602	0.07478	0.78499	0.00949	0.01224	0.01218	0.00906	0.01293	0.00752	0.00997	0.00629	0.00360	0.00397	0.00120	0.00480	0.00357	0.00197	0.00624
17	0.00791	0.02930	0.05222	0.02918	0.06608	0.05273	0.17746	0.00976	0.00905	0.05579	0.01928	0.21243	0.18559	0.00767	0.00462	0.00140	0.00410	0.06796	0.00303	0.00445
18	0.83107	0.00787	0.00656	0.00652	0.06078	0.00903	0.00485	0.01182	0.00697	0.01768	0.00571	0.00673	0.00447	0.00371	0.00258	0.00124	0.00321	0.00226	0.00245	0.00447

[dist]
# distance from previous block
# <min> <max>
5	7

[block]
# block no. 4 follows, 67 sequences, length 26
# corresponding to MSA columns:
# 172-197
name=unknown_E
#
# <colnr> <probs for GDERKNQSTAVLIFYWHMCP>
#	G	D	E	R	K	N	Q	S	T	A	V	L	I	F	Y	W	H	M	C	P
0	0.01425	0.02164	0.01110	0.01095	0.15672	0.18402	0.00744	0.09065	0.03804	0.32631	0.03163	0.01203	0.03021	0.00465	0.00390	0.00116	0.00446	0.00372	0.00351	0.04360
1	0.00984	0.00996	0.01448	0.26003	0.50649	0.10648	0.01144	0.01215	0.00907	0.01190	0.00727	0.00983	0.00593	0.00376	0.00394	0.00121	0.00522	0.00346	0.00194	0.00561
2	0.00748	0.00374	0.00374	0.00374	0.00467	0.00374	0.00280	0.00934	0.00841	0.01495	0.01308	0.01495	0.01028	0.00467	0.00280	0.00093	0.00187	0.00374	0.88132	0.00374
3	0.00984	0.00944	0.01612	0.05593	0.80342	0.00951	0.01226	0.01223	0.00909	0.01299	0.00753	0.00996	0.00631	0.00359	0.00397	0.00120	0.00479	0.00357	0.00198	0.00628
4	0.00583	0.00389	0.00437	0.00437	0.00437	0.00389	0.00243	0.00583	0.00583	0.00778	0.01264	0.02624	0.01458	0.85906	0.02041	0.00389	0.00389	0.00583	0.00243	0.00243
5	0.01535	0.01106	0.01193	0.00915	0.01235	0.01218	0.00755	0.78919	0.01857	0.05716	0.00987	0.00979	0.00694	0.00482	0.00401	0.00121	0.00437	0.00363	0.00405	0.00682
6	0.00877	0.00877	0.01228	0.01053	0.01053	0.01228	0.00877	0.00965	0.00614	0.00965	0.00526	0.00877	0.00526	0.00702	0.01316	0.00175	0.85172	0.00351	0.00175	0.00439
7	0.01094	0.81772	0.02051	0.00704	0.01040	0.05882	0.00691	0.01222	0.00832	0.00946	0.00561	0.00647	0.00515	0.00347	0.00263	0.00087	0.00444	0.00217	0.00173	0.00512
8	0.00572	0.00434	0.00550	0.00573	0.00673	0.00383	0.00417	0.00678	0.00811	0.01105	0.03396	0.51217	0.07988	0.03001	0.00511	0.00150	0.00262	0.10951	0.00346	0.15983
9	0.01347	0.06081	0.14749	0.01003	0.01294	0.52579	0.00872	0.08188	0.05531	0.03643	0.00744	0.00820	0.00581	0.00420	0.00366	0.00110	0.00630	0.00286	0.00234	0.00522
10	0.00631	0.00428	0.00530	0.00498	0.00618	0.00383	0.00379	0.00791	0.01065	0.07346	0.52752	0.04589	0.25222	0.00863	0.00471	0.00130	0.00208	0.02282	0.00424	0.00388
11	0.64880	0.06740	0.08302	0.00615	0.00908	0.00915	0.00564	0.01277	0.00759	0.10967	0.00689	0.00750	0.00510	0.00385	0.00278	0.00122	0.00348	0.00245	0.00264	0.00482
12	0.00770	0.00726	0.01225	0.80553	0.07053	0.00894	0.01120	0.01036	0.00808	0.01040	0.00715	0.01065	0.00540	0.00399	0.00401	0.00133	0.00532	0.00356	0.00179	0.00456
13	0.00932	0.00891	0.01518	0.23853	0.62489	0.00937	0.01200	0.01177	0.00884	0.01236	0.00744	0.01012	0.00609	0.00369	0.00398	0.00123	0.00492	0.00357	0.00193	0.00586
14	0.05158	0.12078	0.00900	0.00638	0.00835	0.00733	0.00523	0.06468	0.11218	0.13137	0.36800	0.02102	0.02193	0.00648	0.00415	0.00124	0.00291	0.04853	0.00393	0.00493
15	0.01054	0.01238	0.35166	0.00916	0.01297	0.00741	0.04888	0.02558	0.05337	0.23703	0.11345	0.04770	0.01240	0.00535	0.00416	0.00130	0.00439	0.03326	0.00325	0.00573
16	0.00993	0.00953	0.01628	0.02462	0.83404	0.00953	0.01231	0.01231	0.00913	0.01310	0.00754	0.00993	0.00635	0.00357	0.00397	0.00119	0.00476	0.00357	0.00199	0.00635
17	0.00896	0.00849	0.01426	0.21986	0.56931	0.00888	0.01131	0.01131	0.00887	0.01225	0.00983	0.01278	0.05752	0.00427	0.00407	0.00125	0.00471	0.02433	0.00209	0.00565
18	0.01072	0.86147	0.02102	0.00686	0.01029	0.01587	0.00686	0.01201	0.00815	0.00944	0.00558	0.00643	0.00515	0.00343	0.00257	0.00086	0.00429	0.00214	0.00172	0.00515
19	0.00494	0.00353	0.00471	0.00565	0.00590	0.00330	0.00382	0.00568	0.00773	0.01030	0.02207	0.82905	0.02641	0.01251	0.00513	0.00164	0.00237	0.03827	0.00372	0.00327
20	0.00573	0.00428	0.00636	0.00636	0.00705	0.00497	0.00491	0.00711	0.00642	0.00925	0.01082	0.01618	0.01021	0.06343	0.81007	0.00634	0.01047	0.00436	0.00216	0.00353
21	0.01056	0.00954	0.01416	0.01142	0.03492	0.01013	0.26368	0.09592	0.44501	0.04057	0.01284	0.01297	0.00955	0.00467	0.00428	0.00133	0.00448	0.00447	0.00340	0.00611
22	0.01072	0.86147	0.02102	0.00686	0.01029	0.01587	0.00686	0.01201	0.00815	0.00944	0.00558	0.00643	0.00515	0.00343	0.00257	0.00086	0.00429	0.00214	0.00172	0.00515
23	0.04386	0.14477	0.05720	0.00767	0.01067	0.02514	0.02536	0.10338	0.09447	0.34001	0.09567	0.01313	0.01127	0.00492	0.00382	0.00119	0.00376	0.00393	0.00380	0.00599
24	0.00788	0.00744	0.01259	0.74110	0.13353	0.00899	0.01129	0.01052	0.00817	0.01062	0.00718	0.01059	0.00548	0.00395	0.00400	0.00132	0.00527	0.00357	0.00181	0.00470
25	0.01196	0.16812	0.18370	0.01140	0.14178	0.04913	0.03489	0.10124	0.05047	0.17501	0.02840	0.01029	0.00757	0.00422	0.00373	0.00116	0.00465	0.00340	0.00284	0.00602

[dist]
# distance from previous block
# <min> <max>
0	12

[block]
# block no. 5 follows, 67 sequences, length 41
# corresponding to MSA columns:
# 210-250
name=unknown_F
#
# <colnr> <probs for GDERKNQSTAVLIFYWHMCP>
#	G	D	E	R	K	N	Q	S	T	A	V	L	I	F	Y	W	H	M	C	P
0	0.00858	0.01821	0.65321	0.02740	0.10900	0.02257	0.03402	0.01287	0.02516	0.02844	0.00780	0.02110	0.00580	0.00396	0.00388	0.00127	0.00567	0.00325	0.00188	0.00590
1	0.05098	0.06428	0.21012	0.01136	0.04407	0.08879	0.20500	0.04561	0.00999	0.18598	0.02349	0.02603	0.00739	0.00422	0.00398	0.00124	0.00526	0.00377	0.00272	0.00571
2	0.01047	0.76320	0.08196	0.00762	0.01127	0.01514	0.04154	0.01210	0.00823	0.00982	0.00580	0.00677	0.00518	0.00346	0.00276	0.00091	0.00451	0.00231	0.00173	0.00522
3	0.09239	0.00853	0.00877	0.00789	0.01018	0.00988	0.00616	0.02042	0.74978	0.01689	0.01531	0.01417	0.01150	0.00528	0.00393	0.00135	0.00317	0.00431	0.00393	0.00616
4	0.00636	0.00456	0.00631	0.00712	0.00806	0.00452	0.00617	0.00818	0.00939	0.01227	0.08211	0.04392	0.04641	0.01084	0.00546	0.00179	0.00351	0.72557	0.00375	0.00369
5	0.01028	0.72219	0.15641	0.00762	0.01146	0.01478	0.00818	0.01212	0.00820	0.00998	0.00584	0.00677	0.00514	0.00349	0.00278	0.00093	0.00456	0.00228	0.00171	0.00528
6	0.01224	0.14063	0.01462	0.01298	0.18238	0.32355	0.07668	0.06492	0.11048	0.01250	0.00800	0.00907	0.00645	0.00405	0.00371	0.00112	0.00557	0.00321	0.00236	0.00548
7	0.00697	0.00348	0.00522	0.00522	0.00522	0.00348	0.00348	0.00522	0.00522	0.00697	0.00697	0.01219	0.00697	0.01393	0.01567	0.88332	0.00348	0.00348	0.00174	0.00174
8	0.01072	0.86147	0.02102	0.00686	0.01029	0.01587	0.00686	0.01201	0.00815	0.00944	0.00558	0.00643	0.00515	0.00343	0.00257	0.00086	0.00429	0.00214	0.00172	0.00515
9	0.00851	0.12151	0.67772	0.01063	0.01599	0.01016	0.01323	0.01326	0.06934	0.01261	0.00768	0.00870	0.00562	0.00389	0.00368	0.00123	0.00552	0.00298	0.00187	0.00586
10	0.00941	0.07161	0.68329	0.01065	0.01607	0.00942	0.01324	0.02926	0.00897	0.09992	0.00806	0.00891	0.00563	0.00393	0.00376	0.00124	0.00553	0.00304	0.00209	0.00599
11	0.00985	0.00995	0.05038	0.02321	0.75697	0.00954	0.01210	0.01279	0.05160	0.01328	0.00799	0.01013	0.00661	0.00368	0.00397	0.00120	0.00473	0.00360	0.00208	0.00633
12	0.00489	0.00349	0.00465	0.00558	0.00582	0.00326	0.00372	0.00558	0.00768	0.01024	0.02210	0.85644	0.02653	0.01256	0.00512	0.00163	0.00233	0.01140	0.00372	0.00326
13	0.00811	0.00749	0.01299	0.73008	0.05925	0.00894	0.07121	0.01079	0.00827	0.03411	0.00747	0.01075	0.00557	0.00397	0.00406	0.00133	0.00537	0.00366	0.00190	0.00467
14	0.01309	0.08063	0.01434	0.01399	0.26323	0.05397	0.03051	0.44554	0.01438	0.01915	0.00845	0.00937	0.00644	0.00425	0.00388	0.00117	0.00472	0.00346	0.00305	0.00639
15	0.00568	0.00410	0.00536	0.00505	0.00599	0.00378	0.00378	0.00757	0.01135	0.01608	0.83192	0.02996	0.03784	0.00820	0.00473	0.00126	0.00189	0.00725	0.00441	0.00378
16	0.00494	0.00407	0.00434	0.00427	0.00554	0.00347	0.00320	0.00614	0.00961	0.01194	0.20790	0.03677	0.66445	0.00974	0.00474	0.00133	0.00200	0.00821	0.00387	0.00347
17	0.00699	0.00561	0.00813	0.00872	0.08272	0.00558	0.06593	0.08277	0.03937	0.01247	0.01841	0.50457	0.03090	0.02134	0.00509	0.00157	0.00325	0.08894	0.00346	0.00417
18	0.01525	0.01123	0.01204	0.00923	0.01244	0.01244	0.00762	0.82067	0.01886	0.02528	0.00963	0.00963	0.00682	0.00481	0.00401	0.00120	0.00441	0.00361	0.00401	0.00682
19	0.00993	0.00953	0.01628	0.02462	0.83404	0.00953	0.01231	0.01231	0.00913	0.01310	0.00754	0.00993	0.00635	0.00357	0.00397	0.00119	0.00476	0.00357	0.00199	0.00635
20	0.00873	0.00880	0.01300	0.01091	0.01124	0.01189	0.07328	0.00980	0.00645	0.00992	0.00591	0.03018	0.00586	0.00687	0.01229	0.00172	0.76307	0.00380	0.00183	0.00444
21	0.88738	0.00776	0.00589	0.00527	0.00776	0.00900	0.00434	0.01179	0.00683	0.01799	0.00558	0.00651	0.00434	0.00372	0.00248	0.00124	0.00310	0.00217	0.00248	0.00434
22	0.01498	0.01911	0.01137	0.01033	0.01240	0.84295	0.00775	0.01601	0.01137	0.00982	0.00620	0.00723	0.00517	0.00413	0.00362	0.00103	0.00723	0.00258	0.00207	0.00465
23	0.00850	0.00687	0.00900	0.00678	0.00988	0.00544	0.06532	0.01023	0.00850	0.06217	0.00985	0.12905	0.00911	0.00448	0.00347	0.00084	0.00319	0.00393	0.00270	0.64071
24	0.00917	0.00877	0.01479	0.18980	0.55509	0.00895	0.04296	0.01157	0.00886	0.01245	0.00833	0.01076	0.02800	0.00378	0.00395	0.00119	0.00475	0.00366	0.00202	0.07115
25	0.00975	0.00838	0.00888	0.00800	0.01020	0.00965	0.00621	0.02060	0.78441	0.01674	0.05872	0.01574	0.01357	0.00558	0.00411	0.00136	0.00311	0.00468	0.00410	0.00621
26	0.00989	0.00846	0.00902	0.00800	0.01035	0.00955	0.00626	0.04012	0.72400	0.01659	0.01560	0.01514	0.01192	0.00539	0.00404	0.00131	0.00320	0.02562	0.00394	0.07159
27	0.00998	0.00862	0.00907	0.00816	0.01043	0.00998	0.00635	0.02131	0.82679	0.01678	0.01632	0.01496	0.01224	0.00544	0.00408	0.00136	0.00317	0.00453	0.00408	0.00635
28	0.01104	0.68535	0.08748	0.00768	0.01114	0.11988	0.00763	0.01257	0.00858	0.00975	0.00579	0.00670	0.00514	0.00355	0.00281	0.00091	0.00480	0.00227	0.00176	0.00515
29	0.00797	0.00747	0.01168	0.01687	0.52190	0.00721	0.00882	0.00984	0.00914	0.01225	0.02001	0.02073	0.31753	0.00605	0.00426	0.00125	0.00373	0.00542	0.00264	0.00523
30	0.00548	0.00409	0.00509	0.00484	0.00587	0.00370	0.00363	0.00719	0.01089	0.01497	0.66469	0.03178	0.20577	0.00861	0.00473	0.00128	0.00192	0.00751	0.00427	0.00370
31	0.00748	0.00374	0.00374	0.00374	0.00467	0.00374	0.00280	0.00934	0.00841	0.01495	0.01308	0.01495	0.01028	0.00467	0.00280	0.00093	0.00187	0.00374	0.88132	0.00374
32	0.00993	0.00953	0.01628	0.02462	0.83404	0.00953	0.01231	0.01231	0.00913	0.01310	0.00754	0.00993	0.00635	0.00357	0.00397	0.00119	0.00476	0.00357	0.00199	0.00635
33	0.00593	0.00438	0.00596	0.00587	0.00627	0.00497	0.00422	0.00678	0.00619	0.00874	0.01118	0.01942	0.01152	0.34742	0.48286	0.00521	0.05282	0.00485	0.00224	0.00318
34	0.00583	0.00389	0.00437	0.00437	0.00437	0.00389	0.00243	0.00583	0.00583	0.00778	0.01264	0.02624	0.01458	0.85906	0.02041	0.00389	0.00389	0.00583	0.00243	0.00243
35	0.00476	0.00398	0.00415	0.00428	0.00548	0.00337	0.00315	0.00573	0.00893	0.01075	0.03792	0.15794	0.71481	0.01051	0.00480	0.00139	0.00207	0.00889	0.00372	0.00337
36	0.00928	0.16240	0.56300	0.01108	0.03998	0.01076	0.04809	0.08680	0.00943	0.01332	0.00719	0.00837	0.00533	0.00381	0.00366	0.00119	0.00551	0.00298	0.00193	0.00587
37	0.01788	0.00700	0.00942	0.00722	0.01033	0.00616	0.00596	0.05195	0.01178	0.80399	0.01557	0.01349	0.00980	0.00496	0.00403	0.00124	0.00345	0.00402	0.00493	0.00683
38	0.00558	0.00410	0.00523	0.00495	0.00593	0.00374	0.00371	0.00739	0.01113	0.01556	0.75281	0.03082	0.11728	0.00839	0.00473	0.00127	0.00191	0.00737	0.00435	0.00374
39	0.00804	0.02074	0.83828	0.01143	0.01736	0.00931	0.01482	0.01270	0.00847	0.01270	0.00720	0.00847	0.00508	0.00381	0.00381	0.00127	0.00593	0.00296	0.00169	0.00593
40	0.01344	0.18417	0.01285	0.00928	0.01158	0.59795	0.00731	0.01508	0.05308	0.01030	0.03155	0.00866	0.01994	0.00428	0.00349	0.00103	0.00620	0.00283	0.00220	0.00479

[dist]
# distance from previous block
# <min> <max>
0	1

[block]
# block no. 6 follows, 67 sequences, length 11
# corresponding to MSA columns:
# 252-262
name=unknown_G
#
# <colnr> <probs for GDERKNQSTAVLIFYWHMCP>
#	G	D	E	R	K	N	Q	S	T	A	V	L	I	F	Y	W	H	M	C	P
0	0.63103	0.05684	0.00840	0.00681	0.02697	0.06841	0.03462	0.06187	0.00825	0.03485	0.00642	0.00735	0.00498	0.00384	0.00282	0.00120	0.00369	0.00249	0.02452	0.00468
1	0.01028	0.01021	0.01593	0.02361	0.77595	0.06845	0.01199	0.01257	0.00929	0.01287	0.00745	0.00974	0.00627	0.00361	0.00395	0.00118	0.00494	0.00350	0.00199	0.00623
2	0.00573	0.00430	0.00645	0.00645	0.00716	0.00501	0.00501	0.00716	0.00645	0.00931	0.01074	0.01576	0.01003	0.03008	0.84316	0.00645	0.01074	0.00430	0.00215	0.00358
3	0.88738	0.00776	0.00589	0.00527	0.00776	0.00900	0.00434	0.01179	0.00683	0.01799	0.00558	0.00651	0.00434	0.00372	0.00248	0.00124	0.00310	0.00217	0.00248	0.00434
4	0.00697	0.00348	0.00522	0.00522	0.00522	0.00348	0.00348	0.00522	0.00522	0.00697	0.00697	0.01219	0.00697	0.01393	0.01567	0.88332	0.00348	0.00348	0.00174	0.00174
5	0.00575	0.00385	0.00440	0.00448	0.00450	0.00383	0.00254	0.00581	0.00599	0.00799	0.01347	0.09898	0.01563	0.78489	0.01907	0.00369	0.00375	0.00632	0.00254	0.00250
6	0.00697	0.00348	0.00522	0.00522	0.00522	0.00348	0.00348	0.00522	0.00522	0.00697	0.00697	0.01219	0.00697	0.01393	0.01567	0.88332	0.00348	0.00348	0.00174	0.00174
7	0.00658	0.00709	0.10593	0.00616	0.00793	0.03688	0.00539	0.00952	0.08631	0.01474	0.51080	0.02637	0.14563	0.00754	0.00452	0.00128	0.00272	0.00648	0.00387	0.00425
8	0.00748	0.00374	0.00374	0.00374	0.00467	0.00374	0.00280	0.00934	0.00841	0.01495	0.01308	0.01495	0.01028	0.00467	0.00280	0.00093	0.00187	0.00374	0.88132	0.00374
9	0.00832	0.00713	0.00832	0.00594	0.00950	0.00535	0.00475	0.01010	0.00832	0.01307	0.00713	0.00832	0.00594	0.00297	0.00297	0.00059	0.00297	0.00238	0.00238	0.88357
10	0.04992	0.08753	0.01193	0.00984	0.01204	0.74159	0.00754	0.01552	0.01092	0.01012	0.00612	0.00714	0.00513	0.00406	0.00349	0.00103	0.00682	0.00253	0.00205	0.00468

[dist]
# distance from previous block
# <min> <max>
1	6

[block]
# block no. 7 follows, 67 sequences, length 46
# corresponding to MSA columns:
# 269-314
name=unknown_H
#
# <colnr> <probs for GDERKNQSTAVLIFYWHMCP>
#	G	D	E	R	K	N	Q	S	T	A	V	L	I	F	Y	W	H	M	C	P
0	0.01131	0.51169	0.01732	0.04040	0.08478	0.18580	0.00765	0.02310	0.03325	0.01043	0.02417	0.00791	0.00621	0.00385	0.00324	0.00098	0.01817	0.00264	0.00197	0.00514
1	0.01047	0.06731	0.27001	0.01507	0.28187	0.07947	0.05435	0.04580	0.04832	0.06536	0.00844	0.01003	0.00652	0.00400	0.00388	0.00121	0.00522	0.01441	0.00228	0.00596
2	0.00748	0.00374	0.00374	0.00374	0.00467	0.00374	0.00280	0.00934	0.00841	0.01495	0.01308	0.01495	0.01028	0.00467	0.00280	0.00093	0.00187	0.00374	0.88132	0.00374
3	0.00811	0.00707	0.01159	0.05620	0.36047	0.00713	0.04158	0.01028	0.00914	0.01242	0.01421	0.02718	0.01443	0.00724	0.00477	0.00152	0.00435	0.39457	0.00281	0.00493
4	0.00573	0.00428	0.00634	0.00634	0.00703	0.00496	0.00489	0.00710	0.00642	0.00924	0.01083	0.01627	0.01025	0.07056	0.80298	0.00632	0.01041	0.00437	0.00216	0.00352
5	0.00868	0.00826	0.01403	0.46168	0.40672	0.00920	0.01169	0.01122	0.00854	0.01159	0.00732	0.01033	0.00582	0.00380	0.00399	0.00127	0.00507	0.00357	0.00188	0.00535
6	0.00877	0.00877	0.01228	0.01053	0.01053	0.01228	0.00877	0.00965	0.00614	0.00965	0.00526	0.00877	0.00526	0.00702	0.01316	0.00175	0.85172	0.00351	0.00175	0.00439
7	0.01555	0.01074	0.01173	0.00899	0.01219	0.01170	0.00743	0.73071	0.01803	0.11640	0.01032	0.01008	0.00717	0.00483	0.00401	0.00121	0.00430	0.00366	0.00412	0.00682
8	0.00489	0.00349	0.00465	0.00558	0.00582	0.00326	0.00372	0.00558	0.00768	0.01024	0.02210	0.85644	0.02653	0.01256	0.00512	0.00163	0.00233	0.01140	0.00372	0.00326
9	0.00832	0.00713	0.00832	0.00594	0.00950	0.00535	0.00475	0.01010	0.00832	0.01307	0.00713	0.00832	0.00594	0.00297	0.00297	0.00059	0.00297	0.00238	0.00238	0.88357
10	0.00860	0.01379	0.39821	0.00911	0.01378	0.00764	0.04491	0.03666	0.00881	0.02569	0.00741	0.00862	0.00563	0.00347	0.00349	0.00097	0.00457	0.00282	0.00213	0.39369
11	0.88738	0.00776	0.00589	0.00527	0.00776	0.00900	0.00434	0.01179	0.00683	0.01799	0.00558	0.00651	0.00434	0.00372	0.00248	0.00124	0.00310	0.00217	0.00248	0.00434
12	0.00582	0.00394	0.00462	0.00462	0.00470	0.00402	0.00274	0.00599	0.00590	0.00796	0.01241	0.02500	0.01404	0.76098	0.11775	0.00419	0.00470	0.00565	0.00240	0.00257
13	0.00661	0.00606	0.06710	0.00701	0.06098	0.00506	0.00534	0.00942	0.07404	0.02813	0.60809	0.02605	0.06555	0.00740	0.00455	0.00127	0.00250	0.00649	0.00401	0.00434
14	0.00490	0.00352	0.00463	0.00550	0.00577	0.00327	0.00367	0.00560	0.00770	0.01021	0.02260	0.80969	0.05608	0.02930	0.00541	0.00166	0.00235	0.01118	0.00370	0.00325
15	0.00993	0.00953	0.01628	0.02462	0.83404	0.00953	0.01231	0.01231	0.00913	0.01310	0.00754	0.00993	0.00635	0.00357	0.00397	0.00119	0.00476	0.00357	0.00199	0.00635
16	0.00998	0.00862	0.00907	0.00816	0.01043	0.00998	0.00635	0.02131	0.82679	0.01678	0.01632	0.01496	0.01224	0.00544	0.00408	0.00136	0.00317	0.00453	0.00408	0.00635
17	0.01070	0.01012	0.01557	0.02268	0.73162	0.07252	0.01165	0.01294	0.00942	0.05299	0.00785	0.00990	0.00644	0.00368	0.00395	0.00118	0.00489	0.00352	0.00214	0.00625
18	0.00811	0.04146	0.81814	0.01132	0.01718	0.00948	0.01462	0.01268	0.00846	0.01262	0.00716	0.00842	0.00508	0.00380	0.00378	0.00126	0.00589	0.00294	0.00169	0.00591
19	0.00942	0.01116	0.05205	0.01671	0.02083	0.01011	0.79143	0.01284	0.00943	0.01284	0.00808	0.01074	0.00605	0.00340	0.00470	0.00135	0.00673	0.00467	0.00202	0.00543
20	0.00915	0.00883	0.01535	0.23219	0.55015	0.00923	0.06630	0.01162	0.00883	0.01228	0.00792	0.03566	0.00669	0.00394	0.00407	0.00125	0.00497	0.00388	0.00199	0.00572
21	0.00843	0.00773	0.01323	0.63094	0.18249	0.00899	0.04342	0.01104	0.00840	0.03648	0.00752	0.01064	0.00571	0.00393	0.00403	0.00131	0.00523	0.00363	0.00193	0.00493
22	0.00617	0.00400	0.00524	0.00583	0.00644	0.00376	0.00411	0.00734	0.03278	0.07651	0.02212	0.68331	0.05669	0.01156	0.00501	0.00159	0.00251	0.05753	0.00383	0.00367
23	0.00804	0.02074	0.83828	0.01143	0.01736	0.00931	0.01482	0.01270	0.00847	0.01270	0.00720	0.00847	0.00508	0.00381	0.00381	0.00127	0.00593	0.00296	0.00169	0.00593
24	0.00841	0.00791	0.01336	0.49475	0.33208	0.00893	0.01135	0.01093	0.00850	0.01142	0.00799	0.01214	0.00662	0.00420	0.00407	0.00131	0.00504	0.04391	0.00195	0.00514
25	0.00740	0.01082	0.32870	0.00856	0.01144	0.00620	0.04374	0.00989	0.00847	0.07319	0.01544	0.36033	0.02633	0.00807	0.00454	0.00146	0.00409	0.06369	0.00295	0.00468
26	0.01735	0.02455	0.03376	0.00735	0.01053	0.00649	0.00624	0.04896	0.02271	0.75495	0.01514	0.01322	0.00961	0.00490	0.00400	0.00123	0.00354	0.00396	0.00476	0.00676
27	0.01027	0.00665	0.05349	0.00792	0.05389	0.00570	0.03217	0.04870	0.04219	0.26838	0.01783	0.31770	0.05999	0.04925	0.00526	0.00152	0.00333	0.00695	0.00381	0.00500
28	0.01021	0.23691	0.50373	0.00961	0.01447	0.01051	0.01144	0.01353	0.00883	0.13355	0.00805	0.00870	0.00581	0.00388	0.00352	0.00116	0.00513	0.00291	0.00218	0.00586
29	0.01449	0.01388	0.01221	0.01113	0.08491	0.37791	0.04637	0.24800	0.01318	0.10867	0.00882	0.02640	0.00677	0.00451	0.00389	0.00115	0.00564	0.00341	0.00298	0.00568
30	0.01058	0.01145	0.15919	0.03146	0.09807	0.00902	0.42680	0.01369	0.00954	0.15432	0.00954	0.03127	0.00708	0.00398	0.00437	0.00131	0.00571	0.00433	0.00251	0.00576
31	0.00837	0.00721	0.00858	0.00655	0.03630	0.00548	0.00500	0.01017	0.00834	0.01307	0.00714	0.00837	0.00595	0.00299	0.00300	0.00061	0.00303	0.00241	0.00236	0.85506
32	0.00944	0.00917	0.02795	0.04203	0.66300	0.00904	0.04283	0.01222	0.04190	0.01343	0.08149	0.01195	0.00934	0.00407	0.00407	0.00122	0.00455	0.00398	0.00228	0.00603
33	0.00487	0.00405	0.00427	0.00436	0.00557	0.00349	0.00325	0.00588	0.00886	0.01070	0.03695	0.09240	0.70029	0.03651	0.03121	0.00162	0.00243	0.03628	0.00364	0.00337
34	0.01059	0.00892	0.00941	0.00829	0.01066	0.01026	0.00650	0.11445	0.73266	0.01777	0.01554	0.01434	0.01161	0.00537	0.00407	0.00134	0.00332	0.00443	0.00407	0.00640
35	0.00492	0.00352	0.00470	0.00563	0.00588	0.00329	0.00379	0.00565	0.00772	0.01028	0.02208	0.83681	0.02644	0.01253	0.00513	0.00163	0.00236	0.03065	0.00372	0.00327
36	0.00804	0.02074	0.83828	0.01143	0.01736	0.00931	0.01482	0.01270	0.00847	0.01270	0.00720	0.00847	0.00508	0.00381	0.00381	0.00127	0.00593	0.00296	0.00169	0.00593
37	0.00869	0.14387	0.68795	0.01072	0.01614	0.04110	0.01339	0.01272	0.00853	0.01212	0.00692	0.00812	0.00509	0.00377	0.00362	0.00120	0.00574	0.00283	0.00171	0.00577
38	0.00580	0.00387	0.00438	0.00442	0.00443	0.00386	0.00248	0.00582	0.00590	0.00787	0.01299	0.05743	0.01503	0.82725	0.01984	0.00380	0.00383	0.00604	0.00248	0.00246
39	0.00478	0.00390	0.00423	0.00449	0.00553	0.00335	0.00324	0.00571	0.00873	0.01067	0.03544	0.26782	0.60654	0.01083	0.00485	0.00143	0.00211	0.00929	0.00372	0.00335
40	0.00813	0.04845	0.81134	0.01128	0.01713	0.00953	0.01456	0.01268	0.00846	0.01259	0.00714	0.00840	0.00508	0.00380	0.00377	0.00126	0.00587	0.00294	0.00169	0.00590
41	0.00884	0.00781	0.00824	0.00811	0.04025	0.04749	0.00596	0.01645	0.52808	0.01460	0.01865	0.14666	0.08298	0.00704	0.00433	0.00140	0.00322	0.04065	0.00381	0.00543
42	0.00817	0.06180	0.79837	0.01121	0.01701	0.00963	0.01443	0.01267	0.00845	0.01254	0.00712	0.00837	0.00508	0.00379	0.00375	0.00125	0.00585	0.00292	0.00169	0.00589
43	0.00757	0.00713	0.01203	0.84942	0.02762	0.00891	0.01114	0.01025	0.00802	0.01025	0.00713	0.01069	0.00535	0.00401	0.00401	0.00134	0.00535	0.00356	0.00178	0.00446
44	0.26081	0.14293	0.18253	0.00893	0.04021	0.02389	0.03452	0.10946	0.00905	0.03113	0.00695	0.00853	0.00558	0.03064	0.00474	0.00131	0.08835	0.00293	0.00232	0.00520
45	0.00965	0.00938	0.01550	0.14405	0.67089	0.03186	0.02381	0.01204	0.00900	0.01254	0.00750	0.01006	0.00622	0.00402	0.01565	0.00128	0.00503	0.00357	0.00196	0.00598

[dist]
# distance from previous block
# <min> <max>
2	7

[block]
# block no. 8 follows, 67 sequences, length 26
# corresponding to MSA columns:
# 323-348
name=unknown_I
#
# <colnr> <probs for GDERKNQSTAVLIFYWHMCP>
#	G	D	E	R	K	N	Q	S	T	A	V	L	I	F	Y	W	H	M	C	P
0	0.03414	0.07013	0.03579	0.02308	0.18091	0.01120	0.02240	0.36811	0.15643	0.04262	0.01004	0.01044	0.00750	0.00449	0.00388	0.00121	0.00429	0.00364	0.00331	0.00638
1	0.09533	0.03838	0.04512	0.02767	0.43685	0.17651	0.00996	0.03332	0.03248	0.02451	0.00759	0.02190	0.00633	0.00403	0.00393	0.00118	0.02373	0.00332	0.00220	0.00567
2	0.04506	0.00404	0.00491	0.00544	0.00583	0.00398	0.00362	0.03492	0.00765	0.01060	0.01891	0.61213	0.02230	0.19138	0.00820	0.00208	0.00277	0.00953	0.00340	0.00326
3	0.00971	0.00843	0.00898	0.00808	0.01022	0.00978	0.00630	0.02021	0.76085	0.01625	0.01693	0.01573	0.04668	0.00570	0.00446	0.00138	0.03554	0.00466	0.00398	0.00615
4	0.00851	0.00695	0.00819	0.00597	0.00936	0.00527	0.00475	0.01023	0.00840	0.04225	0.00811	0.04657	0.00701	0.00347	0.00310	0.00066	0.00296	0.00284	0.00253	0.81286
5	0.00487	0.00407	0.00424	0.00420	0.00550	0.00344	0.00315	0.00600	0.00944	0.01155	0.14861	0.03742	0.72398	0.00989	0.00474	0.00134	0.00201	0.00830	0.00382	0.00344
6	0.01061	0.00970	0.00934	0.00836	0.01061	0.09614	0.00648	0.05248	0.69123	0.01638	0.03381	0.01429	0.01188	0.00534	0.00404	0.00132	0.00361	0.00436	0.00388	0.00613
7	0.00688	0.00529	0.03797	0.00664	0.04098	0.00442	0.00498	0.00823	0.00902	0.06722	0.18746	0.25641	0.10193	0.00916	0.00528	0.05348	0.00280	0.09522	0.00354	0.09307
8	0.00935	0.07245	0.60395	0.01130	0.06340	0.00927	0.02524	0.01332	0.02203	0.09909	0.00899	0.00984	0.02595	0.00407	0.00380	0.00124	0.00536	0.00324	0.00215	0.00593
9	0.01361	0.01325	0.01108	0.00963	0.02836	0.30253	0.00741	0.30492	0.23614	0.01730	0.01021	0.01025	0.00771	0.00472	0.00389	0.00119	0.00507	0.00350	0.00331	0.00592
10	0.00583	0.00389	0.00437	0.00437	0.00437	0.00389	0.00243	0.00583	0.00583	0.00778	0.01264	0.02624	0.01458	0.85906	0.02041	0.00389	0.00389	0.00583	0.00243	0.00243
11	0.01443	0.00856	0.01102	0.05670	0.09837	0.08832	0.05622	0.02653	0.06666	0.45951	0.03890	0.03611	0.01006	0.00493	0.00408	0.00125	0.00415	0.00419	0.00389	0.00612
12	0.00864	0.01316	0.31716	0.03026	0.32498	0.00887	0.11566	0.01191	0.00910	0.01307	0.07856	0.01197	0.03013	0.00421	0.00409	0.00125	0.00514	0.00394	0.00213	0.00575
13	0.00697	0.00348	0.00522	0.00522	0.00522	0.00348	0.00348	0.00522	0.00522	0.00697	0.00697	0.01219	0.00697	0.01393	0.01567	0.88332	0.00348	0.00348	0.00174	0.00174
14	0.01014	0.00960	0.01611	0.02399	0.80049	0.00965	0.01212	0.04531	0.00953	0.01360	0.00763	0.00991	0.00637	0.00362	0.00397	0.00119	0.00475	0.00357	0.00207	0.00637
15	0.01041	0.00893	0.06045	0.06470	0.36050	0.00812	0.11985	0.01289	0.02471	0.16028	0.01163	0.09704	0.03222	0.00496	0.00422	0.00129	0.00454	0.00472	0.00276	0.00578
16	0.02763	0.11451	0.23336	0.03725	0.26777	0.13690	0.06183	0.03242	0.02902	0.01245	0.00726	0.00884	0.00576	0.00378	0.00373	0.00117	0.00545	0.00316	0.00199	0.00570
17	0.00925	0.00970	0.01405	0.09428	0.11699	0.08343	0.13559	0.01091	0.00782	0.01071	0.00800	0.01076	0.04626	0.00563	0.00856	0.00150	0.41596	0.00388	0.00195	0.00477
18	0.00801	0.05837	0.13253	0.10047	0.11669	0.04540	0.04051	0.02498	0.04577	0.02491	0.13037	0.03017	0.18187	0.00620	0.00423	0.00128	0.00403	0.03654	0.00287	0.00480
19	0.00972	0.05159	0.06039	0.00900	0.07822	0.00726	0.08658	0.08558	0.06545	0.15100	0.05681	0.06371	0.24460	0.00658	0.00430	0.00129	0.00361	0.00569	0.00348	0.00517
20	0.01016	0.01249	0.22796	0.08667	0.33094	0.03230	0.11886	0.04002	0.00949	0.08060	0.00821	0.00995	0.00618	0.00382	0.00403	0.00125	0.00532	0.00358	0.00221	0.00597
21	0.00913	0.00877	0.01513	0.25333	0.55533	0.00923	0.04593	0.01160	0.00880	0.01223	0.00780	0.03054	0.00655	0.00390	0.00404	0.00125	0.00495	0.00381	0.00197	0.00571
22	0.00847	0.02333	0.12935	0.00775	0.02359	0.01435	0.06449	0.01058	0.03765	0.15609	0.03729	0.28702	0.14516	0.02146	0.00477	0.00144	0.00350	0.01558	0.00345	0.00466
23	0.01290	0.11144	0.08236	0.04669	0.09306	0.43785	0.02232	0.06011	0.01068	0.05117	0.00741	0.02373	0.00606	0.00445	0.01208	0.00115	0.00606	0.00305	0.00226	0.00518
24	0.01061	0.12694	0.17373	0.01051	0.09099	0.00855	0.10080	0.04440	0.00963	0.19066	0.01282	0.11095	0.04354	0.00559	0.00409	0.00128	0.00440	0.04203	0.00297	0.00551
25	0.02697	0.05148	0.34026	0.10138	0.22995	0.04283	0.04848	0.02430	0.00905	0.06339	0.00796	0.00991	0.00608	0.00394	0.00387	0.00124	0.00531	0.01571	0.00209	0.00578

[dist]
# distance from previous block
# <min> <max>
2	9

[block]
# block no. 9 follows, 67 sequences, length 13
# corresponding to MSA columns:
# 361-373
name=unknown_J
#
# <colnr> <probs for GDERKNQSTAVLIFYWHMCP>
#	G	D	E	R	K	N	Q	S	T	A	V	L	I	F	Y	W	H	M	C	P
0	0.20555	0.14174	0.13459	0.00951	0.08521	0.04824	0.03473	0.10029	0.04129	0.10701	0.00936	0.03113	0.02639	0.00439	0.00347	0.00119	0.00430	0.00335	0.00273	0.00550
1	0.03205	0.01045	0.07393	0.03988	0.57958	0.04187	0.04256	0.02741	0.03051	0.01329	0.03494	0.01043	0.00730	0.00396	0.00429	0.00123	0.03455	0.00365	0.00214	0.00598
2	0.03678	0.00803	0.01246	0.30575	0.34048	0.02611	0.00996	0.02514	0.00914	0.03881	0.09402	0.02646	0.00965	0.00442	0.00400	0.00123	0.00451	0.00399	0.00236	0.03667
3	0.00964	0.00798	0.01270	0.04601	0.35041	0.00765	0.08363	0.01228	0.05219	0.10003	0.09154	0.01458	0.07172	0.00468	0.00406	0.00117	0.00403	0.00435	0.00282	0.11855
