[name]
unknown

[dist]
# distance from previous block
# <min> <max>
3	166

[block]
# block no. 0 follows, 69 sequences, length 38
# corresponding to MSA columns:
# 174-211
name=unknown_A
#
# <colnr> <probs for GDERKNQSTAVLIFYWHMCP>
#	G	D	E	R	K	N	Q	S	T	A	V	L	I	F	Y	W	H	M	C	P
0	0.00555	0.00401	0.00524	0.00493	0.00586	0.00370	0.00370	0.00740	0.01110	0.01572	0.83570	0.02928	0.03699	0.00801	0.00462	0.00123	0.00185	0.00709	0.00432	0.00370
1	0.00850	0.17741	0.67085	0.01029	0.01558	0.01036	0.01288	0.02991	0.00844	0.01209	0.00679	0.00793	0.00502	0.00368	0.00350	0.00117	0.00546	0.00276	0.00171	0.00567
2	0.00560	0.00420	0.00630	0.00630	0.00700	0.00490	0.00490	0.00700	0.00630	0.00910	0.01050	0.01540	0.00980	0.02940	0.84669	0.00630	0.01050	0.00420	0.00210	0.00350
3	0.01759	0.00667	0.00910	0.00698	0.01001	0.00576	0.00576	0.01911	0.01122	0.84048	0.01547	0.01334	0.00970	0.00485	0.00394	0.00121	0.00334	0.00394	0.00485	0.00667
4	0.03358	0.00869	0.00851	0.00808	0.03738	0.14730	0.00592	0.23900	0.01128	0.04046	0.01388	0.36912	0.01452	0.00781	0.00459	0.00135	0.03397	0.00656	0.00333	0.00467
5	0.00786	0.02028	0.84191	0.01117	0.01697	0.00910	0.01448	0.01242	0.00828	0.01242	0.00704	0.00828	0.00497	0.00372	0.00372	0.00124	0.00579	0.00290	0.00166	0.00579
6	0.01759	0.00667	0.00910	0.00698	0.01001	0.00576	0.00576	0.01911	0.01122	0.84048	0.01547	0.01334	0.00970	0.00485	0.00394	0.00121	0.00334	0.00394	0.00485	0.00667
7	0.00555	0.00401	0.00524	0.00493	0.00586	0.00370	0.00370	0.00740	0.01110	0.01572	0.83570	0.02928	0.03699	0.00801	0.00462	0.00123	0.00185	0.00709	0.00432	0.00370
8	0.01053	0.01088	0.01511	0.02173	0.69988	0.14913	0.01129	0.01264	0.00929	0.01227	0.00715	0.00926	0.00602	0.00358	0.00382	0.00114	0.00506	0.00333	0.00195	0.00593
9	0.00779	0.00736	0.01245	0.71440	0.16240	0.00881	0.01108	0.01035	0.00802	0.01048	0.00704	0.01033	0.00539	0.00385	0.00391	0.00128	0.00513	0.00349	0.00178	0.00466
10	0.88991	0.00758	0.00576	0.00516	0.00758	0.00879	0.00425	0.01152	0.00667	0.01759	0.00546	0.00637	0.00425	0.00364	0.00243	0.00121	0.00303	0.00212	0.00243	0.00425
11	0.00967	0.00833	0.00880	0.00796	0.01014	0.00962	0.00621	0.02052	0.81045	0.01628	0.01607	0.01536	0.01223	0.00545	0.00402	0.00134	0.00312	0.02430	0.00398	0.00614
12	0.00753	0.00411	0.00439	0.00434	0.00531	0.00413	0.00323	0.05831	0.00878	0.02930	0.01410	0.15540	0.01249	0.00587	0.00321	0.00105	0.00208	0.00490	0.66764	0.00381
13	0.01562	0.00711	0.00901	0.00718	0.01000	0.00675	0.00584	0.04042	0.18899	0.62448	0.01536	0.01354	0.01012	0.00494	0.00393	0.00123	0.00328	0.00403	0.02164	0.00651
14	0.00540	0.00391	0.00510	0.00500	0.00582	0.00360	0.00367	0.00704	0.01045	0.01466	0.68239	0.16815	0.05257	0.00877	0.00469	0.00129	0.00192	0.00779	0.00419	0.00360
15	0.71441	0.00740	0.00643	0.00552	0.00807	0.00818	0.00455	0.01305	0.00759	0.18315	0.00747	0.00777	0.00534	0.00388	0.00273	0.00121	0.00309	0.00249	0.00291	0.00473
16	0.00514	0.00386	0.00477	0.00481	0.00568	0.00348	0.00351	0.00651	0.00974	0.01313	0.45067	0.22154	0.23387	0.00947	0.00471	0.00134	0.00198	0.00831	0.00399	0.00348
17	0.00965	0.00926	0.01582	0.04254	0.81969	0.00930	0.01201	0.01199	0.00890	0.01275	0.00737	0.00972	0.00619	0.00350	0.00388	0.00117	0.00467	0.00349	0.00194	0.00617
18	0.74378	0.00815	0.00676	0.00580	0.00835	0.00936	0.00478	0.14733	0.00864	0.01878	0.00612	0.00688	0.00465	0.00382	0.00268	0.00121	0.00325	0.00236	0.00268	0.00465
19	0.01087	0.00939	0.05255	0.03784	0.51071	0.00901	0.02857	0.04729	0.09704	0.13046	0.00947	0.01068	0.00723	0.00400	0.00405	0.00121	0.01717	0.00365	0.00263	0.00618
20	0.01106	0.51302	0.12533	0.00839	0.02227	0.16572	0.01928	0.06212	0.00924	0.01076	0.00629	0.01880	0.00544	0.00373	0.00303	0.00096	0.00495	0.00255	0.00191	0.00514
21	0.00705	0.00424	0.00455	0.00436	0.00545	0.00423	0.00330	0.02914	0.06163	0.01488	0.19174	0.01956	0.08459	0.00580	0.00341	0.00105	0.00199	0.00482	0.54432	0.00387
22	0.00540	0.00400	0.00503	0.00477	0.00576	0.00363	0.00358	0.00710	0.01074	0.01486	0.70277	0.03069	0.17046	0.00833	0.00463	0.00125	0.00187	0.00729	0.00420	0.00363
23	0.00533	0.00400	0.00494	0.00470	0.00572	0.00361	0.00353	0.00697	0.01058	0.01449	0.64456	0.03131	0.22890	0.00847	0.00463	0.00125	0.00188	0.00737	0.00415	0.00361
24	0.00481	0.00356	0.00449	0.00514	0.00563	0.00325	0.00352	0.00563	0.00804	0.01054	0.08476	0.64441	0.17885	0.01153	0.00491	0.00152	0.00219	0.01031	0.00369	0.00325
25	0.69373	0.00738	0.00651	0.00556	0.00813	0.00811	0.00459	0.01323	0.00769	0.20265	0.00771	0.00794	0.00547	0.00391	0.00277	0.00121	0.00310	0.00253	0.00297	0.00479
26	0.00915	0.00505	0.00531	0.00474	0.00614	0.00519	0.00370	0.14590	0.01009	0.06254	0.01237	0.01368	0.00946	0.00461	0.00301	0.00097	0.00233	0.00365	0.68779	0.00433
27	0.00786	0.02028	0.84191	0.01117	0.01697	0.00910	0.01448	0.01242	0.00828	0.01242	0.00704	0.00828	0.00497	0.00372	0.00372	0.00124	0.00579	0.00290	0.00166	0.00579
28	0.00772	0.00711	0.01179	0.48698	0.24283	0.00804	0.01000	0.01012	0.00868	0.01172	0.14548	0.01339	0.01080	0.00449	0.00403	0.00126	0.00451	0.00409	0.00223	0.00475
29	0.00740	0.00697	0.01176	0.85280	0.02700	0.00871	0.01089	0.01002	0.00784	0.01002	0.00697	0.01045	0.00523	0.00392	0.00392	0.00131	0.00523	0.00348	0.00174	0.00436
30	0.01323	0.01013	0.01066	0.00862	0.01141	0.03012	0.00697	0.50253	0.29609	0.05040	0.01179	0.01128	0.00855	0.00491	0.00394	0.00123	0.00393	0.00383	0.00393	0.00646
31	0.01212	0.00851	0.00939	0.00796	0.01049	0.00939	0.00633	0.15475	0.53780	0.17590	0.01477	0.01351	0.01065	0.00513	0.00397	0.00128	0.00335	0.00419	0.00414	0.00637
32	0.00486	0.00348	0.00464	0.00551	0.00579	0.00325	0.00375	0.00563	0.00769	0.01028	0.05039	0.79832	0.02619	0.01207	0.00501	0.00159	0.00231	0.04236	0.00366	0.00322
33	0.00970	0.00931	0.01591	0.02406	0.83777	0.00931	0.01203	0.01203	0.00893	0.01281	0.00737	0.00970	0.00621	0.00349	0.00388	0.00116	0.00466	0.00349	0.00194	0.00621
34	0.00478	0.00341	0.00455	0.00546	0.00569	0.00318	0.00364	0.00546	0.00751	0.01001	0.02161	0.85966	0.02593	0.01228	0.00500	0.00159	0.00227	0.01114	0.00364	0.00318
35	0.00923	0.01051	0.02275	0.01631	0.02014	0.00999	0.79567	0.01245	0.00914	0.01245	0.00784	0.01051	0.00592	0.00343	0.00491	0.00134	0.03561	0.00459	0.00197	0.00525
36	0.01167	0.72131	0.01863	0.00675	0.01005	0.01388	0.00655	0.01297	0.00851	0.14805	0.00712	0.00747	0.00581	0.00360	0.00275	0.00090	0.00405	0.00240	0.00221	0.00531
37	0.00877	0.00799	0.03795	0.00678	0.00991	0.00700	0.00556	0.02612	0.28637	0.01417	0.01005	0.01035	0.00787	0.00378	0.00332	0.00087	0.00309	0.00307	0.00289	0.54409

[dist]
# distance from previous block
# <min> <max>
0	2

[block]
# block no. 1 follows, 69 sequences, length 84
# corresponding to MSA columns:
# 214-297
name=unknown_B
#
# <colnr> <probs for GDERKNQSTAVLIFYWHMCP>
#	G	D	E	R	K	N	Q	S	T	A	V	L	I	F	Y	W	H	M	C	P
0	0.00979	0.00867	0.00881	0.00794	0.01013	0.04017	0.00616	0.02022	0.77766	0.01599	0.01626	0.01500	0.03483	0.00540	0.00399	0.00132	0.00322	0.00447	0.00391	0.00606
1	0.00864	0.00718	0.00827	0.00617	0.00945	0.00593	0.00491	0.01179	0.13255	0.03654	0.00857	0.00926	0.00685	0.00332	0.00310	0.00071	0.00295	0.00269	0.00265	0.72851
2	0.01471	0.01089	0.01166	0.00898	0.01209	0.01207	0.00741	0.79530	0.04814	0.02440	0.00965	0.00960	0.00686	0.00473	0.00392	0.00118	0.00427	0.00356	0.00392	0.00665
3	0.00970	0.00931	0.01591	0.02406	0.83777	0.00931	0.01203	0.01203	0.00893	0.01281	0.00737	0.00970	0.00621	0.00349	0.00388	0.00116	0.00466	0.00349	0.00194	0.00621
4	0.00469	0.00395	0.00407	0.00408	0.00534	0.00333	0.00304	0.00572	0.00901	0.01087	0.08599	0.06595	0.76077	0.00990	0.00465	0.00133	0.00199	0.00830	0.00368	0.00333
5	0.03177	0.00978	0.00941	0.00796	0.00977	0.16443	0.01868	0.25389	0.03002	0.04666	0.00955	0.03415	0.00765	0.00506	0.00493	0.00118	0.13271	0.00359	0.21379	0.00501
6	0.00909	0.00873	0.01455	0.16621	0.56635	0.01845	0.04740	0.01163	0.02649	0.01237	0.02674	0.02569	0.00718	0.00384	0.00392	0.00118	0.00466	0.00373	0.00205	0.03972
7	0.00489	0.00389	0.00439	0.00446	0.00550	0.00339	0.00327	0.00604	0.00923	0.01177	0.23500	0.17445	0.50019	0.00985	0.00469	0.00135	0.00200	0.00846	0.00381	0.00339
8	0.01037	0.73517	0.01878	0.00690	0.01008	0.01464	0.00663	0.01311	0.13232	0.01031	0.00704	0.00755	0.00608	0.00365	0.00274	0.00091	0.00403	0.00245	0.00203	0.00521
9	0.02302	0.16643	0.04201	0.01884	0.06089	0.25742	0.00780	0.20529	0.03422	0.03159	0.00742	0.00849	0.00596	0.00525	0.03512	0.00131	0.07815	0.00298	0.00249	0.00530
10	0.00953	0.00894	0.01197	0.01010	0.01057	0.01203	0.00841	0.13266	0.00788	0.01174	0.00579	0.00870	0.00538	0.00654	0.01151	0.00163	0.72646	0.00345	0.00205	0.00465
11	0.00559	0.00404	0.00491	0.00473	0.00580	0.00360	0.00353	0.00706	0.01014	0.04038	0.49309	0.09109	0.29395	0.00884	0.00463	0.00129	0.00197	0.00766	0.00407	0.00363
12	0.13975	0.00512	0.00647	0.00604	0.00732	0.00517	0.05180	0.02288	0.03757	0.02674	0.24884	0.23076	0.07600	0.01984	0.05664	0.00169	0.00314	0.03098	0.01937	0.00388
13	0.00501	0.00358	0.00482	0.00572	0.00605	0.00339	0.00404	0.00586	0.00774	0.01027	0.02148	0.73641	0.02542	0.01206	0.00507	0.00162	0.00248	0.13210	0.00363	0.00325
14	0.01396	0.00782	0.00932	0.00741	0.01005	0.00792	0.00602	0.28092	0.09601	0.35651	0.14698	0.01478	0.01338	0.00537	0.00405	0.00122	0.00339	0.00437	0.00437	0.00614
15	0.00631	0.00451	0.00500	0.00487	0.00521	0.00472	0.00299	0.00801	0.13041	0.00895	0.01287	0.02384	0.01384	0.72046	0.02969	0.00346	0.00379	0.00549	0.00262	0.00297
16	0.01678	0.00797	0.00990	0.00759	0.01065	0.00768	0.00627	0.26109	0.01339	0.59544	0.01365	0.01216	0.00879	0.00481	0.00394	0.00120	0.00363	0.00382	0.00457	0.00667
17	0.88991	0.00758	0.00576	0.00516	0.00758	0.00879	0.00425	0.01152	0.00667	0.01759	0.00546	0.00637	0.00425	0.00364	0.00243	0.00121	0.00303	0.00212	0.00243	0.00425
18	0.00478	0.00341	0.00455	0.00546	0.00569	0.00318	0.00364	0.00546	0.00751	0.01001	0.02161	0.85966	0.02593	0.01228	0.00500	0.00159	0.00227	0.01114	0.00364	0.00318
19	0.01455	0.01702	0.01125	0.00990	0.01208	0.67208	0.00757	0.16607	0.01236	0.01240	0.00666	0.00754	0.00535	0.00423	0.00382	0.00106	0.02601	0.00273	0.00237	0.00493
20	0.01759	0.00667	0.00910	0.00698	0.01001	0.00576	0.00576	0.01911	0.01122	0.84048	0.01547	0.01334	0.00970	0.00485	0.00394	0.00121	0.00334	0.00394	0.00485	0.00667
21	0.01048	0.86458	0.02054	0.00671	0.01006	0.01551	0.00671	0.01174	0.00797	0.00922	0.00545	0.00629	0.00503	0.00335	0.00252	0.00084	0.00419	0.00210	0.00168	0.00503
22	0.01656	0.00832	0.01012	0.00776	0.01083	0.00821	0.00641	0.32738	0.01398	0.52831	0.01315	0.01184	0.00854	0.00480	0.00393	0.00120	0.00371	0.00378	0.00450	0.00667
23	0.00740	0.00697	0.01176	0.85280	0.02700	0.00871	0.01089	0.01002	0.00784	0.01002	0.00697	0.01045	0.00523	0.00392	0.00392	0.00131	0.00523	0.00348	0.00174	0.00436
24	0.00484	0.00398	0.00426	0.00419	0.00542	0.00340	0.00314	0.00603	0.00943	0.01176	0.22163	0.03580	0.65353	0.00949	0.00463	0.00130	0.00195	0.00800	0.00379	0.00340
25	0.00478	0.00341	0.00455	0.00546	0.00569	0.00318	0.00364	0.00546	0.00751	0.01001	0.02161	0.85966	0.02593	0.01228	0.00500	0.00159	0.00227	0.01114	0.00364	0.00318
26	0.00486	0.00395	0.00430	0.00428	0.00545	0.00339	0.00319	0.00603	0.00936	0.01177	0.22624	0.08331	0.60095	0.00961	0.00465	0.00132	0.00197	0.00816	0.00380	0.00339
27	0.00970	0.45905	0.26525	0.01076	0.13730	0.03596	0.00986	0.01210	0.00829	0.01073	0.00623	0.00742	0.00519	0.00351	0.00311	0.00101	0.00482	0.00256	0.00172	0.00542
28	0.00972	0.00939	0.01553	0.02327	0.79571	0.02823	0.01177	0.01200	0.00898	0.01270	0.00772	0.01061	0.00664	0.00371	0.00392	0.00118	0.00468	0.02613	0.00199	0.00610
29	0.01759	0.00667	0.00910	0.00698	0.01001	0.00576	0.00576	0.01911	0.01122	0.84048	0.01547	0.01334	0.00970	0.00485	0.00394	0.00121	0.00334	0.00394	0.00485	0.00667
30	0.00775	0.00732	0.01239	0.72753	0.14955	0.00880	0.01106	0.01032	0.00800	0.01044	0.00703	0.01034	0.00537	0.00386	0.00391	0.00129	0.00514	0.00349	0.00177	0.00464
31	0.00548	0.00398	0.00515	0.00490	0.00582	0.00366	0.00366	0.00724	0.01086	0.01527	0.76753	0.05944	0.07576	0.00826	0.00464	0.00125	0.00187	0.00729	0.00426	0.00366
32	0.00791	0.01994	0.81331	0.01136	0.01709	0.00913	0.04275	0.01242	0.00831	0.01242	0.00707	0.00836	0.00500	0.00371	0.00376	0.00124	0.00582	0.00296	0.00167	0.00578
33	0.01604	0.00622	0.00828	0.00647	0.00919	0.00544	0.00531	0.01760	0.01077	0.71565	0.01506	0.01354	0.00976	0.00481	0.00376	0.00117	0.00311	0.00390	0.13774	0.00622
34	0.00904	0.01204	0.14689	0.01571	0.01996	0.00979	0.70124	0.01254	0.00911	0.01254	0.00780	0.01023	0.00580	0.00337	0.00449	0.00131	0.00649	0.00437	0.00193	0.00536
35	0.01490	0.01098	0.01177	0.00902	0.01216	0.01216	0.00745	0.82470	0.01843	0.02471	0.00941	0.00941	0.00667	0.00471	0.00392	0.00118	0.00431	0.00353	0.00392	0.00667
36	0.00810	0.00782	0.01091	0.00952	0.00972	0.01070	0.00786	0.00941	0.03487	0.00962	0.00645	0.00997	0.00619	0.01069	0.15635	0.00249	0.67964	0.00360	0.00186	0.00422
37	0.00814	0.00966	0.13844	0.48679	0.25910	0.00894	0.01176	0.01096	0.00822	0.01118	0.00710	0.00991	0.00547	0.00377	0.00388	0.00126	0.00515	0.00340	0.00179	0.00511
38	0.00493	0.00355	0.00484	0.00561	0.00592	0.00346	0.00387	0.00573	0.00735	0.00990	0.01992	0.71900	0.02344	0.01485	0.13223	0.00231	0.00354	0.02290	0.00341	0.00324
39	0.01089	0.01101	0.00967	0.00864	0.01081	0.22700	0.02524	0.01891	0.57522	0.01452	0.03686	0.01299	0.01075	0.00502	0.00390	0.00124	0.00418	0.00402	0.00344	0.00568
40	0.00513	0.00367	0.00492	0.00564	0.00608	0.00346	0.00405	0.00616	0.00828	0.01114	0.14573	0.60967	0.02711	0.01141	0.00501	0.00157	0.00241	0.13148	0.00374	0.00333
41	0.00826	0.14790	0.71776	0.01050	0.01592	0.01007	0.01331	0.01231	0.00823	0.01193	0.00680	0.00798	0.00498	0.00367	0.00354	0.00118	0.00555	0.00278	0.00166	0.00568
42	0.01115	0.73556	0.01922	0.00706	0.01038	0.01501	0.00682	0.13462	0.00955	0.01156	0.00605	0.00676	0.00528	0.00356	0.00273	0.00089	0.00421	0.00231	0.00202	0.00528
43	0.00977	0.00741	0.00857	0.00646	0.00968	0.00640	0.00517	0.06412	0.13343	0.09897	0.00935	0.00973	0.00719	0.00358	0.00324	0.00080	0.00307	0.00288	0.00294	0.60723
44	0.00586	0.00408	0.00530	0.00495	0.00595	0.00374	0.00373	0.00766	0.01101	0.03930	0.77750	0.02919	0.07086	0.00801	0.00460	0.00124	0.00190	0.00705	0.00430	0.00377
45	0.01189	0.00962	0.01006	0.00843	0.01101	0.02571	0.00673	0.34043	0.49296	0.01958	0.01318	0.01242	0.00974	0.00505	0.00395	0.00126	0.00366	0.00404	0.00393	0.00636
46	0.00527	0.00400	0.00485	0.00464	0.00569	0.00358	0.00348	0.00686	0.01044	0.01416	0.59309	0.03186	0.28058	0.00860	0.00463	0.00126	0.00189	0.00745	0.00411	0.00358
47	0.00860	0.25726	0.61137	0.00992	0.01503	0.01090	0.01230	0.01223	0.00819	0.01152	0.00659	0.00772	0.00498	0.00362	0.00339	0.00113	0.00534	0.00267	0.00166	0.00558
48	0.00560	0.00419	0.00623	0.00623	0.00691	0.00486	0.00481	0.00696	0.00628	0.00905	0.01057	0.01576	0.00996	0.05850	0.81780	0.00621	0.01027	0.00425	0.00211	0.00346
49	0.00491	0.00365	0.00461	0.00530	0.00585	0.00335	0.00377	0.00579	0.00802	0.01038	0.03521	0.58635	0.20380	0.01157	0.00496	0.00155	0.00234	0.09169	0.00364	0.00326
50	0.01148	0.00810	0.00896	0.00779	0.01019	0.00896	0.00614	0.03473	0.64556	0.18822	0.01574	0.01427	0.01140	0.00521	0.00398	0.00130	0.00317	0.00431	0.00417	0.00631
51	0.00867	0.00826	0.01405	0.39532	0.47456	0.00904	0.01152	0.01113	0.00844	0.01156	0.00719	0.01004	0.00577	0.00368	0.00390	0.00123	0.00491	0.00349	0.00185	0.00538
52	0.00573	0.00430	0.00617	0.00610	0.00665	0.00498	0.00460	0.00687	0.00618	0.00885	0.01062	0.01692	0.01040	0.17352	0.67048	0.00569	0.04203	0.00443	0.00213	0.00333
53	0.00537	0.00400	0.00500	0.00475	0.00575	0.00362	0.00356	0.00706	0.01068	0.01474	0.68381	0.03090	0.18949	0.00838	0.00463	0.00125	0.00188	0.00732	0.00419	0.00362
54	0.01759	0.00667	0.00910	0.00698	0.01001	0.00576	0.00576	0.01911	0.01122	0.84048	0.01547	0.01334	0.00970	0.00485	0.00394	0.00121	0.00334	0.00394	0.00485	0.00667
55	0.69585	0.13744	0.00878	0.00628	0.03229	0.02487	0.02355	0.01167	0.00707	0.01593	0.00558	0.00656	0.00447	0.00359	0.00255	0.00115	0.00341	0.00222	0.00228	0.00445
56	0.00617	0.00466	0.00577	0.00540	0.00651	0.00460	0.00408	0.00938	0.13490	0.01569	0.69326	0.04597	0.03296	0.00770	0.00454	0.00126	0.00205	0.00678	0.00425	0.00407
57	0.00925	0.01058	0.02313	0.01652	0.02049	0.00991	0.82353	0.01256	0.00925	0.01256	0.00793	0.01058	0.00595	0.00330	0.00463	0.00132	0.00661	0.00463	0.00198	0.00529
58	0.00925	0.01058	0.02313	0.01652	0.02049	0.00991	0.82353	0.01256	0.00925	0.01256	0.00793	0.01058	0.00595	0.00330	0.00463	0.00132	0.00661	0.00463	0.00198	0.00529
59	0.00857	0.00820	0.01408	0.42889	0.41895	0.00904	0.03388	0.01106	0.00840	0.01144	0.00719	0.01009	0.00572	0.00370	0.00392	0.00124	0.00499	0.00352	0.00184	0.00528
60	0.00560	0.00419	0.00627	0.00627	0.00696	0.00488	0.00486	0.00698	0.00629	0.00908	0.01053	0.01556	0.00987	0.04229	0.83389	0.00626	0.01040	0.00422	0.00210	0.00348
61	0.00975	0.00842	0.00886	0.00798	0.01019	0.00975	0.00621	0.02083	0.83069	0.01640	0.01596	0.01463	0.01197	0.00532	0.00399	0.00133	0.00310	0.00443	0.00399	0.00621
62	0.00925	0.01058	0.02313	0.01652	0.02049	0.00991	0.82353	0.01256	0.00925	0.01256	0.00793	0.01058	0.00595	0.00330	0.00463	0.00132	0.00661	0.00463	0.00198	0.00529
63	0.01490	0.01098	0.01177	0.00902	0.01216	0.01216	0.00745	0.82470	0.01843	0.02471	0.00941	0.00941	0.00667	0.00471	0.00392	0.00118	0.00431	0.00353	0.00392	0.00667
64	0.88991	0.00758	0.00576	0.00516	0.00758	0.00879	0.00425	0.01152	0.00667	0.01759	0.00546	0.00637	0.00425	0.00364	0.00243	0.00121	0.00303	0.00212	0.00243	0.00425
65	0.88991	0.00758	0.00576	0.00516	0.00758	0.00879	0.00425	0.01152	0.00667	0.01759	0.00546	0.00637	0.00425	0.00364	0.00243	0.00121	0.00303	0.00212	0.00243	0.00425
66	0.00620	0.00450	0.00568	0.00528	0.00637	0.00435	0.00399	0.00898	0.09380	0.03157	0.73729	0.02750	0.03394	0.00768	0.00455	0.00124	0.00200	0.00676	0.00429	0.00401
67	0.00740	0.00697	0.01176	0.85280	0.02700	0.00871	0.01089	0.01002	0.00784	0.01002	0.00697	0.01045	0.00523	0.00392	0.00392	0.00131	0.00523	0.00348	0.00174	0.00436
68	0.00813	0.00697	0.00813	0.00581	0.00929	0.00523	0.00465	0.00987	0.00813	0.01277	0.00697	0.00813	0.00581	0.00290	0.00290	0.00058	0.00290	0.00232	0.00232	0.88619
69	0.00570	0.00380	0.00428	0.00428	0.00428	0.00380	0.00238	0.00570	0.00570	0.00760	0.01235	0.02566	0.01425	0.86222	0.01995	0.00380	0.00380	0.00570	0.00238	0.00238
70	0.88991	0.00758	0.00576	0.00516	0.00758	0.00879	0.00425	0.01152	0.00667	0.01759	0.00546	0.00637	0.00425	0.00364	0.00243	0.00121	0.00303	0.00212	0.00243	0.00425
71	0.00509	0.00399	0.00460	0.00445	0.00557	0.00350	0.00334	0.00651	0.01001	0.01315	0.43613	0.03352	0.43817	0.00898	0.00463	0.00128	0.00192	0.00768	0.00398	0.00350
72	0.14794	0.00922	0.01009	0.00785	0.01085	0.00980	0.00648	0.46934	0.01457	0.25902	0.01056	0.01009	0.00718	0.00459	0.00370	0.00119	0.00384	0.00344	0.00396	0.00630
73	0.00926	0.00757	0.00797	0.00723	0.00921	0.00865	0.00561	0.01866	0.68165	0.01611	0.04019	0.01507	0.01243	0.00529	0.00382	0.00126	0.00287	0.00439	0.13701	0.00574
74	0.00486	0.00351	0.00458	0.00541	0.00573	0.00327	0.00368	0.00559	0.00762	0.01005	0.02249	0.74542	0.07866	0.03660	0.00543	0.00165	0.00236	0.04631	0.00360	0.00319
75	0.00471	0.00396	0.00408	0.00409	0.00535	0.00334	0.00305	0.00575	0.00906	0.01096	0.09898	0.06082	0.75276	0.00985	0.00464	0.00132	0.00198	0.00827	0.00369	0.00334
76	0.01660	0.00646	0.00876	0.00679	0.00966	0.00559	0.00558	0.01813	0.01117	0.77390	0.06722	0.01478	0.02634	0.00514	0.00400	0.00122	0.00322	0.00422	0.00480	0.00643
77	0.88991	0.00758	0.00576	0.00516	0.00758	0.00879	0.00425	0.01152	0.00667	0.01759	0.00546	0.00637	0.00425	0.00364	0.00243	0.00121	0.00303	0.00212	0.00243	0.00425
78	0.00555	0.00374	0.00432	0.00447	0.00450	0.00370	0.00258	0.00566	0.00599	0.00799	0.01386	0.16106	0.01615	0.72423	0.01753	0.00344	0.00355	0.00658	0.00258	0.00251
79	0.01037	0.73517	0.01878	0.00690	0.01008	0.01464	0.00663	0.01311	0.13232	0.01031	0.00704	0.00755	0.00608	0.00365	0.00274	0.00091	0.00403	0.00245	0.00203	0.00521
80	0.03950	0.02098	0.22514	0.00823	0.03674	0.02861	0.00782	0.08904	0.02831	0.05312	0.04213	0.00950	0.00722	0.00372	0.00338	0.00094	0.00395	0.00294	0.00252	0.38621
81	0.01180	0.15974	0.01301	0.22464	0.02878	0.44610	0.01770	0.02182	0.00970	0.00989	0.00650	0.02090	0.00546	0.00401	0.00350	0.00107	0.00596	0.00288	0.00193	0.00462
82	0.14341	0.73504	0.01831	0.00647	0.00969	0.01450	0.00634	0.01171	0.00777	0.01049	0.00545	0.00630	0.00491	0.00340	0.00250	0.00090	0.00402	0.00210	0.00179	0.00491
83	0.01093	0.09814	0.13755	0.03982	0.08362	0.18913	0.02275	0.06309	0.25023	0.03186	0.00965	0.01009	0.00740	0.00427	0.00367	0.00115	0.00481	0.00334	0.00267	0.02582

[dist]
# distance from previous block
# <min> <max>
0	2

[block]
# block no. 2 follows, 69 sequences, length 37
# corresponding to MSA columns:
# 300-336
name=unknown_C
#
# <colnr> <probs for GDERKNQSTAVLIFYWHMCP>
#	G	D	E	R	K	N	Q	S	T	A	V	L	I	F	Y	W	H	M	C	P
0	0.13228	0.00705	0.00780	0.00572	0.00905	0.00573	0.00459	0.01010	0.00792	0.01345	0.00676	0.00788	0.00559	0.00301	0.00284	0.00067	0.00292	0.00229	0.00234	0.76202
1	0.00892	0.00857	0.01473	0.30017	0.54472	0.00913	0.03420	0.01137	0.00857	0.01187	0.00725	0.00998	0.00587	0.00363	0.00391	0.00122	0.00490	0.00352	0.00188	0.00557
2	0.00476	0.00349	0.00447	0.00525	0.00563	0.00320	0.00355	0.00548	0.00771	0.01009	0.02416	0.74394	0.14001	0.01195	0.00495	0.00155	0.00223	0.01074	0.00364	0.00320
3	0.00561	0.00418	0.00618	0.00618	0.00683	0.00483	0.00475	0.00692	0.00626	0.00901	0.01061	0.01603	0.01007	0.08007	0.79639	0.00615	0.01009	0.00429	0.00212	0.00343
4	0.00905	0.00979	0.02030	0.01648	0.13412	0.00932	0.62076	0.02757	0.00920	0.01258	0.00879	0.06236	0.00733	0.00463	0.02793	0.00145	0.00613	0.00483	0.00212	0.00527
5	0.00975	0.00842	0.00886	0.00798	0.01019	0.00975	0.00621	0.02083	0.83069	0.01640	0.01596	0.01463	0.01197	0.00532	0.00399	0.00133	0.00310	0.00443	0.00399	0.00621
6	0.00828	0.15544	0.71042	0.01046	0.01586	0.01013	0.01324	0.01231	0.00823	0.01190	0.00678	0.00796	0.00498	0.00367	0.00353	0.00118	0.00554	0.00277	0.00166	0.00567
7	0.00813	0.00697	0.00813	0.00581	0.00929	0.00523	0.00465	0.00987	0.00813	0.01277	0.00697	0.00813	0.00581	0.00290	0.00290	0.00058	0.00290	0.00232	0.00232	0.88619
8	0.01490	0.01098	0.01177	0.00902	0.01216	0.01216	0.00745	0.82470	0.01843	0.02471	0.00941	0.00941	0.00667	0.00471	0.00392	0.00118	0.00431	0.00353	0.00392	0.00667
9	0.88991	0.00758	0.00576	0.00516	0.00758	0.00879	0.00425	0.01152	0.00667	0.01759	0.00546	0.00637	0.00425	0.00364	0.00243	0.00121	0.00303	0.00212	0.00243	0.00425
10	0.00500	0.00399	0.00448	0.00435	0.00552	0.00346	0.00327	0.00633	0.00980	0.01263	0.35679	0.03437	0.51782	0.00917	0.00463	0.00129	0.00193	0.00780	0.00391	0.00346
11	0.00561	0.00416	0.00608	0.00608	0.00671	0.00478	0.00463	0.00686	0.00624	0.00894	0.01070	0.01651	0.01028	0.11967	0.75708	0.00603	0.00977	0.00436	0.00213	0.00338
12	0.01404	0.01297	0.01319	0.01036	0.01332	0.23343	0.12238	0.49548	0.01520	0.01898	0.00831	0.00895	0.00614	0.00433	0.00392	0.00115	0.00537	0.00342	0.00314	0.00591
13	0.01579	0.00927	0.12678	0.00789	0.01133	0.00725	0.00726	0.14664	0.01196	0.59380	0.01331	0.01200	0.00855	0.00467	0.00391	0.00121	0.00384	0.00373	0.00425	0.00655
14	0.00681	0.00340	0.00511	0.00511	0.00511	0.00340	0.00340	0.00511	0.00511	0.00681	0.00681	0.01192	0.00681	0.01362	0.01532	0.88594	0.00340	0.00340	0.00170	0.00170
15	0.01016	0.00887	0.01309	0.02848	0.44496	0.00965	0.00958	0.11507	0.09851	0.03141	0.00875	0.01058	0.00710	0.01474	0.00530	0.00128	0.12399	0.00363	0.04904	0.00580
16	0.01609	0.00633	0.00838	0.00655	0.00928	0.00558	0.00537	0.03273	0.01093	0.70898	0.01498	0.01345	0.00970	0.00481	0.00377	0.00117	0.00314	0.00389	0.12861	0.00625
17	0.04189	0.01090	0.01422	0.01123	0.01339	0.20716	0.29723	0.02320	0.00897	0.01193	0.02289	0.01010	0.00668	0.00448	0.00565	0.00126	0.17429	0.00370	0.12620	0.00464
18	0.01581	0.00815	0.00984	0.00770	0.01066	0.00813	0.00631	0.25342	0.11790	0.49826	0.01377	0.01236	0.00911	0.00487	0.00394	0.00122	0.00359	0.00389	0.00447	0.00661
19	0.00466	0.00397	0.00400	0.00400	0.00531	0.00332	0.00300	0.00567	0.00899	0.01072	0.05987	0.03752	0.81594	0.00988	0.00463	0.00132	0.00198	0.00824	0.00366	0.00332
20	0.88991	0.00758	0.00576	0.00516	0.00758	0.00879	0.00425	0.01152	0.00667	0.01759	0.00546	0.00637	0.00425	0.00364	0.00243	0.00121	0.00303	0.00212	0.00243	0.00425
21	0.00785	0.00743	0.01257	0.69018	0.18609	0.00883	0.01111	0.01041	0.00805	0.01056	0.00705	0.01031	0.00542	0.00384	0.00391	0.00128	0.00511	0.00349	0.00178	0.00472
22	0.01457	0.01455	0.01130	0.00947	0.01201	0.41516	0.00743	0.41728	0.01467	0.01711	0.00804	0.02535	0.00627	0.00454	0.00376	0.00110	0.00560	0.00320	0.00300	0.00557
23	0.01556	0.00992	0.01111	0.00852	0.01163	0.01058	0.00704	0.62649	0.01666	0.22542	0.01090	0.01038	0.00741	0.00474	0.00393	0.00119	0.00407	0.00363	0.00415	0.00667
24	0.00982	0.00953	0.01580	0.02374	0.81865	0.02870	0.01193	0.01212	0.00898	0.01273	0.00734	0.00964	0.00618	0.00351	0.00387	0.00116	0.00471	0.00347	0.00194	0.00617
25	0.00965	0.00832	0.00878	0.00790	0.01009	0.00961	0.00614	0.02051	0.81095	0.01638	0.03570	0.01498	0.01257	0.00538	0.00400	0.00133	0.00307	0.00450	0.00400	0.00614
26	0.00555	0.00401	0.00524	0.00493	0.00586	0.00370	0.00370	0.00740	0.01110	0.01572	0.83570	0.02928	0.03699	0.00801	0.00462	0.00123	0.00185	0.00709	0.00432	0.00370
27	0.00827	0.00826	0.01384	0.55445	0.15167	0.04359	0.12520	0.01084	0.00834	0.01079	0.00741	0.02652	0.00587	0.00393	0.00402	0.00128	0.00535	0.00375	0.00185	0.00476
28	0.00891	0.03565	0.70881	0.01078	0.01615	0.00966	0.01334	0.12676	0.00970	0.01408	0.00734	0.00840	0.00521	0.00386	0.00373	0.00122	0.00555	0.00297	0.00197	0.00590
29	0.00564	0.00384	0.00457	0.00462	0.00473	0.00392	0.00279	0.00587	0.00588	0.00793	0.01256	0.06616	0.01421	0.70222	0.13560	0.00404	0.00467	0.00576	0.00240	0.00257
30	0.00478	0.00341	0.00455	0.00546	0.00569	0.00318	0.00364	0.00546	0.00751	0.01001	0.02161	0.85966	0.02593	0.01228	0.00500	0.00159	0.00227	0.01114	0.00364	0.00318
31	0.00786	0.02028	0.84191	0.01117	0.01697	0.00910	0.01448	0.01242	0.00828	0.01242	0.00704	0.00828	0.00497	0.00372	0.00372	0.00124	0.00579	0.00290	0.00166	0.00579
32	0.00980	0.00954	0.01570	0.03851	0.79972	0.03315	0.01188	0.01210	0.00897	0.01267	0.00733	0.00964	0.00616	0.00352	0.00387	0.00116	0.00474	0.00347	0.00194	0.00613
33	0.01360	0.01677	0.01168	0.01032	0.01220	0.67709	0.04014	0.03303	0.02229	0.01013	0.00624	0.00756	0.00523	0.00440	0.00477	0.00112	0.11398	0.00277	0.00205	0.00461
34	0.00559	0.00430	0.00614	0.00608	0.00683	0.00488	0.00472	0.00685	0.00663	0.00927	0.01435	0.01823	0.12592	0.02553	0.68074	0.02560	0.03784	0.00473	0.00229	0.00346
35	0.01018	0.23357	0.18506	0.01061	0.09558	0.11489	0.07515	0.06156	0.02905	0.02887	0.04181	0.03310	0.00752	0.00410	0.00353	0.00108	0.00487	0.00331	0.00222	0.05393
36	0.00893	0.07286	0.21705	0.11493	0.21615	0.03735	0.02536	0.01170	0.01894	0.04627	0.00937	0.01409	0.00815	0.00468	0.00390	0.00123	0.00475	0.11693	0.00224	0.06513

[dist]
# distance from previous block
# <min> <max>
0	8

[block]
# block no. 3 follows, 69 sequences, length 35
# corresponding to MSA columns:
# 364-398
name=unknown_D
#
# <colnr> <probs for GDERKNQSTAVLIFYWHMCP>
#	G	D	E	R	K	N	Q	S	T	A	V	L	I	F	Y	W	H	M	C	P
0	0.03832	0.24051	0.09025	0.00796	0.05171	0.06479	0.00684	0.01237	0.09923	0.01213	0.00747	0.00832	0.00612	0.00350	0.00307	0.00087	0.00391	0.00261	0.00223	0.33776
1	0.00898	0.00578	0.03866	0.00726	0.03206	0.00512	0.01815	0.05307	0.02553	0.20404	0.03241	0.37769	0.01883	0.00899	0.00466	0.00148	0.00313	0.14582	0.00380	0.00454
2	0.01226	0.20878	0.03862	0.00846	0.01130	0.15148	0.00719	0.26439	0.22926	0.01604	0.00960	0.00964	0.00737	0.00441	0.00354	0.00111	0.00447	0.00325	0.00303	0.00579
3	0.00904	0.16470	0.31459	0.09119	0.21088	0.00977	0.01093	0.02453	0.00882	0.04405	0.06887	0.01024	0.00789	0.00400	0.00364	0.00115	0.00477	0.00331	0.00209	0.00551
4	0.00928	0.16164	0.32529	0.01057	0.06326	0.00943	0.12586	0.03535	0.00856	0.07553	0.00838	0.01123	0.00692	0.12524	0.00597	0.00154	0.00505	0.00354	0.00214	0.00522
5	0.03476	0.14009	0.47108	0.02645	0.01548	0.00979	0.12559	0.01259	0.00849	0.07680	0.00783	0.02714	0.00593	0.00393	0.00382	0.00121	0.01818	0.00328	0.00202	0.00553
6	0.00867	0.00617	0.00667	0.00625	0.00783	0.00677	0.00476	0.01500	0.42370	0.05414	0.01576	0.13419	0.01325	0.00605	0.00375	0.00123	0.00261	0.00512	0.27304	0.00502
7	0.00504	0.00388	0.00460	0.00464	0.00560	0.00345	0.00340	0.00632	0.00955	0.01258	0.36245	0.18778	0.35742	0.00958	0.00470	0.00134	0.00198	0.00833	0.00392	0.00345
8	0.00924	0.00865	0.01444	0.13001	0.64649	0.00890	0.01114	0.03872	0.00901	0.01265	0.00838	0.06906	0.00747	0.00420	0.00397	0.00121	0.00455	0.00403	0.00210	0.00577
9	0.00490	0.00348	0.00449	0.00525	0.00548	0.00328	0.00344	0.00550	0.00729	0.00968	0.02082	0.71782	0.04771	0.13254	0.00711	0.00190	0.00248	0.01029	0.00346	0.00307
10	0.01169	0.00799	0.00892	0.00773	0.01015	0.00876	0.00610	0.02040	0.62768	0.22055	0.01584	0.01431	0.01141	0.00520	0.00398	0.00130	0.00316	0.00431	0.00420	0.00632
11	0.00534	0.00413	0.00489	0.00467	0.00578	0.00374	0.00351	0.00715	0.03490	0.01387	0.52041	0.03193	0.32811	0.00863	0.00461	0.00127	0.00194	0.00744	0.00406	0.00363
12	0.00922	0.01072	0.13280	0.09375	0.61639	0.00926	0.04694	0.01193	0.00875	0.01250	0.00731	0.00960	0.00594	0.00355	0.00389	0.00119	0.00495	0.00346	0.00188	0.00595
13	0.04101	0.00978	0.01091	0.00838	0.01147	0.01042	0.00693	0.59474	0.01624	0.23345	0.01085	0.01033	0.00737	0.00471	0.00388	0.00119	0.00403	0.00359	0.00412	0.00660
14	0.00478	0.00341	0.00455	0.00546	0.00569	0.00318	0.00364	0.00546	0.00751	0.01001	0.02161	0.85966	0.02593	0.01228	0.00500	0.00159	0.00227	0.01114	0.00364	0.00318
15	0.00478	0.00341	0.00455	0.00546	0.00569	0.00318	0.00364	0.00546	0.00751	0.01001	0.02161	0.85966	0.02593	0.01228	0.00500	0.00159	0.00227	0.01114	0.00364	0.00318
16	0.00786	0.02028	0.84191	0.01117	0.01697	0.00910	0.01448	0.01242	0.00828	0.01242	0.00704	0.00828	0.00497	0.00372	0.00372	0.00124	0.00579	0.00290	0.00166	0.00579
17	0.00538	0.00400	0.00500	0.00475	0.00575	0.00363	0.00356	0.00707	0.01069	0.01476	0.68633	0.03087	0.18696	0.00837	0.00463	0.00125	0.00188	0.00731	0.00419	0.00363
18	0.00555	0.00401	0.00524	0.00493	0.00586	0.00370	0.00370	0.00740	0.01110	0.01572	0.83570	0.02928	0.03699	0.00801	0.00462	0.00123	0.00185	0.00709	0.00432	0.00370
19	0.01005	0.01063	0.02152	0.01546	0.01931	0.01023	0.70800	0.12753	0.01055	0.01428	0.00814	0.01041	0.00605	0.00350	0.00453	0.00130	0.00628	0.00447	0.00226	0.00548
20	0.01057	0.00994	0.00925	0.00830	0.01051	0.12826	0.00643	0.03919	0.69537	0.01563	0.01440	0.01343	0.01086	0.00512	0.00392	0.00128	0.00369	0.00414	0.00371	0.00598
21	0.88991	0.00758	0.00576	0.00516	0.00758	0.00879	0.00425	0.01152	0.00667	0.01759	0.00546	0.00637	0.00425	0.00364	0.00243	0.00121	0.00303	0.00212	0.00243	0.00425
22	0.01679	0.00743	0.00951	0.00731	0.01032	0.00693	0.00603	0.17177	0.01259	0.66564	0.03417	0.01298	0.00979	0.00490	0.00396	0.00121	0.00349	0.00394	0.00466	0.00660
23	0.00978	0.00967	0.01652	0.06085	0.64448	0.03227	0.12664	0.02918	0.00918	0.01280	0.00744	0.00978	0.00611	0.00353	0.00398	0.00119	0.00502	0.00363	0.00198	0.00596
24	0.01464	0.01868	0.01111	0.01010	0.01212	0.84648	0.00757	0.01565	0.01111	0.00959	0.00606	0.00707	0.00505	0.00404	0.00353	0.00101	0.00707	0.00252	0.00202	0.00454
25	0.00487	0.00405	0.00430	0.00443	0.00570	0.00348	0.00345	0.00598	0.00895	0.01075	0.03703	0.03865	0.72100	0.01006	0.00474	0.00139	0.00222	0.12197	0.00364	0.00335
26	0.00786	0.02028	0.84191	0.01117	0.01697	0.00910	0.01448	0.01242	0.00828	0.01242	0.00704	0.00828	0.00497	0.00372	0.00372	0.00124	0.00579	0.00290	0.00166	0.00579
27	0.00477	0.00395	0.00418	0.00419	0.00540	0.00336	0.00312	0.00587	0.00916	0.01128	0.15121	0.08041	0.68001	0.00978	0.00465	0.00133	0.00198	0.00826	0.00374	0.00336
28	0.01177	0.00792	0.00870	0.00729	0.00960	0.00860	0.00584	0.26696	0.28288	0.12851	0.03575	0.01379	0.01056	0.00511	0.00378	0.00120	0.00325	0.01906	0.16361	0.00583
29	0.00533	0.00389	0.00501	0.00496	0.00578	0.00357	0.00363	0.00688	0.01023	0.01421	0.61522	0.18938	0.09931	0.00899	0.00470	0.00131	0.00194	0.00796	0.00413	0.00357
30	0.00544	0.00399	0.00518	0.00553	0.00634	0.00374	0.00428	0.00687	0.00938	0.01256	0.31069	0.23469	0.14364	0.01006	0.00493	0.00148	0.00244	0.22141	0.00387	0.00350
31	0.00991	0.13015	0.04410	0.19978	0.38584	0.00995	0.02417	0.06605	0.00926	0.05619	0.00785	0.02572	0.00637	0.00389	0.00373	0.00117	0.00465	0.00346	0.00217	0.00560
32	0.00949	0.00752	0.00952	0.00869	0.12681	0.00630	0.00596	0.05625	0.02118	0.07851	0.00796	0.00893	0.00631	0.00328	0.00320	0.00076	0.00327	0.00271	0.00258	0.63078
33	0.37007	0.13611	0.13782	0.00794	0.02512	0.20268	0.00722	0.01275	0.00824	0.03021	0.00607	0.00707	0.00482	0.00381	0.00322	0.00113	0.02641	0.00242	0.00213	0.00475
34	0.06339	0.04453	0.04579	0.04676	0.11920	0.20778	0.02788	0.19881	0.01151	0.12955	0.00831	0.00912	0.00620	0.00433	0.00427	0.00118	0.05980	0.00320	0.00280	0.00559

[dist]
# distance from previous block
# <min> <max>
2	3

[block]
# block no. 4 follows, 69 sequences, length 24
# corresponding to MSA columns:
# 402-425
name=unknown_E
#
# <colnr> <probs for GDERKNQSTAVLIFYWHMCP>
#	G	D	E	R	K	N	Q	S	T	A	V	L	I	F	Y	W	H	M	C	P
0	0.00886	0.00782	0.04260	0.05783	0.08226	0.04648	0.04920	0.05011	0.20119	0.07198	0.05272	0.14442	0.08001	0.02363	0.03158	0.00152	0.00390	0.02478	0.00326	0.01585
1	0.00493	0.00353	0.00470	0.00542	0.00577	0.00329	0.00371	0.00581	0.00808	0.01090	0.14279	0.71589	0.02749	0.01161	0.00496	0.00154	0.00224	0.03031	0.00374	0.00327
2	0.01194	0.14338	0.09977	0.00859	0.01175	0.03953	0.00770	0.35057	0.24204	0.01803	0.01023	0.01017	0.00765	0.00452	0.00368	0.00116	0.00419	0.00344	0.00327	0.01841
3	0.01188	0.03062	0.01035	0.00993	0.10795	0.25648	0.00694	0.14162	0.11602	0.08706	0.12192	0.01366	0.03759	0.02550	0.00428	0.00122	0.00451	0.00403	0.00317	0.00528
4	0.00976	0.30215	0.34134	0.01120	0.10434	0.01148	0.06626	0.06920	0.00909	0.03106	0.00696	0.00811	0.00542	0.00364	0.00341	0.00110	0.00503	0.00288	0.00195	0.00563
5	0.00874	0.05171	0.48277	0.03664	0.04618	0.00944	0.05063	0.03342	0.18250	0.02604	0.00984	0.01055	0.02574	0.00421	0.00381	0.00125	0.00498	0.00347	0.00233	0.00577
6	0.00469	0.00394	0.00407	0.00410	0.00535	0.00333	0.00305	0.00572	0.00899	0.01086	0.08479	0.07959	0.74824	0.00994	0.00465	0.00133	0.00199	0.00835	0.00368	0.00333
7	0.11287	0.20310	0.10680	0.00960	0.09551	0.06195	0.03921	0.09351	0.02968	0.14784	0.04227	0.02512	0.00785	0.00426	0.00346	0.00113	0.00428	0.00332	0.00276	0.00550
8	0.01012	0.11919	0.09138	0.04270	0.34501	0.04363	0.11409	0.04005	0.05759	0.05435	0.03876	0.01036	0.00750	0.00389	0.00381	0.00116	0.00479	0.00358	0.00230	0.00572
9	0.00570	0.00454	0.00587	0.00580	0.00658	0.02388	0.00440	0.00693	0.00732	0.00996	0.09788	0.05264	0.15035	0.07807	0.49415	0.00438	0.02998	0.00547	0.00264	0.00345
10	0.00544	0.00400	0.00509	0.00482	0.00579	0.00365	0.00361	0.00719	0.01084	0.01511	0.74166	0.03028	0.13141	0.00824	0.00462	0.00124	0.00187	0.00723	0.00424	0.00365
11	0.05034	0.25254	0.27324	0.01107	0.12485	0.04039	0.04648	0.02660	0.08574	0.02454	0.02480	0.00901	0.00659	0.00385	0.00343	0.00112	0.00475	0.00304	0.00212	0.00552
12	0.00926	0.06869	0.52239	0.01195	0.09794	0.00964	0.05580	0.09586	0.02061	0.03924	0.00799	0.02903	0.00606	0.00402	0.00378	0.00122	0.00528	0.00331	0.00211	0.00582
13	0.00469	0.00396	0.00406	0.00406	0.00534	0.00333	0.00303	0.00572	0.00902	0.01086	0.08289	0.05756	0.77237	0.00988	0.00464	0.00133	0.00199	0.00828	0.00368	0.00333
14	0.00794	0.04597	0.81692	0.01104	0.01676	0.00930	0.01425	0.01239	0.00827	0.01232	0.00699	0.00822	0.00497	0.00371	0.00369	0.00123	0.00575	0.00287	0.00166	0.00577
15	0.01208	0.01023	0.13241	0.04275	0.19578	0.03953	0.13090	0.01485	0.03947	0.29995	0.02648	0.02043	0.00813	0.00425	0.00401	0.00123	0.00463	0.00388	0.00305	0.00596
16	0.00794	0.01972	0.79459	0.01148	0.01717	0.00915	0.06124	0.01242	0.00833	0.01242	0.00709	0.00841	0.00502	0.00370	0.00378	0.00125	0.00584	0.00300	0.00167	0.00576
17	0.00944	0.00914	0.01505	0.12122	0.70482	0.02882	0.01160	0.01174	0.00885	0.01236	0.00798	0.01033	0.02374	0.00369	0.00389	0.00118	0.00472	0.00357	0.00196	0.00589
18	0.01048	0.05175	0.24012	0.01338	0.11434	0.00915	0.28210	0.01402	0.05427	0.15765	0.00927	0.01036	0.00666	0.00382	0.00404	0.00124	0.00528	0.00378	0.00249	0.00582
19	0.01154	0.11052	0.11458	0.01095	0.08373	0.00835	0.20254	0.01382	0.00950	0.28533	0.01247	0.05334	0.05594	0.00471	0.00400	0.00122	0.00450	0.00432	0.00303	0.00564
20	0.00961	0.07899	0.53981	0.01064	0.01544	0.00914	0.09577	0.01320	0.00875	0.13538	0.00873	0.00959	0.01870	0.00399	0.00400	0.00123	0.02583	0.00327	0.00220	0.00574
21	0.01239	0.07015	0.08625	0.00970	0.06432	0.00772	0.12348	0.08027	0.01030	0.34453	0.01270	0.12639	0.01021	0.01796	0.00429	0.00129	0.00411	0.00475	0.00347	0.00571
22	0.00992	0.09343	0.49920	0.01081	0.06477	0.06927	0.02881	0.01325	0.00901	0.12065	0.03921	0.00960	0.00690	0.00400	0.00369	0.00118	0.00522	0.00317	0.00223	0.00569
23	0.00939	0.01066	0.09839	0.06479	0.54606	0.02268	0.16604	0.01212	0.00890	0.01252	0.00740	0.00973	0.00597	0.00351	0.00400	0.00121	0.00521	0.00363	0.00191	0.00587

[dist]
# distance from previous block
# <min> <max>
0	17

# created by:
# /st0/software/busco_prod/Augustus/scripts/msa2prfl.pl ./align_prep/23591.fa
