[name]
unknown

[dist]
# distance from previous block
# <min> <max>
0	353

[block]
# block no. 0 follows, 53 sequences, length 25
# corresponding to MSA columns:
# 394-418
name=unknown_A
#
# <colnr> <probs for GDERKNQSTAVLIFYWHMCP>
#	G	D	E	R	K	N	Q	S	T	A	V	L	I	F	Y	W	H	M	C	P
0	0.01006	0.05536	0.01098	0.02544	0.08425	0.12731	0.02166	0.01207	0.03730	0.03625	0.01916	0.21593	0.06483	0.02604	0.02701	0.00194	0.05064	0.16509	0.00358	0.00510
1	0.06127	0.00980	0.05710	0.00992	0.05322	0.03690	0.00774	0.11041	0.19350	0.03282	0.07412	0.07204	0.05978	0.04871	0.07398	0.00227	0.02832	0.05817	0.00396	0.00598
2	0.07428	0.01339	0.10521	0.06070	0.23382	0.04733	0.16488	0.15076	0.01288	0.05996	0.01010	0.02713	0.00782	0.00487	0.00479	0.00149	0.00611	0.00449	0.00302	0.00697
3	0.01153	0.01098	0.01821	0.15981	0.34697	0.01142	0.14838	0.05828	0.11991	0.01638	0.01059	0.01291	0.00829	0.00467	0.00487	0.00148	0.00584	0.00460	0.00283	0.04204
4	0.00683	0.00512	0.00768	0.00768	0.00853	0.00597	0.00597	0.00853	0.00768	0.01110	0.01280	0.01878	0.01195	0.03585	0.81308	0.00768	0.01280	0.00512	0.00256	0.00427
5	0.86579	0.00924	0.00702	0.00629	0.00924	0.01072	0.00518	0.01405	0.00813	0.02144	0.00666	0.00776	0.00518	0.00444	0.00296	0.00148	0.00370	0.00259	0.00296	0.00518
6	0.00620	0.00518	0.00590	0.00648	0.05043	0.00453	0.00440	0.00756	0.01090	0.01350	0.11628	0.07472	0.60083	0.04900	0.00649	0.00176	0.00274	0.02455	0.00433	0.00422
7	0.86579	0.00924	0.00702	0.00629	0.00924	0.01072	0.00518	0.01405	0.00813	0.02144	0.00666	0.00776	0.00518	0.00444	0.00296	0.00148	0.00370	0.00259	0.00296	0.00518
8	0.02052	0.00790	0.01076	0.00839	0.01189	0.00684	0.00687	0.02231	0.01341	0.75866	0.01930	0.06427	0.01300	0.00645	0.00488	0.00151	0.00399	0.00533	0.00583	0.00788
9	0.01217	0.01107	0.01832	0.05996	0.50351	0.01124	0.09982	0.10265	0.03042	0.03295	0.01090	0.06520	0.00935	0.00521	0.00494	0.00149	0.00566	0.00506	0.00290	0.00718
10	0.00592	0.00427	0.00562	0.00667	0.00707	0.00398	0.00457	0.00685	0.00936	0.01236	0.02759	0.73993	0.07679	0.01471	0.00610	0.00194	0.00284	0.05509	0.00443	0.00392
11	0.00644	0.00458	0.00616	0.00721	0.00771	0.00440	0.00531	0.00763	0.00957	0.01266	0.02542	0.55688	0.02962	0.05950	0.00725	0.00217	0.00335	0.23581	0.00434	0.00398
12	0.01465	0.00922	0.01271	0.01333	0.17199	0.00921	0.02289	0.18618	0.01409	0.23984	0.03248	0.05014	0.01431	0.02285	0.02851	0.00184	0.00496	0.13949	0.00440	0.00690
13	0.04260	0.01138	0.01909	0.10226	0.60092	0.02533	0.08515	0.02826	0.01095	0.01566	0.00894	0.01181	0.00733	0.00433	0.00475	0.00145	0.00594	0.00431	0.00241	0.00714
14	0.00762	0.00544	0.00760	0.00870	0.00977	0.00543	0.00755	0.00975	0.01092	0.01421	0.02535	0.08928	0.02769	0.01328	0.00658	0.00219	0.00433	0.73552	0.00440	0.00438
15	0.86579	0.00924	0.00702	0.00629	0.00924	0.01072	0.00518	0.01405	0.00813	0.02144	0.00666	0.00776	0.00518	0.00444	0.00296	0.00148	0.00370	0.00259	0.00296	0.00518
16	0.00699	0.00530	0.00777	0.00768	0.00843	0.00622	0.00591	0.00853	0.00761	0.01096	0.01272	0.01946	0.01216	0.09966	0.71603	0.00720	0.04539	0.00523	0.00257	0.00420
17	0.00899	0.00950	0.07838	0.05411	0.18776	0.00822	0.12804	0.01224	0.03610	0.01669	0.32105	0.02392	0.08051	0.00707	0.00528	0.00152	0.00456	0.00659	0.00369	0.00579
18	0.01159	0.01809	0.44554	0.01413	0.06311	0.01051	0.12130	0.06439	0.01155	0.10143	0.02736	0.02804	0.00902	0.00522	0.00484	0.00152	0.00635	0.02807	0.00289	0.02502
19	0.86579	0.00924	0.00702	0.00629	0.00924	0.01072	0.00518	0.01405	0.00813	0.02144	0.00666	0.00776	0.00518	0.00444	0.00296	0.00148	0.00370	0.00259	0.00296	0.00518
20	0.01138	0.03935	0.07767	0.10788	0.29395	0.01170	0.22335	0.05217	0.07984	0.01596	0.01054	0.03570	0.00852	0.00484	0.00497	0.00152	0.00622	0.00489	0.00271	0.00685
21	0.86579	0.00924	0.00702	0.00629	0.00924	0.01072	0.00518	0.01405	0.00813	0.02144	0.00666	0.00776	0.00518	0.00444	0.00296	0.00148	0.00370	0.00259	0.00296	0.00518
22	0.00581	0.00420	0.00550	0.00654	0.00690	0.00389	0.00438	0.00667	0.00926	0.01225	0.02778	0.77810	0.08149	0.01479	0.00607	0.00192	0.00275	0.01336	0.00444	0.00389
23	0.86579	0.00924	0.00702	0.00629	0.00924	0.01072	0.00518	0.01405	0.00813	0.02144	0.00666	0.00776	0.00518	0.00444	0.00296	0.00148	0.00370	0.00259	0.00296	0.00518
24	0.01389	0.00992	0.01373	0.06388	0.25310	0.01005	0.00975	0.18854	0.04280	0.15782	0.06677	0.06016	0.02573	0.00605	0.00485	0.00145	0.00470	0.00523	0.00398	0.05761

[dist]
# distance from previous block
# <min> <max>
0	1

[block]
# block no. 1 follows, 53 sequences, length 15
# corresponding to MSA columns:
# 420-434
name=unknown_B
#
# <colnr> <probs for GDERKNQSTAVLIFYWHMCP>
#	G	D	E	R	K	N	Q	S	T	A	V	L	I	F	Y	W	H	M	C	P
0	0.46539	0.01191	0.02844	0.01087	0.04678	0.10609	0.14266	0.05976	0.01046	0.03353	0.00865	0.04022	0.00706	0.00492	0.00395	0.00149	0.00526	0.00382	0.00298	0.00576
1	0.03202	0.01462	0.16230	0.08973	0.08838	0.04768	0.11850	0.26782	0.05418	0.04801	0.01081	0.01257	0.00805	0.00517	0.00483	0.00150	0.00610	0.01724	0.00338	0.00712
2	0.86579	0.00924	0.00702	0.00629	0.00924	0.01072	0.00518	0.01405	0.00813	0.02144	0.00666	0.00776	0.00518	0.00444	0.00296	0.00148	0.00370	0.00259	0.00296	0.00518
3	0.00599	0.00511	0.00568	0.06495	0.00852	0.00456	0.00449	0.00739	0.01083	0.01307	0.06782	0.06624	0.67703	0.01160	0.00562	0.00163	0.00276	0.02826	0.00429	0.00415
4	0.01054	0.02451	0.00930	0.00854	0.04757	0.00768	0.00626	0.08416	0.16287	0.10034	0.35457	0.06316	0.08400	0.00840	0.00525	0.00153	0.00327	0.00723	0.00491	0.00591
5	0.01515	0.04806	0.10778	0.01211	0.07249	0.22026	0.02782	0.09300	0.08200	0.16706	0.08099	0.01406	0.01172	0.00567	0.00486	0.00142	0.02067	0.00442	0.00372	0.00674
6	0.00991	0.00850	0.00991	0.00708	0.01133	0.00637	0.00566	0.01203	0.00991	0.01557	0.00850	0.00991	0.00708	0.00354	0.00354	0.00071	0.00354	0.00283	0.00283	0.86124
7	0.00571	0.00479	0.00496	0.00503	0.00652	0.00404	0.00373	0.00693	0.01087	0.01311	0.07666	0.10541	0.71145	0.01223	0.00568	0.00163	0.00244	0.01030	0.00447	0.00404
8	0.01059	0.04481	0.49972	0.01499	0.04676	0.07252	0.17811	0.01509	0.01058	0.01469	0.00939	0.04379	0.00741	0.00486	0.00478	0.00151	0.00711	0.00435	0.00225	0.00668
9	0.01294	0.00858	0.01070	0.00899	0.01171	0.00883	0.04318	0.01975	0.33463	0.21541	0.16631	0.02104	0.04617	0.00696	0.00525	0.00153	0.02249	0.00590	0.00492	0.04470
10	0.01167	0.01424	0.16077	0.01578	0.18126	0.09827	0.11052	0.04014	0.11240	0.02953	0.03081	0.01530	0.03800	0.03359	0.00594	0.00160	0.03851	0.01996	0.00299	0.03872
11	0.01117	0.00992	0.05989	0.04441	0.10085	0.00885	0.17791	0.05746	0.05521	0.10235	0.04341	0.15341	0.04271	0.00722	0.00522	0.00157	0.00506	0.03820	0.00365	0.07155
12	0.01030	0.01058	0.03978	0.60496	0.02786	0.09559	0.01225	0.04235	0.03585	0.01325	0.00984	0.03289	0.00798	0.00540	0.00482	0.00158	0.00636	0.03040	0.00248	0.00551
13	0.01112	0.00911	0.01243	0.01116	0.11699	0.00789	0.05708	0.03801	0.01051	0.06828	0.00977	0.01223	0.00814	0.05743	0.00571	0.00124	0.03215	0.00369	0.00299	0.52408
14	0.12596	0.01153	0.01748	0.01552	0.13031	0.05218	0.25557	0.09952	0.03302	0.04397	0.04705	0.01447	0.00996	0.00537	0.00551	0.00154	0.05485	0.03685	0.00314	0.03620

[dist]
# distance from previous block
# <min> <max>
0	4

[block]
# block no. 2 follows, 53 sequences, length 13
# corresponding to MSA columns:
# 439-451
name=unknown_C
#
# <colnr> <probs for GDERKNQSTAVLIFYWHMCP>
#	G	D	E	R	K	N	Q	S	T	A	V	L	I	F	Y	W	H	M	C	P
0	0.48181	0.01068	0.01001	0.12129	0.03311	0.09061	0.00753	0.05705	0.00962	0.01814	0.00763	0.01007	0.00627	0.03962	0.00552	0.00165	0.07790	0.00333	0.00280	0.00536
1	0.01036	0.00676	0.04121	0.00763	0.00948	0.00588	0.00618	0.03513	0.04844	0.18361	0.19195	0.26274	0.06289	0.01048	0.00560	0.00171	0.00341	0.09627	0.00485	0.00542
2	0.86579	0.00924	0.00702	0.00629	0.00924	0.01072	0.00518	0.01405	0.00813	0.02144	0.00666	0.00776	0.00518	0.00444	0.00296	0.00148	0.00370	0.00259	0.00296	0.00518
3	0.00604	0.00442	0.00567	0.00628	0.00693	0.00406	0.00436	0.00727	0.01045	0.01403	0.22256	0.53780	0.12583	0.01333	0.00593	0.00179	0.00260	0.01194	0.00464	0.00406
4	0.86579	0.00924	0.00702	0.00629	0.00924	0.01072	0.00518	0.01405	0.00813	0.02144	0.00666	0.00776	0.00518	0.00444	0.00296	0.00148	0.00370	0.00259	0.00296	0.00518
5	0.19292	0.00778	0.00943	0.00857	0.01103	0.00791	0.02779	0.06900	0.03141	0.22339	0.01821	0.06614	0.01668	0.00860	0.00515	0.00176	0.00423	0.27958	0.00448	0.00591
6	0.03402	0.00696	0.00800	0.00857	0.06336	0.04619	0.00589	0.04567	0.01081	0.01459	0.09529	0.24980	0.12388	0.08347	0.00708	0.00189	0.00375	0.09668	0.00394	0.09015
7	0.10512	0.03367	0.03624	0.06824	0.16520	0.01229	0.00978	0.36924	0.01581	0.04335	0.02952	0.04995	0.00952	0.00565	0.00458	0.00145	0.00504	0.00456	0.00378	0.02702
8	0.09735	0.03720	0.20855	0.03276	0.04591	0.02800	0.03026	0.10929	0.04424	0.08110	0.06550	0.05636	0.01360	0.00686	0.00514	0.00160	0.02678	0.09965	0.00355	0.00631
9	0.06568	0.00967	0.03021	0.09247	0.16239	0.05738	0.00914	0.09032	0.04308	0.06063	0.08240	0.09655	0.04980	0.00771	0.00536	0.00162	0.02552	0.10044	0.00369	0.00594
10	0.07165	0.02730	0.03330	0.04549	0.07237	0.04302	0.06635	0.12388	0.10441	0.09709	0.04030	0.01789	0.07638	0.00654	0.00579	0.00155	0.07945	0.04103	0.00373	0.04249
11	0.12067	0.07976	0.01397	0.05844	0.04420	0.04148	0.04855	0.23071	0.08250	0.10119	0.02529	0.02941	0.00942	0.00641	0.02585	0.00162	0.04522	0.00436	0.00376	0.02718
12	0.06832	0.17510	0.07054	0.15242	0.09805	0.07098	0.03810	0.06626	0.03740	0.03047	0.03196	0.02901	0.05126	0.00584	0.00479	0.02548	0.00542	0.01737	0.00286	0.01836

[dist]
# distance from previous block
# <min> <max>
19	68

[block]
# block no. 3 follows, 53 sequences, length 10
# corresponding to MSA columns:
# 538-547
name=unknown_D
#
# <colnr> <probs for GDERKNQSTAVLIFYWHMCP>
#	G	D	E	R	K	N	Q	S	T	A	V	L	I	F	Y	W	H	M	C	P
0	0.03230	0.03869	0.09425	0.00852	0.02728	0.02131	0.00715	0.03788	0.03720	0.05488	0.07694	0.04611	0.08194	0.12481	0.23690	0.00368	0.03954	0.00582	0.00328	0.02152
1	0.03556	0.19550	0.16872	0.14489	0.09538	0.05089	0.02946	0.06896	0.07746	0.04067	0.01026	0.04379	0.00836	0.00517	0.00436	0.00142	0.00572	0.00416	0.00279	0.00651
2	0.02790	0.00801	0.00962	0.06915	0.13378	0.05540	0.00731	0.03279	0.10818	0.01481	0.05674	0.24904	0.18922	0.00959	0.00531	0.00164	0.00395	0.00835	0.00389	0.00532
3	0.00677	0.00512	0.00626	0.00697	0.03893	0.00468	0.00473	0.00846	0.03889	0.03743	0.10564	0.36470	0.32907	0.01237	0.00574	0.00173	0.00278	0.01084	0.00449	0.00441
4	0.01165	0.09138	0.15061	0.09343	0.12967	0.07902	0.12419	0.06322	0.03983	0.03342	0.02722	0.03279	0.03106	0.00621	0.02343	0.00164	0.02615	0.02588	0.00281	0.00638
5	0.08375	0.15274	0.17678	0.07976	0.10598	0.07104	0.05696	0.06164	0.04358	0.03811	0.00950	0.01209	0.00767	0.00527	0.00500	0.01634	0.03561	0.02912	0.00269	0.00639
6	0.00662	0.00450	0.00579	0.00646	0.00699	0.00421	0.00441	0.00755	0.00948	0.03868	0.07547	0.56252	0.07878	0.12198	0.00843	0.00224	0.00308	0.04451	0.00433	0.00397
7	0.06971	0.04491	0.29195	0.12545	0.14473	0.03139	0.15643	0.05208	0.01090	0.01579	0.00874	0.01103	0.00660	0.00448	0.00465	0.00150	0.00659	0.00406	0.00237	0.00664
8	0.02475	0.08661	0.03117	0.10531	0.12903	0.04726	0.00862	0.07676	0.03706	0.11603	0.04565	0.13486	0.11140	0.00758	0.00492	0.00152	0.00459	0.01714	0.00373	0.00603
9	0.01064	0.02373	0.08216	0.04348	0.07812	0.09031	0.02482	0.02953	0.02668	0.10792	0.01928	0.28874	0.06759	0.03964	0.02028	0.00186	0.00481	0.03119	0.00377	0.00547

[dist]
# distance from previous block
# <min> <max>
13	54

[block]
# block no. 4 follows, 53 sequences, length 23
# corresponding to MSA columns:
# 617-639
name=unknown_E
#
# <colnr> <probs for GDERKNQSTAVLIFYWHMCP>
#	G	D	E	R	K	N	Q	S	T	A	V	L	I	F	Y	W	H	M	C	P
0	0.01165	0.06805	0.21281	0.04860	0.15598	0.03103	0.03488	0.06481	0.05952	0.09289	0.05774	0.07271	0.05621	0.00625	0.00481	0.00150	0.00529	0.00533	0.00333	0.00663
1	0.00926	0.00644	0.00758	0.02999	0.00926	0.02747	0.00556	0.07154	0.06084	0.08384	0.10112	0.36228	0.07747	0.06214	0.00672	0.00190	0.00349	0.04023	0.02792	0.00495
2	0.05539	0.07208	0.25773	0.10653	0.20617	0.03093	0.01282	0.07198	0.02383	0.01598	0.02448	0.04435	0.02631	0.00548	0.00460	0.00149	0.00577	0.02480	0.00269	0.00657
3	0.01164	0.08320	0.11834	0.14474	0.10695	0.11122	0.03938	0.08260	0.06283	0.02738	0.05930	0.07206	0.01165	0.00721	0.03947	0.00174	0.00608	0.00498	0.00303	0.00618
4	0.01064	0.00766	0.02646	0.00908	0.05230	0.03406	0.02735	0.04466	0.07011	0.15150	0.10016	0.25458	0.11467	0.03918	0.02238	0.00188	0.01505	0.00834	0.00441	0.00553
5	0.01864	0.00649	0.00839	0.05231	0.03702	0.02543	0.02849	0.01068	0.06948	0.04540	0.13556	0.19545	0.15487	0.05779	0.10863	0.00259	0.01631	0.01768	0.00397	0.00480
6	0.12733	0.07818	0.10773	0.04096	0.05563	0.09945	0.09132	0.06170	0.06258	0.06681	0.01241	0.13697	0.01117	0.00644	0.00481	0.00152	0.02026	0.00538	0.00324	0.00611
7	0.02708	0.11243	0.22589	0.07207	0.24991	0.01204	0.06153	0.04661	0.01082	0.04080	0.03062	0.01179	0.00807	0.00548	0.02228	0.00159	0.04761	0.00407	0.00252	0.00677
8	0.00596	0.00431	0.00558	0.00654	0.00696	0.00402	0.00446	0.00686	0.00928	0.01222	0.02757	0.68181	0.09546	0.05645	0.00702	0.00206	0.00292	0.05228	0.00436	0.00387
9	0.05074	0.03193	0.08023	0.02432	0.06588	0.11441	0.03713	0.08556	0.07456	0.02568	0.04970	0.21617	0.08592	0.00850	0.00509	0.00159	0.00480	0.02844	0.00370	0.00566
10	0.05619	0.19753	0.19013	0.07750	0.12021	0.07250	0.06654	0.01507	0.05031	0.03008	0.01047	0.02808	0.02680	0.00516	0.00452	0.00142	0.01765	0.02091	0.00257	0.00636
11	0.02043	0.00629	0.03415	0.00739	0.04569	0.00549	0.00542	0.03054	0.02942	0.04071	0.22420	0.14408	0.31697	0.02657	0.03933	0.00191	0.00339	0.00890	0.00440	0.00474
12	0.04999	0.04549	0.05522	0.01077	0.03227	0.07902	0.11720	0.09445	0.04781	0.07664	0.03904	0.01733	0.04560	0.03363	0.09272	0.03918	0.02620	0.03097	0.06067	0.00579
13	0.07007	0.11645	0.11199	0.06168	0.12549	0.12881	0.02730	0.09524	0.06749	0.04839	0.01103	0.01239	0.03360	0.00652	0.03944	0.00169	0.02896	0.00404	0.00296	0.00647
14	0.01116	0.09555	0.26682	0.11338	0.11558	0.04806	0.11732	0.04265	0.03107	0.03189	0.01001	0.05454	0.00824	0.00522	0.00499	0.00150	0.02842	0.00453	0.00254	0.00653
15	0.00697	0.00471	0.00615	0.00651	0.00718	0.00450	0.00463	0.00770	0.00968	0.03446	0.13378	0.38245	0.13980	0.03549	0.00857	0.12896	0.02517	0.04528	0.00414	0.00388
16	0.04351	0.17686	0.12126	0.03441	0.05669	0.07938	0.07395	0.09888	0.11207	0.06667	0.03446	0.03532	0.01042	0.00560	0.00450	0.00143	0.00553	0.02913	0.00329	0.00661
17	0.01280	0.04677	0.08270	0.08279	0.11936	0.02417	0.06355	0.17518	0.10858	0.08928	0.02560	0.10392	0.03106	0.00649	0.00492	0.00153	0.00514	0.00563	0.00375	0.00679
18	0.00769	0.00538	0.00630	0.00629	0.00763	0.00500	0.00460	0.04457	0.03056	0.06966	0.06706	0.30416	0.34055	0.03953	0.03653	0.00203	0.00327	0.01016	0.00448	0.00454
19	0.01181	0.18506	0.05264	0.07488	0.12015	0.08436	0.17370	0.07494	0.01177	0.01500	0.05372	0.01476	0.06743	0.00593	0.02008	0.00153	0.01854	0.00474	0.00278	0.00618
20	0.02517	0.06067	0.04772	0.09764	0.05237	0.07320	0.07487	0.11916	0.02966	0.12615	0.03520	0.11640	0.06729	0.00714	0.00527	0.00155	0.02800	0.02265	0.00371	0.00617
21	0.03157	0.06311	0.11762	0.36875	0.13711	0.03287	0.08931	0.04319	0.02571	0.01436	0.00922	0.02963	0.00732	0.00484	0.00469	0.00151	0.00627	0.00435	0.00240	0.00614
22	0.00863	0.03203	0.19786	0.02820	0.05095	0.02718	0.03863	0.03657	0.05338	0.01463	0.06012	0.24748	0.13405	0.00921	0.00552	0.00166	0.02230	0.02259	0.00356	0.00547

[dist]
# distance from previous block
# <min> <max>
0	3

[block]
# block no. 5 follows, 53 sequences, length 10
# corresponding to MSA columns:
# 643-652
name=unknown_F
#
# <colnr> <probs for GDERKNQSTAVLIFYWHMCP>
#	G	D	E	R	K	N	Q	S	T	A	V	L	I	F	Y	W	H	M	C	P
0	0.03833	0.14106	0.23217	0.03456	0.08670	0.10842	0.11249	0.03157	0.02574	0.06191	0.03459	0.01266	0.03253	0.00558	0.02041	0.00153	0.00639	0.00417	0.00272	0.00647
1	0.02999	0.04199	0.06295	0.00954	0.02842	0.10285	0.05313	0.03528	0.07312	0.04259	0.03490	0.15927	0.03175	0.11002	0.10847	0.00268	0.00596	0.02581	0.00339	0.03790
2	0.05176	0.06798	0.29767	0.04574	0.09989	0.03641	0.17524	0.05737	0.03126	0.05192	0.00943	0.01122	0.00704	0.00469	0.00501	0.00150	0.03235	0.00413	0.00260	0.00679
3	0.00779	0.05366	0.10403	0.04248	0.02450	0.00702	0.03084	0.03011	0.04187	0.01409	0.07819	0.29410	0.16747	0.03140	0.00595	0.00177	0.00392	0.05202	0.00386	0.00492
4	0.05073	0.08689	0.12534	0.07799	0.20268	0.06620	0.08432	0.08053	0.01143	0.03063	0.01138	0.05090	0.04079	0.00628	0.02557	0.00163	0.03283	0.00469	0.00276	0.00642
5	0.06563	0.11912	0.18760	0.07288	0.01706	0.05593	0.09289	0.08144	0.09574	0.09811	0.01082	0.01196	0.00807	0.00611	0.03313	0.00168	0.02797	0.00407	0.00312	0.00665
6	0.04097	0.00874	0.09903	0.00903	0.05355	0.02830	0.00721	0.04093	0.05230	0.06354	0.05552	0.26509	0.10808	0.01114	0.05116	0.00199	0.00437	0.03458	0.05921	0.00528
7	0.01318	0.09451	0.15524	0.03270	0.05661	0.12008	0.07281	0.12653	0.06186	0.08314	0.05930	0.03893	0.03166	0.00651	0.02466	0.00159	0.00596	0.00476	0.00338	0.00657
8	0.07312	0.10656	0.11852	0.10575	0.07859	0.07227	0.07537	0.04480	0.04307	0.08453	0.01227	0.07759	0.03436	0.00598	0.00514	0.00151	0.04643	0.00490	0.00304	0.00621
9	0.01240	0.10576	0.18119	0.05522	0.07673	0.03604	0.15499	0.11334	0.05402	0.06452	0.01085	0.01331	0.00846	0.00645	0.04235	0.00175	0.00646	0.02846	0.00300	0.02469

[dist]
# distance from previous block
# <min> <max>
21	77

[block]
# block no. 6 follows, 53 sequences, length 22
# corresponding to MSA columns:
# 742-763
name=unknown_G
#
# <colnr> <probs for GDERKNQSTAVLIFYWHMCP>
#	G	D	E	R	K	N	Q	S	T	A	V	L	I	F	Y	W	H	M	C	P
0	0.00936	0.05163	0.04101	0.04526	0.03060	0.08899	0.02409	0.03710	0.06683	0.01426	0.04006	0.28771	0.05948	0.00979	0.00532	0.00165	0.00440	0.11283	0.00377	0.06588
1	0.04030	0.06978	0.09121	0.01245	0.12525	0.06604	0.04321	0.05209	0.06968	0.09627	0.04610	0.04873	0.02644	0.02570	0.00535	0.00146	0.02935	0.02079	0.00336	0.12644
2	0.00844	0.00827	0.08944	0.00857	0.04686	0.02747	0.00669	0.06449	0.01078	0.02726	0.07944	0.26695	0.11640	0.08863	0.05725	0.00227	0.00445	0.01673	0.02552	0.04408
3	0.03585	0.11499	0.09936	0.06464	0.06165	0.04799	0.00889	0.17534	0.03271	0.04527	0.03457	0.07531	0.07355	0.04814	0.00556	0.00157	0.00494	0.00523	0.00344	0.06100
4	0.03569	0.35222	0.08730	0.00936	0.01301	0.11646	0.00867	0.11376	0.06866	0.04827	0.03745	0.03282	0.04664	0.00554	0.00406	0.00129	0.00530	0.00406	0.00311	0.00635
5	0.01051	0.15572	0.11668	0.02443	0.10488	0.04678	0.00921	0.03169	0.03241	0.02821	0.05591	0.03789	0.03691	0.05996	0.08083	0.00216	0.05933	0.01938	0.00286	0.08427
6	0.01204	0.19224	0.15001	0.01093	0.06285	0.05398	0.02935	0.11027	0.07390	0.03634	0.02474	0.02940	0.03034	0.07381	0.00593	0.00158	0.00527	0.00434	0.00306	0.08963
7	0.05984	0.03068	0.05101	0.03000	0.03301	0.06055	0.03250	0.06602	0.05968	0.06692	0.05669	0.33434	0.05874	0.00963	0.00551	0.00167	0.02554	0.00831	0.00398	0.00539
8	0.03740	0.00680	0.00819	0.02701	0.00965	0.03011	0.03213	0.03344	0.06979	0.10042	0.29055	0.13408	0.18256	0.00951	0.00538	0.00158	0.00328	0.00824	0.00468	0.00518
9	0.01227	0.40664	0.09545	0.06545	0.05106	0.01437	0.10661	0.05327	0.01082	0.05268	0.00924	0.03701	0.00777	0.00474	0.00401	0.00127	0.00552	0.00385	0.02803	0.02995
10	0.05246	0.06182	0.17571	0.06212	0.20224	0.03431	0.02322	0.16874	0.05723	0.01806	0.01199	0.06870	0.03127	0.00574	0.00465	0.00148	0.00551	0.00480	0.00312	0.00682
11	0.02926	0.00538	0.00649	0.00665	0.00779	0.00519	0.00482	0.02193	0.06361	0.06776	0.12919	0.38349	0.13775	0.04934	0.00648	0.00187	0.00300	0.03722	0.02815	0.00461
12	0.00899	0.00543	0.00657	0.00625	0.00753	0.00522	0.00464	0.02529	0.02019	0.10843	0.13348	0.05720	0.14582	0.19733	0.07170	0.00272	0.00411	0.06835	0.11621	0.00455
13	0.04823	0.00747	0.00886	0.00762	0.00999	0.00732	0.00603	0.15339	0.02734	0.22229	0.15825	0.11551	0.15210	0.00936	0.02136	0.00170	0.00371	0.02852	0.00493	0.00602
14	0.03741	0.05044	0.01334	0.02597	0.06920	0.06565	0.05961	0.19423	0.11113	0.11537	0.01443	0.03537	0.03163	0.03977	0.05079	0.00196	0.01668	0.03038	0.03004	0.00660
15	0.00894	0.00546	0.00690	0.00672	0.00806	0.00505	0.01496	0.03162	0.01073	0.13392	0.07074	0.30564	0.19355	0.08384	0.03004	0.00214	0.00349	0.03995	0.03353	0.00471
16	0.00792	0.00640	0.03079	0.02622	0.02914	0.02581	0.00550	0.02812	0.02981	0.05488	0.16268	0.31988	0.17916	0.06302	0.00679	0.00187	0.00332	0.00972	0.00435	0.00463
17	0.05052	0.02425	0.06086	0.11500	0.18496	0.03155	0.09698	0.13205	0.02465	0.12129	0.01187	0.04111	0.02145	0.00624	0.02538	0.00167	0.03530	0.00477	0.00332	0.00677
18	0.01140	0.14175	0.16680	0.03442	0.11367	0.03512	0.02241	0.06289	0.05232	0.03028	0.03674	0.01228	0.02237	0.00475	0.00417	0.00122	0.00506	0.00383	0.02827	0.21027
19	0.02085	0.01123	0.16552	0.04953	0.09501	0.02234	0.06941	0.01331	0.09374	0.03228	0.03149	0.09427	0.08597	0.03183	0.11969	0.00249	0.00616	0.00598	0.02077	0.02813
20	0.00641	0.00467	0.00571	0.00607	0.00667	0.00450	0.00410	0.00759	0.02745	0.01245	0.11518	0.33977	0.14222	0.22910	0.06351	0.00291	0.00383	0.01001	0.00402	0.00383
21	0.02391	0.09700	0.15242	0.03475	0.16788	0.06329	0.03154	0.11514	0.02328	0.04944	0.01253	0.10004	0.02891	0.00611	0.00465	0.00143	0.00542	0.02109	0.00312	0.05803

[dist]
# distance from previous block
# <min> <max>
9	24

[block]
# block no. 7 follows, 53 sequences, length 15
# corresponding to MSA columns:
# 809-823
name=unknown_H
#
# <colnr> <probs for GDERKNQSTAVLIFYWHMCP>
#	G	D	E	R	K	N	Q	S	T	A	V	L	I	F	Y	W	H	M	C	P
0	0.03389	0.00704	0.00874	0.00827	0.03336	0.02124	0.04190	0.05235	0.07737	0.06151	0.17324	0.15451	0.19536	0.03029	0.00605	0.00170	0.01810	0.04034	0.01617	0.01857
1	0.00682	0.00522	0.00631	0.02064	0.00790	0.00508	0.00478	0.03733	0.05039	0.01377	0.08411	0.39043	0.22398	0.05597	0.04889	0.00223	0.00350	0.02401	0.00431	0.00432
2	0.01243	0.11092	0.05301	0.06076	0.05238	0.11252	0.03937	0.12744	0.04518	0.05312	0.07149	0.07945	0.03271	0.00642	0.00466	0.00139	0.00514	0.03075	0.00348	0.09738
3	0.01040	0.01105	0.12632	0.04258	0.02931	0.02919	0.07797	0.07455	0.14128	0.05338	0.04766	0.06086	0.15360	0.05862	0.00671	0.00180	0.03186	0.03318	0.00375	0.00594
4	0.00699	0.00564	0.00649	0.00700	0.00766	0.03898	0.00495	0.00848	0.03741	0.01305	0.06864	0.53328	0.10731	0.03474	0.00678	0.00190	0.04410	0.02615	0.03624	0.00421
5	0.05459	0.03274	0.02594	0.05696	0.09084	0.14161	0.08201	0.10175	0.04402	0.03384	0.05417	0.09318	0.09915	0.00725	0.00534	0.00155	0.03299	0.03276	0.00347	0.00585
6	0.02761	0.07435	0.07888	0.10350	0.09667	0.02787	0.09978	0.12983	0.04817	0.05558	0.01158	0.06054	0.02120	0.00545	0.00479	0.00140	0.01937	0.00470	0.00317	0.12556
7	0.00804	0.00674	0.04714	0.00718	0.00865	0.03708	0.03279	0.00899	0.00993	0.05405	0.08820	0.20294	0.24769	0.01307	0.03987	0.16732	0.00399	0.00836	0.00378	0.00418
8	0.01074	0.00814	0.01072	0.03809	0.10659	0.02533	0.03998	0.09953	0.04346	0.09380	0.16325	0.08594	0.17204	0.00826	0.00561	0.00155	0.03647	0.00705	0.03768	0.00578
9	0.03719	0.20179	0.20374	0.02715	0.04845	0.05124	0.03369	0.06199	0.03930	0.04382	0.02452	0.03830	0.02769	0.02057	0.06427	0.00192	0.00609	0.04255	0.00289	0.02286
10	0.00867	0.07089	0.08030	0.03336	0.04687	0.01854	0.00721	0.04345	0.04983	0.02989	0.09617	0.22139	0.10946	0.06119	0.05365	0.00218	0.00454	0.05353	0.00379	0.00509
11	0.00767	0.00665	0.03524	0.00761	0.02337	0.04573	0.00551	0.04128	0.00979	0.01313	0.07605	0.36112	0.03808	0.14311	0.13881	0.00314	0.00523	0.00908	0.02509	0.00430
12	0.05615	0.07068	0.03642	0.18316	0.07574	0.04739	0.06475	0.24381	0.04648	0.04582	0.01048	0.02655	0.00806	0.00516	0.00454	0.00143	0.00555	0.00426	0.01773	0.04583
13	0.00958	0.05116	0.08810	0.03339	0.04154	0.00903	0.03438	0.08319	0.09921	0.01542	0.07123	0.01694	0.01285	0.03239	0.32551	0.00395	0.00805	0.00492	0.00315	0.05600
14	0.07216	0.09204	0.03630	0.13575	0.01467	0.02956	0.07317	0.05408	0.01074	0.05501	0.07440	0.06664	0.09512	0.09641	0.00741	0.00189	0.03981	0.03624	0.00332	0.00526

[dist]
# distance from previous block
# <min> <max>
0	23

[block]
# block no. 8 follows, 53 sequences, length 12
# corresponding to MSA columns:
# 858-869
name=unknown_I
#
# <colnr> <probs for GDERKNQSTAVLIFYWHMCP>
#	G	D	E	R	K	N	Q	S	T	A	V	L	I	F	Y	W	H	M	C	P
0	0.04127	0.06699	0.01340	0.01074	0.01345	0.38124	0.00846	0.15404	0.07022	0.08667	0.01029	0.01134	0.00806	0.02810	0.00554	0.00145	0.05380	0.00377	0.02490	0.00628
1	0.01049	0.04574	0.04866	0.16728	0.12239	0.03514	0.04417	0.09048	0.01102	0.01497	0.01249	0.08645	0.02959	0.02657	0.04777	0.00193	0.07872	0.04378	0.02265	0.05968
2	0.00951	0.05516	0.00898	0.00752	0.00898	0.03446	0.00553	0.04354	0.20599	0.01376	0.03349	0.07783	0.03121	0.21109	0.07945	0.12123	0.00495	0.00595	0.00345	0.03793
3	0.01083	0.26716	0.13220	0.01354	0.01771	0.01322	0.30571	0.01383	0.01009	0.01339	0.00966	0.05847	0.00847	0.00730	0.06573	0.00191	0.03758	0.00476	0.00236	0.00608
4	0.01570	0.01224	0.04721	0.01114	0.04763	0.03477	0.00887	0.36174	0.24470	0.11735	0.01478	0.03840	0.01099	0.00612	0.00482	0.00151	0.00480	0.00489	0.00464	0.00769
5	0.00852	0.00627	0.00810	0.00781	0.00912	0.02286	0.03135	0.03152	0.07253	0.05891	0.15093	0.22615	0.05513	0.06273	0.14685	0.00294	0.00520	0.08410	0.00417	0.00482
6	0.00599	0.00464	0.00548	0.00591	0.00693	0.00413	0.00429	0.00725	0.01061	0.01356	0.13813	0.33407	0.36991	0.01292	0.00587	0.00176	0.00265	0.05730	0.00454	0.00406
7	0.00910	0.00638	0.00914	0.00829	0.00958	0.00684	0.05077	0.06890	0.00953	0.07499	0.01486	0.11796	0.01457	0.16813	0.38024	0.00497	0.03138	0.00639	0.00326	0.00473
8	0.03990	0.09076	0.05011	0.11732	0.11822	0.08611	0.11085	0.16341	0.04238	0.01729	0.01100	0.01272	0.03810	0.00520	0.00499	0.00144	0.03649	0.00433	0.02377	0.02560
9	0.01092	0.00963	0.04252	0.06648	0.08233	0.06195	0.07659	0.08902	0.04911	0.05979	0.03419	0.10417	0.09670	0.03749	0.02570	0.03022	0.02334	0.01723	0.07698	0.00563
10	0.00665	0.00464	0.00579	0.00589	0.00668	0.00442	0.00416	0.00734	0.00936	0.01238	0.13858	0.14199	0.24479	0.10980	0.10984	0.15080	0.00428	0.00825	0.02072	0.00365
11	0.01021	0.00835	0.04431	0.03451	0.08297	0.02972	0.02054	0.12708	0.01108	0.05080	0.01516	0.14703	0.02692	0.14954	0.14300	0.03983	0.00605	0.01607	0.03168	0.00517

[dist]
# distance from previous block
# <min> <max>
0	1

[block]
# block no. 9 follows, 53 sequences, length 6
# corresponding to MSA columns:
# 871-874,880,881
name=unknown_J
#
# <colnr> <probs for GDERKNQSTAVLIFYWHMCP>
#	G	D	E	R	K	N	Q	S	T	A	V	L	I	F	Y	W	H	M	C	P
0	0.01130	0.01145	0.05218	0.11866	0.23437	0.09361	0.09509	0.02947	0.01115	0.04335	0.03468	0.04742	0.04469	0.00633	0.02514	0.00158	0.00584	0.02036	0.01911	0.09422
1	0.00692	0.00514	0.00618	0.00647	0.00743	0.00487	0.00466	0.05826	0.01095	0.01436	0.12912	0.38269	0.20906	0.07271	0.00722	0.00199	0.00303	0.06025	0.00445	0.00424
2	0.01049	0.08284	0.09326	0.14823	0.09436	0.01056	0.08978	0.09884	0.01156	0.01604	0.06194	0.08067	0.03980	0.00635	0.00536	0.00151	0.05130	0.00543	0.08577	0.00591
3	0.03086	0.06141	0.08890	0.07657	0.09889	0.10424	0.06440	0.06476	0.01123	0.05278	0.01025	0.05703	0.00880	0.02563	0.02776	0.00157	0.02966	0.00436	0.00287	0.17804
4	0.00957	0.00745	0.05037	0.00757	0.00928	0.00699	0.00608	0.09090	0.06382	0.07266	0.02048	0.09913	0.13489	0.14447	0.13854	0.04331	0.02540	0.02725	0.03686	0.00497
5	0.00863	0.00615	0.00674	0.00677	0.00756	0.05773	0.00475	0.04641	0.00946	0.03523	0.01997	0.24307	0.10497	0.13260	0.01157	0.21838	0.00393	0.03589	0.03639	0.00378

[dist]
# distance from previous block
# <min> <max>
2	22

[block]
# block no. 10 follows, 53 sequences, length 9
# corresponding to MSA columns:
# 910-918
name=unknown_K
#
# <colnr> <probs for GDERKNQSTAVLIFYWHMCP>
#	G	D	E	R	K	N	Q	S	T	A	V	L	I	F	Y	W	H	M	C	P
0	0.00927	0.00824	0.06304	0.07159	0.01172	0.05043	0.02711	0.02713	0.04263	0.08447	0.10908	0.20713	0.18087	0.00978	0.00540	0.00165	0.00397	0.05396	0.02741	0.00512
1	0.05354	0.09174	0.02828	0.04203	0.01375	0.04176	0.06498	0.22842	0.10709	0.05238	0.02411	0.08248	0.01161	0.06353	0.02524	0.00186	0.03796	0.00525	0.00373	0.02028
2	0.00737	0.03829	0.00731	0.00740	0.04807	0.00530	0.00505	0.00875	0.01034	0.04492	0.14687	0.32726	0.18545	0.04295	0.05419	0.00213	0.00356	0.00971	0.04062	0.00447
3	0.00728	0.00519	0.00661	0.00695	0.00759	0.00525	0.00490	0.00871	0.04126	0.04728	0.05777	0.48685	0.09346	0.11447	0.00886	0.00221	0.05922	0.02770	0.00420	0.00424
4	0.01019	0.08208	0.05767	0.00968	0.04281	0.00874	0.05214	0.13551	0.01224	0.05433	0.09263	0.28587	0.06995	0.01021	0.03055	0.00181	0.02598	0.00807	0.00397	0.00557
5	0.03736	0.16066	0.12042	0.01000	0.01299	0.09045	0.06796	0.03613	0.04627	0.03173	0.01493	0.03211	0.07938	0.08820	0.03671	0.00204	0.04695	0.07715	0.00301	0.00555
6	0.00761	0.00482	0.00716	0.06237	0.00879	0.00524	0.00531	0.00750	0.00716	0.00980	0.01134	0.05903	0.01136	0.09029	0.28770	0.39647	0.00721	0.00521	0.00243	0.00320
7	0.01085	0.06609	0.20909	0.05655	0.04605	0.07345	0.05242	0.08884	0.03255	0.04361	0.01626	0.16869	0.07027	0.00758	0.00501	0.00157	0.00540	0.03639	0.00331	0.00601
8	0.05051	0.16869	0.05852	0.02375	0.04380	0.07413	0.10648	0.09228	0.04982	0.01627	0.06306	0.03114	0.01030	0.00523	0.00482	0.00130	0.04312	0.00424	0.00300	0.14953

[dist]
# distance from previous block
# <min> <max>
7	12

[block]
# block no. 11 follows, 53 sequences, length 22
# corresponding to MSA columns:
# 931-947,949-953
name=unknown_L
#
# <colnr> <probs for GDERKNQSTAVLIFYWHMCP>
#	G	D	E	R	K	N	Q	S	T	A	V	L	I	F	Y	W	H	M	C	P
0	0.04796	0.28912	0.12896	0.01094	0.03732	0.09304	0.05500	0.07946	0.08979	0.03441	0.02833	0.01124	0.00846	0.01466	0.00482	0.01694	0.02290	0.00372	0.00285	0.02007
1	0.00977	0.00985	0.06198	0.01122	0.05998	0.07845	0.08674	0.03512	0.00972	0.03686	0.01417	0.09155	0.05103	0.10017	0.22841	0.00360	0.09743	0.00591	0.00291	0.00513
2	0.03090	0.00488	0.00564	0.00590	0.00685	0.00456	0.00412	0.00815	0.02890	0.02831	0.12575	0.31925	0.24995	0.11925	0.00807	0.00209	0.00291	0.01015	0.03027	0.00410
3	0.00890	0.03105	0.00806	0.00775	0.02620	0.00631	0.00567	0.01140	0.08834	0.09475	0.07230	0.25926	0.09271	0.10363	0.07140	0.00254	0.02185	0.07878	0.00419	0.00489
4	0.09264	0.06667	0.21402	0.08429	0.08476	0.06818	0.04495	0.08958	0.06710	0.03416	0.03344	0.01415	0.02822	0.03788	0.00529	0.00160	0.00573	0.01798	0.00298	0.00638
5	0.03646	0.03679	0.09873	0.05998	0.13998	0.13166	0.08448	0.08343	0.10011	0.05599	0.08283	0.01507	0.01192	0.00611	0.01942	0.00158	0.00593	0.01967	0.00332	0.00654
6	0.00798	0.00580	0.00760	0.00715	0.00836	0.00612	0.01906	0.01026	0.06208	0.05332	0.10926	0.04052	0.15531	0.12773	0.29419	0.00415	0.04001	0.00674	0.02980	0.00457
7	0.00608	0.00479	0.00549	0.00554	0.00682	0.00420	0.00411	0.00759	0.01151	0.01484	0.28272	0.14079	0.44595	0.01175	0.00573	0.00163	0.00246	0.02912	0.00470	0.00418
8	0.00921	0.00775	0.03792	0.00844	0.02886	0.02590	0.02037	0.10642	0.06103	0.03196	0.16134	0.11412	0.14568	0.03653	0.08946	0.02624	0.00475	0.07471	0.00415	0.00515
9	0.01084	0.04198	0.01203	0.04285	0.04748	0.00788	0.03736	0.04886	0.01075	0.04150	0.02073	0.01080	0.00781	0.00394	0.00384	0.00089	0.00407	0.00327	0.00296	0.64017
10	0.04239	0.00877	0.01310	0.08175	0.22927	0.02590	0.06273	0.03480	0.02783	0.07588	0.04735	0.05755	0.01250	0.11629	0.10712	0.00265	0.00607	0.00540	0.00312	0.03953
11	0.00591	0.00436	0.00539	0.00613	0.00669	0.00400	0.00413	0.00679	0.00944	0.01228	0.05117	0.57214	0.19193	0.08677	0.00761	0.00210	0.00285	0.01213	0.00432	0.00384
12	0.01010	0.03935	0.10957	0.07111	0.04625	0.04759	0.04742	0.08805	0.04181	0.03873	0.08063	0.12934	0.14092	0.00819	0.00543	0.00159	0.02782	0.03301	0.02743	0.00565
13	0.02868	0.06108	0.10042	0.10067	0.18959	0.02537	0.06342	0.07638	0.03033	0.09200	0.03183	0.05229	0.05729	0.01777	0.00539	0.00154	0.03131	0.00508	0.00319	0.02637
14	0.03992	0.01053	0.05645	0.05284	0.05408	0.04127	0.13519	0.08709	0.06537	0.22470	0.02665	0.09667	0.04107	0.03906	0.00579	0.00168	0.00515	0.00588	0.00403	0.00657
15	0.00605	0.00461	0.00553	0.00599	0.00690	0.00416	0.00430	0.00727	0.01039	0.01341	0.13870	0.35892	0.30723	0.04777	0.00668	0.00190	0.00276	0.05894	0.00448	0.00401
16	0.02910	0.10188	0.23402	0.01578	0.17408	0.13507	0.06284	0.12009	0.02631	0.02704	0.00899	0.01052	0.00696	0.00475	0.00470	0.00141	0.02311	0.00379	0.00268	0.00689
17	0.05406	0.06752	0.09308	0.02711	0.09366	0.10394	0.06032	0.15973	0.05705	0.06079	0.02563	0.06343	0.04875	0.00614	0.00513	0.00147	0.03975	0.00495	0.00341	0.02407
18	0.00915	0.00591	0.00793	0.00771	0.02338	0.03727	0.02110	0.03779	0.00763	0.01000	0.00998	0.04631	0.02775	0.01462	0.01607	0.66003	0.04742	0.00466	0.00236	0.00293
19	0.01281	0.21672	0.15905	0.02437	0.06222	0.15398	0.02821	0.09784	0.03678	0.03018	0.01060	0.02513	0.02677	0.06919	0.02513	0.00173	0.00621	0.00409	0.00277	0.00620
20	0.05718	0.00684	0.00716	0.00656	0.00840	0.05281	0.00484	0.00962	0.01060	0.01492	0.19126	0.20119	0.14198	0.06246	0.00624	0.00162	0.00330	0.00782	0.00395	0.20127
21	0.13042	0.10624	0.07150	0.03963	0.07742	0.04699	0.03341	0.12909	0.03301	0.03597	0.01270	0.07720	0.02932	0.00666	0.01874	0.00155	0.01588	0.02392	0.10433	0.00601

[dist]
# distance from previous block
# <min> <max>
2	13

[block]
# block no. 12 follows, 53 sequences, length 13
# corresponding to MSA columns:
# 976-988
name=unknown_M
#
# <colnr> <probs for GDERKNQSTAVLIFYWHMCP>
#	G	D	E	R	K	N	Q	S	T	A	V	L	I	F	Y	W	H	M	C	P
0	0.02524	0.03328	0.00927	0.00718	0.00993	0.02765	0.01816	0.04205	0.01023	0.03187	0.03780	0.14148	0.05353	0.11628	0.00697	0.00159	0.00381	0.00572	0.00335	0.41460
1	0.01175	0.03367	0.05117	0.08882	0.01488	0.06078	0.05223	0.11578	0.02649	0.06090	0.01260	0.04698	0.02802	0.04846	0.00707	0.00164	0.10577	0.06626	0.00326	0.16347
2	0.01150	0.03707	0.10119	0.06266	0.03518	0.06088	0.04480	0.13218	0.05567	0.06820	0.08710	0.05436	0.09658	0.03137	0.02874	0.00182	0.03739	0.04359	0.00372	0.00599
3	0.01020	0.00779	0.03588	0.00827	0.02453	0.04913	0.00616	0.04291	0.10574	0.05641	0.03246	0.01763	0.01162	0.13317	0.09232	0.31147	0.04207	0.00490	0.00302	0.00434
4	0.00677	0.00502	0.00618	0.00640	0.00725	0.00494	0.00457	0.03889	0.00980	0.01293	0.07655	0.27493	0.19536	0.15238	0.14738	0.00326	0.00484	0.03458	0.00393	0.00405
5	0.02720	0.00708	0.02731	0.07034	0.03936	0.05289	0.00589	0.00984	0.03369	0.03315	0.04684	0.20059	0.12532	0.23718	0.04234	0.00272	0.00457	0.02579	0.00355	0.00436
6	0.04174	0.40717	0.17565	0.04995	0.01566	0.08894	0.04832	0.01537	0.03349	0.03797	0.00817	0.00940	0.00662	0.00440	0.00381	0.00123	0.00584	0.00320	0.00237	0.04068
7	0.04925	0.02771	0.02775	0.00741	0.03948	0.00578	0.00513	0.00822	0.00816	0.01147	0.01761	0.17876	0.07178	0.25580	0.15958	0.09191	0.00563	0.02160	0.00312	0.00385
8	0.00890	0.00796	0.04764	0.03388	0.01111	0.02222	0.04523	0.08674	0.03155	0.02644	0.08001	0.23857	0.10289	0.04390	0.05164	0.00211	0.02273	0.06355	0.00390	0.06905
9	0.07789	0.07840	0.03868	0.00913	0.03467	0.05918	0.02225	0.16111	0.04425	0.06489	0.12702	0.11251	0.04740	0.02292	0.00506	0.00149	0.00431	0.00592	0.02292	0.06000
10	0.03117	0.02756	0.00707	0.00634	0.00766	0.00567	0.02630	0.04793	0.01044	0.01402	0.09798	0.15721	0.28288	0.14963	0.06307	0.00252	0.00393	0.00854	0.04581	0.00427
11	0.00681	0.00494	0.00607	0.00655	0.00719	0.00478	0.00448	0.04550	0.02507	0.01338	0.08297	0.51045	0.09168	0.14181	0.00881	0.00228	0.00317	0.02570	0.00428	0.00408
12	0.08870	0.13727	0.03555	0.01094	0.07208	0.09074	0.04768	0.07058	0.03642	0.03734	0.03328	0.02959	0.01060	0.03419	0.03784	0.00178	0.00549	0.00438	0.08925	0.12630

[dist]
# distance from previous block
# <min> <max>
2	15

[block]
# block no. 13 follows, 53 sequences, length 15
# corresponding to MSA columns:
# 1004-1018
name=unknown_N
#
# <colnr> <probs for GDERKNQSTAVLIFYWHMCP>
#	G	D	E	R	K	N	Q	S	T	A	V	L	I	F	Y	W	H	M	C	P
0	0.06126	0.05054	0.12922	0.08989	0.13636	0.01063	0.07001	0.04673	0.11878	0.09630	0.05113	0.04179	0.01155	0.00580	0.00497	0.00153	0.02239	0.02466	0.00338	0.02309
1	0.00729	0.00490	0.00604	0.00629	0.00735	0.00452	0.00452	0.00889	0.03081	0.06800	0.13440	0.39581	0.21685	0.01311	0.03409	0.00193	0.00306	0.01061	0.03711	0.00443
2	0.00875	0.02303	0.11329	0.05997	0.15624	0.00801	0.05592	0.03037	0.01082	0.01499	0.14241	0.13766	0.10388	0.05892	0.00660	0.00176	0.02365	0.00707	0.03121	0.00545
3	0.07101	0.13350	0.14030	0.03061	0.06283	0.08549	0.07760	0.09331	0.04534	0.06111	0.05765	0.07911	0.03003	0.00605	0.00458	0.00145	0.00545	0.00502	0.00325	0.00631
4	0.03387	0.07304	0.12694	0.03606	0.03321	0.07593	0.04831	0.01300	0.04133	0.07815	0.02133	0.13583	0.18578	0.00818	0.00532	0.00157	0.03156	0.02401	0.02103	0.00555
5	0.00725	0.00513	0.00616	0.00614	0.00732	0.00480	0.00454	0.02607	0.02438	0.04053	0.24080	0.18175	0.24509	0.07051	0.03234	0.00205	0.00316	0.04895	0.03866	0.00438
6	0.01075	0.01184	0.15351	0.05821	0.12226	0.04638	0.05449	0.06726	0.05420	0.06489	0.07960	0.04862	0.11469	0.02697	0.03380	0.00180	0.00531	0.00579	0.03354	0.00610
7	0.04652	0.10535	0.14891	0.03192	0.05567	0.06099	0.07061	0.09139	0.05979	0.13414	0.03094	0.03125	0.02478	0.00649	0.02404	0.00164	0.04344	0.02211	0.00341	0.00663
8	0.01109	0.01165	0.06436	0.16631	0.54619	0.03097	0.02926	0.01408	0.01068	0.01478	0.01020	0.01371	0.02642	0.00479	0.00481	0.00148	0.00589	0.02400	0.00241	0.00690
9	0.00681	0.00473	0.00598	0.00605	0.00642	0.00488	0.00399	0.00746	0.00786	0.01074	0.06981	0.09646	0.03863	0.45614	0.22661	0.02731	0.00637	0.00716	0.00312	0.00346
10	0.05161	0.03054	0.14384	0.04155	0.11806	0.01026	0.08321	0.12974	0.07843	0.03802	0.07696	0.07967	0.03658	0.02870	0.03019	0.00180	0.00538	0.00562	0.00347	0.00639
11	0.07573	0.08070	0.12371	0.06360	0.07529	0.11343	0.03609	0.14421	0.04186	0.09185	0.04044	0.02811	0.00941	0.00541	0.00477	0.00143	0.02817	0.00421	0.00332	0.02827
12	0.00697	0.00502	0.00682	0.00687	0.00743	0.00546	0.00498	0.00800	0.00796	0.01105	0.04688	0.06600	0.03640	0.26964	0.39137	0.03813	0.02702	0.04724	0.00298	0.00379
13	0.00712	0.00447	0.00538	0.00585	0.00657	0.00429	0.00417	0.00861	0.00995	0.01480	0.11085	0.35679	0.04436	0.06210	0.00630	0.00180	0.00274	0.05503	0.28470	0.00412
14	0.01166	0.15591	0.10485	0.07594	0.09109	0.08246	0.06666	0.09592	0.06193	0.01567	0.04877	0.04432	0.04735	0.00678	0.02322	0.00160	0.02183	0.03478	0.00306	0.00621

[dist]
# distance from previous block
# <min> <max>
7	31

[block]
# block no. 14 follows, 53 sequences, length 6
# corresponding to MSA columns:
# 1053-1058
name=unknown_O
#
# <colnr> <probs for GDERKNQSTAVLIFYWHMCP>
#	G	D	E	R	K	N	Q	S	T	A	V	L	I	F	Y	W	H	M	C	P
0	0.11429	0.20328	0.03829	0.00717	0.00929	0.05510	0.00594	0.01112	0.03039	0.01329	0.05177	0.14443	0.11663	0.13683	0.04095	0.00220	0.00458	0.00642	0.00323	0.00479
1	0.00805	0.00671	0.00827	0.04200	0.04435	0.04765	0.03268	0.01003	0.04102	0.01370	0.08550	0.23187	0.11187	0.10991	0.00805	0.00206	0.02736	0.09113	0.07329	0.00451
2	0.01115	0.12593	0.10792	0.05702	0.05288	0.05520	0.07129	0.06547	0.04585	0.05614	0.06731	0.05429	0.10611	0.02255	0.00595	0.00158	0.06250	0.02162	0.00330	0.00594
3	0.01010	0.00891	0.02613	0.00774	0.00928	0.10512	0.00590	0.08900	0.04721	0.03684	0.08726	0.07882	0.14648	0.18651	0.03854	0.00242	0.05386	0.00675	0.04825	0.00486
4	0.04676	0.00499	0.00663	0.00721	0.04310	0.00492	0.00479	0.00760	0.00842	0.01162	0.07411	0.12856	0.13956	0.06066	0.05403	0.35610	0.00410	0.03025	0.00318	0.00342
5	0.03045	0.04678	0.03261	0.16471	0.21646	0.00952	0.05680	0.04803	0.01144	0.05668	0.13495	0.05378	0.06130	0.00640	0.00508	0.00150	0.01905	0.00568	0.03277	0.00601

[dist]
# distance from previous block
# <min> <max>
7	13

[block]
# block no. 15 follows, 53 sequences, length 7
# corresponding to MSA columns:
# 1074-1078,1082,1083
name=unknown_P
#
# <colnr> <probs for GDERKNQSTAVLIFYWHMCP>
#	G	D	E	R	K	N	Q	S	T	A	V	L	I	F	Y	W	H	M	C	P
0	0.03446	0.09129	0.18543	0.02936	0.03927	0.05942	0.00946	0.03241	0.02784	0.12105	0.05701	0.01713	0.03514	0.07030	0.11925	0.00257	0.03772	0.02177	0.00319	0.00593
1	0.04556	0.07163	0.16254	0.03144	0.08203	0.06053	0.08193	0.13111	0.05258	0.07852	0.01162	0.07217	0.00964	0.00717	0.04060	0.00178	0.04450	0.00483	0.00322	0.00660
2	0.00914	0.05341	0.07144	0.00861	0.04969	0.04277	0.00685	0.06916	0.07839	0.03268	0.07484	0.11945	0.32395	0.00950	0.00525	0.00158	0.00382	0.03006	0.00407	0.00535
3	0.00868	0.00669	0.00723	0.00693	0.00846	0.03471	0.00521	0.07578	0.08534	0.03903	0.16279	0.18065	0.23164	0.05250	0.00644	0.00179	0.00329	0.04492	0.03302	0.00491
