[name]
unknown

[dist]
# distance from previous block
# <min> <max>
0	89

[block]
# block no. 0 follows, 72 sequences, length 10
# corresponding to MSA columns:
# 89-98
name=unknown_A
#
# <colnr> <probs for GDERKNQSTAVLIFYWHMCP>
#	G	D	E	R	K	N	Q	S	T	A	V	L	I	F	Y	W	H	M	C	P
0	0.04292	0.08833	0.11250	0.00719	0.00965	0.04460	0.00650	0.06923	0.15971	0.10953	0.11343	0.01646	0.05662	0.03103	0.00446	0.00127	0.02571	0.06248	0.00316	0.03521
1	0.07073	0.10351	0.25537	0.00879	0.02775	0.08975	0.05696	0.06437	0.06413	0.05039	0.06914	0.03405	0.04054	0.00449	0.00356	0.00112	0.00440	0.00361	0.00248	0.04486
2	0.02290	0.11357	0.10826	0.00727	0.00978	0.00790	0.04763	0.16365	0.04802	0.07869	0.12113	0.04594	0.11936	0.02856	0.01671	0.01418	0.00366	0.03486	0.00312	0.00480
3	0.04820	0.09715	0.10629	0.00711	0.02052	0.03691	0.02967	0.03682	0.07024	0.05780	0.08693	0.22579	0.06140	0.00866	0.07239	0.00165	0.00394	0.02122	0.00296	0.00435
4	0.00939	0.00901	0.01539	0.02328	0.84306	0.00901	0.01164	0.01164	0.00864	0.01239	0.00713	0.00939	0.00601	0.00338	0.00375	0.00113	0.00451	0.00338	0.00188	0.00601
5	0.00861	0.00821	0.01398	0.31626	0.55618	0.00881	0.01125	0.01095	0.00827	0.01144	0.00700	0.00964	0.00567	0.00352	0.00377	0.00117	0.00470	0.00338	0.00181	0.00538
6	0.00719	0.00686	0.01181	0.66106	0.02287	0.00818	0.09140	0.00957	0.00771	0.01003	0.03618	0.01189	0.02782	0.03576	0.00478	0.00137	0.03567	0.00379	0.00186	0.00418
7	0.00894	0.00855	0.01458	0.19140	0.67844	0.00889	0.01142	0.01125	0.00842	0.01185	0.00705	0.00953	0.00582	0.00346	0.00376	0.00115	0.00462	0.00338	0.00184	0.00565
8	0.00657	0.00526	0.00606	0.00601	0.02266	0.02435	0.00432	0.05817	0.13153	0.01289	0.21958	0.27668	0.10723	0.04135	0.02600	0.00150	0.00273	0.00712	0.00355	0.03644
9	0.05545	0.19193	0.31618	0.00828	0.01191	0.05441	0.02447	0.06154	0.05420	0.03193	0.07450	0.02467	0.03383	0.00432	0.00342	0.00109	0.00436	0.00335	0.00232	0.03786

[dist]
# distance from previous block
# <min> <max>
0	21

[block]
# block no. 1 follows, 72 sequences, length 21
# corresponding to MSA columns:
# 120-140
name=unknown_B
#
# <colnr> <probs for GDERKNQSTAVLIFYWHMCP>
#	G	D	E	R	K	N	Q	S	T	A	V	L	I	F	Y	W	H	M	C	P
0	0.05840	0.02224	0.02804	0.05504	0.28860	0.02769	0.08274	0.14017	0.03178	0.08770	0.06898	0.04182	0.00911	0.00435	0.00378	0.00115	0.00414	0.00390	0.00273	0.03763
1	0.04617	0.00811	0.04480	0.08829	0.14299	0.04762	0.02833	0.11005	0.04447	0.14511	0.10151	0.02434	0.10327	0.00511	0.00384	0.00116	0.00372	0.00432	0.00309	0.04371
2	0.04896	0.00622	0.00802	0.05191	0.09498	0.00584	0.01840	0.06125	0.02707	0.11506	0.14658	0.02810	0.14614	0.03738	0.00434	0.00117	0.00302	0.00465	0.00314	0.18778
3	0.02163	0.02150	0.01086	0.17061	0.17415	0.10222	0.02962	0.05516	0.08694	0.04668	0.11145	0.02560	0.01035	0.00527	0.02707	0.00130	0.04550	0.00388	0.00258	0.04762
4	0.09310	0.00822	0.03777	0.09892	0.10685	0.02644	0.00696	0.13827	0.01008	0.19000	0.03190	0.00993	0.00717	0.00394	0.00354	0.00104	0.01373	0.00315	0.00293	0.20605
5	0.01366	0.01026	0.01139	0.00941	0.06264	0.01113	0.00729	0.72389	0.01658	0.02240	0.00882	0.00904	0.00637	0.00436	0.00372	0.00110	0.00410	0.00333	0.00357	0.06694
6	0.06345	0.00831	0.01366	0.21096	0.57839	0.00873	0.01072	0.01140	0.00834	0.03998	0.00719	0.00947	0.00579	0.00353	0.00368	0.00116	0.00449	0.00331	0.00196	0.00550
7	0.00469	0.00377	0.00418	0.00425	0.00529	0.00326	0.00312	0.00577	0.00887	0.01119	0.20136	0.15681	0.55503	0.00956	0.00453	0.00130	0.00193	0.00818	0.00366	0.00326
8	0.00543	0.00367	0.00429	0.00436	0.00442	0.00370	0.00256	0.00558	0.00570	0.00764	0.01258	0.09373	0.01444	0.74141	0.07220	0.00366	0.00398	0.00586	0.00238	0.00243
9	0.01329	0.00959	0.01141	0.07412	0.10540	0.01045	0.00772	0.55029	0.06138	0.10324	0.00965	0.00988	0.00688	0.00441	0.00380	0.00116	0.00412	0.00350	0.00351	0.00621
10	0.00786	0.00674	0.00786	0.00562	0.00899	0.00506	0.00449	0.00955	0.00786	0.01236	0.00674	0.00786	0.00562	0.00281	0.00281	0.00056	0.00281	0.00225	0.00225	0.88990
11	0.00544	0.00373	0.00452	0.00457	0.00471	0.00384	0.00283	0.00573	0.00573	0.00777	0.01217	0.07453	0.01368	0.65807	0.17345	0.00400	0.00479	0.00557	0.00232	0.00255
12	0.00726	0.00699	0.01231	0.72785	0.02455	0.00833	0.10171	0.00978	0.00772	0.00996	0.00744	0.04593	0.00597	0.00406	0.00391	0.00128	0.00509	0.00380	0.00179	0.00427
13	0.00786	0.00551	0.00634	0.00561	0.00722	0.00547	0.00436	0.10415	0.13320	0.09184	0.34125	0.02469	0.23294	0.00719	0.00425	0.00122	0.00241	0.00610	0.00397	0.00444
14	0.00477	0.00365	0.00438	0.00463	0.00541	0.00326	0.00331	0.00583	0.00867	0.01134	0.24351	0.34619	0.32142	0.00997	0.00461	0.00136	0.00199	0.00875	0.00369	0.00326
15	0.79529	0.00770	0.00622	0.00541	0.00783	0.00887	0.00445	0.10268	0.00773	0.01779	0.00571	0.00649	0.00437	0.00364	0.00251	0.00117	0.00307	0.00221	0.00251	0.00437
16	0.01204	0.06680	0.01329	0.01081	0.03809	0.47278	0.14374	0.04075	0.00976	0.02178	0.00647	0.00800	0.00533	0.00446	0.01760	0.00118	0.10353	0.00298	0.01599	0.00463
17	0.00557	0.00408	0.00511	0.00482	0.00570	0.00389	0.00354	0.00761	0.05479	0.01417	0.67170	0.02749	0.06414	0.10365	0.00610	0.00148	0.00207	0.00662	0.00392	0.00355
18	0.01282	0.00964	0.01033	0.00827	0.01100	0.01072	0.00672	0.55538	0.25297	0.04413	0.01177	0.01130	0.02748	0.00485	0.00383	0.00119	0.00376	0.00378	0.00383	0.00625
19	0.01328	0.12100	0.01178	0.00899	0.01131	0.52508	0.00708	0.15630	0.08773	0.01238	0.00723	0.00781	0.00577	0.00405	0.00340	0.00101	0.00568	0.00273	0.00241	0.00496
20	0.21805	0.10062	0.14755	0.02383	0.03047	0.03798	0.04170	0.07344	0.01907	0.07416	0.00729	0.02073	0.00574	0.00434	0.01666	0.00118	0.06813	0.00288	0.00234	0.10384

[dist]
# distance from previous block
# <min> <max>
0	1

[block]
# block no. 2 follows, 72 sequences, length 7
# corresponding to MSA columns:
# 142-148
name=unknown_C
#
# <colnr> <probs for GDERKNQSTAVLIFYWHMCP>
#	G	D	E	R	K	N	Q	S	T	A	V	L	I	F	Y	W	H	M	C	P
0	0.00827	0.00711	0.00805	0.00616	0.00921	0.00619	0.00489	0.01230	0.22284	0.01327	0.00900	0.00950	0.00716	0.00342	0.00308	0.00075	0.00286	0.00278	0.00267	0.66051
1	0.00766	0.00546	0.00611	0.00552	0.00644	0.00572	0.00385	0.21962	0.00912	0.01215	0.01377	0.11526	0.06404	0.45902	0.04761	0.00273	0.00380	0.00565	0.00289	0.00356
2	0.01514	0.01122	0.04325	0.00828	0.01109	0.22706	0.00685	0.25690	0.01277	0.35316	0.01055	0.01002	0.00717	0.00441	0.00370	0.00111	0.00454	0.00330	0.00359	0.00589
3	0.00638	0.00533	0.00765	0.00960	0.22309	0.00511	0.00570	0.00837	0.03564	0.01327	0.39734	0.06260	0.16521	0.00713	0.00431	0.00123	0.00263	0.03182	0.00341	0.00420
4	0.45494	0.23147	0.01036	0.00615	0.00880	0.01071	0.00533	0.11687	0.09926	0.01567	0.00688	0.00739	0.00542	0.00376	0.00272	0.00109	0.00339	0.00247	0.00251	0.00481
5	0.00976	0.00774	0.00817	0.00733	0.00919	0.04386	0.00564	0.18110	0.38056	0.05452	0.01514	0.23337	0.01365	0.00670	0.00408	0.00130	0.00321	0.00569	0.00372	0.00529
6	0.00522	0.00384	0.00492	0.00531	0.00544	0.00399	0.00353	0.00568	0.00658	0.00889	0.01668	0.52243	0.01976	0.28603	0.01013	0.00224	0.07498	0.00846	0.00297	0.00292

[dist]
# distance from previous block
# <min> <max>
0	3

[block]
# block no. 3 follows, 72 sequences, length 29
# corresponding to MSA columns:
# 152-180
name=unknown_D
#
# <colnr> <probs for GDERKNQSTAVLIFYWHMCP>
#	G	D	E	R	K	N	Q	S	T	A	V	L	I	F	Y	W	H	M	C	P
0	0.76182	0.00898	0.00764	0.00711	0.00941	0.00954	0.00539	0.01259	0.00853	0.01879	0.00998	0.10200	0.00921	0.00638	0.00395	0.00175	0.00390	0.00401	0.00347	0.00555
1	0.01255	0.01063	0.01238	0.05737	0.07882	0.09069	0.08160	0.46956	0.07946	0.02865	0.00883	0.00949	0.00652	0.00435	0.00409	0.00117	0.03135	0.00348	0.00313	0.00587
2	0.00946	0.00840	0.00934	0.00829	0.01039	0.05524	0.05672	0.06596	0.56547	0.01507	0.01476	0.01755	0.01210	0.00573	0.00408	0.00133	0.00357	0.12748	0.00358	0.00551
3	0.00621	0.13493	0.00662	0.00459	0.00512	0.00545	0.00306	0.00647	0.00588	0.00767	0.01085	0.02147	0.01221	0.69287	0.05934	0.00337	0.00407	0.00491	0.00218	0.00274
4	0.00531	0.00400	0.00582	0.00585	0.00655	0.00451	0.00451	0.00662	0.00649	0.00917	0.04149	0.06363	0.06654	0.02556	0.71927	0.00535	0.00888	0.00479	0.00229	0.00336
5	0.01597	0.00410	0.00477	0.00451	0.00576	0.00361	0.00343	0.00724	0.00957	0.07960	0.34393	0.04976	0.42817	0.00849	0.00442	0.00125	0.00201	0.01594	0.00385	0.00362
6	0.00848	0.00550	0.00668	0.00591	0.00750	0.00553	0.00459	0.02697	0.21959	0.15256	0.48119	0.02186	0.02479	0.00653	0.00420	0.00121	0.00238	0.00564	0.00417	0.00472
7	0.00878	0.00729	0.00782	0.00706	0.00896	0.00826	0.00547	0.03310	0.64965	0.01582	0.14035	0.01620	0.01505	0.00549	0.00388	0.00125	0.00277	0.00462	0.05264	0.00551
8	0.01391	0.00956	0.01048	0.00811	0.01095	0.01037	0.00667	0.67084	0.01635	0.10912	0.05065	0.01092	0.01852	0.00478	0.00380	0.00114	0.00386	0.00368	0.03009	0.00618
9	0.00544	0.00397	0.00494	0.00467	0.00569	0.00363	0.00351	0.00720	0.02287	0.02688	0.66266	0.02944	0.18892	0.00802	0.00446	0.00121	0.00185	0.00699	0.00405	0.00359
10	0.79830	0.03421	0.00627	0.00517	0.00759	0.00848	0.00429	0.01172	0.00683	0.08066	0.00603	0.00668	0.00454	0.00360	0.00246	0.00116	0.00299	0.00219	0.00251	0.00431
11	0.00979	0.00945	0.01312	0.34990	0.21705	0.10159	0.07300	0.14425	0.00993	0.01278	0.00717	0.00940	0.00554	0.00382	0.00392	0.00119	0.01752	0.00336	0.00212	0.00509
12	0.01277	0.01031	0.01191	0.00931	0.01204	0.11430	0.13126	0.38298	0.09135	0.10688	0.00992	0.01080	0.00739	0.04956	0.00465	0.00129	0.00456	0.00369	0.01934	0.00568
13	0.00548	0.00376	0.00456	0.00452	0.00474	0.00383	0.00284	0.00592	0.00629	0.00861	0.12132	0.02378	0.01604	0.62600	0.14358	0.00372	0.00441	0.00547	0.00251	0.00263
14	0.00853	0.00899	0.01790	0.01305	0.01630	0.00851	0.60165	0.07399	0.00967	0.01291	0.05173	0.01498	0.13397	0.00449	0.00442	0.00126	0.00533	0.00504	0.00241	0.00486
15	0.00455	0.00381	0.00396	0.00404	0.00522	0.00322	0.00301	0.00553	0.00861	0.01038	0.06242	0.10017	0.73826	0.00974	0.00452	0.00131	0.00197	0.02254	0.00354	0.00321
16	0.00543	0.00401	0.00583	0.00583	0.00642	0.00460	0.00441	0.00660	0.00602	0.00861	0.01040	0.01623	0.01006	0.14072	0.74019	0.00577	0.00929	0.00426	0.00207	0.00324
17	0.01079	0.73882	0.01859	0.00683	0.01004	0.01451	0.00660	0.13557	0.00924	0.01119	0.00585	0.00654	0.00511	0.00344	0.00264	0.00086	0.00407	0.00224	0.00195	0.00511
18	0.01330	0.00560	0.00755	0.00628	0.00846	0.00494	0.00497	0.02481	0.01012	0.58428	0.07406	0.20036	0.02504	0.00654	0.00409	0.00126	0.00290	0.00560	0.00438	0.00548
19	0.04636	0.01180	0.01079	0.01064	0.13702	0.30829	0.00735	0.18985	0.01170	0.18802	0.00911	0.03638	0.00695	0.00437	0.00364	0.00110	0.00486	0.00333	0.00297	0.00546
20	0.01190	0.01307	0.00973	0.00875	0.01083	0.42054	0.00669	0.04353	0.40720	0.01291	0.01056	0.01042	0.00815	0.00452	0.00364	0.00113	0.00491	0.00336	0.00293	0.00523
21	0.00476	0.00336	0.00436	0.00511	0.00529	0.00317	0.00334	0.00532	0.00700	0.00933	0.01955	0.73694	0.02337	0.14152	0.00703	0.00186	0.00242	0.00998	0.00334	0.00296
22	0.00948	0.01029	0.01165	0.05000	0.01129	0.18580	0.02529	0.01047	0.00698	0.00925	0.00530	0.00812	0.00498	0.00587	0.01000	0.00149	0.62463	0.00316	0.00173	0.00422
23	0.00463	0.00342	0.00434	0.00501	0.00544	0.00312	0.00342	0.00540	0.00766	0.01004	0.06251	0.68525	0.16327	0.01130	0.00476	0.00148	0.00213	0.01013	0.00355	0.00312
24	0.00482	0.00344	0.00463	0.00551	0.00581	0.00325	0.00386	0.00562	0.00746	0.00990	0.02079	0.75561	0.02465	0.01170	0.00489	0.00157	0.00237	0.11747	0.00352	0.00313
25	0.00552	0.00368	0.00414	0.00414	0.00414	0.00368	0.00230	0.00552	0.00552	0.00735	0.01195	0.02482	0.01379	0.86672	0.01930	0.00368	0.00368	0.00552	0.00230	0.00230
26	0.00615	0.00499	0.00707	0.00794	0.13296	0.00500	0.00513	0.00788	0.00989	0.01399	0.59874	0.03456	0.07027	0.00715	0.00498	0.00123	0.06837	0.00617	0.00359	0.00397
27	0.01330	0.00973	0.01045	0.00819	0.01089	0.01073	0.00665	0.67945	0.07828	0.03679	0.00995	0.01084	0.00750	0.07107	0.00498	0.00134	0.00400	0.00365	0.01616	0.00605
28	0.00962	0.03980	0.23674	0.08383	0.06034	0.06171	0.28315	0.11414	0.02574	0.02834	0.00774	0.01761	0.00583	0.00373	0.00391	0.00120	0.00549	0.00359	0.00214	0.00535

[dist]
# distance from previous block
# <min> <max>
0	2

[block]
# block no. 4 follows, 72 sequences, length 22
# corresponding to MSA columns:
# 183-204
name=unknown_E
#
# <colnr> <probs for GDERKNQSTAVLIFYWHMCP>
#	G	D	E	R	K	N	Q	S	T	A	V	L	I	F	Y	W	H	M	C	P
0	0.00876	0.00757	0.00885	0.00927	0.11386	0.00846	0.00634	0.01698	0.60782	0.01488	0.07251	0.08303	0.01366	0.00565	0.00397	0.00128	0.00304	0.00488	0.00360	0.00560
1	0.01921	0.07331	0.16147	0.00845	0.04279	0.11401	0.02030	0.13224	0.00983	0.03859	0.00715	0.00805	0.00556	0.00347	0.00323	0.00089	0.00424	0.00265	0.00233	0.34221
2	0.06607	0.00943	0.02485	0.02477	0.12656	0.02296	0.05149	0.36599	0.06625	0.13267	0.00943	0.00999	0.00689	0.01490	0.00438	0.00122	0.04953	0.00349	0.00324	0.00589
3	0.00861	0.03098	0.03645	0.04014	0.21203	0.03049	0.05064	0.07870	0.03283	0.03078	0.02044	0.06607	0.11817	0.00483	0.00369	0.00104	0.00368	0.00422	0.00257	0.22363
4	0.00555	0.00426	0.00450	0.00427	0.00566	0.00371	0.00325	0.04227	0.00933	0.04785	0.10963	0.03352	0.69477	0.00900	0.00442	0.00126	0.00206	0.00752	0.00364	0.00352
5	0.00976	0.00890	0.01091	0.02477	0.01169	0.05379	0.13440	0.09789	0.50506	0.01557	0.07488	0.01364	0.01150	0.00489	0.00397	0.00125	0.00380	0.00431	0.00343	0.00561
6	0.01078	0.00573	0.00652	0.00569	0.00738	0.03673	0.00444	0.08643	0.02712	0.27549	0.02447	0.12000	0.01144	0.00655	0.04076	0.00133	0.00308	0.00456	0.31677	0.00474
7	0.00554	0.00440	0.00593	0.00737	0.11078	0.00424	0.00450	0.00697	0.05198	0.01044	0.04577	0.50813	0.13913	0.06960	0.00560	0.00158	0.00258	0.00862	0.00327	0.00358
8	0.01251	0.00758	0.04063	0.00738	0.00976	0.00748	0.00611	0.05860	0.29272	0.37047	0.01339	0.01272	0.00945	0.00623	0.03652	0.04857	0.04638	0.00387	0.00383	0.00578
9	0.01303	0.11543	0.01067	0.00735	0.01002	0.00812	0.04939	0.06338	0.20923	0.39307	0.01295	0.01240	0.00913	0.03060	0.00411	0.00122	0.00346	0.00376	0.03684	0.00584
10	0.00806	0.00783	0.01100	0.04891	0.05498	0.02240	0.00822	0.00917	0.00648	0.00960	0.00718	0.01287	0.00723	0.00717	0.02588	0.00169	0.63964	0.10558	0.00191	0.00416
11	0.00776	0.00629	0.00728	0.09265	0.00886	0.05163	0.00505	0.13568	0.00804	0.01065	0.00979	0.01702	0.00988	0.39907	0.13950	0.00309	0.07745	0.00440	0.00236	0.00357
12	0.11938	0.00880	0.05643	0.00977	0.01090	0.01039	0.09896	0.00977	0.00646	0.01072	0.00595	0.03429	0.00558	0.00575	0.00930	0.00149	0.55966	0.00346	0.00185	0.03110
13	0.00568	0.00440	0.00640	0.00626	0.00681	0.00525	0.00483	0.00687	0.00602	0.00870	0.00987	0.01521	0.00947	0.10187	0.70353	0.00549	0.08384	0.00413	0.00202	0.00336
14	0.00545	0.00406	0.00509	0.00488	0.00583	0.00382	0.00364	0.00755	0.05410	0.01439	0.66410	0.08692	0.10972	0.00808	0.00447	0.00123	0.00189	0.00711	0.00405	0.00364
15	0.00543	0.00393	0.00549	0.00551	0.00597	0.00439	0.00400	0.00637	0.00595	0.00840	0.01091	0.03608	0.01108	0.27311	0.59015	0.00529	0.00809	0.00463	0.00214	0.00306
16	0.01171	0.00519	0.00683	0.00565	0.00761	0.00462	0.00451	0.01333	0.01044	0.45148	0.29903	0.01838	0.01852	0.00571	0.00389	0.00114	0.00254	0.00483	0.11951	0.00508
17	0.28401	0.00662	0.00710	0.00606	0.00825	0.00686	0.00484	0.09564	0.06546	0.26923	0.05644	0.11878	0.02839	0.00551	0.00352	0.00122	0.00296	0.00438	0.01972	0.00500
18	0.00599	0.00419	0.00567	0.00561	0.00606	0.00461	0.00404	0.04072	0.00642	0.00890	0.01118	0.12290	0.01174	0.21644	0.36731	0.13251	0.03536	0.00508	0.00229	0.00300
19	0.45010	0.08708	0.03369	0.00699	0.03159	0.00890	0.03631	0.09133	0.00878	0.19102	0.00787	0.00818	0.00566	0.00387	0.00308	0.00115	0.01384	0.00272	0.00286	0.00503
20	0.03624	0.14066	0.02443	0.00909	0.02319	0.51408	0.01896	0.09120	0.04067	0.01116	0.00670	0.00772	0.00553	0.00519	0.04833	0.00127	0.00605	0.00266	0.00216	0.00471
21	0.16707	0.00881	0.05597	0.04371	0.42017	0.00872	0.03677	0.02796	0.08780	0.01367	0.00790	0.00952	0.00632	0.00378	0.00371	0.00116	0.02876	0.00325	0.05959	0.00535

[dist]
# distance from previous block
# <min> <max>
0	1

[block]
# block no. 5 follows, 72 sequences, length 16
# corresponding to MSA columns:
# 206-221
name=unknown_F
#
# <colnr> <probs for GDERKNQSTAVLIFYWHMCP>
#	G	D	E	R	K	N	Q	S	T	A	V	L	I	F	Y	W	H	M	C	P
0	0.00505	0.00382	0.00441	0.00429	0.00516	0.00345	0.00306	0.00617	0.00890	0.01175	0.36784	0.03079	0.34271	0.17750	0.00740	0.00172	0.00221	0.00704	0.00355	0.00318
1	0.67947	0.00715	0.00555	0.00503	0.00715	0.04425	0.00404	0.01043	0.00704	0.03042	0.01083	0.01150	0.13574	0.02439	0.00315	0.00124	0.00297	0.00312	0.00256	0.00398
2	0.00574	0.00412	0.00478	0.00450	0.00574	0.00365	0.00341	0.00732	0.02910	0.06398	0.37521	0.03107	0.43064	0.00842	0.00442	0.00124	0.00197	0.00718	0.00388	0.00363
3	0.00570	0.00388	0.00519	0.00519	0.00572	0.00428	0.00378	0.00677	0.00624	0.00927	0.01097	0.01734	0.01063	0.24115	0.50364	0.00465	0.00717	0.00436	0.14095	0.00313
4	0.00789	0.00721	0.01188	0.26414	0.42095	0.00774	0.00943	0.00981	0.00768	0.01059	0.00796	0.01236	0.00716	0.14098	0.05708	0.00187	0.00488	0.00375	0.00190	0.00474
5	0.00716	0.00674	0.01138	0.85760	0.02612	0.00843	0.01053	0.00969	0.00758	0.00969	0.00674	0.01011	0.00506	0.00379	0.00379	0.00126	0.00506	0.00337	0.00169	0.00421
6	0.75566	0.00902	0.00639	0.00574	0.00802	0.14066	0.00461	0.01177	0.00713	0.01580	0.00537	0.00627	0.00423	0.00358	0.00252	0.00114	0.00355	0.00211	0.00229	0.00415
7	0.00795	0.00750	0.01183	0.30441	0.31478	0.02179	0.04475	0.04553	0.00871	0.01148	0.01290	0.02702	0.15572	0.00481	0.00394	0.00121	0.00430	0.00435	0.00222	0.00480
8	0.00544	0.00505	0.04419	0.00665	0.00779	0.00425	0.11126	0.00673	0.00784	0.01050	0.03277	0.52076	0.14910	0.00962	0.00459	0.00142	0.00286	0.02522	0.04045	0.00351
9	0.00701	0.01452	0.56578	0.00893	0.01312	0.00714	0.02873	0.01033	0.00825	0.03275	0.03565	0.06641	0.17460	0.00543	0.00390	0.00124	0.00452	0.00450	0.00225	0.00493
10	0.14714	0.00742	0.01831	0.02588	0.04018	0.00914	0.00675	0.05262	0.01662	0.04441	0.00840	0.01148	0.04277	0.05573	0.08871	0.00202	0.40341	0.01257	0.00220	0.00424
11	0.00888	0.00917	0.15212	0.02947	0.02765	0.00778	0.00707	0.24252	0.13328	0.01547	0.06315	0.20661	0.03817	0.01600	0.00424	0.00130	0.00357	0.01462	0.01391	0.00502
12	0.00499	0.00392	0.00532	0.00543	0.00622	0.00371	0.03664	0.00604	0.00779	0.01021	0.08399	0.37506	0.24434	0.02796	0.13772	0.00219	0.00357	0.02839	0.00325	0.00328
13	0.00905	0.06865	0.37880	0.02231	0.15434	0.03608	0.05784	0.04440	0.10571	0.04146	0.02386	0.01008	0.02265	0.00398	0.00368	0.00117	0.00482	0.00335	0.00222	0.00557
14	0.00650	0.00500	0.00758	0.00671	0.00797	0.00481	0.13306	0.05642	0.00892	0.01269	0.14296	0.32914	0.05886	0.00787	0.00423	0.00129	0.00284	0.02466	0.17472	0.00378
15	0.03058	0.17659	0.28989	0.00898	0.06734	0.02564	0.01946	0.02205	0.02513	0.02465	0.01709	0.00812	0.00574	0.00340	0.00316	0.00093	0.00424	0.00263	0.00199	0.26239

[dist]
# distance from previous block
# <min> <max>
1	9

[block]
# block no. 6 follows, 72 sequences, length 16
# corresponding to MSA columns:
# 231-246
name=unknown_G
#
# <colnr> <probs for GDERKNQSTAVLIFYWHMCP>
#	G	D	E	R	K	N	Q	S	T	A	V	L	I	F	Y	W	H	M	C	P
0	0.02508	0.03055	0.03251	0.03916	0.17721	0.02967	0.00709	0.05040	0.25006	0.08263	0.11924	0.01428	0.03833	0.01758	0.00434	0.00122	0.03442	0.00417	0.00312	0.03895
1	0.00482	0.00377	0.00437	0.00441	0.00538	0.00332	0.00323	0.00603	0.00916	0.01192	0.32174	0.16824	0.42143	0.00932	0.00454	0.00129	0.00192	0.00805	0.00375	0.00332
2	0.00895	0.02682	0.04319	0.07007	0.12311	0.10782	0.05327	0.05042	0.14982	0.04048	0.08027	0.08406	0.08495	0.00567	0.00415	0.00122	0.02221	0.01883	0.01987	0.00482
3	0.02754	0.03343	0.02383	0.08604	0.26680	0.09592	0.08435	0.05342	0.02437	0.01175	0.00712	0.00958	0.00600	0.02690	0.00589	0.00130	0.18235	0.00338	0.04509	0.00495
4	0.00485	0.00367	0.00436	0.00469	0.00539	0.00332	0.00333	0.00576	0.00812	0.01047	0.13401	0.32843	0.31508	0.09560	0.00613	0.00163	0.00227	0.05627	0.00348	0.00314
5	0.00713	0.09171	0.05317	0.06328	0.00815	0.03538	0.00491	0.04213	0.02972	0.01190	0.01473	0.27270	0.05897	0.00678	0.00363	0.00117	0.00288	0.00577	0.28201	0.00388
6	0.00656	0.00475	0.00562	0.00519	0.00642	0.01451	0.00397	0.05860	0.04675	0.05132	0.45994	0.05376	0.19125	0.00867	0.04187	0.00144	0.00255	0.01709	0.01583	0.00390
7	0.00541	0.00363	0.00417	0.00427	0.00429	0.00361	0.00244	0.00549	0.00572	0.00762	0.01299	0.12203	0.01510	0.76772	0.01763	0.00343	0.00351	0.00613	0.00244	0.00239
8	0.73704	0.00861	0.00639	0.00567	0.00800	0.11203	0.00458	0.01204	0.00722	0.06173	0.00589	0.00662	0.00449	0.00363	0.00256	0.00115	0.00343	0.00220	0.00243	0.00427
9	0.07671	0.40867	0.30825	0.00815	0.01200	0.05346	0.00899	0.01207	0.02535	0.03036	0.00628	0.00717	0.00504	0.00356	0.00313	0.00102	0.02046	0.00244	0.00181	0.00509
10	0.00588	0.00460	0.00561	0.00556	0.00605	0.04557	0.00398	0.00672	0.00611	0.00830	0.01060	0.01812	0.01083	0.33238	0.50741	0.00497	0.00764	0.00451	0.00212	0.00304
11	0.00490	0.00353	0.00462	0.00523	0.00567	0.00330	0.00368	0.00583	0.00799	0.01071	0.15873	0.58027	0.07122	0.03877	0.00526	0.00156	0.00228	0.07969	0.00359	0.00318
12	0.00606	0.00380	0.00427	0.00412	0.00515	0.00351	0.00310	0.00763	0.00916	0.03295	0.30614	0.02462	0.22688	0.00688	0.00377	0.00110	0.00185	0.00581	0.33968	0.00353
13	0.03768	0.00532	0.00672	0.00563	0.00750	0.00487	0.00440	0.03022	0.02059	0.39403	0.22357	0.03188	0.07885	0.09176	0.00550	0.00143	0.00275	0.00510	0.03736	0.00484
14	0.04902	0.00799	0.00861	0.00706	0.00947	0.02548	0.00569	0.30062	0.17512	0.17738	0.04492	0.01468	0.10261	0.00532	0.00379	0.00118	0.00330	0.00423	0.04793	0.00561
15	0.01161	0.00888	0.00903	0.00770	0.01002	0.07482	0.00608	0.17798	0.44458	0.12863	0.03268	0.01275	0.01024	0.00490	0.00377	0.00120	0.00348	0.00394	0.04185	0.00586

[dist]
# distance from previous block
# <min> <max>
1	3

[block]
# block no. 7 follows, 72 sequences, length 9
# corresponding to MSA columns:
# 250-258
name=unknown_H
#
# <colnr> <probs for GDERKNQSTAVLIFYWHMCP>
#	G	D	E	R	K	N	Q	S	T	A	V	L	I	F	Y	W	H	M	C	P
0	0.24137	0.01249	0.04150	0.02499	0.02505	0.35290	0.02610	0.10822	0.02907	0.01340	0.00722	0.05440	0.00617	0.00441	0.00366	0.00114	0.03784	0.00308	0.00237	0.00460
1	0.03442	0.09682	0.13324	0.00975	0.06025	0.08810	0.08827	0.16757	0.06681	0.05335	0.07183	0.01128	0.03292	0.00455	0.00416	0.00116	0.05196	0.00363	0.01469	0.00525
2	0.00500	0.00380	0.00461	0.00455	0.00548	0.00340	0.00336	0.00640	0.00967	0.01300	0.49359	0.13274	0.28293	0.00883	0.00452	0.00126	0.00188	0.00769	0.00389	0.00340
3	0.00686	0.00518	0.00635	0.00603	0.00672	0.03439	0.00446	0.06468	0.00714	0.03241	0.01099	0.07392	0.01107	0.25463	0.37983	0.00406	0.06295	0.00475	0.02012	0.00345
4	0.00527	0.00396	0.00486	0.00466	0.00562	0.00365	0.00346	0.00704	0.03319	0.01373	0.59215	0.06143	0.20451	0.03375	0.00491	0.00130	0.00192	0.00714	0.00395	0.00351
5	0.00556	0.00379	0.00480	0.00483	0.00514	0.00403	0.00323	0.00618	0.00595	0.00841	0.01164	0.04895	0.01236	0.48040	0.31371	0.00427	0.00580	0.00504	0.06310	0.00280
6	0.03616	0.00971	0.09038	0.12212	0.59842	0.00894	0.05632	0.01145	0.00840	0.01216	0.00703	0.00930	0.00571	0.00344	0.00374	0.00116	0.00473	0.00335	0.00185	0.00565
7	0.00897	0.00867	0.01382	0.08161	0.62816	0.04088	0.02589	0.01128	0.02859	0.01177	0.00826	0.01079	0.02486	0.02838	0.05069	0.00148	0.00487	0.00358	0.00197	0.00549
8	0.02677	0.07461	0.06024	0.08149	0.10070	0.14920	0.02356	0.08531	0.04203	0.11034	0.00866	0.02963	0.00702	0.05192	0.00435	0.00118	0.00440	0.00330	0.00254	0.13275

[dist]
# distance from previous block
# <min> <max>
1	21

[block]
# block no. 8 follows, 72 sequences, length 12
# corresponding to MSA columns:
# 280-291
name=unknown_I
#
# <colnr> <probs for GDERKNQSTAVLIFYWHMCP>
#	G	D	E	R	K	N	Q	S	T	A	V	L	I	F	Y	W	H	M	C	P
0	0.05083	0.19297	0.08592	0.00788	0.06875	0.00864	0.00644	0.10460	0.04994	0.07520	0.03081	0.08375	0.00951	0.08921	0.01702	0.00139	0.00377	0.01551	0.00265	0.09520
1	0.01158	0.09235	0.01577	0.04904	0.57228	0.03134	0.01082	0.05712	0.04388	0.01450	0.02917	0.01279	0.00889	0.02545	0.00489	0.00154	0.00505	0.00406	0.00280	0.00669
2	0.00598	0.03943	0.00596	0.00526	0.00624	0.00490	0.00391	0.02769	0.05847	0.01045	0.09115	0.08440	0.15956	0.17940	0.25055	0.00308	0.00487	0.00563	0.01964	0.03342
3	0.04699	0.00659	0.00796	0.00609	0.00891	0.00571	0.00493	0.06430	0.00964	0.30087	0.05728	0.01265	0.06435	0.00439	0.00357	0.00094	0.01782	0.00351	0.00337	0.37014
4	0.00879	0.00742	0.00779	0.00685	0.00888	0.02750	0.00529	0.08183	0.46771	0.01454	0.01557	0.04586	0.08542	0.05641	0.02570	0.00144	0.00324	0.00456	0.01843	0.10680
5	0.00900	0.02708	0.46702	0.01125	0.05786	0.00892	0.13024	0.12350	0.00976	0.04242	0.04935	0.01040	0.02777	0.00405	0.00382	0.00119	0.00508	0.00351	0.00224	0.00553
6	0.00590	0.08838	0.00641	0.00521	0.00574	0.00515	0.00365	0.00643	0.00633	0.00850	0.01304	0.24580	0.01484	0.39582	0.10915	0.00294	0.04434	0.00624	0.00250	0.02363
7	0.00579	0.00464	0.00680	0.00661	0.00716	0.00565	0.00519	0.00703	0.00612	0.00891	0.01006	0.06620	0.00978	0.02423	0.67666	0.00517	0.13411	0.00437	0.00207	0.00348
8	0.10766	0.00851	0.00872	0.00763	0.00988	0.03296	0.02075	0.10071	0.60403	0.01651	0.01319	0.01248	0.00990	0.00482	0.00366	0.00124	0.00325	0.00389	0.02450	0.00572
9	0.01021	0.00953	0.03749	0.04108	0.19901	0.09632	0.02167	0.08301	0.27417	0.05427	0.03163	0.01195	0.02813	0.00466	0.00431	0.00121	0.05670	0.00379	0.02535	0.00550
10	0.00491	0.00358	0.00423	0.00456	0.00501	0.00332	0.00301	0.00552	0.00731	0.00950	0.07877	0.35870	0.21705	0.26646	0.00905	0.00209	0.00255	0.00828	0.00320	0.00291
11	0.03014	0.00869	0.04004	0.13180	0.14963	0.07139	0.05122	0.09753	0.12226	0.06931	0.00952	0.01198	0.00774	0.09013	0.07047	0.00179	0.00485	0.00371	0.00258	0.02522

[dist]
# distance from previous block
# <min> <max>
0	6

[block]
# block no. 9 follows, 72 sequences, length 43
# corresponding to MSA columns:
# 298-340
name=unknown_J
#
# <colnr> <probs for GDERKNQSTAVLIFYWHMCP>
#	G	D	E	R	K	N	Q	S	T	A	V	L	I	F	Y	W	H	M	C	P
0	0.03057	0.00668	0.00999	0.00847	0.02778	0.02300	0.18760	0.08702	0.04594	0.02594	0.06690	0.16868	0.14690	0.05644	0.06005	0.00175	0.03308	0.00606	0.00294	0.00421
1	0.25894	0.19686	0.07683	0.00724	0.02007	0.12000	0.02007	0.04642	0.00809	0.03404	0.02598	0.00904	0.00642	0.04870	0.07579	0.00163	0.03441	0.00282	0.00218	0.00447
2	0.62291	0.07952	0.00796	0.00611	0.00852	0.13739	0.00502	0.07223	0.00805	0.01569	0.00565	0.00647	0.00446	0.00363	0.00262	0.00111	0.00371	0.00221	0.00233	0.00439
3	0.02884	0.24301	0.30809	0.01033	0.10812	0.03820	0.02721	0.04138	0.00853	0.07154	0.00747	0.03045	0.00601	0.00442	0.02283	0.00120	0.01974	0.00300	0.00204	0.01760
4	0.00493	0.00389	0.00407	0.00402	0.00519	0.00333	0.00296	0.00585	0.00847	0.02946	0.06747	0.03456	0.69699	0.09367	0.00593	0.00152	0.00214	0.01886	0.00345	0.00321
5	0.00564	0.00437	0.00566	0.00571	0.03386	0.00429	0.00409	0.00758	0.04645	0.01374	0.56419	0.11884	0.11639	0.00809	0.00482	0.00126	0.04048	0.00702	0.00383	0.00370
6	0.36428	0.15659	0.05702	0.00769	0.05305	0.01050	0.01420	0.22304	0.04573	0.01676	0.00698	0.00765	0.00538	0.00381	0.00297	0.00110	0.00370	0.00265	0.01180	0.00511
7	0.00482	0.00363	0.00434	0.00468	0.00534	0.00329	0.00328	0.00570	0.00808	0.01047	0.14165	0.36719	0.29200	0.09453	0.00611	0.00162	0.00224	0.03441	0.00349	0.00313
8	0.00563	0.00561	0.06199	0.00587	0.01555	0.01214	0.04725	0.00738	0.02045	0.01236	0.32701	0.06906	0.33663	0.00795	0.00467	0.00126	0.03326	0.00681	0.01538	0.00371
9	0.00830	0.00830	0.01162	0.00996	0.00996	0.01162	0.00830	0.00913	0.00581	0.00913	0.00498	0.00830	0.00498	0.00664	0.01245	0.00166	0.85977	0.00332	0.00166	0.00415
10	0.00630	0.00510	0.00617	0.00546	0.00736	0.00416	0.00417	0.00758	0.00782	0.01118	0.01576	0.29570	0.09569	0.00718	0.00387	0.00106	0.00258	0.08154	0.00291	0.42841
11	0.00936	0.00696	0.00867	0.00631	0.00954	0.00562	0.03228	0.03223	0.00852	0.12853	0.00793	0.00869	0.00615	0.00323	0.00328	0.00071	0.02529	0.00260	0.00260	0.69149
12	0.00964	0.00810	0.00858	0.00769	0.00986	0.00933	0.00599	0.02011	0.81408	0.03811	0.01542	0.01412	0.01152	0.00513	0.00386	0.00128	0.00301	0.00428	0.00388	0.00602
13	0.00552	0.00422	0.00629	0.00623	0.00689	0.00499	0.00487	0.00686	0.00608	0.00882	0.00997	0.01466	0.00932	0.02766	0.82152	0.00594	0.04070	0.00404	0.00202	0.00341
14	0.00469	0.00339	0.00445	0.00524	0.00557	0.00315	0.00358	0.00545	0.00752	0.00998	0.05229	0.75570	0.07274	0.01155	0.00482	0.00152	0.00222	0.03947	0.00354	0.00312
15	0.01417	0.01808	0.01075	0.00977	0.01172	0.85149	0.00733	0.01514	0.01075	0.00928	0.00586	0.00684	0.00489	0.00391	0.00342	0.00098	0.00684	0.00244	0.00195	0.00440
16	0.00939	0.00901	0.01539	0.02328	0.84306	0.00901	0.01164	0.01164	0.00864	0.01239	0.00713	0.00939	0.00601	0.00338	0.00375	0.00113	0.00451	0.00338	0.00188	0.00601
17	0.00461	0.00375	0.00408	0.00420	0.00525	0.00322	0.00307	0.00561	0.00864	0.01070	0.12556	0.18008	0.60845	0.00979	0.00454	0.00132	0.00195	0.00836	0.00359	0.00322
18	0.00546	0.00389	0.00491	0.00481	0.00571	0.00356	0.00355	0.00704	0.02017	0.03504	0.55027	0.17215	0.15199	0.00862	0.00451	0.00127	0.00193	0.00759	0.00398	0.00354
19	0.00577	0.00409	0.00516	0.00484	0.00588	0.00379	0.00365	0.00774	0.03837	0.04179	0.67982	0.04644	0.12256	0.00786	0.00444	0.00121	0.00190	0.00688	0.00410	0.00370
20	0.01066	0.00511	0.00672	0.00568	0.00752	0.00455	0.00448	0.02417	0.01056	0.39005	0.35408	0.06474	0.08219	0.00667	0.00418	0.00121	0.00251	0.00572	0.00432	0.00487
21	0.00941	0.00770	0.00821	0.00736	0.00933	0.00879	0.00565	0.03604	0.70951	0.04284	0.01494	0.01505	0.01161	0.08980	0.00537	0.00151	0.00310	0.00437	0.00373	0.00566
22	0.01009	0.05750	0.09497	0.03247	0.23042	0.03224	0.07547	0.09674	0.26065	0.04576	0.00999	0.01062	0.00760	0.00414	0.00386	0.00119	0.01414	0.00361	0.00273	0.00579
23	0.03754	0.01275	0.01281	0.04133	0.04360	0.17871	0.04768	0.40428	0.07775	0.04720	0.01112	0.01241	0.01750	0.00583	0.00489	0.00154	0.02843	0.00407	0.00381	0.00675
24	0.20766	0.01177	0.00955	0.02345	0.02934	0.32552	0.00669	0.09993	0.05495	0.01297	0.00692	0.02463	0.00580	0.00516	0.02673	0.00131	0.13776	0.00294	0.00232	0.00458
25	0.00487	0.00365	0.00453	0.00481	0.00546	0.00341	0.00340	0.00583	0.00801	0.01057	0.17291	0.35271	0.23516	0.07586	0.08899	0.00202	0.00295	0.00830	0.00340	0.00317
26	0.00559	0.00444	0.00597	0.00602	0.00650	0.00473	0.02197	0.01998	0.01785	0.01010	0.06355	0.45915	0.08359	0.09081	0.05477	0.00196	0.11107	0.02551	0.00310	0.00334
27	0.00472	0.00359	0.00435	0.00472	0.00541	0.00322	0.00333	0.00570	0.00838	0.01093	0.18542	0.43543	0.29041	0.01035	0.00465	0.00139	0.00203	0.00913	0.00365	0.00322
28	0.00524	0.00384	0.00487	0.00489	0.00545	0.00392	0.00344	0.00609	0.00686	0.00926	0.09847	0.06859	0.15710	0.29702	0.30431	0.00375	0.00537	0.00585	0.00267	0.00300
29	0.01417	0.01808	0.01075	0.00977	0.01172	0.85149	0.00733	0.01514	0.01075	0.00928	0.00586	0.00684	0.00489	0.00391	0.00342	0.00098	0.00684	0.00244	0.00195	0.00440
30	0.00484	0.00380	0.00438	0.00436	0.00537	0.00333	0.00322	0.00609	0.00931	0.01211	0.34770	0.12280	0.44090	0.00913	0.00452	0.00127	0.00190	0.00786	0.00377	0.00333
31	0.00784	0.00757	0.01215	0.62062	0.18237	0.03037	0.01052	0.01017	0.00775	0.01016	0.00668	0.00977	0.00523	0.00390	0.00433	0.00126	0.05967	0.00334	0.00173	0.00456
32	0.01086	0.00877	0.00932	0.00797	0.01036	0.00999	0.00631	0.23391	0.60801	0.03032	0.01376	0.01280	0.01019	0.00498	0.00384	0.00125	0.00331	0.00405	0.00385	0.00613
33	0.56351	0.00693	0.00624	0.04765	0.00838	0.02665	0.00456	0.01195	0.02971	0.12697	0.02211	0.00943	0.02794	0.00406	0.00280	0.00115	0.00301	0.00280	0.08975	0.00440
34	0.00951	0.00936	0.01493	0.06939	0.75398	0.05279	0.01135	0.01171	0.00869	0.01208	0.00705	0.00929	0.00590	0.00343	0.00374	0.00113	0.00466	0.00333	0.00187	0.00582
35	0.00594	0.00501	0.00591	0.00616	0.00684	0.06357	0.03466	0.01832	0.04391	0.01056	0.06590	0.60009	0.03047	0.03328	0.00506	0.00152	0.00283	0.05314	0.00337	0.00345
36	0.00471	0.00352	0.00437	0.00485	0.00544	0.00319	0.00337	0.00562	0.00815	0.01070	0.15582	0.53054	0.22457	0.01067	0.00470	0.00142	0.00207	0.00948	0.00363	0.00319
37	0.00572	0.00429	0.00572	0.00558	0.00588	0.00490	0.00397	0.00641	0.00584	0.00822	0.01073	0.04152	0.01137	0.39820	0.37668	0.00446	0.09057	0.00482	0.00215	0.00297
38	0.01001	0.00851	0.02727	0.03068	0.19514	0.00891	0.04867	0.12006	0.35626	0.06147	0.03520	0.01378	0.03970	0.00484	0.00392	0.00123	0.00370	0.02163	0.00326	0.00577
39	0.01366	0.01076	0.01075	0.00854	0.01131	0.09362	0.00693	0.60932	0.11110	0.04697	0.03209	0.01010	0.00777	0.00465	0.00378	0.00114	0.00421	0.00352	0.00366	0.00612
40	0.00968	0.17961	0.14298	0.02493	0.04032	0.10056	0.01553	0.09474	0.03997	0.04144	0.02548	0.06645	0.03405	0.00443	0.00339	0.00100	0.00414	0.00349	0.00243	0.16539
41	0.00775	0.11975	0.45820	0.00887	0.01284	0.00839	0.04648	0.03727	0.01947	0.02385	0.01136	0.08627	0.08690	0.02847	0.00411	0.00124	0.00456	0.00409	0.00215	0.02798
42	0.00736	0.04024	0.01605	0.00579	0.00681	0.03900	0.03670	0.05324	0.00717	0.03586	0.01119	0.04260	0.03036	0.51457	0.01333	0.00262	0.04848	0.00481	0.00242	0.08140

[dist]
# distance from previous block
# <min> <max>
0	18

[block]
# block no. 10 follows, 72 sequences, length 20
# corresponding to MSA columns:
# 359-369,371-379
name=unknown_K
#
# <colnr> <probs for GDERKNQSTAVLIFYWHMCP>
#	G	D	E	R	K	N	Q	S	T	A	V	L	I	F	Y	W	H	M	C	P
0	0.07196	0.24749	0.17522	0.00793	0.01095	0.12860	0.00766	0.08876	0.06419	0.04934	0.01735	0.00910	0.00651	0.03545	0.04736	0.00141	0.02053	0.00291	0.00228	0.00499
1	0.16257	0.01876	0.10768	0.02595	0.02907	0.08722	0.14090	0.08083	0.06949	0.09889	0.00881	0.04079	0.00694	0.01910	0.00398	0.00120	0.01993	0.00350	0.00262	0.07176
2	0.00454	0.00377	0.00399	0.00415	0.00525	0.00321	0.00306	0.00547	0.00842	0.01018	0.03512	0.17207	0.68858	0.01000	0.00456	0.00133	0.00200	0.02759	0.00352	0.00319
3	0.01053	0.00872	0.00990	0.04876	0.07814	0.00984	0.00692	0.22961	0.50272	0.01729	0.01314	0.01268	0.02474	0.00487	0.00384	0.00123	0.00350	0.00401	0.00357	0.00598
4	0.01077	0.03821	0.00796	0.00639	0.00846	0.00706	0.00511	0.09790	0.25865	0.21634	0.14258	0.01525	0.01375	0.00519	0.00369	0.00115	0.00282	0.00428	0.14910	0.00533
5	0.01957	0.00457	0.00533	0.00483	0.00624	0.00413	0.00363	0.01758	0.03077	0.18051	0.16430	0.04946	0.35514	0.11700	0.00616	0.00155	0.00246	0.00643	0.01642	0.00393
6	0.00887	0.06670	0.52964	0.00970	0.01399	0.11578	0.02930	0.01260	0.04884	0.04162	0.06813	0.00984	0.00766	0.00404	0.00360	0.00115	0.00514	0.00316	0.01498	0.00527
7	0.01109	0.07309	0.00944	0.00700	0.00937	0.13064	0.01737	0.14273	0.06268	0.13188	0.06227	0.01129	0.00904	0.01448	0.01856	0.00111	0.02107	0.00336	0.10747	0.15605
8	0.01486	0.00634	0.00828	0.00649	0.00914	0.00568	0.00531	0.07687	0.01117	0.64942	0.07860	0.01584	0.08366	0.00534	0.00392	0.00118	0.00308	0.00438	0.00449	0.00595
9	0.00796	0.00682	0.00791	0.00574	0.00904	0.00532	0.00458	0.01018	0.05702	0.01257	0.00726	0.00824	0.00597	0.00295	0.00287	0.00060	0.00282	0.00237	0.00234	0.83745
10	0.00970	0.00485	0.00634	0.00541	0.00713	0.00429	0.00425	0.01126	0.01052	0.33117	0.42409	0.02349	0.12816	0.00682	0.00422	0.00120	0.00235	0.00584	0.00429	0.00463
11	0.00466	0.00336	0.00442	0.00519	0.00550	0.00312	0.00350	0.00540	0.00753	0.01004	0.07111	0.77937	0.05970	0.01154	0.00480	0.00151	0.00216	0.01043	0.00356	0.00312
12	0.01038	0.81766	0.01932	0.00669	0.00985	0.06547	0.00654	0.01158	0.00789	0.00894	0.00531	0.00613	0.00487	0.00328	0.00249	0.00082	0.00422	0.00205	0.00164	0.00484
13	0.00565	0.00481	0.00572	0.00540	0.00636	0.00507	0.00416	0.00742	0.06793	0.01113	0.16528	0.06381	0.40822	0.03618	0.05721	0.00170	0.13046	0.00665	0.00325	0.00359
14	0.00520	0.00389	0.00468	0.00492	0.00589	0.00351	0.00378	0.00641	0.00883	0.02661	0.17727	0.18872	0.37587	0.00976	0.00468	0.00140	0.00227	0.15930	0.00366	0.00336
15	0.13776	0.00616	0.00767	0.00621	0.00864	0.00572	0.00503	0.03335	0.01016	0.55584	0.11885	0.06436	0.01287	0.00534	0.00375	0.00120	0.00296	0.00436	0.00421	0.00556
16	0.00481	0.00364	0.00436	0.00461	0.00533	0.00327	0.00325	0.00579	0.00843	0.01102	0.21903	0.33939	0.29933	0.06321	0.00553	0.00150	0.00210	0.00861	0.00360	0.00319
17	0.69657	0.00677	0.00562	0.00497	0.00719	0.00759	0.00406	0.01156	0.00707	0.09629	0.00711	0.00782	0.00533	0.00375	0.00253	0.00114	0.00281	0.00241	0.11514	0.00426
18	0.00945	0.00833	0.00915	0.00800	0.00974	0.04694	0.02768	0.07839	0.50445	0.01446	0.01262	0.02700	0.01010	0.05770	0.00596	0.00145	0.12308	0.00416	0.03601	0.00532
19	0.05777	0.00838	0.00927	0.00907	0.11527	0.09548	0.00634	0.13707	0.10691	0.22406	0.10663	0.01418	0.04407	0.01542	0.00397	0.00119	0.00364	0.01335	0.01236	0.01558

[dist]
# distance from previous block
# <min> <max>
0	1

[block]
# block no. 11 follows, 72 sequences, length 20
# corresponding to MSA columns:
# 381-400
name=unknown_L
#
# <colnr> <probs for GDERKNQSTAVLIFYWHMCP>
#	G	D	E	R	K	N	Q	S	T	A	V	L	I	F	Y	W	H	M	C	P
0	0.01084	0.08511	0.07616	0.00850	0.04367	0.08473	0.00697	0.20011	0.25761	0.06536	0.07281	0.05072	0.01076	0.00502	0.00374	0.00117	0.00385	0.00403	0.00328	0.00554
1	0.80808	0.00838	0.00608	0.00545	0.00776	0.09040	0.00442	0.01154	0.00687	0.01626	0.00534	0.00623	0.00418	0.00356	0.00245	0.00115	0.00331	0.00209	0.00231	0.00414
2	0.08661	0.09897	0.20750	0.01033	0.07215	0.15918	0.08168	0.08763	0.07657	0.01293	0.00842	0.00936	0.03530	0.00409	0.00380	0.00114	0.03378	0.00316	0.00223	0.00515
3	0.00574	0.00396	0.00475	0.00453	0.00561	0.00354	0.00338	0.00712	0.00959	0.05914	0.42661	0.07491	0.30165	0.03581	0.00487	0.00131	0.00200	0.00713	0.03483	0.00354
4	0.00732	0.00737	0.08918	0.00747	0.02512	0.02470	0.05218	0.00915	0.06066	0.02783	0.08442	0.05096	0.22026	0.14655	0.07895	0.00222	0.07794	0.02050	0.00302	0.00422
5	0.00494	0.00361	0.00449	0.00497	0.00547	0.00336	0.00348	0.00578	0.00776	0.01019	0.11024	0.43222	0.16700	0.13533	0.00688	0.00179	0.00244	0.08357	0.00341	0.00308
6	0.00535	0.00394	0.00537	0.00537	0.00593	0.00432	0.00393	0.00632	0.00619	0.00857	0.01337	0.01955	0.09142	0.24246	0.55505	0.00500	0.00769	0.00482	0.00225	0.00309
7	0.01323	0.09652	0.01168	0.00948	0.01137	0.69365	0.00734	0.01422	0.00999	0.00923	0.00572	0.00691	0.00489	0.00411	0.00419	0.00103	0.08763	0.00249	0.00190	0.00442
8	0.00492	0.00364	0.00457	0.00498	0.00562	0.00335	0.00358	0.00596	0.00837	0.01107	0.20355	0.41003	0.19395	0.04122	0.00524	0.00151	0.00222	0.07938	0.00362	0.00322
9	0.00850	0.00811	0.01379	0.35528	0.51797	0.00878	0.01120	0.01086	0.00822	0.01132	0.00698	0.00967	0.00563	0.00354	0.00377	0.00118	0.00472	0.00338	0.00180	0.00529
10	0.00913	0.00866	0.01476	0.02115	0.71779	0.00868	0.04674	0.03074	0.00871	0.01239	0.00790	0.04533	0.00695	0.00478	0.03870	0.00135	0.00472	0.00377	0.00200	0.00575
11	0.58649	0.15780	0.00870	0.00566	0.00823	0.03815	0.00484	0.01235	0.00744	0.13149	0.00666	0.00712	0.00501	0.00365	0.00260	0.00110	0.00330	0.00231	0.00254	0.00458
12	0.01102	0.01031	0.05836	0.21071	0.47172	0.00990	0.01143	0.02514	0.07141	0.02711	0.01083	0.01395	0.02513	0.00537	0.00476	0.00159	0.00522	0.01657	0.00286	0.00660
13	0.00681	0.00581	0.00812	0.06883	0.16348	0.00581	0.03008	0.00973	0.12036	0.02561	0.24240	0.04302	0.24132	0.00673	0.00421	0.00123	0.00289	0.00591	0.00328	0.00438
14	0.00532	0.00415	0.00497	0.00524	0.00600	0.00408	0.00375	0.00728	0.09848	0.01092	0.10112	0.40801	0.21968	0.04206	0.03432	0.00166	0.01607	0.01991	0.00349	0.00348
15	0.21785	0.00708	0.01012	0.29460	0.17664	0.00800	0.03575	0.02271	0.00765	0.01239	0.00776	0.01176	0.00665	0.03181	0.00446	0.02074	0.02511	0.05603	0.03849	0.00441
16	0.01000	0.05278	0.07711	0.03595	0.13644	0.05477	0.07394	0.09954	0.31331	0.03982	0.01159	0.01184	0.03807	0.00444	0.00377	0.00118	0.00411	0.00380	0.00292	0.02461
17	0.00578	0.00486	0.00664	0.06857	0.14067	0.00467	0.00526	0.00710	0.00835	0.01075	0.07923	0.12624	0.35590	0.06408	0.00540	0.00149	0.00287	0.09537	0.00309	0.00371
18	0.00898	0.00969	0.04944	0.03998	0.21539	0.15746	0.04742	0.07040	0.01939	0.01188	0.03946	0.01629	0.21758	0.00556	0.00464	0.00120	0.07352	0.00452	0.00250	0.00470
19	0.00819	0.00575	0.00665	0.00636	0.02546	0.00594	0.00474	0.01285	0.30445	0.10749	0.11288	0.12299	0.12417	0.03077	0.00450	0.00134	0.00263	0.03266	0.06619	0.01400

[dist]
# distance from previous block
# <min> <max>
1	10

[block]
# block no. 12 follows, 72 sequences, length 39
# corresponding to MSA columns:
# 411-449
name=unknown_M
#
# <colnr> <probs for GDERKNQSTAVLIFYWHMCP>
#	G	D	E	R	K	N	Q	S	T	A	V	L	I	F	Y	W	H	M	C	P
