[name]
unknown

[dist]
# distance from previous block
# <min> <max>
0	6

[block]
# block no. 0 follows, 72 sequences, length 21
# corresponding to MSA columns:
# 6-26
name=unknown_A
#
# <colnr> <probs for GDERKNQSTAVLIFYWHMCP>
#	G	D	E	R	K	N	Q	S	T	A	V	L	I	F	Y	W	H	M	C	P
0	0.00467	0.00340	0.00442	0.00520	0.00557	0.00315	0.00357	0.00541	0.00747	0.00981	0.02271	0.74107	0.11066	0.01158	0.00482	0.00152	0.00223	0.04610	0.00352	0.00311
1	0.00888	0.00925	0.01206	0.53769	0.18567	0.16196	0.01017	0.01107	0.00837	0.01015	0.00666	0.00937	0.00521	0.00373	0.00372	0.00118	0.00527	0.00320	0.00177	0.00460
2	0.00458	0.00385	0.00397	0.00394	0.00518	0.00324	0.00295	0.00562	0.00886	0.01076	0.12246	0.03564	0.75715	0.00941	0.00448	0.00127	0.00191	0.00788	0.00359	0.00324
3	0.00471	0.00339	0.00446	0.00527	0.00557	0.00316	0.00359	0.00544	0.00741	0.00984	0.03668	0.76222	0.05811	0.02845	0.00512	0.00157	0.00227	0.04613	0.00351	0.00310
4	0.00547	0.00400	0.00516	0.00489	0.00580	0.00376	0.00366	0.00752	0.03847	0.01500	0.77880	0.06289	0.03452	0.00784	0.00447	0.00121	0.00185	0.00694	0.00414	0.00364
5	0.00786	0.00674	0.00786	0.00562	0.00899	0.00506	0.00449	0.00955	0.00786	0.01236	0.00674	0.00786	0.00562	0.00281	0.00281	0.00056	0.00281	0.00225	0.00225	0.88990
6	0.00516	0.00386	0.00479	0.00459	0.00555	0.00349	0.00343	0.00675	0.01021	0.01402	0.65024	0.04994	0.20752	0.00825	0.00448	0.00122	0.00183	0.00720	0.00402	0.00349
7	0.00939	0.00901	0.01539	0.02328	0.84306	0.00901	0.01164	0.01164	0.00864	0.01239	0.00713	0.00939	0.00601	0.00338	0.00375	0.00113	0.00451	0.00338	0.00188	0.00601
8	0.00716	0.00674	0.01138	0.85760	0.02612	0.00843	0.01053	0.00969	0.00758	0.00969	0.00674	0.01011	0.00506	0.00379	0.00379	0.00126	0.00506	0.00337	0.00169	0.00421
9	0.00616	0.00405	0.00532	0.00491	0.00594	0.00371	0.00371	0.00793	0.01074	0.07184	0.78472	0.02728	0.03398	0.00754	0.00443	0.00119	0.00189	0.00665	0.00421	0.00377
10	0.00461	0.00377	0.00408	0.00416	0.00524	0.00323	0.00306	0.00564	0.00872	0.01080	0.13792	0.15003	0.62620	0.00968	0.00453	0.00131	0.00194	0.00824	0.00360	0.00323
11	0.01014	0.86900	0.01987	0.00649	0.00973	0.01501	0.00649	0.01136	0.00771	0.00892	0.00527	0.00608	0.00487	0.00324	0.00243	0.00081	0.00406	0.00203	0.00162	0.00487
12	0.00833	0.00544	0.00719	0.00629	0.00747	0.00580	0.00483	0.03297	0.00726	0.15107	0.01028	0.01505	0.00935	0.21499	0.27966	0.00333	0.12134	0.00404	0.00257	0.10274
13	0.01372	0.00826	0.01418	0.01043	0.01372	0.00765	0.31824	0.08899	0.01076	0.45565	0.01167	0.01155	0.00775	0.00411	0.00406	0.00121	0.00451	0.00403	0.00356	0.00595
14	0.00464	0.00365	0.00420	0.00447	0.00533	0.00321	0.00320	0.00560	0.00841	0.01067	0.13390	0.33180	0.44709	0.01019	0.00461	0.00136	0.00200	0.00885	0.00360	0.00321
15	0.00885	0.00805	0.01322	0.20358	0.53267	0.00847	0.01035	0.01166	0.06436	0.03544	0.04202	0.02874	0.00788	0.00398	0.00382	0.00118	0.00433	0.00375	0.00218	0.00547
16	0.00786	0.00674	0.00786	0.00562	0.00899	0.00506	0.00449	0.00955	0.00786	0.01236	0.00674	0.00786	0.00562	0.00281	0.00281	0.00056	0.00281	0.00225	0.00225	0.88990
17	0.00713	0.00667	0.01108	0.71254	0.09438	0.00802	0.00998	0.00949	0.00773	0.00996	0.00908	0.03248	0.05731	0.00431	0.00386	0.00126	0.00475	0.00384	0.00186	0.00428
18	0.00478	0.00376	0.00432	0.00437	0.00535	0.00330	0.00320	0.00595	0.00907	0.01171	0.28693	0.16942	0.45555	0.00940	0.00454	0.00130	0.00193	0.00810	0.00373	0.00330
19	0.01337	0.01626	0.01026	0.00928	0.01119	0.71621	0.00699	0.07318	0.01109	0.01059	0.03956	0.04974	0.00720	0.00449	0.00356	0.00102	0.00622	0.00309	0.00225	0.00445
20	0.01125	0.04260	0.04160	0.01594	0.44211	0.02509	0.04543	0.06052	0.00960	0.19849	0.00921	0.02997	0.00710	0.00392	0.00373	0.00112	0.00423	0.00356	0.00265	0.04187

[dist]
# distance from previous block
# <min> <max>
4	8

[block]
# block no. 1 follows, 72 sequences, length 23
# corresponding to MSA columns:
# 35-57
name=unknown_B
#
# <colnr> <probs for GDERKNQSTAVLIFYWHMCP>
#	G	D	E	R	K	N	Q	S	T	A	V	L	I	F	Y	W	H	M	C	P
0	0.01047	0.00908	0.01264	0.01508	0.37567	0.03923	0.05365	0.08138	0.27718	0.07022	0.01049	0.01110	0.00802	0.00414	0.00382	0.00119	0.00409	0.00373	0.00287	0.00597
1	0.67692	0.00796	0.00592	0.00537	0.00753	0.09076	0.00431	0.01099	0.02336	0.01537	0.00974	0.01023	0.11061	0.00436	0.00275	0.00117	0.00319	0.00289	0.00249	0.00406
2	0.00579	0.02235	0.00564	0.00512	0.00622	0.00434	0.00386	0.00807	0.07741	0.01354	0.48878	0.12148	0.09784	0.00901	0.05440	0.00150	0.00253	0.00666	0.02206	0.04342
3	0.00998	0.00989	0.01522	0.02112	0.69215	0.07834	0.05618	0.04864	0.00924	0.01264	0.00715	0.00921	0.00592	0.00347	0.00377	0.00112	0.00479	0.00336	0.00197	0.00585
4	0.00550	0.00372	0.00435	0.00435	0.00443	0.00379	0.00257	0.00565	0.00558	0.00751	0.01175	0.02372	0.01331	0.77369	0.11167	0.00395	0.00440	0.00535	0.00227	0.00242
5	0.01463	0.01028	0.01117	0.00856	0.01159	0.01125	0.00707	0.76375	0.01726	0.09138	0.00959	0.00942	0.00669	0.00456	0.00380	0.00114	0.00410	0.00345	0.00387	0.00645
6	0.00525	0.00423	0.00462	0.00464	0.00589	0.00380	0.00363	0.04540	0.00913	0.01125	0.06591	0.06715	0.61410	0.00951	0.00458	0.00135	0.00227	0.13034	0.00356	0.00341
7	0.01417	0.01808	0.01075	0.00977	0.01172	0.85149	0.00733	0.01514	0.01075	0.00928	0.00586	0.00684	0.00489	0.00391	0.00342	0.00098	0.00684	0.00244	0.00195	0.00440
8	0.00786	0.00674	0.00786	0.00562	0.00899	0.00506	0.00449	0.00955	0.00786	0.01236	0.00674	0.00786	0.00562	0.00281	0.00281	0.00056	0.00281	0.00225	0.00225	0.88990
9	0.00552	0.00368	0.00414	0.00414	0.00414	0.00368	0.00230	0.00552	0.00552	0.00735	0.01195	0.02482	0.01379	0.86672	0.01930	0.00368	0.00368	0.00552	0.00230	0.00230
10	0.00923	0.61134	0.01501	0.00561	0.00815	0.01159	0.00535	0.01061	0.00778	0.01048	0.00739	0.00848	0.00631	0.00359	0.00250	0.00083	0.00337	0.00248	0.26543	0.00447
11	0.00991	0.79335	0.09354	0.00687	0.01033	0.01445	0.00716	0.01141	0.00773	0.00920	0.00541	0.00626	0.00486	0.00328	0.00254	0.00085	0.00419	0.00210	0.00162	0.00493
12	0.00448	0.00384	0.00384	0.00384	0.00512	0.00320	0.00288	0.00544	0.00864	0.01025	0.03842	0.03650	0.84152	0.00960	0.00448	0.00128	0.00192	0.00800	0.00352	0.00320
13	0.01702	0.00645	0.00880	0.00675	0.00968	0.00557	0.00557	0.01848	0.01085	0.84568	0.01496	0.01291	0.00939	0.00469	0.00381	0.00117	0.00323	0.00381	0.00469	0.00645
14	0.00503	0.00373	0.00469	0.00473	0.00553	0.00339	0.00344	0.00639	0.00951	0.01297	0.49680	0.23259	0.17904	0.00909	0.00456	0.00129	0.00191	0.00802	0.00390	0.00339
15	0.00761	0.01962	0.84707	0.01081	0.01641	0.00881	0.01401	0.01201	0.00801	0.01201	0.00681	0.00801	0.00480	0.00360	0.00360	0.00120	0.00560	0.00280	0.00160	0.00560
16	0.00769	0.01906	0.79831	0.01112	0.01662	0.00885	0.06221	0.01202	0.00806	0.01202	0.00686	0.00814	0.00486	0.00358	0.00365	0.00121	0.00565	0.00290	0.00162	0.00558
17	0.01568	0.00752	0.00928	0.00717	0.01003	0.00728	0.00591	0.24339	0.03055	0.56240	0.01323	0.01194	0.00863	0.00465	0.00376	0.00115	0.00342	0.00370	0.04399	0.00631
18	0.00534	0.00369	0.00463	0.00483	0.00556	0.00337	0.00345	0.00652	0.00883	0.03576	0.31006	0.37374	0.15678	0.00950	0.00452	0.00133	0.00202	0.00841	0.04826	0.00339
19	0.00838	0.00813	0.01222	0.41723	0.30963	0.05828	0.01009	0.01116	0.06233	0.01102	0.00810	0.05213	0.00680	0.00414	0.00381	0.00121	0.00469	0.00374	0.00200	0.00491
20	0.00462	0.00363	0.00420	0.00463	0.00542	0.00321	0.00332	0.00549	0.00805	0.01006	0.02987	0.39714	0.44488	0.01064	0.00468	0.00142	0.00212	0.04994	0.00352	0.00316
21	0.00840	0.00804	0.01370	0.35088	0.43216	0.00857	0.04996	0.01077	0.00819	0.01131	0.00698	0.00962	0.00560	0.00350	0.00375	0.00115	0.00471	0.00336	0.00183	0.05752
22	0.00887	0.01621	0.54505	0.05280	0.13617	0.06926	0.01225	0.02470	0.04299	0.04570	0.00750	0.00869	0.00549	0.00372	0.00364	0.00118	0.00528	0.00300	0.00192	0.00557

[dist]
# distance from previous block
# <min> <max>
0	7

[block]
# block no. 2 follows, 72 sequences, length 11
# corresponding to MSA columns:
# 65-75
name=unknown_C
#
# <colnr> <probs for GDERKNQSTAVLIFYWHMCP>
#	G	D	E	R	K	N	Q	S	T	A	V	L	I	F	Y	W	H	M	C	P
0	0.00925	0.10885	0.49704	0.00931	0.01358	0.07344	0.01066	0.01331	0.09169	0.08247	0.04884	0.00973	0.00740	0.00404	0.00355	0.00115	0.00488	0.00312	0.00224	0.00545
1	0.01155	0.01105	0.06243	0.01340	0.27129	0.13010	0.02163	0.28078	0.02958	0.04111	0.02876	0.03892	0.00749	0.00443	0.00404	0.00115	0.03026	0.00361	0.00274	0.00568
2	0.00537	0.00442	0.00479	0.00464	0.00591	0.00414	0.00349	0.00784	0.12230	0.01212	0.21696	0.06430	0.51260	0.00866	0.00441	0.00127	0.00205	0.00735	0.00372	0.00367
3	0.00911	0.00949	0.01258	0.01173	0.10212	0.09538	0.06861	0.01077	0.04733	0.01005	0.00601	0.00870	0.00546	0.00568	0.00959	0.00149	0.57615	0.00337	0.00184	0.00454
4	0.01133	0.00523	0.00686	0.00574	0.00764	0.00472	0.00455	0.03405	0.01055	0.41515	0.30559	0.05986	0.01940	0.00609	0.00399	0.00117	0.00256	0.00519	0.08531	0.00501
5	0.00558	0.00392	0.00499	0.00474	0.00571	0.00356	0.00355	0.00719	0.01026	0.04097	0.66129	0.07610	0.14163	0.00813	0.00447	0.00122	0.00188	0.00713	0.00407	0.00359
6	0.01322	0.00974	0.01049	0.00835	0.01114	0.01081	0.00680	0.57005	0.23673	0.06553	0.01111	0.01066	0.00798	0.00472	0.00381	0.00118	0.00381	0.00367	0.00386	0.00633
7	0.00551	0.00401	0.00436	0.00423	0.00554	0.00341	0.00318	0.00657	0.00891	0.07377	0.10577	0.08377	0.65912	0.00921	0.00445	0.00128	0.00202	0.00775	0.00367	0.00347
8	0.70817	0.00764	0.00635	0.00561	0.00797	0.00883	0.00457	0.05607	0.13718	0.01720	0.00708	0.00757	0.00540	0.00383	0.00266	0.00119	0.00301	0.00248	0.00266	0.00453
9	0.06381	0.00951	0.00940	0.00727	0.01023	0.13970	0.03150	0.20637	0.01072	0.01498	0.03067	0.00855	0.00647	0.00359	0.00321	0.00084	0.00386	0.00274	0.00262	0.43395
10	0.02568	0.13125	0.01058	0.00790	0.02721	0.16760	0.00626	0.11774	0.17861	0.13021	0.02461	0.06919	0.00986	0.00516	0.00365	0.00114	0.00403	0.04714	0.00315	0.02904

[dist]
# distance from previous block
# <min> <max>
0	6

[block]
# block no. 3 follows, 72 sequences, length 23
# corresponding to MSA columns:
# 82-104
name=unknown_D
#
# <colnr> <probs for GDERKNQSTAVLIFYWHMCP>
#	G	D	E	R	K	N	Q	S	T	A	V	L	I	F	Y	W	H	M	C	P
0	0.10721	0.00907	0.01335	0.01875	0.61554	0.05632	0.00992	0.01251	0.00875	0.10168	0.00769	0.00927	0.00610	0.00356	0.00359	0.00113	0.00433	0.00323	0.00223	0.00576
1	0.01292	0.00738	0.00813	0.00682	0.00896	0.08203	0.00537	0.16212	0.01119	0.38143	0.02886	0.17768	0.01200	0.00603	0.00390	0.00120	0.00339	0.00501	0.07022	0.00534
2	0.00902	0.01038	0.07522	0.01734	0.26614	0.00935	0.48093	0.01245	0.05683	0.01243	0.00790	0.01005	0.00610	0.00339	0.00416	0.00123	0.00558	0.00402	0.00200	0.00547
3	0.01058	0.68641	0.07625	0.00711	0.01049	0.01411	0.00712	0.12919	0.00918	0.01129	0.00593	0.00665	0.00509	0.00346	0.00271	0.00089	0.00418	0.00228	0.00193	0.00515
4	0.00572	0.00433	0.00486	0.00468	0.00595	0.00395	0.00357	0.03172	0.04715	0.04097	0.22025	0.07252	0.48899	0.00880	0.00446	0.00128	0.00213	0.04129	0.00374	0.00363
5	0.00469	0.00336	0.00447	0.00533	0.00561	0.00315	0.00363	0.00541	0.00736	0.00977	0.02124	0.80656	0.04236	0.01176	0.00485	0.00154	0.00226	0.05000	0.00352	0.00310
6	0.00668	0.00606	0.00979	0.60897	0.04793	0.00719	0.00875	0.00888	0.00798	0.01039	0.10115	0.04387	0.07504	0.00585	0.03487	0.00144	0.00452	0.00440	0.00218	0.00405
7	0.01116	0.01198	0.01099	0.00977	0.04182	0.32132	0.09290	0.06473	0.31676	0.01315	0.02608	0.01170	0.04147	0.00461	0.00379	0.00115	0.00484	0.00373	0.00287	0.00519
8	0.05367	0.00700	0.00809	0.00645	0.00886	0.00705	0.00526	0.25909	0.01201	0.35058	0.01211	0.01177	0.00835	0.00453	0.00345	0.00109	0.00313	0.00354	0.22837	0.00561
9	0.00494	0.00357	0.00475	0.00558	0.00600	0.00337	0.00406	0.00586	0.00766	0.01008	0.02171	0.63580	0.07062	0.01144	0.00491	0.00157	0.00247	0.18892	0.00351	0.00318
10	0.04732	0.00648	0.00869	0.00669	0.00960	0.00568	0.00552	0.01823	0.01070	0.81703	0.01463	0.01268	0.00921	0.00465	0.00376	0.00117	0.00322	0.00375	0.00461	0.00637
11	0.00896	0.00854	0.01452	0.09975	0.72919	0.00869	0.01117	0.01117	0.00848	0.01202	0.00773	0.04843	0.00679	0.00381	0.00381	0.00116	0.00445	0.00372	0.00193	0.00571
12	0.89350	0.00733	0.00557	0.00499	0.00733	0.00851	0.00411	0.01115	0.00645	0.01702	0.00528	0.00616	0.00411	0.00352	0.00235	0.00117	0.00293	0.00205	0.00235	0.00411
13	0.01210	0.00533	0.00693	0.00569	0.00779	0.00468	0.00455	0.01356	0.01023	0.49262	0.18812	0.01928	0.11516	0.02448	0.00428	0.00122	0.00267	0.00496	0.07118	0.00516
14	0.01026	0.73065	0.04783	0.00742	0.01069	0.07274	0.05458	0.01169	0.00800	0.00924	0.00551	0.00644	0.00492	0.00330	0.00266	0.00086	0.00444	0.00223	0.00166	0.00487
15	0.06237	0.03102	0.13867	0.01085	0.13760	0.07551	0.00846	0.17891	0.23930	0.01537	0.00940	0.00991	0.00717	0.00437	0.00413	0.00120	0.05393	0.00336	0.00278	0.00566
16	0.01236	0.00750	0.00864	0.00697	0.00932	0.00778	0.00563	0.32332	0.09614	0.23285	0.15668	0.01439	0.01313	0.00520	0.00382	0.00115	0.00318	0.00422	0.08209	0.00565
17	0.00959	0.00829	0.00988	0.01062	0.17187	0.00920	0.00703	0.08951	0.55573	0.01558	0.01456	0.01404	0.05706	0.00500	0.00387	0.00124	0.00334	0.00424	0.00345	0.00588
18	0.00492	0.00385	0.00494	0.00542	0.00583	0.00387	0.00382	0.00566	0.00740	0.00974	0.02289	0.62663	0.18214	0.01097	0.00545	0.00150	0.07885	0.00957	0.00335	0.00320
19	0.00489	0.00380	0.00444	0.00441	0.00540	0.00335	0.00326	0.00618	0.00941	0.01237	0.39005	0.12347	0.39727	0.00904	0.00452	0.00127	0.00189	0.00780	0.00381	0.00335
20	0.01008	0.39893	0.20586	0.00944	0.08861	0.07593	0.00870	0.09108	0.00908	0.01162	0.00629	0.00728	0.00516	0.00349	0.00305	0.00096	0.00460	0.00251	0.00191	0.05540
21	0.00846	0.00625	0.00707	0.00623	0.00769	0.04663	0.00487	0.08404	0.11600	0.09832	0.41882	0.02138	0.06705	0.00666	0.00470	0.00122	0.05682	0.01623	0.01706	0.00449
22	0.28913	0.04845	0.06103	0.00994	0.14837	0.14304	0.03537	0.03096	0.06304	0.01368	0.01792	0.00860	0.00603	0.00374	0.00315	0.00107	0.00416	0.01342	0.00228	0.09661

[dist]
# distance from previous block
# <min> <max>
1	8

[block]
# block no. 4 follows, 72 sequences, length 59
# corresponding to MSA columns:
# 113-171
name=unknown_E
#
# <colnr> <probs for GDERKNQSTAVLIFYWHMCP>
#	G	D	E	R	K	N	Q	S	T	A	V	L	I	F	Y	W	H	M	C	P
0	0.00900	0.16390	0.41182	0.01950	0.01335	0.02772	0.03219	0.08485	0.08655	0.02864	0.00878	0.05026	0.01692	0.00424	0.00352	0.00113	0.00468	0.00336	0.00222	0.02736
1	0.00493	0.00364	0.00459	0.00488	0.00552	0.00331	0.00343	0.00599	0.00851	0.01149	0.28183	0.43862	0.14485	0.03711	0.00509	0.00144	0.00209	0.00881	0.00366	0.02021
2	0.00852	0.03793	0.67647	0.01039	0.01545	0.00922	0.03279	0.11926	0.00933	0.01346	0.00788	0.00887	0.02582	0.00386	0.00364	0.00119	0.00531	0.00303	0.00195	0.00563
3	0.00765	0.00656	0.00758	0.00553	0.00872	0.00501	0.00441	0.00947	0.02589	0.01228	0.00928	0.01013	0.06780	0.00336	0.00296	0.00063	0.00275	0.00272	0.00238	0.80490
4	0.00462	0.00330	0.00440	0.00528	0.00550	0.00308	0.00352	0.00528	0.00726	0.00968	0.02090	0.86424	0.02508	0.01188	0.00484	0.00154	0.00220	0.01078	0.00352	0.00308
5	0.03879	0.00872	0.01087	0.00908	0.04580	0.09176	0.12005	0.11193	0.12729	0.28153	0.07036	0.01333	0.04341	0.00478	0.00390	0.00118	0.00400	0.00410	0.00354	0.00558
6	0.00532	0.00504	0.06728	0.00500	0.00633	0.00388	0.00419	0.00711	0.01003	0.01378	0.58683	0.02878	0.22652	0.00789	0.00441	0.00121	0.00210	0.00683	0.00383	0.00364
7	0.01593	0.00679	0.00875	0.00677	0.00957	0.00624	0.00557	0.12554	0.01157	0.67488	0.01399	0.01250	0.00902	0.00465	0.00372	0.00115	0.00324	0.00374	0.07013	0.00624
8	0.00946	0.00921	0.01512	0.02239	0.78777	0.02992	0.01139	0.01162	0.00857	0.01218	0.00701	0.00928	0.00594	0.00353	0.00411	0.00114	0.04025	0.00335	0.00187	0.00589
9	0.00480	0.00374	0.00438	0.00464	0.00554	0.00333	0.00343	0.00588	0.00863	0.01100	0.16507	0.25805	0.42236	0.00998	0.00464	0.00137	0.00210	0.07419	0.00363	0.00326
10	0.00461	0.00333	0.00437	0.00519	0.00548	0.00309	0.00348	0.00529	0.00734	0.00972	0.02195	0.81483	0.07382	0.01175	0.00482	0.00152	0.00218	0.01062	0.00352	0.00309
11	0.00955	0.00969	0.07743	0.05318	0.52947	0.00896	0.13629	0.01200	0.00861	0.06663	0.00759	0.00962	0.00601	0.00362	0.00426	0.00119	0.04463	0.00353	0.00203	0.00571
12	0.04085	0.01098	0.13654	0.02763	0.47390	0.04985	0.08111	0.05994	0.00912	0.03030	0.01672	0.00927	0.00608	0.00367	0.00397	0.00116	0.02784	0.00335	0.00205	0.00566
13	0.00562	0.00568	0.09481	0.00571	0.00697	0.00441	0.00488	0.00740	0.02192	0.01241	0.37511	0.14647	0.11227	0.07967	0.00594	0.00152	0.02569	0.07643	0.00345	0.00362
14	0.00593	0.00416	0.00555	0.00505	0.00616	0.00379	0.02402	0.00766	0.01048	0.05524	0.69649	0.02798	0.11762	0.00768	0.00444	0.00120	0.00199	0.00677	0.00408	0.00372
15	0.00865	0.02629	0.50197	0.01165	0.12177	0.00850	0.04167	0.04648	0.05474	0.06125	0.02250	0.05112	0.00742	0.00430	0.00377	0.00121	0.00487	0.01408	0.00221	0.00555
16	0.00909	0.08400	0.10443	0.07749	0.52386	0.00940	0.09214	0.01156	0.00845	0.02166	0.00724	0.02064	0.00599	0.00353	0.00371	0.00114	0.00476	0.00341	0.00187	0.00562
17	0.04805	0.07905	0.15596	0.05240	0.08326	0.13467	0.23345	0.03355	0.07117	0.03394	0.00887	0.01078	0.00703	0.00457	0.00447	0.00140	0.02524	0.00377	0.00254	0.00581
18	0.12338	0.12064	0.09109	0.01128	0.14074	0.35019	0.05711	0.04282	0.00939	0.01166	0.00623	0.00745	0.00506	0.00365	0.00331	0.00105	0.00540	0.00268	0.00198	0.00490
19	0.01167	0.00792	0.00878	0.00715	0.00934	0.02894	0.00571	0.41535	0.01311	0.13557	0.05696	0.02499	0.07003	0.07753	0.09737	0.00190	0.00437	0.00430	0.01376	0.00527
20	0.04150	0.11742	0.01165	0.00923	0.01135	0.72684	0.00713	0.01457	0.01026	0.00948	0.00577	0.00673	0.00486	0.00382	0.00327	0.00096	0.00639	0.00238	0.00193	0.00444
21	0.00466	0.00333	0.00440	0.00521	0.00547	0.00311	0.00348	0.00534	0.00734	0.00979	0.04313	0.80768	0.04075	0.03027	0.00514	0.00157	0.00222	0.01051	0.00351	0.00308
22	0.00517	0.00387	0.00480	0.00457	0.00555	0.00350	0.00343	0.00678	0.01028	0.01413	0.66634	0.03011	0.21118	0.00816	0.00448	0.00121	0.00182	0.00711	0.00403	0.00350
23	0.00459	0.00372	0.00408	0.00424	0.00525	0.00321	0.00309	0.00556	0.00852	0.01056	0.10573	0.21978	0.58855	0.00995	0.00456	0.00133	0.00197	0.00852	0.00358	0.00321
24	0.00525	0.00363	0.00482	0.00563	0.00609	0.00349	0.00420	0.00632	0.00774	0.01053	0.01997	0.55738	0.02289	0.01086	0.00478	0.00155	0.00254	0.24320	0.07590	0.00324
25	0.89350	0.00733	0.00557	0.00499	0.00733	0.00851	0.00411	0.01115	0.00645	0.01702	0.00528	0.00616	0.00411	0.00352	0.00235	0.00117	0.00293	0.00205	0.00235	0.00411
26	0.00939	0.00901	0.01539	0.02328	0.84306	0.00901	0.01164	0.01164	0.00864	0.01239	0.00713	0.00939	0.00601	0.00338	0.00375	0.00113	0.00451	0.00338	0.00188	0.00601
27	0.00895	0.01023	0.02238	0.01598	0.01982	0.00959	0.82928	0.01215	0.00895	0.01215	0.00767	0.01023	0.00575	0.00320	0.00448	0.00128	0.00639	0.00448	0.00192	0.00512
28	0.01605	0.07121	0.01007	0.00707	0.01005	0.00735	0.00593	0.15877	0.01183	0.64104	0.01323	0.01174	0.00854	0.00456	0.00371	0.00114	0.00345	0.00361	0.00431	0.00634
29	0.00474	0.00406	0.00409	0.00404	0.00537	0.00352	0.00304	0.00620	0.05132	0.01054	0.03723	0.03535	0.79872	0.00937	0.00445	0.00128	0.00198	0.00781	0.00354	0.00335
30	0.01014	0.86900	0.01987	0.00649	0.00973	0.01501	0.00649	0.01136	0.00771	0.00892	0.00527	0.00608	0.00487	0.00324	0.00243	0.00081	0.00406	0.00203	0.00162	0.00487
31	0.02826	0.68566	0.03884	0.00807	0.07190	0.04993	0.00708	0.05418	0.00841	0.01021	0.00567	0.00657	0.00502	0.00337	0.00267	0.00088	0.00423	0.00224	0.00178	0.00502
32	0.01014	0.86900	0.01987	0.00649	0.00973	0.01501	0.00649	0.01136	0.00771	0.00892	0.00527	0.00608	0.00487	0.00324	0.00243	0.00081	0.00406	0.00203	0.00162	0.00487
33	0.01245	0.00893	0.00906	0.00735	0.00958	0.08218	0.00583	0.44809	0.01345	0.10910	0.01033	0.02082	0.00814	0.10415	0.02550	0.00151	0.00408	0.00372	0.11039	0.00533
34	0.17779	0.01557	0.00973	0.00876	0.01084	0.65384	0.00667	0.02525	0.01005	0.04041	0.00612	0.00696	0.00492	0.00387	0.00324	0.00102	0.00595	0.00243	0.00215	0.00444
35	0.01072	0.01266	0.01385	0.01115	0.01351	0.38434	0.29064	0.01252	0.00950	0.01059	0.00968	0.01205	0.06817	0.00453	0.00443	0.00117	0.05499	0.03766	0.03334	0.00447
36	0.00888	0.00764	0.00861	0.00848	0.07115	0.00862	0.00610	0.01778	0.66417	0.01552	0.12544	0.01570	0.01441	0.00536	0.00393	0.00126	0.00295	0.00456	0.00375	0.00568
37	0.89350	0.00733	0.00557	0.00499	0.00733	0.00851	0.00411	0.01115	0.00645	0.01702	0.00528	0.00616	0.00411	0.00352	0.00235	0.00117	0.00293	0.00205	0.00235	0.00411
38	0.07489	0.00991	0.01999	0.01439	0.01805	0.00947	0.69205	0.05865	0.00923	0.01319	0.00754	0.00978	0.00567	0.00328	0.00422	0.00124	0.00588	0.00416	0.00207	0.03632
39	0.00571	0.00424	0.00555	0.00621	0.00718	0.00408	0.00532	0.00726	0.00871	0.01108	0.02460	0.04123	0.22391	0.01026	0.00505	0.00163	0.00310	0.61795	0.00350	0.00342
40	0.00461	0.00332	0.00438	0.00522	0.00549	0.00309	0.00349	0.00529	0.00732	0.00970	0.02163	0.82970	0.05915	0.01179	0.00483	0.00153	0.00219	0.01067	0.00352	0.00309
41	0.08204	0.00658	0.00860	0.00665	0.00954	0.00589	0.00549	0.03043	0.01064	0.77153	0.01415	0.01235	0.00895	0.00460	0.00370	0.00117	0.00322	0.00368	0.00451	0.00628
42	0.86991	0.00731	0.00566	0.00503	0.00740	0.00843	0.00415	0.01135	0.00657	0.03933	0.00554	0.00634	0.00425	0.00355	0.00239	0.00117	0.00294	0.00210	0.00241	0.00417
43	0.00467	0.00334	0.00446	0.00534	0.00558	0.00312	0.00361	0.00537	0.00731	0.00974	0.02087	0.83608	0.02497	0.01183	0.00485	0.00155	0.00224	0.03844	0.00352	0.00309
44	0.00462	0.00330	0.00440	0.00528	0.00550	0.00308	0.00352	0.00528	0.00726	0.00968	0.02090	0.86424	0.02508	0.01188	0.00484	0.00154	0.00220	0.01078	0.00352	0.00308
45	0.10400	0.04880	0.01152	0.01090	0.10657	0.59493	0.03644	0.02462	0.00997	0.01071	0.00603	0.00718	0.00498	0.00376	0.00335	0.00102	0.00601	0.00258	0.00200	0.00462
46	0.00659	0.00329	0.00494	0.00494	0.00494	0.00329	0.00329	0.00494	0.00494	0.00659	0.00659	0.01153	0.00659	0.01318	0.01482	0.88966	0.00329	0.00329	0.00165	0.00165
47	0.00851	0.00724	0.00876	0.00731	0.07749	0.00592	0.00530	0.07543	0.00873	0.01328	0.00696	0.00809	0.00572	0.00299	0.00296	0.00065	0.00306	0.00243	0.00234	0.74682
48	0.00863	0.00972	0.02104	0.01519	0.01876	0.00911	0.76798	0.01164	0.00883	0.01197	0.00865	0.07363	0.00719	0.00384	0.00450	0.00130	0.00608	0.00494	0.00204	0.00496
49	0.01615	0.00627	0.00849	0.00658	0.00937	0.00542	0.00541	0.01761	0.01078	0.78559	0.04920	0.01428	0.03677	0.00497	0.00386	0.00118	0.00313	0.00407	0.00464	0.00623
50	0.01019	0.00914	0.00896	0.00796	0.01016	0.07854	0.00620	0.07989	0.70788	0.01592	0.01418	0.01318	0.01065	0.00500	0.00382	0.00125	0.00340	0.00407	0.00370	0.00590
51	0.01398	0.01693	0.01071	0.00959	0.01158	0.76807	0.02371	0.01500	0.01058	0.05289	0.00653	0.00770	0.00537	0.02664	0.00388	0.00106	0.00656	0.00264	0.00211	0.00446
52	0.01535	0.00603	0.00810	0.00634	0.00896	0.00526	0.00519	0.01686	0.01061	0.71669	0.07535	0.01414	0.01135	0.00490	0.00377	0.00115	0.00300	0.00401	0.07695	0.00600
53	0.01403	0.00757	0.00888	0.00702	0.00961	0.00768	0.00572	0.29706	0.07333	0.37450	0.01258	0.01200	0.00863	0.01450	0.00382	0.00116	0.00334	0.00369	0.12894	0.00596
54	0.00932	0.00933	0.03327	0.07741	0.75014	0.03041	0.01151	0.01161	0.00861	0.01213	0.00707	0.00934	0.00589	0.00342	0.00375	0.00113	0.00463	0.00334	0.00186	0.00584
55	0.00523	0.00383	0.00491	0.00473	0.00561	0.00351	0.00351	0.00687	0.01029	0.01436	0.70939	0.09037	0.10678	0.00822	0.00450	0.00123	0.00183	0.00725	0.00407	0.00351
56	0.00797	0.03950	0.59434	0.01046	0.03528	0.00880	0.05330	0.02910	0.10164	0.01277	0.05446	0.01028	0.01722	0.00406	0.00371	0.00120	0.00500	0.00335	0.00209	0.00549
57	0.00540	0.00418	0.00506	0.05316	0.00668	0.00382	0.00361	0.00639	0.00806	0.01067	0.17716	0.13405	0.28415	0.15408	0.00720	0.03296	0.00255	0.00672	0.00314	0.09095
58	0.03367	0.18196	0.10850	0.00926	0.08365	0.10676	0.04686	0.13208	0.00976	0.01270	0.05091	0.18631	0.01094	0.00559	0.00370	0.00115	0.00420	0.00466	0.00256	0.00479

[dist]
# distance from previous block
# <min> <max>
2	8

[block]
# block no. 5 follows, 72 sequences, length 53
# corresponding to MSA columns:
# 180-232
name=unknown_F
#
# <colnr> <probs for GDERKNQSTAVLIFYWHMCP>
#	G	D	E	R	K	N	Q	S	T	A	V	L	I	F	Y	W	H	M	C	P
0	0.00888	0.01008	0.14538	0.14798	0.25510	0.03115	0.03432	0.10013	0.07450	0.01318	0.05905	0.01193	0.02841	0.03628	0.00462	0.00129	0.02635	0.00377	0.00236	0.00524
1	0.00654	0.00410	0.00517	0.00482	0.00589	0.00372	0.00359	0.00799	0.00984	0.10574	0.51518	0.07376	0.14465	0.06561	0.00538	0.00138	0.00212	0.00674	0.02404	0.00373
2	0.00888	0.00882	0.07794	0.15474	0.18960	0.01959	0.06115	0.08812	0.18017	0.02490	0.03463	0.02301	0.01859	0.06281	0.02929	0.00152	0.00445	0.00400	0.00259	0.00518
3	0.00564	0.00391	0.00504	0.00481	0.00575	0.00357	0.00359	0.00725	0.01027	0.04334	0.67586	0.09961	0.10074	0.00815	0.00448	0.00123	0.00189	0.00718	0.00408	0.00361
4	0.00924	0.00915	0.09279	0.00795	0.01034	0.00916	0.00678	0.06975	0.61475	0.01573	0.07357	0.01405	0.01211	0.00519	0.00415	0.00127	0.03043	0.00424	0.00358	0.00576
5	0.00775	0.00721	0.01191	0.70152	0.13336	0.00868	0.01052	0.04098	0.00808	0.01058	0.00685	0.00995	0.00523	0.00381	0.00393	0.00125	0.01870	0.00337	0.00179	0.00453
6	0.00761	0.01962	0.84707	0.01081	0.01641	0.00881	0.01401	0.01201	0.00801	0.01201	0.00681	0.00801	0.00480	0.00360	0.00360	0.00120	0.00560	0.00280	0.00160	0.00560
7	0.00514	0.00414	0.00462	0.00445	0.00564	0.00376	0.00335	0.00707	0.06515	0.01247	0.33530	0.03196	0.48605	0.00862	0.00444	0.00125	0.00194	0.00733	0.00379	0.00353
8	0.01006	0.84126	0.04689	0.00663	0.00995	0.01480	0.00673	0.01138	0.00772	0.00902	0.00532	0.00615	0.00486	0.00326	0.00247	0.00082	0.00411	0.00205	0.00162	0.00489
9	0.69855	0.02906	0.01871	0.00591	0.00833	0.10552	0.00489	0.06860	0.00779	0.01635	0.00563	0.00647	0.00439	0.00363	0.00259	0.00114	0.00353	0.00220	0.00238	0.00434
10	0.89350	0.00733	0.00557	0.00499	0.00733	0.00851	0.00411	0.01115	0.00645	0.01702	0.00528	0.00616	0.00411	0.00352	0.00235	0.00117	0.00293	0.00205	0.00235	0.00411
11	0.00944	0.01456	0.47630	0.00983	0.03488	0.03769	0.03475	0.07794	0.06227	0.10807	0.07508	0.01099	0.00856	0.01811	0.00400	0.00123	0.00476	0.00348	0.00252	0.00553
12	0.01836	0.13996	0.56780	0.01078	0.01564	0.01956	0.12788	0.03612	0.00840	0.01196	0.00675	0.00804	0.00499	0.00352	0.00355	0.00115	0.00544	0.00293	0.00173	0.00542
13	0.00756	0.00632	0.00691	0.00635	0.00801	0.00690	0.00489	0.01434	0.48368	0.01468	0.22591	0.02116	0.14530	0.00700	0.02267	0.00137	0.00269	0.00550	0.00385	0.00491
14	0.00497	0.00366	0.00465	0.00482	0.00553	0.00334	0.00346	0.00622	0.00916	0.01247	0.42504	0.33386	0.14976	0.00953	0.00461	0.00133	0.00196	0.00845	0.00384	0.00334
15	0.00991	0.01035	0.14587	0.07145	0.23066	0.02001	0.03003	0.25768	0.01143	0.02471	0.07859	0.03389	0.04915	0.00469	0.00388	0.00118	0.00428	0.00402	0.00274	0.00550
16	0.09060	0.00690	0.00867	0.00685	0.00962	0.00650	0.00568	0.11550	0.01119	0.62186	0.01376	0.01380	0.00938	0.00495	0.00378	0.00121	0.00333	0.05607	0.00431	0.00606
17	0.01033	0.01903	0.06832	0.04460	0.33282	0.00844	0.01756	0.14630	0.04408	0.08178	0.00830	0.00942	0.00637	0.00366	0.00356	0.00103	0.00405	0.00319	0.00255	0.18461
18	0.00472	0.00331	0.00441	0.00523	0.00543	0.00311	0.00347	0.00528	0.00712	0.00950	0.02012	0.80664	0.02409	0.04303	0.00568	0.02979	0.00229	0.01035	0.00342	0.00301
19	0.00786	0.00674	0.00786	0.00562	0.00899	0.00506	0.00449	0.00955	0.00786	0.01236	0.00674	0.00786	0.00562	0.00281	0.00281	0.00056	0.00281	0.00225	0.00225	0.88990
20	0.06261	0.00407	0.00527	0.00604	0.00672	0.00404	0.00476	0.00687	0.00792	0.01095	0.01982	0.40853	0.03662	0.01064	0.00486	0.00161	0.00285	0.38904	0.00343	0.00334
21	0.00499	0.00384	0.00455	0.00442	0.00544	0.00341	0.00330	0.00640	0.00977	0.01302	0.49003	0.06082	0.35902	0.00864	0.00449	0.00124	0.00186	0.00746	0.00389	0.00341
22	0.00463	0.00380	0.00408	0.00411	0.00524	0.00325	0.00304	0.00569	0.00884	0.01095	0.15885	0.10571	0.64964	0.00952	0.00451	0.00129	0.00192	0.00807	0.00362	0.00325
23	0.00984	0.00835	0.00881	0.00780	0.01002	0.00962	0.00610	0.08684	0.76886	0.01653	0.01492	0.01373	0.01116	0.00510	0.00385	0.00127	0.00310	0.00422	0.00385	0.00604
24	0.00948	0.00762	0.00818	0.00733	0.00938	0.00864	0.00570	0.01882	0.71016	0.05883	0.06839	0.01500	0.01295	0.00526	0.00385	0.00126	0.00289	0.00440	0.03609	0.00578
25	0.01014	0.86900	0.01987	0.00649	0.00973	0.01501	0.00649	0.01136	0.00771	0.00892	0.00527	0.00608	0.00487	0.00324	0.00243	0.00081	0.00406	0.00203	0.00162	0.00487
26	0.00462	0.00330	0.00440	0.00528	0.00550	0.00308	0.00352	0.00528	0.00726	0.00968	0.02090	0.86424	0.02508	0.01188	0.00484	0.00154	0.00220	0.01078	0.00352	0.00308
27	0.06080	0.00678	0.01102	0.80601	0.02498	0.00843	0.01014	0.00978	0.00752	0.01013	0.00665	0.00987	0.00500	0.00378	0.00370	0.00126	0.00493	0.00329	0.00173	0.00421
28	0.00462	0.00330	0.00440	0.00528	0.00550	0.00308	0.00352	0.00528	0.00726	0.00968	0.02090	0.86424	0.02508	0.01188	0.00484	0.00154	0.00220	0.01078	0.00352	0.00308
29	0.01417	0.01808	0.01075	0.00977	0.01172	0.85149	0.00733	0.01514	0.01075	0.00928	0.00586	0.00684	0.00489	0.00391	0.00342	0.00098	0.00684	0.00244	0.00195	0.00440
30	0.00814	0.01225	0.33337	0.00998	0.04441	0.00838	0.09887	0.02282	0.26837	0.01377	0.11730	0.01325	0.02280	0.00466	0.00391	0.00123	0.00428	0.00407	0.00274	0.00541
31	0.00786	0.00674	0.00786	0.00562	0.00899	0.00506	0.00449	0.00955	0.00786	0.01236	0.00674	0.00786	0.00562	0.00281	0.00281	0.00056	0.00281	0.00225	0.00225	0.88990
32	0.00761	0.00720	0.01219	0.68805	0.19214	0.00854	0.01076	0.01009	0.00780	0.01024	0.00682	0.00996	0.00525	0.00371	0.00378	0.00124	0.00494	0.00337	0.00172	0.00458
33	0.00543	0.00402	0.00586	0.00586	0.00645	0.00461	0.00445	0.00662	0.00603	0.00863	0.01037	0.01610	0.01000	0.12962	0.75122	0.00580	0.00938	0.00424	0.00206	0.00325
34	0.01136	0.00533	0.00707	0.00588	0.00784	0.00481	0.00467	0.01334	0.04321	0.43087	0.39519	0.02005	0.02162	0.00612	0.00412	0.00119	0.00256	0.00523	0.00442	0.00511
35	0.15651	0.00868	0.00941	0.00877	0.08318	0.00960	0.00642	0.24206	0.34376	0.01774	0.01069	0.01059	0.00803	0.00440	0.00351	0.00116	0.00343	0.00346	0.00331	0.06527
36	0.00462	0.00330	0.00440	0.00528	0.00550	0.00308	0.00352	0.00528	0.00726	0.00968	0.02090	0.86424	0.02508	0.01188	0.00484	0.00154	0.00220	0.01078	0.00352	0.00308
37	0.00914	0.00783	0.01108	0.00800	0.01141	0.00669	0.16372	0.10110	0.00929	0.04511	0.00749	0.00865	0.00588	0.00315	0.00328	0.00079	0.00367	0.00286	0.00245	0.58842
38	0.01221	0.03771	0.01281	0.01488	0.33307	0.48137	0.00897	0.03453	0.01003	0.01085	0.00642	0.00786	0.00536	0.00370	0.00353	0.00103	0.00579	0.00282	0.00196	0.00508
39	0.00512	0.00403	0.00511	0.00600	0.05105	0.00370	0.00419	0.00621	0.00822	0.01049	0.04700	0.32820	0.33707	0.01019	0.00471	0.00145	0.00245	0.15801	0.00344	0.00337
40	0.00611	0.00437	0.00611	0.00698	0.00786	0.00437	0.00611	0.00786	0.00873	0.01135	0.02008	0.04278	0.02183	0.01048	0.00524	0.00175	0.00349	0.81753	0.00349	0.00349
41	0.00939	0.00901	0.01539	0.02328	0.84306	0.00901	0.01164	0.01164	0.00864	0.01239	0.00713	0.00939	0.00601	0.00338	0.00375	0.00113	0.00451	0.00338	0.00188	0.00601
42	0.01510	0.00603	0.00819	0.00642	0.00902	0.00525	0.00525	0.01662	0.01084	0.70933	0.15059	0.01544	0.01372	0.00520	0.00392	0.00118	0.00299	0.00431	0.00461	0.00598
43	0.00939	0.00901	0.01539	0.02328	0.84306	0.00901	0.01164	0.01164	0.00864	0.01239	0.00713	0.00939	0.00601	0.00338	0.00375	0.00113	0.00451	0.00338	0.00188	0.00601
44	0.00949	0.00940	0.01469	0.10323	0.70796	0.06562	0.01124	0.01169	0.00868	0.01192	0.00701	0.00929	0.00584	0.00345	0.00374	0.00113	0.00472	0.00332	0.00186	0.00573
45	0.00901	0.00866	0.01500	0.02127	0.71796	0.00859	0.06667	0.01126	0.00875	0.01249	0.05795	0.02930	0.00821	0.00382	0.00387	0.00115	0.00442	0.00383	0.00206	0.00574
46	0.00804	0.00701	0.00875	0.00771	0.10761	0.00552	0.00534	0.00980	0.00796	0.01236	0.00679	0.00804	0.00566	0.00288	0.00292	0.00063	0.00301	0.00238	0.00220	0.78539
47	0.00495	0.00382	0.00459	0.00508	0.00587	0.00351	0.00377	0.00618	0.03076	0.01034	0.02731	0.38820	0.33610	0.01059	0.00474	0.00147	0.00233	0.14358	0.00353	0.00328
48	0.00859	0.06651	0.56998	0.01146	0.11598	0.01867	0.01197	0.01239	0.03305	0.05408	0.00741	0.00847	0.00544	0.00361	0.00352	0.00113	0.00503	0.00289	0.00190	0.05791
49	0.00863	0.00773	0.01216	0.01709	0.55218	0.00772	0.00906	0.03522	0.05986	0.02789	0.13582	0.01500	0.08564	0.00476	0.00394	0.00116	0.00374	0.00438	0.00260	0.00541
50	0.00542	0.00514	0.07655	0.00583	0.00677	0.00407	0.00461	0.03267	0.02629	0.01134	0.14495	0.59658	0.03571	0.01012	0.00462	0.00144	0.00252	0.01835	0.00347	0.00355
51	0.02925	0.11494	0.10957	0.01549	0.41322	0.02468	0.00978	0.08182	0.12777	0.02512	0.00827	0.00942	0.00655	0.00377	0.00356	0.00112	0.00432	0.00324	0.00231	0.00580
52	0.00687	0.00464	0.00576	0.00531	0.00678	0.00399	0.00394	0.00822	0.02151	0.10179	0.15560	0.33747	0.11079	0.00804	0.00416	0.00119	0.00236	0.00707	0.00348	0.20104

[dist]
# distance from previous block
# <min> <max>
3	9

[block]
# block no. 6 follows, 72 sequences, length 36
# corresponding to MSA columns:
# 242-277
name=unknown_G
#
# <colnr> <probs for GDERKNQSTAVLIFYWHMCP>
#	G	D	E	R	K	N	Q	S	T	A	V	L	I	F	Y	W	H	M	C	P
0	0.00629	0.05723	0.06773	0.00576	0.00728	0.00534	0.00479	0.02255	0.10802	0.02454	0.12320	0.25483	0.21668	0.03010	0.00467	0.00137	0.00268	0.03590	0.00336	0.01767
1	0.03249	0.04358	0.26162	0.00963	0.03789	0.19927	0.03027	0.09645	0.14821	0.05704	0.04094	0.00991	0.00761	0.00421	0.00362	0.00114	0.00490	0.00326	0.00258	0.00539
2	0.07264	0.01049	0.03699	0.01037	0.13453	0.18863	0.07177	0.09732	0.02050	0.05156	0.00758	0.00867	0.00592	0.00361	0.00336	0.00097	0.00442	0.00292	0.04342	0.22434
3	0.00812	0.00811	0.03466	0.49905	0.17962	0.00872	0.14589	0.01098	0.03327	0.02431	0.00737	0.01011	0.00561	0.00367	0.00390	0.00124	0.00509	0.00358	0.00187	0.00483
4	0.00502	0.00350	0.00454	0.00513	0.00560	0.00321	0.00352	0.00586	0.00786	0.03284	0.11256	0.67478	0.09940	0.01103	0.00474	0.00147	0.00216	0.00991	0.00362	0.00324
5	0.00868	0.01523	0.45726	0.05277	0.19947	0.07204	0.05446	0.01266	0.06898	0.01207	0.00748	0.00889	0.00563	0.00368	0.00370	0.00118	0.00528	0.00313	0.00187	0.00554
6	0.00600	0.00494	0.00596	0.00556	0.00688	0.00487	0.03320	0.00936	0.18753	0.01299	0.27737	0.12528	0.28920	0.00811	0.00439	0.00129	0.00230	0.00705	0.00374	0.00398
7	0.00585	0.00453	0.00547	0.00585	0.02172	0.01461	0.00409	0.04548	0.08503	0.01197	0.16099	0.49467	0.09809	0.00974	0.00457	0.00140	0.00238	0.01625	0.00363	0.00368
8	0.01007	0.01113	0.16150	0.06867	0.38907	0.00949	0.08288	0.17919	0.01041	0.02985	0.00765	0.00927	0.00587	0.00369	0.00380	0.00116	0.00481	0.00339	0.00226	0.00585
9	0.00526	0.00382	0.00496	0.00495	0.00574	0.00364	0.00365	0.00663	0.00904	0.02091	0.43676	0.17152	0.13379	0.03939	0.11991	0.00202	0.00311	0.01788	0.00362	0.00340
10	0.04012	0.02746	0.52919	0.00970	0.02217	0.08259	0.01107	0.03785	0.02168	0.04734	0.02779	0.01278	0.00789	0.00464	0.00376	0.00124	0.00506	0.10028	0.00218	0.00521
11	0.00779	0.04752	0.78250	0.01047	0.01582	0.00885	0.01337	0.01196	0.00799	0.02595	0.00698	0.00821	0.00501	0.00428	0.02632	0.00132	0.00563	0.00283	0.00167	0.00553
12	0.00859	0.00672	0.00794	0.00571	0.00904	0.00510	0.00458	0.01025	0.00810	0.07801	0.00739	0.00826	0.00591	0.00296	0.00289	0.00061	0.00284	0.00237	0.00244	0.82030
13	0.00934	0.00814	0.06978	0.00820	0.08894	0.01880	0.02750	0.06026	0.00905	0.11041	0.02070	0.01071	0.05638	0.00374	0.00331	0.00084	0.00339	0.00311	0.00263	0.48476
14	0.01111	0.00765	0.03943	0.00821	0.05718	0.00729	0.02650	0.06551	0.19577	0.25554	0.10023	0.01345	0.01955	0.00488	0.00429	0.00115	0.05439	0.00398	0.00355	0.12035
15	0.00790	0.00824	0.06255	0.53913	0.28787	0.00864	0.01110	0.01045	0.00795	0.01070	0.00687	0.00975	0.00535	0.00365	0.00377	0.00122	0.00491	0.00334	0.00174	0.00487
16	0.03820	0.03102	0.08088	0.06501	0.30617	0.01585	0.10331	0.15459	0.02774	0.07361	0.00808	0.00942	0.00614	0.00371	0.00370	0.00112	0.00451	0.00336	0.00246	0.06114
17	0.04406	0.00764	0.01125	0.00963	0.10021	0.02108	0.12813	0.02491	0.00956	0.38147	0.01052	0.01055	0.00729	0.00383	0.00361	0.00104	0.00380	0.00340	0.00326	0.21475
18	0.80904	0.00698	0.00543	0.00489	0.00710	0.00804	0.00400	0.01087	0.00670	0.01678	0.03539	0.00742	0.00557	0.00372	0.00244	0.00116	0.00282	0.00231	0.05527	0.00405
19	0.02498	0.00620	0.07699	0.00738	0.10682	0.00506	0.00537	0.00860	0.06550	0.02490	0.28729	0.02573	0.32615	0.00726	0.00422	0.00122	0.00261	0.00621	0.00339	0.00412
20	0.00808	0.00744	0.01204	0.03161	0.50370	0.00741	0.03741	0.01052	0.04718	0.01240	0.08749	0.01792	0.10433	0.00530	0.00409	0.00123	0.00387	0.09031	0.00253	0.00515
21	0.00528	0.00377	0.00487	0.00476	0.00546	0.00352	0.00342	0.00671	0.00964	0.01352	0.63082	0.14120	0.03171	0.11096	0.00630	0.00154	0.00207	0.00723	0.00386	0.00336
22	0.13616	0.11709	0.10497	0.00921	0.09354	0.12437	0.00739	0.08927	0.10819	0.08228	0.00842	0.00914	0.00649	0.00540	0.05437	0.00139	0.00464	0.00299	0.00256	0.03212
23	0.01310	0.08509	0.01173	0.00865	0.01127	0.13573	0.00710	0.50170	0.10461	0.01869	0.00874	0.00901	0.00655	0.00454	0.00415	0.00113	0.05594	0.00324	0.00321	0.00582
24	0.00560	0.00413	0.00527	0.00494	0.00591	0.00392	0.00372	0.00791	0.05881	0.01525	0.79298	0.02750	0.03437	0.00760	0.00444	0.00120	0.00186	0.00671	0.00416	0.00372
25	0.00978	0.73351	0.07916	0.00665	0.00994	0.01361	0.00680	0.01122	0.00786	0.02985	0.00762	0.00822	0.05534	0.00369	0.00268	0.00088	0.00402	0.00249	0.00181	0.00486
26	0.00850	0.13573	0.65691	0.01021	0.01528	0.00953	0.04496	0.01226	0.00815	0.05461	0.00705	0.00808	0.00509	0.00359	0.00349	0.00115	0.00530	0.00281	0.00178	0.00553
27	0.00470	0.00333	0.00438	0.00518	0.00538	0.00314	0.00341	0.00530	0.00710	0.00947	0.02008	0.78735	0.02405	0.09019	0.00617	0.00174	0.00234	0.01030	0.00341	0.00301
28	0.00546	0.00417	0.00479	0.00465	0.00568	0.00386	0.00341	0.05564	0.00945	0.01237	0.28915	0.14615	0.35962	0.07174	0.00557	0.00146	0.00218	0.00756	0.00366	0.00343
29	0.04013	0.07461	0.20923	0.00865	0.01212	0.04848	0.03087	0.21804	0.12156	0.18374	0.01000	0.00990	0.00706	0.00424	0.00362	0.00115	0.00430	0.00331	0.00312	0.00587
30	0.00934	0.00921	0.01516	0.03280	0.61884	0.04512	0.10846	0.02543	0.00867	0.01203	0.00743	0.01030	0.00637	0.05543	0.00490	0.00130	0.01811	0.00360	0.00194	0.00556
31	0.00467	0.00341	0.00441	0.00519	0.00557	0.00315	0.00357	0.00542	0.00749	0.00983	0.02293	0.72865	0.12112	0.01155	0.00482	0.00152	0.00223	0.04784	0.00352	0.00311
32	0.00925	0.00863	0.01433	0.09213	0.64992	0.00882	0.03396	0.06000	0.00892	0.01254	0.00752	0.01038	0.00641	0.05545	0.00472	0.00130	0.00454	0.00354	0.00200	0.00563
33	0.00965	0.13962	0.42942	0.03518	0.01391	0.08520	0.04823	0.02666	0.00858	0.10362	0.00779	0.00936	0.00595	0.05566	0.00443	0.00127	0.00511	0.00304	0.00208	0.00523
34	0.00959	0.13979	0.05035	0.03046	0.04607	0.03545	0.00585	0.03966	0.08038	0.18133	0.06568	0.21225	0.02208	0.05816	0.00480	0.00136	0.00339	0.00541	0.00320	0.00473
35	0.10534	0.00804	0.01220	0.01755	0.58441	0.02315	0.00914	0.01059	0.00832	0.01245	0.03951	0.01292	0.07912	0.05607	0.00462	0.00130	0.00401	0.00387	0.00218	0.00522

[dist]
# distance from previous block
# <min> <max>
0	436

# created by:
# /st0/software/busco_prod/Augustus/scripts/msa2prfl.pl ./align_prep/23723.fa
