[name]
unknown

[dist]
# distance from previous block
# <min> <max>
6	15

[block]
# block no. 0 follows, 69 sequences, length 7
# corresponding to MSA columns:
# 15-21
name=unknown_A
#
# <colnr> <probs for GDERKNQSTAVLIFYWHMCP>
#	G	D	E	R	K	N	Q	S	T	A	V	L	I	F	Y	W	H	M	C	P
0	0.17875	0.03988	0.01056	0.00927	0.03474	0.48336	0.00703	0.08668	0.01046	0.04313	0.00656	0.00752	0.00525	0.00419	0.00393	0.00111	0.05776	0.00266	0.00234	0.00480
1	0.06539	0.23852	0.10727	0.00870	0.01192	0.16178	0.03432	0.21255	0.05975	0.05306	0.00787	0.00838	0.00604	0.00405	0.00340	0.00108	0.00482	0.00292	0.00262	0.00554
2	0.21955	0.00979	0.11514	0.10345	0.13504	0.05977	0.04698	0.01202	0.04904	0.05244	0.06591	0.01077	0.00817	0.00577	0.05366	0.00154	0.04016	0.00344	0.00241	0.00494
3	0.00878	0.11950	0.06827	0.06083	0.04412	0.01038	0.33091	0.01123	0.02518	0.01119	0.03109	0.01097	0.00709	0.05697	0.00689	0.00148	0.18432	0.00397	0.00198	0.00485
4	0.00525	0.00401	0.00558	0.11233	0.00851	0.00401	0.00467	0.00635	0.00801	0.01059	0.08386	0.58700	0.07623	0.01066	0.00484	0.00152	0.00267	0.05705	0.00345	0.00341
5	0.01412	0.12540	0.01230	0.00967	0.01186	0.74165	0.00747	0.01516	0.01071	0.00955	0.00598	0.00697	0.00505	0.00395	0.00341	0.00099	0.00671	0.00247	0.00198	0.00461
6	0.01245	0.00988	0.00998	0.06148	0.04882	0.15441	0.00691	0.16943	0.21639	0.16876	0.05541	0.04759	0.01056	0.00516	0.00396	0.00122	0.00417	0.00416	0.00356	0.00572

[dist]
# distance from previous block
# <min> <max>
19	102

[block]
# block no. 1 follows, 69 sequences, length 23
# corresponding to MSA columns:
# 136-158
name=unknown_B
#
# <colnr> <probs for GDERKNQSTAVLIFYWHMCP>
#	G	D	E	R	K	N	Q	S	T	A	V	L	I	F	Y	W	H	M	C	P
0	0.03013	0.00978	0.07097	0.01270	0.20744	0.06901	0.12518	0.01399	0.07285	0.17747	0.04129	0.01110	0.00822	0.00403	0.00383	0.00112	0.00442	0.00365	0.00282	0.13000
1	0.00997	0.00885	0.01478	0.01268	0.12572	0.00862	0.28546	0.03714	0.11722	0.08794	0.02290	0.01091	0.00757	0.00399	0.00453	0.00117	0.05703	0.00387	0.00264	0.17700
2	0.00962	0.00919	0.01550	0.02309	0.79375	0.00910	0.01164	0.01192	0.00888	0.01281	0.00735	0.00962	0.00619	0.00346	0.00383	0.00113	0.00456	0.00343	0.00196	0.05296
3	0.00943	0.00904	0.01542	0.12275	0.74122	0.00924	0.01190	0.01179	0.00880	0.01248	0.00733	0.00979	0.00609	0.00354	0.00389	0.00118	0.00473	0.00349	0.00192	0.00599
4	0.00970	0.00931	0.01591	0.02406	0.83777	0.00931	0.01203	0.01203	0.00893	0.01281	0.00737	0.00970	0.00621	0.00349	0.00388	0.00116	0.00466	0.00349	0.00194	0.00621
5	0.00944	0.00905	0.01544	0.11927	0.74462	0.00925	0.01190	0.01180	0.00880	0.01249	0.00733	0.00979	0.00610	0.00354	0.00389	0.00118	0.00472	0.00349	0.00192	0.00600
6	0.00786	0.02028	0.84191	0.01117	0.01697	0.00910	0.01448	0.01242	0.00828	0.01242	0.00704	0.00828	0.00497	0.00372	0.00372	0.00124	0.00579	0.00290	0.00166	0.00579
7	0.00970	0.00931	0.01591	0.02406	0.83777	0.00931	0.01203	0.01203	0.00893	0.01281	0.00737	0.00970	0.00621	0.00349	0.00388	0.00116	0.00466	0.00349	0.00194	0.00621
8	0.00478	0.00341	0.00455	0.00546	0.00569	0.00318	0.00364	0.00546	0.00751	0.01001	0.02161	0.85966	0.02593	0.01228	0.00500	0.00159	0.00227	0.01114	0.00364	0.00318
9	0.01490	0.01098	0.01177	0.00902	0.01216	0.01216	0.00745	0.82470	0.01843	0.02471	0.00941	0.00941	0.00667	0.00471	0.00392	0.00118	0.00431	0.00353	0.00392	0.00667
10	0.01655	0.00835	0.01013	0.00777	0.01084	0.00825	0.00642	0.33195	0.01402	0.52369	0.01312	0.01182	0.00852	0.00480	0.00393	0.00120	0.00372	0.00378	0.00449	0.00667
11	0.00478	0.00341	0.00455	0.00546	0.00569	0.00318	0.00364	0.00546	0.00751	0.01001	0.02161	0.85966	0.02593	0.01228	0.00500	0.00159	0.00227	0.01114	0.00364	0.00318
12	0.00731	0.00365	0.00365	0.00365	0.00457	0.00365	0.00274	0.00913	0.00822	0.01462	0.01279	0.01462	0.01005	0.00457	0.00274	0.00091	0.00183	0.00365	0.88399	0.00365
13	0.00970	0.00931	0.01591	0.02406	0.83777	0.00931	0.01203	0.01203	0.00893	0.01281	0.00737	0.00970	0.00621	0.00349	0.00388	0.00116	0.00466	0.00349	0.00194	0.00621
14	0.00975	0.00842	0.00886	0.00798	0.01019	0.00975	0.00621	0.02083	0.83069	0.01640	0.01596	0.01463	0.01197	0.00532	0.00399	0.00133	0.00310	0.00443	0.00399	0.00621
15	0.00813	0.00697	0.00813	0.00581	0.00929	0.00523	0.00465	0.00987	0.00813	0.01277	0.00697	0.00813	0.00581	0.00290	0.00290	0.00058	0.00290	0.00232	0.00232	0.88619
16	0.00813	0.00697	0.00813	0.00581	0.00929	0.00523	0.00465	0.00987	0.00813	0.01277	0.00697	0.00813	0.00581	0.00290	0.00290	0.00058	0.00290	0.00232	0.00232	0.88619
17	0.01469	0.01097	0.01219	0.00930	0.01247	0.01207	0.03794	0.79435	0.01809	0.02425	0.00936	0.00946	0.00664	0.00465	0.00395	0.00118	0.00440	0.00357	0.00385	0.00662
18	0.00498	0.00382	0.00458	0.00497	0.00571	0.00348	0.00350	0.00622	0.03213	0.01116	0.13780	0.45291	0.29303	0.01073	0.00480	0.00145	0.00215	0.00946	0.00374	0.00338
19	0.00499	0.00399	0.00447	0.00435	0.00552	0.00346	0.00326	0.00632	0.00979	0.01261	0.35360	0.03440	0.52103	0.00917	0.00463	0.00129	0.00193	0.00781	0.00391	0.00346
20	0.00858	0.00817	0.01389	0.42795	0.44264	0.00902	0.01147	0.01105	0.00840	0.01145	0.00718	0.01007	0.00573	0.00370	0.00390	0.00123	0.00493	0.00349	0.00184	0.00531
21	0.01050	0.00943	0.00921	0.00823	0.01045	0.08891	0.00645	0.08930	0.64402	0.01625	0.01468	0.01486	0.01135	0.00541	0.00401	0.00131	0.00361	0.04228	0.00378	0.00597
22	0.00808	0.00747	0.01219	0.69967	0.10962	0.00904	0.01076	0.05436	0.00848	0.01109	0.00710	0.01027	0.00540	0.00399	0.00415	0.00130	0.02701	0.00349	0.00188	0.00467

[dist]
# distance from previous block
# <min> <max>
0	1

[block]
# block no. 2 follows, 69 sequences, length 152
# corresponding to MSA columns:
# 161-312
name=unknown_C
#
# <colnr> <probs for GDERKNQSTAVLIFYWHMCP>
#	G	D	E	R	K	N	Q	S	T	A	V	L	I	F	Y	W	H	M	C	P
0	0.79533	0.00894	0.09543	0.00580	0.00859	0.00883	0.00534	0.01162	0.00684	0.01703	0.00563	0.00657	0.00432	0.00365	0.00257	0.00122	0.00333	0.00221	0.00234	0.00441
1	0.00776	0.04834	0.01235	0.60303	0.16846	0.00875	0.01031	0.01014	0.00812	0.01052	0.00936	0.01211	0.06618	0.00426	0.00390	0.00126	0.00484	0.00377	0.00191	0.00464
2	0.11466	0.61727	0.01651	0.00648	0.00932	0.02483	0.00614	0.01107	0.00794	0.01057	0.03804	0.00948	0.06504	0.00420	0.00324	0.00098	0.04471	0.00279	0.00201	0.00472
3	0.00562	0.00413	0.00593	0.00593	0.00650	0.00470	0.00443	0.00676	0.00619	0.00882	0.01084	0.01729	0.01062	0.18307	0.69415	0.00584	0.00926	0.00448	0.00215	0.00329
4	0.00858	0.00791	0.01242	0.27605	0.05775	0.01000	0.06419	0.01029	0.00721	0.04988	0.00681	0.00997	0.00576	0.00668	0.05487	0.00176	0.39981	0.00360	0.00193	0.00454
5	0.00740	0.00697	0.01176	0.85280	0.02700	0.00871	0.01089	0.01002	0.00784	0.01002	0.00697	0.01045	0.00523	0.00392	0.00392	0.00131	0.00523	0.00348	0.00174	0.00436
6	0.87639	0.00778	0.01859	0.00525	0.00773	0.00880	0.00440	0.01154	0.00670	0.01751	0.00548	0.00640	0.00426	0.00364	0.00245	0.00121	0.00307	0.00213	0.00241	0.00427
7	0.00991	0.00930	0.01029	0.00934	0.01039	0.11864	0.03530	0.04977	0.04618	0.01258	0.02817	0.19830	0.11085	0.00883	0.00796	0.00176	0.29151	0.03268	0.00326	0.00499
8	0.00689	0.00466	0.00515	0.00482	0.00524	0.00481	0.00301	0.10510	0.00736	0.01001	0.01202	0.02316	0.01313	0.71714	0.01718	0.00334	0.00377	0.00534	0.04489	0.00296
9	0.00478	0.00341	0.00455	0.00546	0.00569	0.00318	0.00364	0.00546	0.00751	0.01001	0.02161	0.85966	0.02593	0.01228	0.00500	0.00159	0.00227	0.01114	0.00364	0.00318
10	0.88991	0.00758	0.00576	0.00516	0.00758	0.00879	0.00425	0.01152	0.00667	0.01759	0.00546	0.00637	0.00425	0.00364	0.00243	0.00121	0.00303	0.00212	0.00243	0.00425
11	0.00786	0.02028	0.84191	0.01117	0.01697	0.00910	0.01448	0.01242	0.00828	0.01242	0.00704	0.00828	0.00497	0.00372	0.00372	0.00124	0.00579	0.00290	0.00166	0.00579
12	0.88991	0.00758	0.00576	0.00516	0.00758	0.00879	0.00425	0.01152	0.00667	0.01759	0.00546	0.00637	0.00425	0.00364	0.00243	0.00121	0.00303	0.00212	0.00243	0.00425
13	0.88991	0.00758	0.00576	0.00516	0.00758	0.00879	0.00425	0.01152	0.00667	0.01759	0.00546	0.00637	0.00425	0.00364	0.00243	0.00121	0.00303	0.00212	0.00243	0.00425
14	0.00570	0.00380	0.00428	0.00428	0.00428	0.00380	0.00238	0.00570	0.00570	0.00760	0.01235	0.02566	0.01425	0.86222	0.01995	0.00380	0.00380	0.00570	0.00238	0.00238
15	0.01759	0.00667	0.00910	0.00698	0.01001	0.00576	0.00576	0.01911	0.01122	0.84048	0.01547	0.01334	0.00970	0.00485	0.00394	0.00121	0.00334	0.00394	0.00485	0.00667
16	0.00740	0.00697	0.01176	0.85280	0.02700	0.00871	0.01089	0.01002	0.00784	0.01002	0.00697	0.01045	0.00523	0.00392	0.00392	0.00131	0.00523	0.00348	0.00174	0.00436
17	0.00731	0.00365	0.00365	0.00365	0.00457	0.00365	0.00274	0.00913	0.00822	0.01462	0.01279	0.01462	0.01005	0.00457	0.00274	0.00091	0.00183	0.00365	0.88399	0.00365
18	0.00570	0.00380	0.00428	0.00428	0.00428	0.00380	0.00238	0.00570	0.00570	0.00760	0.01235	0.02566	0.01425	0.86222	0.01995	0.00380	0.00380	0.00570	0.00238	0.00238
19	0.00910	0.01162	0.11094	0.01595	0.02011	0.00983	0.73677	0.01254	0.00915	0.01254	0.00784	0.01033	0.00584	0.00335	0.00453	0.00131	0.00652	0.00444	0.00195	0.00534
20	0.00563	0.00424	0.00535	0.00572	0.00675	0.00397	0.00472	0.00716	0.00932	0.01204	0.17695	0.03911	0.28122	0.02452	0.00527	0.00158	0.00278	0.39643	0.00373	0.00351
21	0.00963	0.00921	0.01478	0.08148	0.67687	0.02357	0.01125	0.01289	0.09701	0.01294	0.00824	0.01024	0.00674	0.00373	0.00389	0.00119	0.00457	0.00358	0.00215	0.00605
22	0.01068	0.82397	0.02009	0.00687	0.01016	0.05541	0.00675	0.01193	0.00812	0.00924	0.00548	0.00633	0.00503	0.00339	0.00256	0.00085	0.00433	0.00212	0.00169	0.00501
23	0.01191	0.43781	0.15519	0.00793	0.01161	0.01239	0.00802	0.16533	0.01045	0.13372	0.00792	0.00824	0.00601	0.00389	0.00319	0.00102	0.00436	0.00277	0.00256	0.00570
24	0.03921	0.03323	0.01124	0.00920	0.04577	0.11015	0.00717	0.47161	0.07322	0.13159	0.01018	0.02255	0.00742	0.00469	0.00382	0.00117	0.00437	0.00356	0.00364	0.00620
25	0.79561	0.09948	0.00735	0.00532	0.00785	0.00952	0.00451	0.01155	0.00681	0.01669	0.00546	0.00636	0.00433	0.00361	0.00244	0.00117	0.00316	0.00212	0.00235	0.00433
26	0.00884	0.00916	0.04509	0.07916	0.48620	0.00877	0.15522	0.01149	0.02836	0.01236	0.01108	0.01297	0.09518	0.00427	0.00420	0.00123	0.01452	0.00421	0.00215	0.00556
27	0.00542	0.00454	0.00537	0.09553	0.00806	0.00435	0.00420	0.00734	0.06105	0.01170	0.16532	0.09801	0.49719	0.00886	0.00454	0.00133	0.00240	0.00755	0.00357	0.00366
28	0.00565	0.00399	0.00523	0.00523	0.00556	0.00432	0.00357	0.00632	0.00598	0.00831	0.01148	0.02081	0.01215	0.46857	0.41073	0.00498	0.00697	0.00499	0.00225	0.00291
29	0.01759	0.00667	0.00910	0.00698	0.01001	0.00576	0.00576	0.01911	0.01122	0.84048	0.01547	0.01334	0.00970	0.00485	0.00394	0.00121	0.00334	0.00394	0.00485	0.00667
30	0.01759	0.00667	0.00910	0.00698	0.01001	0.00576	0.00576	0.01911	0.01122	0.84048	0.01547	0.01334	0.00970	0.00485	0.00394	0.00121	0.00334	0.00394	0.00485	0.00667
31	0.00970	0.00931	0.01591	0.02406	0.83777	0.00931	0.01203	0.01203	0.00893	0.01281	0.00737	0.00970	0.00621	0.00349	0.00388	0.00116	0.00466	0.00349	0.00194	0.00621
32	0.00975	0.00842	0.00886	0.00798	0.01019	0.00975	0.00621	0.02083	0.83069	0.01640	0.01596	0.01463	0.01197	0.00532	0.00399	0.00133	0.00310	0.00443	0.00399	0.00621
33	0.00555	0.00401	0.00524	0.00493	0.00586	0.00370	0.00370	0.00740	0.01110	0.01572	0.83570	0.02928	0.03699	0.00801	0.00462	0.00123	0.00185	0.00709	0.00432	0.00370
34	0.01759	0.00667	0.00910	0.00698	0.01001	0.00576	0.00576	0.01911	0.01122	0.84048	0.01547	0.01334	0.00970	0.00485	0.00394	0.00121	0.00334	0.00394	0.00485	0.00667
35	0.00970	0.00931	0.01591	0.02406	0.83777	0.00931	0.01203	0.01203	0.00893	0.01281	0.00737	0.00970	0.00621	0.00349	0.00388	0.00116	0.00466	0.00349	0.00194	0.00621
36	0.01239	0.00640	0.04736	0.00629	0.00873	0.00518	0.00528	0.03303	0.01032	0.48059	0.03185	0.09800	0.22391	0.00683	0.00422	0.00128	0.00301	0.00570	0.00425	0.00540
37	0.01462	0.01077	0.01156	0.00892	0.01198	0.01191	0.00734	0.80165	0.01813	0.02429	0.00976	0.03333	0.00721	0.00492	0.00395	0.00119	0.00426	0.00374	0.00391	0.00657
38	0.00468	0.00396	0.00405	0.00406	0.00533	0.00332	0.00303	0.00571	0.00900	0.01082	0.07740	0.06137	0.77410	0.00991	0.00464	0.00133	0.00199	0.00830	0.00367	0.00332
39	0.00908	0.00856	0.01445	0.08605	0.68591	0.00867	0.01105	0.01138	0.00908	0.01290	0.09617	0.01186	0.00943	0.00401	0.00396	0.00118	0.00440	0.00388	0.00218	0.00580
40	0.01379	0.01373	0.01250	0.01016	0.01288	0.33560	0.09492	0.36022	0.07860	0.01688	0.00847	0.00904	0.00638	0.00435	0.00385	0.00114	0.00553	0.00333	0.00298	0.00566
41	0.00826	0.14777	0.71788	0.01050	0.01592	0.01007	0.01331	0.01231	0.00823	0.01193	0.00680	0.00798	0.00498	0.00367	0.00354	0.00118	0.00555	0.00278	0.00166	0.00568
42	0.00970	0.00931	0.01591	0.02406	0.83777	0.00931	0.01203	0.01203	0.00893	0.01281	0.00737	0.00970	0.00621	0.00349	0.00388	0.00116	0.00466	0.00349	0.00194	0.00621
43	0.00996	0.00838	0.00887	0.00795	0.01019	0.00965	0.00619	0.02079	0.80920	0.03801	0.01594	0.01459	0.01191	0.00531	0.00399	0.00133	0.00311	0.00442	0.00401	0.00622
44	0.00858	0.00817	0.01388	0.42914	0.44148	0.00902	0.01147	0.01105	0.00840	0.01144	0.00718	0.01007	0.00573	0.00370	0.00390	0.00123	0.00494	0.00349	0.00184	0.00530
45	0.00988	0.00941	0.01211	0.09080	0.34249	0.07160	0.00906	0.01596	0.36728	0.01388	0.01098	0.01172	0.00855	0.00437	0.00391	0.00124	0.00421	0.00383	0.00282	0.00592
46	0.00970	0.00931	0.01591	0.02406	0.83777	0.00931	0.01203	0.01203	0.00893	0.01281	0.00737	0.00970	0.00621	0.00349	0.00388	0.00116	0.00466	0.00349	0.00194	0.00621
47	0.00478	0.00341	0.00455	0.00546	0.00569	0.00318	0.00364	0.00546	0.00751	0.01001	0.02161	0.85966	0.02593	0.01228	0.00500	0.00159	0.00227	0.01114	0.00364	0.00318
48	0.00478	0.00341	0.00455	0.00546	0.00569	0.00318	0.00364	0.00546	0.00751	0.01001	0.02161	0.85966	0.02593	0.01228	0.00500	0.00159	0.00227	0.01114	0.00364	0.00318
49	0.01487	0.01036	0.01131	0.00873	0.01177	0.01130	0.00718	0.72562	0.01744	0.10129	0.01033	0.03370	0.00750	0.00493	0.00395	0.00119	0.00416	0.00378	0.00400	0.00657
50	0.00786	0.02028	0.84191	0.01117	0.01697	0.00910	0.01448	0.01242	0.00828	0.01242	0.00704	0.00828	0.00497	0.00372	0.00372	0.00124	0.00579	0.00290	0.00166	0.00579
51	0.00463	0.00397	0.00397	0.00397	0.00530	0.00331	0.00298	0.00563	0.00894	0.01059	0.03971	0.03773	0.83618	0.00993	0.00463	0.00132	0.00199	0.00827	0.00364	0.00331
52	0.00947	0.00997	0.01964	0.02017	0.41607	0.00962	0.43075	0.01230	0.00910	0.01268	0.00766	0.01015	0.00607	0.00340	0.00427	0.00125	0.00566	0.00408	0.00196	0.00573
53	0.00463	0.00397	0.00397	0.00397	0.00530	0.00331	0.00298	0.00563	0.00894	0.01059	0.03971	0.03773	0.83618	0.00993	0.00463	0.00132	0.00199	0.00827	0.00364	0.00331
54	0.00858	0.00858	0.01201	0.01029	0.01029	0.01201	0.00858	0.00943	0.00600	0.00943	0.00515	0.00858	0.00515	0.00686	0.01287	0.00172	0.85505	0.00343	0.00172	0.00429
55	0.00940	0.00901	0.01537	0.13261	0.73157	0.00924	0.01188	0.01177	0.00878	0.01244	0.00732	0.00980	0.00608	0.00355	0.00389	0.00118	0.00473	0.00349	0.00191	0.00597
56	0.01442	0.10272	0.01269	0.00880	0.01193	0.03439	0.00737	0.71630	0.01712	0.02265	0.00890	0.00902	0.00645	0.00454	0.00376	0.00114	0.00437	0.00335	0.00363	0.00644
57	0.00567	0.00412	0.00553	0.00634	0.00708	0.00398	0.00515	0.00705	0.00855	0.01109	0.02305	0.29071	0.11083	0.01117	0.00521	0.00169	0.00303	0.48268	0.00362	0.00345
58	0.00933	0.00828	0.01258	0.15967	0.42653	0.02237	0.00955	0.09584	0.02045	0.02273	0.05703	0.01271	0.00885	0.09615	0.00581	0.00149	0.01901	0.00394	0.00236	0.00533
59	0.00868	0.00875	0.01199	0.01029	0.01032	0.02622	0.00856	0.00954	0.00609	0.00944	0.00516	0.00855	0.00514	0.00681	0.01271	0.00170	0.84061	0.00342	0.00172	0.00429
60	0.00935	0.00767	0.01039	0.00912	0.09899	0.00696	0.08230	0.10085	0.05557	0.05098	0.03326	0.01162	0.00823	0.08818	0.00512	0.00119	0.00368	0.00346	0.00270	0.41040
61	0.01466	0.01837	0.01114	0.01006	0.01212	0.81240	0.00757	0.04870	0.01141	0.01021	0.00620	0.00717	0.00512	0.00407	0.00355	0.00102	0.00696	0.00257	0.00210	0.00463
62	0.00469	0.00397	0.00405	0.00403	0.00533	0.00333	0.00302	0.00573	0.00906	0.01090	0.08707	0.03723	0.78863	0.00981	0.00463	0.00132	0.00198	0.00820	0.00368	0.00333
63	0.00555	0.00401	0.00524	0.00493	0.00586	0.00370	0.00370	0.00740	0.01110	0.01572	0.83570	0.02928	0.03699	0.00801	0.00462	0.00123	0.00185	0.00709	0.00432	0.00370
64	0.01015	0.03927	0.19157	0.03306	0.01732	0.19891	0.39536	0.01302	0.00927	0.01158	0.00712	0.00910	0.00546	0.00371	0.00443	0.00124	0.03874	0.00364	0.00190	0.00516
65	0.00570	0.00380	0.00428	0.00428	0.00428	0.00380	0.00238	0.00570	0.00570	0.00760	0.01235	0.02566	0.01425	0.86222	0.01995	0.00380	0.00380	0.00570	0.00238	0.00238
66	0.00542	0.00437	0.00487	0.00468	0.00593	0.00401	0.00353	0.00760	0.07996	0.01304	0.34071	0.03254	0.46153	0.00881	0.00457	0.00129	0.00203	0.00749	0.00393	0.00371
67	0.01020	0.77404	0.10862	0.00719	0.01080	0.01483	0.00754	0.01181	0.00800	0.00957	0.00562	0.00650	0.00502	0.00339	0.00265	0.00088	0.00436	0.00218	0.00167	0.00511
68	0.00731	0.00365	0.00365	0.00365	0.00457	0.00365	0.00274	0.00913	0.00822	0.01462	0.01279	0.01462	0.01005	0.00457	0.00274	0.00091	0.00183	0.00365	0.88399	0.00365
69	0.00570	0.00380	0.00428	0.00428	0.00428	0.00380	0.00238	0.00570	0.00570	0.00760	0.01235	0.02566	0.01425	0.86222	0.01995	0.00380	0.00380	0.00570	0.00238	0.00238
70	0.00786	0.02028	0.84191	0.01117	0.01697	0.00910	0.01448	0.01242	0.00828	0.01242	0.00704	0.00828	0.00497	0.00372	0.00372	0.00124	0.00579	0.00290	0.00166	0.00579
71	0.01048	0.86458	0.02054	0.00671	0.01006	0.01551	0.00671	0.01174	0.00797	0.00922	0.00545	0.00629	0.00503	0.00335	0.00252	0.00084	0.00419	0.00210	0.00168	0.00503
72	0.01049	0.82466	0.03036	0.00688	0.01019	0.03066	0.00685	0.01178	0.00800	0.00927	0.00548	0.00636	0.00503	0.00343	0.00272	0.00086	0.01813	0.00214	0.00168	0.00502
73	0.00716	0.00575	0.00659	0.00602	0.00746	0.00606	0.00465	0.02978	0.25766	0.02736	0.34437	0.02501	0.20059	0.00744	0.00480	0.00130	0.04330	0.00624	0.00394	0.00451
74	0.01464	0.01868	0.01111	0.01010	0.01212	0.84648	0.00757	0.01565	0.01111	0.00959	0.00606	0.00707	0.00505	0.00404	0.00353	0.00101	0.00707	0.00252	0.00202	0.00454
75	0.00552	0.00401	0.00520	0.00490	0.00584	0.00369	0.00368	0.00735	0.01103	0.01557	0.81241	0.02953	0.06037	0.00807	0.00462	0.00124	0.00185	0.00712	0.00430	0.00369
76	0.00560	0.00420	0.00630	0.00630	0.00700	0.00490	0.00490	0.00700	0.00630	0.00910	0.01050	0.01540	0.00980	0.02940	0.84669	0.00630	0.01050	0.00420	0.00210	0.00350
77	0.00463	0.00397	0.00397	0.00397	0.00530	0.00331	0.00298	0.00563	0.00894	0.01059	0.03971	0.03773	0.83618	0.00993	0.00463	0.00132	0.00199	0.00827	0.00364	0.00331
78	0.00476	0.00347	0.00449	0.00530	0.00564	0.00320	0.00357	0.00548	0.00766	0.01007	0.02355	0.77152	0.11282	0.01203	0.00496	0.00156	0.00224	0.01084	0.00364	0.00320
79	0.00478	0.00341	0.00455	0.00546	0.00569	0.00318	0.00364	0.00546	0.00751	0.01001	0.02161	0.85966	0.02593	0.01228	0.00500	0.00159	0.00227	0.01114	0.00364	0.00318
80	0.02224	0.02007	0.82828	0.01108	0.01681	0.00910	0.01432	0.01240	0.00825	0.01250	0.00701	0.00825	0.00495	0.00372	0.00370	0.00124	0.00575	0.00288	0.00167	0.00577
81	0.00500	0.00409	0.00448	0.00468	0.00591	0.00357	0.00371	0.00617	0.00896	0.01084	0.03557	0.03915	0.65818	0.01013	0.00480	0.00143	0.00234	0.18397	0.00363	0.00338
82	0.00731	0.00365	0.00365	0.00365	0.00457	0.00365	0.00274	0.00913	0.00822	0.01462	0.01279	0.01462	0.01005	0.00457	0.00274	0.00091	0.00183	0.00365	0.88399	0.00365
83	0.00956	0.00775	0.00880	0.00644	0.00979	0.00667	0.00520	0.18449	0.01034	0.01538	0.00763	0.00856	0.00609	0.00333	0.00312	0.00072	0.00318	0.00261	0.02360	0.67674
84	0.01360	0.01682	0.01170	0.01161	0.10050	0.68552	0.00814	0.01474	0.01044	0.00993	0.00612	0.00748	0.00518	0.00422	0.00437	0.00109	0.07915	0.00271	0.00199	0.00470
85	0.47947	0.00898	0.01386	0.01045	0.01360	0.00932	0.38609	0.01201	0.00787	0.01524	0.00661	0.00833	0.00504	0.00348	0.00345	0.00126	0.00470	0.00329	0.00222	0.00473
86	0.01490	0.01098	0.01177	0.00902	0.01216	0.01216	0.00745	0.82470	0.01843	0.02471	0.00941	0.00941	0.00667	0.00471	0.00392	0.00118	0.00431	0.00353	0.00392	0.00667
87	0.00488	0.00349	0.00466	0.00552	0.00581	0.00327	0.00377	0.00567	0.00773	0.01033	0.05541	0.78599	0.02623	0.01204	0.00501	0.00159	0.00232	0.04940	0.00367	0.00323
88	0.00632	0.00451	0.00632	0.00722	0.00812	0.00451	0.00632	0.00812	0.00902	0.01173	0.02076	0.04422	0.02256	0.01083	0.00541	0.00180	0.00361	0.81138	0.00361	0.00361
89	0.00918	0.44613	0.42763	0.00892	0.01348	0.01234	0.01056	0.01207	0.00812	0.01081	0.00624	0.00727	0.00500	0.00354	0.00311	0.00104	0.00499	0.00249	0.00167	0.00541
90	0.00490	0.00350	0.00469	0.00559	0.00587	0.00329	0.00385	0.00566	0.00762	0.01014	0.02154	0.79665	0.02567	0.01217	0.00504	0.00161	0.00238	0.07298	0.00364	0.00322
91	0.00504	0.00361	0.00484	0.00573	0.00610	0.00342	0.00409	0.00592	0.00779	0.01032	0.02179	0.70421	0.04026	0.01199	0.00507	0.00162	0.00250	0.14881	0.00363	0.00326
92	0.00943	0.00904	0.01542	0.12256	0.74141	0.00924	0.01190	0.01179	0.00880	0.01248	0.00733	0.00979	0.00609	0.00354	0.00389	0.00118	0.00472	0.00349	0.00192	0.00599
93	0.01032	0.00841	0.01204	0.11022	0.23339	0.04563	0.07785	0.01461	0.20428	0.13216	0.09934	0.01354	0.01119	0.00466	0.00405	0.00124	0.00414	0.00422	0.00308	0.00564
94	0.00765	0.00722	0.01220	0.76393	0.11395	0.00877	0.01101	0.01023	0.00796	0.01032	0.00701	0.01037	0.00533	0.00387	0.00392	0.00129	0.00517	0.00348	0.00176	0.00455
95	0.00965	0.00926	0.01581	0.04417	0.81810	0.00930	0.01200	0.01198	0.00890	0.01274	0.00736	0.00972	0.00619	0.00350	0.00388	0.00117	0.00467	0.00349	0.00194	0.00616
96	0.06183	0.00664	0.00893	0.21148	0.01302	0.02215	0.05995	0.06039	0.08238	0.03306	0.15025	0.06175	0.07095	0.00581	0.00435	0.00127	0.03894	0.00492	0.09748	0.00445
97	0.00497	0.00365	0.00460	0.00505	0.00560	0.00335	0.00349	0.00593	0.00845	0.01127	0.20749	0.50277	0.15573	0.05176	0.00558	0.00157	0.00221	0.00952	0.00373	0.00328
98	0.01042	0.00849	0.00917	0.00816	0.02096	0.00960	0.00630	0.20633	0.54248	0.01760	0.01493	0.10397	0.01215	0.00590	0.00408	0.00132	0.00332	0.00493	0.00391	0.00599
99	0.00786	0.02028	0.84191	0.01117	0.01697	0.00910	0.01448	0.01242	0.00828	0.01242	0.00704	0.00828	0.00497	0.00372	0.00372	0.00124	0.00579	0.00290	0.00166	0.00579
100	0.05091	0.00749	0.00974	0.00703	0.01050	0.00609	0.09253	0.03208	0.00850	0.02592	0.00719	0.00842	0.00583	0.00306	0.00311	0.00072	0.00335	0.00262	0.00237	0.71255
101	0.00814	0.11082	0.75383	0.01069	0.01623	0.00979	0.01365	0.01234	0.00824	0.01207	0.00687	0.00806	0.00497	0.00368	0.00359	0.00120	0.00562	0.00281	0.00166	0.00571
102	0.00804	0.00461	0.00607	0.00539	0.00676	0.00420	0.00415	0.00995	0.02199	0.18289	0.65858	0.02586	0.03113	0.00734	0.00448	0.00123	0.00217	0.00642	0.00442	0.00433
103	0.00782	0.00739	0.01250	0.70446	0.17212	0.00882	0.01109	0.01038	0.00803	0.01052	0.00704	0.01032	0.00540	0.00384	0.00391	0.00128	0.00512	0.00349	0.00178	0.00469
104	0.00562	0.00392	0.00498	0.00502	0.00527	0.00415	0.00329	0.00613	0.00599	0.00822	0.01215	0.06098	0.01329	0.54010	0.29977	0.00455	0.00600	0.00545	0.00234	0.00279
105	0.00572	0.00397	0.00448	0.00448	0.00482	0.00391	0.00281	0.01716	0.00659	0.00871	0.01676	0.02715	0.14106	0.62509	0.05607	0.00335	0.00379	0.03419	0.02719	0.00271
106	0.00808	0.00640	0.00749	0.00744	0.00902	0.00698	0.00612	0.02735	0.38216	0.02482	0.01922	0.02951	0.05574	0.00811	0.00469	0.00155	0.00331	0.38337	0.00380	0.00486
107	0.00701	0.00568	0.00643	0.00594	0.00742	0.00594	0.00454	0.01223	0.32144	0.01521	0.40652	0.02498	0.14643	0.00728	0.00438	0.00128	0.00234	0.00626	0.00409	0.00459
108	0.00925	0.01058	0.02313	0.01652	0.02049	0.00991	0.82353	0.01256	0.00925	0.01256	0.00793	0.01058	0.00595	0.00330	0.00463	0.00132	0.00661	0.00463	0.00198	0.00529
109	0.00482	0.00400	0.00424	0.00433	0.00551	0.00345	0.00322	0.00601	0.02184	0.01095	0.08411	0.12516	0.67026	0.01002	0.00468	0.00136	0.00206	0.02694	0.00369	0.00337
110	0.00725	0.00437	0.00508	0.00475	0.00606	0.00398	0.00361	0.02787	0.00972	0.11559	0.22415	0.09084	0.28998	0.00781	0.00418	0.00122	0.00217	0.00663	0.18077	0.00396
111	0.78071	0.00747	0.00618	0.00538	0.00789	0.00842	0.00444	0.01247	0.00724	0.12061	0.00671	0.00724	0.00493	0.00379	0.00262	0.00121	0.00307	0.00235	0.00273	0.00455
112	0.19683	0.00686	0.00841	0.00660	0.00951	0.00639	0.00545	0.01755	0.01029	0.67140	0.01341	0.01191	0.00858	0.00460	0.00363	0.00121	0.00327	0.00357	0.00435	0.00617
113	0.00491	0.00397	0.00436	0.00429	0.00547	0.00342	0.00321	0.00614	0.00953	0.01208	0.27274	0.05680	0.58050	0.00943	0.00464	0.00130	0.00195	0.00800	0.00384	0.00342
114	0.00979	0.05705	0.01574	0.08801	0.67287	0.04982	0.02636	0.01204	0.00890	0.01223	0.00718	0.00946	0.00601	0.00354	0.00381	0.00115	0.00483	0.00339	0.00191	0.00590
115	0.00568	0.00430	0.00635	0.00631	0.00696	0.00503	0.00488	0.00700	0.00626	0.00904	0.01045	0.01571	0.00989	0.06880	0.78513	0.00606	0.03232	0.00425	0.00210	0.00347
116	0.00556	0.00397	0.00545	0.00635	0.00693	0.00386	0.00500	0.00681	0.00828	0.01088	0.02118	0.44489	0.02422	0.01154	0.00521	0.00170	0.00295	0.41818	0.00362	0.00340
117	0.00858	0.00858	0.01201	0.01029	0.01029	0.01201	0.00858	0.00943	0.00600	0.00943	0.00515	0.00858	0.00515	0.00686	0.01287	0.00172	0.85505	0.00343	0.00172	0.00429
118	0.04494	0.03025	0.02062	0.09594	0.01264	0.04001	0.00718	0.54378	0.03656	0.01982	0.00926	0.01112	0.00727	0.09649	0.00554	0.00146	0.00439	0.00365	0.00333	0.00574
119	0.00766	0.00736	0.01177	0.74695	0.02494	0.02448	0.01058	0.01006	0.00770	0.00995	0.00676	0.01019	0.00521	0.00424	0.00487	0.00134	0.09639	0.00346	0.00174	0.00435
120	0.12329	0.00746	0.01114	0.68365	0.05932	0.03071	0.00998	0.01045	0.00782	0.01112	0.00676	0.00980	0.00514	0.00387	0.00371	0.00128	0.00496	0.00328	0.00185	0.00443
121	0.00536	0.00400	0.00498	0.00473	0.00574	0.00362	0.00355	0.00703	0.01065	0.01465	0.66927	0.03105	0.20409	0.00841	0.00463	0.00125	0.00188	0.00734	0.00417	0.00362
122	0.00478	0.00398	0.00418	0.00413	0.00539	0.00337	0.00310	0.00592	0.00929	0.01143	0.16948	0.03635	0.70589	0.00962	0.00463	0.00131	0.00196	0.00808	0.00375	0.00337
123	0.00858	0.00858	0.01201	0.01029	0.01029	0.01201	0.00858	0.00943	0.00600	0.00943	0.00515	0.00858	0.00515	0.00686	0.01287	0.00172	0.85505	0.00343	0.00172	0.00429
124	0.00740	0.00697	0.01176	0.85280	0.02700	0.00871	0.01089	0.01002	0.00784	0.01002	0.00697	0.01045	0.00523	0.00392	0.00392	0.00131	0.00523	0.00348	0.00174	0.00436
125	0.01048	0.86458	0.02054	0.00671	0.01006	0.01551	0.00671	0.01174	0.00797	0.00922	0.00545	0.00629	0.00503	0.00335	0.00252	0.00084	0.00419	0.00210	0.00168	0.00503
126	0.00477	0.00342	0.00454	0.00543	0.00568	0.00319	0.00363	0.00546	0.00753	0.01002	0.02193	0.84491	0.04048	0.01224	0.00500	0.00159	0.00227	0.01109	0.00364	0.00319
127	0.00970	0.00931	0.01591	0.02406	0.83777	0.00931	0.01203	0.01203	0.00893	0.01281	0.00737	0.00970	0.00621	0.00349	0.00388	0.00116	0.00466	0.00349	0.00194	0.00621
128	0.00478	0.00341	0.00455	0.00546	0.00569	0.00318	0.00364	0.00546	0.00751	0.01001	0.02161	0.85966	0.02593	0.01228	0.00500	0.00159	0.00227	0.01114	0.00364	0.00318
129	0.88991	0.00758	0.00576	0.00516	0.00758	0.00879	0.00425	0.01152	0.00667	0.01759	0.00546	0.00637	0.00425	0.00364	0.00243	0.00121	0.00303	0.00212	0.00243	0.00425
130	0.01464	0.01868	0.01111	0.01010	0.01212	0.84648	0.00757	0.01565	0.01111	0.00959	0.00606	0.00707	0.00505	0.00404	0.00353	0.00101	0.00707	0.00252	0.00202	0.00454
131	0.00477	0.00398	0.00417	0.00412	0.00538	0.00337	0.00309	0.00590	0.00927	0.01138	0.16208	0.03643	0.71332	0.00963	0.00463	0.00131	0.00196	0.00809	0.00374	0.00337
132	0.00570	0.00380	0.00428	0.00428	0.00428	0.00380	0.00238	0.00570	0.00570	0.00760	0.01235	0.02566	0.01425	0.86222	0.01995	0.00380	0.00380	0.00570	0.00238	0.00238
133	0.00563	0.00377	0.00430	0.00437	0.00438	0.00375	0.00247	0.00568	0.00584	0.00779	0.01307	0.09010	0.01516	0.79655	0.01880	0.00363	0.00368	0.00612	0.00247	0.00244
134	0.01048	0.86458	0.02054	0.00671	0.01006	0.01551	0.00671	0.01174	0.00797	0.00922	0.00545	0.00629	0.00503	0.00335	0.00252	0.00084	0.00419	0.00210	0.00168	0.00503
135	0.00909	0.01029	0.16913	0.04977	0.21982	0.00761	0.02826	0.05567	0.00913	0.04234	0.03178	0.00959	0.00682	0.00358	0.00353	0.00098	0.00415	0.00309	0.00230	0.33307
136	0.01040	0.31998	0.12354	0.00951	0.02220	0.17575	0.04236	0.01203	0.00817	0.00995	0.00582	0.00752	0.00511	0.00445	0.00568	0.00118	0.22696	0.00275	0.00177	0.00487
137	0.00609	0.00453	0.00621	0.00663	0.00739	0.01696	0.00541	0.00756	0.00764	0.01026	0.01556	0.03009	0.01628	0.09000	0.35768	0.00384	0.00655	0.39500	0.00285	0.00347
138	0.01386	0.11909	0.01228	0.00970	0.01179	0.70730	0.00752	0.01489	0.01049	0.00954	0.00594	0.00705	0.00505	0.00409	0.00386	0.00102	0.04744	0.00252	0.00196	0.00459
139	0.00483	0.00348	0.00457	0.00535	0.00568	0.00323	0.00361	0.00561	0.00784	0.01046	0.08329	0.75949	0.06432	0.01185	0.00496	0.00155	0.00223	0.01071	0.00369	0.00323
140	0.00970	0.00931	0.01591	0.02406	0.83777	0.00931	0.01203	0.01203	0.00893	0.01281	0.00737	0.00970	0.00621	0.00349	0.00388	0.00116	0.00466	0.00349	0.00194	0.00621
141	0.00468	0.00397	0.00405	0.00404	0.00533	0.00333	0.00303	0.00572	0.00903	0.01086	0.08205	0.04738	0.78349	0.00986	0.00464	0.00132	0.00198	0.00825	0.00368	0.00333
142	0.88991	0.00758	0.00576	0.00516	0.00758	0.00879	0.00425	0.01152	0.00667	0.01759	0.00546	0.00637	0.00425	0.00364	0.00243	0.00121	0.00303	0.00212	0.00243	0.00425
143	0.01048	0.86458	0.02054	0.00671	0.01006	0.01551	0.00671	0.01174	0.00797	0.00922	0.00545	0.00629	0.00503	0.00335	0.00252	0.00084	0.00419	0.00210	0.00168	0.00503
144	0.00570	0.00380	0.00428	0.00428	0.00428	0.00380	0.00238	0.00570	0.00570	0.00760	0.01235	0.02566	0.01425	0.86222	0.01995	0.00380	0.00380	0.00570	0.00238	0.00238
145	0.88991	0.00758	0.00576	0.00516	0.00758	0.00879	0.00425	0.01152	0.00667	0.01759	0.00546	0.00637	0.00425	0.00364	0.00243	0.00121	0.00303	0.00212	0.00243	0.00425
146	0.00478	0.00341	0.00455	0.00546	0.00569	0.00318	0.00364	0.00546	0.00751	0.01001	0.02161	0.85966	0.02593	0.01228	0.00500	0.00159	0.00227	0.01114	0.00364	0.00318
147	0.01759	0.00667	0.00910	0.00698	0.01001	0.00576	0.00576	0.01911	0.01122	0.84048	0.01547	0.01334	0.00970	0.00485	0.00394	0.00121	0.00334	0.00394	0.00485	0.00667
148	0.01590	0.00815	0.00986	0.00769	0.01067	0.00811	0.00631	0.25764	0.10702	0.50494	0.01373	0.01233	0.00906	0.00486	0.00394	0.00122	0.00360	0.00388	0.00448	0.00662
149	0.00615	0.00469	0.00568	0.00532	0.00648	0.00459	0.00402	0.02240	0.12044	0.01526	0.60596	0.05217	0.11591	0.00792	0.00454	0.00126	0.00208	0.00692	0.00418	0.00403
150	0.00621	0.00384	0.00507	0.00554	0.00618	0.00351	0.00388	0.00707	0.00819	0.09940	0.06150	0.66817	0.07101	0.01112	0.00486	0.00152	0.00237	0.02317	0.00380	0.00360
151	0.03945	0.05071	0.10906	0.00790	0.02516	0.05533	0.01775	0.07285	0.01016	0.32299	0.01016	0.01005	0.00710	0.00404	0.00364	0.00103	0.01529	0.00314	0.00324	0.23096

[dist]
# distance from previous block
# <min> <max>
0	2

[block]
# block no. 3 follows, 69 sequences, length 21
# corresponding to MSA columns:
# 315-335
name=unknown_D
#
# <colnr> <probs for GDERKNQSTAVLIFYWHMCP>
#	G	D	E	R	K	N	Q	S	T	A	V	L	I	F	Y	W	H	M	C	P
0	0.03336	0.16625	0.03476	0.25477	0.06549	0.09845	0.00854	0.13686	0.06979	0.01292	0.00770	0.00942	0.00611	0.00526	0.04144	0.00140	0.03690	0.00318	0.00230	0.00509
1	0.02901	0.14441	0.35380	0.00976	0.03135	0.08829	0.01014	0.21434	0.02515	0.01492	0.00742	0.00824	0.00557	0.00393	0.00352	0.00112	0.00507	0.00290	0.00234	0.03872
2	0.00791	0.00748	0.01267	0.67193	0.20395	0.00884	0.01114	0.01046	0.00808	0.01063	0.00706	0.01029	0.00544	0.00383	0.00391	0.00128	0.00510	0.00349	0.00179	0.00476
3	0.00930	0.00890	0.01518	0.17030	0.69470	0.00921	0.01183	0.01168	0.00873	0.01232	0.00730	0.00984	0.00604	0.00357	0.00389	0.00119	0.00476	0.00349	0.00191	0.00588
4	0.00593	0.00456	0.00682	0.00745	0.07210	0.00509	0.00516	0.00728	0.00661	0.00947	0.03922	0.01647	0.01092	0.11082	0.66737	0.00547	0.00906	0.00440	0.00219	0.00361
5	0.00975	0.00842	0.00886	0.00798	0.01019	0.00975	0.00621	0.02083	0.83069	0.01640	0.01596	0.01463	0.01197	0.00532	0.00399	0.00133	0.00310	0.00443	0.00399	0.00621
6	0.00491	0.00398	0.00436	0.00427	0.00547	0.00343	0.00320	0.00617	0.00960	0.01216	0.28390	0.03514	0.59101	0.00934	0.00463	0.00130	0.00194	0.00791	0.00385	0.00343
7	0.00731	0.00365	0.00365	0.00365	0.00457	0.00365	0.00274	0.00913	0.00822	0.01462	0.01279	0.01462	0.01005	0.00457	0.00274	0.00091	0.00183	0.00365	0.88399	0.00365
8	0.88991	0.00758	0.00576	0.00516	0.00758	0.00879	0.00425	0.01152	0.00667	0.01759	0.00546	0.00637	0.00425	0.00364	0.00243	0.00121	0.00303	0.00212	0.00243	0.00425
9	0.00975	0.00842	0.00886	0.00798	0.01019	0.00975	0.00621	0.02083	0.83069	0.01640	0.01596	0.01463	0.01197	0.00532	0.00399	0.00133	0.00310	0.00443	0.00399	0.00621
10	0.00813	0.00697	0.00813	0.00581	0.00929	0.00523	0.00465	0.00987	0.00813	0.01277	0.00697	0.00813	0.00581	0.00290	0.00290	0.00058	0.00290	0.00232	0.00232	0.88619
11	0.01464	0.01868	0.01111	0.01010	0.01212	0.84648	0.00757	0.01565	0.01111	0.00959	0.00606	0.00707	0.00505	0.00404	0.00353	0.00101	0.00707	0.00252	0.00202	0.00454
12	0.00560	0.00420	0.00630	0.00630	0.00700	0.00490	0.00490	0.00700	0.00630	0.00910	0.01050	0.01540	0.00980	0.02940	0.84669	0.00630	0.01050	0.00420	0.00210	0.00350
13	0.00463	0.00397	0.00397	0.00397	0.00530	0.00331	0.00298	0.00563	0.00894	0.01059	0.03971	0.03773	0.83618	0.00993	0.00463	0.00132	0.00199	0.00827	0.00364	0.00331
14	0.01759	0.00667	0.00910	0.00698	0.01001	0.00576	0.00576	0.01911	0.01122	0.84048	0.01547	0.01334	0.00970	0.00485	0.00394	0.00121	0.00334	0.00394	0.00485	0.00667
15	0.00813	0.00697	0.00813	0.00581	0.00929	0.00523	0.00465	0.00987	0.00813	0.01277	0.00697	0.00813	0.00581	0.00290	0.00290	0.00058	0.00290	0.00232	0.00232	0.88619
16	0.00786	0.02028	0.84191	0.01117	0.01697	0.00910	0.01448	0.01242	0.00828	0.01242	0.00704	0.00828	0.00497	0.00372	0.00372	0.00124	0.00579	0.00290	0.00166	0.00579
17	0.00548	0.00400	0.00514	0.00486	0.00581	0.00367	0.00364	0.00726	0.01093	0.01532	0.77302	0.02995	0.09992	0.00817	0.00462	0.00124	0.00186	0.00718	0.00426	0.00367
18	0.00477	0.00343	0.00453	0.00541	0.00567	0.00319	0.00362	0.00546	0.00756	0.01003	0.02225	0.83069	0.05449	0.01220	0.00499	0.00158	0.00226	0.01104	0.00364	0.00319
19	0.35523	0.00688	0.00676	0.00636	0.00824	0.00771	0.00509	0.01338	0.25187	0.04396	0.01248	0.03349	0.01117	0.07323	0.00490	0.00156	0.00321	0.14663	0.00320	0.00463
20	0.82066	0.07507	0.00693	0.00528	0.00778	0.00932	0.00444	0.01154	0.00677	0.01693	0.00546	0.00636	0.00431	0.00362	0.00243	0.00118	0.00312	0.00212	0.00237	0.00431

[dist]
# distance from previous block
# <min> <max>
1	2

[block]
# block no. 4 follows, 69 sequences, length 50
# corresponding to MSA columns:
# 338-387
name=unknown_E
#
# <colnr> <probs for GDERKNQSTAVLIFYWHMCP>
#	G	D	E	R	K	N	Q	S	T	A	V	L	I	F	Y	W	H	M	C	P
0	0.01004	0.01110	0.08851	0.01026	0.02775	0.12915	0.05733	0.03937	0.15451	0.03923	0.00895	0.01049	0.02793	0.00556	0.00765	0.00142	0.35966	0.00365	0.00240	0.00503
1	0.02233	0.00815	0.00937	0.00917	0.09229	0.00900	0.00652	0.14645	0.45589	0.03452	0.12784	0.01576	0.03436	0.00549	0.00405	0.00127	0.00325	0.00461	0.00381	0.00584
2	0.88991	0.00758	0.00576	0.00516	0.00758	0.00879	0.00425	0.01152	0.00667	0.01759	0.00546	0.00637	0.00425	0.00364	0.00243	0.00121	0.00303	0.00212	0.00243	0.00425
3	0.00858	0.00858	0.01201	0.01029	0.01029	0.01201	0.00858	0.00943	0.00600	0.00943	0.00515	0.00858	0.00515	0.00686	0.01287	0.00172	0.85505	0.00343	0.00172	0.00429
4	0.04494	0.01086	0.01156	0.00889	0.01200	0.01204	0.00734	0.79678	0.01803	0.02446	0.00928	0.00931	0.00658	0.00467	0.00387	0.00118	0.00427	0.00348	0.00387	0.00658
5	0.00567	0.00393	0.00493	0.00493	0.00516	0.00416	0.00319	0.00612	0.00589	0.00809	0.01175	0.02234	0.01281	0.59322	0.28699	0.00461	0.00596	0.00522	0.00229	0.00274
6	0.00786	0.02028	0.84191	0.01117	0.01697	0.00910	0.01448	0.01242	0.00828	0.01242	0.00704	0.00828	0.00497	0.00372	0.00372	0.00124	0.00579	0.00290	0.00166	0.00579
7	0.00555	0.00401	0.00524	0.00493	0.00586	0.00370	0.00370	0.00740	0.01110	0.01572	0.83570	0.02928	0.03699	0.00801	0.00462	0.00123	0.00185	0.00709	0.00432	0.00370
8	0.01048	0.86458	0.02054	0.00671	0.01006	0.01551	0.00671	0.01174	0.00797	0.00922	0.00545	0.00629	0.00503	0.00335	0.00252	0.00084	0.00419	0.00210	0.00168	0.00503
9	0.00486	0.00409	0.00423	0.00418	0.00548	0.00352	0.00314	0.00620	0.03026	0.01128	0.12362	0.03624	0.73016	0.00961	0.00462	0.00131	0.00200	0.00805	0.00372	0.00343
10	0.00681	0.00340	0.00511	0.00511	0.00511	0.00340	0.00340	0.00511	0.00511	0.00681	0.00681	0.01192	0.00681	0.01362	0.01532	0.88594	0.00340	0.00340	0.00170	0.00170
11	0.01612	0.00903	0.01056	0.00810	0.01119	0.00927	0.00669	0.46044	0.01517	0.39357	0.01215	0.01119	0.00804	0.00477	0.00393	0.00119	0.00387	0.00372	0.00434	0.00667
12	0.00547	0.00403	0.00427	0.00423	0.00550	0.00345	0.00316	0.00656	0.00897	0.04839	0.06821	0.09340	0.64534	0.00938	0.00449	0.00130	0.00205	0.00789	0.07040	0.00349
13	0.88991	0.00758	0.00576	0.00516	0.00758	0.00879	0.00425	0.01152	0.00667	0.01759	0.00546	0.00637	0.00425	0.00364	0.00243	0.00121	0.00303	0.00212	0.00243	0.00425
14	0.00506	0.00399	0.00457	0.00442	0.00556	0.00349	0.00332	0.00646	0.00995	0.01301	0.41446	0.03375	0.45992	0.00903	0.00463	0.00128	0.00192	0.00772	0.00396	0.00349
15	0.00619	0.00447	0.00614	0.00698	0.00791	0.00442	0.00607	0.00794	0.00902	0.01165	0.02216	0.04374	0.08283	0.01076	0.00536	0.00177	0.00349	0.75189	0.00361	0.00359
16	0.00522	0.00400	0.00488	0.00538	0.00629	0.00366	0.00421	0.00640	0.00864	0.01089	0.04175	0.24367	0.36526	0.01077	0.00497	0.00154	0.00257	0.26286	0.00364	0.00338
17	0.00562	0.00412	0.00587	0.00587	0.00643	0.00467	0.00437	0.00673	0.00617	0.00878	0.01089	0.01757	0.01074	0.20530	0.67207	0.00577	0.00909	0.00452	0.00216	0.00326
18	0.01724	0.00675	0.00909	0.00702	0.01002	0.00594	0.00578	0.01918	0.04808	0.80342	0.01549	0.01340	0.00981	0.00487	0.00394	0.00122	0.00333	0.00396	0.00481	0.00665
19	0.00513	0.00367	0.00496	0.00587	0.00625	0.00349	0.00426	0.00607	0.00786	0.01041	0.02141	0.67147	0.02515	0.01195	0.00510	0.00164	0.00258	0.19583	0.00363	0.00328
20	0.00486	0.00353	0.00459	0.00528	0.00568	0.00326	0.00360	0.00572	0.00807	0.01078	0.12647	0.69167	0.08889	0.01156	0.00493	0.00153	0.00220	0.01041	0.00373	0.00326
21	0.00565	0.00425	0.00489	0.00474	0.00559	0.00410	0.00334	0.00734	0.06589	0.01159	0.25624	0.02869	0.25790	0.25284	0.05578	0.00227	0.00301	0.00664	0.01585	0.00337
22	0.88991	0.00758	0.00576	0.00516	0.00758	0.00879	0.00425	0.01152	0.00667	0.01759	0.00546	0.00637	0.00425	0.00364	0.00243	0.00121	0.00303	0.00212	0.00243	0.00425
23	0.00965	0.00926	0.01582	0.04228	0.81994	0.00930	0.01201	0.01199	0.00890	0.01275	0.00737	0.00972	0.00619	0.00350	0.00388	0.00117	0.00467	0.00349	0.00194	0.00617
24	0.00813	0.00697	0.00813	0.00581	0.00929	0.00523	0.00465	0.00987	0.00813	0.01277	0.00697	0.00813	0.00581	0.00290	0.00290	0.00058	0.00290	0.00232	0.00232	0.88619
25	0.00813	0.00697	0.00813	0.00581	0.00929	0.00523	0.00465	0.00987	0.00813	0.01277	0.00697	0.00813	0.00581	0.00290	0.00290	0.00058	0.00290	0.00232	0.00232	0.88619
26	0.00570	0.00380	0.00428	0.00428	0.00428	0.00380	0.00238	0.00570	0.00570	0.00760	0.01235	0.02566	0.01425	0.86222	0.01995	0.00380	0.00380	0.00570	0.00238	0.00238
27	0.00925	0.01058	0.02313	0.01652	0.02049	0.00991	0.82353	0.01256	0.00925	0.01256	0.00793	0.01058	0.00595	0.00330	0.00463	0.00132	0.00661	0.00463	0.00198	0.00529
28	0.01590	0.00799	0.00946	0.00737	0.01023	0.03182	0.00604	0.24517	0.01300	0.51865	0.01327	0.01216	0.00874	0.00476	0.00383	0.00117	0.00360	0.00376	0.07672	0.00636
29	0.00956	0.00916	0.01565	0.07722	0.78577	0.00928	0.01196	0.01190	0.00886	0.01263	0.00735	0.00975	0.00615	0.00352	0.00388	0.00117	0.00469	0.00349	0.00193	0.00609
30	0.01031	0.63004	0.18034	0.00786	0.01158	0.08251	0.00830	0.01219	0.00828	0.00988	0.00581	0.00674	0.00502	0.00348	0.00284	0.00093	0.00474	0.00229	0.00170	0.00514
31	0.00555	0.00401	0.00524	0.00493	0.00586	0.00370	0.00370	0.00740	0.01110	0.01572	0.83570	0.02928	0.03699	0.00801	0.00462	0.00123	0.00185	0.00709	0.00432	0.00370
32	0.01276	0.01535	0.08642	0.01183	0.03565	0.42049	0.19861	0.13109	0.01143	0.02892	0.00728	0.00852	0.00561	0.00394	0.00388	0.00113	0.00632	0.00324	0.00231	0.00522
33	0.00727	0.07645	0.01930	0.00642	0.02051	0.00682	0.00502	0.01181	0.26669	0.01415	0.31063	0.05479	0.14390	0.00712	0.00441	0.00127	0.01916	0.01595	0.00374	0.00459
