[name]
unknown

[dist]
# distance from previous block
# <min> <max>
0	102

[block]
# block no. 0 follows, 59 sequences, length 21
# corresponding to MSA columns:
# 106-126
name=unknown_A
#
# <colnr> <probs for GDERKNQSTAVLIFYWHMCP>
#	G	D	E	R	K	N	Q	S	T	A	V	L	I	F	Y	W	H	M	C	P
0	0.00781	0.00502	0.00673	0.00652	0.00755	0.00487	0.05118	0.03213	0.02329	0.05031	0.01888	0.33706	0.03936	0.06729	0.00650	0.04097	0.00309	0.04597	0.24135	0.00412
1	0.03182	0.05459	0.08167	0.15578	0.10494	0.07250	0.12006	0.07745	0.02763	0.05836	0.01041	0.09536	0.00901	0.00543	0.00483	0.00139	0.03884	0.00473	0.00275	0.04243
2	0.07248	0.01096	0.04619	0.12750	0.35538	0.06569	0.05312	0.08518	0.03464	0.03058	0.02315	0.04302	0.00829	0.00472	0.00433	0.00135	0.00525	0.00421	0.00265	0.02130
3	0.00932	0.00604	0.00771	0.00720	0.00862	0.00614	0.02287	0.10033	0.05124	0.11734	0.02967	0.34630	0.06007	0.03384	0.09916	0.00227	0.02057	0.00802	0.05843	0.00485
4	0.01204	0.15099	0.01598	0.05137	0.33080	0.10790	0.01018	0.07084	0.17786	0.01498	0.00993	0.01111	0.00797	0.00453	0.00410	0.00128	0.00511	0.00377	0.00278	0.00650
5	0.04541	0.01095	0.01071	0.01003	0.07844	0.16908	0.00726	0.19818	0.04307	0.16735	0.08496	0.03939	0.10349	0.00628	0.00447	0.00134	0.00459	0.00501	0.00394	0.00605
6	0.02730	0.10263	0.04404	0.13872	0.15474	0.08879	0.01892	0.11135	0.05549	0.12611	0.00989	0.01109	0.00746	0.00513	0.01984	0.00139	0.01910	0.00370	0.00300	0.05131
7	0.02373	0.06586	0.09075	0.00909	0.01192	0.02038	0.05488	0.03945	0.35839	0.07284	0.12828	0.01746	0.02795	0.03766	0.00534	0.00153	0.01944	0.00505	0.00387	0.00613
8	0.00537	0.00390	0.00507	0.00601	0.00637	0.00360	0.00404	0.00617	0.00859	0.01133	0.02602	0.77625	0.09378	0.01362	0.00560	0.00177	0.00254	0.01229	0.00410	0.00360
9	0.02695	0.01140	0.01427	0.07273	0.33639	0.15171	0.03716	0.06379	0.02477	0.06768	0.04123	0.01382	0.04573	0.00520	0.00498	0.00137	0.05104	0.02088	0.00281	0.00608
10	0.03188	0.07717	0.04596	0.10063	0.14581	0.06880	0.10335	0.15371	0.03108	0.10146	0.01007	0.03865	0.00791	0.00483	0.00447	0.00132	0.01978	0.00414	0.00303	0.04596
11	0.02659	0.00423	0.00524	0.00579	0.00645	0.00391	0.00400	0.00692	0.00915	0.02939	0.11355	0.55503	0.15613	0.04444	0.00608	0.00178	0.00257	0.01088	0.00413	0.00375
12	0.10375	0.00795	0.00942	0.00761	0.01042	0.00790	0.00620	0.17731	0.01288	0.40474	0.01446	0.01550	0.01043	0.04498	0.03490	0.00169	0.00412	0.03379	0.08551	0.00644
13	0.00758	0.00614	0.00798	0.08880	0.05012	0.01836	0.02049	0.06334	0.06422	0.01353	0.10368	0.30885	0.09781	0.09893	0.02807	0.00200	0.00375	0.00826	0.00367	0.00444
14	0.02125	0.00770	0.02376	0.04778	0.07777	0.03891	0.00717	0.08168	0.02498	0.07481	0.04370	0.23020	0.06206	0.01940	0.00635	0.00163	0.10662	0.08404	0.03517	0.00501
15	0.00724	0.00470	0.00523	0.00536	0.00641	0.00460	0.00394	0.03772	0.04827	0.01472	0.05940	0.25468	0.15625	0.00902	0.00445	0.00140	0.00245	0.02533	0.34467	0.00416
16	0.87598	0.00854	0.00649	0.00581	0.00854	0.00991	0.00478	0.01298	0.00752	0.01982	0.00615	0.00717	0.00478	0.00410	0.00273	0.00137	0.00342	0.00239	0.00273	0.00478
17	0.01303	0.00752	0.00920	0.00778	0.01004	0.00765	0.00618	0.23425	0.01309	0.24838	0.04926	0.12228	0.03754	0.04338	0.13255	0.00242	0.00504	0.02180	0.02275	0.00588
18	0.04790	0.02207	0.01108	0.06421	0.06348	0.03765	0.04310	0.06857	0.03773	0.12097	0.03258	0.03638	0.02436	0.00576	0.03506	0.00132	0.00440	0.00396	0.00320	0.33623
19	0.00915	0.00824	0.02601	0.02290	0.02539	0.08173	0.05008	0.03603	0.10657	0.04884	0.14603	0.10499	0.15737	0.00890	0.04224	0.00167	0.03556	0.00647	0.03275	0.04908
20	0.29920	0.06229	0.03827	0.02466	0.04700	0.00996	0.01940	0.13583	0.08158	0.04575	0.02840	0.04231	0.02839	0.01742	0.00399	0.00133	0.00395	0.00387	0.00323	0.10318

[dist]
# distance from previous block
# <min> <max>
2	4

[block]
# block no. 1 follows, 59 sequences, length 9
# corresponding to MSA columns:
# 131-139
name=unknown_B
#
# <colnr> <probs for GDERKNQSTAVLIFYWHMCP>
#	G	D	E	R	K	N	Q	S	T	A	V	L	I	F	Y	W	H	M	C	P
0	0.01089	0.01062	0.01862	0.02638	0.74921	0.01055	0.08102	0.01361	0.01009	0.01440	0.00836	0.01102	0.00697	0.00392	0.00444	0.00133	0.00544	0.00404	0.00219	0.00691
1	0.03878	0.04366	0.05254	0.03980	0.14779	0.04084	0.04360	0.12860	0.08597	0.18105	0.04587	0.05651	0.01079	0.00537	0.00434	0.00133	0.00454	0.00456	0.00362	0.06044
2	0.02628	0.11731	0.14909	0.03381	0.02571	0.05128	0.06742	0.10245	0.09247	0.15087	0.04986	0.04091	0.02702	0.00543	0.00447	0.00135	0.02174	0.00443	0.02188	0.00621
3	0.02352	0.00789	0.07940	0.22967	0.12767	0.00718	0.00885	0.01051	0.00956	0.05109	0.07476	0.19993	0.07310	0.00771	0.00480	0.00152	0.00424	0.04893	0.02470	0.00497
4	0.00812	0.00657	0.00918	0.21895	0.03941	0.00693	0.03227	0.04875	0.07358	0.04766	0.10042	0.16454	0.20942	0.00830	0.00493	0.00151	0.00376	0.00726	0.00361	0.00482
5	0.01284	0.10406	0.16175	0.03055	0.08777	0.05165	0.03013	0.04279	0.08216	0.22786	0.04541	0.03646	0.02956	0.00583	0.01802	0.00144	0.01750	0.00439	0.00345	0.00637
6	0.10187	0.02551	0.05216	0.03979	0.01268	0.19217	0.03465	0.16840	0.04899	0.11300	0.01186	0.05126	0.03390	0.00713	0.04502	0.02647	0.00549	0.00425	0.01964	0.00574
7	0.00737	0.00496	0.00641	0.00618	0.00753	0.00442	0.03656	0.00857	0.00980	0.10648	0.05362	0.28117	0.35094	0.05004	0.00611	0.00172	0.00291	0.04689	0.00414	0.00420
8	0.00880	0.03377	0.05077	0.03364	0.00989	0.05208	0.03389	0.02364	0.05169	0.09891	0.13246	0.19242	0.20914	0.00952	0.02337	0.00162	0.00372	0.02195	0.00391	0.00480

[dist]
# distance from previous block
# <min> <max>
8	50

[block]
# block no. 2 follows, 59 sequences, length 23
# corresponding to MSA columns:
# 195-217
name=unknown_C
#
# <colnr> <probs for GDERKNQSTAVLIFYWHMCP>
#	G	D	E	R	K	N	Q	S	T	A	V	L	I	F	Y	W	H	M	C	P
0	0.37767	0.04956	0.02362	0.00958	0.08633	0.08002	0.02031	0.06908	0.05654	0.10896	0.00893	0.00984	0.00681	0.01686	0.00412	0.00136	0.02796	0.00324	0.00308	0.03614
1	0.08126	0.02364	0.04586	0.07956	0.07777	0.13628	0.06491	0.11255	0.05684	0.06390	0.02142	0.01154	0.00792	0.00540	0.01978	0.01193	0.03611	0.01424	0.01799	0.11111
2	0.03017	0.00553	0.00745	0.09227	0.02506	0.00562	0.02797	0.02428	0.03303	0.01321	0.13051	0.31237	0.13515	0.05010	0.01824	0.00178	0.02037	0.02073	0.02013	0.02601
3	0.01226	0.10634	0.03140	0.11085	0.11669	0.14338	0.00897	0.15005	0.13238	0.03297	0.06107	0.01413	0.02523	0.00537	0.00429	0.00133	0.00508	0.02897	0.00319	0.00605
4	0.00611	0.00486	0.00555	0.00555	0.00678	0.00455	0.00409	0.00856	0.09024	0.01406	0.25100	0.19160	0.36970	0.01058	0.00523	0.00152	0.00238	0.00914	0.00435	0.00415
5	0.00794	0.00633	0.00732	0.00768	0.03470	0.03337	0.00548	0.03096	0.17914	0.03213	0.13151	0.36109	0.07552	0.01021	0.00519	0.00161	0.00312	0.05773	0.00420	0.00477
6	0.11247	0.00990	0.01124	0.00871	0.01211	0.01023	0.00719	0.38553	0.01587	0.36203	0.01300	0.01210	0.00866	0.00524	0.00424	0.00135	0.00424	0.00400	0.00468	0.00721
7	0.00556	0.00448	0.00497	0.00500	0.00630	0.00389	0.00378	0.00692	0.01051	0.01323	0.21167	0.08769	0.55734	0.01092	0.00529	0.00152	0.00232	0.05052	0.00427	0.00383
8	0.01181	0.84744	0.02314	0.00756	0.01134	0.01748	0.00756	0.01323	0.00897	0.01039	0.00614	0.00708	0.00567	0.00378	0.00283	0.00094	0.00472	0.00236	0.00189	0.00567
9	0.00855	0.00593	0.00715	0.00701	0.00857	0.02171	0.00563	0.03039	0.06893	0.09499	0.15903	0.12275	0.14426	0.00990	0.00529	0.00162	0.00328	0.25274	0.00430	0.03796
10	0.87598	0.00854	0.00649	0.00581	0.00854	0.00991	0.00478	0.01298	0.00752	0.01982	0.00615	0.00717	0.00478	0.00410	0.00273	0.00137	0.00342	0.00239	0.00273	0.00478
11	0.00567	0.00441	0.00513	0.00529	0.00632	0.00396	0.00381	0.00713	0.02572	0.01326	0.23420	0.24838	0.37428	0.03489	0.00580	0.00162	0.00237	0.00966	0.00426	0.00384
12	0.01198	0.02568	0.08420	0.09983	0.34298	0.01019	0.01098	0.17173	0.01246	0.08668	0.08974	0.01329	0.01064	0.00492	0.00443	0.00134	0.00489	0.00430	0.00313	0.00659
13	0.01626	0.02065	0.01255	0.01139	0.01358	0.79828	0.00857	0.01739	0.01231	0.01080	0.00679	0.00802	0.00569	0.00466	0.00435	0.00117	0.03727	0.00288	0.00226	0.00511
14	0.00636	0.00429	0.00495	0.00511	0.00528	0.00423	0.00312	0.00665	0.00707	0.00945	0.01677	0.11118	0.05013	0.65732	0.01863	0.00370	0.00396	0.05290	0.02595	0.00293
15	0.05296	0.00996	0.01159	0.00892	0.01236	0.01020	0.00737	0.40827	0.01646	0.39512	0.01359	0.01252	0.00899	0.00533	0.00436	0.00135	0.00429	0.00413	0.00484	0.00740
16	0.00633	0.00475	0.00654	0.00657	0.00721	0.00524	0.00490	0.00755	0.00769	0.01070	0.06123	0.09768	0.06882	0.16592	0.45509	0.00507	0.04104	0.03104	0.00287	0.00373
17	0.01230	0.00697	0.00774	0.00656	0.00868	0.00719	0.00521	0.17535	0.09177	0.16524	0.04071	0.01555	0.01168	0.00545	0.00381	0.00121	0.00308	0.00436	0.42142	0.00572
18	0.01075	0.01004	0.01571	0.23908	0.31193	0.03705	0.09893	0.06595	0.09242	0.03015	0.03776	0.01257	0.00861	0.00457	0.00451	0.00139	0.00541	0.00430	0.00267	0.00620
19	0.00797	0.00536	0.00643	0.00637	0.00734	0.00534	0.00452	0.05291	0.08229	0.06993	0.08575	0.29476	0.06327	0.23226	0.00983	0.00234	0.00334	0.05182	0.00393	0.00423
20	0.01126	0.04191	0.04413	0.02372	0.10116	0.02286	0.06938	0.19149	0.10415	0.03802	0.04532	0.07787	0.03981	0.00687	0.02300	0.00157	0.10287	0.00511	0.04353	0.00597
21	0.04983	0.00599	0.00738	0.00686	0.00807	0.02772	0.01740	0.05464	0.02135	0.08461	0.07888	0.14634	0.09067	0.01220	0.05871	0.24778	0.02749	0.03366	0.00336	0.01706
22	0.08954	0.04703	0.06504	0.04302	0.10144	0.10158	0.02105	0.13457	0.08919	0.05699	0.02333	0.03749	0.02048	0.01971	0.02892	0.00153	0.03156	0.00410	0.01642	0.06702

[dist]
# distance from previous block
# <min> <max>
1	61

[block]
# block no. 3 follows, 59 sequences, length 14
# corresponding to MSA columns:
# 279-292
name=unknown_D
#
# <colnr> <probs for GDERKNQSTAVLIFYWHMCP>
#	G	D	E	R	K	N	Q	S	T	A	V	L	I	F	Y	W	H	M	C	P
0	0.03314	0.00820	0.01136	0.07811	0.13505	0.03233	0.07332	0.05639	0.07169	0.05663	0.06274	0.12498	0.08662	0.00737	0.02515	0.01394	0.00437	0.00580	0.00330	0.10949
1	0.00903	0.00681	0.00797	0.00632	0.00912	0.00563	0.00490	0.03499	0.03168	0.07246	0.09546	0.06176	0.12230	0.05289	0.00508	0.00120	0.00312	0.00504	0.00343	0.46080
2	0.04542	0.05030	0.10504	0.06984	0.08077	0.03408	0.04906	0.07018	0.20979	0.01593	0.08464	0.06736	0.05690	0.00636	0.00454	0.00144	0.00442	0.03470	0.00340	0.00582
3	0.00556	0.00415	0.00513	0.00559	0.00629	0.00377	0.00389	0.00666	0.00961	0.01269	0.19513	0.45903	0.21287	0.04087	0.00603	0.00172	0.00245	0.01064	0.00421	0.00371
4	0.01039	0.04583	0.08640	0.02657	0.09512	0.08354	0.02176	0.11171	0.11325	0.03427	0.12262	0.08168	0.10182	0.00727	0.01819	0.00150	0.02322	0.00568	0.00351	0.00565
5	0.03187	0.14333	0.22777	0.02953	0.12331	0.05154	0.10611	0.06105	0.03422	0.06499	0.00880	0.01037	0.00680	0.00541	0.03221	0.00153	0.04881	0.00367	0.00248	0.00621
6	0.00756	0.00390	0.00581	0.00590	0.00596	0.00390	0.00402	0.00595	0.00609	0.00810	0.00912	0.04460	0.00940	0.01512	0.01624	0.79322	0.00380	0.04709	0.00211	0.00209
7	0.04558	0.12842	0.06677	0.05829	0.12153	0.20304	0.06447	0.07421	0.02217	0.05266	0.02873	0.01135	0.00798	0.03080	0.06395	0.00176	0.00626	0.00372	0.00261	0.00572
8	0.01040	0.00993	0.01559	0.05578	0.59195	0.03445	0.01181	0.01341	0.06132	0.01409	0.02803	0.06262	0.00952	0.00564	0.02374	0.00151	0.03669	0.00460	0.00250	0.00643
9	0.00643	0.00504	0.00669	0.04188	0.02975	0.00486	0.02317	0.00817	0.03726	0.01299	0.18134	0.19181	0.23440	0.06165	0.02713	0.03101	0.00326	0.08531	0.00387	0.00400
10	0.01321	0.24948	0.01816	0.05745	0.03081	0.25048	0.15312	0.11186	0.01169	0.01357	0.00757	0.00910	0.00615	0.00430	0.00420	0.00120	0.02620	0.00338	0.00240	0.02565
11	0.00542	0.00395	0.00510	0.00593	0.00637	0.00364	0.00402	0.00631	0.00889	0.01175	0.07663	0.70445	0.11478	0.01325	0.00557	0.00174	0.00250	0.01192	0.00415	0.00364
12	0.01161	0.09660	0.12372	0.04750	0.01428	0.08116	0.08567	0.09537	0.06518	0.07775	0.01052	0.04035	0.01928	0.03111	0.01856	0.00157	0.12486	0.00423	0.01210	0.03859
13	0.09958	0.09886	0.19251	0.09255	0.04893	0.08090	0.07239	0.08230	0.03854	0.05413	0.00915	0.01048	0.02018	0.00456	0.00436	0.00131	0.03327	0.00356	0.00261	0.04983

[dist]
# distance from previous block
# <min> <max>
1	36

[block]
# block no. 4 follows, 59 sequences, length 20
# corresponding to MSA columns:
# 331-350
name=unknown_E
#
# <colnr> <probs for GDERKNQSTAVLIFYWHMCP>
#	G	D	E	R	K	N	Q	S	T	A	V	L	I	F	Y	W	H	M	C	P
0	0.03397	0.02634	0.00785	0.02133	0.03044	0.00636	0.00546	0.07868	0.06579	0.05381	0.08114	0.20632	0.13118	0.02636	0.00557	0.03029	0.00326	0.07044	0.03010	0.08530
1	0.03018	0.08096	0.02413	0.02853	0.02611	0.04601	0.04498	0.23082	0.02479	0.08227	0.10145	0.09737	0.06216	0.00640	0.00440	0.00130	0.00418	0.00533	0.00373	0.09490
2	0.00773	0.19077	0.04031	0.00669	0.00805	0.02127	0.00536	0.00872	0.00808	0.01049	0.01497	0.26072	0.01684	0.25081	0.05074	0.00255	0.02452	0.04646	0.00292	0.02200
3	0.01333	0.08422	0.06960	0.07191	0.03517	0.11454	0.00892	0.26515	0.10836	0.05806	0.01112	0.02378	0.02723	0.00541	0.00501	0.00135	0.06910	0.00401	0.00334	0.02040
4	0.00997	0.00892	0.01204	0.05459	0.15896	0.03437	0.05476	0.01218	0.00967	0.03582	0.02798	0.01048	0.00755	0.00372	0.00375	0.00092	0.00416	0.00327	0.00260	0.54431
5	0.01011	0.03918	0.17912	0.15695	0.08075	0.03336	0.05804	0.04065	0.04204	0.07834	0.01999	0.05773	0.03360	0.00720	0.05753	0.00175	0.02459	0.01816	0.00276	0.05813
6	0.00984	0.06354	0.09411	0.02940	0.02944	0.10950	0.03522	0.05164	0.04582	0.04357	0.12194	0.01714	0.03016	0.05314	0.19865	0.00285	0.04080	0.01521	0.00297	0.00508
7	0.00797	0.00602	0.00709	0.00720	0.00832	0.02727	0.00546	0.02516	0.15215	0.04155	0.03984	0.23522	0.04911	0.11130	0.09591	0.00259	0.00443	0.16510	0.00383	0.00449
8	0.06204	0.03089	0.01115	0.00881	0.01157	0.08695	0.02165	0.24279	0.06679	0.24917	0.01271	0.03999	0.00953	0.02298	0.02281	0.03393	0.02897	0.00431	0.02662	0.00635
9	0.03962	0.03348	0.09537	0.05367	0.11568	0.05877	0.14250	0.01278	0.06681	0.01298	0.01031	0.07901	0.00939	0.02350	0.06877	0.00200	0.14956	0.01785	0.00250	0.00544
10	0.00608	0.00495	0.03282	0.00602	0.00709	0.00413	0.00463	0.00740	0.00975	0.03246	0.13656	0.38659	0.25354	0.01176	0.00542	0.00165	0.00270	0.07834	0.00416	0.00394
11	0.16204	0.00770	0.00849	0.00709	0.00963	0.02723	0.00569	0.07998	0.07692	0.30777	0.16190	0.01711	0.02728	0.00595	0.00418	0.00135	0.00340	0.00476	0.07553	0.00599
12	0.02936	0.04428	0.03593	0.08172	0.07822	0.12766	0.08684	0.02214	0.03615	0.01239	0.04870	0.07832	0.01158	0.06124	0.15026	0.00260	0.06700	0.01803	0.00263	0.00493
13	0.06921	0.05167	0.10997	0.09078	0.10451	0.15206	0.09283	0.08172	0.05966	0.04935	0.00999	0.05045	0.00826	0.02947	0.00478	0.00143	0.00560	0.00420	0.01824	0.00582
14	0.00609	0.00434	0.00542	0.00588	0.00653	0.00407	0.00405	0.00747	0.03744	0.02955	0.14560	0.50782	0.12232	0.08350	0.00690	0.00189	0.00266	0.01051	0.00414	0.00382
15	0.02087	0.00622	0.00721	0.00667	0.00823	0.00639	0.00506	0.04535	0.20967	0.05566	0.33399	0.09354	0.09987	0.05826	0.00601	0.00164	0.00287	0.02302	0.00447	0.00500
16	0.03067	0.14224	0.14466	0.01206	0.07108	0.17361	0.09012	0.11028	0.04491	0.01460	0.03682	0.01099	0.00801	0.03196	0.00536	0.00140	0.05902	0.00374	0.00259	0.00588
17	0.03856	0.11889	0.11975	0.10328	0.05076	0.05028	0.05779	0.03344	0.06481	0.01299	0.03022	0.03534	0.04518	0.00961	0.11210	0.03842	0.03742	0.03336	0.00259	0.00521
18	0.00606	0.03513	0.05336	0.00660	0.00771	0.00479	0.02894	0.00732	0.00909	0.01204	0.09474	0.51995	0.13877	0.04661	0.00605	0.00176	0.00300	0.01032	0.00384	0.00394
19	0.00840	0.02597	0.00858	0.02439	0.04234	0.02815	0.03500	0.05692	0.14619	0.03113	0.07090	0.19671	0.17517	0.08591	0.00661	0.00179	0.00356	0.04360	0.00384	0.00482

[dist]
# distance from previous block
# <min> <max>
1	23

[block]
# block no. 5 follows, 59 sequences, length 40
# corresponding to MSA columns:
# 374-413
name=unknown_F
#
# <colnr> <probs for GDERKNQSTAVLIFYWHMCP>
#	G	D	E	R	K	N	Q	S	T	A	V	L	I	F	Y	W	H	M	C	P
0	0.08775	0.07186	0.06237	0.02785	0.09743	0.02875	0.04452	0.09886	0.05223	0.05289	0.05267	0.07855	0.06426	0.01836	0.00557	0.02887	0.05650	0.00492	0.00313	0.06265
1	0.01001	0.00794	0.00919	0.03107	0.01073	0.00738	0.00584	0.11407	0.09124	0.02670	0.01156	0.04539	0.02747	0.02051	0.02787	0.00123	0.02281	0.00392	0.07330	0.45175
2	0.01264	0.44986	0.01871	0.00984	0.03506	0.17068	0.04339	0.07432	0.03365	0.01237	0.00800	0.00915	0.02471	0.00462	0.00442	0.00116	0.07633	0.00311	0.00231	0.00568
3	0.00746	0.00498	0.00623	0.00608	0.00717	0.00474	0.00444	0.02744	0.05171	0.07520	0.35412	0.25582	0.08448	0.07081	0.00648	0.00173	0.00268	0.01963	0.00444	0.00434
4	0.00639	0.00490	0.00635	0.00695	0.06602	0.00472	0.00450	0.00771	0.00954	0.01291	0.27256	0.05713	0.19549	0.21006	0.11295	0.00282	0.00412	0.00735	0.00364	0.00388
5	0.00802	0.00564	0.00670	0.00647	0.00785	0.00560	0.00481	0.01170	0.17736	0.08152	0.22724	0.22722	0.14383	0.04241	0.00580	0.00165	0.00278	0.02418	0.00443	0.00477
6	0.00573	0.00446	0.00523	0.00557	0.00665	0.00401	0.00423	0.00701	0.00990	0.01249	0.11121	0.19304	0.42231	0.03913	0.00603	0.00173	0.00268	0.15070	0.00412	0.00377
7	0.00886	0.02285	0.82190	0.01259	0.01912	0.01026	0.01632	0.01399	0.00932	0.01399	0.00793	0.00932	0.00559	0.00420	0.00420	0.00140	0.00653	0.00326	0.00186	0.00653
8	0.00965	0.00909	0.01217	0.46282	0.08194	0.08150	0.01021	0.02946	0.08287	0.03184	0.05705	0.01505	0.06297	0.00539	0.00477	0.00144	0.02932	0.00453	0.00268	0.00527
9	0.01042	0.01191	0.02606	0.01862	0.02308	0.01117	0.80119	0.01415	0.01042	0.01415	0.00894	0.01191	0.00670	0.00372	0.00521	0.00149	0.00745	0.00521	0.00223	0.00596
10	0.00834	0.00785	0.01325	0.83417	0.03042	0.00981	0.01227	0.01128	0.00883	0.01128	0.00785	0.01178	0.00589	0.00442	0.00442	0.00147	0.00589	0.00393	0.00196	0.00491
11	0.03007	0.00845	0.00948	0.00835	0.01058	0.00941	0.00652	0.06374	0.46029	0.13144	0.01700	0.04062	0.02816	0.07423	0.03347	0.00191	0.03675	0.01897	0.00425	0.00631
12	0.00844	0.00796	0.01343	0.80199	0.06179	0.00984	0.01232	0.01137	0.00888	0.01141	0.00787	0.01174	0.00593	0.00440	0.00441	0.00147	0.00586	0.00393	0.00197	0.00499
13	0.01440	0.01163	0.01188	0.00974	0.01279	0.05311	0.00783	0.44529	0.34233	0.02316	0.01343	0.01287	0.00986	0.00555	0.00443	0.00139	0.00446	0.00434	0.00434	0.00718
14	0.15512	0.01031	0.00959	0.00856	0.01077	0.20544	0.03828	0.01388	0.01062	0.14424	0.06558	0.07291	0.02535	0.00692	0.00468	0.00144	0.02422	0.14033	0.00350	0.04829
15	0.42212	0.01164	0.01031	0.00852	0.01151	0.11983	0.03220	0.28369	0.02963	0.02115	0.00810	0.00880	0.00608	0.00460	0.00359	0.00133	0.00465	0.00314	0.00327	0.00584
16	0.03121	0.01393	0.01251	0.02803	0.02693	0.23344	0.00834	0.47550	0.01677	0.02107	0.01020	0.04927	0.00826	0.00562	0.00457	0.00133	0.02297	0.01998	0.00364	0.00644
17	0.01384	0.00988	0.01285	0.09949	0.19085	0.02669	0.00911	0.24781	0.07299	0.17217	0.01218	0.05525	0.00938	0.00533	0.00442	0.00135	0.00462	0.00449	0.00374	0.04354
18	0.01438	0.01157	0.01112	0.04208	0.02169	0.20519	0.02288	0.19178	0.06453	0.17967	0.08056	0.01510	0.02239	0.06957	0.01481	0.00161	0.01679	0.00449	0.00380	0.00599
19	0.00776	0.00624	0.00713	0.00660	0.00821	0.00648	0.00504	0.01332	0.28898	0.01720	0.43409	0.02854	0.13631	0.00827	0.00496	0.00144	0.00259	0.00713	0.00463	0.00509
20	0.00758	0.00529	0.00684	0.00671	0.00792	0.00487	0.02122	0.04584	0.02324	0.06462	0.02055	0.55583	0.03660	0.05491	0.00605	0.00171	0.00304	0.00971	0.00391	0.11355
21	0.05298	0.15163	0.33273	0.00927	0.01407	0.04586	0.01012	0.01298	0.00926	0.01369	0.00747	0.00873	0.00590	0.00382	0.00357	0.00105	0.00501	0.00283	0.00219	0.30684
22	0.01257	0.02968	0.01134	0.02667	0.01221	0.22815	0.02525	0.10058	0.10151	0.05466	0.01066	0.01164	0.03613	0.00551	0.00536	0.04837	0.05626	0.00365	0.00301	0.21680
23	0.00626	0.00494	0.00569	0.00543	0.00678	0.00460	0.00409	0.00888	0.08238	0.01545	0.43357	0.03536	0.35108	0.00963	0.00515	0.00144	0.00227	0.00826	0.00452	0.00424
24	0.00561	0.00424	0.00585	0.00639	0.00693	0.00395	0.03231	0.00651	0.00857	0.01131	0.02514	0.67276	0.10926	0.04701	0.03003	0.00200	0.00304	0.01149	0.00393	0.00366
25	0.04365	0.03810	0.01325	0.20651	0.30997	0.02068	0.02684	0.01192	0.05143	0.01335	0.02898	0.17711	0.01240	0.00639	0.00458	0.00146	0.00468	0.02042	0.00274	0.00554
26	0.01206	0.01177	0.00947	0.00849	0.01047	0.29637	0.00648	0.07774	0.12347	0.05343	0.24904	0.03828	0.03045	0.00653	0.00449	0.00130	0.00467	0.00522	0.04499	0.00530
27	0.01267	0.01459	0.01067	0.03904	0.01214	0.47705	0.00758	0.03664	0.01076	0.01116	0.00958	0.01350	0.02020	0.06121	0.18185	0.00269	0.03992	0.03159	0.00245	0.00472
28	0.00922	0.03686	0.00832	0.00722	0.00908	0.02658	0.00569	0.01416	0.26332	0.08231	0.12926	0.06767	0.21859	0.00843	0.00526	0.00151	0.03638	0.06063	0.00423	0.00530
29	0.00561	0.00402	0.00519	0.00601	0.00638	0.00377	0.00409	0.00642	0.00853	0.01128	0.04108	0.64068	0.07651	0.10192	0.00742	0.00205	0.00281	0.05874	0.00396	0.00354
30	0.00886	0.02285	0.82190	0.01259	0.01912	0.01026	0.01632	0.01399	0.00932	0.01399	0.00793	0.00932	0.00559	0.00420	0.00420	0.00140	0.00653	0.00326	0.00186	0.00653
31	0.03083	0.01274	0.01274	0.04012	0.01313	0.27669	0.05925	0.04011	0.00991	0.07392	0.00826	0.01091	0.00701	0.02609	0.09220	0.00213	0.27254	0.00378	0.00250	0.00516
32	0.05037	0.00514	0.00635	0.00655	0.00773	0.00500	0.00514	0.03544	0.02144	0.04317	0.20576	0.22726	0.13056	0.01077	0.00537	0.00167	0.00300	0.22077	0.00426	0.00425
33	0.00548	0.00407	0.00506	0.00574	0.00633	0.00372	0.00396	0.00640	0.00900	0.01171	0.07069	0.56401	0.20693	0.04607	0.00620	0.00181	0.00257	0.03253	0.00408	0.00363
34	0.00713	0.00518	0.00690	0.00665	0.00718	0.00589	0.00491	0.00811	0.00739	0.02757	0.03242	0.03492	0.04423	0.27038	0.32654	0.02163	0.10811	0.02004	0.05111	0.00371
35	0.14540	0.02979	0.01063	0.00839	0.01140	0.02836	0.00695	0.27824	0.03452	0.28190	0.01350	0.01583	0.01024	0.02039	0.00461	0.00146	0.00423	0.08327	0.00433	0.00656
36	0.09182	0.01121	0.01149	0.03103	0.09470	0.17524	0.03926	0.11598	0.09608	0.08348	0.08282	0.02594	0.04028	0.02823	0.01844	0.00153	0.03879	0.00453	0.00339	0.00576
37	0.00615	0.00429	0.00554	0.00614	0.00676	0.00406	0.00435	0.00743	0.02337	0.03125	0.11364	0.53131	0.08600	0.04748	0.02345	0.00193	0.00290	0.07149	0.01862	0.00383
38	0.00951	0.00878	0.07384	0.04461	0.07016	0.01708	0.06337	0.06677	0.10656	0.05095	0.03173	0.07014	0.01168	0.03057	0.19280	0.03078	0.02918	0.02162	0.02138	0.04849
39	0.02321	0.03176	0.01090	0.06557	0.01293	0.19554	0.00729	0.06375	0.20772	0.10540	0.01194	0.01305	0.00925	0.00504	0.00408	0.00122	0.00476	0.02952	0.02352	0.17354

[dist]
# distance from previous block
# <min> <max>
1	23

[block]
# block no. 6 follows, 59 sequences, length 18
# corresponding to MSA columns:
# 437-454
name=unknown_G
#
# <colnr> <probs for GDERKNQSTAVLIFYWHMCP>
#	G	D	E	R	K	N	Q	S	T	A	V	L	I	F	Y	W	H	M	C	P
0	0.00843	0.04790	0.02415	0.03215	0.03653	0.05090	0.11138	0.02337	0.02089	0.02277	0.11463	0.17369	0.11505	0.00946	0.04324	0.00178	0.08897	0.04471	0.00328	0.02674
1	0.00602	0.00454	0.00558	0.00556	0.00659	0.00419	0.00408	0.00799	0.03830	0.01521	0.46462	0.19785	0.20240	0.01035	0.00527	0.00150	0.00226	0.00909	0.00453	0.00405
2	0.00829	0.03189	0.14324	0.03151	0.02562	0.02053	0.05457	0.01051	0.01985	0.05919	0.07175	0.08580	0.16088	0.11257	0.01907	0.00190	0.02935	0.04621	0.06254	0.00472
3	0.01338	0.01060	0.04661	0.04814	0.01332	0.01008	0.00765	0.40173	0.01505	0.06733	0.01023	0.03378	0.00784	0.00479	0.00407	0.00113	0.00433	0.00376	0.00365	0.29254
4	0.01200	0.00882	0.01006	0.00860	0.01094	0.00946	0.00706	0.42045	0.03644	0.02188	0.19174	0.04126	0.01951	0.00780	0.00498	0.00151	0.00399	0.17312	0.00444	0.00594
5	0.01228	0.27712	0.06648	0.00902	0.01203	0.16841	0.00792	0.13754	0.08352	0.01440	0.01032	0.10156	0.00940	0.00610	0.01921	0.00134	0.02103	0.00421	0.00287	0.03524
6	0.01163	0.00847	0.00988	0.00728	0.01098	0.00723	0.00588	0.14638	0.01165	0.11284	0.03598	0.01089	0.00838	0.00407	0.00367	0.00088	0.00356	0.00324	0.00334	0.59379
7	0.09444	0.01014	0.01347	0.18113	0.12378	0.08704	0.10047	0.09054	0.03743	0.06357	0.04901	0.02623	0.00974	0.02411	0.00526	0.00150	0.04086	0.03270	0.00293	0.00566
8	0.01093	0.00976	0.03628	0.28587	0.27264	0.03774	0.02492	0.05087	0.05118	0.08035	0.01037	0.01419	0.00839	0.00507	0.00482	0.00145	0.03112	0.05530	0.00272	0.00602
9	0.00706	0.00516	0.00694	0.00767	0.00876	0.00514	0.00655	0.00948	0.04507	0.01381	0.10812	0.06492	0.06508	0.01158	0.00588	0.00191	0.00371	0.61482	0.00417	0.00418
10	0.05174	0.00678	0.00799	0.00771	0.04381	0.00696	0.00563	0.02765	0.23087	0.11594	0.25536	0.08247	0.09942	0.00768	0.00472	0.00144	0.00298	0.00656	0.02881	0.00548
11	0.09593	0.18652	0.05184	0.03437	0.10572	0.18279	0.03215	0.12837	0.01143	0.04986	0.00785	0.00916	0.00628	0.00465	0.00469	0.00127	0.07530	0.00326	0.00262	0.00592
12	0.00631	0.00451	0.00609	0.00614	0.00659	0.00493	0.00432	0.00722	0.00689	0.00963	0.01327	0.06200	0.01392	0.35600	0.46630	0.00572	0.00837	0.00579	0.00257	0.00342
13	0.00780	0.00419	0.00596	0.00590	0.00604	0.00427	0.00396	0.00682	0.05250	0.00834	0.00857	0.01434	0.00841	0.05437	0.01677	0.77954	0.00384	0.00403	0.00210	0.00225
14	0.00722	0.00497	0.00637	0.03150	0.00781	0.00475	0.04535	0.00928	0.03179	0.02896	0.15180	0.13815	0.20062	0.00839	0.00453	0.00137	0.00268	0.02189	0.28834	0.00422
15	0.06506	0.04664	0.03579	0.11359	0.05936	0.14787	0.03854	0.12569	0.05446	0.02864	0.01026	0.03412	0.02834	0.00699	0.06142	0.00169	0.03870	0.00398	0.00283	0.09602
16	0.08913	0.04148	0.04853	0.25488	0.01727	0.05231	0.08061	0.02569	0.02258	0.04581	0.02371	0.09870	0.02136	0.01986	0.06952	0.00188	0.01660	0.00484	0.00268	0.06256
17	0.04205	0.02166	0.07955	0.03278	0.10350	0.00698	0.00671	0.01073	0.06562	0.04746	0.03730	0.07930	0.08714	0.24809	0.03082	0.00241	0.03164	0.02395	0.02139	0.02095

[dist]
# distance from previous block
# <min> <max>
2	44

[block]
# block no. 7 follows, 59 sequences, length 19
# corresponding to MSA columns:
# 499-517
name=unknown_H
#
# <colnr> <probs for GDERKNQSTAVLIFYWHMCP>
#	G	D	E	R	K	N	Q	S	T	A	V	L	I	F	Y	W	H	M	C	P
0	0.06292	0.05203	0.03130	0.01142	0.11247	0.14782	0.02743	0.17988	0.05707	0.13657	0.01160	0.03312	0.02610	0.00666	0.04947	0.00160	0.00541	0.00408	0.00341	0.03964
1	0.02692	0.01029	0.02585	0.02722	0.28586	0.06596	0.05886	0.09592	0.08888	0.14563	0.02400	0.03342	0.02737	0.04768	0.00539	0.00152	0.00489	0.01458	0.00335	0.00642
2	0.01075	0.06013	0.02840	0.05410	0.06235	0.15530	0.07519	0.06408	0.06454	0.04028	0.03405	0.16327	0.01282	0.06209	0.04077	0.00186	0.05611	0.00569	0.00302	0.00519
3	0.01450	0.01184	0.01241	0.03450	0.01359	0.07323	0.02831	0.48808	0.17000	0.02277	0.01275	0.01271	0.03799	0.00544	0.00440	0.00133	0.00477	0.00426	0.00406	0.04306
4	0.01093	0.01049	0.01793	0.02711	0.81723	0.01049	0.01355	0.01355	0.01006	0.01443	0.00831	0.01093	0.00700	0.00394	0.00437	0.00131	0.00525	0.00394	0.00219	0.00700
5	0.04645	0.05443	0.05343	0.06647	0.24763	0.00996	0.02814	0.04139	0.10691	0.11045	0.01585	0.07093	0.05871	0.00693	0.00506	0.00167	0.00489	0.06027	0.00371	0.00675
6	0.00691	0.00531	0.03564	0.00613	0.00726	0.00456	0.00465	0.02588	0.00921	0.05264	0.07258	0.31458	0.19696	0.08834	0.06212	0.05081	0.00361	0.02800	0.00374	0.02104
7	0.00900	0.00853	0.01444	0.62776	0.23165	0.00999	0.01260	0.01187	0.00914	0.01209	0.00797	0.01156	0.00617	0.00429	0.00440	0.00143	0.00572	0.00393	0.00202	0.00544
8	0.00724	0.00543	0.00642	0.03552	0.02915	0.00518	0.00479	0.03965	0.05019	0.04963	0.11808	0.08791	0.39445	0.08613	0.00673	0.00177	0.00299	0.06040	0.00402	0.00430
9	0.06612	0.11014	0.12231	0.03833	0.11901	0.13525	0.07348	0.03386	0.02143	0.12752	0.01057	0.07323	0.00883	0.02134	0.00451	0.00138	0.00534	0.00429	0.01715	0.00590
10	0.00562	0.00408	0.00544	0.02803	0.00711	0.00388	0.00439	0.00657	0.00877	0.01167	0.07031	0.68394	0.05506	0.03953	0.00612	0.00184	0.00274	0.04720	0.00404	0.00365
11	0.00863	0.00512	0.00646	0.00600	0.00736	0.00478	0.00453	0.01074	0.04372	0.14371	0.39854	0.09563	0.07759	0.07859	0.00645	0.00168	0.00272	0.03822	0.05494	0.00461
12	0.04096	0.02843	0.01199	0.12517	0.29523	0.00835	0.00894	0.03365	0.00926	0.04465	0.01286	0.13957	0.03713	0.09994	0.05592	0.00210	0.03216	0.00565	0.00277	0.00529
13	0.07482	0.04935	0.08056	0.07815	0.06093	0.09959	0.05746	0.23623	0.02297	0.08137	0.00979	0.04323	0.00774	0.00529	0.00508	0.00139	0.07267	0.00406	0.00315	0.00618
14	0.00688	0.00434	0.00570	0.00590	0.00645	0.00419	0.00421	0.02711	0.00813	0.01057	0.04706	0.17540	0.16136	0.05070	0.01131	0.37510	0.00332	0.08610	0.00313	0.00303
15	0.00586	0.00445	0.00578	0.02795	0.02788	0.00425	0.00447	0.00714	0.02538	0.01206	0.10345	0.50442	0.15418	0.05863	0.03091	0.00197	0.00301	0.01041	0.00395	0.00382
16	0.10115	0.07330	0.09478	0.09145	0.06482	0.08390	0.04781	0.08038	0.03163	0.06779	0.01131	0.09983	0.01014	0.05132	0.03575	0.00175	0.00520	0.01755	0.02470	0.00545
17	0.07817	0.09815	0.06934	0.04979	0.19031	0.09679	0.04678	0.10949	0.05493	0.09320	0.00977	0.03103	0.00771	0.00474	0.00426	0.00130	0.01864	0.00384	0.00294	0.02880
18	0.03925	0.03262	0.05405	0.04340	0.01289	0.06863	0.09352	0.12045	0.01158	0.13960	0.04791	0.13802	0.01278	0.00695	0.02070	0.00148	0.01972	0.02574	0.02644	0.08427

[dist]
# distance from previous block
# <min> <max>
15	102

[block]
# block no. 8 follows, 59 sequences, length 33
# corresponding to MSA columns:
# 658-690
name=unknown_I
#
# <colnr> <probs for GDERKNQSTAVLIFYWHMCP>
#	G	D	E	R	K	N	Q	S	T	A	V	L	I	F	Y	W	H	M	C	P
0	0.30256	0.00963	0.04817	0.07461	0.25463	0.00952	0.04085	0.03668	0.00974	0.09871	0.03726	0.01137	0.02131	0.00451	0.00388	0.00135	0.00446	0.00369	0.00288	0.02420
1	0.06959	0.00896	0.01113	0.12586	0.14483	0.03736	0.00811	0.10864	0.11008	0.06747	0.08071	0.03102	0.05809	0.00551	0.00428	0.00130	0.00421	0.00461	0.00339	0.11483
2	0.03775	0.05538	0.13326	0.12493	0.14771	0.11711	0.02538	0.05494	0.07720	0.07319	0.04104	0.02950	0.00928	0.00499	0.00426	0.00133	0.00530	0.01789	0.00286	0.03672
3	0.01093	0.01049	0.01793	0.02711	0.81723	0.01049	0.01355	0.01355	0.01006	0.01443	0.00831	0.01093	0.00700	0.00394	0.00437	0.00131	0.00525	0.00394	0.00219	0.00700
4	0.10697	0.22130	0.07267	0.00816	0.01107	0.07224	0.06779	0.01250	0.03719	0.06099	0.08870	0.06286	0.14805	0.00636	0.00412	0.00131	0.00429	0.00515	0.00310	0.00519
5	0.01181	0.84744	0.02314	0.00756	0.01134	0.01748	0.00756	0.01323	0.00897	0.01039	0.00614	0.00708	0.00567	0.00378	0.00283	0.00094	0.00472	0.00236	0.00189	0.00567
6	0.01181	0.84744	0.02314	0.00756	0.01134	0.01748	0.00756	0.01323	0.00897	0.01039	0.00614	0.00708	0.00567	0.00378	0.00283	0.00094	0.00472	0.00236	0.00189	0.00567
7	0.00546	0.00390	0.00521	0.00619	0.00649	0.00365	0.00419	0.00630	0.00862	0.01152	0.04695	0.79567	0.02946	0.01365	0.00564	0.00179	0.00259	0.03500	0.00412	0.00362
8	0.01364	0.00708	0.00826	0.00690	0.00927	0.04862	0.00548	0.04463	0.01207	0.40008	0.15510	0.02291	0.13994	0.03593	0.00524	0.00147	0.00343	0.01916	0.05498	0.00582
9	0.01181	0.84744	0.02314	0.00756	0.01134	0.01748	0.00756	0.01323	0.00897	0.01039	0.00614	0.00708	0.00567	0.00378	0.00283	0.00094	0.00472	0.00236	0.00189	0.00567
10	0.01580	0.01040	0.01138	0.00888	0.01200	0.01120	0.00729	0.57201	0.01784	0.12976	0.01211	0.01213	0.00858	0.00530	0.00421	0.00128	0.00426	0.00406	0.14454	0.00696
11	0.00567	0.00401	0.00513	0.00590	0.00618	0.00381	0.00391	0.00635	0.00815	0.01081	0.02272	0.60956	0.05050	0.19009	0.00922	0.00232	0.00298	0.04548	0.00380	0.00342
12	0.00543	0.00388	0.00517	0.00612	0.00642	0.00362	0.00410	0.00626	0.00867	0.01161	0.06569	0.79959	0.02986	0.01359	0.00561	0.00177	0.00254	0.01232	0.00414	0.00362
13	0.00850	0.00809	0.01265	0.01077	0.01161	0.01025	0.10452	0.01003	0.00733	0.01092	0.00844	0.01281	0.00787	0.01674	0.31735	0.00381	0.42720	0.00435	0.00213	0.00464
14	0.41777	0.01213	0.00914	0.00795	0.01067	0.25707	0.00629	0.02862	0.01029	0.17698	0.00880	0.00918	0.00643	0.00454	0.00349	0.00129	0.00487	0.00299	0.01604	0.00546
15	0.00559	0.00402	0.00524	0.00601	0.00642	0.00378	0.00410	0.00649	0.00878	0.01172	0.09064	0.63583	0.07203	0.06537	0.02611	0.00203	0.00288	0.03533	0.00403	0.00361
16	0.04139	0.00874	0.01000	0.00829	0.01110	0.03665	0.00672	0.14474	0.17089	0.35641	0.04804	0.01706	0.01266	0.00661	0.02216	0.00153	0.00408	0.05205	0.03418	0.00671
17	0.00777	0.00447	0.00594	0.00579	0.00636	0.00442	0.00407	0.00745	0.02306	0.05098	0.01624	0.02132	0.15214	0.09792	0.05251	0.47228	0.01840	0.02374	0.02217	0.00295
18	0.00971	0.02112	0.00925	0.02229	0.01013	0.10176	0.04759	0.06825	0.02458	0.07598	0.11334	0.16081	0.07387	0.05910	0.04237	0.00196	0.03328	0.11616	0.00371	0.00474
19	0.01025	0.06421	0.16887	0.06485	0.08291	0.04796	0.18053	0.05377	0.06782	0.02697	0.01166	0.03171	0.05008	0.00607	0.03327	0.00160	0.04371	0.00453	0.04341	0.00583
20	0.00872	0.00667	0.01069	0.00895	0.01025	0.03443	0.17287	0.03631	0.02502	0.01045	0.00965	0.01450	0.02522	0.04769	0.08784	0.47513	0.00549	0.00443	0.00226	0.00344
21	0.00680	0.00642	0.05777	0.05077	0.00997	0.00561	0.07026	0.02159	0.03732	0.01229	0.06943	0.37628	0.07703	0.12408	0.03595	0.00219	0.00398	0.02459	0.00351	0.00416
22	0.02124	0.05515	0.06766	0.11915	0.15124	0.08493	0.14298	0.08099	0.03774	0.03653	0.00995	0.06072	0.00846	0.01979	0.02880	0.00161	0.04725	0.00453	0.01547	0.00580
23	0.03166	0.01564	0.01189	0.01056	0.01249	0.45782	0.00817	0.03762	0.12632	0.04992	0.02188	0.01065	0.00786	0.02035	0.00632	0.00141	0.15761	0.00358	0.00279	0.00545
24	0.00842	0.00726	0.01129	0.13277	0.03949	0.00821	0.09658	0.07819	0.00906	0.01249	0.01166	0.10957	0.01136	0.10312	0.24370	0.00346	0.10055	0.00555	0.00265	0.00465
25	0.02558	0.07760	0.23162	0.04263	0.11373	0.03996	0.05245	0.04613	0.02403	0.02527	0.05143	0.07350	0.03192	0.04892	0.02194	0.00165	0.04317	0.00477	0.03813	0.00558
26	0.03420	0.07843	0.28770	0.05459	0.05599	0.05175	0.08254	0.07151	0.06826	0.01478	0.02522	0.02588	0.05020	0.00587	0.02800	0.00153	0.02096	0.00420	0.03247	0.00591
27	0.00653	0.00427	0.00536	0.00581	0.00645	0.00393	0.00395	0.00733	0.00879	0.06679	0.04673	0.52773	0.13963	0.13555	0.00797	0.00208	0.00284	0.01050	0.00400	0.00376
28	0.04011	0.00897	0.07585	0.04907	0.06396	0.01778	0.06717	0.03506	0.05060	0.13664	0.05156	0.13426	0.03629	0.02064	0.05942	0.01476	0.12343	0.00571	0.00329	0.00542
29	0.01230	0.08275	0.15512	0.05767	0.15686	0.15938	0.06925	0.06705	0.03661	0.06866	0.00878	0.01034	0.00681	0.00501	0.01685	0.00141	0.05984	0.00364	0.00255	0.01912
30	0.00906	0.00612	0.01938	0.02001	0.00883	0.02055	0.02924	0.01143	0.08562	0.14124	0.09701	0.23672	0.07229	0.09967	0.06346	0.01708	0.00400	0.03101	0.02257	0.00469
31	0.00731	0.04906	0.00736	0.03175	0.00831	0.00532	0.02263	0.00909	0.03376	0.06927	0.19837	0.24613	0.24131	0.01015	0.00514	0.00153	0.00287	0.04214	0.00415	0.00435
32	0.01184	0.09228	0.10234	0.03720	0.02961	0.09824	0.16451	0.08386	0.04176	0.09995	0.04472	0.04238	0.03301	0.00595	0.01565	0.00146	0.03644	0.03688	0.00307	0.01883

[dist]
# distance from previous block
# <min> <max>
8	66

# created by:
# /st0/software/busco_prod/Augustus/scripts/msa2prfl.pl ./align_prep/23739.fa
