[name]
unknown

[dist]
# distance from previous block
# <min> <max>
0	27

[block]
# block no. 0 follows, 65 sequences, length 38
# corresponding to MSA columns:
# 28-31,33-66
name=unknown_A
#
# <colnr> <probs for GDERKNQSTAVLIFYWHMCP>
#	G	D	E	R	K	N	Q	S	T	A	V	L	I	F	Y	W	H	M	C	P
0	0.07593	0.08239	0.13367	0.02043	0.05471	0.09625	0.14753	0.09289	0.02898	0.04110	0.03958	0.02375	0.00824	0.00496	0.01524	0.00131	0.03724	0.02989	0.00257	0.06335
1	0.01177	0.15892	0.10301	0.00980	0.05056	0.16416	0.03504	0.18844	0.05782	0.02830	0.05540	0.03185	0.02815	0.00484	0.00395	0.00116	0.01635	0.00373	0.00283	0.04393
2	0.02183	0.01858	0.01927	0.00514	0.00646	0.00438	0.00401	0.00781	0.02607	0.03423	0.40895	0.06316	0.33563	0.00894	0.00485	0.00134	0.01377	0.00762	0.00407	0.00390
3	0.01146	0.00921	0.00983	0.00834	0.01084	0.01032	0.00657	0.26484	0.48357	0.01907	0.01421	0.03474	0.01107	0.04871	0.00499	0.00145	0.00365	0.00451	0.00400	0.03862
4	0.01133	0.71881	0.04835	0.00757	0.01102	0.08345	0.00739	0.03257	0.02874	0.01039	0.00619	0.00702	0.00549	0.00367	0.00284	0.00093	0.00467	0.00236	0.00190	0.00533
5	0.00988	0.00729	0.00862	0.00636	0.00978	0.00581	0.00508	0.02687	0.04092	0.11823	0.00918	0.02395	0.00734	0.01519	0.00352	0.00080	0.00314	0.00296	0.00289	0.69218
6	0.01338	0.01016	0.01173	0.12800	0.03468	0.01138	0.00810	0.52816	0.13258	0.04150	0.01090	0.03212	0.00814	0.00508	0.00414	0.00129	0.00440	0.00404	0.00376	0.00646
7	0.01080	0.80414	0.07402	0.00733	0.01100	0.01581	0.00755	0.01234	0.00836	0.00987	0.00581	0.00672	0.00526	0.00354	0.00272	0.00091	0.00450	0.00225	0.00175	0.00532
8	0.00645	0.00382	0.00492	0.00492	0.00495	0.00385	0.00304	0.00576	0.00574	0.00768	0.01045	0.02047	0.01151	0.47408	0.05097	0.36798	0.00408	0.00491	0.00218	0.00224
9	0.01008	0.00778	0.02584	0.07208	0.25411	0.01880	0.01979	0.06010	0.06668	0.13753	0.02512	0.20423	0.05579	0.00667	0.00453	0.00137	0.01481	0.00592	0.00327	0.00548
10	0.11040	0.10107	0.05120	0.04852	0.09913	0.10005	0.07588	0.10269	0.10648	0.02567	0.00885	0.03453	0.00725	0.00498	0.01463	0.00132	0.07127	0.00363	0.00262	0.02982
11	0.01083	0.00895	0.00944	0.00829	0.01068	0.01025	0.00650	0.13109	0.67269	0.01828	0.01560	0.01456	0.01167	0.00544	0.00410	0.00135	0.00336	0.00447	0.04600	0.00644
12	0.01063	0.00994	0.04948	0.07966	0.37947	0.02267	0.07331	0.14856	0.03751	0.03725	0.04526	0.04494	0.00912	0.00473	0.00439	0.00129	0.01896	0.01409	0.00271	0.00602
13	0.00528	0.00444	0.02743	0.00524	0.00618	0.00378	0.00392	0.00642	0.00882	0.01147	0.14455	0.31121	0.31719	0.06019	0.05051	0.00190	0.00288	0.02139	0.00369	0.00351
14	0.00876	0.00745	0.00872	0.02154	0.01018	0.00581	0.00509	0.04008	0.00890	0.01378	0.00739	0.00861	0.00610	0.00313	0.00310	0.00064	0.00314	0.00250	0.00248	0.83259
15	0.07336	0.03867	0.17235	0.04558	0.19649	0.12777	0.10839	0.06502	0.02065	0.05816	0.00845	0.02036	0.00669	0.00421	0.00396	0.00124	0.00540	0.01816	0.00240	0.02270
16	0.00509	0.00366	0.00476	0.00560	0.00592	0.00342	0.00377	0.00582	0.00789	0.01042	0.02319	0.73361	0.07477	0.06113	0.00613	0.00179	0.00249	0.03349	0.00373	0.00331
17	0.02537	0.00824	0.01154	0.01003	0.07347	0.00832	0.10643	0.21057	0.05351	0.22494	0.06186	0.04273	0.01149	0.06580	0.05336	0.00179	0.00459	0.01639	0.00372	0.00585
18	0.02476	0.27817	0.25593	0.01153	0.02580	0.06143	0.23264	0.01277	0.00903	0.01186	0.00816	0.00962	0.03294	0.00389	0.00377	0.00118	0.00566	0.00343	0.00194	0.00548
19	0.00525	0.00384	0.00482	0.00546	0.00588	0.00361	0.00367	0.00626	0.02826	0.01074	0.06256	0.61945	0.11184	0.09976	0.00678	0.00185	0.00252	0.01037	0.00372	0.00336
20	0.01080	0.80582	0.07239	0.00732	0.01099	0.01582	0.00753	0.01234	0.00836	0.00987	0.00581	0.00672	0.00526	0.00354	0.00271	0.00090	0.00449	0.00225	0.00175	0.00532
21	0.01294	0.03089	0.04153	0.00894	0.02158	0.01066	0.02401	0.43482	0.18517	0.07124	0.04726	0.02436	0.04451	0.01760	0.00441	0.00132	0.00405	0.00438	0.00395	0.00638
22	0.00596	0.00434	0.00558	0.00623	0.00680	0.00428	0.00446	0.05049	0.03869	0.01173	0.02138	0.67200	0.02479	0.01237	0.02230	0.00176	0.00286	0.09648	0.00380	0.00370
23	0.00618	0.00583	0.04310	0.00885	0.06270	0.00505	0.11959	0.00763	0.00843	0.01137	0.04194	0.58242	0.04709	0.01033	0.00503	0.00157	0.00334	0.02219	0.00338	0.00399
24	0.00810	0.00748	0.01231	0.80887	0.02758	0.00928	0.01124	0.04614	0.00870	0.01117	0.00741	0.01090	0.00554	0.00414	0.00410	0.00136	0.00543	0.00365	0.00192	0.00467
25	0.00765	0.00383	0.00383	0.00383	0.00478	0.00383	0.00287	0.00956	0.00861	0.01530	0.01339	0.01530	0.01052	0.00478	0.00287	0.00096	0.00191	0.00383	0.87853	0.00383
26	0.00813	0.00778	0.01097	0.03741	0.01049	0.02517	0.03702	0.00920	0.00670	0.00987	0.00809	0.06597	0.00826	0.07336	0.13767	0.00263	0.53060	0.00444	0.00206	0.00419
27	0.00485	0.00416	0.00416	0.00416	0.00554	0.00347	0.00312	0.00589	0.00936	0.01109	0.04158	0.03950	0.82847	0.01040	0.00485	0.00139	0.00208	0.00866	0.00381	0.00347
28	0.00765	0.00383	0.00383	0.00383	0.00478	0.00383	0.00287	0.00956	0.00861	0.01530	0.01339	0.01530	0.01052	0.00478	0.00287	0.00096	0.00191	0.00383	0.87853	0.00383
29	0.01016	0.00975	0.01666	0.02520	0.83013	0.00975	0.01260	0.01260	0.00935	0.01341	0.00772	0.01016	0.00650	0.00366	0.00406	0.00122	0.00488	0.00366	0.00203	0.00650
30	0.05343	0.49115	0.31906	0.00873	0.01311	0.03061	0.00990	0.01263	0.00846	0.01133	0.00633	0.00737	0.00520	0.00368	0.00312	0.00106	0.00501	0.00251	0.00179	0.00551
31	0.00607	0.00419	0.00481	0.00486	0.00505	0.00424	0.00294	0.00674	0.04240	0.00875	0.01447	0.09017	0.02968	0.69815	0.04071	0.00367	0.00398	0.02359	0.00271	0.00281
32	0.00567	0.00405	0.00545	0.00591	0.00643	0.00380	0.02600	0.00649	0.00796	0.02745	0.02208	0.56374	0.08641	0.13594	0.00751	0.00199	0.00285	0.07330	0.00359	0.00339
33	0.01054	0.01016	0.01500	0.14705	0.46742	0.06626	0.05294	0.07599	0.08786	0.01405	0.00862	0.01061	0.00686	0.00404	0.00410	0.00126	0.00506	0.00375	0.00237	0.00607
34	0.01474	0.00756	0.00896	0.00729	0.00994	0.04437	0.00586	0.05524	0.13206	0.49792	0.11144	0.01699	0.05726	0.00578	0.00424	0.00129	0.00343	0.00474	0.00463	0.00626
35	0.00882	0.00748	0.00868	0.00622	0.00986	0.00578	0.00499	0.04493	0.00897	0.01391	0.00741	0.00857	0.00612	0.00312	0.00309	0.00063	0.00310	0.00249	0.00250	0.84333
36	0.00589	0.00424	0.00556	0.00538	0.00631	0.00396	0.00410	0.00776	0.01122	0.01577	0.72142	0.03208	0.03645	0.03691	0.00546	0.00144	0.00219	0.08567	0.00438	0.00382
37	0.00578	0.00439	0.00546	0.02586	0.00708	0.00425	0.00438	0.03235	0.04684	0.01167	0.04006	0.52262	0.17668	0.01137	0.00509	0.00159	0.00263	0.08440	0.00380	0.00370

[dist]
# distance from previous block
# <min> <max>
0	1

[block]
# block no. 1 follows, 65 sequences, length 18
# corresponding to MSA columns:
# 68-84,87
name=unknown_B
#
# <colnr> <probs for GDERKNQSTAVLIFYWHMCP>
#	G	D	E	R	K	N	Q	S	T	A	V	L	I	F	Y	W	H	M	C	P
0	0.04544	0.00888	0.00927	0.00828	0.01064	0.01026	0.00646	0.05134	0.75979	0.01755	0.01601	0.01476	0.01200	0.00547	0.00411	0.00138	0.00329	0.00451	0.00411	0.00643
1	0.08953	0.00959	0.03597	0.00851	0.01160	0.04356	0.08366	0.19437	0.09361	0.03792	0.02180	0.01035	0.00753	0.00426	0.00397	0.00108	0.03164	0.00340	0.04364	0.26399
2	0.00765	0.00383	0.00383	0.00383	0.00478	0.00383	0.00287	0.00956	0.00861	0.01530	0.01339	0.01530	0.01052	0.00478	0.00287	0.00096	0.00191	0.00383	0.87853	0.00383
3	0.41794	0.13838	0.04861	0.00740	0.01001	0.11565	0.00644	0.07091	0.00886	0.04036	0.00660	0.00766	0.00526	0.00427	0.00392	0.00122	0.08052	0.00263	0.01840	0.00494
4	0.00898	0.00898	0.01257	0.01078	0.01078	0.01257	0.00898	0.00988	0.00629	0.00988	0.00539	0.00898	0.00539	0.00718	0.01347	0.00180	0.84823	0.00359	0.00180	0.00449
5	0.00995	0.00821	0.00862	0.00768	0.00989	0.00927	0.00600	0.09124	0.60553	0.01719	0.01842	0.01732	0.09631	0.00595	0.00414	0.00134	0.00314	0.00491	0.06883	0.00603
6	0.00596	0.00402	0.00471	0.00471	0.00479	0.00410	0.00277	0.00612	0.00604	0.00813	0.01272	0.02570	0.01442	0.76633	0.10962	0.00426	0.00474	0.00580	0.00246	0.00261
7	0.00765	0.00383	0.00383	0.00383	0.00478	0.00383	0.00287	0.00956	0.00861	0.01530	0.01339	0.01530	0.01052	0.00478	0.00287	0.00096	0.00191	0.00383	0.87853	0.00383
8	0.01560	0.01150	0.01232	0.00944	0.01273	0.01273	0.00780	0.81645	0.01930	0.02587	0.00986	0.00986	0.00698	0.00493	0.00411	0.00123	0.00452	0.00370	0.00411	0.00698
9	0.00746	0.00599	0.00952	0.00823	0.00973	0.00583	0.15928	0.04387	0.00938	0.05815	0.09379	0.33511	0.11424	0.03676	0.00590	0.00160	0.04434	0.04312	0.00349	0.00423
10	0.00765	0.00383	0.00383	0.00383	0.00478	0.00383	0.00287	0.00956	0.00861	0.01530	0.01339	0.01530	0.01052	0.00478	0.00287	0.00096	0.00191	0.00383	0.87853	0.00383
11	0.00495	0.00418	0.00430	0.00432	0.00567	0.00353	0.00327	0.00605	0.00944	0.01133	0.06996	0.03942	0.77049	0.01036	0.00488	0.00140	0.00213	0.03699	0.00384	0.00349
12	0.00783	0.00744	0.01277	0.81413	0.02801	0.00917	0.04220	0.01059	0.00826	0.01059	0.00733	0.01095	0.00550	0.00408	0.00413	0.00137	0.00553	0.00369	0.00183	0.00460
13	0.02920	0.01355	0.33107	0.19203	0.16377	0.00946	0.09009	0.03865	0.03716	0.01315	0.00842	0.04005	0.00667	0.00427	0.00410	0.00132	0.00546	0.00382	0.00209	0.00568
14	0.00806	0.00607	0.00878	0.00785	0.00897	0.00707	0.04341	0.05673	0.02891	0.06398	0.01055	0.01449	0.00931	0.03902	0.50881	0.00461	0.13554	0.00426	0.02924	0.00434
15	0.00502	0.00370	0.00464	0.00538	0.00581	0.00339	0.00363	0.00576	0.00804	0.01047	0.02557	0.66926	0.16987	0.05152	0.00590	0.00172	0.00240	0.01087	0.00375	0.00332
16	0.01072	0.00975	0.02600	0.02084	0.04794	0.17925	0.04610	0.09551	0.08019	0.09289	0.03676	0.14912	0.09605	0.03835	0.00516	0.00145	0.01672	0.03886	0.00335	0.00499
17	0.02796	0.05166	0.02753	0.17381	0.13145	0.14116	0.03124	0.07056	0.10658	0.02637	0.06620	0.01299	0.04153	0.00579	0.03169	0.00145	0.04006	0.00402	0.00268	0.00528

[dist]
# distance from previous block
# <min> <max>
0	5

[block]
# block no. 2 follows, 65 sequences, length 13
# corresponding to MSA columns:
# 93-105
name=unknown_C
#
# <colnr> <probs for GDERKNQSTAVLIFYWHMCP>
#	G	D	E	R	K	N	Q	S	T	A	V	L	I	F	Y	W	H	M	C	P
0	0.01148	0.05789	0.22394	0.01150	0.07592	0.19251	0.05553	0.12452	0.16074	0.01481	0.02597	0.01037	0.00766	0.00445	0.00396	0.00123	0.00542	0.00353	0.00269	0.00590
1	0.03548	0.01058	0.01227	0.01011	0.03931	0.13527	0.10606	0.18973	0.03237	0.14142	0.01008	0.04327	0.00797	0.00494	0.00476	0.00122	0.07120	0.01641	0.00317	0.12438
2	0.01001	0.01026	0.04759	0.12969	0.42568	0.07891	0.04503	0.04274	0.03676	0.01312	0.00872	0.04599	0.00742	0.00446	0.00445	0.00127	0.03895	0.00397	0.03928	0.00573
3	0.00765	0.00383	0.00383	0.00383	0.00478	0.00383	0.00287	0.00956	0.00861	0.01530	0.01339	0.01530	0.01052	0.00478	0.00287	0.00096	0.00191	0.00383	0.87853	0.00383
4	0.00851	0.00730	0.00851	0.00608	0.00973	0.00547	0.00486	0.01034	0.00851	0.01338	0.00730	0.00851	0.00608	0.00304	0.00304	0.00061	0.00304	0.00243	0.00243	0.88083
5	0.00578	0.00416	0.00522	0.00583	0.00650	0.00395	0.00415	0.00731	0.05673	0.03352	0.02489	0.59420	0.14638	0.01172	0.00512	0.00162	0.00253	0.07289	0.00386	0.00368
6	0.00765	0.00383	0.00383	0.00383	0.00478	0.00383	0.00287	0.00956	0.00861	0.01530	0.01339	0.01530	0.01052	0.00478	0.00287	0.00096	0.00191	0.00383	0.87853	0.00383
7	0.00903	0.00729	0.01007	0.04661	0.17188	0.05429	0.04333	0.04872	0.00938	0.08925	0.01518	0.34839	0.01592	0.00823	0.00520	0.00148	0.05338	0.05435	0.00321	0.00480
8	0.01135	0.02979	0.15510	0.07609	0.05940	0.05374	0.07141	0.08503	0.11985	0.15879	0.03613	0.02276	0.00930	0.03732	0.00482	0.00138	0.01489	0.00408	0.04299	0.00578
9	0.00872	0.05461	0.61276	0.01112	0.04128	0.03726	0.01292	0.01344	0.07301	0.01325	0.04135	0.00999	0.00722	0.00416	0.00387	0.00125	0.00548	0.00328	0.00209	0.04293
10	0.00706	0.00650	0.01130	0.00929	0.01112	0.00621	0.25808	0.00971	0.07157	0.01299	0.18265	0.27458	0.07203	0.04054	0.00553	0.00155	0.00382	0.00772	0.00339	0.00435
11	0.07607	0.00611	0.00918	0.27346	0.01449	0.00688	0.06947	0.00920	0.03464	0.01085	0.01147	0.07957	0.03154	0.18809	0.15902	0.00288	0.00570	0.00502	0.00239	0.00397
12	0.00869	0.01893	0.67855	0.01136	0.01683	0.00947	0.05518	0.07587	0.00960	0.01391	0.00964	0.01072	0.05430	0.00434	0.00402	0.00130	0.00575	0.00351	0.00206	0.00596

[dist]
# distance from previous block
# <min> <max>
0	2

[block]
# block no. 3 follows, 65 sequences, length 17
# corresponding to MSA columns:
# 108-124
name=unknown_D
#
# <colnr> <probs for GDERKNQSTAVLIFYWHMCP>
#	G	D	E	R	K	N	Q	S	T	A	V	L	I	F	Y	W	H	M	C	P
0	0.01459	0.01119	0.01181	0.00929	0.01220	0.04702	0.00762	0.64691	0.05573	0.04052	0.01101	0.01110	0.03652	0.00527	0.00472	0.00127	0.05888	0.00388	0.00389	0.00658
1	0.11463	0.01000	0.00978	0.05646	0.03685	0.21155	0.05344	0.08091	0.02626	0.01401	0.06471	0.03873	0.01337	0.00662	0.00433	0.00140	0.00477	0.22324	0.02429	0.00465
2	0.00500	0.00357	0.00476	0.00572	0.00595	0.00333	0.00381	0.00572	0.00786	0.01048	0.02262	0.85306	0.02715	0.01286	0.00524	0.00167	0.00238	0.01167	0.00381	0.00333
3	0.00867	0.00823	0.01434	0.42357	0.23583	0.00903	0.11650	0.02878	0.00920	0.01248	0.06596	0.01223	0.00835	0.00424	0.00421	0.00131	0.00515	0.00408	0.02264	0.00519
4	0.04092	0.00939	0.01366	0.24013	0.33608	0.01019	0.01043	0.22539	0.01163	0.03233	0.00826	0.01021	0.00635	0.00413	0.00401	0.00125	0.00482	0.00360	0.00261	0.02459
5	0.01004	0.14905	0.31366	0.00947	0.01305	0.20369	0.02132	0.02851	0.01006	0.01265	0.16448	0.01233	0.01172	0.00484	0.00400	0.00118	0.01862	0.00370	0.00241	0.00520
6	0.00606	0.00466	0.00625	0.05974	0.00778	0.00454	0.03299	0.00710	0.00795	0.01073	0.12726	0.16626	0.10768	0.30124	0.06522	0.00261	0.00383	0.01920	0.00307	0.05584
7	0.00550	0.00498	0.05853	0.00620	0.00696	0.00406	0.00471	0.00700	0.03884	0.01138	0.08193	0.68746	0.02598	0.01164	0.00509	0.00161	0.00265	0.02805	0.00374	0.00368
8	0.00553	0.00402	0.00524	0.00565	0.00625	0.00381	0.00400	0.00712	0.03714	0.01305	0.33059	0.48764	0.03099	0.01086	0.00506	0.00152	0.00228	0.03150	0.00409	0.00366
9	0.13154	0.16619	0.35335	0.00986	0.01411	0.12774	0.04278	0.08575	0.00979	0.01391	0.00696	0.00805	0.00532	0.00394	0.00352	0.00118	0.00545	0.00285	0.00213	0.00558
10	0.02314	0.06564	0.56055	0.01117	0.01613	0.02285	0.08289	0.05770	0.03987	0.01358	0.00878	0.06347	0.00707	0.00454	0.00399	0.00130	0.00559	0.00378	0.00214	0.00582
11	0.00615	0.00448	0.00505	0.00498	0.00630	0.00399	0.00374	0.00778	0.04486	0.06500	0.13847	0.14703	0.50554	0.00994	0.00485	0.00142	0.00229	0.03023	0.00400	0.00387
12	0.04503	0.00474	0.00563	0.00519	0.00652	0.00444	0.00396	0.02421	0.02544	0.06894	0.51064	0.02910	0.19936	0.00814	0.00459	0.00130	0.00219	0.00698	0.03951	0.00412
13	0.03364	0.02069	0.19585	0.06251	0.10945	0.05358	0.05088	0.05678	0.05342	0.15021	0.02296	0.09366	0.06729	0.00558	0.00419	0.00132	0.00457	0.00477	0.00303	0.00563
14	0.01050	0.00657	0.00744	0.00639	0.00800	0.00703	0.00498	0.23170	0.05491	0.06909	0.01233	0.01406	0.03705	0.02454	0.00653	0.15667	0.03493	0.00401	0.29861	0.00466
15	0.00602	0.00438	0.00589	0.00583	0.00622	0.00489	0.00412	0.00683	0.00632	0.00886	0.01164	0.02051	0.01211	0.38589	0.45791	0.00530	0.03675	0.00505	0.00231	0.00319
16	0.02077	0.00978	0.05921	0.03891	0.23176	0.04787	0.08293	0.13327	0.08079	0.05597	0.10547	0.03201	0.04747	0.00538	0.00431	0.00130	0.00445	0.02950	0.00312	0.00574

[dist]
# distance from previous block
# <min> <max>
0	1

[block]
# block no. 4 follows, 65 sequences, length 16
# corresponding to MSA columns:
# 126-141
name=unknown_E
#
# <colnr> <probs for GDERKNQSTAVLIFYWHMCP>
#	G	D	E	R	K	N	Q	S	T	A	V	L	I	F	Y	W	H	M	C	P
0	0.07603	0.04435	0.03565	0.07667	0.18840	0.12844	0.04205	0.21252	0.02205	0.07954	0.02035	0.02727	0.00734	0.00453	0.00406	0.00123	0.01708	0.00366	0.00289	0.00588
1	0.00791	0.00641	0.00742	0.00719	0.02151	0.08376	0.03645	0.02355	0.00924	0.07677	0.11516	0.35953	0.11172	0.03587	0.00608	0.01604	0.05980	0.00798	0.00353	0.00407
2	0.00788	0.00737	0.01216	0.80319	0.02737	0.00918	0.01115	0.01107	0.04972	0.01083	0.00778	0.01117	0.00583	0.00418	0.00411	0.00137	0.00536	0.00370	0.00194	0.00466
3	0.06826	0.09455	0.02865	0.00958	0.07734	0.00887	0.08399	0.10264	0.03702	0.14548	0.02985	0.01039	0.00769	0.00409	0.00385	0.00106	0.02342	0.00337	0.00299	0.25689
4	0.01018	0.16371	0.10546	0.07772	0.14875	0.01039	0.05503	0.06858	0.03992	0.07108	0.02199	0.04358	0.02255	0.02640	0.01574	0.00140	0.08731	0.00395	0.00251	0.02374
5	0.00507	0.00368	0.00480	0.00568	0.00604	0.00341	0.00389	0.00586	0.00806	0.01061	0.02413	0.74824	0.09226	0.01259	0.00523	0.00165	0.00242	0.04921	0.00381	0.00337
6	0.00543	0.00421	0.00611	0.00638	0.00699	0.00392	0.05991	0.00636	0.00805	0.01063	0.02261	0.64715	0.09228	0.06340	0.00615	0.00177	0.00282	0.03877	0.00361	0.00346
7	0.01051	0.13187	0.32778	0.05175	0.11720	0.06816	0.06029	0.05972	0.06518	0.05720	0.00842	0.00954	0.00632	0.00406	0.00384	0.00122	0.00539	0.00331	0.00231	0.00595
8	0.00904	0.00784	0.03606	0.02777	0.13772	0.05920	0.04656	0.04380	0.04166	0.07932	0.08029	0.13172	0.08549	0.07498	0.01446	0.00166	0.04370	0.06215	0.01177	0.00479
9	0.00622	0.00405	0.00535	0.00580	0.00638	0.00382	0.00405	0.00713	0.00854	0.07466	0.10544	0.63248	0.06142	0.02849	0.00559	0.00163	0.02113	0.01022	0.00391	0.00369
10	0.04248	0.05870	0.07526	0.11147	0.22497	0.04863	0.12516	0.08657	0.13743	0.01445	0.00902	0.01057	0.00701	0.00423	0.00427	0.00128	0.02635	0.00375	0.00252	0.00587
11	0.01019	0.01040	0.08609	0.02500	0.18212	0.11508	0.04440	0.08340	0.02836	0.06324	0.07313	0.05792	0.10388	0.00565	0.00419	0.00123	0.00443	0.01870	0.00297	0.07962
12	0.05066	0.11657	0.21297	0.04127	0.02957	0.02108	0.03880	0.06799	0.05476	0.05078	0.05312	0.02749	0.04485	0.00527	0.01940	0.00129	0.04243	0.00379	0.00263	0.11528
13	0.01010	0.04383	0.17452	0.05935	0.13128	0.04643	0.05730	0.09784	0.03940	0.05282	0.02670	0.01238	0.06130	0.01773	0.00474	0.00126	0.05071	0.00386	0.00261	0.10585
14	0.02281	0.08565	0.16696	0.06464	0.12076	0.06552	0.03090	0.08612	0.03761	0.05116	0.06742	0.01335	0.06150	0.02339	0.00446	0.00126	0.02018	0.00398	0.01659	0.05571
15	0.03284	0.03274	0.09991	0.04829	0.06557	0.09848	0.08290	0.09917	0.07861	0.04311	0.06100	0.08099	0.05763	0.01889	0.00453	0.00130	0.01685	0.00472	0.00295	0.06950

[dist]
# distance from previous block
# <min> <max>
24	109

[block]
# block no. 5 follows, 65 sequences, length 12
# corresponding to MSA columns:
# 305-316
name=unknown_F
#
# <colnr> <probs for GDERKNQSTAVLIFYWHMCP>
#	G	D	E	R	K	N	Q	S	T	A	V	L	I	F	Y	W	H	M	C	P
0	0.06024	0.10373	0.05139	0.11935	0.12864	0.12747	0.06269	0.09133	0.05014	0.01382	0.03848	0.01007	0.00735	0.00421	0.00399	0.00116	0.02581	0.00339	0.00244	0.09430
1	0.06655	0.10602	0.20295	0.00995	0.04645	0.03105	0.09823	0.07044	0.04385	0.06121	0.06785	0.04882	0.00994	0.00482	0.00390	0.00121	0.00457	0.02312	0.00272	0.09637
2	0.07050	0.15590	0.22071	0.02806	0.15241	0.05897	0.07055	0.04576	0.00935	0.03507	0.00863	0.00993	0.03670	0.00410	0.00385	0.00117	0.02040	0.00331	0.00221	0.06245
3	0.00741	0.02935	0.02427	0.00977	0.10998	0.02557	0.06580	0.02959	0.08012	0.01228	0.01825	0.35448	0.05733	0.00975	0.02831	0.00167	0.00382	0.12447	0.00332	0.00447
4	0.08872	0.00591	0.00734	0.00616	0.00823	0.00553	0.00490	0.04600	0.01151	0.33299	0.38518	0.02148	0.04572	0.00662	0.00433	0.00128	0.00276	0.00557	0.00452	0.00524
5	0.00968	0.06199	0.29276	0.04657	0.04791	0.03700	0.21094	0.05125	0.05482	0.02851	0.02259	0.01016	0.00677	0.00405	0.00432	0.00125	0.02924	0.00366	0.00226	0.07429
6	0.00765	0.00383	0.00383	0.00383	0.00478	0.00383	0.00287	0.00956	0.00861	0.01530	0.01339	0.01530	0.01052	0.00478	0.00287	0.00096	0.00191	0.00383	0.87853	0.00383
7	0.00851	0.00730	0.00851	0.00608	0.00973	0.00547	0.00486	0.01034	0.00851	0.01338	0.00730	0.00851	0.00608	0.00304	0.00304	0.00061	0.00304	0.00243	0.00243	0.88083
8	0.00512	0.00417	0.00453	0.00444	0.00571	0.00358	0.00333	0.00642	0.01000	0.01261	0.26450	0.03700	0.60460	0.00983	0.00485	0.00136	0.00204	0.00831	0.00401	0.00358
9	0.00765	0.00383	0.00383	0.00383	0.00478	0.00383	0.00287	0.00956	0.00861	0.01530	0.01339	0.01530	0.01052	0.00478	0.00287	0.00096	0.00191	0.00383	0.87853	0.00383
10	0.14062	0.01216	0.07012	0.01031	0.01328	0.16049	0.16174	0.22242	0.01190	0.04664	0.02494	0.03115	0.00754	0.03727	0.00490	0.00138	0.03099	0.00383	0.00287	0.00547
11	0.02762	0.07870	0.22747	0.06989	0.30133	0.03395	0.07218	0.02687	0.03400	0.03186	0.03358	0.01032	0.00717	0.00408	0.00417	0.00125	0.02391	0.00357	0.00218	0.00589

[dist]
# distance from previous block
# <min> <max>
0	1

[block]
# block no. 6 follows, 65 sequences, length 8
# corresponding to MSA columns:
# 318-325
name=unknown_G
#
# <colnr> <probs for GDERKNQSTAVLIFYWHMCP>
#	G	D	E	R	K	N	Q	S	T	A	V	L	I	F	Y	W	H	M	C	P
0	0.00764	0.00574	0.00797	0.05003	0.06774	0.00596	0.03449	0.06544	0.00911	0.03637	0.10647	0.07910	0.05859	0.21098	0.06925	0.00243	0.03369	0.11353	0.03138	0.00407
1	0.00623	0.00451	0.00617	0.00701	0.03842	0.00456	0.00515	0.00746	0.00808	0.01081	0.04604	0.15305	0.02017	0.21761	0.11770	0.00293	0.00454	0.33283	0.00323	0.00350
2	0.01044	0.03923	0.05219	0.00873	0.05788	0.05709	0.00689	0.11213	0.11994	0.03922	0.02625	0.01022	0.00774	0.00416	0.00404	0.00099	0.04593	0.00320	0.00286	0.39088
3	0.08736	0.00661	0.05480	0.03396	0.08004	0.00565	0.00589	0.01058	0.00951	0.15837	0.15128	0.19280	0.12620	0.00751	0.00435	0.00134	0.00309	0.00646	0.00363	0.05057
4	0.01101	0.19196	0.24546	0.03874	0.09715	0.03782	0.10729	0.07924	0.05350	0.08705	0.00862	0.00963	0.00646	0.00404	0.00382	0.00120	0.00521	0.00338	0.00245	0.00597
5	0.00879	0.02677	0.19768	0.03772	0.04525	0.00725	0.00789	0.01160	0.06333	0.11777	0.11476	0.05803	0.07134	0.08748	0.06076	0.00195	0.06856	0.00508	0.00304	0.00496
6	0.00505	0.00373	0.00473	0.00540	0.00590	0.00341	0.00370	0.00594	0.00847	0.01114	0.10092	0.63613	0.16644	0.01202	0.00514	0.00158	0.00229	0.01076	0.00388	0.00341
7	0.00963	0.01578	0.33789	0.01452	0.01923	0.08445	0.43192	0.01338	0.00947	0.01281	0.00776	0.00981	0.00574	0.00370	0.00437	0.00132	0.00663	0.00394	0.00195	0.00567

[dist]
# distance from previous block
# <min> <max>
0	2

[block]
# block no. 7 follows, 65 sequences, length 14
# corresponding to MSA columns:
# 328-341
name=unknown_H
#
# <colnr> <probs for GDERKNQSTAVLIFYWHMCP>
#	G	D	E	R	K	N	Q	S	T	A	V	L	I	F	Y	W	H	M	C	P
0	0.01007	0.03877	0.06679	0.11865	0.08558	0.05415	0.02829	0.11457	0.29557	0.01549	0.05142	0.03334	0.05866	0.00540	0.00416	0.00131	0.00423	0.00454	0.00325	0.00575
1	0.00898	0.00898	0.01257	0.01078	0.01078	0.01257	0.00898	0.00988	0.00629	0.00988	0.00539	0.00898	0.00539	0.00718	0.01347	0.00180	0.84823	0.00359	0.00180	0.00449
2	0.00499	0.00391	0.00453	0.00496	0.00582	0.00345	0.00354	0.00593	0.00876	0.01100	0.05522	0.39930	0.43047	0.01145	0.00504	0.00152	0.00225	0.03058	0.00383	0.00343
3	0.01109	0.78083	0.06671	0.00730	0.01094	0.01550	0.00745	0.01261	0.00848	0.03926	0.00617	0.00697	0.00544	0.00359	0.00276	0.00092	0.00445	0.00231	0.00187	0.00537
4	0.01023	0.15334	0.29469	0.01102	0.09102	0.08669	0.03635	0.05604	0.04480	0.05536	0.00986	0.03027	0.03497	0.02161	0.04511	0.00152	0.00547	0.00365	0.00237	0.00562
5	0.00820	0.00494	0.00438	0.00431	0.00534	0.06322	0.00323	0.01005	0.00882	0.01493	0.01289	0.01474	0.01015	0.00474	0.00293	0.00096	0.00230	0.00374	0.81622	0.00389
6	0.00568	0.00395	0.00501	0.00570	0.00611	0.00380	0.00387	0.04109	0.00834	0.01140	0.02107	0.72742	0.02466	0.04212	0.00558	0.00168	0.00250	0.01056	0.06596	0.00350
7	0.06011	0.01175	0.02885	0.02262	0.04080	0.21992	0.00726	0.19785	0.17538	0.04268	0.05584	0.03052	0.01031	0.00526	0.00400	0.00124	0.00467	0.03405	0.00333	0.04356
8	0.29866	0.08012	0.05825	0.04020	0.08497	0.09806	0.01919	0.06973	0.04524	0.01508	0.03136	0.05929	0.00891	0.00564	0.02143	0.00139	0.00441	0.05039	0.00268	0.00499
9	0.10703	0.03571	0.06540	0.04618	0.18947	0.00948	0.14497	0.06512	0.10952	0.04214	0.03510	0.01228	0.02283	0.00450	0.00420	0.00127	0.02253	0.02075	0.00272	0.05877
10	0.14404	0.04011	0.11729	0.04424	0.08454	0.06039	0.03519	0.17082	0.10756	0.08830	0.00974	0.02947	0.00743	0.00460	0.00395	0.00126	0.01770	0.00361	0.00303	0.02673
11	0.02615	0.03698	0.02960	0.03450	0.02134	0.07085	0.02650	0.11416	0.09254	0.11630	0.02763	0.19149	0.01239	0.01747	0.00475	0.00131	0.04039	0.00532	0.00336	0.12698
12	0.13886	0.10960	0.05241	0.04405	0.18230	0.09523	0.00805	0.06164	0.02678	0.03109	0.02559	0.04760	0.00771	0.01637	0.00421	0.00120	0.03859	0.00351	0.00247	0.10275
13	0.11163	0.06080	0.10789	0.08717	0.12035	0.05015	0.05331	0.11819	0.01031	0.03759	0.05892	0.05035	0.01820	0.01646	0.00411	0.00127	0.00451	0.01836	0.00270	0.06772

[dist]
# distance from previous block
# <min> <max>
12	125

[block]
# block no. 8 follows, 65 sequences, length 8
# corresponding to MSA columns:
# 493-500
name=unknown_I
#
# <colnr> <probs for GDERKNQSTAVLIFYWHMCP>
#	G	D	E	R	K	N	Q	S	T	A	V	L	I	F	Y	W	H	M	C	P
0	0.05768	0.00890	0.06651	0.07120	0.10790	0.08610	0.01730	0.03524	0.05107	0.05108	0.07312	0.12043	0.04092	0.02096	0.07337	0.00179	0.03706	0.01973	0.00289	0.05674
1	0.01084	0.01007	0.03759	0.10220	0.24255	0.04391	0.14781	0.12183	0.10366	0.05611	0.02675	0.02521	0.02206	0.00450	0.00423	0.00128	0.00493	0.00420	0.00281	0.02746
2	0.00838	0.00789	0.01316	0.60015	0.22175	0.00907	0.01133	0.01099	0.00850	0.01136	0.00740	0.01062	0.00576	0.00394	0.00404	0.00129	0.00519	0.00358	0.00191	0.05371
3	0.00513	0.00375	0.00487	0.00571	0.00615	0.00348	0.00399	0.00600	0.00818	0.01072	0.02473	0.68385	0.11916	0.01243	0.00523	0.00166	0.00248	0.08530	0.00381	0.00339
4	0.01033	0.00787	0.00993	0.00740	0.01083	0.00673	0.05711	0.07745	0.06399	0.10661	0.00959	0.01090	0.00754	0.00385	0.00351	0.00087	0.00349	0.02529	0.00300	0.57371
5	0.01063	0.01020	0.01550	0.11870	0.62135	0.05991	0.01179	0.07754	0.01016	0.01387	0.00776	0.01006	0.00635	0.00385	0.00405	0.00123	0.00507	0.00360	0.00218	0.00621
6	0.00540	0.00397	0.00503	0.00551	0.00612	0.00363	0.00383	0.00633	0.00836	0.01120	0.10858	0.54090	0.10304	0.07970	0.00633	0.00174	0.00253	0.04685	0.00371	0.04723
7	0.05542	0.55032	0.01793	0.00818	0.01115	0.18747	0.02807	0.01332	0.03294	0.01050	0.00622	0.00726	0.00548	0.00392	0.00350	0.00101	0.04774	0.00250	0.00195	0.00512

[dist]
# distance from previous block
# <min> <max>
0	1

[block]
# block no. 9 follows, 65 sequences, length 24
# corresponding to MSA columns:
# 502-516,526-534
name=unknown_J
#
# <colnr> <probs for GDERKNQSTAVLIFYWHMCP>
#	G	D	E	R	K	N	Q	S	T	A	V	L	I	F	Y	W	H	M	C	P
0	0.06701	0.04862	0.01149	0.00894	0.02500	0.07666	0.05620	0.20653	0.14265	0.13628	0.01103	0.02131	0.00841	0.00482	0.00412	0.00120	0.02501	0.02393	0.00345	0.11732
1	0.01465	0.01121	0.01164	0.00943	0.02382	0.07261	0.00754	0.59062	0.07022	0.06808	0.01084	0.04878	0.00827	0.00533	0.00438	0.00127	0.02679	0.00407	0.00391	0.00655
2	0.00567	0.00481	0.04027	0.00623	0.00706	0.00414	0.00488	0.00711	0.02865	0.01113	0.02334	0.47608	0.11574	0.05018	0.00593	0.00177	0.00293	0.19681	0.00366	0.00361
3	0.01411	0.01124	0.01162	0.00988	0.05000	0.07880	0.00763	0.51793	0.17228	0.04451	0.03258	0.01138	0.00882	0.00503	0.00411	0.00125	0.00443	0.00390	0.00390	0.00660
4	0.00885	0.04646	0.00882	0.00762	0.00938	0.05717	0.02923	0.01503	0.39779	0.02773	0.08455	0.20172	0.03742	0.02478	0.00478	0.00146	0.00336	0.02484	0.00379	0.00518
5	0.01212	0.00986	0.01121	0.04757	0.01257	0.08999	0.06848	0.21559	0.12193	0.10096	0.02486	0.03235	0.00861	0.00461	0.00391	0.00112	0.00429	0.00381	0.00335	0.22281
6	0.02400	0.05047	0.01915	0.06866	0.39375	0.04580	0.27399	0.01385	0.02290	0.02906	0.00914	0.01187	0.00745	0.00446	0.00471	0.00147	0.00596	0.00431	0.00252	0.00648
7	0.00519	0.00383	0.00486	0.00550	0.00602	0.00355	0.00378	0.00631	0.02482	0.01142	0.12353	0.63036	0.13197	0.01185	0.00512	0.00158	0.00231	0.01062	0.00390	0.00348
8	0.00984	0.00942	0.01608	0.13501	0.72284	0.00967	0.01244	0.01232	0.00919	0.01302	0.00766	0.01026	0.00636	0.00372	0.00407	0.00124	0.00496	0.00366	0.00200	0.00624
9	0.01096	0.01398	0.29692	0.04772	0.01742	0.04452	0.27162	0.07348	0.01033	0.13563	0.00952	0.03268	0.00700	0.00427	0.00429	0.00132	0.00578	0.00407	0.00259	0.00591
10	0.00977	0.00927	0.01548	0.09866	0.68639	0.00951	0.01188	0.01266	0.05195	0.01324	0.00865	0.03851	0.00741	0.00410	0.00411	0.00126	0.00476	0.00397	0.00218	0.00622
11	0.00509	0.00364	0.00486	0.00582	0.00609	0.00341	0.00396	0.00587	0.00795	0.01058	0.02258	0.80903	0.02696	0.01278	0.00526	0.00168	0.00246	0.05483	0.00381	0.00336
12	0.02834	0.00991	0.01213	0.01005	0.04234	0.06976	0.09918	0.29932	0.06728	0.18913	0.04923	0.03974	0.01044	0.00540	0.00441	0.00131	0.01735	0.03474	0.00380	0.00615
13	0.01314	0.06243	0.12664	0.01130	0.09076	0.05552	0.06862	0.27897	0.04268	0.14826	0.00997	0.01053	0.00723	0.00536	0.03119	0.00142	0.02279	0.00366	0.00323	0.00630
14	0.00531	0.00438	0.03988	0.00594	0.00648	0.00366	0.00434	0.00610	0.00786	0.01047	0.02186	0.70429	0.06028	0.01241	0.00583	0.05433	0.00264	0.03697	0.00360	0.00338
15	0.32951	0.01036	0.05126	0.04399	0.25596	0.08143	0.02840	0.04693	0.00895	0.04704	0.00714	0.00869	0.00564	0.00410	0.00405	0.00127	0.05440	0.00306	0.00240	0.00541
16	0.00499	0.00373	0.00464	0.00533	0.00586	0.00338	0.00365	0.00582	0.00832	0.01080	0.05049	0.63644	0.21734	0.01215	0.00514	0.00159	0.00230	0.01083	0.00383	0.00338
17	0.01105	0.00896	0.01064	0.00807	0.02638	0.00827	0.04004	0.28972	0.01231	0.01769	0.00823	0.00912	0.00641	0.00372	0.00350	0.00087	0.00375	0.00299	0.00299	0.52529
18	0.00995	0.00768	0.00841	0.00745	0.00953	0.01937	0.00583	0.08224	0.44671	0.07510	0.18886	0.01979	0.06228	0.00678	0.01613	0.00143	0.00320	0.01927	0.00423	0.00574
19	0.01150	0.00993	0.01101	0.00917	0.01137	0.13025	0.08466	0.18841	0.13921	0.07926	0.05080	0.07594	0.05318	0.02147	0.04342	0.00162	0.06503	0.00491	0.00341	0.00544
20	0.88473	0.00794	0.00603	0.00540	0.00794	0.00921	0.00445	0.01207	0.00699	0.01842	0.00572	0.00667	0.00445	0.00381	0.00254	0.00127	0.00318	0.00222	0.00254	0.00445
21	0.01228	0.03143	0.01056	0.00877	0.01132	0.09693	0.00694	0.24628	0.45328	0.03183	0.01358	0.03702	0.01041	0.00540	0.00410	0.00131	0.00405	0.00430	0.00389	0.00634
22	0.00842	0.00794	0.01318	0.61708	0.21306	0.00932	0.01145	0.01150	0.04624	0.01147	0.00783	0.01097	0.00604	0.00407	0.00410	0.00133	0.00523	0.00370	0.00198	0.00510
23	0.01079	0.01074	0.01613	0.03472	0.02492	0.10761	0.33770	0.09856	0.04914	0.04268	0.05585	0.01194	0.01802	0.00493	0.01570	0.00137	0.08865	0.00429	0.00265	0.06362

[dist]
# distance from previous block
# <min> <max>
0	1

[block]
# block no. 10 follows, 65 sequences, length 16
# corresponding to MSA columns:
# 536-551
name=unknown_K
#
# <colnr> <probs for GDERKNQSTAVLIFYWHMCP>
#	G	D	E	R	K	N	Q	S	T	A	V	L	I	F	Y	W	H	M	C	P
0	0.00998	0.02842	0.18419	0.01384	0.01783	0.11404	0.43698	0.02701	0.05215	0.01296	0.00980	0.02697	0.03746	0.00422	0.00443	0.00132	0.00627	0.00440	0.00225	0.00550
1	0.00561	0.00400	0.00542	0.00634	0.00682	0.00385	0.00477	0.00672	0.00837	0.01105	0.02201	0.54015	0.02552	0.03775	0.00587	0.00182	0.00293	0.29380	0.00376	0.00347
2	0.00705	0.01326	0.43101	0.00894	0.01273	0.00703	0.04580	0.01020	0.00910	0.01261	0.09062	0.02162	0.21433	0.03809	0.00501	0.00146	0.00451	0.05902	0.00268	0.00491
3	0.01119	0.00888	0.02137	0.09348	0.04576	0.13042	0.10008	0.03130	0.04125	0.18773	0.02785	0.13885	0.01236	0.00687	0.00510	0.04950	0.00461	0.07512	0.00325	0.00503
4	0.00775	0.00730	0.01231	0.84587	0.02827	0.00912	0.01140	0.01049	0.00821	0.01049	0.00730	0.01094	0.00547	0.00410	0.00410	0.00137	0.00547	0.00365	0.00182	0.00456
5	0.00616	0.00531	0.04112	0.00702	0.00794	0.00559	0.00577	0.00774	0.00687	0.00986	0.01147	0.01810	0.01098	0.04789	0.68300	0.00573	0.04740	0.06597	0.00229	0.00378
6	0.01346	0.05927	0.01203	0.02930	0.10076	0.50958	0.00800	0.03829	0.07784	0.04574	0.03174	0.03907	0.00798	0.00471	0.00385	0.00114	0.00601	0.00346	0.00256	0.00519
7	0.00877	0.01349	0.30214	0.01248	0.04116	0.01084	0.14014	0.01150	0.00777	0.01160	0.00680	0.00947	0.00564	0.00606	0.03411	0.00169	0.36564	0.00362	0.00184	0.00525
8	0.00605	0.00422	0.00609	0.00609	0.00661	0.00473	0.00450	0.00684	0.00633	0.00895	0.01077	0.01733	0.01057	0.15967	0.59671	0.12573	0.00886	0.00453	0.00219	0.00322
9	0.00690	0.01026	0.28620	0.00773	0.01041	0.00634	0.00796	0.04075	0.00889	0.01240	0.11262	0.05102	0.13107	0.08888	0.16676	0.00261	0.00548	0.03646	0.00277	0.00449
10	0.00810	0.00719	0.00706	0.00689	0.00828	0.11360	0.00539	0.07672	0.07464	0.01375	0.15829	0.14058	0.17079	0.00896	0.00482	0.00146	0.00346	0.18199	0.00376	0.00428
11	0.00512	0.00369	0.00483	0.00566	0.00599	0.00347	0.00385	0.00589	0.00788	0.01043	0.02284	0.71656	0.06901	0.05459	0.02706	0.00190	0.00272	0.04148	0.00370	0.00333
12	0.00710	0.00487	0.00610	0.00598	0.00633	0.04999	0.00423	0.00676	0.00642	0.00853	0.04909	0.01563	0.01026	0.11709	0.22402	0.44079	0.02779	0.00420	0.00212	0.00268
13	0.01502	0.01910	0.01232	0.01094	0.01317	0.79390	0.05211	0.01621	0.01153	0.01022	0.00645	0.00760	0.00534	0.00419	0.00376	0.00108	0.00738	0.00276	0.00211	0.00480
14	0.01661	0.00988	0.01132	0.00868	0.01192	0.01032	0.00717	0.53031	0.01659	0.31583	0.01213	0.01133	0.00812	0.00498	0.00411	0.00125	0.00415	0.00385	0.00446	0.00698
15	0.01533	0.01956	0.01163	0.01058	0.01269	0.83926	0.00793	0.01639	0.01163	0.01005	0.00635	0.00740	0.00529	0.00423	0.00370	0.00106	0.00740	0.00264	0.00212	0.00476

[dist]
# distance from previous block
# <min> <max>
0	1

[block]
# block no. 11 follows, 65 sequences, length 24
# corresponding to MSA columns:
# 553-557,560-578
name=unknown_L
#
# <colnr> <probs for GDERKNQSTAVLIFYWHMCP>
#	G	D	E	R	K	N	Q	S	T	A	V	L	I	F	Y	W	H	M	C	P
0	0.00638	0.00412	0.00502	0.00533	0.00604	0.00397	0.00380	0.02703	0.00882	0.03453	0.09311	0.43933	0.08549	0.03147	0.00511	0.00150	0.01395	0.02426	0.19705	0.00369
1	0.01097	0.85821	0.02151	0.00702	0.01054	0.01624	0.00702	0.01229	0.00834	0.00966	0.00571	0.00658	0.00527	0.00351	0.00263	0.00088	0.00439	0.00219	0.00176	0.00527
2	0.01574	0.01151	0.01197	0.00930	0.01248	0.06073	0.00762	0.68194	0.03316	0.09832	0.01035	0.01019	0.00727	0.00491	0.00409	0.00123	0.00457	0.00369	0.00408	0.00684
3	0.00934	0.00867	0.00899	0.07560	0.05897	0.15586	0.03348	0.10612	0.01093	0.04080	0.07454	0.11916	0.23087	0.00752	0.00451	0.00134	0.00407	0.04133	0.00331	0.00460
4	0.01079	0.08731	0.09271	0.06141	0.02759	0.19832	0.04117	0.07175	0.05753	0.01253	0.02934	0.01024	0.00728	0.00589	0.03397	0.00148	0.18665	0.00347	0.05551	0.00507
5	0.00858	0.00730	0.00851	0.00614	0.00971	0.00557	0.00490	0.02598	0.00871	0.01356	0.00765	0.02535	0.00652	0.00327	0.00310	0.00064	0.00306	0.00264	0.00249	0.84631
6	0.00689	0.00572	0.02790	0.05811	0.14174	0.00528	0.00602	0.00890	0.01065	0.03418	0.52124	0.07540	0.06669	0.00755	0.00466	0.00131	0.00279	0.00672	0.00382	0.00442
7	0.02600	0.24824	0.04181	0.00894	0.03659	0.04738	0.00759	0.36138	0.06696	0.04721	0.00885	0.00918	0.00674	0.00434	0.00358	0.00110	0.00443	0.00318	0.00313	0.06338
8	0.02519	0.13743	0.44949	0.01242	0.13450	0.01019	0.03908	0.03946	0.00923	0.01332	0.05090	0.00983	0.00730	0.00403	0.00377	0.00120	0.00523	0.00328	0.00206	0.04209
9	0.04122	0.00899	0.02673	0.18529	0.17499	0.03656	0.00890	0.17751	0.04488	0.07427	0.03822	0.06778	0.02116	0.00546	0.00466	0.00134	0.04797	0.02548	0.00300	0.00558
10	0.00869	0.06962	0.33896	0.00878	0.01240	0.00774	0.04726	0.01210	0.04655	0.09613	0.21408	0.04057	0.06822	0.00583	0.00423	0.00129	0.00423	0.00494	0.00308	0.00531
11	0.00502	0.00363	0.00475	0.00561	0.00594	0.00336	0.00377	0.00579	0.00807	0.01072	0.05102	0.77731	0.07472	0.01256	0.00520	0.00164	0.00235	0.01135	0.00383	0.00336
12	0.00765	0.00703	0.01149	0.48440	0.18170	0.00803	0.00988	0.00991	0.00853	0.01129	0.03895	0.13146	0.04922	0.00574	0.00445	0.00139	0.01672	0.00515	0.00233	0.00469
13	0.03939	0.15523	0.01656	0.34156	0.07072	0.04185	0.18732	0.05752	0.00930	0.01222	0.00728	0.00979	0.00571	0.00395	0.00417	0.00127	0.02540	0.00358	0.00204	0.00516
14	0.00993	0.14450	0.01760	0.23715	0.21569	0.03673	0.20364	0.04655	0.02612	0.01248	0.00766	0.01003	0.00607	0.00382	0.00403	0.00124	0.00548	0.00370	0.00208	0.00552
15	0.00500	0.00357	0.00476	0.00572	0.00595	0.00333	0.00381	0.00572	0.00786	0.01048	0.02262	0.85306	0.02715	0.01286	0.00524	0.00167	0.00238	0.01167	0.00381	0.00333
16	0.01170	0.06146	0.03937	0.10120	0.09461	0.13379	0.03531	0.07426	0.04912	0.15974	0.01217	0.08223	0.03045	0.00587	0.00470	0.01840	0.03183	0.04533	0.00307	0.00540
17	0.01187	0.03317	0.01686	0.07350	0.16011	0.02987	0.27437	0.23324	0.02690	0.06625	0.02712	0.01105	0.00745	0.00421	0.00431	0.00128	0.00536	0.00412	0.00287	0.00608
18	0.00790	0.00391	0.00571	0.00555	0.00580	0.00389	0.00379	0.00667	0.02735	0.05755	0.00793	0.01264	0.00746	0.01347	0.01501	0.80393	0.00355	0.00363	0.00205	0.00222
19	0.00830	0.07061	0.73526	0.01117	0.01677	0.00964	0.01416	0.01268	0.00869	0.01276	0.00814	0.01083	0.00632	0.00433	0.00393	0.00131	0.00583	0.05153	0.00186	0.00588
20	0.05173	0.00797	0.00989	0.09230	0.06519	0.03949	0.02341	0.13275	0.07714	0.24930	0.03912	0.08623	0.06058	0.01657	0.00446	0.00137	0.00391	0.02914	0.00378	0.00568
21	0.01222	0.01010	0.01053	0.00913	0.03008	0.09966	0.02593	0.34173	0.16602	0.04592	0.03768	0.14906	0.01214	0.00636	0.00451	0.00133	0.02278	0.00521	0.00375	0.00586
22	0.02550	0.00951	0.01208	0.04183	0.06146	0.10762	0.08382	0.06173	0.00886	0.01202	0.05743	0.06970	0.03731	0.03210	0.02335	0.00167	0.34231	0.00462	0.00243	0.00468
23	0.01159	0.02603	0.03842	0.01084	0.11174	0.33923	0.00764	0.06980	0.05181	0.03271	0.06792	0.13632	0.01168	0.00590	0.00438	0.00123	0.03071	0.00469	0.00283	0.03453

[dist]
# distance from previous block
# <min> <max>
5	48

[block]
# block no. 12 follows, 65 sequences, length 18
# corresponding to MSA columns:
# 636-653
name=unknown_M
#
# <colnr> <probs for GDERKNQSTAVLIFYWHMCP>
#	G	D	E	R	K	N	Q	S	T	A	V	L	I	F	Y	W	H	M	C	P
0	0.02342	0.00791	0.02238	0.07242	0.07417	0.08243	0.02018	0.12262	0.01098	0.06315	0.08008	0.11428	0.13098	0.00761	0.00457	0.00141	0.00392	0.13567	0.01706	0.00477
1	0.04059	0.05909	0.04499	0.16736	0.13091	0.05828	0.15257	0.04097	0.02007	0.01251	0.04209	0.11387	0.04787	0.00574	0.00474	0.02031	0.02559	0.00500	0.00248	0.00494
2	0.00991	0.05296	0.07601	0.03745	0.14550	0.00759	0.03028	0.04196	0.03672	0.15765	0.02506	0.17863	0.05219	0.00758	0.02539	0.00153	0.04384	0.06123	0.00325	0.00527
3	0.00860	0.06063	0.05262	0.00838	0.00944	0.08831	0.00693	0.03210	0.02804	0.01026	0.00868	0.01363	0.00840	0.15403	0.21962	0.00319	0.27674	0.00402	0.00216	0.00422
4	0.06515	0.05559	0.03193	0.16768	0.17183	0.11251	0.08990	0.09993	0.06384	0.04889	0.00836	0.01003	0.00646	0.00429	0.00440	0.00127	0.04625	0.00356	0.00250	0.00560
5	0.06792	0.04744	0.04101	0.07005	0.19505	0.16653	0.10249	0.09959	0.03660	0.07510	0.02506	0.02178	0.00737	0.00438	0.00416	0.00124	0.02224	0.00368	0.00264	0.00568
6	0.04685	0.14232	0.31947	0.01006	0.01404	0.07940	0.07219	0.04443	0.07581	0.07171	0.02665	0.01082	0.01866	0.00450	0.00414	0.00125	0.03335	0.01616	0.00248	0.00569
7	0.00612	0.00399	0.00500	0.00500	0.00513	0.00413	0.00313	0.00613	0.00599	0.00812	0.01171	0.02273	0.01290	0.57787	0.17052	0.13608	0.00521	0.00532	0.00233	0.00260
8	0.01062	0.05650	0.01484	0.18662	0.36226	0.12479	0.05498	0.03912	0.00972	0.03672	0.00832	0.02633	0.00700	0.00433	0.00420	0.00126	0.01859	0.02595	0.00223	0.00561
9	0.02721	0.11886	0.28284	0.16972	0.05133	0.04199	0.04618	0.08505	0.03392	0.05056	0.00858	0.03633	0.00673	0.00480	0.01770	0.00135	0.00535	0.00357	0.00232	0.00560
10	0.00500	0.00357	0.00476	0.00572	0.00595	0.00333	0.00381	0.00572	0.00786	0.01048	0.02262	0.85306	0.02715	0.01286	0.00524	0.00167	0.00238	0.01167	0.00381	0.00333
11	0.00630	0.00502	0.00622	0.02003	0.08818	0.00461	0.00466	0.00808	0.04102	0.04063	0.16445	0.08303	0.47746	0.00910	0.00475	0.00138	0.00253	0.02468	0.00378	0.00409
12	0.01088	0.02190	0.07660	0.13768	0.31610	0.02166	0.04651	0.02925	0.04010	0.15887	0.01104	0.05178	0.02101	0.00477	0.00415	0.00129	0.00463	0.01703	0.01884	0.00590
13	0.01015	0.04198	0.30764	0.09525	0.10388	0.00922	0.17382	0.02912	0.00942	0.12251	0.00925	0.02916	0.00703	0.02794	0.00462	0.00138	0.00548	0.00393	0.00241	0.00581
14	0.01842	0.00699	0.00953	0.00730	0.01048	0.00603	0.00603	0.02000	0.01175	0.83298	0.01619	0.01397	0.01016	0.00508	0.00413	0.00127	0.00349	0.00413	0.00508	0.00699
15	0.00887	0.00841	0.01437	0.38531	0.40367	0.00919	0.03557	0.01144	0.00886	0.01205	0.00839	0.01270	0.00707	0.00431	0.00420	0.00133	0.00513	0.05162	0.00205	0.00545
16	0.04322	0.05069	0.07514	0.11429	0.17432	0.02534	0.05155	0.08998	0.02088	0.20852	0.01094	0.06260	0.00865	0.00530	0.01532	0.00137	0.01627	0.01668	0.00308	0.00587
