[name]
unknown

[dist]
# distance from previous block
# <min> <max>
0	15

[block]
# block no. 0 follows, 67 sequences, length 8
# corresponding to MSA columns:
# 15-22
name=unknown_A
#
# <colnr> <probs for GDERKNQSTAVLIFYWHMCP>
#	G	D	E	R	K	N	Q	S	T	A	V	L	I	F	Y	W	H	M	C	P
0	0.05079	0.00937	0.03257	0.15571	0.01567	0.02344	0.16874	0.19051	0.04383	0.01456	0.00829	0.01090	0.00665	0.00668	0.06210	0.01788	0.15857	0.01609	0.00250	0.00515
1	0.00868	0.00754	0.01188	0.06369	0.41011	0.00767	0.05066	0.01163	0.07808	0.01344	0.03301	0.04520	0.05856	0.00481	0.00390	0.00120	0.00387	0.00443	0.17634	0.00532
2	0.00618	0.00483	0.00630	0.03462	0.04989	0.00476	0.00467	0.00880	0.09484	0.01426	0.45872	0.19085	0.08870	0.00854	0.00468	0.00135	0.00239	0.00757	0.00398	0.00407
3	0.01513	0.00728	0.00899	0.00706	0.00981	0.00694	0.00577	0.19698	0.01277	0.50089	0.06156	0.01535	0.06356	0.00543	0.00403	0.00122	0.00336	0.00438	0.06326	0.00623
4	0.00728	0.00534	0.00634	0.00591	0.00711	0.00532	0.00441	0.16766	0.01146	0.01557	0.35239	0.24829	0.09992	0.03784	0.00523	0.00145	0.00259	0.00771	0.00402	0.00416
5	0.00552	0.00468	0.00594	0.17152	0.00994	0.00457	0.00482	0.00707	0.00943	0.01194	0.21791	0.03107	0.48413	0.00849	0.00459	0.00133	0.00265	0.00721	0.00350	0.00369
6	0.00848	0.00686	0.00755	0.00712	0.00882	0.00758	0.00539	0.01595	0.52186	0.03869	0.05163	0.21656	0.07144	0.00754	0.00440	0.00142	0.00285	0.00652	0.00401	0.00533
7	0.71381	0.00793	0.00652	0.00585	0.00828	0.00919	0.00474	0.01367	0.16903	0.01775	0.00771	0.00819	0.00591	0.00406	0.00280	0.00126	0.00312	0.00264	0.00280	0.00474

[dist]
# distance from previous block
# <min> <max>
0	21

[block]
# block no. 1 follows, 67 sequences, length 18
# corresponding to MSA columns:
# 44-61
name=unknown_B
#
# <colnr> <probs for GDERKNQSTAVLIFYWHMCP>
#	G	D	E	R	K	N	Q	S	T	A	V	L	I	F	Y	W	H	M	C	P
0	0.07368	0.00791	0.00859	0.00757	0.00987	0.00880	0.00595	0.01918	0.57445	0.14348	0.04131	0.01507	0.02648	0.00624	0.03200	0.00150	0.00340	0.00443	0.00404	0.00605
1	0.04178	0.01604	0.01100	0.00962	0.01194	0.56743	0.00740	0.19491	0.04855	0.01385	0.00854	0.00913	0.03343	0.00453	0.00373	0.00110	0.00612	0.00308	0.00266	0.00516
2	0.11301	0.01059	0.01107	0.00860	0.01165	0.01176	0.00709	0.70276	0.01716	0.02411	0.00929	0.00946	0.00666	0.00469	0.00380	0.00120	0.00418	0.00345	0.03303	0.00644
3	0.01356	0.01682	0.01089	0.03710	0.01227	0.70055	0.00760	0.01468	0.01057	0.00977	0.00668	0.00830	0.00569	0.00699	0.09351	0.00164	0.03397	0.00283	0.00206	0.00452
4	0.00489	0.00349	0.00465	0.00558	0.00582	0.00326	0.00372	0.00558	0.00768	0.01024	0.02210	0.85644	0.02653	0.01256	0.00512	0.00163	0.00233	0.01140	0.00372	0.00326
5	0.88738	0.00776	0.00589	0.00527	0.00776	0.00900	0.00434	0.01179	0.00683	0.01799	0.00558	0.00651	0.00434	0.00372	0.00248	0.00124	0.00310	0.00217	0.00248	0.00434
6	0.00557	0.00410	0.00499	0.00541	0.00605	0.00388	0.00379	0.04526	0.00858	0.01121	0.06211	0.49134	0.18541	0.09379	0.00648	0.00177	0.00257	0.05063	0.00364	0.00342
7	0.02896	0.01659	0.01101	0.01012	0.03765	0.65877	0.00749	0.04892	0.01145	0.09411	0.00756	0.00829	0.00590	0.00424	0.00364	0.00107	0.00642	0.00283	0.03000	0.00498
8	0.00512	0.00432	0.00447	0.00451	0.00581	0.00383	0.00335	0.00682	0.06576	0.01118	0.03692	0.12597	0.68774	0.01009	0.00474	0.00138	0.00214	0.00851	0.00375	0.00358
9	0.06486	0.00642	0.00820	0.00652	0.00915	0.00584	0.00532	0.04236	0.01108	0.59662	0.08266	0.01506	0.02717	0.00522	0.00389	0.00121	0.00312	0.00423	0.09502	0.00605
10	0.00649	0.00526	0.00808	0.03204	0.14427	0.00579	0.00619	0.00805	0.00731	0.01041	0.06606	0.03518	0.02884	0.05697	0.54017	0.00469	0.02318	0.00465	0.00234	0.00403
11	0.00757	0.00713	0.01203	0.84942	0.02762	0.00891	0.01114	0.01025	0.00802	0.01025	0.00713	0.01069	0.00535	0.00401	0.00401	0.00134	0.00535	0.00356	0.00178	0.00446
12	0.00498	0.00353	0.00463	0.00546	0.00567	0.00332	0.00359	0.00561	0.00749	0.00999	0.02115	0.77316	0.02533	0.09748	0.00665	0.00186	0.00248	0.01084	0.00359	0.00317
13	0.00498	0.00385	0.00457	0.00505	0.00585	0.00344	0.00365	0.00596	0.00859	0.01087	0.06272	0.40321	0.37681	0.01122	0.00497	0.00151	0.00229	0.07334	0.00375	0.00337
14	0.00908	0.19874	0.53692	0.04641	0.03126	0.02926	0.03204	0.02429	0.00872	0.02715	0.01738	0.00857	0.00568	0.00382	0.00359	0.00118	0.00546	0.00294	0.00185	0.00567
15	0.03011	0.03626	0.19926	0.05463	0.06685	0.11323	0.18651	0.08642	0.11322	0.06086	0.00907	0.01015	0.00672	0.00410	0.00401	0.00125	0.00544	0.00365	0.00255	0.00574
16	0.00701	0.00699	0.09456	0.00733	0.02959	0.00569	0.04731	0.03922	0.09918	0.03441	0.16764	0.24456	0.15479	0.03675	0.00513	0.00147	0.00312	0.00732	0.00354	0.00438
17	0.01005	0.22591	0.07355	0.00786	0.04085	0.02155	0.00678	0.10499	0.06303	0.02622	0.00803	0.02396	0.00663	0.00377	0.00322	0.00089	0.00382	0.00288	0.00250	0.36349

[dist]
# distance from previous block
# <min> <max>
0	9

[block]
# block no. 2 follows, 67 sequences, length 29
# corresponding to MSA columns:
# 71-99
name=unknown_C
#
# <colnr> <probs for GDERKNQSTAVLIFYWHMCP>
#	G	D	E	R	K	N	Q	S	T	A	V	L	I	F	Y	W	H	M	C	P
0	0.00921	0.05096	0.06020	0.02962	0.06296	0.03897	0.02943	0.05329	0.27823	0.04922	0.20616	0.01823	0.05028	0.00635	0.01922	0.00137	0.00367	0.02374	0.00355	0.00533
1	0.00973	0.08336	0.07620	0.36970	0.09552	0.15692	0.00996	0.02159	0.07090	0.01125	0.00754	0.00968	0.00592	0.00413	0.00410	0.00122	0.03479	0.00327	0.00205	0.02217
2	0.00494	0.00365	0.00462	0.00526	0.00576	0.00333	0.00361	0.00581	0.00830	0.01092	0.10516	0.62892	0.17164	0.01170	0.00501	0.00154	0.00223	0.01047	0.00379	0.00333
3	0.01003	0.00864	0.00943	0.00894	0.05102	0.00989	0.00662	0.04290	0.74688	0.01682	0.03272	0.01488	0.01233	0.00539	0.00409	0.00135	0.00326	0.00452	0.00398	0.00631
4	0.00488	0.00384	0.00431	0.00465	0.00548	0.00338	0.00325	0.00570	0.00834	0.01037	0.03157	0.34007	0.46992	0.07796	0.00612	0.00166	0.00229	0.00934	0.00362	0.00326
5	0.00522	0.00408	0.00473	0.00457	0.00571	0.00359	0.00343	0.00669	0.01028	0.01354	0.44920	0.03414	0.42215	0.00915	0.00473	0.00131	0.00196	0.00784	0.00408	0.00359
6	0.00555	0.00409	0.00518	0.00491	0.00591	0.00373	0.00368	0.00732	0.01105	0.01535	0.72215	0.03116	0.14807	0.00847	0.00473	0.00127	0.00191	0.00742	0.00432	0.00373
7	0.01059	0.00892	0.00941	0.00829	0.01066	0.01026	0.00650	0.11418	0.73293	0.01776	0.01555	0.01434	0.01161	0.00537	0.00407	0.00134	0.00332	0.00443	0.00407	0.00640
8	0.01525	0.01123	0.01204	0.00923	0.01244	0.01244	0.00762	0.82067	0.01886	0.02528	0.00963	0.00963	0.00682	0.00481	0.00401	0.00120	0.00441	0.00361	0.00401	0.00682
9	0.00757	0.00713	0.01203	0.84942	0.02762	0.00891	0.01114	0.01025	0.00802	0.01025	0.00713	0.01069	0.00535	0.00401	0.00401	0.00134	0.00535	0.00356	0.00178	0.00446
10	0.00991	0.00862	0.00923	0.00828	0.01043	0.01009	0.00647	0.02072	0.78538	0.01642	0.01577	0.01465	0.01189	0.00552	0.00454	0.00138	0.04599	0.00448	0.00396	0.00625
11	0.00514	0.00438	0.04574	0.00575	0.00624	0.00362	0.00414	0.00596	0.00753	0.01010	0.02038	0.72830	0.02423	0.10013	0.00664	0.00185	0.00267	0.01041	0.00349	0.00330
12	0.00859	0.00706	0.00902	0.08916	0.07443	0.00596	0.00591	0.02259	0.00868	0.04992	0.01007	0.03695	0.05661	0.00397	0.00338	0.00083	0.00330	0.00332	0.00255	0.59768
13	0.07757	0.00893	0.01251	0.50205	0.21922	0.09095	0.01056	0.01143	0.00852	0.01150	0.00702	0.00984	0.00549	0.00389	0.00384	0.00126	0.00522	0.00336	0.00191	0.00492
14	0.01040	0.00527	0.00684	0.00591	0.00768	0.00483	0.00461	0.01256	0.05266	0.31415	0.38721	0.07257	0.04132	0.00701	0.00437	0.00127	0.00254	0.00605	0.04779	0.00498
15	0.00953	0.00969	0.01378	0.25670	0.35829	0.10762	0.05917	0.01238	0.06041	0.01198	0.00972	0.01181	0.05287	0.00424	0.00404	0.00124	0.00509	0.00386	0.00217	0.00538
16	0.00848	0.07955	0.65596	0.01133	0.01658	0.03049	0.07647	0.01255	0.00860	0.01241	0.02609	0.00898	0.00593	0.00394	0.00404	0.00125	0.02671	0.00315	0.00179	0.00571
17	0.01002	0.00572	0.00706	0.00606	0.00785	0.00555	0.00476	0.07535	0.08680	0.22155	0.41291	0.02186	0.03547	0.00662	0.00429	0.00124	0.00259	0.00566	0.07364	0.00501
18	0.00551	0.00449	0.00474	0.00455	0.00593	0.00398	0.00344	0.05516	0.00999	0.01241	0.14657	0.05679	0.65304	0.00963	0.00470	0.00134	0.00216	0.00808	0.00384	0.00364
19	0.05873	0.21262	0.17644	0.05245	0.06289	0.07355	0.05783	0.06622	0.10131	0.08830	0.00869	0.00941	0.00657	0.00406	0.00357	0.00116	0.00480	0.00319	0.00253	0.00567
20	0.00927	0.10300	0.03942	0.00985	0.06599	0.11597	0.12477	0.03345	0.11932	0.03485	0.01421	0.23315	0.05304	0.01986	0.00449	0.00135	0.00431	0.00590	0.00293	0.00486
21	0.00482	0.00396	0.00425	0.00439	0.00552	0.00339	0.00321	0.00583	0.00902	0.01105	0.08509	0.18290	0.64176	0.01047	0.00481	0.00140	0.00208	0.00891	0.00377	0.00339
22	0.01073	0.01176	0.05152	0.01975	0.50937	0.15127	0.11801	0.04020	0.00983	0.01285	0.00770	0.02440	0.00643	0.00385	0.00403	0.00120	0.00544	0.00367	0.00209	0.00588
23	0.03709	0.09864	0.15032	0.10509	0.18586	0.06750	0.03422	0.03044	0.02638	0.13900	0.00963	0.07117	0.00789	0.00466	0.00396	0.00123	0.01487	0.00391	0.00258	0.00557
24	0.00672	0.04751	0.00752	0.00652	0.00706	0.02712	0.00491	0.00757	0.00640	0.00888	0.01014	0.01745	0.01042	0.29791	0.37912	0.00446	0.14018	0.00453	0.00216	0.00343
25	0.01035	0.02250	0.00780	0.00658	0.00833	0.10702	0.00518	0.03950	0.02134	0.21351	0.28111	0.02140	0.14051	0.00725	0.02083	0.00136	0.05255	0.00549	0.02264	0.00476
26	0.08170	0.03314	0.14306	0.05199	0.10002	0.05100	0.00772	0.06446	0.07824	0.06704	0.08880	0.08342	0.05149	0.04864	0.00479	0.00138	0.00402	0.00468	0.00295	0.03146
27	0.01042	0.02087	0.13458	0.01642	0.34529	0.07139	0.11449	0.03310	0.11546	0.05848	0.03383	0.01104	0.00795	0.00411	0.00405	0.00123	0.00499	0.00381	0.00251	0.00599
28	0.00965	0.05583	0.02842	0.03394	0.22135	0.11112	0.02543	0.05408	0.03367	0.03918	0.04402	0.11177	0.05874	0.02096	0.00532	0.00134	0.09377	0.01458	0.03180	0.00501

[dist]
# distance from previous block
# <min> <max>
0	4

[block]
# block no. 3 follows, 67 sequences, length 27
# corresponding to MSA columns:
# 104-130
name=unknown_D
#
# <colnr> <probs for GDERKNQSTAVLIFYWHMCP>
#	G	D	E	R	K	N	Q	S	T	A	V	L	I	F	Y	W	H	M	C	P
0	0.00831	0.04315	0.02575	0.55824	0.17385	0.02222	0.01066	0.02652	0.00859	0.01128	0.04104	0.01113	0.00697	0.00464	0.02050	0.00138	0.01527	0.00365	0.00198	0.00486
1	0.04670	0.06214	0.02317	0.01610	0.07795	0.07412	0.00653	0.18891	0.07450	0.04086	0.07050	0.01237	0.05046	0.00462	0.00364	0.00104	0.00381	0.00366	0.01833	0.22058
2	0.51015	0.01900	0.00766	0.03960	0.02954	0.03876	0.02715	0.03187	0.02004	0.06372	0.08747	0.03709	0.00932	0.00464	0.00319	0.00123	0.00340	0.01344	0.01209	0.04063
3	0.00781	0.04904	0.08478	0.00990	0.14226	0.00690	0.04308	0.07051	0.02360	0.02020	0.10189	0.18407	0.12654	0.02550	0.01528	0.00141	0.01163	0.01526	0.00305	0.05728
4	0.00525	0.00385	0.00493	0.00516	0.00586	0.00353	0.00368	0.00656	0.00961	0.01312	0.41412	0.36931	0.11978	0.01020	0.00489	0.00142	0.00209	0.00908	0.00406	0.00353
5	0.01063	0.32834	0.35028	0.00938	0.01364	0.10945	0.01028	0.10201	0.00984	0.01255	0.00675	0.00770	0.00531	0.00382	0.00336	0.00108	0.00531	0.00269	0.00200	0.00559
6	0.00581	0.00397	0.00480	0.00480	0.00494	0.00412	0.00296	0.00610	0.00596	0.00809	0.01225	0.02411	0.01365	0.69055	0.18766	0.00441	0.00528	0.00552	0.00237	0.00266
7	0.01093	0.78184	0.04369	0.00722	0.01063	0.07031	0.00715	0.01229	0.00837	0.00955	0.00566	0.00654	0.00515	0.00349	0.00268	0.00088	0.00453	0.00220	0.00174	0.00514
8	0.00614	0.00459	0.00668	0.00656	0.00739	0.00533	0.00512	0.04200	0.00698	0.00999	0.01069	0.01549	0.00989	0.02900	0.80722	0.00622	0.01047	0.00427	0.00223	0.00372
9	0.00526	0.00380	0.00479	0.00543	0.00592	0.00355	0.00372	0.02735	0.00834	0.01112	0.06214	0.67631	0.11889	0.01165	0.00496	0.00155	0.00231	0.01044	0.02907	0.00341
10	0.00493	0.00352	0.00469	0.00555	0.00583	0.00329	0.00373	0.00569	0.00788	0.01056	0.06672	0.81090	0.02715	0.01232	0.00510	0.00161	0.00230	0.01117	0.00376	0.00329
11	0.00553	0.00401	0.00507	0.00508	0.00585	0.00372	0.00369	0.00694	0.00984	0.01352	0.49517	0.15264	0.11276	0.10621	0.00662	0.00166	0.00230	0.05189	0.00398	0.00351
12	0.01063	0.83343	0.04827	0.00701	0.01053	0.01565	0.00713	0.01203	0.00816	0.00954	0.00563	0.00650	0.00514	0.00344	0.00261	0.00087	0.00434	0.00217	0.00171	0.00517
13	0.00586	0.00416	0.00537	0.00519	0.00542	0.00409	0.04280	0.00614	0.00631	0.00843	0.01396	0.16079	0.01611	0.67903	0.01715	0.00340	0.00377	0.00669	0.00262	0.00271
14	0.02323	0.00863	0.00915	0.00833	0.02849	0.02936	0.00636	0.04431	0.66157	0.07558	0.02640	0.01449	0.01179	0.00531	0.00401	0.00132	0.00331	0.00438	0.02774	0.00622
15	0.01206	0.53792	0.01801	0.00853	0.01157	0.27044	0.05192	0.02948	0.00943	0.01006	0.00599	0.00699	0.00524	0.00367	0.00304	0.00095	0.00533	0.00245	0.00189	0.00504
16	0.00636	0.00458	0.00632	0.00719	0.00814	0.00455	0.00627	0.00816	0.00923	0.01193	0.02235	0.04486	0.06962	0.01103	0.00549	0.00182	0.00360	0.76112	0.00369	0.00368
17	0.00630	0.00573	0.04280	0.00716	0.05318	0.00495	0.05860	0.00869	0.04408	0.01480	0.54474	0.02735	0.15063	0.00762	0.00462	0.00128	0.00262	0.00677	0.00389	0.00417
18	0.01523	0.01175	0.01199	0.00930	0.01243	0.06730	0.00763	0.76752	0.01836	0.02425	0.00940	0.00947	0.00671	0.00477	0.00399	0.00119	0.00460	0.00354	0.00388	0.00668
19	0.00548	0.00435	0.00496	0.00476	0.00598	0.00396	0.00358	0.00751	0.05895	0.01359	0.40116	0.03323	0.41999	0.00898	0.00470	0.00131	0.00204	0.00768	0.00406	0.00374
20	0.00624	0.00464	0.00553	0.03393	0.00716	0.03824	0.00428	0.00738	0.02772	0.05595	0.02209	0.61661	0.10800	0.01160	0.02906	0.00168	0.00292	0.00969	0.00362	0.00365
21	0.15240	0.16196	0.01222	0.00873	0.04610	0.16778	0.00691	0.24971	0.03833	0.09295	0.00838	0.00876	0.00632	0.00425	0.00342	0.00112	0.00455	0.00300	0.01747	0.00564
22	0.06469	0.00698	0.00916	0.00709	0.01014	0.00623	0.00585	0.03190	0.02509	0.76594	0.01518	0.01322	0.00962	0.00490	0.00395	0.00124	0.00341	0.00393	0.00480	0.00668
23	0.00930	0.00550	0.00729	0.00653	0.00799	0.00570	0.00510	0.08739	0.00924	0.19391	0.07210	0.05195	0.05584	0.07079	0.37616	0.00374	0.01870	0.00498	0.00327	0.00454
24	0.00695	0.00617	0.00791	0.09523	0.03337	0.07384	0.00615	0.00853	0.00759	0.01030	0.09752	0.01551	0.01176	0.02090	0.52871	0.00451	0.05448	0.00433	0.00232	0.00390
25	0.00953	0.35914	0.30882	0.00873	0.01271	0.01191	0.00953	0.04689	0.11533	0.01221	0.00806	0.00902	0.00644	0.00565	0.05879	0.00145	0.00516	0.00295	0.00214	0.00555
26	0.00491	0.00361	0.00462	0.00538	0.00580	0.00331	0.00367	0.00571	0.00802	0.01053	0.04961	0.70242	0.14112	0.01207	0.00506	0.00158	0.00229	0.02322	0.00374	0.00330

[dist]
# distance from previous block
# <min> <max>
0	1

[block]
# block no. 4 follows, 67 sequences, length 76
# corresponding to MSA columns:
# 132-207
name=unknown_E
#
# <colnr> <probs for GDERKNQSTAVLIFYWHMCP>
#	G	D	E	R	K	N	Q	S	T	A	V	L	I	F	Y	W	H	M	C	P
0	0.00952	0.04356	0.01488	0.03111	0.55962	0.06357	0.06328	0.01166	0.00923	0.01258	0.05397	0.09013	0.00981	0.00469	0.00409	0.00122	0.00466	0.00446	0.00228	0.00567
1	0.00955	0.00962	0.01431	0.36303	0.26383	0.09169	0.09442	0.03688	0.04278	0.01204	0.00769	0.01025	0.00603	0.00395	0.00417	0.00127	0.01752	0.00363	0.00206	0.00529
2	0.00588	0.00441	0.00629	0.00622	0.00677	0.00510	0.00467	0.00701	0.00631	0.00903	0.01088	0.01748	0.01070	0.18863	0.64981	0.00576	0.04491	0.00456	0.00219	0.00339
3	0.01100	0.15343	0.07951	0.11187	0.22432	0.03448	0.04266	0.08674	0.14335	0.02675	0.00955	0.01102	0.00759	0.00451	0.00404	0.00130	0.00485	0.00366	0.00272	0.03664
4	0.01026	0.02090	0.11125	0.17031	0.13656	0.00969	0.09808	0.07450	0.00927	0.10976	0.00832	0.01032	0.00634	0.00483	0.01229	0.00139	0.17150	0.00366	0.02533	0.00544
5	0.00482	0.00401	0.00421	0.00427	0.00550	0.00340	0.00316	0.00587	0.00917	0.01116	0.09649	0.11291	0.70077	0.01024	0.00477	0.00137	0.00205	0.00865	0.00377	0.00340
6	0.01094	0.56509	0.06167	0.00816	0.01102	0.14038	0.00770	0.01231	0.00836	0.00970	0.00571	0.00700	0.00516	0.00408	0.00434	0.00104	0.12811	0.00245	0.00177	0.00500
7	0.00607	0.00462	0.00656	0.00649	0.00729	0.00536	0.00500	0.00823	0.07216	0.00984	0.01128	0.01619	0.01042	0.06708	0.73723	0.00592	0.00981	0.00439	0.00232	0.00375
8	0.00597	0.00396	0.00501	0.00531	0.00573	0.00380	0.00363	0.00673	0.00783	0.03905	0.13443	0.31975	0.02285	0.32019	0.01065	0.00241	0.00302	0.09310	0.00339	0.00320
9	0.00573	0.00394	0.00455	0.00455	0.00473	0.00396	0.00273	0.00596	0.00616	0.00817	0.01469	0.02621	0.07968	0.70990	0.09966	0.00394	0.00441	0.00589	0.00251	0.00262
10	0.00696	0.00434	0.00535	0.00506	0.00611	0.00397	0.00370	0.00823	0.00959	0.10673	0.34910	0.07426	0.17594	0.16847	0.00761	0.00180	0.00255	0.03475	0.02172	0.00377
11	0.01484	0.01882	0.01122	0.01021	0.01225	0.82716	0.00766	0.01589	0.01131	0.00991	0.00633	0.00738	0.00526	0.00414	0.00360	0.00103	0.00713	0.00260	0.01861	0.00463
12	0.01703	0.00838	0.01027	0.00787	0.01101	0.00820	0.00650	0.30162	0.01408	0.55108	0.01364	0.01223	0.00883	0.00491	0.00403	0.00123	0.00376	0.00388	0.00463	0.00682
13	0.01599	0.00770	0.00893	0.00710	0.00982	0.07315	0.00576	0.07591	0.01167	0.59433	0.04262	0.01355	0.01033	0.00497	0.00389	0.00119	0.00357	0.00397	0.09934	0.00621
14	0.00960	0.00950	0.01943	0.01428	0.01751	0.00922	0.59440	0.01235	0.00905	0.07822	0.00940	0.04915	0.00766	0.02599	0.05166	0.00172	0.06845	0.00489	0.00234	0.00518
15	0.63186	0.00812	0.00717	0.00613	0.00874	0.00915	0.00502	0.10067	0.08067	0.09803	0.00796	0.00829	0.00585	0.00411	0.00294	0.00125	0.00328	0.00272	0.00303	0.00503
16	0.00793	0.00609	0.00724	0.00646	0.00788	0.07186	0.04777	0.02563	0.02908	0.07659	0.48770	0.05884	0.04271	0.00742	0.00451	0.00128	0.00289	0.05022	0.05367	0.00425
17	0.00629	0.05009	0.00684	0.00612	0.00691	0.01939	0.00472	0.00752	0.00676	0.00949	0.01136	0.01832	0.01112	0.15839	0.56840	0.00514	0.00845	0.04699	0.04418	0.00351
18	0.09927	0.28319	0.04064	0.00814	0.04549	0.01132	0.01400	0.18282	0.09776	0.09592	0.01154	0.01156	0.07300	0.00467	0.00346	0.00113	0.00391	0.00351	0.00302	0.00565
19	0.84058	0.00845	0.05020	0.00560	0.00827	0.00901	0.00490	0.01184	0.00691	0.01771	0.00567	0.00662	0.00438	0.00373	0.00255	0.00124	0.00325	0.00221	0.00244	0.00443
20	0.00474	0.00405	0.00408	0.00411	0.00543	0.00338	0.00307	0.00575	0.00910	0.01082	0.04010	0.06181	0.80953	0.01023	0.00475	0.00136	0.00204	0.00855	0.00372	0.00338
21	0.01138	0.70639	0.01930	0.00744	0.01064	0.10481	0.00704	0.05543	0.00902	0.01032	0.00585	0.00674	0.00524	0.00366	0.00300	0.00092	0.02347	0.00230	0.00188	0.00517
22	0.00701	0.00380	0.00578	0.00627	0.04925	0.00379	0.00396	0.00562	0.00556	0.00747	0.00780	0.05701	0.00797	0.01331	0.01449	0.78956	0.00349	0.00391	0.00186	0.00207
23	0.00703	0.00491	0.00594	0.00570	0.02137	0.00453	0.00416	0.05095	0.01712	0.05761	0.17790	0.09623	0.24354	0.09121	0.00693	0.06854	0.00276	0.05580	0.00353	0.07425
24	0.39571	0.00807	0.03284	0.00812	0.02861	0.01627	0.11006	0.06268	0.00884	0.11081	0.01018	0.07971	0.00889	0.00610	0.03275	0.00151	0.00410	0.06695	0.00295	0.00485
25	0.01726	0.00670	0.00909	0.00708	0.01003	0.00584	0.00580	0.02904	0.01137	0.78245	0.01608	0.05846	0.01077	0.00537	0.00409	0.00126	0.00337	0.00442	0.00489	0.00664
26	0.00922	0.00572	0.00682	0.00615	0.00789	0.00566	0.00483	0.01307	0.20054	0.18308	0.22801	0.02478	0.14354	0.02586	0.00474	0.00138	0.00271	0.07002	0.05107	0.00490
27	0.00949	0.00840	0.01382	0.03191	0.58466	0.00844	0.02786	0.05408	0.00929	0.02021	0.05337	0.02693	0.01617	0.01717	0.00555	0.09639	0.00441	0.00401	0.00228	0.00556
28	0.00904	0.09857	0.46472	0.07874	0.01742	0.00979	0.16705	0.02139	0.00883	0.04861	0.00780	0.00934	0.00570	0.00380	0.00386	0.00124	0.00563	0.00335	0.02952	0.00561
29	0.00634	0.00483	0.00547	0.00528	0.00634	0.01736	0.00391	0.02903	0.07648	0.01355	0.33768	0.06533	0.19354	0.12176	0.00670	0.00167	0.00255	0.05079	0.04760	0.00379
30	0.00661	0.00451	0.00534	0.00546	0.00630	0.00447	0.00395	0.03540	0.07429	0.02995	0.11346	0.30113	0.08199	0.11672	0.00652	0.00172	0.00264	0.06103	0.13474	0.00377
31	0.01072	0.00906	0.02735	0.06874	0.08346	0.00973	0.06302	0.13017	0.43777	0.06062	0.02212	0.03028	0.01048	0.00512	0.00414	0.00132	0.00392	0.01226	0.00358	0.00612
32	0.01354	0.10557	0.07573	0.02736	0.01350	0.45812	0.07325	0.14081	0.01176	0.03379	0.00716	0.00814	0.00562	0.00410	0.00369	0.00110	0.00621	0.00296	0.00237	0.00525
33	0.00779	0.00653	0.00764	0.00575	0.00873	0.00503	0.00446	0.00934	0.00811	0.01243	0.01708	0.07275	0.02067	0.07244	0.00457	0.00095	0.00297	0.00345	0.00252	0.72679
34	0.00582	0.00468	0.00593	0.00677	0.07257	0.00440	0.00458	0.00769	0.05283	0.01241	0.19612	0.20440	0.31176	0.00956	0.00480	0.00143	0.00250	0.08413	0.00374	0.00387
35	0.01014	0.12779	0.34984	0.05743	0.14895	0.03926	0.07439	0.07766	0.00968	0.05691	0.00772	0.00906	0.00579	0.00385	0.00378	0.00120	0.00534	0.00322	0.00215	0.00585
36	0.14169	0.00887	0.07575	0.00759	0.01085	0.00780	0.00670	0.16318	0.01191	0.50585	0.01254	0.01148	0.00817	0.00467	0.00379	0.00124	0.00375	0.00360	0.00417	0.00640
37	0.00655	0.00435	0.00547	0.00507	0.00611	0.00403	0.00375	0.02108	0.01066	0.06511	0.60434	0.02869	0.09638	0.09987	0.00634	0.00155	0.00225	0.00689	0.01765	0.00384
38	0.00996	0.00971	0.07599	0.00933	0.05488	0.00997	0.00738	0.04215	0.69544	0.01649	0.01494	0.01403	0.01121	0.00519	0.00405	0.00134	0.00351	0.00433	0.00378	0.00633
39	0.01070	0.10913	0.03940	0.00837	0.01024	0.35513	0.02711	0.03324	0.02760	0.01050	0.05194	0.01255	0.00913	0.11141	0.15754	0.00238	0.01335	0.00363	0.00229	0.00436
40	0.10352	0.00719	0.00809	0.00591	0.00934	0.00576	0.00475	0.01061	0.00827	0.04218	0.00726	0.00831	0.00591	0.00312	0.00295	0.00069	0.00300	0.00241	0.00248	0.75827
41	0.01154	0.03849	0.01059	0.00882	0.01971	0.05732	0.00700	0.17390	0.44041	0.06052	0.01281	0.01285	0.00975	0.00539	0.00503	0.00134	0.09874	0.01608	0.00363	0.00607
42	0.00591	0.00422	0.00601	0.00604	0.00670	0.00478	0.00461	0.00723	0.00663	0.00969	0.01150	0.01785	0.01099	0.11684	0.65796	0.00557	0.00905	0.03227	0.07269	0.00347
43	0.00945	0.00893	0.01513	0.09405	0.69862	0.00908	0.01174	0.01181	0.00904	0.01277	0.00861	0.01282	0.00761	0.00421	0.00410	0.00126	0.00473	0.06797	0.00210	0.00598
44	0.00583	0.00495	0.00606	0.00717	0.10297	0.00460	0.00464	0.00771	0.06539	0.01152	0.03881	0.16316	0.50349	0.00947	0.00470	0.00140	0.00256	0.04807	0.00355	0.00394
45	0.00947	0.01082	0.02366	0.01690	0.02096	0.01014	0.81947	0.01285	0.00947	0.01285	0.00811	0.01082	0.00609	0.00338	0.00473	0.00135	0.00676	0.00473	0.00203	0.00541
46	0.05577	0.00812	0.02835	0.40883	0.18290	0.03161	0.02433	0.01202	0.05214	0.07790	0.00963	0.03643	0.02663	0.00503	0.02265	0.00141	0.00488	0.00393	0.00236	0.00509
47	0.00613	0.00482	0.00635	0.00672	0.07887	0.00443	0.00452	0.00810	0.02624	0.01483	0.57263	0.02810	0.15945	0.00777	0.00456	0.00124	0.00225	0.00680	0.00397	0.05223
48	0.79341	0.00790	0.00641	0.00559	0.00814	0.00902	0.00461	0.05655	0.00773	0.06186	0.00635	0.00706	0.00478	0.00385	0.00265	0.00124	0.00319	0.00235	0.00270	0.00461
49	0.02720	0.05022	0.00677	0.05958	0.00787	0.00517	0.00455	0.00866	0.05390	0.01501	0.61140	0.07149	0.04762	0.00770	0.00450	0.00127	0.00237	0.00673	0.00399	0.00401
50	0.00952	0.00970	0.05170	0.04074	0.62256	0.01735	0.04256	0.01230	0.04081	0.01303	0.00903	0.01148	0.02967	0.00396	0.00399	0.00119	0.00468	0.01937	0.00215	0.05420
51	0.01446	0.01084	0.01159	0.00907	0.01214	0.01207	0.00743	0.70161	0.13919	0.02401	0.01063	0.01042	0.00763	0.00491	0.00402	0.00123	0.00423	0.00375	0.00402	0.00675
52	0.07982	0.14972	0.02537	0.07720	0.19510	0.05945	0.10639	0.04798	0.02163	0.14465	0.00848	0.00967	0.00644	0.00402	0.00401	0.00118	0.03411	0.00337	0.00256	0.01885
53	0.01072	0.86147	0.02102	0.00686	0.01029	0.01587	0.00686	0.01201	0.00815	0.00944	0.00558	0.00643	0.00515	0.00343	0.00257	0.00086	0.00429	0.00214	0.00172	0.00515
54	0.68303	0.09051	0.01708	0.00656	0.02361	0.06606	0.02770	0.02370	0.00756	0.01644	0.00580	0.00680	0.00460	0.00373	0.00269	0.00119	0.00367	0.00232	0.00237	0.00456
55	0.00595	0.00429	0.00585	0.00672	0.00749	0.00419	0.00554	0.00744	0.00881	0.01147	0.02253	0.26138	0.06838	0.01142	0.00538	0.00176	0.00324	0.55091	0.00370	0.00356
56	0.88738	0.00776	0.00589	0.00527	0.00776	0.00900	0.00434	0.01179	0.00683	0.01799	0.00558	0.00651	0.00434	0.00372	0.00248	0.00124	0.00310	0.00217	0.00248	0.00434
57	0.00740	0.00509	0.00655	0.00652	0.00750	0.00507	0.02048	0.13462	0.00976	0.05811	0.03563	0.60089	0.02181	0.01111	0.02810	0.00167	0.00306	0.02879	0.00377	0.00408
58	0.00715	0.00472	0.00601	0.00550	0.00676	0.00443	0.00426	0.05161	0.01150	0.08177	0.62532	0.02899	0.08632	0.00805	0.00468	0.00130	0.00226	0.05087	0.00435	0.00416
59	0.00582	0.00392	0.00454	0.00454	0.00460	0.00398	0.00264	0.00594	0.00588	0.00790	0.01248	0.02540	0.01422	0.79262	0.08635	0.00409	0.00444	0.00571	0.00241	0.00252
60	0.00941	0.01083	0.03319	0.01649	0.02034	0.01025	0.76500	0.01267	0.00927	0.01267	0.00795	0.01068	0.00603	0.00359	0.00518	0.00137	0.05308	0.00464	0.00201	0.00536
61	0.16739	0.00716	0.00857	0.00679	0.00962	0.00689	0.00558	0.08163	0.02928	0.55046	0.03958	0.01270	0.00967	0.00484	0.00373	0.00123	0.00332	0.00378	0.04165	0.00616
62	0.01498	0.01911	0.01137	0.01033	0.01240	0.84295	0.00775	0.01601	0.01137	0.00982	0.00620	0.00723	0.00517	0.00413	0.00362	0.00103	0.00723	0.00258	0.00207	0.00465
63	0.00595	0.00416	0.00545	0.00509	0.00608	0.00383	0.00383	0.00783	0.01136	0.03405	0.81406	0.02960	0.03723	0.00813	0.00471	0.00126	0.00193	0.00718	0.00443	0.00385
64	0.00583	0.00389	0.00437	0.00437	0.00437	0.00389	0.00243	0.00583	0.00583	0.00778	0.01264	0.02624	0.01458	0.85906	0.02041	0.00389	0.00389	0.00583	0.00243	0.00243
65	0.78267	0.00774	0.00629	0.00555	0.00806	0.00885	0.00455	0.01282	0.05209	0.07124	0.00684	0.00744	0.00514	0.00390	0.00267	0.00125	0.00313	0.00242	0.00273	0.00461
66	0.00851	0.00724	0.00842	0.00603	0.00959	0.00554	0.00483	0.03256	0.00861	0.01341	0.00720	0.00835	0.00596	0.00302	0.00300	0.00061	0.00301	0.00241	0.00242	0.85928
67	0.00599	0.00411	0.00613	0.00613	0.00667	0.00466	0.00462	0.00671	0.00617	0.00877	0.00999	0.01529	0.00950	0.04950	0.64520	0.19213	0.00902	0.00417	0.00207	0.00316
68	0.00574	0.00424	0.00614	0.00614	0.00675	0.00485	0.00463	0.00697	0.00636	0.00909	0.01102	0.01729	0.01069	0.15151	0.72265	0.00607	0.00974	0.00452	0.00219	0.00341
69	0.00547	0.00381	0.00484	0.00544	0.00570	0.00370	0.00370	0.00610	0.00727	0.00965	0.01863	0.43495	0.02177	0.31078	0.01058	0.00246	0.00309	0.13575	0.00326	0.00303
70	0.00509	0.00406	0.00457	0.00468	0.00576	0.00359	0.00345	0.00644	0.02471	0.01193	0.19675	0.18290	0.49564	0.01012	0.00481	0.00139	0.00211	0.02463	0.00387	0.00351
71	0.00931	0.01012	0.02798	0.07452	0.05442	0.09127	0.26231	0.01897	0.01625	0.01119	0.00802	0.07746	0.00735	0.00557	0.00752	0.00147	0.30494	0.00444	0.00208	0.00481
72	0.00927	0.01083	0.14417	0.13183	0.49434	0.00941	0.02806	0.02483	0.05248	0.01292	0.00820	0.02725	0.00672	0.00402	0.00414	0.00125	0.01856	0.00371	0.00209	0.00592
73	0.00479	0.00387	0.00426	0.00457	0.00555	0.00334	0.00327	0.00570	0.00866	0.01064	0.03450	0.30899	0.56597	0.01095	0.00487	0.00145	0.00213	0.00944	0.00372	0.00334
74	0.00810	0.00686	0.00997	0.02876	0.26456	0.00700	0.02989	0.04256	0.13668	0.02626	0.01641	0.29416	0.06568	0.00751	0.00446	0.00139	0.00350	0.02455	0.01668	0.00500
75	0.00996	0.03380	0.09019	0.04080	0.02033	0.05478	0.02924	0.05487	0.02565	0.07609	0.00780	0.00907	0.00617	0.00404	0.00472	0.00100	0.11924	0.00295	0.00247	0.40681

[dist]
# distance from previous block
# <min> <max>
4	18

[block]
# block no. 5 follows, 67 sequences, length 18
# corresponding to MSA columns:
# 228-245
name=unknown_F
#
# <colnr> <probs for GDERKNQSTAVLIFYWHMCP>
#	G	D	E	R	K	N	Q	S	T	A	V	L	I	F	Y	W	H	M	C	P
0	0.38066	0.00721	0.00743	0.00610	0.00872	0.00742	0.00500	0.07379	0.00964	0.31886	0.01052	0.01035	0.00728	0.00434	0.00321	0.00119	0.00317	0.00314	0.10058	0.03140
1	0.00866	0.00794	0.01271	0.31427	0.36003	0.00866	0.01024	0.03561	0.05955	0.01281	0.08306	0.01313	0.02983	0.00499	0.02069	0.00137	0.00465	0.00410	0.00237	0.00533
2	0.00521	0.00400	0.00471	0.00469	0.00567	0.00356	0.00342	0.00652	0.00976	0.01289	0.37871	0.13803	0.34982	0.04830	0.00550	0.00146	0.00209	0.00819	0.00396	0.00350
3	0.00527	0.00407	0.00471	0.00456	0.00562	0.00361	0.00336	0.00663	0.00996	0.01313	0.41798	0.03355	0.39130	0.07163	0.00589	0.00150	0.00210	0.00769	0.00396	0.00351
4	0.00697	0.00348	0.00522	0.00522	0.00522	0.00348	0.00348	0.00522	0.00522	0.00697	0.00697	0.01219	0.00697	0.01393	0.01567	0.88332	0.00348	0.00348	0.00174	0.00174
5	0.00500	0.00405	0.00444	0.00438	0.00559	0.00349	0.00327	0.00624	0.00969	0.01224	0.25533	0.06353	0.58931	0.00970	0.00475	0.00134	0.00200	0.00823	0.00391	0.00349
6	0.05065	0.01109	0.01179	0.00907	0.01225	0.01230	0.00749	0.78783	0.01837	0.02498	0.00946	0.00950	0.00672	0.00477	0.00395	0.00121	0.00436	0.00355	0.00395	0.00672
7	0.01444	0.01072	0.01157	0.00902	0.01204	0.01190	0.00741	0.73157	0.06481	0.02394	0.01007	0.01026	0.00730	0.00619	0.04835	0.00149	0.00468	0.00370	0.00392	0.00662
8	0.00666	0.00465	0.00556	0.00561	0.00664	0.00440	0.00407	0.08946	0.00968	0.05605	0.08917	0.45405	0.22791	0.01042	0.00482	0.00147	0.00249	0.00915	0.00387	0.00388
9	0.00718	0.00540	0.00682	0.01987	0.00863	0.00562	0.00604	0.04573	0.13273	0.01312	0.02078	0.10916	0.06716	0.00978	0.00508	0.00167	0.00341	0.50388	0.02372	0.00419
10	0.06529	0.01046	0.01133	0.00873	0.01188	0.01139	0.00721	0.67021	0.01721	0.13059	0.01021	0.00998	0.00708	0.00477	0.00393	0.00121	0.00421	0.00358	0.00405	0.00668
11	0.05863	0.22338	0.13062	0.01214	0.19276	0.04592	0.01811	0.10239	0.02830	0.05264	0.00783	0.02827	0.00645	0.00433	0.00428	0.00118	0.07154	0.00325	0.00234	0.00565
12	0.00963	0.00856	0.08536	0.00689	0.01033	0.00644	0.00603	0.10795	0.00991	0.08035	0.03644	0.05445	0.00844	0.00411	0.00343	0.00086	0.00338	0.00335	0.00286	0.55123
13	0.01006	0.07472	0.17890	0.01808	0.44653	0.02455	0.06566	0.07142	0.04695	0.01373	0.00790	0.00960	0.00628	0.00378	0.00389	0.00120	0.00504	0.00345	0.00215	0.00612
14	0.00663	0.00505	0.00710	0.04499	0.00831	0.00588	0.00535	0.06706	0.00735	0.01038	0.01050	0.01592	0.00988	0.11271	0.62808	0.00539	0.03901	0.00435	0.00228	0.00377
15	0.00513	0.00367	0.00473	0.00529	0.00569	0.00343	0.00358	0.00600	0.00826	0.01113	0.17661	0.57927	0.06300	0.09657	0.00656	0.00177	0.00239	0.00992	0.00373	0.00328
16	0.01411	0.19204	0.01402	0.00925	0.03591	0.06708	0.00761	0.57327	0.01581	0.02056	0.00849	0.00880	0.00634	0.00444	0.00368	0.00112	0.00458	0.00323	0.00334	0.00631
17	0.00597	0.00439	0.00557	0.00624	0.05333	0.00425	0.00386	0.00695	0.03117	0.01013	0.07634	0.28717	0.03597	0.37738	0.01154	0.00251	0.00320	0.03609	0.00308	0.03486

[dist]
# distance from previous block
# <min> <max>
0	1

[block]
# block no. 6 follows, 67 sequences, length 30
# corresponding to MSA columns:
# 247-276
name=unknown_G
#
# <colnr> <probs for GDERKNQSTAVLIFYWHMCP>
#	G	D	E	R	K	N	Q	S	T	A	V	L	I	F	Y	W	H	M	C	P
0	0.04370	0.20896	0.20137	0.01025	0.01374	0.32435	0.09623	0.01401	0.03177	0.01120	0.00674	0.00790	0.00540	0.00384	0.00351	0.00110	0.00596	0.00284	0.00197	0.00517
1	0.01072	0.86147	0.02102	0.00686	0.01029	0.01587	0.00686	0.01201	0.00815	0.00944	0.00558	0.00643	0.00515	0.00343	0.00257	0.00086	0.00429	0.00214	0.00172	0.00515
2	0.00498	0.00378	0.00462	0.00523	0.00590	0.00342	0.00373	0.00590	0.00835	0.01068	0.04232	0.50966	0.28744	0.01158	0.00502	0.00155	0.00234	0.07641	0.00373	0.00334
3	0.07193	0.01369	0.27613	0.01437	0.01889	0.00980	0.51043	0.01273	0.00897	0.01317	0.00765	0.00978	0.00565	0.00354	0.00428	0.00132	0.00624	0.00400	0.00196	0.00549
4	0.00507	0.00362	0.00481	0.00563	0.00595	0.00340	0.00387	0.00591	0.00799	0.01070	0.07981	0.72179	0.02678	0.03546	0.00554	0.00168	0.00243	0.06252	0.00373	0.00330
5	0.00529	0.00507	0.06450	0.01663	0.00696	0.00399	0.00453	0.00671	0.02884	0.01107	0.07400	0.52947	0.20635	0.01084	0.00488	0.00151	0.00255	0.00961	0.00360	0.00360
6	0.00945	0.01201	0.17732	0.12791	0.40036	0.06667	0.02391	0.01206	0.00866	0.01201	0.00707	0.00943	0.00575	0.00412	0.00502	0.00128	0.10604	0.00339	0.00188	0.00565
7	0.01428	0.01190	0.01142	0.00920	0.01208	0.13051	0.00742	0.56569	0.15946	0.02158	0.01031	0.01022	0.00754	0.00483	0.00397	0.00121	0.00460	0.00363	0.00375	0.00643
8	0.02737	0.29156	0.01393	0.00856	0.06162	0.05463	0.00686	0.10950	0.03727	0.01297	0.00736	0.02941	0.00640	0.00420	0.00420	0.00100	0.09184	0.00295	0.00234	0.22603
9	0.01017	0.00997	0.23317	0.03003	0.03402	0.00668	0.02390	0.03764	0.00991	0.23384	0.11613	0.01833	0.06090	0.00799	0.07766	0.00177	0.00467	0.07454	0.00333	0.00534
10	0.01315	0.01002	0.01091	0.00830	0.01156	0.01044	0.00680	0.56692	0.05564	0.02163	0.00929	0.00954	0.00685	0.00436	0.00374	0.00105	0.00397	0.00333	0.00358	0.23892
11	0.00573	0.00428	0.00638	0.00638	0.00707	0.00498	0.00493	0.00712	0.00643	0.00926	0.01080	0.01609	0.01017	0.05631	0.81713	0.00636	0.01053	0.00435	0.00216	0.00354
12	0.00823	0.04149	0.76626	0.01214	0.06802	0.00949	0.01446	0.01266	0.00850	0.01264	0.00718	0.00851	0.00516	0.00379	0.00379	0.00125	0.00581	0.00298	0.00171	0.00593
13	0.75485	0.00761	0.00641	0.00556	0.00813	0.00852	0.00458	0.01297	0.00753	0.14282	0.00715	0.00760	0.00519	0.00391	0.00272	0.00124	0.00315	0.00246	0.00286	0.00472
14	0.01525	0.01123	0.01204	0.00923	0.01244	0.01244	0.00762	0.82067	0.01886	0.02528	0.00963	0.00963	0.00682	0.00481	0.00401	0.00120	0.00441	0.00361	0.00401	0.00682
15	0.00993	0.00953	0.01628	0.02462	0.83404	0.00953	0.01231	0.01231	0.00913	0.01310	0.00754	0.00993	0.00635	0.00357	0.00397	0.00119	0.00476	0.00357	0.00199	0.00635
16	0.00744	0.00693	0.01163	0.78901	0.02616	0.00863	0.01070	0.01003	0.00791	0.01018	0.00739	0.01106	0.00568	0.00588	0.06414	0.00170	0.00573	0.00362	0.00181	0.00439
17	0.00580	0.00650	0.13524	0.00663	0.00788	0.00457	0.00561	0.03838	0.00832	0.01134	0.03714	0.67282	0.02266	0.01080	0.00486	0.00155	0.00296	0.00969	0.00343	0.00382
18	0.00537	0.00406	0.00497	0.00498	0.00596	0.00367	0.00375	0.00686	0.01014	0.01360	0.45099	0.12383	0.27199	0.00946	0.00483	0.00137	0.00211	0.06437	0.00408	0.00360
19	0.01065	0.77815	0.07931	0.00728	0.01086	0.03806	0.00746	0.01217	0.00826	0.00968	0.00571	0.00660	0.00514	0.00348	0.00269	0.00089	0.00449	0.00222	0.00172	0.00519
20	0.00496	0.00357	0.00471	0.00548	0.00582	0.00331	0.00371	0.00579	0.00809	0.01084	0.10342	0.74779	0.05354	0.01205	0.00507	0.00158	0.00227	0.01089	0.00379	0.00331
21	0.00608	0.00403	0.00527	0.00576	0.00644	0.00376	0.00416	0.01835	0.00871	0.06273	0.10588	0.56642	0.08084	0.01121	0.00501	0.00157	0.00250	0.09377	0.00387	0.00364
22	0.00879	0.00883	0.01260	0.01070	0.01081	0.01223	0.03099	0.00974	0.00623	0.00974	0.00534	0.00883	0.00529	0.00692	0.01293	0.00174	0.82856	0.00354	0.00176	0.00442
23	0.00717	0.00624	0.02921	0.06678	0.00874	0.05746	0.00521	0.07849	0.01895	0.01155	0.03510	0.35540	0.04529	0.14436	0.04131	0.00205	0.02506	0.03585	0.02198	0.00380
24	0.27218	0.00690	0.00798	0.00655	0.00918	0.00681	0.00536	0.03689	0.00982	0.48082	0.01264	0.04355	0.00901	0.00653	0.05588	0.00159	0.00377	0.01486	0.00397	0.00572
25	0.01025	0.00877	0.00916	0.00814	0.01037	0.03140	0.00636	0.09637	0.65860	0.01693	0.03380	0.01465	0.01199	0.00694	0.05632	0.00165	0.00384	0.00444	0.00391	0.00612
26	0.00644	0.00475	0.00654	0.00632	0.00713	0.00542	0.00485	0.05777	0.00729	0.01040	0.01162	0.01689	0.03158	0.11395	0.63313	0.00541	0.02711	0.00449	0.03523	0.00368
27	0.01013	0.03193	0.10783	0.03098	0.56777	0.04918	0.03344	0.01264	0.00917	0.04359	0.00769	0.00962	0.00621	0.00364	0.00386	0.00116	0.00490	0.00340	0.00208	0.06077
28	0.00999	0.20857	0.16485	0.06170	0.19091	0.03663	0.12192	0.06841	0.03641	0.01279	0.00751	0.00912	0.00598	0.00411	0.01588	0.00122	0.00520	0.00327	0.00209	0.03345
29	0.00530	0.00378	0.00522	0.01774	0.00646	0.00362	0.01577	0.00602	0.00762	0.01013	0.02027	0.65986	0.02388	0.06589	0.00662	0.04493	0.00272	0.08745	0.00349	0.00322

[dist]
# distance from previous block
# <min> <max>
2	3

[block]
# block no. 7 follows, 67 sequences, length 61
# corresponding to MSA columns:
# 280-340
name=unknown_H
#
# <colnr> <probs for GDERKNQSTAVLIFYWHMCP>
#	G	D	E	R	K	N	Q	S	T	A	V	L	I	F	Y	W	H	M	C	P
0	0.03412	0.08526	0.04701	0.10802	0.06018	0.03668	0.05985	0.00985	0.00787	0.02389	0.01182	0.08431	0.07785	0.00905	0.10273	0.00199	0.18741	0.03558	0.01206	0.00445
1	0.68758	0.04640	0.01447	0.02051	0.03963	0.08334	0.00538	0.02863	0.00764	0.01658	0.00583	0.00688	0.00461	0.00381	0.00286	0.00121	0.01537	0.00234	0.00240	0.00455
2	0.00486	0.00407	0.00423	0.00419	0.00549	0.00344	0.00314	0.00598	0.00942	0.01149	0.13956	0.03752	0.73307	0.00991	0.00474	0.00134	0.00201	0.00831	0.00381	0.00344
3	0.00895	0.03444	0.04704	0.04604	0.11095	0.06915	0.10583	0.03993	0.13437	0.01275	0.07515	0.03527	0.03395	0.00881	0.12225	0.00204	0.10097	0.00445	0.00264	0.00502
4	0.01058	0.01069	0.02016	0.01467	0.01841	0.01055	0.59408	0.16272	0.08715	0.01551	0.00916	0.01098	0.00679	0.00384	0.00454	0.00133	0.00599	0.00451	0.00259	0.00576
5	0.00595	0.00433	0.00629	0.00624	0.00690	0.00495	0.00475	0.01964	0.00652	0.00930	0.01070	0.01641	0.01022	0.10220	0.71521	0.05073	0.00967	0.00438	0.00218	0.00344
6	0.00515	0.00377	0.00484	0.00521	0.00583	0.00346	0.00366	0.00631	0.00916	0.01239	0.31253	0.46536	0.12605	0.01073	0.00494	0.00147	0.00214	0.00958	0.00397	0.00346
7	0.00721	0.00569	0.00657	0.00612	0.00753	0.00598	0.00465	0.01242	0.30560	0.01581	0.44225	0.06645	0.05693	0.00739	0.00446	0.00131	0.00238	0.00642	0.03017	0.00467
8	0.00919	0.05038	0.05549	0.01249	0.01431	0.02883	0.27517	0.01109	0.00755	0.01084	0.00633	0.00929	0.00552	0.00544	0.00925	0.00154	0.47682	0.00380	0.00185	0.00484
9	0.00832	0.00713	0.00832	0.00594	0.00950	0.00535	0.00475	0.01010	0.00832	0.01307	0.00713	0.00832	0.00594	0.00297	0.00297	0.00059	0.00297	0.00238	0.00238	0.88357
10	0.88738	0.00776	0.00589	0.00527	0.00776	0.00900	0.00434	0.01179	0.00683	0.01799	0.00558	0.00651	0.00434	0.00372	0.00248	0.00124	0.00310	0.00217	0.00248	0.00434
11	0.00485	0.00407	0.00421	0.00418	0.00548	0.00343	0.00313	0.00596	0.00939	0.01143	0.13101	0.03761	0.74165	0.00993	0.00474	0.00134	0.00202	0.00833	0.00380	0.00343
12	0.00580	0.00387	0.00438	0.00442	0.00443	0.00387	0.00248	0.00582	0.00590	0.00786	0.01297	0.05576	0.01501	0.82897	0.01987	0.00381	0.00383	0.00603	0.00248	0.00246
13	0.00925	0.00779	0.03645	0.02585	0.05188	0.00795	0.02273	0.01623	0.45231	0.08197	0.07499	0.01956	0.16334	0.00623	0.00424	0.00133	0.00319	0.00528	0.00383	0.00560
14	0.01491	0.01113	0.01230	0.01020	0.06450	0.01225	0.00792	0.76944	0.01824	0.02450	0.00950	0.00965	0.00679	0.00474	0.00401	0.00120	0.00444	0.00361	0.00388	0.00679
15	0.00870	0.00699	0.00831	0.02709	0.02734	0.06423	0.03196	0.06521	0.07740	0.06404	0.01256	0.11716	0.01252	0.25119	0.08747	0.00259	0.09578	0.03240	0.00287	0.00418
16	0.03304	0.01139	0.01173	0.00914	0.01224	0.05029	0.00750	0.72638	0.05935	0.02398	0.00973	0.00973	0.00697	0.00479	0.00397	0.00120	0.00445	0.00358	0.00389	0.00665
17	0.00641	0.00401	0.00474	0.00472	0.00491	0.00396	0.00285	0.00651	0.00627	0.04705	0.01329	0.07789	0.01489	0.69510	0.03031	0.04390	0.00385	0.02401	0.00262	0.00270
18	0.04310	0.00594	0.00636	0.00587	0.00686	0.04046	0.00416	0.12156	0.02758	0.03911	0.11945	0.08807	0.01652	0.38457	0.04743	0.00267	0.00394	0.02941	0.00314	0.00377
19	0.01010	0.01037	0.06709	0.01703	0.29040	0.00929	0.32655	0.06377	0.00988	0.05144	0.00891	0.01080	0.02359	0.00374	0.00420	0.00121	0.00532	0.00401	0.00232	0.07997
20	0.00714	0.00553	0.00769	0.00768	0.05984	0.00599	0.03643	0.07259	0.04935	0.01101	0.02583	0.01797	0.01132	0.26449	0.39444	0.00441	0.00717	0.00472	0.00250	0.00389
21	0.00505	0.00360	0.00484	0.00577	0.00607	0.00340	0.00400	0.00586	0.00784	0.01042	0.02202	0.77371	0.02617	0.01241	0.00516	0.00165	0.00247	0.09254	0.00372	0.00330
22	0.07006	0.06093	0.01154	0.00979	0.01200	0.71598	0.00748	0.04661	0.01120	0.01091	0.00626	0.00724	0.00518	0.00410	0.00351	0.00104	0.00671	0.00257	0.00215	0.00474
23	0.00568	0.00417	0.00499	0.00476	0.00567	0.00378	0.00335	0.00674	0.00900	0.01221	0.34933	0.06658	0.20475	0.20477	0.00868	0.03592	0.00253	0.00694	0.00355	0.05659
24	0.00560	0.00387	0.00453	0.00465	0.00489	0.00375	0.00286	0.00601	0.00700	0.00934	0.10759	0.15750	0.07597	0.56464	0.01504	0.00305	0.00329	0.01469	0.00296	0.00279
25	0.06746	0.00923	0.00973	0.00824	0.01083	0.01044	0.00657	0.25127	0.50436	0.05688	0.01369	0.01283	0.01007	0.00513	0.00396	0.00130	0.00354	0.00410	0.00400	0.00638
26	0.00679	0.00510	0.00662	0.00647	0.00730	0.04339	0.00493	0.00818	0.01612	0.04823	0.01103	0.01632	0.01029	0.11156	0.67219	0.00564	0.00946	0.00436	0.00233	0.00370
