[name]
unknown

[dist]
# distance from previous block
# <min> <max>
0	372

[block]
# block no. 0 follows, 72 sequences, length 24
# corresponding to MSA columns:
# 380-403
name=unknown_A
#
# <colnr> <probs for GDERKNQSTAVLIFYWHMCP>
#	G	D	E	R	K	N	Q	S	T	A	V	L	I	F	Y	W	H	M	C	P
0	0.03175	0.00778	0.01148	0.11213	0.30893	0.02694	0.03685	0.07179	0.01948	0.13729	0.02305	0.02326	0.04253	0.00477	0.00404	0.00121	0.02064	0.06686	0.02142	0.02779
1	0.00742	0.00649	0.00757	0.02704	0.03915	0.04405	0.01501	0.02687	0.01690	0.01159	0.01226	0.12374	0.07535	0.03605	0.02952	0.00117	0.00333	0.05214	0.00259	0.46176
2	0.00835	0.00801	0.01342	0.39460	0.37516	0.02065	0.05080	0.02108	0.00827	0.01117	0.00744	0.02436	0.00617	0.00389	0.00395	0.00122	0.01525	0.01931	0.00187	0.00503
3	0.00538	0.00394	0.00562	0.00568	0.00620	0.00443	0.00421	0.00644	0.00607	0.00860	0.01123	0.07523	0.01135	0.18164	0.64010	0.00534	0.00842	0.00479	0.00218	0.00316
4	0.00570	0.00400	0.00537	0.00539	0.00596	0.00428	0.00394	0.00663	0.00639	0.02823	0.01360	0.02150	0.07295	0.29048	0.44779	0.00456	0.00688	0.06084	0.00239	0.00311
5	0.00997	0.81315	0.07426	0.00677	0.01017	0.01460	0.00698	0.01140	0.00773	0.00913	0.00537	0.00621	0.00486	0.00327	0.00251	0.00084	0.00416	0.00208	0.00162	0.00492
6	0.00462	0.00385	0.00403	0.00399	0.00521	0.00326	0.00299	0.00571	0.00897	0.01102	0.16356	0.03523	0.71590	0.00932	0.00448	0.00127	0.00190	0.00783	0.00362	0.00326
7	0.70716	0.00715	0.00626	0.00536	0.00783	0.00788	0.00442	0.01271	0.00739	0.19319	0.00734	0.00760	0.00523	0.00377	0.00266	0.00117	0.00300	0.00243	0.00285	0.00461
8	0.00585	0.00387	0.00504	0.00503	0.00576	0.00363	0.00363	0.00709	0.00901	0.05824	0.42228	0.23545	0.04671	0.11094	0.02970	0.00173	0.00249	0.03639	0.00372	0.00344
9	0.01417	0.01808	0.01075	0.00977	0.01172	0.85149	0.00733	0.01514	0.01075	0.00928	0.00586	0.00684	0.00489	0.00391	0.00342	0.00098	0.00684	0.00244	0.00195	0.00440
10	0.00513	0.00353	0.00443	0.00497	0.00532	0.00330	0.00330	0.00572	0.00715	0.02979	0.02058	0.56806	0.10289	0.19202	0.00784	0.00196	0.00254	0.02515	0.00329	0.00302
11	0.01043	0.00815	0.00868	0.00741	0.00967	0.00910	0.00587	0.24488	0.46586	0.03782	0.02976	0.01478	0.07810	0.00534	0.00384	0.00122	0.00317	0.00434	0.04582	0.00575
12	0.01014	0.86900	0.01987	0.00649	0.00973	0.01501	0.00649	0.01136	0.00771	0.00892	0.00527	0.00608	0.00487	0.00324	0.00243	0.00081	0.00406	0.00203	0.00162	0.00487
13	0.02025	0.03178	0.02967	0.02674	0.06138	0.00753	0.02663	0.15763	0.06425	0.05749	0.00904	0.03711	0.00745	0.00416	0.00372	0.00095	0.03534	0.02567	0.02446	0.36874
14	0.00673	0.00543	0.00879	0.03185	0.01023	0.00540	0.12929	0.02473	0.00891	0.01167	0.01764	0.03635	0.01866	0.00909	0.00506	0.00165	0.00398	0.65751	0.00321	0.00381
15	0.00550	0.00374	0.00447	0.00447	0.00459	0.00386	0.00271	0.00573	0.00561	0.00760	0.01164	0.02313	0.01305	0.72394	0.16108	0.00409	0.00478	0.00527	0.00225	0.00248
16	0.00973	0.00988	0.04593	0.05197	0.11040	0.02889	0.36770	0.13737	0.00983	0.02793	0.00808	0.01112	0.00653	0.01639	0.00539	0.00133	0.10776	0.03633	0.00227	0.00519
17	0.89350	0.00733	0.00557	0.00499	0.00733	0.00851	0.00411	0.01115	0.00645	0.01702	0.00528	0.00616	0.00411	0.00352	0.00235	0.00117	0.00293	0.00205	0.00235	0.00411
18	0.00731	0.00675	0.03831	0.03147	0.07646	0.06129	0.00549	0.08888	0.01853	0.01270	0.16719	0.07825	0.22011	0.02316	0.05579	0.00156	0.04343	0.00567	0.05355	0.00410
19	0.00543	0.00402	0.00589	0.00589	0.00649	0.00463	0.00448	0.00664	0.00603	0.00865	0.01035	0.01595	0.00994	0.11700	0.76375	0.00584	0.00947	0.00422	0.00206	0.00327
20	0.01015	0.01199	0.04461	0.20264	0.01463	0.32450	0.02114	0.01161	0.00820	0.00947	0.00594	0.00833	0.00506	0.00528	0.02507	0.00139	0.28088	0.00302	0.00179	0.00431
21	0.70442	0.07711	0.02036	0.02050	0.00834	0.02928	0.00485	0.03029	0.04005	0.01598	0.00583	0.00668	0.00458	0.00365	0.00266	0.00115	0.01535	0.00223	0.00234	0.00433
22	0.04593	0.00958	0.01335	0.10295	0.47610	0.05307	0.00990	0.21624	0.01085	0.01502	0.00745	0.00913	0.00589	0.00375	0.00369	0.00114	0.00454	0.00329	0.00236	0.00578
23	0.01005	0.00953	0.03747	0.09755	0.27648	0.05494	0.17790	0.06952	0.07498	0.07236	0.00854	0.01925	0.00664	0.00392	0.00419	0.00119	0.03494	0.00368	0.00238	0.03451

[dist]
# distance from previous block
# <min> <max>
0	2

[block]
# block no. 1 follows, 72 sequences, length 40
# corresponding to MSA columns:
# 406-445
name=unknown_B
#
# <colnr> <probs for GDERKNQSTAVLIFYWHMCP>
#	G	D	E	R	K	N	Q	S	T	A	V	L	I	F	Y	W	H	M	C	P
0	0.04126	0.00705	0.01023	0.04199	0.21994	0.03832	0.04769	0.03007	0.00783	0.02085	0.04796	0.01349	0.06303	0.01201	0.25943	0.00271	0.11446	0.00402	0.01322	0.00444
1	0.00853	0.03033	0.01150	0.00958	0.00975	0.01126	0.00797	0.00936	0.00600	0.03510	0.00552	0.00892	0.00540	0.03432	0.01214	0.00169	0.78330	0.00337	0.00177	0.00418
2	0.05038	0.08746	0.29188	0.05974	0.03368	0.01751	0.03159	0.04062	0.03328	0.07765	0.00758	0.00853	0.00568	0.00352	0.00330	0.00100	0.00427	0.00279	0.00222	0.23730
3	0.08145	0.03905	0.02117	0.00726	0.03184	0.07264	0.00576	0.26323	0.04983	0.09813	0.00997	0.01036	0.02254	0.00421	0.00330	0.00101	0.00354	0.00320	0.14814	0.12339
4	0.00994	0.82021	0.04523	0.00658	0.00984	0.01452	0.00665	0.01127	0.00779	0.00918	0.02692	0.00672	0.00566	0.00337	0.00252	0.00083	0.00405	0.00218	0.00169	0.00486
5	0.00544	0.00425	0.00492	0.02359	0.00626	0.00408	0.00370	0.02380	0.07187	0.01086	0.08273	0.21843	0.37086	0.07256	0.01726	0.02924	0.00252	0.04086	0.00339	0.00340
6	0.00954	0.07256	0.16621	0.02884	0.16168	0.05729	0.04338	0.07060	0.00923	0.09329	0.04194	0.03435	0.04855	0.00578	0.05153	0.00139	0.02006	0.00372	0.00247	0.07760
7	0.02608	0.13415	0.07492	0.08386	0.06338	0.12301	0.06496	0.07703	0.05454	0.14022	0.00861	0.00958	0.00651	0.00476	0.02660	0.00126	0.05470	0.00321	0.03745	0.00517
8	0.00527	0.00387	0.00495	0.00481	0.00571	0.00355	0.00363	0.00690	0.01021	0.01414	0.66142	0.07282	0.12860	0.00833	0.00453	0.00125	0.00192	0.05057	0.00403	0.00350
9	0.00469	0.00352	0.00430	0.00483	0.00539	0.00319	0.00334	0.00548	0.00778	0.01005	0.06601	0.53121	0.25819	0.04967	0.00538	0.00155	0.00219	0.02661	0.00350	0.00311
10	0.00975	0.08463	0.17635	0.04753	0.12962	0.15905	0.04278	0.05481	0.00883	0.04523	0.00808	0.06856	0.00710	0.02038	0.04051	0.00143	0.08468	0.00363	0.00213	0.00492
11	0.00741	0.00699	0.01181	0.76644	0.11538	0.00849	0.01065	0.00990	0.00770	0.00998	0.00678	0.01003	0.00516	0.00375	0.00379	0.00125	0.00500	0.00337	0.00171	0.00441
12	0.01503	0.00596	0.00801	0.00642	0.00895	0.00524	0.00528	0.01652	0.01035	0.68950	0.01519	0.03550	0.01062	0.00522	0.00382	0.00119	0.00308	0.05793	0.09031	0.00589
13	0.02098	0.00815	0.04728	0.11962	0.18604	0.03064	0.11628	0.03554	0.02941	0.07197	0.03690	0.07071	0.04570	0.01582	0.06225	0.00162	0.08945	0.00440	0.00242	0.00482
14	0.03973	0.06591	0.20765	0.04864	0.05476	0.02637	0.05055	0.02439	0.05806	0.05065	0.03114	0.14895	0.02030	0.06080	0.05412	0.00170	0.00447	0.04470	0.00254	0.00457
15	0.00952	0.00780	0.00903	0.08057	0.01044	0.12509	0.08096	0.07033	0.04696	0.11484	0.02888	0.06020	0.02128	0.24475	0.02195	0.00197	0.03875	0.00458	0.01791	0.00420
16	0.17621	0.08991	0.01122	0.13278	0.05175	0.36663	0.02348	0.01251	0.00865	0.01094	0.00585	0.00743	0.00484	0.00396	0.00401	0.00111	0.07974	0.00263	0.00193	0.00443
17	0.00532	0.00385	0.00501	0.00477	0.00565	0.00355	0.00356	0.00704	0.01055	0.01487	0.78865	0.06017	0.05684	0.00796	0.00449	0.00121	0.00181	0.00704	0.00413	0.00355
18	0.02256	0.20047	0.15337	0.08772	0.14015	0.03925	0.04640	0.12028	0.04069	0.01277	0.03106	0.02492	0.00681	0.00413	0.00399	0.00113	0.05365	0.00326	0.00218	0.00523
19	0.01987	0.02219	0.02285	0.23450	0.29526	0.07821	0.01902	0.03438	0.02717	0.08001	0.05426	0.01089	0.00781	0.00411	0.00398	0.00117	0.03211	0.00352	0.04361	0.00509
20	0.02207	0.00444	0.00552	0.00571	0.00680	0.00430	0.00461	0.02892	0.02503	0.07445	0.07253	0.15021	0.14254	0.02343	0.00476	0.00147	0.00276	0.31671	0.10000	0.00374
21	0.00489	0.00349	0.00471	0.00559	0.00593	0.00331	0.00399	0.00575	0.00753	0.00999	0.02075	0.71444	0.02449	0.01163	0.00491	0.00158	0.00244	0.15790	0.00352	0.00316
22	0.00544	0.00375	0.00461	0.00486	0.00566	0.00335	0.00346	0.00644	0.00849	0.05984	0.17153	0.42369	0.26474	0.01006	0.00461	0.00138	0.00211	0.00886	0.00371	0.00340
23	0.00943	0.00815	0.00858	0.00772	0.00986	0.00943	0.00600	0.02015	0.83621	0.01586	0.01544	0.01415	0.01158	0.00515	0.00386	0.00129	0.00300	0.00429	0.00386	0.00600
24	0.66919	0.00767	0.00671	0.00570	0.00819	0.00862	0.00469	0.11315	0.02890	0.10674	0.00704	0.00745	0.00515	0.00381	0.00272	0.00117	0.00312	0.00247	0.00281	0.00469
25	0.01434	0.01035	0.01116	0.00860	0.01160	0.01140	0.00709	0.76429	0.04849	0.05949	0.00960	0.00946	0.00677	0.00458	0.00380	0.00115	0.00409	0.00347	0.00384	0.00643
26	0.01310	0.07063	0.01120	0.00824	0.01099	0.06309	0.00679	0.59082	0.09267	0.02041	0.00940	0.00958	0.00694	0.00499	0.02224	0.00122	0.00424	0.00336	0.04410	0.00597
27	0.00464	0.00361	0.00417	0.00453	0.00529	0.00320	0.00319	0.00542	0.00788	0.00990	0.04093	0.38038	0.43207	0.03756	0.02267	0.01685	0.00228	0.00891	0.00343	0.00311
28	0.00968	0.06136	0.15998	0.01283	0.19130	0.00900	0.15780	0.09651	0.04421	0.07849	0.04856	0.02177	0.01985	0.00478	0.02336	0.00130	0.03792	0.00381	0.01204	0.00544
29	0.03010	0.09291	0.75423	0.01029	0.01561	0.00934	0.01311	0.01193	0.00794	0.01187	0.00663	0.00779	0.00479	0.00357	0.00347	0.00117	0.00540	0.00272	0.00162	0.00550
30	0.01334	0.00974	0.01065	0.00835	0.01110	0.01078	0.00685	0.69520	0.04747	0.04014	0.02198	0.01019	0.00742	0.00679	0.08046	0.00159	0.00461	0.00357	0.00366	0.00611
31	0.03217	0.00925	0.11985	0.24123	0.20417	0.02278	0.09781	0.01076	0.00819	0.04599	0.04044	0.02036	0.04353	0.00493	0.02545	0.00136	0.06095	0.00381	0.00209	0.00488
32	0.00898	0.22549	0.19655	0.06914	0.09947	0.01028	0.08952	0.06077	0.02453	0.02618	0.03020	0.01886	0.03260	0.00438	0.00440	0.01939	0.06879	0.00336	0.00206	0.00505
33	0.01224	0.00822	0.00914	0.00765	0.00966	0.08410	0.00614	0.09182	0.18070	0.29697	0.09663	0.01350	0.02434	0.00539	0.00518	0.00125	0.13388	0.00405	0.00366	0.00548
34	0.00630	0.00441	0.00539	0.03603	0.03271	0.00409	0.00400	0.02507	0.00857	0.07986	0.08924	0.14865	0.36905	0.11570	0.00630	0.00162	0.00261	0.05340	0.00340	0.00358
35	0.03275	0.08839	0.25200	0.03790	0.19435	0.02678	0.12054	0.04833	0.01651	0.10718	0.01841	0.01731	0.00643	0.00378	0.00367	0.00115	0.00481	0.00335	0.00226	0.01413
36	0.00475	0.00389	0.02167	0.00503	0.00576	0.00335	0.00370	0.00567	0.00782	0.01006	0.03801	0.50563	0.28664	0.01122	0.02388	0.00156	0.00242	0.05229	0.00346	0.00321
37	0.01098	0.00535	0.00662	0.00577	0.02364	0.00502	0.00445	0.05760	0.03215	0.33541	0.14004	0.01702	0.07215	0.00540	0.00362	0.00110	0.00256	0.00447	0.26173	0.00492
38	0.01777	0.07871	0.16465	0.10310	0.10168	0.11386	0.12273	0.11797	0.00980	0.04553	0.03318	0.00936	0.00647	0.00403	0.00421	0.00117	0.05503	0.00332	0.00222	0.00520
39	0.00957	0.11745	0.17924	0.08704	0.13470	0.03771	0.15249	0.10684	0.02152	0.03219	0.02204	0.00958	0.01773	0.00388	0.00397	0.00115	0.03259	0.00338	0.00216	0.02475

[dist]
# distance from previous block
# <min> <max>
0	23

[block]
# block no. 2 follows, 72 sequences, length 16
# corresponding to MSA columns:
# 469-484
name=unknown_C
#
# <colnr> <probs for GDERKNQSTAVLIFYWHMCP>
#	G	D	E	R	K	N	Q	S	T	A	V	L	I	F	Y	W	H	M	C	P
0	0.11069	0.02529	0.04878	0.02998	0.03230	0.10584	0.00575	0.05154	0.04891	0.07031	0.06388	0.10754	0.02154	0.01604	0.01453	0.00116	0.00365	0.02559	0.00279	0.21389
1	0.01900	0.03941	0.04254	0.08344	0.16169	0.13116	0.13768	0.03699	0.02018	0.03745	0.03010	0.04885	0.02121	0.01828	0.07739	0.01342	0.03071	0.02132	0.00225	0.02692
2	0.00563	0.00377	0.00479	0.00516	0.00571	0.00350	0.00357	0.00637	0.00744	0.05029	0.04745	0.49035	0.07547	0.17413	0.00748	0.00189	0.00262	0.06973	0.00332	0.03134
3	0.13337	0.04743	0.00721	0.00656	0.03005	0.03882	0.00495	0.03677	0.05449	0.02363	0.01038	0.05498	0.00987	0.10017	0.38964	0.00367	0.00657	0.03518	0.00241	0.00385
4	0.00923	0.00670	0.00789	0.00690	0.00854	0.00750	0.00546	0.26118	0.12592	0.03782	0.01109	0.02967	0.00925	0.04353	0.31719	0.00307	0.01924	0.00401	0.08106	0.00475
5	0.00943	0.00815	0.00858	0.00772	0.00986	0.00943	0.00600	0.02015	0.83621	0.01586	0.01544	0.01415	0.01158	0.00515	0.00386	0.00129	0.00300	0.00429	0.00386	0.00600
6	0.03917	0.00440	0.00544	0.00499	0.00631	0.00399	0.00381	0.00879	0.00986	0.16059	0.42908	0.10335	0.18998	0.00781	0.00432	0.00124	0.00215	0.00674	0.00401	0.00398
7	0.89350	0.00733	0.00557	0.00499	0.00733	0.00851	0.00411	0.01115	0.00645	0.01702	0.00528	0.00616	0.00411	0.00352	0.00235	0.00117	0.00293	0.00205	0.00235	0.00411
8	0.00533	0.00386	0.00482	0.00458	0.00553	0.00352	0.00344	0.00700	0.01031	0.01446	0.68814	0.02879	0.14762	0.00785	0.00439	0.00119	0.00181	0.00686	0.04701	0.00352
9	0.00830	0.00830	0.01162	0.00996	0.00996	0.01162	0.00830	0.00913	0.00581	0.00913	0.00498	0.00830	0.00498	0.00664	0.01245	0.00166	0.85977	0.00332	0.00166	0.00415
10	0.00786	0.00674	0.00786	0.00562	0.00899	0.00506	0.00449	0.00955	0.00786	0.01236	0.00674	0.00786	0.00562	0.00281	0.00281	0.00056	0.00281	0.00225	0.00225	0.88990
11	0.00707	0.00353	0.00353	0.00353	0.00442	0.00353	0.00265	0.00884	0.00795	0.01414	0.01237	0.01414	0.00972	0.00442	0.00265	0.00088	0.00177	0.00353	0.88777	0.00353
12	0.01051	0.00785	0.00884	0.00735	0.00931	0.00887	0.02643	0.31573	0.20604	0.01765	0.01108	0.01164	0.00841	0.00481	0.00431	0.00115	0.08238	0.00367	0.24868	0.00529
13	0.00783	0.00506	0.00631	0.00554	0.00694	0.00491	0.00429	0.09858	0.04222	0.11076	0.62567	0.02395	0.02868	0.00696	0.00430	0.00119	0.00226	0.00604	0.00418	0.00431
14	0.05629	0.02736	0.02545	0.00919	0.04887	0.30556	0.00689	0.03255	0.05362	0.22264	0.01233	0.10043	0.01065	0.00606	0.00421	0.00136	0.00488	0.06281	0.00340	0.00545
15	0.00897	0.12488	0.54028	0.02788	0.01552	0.00964	0.10384	0.05488	0.00874	0.06031	0.00730	0.00840	0.00527	0.00363	0.00358	0.00116	0.00527	0.00299	0.00193	0.00552

[dist]
# distance from previous block
# <min> <max>
4	39

[block]
# block no. 3 follows, 72 sequences, length 11
# corresponding to MSA columns:
# 530-540
name=unknown_D
#
# <colnr> <probs for GDERKNQSTAVLIFYWHMCP>
#	G	D	E	R	K	N	Q	S	T	A	V	L	I	F	Y	W	H	M	C	P
0	0.11819	0.08512	0.16714	0.05382	0.05098	0.04206	0.04864	0.12995	0.08675	0.06916	0.01998	0.03560	0.02423	0.00447	0.00355	0.00116	0.00420	0.02384	0.00266	0.02852
1	0.00879	0.05480	0.01276	0.08570	0.41201	0.04102	0.00926	0.01058	0.00798	0.03295	0.02854	0.02665	0.00752	0.00703	0.09623	0.00175	0.13107	0.01831	0.00203	0.00503
2	0.00475	0.00346	0.00445	0.00512	0.00550	0.00325	0.00350	0.00547	0.00732	0.00962	0.02201	0.63952	0.12546	0.06969	0.04104	0.00185	0.00264	0.03889	0.00338	0.00307
3	0.01051	0.08871	0.10060	0.13705	0.07731	0.11203	0.14903	0.05931	0.03464	0.11801	0.02072	0.02669	0.00686	0.00413	0.00409	0.00118	0.03802	0.00355	0.00240	0.00516
4	0.00836	0.11725	0.31205	0.06642	0.12373	0.04691	0.14659	0.01127	0.00829	0.01134	0.04020	0.02832	0.00707	0.00518	0.04970	0.00142	0.00545	0.00349	0.00188	0.00509
5	0.00467	0.00339	0.00442	0.00523	0.00557	0.00315	0.00358	0.00541	0.00745	0.00980	0.02241	0.75624	0.09678	0.01162	0.00483	0.00153	0.00223	0.04508	0.00352	0.00311
6	0.00738	0.00777	0.09280	0.18004	0.21050	0.00729	0.05316	0.00947	0.00747	0.02512	0.00893	0.06691	0.00808	0.03649	0.22561	0.00259	0.03972	0.00411	0.00202	0.00451
7	0.05096	0.14317	0.18498	0.06225	0.07055	0.11199	0.14124	0.03166	0.03138	0.05826	0.00812	0.06069	0.00676	0.00419	0.00374	0.00115	0.01815	0.00356	0.00216	0.00504
8	0.00480	0.00364	0.00446	0.00498	0.00557	0.00336	0.00346	0.00596	0.03651	0.01041	0.08120	0.57713	0.22299	0.01081	0.00469	0.00144	0.00213	0.00962	0.00358	0.00325
9	0.00810	0.00506	0.00647	0.00585	0.00726	0.00490	0.02601	0.05397	0.07446	0.14201	0.11452	0.07476	0.20608	0.00926	0.04139	0.13231	0.00311	0.06169	0.01882	0.00400
10	0.00863	0.00884	0.11518	0.11210	0.20138	0.03886	0.06629	0.04192	0.03264	0.08335	0.04520	0.13535	0.08267	0.00560	0.00403	0.00124	0.00410	0.00501	0.00266	0.00492

[dist]
# distance from previous block
# <min> <max>
2	6

[block]
# block no. 4 follows, 72 sequences, length 38
# corresponding to MSA columns:
# 547-584
name=unknown_E
#
# <colnr> <probs for GDERKNQSTAVLIFYWHMCP>
#	G	D	E	R	K	N	Q	S	T	A	V	L	I	F	Y	W	H	M	C	P
0	0.02700	0.24329	0.06504	0.03149	0.08947	0.07903	0.03520	0.18468	0.03330	0.05135	0.00827	0.05883	0.00697	0.00423	0.00337	0.00104	0.00427	0.00332	0.00251	0.06735
1	0.43705	0.06187	0.06219	0.02102	0.06319	0.02818	0.01583	0.02145	0.08896	0.01474	0.00685	0.00771	0.00539	0.00356	0.00284	0.00106	0.00344	0.00251	0.00235	0.14981
2	0.03080	0.02093	0.00961	0.04685	0.04667	0.08766	0.06988	0.02404	0.10020	0.06207	0.09160	0.08731	0.04991	0.05697	0.05775	0.00173	0.14409	0.00479	0.00274	0.00438
3	0.00532	0.00375	0.00456	0.00448	0.00498	0.00356	0.00299	0.00624	0.00818	0.01123	0.38827	0.08189	0.07722	0.36880	0.01072	0.00226	0.00262	0.00662	0.00330	0.00298
4	0.02411	0.00739	0.01237	0.40866	0.34447	0.00818	0.02282	0.01020	0.00806	0.01103	0.00837	0.05040	0.00740	0.00441	0.00390	0.00125	0.00459	0.05559	0.00197	0.00483
5	0.01691	0.00663	0.00891	0.00683	0.00977	0.00583	0.00564	0.05185	0.01114	0.81192	0.01472	0.01275	0.00927	0.00469	0.00381	0.00117	0.00327	0.00380	0.00466	0.00645
6	0.00513	0.00371	0.00423	0.00431	0.00476	0.00352	0.00278	0.00563	0.00694	0.00900	0.08000	0.12547	0.23290	0.44964	0.04366	0.00271	0.00315	0.00682	0.00289	0.00276
7	0.89350	0.00733	0.00557	0.00499	0.00733	0.00851	0.00411	0.01115	0.00645	0.01702	0.00528	0.00616	0.00411	0.00352	0.00235	0.00117	0.00293	0.00205	0.00235	0.00411
8	0.00761	0.01962	0.84707	0.01081	0.01641	0.00881	0.01401	0.01201	0.00801	0.01201	0.00681	0.00801	0.00480	0.00360	0.00360	0.00120	0.00560	0.00280	0.00160	0.00560
9	0.00490	0.00399	0.00425	0.00433	0.00542	0.00355	0.00322	0.00614	0.03505	0.01025	0.04209	0.06735	0.61657	0.10094	0.00612	0.00158	0.00228	0.07533	0.00341	0.00322
10	0.89350	0.00733	0.00557	0.00499	0.00733	0.00851	0.00411	0.01115	0.00645	0.01702	0.00528	0.00616	0.00411	0.00352	0.00235	0.00117	0.00293	0.00205	0.00235	0.00411
11	0.00465	0.00332	0.00444	0.00532	0.00555	0.00311	0.00358	0.00534	0.00729	0.00972	0.02089	0.84662	0.02501	0.01185	0.00485	0.00154	0.00223	0.02808	0.00352	0.00309
12	0.01014	0.86900	0.01987	0.00649	0.00973	0.01501	0.00649	0.01136	0.00771	0.00892	0.00527	0.00608	0.00487	0.00324	0.00243	0.00081	0.00406	0.00203	0.00162	0.00487
13	0.00542	0.00406	0.00610	0.00610	0.00677	0.00474	0.00474	0.00677	0.00610	0.00880	0.01016	0.01490	0.00948	0.02844	0.85169	0.00610	0.01016	0.00406	0.00203	0.00339
14	0.01036	0.84111	0.01952	0.00650	0.00973	0.01470	0.00646	0.01159	0.00781	0.03598	0.00559	0.00630	0.00501	0.00329	0.00248	0.00082	0.00403	0.00209	0.00172	0.00492
15	0.00723	0.00681	0.01150	0.83256	0.05064	0.00844	0.01057	0.00975	0.00762	0.00977	0.00675	0.01009	0.00508	0.00378	0.00379	0.00126	0.00504	0.00337	0.00169	0.00427
16	0.00489	0.00341	0.00432	0.00494	0.00509	0.00326	0.00315	0.00535	0.00674	0.00898	0.01821	0.61172	0.02169	0.26904	0.00919	0.00218	0.00264	0.00920	0.00315	0.00285
17	0.00818	0.00919	0.07602	0.00926	0.01007	0.08520	0.02329	0.00942	0.00653	0.00932	0.00639	0.00983	0.00603	0.03205	0.16677	0.00243	0.52072	0.00342	0.00177	0.00411
18	0.00577	0.00454	0.00660	0.00640	0.00695	0.00548	0.00498	0.00696	0.00602	0.00873	0.00968	0.01488	0.00928	0.09053	0.68740	0.00538	0.11096	0.00409	0.00201	0.00339
19	0.01466	0.00898	0.01021	0.00797	0.01086	0.00949	0.00654	0.47145	0.11377	0.28786	0.01175	0.01094	0.00801	0.00467	0.00381	0.00117	0.00373	0.00365	0.00409	0.00640
20	0.11275	0.08520	0.00980	0.00695	0.00976	0.03440	0.00572	0.27430	0.11983	0.03112	0.00921	0.00950	0.02231	0.00403	0.00324	0.00098	0.00348	0.00302	0.02737	0.22703
21	0.00923	0.00824	0.04054	0.08280	0.48240	0.00785	0.07301	0.01137	0.00875	0.08861	0.04905	0.02609	0.02969	0.00457	0.00422	0.02350	0.00431	0.03804	0.00235	0.00538
22	0.01001	0.17052	0.34639	0.03095	0.09231	0.04102	0.02015	0.09344	0.00923	0.08434	0.00738	0.00836	0.00553	0.00384	0.00384	0.00112	0.04393	0.00290	0.00215	0.02259
23	0.00736	0.02473	0.01056	0.02488	0.05732	0.00643	0.18933	0.01002	0.08299	0.04214	0.06117	0.10783	0.13118	0.00727	0.00471	0.00140	0.02397	0.19935	0.00305	0.00431
24	0.00895	0.01023	0.02238	0.01598	0.01982	0.00959	0.82928	0.01215	0.00895	0.01215	0.00767	0.01023	0.00575	0.00320	0.00448	0.00128	0.00639	0.00448	0.00192	0.00512
25	0.00686	0.00598	0.00951	0.09504	0.26823	0.00599	0.05390	0.00864	0.02160	0.01123	0.02676	0.28947	0.09575	0.00702	0.00418	0.00129	0.00340	0.01638	0.06445	0.00432
26	0.00710	0.02308	0.15609	0.08317	0.13408	0.00659	0.00765	0.00996	0.09636	0.02254	0.05427	0.22662	0.03852	0.03086	0.00494	0.02369	0.01580	0.04320	0.01103	0.00445
27	0.00598	0.00402	0.00520	0.00529	0.00585	0.00407	0.00387	0.00688	0.00712	0.03989	0.09154	0.03644	0.04743	0.36367	0.18326	0.00333	0.00468	0.17557	0.00282	0.00308
28	0.00548	0.00366	0.00415	0.00418	0.00419	0.00366	0.00234	0.00551	0.00558	0.00744	0.01227	0.05513	0.01420	0.83585	0.01878	0.00360	0.00362	0.00571	0.00234	0.00233
29	0.01874	0.01357	0.43176	0.09378	0.14804	0.00831	0.05520	0.02255	0.05282	0.01208	0.01028	0.03499	0.07259	0.00437	0.00380	0.00122	0.00484	0.00375	0.00204	0.00526
30	0.00853	0.02715	0.28629	0.06103	0.26830	0.00796	0.04689	0.02539	0.00851	0.06468	0.00976	0.10943	0.00875	0.00491	0.00392	0.00124	0.00457	0.04515	0.00226	0.00529
31	0.00895	0.01023	0.02238	0.01598	0.01982	0.00959	0.82928	0.01215	0.00895	0.01215	0.00767	0.01023	0.00575	0.00320	0.00448	0.00128	0.00639	0.00448	0.00192	0.00512
32	0.00462	0.00332	0.00438	0.00523	0.00549	0.00308	0.00350	0.00529	0.00731	0.00970	0.02156	0.83342	0.05548	0.01180	0.00483	0.00153	0.00219	0.01068	0.00352	0.00308
33	0.00899	0.22336	0.19453	0.05637	0.38343	0.01039	0.02177	0.01143	0.00818	0.01123	0.00700	0.00869	0.01732	0.00355	0.00356	0.00108	0.01888	0.00300	0.00177	0.00547
34	0.00483	0.00368	0.00447	0.00487	0.00557	0.00336	0.00346	0.00599	0.02549	0.01085	0.14767	0.44852	0.27279	0.01040	0.00467	0.00141	0.00211	0.03296	0.00362	0.00326
35	0.01198	0.00676	0.00804	0.00657	0.00877	0.00671	0.00524	0.26324	0.01210	0.29945	0.08542	0.08836	0.10521	0.04102	0.01847	0.00138	0.00327	0.00507	0.01764	0.00530
36	0.00936	0.03026	0.00706	0.00607	0.03407	0.00577	0.03100	0.08974	0.05748	0.13563	0.08521	0.01486	0.03885	0.00490	0.00345	0.00104	0.01478	0.00402	0.42187	0.00455
37	0.00812	0.07324	0.21379	0.05231	0.08135	0.02185	0.03864	0.12346	0.01913	0.01243	0.01174	0.19842	0.03180	0.07117	0.00512	0.00144	0.00416	0.02460	0.00255	0.00468

[dist]
# distance from previous block
# <min> <max>
1	19

[block]
# block no. 5 follows, 72 sequences, length 23
# corresponding to MSA columns:
# 604-626
name=unknown_F
#
# <colnr> <probs for GDERKNQSTAVLIFYWHMCP>
#	G	D	E	R	K	N	Q	S	T	A	V	L	I	F	Y	W	H	M	C	P
0	0.06241	0.11640	0.12445	0.03499	0.11474	0.09106	0.05172	0.04776	0.02469	0.02928	0.00711	0.00899	0.00586	0.00389	0.00405	0.00105	0.07303	0.02224	0.00211	0.17415
1	0.00579	0.00463	0.00627	0.00723	0.09794	0.00418	0.00465	0.00696	0.00794	0.01094	0.08027	0.44363	0.09424	0.00917	0.01770	0.00137	0.00268	0.04504	0.00316	0.14620
2	0.03433	0.00644	0.00747	0.00554	0.00853	0.00509	0.00441	0.02644	0.00844	0.01314	0.12470	0.01073	0.00985	0.00357	0.00305	0.00068	0.00270	0.00292	0.00255	0.71941
3	0.00475	0.00335	0.00436	0.00512	0.00531	0.00316	0.00335	0.00531	0.00701	0.00935	0.01964	0.74556	0.02349	0.13274	0.00689	0.00184	0.00241	0.01004	0.00335	0.00297
4	0.00552	0.00368	0.00414	0.00414	0.00414	0.00368	0.00230	0.00552	0.00552	0.00735	0.01195	0.02482	0.01379	0.86672	0.01930	0.00368	0.00368	0.00552	0.00230	0.00230
5	0.00462	0.00330	0.00440	0.00528	0.00550	0.00308	0.00352	0.00528	0.00726	0.00968	0.02090	0.86424	0.02508	0.01188	0.00484	0.00154	0.00220	0.01078	0.00352	0.00308
6	0.00830	0.00830	0.01162	0.00996	0.00996	0.01162	0.00830	0.00913	0.00581	0.00913	0.00498	0.00830	0.00498	0.00664	0.01245	0.00166	0.85977	0.00332	0.00166	0.00415
7	0.00695	0.00495	0.00652	0.00700	0.00808	0.00506	0.00604	0.09225	0.00960	0.01267	0.01874	0.06335	0.01997	0.00972	0.00500	0.00165	0.00347	0.68411	0.03109	0.00378
8	0.00716	0.00674	0.01138	0.85760	0.02612	0.00843	0.01053	0.00969	0.00758	0.00969	0.00674	0.01011	0.00506	0.00379	0.00379	0.00126	0.00506	0.00337	0.00169	0.00421
9	0.01453	0.03554	0.01032	0.00819	0.01079	0.25916	0.00655	0.26432	0.04270	0.26789	0.01092	0.01051	0.03218	0.00454	0.00367	0.00110	0.00456	0.00338	0.00345	0.00568
10	0.01201	0.00546	0.00653	0.00540	0.00737	0.00520	0.00433	0.09263	0.01014	0.36820	0.01315	0.01313	0.00926	0.00455	0.00326	0.00103	0.00262	0.00364	0.42703	0.00506
11	0.06602	0.07682	0.00736	0.00561	0.00721	0.06349	0.00448	0.08072	0.03411	0.10343	0.01952	0.02243	0.02231	0.04408	0.00428	0.00115	0.04832	0.00356	0.38074	0.00434
12	0.03500	0.41962	0.15178	0.00847	0.05889	0.04633	0.00789	0.06854	0.02165	0.13814	0.00754	0.00799	0.00580	0.00368	0.00306	0.00099	0.00429	0.00265	0.00232	0.00538
13	0.00997	0.81110	0.07626	0.00678	0.01019	0.01458	0.00700	0.01140	0.00773	0.00913	0.00538	0.00621	0.00486	0.00327	0.00251	0.00084	0.00416	0.00208	0.00162	0.00492
14	0.00539	0.00362	0.00417	0.00430	0.00433	0.00359	0.00247	0.00548	0.00576	0.00768	0.01322	0.14349	0.01538	0.74586	0.01726	0.00337	0.00347	0.00626	0.00247	0.00241
15	0.02124	0.00464	0.03797	0.00548	0.03213	0.00387	0.00412	0.00685	0.00884	0.02710	0.23644	0.21191	0.30406	0.00888	0.00443	0.00131	0.00228	0.04484	0.03004	0.00355
16	0.04120	0.11779	0.17664	0.04381	0.04974	0.05257	0.06528	0.11485	0.12252	0.13920	0.00925	0.00966	0.00675	0.00406	0.00368	0.00114	0.01643	0.00326	0.00274	0.01943
17	0.00539	0.00447	0.00481	0.00476	0.00605	0.00421	0.00364	0.00788	0.12849	0.01158	0.10991	0.07311	0.55278	0.00895	0.00446	0.00132	0.00218	0.05873	0.00363	0.00366
18	0.00483	0.00354	0.00452	0.00518	0.00565	0.00329	0.00366	0.00567	0.00769	0.01005	0.05221	0.57717	0.15203	0.04808	0.00544	0.00160	0.00235	0.10041	0.00349	0.00313
19	0.06130	0.13960	0.08456	0.06613	0.29538	0.03197	0.06699	0.05216	0.01793	0.01208	0.03121	0.03527	0.00750	0.04704	0.03408	0.00142	0.00465	0.00356	0.00209	0.00506
20	0.00848	0.00834	0.03887	0.06419	0.32189	0.03617	0.03299	0.01051	0.00828	0.01198	0.00771	0.03505	0.00675	0.00366	0.00345	0.00094	0.00392	0.02782	0.00211	0.36690
21	0.00562	0.00403	0.00526	0.07203	0.00661	0.00435	0.00363	0.00620	0.00584	0.00794	0.01104	0.02088	0.01189	0.56398	0.25108	0.00416	0.00560	0.00494	0.00218	0.00275
22	0.00576	0.00513	0.02936	0.00521	0.00641	0.03338	0.00403	0.04680	0.03332	0.01167	0.15114	0.23189	0.36035	0.00986	0.03707	0.00150	0.00272	0.01732	0.00348	0.00359

[dist]
# distance from previous block
# <min> <max>
4	43

[block]
# block no. 6 follows, 72 sequences, length 21
# corresponding to MSA columns:
# 670-690
name=unknown_G
#
# <colnr> <probs for GDERKNQSTAVLIFYWHMCP>
#	G	D	E	R	K	N	Q	S	T	A	V	L	I	F	Y	W	H	M	C	P
0	0.07000	0.01037	0.01179	0.08736	0.36147	0.21062	0.00876	0.03286	0.03513	0.01220	0.05859	0.02838	0.00793	0.00412	0.00375	0.00111	0.01680	0.00343	0.00221	0.03315
1	0.32954	0.00500	0.00481	0.00473	0.00568	0.00540	0.00332	0.00770	0.00636	0.01156	0.03376	0.12092	0.01260	0.38487	0.01030	0.00235	0.00317	0.04222	0.00257	0.00314
2	0.00517	0.00379	0.00485	0.00475	0.00559	0.00347	0.00350	0.00672	0.01004	0.01394	0.64627	0.14488	0.11586	0.00851	0.00452	0.00125	0.00186	0.00752	0.00402	0.00347
3	0.00621	0.00446	0.00550	0.00509	0.00625	0.00429	0.00386	0.00892	0.10467	0.04848	0.63116	0.02692	0.11448	0.00752	0.00438	0.00121	0.00200	0.00656	0.00409	0.00393
4	0.00830	0.00830	0.01162	0.00996	0.00996	0.01162	0.00830	0.00913	0.00581	0.00913	0.00498	0.00830	0.00498	0.00664	0.01245	0.00166	0.85977	0.00332	0.00166	0.00415
5	0.01442	0.01062	0.01138	0.00873	0.01176	0.01176	0.00721	0.83041	0.01783	0.02390	0.00911	0.00911	0.00645	0.00455	0.00379	0.00114	0.00417	0.00341	0.00379	0.00645
6	0.00551	0.00371	0.00431	0.00431	0.00437	0.00377	0.00251	0.00563	0.00557	0.00748	0.01179	0.02394	0.01341	0.79255	0.09295	0.00389	0.00425	0.00539	0.00227	0.00239
7	0.00993	0.00839	0.00885	0.00782	0.01005	0.00966	0.00612	0.10016	0.75540	0.01666	0.01481	0.01365	0.01107	0.00509	0.00385	0.00127	0.00312	0.00420	0.00385	0.00605
8	0.67905	0.21652	0.00905	0.00535	0.00792	0.01009	0.00469	0.01120	0.00676	0.01505	0.00528	0.00614	0.00429	0.00345	0.00237	0.00109	0.00321	0.00205	0.00217	0.00429
9	0.04227	0.06544	0.03415	0.00817	0.01092	0.02725	0.00681	0.41584	0.31410	0.01916	0.01090	0.01057	0.00806	0.00461	0.00367	0.00117	0.00379	0.00356	0.00353	0.00604
10	0.00774	0.00770	0.12456	0.00823	0.08665	0.00603	0.01602	0.06977	0.06830	0.05501	0.18468	0.18345	0.03980	0.00667	0.00436	0.02613	0.00319	0.00560	0.00314	0.09297
11	0.00931	0.09042	0.35526	0.01142	0.08407	0.05413	0.13216	0.06347	0.03275	0.05146	0.00849	0.02330	0.00684	0.01463	0.00395	0.00122	0.00510	0.04449	0.00217	0.00536
12	0.00835	0.22052	0.48094	0.00910	0.01328	0.00970	0.03015	0.01134	0.00796	0.04479	0.00863	0.07187	0.02938	0.00443	0.00377	0.00115	0.03408	0.00345	0.00194	0.00515
13	0.00806	0.00552	0.00688	0.00750	0.00827	0.00504	0.00552	0.00852	0.00940	0.05040	0.02215	0.52674	0.02476	0.01231	0.00586	0.00199	0.00350	0.27868	0.00429	0.00459
14	0.00933	0.08030	0.27813	0.06257	0.11923	0.08030	0.11864	0.06687	0.04481	0.02092	0.00769	0.00960	0.00603	0.01539	0.00417	0.00120	0.03358	0.01477	0.02122	0.00526
15	0.00962	0.13383	0.13464	0.10010	0.32403	0.05734	0.06872	0.05271	0.00898	0.03919	0.00799	0.00958	0.02932	0.00373	0.00360	0.00111	0.00479	0.00327	0.00202	0.00541
16	0.00474	0.00362	0.00449	0.00498	0.00556	0.00337	0.00351	0.00559	0.00782	0.01015	0.07119	0.52558	0.25964	0.01131	0.02751	0.00157	0.01863	0.02405	0.00348	0.00318
17	0.00499	0.00412	0.03109	0.02153	0.00634	0.00358	0.00401	0.01875	0.00796	0.01058	0.09849	0.62214	0.11917	0.01068	0.00470	0.00146	0.00234	0.02128	0.00349	0.00330
18	0.02811	0.14504	0.05929	0.03287	0.11521	0.16995	0.10872	0.11638	0.01035	0.15569	0.00836	0.01903	0.00632	0.00394	0.00357	0.00109	0.00487	0.00324	0.00259	0.00541
19	0.00551	0.00432	0.00634	0.09239	0.02107	0.00440	0.03608	0.02214	0.00778	0.01047	0.06152	0.57354	0.03199	0.01063	0.03759	0.00164	0.01603	0.03814	0.01496	0.00346
20	0.33310	0.07385	0.06254	0.00830	0.07163	0.01021	0.00669	0.32247	0.02549	0.01822	0.00718	0.00781	0.00541	0.00390	0.00312	0.00112	0.00377	0.00276	0.00278	0.02966

[dist]
# distance from previous block
# <min> <max>
0	8

[block]
# block no. 7 follows, 72 sequences, length 20
# corresponding to MSA columns:
# 699-718
name=unknown_H
#
# <colnr> <probs for GDERKNQSTAVLIFYWHMCP>
#	G	D	E	R	K	N	Q	S	T	A	V	L	I	F	Y	W	H	M	C	P
0	0.00710	0.00462	0.00523	0.00491	0.00578	0.00465	0.00349	0.10656	0.00858	0.03656	0.08546	0.06826	0.08554	0.32447	0.02922	0.00221	0.00311	0.03861	0.17217	0.00346
1	0.00596	0.03129	0.00646	0.00605	0.02014	0.00524	0.00443	0.02517	0.00628	0.00882	0.01024	0.01687	0.01023	0.25422	0.53580	0.00492	0.03816	0.00434	0.00212	0.00327
2	0.00468	0.00381	0.00402	0.00402	0.00510	0.00328	0.00292	0.00562	0.00852	0.01046	0.11814	0.06396	0.65125	0.09038	0.00589	0.00151	0.00208	0.00775	0.00347	0.00315
3	0.60233	0.00842	0.00750	0.00623	0.00880	0.00959	0.00513	0.28251	0.01022	0.01930	0.00655	0.00714	0.00488	0.00386	0.00283	0.00116	0.00334	0.00250	0.00283	0.00488
4	0.00525	0.00390	0.00482	0.00504	0.00586	0.00362	0.00385	0.00649	0.00875	0.01152	0.25511	0.12546	0.23803	0.10447	0.00634	0.00166	0.00248	0.20050	0.00356	0.00326
5	0.01417	0.01808	0.01075	0.00977	0.01172	0.85149	0.00733	0.01514	0.01075	0.00928	0.00586	0.00684	0.00489	0.00391	0.00342	0.00098	0.00684	0.00244	0.00195	0.00440
6	0.82518	0.00817	0.00598	0.00536	0.00768	0.07401	0.00436	0.01146	0.00679	0.01641	0.00533	0.00621	0.00417	0.00355	0.00243	0.00116	0.00324	0.00208	0.00232	0.00413
7	0.00947	0.00445	0.00501	0.00449	0.00591	0.00432	0.00350	0.01165	0.05359	0.20395	0.01313	0.01386	0.00975	0.00452	0.00298	0.00097	0.00217	0.00364	0.63830	0.00433
8	0.08699	0.01035	0.01090	0.00842	0.01140	0.01149	0.00695	0.76278	0.01689	0.02333	0.00879	0.00886	0.00626	0.00447	0.00367	0.00114	0.00407	0.00330	0.00367	0.00626
9	0.00484	0.00342	0.00447	0.00523	0.00546	0.00325	0.00351	0.00548	0.00711	0.00946	0.01958	0.69274	0.02327	0.13357	0.00693	0.00186	0.00249	0.06103	0.00334	0.00300
10	0.00835	0.00802	0.01384	0.40564	0.43472	0.00877	0.04456	0.01077	0.00817	0.01114	0.00698	0.00975	0.00556	0.00356	0.00380	0.00120	0.00484	0.00342	0.00179	0.00515
11	0.01042	0.12450	0.03114	0.00788	0.01027	0.07387	0.00651	0.12283	0.47848	0.02597	0.01236	0.02518	0.01908	0.00488	0.00389	0.00119	0.02880	0.00381	0.00329	0.00565
12	0.00941	0.07850	0.46539	0.01033	0.02405	0.02424	0.09234	0.11071	0.04140	0.05505	0.00794	0.00911	0.00584	0.00382	0.00364	0.00115	0.00506	0.01295	0.00219	0.03687
13	0.00887	0.09333	0.56425	0.00997	0.01457	0.00978	0.02765	0.13303	0.03228	0.01344	0.00732	0.00842	0.00540	0.00455	0.02869	0.00132	0.02661	0.00295	0.00201	0.00556
14	0.10895	0.01524	0.01008	0.00896	0.01110	0.59430	0.00686	0.10878	0.07924	0.01234	0.00696	0.00763	0.00553	0.00404	0.00338	0.00104	0.00579	0.00266	0.00237	0.00473
15	0.00476	0.00356	0.00433	0.00485	0.00549	0.00323	0.00344	0.00566	0.00797	0.01035	0.06695	0.49421	0.28109	0.01068	0.00467	0.00144	0.00215	0.05440	0.02758	0.00318
16	0.00906	0.17594	0.37244	0.01115	0.07658	0.02042	0.14233	0.02578	0.00853	0.06276	0.02016	0.04371	0.00666	0.00394	0.00361	0.00114	0.00501	0.00342	0.00202	0.00533
17	0.00861	0.00651	0.00647	0.00587	0.00731	0.10549	0.00456	0.07818	0.05098	0.08095	0.32934	0.02096	0.05623	0.00631	0.00393	0.00115	0.00287	0.05637	0.16367	0.00423
18	0.00899	0.00467	0.00598	0.00533	0.00687	0.00418	0.00411	0.01052	0.02261	0.28102	0.28705	0.14412	0.15231	0.00749	0.00424	0.00124	0.00235	0.00646	0.03603	0.00441
19	0.00984	0.02057	0.06182	0.21287	0.37278	0.04585	0.01003	0.08589	0.02508	0.06438	0.00775	0.00953	0.00599	0.00370	0.00369	0.00113	0.00457	0.00328	0.00222	0.04904

[dist]
# distance from previous block
# <min> <max>
0	1

[block]
# block no. 8 follows, 72 sequences, length 28
# corresponding to MSA columns:
# 720-747
name=unknown_I
#
# <colnr> <probs for GDERKNQSTAVLIFYWHMCP>
#	G	D	E	R	K	N	Q	S	T	A	V	L	I	F	Y	W	H	M	C	P
0	0.00899	0.03526	0.11317	0.06812	0.19049	0.00825	0.12919	0.05034	0.03851	0.08418	0.01039	0.14766	0.00945	0.00536	0.00469	0.00128	0.07120	0.01589	0.00251	0.00508
1	0.00497	0.00378	0.00427	0.00429	0.00531	0.00334	0.00318	0.00621	0.00907	0.01195	0.26994	0.11768	0.44772	0.00893	0.00439	0.00126	0.00192	0.02011	0.06833	0.00333
2	0.00809	0.04123	0.00841	0.00571	0.00907	0.00559	0.00463	0.02598	0.00806	0.01245	0.00673	0.00782	0.00560	0.00286	0.00281	0.00058	0.00289	0.00226	0.00225	0.83697
3	0.00538	0.00402	0.00541	0.02454	0.05812	0.00379	0.00423	0.00645	0.01876	0.02804	0.05697	0.59019	0.13276	0.01032	0.00463	0.00144	0.00241	0.02455	0.00342	0.01456
4	0.02411	0.43132	0.19098	0.00837	0.02127	0.08041	0.02792	0.10022	0.01849	0.04492	0.00663	0.00740	0.00530	0.00364	0.00316	0.00099	0.01503	0.00256	0.00205	0.00523
5	0.00808	0.00770	0.01316	0.47574	0.36659	0.00860	0.02840	0.01048	0.00805	0.01087	0.00718	0.02544	0.00583	0.00375	0.00381	0.00121	0.00480	0.00353	0.00180	0.00496
6	0.00465	0.00341	0.00437	0.00512	0.00552	0.00314	0.00351	0.00538	0.00751	0.00981	0.02342	0.71864	0.14367	0.01151	0.00480	0.00151	0.00220	0.03520	0.00352	0.00311
7	0.00535	0.00397	0.00529	0.00592	0.00637	0.00402	0.00447	0.00632	0.00758	0.01003	0.02000	0.45610	0.06505	0.07350	0.00644	0.00175	0.05174	0.25956	0.00332	0.00322
8	0.00462	0.00353	0.00425	0.00475	0.00538	0.00316	0.00330	0.00547	0.00798	0.01026	0.08380	0.51878	0.30945	0.01080	0.00469	0.00143	0.00207	0.00954	0.00357	0.00316
9	0.00761	0.01962	0.84707	0.01081	0.01641	0.00881	0.01401	0.01201	0.00801	0.01201	0.00681	0.00801	0.00480	0.00360	0.00360	0.00120	0.00560	0.00280	0.00160	0.00560
10	0.00943	0.00815	0.00858	0.00772	0.00986	0.00943	0.00600	0.02015	0.83621	0.01586	0.01544	0.01415	0.01158	0.00515	0.00386	0.00129	0.00300	0.00429	0.00386	0.00600
11	0.01014	0.86900	0.01987	0.00649	0.00973	0.01501	0.00649	0.01136	0.00771	0.00892	0.00527	0.00608	0.00487	0.00324	0.00243	0.00081	0.00406	0.00203	0.00162	0.00487
12	0.05948	0.00692	0.00891	0.00686	0.00978	0.00635	0.00567	0.10083	0.01135	0.72158	0.01389	0.01219	0.00883	0.00462	0.00374	0.00117	0.00331	0.00369	0.00449	0.00634
13	0.00786	0.00674	0.00786	0.00562	0.00899	0.00506	0.00449	0.00955	0.00786	0.01236	0.00674	0.00786	0.00562	0.00281	0.00281	0.00056	0.00281	0.00225	0.00225	0.88990
14	0.00659	0.00329	0.00494	0.00494	0.00494	0.00329	0.00329	0.00494	0.00494	0.00659	0.00659	0.01153	0.00659	0.01318	0.01482	0.88966	0.00329	0.00329	0.00165	0.00165
15	0.00707	0.00353	0.00353	0.00353	0.00442	0.00353	0.00265	0.00884	0.00795	0.01414	0.01237	0.01414	0.00972	0.00442	0.00265	0.00088	0.00177	0.00353	0.88777	0.00353
16	0.04592	0.16032	0.63350	0.00968	0.01463	0.00978	0.01196	0.02586	0.00814	0.03755	0.00678	0.00778	0.00495	0.00359	0.00336	0.00113	0.00514	0.00268	0.00177	0.00546
17	0.00463	0.00384	0.00406	0.00407	0.00527	0.00327	0.00306	0.00569	0.00884	0.01081	0.12660	0.05873	0.70720	0.00949	0.00451	0.00129	0.00196	0.02983	0.00359	0.00325
18	0.00771	0.00730	0.01237	0.65146	0.22796	0.00857	0.01081	0.01017	0.00784	0.01036	0.00684	0.00993	0.00529	0.00369	0.00378	0.00123	0.00492	0.00337	0.00173	0.00466
19	0.00829	0.00777	0.01264	0.34118	0.39508	0.00815	0.01007	0.01055	0.00811	0.01135	0.00692	0.00942	0.00558	0.00345	0.00362	0.00109	0.00444	0.00319	0.00186	0.14724
20	0.01148	0.00920	0.00998	0.00869	0.04065	0.01038	0.00670	0.35359	0.46931	0.01905	0.01253	0.01190	0.00926	0.00484	0.00383	0.00122	0.00354	0.00390	0.00376	0.00619
21	0.00913	0.00861	0.01158	0.00979	0.01020	0.01164	0.00815	0.12026	0.00744	0.01113	0.00554	0.00841	0.00518	0.00636	0.01128	0.00159	0.74400	0.00333	0.00195	0.00446
22	0.01334	0.07905	0.13744	0.00731	0.01063	0.00712	0.00688	0.05563	0.01002	0.47502	0.02261	0.02279	0.00823	0.00435	0.00371	0.00109	0.01733	0.00344	0.00357	0.11045
23	0.13131	0.00922	0.00968	0.00760	0.01033	0.01011	0.00625	0.58602	0.01489	0.07991	0.00932	0.00946	0.00665	0.00441	0.00349	0.00112	0.00371	0.00327	0.08739	0.00586
24	0.00661	0.00472	0.00650	0.00614	0.00676	0.00544	0.00464	0.03171	0.00650	0.05068	0.01018	0.01617	0.00986	0.21808	0.48925	0.01924	0.09757	0.00428	0.00223	0.00343
25	0.03218	0.00967	0.07142	0.05209	0.48138	0.02312	0.08179	0.06517	0.00911	0.02658	0.00728	0.00913	0.00583	0.00344	0.00366	0.00109	0.00453	0.00326	0.00208	0.10717
26	0.00549	0.00418	0.00559	0.00574	0.00619	0.01885	0.00418	0.00640	0.00645	0.00892	0.02861	0.23504	0.01436	0.14683	0.43667	0.01935	0.03551	0.00600	0.00247	0.00316
27	0.00487	0.00372	0.00462	0.00515	0.00570	0.00352	0.00362	0.00593	0.02878	0.01022	0.05712	0.57696	0.21216	0.01086	0.00491	0.00147	0.02219	0.03145	0.00351	0.00324

[dist]
# distance from previous block
# <min> <max>
1	52

[block]
# block no. 9 follows, 72 sequences, length 9
# corresponding to MSA columns:
# 802-810
name=unknown_J
#
# <colnr> <probs for GDERKNQSTAVLIFYWHMCP>
#	G	D	E	R	K	N	Q	S	T	A	V	L	I	F	Y	W	H	M	C	P
0	0.03242	0.05960	0.05230	0.02632	0.05261	0.03421	0.10491	0.04317	0.04158	0.04397	0.06581	0.10807	0.03152	0.17739	0.03270	0.00181	0.00406	0.01314	0.00263	0.07177
1	0.00685	0.02448	0.11314	0.00790	0.04879	0.01898	0.05365	0.07934	0.03407	0.01178	0.01632	0.45816	0.05410	0.00839	0.00435	0.00136	0.00331	0.02092	0.00304	0.03106
2	0.02597	0.03315	0.02521	0.04907	0.05853	0.00567	0.00527	0.00942	0.04346	0.03637	0.00781	0.04076	0.00684	0.00563	0.00561	0.18963	0.00322	0.00304	0.00223	0.44311
3	0.00539	0.00397	0.00509	0.00500	0.00565	0.00406	0.00355	0.00629	0.00676	0.00926	0.09071	0.04166	0.12485	0.29537	0.33910	0.00391	0.00573	0.00541	0.00256	0.03570
4	0.00913	0.02560	0.08083	0.10596	0.18514	0.06693	0.02605	0.05258	0.05488	0.03136	0.03318	0.00954	0.00689	0.00361	0.00344	0.00096	0.00409	0.00306	0.00230	0.29449
5	0.02956	0.00807	0.00953	0.00777	0.01002	0.00865	0.04287	0.41631	0.05848	0.07085	0.11927	0.08021	0.04821	0.00603	0.00430	0.00124	0.02721	0.04238	0.00368	0.00535
6	0.00603	0.00414	0.00548	0.00560	0.03439	0.00381	0.00401	0.00758	0.00990	0.06213	0.53849	0.14479	0.10626	0.00830	0.00450	0.00127	0.00211	0.04355	0.00394	0.00372
7	0.00976	0.00949	0.01463	0.08209	0.69312	0.06181	0.01108	0.04997	0.00912	0.01254	0.00712	0.00927	0.00589	0.00350	0.00374	0.00113	0.00468	0.00332	0.00196	0.00580
8	0.01011	0.00840	0.01294	0.18583	0.43463	0.00881	0.00983	0.13986	0.00993	0.07382	0.00800	0.00984	0.00621	0.00442	0.02748	0.00128	0.00457	0.00339	0.00236	0.03828

[dist]
