[name]
unknown

[dist]
# distance from previous block
# <min> <max>
0	45

[block]
# block no. 0 follows, 62 sequences, length 8
# corresponding to MSA columns:
# 45-52
name=unknown_A
#
# <colnr> <probs for GDERKNQSTAVLIFYWHMCP>
#	G	D	E	R	K	N	Q	S	T	A	V	L	I	F	Y	W	H	M	C	P
0	0.31326	0.00924	0.00959	0.00774	0.01075	0.00994	0.00641	0.31467	0.01333	0.21143	0.01084	0.01178	0.00788	0.00505	0.00378	0.00133	0.00392	0.03897	0.00392	0.00619
1	0.01013	0.00970	0.01654	0.15847	0.69473	0.01000	0.01286	0.01270	0.00950	0.01341	0.00793	0.01066	0.00657	0.00387	0.00422	0.00129	0.00516	0.00379	0.00207	0.00641
2	0.74000	0.00883	0.00731	0.00628	0.00904	0.01014	0.00517	0.14212	0.00932	0.02035	0.00662	0.00745	0.00504	0.00414	0.00290	0.00131	0.00352	0.00255	0.00290	0.00504
3	0.05417	0.01325	0.23812	0.05042	0.46095	0.01019	0.01284	0.06019	0.03342	0.01481	0.00818	0.01009	0.00643	0.00402	0.00409	0.00130	0.00526	0.00357	0.00223	0.00646
4	0.01367	0.01623	0.01371	0.07612	0.26357	0.52018	0.00997	0.01534	0.01107	0.01152	0.00709	0.00882	0.00588	0.00419	0.00398	0.00117	0.00672	0.00314	0.00214	0.00547
5	0.32753	0.00942	0.01326	0.01864	0.52670	0.00990	0.00998	0.01286	0.00880	0.01579	0.00725	0.00921	0.00596	0.00385	0.00364	0.00128	0.00441	0.00325	0.00230	0.00596
6	0.04761	0.08579	0.06621	0.01589	0.33076	0.04801	0.06147	0.08867	0.06489	0.02735	0.04583	0.02669	0.00914	0.00462	0.00408	0.00126	0.00478	0.01603	0.02441	0.02651
7	0.23229	0.01039	0.02576	0.09790	0.05517	0.06978	0.02781	0.23812	0.03879	0.03221	0.02216	0.01014	0.00700	0.00584	0.03589	0.00156	0.07706	0.00350	0.00299	0.00564

[dist]
# distance from previous block
# <min> <max>
4	14

[block]
# block no. 1 follows, 62 sequences, length 8
# corresponding to MSA columns:
# 67-74
name=unknown_B
#
# <colnr> <probs for GDERKNQSTAVLIFYWHMCP>
#	G	D	E	R	K	N	Q	S	T	A	V	L	I	F	Y	W	H	M	C	P
0	0.32553	0.00994	0.06568	0.01048	0.14674	0.02619	0.00745	0.07316	0.15505	0.01711	0.00923	0.01056	0.00734	0.03890	0.00427	0.00138	0.00402	0.00336	0.00289	0.08071
1	0.01459	0.01043	0.01186	0.01001	0.04921	0.01145	0.00778	0.52436	0.10174	0.10216	0.01217	0.06586	0.00944	0.00577	0.00477	0.00135	0.04160	0.00451	0.00414	0.00680
2	0.16132	0.01335	0.01126	0.01021	0.06488	0.29716	0.00758	0.22248	0.01318	0.14579	0.00912	0.00947	0.00667	0.00460	0.00384	0.00123	0.00535	0.00326	0.00328	0.00596
3	0.71706	0.00904	0.00757	0.00721	0.05147	0.04879	0.00546	0.05132	0.00841	0.05197	0.00672	0.00761	0.00513	0.00407	0.00292	0.00130	0.00367	0.00256	0.00277	0.00497
4	0.04723	0.00875	0.01225	0.01165	0.09116	0.01132	0.00879	0.01039	0.00705	0.01120	0.00655	0.01003	0.00621	0.00906	0.09297	0.00219	0.58315	0.00367	0.00201	0.06438
5	0.08783	0.01048	0.01235	0.01216	0.14870	0.05037	0.00853	0.25379	0.10271	0.05203	0.00933	0.01044	0.00726	0.00523	0.00602	0.00138	0.17416	0.00370	0.00315	0.04037
6	0.12343	0.01057	0.01113	0.07837	0.04087	0.07373	0.00766	0.41032	0.03236	0.06701	0.01048	0.02500	0.02107	0.00688	0.06076	0.00168	0.00512	0.00387	0.00354	0.00613
7	0.10584	0.01111	0.01312	0.21427	0.24874	0.13542	0.01000	0.15198	0.04244	0.01560	0.00820	0.01005	0.00639	0.00432	0.00401	0.00129	0.00528	0.00351	0.00258	0.00584

[dist]
# distance from previous block
# <min> <max>
9	35

[block]
# block no. 2 follows, 62 sequences, length 85
# corresponding to MSA columns:
# 110-194
name=unknown_C
#
# <colnr> <probs for GDERKNQSTAVLIFYWHMCP>
#	G	D	E	R	K	N	Q	S	T	A	V	L	I	F	Y	W	H	M	C	P
0	0.21372	0.08131	0.09223	0.01072	0.11563	0.11450	0.03311	0.06901	0.09414	0.03863	0.05227	0.01215	0.03497	0.00484	0.00379	0.00128	0.00461	0.01462	0.00287	0.00560
1	0.03352	0.08147	0.05028	0.04174	0.13097	0.06668	0.00843	0.15390	0.19365	0.10156	0.02584	0.02717	0.00959	0.02130	0.00469	0.00137	0.02532	0.01290	0.00339	0.00623
2	0.03274	0.09856	0.04794	0.04038	0.35361	0.21271	0.01037	0.10672	0.01128	0.02416	0.00819	0.00974	0.01682	0.00421	0.00394	0.00120	0.00557	0.00340	0.00241	0.00607
3	0.00612	0.00429	0.00484	0.00480	0.00499	0.00430	0.00287	0.00629	0.00666	0.00875	0.01701	0.04140	0.11513	0.71009	0.01914	0.00369	0.02755	0.00655	0.00275	0.00278
4	0.00884	0.00763	0.00899	0.00650	0.01013	0.00597	0.00521	0.01070	0.00873	0.01372	0.00748	0.00884	0.00627	0.00332	0.00358	0.00068	0.03681	0.00257	0.00249	0.84151
5	0.00827	0.00556	0.00680	0.00616	0.00766	0.00548	0.00470	0.01203	0.16271	0.10497	0.53133	0.02714	0.06014	0.03164	0.00528	0.00144	0.00250	0.00679	0.00459	0.00482
6	0.01092	0.01081	0.01671	0.02461	0.74630	0.06901	0.01256	0.01357	0.02934	0.01375	0.00813	0.01046	0.00680	0.00388	0.00419	0.00126	0.00520	0.00374	0.00217	0.00661
7	0.00526	0.00382	0.00499	0.00589	0.00628	0.00354	0.00404	0.00609	0.00837	0.01102	0.02506	0.73686	0.09495	0.01303	0.00542	0.00172	0.00252	0.05371	0.00395	0.00349
8	0.07636	0.00725	0.00955	0.00740	0.01060	0.00643	0.00610	0.01994	0.01185	0.75745	0.03145	0.01431	0.01070	0.00524	0.00418	0.00132	0.00357	0.00421	0.00508	0.00700
9	0.00686	0.00490	0.00686	0.00784	0.00882	0.00490	0.00686	0.00882	0.00980	0.01273	0.02253	0.04800	0.02449	0.01175	0.00588	0.00196	0.00392	0.79528	0.00392	0.00392
10	0.00739	0.00370	0.00554	0.00554	0.00554	0.00370	0.00370	0.00554	0.00554	0.00739	0.00739	0.01293	0.00739	0.01478	0.01663	0.87620	0.00370	0.00370	0.00185	0.00185
11	0.01138	0.85302	0.02230	0.00728	0.01092	0.01684	0.00728	0.01274	0.00865	0.01001	0.00592	0.00683	0.00546	0.00364	0.00273	0.00091	0.00455	0.00228	0.00182	0.00546
12	0.00619	0.00413	0.00464	0.00464	0.00464	0.00413	0.00258	0.00619	0.00619	0.00825	0.01341	0.02785	0.01547	0.85046	0.02166	0.00413	0.00413	0.00619	0.00258	0.00258
13	0.01175	0.73951	0.04745	0.00782	0.01140	0.10141	0.00765	0.01321	0.00901	0.01017	0.00604	0.00698	0.00546	0.00373	0.00289	0.00094	0.00493	0.00235	0.00186	0.00543
14	0.00944	0.00970	0.01521	0.01239	0.01316	0.01262	0.15309	0.01085	0.00715	0.01085	0.00613	0.00970	0.00574	0.00675	0.01235	0.00179	0.69235	0.00396	0.00191	0.00485
15	0.00793	0.00397	0.00397	0.00397	0.00496	0.00397	0.00297	0.00991	0.00892	0.01586	0.01388	0.01586	0.01091	0.00496	0.00297	0.00099	0.00198	0.00397	0.87408	0.00397
16	0.01138	0.85302	0.02230	0.00728	0.01092	0.01684	0.00728	0.01274	0.00865	0.01001	0.00592	0.00683	0.00546	0.00364	0.00273	0.00091	0.00455	0.00228	0.00182	0.00546
17	0.00882	0.00756	0.00882	0.00630	0.01008	0.00567	0.00504	0.01071	0.00882	0.01387	0.00756	0.00882	0.00630	0.00315	0.00315	0.00063	0.00315	0.00252	0.00252	0.87647
18	0.01053	0.01011	0.01727	0.02612	0.82392	0.01011	0.01306	0.01306	0.00969	0.01390	0.00800	0.01053	0.00674	0.00379	0.00421	0.00126	0.00505	0.00379	0.00211	0.00674
19	0.00820	0.00773	0.01306	0.78647	0.08178	0.00950	0.01190	0.01102	0.00859	0.01107	0.00759	0.01129	0.00574	0.00422	0.00425	0.00141	0.00563	0.00378	0.00190	0.00486
20	0.00793	0.00397	0.00397	0.00397	0.00496	0.00397	0.00297	0.00991	0.00892	0.01586	0.01388	0.01586	0.01091	0.00496	0.00297	0.00099	0.00198	0.00397	0.87408	0.00397
21	0.01594	0.01174	0.01260	0.00971	0.01305	0.01299	0.00800	0.79268	0.01975	0.02648	0.01050	0.02799	0.00768	0.00528	0.00428	0.00129	0.00464	0.00401	0.00425	0.00716
22	0.88052	0.00823	0.00625	0.00560	0.00823	0.00955	0.00461	0.01251	0.00724	0.01909	0.00592	0.00691	0.00461	0.00395	0.00263	0.00132	0.00329	0.00230	0.00263	0.00461
23	0.01053	0.01011	0.01727	0.02612	0.82392	0.01011	0.01306	0.01306	0.00969	0.01390	0.00800	0.01053	0.00674	0.00379	0.00421	0.00126	0.00505	0.00379	0.00211	0.00674
24	0.01048	0.01006	0.01718	0.04228	0.80814	0.01010	0.01303	0.01302	0.00967	0.01384	0.00799	0.01055	0.00672	0.00380	0.00421	0.00127	0.00507	0.00379	0.00210	0.00670
25	0.00518	0.00370	0.00494	0.00592	0.00617	0.00346	0.00395	0.00592	0.00815	0.01086	0.02345	0.84768	0.02814	0.01333	0.00543	0.00173	0.00247	0.01210	0.00395	0.00346
26	0.00853	0.02201	0.82841	0.01213	0.01842	0.00988	0.01572	0.01348	0.00898	0.01348	0.00764	0.00898	0.00539	0.00404	0.00404	0.00135	0.00629	0.00314	0.00180	0.00629
27	0.00804	0.00756	0.01276	0.84023	0.02931	0.00945	0.01182	0.01087	0.00851	0.01087	0.00756	0.01134	0.00567	0.00425	0.00425	0.00142	0.00567	0.00378	0.00189	0.00473
28	0.00520	0.00372	0.00495	0.00591	0.00618	0.00347	0.00395	0.00596	0.00822	0.01098	0.03861	0.83219	0.02837	0.01324	0.00542	0.00172	0.00246	0.01201	0.00396	0.00347
29	0.84771	0.00869	0.00647	0.00580	0.00842	0.04081	0.00475	0.01268	0.00742	0.01876	0.00595	0.00694	0.00464	0.00397	0.00268	0.00131	0.00346	0.00232	0.00262	0.00462
30	0.00531	0.00382	0.00507	0.00586	0.00621	0.00362	0.00398	0.00616	0.00829	0.01113	0.07168	0.70447	0.04854	0.03773	0.05457	0.00206	0.00300	0.01113	0.00386	0.00349
31	0.00510	0.00433	0.00440	0.00444	0.00586	0.00364	0.00337	0.00621	0.00970	0.01154	0.04234	0.04121	0.79260	0.01081	0.00506	0.00146	0.00222	0.03815	0.00395	0.00360
32	0.01012	0.00969	0.01653	0.17887	0.61948	0.01006	0.04296	0.02337	0.02279	0.01355	0.00813	0.01080	0.00664	0.00392	0.00425	0.00130	0.00522	0.00385	0.00213	0.00633
33	0.01595	0.04600	0.01282	0.01007	0.01306	0.30324	0.00807	0.48642	0.01664	0.03400	0.00888	0.00926	0.00661	0.00480	0.00405	0.00120	0.00572	0.00340	0.00345	0.00636
34	0.00530	0.00378	0.00507	0.00606	0.00635	0.00355	0.00415	0.00612	0.00826	0.01099	0.02339	0.79299	0.02789	0.01322	0.00546	0.00174	0.00257	0.06567	0.00395	0.00349
35	0.00851	0.00805	0.01363	0.68441	0.18139	0.00958	0.01205	0.01129	0.00873	0.01145	0.00765	0.01119	0.00588	0.00417	0.00425	0.00139	0.00555	0.00378	0.00193	0.00511
36	0.00564	0.00433	0.00516	0.00496	0.00613	0.00385	0.00372	0.00730	0.01115	0.01495	0.52567	0.03527	0.33747	0.00949	0.00502	0.00138	0.00206	0.00818	0.00441	0.00385
37	0.82670	0.00873	0.00674	0.00629	0.02811	0.04082	0.00495	0.01269	0.00748	0.01864	0.00600	0.00703	0.00469	0.00396	0.00272	0.00131	0.00350	0.00236	0.00260	0.00467
38	0.00986	0.01113	0.02415	0.01735	0.02149	0.01044	0.76785	0.01336	0.01010	0.01371	0.03276	0.01285	0.00783	0.00391	0.00504	0.00144	0.00695	0.02187	0.00226	0.00565
39	0.01022	0.00980	0.01671	0.12678	0.72567	0.01003	0.01291	0.01279	0.00954	0.01353	0.00795	0.01063	0.00661	0.00385	0.00422	0.00128	0.00513	0.00379	0.00208	0.00649
40	0.00619	0.00413	0.00468	0.00468	0.00470	0.00415	0.00263	0.00622	0.00620	0.00828	0.01337	0.02763	0.01537	0.83436	0.03763	0.00418	0.00427	0.00616	0.00257	0.00260
41	0.01133	0.01196	0.02212	0.01632	0.03423	0.06731	0.61660	0.10215	0.01126	0.03419	0.00877	0.01109	0.00656	0.00393	0.00499	0.00140	0.02278	0.00467	0.00246	0.00588
42	0.88052	0.00823	0.00625	0.00560	0.00823	0.00955	0.00461	0.01251	0.00724	0.01909	0.00592	0.00691	0.00461	0.00395	0.00263	0.00132	0.00329	0.00230	0.00263	0.00461
43	0.00573	0.00433	0.00494	0.00490	0.00612	0.00377	0.00363	0.00705	0.01025	0.03606	0.26429	0.13731	0.47571	0.01034	0.00505	0.00144	0.00219	0.00886	0.00420	0.00380
44	0.00702	0.00473	0.00599	0.00552	0.00679	0.00438	0.00419	0.00928	0.04231	0.07441	0.64897	0.03094	0.12199	0.00857	0.00494	0.00135	0.00219	0.00748	0.00463	0.00430
45	0.00587	0.00434	0.00548	0.00519	0.00626	0.00395	0.00390	0.00774	0.01169	0.01622	0.70341	0.03318	0.15894	0.00901	0.00502	0.00135	0.00203	0.00789	0.00457	0.00395
46	0.01563	0.01165	0.01247	0.00968	0.01299	0.01294	0.00796	0.73359	0.09703	0.02594	0.01090	0.01076	0.00779	0.00517	0.00426	0.00129	0.00456	0.00393	0.00426	0.00719
47	0.00935	0.00787	0.00911	0.00655	0.01031	0.00621	0.00526	0.06786	0.00962	0.01479	0.00775	0.00892	0.00637	0.00329	0.00323	0.00068	0.00326	0.00261	0.00265	0.81430
48	0.01589	0.02028	0.01206	0.01096	0.01315	0.83338	0.00822	0.01699	0.01206	0.01041	0.00658	0.00767	0.00548	0.00438	0.00384	0.00110	0.00767	0.00274	0.00219	0.00493
49	0.84856	0.00819	0.00639	0.00567	0.00833	0.00942	0.00467	0.01281	0.00742	0.04905	0.00633	0.00719	0.00483	0.00400	0.00269	0.00132	0.00330	0.00238	0.00273	0.00471
50	0.01080	0.01033	0.01687	0.02288	0.63701	0.02173	0.07404	0.04643	0.08997	0.01474	0.00904	0.01108	0.00734	0.00403	0.00428	0.00129	0.00507	0.00397	0.00242	0.00666
51	0.46695	0.00937	0.01020	0.01041	0.14170	0.01041	0.03661	0.14713	0.09923	0.01920	0.00834	0.00921	0.00639	0.00431	0.00344	0.00132	0.00396	0.00318	0.00299	0.00567
52	0.00606	0.00445	0.00565	0.00546	0.00642	0.00418	0.00402	0.00818	0.04074	0.01584	0.64033	0.11797	0.07373	0.04112	0.00567	0.00149	0.00219	0.00806	0.00448	0.00398
53	0.00591	0.00433	0.00554	0.00526	0.00629	0.00396	0.00394	0.00780	0.01173	0.01638	0.72813	0.04890	0.11794	0.00900	0.00503	0.00136	0.00203	0.00791	0.00460	0.00396
54	0.00957	0.00555	0.00572	0.00512	0.00659	0.00580	0.00399	0.16883	0.01113	0.01804	0.01315	0.01474	0.01018	0.00499	0.00323	0.00105	0.00252	0.00394	0.70126	0.00462
55	0.00895	0.00775	0.00943	0.00772	0.06829	0.00599	0.00562	0.01088	0.00889	0.01387	0.00759	0.00895	0.00633	0.00320	0.00323	0.00068	0.00329	0.00261	0.00249	0.81427
56	0.01290	0.37361	0.13772	0.00951	0.01299	0.32330	0.00893	0.05441	0.01055	0.01152	0.00664	0.00764	0.00555	0.00405	0.00342	0.00106	0.00599	0.00266	0.00208	0.00547
57	0.01138	0.85302	0.02230	0.00728	0.01092	0.01684	0.00728	0.01274	0.00865	0.01001	0.00592	0.00683	0.00546	0.00364	0.00273	0.00091	0.00455	0.00228	0.00182	0.00546
58	0.00900	0.00776	0.01252	0.41506	0.20805	0.00868	0.02388	0.01207	0.06672	0.05465	0.01113	0.13127	0.00992	0.00560	0.00443	0.00142	0.00482	0.00509	0.00259	0.00530
59	0.00984	0.08173	0.49022	0.02507	0.01609	0.03081	0.06491	0.06357	0.03210	0.04697	0.00876	0.01083	0.00676	0.06467	0.00527	0.00149	0.00571	0.00354	0.00228	0.02939
60	0.00535	0.00446	0.00470	0.00478	0.00608	0.00392	0.00353	0.00694	0.04846	0.01188	0.06330	0.15362	0.64645	0.01083	0.00505	0.00148	0.00225	0.00918	0.00399	0.00374
61	0.00635	0.00446	0.00580	0.00553	0.00661	0.00411	0.00423	0.00829	0.01176	0.03602	0.70450	0.03300	0.07908	0.00894	0.00506	0.00139	0.00219	0.06401	0.00461	0.00406
62	0.00848	0.01959	0.69617	0.01228	0.05925	0.00946	0.01440	0.01326	0.03959	0.01347	0.00915	0.06931	0.00738	0.00476	0.00416	0.00137	0.00584	0.00388	0.00206	0.00613
63	0.01037	0.03039	0.42731	0.01271	0.06232	0.05289	0.11555	0.06303	0.10674	0.04737	0.00967	0.01115	0.00720	0.00445	0.00424	0.00135	0.00578	0.01872	0.00251	0.00626
64	0.01037	0.01079	0.01018	0.00985	0.06804	0.26861	0.04855	0.02178	0.00908	0.02108	0.01106	0.03259	0.03992	0.25145	0.05466	0.00243	0.09669	0.01436	0.01420	0.00429
65	0.88052	0.00823	0.00625	0.00560	0.00823	0.00955	0.00461	0.01251	0.00724	0.01909	0.00592	0.00691	0.00461	0.00395	0.00263	0.00132	0.00329	0.00230	0.00263	0.00461
66	0.01520	0.00657	0.00860	0.00688	0.00955	0.00584	0.00557	0.04796	0.01213	0.56168	0.15133	0.01948	0.08451	0.00628	0.00441	0.00132	0.00321	0.00521	0.03799	0.00627
67	0.01837	0.00841	0.01060	0.00812	0.01144	0.00798	0.00671	0.21711	0.01413	0.62774	0.01515	0.01342	0.00971	0.00523	0.00427	0.00131	0.00388	0.00417	0.00502	0.00724
68	0.00602	0.00435	0.00569	0.00535	0.00636	0.00401	0.00401	0.00803	0.01204	0.01706	0.82167	0.03178	0.04015	0.00870	0.00502	0.00134	0.00201	0.00770	0.00468	0.00401
69	0.00595	0.00435	0.00559	0.00528	0.00631	0.00398	0.00396	0.00789	0.01188	0.01666	0.76599	0.03244	0.09608	0.00885	0.00502	0.00135	0.00202	0.00779	0.00463	0.00398
70	0.00853	0.02201	0.82841	0.01213	0.01842	0.00988	0.01572	0.01348	0.00898	0.01348	0.00764	0.00898	0.00539	0.00404	0.00404	0.00135	0.00629	0.00314	0.00180	0.00629
71	0.00793	0.00397	0.00397	0.00397	0.00496	0.00397	0.00297	0.00991	0.00892	0.01586	0.01388	0.01586	0.01091	0.00496	0.00297	0.00099	0.00198	0.00397	0.87408	0.00397
72	0.01618	0.01192	0.01277	0.00979	0.01320	0.01320	0.00809	0.80973	0.02001	0.02682	0.01022	0.01022	0.00724	0.00511	0.00426	0.00128	0.00468	0.00383	0.00426	0.00724
73	0.00739	0.00370	0.00554	0.00554	0.00554	0.00370	0.00370	0.00554	0.00554	0.00739	0.00739	0.01293	0.00739	0.01478	0.01663	0.87620	0.00370	0.00370	0.00185	0.00185
74	0.01909	0.00724	0.00987	0.00757	0.01086	0.00625	0.00625	0.02074	0.01218	0.82687	0.01679	0.01448	0.01053	0.00527	0.00428	0.00132	0.00362	0.00428	0.00527	0.00724
75	0.00821	0.00775	0.01308	0.78200	0.08614	0.00950	0.01191	0.01103	0.00859	0.01109	0.00759	0.01129	0.00575	0.00422	0.00425	0.00141	0.00563	0.00378	0.00191	0.00487
76	0.00516	0.00378	0.00486	0.00572	0.00612	0.00347	0.00386	0.00595	0.00834	0.01094	0.02595	0.74528	0.12893	0.01301	0.00538	0.00169	0.00243	0.01170	0.00395	0.00347
77	0.01068	0.61491	0.23991	0.00865	0.01298	0.02830	0.00958	0.01301	0.00879	0.01095	0.00639	0.00742	0.00544	0.00376	0.00310	0.00103	0.00507	0.00252	0.00182	0.00568
78	0.00853	0.02201	0.82841	0.01213	0.01842	0.00988	0.01572	0.01348	0.00898	0.01348	0.00764	0.00898	0.00539	0.00404	0.00404	0.00135	0.00629	0.00314	0.00180	0.00629
79	0.00548	0.00433	0.00494	0.00478	0.00602	0.00378	0.00359	0.00698	0.01076	0.01402	0.39684	0.03679	0.46688	0.00983	0.00502	0.00139	0.00209	0.00840	0.00428	0.00378
80	0.00882	0.00756	0.00882	0.00630	0.01008	0.00567	0.00504	0.01071	0.00882	0.01387	0.00756	0.00882	0.00630	0.00315	0.00315	0.00063	0.00315	0.00252	0.00252	0.87647
81	0.00619	0.00413	0.00464	0.00464	0.00464	0.00413	0.00258	0.00619	0.00619	0.00825	0.01341	0.02785	0.01547	0.85046	0.02166	0.00413	0.00413	0.00619	0.00258	0.00258
82	0.11667	0.01672	0.03146	0.01017	0.01285	0.50261	0.01944	0.21240	0.01336	0.01560	0.00746	0.00830	0.00582	0.00449	0.00382	0.00118	0.00638	0.00300	0.00274	0.00551
83	0.01020	0.00977	0.01667	0.13491	0.71773	0.01002	0.01289	0.01277	0.00953	0.01350	0.00794	0.01064	0.00660	0.00385	0.00422	0.00128	0.00514	0.00379	0.00208	0.00647
84	0.00516	0.00426	0.00438	0.00443	0.00565	0.00364	0.00320	0.00611	0.00923	0.01111	0.03883	0.08156	0.69249	0.10283	0.00687	0.00175	0.00239	0.00884	0.00380	0.00347

[dist]
# distance from previous block
# <min> <max>
0	4

[block]
# block no. 3 follows, 62 sequences, length 97
# corresponding to MSA columns:
# 199-201,204-297
name=unknown_D
#
# <colnr> <probs for GDERKNQSTAVLIFYWHMCP>
#	G	D	E	R	K	N	Q	S	T	A	V	L	I	F	Y	W	H	M	C	P
0	0.80364	0.00846	0.00673	0.00593	0.00860	0.00978	0.00487	0.05714	0.03478	0.01948	0.00654	0.00739	0.00503	0.00407	0.00278	0.00132	0.00337	0.00247	0.00278	0.00482
1	0.80357	0.00888	0.00666	0.00592	0.00856	0.05519	0.00482	0.01270	0.00756	0.01844	0.00602	0.00702	0.00471	0.00395	0.00272	0.00128	0.00353	0.00234	0.00261	0.03354
2	0.00984	0.00941	0.01603	0.25089	0.60453	0.00993	0.01272	0.01245	0.00936	0.01306	0.00788	0.01076	0.00645	0.00392	0.00422	0.00131	0.00523	0.00379	0.00205	0.00618
3	0.01141	0.01289	0.01211	0.01071	0.01156	0.31067	0.00855	0.01243	0.00860	0.01031	0.00682	0.03687	0.00654	0.00770	0.04916	0.00182	0.47145	0.00368	0.00207	0.00468
4	0.00863	0.04957	0.80168	0.01197	0.01817	0.01011	0.01544	0.01345	0.00897	0.01336	0.00758	0.00891	0.00539	0.00403	0.00400	0.00133	0.00623	0.00312	0.00180	0.00626
5	0.00804	0.00756	0.01276	0.84023	0.02931	0.00945	0.01182	0.01087	0.00851	0.01087	0.00756	0.01134	0.00567	0.00425	0.00425	0.00142	0.00567	0.00378	0.00189	0.00473
6	0.00518	0.00370	0.00494	0.00592	0.00617	0.00346	0.00395	0.00592	0.00815	0.01086	0.02345	0.84768	0.02814	0.01333	0.00543	0.00173	0.00247	0.01210	0.00395	0.00346
7	0.00518	0.00370	0.00494	0.00592	0.00617	0.00346	0.00395	0.00592	0.00815	0.01086	0.02345	0.84768	0.02814	0.01333	0.00543	0.00173	0.00247	0.01210	0.00395	0.00346
8	0.00882	0.00756	0.00882	0.00630	0.01008	0.00567	0.00504	0.01071	0.00882	0.01387	0.00756	0.00882	0.00630	0.00315	0.00315	0.00063	0.00315	0.00252	0.00252	0.87647
9	0.00608	0.00454	0.00673	0.00673	0.00746	0.00526	0.00519	0.00753	0.00681	0.00980	0.01149	0.01725	0.01087	0.07125	0.79458	0.00671	0.01105	0.00464	0.00229	0.00374
10	0.00526	0.00373	0.00492	0.00583	0.00606	0.00350	0.00385	0.00594	0.00800	0.01067	0.02272	0.78779	0.02722	0.07449	0.00662	0.00190	0.00259	0.01166	0.00385	0.00339
11	0.00590	0.00433	0.00553	0.00526	0.00629	0.00396	0.00393	0.00778	0.01171	0.01634	0.72170	0.05276	0.12059	0.00903	0.00503	0.00136	0.00203	0.00794	0.00459	0.00396
12	0.01909	0.00724	0.00987	0.00757	0.01086	0.00625	0.00625	0.02074	0.01218	0.82687	0.01679	0.01448	0.01053	0.00527	0.00428	0.00132	0.00362	0.00428	0.00527	0.00724
13	0.01909	0.00724	0.00987	0.00757	0.01086	0.00625	0.00625	0.02074	0.01218	0.82687	0.01679	0.01448	0.01053	0.00527	0.00428	0.00132	0.00362	0.00428	0.00527	0.00724
14	0.01589	0.02028	0.01206	0.01096	0.01315	0.83338	0.00822	0.01699	0.01206	0.01041	0.00658	0.00767	0.00548	0.00438	0.00384	0.00110	0.00767	0.00274	0.00219	0.00493
15	0.00960	0.00949	0.01607	0.01172	0.01554	0.00857	0.35729	0.01360	0.11879	0.01430	0.00934	0.01094	0.00728	0.00370	0.00413	0.00109	0.00494	0.00393	0.00260	0.37708
16	0.00602	0.00435	0.00569	0.00535	0.00636	0.00401	0.00401	0.00803	0.01204	0.01706	0.82167	0.03178	0.04015	0.00870	0.00502	0.00134	0.00201	0.00770	0.00468	0.00401
17	0.01589	0.02028	0.01206	0.01096	0.01315	0.83338	0.00822	0.01699	0.01206	0.01041	0.00658	0.00767	0.00548	0.00438	0.00384	0.00110	0.00767	0.00274	0.00219	0.00493
18	0.00608	0.00456	0.00684	0.00684	0.00760	0.00532	0.00532	0.00760	0.00684	0.00988	0.01140	0.01672	0.01064	0.03191	0.83360	0.00684	0.01140	0.00456	0.00228	0.00380
19	0.88052	0.00823	0.00625	0.00560	0.00823	0.00955	0.00461	0.01251	0.00724	0.01909	0.00592	0.00691	0.00461	0.00395	0.00263	0.00132	0.00329	0.00230	0.00263	0.00461
20	0.00845	0.00798	0.01351	0.70543	0.16088	0.00956	0.01202	0.01123	0.00870	0.01137	0.00764	0.01121	0.00585	0.00418	0.00425	0.00139	0.00557	0.00378	0.00193	0.00506
21	0.00915	0.00755	0.00886	0.00634	0.01011	0.00569	0.00508	0.01103	0.00893	0.03934	0.00785	0.00900	0.00643	0.00322	0.00319	0.00065	0.00317	0.00258	0.00261	0.84923
22	0.00729	0.00392	0.00579	0.00597	0.00615	0.00392	0.00428	0.00615	0.00633	0.00838	0.01020	0.01944	0.01056	0.01422	0.01463	0.71400	0.00374	0.15056	0.00223	0.00223
23	0.00913	0.00868	0.01473	0.48441	0.37661	0.00974	0.01236	0.01183	0.00902	0.01220	0.00776	0.01099	0.00614	0.00405	0.00424	0.00135	0.00540	0.00379	0.00198	0.00561
24	0.00518	0.00370	0.00494	0.00592	0.00617	0.00346	0.00395	0.00592	0.00815	0.01086	0.02345	0.84768	0.02814	0.01333	0.00543	0.00173	0.00247	0.01210	0.00395	0.00346
25	0.01589	0.02028	0.01206	0.01096	0.01315	0.83338	0.00822	0.01699	0.01206	0.01041	0.00658	0.00767	0.00548	0.00438	0.00384	0.00110	0.00767	0.00274	0.00219	0.00493
26	0.00793	0.00397	0.00397	0.00397	0.00496	0.00397	0.00297	0.00991	0.00892	0.01586	0.01388	0.01586	0.01091	0.00496	0.00297	0.00099	0.00198	0.00397	0.87408	0.00397
27	0.00607	0.00438	0.00575	0.00549	0.00649	0.00406	0.00417	0.00807	0.01192	0.01682	0.77758	0.03268	0.03928	0.00887	0.00507	0.00137	0.00211	0.05115	0.00464	0.00401
28	0.00853	0.02201	0.82841	0.01213	0.01842	0.00988	0.01572	0.01348	0.00898	0.01348	0.00764	0.00898	0.00539	0.00404	0.00404	0.00135	0.00629	0.00314	0.00180	0.00629
29	0.01909	0.00724	0.00987	0.00757	0.01086	0.00625	0.00625	0.02074	0.01218	0.82687	0.01679	0.01448	0.01053	0.00527	0.00428	0.00132	0.00362	0.00428	0.00527	0.00724
30	0.00517	0.00382	0.00484	0.00563	0.00610	0.00349	0.00382	0.00599	0.00849	0.01108	0.04024	0.69008	0.17011	0.01280	0.00535	0.00167	0.00241	0.01147	0.00396	0.00349
31	0.01909	0.00724	0.00987	0.00757	0.01086	0.00625	0.00625	0.02074	0.01218	0.82687	0.01679	0.01448	0.01053	0.00527	0.00428	0.00132	0.00362	0.00428	0.00527	0.00724
32	0.01909	0.00724	0.00987	0.00757	0.01086	0.00625	0.00625	0.02074	0.01218	0.82687	0.01679	0.01448	0.01053	0.00527	0.00428	0.00132	0.00362	0.00428	0.00527	0.00724
33	0.00855	0.00415	0.00429	0.00417	0.00529	0.00409	0.00316	0.01052	0.00910	0.06093	0.01404	0.01579	0.01089	0.00497	0.00305	0.00101	0.00207	0.00398	0.82581	0.00415
34	0.00601	0.00405	0.00469	0.00487	0.00491	0.00401	0.00282	0.00614	0.00653	0.00871	0.01516	0.17127	0.01769	0.70401	0.01882	0.00371	0.00384	0.00722	0.00282	0.00273
35	0.01825	0.00719	0.00963	0.00744	0.01063	0.00627	0.00613	0.03803	0.01222	0.76352	0.01809	0.01585	0.05524	0.00557	0.00432	0.00132	0.00356	0.00453	0.00517	0.00704
36	0.00503	0.00431	0.00431	0.00431	0.00575	0.00359	0.00323	0.00611	0.00970	0.01149	0.04310	0.04095	0.82219	0.01078	0.00503	0.00144	0.00216	0.00898	0.00395	0.00359
37	0.00610	0.00433	0.00555	0.00524	0.00626	0.00400	0.00393	0.00808	0.01180	0.01683	0.75340	0.03117	0.06201	0.00855	0.00491	0.00132	0.00201	0.00753	0.05297	0.00400
38	0.83222	0.05517	0.00715	0.00569	0.00838	0.00995	0.00476	0.01252	0.00732	0.01859	0.00592	0.00691	0.00466	0.00393	0.00264	0.00129	0.00336	0.00230	0.00259	0.00466
39	0.00862	0.00841	0.01329	0.41599	0.02042	0.01086	0.05471	0.01060	0.00767	0.01067	0.00698	0.01104	0.00600	0.03363	0.00898	0.00170	0.35990	0.00391	0.00192	0.00468
40	0.00777	0.05562	0.03870	0.00773	0.00942	0.00677	0.04440	0.04639	0.12092	0.01365	0.07932	0.15229	0.09953	0.01001	0.02636	0.02994	0.00380	0.23917	0.00366	0.00455
41	0.02984	0.76490	0.04468	0.00797	0.01170	0.01615	0.05198	0.01281	0.00870	0.01050	0.00611	0.00715	0.00550	0.00366	0.00289	0.00096	0.00472	0.00245	0.00186	0.00548
42	0.00657	0.00375	0.00541	0.00574	0.00587	0.00370	0.00387	0.00579	0.00650	0.00871	0.01306	0.29641	0.01461	0.01524	0.05822	0.53115	0.00371	0.00659	0.00259	0.00250
43	0.01904	0.00733	0.00993	0.00761	0.01091	0.00638	0.00629	0.03549	0.01233	0.81191	0.01666	0.01440	0.01047	0.00526	0.00428	0.00132	0.00364	0.00427	0.00525	0.00724
44	0.01142	0.01295	0.29795	0.03994	0.07291	0.00886	0.01029	0.10930	0.07668	0.17571	0.01252	0.11657	0.01022	0.00577	0.00450	0.00139	0.01873	0.00479	0.00328	0.00622
45	0.00891	0.12105	0.40106	0.01174	0.06026	0.00980	0.10658	0.01268	0.04121	0.02535	0.02461	0.10666	0.02208	0.00543	0.00425	0.00136	0.00532	0.02356	0.00239	0.00572
46	0.00518	0.00372	0.00492	0.00588	0.00616	0.00346	0.00393	0.00593	0.00819	0.01088	0.02395	0.82729	0.04821	0.01327	0.00542	0.00172	0.00246	0.01202	0.00395	0.00346
47	0.00518	0.00370	0.00494	0.00592	0.00617	0.00346	0.00395	0.00592	0.00815	0.01086	0.02345	0.84768	0.02814	0.01333	0.00543	0.00173	0.00247	0.01210	0.00395	0.00346
48	0.01262	0.02852	0.22699	0.01278	0.05650	0.01176	0.16873	0.39285	0.01447	0.01983	0.00905	0.01010	0.00655	0.00444	0.00432	0.00132	0.00561	0.00386	0.00305	0.00664
49	0.01287	0.01523	0.01259	0.05718	0.03380	0.46084	0.00895	0.01403	0.00973	0.01046	0.00630	0.00856	0.00556	0.00551	0.00765	0.00140	0.31923	0.00319	0.00205	0.00486
50	0.00619	0.00413	0.00464	0.00464	0.00464	0.00413	0.00258	0.00619	0.00619	0.00825	0.01341	0.02785	0.01547	0.85046	0.02166	0.00413	0.00413	0.00619	0.00258	0.00258
51	0.01597	0.01219	0.03435	0.00985	0.01333	0.01311	0.00829	0.78866	0.01971	0.02646	0.01015	0.01018	0.00719	0.00508	0.00425	0.00128	0.00472	0.00381	0.00419	0.00721
52	0.00720	0.00382	0.00573	0.00573	0.00584	0.00393	0.00393	0.00584	0.00573	0.00775	0.00797	0.01348	0.00786	0.01724	0.13409	0.75120	0.00480	0.00382	0.00191	0.00213
53	0.88052	0.00823	0.00625	0.00560	0.00823	0.00955	0.00461	0.01251	0.00724	0.01909	0.00592	0.00691	0.00461	0.00395	0.00263	0.00132	0.00329	0.00230	0.00263	0.00461
54	0.00694	0.00494	0.00631	0.00621	0.00750	0.00432	0.00449	0.00809	0.00869	0.05685	0.04553	0.54185	0.02199	0.01019	0.00493	0.00144	0.01323	0.03152	0.00368	0.21130
55	0.18983	0.01044	0.01900	0.00841	0.01103	0.12910	0.02752	0.05407	0.32480	0.12676	0.04734	0.01290	0.01051	0.00515	0.00395	0.00134	0.00415	0.00399	0.00373	0.00598
56	0.00619	0.00413	0.00464	0.00464	0.00464	0.00413	0.00258	0.00619	0.00619	0.00825	0.01341	0.02785	0.01547	0.85046	0.02166	0.00413	0.00413	0.00619	0.00258	0.00258
57	0.00526	0.00376	0.00501	0.00592	0.00622	0.00351	0.00400	0.00608	0.00839	0.01123	0.06748	0.79080	0.02875	0.01305	0.00541	0.00171	0.00246	0.02347	0.00399	0.00349
58	0.01059	0.14642	0.32145	0.01604	0.30697	0.02211	0.01249	0.03207	0.02290	0.05830	0.00821	0.00963	0.00634	0.00401	0.00392	0.00124	0.00536	0.00334	0.00221	0.00639
59	0.00512	0.00412	0.00456	0.00486	0.00590	0.00357	0.00349	0.00612	0.00930	0.01151	0.06753	0.29450	0.54153	0.01150	0.00516	0.00152	0.00225	0.00991	0.00398	0.00357
60	0.01589	0.02028	0.01206	0.01096	0.01315	0.83338	0.00822	0.01699	0.01206	0.01041	0.00658	0.00767	0.00548	0.00438	0.00384	0.00110	0.00767	0.00274	0.00219	0.00493
61	0.01005	0.01344	0.25923	0.09327	0.39160	0.00988	0.09689	0.01339	0.00952	0.05020	0.00831	0.01042	0.00638	0.00395	0.00425	0.00132	0.00564	0.00375	0.00214	0.00634
62	0.00865	0.05631	0.79514	0.01193	0.01811	0.01017	0.01537	0.01344	0.00897	0.01333	0.00756	0.00889	0.00539	0.00403	0.00399	0.00133	0.00622	0.00311	0.00180	0.00625
63	0.00517	0.00375	0.00489	0.00580	0.00614	0.00347	0.00389	0.00594	0.00827	0.01091	0.02500	0.78413	0.09070	0.01313	0.00540	0.00171	0.00244	0.01185	0.00395	0.00347
64	0.00535	0.00389	0.00477	0.00539	0.00580	0.00361	0.00356	0.00601	0.00806	0.01048	0.02515	0.54527	0.17102	0.17095	0.00842	0.00213	0.00272	0.01041	0.00369	0.00332
65	0.00950	0.14686	0.54159	0.04154	0.07438	0.02984	0.04990	0.01355	0.02052	0.02350	0.00767	0.00910	0.00573	0.00400	0.00391	0.00128	0.00591	0.00319	0.00193	0.00610
66	0.00576	0.00449	0.00540	0.01941	0.00690	0.00416	0.00423	0.00754	0.03931	0.01318	0.24079	0.19913	0.33121	0.01055	0.00516	0.00152	0.00247	0.09083	0.00412	0.00384
67	0.00608	0.00456	0.00684	0.00684	0.00760	0.00532	0.00532	0.00760	0.00684	0.00988	0.01140	0.01672	0.01064	0.03191	0.83360	0.00684	0.01140	0.00456	0.00228	0.00380
68	0.01066	0.01122	0.02243	0.02960	0.06539	0.01086	0.63078	0.09978	0.03240	0.01512	0.00920	0.01202	0.00702	0.00397	0.00488	0.00142	0.00661	0.01823	0.00246	0.00594
69	0.01006	0.04167	0.11721	0.03018	0.31725	0.01064	0.37166	0.01329	0.00967	0.01350	0.00812	0.01064	0.00638	0.00378	0.00464	0.00135	0.01754	0.00421	0.00207	0.00614
70	0.05608	0.00420	0.00409	0.00406	0.00514	0.00427	0.00306	0.01006	0.00883	0.01604	0.01344	0.01537	0.01056	0.00490	0.00296	0.00101	0.00206	0.00387	0.82600	0.00400
71	0.01141	0.03962	0.01049	0.00884	0.01137	0.05676	0.00696	0.09347	0.67087	0.01794	0.01568	0.01459	0.01178	0.00556	0.00424	0.00139	0.00377	0.00452	0.00412	0.00664
72	0.01152	0.76517	0.02107	0.00753	0.01100	0.06182	0.00729	0.01325	0.03714	0.01030	0.00643	0.00733	0.00580	0.00416	0.01457	0.00102	0.00478	0.00242	0.00194	0.00545
73	0.01513	0.01064	0.02229	0.00960	0.01247	0.01164	0.01912	0.51910	0.02603	0.15094	0.01100	0.02885	0.00807	0.00560	0.00558	0.00137	0.11714	0.00409	0.01462	0.00673
74	0.01053	0.28694	0.41563	0.01063	0.04256	0.02209	0.02147	0.05757	0.02071	0.05151	0.00802	0.02023	0.00623	0.00417	0.00368	0.00120	0.00541	0.00314	0.00219	0.00608
75	0.01526	0.01264	0.08497	0.00991	0.01351	0.01269	0.00868	0.72186	0.01877	0.02529	0.01027	0.02805	0.00752	0.00519	0.00426	0.00129	0.00478	0.00395	0.00403	0.00707
76	0.00579	0.00434	0.00536	0.00511	0.00621	0.00392	0.00383	0.00758	0.01149	0.01576	0.63883	0.03394	0.22381	0.00919	0.00502	0.00136	0.00204	0.00800	0.00451	0.00392
77	0.00929	0.01111	0.14195	0.01765	0.38508	0.03403	0.08902	0.01249	0.05868	0.01335	0.01155	0.17426	0.01103	0.00581	0.00450	0.00139	0.00493	0.00546	0.00256	0.00587
78	0.01270	0.02358	0.15249	0.07302	0.31629	0.03088	0.04825	0.02856	0.01044	0.24629	0.01042	0.01137	0.00747	0.00431	0.00421	0.00130	0.00505	0.00383	0.00298	0.00656
79	0.01755	0.00691	0.00932	0.00726	0.01032	0.00598	0.00596	0.01919	0.01203	0.73474	0.06509	0.01695	0.05704	0.00577	0.00436	0.00132	0.00345	0.00474	0.00516	0.00685
80	0.00913	0.01786	0.51176	0.01442	0.01992	0.01023	0.32821	0.01354	0.00940	0.01354	0.00802	0.00997	0.00581	0.00386	0.00443	0.00138	0.00664	0.00388	0.00194	0.00607
81	0.01145	0.17818	0.34644	0.01264	0.12699	0.10595	0.02993	0.04304	0.01008	0.08530	0.00816	0.00922	0.00615	0.00411	0.00384	0.00122	0.00567	0.00319	0.00229	0.00614
82	0.01224	0.11897	0.35426	0.01203	0.10289	0.06526	0.03017	0.05271	0.01045	0.18723	0.00949	0.01009	0.00676	0.00429	0.00397	0.00126	0.00541	0.00340	0.00273	0.00638
83	0.00713	0.00385	0.00570	0.00570	0.00581	0.00396	0.00389	0.00589	0.00577	0.00781	0.00829	0.01422	0.00827	0.05730	0.14060	0.70287	0.00488	0.00395	0.00195	0.00218
84	0.00532	0.00382	0.00509	0.00605	0.00639	0.00358	0.00418	0.00618	0.00832	0.01104	0.02386	0.75986	0.04733	0.01313	0.00546	0.00174	0.00258	0.07864	0.00395	0.00350
85	0.00994	0.15708	0.31194	0.02088	0.06606	0.03206	0.10380	0.01332	0.03869	0.07393	0.03374	0.06911	0.04103	0.00510	0.00413	0.00130	0.00520	0.00437	0.00254	0.00578
86	0.01017	0.01050	0.05615	0.05549	0.47306	0.01003	0.15600	0.02817	0.08792	0.01426	0.00974	0.01302	0.00807	0.00439	0.00445	0.00136	0.00530	0.04318	0.00243	0.00632
87	0.00590	0.00430	0.00498	0.00526	0.00637	0.00378	0.00389	0.00696	0.00932	0.05057	0.03388	0.30250	0.46400	0.01142	0.00519	0.00157	0.00246	0.06992	0.00401	0.00375
88	0.00924	0.07180	0.61404	0.05799	0.01869	0.01026	0.10177	0.01357	0.00917	0.04328	0.00797	0.00946	0.00572	0.00402	0.00409	0.00133	0.00614	0.00337	0.00197	0.00613
89	0.01028	0.07329	0.13795	0.06354	0.33199	0.06863	0.15307	0.01323	0.02137	0.02542	0.01000	0.01187	0.05171	0.00429	0.00425	0.00129	0.00559	0.00404	0.00222	0.00600
90	0.00861	0.02150	0.78981	0.01241	0.01860	0.00992	0.05382	0.01348	0.00903	0.01348	0.00768	0.00910	0.00544	0.00402	0.00409	0.00135	0.00633	0.00323	0.00181	0.00626
91	0.01255	0.00745	0.01058	0.02896	0.18282	0.01709	0.01595	0.03727	0.05118	0.31770	0.17512	0.01768	0.03601	0.00757	0.06108	0.00170	0.00425	0.00499	0.00402	0.00604
92	0.00984	0.05922	0.16971	0.08182	0.25512	0.02956	0.21872	0.03251	0.02073	0.01340	0.00940	0.02201	0.02634	0.01617	0.00461	0.00138	0.00576	0.01559	0.00221	0.00592
93	0.00924	0.10343	0.55344	0.01198	0.01725	0.02426	0.12610	0.01324	0.00918	0.03296	0.00868	0.05551	0.00693	0.00449	0.00413	0.00133	0.00598	0.00384	0.00206	0.00597
94	0.00830	0.00777	0.01281	0.75522	0.06649	0.00955	0.01160	0.01162	0.05313	0.01140	0.00812	0.01156	0.00613	0.00432	0.00426	0.00141	0.00552	0.00384	0.00204	0.00493
95	0.01019	0.00977	0.01666	0.13628	0.71640	0.01002	0.01289	0.01276	0.00953	0.01349	0.00794	0.01064	0.00660	0.00385	0.00422	0.00128	0.00514	0.00379	0.00208	0.00647
96	0.01189	0.06325	0.23887	0.02416	0.14063	0.10986	0.05920	0.06284	0.01950	0.14196	0.01053	0.06913	0.00854	0.00503	0.00420	0.00131	0.00536	0.01486	0.00282	0.00607

[dist]
# distance from previous block
# <min> <max>
0	3

[block]
# block no. 4 follows, 62 sequences, length 24
# corresponding to MSA columns:
# 302-325
name=unknown_E
#
# <colnr> <probs for GDERKNQSTAVLIFYWHMCP>
#	G	D	E	R	K	N	Q	S	T	A	V	L	I	F	Y	W	H	M	C	P
0	0.07551	0.02551	0.03154	0.03054	0.11677	0.05462	0.00782	0.19045	0.06807	0.29000	0.01264	0.05735	0.00942	0.00529	0.00416	0.00132	0.00429	0.00428	0.00392	0.00651
1	0.07200	0.06238	0.05177	0.07360	0.16871	0.02100	0.15994	0.09917	0.05444	0.06805	0.00922	0.02722	0.00727	0.00457	0.00482	0.00133	0.06332	0.00398	0.00270	0.04451
2	0.09962	0.13516	0.16552	0.00979	0.04768	0.14825	0.00867	0.06535	0.17105	0.02601	0.01052	0.07571	0.00889	0.00518	0.00387	0.00128	0.00489	0.00399	0.00284	0.00573
3	0.12945	0.13598	0.33688	0.00909	0.01298	0.04184	0.01867	0.03525	0.04587	0.01449	0.10662	0.05452	0.01149	0.00530	0.00391	0.00131	0.00474	0.02354	0.00263	0.00545
4	0.01138	0.85302	0.02230	0.00728	0.01092	0.01684	0.00728	0.01274	0.00865	0.01001	0.00592	0.00683	0.00546	0.00364	0.00273	0.00091	0.00455	0.00228	0.00182	0.00546
5	0.00539	0.00421	0.00477	0.00487	0.00597	0.00368	0.00357	0.00646	0.00970	0.01226	0.18434	0.15683	0.50306	0.01098	0.00568	0.04539	0.00228	0.02299	0.00398	0.00357
6	0.00718	0.00372	0.00553	0.00561	0.00565	0.00372	0.00376	0.00563	0.00578	0.00773	0.00876	0.07860	0.00911	0.01513	0.03773	0.78413	0.00381	0.00438	0.00202	0.00203
7	0.00705	0.03692	0.15168	0.00828	0.01018	0.00597	0.00799	0.00933	0.00936	0.01249	0.01948	0.16065	0.02102	0.01036	0.00538	0.00178	0.00414	0.51014	0.00348	0.00432
8	0.00774	0.00595	0.00801	0.00804	0.00944	0.00611	0.04637	0.02261	0.15245	0.02737	0.02160	0.11580	0.06511	0.03408	0.00587	0.00183	0.00376	0.44947	0.00390	0.00451
9	0.83688	0.05065	0.00706	0.00568	0.00836	0.00991	0.00474	0.01252	0.00731	0.01863	0.00592	0.00691	0.00465	0.00393	0.00264	0.00130	0.00335	0.00230	0.00259	0.00465
10	0.01589	0.02028	0.01206	0.01096	0.01315	0.83338	0.00822	0.01699	0.01206	0.01041	0.00658	0.00767	0.00548	0.00438	0.00384	0.00110	0.00767	0.00274	0.00219	0.00493
11	0.00773	0.00636	0.00813	0.00694	0.00890	0.00617	0.04871	0.01213	0.19937	0.01645	0.44881	0.02353	0.04009	0.00691	0.00457	0.00126	0.00279	0.00609	0.00411	0.14096
12	0.01546	0.01960	0.01177	0.01076	0.01287	0.79946	0.00805	0.01654	0.01190	0.01043	0.00727	0.04201	0.00641	0.00475	0.00390	0.00112	0.00746	0.00312	0.00226	0.00487
13	0.00813	0.00775	0.01308	0.71929	0.04494	0.00949	0.04398	0.01084	0.00854	0.01104	0.00876	0.01227	0.03430	0.00460	0.00478	0.00144	0.04601	0.00401	0.00198	0.00477
14	0.06329	0.02267	0.06735	0.11743	0.27943	0.05364	0.09023	0.01282	0.00979	0.08520	0.05797	0.03096	0.04571	0.00510	0.00442	0.00135	0.01415	0.03011	0.00270	0.00568
15	0.15170	0.08187	0.04827	0.02567	0.03017	0.15499	0.00703	0.03928	0.09480	0.09738	0.01072	0.03837	0.01854	0.00616	0.03553	0.00147	0.04257	0.02196	0.04671	0.04681
16	0.04782	0.10156	0.06701	0.07685	0.04759	0.07694	0.06232	0.04327	0.02100	0.13926	0.03402	0.15044	0.03998	0.00636	0.00446	0.00135	0.02041	0.02473	0.00316	0.03146
17	0.11236	0.22562	0.08047	0.00912	0.03504	0.09095	0.02481	0.13182	0.04421	0.07100	0.02323	0.03449	0.02572	0.00494	0.00424	0.00123	0.05240	0.00358	0.00284	0.02193
18	0.07274	0.13943	0.16521	0.00904	0.04150	0.07828	0.00819	0.10726	0.02249	0.03371	0.05483	0.11711	0.02324	0.01755	0.00431	0.00133	0.00451	0.04939	0.00294	0.04694
19	0.03143	0.07507	0.22473	0.07490	0.07753	0.01988	0.03864	0.11039	0.06722	0.04843	0.06053	0.06049	0.01098	0.00548	0.00422	0.00134	0.00474	0.04207	0.02380	0.01814
20	0.06127	0.24930	0.11723	0.02309	0.02357	0.06145	0.00817	0.20987	0.05855	0.01574	0.00953	0.07208	0.00833	0.03222	0.00446	0.00131	0.01708	0.00388	0.00283	0.02005
21	0.01223	0.26466	0.12992	0.01083	0.07295	0.07179	0.04455	0.22283	0.02998	0.02508	0.00863	0.02404	0.00706	0.00461	0.00402	0.00120	0.02344	0.01910	0.00271	0.02037
22	0.03401	0.24374	0.22227	0.00940	0.01316	0.09572	0.02118	0.13994	0.04656	0.01438	0.00862	0.01063	0.00709	0.01729	0.05456	0.00157	0.00565	0.02694	0.00249	0.02481
23	0.06321	0.16193	0.35871	0.00965	0.01379	0.01111	0.01054	0.14981	0.01057	0.01520	0.02055	0.04935	0.02366	0.00558	0.02250	0.00142	0.04725	0.00373	0.01563	0.00581

[dist]
# distance from previous block
# <min> <max>
30	127

# created by:
# /st0/software/busco_prod/Augustus/scripts/msa2prfl.pl ./align_prep/23784.fa
