[name]
unknown

[dist]
# distance from previous block
# <min> <max>
0	10

[block]
# block no. 0 follows, 65 sequences, length 24
# corresponding to MSA columns:
# 10-33
name=unknown_A
#
# <colnr> <probs for GDERKNQSTAVLIFYWHMCP>
#	G	D	E	R	K	N	Q	S	T	A	V	L	I	F	Y	W	H	M	C	P
0	0.03441	0.36737	0.11522	0.00901	0.03423	0.06789	0.01842	0.16001	0.07574	0.01413	0.00849	0.02225	0.00715	0.00451	0.00362	0.00113	0.01697	0.03126	0.00253	0.00566
1	0.01902	0.10292	0.31075	0.04017	0.03620	0.04850	0.20137	0.03229	0.02238	0.04821	0.00830	0.03243	0.00651	0.00417	0.00428	0.00126	0.03031	0.00370	0.00218	0.04506
2	0.00988	0.04807	0.05212	0.03625	0.10835	0.11622	0.08700	0.02994	0.08572	0.07881	0.05297	0.17880	0.04489	0.02886	0.00498	0.00141	0.02192	0.00569	0.00305	0.00508
3	0.00526	0.00430	0.00467	0.00470	0.00595	0.00380	0.00352	0.00681	0.03827	0.01211	0.15744	0.10173	0.58988	0.01015	0.00488	0.00141	0.00218	0.03538	0.00393	0.00363
4	0.01168	0.09331	0.17190	0.01250	0.03751	0.05997	0.28299	0.07642	0.02098	0.14124	0.00908	0.01027	0.00661	0.00416	0.00457	0.00129	0.04317	0.00383	0.00262	0.00589
5	0.00994	0.01298	0.16574	0.02846	0.10114	0.03734	0.51320	0.05490	0.01002	0.01367	0.00808	0.01037	0.00607	0.00367	0.00451	0.00133	0.00643	0.00426	0.00211	0.00576
6	0.00597	0.00398	0.00448	0.00448	0.00448	0.00398	0.00249	0.00597	0.00597	0.00796	0.01293	0.02686	0.01492	0.85574	0.02089	0.00398	0.00398	0.00597	0.00249	0.00249
7	0.00660	0.00487	0.00612	0.02816	0.00782	0.00470	0.00508	0.03462	0.03177	0.03192	0.24504	0.04882	0.23311	0.00963	0.00506	0.00153	0.00287	0.28431	0.00399	0.00399
8	0.11855	0.01122	0.18217	0.00874	0.01231	0.03465	0.03204	0.10146	0.09793	0.32361	0.01205	0.01209	0.00837	0.00478	0.00393	0.00130	0.00431	0.02058	0.00367	0.00625
9	0.00517	0.00386	0.00483	0.00535	0.00600	0.00352	0.00379	0.00622	0.00890	0.01170	0.16141	0.49573	0.21037	0.01149	0.00510	0.00155	0.00230	0.04530	0.00393	0.00347
10	0.01113	0.00895	0.00956	0.00839	0.01084	0.01020	0.00659	0.09129	0.70829	0.06228	0.01608	0.01476	0.01192	0.00549	0.00417	0.00137	0.00337	0.00453	0.00422	0.00657
11	0.19967	0.03507	0.01234	0.03293	0.01315	0.43429	0.11950	0.05830	0.01055	0.01320	0.00714	0.00911	0.00588	0.00426	0.00368	0.00119	0.00604	0.02648	0.00234	0.00490
12	0.02641	0.00798	0.00933	0.02777	0.01048	0.00819	0.00614	0.29725	0.05553	0.28062	0.09198	0.01502	0.03938	0.00547	0.00406	0.00124	0.00352	0.00440	0.09912	0.00610
13	0.01378	0.06111	0.01189	0.00855	0.01184	0.01125	0.00708	0.54248	0.07265	0.04932	0.00984	0.00994	0.00721	0.00456	0.00383	0.00111	0.00412	0.00346	0.00371	0.16225
14	0.01021	0.00801	0.05631	0.07867	0.11207	0.00738	0.04650	0.05760	0.06467	0.16441	0.06300	0.09826	0.04840	0.02803	0.03443	0.00155	0.03220	0.00506	0.00327	0.07997
15	0.04178	0.08247	0.13067	0.02757	0.03413	0.08771	0.00794	0.15034	0.08034	0.13662	0.01017	0.01129	0.00777	0.03215	0.09484	0.00185	0.00534	0.00354	0.00303	0.05042
16	0.00678	0.03199	0.05031	0.03614	0.00879	0.00559	0.04048	0.00966	0.09708	0.02779	0.37479	0.18205	0.09582	0.00831	0.00469	0.00138	0.00283	0.00735	0.00387	0.00432
17	0.01842	0.00699	0.00953	0.00730	0.01048	0.00603	0.00603	0.02000	0.01175	0.83298	0.01619	0.01397	0.01016	0.00508	0.00413	0.00127	0.00349	0.00413	0.00508	0.00699
18	0.00921	0.01336	0.30507	0.07253	0.08150	0.00943	0.16756	0.08456	0.09715	0.01455	0.05446	0.02968	0.03279	0.00470	0.00427	0.00133	0.00524	0.00429	0.00256	0.00577
19	0.01022	0.08084	0.14386	0.04204	0.08508	0.01033	0.35290	0.03134	0.05148	0.07323	0.02705	0.01099	0.00730	0.00414	0.00479	0.00132	0.05084	0.00411	0.00240	0.00574
20	0.00584	0.00426	0.00592	0.00595	0.00660	0.00470	0.00443	0.00704	0.00691	0.00978	0.03778	0.05175	0.05884	0.16239	0.57605	0.00536	0.00847	0.00525	0.02922	0.00346
21	0.00502	0.00364	0.00474	0.00557	0.00593	0.00336	0.00376	0.00580	0.00811	0.01073	0.05114	0.75995	0.09210	0.01251	0.00519	0.00163	0.00234	0.01128	0.00383	0.00336
22	0.06128	0.03030	0.20642	0.04726	0.05308	0.06883	0.08573	0.20096	0.04041	0.11521	0.00988	0.04523	0.00753	0.00468	0.00403	0.00128	0.00504	0.00387	0.00299	0.00600
23	0.00959	0.04099	0.25594	0.26455	0.06322	0.05098	0.10747	0.01293	0.03104	0.07231	0.00845	0.02350	0.00640	0.00427	0.00437	0.00132	0.03133	0.00370	0.00218	0.00547

[dist]
# distance from previous block
# <min> <max>
1	2

[block]
# block no. 1 follows, 65 sequences, length 20
# corresponding to MSA columns:
# 36-55
name=unknown_B
#
# <colnr> <probs for GDERKNQSTAVLIFYWHMCP>
#	G	D	E	R	K	N	Q	S	T	A	V	L	I	F	Y	W	H	M	C	P
0	0.22450	0.06938	0.04069	0.00792	0.03086	0.19848	0.02911	0.02427	0.00831	0.02443	0.00719	0.00984	0.00629	0.04603	0.04356	0.17223	0.00497	0.00305	0.00222	0.04665
1	0.05571	0.67715	0.04045	0.00744	0.01082	0.08439	0.00717	0.03019	0.02192	0.02434	0.00624	0.00704	0.00546	0.00369	0.00283	0.00095	0.00459	0.00236	0.00197	0.00529
2	0.00517	0.00374	0.00486	0.00554	0.00597	0.00347	0.00380	0.00609	0.00847	0.01134	0.13825	0.63682	0.08199	0.03808	0.00565	0.00167	0.00238	0.02944	0.00387	0.00340
3	0.17125	0.07108	0.25940	0.00896	0.01246	0.05651	0.05671	0.03705	0.06794	0.05299	0.06721	0.02731	0.02722	0.00518	0.00388	0.00131	0.00458	0.06092	0.00275	0.00529
4	0.02173	0.22363	0.30140	0.02506	0.01411	0.06864	0.05140	0.09316	0.06773	0.04930	0.00880	0.04189	0.00704	0.00443	0.00371	0.00120	0.00513	0.00346	0.00243	0.00576
5	0.01823	0.00729	0.00971	0.00745	0.01063	0.00648	0.00615	0.07308	0.01225	0.77919	0.01577	0.01370	0.00995	0.00507	0.00413	0.00127	0.00356	0.00410	0.00502	0.00699
6	0.00531	0.00396	0.00477	0.00499	0.00584	0.00356	0.00358	0.00655	0.00954	0.01274	0.28445	0.31081	0.27746	0.01039	0.00491	0.00144	0.00213	0.00911	0.03487	0.00356
7	0.01203	0.17635	0.23656	0.01040	0.01400	0.34997	0.05082	0.03653	0.05489	0.01175	0.00727	0.00828	0.00575	0.00406	0.00365	0.00113	0.00614	0.00292	0.00211	0.00540
8	0.06778	0.30463	0.05386	0.00815	0.02758	0.01075	0.03645	0.08391	0.03900	0.26234	0.01085	0.05979	0.00846	0.00477	0.00359	0.00116	0.00408	0.00373	0.00324	0.00589
9	0.00591	0.00422	0.00569	0.00569	0.00611	0.00464	0.00400	0.00675	0.00633	0.00886	0.01183	0.02073	0.01226	0.38435	0.48864	0.00548	0.00799	0.00507	0.00232	0.00316
10	0.00586	0.00429	0.00611	0.00614	0.00671	0.00484	0.00455	0.00700	0.00651	0.00925	0.01178	0.04697	0.01178	0.19604	0.64630	0.00590	0.00929	0.00496	0.00231	0.00342
11	0.01511	0.00887	0.05468	0.00818	0.02806	0.06955	0.00676	0.11377	0.01198	0.48494	0.01594	0.06855	0.05253	0.00591	0.00425	0.00130	0.00395	0.03515	0.00430	0.00622
12	0.08073	0.05670	0.04245	0.00939	0.02719	0.09359	0.07717	0.15876	0.11402	0.20561	0.02968	0.01130	0.00846	0.00473	0.00426	0.00125	0.03529	0.00373	0.00346	0.03224
13	0.03549	0.02214	0.08819	0.04827	0.06429	0.12717	0.27972	0.07417	0.01036	0.04364	0.04602	0.02774	0.00801	0.00432	0.00446	0.00124	0.03084	0.00405	0.00248	0.07739
14	0.09428	0.06373	0.14238	0.00951	0.02727	0.07571	0.06040	0.08782	0.16706	0.03241	0.02297	0.07696	0.02345	0.00563	0.00473	0.00135	0.06931	0.02665	0.00293	0.00545
15	0.06292	0.19301	0.18182	0.03117	0.03553	0.07205	0.06785	0.05532	0.04022	0.12388	0.02750	0.00982	0.00716	0.00419	0.00382	0.00116	0.02091	0.00326	0.00262	0.05580
16	0.08345	0.07955	0.09351	0.04863	0.01321	0.10619	0.07085	0.19098	0.08232	0.05769	0.00949	0.04616	0.00756	0.00467	0.00396	0.00120	0.01700	0.00370	0.00293	0.07695
17	0.02350	0.06493	0.22502	0.02019	0.06300	0.00943	0.09608	0.12467	0.05807	0.06702	0.03059	0.01077	0.00764	0.02436	0.00442	0.00123	0.01802	0.00356	0.00269	0.14480
18	0.07845	0.05803	0.19831	0.01072	0.08233	0.07302	0.05882	0.17358	0.03310	0.01578	0.04533	0.02352	0.00801	0.00535	0.03459	0.00138	0.00507	0.00356	0.00266	0.08841
19	0.07340	0.06974	0.09342	0.02286	0.02892	0.10213	0.06080	0.16615	0.04925	0.08915	0.04149	0.02384	0.00820	0.00449	0.00390	0.00114	0.01682	0.00355	0.00298	0.13776

[dist]
# distance from previous block
# <min> <max>
3	105

[block]
# block no. 2 follows, 65 sequences, length 11
# corresponding to MSA columns:
# 161-171
name=unknown_C
#
# <colnr> <probs for GDERKNQSTAVLIFYWHMCP>
#	G	D	E	R	K	N	Q	S	T	A	V	L	I	F	Y	W	H	M	C	P
0	0.23835	0.00885	0.01223	0.12203	0.34324	0.03683	0.04165	0.01186	0.00859	0.01417	0.03134	0.00981	0.00671	0.00408	0.00388	0.01981	0.00441	0.00330	0.00224	0.07660
1	0.00615	0.00471	0.00604	0.05351	0.07360	0.00462	0.00426	0.00705	0.00801	0.01058	0.13717	0.04764	0.18551	0.40243	0.01223	0.00258	0.00340	0.02407	0.00304	0.00338
2	0.08787	0.00886	0.02862	0.23860	0.22965	0.03921	0.10431	0.01194	0.02224	0.03727	0.00967	0.01509	0.00844	0.00500	0.00449	0.00139	0.02800	0.11177	0.00238	0.00520
3	0.01257	0.00994	0.01063	0.00867	0.01155	0.01099	0.00697	0.38953	0.38372	0.02090	0.01276	0.01223	0.00943	0.00507	0.00405	0.00125	0.00382	0.00402	0.00400	0.07788
4	0.00662	0.00479	0.00596	0.00670	0.07248	0.00479	0.00390	0.05193	0.00748	0.01002	0.01514	0.19963	0.03779	0.53812	0.01485	0.00304	0.00369	0.00693	0.00286	0.00327
5	0.03833	0.01006	0.01251	0.17707	0.03251	0.03353	0.05798	0.42269	0.03130	0.12806	0.00997	0.01066	0.00704	0.00463	0.00410	0.00127	0.00474	0.00376	0.00351	0.00626
6	0.01068	0.60018	0.06388	0.00921	0.01275	0.01462	0.13676	0.04172	0.00886	0.01100	0.00634	0.00767	0.00549	0.00378	0.00372	0.00105	0.05224	0.00280	0.00189	0.00537
7	0.00527	0.00388	0.00500	0.00579	0.00635	0.00361	0.00421	0.00625	0.00840	0.01091	0.02565	0.56900	0.16137	0.01217	0.00525	0.00166	0.00259	0.15540	0.00381	0.00344
8	0.06457	0.01109	0.03418	0.07420	0.04474	0.29344	0.03081	0.03438	0.01053	0.01298	0.20120	0.08654	0.01615	0.02045	0.00451	0.00132	0.00480	0.04664	0.00296	0.00450
9	0.02976	0.06713	0.05822	0.13037	0.28654	0.17546	0.01021	0.08591	0.04322	0.01325	0.00762	0.00944	0.00615	0.00424	0.00443	0.00123	0.05556	0.00334	0.00226	0.00566
10	0.14272	0.18261	0.22563	0.00955	0.01329	0.13505	0.05890	0.11484	0.02347	0.03330	0.00733	0.00830	0.00564	0.00407	0.00367	0.00118	0.01960	0.00294	0.00235	0.00555

[dist]
# distance from previous block
# <min> <max>
1	12

[block]
# block no. 3 follows, 65 sequences, length 21
# corresponding to MSA columns:
# 204-224
name=unknown_D
#
# <colnr> <probs for GDERKNQSTAVLIFYWHMCP>
#	G	D	E	R	K	N	Q	S	T	A	V	L	I	F	Y	W	H	M	C	P
0	0.01056	0.47846	0.11383	0.03689	0.13021	0.04775	0.00891	0.03616	0.00893	0.01133	0.00647	0.00779	0.00555	0.00374	0.00345	0.00102	0.02806	0.00266	0.00192	0.05632
1	0.03552	0.08296	0.33657	0.02950	0.11194	0.02570	0.02327	0.01466	0.19591	0.01377	0.00933	0.01020	0.00712	0.00421	0.00394	0.00123	0.01798	0.00338	0.00242	0.07037
2	0.01114	0.21141	0.08099	0.04595	0.11074	0.14936	0.15993	0.02694	0.00960	0.04679	0.00740	0.00892	0.00592	0.00379	0.00383	0.00110	0.01710	0.00321	0.00216	0.09371
3	0.01035	0.01069	0.01217	0.33925	0.06251	0.20432	0.05359	0.01422	0.15636	0.02518	0.00967	0.01261	0.00776	0.00476	0.00431	0.00132	0.02052	0.04280	0.00249	0.00511
4	0.01327	0.05026	0.01104	0.00957	0.01135	0.61394	0.00722	0.01453	0.03281	0.00998	0.00745	0.01007	0.00671	0.09129	0.04803	0.00167	0.05095	0.00315	0.00218	0.00453
5	0.00751	0.00577	0.00653	0.00631	0.00727	0.00632	0.00443	0.01202	0.31673	0.01186	0.01521	0.13061	0.01490	0.31926	0.06803	0.04990	0.00395	0.00598	0.00325	0.00417
6	0.00785	0.00443	0.00524	0.00490	0.00538	0.00429	0.00302	0.00809	0.00684	0.13243	0.01343	0.02492	0.01421	0.72740	0.01836	0.00357	0.00391	0.00569	0.00288	0.00317
7	0.14537	0.00797	0.00889	0.00750	0.01018	0.00842	0.00601	0.01963	0.38109	0.33782	0.01485	0.01348	0.01038	0.00511	0.00391	0.00133	0.00333	0.00407	0.00428	0.00638
8	0.88473	0.00794	0.00603	0.00540	0.00794	0.00921	0.00445	0.01207	0.00699	0.01842	0.00572	0.00667	0.00445	0.00381	0.00254	0.00127	0.00318	0.00222	0.00254	0.00445
9	0.88473	0.00794	0.00603	0.00540	0.00794	0.00921	0.00445	0.01207	0.00699	0.01842	0.00572	0.00667	0.00445	0.00381	0.00254	0.00127	0.00318	0.00222	0.00254	0.00445
10	0.00821	0.01881	0.68516	0.13773	0.01947	0.00950	0.03955	0.01263	0.00863	0.01263	0.00739	0.00909	0.00527	0.00392	0.00396	0.00131	0.00600	0.00318	0.00176	0.00582
11	0.14203	0.00902	0.01215	0.01569	0.39206	0.00971	0.00897	0.01575	0.30319	0.01559	0.02826	0.01194	0.00906	0.00447	0.00389	0.00129	0.00397	0.00388	0.00294	0.00613
12	0.01560	0.01150	0.01232	0.00944	0.01273	0.01273	0.00780	0.81645	0.01930	0.02587	0.00986	0.00986	0.00698	0.00493	0.00411	0.00123	0.00452	0.00370	0.00411	0.00698
13	0.64764	0.00768	0.00699	0.00592	0.00863	0.00834	0.00488	0.01424	0.00829	0.24135	0.00858	0.00867	0.00601	0.00416	0.00297	0.00127	0.00326	0.00274	0.00324	0.00514
14	0.00499	0.00361	0.00472	0.00562	0.00593	0.00334	0.00377	0.00573	0.00795	0.01052	0.02383	0.80138	0.07805	0.01270	0.00521	0.00165	0.00236	0.01148	0.00381	0.00334
15	0.01075	0.01625	0.39721	0.01268	0.01737	0.10387	0.25039	0.01431	0.00969	0.11540	0.00863	0.00990	0.00614	0.00396	0.00419	0.00129	0.00615	0.00366	0.00230	0.00588
16	0.00572	0.00419	0.00536	0.00507	0.00608	0.00383	0.00380	0.00757	0.01141	0.01595	0.75375	0.03150	0.11326	0.00858	0.00484	0.00130	0.00195	0.00754	0.00445	0.00383
17	0.01021	0.01514	0.43360	0.01046	0.01478	0.00957	0.04372	0.03543	0.21333	0.11072	0.01074	0.01110	0.00772	0.00464	0.00455	0.00135	0.05024	0.00368	0.00282	0.00620
18	0.01241	0.52722	0.01789	0.00921	0.05525	0.29604	0.00763	0.01370	0.00952	0.00999	0.00603	0.00705	0.00534	0.00376	0.00307	0.00096	0.00544	0.00243	0.00189	0.00516
19	0.00851	0.00730	0.00851	0.00608	0.00973	0.00547	0.00486	0.01034	0.00851	0.01338	0.00730	0.00851	0.00608	0.00304	0.00304	0.00061	0.00304	0.00243	0.00243	0.88083
20	0.02892	0.14774	0.01309	0.00981	0.01215	0.58516	0.00773	0.07003	0.03204	0.01138	0.00670	0.00770	0.00557	0.00432	0.00398	0.00109	0.04260	0.00273	0.00224	0.00502

[dist]
# distance from previous block
# <min> <max>
1	11

[block]
# block no. 4 follows, 65 sequences, length 20
# corresponding to MSA columns:
# 249-268
name=unknown_E
#
# <colnr> <probs for GDERKNQSTAVLIFYWHMCP>
#	G	D	E	R	K	N	Q	S	T	A	V	L	I	F	Y	W	H	M	C	P
0	0.12115	0.09597	0.05335	0.00835	0.01184	0.00967	0.07782	0.20984	0.04257	0.06749	0.00857	0.00925	0.00648	0.00395	0.00351	0.00105	0.00409	0.00312	0.00295	0.25898
1	0.01104	0.07552	0.01252	0.12678	0.05963	0.31792	0.07970	0.04483	0.01011	0.01141	0.01024	0.08859	0.04687	0.02897	0.00445	0.00126	0.00553	0.00424	0.00239	0.05800
2	0.10796	0.01141	0.01158	0.03883	0.05978	0.10721	0.00772	0.48036	0.01506	0.04737	0.00876	0.00934	0.00645	0.00462	0.00412	0.00121	0.02946	0.00337	0.00340	0.04199
3	0.00545	0.00381	0.00489	0.00556	0.00610	0.00349	0.00385	0.00631	0.00837	0.03500	0.05344	0.65672	0.14593	0.01207	0.00515	0.00161	0.00239	0.03250	0.00387	0.00349
4	0.00585	0.00428	0.00493	0.00475	0.00601	0.00373	0.00356	0.00723	0.01023	0.05197	0.32752	0.07177	0.46431	0.00952	0.00483	0.00136	0.00211	0.00813	0.00413	0.00378
5	0.03180	0.14352	0.20868	0.14887	0.17388	0.06784	0.14415	0.01264	0.00900	0.01212	0.00721	0.00926	0.00566	0.00377	0.00388	0.00123	0.00564	0.00337	0.00191	0.00557
6	0.01047	0.57010	0.05961	0.06533	0.03191	0.03121	0.15687	0.01245	0.00869	0.01060	0.00643	0.00789	0.00548	0.00358	0.00325	0.00103	0.00508	0.00286	0.00183	0.00532
7	0.00495	0.00378	0.00455	0.00517	0.00581	0.00338	0.00357	0.00578	0.00838	0.01069	0.02928	0.56755	0.30836	0.01200	0.00510	0.00157	0.00228	0.01061	0.00381	0.00338
8	0.00524	0.00377	0.00460	0.00516	0.00550	0.00353	0.00336	0.00581	0.00758	0.00990	0.02284	0.51254	0.14233	0.23721	0.00936	0.00224	0.00276	0.00971	0.00346	0.00313
9	0.00909	0.02797	0.31580	0.10598	0.23009	0.00987	0.21673	0.01265	0.00905	0.01282	0.00766	0.00987	0.00583	0.00374	0.00418	0.00130	0.00588	0.00371	0.00191	0.00587
10	0.00945	0.00903	0.01539	0.26588	0.59497	0.00957	0.01225	0.01198	0.00901	0.01255	0.00760	0.01039	0.00620	0.00379	0.00408	0.00126	0.00505	0.00365	0.00197	0.00593
11	0.01798	0.04376	0.01016	0.00738	0.01058	0.00676	0.00615	0.05429	0.01193	0.76252	0.01547	0.01348	0.00981	0.00501	0.00406	0.00125	0.00358	0.00403	0.00490	0.00691
12	0.00917	0.01117	0.18159	0.29265	0.18215	0.00928	0.13759	0.03091	0.00921	0.04407	0.00864	0.01211	0.00681	0.00427	0.00425	0.00134	0.00552	0.04158	0.00216	0.00552
13	0.01006	0.06015	0.24566	0.31250	0.13076	0.00945	0.01156	0.04071	0.00934	0.11877	0.00853	0.01030	0.00618	0.00411	0.00396	0.00128	0.00521	0.00346	0.00232	0.00569
14	0.25004	0.04093	0.09546	0.04694	0.01516	0.09046	0.27532	0.03367	0.05580	0.01460	0.00766	0.00923	0.00586	0.00385	0.00377	0.00126	0.00529	0.00346	0.00234	0.03892
15	0.36984	0.00770	0.02780	0.00769	0.01021	0.00776	0.08664	0.01289	0.05525	0.12347	0.01187	0.01804	0.01045	0.00579	0.00386	0.00141	0.00380	0.19164	0.00319	0.04071
16	0.14733	0.07278	0.16449	0.01119	0.01495	0.11303	0.24288	0.07250	0.00991	0.04770	0.00775	0.00919	0.00587	0.00439	0.02020	0.00133	0.00566	0.00342	0.00236	0.04309
17	0.01006	0.04887	0.20338	0.15389	0.06427	0.00996	0.21305	0.06973	0.04210	0.07330	0.00904	0.02087	0.00690	0.00437	0.00460	0.00134	0.04017	0.01599	0.00242	0.00569
18	0.07449	0.07933	0.02562	0.00675	0.00969	0.05013	0.00558	0.02458	0.00890	0.07714	0.02419	0.08870	0.00895	0.00470	0.00380	0.00095	0.03594	0.01488	0.00275	0.45291
19	0.06449	0.42714	0.05389	0.06649	0.01212	0.10018	0.00737	0.04117	0.02606	0.07228	0.00753	0.02257	0.00624	0.00400	0.00317	0.00102	0.00456	0.00281	0.00231	0.07460

[dist]
# distance from previous block
# <min> <max>
2	33

[block]
# block no. 5 follows, 65 sequences, length 17
# corresponding to MSA columns:
# 302-318
name=unknown_F
#
# <colnr> <probs for GDERKNQSTAVLIFYWHMCP>
#	G	D	E	R	K	N	Q	S	T	A	V	L	I	F	Y	W	H	M	C	P
0	0.02754	0.03478	0.20005	0.06065	0.05959	0.03931	0.07409	0.06945	0.03605	0.11861	0.04731	0.03172	0.00891	0.00466	0.00422	0.00121	0.02688	0.01917	0.00281	0.13299
1	0.07087	0.03503	0.11522	0.06560	0.18250	0.03117	0.09193	0.07696	0.03332	0.06133	0.03778	0.03857	0.00821	0.00444	0.00415	0.00121	0.02470	0.00384	0.00261	0.11059
2	0.06064	0.00912	0.07651	0.05220	0.19584	0.00817	0.07440	0.05407	0.06693	0.07416	0.10803	0.02628	0.01150	0.00489	0.00422	0.00123	0.01869	0.02615	0.00293	0.12404
3	0.03935	0.01070	0.03719	0.13295	0.10398	0.15053	0.06315	0.08329	0.00996	0.05673	0.00918	0.02384	0.03515	0.01770	0.00536	0.00129	0.10915	0.00371	0.00248	0.10432
4	0.01050	0.00984	0.01401	0.05823	0.18374	0.06525	0.11871	0.10592	0.04353	0.03678	0.00855	0.02757	0.00738	0.05927	0.00776	0.00159	0.22945	0.00410	0.00245	0.00537
5	0.00597	0.00398	0.00448	0.00448	0.00448	0.00398	0.00249	0.00597	0.00597	0.00796	0.01293	0.02686	0.01492	0.85574	0.02089	0.00398	0.00398	0.00597	0.00249	0.00249
6	0.02633	0.00919	0.04165	0.00985	0.09273	0.00958	0.00731	0.22417	0.29266	0.04128	0.11014	0.02836	0.04935	0.00581	0.00453	0.00133	0.03116	0.00476	0.00379	0.00603
7	0.88473	0.00794	0.00603	0.00540	0.00794	0.00921	0.00445	0.01207	0.00699	0.01842	0.00572	0.00667	0.00445	0.00381	0.00254	0.00127	0.00318	0.00222	0.00254	0.00445
8	0.02612	0.00882	0.01237	0.17170	0.25740	0.00975	0.02661	0.03128	0.35081	0.04437	0.01173	0.01256	0.00894	0.00462	0.00411	0.00133	0.00426	0.00409	0.00305	0.00610
9	0.88473	0.00794	0.00603	0.00540	0.00794	0.00921	0.00445	0.01207	0.00699	0.01842	0.00572	0.00667	0.00445	0.00381	0.00254	0.00127	0.00318	0.00222	0.00254	0.00445
10	0.00631	0.00487	0.00657	0.00632	0.00670	0.00569	0.00463	0.00714	0.00640	0.00904	0.01181	0.01977	0.03488	0.33164	0.39849	0.00481	0.12429	0.00499	0.00230	0.00334
11	0.00920	0.00867	0.01451	0.42100	0.34020	0.00962	0.05145	0.04612	0.03573	0.01264	0.00793	0.01074	0.00621	0.00398	0.00413	0.00131	0.00520	0.00375	0.00209	0.00553
12	0.00500	0.00357	0.00476	0.00572	0.00595	0.00333	0.00381	0.00572	0.00786	0.01048	0.02262	0.85306	0.02715	0.01286	0.00524	0.00167	0.00238	0.01167	0.00381	0.00333
13	0.88473	0.00794	0.00603	0.00540	0.00794	0.00921	0.00445	0.01207	0.00699	0.01842	0.00572	0.00667	0.00445	0.00381	0.00254	0.00127	0.00318	0.00222	0.00254	0.00445
14	0.05297	0.26801	0.01469	0.00850	0.01176	0.03623	0.00736	0.48263	0.03226	0.03534	0.00858	0.00885	0.00648	0.00445	0.00358	0.00113	0.00445	0.00317	0.00329	0.00628
15	0.16815	0.06715	0.05843	0.00787	0.01065	0.01025	0.00682	0.30091	0.11077	0.04503	0.08644	0.01374	0.04370	0.00541	0.00412	0.00128	0.02706	0.02296	0.00352	0.00573
16	0.00917	0.08244	0.16853	0.00782	0.01035	0.10830	0.00724	0.01233	0.10118	0.07582	0.19194	0.14817	0.04642	0.00681	0.00427	0.00130	0.00395	0.00570	0.00332	0.00496

[dist]
# distance from previous block
# <min> <max>
1	3

[block]
# block no. 6 follows, 65 sequences, length 7
# corresponding to MSA columns:
# 322-328
name=unknown_G
#
# <colnr> <probs for GDERKNQSTAVLIFYWHMCP>
#	G	D	E	R	K	N	Q	S	T	A	V	L	I	F	Y	W	H	M	C	P
0	0.01001	0.06371	0.06646	0.00833	0.05194	0.00758	0.03970	0.08028	0.03187	0.07016	0.03675	0.01002	0.00765	0.00373	0.00345	0.00088	0.00371	0.00307	0.00275	0.49794
1	0.01314	0.06015	0.05254	0.00863	0.01179	0.05072	0.00733	0.43762	0.07946	0.06091	0.01063	0.06071	0.00841	0.00506	0.00393	0.00117	0.00426	0.00394	0.00358	0.11601
2	0.00941	0.01253	0.24867	0.08193	0.07015	0.00916	0.26773	0.02521	0.02376	0.06098	0.05325	0.01203	0.00828	0.00433	0.00464	0.00132	0.03681	0.01812	0.00237	0.04932
3	0.00766	0.00616	0.03139	0.00716	0.03078	0.00553	0.05412	0.01074	0.10691	0.07136	0.40048	0.07513	0.10228	0.00738	0.00457	0.00129	0.00282	0.00652	0.00397	0.06376
4	0.03695	0.00521	0.00656	0.00585	0.00734	0.00495	0.03667	0.03735	0.04203	0.07838	0.35469	0.05673	0.23524	0.05093	0.02155	0.00157	0.00277	0.00699	0.00402	0.00422
5	0.08226	0.09153	0.32130	0.02686	0.05421	0.06609	0.00989	0.05972	0.03007	0.08849	0.03433	0.03856	0.00782	0.00446	0.00372	0.00120	0.00483	0.00347	0.00256	0.06862
6	0.05589	0.51123	0.01820	0.00840	0.01177	0.05915	0.08895	0.06359	0.03289	0.10400	0.00775	0.00837	0.00619	0.00388	0.00322	0.00104	0.00463	0.00287	0.00244	0.00556

[dist]
# distance from previous block
# <min> <max>
1	18

[block]
# block no. 7 follows, 65 sequences, length 21
# corresponding to MSA columns:
# 347-367
name=unknown_H
#
# <colnr> <probs for GDERKNQSTAVLIFYWHMCP>
#	G	D	E	R	K	N	Q	S	T	A	V	L	I	F	Y	W	H	M	C	P
0	0.07118	0.00777	0.01032	0.16562	0.08913	0.00758	0.03478	0.08516	0.02286	0.02498	0.01996	0.01171	0.03877	0.03823	0.01620	0.00122	0.00405	0.00349	0.00257	0.34443
1	0.02519	0.05795	0.05970	0.16310	0.15100	0.04684	0.05181	0.12441	0.08164	0.07088	0.00952	0.01183	0.00758	0.07324	0.00532	0.00145	0.00477	0.00378	0.00272	0.04729
2	0.02711	0.00809	0.01282	0.40708	0.22871	0.00898	0.03045	0.05105	0.04445	0.05557	0.04629	0.01261	0.00830	0.00446	0.00414	0.00131	0.00483	0.02192	0.00246	0.01938
3	0.00873	0.00752	0.04060	0.00717	0.03842	0.00564	0.01896	0.01059	0.00874	0.06013	0.02352	0.09845	0.00908	0.00435	0.00346	0.00083	0.00322	0.00370	0.00272	0.64418
4	0.04952	0.01170	0.19618	0.04586	0.14495	0.00909	0.11102	0.09688	0.07858	0.03773	0.00945	0.03120	0.00755	0.00436	0.00399	0.00122	0.00478	0.02274	0.00261	0.13058
5	0.00951	0.00907	0.01542	0.19672	0.63948	0.00944	0.01211	0.01197	0.00907	0.01272	0.00804	0.03337	0.00685	0.00400	0.00410	0.00126	0.00493	0.00387	0.00204	0.00601
6	0.00685	0.00443	0.00582	0.00534	0.00649	0.00405	0.00405	0.00876	0.01163	0.08367	0.76115	0.02929	0.03638	0.00812	0.00478	0.00129	0.00206	0.00715	0.00456	0.00413
7	0.01191	0.01084	0.02882	0.00992	0.05981	0.10954	0.00752	0.17934	0.43143	0.03588	0.02878	0.01284	0.01021	0.00524	0.00448	0.00132	0.03809	0.00412	0.00367	0.00626
8	0.00775	0.00730	0.01231	0.84587	0.02827	0.00912	0.01140	0.01049	0.00821	0.01049	0.00730	0.01094	0.00547	0.00410	0.00410	0.00137	0.00547	0.00365	0.00182	0.00456
9	0.00923	0.05819	0.51925	0.01099	0.01582	0.03611	0.07161	0.05314	0.12989	0.01393	0.00998	0.01078	0.03409	0.00437	0.00398	0.00129	0.00546	0.00357	0.00232	0.00597
10	0.00486	0.00413	0.00419	0.00425	0.00557	0.00346	0.00316	0.00588	0.00927	0.01105	0.04051	0.08564	0.78302	0.01054	0.00487	0.00140	0.00210	0.00883	0.00381	0.00346
11	0.01001	0.00864	0.00909	0.00820	0.01048	0.00996	0.00637	0.02122	0.79246	0.01695	0.01763	0.01621	0.04289	0.00575	0.00420	0.00139	0.00321	0.00479	0.00416	0.00638
12	0.00597	0.00398	0.00448	0.00448	0.00448	0.00398	0.00249	0.00597	0.00597	0.00796	0.01293	0.02686	0.01492	0.85574	0.02089	0.00398	0.00398	0.00597	0.00249	0.00249
13	0.00713	0.00357	0.00535	0.00535	0.00535	0.00357	0.00357	0.00535	0.00535	0.00713	0.00713	0.01248	0.00713	0.01426	0.01604	0.88057	0.00357	0.00357	0.00178	0.00178
14	0.00958	0.00925	0.01603	0.21379	0.60624	0.00964	0.05127	0.01214	0.00910	0.01272	0.00765	0.01038	0.00625	0.00375	0.00411	0.00126	0.00511	0.00371	0.00199	0.00601
15	0.00985	0.16712	0.39028	0.01222	0.01692	0.09827	0.22340	0.01327	0.00919	0.01213	0.00721	0.00880	0.00549	0.00375	0.00390	0.00122	0.00613	0.00332	0.00187	0.00565
16	0.88473	0.00794	0.00603	0.00540	0.00794	0.00921	0.00445	0.01207	0.00699	0.01842	0.00572	0.00667	0.00445	0.00381	0.00254	0.00127	0.00318	0.00222	0.00254	0.00445
17	0.00597	0.00398	0.00448	0.00448	0.00448	0.00398	0.00249	0.00597	0.00597	0.00796	0.01293	0.02686	0.01492	0.85574	0.02089	0.00398	0.00398	0.00597	0.00249	0.00249
18	0.01040	0.01036	0.01819	0.01362	0.01709	0.01054	0.47407	0.08854	0.28024	0.01563	0.01123	0.01237	0.00839	0.00429	0.00456	0.00137	0.00549	0.00467	0.00296	0.00599
19	0.00574	0.00419	0.00539	0.00509	0.00609	0.00384	0.00382	0.00761	0.01145	0.01606	0.76948	0.03132	0.09747	0.00854	0.00484	0.00130	0.00195	0.00752	0.00447	0.00384
20	0.62237	0.06462	0.09491	0.00673	0.00971	0.07321	0.00614	0.03601	0.00809	0.03814	0.00633	0.00721	0.00486	0.00390	0.00286	0.00123	0.00393	0.00243	0.00248	0.00483

[dist]
# distance from previous block
# <min> <max>
0	1

[block]
# block no. 8 follows, 65 sequences, length 51
# corresponding to MSA columns:
# 369,372-399,401-422
name=unknown_I
#
# <colnr> <probs for GDERKNQSTAVLIFYWHMCP>
#	G	D	E	R	K	N	Q	S	T	A	V	L	I	F	Y	W	H	M	C	P
0	0.01043	0.68090	0.17918	0.00795	0.01194	0.01483	0.00860	0.01259	0.02256	0.01044	0.00622	0.00714	0.00538	0.00362	0.00291	0.00097	0.00470	0.00240	0.00179	0.00544
1	0.77371	0.00839	0.00684	0.00592	0.00855	0.00966	0.00487	0.11482	0.00856	0.01937	0.00624	0.00708	0.00477	0.00395	0.00274	0.00127	0.00335	0.00241	0.00274	0.00477
2	0.00964	0.07184	0.23636	0.01074	0.10966	0.00829	0.05435	0.01236	0.00892	0.07592	0.00796	0.00918	0.00614	0.00363	0.00373	0.00100	0.01876	0.00301	0.00232	0.34619
3	0.00500	0.00357	0.00476	0.00572	0.00595	0.00333	0.00381	0.00572	0.00786	0.01048	0.02262	0.85306	0.02715	0.01286	0.00524	0.00167	0.00238	0.01167	0.00381	0.00333
4	0.00674	0.00572	0.00853	0.07173	0.00988	0.01999	0.04548	0.00820	0.00686	0.00969	0.00999	0.01539	0.00942	0.09539	0.54927	0.00504	0.11233	0.00437	0.00214	0.00384
5	0.03668	0.00781	0.01230	0.70618	0.06003	0.00949	0.01089	0.08590	0.00925	0.01230	0.00750	0.01067	0.00562	0.00415	0.00405	0.00135	0.00528	0.00361	0.00207	0.00486
6	0.00586	0.00440	0.00660	0.00660	0.00733	0.00513	0.00513	0.00733	0.00660	0.00953	0.01100	0.01613	0.01026	0.03079	0.83947	0.00660	0.01100	0.00440	0.00220	0.00367
7	0.01113	0.82915	0.02117	0.00715	0.01061	0.04476	0.00706	0.01243	0.00845	0.00967	0.00573	0.00661	0.00527	0.00354	0.00267	0.00088	0.00449	0.00221	0.00177	0.00525
8	0.01119	0.81627	0.02102	0.00720	0.01064	0.05740	0.00707	0.01250	0.00851	0.00968	0.00574	0.00663	0.00527	0.00355	0.00269	0.00089	0.00454	0.00222	0.00177	0.00524
9	0.00849	0.00830	0.06802	0.00648	0.01031	0.00576	0.00561	0.01053	0.00852	0.01335	0.00730	0.00852	0.00602	0.00310	0.00310	0.00066	0.00326	0.00248	0.00238	0.81780
10	0.01336	0.01030	0.11959	0.12577	0.16016	0.03191	0.02399	0.10928	0.01124	0.31963	0.01127	0.01209	0.00790	0.00459	0.00411	0.00128	0.00464	0.01920	0.00338	0.00630
11	0.01497	0.01897	0.01158	0.01051	0.01254	0.79850	0.00792	0.01603	0.01138	0.01003	0.00639	0.00760	0.00538	0.00478	0.01832	0.00118	0.03440	0.00270	0.00211	0.00473
12	0.02370	0.02013	0.03584	0.01074	0.06113	0.01928	0.15010	0.27787	0.01342	0.25898	0.03882	0.01323	0.04735	0.00494	0.00425	0.00127	0.00452	0.00431	0.00378	0.00633
13	0.02385	0.02046	0.08305	0.18576	0.02965	0.01948	0.02676	0.12930	0.02721	0.03493	0.01003	0.04106	0.00906	0.17579	0.09640	0.00238	0.03194	0.00434	0.00258	0.04596
14	0.00585	0.00449	0.00622	0.00612	0.00688	0.00492	0.00467	0.00723	0.00786	0.01099	0.16718	0.06257	0.10702	0.05908	0.47510	0.00445	0.04702	0.00582	0.00288	0.00365
15	0.00500	0.00359	0.00474	0.00567	0.00594	0.00334	0.00379	0.00572	0.00791	0.01050	0.02321	0.82781	0.05202	0.01278	0.00523	0.00166	0.00237	0.01158	0.00381	0.00334
16	0.01241	0.01383	0.09280	0.06674	0.15084	0.24781	0.15448	0.12844	0.01142	0.05627	0.00807	0.00958	0.00616	0.00415	0.00425	0.00123	0.01978	0.00355	0.00247	0.00573
17	0.00901	0.07371	0.61195	0.01103	0.01627	0.00972	0.05827	0.01371	0.06724	0.05165	0.00944	0.01033	0.03111	0.00422	0.00393	0.00128	0.00556	0.00342	0.00215	0.00598
18	0.00498	0.00365	0.00468	0.00550	0.00590	0.00335	0.00371	0.00574	0.00807	0.01056	0.02529	0.73876	0.13973	0.01251	0.00518	0.00163	0.00234	0.01125	0.00381	0.00335
19	0.01377	0.01878	0.12762	0.03279	0.07273	0.64201	0.00937	0.01549	0.01096	0.01071	0.00661	0.00787	0.00537	0.00414	0.00377	0.00111	0.00698	0.00280	0.00205	0.00506
20	0.01096	0.01056	0.02006	0.07922	0.01959	0.02974	0.55810	0.10589	0.01088	0.07856	0.00930	0.01191	0.00696	0.00401	0.00464	0.00136	0.00620	0.02381	0.00257	0.00568
21	0.88473	0.00794	0.00603	0.00540	0.00794	0.00921	0.00445	0.01207	0.00699	0.01842	0.00572	0.00667	0.00445	0.00381	0.00254	0.00127	0.00318	0.00222	0.00254	0.00445
22	0.00787	0.00741	0.01252	0.80722	0.06604	0.00915	0.01146	0.01059	0.00826	0.01063	0.00732	0.01091	0.00552	0.00408	0.00410	0.00136	0.00544	0.00365	0.00183	0.00465
23	0.01405	0.00602	0.00813	0.00656	0.00897	0.00529	0.00529	0.01576	0.01170	0.55019	0.29733	0.01975	0.02006	0.00623	0.00438	0.00128	0.00295	0.00527	0.00489	0.00591
24	0.00851	0.00730	0.00851	0.00608	0.00973	0.00547	0.00486	0.01034	0.00851	0.01338	0.00730	0.00851	0.00608	0.00304	0.00304	0.00061	0.00304	0.00243	0.00243	0.88083
25	0.00525	0.00386	0.00495	0.00562	0.00619	0.00357	0.00402	0.00627	0.00868	0.01142	0.11270	0.54658	0.15354	0.01182	0.00518	0.00161	0.00244	0.09894	0.00388	0.00346
26	0.01456	0.02623	0.02866	0.07530	0.13494	0.05501	0.04220	0.28628	0.01345	0.26545	0.01088	0.01106	0.00757	0.00458	0.00408	0.00124	0.00462	0.00377	0.00364	0.00649
27	0.00501	0.00373	0.00467	0.00535	0.00587	0.00339	0.00366	0.00585	0.00837	0.01091	0.06615	0.63357	0.20433	0.01210	0.00513	0.00159	0.00229	0.01080	0.00385	0.00339
28	0.00500	0.00357	0.00476	0.00572	0.00595	0.00333	0.00381	0.00572	0.00786	0.01048	0.02262	0.85306	0.02715	0.01286	0.00524	0.00167	0.00238	0.01167	0.00381	0.00333
29	0.05529	0.44113	0.01708	0.00893	0.01189	0.33525	0.05473	0.01392	0.00963	0.01044	0.00611	0.00717	0.00529	0.00380	0.00317	0.00100	0.00565	0.00253	0.00195	0.00505
30	0.00581	0.00420	0.00549	0.00516	0.00613	0.00387	0.00387	0.00775	0.01162	0.01646	0.82797	0.03066	0.03873	0.00839	0.00484	0.00129	0.00194	0.00742	0.00452	0.00387
31	0.00891	0.09734	0.60520	0.01274	0.07374	0.01022	0.09931	0.01301	0.00883	0.02301	0.00745	0.00890	0.00547	0.00381	0.00390	0.00126	0.00589	0.00320	0.00183	0.00598
32	0.00643	0.00476	0.00579	0.00552	0.00619	0.00475	0.00382	0.00708	0.00691	0.00951	0.01406	0.04825	0.04737	0.49550	0.07713	0.00325	0.04876	0.09010	0.00265	0.11217
33	0.76262	0.00821	0.00619	0.00559	0.00789	0.05252	0.00446	0.01177	0.00714	0.01707	0.00638	0.00846	0.00540	0.07778	0.00419	0.00149	0.00347	0.00257	0.00251	0.00429
34	0.00981	0.09019	0.02397	0.01634	0.02043	0.01093	0.73974	0.01307	0.00956	0.01282	0.00806	0.01065	0.00614	0.00347	0.00464	0.00134	0.00668	0.00460	0.00205	0.00551
35	0.05145	0.44718	0.33689	0.00878	0.01323	0.01276	0.01002	0.01296	0.00858	0.05478	0.00691	0.00779	0.00546	0.00376	0.00320	0.00108	0.00494	0.00262	0.00196	0.00563
36	0.00581	0.00420	0.00549	0.00516	0.00613	0.00387	0.00387	0.00775	0.01162	0.01646	0.82797	0.03066	0.03873	0.00839	0.00484	0.00129	0.00194	0.00742	0.00452	0.00387
37	0.01076	0.76846	0.08378	0.00741	0.01106	0.02823	0.00762	0.01234	0.00846	0.01002	0.01771	0.00711	0.00575	0.00362	0.00278	0.00092	0.00453	0.00234	0.00180	0.00530
38	0.00576	0.00419	0.00542	0.00511	0.00610	0.00385	0.00383	0.00765	0.01150	0.01618	0.78651	0.03113	0.08037	0.00850	0.00484	0.00130	0.00194	0.00749	0.00448	0.00385
39	0.01398	0.01407	0.01175	0.00995	0.01244	0.35213	0.03223	0.25136	0.17482	0.03210	0.00964	0.01001	0.00735	0.00483	0.00442	0.00122	0.04525	0.00349	0.00315	0.00581
40	0.00576	0.00419	0.00542	0.00512	0.00611	0.00385	0.00384	0.00766	0.01151	0.01621	0.79126	0.03108	0.07560	0.00849	0.00484	0.00130	0.00194	0.00748	0.00449	0.00385
41	0.00797	0.00650	0.00756	0.01685	0.03378	0.03218	0.00536	0.10494	0.09302	0.01303	0.07724	0.03603	0.13965	0.16667	0.15411	0.00278	0.05407	0.04080	0.00316	0.00430
42	0.00988	0.05416	0.01634	0.13381	0.67986	0.01001	0.01214	0.01230	0.00914	0.01282	0.00756	0.01008	0.00630	0.00371	0.00399	0.00122	0.00493	0.00358	0.00199	0.00618
43	0.00957	0.00916	0.01560	0.22472	0.63518	0.00960	0.01231	0.01208	0.00907	0.01270	0.00762	0.01035	0.00625	0.00377	0.00407	0.00126	0.00502	0.00366	0.00198	0.00603
44	0.00732	0.00576	0.00669	0.00676	0.00794	0.00610	0.00501	0.05377	0.26486	0.01373	0.04679	0.42755	0.06193	0.00979	0.00484	0.00155	0.00282	0.05827	0.00396	0.00457
45	0.01047	0.70475	0.17057	0.00788	0.01186	0.01501	0.00852	0.01242	0.00840	0.01027	0.00601	0.00697	0.00526	0.00358	0.00287	0.00096	0.00470	0.00235	0.00175	0.00541
46	0.00831	0.02077	0.80116	0.01225	0.05086	0.00954	0.01506	0.01298	0.00869	0.01302	0.00738	0.00873	0.00525	0.00389	0.00391	0.00130	0.00602	0.00306	0.00175	0.00608
47	0.01256	0.34709	0.14715	0.00871	0.01248	0.05487	0.00852	0.26893	0.01223	0.05887	0.00792	0.00844	0.00608	0.00413	0.00345	0.00108	0.00477	0.00294	0.00271	0.02707
48	0.00606	0.00419	0.00596	0.00596	0.00643	0.00466	0.00433	0.00675	0.00629	0.00885	0.01089	0.01799	0.01086	0.21059	0.54454	0.12727	0.00842	0.00463	0.00220	0.00314
49	0.00910	0.00765	0.01159	0.03466	0.33444	0.00782	0.03111	0.02356	0.12282	0.05354	0.27833	0.01779	0.01802	0.00565	0.00459	0.00129	0.02409	0.00508	0.00331	0.00555
50	0.00956	0.02856	0.05244	0.00655	0.01022	0.00604	0.00559	0.01161	0.01938	0.09786	0.00849	0.01929	0.00677	0.00346	0.00323	0.00074	0.00327	0.00277	0.00269	0.70148

[dist]
# distance from previous block
# <min> <max>
2	8

[block]
# block no. 9 follows, 65 sequences, length 26
# corresponding to MSA columns:
# 451-476
name=unknown_J
#
# <colnr> <probs for GDERKNQSTAVLIFYWHMCP>
#	G	D	E	R	K	N	Q	S	T	A	V	L	I	F	Y	W	H	M	C	P
0	0.58423	0.00850	0.05045	0.00670	0.00943	0.00867	0.03929	0.02767	0.00815	0.10652	0.04114	0.00913	0.00685	0.00480	0.02126	0.00139	0.02815	0.00292	0.00284	0.03193
1	0.83220	0.00785	0.00621	0.00555	0.00796	0.00914	0.00456	0.01187	0.00711	0.01811	0.03111	0.00748	0.00553	0.00405	0.00293	0.00129	0.02763	0.00242	0.00258	0.00443
2	0.00595	0.00404	0.00477	0.00477	0.00487	0.00414	0.00285	0.00616	0.00606	0.00817	0.01267	0.02539	0.01428	0.74262	0.13314	0.00434	0.00494	0.00575	0.00245	0.00265
3	0.06949	0.00992	0.07915	0.02403	0.01265	0.01056	0.12037	0.10717	0.06634	0.03641	0.03857	0.03121	0.02560	0.01814	0.00800	0.00155	0.32887	0.00420	0.00261	0.00517
4	0.88473	0.00794	0.00603	0.00540	0.00794	0.00921	0.00445	0.01207	0.00699	0.01842	0.00572	0.00667	0.00445	0.00381	0.00254	0.00127	0.00318	0.00222	0.00254	0.00445
5	0.01190	0.01070	0.06989	0.03937	0.15580	0.01052	0.13766	0.24724	0.12213	0.07563	0.01035	0.02581	0.00785	0.00474	0.00474	0.00133	0.05081	0.00412	0.00314	0.00627
6	0.88473	0.00794	0.00603	0.00540	0.00794	0.00921	0.00445	0.01207	0.00699	0.01842	0.00572	0.00667	0.00445	0.00381	0.00254	0.00127	0.00318	0.00222	0.00254	0.00445
7	0.00965	0.01055	0.01909	0.06394	0.05707	0.04922	0.45072	0.01214	0.00866	0.01188	0.00725	0.01022	0.00590	0.00466	0.00730	0.00148	0.25888	0.00424	0.00198	0.00518
8	0.00787	0.00742	0.01252	0.80575	0.06747	0.00915	0.01146	0.01059	0.00826	0.01063	0.00732	0.01091	0.00552	0.00408	0.00410	0.00136	0.00544	0.00365	0.00183	0.00465
9	0.00500	0.00357	0.00476	0.00572	0.00595	0.00333	0.00381	0.00572	0.00786	0.01048	0.02262	0.85306	0.02715	0.01286	0.00524	0.00167	0.00238	0.01167	0.00381	0.00333
10	0.88473	0.00794	0.00603	0.00540	0.00794	0.00921	0.00445	0.01207	0.00699	0.01842	0.00572	0.00667	0.00445	0.00381	0.00254	0.00127	0.00318	0.00222	0.00254	0.00445
11	0.01571	0.01133	0.01222	0.00937	0.01265	0.01249	0.00774	0.78743	0.01902	0.05527	0.01009	0.01001	0.00710	0.00493	0.00411	0.00123	0.00448	0.00371	0.00414	0.00698
12	0.00833	0.00714	0.00830	0.00599	0.00952	0.00537	0.00478	0.01012	0.00855	0.01326	0.00897	0.01003	0.04628	0.00340	0.00313	0.00065	0.00299	0.00274	0.00250	0.83794
13	0.00551	0.00418	0.00505	0.00483	0.00591	0.00375	0.00361	0.00713	0.01079	0.01460	0.56440	0.03334	0.28499	0.02756	0.00520	0.00138	0.00203	0.00778	0.00425	0.00372
14	0.00884	0.00742	0.00861	0.00629	0.00977	0.00586	0.00501	0.06285	0.00919	0.01408	0.00807	0.04216	0.00698	0.00355	0.00320	0.00069	0.00311	0.00288	0.00260	0.78884
15	0.80233	0.00783	0.00623	0.00553	0.00806	0.00896	0.00453	0.01209	0.02616	0.01792	0.00619	0.00722	0.00487	0.00459	0.02656	0.00140	0.00340	0.00235	0.00256	0.04123
16	0.00917	0.30701	0.55689	0.01010	0.01530	0.01182	0.01239	0.01276	0.00856	0.01186	0.00680	0.00796	0.00522	0.00377	0.00347	0.00116	0.00549	0.00275	0.00174	0.00579
17	0.01101	0.00808	0.02352	0.02078	0.02259	0.02035	0.00606	0.26044	0.01235	0.10592	0.08373	0.03859	0.06499	0.04581	0.05942	0.00162	0.00413	0.01654	0.00352	0.19058
18	0.02309	0.00719	0.03122	0.01847	0.05525	0.01675	0.03437	0.09687	0.12121	0.05029	0.13805	0.15431	0.09602	0.00795	0.03479	0.00149	0.00355	0.00609	0.02314	0.07989
19	0.04070	0.00884	0.04627	0.04257	0.02424	0.02352	0.06889	0.18640	0.06223	0.05420	0.12497	0.05777	0.01246	0.00515	0.00399	0.00114	0.00385	0.00439	0.00330	0.22511
20	0.04250	0.00959	0.04751	0.00877	0.03784	0.04055	0.04574	0.20409	0.10066	0.13082	0.04112	0.01210	0.03219	0.00460	0.00385	0.00111	0.00396	0.00375	0.00343	0.22580
21	0.01009	0.03123	0.26553	0.01049	0.01447	0.03325	0.14859	0.15230	0.04577	0.03731	0.06375	0.02935	0.03246	0.00468	0.00410	0.00122	0.00496	0.00409	0.00277	0.10359
22	0.01063	0.02218	0.18553	0.00923	0.04183	0.03285	0.03756	0.16559	0.06006	0.09397	0.10312	0.04542	0.02841	0.01958	0.00434	0.00124	0.00422	0.00433	0.00323	0.12667
23	0.01140	0.00988	0.11873	0.02084	0.02443	0.02481	0.11049	0.06677	0.09093	0.20635	0.04865	0.02412	0.03198	0.02781	0.00451	0.00126	0.00425	0.00416	0.00333	0.16531
24	0.01070	0.03511	0.14322	0.03418	0.02439	0.01899	0.09819	0.15862	0.12831	0.07631	0.06000	0.03049	0.01928	0.01566	0.00439	0.00125	0.01516	0.00415	0.00315	0.11845
25	0.02479	0.03433	0.15976	0.02775	0.05850	0.01938	0.06211	0.07621	0.08234	0.11905	0.07850	0.01323	0.03519	0.01785	0.00419	0.00120	0.00419	0.00396	0.00306	0.17443

[dist]
# distance from previous block
# <min> <max>
2	18

[block]
# block no. 10 follows, 65 sequences, length 46
# corresponding to MSA columns:
# 503-548
name=unknown_K
#
# <colnr> <probs for GDERKNQSTAVLIFYWHMCP>
#	G	D	E	R	K	N	Q	S	T	A	V	L	I	F	Y	W	H	M	C	P
0	0.01102	0.05876	0.19082	0.02255	0.11271	0.01917	0.10264	0.13146	0.09297	0.09825	0.05212	0.02298	0.00906	0.00455	0.00406	0.00124	0.00474	0.00396	0.00296	0.05400
1	0.06700	0.03977	0.27527	0.01056	0.07433	0.02807	0.04692	0.12603	0.04609	0.10808	0.04347	0.02239	0.01666	0.00451	0.00389	0.00122	0.00468	0.00367	0.00287	0.07453
2	0.03365	0.03093	0.16728	0.04335	0.15590	0.01900	0.03704	0.08887	0.12404	0.06493	0.05463	0.01154	0.00893	0.00440	0.00400	0.00119	0.01321	0.00370	0.00285	0.13057
3	0.01041	0.04140	0.12953	0.01230	0.20652	0.00911	0.00892	0.12651	0.11925	0.04928	0.04808	0.02499	0.00905	0.00447	0.00398	0.00115	0.01389	0.00374	0.00290	0.17452
4	0.01065	0.06290	0.10300	0.01303	0.23222	0.05835	0.03804	0.05795	0.03710	0.07433	0.03066	0.01020	0.00744	0.00401	0.00399	0.00108	0.02701	0.00335	0.00256	0.22210
5	0.01055	0.06192	0.30213	0.01125	0.08962	0.02030	0.05579	0.10349	0.07566	0.09094	0.03090	0.01135	0.02976	0.00447	0.00409	0.00122	0.01790	0.00367	0.00274	0.07226
6	0.02275	0.24197	0.24362	0.00896	0.01302	0.05741	0.03902	0.04969	0.03202	0.12723	0.00861	0.00944	0.00652	0.00402	0.00353	0.00109	0.00478	0.01115	0.00253	0.11263
7	0.00961	0.03358	0.39141	0.01115	0.06852	0.00870	0.07869	0.05797	0.02819	0.07809	0.03032	0.03224	0.02990	0.00443	0.00397	0.00121	0.00497	0.00377	0.00250	0.12079
8	0.32511	0.00841	0.04805	0.00832	0.06872	0.00782	0.05504	0.04448	0.01971	0.07347	0.06871	0.03776	0.00899	0.00440	0.00342	0.00114	0.00359	0.00349	0.00286	0.20650
9	0.01054	0.03535	0.19998	0.02472	0.23020	0.04901	0.14947	0.06340	0.10011	0.05904	0.02295	0.01119	0.01663	0.00423	0.00415	0.00128	0.00525	0.00389	0.00256	0.00608
