[name]
unknown

[dist]
# distance from previous block
# <min> <max>
0	51

[block]
# block no. 0 follows, 62 sequences, length 18
# corresponding to MSA columns:
# 52-69
name=unknown_A
#
# <colnr> <probs for GDERKNQSTAVLIFYWHMCP>
#	G	D	E	R	K	N	Q	S	T	A	V	L	I	F	Y	W	H	M	C	P
0	0.00613	0.00470	0.00575	0.00604	0.00727	0.00431	0.00493	0.00767	0.00979	0.01256	0.11011	0.04117	0.33067	0.04580	0.00601	0.00173	0.00303	0.34799	0.00389	0.04046
1	0.00924	0.00900	0.01568	0.14329	0.26868	0.00905	0.19617	0.01200	0.02833	0.01326	0.04507	0.06256	0.00933	0.00473	0.00480	0.00131	0.04139	0.00461	0.00241	0.11910
2	0.00580	0.00450	0.00531	0.00513	0.00631	0.00410	0.00383	0.00782	0.04319	0.01479	0.46978	0.06866	0.32616	0.00954	0.00501	0.00140	0.00214	0.00824	0.00437	0.00394
3	0.00563	0.00402	0.00476	0.00510	0.00556	0.00377	0.00334	0.00632	0.00811	0.01074	0.08921	0.33568	0.16910	0.29450	0.01073	0.00243	0.00292	0.00897	0.02587	0.00324
4	0.00982	0.01008	0.01349	0.35550	0.09560	0.11061	0.04523	0.01261	0.06572	0.01155	0.00771	0.01063	0.00628	0.00513	0.00673	0.00148	0.22084	0.00377	0.00212	0.00511
5	0.04290	0.00948	0.01037	0.03073	0.04401	0.03627	0.02664	0.10021	0.54965	0.03421	0.01482	0.01425	0.01111	0.00537	0.00418	0.00138	0.00379	0.00444	0.04977	0.00644
6	0.00605	0.00438	0.00544	0.00520	0.00631	0.00395	0.00389	0.00779	0.01137	0.03312	0.59909	0.06810	0.21097	0.00928	0.00502	0.00138	0.00209	0.00809	0.00450	0.00397
7	0.04992	0.05853	0.05419	0.03726	0.18720	0.02625	0.16348	0.05996	0.04498	0.22407	0.01058	0.01141	0.00764	0.00439	0.00442	0.00131	0.02344	0.00397	0.00313	0.02388
8	0.00962	0.16796	0.46932	0.01295	0.05193	0.01140	0.17105	0.03388	0.00945	0.01325	0.00760	0.00919	0.00572	0.00390	0.00401	0.00128	0.00606	0.00341	0.00195	0.00607
9	0.00610	0.00426	0.00550	0.00555	0.00643	0.00392	0.00406	0.00764	0.01062	0.03705	0.47834	0.25434	0.10067	0.02431	0.00542	0.00152	0.00229	0.03370	0.00438	0.00389
10	0.00781	0.00697	0.01103	0.55497	0.02210	0.00813	0.02946	0.04465	0.00983	0.01288	0.16834	0.01763	0.07768	0.00566	0.00448	0.00140	0.00468	0.00499	0.00271	0.00463
11	0.01131	0.08074	0.23869	0.01358	0.06425	0.03859	0.27436	0.10255	0.01104	0.08485	0.03302	0.01097	0.00751	0.00422	0.00434	0.00132	0.00588	0.00403	0.00261	0.00614
12	0.00709	0.00374	0.00547	0.00556	0.00560	0.00373	0.00370	0.00566	0.00585	0.00782	0.00933	0.09347	0.00986	0.05795	0.03463	0.72793	0.00378	0.00465	0.00210	0.00208
13	0.00815	0.00768	0.01296	0.80421	0.06446	0.00948	0.01187	0.01097	0.00856	0.01101	0.00758	0.01131	0.00572	0.00423	0.00425	0.00141	0.00564	0.00378	0.00190	0.00482
14	0.01025	0.00865	0.01256	0.16656	0.24844	0.05664	0.04749	0.01301	0.06704	0.10345	0.01278	0.14188	0.02327	0.00617	0.00488	0.00143	0.03678	0.03021	0.00294	0.00555
15	0.01270	0.03980	0.08646	0.01272	0.05518	0.10585	0.23541	0.16243	0.06735	0.10668	0.01020	0.02440	0.00767	0.00466	0.00469	0.00133	0.03438	0.00418	0.01776	0.00614
16	0.00973	0.02270	0.07112	0.00953	0.02623	0.10793	0.15716	0.05465	0.07452	0.03020	0.02426	0.06425	0.08166	0.04954	0.02970	0.00159	0.00478	0.00508	0.17041	0.00498
17	0.02714	0.02156	0.00672	0.00628	0.01849	0.01431	0.00458	0.01002	0.08539	0.08605	0.16615	0.19113	0.15262	0.07043	0.05810	0.03037	0.00341	0.00727	0.00380	0.03617

[dist]
# distance from previous block
# <min> <max>
1	8

[block]
# block no. 1 follows, 62 sequences, length 18
# corresponding to MSA columns:
# 79-96
name=unknown_B
#
# <colnr> <probs for GDERKNQSTAVLIFYWHMCP>
#	G	D	E	R	K	N	Q	S	T	A	V	L	I	F	Y	W	H	M	C	P
0	0.01324	0.02837	0.02920	0.01160	0.12018	0.03481	0.00843	0.37855	0.29168	0.02093	0.01212	0.01204	0.00902	0.00509	0.00423	0.00132	0.00439	0.00409	0.00384	0.00688
1	0.00692	0.00519	0.00619	0.00570	0.00703	0.00499	0.00433	0.08699	0.03477	0.01666	0.52802	0.06792	0.19127	0.00889	0.00494	0.00137	0.00236	0.00769	0.00445	0.00430
2	0.88052	0.00823	0.00625	0.00560	0.00823	0.00955	0.00461	0.01251	0.00724	0.01909	0.00592	0.00691	0.00461	0.00395	0.00263	0.00132	0.00329	0.00230	0.00263	0.00461
3	0.00610	0.00409	0.00467	0.00475	0.00477	0.00407	0.00269	0.00617	0.00635	0.00847	0.01424	0.09560	0.01652	0.78128	0.02032	0.00393	0.00399	0.00668	0.00269	0.00265
4	0.00590	0.00434	0.00552	0.00522	0.00628	0.00396	0.00392	0.00779	0.01175	0.01637	0.72535	0.03292	0.13690	0.00896	0.00502	0.00135	0.00203	0.00785	0.00459	0.00396
5	0.00981	0.00753	0.00892	0.00642	0.01016	0.00573	0.00516	0.01168	0.00915	0.09210	0.00845	0.00937	0.00671	0.00335	0.00326	0.00070	0.00320	0.00269	0.00279	0.79283
6	0.01058	0.00914	0.00962	0.00866	0.01106	0.01058	0.00673	0.02261	0.81623	0.01780	0.01732	0.01588	0.01299	0.00577	0.00433	0.00144	0.00337	0.00481	0.00433	0.00673
7	0.00686	0.00490	0.00686	0.00784	0.00882	0.00490	0.00686	0.00882	0.00980	0.01273	0.02253	0.04800	0.02449	0.01175	0.00588	0.00196	0.00392	0.79528	0.00392	0.00392
8	0.88052	0.00823	0.00625	0.00560	0.00823	0.00955	0.00461	0.01251	0.00724	0.01909	0.00592	0.00691	0.00461	0.00395	0.00263	0.00132	0.00329	0.00230	0.00263	0.00461
9	0.01325	0.00574	0.00714	0.00598	0.00806	0.00534	0.00474	0.03349	0.01051	0.40000	0.01503	0.01562	0.01082	0.04154	0.04426	0.00156	0.00336	0.00423	0.36378	0.00553
10	0.00518	0.00370	0.00494	0.00592	0.00617	0.00346	0.00395	0.00592	0.00815	0.01086	0.02345	0.84768	0.02814	0.01333	0.00543	0.00173	0.00247	0.01210	0.00395	0.00346
11	0.00931	0.00931	0.01303	0.01117	0.01117	0.01303	0.00931	0.01024	0.00652	0.01024	0.00559	0.00931	0.00559	0.00745	0.01396	0.00186	0.84267	0.00372	0.00186	0.00465
12	0.01246	0.10451	0.26410	0.04297	0.05009	0.04431	0.08460	0.06202	0.01065	0.22940	0.01078	0.04742	0.00804	0.00476	0.00413	0.00130	0.00519	0.00399	0.00303	0.00623
13	0.88052	0.00823	0.00625	0.00560	0.00823	0.00955	0.00461	0.01251	0.00724	0.01909	0.00592	0.00691	0.00461	0.00395	0.00263	0.00132	0.00329	0.00230	0.00263	0.00461
14	0.00931	0.00931	0.01303	0.01117	0.01117	0.01303	0.00931	0.01024	0.00652	0.01024	0.00559	0.00931	0.00559	0.00745	0.01396	0.00186	0.84267	0.00372	0.00186	0.00465
15	0.03327	0.00499	0.00625	0.00643	0.02655	0.00474	0.00471	0.01052	0.03095	0.16106	0.03537	0.32101	0.07508	0.00911	0.00461	0.00147	0.00279	0.08066	0.17592	0.00451
16	0.01394	0.04009	0.02809	0.03057	0.01289	0.01226	0.00797	0.50582	0.18540	0.03847	0.01139	0.01151	0.00839	0.00598	0.02682	0.00148	0.04424	0.00399	0.00393	0.00677
17	0.00518	0.00370	0.00494	0.00592	0.00617	0.00346	0.00395	0.00592	0.00815	0.01086	0.02345	0.84768	0.02814	0.01333	0.00543	0.00173	0.00247	0.01210	0.00395	0.00346

[dist]
# distance from previous block
# <min> <max>
0	34

[block]
# block no. 2 follows, 62 sequences, length 45
# corresponding to MSA columns:
# 131-175
name=unknown_C
#
# <colnr> <probs for GDERKNQSTAVLIFYWHMCP>
#	G	D	E	R	K	N	Q	S	T	A	V	L	I	F	Y	W	H	M	C	P
0	0.00566	0.00436	0.00519	0.00504	0.00622	0.00388	0.00383	0.00729	0.01100	0.01463	0.47338	0.03618	0.35393	0.00967	0.00506	0.00141	0.00215	0.04292	0.00436	0.00384
1	0.06599	0.01130	0.05409	0.22792	0.21086	0.09122	0.06074	0.16072	0.03699	0.01553	0.00831	0.01031	0.00640	0.00434	0.00428	0.00132	0.01757	0.00368	0.00255	0.00589
2	0.01158	0.01209	0.11277	0.10135	0.08268	0.05919	0.33455	0.06274	0.02050	0.11965	0.00939	0.01117	0.00684	0.00423	0.00482	0.00138	0.03220	0.00423	0.00263	0.00599
3	0.01600	0.01142	0.01231	0.00948	0.01279	0.01255	0.00782	0.74512	0.01925	0.06167	0.01064	0.01061	0.00752	0.00511	0.00421	0.00127	0.00453	0.00386	0.03675	0.00711
4	0.00690	0.00570	0.00825	0.06325	0.17733	0.00567	0.00651	0.00886	0.04344	0.01254	0.08092	0.36059	0.12179	0.00952	0.00495	0.00153	0.00324	0.05214	0.02243	0.00445
5	0.01230	0.02537	0.08840	0.09542	0.24095	0.10186	0.08851	0.04492	0.03416	0.17050	0.01056	0.04993	0.00825	0.00474	0.00429	0.00132	0.00526	0.00422	0.00291	0.00614
6	0.01037	0.16531	0.50110	0.02512	0.01624	0.06956	0.03621	0.04375	0.00976	0.05415	0.00818	0.00982	0.00620	0.00426	0.00389	0.00127	0.00585	0.02078	0.00216	0.00603
7	0.01562	0.01970	0.01193	0.01084	0.01305	0.79057	0.00814	0.01728	0.05390	0.01080	0.00714	0.00810	0.00587	0.00446	0.00386	0.00111	0.00745	0.00285	0.00230	0.00503
8	0.01138	0.63707	0.04175	0.00882	0.04464	0.02703	0.03309	0.05650	0.02919	0.01163	0.00670	0.00774	0.00586	0.00390	0.00340	0.00101	0.03097	0.00265	0.00207	0.03460
9	0.00843	0.00655	0.00960	0.13648	0.13389	0.00730	0.00716	0.00981	0.00815	0.07055	0.06959	0.03713	0.02863	0.24696	0.08371	0.00269	0.12114	0.00513	0.00268	0.00441
10	0.01091	0.00915	0.00969	0.00865	0.01110	0.01052	0.00675	0.03811	0.77986	0.03875	0.01716	0.01573	0.01281	0.00575	0.00433	0.00144	0.00340	0.00478	0.00435	0.00676
11	0.00625	0.00447	0.00528	0.00505	0.00633	0.00395	0.00381	0.00776	0.01076	0.05502	0.38625	0.04933	0.38351	0.02916	0.00540	0.00147	0.00225	0.02570	0.00431	0.00395
12	0.00700	0.00458	0.00591	0.00545	0.00667	0.00416	0.00413	0.00891	0.01186	0.08261	0.69118	0.03114	0.10291	0.00859	0.00496	0.00134	0.00215	0.00752	0.00467	0.00424
13	0.01618	0.01192	0.01277	0.00979	0.01320	0.01320	0.00809	0.80973	0.02001	0.02682	0.01022	0.01022	0.00724	0.00511	0.00426	0.00128	0.00468	0.00383	0.00426	0.00724
14	0.00507	0.00431	0.00437	0.00436	0.00577	0.00361	0.00327	0.00619	0.00980	0.01175	0.07813	0.04054	0.78701	0.01068	0.00503	0.00143	0.00215	0.00892	0.00398	0.00361
15	0.00619	0.00413	0.00464	0.00464	0.00464	0.00413	0.00258	0.00619	0.00619	0.00825	0.01341	0.02785	0.01547	0.85046	0.02166	0.00413	0.00413	0.00619	0.00258	0.00258
16	0.00602	0.00435	0.00569	0.00535	0.00636	0.00401	0.00401	0.00803	0.01204	0.01706	0.82167	0.03178	0.04015	0.00870	0.00502	0.00134	0.00201	0.00770	0.00468	0.00401
17	0.01589	0.02028	0.01206	0.01096	0.01315	0.83338	0.00822	0.01699	0.01206	0.01041	0.00658	0.00767	0.00548	0.00438	0.00384	0.00110	0.00767	0.00274	0.00219	0.00493
18	0.00882	0.00756	0.00882	0.00630	0.01008	0.00567	0.00504	0.01071	0.00882	0.01387	0.00756	0.00882	0.00630	0.00315	0.00315	0.00063	0.00315	0.00252	0.00252	0.87647
19	0.01635	0.01164	0.01260	0.00966	0.01306	0.01278	0.00798	0.76235	0.01954	0.07486	0.01061	0.01047	0.00743	0.00512	0.00426	0.00128	0.00462	0.00386	0.00432	0.00724
20	0.01004	0.01148	0.02511	0.01793	0.02224	0.01076	0.80846	0.01363	0.01004	0.01363	0.00861	0.01148	0.00646	0.00359	0.00502	0.00143	0.00717	0.00502	0.00215	0.00574
21	0.00619	0.00413	0.00464	0.00464	0.00464	0.00413	0.00258	0.00619	0.00619	0.00825	0.01341	0.02785	0.01547	0.85046	0.02166	0.00413	0.00413	0.00619	0.00258	0.00258
22	0.04480	0.00737	0.00983	0.00756	0.01083	0.00650	0.00624	0.03752	0.01220	0.78543	0.01632	0.01416	0.01028	0.00522	0.00423	0.00132	0.00363	0.00421	0.00517	0.00716
23	0.00882	0.00756	0.00882	0.00630	0.01008	0.00567	0.00504	0.01071	0.00882	0.01387	0.00756	0.00882	0.00630	0.00315	0.00315	0.00063	0.00315	0.00252	0.00252	0.87647
24	0.09222	0.04847	0.03726	0.00948	0.01144	0.09088	0.00787	0.08209	0.29527	0.01523	0.01033	0.01121	0.00823	0.00576	0.00690	0.00148	0.25331	0.00381	0.00303	0.00572
25	0.00853	0.02201	0.82841	0.01213	0.01842	0.00988	0.01572	0.01348	0.00898	0.01348	0.00764	0.00898	0.00539	0.00404	0.00404	0.00135	0.00629	0.00314	0.00180	0.00629
26	0.01138	0.85302	0.02230	0.00728	0.01092	0.01684	0.00728	0.01274	0.00865	0.01001	0.00592	0.00683	0.00546	0.00364	0.00273	0.00091	0.00455	0.00228	0.00182	0.00546
27	0.00521	0.00371	0.00493	0.00589	0.00613	0.00347	0.00391	0.00593	0.00809	0.01079	0.02318	0.82553	0.02780	0.03595	0.00587	0.00179	0.00251	0.01194	0.00391	0.00343
28	0.03502	0.67550	0.08768	0.00784	0.01160	0.03271	0.00792	0.03982	0.03138	0.02774	0.00675	0.00754	0.00580	0.00384	0.00299	0.00100	0.00468	0.00252	0.00207	0.00563
29	0.01340	0.01073	0.02929	0.04584	0.29091	0.06543	0.10299	0.14688	0.05315	0.18259	0.01060	0.01148	0.00774	0.00445	0.00431	0.00130	0.00508	0.00401	0.00322	0.00661
30	0.00608	0.00456	0.00684	0.00684	0.00760	0.00532	0.00532	0.00760	0.00684	0.00988	0.01140	0.01672	0.01064	0.03191	0.83360	0.00684	0.01140	0.00456	0.00228	0.00380
31	0.00882	0.00756	0.00882	0.00630	0.01008	0.00567	0.00504	0.01071	0.00882	0.01387	0.00756	0.00882	0.00630	0.00315	0.00315	0.00063	0.00315	0.00252	0.00252	0.87647
32	0.00814	0.00767	0.01295	0.80712	0.06162	0.00948	0.01187	0.01096	0.00856	0.01099	0.00758	0.01131	0.00572	0.00424	0.00425	0.00141	0.00565	0.00378	0.00190	0.00481
33	0.01157	0.07202	0.01095	0.00880	0.01136	0.07855	0.00697	0.07111	0.62744	0.03072	0.01515	0.01416	0.01142	0.00545	0.00417	0.00136	0.00389	0.00438	0.00398	0.00653
34	0.00551	0.00397	0.00508	0.00572	0.00617	0.00371	0.00391	0.00636	0.00839	0.01118	0.08127	0.57362	0.07934	0.11848	0.00741	0.00198	0.00271	0.05350	0.00380	0.01787
35	0.03790	0.38560	0.25043	0.00921	0.01360	0.01238	0.06034	0.01324	0.02503	0.04157	0.00740	0.00844	0.00591	0.00380	0.00339	0.00107	0.00495	0.00285	0.00212	0.11077
36	0.02996	0.08319	0.07851	0.10095	0.09882	0.06974	0.08529	0.06122	0.04033	0.19837	0.01003	0.01107	0.00735	0.00472	0.00499	0.00133	0.08257	0.00377	0.02178	0.00600
37	0.01138	0.85302	0.02230	0.00728	0.01092	0.01684	0.00728	0.01274	0.00865	0.01001	0.00592	0.00683	0.00546	0.00364	0.00273	0.00091	0.00455	0.00228	0.00182	0.00546
38	0.00570	0.00439	0.00563	0.03616	0.02776	0.00416	0.00450	0.00705	0.02150	0.01195	0.09905	0.42234	0.23523	0.01164	0.01935	0.00168	0.00277	0.05620	0.01917	0.00376
39	0.02771	0.08590	0.19675	0.01349	0.19175	0.02126	0.06450	0.06949	0.03275	0.22494	0.02399	0.01132	0.00800	0.00444	0.00410	0.00128	0.00494	0.00378	0.00309	0.00652
40	0.00675	0.00583	0.03479	0.04416	0.05313	0.00532	0.04143	0.03036	0.03498	0.02283	0.07597	0.42569	0.11494	0.01037	0.00513	0.00160	0.00324	0.07555	0.00369	0.00423
41	0.00517	0.00377	0.00487	0.00576	0.00613	0.00347	0.00388	0.00594	0.00831	0.01093	0.02547	0.76483	0.10969	0.01307	0.00539	0.00170	0.00244	0.01178	0.00395	0.00347
42	0.03851	0.04534	0.43276	0.03008	0.03891	0.04158	0.06314	0.08125	0.07464	0.08712	0.02111	0.01052	0.00720	0.00441	0.00409	0.00133	0.00553	0.00358	0.00263	0.00626
43	0.05447	0.05730	0.15770	0.01076	0.06094	0.03152	0.06189	0.23740	0.07485	0.16497	0.02842	0.02219	0.00858	0.00485	0.00414	0.00130	0.00478	0.00395	0.00349	0.00651
44	0.00895	0.00757	0.07364	0.00809	0.02073	0.03810	0.06970	0.03685	0.03814	0.11999	0.08762	0.31335	0.03578	0.06378	0.03209	0.00182	0.00397	0.00749	0.02760	0.00472

[dist]
# distance from previous block
# <min> <max>
0	21

[block]
# block no. 3 follows, 62 sequences, length 102
# corresponding to MSA columns:
# 197-205,207-230,233-301
name=unknown_D
#
# <colnr> <probs for GDERKNQSTAVLIFYWHMCP>
#	G	D	E	R	K	N	Q	S	T	A	V	L	I	F	Y	W	H	M	C	P
0	0.40151	0.00981	0.05920	0.06574	0.15643	0.04975	0.03131	0.02524	0.02018	0.01612	0.04502	0.01044	0.02738	0.00439	0.00363	0.00128	0.01553	0.00332	0.00256	0.05114
1	0.00657	0.00558	0.05030	0.00586	0.00724	0.00467	0.00478	0.03821	0.01212	0.01721	0.73323	0.02947	0.03653	0.00825	0.00490	0.00133	0.00234	0.00724	0.01992	0.00426
2	0.01152	0.68285	0.01966	0.00737	0.01077	0.05624	0.00701	0.04427	0.00933	0.02806	0.00795	0.00895	0.03629	0.02211	0.00338	0.00102	0.00455	0.00274	0.00213	0.03379
3	0.03145	0.00596	0.00791	0.00678	0.00898	0.00537	0.00548	0.01482	0.01137	0.44362	0.20022	0.07545	0.03166	0.00733	0.00463	0.00141	0.00313	0.09418	0.03457	0.00568
4	0.00596	0.00416	0.00514	0.00516	0.00607	0.00384	0.00377	0.00758	0.01055	0.01491	0.45570	0.19945	0.13556	0.00946	0.00485	0.00139	0.00212	0.00831	0.11218	0.00384
5	0.00619	0.00413	0.00464	0.00464	0.00464	0.00413	0.00258	0.00619	0.00619	0.00825	0.01341	0.02785	0.01547	0.85046	0.02166	0.00413	0.00413	0.00619	0.00258	0.00258
6	0.01175	0.00590	0.00787	0.00696	0.02703	0.00542	0.00534	0.01369	0.02849	0.35654	0.33711	0.03457	0.06020	0.03092	0.00535	0.00145	0.01952	0.03176	0.00468	0.00543
7	0.00882	0.00756	0.00882	0.00630	0.01008	0.00567	0.00504	0.01071	0.00882	0.01387	0.00756	0.00882	0.00630	0.00315	0.00315	0.00063	0.00315	0.00252	0.00252	0.87647
8	0.03543	0.01216	0.05859	0.03327	0.22371	0.11470	0.04695	0.18944	0.20995	0.01726	0.01053	0.01129	0.00805	0.00466	0.00419	0.00131	0.00502	0.00390	0.00313	0.00644
9	0.01005	0.00560	0.00714	0.00603	0.00806	0.00489	0.00473	0.01199	0.02371	0.24965	0.40427	0.02510	0.11357	0.00730	0.00460	0.00127	0.00263	0.00625	0.00453	0.09864
10	0.01212	0.07134	0.03159	0.11353	0.09842	0.09329	0.03137	0.20334	0.09279	0.06924	0.01098	0.08589	0.00921	0.00550	0.00462	0.00133	0.03962	0.00446	0.00316	0.01819
11	0.00854	0.06032	0.68247	0.01161	0.01722	0.00977	0.04974	0.01299	0.00924	0.01356	0.06555	0.01121	0.00820	0.00445	0.00412	0.00134	0.00590	0.01569	0.00205	0.00603
12	0.00639	0.00470	0.00623	0.00703	0.00804	0.00454	0.00595	0.00809	0.00965	0.01236	0.02650	0.10582	0.17617	0.01169	0.00568	0.00184	0.00348	0.58810	0.00393	0.00382
13	0.00608	0.00455	0.00680	0.00680	0.00755	0.00530	0.00527	0.00757	0.00683	0.00985	0.01143	0.01691	0.01072	0.04632	0.81931	0.00679	0.01127	0.00459	0.00228	0.00378
14	0.00912	0.00774	0.00898	0.00644	0.01021	0.00598	0.00517	0.04325	0.00928	0.01439	0.00767	0.00888	0.00634	0.00323	0.00320	0.00066	0.00321	0.00257	0.00259	0.84108
15	0.01328	0.01143	0.01644	0.12206	0.01803	0.04166	0.25160	0.42006	0.01504	0.03380	0.00936	0.01073	0.00679	0.00451	0.00447	0.00134	0.00566	0.00415	0.00325	0.00637
16	0.84513	0.04263	0.00691	0.00566	0.00834	0.00984	0.00472	0.01252	0.00730	0.01872	0.00592	0.00691	0.00464	0.00394	0.00264	0.00130	0.00334	0.00230	0.00260	0.00464
17	0.00515	0.00430	0.00441	0.00439	0.00572	0.00365	0.00324	0.00622	0.00964	0.01163	0.08645	0.03968	0.73129	0.05820	0.00597	0.00158	0.00226	0.00875	0.00392	0.00356
18	0.00962	0.01970	0.03597	0.00716	0.01055	0.00738	0.00592	0.08621	0.14996	0.01591	0.06921	0.01184	0.00999	0.00423	0.00362	0.00091	0.00337	0.00343	0.00312	0.54191
19	0.00538	0.00387	0.00514	0.00609	0.00642	0.00367	0.00417	0.00641	0.02360	0.01110	0.02328	0.78611	0.02765	0.01310	0.00544	0.00174	0.00257	0.05678	0.00396	0.00354
20	0.01107	0.45902	0.22941	0.02198	0.03230	0.11874	0.03869	0.01345	0.00921	0.01119	0.00661	0.00784	0.00551	0.00390	0.00349	0.00109	0.01624	0.00273	0.00188	0.00563
21	0.00636	0.00489	0.00632	0.06814	0.00832	0.00480	0.00470	0.00896	0.06374	0.01597	0.61543	0.04652	0.11270	0.00847	0.00493	0.00137	0.00239	0.00743	0.00436	0.00419
22	0.02292	0.09695	0.30961	0.02363	0.05153	0.04918	0.02494	0.18999	0.08415	0.07060	0.00945	0.01010	0.00692	0.00451	0.00412	0.00128	0.01609	0.00348	0.00286	0.01770
23	0.01051	0.02581	0.23126	0.01770	0.32358	0.07229	0.14416	0.01361	0.00982	0.05417	0.01951	0.04166	0.00765	0.00436	0.00431	0.00132	0.00571	0.00411	0.00230	0.00617
24	0.01004	0.01148	0.02511	0.01793	0.02224	0.01076	0.80846	0.01363	0.01004	0.01363	0.00861	0.01148	0.00646	0.00359	0.00502	0.00143	0.00717	0.00502	0.00215	0.00574
25	0.00900	0.00898	0.04719	0.37057	0.30857	0.00935	0.03381	0.02540	0.02213	0.01311	0.08775	0.01298	0.00958	0.00459	0.00449	0.00136	0.01906	0.00419	0.00232	0.00554
26	0.88052	0.00823	0.00625	0.00560	0.00823	0.00955	0.00461	0.01251	0.00724	0.01909	0.00592	0.00691	0.00461	0.00395	0.00263	0.00132	0.00329	0.00230	0.00263	0.00461
27	0.01463	0.00749	0.00946	0.00716	0.01058	0.00632	0.00582	0.01705	0.06361	0.46494	0.01332	0.01242	0.00909	0.00450	0.00385	0.00106	0.00343	0.00365	0.00416	0.33746
28	0.00619	0.00413	0.00464	0.00464	0.00464	0.00413	0.00258	0.00619	0.00619	0.00825	0.01341	0.02785	0.01547	0.85046	0.02166	0.00413	0.00413	0.00619	0.00258	0.00258
29	0.00593	0.00435	0.00555	0.00525	0.00630	0.00397	0.00394	0.00784	0.01182	0.01653	0.74654	0.03267	0.11562	0.00890	0.00502	0.00135	0.00202	0.00782	0.00461	0.00397
30	0.01347	0.01224	0.10180	0.00966	0.01300	0.03606	0.00844	0.41477	0.29000	0.03699	0.01237	0.01202	0.00901	0.00520	0.00425	0.00134	0.00448	0.00407	0.00397	0.00689
31	0.00600	0.00435	0.00566	0.00533	0.00635	0.00401	0.00400	0.00799	0.01200	0.01696	0.80702	0.03196	0.05487	0.00874	0.00502	0.00134	0.00201	0.00772	0.00467	0.00401
32	0.00693	0.00594	0.00897	0.00957	0.08681	0.00634	0.06106	0.02481	0.00850	0.01168	0.02994	0.53177	0.03489	0.01052	0.00661	0.00166	0.13728	0.00918	0.00333	0.00421
33	0.88052	0.00823	0.00625	0.00560	0.00823	0.00955	0.00461	0.01251	0.00724	0.01909	0.00592	0.00691	0.00461	0.00395	0.00263	0.00132	0.00329	0.00230	0.00263	0.00461
34	0.00668	0.00464	0.00565	0.00558	0.00656	0.00443	0.00407	0.05820	0.01067	0.01516	0.35199	0.27592	0.06651	0.02265	0.00504	0.00144	0.00238	0.00821	0.12267	0.02154
35	0.01618	0.01192	0.01277	0.00979	0.01320	0.01320	0.00809	0.80973	0.02001	0.02682	0.01022	0.01022	0.00724	0.00511	0.00426	0.00128	0.00468	0.00383	0.00426	0.00724
36	0.02208	0.03982	0.74192	0.01185	0.01760	0.01025	0.01492	0.01322	0.00878	0.01326	0.00743	0.00892	0.00539	0.00426	0.00467	0.00137	0.06314	0.00315	0.00181	0.00613
37	0.00908	0.00938	0.01877	0.01510	0.07700	0.00882	0.49705	0.01203	0.00990	0.01352	0.04263	0.05274	0.01192	0.00566	0.00503	0.00148	0.00582	0.14908	0.00266	0.05233
38	0.00518	0.00370	0.00494	0.00592	0.00617	0.00346	0.00395	0.00592	0.00815	0.01086	0.02345	0.84768	0.02814	0.01333	0.00543	0.00173	0.00247	0.01210	0.00395	0.00346
39	0.00853	0.02201	0.82841	0.01213	0.01842	0.00988	0.01572	0.01348	0.00898	0.01348	0.00764	0.00898	0.00539	0.00404	0.00404	0.00135	0.00629	0.00314	0.00180	0.00629
40	0.88052	0.00823	0.00625	0.00560	0.00823	0.00955	0.00461	0.01251	0.00724	0.01909	0.00592	0.00691	0.00461	0.00395	0.00263	0.00132	0.00329	0.00230	0.00263	0.00461
41	0.01020	0.00856	0.02430	0.23758	0.30801	0.00887	0.02621	0.06732	0.03441	0.08501	0.07556	0.04143	0.04364	0.00518	0.00439	0.00135	0.00463	0.00467	0.00287	0.00580
42	0.01037	0.00872	0.01031	0.00886	0.01126	0.00964	0.06728	0.07996	0.54810	0.03430	0.04384	0.03113	0.06062	0.03760	0.00513	0.00154	0.00367	0.01741	0.00409	0.00619
43	0.00804	0.00756	0.01276	0.84023	0.02931	0.00945	0.01182	0.01087	0.00851	0.01087	0.00756	0.01134	0.00567	0.00425	0.00425	0.00142	0.00567	0.00378	0.00189	0.00473
44	0.00882	0.00756	0.00882	0.00630	0.01008	0.00567	0.00504	0.01071	0.00882	0.01387	0.00756	0.00882	0.00630	0.00315	0.00315	0.00063	0.00315	0.00252	0.00252	0.87647
45	0.01383	0.01515	0.01567	0.03945	0.01591	0.41167	0.23431	0.04938	0.01134	0.08305	0.00816	0.00968	0.00628	0.00447	0.00493	0.00128	0.06383	0.00367	0.00250	0.00543
46	0.00619	0.00413	0.00464	0.00464	0.00464	0.00413	0.00258	0.00619	0.00619	0.00825	0.01341	0.02785	0.01547	0.85046	0.02166	0.00413	0.00413	0.00619	0.00258	0.00258
47	0.00619	0.00413	0.00464	0.00464	0.00464	0.00413	0.00258	0.00619	0.00619	0.00825	0.01341	0.02785	0.01547	0.85046	0.02166	0.00413	0.00413	0.00619	0.00258	0.00258
48	0.00804	0.00756	0.01276	0.84023	0.02931	0.00945	0.01182	0.01087	0.00851	0.01087	0.00756	0.01134	0.00567	0.00425	0.00425	0.00142	0.00567	0.00378	0.00189	0.00473
49	0.88052	0.00823	0.00625	0.00560	0.00823	0.00955	0.00461	0.01251	0.00724	0.01909	0.00592	0.00691	0.00461	0.00395	0.00263	0.00132	0.00329	0.00230	0.00263	0.00461
50	0.00602	0.00435	0.00569	0.00535	0.00636	0.00401	0.00401	0.00803	0.01204	0.01706	0.82167	0.03178	0.04015	0.00870	0.00502	0.00134	0.00201	0.00770	0.00468	0.00401
51	0.01830	0.00737	0.00984	0.00760	0.01079	0.00656	0.00626	0.05796	0.02392	0.74421	0.04925	0.01500	0.01162	0.00541	0.00431	0.00132	0.00360	0.00440	0.00518	0.00710
52	0.01058	0.00914	0.00962	0.00866	0.01106	0.01058	0.00673	0.02261	0.81623	0.01780	0.01732	0.01588	0.01299	0.00577	0.00433	0.00144	0.00337	0.00481	0.00433	0.00673
53	0.00599	0.00435	0.00564	0.00532	0.00634	0.00400	0.00399	0.00797	0.01197	0.01688	0.79626	0.03208	0.06568	0.00877	0.00502	0.00134	0.00201	0.00774	0.00466	0.00400
54	0.00599	0.00435	0.00565	0.00532	0.00634	0.00400	0.00399	0.00798	0.01198	0.01691	0.79984	0.03204	0.06208	0.00876	0.00502	0.00134	0.00201	0.00773	0.00466	0.00400
55	0.05250	0.00898	0.00947	0.00831	0.01076	0.02634	0.00656	0.11570	0.51018	0.09349	0.01589	0.04190	0.01228	0.00593	0.00426	0.00141	0.00357	0.02940	0.03665	0.00641
56	0.01053	0.01011	0.01727	0.02612	0.82392	0.01011	0.01306	0.01306	0.00969	0.01390	0.00800	0.01053	0.00674	0.00379	0.00421	0.00126	0.00505	0.00379	0.00211	0.00674
57	0.00523	0.00372	0.00492	0.00587	0.00610	0.00349	0.00389	0.00594	0.00806	0.01075	0.02301	0.81130	0.02758	0.05048	0.00615	0.00183	0.00254	0.01183	0.00389	0.00342
58	0.00560	0.00390	0.00484	0.00538	0.00558	0.00374	0.00341	0.00610	0.00754	0.01006	0.04572	0.49090	0.03635	0.33728	0.01169	0.00264	0.00309	0.00962	0.00344	0.00314
59	0.01589	0.02028	0.01206	0.01096	0.01315	0.83338	0.00822	0.01699	0.01206	0.01041	0.00658	0.00767	0.00548	0.00438	0.00384	0.00110	0.00767	0.00274	0.00219	0.00493
60	0.00719	0.00473	0.00541	0.00504	0.00663	0.00407	0.00388	0.00856	0.01056	0.12328	0.21157	0.03545	0.52533	0.00959	0.00494	0.00141	0.00235	0.02154	0.00429	0.00419
61	0.00617	0.00460	0.00571	0.00539	0.00648	0.00433	0.00402	0.00854	0.05600	0.01611	0.65576	0.03179	0.12657	0.04305	0.00566	0.00147	0.00219	0.00762	0.00450	0.00406
62	0.03631	0.02010	0.03088	0.04490	0.03263	0.02573	0.20698	0.11226	0.17246	0.07225	0.01276	0.06338	0.01068	0.02763	0.03603	0.00170	0.02193	0.04705	0.01861	0.00573
63	0.00949	0.00757	0.00888	0.00640	0.01011	0.00581	0.00513	0.02549	0.00920	0.05779	0.00819	0.00925	0.00661	0.00333	0.00323	0.00068	0.00319	0.00266	0.01497	0.80200
64	0.01123	0.35316	0.03807	0.00830	0.01132	0.05570	0.00728	0.01802	0.41289	0.02467	0.01184	0.01156	0.00929	0.00478	0.00365	0.00120	0.00416	0.00362	0.00314	0.00612
65	0.00967	0.01001	0.01155	0.25887	0.12124	0.18672	0.03101	0.01189	0.02528	0.01255	0.17596	0.01598	0.03656	0.03083	0.00532	0.00141	0.04297	0.00463	0.00269	0.00485
66	0.01553	0.00648	0.00860	0.00686	0.00960	0.00561	0.00557	0.01715	0.01185	0.61310	0.13153	0.02018	0.11579	0.00643	0.00447	0.00133	0.00321	0.00534	0.00502	0.00634
67	0.00608	0.00454	0.00677	0.00677	0.00750	0.00528	0.00523	0.00755	0.00682	0.00982	0.01146	0.01708	0.01079	0.05858	0.80715	0.00675	0.01116	0.00461	0.00229	0.00376
68	0.00624	0.00411	0.00468	0.00468	0.00468	0.00411	0.00262	0.00616	0.00616	0.00822	0.01316	0.02724	0.01514	0.81643	0.02145	0.03964	0.00411	0.00609	0.00255	0.00255
69	0.88052	0.00823	0.00625	0.00560	0.00823	0.00955	0.00461	0.01251	0.00724	0.01909	0.00592	0.00691	0.00461	0.00395	0.00263	0.00132	0.00329	0.00230	0.00263	0.00461
70	0.01027	0.01149	0.02465	0.01763	0.02190	0.01085	0.77866	0.04327	0.01041	0.01412	0.00867	0.01143	0.00649	0.00364	0.00499	0.00143	0.00708	0.00498	0.00223	0.00579
71	0.01053	0.01011	0.01727	0.02612	0.82392	0.01011	0.01306	0.01306	0.00969	0.01390	0.00800	0.01053	0.00674	0.00379	0.00421	0.00126	0.00505	0.00379	0.00211	0.00674
72	0.01138	0.85302	0.02230	0.00728	0.01092	0.01684	0.00728	0.01274	0.00865	0.01001	0.00592	0.00683	0.00546	0.00364	0.00273	0.00091	0.00455	0.00228	0.00182	0.00546
73	0.00883	0.00503	0.00592	0.00532	0.00696	0.00442	0.00400	0.00996	0.00985	0.21610	0.07874	0.03105	0.42542	0.13538	0.03233	0.00197	0.00309	0.00717	0.00407	0.00439
74	0.01004	0.01148	0.02511	0.01793	0.02224	0.01076	0.80846	0.01363	0.01004	0.01363	0.00861	0.01148	0.00646	0.00359	0.00502	0.00143	0.00717	0.00502	0.00215	0.00574
75	0.01004	0.01148	0.02511	0.01793	0.02224	0.01076	0.80846	0.01363	0.01004	0.01363	0.00861	0.01148	0.00646	0.00359	0.00502	0.00143	0.00717	0.00502	0.00215	0.00574
76	0.00798	0.00551	0.00606	0.00572	0.00675	0.00590	0.00407	0.04396	0.17894	0.01373	0.06309	0.02083	0.01454	0.30169	0.06815	0.00262	0.00379	0.00518	0.23732	0.00419
77	0.00670	0.00535	0.00616	0.00598	0.02067	0.00520	0.00441	0.03558	0.12855	0.01517	0.35040	0.06713	0.31457	0.00902	0.00490	0.00140	0.00242	0.00774	0.00428	0.00439
78	0.00602	0.00435	0.00569	0.00535	0.00636	0.00401	0.00401	0.00803	0.01204	0.01706	0.82167	0.03178	0.04015	0.00870	0.00502	0.00134	0.00201	0.00770	0.00468	0.00401
79	0.00532	0.00405	0.00490	0.00527	0.00607	0.00363	0.00373	0.00646	0.00954	0.01247	0.21084	0.39876	0.29067	0.01144	0.00521	0.00154	0.00226	0.01008	0.00412	0.00363
80	0.01090	0.07722	0.04293	0.09175	0.43488	0.09406	0.14339	0.03037	0.01000	0.01320	0.00779	0.01013	0.00634	0.00388	0.00419	0.00126	0.00571	0.00375	0.00212	0.00611
81	0.01083	0.01054	0.01038	0.21556	0.03792	0.22198	0.00800	0.02815	0.15313	0.04678	0.13503	0.01595	0.01336	0.00559	0.00429	0.00132	0.00489	0.03382	0.03730	0.00517
82	0.00637	0.00455	0.00630	0.00728	0.00805	0.00448	0.00601	0.00797	0.00932	0.01219	0.02280	0.28070	0.02555	0.01221	0.00575	0.00189	0.00350	0.56738	0.00393	0.00378
83	0.00727	0.00501	0.00622	0.00574	0.00701	0.00485	0.00434	0.01027	0.10041	0.06067	0.61623	0.02873	0.05578	0.03538	0.00538	0.00143	0.00232	0.00706	0.03148	0.00443
84	0.01045	0.03389	0.08681	0.19544	0.42345	0.05820	0.04051	0.03016	0.03790	0.03068	0.00832	0.01060	0.00659	0.00406	0.00418	0.00130	0.00541	0.00372	0.00222	0.00612
85	0.01030	0.52430	0.31425	0.00939	0.01401	0.01412	0.03685	0.01304	0.00881	0.01138	0.00663	0.00776	0.00547	0.00378	0.00328	0.00109	0.00527	0.00268	0.00182	0.00577
86	0.00518	0.00370	0.00494	0.00592	0.00617	0.00346	0.00395	0.00592	0.00815	0.01086	0.02345	0.84768	0.02814	0.01333	0.00543	0.00173	0.00247	0.01210	0.00395	0.00346
87	0.00586	0.00419	0.00512	0.00546	0.00568	0.00421	0.00353	0.00634	0.00734	0.00985	0.01933	0.37907	0.07388	0.37758	0.01281	0.00274	0.04197	0.00874	0.02314	0.00315
88	0.00610	0.00453	0.00555	0.00587	0.00680	0.00434	0.00456	0.00756	0.02142	0.01196	0.10369	0.07273	0.25519	0.14976	0.05019	0.00232	0.00354	0.26314	0.01713	0.00363
89	0.04965	0.25654	0.02945	0.01894	0.01180	0.30580	0.00715	0.02714	0.01005	0.01191	0.00671	0.00781	0.00568	0.00383	0.00330	0.00094	0.00530	0.00257	0.00221	0.23321
90	0.00866	0.00722	0.00784	0.00725	0.00911	0.00789	0.00555	0.03427	0.47426	0.01633	0.15320	0.09648	0.13891	0.00766	0.00464	0.00145	0.00291	0.00653	0.00430	0.00554
91	0.01060	0.01569	0.31209	0.05168	0.15770	0.13420	0.08824	0.03266	0.07943	0.03117	0.03970	0.01101	0.00788	0.00439	0.00422	0.00131	0.00583	0.00376	0.00241	0.00603
92	0.00551	0.00414	0.00513	0.00546	0.00630	0.00376	0.00399	0.00680	0.00982	0.01298	0.26177	0.33395	0.24498	0.01118	0.00524	0.00155	0.00236	0.06722	0.00416	0.00369
93	0.00857	0.00905	0.07137	0.20545	0.14826	0.05307	0.04193	0.02172	0.04911	0.01392	0.23628	0.01812	0.05651	0.00593	0.00492	0.00137	0.04124	0.00513	0.00297	0.00510
94	0.00624	0.00458	0.00610	0.02106	0.00766	0.00439	0.00519	0.00808	0.01064	0.01435	0.37100	0.08552	0.10913	0.01029	0.00537	0.00162	0.00286	0.31778	0.00422	0.00392
95	0.03482	0.00459	0.00597	0.00653	0.00745	0.00445	0.00523	0.00809	0.00973	0.02474	0.16788	0.23771	0.08268	0.01105	0.00537	0.00171	0.00304	0.35574	0.01936	0.00387
96	0.00888	0.03871	0.00947	0.00702	0.03650	0.00626	0.00538	0.01096	0.02727	0.01370	0.00833	0.04020	0.00725	0.00363	0.00328	0.00072	0.00324	0.00296	0.00258	0.76364
97	0.00771	0.00664	0.00687	0.00641	0.00831	0.00696	0.00492	0.01406	0.39839	0.01453	0.03068	0.02887	0.43221	0.00836	0.00469	0.00144	0.00274	0.00697	0.00413	0.00511
98	0.00787	0.00619	0.03416	0.00738	0.03653	0.00564	0.03918	0.05977	0.05362	0.05664	0.38883	0.14115	0.07179	0.02268	0.00512	0.00144	0.00292	0.01789	0.03656	0.00463
99	0.00804	0.00756	0.01276	0.84023	0.02931	0.00945	0.01182	0.01087	0.00851	0.01087	0.00756	0.01134	0.00567	0.00425	0.00425	0.00142	0.00567	0.00378	0.00189	0.00473
100	0.07360	0.24811	0.37003	0.00991	0.01444	0.10465	0.01092	0.08343	0.01013	0.02817	0.00731	0.00830	0.00562	0.00408	0.00358	0.00119	0.00556	0.00288	0.00218	0.00589
101	0.01306	0.08975	0.11114	0.01110	0.11719	0.04665	0.01840	0.21343	0.02576	0.15683	0.04306	0.01134	0.00865	0.00498	0.01572	0.00126	0.00469	0.00368	0.00332	0.09999

[dist]
# distance from previous block
# <min> <max>
0	1

[block]
# block no. 4 follows, 62 sequences, length 19
# corresponding to MSA columns:
# 303-321
name=unknown_E
#
# <colnr> <probs for GDERKNQSTAVLIFYWHMCP>
#	G	D	E	R	K	N	Q	S	T	A	V	L	I	F	Y	W	H	M	C	P
0	0.02797	0.03704	0.04487	0.02605	0.02503	0.29144	0.02107	0.20070	0.16548	0.08269	0.01048	0.01077	0.00786	0.00545	0.02309	0.00138	0.00563	0.00362	0.00330	0.00607
1	0.82008	0.00907	0.00666	0.00597	0.00857	0.06713	0.00486	0.01282	0.00758	0.01848	0.00597	0.00697	0.00467	0.00398	0.00272	0.00130	0.00360	0.00233	0.00260	0.00463
2	0.00518	0.00370	0.00494	0.00592	0.00617	0.00346	0.00395	0.00592	0.00815	0.01086	0.02345	0.84768	0.02814	0.01333	0.00543	0.00173	0.00247	0.01210	0.00395	0.00346
3	0.01909	0.00724	0.00987	0.00757	0.01086	0.00625	0.00625	0.02074	0.01218	0.82687	0.01679	0.01448	0.01053	0.00527	0.00428	0.00132	0.00362	0.00428	0.00527	0.00724
4	0.00573	0.00410	0.00557	0.00655	0.00704	0.00393	0.00490	0.00687	0.00869	0.01148	0.02315	0.58527	0.02694	0.01281	0.00558	0.00180	0.00294	0.26910	0.00394	0.00361
5	0.01562	0.01151	0.01238	0.00960	0.01284	0.01271	0.00788	0.76931	0.01941	0.02601	0.01088	0.05233	0.00829	0.00552	0.00432	0.00130	0.00457	0.00425	0.00424	0.00705
6	0.01618	0.01192	0.01277	0.00979	0.01320	0.01320	0.00809	0.80973	0.02001	0.02682	0.01022	0.01022	0.00724	0.00511	0.00426	0.00128	0.00468	0.00383	0.00426	0.00724
7	0.00804	0.00756	0.01276	0.84023	0.02931	0.00945	0.01182	0.01087	0.00851	0.01087	0.00756	0.01134	0.00567	0.00425	0.00425	0.00142	0.00567	0.00378	0.00189	0.00473
8	0.01589	0.02028	0.01206	0.01096	0.01315	0.83338	0.00822	0.01699	0.01206	0.01041	0.00658	0.00767	0.00548	0.00438	0.00384	0.00110	0.00767	0.00274	0.00219	0.00493
9	0.01077	0.01046	0.12513	0.15310	0.21950	0.00903	0.08836	0.06522	0.04280	0.12365	0.04202	0.07061	0.00992	0.00510	0.00441	0.00137	0.00495	0.00466	0.00291	0.00601
10	0.00608	0.00456	0.00684	0.00684	0.00760	0.00532	0.00532	0.00760	0.00684	0.00988	0.01140	0.01672	0.01064	0.03191	0.83360	0.00684	0.01140	0.00456	0.00228	0.00380
11	0.00534	0.00380	0.00502	0.00594	0.00621	0.00358	0.00401	0.00610	0.00810	0.01078	0.02270	0.74783	0.02706	0.07176	0.00659	0.00191	0.00266	0.05335	0.00385	0.00342
12	0.05288	0.08153	0.01032	0.00745	0.01002	0.01025	0.00615	0.41581	0.04399	0.02113	0.01110	0.01181	0.00836	0.00490	0.00364	0.00116	0.00368	0.00371	0.28624	0.00588
13	0.02829	0.16286	0.19274	0.01040	0.03811	0.00996	0.12498	0.04795	0.01012	0.16961	0.00930	0.01004	0.00681	0.00402	0.00383	0.00114	0.00488	0.00340	0.00277	0.15878
14	0.03187	0.08097	0.49728	0.01325	0.12163	0.02665	0.04926	0.03762	0.00954	0.04773	0.00796	0.00933	0.00590	0.00408	0.00413	0.00129	0.01993	0.00328	0.00212	0.02619
15	0.01172	0.00915	0.03069	0.00849	0.01100	0.00966	0.00699	0.30074	0.26161	0.05438	0.08999	0.03983	0.03762	0.00727	0.02444	0.00155	0.00399	0.08051	0.00420	0.00616
16	0.00847	0.00753	0.01216	0.27777	0.31299	0.00806	0.00988	0.01092	0.03054	0.02707	0.05300	0.17688	0.03429	0.00632	0.00453	0.00142	0.00444	0.00579	0.00269	0.00525
17	0.03993	0.23629	0.07335	0.02433	0.08982	0.09181	0.11821	0.05764	0.04283	0.09259	0.03976	0.01161	0.00844	0.00462	0.00419	0.00124	0.02861	0.02624	0.00269	0.00579
18	0.00826	0.05166	0.08765	0.10151	0.14484	0.03743	0.07904	0.03613	0.00953	0.01242	0.03316	0.11094	0.17717	0.06585	0.00576	0.00158	0.00445	0.02493	0.00282	0.00486

[dist]
# distance from previous block
# <min> <max>
0	1

[block]
# block no. 5 follows, 62 sequences, length 16
# corresponding to MSA columns:
# 323-338
name=unknown_F
#
# <colnr> <probs for GDERKNQSTAVLIFYWHMCP>
#	G	D	E	R	K	N	Q	S	T	A	V	L	I	F	Y	W	H	M	C	P
0	0.01639	0.00854	0.01023	0.00797	0.01099	0.00851	0.00654	0.31137	0.01479	0.41970	0.05461	0.01389	0.01083	0.00535	0.00420	0.00127	0.00379	0.00426	0.07998	0.00679
1	0.01393	0.01121	0.08027	0.04048	0.06708	0.02549	0.03757	0.34514	0.14137	0.14940	0.03626	0.01240	0.00936	0.00507	0.00429	0.00132	0.00456	0.00414	0.00390	0.00676
2	0.01103	0.03212	0.02085	0.00805	0.02647	0.25333	0.01762	0.05700	0.01149	0.08435	0.17877	0.06025	0.11548	0.00673	0.00432	0.00126	0.00433	0.01833	0.08343	0.00482
3	0.00512	0.00418	0.00453	0.00473	0.00588	0.00359	0.00344	0.00618	0.00949	0.01167	0.08313	0.21822	0.60264	0.01122	0.00512	0.00150	0.00222	0.00959	0.00399	0.00359
4	0.00694	0.00585	0.00721	0.00706	0.00781	0.06656	0.00537	0.00823	0.00714	0.00975	0.01105	0.01703	0.01062	0.12156	0.65001	0.00592	0.04127	0.00458	0.00229	0.00378
5	0.01005	0.03568	0.06075	0.26500	0.28840	0.03711	0.15505	0.01282	0.00948	0.04993	0.00865	0.03246	0.00694	0.00424	0.00434	0.00134	0.00563	0.00413	0.00222	0.00577
6	0.43184	0.00905	0.00897	0.00726	0.01027	0.00982	0.00599	0.24267	0.01205	0.21000	0.00969	0.00963	0.00674	0.00459	0.00348	0.00131	0.00377	0.00320	0.00371	0.00598
7	0.00538	0.00384	0.00516	0.00615	0.00648	0.00363	0.00429	0.00627	0.00834	0.01108	0.02334	0.75318	0.02771	0.01314	0.00548	0.00176	0.00264	0.10465	0.00395	0.00351
8	0.01072	0.02378	0.03342	0.04696	0.12957	0.16769	0.10167	0.07333	0.09800	0.01401	0.03760	0.10615	0.02636	0.00587	0.00490	0.00135	0.05419	0.00497	0.05405	0.00540
9	0.03533	0.03512	0.06354	0.03507	0.04394	0.06588	0.03239	0.05108	0.10266	0.26241	0.04911	0.15715	0.01386	0.00664	0.00444	0.00140	0.00410	0.02618	0.00388	0.00582
10	0.32770	0.00725	0.00799	0.00653	0.00933	0.00717	0.00535	0.01632	0.01021	0.44325	0.05487	0.01351	0.03495	0.00513	0.00371	0.00131	0.00332	0.00388	0.03231	0.00591
11	0.01188	0.01224	0.22040	0.05837	0.16820	0.04278	0.06432	0.04628	0.01052	0.20843	0.04602	0.01241	0.00894	0.00595	0.04598	0.00159	0.00542	0.00400	0.02011	0.00619
12	0.05580	0.09140	0.14080	0.02361	0.08348	0.09757	0.03677	0.08553	0.10693	0.12247	0.01135	0.05120	0.02084	0.00525	0.00445	0.00132	0.03684	0.01535	0.00307	0.00597
13	0.00778	0.00645	0.04726	0.00875	0.08242	0.00586	0.03601	0.04236	0.02036	0.05525	0.09761	0.24887	0.07133	0.07316	0.07587	0.00215	0.02133	0.05415	0.03855	0.00447
14	0.00574	0.00432	0.00585	0.00601	0.00676	0.00453	0.00446	0.00698	0.00783	0.01065	0.06782	0.17227	0.15304	0.07804	0.44040	0.00449	0.00718	0.00696	0.00303	0.00363
15	0.02918	0.04844	0.13571	0.06793	0.09574	0.09670	0.13956	0.08872	0.06761	0.07603	0.01045	0.04849	0.02032	0.00536	0.01726	0.00143	0.03819	0.00426	0.00276	0.00585

[dist]
# distance from previous block
# <min> <max>
5	17

[block]
# block no. 6 follows, 62 sequences, length 9
# corresponding to MSA columns:
# 356-364
name=unknown_G
#
# <colnr> <probs for GDERKNQSTAVLIFYWHMCP>
#	G	D	E	R	K	N	Q	S	T	A	V	L	I	F	Y	W	H	M	C	P
0	0.00741	0.00738	0.05646	0.03408	0.03686	0.06078	0.03646	0.04667	0.04344	0.01321	0.12660	0.29500	0.18104	0.00935	0.00492	0.00149	0.00347	0.02737	0.00363	0.00439
1	0.05828	0.13449	0.10232	0.06417	0.07329	0.08896	0.13102	0.13197	0.02974	0.13196	0.00928	0.01021	0.00683	0.00431	0.00401	0.00126	0.00533	0.00361	0.00288	0.00609
2	0.01141	0.03107	0.12900	0.06968	0.07256	0.00771	0.05039	0.04826	0.05543	0.23741	0.07051	0.03807	0.09344	0.04552	0.00519	0.00148	0.00421	0.00503	0.01785	0.00578
3	0.00683	0.00483	0.00607	0.00656	0.06091	0.00434	0.00442	0.00818	0.01007	0.07875	0.21702	0.17051	0.35764	0.03768	0.00553	0.00153	0.00255	0.00839	0.00406	0.00414
4	0.02528	0.03675	0.05193	0.09336	0.23847	0.08497	0.07100	0.05385	0.06699	0.01360	0.02425	0.09555	0.01062	0.00639	0.02367	0.00152	0.03988	0.05369	0.00268	0.00554
5	0.01170	0.15260	0.13749	0.02692	0.09333	0.06182	0.06403	0.11073	0.03630	0.09682	0.00914	0.01034	0.00705	0.00609	0.05939	0.00156	0.02063	0.00348	0.00272	0.08786
6	0.04275	0.00740	0.02010	0.02601	0.02968	0.03894	0.00614	0.04098	0.16993	0.02844	0.14960	0.08767	0.14548	0.00837	0.02110	0.00158	0.10081	0.04991	0.02024	0.00486
7	0.04850	0.00552	0.00609	0.00600	0.00674	0.05976	0.00427	0.03775	0.00800	0.01062	0.05389	0.13524	0.13238	0.03363	0.06585	0.36996	0.00403	0.00584	0.00279	0.00312
8	0.01168	0.07327	0.14583	0.01283	0.15267	0.07540	0.09411	0.06760	0.08806	0.12647	0.02670	0.04036	0.02693	0.03347	0.00482	0.00140	0.00503	0.00433	0.00301	0.00606

[dist]
# distance from previous block
# <min> <max>
1	7

[block]
# block no. 7 follows, 62 sequences, length 21
# corresponding to MSA columns:
# 372-392
name=unknown_H
#
# <colnr> <probs for GDERKNQSTAVLIFYWHMCP>
#	G	D	E	R	K	N	Q	S	T	A	V	L	I	F	Y	W	H	M	C	P
0	0.26913	0.07296	0.04651	0.03035	0.10477	0.03184	0.01731	0.02529	0.02188	0.10495	0.05965	0.01214	0.00915	0.07354	0.00526	0.00146	0.02502	0.00359	0.00287	0.08233
1	0.03691	0.42218	0.08404	0.00904	0.06353	0.04894	0.00786	0.09785	0.02384	0.03660	0.05926	0.04316	0.00940	0.03575	0.00416	0.00123	0.00454	0.00360	0.00257	0.00555
2	0.00659	0.02279	0.00604	0.00629	0.05648	0.00478	0.00368	0.00682	0.00673	0.00903	0.03005	0.04800	0.03928	0.59760	0.06868	0.07118	0.00446	0.00594	0.00258	0.00301
3	0.01090	0.14760	0.16225	0.04994	0.25811	0.12240	0.03703	0.04216	0.04459	0.01302	0.00829	0.01066	0.00688	0.00489	0.02017	0.00136	0.02692	0.02468	0.00223	0.00593
4	0.00547	0.00430	0.00496	0.00493	0.00610	0.00378	0.00369	0.00690	0.01047	0.01359	0.33549	0.09791	0.44269	0.01021	0.00508	0.00144	0.00218	0.03282	0.00423	0.00375
5	0.01029	0.53667	0.32918	0.00913	0.01377	0.01419	0.01049	0.01302	0.00877	0.01133	0.00657	0.00765	0.00543	0.00379	0.00323	0.00108	0.00521	0.00261	0.00181	0.00578
