[name]
unknown

[dist]
# distance from previous block
# <min> <max>
0	0

[block]
# block no. 0 follows, 67 sequences, length 19
# corresponding to MSA columns:
# 0-18
name=unknown_A
#
# <colnr> <probs for GDERKNQSTAVLIFYWHMCP>
#	G	D	E	R	K	N	Q	S	T	A	V	L	I	F	Y	W	H	M	C	P
0	0.00646	0.00462	0.00646	0.00739	0.00831	0.00462	0.00646	0.00831	0.00923	0.01200	0.02123	0.04524	0.02308	0.01108	0.00554	0.00185	0.00369	0.80704	0.00369	0.00369
1	0.88738	0.00776	0.00589	0.00527	0.00776	0.00900	0.00434	0.01179	0.00683	0.01799	0.00558	0.00651	0.00434	0.00372	0.00248	0.00124	0.00310	0.00217	0.00248	0.00434
2	0.05535	0.00660	0.00702	0.00637	0.00797	0.03847	0.00486	0.21020	0.01136	0.06677	0.08931	0.27466	0.12742	0.00812	0.00433	0.00134	0.00303	0.00689	0.06536	0.00457
3	0.03835	0.00405	0.00400	0.00395	0.00498	0.00414	0.00298	0.00985	0.03712	0.01512	0.01293	0.01466	0.01014	0.00467	0.00284	0.00096	0.00196	0.00371	0.81973	0.00385
4	0.20937	0.00725	0.00802	0.00676	0.00917	0.00747	0.00548	0.13163	0.08405	0.28032	0.06000	0.04023	0.04856	0.02608	0.00428	0.00137	0.00332	0.05723	0.00392	0.00548
5	0.01525	0.01123	0.01204	0.00923	0.01244	0.01244	0.00762	0.82067	0.01886	0.02528	0.00963	0.00963	0.00682	0.00481	0.00401	0.00120	0.00441	0.00361	0.00401	0.00682
6	0.01043	0.00969	0.01588	0.02316	0.75602	0.00981	0.01186	0.08907	0.01006	0.01426	0.00774	0.00990	0.00640	0.00369	0.00397	0.00119	0.00473	0.00358	0.00218	0.00640
7	0.01017	0.18963	0.33488	0.00962	0.01371	0.04096	0.04512	0.15998	0.04296	0.01441	0.03791	0.00992	0.02269	0.00430	0.00388	0.00117	0.02412	0.00329	0.00240	0.02887
8	0.03274	0.15867	0.16610	0.01048	0.10774	0.02454	0.04192	0.10233	0.06809	0.09613	0.03789	0.02325	0.00801	0.00431	0.00382	0.00113	0.01901	0.00346	0.00271	0.08766
9	0.09576	0.12987	0.09447	0.05786	0.07287	0.04571	0.03232	0.10125	0.05319	0.07386	0.06267	0.01153	0.03724	0.00449	0.00376	0.00113	0.01829	0.00354	0.00276	0.09743
10	0.09682	0.14494	0.07509	0.00801	0.02148	0.07528	0.02669	0.10627	0.07880	0.11666	0.03563	0.02800	0.00846	0.00493	0.01815	0.00119	0.00421	0.01691	0.00295	0.12952
11	0.10758	0.01010	0.08385	0.00904	0.05195	0.06453	0.04813	0.16392	0.06436	0.10837	0.06235	0.02918	0.00917	0.00460	0.00390	0.00114	0.01940	0.00368	0.00312	0.15161
12	0.02643	0.05999	0.07188	0.02290	0.06182	0.11708	0.02188	0.14442	0.09350	0.10255	0.04182	0.01112	0.02415	0.00453	0.00406	0.00112	0.03483	0.00351	0.00301	0.14942
13	0.11015	0.03341	0.04306	0.05645	0.08642	0.07142	0.07768	0.10610	0.11625	0.09041	0.00919	0.01013	0.00698	0.00474	0.01785	0.00129	0.05683	0.00344	0.00283	0.09539
14	0.11355	0.07081	0.02463	0.05423	0.07168	0.04403	0.07124	0.16902	0.08572	0.12971	0.02541	0.02308	0.02560	0.00453	0.00374	0.00118	0.00417	0.00370	0.00314	0.07083
15	0.15095	0.04950	0.06009	0.03858	0.06406	0.06027	0.03037	0.14037	0.09864	0.09722	0.04381	0.03232	0.00862	0.00460	0.00379	0.00118	0.01676	0.00361	0.00305	0.09221
16	0.11838	0.02424	0.04430	0.04563	0.11782	0.06434	0.11364	0.11708	0.06555	0.05580	0.06740	0.02570	0.00904	0.00448	0.00401	0.00119	0.02172	0.00381	0.00282	0.09305
17	0.10436	0.00987	0.02471	0.05695	0.08327	0.11567	0.05278	0.12629	0.11389	0.08117	0.05278	0.02529	0.00900	0.00514	0.02113	0.00129	0.02059	0.00374	0.00301	0.08906
18	0.11395	0.02487	0.01140	0.13688	0.06838	0.08639	0.07115	0.07522	0.16097	0.11064	0.02448	0.01098	0.00787	0.00441	0.00397	0.00123	0.02158	0.00361	0.00297	0.05905

[dist]
# distance from previous block
# <min> <max>
9	197

[block]
# block no. 1 follows, 67 sequences, length 79
# corresponding to MSA columns:
# 241-319
name=unknown_B
#
# <colnr> <probs for GDERKNQSTAVLIFYWHMCP>
#	G	D	E	R	K	N	Q	S	T	A	V	L	I	F	Y	W	H	M	C	P
0	0.05558	0.00861	0.04490	0.00801	0.01075	0.02230	0.05346	0.17620	0.11358	0.17814	0.05599	0.08390	0.03008	0.00550	0.00419	0.00122	0.02209	0.00456	0.00362	0.11733
1	0.05881	0.01996	0.03666	0.01098	0.18183	0.11936	0.01799	0.07559	0.03943	0.11094	0.15146	0.05546	0.04246	0.00550	0.00403	0.00120	0.00402	0.01407	0.00319	0.04706
2	0.05849	0.17360	0.02549	0.00903	0.02139	0.12722	0.06474	0.19226	0.13100	0.07131	0.00940	0.02462	0.00733	0.00450	0.00391	0.00115	0.02973	0.00343	0.00296	0.03841
3	0.11334	0.10004	0.03098	0.02179	0.02378	0.08908	0.04904	0.09271	0.10446	0.11897	0.04235	0.06455	0.04687	0.02495	0.00425	0.00131	0.00404	0.04824	0.00321	0.01604
4	0.11753	0.02662	0.04838	0.00980	0.03138	0.05921	0.15448	0.17992	0.01991	0.21738	0.01045	0.01122	0.01664	0.00440	0.00388	0.00121	0.00454	0.01969	0.00328	0.06009
5	0.17877	0.09647	0.01073	0.00803	0.02118	0.09802	0.04404	0.18833	0.07134	0.07988	0.02656	0.06609	0.01845	0.00515	0.00366	0.00121	0.00407	0.02942	0.02313	0.02546
6	0.07802	0.06108	0.01159	0.03401	0.06823	0.10174	0.06235	0.22668	0.10169	0.05050	0.05229	0.08033	0.01012	0.00518	0.00391	0.00121	0.00430	0.00427	0.00318	0.03932
7	0.10660	0.02752	0.01171	0.00972	0.05492	0.11216	0.08321	0.26464	0.09372	0.06111	0.02835	0.02223	0.00784	0.00446	0.00377	0.00116	0.00444	0.00359	0.00316	0.09570
8	0.05034	0.17077	0.02458	0.01189	0.16880	0.18897	0.05850	0.07239	0.09482	0.07168	0.00846	0.00928	0.00663	0.00402	0.00359	0.00110	0.00491	0.00318	0.00256	0.04351
9	0.04049	0.02215	0.06627	0.02467	0.10677	0.15042	0.00787	0.24827	0.07779	0.05124	0.03595	0.03646	0.00833	0.00463	0.00381	0.00114	0.00456	0.00364	0.00305	0.10250
10	0.06566	0.10105	0.15125	0.04517	0.16005	0.17648	0.02084	0.10423	0.03996	0.01351	0.01829	0.04048	0.00699	0.00446	0.00403	0.00119	0.03516	0.00343	0.00234	0.00544
11	0.02697	0.07816	0.06197	0.07554	0.35643	0.03019	0.10168	0.02621	0.03960	0.03299	0.00774	0.00966	0.00624	0.00387	0.00434	0.00118	0.05268	0.00345	0.00216	0.07894
12	0.00982	0.06235	0.41578	0.00936	0.01353	0.02262	0.02867	0.01392	0.09382	0.14497	0.03171	0.01281	0.04686	0.00560	0.03367	0.00143	0.00496	0.01938	0.00271	0.02603
13	0.00734	0.00515	0.00624	0.00593	0.00712	0.02524	0.00445	0.01990	0.05262	0.08922	0.29340	0.23357	0.07650	0.02254	0.05836	0.00171	0.01901	0.02242	0.00383	0.04543
14	0.01006	0.00957	0.01617	0.02424	0.81382	0.00960	0.01219	0.03220	0.00937	0.01340	0.00760	0.00992	0.00636	0.00360	0.00397	0.00119	0.00476	0.00357	0.00204	0.00636
15	0.00577	0.00426	0.00545	0.00532	0.00634	0.00398	0.00413	0.00775	0.02693	0.01496	0.61761	0.03272	0.12148	0.00876	0.00483	0.00135	0.00218	0.11819	0.00423	0.00378
16	0.00489	0.00349	0.00465	0.00558	0.00582	0.00326	0.00372	0.00558	0.00768	0.01024	0.02210	0.85644	0.02653	0.01256	0.00512	0.00163	0.00233	0.01140	0.00372	0.00326
17	0.00489	0.00349	0.00465	0.00558	0.00582	0.00326	0.00372	0.00558	0.00768	0.01024	0.02210	0.85644	0.02653	0.01256	0.00512	0.00163	0.00233	0.01140	0.00372	0.00326
18	0.00489	0.00349	0.00465	0.00558	0.00582	0.00326	0.00372	0.00558	0.00768	0.01024	0.02210	0.85644	0.02653	0.01256	0.00512	0.00163	0.00233	0.01140	0.00372	0.00326
19	0.88738	0.00776	0.00589	0.00527	0.00776	0.00900	0.00434	0.01179	0.00683	0.01799	0.00558	0.00651	0.00434	0.00372	0.00248	0.00124	0.00310	0.00217	0.00248	0.00434
20	0.01487	0.00949	0.01070	0.00837	0.01133	0.01009	0.00685	0.50327	0.08969	0.22326	0.06064	0.01231	0.00992	0.00511	0.00407	0.00123	0.00391	0.00401	0.00428	0.00660
21	0.88738	0.00776	0.00589	0.00527	0.00776	0.00900	0.00434	0.01179	0.00683	0.01799	0.00558	0.00651	0.00434	0.00372	0.00248	0.00124	0.00310	0.00217	0.00248	0.00434
22	0.00804	0.02074	0.83828	0.01143	0.01736	0.00931	0.01482	0.01270	0.00847	0.01270	0.00720	0.00847	0.00508	0.00381	0.00381	0.00127	0.00593	0.00296	0.00169	0.00593
23	0.01525	0.01123	0.01204	0.00923	0.01244	0.01244	0.00762	0.82067	0.01886	0.02528	0.00963	0.00963	0.00682	0.00481	0.00401	0.00120	0.00441	0.00361	0.00401	0.00682
24	0.88738	0.00776	0.00589	0.00527	0.00776	0.00900	0.00434	0.01179	0.00683	0.01799	0.00558	0.00651	0.00434	0.00372	0.00248	0.00124	0.00310	0.00217	0.00248	0.00434
25	0.00993	0.00953	0.01628	0.02462	0.83404	0.00953	0.01231	0.01231	0.00913	0.01310	0.00754	0.00993	0.00635	0.00357	0.00397	0.00119	0.00476	0.00357	0.00199	0.00635
26	0.01525	0.01123	0.01204	0.00923	0.01244	0.01244	0.00762	0.82067	0.01886	0.02528	0.00963	0.00963	0.00682	0.00481	0.00401	0.00120	0.00441	0.00361	0.00401	0.00682
27	0.00998	0.00862	0.00907	0.00816	0.01043	0.00998	0.00635	0.02131	0.82679	0.01678	0.01632	0.01496	0.01224	0.00544	0.00408	0.00136	0.00317	0.00453	0.00408	0.00635
28	0.00508	0.00408	0.00453	0.00442	0.00563	0.00353	0.00332	0.00641	0.00995	0.01274	0.32847	0.03545	0.54337	0.00944	0.00474	0.00132	0.00198	0.00802	0.00398	0.00353
29	0.00508	0.00370	0.00472	0.00524	0.00574	0.00341	0.00360	0.00603	0.00853	0.01141	0.19269	0.55084	0.12116	0.05116	0.00571	0.00163	0.00228	0.00994	0.00381	0.00334
30	0.00970	0.00993	0.01868	0.03958	0.46447	0.00977	0.32230	0.01289	0.04766	0.01311	0.00817	0.01052	0.00650	0.00360	0.00427	0.00126	0.00547	0.00406	0.00210	0.00595
31	0.00947	0.01082	0.02366	0.01690	0.02096	0.01014	0.81947	0.01285	0.00947	0.01285	0.00811	0.01082	0.00609	0.00338	0.00473	0.00135	0.00676	0.00473	0.00203	0.00541
32	0.00541	0.00394	0.00511	0.00585	0.00645	0.00373	0.00440	0.00647	0.00826	0.01072	0.02391	0.43898	0.13974	0.06209	0.00610	0.00179	0.00280	0.25723	0.00364	0.00336
33	0.00977	0.00937	0.01599	0.08031	0.77959	0.00949	0.01223	0.01217	0.00906	0.01291	0.00752	0.00998	0.00628	0.00360	0.00397	0.00120	0.00480	0.00357	0.00197	0.00622
34	0.00474	0.00406	0.00406	0.00406	0.00542	0.00339	0.00305	0.00576	0.00914	0.01083	0.04063	0.03860	0.83241	0.01016	0.00474	0.00135	0.00203	0.00846	0.00372	0.00339
35	0.00484	0.00367	0.00447	0.00510	0.00569	0.00330	0.00351	0.00564	0.00815	0.01043	0.02801	0.59553	0.28362	0.01180	0.00500	0.00154	0.00223	0.01046	0.00372	0.00330
36	0.00869	0.00856	0.01194	0.04442	0.01112	0.01181	0.00864	0.01015	0.04479	0.01000	0.00603	0.00936	0.00574	0.00753	0.03790	0.00186	0.75153	0.00358	0.00188	0.00446
37	0.04273	0.01102	0.03618	0.01549	0.06967	0.04918	0.58546	0.08660	0.01022	0.01397	0.00845	0.03630	0.00667	0.00386	0.00448	0.00132	0.00615	0.00453	0.00227	0.00547
38	0.13423	0.08054	0.02318	0.00938	0.01163	0.62104	0.00734	0.02873	0.01047	0.01121	0.00612	0.00717	0.00508	0.00410	0.00361	0.00107	0.02575	0.00254	0.00212	0.00469
39	0.84615	0.00784	0.00638	0.00618	0.04659	0.00902	0.00472	0.01181	0.00693	0.01776	0.00568	0.00668	0.00444	0.00372	0.00255	0.00124	0.00318	0.00224	0.00246	0.00444
40	0.00580	0.00402	0.00502	0.00502	0.00524	0.00424	0.00324	0.00625	0.00602	0.00826	0.01204	0.02297	0.01316	0.60008	0.27744	0.00469	0.00603	0.00535	0.00234	0.00279
41	0.01307	0.05021	0.01135	0.00872	0.01159	0.01168	0.00711	0.48471	0.31950	0.02136	0.01193	0.01147	0.00876	0.00498	0.00397	0.00125	0.00395	0.00389	0.00393	0.00657
42	0.00989	0.14515	0.17246	0.05326	0.14927	0.08764	0.16913	0.02164	0.02570	0.02671	0.01993	0.01007	0.02504	0.00399	0.00408	0.00118	0.02832	0.00351	0.00210	0.04094
43	0.00995	0.15804	0.32216	0.09057	0.07874	0.01080	0.12484	0.11057	0.00991	0.03667	0.00761	0.00906	0.00570	0.00384	0.00379	0.00120	0.00537	0.00328	0.00215	0.00575
44	0.00810	0.03899	0.82054	0.01133	0.01720	0.00946	0.01464	0.01269	0.00846	0.01263	0.00716	0.00842	0.00508	0.00380	0.00378	0.00126	0.00589	0.00295	0.00169	0.00591
45	0.00621	0.00451	0.00634	0.10113	0.04333	0.00452	0.00509	0.02929	0.00828	0.04425	0.01971	0.64730	0.04327	0.01064	0.00486	0.00154	0.00286	0.00961	0.00349	0.00377
46	0.00663	0.01478	0.04067	0.02234	0.01868	0.00499	0.00504	0.00798	0.01833	0.06681	0.02732	0.24610	0.14909	0.08417	0.20306	0.00284	0.03733	0.03691	0.00310	0.00383
47	0.00947	0.23357	0.37265	0.01038	0.07272	0.02994	0.01059	0.06579	0.00926	0.02858	0.02700	0.04632	0.00776	0.00462	0.00387	0.00120	0.02415	0.03443	0.00217	0.00552
48	0.00584	0.00431	0.00606	0.00608	0.00660	0.00488	0.00452	0.00691	0.00644	0.00909	0.01181	0.04681	0.01201	0.22289	0.56743	0.00538	0.03167	0.03563	0.00231	0.00333
49	0.00865	0.00816	0.01356	0.29810	0.46839	0.00872	0.01092	0.01115	0.02042	0.01217	0.04173	0.01284	0.05928	0.00434	0.00406	0.00126	0.00465	0.00403	0.00215	0.00543
50	0.00962	0.00809	0.00904	0.00723	0.03661	0.04566	0.00557	0.08345	0.04303	0.04190	0.00856	0.01037	0.00708	0.00370	0.00331	0.00079	0.00341	0.03495	0.00270	0.63495
51	0.00710	0.00492	0.00560	0.00527	0.00598	0.00501	0.00353	0.08316	0.05823	0.02771	0.12360	0.09033	0.04549	0.48188	0.01333	0.00275	0.00338	0.00619	0.02307	0.00347
52	0.00511	0.00408	0.00457	0.00445	0.00564	0.00354	0.00334	0.00647	0.01001	0.01290	0.35245	0.03519	0.51930	0.00939	0.00474	0.00132	0.00198	0.00799	0.00400	0.00354
53	0.00592	0.00444	0.00606	0.00597	0.00641	0.00505	0.00435	0.00682	0.00632	0.00889	0.01196	0.03867	0.03092	0.29671	0.48231	0.00507	0.06358	0.00501	0.00229	0.00325
54	0.04510	0.21696	0.07485	0.03228	0.37047	0.05838	0.08979	0.04438	0.00928	0.01260	0.00702	0.00878	0.00580	0.00363	0.00362	0.00113	0.00500	0.00319	0.00200	0.00574
55	0.01498	0.01911	0.01137	0.01033	0.01240	0.84295	0.00775	0.01601	0.01137	0.00982	0.00620	0.00723	0.00517	0.00413	0.00362	0.00103	0.00723	0.00258	0.00207	0.00465
56	0.00497	0.00390	0.00450	0.00472	0.00565	0.00343	0.00340	0.00607	0.00915	0.01172	0.19521	0.28437	0.42765	0.01049	0.00485	0.00142	0.00209	0.00911	0.00386	0.00343
57	0.00555	0.00406	0.00510	0.00557	0.00623	0.00385	0.00400	0.02821	0.02486	0.01201	0.15262	0.50553	0.12257	0.01094	0.00494	0.00152	0.00239	0.07267	0.02380	0.00356
58	0.00923	0.38576	0.43266	0.00917	0.01373	0.01199	0.01077	0.02870	0.00851	0.01144	0.00713	0.04115	0.00599	0.00401	0.00333	0.00110	0.00504	0.00295	0.00183	0.00550
59	0.00761	0.00514	0.00543	0.00506	0.00650	0.00519	0.00388	0.05897	0.13883	0.03332	0.07525	0.03935	0.25359	0.00681	0.00385	0.00118	0.00232	0.00563	0.33780	0.00430
60	0.35057	0.00669	0.00683	0.00582	0.00814	0.00688	0.00472	0.06438	0.00967	0.23636	0.08722	0.01623	0.12824	0.00560	0.00358	0.00126	0.00298	0.01783	0.03206	0.00495
61	0.00982	0.01059	0.07969	0.12355	0.50578	0.04063	0.07752	0.04337	0.02663	0.01304	0.00767	0.00995	0.00618	0.00382	0.00423	0.00124	0.02472	0.00360	0.00206	0.00592
62	0.01244	0.38824	0.05794	0.00837	0.01145	0.21385	0.01884	0.13944	0.02955	0.04362	0.00737	0.00806	0.00595	0.00398	0.00324	0.00101	0.00499	0.00274	0.03354	0.00537
63	0.00498	0.00379	0.00458	0.00499	0.00572	0.00339	0.00351	0.00599	0.00881	0.01147	0.17157	0.43930	0.29542	0.01099	0.00492	0.00147	0.00215	0.00969	0.00385	0.00339
64	0.00643	0.00438	0.00501	0.00491	0.01765	0.00380	0.00362	0.00768	0.00965	0.09502	0.17253	0.08068	0.52089	0.00912	0.00460	0.00132	0.00220	0.00772	0.03896	0.00385
65	0.02934	0.01395	0.07966	0.02441	0.19587	0.32595	0.04704	0.10487	0.05356	0.02966	0.02400	0.00992	0.02090	0.00433	0.00403	0.00117	0.01999	0.00339	0.00247	0.00549
66	0.12060	0.00694	0.00890	0.00692	0.00994	0.00626	0.00571	0.01863	0.01093	0.74018	0.01461	0.01281	0.00927	0.00482	0.00385	0.00124	0.00338	0.00381	0.00467	0.00653
67	0.00623	0.00545	0.00813	0.39734	0.01601	0.00611	0.00715	0.00806	0.00832	0.01060	0.05080	0.12548	0.23427	0.00910	0.06974	0.00178	0.00432	0.02450	0.00273	0.00390
68	0.00861	0.04210	0.05994	0.22630	0.14969	0.05419	0.04187	0.03270	0.04953	0.04015	0.03130	0.05582	0.14574	0.00608	0.01851	0.00138	0.01511	0.01346	0.00261	0.00490
69	0.00959	0.18498	0.10116	0.08407	0.29000	0.01095	0.11572	0.02674	0.04756	0.01221	0.00778	0.01022	0.00647	0.00406	0.00434	0.00122	0.05326	0.02199	0.00205	0.00562
70	0.00586	0.00430	0.00482	0.00501	0.00522	0.02964	0.00313	0.00619	0.00656	0.00862	0.01509	0.22455	0.03247	0.54489	0.08355	0.00342	0.00414	0.00699	0.00273	0.00281
71	0.12379	0.15139	0.16256	0.01115	0.08648	0.24164	0.09736	0.01328	0.00912	0.02419	0.00678	0.00837	0.00551	0.02095	0.00402	0.00120	0.02209	0.00296	0.00203	0.00514
72	0.00649	0.02422	0.00621	0.00534	0.00695	0.00438	0.00406	0.00793	0.00928	0.03977	0.26603	0.16430	0.17738	0.00910	0.04995	0.00146	0.00282	0.00669	0.00354	0.20410
73	0.00928	0.11771	0.23324	0.01128	0.12191	0.03116	0.07946	0.02199	0.09064	0.02393	0.00908	0.02019	0.02540	0.00397	0.00365	0.00108	0.00461	0.00337	0.00229	0.18574
74	0.00658	0.07372	0.02321	0.00595	0.00708	0.03225	0.00451	0.05014	0.00879	0.01143	0.06871	0.45112	0.11615	0.04097	0.00540	0.01868	0.00290	0.02845	0.00338	0.04057
75	0.04306	0.11209	0.37299	0.00957	0.04917	0.00878	0.05269	0.02715	0.04734	0.01271	0.04078	0.01571	0.18102	0.00530	0.00391	0.00124	0.00451	0.00434	0.00243	0.00520
76	0.00986	0.08521	0.16309	0.02792	0.07894	0.04203	0.02667	0.09367	0.02990	0.08619	0.01143	0.14761	0.02838	0.00552	0.00408	0.00119	0.02134	0.00460	0.00280	0.12956
77	0.04682	0.22332	0.03291	0.02392	0.09149	0.08689	0.03661	0.08608	0.06145	0.05799	0.04122	0.02560	0.00831	0.00452	0.00398	0.00111	0.04411	0.02192	0.00261	0.09914
78	0.02799	0.14588	0.16543	0.00912	0.04546	0.10735	0.02720	0.16326	0.02249	0.06894	0.01946	0.05186	0.02652	0.00472	0.00365	0.00114	0.00454	0.00368	0.06826	0.03304

[dist]
# distance from previous block
# <min> <max>
16	146

[block]
# block no. 2 follows, 67 sequences, length 21
# corresponding to MSA columns:
# 484-504
name=unknown_C
#
# <colnr> <probs for GDERKNQSTAVLIFYWHMCP>
#	G	D	E	R	K	N	Q	S	T	A	V	L	I	F	Y	W	H	M	C	P
0	0.03581	0.08020	0.18973	0.00947	0.03901	0.04611	0.10133	0.04119	0.08877	0.07873	0.06681	0.10525	0.05983	0.00561	0.00405	0.00126	0.00432	0.00485	0.00290	0.03478
1	0.03097	0.00982	0.09019	0.01035	0.02670	0.02472	0.23224	0.09628	0.06786	0.05303	0.04520	0.04750	0.03319	0.00461	0.00417	0.00117	0.01818	0.00427	0.01922	0.18033
2	0.00562	0.00385	0.00453	0.00473	0.00488	0.00380	0.00289	0.00588	0.00643	0.00854	0.01582	0.18742	0.05179	0.61231	0.04177	0.00337	0.00371	0.02720	0.00276	0.00270
3	0.01068	0.23068	0.01267	0.00777	0.02722	0.17511	0.00633	0.05144	0.02744	0.01206	0.00682	0.00787	0.00575	0.00359	0.00337	0.00084	0.02774	0.00252	0.00224	0.37784
4	0.01012	0.04828	0.07819	0.05078	0.06757	0.01878	0.07580	0.12619	0.04155	0.06946	0.02433	0.03700	0.01710	0.00431	0.00372	0.00104	0.00409	0.01830	0.00279	0.30058
5	0.03978	0.15918	0.17628	0.05864	0.13879	0.05147	0.06663	0.08073	0.03807	0.01303	0.01887	0.04082	0.05246	0.00470	0.00420	0.00122	0.04363	0.00381	0.00231	0.00538
6	0.00519	0.00387	0.00482	0.00521	0.00587	0.00362	0.00372	0.00620	0.00842	0.01107	0.14194	0.36786	0.22060	0.07862	0.06480	0.00204	0.00298	0.05620	0.00361	0.00335
7	0.02964	0.00708	0.03364	0.02574	0.03927	0.00637	0.01976	0.05606	0.04479	0.47434	0.08074	0.03374	0.02336	0.07013	0.03536	0.00164	0.00380	0.00458	0.00413	0.00583
8	0.05686	0.11066	0.07448	0.03300	0.08353	0.09350	0.04101	0.11833	0.02819	0.11837	0.03272	0.07035	0.04860	0.04084	0.00465	0.00132	0.01517	0.00426	0.00294	0.02123
9	0.00821	0.00722	0.01010	0.01313	0.32485	0.01777	0.00751	0.01169	0.15932	0.02886	0.05684	0.07578	0.18985	0.02299	0.03663	0.00155	0.00378	0.01569	0.00307	0.00516
10	0.00485	0.00384	0.00438	0.00479	0.00567	0.00337	0.00343	0.00576	0.00854	0.01062	0.03238	0.37765	0.47441	0.01118	0.00492	0.00148	0.00220	0.03346	0.00372	0.00334
11	0.02158	0.04408	0.03736	0.01298	0.26393	0.05198	0.02326	0.11212	0.07740	0.14583	0.03750	0.03414	0.05355	0.02234	0.01919	0.00138	0.00430	0.02815	0.00314	0.00578
12	0.01000	0.02657	0.04613	0.09006	0.33803	0.04244	0.04319	0.01274	0.06905	0.11180	0.01221	0.10412	0.04924	0.00530	0.00431	0.00129	0.02047	0.00474	0.00274	0.00557
13	0.00534	0.00380	0.00479	0.00528	0.00589	0.00348	0.00370	0.00628	0.00850	0.02863	0.13342	0.51415	0.17480	0.04700	0.00563	0.00162	0.00235	0.03814	0.00379	0.00341
14	0.00659	0.00400	0.00559	0.00552	0.00592	0.00417	0.00391	0.01928	0.02404	0.00859	0.02725	0.01630	0.07644	0.05877	0.22031	0.49908	0.00517	0.00431	0.00218	0.00259
15	0.03782	0.05940	0.08419	0.03621	0.19307	0.20974	0.04110	0.15363	0.04021	0.06796	0.00818	0.00926	0.00629	0.00421	0.00409	0.00118	0.03186	0.00328	0.00259	0.00574
16	0.00869	0.12870	0.06845	0.00749	0.00932	0.11018	0.00624	0.05543	0.13857	0.01210	0.01503	0.32160	0.03635	0.01866	0.00469	0.00139	0.02846	0.02096	0.00309	0.00460
17	0.00950	0.00823	0.02689	0.03771	0.05493	0.00696	0.06843	0.08694	0.03476	0.04343	0.00805	0.00920	0.00635	0.00341	0.00338	0.00083	0.00365	0.00291	0.00259	0.58185
18	0.01183	0.01178	0.18445	0.02633	0.03003	0.04688	0.02440	0.32539	0.04596	0.09947	0.08007	0.02971	0.05511	0.00527	0.00409	0.00125	0.00440	0.00425	0.00342	0.00592
19	0.00838	0.00691	0.00766	0.00700	0.00878	0.00760	0.00543	0.03298	0.48776	0.01634	0.27815	0.02164	0.05271	0.00669	0.00436	0.00134	0.00276	0.03400	0.00416	0.00533
20	0.00989	0.02637	0.01801	0.06689	0.22065	0.02433	0.39524	0.02886	0.04048	0.05295	0.02408	0.03280	0.00772	0.00402	0.00432	0.00128	0.00546	0.00441	0.02666	0.00557

[dist]
# distance from previous block
# <min> <max>
4	9

[block]
# block no. 3 follows, 67 sequences, length 16
# corresponding to MSA columns:
# 515-530
name=unknown_D
#
# <colnr> <probs for GDERKNQSTAVLIFYWHMCP>
#	G	D	E	R	K	N	Q	S	T	A	V	L	I	F	Y	W	H	M	C	P
0	0.00903	0.06447	0.05966	0.06378	0.15995	0.04961	0.09794	0.01085	0.00782	0.01095	0.00736	0.04910	0.00676	0.00642	0.04454	0.00163	0.30949	0.00386	0.00197	0.03481
1	0.00928	0.03736	0.01434	0.44395	0.02159	0.00947	0.18913	0.12203	0.01000	0.03711	0.00996	0.01224	0.05698	0.00437	0.00417	0.00130	0.00523	0.00410	0.00235	0.00502
2	0.16412	0.01077	0.01127	0.02580	0.08231	0.10859	0.03151	0.38167	0.01339	0.06668	0.00854	0.00931	0.00636	0.00531	0.03251	0.00139	0.02816	0.00332	0.00317	0.00584
3	0.01195	0.11235	0.12272	0.01342	0.16496	0.15467	0.14529	0.15194	0.01118	0.06219	0.00797	0.00918	0.00609	0.00395	0.00386	0.00117	0.00548	0.00338	0.00246	0.00581
4	0.00576	0.00391	0.00441	0.00439	0.00452	0.00385	0.00253	0.00592	0.00630	0.00838	0.05619	0.02714	0.06245	0.76703	0.01872	0.00361	0.00368	0.00606	0.00261	0.00255
5	0.00605	0.00477	0.00706	0.00688	0.00752	0.00578	0.00541	0.00742	0.00641	0.00935	0.01016	0.01502	0.00952	0.02765	0.75564	0.00595	0.09942	0.00421	0.00211	0.00367
6	0.00491	0.00363	0.00460	0.00536	0.00582	0.00332	0.00368	0.00570	0.00799	0.01040	0.02544	0.68388	0.17263	0.01208	0.00506	0.00159	0.00231	0.03458	0.00372	0.00329
7	0.00582	0.00433	0.00562	0.00625	0.00720	0.00409	0.00511	0.00724	0.00887	0.01142	0.02524	0.20912	0.19957	0.01096	0.00521	0.00166	0.00303	0.44751	0.00367	0.02809
8	0.10317	0.77144	0.01942	0.00669	0.01003	0.01514	0.00660	0.01199	0.00801	0.01034	0.00558	0.00644	0.00506	0.00346	0.00256	0.00090	0.00416	0.00215	0.00180	0.00506
9	0.01520	0.01271	0.01191	0.00944	0.01243	0.16852	0.00765	0.66944	0.01745	0.02237	0.00898	0.00918	0.00651	0.00469	0.00394	0.00117	0.00494	0.00342	0.00365	0.00641
10	0.04553	0.00744	0.00902	0.00734	0.01011	0.00735	0.00593	0.04719	0.25238	0.50774	0.01629	0.01455	0.04001	0.00524	0.00402	0.00128	0.00332	0.00426	0.00454	0.00647
11	0.09768	0.07824	0.04097	0.09915	0.08693	0.09930	0.09013	0.19054	0.02447	0.03492	0.00773	0.00907	0.00596	0.00410	0.00406	0.00117	0.03969	0.00324	0.00257	0.08007
12	0.00573	0.00430	0.00645	0.00645	0.00716	0.00501	0.00501	0.00716	0.00645	0.00931	0.01074	0.01576	0.01003	0.03008	0.84316	0.00645	0.01074	0.00430	0.00215	0.00358
13	0.00585	0.00392	0.00450	0.00453	0.00458	0.00394	0.00263	0.00595	0.00596	0.00795	0.01285	0.02655	0.01472	0.80940	0.04276	0.00389	0.00407	0.03099	0.00246	0.00250
14	0.00551	0.00397	0.00497	0.00542	0.00596	0.00380	0.00391	0.00641	0.00793	0.01039	0.07050	0.28309	0.13973	0.22853	0.03164	0.00232	0.00317	0.17616	0.00339	0.00320
15	0.02939	0.30007	0.21757	0.00992	0.04894	0.05689	0.04236	0.15407	0.05302	0.01389	0.00745	0.00839	0.00587	0.00403	0.00375	0.00113	0.03231	0.00296	0.00230	0.00569

[dist]
# distance from previous block
# <min> <max>
0	2

[block]
# block no. 4 follows, 67 sequences, length 6
# corresponding to MSA columns:
# 533-538
name=unknown_E
#
# <colnr> <probs for GDERKNQSTAVLIFYWHMCP>
#	G	D	E	R	K	N	Q	S	T	A	V	L	I	F	Y	W	H	M	C	P
0	0.03820	0.12669	0.06476	0.00958	0.01215	0.52686	0.00792	0.07869	0.01106	0.05003	0.00685	0.00773	0.00549	0.00420	0.00384	0.00108	0.03481	0.00272	0.00229	0.00505
1	0.00562	0.00415	0.00507	0.00548	0.00615	0.00393	0.00388	0.04980	0.00877	0.01149	0.07829	0.49768	0.17847	0.06855	0.00602	0.00169	0.00254	0.05525	0.00370	0.00348
2	0.01017	0.29558	0.15287	0.01045	0.08621	0.02848	0.08882	0.05755	0.04095	0.03693	0.00778	0.00946	0.00637	0.00392	0.00368	0.00107	0.02399	0.02203	0.00222	0.11145
3	0.00778	0.00734	0.01240	0.77692	0.09851	0.00896	0.01124	0.01043	0.00812	0.01050	0.00716	0.01062	0.00543	0.00397	0.00401	0.00132	0.00530	0.00356	0.00180	0.00462
4	0.00483	0.00403	0.00421	0.00425	0.00549	0.00341	0.00316	0.00590	0.00923	0.01124	0.10665	0.09532	0.70819	0.01016	0.00477	0.00137	0.00204	0.00857	0.00378	0.00341
5	0.08939	0.00810	0.00910	0.02580	0.01032	0.00858	0.00614	0.29904	0.10357	0.19553	0.06253	0.01573	0.04543	0.02444	0.00437	0.00133	0.00358	0.04741	0.03383	0.00581

[dist]
# distance from previous block
# <min> <max>
1	3

[block]
# block no. 5 follows, 67 sequences, length 28
# corresponding to MSA columns:
# 542-569
name=unknown_F
#
# <colnr> <probs for GDERKNQSTAVLIFYWHMCP>
#	G	D	E	R	K	N	Q	S	T	A	V	L	I	F	Y	W	H	M	C	P
0	0.04857	0.00892	0.08493	0.02681	0.12323	0.02831	0.02178	0.01198	0.02772	0.09810	0.04248	0.02203	0.00798	0.00383	0.00347	0.00093	0.00371	0.00320	0.00265	0.42935
1	0.07186	0.30516	0.01500	0.00966	0.04880	0.39506	0.04482	0.02445	0.02111	0.01082	0.00633	0.00744	0.00538	0.00415	0.01354	0.00108	0.00576	0.00261	0.00202	0.00495
2	0.00573	0.00428	0.00636	0.00636	0.00705	0.00497	0.00491	0.00711	0.00642	0.00925	0.01082	0.01619	0.01022	0.06456	0.80894	0.00634	0.01046	0.00436	0.00216	0.00353
3	0.00663	0.00645	0.05367	0.05148	0.03800	0.03393	0.01456	0.03934	0.04766	0.01256	0.15610	0.10544	0.34184	0.03791	0.00518	0.00142	0.01462	0.00692	0.02220	0.00407
4	0.00829	0.00703	0.00818	0.00588	0.00937	0.00530	0.00470	0.01008	0.00832	0.01312	0.00730	0.00851	0.00607	0.00302	0.00297	0.00060	0.00294	0.00242	0.02769	0.85823
5	0.01259	0.03664	0.01081	0.00881	0.01142	0.13077	0.00702	0.30440	0.39784	0.01858	0.01217	0.01170	0.00909	0.00497	0.00394	0.00124	0.00423	0.00385	0.00370	0.00624
6	0.00709	0.10353	0.03318	0.00699	0.00882	0.00655	0.09418	0.01943	0.07221	0.01452	0.47673	0.05563	0.07120	0.00703	0.00442	0.00125	0.00297	0.00625	0.00367	0.00437
7	0.01038	0.11831	0.05971	0.09797	0.01556	0.05066	0.23353	0.05696	0.19926	0.06101	0.02171	0.01243	0.00848	0.00448	0.00408	0.00127	0.00496	0.03089	0.00278	0.00556
8	0.01072	0.86147	0.02102	0.00686	0.01029	0.01587	0.00686	0.01201	0.00815	0.00944	0.00558	0.00643	0.00515	0.00343	0.00257	0.00086	0.00429	0.00214	0.00172	0.00515
9	0.00523	0.00408	0.00474	0.00457	0.00572	0.00359	0.00343	0.00670	0.01029	0.01357	0.45284	0.03410	0.41850	0.00914	0.00473	0.00131	0.00196	0.00783	0.00408	0.00359
10	0.00487	0.00354	0.00460	0.00545	0.00578	0.00327	0.00366	0.00560	0.00781	0.01029	0.02371	0.78542	0.09650	0.01236	0.00509	0.00160	0.00230	0.01115	0.00372	0.00327
11	0.00749	0.00694	0.01154	0.65636	0.09804	0.00835	0.01031	0.00988	0.00802	0.01048	0.00877	0.09850	0.00773	0.00544	0.02158	0.00147	0.01822	0.00439	0.00201	0.00448
12	0.01231	0.00861	0.00951	0.00801	0.01050	0.00942	0.00641	0.27111	0.35676	0.13392	0.01440	0.04916	0.01109	0.00563	0.00409	0.00130	0.00352	0.03243	0.04560	0.00622
13	0.00757	0.00713	0.01203	0.84942	0.02762	0.00891	0.01114	0.01025	0.00802	0.01025	0.00713	0.01069	0.00535	0.00401	0.00401	0.00134	0.00535	0.00356	0.00178	0.00446
14	0.00912	0.00923	0.04341	0.01858	0.48190	0.00875	0.14511	0.04220	0.00952	0.01323	0.04044	0.03457	0.09985	0.00478	0.00441	0.00126	0.02098	0.00461	0.00238	0.00567
15	0.00966	0.00954	0.01722	0.05091	0.62913	0.00948	0.16352	0.01222	0.00916	0.01292	0.00805	0.01118	0.00677	0.00378	0.00416	0.00125	0.00513	0.02786	0.00204	0.00603
16	0.00998	0.00862	0.00907	0.00816	0.01043	0.00998	0.00635	0.02131	0.82679	0.01678	0.01632	0.01496	0.01224	0.00544	0.00408	0.00136	0.00317	0.00453	0.00408	0.00635
17	0.01462	0.01092	0.01169	0.00910	0.01220	0.01215	0.00747	0.72642	0.11412	0.02427	0.01042	0.01026	0.00746	0.00489	0.00402	0.00122	0.00427	0.00372	0.00402	0.00676
18	0.88738	0.00776	0.00589	0.00527	0.00776	0.00900	0.00434	0.01179	0.00683	0.01799	0.00558	0.00651	0.00434	0.00372	0.00248	0.00124	0.00310	0.00217	0.00248	0.00434
19	0.00480	0.00404	0.00416	0.00417	0.00546	0.00340	0.00311	0.00585	0.00922	0.01111	0.08472	0.06661	0.75939	0.01013	0.00475	0.00136	0.00203	0.00850	0.00376	0.00340
20	0.00616	0.00469	0.00647	0.00604	0.00643	0.00503	0.04937	0.00675	0.00632	0.00870	0.01219	0.08550	0.01342	0.51664	0.18393	0.00393	0.06728	0.00572	0.00240	0.00304
21	0.01009	0.66990	0.16972	0.00767	0.01148	0.01427	0.00822	0.01222	0.02703	0.01023	0.00687	0.00769	0.02300	0.00369	0.00288	0.00096	0.00451	0.00248	0.00181	0.00528
22	0.00884	0.00755	0.03549	0.00708	0.00889	0.02284	0.00553	0.04104	0.43437	0.04541	0.01739	0.06539	0.09069	0.14569	0.04406	0.00199	0.00369	0.00535	0.00359	0.00512
23	0.00831	0.00760	0.00969	0.09487	0.18021	0.06859	0.00735	0.03700	0.10345	0.01333	0.19220	0.08389	0.05718	0.00742	0.03688	0.00153	0.04956	0.03306	0.00308	0.00480
24	0.00553	0.00396	0.00455	0.00451	0.00503	0.00373	0.00293	0.00622	0.00791	0.01048	0.21180	0.05825	0.19863	0.44495	0.01278	0.00264	0.00296	0.00693	0.00322	0.00299
25	0.01050	0.24326	0.22232	0.02740	0.01498	0.17103	0.18197	0.03378	0.00950	0.01168	0.03331	0.00895	0.00643	0.00385	0.00368	0.00113	0.00573	0.00321	0.00199	0.00529
26	0.00602	0.00438	0.00589	0.00668	0.00746	0.00432	0.00544	0.00780	0.03509	0.01171	0.04612	0.28252	0.05512	0.01121	0.00531	0.00173	0.00316	0.49263	0.00374	0.00364
27	0.41403	0.22133	0.10646	0.00781	0.03075	0.02974	0.04397	0.06578	0.02421	0.01519	0.00642	0.00738	0.00509	0.00376	0.00295	0.00115	0.00411	0.00256	0.00229	0.00503

[dist]
# distance from previous block
# <min> <max>
0	2

[block]
# block no. 6 follows, 67 sequences, length 107
# corresponding to MSA columns:
# 572-678
name=unknown_G
#
# <colnr> <probs for GDERKNQSTAVLIFYWHMCP>
#	G	D	E	R	K	N	Q	S	T	A	V	L	I	F	Y	W	H	M	C	P
0	0.23525	0.23640	0.01274	0.00864	0.04045	0.33028	0.00686	0.03085	0.00923	0.01224	0.00596	0.00706	0.00503	0.00396	0.00348	0.00108	0.04114	0.00246	0.00211	0.00480
1	0.00557	0.00418	0.00514	0.00558	0.00621	0.00403	0.00394	0.04774	0.00855	0.01117	0.03538	0.56057	0.18765	0.04193	0.00572	0.00164	0.02080	0.03707	0.00366	0.00348
2	0.01126	0.06239	0.01366	0.02766	0.36582	0.28072	0.02043	0.01367	0.06783	0.01182	0.00901	0.02843	0.03483	0.00437	0.00402	0.00116	0.02279	0.00357	0.00224	0.01432
3	0.00506	0.00389	0.00465	0.00516	0.00595	0.00350	0.00377	0.00605	0.00854	0.01083	0.05230	0.38836	0.35368	0.02291	0.00522	0.00156	0.00239	0.10908	0.00372	0.00337
4	0.00964	0.01010	0.01257	0.01190	0.09226	0.11247	0.00900	0.01068	0.00707	0.01001	0.00560	0.00870	0.00536	0.00633	0.01110	0.00161	0.66575	0.00340	0.00182	0.00461
5	0.00532	0.00407	0.00490	0.00534	0.00624	0.00372	0.00410	0.00647	0.00876	0.01106	0.06213	0.22151	0.36395	0.05528	0.00586	0.00167	0.00263	0.21991	0.00368	0.00340
6	0.00580	0.00413	0.00558	0.00558	0.00609	0.00454	0.00402	0.00678	0.00642	0.00911	0.01247	0.01989	0.03951	0.29646	0.51279	0.00521	0.00785	0.00491	0.03965	0.00321
7	0.01072	0.86147	0.02102	0.00686	0.01029	0.01587	0.00686	0.01201	0.00815	0.00944	0.00558	0.00643	0.00515	0.00343	0.00257	0.00086	0.00429	0.00214	0.00172	0.00515
8	0.00568	0.00410	0.00536	0.00505	0.00599	0.00378	0.00378	0.00757	0.01135	0.01608	0.83192	0.02996	0.03784	0.00820	0.00473	0.00126	0.00189	0.00725	0.00441	0.00378
9	0.88738	0.00776	0.00589	0.00527	0.00776	0.00900	0.00434	0.01179	0.00683	0.01799	0.00558	0.00651	0.00434	0.00372	0.00248	0.00124	0.00310	0.00217	0.00248	0.00434
10	0.88738	0.00776	0.00589	0.00527	0.00776	0.00900	0.00434	0.01179	0.00683	0.01799	0.00558	0.00651	0.00434	0.00372	0.00248	0.00124	0.00310	0.00217	0.00248	0.00434
11	0.00947	0.01082	0.02366	0.01690	0.02096	0.01014	0.81947	0.01285	0.00947	0.01285	0.00811	0.01082	0.00609	0.00338	0.00473	0.00135	0.00676	0.00473	0.00203	0.00541
12	0.00757	0.00713	0.01203	0.84942	0.02762	0.00891	0.01114	0.01025	0.00802	0.01025	0.00713	0.01069	0.00535	0.00401	0.00401	0.00134	0.00535	0.00356	0.00178	0.00446
13	0.01422	0.01047	0.01132	0.00878	0.01174	0.01151	0.00721	0.73332	0.01805	0.02429	0.09796	0.01181	0.01015	0.00518	0.00409	0.00121	0.00414	0.00400	0.00406	0.00649
14	0.00804	0.02074	0.83828	0.01143	0.01736	0.00931	0.01482	0.01270	0.00847	0.01270	0.00720	0.00847	0.00508	0.00381	0.00381	0.00127	0.00593	0.00296	0.00169	0.00593
15	0.00757	0.00713	0.01203	0.84942	0.02762	0.00891	0.01114	0.01025	0.00802	0.01025	0.00713	0.01069	0.00535	0.00401	0.00401	0.00134	0.00535	0.00356	0.00178	0.00446
16	0.00987	0.00947	0.01618	0.04335	0.81573	0.00951	0.01228	0.01226	0.00911	0.01304	0.00753	0.00994	0.00633	0.00358	0.00397	0.00119	0.00478	0.00357	0.00198	0.00631
17	0.00992	0.00956	0.01644	0.02444	0.81586	0.00954	0.03035	0.01232	0.00914	0.01310	0.00756	0.00995	0.00635	0.00357	0.00399	0.00119	0.00481	0.00360	0.00199	0.00633
18	0.00697	0.00348	0.00522	0.00522	0.00522	0.00348	0.00348	0.00522	0.00522	0.00697	0.00697	0.01219	0.00697	0.01393	0.01567	0.88332	0.00348	0.00348	0.00174	0.00174
19	0.00474	0.00406	0.00406	0.00406	0.00542	0.00339	0.00305	0.00576	0.00914	0.01083	0.04063	0.03860	0.83241	0.01016	0.00474	0.00135	0.00203	0.00846	0.00372	0.00339
20	0.00930	0.00945	0.01273	0.01073	0.01126	0.06276	0.06117	0.03776	0.00712	0.01039	0.00587	0.00911	0.00555	0.00743	0.04393	0.00185	0.68363	0.00357	0.00188	0.00452
21	0.00774	0.00399	0.00402	0.00392	0.00494	0.00403	0.00297	0.03697	0.00877	0.01530	0.01297	0.01477	0.01016	0.00468	0.00284	0.00094	0.00196	0.00373	0.85145	0.00384
22	0.00583	0.00389	0.00437	0.00437	0.00437	0.00389	0.00243	0.00583	0.00583	0.00778	0.01264	0.02624	0.01458	0.85906	0.02041	0.00389	0.00389	0.00583	0.00243	0.00243
23	0.01138	0.64350	0.07472	0.00771	0.01118	0.08336	0.00756	0.09925	0.00959	0.01139	0.00617	0.00698	0.00532	0.00366	0.00290	0.00094	0.00466	0.00239	0.00199	0.00534
24	0.01492	0.03183	0.01153	0.01025	0.01237	0.81024	0.00773	0.03537	0.01150	0.01018	0.00627	0.00728	0.00521	0.00414	0.00361	0.00103	0.00712	0.00260	0.00211	0.00471
25	0.00568	0.00410	0.00536	0.00505	0.00599	0.00378	0.00378	0.00757	0.01135	0.01608	0.83192	0.02996	0.03784	0.00820	0.00473	0.00126	0.00189	0.00725	0.00441	0.00378
26	0.01161	0.00941	0.00972	0.00839	0.01087	0.04343	0.00661	0.16856	0.59852	0.06494	0.01465	0.01359	0.01083	0.00525	0.00405	0.00131	0.00358	0.00426	0.00404	0.00639
27	0.00654	0.00475	0.00576	0.00589	0.00683	0.00465	0.00429	0.09143	0.04122	0.02832	0.12790	0.47502	0.13098	0.01041	0.00486	0.00149	0.00255	0.03931	0.00388	0.00391
28	0.00489	0.00401	0.00431	0.00437	0.00554	0.00343	0.00322	0.00600	0.00930	0.01152	0.15169	0.12522	0.63232	0.01014	0.00478	0.00137	0.00204	0.00861	0.00382	0.00343
29	0.00490	0.00409	0.00430	0.00437	0.00565	0.00348	0.00333	0.00600	0.00919	0.01111	0.07033	0.06211	0.72209	0.01021	0.00481	0.00139	0.00215	0.06332	0.00375	0.00342
30	0.00583	0.00390	0.00445	0.00445	0.00448	0.00393	0.00252	0.00588	0.00585	0.00783	0.01257	0.02586	0.01441	0.82864	0.05060	0.00398	0.00414	0.00578	0.00242	0.00247
31	0.00748	0.00374	0.00374	0.00374	0.00467	0.00374	0.00280	0.00934	0.00841	0.01495	0.01308	0.01495	0.01028	0.00467	0.00280	0.00093	0.00187	0.00374	0.88132	0.00374
32	0.00562	0.00410	0.00528	0.00498	0.00595	0.00376	0.00374	0.00745	0.01121	0.01574	0.78024	0.03052	0.08974	0.00833	0.00473	0.00127	0.00190	0.00733	0.00437	0.00376
33	0.01641	0.00936	0.01088	0.00834	0.01150	0.00966	0.00689	0.48009	0.01572	0.37029	0.01226	0.01134	0.00814	0.00488	0.00402	0.00122	0.00399	0.00379	0.00442	0.00682
34	0.00489	0.00349	0.00465	0.00558	0.00582	0.00326	0.00372	0.00558	0.00768	0.01024	0.02210	0.85644	0.02653	0.01256	0.00512	0.00163	0.00233	0.01140	0.00372	0.00326
35	0.01774	0.01326	0.01382	0.01106	0.01437	0.03757	0.00875	0.76521	0.02000	0.02691	0.01222	0.01335	0.00937	0.00660	0.00520	0.00171	0.00542	0.00449	0.00483	0.00811
36	0.00833	0.11106	0.75049	0.01094	0.01660	0.01002	0.01396	0.01263	0.00843	0.01235	0.00702	0.00825	0.00509	0.00377	0.00368	0.00123	0.00575	0.00288	0.00170	0.00584
37	0.00573	0.00429	0.00639	0.00639	0.00709	0.00499	0.00495	0.00713	0.00643	0.00927	0.01079	0.01601	0.01014	0.05039	0.82300	0.00638	0.01057	0.00433	0.00216	0.00355
38	0.01065	0.84826	0.02079	0.00686	0.01025	0.01570	0.00683	0.01193	0.00812	0.00943	0.00566	0.00658	0.00522	0.00384	0.01552	0.00094	0.00439	0.00218	0.00172	0.00512
39	0.01030	0.01118	0.02194	0.01583	0.01971	0.04250	0.70096	0.09975	0.01055	0.01406	0.00820	0.01055	0.00613	0.00356	0.00461	0.00132	0.00653	0.00453	0.00224	0.00553
40	0.00805	0.00621	0.00708	0.00622	0.00787	0.00635	0.00468	0.07382	0.23451	0.02628	0.30151	0.02125	0.03178	0.14474	0.00684	0.00164	0.00290	0.00545	0.00375	0.09904
41	0.00489	0.00349	0.00465	0.00558	0.00582	0.00326	0.00372	0.00558	0.00768	0.01024	0.02210	0.85644	0.02653	0.01256	0.00512	0.00163	0.00233	0.01140	0.00372	0.00326
42	0.00597	0.00585	0.09469	0.00643	0.00758	0.00445	0.00530	0.03935	0.00856	0.02301	0.03263	0.57610	0.08042	0.01084	0.00492	0.00156	0.00291	0.08209	0.00354	0.00379
43	0.00804	0.02074	0.83828	0.01143	0.01736	0.00931	0.01482	0.01270	0.00847	0.01270	0.00720	0.00847	0.00508	0.00381	0.00381	0.00127	0.00593	0.00296	0.00169	0.00593
44	0.01032	0.44943	0.31561	0.00886	0.01312	0.04619	0.00984	0.08297	0.00933	0.01201	0.00654	0.00748	0.00527	0.00372	0.00319	0.00104	0.00501	0.00259	0.00192	0.00556
45	0.03647	0.08287	0.02610	0.03605	0.24657	0.18072	0.02826	0.14564	0.07142	0.01443	0.00800	0.00918	0.00637	0.00398	0.00368	0.00110	0.00492	0.00319	0.00251	0.08856
46	0.04445	0.01232	0.06794	0.01157	0.13715	0.14363	0.00853	0.36683	0.11707	0.03691	0.00944	0.00987	0.00703	0.00449	0.00388	0.00120	0.00479	0.00347	0.00321	0.00619
47	0.00896	0.01020	0.03844	0.01521	0.03392	0.00938	0.66805	0.01240	0.04092	0.01278	0.01189	0.01389	0.09507	0.00420	0.00467	0.00135	0.00606	0.00507	0.00228	0.00526
48	0.01499	0.01897	0.01138	0.01031	0.01240	0.82771	0.00775	0.03078	0.01150	0.01010	0.00626	0.00728	0.00520	0.00415	0.00362	0.00104	0.00718	0.00260	0.00210	0.00469
49	0.04563	0.00714	0.01159	0.75886	0.02565	0.00872	0.01051	0.01092	0.00819	0.06425	0.00763	0.01071	0.00560	0.00406	0.00395	0.00133	0.00513	0.00354	0.00202	0.00460
50	0.00521	0.00367	0.00476	0.00551	0.00576	0.00350	0.00372	0.00588	0.00746	0.00991	0.02017	0.62009	0.02387	0.17849	0.00816	0.00209	0.00276	0.08238	0.00347	0.00313
51	0.00943	0.02369	0.42106	0.01141	0.02433	0.02720	0.15714	0.03904	0.07646	0.06919	0.00928	0.03467	0.00720	0.03347	0.00497	0.00140	0.03819	0.00386	0.00234	0.00567
52	0.00804	0.02074	0.83828	0.01143	0.01736	0.00931	0.01482	0.01270	0.00847	0.01270	0.00720	0.00847	0.00508	0.00381	0.00381	0.00127	0.00593	0.00296	0.00169	0.00593
53	0.01525	0.01123	0.01204	0.00923	0.01244	0.01244	0.00762	0.82067	0.01886	0.02528	0.00963	0.00963	0.00682	0.00481	0.00401	0.00120	0.00441	0.00361	0.00401	0.00682
54	0.00490	0.00358	0.00457	0.00535	0.00572	0.00330	0.00359	0.00561	0.00780	0.01023	0.02415	0.72343	0.12933	0.04107	0.00559	0.00167	0.00234	0.01084	0.00368	0.00325
55	0.00905	0.00724	0.00865	0.00731	0.00926	0.08709	0.09225	0.01201	0.11772	0.12784	0.26190	0.02344	0.20574	0.00692	0.00444	0.00128	0.00335	0.00600	0.00380	0.00471
56	0.00489	0.00349	0.00465	0.00558	0.00582	0.00326	0.00372	0.00558	0.00768	0.01024	0.02210	0.85644	0.02653	0.01256	0.00512	0.00163	0.00233	0.01140	0.00372	0.00326
57	0.00583	0.00389	0.00437	0.00437	0.00437	0.00389	0.00243	0.00583	0.00583	0.00778	0.01264	0.02624	0.01458	0.85906	0.02041	0.00389	0.00389	0.00583	0.00243	0.00243
58	0.01035	0.74332	0.13586	0.00750	0.01129	0.01495	0.00798	0.01211	0.00819	0.00989	0.00580	0.00672	0.00514	0.00348	0.00275	0.00092	0.00452	0.00226	0.00171	0.00526
59	0.01519	0.01278	0.01190	0.00944	0.01243	0.17537	0.00765	0.66281	0.01739	0.02224	0.00896	0.00916	0.00650	0.00468	0.00393	0.00117	0.00497	0.00341	0.00363	0.00639
60	0.00537	0.00409	0.00494	0.00473	0.00581	0.00366	0.00355	0.00698	0.01064	0.01438	0.57574	0.03275	0.29508	0.00883	0.00473	0.00129	0.00194	0.00765	0.00419	0.00366
61	0.00555	0.00410	0.00519	0.00498	0.00597	0.00374	0.00375	0.00729	0.01090	0.01509	0.67782	0.04846	0.15208	0.00865	0.00476	0.00130	0.00197	0.03040	0.00428	0.00371
62	0.01498	0.01911	0.01137	0.01033	0.01240	0.84295	0.00775	0.01601	0.01137	0.00982	0.00620	0.00723	0.00517	0.00413	0.00362	0.00103	0.00723	0.00258	0.00207	0.00465
63	0.01525	0.01123	0.01204	0.00923	0.01244	0.01244	0.00762	0.82067	0.01886	0.02528	0.00963	0.00963	0.00682	0.00481	0.00401	0.00120	0.00441	0.00361	0.00401	0.00682
64	0.00779	0.00729	0.01240	0.65901	0.11234	0.00864	0.03838	0.01039	0.00829	0.01080	0.00844	0.01363	0.00703	0.00456	0.00416	0.00137	0.00519	0.07370	0.00198	0.00462
