[name]
unknown

[dist]
# distance from previous block
# <min> <max>
2	184

[block]
# block no. 0 follows, 65 sequences, length 30
# corresponding to MSA columns:
# 215-244
name=unknown_A
#
# <colnr> <probs for GDERKNQSTAVLIFYWHMCP>
#	G	D	E	R	K	N	Q	S	T	A	V	L	I	F	Y	W	H	M	C	P
0	0.00809	0.00726	0.00944	0.12627	0.15893	0.06233	0.02947	0.03435	0.01844	0.03886	0.09618	0.06455	0.27449	0.00724	0.00464	0.00135	0.01552	0.03482	0.00314	0.00462
1	0.00507	0.00417	0.00449	0.00463	0.00587	0.00359	0.00353	0.00619	0.00934	0.01138	0.07114	0.10367	0.65864	0.01059	0.00496	0.00145	0.00225	0.08170	0.00384	0.00350
2	0.03855	0.01093	0.03195	0.05244	0.02250	0.13863	0.02938	0.16498	0.35634	0.04465	0.03457	0.03591	0.01037	0.00525	0.00409	0.00130	0.00438	0.00424	0.00356	0.00597
3	0.62720	0.00919	0.00727	0.00643	0.00891	0.08512	0.00518	0.06464	0.09502	0.01793	0.03513	0.00867	0.00671	0.00426	0.00300	0.00126	0.00361	0.00279	0.00284	0.00483
4	0.03576	0.03876	0.03441	0.00823	0.01036	0.03027	0.02857	0.07498	0.12637	0.19476	0.09844	0.03288	0.02739	0.00590	0.00590	0.00135	0.16891	0.00442	0.03329	0.03906
5	0.00582	0.00399	0.00523	0.00595	0.00641	0.00379	0.00410	0.03520	0.00843	0.03521	0.02195	0.77366	0.02582	0.01230	0.00518	0.00165	0.00253	0.03533	0.00386	0.00359
6	0.01066	0.00904	0.00954	0.00845	0.01085	0.01042	0.00661	0.08878	0.75501	0.01790	0.01613	0.01485	0.01206	0.00552	0.00417	0.00138	0.00336	0.00456	0.00417	0.00654
7	0.00899	0.00832	0.03080	0.02801	0.02495	0.00718	0.23767	0.03482	0.00909	0.04636	0.00987	0.09976	0.00890	0.04204	0.00490	0.00120	0.01956	0.00444	0.00259	0.37057
8	0.00823	0.02123	0.83447	0.01170	0.01777	0.00953	0.01517	0.01300	0.00867	0.01300	0.00737	0.00867	0.00520	0.00390	0.00390	0.00130	0.00607	0.00303	0.00173	0.00607
9	0.00969	0.01107	0.02422	0.01730	0.02145	0.01038	0.81522	0.01315	0.00969	0.01315	0.00830	0.01107	0.00623	0.00346	0.00484	0.00138	0.00692	0.00484	0.00208	0.00554
10	0.00718	0.00495	0.00712	0.00715	0.03034	0.00454	0.06206	0.00848	0.00904	0.10422	0.02472	0.37570	0.20733	0.01028	0.00502	0.00156	0.00302	0.11943	0.00378	0.00408
11	0.01008	0.26561	0.12075	0.03136	0.01147	0.09908	0.00762	0.03308	0.19052	0.02089	0.07419	0.03540	0.03059	0.00559	0.02178	0.00128	0.00447	0.00391	0.02698	0.00535
12	0.01657	0.00714	0.00957	0.06185	0.01149	0.00658	0.00634	0.06300	0.03350	0.66489	0.03093	0.01491	0.04323	0.00530	0.00417	0.00128	0.00359	0.00433	0.00473	0.00662
13	0.00587	0.00436	0.00637	0.00635	0.00705	0.00497	0.00486	0.00726	0.00689	0.00989	0.06668	0.01786	0.01252	0.08692	0.72551	0.00605	0.00989	0.00471	0.00238	0.00360
14	0.01160	0.01060	0.03477	0.01443	0.01829	0.00995	0.55630	0.12818	0.01136	0.12688	0.02898	0.01172	0.00762	0.00401	0.00462	0.00134	0.00598	0.00461	0.00283	0.00591
15	0.00871	0.00695	0.03895	0.03340	0.01042	0.00650	0.09878	0.05341	0.11009	0.10482	0.23378	0.13087	0.09728	0.00748	0.00479	0.00139	0.01584	0.02780	0.00383	0.00489
16	0.00654	0.00533	0.00640	0.00667	0.00745	0.04891	0.00523	0.00787	0.00865	0.01134	0.10724	0.17045	0.08079	0.07654	0.14004	0.00261	0.04758	0.25338	0.00333	0.00366
17	0.00649	0.00427	0.00532	0.00516	0.00571	0.00428	0.00348	0.00724	0.00744	0.05176	0.13497	0.02524	0.06750	0.45714	0.19301	0.00385	0.00505	0.00592	0.00294	0.00324
18	0.00830	0.00728	0.01217	0.80317	0.02737	0.00896	0.01113	0.01097	0.00839	0.05237	0.00775	0.01110	0.00571	0.00415	0.00411	0.00136	0.00537	0.00367	0.00199	0.00468
19	0.00570	0.00443	0.00466	0.00448	0.00594	0.00380	0.00340	0.02420	0.00986	0.04399	0.10736	0.03710	0.71091	0.00990	0.00481	0.00137	0.00218	0.00827	0.00393	0.00371
20	0.00959	0.11093	0.44466	0.01218	0.01707	0.03103	0.20769	0.03449	0.05075	0.03150	0.00812	0.00948	0.00599	0.00390	0.00401	0.00127	0.00588	0.00349	0.00209	0.00588
21	0.00850	0.10283	0.75521	0.01124	0.01706	0.01019	0.01437	0.01293	0.00863	0.01267	0.00720	0.00846	0.00521	0.00386	0.00378	0.00126	0.00590	0.00295	0.00174	0.00599
22	0.00498	0.00419	0.00434	0.00438	0.00568	0.00358	0.00325	0.00620	0.02276	0.01132	0.06645	0.10196	0.72591	0.01044	0.00487	0.00140	0.00212	0.00879	0.00384	0.00352
23	0.03056	0.00962	0.00992	0.00847	0.01099	0.03861	0.00670	0.26003	0.46723	0.03945	0.01418	0.04313	0.01086	0.00552	0.00411	0.00133	0.00371	0.00446	0.02475	0.00638
24	0.02168	0.07497	0.08516	0.04031	0.11608	0.04677	0.12688	0.07903	0.08483	0.05003	0.03379	0.06446	0.04271	0.00555	0.00510	0.00135	0.08432	0.02874	0.00278	0.00546
25	0.00844	0.00743	0.01144	0.06288	0.29873	0.03013	0.07183	0.01042	0.01961	0.05023	0.01734	0.13080	0.15974	0.02542	0.03187	0.00160	0.00434	0.04993	0.00287	0.00499
26	0.00502	0.00370	0.00463	0.00536	0.00581	0.00339	0.00362	0.00576	0.00806	0.01048	0.02582	0.65813	0.18068	0.05164	0.00589	0.00172	0.00240	0.01083	0.00375	0.00332
27	0.00978	0.00893	0.04591	0.41241	0.04137	0.07137	0.05763	0.07020	0.02784	0.08296	0.01017	0.07360	0.02065	0.00566	0.01620	0.02829	0.00516	0.00436	0.00254	0.00497
28	0.01177	0.01081	0.06241	0.03107	0.04694	0.05932	0.02787	0.13055	0.31384	0.01768	0.04881	0.10241	0.07435	0.00773	0.00518	0.00172	0.00454	0.03220	0.00423	0.00658
29	0.09838	0.12461	0.02199	0.01951	0.05318	0.40503	0.00761	0.06196	0.01080	0.10230	0.01843	0.00866	0.00635	0.00437	0.00397	0.00114	0.04096	0.00294	0.00256	0.00525

[dist]
# distance from previous block
# <min> <max>
5	25

[block]
# block no. 1 follows, 65 sequences, length 53
# corresponding to MSA columns:
# 270-322
name=unknown_B
#
# <colnr> <probs for GDERKNQSTAVLIFYWHMCP>
#	G	D	E	R	K	N	Q	S	T	A	V	L	I	F	Y	W	H	M	C	P
0	0.01097	0.05553	0.13515	0.06002	0.14147	0.12877	0.05899	0.15391	0.05394	0.02896	0.01011	0.08620	0.01660	0.00547	0.01811	0.00134	0.00519	0.00425	0.00270	0.02231
1	0.00788	0.00743	0.01255	0.80183	0.07131	0.00915	0.01146	0.01060	0.00827	0.01064	0.00732	0.01090	0.00553	0.00408	0.00410	0.00136	0.00544	0.00365	0.00184	0.00466
2	0.02514	0.20605	0.06648	0.00894	0.01240	0.01312	0.00802	0.55391	0.01575	0.02096	0.00894	0.00974	0.00679	0.00466	0.00377	0.00117	0.00455	0.01980	0.00339	0.00643
3	0.02186	0.00757	0.00841	0.00623	0.00959	0.03548	0.00494	0.02236	0.00889	0.01359	0.04669	0.03008	0.00811	0.00362	0.00321	0.00070	0.00315	0.00292	0.00258	0.76001
4	0.01496	0.01112	0.01234	0.00956	0.01274	0.01224	0.02987	0.75106	0.01851	0.02479	0.01045	0.01184	0.00785	0.00523	0.00421	0.00127	0.00454	0.04660	0.00403	0.00677
5	0.00851	0.00730	0.00851	0.00608	0.00973	0.00547	0.00486	0.01034	0.00851	0.01338	0.00730	0.00851	0.00608	0.00304	0.00304	0.00061	0.00304	0.00243	0.00243	0.88083
6	0.00943	0.00811	0.03804	0.00659	0.01018	0.02316	0.00547	0.01189	0.05619	0.07009	0.00844	0.00927	0.00669	0.00338	0.00323	0.00073	0.00328	0.00270	0.00268	0.72044
7	0.00904	0.00728	0.00857	0.00615	0.00977	0.00550	0.00493	0.01085	0.00869	0.05736	0.00777	0.00880	0.00630	0.00315	0.00310	0.00064	0.00306	0.00252	0.00257	0.83393
8	0.00828	0.00814	0.07204	0.01179	0.18566	0.00704	0.11702	0.03639	0.04999	0.04524	0.22697	0.02180	0.17006	0.00642	0.00453	0.00132	0.00380	0.01513	0.00330	0.00509
9	0.00586	0.00440	0.00660	0.00660	0.00733	0.00513	0.00513	0.00733	0.00660	0.00953	0.01100	0.01613	0.01026	0.03079	0.83947	0.00660	0.01100	0.00440	0.00220	0.00367
10	0.01137	0.78131	0.02060	0.00735	0.01073	0.09171	0.00711	0.01267	0.00864	0.00969	0.00577	0.00666	0.00527	0.00358	0.00273	0.00089	0.00467	0.00224	0.00179	0.00522
11	0.03141	0.01114	0.07507	0.03564	0.08230	0.08660	0.04677	0.26264	0.01315	0.26579	0.01071	0.01080	0.00743	0.00464	0.00428	0.00125	0.02578	0.00368	0.00359	0.01731
12	0.01051	0.09417	0.05909	0.09738	0.10541	0.09622	0.11662	0.13047	0.02500	0.02440	0.00920	0.03184	0.00800	0.05379	0.04745	0.00171	0.04709	0.03389	0.00250	0.00528
13	0.88473	0.00794	0.00603	0.00540	0.00794	0.00921	0.00445	0.01207	0.00699	0.01842	0.00572	0.00667	0.00445	0.00381	0.00254	0.00127	0.00318	0.00222	0.00254	0.00445
14	0.01133	0.01208	0.01379	0.08177	0.42920	0.25228	0.01033	0.03236	0.03696	0.01248	0.00858	0.04061	0.00752	0.00451	0.00406	0.00123	0.00548	0.02751	0.00228	0.00566
15	0.00767	0.00720	0.01200	0.77622	0.05097	0.00884	0.01099	0.01030	0.00830	0.01061	0.00915	0.01245	0.04967	0.00443	0.00414	0.00136	0.00527	0.00392	0.00194	0.00456
16	0.00831	0.00701	0.00788	0.00775	0.05421	0.00750	0.00561	0.04416	0.40394	0.01559	0.15357	0.02371	0.22098	0.00717	0.00446	0.00136	0.00289	0.01459	0.00401	0.00530
17	0.01533	0.01956	0.01163	0.01058	0.01269	0.83926	0.00793	0.01639	0.01163	0.01005	0.00635	0.00740	0.00529	0.00423	0.00370	0.00106	0.00740	0.00264	0.00212	0.00476
18	0.01040	0.00891	0.00939	0.00839	0.01075	0.01030	0.00654	0.04956	0.79466	0.01748	0.01647	0.01512	0.01234	0.00555	0.00417	0.00139	0.00329	0.00461	0.00417	0.00651
19	0.00849	0.02488	0.01214	0.72911	0.03530	0.00901	0.01069	0.02823	0.00869	0.05467	0.00890	0.01190	0.03232	0.00436	0.00410	0.00135	0.00521	0.00381	0.00211	0.00474
20	0.00883	0.09801	0.67950	0.01108	0.01653	0.01003	0.02918	0.01299	0.00875	0.03974	0.02308	0.00912	0.00603	0.00406	0.00406	0.00127	0.02678	0.00312	0.00191	0.00593
21	0.01085	0.00866	0.01562	0.07475	0.01601	0.02314	0.36325	0.02815	0.01000	0.19229	0.04048	0.04420	0.05209	0.00607	0.03107	0.00155	0.03434	0.03904	0.00305	0.00538
22	0.00748	0.00696	0.01170	0.71773	0.02528	0.00845	0.03247	0.01003	0.00835	0.01075	0.03371	0.07314	0.02716	0.00499	0.00425	0.00139	0.00510	0.00449	0.00210	0.00445
23	0.00655	0.00525	0.00723	0.03703	0.00850	0.00606	0.00562	0.00901	0.08592	0.01117	0.07718	0.04080	0.06623	0.02083	0.47220	0.00436	0.07214	0.05712	0.00277	0.00404
24	0.03616	0.00830	0.02194	0.37441	0.32070	0.00911	0.01079	0.01197	0.06335	0.01995	0.02576	0.01273	0.02656	0.00449	0.00425	0.00133	0.01677	0.02380	0.00226	0.00538
25	0.02076	0.05756	0.17364	0.16223	0.30183	0.00960	0.03981	0.05428	0.02858	0.05017	0.00902	0.05815	0.00747	0.00447	0.00404	0.00128	0.00498	0.00398	0.00233	0.00581
26	0.02030	0.00966	0.06282	0.05511	0.43339	0.00896	0.05723	0.08090	0.01043	0.13469	0.01973	0.03541	0.02749	0.00462	0.00419	0.00128	0.00465	0.02020	0.00279	0.00618
27	0.00515	0.00370	0.00496	0.00582	0.00614	0.00353	0.00401	0.00597	0.00786	0.01049	0.02208	0.72845	0.04163	0.02813	0.05658	0.00201	0.00300	0.05343	0.00369	0.00337
28	0.00869	0.08978	0.72993	0.01112	0.01680	0.00990	0.01409	0.01304	0.00873	0.03397	0.00773	0.00936	0.00569	0.00404	0.00384	0.00128	0.00582	0.01836	0.00186	0.00598
29	0.01018	0.23350	0.17306	0.04479	0.32029	0.07472	0.01078	0.01296	0.03752	0.01206	0.00820	0.00970	0.02733	0.00397	0.00366	0.00115	0.00506	0.00324	0.00202	0.00582
30	0.00823	0.02123	0.83447	0.01170	0.01777	0.00953	0.01517	0.01300	0.00867	0.01300	0.00737	0.00867	0.00520	0.00390	0.00390	0.00130	0.00607	0.00303	0.00173	0.00607
31	0.00804	0.00746	0.01237	0.73120	0.08841	0.00905	0.01113	0.03138	0.00857	0.01111	0.00795	0.04113	0.00637	0.00441	0.00414	0.00136	0.00529	0.00394	0.00197	0.00473
32	0.02408	0.03061	0.01094	0.00929	0.00998	0.10090	0.00756	0.02499	0.03685	0.01073	0.01006	0.01288	0.08333	0.03693	0.04917	0.00190	0.51155	0.00407	0.01973	0.00444
33	0.00855	0.00880	0.10435	0.32396	0.15520	0.00837	0.00989	0.01145	0.05106	0.05281	0.04577	0.01336	0.00881	0.07103	0.07302	0.00196	0.04019	0.00406	0.00234	0.00502
34	0.00510	0.00364	0.00488	0.00583	0.00611	0.00342	0.00398	0.00589	0.00796	0.01059	0.02257	0.80287	0.02693	0.01277	0.00527	0.00168	0.00247	0.06087	0.00381	0.00336
35	0.00557	0.00419	0.00516	0.00492	0.00599	0.00377	0.00369	0.00729	0.01106	0.01514	0.63404	0.03284	0.23348	0.00889	0.00484	0.00131	0.00197	0.00773	0.00434	0.00377
36	0.02537	0.10810	0.63908	0.01157	0.01704	0.01033	0.09136	0.01309	0.02393	0.01284	0.00743	0.00877	0.00543	0.00385	0.00384	0.00126	0.00586	0.00313	0.00183	0.00591
37	0.00673	0.00619	0.03524	0.09181	0.07753	0.04014	0.00590	0.00853	0.03441	0.02613	0.09534	0.28347	0.20958	0.01014	0.04837	0.00170	0.00362	0.00770	0.00334	0.00413
38	0.01704	0.00728	0.00953	0.00746	0.01046	0.00665	0.00615	0.09622	0.03143	0.67444	0.04772	0.01541	0.01151	0.00543	0.00421	0.00129	0.00354	0.03260	0.00490	0.00674
39	0.00946	0.00552	0.02355	0.00657	0.00801	0.01431	0.01511	0.02618	0.02082	0.24301	0.06219	0.41165	0.04617	0.03958	0.00539	0.00159	0.00303	0.04919	0.00408	0.00460
40	0.09500	0.00947	0.01409	0.17815	0.41638	0.02488	0.03915	0.10310	0.05414	0.01487	0.00817	0.01020	0.00645	0.00401	0.00396	0.00127	0.00482	0.00360	0.00239	0.00592
41	0.01029	0.00848	0.00889	0.02490	0.01032	0.07274	0.00648	0.22390	0.20328	0.02424	0.01641	0.14886	0.04454	0.00838	0.03213	0.00162	0.00412	0.14134	0.00376	0.00530
42	0.00506	0.00412	0.00449	0.00454	0.00574	0.00355	0.00338	0.00624	0.00960	0.01196	0.17146	0.11561	0.60322	0.01031	0.00490	0.00141	0.00212	0.02483	0.00393	0.00353
43	0.00870	0.00822	0.03978	0.03191	0.20750	0.00689	0.00730	0.01095	0.02455	0.01339	0.05236	0.01101	0.02677	0.00386	0.00379	0.00090	0.02674	0.00326	0.00246	0.50966
44	0.13381	0.07568	0.01112	0.00891	0.01043	0.26755	0.03350	0.02607	0.00859	0.01134	0.00758	0.04683	0.00728	0.08476	0.03744	0.00177	0.21706	0.00364	0.00221	0.00444
45	0.00590	0.00425	0.00584	0.00584	0.00631	0.00472	0.00418	0.00684	0.00637	0.00897	0.01169	0.01997	0.01193	0.32649	0.54605	0.00566	0.00848	0.00496	0.00230	0.00324
46	0.00867	0.07408	0.01032	0.10269	0.12528	0.01983	0.02215	0.04212	0.06951	0.05808	0.25116	0.02259	0.06843	0.00667	0.00444	0.00134	0.00362	0.10067	0.00343	0.00491
47	0.01351	0.00752	0.00922	0.00700	0.01025	0.00656	0.00568	0.09400	0.04588	0.37527	0.01284	0.02374	0.02681	0.00453	0.00374	0.00103	0.00336	0.00366	0.00389	0.34152
48	0.00851	0.00730	0.00851	0.00608	0.00973	0.00547	0.00486	0.01034	0.00851	0.01338	0.00730	0.00851	0.00608	0.00304	0.00304	0.00061	0.00304	0.00243	0.00243	0.88083
49	0.01068	0.24583	0.12308	0.00867	0.03929	0.03006	0.02438	0.14920	0.05576	0.05843	0.07430	0.02839	0.05726	0.00558	0.02314	0.00126	0.00438	0.00394	0.00291	0.05346
50	0.06965	0.52711	0.01691	0.00779	0.01066	0.23832	0.00691	0.01300	0.00898	0.01020	0.00596	0.00714	0.00532	0.00432	0.00366	0.04980	0.00508	0.00239	0.00191	0.00488
51	0.00587	0.00438	0.00652	0.00652	0.00723	0.00509	0.00504	0.00728	0.00657	0.00947	0.01106	0.01651	0.01043	0.06044	0.81005	0.00650	0.01074	0.00445	0.00221	0.00362
52	0.00891	0.00826	0.01267	0.28912	0.32908	0.02538	0.01012	0.04804	0.03384	0.01304	0.08126	0.01448	0.07197	0.00496	0.00450	0.00131	0.03089	0.00437	0.00247	0.00533

[dist]
# distance from previous block
# <min> <max>
0	1

[block]
# block no. 2 follows, 65 sequences, length 59
# corresponding to MSA columns:
# 324-382
name=unknown_C
#
# <colnr> <probs for GDERKNQSTAVLIFYWHMCP>
#	G	D	E	R	K	N	Q	S	T	A	V	L	I	F	Y	W	H	M	C	P
0	0.00877	0.00834	0.01415	0.49842	0.36776	0.00939	0.01191	0.01138	0.00869	0.01173	0.00748	0.01061	0.00591	0.00391	0.00409	0.00130	0.00522	0.00365	0.00191	0.00538
1	0.00838	0.00728	0.00900	0.00651	0.01004	0.00561	0.03888	0.01024	0.00853	0.01319	0.00838	0.00969	0.02865	0.00408	0.02787	0.00084	0.00341	0.00276	0.00245	0.79421
2	0.04838	0.00962	0.02468	0.02173	0.06735	0.07258	0.05752	0.11780	0.30092	0.12455	0.03841	0.06122	0.01114	0.00540	0.00415	0.00131	0.00408	0.00456	0.00367	0.02096
3	0.01034	0.00968	0.01471	0.08793	0.58498	0.04319	0.01106	0.07742	0.03556	0.01380	0.00843	0.01136	0.00716	0.06078	0.00518	0.00142	0.00489	0.00380	0.00228	0.00604
4	0.00750	0.00595	0.00641	0.00608	0.00722	0.00642	0.00427	0.01240	0.33928	0.01227	0.01884	0.06664	0.12434	0.35168	0.01111	0.00246	0.00334	0.00609	0.00342	0.00430
5	0.00923	0.00893	0.01645	0.03237	0.07010	0.00880	0.40126	0.09494	0.03871	0.01465	0.13274	0.02590	0.01278	0.02788	0.05405	0.00174	0.00562	0.03580	0.00282	0.00523
6	0.00920	0.29086	0.51580	0.01036	0.01533	0.01183	0.04076	0.01267	0.00852	0.01182	0.00680	0.00809	0.00526	0.00387	0.00384	0.00118	0.03346	0.00285	0.00175	0.00574
7	0.00988	0.00943	0.01605	0.07046	0.75801	0.00952	0.01224	0.01232	0.00936	0.01335	0.03482	0.01088	0.00751	0.00384	0.00409	0.00123	0.00481	0.00378	0.00210	0.00631
8	0.00546	0.00400	0.00545	0.00582	0.00634	0.00412	0.00417	0.00650	0.00752	0.01030	0.06872	0.36200	0.06348	0.09490	0.32721	0.00373	0.00579	0.00794	0.00312	0.00343
9	0.00588	0.00434	0.00628	0.00628	0.00691	0.00496	0.00474	0.00713	0.00650	0.00930	0.01128	0.01772	0.01096	0.15345	0.71775	0.00621	0.00995	0.00463	0.00224	0.00349
10	0.00498	0.00410	0.00439	0.00453	0.00572	0.00351	0.00336	0.00605	0.00928	0.01134	0.08240	0.15086	0.65053	0.01065	0.00493	0.00143	0.00216	0.03245	0.00385	0.00348
11	0.00860	0.00743	0.00897	0.00715	0.05577	0.00571	0.00530	0.01046	0.00856	0.01338	0.00732	0.00860	0.00610	0.00307	0.00310	0.00064	0.00314	0.00250	0.00241	0.83177
12	0.00722	0.00512	0.00637	0.00578	0.00713	0.01858	0.02019	0.00970	0.06837	0.07977	0.57064	0.04286	0.12607	0.00808	0.00473	0.00131	0.00237	0.00706	0.00435	0.00429
13	0.02125	0.17358	0.06653	0.06410	0.31240	0.11293	0.06686	0.03339	0.00941	0.02666	0.00745	0.02285	0.00628	0.00415	0.00436	0.00120	0.05544	0.00342	0.00209	0.00567
14	0.00993	0.38744	0.28899	0.02014	0.03856	0.03608	0.13144	0.01287	0.01830	0.01150	0.00687	0.00822	0.00551	0.00369	0.00349	0.00112	0.00542	0.00297	0.00184	0.00560
15	0.00628	0.00500	0.00733	0.00709	0.00770	0.00609	0.00556	0.00763	0.00654	0.00953	0.01031	0.01552	0.00976	0.05396	0.70331	0.00587	0.12232	0.00434	0.00215	0.00374
16	0.00869	0.00748	0.00899	0.03537	0.03731	0.00596	0.00542	0.02354	0.02732	0.01357	0.00757	0.00883	0.00624	0.00318	0.00315	0.00068	0.00321	0.00258	0.00246	0.78844
17	0.09153	0.30976	0.28264	0.00939	0.01324	0.07623	0.03515	0.03539	0.01989	0.01228	0.00662	0.00788	0.00536	0.00409	0.00415	0.00117	0.07505	0.00278	0.00196	0.00542
18	0.00496	0.00414	0.00432	0.00432	0.00562	0.00350	0.00322	0.00608	0.00954	0.01164	0.12466	0.06748	0.71589	0.01027	0.00486	0.00139	0.00207	0.00864	0.00389	0.00350
19	0.01533	0.01956	0.01163	0.01058	0.01269	0.83926	0.00793	0.01639	0.01163	0.01005	0.00635	0.00740	0.00529	0.00423	0.00370	0.00106	0.00740	0.00264	0.00212	0.00476
20	0.00597	0.00398	0.00448	0.00448	0.00448	0.00398	0.00249	0.00597	0.00597	0.00796	0.01293	0.02686	0.01492	0.85574	0.02089	0.00398	0.00398	0.00597	0.00249	0.00249
21	0.00560	0.00425	0.00520	0.00515	0.00626	0.00385	0.00399	0.00723	0.01057	0.01410	0.45617	0.03573	0.30051	0.00946	0.00496	0.00140	0.00223	0.11542	0.00418	0.00372
22	0.88473	0.00794	0.00603	0.00540	0.00794	0.00921	0.00445	0.01207	0.00699	0.01842	0.00572	0.00667	0.00445	0.00381	0.00254	0.00127	0.00318	0.00222	0.00254	0.00445
23	0.00553	0.00431	0.00655	0.00668	0.00726	0.00405	0.07918	0.00643	0.00785	0.01049	0.02039	0.69760	0.02406	0.09067	0.00666	0.00186	0.00295	0.01050	0.00353	0.00346
24	0.00505	0.00360	0.00478	0.00567	0.00592	0.00337	0.00378	0.00579	0.00794	0.01062	0.04908	0.80568	0.02724	0.03324	0.00561	0.00171	0.00241	0.01139	0.00380	0.00333
25	0.00501	0.00371	0.00470	0.00547	0.00594	0.00339	0.00375	0.00582	0.00818	0.01064	0.02616	0.68011	0.17757	0.01236	0.00518	0.00162	0.00236	0.03085	0.00381	0.00337
26	0.88473	0.00794	0.00603	0.00540	0.00794	0.00921	0.00445	0.01207	0.00699	0.01842	0.00572	0.00667	0.00445	0.00381	0.00254	0.00127	0.00318	0.00222	0.00254	0.00445
27	0.00884	0.00729	0.00855	0.00612	0.00975	0.00549	0.00490	0.01066	0.00862	0.04048	0.00759	0.00869	0.00621	0.00311	0.00308	0.00063	0.00305	0.00249	0.00252	0.85194
28	0.00775	0.00730	0.01231	0.84587	0.02827	0.00912	0.01140	0.01049	0.00821	0.01049	0.00730	0.01094	0.00547	0.00410	0.00410	0.00137	0.00547	0.00365	0.00182	0.00456
29	0.86767	0.00792	0.00610	0.00544	0.00799	0.00915	0.00448	0.01222	0.00708	0.03446	0.00592	0.00681	0.00456	0.00384	0.00257	0.00127	0.00318	0.00226	0.00259	0.00450
30	0.01414	0.01685	0.01194	0.07499	0.07525	0.63756	0.00846	0.01580	0.03866	0.03754	0.00717	0.00840	0.00580	0.00432	0.00403	0.00113	0.02779	0.00294	0.00225	0.00500
31	0.01028	0.00907	0.00982	0.00869	0.01106	0.02401	0.03332	0.02143	0.78227	0.01692	0.01626	0.01504	0.01220	0.00548	0.00419	0.00139	0.00344	0.00461	0.00407	0.00644
32	0.00500	0.00357	0.00476	0.00572	0.00595	0.00333	0.00381	0.00572	0.00786	0.01048	0.02262	0.85306	0.02715	0.01286	0.00524	0.00167	0.00238	0.01167	0.00381	0.00333
33	0.00952	0.00947	0.01478	0.35642	0.42551	0.06625	0.03550	0.01202	0.00905	0.01199	0.00747	0.01032	0.00599	0.00387	0.00408	0.00127	0.00535	0.00362	0.00195	0.00557
34	0.01039	0.01073	0.03201	0.07606	0.46413	0.05662	0.20252	0.05346	0.00990	0.01351	0.00780	0.01021	0.00628	0.00382	0.00445	0.00127	0.02483	0.00387	0.00213	0.00602
35	0.00533	0.00384	0.00512	0.00603	0.00647	0.00363	0.00436	0.00630	0.00825	0.01088	0.02324	0.65112	0.06039	0.01244	0.00531	0.00170	0.00266	0.17569	0.00380	0.00343
36	0.00955	0.01203	0.10093	0.01677	0.02110	0.01030	0.73948	0.01313	0.00959	0.01313	0.00822	0.01084	0.00613	0.00350	0.00475	0.00138	0.00684	0.00467	0.00204	0.00559
37	0.00922	0.07229	0.51401	0.01324	0.06644	0.01007	0.19022	0.01333	0.02146	0.04008	0.00792	0.00943	0.00579	0.00383	0.00405	0.00129	0.00595	0.00348	0.00198	0.00596
38	0.02383	0.30102	0.36098	0.01081	0.04881	0.02156	0.08060	0.04576	0.04757	0.01267	0.00741	0.00855	0.00577	0.00384	0.00356	0.00116	0.00530	0.00302	0.00201	0.00579
39	0.01529	0.01189	0.01210	0.00946	0.01261	0.06778	0.00774	0.71899	0.06331	0.02433	0.01000	0.00999	0.00718	0.00492	0.00408	0.00123	0.00464	0.00368	0.00398	0.00681
40	0.80392	0.00845	0.00695	0.00664	0.04606	0.03724	0.01540	0.01225	0.00729	0.01784	0.00586	0.00691	0.00459	0.00381	0.00268	0.00126	0.00344	0.00234	0.00250	0.00456
41	0.01405	0.00570	0.00721	0.00589	0.00817	0.00514	0.00475	0.01577	0.01047	0.50109	0.01506	0.01451	0.01031	0.00496	0.00362	0.00114	0.00285	0.00401	0.35961	0.00570
42	0.00922	0.00871	0.01436	0.27648	0.48067	0.00945	0.01145	0.01221	0.05527	0.01273	0.03864	0.01142	0.00770	0.00419	0.00439	0.00129	0.03005	0.00385	0.00218	0.00574
43	0.00492	0.00405	0.00433	0.00454	0.00568	0.00346	0.00332	0.00591	0.00906	0.01099	0.03741	0.20248	0.65267	0.01091	0.00494	0.00145	0.00217	0.02446	0.00381	0.00345
44	0.12623	0.00796	0.01204	0.00910	0.01231	0.00745	0.17763	0.03941	0.01081	0.49571	0.02262	0.01255	0.00886	0.00460	0.00404	0.00128	0.00414	0.00405	0.03297	0.00621
45	0.00486	0.00413	0.00418	0.00423	0.00556	0.00346	0.00315	0.00588	0.00929	0.01106	0.04076	0.07489	0.79362	0.01050	0.00487	0.00140	0.00209	0.00879	0.00381	0.00346
46	0.00775	0.00730	0.01231	0.84587	0.02827	0.00912	0.01140	0.01049	0.00821	0.01049	0.00730	0.01094	0.00547	0.00410	0.00410	0.00137	0.00547	0.00365	0.00182	0.00456
47	0.88473	0.00794	0.00603	0.00540	0.00794	0.00921	0.00445	0.01207	0.00699	0.01842	0.00572	0.00667	0.00445	0.00381	0.00254	0.00127	0.00318	0.00222	0.00254	0.00445
48	0.00937	0.00911	0.01601	0.27879	0.50739	0.00961	0.08593	0.01199	0.00903	0.01248	0.00764	0.01049	0.00616	0.00378	0.00415	0.00128	0.00525	0.00376	0.00197	0.00581
49	0.88473	0.00794	0.00603	0.00540	0.00794	0.00921	0.00445	0.01207	0.00699	0.01842	0.00572	0.00667	0.00445	0.00381	0.00254	0.00127	0.00318	0.00222	0.00254	0.00445
50	0.01560	0.01150	0.01232	0.00944	0.01273	0.01273	0.00780	0.81645	0.01930	0.02587	0.00986	0.00986	0.00698	0.00493	0.00411	0.00123	0.00452	0.00370	0.00411	0.00698
51	0.00582	0.00418	0.00542	0.00512	0.00602	0.00388	0.00378	0.00763	0.01124	0.01589	0.77354	0.03041	0.03714	0.06498	0.00591	0.00147	0.00207	0.00733	0.00438	0.00378
52	0.01013	0.00984	0.01717	0.02467	0.77613	0.00980	0.06620	0.01263	0.00937	0.01339	0.00776	0.01022	0.00648	0.00364	0.00412	0.00123	0.00501	0.00374	0.00203	0.00644
53	0.03056	0.16491	0.51286	0.01186	0.07042	0.01088	0.06916	0.03579	0.03331	0.01307	0.00748	0.00876	0.00562	0.00386	0.00374	0.00123	0.00556	0.00310	0.00194	0.00592
54	0.85194	0.00780	0.00601	0.00539	0.00787	0.00901	0.00442	0.01191	0.00716	0.01834	0.03640	0.00756	0.00572	0.00398	0.00263	0.00127	0.00313	0.00242	0.00261	0.00442
55	0.01011	0.00987	0.01604	0.10723	0.71894	0.04064	0.01230	0.01253	0.00932	0.01299	0.00763	0.01014	0.00635	0.00372	0.00405	0.00123	0.00503	0.00362	0.00201	0.00624
56	0.10668	0.01335	0.03817	0.04045	0.01250	0.29110	0.00763	0.27093	0.05830	0.06578	0.00897	0.02780	0.00692	0.00479	0.00409	0.00122	0.02914	0.00341	0.00309	0.00566
57	0.07025	0.03784	0.06557	0.10331	0.01326	0.03427	0.00766	0.16296	0.19405	0.22262	0.01248	0.01226	0.02223	0.00493	0.00411	0.00129	0.01721	0.00387	0.00367	0.00615
58	0.05442	0.07292	0.08048	0.03608	0.01242	0.09804	0.03775	0.19665	0.15196	0.08932	0.01118	0.03535	0.01690	0.00548	0.02090	0.00134	0.00464	0.01883	0.00325	0.05209

[dist]
# distance from previous block
# <min> <max>
2	25

[block]
# block no. 3 follows, 65 sequences, length 58
# corresponding to MSA columns:
# 409-466
name=unknown_D
#
# <colnr> <probs for GDERKNQSTAVLIFYWHMCP>
#	G	D	E	R	K	N	Q	S	T	A	V	L	I	F	Y	W	H	M	C	P
0	0.02838	0.00650	0.03802	0.00660	0.00791	0.05806	0.00518	0.04031	0.02017	0.09383	0.05193	0.23789	0.04832	0.16733	0.00777	0.00196	0.00359	0.14637	0.00348	0.02637
1	0.01176	0.14310	0.29794	0.01072	0.01488	0.14258	0.10051	0.12116	0.02915	0.07822	0.00829	0.00915	0.00613	0.00411	0.00384	0.00120	0.00565	0.00326	0.00247	0.00588
2	0.01008	0.58374	0.28810	0.00856	0.01291	0.01404	0.00969	0.01252	0.00845	0.01075	0.00625	0.00727	0.00525	0.00364	0.00305	0.00102	0.00494	0.00247	0.00175	0.00553
3	0.02251	0.42502	0.03914	0.00736	0.02676	0.01113	0.02709	0.01151	0.00846	0.01161	0.00653	0.00764	0.00564	0.00333	0.00292	0.00080	0.00393	0.00242	0.00207	0.37413
4	0.00504	0.00360	0.00480	0.00576	0.00601	0.00337	0.00387	0.00578	0.00789	0.01052	0.02260	0.83494	0.02707	0.01283	0.00525	0.00167	0.00241	0.02944	0.00381	0.00334
5	0.00898	0.00898	0.01257	0.01078	0.01078	0.01257	0.00898	0.00988	0.00629	0.00988	0.00539	0.00898	0.00539	0.00718	0.01347	0.00180	0.84823	0.00359	0.00180	0.00449
6	0.00711	0.00393	0.00431	0.00422	0.00518	0.00384	0.00316	0.00903	0.00949	0.01564	0.25204	0.01980	0.01879	0.00584	0.00345	0.00105	0.00192	0.00488	0.62247	0.00384
7	0.00509	0.00374	0.00477	0.00542	0.00592	0.00343	0.00372	0.00601	0.00858	0.01137	0.13301	0.62487	0.14520	0.01190	0.00513	0.00158	0.00228	0.01066	0.00391	0.00343
8	0.00492	0.00416	0.00425	0.00423	0.00559	0.00349	0.00317	0.00602	0.00952	0.01147	0.09677	0.03888	0.77305	0.01026	0.00485	0.00138	0.00207	0.00858	0.00386	0.00349
9	0.00988	0.00841	0.00849	0.00746	0.00969	0.04058	0.00584	0.16018	0.41968	0.01676	0.02203	0.02079	0.23929	0.00675	0.00433	0.00135	0.00331	0.00552	0.00398	0.00567
10	0.05911	0.00819	0.01008	0.00776	0.01094	0.00790	0.00641	0.22415	0.01346	0.58678	0.01407	0.01257	0.00907	0.00498	0.00405	0.00126	0.00374	0.00393	0.00471	0.00686
11	0.01075	0.72250	0.12894	0.00771	0.01156	0.01525	0.00813	0.03596	0.00871	0.01058	0.00605	0.00696	0.00531	0.00360	0.00284	0.00094	0.00462	0.00235	0.00182	0.00542
12	0.04400	0.05355	0.01188	0.00926	0.02575	0.08166	0.00742	0.48363	0.17503	0.05014	0.01075	0.01060	0.00786	0.00487	0.00396	0.00123	0.00443	0.00368	0.00378	0.00652
13	0.00923	0.09273	0.46176	0.01199	0.01694	0.01024	0.19573	0.06066	0.02330	0.01367	0.02872	0.00977	0.00656	0.00394	0.00401	0.00125	0.00575	0.00353	0.00209	0.03813
14	0.00957	0.14840	0.42137	0.02588	0.04259	0.01051	0.03253	0.04771	0.00900	0.06026	0.00845	0.05839	0.00696	0.00482	0.00487	0.00130	0.09591	0.00364	0.00219	0.00568
15	0.01032	0.00995	0.01724	0.02382	0.71948	0.00993	0.09111	0.04349	0.00976	0.01386	0.00786	0.01024	0.00649	0.00369	0.00414	0.00124	0.00506	0.00378	0.00212	0.00643
16	0.00509	0.00410	0.00454	0.00465	0.00579	0.00355	0.00345	0.00626	0.00953	0.01195	0.17192	0.15306	0.55757	0.01043	0.00493	0.00142	0.00215	0.03215	0.00393	0.00353
17	0.01121	0.02791	0.13557	0.07735	0.07950	0.02928	0.25255	0.07644	0.04469	0.14435	0.00994	0.02477	0.00742	0.01747	0.00450	0.00132	0.00531	0.00410	0.00277	0.04354
18	0.01000	0.01774	0.01405	0.09737	0.49854	0.04991	0.02323	0.01227	0.02222	0.05793	0.01096	0.04896	0.05468	0.00492	0.00461	0.00130	0.04316	0.01998	0.00242	0.00578
19	0.37365	0.00738	0.00809	0.00652	0.00944	0.00734	0.00538	0.01675	0.00980	0.49897	0.01190	0.01098	0.00782	0.00456	0.00348	0.00127	0.00336	0.00335	0.00404	0.00594
20	0.00559	0.00457	0.00569	0.03477	0.05820	0.00417	0.00436	0.00698	0.00969	0.01249	0.22842	0.13367	0.43508	0.00959	0.00484	0.00140	0.00242	0.03047	0.00380	0.00379
21	0.01027	0.01021	0.06839	0.05627	0.45483	0.04470	0.08741	0.04038	0.00990	0.05853	0.02232	0.01434	0.02280	0.00470	0.00429	0.00131	0.00500	0.07596	0.00248	0.00592
22	0.04202	0.00466	0.00605	0.00600	0.00714	0.00430	0.00436	0.00981	0.00909	0.21932	0.08373	0.51187	0.02235	0.02530	0.00506	0.00155	0.00268	0.00881	0.02156	0.00434
23	0.00840	0.00464	0.00527	0.00493	0.00620	0.00459	0.00375	0.01109	0.08069	0.09457	0.20127	0.04766	0.01771	0.00599	0.00364	0.00113	0.00220	0.00502	0.48689	0.00436
24	0.01155	0.04555	0.20956	0.02265	0.08081	0.30448	0.18560	0.03653	0.01019	0.01211	0.00717	0.00886	0.00562	0.00405	0.00438	0.00123	0.03883	0.00336	0.00204	0.00544
25	0.11053	0.02959	0.34181	0.01137	0.04519	0.15601	0.10615	0.05238	0.00993	0.08800	0.00801	0.00906	0.00584	0.00404	0.00384	0.00125	0.00570	0.00323	0.00236	0.00572
26	0.00538	0.00418	0.00490	0.00472	0.00587	0.00369	0.00354	0.00692	0.01061	0.01407	0.47847	0.03459	0.38972	0.00928	0.00485	0.00133	0.00200	0.00797	0.00420	0.00369
27	0.00531	0.00421	0.00479	0.00473	0.00594	0.00369	0.00361	0.00672	0.01018	0.01310	0.32352	0.03674	0.49411	0.00973	0.00490	0.00138	0.00213	0.05751	0.00406	0.00363
28	0.00914	0.23913	0.18131	0.00790	0.01103	0.08296	0.03025	0.02147	0.03334	0.04018	0.06260	0.01847	0.20415	0.00600	0.00393	0.00121	0.00430	0.03494	0.00273	0.00495
29	0.03418	0.00911	0.01467	0.18710	0.55466	0.00966	0.01145	0.01319	0.10024	0.01339	0.00859	0.01080	0.00691	0.00397	0.00404	0.00127	0.00477	0.00373	0.00224	0.00606
30	0.01623	0.00652	0.00881	0.00709	0.00981	0.00573	0.00572	0.01793	0.03074	0.69142	0.01716	0.13834	0.01274	0.00625	0.00429	0.00133	0.00332	0.00526	0.00487	0.00643
31	0.00616	0.00438	0.00498	0.00471	0.00610	0.00379	0.00358	0.00753	0.01026	0.07343	0.29261	0.03478	0.51414	0.00936	0.00479	0.00135	0.00214	0.00793	0.00413	0.00386
32	0.01162	0.00983	0.01013	0.00858	0.01083	0.07949	0.01948	0.27810	0.31512	0.01789	0.03580	0.01413	0.01064	0.08298	0.04998	0.00183	0.02978	0.00432	0.00363	0.00585
33	0.01491	0.01008	0.01119	0.00883	0.01185	0.01091	0.00725	0.55484	0.10767	0.15154	0.02810	0.01292	0.00937	0.00534	0.00419	0.00128	0.00413	0.03458	0.00426	0.00674
34	0.00851	0.00730	0.00851	0.00608	0.00973	0.00547	0.00486	0.01034	0.00851	0.01338	0.00730	0.00851	0.00608	0.00304	0.00304	0.00061	0.00304	0.00243	0.00243	0.88083
35	0.00819	0.02491	0.50984	0.00982	0.01414	0.00810	0.04086	0.04221	0.00971	0.03490	0.17936	0.01533	0.02360	0.04107	0.00489	0.00142	0.00491	0.01874	0.00260	0.00541
36	0.80359	0.00812	0.02254	0.00577	0.00822	0.00920	0.00485	0.01184	0.00698	0.01768	0.00592	0.00712	0.00470	0.00487	0.03191	0.00148	0.03592	0.00237	0.00248	0.00445
37	0.00957	0.01070	0.02281	0.01703	0.05472	0.01023	0.72059	0.01283	0.00953	0.01300	0.00866	0.01225	0.00685	0.00390	0.00517	0.00141	0.03899	0.03415	0.00213	0.00547
38	0.01533	0.01956	0.01163	0.01058	0.01269	0.83926	0.00793	0.01639	0.01163	0.01005	0.00635	0.00740	0.00529	0.00423	0.00370	0.00106	0.00740	0.00264	0.00212	0.00476
39	0.01028	0.52063	0.24042	0.00845	0.01241	0.06251	0.00910	0.01282	0.03668	0.01078	0.00684	0.00825	0.00586	0.03515	0.00377	0.00114	0.00497	0.00267	0.00188	0.00539
40	0.00545	0.00406	0.00536	0.00604	0.00640	0.00404	0.00430	0.00626	0.00794	0.01053	0.02233	0.62029	0.08260	0.04135	0.00644	0.01587	0.05107	0.09265	0.00361	0.00340
41	0.01016	0.00975	0.01666	0.02520	0.83013	0.00975	0.01260	0.01260	0.00935	0.01341	0.00772	0.01016	0.00650	0.00366	0.00406	0.00122	0.00488	0.00366	0.00203	0.00650
42	0.00782	0.00737	0.01244	0.82133	0.05226	0.00914	0.01144	0.01055	0.00824	0.01058	0.00731	0.01092	0.00550	0.00409	0.00410	0.00136	0.00545	0.00365	0.00183	0.00462
43	0.46210	0.23304	0.10041	0.00700	0.01017	0.05919	0.00664	0.03802	0.02786	0.01526	0.00632	0.00721	0.00507	0.00384	0.00287	0.00116	0.00410	0.00243	0.00231	0.00498
44	0.00969	0.01107	0.02422	0.01730	0.02145	0.01038	0.81522	0.01315	0.00969	0.01315	0.00830	0.01107	0.00623	0.00346	0.00484	0.00138	0.00692	0.00484	0.00208	0.00554
45	0.00500	0.00357	0.00476	0.00572	0.00595	0.00333	0.00381	0.00572	0.00786	0.01048	0.02262	0.85306	0.02715	0.01286	0.00524	0.00167	0.00238	0.01167	0.00381	0.00333
46	0.00817	0.00766	0.01291	0.65155	0.18271	0.00906	0.01143	0.01081	0.00848	0.01113	0.00799	0.01229	0.00644	0.00432	0.00416	0.00136	0.00529	0.03738	0.00195	0.00490
47	0.00841	0.05401	0.76830	0.01186	0.02872	0.00983	0.03722	0.01297	0.00869	0.01288	0.00733	0.00867	0.00525	0.00387	0.00388	0.00128	0.00601	0.00306	0.00175	0.00603
48	0.00500	0.00357	0.00476	0.00572	0.00595	0.00333	0.00381	0.00572	0.00786	0.01048	0.02262	0.85306	0.02715	0.01286	0.00524	0.00167	0.00238	0.01167	0.00381	0.00333
49	0.01842	0.00699	0.00953	0.00730	0.01048	0.00603	0.00603	0.02000	0.01175	0.83298	0.01619	0.01397	0.01016	0.00508	0.00413	0.00127	0.00349	0.00413	0.00508	0.00699
50	0.00801	0.01010	0.24921	0.00965	0.11327	0.00640	0.00836	0.01069	0.01021	0.08292	0.32236	0.02133	0.11774	0.00645	0.00441	0.00129	0.00366	0.00554	0.00335	0.00506
51	0.00512	0.00366	0.00490	0.00585	0.00614	0.00343	0.00401	0.00592	0.00797	0.01061	0.02256	0.79486	0.02690	0.01275	0.00527	0.00168	0.00248	0.06872	0.00381	0.00337
52	0.01533	0.01956	0.01163	0.01058	0.01269	0.83926	0.00793	0.01639	0.01163	0.01005	0.00635	0.00740	0.00529	0.00423	0.00370	0.00106	0.00740	0.00264	0.00212	0.00476
53	0.88473	0.00794	0.00603	0.00540	0.00794	0.00921	0.00445	0.01207	0.00699	0.01842	0.00572	0.00667	0.00445	0.00381	0.00254	0.00127	0.00318	0.00222	0.00254	0.00445
54	0.01004	0.00867	0.00912	0.00822	0.01051	0.00999	0.00639	0.02130	0.79661	0.01698	0.01751	0.01609	0.03872	0.00572	0.00420	0.00139	0.00321	0.00477	0.00417	0.00640
55	0.00511	0.00367	0.00494	0.00577	0.00605	0.00353	0.00391	0.00588	0.00768	0.01032	0.02121	0.74827	0.02515	0.03621	0.08903	0.00222	0.00328	0.01080	0.00362	0.00335
56	0.00785	0.00740	0.01250	0.81122	0.06213	0.00915	0.01145	0.01058	0.00826	0.01061	0.00731	0.01091	0.00552	0.00409	0.00410	0.00136	0.00545	0.00365	0.00183	0.00464
57	0.00904	0.17248	0.55198	0.01066	0.04307	0.01033	0.01231	0.01297	0.03216	0.03554	0.02765	0.02385	0.00682	0.00414	0.00371	0.00121	0.00531	0.00322	0.00204	0.03152

[dist]
# distance from previous block
# <min> <max>
0	4

[block]
# block no. 4 follows, 65 sequences, length 9
# corresponding to MSA columns:
# 471-479
name=unknown_E
#
# <colnr> <probs for GDERKNQSTAVLIFYWHMCP>
#	G	D	E	R	K	N	Q	S	T	A	V	L	I	F	Y	W	H	M	C	P
0	0.04645	0.12330	0.07376	0.03202	0.05041	0.22877	0.00811	0.07820	0.25933	0.01411	0.00981	0.01025	0.00766	0.00464	0.00409	0.00122	0.03597	0.00340	0.00282	0.00568
1	0.00903	0.03303	0.01386	0.31913	0.31636	0.02842	0.04019	0.03026	0.03165	0.01204	0.00813	0.01111	0.00664	0.00706	0.09950	0.00189	0.02054	0.00374	0.00208	0.00534
2	0.08756	0.00676	0.00776	0.00612	0.00900	0.00578	0.00487	0.01153	0.05255	0.10775	0.08166	0.04279	0.05719	0.00491	0.00358	0.00096	0.00296	0.02518	0.00318	0.47790
3	0.08552	0.00433	0.00468	0.00462	0.00550	0.00459	0.00338	0.00872	0.00761	0.01317	0.01216	0.01673	0.01070	0.15980	0.16816	0.00261	0.00415	0.00417	0.47579	0.00361
4	0.01119	0.08277	0.01127	0.00814	0.01092	0.13994	0.06997	0.08966	0.04208	0.10471	0.11432	0.04167	0.02992	0.00499	0.00386	0.00107	0.00417	0.00412	0.00316	0.22207
5	0.00898	0.00872	0.00956	0.00771	0.01034	0.12379	0.08438	0.03927	0.07016	0.01315	0.05583	0.05847	0.15001	0.00603	0.01906	0.00116	0.00399	0.00473	0.00295	0.32171
6	0.00821	0.05273	0.20876	0.00728	0.01010	0.00656	0.07894	0.01092	0.00870	0.01412	0.01062	0.01235	0.00824	0.00425	0.00330	0.00105	0.00358	0.00354	0.47557	0.07119
7	0.45425	0.01041	0.11097	0.00727	0.01032	0.04787	0.00660	0.12660	0.03158	0.11639	0.00834	0.00921	0.00620	0.03351	0.00385	0.00136	0.00399	0.00297	0.00299	0.00531
8	0.02601	0.02606	0.15986	0.02511	0.01185	0.06834	0.09169	0.08233	0.00949	0.02843	0.03209	0.16552	0.04203	0.05239	0.07768	0.00199	0.05080	0.04083	0.00278	0.00473

[dist]
# distance from previous block
# <min> <max>
1	18

[block]
# block no. 5 follows, 65 sequences, length 27
# corresponding to MSA columns:
# 498-524
name=unknown_F
#
# <colnr> <probs for GDERKNQSTAVLIFYWHMCP>
#	G	D	E	R	K	N	Q	S	T	A	V	L	I	F	Y	W	H	M	C	P
0	0.08720	0.01243	0.24388	0.03267	0.03771	0.04120	0.08412	0.04356	0.12242	0.05075	0.04282	0.01203	0.02308	0.00474	0.00456	0.00129	0.05908	0.01661	0.00268	0.07717
1	0.01108	0.03098	0.01064	0.10333	0.08192	0.10188	0.00747	0.15622	0.20823	0.05579	0.01279	0.05609	0.02951	0.04906	0.00500	0.00143	0.00434	0.03548	0.00328	0.03547
2	0.04734	0.19490	0.00928	0.00596	0.00712	0.02253	0.00458	0.02135	0.00715	0.00970	0.01121	0.06411	0.02465	0.34997	0.17292	0.00334	0.03304	0.00484	0.00236	0.00367
3	0.01091	0.00668	0.00782	0.00674	0.00880	0.00668	0.00529	0.14325	0.12919	0.21669	0.09061	0.08873	0.17452	0.04631	0.01946	0.00157	0.00328	0.02395	0.00420	0.00533
4	0.01195	0.03021	0.03127	0.03785	0.01501	0.03792	0.26358	0.19731	0.09828	0.11540	0.03177	0.02901	0.00932	0.00502	0.00473	0.00135	0.03497	0.03589	0.00326	0.00590
5	0.04081	0.00992	0.01418	0.07107	0.17577	0.03257	0.15370	0.18119	0.17051	0.01638	0.01038	0.02506	0.00825	0.00474	0.00452	0.00132	0.03247	0.02329	0.00297	0.02090
6	0.00522	0.00412	0.00472	0.00479	0.00589	0.00362	0.00357	0.00651	0.00982	0.01260	0.26268	0.13955	0.46809	0.01017	0.00493	0.00142	0.00215	0.04257	0.00401	0.00358
7	0.00600	0.00547	0.04142	0.02804	0.02139	0.00466	0.02563	0.00824	0.04729	0.01413	0.41854	0.03082	0.31601	0.00847	0.00474	0.00133	0.00250	0.00732	0.00396	0.00405
8	0.00765	0.00383	0.00383	0.00383	0.00478	0.00383	0.00287	0.00956	0.00861	0.01530	0.01339	0.01530	0.01052	0.00478	0.00287	0.00096	0.00191	0.00383	0.87853	0.00383
9	0.03361	0.03728	0.03460	0.24156	0.15904	0.09567	0.16331	0.07259	0.00995	0.04797	0.00820	0.01095	0.00647	0.00428	0.00451	0.00131	0.03873	0.02224	0.00231	0.00542
10	0.00886	0.00862	0.01045	0.20816	0.19811	0.12390	0.00817	0.03324	0.02352	0.02261	0.08295	0.03821	0.19041	0.01976	0.00456	0.00133	0.00439	0.00517	0.00277	0.00480
11	0.00765	0.00383	0.00383	0.00383	0.00478	0.00383	0.00287	0.00956	0.00861	0.01530	0.01339	0.01530	0.01052	0.00478	0.00287	0.00096	0.00191	0.00383	0.87853	0.00383
12	0.63403	0.01005	0.00790	0.00784	0.06890	0.15225	0.00572	0.02708	0.00817	0.01652	0.00617	0.00734	0.00493	0.00455	0.02334	0.00136	0.00424	0.00248	0.00245	0.00468
13	0.03659	0.01228	0.04400	0.02987	0.18470	0.18029	0.31325	0.04381	0.01012	0.01300	0.00846	0.01201	0.00708	0.00436	0.00463	0.00132	0.03277	0.05376	0.00225	0.00546
14	0.00852	0.00667	0.00817	0.03448	0.02781	0.00642	0.01788	0.07346	0.11675	0.05023	0.20014	0.05486	0.10560	0.02835	0.00481	0.00124	0.02264	0.00533	0.00354	0.22311
15	0.88473	0.00794	0.00603	0.00540	0.00794	0.00921	0.00445	0.01207	0.00699	0.01842	0.00572	0.00667	0.00445	0.00381	0.00254	0.00127	0.00318	0.00222	0.00254	0.00445
16	0.00898	0.00898	0.01257	0.01078	0.01078	0.01257	0.00898	0.00988	0.00629	0.00988	0.00539	0.00898	0.00539	0.00718	0.01347	0.00180	0.84823	0.00359	0.00180	0.00449
17	0.00788	0.00494	0.00608	0.00577	0.00686	0.00487	0.00417	0.00996	0.09251	0.12889	0.13477	0.15427	0.10256	0.21589	0.09958	0.00260	0.00386	0.00678	0.00364	0.00410
18	0.01403	0.00968	0.10253	0.00835	0.01154	0.00856	0.00739	0.14269	0.23700	0.35554	0.01464	0.01357	0.02296	0.00580	0.02527	0.00144	0.00404	0.00416	0.00421	0.00661
19	0.00790	0.00839	0.06904	0.62939	0.09762	0.00888	0.03959	0.01064	0.00840	0.01099	0.00911	0.01239	0.04471	0.02108	0.00448	0.00140	0.00532	0.00393	0.00195	0.00478
20	0.01097	0.85821	0.02151	0.00702	0.01054	0.01624	0.00702	0.01229	0.00834	0.00966	0.00571	0.00658	0.00527	0.00351	0.00263	0.00088	0.00439	0.00219	0.00176	0.00527
21	0.00765	0.00383	0.00383	0.00383	0.00478	0.00383	0.00287	0.00956	0.00861	0.01530	0.01339	0.01530	0.01052	0.00478	0.00287	0.00096	0.00191	0.00383	0.87853	0.00383
22	0.01026	0.04656	0.02835	0.03441	0.33267	0.11488	0.00914	0.01446	0.19904	0.01331	0.01102	0.05039	0.03021	0.00486	0.00429	0.00124	0.03122	0.00411	0.00267	0.05690
23	0.00973	0.02181	0.05201	0.04474	0.01154	0.05115	0.10167	0.14574	0.05577	0.05984	0.11007	0.08226	0.03968	0.11511	0.00683	0.00169	0.03097	0.03760	0.00326	0.01853
24	0.04137	0.06617	0.05816	0.17660	0.06924	0.10346	0.03193	0.09892	0.06440	0.04580	0.02539	0.01302	0.08297	0.00514	0.01506	0.00126	0.00471	0.00390	0.00272	0.08977
25	0.10019	0.03315	0.02185	0.09882	0.03976	0.15261	0.05625	0.11521	0.12568	0.01476	0.03182	0.07531	0.03930	0.00544	0.00399	0.00126	0.00457	0.02344	0.00296	0.05362
26	0.08631	0.01068	0.05085	0.04684	0.06816	0.14068	0.11215	0.06726	0.04883	0.11527	0.01021	0.04589	0.01803	0.02120	0.00450	0.00127	0.02491	0.01499	0.00286	0.10913

[dist]
