[name]
unknown

[dist]
# distance from previous block
# <min> <max>
0	41

[block]
# block no. 0 follows, 74 sequences, length 27
# corresponding to MSA columns:
# 41-67
name=unknown_A
#
# <colnr> <probs for GDERKNQSTAVLIFYWHMCP>
#	G	D	E	R	K	N	Q	S	T	A	V	L	I	F	Y	W	H	M	C	P
0	0.03910	0.03201	0.04695	0.02903	0.13408	0.00783	0.05390	0.17086	0.08266	0.10993	0.06742	0.09032	0.03729	0.00592	0.02601	0.00132	0.01597	0.02622	0.00308	0.02009
1	0.04565	0.00772	0.01054	0.05103	0.32259	0.04810	0.01910	0.02674	0.03167	0.05437	0.04740	0.02099	0.00810	0.06065	0.02172	0.00125	0.00392	0.00341	0.00232	0.21274
2	0.01159	0.00639	0.00803	0.00611	0.00890	0.00543	0.00492	0.01341	0.04225	0.38234	0.02575	0.01119	0.00821	0.03981	0.00417	0.00101	0.02529	0.00320	0.00334	0.38866
3	0.70608	0.00640	0.00504	0.00459	0.00660	0.00728	0.00373	0.01029	0.00666	0.01590	0.00771	0.00860	0.03985	0.00384	0.00243	0.00110	0.00263	0.00250	0.15488	0.00389
4	0.00809	0.00794	0.04663	0.43744	0.25070	0.02817	0.01968	0.02897	0.00819	0.03165	0.03808	0.03149	0.01648	0.00410	0.00397	0.00120	0.02687	0.00363	0.00198	0.00473
5	0.00901	0.00774	0.00820	0.00739	0.00942	0.00891	0.00574	0.01901	0.79303	0.01549	0.06178	0.01463	0.01266	0.00518	0.00381	0.00125	0.00287	0.00434	0.00379	0.00574
6	0.00453	0.00373	0.00398	0.00399	0.00512	0.00318	0.00296	0.00557	0.00868	0.01072	0.15801	0.08943	0.66871	0.00927	0.00441	0.00126	0.00188	0.00784	0.00354	0.00318
7	0.00472	0.00343	0.00449	0.00516	0.00554	0.00314	0.00347	0.00541	0.00709	0.00956	0.01945	0.79663	0.02319	0.03366	0.00500	0.00151	0.00222	0.00995	0.00334	0.05303
8	0.01657	0.00646	0.00870	0.00667	0.00955	0.00566	0.00551	0.04614	0.01086	0.82058	0.01445	0.01251	0.00909	0.00459	0.00373	0.00115	0.00319	0.00372	0.00456	0.00632
9	0.01421	0.01023	0.01104	0.00846	0.01143	0.01127	0.00699	0.80131	0.01718	0.05649	0.00914	0.00906	0.00643	0.00446	0.00371	0.00112	0.00405	0.00336	0.00375	0.00631
10	0.03468	0.00977	0.01128	0.02830	0.19804	0.05167	0.00787	0.23357	0.32686	0.03785	0.01149	0.01191	0.00881	0.00489	0.00403	0.00132	0.00409	0.00386	0.00344	0.00626
11	0.00453	0.00377	0.00396	0.00391	0.00510	0.00319	0.00293	0.00560	0.00879	0.01082	0.16931	0.03442	0.71269	0.00910	0.00439	0.00124	0.00186	0.00765	0.00355	0.00319
12	0.01585	0.00760	0.00941	0.00721	0.01012	0.00736	0.00596	0.27506	0.01277	0.58896	0.01284	0.01146	0.00828	0.00455	0.00373	0.00114	0.00345	0.00361	0.00432	0.00632
13	0.00955	0.00989	0.05866	0.02096	0.73182	0.06328	0.01112	0.01177	0.00860	0.02890	0.00704	0.00902	0.00581	0.00338	0.00365	0.00110	0.00459	0.00323	0.00188	0.00577
14	0.02011	0.00832	0.03568	0.04980	0.08942	0.02714	0.08127	0.10201	0.24042	0.04882	0.03656	0.02405	0.03290	0.00431	0.00362	0.00107	0.00365	0.00374	0.00290	0.18422
15	0.00533	0.00385	0.00532	0.00532	0.00576	0.00429	0.00384	0.00621	0.00577	0.00814	0.01053	0.01785	0.01070	0.31096	0.57366	0.00517	0.00781	0.00445	0.00208	0.00296
16	0.02765	0.04892	0.00761	0.00620	0.00787	0.04309	0.04708	0.05883	0.17014	0.03680	0.22692	0.08053	0.20995	0.00682	0.00404	0.00120	0.00280	0.00582	0.00345	0.00427
17	0.02419	0.27944	0.31973	0.00955	0.03285	0.03935	0.10483	0.04389	0.03804	0.03095	0.00691	0.00801	0.00538	0.00410	0.02506	0.00117	0.00496	0.00281	0.00189	0.01690
18	0.00752	0.03981	0.80847	0.01045	0.01574	0.00884	0.01339	0.01167	0.00777	0.01161	0.00658	0.00780	0.00471	0.00359	0.00372	0.00118	0.02740	0.00274	0.00157	0.00543
19	0.00460	0.00372	0.00409	0.00411	0.00517	0.00321	0.00304	0.00570	0.00880	0.01111	0.22428	0.11578	0.57498	0.00920	0.00442	0.00126	0.00188	0.00784	0.00360	0.00321
20	0.00862	0.02891	0.08248	0.05410	0.15539	0.00814	0.07305	0.05581	0.27919	0.03845	0.09570	0.01472	0.07930	0.00491	0.00385	0.00119	0.00366	0.00433	0.00297	0.00523
21	0.03410	0.06881	0.14525	0.05392	0.11660	0.13550	0.09653	0.12666	0.02206	0.11969	0.00848	0.04103	0.00659	0.00408	0.00361	0.00112	0.00477	0.00342	0.00250	0.00529
22	0.19363	0.00921	0.05998	0.04641	0.36176	0.06008	0.04509	0.03535	0.02466	0.08524	0.02945	0.00954	0.01640	0.00375	0.00343	0.00113	0.00415	0.00319	0.00232	0.00522
23	0.00600	0.00442	0.00533	0.00504	0.00613	0.00433	0.00379	0.00891	0.13367	0.03032	0.54493	0.07757	0.10672	0.00745	0.00423	0.00120	0.00199	0.00650	0.03765	0.00384
24	0.01030	0.03127	0.22101	0.02787	0.18030	0.05584	0.13096	0.10981	0.02586	0.12109	0.02422	0.02932	0.00701	0.00398	0.00375	0.00115	0.00475	0.00355	0.00247	0.00551
25	0.01085	0.03683	0.14875	0.03869	0.17912	0.02802	0.08332	0.11927	0.10696	0.17170	0.00990	0.03373	0.00741	0.00417	0.00373	0.00116	0.00430	0.00364	0.00282	0.00567
26	0.00482	0.00349	0.00454	0.00520	0.00560	0.00331	0.00363	0.01506	0.00741	0.00980	0.03976	0.64534	0.08629	0.04735	0.03567	0.00174	0.00258	0.07198	0.00336	0.00308

[dist]
# distance from previous block
# <min> <max>
2	10

[block]
# block no. 1 follows, 74 sequences, length 39
# corresponding to MSA columns:
# 78-116
name=unknown_B
#
# <colnr> <probs for GDERKNQSTAVLIFYWHMCP>
#	G	D	E	R	K	N	Q	S	T	A	V	L	I	F	Y	W	H	M	C	P
0	0.27696	0.00802	0.01052	0.06338	0.31384	0.00854	0.02553	0.07384	0.08371	0.03746	0.01846	0.00896	0.00624	0.00368	0.00326	0.00112	0.00371	0.00303	0.00240	0.04735
1	0.00770	0.00660	0.00770	0.00550	0.00880	0.00495	0.00440	0.00935	0.00770	0.01210	0.00660	0.00770	0.00550	0.00275	0.00275	0.00055	0.00275	0.00220	0.00220	0.89224
2	0.00701	0.00611	0.00932	0.07387	0.32421	0.00627	0.00716	0.00941	0.09054	0.01131	0.06212	0.30652	0.01480	0.03388	0.01923	0.00143	0.00344	0.00617	0.00272	0.00447
3	0.00452	0.00325	0.00429	0.00513	0.00537	0.00302	0.00343	0.00517	0.00715	0.00949	0.02095	0.84342	0.04794	0.01157	0.00473	0.00150	0.00215	0.01047	0.00345	0.00302
4	0.00525	0.00379	0.00496	0.00467	0.00555	0.00350	0.00350	0.00700	0.01051	0.01488	0.84444	0.02773	0.03502	0.00759	0.00438	0.00117	0.00175	0.00671	0.00409	0.00350
5	0.86596	0.00715	0.00556	0.00494	0.00726	0.00823	0.00407	0.01115	0.00646	0.04488	0.00549	0.00625	0.00420	0.00348	0.00235	0.00115	0.00288	0.00207	0.00237	0.00410
6	0.00519	0.00351	0.00411	0.00431	0.00436	0.00346	0.00253	0.00534	0.00580	0.00773	0.01376	0.22291	0.01610	0.66738	0.01556	0.00311	0.00326	0.00661	0.00253	0.00243
7	0.00452	0.00323	0.00431	0.00517	0.00538	0.00301	0.00345	0.00517	0.00711	0.00948	0.02046	0.86713	0.02455	0.01163	0.00474	0.00151	0.00215	0.01055	0.00345	0.00301
8	0.07116	0.00652	0.00851	0.00657	0.00941	0.00586	0.00543	0.04838	0.01061	0.76618	0.01384	0.01208	0.00876	0.00452	0.00364	0.00115	0.00318	0.00361	0.00442	0.00617
9	0.01387	0.01744	0.01054	0.00953	0.01148	0.82612	0.00717	0.04254	0.01075	0.00957	0.00584	0.00677	0.00483	0.00385	0.00336	0.00096	0.00661	0.00242	0.00197	0.00437
10	0.04506	0.41067	0.12721	0.00833	0.02572	0.14802	0.05715	0.05471	0.00879	0.05865	0.00639	0.00719	0.00515	0.00348	0.00298	0.00095	0.00465	0.00249	0.00198	0.02042
11	0.00992	0.87178	0.01945	0.00635	0.00953	0.01469	0.00635	0.01111	0.00754	0.00873	0.00516	0.00595	0.00476	0.00318	0.00238	0.00079	0.00397	0.00198	0.00159	0.00476
12	0.00798	0.00681	0.00797	0.00577	0.00894	0.00544	0.00464	0.04417	0.00804	0.01247	0.00664	0.00776	0.00551	0.00295	0.00311	0.00061	0.03197	0.00228	0.00224	0.82470
13	0.01659	0.00642	0.00868	0.00665	0.00952	0.00560	0.00549	0.03784	0.01079	0.82899	0.01451	0.01254	0.00912	0.00459	0.00373	0.00115	0.00318	0.00372	0.00457	0.00632
14	0.01658	0.00643	0.00868	0.00666	0.00953	0.00562	0.00550	0.04046	0.01081	0.82634	0.01449	0.01253	0.00911	0.00459	0.00373	0.00115	0.00318	0.00372	0.00457	0.00632
15	0.00798	0.01207	0.32770	0.11818	0.24208	0.00820	0.10941	0.01104	0.00826	0.02508	0.04931	0.02152	0.00754	0.00398	0.00381	0.00119	0.00489	0.03063	0.00195	0.00518
16	0.00705	0.00526	0.00692	0.00714	0.00835	0.00545	0.02040	0.08546	0.08384	0.01278	0.04595	0.03527	0.01926	0.00903	0.00484	0.00159	0.00343	0.63058	0.00347	0.00394
17	0.00530	0.00398	0.00597	0.00597	0.00663	0.00464	0.00464	0.00663	0.00597	0.00862	0.00994	0.01458	0.00928	0.02784	0.85484	0.00597	0.00994	0.00398	0.00199	0.00331
18	0.01665	0.00632	0.00861	0.00660	0.00948	0.00546	0.00546	0.01809	0.01062	0.84897	0.01464	0.01263	0.00919	0.00459	0.00373	0.00115	0.00316	0.00373	0.00459	0.00632
19	0.01170	0.10803	0.10839	0.02017	0.04868	0.34038	0.03474	0.15495	0.11429	0.01284	0.00762	0.00827	0.00593	0.00393	0.00343	0.00105	0.00520	0.00289	0.00237	0.00512
20	0.00640	0.00325	0.00484	0.00484	0.00485	0.00326	0.00323	0.00489	0.00487	0.00651	0.00666	0.01169	0.00669	0.03560	0.03261	0.84982	0.00338	0.00330	0.00164	0.00166
21	0.00945	0.00808	0.00852	0.00760	0.00974	0.00934	0.00593	0.05647	0.80259	0.01588	0.01483	0.01363	0.01110	0.00501	0.00377	0.00125	0.00299	0.00416	0.00377	0.00589
22	0.44492	0.00820	0.02357	0.00950	0.12281	0.00850	0.12674	0.08819	0.00854	0.11627	0.00727	0.00813	0.00535	0.00361	0.00311	0.00115	0.00376	0.00287	0.00257	0.00493
23	0.00897	0.00857	0.01451	0.10740	0.74380	0.00877	0.01115	0.01139	0.02758	0.01194	0.00713	0.00937	0.00591	0.00339	0.00368	0.00112	0.00443	0.00333	0.00186	0.00570
24	0.00933	0.00802	0.00845	0.00757	0.00969	0.00928	0.00590	0.03586	0.82339	0.01568	0.01498	0.01375	0.01123	0.00502	0.00378	0.00126	0.00296	0.00418	0.00378	0.00588
25	0.00957	0.00574	0.00609	0.00520	0.00682	0.00605	0.00412	0.25089	0.03046	0.05925	0.01137	0.01234	0.00860	0.00439	0.00301	0.00096	0.00252	0.00346	0.56464	0.00450
26	0.00770	0.01727	0.69195	0.05359	0.04700	0.03656	0.02162	0.01182	0.03173	0.01176	0.03071	0.00871	0.00582	0.00369	0.00358	0.00117	0.00529	0.00295	0.00173	0.00534
27	0.04373	0.02072	0.10301	0.00858	0.01174	0.04787	0.00761	0.63171	0.03006	0.04553	0.00864	0.00876	0.00615	0.00429	0.00362	0.00112	0.00426	0.00320	0.00335	0.00603
28	0.00534	0.00377	0.00498	0.00561	0.00619	0.00362	0.00420	0.02413	0.00789	0.02527	0.03702	0.53474	0.07401	0.01115	0.02443	0.00162	0.00269	0.21664	0.00344	0.00327
29	0.89577	0.00718	0.00546	0.00488	0.00718	0.00833	0.00402	0.01091	0.00632	0.01665	0.00517	0.00603	0.00402	0.00345	0.00230	0.00115	0.00287	0.00201	0.00230	0.00402
30	0.00528	0.00363	0.00407	0.00405	0.00423	0.00354	0.00238	0.00548	0.00600	0.00792	0.06003	0.02570	0.10356	0.73044	0.01655	0.00321	0.00331	0.00573	0.00248	0.00241
31	0.01855	0.11563	0.12910	0.26082	0.11839	0.03416	0.08227	0.03394	0.07817	0.01124	0.00816	0.01052	0.02105	0.00404	0.00391	0.00118	0.03549	0.02653	0.00201	0.00486
32	0.00531	0.00397	0.00591	0.00591	0.00655	0.00461	0.00457	0.00659	0.00595	0.00858	0.00999	0.01486	0.00940	0.05177	0.83107	0.00590	0.00976	0.00402	0.00200	0.00328
33	0.00807	0.05667	0.62853	0.01130	0.06260	0.00902	0.08649	0.05360	0.00849	0.01231	0.02500	0.00851	0.00560	0.00360	0.00359	0.00116	0.00527	0.00300	0.00178	0.00543
34	0.00454	0.00324	0.00432	0.00516	0.00539	0.00303	0.00345	0.00521	0.00719	0.00961	0.04129	0.84590	0.02481	0.01153	0.00473	0.00150	0.00214	0.01046	0.00346	0.00303
35	0.00620	0.00562	0.00864	0.48457	0.06332	0.00634	0.00757	0.00814	0.00803	0.01026	0.09082	0.04146	0.23302	0.00577	0.00398	0.00123	0.00373	0.00502	0.00241	0.00387
36	0.00810	0.02017	0.21681	0.21858	0.15674	0.02995	0.19864	0.02010	0.02320	0.01157	0.05456	0.01025	0.00703	0.00371	0.00383	0.00119	0.00509	0.00359	0.00192	0.00498
37	0.00539	0.00390	0.00481	0.02287	0.00584	0.00368	0.00349	0.00711	0.02976	0.01330	0.52586	0.06069	0.15455	0.04999	0.00493	0.00130	0.00200	0.01730	0.07982	0.00343
38	0.02216	0.29279	0.19733	0.00837	0.02108	0.12732	0.04508	0.05848	0.00894	0.09422	0.00698	0.00768	0.00539	0.00352	0.00311	0.00096	0.00459	0.00260	0.00213	0.08727

[dist]
# distance from previous block
# <min> <max>
0	1

[block]
# block no. 2 follows, 74 sequences, length 65
# corresponding to MSA columns:
# 118-182
name=unknown_C
#
# <colnr> <probs for GDERKNQSTAVLIFYWHMCP>
#	G	D	E	R	K	N	Q	S	T	A	V	L	I	F	Y	W	H	M	C	P
0	0.00908	0.00866	0.01465	0.07933	0.76857	0.00876	0.01117	0.02109	0.00848	0.01208	0.00697	0.00921	0.00582	0.00334	0.00366	0.00110	0.00442	0.00329	0.00185	0.01849
1	0.01086	0.43809	0.24313	0.00873	0.01228	0.20356	0.00884	0.01264	0.00878	0.01036	0.00645	0.00767	0.00545	0.00391	0.00324	0.00107	0.00525	0.00254	0.00191	0.00523
2	0.00838	0.19419	0.11350	0.02581	0.04521	0.05543	0.05068	0.02815	0.00753	0.06590	0.00932	0.05722	0.00908	0.27477	0.03805	0.00202	0.00442	0.00403	0.00220	0.00409
3	0.00452	0.00323	0.00431	0.00517	0.00538	0.00301	0.00345	0.00517	0.00711	0.00948	0.02046	0.86713	0.02455	0.01163	0.00474	0.00151	0.00215	0.01055	0.00345	0.00301
4	0.00744	0.01920	0.85032	0.01058	0.01607	0.00862	0.01371	0.01176	0.00784	0.01176	0.00666	0.00784	0.00470	0.00353	0.00353	0.00118	0.00549	0.00274	0.00157	0.00549
5	0.01855	0.09485	0.55670	0.00971	0.01422	0.01969	0.03789	0.08096	0.07394	0.02488	0.00783	0.00924	0.00589	0.00387	0.00351	0.00116	0.00495	0.02467	0.00204	0.00543
6	0.03357	0.01005	0.19914	0.02897	0.04454	0.01995	0.02644	0.09484	0.02960	0.42244	0.01096	0.01063	0.00734	0.00459	0.01617	0.00124	0.02694	0.00340	0.00336	0.00583
7	0.00443	0.00366	0.00389	0.00405	0.00510	0.00312	0.00295	0.00534	0.00826	0.01005	0.05458	0.19065	0.67157	0.00977	0.00445	0.00130	0.00193	0.00831	0.00346	0.00312
8	0.00471	0.00376	0.00439	0.00449	0.00547	0.00345	0.00338	0.00579	0.00809	0.01024	0.10914	0.11753	0.50183	0.02247	0.13908	0.00206	0.00326	0.04439	0.00326	0.00319
9	0.00935	0.14444	0.22082	0.02618	0.30343	0.01939	0.05589	0.03599	0.03979	0.06331	0.01688	0.02134	0.00637	0.00374	0.00364	0.00110	0.01758	0.00321	0.00207	0.00546
10	0.01524	0.00593	0.00794	0.00620	0.00880	0.00518	0.00509	0.01672	0.01032	0.73251	0.04126	0.01325	0.01006	0.00466	0.00363	0.00112	0.00296	0.00380	0.09942	0.00592
11	0.01387	0.01769	0.01052	0.00956	0.01148	0.85465	0.00717	0.01482	0.01052	0.00908	0.00574	0.00669	0.00478	0.00383	0.00335	0.00096	0.00669	0.00239	0.00191	0.00430
12	0.03991	0.05032	0.15017	0.17360	0.12939	0.24980	0.06941	0.03027	0.00889	0.02493	0.00700	0.00936	0.00566	0.00384	0.00356	0.00112	0.00534	0.03069	0.00193	0.00479
13	0.01021	0.76519	0.02953	0.00671	0.00978	0.08547	0.00651	0.01167	0.02994	0.00898	0.00549	0.00625	0.00494	0.00328	0.00252	0.00083	0.00419	0.00209	0.00167	0.00476
14	0.00985	0.64372	0.04402	0.00730	0.04574	0.03569	0.00664	0.04721	0.01662	0.01006	0.00572	0.00657	0.00502	0.00324	0.00261	0.00082	0.00397	0.00218	0.00179	0.10122
15	0.02319	0.12271	0.12596	0.00855	0.01968	0.09364	0.05547	0.24457	0.02369	0.18429	0.00954	0.05595	0.00732	0.00443	0.00356	0.00110	0.00432	0.00352	0.00299	0.00550
16	0.00513	0.00379	0.00479	0.00454	0.00547	0.00345	0.00340	0.00676	0.01021	0.01418	0.72809	0.02888	0.15181	0.00785	0.00438	0.00118	0.00177	0.00687	0.00399	0.00345
17	0.01134	0.48410	0.01547	0.00780	0.01030	0.32824	0.00678	0.02486	0.00869	0.00910	0.00541	0.00641	0.00480	0.00365	0.00339	0.00091	0.06019	0.00224	0.00174	0.00457
18	0.89577	0.00718	0.00546	0.00488	0.00718	0.00833	0.00402	0.01091	0.00632	0.01665	0.00517	0.00603	0.00402	0.00345	0.00230	0.00115	0.00287	0.00201	0.00230	0.00402
19	0.00460	0.00382	0.00406	0.00415	0.00534	0.00328	0.00321	0.00566	0.00854	0.01031	0.06164	0.03618	0.72204	0.00944	0.00447	0.00130	0.00206	0.10324	0.00346	0.00318
20	0.00572	0.00415	0.00565	0.00642	0.00727	0.00407	0.00550	0.00728	0.00843	0.01089	0.02140	0.10227	0.09898	0.01028	0.00503	0.00165	0.00318	0.68506	0.00342	0.00336
21	0.00510	0.00379	0.00475	0.00451	0.00545	0.00344	0.00338	0.00671	0.01014	0.01403	0.70162	0.02914	0.17838	0.00791	0.00438	0.00118	0.00177	0.00691	0.00397	0.00344
22	0.00530	0.00398	0.00597	0.00597	0.00663	0.00464	0.00464	0.00663	0.00597	0.00862	0.00994	0.01458	0.00928	0.02784	0.85484	0.00597	0.00994	0.00398	0.00199	0.00331
23	0.00539	0.00362	0.00418	0.00418	0.00422	0.00367	0.00241	0.00548	0.00544	0.00729	0.01158	0.02365	0.01321	0.81366	0.07440	0.00376	0.00402	0.00530	0.00223	0.00232
24	0.00770	0.00660	0.00770	0.00550	0.00880	0.00495	0.00440	0.00935	0.00770	0.01210	0.00660	0.00770	0.00550	0.00275	0.00275	0.00055	0.00275	0.00220	0.00220	0.89224
25	0.00523	0.00379	0.00493	0.00465	0.00553	0.00349	0.00348	0.00696	0.01045	0.01476	0.82309	0.02794	0.05645	0.00764	0.00438	0.00117	0.00175	0.00674	0.00407	0.00349
26	0.00539	0.00363	0.00423	0.00423	0.00429	0.00369	0.00247	0.00551	0.00545	0.00733	0.01153	0.02339	0.01311	0.79185	0.09607	0.00382	0.00418	0.00527	0.00223	0.00235
27	0.84370	0.00780	0.00575	0.00516	0.00743	0.05829	0.00421	0.01114	0.00657	0.01621	0.00520	0.00607	0.00406	0.00347	0.00236	0.00114	0.00310	0.00203	0.00227	0.00404
28	0.10889	0.33432	0.01313	0.00765	0.01013	0.39545	0.00638	0.01293	0.02958	0.01006	0.00573	0.00656	0.00488	0.00353	0.00286	0.00091	0.00502	0.00224	0.00189	0.03786
29	0.13232	0.00783	0.00944	0.11222	0.11323	0.07532	0.00681	0.02439	0.06246	0.34533	0.01046	0.03309	0.00756	0.00440	0.00386	0.00117	0.03815	0.00347	0.00316	0.00532
30	0.00876	0.01001	0.02190	0.01564	0.01940	0.00939	0.83292	0.01189	0.00876	0.01189	0.00751	0.01001	0.00563	0.00313	0.00438	0.00125	0.00626	0.00438	0.00188	0.00501
31	0.00992	0.87178	0.01945	0.00635	0.00953	0.01469	0.00635	0.01111	0.00754	0.00873	0.00516	0.00595	0.00476	0.00318	0.00238	0.00079	0.00397	0.00198	0.00159	0.00476
32	0.00881	0.00977	0.02079	0.03405	0.01887	0.00927	0.76135	0.04256	0.00901	0.01220	0.00789	0.03277	0.00615	0.00342	0.00435	0.00125	0.00604	0.00448	0.00198	0.00498
33	0.00530	0.00398	0.00597	0.00597	0.00663	0.00464	0.00464	0.00663	0.00597	0.00862	0.00994	0.01458	0.00928	0.02784	0.85484	0.00597	0.00994	0.00398	0.00199	0.00331
34	0.00453	0.00329	0.00428	0.00504	0.00536	0.00304	0.00340	0.00524	0.00732	0.00968	0.04628	0.77532	0.09087	0.01133	0.00470	0.00148	0.00212	0.01022	0.00346	0.00304
35	0.00878	0.00996	0.02158	0.01599	0.05898	0.00936	0.79360	0.01187	0.00875	0.01190	0.00748	0.00997	0.00564	0.00314	0.00435	0.00124	0.00617	0.00433	0.00188	0.00505
36	0.00870	0.01041	0.05742	0.01543	0.01926	0.00935	0.79779	0.01188	0.00872	0.01188	0.00747	0.00992	0.00559	0.00315	0.00434	0.00125	0.00622	0.00431	0.00186	0.00503
37	0.00551	0.00362	0.00449	0.00453	0.00529	0.00338	0.00330	0.00693	0.00902	0.02412	0.42250	0.23438	0.06884	0.00801	0.00411	0.00120	0.00187	0.00705	0.17847	0.00339
38	0.00501	0.00378	0.00464	0.00453	0.00547	0.00341	0.00341	0.00649	0.00972	0.01317	0.55589	0.06866	0.25488	0.00837	0.00442	0.00123	0.00187	0.03782	0.00386	0.00338
39	0.01421	0.03739	0.01083	0.00837	0.03373	0.02264	0.00673	0.58761	0.01518	0.19203	0.00994	0.00966	0.00689	0.00440	0.00364	0.00110	0.00389	0.00337	0.02224	0.00616
40	0.00715	0.00635	0.00915	0.19450	0.19144	0.00634	0.00706	0.00956	0.06758	0.01130	0.03156	0.10036	0.10464	0.00532	0.00375	0.00111	0.00344	0.03952	0.00248	0.19738
41	0.00787	0.13285	0.65425	0.01018	0.01496	0.00963	0.04752	0.01151	0.00771	0.01119	0.00639	0.00769	0.00476	0.00363	0.00391	0.00115	0.05517	0.00274	0.00159	0.00529
42	0.00919	0.00882	0.01507	0.02278	0.84640	0.00882	0.01139	0.01139	0.00845	0.01213	0.00698	0.00919	0.00588	0.00331	0.00367	0.00110	0.00441	0.00331	0.00184	0.00588
43	0.00992	0.87178	0.01945	0.00635	0.00953	0.01469	0.00635	0.01111	0.00754	0.00873	0.00516	0.00595	0.00476	0.00318	0.00238	0.00079	0.00397	0.00198	0.00159	0.00476
44	0.00525	0.00379	0.00496	0.00467	0.00555	0.00350	0.00350	0.00700	0.01051	0.01488	0.84444	0.02773	0.03502	0.00759	0.00438	0.00117	0.00175	0.00671	0.00409	0.00350
45	0.00744	0.01920	0.85032	0.01058	0.01607	0.00862	0.01371	0.01176	0.00784	0.01176	0.00666	0.00784	0.00470	0.00353	0.00353	0.00118	0.00549	0.00274	0.00157	0.00549
46	0.89577	0.00718	0.00546	0.00488	0.00718	0.00833	0.00402	0.01091	0.00632	0.01665	0.00517	0.00603	0.00402	0.00345	0.00230	0.00115	0.00287	0.00201	0.00230	0.00402
47	0.00457	0.00326	0.00436	0.00522	0.00546	0.00306	0.00353	0.00525	0.00715	0.00953	0.02043	0.84030	0.02445	0.01158	0.00475	0.00151	0.00219	0.03691	0.00344	0.00303
48	0.01389	0.01688	0.01059	0.00945	0.01148	0.76057	0.00716	0.10623	0.01129	0.01068	0.00609	0.00694	0.00495	0.00390	0.00339	0.00097	0.00640	0.00250	0.00211	0.00453
49	0.00706	0.00639	0.00858	0.00760	0.00760	0.00839	0.00591	0.00758	0.00562	0.00832	0.00768	0.03399	0.00842	0.31553	0.01441	0.00233	0.53513	0.00419	0.00189	0.00339
50	0.00625	0.00522	0.00754	0.03709	0.13302	0.00517	0.04074	0.00870	0.08952	0.01252	0.29712	0.18567	0.10315	0.00746	0.00430	0.00127	0.00273	0.04514	0.00332	0.00404
51	0.00531	0.00396	0.00589	0.00589	0.00653	0.00460	0.00455	0.00658	0.00594	0.00856	0.01001	0.01495	0.00944	0.05948	0.82341	0.00588	0.00970	0.00403	0.00200	0.00327
52	0.00506	0.00389	0.00528	0.00527	0.00609	0.00411	0.00405	0.00632	0.00709	0.00966	0.10700	0.04246	0.21523	0.02077	0.53538	0.00419	0.00691	0.00537	0.00261	0.00328
53	0.00968	0.00958	0.01709	0.03579	0.04714	0.01016	0.44935	0.17645	0.00985	0.01356	0.00722	0.00938	0.00561	0.00409	0.00576	0.00129	0.17686	0.00388	0.00219	0.00509
54	0.01387	0.01769	0.01052	0.00956	0.01148	0.85465	0.00717	0.01482	0.01052	0.00908	0.00574	0.00669	0.00478	0.00383	0.00335	0.00096	0.00669	0.00239	0.00191	0.00430
55	0.00530	0.00378	0.00520	0.00605	0.00661	0.00368	0.00479	0.00651	0.00787	0.01034	0.02003	0.42939	0.02286	0.01090	0.00494	0.00161	0.00282	0.44065	0.00343	0.00323
56	0.00530	0.00398	0.00597	0.00597	0.00663	0.00464	0.00464	0.00663	0.00597	0.00862	0.00994	0.01458	0.00928	0.02784	0.85484	0.00597	0.00994	0.00398	0.00199	0.00331
57	0.00818	0.00819	0.01175	0.01043	0.04582	0.01122	0.02591	0.00910	0.00587	0.00913	0.00502	0.00821	0.00493	0.00629	0.01165	0.00159	0.80763	0.00328	0.00164	0.00416
58	0.01387	0.01769	0.01052	0.00956	0.01148	0.85465	0.00717	0.01482	0.01052	0.00908	0.00574	0.00669	0.00478	0.00383	0.00335	0.00096	0.00669	0.00239	0.00191	0.00430
59	0.00498	0.00392	0.00468	0.03204	0.00601	0.00357	0.00345	0.00651	0.01999	0.01258	0.45160	0.03049	0.39029	0.00823	0.00435	0.00121	0.00193	0.00706	0.00372	0.00339
60	0.00701	0.00660	0.01113	0.86063	0.02556	0.00825	0.01031	0.00948	0.00742	0.00948	0.00660	0.00990	0.00495	0.00371	0.00371	0.00124	0.00495	0.00330	0.00165	0.00412
61	0.00538	0.00376	0.00491	0.00491	0.00520	0.00405	0.00332	0.00593	0.00563	0.00780	0.01080	0.01972	0.01148	0.47977	0.38602	0.02540	0.00638	0.00472	0.00212	0.00270
62	0.00456	0.00325	0.00435	0.00521	0.00544	0.00304	0.00350	0.00523	0.00714	0.00951	0.02044	0.84801	0.02448	0.01160	0.00475	0.00151	0.00218	0.02933	0.00344	0.00302
63	0.01009	0.83517	0.01907	0.00649	0.00961	0.05070	0.00639	0.01127	0.00767	0.00875	0.00519	0.00599	0.00476	0.00320	0.00242	0.00080	0.00409	0.00200	0.00160	0.00474
64	0.02012	0.18769	0.21502	0.00855	0.04971	0.09749	0.01846	0.03318	0.00867	0.13489	0.00746	0.00812	0.00564	0.00355	0.00331	0.00096	0.01879	0.00266	0.00225	0.17347

[dist]
# distance from previous block
# <min> <max>
1	3

[block]
# block no. 3 follows, 74 sequences, length 90
# corresponding to MSA columns:
# 186-275
name=unknown_D
#
# <colnr> <probs for GDERKNQSTAVLIFYWHMCP>
#	G	D	E	R	K	N	Q	S	T	A	V	L	I	F	Y	W	H	M	C	P
0	0.01025	0.02758	0.10885	0.03132	0.28765	0.26530	0.16062	0.01244	0.00897	0.01096	0.00659	0.00834	0.00531	0.00350	0.00378	0.00109	0.01868	0.00312	0.00183	0.02382
1	0.00881	0.02130	0.18681	0.04596	0.07310	0.02683	0.26279	0.06359	0.20109	0.01313	0.00968	0.04420	0.00768	0.00420	0.00392	0.00122	0.00481	0.01315	0.00243	0.00530
2	0.00707	0.00693	0.01308	0.01225	0.14894	0.00667	0.32427	0.00899	0.00803	0.01092	0.01323	0.31992	0.03091	0.00676	0.00461	0.00135	0.02400	0.04525	0.00253	0.00430
3	0.00919	0.00882	0.01507	0.02278	0.84640	0.00882	0.01139	0.01139	0.00845	0.01213	0.00698	0.00919	0.00588	0.00331	0.00367	0.00110	0.00441	0.00331	0.00184	0.00588
4	0.01386	0.01016	0.01087	0.00836	0.01126	0.01123	0.00690	0.80525	0.01712	0.02306	0.00902	0.00908	0.00642	0.00445	0.00367	0.00111	0.00400	0.00335	0.03461	0.00621
5	0.00440	0.00375	0.00379	0.00380	0.00503	0.00314	0.00284	0.00535	0.00846	0.01008	0.04771	0.05478	0.81544	0.00943	0.00439	0.00126	0.00188	0.00788	0.00346	0.00314
6	0.00456	0.00327	0.00434	0.00511	0.00539	0.00305	0.00344	0.00528	0.00734	0.00981	0.07051	0.80032	0.04113	0.01134	0.00471	0.00148	0.00212	0.01027	0.00348	0.00305
7	0.00770	0.00660	0.00770	0.00550	0.00880	0.00495	0.00440	0.00935	0.00770	0.01210	0.00660	0.00770	0.00550	0.00275	0.00275	0.00055	0.00275	0.00220	0.00220	0.89224
8	0.00692	0.00346	0.00346	0.00346	0.00432	0.00346	0.00259	0.00865	0.00778	0.01384	0.01211	0.01384	0.00951	0.00432	0.00259	0.00086	0.00173	0.00346	0.89016	0.00346
9	0.00923	0.00797	0.00839	0.00755	0.00965	0.00923	0.00588	0.01972	0.83969	0.01553	0.01511	0.01385	0.01133	0.00504	0.00378	0.00126	0.00294	0.00420	0.00378	0.00588
10	0.00770	0.00660	0.00770	0.00550	0.00880	0.00495	0.00440	0.00935	0.00770	0.01210	0.00660	0.00770	0.00550	0.00275	0.00275	0.00055	0.00275	0.00220	0.00220	0.89224
11	0.00452	0.00323	0.00431	0.00517	0.00538	0.00301	0.00345	0.00517	0.00711	0.00948	0.02046	0.86713	0.02455	0.01163	0.00474	0.00151	0.00215	0.01055	0.00345	0.00301
12	0.01665	0.00632	0.00861	0.00660	0.00948	0.00546	0.00546	0.01809	0.01062	0.84897	0.01464	0.01263	0.00919	0.00459	0.00373	0.00115	0.00316	0.00373	0.00459	0.00632
13	0.00559	0.00430	0.00505	0.00512	0.00616	0.02223	0.00403	0.00718	0.02613	0.02651	0.31428	0.07212	0.27927	0.00878	0.00453	0.00133	0.00236	0.19792	0.00366	0.00346
14	0.00516	0.00379	0.00483	0.00457	0.00549	0.00346	0.00343	0.00683	0.01029	0.01437	0.75925	0.02857	0.12053	0.00778	0.00438	0.00118	0.00176	0.00683	0.00402	0.00346
15	0.00919	0.00882	0.01507	0.02278	0.84640	0.00882	0.01139	0.01139	0.00845	0.01213	0.00698	0.00919	0.00588	0.00331	0.00367	0.00110	0.00441	0.00331	0.00184	0.00588
16	0.00445	0.00376	0.00385	0.00383	0.00505	0.00316	0.00287	0.00545	0.00861	0.01037	0.09518	0.03515	0.78710	0.00927	0.00439	0.00125	0.00187	0.00775	0.00349	0.00316
17	0.00473	0.00338	0.00455	0.00541	0.00571	0.00319	0.00381	0.00553	0.00731	0.00971	0.02034	0.74957	0.02410	0.01143	0.00479	0.00154	0.00233	0.12606	0.00344	0.00307
18	0.00744	0.01920	0.85032	0.01058	0.01607	0.00862	0.01371	0.01176	0.00784	0.01176	0.00666	0.00784	0.00470	0.00353	0.00353	0.00118	0.00549	0.00274	0.00157	0.00549
19	0.00540	0.00409	0.00602	0.00597	0.00657	0.00480	0.00460	0.00663	0.00592	0.00854	0.00988	0.01499	0.00940	0.08128	0.77259	0.00567	0.03834	0.00404	0.00199	0.00327
20	0.00452	0.00326	0.00428	0.00510	0.00537	0.00302	0.00342	0.00518	0.00717	0.00950	0.02127	0.82766	0.06349	0.01152	0.00472	0.00150	0.00214	0.01042	0.00345	0.00302
21	0.44228	0.00798	0.01027	0.03085	0.35816	0.00856	0.03231	0.02797	0.00763	0.03379	0.00632	0.00776	0.00503	0.00343	0.00303	0.00113	0.00369	0.00272	0.00216	0.00493
22	0.00602	0.00409	0.00507	0.00473	0.00583	0.00375	0.00357	0.00782	0.03767	0.07432	0.55458	0.05488	0.19477	0.02082	0.00454	0.00123	0.00196	0.00674	0.00394	0.00368
23	0.00530	0.00398	0.00597	0.00597	0.00663	0.00464	0.00464	0.00663	0.00597	0.00862	0.00994	0.01458	0.00928	0.02784	0.85484	0.00597	0.00994	0.00398	0.00199	0.00331
24	0.01387	0.01769	0.01052	0.00956	0.01148	0.85465	0.00717	0.01482	0.01052	0.00908	0.00574	0.00669	0.00478	0.00383	0.00335	0.00096	0.00669	0.00239	0.00191	0.00430
25	0.01078	0.01071	0.02314	0.02093	0.13847	0.22936	0.02669	0.09598	0.19402	0.04188	0.00938	0.01025	0.01566	0.00408	0.00352	0.00104	0.00438	0.01666	0.00266	0.14041
26	0.00474	0.00361	0.00458	0.00505	0.00551	0.00347	0.00353	0.00553	0.00756	0.00999	0.09401	0.58540	0.17901	0.02360	0.00520	0.00147	0.04193	0.00929	0.00340	0.00312
27	0.00451	0.00326	0.00428	0.00509	0.00536	0.00302	0.00341	0.00518	0.00718	0.00951	0.02140	0.82128	0.06979	0.01151	0.00472	0.00149	0.00214	0.01040	0.00345	0.00302
28	0.00851	0.05600	0.03071	0.01567	0.00962	0.07807	0.00580	0.02285	0.02528	0.01130	0.01554	0.00799	0.00571	0.00373	0.00465	0.00085	0.16626	0.00254	0.00209	0.52681
29	0.00648	0.02979	0.18676	0.00741	0.00946	0.02467	0.04761	0.00856	0.00719	0.02423	0.07719	0.02545	0.01032	0.01710	0.46052	0.00373	0.00741	0.01744	0.00215	0.02652
30	0.89577	0.00718	0.00546	0.00488	0.00718	0.00833	0.00402	0.01091	0.00632	0.01665	0.00517	0.00603	0.00402	0.00345	0.00230	0.00115	0.00287	0.00201	0.00230	0.00402
31	0.01352	0.10773	0.01142	0.00915	0.01122	0.74429	0.00704	0.01451	0.01021	0.03034	0.00590	0.00677	0.00489	0.00378	0.00325	0.00094	0.00632	0.00238	0.00195	0.00440
32	0.00719	0.00684	0.01166	0.77442	0.06116	0.00839	0.03661	0.00963	0.00746	0.00966	0.00660	0.00982	0.00501	0.00375	0.00395	0.00124	0.02737	0.00333	0.00166	0.00423
33	0.00462	0.00330	0.00441	0.00528	0.00553	0.00310	0.00361	0.00533	0.00720	0.00958	0.02041	0.81436	0.02435	0.01154	0.00476	0.00152	0.00223	0.06240	0.00344	0.00304
34	0.00531	0.00396	0.00589	0.00589	0.00653	0.00460	0.00455	0.00658	0.00594	0.00856	0.01001	0.01495	0.00944	0.05946	0.82344	0.00588	0.00970	0.00403	0.00200	0.00327
35	0.89577	0.00718	0.00546	0.00488	0.00718	0.00833	0.00402	0.01091	0.00632	0.01665	0.00517	0.00603	0.00402	0.00345	0.00230	0.00115	0.00287	0.00201	0.00230	0.00402
36	0.00915	0.00879	0.01501	0.03520	0.83423	0.00881	0.01138	0.01136	0.00844	0.01209	0.00698	0.00920	0.00587	0.00331	0.00368	0.00110	0.00442	0.00331	0.00183	0.00585
37	0.00932	0.00888	0.01305	0.02732	0.51208	0.03756	0.04293	0.01412	0.26939	0.01305	0.00951	0.01061	0.00753	0.00386	0.00372	0.00115	0.00411	0.00360	0.00245	0.00577
38	0.00638	0.00386	0.00434	0.00411	0.00526	0.00351	0.00312	0.00784	0.00894	0.07537	0.24211	0.02458	0.28849	0.00687	0.00374	0.00109	0.00189	0.00577	0.29914	0.00358
39	0.00620	0.00489	0.00576	0.00561	0.00673	0.00503	0.00423	0.01014	0.24383	0.01343	0.34384	0.18853	0.09174	0.00793	0.00432	0.00129	0.00226	0.04641	0.00379	0.00404
40	0.00493	0.00378	0.00451	0.00433	0.00535	0.00336	0.00325	0.00638	0.00974	0.01307	0.54328	0.03071	0.33732	0.00826	0.00438	0.00120	0.00180	0.00713	0.00385	0.00336
41	0.00507	0.00378	0.00471	0.00450	0.00544	0.00342	0.00337	0.00664	0.01004	0.01383	0.66988	0.04292	0.19667	0.00802	0.00439	0.00119	0.00178	0.00700	0.00395	0.00342
42	0.01387	0.01769	0.01052	0.00956	0.01148	0.85465	0.00717	0.01482	0.01052	0.00908	0.00574	0.00669	0.00478	0.00383	0.00335	0.00096	0.00669	0.00239	0.00191	0.00430
43	0.00701	0.00660	0.01113	0.86063	0.02556	0.00825	0.01031	0.00948	0.00742	0.00948	0.00660	0.00990	0.00495	0.00371	0.00371	0.00124	0.00495	0.00330	0.00165	0.00412
44	0.01411	0.01040	0.01114	0.00854	0.01151	0.01151	0.00706	0.83402	0.01745	0.02339	0.00891	0.00891	0.00631	0.00446	0.00371	0.00111	0.00408	0.00334	0.00371	0.00631
45	0.00744	0.01920	0.85032	0.01058	0.01607	0.00862	0.01371	0.01176	0.00784	0.01176	0.00666	0.00784	0.00470	0.00353	0.00353	0.00118	0.00549	0.00274	0.00157	0.00549
46	0.00440	0.00376	0.00378	0.00378	0.00502	0.00314	0.00283	0.00536	0.00850	0.01012	0.05328	0.03557	0.82915	0.00937	0.00439	0.00125	0.00188	0.00781	0.00346	0.00314
47	0.00525	0.00379	0.00496	0.00467	0.00555	0.00350	0.00350	0.00700	0.01051	0.01488	0.84444	0.02773	0.03502	0.00759	0.00438	0.00117	0.00175	0.00671	0.00409	0.00350
48	0.89577	0.00718	0.00546	0.00488	0.00718	0.00833	0.00402	0.01091	0.00632	0.01665	0.00517	0.00603	0.00402	0.00345	0.00230	0.00115	0.00287	0.00201	0.00230	0.00402
49	0.00701	0.00660	0.01113	0.86063	0.02556	0.00825	0.01031	0.00948	0.00742	0.00948	0.00660	0.00990	0.00495	0.00371	0.00371	0.00124	0.00495	0.00330	0.00165	0.00412
50	0.00770	0.00660	0.00770	0.00550	0.00880	0.00495	0.00440	0.00935	0.00770	0.01210	0.00660	0.00770	0.00550	0.00275	0.00275	0.00055	0.00275	0.00220	0.00220	0.89224
51	0.00452	0.00323	0.00431	0.00517	0.00538	0.00301	0.00345	0.00517	0.00711	0.00948	0.02046	0.86713	0.02455	0.01163	0.00474	0.00151	0.00215	0.01055	0.00345	0.00301
52	0.01659	0.00642	0.00868	0.00665	0.00952	0.00560	0.00549	0.03791	0.01079	0.82891	0.01450	0.01254	0.00912	0.00459	0.00373	0.00115	0.00318	0.00372	0.00457	0.00632
53	0.01654	0.00650	0.00872	0.00669	0.00956	0.00572	0.00553	0.05390	0.01092	0.81274	0.01439	0.01247	0.00906	0.00459	0.00373	0.00115	0.00320	0.00372	0.00456	0.00632
54	0.00452	0.00323	0.00431	0.00517	0.00538	0.00301	0.00345	0.00517	0.00711	0.00948	0.02046	0.86713	0.02455	0.01163	0.00474	0.00151	0.00215	0.01055	0.00345	0.00301
55	0.00465	0.00332	0.00446	0.00532	0.00559	0.00313	0.00367	0.00540	0.00724	0.00962	0.02039	0.79289	0.02426	0.01151	0.00477	0.00153	0.00227	0.08349	0.00344	0.00305
56	0.01665	0.00632	0.00861	0.00660	0.00948	0.00546	0.00546	0.01809	0.01062	0.84897	0.01464	0.01263	0.00919	0.00459	0.00373	0.00115	0.00316	0.00373	0.00459	0.00632
57	0.01387	0.01769	0.01052	0.00956	0.01148	0.85465	0.00717	0.01482	0.01052	0.00908	0.00574	0.00669	0.00478	0.00383	0.00335	0.00096	0.00669	0.00239	0.00191	0.00430
58	0.00992	0.87178	0.01945	0.00635	0.00953	0.01469	0.00635	0.01111	0.00754	0.00873	0.00516	0.00595	0.00476	0.00318	0.00238	0.00079	0.00397	0.00198	0.00159	0.00476
59	0.89577	0.00718	0.00546	0.00488	0.00718	0.00833	0.00402	0.01091	0.00632	0.01665	0.00517	0.00603	0.00402	0.00345	0.00230	0.00115	0.00287	0.00201	0.00230	0.00402
60	0.01608	0.00615	0.00831	0.00642	0.00917	0.00534	0.00529	0.01754	0.01046	0.80000	0.01450	0.01270	0.00921	0.00458	0.00367	0.00113	0.00307	0.00372	0.05652	0.00615
61	0.00802	0.03313	0.02195	0.00705	0.02978	0.00776	0.00543	0.01543	0.55294	0.01437	0.13615	0.01822	0.12239	0.00584	0.00389	0.00123	0.00274	0.00491	0.00363	0.00514
62	0.00533	0.00387	0.00503	0.00473	0.00562	0.00361	0.00355	0.00725	0.02641	0.01490	0.82853	0.02746	0.03457	0.00754	0.00437	0.00117	0.00177	0.00666	0.00408	0.00355
63	0.00531	0.00395	0.00581	0.00581	0.00642	0.00455	0.00444	0.00653	0.00592	0.00850	0.01009	0.01538	0.00963	0.09688	0.78627	0.00577	0.00942	0.00409	0.00201	0.00323
64	0.01411	0.01040	0.01114	0.00854	0.01151	0.01151	0.00706	0.83402	0.01745	0.02339	0.00891	0.00891	0.00631	0.00446	0.00371	0.00111	0.00408	0.00334	0.00371	0.00631
65	0.00604	0.00395	0.00508	0.00472	0.00572	0.00361	0.00354	0.00764	0.01010	0.07447	0.67499	0.04551	0.08084	0.03642	0.00480	0.00126	0.00193	0.00655	0.01919	0.00363
66	0.00992	0.87178	0.01945	0.00635	0.00953	0.01469	0.00635	0.01111	0.00754	0.00873	0.00516	0.00595	0.00476	0.00318	0.00238	0.00079	0.00397	0.00198	0.00159	0.00476
67	0.00486	0.00379	0.00418	0.00412	0.00526	0.00326	0.00308	0.00599	0.00890	0.02939	0.22408	0.08473	0.58726	0.00901	0.00439	0.00125	0.00189	0.00765	0.00362	0.00328
68	0.01241	0.10450	0.04558	0.00913	0.01119	0.60528	0.00733	0.01424	0.07261	0.00963	0.00636	0.00731	0.00528	0.00404	0.00396	0.00102	0.07108	0.00257	0.00198	0.00450
69	0.13558	0.06976	0.01040	0.00868	0.01076	0.65682	0.00668	0.04118	0.00998	0.01058	0.00573	0.00663	0.00473	0.00375	0.00315	0.00098	0.00591	0.00234	0.00200	0.00436
70	0.00464	0.00387	0.00407	0.00405	0.00527	0.00334	0.00308	0.00590	0.02562	0.01074	0.13022	0.03457	0.70413	0.00913	0.00440	0.00126	0.00194	0.03699	0.00353	0.00324
71	0.00876	0.01001	0.02190	0.01564	0.01940	0.00939	0.83292	0.01189	0.00876	0.01189	0.00751	0.01001	0.00563	0.00313	0.00438	0.00125	0.00626	0.00438	0.00188	0.00501
72	0.00824	0.00859	0.04933	0.13028	0.45018	0.00822	0.17124	0.01058	0.00823	0.01144	0.00876	0.08826	0.02132	0.00420	0.00392	0.00119	0.00464	0.00423	0.00198	0.00515
73	0.00538	0.00366	0.00438	0.00438	0.00449	0.00378	0.00266	0.00561	0.00550	0.00744	0.01139	0.02262	0.01277	0.72477	0.16268	0.00401	0.00469	0.00515	0.00220	0.00243
74	0.00915	0.01002	0.15374	0.00812	0.01085	0.00923	0.00728	0.05639	0.65780	0.01524	0.01336	0.01258	0.00995	0.00475	0.00373	0.00124	0.00343	0.00391	0.00339	0.00583
75	0.00701	0.00660	0.01113	0.86063	0.02556	0.00825	0.01031	0.00948	0.00742	0.00948	0.00660	0.00990	0.00495	0.00371	0.00371	0.00124	0.00495	0.00330	0.00165	0.00412
76	0.89577	0.00718	0.00546	0.00488	0.00718	0.00833	0.00402	0.01091	0.00632	0.01665	0.00517	0.00603	0.00402	0.00345	0.00230	0.00115	0.00287	0.00201	0.00230	0.00402
77	0.00885	0.36126	0.40073	0.00960	0.04516	0.02608	0.06511	0.01164	0.00789	0.02341	0.00623	0.00733	0.00490	0.00337	0.00313	0.00102	0.00487	0.00258	0.00166	0.00517
78	0.55874	0.20301	0.00959	0.01673	0.03834	0.01000	0.00518	0.08226	0.00773	0.03213	0.00577	0.00656	0.00457	0.00349	0.00253	0.00106	0.00331	0.00222	0.00228	0.00450
79	0.00451	0.00326	0.00427	0.00508	0.00536	0.00302	0.00341	0.00518	0.00719	0.00951	0.02157	0.81316	0.07780	0.01148	0.00471	0.00149	0.00214	0.01038	0.00345	0.00302
80	0.00938	0.00841	0.01294	0.11706	0.43059	0.00899	0.04207	0.15311	0.04618	0.01354	0.00848	0.06988	0.00734	0.00438	0.00425	0.00119	0.05056	0.00390	0.00233	0.00541
81	0.00580	0.00599	0.12401	0.00589	0.00690	0.00459	0.00493	0.00687	0.00661	0.02679	0.01375	0.27075	0.01528	0.32316	0.07607	0.00258	0.03620	0.05801	0.00259	0.00324
82	0.00986	0.00913	0.01386	0.04491	0.28359	0.04691	0.18138	0.13749	0.09579	0.03632	0.02407	0.01126	0.04424	0.00417	0.00422	0.00118	0.03984	0.00386	0.00250	0.00540
83	0.00850	0.00810	0.01375	0.34102	0.41383	0.00884	0.06702	0.04547	0.00837	0.01148	0.00688	0.00947	0.00549	0.00360	0.00402	0.00118	0.03265	0.00338	0.00184	0.00511
84	0.00812	0.00812	0.01137	0.00975	0.00975	0.01137	0.00812	0.00893	0.00568	0.00893	0.00487	0.00812	0.00487	0.00650	0.01218	0.00162	0.86276	0.00325	0.00162	0.00406
85	0.00818	0.00838	0.02781	0.08674	0.21845	0.02357	0.16901	0.01025	0.02675	0.01081	0.03592	0.06058	0.00785	0.00509	0.00654	0.00134	0.26908	0.01696	0.00200	0.00468
86	0.00591	0.00394	0.00517	0.00478	0.00577	0.00362	0.00362	0.00765	0.01051	0.06318	0.79639	0.02685	0.03353	0.00741	0.00434	0.00117	0.00183	0.00654	0.00412	0.00367
87	0.00747	0.01154	0.37406	0.02906	0.05364	0.00698	0.02232	0.05527	0.02711	0.04406	0.17967	0.06289	0.07749	0.00544	0.00410	0.00121	0.02572	0.00456	0.00263	0.00479
88	0.00962	0.74998	0.09380	0.00704	0.01044	0.01379	0.03578	0.01117	0.00761	0.00917	0.00540	0.00630	0.00480	0.00320	0.00256	0.00084	0.00416	0.00214	0.00161	0.02058
89	0.00545	0.02390	0.00499	0.00512	0.00574	0.01699	0.00362	0.00703	0.06178	0.01106	0.12869	0.54436	0.05283	0.00948	0.00431	0.00134	0.00221	0.00844	0.09930	0.00338

[dist]
# distance from previous block
# <min> <max>
1	5

[block]
# block no. 4 follows, 74 sequences, length 46
# corresponding to MSA columns:
# 281-326
name=unknown_E
#
# <colnr> <probs for GDERKNQSTAVLIFYWHMCP>
#	G	D	E	R	K	N	Q	S	T	A	V	L	I	F	Y	W	H	M	C	P
0	0.01921	0.09704	0.24859	0.00848	0.05835	0.02019	0.00795	0.05761	0.00815	0.05104	0.03436	0.07909	0.04963	0.02969	0.14109	0.00202	0.05056	0.03007	0.00232	0.00456
1	0.00890	0.03592	0.02869	0.00773	0.04505	0.00736	0.02538	0.17926	0.21394	0.06181	0.01471	0.31246	0.01426	0.00708	0.00408	0.00129	0.00316	0.02060	0.00343	0.00487
2	0.00468	0.00341	0.00444	0.00507	0.00549	0.00312	0.00345	0.00545	0.00745	0.00999	0.08252	0.73582	0.06399	0.01092	0.00463	0.00144	0.00213	0.00986	0.00345	0.03268
3	0.00865	0.01329	0.35866	0.04736	0.33534	0.02884	0.10848	0.01179	0.00830	0.03412	0.00707	0.00879	0.00539	0.00344	0.00369	0.00115	0.00511	0.00319	0.00180	0.00552
4	0.00906	0.14563	0.28784	0.01371	0.23869	0.02022	0.12746	0.05470	0.02159	0.02223	0.00694	0.00842	0.00541	0.00350	0.00367	0.00111	0.01943	0.00308	0.00188	0.00543
5	0.00623	0.00372	0.00446	0.00448	0.00537	0.00352	0.00330	0.00755	0.00827	0.06666	0.16548	0.22498	0.13384	0.00881	0.05512	0.00145	0.00244	0.00640	0.28441	0.00349
6	0.01242	0.00591	0.00714	0.00582	0.00796	0.00568	0.00469	0.11895	0.04725	0.40890	0.03840	0.01358	0.02969	0.00472	0.00342	0.00107	0.00276	0.00381	0.27258	0.00527
7	0.03587	0.00750	0.01057	0.03617	0.19982	0.02178	0.07147	0.11053	0.00942	0.11363	0.01034	0.12595	0.02260	0.00472	0.00364	0.00106	0.00365	0.00420	0.00273	0.20434
8	0.00916	0.32138	0.10028	0.00961	0.05932	0.04690	0.16327	0.05223	0.08457	0.01154	0.04655	0.02394	0.04767	0.00410	0.00341	0.00105	0.00438	0.00350	0.00220	0.00494
9	0.01337	0.00699	0.00819	0.00648	0.00889	0.00701	0.00529	0.29270	0.01224	0.36111	0.01207	0.01167	0.00829	0.00448	0.00344	0.00107	0.00312	0.00353	0.22446	0.00561
10	0.00992	0.87178	0.01945	0.00635	0.00953	0.01469	0.00635	0.01111	0.00754	0.00873	0.00516	0.00595	0.00476	0.00318	0.00238	0.00079	0.00397	0.00198	0.00159	0.00476
11	0.00514	0.00379	0.00480	0.00455	0.00547	0.00345	0.00341	0.00678	0.01023	0.01423	0.73524	0.02881	0.14463	0.00783	0.00438	0.00118	0.00177	0.00686	0.00400	0.00345
12	0.00456	0.00375	0.00401	0.00398	0.00513	0.00320	0.00297	0.00565	0.00882	0.01096	0.19406	0.05761	0.66424	0.00911	0.00440	0.00124	0.00186	0.00769	0.00357	0.00320
13	0.00445	0.00376	0.00385	0.00383	0.00505	0.00316	0.00287	0.00545	0.00861	0.01039	0.09768	0.03513	0.78459	0.00927	0.00439	0.00125	0.00187	0.00775	0.00349	0.00316
14	0.00923	0.00797	0.00839	0.00755	0.00965	0.00923	0.00588	0.01972	0.83969	0.01553	0.01511	0.01385	0.01133	0.00504	0.00378	0.00126	0.00294	0.00420	0.00378	0.00588
15	0.89577	0.00718	0.00546	0.00488	0.00718	0.00833	0.00402	0.01091	0.00632	0.01665	0.00517	0.00603	0.00402	0.00345	0.00230	0.00115	0.00287	0.00201	0.00230	0.00402
