[name]
unknown

[dist]
# distance from previous block
# <min> <max>
0	94

[block]
# block no. 0 follows, 70 sequences, length 57
# corresponding to MSA columns:
# 94-132,137-154
name=unknown_A
#
# <colnr> <probs for GDERKNQSTAVLIFYWHMCP>
#	G	D	E	R	K	N	Q	S	T	A	V	L	I	F	Y	W	H	M	C	P
0	0.00519	0.00392	0.00476	0.00461	0.00558	0.00353	0.00342	0.00668	0.01007	0.01363	0.54986	0.06690	0.26878	0.02986	0.00497	0.00132	0.00193	0.00749	0.00400	0.00349
1	0.00797	0.00682	0.00799	0.00576	0.00913	0.00516	0.00460	0.00969	0.00799	0.01254	0.00698	0.00823	0.00585	0.00357	0.02551	0.00073	0.00307	0.00235	0.00229	0.86379
2	0.01061	0.10655	0.04581	0.01286	0.26081	0.05304	0.04667	0.09430	0.08961	0.08190	0.03496	0.01077	0.02391	0.00414	0.00383	0.00110	0.02102	0.00350	0.00265	0.09197
3	0.00898	0.03385	0.27631	0.00873	0.01164	0.12908	0.02734	0.07517	0.00907	0.04542	0.04629	0.02825	0.02488	0.02285	0.21489	0.00248	0.02393	0.00374	0.00232	0.00479
4	0.00778	0.02005	0.84367	0.01105	0.01678	0.00900	0.01432	0.01228	0.00818	0.01228	0.00696	0.00818	0.00491	0.00368	0.00368	0.00123	0.00573	0.00286	0.00164	0.00573
5	0.00885	0.01343	0.33923	0.06215	0.25989	0.02616	0.13264	0.01220	0.01996	0.03400	0.03382	0.00991	0.00666	0.00381	0.00407	0.00122	0.02091	0.00351	0.00198	0.00561
6	0.07442	0.06773	0.14278	0.02338	0.01140	0.02544	0.02595	0.12127	0.03053	0.13863	0.03257	0.00962	0.00714	0.00399	0.00369	0.00103	0.03117	0.00306	0.00280	0.24341
7	0.00540	0.00432	0.00472	0.00467	0.00587	0.00392	0.00350	0.05166	0.02044	0.01185	0.12963	0.14274	0.54331	0.02015	0.00479	0.00137	0.00220	0.03227	0.00368	0.00352
8	0.00576	0.00465	0.00596	0.00617	0.00651	0.02889	0.00446	0.00657	0.00684	0.00931	0.01514	0.42293	0.01721	0.11365	0.22449	0.00302	0.10484	0.00750	0.00279	0.00330
9	0.01085	0.19404	0.23014	0.01016	0.05209	0.15410	0.07796	0.07256	0.04583	0.07126	0.03998	0.00934	0.00707	0.00400	0.00356	0.00110	0.00508	0.00315	0.00233	0.00540
10	0.03036	0.03197	0.13739	0.03197	0.15124	0.00787	0.08942	0.07656	0.00864	0.04177	0.01994	0.01173	0.00769	0.02432	0.24331	0.00266	0.02765	0.00371	0.04692	0.00489
11	0.00503	0.00354	0.00440	0.00494	0.00515	0.00336	0.00316	0.00552	0.00696	0.00923	0.03295	0.53482	0.05837	0.29263	0.00980	0.00228	0.00273	0.00905	0.00320	0.00290
12	0.04699	0.00609	0.00728	0.02969	0.03194	0.02972	0.03510	0.05837	0.15922	0.03818	0.07605	0.30330	0.11380	0.02024	0.00459	0.00141	0.00301	0.02719	0.00349	0.00433
13	0.04949	0.11720	0.31568	0.01046	0.06780	0.10412	0.04894	0.07186	0.03301	0.11267	0.00803	0.00880	0.00591	0.00396	0.00379	0.00116	0.02614	0.00304	0.00236	0.00558
14	0.00528	0.00405	0.00483	0.00485	0.00587	0.00373	0.00363	0.00684	0.03392	0.02005	0.27761	0.15368	0.35626	0.01066	0.05835	0.00165	0.00261	0.03890	0.00373	0.00351
15	0.00695	0.00629	0.01043	0.62733	0.04314	0.00772	0.00936	0.00924	0.00741	0.00976	0.00775	0.01150	0.00629	0.00997	0.20839	0.00248	0.00642	0.00362	0.00181	0.00415
16	0.02349	0.07248	0.05056	0.01121	0.09884	0.14803	0.13526	0.16803	0.07536	0.06928	0.05076	0.03458	0.00856	0.00455	0.00414	0.00118	0.03163	0.00383	0.00279	0.00544
17	0.00894	0.03623	0.07174	0.11017	0.12003	0.04258	0.17192	0.03811	0.10682	0.04315	0.00993	0.05399	0.00864	0.11166	0.02823	0.00170	0.02450	0.00434	0.00243	0.00491
18	0.00472	0.00337	0.00450	0.00540	0.00562	0.00315	0.00360	0.00540	0.00742	0.00990	0.02137	0.86122	0.02564	0.01215	0.00495	0.00157	0.00225	0.01102	0.00360	0.00315
19	0.04494	0.00866	0.00971	0.00796	0.01036	0.02498	0.03099	0.40566	0.12390	0.10719	0.01256	0.14539	0.01072	0.03307	0.00452	0.00134	0.00374	0.00487	0.00374	0.00568
20	0.01046	0.06361	0.09972	0.09362	0.15288	0.03499	0.08781	0.11819	0.06361	0.11933	0.04618	0.04490	0.03802	0.00471	0.00392	0.00121	0.00440	0.00412	0.00284	0.00550
21	0.00480	0.00352	0.00453	0.00531	0.00572	0.00325	0.00368	0.00559	0.00770	0.01008	0.02369	0.70033	0.13324	0.01175	0.00493	0.00155	0.00229	0.06124	0.00360	0.00319
22	0.00960	0.00921	0.01574	0.02380	0.83957	0.00921	0.01190	0.01190	0.00883	0.01267	0.00729	0.00960	0.00614	0.00345	0.00384	0.00115	0.00461	0.00345	0.00192	0.00614
23	0.01027	0.01147	0.01528	0.11713	0.16911	0.23414	0.26724	0.01297	0.05452	0.01149	0.00827	0.03592	0.00691	0.00412	0.00406	0.00121	0.00575	0.02298	0.00213	0.00504
24	0.01270	0.38499	0.01502	0.00854	0.01111	0.48806	0.00712	0.01381	0.00964	0.00933	0.00573	0.00666	0.00499	0.00370	0.00306	0.00093	0.00576	0.00231	0.00185	0.00470
25	0.00753	0.00718	0.01167	0.70177	0.02371	0.00920	0.01035	0.00980	0.00742	0.00980	0.00656	0.01000	0.00515	0.00440	0.00548	0.00137	0.15915	0.00344	0.00172	0.00429
26	0.01245	0.02299	0.01852	0.05442	0.08645	0.16409	0.05825	0.30284	0.16144	0.04889	0.00956	0.01005	0.00714	0.00443	0.00401	0.00118	0.02086	0.00352	0.00309	0.00581
27	0.00941	0.02769	0.01659	0.04787	0.29630	0.00963	0.30073	0.04147	0.14256	0.01325	0.00956	0.01125	0.02600	0.00396	0.00433	0.00125	0.02610	0.00408	0.00235	0.00562
28	0.00556	0.00405	0.00572	0.00572	0.00624	0.00457	0.00421	0.00659	0.00608	0.00862	0.01085	0.01782	0.01082	0.24203	0.63697	0.00560	0.00869	0.00453	0.00215	0.00318
29	0.00492	0.00366	0.00463	0.00532	0.00590	0.00337	0.00385	0.00583	0.00797	0.01028	0.02531	0.55132	0.20990	0.01140	0.00493	0.00155	0.00238	0.13063	0.00359	0.00324
30	0.01308	0.10070	0.01281	0.01196	0.15803	0.51170	0.00817	0.09413	0.02134	0.01156	0.00660	0.00772	0.00544	0.00395	0.00363	0.00104	0.01816	0.00276	0.00215	0.00506
31	0.01461	0.01078	0.01193	0.00911	0.01224	0.01186	0.03192	0.78975	0.01785	0.03666	0.00936	0.00940	0.00662	0.00461	0.00390	0.00117	0.00432	0.00353	0.00383	0.00655
32	0.03514	0.00930	0.03895	0.08383	0.55006	0.00930	0.02153	0.08202	0.07660	0.04322	0.00835	0.01003	0.00659	0.00379	0.00382	0.00118	0.00446	0.00351	0.00234	0.00597
33	0.01009	0.46777	0.08286	0.01005	0.03155	0.03511	0.21825	0.02824	0.05031	0.02216	0.00693	0.00813	0.00567	0.00350	0.00329	0.00103	0.00491	0.00299	0.00195	0.00522
34	0.00511	0.00395	0.00467	0.00449	0.00556	0.00350	0.00336	0.00659	0.01009	0.01346	0.50907	0.03240	0.36634	0.00870	0.00458	0.00126	0.00188	0.00749	0.00399	0.00350
35	0.02500	0.00733	0.00999	0.03620	0.01076	0.07781	0.14534	0.07320	0.06136	0.01210	0.05881	0.08082	0.01215	0.02864	0.27432	0.00294	0.00641	0.06989	0.00267	0.00428
36	0.01024	0.01922	0.14837	0.04759	0.11533	0.05811	0.05860	0.10715	0.11331	0.10429	0.02686	0.04758	0.04566	0.01553	0.00422	0.00124	0.01450	0.01435	0.00289	0.04496
37	0.00627	0.00542	0.02033	0.00533	0.00685	0.00514	0.00414	0.05179	0.17736	0.01262	0.07299	0.11613	0.48376	0.00865	0.00444	0.00132	0.00240	0.00730	0.00369	0.00408
38	0.00564	0.00430	0.00642	0.00636	0.00703	0.00508	0.00497	0.00700	0.00622	0.00901	0.01021	0.01500	0.00954	0.02832	0.82019	0.00608	0.03895	0.00413	0.00206	0.00349
39	0.03484	0.20032	0.17955	0.06419	0.03285	0.08348	0.25541	0.01214	0.02025	0.01124	0.00684	0.00867	0.00544	0.00413	0.01862	0.00126	0.05058	0.00327	0.00185	0.00507
40	0.00952	0.08803	0.15339	0.10147	0.15182	0.03702	0.20398	0.08470	0.03000	0.03035	0.00842	0.05633	0.00695	0.00420	0.00405	0.00122	0.01706	0.00392	0.00222	0.00536
41	0.00561	0.00400	0.00504	0.00490	0.00559	0.00382	0.00350	0.00713	0.02569	0.01322	0.55287	0.06108	0.02958	0.21542	0.00828	0.00188	0.00242	0.04287	0.00374	0.00337
42	0.00478	0.00349	0.00447	0.00521	0.00559	0.00321	0.00354	0.00552	0.00768	0.01011	0.04782	0.70406	0.12364	0.03130	0.00524	0.00159	0.00226	0.02374	0.00359	0.00317
43	0.00975	0.12125	0.06451	0.02934	0.03057	0.05152	0.02185	0.09976	0.33258	0.03394	0.03293	0.05506	0.07416	0.00536	0.00381	0.00120	0.00370	0.00438	0.00321	0.02111
44	0.00850	0.02465	0.08455	0.03178	0.38393	0.00811	0.07750	0.01119	0.05692	0.03270	0.02761	0.09980	0.03512	0.02739	0.04353	0.00154	0.03293	0.00462	0.00237	0.00525
45	0.00551	0.00419	0.00514	0.00506	0.00602	0.00398	0.00374	0.00767	0.07092	0.01361	0.48079	0.16774	0.17077	0.00931	0.02662	0.00143	0.00224	0.00761	0.00396	0.00369
46	0.00978	0.03163	0.02991	0.27442	0.16030	0.15203	0.02544	0.06772	0.00892	0.01140	0.00676	0.00918	0.00551	0.00441	0.00540	0.00126	0.16405	0.00326	0.02377	0.00485
47	0.00836	0.09614	0.51782	0.01134	0.08484	0.03851	0.04494	0.02752	0.00841	0.01186	0.00808	0.08247	0.00691	0.00448	0.00401	0.00122	0.03220	0.00364	0.00191	0.00538
48	0.00471	0.00343	0.00444	0.00525	0.00558	0.00316	0.00353	0.00541	0.00756	0.00995	0.02314	0.77976	0.10596	0.01192	0.00491	0.00155	0.00222	0.01074	0.00360	0.00316
49	0.01068	0.26631	0.01485	0.09097	0.19305	0.16739	0.02875	0.07421	0.03816	0.01148	0.00709	0.00893	0.00602	0.03151	0.02002	0.00124	0.01914	0.00301	0.00207	0.00512
50	0.01700	0.11158	0.16036	0.03180	0.06894	0.03020	0.07301	0.02207	0.02953	0.08968	0.08827	0.11103	0.10333	0.00592	0.00434	0.00124	0.03908	0.00501	0.00277	0.00483
51	0.00587	0.00470	0.00501	0.00483	0.00623	0.00441	0.00365	0.01899	0.13001	0.03252	0.10470	0.08883	0.55817	0.00895	0.00449	0.00132	0.00220	0.00755	0.00374	0.00384
52	0.00732	0.00689	0.01163	0.85444	0.02670	0.00861	0.01077	0.00991	0.00775	0.00991	0.00689	0.01034	0.00517	0.00388	0.00388	0.00129	0.00517	0.00345	0.00172	0.00431
53	0.02696	0.00993	0.04731	0.06606	0.49995	0.06411	0.02783	0.06505	0.02352	0.05428	0.00776	0.00961	0.00622	0.00420	0.01645	0.00125	0.04113	0.00339	0.00222	0.02277
54	0.03459	0.29383	0.03815	0.04020	0.01987	0.14363	0.09104	0.10013	0.07218	0.04802	0.00906	0.02420	0.03529	0.02049	0.00382	0.00113	0.01351	0.00333	0.00243	0.00510
55	0.00971	0.05453	0.31885	0.02756	0.05043	0.09335	0.02201	0.09797	0.06750	0.04002	0.02081	0.01024	0.02886	0.02167	0.00394	0.00115	0.00474	0.00324	0.00238	0.12102
56	0.02634	0.05193	0.27874	0.02134	0.09806	0.02709	0.02738	0.06611	0.01636	0.06059	0.00787	0.04977	0.00658	0.00487	0.00577	0.00129	0.20055	0.00352	0.00219	0.04364

[dist]
# distance from previous block
# <min> <max>
0	35

[block]
# block no. 1 follows, 70 sequences, length 28
# corresponding to MSA columns:
# 190-217
name=unknown_B
#
# <colnr> <probs for GDERKNQSTAVLIFYWHMCP>
#	G	D	E	R	K	N	Q	S	T	A	V	L	I	F	Y	W	H	M	C	P
0	0.02188	0.02326	0.07541	0.00768	0.04213	0.05242	0.02426	0.05697	0.03375	0.05807	0.06382	0.30179	0.05597	0.00852	0.03651	0.00151	0.03998	0.03219	0.00310	0.06078
1	0.01057	0.15353	0.23112	0.02523	0.02600	0.21788	0.06113	0.05994	0.03243	0.04603	0.01982	0.05870	0.02107	0.00451	0.00375	0.00114	0.01626	0.00352	0.00226	0.00511
2	0.00608	0.00701	0.12872	0.00673	0.00812	0.03335	0.02558	0.02259	0.00806	0.01079	0.06050	0.44862	0.09041	0.05330	0.01905	0.00163	0.03773	0.01590	0.00308	0.01277
3	0.02550	0.00792	0.01027	0.06840	0.01147	0.02235	0.04926	0.07831	0.02338	0.03870	0.00722	0.00901	0.00595	0.00507	0.03439	0.00122	0.20612	0.00301	0.00233	0.39013
4	0.01413	0.01774	0.01082	0.00983	0.01185	0.78692	0.00739	0.01585	0.07102	0.00998	0.00671	0.00754	0.00549	0.00409	0.00353	0.00102	0.00670	0.00263	0.00214	0.00461
5	0.05443	0.00741	0.01141	0.46323	0.18457	0.00828	0.00947	0.02887	0.03817	0.04666	0.02313	0.02321	0.00670	0.00400	0.00374	0.00120	0.00448	0.00352	0.00217	0.07533
6	0.00730	0.00683	0.00638	0.00603	0.00715	0.16061	0.00449	0.00935	0.05325	0.01396	0.56842	0.09780	0.02847	0.00743	0.00437	0.00121	0.00289	0.00639	0.00377	0.00390
7	0.01036	0.86609	0.02032	0.00663	0.00995	0.01534	0.00663	0.01161	0.00788	0.00912	0.00539	0.00622	0.00498	0.00332	0.00249	0.00083	0.00415	0.00207	0.00166	0.00498
8	0.00939	0.00749	0.00954	0.00810	0.02509	0.01788	0.08988	0.31044	0.04355	0.01680	0.15284	0.19267	0.08549	0.00705	0.00435	0.00129	0.00347	0.00617	0.00361	0.00491
9	0.00513	0.00376	0.00481	0.00494	0.00567	0.00344	0.00356	0.00648	0.00955	0.01308	0.47356	0.30593	0.12663	0.00955	0.00470	0.00135	0.00198	0.00848	0.00397	0.00344
10	0.00497	0.00385	0.00456	0.00496	0.00574	0.00352	0.00354	0.00627	0.03816	0.01092	0.10476	0.42433	0.32351	0.01060	0.00476	0.00144	0.00218	0.03491	0.00367	0.00336
11	0.01027	0.83412	0.05142	0.00680	0.01021	0.01510	0.00692	0.01163	0.00789	0.00924	0.00545	0.00629	0.00497	0.00333	0.00253	0.00084	0.00421	0.00210	0.00166	0.00500
12	0.00991	0.71843	0.16401	0.00740	0.01114	0.01423	0.00798	0.01173	0.00793	0.00967	0.00566	0.00656	0.00496	0.00338	0.00270	0.00090	0.00442	0.00221	0.00165	0.00511
13	0.00559	0.00440	0.00494	0.00475	0.00588	0.01794	0.00356	0.00758	0.05580	0.01345	0.43271	0.05380	0.32278	0.00838	0.00446	0.00125	0.00204	0.00719	0.03985	0.00365
14	0.00590	0.00373	0.00449	0.00455	0.00462	0.00373	0.00278	0.00575	0.00580	0.00777	0.01182	0.02402	0.01328	0.64625	0.01770	0.15580	0.00364	0.05754	0.01849	0.00234
15	0.00913	0.01040	0.02257	0.01617	0.01998	0.00986	0.80263	0.01233	0.00906	0.01233	0.00777	0.01040	0.00586	0.00337	0.00480	0.00132	0.03032	0.00454	0.00195	0.00520
16	0.00481	0.00345	0.00457	0.00538	0.00569	0.00322	0.00366	0.00558	0.00770	0.01027	0.06730	0.77139	0.04612	0.01181	0.00493	0.00155	0.00226	0.03347	0.00364	0.00319
17	0.00491	0.00360	0.00462	0.00529	0.00572	0.00337	0.00361	0.00597	0.02803	0.01065	0.10257	0.69088	0.09365	0.01137	0.00486	0.00151	0.00220	0.01023	0.00367	0.00328
18	0.01448	0.01062	0.01136	0.00874	0.01177	0.01174	0.00721	0.79913	0.01789	0.02410	0.00942	0.00948	0.00671	0.00465	0.00384	0.00115	0.00418	0.00349	0.03354	0.00649
19	0.00472	0.00337	0.00450	0.00540	0.00562	0.00315	0.00360	0.00540	0.00742	0.00990	0.02137	0.86122	0.02564	0.01215	0.00495	0.00157	0.00225	0.01102	0.00360	0.00315
20	0.01014	0.00640	0.00679	0.00572	0.00742	0.00682	0.00449	0.31494	0.01177	0.03615	0.01142	0.01339	0.00902	0.07459	0.00456	0.00124	0.00292	0.00374	0.46379	0.00469
21	0.00559	0.00374	0.00424	0.00429	0.00431	0.00372	0.00242	0.00562	0.00574	0.00765	0.01273	0.07198	0.01474	0.81626	0.01891	0.00364	0.00367	0.00594	0.00242	0.00239
22	0.00513	0.00377	0.00484	0.00527	0.00594	0.00349	0.00388	0.00632	0.00883	0.01180	0.25194	0.39178	0.15067	0.01042	0.00484	0.00146	0.00227	0.12018	0.00378	0.00337
23	0.00989	0.00827	0.00877	0.00786	0.01008	0.00952	0.00612	0.02055	0.80672	0.04221	0.01576	0.01442	0.01176	0.00525	0.00394	0.00131	0.00308	0.00437	0.00397	0.00615
24	0.00619	0.00381	0.00448	0.00431	0.00524	0.00363	0.00324	0.00798	0.00971	0.01491	0.46362	0.02315	0.05277	0.00656	0.00379	0.00109	0.00182	0.00562	0.37446	0.00363
25	0.89114	0.00750	0.00570	0.00510	0.00750	0.00870	0.00420	0.01140	0.00660	0.01739	0.00540	0.00630	0.00420	0.00360	0.00240	0.00120	0.00300	0.00210	0.00240	0.00420
26	0.00489	0.00358	0.00479	0.00558	0.00582	0.00348	0.00381	0.00562	0.00748	0.01004	0.04037	0.79905	0.02515	0.01184	0.00521	0.00157	0.03145	0.02350	0.00355	0.00321
27	0.00973	0.00875	0.01081	0.03317	0.29138	0.06885	0.00788	0.05684	0.28064	0.04479	0.01506	0.01520	0.12969	0.00514	0.00396	0.00122	0.00383	0.00440	0.00304	0.00560

[dist]
# distance from previous block
# <min> <max>
0	1

[block]
# block no. 2 follows, 70 sequences, length 48
# corresponding to MSA columns:
# 219-266
name=unknown_C
#
# <colnr> <probs for GDERKNQSTAVLIFYWHMCP>
#	G	D	E	R	K	N	Q	S	T	A	V	L	I	F	Y	W	H	M	C	P
0	0.03469	0.00775	0.00848	0.00706	0.00906	0.00839	0.00543	0.30356	0.19836	0.11004	0.01215	0.01528	0.01013	0.24264	0.00825	0.00192	0.00371	0.00430	0.00353	0.00525
1	0.01696	0.00650	0.00886	0.00682	0.00975	0.00562	0.00562	0.01847	0.01109	0.81234	0.04505	0.01377	0.01057	0.00491	0.00392	0.00120	0.00325	0.00401	0.00478	0.00649
2	0.00857	0.00687	0.00809	0.00581	0.00923	0.00520	0.00466	0.01028	0.00821	0.06002	0.00737	0.00833	0.00596	0.00298	0.00293	0.00061	0.00290	0.00239	0.00244	0.83714
3	0.01739	0.00660	0.00900	0.00690	0.00990	0.00570	0.00570	0.01889	0.01110	0.84226	0.01529	0.01320	0.00960	0.00480	0.00390	0.00120	0.00330	0.00390	0.00480	0.00660
4	0.01000	0.00841	0.00906	0.00833	0.03223	0.00963	0.00633	0.05053	0.76206	0.03461	0.01530	0.01411	0.01144	0.00518	0.00394	0.00130	0.00316	0.00431	0.00391	0.00616
5	0.00555	0.00412	0.00607	0.00607	0.00671	0.00476	0.00465	0.00682	0.00618	0.00888	0.01053	0.01604	0.01004	0.09595	0.78200	0.00603	0.00985	0.00427	0.00210	0.00337
6	0.01561	0.00792	0.00966	0.00750	0.01038	0.00781	0.00616	0.29916	0.02403	0.49547	0.04330	0.03441	0.00998	0.00506	0.00394	0.00120	0.00355	0.00406	0.00442	0.00639
7	0.01446	0.01075	0.01165	0.00898	0.01194	0.01202	0.00742	0.79074	0.01769	0.02377	0.00912	0.00927	0.00653	0.00475	0.00427	0.00119	0.04171	0.00349	0.00378	0.00649
8	0.00472	0.00337	0.00450	0.00540	0.00562	0.00315	0.00360	0.00540	0.00742	0.00990	0.02137	0.86122	0.02564	0.01215	0.00495	0.00157	0.00225	0.01102	0.00360	0.00315
9	0.01415	0.01047	0.01123	0.00871	0.01169	0.01158	0.00716	0.76736	0.04237	0.02358	0.01031	0.03201	0.02109	0.00495	0.00392	0.00118	0.00414	0.00379	0.00387	0.00643
10	0.00964	0.00833	0.00877	0.00789	0.01008	0.00964	0.00614	0.02060	0.83257	0.01622	0.01578	0.01446	0.01183	0.00526	0.00394	0.00131	0.00307	0.00438	0.00394	0.00614
11	0.00549	0.00396	0.00518	0.00488	0.00579	0.00366	0.00366	0.00732	0.01097	0.01555	0.83752	0.02896	0.03658	0.00793	0.00457	0.00122	0.00183	0.00701	0.00427	0.00366
12	0.02075	0.00943	0.04141	0.07027	0.03078	0.05089	0.45405	0.02772	0.00877	0.01179	0.00913	0.01404	0.00787	0.01860	0.09438	0.00190	0.03715	0.08419	0.00215	0.00475
13	0.00907	0.00809	0.01274	0.44611	0.28755	0.00913	0.01045	0.12202	0.00954	0.01291	0.00751	0.01007	0.00581	0.00386	0.00383	0.00122	0.00477	0.00346	0.02666	0.00519
14	0.00474	0.00340	0.00448	0.00534	0.00558	0.00317	0.00356	0.00541	0.00741	0.00986	0.02156	0.82357	0.04375	0.03148	0.00528	0.00162	0.00228	0.01083	0.00357	0.00313
15	0.00472	0.00337	0.00450	0.00540	0.00562	0.00315	0.00360	0.00540	0.00742	0.00990	0.02137	0.86122	0.02564	0.01215	0.00495	0.00157	0.00225	0.01102	0.00360	0.00315
16	0.00876	0.07116	0.51207	0.01020	0.01458	0.04406	0.05007	0.05056	0.12244	0.01291	0.00871	0.04250	0.00681	0.00432	0.00394	0.00123	0.02451	0.00345	0.00217	0.00557
17	0.00848	0.00848	0.01187	0.01018	0.01018	0.01187	0.00848	0.00933	0.00594	0.00933	0.00509	0.00848	0.00509	0.00679	0.01272	0.00170	0.85666	0.00339	0.00170	0.00424
18	0.00477	0.00343	0.00453	0.00540	0.00569	0.00320	0.00366	0.00549	0.00752	0.00997	0.02199	0.80531	0.05510	0.01202	0.00495	0.00157	0.00228	0.03636	0.00360	0.00317
19	0.04237	0.10683	0.09332	0.09930	0.29305	0.19413	0.02273	0.03320	0.00911	0.01163	0.00733	0.02465	0.01437	0.00395	0.00371	0.00112	0.01828	0.00319	0.01253	0.00521
20	0.04628	0.04652	0.78093	0.01065	0.01616	0.00919	0.01364	0.01222	0.00811	0.01240	0.00684	0.00804	0.00488	0.00367	0.00359	0.00121	0.00556	0.00281	0.00167	0.00564
21	0.06715	0.00869	0.00907	0.00725	0.00971	0.02229	0.00590	0.51386	0.01450	0.05635	0.02881	0.01093	0.00803	0.00463	0.00352	0.00110	0.00354	0.00352	0.21552	0.00563
22	0.09708	0.01236	0.07452	0.10562	0.20341	0.23490	0.17464	0.03051	0.00930	0.01215	0.00684	0.00872	0.00540	0.00366	0.00375	0.00117	0.00562	0.00325	0.00200	0.00510
23	0.00516	0.00394	0.00475	0.00460	0.00563	0.00352	0.00345	0.00666	0.01009	0.01356	0.52382	0.05864	0.31178	0.00876	0.00460	0.00127	0.00192	0.02034	0.00401	0.00351
24	0.00556	0.00405	0.00571	0.00571	0.00622	0.00456	0.00420	0.00659	0.00608	0.00861	0.01086	0.01787	0.01084	0.24626	0.63277	0.00559	0.00866	0.00454	0.00215	0.00317
25	0.01036	0.00868	0.00917	0.00803	0.01035	0.00998	0.00631	0.13381	0.71819	0.01737	0.01487	0.01374	0.01110	0.00517	0.00394	0.00129	0.00324	0.00426	0.00394	0.00620
26	0.03466	0.06132	0.07320	0.00852	0.02860	0.04086	0.01513	0.00924	0.00759	0.01076	0.06754	0.05402	0.03726	0.03917	0.03460	0.00171	0.31036	0.13962	0.00241	0.02342
27	0.04296	0.14499	0.09212	0.00929	0.01108	0.10729	0.03769	0.03709	0.00789	0.05263	0.00684	0.03931	0.00612	0.00570	0.01839	0.00142	0.36910	0.00334	0.00206	0.00471
28	0.01036	0.86609	0.02032	0.00663	0.00995	0.01534	0.00663	0.01161	0.00788	0.00912	0.00539	0.00622	0.00498	0.00332	0.00249	0.00083	0.00415	0.00207	0.00166	0.00498
29	0.00492	0.00360	0.00468	0.00546	0.00581	0.00344	0.00370	0.00600	0.03730	0.01012	0.02150	0.77392	0.05509	0.01233	0.03062	0.00170	0.00252	0.01047	0.00356	0.00327
30	0.05238	0.02266	0.07966	0.28983	0.18443	0.03690	0.06257	0.07024	0.04918	0.04918	0.03807	0.01053	0.00710	0.00410	0.00405	0.00123	0.02684	0.00355	0.00230	0.00519
31	0.00804	0.00689	0.00804	0.00574	0.00919	0.00517	0.00459	0.00976	0.00804	0.01263	0.00689	0.00804	0.00574	0.00287	0.00287	0.00057	0.00287	0.00230	0.00230	0.88745
32	0.00465	0.00393	0.00402	0.00400	0.00528	0.00330	0.00300	0.00569	0.00899	0.01084	0.09687	0.03671	0.78017	0.00968	0.00458	0.00130	0.00195	0.00810	0.00365	0.00330
33	0.09641	0.02316	0.08508	0.11556	0.49832	0.02874	0.03196	0.01161	0.00833	0.01248	0.00688	0.00909	0.00563	0.00371	0.00412	0.00120	0.04704	0.00325	0.00191	0.00553
34	0.03214	0.13064	0.37770	0.01083	0.08687	0.03639	0.05641	0.04028	0.05114	0.05561	0.00904	0.03931	0.02859	0.00430	0.00385	0.00119	0.02459	0.00347	0.00220	0.00546
35	0.00732	0.00689	0.01163	0.85444	0.02670	0.00861	0.01077	0.00991	0.00775	0.00991	0.00689	0.01034	0.00517	0.00388	0.00388	0.00129	0.00517	0.00345	0.00172	0.00431
36	0.00472	0.00337	0.00450	0.00540	0.00562	0.00315	0.00360	0.00540	0.00742	0.00990	0.02137	0.86122	0.02564	0.01215	0.00495	0.00157	0.00225	0.01102	0.00360	0.00315
37	0.01012	0.46862	0.09174	0.00800	0.04064	0.07427	0.02033	0.06452	0.02876	0.03323	0.03547	0.05281	0.04789	0.00449	0.00321	0.00101	0.00424	0.00337	0.00225	0.00501
38	0.00803	0.01973	0.80423	0.01107	0.01666	0.02200	0.02509	0.02748	0.00843	0.01246	0.00700	0.00822	0.00496	0.00370	0.00370	0.00122	0.00573	0.00289	0.00169	0.00572
39	0.00464	0.00393	0.00401	0.00399	0.00527	0.00330	0.00299	0.00568	0.00898	0.01081	0.09282	0.03675	0.78424	0.00969	0.00458	0.00130	0.00195	0.00810	0.00364	0.00330
40	0.02494	0.01100	0.12222	0.13503	0.16545	0.03814	0.07692	0.29018	0.01201	0.05089	0.03029	0.01002	0.00686	0.00414	0.00389	0.00120	0.00481	0.00354	0.00272	0.00577
41	0.04644	0.17842	0.19370	0.03929	0.18554	0.03707	0.08041	0.02992	0.08520	0.07603	0.00821	0.00923	0.00628	0.00379	0.00355	0.00114	0.00470	0.00319	0.00228	0.00560
42	0.00495	0.00447	0.00419	0.00415	0.00549	0.03493	0.00312	0.00594	0.00892	0.01044	0.03803	0.03617	0.80679	0.00960	0.00454	0.00130	0.00215	0.00797	0.00354	0.00332
43	0.00504	0.00389	0.00460	0.00453	0.00555	0.00345	0.00336	0.00642	0.00977	0.01294	0.43390	0.10823	0.36616	0.00909	0.00461	0.00129	0.00192	0.00786	0.00393	0.00345
44	0.01020	0.11647	0.21174	0.01123	0.14738	0.09309	0.03319	0.09205	0.03825	0.07316	0.02882	0.04546	0.05513	0.00470	0.00392	0.00117	0.02230	0.00380	0.00251	0.00541
45	0.02746	0.05003	0.07049	0.06435	0.18668	0.14294	0.18504	0.13044	0.03256	0.04359	0.00780	0.00930	0.00600	0.00388	0.00404	0.00118	0.02291	0.00346	0.00234	0.00550
46	0.01293	0.13085	0.03146	0.00937	0.04024	0.24876	0.03225	0.28849	0.04639	0.05909	0.00859	0.03093	0.00681	0.00518	0.03058	0.00126	0.00518	0.00330	0.00285	0.00549
47	0.04855	0.02144	0.15911	0.01870	0.05319	0.09841	0.04208	0.26627	0.03510	0.08267	0.03331	0.01053	0.00762	0.01610	0.02345	0.00130	0.00465	0.00345	0.06852	0.00554

[dist]
# distance from previous block
# <min> <max>
1	71

[block]
# block no. 3 follows, 70 sequences, length 55
# corresponding to MSA columns:
# 338-392
name=unknown_D
#
# <colnr> <probs for GDERKNQSTAVLIFYWHMCP>
#	G	D	E	R	K	N	Q	S	T	A	V	L	I	F	Y	W	H	M	C	P
0	0.01035	0.07211	0.04587	0.06782	0.29361	0.10075	0.02120	0.15258	0.01019	0.01345	0.03211	0.04339	0.00759	0.01995	0.00497	0.00125	0.09142	0.00369	0.00235	0.00536
1	0.01998	0.03336	0.05282	0.02739	0.03546	0.08341	0.08280	0.06198	0.00953	0.09365	0.03946	0.05996	0.22303	0.03572	0.00451	0.00123	0.00376	0.00504	0.00296	0.12395
2	0.00773	0.04041	0.60292	0.01034	0.03887	0.00859	0.03159	0.01221	0.08261	0.01233	0.01111	0.03087	0.08452	0.00457	0.00381	0.00124	0.00500	0.00372	0.00209	0.00546
3	0.00749	0.01652	0.62901	0.01050	0.01529	0.00819	0.08971	0.01139	0.00862	0.01256	0.10122	0.01221	0.05138	0.00443	0.00391	0.00124	0.00518	0.00376	0.00206	0.00532
4	0.00873	0.26596	0.08986	0.00700	0.00933	0.07683	0.00636	0.07503	0.04377	0.01160	0.06481	0.08775	0.13727	0.02979	0.03159	0.00138	0.04117	0.00463	0.00262	0.00453
5	0.00845	0.00722	0.03175	0.03903	0.03824	0.07758	0.04974	0.07076	0.08201	0.07337	0.01513	0.38579	0.01568	0.03720	0.00509	0.00146	0.02504	0.00694	0.02513	0.00438
6	0.00476	0.00343	0.00454	0.00535	0.00565	0.00321	0.00361	0.00549	0.00753	0.01003	0.04146	0.78946	0.05479	0.01240	0.02679	0.00168	0.00244	0.01064	0.00358	0.00317
7	0.00476	0.00349	0.00446	0.00516	0.00558	0.00320	0.00351	0.00555	0.00786	0.01036	0.07959	0.68823	0.14095	0.01153	0.00487	0.00151	0.00218	0.01035	0.00364	0.00320
8	0.00837	0.00978	0.12415	0.41936	0.25266	0.02976	0.04138	0.01148	0.04423	0.01136	0.00741	0.00994	0.00572	0.00377	0.00386	0.00124	0.00509	0.00343	0.00188	0.00513
9	0.01319	0.02145	0.01013	0.10302	0.03103	0.28074	0.00703	0.04792	0.05894	0.26815	0.01088	0.01147	0.03171	0.02925	0.01768	0.00132	0.04427	0.00353	0.00306	0.00523
10	0.00951	0.00972	0.05467	0.02320	0.80088	0.00920	0.01201	0.01192	0.00880	0.01265	0.00728	0.00953	0.00608	0.00346	0.00383	0.00115	0.00466	0.00343	0.00191	0.00612
11	0.00474	0.00343	0.00451	0.00533	0.00563	0.00320	0.00359	0.00545	0.00748	0.00991	0.02221	0.78737	0.07642	0.01244	0.02679	0.00168	0.00244	0.01066	0.00356	0.00316
12	0.01037	0.15199	0.06591	0.03283	0.23306	0.16357	0.13640	0.03969	0.01999	0.02645	0.00901	0.01040	0.05617	0.00407	0.00391	0.00113	0.02419	0.00350	0.00212	0.00525
13	0.00809	0.00883	0.08570	0.09369	0.19353	0.02742	0.07946	0.02383	0.02837	0.01191	0.12139	0.02828	0.05360	0.03297	0.01440	0.00145	0.17555	0.00442	0.00237	0.00476
14	0.00843	0.00409	0.00435	0.00407	0.00524	0.00402	0.00312	0.02946	0.00867	0.09818	0.01283	0.01420	0.00982	0.00455	0.00286	0.00094	0.00202	0.00364	0.77552	0.00399
15	0.00678	0.00854	0.16193	0.00972	0.06864	0.01825	0.15131	0.00895	0.00817	0.01117	0.05251	0.18485	0.08792	0.03518	0.12270	0.00211	0.00508	0.04930	0.00259	0.00429
16	0.02640	0.20490	0.09859	0.03063	0.06736	0.12028	0.14406	0.07384	0.07339	0.03161	0.00906	0.03858	0.02580	0.00438	0.00384	0.00115	0.02219	0.01641	0.00234	0.00519
17	0.05790	0.01343	0.44432	0.01763	0.02664	0.00777	0.02428	0.07515	0.03180	0.03198	0.06574	0.14416	0.03168	0.00557	0.00394	0.00128	0.00442	0.00467	0.00253	0.00512
18	0.00542	0.00399	0.00575	0.00589	0.00644	0.00447	0.00439	0.00655	0.00635	0.00898	0.01228	0.14773	0.01264	0.11481	0.62963	0.00525	0.00842	0.00538	0.00234	0.00330
19	0.01116	0.08225	0.08784	0.04297	0.18112	0.26601	0.08981	0.07174	0.02487	0.02375	0.00732	0.02386	0.00603	0.00433	0.01172	0.00119	0.05341	0.00327	0.00213	0.00521
20	0.01931	0.02199	0.36342	0.07391	0.04831	0.04269	0.06384	0.04810	0.03286	0.02312	0.03512	0.01145	0.01585	0.05779	0.08681	0.00188	0.04284	0.00360	0.00210	0.00501
21	0.00507	0.00381	0.00473	0.00515	0.00584	0.00352	0.00371	0.00636	0.02816	0.01142	0.18733	0.43661	0.20712	0.01053	0.00480	0.00145	0.00221	0.06506	0.00374	0.00338
22	0.00790	0.01596	0.58839	0.01118	0.05955	0.00829	0.06128	0.01161	0.00844	0.03377	0.04839	0.04967	0.00851	0.00469	0.00414	0.00128	0.02395	0.04556	0.00207	0.00538
23	0.02132	0.23919	0.10259	0.00990	0.08936	0.13864	0.00819	0.23108	0.01149	0.08856	0.00776	0.00835	0.00592	0.00402	0.00355	0.00107	0.01783	0.00291	0.00262	0.00565
24	0.01128	0.01064	0.03348	0.03145	0.43602	0.12837	0.02626	0.12639	0.05520	0.06589	0.03176	0.01022	0.00737	0.00401	0.00384	0.00115	0.00473	0.00351	0.00255	0.00587
25	0.00531	0.00398	0.00474	0.00500	0.00564	0.00381	0.00345	0.00658	0.05026	0.01021	0.07045	0.32810	0.20700	0.19621	0.04764	0.00216	0.00295	0.02841	0.00330	0.01479
26	0.01010	0.04000	0.36514	0.05380	0.17660	0.13224	0.01120	0.08476	0.00977	0.04555	0.03028	0.00920	0.00639	0.00393	0.00371	0.00116	0.00529	0.00314	0.00215	0.00559
27	0.02408	0.07248	0.17704	0.03098	0.16414	0.16110	0.04041	0.06239	0.11191	0.04286	0.02999	0.00978	0.00716	0.00421	0.00411	0.00118	0.04502	0.00331	0.00239	0.00546
28	0.00503	0.00400	0.00454	0.00457	0.00564	0.00357	0.00339	0.00651	0.03198	0.01201	0.26040	0.14079	0.46674	0.00948	0.00463	0.00133	0.00203	0.02613	0.00380	0.00345
29	0.01003	0.21985	0.01170	0.00666	0.00980	0.02382	0.00569	0.15914	0.00997	0.03458	0.00864	0.00932	0.04491	0.00379	0.00331	0.00083	0.02325	0.00280	0.00253	0.40938
30	0.00997	0.05291	0.06136	0.00897	0.09309	0.04160	0.02818	0.10801	0.02238	0.07322	0.01452	0.03451	0.00695	0.00388	0.00365	0.00092	0.02910	0.00312	0.00259	0.40107
31	0.03443	0.41262	0.12693	0.02650	0.03979	0.07621	0.03009	0.14469	0.01718	0.03646	0.00686	0.00770	0.00550	0.00375	0.00322	0.00102	0.01155	0.00268	0.00749	0.00536
32	0.00509	0.00369	0.00477	0.00536	0.00584	0.00346	0.00374	0.02246	0.00831	0.01113	0.14341	0.63751	0.07881	0.01117	0.00486	0.00150	0.00226	0.03960	0.00370	0.00332
33	0.05103	0.01280	0.25827	0.01263	0.08789	0.05188	0.25085	0.07161	0.05525	0.04242	0.00895	0.03312	0.00713	0.00423	0.00402	0.00126	0.00530	0.03356	0.00233	0.00545
34	0.01631	0.01762	0.02558	0.02178	0.05920	0.03797	0.03582	0.24168	0.03771	0.05084	0.04876	0.01130	0.04607	0.00422	0.00356	0.00096	0.00368	0.00344	0.00298	0.33050
35	0.00602	0.00484	0.00552	0.00541	0.00656	0.00481	0.00399	0.01545	0.16126	0.01215	0.13645	0.22420	0.27658	0.04056	0.02849	0.00156	0.01611	0.00745	0.01109	0.03151
36	0.00583	0.00431	0.00571	0.00607	0.00686	0.00441	0.00474	0.02616	0.03682	0.01113	0.07848	0.22608	0.08902	0.04052	0.19749	0.00270	0.00455	0.24229	0.00327	0.00355
37	0.04310	0.12769	0.26486	0.03131	0.01381	0.22998	0.07879	0.02580	0.02745	0.04841	0.00698	0.00819	0.00541	0.00401	0.00420	0.00116	0.06877	0.00292	0.00202	0.00512
38	0.00963	0.05564	0.16773	0.10482	0.38513	0.02926	0.06689	0.06514	0.02289	0.03094	0.00751	0.00936	0.00589	0.00373	0.00394	0.00118	0.01919	0.00335	0.00206	0.00572
39	0.00476	0.00340	0.00453	0.00537	0.00563	0.00317	0.00360	0.00549	0.00759	0.01016	0.05974	0.82209	0.02616	0.01195	0.00493	0.00156	0.00223	0.01083	0.00363	0.00317
40	0.00508	0.00384	0.00457	0.00467	0.00539	0.00364	0.00328	0.00596	0.00778	0.01011	0.11895	0.15745	0.31675	0.20007	0.13260	0.00260	0.00363	0.00733	0.00318	0.00312
41	0.05547	0.05874	0.05892	0.01927	0.04916	0.02571	0.18029	0.23852	0.14070	0.05412	0.00947	0.02190	0.00721	0.00445	0.00443	0.00124	0.05800	0.00377	0.00292	0.00570
42	0.00482	0.00386	0.00430	0.00458	0.00551	0.00342	0.00329	0.00593	0.02690	0.01041	0.04006	0.30043	0.50759	0.03552	0.00515	0.00148	0.00217	0.02774	0.00358	0.00328
43	0.00770	0.00728	0.01231	0.71556	0.16260	0.00871	0.01096	0.01024	0.00793	0.01037	0.00696	0.01021	0.00533	0.00381	0.00387	0.00127	0.00507	0.00345	0.00176	0.00461
44	0.00797	0.00768	0.01245	0.53669	0.19646	0.03323	0.03728	0.01033	0.00795	0.01048	0.00719	0.01040	0.00573	0.00576	0.06792	0.00164	0.03085	0.00351	0.00181	0.00467
45	0.17693	0.04318	0.14678	0.06697	0.08735	0.10594	0.10232	0.11490	0.03940	0.05822	0.01840	0.00905	0.00614	0.00393	0.00356	0.00118	0.00480	0.00318	0.00246	0.00530
46	0.00475	0.00355	0.00443	0.00511	0.00562	0.00323	0.00354	0.00553	0.00782	0.01010	0.02562	0.63391	0.22000	0.01154	0.00488	0.00152	0.00223	0.03985	0.00360	0.00319
47	0.00499	0.00359	0.00457	0.00520	0.00558	0.00337	0.00356	0.00573	0.00758	0.01001	0.05968	0.56541	0.10079	0.13184	0.00701	0.00186	0.00252	0.07017	0.00345	0.00310
48	0.04985	0.02777	0.05179	0.04017	0.01251	0.18945	0.02960	0.43110	0.02667	0.06532	0.00889	0.00996	0.00668	0.00453	0.00376	0.00116	0.00486	0.02700	0.00318	0.00576
49	0.00574	0.00403	0.00514	0.00540	0.00614	0.00393	0.00390	0.00732	0.05067	0.04010	0.15457	0.40006	0.11082	0.03765	0.10244	0.00205	0.00324	0.02996	0.02328	0.00355
50	0.05509	0.00544	0.00670	0.02924	0.00811	0.00520	0.00470	0.02476	0.07722	0.27435	0.15840	0.14726	0.14526	0.01878	0.00444	0.00133	0.00273	0.02226	0.00399	0.00472
51	0.01201	0.00806	0.02575	0.00740	0.00993	0.00826	0.00603	0.19257	0.31507	0.22878	0.03542	0.01587	0.10618	0.00557	0.00400	0.00125	0.00328	0.00453	0.00407	0.00596
52	0.02429	0.08818	0.06420	0.10619	0.05660	0.11198	0.00787	0.25887	0.05024	0.04671	0.00940	0.04915	0.02396	0.00490	0.00994	0.00120	0.03959	0.00363	0.00279	0.04033
53	0.01131	0.07664	0.02222	0.00823	0.03523	0.09714	0.03515	0.13904	0.09608	0.13833	0.00987	0.02072	0.00783	0.05411	0.04698	0.00147	0.03401	0.00349	0.00296	0.15921
54	0.02326	0.16773	0.03817	0.04787	0.36320	0.08099	0.02411	0.10092	0.00981	0.03916	0.00889	0.01021	0.04889	0.00405	0.00372	0.00111	0.01675	0.00336	0.00226	0.00555

[dist]
# distance from previous block
# <min> <max>
2	50

[block]
# block no. 4 follows, 70 sequences, length 13
# corresponding to MSA columns:
# 443-455
name=unknown_E
#
# <colnr> <probs for GDERKNQSTAVLIFYWHMCP>
#	G	D	E	R	K	N	Q	S	T	A	V	L	I	F	Y	W	H	M	C	P
0	0.02331	0.10307	0.13394	0.01071	0.13657	0.05826	0.04349	0.12058	0.07573	0.11454	0.02057	0.05260	0.03044	0.00546	0.03191	0.00133	0.00453	0.00386	0.00280	0.02630
1	0.00940	0.06747	0.14170	0.08385	0.30076	0.03692	0.07401	0.05941	0.02189	0.04493	0.03429	0.01206	0.03024	0.04918	0.00468	0.00132	0.00472	0.01553	0.00227	0.00538
2	0.00563	0.00398	0.00497	0.00534	0.00599	0.00377	0.00373	0.03315	0.02912	0.03393	0.12834	0.55533	0.12004	0.04095	0.00529	0.00154	0.00233	0.00937	0.00369	0.00348
3	0.00975	0.07986	0.15778	0.02186	0.20955	0.08320	0.05270	0.07275	0.03973	0.05131	0.01054	0.07817	0.05269	0.00499	0.00440	0.00122	0.05764	0.00413	0.00242	0.00531
4	0.03713	0.04894	0.12487	0.03323	0.09350	0.02353	0.12508	0.06364	0.00924	0.09675	0.06328	0.04808	0.00909	0.02551	0.00465	0.00121	0.05141	0.00390	0.00258	0.13437
5	0.00505	0.00356	0.00450	0.00511	0.00548	0.00338	0.00347	0.00579	0.00734	0.00988	0.02076	0.56950	0.09466	0.12436	0.04581	0.00203	0.00282	0.03383	0.04958	0.00311
6	0.01011	0.01151	0.17174	0.07998	0.31809	0.03730	0.10325	0.11921	0.03320	0.04934	0.00833	0.02566	0.00650	0.00396	0.00392	0.00121	0.00497	0.00363	0.00233	0.00579
7	0.06694	0.05954	0.07314	0.03600	0.19320	0.09268	0.08556	0.09539	0.06840	0.13728	0.00959	0.04877	0.00755	0.00437	0.00377	0.00118	0.00455	0.00374	0.00277	0.00560
8	0.00878	0.08714	0.32215	0.06899	0.12665	0.02674	0.13287	0.03088	0.00863	0.02866	0.00800	0.01066	0.00641	0.00484	0.03215	0.00138	0.02320	0.03586	0.03071	0.00530
9	0.00479	0.00346	0.00450	0.00523	0.00557	0.00321	0.00353	0.00554	0.00771	0.01025	0.07647	0.72840	0.08103	0.03400	0.00529	0.00159	0.00224	0.01042	0.00361	0.00317
10	0.01020	0.00973	0.05141	0.07533	0.26920	0.10273	0.05150	0.03377	0.11578	0.08976	0.04192	0.03153	0.02605	0.02566	0.00476	0.00129	0.04733	0.00400	0.00264	0.00540
11	0.00944	0.11929	0.35418	0.06433	0.15950	0.04634	0.06544	0.03951	0.02425	0.05282	0.00815	0.00942	0.02272	0.00384	0.00367	0.00116	0.00512	0.00321	0.00204	0.00556
12	0.00525	0.00387	0.00442	0.00455	0.00554	0.00343	0.00334	0.00633	0.00876	0.03001	0.14584	0.21479	0.43660	0.03317	0.00500	0.00142	0.00213	0.03527	0.04691	0.00338

[dist]
# distance from previous block
# <min> <max>
12	25

[block]
# block no. 5 follows, 70 sequences, length 23
# corresponding to MSA columns:
# 486-508
name=unknown_F
#
# <colnr> <probs for GDERKNQSTAVLIFYWHMCP>
#	G	D	E	R	K	N	Q	S	T	A	V	L	I	F	Y	W	H	M	C	P
0	0.02877	0.06892	0.15756	0.06836	0.23921	0.06442	0.03864	0.17451	0.02958	0.04684	0.00793	0.00922	0.00607	0.00430	0.01795	0.00123	0.00490	0.00324	0.00242	0.02595
1	0.59438	0.00776	0.00670	0.00583	0.00817	0.02765	0.00472	0.11888	0.02769	0.06317	0.00938	0.05024	0.05274	0.00461	0.00298	0.00122	0.00318	0.00322	0.00288	0.00460
2	0.00958	0.01061	0.09882	0.02861	0.04746	0.02291	0.55095	0.02444	0.00915	0.08124	0.00881	0.02943	0.00684	0.03012	0.02170	0.00146	0.00597	0.00441	0.00224	0.00525
3	0.22439	0.01005	0.00903	0.02501	0.01038	0.18991	0.02394	0.17749	0.01858	0.08288	0.01784	0.02017	0.00815	0.01291	0.00372	0.00120	0.00431	0.09291	0.00295	0.06419
4	0.01876	0.00446	0.00625	0.00567	0.00685	0.00409	0.05868	0.00766	0.00995	0.04828	0.49639	0.15374	0.14761	0.00833	0.00457	0.00129	0.00231	0.00742	0.00391	0.00376
5	0.00540	0.00368	0.00476	0.00527	0.00580	0.00340	0.00367	0.00629	0.00810	0.04294	0.12399	0.57890	0.09734	0.05376	0.00558	0.00161	0.00234	0.04017	0.00367	0.00333
6	0.01313	0.06061	0.01212	0.04476	0.16111	0.52130	0.00814	0.03888	0.01042	0.06621	0.00708	0.00840	0.00574	0.02112	0.00388	0.00110	0.00594	0.00287	0.00221	0.00497
7	0.73478	0.00738	0.00627	0.00573	0.02568	0.00833	0.00453	0.01237	0.03919	0.09143	0.00693	0.00753	0.00518	0.00379	0.00263	0.00119	0.00303	0.00242	0.02705	0.00452
8	0.00505	0.00365	0.00511	0.00568	0.00609	0.00342	0.03367	0.00590	0.00753	0.01029	0.02029	0.77332	0.02386	0.01131	0.00478	0.00152	0.00238	0.01029	0.06259	0.00326
9	0.00520	0.00410	0.01330	0.00511	0.00585	0.00378	0.00364	0.01835	0.03778	0.01057	0.06679	0.41824	0.25066	0.08302	0.05336	0.00191	0.00283	0.00875	0.00344	0.00335
10	0.00987	0.69152	0.13425	0.00728	0.01080	0.01391	0.00764	0.02763	0.00805	0.00986	0.00592	0.00697	0.00522	0.00458	0.04165	0.00114	0.00466	0.00231	0.00172	0.00504
11	0.03105	0.65780	0.13893	0.00750	0.01104	0.07822	0.00776	0.01200	0.00813	0.00980	0.00566	0.00657	0.00495	0.00343	0.00274	0.00091	0.00457	0.00222	0.00170	0.00503
12	0.00705	0.00363	0.00363	0.00363	0.00456	0.00359	0.00273	0.00880	0.00818	0.01419	0.01443	0.01598	0.06540	0.00487	0.00284	0.00093	0.00182	0.00392	0.82622	0.00359
13	0.01025	0.01079	0.01087	0.04972	0.02769	0.23659	0.00780	0.06841	0.03423	0.01078	0.00731	0.01814	0.00680	0.03772	0.02515	0.00160	0.38891	0.04067	0.00214	0.00445
14	0.01103	0.32576	0.04378	0.00782	0.01024	0.33986	0.00671	0.01258	0.02866	0.01015	0.05476	0.00985	0.03285	0.00557	0.04982	0.00126	0.00535	0.00296	0.03641	0.00458
15	0.00552	0.00451	0.00505	0.00567	0.00610	0.05992	0.00391	0.00629	0.00769	0.00990	0.03654	0.64613	0.05517	0.05593	0.04483	0.00185	0.00305	0.03534	0.00337	0.00324
16	0.00481	0.00375	0.00435	0.00464	0.00549	0.00332	0.00333	0.00580	0.00859	0.01094	0.14082	0.32055	0.41754	0.02482	0.00498	0.00144	0.00211	0.02581	0.00367	0.00327
17	0.07517	0.01413	0.02917	0.02823	0.13111	0.45747	0.04998	0.05925	0.02832	0.05839	0.00724	0.00836	0.00571	0.00433	0.01534	0.00117	0.01636	0.00295	0.00230	0.00502
18	0.01036	0.86609	0.02032	0.00663	0.00995	0.01534	0.00663	0.01161	0.00788	0.00912	0.00539	0.00622	0.00498	0.00332	0.00249	0.00083	0.00415	0.00207	0.00166	0.00498
19	0.00513	0.00359	0.00452	0.00510	0.00551	0.00333	0.00343	0.00580	0.00752	0.02631	0.03607	0.59109	0.12954	0.13026	0.00694	0.00183	0.00246	0.02496	0.00346	0.00314
20	0.02704	0.00969	0.10751	0.00912	0.04572	0.05809	0.06407	0.22524	0.07319	0.01515	0.04240	0.16106	0.05808	0.01525	0.00467	0.00134	0.03761	0.03666	0.00310	0.00503
21	0.01026	0.00692	0.00830	0.00723	0.00851	0.06260	0.00575	0.01132	0.00859	0.25556	0.04600	0.09921	0.13067	0.05644	0.00753	0.00154	0.24441	0.02133	0.00326	0.00456
22	0.07794	0.06785	0.07036	0.02877	0.02825	0.07157	0.28268	0.10199	0.02698	0.01307	0.00702	0.00898	0.00559	0.00434	0.00575	0.00130	0.18680	0.00354	0.00215	0.00507

[dist]
# distance from previous block
# <min> <max>
3	28

[block]
# block no. 6 follows, 70 sequences, length 54
# corresponding to MSA columns:
# 538-591
name=unknown_G
#
# <colnr> <probs for GDERKNQSTAVLIFYWHMCP>
#	G	D	E	R	K	N	Q	S	T	A	V	L	I	F	Y	W	H	M	C	P
0	0.00603	0.00560	0.05509	0.00574	0.00686	0.04668	0.00451	0.00761	0.03231	0.03199	0.21010	0.36817	0.16069	0.00981	0.02107	0.00147	0.00277	0.01624	0.00356	0.00369
1	0.01053	0.45199	0.01500	0.00827	0.08068	0.10542	0.00660	0.02732	0.00890	0.07500	0.05775	0.02640	0.02489	0.03716	0.00382	0.00109	0.00417	0.02848	0.00233	0.02420
2	0.00997	0.02615	0.06513	0.03601	0.12433	0.04062	0.01931	0.12192	0.04642	0.05732	0.00817	0.01586	0.00643	0.00362	0.00338	0.00090	0.00382	0.00297	0.00258	0.40508
3	0.12849	0.05404	0.07177	0.03274	0.16722	0.06325	0.06355	0.10202	0.05566	0.04340	0.00889	0.01218	0.00757	0.06299	0.02829	0.00154	0.04141	0.04739	0.00250	0.00509
4	0.00512	0.00370	0.00478	0.00536	0.00574	0.00360	0.00365	0.02361	0.00743	0.00991	0.02007	0.61207	0.07312	0.10040	0.09994	0.00229	0.00333	0.00937	0.00331	0.00319
5	0.02423	0.08374	0.09642	0.02999	0.23797	0.02469	0.26613	0.01214	0.03584	0.04521	0.00858	0.06225	0.00725	0.00423	0.00439	0.00124	0.04406	0.00410	0.00216	0.00537
6	0.03649	0.05808	0.02673	0.02407	0.06866	0.02564	0.06664	0.16068	0.01014	0.05451	0.00813	0.03667	0.00663	0.00384	0.00355	0.00093	0.01861	0.00316	0.00263	0.38423
7	0.00507	0.00386	0.00443	0.00460	0.00559	0.00338	0.00336	0.00613	0.00883	0.02929	0.15112	0.25180	0.46884	0.01006	0.00468	0.00137	0.00209	0.02839	0.00372	0.00338
8	0.00551	0.00412	0.00604	0.00604	0.00672	0.00473	0.00464	0.00681	0.00628	0.00896	0.01139	0.01650	0.03584	0.07639	0.77445	0.00593	0.00974	0.00436	0.00214	0.00339
9	0.03368	0.22648	0.18480	0.02114	0.07549	0.15065	0.04623	0.05532	0.02963	0.02617	0.00714	0.02558	0.00595	0.00467	0.01589	0.02290	0.05810	0.00303	0.00204	0.00508
