[name]
unknown

[dist]
# distance from previous block
# <min> <max>
0	38

[block]
# block no. 0 follows, 60 sequences, length 22
# corresponding to MSA columns:
# 62-83
name=unknown_A
#
# <colnr> <probs for GDERKNQSTAVLIFYWHMCP>
#	G	D	E	R	K	N	Q	S	T	A	V	L	I	F	Y	W	H	M	C	P
0	0.01139	0.59672	0.19503	0.00868	0.01289	0.04088	0.00932	0.01359	0.00921	0.04151	0.00721	0.00859	0.00615	0.00406	0.00325	0.00107	0.00510	0.01752	0.00205	0.00580
1	0.01263	0.01048	0.11135	0.14492	0.17148	0.00889	0.13680	0.02994	0.01080	0.26073	0.04973	0.01317	0.00936	0.00469	0.00450	0.00138	0.00517	0.00435	0.00325	0.00640
2	0.04092	0.02036	0.10321	0.02507	0.07954	0.03277	0.09965	0.04058	0.05176	0.05416	0.05084	0.09377	0.12572	0.00657	0.00470	0.00136	0.01943	0.03535	0.00317	0.11105
3	0.01042	0.01053	0.03916	0.09481	0.62828	0.02327	0.06376	0.01328	0.02434	0.01388	0.00878	0.03377	0.00745	0.00424	0.00440	0.00134	0.00535	0.00418	0.00223	0.00653
4	0.00537	0.00450	0.00469	0.00469	0.00609	0.00387	0.00350	0.00679	0.02850	0.01235	0.10331	0.08203	0.69745	0.01090	0.00516	0.00148	0.00224	0.00917	0.00412	0.00378
5	0.01148	0.10893	0.11694	0.03821	0.22339	0.08307	0.02779	0.03537	0.04952	0.10318	0.07139	0.04597	0.01069	0.00563	0.01749	0.00141	0.03630	0.00432	0.00289	0.00604
6	0.01134	0.06706	0.06566	0.14111	0.11578	0.14199	0.05101	0.03996	0.06171	0.06346	0.05420	0.01232	0.01936	0.00572	0.02082	0.00149	0.11469	0.00403	0.00266	0.00564
7	0.00625	0.00459	0.00660	0.00660	0.00724	0.00523	0.00495	0.00753	0.00689	0.00983	0.01205	0.01918	0.01179	0.17888	0.68448	0.00651	0.01034	0.00497	0.00239	0.00367
8	0.00950	0.00929	0.01452	0.46624	0.24212	0.05449	0.05320	0.02915	0.00962	0.01249	0.00943	0.02951	0.03246	0.00463	0.00442	0.00140	0.00563	0.00424	0.00219	0.00546
9	0.05864	0.11229	0.07223	0.06232	0.06844	0.10618	0.05141	0.14504	0.10056	0.11973	0.01052	0.01178	0.00806	0.04813	0.00499	0.00144	0.00509	0.00383	0.00318	0.00613
10	0.00561	0.00426	0.00627	0.00680	0.00729	0.00398	0.05101	0.00654	0.00846	0.01130	0.02314	0.79500	0.02754	0.01308	0.00554	0.00175	0.00281	0.01197	0.00394	0.00368
11	0.01133	0.00991	0.01122	0.01029	0.06087	0.06601	0.05603	0.14265	0.38729	0.01838	0.10795	0.01697	0.01454	0.00594	0.00450	0.00140	0.00411	0.02641	0.03794	0.00628
12	0.01342	0.20265	0.12845	0.02435	0.05556	0.09434	0.04918	0.15539	0.07393	0.13391	0.01052	0.01089	0.01917	0.00467	0.00399	0.00125	0.00517	0.00364	0.00312	0.00639
13	0.01046	0.06210	0.07079	0.14050	0.16748	0.04848	0.07326	0.06417	0.14257	0.03800	0.02531	0.05377	0.02828	0.00632	0.03298	0.00158	0.00524	0.01987	0.00292	0.00591
14	0.02145	0.00489	0.00587	0.00554	0.00691	0.00448	0.00418	0.00928	0.04024	0.08553	0.40920	0.10209	0.25093	0.00936	0.00502	0.00143	0.00236	0.00807	0.01883	0.00434
15	0.00649	0.04946	0.06117	0.00656	0.00745	0.03848	0.00498	0.00746	0.00826	0.01080	0.01961	0.57498	0.02297	0.15071	0.00803	0.00208	0.00340	0.00987	0.00348	0.00376
16	0.03392	0.16902	0.09415	0.06677	0.06622	0.09827	0.09695	0.06778	0.13604	0.07188	0.02605	0.03564	0.00885	0.00486	0.00411	0.00130	0.00519	0.00405	0.00293	0.00603
17	0.04382	0.00784	0.03014	0.06732	0.08501	0.05298	0.00686	0.11415	0.02248	0.08820	0.01640	0.36252	0.01697	0.03010	0.00523	0.00159	0.00391	0.01974	0.01967	0.00505
18	0.01024	0.00988	0.01575	0.35943	0.37717	0.04410	0.05319	0.05351	0.01010	0.01349	0.00811	0.01105	0.00641	0.00417	0.00436	0.00136	0.00565	0.00390	0.00219	0.00595
19	0.04385	0.23102	0.11612	0.09452	0.10035	0.06685	0.03558	0.05464	0.04131	0.07073	0.02747	0.01140	0.02263	0.02914	0.00478	0.00135	0.03625	0.00364	0.00258	0.00580
20	0.03779	0.02720	0.08393	0.05205	0.15058	0.22203	0.09285	0.06940	0.03063	0.12795	0.01138	0.05212	0.00925	0.00572	0.00484	0.00155	0.00619	0.00453	0.00334	0.00667
21	0.16335	0.06937	0.11361	0.10852	0.21069	0.08834	0.07404	0.03108	0.00947	0.01424	0.00750	0.00960	0.00601	0.00432	0.00454	0.00134	0.05730	0.00343	0.01754	0.00571

[dist]
# distance from previous block
# <min> <max>
0	3

[block]
# block no. 1 follows, 60 sequences, length 37
# corresponding to MSA columns:
# 87-123
name=unknown_B
#
# <colnr> <probs for GDERKNQSTAVLIFYWHMCP>
#	G	D	E	R	K	N	Q	S	T	A	V	L	I	F	Y	W	H	M	C	P
0	0.01060	0.13426	0.08020	0.00951	0.04799	0.03892	0.03101	0.02307	0.09909	0.02960	0.18822	0.03632	0.19788	0.00871	0.01813	0.00177	0.00444	0.00650	0.02774	0.00606
1	0.00901	0.00747	0.04319	0.00932	0.03972	0.00738	0.00698	0.01050	0.04487	0.02412	0.01455	0.05769	0.02644	0.08874	0.54411	0.00565	0.04608	0.00571	0.00322	0.00525
2	0.01308	0.18001	0.01410	0.00974	0.01245	0.24780	0.03700	0.12637	0.22527	0.01507	0.01083	0.04551	0.00893	0.00527	0.00432	0.00127	0.02998	0.00395	0.00311	0.00594
3	0.00955	0.11292	0.08719	0.01256	0.14609	0.00901	0.14001	0.02117	0.02507	0.05534	0.05774	0.13161	0.04199	0.00684	0.01778	0.01565	0.01827	0.03217	0.00290	0.05612
4	0.02536	0.19697	0.41548	0.01238	0.09579	0.02292	0.03594	0.04823	0.05711	0.03851	0.00845	0.00955	0.00640	0.00421	0.00391	0.00128	0.00560	0.00330	0.00228	0.00634
5	0.01314	0.00888	0.03371	0.01872	0.04587	0.03328	0.00708	0.18762	0.12880	0.23065	0.06085	0.13059	0.01415	0.00836	0.05603	0.00177	0.00444	0.00559	0.00424	0.00624
6	0.00561	0.00395	0.00513	0.00584	0.00609	0.00382	0.00384	0.00628	0.00792	0.01063	0.03669	0.60361	0.02522	0.19125	0.06047	0.00261	0.00345	0.01055	0.00366	0.00339
7	0.04386	0.19270	0.03862	0.03559	0.24262	0.10338	0.02408	0.03860	0.01040	0.11481	0.02312	0.07469	0.02912	0.00518	0.00404	0.00126	0.00488	0.00428	0.00282	0.00595
8	0.00990	0.05324	0.08939	0.01252	0.17569	0.04292	0.05423	0.08047	0.06442	0.05085	0.03716	0.25732	0.02733	0.00742	0.00481	0.00146	0.01548	0.00657	0.00327	0.00558
9	0.01062	0.00894	0.00926	0.00842	0.01056	0.04817	0.00647	0.06602	0.54314	0.03898	0.06752	0.13223	0.01644	0.00707	0.00461	0.00148	0.00353	0.00598	0.00432	0.00622
10	0.01219	0.04560	0.03019	0.02311	0.03943	0.04399	0.00766	0.12221	0.54480	0.05941	0.01514	0.01430	0.01128	0.00552	0.00432	0.00140	0.00403	0.00449	0.00410	0.00682
11	0.01112	0.12955	0.24287	0.07370	0.16769	0.02058	0.10114	0.06004	0.04965	0.07789	0.00959	0.01093	0.01722	0.00434	0.00418	0.00131	0.00552	0.00378	0.00254	0.00634
12	0.00603	0.00503	0.00791	0.00754	0.00858	0.00464	0.11577	0.00731	0.00904	0.01194	0.06552	0.57918	0.13111	0.01167	0.00543	0.00167	0.00314	0.01073	0.00383	0.00392
13	0.00531	0.00381	0.00504	0.00602	0.00631	0.00355	0.00403	0.00608	0.00840	0.01115	0.02465	0.81966	0.05267	0.01358	0.00555	0.00176	0.00252	0.01230	0.00405	0.00355
14	0.01115	0.19776	0.15818	0.02605	0.08847	0.07070	0.10419	0.07843	0.04794	0.04793	0.01102	0.04346	0.02875	0.00557	0.01471	0.00139	0.00542	0.05028	0.00270	0.00590
15	0.00638	0.00460	0.00609	0.02960	0.01732	0.00429	0.01830	0.00735	0.00906	0.03568	0.03895	0.33236	0.26110	0.01193	0.00647	0.08205	0.00299	0.11797	0.00378	0.00374
16	0.01630	0.02050	0.01238	0.01120	0.01348	0.80180	0.00842	0.04389	0.01263	0.01124	0.00687	0.00795	0.00568	0.00452	0.00395	0.00113	0.00776	0.00285	0.00232	0.00514
17	0.02399	0.00795	0.00952	0.00689	0.01062	0.00630	0.02864	0.04421	0.00944	0.01466	0.00807	0.00979	0.00679	0.03120	0.00395	0.00083	0.00345	0.00284	0.00265	0.76821
18	0.00915	0.13817	0.71208	0.01174	0.01780	0.01113	0.01490	0.01371	0.00916	0.01332	0.00758	0.00890	0.00553	0.00409	0.00396	0.00132	0.00620	0.00310	0.00184	0.00633
19	0.00631	0.00461	0.00526	0.00553	0.00574	0.02728	0.00347	0.00670	0.00716	0.00946	0.01639	0.26694	0.01895	0.50431	0.08974	0.00367	0.00450	0.00788	0.00302	0.00309
20	0.01118	0.01221	0.00962	0.00900	0.01062	0.35849	0.00683	0.01401	0.12179	0.01144	0.01049	0.01343	0.00915	0.04426	0.33387	0.00363	0.00865	0.00397	0.00260	0.00477
21	0.01338	0.00872	0.00990	0.00845	0.01116	0.00939	0.00670	0.05877	0.50900	0.24758	0.05514	0.01637	0.01364	0.00588	0.00445	0.00143	0.00352	0.00487	0.00472	0.00694
22	0.02332	0.00587	0.00688	0.00621	0.00791	0.00565	0.00490	0.12021	0.01254	0.07741	0.34505	0.03177	0.25169	0.00892	0.00501	0.00144	0.00280	0.07323	0.00447	0.00470
23	0.00739	0.00391	0.00587	0.00587	0.00598	0.00402	0.00402	0.00598	0.00587	0.00793	0.00815	0.01380	0.00804	0.01761	0.13065	0.75200	0.00489	0.00391	0.00196	0.00217
24	0.01629	0.02079	0.01236	0.01124	0.01348	0.82921	0.00843	0.01742	0.01236	0.01067	0.00674	0.00787	0.00562	0.00449	0.00393	0.00112	0.00787	0.00281	0.00225	0.00506
25	0.00607	0.00445	0.00628	0.00650	0.00709	0.00487	0.00480	0.00727	0.00731	0.01020	0.01522	0.17970	0.02912	0.14102	0.52128	0.00538	0.00851	0.02851	0.00279	0.00365
26	0.00824	0.00775	0.01308	0.83624	0.03004	0.00969	0.01211	0.01114	0.00872	0.01114	0.00775	0.01163	0.00581	0.00436	0.00436	0.00145	0.00581	0.00388	0.00194	0.00484
27	0.00840	0.00791	0.01337	0.78575	0.07928	0.00973	0.01219	0.01128	0.00880	0.01134	0.00778	0.01158	0.00588	0.00433	0.00436	0.00144	0.00577	0.00388	0.00195	0.00497
28	0.01086	0.46037	0.27123	0.00947	0.01383	0.02683	0.02428	0.06149	0.00981	0.01274	0.03372	0.00891	0.00688	0.00425	0.00378	0.00115	0.02939	0.00299	0.00212	0.00590
29	0.00649	0.00499	0.00539	0.00523	0.00674	0.00451	0.00393	0.02336	0.06662	0.04738	0.10835	0.11365	0.56680	0.01039	0.00509	0.00148	0.00243	0.00878	0.00421	0.00416
30	0.00534	0.00425	0.00467	0.00495	0.00597	0.00372	0.00352	0.00627	0.00921	0.01134	0.03578	0.25205	0.52385	0.08579	0.00679	0.00181	0.00251	0.02472	0.00392	0.00356
31	0.02656	0.01881	0.06253	0.01156	0.17392	0.03275	0.00783	0.09350	0.12672	0.06235	0.09286	0.18070	0.07677	0.00739	0.00466	0.00144	0.00388	0.00641	0.00366	0.00567
32	0.02473	0.06781	0.07371	0.02481	0.09315	0.20503	0.03840	0.09688	0.07129	0.13797	0.00994	0.02234	0.00766	0.00513	0.00532	0.00135	0.10157	0.00378	0.00303	0.00609
33	0.05761	0.00577	0.00664	0.04788	0.03366	0.04982	0.00504	0.00815	0.00858	0.02860	0.03231	0.43020	0.10092	0.10234	0.03825	0.00210	0.02587	0.00887	0.00347	0.00392
34	0.05901	0.03331	0.02369	0.07882	0.16425	0.07258	0.00761	0.05804	0.01980	0.03436	0.06291	0.08040	0.03700	0.12356	0.09413	0.00237	0.02171	0.01863	0.00289	0.00494
35	0.06840	0.09299	0.08580	0.00915	0.05220	0.06110	0.03853	0.11026	0.03061	0.04999	0.01113	0.05171	0.01037	0.18224	0.06422	0.00229	0.00523	0.02539	0.00289	0.04549
36	0.02395	0.02534	0.14504	0.01540	0.21142	0.04330	0.16194	0.07192	0.11604	0.05170	0.01107	0.01226	0.03306	0.00453	0.00437	0.00133	0.00535	0.00419	0.00281	0.05500

[dist]
# distance from previous block
# <min> <max>
1	18

[block]
# block no. 2 follows, 60 sequences, length 34
# corresponding to MSA columns:
# 142-175
name=unknown_C
#
# <colnr> <probs for GDERKNQSTAVLIFYWHMCP>
#	G	D	E	R	K	N	Q	S	T	A	V	L	I	F	Y	W	H	M	C	P
0	0.03868	0.20515	0.18760	0.01378	0.18924	0.03136	0.08088	0.04866	0.04123	0.06351	0.02278	0.01071	0.00750	0.02421	0.00438	0.00132	0.00525	0.00361	0.00249	0.01764
1	0.00782	0.04819	0.05934	0.00642	0.00789	0.00604	0.02499	0.03235	0.03634	0.05919	0.07826	0.09870	0.16552	0.32197	0.01146	0.00249	0.01878	0.00682	0.00335	0.00410
2	0.00650	0.00396	0.00531	0.00558	0.00589	0.00379	0.00377	0.00610	0.00735	0.00966	0.05421	0.23311	0.11689	0.09020	0.01232	0.40379	0.00323	0.02262	0.00296	0.00275
3	0.04720	0.25633	0.23356	0.01036	0.03012	0.22234	0.02876	0.01445	0.03991	0.01242	0.03256	0.02729	0.00748	0.00456	0.00387	0.00120	0.01642	0.00330	0.00224	0.00563
4	0.07873	0.17845	0.10710	0.08152	0.13819	0.13240	0.11605	0.04948	0.01027	0.04397	0.00781	0.00947	0.00616	0.00418	0.00410	0.00126	0.01928	0.00342	0.00232	0.00586
5	0.00946	0.22415	0.62876	0.01122	0.01700	0.01187	0.01400	0.01363	0.00912	0.01295	0.00740	0.00867	0.00554	0.00404	0.00382	0.00127	0.00601	0.00301	0.00185	0.00624
6	0.00530	0.00383	0.00502	0.00597	0.00630	0.00355	0.00401	0.00608	0.00844	0.01117	0.02523	0.79642	0.07553	0.01351	0.00554	0.00175	0.00251	0.01221	0.00405	0.00355
7	0.03479	0.02497	0.03284	0.05816	0.19851	0.15075	0.04622	0.05440	0.01062	0.06826	0.04179	0.07701	0.04029	0.00669	0.02294	0.00152	0.05738	0.04731	0.02003	0.00551
8	0.00630	0.00432	0.00521	0.00539	0.00562	0.00436	0.00348	0.00673	0.00703	0.00937	0.01607	0.09119	0.03726	0.60305	0.09086	0.00399	0.00469	0.08918	0.00290	0.00299
9	0.00894	0.00749	0.00796	0.00728	0.00909	0.03716	0.00558	0.06596	0.33523	0.01717	0.27758	0.07534	0.11163	0.00784	0.00479	0.00144	0.00305	0.00668	0.00440	0.00541
10	0.00733	0.00605	0.02544	0.00808	0.00940	0.00588	0.04540	0.01067	0.12792	0.01350	0.05431	0.21539	0.03709	0.03185	0.00596	0.00186	0.00372	0.38178	0.00395	0.00445
11	0.01214	0.04252	0.13165	0.02564	0.10656	0.02362	0.09222	0.07018	0.02589	0.21713	0.09719	0.03961	0.02347	0.00594	0.00460	0.00141	0.00468	0.06583	0.00360	0.00613
12	0.00891	0.00907	0.03797	0.06659	0.17287	0.00875	0.27550	0.01200	0.05280	0.01334	0.01334	0.17269	0.02808	0.00700	0.02187	0.00162	0.03024	0.03535	0.02662	0.00541
13	0.00550	0.00390	0.00514	0.00606	0.00633	0.00369	0.00409	0.00626	0.00826	0.01099	0.02304	0.72459	0.02744	0.09017	0.00712	0.00201	0.00277	0.05522	0.00392	0.00349
14	0.00996	0.00939	0.01541	0.17680	0.52439	0.00987	0.02528	0.01343	0.08147	0.01383	0.01037	0.01344	0.02833	0.00516	0.02170	0.00149	0.00521	0.02576	0.00242	0.00628
15	0.03901	0.04196	0.08354	0.25810	0.15922	0.00978	0.05308	0.10276	0.02336	0.07845	0.04190	0.04738	0.02301	0.00516	0.00438	0.00139	0.00503	0.01380	0.00285	0.00584
16	0.00818	0.00653	0.00728	0.02837	0.04455	0.05839	0.00481	0.08121	0.00841	0.01102	0.01242	0.04260	0.01321	0.50374	0.13473	0.00386	0.01867	0.00559	0.00271	0.00372
17	0.00904	0.00775	0.00904	0.00646	0.01034	0.00581	0.00517	0.01098	0.00904	0.01421	0.00775	0.00904	0.00646	0.00323	0.00323	0.00065	0.00323	0.00258	0.00258	0.87339
18	0.01079	0.01036	0.01770	0.02677	0.81952	0.01036	0.01339	0.01339	0.00993	0.01425	0.00820	0.01079	0.00691	0.00389	0.00432	0.00130	0.00518	0.00389	0.00216	0.00691
19	0.00810	0.00538	0.00618	0.00562	0.00700	0.00538	0.00431	0.10321	0.03416	0.01804	0.41323	0.02484	0.06247	0.00730	0.00438	0.00126	0.00242	0.00620	0.27597	0.00455
20	0.00623	0.00467	0.00701	0.00701	0.00779	0.00545	0.00545	0.00779	0.00701	0.01012	0.01168	0.01713	0.01090	0.03271	0.82944	0.00701	0.01168	0.00467	0.00234	0.00389
21	0.00771	0.00414	0.00598	0.00575	0.00610	0.00397	0.00391	0.00616	0.00598	0.00817	0.00759	0.01288	0.00748	0.01408	0.01581	0.79494	0.00374	0.00368	0.00196	0.07997
22	0.00523	0.00431	0.00460	0.00477	0.00600	0.00368	0.00349	0.00632	0.00976	0.01193	0.07725	0.18938	0.63535	0.01143	0.00523	0.00152	0.00226	0.00973	0.00409	0.00368
23	0.00753	0.00382	0.00573	0.00573	0.00575	0.00384	0.00384	0.00575	0.00573	0.00766	0.00772	0.01339	0.00769	0.01575	0.04481	0.84351	0.00406	0.00382	0.00191	0.00196
24	0.04363	0.05165	0.01379	0.01152	0.01406	0.67825	0.07951	0.03547	0.01207	0.01164	0.00697	0.00822	0.00572	0.00439	0.00397	0.00116	0.00748	0.00301	0.00229	0.00520
25	0.00939	0.00932	0.01307	0.01125	0.01128	0.01300	0.00936	0.01037	0.00669	0.01048	0.00600	0.00989	0.00596	0.00878	0.05153	0.00214	0.80098	0.00386	0.00193	0.00473
26	0.00824	0.00775	0.01308	0.83624	0.03004	0.00969	0.01211	0.01114	0.00872	0.01114	0.00775	0.01163	0.00581	0.00436	0.00436	0.00145	0.00581	0.00388	0.00194	0.00484
27	0.00842	0.00694	0.00965	0.11404	0.15045	0.01846	0.01997	0.06100	0.05511	0.02748	0.17385	0.14132	0.09929	0.03748	0.01982	0.00164	0.00387	0.02031	0.02594	0.00496
28	0.00758	0.00379	0.00568	0.00568	0.00568	0.00379	0.00379	0.00568	0.00568	0.00758	0.00758	0.01326	0.00758	0.01515	0.01705	0.87311	0.00379	0.00379	0.00189	0.00189
29	0.00754	0.00468	0.00504	0.00501	0.00615	0.00466	0.00372	0.02485	0.07355	0.01542	0.08974	0.13744	0.12354	0.00748	0.00400	0.00126	0.00229	0.00632	0.47306	0.00423
30	0.00531	0.00380	0.00506	0.00607	0.00633	0.00354	0.00405	0.00607	0.00835	0.01113	0.02404	0.84388	0.02885	0.01366	0.00557	0.00177	0.00253	0.01240	0.00405	0.00354
31	0.04369	0.01478	0.20280	0.06227	0.16604	0.18104	0.11974	0.02395	0.03076	0.02730	0.00869	0.01155	0.00712	0.07492	0.00576	0.00157	0.00615	0.00386	0.00230	0.00573
32	0.01104	0.01326	0.13086	0.04494	0.05404	0.19547	0.09623	0.05523	0.06737	0.02770	0.04700	0.07101	0.01022	0.00685	0.04080	0.00164	0.08389	0.00459	0.03239	0.00547
33	0.00860	0.10457	0.00969	0.00756	0.00877	0.05813	0.00598	0.04663	0.00890	0.03389	0.01580	0.21151	0.08397	0.04228	0.17342	0.00272	0.13650	0.00637	0.03029	0.00442

[dist]
# distance from previous block
# <min> <max>
2	14

[block]
# block no. 3 follows, 60 sequences, length 38
# corresponding to MSA columns:
# 190-227
name=unknown_D
#
# <colnr> <probs for GDERKNQSTAVLIFYWHMCP>
#	G	D	E	R	K	N	Q	S	T	A	V	L	I	F	Y	W	H	M	C	P
0	0.03428	0.01073	0.13099	0.02454	0.17087	0.02162	0.00900	0.11093	0.08304	0.10942	0.12518	0.01543	0.04353	0.00538	0.00431	0.00129	0.00427	0.00453	0.00345	0.08721
1	0.01104	0.13248	0.01209	0.03293	0.10305	0.27253	0.00745	0.04257	0.01085	0.01240	0.07947	0.03948	0.13365	0.00829	0.06930	0.00170	0.00569	0.01722	0.00282	0.00500
2	0.00735	0.00386	0.00575	0.00581	0.00588	0.00391	0.00393	0.00587	0.00593	0.00796	0.00876	0.05714	0.00895	0.01646	0.08051	0.75910	0.00434	0.00431	0.00204	0.00214
3	0.02226	0.10573	0.12128	0.02967	0.17600	0.06235	0.23843	0.01341	0.01940	0.04885	0.01041	0.09384	0.00924	0.00515	0.00449	0.00138	0.00569	0.02408	0.00251	0.00584
4	0.02142	0.00846	0.01191	0.16006	0.13320	0.07048	0.08903	0.01230	0.05845	0.06673	0.05576	0.04041	0.03316	0.10869	0.07599	0.00223	0.00556	0.03821	0.00289	0.00508
5	0.00875	0.02256	0.82413	0.01243	0.01888	0.01013	0.01611	0.01381	0.00921	0.01381	0.00783	0.00921	0.00552	0.00414	0.00414	0.00138	0.00645	0.00322	0.00184	0.00645
6	0.00550	0.00393	0.00515	0.00604	0.00635	0.00371	0.00409	0.00628	0.00829	0.01101	0.02345	0.69995	0.04802	0.08245	0.02158	0.00207	0.00290	0.05181	0.00390	0.00350
7	0.16005	0.04971	0.02199	0.01043	0.12740	0.04055	0.03172	0.03059	0.01069	0.33082	0.04560	0.06396	0.02322	0.01970	0.00445	0.00140	0.00410	0.01369	0.00382	0.00610
8	0.00562	0.00436	0.00518	0.00566	0.00657	0.00398	0.00414	0.00704	0.03195	0.01212	0.07448	0.38125	0.34085	0.01200	0.00539	0.00165	0.00255	0.08736	0.00410	0.00377
9	0.00695	0.00506	0.00619	0.00578	0.00709	0.00483	0.00437	0.00993	0.09601	0.04334	0.58699	0.04414	0.14490	0.00885	0.00505	0.00140	0.00229	0.00771	0.00467	0.00445
10	0.13866	0.07476	0.08089	0.00918	0.01201	0.18311	0.00791	0.21589	0.05051	0.03192	0.00918	0.02433	0.00743	0.02477	0.05200	0.00168	0.04704	0.00358	0.01942	0.00572
11	0.01025	0.00939	0.01553	0.03495	0.61143	0.00949	0.02503	0.01328	0.05420	0.02730	0.03779	0.01517	0.01005	0.00605	0.03939	0.00161	0.00519	0.06491	0.00258	0.00642
12	0.00606	0.00418	0.00531	0.00589	0.00644	0.00390	0.00410	0.00695	0.00870	0.03480	0.06279	0.49909	0.11540	0.13461	0.00794	0.00209	0.00289	0.08133	0.00392	0.00361
13	0.00548	0.00396	0.00524	0.00612	0.00635	0.00382	0.00409	0.00620	0.00818	0.01095	0.02294	0.77119	0.02745	0.06747	0.00685	0.00193	0.02258	0.01180	0.00391	0.00351
14	0.01214	0.09315	0.28986	0.01261	0.07954	0.01126	0.10563	0.16940	0.07087	0.09856	0.01001	0.01077	0.00725	0.00450	0.00424	0.00133	0.00547	0.00380	0.00296	0.00666
15	0.00870	0.00573	0.00827	0.02422	0.05581	0.00558	0.03060	0.03724	0.01029	0.11533	0.08028	0.26494	0.02262	0.01090	0.02787	0.00185	0.00384	0.27723	0.00402	0.00467
16	0.01166	0.84935	0.02285	0.00746	0.01119	0.01726	0.00746	0.01306	0.00886	0.01026	0.00606	0.00700	0.00560	0.00373	0.00280	0.00093	0.00466	0.00233	0.00187	0.00560
17	0.03112	0.01052	0.05913	0.01150	0.08862	0.00955	0.10605	0.24001	0.01343	0.23248	0.01118	0.01146	0.00786	0.00456	0.00424	0.00124	0.00468	0.00391	0.00371	0.14478
18	0.00824	0.00775	0.01308	0.83624	0.03004	0.00969	0.01211	0.01114	0.00872	0.01114	0.00775	0.01163	0.00581	0.00436	0.00436	0.00145	0.00581	0.00388	0.00194	0.00484
19	0.01629	0.02079	0.01236	0.01124	0.01348	0.82921	0.00843	0.01742	0.01236	0.01067	0.00674	0.00787	0.00562	0.00449	0.00393	0.00112	0.00787	0.00281	0.00225	0.00506
20	0.00631	0.00435	0.00539	0.00539	0.00561	0.00457	0.00344	0.00675	0.00653	0.00893	0.01316	0.02531	0.01445	0.61642	0.25058	0.00502	0.00634	0.00587	0.00256	0.00300
21	0.00954	0.00954	0.01336	0.01145	0.01145	0.01336	0.00954	0.01050	0.00668	0.01050	0.00573	0.00954	0.00573	0.00763	0.01431	0.00191	0.83874	0.00382	0.00191	0.00477
22	0.64352	0.00829	0.00729	0.00627	0.00897	0.00924	0.00514	0.07643	0.00942	0.10573	0.07637	0.01034	0.00867	0.00470	0.00322	0.00135	0.00341	0.00317	0.00330	0.00517
23	0.00758	0.00379	0.00568	0.00568	0.00568	0.00379	0.00379	0.00568	0.00568	0.00758	0.00758	0.01326	0.00758	0.01515	0.01705	0.87311	0.00379	0.00379	0.00189	0.00189
24	0.01128	0.01076	0.03719	0.01217	0.01385	0.03601	0.14454	0.09971	0.03951	0.06333	0.00802	0.01054	0.00665	0.00631	0.01010	0.00168	0.47616	0.00409	0.00255	0.00555
25	0.00620	0.00465	0.00695	0.00698	0.00775	0.00540	0.00541	0.00774	0.00705	0.01015	0.01203	0.04070	0.01141	0.03217	0.80596	0.00686	0.01142	0.00489	0.00239	0.00388
26	0.00824	0.00775	0.01308	0.83624	0.03004	0.00969	0.01211	0.01114	0.00872	0.01114	0.00775	0.01163	0.00581	0.00436	0.00436	0.00145	0.00581	0.00388	0.00194	0.00484
27	0.00960	0.00873	0.01402	0.79872	0.05215	0.01039	0.01258	0.01211	0.00958	0.01247	0.00905	0.01332	0.00706	0.00519	0.00490	0.00168	0.00620	0.00429	0.00239	0.00557
28	0.00631	0.02386	0.05285	0.01851	0.00751	0.00518	0.00484	0.00775	0.02225	0.01098	0.06099	0.07338	0.22637	0.22593	0.21793	0.00357	0.00553	0.01941	0.00310	0.00377
29	0.00576	0.00441	0.00527	0.00511	0.00628	0.00393	0.00381	0.00740	0.01128	0.01509	0.49552	0.07086	0.32963	0.00991	0.00517	0.00143	0.00213	0.00857	0.00449	0.00393
30	0.00628	0.00459	0.00553	0.00544	0.00659	0.00417	0.00402	0.00815	0.03678	0.03957	0.39613	0.16980	0.27650	0.01016	0.00517	0.00147	0.00228	0.00884	0.00445	0.00408
31	0.10405	0.13196	0.16750	0.05653	0.07796	0.03454	0.11869	0.11260	0.03443	0.07174	0.02094	0.01035	0.00710	0.00446	0.00431	0.00132	0.02907	0.00365	0.00271	0.00609
32	0.03739	0.01177	0.04648	0.11218	0.13226	0.20313	0.07632	0.04992	0.02855	0.01337	0.04095	0.05719	0.05568	0.03159	0.00544	0.00145	0.05065	0.00466	0.03578	0.00525
33	0.00615	0.00479	0.00620	0.00698	0.03209	0.00468	0.00515	0.00766	0.02428	0.01207	0.04531	0.30507	0.23793	0.01294	0.05309	0.00202	0.02623	0.19959	0.00385	0.00393
34	0.00910	0.01849	0.57881	0.01320	0.08280	0.02591	0.06094	0.01329	0.00937	0.02848	0.00989	0.01223	0.03434	0.00580	0.03699	0.00163	0.02271	0.02778	0.00213	0.00614
35	0.02393	0.05005	0.07895	0.05878	0.17000	0.11765	0.09090	0.11069	0.04235	0.06164	0.03488	0.09114	0.03860	0.00564	0.00443	0.00136	0.00520	0.00491	0.00300	0.00590
36	0.03065	0.07665	0.07673	0.12690	0.05124	0.01689	0.05992	0.04363	0.03332	0.08653	0.05130	0.12268	0.07060	0.01791	0.00505	0.00153	0.01699	0.10304	0.00326	0.00518
37	0.02557	0.03110	0.03623	0.00954	0.05421	0.02408	0.04175	0.13423	0.25274	0.07713	0.01613	0.16354	0.03799	0.00735	0.02013	0.00153	0.00405	0.00587	0.02402	0.03280

[dist]
# distance from previous block
# <min> <max>
0	21

[block]
# block no. 4 follows, 60 sequences, length 38
# corresponding to MSA columns:
# 275-312
name=unknown_E
#
# <colnr> <probs for GDERKNQSTAVLIFYWHMCP>
#	G	D	E	R	K	N	Q	S	T	A	V	L	I	F	Y	W	H	M	C	P
0	0.02494	0.10192	0.07205	0.02456	0.08776	0.06487	0.04135	0.39327	0.01536	0.05086	0.01068	0.04026	0.00849	0.00604	0.02136	0.00153	0.00544	0.00421	0.01817	0.00689
1	0.00623	0.00504	0.00621	0.07192	0.00886	0.02575	0.00519	0.00777	0.02898	0.01188	0.04528	0.40222	0.20183	0.01181	0.01661	0.00175	0.00322	0.13172	0.00383	0.00389
2	0.01408	0.29402	0.01577	0.01030	0.04671	0.28547	0.00806	0.04664	0.03448	0.06055	0.05263	0.02968	0.01010	0.00752	0.06296	0.00175	0.00636	0.00388	0.00302	0.00602
3	0.04029	0.03352	0.01143	0.03915	0.12402	0.03895	0.06823	0.06543	0.05130	0.04529	0.01595	0.25247	0.04428	0.07815	0.01749	0.00190	0.03564	0.00695	0.00345	0.02611
4	0.02658	0.14012	0.20494	0.06138	0.14689	0.04307	0.12510	0.08094	0.02748	0.03225	0.00930	0.01142	0.02158	0.00450	0.00432	0.00132	0.01810	0.02125	0.00243	0.01704
5	0.00885	0.04077	0.78951	0.01245	0.01879	0.01031	0.03244	0.01380	0.00922	0.01374	0.00781	0.00921	0.00555	0.00412	0.00413	0.00137	0.00642	0.00324	0.00185	0.00641
6	0.00610	0.00405	0.00492	0.00526	0.00534	0.00397	0.00319	0.00621	0.00695	0.00927	0.01666	0.29489	0.01951	0.51196	0.01636	0.06765	0.00364	0.00814	0.00305	0.00288
7	0.01224	0.21039	0.24020	0.02253	0.08513	0.11965	0.07547	0.03236	0.01035	0.11913	0.00905	0.02888	0.00704	0.00444	0.00397	0.00125	0.00569	0.00356	0.00253	0.00612
8	0.00623	0.00455	0.00647	0.00650	0.00710	0.00514	0.00481	0.00743	0.00690	0.00979	0.01244	0.04085	0.01243	0.20751	0.63442	0.00628	0.00984	0.00523	0.00245	0.00362
9	0.01122	0.00860	0.00942	0.00842	0.01077	0.00961	0.00654	0.04162	0.61375	0.09725	0.05679	0.07795	0.01541	0.00657	0.00455	0.00148	0.00338	0.00555	0.00452	0.00658
10	0.01079	0.01003	0.05369	0.00896	0.01165	0.01068	0.00734	0.05685	0.70522	0.01819	0.01782	0.01653	0.04073	0.00597	0.00444	0.00147	0.00363	0.00494	0.00428	0.00679
11	0.02122	0.05407	0.22492	0.01410	0.19414	0.03136	0.06674	0.06117	0.07990	0.07522	0.01206	0.07061	0.02238	0.00554	0.00443	0.00140	0.00511	0.04652	0.00290	0.00621
12	0.01013	0.00974	0.01374	0.01894	0.46880	0.08421	0.01066	0.01266	0.03724	0.01354	0.01305	0.03786	0.03413	0.00639	0.00503	0.00148	0.02997	0.18383	0.00275	0.00585
13	0.00544	0.00459	0.00473	0.00466	0.00613	0.00397	0.00351	0.00702	0.03814	0.01249	0.10842	0.04028	0.72419	0.01069	0.00513	0.00146	0.00224	0.00894	0.00413	0.00383
14	0.01561	0.01959	0.02604	0.01242	0.05991	0.71130	0.04343	0.03895	0.01231	0.01154	0.00704	0.00830	0.00578	0.00444	0.00402	0.00116	0.00758	0.00301	0.00229	0.00529
15	0.02515	0.01180	0.08187	0.06230	0.32349	0.07242	0.10133	0.11848	0.01160	0.09224	0.01057	0.02930	0.03009	0.00469	0.00441	0.00134	0.00542	0.00425	0.00283	0.00642
16	0.01505	0.24377	0.01521	0.01018	0.01287	0.58275	0.00816	0.04295	0.01169	0.01113	0.00669	0.00772	0.00567	0.00431	0.00364	0.00108	0.00690	0.00272	0.00222	0.00528
17	0.00565	0.00450	0.00473	0.00477	0.00583	0.00405	0.00332	0.00684	0.03613	0.01113	0.03435	0.09429	0.53690	0.21738	0.00937	0.00217	0.00277	0.00858	0.00372	0.00352
18	0.01658	0.01222	0.01309	0.01003	0.01353	0.01353	0.00829	0.80497	0.02051	0.02749	0.01047	0.01047	0.00742	0.00524	0.00436	0.00131	0.00480	0.00393	0.00436	0.00742
19	0.01629	0.02079	0.01236	0.01124	0.01348	0.82921	0.00843	0.01742	0.01236	0.01067	0.00674	0.00787	0.00562	0.00449	0.00393	0.00112	0.00787	0.00281	0.00225	0.00506
20	0.00631	0.00438	0.00551	0.00551	0.00577	0.00464	0.00358	0.00682	0.00656	0.00901	0.01306	0.02474	0.01421	0.57538	0.29128	0.00516	0.00671	0.00579	0.00254	0.00306
21	0.01658	0.01222	0.01309	0.01003	0.01353	0.01353	0.00829	0.80497	0.02051	0.02749	0.01047	0.01047	0.00742	0.00524	0.00436	0.00131	0.00480	0.00393	0.00436	0.00742
22	0.01950	0.00753	0.01019	0.00781	0.01119	0.00658	0.00645	0.03959	0.01267	0.80394	0.01705	0.01474	0.01072	0.00539	0.00439	0.00135	0.00374	0.00438	0.00537	0.00742
23	0.00744	0.00379	0.00564	0.00571	0.00572	0.00377	0.00380	0.00571	0.00584	0.00779	0.00856	0.06286	0.00885	0.01506	0.01636	0.82108	0.00371	0.00430	0.00202	0.00199
24	0.00923	0.00903	0.01257	0.01084	0.01086	0.01249	0.00893	0.01012	0.00666	0.01033	0.00647	0.01115	0.00661	0.07187	0.03295	0.00220	0.75710	0.00403	0.00197	0.00459
25	0.01266	0.01528	0.01910	0.02651	0.01834	0.35989	0.42290	0.01515	0.01111	0.01245	0.00848	0.02878	0.00696	0.00439	0.00464	0.00134	0.00739	0.01692	0.00229	0.00543
26	0.00952	0.00869	0.01405	0.77874	0.07332	0.01033	0.01256	0.01207	0.00952	0.01241	0.00891	0.01310	0.00695	0.00508	0.00484	0.00165	0.00613	0.00424	0.00234	0.00555
27	0.03006	0.00848	0.01017	0.06937	0.01232	0.00892	0.00701	0.21037	0.16598	0.25431	0.11041	0.01698	0.01409	0.00599	0.00447	0.00139	0.00384	0.03136	0.02799	0.00648
28	0.01128	0.01148	0.01633	0.03748	0.28261	0.12367	0.19522	0.03135	0.14366	0.02684	0.03842	0.01347	0.03847	0.00475	0.00454	0.00136	0.00555	0.00454	0.00281	0.00617
29	0.00539	0.00388	0.00512	0.00602	0.00639	0.00361	0.00410	0.00625	0.00864	0.01148	0.05859	0.75138	0.06577	0.01330	0.00554	0.00175	0.00253	0.03258	0.00408	0.00359
30	0.00618	0.00495	0.00537	0.00550	0.00677	0.00432	0.00401	0.00739	0.02874	0.01300	0.10772	0.19259	0.55730	0.01164	0.00552	0.00166	0.00258	0.02627	0.00434	0.00415
31	0.00897	0.02399	0.07600	0.00768	0.03062	0.00683	0.01767	0.05645	0.04318	0.01482	0.04992	0.04636	0.08891	0.00500	0.00383	0.00097	0.00354	0.00415	0.00298	0.50810
32	0.01039	0.01011	0.05141	0.16026	0.40125	0.03497	0.05108	0.03846	0.00996	0.04667	0.01005	0.01343	0.02732	0.00628	0.05004	0.00170	0.03560	0.03257	0.00243	0.00604
33	0.00603	0.00449	0.00586	0.00655	0.00742	0.00432	0.00518	0.00743	0.00925	0.01194	0.02708	0.27917	0.20237	0.01413	0.07859	0.00226	0.00385	0.31639	0.00388	0.00379
34	0.00679	0.00514	0.00584	0.00587	0.00650	0.02599	0.00406	0.04130	0.00826	0.01075	0.01967	0.14952	0.13463	0.37877	0.11169	0.00341	0.01623	0.05895	0.00316	0.00347
35	0.01237	0.10548	0.24273	0.04006	0.11455	0.07661	0.02294	0.08713	0.02216	0.15586	0.01109	0.04463	0.02658	0.00502	0.00428	0.00132	0.01392	0.00403	0.00295	0.00630
36	0.05097	0.01183	0.07343	0.05115	0.14168	0.11685	0.06809	0.11319	0.07057	0.01564	0.01245	0.13596	0.01162	0.00719	0.01743	0.00166	0.05347	0.03764	0.00319	0.00598
37	0.13654	0.11719	0.05479	0.03191	0.04355	0.08757	0.02466	0.10046	0.09324	0.02813	0.02872	0.08207	0.06356	0.00738	0.02696	0.00170	0.04139	0.00496	0.00343	0.02181

[dist]
# distance from previous block
# <min> <max>
1	39

[block]
# block no. 5 follows, 60 sequences, length 39
# corresponding to MSA columns:
# 353-391
name=unknown_F
#
# <colnr> <probs for GDERKNQSTAVLIFYWHMCP>
#	G	D	E	R	K	N	Q	S	T	A	V	L	I	F	Y	W	H	M	C	P
0	0.01371	0.32846	0.05487	0.03206	0.02693	0.21912	0.00847	0.18262	0.05484	0.02885	0.00815	0.00887	0.00651	0.00443	0.00366	0.00114	0.00554	0.00307	0.00269	0.00599
1	0.00939	0.00888	0.04995	0.12051	0.19881	0.00816	0.03897	0.04601	0.04157	0.02777	0.04752	0.04944	0.04407	0.01944	0.00479	0.00129	0.02307	0.03250	0.00281	0.22505
2	0.00963	0.03026	0.03453	0.08758	0.23461	0.03335	0.02179	0.09004	0.04020	0.03208	0.01399	0.15926	0.05583	0.03466	0.07286	0.00196	0.01858	0.00577	0.00297	0.02006
3	0.05823	0.06226	0.18409	0.04246	0.13091	0.01046	0.05779	0.14706	0.08178	0.08367	0.01143	0.06448	0.02207	0.00528	0.00443	0.00138	0.01841	0.00442	0.00309	0.00630
4	0.00604	0.00431	0.00505	0.00534	0.00571	0.00420	0.00342	0.00686	0.03297	0.01012	0.02104	0.27232	0.12347	0.43484	0.02543	0.00305	0.00354	0.02574	0.00333	0.00323
5	0.00581	0.00420	0.00508	0.00554	0.00630	0.00380	0.00389	0.00676	0.00908	0.03084	0.07754	0.43063	0.27015	0.08026	0.00676	0.00186	0.00263	0.04121	0.00401	0.00366
6	0.02922	0.05267	0.09647	0.05534	0.13910	0.09590	0.10819	0.06671	0.13755	0.02852	0.06215	0.04518	0.02597	0.00614	0.03050	0.00154	0.00536	0.00463	0.00297	0.00590
7	0.01214	0.08280	0.06439	0.02526	0.23761	0.13023	0.07417	0.10105	0.05782	0.03472	0.00850	0.01025	0.00684	0.00483	0.00570	0.00137	0.12992	0.00373	0.00255	0.00615
8	0.00907	0.11523	0.73431	0.01187	0.01802	0.01093	0.01514	0.01373	0.00917	0.01341	0.00763	0.00896	0.00553	0.00410	0.00399	0.00133	0.00625	0.00312	0.00184	0.00635
9	0.02183	0.00466	0.00596	0.00610	0.00699	0.00437	0.03067	0.01945	0.02258	0.03131	0.06579	0.45966	0.19695	0.08222	0.00670	0.00184	0.00283	0.00998	0.01628	0.00384
10	0.02313	0.18944	0.29381	0.02941	0.07814	0.06001	0.08106	0.06857	0.02998	0.04567	0.00897	0.02877	0.00722	0.00502	0.01787	0.00139	0.00575	0.01731	0.00241	0.00608
11	0.00606	0.00444	0.00637	0.00675	0.00737	0.00482	0.00509	0.00737	0.00766	0.01063	0.01637	0.25160	0.01756	0.06153	0.48088	0.00492	0.00803	0.08580	0.00300	0.00375
12	0.00580	0.00443	0.00490	0.00491	0.00619	0.00382	0.00362	0.00700	0.01010	0.03813	0.15309	0.14852	0.55876	0.02418	0.00546	0.00154	0.00231	0.00925	0.00418	0.00383
13	0.00978	0.00925	0.01276	0.03655	0.34033	0.04509	0.03262	0.01449	0.21372	0.01430	0.01642	0.01739	0.13701	0.00736	0.05358	0.00172	0.02355	0.00503	0.00304	0.00601
14	0.01352	0.01547	0.01321	0.01198	0.05275	0.42727	0.08749	0.01843	0.25968	0.01352	0.01040	0.01106	0.00817	0.00493	0.00457	0.00130	0.03378	0.00379	0.00291	0.00579
15	0.22742	0.00767	0.00922	0.00727	0.01048	0.00723	0.00600	0.01921	0.01126	0.62801	0.01451	0.01296	0.00933	0.00507	0.00398	0.00135	0.00363	0.00390	0.00474	0.00677
16	0.00654	0.00478	0.00589	0.00627	0.00752	0.00442	0.00516	0.00812	0.01015	0.03656	0.08326	0.04365	0.36107	0.02713	0.00586	0.00176	0.00312	0.37068	0.00410	0.00396
17	0.00629	0.00444	0.00582	0.00582	0.00618	0.00480	0.00397	0.00702	0.00666	0.00924	0.01277	0.02317	0.01352	0.46331	0.40243	0.00554	0.00774	0.00556	0.00250	0.00323
18	0.00970	0.00807	0.00900	0.00856	0.01059	0.00911	0.00686	0.01899	0.57559	0.01683	0.04058	0.02553	0.01721	0.00764	0.00488	0.00162	0.00357	0.21529	0.00433	0.00606
19	0.03822	0.74159	0.02140	0.00766	0.01134	0.01666	0.00746	0.09104	0.00997	0.01224	0.00650	0.00734	0.00575	0.00389	0.00295	0.00098	0.00464	0.00249	0.00214	0.00575
20	0.01443	0.00765	0.00963	0.00720	0.01074	0.00633	0.00586	0.04334	0.01123	0.41477	0.03419	0.01259	0.00957	0.00452	0.00389	0.00104	0.00349	0.00366	0.00410	0.39176
21	0.01034	0.27540	0.45279	0.01040	0.01538	0.02926	0.03308	0.01372	0.00924	0.05814	0.00810	0.00982	0.00638	0.04492	0.00464	0.00138	0.00569	0.00321	0.00211	0.00601
22	0.01166	0.84935	0.02285	0.00746	0.01119	0.01726	0.00746	0.01306	0.00886	0.01026	0.00606	0.00700	0.00560	0.00373	0.00280	0.00093	0.00466	0.00233	0.00187	0.00560
23	0.01136	0.01223	0.05952	0.01508	0.01906	0.03853	0.49337	0.12242	0.15081	0.01642	0.01048	0.01212	0.00780	0.00433	0.00483	0.00143	0.00630	0.00477	0.00287	0.00627
24	0.01673	0.01198	0.01294	0.00992	0.01341	0.01317	0.00820	0.76617	0.02011	0.06685	0.01080	0.01069	0.00758	0.00524	0.00436	0.00131	0.00475	0.00395	0.00441	0.00742
25	0.00709	0.00492	0.00633	0.00575	0.00705	0.00455	0.00439	0.00902	0.01187	0.06240	0.65552	0.03048	0.09213	0.00856	0.00526	0.00136	0.02489	0.00742	0.00460	0.04642
26	0.00753	0.00381	0.00565	0.00565	0.00565	0.00381	0.00374	0.00571	0.00571	0.00761	0.00782	0.01385	0.00790	0.04762	0.01725	0.83918	0.00381	0.00389	0.00192	0.00192
27	0.00798	0.03225	0.00741	0.00716	0.02241	0.09432	0.00509	0.03805	0.07593	0.01189	0.01974	0.27165	0.10736	0.16835	0.06644	0.00244	0.00438	0.04960	0.00341	0.00414
28	0.00623	0.00467	0.00701	0.00701	0.00779	0.00545	0.00545	0.00779	0.00701	0.01012	0.01168	0.01713	0.01090	0.03271	0.82944	0.00701	0.01168	0.00467	0.00234	0.00389
29	0.00615	0.00480	0.00619	0.00661	0.00736	0.00490	0.00505	0.00760	0.02669	0.01194	0.05670	0.34913	0.19272	0.01327	0.06165	0.00210	0.06483	0.16461	0.00381	0.00388
30	0.00944	0.00959	0.04203	0.19981	0.30192	0.05530	0.06127	0.01178	0.00916	0.01246	0.01003	0.02694	0.03735	0.00795	0.09201	0.01718	0.05763	0.00430	0.02837	0.00546
31	0.00758	0.00379	0.00568	0.00568	0.00568	0.00379	0.00379	0.00568	0.00568	0.00758	0.00758	0.01326	0.00758	0.01515	0.01705	0.87311	0.00379	0.00379	0.00189	0.00189
32	0.00580	0.00402	0.00497	0.00547	0.00566	0.00387	0.00344	0.00629	0.00767	0.01028	0.05802	0.45122	0.02381	0.37445	0.01275	0.00282	0.00324	0.00956	0.00348	0.00318
33	0.00583	0.00421	0.00520	0.00555	0.00635	0.00383	0.00392	0.00694	0.00951	0.03162	0.17427	0.41079	0.24120	0.03811	0.03014	0.00184	0.00271	0.01011	0.00413	0.00376
34	0.02819	0.01118	0.08280	0.04846	0.17105	0.02921	0.01909	0.19755	0.26597	0.01840	0.01302	0.01345	0.03465	0.00517	0.00430	0.00136	0.00451	0.00431	0.04075	0.00657
35	0.03837	0.25574	0.17208	0.00988	0.03040	0.14322	0.00932	0.16491	0.02186	0.05651	0.00842	0.00937	0.00659	0.00591	0.04820	0.00150	0.00583	0.00318	0.00267	0.00604
36	0.04617	0.26363	0.15815	0.00946	0.04805	0.03548	0.02279	0.08004	0.04817	0.01374	0.00885	0.03300	0.00769	0.04695	0.05456	0.00165	0.01513	0.00354	0.00247	0.10048
37	0.00801	0.07450	0.02521	0.05201	0.04369	0.04547	0.00523	0.00927	0.00885	0.04160	0.04107	0.15316	0.12603	0.20354	0.00855	0.00204	0.00369	0.02474	0.11923	0.00411
38	0.00682	0.04608	0.03218	0.00561	0.00678	0.00506	0.00422	0.00815	0.02011	0.03276	0.24106	0.09991	0.15330	0.27314	0.01034	0.00229	0.00319	0.01799	0.00364	0.02735

[dist]
# distance from previous block
# <min> <max>
0	25

[block]
# block no. 6 follows, 60 sequences, length 23
# corresponding to MSA columns:
# 418-440
name=unknown_G
#
# <colnr> <probs for GDERKNQSTAVLIFYWHMCP>
#	G	D	E	R	K	N	Q	S	T	A	V	L	I	F	Y	W	H	M	C	P
0	0.03112	0.12850	0.39144	0.01256	0.05467	0.05494	0.13968	0.01422	0.00972	0.07292	0.00867	0.02596	0.00663	0.00427	0.00411	0.00130	0.00594	0.00365	0.00228	0.02741
1	0.01019	0.09871	0.40858	0.02524	0.06354	0.02065	0.09360	0.06053	0.03211	0.05402	0.02110	0.02426	0.02294	0.01948	0.02512	0.00153	0.00587	0.00393	0.00245	0.00615
2	0.00700	0.00574	0.03028	0.05556	0.00961	0.00599	0.02597	0.02318	0.00795	0.02850	0.02939	0.07484	0.04820	0.09191	0.49040	0.00498	0.02942	0.02428	0.00269	0.00410
3	0.00868	0.02500	0.02501	0.02939	0.12629	0.04356	0.04718	0.04599	0.03566	0.04428	0.03797	0.12341	0.24269	0.02533	0.02557	0.00164	0.02211	0.04883	0.00339	0.03805
4	0.05767	0.09735	0.10272	0.06876	0.16612	0.12889	0.07657	0.05563	0.05756	0.06195	0.02396	0.01132	0.02238	0.00451	0.00406	0.00127	0.00535	0.00376	0.02054	0.02963
5	0.00698	0.00509	0.00668	0.00708	0.02617	0.00486	0.02033	0.00903	0.05473	0.04709	0.11179	0.25081	0.18498	0.03414	0.00587	0.00175	0.00310	0.21124	0.00408	0.00420
6	0.00547	0.00398	0.00515	0.00582	0.00633	0.00366	0.00400	0.00650	0.00925	0.01241	0.17818	0.62029	0.09777	0.01253	0.00545	0.00167	0.00241	0.01126	0.00419	0.00366
7	0.01055	0.06845	0.23504	0.02605	0.13127	0.07277	0.19735	0.06140	0.02687	0.01413	0.02900	0.03680	0.00791	0.00474	0.00504	0.00139	0.05868	0.00421	0.00236	0.00601
8	0.01115	0.15414	0.17943	0.03353	0.18539	0.05528	0.11439	0.08197	0.04058	0.03472	0.00928	0.04053	0.00757	0.00455	0.00414	0.00129	0.00547	0.00397	0.02647	0.00617
9	0.00909	0.03020	0.12206	0.01056	0.01300	0.00780	0.17811	0.01143	0.04903	0.03116	0.05266	0.24278	0.02703	0.09933	0.04946	0.00233	0.00534	0.04980	0.00351	0.00533
10	0.00789	0.00712	0.02994	0.04692	0.11582	0.01904	0.08503	0.02536	0.06009	0.03458	0.06351	0.25602	0.19944	0.00893	0.00519	0.01520	0.00373	0.00789	0.00352	0.00479
11	0.05006	0.13561	0.28190	0.01337	0.13685	0.09564	0.07803	0.02943	0.04352	0.08287	0.00879	0.00991	0.00662	0.00424	0.00401	0.00128	0.00570	0.00346	0.00246	0.00625
12	0.07675	0.09719	0.06284	0.00903	0.01176	0.30080	0.00755	0.11406	0.03080	0.09314	0.05711	0.06207	0.03320	0.00558	0.00404	0.00125	0.00532	0.00417	0.01779	0.00554
13	0.00590	0.00452	0.00509	0.00505	0.00639	0.00394	0.00385	0.00729	0.01052	0.03468	0.22294	0.07010	0.53379	0.01056	0.00520	0.00149	0.00234	0.05820	0.00426	0.00390
14	0.05054	0.02524	0.15769	0.06023	0.11748	0.09564	0.02494	0.02438	0.04061	0.03389	0.09193	0.13250	0.07425	0.00683	0.00480	0.00143	0.02755	0.02180	0.00302	0.00528
15	0.00948	0.01563	0.49050	0.01021	0.01472	0.00812	0.01181	0.01329	0.02394	0.11884	0.03500	0.09280	0.04219	0.00670	0.01540	0.00155	0.00525	0.07577	0.00292	0.00589
16	0.00529	0.00414	0.00479	0.00522	0.00612	0.00365	0.00369	0.00630	0.00938	0.01184	0.08217	0.39923	0.41853	0.01208	0.00534	0.00160	0.00234	0.01055	0.00410	0.00365
17	0.01501	0.01826	0.01149	0.01053	0.01259	0.69870	0.00790	0.01616	0.01174	0.03314	0.00840	0.05742	0.00750	0.00710	0.06381	0.00159	0.00772	0.00355	0.00245	0.00495
18	0.03019	0.14003	0.53401	0.01170	0.01707	0.04392	0.08301	0.01404	0.00947	0.05001	0.00830	0.02455	0.00628	0.00429	0.00403	0.00132	0.00606	0.00345	0.00212	0.00617
19	0.00877	0.42455	0.04531	0.00701	0.00935	0.01078	0.00633	0.01016	0.00891	0.01119	0.06131	0.24800	0.03801	0.02841	0.02727	0.00152	0.00406	0.04152	0.00284	0.00472
20	0.00929	0.17759	0.67388	0.01150	0.01744	0.01147	0.01449	0.01367	0.00914	0.01315	0.00750	0.00879	0.00554	0.00407	0.00389	0.00130	0.00611	0.00306	0.00185	0.00629
21	0.00801	0.00696	0.01040	0.03555	0.30497	0.00668	0.00779	0.00987	0.02115	0.01291	0.04562	0.22872	0.10055	0.05541	0.00572	0.00157	0.00377	0.03446	0.00310	0.09678
22	0.01068	0.32331	0.43339	0.01047	0.01558	0.01294	0.03002	0.07487	0.01005	0.03058	0.00761	0.00867	0.00583	0.00409	0.00370	0.00121	0.00563	0.00302	0.00213	0.00622

[dist]
# distance from previous block
# <min> <max>
1	8

[block]
# block no. 7 follows, 60 sequences, length 17
# corresponding to MSA columns:
# 449-465
name=unknown_H
#
# <colnr> <probs for GDERKNQSTAVLIFYWHMCP>
#	G	D	E	R	K	N	Q	S	T	A	V	L	I	F	Y	W	H	M	C	P
0	0.02205	0.00894	0.01140	0.05140	0.24936	0.07514	0.02130	0.09312	0.02829	0.04743	0.13193	0.04181	0.10070	0.00628	0.00451	0.00134	0.00423	0.03169	0.04242	0.02667
1	0.06798	0.00534	0.00664	0.03110	0.00726	0.04617	0.00460	0.00715	0.00627	0.00880	0.00735	0.01234	0.00714	0.01318	0.01490	0.70309	0.04259	0.00364	0.00197	0.00247
