[name]
unknown

[dist]
# distance from previous block
# <min> <max>
0	115

[block]
# block no. 0 follows, 67 sequences, length 16
# corresponding to MSA columns:
# 140-155
name=unknown_A
#
# <colnr> <probs for GDERKNQSTAVLIFYWHMCP>
#	G	D	E	R	K	N	Q	S	T	A	V	L	I	F	Y	W	H	M	C	P
0	0.03940	0.28719	0.03886	0.07434	0.08347	0.07002	0.02079	0.07800	0.04939	0.01223	0.00808	0.04433	0.00719	0.03985	0.01557	0.01538	0.01907	0.00335	0.00229	0.09120
1	0.03485	0.00541	0.00599	0.00610	0.00711	0.04693	0.00453	0.03769	0.05588	0.04680	0.07144	0.34289	0.12275	0.04581	0.04739	0.01914	0.00335	0.08852	0.00355	0.00386
2	0.01190	0.18732	0.14527	0.02565	0.02431	0.03957	0.00826	0.31695	0.05942	0.05415	0.01041	0.03725	0.03873	0.00478	0.00372	0.00116	0.00445	0.00365	0.00303	0.01998
3	0.04433	0.05240	0.02963	0.13356	0.25146	0.07833	0.00799	0.00995	0.00854	0.01147	0.04477	0.21490	0.03185	0.05727	0.00511	0.00146	0.00418	0.00562	0.00254	0.00463
4	0.05264	0.00540	0.00675	0.00635	0.00761	0.00541	0.00479	0.05133	0.02327	0.15080	0.10793	0.36758	0.03837	0.02874	0.00552	0.00149	0.06265	0.02677	0.00374	0.04286
5	0.01151	0.04398	0.01070	0.00901	0.04219	0.07448	0.03298	0.35063	0.11091	0.03137	0.03636	0.15045	0.02394	0.00644	0.00424	0.00131	0.00407	0.04626	0.00359	0.00559
6	0.00579	0.00398	0.00493	0.00501	0.00549	0.00380	0.00337	0.00626	0.00739	0.00993	0.12510	0.17136	0.09250	0.32617	0.04034	0.10348	0.00333	0.04511	0.00301	0.03366
7	0.00664	0.00414	0.00521	0.00536	0.00610	0.00384	0.00378	0.00753	0.00837	0.09638	0.11610	0.33934	0.11701	0.19693	0.00831	0.00203	0.00279	0.06294	0.00365	0.00355
8	0.00968	0.27553	0.36441	0.03328	0.01428	0.07228	0.03784	0.03960	0.00894	0.01189	0.00673	0.00792	0.00529	0.00366	0.00338	0.00106	0.00518	0.00272	0.00189	0.09444
9	0.00666	0.22053	0.02409	0.00574	0.00693	0.00677	0.00450	0.00755	0.00765	0.00990	0.05731	0.36603	0.04681	0.17083	0.03936	0.00201	0.00347	0.00727	0.00291	0.00367
10	0.00516	0.00365	0.00461	0.00521	0.00546	0.00349	0.00339	0.00571	0.00722	0.00958	0.02016	0.56765	0.06350	0.23808	0.03584	0.00237	0.00299	0.00955	0.00333	0.00305
11	0.01064	0.74103	0.07537	0.00770	0.01128	0.04400	0.04082	0.01223	0.00834	0.00981	0.00581	0.00678	0.00518	0.00348	0.00278	0.00091	0.00460	0.00232	0.00174	0.00519
12	0.00852	0.00707	0.00782	0.00611	0.00852	0.03250	0.00462	0.08553	0.00866	0.01257	0.00877	0.01327	0.00832	0.23509	0.00814	0.00159	0.03093	0.00347	0.00251	0.50596
13	0.24538	0.00628	0.00720	0.00643	0.00813	0.00659	0.06380	0.07090	0.05956	0.01431	0.06237	0.16712	0.15138	0.07437	0.02796	0.00170	0.00336	0.01577	0.00320	0.00417
14	0.01304	0.00789	0.00938	0.01977	0.01034	0.02194	0.02364	0.23299	0.11941	0.28750	0.04283	0.09819	0.04063	0.04736	0.00499	0.00142	0.00363	0.00505	0.00412	0.00587
15	0.11134	0.05251	0.00885	0.00714	0.00916	0.06646	0.01549	0.23078	0.04285	0.03381	0.05844	0.16902	0.09018	0.02536	0.00455	0.00135	0.01503	0.02863	0.00341	0.02564

[dist]
# distance from previous block
# <min> <max>
14	48

[block]
# block no. 1 follows, 67 sequences, length 27
# corresponding to MSA columns:
# 209-235
name=unknown_B
#
# <colnr> <probs for GDERKNQSTAVLIFYWHMCP>
#	G	D	E	R	K	N	Q	S	T	A	V	L	I	F	Y	W	H	M	C	P
0	0.05629	0.03149	0.05692	0.13451	0.12159	0.07715	0.03091	0.18429	0.05478	0.02976	0.01066	0.11004	0.02539	0.00599	0.02337	0.00141	0.03286	0.00448	0.00280	0.00530
1	0.04441	0.14141	0.05287	0.06356	0.09775	0.19776	0.03781	0.05733	0.12678	0.02774	0.02274	0.03619	0.03284	0.02112	0.00403	0.00121	0.00483	0.00370	0.00258	0.02335
2	0.00917	0.09410	0.12887	0.08272	0.11141	0.02982	0.11403	0.04665	0.02991	0.04661	0.02032	0.06249	0.07647	0.00483	0.00391	0.00116	0.00449	0.00426	0.00250	0.12626
3	0.00936	0.28533	0.22043	0.05952	0.06161	0.01122	0.16569	0.04321	0.00896	0.01193	0.00830	0.03749	0.02697	0.00407	0.00366	0.00115	0.00510	0.00354	0.00201	0.03045
4	0.00542	0.00421	0.00492	0.00537	0.00601	0.02005	0.00377	0.00655	0.02898	0.01067	0.06899	0.44318	0.20353	0.09679	0.02756	0.00189	0.00280	0.05237	0.00357	0.00337
5	0.03794	0.22703	0.22350	0.00977	0.09199	0.07060	0.00884	0.02163	0.00912	0.09083	0.03183	0.06093	0.05296	0.00512	0.00371	0.00119	0.00453	0.04070	0.00251	0.00528
6	0.00941	0.08798	0.18540	0.15750	0.28314	0.03956	0.02933	0.04630	0.00924	0.02730	0.02947	0.01961	0.03112	0.00426	0.00408	0.00123	0.02375	0.00364	0.00214	0.00555
7	0.00572	0.00425	0.00511	0.00550	0.00585	0.02429	0.00375	0.00614	0.00728	0.00949	0.01940	0.41981	0.10458	0.19096	0.02481	0.08659	0.03133	0.03896	0.00312	0.00305
8	0.01000	0.00974	0.01657	0.15293	0.47632	0.04770	0.17077	0.01253	0.00921	0.04392	0.00784	0.01024	0.00622	0.00368	0.00411	0.00124	0.00531	0.00377	0.00208	0.00580
9	0.04000	0.06385	0.19635	0.14614	0.10485	0.03162	0.07745	0.07895	0.05355	0.03956	0.03454	0.08823	0.01771	0.00497	0.00400	0.00128	0.00477	0.00432	0.00252	0.00534
10	0.02766	0.00913	0.01209	0.15533	0.25530	0.11399	0.05931	0.05407	0.02071	0.03285	0.08111	0.07260	0.04351	0.02685	0.00468	0.00133	0.01719	0.00463	0.00259	0.00507
11	0.00666	0.00474	0.00566	0.00576	0.00676	0.00465	0.00419	0.03126	0.10727	0.05465	0.09257	0.36217	0.17291	0.07096	0.00592	0.00166	0.00264	0.05183	0.00380	0.00395
12	0.00906	0.00905	0.00913	0.04085	0.04578	0.20207	0.04618	0.07965	0.00972	0.01180	0.04183	0.27227	0.06580	0.05285	0.00590	0.00151	0.06276	0.02660	0.00295	0.00425
13	0.02295	0.02497	0.09966	0.08422	0.13735	0.07281	0.22897	0.04539	0.05543	0.05973	0.02300	0.03170	0.04021	0.00459	0.00467	0.00130	0.05094	0.00422	0.00246	0.00542
14	0.00912	0.00875	0.01440	0.44793	0.19482	0.02685	0.11774	0.07211	0.02459	0.01242	0.00764	0.01043	0.00589	0.00400	0.00432	0.00130	0.02668	0.00372	0.00207	0.00520
15	0.00520	0.00382	0.00484	0.00524	0.00586	0.00352	0.00371	0.00632	0.00897	0.01203	0.26369	0.42695	0.14462	0.04465	0.00558	0.00158	0.00228	0.04385	0.00387	0.00342
16	0.06503	0.20203	0.03805	0.06440	0.19584	0.02768	0.11476	0.05560	0.03371	0.05729	0.03860	0.03330	0.02627	0.00441	0.00397	0.00119	0.02622	0.00378	0.00244	0.00543
17	0.03237	0.03147	0.03778	0.13696	0.33176	0.08684	0.03039	0.05878	0.05765	0.11307	0.00882	0.01028	0.00674	0.00416	0.00424	0.00123	0.03555	0.00353	0.00255	0.00582
18	0.00541	0.00379	0.00467	0.00509	0.00543	0.00361	0.00338	0.00595	0.00738	0.00974	0.06091	0.36785	0.10004	0.30531	0.01074	0.03172	0.00294	0.05981	0.00324	0.00299
19	0.01013	0.64170	0.09949	0.00744	0.01075	0.05637	0.00749	0.01175	0.00816	0.00976	0.00633	0.00769	0.00567	0.00642	0.09471	0.00152	0.00531	0.00248	0.00178	0.00503
20	0.03972	0.08473	0.09728	0.03720	0.25291	0.07043	0.08405	0.04934	0.04545	0.08443	0.02800	0.05570	0.02229	0.00456	0.00391	0.00120	0.00468	0.00401	0.00258	0.02751
21	0.02848	0.00805	0.01119	0.33024	0.15184	0.03252	0.00866	0.05575	0.02277	0.02967	0.00854	0.01055	0.02897	0.00390	0.00369	0.00108	0.00436	0.00333	0.00229	0.25410
22	0.00514	0.00369	0.00474	0.00526	0.00571	0.00342	0.00359	0.00600	0.00836	0.01122	0.18384	0.54776	0.09857	0.06276	0.00621	0.02460	0.00234	0.00977	0.00373	0.00328
23	0.03465	0.13505	0.11295	0.01064	0.01337	0.08140	0.15126	0.12667	0.03833	0.01331	0.00769	0.01009	0.00640	0.00528	0.01980	0.00141	0.19710	0.02704	0.00230	0.00526
24	0.01148	0.07256	0.09765	0.08256	0.17131	0.07525	0.00924	0.20907	0.12256	0.04932	0.00945	0.02553	0.00735	0.00456	0.00420	0.00123	0.03429	0.00363	0.00285	0.00594
25	0.00959	0.00814	0.00890	0.03231	0.01010	0.10687	0.06692	0.11748	0.11357	0.08097	0.07026	0.11290	0.23091	0.00717	0.00439	0.00131	0.00370	0.00609	0.00357	0.00483
26	0.00621	0.00548	0.04636	0.00664	0.02556	0.00487	0.05650	0.00773	0.05838	0.01003	0.01667	0.26309	0.05971	0.37488	0.01151	0.00253	0.00359	0.03385	0.00294	0.00345

[dist]
# distance from previous block
# <min> <max>
2	4

[block]
# block no. 2 follows, 67 sequences, length 133
# corresponding to MSA columns:
# 240-372
name=unknown_C
#
# <colnr> <probs for GDERKNQSTAVLIFYWHMCP>
#	G	D	E	R	K	N	Q	S	T	A	V	L	I	F	Y	W	H	M	C	P
0	0.01454	0.01114	0.01159	0.00910	0.01212	0.04393	0.00743	0.69741	0.09700	0.02359	0.01037	0.02518	0.00764	0.00499	0.00402	0.00122	0.00436	0.00380	0.00394	0.00663
1	0.03974	0.00891	0.01172	0.06815	0.20431	0.03369	0.03121	0.16180	0.14635	0.16817	0.02636	0.02902	0.00899	0.00548	0.02843	0.00141	0.01285	0.00403	0.00334	0.00605
2	0.06031	0.00647	0.00718	0.03085	0.00890	0.00715	0.00529	0.01412	0.41690	0.02423	0.01824	0.32837	0.03943	0.00807	0.00439	0.00145	0.00289	0.00703	0.00379	0.00495
3	0.00839	0.09261	0.75535	0.01100	0.01668	0.00992	0.01402	0.02528	0.00860	0.01262	0.00710	0.00831	0.00511	0.00379	0.00371	0.00123	0.00576	0.00290	0.00173	0.00587
4	0.00993	0.00953	0.01628	0.02462	0.83404	0.00953	0.01231	0.01231	0.00913	0.01310	0.00754	0.00993	0.00635	0.00357	0.00397	0.00119	0.00476	0.00357	0.00199	0.00635
5	0.00809	0.00460	0.00593	0.00584	0.00684	0.00433	0.00422	0.04925	0.00871	0.16026	0.01974	0.41449	0.09837	0.05499	0.02594	0.09776	0.00302	0.02008	0.00364	0.00390
6	0.00674	0.00447	0.00517	0.00496	0.00532	0.00460	0.00310	0.03677	0.04424	0.03250	0.01249	0.02365	0.01353	0.68459	0.07108	0.03151	0.00429	0.00547	0.00260	0.00295
7	0.00575	0.00423	0.00610	0.00610	0.00670	0.00483	0.00459	0.00694	0.00634	0.00906	0.01105	0.01749	0.01078	0.16681	0.70746	0.00602	0.00961	0.00455	0.00219	0.00339
8	0.01354	0.00761	0.00925	0.00707	0.01020	0.00692	0.00575	0.13703	0.06913	0.36906	0.04203	0.01206	0.00940	0.00447	0.00373	0.00104	0.00335	0.00360	0.00393	0.28082
9	0.00653	0.00430	0.00499	0.00494	0.00545	0.00420	0.00322	0.02664	0.02470	0.04843	0.04895	0.13663	0.09534	0.51338	0.01401	0.00289	0.00336	0.03153	0.01736	0.00314
10	0.07883	0.00860	0.00956	0.00788	0.01062	0.00924	0.00635	0.19724	0.34527	0.26157	0.01389	0.01276	0.00977	0.00503	0.00393	0.00128	0.00351	0.00401	0.00421	0.00644
11	0.00517	0.00376	0.00488	0.00533	0.00590	0.00347	0.00375	0.00630	0.00901	0.01221	0.28483	0.50685	0.09300	0.01093	0.00497	0.00149	0.00220	0.02855	0.00395	0.00345
12	0.05987	0.00500	0.00581	0.00554	0.00638	0.00527	0.00391	0.06321	0.05736	0.02122	0.07469	0.08257	0.06448	0.33240	0.16009	0.03544	0.00466	0.00567	0.00292	0.00353
13	0.01119	0.01200	0.00957	0.00874	0.01035	0.38085	0.03070	0.07801	0.05670	0.02662	0.01232	0.21457	0.02892	0.02066	0.00491	0.00133	0.04993	0.02326	0.01481	0.00454
14	0.00485	0.00403	0.00424	0.00427	0.00551	0.00342	0.00317	0.00594	0.00928	0.01137	0.12560	0.09369	0.69059	0.01011	0.00476	0.00136	0.00204	0.00853	0.00380	0.00342
15	0.02355	0.00453	0.00531	0.00497	0.00555	0.00442	0.00316	0.02423	0.00706	0.13371	0.01342	0.06603	0.01415	0.65450	0.01651	0.00327	0.00373	0.00573	0.00291	0.00326
16	0.03502	0.00526	0.00643	0.00583	0.00722	0.00513	0.00434	0.04487	0.04629	0.22313	0.08008	0.14721	0.04158	0.19253	0.05358	0.00215	0.00350	0.02187	0.06956	0.00442
17	0.05258	0.00562	0.00636	0.00555	0.00745	0.00530	0.00434	0.06412	0.05424	0.22197	0.07401	0.04511	0.34841	0.03435	0.00477	0.00137	0.00270	0.00617	0.05088	0.00470
18	0.88738	0.00776	0.00589	0.00527	0.00776	0.00900	0.00434	0.01179	0.00683	0.01799	0.00558	0.00651	0.00434	0.00372	0.00248	0.00124	0.00310	0.00217	0.00248	0.00434
19	0.00561	0.00390	0.00485	0.00503	0.00529	0.00394	0.00326	0.00614	0.00675	0.00914	0.06517	0.19017	0.03193	0.47625	0.14942	0.00362	0.00453	0.01927	0.00281	0.00290
20	0.00519	0.00407	0.00472	0.00489	0.00591	0.00365	0.00363	0.00659	0.02615	0.01205	0.20932	0.21634	0.41543	0.01021	0.00485	0.00142	0.00219	0.05598	0.00388	0.00352
21	0.00533	0.00415	0.00488	0.00525	0.00629	0.00376	0.00412	0.00654	0.00896	0.01117	0.05801	0.13191	0.44960	0.04165	0.00559	0.00162	0.00261	0.24143	0.00369	0.00344
22	0.84491	0.00771	0.00606	0.00536	0.00788	0.00885	0.00442	0.01217	0.00705	0.05800	0.00608	0.00686	0.00462	0.00378	0.00256	0.00124	0.00312	0.00226	0.00260	0.00446
23	0.00989	0.00913	0.03892	0.10635	0.51953	0.00923	0.02342	0.04150	0.00924	0.05547	0.03401	0.01107	0.00753	0.01955	0.00502	0.00131	0.07247	0.00375	0.01681	0.00582
24	0.00686	0.00497	0.00687	0.04686	0.00790	0.00572	0.00501	0.02595	0.00688	0.04326	0.01097	0.03087	0.01075	0.24118	0.42772	0.00458	0.08518	0.00467	0.02022	0.00360
25	0.00835	0.00724	0.00878	0.00627	0.00985	0.00549	0.02911	0.01018	0.00835	0.01306	0.00716	0.00839	0.00594	0.00298	0.00302	0.00062	0.00308	0.00245	0.00237	0.85732
26	0.00872	0.04733	0.49878	0.01115	0.01586	0.01867	0.14002	0.04512	0.06827	0.02226	0.02503	0.01167	0.06035	0.00439	0.00402	0.00127	0.00540	0.00380	0.00223	0.00567
27	0.00638	0.00405	0.00613	0.00601	0.00641	0.00439	0.01895	0.00631	0.00595	0.00827	0.00931	0.03730	0.00916	0.05776	0.38305	0.40541	0.01626	0.00419	0.00201	0.00273
28	0.00578	0.00391	0.00452	0.00459	0.00471	0.00389	0.00274	0.00599	0.00630	0.00840	0.03984	0.06613	0.03444	0.72896	0.03172	0.00361	0.00381	0.03545	0.00262	0.00260
29	0.00870	0.00851	0.01164	0.00979	0.01036	0.01116	0.00812	0.00972	0.00649	0.01020	0.00557	0.00870	0.00537	0.00637	0.01151	0.00157	0.71459	0.00333	0.00186	0.14643
30	0.00562	0.00440	0.00553	0.00530	0.00620	0.00431	0.00400	0.00711	0.01000	0.01367	0.48957	0.10053	0.22811	0.00942	0.02314	0.00146	0.06646	0.00756	0.00394	0.00368
31	0.00565	0.00407	0.00554	0.00566	0.00617	0.00436	0.00409	0.00656	0.00674	0.00929	0.03413	0.11920	0.05871	0.22766	0.43500	0.02970	0.00702	0.02466	0.00257	0.00321
32	0.00640	0.00528	0.00773	0.00735	0.00790	0.00662	0.00584	0.00771	0.00638	0.00939	0.00953	0.01422	0.00898	0.02499	0.66005	0.00541	0.19628	0.00412	0.00206	0.00376
33	0.01098	0.00906	0.00960	0.00833	0.01076	0.01036	0.00656	0.18860	0.64108	0.01843	0.01503	0.03060	0.01139	0.00545	0.00409	0.00133	0.00342	0.00448	0.00406	0.00639
34	0.10599	0.00526	0.00621	0.00562	0.00720	0.00508	0.00434	0.01097	0.04975	0.19254	0.28461	0.08667	0.09912	0.05482	0.00517	0.00145	0.00264	0.03442	0.03369	0.00447
35	0.00587	0.00576	0.08179	0.00683	0.00801	0.00457	0.02864	0.00769	0.03449	0.01152	0.06861	0.45326	0.06293	0.01056	0.00501	0.00159	0.00308	0.19246	0.00353	0.00380
36	0.00578	0.00398	0.00478	0.00508	0.00532	0.00395	0.00323	0.02084	0.02177	0.00947	0.01636	0.33139	0.01886	0.45953	0.02623	0.00288	0.00336	0.03055	0.02367	0.00297
37	0.03976	0.00499	0.00573	0.00536	0.00664	0.01730	0.00406	0.02130	0.04846	0.12477	0.23864	0.09920	0.04736	0.06232	0.00510	0.00141	0.00256	0.03758	0.22322	0.00422
38	0.00628	0.00423	0.00518	0.00519	0.00610	0.00393	0.00376	0.02378	0.00923	0.06061	0.23058	0.24460	0.19965	0.09618	0.03020	0.00180	0.00268	0.03234	0.03004	0.00365
39	0.00491	0.00350	0.00465	0.00556	0.00579	0.00327	0.00370	0.00559	0.00764	0.01019	0.02191	0.83961	0.02628	0.02972	0.00543	0.00167	0.00236	0.01129	0.00370	0.00324
40	0.00625	0.00448	0.00621	0.00712	0.00797	0.00444	0.00609	0.00795	0.00906	0.01178	0.02171	0.13634	0.03917	0.01123	0.00548	0.00181	0.00351	0.70207	0.00370	0.00364
41	0.00824	0.00703	0.00819	0.00589	0.00934	0.00530	0.00468	0.00996	0.00824	0.01290	0.00730	0.00889	0.00621	0.03019	0.00352	0.00070	0.00300	0.00249	0.00238	0.85556
42	0.03303	0.00419	0.00443	0.00434	0.00563	0.00366	0.00327	0.00638	0.00960	0.01233	0.23039	0.03549	0.61442	0.00948	0.00467	0.00133	0.00203	0.00797	0.00385	0.00351
43	0.00757	0.00713	0.01203	0.84942	0.02762	0.00891	0.01114	0.01025	0.00802	0.01025	0.00713	0.01069	0.00535	0.00401	0.00401	0.00134	0.00535	0.00356	0.00178	0.00446
44	0.00599	0.00398	0.00469	0.00468	0.00492	0.00396	0.00287	0.00630	0.00648	0.02745	0.04446	0.07108	0.05812	0.65158	0.08397	0.00368	0.00417	0.00616	0.00268	0.00277
45	0.00590	0.00442	0.00637	0.00638	0.00714	0.00501	0.00491	0.03128	0.00701	0.00992	0.01261	0.10323	0.03150	0.02703	0.71099	0.00567	0.00947	0.00511	0.00241	0.00364
46	0.01037	0.00873	0.00924	0.00818	0.01048	0.01001	0.00639	0.10516	0.71331	0.01755	0.03037	0.02861	0.01237	0.00554	0.00410	0.00135	0.00327	0.00460	0.00407	0.00630
47	0.00573	0.00430	0.00645	0.00645	0.00716	0.00501	0.00501	0.00716	0.00645	0.00931	0.01074	0.01576	0.01003	0.03008	0.84316	0.00645	0.01074	0.00430	0.00215	0.00358
48	0.00608	0.00452	0.00659	0.08036	0.02728	0.00510	0.00500	0.00712	0.00643	0.00898	0.01063	0.01760	0.01050	0.23200	0.50362	0.05007	0.00806	0.00456	0.00216	0.00334
49	0.00987	0.00947	0.01618	0.04368	0.81540	0.00951	0.01228	0.01226	0.00911	0.01304	0.00753	0.00994	0.00633	0.00358	0.00397	0.00119	0.00478	0.00357	0.00198	0.00631
50	0.00879	0.00759	0.01097	0.14781	0.10975	0.00817	0.08868	0.03092	0.27339	0.03991	0.06440	0.07167	0.06008	0.00600	0.00435	0.00137	0.00394	0.05371	0.00323	0.00528
51	0.17433	0.07694	0.05725	0.02715	0.05464	0.28742	0.06189	0.17362	0.01131	0.02975	0.00716	0.00815	0.00555	0.00406	0.00353	0.00114	0.00536	0.00294	0.00252	0.00530
52	0.00948	0.00922	0.00779	0.00722	0.00834	0.25595	0.00527	0.07894	0.02148	0.01037	0.00967	0.01536	0.00941	0.24876	0.22898	0.05681	0.00669	0.00411	0.00237	0.00379
53	0.10038	0.00975	0.01515	0.01220	0.02994	0.04435	0.25695	0.02164	0.00766	0.01177	0.00631	0.00914	0.00546	0.00535	0.00879	0.00153	0.44317	0.00371	0.00196	0.00478
54	0.00573	0.00428	0.00638	0.00638	0.00707	0.00498	0.00493	0.00712	0.00643	0.00926	0.01080	0.01609	0.01017	0.05638	0.81705	0.00636	0.01052	0.00435	0.00216	0.00354
55	0.00578	0.00411	0.00549	0.00549	0.00587	0.00449	0.00382	0.00655	0.00616	0.00860	0.01162	0.02060	0.01213	0.41288	0.46324	0.00526	0.00758	0.00501	0.00228	0.00305
56	0.00515	0.00368	0.00496	0.00589	0.00624	0.00349	0.00418	0.00604	0.00794	0.01054	0.02196	0.71965	0.02594	0.01231	0.00519	0.00167	0.00256	0.14557	0.00372	0.00333
57	0.01750	0.00672	0.00915	0.00705	0.01007	0.00581	0.00581	0.01906	0.01147	0.80368	0.04877	0.01431	0.01105	0.00509	0.00406	0.00124	0.00335	0.00416	0.00494	0.00670
58	0.01072	0.86147	0.02102	0.00686	0.01029	0.01587	0.00686	0.01201	0.00815	0.00944	0.00558	0.00643	0.00515	0.00343	0.00257	0.00086	0.00429	0.00214	0.00172	0.00515
59	0.00491	0.00350	0.00465	0.00556	0.00578	0.00327	0.00369	0.00559	0.00764	0.01018	0.02188	0.83717	0.02625	0.03221	0.00547	0.00168	0.00236	0.01127	0.00369	0.00324
60	0.00748	0.00374	0.00374	0.00374	0.00467	0.00374	0.00280	0.00934	0.00841	0.01495	0.01308	0.01495	0.01028	0.00467	0.00280	0.00093	0.00187	0.00374	0.88132	0.00374
61	0.00573	0.00430	0.00645	0.00645	0.00716	0.00501	0.00501	0.00716	0.00645	0.00931	0.01074	0.01576	0.01003	0.03008	0.84316	0.00645	0.01074	0.00430	0.00215	0.00358
62	0.00578	0.00409	0.00541	0.00541	0.00577	0.00445	0.00373	0.00650	0.00614	0.00855	0.01169	0.02098	0.01230	0.44321	0.43314	0.00517	0.00733	0.00506	0.00229	0.00301
63	0.00610	0.00430	0.00557	0.00519	0.00623	0.00402	0.00391	0.00826	0.03549	0.03592	0.78807	0.02912	0.03641	0.00804	0.00469	0.00126	0.00197	0.00709	0.00442	0.00393
64	0.01498	0.01911	0.01137	0.01033	0.01240	0.84295	0.00775	0.01601	0.01137	0.00982	0.00620	0.00723	0.00517	0.00413	0.00362	0.00103	0.00723	0.00258	0.00207	0.00465
65	0.08302	0.00465	0.00547	0.00551	0.00656	0.00450	0.00408	0.00839	0.02118	0.09870	0.06322	0.23828	0.15869	0.15358	0.02609	0.00200	0.00307	0.10573	0.00353	0.00375
66	0.00521	0.00372	0.00503	0.00595	0.00633	0.00354	0.00429	0.00614	0.00800	0.01060	0.02193	0.68965	0.02582	0.01226	0.00521	0.00167	0.00261	0.17499	0.00372	0.00335
67	0.00653	0.00429	0.00475	0.00503	0.00577	0.02328	0.00359	0.00842	0.05300	0.01310	0.09966	0.36408	0.01977	0.00832	0.00404	0.00128	0.00226	0.00728	0.36185	0.00371
68	0.00528	0.00382	0.00507	0.00590	0.00640	0.00361	0.00435	0.00631	0.00826	0.01086	0.04332	0.57834	0.08359	0.01192	0.00519	0.00165	0.00263	0.20636	0.00373	0.00339
69	0.00600	0.00395	0.00508	0.00545	0.00619	0.00360	0.00388	0.00703	0.00880	0.07198	0.15093	0.51983	0.14515	0.01092	0.00494	0.00151	0.00234	0.03488	0.00392	0.00363
70	0.00584	0.00399	0.00498	0.00498	0.00519	0.00419	0.00319	0.00619	0.00599	0.00819	0.01194	0.02288	0.01308	0.60073	0.25279	0.02964	0.00581	0.00533	0.00233	0.00274
71	0.00479	0.00394	0.00422	0.00441	0.00551	0.00337	0.00321	0.00576	0.00888	0.01082	0.05365	0.21219	0.64415	0.01063	0.00482	0.00141	0.00209	0.00906	0.00374	0.00337
72	0.00697	0.00348	0.00522	0.00522	0.00522	0.00348	0.00348	0.00522	0.00522	0.00697	0.00697	0.01219	0.00697	0.01393	0.01567	0.88332	0.00348	0.00348	0.00174	0.00174
73	0.03943	0.00468	0.00604	0.00543	0.00676	0.00433	0.02429	0.00892	0.01012	0.11706	0.43640	0.04545	0.15284	0.03519	0.01689	0.04019	0.00253	0.00652	0.03292	0.00401
74	0.00617	0.00406	0.00502	0.01667	0.01665	0.00407	0.00330	0.02259	0.00657	0.00884	0.01348	0.15797	0.01525	0.51124	0.01554	0.12783	0.00357	0.03552	0.02295	0.00271
75	0.00832	0.00713	0.00832	0.00594	0.00950	0.00535	0.00475	0.01010	0.00832	0.01307	0.00713	0.00832	0.00594	0.00297	0.00297	0.00059	0.00297	0.00238	0.00238	0.88357
76	0.08738	0.12327	0.16504	0.03720	0.02839	0.11272	0.12438	0.07981	0.04118	0.01289	0.00745	0.00922	0.00598	0.00583	0.04341	0.04954	0.05579	0.00326	0.00218	0.00508
77	0.01531	0.01127	0.01195	0.00919	0.01238	0.02838	0.00758	0.78433	0.01852	0.04597	0.00972	0.00969	0.00687	0.00480	0.00400	0.00120	0.00444	0.00360	0.00400	0.00678
78	0.00854	0.02412	0.08437	0.04862	0.18173	0.01721	0.07515	0.02132	0.09006	0.03281	0.20097	0.02469	0.02650	0.00556	0.01396	0.00128	0.03498	0.01497	0.00291	0.09026
79	0.01004	0.00925	0.02428	0.06788	0.01173	0.07279	0.00775	0.17753	0.09892	0.01413	0.01149	0.04194	0.04261	0.00665	0.00715	0.00148	0.27555	0.10008	0.00288	0.01589
80	0.00494	0.00353	0.00472	0.00565	0.00591	0.00331	0.00382	0.00568	0.00774	0.01030	0.02207	0.82680	0.02640	0.01251	0.00513	0.00164	0.00238	0.04047	0.00372	0.00327
81	0.00582	0.00405	0.00529	0.00529	0.00560	0.00436	0.00358	0.00639	0.00608	0.00841	0.01164	0.02128	0.01238	0.47530	0.37468	0.03273	0.00683	0.00510	0.00229	0.00290
82	0.00681	0.00642	0.01112	0.00891	0.01086	0.00608	0.26038	0.00902	0.02329	0.01318	0.27695	0.07781	0.20151	0.00741	0.00506	0.00137	0.03236	0.03387	0.00335	0.00423
83	0.01381	0.01009	0.01093	0.00868	0.01157	0.01113	0.00707	0.56931	0.18642	0.06682	0.05340	0.01200	0.00970	0.00513	0.00406	0.00124	0.00397	0.00401	0.00410	0.00657
84	0.00710	0.00400	0.00432	0.00425	0.00522	0.00397	0.00318	0.00931	0.04110	0.01509	0.18455	0.04883	0.01671	0.00573	0.00334	0.00104	0.00194	0.00478	0.63170	0.00383
85	0.00605	0.00411	0.00488	0.00484	0.00505	0.00425	0.00301	0.02528	0.00634	0.00865	0.01250	0.04396	0.01386	0.66622	0.15142	0.00411	0.00492	0.00562	0.02215	0.00277
86	0.01624	0.00802	0.00978	0.00759	0.01054	0.00785	0.00623	0.27963	0.01363	0.50863	0.01375	0.02747	0.00923	0.00503	0.00397	0.00122	0.00363	0.00401	0.05697	0.00658
87	0.00539	0.00370	0.00451	0.00494	0.00505	0.00359	0.00304	0.00572	0.00670	0.00894	0.01710	0.41728	0.02021	0.46035	0.01321	0.00282	0.00315	0.00846	0.00304	0.00282
88	0.01261	0.00895	0.00978	0.00816	0.01078	0.00987	0.00653	0.25598	0.43960	0.13931	0.01416	0.01320	0.01024	0.00516	0.00401	0.00128	0.00353	0.00416	0.03624	0.00646
89	0.00592	0.00413	0.00510	0.00525	0.00552	0.00425	0.00350	0.00662	0.02542	0.00917	0.04433	0.14235	0.01707	0.50184	0.09130	0.02314	0.01952	0.07986	0.00278	0.00293
90	0.88738	0.00776	0.00589	0.00527	0.00776	0.00900	0.00434	0.01179	0.00683	0.01799	0.00558	0.00651	0.00434	0.00372	0.00248	0.00124	0.00310	0.00217	0.00248	0.00434
91	0.01099	0.00912	0.00964	0.00837	0.01081	0.01045	0.00659	0.17478	0.67168	0.01841	0.01504	0.01394	0.01120	0.00532	0.00407	0.00133	0.00341	0.00436	0.00407	0.00644
92	0.00489	0.00349	0.00465	0.00558	0.00582	0.00326	0.00372	0.00558	0.00768	0.01024	0.02210	0.85644	0.02653	0.01256	0.00512	0.00163	0.00233	0.01140	0.00372	0.00326
93	0.01469	0.01012	0.01098	0.00850	0.01148	0.01102	0.00700	0.67284	0.01720	0.09146	0.01049	0.01050	0.00743	0.00481	0.00389	0.00118	0.00407	0.00366	0.09218	0.00651
94	0.00618	0.00377	0.00463	0.00463	0.00463	0.00377	0.00275	0.00565	0.00565	0.00753	0.01092	0.02199	0.01227	0.60309	0.01898	0.27024	0.00377	0.00512	0.00222	0.00222
95	0.01799	0.00683	0.00931	0.00714	0.01024	0.00589	0.00589	0.01954	0.01148	0.83682	0.01582	0.01365	0.00993	0.00496	0.00403	0.00124	0.00341	0.00403	0.00496	0.00683
96	0.00560	0.00410	0.00526	0.00497	0.00594	0.00375	0.00372	0.00742	0.01117	0.01565	0.76746	0.03066	0.10257	0.00836	0.00473	0.00127	0.00190	0.00735	0.00436	0.00375
97	0.00483	0.00404	0.00420	0.00421	0.00548	0.00342	0.00314	0.00591	0.00928	0.01127	0.10923	0.06893	0.73218	0.01008	0.00475	0.00136	0.00203	0.00847	0.00378	0.00342
98	0.00998	0.00862	0.00907	0.00816	0.01043	0.00998	0.00635	0.02131	0.82679	0.01678	0.01632	0.01496	0.01224	0.00544	0.00408	0.00136	0.00317	0.00453	0.00408	0.00635
99	0.00697	0.00348	0.00522	0.00522	0.00522	0.00348	0.00348	0.00522	0.00522	0.00697	0.00697	0.01219	0.00697	0.01393	0.01567	0.88332	0.00348	0.00348	0.00174	0.00174
100	0.00768	0.00724	0.01223	0.81101	0.06517	0.00894	0.01119	0.01034	0.00807	0.01038	0.00715	0.01066	0.00539	0.00399	0.00401	0.00133	0.00532	0.00356	0.00179	0.00454
101	0.01498	0.01911	0.01137	0.01033	0.01240	0.84295	0.00775	0.01601	0.01137	0.00982	0.00620	0.00723	0.00517	0.00413	0.00362	0.00103	0.00723	0.00258	0.00207	0.00465
102	0.01487	0.01111	0.01233	0.01031	0.07001	0.01223	0.00795	0.76402	0.01817	0.02442	0.00948	0.00965	0.00679	0.00473	0.00401	0.00120	0.00444	0.00361	0.00387	0.00679
103	0.00492	0.00351	0.00463	0.00551	0.00576	0.00328	0.00367	0.00560	0.00764	0.01016	0.02212	0.81295	0.04098	0.04148	0.00564	0.00170	0.00237	0.01116	0.00368	0.00323
104	0.00566	0.00410	0.00533	0.00503	0.00598	0.00378	0.00377	0.00753	0.01131	0.01598	0.81589	0.03013	0.05394	0.00824	0.00473	0.00126	0.00189	0.00728	0.00440	0.00378
105	0.00497	0.00377	0.00461	0.00514	0.00580	0.00337	0.00356	0.00585	0.00831	0.01079	0.07184	0.56254	0.25144	0.01143	0.00494	0.00151	0.00224	0.01014	0.00373	0.02403
106	0.00877	0.00877	0.01228	0.01053	0.01053	0.01228	0.00877	0.00965	0.00614	0.00965	0.00526	0.00877	0.00526	0.00702	0.01316	0.00175	0.85172	0.00351	0.00175	0.00439
107	0.01485	0.01103	0.01175	0.00910	0.01219	0.02179	0.00748	0.78047	0.01835	0.02453	0.01006	0.04159	0.00755	0.00510	0.00405	0.00122	0.00437	0.00389	0.00398	0.00666
108	0.00497	0.00401	0.00443	0.00450	0.00563	0.00347	0.00333	0.00613	0.00939	0.01180	0.19159	0.13764	0.56554	0.01009	0.00480	0.00138	0.00207	0.02193	0.00386	0.00345
109	0.00965	0.52376	0.34930	0.00870	0.01313	0.01324	0.01006	0.01229	0.00828	0.01075	0.00623	0.00725	0.00512	0.00358	0.00307	0.00102	0.00495	0.00247	0.00171	0.00546
110	0.00988	0.00948	0.01620	0.03983	0.81916	0.00952	0.01229	0.01227	0.00911	0.01305	0.00754	0.00994	0.00633	0.00358	0.00397	0.00119	0.00478	0.00357	0.00198	0.00632
111	0.00868	0.00725	0.00766	0.00693	0.00891	0.00798	0.00538	0.06431	0.50523	0.01559	0.05198	0.02110	0.21718	0.00710	0.01941	0.00143	0.00301	0.00553	0.02993	0.00542
112	0.00998	0.00862	0.00907	0.00816	0.01043	0.00998	0.00635	0.02131	0.82679	0.01678	0.01632	0.01496	0.01224	0.00544	0.00408	0.00136	0.00317	0.00453	0.00408	0.00635
113	0.01525	0.01123	0.01204	0.00923	0.01244	0.01244	0.00762	0.82067	0.01886	0.02528	0.00963	0.00963	0.00682	0.00481	0.00401	0.00120	0.00441	0.00361	0.00401	0.00682
114	0.01155	0.00765	0.00817	0.00678	0.00894	0.00828	0.00543	0.34462	0.12593	0.06162	0.01225	0.01270	0.00911	0.00485	0.00354	0.00112	0.00317	0.00381	0.35495	0.00552
115	0.00580	0.00390	0.00444	0.00450	0.00456	0.00388	0.00261	0.00590	0.00604	0.00803	0.01360	0.05731	0.02571	0.79194	0.01921	0.00371	0.00380	0.03002	0.00253	0.00251
116	0.00474	0.00406	0.00406	0.00406	0.00542	0.00339	0.00305	0.00576	0.00914	0.01083	0.04063	0.03860	0.83241	0.01016	0.00474	0.00135	0.00203	0.00846	0.00372	0.00339
117	0.00877	0.00877	0.01228	0.01053	0.01053	0.01228	0.00877	0.00965	0.00614	0.00965	0.00526	0.00877	0.00526	0.00702	0.01316	0.00175	0.85172	0.00351	0.00175	0.00439
118	0.00502	0.00404	0.00447	0.00446	0.00562	0.00350	0.00332	0.00624	0.00956	0.01210	0.23824	0.09161	0.55713	0.01953	0.00495	0.00139	0.00206	0.01942	0.00388	0.00347
119	0.00674	0.00502	0.00632	0.00673	0.00780	0.00508	0.00551	0.04793	0.07929	0.01261	0.04461	0.14402	0.11238	0.04963	0.00586	0.00177	0.00328	0.44777	0.00371	0.00392
120	0.00832	0.00713	0.00832	0.00594	0.00950	0.00535	0.00475	0.01010	0.00832	0.01307	0.00713	0.00832	0.00594	0.00297	0.00297	0.00059	0.00297	0.00238	0.00238	0.88357
121	0.00886	0.00729	0.00847	0.00617	0.00960	0.00579	0.00494	0.05815	0.02184	0.03059	0.02026	0.02124	0.00695	0.00338	0.00313	0.00068	0.00304	0.00272	0.00260	0.77429
122	0.00691	0.00450	0.00542	0.00527	0.00632	0.00434	0.00391	0.04227	0.04461	0.05330	0.32355	0.22532	0.08161	0.00833	0.00438	0.00130	0.00223	0.00728	0.16514	0.00400
123	0.00908	0.00719	0.00798	0.00719	0.00909	0.00793	0.00556	0.03247	0.52533	0.05182	0.24839	0.03831	0.01965	0.00636	0.00429	0.00133	0.00282	0.00543	0.00420	0.00558
124	0.00616	0.00436	0.00594	0.00675	0.00748	0.00431	0.00558	0.00759	0.00862	0.01124	0.02066	0.15714	0.03816	0.08884	0.00703	0.01991	0.00348	0.58973	0.00354	0.00347
125	0.00617	0.00478	0.00658	0.00637	0.00674	0.00565	0.00472	0.00706	0.00626	0.00892	0.01093	0.04699	0.01131	0.27902	0.44499	0.00483	0.12822	0.00490	0.00223	0.00333
126	0.00742	0.00510	0.00608	0.00558	0.00696	0.00504	0.00427	0.01096	0.16207	0.07360	0.49013	0.02547	0.09339	0.00732	0.00440	0.00126	0.00225	0.00633	0.07793	0.00444
127	0.00489	0.00408	0.00429	0.00442	0.00568	0.00348	0.00336	0.00596	0.00907	0.01090	0.03804	0.08270	0.72284	0.01036	0.00483	0.00141	0.00218	0.07439	0.00372	0.00340
128	0.00785	0.00695	0.00886	0.07525	0.01045	0.03377	0.04694	0.01219	0.23210	0.01380	0.27507	0.01912	0.03266	0.03917	0.06621	0.00182	0.10454	0.00525	0.00336	0.00465
129	0.00836	0.00814	0.01140	0.02615	0.01026	0.01121	0.00818	0.00926	0.00618	0.00953	0.00613	0.01035	0.00616	0.05971	0.07149	0.00220	0.72557	0.00371	0.00182	0.00421
130	0.19075	0.01143	0.22170	0.06068	0.01472	0.00883	0.19483	0.04215	0.01825	0.07530	0.02775	0.06958	0.00795	0.00468	0.00422	0.00133	0.03409	0.00408	0.00250	0.00521
131	0.00513	0.00392	0.00474	0.00525	0.00594	0.00363	0.00368	0.00645	0.04279	0.01106	0.07557	0.52719	0.25653	0.01130	0.00495	0.00152	0.00227	0.02085	0.00378	0.00346
132	0.04418	0.26308	0.01273	0.00712	0.02211	0.02394	0.00602	0.13429	0.04624	0.01418	0.01983	0.00851	0.00653	0.00363	0.00309	0.00085	0.00368	0.00268	0.00253	0.37479

[dist]
# distance from previous block
# <min> <max>
0	1

[block]
# block no. 3 follows, 67 sequences, length 12
# corresponding to MSA columns:
# 374-385
name=unknown_D
#
# <colnr> <probs for GDERKNQSTAVLIFYWHMCP>
#	G	D	E	R	K	N	Q	S	T	A	V	L	I	F	Y	W	H	M	C	P
0	0.00944	0.06524	0.27738	0.02404	0.04838	0.04055	0.06428	0.03549	0.06594	0.07041	0.02592	0.05534	0.00828	0.01727	0.02274	0.00133	0.02848	0.00379	0.00249	0.13320
1	0.02337	0.27632	0.32193	0.04626	0.01403	0.01126	0.03173	0.08444	0.02683	0.06207	0.02255	0.00891	0.00635	0.00399	0.00362	0.00113	0.01858	0.00300	0.00225	0.03139
2	0.00581	0.00427	0.00577	0.00582	0.00629	0.00470	0.00417	0.00696	0.02538	0.00937	0.03702	0.13484	0.01437	0.26555	0.42599	0.00466	0.02738	0.00579	0.00255	0.00329
3	0.00833	0.00795	0.01350	0.14737	0.42544	0.00803	0.09101	0.01058	0.00913	0.01246	0.07399	0.03343	0.13123	0.00513	0.00425	0.00127	0.00439	0.00485	0.00243	0.00527
4	0.03494	0.04008	0.11434	0.04519	0.18550	0.00761	0.05735	0.05229	0.00969	0.17659	0.04148	0.16287	0.04276	0.00596	0.00418	0.00130	0.00407	0.00528	0.00310	0.00543
5	0.00961	0.04242	0.28543	0.06494	0.08476	0.02722	0.05645	0.03333	0.09774	0.10188	0.04926	0.03516	0.05533	0.00500	0.00435	0.00129	0.03338	0.00417	0.00272	0.00558
6	0.00763	0.00713	0.01172	0.76406	0.02573	0.00889	0.01065	0.01048	0.03386	0.01063	0.03547	0.01141	0.00667	0.00431	0.00436	0.00135	0.03550	0.00372	0.00194	0.00449
7	0.00581	0.00399	0.00487	0.00487	0.00504	0.00416	0.00305	0.00615	0.00598	0.00814	0.01218	0.02373	0.01349	0.66019	0.21778	0.00450	0.00553	0.00546	0.00236	0.00271
8	0.00914	0.00731	0.00854	0.00616	0.00968	0.00571	0.00495	0.04902	0.00898	0.05604	0.00769	0.00865	0.00619	0.00316	0.00307	0.00066	0.00306	0.00252	0.00259	0.79687
9	0.43693	0.00735	0.00763	0.00624	0.00897	0.00757	0.00514	0.04611	0.00951	0.38147	0.03961	0.01063	0.00810	0.00447	0.00331	0.00124	0.00325	0.00323	0.00371	0.00552
10	0.01273	0.00610	0.00766	0.00624	0.00859	0.00553	0.00502	0.08198	0.01151	0.44288	0.14833	0.02126	0.19093	0.00657	0.00426	0.00126	0.00293	0.00545	0.02523	0.00554
11	0.01360	0.00763	0.01016	0.02616	0.03070	0.00748	0.05636	0.18510	0.05222	0.37479	0.07111	0.03168	0.06175	0.00612	0.01877	0.00137	0.00382	0.03097	0.00417	0.00601

[dist]
# distance from previous block
# <min> <max>
0	11

[block]
# block no. 4 follows, 67 sequences, length 38
# corresponding to MSA columns:
# 397-434
name=unknown_E
#
# <colnr> <probs for GDERKNQSTAVLIFYWHMCP>
#	G	D	E	R	K	N	Q	S	T	A	V	L	I	F	Y	W	H	M	C	P
0	0.02266	0.24252	0.12572	0.03302	0.16707	0.07434	0.06092	0.04435	0.04510	0.03320	0.00783	0.00971	0.00646	0.00399	0.00370	0.00110	0.01872	0.02455	0.00220	0.07284
1	0.01190	0.03665	0.06090	0.02191	0.13418	0.11595	0.07717	0.28228	0.02749	0.03091	0.04660	0.01064	0.00792	0.01609	0.01671	0.00133	0.06557	0.00368	0.00285	0.02927
2	0.00657	0.00360	0.00523	0.00529	0.00546	0.00360	0.00361	0.00550	0.00587	0.00784	0.03213	0.07193	0.05280	0.01486	0.08445	0.67867	0.00390	0.00446	0.00209	0.00214
3	0.01275	0.11207	0.06501	0.05933	0.04006	0.47255	0.04774	0.07510	0.02530	0.01156	0.00808	0.00915	0.03580	0.00427	0.00368	0.00110	0.00613	0.00308	0.00222	0.00501
4	0.00576	0.00417	0.00493	0.00523	0.00568	0.00412	0.00350	0.00701	0.06319	0.00983	0.01947	0.28905	0.10331	0.37629	0.01163	0.00257	0.00314	0.07476	0.00319	0.00316
5	0.00788	0.00630	0.00954	0.01253	0.31598	0.00619	0.00705	0.00958	0.02923	0.04241	0.17815	0.02048	0.10648	0.07676	0.04637	0.07924	0.00386	0.03450	0.00291	0.00457
6	0.02230	0.06002	0.04581	0.00999	0.08239	0.13052	0.03365	0.12414	0.18816	0.05577	0.01024	0.01128	0.00806	0.00836	0.13123	0.00198	0.02319	0.00363	0.00290	0.04636
7	0.41439	0.01233	0.00894	0.00777	0.01024	0.30282	0.00613	0.15216	0.01057	0.03200	0.00669	0.00744	0.00516	0.00408	0.00317	0.00116	0.00479	0.00260	0.00265	0.00492
8	0.00501	0.00399	0.00450	0.00465	0.00571	0.00349	0.00344	0.00616	0.00929	0.01173	0.17978	0.18113	0.51310	0.01026	0.00484	0.00141	0.00213	0.04209	0.00385	0.00345
9	0.00600	0.00399	0.00488	0.00504	0.00567	0.00372	0.00342	0.00679	0.00808	0.05828	0.12568	0.31254	0.15976	0.24433	0.03158	0.00226	0.00294	0.00822	0.00349	0.00333
10	0.00696	0.00450	0.00610	0.00585	0.00644	0.01679	0.01831	0.02468	0.04790	0.00910	0.03380	0.01606	0.09386	0.01551	0.17058	0.50943	0.00479	0.00432	0.00227	0.00277
11	0.01095	0.00840	0.00910	0.00804	0.01041	0.00948	0.00629	0.02110	0.72740	0.11675	0.01626	0.01480	0.01196	0.00538	0.00407	0.00135	0.00320	0.00447	0.00419	0.00641
12	0.01483	0.01095	0.01172	0.00906	0.01217	0.01213	0.00746	0.76565	0.05618	0.02465	0.01002	0.00999	0.00715	0.00484	0.00399	0.00120	0.00430	0.00366	0.02332	0.00673
13	0.00533	0.00398	0.00467	0.00489	0.00560	0.00366	0.00340	0.01718	0.00854	0.01110	0.14902	0.27579	0.28156	0.17396	0.00788	0.00192	0.00254	0.03212	0.00358	0.00328
14	0.00773	0.00462	0.00668	0.00640	0.00742	0.00495	0.00496	0.00896	0.00731	0.14084	0.01227	0.04995	0.01117	0.06333	0.57591	0.04176	0.00839	0.03068	0.00270	0.00396
15	0.00573	0.00430	0.00645	0.00645	0.00716	0.00501	0.00501	0.00716	0.00645	0.00931	0.01074	0.01576	0.01003	0.03008	0.84316	0.00645	0.01074	0.00430	0.00215	0.00358
16	0.00731	0.00511	0.00617	0.00632	0.00729	0.00526	0.00456	0.01070	0.21113	0.07295	0.01920	0.45405	0.02034	0.09567	0.00635	0.00177	0.00285	0.05494	0.00377	0.00423
17	0.00533	0.00429	0.00479	0.00473	0.00592	0.00388	0.00352	0.00718	0.05786	0.01265	0.26673	0.10868	0.48100	0.00953	0.00473	0.00135	0.00209	0.00815	0.00395	0.00366
18	0.00697	0.00348	0.00522	0.00522	0.00522	0.00348	0.00348	0.00522	0.00522	0.00697	0.00697	0.01219	0.00697	0.01393	0.01567	0.88332	0.00348	0.00348	0.00174	0.00174
19	0.00947	0.01082	0.02366	0.01690	0.02096	0.01014	0.81947	0.01285	0.00947	0.01285	0.00811	0.01082	0.00609	0.00338	0.00473	0.00135	0.00676	0.00473	0.00203	0.00541
20	0.01079	0.00772	0.00869	0.00722	0.00933	0.00819	0.00574	0.39744	0.04850	0.04634	0.25796	0.09139	0.04426	0.00670	0.00431	0.00126	0.00324	0.00559	0.02993	0.00538
21	0.04436	0.00578	0.00682	0.00649	0.00786	0.00587	0.00490	0.16797	0.03411	0.10681	0.01778	0.44009	0.02857	0.00907	0.00452	0.00144	0.00295	0.04464	0.05542	0.00454
22	0.00573	0.00430	0.00645	0.00645	0.00716	0.00501	0.00501	0.00716	0.00645	0.00931	0.01074	0.01576	0.01003	0.03008	0.84316	0.00645	0.01074	0.00430	0.00215	0.00358
23	0.00860	0.00849	0.01182	0.01017	0.01017	0.01179	0.00840	0.00943	0.00612	0.00954	0.00569	0.00979	0.00581	0.05666	0.01358	0.00188	0.80232	0.00365	0.00179	0.00427
24	0.00569	0.00427	0.00628	0.00628	0.00700	0.00491	0.00485	0.00706	0.00654	0.00932	0.01205	0.01705	0.04450	0.05606	0.78156	0.00615	0.01016	0.00452	0.00222	0.00354
25	0.00583	0.00389	0.00437	0.00437	0.00437	0.00389	0.00243	0.00583	0.00583	0.00778	0.01264	0.02624	0.01458	0.85906	0.02041	0.00389	0.00389	0.00583	0.00243	0.00243
26	0.00474	0.00406	0.00406	0.00406	0.00542	0.00339	0.00305	0.00576	0.00914	0.01083	0.04063	0.03860	0.83241	0.01016	0.00474	0.00135	0.00203	0.00846	0.00372	0.00339
27	0.01063	0.00941	0.00941	0.00836	0.01068	0.05868	0.00652	0.07656	0.72313	0.01696	0.01527	0.01414	0.01145	0.00532	0.00405	0.00133	0.00350	0.00436	0.00396	0.00628
28	0.00530	0.00420	0.00503	0.00514	0.00597	0.00401	0.00377	0.00636	0.00883	0.01147	0.17961	0.24767	0.35792	0.05379	0.00616	0.00158	0.05174	0.03433	0.00367	0.00345
29	0.00847	0.00804	0.01364	0.53577	0.33428	0.00915	0.01158	0.01103	0.00844	0.01133	0.00729	0.01040	0.00573	0.00384	0.00399	0.00128	0.00512	0.00357	0.00186	0.00518
30	0.10101	0.00907	0.03626	0.30754	0.36496	0.02259	0.07834	0.01165	0.00855	0.01254	0.00721	0.00983	0.00572	0.00374	0.00388	0.00126	0.00503	0.00349	0.00196	0.00537
31	0.01265	0.00927	0.01363	0.11169	0.31820	0.00960	0.04737	0.23794	0.01217	0.17291	0.00968	0.01068	0.00703	0.00422	0.00403	0.00123	0.00457	0.00372	0.00309	0.00631
32	0.01097	0.19708	0.28473	0.01093	0.07712	0.02389	0.05406	0.15563	0.01047	0.07560	0.00794	0.00895	0.00599	0.00445	0.01503	0.00125	0.04447	0.00316	0.00241	0.00587
33	0.00966	0.01056	0.08138	0.02178	0.61104	0.00973	0.13241	0.01230	0.00899	0.01287	0.00750	0.00989	0.00616	0.00372	0.00450	0.00125	0.04452	0.00370	0.00196	0.00609
34	0.00477	0.00406	0.00411	0.00410	0.00544	0.00340	0.00307	0.00582	0.00922	0.01102	0.06901	0.03829	0.80391	0.01009	0.00474	0.00135	0.00203	0.00842	0.00375	0.00340
35	0.00985	0.03388	0.18634	0.06854	0.46857	0.00932	0.07099	0.01268	0.00906	0.06775	0.00821	0.02237	0.00651	0.00386	0.00398	0.00123	0.00505	0.00364	0.00213	0.00604
36	0.01435	0.00974	0.01209	0.01251	0.21692	0.09028	0.02863	0.18483	0.04376	0.31309	0.01145	0.02607	0.00820	0.00462	0.00401	0.00121	0.00439	0.00385	0.00361	0.00638
37	0.83802	0.00781	0.00639	0.02313	0.03779	0.00901	0.00477	0.01178	0.00693	0.01766	0.00569	0.00672	0.00444	0.00372	0.00257	0.00124	0.00321	0.00225	0.00245	0.00442

[dist]
# distance from previous block
# <min> <max>
0	1

[block]
# block no. 5 follows, 67 sequences, length 13
# corresponding to MSA columns:
# 436-448
name=unknown_F
#
# <colnr> <probs for GDERKNQSTAVLIFYWHMCP>
#	G	D	E	R	K	N	Q	S	T	A	V	L	I	F	Y	W	H	M	C	P
0	0.00834	0.00789	0.01336	0.51348	0.27718	0.00900	0.03326	0.01110	0.02849	0.01133	0.00766	0.01078	0.00605	0.00500	0.03954	0.00151	0.00538	0.00365	0.00192	0.00508
1	0.00678	0.00495	0.03020	0.00587	0.00714	0.00434	0.00479	0.00880	0.02682	0.07395	0.48535	0.06643	0.08278	0.00867	0.00482	0.00140	0.00253	0.16617	0.00415	0.00405
2	0.01037	0.00944	0.00925	0.00833	0.01058	0.07548	0.00646	0.02089	0.76267	0.01623	0.01553	0.01436	0.01169	0.00534	0.00404	0.00133	0.00349	0.00438	0.00392	0.00621
3	0.01525	0.01123	0.01204	0.00923	0.01244	0.01244	0.00762	0.82067	0.01886	0.02528	0.00963	0.00963	0.00682	0.00481	0.00401	0.00120	0.00441	0.00361	0.00401	0.00682
4	0.00583	0.00389	0.00437	0.00437	0.00437	0.00389	0.00243	0.00583	0.00583	0.00778	0.01264	0.02624	0.01458	0.85906	0.02041	0.00389	0.00389	0.00583	0.00243	0.00243
5	0.00927	0.01530	0.45734	0.03100	0.01495	0.00968	0.03287	0.11146	0.18335	0.01502	0.03299	0.01141	0.00811	0.00463	0.00425	0.00131	0.02977	0.01874	0.00261	0.00593
6	0.00621	0.00459	0.00675	0.00658	0.00709	0.00544	0.00505	0.00706	0.00621	0.00893	0.00972	0.01495	0.00928	0.05709	0.60826	0.13684	0.09039	0.00416	0.00206	0.00334
7	0.00489	0.00349	0.00465	0.00558	0.00582	0.00326	0.00372	0.00558	0.00768	0.01024	0.02210	0.85644	0.02653	0.01256	0.00512	0.00163	0.00233	0.01140	0.00372	0.00326
8	0.00901	0.00827	0.01211	0.34434	0.23179	0.00944	0.00979	0.01460	0.29074	0.01324	0.01041	0.01197	0.00799	0.00439	0.00402	0.00131	0.00445	0.00390	0.00263	0.00560
