[name]
unknown

[dist]
# distance from previous block
# <min> <max>
12	45

[block]
# block no. 0 follows, 52 sequences, length 6
# corresponding to MSA columns:
# 94-98,111
name=unknown_A
#
# <colnr> <probs for GDERKNQSTAVLIFYWHMCP>
#	G	D	E	R	K	N	Q	S	T	A	V	L	I	F	Y	W	H	M	C	P
0	0.00829	0.05386	0.00798	0.00672	0.00820	0.00644	0.00504	0.07260	0.01096	0.03569	0.08001	0.22416	0.23694	0.10091	0.04777	0.02177	0.02125	0.00877	0.00405	0.03858
1	0.03125	0.16287	0.10716	0.03636	0.07034	0.03960	0.08880	0.06423	0.04490	0.09228	0.01296	0.08472	0.02669	0.07419	0.00649	0.00173	0.02085	0.00522	0.00321	0.02614
2	0.07185	0.06962	0.11944	0.11263	0.05933	0.05058	0.07312	0.19899	0.02811	0.07560	0.01070	0.03233	0.00830	0.00663	0.03704	0.00175	0.02957	0.00438	0.00330	0.00675
3	0.00845	0.00644	0.00908	0.00830	0.00967	0.00650	0.06956	0.01131	0.09261	0.05864	0.21647	0.29332	0.06973	0.06085	0.00750	0.00193	0.05090	0.00933	0.00443	0.00497
4	0.03742	0.15441	0.10560	0.05234	0.08185	0.06480	0.13872	0.12770	0.04659	0.03587	0.05524	0.01262	0.00961	0.00527	0.00525	0.00147	0.05119	0.00437	0.00303	0.00665
5	0.05518	0.08803	0.01360	0.06467	0.08789	0.06639	0.03676	0.17576	0.04970	0.01781	0.05163	0.11536	0.06425	0.00753	0.00552	0.00158	0.04879	0.03984	0.00363	0.00610

[dist]
# distance from previous block
# <min> <max>
0	8

[block]
# block no. 1 follows, 52 sequences, length 23
# corresponding to MSA columns:
# 120-142
name=unknown_B
#
# <colnr> <probs for GDERKNQSTAVLIFYWHMCP>
#	G	D	E	R	K	N	Q	S	T	A	V	L	I	F	Y	W	H	M	C	P
0	0.00981	0.00796	0.04106	0.06612	0.08789	0.00743	0.05896	0.07516	0.03414	0.08094	0.06806	0.37093	0.05124	0.01007	0.00557	0.00172	0.00417	0.00909	0.00412	0.00556
1	0.04176	0.00705	0.00771	0.00705	0.00847	0.03363	0.00505	0.10243	0.02694	0.10579	0.08132	0.14423	0.08312	0.29251	0.02938	0.00281	0.00432	0.00750	0.00409	0.00485
2	0.05562	0.04306	0.05353	0.07749	0.14832	0.02942	0.14772	0.16042	0.02985	0.06105	0.01313	0.06509	0.04756	0.00602	0.00540	0.00156	0.03946	0.00530	0.00333	0.00668
3	0.07264	0.05044	0.18522	0.01349	0.04331	0.08927	0.15548	0.16283	0.06533	0.05710	0.01072	0.02921	0.00820	0.00528	0.00507	0.00152	0.03030	0.00443	0.00322	0.00691
4	0.00869	0.02612	0.14011	0.03064	0.06641	0.02498	0.13380	0.02657	0.01035	0.01394	0.03308	0.31225	0.07480	0.05398	0.00673	0.00188	0.01850	0.00847	0.00339	0.00532
5	0.48034	0.01055	0.01214	0.12692	0.18566	0.04957	0.04221	0.01442	0.00946	0.01839	0.00769	0.00975	0.00609	0.00451	0.00383	0.00150	0.00500	0.00339	0.00270	0.00587
6	0.01001	0.00722	0.00861	0.00721	0.00967	0.02395	0.00550	0.02818	0.01021	0.09510	0.06096	0.06879	0.04809	0.11768	0.15651	0.00281	0.00551	0.00542	0.00350	0.32507
7	0.01327	0.36896	0.06510	0.01024	0.04020	0.03230	0.00898	0.13542	0.22324	0.01735	0.03276	0.01224	0.00997	0.00527	0.00411	0.00133	0.00497	0.00394	0.00338	0.00697
8	0.03603	0.02594	0.07552	0.05388	0.04891	0.02331	0.02384	0.10804	0.07705	0.09682	0.08640	0.14020	0.07797	0.02299	0.00549	0.00164	0.00439	0.04215	0.00410	0.04530
9	0.05414	0.08284	0.22126	0.03045	0.06580	0.09170	0.02366	0.18898	0.02864	0.10514	0.03659	0.01202	0.00884	0.00531	0.00480	0.00145	0.02388	0.00405	0.00340	0.00707
10	0.01257	0.00966	0.07751	0.00847	0.01137	0.00849	0.00733	0.23754	0.01551	0.14226	0.23755	0.05816	0.13658	0.00822	0.00526	0.00154	0.00392	0.00686	0.00486	0.00634
11	0.00690	0.00530	0.00717	0.00738	0.00831	0.00502	0.04210	0.05215	0.01055	0.01389	0.05226	0.60637	0.13705	0.01353	0.00601	0.00186	0.00315	0.01219	0.00445	0.00435
12	0.03195	0.06836	0.06715	0.01383	0.06207	0.10418	0.19437	0.17583	0.05812	0.01833	0.00986	0.01135	0.00761	0.00477	0.00488	0.00137	0.02343	0.00417	0.00311	0.13527
13	0.01145	0.07938	0.23081	0.05222	0.05995	0.02772	0.13705	0.04988	0.08975	0.05320	0.03014	0.03684	0.02999	0.00580	0.00545	0.00155	0.04789	0.02272	0.00303	0.02518
14	0.00714	0.00504	0.00701	0.00701	0.00780	0.00565	0.00527	0.00867	0.00802	0.01177	0.01446	0.02137	0.03151	0.14423	0.59361	0.00649	0.01041	0.00550	0.09487	0.00415
15	0.01292	0.30234	0.10741	0.03770	0.01717	0.09111	0.19342	0.05749	0.01136	0.04751	0.00922	0.03411	0.00765	0.00519	0.00501	0.02322	0.02409	0.00414	0.00260	0.00632
16	0.05914	0.09278	0.04049	0.04542	0.08844	0.08090	0.11579	0.14194	0.05275	0.07478	0.04526	0.03237	0.01025	0.00681	0.02456	0.04087	0.03299	0.00466	0.00335	0.00646
17	0.00604	0.00448	0.00565	0.00640	0.00706	0.00409	0.00447	0.00715	0.01015	0.01331	0.10982	0.56352	0.18455	0.01400	0.00607	0.00187	0.00275	0.04000	0.00458	0.00405
18	0.00761	0.00528	0.00640	0.00670	0.02912	0.00477	0.00471	0.02461	0.01135	0.06857	0.15777	0.27332	0.32742	0.01174	0.00568	0.00168	0.00279	0.01020	0.03568	0.00461
19	0.08036	0.02710	0.06191	0.09783	0.14197	0.07596	0.07501	0.07945	0.09528	0.10174	0.01200	0.05308	0.00955	0.00548	0.00468	0.00147	0.00548	0.00469	0.00340	0.06357
20	0.01176	0.18617	0.14614	0.06302	0.06928	0.04340	0.22650	0.01548	0.05110	0.04901	0.01134	0.02857	0.02614	0.00526	0.00498	0.00149	0.02151	0.02965	0.00271	0.00648
21	0.00670	0.00478	0.00581	0.00623	0.00718	0.00437	0.00441	0.00821	0.02870	0.03831	0.13569	0.44321	0.23949	0.01294	0.00585	0.00177	0.00269	0.01142	0.02790	0.00430
22	0.03840	0.08281	0.21975	0.08112	0.08630	0.06606	0.05481	0.08903	0.02871	0.04209	0.03082	0.04182	0.05760	0.00595	0.00511	0.01435	0.02129	0.00473	0.00297	0.02629

[dist]
# distance from previous block
# <min> <max>
3	23

[block]
# block no. 2 follows, 52 sequences, length 35
# corresponding to MSA columns:
# 166-187,190-202
name=unknown_C
#
# <colnr> <probs for GDERKNQSTAVLIFYWHMCP>
#	G	D	E	R	K	N	Q	S	T	A	V	L	I	F	Y	W	H	M	C	P
0	0.01080	0.02459	0.03256	0.05280	0.10769	0.02888	0.02487	0.04328	0.02851	0.11228	0.13041	0.12175	0.07146	0.00963	0.02595	0.10386	0.00445	0.00653	0.00381	0.05590
1	0.01137	0.13473	0.11696	0.03913	0.10688	0.07802	0.10315	0.02830	0.04657	0.05352	0.03975	0.05649	0.09473	0.03224	0.00550	0.00160	0.00556	0.03622	0.00316	0.00612
2	0.01295	0.06932	0.04158	0.15628	0.09382	0.08497	0.08650	0.13510	0.02766	0.06468	0.02644	0.02950	0.00903	0.00700	0.04498	0.00180	0.06293	0.00453	0.00310	0.03783
3	0.00901	0.00689	0.00929	0.05852	0.03617	0.00716	0.03253	0.10934	0.02912	0.03721	0.05542	0.38338	0.08157	0.02419	0.02732	0.00200	0.03392	0.04765	0.00419	0.00510
4	0.00791	0.00681	0.03372	0.15931	0.05539	0.00651	0.01976	0.02954	0.01047	0.03821	0.04227	0.32221	0.18669	0.01154	0.03127	0.00194	0.00424	0.02349	0.00385	0.00486
5	0.04235	0.03958	0.01232	0.00992	0.01296	0.27749	0.00784	0.11274	0.04780	0.16683	0.03338	0.01283	0.01973	0.00628	0.02563	0.00147	0.02822	0.00400	0.01723	0.12141
6	0.01195	0.01424	0.09556	0.04884	0.16028	0.06693	0.40736	0.04009	0.03294	0.01560	0.00953	0.01228	0.00737	0.00462	0.00582	0.00158	0.05086	0.00491	0.00252	0.00671
7	0.00655	0.00468	0.00585	0.00629	0.00719	0.00424	0.00449	0.00786	0.01082	0.03586	0.19567	0.43202	0.21367	0.01308	0.00596	0.00179	0.00270	0.03234	0.00472	0.00424
8	0.00854	0.00694	0.00849	0.00835	0.00929	0.05941	0.00635	0.03930	0.00933	0.03541	0.01616	0.25019	0.01686	0.02385	0.40622	0.00479	0.07518	0.00741	0.00328	0.00464
9	0.00694	0.00511	0.00735	0.00735	0.00807	0.00582	0.00551	0.00837	0.00766	0.01093	0.01338	0.02125	0.01308	0.17481	0.67334	0.00725	0.01153	0.00552	0.00266	0.00408
10	0.01246	0.01279	0.01832	0.12224	0.51273	0.12125	0.05888	0.01577	0.05043	0.01507	0.00940	0.01203	0.00767	0.00457	0.00481	0.00146	0.00630	0.00429	0.00251	0.00705
11	0.01244	0.01036	0.02801	0.08682	0.27057	0.03100	0.04354	0.11157	0.01232	0.10153	0.01531	0.10707	0.07149	0.00691	0.00592	0.00160	0.06757	0.00592	0.00345	0.00662
12	0.57636	0.00911	0.00861	0.00720	0.01046	0.00978	0.00594	0.03552	0.01038	0.26999	0.01079	0.01070	0.00746	0.00501	0.00364	0.00150	0.00391	0.00338	0.00400	0.00627
13	0.00592	0.00441	0.00551	0.00631	0.00694	0.00400	0.00432	0.00692	0.00990	0.01290	0.07273	0.61477	0.19918	0.01427	0.00606	0.00187	0.00271	0.01274	0.00454	0.00400
14	0.00693	0.00519	0.00574	0.00558	0.00719	0.00453	0.00422	0.00867	0.02853	0.05415	0.18974	0.07391	0.55107	0.01152	0.00570	0.00163	0.00259	0.02388	0.00474	0.00447
15	0.01117	0.04153	0.36613	0.01511	0.04305	0.08930	0.20396	0.03075	0.01078	0.01474	0.00899	0.01141	0.00695	0.00688	0.05861	0.00197	0.06561	0.00423	0.00230	0.00655
16	0.00619	0.00458	0.00584	0.00654	0.00721	0.00430	0.00464	0.00733	0.00985	0.01293	0.07878	0.48785	0.17180	0.05061	0.05592	0.00237	0.00354	0.07132	0.00437	0.00403
17	0.04280	0.01357	0.01341	0.01068	0.01416	0.09545	0.00866	0.57884	0.05152	0.05146	0.01326	0.03773	0.03370	0.00622	0.00482	0.00147	0.00537	0.00472	0.00457	0.00760
18	0.02040	0.00722	0.03227	0.00771	0.00893	0.06056	0.01933	0.05852	0.01081	0.03449	0.05845	0.49740	0.08341	0.05381	0.02132	0.00205	0.00389	0.01061	0.00421	0.00460
19	0.43416	0.07813	0.01169	0.00989	0.05274	0.22747	0.00750	0.06434	0.03279	0.01831	0.00773	0.00888	0.00619	0.00480	0.00385	0.00140	0.01835	0.00306	0.00292	0.00581
20	0.01170	0.02535	0.04424	0.10865	0.35365	0.05372	0.25468	0.01487	0.01091	0.01484	0.00899	0.01206	0.00723	0.00458	0.00567	0.00154	0.05352	0.00464	0.00236	0.00679
21	0.03801	0.24367	0.38520	0.01080	0.01581	0.02470	0.01231	0.01436	0.01021	0.03777	0.02806	0.01327	0.04259	0.00613	0.02551	0.00157	0.03154	0.02476	0.00250	0.03123
22	0.01057	0.00905	0.01072	0.01087	0.08624	0.09702	0.04543	0.05746	0.03270	0.06154	0.03698	0.26711	0.08524	0.01037	0.02422	0.04230	0.03938	0.01962	0.00377	0.04942
23	0.03090	0.03422	0.01585	0.11733	0.16605	0.03891	0.13186	0.11755	0.01257	0.09967	0.02988	0.14103	0.01249	0.00656	0.00507	0.00155	0.00547	0.00603	0.00349	0.02351
24	0.02144	0.00874	0.01155	0.00885	0.01261	0.00785	0.00731	0.09335	0.01469	0.73193	0.01843	0.01605	0.01165	0.00598	0.00487	0.00150	0.00423	0.00483	0.00589	0.00825
25	0.00723	0.00532	0.00632	0.00650	0.00778	0.00492	0.00491	0.04698	0.01154	0.03522	0.13060	0.27315	0.32343	0.01248	0.00591	0.00178	0.00297	0.10384	0.00466	0.00447
26	0.09288	0.12556	0.25728	0.03163	0.10834	0.02589	0.07323	0.05678	0.02574	0.10517	0.02227	0.01149	0.00792	0.00493	0.00478	0.00147	0.03088	0.00395	0.00293	0.00689
27	0.01319	0.37251	0.01765	0.00960	0.02985	0.04341	0.00821	0.16386	0.10031	0.03060	0.01293	0.07508	0.02311	0.00649	0.00450	0.00139	0.01782	0.05958	0.00341	0.00648
28	0.00665	0.00455	0.00551	0.00590	0.00603	0.00449	0.00361	0.00701	0.00785	0.01051	0.01914	0.30685	0.02239	0.51325	0.05186	0.00388	0.00440	0.00930	0.00346	0.00334
29	0.02872	0.01743	0.41251	0.09837	0.11991	0.02766	0.07758	0.01406	0.01045	0.01501	0.01236	0.03869	0.05775	0.00555	0.00483	0.00155	0.00634	0.01879	0.02594	0.00650
30	0.01288	0.03578	0.05824	0.07593	0.23409	0.03655	0.05394	0.10462	0.10694	0.08971	0.02482	0.02850	0.02625	0.00672	0.02369	0.02467	0.03060	0.01576	0.00342	0.00690
31	0.00920	0.00602	0.00693	0.00635	0.00805	0.00584	0.00490	0.05661	0.07249	0.07315	0.31286	0.03080	0.18535	0.00882	0.00510	0.00148	0.00278	0.02100	0.17712	0.00517
32	0.02633	0.02023	0.05324	0.03327	0.01021	0.01917	0.04589	0.03263	0.01053	0.01435	0.11588	0.46273	0.07344	0.01251	0.03136	0.00196	0.00393	0.01034	0.00410	0.01791
33	0.08803	0.17128	0.20773	0.02612	0.03901	0.06731	0.07495	0.09570	0.05641	0.03285	0.01031	0.05044	0.00856	0.01944	0.00470	0.00147	0.00581	0.00424	0.00291	0.03271
34	0.03292	0.04979	0.04063	0.00883	0.01104	0.06568	0.02938	0.15282	0.04905	0.04108	0.01950	0.22045	0.10026	0.02813	0.12529	0.00259	0.00576	0.00738	0.00387	0.00556

[dist]
# distance from previous block
# <min> <max>
0	14

[block]
# block no. 3 follows, 52 sequences, length 27
# corresponding to MSA columns:
# 218-244
name=unknown_D
#
# <colnr> <probs for GDERKNQSTAVLIFYWHMCP>
#	G	D	E	R	K	N	Q	S	T	A	V	L	I	F	Y	W	H	M	C	P
0	0.10760	0.45789	0.01881	0.00876	0.01237	0.09023	0.00787	0.12193	0.02780	0.01578	0.02275	0.04028	0.00830	0.00505	0.00368	0.00121	0.00515	0.00350	0.00284	0.03821
1	0.04550	0.00994	0.01173	0.00946	0.04059	0.02267	0.02614	0.17258	0.04973	0.11855	0.04104	0.01280	0.00987	0.00556	0.02231	0.00129	0.00447	0.00394	0.00383	0.38802
2	0.03000	0.00801	0.00888	0.00792	0.00964	0.04420	0.00596	0.16550	0.03942	0.08484	0.05762	0.08188	0.05043	0.20071	0.17959	0.00358	0.00629	0.00633	0.00388	0.00530
3	0.06826	0.00977	0.02817	0.06661	0.07069	0.05020	0.06024	0.12717	0.02280	0.05806	0.05631	0.06242	0.03022	0.10552	0.02621	0.00216	0.05980	0.08610	0.00359	0.00571
4	0.03720	0.02940	0.08319	0.04425	0.20467	0.05197	0.07986	0.16694	0.03728	0.04787	0.02656	0.04960	0.02985	0.00572	0.00524	0.00148	0.03696	0.00488	0.00330	0.05378
5	0.08831	0.00682	0.00846	0.00754	0.00970	0.00621	0.03297	0.03096	0.02494	0.05686	0.07285	0.36760	0.02097	0.00942	0.00502	0.00150	0.00342	0.00830	0.00400	0.23415
6	0.01725	0.00796	0.00987	0.00789	0.01089	0.00751	0.00641	0.13171	0.01434	0.45552	0.07053	0.01811	0.03144	0.00630	0.00464	0.00142	0.00375	0.00511	0.18221	0.00713
7	0.03381	0.04268	0.06363	0.12468	0.21396	0.01088	0.10586	0.08427	0.02234	0.05236	0.02699	0.08564	0.01141	0.00688	0.02057	0.00172	0.04255	0.04023	0.00310	0.00645
8	0.01351	0.13743	0.08359	0.06420	0.20972	0.12413	0.04234	0.09493	0.07790	0.05617	0.01134	0.02834	0.02497	0.00524	0.00457	0.00141	0.00593	0.00433	0.00305	0.00688
9	0.01124	0.01115	0.03471	0.35755	0.34892	0.05189	0.04560	0.01423	0.01058	0.03350	0.00902	0.01230	0.00712	0.00472	0.00512	0.00153	0.02763	0.00431	0.00238	0.00650
10	0.00631	0.00458	0.00594	0.00681	0.00733	0.00435	0.00472	0.02236	0.00976	0.01293	0.04246	0.65900	0.08256	0.03322	0.03139	0.00218	0.00327	0.05234	0.00443	0.00406
11	0.05960	0.04010	0.06089	0.07314	0.03228	0.08535	0.12407	0.06467	0.01183	0.01606	0.16282	0.09092	0.06819	0.02553	0.02582	0.00179	0.04163	0.00636	0.00345	0.00551
12	0.03371	0.14379	0.37745	0.03458	0.08451	0.07612	0.11635	0.01589	0.04617	0.01485	0.00893	0.01063	0.00683	0.00457	0.00450	0.00145	0.00674	0.00382	0.00233	0.00678
13	0.00668	0.00505	0.00605	0.00656	0.00746	0.00476	0.00461	0.04804	0.02898	0.01385	0.04864	0.54492	0.22921	0.01362	0.00596	0.00184	0.00286	0.01206	0.00455	0.00430
14	0.04745	0.00686	0.00782	0.00780	0.00885	0.06416	0.00591	0.03880	0.00942	0.01320	0.01658	0.19275	0.03658	0.04030	0.35846	0.02466	0.02898	0.03788	0.04906	0.00448
15	0.00855	0.00676	0.00993	0.05129	0.08042	0.00653	0.06798	0.03433	0.03085	0.05129	0.17387	0.22618	0.17645	0.01023	0.00567	0.00169	0.00375	0.04481	0.00428	0.00515
16	0.01225	0.05374	0.25341	0.01914	0.28545	0.06286	0.10761	0.06124	0.01172	0.04632	0.00994	0.03651	0.00797	0.00490	0.00480	0.00148	0.00646	0.00443	0.00264	0.00713
17	0.00791	0.00653	0.01017	0.17694	0.04215	0.00717	0.05942	0.00952	0.00856	0.01158	0.01408	0.10496	0.01456	0.26945	0.19390	0.00403	0.02343	0.02845	0.00283	0.00437
18	0.79094	0.00927	0.00748	0.00657	0.00963	0.01055	0.00541	0.01506	0.00873	0.08943	0.00782	0.00862	0.00583	0.00463	0.00316	0.00150	0.00378	0.00282	0.00326	0.00551
19	0.00998	0.15686	0.12210	0.06477	0.11713	0.03519	0.07149	0.01288	0.03979	0.01359	0.01500	0.11446	0.05284	0.05850	0.02969	0.00193	0.00562	0.06946	0.00295	0.00576
20	0.00834	0.00497	0.00688	0.04360	0.02731	0.00498	0.00471	0.00788	0.00775	0.04009	0.04479	0.05609	0.04968	0.23622	0.04016	0.40011	0.00452	0.00590	0.00284	0.00318
21	0.05396	0.35328	0.16449	0.01110	0.05541	0.09433	0.01033	0.04464	0.04845	0.05873	0.02537	0.01039	0.00788	0.00492	0.00441	0.00132	0.03829	0.00345	0.00270	0.00655
22	0.06596	0.03544	0.12062	0.06737	0.32177	0.05590	0.02491	0.05021	0.06227	0.05482	0.02122	0.05027	0.00978	0.00553	0.00491	0.00152	0.01877	0.01885	0.00299	0.00688
23	0.00695	0.00517	0.00612	0.00656	0.00749	0.02096	0.00470	0.00839	0.02318	0.03656	0.14450	0.42312	0.19871	0.03401	0.00642	0.00188	0.00297	0.05342	0.00459	0.00429
24	0.02590	0.07874	0.21741	0.08004	0.11507	0.02792	0.05983	0.08405	0.08337	0.02930	0.04185	0.01496	0.03965	0.00635	0.02498	0.00166	0.02483	0.01881	0.00303	0.02226
25	0.09978	0.13042	0.10961	0.05662	0.08835	0.08271	0.07103	0.07710	0.07641	0.11442	0.01102	0.02736	0.00845	0.00513	0.00442	0.00143	0.00564	0.00414	0.00327	0.02269
26	0.04906	0.08960	0.11183	0.08162	0.06746	0.00934	0.00869	0.05406	0.04310	0.01490	0.04731	0.09006	0.11874	0.03653	0.11267	0.00245	0.01789	0.00598	0.00321	0.03552

[dist]
# distance from previous block
# <min> <max>
11	42

[block]
# block no. 4 follows, 52 sequences, length 10
# corresponding to MSA columns:
# 301-310
name=unknown_E
#
# <colnr> <probs for GDERKNQSTAVLIFYWHMCP>
#	G	D	E	R	K	N	Q	S	T	A	V	L	I	F	Y	W	H	M	C	P
0	0.07479	0.19714	0.07411	0.04159	0.08409	0.14155	0.04248	0.15307	0.03404	0.04782	0.03329	0.01141	0.00853	0.00597	0.02889	0.00155	0.00612	0.00385	0.00309	0.00660
1	0.01028	0.05998	0.08127	0.06149	0.05179	0.05037	0.03993	0.07340	0.02787	0.03882	0.05135	0.04995	0.03146	0.09871	0.17699	0.03955	0.00692	0.02076	0.00312	0.02596
2	0.01179	0.17424	0.10510	0.03112	0.05082	0.03336	0.06487	0.10028	0.06988	0.04661	0.09207	0.06805	0.01350	0.00709	0.03306	0.00161	0.00533	0.00506	0.00338	0.08278
3	0.06103	0.07968	0.14362	0.01253	0.06814	0.04074	0.12453	0.08848	0.06025	0.01716	0.10302	0.06674	0.01371	0.00739	0.03903	0.00176	0.02155	0.00530	0.00326	0.04209
4	0.00974	0.03009	0.00782	0.00669	0.00866	0.03079	0.00513	0.06358	0.05548	0.03709	0.04711	0.15911	0.08460	0.00856	0.02611	0.00151	0.00349	0.00650	0.27374	0.13421
5	0.03204	0.04384	0.08376	0.03986	0.03448	0.08154	0.04833	0.03936	0.03144	0.03573	0.10667	0.15029	0.13040	0.00850	0.00556	0.00158	0.03805	0.02610	0.03690	0.02555
6	0.04596	0.14862	0.23618	0.05635	0.03012	0.05495	0.09170	0.04564	0.09309	0.09578	0.01068	0.01164	0.00792	0.00485	0.00444	0.00142	0.00594	0.00396	0.00301	0.04775
7	0.01046	0.10222	0.16535	0.01226	0.11560	0.02697	0.03484	0.04503	0.05530	0.05180	0.10762	0.15527	0.06128	0.00769	0.00528	0.00156	0.02526	0.00657	0.00352	0.00612
8	0.00759	0.00519	0.00677	0.04344	0.02357	0.00506	0.00510	0.00909	0.02542	0.05766	0.09630	0.36845	0.11171	0.11215	0.06144	0.00251	0.00392	0.00987	0.04039	0.00440
9	0.06765	0.07533	0.12133	0.04442	0.04993	0.19448	0.11575	0.10808	0.04643	0.04882	0.01166	0.02790	0.03252	0.00556	0.00469	0.00147	0.00642	0.02804	0.00310	0.00645

[dist]
# distance from previous block
# <min> <max>
0	1

[block]
# block no. 5 follows, 52 sequences, length 8
# corresponding to MSA columns:
# 312-319
name=unknown_F
#
# <colnr> <probs for GDERKNQSTAVLIFYWHMCP>
#	G	D	E	R	K	N	Q	S	T	A	V	L	I	F	Y	W	H	M	C	P
0	0.04175	0.03228	0.33913	0.09128	0.07792	0.03304	0.12967	0.03492	0.04455	0.01563	0.02925	0.01253	0.00826	0.02240	0.02236	0.00172	0.02479	0.00429	0.00253	0.03171
1	0.00794	0.00502	0.00642	0.00662	0.00769	0.00458	0.00483	0.00929	0.01093	0.09727	0.18134	0.37024	0.14612	0.05487	0.00688	0.00194	0.00301	0.06575	0.00474	0.00453
2	0.00888	0.00661	0.03137	0.02470	0.01042	0.00583	0.06897	0.01088	0.03104	0.10941	0.05676	0.29395	0.17764	0.04661	0.00663	0.00192	0.00381	0.09522	0.00437	0.00496
3	0.04715	0.05058	0.22068	0.03789	0.06018	0.06416	0.05817	0.12970	0.02644	0.08304	0.04150	0.04401	0.00991	0.00540	0.00460	0.00141	0.00566	0.00444	0.00328	0.10179
4	0.00685	0.00519	0.00660	0.00662	0.00775	0.00480	0.02652	0.00816	0.01057	0.03658	0.12361	0.29451	0.31427	0.05720	0.00720	0.00194	0.02425	0.04868	0.00443	0.00428
5	0.07472	0.01140	0.01233	0.00988	0.01327	0.01243	0.00803	0.44761	0.14871	0.13035	0.01432	0.04053	0.01059	0.00618	0.00473	0.00150	0.00461	0.00482	0.03634	0.00766
6	0.06956	0.01017	0.01048	0.00784	0.01188	0.07015	0.00625	0.07101	0.01117	0.01700	0.00863	0.00992	0.00705	0.00393	0.00370	0.00087	0.00413	0.00299	0.00300	0.67027
7	0.01248	0.03418	0.01107	0.00925	0.01129	0.10681	0.03910	0.18039	0.03154	0.08158	0.01430	0.13117	0.01345	0.10419	0.14325	0.05415	0.00652	0.00605	0.00367	0.00555

[dist]
# distance from previous block
# <min> <max>
0	1

[block]
# block no. 6 follows, 52 sequences, length 18
# corresponding to MSA columns:
# 321-338
name=unknown_G
#
# <colnr> <probs for GDERKNQSTAVLIFYWHMCP>
#	G	D	E	R	K	N	Q	S	T	A	V	L	I	F	Y	W	H	M	C	P
0	0.05194	0.17533	0.01453	0.00995	0.01261	0.30385	0.02603	0.10173	0.01246	0.05293	0.00978	0.01267	0.00846	0.09804	0.03489	0.00189	0.02419	0.00388	0.03908	0.00577
1	0.05172	0.04249	0.01029	0.04887	0.01136	0.02787	0.04377	0.05973	0.02973	0.01458	0.04784	0.16210	0.06147	0.07625	0.13702	0.00281	0.04733	0.03027	0.00341	0.09108
2	0.01307	0.10480	0.26633	0.02912	0.07117	0.08212	0.06062	0.06807	0.07680	0.10546	0.01129	0.03345	0.00869	0.00597	0.02152	0.00161	0.02558	0.00431	0.00310	0.00694
3	0.01024	0.00665	0.00800	0.00732	0.00924	0.00645	0.00561	0.05623	0.11621	0.13805	0.20538	0.18277	0.15193	0.01039	0.01977	0.00174	0.00335	0.02451	0.00492	0.03125
4	0.03185	0.00729	0.01044	0.35866	0.01924	0.02420	0.00893	0.01104	0.02985	0.03356	0.01658	0.16533	0.07231	0.05201	0.09554	0.00253	0.02736	0.02527	0.00310	0.00490
5	0.01045	0.04184	0.18902	0.03156	0.06476	0.06535	0.08219	0.07413	0.02785	0.03125	0.07647	0.03258	0.13234	0.01045	0.10606	0.00230	0.00648	0.00568	0.00324	0.00599
6	0.00710	0.02200	0.02072	0.00831	0.05925	0.00530	0.00562	0.00866	0.03037	0.02909	0.04247	0.51594	0.13510	0.03187	0.02759	0.00206	0.00348	0.03634	0.00424	0.00451
7	0.01024	0.00891	0.03113	0.19484	0.03885	0.02710	0.03658	0.02764	0.00970	0.07415	0.02354	0.03590	0.04239	0.03029	0.16362	0.00300	0.19493	0.03888	0.00292	0.00540
8	0.00875	0.00832	0.00786	0.04339	0.00997	0.13326	0.00586	0.03771	0.03988	0.01369	0.06602	0.24087	0.26059	0.01340	0.08579	0.00226	0.00492	0.00882	0.00396	0.00468
9	0.01195	0.27737	0.16769	0.04458	0.08430	0.08507	0.04855	0.01458	0.01060	0.05020	0.04875	0.03412	0.00973	0.00720	0.05517	0.00177	0.03538	0.00414	0.00260	0.00625
10	0.01098	0.00642	0.02598	0.00661	0.00845	0.00590	0.00521	0.05399	0.02910	0.16566	0.10596	0.10053	0.08815	0.05358	0.04403	0.00192	0.00364	0.00662	0.27189	0.00537
11	0.00890	0.00636	0.00790	0.00775	0.00904	0.02341	0.02730	0.06159	0.06105	0.07253	0.05678	0.45040	0.07734	0.03251	0.04714	0.00216	0.00395	0.02109	0.01786	0.00494
12	0.00883	0.00761	0.01067	0.01247	0.16420	0.03372	0.04552	0.03834	0.05616	0.01443	0.05177	0.33463	0.03881	0.05712	0.07399	0.00241	0.00498	0.03536	0.00375	0.00525
13	0.04729	0.07794	0.10472	0.08655	0.15180	0.17966	0.05264	0.04253	0.01139	0.05190	0.02733	0.01255	0.01958	0.01710	0.04934	0.00184	0.05271	0.00414	0.00272	0.00626
14	0.03726	0.10804	0.11340	0.08865	0.12102	0.03758	0.03632	0.13024	0.03156	0.03619	0.01400	0.12062	0.04078	0.00766	0.02760	0.00171	0.00555	0.03223	0.00327	0.00632
15	0.00900	0.00751	0.03296	0.00979	0.07549	0.04564	0.03918	0.03069	0.01033	0.06733	0.03913	0.33904	0.08900	0.08851	0.09092	0.00263	0.00505	0.00902	0.00385	0.00493
16	0.05453	0.05806	0.03278	0.05109	0.12175	0.04815	0.03876	0.12082	0.01272	0.16236	0.03376	0.10164	0.08489	0.02884	0.00572	0.00162	0.02630	0.00593	0.00388	0.00641
17	0.01142	0.07556	0.22445	0.04475	0.09574	0.08841	0.08128	0.08660	0.05555	0.01603	0.03483	0.03775	0.08462	0.00706	0.03350	0.00172	0.00624	0.00505	0.00300	0.00645

[dist]
# distance from previous block
# <min> <max>
3	16

[block]
# block no. 7 follows, 52 sequences, length 16
# corresponding to MSA columns:
# 357-372
name=unknown_H
#
# <colnr> <probs for GDERKNQSTAVLIFYWHMCP>
#	G	D	E	R	K	N	Q	S	T	A	V	L	I	F	Y	W	H	M	C	P
0	0.08176	0.00886	0.00940	0.00823	0.01047	0.08492	0.00636	0.05794	0.04958	0.26449	0.06633	0.12003	0.04778	0.07677	0.06567	0.00228	0.02238	0.00629	0.00443	0.00601
1	0.01186	0.11271	0.01884	0.04591	0.22778	0.04248	0.17488	0.01499	0.05408	0.05913	0.01228	0.03321	0.04469	0.00729	0.05165	0.00188	0.07204	0.00499	0.00284	0.00649
2	0.09036	0.06713	0.08118	0.02553	0.08676	0.04178	0.02971	0.11979	0.01244	0.05928	0.06953	0.07789	0.06026	0.00871	0.03703	0.00183	0.00516	0.10270	0.00368	0.01926
3	0.00694	0.00502	0.00579	0.00593	0.00717	0.00451	0.00427	0.00849	0.03403	0.05348	0.10339	0.28345	0.39496	0.05164	0.00671	0.00187	0.00278	0.01063	0.00459	0.00435
4	0.00826	0.00580	0.00692	0.00688	0.02984	0.00533	0.00500	0.04120	0.03025	0.08103	0.21970	0.12150	0.36396	0.02342	0.00594	0.00168	0.00292	0.03071	0.00477	0.00488
5	0.06035	0.15680	0.16759	0.08706	0.10833	0.04876	0.03639	0.13786	0.01245	0.06926	0.01024	0.04945	0.00831	0.00537	0.00468	0.00145	0.02162	0.00426	0.00302	0.00675
6	0.01375	0.31257	0.01739	0.01040	0.03483	0.18941	0.03504	0.08417	0.08544	0.03266	0.03158	0.04283	0.04174	0.00577	0.00446	0.00132	0.02322	0.00431	0.02290	0.00623
7	0.00810	0.00605	0.00778	0.00773	0.00882	0.03003	0.00591	0.04621	0.00967	0.03868	0.04796	0.16083	0.05412	0.04564	0.45624	0.00521	0.00893	0.04405	0.00343	0.00458
8	0.04252	0.08413	0.15193	0.03182	0.16429	0.02434	0.13794	0.11008	0.06258	0.08278	0.03187	0.01383	0.00953	0.00520	0.00480	0.00150	0.00590	0.02469	0.00323	0.00706
9	0.01160	0.03182	0.02469	0.02353	0.11235	0.06635	0.00815	0.08350	0.20548	0.05915	0.11408	0.06705	0.11387	0.00774	0.00549	0.00158	0.03340	0.01963	0.00418	0.00635
10	0.00649	0.00463	0.00585	0.00645	0.00726	0.00422	0.00459	0.00770	0.01045	0.03270	0.13286	0.49745	0.19083	0.01356	0.00603	0.00184	0.00280	0.05544	0.00464	0.00419
11	0.00699	0.00485	0.00601	0.00646	0.00739	0.00445	0.00456	0.00852	0.03448	0.05533	0.10866	0.50136	0.20640	0.01324	0.00593	0.00181	0.00278	0.01174	0.00468	0.00438
12	0.02971	0.19218	0.14220	0.05420	0.20548	0.07731	0.06646	0.11977	0.03898	0.01656	0.00909	0.01075	0.00720	0.00467	0.00441	0.00138	0.00613	0.00385	0.00270	0.00696
13	0.01119	0.01071	0.01344	0.04061	0.32524	0.11372	0.00999	0.01421	0.07686	0.03725	0.06310	0.10741	0.11196	0.00732	0.00547	0.00155	0.03405	0.00631	0.00338	0.00623
14	0.11193	0.04051	0.04642	0.02878	0.01398	0.11156	0.09745	0.05285	0.01006	0.01457	0.03203	0.04396	0.00942	0.04990	0.05079	0.00218	0.27075	0.00469	0.00270	0.00549
15	0.11863	0.01001	0.01278	0.10021	0.16710	0.01019	0.00903	0.12343	0.05977	0.03973	0.01029	0.03260	0.00833	0.00498	0.00458	0.00131	0.02623	0.00402	0.00323	0.25356

[dist]
# distance from previous block
# <min> <max>
1	31

[block]
# block no. 8 follows, 52 sequences, length 16
# corresponding to MSA columns:
# 405-420
name=unknown_I
#
# <colnr> <probs for GDERKNQSTAVLIFYWHMCP>
#	G	D	E	R	K	N	Q	S	T	A	V	L	I	F	Y	W	H	M	C	P
0	0.00682	0.00518	0.00708	0.04260	0.05336	0.00505	0.00560	0.03477	0.00995	0.01324	0.02541	0.68245	0.06275	0.01367	0.00598	0.00189	0.00321	0.01235	0.00429	0.00437
1	0.04288	0.12884	0.12689	0.02881	0.10267	0.11791	0.07339	0.16526	0.03524	0.06287	0.00985	0.01142	0.00765	0.02247	0.00543	0.00150	0.04296	0.00400	0.00309	0.00685
2	0.00814	0.03814	0.00807	0.02929	0.00908	0.08049	0.00567	0.00931	0.02485	0.01239	0.05908	0.24232	0.19982	0.01436	0.08511	0.09920	0.03925	0.02752	0.00365	0.00426
3	0.00835	0.00709	0.01057	0.03164	0.01092	0.00852	0.05099	0.02585	0.00834	0.01191	0.01274	0.07059	0.02904	0.08176	0.37636	0.03495	0.20738	0.00572	0.00268	0.00459
4	0.04865	0.04201	0.05410	0.00969	0.02771	0.13200	0.00784	0.08500	0.04137	0.06165	0.05884	0.03973	0.06623	0.04431	0.16140	0.00285	0.08651	0.00523	0.01927	0.00562
5	0.01264	0.12227	0.16473	0.07195	0.07432	0.06874	0.04246	0.04939	0.04476	0.12636	0.04445	0.04298	0.02374	0.05305	0.02089	0.00177	0.02096	0.00483	0.00326	0.00643
6	0.00805	0.00603	0.00680	0.00680	0.00797	0.03125	0.00497	0.04402	0.01066	0.05620	0.04414	0.29690	0.26790	0.09052	0.04392	0.00231	0.02820	0.03466	0.00424	0.00446
7	0.04929	0.01031	0.01222	0.01047	0.05717	0.01071	0.00793	0.34627	0.03243	0.26610	0.01422	0.01550	0.01051	0.08974	0.04299	0.00208	0.00517	0.00478	0.00471	0.00738
8	0.04585	0.05557	0.09863	0.01246	0.11453	0.05214	0.09320	0.02724	0.07349	0.02995	0.18232	0.06635	0.08177	0.00826	0.03554	0.00176	0.00513	0.00626	0.00361	0.00593
9	0.00630	0.00469	0.00567	0.00603	0.00675	0.00444	0.00416	0.00725	0.00935	0.01214	0.06298	0.29100	0.24193	0.19859	0.09838	0.00311	0.00426	0.02515	0.00398	0.00384
10	0.00995	0.00960	0.01808	0.05173	0.09476	0.00945	0.34153	0.04149	0.01083	0.02725	0.01492	0.21483	0.02614	0.02398	0.06252	0.00218	0.02440	0.00746	0.00313	0.00576
11	0.00730	0.00516	0.00662	0.00719	0.00796	0.00514	0.00518	0.00943	0.08073	0.03207	0.04435	0.47173	0.05752	0.06140	0.05363	0.03600	0.00384	0.09610	0.00430	0.00436
12	0.00692	0.00472	0.00563	0.00571	0.00593	0.00475	0.00351	0.00723	0.00760	0.01018	0.03360	0.08878	0.05486	0.59962	0.11166	0.03017	0.00534	0.00743	0.00311	0.00323
13	0.11535	0.03082	0.00824	0.00729	0.00924	0.03073	0.00558	0.01421	0.18970	0.06606	0.18642	0.13826	0.14351	0.02649	0.00551	0.00167	0.00336	0.00757	0.00452	0.00547
14	0.00814	0.00973	0.15037	0.08043	0.08604	0.00738	0.03675	0.01104	0.04528	0.01395	0.04675	0.32228	0.03653	0.05644	0.00665	0.00194	0.00461	0.06687	0.00355	0.00525
15	0.18008	0.01280	0.01135	0.00960	0.01245	0.20057	0.02925	0.18359	0.04668	0.08208	0.11280	0.04820	0.01355	0.00622	0.00454	0.00144	0.00521	0.00478	0.00395	0.03087

[dist]
# distance from previous block
# <min> <max>
0	6

[block]
# block no. 9 follows, 52 sequences, length 47
# corresponding to MSA columns:
# 427-473
name=unknown_J
#
# <colnr> <probs for GDERKNQSTAVLIFYWHMCP>
#	G	D	E	R	K	N	Q	S	T	A	V	L	I	F	Y	W	H	M	C	P
0	0.04254	0.10047	0.07821	0.01304	0.02983	0.09504	0.22062	0.06996	0.11659	0.01621	0.02547	0.05870	0.05586	0.00620	0.00532	0.00155	0.03284	0.02202	0.00321	0.00631
1	0.01606	0.02663	0.06340	0.00916	0.01315	0.00948	0.00794	0.19442	0.05953	0.28790	0.01393	0.01391	0.00986	0.00537	0.00449	0.00130	0.00443	0.01580	0.02401	0.21924
2	0.01185	0.03535	0.01299	0.04303	0.04890	0.02839	0.08401	0.16457	0.04329	0.03835	0.03794	0.06589	0.01173	0.02848	0.00694	0.10282	0.00484	0.03081	0.00345	0.19637
3	0.01273	0.01141	0.01448	0.04426	0.22469	0.07677	0.04657	0.08682	0.22986	0.04981	0.05876	0.02970	0.01260	0.03208	0.00611	0.00165	0.04594	0.00514	0.00368	0.00693
4	0.02251	0.01120	0.01161	0.01011	0.01207	0.16907	0.05859	0.05541	0.09711	0.04777	0.09538	0.02225	0.12015	0.03627	0.05299	0.00208	0.12268	0.04353	0.00365	0.00557
5	0.00736	0.00577	0.00634	0.00676	0.00767	0.05468	0.00477	0.00854	0.01067	0.04257	0.14066	0.49624	0.16396	0.01294	0.00588	0.00178	0.00309	0.01144	0.00455	0.00432
6	0.01075	0.01035	0.01809	0.24204	0.40369	0.01087	0.10976	0.01409	0.03193	0.01481	0.01079	0.03248	0.00931	0.00531	0.00508	0.00158	0.00605	0.05382	0.00258	0.00662
7	0.01411	0.01401	0.01724	0.04926	0.34722	0.18522	0.08017	0.13077	0.03128	0.03552	0.01124	0.01297	0.03878	0.00509	0.00484	0.00144	0.00637	0.00446	0.00301	0.00700
8	0.00903	0.00452	0.00452	0.00452	0.00565	0.00452	0.00339	0.01129	0.01016	0.01807	0.01581	0.01807	0.01242	0.00565	0.00339	0.00113	0.00226	0.00452	0.85659	0.00452
9	0.00592	0.00427	0.00561	0.00664	0.00701	0.00396	0.00446	0.00682	0.00948	0.01260	0.04878	0.76708	0.06964	0.01490	0.00615	0.00194	0.00278	0.01347	0.00452	0.00396
10	0.01463	0.01190	0.01462	0.27771	0.12460	0.15396	0.02897	0.04114	0.01192	0.20519	0.01101	0.01273	0.00800	0.00532	0.00547	0.00152	0.05723	0.00426	0.00327	0.00654
11	0.00651	0.00534	0.00594	0.00628	0.00737	0.02969	0.00461	0.00776	0.01038	0.01305	0.07932	0.27305	0.36315	0.03717	0.07523	0.00236	0.00384	0.06052	0.00428	0.00413
12	0.01333	0.74280	0.04256	0.00879	0.01286	0.08834	0.00861	0.01495	0.01020	0.01153	0.00685	0.00792	0.00622	0.00423	0.00325	0.00107	0.00554	0.00266	0.00211	0.00619
13	0.01273	0.01402	0.01055	0.01048	0.01221	0.39611	0.00832	0.01438	0.01223	0.01300	0.01652	0.05014	0.01714	0.03625	0.00615	0.00183	0.00651	0.35301	0.00346	0.00496
14	0.01209	0.57934	0.22188	0.01003	0.01488	0.03091	0.03026	0.01474	0.01012	0.01265	0.02062	0.00902	0.00689	0.00437	0.00362	0.00119	0.00577	0.00303	0.00214	0.00643
15	0.00823	0.02397	0.00798	0.00745	0.00821	0.08171	0.00540	0.00927	0.00811	0.01065	0.01300	0.02221	0.01329	0.31818	0.41583	0.00579	0.02844	0.00559	0.00269	0.00401
16	0.03055	0.02656	0.15428	0.05130	0.34667	0.01152	0.13736	0.05118	0.04590	0.01643	0.02370	0.02983	0.00873	0.00491	0.00508	0.00151	0.02142	0.00465	0.00267	0.02572
17	0.05292	0.03117	0.10524	0.01038	0.06643	0.00873	0.03930	0.05100	0.04460	0.06473	0.01044	0.03851	0.00849	0.00461	0.00412	0.00111	0.00449	0.00382	0.00314	0.44677
18	0.00966	0.00470	0.00485	0.00472	0.00598	0.00465	0.00357	0.01190	0.01035	0.05702	0.01597	0.01799	0.01240	0.00566	0.00346	0.00115	0.00235	0.00453	0.81437	0.00470
19	0.18801	0.01031	0.01569	0.20517	0.33375	0.01111	0.06333	0.01513	0.05052	0.04849	0.00951	0.01193	0.00741	0.00465	0.00451	0.00152	0.00550	0.00414	0.00275	0.00659
20	0.05458	0.17993	0.13207	0.13340	0.10734	0.01191	0.05401	0.06639	0.02610	0.03000	0.01250	0.08603	0.03938	0.00669	0.02062	0.00162	0.00561	0.02274	0.00288	0.00621
21	0.00701	0.00623	0.02608	0.02592	0.00874	0.05511	0.00558	0.00824	0.00960	0.01239	0.02456	0.55210	0.08342	0.01643	0.10681	0.00262	0.00468	0.03624	0.00402	0.00423
22	0.01585	0.01158	0.01245	0.01024	0.01342	0.03729	0.00837	0.45273	0.13747	0.08661	0.01598	0.01945	0.02982	0.02620	0.00556	0.00166	0.00493	0.09823	0.00478	0.00739
23	0.01095	0.01021	0.01709	0.06450	0.57617	0.01027	0.03817	0.03130	0.01101	0.01546	0.02824	0.10533	0.02669	0.02676	0.00553	0.00160	0.00537	0.00570	0.00280	0.00686
24	0.00693	0.00512	0.00602	0.00625	0.00700	0.00500	0.00429	0.00879	0.06953	0.01304	0.11272	0.24451	0.15499	0.27816	0.01200	0.00274	0.00348	0.05128	0.00412	0.00402
25	0.01066	0.00875	0.00999	0.00888	0.01048	0.08063	0.03943	0.12428	0.05985	0.03184	0.04305	0.07035	0.06400	0.09298	0.18025	0.10835	0.04186	0.00592	0.00342	0.00501
26	0.01515	0.01334	0.01275	0.01059	0.01351	0.17153	0.02701	0.37713	0.08585	0.02265	0.12701	0.01690	0.01466	0.00772	0.03673	0.00172	0.00578	0.02889	0.00430	0.00681
27	0.01157	0.01112	0.01917	0.17435	0.59254	0.01150	0.06264	0.03095	0.01106	0.01549	0.00912	0.01222	0.00744	0.00443	0.00487	0.00148	0.00603	0.00440	0.00241	0.00719
28	0.00646	0.00461	0.00597	0.00651	0.00704	0.00451	0.00453	0.00726	0.00882	0.01167	0.02448	0.38116	0.12675	0.14799	0.14120	0.05461	0.00488	0.04397	0.00379	0.00378
29	0.08650	0.04747	0.05192	0.02537	0.06655	0.24254	0.13939	0.13189	0.01359	0.07051	0.04955	0.03274	0.00976	0.00540	0.00470	0.00144	0.00649	0.00447	0.00327	0.00644
30	0.04302	0.11815	0.03640	0.06465	0.42851	0.04403	0.01225	0.04119	0.05969	0.01546	0.00929	0.01185	0.00781	0.02157	0.00572	0.00152	0.06528	0.00409	0.00259	0.00693
31	0.00865	0.02805	0.00739	0.00651	0.00797	0.04330	0.00473	0.05373	0.03018	0.04412	0.16934	0.10294	0.22669	0.20681	0.01001	0.00230	0.00365	0.00810	0.00416	0.03137
32	0.01072	0.01043	0.00866	0.02362	0.01004	0.23968	0.00612	0.04148	0.01101	0.03179	0.03892	0.29317	0.04520	0.15766	0.00908	0.01716	0.00513	0.03195	0.00362	0.00455
33	0.02609	0.04459	0.06930	0.04418	0.20716	0.03105	0.07443	0.02537	0.03391	0.03210	0.00929	0.01113	0.00746	0.00417	0.00425	0.00115	0.00510	0.00370	0.00275	0.36280
34	0.01116	0.04886	0.02377	0.01023	0.05985	0.03528	0.04052	0.11225	0.01215	0.06148	0.07946	0.16857	0.05785	0.00775	0.00582	0.00146	0.07276	0.00644	0.00373	0.18063
35	0.00784	0.00624	0.00852	0.11307	0.05165	0.00635	0.00658	0.03454	0.00972	0.01312	0.01982	0.31537	0.06461	0.13449	0.04356	0.00243	0.02195	0.05558	0.00358	0.08097
36	0.01389	0.05705	0.26779	0.08086	0.03494	0.06034	0.01198	0.20503	0.07153	0.09585	0.01108	0.01182	0.00798	0.00515	0.00461	0.00145	0.00592	0.00401	0.00342	0.04533
37	0.01316	0.09398	0.14142	0.06084	0.10004	0.07136	0.12564	0.06599	0.04591	0.12820	0.01220	0.07028	0.00991	0.00666	0.03150	0.00171	0.00623	0.00498	0.00325	0.00674
38	0.00808	0.00568	0.00720	0.00694	0.00828	0.00572	0.00536	0.03488	0.01063	0.06778	0.11707	0.07031	0.25425	0.06190	0.23272	0.00357	0.03018	0.06079	0.00402	0.00463
39	0.03875	0.00935	0.01049	0.00962	0.02884	0.03011	0.00732	0.29661	0.05816	0.02009	0.03656	0.26585	0.03359	0.02885	0.00650	0.00179	0.05541	0.05175	0.00434	0.00602
40	0.01011	0.21155	0.01367	0.03300	0.03718	0.02599	0.02413	0.09141	0.01147	0.01451	0.03607	0.11009	0.23947	0.00869	0.00607	0.00155	0.09151	0.02464	0.00347	0.00542
41	0.01001	0.02998	0.00988	0.00842	0.03026	0.04166	0.02497	0.04492	0.05507	0.05789	0.03428	0.06856	0.10519	0.05929	0.16948	0.01596	0.00590	0.00569	0.00347	0.21911
42	0.01132	0.23533	0.11257	0.00963	0.01285	0.06214	0.05669	0.05082	0.03196	0.05709	0.01451	0.06271	0.07582	0.06178	0.11067	0.00244	0.01772	0.00515	0.00301	0.00579
43	0.21342	0.04877	0.15080	0.03084	0.03146	0.01173	0.09847	0.16922	0.06776	0.03782	0.04550	0.01422	0.02236	0.00557	0.00452	0.00153	0.00529	0.03069	0.00345	0.00659
44	0.00908	0.03482	0.03156	0.00911	0.01000	0.00909	0.00740	0.01044	0.00807	0.05056	0.01162	0.01859	0.01126	0.15177	0.33954	0.00476	0.25318	0.02172	0.00269	0.00473
45	0.00865	0.00622	0.00808	0.00872	0.05993	0.02234	0.00599	0.02742	0.04426	0.07188	0.16400	0.29157	0.05955	0.03309	0.14722	0.00285	0.00506	0.02398	0.00424	0.00496
46	0.01017	0.09200	0.03528	0.00945	0.03099	0.02728	0.04700	0.11933	0.04364	0.01531	0.03157	0.03368	0.01206	0.07818	0.33679	0.00425	0.00833	0.00509	0.05416	0.00543

[dist]
# distance from previous block
# <min> <max>
1	23

[block]
# block no. 10 follows, 52 sequences, length 13
# corresponding to MSA columns:
# 497-509
name=unknown_K
#
# <colnr> <probs for GDERKNQSTAVLIFYWHMCP>
#	G	D	E	R	K	N	Q	S	T	A	V	L	I	F	Y	W	H	M	C	P
0	0.05702	0.22639	0.14961	0.01120	0.04499	0.06211	0.04485	0.13633	0.03170	0.01679	0.03403	0.01284	0.02368	0.02507	0.00525	0.00145	0.04215	0.01831	0.00294	0.05329
1	0.00864	0.06707	0.07716	0.05058	0.06185	0.00772	0.00716	0.02946	0.06557	0.02836	0.08218	0.09864	0.18699	0.14692	0.03346	0.00231	0.00446	0.03271	0.00367	0.00508
2	0.05016	0.53435	0.10077	0.00994	0.02952	0.08307	0.02681	0.03341	0.01065	0.02930	0.02960	0.00944	0.00750	0.00462	0.00389	0.00120	0.02394	0.00314	0.00240	0.00628
3	0.00876	0.00498	0.00678	0.00654	0.00700	0.00508	0.00450	0.04245	0.00779	0.03477	0.01235	0.01939	0.04487	0.15470	0.10961	0.51435	0.00528	0.00509	0.00265	0.00306
4	0.01336	0.08150	0.07313	0.11141	0.23309	0.18102	0.10202	0.06576	0.02740	0.03556	0.00998	0.01196	0.02267	0.00484	0.00470	0.00143	0.00663	0.00419	0.00269	0.00667
5	0.01125	0.10385	0.08804	0.13404	0.16631	0.04466	0.14524	0.06496	0.02266	0.01473	0.01052	0.05262	0.00936	0.08754	0.00701	0.00182	0.02155	0.00500	0.00266	0.00619
6	0.04450	0.00521	0.00605	0.00604	0.00728	0.00484	0.00436	0.00902	0.02749	0.05533	0.21755	0.23084	0.26878	0.08186	0.00728	0.00194	0.00287	0.00977	0.00459	0.00441
7	0.01134	0.06325	0.01157	0.00986	0.04661	0.10553	0.02491	0.10238	0.03191	0.05907	0.13840	0.09408	0.11835	0.01078	0.07729	0.00211	0.07657	0.00653	0.00384	0.00562
8	0.01254	0.19503	0.25805	0.03511	0.10293	0.13500	0.08665	0.04226	0.06093	0.01478	0.00904	0.01055	0.00709	0.00466	0.00441	0.00139	0.00663	0.00375	0.00248	0.00674
9	0.00716	0.02875	0.00639	0.03293	0.00708	0.00541	0.00392	0.00807	0.03648	0.01078	0.02027	0.14472	0.10373	0.54348	0.01797	0.00366	0.00423	0.00807	0.00335	0.00355
10	0.00650	0.00557	0.04252	0.00732	0.00818	0.00504	0.00560	0.00787	0.00889	0.01212	0.02211	0.43416	0.06339	0.05223	0.26935	0.00394	0.00643	0.03088	0.00371	0.00419
11	0.00762	0.00645	0.03668	0.00697	0.00791	0.02341	0.00502	0.03727	0.06784	0.01329	0.06836	0.36424	0.06287	0.25624	0.01141	0.00266	0.00379	0.00971	0.00399	0.00428
12	0.12876	0.12130	0.03770	0.03614	0.12152	0.10982	0.06457	0.13763	0.01278	0.03579	0.07527	0.02762	0.01098	0.00568	0.00496	0.00146	0.04064	0.01779	0.00322	0.00636

[dist]
# distance from previous block
# <min> <max>
9	23

[block]
# block no. 11 follows, 52 sequences, length 9
# corresponding to MSA columns:
# 534-542
name=unknown_L
#
# <colnr> <probs for GDERKNQSTAVLIFYWHMCP>
#	G	D	E	R	K	N	Q	S	T	A	V	L	I	F	Y	W	H	M	C	P
0	0.03118	0.03129	0.02706	0.03169	0.23194	0.14779	0.05068	0.17165	0.03984	0.03509	0.01172	0.03633	0.02210	0.02878	0.00562	0.00156	0.02480	0.03528	0.00327	0.03234
1	0.09395	0.00729	0.00827	0.00793	0.04047	0.03582	0.00556	0.03393	0.02806	0.14963	0.15011	0.08037	0.07135	0.22758	0.01061	0.00241	0.03068	0.00676	0.00412	0.00511
2	0.01169	0.03217	0.17503	0.07775	0.29051	0.05190	0.03039	0.04763	0.05970	0.04601	0.01190	0.06413	0.02487	0.00551	0.00478	0.00147	0.00573	0.00484	0.00291	0.05109
3	0.05970	0.01751	0.04025	0.01237	0.04314	0.40026	0.04034	0.10305	0.20330	0.01685	0.01107	0.01163	0.00858	0.00537	0.00456	0.00141	0.00673	0.00397	0.00335	0.00655
4	0.01700	0.02100	0.01303	0.01187	0.01424	0.70505	0.00890	0.04634	0.01383	0.01289	0.04168	0.05285	0.00932	0.00576	0.00454	0.00131	0.00803	0.00396	0.00281	0.00558
5	0.00719	0.00562	0.00730	0.00737	0.00796	0.02534	0.00537	0.00834	0.00812	0.01116	0.01650	0.17097	0.03796	0.19509	0.41465	0.00544	0.05132	0.00720	0.00304	0.00404
6	0.02765	0.32247	0.16117	0.01288	0.11098	0.06353	0.04695	0.03166	0.01061	0.04957	0.00954	0.05845	0.00844	0.01846	0.00509	0.00143	0.04800	0.00412	0.00257	0.00643
