[name]
unknown

[dist]
# distance from previous block
# <min> <max>
0	56

[block]
# block no. 0 follows, 63 sequences, length 26
# corresponding to MSA columns:
# 64-89
name=unknown_A
#
# <colnr> <probs for GDERKNQSTAVLIFYWHMCP>
#	G	D	E	R	K	N	Q	S	T	A	V	L	I	F	Y	W	H	M	C	P
0	0.00698	0.00696	0.11016	0.00827	0.00990	0.00546	0.00787	0.00929	0.00958	0.01267	0.02041	0.04258	0.02183	0.01066	0.00558	0.00186	0.00416	0.69801	0.00361	0.00416
1	0.01154	0.70839	0.07587	0.00784	0.01153	0.05922	0.00785	0.05624	0.00935	0.01104	0.00622	0.00711	0.00549	0.00374	0.00292	0.00096	0.00478	0.00241	0.00195	0.00552
2	0.00764	0.00545	0.00717	0.00636	0.00809	0.00530	0.00500	0.00921	0.00798	0.06908	0.01365	0.01650	0.08501	0.01888	0.43571	0.00397	0.02091	0.00435	0.05006	0.21969
3	0.00961	0.00980	0.06700	0.11994	0.22755	0.02550	0.22800	0.01239	0.02562	0.06162	0.02164	0.11347	0.02821	0.00535	0.00477	0.00140	0.02479	0.00522	0.00257	0.00556
4	0.02627	0.07617	0.73498	0.01155	0.01744	0.01017	0.02694	0.01336	0.00889	0.02618	0.00756	0.00882	0.00541	0.00398	0.00390	0.00130	0.00601	0.00308	0.00185	0.00613
5	0.00862	0.02044	0.72936	0.01270	0.01867	0.00987	0.11534	0.01333	0.00901	0.01333	0.00766	0.00918	0.00546	0.00394	0.00412	0.00134	0.00632	0.00334	0.00182	0.00614
6	0.00994	0.01130	0.02457	0.01797	0.04673	0.01061	0.78621	0.01345	0.00991	0.01347	0.00849	0.01131	0.00639	0.00355	0.00494	0.00141	0.00702	0.00492	0.00212	0.00570
7	0.00955	0.00987	0.09582	0.04324	0.08603	0.03575	0.17176	0.06780	0.10752	0.05557	0.07399	0.11501	0.08599	0.00631	0.00471	0.00140	0.01531	0.00576	0.00318	0.00545
8	0.00989	0.01160	0.05488	0.01712	0.02136	0.01051	0.75004	0.02842	0.01003	0.01365	0.00878	0.02708	0.00676	0.00377	0.00492	0.00142	0.00692	0.00500	0.00219	0.00568
9	0.00843	0.02174	0.83048	0.01198	0.01819	0.00976	0.01553	0.01331	0.00888	0.01331	0.00754	0.00888	0.00533	0.00399	0.00399	0.00133	0.00621	0.00311	0.00178	0.00621
10	0.00513	0.00384	0.00477	0.00545	0.00601	0.00348	0.00374	0.00601	0.00863	0.01123	0.07312	0.61331	0.21536	0.01232	0.00525	0.00162	0.00234	0.01098	0.00394	0.00348
11	0.00843	0.02174	0.83048	0.01198	0.01819	0.00976	0.01553	0.01331	0.00888	0.01331	0.00754	0.00888	0.00533	0.00399	0.00399	0.00133	0.00621	0.00311	0.00178	0.00621
12	0.00564	0.00428	0.00519	0.00496	0.00609	0.00383	0.00372	0.00733	0.01116	0.01510	0.57466	0.03429	0.28993	0.00925	0.00496	0.00135	0.00203	0.00801	0.00440	0.00383
13	0.00516	0.00371	0.00490	0.00578	0.00610	0.00345	0.00389	0.00597	0.00830	0.01108	0.06716	0.78246	0.05076	0.01285	0.00533	0.00168	0.00241	0.01163	0.00394	0.00345
14	0.00904	0.03372	0.44394	0.06862	0.02023	0.01022	0.32738	0.01319	0.00925	0.01313	0.00788	0.00995	0.00576	0.00382	0.00436	0.00136	0.00648	0.00386	0.00192	0.00588
15	0.01544	0.01118	0.01207	0.00941	0.01265	0.01234	0.00772	0.66996	0.11959	0.06892	0.01133	0.01102	0.00804	0.00514	0.00422	0.00128	0.00441	0.00393	0.00427	0.00709
16	0.00497	0.00426	0.00426	0.00426	0.00568	0.00355	0.00319	0.00603	0.00958	0.01136	0.04259	0.04046	0.82433	0.01065	0.00497	0.00142	0.00213	0.00887	0.00390	0.00355
17	0.00601	0.00450	0.00676	0.00676	0.00751	0.00525	0.00525	0.00751	0.00676	0.00976	0.01126	0.01651	0.01051	0.03153	0.83560	0.00676	0.01126	0.00450	0.00225	0.00375
18	0.00929	0.00745	0.00878	0.00630	0.01001	0.00564	0.00505	0.01115	0.00890	0.05981	0.00799	0.00903	0.00646	0.00323	0.00318	0.00066	0.00314	0.00259	0.00264	0.82870
19	0.01112	0.82074	0.05507	0.00739	0.01109	0.01635	0.00753	0.01262	0.00856	0.01003	0.00591	0.00683	0.00539	0.00361	0.00275	0.00092	0.00457	0.00228	0.00180	0.00543
20	0.00859	0.06887	0.78475	0.01171	0.01778	0.01015	0.01506	0.01327	0.00886	0.01312	0.00745	0.00875	0.00533	0.00397	0.00392	0.00131	0.00612	0.00306	0.00178	0.00617
21	0.00547	0.00383	0.00480	0.00539	0.00561	0.00365	0.00346	0.00602	0.00762	0.01017	0.05311	0.53756	0.04006	0.28089	0.01046	0.00244	0.00294	0.00985	0.00350	0.00316
22	0.00943	0.02308	0.21734	0.02588	0.05387	0.01769	0.02050	0.06356	0.28732	0.02760	0.08484	0.01553	0.03720	0.03675	0.05008	0.00175	0.01397	0.00455	0.00323	0.00583
23	0.00724	0.00524	0.00708	0.02604	0.10183	0.00488	0.01516	0.00880	0.01010	0.07286	0.28588	0.08053	0.24995	0.07419	0.00605	0.00157	0.00282	0.00720	0.02827	0.00428
24	0.00686	0.00549	0.01566	0.00649	0.01867	0.01461	0.02720	0.03340	0.05518	0.04197	0.17769	0.23541	0.26462	0.01055	0.03656	0.00168	0.02022	0.01968	0.00389	0.00419
25	0.01305	0.06149	0.01205	0.01033	0.08501	0.22160	0.01828	0.25766	0.05655	0.01691	0.00911	0.00997	0.00709	0.00442	0.00376	0.00110	0.00492	0.00333	0.08802	0.11535

[dist]
# distance from previous block
# <min> <max>
0	66

[block]
# block no. 1 follows, 63 sequences, length 7
# corresponding to MSA columns:
# 156-162
name=unknown_B
#
# <colnr> <probs for GDERKNQSTAVLIFYWHMCP>
#	G	D	E	R	K	N	Q	S	T	A	V	L	I	F	Y	W	H	M	C	P
0	0.12134	0.21058	0.11962	0.03164	0.08861	0.13799	0.03883	0.01330	0.00924	0.04450	0.00718	0.00840	0.00577	0.00381	0.00341	0.00107	0.00495	0.00283	0.00224	0.14469
1	0.00833	0.03965	0.00845	0.00755	0.04565	0.00719	0.02767	0.06996	0.22683	0.03392	0.13918	0.06199	0.29116	0.00783	0.00460	0.00138	0.00302	0.00665	0.00394	0.00505
2	0.00986	0.01271	0.16825	0.07140	0.14746	0.08242	0.15644	0.03859	0.00926	0.01257	0.00921	0.01144	0.05023	0.00507	0.00647	0.00143	0.19556	0.00402	0.00214	0.00549
3	0.00600	0.00409	0.00475	0.00480	0.00493	0.00410	0.00285	0.00620	0.00641	0.00855	0.01491	0.07063	0.05101	0.71056	0.07995	0.00403	0.00443	0.00642	0.00266	0.00273
4	0.01032	0.03246	0.19356	0.03839	0.08300	0.04489	0.18628	0.14336	0.09093	0.01555	0.03373	0.03790	0.06030	0.00504	0.00438	0.00134	0.00528	0.00457	0.00281	0.00589
5	0.00533	0.00423	0.00479	0.00475	0.00592	0.00369	0.00352	0.00669	0.01029	0.01326	0.31845	0.10000	0.48395	0.01011	0.00500	0.00141	0.00210	0.00866	0.00416	0.00369
6	0.02922	0.17066	0.01484	0.14503	0.15133	0.09270	0.05145	0.08343	0.06169	0.02867	0.00875	0.03855	0.00744	0.02072	0.02011	0.00142	0.06223	0.00380	0.00246	0.00550

[dist]
# distance from previous block
# <min> <max>
0	1

[block]
# block no. 2 follows, 63 sequences, length 7
# corresponding to MSA columns:
# 164-170
name=unknown_C
#
# <colnr> <probs for GDERKNQSTAVLIFYWHMCP>
#	G	D	E	R	K	N	Q	S	T	A	V	L	I	F	Y	W	H	M	C	P
0	0.00520	0.00393	0.00480	0.00530	0.00600	0.00353	0.00370	0.00621	0.00906	0.01180	0.14405	0.49242	0.26525	0.01177	0.00519	0.00157	0.00228	0.01041	0.00401	0.00353
1	0.01112	0.03445	0.01292	0.04678	0.34739	0.12750	0.00912	0.03481	0.04800	0.07703	0.02830	0.06821	0.03185	0.00495	0.00409	0.00120	0.00466	0.00428	0.00275	0.10059
2	0.00520	0.00377	0.00491	0.00567	0.00608	0.00348	0.00385	0.00609	0.00857	0.01142	0.10852	0.70060	0.09132	0.01249	0.00529	0.00164	0.00237	0.01125	0.00398	0.00348
3	0.00990	0.45885	0.40628	0.00947	0.01431	0.01337	0.01116	0.01293	0.00870	0.01152	0.00665	0.00776	0.00536	0.00379	0.00331	0.00110	0.00531	0.00266	0.00179	0.00578
4	0.00799	0.00612	0.00707	0.00664	0.00816	0.00619	0.00486	0.01250	0.26991	0.04261	0.07676	0.28141	0.01889	0.10912	0.00656	0.00171	0.00302	0.00709	0.00378	0.11962
5	0.00973	0.12975	0.08233	0.00848	0.02559	0.04313	0.07976	0.05886	0.03190	0.07505	0.19754	0.03212	0.07087	0.00580	0.00416	0.00119	0.00397	0.01946	0.00326	0.11705
6	0.01179	0.04285	0.04287	0.00788	0.01122	0.00911	0.00665	0.30922	0.06271	0.05714	0.01143	0.04976	0.03820	0.00488	0.00383	0.00106	0.00382	0.00388	0.00343	0.31825

[dist]
# distance from previous block
# <min> <max>
0	15

[block]
# block no. 3 follows, 63 sequences, length 14
# corresponding to MSA columns:
# 187-200
name=unknown_D
#
# <colnr> <probs for GDERKNQSTAVLIFYWHMCP>
#	G	D	E	R	K	N	Q	S	T	A	V	L	I	F	Y	W	H	M	C	P
0	0.02929	0.15202	0.19568	0.10850	0.17104	0.04092	0.05910	0.01245	0.03789	0.01292	0.08773	0.01248	0.03274	0.00467	0.00422	0.00126	0.02530	0.00391	0.00233	0.00555
1	0.00914	0.00920	0.01361	0.01142	0.01179	0.01242	0.07352	0.01029	0.00673	0.01037	0.00597	0.00964	0.00577	0.00794	0.04319	0.00199	0.74669	0.00381	0.00188	0.00465
2	0.02561	0.00732	0.00942	0.09342	0.05889	0.00805	0.00681	0.13051	0.10326	0.10050	0.05154	0.05410	0.09562	0.03041	0.05370	0.07977	0.07761	0.00506	0.00333	0.00507
3	0.00584	0.00412	0.00518	0.00556	0.00637	0.00375	0.00402	0.00701	0.00943	0.04079	0.19073	0.41856	0.20922	0.01129	0.00518	0.00156	0.00241	0.06116	0.00409	0.00372
4	0.00885	0.05865	0.07205	0.02447	0.03136	0.10589	0.00664	0.03413	0.03194	0.04869	0.17602	0.16470	0.09516	0.00780	0.00533	0.00140	0.07663	0.02743	0.01821	0.00464
5	0.00612	0.00422	0.00520	0.00547	0.00635	0.00386	0.00390	0.00748	0.02710	0.05473	0.17295	0.42595	0.22012	0.01097	0.00506	0.00152	0.00235	0.00968	0.02313	0.00382
6	0.06271	0.20843	0.06373	0.02590	0.08061	0.15707	0.02521	0.06329	0.07591	0.01318	0.04858	0.01155	0.04217	0.01534	0.00493	0.00127	0.08861	0.00362	0.00253	0.00535
7	0.00587	0.00419	0.00496	0.00484	0.00543	0.00399	0.00322	0.00677	0.00868	0.01171	0.29713	0.03058	0.15306	0.40138	0.03839	0.00279	0.00327	0.00702	0.00347	0.00323
8	0.00957	0.00967	0.05611	0.09619	0.31987	0.00969	0.08161	0.03088	0.17172	0.01410	0.03776	0.03108	0.03011	0.00563	0.02496	0.00150	0.05645	0.00447	0.00269	0.00593
9	0.00559	0.00404	0.00557	0.00605	0.00646	0.00421	0.00426	0.00653	0.00731	0.01004	0.01734	0.42601	0.01957	0.12318	0.32896	0.00395	0.00606	0.00835	0.00310	0.00344
10	0.00911	0.00774	0.00892	0.00650	0.01014	0.00619	0.00520	0.04344	0.05790	0.01445	0.00816	0.00919	0.00666	0.00335	0.00323	0.00070	0.00319	0.00268	0.00267	0.79059
11	0.00947	0.06129	0.50393	0.01043	0.03965	0.00873	0.01173	0.01304	0.00911	0.09363	0.00948	0.07045	0.00763	0.00463	0.00393	0.00123	0.00511	0.00375	0.00238	0.13039
12	0.01169	0.01437	0.14711	0.05037	0.05871	0.24898	0.02989	0.06085	0.27708	0.01445	0.01106	0.01233	0.00866	0.00495	0.00414	0.00131	0.00542	0.02981	0.00295	0.00588
13	0.00601	0.00450	0.00676	0.00676	0.00751	0.00525	0.00525	0.00751	0.00676	0.00976	0.01126	0.01651	0.01051	0.03153	0.83560	0.00676	0.01126	0.00450	0.00225	0.00375

[dist]
# distance from previous block
# <min> <max>
0	3

[block]
# block no. 4 follows, 63 sequences, length 18
# corresponding to MSA columns:
# 204-207,209-222
name=unknown_E
#
# <colnr> <probs for GDERKNQSTAVLIFYWHMCP>
#	G	D	E	R	K	N	Q	S	T	A	V	L	I	F	Y	W	H	M	C	P
0	0.00870	0.00743	0.00867	0.00636	0.00995	0.00574	0.00511	0.01091	0.03610	0.01379	0.00835	0.01041	0.00712	0.00352	0.00325	0.00070	0.00315	0.03244	0.00260	0.81570
1	0.00976	0.30745	0.51203	0.01028	0.01539	0.05357	0.01230	0.01324	0.00891	0.01199	0.00691	0.00808	0.00535	0.00387	0.00354	0.00117	0.00569	0.00279	0.00180	0.00586
2	0.00807	0.01105	0.27996	0.00806	0.01107	0.02277	0.00828	0.01206	0.10077	0.05187	0.35697	0.02109	0.04425	0.00653	0.00447	0.00134	0.00375	0.01852	0.02394	0.00516
3	0.00985	0.00622	0.02239	0.00622	0.00837	0.01908	0.00497	0.01204	0.04523	0.21972	0.32894	0.04634	0.11783	0.00707	0.00446	0.00124	0.00280	0.00602	0.00426	0.12695
4	0.00868	0.00731	0.00849	0.00612	0.00973	0.00553	0.00489	0.01055	0.00872	0.01379	0.00776	0.00904	0.00644	0.00320	0.00311	0.00064	0.00306	0.00256	0.04331	0.83710
5	0.02048	0.07563	0.13471	0.02299	0.05694	0.04162	0.10385	0.01058	0.04839	0.01241	0.07833	0.11279	0.14360	0.06776	0.02228	0.00168	0.00445	0.03386	0.00292	0.00472
6	0.00522	0.00400	0.00480	0.00529	0.00608	0.00359	0.00378	0.00624	0.00905	0.01159	0.09945	0.42713	0.33559	0.01173	0.00520	0.00157	0.00235	0.04984	0.00396	0.00354
7	0.02806	0.10067	0.11049	0.04463	0.15171	0.10884	0.05423	0.20623	0.08171	0.03115	0.00886	0.00994	0.00681	0.00447	0.00432	0.00126	0.03416	0.00354	0.00278	0.00615
8	0.00522	0.00409	0.00472	0.00494	0.00593	0.00360	0.00356	0.00637	0.00960	0.01230	0.19772	0.27835	0.42670	0.01097	0.00508	0.00148	0.00219	0.00952	0.00405	0.00360
9	0.01028	0.07487	0.33174	0.06791	0.09463	0.01011	0.02164	0.12723	0.05771	0.05586	0.02380	0.04537	0.02459	0.00500	0.00430	0.00133	0.02054	0.01439	0.00269	0.00603
10	0.00969	0.00707	0.04350	0.00738	0.04991	0.00592	0.00567	0.02373	0.04749	0.14999	0.09944	0.06596	0.08736	0.02901	0.00469	0.00121	0.02278	0.00493	0.08468	0.24960
11	0.11255	0.04000	0.21783	0.00917	0.01241	0.00825	0.10280	0.02523	0.02378	0.08860	0.08244	0.01421	0.03978	0.04751	0.07000	0.02303	0.03667	0.00421	0.00275	0.03875
12	0.00936	0.09720	0.44756	0.01088	0.04550	0.02763	0.05110	0.05353	0.00993	0.04343	0.09697	0.01298	0.04033	0.01775	0.00449	0.00133	0.01785	0.00396	0.00246	0.00576
13	0.00875	0.05725	0.27464	0.00894	0.03163	0.00782	0.02696	0.05943	0.05358	0.05798	0.19814	0.09841	0.04185	0.01979	0.00462	0.00136	0.00411	0.00541	0.00322	0.03612
14	0.03029	0.07833	0.13560	0.07077	0.04079	0.02688	0.00810	0.14998	0.02142	0.08841	0.01057	0.04634	0.01954	0.03801	0.12250	0.02342	0.00551	0.00402	0.00286	0.07667
15	0.03026	0.15508	0.13522	0.02258	0.14320	0.10296	0.02665	0.01125	0.00913	0.01202	0.04145	0.20227	0.01241	0.00691	0.02398	0.00141	0.00476	0.01629	0.00256	0.03959
16	0.06647	0.20583	0.13520	0.01038	0.08999	0.13553	0.02673	0.03853	0.01005	0.13468	0.04051	0.02430	0.00823	0.02414	0.00426	0.00125	0.01831	0.00348	0.00269	0.01944
17	0.11714	0.25602	0.22379	0.00921	0.02444	0.11042	0.02458	0.07881	0.01009	0.03342	0.04925	0.00932	0.00736	0.00423	0.00350	0.00115	0.00504	0.00306	0.00239	0.02680

[dist]
# distance from previous block
# <min> <max>
5	47

[block]
# block no. 5 follows, 63 sequences, length 20
# corresponding to MSA columns:
# 270,271,278-295
name=unknown_F
#
# <colnr> <probs for GDERKNQSTAVLIFYWHMCP>
#	G	D	E	R	K	N	Q	S	T	A	V	L	I	F	Y	W	H	M	C	P
0	0.40953	0.18840	0.18703	0.00774	0.01137	0.04061	0.00783	0.05983	0.00884	0.03620	0.00675	0.00766	0.00522	0.00397	0.00310	0.00121	0.00439	0.00260	0.00240	0.00531
1	0.05587	0.21192	0.11751	0.02252	0.01333	0.32550	0.04252	0.06698	0.04096	0.05488	0.00770	0.00854	0.00605	0.00420	0.00363	0.00114	0.00587	0.00297	0.00241	0.00551
2	0.00987	0.12208	0.09224	0.07852	0.14953	0.03843	0.00841	0.05540	0.04421	0.05427	0.06303	0.05042	0.05914	0.00525	0.00399	0.00119	0.00425	0.02253	0.00281	0.13443
3	0.03339	0.09483	0.14273	0.02627	0.03728	0.00761	0.04880	0.05898	0.01029	0.06562	0.13408	0.07607	0.19161	0.00717	0.00444	0.00136	0.00382	0.04739	0.00332	0.00495
4	0.05674	0.09112	0.12398	0.00803	0.02736	0.00843	0.00716	0.06838	0.10289	0.04094	0.13758	0.09196	0.09269	0.00686	0.00484	0.00136	0.05407	0.03573	0.00333	0.03657
5	0.03485	0.01216	0.13940	0.05775	0.25694	0.05828	0.01043	0.17665	0.04761	0.08103	0.00913	0.01031	0.00688	0.00441	0.00438	0.00127	0.03435	0.00358	0.00283	0.04776
6	0.02016	0.06926	0.03256	0.10068	0.36354	0.02254	0.09827	0.03166	0.00945	0.03451	0.01085	0.16663	0.01041	0.00560	0.00435	0.00134	0.00478	0.00527	0.00252	0.00562
7	0.08733	0.00633	0.00697	0.00648	0.00799	0.05632	0.00485	0.01039	0.00907	0.13969	0.09199	0.27206	0.01803	0.08376	0.03624	0.00182	0.02295	0.03493	0.00357	0.09924
8	0.07293	0.00812	0.13921	0.00756	0.00968	0.00617	0.05203	0.01979	0.03368	0.04849	0.24435	0.22280	0.07785	0.00817	0.00492	0.00144	0.02757	0.00709	0.00358	0.00457
9	0.01267	0.17041	0.01308	0.05431	0.01244	0.40746	0.00766	0.06571	0.02838	0.01188	0.05632	0.01137	0.05521	0.00511	0.00456	0.00118	0.07126	0.00351	0.00248	0.00499
10	0.00635	0.00460	0.00549	0.00601	0.00678	0.02776	0.00438	0.00739	0.00894	0.05104	0.05347	0.48152	0.16707	0.03154	0.00562	0.00169	0.00281	0.11991	0.00390	0.00372
11	0.05683	0.00908	0.05389	0.00750	0.01095	0.03413	0.00640	0.13223	0.01153	0.27854	0.02837	0.01175	0.02590	0.00447	0.00376	0.00105	0.00376	0.00351	0.00365	0.31268
12	0.01041	0.24977	0.39171	0.00958	0.01392	0.07955	0.01068	0.04518	0.00938	0.05185	0.00804	0.01016	0.00657	0.08013	0.00520	0.00143	0.00547	0.00319	0.00215	0.00563
13	0.02722	0.03294	0.06672	0.01096	0.06777	0.08548	0.12460	0.06486	0.26599	0.02801	0.01416	0.07673	0.03970	0.02826	0.00486	0.00146	0.00463	0.04670	0.00326	0.00568
14	0.00548	0.00421	0.00459	0.00456	0.00578	0.00368	0.00340	0.00683	0.01001	0.01307	0.23224	0.07535	0.51855	0.00975	0.00480	0.00137	0.00209	0.00826	0.08230	0.00368
15	0.00996	0.06149	0.31801	0.05036	0.01467	0.02158	0.04004	0.13806	0.02387	0.02351	0.02850	0.01137	0.00751	0.07034	0.00718	0.00161	0.16020	0.00375	0.00241	0.00558
16	0.00584	0.00405	0.00468	0.00482	0.00504	0.00397	0.00292	0.00612	0.00679	0.00893	0.01774	0.14840	0.10312	0.60833	0.04889	0.00355	0.00391	0.00720	0.00288	0.00283
17	0.04309	0.26130	0.22527	0.03123	0.11581	0.07961	0.04327	0.06691	0.04806	0.02702	0.00773	0.00891	0.00610	0.00407	0.00376	0.00118	0.01544	0.00311	0.00224	0.00588
18	0.06517	0.13604	0.11179	0.13611	0.11243	0.08302	0.08423	0.18206	0.01140	0.01537	0.00776	0.00934	0.00599	0.00413	0.00387	0.00123	0.00536	0.00337	0.00247	0.01886
19	0.02871	0.14633	0.09638	0.01003	0.08767	0.03269	0.02305	0.09692	0.02337	0.08200	0.00963	0.02928	0.00815	0.03399	0.18858	0.00253	0.06040	0.00382	0.00263	0.03383

[dist]
# distance from previous block
# <min> <max>
2	21

[block]
# block no. 6 follows, 63 sequences, length 10
# corresponding to MSA columns:
# 317-326
name=unknown_G
#
# <colnr> <probs for GDERKNQSTAVLIFYWHMCP>
#	G	D	E	R	K	N	Q	S	T	A	V	L	I	F	Y	W	H	M	C	P
0	0.08411	0.12831	0.24381	0.02331	0.09995	0.02168	0.05407	0.07043	0.03863	0.03301	0.05026	0.05778	0.02710	0.02509	0.00434	0.00133	0.00475	0.00412	0.00259	0.02534
1	0.00569	0.00406	0.00504	0.00562	0.00609	0.00391	0.00380	0.00707	0.04813	0.01152	0.07991	0.57095	0.06729	0.10510	0.00691	0.00187	0.00259	0.01004	0.05085	0.00355
2	0.00834	0.04785	0.11421	0.00826	0.01050	0.04960	0.07945	0.01105	0.05996	0.06536	0.19948	0.18161	0.05527	0.00839	0.02288	0.00155	0.00401	0.06396	0.00351	0.00475
3	0.02769	0.03178	0.12535	0.04021	0.07758	0.07118	0.00844	0.24409	0.05743	0.06489	0.08629	0.05718	0.01159	0.03049	0.04563	0.00164	0.00492	0.00450	0.00331	0.00581
4	0.00961	0.03756	0.03383	0.06378	0.38626	0.00887	0.14565	0.01182	0.02965	0.03460	0.01014	0.02561	0.04512	0.00587	0.00609	0.12860	0.00494	0.00428	0.00228	0.00544
5	0.00667	0.00523	0.03716	0.00713	0.05478	0.00449	0.00500	0.00823	0.02816	0.06442	0.15680	0.46501	0.11965	0.01053	0.00503	0.00154	0.00271	0.00939	0.00393	0.00413
6	0.00966	0.01359	0.25873	0.04114	0.01345	0.13896	0.03279	0.08891	0.05022	0.01360	0.01433	0.09853	0.10687	0.00630	0.00465	0.00136	0.03346	0.03346	0.00278	0.03722
7	0.03503	0.05811	0.40796	0.09252	0.03549	0.03810	0.07852	0.07188	0.02182	0.07398	0.00941	0.02847	0.02124	0.00447	0.00407	0.00132	0.00557	0.00371	0.00241	0.00593
8	0.00957	0.01342	0.26954	0.01357	0.01774	0.00955	0.35910	0.04993	0.00999	0.04167	0.01046	0.01580	0.00879	0.00510	0.00500	0.00147	0.03177	0.11942	0.00246	0.00566
9	0.01105	0.00577	0.00718	0.00618	0.00820	0.00522	0.00484	0.06520	0.01145	0.31586	0.18165	0.11292	0.23084	0.00813	0.00468	0.00138	0.00283	0.00689	0.00455	0.00519

[dist]
# distance from previous block
# <min> <max>
0	2

[block]
# block no. 7 follows, 63 sequences, length 77
# corresponding to MSA columns:
# 329-405
name=unknown_H
#
# <colnr> <probs for GDERKNQSTAVLIFYWHMCP>
#	G	D	E	R	K	N	Q	S	T	A	V	L	I	F	Y	W	H	M	C	P
0	0.01006	0.36151	0.32895	0.00919	0.01340	0.03859	0.01020	0.04140	0.00906	0.03084	0.00754	0.00900	0.00613	0.00706	0.09872	0.00176	0.00601	0.00295	0.00202	0.00561
1	0.00734	0.06076	0.07930	0.00788	0.00952	0.02022	0.02678	0.00927	0.00926	0.03098	0.01977	0.16850	0.05273	0.01090	0.03514	0.00189	0.00421	0.43786	0.00346	0.00422
2	0.03458	0.00999	0.01005	0.00915	0.01066	0.26172	0.12376	0.01058	0.00952	0.01126	0.01535	0.42898	0.01701	0.00873	0.00475	0.00146	0.00476	0.02039	0.00307	0.00424
3	0.08373	0.00453	0.00505	0.00520	0.00628	0.00427	0.00379	0.01951	0.00951	0.01322	0.19701	0.30164	0.31060	0.01036	0.00487	0.00148	0.00234	0.00895	0.00394	0.00374
4	0.88196	0.00813	0.00618	0.00553	0.00813	0.00943	0.00455	0.01236	0.00715	0.01886	0.00585	0.00683	0.00455	0.00390	0.00260	0.00130	0.00325	0.00228	0.00260	0.00455
5	0.00695	0.00511	0.00646	0.00693	0.00816	0.00506	0.00582	0.00952	0.08186	0.03143	0.02610	0.04173	0.20595	0.03162	0.00583	0.00181	0.00342	0.50823	0.00391	0.00409
6	0.00941	0.00889	0.01467	0.01049	0.01440	0.00747	0.30178	0.01189	0.00924	0.03387	0.00808	0.00982	0.00639	0.00332	0.00382	0.00093	0.00459	0.00344	0.00242	0.53506
7	0.01038	0.00731	0.00888	0.00834	0.01022	0.00770	0.00710	0.28723	0.01331	0.04691	0.03778	0.03290	0.01818	0.00903	0.00517	0.00166	0.00407	0.47463	0.00405	0.00513
8	0.00672	0.00435	0.00483	0.00473	0.00588	0.00409	0.00354	0.00874	0.04055	0.03045	0.22973	0.08098	0.23696	0.00796	0.00423	0.00126	0.00213	0.00675	0.31215	0.00397
9	0.00611	0.00408	0.00458	0.00458	0.00458	0.00408	0.00255	0.00611	0.00611	0.00815	0.01325	0.02751	0.01528	0.85226	0.02140	0.00408	0.00408	0.00611	0.00255	0.00255
10	0.04830	0.01006	0.01021	0.00830	0.01125	0.15451	0.00666	0.08291	0.10427	0.49795	0.01395	0.01266	0.00932	0.00505	0.00410	0.00127	0.00433	0.00391	0.00438	0.00660
11	0.00514	0.00377	0.00481	0.00560	0.00602	0.00346	0.00379	0.00595	0.00836	0.01098	0.05244	0.70032	0.13576	0.02532	0.00554	0.00169	0.00241	0.01130	0.00391	0.00344
12	0.00871	0.00530	0.00625	0.00569	0.00741	0.00487	0.00437	0.01113	0.09075	0.18706	0.17677	0.09768	0.34525	0.00873	0.00474	0.00139	0.00255	0.00741	0.01923	0.00470
13	0.01492	0.01074	0.01164	0.00923	0.01235	0.01186	0.00752	0.55973	0.20770	0.09114	0.01229	0.01176	0.00876	0.00521	0.00422	0.00130	0.00423	0.00405	0.00431	0.00703
14	0.01007	0.00831	0.01015	0.00853	0.01058	0.04937	0.08814	0.21836	0.12748	0.01603	0.06538	0.08387	0.09762	0.00982	0.08009	0.09754	0.00472	0.00547	0.00344	0.00505
15	0.00577	0.00411	0.00503	0.00552	0.00631	0.00373	0.00390	0.00689	0.02204	0.04365	0.04814	0.51548	0.26867	0.01181	0.00518	0.00160	0.00243	0.03207	0.00398	0.00368
16	0.01040	0.00999	0.01706	0.02580	0.82604	0.00999	0.01290	0.01290	0.00957	0.01373	0.00791	0.01040	0.00666	0.00375	0.00416	0.00125	0.00499	0.00375	0.00208	0.00666
17	0.00955	0.35292	0.50909	0.01008	0.01525	0.01249	0.01222	0.01302	0.00874	0.01195	0.00687	0.00803	0.00535	0.00384	0.00348	0.00116	0.00553	0.00277	0.00178	0.00589
18	0.01114	0.03999	0.32981	0.02065	0.02717	0.14981	0.03305	0.12440	0.01078	0.05263	0.00933	0.04151	0.02101	0.01964	0.02359	0.00149	0.07200	0.00378	0.00250	0.00572
19	0.06214	0.00651	0.00783	0.00643	0.00873	0.00623	0.00512	0.09410	0.01112	0.40847	0.01451	0.02759	0.01071	0.08090	0.00539	0.00148	0.00329	0.01407	0.21967	0.00570
20	0.00843	0.02174	0.83048	0.01198	0.01819	0.00976	0.01553	0.01331	0.00888	0.01331	0.00754	0.00888	0.00533	0.00399	0.00399	0.00133	0.00621	0.00311	0.00178	0.00621
21	0.01177	0.04129	0.02372	0.08783	0.01434	0.08249	0.13042	0.15453	0.16396	0.09765	0.01305	0.05905	0.04379	0.01942	0.00498	0.00140	0.03646	0.00472	0.00334	0.00579
22	0.08466	0.00472	0.00637	0.00635	0.00700	0.00484	0.03525	0.02064	0.00737	0.01071	0.01520	0.35179	0.03632	0.04489	0.05520	0.25821	0.02377	0.02056	0.00292	0.00323
23	0.00600	0.00405	0.00472	0.00482	0.00490	0.00405	0.00283	0.00618	0.00649	0.00871	0.03439	0.11581	0.01706	0.70986	0.04999	0.00385	0.00412	0.00672	0.00273	0.00272
24	0.01035	0.01202	0.10034	0.04983	0.03132	0.08655	0.36962	0.05690	0.11327	0.02562	0.01970	0.04946	0.02226	0.01632	0.00493	0.00142	0.01703	0.00479	0.00265	0.00564
25	0.03225	0.06519	0.39940	0.07092	0.09030	0.08849	0.04673	0.04881	0.00988	0.07562	0.00856	0.03024	0.00653	0.00434	0.00400	0.00129	0.00569	0.00351	0.00230	0.00595
26	0.01001	0.01111	0.08314	0.08618	0.44342	0.02422	0.19594	0.02193	0.04322	0.01360	0.00891	0.01120	0.01950	0.00397	0.00435	0.00131	0.00555	0.00408	0.00219	0.00616
27	0.00528	0.00372	0.00488	0.00570	0.00598	0.00350	0.00379	0.00603	0.00810	0.01091	0.05952	0.73881	0.02717	0.07270	0.00645	0.00185	0.00253	0.01120	0.01850	0.00339
28	0.04684	0.18289	0.10943	0.02292	0.12026	0.07079	0.06202	0.12181	0.06611	0.10902	0.01013	0.01078	0.02916	0.00450	0.00398	0.00122	0.01564	0.00358	0.00286	0.00606
29	0.01149	0.02155	0.17876	0.04329	0.10517	0.09351	0.06162	0.08193	0.06142	0.14390	0.03432	0.09451	0.02461	0.00557	0.00446	0.00134	0.01885	0.00472	0.00311	0.00587
30	0.00956	0.00617	0.00900	0.04403	0.18862	0.00597	0.00661	0.01124	0.03443	0.18396	0.01714	0.32365	0.03908	0.09304	0.00638	0.00173	0.00355	0.00729	0.00357	0.00499
31	0.00967	0.10519	0.41333	0.01243	0.01722	0.07407	0.21248	0.01383	0.05327	0.01294	0.00902	0.01042	0.02885	0.00414	0.00413	0.00130	0.00609	0.00370	0.00209	0.00584
32	0.00988	0.00965	0.02849	0.15410	0.42266	0.03179	0.14750	0.01244	0.00946	0.03760	0.00972	0.04636	0.02766	0.00447	0.00445	0.00133	0.01452	0.00440	0.01768	0.00584
33	0.00885	0.05942	0.40425	0.04219	0.06480	0.00930	0.13863	0.01231	0.00911	0.04259	0.01150	0.06481	0.06055	0.00522	0.00457	0.00138	0.02854	0.02405	0.00230	0.00564
34	0.00779	0.02267	0.01013	0.07550	0.01059	0.00927	0.00733	0.00889	0.00679	0.00987	0.00944	0.01440	0.03944	0.10299	0.22580	0.01522	0.41333	0.00433	0.00210	0.00410
35	0.00947	0.26687	0.43255	0.01063	0.01538	0.03396	0.08309	0.01296	0.02021	0.01231	0.02810	0.02584	0.00720	0.00431	0.00378	0.00122	0.00556	0.01882	0.00201	0.00574
36	0.00881	0.11734	0.17220	0.23196	0.10547	0.02523	0.07503	0.01165	0.02768	0.02523	0.01081	0.11480	0.03458	0.00548	0.00434	0.01207	0.00506	0.00472	0.00232	0.00522
37	0.00947	0.04049	0.32803	0.06711	0.27194	0.00970	0.10223	0.01302	0.02109	0.03875	0.00932	0.02969	0.02285	0.00435	0.00421	0.00132	0.00552	0.01268	0.00217	0.00607
38	0.00649	0.00506	0.00736	0.12437	0.01049	0.00517	0.04144	0.04248	0.01998	0.02156	0.04430	0.57499	0.04390	0.01069	0.00509	0.00161	0.00322	0.02425	0.00359	0.00397
39	0.00961	0.01009	0.10356	0.07067	0.08518	0.10831	0.12796	0.01174	0.00957	0.09293	0.01456	0.24668	0.03620	0.00721	0.00467	0.00145	0.00481	0.04676	0.00301	0.00502
40	0.01180	0.02320	0.33120	0.07192	0.12388	0.00840	0.03008	0.01491	0.01001	0.26748	0.02182	0.01266	0.04425	0.00469	0.00417	0.00132	0.00495	0.00393	0.00303	0.00629
41	0.00880	0.00854	0.01495	0.43157	0.27673	0.00944	0.10186	0.01145	0.00892	0.01199	0.00903	0.03601	0.02731	0.00447	0.00451	0.00137	0.02137	0.00424	0.00207	0.00534
42	0.00814	0.02013	0.75674	0.01143	0.01711	0.00920	0.01449	0.01265	0.00880	0.01308	0.00894	0.08396	0.00733	0.00481	0.00412	0.00136	0.00588	0.00390	0.00197	0.00596
43	0.01003	0.00897	0.08572	0.19692	0.26400	0.00810	0.04256	0.01247	0.00946	0.13474	0.01202	0.11308	0.01072	0.00580	0.00447	0.00141	0.00472	0.06635	0.00283	0.00562
44	0.00830	0.01719	0.55512	0.01150	0.05917	0.04562	0.04753	0.01210	0.00927	0.01299	0.03955	0.03494	0.11816	0.00526	0.00423	0.00134	0.00546	0.00435	0.00226	0.00565
45	0.00877	0.02054	0.73605	0.01243	0.01839	0.00993	0.08636	0.03526	0.00927	0.01369	0.00770	0.00913	0.00547	0.00398	0.00409	0.00134	0.00625	0.00329	0.00187	0.00619
46	0.01060	0.01213	0.02332	0.01688	0.02092	0.08437	0.71703	0.03570	0.01037	0.01354	0.00837	0.01097	0.00631	0.00366	0.00484	0.00138	0.00706	0.00473	0.00219	0.00564
47	0.01191	0.00943	0.01564	0.04307	0.54111	0.02132	0.07364	0.01427	0.01013	0.17581	0.02349	0.01203	0.02023	0.00422	0.00426	0.00128	0.00484	0.00406	0.00277	0.00651
48	0.01040	0.00999	0.01706	0.02580	0.82604	0.00999	0.01290	0.01290	0.00957	0.01373	0.00791	0.01040	0.00666	0.00375	0.00416	0.00125	0.00499	0.00375	0.00208	0.00666
49	0.00611	0.00408	0.00458	0.00458	0.00458	0.00408	0.00255	0.00611	0.00611	0.00815	0.01325	0.02751	0.01528	0.85226	0.02140	0.00408	0.00408	0.00611	0.00255	0.00255
50	0.00978	0.01039	0.01311	0.12523	0.08727	0.15895	0.11947	0.01208	0.05242	0.01156	0.01163	0.07553	0.07406	0.00656	0.02077	0.00155	0.19752	0.00481	0.00242	0.00491
51	0.88196	0.00813	0.00618	0.00553	0.00813	0.00943	0.00455	0.01236	0.00715	0.01886	0.00585	0.00683	0.00455	0.00390	0.00260	0.00130	0.00325	0.00228	0.00260	0.00455
52	0.01031	0.00890	0.00936	0.00844	0.01079	0.01027	0.00656	0.02189	0.79647	0.01742	0.01780	0.01636	0.03488	0.00584	0.00430	0.00143	0.00329	0.00486	0.00427	0.00657
53	0.01002	0.01067	0.09602	0.02022	0.56077	0.00917	0.02317	0.01287	0.02860	0.02458	0.00814	0.01015	0.00664	0.00372	0.00398	0.00115	0.00476	0.00351	0.00222	0.15964
54	0.00595	0.00430	0.00562	0.00529	0.00628	0.00397	0.00397	0.00793	0.01190	0.01686	0.82382	0.03140	0.03966	0.00859	0.00496	0.00132	0.00198	0.00760	0.00463	0.00397
55	0.01046	0.00903	0.00951	0.00855	0.01093	0.01046	0.00665	0.02234	0.81845	0.01759	0.01711	0.01568	0.01283	0.00570	0.00428	0.00143	0.00333	0.00475	0.00428	0.00665
56	0.00919	0.00888	0.03564	0.15627	0.37184	0.00863	0.03323	0.02125	0.03166	0.01354	0.06916	0.01275	0.03213	0.00442	0.00431	0.00120	0.02384	0.00400	0.00243	0.15564
57	0.00914	0.07028	0.67085	0.01257	0.06181	0.01011	0.05237	0.01350	0.00905	0.04115	0.00782	0.00913	0.00563	0.00398	0.00398	0.00130	0.00599	0.00322	0.00193	0.00619
58	0.01557	0.01225	0.01234	0.00969	0.01289	0.07916	0.00791	0.69266	0.07501	0.02456	0.01029	0.01028	0.00741	0.00503	0.00418	0.00126	0.00477	0.00377	0.00405	0.00693
59	0.00628	0.00415	0.00548	0.00548	0.00574	0.00441	0.00367	0.00648	0.00623	0.00856	0.01155	0.02121	0.01227	0.42652	0.30070	0.15449	0.00647	0.00514	0.00232	0.00284
60	0.01053	0.01000	0.05384	0.00835	0.02488	0.20854	0.00645	0.04494	0.07548	0.10931	0.01655	0.34490	0.03393	0.00836	0.00461	0.00144	0.00427	0.02524	0.00352	0.00486
61	0.02486	0.01621	0.38953	0.02206	0.11664	0.10115	0.06553	0.04426	0.05202	0.11416	0.00921	0.01015	0.00664	0.00425	0.00409	0.00130	0.00569	0.00351	0.00253	0.00621
62	0.00730	0.00365	0.00548	0.00548	0.00548	0.00365	0.00365	0.00548	0.00548	0.00730	0.00730	0.01278	0.00730	0.01460	0.01643	0.87769	0.00365	0.00365	0.00183	0.00183
63	0.00803	0.00756	0.01277	0.81276	0.05766	0.00936	0.01172	0.01082	0.00845	0.01085	0.00749	0.01118	0.00564	0.00419	0.00420	0.00140	0.00558	0.00374	0.00188	0.00474
64	0.02398	0.06921	0.13200	0.03072	0.05700	0.15947	0.02406	0.08683	0.08029	0.16112	0.01204	0.12340	0.01019	0.00570	0.00415	0.00130	0.00487	0.00465	0.00322	0.00578
65	0.01144	0.03731	0.02969	0.09332	0.48626	0.10979	0.05460	0.05930	0.02116	0.04508	0.00824	0.01025	0.00659	0.00400	0.00412	0.00125	0.00538	0.00366	0.00233	0.00621
66	0.00609	0.00407	0.00459	0.00461	0.00462	0.00406	0.00258	0.00611	0.00616	0.00821	0.01348	0.04662	0.01557	0.83275	0.02102	0.00402	0.00404	0.00625	0.00258	0.00257
67	0.00822	0.00792	0.01258	0.81222	0.02838	0.03909	0.01155	0.01096	0.00853	0.01072	0.00744	0.01108	0.00560	0.00421	0.00419	0.00139	0.00568	0.00370	0.00188	0.00468
68	0.01085	0.05349	0.17104	0.04662	0.38703	0.05804	0.08620	0.01366	0.00977	0.08483	0.01970	0.01100	0.02054	0.00412	0.00414	0.00127	0.00536	0.00378	0.00235	0.00620
69	0.00850	0.04092	0.81187	0.01187	0.01802	0.00992	0.01534	0.01330	0.00887	0.01323	0.00750	0.00883	0.00533	0.00398	0.00396	0.00132	0.00617	0.00309	0.00178	0.00619
70	0.00664	0.00501	0.00634	0.00697	0.00775	0.01668	0.00548	0.00877	0.07615	0.01191	0.02108	0.30210	0.03555	0.07216	0.00690	0.01518	0.01651	0.37123	0.00373	0.00385
71	0.31724	0.03177	0.01311	0.03548	0.31004	0.12424	0.07349	0.01319	0.00898	0.01482	0.00694	0.00875	0.00565	0.00392	0.00372	0.00126	0.01651	0.00315	0.00226	0.00548
72	0.00550	0.00420	0.00545	0.05514	0.00746	0.00407	0.00430	0.00660	0.00861	0.01130	0.10822	0.40289	0.20156	0.06151	0.07825	0.00216	0.00340	0.02217	0.00364	0.00356
73	0.01107	0.52808	0.24469	0.00883	0.01302	0.08258	0.00955	0.01339	0.00902	0.03649	0.00671	0.00764	0.00553	0.00382	0.00320	0.00105	0.00520	0.00259	0.00193	0.00563
74	0.00882	0.03522	0.46683	0.06246	0.11178	0.00915	0.07644	0.01266	0.01955	0.03976	0.04851	0.07140	0.00912	0.00488	0.00423	0.00135	0.00546	0.00426	0.00228	0.00584
75	0.00831	0.00777	0.01295	0.56070	0.20189	0.00910	0.01118	0.01088	0.00868	0.01157	0.03765	0.01241	0.02040	0.00567	0.04173	0.00162	0.02640	0.00399	0.00206	0.00502
76	0.02314	0.63424	0.04791	0.00733	0.01050	0.01375	0.03102	0.01149	0.00864	0.01058	0.02858	0.10251	0.04552	0.00511	0.00326	0.00106	0.00422	0.00386	0.00221	0.00508

[dist]
# distance from previous block
# <min> <max>
0	2

[block]
# block no. 8 follows, 63 sequences, length 27
# corresponding to MSA columns:
# 408-434
name=unknown_I
#
# <colnr> <probs for GDERKNQSTAVLIFYWHMCP>
#	G	D	E	R	K	N	Q	S	T	A	V	L	I	F	Y	W	H	M	C	P
0	0.03125	0.02596	0.18597	0.03689	0.11518	0.02829	0.08627	0.04798	0.01011	0.24325	0.01069	0.04714	0.00809	0.00508	0.00528	0.00138	0.09793	0.00413	0.00304	0.00609
1	0.01020	0.10639	0.25190	0.03729	0.07285	0.05316	0.13170	0.02754	0.06253	0.07934	0.03409	0.06575	0.02817	0.00509	0.00421	0.00132	0.00520	0.01486	0.00265	0.00574
2	0.00828	0.00767	0.01219	0.70543	0.06243	0.03135	0.01092	0.01090	0.00875	0.02393	0.05247	0.01259	0.00780	0.02307	0.00461	0.00144	0.00537	0.00398	0.00210	0.00472
3	0.00814	0.00693	0.01116	0.31103	0.20731	0.00765	0.02036	0.01009	0.00818	0.03363	0.01019	0.04665	0.00948	0.15902	0.11828	0.00257	0.00576	0.01660	0.00229	0.00466
4	0.00970	0.07976	0.12377	0.02948	0.21190	0.04038	0.08636	0.02597	0.02199	0.07413	0.02248	0.15992	0.03623	0.00632	0.00443	0.00138	0.00466	0.05282	0.00283	0.00548
5	0.01070	0.08408	0.13316	0.03666	0.13488	0.03335	0.12026	0.08012	0.03285	0.11156	0.02101	0.14773	0.02346	0.00580	0.00434	0.00134	0.00477	0.00521	0.00298	0.00573
6	0.01166	0.00597	0.00849	0.00827	0.05395	0.00548	0.02376	0.01328	0.01040	0.35176	0.04524	0.17092	0.05290	0.00872	0.01520	0.00160	0.00358	0.19918	0.00430	0.00534
7	0.05721	0.00944	0.01248	0.01073	0.01093	0.03552	0.00891	0.01042	0.00663	0.01060	0.00556	0.00902	0.00546	0.00708	0.01290	0.00179	0.77523	0.00358	0.00189	0.00460
8	0.15349	0.01133	0.01283	0.01183	0.10219	0.18896	0.11812	0.04882	0.00992	0.10906	0.00865	0.03076	0.00694	0.00494	0.00545	0.00135	0.13696	0.00371	0.02933	0.00539
9	0.78129	0.02795	0.00687	0.00575	0.00844	0.02733	0.00474	0.01249	0.00745	0.03111	0.00613	0.00707	0.00478	0.00388	0.00268	0.00125	0.00337	0.00233	0.00261	0.05248
10	0.00930	0.00886	0.01507	0.39179	0.46869	0.00970	0.01235	0.01193	0.00905	0.01239	0.00771	0.01076	0.00619	0.00395	0.00418	0.00132	0.00527	0.00374	0.00199	0.00577
11	0.00542	0.00388	0.00512	0.00601	0.00638	0.00367	0.00422	0.00630	0.00822	0.01087	0.02303	0.65713	0.05084	0.06316	0.00638	0.00187	0.00274	0.12751	0.00382	0.00343
12	0.01137	0.00948	0.01002	0.00874	0.01128	0.01088	0.00687	0.15281	0.68649	0.01906	0.01595	0.01476	0.01189	0.00559	0.00427	0.00140	0.00354	0.00459	0.00427	0.00674
13	0.88196	0.00813	0.00618	0.00553	0.00813	0.00943	0.00455	0.01236	0.00715	0.01886	0.00585	0.00683	0.00455	0.00390	0.00260	0.00130	0.00325	0.00228	0.00260	0.00455
14	0.00918	0.00874	0.01486	0.43026	0.43113	0.00967	0.01229	0.01183	0.00899	0.01225	0.00769	0.01080	0.00614	0.00397	0.00418	0.00132	0.00530	0.00374	0.00198	0.00567
15	0.00913	0.01551	0.37366	0.01497	0.04423	0.00995	0.40413	0.01315	0.00949	0.01345	0.02404	0.01159	0.00704	0.00406	0.00454	0.00139	0.00646	0.02530	0.00207	0.00586
16	0.00541	0.00436	0.00490	0.00517	0.00641	0.00385	0.00407	0.00668	0.00957	0.01172	0.05380	0.08526	0.58046	0.01096	0.00518	0.00155	0.00254	0.19056	0.00391	0.00362
17	0.00611	0.00408	0.00458	0.00458	0.00458	0.00408	0.00255	0.00611	0.00611	0.00815	0.01325	0.02751	0.01528	0.85226	0.02140	0.00408	0.00408	0.00611	0.00255	0.00255
18	0.00852	0.04674	0.80622	0.01184	0.01797	0.00997	0.01528	0.01329	0.00887	0.01321	0.00749	0.00881	0.00533	0.00398	0.00395	0.00132	0.00616	0.00308	0.00178	0.00619
19	0.00995	0.01053	0.04503	0.19058	0.23836	0.01031	0.35740	0.06061	0.01007	0.01375	0.00819	0.01091	0.00631	0.00384	0.00451	0.00136	0.00604	0.00425	0.00217	0.00583
20	0.80694	0.00916	0.00668	0.00599	0.00855	0.08095	0.00486	0.01274	0.00757	0.01812	0.00591	0.00689	0.00463	0.00394	0.00270	0.00128	0.00363	0.00231	0.00256	0.00458
21	0.00528	0.00384	0.00505	0.00571	0.00618	0.00361	0.00394	0.00626	0.00862	0.01157	0.13572	0.62561	0.08720	0.01345	0.05504	0.00193	0.00288	0.01067	0.00390	0.00352
22	0.03014	0.14059	0.02755	0.00858	0.05957	0.00841	0.00686	0.06115	0.01161	0.53039	0.06197	0.01345	0.01078	0.00501	0.00400	0.00123	0.00381	0.00401	0.00429	0.00660
23	0.58358	0.01016	0.03513	0.00839	0.07547	0.09511	0.00631	0.03906	0.06922	0.01736	0.00712	0.00808	0.00556	0.00418	0.00329	0.00129	0.02027	0.00273	0.00265	0.00505
24	0.05712	0.16981	0.17672	0.00907	0.01232	0.08122	0.02014	0.07819	0.16724	0.05015	0.07803	0.01186	0.01004	0.00499	0.00443	0.00127	0.05496	0.00373	0.00293	0.00577
25	0.03459	0.25676	0.33476	0.00897	0.01300	0.05227	0.00986	0.02539	0.01942	0.04851	0.06715	0.03705	0.03903	0.01624	0.00400	0.00125	0.00490	0.01894	0.00244	0.00549
26	0.02365	0.51215	0.19314	0.00843	0.01225	0.02726	0.02078	0.01271	0.02138	0.03502	0.00894	0.00977	0.05474	0.00436	0.00370	0.00110	0.04005	0.00303	0.00208	0.00548

[dist]
# distance from previous block
# <min> <max>
0	32

# created by:
# /st0/software/busco_prod/Augustus/scripts/msa2prfl.pl ./align_prep/24207.fa
