[name]
unknown

[dist]
# distance from previous block
# <min> <max>
0	44

[block]
# block no. 0 follows, 56 sequences, length 11
# corresponding to MSA columns:
# 44-54
name=unknown_A
#
# <colnr> <probs for GDERKNQSTAVLIFYWHMCP>
#	G	D	E	R	K	N	Q	S	T	A	V	L	I	F	Y	W	H	M	C	P
0	0.00891	0.00730	0.00901	0.04575	0.05865	0.04458	0.00658	0.07303	0.02755	0.02843	0.01566	0.13981	0.05399	0.12831	0.19854	0.00331	0.05510	0.04060	0.00317	0.05169
1	0.00734	0.00561	0.00765	0.06472	0.04768	0.00581	0.00591	0.03126	0.00881	0.01193	0.01754	0.13489	0.06188	0.21412	0.20195	0.00369	0.00605	0.11758	0.00317	0.04243
2	0.05238	0.00960	0.01378	0.26497	0.09455	0.04565	0.08313	0.07625	0.03009	0.18663	0.02513	0.03986	0.00916	0.00516	0.00457	0.00143	0.00527	0.00454	0.00334	0.04451
3	0.03437	0.13260	0.08066	0.19953	0.18808	0.03130	0.03686	0.15824	0.01191	0.01604	0.00959	0.06296	0.00815	0.00513	0.00437	0.00139	0.00547	0.00434	0.00272	0.00627
4	0.01080	0.00928	0.01494	0.17205	0.41144	0.00981	0.02611	0.01404	0.07126	0.06884	0.01122	0.06028	0.00966	0.04433	0.02335	0.00173	0.02684	0.00488	0.00278	0.00634
5	0.04965	0.00686	0.00925	0.09159	0.01199	0.00729	0.00681	0.04482	0.06929	0.23420	0.04335	0.05292	0.01266	0.01706	0.31678	0.00374	0.00723	0.00512	0.00375	0.00564
6	0.04216	0.05771	0.19814	0.00996	0.06480	0.03023	0.00890	0.09996	0.02565	0.10103	0.11683	0.06653	0.11608	0.03551	0.00530	0.00154	0.00449	0.00569	0.00360	0.00590
7	0.05891	0.05131	0.03076	0.16510	0.18044	0.19762	0.07771	0.07637	0.02560	0.05240	0.00936	0.03715	0.00760	0.00487	0.00442	0.00138	0.00610	0.00410	0.00272	0.00609
8	0.06850	0.00665	0.00867	0.03096	0.09792	0.00661	0.00634	0.06630	0.02529	0.09304	0.31725	0.13593	0.07075	0.00858	0.00507	0.00152	0.00328	0.03778	0.00435	0.00524
9	0.00750	0.00604	0.04208	0.00692	0.00806	0.03111	0.00524	0.00882	0.00980	0.06540	0.11586	0.51023	0.04271	0.04423	0.00620	0.00180	0.00321	0.04034	0.00416	0.04030
10	0.06471	0.10917	0.07783	0.03344	0.02931	0.11934	0.05489	0.25236	0.04296	0.10763	0.01009	0.01071	0.00745	0.00499	0.00459	0.00134	0.03237	0.00375	0.00343	0.02964

[dist]
# distance from previous block
# <min> <max>
9	46

[block]
# block no. 1 follows, 56 sequences, length 25
# corresponding to MSA columns:
# 101,102,107-129
name=unknown_B
#
# <colnr> <probs for GDERKNQSTAVLIFYWHMCP>
#	G	D	E	R	K	N	Q	S	T	A	V	L	I	F	Y	W	H	M	C	P
0	0.07208	0.01576	0.01503	0.04639	0.28873	0.37786	0.03850	0.04817	0.02973	0.01421	0.00812	0.00989	0.00662	0.00451	0.00428	0.00130	0.00665	0.00354	0.00250	0.00614
1	0.00928	0.00875	0.01364	0.58830	0.12987	0.03172	0.01197	0.01280	0.06291	0.01272	0.01008	0.04230	0.00836	0.00527	0.00468	0.00153	0.00574	0.03220	0.00241	0.00546
2	0.20060	0.11219	0.19868	0.02521	0.03100	0.03162	0.02087	0.01506	0.01012	0.17929	0.01190	0.04411	0.00985	0.00578	0.00419	0.00146	0.00486	0.08393	0.00326	0.00605
3	0.00695	0.06110	0.00708	0.00642	0.00743	0.00535	0.00474	0.03581	0.01007	0.02637	0.10569	0.44885	0.14607	0.04715	0.00626	0.00182	0.00300	0.06152	0.00416	0.00416
4	0.01311	0.00615	0.00807	0.00689	0.00914	0.00548	0.00542	0.01471	0.01175	0.40273	0.15653	0.09418	0.15145	0.03049	0.06045	0.00196	0.00382	0.00688	0.00493	0.00584
5	0.01495	0.00882	0.01289	0.01018	0.01297	0.02566	0.12199	0.01759	0.06147	0.39999	0.04799	0.01797	0.07158	0.00654	0.00642	0.00156	0.12761	0.02291	0.00434	0.00656
6	0.38172	0.03325	0.03021	0.03908	0.04510	0.16246	0.05995	0.05938	0.03702	0.07914	0.00894	0.01057	0.00694	0.00478	0.00381	0.00139	0.00513	0.02238	0.00304	0.00572
7	0.00946	0.00811	0.06228	0.00763	0.00986	0.00750	0.00631	0.01547	0.30265	0.08176	0.17983	0.05536	0.15851	0.04876	0.00592	0.00168	0.00337	0.02541	0.00446	0.00569
8	0.01775	0.00772	0.01012	0.00820	0.01126	0.00709	0.00665	0.05816	0.07061	0.60548	0.01877	0.10159	0.01389	0.00686	0.00481	0.00150	0.00383	0.03315	0.00536	0.00722
9	0.12121	0.00964	0.01100	0.00865	0.01200	0.00988	0.00711	0.28807	0.05212	0.37417	0.02806	0.01348	0.01006	0.00553	0.00437	0.00140	0.00417	0.00427	0.02751	0.00729
10	0.01619	0.01168	0.01266	0.00995	0.01333	0.01281	0.00813	0.60271	0.11924	0.07439	0.04173	0.01373	0.03007	0.00590	0.00465	0.00141	0.00463	0.00458	0.00468	0.00752
11	0.00628	0.00480	0.00689	0.00706	0.00776	0.00452	0.05740	0.00735	0.00908	0.01208	0.07085	0.51089	0.07329	0.13707	0.00844	0.00221	0.00333	0.06292	0.00395	0.00383
12	0.00603	0.00434	0.00538	0.00582	0.00636	0.00406	0.00394	0.00699	0.00938	0.01252	0.17521	0.39235	0.12334	0.19195	0.00953	0.00231	0.00296	0.02976	0.00409	0.00367
13	0.15745	0.16618	0.25242	0.01038	0.01476	0.10649	0.03851	0.12711	0.01165	0.06305	0.00847	0.00936	0.00635	0.00453	0.00391	0.00132	0.00569	0.00327	0.00276	0.00633
14	0.01234	0.00671	0.00887	0.00857	0.04375	0.00638	0.00655	0.04274	0.06477	0.29274	0.09282	0.13717	0.07086	0.00906	0.00528	0.00165	0.00364	0.17549	0.00477	0.00586
15	0.37749	0.00983	0.00960	0.00804	0.01100	0.01094	0.00651	0.26225	0.10201	0.08613	0.01146	0.06616	0.00911	0.00567	0.00395	0.00145	0.00400	0.00420	0.00393	0.00627
16	0.00588	0.00430	0.00539	0.00593	0.00661	0.00401	0.00416	0.00666	0.00899	0.01163	0.04393	0.43279	0.24833	0.03357	0.07250	0.07121	0.00350	0.02300	0.00392	0.00366
17	0.01078	0.27050	0.39900	0.01283	0.07051	0.04220	0.07570	0.01477	0.03855	0.01349	0.00812	0.00953	0.00633	0.00425	0.00403	0.00131	0.00614	0.00337	0.00211	0.00646
18	0.01051	0.00987	0.01645	0.36277	0.40984	0.01085	0.03067	0.05352	0.01044	0.01427	0.00853	0.01171	0.00679	0.00444	0.00477	0.00145	0.02039	0.00412	0.00229	0.00632
19	0.00666	0.06091	0.00713	0.00645	0.00728	0.00536	0.00473	0.00791	0.02388	0.01223	0.12148	0.36099	0.07651	0.07573	0.12983	0.04390	0.00444	0.03690	0.00373	0.00395
20	0.04310	0.07675	0.12305	0.10211	0.30637	0.14707	0.04075	0.08051	0.01142	0.01502	0.00825	0.01028	0.00658	0.00439	0.00431	0.00134	0.00611	0.00368	0.00241	0.00648
21	0.07248	0.04328	0.01267	0.08616	0.10163	0.06806	0.02801	0.15920	0.09490	0.07349	0.03584	0.03139	0.02055	0.00517	0.00427	0.00129	0.00470	0.00421	0.00344	0.14926
22	0.18060	0.02496	0.06630	0.02669	0.09713	0.07692	0.03772	0.16665	0.09916	0.03199	0.01227	0.09169	0.01080	0.00622	0.00443	0.00149	0.00485	0.05057	0.00344	0.00612
23	0.17386	0.06726	0.03439	0.09915	0.21021	0.05309	0.03863	0.15120	0.01183	0.04600	0.02227	0.02934	0.00783	0.00495	0.00451	0.00140	0.03091	0.00395	0.00295	0.00628
24	0.01234	0.14977	0.16897	0.04247	0.03686	0.03043	0.04698	0.19884	0.08551	0.04994	0.02477	0.05660	0.00954	0.00600	0.02155	0.00148	0.00534	0.00438	0.00324	0.04499

[dist]
# distance from previous block
# <min> <max>
6	67

[block]
# block no. 2 follows, 56 sequences, length 21
# corresponding to MSA columns:
# 214-234
name=unknown_C
#
# <colnr> <probs for GDERKNQSTAVLIFYWHMCP>
#	G	D	E	R	K	N	Q	S	T	A	V	L	I	F	Y	W	H	M	C	P
0	0.05204	0.08213	0.07052	0.01133	0.12629	0.03187	0.02776	0.09322	0.07553	0.06345	0.04645	0.08650	0.09260	0.00778	0.03182	0.00163	0.00467	0.04618	0.00349	0.04476
1	0.02371	0.09593	0.11178	0.09580	0.09760	0.08152	0.06852	0.17326	0.02564	0.03840	0.05881	0.01244	0.00939	0.02234	0.00493	0.00140	0.01814	0.00410	0.00301	0.05327
2	0.02968	0.04125	0.18366	0.14186	0.17918	0.02627	0.06711	0.12863	0.06110	0.02960	0.00943	0.01122	0.00717	0.00464	0.00466	0.00141	0.02292	0.00395	0.00273	0.04353
3	0.05256	0.11436	0.12168	0.08723	0.11946	0.02761	0.01001	0.01642	0.21657	0.03681	0.01076	0.01184	0.00840	0.00502	0.00499	0.00139	0.06885	0.00387	0.00293	0.07924
4	0.04831	0.03880	0.04709	0.13587	0.14026	0.02389	0.20867	0.15430	0.04455	0.03848	0.00951	0.01152	0.00723	0.00462	0.00496	0.00143	0.03388	0.00427	0.00287	0.03948
5	0.07971	0.13358	0.26364	0.04568	0.06468	0.04910	0.04737	0.12216	0.07167	0.04743	0.00954	0.01087	0.00727	0.02266	0.00458	0.00143	0.00563	0.00369	0.00281	0.00651
6	0.00989	0.00974	0.01351	0.01152	0.01184	0.01321	0.00957	0.01099	0.00722	0.01132	0.00639	0.01027	0.00626	0.00857	0.04068	0.00209	0.74333	0.00395	0.00208	0.06757
7	0.00668	0.00445	0.00501	0.00501	0.00501	0.00445	0.00278	0.00668	0.00668	0.00890	0.01447	0.03004	0.01669	0.83866	0.02337	0.00445	0.00445	0.00668	0.00278	0.00278
8	0.00867	0.00571	0.00699	0.00670	0.00827	0.00544	0.00523	0.03704	0.07143	0.10943	0.25060	0.13996	0.19707	0.01019	0.00543	0.00162	0.00297	0.11767	0.00469	0.00489
9	0.01248	0.78347	0.04987	0.00804	0.01205	0.01750	0.00812	0.01409	0.00948	0.04052	0.00688	0.00775	0.00609	0.00401	0.00305	0.00101	0.00494	0.00257	0.00210	0.00599
10	0.00821	0.00687	0.01013	0.20823	0.15779	0.00712	0.00829	0.01022	0.01017	0.04611	0.05238	0.08498	0.27738	0.00845	0.00534	0.00158	0.02150	0.06686	0.00340	0.00500
11	0.00621	0.00435	0.00537	0.00585	0.00619	0.00418	0.00385	0.00690	0.00845	0.01126	0.08051	0.36235	0.06077	0.34475	0.01287	0.00287	0.00344	0.06266	0.00372	0.00343
12	0.00599	0.00446	0.00563	0.00621	0.00698	0.00416	0.00454	0.00723	0.00978	0.01280	0.12124	0.38971	0.20577	0.04344	0.04014	0.00210	0.00321	0.11850	0.00422	0.00388
13	0.01156	0.49439	0.30111	0.00992	0.01480	0.03716	0.01112	0.04949	0.01011	0.01295	0.00726	0.00837	0.00595	0.00417	0.00355	0.00117	0.00567	0.00287	0.00208	0.00628
14	0.01070	0.01022	0.01731	0.15589	0.65361	0.01052	0.01346	0.01342	0.01025	0.01437	0.01003	0.01278	0.03814	0.00446	0.00459	0.00140	0.00544	0.00431	0.00231	0.00679
15	0.00616	0.00441	0.00595	0.00681	0.00739	0.00419	0.00504	0.00747	0.00981	0.01314	0.13287	0.53252	0.03118	0.01328	0.00592	0.00187	0.00298	0.20071	0.00436	0.00393
16	0.00559	0.00444	0.00502	0.00533	0.00642	0.00388	0.00382	0.00674	0.01019	0.01280	0.11852	0.29831	0.47818	0.01228	0.00556	0.00164	0.00242	0.01063	0.00434	0.00388
17	0.01264	0.03612	0.06583	0.09315	0.15500	0.01092	0.06546	0.24080	0.05173	0.07726	0.02408	0.08216	0.03633	0.00603	0.00493	0.00147	0.02076	0.00518	0.00353	0.00661
18	0.01253	0.01053	0.01300	0.20043	0.06289	0.07196	0.00963	0.15885	0.07474	0.08481	0.03419	0.01257	0.00879	0.00625	0.02060	0.00162	0.16743	0.00421	0.00319	0.04177
19	0.04983	0.00713	0.00838	0.00816	0.04243	0.02356	0.00600	0.04211	0.13549	0.18081	0.08789	0.18734	0.14230	0.00897	0.00507	0.00158	0.00342	0.04940	0.00451	0.00561
20	0.00622	0.00464	0.00581	0.00628	0.00708	0.00439	0.00453	0.00804	0.04793	0.01375	0.20051	0.42214	0.14409	0.03206	0.00610	0.00179	0.00272	0.07341	0.00442	0.00407

[dist]
# distance from previous block
# <min> <max>
2	72

[block]
# block no. 3 follows, 56 sequences, length 6
# corresponding to MSA columns:
# 307-312
name=unknown_D
#
# <colnr> <probs for GDERKNQSTAVLIFYWHMCP>
#	G	D	E	R	K	N	Q	S	T	A	V	L	I	F	Y	W	H	M	C	P
0	0.07035	0.29002	0.33295	0.01007	0.01496	0.04920	0.01115	0.05426	0.01036	0.05430	0.00808	0.00906	0.00623	0.00429	0.00375	0.00123	0.00558	0.00306	0.00240	0.05871
1	0.01051	0.00912	0.01477	0.41492	0.28808	0.01021	0.01217	0.04135	0.03940	0.05615	0.00955	0.01257	0.00741	0.00613	0.04710	0.00177	0.00597	0.00420	0.00252	0.00609
2	0.01061	0.15269	0.44136	0.05103	0.04115	0.05280	0.06182	0.01441	0.00988	0.03633	0.00817	0.00975	0.00619	0.00436	0.00445	0.00134	0.02935	0.00341	0.00216	0.05874
3	0.00950	0.15463	0.07701	0.03045	0.08620	0.01003	0.06626	0.01157	0.00983	0.03933	0.10487	0.11681	0.06925	0.00727	0.00616	0.00149	0.12455	0.02557	0.00303	0.04618
4	0.00599	0.00430	0.00530	0.00578	0.00622	0.00409	0.00382	0.00674	0.00861	0.01140	0.07753	0.41283	0.12257	0.25126	0.04976	0.00280	0.00356	0.01009	0.00380	0.00353
5	0.02625	0.06536	0.27240	0.01166	0.04372	0.05296	0.06673	0.10267	0.11593	0.07931	0.02502	0.05374	0.00992	0.03391	0.00533	0.00155	0.01931	0.00457	0.00317	0.00650

[dist]
# distance from previous block
# <min> <max>
2	11

[block]
# block no. 4 follows, 56 sequences, length 86
# corresponding to MSA columns:
# 325-410
name=unknown_E
#
# <colnr> <probs for GDERKNQSTAVLIFYWHMCP>
#	G	D	E	R	K	N	Q	S	T	A	V	L	I	F	Y	W	H	M	C	P
0	0.03665	0.01142	0.05349	0.14020	0.25583	0.09927	0.03340	0.08582	0.06534	0.01573	0.05865	0.07917	0.01133	0.00566	0.00461	0.00142	0.00531	0.00494	0.00297	0.02881
1	0.02830	0.05799	0.04232	0.13024	0.33561	0.04472	0.01118	0.07067	0.02659	0.05452	0.04547	0.02781	0.00938	0.00616	0.03337	0.00163	0.06060	0.00433	0.00276	0.00636
2	0.09472	0.05938	0.03617	0.22301	0.11115	0.01138	0.10114	0.12221	0.08749	0.03245	0.03335	0.01242	0.00852	0.00549	0.02061	0.00157	0.02564	0.00423	0.00295	0.00615
3	0.01045	0.06432	0.03387	0.01135	0.01547	0.00914	0.26245	0.01307	0.00993	0.03643	0.00860	0.01051	0.00687	0.00387	0.00458	0.00108	0.04001	0.00370	0.00258	0.45173
4	0.15347	0.01153	0.11172	0.09267	0.09327	0.03705	0.00910	0.08645	0.10180	0.01719	0.03296	0.01137	0.00831	0.00470	0.00427	0.00129	0.02402	0.00366	0.00297	0.19221
5	0.00584	0.00426	0.00543	0.00604	0.00662	0.00394	0.00417	0.00693	0.00970	0.01294	0.17216	0.52445	0.12897	0.05870	0.00670	0.00190	0.00267	0.03043	0.00433	0.00382
6	0.01745	0.01286	0.01378	0.01056	0.01424	0.01424	0.00873	0.79471	0.02159	0.02893	0.01102	0.01102	0.00781	0.00551	0.00459	0.00138	0.00505	0.00413	0.00459	0.00781
7	0.01025	0.00555	0.00687	0.00620	0.00807	0.00486	0.00478	0.01174	0.01144	0.25201	0.17159	0.11293	0.30837	0.03447	0.00579	0.00163	0.00292	0.03067	0.00478	0.00509
8	0.05460	0.00913	0.01138	0.13886	0.09276	0.00987	0.00839	0.07594	0.29476	0.09408	0.02772	0.01623	0.04295	0.00573	0.00452	0.00144	0.00425	0.02281	0.00383	0.08077
9	0.00749	0.00625	0.00762	0.00839	0.08655	0.00618	0.00559	0.01139	0.17050	0.01538	0.21590	0.13182	0.29001	0.00961	0.00524	0.00155	0.00290	0.00832	0.00434	0.00498
10	0.00594	0.00426	0.00554	0.00644	0.00686	0.00403	0.00450	0.00686	0.00891	0.01175	0.02525	0.60108	0.07189	0.09798	0.00769	0.00214	0.00304	0.11801	0.00411	0.00371
11	0.10424	0.00832	0.00910	0.00793	0.01036	0.02898	0.00626	0.09498	0.19317	0.21383	0.06755	0.07062	0.06014	0.05295	0.00573	0.00168	0.00381	0.04970	0.00451	0.00615
12	0.09523	0.01239	0.05992	0.15536	0.14962	0.06070	0.03670	0.31909	0.01445	0.02967	0.00926	0.01080	0.00692	0.00486	0.00453	0.00141	0.01527	0.00389	0.00322	0.00668
13	0.01715	0.02188	0.01301	0.01183	0.01419	0.82022	0.00887	0.01833	0.01301	0.01124	0.00710	0.00828	0.00591	0.00473	0.00414	0.00118	0.00828	0.00296	0.00237	0.00532
14	0.00618	0.00444	0.00546	0.00589	0.00645	0.00419	0.00407	0.00712	0.00916	0.01211	0.12875	0.31389	0.13378	0.24569	0.01073	0.00252	0.00322	0.08878	0.00395	0.00361
15	0.06192	0.01004	0.01634	0.18826	0.52845	0.01066	0.01273	0.01385	0.01002	0.05398	0.00876	0.01146	0.00705	0.00446	0.00493	0.00143	0.04261	0.00402	0.00242	0.00662
16	0.01075	0.03846	0.06686	0.08559	0.32824	0.04163	0.06463	0.02918	0.04878	0.05693	0.07166	0.01733	0.10871	0.00568	0.00471	0.00142	0.00505	0.00511	0.00301	0.00627
17	0.00579	0.00413	0.00555	0.00661	0.00696	0.00389	0.00460	0.00673	0.00898	0.01193	0.02520	0.75208	0.02994	0.01420	0.00591	0.00189	0.00283	0.09473	0.00426	0.00378
18	0.10085	0.01052	0.01124	0.00930	0.01236	0.01164	0.00752	0.34180	0.27700	0.10112	0.01455	0.03486	0.01105	0.00608	0.00453	0.00148	0.00423	0.02819	0.00453	0.00713
19	0.11779	0.06018	0.04855	0.02234	0.07564	0.01095	0.00820	0.22887	0.11802	0.19224	0.03206	0.01275	0.00965	0.00543	0.00449	0.01466	0.00443	0.00411	0.00406	0.02558
20	0.01080	0.01057	0.01712	0.22859	0.52476	0.03888	0.02876	0.01348	0.01003	0.01381	0.00833	0.01142	0.00686	0.00446	0.00516	0.00144	0.05275	0.00407	0.00220	0.00651
21	0.00783	0.00507	0.00691	0.00764	0.00862	0.00491	0.00612	0.00961	0.02551	0.07697	0.02409	0.35518	0.02652	0.01266	0.00598	0.00195	0.00358	0.40212	0.00437	0.00438
22	0.42668	0.12563	0.09290	0.00799	0.01142	0.01183	0.00733	0.07469	0.15134	0.03760	0.00940	0.00986	0.00717	0.00471	0.00351	0.00138	0.00420	0.00323	0.00315	0.00597
23	0.22041	0.01935	0.03575	0.00816	0.01072	0.10121	0.00663	0.15721	0.04778	0.10320	0.02622	0.16020	0.06119	0.00721	0.00441	0.00148	0.00428	0.01505	0.00384	0.00570
24	0.00648	0.00457	0.00558	0.00570	0.00651	0.00423	0.00401	0.00767	0.01013	0.03078	0.26803	0.20999	0.18277	0.18790	0.00937	0.00223	0.00292	0.04305	0.00422	0.00385
25	0.00668	0.00448	0.00513	0.00521	0.00527	0.00447	0.00305	0.00681	0.00692	0.00922	0.01524	0.05232	0.01753	0.77609	0.02206	0.00427	0.00439	0.04507	0.00289	0.00288
26	0.01113	0.06567	0.40839	0.03426	0.12380	0.01077	0.06717	0.01569	0.06436	0.10124	0.02708	0.01171	0.00807	0.00474	0.00472	0.00144	0.02637	0.00396	0.00267	0.00676
27	0.00686	0.00493	0.00588	0.00605	0.00684	0.00480	0.00418	0.00882	0.07816	0.03018	0.14255	0.29277	0.13376	0.22243	0.01008	0.00239	0.00315	0.02810	0.00407	0.00401
28	0.01067	0.01209	0.02625	0.04033	0.02380	0.01143	0.75324	0.01447	0.01071	0.01453	0.00933	0.01252	0.00706	0.00465	0.02564	0.00169	0.00781	0.00537	0.00232	0.00611
29	0.00949	0.34830	0.06235	0.00827	0.01076	0.01186	0.00759	0.01180	0.04760	0.01139	0.00960	0.01268	0.00868	0.01730	0.35209	0.00382	0.05512	0.00378	0.00231	0.00520
30	0.24876	0.01111	0.07594	0.00855	0.01165	0.03151	0.00738	0.27293	0.08391	0.05349	0.05133	0.03854	0.03077	0.03873	0.00492	0.00155	0.00435	0.00443	0.01397	0.00620
31	0.02762	0.00484	0.00561	0.00573	0.00688	0.00448	0.00425	0.00803	0.03377	0.01428	0.24814	0.18302	0.32236	0.04782	0.00627	0.00174	0.00264	0.06402	0.00439	0.00408
32	0.02255	0.00512	0.00572	0.00556	0.00695	0.00470	0.00415	0.05218	0.01155	0.01511	0.25688	0.14039	0.43086	0.01086	0.00538	0.00155	0.00250	0.00928	0.00448	0.00423
33	0.00936	0.00907	0.01441	0.53018	0.11151	0.03202	0.03581	0.01197	0.00905	0.01201	0.00810	0.01200	0.00652	0.00653	0.04686	0.00187	0.13119	0.00412	0.00210	0.00531
34	0.00643	0.00455	0.00547	0.00571	0.00677	0.00404	0.00410	0.00764	0.01036	0.05277	0.16576	0.35767	0.32785	0.01205	0.00556	0.00165	0.00251	0.01055	0.00447	0.00409
35	0.00648	0.00473	0.00548	0.00560	0.00663	0.00430	0.00397	0.02661	0.01022	0.03463	0.14035	0.27240	0.33886	0.10933	0.00763	0.00196	0.00276	0.00986	0.00424	0.00397
36	0.01291	0.01000	0.01222	0.01105	0.05815	0.01115	0.04682	0.09305	0.47872	0.11694	0.01610	0.01597	0.01206	0.00610	0.00543	0.00155	0.06102	0.01929	0.00434	0.00712
37	0.00797	0.00399	0.00598	0.00598	0.00598	0.00399	0.00399	0.00598	0.00598	0.00797	0.00797	0.01396	0.00797	0.01595	0.01794	0.86643	0.00399	0.00399	0.00199	0.00199
38	0.01022	0.03037	0.01547	0.46084	0.18516	0.05256	0.05082	0.02738	0.05018	0.01314	0.00868	0.01185	0.00681	0.00474	0.00516	0.00149	0.05295	0.00410	0.00229	0.00578
39	0.01356	0.09463	0.01600	0.06790	0.09719	0.32527	0.12383	0.03404	0.03183	0.04076	0.00892	0.01076	0.00716	0.00554	0.02846	0.00148	0.03152	0.00377	0.05160	0.00578
40	0.00969	0.00826	0.00961	0.00688	0.01095	0.00630	0.00551	0.02852	0.00978	0.01526	0.00822	0.00955	0.00682	0.00345	0.00343	0.00070	0.00344	0.00275	0.00276	0.84812
41	0.01480	0.01096	0.01162	0.00935	0.01247	0.02401	0.00757	0.46215	0.19444	0.05440	0.01431	0.01405	0.03402	0.00578	0.00447	0.00137	0.00434	0.00451	0.08270	0.03269
42	0.29115	0.00816	0.01007	0.03591	0.20344	0.00866	0.00764	0.03106	0.04550	0.05388	0.04894	0.14271	0.03766	0.00692	0.00437	0.00153	0.00394	0.04954	0.00338	0.00554
43	0.01171	0.00989	0.01051	0.00940	0.01201	0.01136	0.00739	0.08436	0.70462	0.01972	0.01834	0.01821	0.01409	0.00646	0.00474	0.00157	0.00377	0.04002	0.00465	0.00717
44	0.00607	0.00449	0.00531	0.00559	0.00663	0.00397	0.00401	0.00727	0.01031	0.03428	0.16239	0.34463	0.36416	0.01216	0.00557	0.00165	0.00247	0.01061	0.00443	0.00400
45	0.01243	0.00996	0.01040	0.00903	0.01158	0.03533	0.00708	0.24333	0.38623	0.03270	0.01803	0.11279	0.04962	0.00714	0.00476	0.00151	0.00397	0.00591	0.03148	0.00671
46	0.01057	0.00639	0.00788	0.00725	0.00894	0.00632	0.00572	0.12056	0.01202	0.15083	0.11696	0.08483	0.08488	0.10826	0.05381	0.00227	0.00416	0.15632	0.04691	0.00511
47	0.00558	0.00405	0.00527	0.00626	0.00662	0.00374	0.00420	0.00641	0.00892	0.01177	0.02697	0.77336	0.09159	0.01417	0.00583	0.00184	0.00264	0.01279	0.00426	0.00374
48	0.00637	0.00492	0.00575	0.00577	0.00693	0.00458	0.00429	0.00844	0.05431	0.01439	0.27671	0.11978	0.31588	0.08190	0.00704	0.00184	0.00271	0.06987	0.00440	0.00412
49	0.00669	0.00464	0.00569	0.00611	0.00693	0.00428	0.00429	0.02661	0.00970	0.04820	0.05315	0.48040	0.20673	0.07981	0.00710	0.00197	0.00288	0.03657	0.00424	0.00400
50	0.00670	0.00483	0.00667	0.00675	0.00739	0.00528	0.00498	0.00794	0.00795	0.01859	0.05221	0.13413	0.03502	0.17481	0.44294	0.00523	0.02754	0.02550	0.02165	0.00388
51	0.01202	0.01016	0.01072	0.00946	0.01217	0.01170	0.00741	0.10086	0.72428	0.02017	0.01793	0.01652	0.01340	0.00616	0.00466	0.00154	0.00377	0.00509	0.00466	0.00732
52	0.01099	0.00630	0.00874	0.00866	0.05581	0.00606	0.02606	0.04258	0.01988	0.20773	0.01854	0.12947	0.05572	0.11457	0.05127	0.08739	0.00443	0.12364	0.01715	0.00502
53	0.06539	0.00558	0.00633	0.00592	0.00763	0.00519	0.00456	0.01066	0.04244	0.12725	0.19019	0.06870	0.33038	0.03819	0.00573	0.00163	0.00283	0.04599	0.03069	0.00472
54	0.00812	0.00435	0.00455	0.00451	0.00556	0.00428	0.00334	0.01015	0.00997	0.01680	0.11576	0.02071	0.04344	0.03809	0.00434	0.00126	0.00224	0.00506	0.69327	0.00421
55	0.00652	0.00504	0.00579	0.00610	0.00668	0.03253	0.00418	0.00737	0.00861	0.01121	0.06143	0.28388	0.13061	0.25983	0.12276	0.00331	0.00469	0.03231	0.00355	0.00362
56	0.01221	0.04892	0.01093	0.00939	0.01084	0.32399	0.00718	0.05691	0.01009	0.01132	0.00833	0.01167	0.00752	0.01305	0.15390	0.21187	0.08138	0.00370	0.00237	0.00444
57	0.00926	0.00788	0.00924	0.00677	0.01060	0.00596	0.00536	0.01121	0.00947	0.01474	0.00931	0.06505	0.00838	0.00414	0.00357	0.00076	0.00335	0.00341	0.00282	0.80871
58	0.05118	0.00780	0.00929	0.00898	0.00991	0.06399	0.00740	0.01017	0.00911	0.01253	0.01784	0.05662	0.09842	0.01314	0.11330	0.00260	0.24093	0.25911	0.00317	0.00450
59	0.00655	0.00520	0.00608	0.00661	0.00728	0.04300	0.00473	0.00764	0.00903	0.01183	0.04637	0.43448	0.10820	0.06633	0.15081	0.00292	0.00477	0.05372	0.02055	0.00389
60	0.00618	0.00456	0.00562	0.00590	0.00664	0.00429	0.00411	0.00778	0.03747	0.01380	0.26804	0.35542	0.14008	0.10936	0.00769	0.00199	0.00271	0.01010	0.00435	0.00395
61	0.00718	0.00484	0.00595	0.00606	0.00709	0.00439	0.00425	0.00845	0.02398	0.07032	0.10748	0.39987	0.16410	0.10955	0.00757	0.00197	0.00291	0.00991	0.00420	0.04993
62	0.00887	0.00536	0.00656	0.00623	0.00784	0.00482	0.00476	0.01075	0.03795	0.16605	0.19322	0.17550	0.29118	0.01039	0.00537	0.00159	0.00280	0.05121	0.00471	0.00483
63	0.00605	0.00447	0.00597	0.00646	0.00707	0.00453	0.00464	0.00715	0.00841	0.01128	0.02267	0.36952	0.11948	0.09203	0.27636	0.00388	0.00601	0.03670	0.00354	0.00381
64	0.00973	0.00801	0.00944	0.00698	0.01082	0.00618	0.00562	0.02410	0.00985	0.03379	0.00959	0.02346	0.00837	0.00417	0.00365	0.00081	0.00348	0.04716	0.00293	0.77188
65	0.04899	0.00452	0.00566	0.00644	0.00706	0.00431	0.00454	0.00745	0.00904	0.03196	0.02510	0.61356	0.08088	0.04747	0.00642	0.00194	0.00294	0.08365	0.00416	0.00391
66	0.02037	0.00465	0.00565	0.00597	0.00677	0.00438	0.00417	0.02594	0.00985	0.03383	0.13422	0.42341	0.15320	0.10323	0.00748	0.00199	0.00284	0.01871	0.02937	0.00397
67	0.02252	0.00616	0.02827	0.03116	0.00839	0.03391	0.00535	0.00876	0.02715	0.01097	0.04716	0.06179	0.01468	0.28161	0.34948	0.02612	0.02405	0.00581	0.00277	0.00388
68	0.00596	0.00438	0.00546	0.00577	0.00652	0.00402	0.00404	0.00723	0.01035	0.01391	0.29635	0.36098	0.16756	0.07736	0.00702	0.00187	0.00258	0.01034	0.00442	0.00389
69	0.00716	0.00514	0.00649	0.00702	0.00793	0.00504	0.00523	0.04404	0.05528	0.03100	0.05784	0.48939	0.08761	0.01258	0.00575	0.00182	0.00311	0.15888	0.00436	0.00433
70	0.06359	0.00487	0.00602	0.00608	0.00661	0.00524	0.00417	0.00771	0.00726	0.01071	0.01424	0.10561	0.01532	0.39257	0.31427	0.00503	0.00708	0.00637	0.01373	0.00353
71	0.67477	0.00829	0.00724	0.03469	0.00969	0.00947	0.00542	0.02332	0.00855	0.04599	0.05280	0.01123	0.00837	0.00682	0.05717	0.00184	0.00419	0.02210	0.00306	0.00500
72	0.00742	0.00614	0.00699	0.00666	0.00813	0.03346	0.02510	0.05977	0.04894	0.01518	0.21674	0.18427	0.30531	0.01057	0.00541	0.00159	0.00303	0.04643	0.00437	0.00450
73	0.00677	0.00496	0.00654	0.00727	0.00830	0.00477	0.00601	0.00854	0.01048	0.01361	0.10090	0.13564	0.15552	0.03291	0.00647	0.00199	0.00356	0.47739	0.00428	0.00409
74	0.00702	0.00496	0.00580	0.00568	0.00706	0.00446	0.00422	0.00887	0.04091	0.06961	0.24278	0.17949	0.38039	0.01090	0.00542	0.00157	0.00250	0.00940	0.00459	0.00437
75	0.01006	0.00874	0.01184	0.02536	0.04871	0.00711	0.08552	0.01258	0.02836	0.03598	0.00880	0.01028	0.00711	0.00363	0.00374	0.00086	0.00400	0.00319	0.00277	0.68135
76	0.53061	0.00975	0.00980	0.00884	0.05631	0.04353	0.04180	0.06626	0.01022	0.17097	0.00921	0.00972	0.00663	0.00461	0.00356	0.00141	0.00421	0.00324	0.00342	0.00590
77	0.00656	0.00491	0.00731	0.00731	0.00810	0.00570	0.00565	0.00815	0.00736	0.01061	0.01236	0.01839	0.01163	0.05807	0.79703	0.00729	0.01207	0.00497	0.00247	0.00406
78	0.00818	0.00648	0.02198	0.00712	0.00847	0.04207	0.00550	0.05416	0.04502	0.05405	0.14135	0.32572	0.14316	0.01111	0.00550	0.00169	0.00330	0.10615	0.00435	0.00462
79	0.00907	0.01031	0.09780	0.07203	0.01367	0.03073	0.04078	0.01088	0.00793	0.01153	0.00908	0.06109	0.00876	0.03419	0.15902	0.00291	0.40823	0.00475	0.00226	0.00497
80	0.00896	0.00839	0.01414	0.72510	0.11683	0.01017	0.01273	0.01197	0.00933	0.01218	0.00833	0.01223	0.00635	0.00455	0.00456	0.00150	0.00598	0.00408	0.01728	0.00532
81	0.00989	0.00981	0.01376	0.01184	0.01188	0.01369	0.00985	0.01092	0.00705	0.01103	0.00631	0.01040	0.00627	0.00923	0.05140	0.00225	0.79335	0.00406	0.00203	0.00498
82	0.00954	0.00808	0.00939	0.00679	0.01068	0.00619	0.00538	0.02552	0.00961	0.01494	0.00850	0.01047	0.00726	0.04112	0.00432	0.00086	0.00348	0.00292	0.00276	0.81219
83	0.00760	0.04369	0.00820	0.01868	0.00912	0.02985	0.02752	0.03585	0.01020	0.01340	0.05546	0.36196	0.11061	0.01088	0.00535	0.00164	0.00350	0.14426	0.00389	0.09835
84	0.04929	0.04663	0.05958	0.30865	0.05791	0.08841	0.04261	0.01290	0.00941	0.03232	0.00839	0.03582	0.00702	0.00529	0.00609	0.00147	0.14258	0.00401	0.00233	0.07928
85	0.00982	0.00921	0.01274	0.45352	0.09486	0.05343	0.01062	0.03749	0.12095	0.01376	0.01169	0.04209	0.03592	0.00585	0.01897	0.00156	0.00550	0.00462	0.00272	0.05467

[dist]
# distance from previous block
# <min> <max>
5	7

[block]
# block no. 5 follows, 56 sequences, length 9
# corresponding to MSA columns:
# 441-449
name=unknown_F
#
# <colnr> <probs for GDERKNQSTAVLIFYWHMCP>
#	G	D	E	R	K	N	Q	S	T	A	V	L	I	F	Y	W	H	M	C	P
0	0.01018	0.01000	0.02998	0.27000	0.24108	0.06312	0.01067	0.03051	0.02357	0.01335	0.00973	0.01348	0.02489	0.07504	0.00650	0.00162	0.04530	0.00418	0.00242	0.11438
1	0.01146	0.01091	0.08918	0.10730	0.19772	0.04510	0.02201	0.12725	0.06569	0.05475	0.03463	0.02711	0.05270	0.00664	0.00609	0.09745	0.00503	0.00461	0.00309	0.03128
2	0.00852	0.00771	0.01081	0.34267	0.03825	0.03132	0.00897	0.01192	0.09688	0.01246	0.01401	0.01726	0.08573	0.02962	0.19697	0.00295	0.04306	0.00491	0.00270	0.03329
3	0.65554	0.00880	0.00807	0.00813	0.07654	0.00990	0.00588	0.05604	0.00937	0.02034	0.09579	0.01096	0.00958	0.00488	0.00337	0.00142	0.00364	0.00336	0.00314	0.00525
4	0.13404	0.12110	0.03467	0.10463	0.25662	0.03857	0.16689	0.04847	0.02591	0.01539	0.00834	0.01054	0.00666	0.00423	0.00426	0.00138	0.00571	0.00388	0.00244	0.00626
5	0.01694	0.01358	0.01344	0.01048	0.01403	0.10323	0.00854	0.66117	0.01990	0.02612	0.01041	0.01063	0.00754	0.00530	0.00447	0.00131	0.00531	0.00392	0.00423	0.05946
6	0.00741	0.00720	0.09733	0.00816	0.00979	0.00540	0.07228	0.00904	0.00940	0.06077	0.03847	0.52655	0.06490	0.05274	0.00642	0.00187	0.00369	0.01023	0.00387	0.00450
7	0.00639	0.00473	0.00568	0.00612	0.00677	0.00460	0.00418	0.00813	0.07566	0.01211	0.05274	0.42748	0.14501	0.17144	0.00933	0.02193	0.00308	0.02678	0.00399	0.00386
8	0.09278	0.19311	0.12511	0.03305	0.06916	0.08103	0.02094	0.04590	0.01029	0.04289	0.08148	0.01444	0.02753	0.07700	0.04833	0.00189	0.02256	0.00418	0.00277	0.00555

[dist]
# distance from previous block
# <min> <max>
13	131

[block]
# block no. 6 follows, 56 sequences, length 107
# corresponding to MSA columns:
# 588-648,651-661,663-697
name=unknown_G
#
# <colnr> <probs for GDERKNQSTAVLIFYWHMCP>
#	G	D	E	R	K	N	Q	S	T	A	V	L	I	F	Y	W	H	M	C	P
0	0.02118	0.17414	0.09109	0.05096	0.19870	0.04446	0.00970	0.08705	0.05120	0.04018	0.04800	0.06133	0.06036	0.00570	0.00432	0.00133	0.00484	0.00472	0.00301	0.03774
1	0.02907	0.07832	0.07246	0.04520	0.15793	0.05733	0.03940	0.05766	0.07418	0.02847	0.02928	0.05469	0.03645	0.02657	0.02553	0.05129	0.03488	0.00462	0.00288	0.09380
2	0.01114	0.06968	0.23544	0.08694	0.07118	0.06105	0.07141	0.09167	0.06987	0.04478	0.03338	0.05007	0.04370	0.00548	0.00453	0.00141	0.00555	0.00463	0.00294	0.03513
3	0.01172	0.05084	0.01362	0.15371	0.18511	0.07340	0.00967	0.15543	0.11816	0.01693	0.05750	0.03515	0.04870	0.00574	0.00479	0.00141	0.02256	0.00477	0.00327	0.02751
4	0.10270	0.02589	0.03082	0.04765	0.06151	0.02882	0.00752	0.07006	0.13209	0.26248	0.04769	0.03710	0.02591	0.00640	0.02057	0.00152	0.00431	0.01889	0.00415	0.06392
5	0.04185	0.03322	0.08157	0.12132	0.15543	0.13312	0.06789	0.01486	0.07602	0.05179	0.01049	0.03317	0.02382	0.00613	0.02649	0.00162	0.09617	0.00431	0.00268	0.01804
6	0.01166	0.05410	0.07587	0.06539	0.04018	0.12979	0.02246	0.03291	0.08490	0.08864	0.02804	0.06458	0.03506	0.04528	0.02947	0.00181	0.15481	0.00486	0.00306	0.02714
7	0.00743	0.00638	0.04545	0.08701	0.01024	0.00568	0.00580	0.03050	0.05015	0.04268	0.21645	0.18154	0.23502	0.04748	0.00610	0.00170	0.00323	0.00844	0.00414	0.00458
8	0.01302	0.01213	0.01648	0.10540	0.42613	0.10536	0.04179	0.13934	0.03870	0.04332	0.00946	0.01141	0.00743	0.00456	0.00455	0.00138	0.00576	0.00407	0.00282	0.00688
9	0.05692	0.01197	0.01685	0.06705	0.15766	0.06588	0.17147	0.23873	0.01320	0.01819	0.00898	0.01113	0.00703	0.00577	0.02613	0.00164	0.10776	0.00423	0.00294	0.00646
10	0.16060	0.01305	0.05158	0.03976	0.04515	0.11440	0.18177	0.21816	0.04415	0.03377	0.00933	0.01061	0.00699	0.00463	0.00435	0.00138	0.00577	0.00393	0.00315	0.04746
11	0.00772	0.00535	0.00706	0.00744	0.00866	0.00523	0.00612	0.01023	0.05232	0.05071	0.22003	0.10603	0.07465	0.01129	0.00586	0.00183	0.00343	0.40699	0.00453	0.00451
12	0.01268	0.14816	0.32161	0.01365	0.12475	0.09132	0.03824	0.07545	0.01970	0.09889	0.00928	0.01031	0.00690	0.00452	0.00422	0.00134	0.00602	0.00357	0.00267	0.00674
13	0.00622	0.00448	0.00542	0.00569	0.00624	0.00425	0.00379	0.00734	0.02579	0.01242	0.18139	0.31302	0.11889	0.27108	0.01118	0.00255	0.00310	0.00954	0.00397	0.00364
14	0.00630	0.00471	0.00610	0.00680	0.04477	0.00440	0.00445	0.00760	0.01024	0.01386	0.29228	0.30640	0.13667	0.12470	0.00798	0.00201	0.00283	0.00968	0.00423	0.00399
15	0.00771	0.00524	0.00675	0.00707	0.04567	0.00475	0.00506	0.00941	0.01142	0.08929	0.30929	0.13354	0.25501	0.01035	0.00544	0.00158	0.00278	0.08048	0.00458	0.00458
16	0.01702	0.02114	0.01298	0.01170	0.01414	0.76109	0.00882	0.05554	0.03358	0.01228	0.00758	0.00864	0.00621	0.00481	0.00417	0.00120	0.00801	0.00307	0.00253	0.00549
17	0.00626	0.00450	0.00607	0.00708	0.00770	0.00431	0.00539	0.00756	0.00953	0.01250	0.02588	0.50857	0.06377	0.01363	0.00602	0.00194	0.00323	0.29788	0.00425	0.00392
18	0.00880	0.00829	0.01400	0.78947	0.06876	0.01023	0.01281	0.01184	0.00924	0.01189	0.00818	0.01220	0.00617	0.00457	0.00459	0.00152	0.00609	0.00408	0.00205	0.00520
19	0.01251	0.80231	0.02353	0.00804	0.01190	0.05644	0.00790	0.01397	0.00950	0.01082	0.00642	0.00741	0.00589	0.00397	0.00300	0.00099	0.00507	0.00248	0.00198	0.00586
20	0.00601	0.00425	0.00546	0.00620	0.00655	0.00405	0.00420	0.00682	0.00872	0.01160	0.05746	0.54190	0.04708	0.18964	0.00960	0.00241	0.00315	0.07730	0.00398	0.00360
21	0.01084	0.01238	0.02709	0.01935	0.02399	0.01161	0.79334	0.01471	0.01084	0.01471	0.00929	0.01238	0.00697	0.00387	0.00542	0.00155	0.00774	0.00542	0.00232	0.00619
22	0.03192	0.08174	0.01373	0.01140	0.01392	0.72673	0.00872	0.03728	0.01286	0.01181	0.00713	0.00827	0.00594	0.00468	0.00404	0.00118	0.00787	0.00294	0.00240	0.00542
23	0.00936	0.00615	0.00747	0.00742	0.00874	0.01895	0.00559	0.11741	0.01152	0.10595	0.04398	0.46299	0.05839	0.01155	0.00554	0.00174	0.00339	0.10453	0.00446	0.00487
24	0.00990	0.00821	0.00918	0.00884	0.01084	0.00923	0.00699	0.01914	0.53912	0.01719	0.02065	0.10805	0.01853	0.00854	0.00518	0.00172	0.00367	0.18428	0.00453	0.00621
25	0.06412	0.01085	0.01135	0.00957	0.01256	0.01234	0.00764	0.29255	0.48277	0.02268	0.01529	0.01443	0.01132	0.00586	0.00454	0.00149	0.00412	0.00466	0.00454	0.00732
26	0.11916	0.29511	0.01552	0.00928	0.04043	0.06388	0.00770	0.12729	0.07270	0.10226	0.01063	0.01164	0.02367	0.00587	0.02452	0.00145	0.04239	0.01707	0.00320	0.00623
27	0.00702	0.00547	0.00708	0.00714	0.00827	0.00538	0.03107	0.02957	0.09757	0.01449	0.15698	0.38499	0.12654	0.01156	0.00560	0.00172	0.00303	0.08765	0.00438	0.00447
28	0.00617	0.00464	0.00574	0.00599	0.00689	0.00433	0.00429	0.00809	0.04667	0.01468	0.32133	0.36196	0.16883	0.01167	0.00556	0.00164	0.00246	0.01034	0.00458	0.00414
29	0.05423	0.01156	0.05396	0.01590	0.25961	0.06935	0.04894	0.12741	0.04781	0.07702	0.03548	0.05305	0.00998	0.02214	0.00605	0.00154	0.09167	0.00467	0.00316	0.00647
30	0.17113	0.00634	0.00765	0.00708	0.00869	0.00641	0.04065	0.04368	0.02683	0.08473	0.14157	0.26200	0.05296	0.08626	0.00664	0.00187	0.00342	0.03335	0.00404	0.00470
31	0.00889	0.00726	0.00772	0.00731	0.00887	0.04849	0.00569	0.13256	0.05256	0.01516	0.04586	0.10406	0.26677	0.07676	0.02467	0.01911	0.02581	0.13375	0.00399	0.00471
32	0.01238	0.39404	0.21684	0.02127	0.07328	0.11252	0.02937	0.05017	0.01062	0.03011	0.00764	0.00886	0.00621	0.00426	0.00375	0.00120	0.00589	0.00308	0.00224	0.00627
33	0.03321	0.02876	0.05775	0.02641	0.16537	0.09059	0.06220	0.23630	0.03156	0.12163	0.01105	0.02392	0.00856	0.04298	0.00563	0.00153	0.02633	0.00431	0.01513	0.00674
34	0.08771	0.00628	0.00719	0.00684	0.00863	0.00618	0.00529	0.04000	0.08938	0.14600	0.04149	0.21201	0.21009	0.02754	0.00553	0.00170	0.00323	0.08543	0.00440	0.00509
35	0.01005	0.06323	0.69255	0.01259	0.01883	0.04851	0.01563	0.04076	0.02976	0.01479	0.00844	0.00974	0.00609	0.00444	0.00430	0.00142	0.00663	0.00340	0.00211	0.00672
36	0.01148	0.02449	0.03407	0.06376	0.40845	0.02906	0.10305	0.11494	0.02320	0.01626	0.02258	0.01507	0.04862	0.00524	0.00501	0.00145	0.02585	0.03800	0.00281	0.00662
37	0.00694	0.00477	0.00543	0.00536	0.00563	0.00479	0.00326	0.03256	0.00754	0.00999	0.01662	0.04457	0.06605	0.69442	0.05723	0.00422	0.00466	0.01989	0.00297	0.00312
38	0.00790	0.00600	0.00723	0.00780	0.06101	0.04673	0.00525	0.02218	0.01000	0.03018	0.19156	0.14870	0.11145	0.06310	0.10097	0.09979	0.00441	0.01891	0.05266	0.00418
39	0.00859	0.00732	0.00933	0.04618	0.01063	0.05488	0.03522	0.06159	0.05849	0.01248	0.01230	0.03905	0.01147	0.11037	0.45789	0.00507	0.04666	0.00511	0.00277	0.00463
40	0.43049	0.09465	0.25712	0.00980	0.04995	0.01141	0.02039	0.05202	0.00937	0.01786	0.00733	0.00856	0.00559	0.00431	0.00352	0.00139	0.00489	0.00296	0.00253	0.00588
41	0.01111	0.04209	0.02559	0.00900	0.01157	0.04664	0.03323	0.03746	0.44639	0.05386	0.07380	0.05333	0.02920	0.02859	0.03500	0.00175	0.00429	0.00546	0.00416	0.04747
42	0.05121	0.00795	0.01012	0.00802	0.01116	0.00741	0.00649	0.05638	0.08125	0.59965	0.04708	0.01679	0.01271	0.05532	0.00570	0.00161	0.00389	0.00482	0.00524	0.00722
43	0.68986	0.00922	0.00786	0.00674	0.00968	0.01044	0.00554	0.11402	0.01002	0.06812	0.02798	0.00907	0.00668	0.00464	0.00324	0.00142	0.00373	0.00297	0.00329	0.00549
44	0.00668	0.00445	0.00501	0.00501	0.00501	0.00445	0.00278	0.00668	0.00668	0.00890	0.01447	0.03004	0.01669	0.83866	0.02337	0.00445	0.00445	0.00668	0.00278	0.00278
45	0.01177	0.01073	0.01843	0.04497	0.63356	0.01070	0.08462	0.04051	0.01102	0.05353	0.02964	0.01226	0.00835	0.00434	0.00465	0.00139	0.00551	0.00435	0.00258	0.00709
46	0.01355	0.60410	0.03486	0.00903	0.01258	0.23632	0.00829	0.01501	0.01034	0.01098	0.00661	0.00765	0.00590	0.00415	0.00330	0.00104	0.00586	0.00261	0.00207	0.00575
47	0.00921	0.02375	0.81487	0.01309	0.01987	0.01066	0.01696	0.01454	0.00969	0.01454	0.00824	0.00969	0.00582	0.00436	0.00436	0.00145	0.00678	0.00339	0.00194	0.00678
48	0.00971	0.00932	0.03328	0.36375	0.10623	0.01065	0.06302	0.07003	0.01008	0.01380	0.05320	0.01332	0.00889	0.00768	0.06902	0.00202	0.14355	0.00445	0.00247	0.00551
49	0.03650	0.02709	0.00969	0.16331	0.06249	0.00734	0.02819	0.00959	0.02473	0.01267	0.05071	0.26814	0.08764	0.03885	0.06892	0.00217	0.06617	0.00761	0.02361	0.00458
50	0.01687	0.01257	0.01345	0.01045	0.01402	0.01397	0.00859	0.72049	0.09675	0.02800	0.01176	0.01161	0.00841	0.00558	0.00460	0.00140	0.00492	0.00424	0.00460	0.00776
51	0.01186	0.00976	0.01039	0.00929	0.01193	0.01120	0.00724	0.02430	0.76409	0.05709	0.01866	0.01706	0.01389	0.00620	0.00467	0.00155	0.00365	0.00516	0.00472	0.00729
52	0.00985	0.00656	0.00839	0.03008	0.06559	0.00657	0.00585	0.12224	0.01146	0.10375	0.12631	0.18802	0.06431	0.18336	0.02965	0.00231	0.00400	0.02272	0.00402	0.00496
53	0.00593	0.00453	0.00568	0.04364	0.00766	0.00423	0.00441	0.00713	0.00986	0.01288	0.15999	0.38901	0.24163	0.06292	0.00669	0.00186	0.00278	0.02110	0.00420	0.00388
54	0.00664	0.00444	0.00504	0.00507	0.00509	0.00443	0.00286	0.00670	0.00685	0.00915	0.02768	0.05679	0.01758	0.79792	0.02250	0.00432	0.00435	0.00691	0.00287	0.00284
55	0.00615	0.00440	0.00583	0.00627	0.00668	0.00448	0.00429	0.00704	0.00806	0.01098	0.04544	0.37090	0.03883	0.22019	0.23465	0.00399	0.00573	0.00903	0.00343	0.00362
56	0.17957	0.00893	0.01099	0.03811	0.10875	0.00943	0.03618	0.11716	0.13154	0.13424	0.06253	0.05557	0.06106	0.00630	0.00448	0.00148	0.00409	0.01937	0.00396	0.00625
57	0.20705	0.00569	0.00610	0.00601	0.00731	0.00593	0.00445	0.02144	0.02379	0.01603	0.22262	0.20616	0.06090	0.06883	0.06007	0.00212	0.00351	0.00737	0.06031	0.00430
58	0.09251	0.00505	0.00577	0.00589	0.00674	0.00496	0.00404	0.02443	0.00875	0.04717	0.03589	0.31060	0.13815	0.20951	0.01055	0.07060	0.00333	0.00862	0.00367	0.00378
59	0.09823	0.00511	0.00593	0.00612	0.00714	0.00497	0.00435	0.00897	0.02219	0.07126	0.09569	0.38517	0.11160	0.11681	0.00755	0.00203	0.00303	0.02463	0.01504	0.00418
60	0.03086	0.00738	0.00909	0.00769	0.01001	0.00727	0.00603	0.13992	0.06202	0.29885	0.11715	0.11114	0.05016	0.02550	0.03351	0.06261	0.00394	0.00617	0.00466	0.00602
61	0.00771	0.00598	0.00688	0.00685	0.00811	0.00620	0.00508	0.01218	0.22734	0.01494	0.14654	0.19145	0.12319	0.10740	0.00742	0.00198	0.00315	0.08004	0.03280	0.00477
62	0.04512	0.00623	0.00697	0.00640	0.00807	0.00614	0.00480	0.09780	0.04803	0.10847	0.03613	0.13849	0.25123	0.12411	0.02783	0.00208	0.00353	0.01797	0.05576	0.00485
63	0.11399	0.00636	0.00699	0.00645	0.00819	0.00632	0.00485	0.07949	0.04733	0.09852	0.10214	0.19346	0.18353	0.07883	0.00643	0.00178	0.00319	0.00765	0.02459	0.01991
64	0.00708	0.00520	0.00629	0.00649	0.00746	0.00507	0.00463	0.05592	0.06431	0.02584	0.15347	0.45335	0.13568	0.03928	0.00613	0.00178	0.00282	0.01042	0.00441	0.00436
65	0.06532	0.00528	0.00710	0.00831	0.09004	0.00525	0.00519	0.00806	0.00854	0.01224	0.11021	0.20962	0.04379	0.13705	0.01108	0.21310	0.00362	0.04918	0.00327	0.00372
66	0.03013	0.00481	0.00546	0.00550	0.00630	0.00462	0.00373	0.02856	0.00924	0.03164	0.08917	0.21414	0.16649	0.28816	0.01122	0.00253	0.00323	0.00837	0.08293	0.00378
67	0.00627	0.00445	0.00543	0.00576	0.00650	0.00410	0.00401	0.00736	0.00972	0.02680	0.17121	0.34077	0.19108	0.14370	0.00842	0.00212	0.00285	0.03562	0.02003	0.00382
68	0.42789	0.01020	0.00982	0.00799	0.01114	0.01133	0.00655	0.31340	0.02553	0.09825	0.00967	0.01034	0.00711	0.02726	0.00426	0.00149	0.00418	0.00347	0.00381	0.00630
69	0.01036	0.00910	0.01275	0.13735	0.06584	0.02851	0.09158	0.01320	0.04177	0.05249	0.00929	0.01116	0.00735	0.00477	0.02589	0.00121	0.00481	0.00356	0.00275	0.46626
70	0.00697	0.00516	0.00618	0.00616	0.00648	0.02687	0.00410	0.00750	0.00718	0.00969	0.01400	0.07811	0.01535	0.49390	0.24834	0.02304	0.02854	0.00637	0.00274	0.00333
71	0.00571	0.00479	0.00499	0.00497	0.00649	0.00412	0.00377	0.00725	0.02755	0.01313	0.11422	0.04295	0.69739	0.01134	0.00544	0.00156	0.00240	0.03359	0.00434	0.00400
72	0.01310	0.01456	0.01116	0.00919	0.01244	0.38340	0.00708	0.01503	0.03139	0.01334	0.00794	0.00914	0.00657	0.00409	0.00378	0.00094	0.00567	0.00289	0.00261	0.44570
73	0.00797	0.00399	0.00598	0.00598	0.00598	0.00399	0.00399	0.00598	0.00598	0.00797	0.00797	0.01396	0.00797	0.01595	0.01794	0.86643	0.00399	0.00399	0.00199	0.00199
74	0.04898	0.01033	0.01379	0.30693	0.12020	0.01153	0.01049	0.31450	0.01431	0.06717	0.00984	0.01159	0.00720	0.00490	0.00448	0.00142	0.00531	0.00403	0.00332	0.02966
75	0.00835	0.00508	0.00652	0.00659	0.00762	0.00481	0.00477	0.03546	0.01007	0.12125	0.08640	0.40104	0.08571	0.10448	0.04512	0.00228	0.00357	0.05215	0.00428	0.00442
