[name]
unknown

[dist]
# distance from previous block
# <min> <max>
0	70

[block]
# block no. 0 follows, 70 sequences, length 31
# corresponding to MSA columns:
# 83-113
name=unknown_A
#
# <colnr> <probs for GDERKNQSTAVLIFYWHMCP>
#	G	D	E	R	K	N	Q	S	T	A	V	L	I	F	Y	W	H	M	C	P
0	0.00846	0.13374	0.01171	0.11087	0.14094	0.04364	0.05706	0.01070	0.04614	0.03731	0.05795	0.04654	0.05447	0.01690	0.00422	0.00127	0.00404	0.15071	0.00265	0.06070
1	0.02440	0.00633	0.00777	0.00593	0.00883	0.00513	0.00476	0.01232	0.00928	0.29305	0.06342	0.03110	0.07043	0.00455	0.00348	0.00091	0.00287	0.00374	0.00339	0.43830
2	0.01059	0.81907	0.01980	0.00682	0.01006	0.06154	0.00668	0.01182	0.00805	0.00914	0.00542	0.00626	0.00498	0.00335	0.00254	0.00084	0.00430	0.00210	0.00168	0.00495
3	0.03275	0.00972	0.04062	0.03450	0.03666	0.00980	0.04038	0.46460	0.02900	0.24599	0.01070	0.01044	0.00731	0.00453	0.00387	0.00119	0.00413	0.00361	0.00382	0.00637
4	0.00947	0.01051	0.02810	0.02694	0.03940	0.16347	0.32143	0.03829	0.00897	0.01136	0.00933	0.12447	0.00884	0.00551	0.00572	0.00136	0.14536	0.03457	0.00226	0.00466
5	0.00462	0.00393	0.00398	0.00397	0.00526	0.00329	0.00297	0.00563	0.00892	0.01068	0.07155	0.03697	0.80560	0.00974	0.00458	0.00131	0.00196	0.00813	0.00363	0.00329
6	0.01330	0.21235	0.01315	0.00935	0.02720	0.59406	0.00731	0.04631	0.01052	0.01015	0.01981	0.00732	0.00560	0.00392	0.00330	0.00097	0.00610	0.00253	0.00203	0.00470
7	0.00554	0.00415	0.00623	0.00623	0.00692	0.00485	0.00485	0.00692	0.00623	0.00900	0.01038	0.01523	0.00969	0.02908	0.84839	0.00623	0.01038	0.00415	0.00208	0.00346
8	0.07646	0.27902	0.16584	0.00958	0.05720	0.23680	0.03256	0.05548	0.00940	0.03556	0.00650	0.00746	0.00522	0.00371	0.00322	0.00103	0.00519	0.00261	0.00203	0.00513
9	0.01040	0.64950	0.04282	0.00820	0.06130	0.01385	0.01843	0.02553	0.06440	0.03591	0.00665	0.00744	0.00570	0.00365	0.00314	0.00095	0.03248	0.00250	0.00197	0.00520
10	0.01731	0.00674	0.00908	0.00696	0.00997	0.00591	0.00575	0.04573	0.01133	0.81509	0.01510	0.01307	0.00950	0.00479	0.00390	0.00120	0.00333	0.00389	0.00477	0.00660
11	0.00473	0.00388	0.00417	0.00421	0.00536	0.00332	0.00311	0.00581	0.00903	0.01119	0.15832	0.11243	0.64149	0.00975	0.00461	0.00132	0.00197	0.00827	0.00370	0.00332
12	0.01063	0.33605	0.19363	0.02587	0.05152	0.07925	0.08288	0.11311	0.03038	0.03245	0.00709	0.00808	0.00559	0.00371	0.00334	0.00106	0.00494	0.00287	0.00213	0.00543
13	0.00554	0.00415	0.00623	0.00623	0.00692	0.00485	0.00485	0.00692	0.00623	0.00900	0.01038	0.01523	0.00969	0.02908	0.84839	0.00623	0.01038	0.00415	0.00208	0.00346
14	0.00673	0.00337	0.00505	0.00505	0.00505	0.00337	0.00337	0.00505	0.00505	0.00673	0.00673	0.01178	0.00673	0.01347	0.01515	0.88721	0.00337	0.00337	0.00168	0.00168
15	0.01148	0.01060	0.08331	0.00886	0.01168	0.04910	0.04039	0.32744	0.32053	0.02929	0.01188	0.04495	0.00915	0.00538	0.01686	0.00132	0.00417	0.00408	0.00352	0.00601
16	0.11357	0.08192	0.01184	0.00856	0.01149	0.10032	0.03723	0.49378	0.02681	0.06503	0.00856	0.00880	0.00623	0.00432	0.00358	0.00113	0.00442	0.00319	0.00331	0.00591
17	0.00649	0.00518	0.00596	0.00555	0.00689	0.00526	0.00422	0.01072	0.24056	0.01482	0.46308	0.02641	0.17466	0.00752	0.00440	0.00126	0.00220	0.00649	0.00406	0.00428
18	0.00832	0.03597	0.10273	0.00652	0.01017	0.00625	0.00588	0.03384	0.03199	0.01292	0.00717	0.00822	0.00582	0.00310	0.00301	0.00069	0.00328	0.00245	0.00229	0.70937
19	0.01600	0.00701	0.00911	0.00693	0.00999	0.00619	0.00571	0.08837	0.01134	0.66818	0.01373	0.01222	0.00886	0.00455	0.00377	0.00112	0.00333	0.00366	0.00441	0.11553
20	0.01121	0.05828	0.01029	0.00813	0.01066	0.01068	0.00654	0.26226	0.54061	0.01828	0.01324	0.01244	0.00987	0.00497	0.00384	0.00124	0.00349	0.00398	0.00379	0.00621
21	0.00549	0.00396	0.00518	0.00488	0.00579	0.00366	0.00366	0.00732	0.01097	0.01555	0.83752	0.02896	0.03658	0.00793	0.00457	0.00122	0.00183	0.00701	0.00427	0.00366
22	0.01139	0.62594	0.01762	0.00750	0.01047	0.21090	0.00683	0.02717	0.03358	0.00969	0.00591	0.00670	0.00521	0.00356	0.00279	0.00089	0.00478	0.00227	0.00185	0.00493
23	0.89114	0.00750	0.00570	0.00510	0.00750	0.00870	0.00420	0.01140	0.00660	0.01739	0.00540	0.00630	0.00420	0.00360	0.00240	0.00120	0.00300	0.00210	0.00240	0.00420
24	0.00549	0.00396	0.00518	0.00488	0.00579	0.00366	0.00366	0.00732	0.01097	0.01555	0.83752	0.02896	0.03658	0.00793	0.00457	0.00122	0.00183	0.00701	0.00427	0.00366
25	0.00472	0.00337	0.00450	0.00540	0.00562	0.00315	0.00360	0.00540	0.00742	0.00990	0.02137	0.86122	0.02564	0.01215	0.00495	0.00157	0.00225	0.01102	0.00360	0.00315
26	0.89114	0.00750	0.00570	0.00510	0.00750	0.00870	0.00420	0.01140	0.00660	0.01739	0.00540	0.00630	0.00420	0.00360	0.00240	0.00120	0.00300	0.00210	0.00240	0.00420
27	0.89114	0.00750	0.00570	0.00510	0.00750	0.00870	0.00420	0.01140	0.00660	0.01739	0.00540	0.00630	0.00420	0.00360	0.00240	0.00120	0.00300	0.00210	0.00240	0.00420
28	0.00557	0.00401	0.00550	0.00550	0.00594	0.00445	0.00393	0.00645	0.00601	0.00846	0.01105	0.01893	0.01130	0.33398	0.54568	0.00533	0.00796	0.00470	0.00218	0.00306
29	0.89114	0.00750	0.00570	0.00510	0.00750	0.00870	0.00420	0.01140	0.00660	0.01739	0.00540	0.00630	0.00420	0.00360	0.00240	0.00120	0.00300	0.00210	0.00240	0.00420
30	0.00853	0.05843	0.64166	0.01019	0.01522	0.08468	0.01232	0.01227	0.00841	0.01191	0.00679	0.00797	0.00501	0.00361	0.00352	0.00112	0.00547	0.00273	0.00174	0.09841

[dist]
# distance from previous block
# <min> <max>
0	1

[block]
# block no. 1 follows, 70 sequences, length 24
# corresponding to MSA columns:
# 115-138
name=unknown_B
#
# <colnr> <probs for GDERKNQSTAVLIFYWHMCP>
#	G	D	E	R	K	N	Q	S	T	A	V	L	I	F	Y	W	H	M	C	P
0	0.00964	0.00833	0.00877	0.00789	0.01008	0.00964	0.00614	0.02060	0.83257	0.01622	0.01578	0.01446	0.01183	0.00526	0.00394	0.00131	0.00307	0.00438	0.00394	0.00614
1	0.01049	0.00830	0.00940	0.00751	0.01006	0.04881	0.05011	0.24131	0.13515	0.05886	0.12010	0.01401	0.04735	0.00494	0.00378	0.00107	0.00349	0.00409	0.04356	0.17760
2	0.00537	0.00388	0.00508	0.00495	0.00577	0.00358	0.00365	0.00703	0.01045	0.01471	0.71658	0.15229	0.03496	0.00855	0.00463	0.00127	0.00189	0.00761	0.00417	0.00358
3	0.00804	0.00689	0.00804	0.00574	0.00919	0.00517	0.00459	0.00976	0.00804	0.01263	0.00689	0.00804	0.00574	0.00287	0.00287	0.00057	0.00287	0.00230	0.00230	0.88745
4	0.01013	0.00894	0.01372	0.07314	0.45488	0.04591	0.07319	0.03034	0.09564	0.08333	0.06427	0.01170	0.00893	0.00412	0.00395	0.00119	0.00444	0.00387	0.00257	0.00576
5	0.01026	0.00533	0.00735	0.00654	0.00830	0.00492	0.02248	0.03051	0.01056	0.31282	0.28019	0.03833	0.02164	0.00741	0.00452	0.00136	0.00297	0.21551	0.00421	0.00479
6	0.01010	0.77828	0.10577	0.00709	0.01066	0.01468	0.00743	0.01168	0.00791	0.00945	0.00555	0.00642	0.00497	0.00335	0.00261	0.00087	0.00431	0.00216	0.00166	0.00505
7	0.00576	0.00468	0.00659	0.00572	0.00716	0.00418	0.08871	0.00738	0.00991	0.03131	0.40550	0.03012	0.36195	0.00815	0.00456	0.00126	0.00241	0.00717	0.00377	0.00373
8	0.00638	0.00494	0.00702	0.00631	0.00745	0.00486	0.06808	0.00782	0.00923	0.05742	0.31298	0.17271	0.20500	0.00850	0.00539	0.00136	0.08282	0.02431	0.00360	0.00382
9	0.89114	0.00750	0.00570	0.00510	0.00750	0.00870	0.00420	0.01140	0.00660	0.01739	0.00540	0.00630	0.00420	0.00360	0.00240	0.00120	0.00300	0.00210	0.00240	0.00420
10	0.01474	0.01086	0.01163	0.00892	0.01202	0.01202	0.00737	0.82664	0.01823	0.02443	0.00931	0.00931	0.00659	0.00465	0.00388	0.00116	0.00427	0.00349	0.00388	0.00659
11	0.02258	0.01013	0.01033	0.04788	0.05185	0.21321	0.05948	0.20671	0.01146	0.06172	0.01185	0.15444	0.01127	0.00628	0.00417	0.00128	0.00465	0.10276	0.00305	0.00490
12	0.05761	0.00838	0.01008	0.00984	0.09594	0.02060	0.00715	0.04983	0.36508	0.05130	0.01217	0.01261	0.04622	0.00553	0.00618	0.00138	0.22765	0.00399	0.00305	0.00542
13	0.00561	0.00375	0.00424	0.00427	0.00427	0.00374	0.00239	0.00563	0.00570	0.00759	0.01251	0.05237	0.01447	0.83624	0.01925	0.00369	0.00371	0.00581	0.00239	0.00237
14	0.00490	0.00359	0.00462	0.00522	0.00573	0.00331	0.00367	0.00584	0.00821	0.01089	0.14265	0.58554	0.13521	0.01114	0.00487	0.00150	0.00222	0.05392	0.00369	0.00326
15	0.00760	0.00718	0.01213	0.75199	0.12695	0.00869	0.01091	0.01015	0.00788	0.01025	0.00694	0.01024	0.00529	0.00382	0.00387	0.00127	0.00510	0.00345	0.00175	0.00453
16	0.00937	0.00898	0.01533	0.10631	0.75882	0.00915	0.01179	0.01170	0.00872	0.01239	0.00725	0.00967	0.00604	0.00350	0.00384	0.00117	0.00466	0.00345	0.00190	0.00596
17	0.00494	0.00365	0.00489	0.00561	0.00585	0.00360	0.00384	0.00568	0.00751	0.01013	0.05770	0.78178	0.02514	0.01169	0.00531	0.00156	0.04390	0.01047	0.00354	0.00323
18	0.09835	0.02887	0.02565	0.03599	0.48289	0.00949	0.07222	0.11500	0.02766	0.04455	0.00799	0.02003	0.00641	0.00381	0.00374	0.00118	0.00446	0.00350	0.00237	0.00584
19	0.01301	0.00969	0.01049	0.00828	0.01120	0.01051	0.00673	0.52192	0.20786	0.05764	0.01085	0.01057	0.00787	0.00463	0.00380	0.00114	0.00381	0.00360	0.00378	0.09263
20	0.00717	0.00668	0.01109	0.72950	0.06423	0.00811	0.01007	0.00956	0.00785	0.01007	0.00932	0.05008	0.05137	0.00455	0.00396	0.00130	0.00484	0.00404	0.00192	0.00429
21	0.00646	0.00455	0.00608	0.00667	0.00747	0.00458	0.00553	0.04431	0.00871	0.01140	0.01863	0.10102	0.02036	0.11306	0.00731	0.03121	0.00352	0.59231	0.00338	0.00347
22	0.01855	0.00740	0.06506	0.00790	0.07283	0.01745	0.01587	0.12212	0.07475	0.03488	0.20012	0.08513	0.12608	0.00657	0.00414	0.00121	0.00314	0.03795	0.00339	0.09544
23	0.05149	0.00671	0.00701	0.00612	0.00804	0.07604	0.01513	0.02985	0.07948	0.06057	0.16256	0.06114	0.04429	0.00582	0.00374	0.00109	0.00301	0.06746	0.11550	0.19493

[dist]
# distance from previous block
# <min> <max>
3	9

[block]
# block no. 2 follows, 70 sequences, length 22
# corresponding to MSA columns:
# 149-170
name=unknown_C
#
# <colnr> <probs for GDERKNQSTAVLIFYWHMCP>
#	G	D	E	R	K	N	Q	S	T	A	V	L	I	F	Y	W	H	M	C	P
0	0.00929	0.00884	0.01505	0.14213	0.66924	0.00909	0.03190	0.02711	0.00886	0.01247	0.00756	0.01043	0.00634	0.00368	0.00389	0.00119	0.00471	0.02044	0.00196	0.00581
1	0.00584	0.00471	0.00641	0.10727	0.00896	0.01876	0.00510	0.00756	0.03578	0.01035	0.10779	0.11384	0.12129	0.01781	0.39225	0.01794	0.00637	0.00565	0.00270	0.00360
2	0.40506	0.00755	0.00731	0.00624	0.00860	0.00834	0.00504	0.11549	0.16255	0.12710	0.05593	0.01081	0.00875	0.00449	0.00321	0.00120	0.00308	0.00329	0.05085	0.00511
3	0.00653	0.00413	0.00481	0.00467	0.00588	0.00369	0.00356	0.00788	0.00926	0.09329	0.19080	0.10299	0.35062	0.00838	0.00430	0.00127	0.00216	0.05199	0.14006	0.00373
4	0.01024	0.82444	0.06085	0.00685	0.01029	0.01503	0.00701	0.01164	0.00789	0.00928	0.00547	0.00632	0.00497	0.00333	0.00255	0.00085	0.00422	0.00211	0.00166	0.00501
5	0.00524	0.00398	0.00458	0.00476	0.00562	0.00365	0.00354	0.00622	0.00828	0.01047	0.10261	0.05867	0.39203	0.20561	0.00822	0.00196	0.00269	0.16536	0.00337	0.00315
6	0.89114	0.00750	0.00570	0.00510	0.00750	0.00870	0.00420	0.01140	0.00660	0.01739	0.00540	0.00630	0.00420	0.00360	0.00240	0.00120	0.00300	0.00210	0.00240	0.00420
7	0.01739	0.00660	0.00900	0.00690	0.00990	0.00570	0.00570	0.01889	0.01110	0.84226	0.01529	0.01320	0.00960	0.00480	0.00390	0.00120	0.00330	0.00390	0.00480	0.00660
8	0.89114	0.00750	0.00570	0.00510	0.00750	0.00870	0.00420	0.01140	0.00660	0.01739	0.00540	0.00630	0.00420	0.00360	0.00240	0.00120	0.00300	0.00210	0.00240	0.00420
9	0.00461	0.00393	0.00397	0.00396	0.00525	0.00329	0.00297	0.00562	0.00891	0.01064	0.06559	0.03703	0.81158	0.00976	0.00458	0.00131	0.00196	0.00814	0.00362	0.00329
10	0.89114	0.00750	0.00570	0.00510	0.00750	0.00870	0.00420	0.01140	0.00660	0.01739	0.00540	0.00630	0.00420	0.00360	0.00240	0.00120	0.00300	0.00210	0.00240	0.00420
11	0.00732	0.00689	0.01163	0.85444	0.02670	0.00861	0.01077	0.00991	0.00775	0.00991	0.00689	0.01034	0.00517	0.00388	0.00388	0.00129	0.00517	0.00345	0.00172	0.00431
12	0.00525	0.00395	0.00486	0.00463	0.00565	0.00356	0.00348	0.00687	0.01043	0.01424	0.63258	0.03110	0.24234	0.00841	0.00457	0.00124	0.00186	0.00731	0.00410	0.00356
13	0.00983	0.00842	0.00887	0.00793	0.01015	0.00973	0.00618	0.05057	0.80229	0.01652	0.01554	0.01427	0.01164	0.00524	0.00394	0.00131	0.00311	0.00435	0.00394	0.00615
14	0.00842	0.00801	0.01361	0.45304	0.41951	0.00890	0.01131	0.01087	0.00827	0.01124	0.00708	0.00998	0.00564	0.00367	0.00386	0.00122	0.00490	0.00345	0.00182	0.00519
15	0.01162	0.48891	0.01591	0.00787	0.01063	0.28513	0.00685	0.01393	0.10688	0.01008	0.00682	0.00745	0.00580	0.00377	0.00299	0.00094	0.00494	0.00249	0.00204	0.00496
16	0.00552	0.00387	0.00501	0.00551	0.00594	0.00377	0.00402	0.00645	0.00774	0.01033	0.10796	0.28763	0.02251	0.25827	0.00931	0.00223	0.00303	0.24451	0.00330	0.00310
17	0.00472	0.00340	0.00447	0.00532	0.00560	0.00316	0.00356	0.00541	0.00750	0.00993	0.02233	0.81684	0.06940	0.01202	0.00493	0.00156	0.00223	0.01087	0.00360	0.00316
18	0.00878	0.00687	0.00914	0.00785	0.00883	0.00819	0.02556	0.17090	0.00897	0.02695	0.08369	0.01306	0.03495	0.01074	0.12481	0.16679	0.27327	0.00402	0.00253	0.00411
19	0.00962	0.00934	0.01543	0.03973	0.77998	0.02726	0.01168	0.01186	0.00876	0.01244	0.00719	0.00952	0.00606	0.00358	0.00411	0.00117	0.03093	0.00343	0.00191	0.00601
20	0.00632	0.00553	0.00758	0.00672	0.00753	0.00628	0.03566	0.00767	0.00859	0.01200	0.33222	0.02312	0.18789	0.03090	0.05494	0.00173	0.25253	0.00590	0.00312	0.00376
21	0.01104	0.05347	0.00793	0.00610	0.00807	0.05422	0.00492	0.27235	0.01175	0.08460	0.01103	0.01184	0.00829	0.00449	0.00321	0.00101	0.00313	0.00345	0.43414	0.00493

[dist]
# distance from previous block
# <min> <max>
0	8

[block]
# block no. 3 follows, 70 sequences, length 24
# corresponding to MSA columns:
# 179-202
name=unknown_D
#
# <colnr> <probs for GDERKNQSTAVLIFYWHMCP>
#	G	D	E	R	K	N	Q	S	T	A	V	L	I	F	Y	W	H	M	C	P
0	0.01066	0.65925	0.04483	0.00700	0.01016	0.02580	0.00682	0.03897	0.04181	0.06286	0.00750	0.00934	0.00660	0.00398	0.00290	0.00095	0.00411	0.04921	0.00214	0.00511
1	0.00850	0.00857	0.05706	0.14604	0.36734	0.04173	0.02030	0.05191	0.00940	0.01286	0.14322	0.01413	0.04592	0.00598	0.04921	0.00146	0.00461	0.00421	0.00244	0.00511
2	0.00566	0.00387	0.00471	0.00455	0.00542	0.00360	0.00335	0.00724	0.00982	0.01414	0.53532	0.06079	0.11454	0.05714	0.00515	0.00134	0.00197	0.00665	0.15124	0.00351
3	0.01036	0.86609	0.02032	0.00663	0.00995	0.01534	0.00663	0.01161	0.00788	0.00912	0.00539	0.00622	0.00498	0.00332	0.00249	0.00083	0.00415	0.00207	0.00166	0.00498
4	0.00472	0.00337	0.00450	0.00540	0.00562	0.00315	0.00360	0.00540	0.00742	0.00990	0.02137	0.86122	0.02564	0.01215	0.00495	0.00157	0.00225	0.01102	0.00360	0.00315
5	0.00503	0.00361	0.00478	0.00519	0.00569	0.00336	0.00362	0.00617	0.00886	0.01218	0.35180	0.52427	0.03007	0.01044	0.00480	0.00143	0.00208	0.00940	0.00387	0.00336
6	0.00778	0.02005	0.84367	0.01105	0.01678	0.00900	0.01432	0.01228	0.00818	0.01228	0.00696	0.00818	0.00491	0.00368	0.00368	0.00123	0.00573	0.00286	0.00164	0.00573
7	0.00804	0.00689	0.00804	0.00574	0.00919	0.00517	0.00459	0.00976	0.00804	0.01263	0.00689	0.00804	0.00574	0.00287	0.00287	0.00057	0.00287	0.00230	0.00230	0.88745
8	0.00726	0.00436	0.00570	0.00513	0.00639	0.00395	0.00393	0.00899	0.01088	0.14154	0.66919	0.02700	0.07538	0.00755	0.00447	0.00122	0.00206	0.00660	0.00431	0.00409
9	0.02181	0.03556	0.07157	0.03051	0.41460	0.00852	0.03670	0.06826	0.05376	0.05602	0.08611	0.01255	0.03976	0.00434	0.00386	0.00115	0.00412	0.00391	0.00258	0.04431
10	0.00949	0.00878	0.00922	0.00690	0.01016	0.10716	0.03207	0.08930	0.00941	0.01339	0.00705	0.00811	0.00574	0.00319	0.00310	0.00071	0.00362	0.00251	0.00240	0.66769
11	0.00564	0.00376	0.00423	0.00423	0.00423	0.00376	0.00235	0.00564	0.00564	0.00752	0.01222	0.02537	0.01409	0.86375	0.01973	0.00376	0.00376	0.00564	0.00235	0.00235
12	0.00562	0.00390	0.00497	0.00475	0.00564	0.00363	0.00354	0.00738	0.01050	0.01511	0.70352	0.06053	0.04963	0.00778	0.00439	0.00120	0.00185	0.00684	0.09561	0.00363
13	0.01063	0.21303	0.30402	0.01134	0.12002	0.03811	0.07727	0.01334	0.00888	0.15604	0.00813	0.00893	0.00598	0.00374	0.00353	0.00112	0.00490	0.00306	0.00227	0.00567
14	0.00911	0.01022	0.02187	0.05078	0.08325	0.00971	0.73027	0.01228	0.00907	0.01234	0.00776	0.01039	0.00587	0.00331	0.00449	0.00129	0.00633	0.00444	0.00195	0.00526
15	0.00753	0.00464	0.00629	0.00668	0.00787	0.00444	0.00569	0.00914	0.00914	0.12630	0.02179	0.08262	0.10540	0.00988	0.00505	0.00164	0.00329	0.57492	0.00374	0.00394
16	0.02425	0.03480	0.13679	0.25455	0.18180	0.03855	0.03015	0.04373	0.00828	0.01153	0.00701	0.02204	0.00577	0.00479	0.02149	0.00136	0.13596	0.00338	0.00191	0.03188
17	0.00770	0.01866	0.05882	0.04004	0.03404	0.11264	0.02249	0.02029	0.05634	0.04229	0.30778	0.07405	0.15240	0.01686	0.00445	0.00127	0.00332	0.01898	0.00338	0.00421
18	0.00822	0.08945	0.73576	0.01075	0.01613	0.03506	0.02815	0.01232	0.00826	0.01194	0.00681	0.00803	0.00494	0.00366	0.00360	0.00119	0.00565	0.00282	0.00166	0.00562
19	0.00530	0.00422	0.00490	0.00566	0.00602	0.04845	0.00386	0.00605	0.00775	0.01008	0.04572	0.77324	0.02481	0.01155	0.00487	0.00154	0.00252	0.02668	0.00353	0.00325
20	0.02613	0.04436	0.19297	0.01203	0.14577	0.00836	0.15027	0.05823	0.02008	0.17785	0.10482	0.01223	0.01003	0.00438	0.00406	0.00121	0.01482	0.00395	0.00284	0.00562
21	0.05969	0.14501	0.26247	0.00816	0.01206	0.00891	0.03316	0.05285	0.02418	0.05795	0.00731	0.00825	0.00564	0.00359	0.00350	0.00098	0.02916	0.00271	0.00222	0.27218
22	0.00548	0.00402	0.02028	0.00535	0.00605	0.00354	0.00388	0.00658	0.00852	0.04427	0.22076	0.52258	0.08679	0.01101	0.03041	0.00159	0.00248	0.00919	0.00373	0.00348
23	0.01045	0.00847	0.02639	0.05535	0.27143	0.06400	0.06818	0.05640	0.00979	0.16051	0.01358	0.01614	0.10467	0.00550	0.01674	0.00130	0.00434	0.06967	0.00288	0.03422

[dist]
# distance from previous block
# <min> <max>
0	3

[block]
# block no. 4 follows, 70 sequences, length 16
# corresponding to MSA columns:
# 206-221
name=unknown_E
#
# <colnr> <probs for GDERKNQSTAVLIFYWHMCP>
#	G	D	E	R	K	N	Q	S	T	A	V	L	I	F	Y	W	H	M	C	P
0	0.00900	0.00873	0.01522	0.12334	0.60606	0.00894	0.08468	0.01131	0.00859	0.01209	0.00797	0.05329	0.00697	0.00400	0.00416	0.00122	0.02286	0.00394	0.00198	0.00564
1	0.00484	0.00373	0.00442	0.00469	0.00551	0.00331	0.00335	0.00590	0.00880	0.01141	0.21346	0.34075	0.35541	0.01025	0.00472	0.00139	0.00204	0.00897	0.00375	0.00331
2	0.73856	0.05145	0.00694	0.00591	0.03231	0.00899	0.00467	0.01195	0.06284	0.01671	0.02658	0.00750	0.00561	0.00380	0.00260	0.00119	0.00308	0.00241	0.00250	0.00441
3	0.00930	0.23671	0.37330	0.01083	0.06470	0.05706	0.07956	0.01256	0.04321	0.02345	0.00699	0.00824	0.00546	0.00380	0.00393	0.00114	0.04955	0.00293	0.00185	0.00540
4	0.00470	0.00392	0.00401	0.00400	0.00520	0.00333	0.00294	0.00566	0.00873	0.01053	0.07848	0.03607	0.74094	0.06762	0.00561	0.00147	0.00208	0.00795	0.00355	0.00323
5	0.00556	0.00407	0.00583	0.00583	0.00638	0.00463	0.00434	0.00666	0.00611	0.00870	0.01075	0.01727	0.01058	0.19736	0.68132	0.00573	0.00905	0.00445	0.00213	0.00324
6	0.00962	0.35166	0.17952	0.00829	0.01173	0.02379	0.06839	0.01173	0.00815	0.05857	0.00700	0.00816	0.00566	0.00375	0.00382	0.00100	0.06972	0.00274	0.04716	0.11952
7	0.00538	0.00446	0.00567	0.00613	0.06254	0.00401	0.02318	0.00673	0.00923	0.01182	0.20533	0.08288	0.47081	0.00904	0.00462	0.00134	0.00238	0.07726	0.00359	0.00361
8	0.76163	0.00754	0.00616	0.00530	0.00784	0.00841	0.00435	0.03890	0.00716	0.01710	0.00570	0.00660	0.00445	0.00355	0.00250	0.00113	0.00303	0.00217	0.00244	0.10404
9	0.00618	0.00442	0.00617	0.00707	0.00793	0.00441	0.00614	0.00792	0.00886	0.01153	0.02056	0.07797	0.02245	0.01077	0.00534	0.00178	0.00351	0.77987	0.00357	0.00355
10	0.00915	0.01046	0.02288	0.01634	0.02026	0.00980	0.82549	0.01242	0.00915	0.01242	0.00784	0.01046	0.00588	0.00327	0.00458	0.00131	0.00654	0.00458	0.00196	0.00523
11	0.00988	0.61567	0.21371	0.00786	0.01164	0.02952	0.00851	0.02797	0.00817	0.01018	0.00584	0.00681	0.00499	0.00352	0.00303	0.00095	0.02255	0.00232	0.00170	0.00516
12	0.00648	0.00346	0.00486	0.00486	0.00486	0.00346	0.00313	0.00519	0.00519	0.00692	0.00803	0.01498	0.00847	0.21377	0.01623	0.67909	0.00346	0.00390	0.00184	0.00184
13	0.00861	0.02588	0.09791	0.04038	0.07072	0.04668	0.05759	0.06776	0.18338	0.02362	0.19233	0.02722	0.06313	0.00540	0.00400	0.00118	0.00368	0.00466	0.00314	0.07274
14	0.00859	0.00655	0.00804	0.00669	0.05102	0.00551	0.00493	0.01016	0.00807	0.07790	0.00890	0.01077	0.02311	0.06188	0.00467	0.00097	0.04662	0.00298	0.06828	0.58437
15	0.02415	0.12165	0.47654	0.00976	0.01425	0.05254	0.04943	0.09154	0.00939	0.03277	0.00881	0.00967	0.04788	0.00404	0.00359	0.00115	0.00511	0.00316	0.00210	0.03249

[dist]
# distance from previous block
# <min> <max>
0	8

[block]
# block no. 5 follows, 70 sequences, length 32
# corresponding to MSA columns:
# 230-261
name=unknown_F
#
# <colnr> <probs for GDERKNQSTAVLIFYWHMCP>
#	G	D	E	R	K	N	Q	S	T	A	V	L	I	F	Y	W	H	M	C	P
0	0.52069	0.00883	0.00907	0.02919	0.14584	0.07398	0.04103	0.05943	0.00814	0.01560	0.00676	0.00806	0.01839	0.00431	0.01959	0.00129	0.02001	0.00273	0.00234	0.00470
1	0.00918	0.00879	0.01502	0.15653	0.60358	0.00903	0.06105	0.02548	0.02033	0.01241	0.00763	0.02322	0.00635	0.00368	0.00389	0.00118	0.00472	0.00363	0.00199	0.02231
2	0.00554	0.00415	0.00623	0.00623	0.00692	0.00485	0.00485	0.00692	0.00623	0.00900	0.01038	0.01523	0.00969	0.02908	0.84839	0.00623	0.01038	0.00415	0.00208	0.00346
3	0.00799	0.00423	0.00594	0.00558	0.00610	0.00432	0.00397	0.06748	0.00658	0.06901	0.00789	0.01202	0.00721	0.01363	0.09073	0.67507	0.00408	0.00349	0.00211	0.00257
4	0.00477	0.00344	0.00453	0.00534	0.00565	0.00320	0.00362	0.00552	0.00764	0.01016	0.05138	0.77682	0.06508	0.01186	0.00492	0.00155	0.00224	0.02547	0.00362	0.00318
5	0.00478	0.00392	0.00422	0.00418	0.00537	0.00335	0.00312	0.00594	0.00926	0.01156	0.21280	0.05832	0.64077	0.00947	0.00459	0.00130	0.00194	0.00801	0.00375	0.00335
6	0.00673	0.00337	0.00505	0.00505	0.00505	0.00337	0.00337	0.00505	0.00505	0.00673	0.00673	0.01178	0.00673	0.01347	0.01515	0.88721	0.00337	0.00337	0.00168	0.00168
7	0.00723	0.00361	0.00361	0.00361	0.00452	0.00361	0.00271	0.00903	0.00813	0.01445	0.01265	0.01445	0.00994	0.00452	0.00271	0.00090	0.00181	0.00361	0.88528	0.00361
8	0.00915	0.01046	0.02288	0.01634	0.02026	0.00980	0.82549	0.01242	0.00915	0.01242	0.00784	0.01046	0.00588	0.00327	0.00458	0.00131	0.00654	0.00458	0.00196	0.00523
9	0.00673	0.00337	0.00505	0.00505	0.00505	0.00337	0.00337	0.00505	0.00505	0.00673	0.00673	0.01178	0.00673	0.01347	0.01515	0.88721	0.00337	0.00337	0.00168	0.00168
10	0.00723	0.00361	0.00361	0.00361	0.00452	0.00361	0.00271	0.00903	0.00813	0.01445	0.01265	0.01445	0.00994	0.00452	0.00271	0.00090	0.00181	0.00361	0.88528	0.00361
11	0.00561	0.00382	0.00481	0.00474	0.00556	0.00357	0.00349	0.00724	0.00997	0.01441	0.57317	0.14808	0.05488	0.00809	0.00435	0.00123	0.00189	0.00713	0.13439	0.00357
12	0.89114	0.00750	0.00570	0.00510	0.00750	0.00870	0.00420	0.01140	0.00660	0.01739	0.00540	0.00630	0.00420	0.00360	0.00240	0.00120	0.00300	0.00210	0.00240	0.00420
13	0.00872	0.00918	0.01578	0.01237	0.01376	0.01114	0.29870	0.01043	0.00708	0.01043	0.00607	0.00918	0.00537	0.00554	0.00983	0.00156	0.55468	0.00381	0.00179	0.00459
14	0.00476	0.00342	0.00452	0.00533	0.00562	0.00318	0.00358	0.00551	0.00766	0.01023	0.06804	0.79202	0.04805	0.01184	0.00492	0.00155	0.00222	0.01072	0.00364	0.00318
15	0.02357	0.00716	0.00809	0.00586	0.00924	0.02461	0.00468	0.01013	0.00815	0.03202	0.00704	0.00811	0.00579	0.00295	0.00290	0.00061	0.00298	0.00234	0.00235	0.83142
16	0.01036	0.86609	0.02032	0.00663	0.00995	0.01534	0.00663	0.01161	0.00788	0.00912	0.00539	0.00622	0.00498	0.00332	0.00249	0.00083	0.00415	0.00207	0.00166	0.00498
17	0.01021	0.33964	0.26678	0.00884	0.03301	0.08242	0.00904	0.03694	0.03831	0.05939	0.01646	0.00815	0.00594	0.00380	0.00343	0.00103	0.02513	0.00271	0.00208	0.04668
18	0.00975	0.04803	0.44473	0.00931	0.02385	0.04334	0.03065	0.01289	0.00935	0.17601	0.14250	0.01247	0.01099	0.00457	0.00384	0.00120	0.00462	0.00374	0.00271	0.00548
19	0.00499	0.00349	0.00442	0.00506	0.00522	0.00333	0.00324	0.00547	0.00690	0.00920	0.01871	0.61818	0.02228	0.25977	0.00925	0.00221	0.00269	0.00946	0.00324	0.00292
20	0.00507	0.00383	0.00468	0.00471	0.00560	0.00344	0.00344	0.00641	0.00961	0.01290	0.43630	0.20662	0.26455	0.00936	0.00465	0.00132	0.00196	0.00819	0.00393	0.00344
21	0.00893	0.02430	0.28666	0.05434	0.25071	0.00857	0.09800	0.02225	0.03921	0.06133	0.03194	0.01147	0.02167	0.00524	0.04316	0.00146	0.00519	0.01781	0.00222	0.00555
22	0.00574	0.00365	0.00440	0.00449	0.00451	0.00363	0.00265	0.00551	0.00570	0.00761	0.01212	0.10319	0.01390	0.63103	0.01750	0.16042	0.00354	0.00575	0.00235	0.00231
23	0.00547	0.00348	0.00456	0.00499	0.00510	0.00337	0.00320	0.00538	0.00635	0.00847	0.01526	0.42238	0.01783	0.24883	0.01154	0.21785	0.00294	0.00766	0.00279	0.00257
24	0.00927	0.13586	0.13359	0.07559	0.17409	0.07476	0.09073	0.04085	0.03922	0.03431	0.03254	0.04463	0.07955	0.00471	0.00390	0.00117	0.01372	0.00404	0.00233	0.00513
25	0.00820	0.00851	0.03693	0.60841	0.10879	0.07286	0.03800	0.01091	0.02992	0.01046	0.00721	0.01016	0.00555	0.00442	0.02303	0.00137	0.00537	0.00344	0.00184	0.00461
26	0.00723	0.00361	0.00361	0.00361	0.00452	0.00361	0.00271	0.00903	0.00813	0.01445	0.01265	0.01445	0.00994	0.00452	0.00271	0.00090	0.00181	0.00361	0.88528	0.00361
27	0.03210	0.00742	0.01174	0.20657	0.40740	0.00770	0.00924	0.02160	0.00889	0.04779	0.06492	0.01523	0.13337	0.00487	0.00397	0.00121	0.00406	0.00437	0.00244	0.00511
28	0.03341	0.07314	0.20294	0.05892	0.22472	0.05537	0.02844	0.10642	0.08895	0.05004	0.02590	0.01017	0.01642	0.00408	0.00371	0.00117	0.00466	0.00340	0.00246	0.00569
29	0.40718	0.00739	0.00743	0.02542	0.00907	0.03904	0.00513	0.03289	0.02489	0.33574	0.01057	0.06283	0.00788	0.00468	0.00328	0.00122	0.00330	0.00348	0.00344	0.00517
30	0.00471	0.00341	0.00446	0.00530	0.00560	0.00316	0.00355	0.00541	0.00752	0.00994	0.02261	0.80426	0.08181	0.01198	0.00492	0.00156	0.00223	0.01082	0.00360	0.00316
31	0.00781	0.00821	0.01655	0.01240	0.01531	0.00766	0.53454	0.01045	0.00927	0.01237	0.09833	0.01984	0.12705	0.00550	0.00466	0.00135	0.00508	0.09639	0.00261	0.00461

[dist]
# distance from previous block
# <min> <max>
2	5

[block]
# block no. 6 follows, 70 sequences, length 12
# corresponding to MSA columns:
# 269-280
name=unknown_G
#
# <colnr> <probs for GDERKNQSTAVLIFYWHMCP>
#	G	D	E	R	K	N	Q	S	T	A	V	L	I	F	Y	W	H	M	C	P
0	0.89114	0.00750	0.00570	0.00510	0.00750	0.00870	0.00420	0.01140	0.00660	0.01739	0.00540	0.00630	0.00420	0.00360	0.00240	0.00120	0.00300	0.00210	0.00240	0.00420
1	0.00885	0.00723	0.00782	0.00724	0.00909	0.00811	0.00554	0.01727	0.62607	0.04381	0.01793	0.15264	0.05835	0.00660	0.00414	0.00135	0.00288	0.00564	0.00390	0.00552
2	0.00484	0.00384	0.00438	0.00469	0.00565	0.00338	0.00349	0.00587	0.00859	0.01072	0.07806	0.25440	0.49745	0.01041	0.00475	0.00142	0.00219	0.08895	0.00363	0.00329
3	0.00512	0.00396	0.00463	0.00451	0.00557	0.00352	0.00339	0.00652	0.00982	0.01296	0.43720	0.03299	0.38858	0.03331	0.00503	0.00135	0.00200	0.03222	0.00390	0.00345
4	0.00595	0.00407	0.00515	0.00485	0.00591	0.00368	0.00365	0.00757	0.01048	0.05886	0.62840	0.06513	0.16519	0.00825	0.00455	0.00125	0.00195	0.00721	0.00416	0.00373
5	0.00960	0.00921	0.01574	0.02380	0.83957	0.00921	0.01190	0.01190	0.00883	0.01267	0.00729	0.00960	0.00614	0.00345	0.00384	0.00115	0.00461	0.00345	0.00192	0.00614
6	0.00778	0.02005	0.84367	0.01105	0.01678	0.00900	0.01432	0.01228	0.00818	0.01228	0.00696	0.00818	0.00491	0.00368	0.00368	0.00123	0.00573	0.00286	0.00164	0.00573
7	0.01448	0.01848	0.01099	0.00999	0.01199	0.84819	0.00749	0.01548	0.01099	0.00949	0.00599	0.00699	0.00499	0.00400	0.00350	0.00100	0.00699	0.00250	0.00200	0.00449
8	0.01132	0.01363	0.00881	0.00811	0.00992	0.55065	0.00609	0.01295	0.06332	0.01021	0.01621	0.01621	0.24549	0.00575	0.00384	0.00111	0.00529	0.00426	0.00258	0.00425
9	0.01205	0.00765	0.00870	0.00732	0.00975	0.00808	0.00583	0.11645	0.39981	0.26301	0.04059	0.01568	0.07647	0.00549	0.00399	0.00126	0.00316	0.00451	0.00417	0.00603
10	0.00945	0.00944	0.00955	0.00778	0.01033	0.17699	0.06478	0.02798	0.15326	0.01274	0.05993	0.03552	0.03214	0.00489	0.01912	0.00107	0.01992	0.00364	0.00271	0.33876
11	0.14625	0.05405	0.00886	0.00694	0.00913	0.04162	0.02065	0.18593	0.15993	0.07773	0.13830	0.02888	0.04315	0.04222	0.01862	0.00139	0.00352	0.00431	0.00345	0.00508

[dist]
# distance from previous block
# <min> <max>
0	14

[block]
# block no. 7 follows, 70 sequences, length 52
# corresponding to MSA columns:
# 295-346
name=unknown_H
#
# <colnr> <probs for GDERKNQSTAVLIFYWHMCP>
#	G	D	E	R	K	N	Q	S	T	A	V	L	I	F	Y	W	H	M	C	P
0	0.00887	0.24316	0.37150	0.00934	0.02182	0.04244	0.05949	0.02490	0.08279	0.01179	0.00974	0.01049	0.06368	0.00417	0.00348	0.00112	0.00480	0.00328	0.01786	0.00530
1	0.01033	0.84890	0.02015	0.00670	0.00995	0.01527	0.00667	0.01156	0.00784	0.00913	0.00538	0.00626	0.00498	0.00339	0.00269	0.00085	0.02123	0.00210	0.00166	0.00496
2	0.00827	0.37627	0.04398	0.00611	0.00847	0.00952	0.00559	0.07844	0.00950	0.01204	0.15983	0.05979	0.17396	0.00615	0.00362	0.00110	0.00328	0.02679	0.00283	0.00445
3	0.00563	0.00380	0.00443	0.00443	0.00450	0.00387	0.00260	0.00577	0.00570	0.00767	0.01203	0.02435	0.01365	0.78014	0.10274	0.00401	0.00442	0.00549	0.00232	0.00246
4	0.01036	0.86609	0.02032	0.00663	0.00995	0.01534	0.00663	0.01161	0.00788	0.00912	0.00539	0.00622	0.00498	0.00332	0.00249	0.00083	0.00415	0.00207	0.00166	0.00498
5	0.00951	0.20539	0.24872	0.00770	0.01172	0.00897	0.00805	0.05514	0.00880	0.07105	0.00729	0.00810	0.00565	0.00343	0.00314	0.00089	0.00408	0.00258	0.00223	0.32754
6	0.00868	0.04241	0.14435	0.00907	0.01188	0.00891	0.11540	0.01588	0.44487	0.01442	0.08544	0.05824	0.01258	0.00527	0.00404	0.00129	0.00384	0.00466	0.00324	0.00553
7	0.01036	0.86609	0.02032	0.00663	0.00995	0.01534	0.00663	0.01161	0.00788	0.00912	0.00539	0.00622	0.00498	0.00332	0.00249	0.00083	0.00415	0.00207	0.00166	0.00498
8	0.01429	0.01052	0.01132	0.00876	0.01174	0.01163	0.00720	0.78993	0.01774	0.02378	0.00985	0.04739	0.00744	0.00499	0.00393	0.00118	0.00418	0.00383	0.00387	0.00644
9	0.01489	0.01062	0.01148	0.00880	0.01190	0.01166	0.00727	0.78061	0.01782	0.07104	0.00965	0.00953	0.00676	0.00466	0.00388	0.00117	0.00421	0.00351	0.00393	0.00659
10	0.00600	0.00466	0.00654	0.00737	0.11741	0.00438	0.00473	0.00785	0.01059	0.01494	0.69168	0.02673	0.06731	0.00741	0.00447	0.00121	0.00221	0.00659	0.00392	0.00397
11	0.00964	0.00833	0.00877	0.00789	0.01008	0.00964	0.00614	0.02060	0.83257	0.01622	0.01578	0.01446	0.01183	0.00526	0.00394	0.00131	0.00307	0.00438	0.00394	0.00614
12	0.00732	0.00689	0.01163	0.85444	0.02670	0.00861	0.01077	0.00991	0.00775	0.00991	0.00689	0.01034	0.00517	0.00388	0.00388	0.00129	0.00517	0.00345	0.00172	0.00431
13	0.01242	0.00962	0.01024	0.00836	0.01103	0.01082	0.00674	0.46981	0.35789	0.02075	0.01209	0.01159	0.00886	0.00490	0.00388	0.00122	0.00370	0.00387	0.02588	0.00633
14	0.01035	0.72895	0.01837	0.00685	0.00983	0.09028	0.00650	0.01153	0.00813	0.00921	0.00656	0.06576	0.00641	0.00399	0.00275	0.00090	0.00427	0.00273	0.00182	0.00480
15	0.02535	0.07177	0.26679	0.01083	0.13203	0.04568	0.00943	0.05504	0.05653	0.22829	0.03397	0.01049	0.00772	0.00422	0.00380	0.00117	0.01441	0.00337	0.00286	0.01626
16	0.01139	0.01117	0.01405	0.01844	0.53144	0.16192	0.01021	0.15574	0.02346	0.01421	0.00754	0.00915	0.00610	0.00379	0.00378	0.00113	0.00496	0.00330	0.00231	0.00592
17	0.00558	0.00373	0.00425	0.00430	0.00432	0.00372	0.00243	0.00562	0.00575	0.00767	0.01279	0.07748	0.01481	0.81066	0.01881	0.00362	0.00366	0.00597	0.00243	0.00240
18	0.00806	0.00773	0.01323	0.48091	0.24187	0.00888	0.06470	0.01044	0.00803	0.01082	0.00754	0.02556	0.00627	0.00425	0.00458	0.00130	0.06424	0.02491	0.00187	0.00481
19	0.01889	0.03352	0.21704	0.10002	0.12787	0.00898	0.12783	0.10834	0.02372	0.10011	0.00875	0.03556	0.00675	0.00456	0.00457	0.03423	0.02765	0.00371	0.00244	0.00546
20	0.00472	0.00356	0.00437	0.00496	0.00552	0.00321	0.00342	0.00554	0.00799	0.01033	0.06496	0.58977	0.25505	0.01129	0.00483	0.00148	0.00215	0.01003	0.00363	0.00321
21	0.00564	0.00376	0.00423	0.00423	0.00423	0.00376	0.00235	0.00564	0.00564	0.00752	0.01222	0.02537	0.01409	0.86375	0.01973	0.00376	0.00376	0.00564	0.00235	0.00235
22	0.00909	0.02312	0.35342	0.01341	0.19367	0.00848	0.12771	0.03292	0.01843	0.08065	0.03025	0.02414	0.05849	0.00431	0.00395	0.00122	0.00494	0.00390	0.00230	0.00560
23	0.00883	0.00979	0.10264	0.15810	0.33773	0.00873	0.20665	0.01152	0.00865	0.03624	0.00853	0.05586	0.00720	0.00413	0.00409	0.00125	0.00510	0.01751	0.00207	0.00538
24	0.04035	0.00703	0.00905	0.00700	0.00991	0.00647	0.00577	0.11800	0.01181	0.68403	0.03838	0.01301	0.00988	0.00484	0.00386	0.00119	0.00335	0.00389	0.01579	0.00641
25	0.89114	0.00750	0.00570	0.00510	0.00750	0.00870	0.00420	0.01140	0.00660	0.01739	0.00540	0.00630	0.00420	0.00360	0.00240	0.00120	0.00300	0.00210	0.00240	0.00420
26	0.00518	0.00348	0.00463	0.00524	0.00543	0.00336	0.00347	0.00549	0.00681	0.00911	0.01759	0.57805	0.02069	0.13773	0.04442	0.12068	0.00298	0.01970	0.00309	0.00285
27	0.00955	0.03323	0.02956	0.08610	0.71774	0.03239	0.01159	0.01184	0.00877	0.01226	0.00717	0.00946	0.00598	0.00350	0.00379	0.00115	0.00472	0.00338	0.00189	0.00592
28	0.00484	0.00346	0.00461	0.00537	0.00569	0.00323	0.00366	0.00566	0.00785	0.01057	0.11360	0.75178	0.02681	0.01164	0.00491	0.00154	0.00223	0.02566	0.00367	0.00321
29	0.00465	0.00391	0.00404	0.00405	0.00529	0.00329	0.00302	0.00568	0.00893	0.01080	0.09413	0.06732	0.75209	0.00977	0.00459	0.00131	0.00196	0.00821	0.00365	0.00329
30	0.03002	0.00668	0.00881	0.00694	0.00973	0.00603	0.00570	0.07562	0.01127	0.70164	0.01519	0.05966	0.01053	0.00534	0.00397	0.00123	0.00331	0.02745	0.00459	0.00629
31	0.01055	0.00974	0.07990	0.00809	0.01068	0.03356	0.00686	0.20807	0.45619	0.02676	0.05559	0.01348	0.02006	0.00510	0.00389	0.00124	0.00357	0.00413	0.03661	0.00591
32	0.00960	0.46731	0.35305	0.00857	0.01285	0.01256	0.00979	0.06553	0.00868	0.01141	0.00628	0.00722	0.00506	0.00355	0.00306	0.00101	0.00479	0.00249	0.00180	0.00539
33	0.00611	0.00532	0.00810	0.35980	0.04286	0.00582	0.01836	0.00789	0.00838	0.01091	0.13086	0.20356	0.16243	0.00728	0.00434	0.00134	0.00350	0.00645	0.00283	0.00385
34	0.00915	0.01046	0.02288	0.01634	0.02026	0.00980	0.82549	0.01242	0.00915	0.01242	0.00784	0.01046	0.00588	0.00327	0.00458	0.00131	0.00654	0.00458	0.00196	0.00523
35	0.00907	0.00868	0.01479	0.21423	0.65321	0.00907	0.01164	0.01144	0.00858	0.01203	0.00720	0.00976	0.00592	0.00355	0.00385	0.00118	0.00473	0.00345	0.00187	0.00572
36	0.89114	0.00750	0.00570	0.00510	0.00750	0.00870	0.00420	0.01140	0.00660	0.01739	0.00540	0.00630	0.00420	0.00360	0.00240	0.00120	0.00300	0.00210	0.00240	0.00420
37	0.00508	0.00362	0.00479	0.00549	0.00587	0.00343	0.00387	0.00599	0.00792	0.01063	0.11757	0.59518	0.02569	0.07068	0.00599	0.00171	0.00248	0.11721	0.00359	0.00321
38	0.00804	0.00689	0.00804	0.00574	0.00919	0.00517	0.00459	0.00976	0.00804	0.01263	0.00689	0.00804	0.00574	0.00287	0.00287	0.00057	0.00287	0.00230	0.00230	0.88745
39	0.00920	0.10637	0.08667	0.25794	0.36571	0.00973	0.04175	0.03521	0.00870	0.03234	0.00721	0.00942	0.00571	0.00364	0.00371	0.00117	0.00484	0.00330	0.00194	0.00544
40	0.08016	0.01762	0.69287	0.01022	0.01531	0.00860	0.03597	0.01174	0.00813	0.01258	0.00910	0.01012	0.06282	0.00409	0.00367	0.00123	0.00527	0.00322	0.00185	0.00542
41	0.00472	0.00337	0.00450	0.00540	0.00562	0.00315	0.00360	0.00540	0.00742	0.00990	0.02137	0.86122	0.02564	0.01215	0.00495	0.00157	0.00225	0.01102	0.00360	0.00315
42	0.00549	0.00399	0.00559	0.00567	0.00615	0.00443	0.00413	0.00648	0.00619	0.00871	0.01176	0.08935	0.01213	0.23310	0.57301	0.00523	0.00806	0.00510	0.00227	0.00316
43	0.00828	0.00699	0.00839	0.00654	0.04492	0.00535	0.00493	0.01002	0.00813	0.02771	0.00706	0.00820	0.00583	0.00293	0.00293	0.00061	0.00295	0.00238	0.00233	0.83354
44	0.00538	0.00396	0.00503	0.00476	0.00573	0.00361	0.00357	0.00711	0.01072	0.01494	0.74270	0.02995	0.13178	0.00815	0.00457	0.00123	0.00184	0.00715	0.00419	0.00361
45	0.00761	0.00723	0.01235	0.74547	0.11164	0.00871	0.03227	0.01018	0.00790	0.01026	0.00696	0.01026	0.00529	0.00382	0.00389	0.00128	0.00514	0.00348	0.00175	0.00452
46	0.00639	0.00469	0.00629	0.00702	0.00801	0.00475	0.00605	0.00876	0.06618	0.01185	0.02106	0.05256	0.05861	0.01031	0.00522	0.00173	0.00344	0.70974	0.00360	0.00373
47	0.00555	0.00413	0.00609	0.00609	0.00674	0.00477	0.00467	0.00683	0.00619	0.00890	0.01051	0.01594	0.01000	0.08713	0.79076	0.00606	0.00992	0.00426	0.00210	0.00338
48	0.01536	0.00600	0.00792	0.00624	0.00882	0.00528	0.00510	0.01692	0.01050	0.67652	0.01476	0.01345	0.00966	0.00474	0.00366	0.00114	0.00300	0.00384	0.18108	0.00600
49	0.00472	0.00337	0.00450	0.00540	0.00562	0.00315	0.00360	0.00540	0.00742	0.00990	0.02137	0.86122	0.02564	0.01215	0.00495	0.00157	0.00225	0.01102	0.00360	0.00315
50	0.00960	0.00875	0.01475	0.02185	0.75077	0.00869	0.01109	0.01184	0.00906	0.04367	0.06533	0.01108	0.00839	0.00382	0.00389	0.00116	0.00436	0.00372	0.00219	0.00599
51	0.00931	0.00707	0.00886	0.02517	0.07885	0.00588	0.00557	0.03332	0.03041	0.10592	0.02036	0.02330	0.00736	0.00360	0.00324	0.00078	0.00314	0.01433	0.00269	0.61086

[dist]
# distance from previous block
# <min> <max>
0	13

# created by:
# /st0/software/busco_prod/Augustus/scripts/msa2prfl.pl ./align_prep/24240.fa
