[name]
unknown

[dist]
# distance from previous block
# <min> <max>
4	122

[block]
# block no. 0 follows, 72 sequences, length 22
# corresponding to MSA columns:
# 156-177
name=unknown_A
#
# <colnr> <probs for GDERKNQSTAVLIFYWHMCP>
#	G	D	E	R	K	N	Q	S	T	A	V	L	I	F	Y	W	H	M	C	P
0	0.00867	0.02828	0.05598	0.02391	0.08638	0.00646	0.00607	0.07404	0.00875	0.02500	0.00705	0.00818	0.00570	0.00310	0.00304	0.00072	0.00330	0.00251	0.00231	0.64055
1	0.03505	0.01777	0.06145	0.09987	0.34424	0.03574	0.01848	0.07414	0.00949	0.14542	0.02134	0.00985	0.00673	0.00376	0.00362	0.00109	0.00422	0.00328	0.00252	0.10195
2	0.00797	0.09739	0.22347	0.02707	0.04836	0.02756	0.10773	0.01068	0.04229	0.02659	0.00995	0.17308	0.00940	0.00505	0.00370	0.00111	0.00419	0.00447	0.00230	0.16763
3	0.00823	0.00870	0.12092	0.00832	0.01957	0.03571	0.02428	0.01073	0.10606	0.06448	0.01043	0.05100	0.03577	0.14354	0.05911	0.00205	0.28009	0.00427	0.00239	0.00435
4	0.00854	0.02528	0.09025	0.02594	0.26598	0.03510	0.05835	0.07634	0.03497	0.02510	0.22851	0.01518	0.04205	0.00491	0.00392	0.00114	0.00383	0.00439	0.00278	0.04744
5	0.03650	0.00575	0.00712	0.00612	0.00768	0.00582	0.02953	0.14735	0.01065	0.02947	0.35413	0.03191	0.11826	0.02179	0.05608	0.00153	0.03853	0.02624	0.00350	0.06205
6	0.00755	0.00871	0.12010	0.07719	0.19473	0.03471	0.07744	0.00976	0.02580	0.01112	0.05949	0.03837	0.08582	0.09801	0.04527	0.00168	0.04317	0.00441	0.00227	0.05438
7	0.00891	0.02661	0.15204	0.03534	0.13350	0.00824	0.18749	0.06180	0.09321	0.05072	0.04837	0.02400	0.02344	0.00518	0.03171	0.00135	0.00471	0.03608	0.00253	0.06478
8	0.00488	0.00368	0.00456	0.00492	0.00563	0.00330	0.00348	0.00586	0.00821	0.01088	0.16214	0.48791	0.20795	0.01028	0.00462	0.00139	0.00212	0.02476	0.00358	0.03986
9	0.00873	0.03153	0.03205	0.01916	0.09800	0.05601	0.01843	0.09717	0.20847	0.04020	0.16371	0.07355	0.08866	0.00695	0.03905	0.00141	0.00362	0.00509	0.00331	0.00490
10	0.00810	0.00772	0.01299	0.41946	0.34114	0.00860	0.04208	0.01070	0.03318	0.01113	0.02531	0.01084	0.02358	0.00392	0.00404	0.00122	0.02548	0.00361	0.00192	0.00496
11	0.00786	0.00674	0.00786	0.00562	0.00899	0.00506	0.00449	0.00955	0.00786	0.01236	0.00674	0.00786	0.00562	0.00281	0.00281	0.00056	0.00281	0.00225	0.00225	0.88990
12	0.00511	0.00374	0.00435	0.00435	0.00506	0.00343	0.00301	0.00608	0.00835	0.01113	0.27915	0.11902	0.27120	0.22317	0.00816	0.00187	0.00234	0.00719	0.03019	0.00309
13	0.89350	0.00733	0.00557	0.00499	0.00733	0.00851	0.00411	0.01115	0.00645	0.01702	0.00528	0.00616	0.00411	0.00352	0.00235	0.00117	0.00293	0.00205	0.00235	0.00411
14	0.00536	0.00393	0.00525	0.00550	0.00604	0.00376	0.02645	0.03100	0.00798	0.01072	0.13394	0.50098	0.04444	0.13896	0.00693	0.00180	0.00261	0.05773	0.00339	0.00322
15	0.04579	0.09646	0.17395	0.06108	0.04841	0.04244	0.01898	0.06441	0.07278	0.07216	0.02947	0.01163	0.05181	0.04730	0.00438	0.00120	0.01740	0.00343	0.00250	0.13443
16	0.00996	0.04000	0.17755	0.05825	0.19879	0.05612	0.13963	0.13385	0.04979	0.04115	0.03849	0.01011	0.00717	0.00392	0.00380	0.00116	0.00486	0.00354	0.01634	0.00552
17	0.04167	0.00726	0.02039	0.00783	0.07807	0.00606	0.04060	0.05005	0.00896	0.13784	0.04274	0.01893	0.00765	0.00358	0.00324	0.00082	0.00322	0.00301	0.00273	0.51535
18	0.00738	0.00625	0.00738	0.00586	0.02579	0.00499	0.00448	0.00941	0.04503	0.01263	0.10320	0.03425	0.06546	0.00416	0.00323	0.00075	0.00266	0.00348	0.00264	0.65097
19	0.00839	0.02159	0.07694	0.08570	0.15640	0.04840	0.01953	0.05790	0.09070	0.05507	0.07218	0.16104	0.02824	0.05145	0.01598	0.00146	0.00390	0.03756	0.00286	0.00469
20	0.01759	0.03857	0.00850	0.04577	0.04496	0.04961	0.02185	0.06820	0.00911	0.14818	0.03261	0.21649	0.10816	0.00669	0.00451	0.00121	0.05843	0.00559	0.00313	0.11084
21	0.04830	0.03315	0.04437	0.00821	0.01043	0.25512	0.01459	0.15934	0.21496	0.04240	0.01084	0.07085	0.02044	0.03352	0.00432	0.00125	0.01592	0.00391	0.00298	0.00510

[dist]
# distance from previous block
# <min> <max>
3	20

[block]
# block no. 1 follows, 72 sequences, length 25
# corresponding to MSA columns:
# 198-222
name=unknown_B
#
# <colnr> <probs for GDERKNQSTAVLIFYWHMCP>
#	G	D	E	R	K	N	Q	S	T	A	V	L	I	F	Y	W	H	M	C	P
0	0.04108	0.01342	0.09944	0.07360	0.04184	0.33782	0.10827	0.11877	0.01928	0.03791	0.00775	0.04802	0.00636	0.00431	0.00392	0.00114	0.02643	0.00341	0.00231	0.00492
1	0.03682	0.00779	0.03469	0.03729	0.10803	0.01659	0.02174	0.28062	0.03838	0.03196	0.08026	0.07663	0.14411	0.03677	0.00486	0.02684	0.00353	0.00500	0.00320	0.00489
2	0.04982	0.00523	0.00736	0.08258	0.12925	0.00539	0.01528	0.01938	0.01963	0.03984	0.07415	0.08052	0.06724	0.20315	0.05583	0.10808	0.00384	0.02727	0.00256	0.00361
3	0.00968	0.06242	0.07796	0.15466	0.15556	0.13638	0.03713	0.06545	0.04149	0.05376	0.00909	0.08604	0.00799	0.00564	0.03421	0.00137	0.03562	0.01831	0.00234	0.00491
4	0.00916	0.39672	0.23237	0.00878	0.05330	0.05709	0.03507	0.03616	0.00812	0.01036	0.00694	0.02373	0.00621	0.08062	0.01967	0.00132	0.00476	0.00294	0.00182	0.00486
5	0.00533	0.00386	0.00491	0.00525	0.00578	0.00379	0.00376	0.00634	0.02060	0.00978	0.06643	0.29129	0.08369	0.22679	0.10012	0.00254	0.00361	0.13340	0.00307	0.01966
6	0.00566	0.00395	0.00467	0.02905	0.00532	0.00402	0.00299	0.00637	0.03916	0.00849	0.05489	0.08991	0.01575	0.66484	0.01583	0.00315	0.00347	0.03723	0.00258	0.00267
7	0.11054	0.45880	0.01510	0.00755	0.02266	0.16845	0.00657	0.14879	0.00983	0.01245	0.00605	0.00679	0.00507	0.00362	0.00285	0.00094	0.00447	0.00236	0.00213	0.00498
8	0.09678	0.06504	0.07417	0.05021	0.17425	0.01520	0.04615	0.12355	0.00963	0.09913	0.04110	0.03927	0.00823	0.00552	0.04648	0.00137	0.00431	0.01873	0.00264	0.07825
9	0.00941	0.18828	0.32589	0.02198	0.04749	0.02051	0.04731	0.05752	0.00907	0.10683	0.03613	0.01197	0.09288	0.00443	0.00356	0.00112	0.00444	0.00356	0.00239	0.00525
10	0.02944	0.00807	0.01253	0.10446	0.46231	0.00823	0.00938	0.03155	0.08253	0.18383	0.00968	0.02536	0.00740	0.00403	0.00377	0.00117	0.00409	0.00365	0.00269	0.00583
11	0.00917	0.00898	0.01161	0.22165	0.25354	0.09419	0.00900	0.01348	0.22827	0.01213	0.02592	0.01087	0.00766	0.00435	0.00446	0.00123	0.07228	0.00359	0.00239	0.00520
12	0.02276	0.02870	0.30963	0.09803	0.13502	0.04551	0.03097	0.08783	0.05968	0.06305	0.00952	0.03359	0.02697	0.00439	0.00376	0.00121	0.00472	0.02691	0.00236	0.00539
13	0.00903	0.02460	0.11431	0.17232	0.16986	0.00847	0.16448	0.03218	0.08213	0.07996	0.02072	0.06273	0.00814	0.00446	0.00411	0.00125	0.01904	0.01459	0.00241	0.00520
14	0.00782	0.00792	0.06706	0.65192	0.14659	0.00845	0.01078	0.01040	0.00787	0.03540	0.00705	0.00995	0.00531	0.00374	0.00377	0.00124	0.00495	0.00335	0.00180	0.00464
15	0.00874	0.00763	0.01325	0.23098	0.01660	0.00791	0.27445	0.04749	0.09463	0.08120	0.14058	0.01438	0.03547	0.00464	0.00415	0.00125	0.00449	0.00454	0.00277	0.00484
16	0.02615	0.03164	0.17892	0.12156	0.29827	0.00795	0.04159	0.01171	0.00860	0.11905	0.03872	0.06570	0.00860	0.00448	0.00383	0.00120	0.00440	0.01991	0.00238	0.00533
17	0.00878	0.04311	0.47604	0.03961	0.04921	0.03819	0.20061	0.01231	0.00845	0.05985	0.00747	0.00896	0.00544	0.00405	0.02038	0.00129	0.00567	0.00327	0.00189	0.00540
18	0.00468	0.00346	0.00440	0.00512	0.00557	0.00317	0.00355	0.00546	0.00759	0.00988	0.02399	0.66940	0.17116	0.01139	0.00480	0.00151	0.00222	0.05601	0.00352	0.00313
19	0.06614	0.23496	0.21054	0.00902	0.02767	0.03815	0.09324	0.06223	0.03701	0.07419	0.02864	0.01191	0.00787	0.00439	0.00351	0.00114	0.00450	0.07741	0.00238	0.00512
20	0.00809	0.00760	0.07586	0.09617	0.20854	0.02414	0.00799	0.00990	0.00793	0.07877	0.05561	0.08222	0.02769	0.03023	0.13828	0.00211	0.09921	0.03264	0.00243	0.00458
21	0.00842	0.23709	0.54762	0.00994	0.01470	0.01048	0.06798	0.01214	0.03741	0.01136	0.00678	0.00788	0.00513	0.00354	0.00337	0.00111	0.00517	0.00277	0.00171	0.00540
22	0.00503	0.00372	0.00442	0.00472	0.00530	0.00351	0.00330	0.00576	0.00734	0.00942	0.03967	0.23876	0.26924	0.24923	0.05610	0.00232	0.00308	0.08301	0.00311	0.00297
23	0.05556	0.00870	0.01103	0.06378	0.17618	0.05228	0.03695	0.21295	0.05947	0.21104	0.03711	0.01134	0.00825	0.03319	0.00427	0.00125	0.00407	0.00365	0.00323	0.00570
24	0.00855	0.03793	0.06668	0.06610	0.33342	0.03680	0.03358	0.01042	0.00757	0.01076	0.02012	0.00970	0.00632	0.00683	0.08807	0.00176	0.24520	0.00340	0.00183	0.00494

[dist]
# distance from previous block
# <min> <max>
0	2

[block]
# block no. 2 follows, 72 sequences, length 42
# corresponding to MSA columns:
# 225-266
name=unknown_C
#
# <colnr> <probs for GDERKNQSTAVLIFYWHMCP>
#	G	D	E	R	K	N	Q	S	T	A	V	L	I	F	Y	W	H	M	C	P
0	0.17698	0.00974	0.01007	0.00791	0.01077	0.01083	0.00651	0.60780	0.06034	0.04905	0.00894	0.00896	0.00639	0.00440	0.00353	0.00115	0.00385	0.00322	0.00356	0.00599
1	0.47698	0.00748	0.01587	0.02863	0.00909	0.00780	0.02471	0.07424	0.04078	0.07191	0.00736	0.01982	0.00573	0.00443	0.02662	0.00121	0.00339	0.00268	0.00263	0.16865
2	0.00582	0.00389	0.00488	0.00517	0.00567	0.00377	0.00369	0.00658	0.00725	0.04188	0.04490	0.20473	0.08270	0.34518	0.03086	0.00249	0.00327	0.19118	0.00307	0.00303
3	0.00702	0.00574	0.02792	0.03014	0.04076	0.00647	0.00595	0.04868	0.00698	0.04284	0.00932	0.01354	0.00850	0.06407	0.53031	0.00442	0.13739	0.00391	0.00216	0.00390
4	0.04137	0.46933	0.27850	0.00802	0.01181	0.04484	0.00880	0.01154	0.00781	0.01035	0.00582	0.00688	0.00485	0.00351	0.00325	0.00098	0.03831	0.00235	0.00168	0.04000
5	0.00733	0.00503	0.00609	0.00590	0.00709	0.00499	0.00457	0.10786	0.04793	0.06925	0.14571	0.19747	0.12892	0.07497	0.00569	0.00157	0.00282	0.16920	0.00365	0.00397
6	0.02934	0.00721	0.01084	0.01197	0.22439	0.00832	0.03752	0.05443	0.00756	0.03939	0.00798	0.01147	0.00717	0.05809	0.23465	0.00275	0.23657	0.00369	0.00210	0.00456
7	0.01011	0.04173	0.03205	0.00803	0.02998	0.04473	0.06150	0.18515	0.19948	0.08617	0.18690	0.01601	0.05007	0.02567	0.00432	0.00124	0.00352	0.00458	0.00352	0.00523
8	0.00544	0.00374	0.00458	0.00463	0.00479	0.00387	0.00290	0.00577	0.00575	0.00782	0.01214	0.07650	0.01358	0.63112	0.19790	0.00406	0.00498	0.00554	0.00232	0.00258
9	0.00839	0.00974	0.11155	0.44269	0.06075	0.07835	0.07886	0.03041	0.08434	0.01123	0.00817	0.01125	0.00643	0.00412	0.00386	0.00125	0.00508	0.03674	0.00205	0.00474
10	0.01042	0.06612	0.04439	0.03636	0.37521	0.21290	0.09519	0.04412	0.00948	0.01179	0.02606	0.01012	0.00678	0.00387	0.00373	0.00111	0.00518	0.02985	0.00205	0.00527
11	0.00962	0.00853	0.00887	0.00791	0.00992	0.04165	0.00619	0.04549	0.70941	0.01544	0.03087	0.01363	0.01123	0.00522	0.00439	0.00129	0.05672	0.00418	0.00365	0.00579
12	0.08618	0.01126	0.01355	0.02894	0.44330	0.23738	0.07686	0.01246	0.00904	0.01186	0.00703	0.00943	0.00595	0.00372	0.00364	0.00112	0.00514	0.02590	0.00198	0.00524
13	0.89350	0.00733	0.00557	0.00499	0.00733	0.00851	0.00411	0.01115	0.00645	0.01702	0.00528	0.00616	0.00411	0.00352	0.00235	0.00117	0.00293	0.00205	0.00235	0.00411
14	0.00916	0.00878	0.01498	0.10838	0.75973	0.00895	0.01153	0.01144	0.00853	0.01211	0.00709	0.00946	0.00591	0.00342	0.00376	0.00114	0.00456	0.00338	0.00186	0.00582
15	0.00551	0.00474	0.02887	0.00548	0.00663	0.00417	0.02594	0.03871	0.03844	0.01137	0.09568	0.29888	0.32962	0.01920	0.00475	0.00141	0.00249	0.07106	0.00349	0.00355
16	0.00558	0.00364	0.00426	0.00429	0.00431	0.00365	0.00248	0.00548	0.00553	0.00739	0.01172	0.05084	0.01341	0.74351	0.03631	0.08385	0.00373	0.00546	0.00227	0.00229
17	0.02794	0.00670	0.06954	0.04887	0.06755	0.01443	0.01603	0.05225	0.13403	0.01208	0.05483	0.27207	0.11588	0.06646	0.01475	0.00155	0.01122	0.00655	0.00309	0.00421
18	0.04784	0.00817	0.00937	0.00709	0.01017	0.00790	0.00581	0.32641	0.01243	0.24118	0.00980	0.00963	0.00689	0.00401	0.00344	0.00097	0.00345	0.00311	0.00350	0.27882
19	0.00786	0.00674	0.00786	0.00562	0.00899	0.00506	0.00449	0.00955	0.00786	0.01236	0.00674	0.00786	0.00562	0.00281	0.00281	0.00056	0.00281	0.00225	0.00225	0.88990
20	0.02975	0.04022	0.04273	0.00830	0.12098	0.00586	0.03431	0.01023	0.00891	0.12969	0.12727	0.03515	0.16259	0.00533	0.00372	0.00104	0.00307	0.00456	0.00300	0.22329
21	0.08701	0.00906	0.01025	0.00848	0.04300	0.00974	0.02057	0.53185	0.01444	0.12137	0.01077	0.01147	0.04002	0.00509	0.00415	0.03310	0.00387	0.02634	0.00358	0.00583
22	0.00571	0.00423	0.00572	0.00549	0.00631	0.00441	0.00405	0.00667	0.00624	0.00888	0.01119	0.03696	0.03738	0.20055	0.50082	0.03943	0.00724	0.00442	0.00218	0.10212
23	0.00594	0.00350	0.00449	0.00452	0.00452	0.00349	0.00276	0.00526	0.00534	0.00711	0.01001	0.04939	0.01116	0.47611	0.01689	0.37716	0.00346	0.00477	0.00207	0.00205
24	0.00910	0.00847	0.01313	0.37152	0.40760	0.05236	0.01063	0.03053	0.00860	0.04159	0.00723	0.00968	0.00568	0.00365	0.00376	0.00118	0.00480	0.00334	0.00195	0.00520
25	0.03379	0.03591	0.03376	0.09715	0.16143	0.01674	0.10837	0.08330	0.01020	0.36492	0.01051	0.01078	0.00722	0.00406	0.00379	0.00117	0.00423	0.00360	0.00321	0.00583
26	0.00977	0.44138	0.25559	0.00880	0.04493	0.03958	0.02542	0.05437	0.01825	0.02916	0.00644	0.00734	0.00520	0.00348	0.00303	0.00097	0.00459	0.00251	0.00187	0.03734
27	0.00914	0.00911	0.04726	0.06578	0.66367	0.00896	0.01102	0.03089	0.03861	0.01241	0.00750	0.00971	0.00622	0.00452	0.03552	0.00134	0.02718	0.00341	0.00197	0.00576
28	0.01591	0.00823	0.00990	0.00759	0.01057	0.00821	0.00627	0.36381	0.01382	0.49617	0.01247	0.01129	0.00814	0.00463	0.00381	0.00116	0.00363	0.00364	0.00431	0.00645
29	0.00568	0.00468	0.00731	0.05348	0.12890	0.00457	0.04868	0.00680	0.00757	0.01021	0.01746	0.64996	0.02024	0.00976	0.00461	0.00145	0.00291	0.00898	0.00310	0.00367
30	0.00545	0.00403	0.00594	0.00594	0.00659	0.00466	0.00457	0.00674	0.00609	0.00881	0.01029	0.01544	0.00972	0.07445	0.79168	0.00588	0.00966	0.00414	0.01658	0.00333
31	0.00562	0.00380	0.00452	0.00470	0.00488	0.00380	0.00305	0.00596	0.00616	0.00816	0.01367	0.04213	0.01553	0.68738	0.01635	0.00327	0.00362	0.16231	0.00255	0.00254
32	0.00781	0.00668	0.00780	0.00560	0.00891	0.00502	0.00447	0.00949	0.00793	0.01242	0.02586	0.00833	0.00631	0.00292	0.00285	0.00058	0.00279	0.00235	0.00229	0.86959
33	0.01125	0.15313	0.01246	0.00911	0.01069	0.36369	0.00742	0.04038	0.00868	0.00979	0.00560	0.00734	0.00500	0.00473	0.00638	0.00118	0.30205	0.00271	0.00187	0.03657
34	0.00520	0.00365	0.00447	0.00475	0.00506	0.00353	0.00313	0.00579	0.00700	0.00936	0.10924	0.27746	0.07063	0.38791	0.04160	0.00260	0.00314	0.04964	0.00300	0.00283
35	0.02830	0.00656	0.02690	0.12852	0.09730	0.02065	0.05580	0.05206	0.03419	0.01257	0.19680	0.07424	0.12021	0.01684	0.03698	0.00147	0.03883	0.02543	0.00289	0.02346
36	0.60809	0.00689	0.00629	0.00539	0.00774	0.00749	0.00441	0.02978	0.00797	0.18829	0.07020	0.00993	0.02577	0.00423	0.00289	0.00118	0.00291	0.00293	0.00302	0.00458
37	0.00892	0.00954	0.08660	0.15812	0.21354	0.04218	0.11389	0.06170	0.09909	0.02124	0.00879	0.01928	0.01763	0.00586	0.06342	0.00157	0.05753	0.00372	0.00223	0.00516
38	0.01864	0.02407	0.00967	0.08757	0.01173	0.05737	0.02054	0.16241	0.44024	0.03952	0.05614	0.01272	0.01045	0.00483	0.00379	0.00120	0.00364	0.00395	0.00345	0.02806
39	0.00498	0.00358	0.00469	0.00537	0.00576	0.00338	0.00373	0.02349	0.00791	0.01060	0.09702	0.71290	0.03926	0.01123	0.00480	0.00151	0.00227	0.05073	0.00359	0.00322
40	0.04000	0.09006	0.07685	0.00780	0.03701	0.03929	0.01777	0.15918	0.11634	0.16049	0.04508	0.10789	0.04317	0.03674	0.00434	0.00128	0.00364	0.00456	0.00329	0.00522
41	0.28160	0.20495	0.02249	0.00843	0.07987	0.13030	0.00653	0.14865	0.03071	0.01451	0.00645	0.00730	0.00518	0.00377	0.00316	0.00106	0.02253	0.00254	0.00234	0.01763

[dist]
# distance from previous block
# <min> <max>
6	27

[block]
# block no. 3 follows, 72 sequences, length 27
# corresponding to MSA columns:
# 294-320
name=unknown_D
#
# <colnr> <probs for GDERKNQSTAVLIFYWHMCP>
#	G	D	E	R	K	N	Q	S	T	A	V	L	I	F	Y	W	H	M	C	P
0	0.02560	0.35619	0.11460	0.00873	0.03271	0.07820	0.08608	0.08220	0.02349	0.09635	0.03887	0.00882	0.00685	0.00380	0.00324	0.00101	0.00448	0.00295	0.00234	0.02351
1	0.00893	0.00618	0.00736	0.00738	0.04015	0.01743	0.00524	0.06406	0.09594	0.09835	0.16353	0.27132	0.05941	0.04779	0.00560	0.00166	0.01065	0.05721	0.02697	0.00482
2	0.00560	0.02823	0.03736	0.00608	0.02152	0.00439	0.00451	0.02251	0.00746	0.00994	0.01828	0.51511	0.05681	0.08372	0.00661	0.03779	0.03130	0.09634	0.00313	0.00330
3	0.04334	0.03960	0.06385	0.13822	0.32268	0.01897	0.11057	0.04036	0.04106	0.07942	0.00881	0.06060	0.00728	0.00416	0.00381	0.00119	0.00453	0.00388	0.00232	0.00536
4	0.51693	0.07466	0.05512	0.00671	0.03323	0.08403	0.00561	0.05522	0.00800	0.05297	0.00623	0.00701	0.00481	0.00359	0.00274	0.00108	0.00363	0.00233	0.00238	0.07371
5	0.00969	0.01003	0.04245	0.05698	0.66593	0.07724	0.02247	0.02872	0.00887	0.01217	0.00700	0.00915	0.00582	0.00354	0.00393	0.00114	0.02392	0.00330	0.00190	0.00574
6	0.04122	0.00436	0.00502	0.00489	0.00603	0.00415	0.00365	0.00764	0.07744	0.01265	0.31210	0.15511	0.27749	0.00916	0.03458	0.00144	0.00237	0.00717	0.00364	0.02991
7	0.01339	0.01031	0.01061	0.00848	0.01125	0.05698	0.00688	0.57143	0.20056	0.05445	0.01058	0.01027	0.00763	0.00466	0.00379	0.00116	0.00402	0.00357	0.00374	0.00624
8	0.00488	0.00384	0.00439	0.00429	0.00535	0.00337	0.00319	0.00617	0.00944	0.01229	0.37882	0.06092	0.45823	0.02223	0.00472	0.00129	0.00190	0.00757	0.00378	0.00334
9	0.00513	0.00376	0.00483	0.00487	0.00566	0.00346	0.00359	0.00658	0.00965	0.01327	0.53542	0.21559	0.12319	0.00899	0.00459	0.00130	0.00196	0.04081	0.00393	0.00342
10	0.00845	0.00761	0.01183	0.61329	0.16447	0.04317	0.01021	0.01096	0.02390	0.05928	0.00742	0.01009	0.00559	0.00380	0.00377	0.00122	0.00489	0.00338	0.00195	0.00469
11	0.00525	0.00378	0.00463	0.00485	0.00570	0.00342	0.00359	0.00643	0.00879	0.03107	0.23381	0.28877	0.27471	0.00967	0.00460	0.00137	0.00214	0.07875	0.02530	0.00337
12	0.00644	0.00450	0.00560	0.00531	0.00573	0.00492	0.00366	0.04904	0.00650	0.02951	0.01097	0.01989	0.01155	0.51267	0.23397	0.00393	0.05984	0.00481	0.01812	0.00304
13	0.09399	0.00905	0.00960	0.00782	0.01041	0.01004	0.00632	0.44741	0.23742	0.06915	0.01138	0.05163	0.00869	0.00498	0.00373	0.00120	0.00359	0.00390	0.00372	0.00595
14	0.01214	0.01015	0.00967	0.00805	0.01050	0.13744	0.00640	0.32313	0.27180	0.05967	0.02278	0.01103	0.00852	0.00498	0.01641	0.00120	0.00407	0.00358	0.03676	0.04171
15	0.00829	0.08297	0.11839	0.05620	0.07973	0.00737	0.10288	0.05112	0.03410	0.07227	0.22557	0.06000	0.04585	0.00554	0.00400	0.00119	0.00375	0.02164	0.00295	0.01619
16	0.01003	0.00804	0.06364	0.00720	0.00940	0.04111	0.02594	0.19818	0.11968	0.13059	0.14562	0.10312	0.08367	0.02018	0.00433	0.00127	0.00336	0.01595	0.00364	0.00505
17	0.75399	0.00735	0.00618	0.00534	0.00779	0.00827	0.00440	0.04295	0.00742	0.11782	0.00660	0.00709	0.00484	0.00370	0.00258	0.00117	0.00302	0.00232	0.00269	0.00448
18	0.00935	0.20306	0.35551	0.01020	0.05154	0.06560	0.10169	0.01209	0.00833	0.07228	0.00764	0.02581	0.00614	0.03707	0.01692	0.00128	0.00514	0.00318	0.00198	0.00518
19	0.02651	0.15208	0.19273	0.03052	0.22838	0.05817	0.11747	0.05839	0.04549	0.01231	0.00807	0.00975	0.02420	0.00381	0.00360	0.00113	0.00487	0.01510	0.00205	0.00538
20	0.00740	0.00527	0.00740	0.02520	0.00829	0.00528	0.08789	0.08073	0.00907	0.05179	0.04842	0.23094	0.09004	0.00751	0.00439	0.00130	0.02962	0.09748	0.19801	0.00398
21	0.06853	0.00715	0.00767	0.00659	0.00860	0.02584	0.00520	0.17363	0.23520	0.10973	0.17798	0.04170	0.06400	0.00579	0.00386	0.00120	0.00295	0.00476	0.04448	0.00513
22	0.01775	0.15768	0.07357	0.10837	0.19731	0.14422	0.06196	0.07903	0.02166	0.06082	0.00764	0.01929	0.00618	0.00393	0.00363	0.00111	0.01306	0.01537	0.00220	0.00522
23	0.05517	0.08763	0.07744	0.00899	0.02329	0.03868	0.06696	0.38000	0.14109	0.06894	0.00950	0.00963	0.00693	0.00428	0.00363	0.00115	0.00423	0.00338	0.00320	0.00589
24	0.00574	0.00411	0.00588	0.00582	0.00642	0.00466	0.00438	0.02654	0.00621	0.00881	0.01007	0.01573	0.00971	0.13168	0.65894	0.07723	0.00864	0.00417	0.00208	0.00318
25	0.00573	0.00400	0.00463	0.00471	0.00509	0.00399	0.00300	0.00682	0.06765	0.02275	0.03965	0.19572	0.07980	0.51050	0.02747	0.00281	0.00324	0.00667	0.00284	0.00292
26	0.02526	0.07111	0.06706	0.08779	0.34041	0.06879	0.10281	0.03342	0.04799	0.01203	0.01896	0.02434	0.06694	0.00418	0.00376	0.00115	0.00460	0.00380	0.00216	0.01347

[dist]
# distance from previous block
# <min> <max>
4	37

[block]
# block no. 4 follows, 72 sequences, length 24
# corresponding to MSA columns:
# 366-389
name=unknown_E
#
# <colnr> <probs for GDERKNQSTAVLIFYWHMCP>
#	G	D	E	R	K	N	Q	S	T	A	V	L	I	F	Y	W	H	M	C	P
0	0.06313	0.04555	0.04179	0.00761	0.03411	0.15238	0.01470	0.05446	0.04521	0.04953	0.03038	0.03767	0.00935	0.14163	0.16789	0.00248	0.05526	0.01611	0.00244	0.02832
1	0.00827	0.04592	0.06026	0.03946	0.13500	0.00666	0.01964	0.04241	0.02910	0.04273	0.07484	0.09515	0.01022	0.00467	0.00376	0.01164	0.01568	0.00391	0.00255	0.34813
2	0.14584	0.10730	0.06696	0.03314	0.08616	0.18531	0.05136	0.05582	0.04466	0.02165	0.00696	0.00857	0.00571	0.00398	0.00394	0.00109	0.06798	0.01720	0.00218	0.08419
3	0.00990	0.00606	0.00711	0.00615	0.00788	0.00615	0.00474	0.13562	0.14313	0.19531	0.14652	0.08204	0.06889	0.10046	0.02069	0.00157	0.00305	0.00528	0.04462	0.00482
4	0.00879	0.00984	0.02105	0.01513	0.01883	0.00917	0.75742	0.01186	0.00889	0.01213	0.00809	0.01133	0.00635	0.00345	0.00442	0.00126	0.00611	0.03485	0.00199	0.04903
5	0.00480	0.00394	0.00420	0.00421	0.00533	0.00346	0.00309	0.00611	0.03640	0.01079	0.12209	0.10542	0.61883	0.04802	0.00516	0.00140	0.00205	0.00788	0.00355	0.00329
6	0.00531	0.00389	0.00469	0.00454	0.00557	0.00346	0.00339	0.00672	0.00976	0.03447	0.48287	0.09420	0.31000	0.00862	0.00449	0.00125	0.00190	0.00747	0.00392	0.00349
7	0.00948	0.40471	0.28630	0.00878	0.01255	0.10784	0.05567	0.01182	0.00814	0.01014	0.00622	0.00747	0.00513	0.00469	0.04525	0.00125	0.00531	0.00257	0.00169	0.00499
8	0.00483	0.00375	0.00438	0.00454	0.00544	0.00334	0.00333	0.00594	0.00876	0.01128	0.22571	0.21498	0.40699	0.03441	0.00502	0.00141	0.00208	0.04694	0.00364	0.00325
9	0.01295	0.03418	0.01041	0.00910	0.01101	0.62970	0.00693	0.08587	0.04147	0.01117	0.05765	0.03458	0.00776	0.00454	0.00379	0.00105	0.02783	0.00313	0.00235	0.00455
10	0.00512	0.00364	0.00459	0.00501	0.00556	0.00339	0.00359	0.00581	0.00768	0.01001	0.09578	0.34979	0.19794	0.08804	0.00703	0.08536	0.00251	0.11288	0.00329	0.00300
11	0.02185	0.00650	0.00737	0.00603	0.00840	0.00608	0.00477	0.11090	0.12761	0.06505	0.07886	0.04564	0.14455	0.00598	0.02263	0.00113	0.00297	0.01973	0.00323	0.31072
12	0.00856	0.17081	0.47077	0.01036	0.01476	0.02892	0.12264	0.02737	0.04702	0.01169	0.00768	0.00885	0.02284	0.00379	0.00378	0.00115	0.02875	0.00309	0.00184	0.00532
13	0.09262	0.01434	0.01058	0.03281	0.03681	0.49143	0.00723	0.20963	0.02577	0.01369	0.00679	0.00765	0.00534	0.00410	0.00366	0.00107	0.02637	0.00275	0.00245	0.00493
14	0.07535	0.00552	0.00745	0.00795	0.12065	0.01349	0.00509	0.02975	0.02277	0.18758	0.03068	0.02208	0.00867	0.09129	0.01956	0.33841	0.00354	0.00373	0.00263	0.00382
15	0.00747	0.00488	0.00588	0.00560	0.00685	0.00469	0.00424	0.10269	0.02709	0.10899	0.14238	0.29235	0.19111	0.02545	0.00476	0.00139	0.00255	0.05385	0.00377	0.00403
16	0.00966	0.03317	0.01466	0.02064	0.70171	0.06607	0.01071	0.01198	0.02920	0.01217	0.00718	0.00917	0.00602	0.00343	0.00365	0.00108	0.00453	0.00324	0.00194	0.04980
17	0.19071	0.03098	0.10101	0.02574	0.02917	0.00898	0.00700	0.22410	0.04655	0.13835	0.00927	0.01101	0.00717	0.03000	0.02921	0.00144	0.06561	0.03542	0.00299	0.00528
18	0.00650	0.00385	0.00487	0.00500	0.00557	0.00364	0.00346	0.00697	0.00718	0.09172	0.02732	0.28744	0.08610	0.24888	0.00972	0.09482	0.00287	0.06472	0.03626	0.00311
19	0.00519	0.00371	0.00448	0.00472	0.00538	0.00340	0.00330	0.00606	0.00802	0.02879	0.15284	0.31395	0.24442	0.15586	0.00714	0.00178	0.00239	0.04196	0.00344	0.00315
20	0.00753	0.00502	0.00640	0.00591	0.00696	0.00516	0.00452	0.05809	0.03488	0.10906	0.31674	0.16523	0.06130	0.06990	0.00623	0.00150	0.08050	0.04739	0.00366	0.00401
21	0.06299	0.00985	0.01326	0.12770	0.39981	0.12539	0.06617	0.05305	0.06066	0.01257	0.00752	0.00941	0.00605	0.00428	0.02427	0.00127	0.00496	0.00332	0.00212	0.00533
22	0.00589	0.00377	0.00493	0.00535	0.00583	0.00362	0.00372	0.00666	0.02975	0.05862	0.01825	0.50866	0.04948	0.10524	0.03297	0.09054	0.00286	0.05747	0.00323	0.00317
23	0.03013	0.00713	0.00816	0.00674	0.00868	0.00749	0.00532	0.33645	0.01214	0.14857	0.09150	0.04000	0.06652	0.13990	0.03100	0.00173	0.02482	0.02518	0.00357	0.00496

[dist]
# distance from previous block
# <min> <max>
0	2

[block]
# block no. 5 follows, 72 sequences, length 8
# corresponding to MSA columns:
# 392-399
name=unknown_F
#
# <colnr> <probs for GDERKNQSTAVLIFYWHMCP>
#	G	D	E	R	K	N	Q	S	T	A	V	L	I	F	Y	W	H	M	C	P
0	0.31803	0.00856	0.00840	0.07635	0.05481	0.10357	0.00600	0.13585	0.02521	0.07796	0.00747	0.00873	0.00578	0.00579	0.04645	0.06654	0.00423	0.00286	0.00258	0.03483
1	0.05399	0.01019	0.01213	0.20803	0.20915	0.16995	0.03960	0.12661	0.00982	0.03025	0.00763	0.00944	0.02232	0.00414	0.00435	0.00118	0.07068	0.00328	0.00222	0.00503
2	0.00508	0.00375	0.00472	0.00519	0.00581	0.00357	0.00373	0.00622	0.03933	0.01018	0.05753	0.45603	0.20331	0.01181	0.05114	0.05192	0.00274	0.07136	0.00337	0.00321
3	0.00906	0.00732	0.01140	0.36925	0.24238	0.00807	0.00924	0.04324	0.07901	0.09879	0.00967	0.07900	0.00798	0.00457	0.00387	0.00124	0.00428	0.00409	0.00246	0.00508
4	0.03782	0.05629	0.01290	0.05844	0.24741	0.13615	0.05376	0.19275	0.04093	0.11437	0.00847	0.00935	0.00636	0.00395	0.00365	0.00112	0.00464	0.00328	0.00271	0.00565
5	0.02147	0.02285	0.04006	0.05724	0.06397	0.02085	0.12263	0.12516	0.05691	0.02303	0.07444	0.09807	0.07152	0.02056	0.02117	0.00146	0.02005	0.13103	0.00297	0.00458
6	0.00556	0.00431	0.00500	0.03906	0.00644	0.02571	0.00373	0.00709	0.02951	0.01223	0.32471	0.19930	0.20444	0.04276	0.00493	0.00136	0.00227	0.00729	0.07087	0.00345
7	0.05605	0.02908	0.02571	0.00754	0.04942	0.08942	0.00585	0.06155	0.00873	0.05814	0.00702	0.00809	0.00566	0.00351	0.00376	0.00083	0.06974	0.00256	0.00236	0.50498

[dist]
# distance from previous block
# <min> <max>
0	4

[block]
# block no. 6 follows, 72 sequences, length 10
# corresponding to MSA columns:
# 405-414
name=unknown_G
#
# <colnr> <probs for GDERKNQSTAVLIFYWHMCP>
#	G	D	E	R	K	N	Q	S	T	A	V	L	I	F	Y	W	H	M	C	P
0	0.04041	0.06864	0.18998	0.03370	0.07969	0.05201	0.06378	0.12806	0.04733	0.07742	0.03696	0.01049	0.00742	0.03417	0.02397	0.04324	0.05171	0.00343	0.00247	0.00511
1	0.00744	0.02602	0.04761	0.54860	0.02080	0.03700	0.08341	0.02676	0.00824	0.01057	0.04846	0.05949	0.05045	0.00467	0.00393	0.00125	0.00475	0.00420	0.00207	0.00428
2	0.00822	0.00826	0.01214	0.06778	0.04504	0.05276	0.11820	0.00972	0.02062	0.00970	0.00658	0.00993	0.00599	0.02273	0.11787	0.01896	0.45586	0.00358	0.00181	0.00422
3	0.06778	0.27718	0.05130	0.00913	0.08752	0.07444	0.02851	0.18122	0.01010	0.03243	0.00838	0.00919	0.04820	0.00414	0.00374	0.00104	0.05342	0.00300	0.00237	0.04688
4	0.00969	0.07151	0.01255	0.15983	0.27231	0.14743	0.03164	0.06426	0.06221	0.01166	0.00832	0.05587	0.00733	0.04493	0.00462	0.00127	0.02368	0.00372	0.00219	0.00498
5	0.00566	0.00431	0.00619	0.00610	0.00679	0.00500	0.00470	0.00733	0.03966	0.00932	0.04940	0.01585	0.01091	0.07063	0.71063	0.00542	0.03215	0.00426	0.00221	0.00346
6	0.00541	0.00368	0.00449	0.00467	0.00485	0.00368	0.00297	0.00575	0.00625	0.00841	0.05206	0.16838	0.01665	0.55298	0.07733	0.02544	0.00380	0.04796	0.00262	0.00262
7	0.00529	0.00476	0.04440	0.00511	0.00633	0.00393	0.00413	0.03276	0.00887	0.01144	0.14852	0.19599	0.39183	0.01005	0.03327	0.00152	0.00263	0.08220	0.00348	0.00348
8	0.05836	0.00487	0.00556	0.00498	0.00650	0.00470	0.00386	0.06243	0.00940	0.19429	0.09775	0.10620	0.09856	0.00608	0.00356	0.00112	0.00237	0.00505	0.32007	0.00431
9	0.06820	0.09639	0.06655	0.08681	0.03898	0.11746	0.05256	0.10649	0.03472	0.03607	0.00816	0.05775	0.00698	0.00437	0.00388	0.00108	0.04547	0.01623	0.00239	0.14945

[dist]
# distance from previous block
# <min> <max>
0	3

[block]
# block no. 7 follows, 72 sequences, length 6
# corresponding to MSA columns:
# 419-424
name=unknown_H
#
# <colnr> <probs for GDERKNQSTAVLIFYWHMCP>
#	G	D	E	R	K	N	Q	S	T	A	V	L	I	F	Y	W	H	M	C	P
0	0.10905	0.05015	0.01182	0.00981	0.07016	0.04546	0.23009	0.04297	0.06517	0.01283	0.08082	0.13926	0.10474	0.00583	0.00402	0.00125	0.00396	0.00537	0.00276	0.00449
1	0.00505	0.00354	0.00450	0.00503	0.00537	0.00336	0.00343	0.00563	0.00717	0.00946	0.05267	0.47313	0.09001	0.18960	0.00833	0.04523	0.00263	0.07973	0.00320	0.00291
2	0.03079	0.04001	0.00996	0.03373	0.03597	0.04013	0.03321	0.15600	0.15273	0.01457	0.00909	0.02663	0.00743	0.00416	0.00375	0.00098	0.03756	0.02222	0.00276	0.33831
3	0.03399	0.00548	0.00738	0.11648	0.09948	0.00571	0.00549	0.03713	0.04491	0.04522	0.04075	0.08346	0.06158	0.25508	0.07076	0.00230	0.00404	0.04059	0.00266	0.03750
4	0.07281	0.24379	0.23859	0.02712	0.03019	0.04291	0.03525	0.05306	0.04978	0.04949	0.00835	0.04113	0.01867	0.00422	0.00351	0.00110	0.02330	0.01604	0.00221	0.03851
5	0.00588	0.04259	0.03192	0.00575	0.02331	0.00453	0.03526	0.00738	0.02468	0.04202	0.16780	0.20136	0.35246	0.00869	0.00441	0.00130	0.00250	0.03102	0.00345	0.00370

[dist]
# distance from previous block
# <min> <max>
0	3

[block]
# block no. 8 follows, 72 sequences, length 34
# corresponding to MSA columns:
# 428-461
name=unknown_I
#
# <colnr> <probs for GDERKNQSTAVLIFYWHMCP>
#	G	D	E	R	K	N	Q	S	T	A	V	L	I	F	Y	W	H	M	C	P
0	0.00815	0.00751	0.01197	0.56887	0.17107	0.03944	0.03550	0.01051	0.00824	0.04230	0.05428	0.01100	0.00714	0.00396	0.00383	0.00122	0.00481	0.00359	0.00199	0.00462
1	0.00854	0.11833	0.51572	0.01088	0.07981	0.02424	0.05015	0.01201	0.02441	0.05246	0.00816	0.06396	0.00663	0.00415	0.00361	0.00117	0.00500	0.00342	0.00197	0.00539
2	0.01029	0.06708	0.11996	0.02849	0.13070	0.02716	0.19688	0.09665	0.05066	0.13064	0.02057	0.06984	0.02451	0.00453	0.00392	0.00120	0.00458	0.00420	0.00270	0.00543
3	0.00481	0.00359	0.00443	0.00503	0.00553	0.00333	0.00347	0.00576	0.02566	0.00987	0.02397	0.58881	0.19788	0.05952	0.00558	0.00161	0.00229	0.04226	0.00346	0.00314
4	0.05683	0.00799	0.03367	0.06050	0.11264	0.08635	0.12545	0.00971	0.00785	0.02960	0.01067	0.15796	0.01076	0.04975	0.02645	0.03532	0.09548	0.07647	0.00237	0.00419
5	0.00647	0.00425	0.00536	0.00535	0.00641	0.00405	0.02696	0.00795	0.01876	0.06140	0.03548	0.17657	0.22206	0.00834	0.00436	0.00133	0.01789	0.17023	0.21317	0.00362
6	0.06365	0.19788	0.08312	0.04445	0.05951	0.28242	0.02430	0.04875	0.08221	0.04237	0.00770	0.03366	0.00634	0.00407	0.00333	0.00106	0.00496	0.00300	0.00226	0.00495
7	0.01376	0.01729	0.01095	0.01048	0.05867	0.78037	0.00753	0.01509	0.03366	0.00964	0.00620	0.00719	0.00514	0.00391	0.00345	0.00099	0.00660	0.00255	0.00200	0.00453
8	0.00733	0.00604	0.00763	0.03835	0.01763	0.04559	0.06257	0.03012	0.09988	0.04600	0.16655	0.19437	0.08253	0.03998	0.00484	0.00136	0.00313	0.06691	0.00331	0.07588
9	0.00607	0.00437	0.00591	0.00576	0.00640	0.00505	0.00443	0.00756	0.02435	0.01019	0.04217	0.03463	0.01084	0.07931	0.48333	0.00412	0.08186	0.00426	0.17593	0.00346
10	0.03996	0.00852	0.00924	0.00767	0.01018	0.00939	0.00615	0.28434	0.39222	0.13843	0.01286	0.01207	0.00928	0.00481	0.00374	0.00120	0.00337	0.00384	0.03668	0.00606
11	0.80529	0.00741	0.00587	0.00517	0.00751	0.00854	0.00425	0.06356	0.00724	0.01735	0.00578	0.00664	0.00446	0.00362	0.00245	0.00116	0.00297	0.00219	0.03429	0.00424
12	0.00559	0.00427	0.00622	0.00612	0.00670	0.00503	0.00470	0.00678	0.00602	0.00868	0.01004	0.01549	0.00965	0.10894	0.72309	0.00561	0.05756	0.00416	0.00204	0.00332
13	0.00521	0.00408	0.00469	0.00461	0.00569	0.00371	0.00344	0.02456	0.03425	0.01244	0.32161	0.12863	0.40283	0.00898	0.00450	0.00128	0.00201	0.02022	0.00377	0.00348
14	0.00527	0.00384	0.00532	0.00549	0.00598	0.00416	0.00399	0.00624	0.00641	0.00890	0.03030	0.17561	0.03884	0.18420	0.48211	0.00449	0.00694	0.01635	0.00247	0.00312
15	0.00494	0.00366	0.00461	0.00479	0.00551	0.00333	0.00344	0.00618	0.00912	0.01235	0.40586	0.33102	0.17207	0.00956	0.00461	0.00133	0.00196	0.00847	0.00383	0.00333
16	0.00506	0.00374	0.00472	0.00473	0.00554	0.00341	0.00345	0.00646	0.00963	0.01318	0.52864	0.21287	0.16663	0.00896	0.00456	0.00128	0.00190	0.00791	0.00392	0.00341
17	0.01014	0.86900	0.01987	0.00649	0.00973	0.01501	0.00649	0.01136	0.00771	0.00892	0.00527	0.00608	0.00487	0.00324	0.00243	0.00081	0.00406	0.00203	0.00162	0.00487
18	0.02065	0.05442	0.09342	0.05793	0.08188	0.06928	0.08948	0.13340	0.00951	0.03005	0.00707	0.00859	0.00561	0.00401	0.00452	0.02049	0.08269	0.00301	0.00225	0.22174
19	0.01049	0.14200	0.22327	0.01054	0.03999	0.15541	0.13510	0.10984	0.02781	0.03962	0.00779	0.00980	0.00623	0.00409	0.00388	0.00114	0.02812	0.03743	0.00221	0.00523
20	0.29552	0.00521	0.00563	0.00538	0.00674	0.00549	0.02948	0.01941	0.00743	0.06028	0.01271	0.27809	0.01282	0.03038	0.04288	0.00154	0.00301	0.01968	0.15451	0.00379
21	0.00882	0.00845	0.01431	0.22097	0.62155	0.00896	0.01127	0.01109	0.00829	0.01164	0.00697	0.00952	0.00575	0.00358	0.00405	0.00118	0.03288	0.00338	0.00182	0.00552
22	0.00457	0.00383	0.00397	0.00397	0.00518	0.00323	0.00296	0.00560	0.00880	0.01069	0.11304	0.05871	0.74346	0.00949	0.00449	0.00128	0.00192	0.00797	0.00358	0.00323
23	0.00716	0.00674	0.01138	0.85760	0.02612	0.00843	0.01053	0.00969	0.00758	0.00969	0.00674	0.01011	0.00506	0.00379	0.00379	0.00126	0.00506	0.00337	0.00169	0.00421
24	0.00652	0.00333	0.00497	0.00497	0.00499	0.00336	0.00333	0.00502	0.00500	0.00669	0.00683	0.01192	0.00684	0.03046	0.04669	0.83876	0.00356	0.00337	0.00167	0.00173
25	0.01210	0.00540	0.00731	0.00641	0.00839	0.00483	0.00523	0.01352	0.00985	0.48926	0.06084	0.10844	0.04317	0.02122	0.00455	0.00138	0.00307	0.18570	0.00420	0.00512
26	0.17720	0.00708	0.00785	0.00656	0.00897	0.00739	0.00528	0.06256	0.24722	0.33045	0.03886	0.01235	0.00972	0.00468	0.00350	0.00119	0.00303	0.00368	0.05681	0.00562
27	0.04354	0.00687	0.00723	0.00597	0.00793	0.00737	0.00480	0.36469	0.01230	0.05423	0.01081	0.01161	0.00808	0.00446	0.00318	0.00102	0.00291	0.00344	0.43462	0.00494
28	0.89350	0.00733	0.00557	0.00499	0.00733	0.00851	0.00411	0.01115	0.00645	0.01702	0.00528	0.00616	0.00411	0.00352	0.00235	0.00117	0.00293	0.00205	0.00235	0.00411
29	0.14179	0.07838	0.05763	0.02379	0.02582	0.10201	0.02802	0.04305	0.00819	0.06451	0.01880	0.05909	0.00806	0.02808	0.15049	0.01957	0.00506	0.01588	0.00240	0.11937
30	0.01366	0.00652	0.00834	0.00642	0.00925	0.00564	0.00522	0.06789	0.01050	0.52820	0.05105	0.03162	0.03580	0.00472	0.00367	0.00105	0.00307	0.00387	0.00401	0.19951
31	0.03333	0.22991	0.09906	0.01962	0.01096	0.10275	0.01566	0.11426	0.26011	0.01351	0.00997	0.05779	0.00822	0.00459	0.00343	0.00112	0.00412	0.00355	0.00273	0.00530
32	0.00990	0.13287	0.23900	0.00984	0.07287	0.00890	0.08078	0.05070	0.04355	0.12563	0.02645	0.00944	0.00677	0.00382	0.00375	0.00106	0.03094	0.00313	0.00242	0.13816
33	0.06331	0.13019	0.23707	0.04245	0.21470	0.02067	0.02632	0.05646	0.04107	0.07187	0.00779	0.01885	0.00605	0.00375	0.00344	0.00110	0.00446	0.00307	0.00221	0.04518

[dist]
# distance from previous block
# <min> <max>
0	6

[block]
# block no. 9 follows, 72 sequences, length 8
# corresponding to MSA columns:
# 468-475
name=unknown_J
#
# <colnr> <probs for GDERKNQSTAVLIFYWHMCP>
#	G	D	E	R	K	N	Q	S	T	A	V	L	I	F	Y	W	H	M	C	P
0	0.00500	0.00356	0.00472	0.00540	0.00578	0.00337	0.00383	0.00591	0.00778	0.01044	0.11919	0.58244	0.02511	0.06970	0.00585	0.00168	0.00245	0.13114	0.00351	0.00315
1	0.00799	0.00540	0.00855	0.02398	0.00863	0.00554	0.12481	0.03947	0.07052	0.05835	0.00868	0.03483	0.00782	0.04925	0.03194	0.47472	0.03021	0.00390	0.00221	0.00319
2	0.01044	0.01026	0.01353	0.11703	0.49653	0.13452	0.01015	0.11106	0.03637	0.01311	0.00740	0.00921	0.00596	0.00370	0.00372	0.00113	0.00483	0.00327	0.00216	0.00561
3	0.00875	0.00606	0.00630	0.00572	0.00711	0.04441	0.00433	0.12720	0.13261	0.05926	0.08956	0.11783	0.01387	0.07472	0.00485	0.00133	0.00281	0.00493	0.28396	0.00436
4	0.00651	0.00439	0.00552	0.00528	0.00630	0.00417	0.00392	0.07056	0.01020	0.06425	0.45211	0.25865	0.07627	0.00858	0.00448	0.00129	0.00218	0.00757	0.00396	0.00381
5	0.03788	0.07483	0.06132	0.27455	0.21463	0.04246	0.02999	0.05300	0.00892	0.02805	0.10763	0.01140	0.00910	0.00423	0.00393	0.00117	0.02618	0.00361	0.00223	0.00488
6	0.49518	0.00784	0.02069	0.03402	0.00932	0.00856	0.02339	0.15669	0.02287	0.09021	0.00871	0.04776	0.02881	0.00447	0.00331	0.00121	0.02619	0.00319	0.00286	0.00474
7	0.00573	0.07075	0.00697	0.00732	0.10694	0.00481	0.00468	0.00684	0.00817	0.01092	0.15586	0.47552	0.10266	0.00928	0.00443	0.00135	0.00253	0.00829	0.00328	0.00367

[dist]
# distance from previous block
# <min> <max>
0	118

# created by:
# /st0/software/busco_prod/Augustus/scripts/msa2prfl.pl ./align_prep/24318.fa
