[name]
unknown

[dist]
# distance from previous block
# <min> <max>
0	7

[block]
# block no. 0 follows, 71 sequences, length 11
# corresponding to MSA columns:
# 12-22
name=unknown_A
#
# <colnr> <probs for GDERKNQSTAVLIFYWHMCP>
#	G	D	E	R	K	N	Q	S	T	A	V	L	I	F	Y	W	H	M	C	P
0	0.00621	0.00495	0.00696	0.00683	0.02462	0.00478	0.07436	0.06238	0.02509	0.01127	0.01996	0.40284	0.12820	0.08557	0.00600	0.00165	0.00304	0.10056	0.00327	0.02146
1	0.00598	0.00397	0.00496	0.00488	0.00570	0.00410	0.00366	0.00772	0.03128	0.01220	0.21275	0.03921	0.06522	0.06676	0.26295	0.00280	0.00456	0.00512	0.25268	0.00350
2	0.01025	0.86756	0.02009	0.00656	0.00984	0.01517	0.00656	0.01148	0.00779	0.00902	0.00533	0.00615	0.00492	0.00328	0.00246	0.00082	0.00410	0.00205	0.00164	0.00492
3	0.00470	0.00339	0.00446	0.00526	0.00555	0.00314	0.00354	0.00543	0.00756	0.01007	0.05963	0.79101	0.05861	0.01173	0.00486	0.00153	0.00219	0.01060	0.00359	0.00314
4	0.01389	0.01738	0.01042	0.00950	0.01141	0.79852	0.00712	0.01492	0.01069	0.00968	0.00633	0.00736	0.00524	0.00398	0.00341	0.00098	0.00660	0.00254	0.05563	0.00439
5	0.00514	0.00391	0.00473	0.00453	0.00555	0.00350	0.00339	0.00668	0.01018	0.01378	0.58500	0.03126	0.29149	0.00843	0.00453	0.00123	0.00185	0.00730	0.00401	0.00350
6	0.00817	0.00707	0.03577	0.01901	0.03414	0.00564	0.02573	0.02148	0.02777	0.04548	0.06189	0.04945	0.00894	0.00393	0.00342	0.00080	0.01955	0.00328	0.02604	0.59247
7	0.00648	0.00341	0.00495	0.00495	0.00498	0.00344	0.00327	0.00515	0.00512	0.00685	0.00748	0.01344	0.00768	0.11784	0.05239	0.74168	0.00368	0.00364	0.00176	0.00182
8	0.00795	0.00681	0.00795	0.00568	0.00909	0.00511	0.00454	0.00965	0.00795	0.01249	0.00681	0.00795	0.00568	0.00284	0.00284	0.00057	0.00284	0.00227	0.00227	0.88869
9	0.00892	0.00794	0.01397	0.03396	0.11503	0.00783	0.31134	0.07582	0.04066	0.05693	0.20327	0.01531	0.02954	0.00486	0.00442	0.00123	0.02410	0.00480	0.03507	0.00499
10	0.02929	0.07821	0.12816	0.03261	0.16598	0.12245	0.03623	0.14244	0.07174	0.08226	0.00979	0.04745	0.02761	0.00448	0.00371	0.00115	0.00460	0.00366	0.00266	0.00550

[dist]
# distance from previous block
# <min> <max>
3	13

[block]
# block no. 1 follows, 71 sequences, length 28
# corresponding to MSA columns:
# 36-63
name=unknown_B
#
# <colnr> <probs for GDERKNQSTAVLIFYWHMCP>
#	G	D	E	R	K	N	Q	S	T	A	V	L	I	F	Y	W	H	M	C	P
0	0.07799	0.04889	0.10552	0.01104	0.09849	0.02971	0.17884	0.12109	0.04743	0.15253	0.04381	0.04964	0.00866	0.00445	0.00385	0.00120	0.00445	0.00400	0.00289	0.00550
1	0.00966	0.15609	0.13415	0.01231	0.05771	0.02149	0.34960	0.05165	0.04296	0.04249	0.00770	0.00925	0.00591	0.00360	0.00407	0.00115	0.03064	0.00354	0.00213	0.05391
2	0.00506	0.00415	0.01600	0.00505	0.00604	0.00363	0.01749	0.00630	0.02370	0.01092	0.12314	0.27534	0.38669	0.01005	0.00495	0.02534	0.00231	0.06697	0.00354	0.00334
3	0.01067	0.11086	0.04421	0.01706	0.06251	0.09059	0.04686	0.10052	0.18345	0.10097	0.05942	0.02506	0.04177	0.00482	0.00402	0.00114	0.03525	0.00387	0.00303	0.05393
4	0.04863	0.08886	0.14002	0.08055	0.11475	0.15162	0.09159	0.11872	0.08240	0.01338	0.01609	0.02204	0.00655	0.00403	0.00365	0.00115	0.00501	0.00333	0.00233	0.00530
5	0.00551	0.00364	0.00480	0.00525	0.00573	0.00338	0.00361	0.00641	0.00812	0.05348	0.18116	0.60892	0.02604	0.05803	0.00558	0.00159	0.00228	0.00947	0.00368	0.00334
6	0.00838	0.00879	0.08552	0.15075	0.42838	0.00821	0.02235	0.02532	0.04434	0.01191	0.02266	0.02747	0.01780	0.06231	0.03718	0.00155	0.01162	0.00385	0.01640	0.00521
7	0.01172	0.02543	0.03816	0.10845	0.08529	0.28628	0.05881	0.07224	0.02540	0.13143	0.04330	0.06957	0.00871	0.00476	0.00392	0.00116	0.01379	0.00388	0.00269	0.00501
8	0.00855	0.00721	0.00788	0.02023	0.00921	0.00794	0.01772	0.08307	0.50525	0.01531	0.08094	0.01961	0.18827	0.00625	0.00408	0.00128	0.00289	0.00524	0.00378	0.00528
9	0.00468	0.00357	0.00431	0.00479	0.00544	0.00320	0.00334	0.00555	0.00811	0.01044	0.09334	0.50775	0.30993	0.01087	0.00474	0.00144	0.00209	0.00960	0.00361	0.00320
10	0.01855	0.02996	0.05890	0.00752	0.04311	0.02438	0.01333	0.11858	0.04813	0.20253	0.09467	0.13691	0.08511	0.00679	0.01516	0.00132	0.03311	0.02108	0.03590	0.00498
11	0.00833	0.00679	0.00741	0.00691	0.00863	0.00754	0.00534	0.01579	0.54878	0.03390	0.04842	0.07679	0.08802	0.05062	0.00495	0.00147	0.00292	0.06846	0.00377	0.00515
12	0.00637	0.00507	0.00540	0.00589	0.00647	0.08328	0.00409	0.02851	0.00811	0.04287	0.01901	0.71247	0.02206	0.01065	0.00465	0.00147	0.00275	0.00951	0.01789	0.00347
13	0.01567	0.02127	0.19254	0.00929	0.02225	0.00823	0.09501	0.02888	0.00746	0.01848	0.01062	0.03592	0.08007	0.03382	0.16884	0.00237	0.23043	0.00417	0.01028	0.00441
14	0.02654	0.01234	0.29031	0.00925	0.01282	0.02871	0.05988	0.12651	0.20995	0.11376	0.03247	0.03200	0.00886	0.00466	0.00386	0.00124	0.00437	0.01370	0.00303	0.00575
15	0.00482	0.00342	0.00449	0.00527	0.00551	0.00322	0.00353	0.00548	0.00731	0.00976	0.03966	0.74204	0.02448	0.08946	0.00623	0.00175	0.00239	0.03466	0.00346	0.00307
16	0.76589	0.02384	0.00675	0.00618	0.04007	0.06029	0.00477	0.03259	0.00720	0.01657	0.00555	0.00647	0.00435	0.00360	0.00253	0.00116	0.00332	0.00219	0.00235	0.00432
17	0.00542	0.00407	0.00588	0.00586	0.00657	0.00458	0.00451	0.00673	0.00656	0.00930	0.05902	0.01761	0.06321	0.06075	0.71522	0.00548	0.00900	0.00458	0.00228	0.00338
18	0.00971	0.00846	0.00938	0.06484	0.05373	0.02773	0.00674	0.07106	0.64611	0.01565	0.01384	0.01332	0.01044	0.00554	0.02491	0.00140	0.00359	0.00412	0.00356	0.00588
19	0.00873	0.00792	0.01144	0.01006	0.04048	0.01028	0.05285	0.01041	0.05205	0.05283	0.00703	0.00981	0.00622	0.00766	0.06868	0.00187	0.59530	0.00356	0.03836	0.00446
20	0.00565	0.00463	0.00656	0.00575	0.00711	0.00418	0.08916	0.00735	0.01950	0.02378	0.40314	0.07071	0.32150	0.00817	0.00453	0.00127	0.00240	0.00723	0.00372	0.00368
21	0.01628	0.00632	0.00860	0.00666	0.00947	0.00548	0.00548	0.01779	0.01096	0.77884	0.07993	0.01428	0.01159	0.00499	0.00391	0.00119	0.00315	0.00410	0.00470	0.00630
22	0.00472	0.00361	0.00432	0.00477	0.00540	0.00329	0.00331	0.00550	0.00768	0.00980	0.02652	0.45851	0.32496	0.06530	0.05211	0.00185	0.00266	0.00916	0.00340	0.00313
23	0.01410	0.06494	0.01137	0.00970	0.01174	0.80399	0.00736	0.01510	0.01070	0.00936	0.00589	0.00687	0.00494	0.00391	0.00340	0.00098	0.00676	0.00245	0.00196	0.00447
24	0.00584	0.00407	0.00510	0.00563	0.05597	0.00414	0.00327	0.00627	0.00605	0.00838	0.01200	0.06042	0.01325	0.63030	0.11554	0.00361	0.00438	0.00541	0.04761	0.00278
25	0.00863	0.00904	0.10714	0.03970	0.01875	0.00838	0.10038	0.07574	0.35742	0.01424	0.02826	0.01567	0.10240	0.04094	0.01822	0.00145	0.01748	0.00455	0.02636	0.00524
26	0.00549	0.00399	0.00490	0.00486	0.00588	0.00358	0.00357	0.00672	0.00896	0.03982	0.28599	0.24262	0.26474	0.01019	0.04782	0.00154	0.00249	0.00782	0.00367	0.04535
27	0.01142	0.11482	0.04166	0.04986	0.05477	0.21287	0.07775	0.18535	0.05714	0.03287	0.02541	0.01013	0.03812	0.00424	0.00369	0.00108	0.01300	0.00334	0.00259	0.05990

[dist]
# distance from previous block
# <min> <max>
8	18

[block]
# block no. 2 follows, 71 sequences, length 7
# corresponding to MSA columns:
# 96-102
name=unknown_C
#
# <colnr> <probs for GDERKNQSTAVLIFYWHMCP>
#	G	D	E	R	K	N	Q	S	T	A	V	L	I	F	Y	W	H	M	C	P
0	0.09859	0.01415	0.00958	0.00853	0.01059	0.52222	0.00653	0.10760	0.08275	0.01286	0.00769	0.00843	0.00608	0.00414	0.00336	0.00104	0.00542	0.00281	0.08293	0.00472
1	0.00879	0.00853	0.01066	0.00835	0.04691	0.08801	0.12255	0.01067	0.00842	0.01216	0.00688	0.00826	0.00564	0.00303	0.00318	0.00074	0.00383	0.00266	0.00218	0.63854
2	0.00608	0.00532	0.00710	0.00762	0.10032	0.00503	0.05328	0.00842	0.08910	0.01172	0.08532	0.05029	0.45383	0.00820	0.00448	0.00133	0.00277	0.09242	0.00336	0.00400
3	0.01008	0.16655	0.05558	0.03156	0.10790	0.17793	0.14900	0.03153	0.00906	0.01137	0.00710	0.00930	0.00599	0.00365	0.00347	0.00099	0.00496	0.03054	0.00203	0.18142
4	0.00633	0.05004	0.03411	0.00723	0.02523	0.03915	0.13286	0.00787	0.00880	0.01115	0.11862	0.14053	0.33743	0.02382	0.00470	0.00134	0.00325	0.04062	0.00311	0.00383
5	0.04100	0.17921	0.09525	0.01152	0.12236	0.05117	0.15881	0.14091	0.05891	0.07601	0.00818	0.00910	0.00621	0.00379	0.00359	0.00111	0.00471	0.00328	0.00249	0.02241
6	0.00888	0.09100	0.20362	0.02615	0.02785	0.12138	0.08505	0.04717	0.03654	0.02745	0.05098	0.10230	0.05208	0.00576	0.01557	0.01357	0.02283	0.01921	0.00244	0.04016

[dist]
# distance from previous block
# <min> <max>
4	26

[block]
# block no. 3 follows, 71 sequences, length 25
# corresponding to MSA columns:
# 137-154,158-164
name=unknown_D
#
# <colnr> <probs for GDERKNQSTAVLIFYWHMCP>
#	G	D	E	R	K	N	Q	S	T	A	V	L	I	F	Y	W	H	M	C	P
0	0.03518	0.08936	0.04647	0.02440	0.05415	0.04891	0.01727	0.05604	0.23782	0.05399	0.00959	0.00992	0.00740	0.00388	0.00334	0.00097	0.00361	0.00310	0.00279	0.29180
1	0.25495	0.05282	0.03037	0.22643	0.11688	0.06105	0.05075	0.05132	0.06420	0.01345	0.00828	0.00978	0.03660	0.00400	0.00339	0.00119	0.00429	0.00320	0.00226	0.00477
2	0.00518	0.00382	0.00523	0.00557	0.00622	0.00350	0.03430	0.00611	0.00794	0.02942	0.06502	0.61102	0.15576	0.01089	0.00479	0.00149	0.00238	0.03449	0.00356	0.00333
3	0.00931	0.00886	0.01404	0.14999	0.59384	0.03042	0.01082	0.04063	0.04401	0.01246	0.00783	0.02966	0.00658	0.00388	0.00400	0.00118	0.02116	0.00360	0.00206	0.00566
4	0.00475	0.00356	0.00428	0.00477	0.00531	0.00323	0.00324	0.00548	0.00769	0.00990	0.05434	0.50192	0.26390	0.10142	0.00632	0.00170	0.00228	0.00937	0.00345	0.00308
5	0.00545	0.00385	0.00506	0.00514	0.00546	0.00413	0.00350	0.00610	0.00599	0.00828	0.01213	0.09778	0.01311	0.42596	0.37645	0.00457	0.00641	0.00543	0.00232	0.00287
6	0.01146	0.00900	0.01015	0.00943	0.08259	0.01004	0.00692	0.26842	0.47154	0.05838	0.01288	0.01226	0.00951	0.00484	0.00387	0.00123	0.00354	0.00396	0.00375	0.00623
7	0.00724	0.00681	0.01150	0.85604	0.02641	0.00852	0.01065	0.00980	0.00767	0.00980	0.00681	0.01022	0.00511	0.00383	0.00383	0.00128	0.00511	0.00341	0.00170	0.00426
8	0.00494	0.00374	0.00436	0.00450	0.00540	0.00333	0.00326	0.00611	0.00894	0.01180	0.25648	0.24464	0.36700	0.00952	0.00453	0.00132	0.00197	0.00827	0.04656	0.00333
9	0.00954	0.00824	0.00867	0.00780	0.00997	0.00954	0.00607	0.02037	0.83441	0.01604	0.01561	0.01431	0.01170	0.00520	0.00390	0.00130	0.00303	0.00433	0.00390	0.00607
10	0.00485	0.00363	0.00447	0.00481	0.00547	0.00329	0.00338	0.00587	0.00854	0.01129	0.23396	0.41743	0.23429	0.03407	0.00511	0.00146	0.00209	0.00903	0.00369	0.00325
11	0.00597	0.00648	0.10633	0.02919	0.01959	0.02096	0.00521	0.03802	0.00967	0.01280	0.30532	0.07369	0.31792	0.00793	0.00438	0.00127	0.00270	0.02524	0.00346	0.00387
12	0.00541	0.00397	0.00467	0.00460	0.00571	0.00351	0.00348	0.00671	0.00945	0.04309	0.31735	0.10303	0.41703	0.00910	0.00457	0.00130	0.00205	0.04762	0.00384	0.00350
13	0.01112	0.42649	0.17445	0.00821	0.01166	0.15867	0.00817	0.08276	0.03002	0.04651	0.00673	0.00741	0.00541	0.00369	0.00307	0.00098	0.00484	0.00253	0.00207	0.00521
14	0.04667	0.70652	0.14134	0.00714	0.01074	0.01397	0.00758	0.01157	0.00778	0.00982	0.00556	0.00644	0.00488	0.00335	0.00263	0.00089	0.00428	0.00217	0.00167	0.00500
15	0.00909	0.00690	0.00803	0.00611	0.00901	0.00591	0.00486	0.12602	0.02145	0.06517	0.06494	0.06479	0.00950	0.00419	0.00330	0.00081	0.00294	0.00345	0.01781	0.56570
16	0.01480	0.01086	0.01097	0.00861	0.01152	0.10210	0.00702	0.59662	0.03861	0.14504	0.00991	0.00967	0.00694	0.00457	0.00380	0.00114	0.00434	0.00343	0.00377	0.00628
17	0.00960	0.00981	0.01702	0.06686	0.40954	0.05248	0.27855	0.02672	0.00892	0.02366	0.00732	0.00966	0.00587	0.00363	0.00452	0.00122	0.05340	0.00373	0.00197	0.00550
18	0.23112	0.00618	0.00600	0.04091	0.00769	0.04764	0.00443	0.07434	0.01852	0.02604	0.03350	0.16839	0.09535	0.03026	0.00414	0.00129	0.01836	0.02021	0.16166	0.00396
19	0.11517	0.00907	0.01686	0.01236	0.01553	0.00881	0.52793	0.07577	0.00917	0.01351	0.03735	0.01158	0.00744	0.07809	0.00544	0.00144	0.00531	0.00423	0.00227	0.04267
20	0.19471	0.00994	0.00942	0.00776	0.01021	0.14444	0.02732	0.29758	0.02741	0.09367	0.04349	0.04145	0.00811	0.00533	0.02689	0.00129	0.01529	0.00350	0.00316	0.02904
21	0.00484	0.00355	0.00439	0.00487	0.00535	0.00327	0.00330	0.00563	0.00783	0.01031	0.12215	0.50957	0.18154	0.10709	0.00643	0.00171	0.00229	0.00928	0.00350	0.00311
22	0.03689	0.00866	0.00931	0.00778	0.03290	0.06037	0.00597	0.33174	0.05217	0.17673	0.01081	0.04086	0.00862	0.10808	0.00560	0.00142	0.00386	0.00387	0.00346	0.09088
23	0.00922	0.00863	0.01303	0.04937	0.56877	0.03963	0.00978	0.07967	0.00943	0.01285	0.01127	0.01297	0.10641	0.00556	0.04565	0.00141	0.00460	0.00398	0.00226	0.00551
24	0.00610	0.00480	0.00503	0.00520	0.00601	0.06409	0.00366	0.00696	0.00834	0.05073	0.10898	0.38413	0.23364	0.08701	0.00593	0.00159	0.00263	0.00833	0.00346	0.00339

[dist]
# distance from previous block
# <min> <max>
2	13

[block]
# block no. 4 follows, 71 sequences, length 21
# corresponding to MSA columns:
# 178-198
name=unknown_E
#
# <colnr> <probs for GDERKNQSTAVLIFYWHMCP>
#	G	D	E	R	K	N	Q	S	T	A	V	L	I	F	Y	W	H	M	C	P
0	0.03423	0.00696	0.00945	0.05139	0.04822	0.03180	0.04453	0.04045	0.00923	0.28771	0.08708	0.01400	0.04530	0.00728	0.07479	0.00167	0.14674	0.00412	0.05004	0.00500
1	0.00556	0.00377	0.00445	0.00445	0.00454	0.00386	0.00266	0.00575	0.00565	0.00763	0.01184	0.02374	0.01335	0.75241	0.13156	0.00405	0.00460	0.00538	0.00229	0.00247
2	0.01025	0.86756	0.02009	0.00656	0.00984	0.01517	0.00656	0.01148	0.00779	0.00902	0.00533	0.00615	0.00492	0.00328	0.00246	0.00082	0.00410	0.00205	0.00164	0.00492
3	0.00467	0.00374	0.00418	0.00439	0.00535	0.00325	0.00317	0.00565	0.00859	0.01077	0.12408	0.26462	0.52379	0.01014	0.00463	0.00136	0.00201	0.00874	0.00363	0.00325
4	0.00505	0.00383	0.00460	0.00455	0.00548	0.00344	0.00333	0.00639	0.00958	0.01281	0.45210	0.12694	0.30266	0.03590	0.00504	0.00135	0.00196	0.00773	0.00386	0.00339
5	0.01650	0.00766	0.00960	0.00736	0.01035	0.00732	0.00608	0.23683	0.01287	0.62316	0.01353	0.01201	0.00869	0.00471	0.00385	0.00118	0.00352	0.00375	0.00450	0.00652
6	0.00886	0.00472	0.00602	0.00530	0.00692	0.00416	0.00415	0.01035	0.01026	0.27010	0.35629	0.04515	0.21390	0.00749	0.00435	0.00124	0.00235	0.02977	0.00419	0.00441
7	0.00686	0.00727	0.06760	0.10407	0.04995	0.00645	0.24541	0.00897	0.00820	0.01108	0.01417	0.29801	0.02897	0.00729	0.00455	0.00142	0.00426	0.10552	0.01576	0.00420
8	0.00795	0.00681	0.00795	0.00568	0.00909	0.00511	0.00454	0.00965	0.00795	0.01249	0.00681	0.00795	0.00568	0.00284	0.00284	0.00057	0.00284	0.00227	0.00227	0.88869
9	0.00666	0.00575	0.00667	0.06702	0.04662	0.03038	0.00507	0.01031	0.21328	0.01234	0.12488	0.18037	0.24042	0.00793	0.00435	0.00133	0.00278	0.02615	0.00347	0.00421
10	0.01339	0.01101	0.01078	0.00871	0.01144	0.10535	0.00702	0.55142	0.20501	0.02064	0.01031	0.01012	0.00754	0.00467	0.00381	0.00117	0.00425	0.00354	0.00364	0.00618
11	0.00775	0.01888	0.77678	0.01086	0.01636	0.00875	0.04201	0.01203	0.00812	0.01216	0.00691	0.00817	0.00493	0.00359	0.00364	0.00119	0.00556	0.00287	0.00166	0.04779
12	0.00938	0.00920	0.01472	0.14908	0.67822	0.04915	0.01139	0.01164	0.00867	0.01196	0.00709	0.00948	0.00587	0.00351	0.00379	0.00115	0.00475	0.00337	0.00187	0.00572
13	0.34749	0.00669	0.00720	0.00600	0.00844	0.00679	0.00490	0.04305	0.02790	0.36670	0.06731	0.03139	0.03161	0.00494	0.00341	0.00121	0.00303	0.02307	0.00367	0.00519
14	0.00485	0.00346	0.00448	0.00511	0.00541	0.00324	0.00341	0.00558	0.00757	0.01015	0.10998	0.65192	0.04938	0.10852	0.00651	0.00176	0.00234	0.00978	0.00349	0.00308
15	0.00937	0.00807	0.01330	0.01045	0.01304	0.00812	0.31545	0.05449	0.24277	0.08820	0.01379	0.13434	0.03107	0.00565	0.00433	0.00133	0.00428	0.03358	0.00316	0.00522
16	0.00675	0.00497	0.00573	0.00592	0.00669	0.04543	0.00426	0.07509	0.00885	0.04969	0.09279	0.52955	0.02193	0.05407	0.02558	0.00168	0.00296	0.05089	0.00352	0.00365
17	0.01360	0.00654	0.00813	0.00662	0.00904	0.00624	0.00532	0.10868	0.09246	0.48787	0.03548	0.07792	0.05279	0.00562	0.00390	0.00121	0.00307	0.00465	0.06505	0.00579
18	0.00820	0.00602	0.00658	0.00598	0.00769	0.00638	0.00462	0.01394	0.38568	0.07408	0.14495	0.02070	0.17271	0.00633	0.00395	0.00122	0.00249	0.00531	0.11828	0.00487
19	0.04775	0.00871	0.00879	0.00761	0.00980	0.07364	0.00600	0.22815	0.31420	0.08400	0.02885	0.09719	0.03335	0.00584	0.00395	0.00126	0.00354	0.02813	0.00369	0.00554
20	0.07430	0.01576	0.01066	0.00934	0.01150	0.60285	0.00719	0.17456	0.01183	0.01282	0.00650	0.00736	0.00520	0.00413	0.00373	0.00105	0.03136	0.00266	0.00236	0.00483

[dist]
# distance from previous block
# <min> <max>
0	7

[block]
# block no. 5 follows, 71 sequences, length 15
# corresponding to MSA columns:
# 206,207,209-221
name=unknown_F
#
# <colnr> <probs for GDERKNQSTAVLIFYWHMCP>
#	G	D	E	R	K	N	Q	S	T	A	V	L	I	F	Y	W	H	M	C	P
0	0.02788	0.00408	0.00505	0.00551	0.00614	0.00397	0.00383	0.00735	0.07656	0.03771	0.03578	0.62978	0.04838	0.05290	0.00539	0.00159	0.00244	0.02379	0.00353	0.01835
1	0.01021	0.51893	0.23350	0.00813	0.01190	0.08844	0.00866	0.06123	0.00876	0.01078	0.00602	0.00691	0.00500	0.00351	0.00294	0.00096	0.00477	0.00238	0.00180	0.00517
2	0.00505	0.00390	0.00431	0.00427	0.00541	0.00342	0.00324	0.00634	0.00927	0.01207	0.25556	0.03328	0.52057	0.00885	0.00443	0.00126	0.00197	0.04508	0.06835	0.00338
3	0.01025	0.86756	0.02009	0.00656	0.00984	0.01517	0.00656	0.01148	0.00779	0.00902	0.00533	0.00615	0.00492	0.00328	0.00246	0.00082	0.00410	0.00205	0.00164	0.00492
4	0.00474	0.00363	0.00436	0.00485	0.00555	0.00325	0.00345	0.00564	0.00814	0.01041	0.07609	0.46668	0.32785	0.01084	0.00476	0.00145	0.00216	0.04933	0.00360	0.00321
5	0.00470	0.00366	0.00427	0.00461	0.00541	0.00323	0.00327	0.00565	0.00842	0.01075	0.13207	0.37926	0.40015	0.01043	0.00468	0.00139	0.00204	0.00911	0.00364	0.00323
6	0.01233	0.00963	0.01024	0.00837	0.01104	0.01084	0.00675	0.46897	0.38125	0.02055	0.01205	0.01147	0.00883	0.00487	0.00386	0.00122	0.00369	0.00384	0.00386	0.00632
7	0.00535	0.00368	0.00431	0.00451	0.00468	0.00359	0.00277	0.00566	0.00639	0.00846	0.04392	0.19165	0.06310	0.59246	0.01483	0.00301	0.00325	0.03302	0.00274	0.00261
8	0.01110	0.29149	0.05144	0.02056	0.02673	0.26682	0.09431	0.02393	0.00905	0.03875	0.00656	0.00780	0.00544	0.00446	0.03117	0.00114	0.02742	0.00272	0.00198	0.07711
9	0.00536	0.00390	0.00551	0.00588	0.00640	0.00418	0.00442	0.00647	0.00680	0.00937	0.01481	0.25472	0.01605	0.09573	0.42664	0.00407	0.00654	0.11719	0.00270	0.00325
10	0.16119	0.08324	0.01073	0.01921	0.03993	0.07282	0.02215	0.25473	0.08418	0.17267	0.00963	0.02206	0.00708	0.00441	0.00363	0.00116	0.01899	0.00331	0.00326	0.00563
11	0.01124	0.02897	0.09161	0.03978	0.10564	0.20782	0.19305	0.15834	0.04979	0.02969	0.00807	0.02535	0.00634	0.00409	0.00406	0.00117	0.02365	0.00356	0.00241	0.00536
12	0.00745	0.00695	0.01180	0.56052	0.17217	0.00813	0.03307	0.00981	0.00769	0.01024	0.00740	0.01077	0.00594	0.00726	0.12324	0.00194	0.00578	0.00354	0.00180	0.00450
13	0.00483	0.00341	0.00440	0.00513	0.00531	0.00322	0.00334	0.00538	0.00702	0.00936	0.01950	0.71174	0.02330	0.16583	0.00753	0.00195	0.00249	0.00994	0.00334	0.00297
14	0.00958	0.00925	0.00873	0.00668	0.00979	0.16725	0.00526	0.06127	0.00913	0.01262	0.00679	0.00783	0.00559	0.00316	0.00302	0.00068	0.00370	0.00238	0.00231	0.66496

[dist]
# distance from previous block
# <min> <max>
0	1

[block]
# block no. 6 follows, 71 sequences, length 28
# corresponding to MSA columns:
# 223-250
name=unknown_G
#
# <colnr> <probs for GDERKNQSTAVLIFYWHMCP>
#	G	D	E	R	K	N	Q	S	T	A	V	L	I	F	Y	W	H	M	C	P
0	0.00812	0.00495	0.00560	0.00515	0.00615	0.00507	0.00364	0.03833	0.13173	0.10578	0.03933	0.01998	0.01293	0.38996	0.01069	0.00229	0.00313	0.02487	0.17845	0.00382
1	0.00571	0.00426	0.00547	0.00540	0.00568	0.00470	0.00376	0.00629	0.00613	0.00842	0.01321	0.08394	0.05614	0.43552	0.23471	0.00383	0.08590	0.02561	0.00238	0.00292
2	0.00483	0.00350	0.00462	0.00538	0.00575	0.00324	0.00369	0.00561	0.00753	0.01006	0.03831	0.76590	0.04451	0.01159	0.00485	0.00153	0.00229	0.04938	0.00354	0.02390
3	0.00936	0.00897	0.01532	0.07268	0.79322	0.00908	0.01170	0.01165	0.00867	0.01237	0.00719	0.00953	0.00602	0.00344	0.00380	0.00115	0.00459	0.00342	0.00189	0.00597
4	0.00813	0.00797	0.01126	0.00959	0.00978	0.01078	0.03118	0.00898	0.00598	0.00922	0.00582	0.01001	0.00591	0.08746	0.01279	0.00183	0.73431	0.00357	0.00176	0.02366
5	0.00946	0.00902	0.01516	0.05657	0.75813	0.00925	0.01150	0.02859	0.00877	0.01253	0.00715	0.00947	0.00600	0.00359	0.00414	0.00117	0.03823	0.00341	0.00192	0.00593
6	0.01048	0.00870	0.00914	0.00790	0.01019	0.05238	0.02317	0.12808	0.54551	0.05556	0.01465	0.02598	0.03523	0.00524	0.00389	0.00125	0.00342	0.01654	0.01668	0.02600
7	0.00529	0.00395	0.00470	0.00482	0.00585	0.00353	0.00368	0.00655	0.00917	0.03020	0.24323	0.14585	0.39211	0.00954	0.00467	0.00137	0.00219	0.11613	0.00376	0.00343
8	0.34043	0.00687	0.00538	0.00501	0.00657	0.10682	0.00391	0.01058	0.00777	0.01470	0.00888	0.01026	0.00702	0.00411	0.00286	0.00103	0.02000	0.00287	0.43101	0.00391
9	0.17341	0.00951	0.01035	0.00814	0.01099	0.03956	0.04801	0.43549	0.05151	0.14916	0.00970	0.02112	0.00696	0.00447	0.00361	0.00118	0.00397	0.00343	0.00355	0.00588
10	0.12185	0.00560	0.00656	0.00548	0.00759	0.00531	0.00440	0.02315	0.01946	0.40801	0.01483	0.03899	0.06342	0.00506	0.00341	0.00112	0.00270	0.00404	0.25395	0.00507
11	0.00606	0.00458	0.00534	0.00509	0.00630	0.00441	0.00383	0.00886	0.13318	0.03780	0.38427	0.09712	0.27210	0.00826	0.00444	0.00128	0.00211	0.00713	0.00394	0.00391
12	0.01067	0.11034	0.22829	0.10687	0.16164	0.12229	0.02893	0.05099	0.02074	0.11217	0.00787	0.00899	0.00587	0.00381	0.00359	0.00113	0.00502	0.00308	0.00225	0.00547
13	0.02275	0.00793	0.01329	0.40903	0.42111	0.00871	0.01091	0.01108	0.00828	0.04008	0.00727	0.00990	0.00571	0.00366	0.00379	0.00121	0.00474	0.00341	0.00191	0.00522
14	0.89233	0.00741	0.00564	0.00504	0.00741	0.00860	0.00415	0.01127	0.00653	0.01720	0.00534	0.00623	0.00415	0.00356	0.00237	0.00119	0.00297	0.00208	0.00237	0.00415
15	0.00498	0.00388	0.00454	0.00452	0.00556	0.00344	0.00340	0.00630	0.00948	0.01239	0.35913	0.09902	0.41382	0.00918	0.00459	0.00130	0.00198	0.04527	0.00383	0.00339
16	0.00877	0.00821	0.01374	0.04878	0.66996	0.00835	0.01045	0.01080	0.00832	0.01183	0.00837	0.04189	0.00769	0.05361	0.03511	0.00151	0.02062	0.02448	0.00202	0.00550
17	0.00524	0.00373	0.00438	0.00445	0.00487	0.00356	0.00288	0.00584	0.00728	0.00965	0.15864	0.14769	0.15959	0.43218	0.03154	0.00262	0.00303	0.00696	0.00303	0.00284
18	0.00769	0.01983	0.84538	0.01093	0.01659	0.00890	0.01417	0.01214	0.00810	0.01214	0.00688	0.00810	0.00486	0.00364	0.00364	0.00121	0.00567	0.00283	0.00162	0.00567
19	0.00463	0.00386	0.00402	0.00404	0.00522	0.00327	0.00299	0.00564	0.00879	0.01069	0.10354	0.07628	0.71872	0.02523	0.00482	0.00134	0.00198	0.00809	0.00359	0.00325
20	0.00827	0.00696	0.00706	0.00730	0.07658	0.12807	0.00501	0.03717	0.06782	0.03455	0.31395	0.07301	0.01941	0.00607	0.00386	0.00113	0.00302	0.00515	0.18074	0.01487
21	0.00548	0.00411	0.00616	0.00616	0.00685	0.00479	0.00479	0.00685	0.00616	0.00890	0.01027	0.01506	0.00959	0.02876	0.85006	0.00616	0.01027	0.00411	0.00205	0.00342
22	0.12310	0.02290	0.01007	0.00818	0.03900	0.03284	0.00647	0.40685	0.05335	0.22103	0.01034	0.01005	0.00720	0.00445	0.00360	0.00115	0.00380	0.00337	0.02621	0.00603
23	0.09195	0.12869	0.01129	0.00788	0.01024	0.09893	0.06440	0.10254	0.06075	0.07115	0.00838	0.02932	0.00691	0.00685	0.08889	0.01374	0.07278	0.00326	0.00254	0.11950
24	0.03917	0.00511	0.00641	0.00592	0.00743	0.00481	0.00454	0.03663	0.04280	0.27766	0.06403	0.27531	0.09000	0.05448	0.00517	0.00149	0.00281	0.06783	0.00389	0.00449
25	0.00502	0.00380	0.00454	0.00486	0.00553	0.00354	0.00338	0.00628	0.04169	0.01075	0.13798	0.40968	0.24626	0.09108	0.00608	0.00163	0.00226	0.00882	0.00355	0.00326
26	0.02765	0.04179	0.01097	0.27680	0.06541	0.08256	0.00801	0.21952	0.06631	0.09396	0.00903	0.01020	0.00665	0.00421	0.00365	0.00116	0.00440	0.00338	0.05907	0.00527
27	0.29805	0.28435	0.03284	0.00699	0.00974	0.07663	0.03930	0.06845	0.06310	0.03200	0.00811	0.00910	0.03436	0.00404	0.00297	0.00108	0.00392	0.01778	0.00239	0.00480

[dist]
# distance from previous block
# <min> <max>
0	28

[block]
# block no. 7 follows, 71 sequences, length 19
# corresponding to MSA columns:
# 291-309
name=unknown_H
#
# <colnr> <probs for GDERKNQSTAVLIFYWHMCP>
#	G	D	E	R	K	N	Q	S	T	A	V	L	I	F	Y	W	H	M	C	P
0	0.03563	0.00876	0.02785	0.03525	0.02821	0.10588	0.22604	0.08615	0.00939	0.02046	0.02921	0.18699	0.04900	0.01719	0.01961	0.00140	0.03407	0.03329	0.00267	0.04296
1	0.03912	0.00882	0.00982	0.00818	0.02737	0.06231	0.04289	0.29219	0.14309	0.17347	0.04067	0.03569	0.08841	0.00535	0.00393	0.00120	0.00375	0.00435	0.00371	0.00568
2	0.00830	0.00782	0.01184	0.67599	0.11878	0.06335	0.01039	0.01069	0.00811	0.03853	0.00709	0.01002	0.00536	0.00382	0.00381	0.00124	0.00510	0.00336	0.00185	0.00456
3	0.00917	0.00726	0.01159	0.31255	0.30165	0.00770	0.00925	0.03251	0.00884	0.11718	0.03544	0.06732	0.03678	0.00466	0.00392	0.00122	0.00422	0.00420	0.00248	0.02207
4	0.01025	0.01111	0.01555	0.02266	0.09700	0.18290	0.33516	0.06218	0.09287	0.01242	0.00888	0.03254	0.01903	0.00473	0.02127	0.00133	0.05870	0.00403	0.00230	0.00510
5	0.00641	0.00415	0.00481	0.00468	0.00505	0.00418	0.00295	0.03841	0.02835	0.03363	0.04398	0.09300	0.01469	0.59019	0.02517	0.04137	0.00347	0.00569	0.04694	0.00287
6	0.00500	0.00381	0.00424	0.00424	0.00503	0.00343	0.00292	0.00584	0.00816	0.01044	0.17998	0.08814	0.40443	0.24746	0.00872	0.00197	0.00243	0.00737	0.00334	0.00305
7	0.08972	0.01189	0.01107	0.00900	0.01159	0.26868	0.07979	0.29739	0.02730	0.08607	0.04514	0.01022	0.02612	0.00447	0.00370	0.00113	0.00488	0.00343	0.00305	0.00535
8	0.04839	0.01748	0.01069	0.00964	0.01168	0.77524	0.00728	0.05590	0.01106	0.01043	0.00607	0.00700	0.00499	0.00397	0.00343	0.00100	0.00663	0.00250	0.00208	0.00454
9	0.00866	0.00574	0.00646	0.00570	0.00725	0.03781	0.00442	0.08557	0.07091	0.13332	0.38618	0.04153	0.09189	0.00669	0.00411	0.00118	0.00254	0.00568	0.08991	0.00446
10	0.00885	0.00710	0.01077	0.11937	0.33984	0.00730	0.00822	0.06722	0.05046	0.08044	0.01292	0.21573	0.04320	0.00605	0.00411	0.00128	0.00376	0.00547	0.00280	0.00510
11	0.02935	0.01050	0.01614	0.01206	0.01527	0.07038	0.39608	0.27469	0.04793	0.04109	0.00912	0.04291	0.00707	0.00420	0.00415	0.00123	0.00529	0.00420	0.00279	0.00553
12	0.00500	0.00363	0.00472	0.00503	0.00562	0.00335	0.00355	0.00620	0.00899	0.01232	0.38856	0.44716	0.07154	0.01003	0.00471	0.00139	0.00202	0.00898	0.00386	0.00335
13	0.00475	0.00388	0.00412	0.00407	0.00522	0.00333	0.00300	0.00582	0.00893	0.01108	0.18073	0.03472	0.64670	0.06018	0.00542	0.00142	0.00202	0.00774	0.00361	0.00325
14	0.03691	0.00684	0.01130	0.82751	0.02577	0.00852	0.01043	0.00985	0.00763	0.01004	0.00677	0.01009	0.00508	0.00382	0.00378	0.00127	0.00504	0.00336	0.00173	0.00426
15	0.05480	0.00746	0.00898	0.00706	0.00982	0.00736	0.00578	0.20127	0.07703	0.50174	0.01321	0.01205	0.00877	0.00468	0.00371	0.00117	0.00335	0.00370	0.06186	0.00619
16	0.01310	0.00899	0.00974	0.00771	0.01033	0.00980	0.00629	0.55134	0.09472	0.08921	0.01084	0.01084	0.00780	0.00465	0.00366	0.00113	0.00363	0.00359	0.14661	0.00600
17	0.00724	0.00681	0.01150	0.85604	0.02641	0.00852	0.01065	0.00980	0.00767	0.00980	0.00681	0.01022	0.00511	0.00383	0.00383	0.00128	0.00511	0.00341	0.00170	0.00426
18	0.07638	0.01062	0.02268	0.00944	0.08166	0.15715	0.00703	0.35628	0.01275	0.07853	0.00897	0.03435	0.00701	0.01434	0.00423	0.00118	0.04714	0.00344	0.06134	0.00548

[dist]
# distance from previous block
# <min> <max>
0	2

[block]
# block no. 8 follows, 71 sequences, length 13
# corresponding to MSA columns:
# 312-324
name=unknown_I
#
# <colnr> <probs for GDERKNQSTAVLIFYWHMCP>
#	G	D	E	R	K	N	Q	S	T	A	V	L	I	F	Y	W	H	M	C	P
0	0.00866	0.00896	0.01273	0.56319	0.14202	0.12491	0.06421	0.01101	0.00835	0.01030	0.00681	0.00967	0.00527	0.00375	0.00382	0.00122	0.00537	0.00335	0.00178	0.00461
1	0.70507	0.00826	0.00661	0.00579	0.00819	0.05330	0.00471	0.07084	0.06256	0.03555	0.00654	0.00716	0.00498	0.00379	0.00267	0.00118	0.00328	0.00238	0.00261	0.00452
2	0.00513	0.00371	0.00452	0.00493	0.00567	0.00341	0.00363	0.00626	0.00843	0.01130	0.13689	0.35960	0.24035	0.01000	0.00460	0.00141	0.00221	0.10321	0.08146	0.00330
3	0.00504	0.00388	0.00460	0.00448	0.00550	0.00344	0.00334	0.00646	0.00985	0.01312	0.48357	0.07347	0.35183	0.00878	0.00454	0.00126	0.00188	0.00759	0.00393	0.00344
4	0.00515	0.00381	0.00435	0.00432	0.00528	0.00342	0.00315	0.00640	0.00910	0.01222	0.30935	0.10119	0.37106	0.05955	0.00528	0.00139	0.00201	0.00738	0.08226	0.00333
5	0.05031	0.01004	0.01092	0.00840	0.01143	0.01091	0.00694	0.68610	0.01661	0.13474	0.00985	0.00961	0.00683	0.00458	0.00378	0.00116	0.00404	0.00345	0.00390	0.00643
6	0.08233	0.01048	0.01105	0.00853	0.01154	0.01164	0.00705	0.76546	0.01714	0.02363	0.00891	0.00898	0.00634	0.00452	0.00372	0.00115	0.00412	0.00335	0.00372	0.00634
7	0.81377	0.00852	0.08021	0.00556	0.00823	0.00863	0.00504	0.01135	0.00666	0.01675	0.00548	0.00639	0.00421	0.00357	0.00249	0.00119	0.00321	0.00214	0.00231	0.00429
8	0.01481	0.00629	0.00810	0.00641	0.00896	0.00575	0.00523	0.06621	0.03777	0.60931	0.04699	0.01366	0.01049	0.00483	0.00371	0.00114	0.00303	0.00393	0.13743	0.00595
9	0.00965	0.00885	0.04851	0.06217	0.09055	0.01884	0.11476	0.15637	0.25863	0.03409	0.03092	0.04798	0.05819	0.00530	0.00408	0.00127	0.00403	0.03719	0.00316	0.00546
10	0.04597	0.10474	0.05296	0.02394	0.06580	0.11298	0.10736	0.23937	0.04008	0.06341	0.04626	0.05334	0.00847	0.00461	0.00383	0.00115	0.01367	0.00381	0.00285	0.00538
11	0.01170	0.04792	0.00949	0.00703	0.00993	0.15646	0.00563	0.12161	0.01037	0.17247	0.00950	0.00994	0.03018	0.01851	0.00359	0.00092	0.00387	0.00298	0.00291	0.36497
12	0.05733	0.00473	0.00598	0.04470	0.05316	0.00476	0.00462	0.05376	0.03075	0.01189	0.08384	0.47957	0.11721	0.00945	0.00449	0.00142	0.00262	0.02262	0.00339	0.00372

[dist]
# distance from previous block
# <min> <max>
0	4

[block]
# block no. 9 follows, 71 sequences, length 15
# corresponding to MSA columns:
# 329-343
name=unknown_J
#
# <colnr> <probs for GDERKNQSTAVLIFYWHMCP>
#	G	D	E	R	K	N	Q	S	T	A	V	L	I	F	Y	W	H	M	C	P
0	0.04586	0.01304	0.28324	0.01167	0.01517	0.05296	0.26703	0.07228	0.00885	0.01260	0.00764	0.04486	0.00624	0.00489	0.02308	0.00140	0.11829	0.00380	0.00203	0.00510
1	0.03324	0.00385	0.00447	0.00453	0.00541	0.00367	0.00331	0.00773	0.00870	0.04288	0.22759	0.23427	0.08927	0.00765	0.00390	0.00119	0.00200	0.00662	0.30616	0.00356
2	0.00724	0.00681	0.01150	0.85604	0.02641	0.00852	0.01065	0.00980	0.00767	0.00980	0.00681	0.01022	0.00511	0.00383	0.00383	0.00128	0.00511	0.00341	0.00170	0.00426
3	0.15676	0.01469	0.00991	0.00871	0.01096	0.55189	0.00671	0.09920	0.01091	0.08629	0.00699	0.00759	0.00538	0.00403	0.00336	0.00105	0.00567	0.00263	0.00248	0.00480
4	0.03783	0.00556	0.00703	0.00717	0.07651	0.00555	0.00491	0.09280	0.00896	0.02305	0.13687	0.16078	0.09332	0.08498	0.11377	0.00205	0.02535	0.00575	0.00303	0.10473
5	0.02102	0.00703	0.02269	0.00690	0.04231	0.10731	0.00493	0.07968	0.04720	0.03751	0.06660	0.20801	0.11503	0.13114	0.05763	0.00191	0.00387	0.00611	0.00306	0.03009
6	0.21312	0.46671	0.03210	0.00674	0.00973	0.07083	0.00623	0.07841	0.00876	0.06800	0.00638	0.00697	0.00518	0.00360	0.00274	0.00098	0.00402	0.00234	0.00222	0.00496
7	0.00599	0.00418	0.00498	0.00470	0.00590	0.00375	0.00355	0.00765	0.03066	0.07112	0.43155	0.05593	0.33899	0.00840	0.00448	0.00125	0.00200	0.00722	0.00398	0.00372
8	0.01733	0.03273	0.06284	0.00644	0.00807	0.00600	0.00535	0.04649	0.15248	0.08397	0.11134	0.24399	0.07657	0.00866	0.03974	0.00154	0.01728	0.04760	0.02714	0.00444
9	0.07650	0.01128	0.00940	0.00793	0.01030	0.26890	0.00624	0.24603	0.08600	0.09485	0.02403	0.01124	0.05790	0.00469	0.00360	0.00110	0.00445	0.00347	0.03574	0.03636
10	0.00514	0.00383	0.00476	0.00524	0.00584	0.00363	0.00373	0.00651	0.04685	0.01078	0.11095	0.48053	0.15794	0.06070	0.00564	0.00161	0.00237	0.07708	0.00357	0.00332
11	0.00569	0.00394	0.00492	0.00533	0.00604	0.00368	0.00383	0.03262	0.00829	0.04644	0.05153	0.51291	0.17858	0.04022	0.00527	0.00156	0.00243	0.07969	0.00360	0.00342
12	0.00910	0.07687	0.07611	0.09454	0.32678	0.06954	0.02331	0.05343	0.04609	0.01256	0.06422	0.01197	0.04105	0.00504	0.03082	0.00129	0.00454	0.00370	0.04384	0.00519
13	0.00712	0.00648	0.05321	0.00650	0.00786	0.01898	0.01362	0.05830	0.19952	0.01225	0.05238	0.18716	0.10254	0.15069	0.01991	0.00185	0.02175	0.07248	0.00326	0.00415
14	0.00496	0.00350	0.00458	0.00522	0.00560	0.00327	0.00361	0.00563	0.00761	0.01009	0.08358	0.60372	0.09358	0.03355	0.00591	0.06088	0.00236	0.05583	0.00345	0.00307

[dist]
# distance from previous block
# <min> <max>
9	17

[block]
# block no. 10 follows, 71 sequences, length 26
# corresponding to MSA columns:
# 361-386
name=unknown_K
#
# <colnr> <probs for GDERKNQSTAVLIFYWHMCP>
#	G	D	E	R	K	N	Q	S	T	A	V	L	I	F	Y	W	H	M	C	P
0	0.06778	0.21774	0.23801	0.02541	0.05391	0.00982	0.07079	0.04118	0.08010	0.03295	0.01930	0.04974	0.05194	0.00460	0.00353	0.00116	0.00432	0.02025	0.00233	0.00512
1	0.00963	0.06728	0.02642	0.00816	0.03443	0.26186	0.02398	0.06191	0.09718	0.01139	0.04280	0.18959	0.04497	0.01378	0.00491	0.05772	0.01656	0.02037	0.00275	0.00430
2	0.07052	0.00758	0.00875	0.00655	0.00971	0.00684	0.00534	0.17742	0.01063	0.21721	0.00922	0.00933	0.00667	0.00371	0.00326	0.00088	0.00323	0.00288	0.00320	0.43709
3	0.05924	0.01056	0.22748	0.08189	0.01276	0.00792	0.02631	0.17694	0.02862	0.16121	0.01351	0.05988	0.10656	0.00525	0.00387	0.00123	0.00408	0.00429	0.00306	0.00535
4	0.00998	0.00694	0.00989	0.09774	0.23407	0.02401	0.00737	0.07827	0.02676	0.18410	0.01293	0.23543	0.01203	0.00668	0.02127	0.00137	0.00379	0.00550	0.01676	0.00511
5	0.00852	0.00487	0.00628	0.00546	0.00693	0.00453	0.00425	0.05735	0.01124	0.19375	0.59933	0.02391	0.02825	0.00693	0.00431	0.00119	0.00226	0.00601	0.02022	0.00441
6	0.00472	0.00347	0.00443	0.00508	0.00552	0.00318	0.00347	0.00554	0.00788	0.01040	0.10177	0.66502	0.14286	0.01128	0.00481	0.00149	0.00214	0.01012	0.00362	0.00318
7	0.00531	0.00411	0.00568	0.03615	0.07026	0.00392	0.00448	0.00645	0.00831	0.01115	0.17227	0.49531	0.11031	0.01000	0.00468	0.00143	0.00245	0.04073	0.00349	0.00350
8	0.01372	0.01565	0.01141	0.01041	0.04999	0.59874	0.02479	0.12369	0.01136	0.03799	0.00669	0.00770	0.00537	0.00421	0.00417	0.00108	0.06310	0.00279	0.00229	0.00486
9	0.74461	0.00726	0.00619	0.00534	0.00782	0.00810	0.00440	0.01252	0.00728	0.15677	0.00699	0.00738	0.00505	0.00376	0.00262	0.00119	0.00302	0.00238	0.00277	0.00455
10	0.00745	0.00700	0.01141	0.68227	0.07192	0.00865	0.01013	0.01009	0.03719	0.01014	0.00752	0.03985	0.00610	0.00436	0.00454	0.00131	0.07012	0.00370	0.00186	0.00439
11	0.00483	0.00347	0.00470	0.00552	0.00582	0.00333	0.00383	0.00563	0.00735	0.00983	0.02025	0.74329	0.02393	0.01320	0.06953	0.00192	0.00293	0.06405	0.00344	0.00317
12	0.00742	0.00700	0.01182	0.79027	0.09079	0.00857	0.01074	0.00995	0.00775	0.01001	0.00685	0.01016	0.00519	0.00380	0.00383	0.00127	0.00507	0.00341	0.00172	0.00440
13	0.06143	0.00777	0.00863	0.09623	0.10275	0.11829	0.03900	0.05535	0.05579	0.01229	0.07893	0.05026	0.25760	0.00702	0.03090	0.00138	0.00392	0.00526	0.00287	0.00432
14	0.00959	0.00970	0.01395	0.15474	0.53881	0.11818	0.03407	0.01173	0.00880	0.01168	0.00738	0.02289	0.00619	0.00372	0.00376	0.00114	0.00488	0.00345	0.02991	0.00542
15	0.01388	0.01022	0.01102	0.00852	0.01142	0.01126	0.00701	0.76576	0.01748	0.02349	0.07266	0.01069	0.00879	0.00485	0.00389	0.00115	0.00403	0.00372	0.00387	0.00630
16	0.00652	0.00570	0.00744	0.00706	0.00767	0.05295	0.00556	0.00774	0.00635	0.00895	0.00908	0.01358	0.00857	0.04345	0.62373	0.00496	0.17117	0.00391	0.00198	0.00360
17	0.00917	0.00891	0.01556	0.12906	0.67784	0.00908	0.07089	0.01155	0.00862	0.01216	0.00720	0.00964	0.00593	0.00346	0.00385	0.00117	0.00476	0.00350	0.00188	0.00578
18	0.00898	0.01055	0.04816	0.01571	0.01946	0.00977	0.76320	0.01213	0.00887	0.01213	0.00760	0.01018	0.00575	0.00341	0.00488	0.00131	0.04644	0.00442	0.00192	0.00514
19	0.00852	0.00669	0.00744	0.00672	0.00851	0.00732	0.00520	0.01579	0.51339	0.05866	0.26838	0.01934	0.04538	0.00613	0.00411	0.00127	0.00264	0.00522	0.00403	0.00525
20	0.00529	0.00397	0.00464	0.00443	0.00557	0.00349	0.00334	0.00670	0.00987	0.03304	0.44592	0.03212	0.41049	0.00864	0.00451	0.00125	0.00191	0.00740	0.00393	0.00351
21	0.00926	0.00679	0.06398	0.02438	0.00956	0.00585	0.06835	0.06399	0.05610	0.19466	0.25799	0.03482	0.09850	0.00648	0.00425	0.00126	0.00317	0.06429	0.02155	0.00479
22	0.00673	0.00500	0.01881	0.00511	0.00671	0.00437	0.00403	0.03316	0.04999	0.08002	0.27788	0.05261	0.34031	0.00783	0.00431	0.00122	0.00230	0.02429	0.00375	0.07159
23	0.55793	0.06342	0.03678	0.00620	0.00864	0.13181	0.00523	0.03083	0.00805	0.05330	0.06164	0.00827	0.00678	0.00397	0.00283	0.00114	0.00367	0.00260	0.00251	0.00442
24	0.17976	0.19896	0.06287	0.00732	0.00999	0.16795	0.02981	0.06562	0.04807	0.01298	0.06360	0.01036	0.04281	0.01774	0.00344	0.00108	0.00419	0.00311	0.00241	0.06792
25	0.13412	0.33226	0.14697	0.00742	0.01043	0.07315	0.04140	0.01131	0.00828	0.03882	0.10080	0.01034	0.00895	0.03210	0.02801	0.00127	0.00438	0.00310	0.00221	0.00469

[dist]
# distance from previous block
# <min> <max>
0	56

# created by:
# /st0/software/busco_prod/Augustus/scripts/msa2prfl.pl ./align_prep/24360.fa
