[name]
unknown

[dist]
# distance from previous block
# <min> <max>
5	36

[block]
# block no. 0 follows, 67 sequences, length 10
# corresponding to MSA columns:
# 37-46
name=unknown_A
#
# <colnr> <probs for GDERKNQSTAVLIFYWHMCP>
#	G	D	E	R	K	N	Q	S	T	A	V	L	I	F	Y	W	H	M	C	P
0	0.04143	0.00670	0.00889	0.06496	0.10603	0.02503	0.03743	0.09582	0.05332	0.05075	0.08768	0.24040	0.06025	0.04051	0.03307	0.00165	0.01710	0.02108	0.00328	0.00462
1	0.08454	0.00731	0.00784	0.00696	0.00870	0.06962	0.03097	0.12725	0.07493	0.08212	0.06868	0.20524	0.06769	0.05291	0.00558	0.03918	0.00349	0.01819	0.00345	0.03535
2	0.10515	0.00827	0.01067	0.00831	0.01109	0.04415	0.12290	0.13780	0.01098	0.28184	0.01320	0.04304	0.05945	0.05714	0.00496	0.00138	0.00406	0.00433	0.00355	0.06773
3	0.05405	0.00719	0.00919	0.07245	0.06349	0.02175	0.02410	0.07547	0.12087	0.25691	0.11564	0.05136	0.04676	0.03438	0.02706	0.00151	0.00374	0.00486	0.00377	0.00546
4	0.00882	0.00746	0.01203	0.48344	0.20582	0.00843	0.01018	0.01166	0.04769	0.07311	0.02847	0.01351	0.03538	0.00460	0.00410	0.00131	0.00472	0.03182	0.00237	0.00507
5	0.03670	0.00997	0.01327	0.04377	0.05266	0.11810	0.21419	0.14077	0.04803	0.02794	0.01065	0.05687	0.03503	0.02180	0.04738	0.00156	0.02331	0.02292	0.00271	0.07238
6	0.00578	0.00444	0.03076	0.00490	0.00526	0.00405	0.00325	0.00618	0.00645	0.00857	0.01525	0.10004	0.06423	0.63612	0.05145	0.00348	0.00398	0.04041	0.00264	0.00277
7	0.05765	0.00885	0.06424	0.03520	0.01073	0.00892	0.00689	0.23601	0.06988	0.07787	0.06830	0.01590	0.14154	0.00606	0.00545	0.00132	0.13444	0.00454	0.00334	0.04288
8	0.04204	0.02160	0.04865	0.03726	0.01265	0.02813	0.10576	0.20580	0.15365	0.07915	0.01016	0.01071	0.00756	0.00434	0.00404	0.00115	0.02680	0.00360	0.03332	0.16365
9	0.01154	0.03122	0.05239	0.00910	0.04666	0.01004	0.02314	0.33732	0.22248	0.01892	0.04545	0.01154	0.00922	0.00465	0.00386	0.00114	0.00389	0.00375	0.00348	0.15023

[dist]
# distance from previous block
# <min> <max>
2	16

[block]
# block no. 1 follows, 67 sequences, length 23
# corresponding to MSA columns:
# 63-85
name=unknown_B
#
# <colnr> <probs for GDERKNQSTAVLIFYWHMCP>
#	G	D	E	R	K	N	Q	S	T	A	V	L	I	F	Y	W	H	M	C	P
0	0.01149	0.00879	0.01157	0.18127	0.07659	0.04241	0.06069	0.16346	0.14119	0.14486	0.02000	0.03856	0.02662	0.00491	0.00419	0.00126	0.01564	0.00418	0.00326	0.03905
1	0.00971	0.01005	0.12426	0.27286	0.40236	0.00897	0.01169	0.01240	0.00892	0.08861	0.00814	0.01031	0.00621	0.00387	0.00397	0.00125	0.00497	0.00353	0.00216	0.00576
2	0.13034	0.00798	0.01084	0.11436	0.11817	0.00818	0.04330	0.11625	0.03881	0.31548	0.01149	0.04904	0.00842	0.00477	0.00389	0.00127	0.00400	0.00399	0.00352	0.00590
3	0.00752	0.00991	0.23659	0.00925	0.04773	0.00656	0.09443	0.04602	0.00959	0.04077	0.16519	0.19962	0.08536	0.00716	0.00448	0.00136	0.00394	0.01667	0.00309	0.00475
4	0.00928	0.00854	0.01265	0.21841	0.34528	0.04120	0.02739	0.02805	0.12550	0.03034	0.02459	0.06462	0.02509	0.01651	0.00433	0.00132	0.00452	0.00438	0.00253	0.00548
5	0.00792	0.00766	0.07566	0.25970	0.14336	0.00733	0.05341	0.01002	0.00791	0.04816	0.00975	0.01542	0.00878	0.14776	0.14234	0.00257	0.00585	0.03965	0.00221	0.00452
6	0.00703	0.00682	0.12616	0.00694	0.00862	0.00489	0.02939	0.00888	0.03132	0.09453	0.02082	0.45035	0.11326	0.00969	0.00477	0.00151	0.00317	0.06414	0.00351	0.00420
7	0.00948	0.01014	0.10366	0.12993	0.52526	0.00904	0.05634	0.01211	0.00903	0.04562	0.00928	0.01134	0.04277	0.00399	0.00404	0.00124	0.00490	0.00381	0.00213	0.00589
8	0.01296	0.00829	0.01091	0.09435	0.15437	0.00846	0.00767	0.25754	0.01264	0.25642	0.01497	0.01483	0.11790	0.00528	0.00411	0.00125	0.00396	0.00437	0.00368	0.00605
9	0.00908	0.00976	0.04255	0.03801	0.12594	0.03351	0.42248	0.04759	0.03689	0.01296	0.01229	0.03952	0.08257	0.02863	0.00498	0.00141	0.00545	0.03874	0.00245	0.00520
10	0.00792	0.01109	0.22441	0.16761	0.08467	0.05866	0.04576	0.01102	0.05771	0.01180	0.03004	0.05245	0.17089	0.00578	0.00458	0.00132	0.04210	0.00483	0.00246	0.00489
11	0.00752	0.00697	0.01118	0.27624	0.23171	0.00738	0.05335	0.00996	0.03985	0.01183	0.06164	0.08355	0.17027	0.00602	0.00431	0.00132	0.00411	0.00544	0.00261	0.00474
12	0.00822	0.00733	0.01215	0.45989	0.25766	0.00821	0.01022	0.01061	0.00876	0.03469	0.09267	0.05310	0.01011	0.00475	0.00413	0.00130	0.00463	0.00433	0.00229	0.00495
13	0.00930	0.18570	0.18988	0.06185	0.13502	0.02903	0.22909	0.01208	0.00860	0.01163	0.00720	0.00934	0.00580	0.00493	0.04190	0.00145	0.04644	0.00348	0.00187	0.00540
14	0.03394	0.01540	0.01180	0.02892	0.30873	0.04067	0.08643	0.01103	0.02190	0.06347	0.20781	0.09689	0.04410	0.00589	0.00430	0.00127	0.00390	0.00543	0.00302	0.00511
15	0.01397	0.01671	0.01180	0.01106	0.05756	0.63091	0.00812	0.07819	0.01120	0.01119	0.00643	0.00776	0.00537	0.00451	0.00483	0.00114	0.10937	0.00283	0.00218	0.00488
16	0.00812	0.01036	0.15543	0.03540	0.08478	0.13070	0.05194	0.01044	0.05400	0.01125	0.01772	0.10350	0.21485	0.04520	0.00555	0.04373	0.00435	0.00555	0.00268	0.00446
17	0.01108	0.00519	0.00696	0.00629	0.00796	0.00467	0.00480	0.02121	0.00982	0.38644	0.07965	0.34239	0.03359	0.02336	0.01751	0.00153	0.00299	0.02532	0.00430	0.00496
18	0.00847	0.00792	0.01324	0.31140	0.44241	0.00851	0.01072	0.01071	0.00852	0.01166	0.00934	0.08261	0.02206	0.03006	0.00458	0.00136	0.00469	0.00438	0.00210	0.00526
19	0.00952	0.07832	0.10587	0.01729	0.20353	0.01037	0.49019	0.01264	0.00918	0.01262	0.00769	0.01003	0.00597	0.00347	0.00430	0.00127	0.00603	0.00409	0.00196	0.00566
20	0.00876	0.00704	0.00853	0.03277	0.03657	0.05449	0.02923	0.10265	0.02432	0.07561	0.03985	0.19609	0.14649	0.05064	0.04154	0.00176	0.12092	0.01506	0.00322	0.00445
21	0.01071	0.02838	0.07774	0.03027	0.13486	0.07144	0.07463	0.12118	0.07740	0.11125	0.01415	0.01539	0.11809	0.06002	0.01998	0.00151	0.02009	0.00446	0.00302	0.00543
22	0.00837	0.00665	0.00874	0.12055	0.13337	0.03036	0.00662	0.11736	0.01015	0.05433	0.07394	0.25355	0.12726	0.02441	0.00478	0.00141	0.00352	0.00674	0.00328	0.00461

[dist]
# distance from previous block
# <min> <max>
0	3

[block]
# block no. 2 follows, 67 sequences, length 12
# corresponding to MSA columns:
# 89-100
name=unknown_C
#
# <colnr> <probs for GDERKNQSTAVLIFYWHMCP>
#	G	D	E	R	K	N	Q	S	T	A	V	L	I	F	Y	W	H	M	C	P
0	0.01116	0.04028	0.11115	0.03577	0.05288	0.17818	0.05005	0.08786	0.09513	0.06868	0.00941	0.02883	0.00767	0.01903	0.00474	0.00123	0.06216	0.02560	0.00268	0.10752
1	0.01123	0.03256	0.09135	0.07214	0.11557	0.00900	0.04100	0.24787	0.04369	0.11106	0.15259	0.01412	0.01251	0.02199	0.00443	0.00129	0.00415	0.00431	0.00338	0.00577
2	0.00966	0.00827	0.04956	0.03106	0.16745	0.06033	0.03930	0.06197	0.03845	0.11275	0.04505	0.24328	0.01380	0.00663	0.00426	0.00129	0.00388	0.01744	0.00316	0.08241
3	0.03230	0.32201	0.18073	0.00838	0.05168	0.04093	0.00775	0.05270	0.00857	0.03706	0.00883	0.06456	0.00840	0.15285	0.00631	0.00158	0.00451	0.00376	0.00223	0.00487
4	0.01021	0.03823	0.09017	0.02392	0.21722	0.05837	0.09732	0.06248	0.15352	0.06060	0.02340	0.01340	0.02034	0.02859	0.02569	0.02915	0.00481	0.03424	0.00275	0.00560
5	0.00570	0.00404	0.00505	0.00485	0.00577	0.00373	0.00359	0.00739	0.01059	0.01498	0.63357	0.05977	0.11294	0.03770	0.00514	0.00135	0.00199	0.00721	0.07100	0.00368
6	0.01072	0.86147	0.02102	0.00686	0.01029	0.01587	0.00686	0.01201	0.00815	0.00944	0.00558	0.00643	0.00515	0.00343	0.00257	0.00086	0.00429	0.00214	0.00172	0.00515
7	0.00832	0.00713	0.00832	0.00594	0.00950	0.00535	0.00475	0.01010	0.00832	0.01307	0.00713	0.00832	0.00594	0.00297	0.00297	0.00059	0.00297	0.00238	0.00238	0.88357
8	0.00559	0.00410	0.00524	0.00496	0.00594	0.00375	0.00372	0.00741	0.01115	0.01561	0.76110	0.03073	0.10895	0.00837	0.00473	0.00127	0.00190	0.00736	0.00435	0.00375
9	0.00504	0.00357	0.00468	0.00546	0.00568	0.00340	0.00360	0.00567	0.00739	0.00988	0.02047	0.71830	0.02438	0.12363	0.03684	0.00209	0.00283	0.01042	0.00350	0.00316
10	0.88738	0.00776	0.00589	0.00527	0.00776	0.00900	0.00434	0.01179	0.00683	0.01799	0.00558	0.00651	0.00434	0.00372	0.00248	0.00124	0.00310	0.00217	0.00248	0.00434
11	0.00917	0.10281	0.02642	0.31483	0.15477	0.02384	0.02917	0.03797	0.04981	0.06030	0.03552	0.10026	0.00942	0.00511	0.00420	0.00128	0.02316	0.00443	0.00248	0.00506

[dist]
# distance from previous block
# <min> <max>
0	1

[block]
# block no. 3 follows, 67 sequences, length 16
# corresponding to MSA columns:
# 102-117
name=unknown_D
#
# <colnr> <probs for GDERKNQSTAVLIFYWHMCP>
#	G	D	E	R	K	N	Q	S	T	A	V	L	I	F	Y	W	H	M	C	P
0	0.01077	0.00939	0.08505	0.03158	0.11013	0.03020	0.02336	0.10238	0.02452	0.13216	0.03355	0.01028	0.00761	0.00387	0.00359	0.00097	0.00390	0.00321	0.00288	0.37059
1	0.04920	0.26194	0.04076	0.01060	0.08628	0.30820	0.05622	0.08227	0.01028	0.01194	0.00696	0.03046	0.00600	0.00414	0.00360	0.00107	0.01974	0.00301	0.00217	0.00516
2	0.01096	0.01120	0.00861	0.00787	0.00970	0.31830	0.00598	0.01582	0.29571	0.01379	0.09612	0.01363	0.01190	0.00510	0.00375	0.00115	0.00432	0.00395	0.15713	0.00499
3	0.09081	0.00842	0.03383	0.00833	0.05454	0.02713	0.06249	0.05534	0.03168	0.13043	0.00891	0.01002	0.00685	0.00374	0.00342	0.00093	0.00369	0.01656	0.00283	0.44006
4	0.00583	0.00389	0.00437	0.00437	0.00437	0.00389	0.00243	0.00583	0.00583	0.00778	0.01264	0.02624	0.01458	0.85906	0.02041	0.00389	0.00389	0.00583	0.00243	0.00243
5	0.00516	0.00409	0.00459	0.00473	0.00574	0.00367	0.00344	0.00649	0.03244	0.01144	0.13904	0.19817	0.47108	0.06063	0.00575	0.00156	0.00226	0.03253	0.00375	0.00345
6	0.01037	0.04309	0.12193	0.01072	0.06518	0.16062	0.12000	0.05822	0.13653	0.04093	0.11123	0.02523	0.02678	0.00496	0.00425	0.00122	0.02242	0.00421	0.00285	0.02927
7	0.00757	0.00713	0.01203	0.84942	0.02762	0.00891	0.01114	0.01025	0.00802	0.01025	0.00713	0.01069	0.00535	0.00401	0.00401	0.00134	0.00535	0.00356	0.00178	0.00446
8	0.00570	0.00430	0.00508	0.00517	0.00624	0.00397	0.00387	0.00751	0.05479	0.02978	0.22759	0.21013	0.34132	0.00989	0.00483	0.00143	0.00228	0.06848	0.00394	0.00372
9	0.00849	0.04851	0.02176	0.15710	0.15361	0.11410	0.02878	0.01035	0.00895	0.01124	0.02482	0.08665	0.02296	0.02658	0.01991	0.00157	0.01816	0.22933	0.00263	0.00449
10	0.01423	0.05156	0.08449	0.01025	0.07369	0.03518	0.11380	0.03985	0.04401	0.45125	0.01262	0.03204	0.00874	0.00465	0.00404	0.00124	0.00433	0.00404	0.00372	0.00627
11	0.00878	0.03271	0.52518	0.02926	0.12304	0.00937	0.03271	0.04512	0.00891	0.03077	0.00811	0.01065	0.00636	0.00505	0.02814	0.00145	0.04950	0.03713	0.00201	0.00574
12	0.00616	0.00419	0.00522	0.00532	0.00627	0.00382	0.00389	0.02260	0.00954	0.06527	0.25354	0.34648	0.20595	0.01012	0.00485	0.00144	0.00229	0.03531	0.00400	0.00374
13	0.01080	0.05672	0.19045	0.05325	0.26075	0.06185	0.12588	0.08005	0.02957	0.07990	0.00839	0.00982	0.00633	0.00390	0.00396	0.00122	0.00527	0.00354	0.00237	0.00595
14	0.00939	0.17460	0.49140	0.01033	0.01489	0.11507	0.04450	0.01294	0.03192	0.01175	0.00770	0.04400	0.00625	0.00418	0.00366	0.00119	0.00559	0.00324	0.00191	0.00550
15	0.04616	0.00829	0.03506	0.00891	0.04101	0.00711	0.13944	0.04212	0.00889	0.04691	0.00872	0.03733	0.02251	0.00393	0.00402	0.00095	0.04842	0.00340	0.00250	0.48434

[dist]
# distance from previous block
# <min> <max>
0	1

[block]
# block no. 4 follows, 67 sequences, length 28
# corresponding to MSA columns:
# 119-146
name=unknown_E
#
# <colnr> <probs for GDERKNQSTAVLIFYWHMCP>
#	G	D	E	R	K	N	Q	S	T	A	V	L	I	F	Y	W	H	M	C	P
0	0.07279	0.03312	0.06303	0.01041	0.08935	0.27977	0.00783	0.07916	0.15456	0.05069	0.00963	0.05138	0.00799	0.01596	0.00456	0.00126	0.05672	0.00369	0.00276	0.00534
1	0.00838	0.00842	0.00726	0.00673	0.00798	0.22735	0.00506	0.01032	0.04593	0.01374	0.48393	0.04079	0.06139	0.02099	0.00495	0.00128	0.03191	0.00589	0.00361	0.00409
2	0.00531	0.00415	0.00628	0.00654	0.00714	0.00388	0.07233	0.00627	0.00791	0.01052	0.02145	0.73993	0.04858	0.01168	0.00509	0.00160	0.00273	0.03157	0.00358	0.00345
3	0.08058	0.00728	0.00839	0.00683	0.00929	0.00726	0.00551	0.23252	0.02480	0.29657	0.10417	0.05268	0.13426	0.00627	0.00413	0.00127	0.00324	0.00509	0.00421	0.00564
4	0.10957	0.04466	0.01161	0.07475	0.19337	0.07068	0.04837	0.05824	0.00858	0.01255	0.00785	0.01107	0.00691	0.07273	0.11629	0.00209	0.07620	0.00351	0.00221	0.06876
5	0.72215	0.04022	0.03235	0.00680	0.02290	0.02270	0.06105	0.02900	0.00747	0.01711	0.00593	0.00700	0.00461	0.00372	0.00275	0.00123	0.00360	0.00243	0.00242	0.00458
6	0.00577	0.00433	0.00596	0.00593	0.00647	0.00482	0.00437	0.00683	0.00679	0.00950	0.05678	0.07999	0.05501	0.20134	0.48500	0.00482	0.04495	0.00547	0.00250	0.00335
7	0.05355	0.13194	0.25141	0.01251	0.14797	0.09108	0.07457	0.12469	0.05025	0.01424	0.00771	0.00887	0.00594	0.00393	0.00370	0.00118	0.00522	0.00318	0.00228	0.00579
8	0.02797	0.00692	0.03349	0.19941	0.06622	0.01875	0.02855	0.01989	0.09360	0.04412	0.02917	0.12087	0.11305	0.06239	0.04850	0.00176	0.02312	0.01776	0.00285	0.04163
9	0.02942	0.08522	0.24519	0.03075	0.06252	0.05267	0.07265	0.11320	0.05518	0.09576	0.05144	0.02802	0.00849	0.00444	0.00385	0.00119	0.00476	0.00368	0.00273	0.04883
10	0.00906	0.17671	0.62512	0.01050	0.01568	0.07246	0.01282	0.01282	0.00862	0.01188	0.00682	0.00800	0.00510	0.00376	0.00357	0.00118	0.00572	0.00278	0.00173	0.00569
11	0.00630	0.00468	0.00567	0.00540	0.00642	0.00456	0.00401	0.04241	0.06593	0.01453	0.48767	0.06690	0.10989	0.11058	0.00660	0.00164	0.00245	0.04651	0.00400	0.00386
12	0.00884	0.15286	0.63582	0.01087	0.01620	0.01052	0.05107	0.04673	0.00890	0.01272	0.00709	0.00831	0.00521	0.00377	0.00367	0.00121	0.00564	0.00294	0.00181	0.00582
13	0.01066	0.01001	0.01528	0.06669	0.67278	0.06776	0.01151	0.03837	0.00963	0.04753	0.00784	0.00992	0.00638	0.00373	0.00395	0.00119	0.00490	0.00352	0.00217	0.00617
14	0.00594	0.00385	0.00504	0.00562	0.00616	0.00356	0.00391	0.00677	0.00810	0.06821	0.03984	0.64420	0.07540	0.05506	0.00582	0.00170	0.00252	0.05104	0.00376	0.00351
15	0.00505	0.00374	0.00470	0.00540	0.00594	0.00345	0.00382	0.00591	0.00808	0.01046	0.02561	0.57123	0.19635	0.04152	0.00562	0.00167	0.00246	0.09203	0.00367	0.00330
16	0.03241	0.00514	0.00671	0.00609	0.00736	0.00521	0.00458	0.04657	0.00845	0.20706	0.06167	0.07677	0.01354	0.20645	0.28989	0.00361	0.00585	0.00517	0.00322	0.00425
17	0.43419	0.00772	0.00769	0.00645	0.00900	0.00827	0.00524	0.15368	0.01016	0.22241	0.01043	0.09085	0.00830	0.00507	0.00339	0.00127	0.00333	0.00378	0.00349	0.00529
18	0.01230	0.00620	0.00868	0.00696	0.00933	0.00557	0.06197	0.04755	0.01119	0.42261	0.20312	0.04285	0.13093	0.00650	0.00437	0.00128	0.00312	0.00561	0.00439	0.00546
19	0.00928	0.04652	0.55566	0.01271	0.07799	0.02985	0.11542	0.06939	0.00947	0.02582	0.00756	0.00893	0.00550	0.00382	0.00391	0.00125	0.00578	0.00326	0.00198	0.00591
20	0.01058	0.00978	0.11532	0.01312	0.19163	0.00817	0.16155	0.07183	0.01016	0.16211	0.05600	0.03638	0.06699	0.02348	0.00485	0.00133	0.02964	0.00458	0.00295	0.01958
21	0.01365	0.00692	0.00871	0.00736	0.02441	0.00669	0.00577	0.07688	0.15206	0.45101	0.09619	0.05730	0.05066	0.00628	0.01595	0.00136	0.00331	0.00496	0.00448	0.00606
22	0.02284	0.00930	0.03703	0.16056	0.28719	0.04607	0.02268	0.10247	0.05667	0.16832	0.04024	0.01156	0.00828	0.00435	0.00400	0.00124	0.00453	0.00379	0.00294	0.00594
23	0.00700	0.00609	0.00940	0.15035	0.17315	0.01628	0.04361	0.00864	0.00850	0.02059	0.04195	0.32646	0.08328	0.00823	0.00481	0.00145	0.02097	0.06199	0.00296	0.00430
24	0.00908	0.14724	0.37841	0.03369	0.09694	0.00998	0.05680	0.05672	0.05121	0.02561	0.02607	0.07372	0.00813	0.00462	0.00384	0.00123	0.00497	0.00387	0.00226	0.00562
25	0.04671	0.03006	0.13838	0.16403	0.14826	0.12496	0.16645	0.04025	0.03110	0.02651	0.00792	0.02722	0.00629	0.00410	0.00416	0.00126	0.02117	0.00367	0.00215	0.00534
26	0.02153	0.04716	0.00883	0.03283	0.03143	0.05234	0.00594	0.10595	0.15648	0.14201	0.08014	0.13897	0.06347	0.02811	0.00470	0.00141	0.00350	0.06633	0.00373	0.00513
27	0.06145	0.04822	0.22280	0.01096	0.11804	0.02631	0.03741	0.18605	0.03824	0.06285	0.03450	0.04488	0.03491	0.01856	0.03606	0.00148	0.00480	0.00400	0.00282	0.00568

[dist]
# distance from previous block
# <min> <max>
4	46

[block]
# block no. 5 follows, 67 sequences, length 134
# corresponding to MSA columns:
# 193-326
name=unknown_F
#
# <colnr> <probs for GDERKNQSTAVLIFYWHMCP>
#	G	D	E	R	K	N	Q	S	T	A	V	L	I	F	Y	W	H	M	C	P
0	0.01627	0.12324	0.03259	0.00629	0.00824	0.00702	0.00535	0.09558	0.04883	0.07125	0.24429	0.03799	0.17665	0.00785	0.02186	0.00139	0.00317	0.08388	0.00367	0.00459
1	0.00925	0.00847	0.08918	0.06082	0.05442	0.03541	0.02504	0.11671	0.10785	0.08329	0.07256	0.12685	0.13275	0.03429	0.00481	0.00140	0.00370	0.00571	0.01511	0.01240
2	0.01054	0.03789	0.31756	0.01320	0.13777	0.01980	0.15267	0.07175	0.03658	0.12250	0.00942	0.03607	0.00711	0.00424	0.00405	0.00126	0.00523	0.00383	0.00254	0.00598
3	0.02650	0.03270	0.16048	0.03727	0.09108	0.06852	0.05012	0.19010	0.08300	0.09773	0.04680	0.03340	0.03011	0.00505	0.00405	0.00126	0.00459	0.02835	0.00310	0.00579
4	0.03547	0.01151	0.34547	0.00812	0.01124	0.00680	0.00855	0.03870	0.03639	0.09175	0.03166	0.18926	0.04893	0.10421	0.00606	0.00165	0.00419	0.01232	0.00287	0.00488
5	0.01029	0.04503	0.33780	0.04507	0.05791	0.04091	0.08125	0.03242	0.00957	0.17206	0.01293	0.02775	0.09950	0.00488	0.00403	0.00126	0.00488	0.00412	0.00271	0.00563
6	0.01058	0.03256	0.15291	0.16609	0.12051	0.15977	0.02917	0.05184	0.06050	0.07625	0.00949	0.06252	0.00787	0.00483	0.00419	0.00126	0.02438	0.01742	0.00250	0.00535
7	0.00925	0.00900	0.01576	0.18310	0.57078	0.00926	0.09005	0.01174	0.00895	0.01245	0.00864	0.01113	0.03408	0.00386	0.00408	0.00124	0.00498	0.00385	0.00201	0.00579
8	0.00848	0.00812	0.01345	0.53715	0.29648	0.01872	0.01141	0.01098	0.00837	0.01118	0.00720	0.01034	0.00568	0.00396	0.00429	0.00130	0.03241	0.00355	0.00185	0.00509
9	0.00904	0.06168	0.49671	0.13006	0.06645	0.10835	0.01249	0.01275	0.02732	0.01191	0.00749	0.02463	0.00577	0.00404	0.00379	0.00123	0.00571	0.00319	0.00186	0.00551
10	0.01518	0.00672	0.00866	0.00683	0.00955	0.00608	0.00557	0.09627	0.01196	0.59296	0.09805	0.01736	0.09475	0.00579	0.00417	0.00125	0.00322	0.00475	0.00469	0.00618
11	0.00520	0.00387	0.00479	0.00505	0.00579	0.00352	0.00360	0.00638	0.00925	0.01235	0.30715	0.33720	0.21134	0.04222	0.00548	0.00153	0.00220	0.02574	0.00391	0.00345
12	0.00649	0.00480	0.00597	0.02674	0.03276	0.02736	0.00466	0.03270	0.00869	0.04219	0.06725	0.46216	0.08253	0.07408	0.00608	0.00172	0.00295	0.10359	0.00357	0.00370
13	0.00844	0.00775	0.01166	0.54754	0.10174	0.00925	0.00999	0.01336	0.22365	0.01224	0.00959	0.01174	0.00726	0.00434	0.00402	0.00133	0.00472	0.00382	0.00241	0.00514
14	0.00485	0.00406	0.00424	0.00427	0.00554	0.00344	0.00320	0.00594	0.00925	0.01123	0.09858	0.06878	0.72449	0.01012	0.00477	0.00137	0.00207	0.02660	0.00378	0.00342
15	0.00497	0.00356	0.00469	0.00553	0.00581	0.00332	0.00372	0.00572	0.00782	0.01042	0.05255	0.76837	0.04331	0.03858	0.00558	0.00168	0.00238	0.02501	0.00371	0.00326
16	0.01392	0.04008	0.01164	0.00948	0.01197	0.32521	0.00752	0.33632	0.13311	0.01696	0.00898	0.00936	0.00686	0.00471	0.00427	0.00118	0.04625	0.00331	0.00311	0.00576
17	0.00580	0.00424	0.00561	0.00631	0.00711	0.00409	0.00507	0.00734	0.01973	0.01172	0.08323	0.27317	0.12305	0.01110	0.00524	0.00168	0.00296	0.41519	0.00376	0.00357
18	0.00897	0.00881	0.01448	0.41772	0.37193	0.04053	0.05724	0.01149	0.00870	0.01160	0.00733	0.01024	0.00581	0.00379	0.00402	0.00126	0.00525	0.00360	0.00189	0.00533
19	0.01498	0.01911	0.01137	0.01033	0.01240	0.84295	0.00775	0.01601	0.01137	0.00982	0.00620	0.00723	0.00517	0.00413	0.00362	0.00103	0.00723	0.00258	0.00207	0.00465
20	0.04898	0.00834	0.00991	0.05583	0.01169	0.00870	0.00665	0.20743	0.20781	0.37067	0.01359	0.01257	0.00927	0.00494	0.00398	0.00127	0.00369	0.00395	0.00425	0.00648
21	0.10819	0.22859	0.02950	0.00869	0.01143	0.37613	0.00724	0.14779	0.01125	0.02748	0.00673	0.00749	0.00543	0.00403	0.00331	0.00105	0.00549	0.00263	0.00239	0.00516
22	0.01295	0.12231	0.02718	0.02063	0.07500	0.29088	0.06543	0.11261	0.02247	0.12162	0.06257	0.03080	0.00889	0.00462	0.00381	0.00113	0.00522	0.00363	0.00284	0.00540
23	0.02175	0.03591	0.02815	0.01390	0.23113	0.06409	0.15939	0.03947	0.00985	0.17749	0.04459	0.01207	0.00856	0.02822	0.00503	0.00130	0.05335	0.01357	0.00279	0.04940
24	0.01043	0.41329	0.28754	0.00910	0.01323	0.06971	0.03999	0.03838	0.03725	0.03708	0.00706	0.00794	0.00561	0.00376	0.00327	0.00106	0.00506	0.00273	0.00200	0.00552
25	0.01104	0.00846	0.01317	0.15780	0.32423	0.00878	0.05347	0.10582	0.04286	0.14650	0.02444	0.02378	0.01981	0.00537	0.03555	0.00145	0.00475	0.00402	0.00285	0.00587
26	0.00774	0.00697	0.01074	0.08153	0.31753	0.02103	0.03608	0.00994	0.03305	0.01249	0.10124	0.12857	0.09715	0.00696	0.00451	0.00138	0.00385	0.11151	0.00291	0.00482
27	0.01011	0.01010	0.01518	0.05529	0.66991	0.08532	0.02123	0.01254	0.02729	0.01267	0.00833	0.02938	0.01673	0.00396	0.00399	0.00120	0.00491	0.00375	0.00209	0.00600
28	0.00699	0.00509	0.00714	0.04189	0.03686	0.00513	0.03571	0.00888	0.06449	0.06512	0.01934	0.37813	0.06428	0.07415	0.00631	0.00174	0.02657	0.14472	0.00347	0.00399
29	0.01605	0.00690	0.00958	0.00850	0.07957	0.00617	0.00629	0.04066	0.01135	0.66654	0.06378	0.04324	0.01177	0.00530	0.00411	0.00125	0.00343	0.00443	0.00461	0.00648
30	0.00591	0.00481	0.00556	0.03965	0.00725	0.00466	0.00413	0.00872	0.12484	0.01336	0.29872	0.08258	0.36739	0.00874	0.00464	0.00134	0.00230	0.00749	0.00393	0.00397
31	0.02510	0.07631	0.11693	0.22598	0.24557	0.04049	0.10002	0.02348	0.02346	0.07315	0.00802	0.00997	0.00611	0.00386	0.00391	0.00123	0.00517	0.00350	0.00218	0.00557
32	0.00562	0.00423	0.00606	0.02518	0.00699	0.00416	0.05112	0.00643	0.00724	0.00970	0.01735	0.44896	0.02005	0.25735	0.07039	0.00262	0.00378	0.04647	0.00309	0.00321
33	0.01759	0.00692	0.00930	0.00719	0.01025	0.00610	0.00592	0.01963	0.05276	0.79529	0.01585	0.01372	0.01004	0.00499	0.00404	0.00125	0.00340	0.00406	0.00492	0.00680
34	0.00783	0.00694	0.01141	0.57128	0.13314	0.00806	0.01000	0.01029	0.00870	0.03125	0.10267	0.01477	0.02410	0.00485	0.00416	0.00133	0.00470	0.03755	0.00230	0.00464
35	0.00911	0.01521	0.45394	0.05192	0.27983	0.00921	0.01295	0.02648	0.03432	0.04224	0.00820	0.02436	0.00630	0.00401	0.00391	0.00125	0.00526	0.00343	0.00206	0.00601
36	0.00807	0.02059	0.82550	0.01152	0.01741	0.00933	0.02744	0.01270	0.00848	0.01270	0.00721	0.00850	0.00510	0.00380	0.00382	0.00127	0.00594	0.00299	0.00170	0.00592
37	0.00583	0.00391	0.00449	0.00458	0.00463	0.00390	0.00269	0.00595	0.00608	0.00809	0.01345	0.06100	0.01549	0.78188	0.01904	0.00369	0.00381	0.04641	0.00255	0.00253
38	0.01044	0.01213	0.17697	0.01443	0.01871	0.00936	0.54701	0.01380	0.00957	0.13330	0.00907	0.01078	0.00646	0.00369	0.00445	0.00132	0.00611	0.00429	0.00239	0.00571
39	0.00749	0.00776	0.05914	0.76746	0.02616	0.00871	0.01105	0.01020	0.00803	0.01039	0.00773	0.04452	0.00618	0.00434	0.00404	0.00134	0.00526	0.00384	0.00185	0.00449
40	0.00786	0.03142	0.07443	0.00707	0.03651	0.09963	0.02774	0.03845	0.02165	0.00979	0.02943	0.02020	0.01207	0.54132	0.01436	0.00288	0.01433	0.00493	0.00241	0.00354
41	0.00850	0.10920	0.42273	0.00880	0.01348	0.00856	0.01002	0.02257	0.00857	0.01270	0.02118	0.00857	0.00598	0.00355	0.00339	0.00098	0.00459	0.00274	0.00202	0.32185
42	0.78241	0.01736	0.00670	0.08763	0.00975	0.00903	0.00505	0.01172	0.00701	0.02584	0.00584	0.00700	0.00451	0.00376	0.00265	0.00125	0.00334	0.00233	0.00243	0.00439
43	0.01072	0.86147	0.02102	0.00686	0.01029	0.01587	0.00686	0.01201	0.00815	0.00944	0.00558	0.00643	0.00515	0.00343	0.00257	0.00086	0.00429	0.00214	0.00172	0.00515
44	0.00970	0.00877	0.04205	0.00798	0.01032	0.00944	0.00645	0.05095	0.68436	0.01670	0.05348	0.01586	0.03651	0.00560	0.00409	0.00134	0.00321	0.00466	0.02244	0.00609
45	0.69050	0.00829	0.00691	0.00594	0.00853	0.04228	0.00487	0.05936	0.00830	0.12341	0.00716	0.00764	0.00524	0.00396	0.00281	0.00123	0.00338	0.00251	0.00287	0.00482
46	0.01525	0.01123	0.01204	0.00923	0.01244	0.01244	0.00762	0.82067	0.01886	0.02528	0.00963	0.00963	0.00682	0.00481	0.00401	0.00120	0.00441	0.00361	0.00401	0.00682
47	0.01258	0.00956	0.01054	0.00791	0.01126	0.00956	0.00647	0.49113	0.01462	0.03347	0.00875	0.00918	0.00653	0.00410	0.00361	0.00097	0.00383	0.00314	0.00339	0.34942
48	0.00797	0.01939	0.75778	0.01128	0.01685	0.00903	0.04649	0.01241	0.00867	0.01290	0.05455	0.00979	0.00700	0.00404	0.00390	0.00127	0.00573	0.00328	0.00186	0.00578
49	0.00560	0.00404	0.00529	0.00510	0.00597	0.00373	0.00378	0.00737	0.01099	0.01551	0.75295	0.11056	0.03674	0.00862	0.00477	0.00130	0.00193	0.00766	0.00435	0.00373
50	0.00951	0.01069	0.02294	0.01766	0.10025	0.01008	0.74076	0.01279	0.00943	0.01287	0.00806	0.01073	0.00611	0.00340	0.00466	0.00134	0.00657	0.00462	0.00202	0.00550
51	0.01792	0.00695	0.00939	0.00720	0.01030	0.00608	0.00594	0.04247	0.01169	0.81359	0.01564	0.01354	0.00984	0.00496	0.00403	0.00124	0.00344	0.00402	0.00494	0.00683
52	0.11455	0.00698	0.00896	0.00695	0.00999	0.00632	0.00574	0.02877	0.01105	0.73562	0.01461	0.01281	0.00927	0.00482	0.00386	0.00124	0.00339	0.00382	0.00468	0.00655
53	0.00588	0.00435	0.00483	0.00464	0.00589	0.00398	0.00350	0.00788	0.05673	0.02742	0.29468	0.03133	0.41884	0.00854	0.00447	0.00128	0.00206	0.00724	0.10270	0.00378
54	0.00896	0.00620	0.00789	0.00764	0.00895	0.04874	0.03345	0.05002	0.00961	0.13974	0.01791	0.23678	0.01858	0.00934	0.00544	0.00160	0.05228	0.32882	0.00366	0.00437
55	0.01015	0.00870	0.00917	0.00820	0.01049	0.01006	0.00639	0.04757	0.80025	0.01706	0.01610	0.01479	0.01206	0.00542	0.00408	0.00136	0.00321	0.00450	0.00408	0.00636
56	0.00620	0.00428	0.00541	0.00515	0.00625	0.00391	0.00391	0.00800	0.02105	0.05665	0.58802	0.06960	0.15920	0.00862	0.00474	0.00132	0.00210	0.03744	0.00427	0.00388
57	0.00886	0.00910	0.04212	0.46071	0.33888	0.04928	0.01155	0.01141	0.00863	0.01142	0.00725	0.01015	0.00572	0.00384	0.00397	0.00126	0.00523	0.00350	0.00187	0.00525
58	0.00475	0.00403	0.00409	0.00414	0.00544	0.00338	0.00308	0.00575	0.00907	0.01080	0.03969	0.08019	0.79142	0.01028	0.00476	0.00137	0.00205	0.00861	0.00372	0.00338
59	0.00801	0.00787	0.01260	0.01050	0.01137	0.00970	0.16010	0.00937	0.00704	0.01029	0.00897	0.12283	0.00920	0.03324	0.08139	0.00212	0.47025	0.01871	0.00215	0.00429
60	0.00939	0.00945	0.00807	0.00785	0.03613	0.25795	0.00545	0.04783	0.02047	0.01000	0.01063	0.07555	0.01114	0.33429	0.05762	0.00256	0.06782	0.02155	0.00245	0.00379
61	0.17989	0.00477	0.00538	0.00579	0.00676	0.00484	0.00431	0.02470	0.00814	0.03426	0.01942	0.49133	0.06984	0.01011	0.00458	0.00155	0.00272	0.11441	0.00351	0.00371
62	0.02002	0.00548	0.00731	0.00675	0.00846	0.00520	0.00553	0.01262	0.04268	0.31383	0.10964	0.02727	0.01793	0.06948	0.04141	0.01416	0.00367	0.27966	0.00406	0.00484
63	0.01079	0.18524	0.14616	0.07318	0.16526	0.10039	0.10256	0.06273	0.02028	0.05235	0.00754	0.00904	0.00591	0.00395	0.00408	0.00118	0.03836	0.00325	0.00217	0.00559
64	0.00879	0.00887	0.01261	0.01068	0.01095	0.02601	0.04944	0.00982	0.00641	0.00980	0.00564	0.00913	0.00550	0.00771	0.04590	0.00191	0.76104	0.00359	0.00179	0.00441
65	0.00616	0.00409	0.00496	0.00484	0.00588	0.00375	0.00363	0.00775	0.01007	0.04498	0.42227	0.10904	0.19038	0.00843	0.00447	0.00128	0.00206	0.02647	0.13573	0.00376
66	0.00957	0.00945	0.01701	0.09780	0.60763	0.00949	0.15208	0.01214	0.00912	0.01284	0.01977	0.01045	0.00668	0.00365	0.00412	0.00123	0.00512	0.00383	0.00201	0.00598
67	0.00971	0.14951	0.34389	0.01372	0.17292	0.07437	0.11102	0.02799	0.02211	0.01230	0.00720	0.00875	0.00562	0.00378	0.00392	0.00119	0.02117	0.00319	0.00191	0.00572
68	0.01303	0.01474	0.01065	0.00957	0.01125	0.53158	0.00735	0.04604	0.04105	0.04418	0.00815	0.01124	0.00722	0.06041	0.00620	0.00139	0.12530	0.04362	0.00240	0.00466
69	0.00893	0.00822	0.01239	0.04243	0.37255	0.00786	0.02796	0.01087	0.00839	0.01243	0.00749	0.01018	0.00653	0.05054	0.00522	0.00117	0.06853	0.00327	0.00213	0.33290
70	0.03211	0.01109	0.01603	0.01935	0.48735	0.11893	0.13432	0.09165	0.01031	0.01388	0.00757	0.00958	0.00613	0.00380	0.00418	0.00121	0.02078	0.00359	0.00221	0.00595
71	0.01097	0.81333	0.02046	0.00706	0.01041	0.06314	0.00691	0.01224	0.00833	0.00946	0.00561	0.00648	0.00515	0.00347	0.00263	0.00087	0.00446	0.00217	0.00174	0.00512
72	0.00838	0.00811	0.01014	0.01238	0.25220	0.10995	0.01425	0.00958	0.00807	0.01057	0.01205	0.19801	0.03463	0.14434	0.02893	0.00192	0.12396	0.00568	0.00247	0.00440
73	0.01073	0.08871	0.06823	0.01250	0.22577	0.00826	0.08114	0.04852	0.01961	0.18204	0.04248	0.06319	0.05454	0.03002	0.01999	0.00140	0.00431	0.01394	0.00300	0.02163
74	0.01249	0.01370	0.01168	0.01149	0.10059	0.42067	0.00822	0.01443	0.06951	0.05717	0.00772	0.00958	0.00647	0.00537	0.01719	0.00134	0.20824	0.01684	0.00232	0.00499
75	0.00701	0.00585	0.00662	0.02200	0.03872	0.00606	0.00485	0.02266	0.27637	0.01309	0.06468	0.12455	0.30634	0.05710	0.00543	0.00153	0.00278	0.02617	0.00370	0.00449
76	0.00810	0.00840	0.04162	0.52614	0.11203	0.00898	0.16411	0.01097	0.01813	0.01122	0.00867	0.02682	0.02884	0.00418	0.00418	0.00133	0.00540	0.00406	0.00196	0.00486
77	0.02986	0.02563	0.09132	0.07445	0.15395	0.09998	0.03586	0.04945	0.01806	0.04805	0.06421	0.06687	0.11359	0.00718	0.04951	0.00157	0.04828	0.01455	0.00270	0.00492
78	0.00602	0.00410	0.00529	0.00563	0.00633	0.00388	0.00399	0.00761	0.04914	0.05410	0.22413	0.52547	0.05593	0.01063	0.00491	0.00150	0.00233	0.02130	0.00398	0.00373
79	0.00880	0.00935	0.04322	0.66696	0.02470	0.11338	0.03017	0.03626	0.00883	0.01081	0.00712	0.01015	0.00538	0.00403	0.00397	0.00129	0.00561	0.00345	0.00189	0.00463
80	0.00755	0.00905	0.14773	0.04349	0.03176	0.02241	0.11737	0.01038	0.04795	0.01206	0.01682	0.02666	0.10923	0.00757	0.00541	0.00155	0.06736	0.30824	0.00287	0.00455
81	0.00528	0.00390	0.00523	0.03968	0.00705	0.00380	0.00434	0.00648	0.03130	0.01060	0.02158	0.70948	0.03884	0.01184	0.00508	0.00162	0.00259	0.08423	0.00365	0.00344
82	0.00636	0.00447	0.00572	0.00531	0.00641	0.00423	0.00401	0.00882	0.06132	0.04389	0.75434	0.02849	0.03533	0.00792	0.00467	0.00127	0.00202	0.00698	0.00441	0.00404
83	0.00953	0.01085	0.02262	0.01633	0.02006	0.02781	0.74646	0.01269	0.00928	0.01256	0.00788	0.01060	0.00601	0.00365	0.00529	0.00137	0.06507	0.00460	0.00201	0.00532
84	0.00947	0.03282	0.01776	0.01485	0.12960	0.00954	0.42045	0.05201	0.04012	0.02824	0.00974	0.01424	0.00827	0.00615	0.05485	0.00168	0.05990	0.08256	0.00239	0.00532
85	0.00757	0.00713	0.01203	0.84942	0.02762	0.00891	0.01114	0.01025	0.00802	0.01025	0.00713	0.01069	0.00535	0.00401	0.00401	0.00134	0.00535	0.00356	0.00178	0.00446
86	0.00928	0.01046	0.02255	0.09689	0.02160	0.01002	0.74181	0.01260	0.00933	0.01260	0.00802	0.01081	0.00601	0.00344	0.00466	0.00135	0.00663	0.00462	0.00200	0.00532
87	0.05978	0.01000	0.01286	0.23270	0.27258	0.10140	0.02115	0.14386	0.04500	0.05035	0.00825	0.00998	0.00632	0.00409	0.00388	0.00123	0.00494	0.00347	0.00252	0.00564
88	0.00491	0.00396	0.00440	0.00467	0.00572	0.00344	0.00345	0.00593	0.00885	0.01091	0.05658	0.23777	0.56237	0.01075	0.00488	0.00145	0.00221	0.06061	0.00374	0.00339
89	0.00489	0.00349	0.00465	0.00558	0.00582	0.00326	0.00372	0.00558	0.00768	0.01024	0.02210	0.85644	0.02653	0.01256	0.00512	0.00163	0.00233	0.01140	0.00372	0.00326
90	0.03602	0.00801	0.01333	0.42734	0.34987	0.00888	0.02011	0.01123	0.00853	0.03444	0.00806	0.04206	0.00665	0.00417	0.00400	0.00128	0.00489	0.00384	0.00205	0.00525
91	0.00663	0.00574	0.00693	0.00682	0.00767	0.08673	0.00528	0.00802	0.00693	0.00936	0.01030	0.01492	0.00955	0.02755	0.76129	0.00592	0.01040	0.00413	0.00214	0.00368
92	0.00489	0.00349	0.00465	0.00558	0.00582	0.00326	0.00372	0.00558	0.00768	0.01024	0.02210	0.85644	0.02653	0.01256	0.00512	0.00163	0.00233	0.01140	0.00372	0.00326
93	0.00993	0.00953	0.01628	0.02462	0.83404	0.00953	0.01231	0.01231	0.00913	0.01310	0.00754	0.00993	0.00635	0.00357	0.00397	0.00119	0.00476	0.00357	0.00199	0.00635
94	0.00834	0.00799	0.03799	0.53363	0.20339	0.00875	0.01072	0.03032	0.02383	0.02483	0.03248	0.01222	0.03993	0.00433	0.00405	0.00130	0.00491	0.00388	0.00212	0.00499
95	0.01027	0.52760	0.05036	0.00936	0.09355	0.01328	0.03682	0.03272	0.13006	0.01182	0.04375	0.00939	0.00782	0.00400	0.00319	0.00103	0.00422	0.00303	0.00228	0.00547
96	0.01315	0.20055	0.01453	0.03025	0.08823	0.52674	0.04802	0.01452	0.01029	0.01019	0.00630	0.00756	0.00532	0.00389	0.00349	0.00103	0.00630	0.00271	0.00197	0.00495
97	0.00933	0.00733	0.00905	0.00652	0.01006	0.00572	0.03547	0.02797	0.00885	0.08371	0.00796	0.00889	0.00630	0.00319	0.00315	0.00069	0.00318	0.00263	0.00262	0.75737
98	0.00849	0.02669	0.60492	0.02457	0.10554	0.00953	0.13872	0.01264	0.00868	0.01270	0.00736	0.00899	0.00538	0.00372	0.00396	0.00127	0.00591	0.00330	0.00178	0.00587
99	0.09430	0.02746	0.01332	0.47971	0.20345	0.00939	0.06436	0.03030	0.01799	0.01222	0.00727	0.01005	0.00563	0.00387	0.00387	0.00128	0.00502	0.00349	0.00199	0.00502
100	0.00573	0.00430	0.00645	0.00645	0.00716	0.00501	0.00501	0.00716	0.00645	0.00931	0.01074	0.01576	0.01003	0.03008	0.84316	0.00645	0.01074	0.00430	0.00215	0.00358
101	0.00581	0.00410	0.00537	0.00541	0.00576	0.00441	0.00373	0.00651	0.00623	0.00862	0.01212	0.02230	0.01288	0.45943	0.38491	0.00495	0.00692	0.03520	0.00235	0.00299
102	0.00649	0.00385	0.00550	0.00548	0.00565	0.00408	0.00378	0.00587	0.00567	0.00776	0.00904	0.03110	0.00928	0.15920	0.20705	0.49859	0.02305	0.00421	0.00199	0.00237
103	0.01307	0.00780	0.00904	0.00766	0.01022	0.00823	0.00609	0.02035	0.48817	0.33865	0.01605	0.01445	0.01129	0.00524	0.00403	0.00130	0.00324	0.00432	0.02433	0.00648
104	0.00475	0.00401	0.00412	0.00421	0.00546	0.00337	0.00311	0.00574	0.00900	0.01077	0.03878	0.12025	0.75195	0.01040	0.00478	0.00138	0.00206	0.00876	0.00372	0.00337
105	0.01132	0.01343	0.29141	0.03928	0.01532	0.07175	0.15393	0.01538	0.10639	0.20010	0.01026	0.01082	0.00723	0.00432	0.00433	0.00129	0.03102	0.00372	0.00281	0.00590
106	0.00993	0.00953	0.01628	0.02462	0.83404	0.00953	0.01231	0.01231	0.00913	0.01310	0.00754	0.00993	0.00635	0.00357	0.00397	0.00119	0.00476	0.00357	0.00199	0.00635
107	0.00487	0.00355	0.00460	0.00544	0.00578	0.00327	0.00366	0.00560	0.00782	0.01030	0.02391	0.77668	0.10512	0.01233	0.00508	0.00160	0.00230	0.01111	0.00372	0.00327
108	0.88738	0.00776	0.00589	0.00527	0.00776	0.00900	0.00434	0.01179	0.00683	0.01799	0.00558	0.00651	0.00434	0.00372	0.00248	0.00124	0.00310	0.00217	0.00248	0.00434
109	0.00489	0.00349	0.00465	0.00558	0.00582	0.00326	0.00372	0.00558	0.00768	0.01024	0.02210	0.85644	0.02653	0.01256	0.00512	0.00163	0.00233	0.01140	0.00372	0.00326
110	0.01190	0.05740	0.01061	0.00855	0.01106	0.11682	0.00679	0.17621	0.49826	0.03899	0.01312	0.01243	0.00983	0.00503	0.00392	0.00126	0.00400	0.00396	0.00370	0.00617
111	0.01072	0.86147	0.02102	0.00686	0.01029	0.01587	0.00686	0.01201	0.00815	0.00944	0.00558	0.00643	0.00515	0.00343	0.00257	0.00086	0.00429	0.00214	0.00172	0.00515
112	0.01103	0.25872	0.25637	0.00928	0.01293	0.13589	0.02429	0.06526	0.03209	0.06556	0.00771	0.02276	0.00615	0.00424	0.00402	0.00113	0.05344	0.00302	0.00224	0.02386
113	0.01284	0.00698	0.00812	0.00668	0.00891	0.05852	0.00533	0.09398	0.01202	0.38920	0.28884	0.01879	0.03288	0.00606	0.00421	0.00122	0.00317	0.00505	0.03167	0.00551
114	0.00614	0.00425	0.00523	0.00490	0.00608	0.00380	0.00370	0.00777	0.01075	0.06300	0.56425	0.03139	0.25668	0.00855	0.00469	0.00129	0.00202	0.00740	0.00426	0.00385
115	0.00895	0.00819	0.04022	0.00847	0.00987	0.02467	0.00706	0.01379	0.28818	0.04676	0.11634	0.01787	0.03204	0.00683	0.00718	0.00151	0.27254	0.08123	0.00325	0.00505
116	0.05156	0.02606	0.04426	0.17121	0.12237	0.07843	0.08729	0.09924	0.02987	0.06301	0.01084	0.01665	0.00947	0.00538	0.00421	0.00135	0.00484	0.15437	0.01442	0.00517
117	0.00804	0.02074	0.83828	0.01143	0.01736	0.00931	0.01482	0.01270	0.00847	0.01270	0.00720	0.00847	0.00508	0.00381	0.00381	0.00127	0.00593	0.00296	0.00169	0.00593
118	0.00583	0.00389	0.00437	0.00437	0.00437	0.00389	0.00243	0.00583	0.00583	0.00778	0.01264	0.02624	0.01458	0.85906	0.02041	0.00389	0.00389	0.00583	0.00243	0.00243
119	0.01383	0.01641	0.01169	0.01032	0.01223	0.61813	0.03014	0.04307	0.05105	0.03063	0.00697	0.00816	0.00572	0.00461	0.00498	0.00117	0.12086	0.00293	0.00226	0.00485
120	0.00608	0.00433	0.00595	0.00683	0.00755	0.00427	0.00564	0.00757	0.00871	0.01139	0.02099	0.22641	0.02342	0.05454	0.00620	0.00190	0.00340	0.58765	0.00364	0.00353
121	0.19722	0.48449	0.01572	0.00710	0.01025	0.03651	0.00651	0.17677	0.01014	0.01448	0.00642	0.00712	0.00532	0.00379	0.00288	0.00101	0.00414	0.00246	0.00236	0.00530
122	0.00831	0.09085	0.01360	0.55682	0.19848	0.00957	0.01073	0.01074	0.00821	0.01074	0.00721	0.01031	0.00573	0.00488	0.03683	0.00146	0.00533	0.00346	0.00183	0.00490
123	0.00909	0.00943	0.01673	0.36016	0.11274	0.05815	0.32068	0.01184	0.00894	0.02335	0.00794	0.02819	0.00624	0.00392	0.00428	0.00131	0.00584	0.00413	0.00200	0.00505
124	0.00573	0.00430	0.00645	0.00645	0.00716	0.00501	0.00501	0.00716	0.00645	0.00931	0.01074	0.01576	0.01003	0.03008	0.84316	0.00645	0.01074	0.00430	0.00215	0.00358
125	0.00602	0.00425	0.00572	0.00650	0.00712	0.00420	0.00520	0.00731	0.00833	0.01092	0.02000	0.21779	0.02242	0.15209	0.00792	0.00214	0.00343	0.50177	0.00349	0.00339
126	0.00975	0.04048	0.09077	0.01505	0.01904	0.00979	0.64524	0.01293	0.00932	0.06079	0.00857	0.01121	0.00651	0.03560	0.00513	0.00142	0.00630	0.00449	0.00218	0.00541
127	0.00991	0.43868	0.19710	0.03366	0.08987	0.03833	0.08222	0.01225	0.00859	0.02056	0.00753	0.00875	0.02924	0.00377	0.00332	0.00106	0.00496	0.00295	0.00187	0.00539
128	0.00593	0.00426	0.00552	0.00547	0.00593	0.00461	0.00380	0.00710	0.03722	0.00928	0.05993	0.02141	0.01384	0.41101	0.38232	0.00477	0.00677	0.00519	0.00248	0.00316
129	0.03720	0.01151	0.11696	0.02044	0.54907	0.05002	0.11571	0.02772	0.00931	0.01324	0.00749	0.00962	0.00605	0.00363	0.00399	0.00122	0.00522	0.00356	0.00201	0.00604
130	0.00567	0.00400	0.00473	0.00471	0.00522	0.00381	0.00315	0.00642	0.00802	0.01074	0.24125	0.04512	0.13557	0.43328	0.01277	0.01564	0.00304	0.05061	0.00324	0.00301
131	0.00625	0.00377	0.00491	0.00491	0.00500	0.00383	0.00311	0.00572	0.00571	0.00766	0.01071	0.01986	0.02618	0.42666	0.09708	0.35508	0.00435	0.00480	0.00215	0.00228
132	0.73728	0.00793	0.02367	0.00550	0.00822	0.00846	0.00462	0.01155	0.00708	0.01715	0.00585	0.00683	0.00460	0.00361	0.00258	0.00114	0.00314	0.00222	0.00245	0.13610
133	0.14219	0.52691	0.08101	0.00711	0.01057	0.02359	0.00700	0.06053	0.00875	0.03206	0.00631	0.00711	0.00529	0.00360	0.00282	0.00096	0.00417	0.00237	0.00209	0.06557

[dist]
# distance from previous block
# <min> <max>
0	1

[block]
# block no. 6 follows, 67 sequences, length 26
# corresponding to MSA columns:
# 328-353
name=unknown_G
#
# <colnr> <probs for GDERKNQSTAVLIFYWHMCP>
#	G	D	E	R	K	N	Q	S	T	A	V	L	I	F	Y	W	H	M	C	P
0	0.00893	0.00832	0.01307	0.31881	0.32296	0.00922	0.03071	0.01329	0.17907	0.01293	0.03640	0.01193	0.00825	0.00427	0.00405	0.00129	0.00460	0.00392	0.00243	0.00556
1	0.00673	0.00676	0.03094	0.00952	0.04229	0.00598	0.26518	0.00876	0.00945	0.01253	0.17654	0.13577	0.25757	0.00754	0.00474	0.00136	0.00375	0.00712	0.00320	0.00426
2	0.00579	0.00441	0.00555	0.00590	0.00676	0.00410	0.00417	0.00748	0.06871	0.01118	0.01963	0.64516	0.02256	0.01069	0.00477	0.00148	0.00254	0.04418	0.00357	0.12139
3	0.00643	0.00429	0.00541	0.00512	0.00628	0.00392	0.00387	0.00796	0.01020	0.08300	0.45211	0.08739	0.22691	0.01034	0.06701	0.00169	0.00274	0.00735	0.00408	0.00389
4	0.00942	0.00902	0.01537	0.20099	0.66159	0.00940	0.01206	0.01187	0.00889	0.01249	0.00745	0.01009	0.00614	0.00367	0.00398	0.00122	0.00489	0.00357	0.00194	0.00595
5	0.00808	0.21804	0.24413	0.00939	0.05986	0.00908	0.06878	0.01049	0.00857	0.01159	0.04742	0.13323	0.07728	0.00571	0.00387	0.00120	0.00430	0.01976	0.00239	0.05683
6	0.05299	0.01077	0.01082	0.00872	0.01160	0.06573	0.00705	0.49888	0.21871	0.02131	0.01079	0.01061	0.00792	0.00480	0.00389	0.00121	0.00417	0.00366	0.00377	0.04261
7	0.01022	0.06283	0.08670	0.15029	0.39314	0.12507	0.07769	0.01266	0.00921	0.02429	0.00731	0.00947	0.00588	0.00374	0.00389	0.00119	0.00541	0.00340	0.00197	0.00564
8	0.01068	0.00980	0.01442	0.13607	0.45047	0.03980	0.02955	0.15913	0.04582	0.01479	0.00810	0.01007	0.00645	0.00411	0.00441	0.00124	0.04308	0.00361	0.00241	0.00600
9	0.00811	0.06425	0.31547	0.01016	0.02417	0.00817	0.15722	0.01172	0.05167	0.03282	0.22599	0.01623	0.02710	0.00524	0.00422	0.00128	0.00459	0.02366	0.00275	0.00518
10	0.01172	0.00851	0.01238	0.08400	0.25089	0.04186	0.07222	0.04524	0.09630	0.22838	0.02785	0.04075	0.04141	0.00495	0.00415	0.00127	0.00428	0.01470	0.00324	0.00589
