[name]
unknown

[dist]
# distance from previous block
# <min> <max>
1	64

[block]
# block no. 0 follows, 66 sequences, length 17
# corresponding to MSA columns:
# 71-87
name=unknown_A
#
# <colnr> <probs for GDERKNQSTAVLIFYWHMCP>
#	G	D	E	R	K	N	Q	S	T	A	V	L	I	F	Y	W	H	M	C	P
0	0.01161	0.09993	0.02761	0.01161	0.01474	0.17878	0.29743	0.10124	0.09180	0.05151	0.04487	0.01169	0.02955	0.00441	0.00414	0.00123	0.00556	0.00408	0.00273	0.00549
1	0.07130	0.05719	0.07037	0.01269	0.01630	0.07314	0.40842	0.13656	0.01078	0.04383	0.00835	0.01042	0.00641	0.03490	0.00478	0.00136	0.00578	0.00399	0.00248	0.02097
2	0.11211	0.00978	0.01148	0.00943	0.01125	0.17960	0.18010	0.01155	0.02088	0.04787	0.00884	0.01352	0.00813	0.20134	0.04859	0.02456	0.09027	0.00408	0.00234	0.00429
3	0.04331	0.00776	0.01151	0.04491	0.01239	0.03420	0.16723	0.04109	0.03121	0.25415	0.12612	0.02606	0.02709	0.00568	0.00454	0.00131	0.02249	0.07537	0.00359	0.05999
4	0.08082	0.02300	0.03714	0.00967	0.01208	0.11308	0.16159	0.05252	0.05348	0.10753	0.01199	0.11833	0.02001	0.00605	0.00499	0.00136	0.07437	0.06647	0.00299	0.04255
5	0.02527	0.06978	0.06413	0.02319	0.01492	0.08249	0.31582	0.02275	0.03772	0.12583	0.04502	0.03448	0.00920	0.00454	0.00420	0.00124	0.00520	0.03370	0.00276	0.07776
6	0.05178	0.04802	0.01168	0.03843	0.03603	0.61717	0.00775	0.06827	0.01143	0.04153	0.00690	0.00787	0.00554	0.00416	0.00362	0.00107	0.00645	0.00276	0.00233	0.02723
7	0.07858	0.00909	0.01094	0.31129	0.04114	0.11927	0.03598	0.09815	0.01029	0.13211	0.02250	0.06886	0.00872	0.00512	0.00405	0.00131	0.00482	0.02983	0.00285	0.00510
8	0.00631	0.00451	0.00559	0.00529	0.00641	0.00430	0.00404	0.04182	0.01069	0.02933	0.49280	0.02960	0.17242	0.03173	0.06963	0.00178	0.00289	0.04103	0.03595	0.00388
9	0.06109	0.00950	0.09275	0.02993	0.26446	0.00828	0.02943	0.04207	0.11945	0.05141	0.03613	0.05439	0.00913	0.00452	0.00385	0.00116	0.00405	0.00395	0.00275	0.17172
10	0.00544	0.00413	0.00502	0.00488	0.00594	0.00371	0.00367	0.00703	0.01059	0.01427	0.53024	0.06402	0.28575	0.00916	0.00483	0.00134	0.00203	0.03010	0.00420	0.00368
11	0.11697	0.01466	0.39651	0.01109	0.10004	0.02740	0.01081	0.14171	0.01044	0.05900	0.03629	0.00990	0.00705	0.00423	0.00374	0.00124	0.00488	0.00330	0.03486	0.00585
12	0.00522	0.00411	0.00460	0.00449	0.00560	0.00361	0.00329	0.00647	0.00976	0.01257	0.31662	0.03494	0.48416	0.07946	0.00610	0.00155	0.00216	0.00791	0.00391	0.00349
13	0.00779	0.00692	0.01017	0.36341	0.05832	0.01808	0.03416	0.01151	0.15214	0.01174	0.04089	0.06141	0.01107	0.08307	0.07569	0.00204	0.00502	0.03937	0.00261	0.00460
14	0.59500	0.03858	0.00812	0.00693	0.00935	0.26065	0.00552	0.01322	0.00833	0.01543	0.00584	0.00681	0.00467	0.00388	0.00286	0.00118	0.00444	0.00232	0.00236	0.00451
15	0.09960	0.00400	0.00536	0.00528	0.00558	0.00412	0.00363	0.00607	0.00568	0.00856	0.03723	0.01239	0.00792	0.01279	0.01404	0.75672	0.00342	0.00352	0.00194	0.00212
16	0.10378	0.01351	0.04400	0.01245	0.01558	0.28719	0.34256	0.01492	0.10213	0.01297	0.00820	0.00967	0.00633	0.00396	0.00406	0.00125	0.00617	0.00371	0.00234	0.00523

[dist]
# distance from previous block
# <min> <max>
0	3

[block]
# block no. 1 follows, 66 sequences, length 26
# corresponding to MSA columns:
# 91-116
name=unknown_B
#
# <colnr> <probs for GDERKNQSTAVLIFYWHMCP>
#	G	D	E	R	K	N	Q	S	T	A	V	L	I	F	Y	W	H	M	C	P
0	0.27390	0.01511	0.01057	0.02351	0.02805	0.52241	0.04662	0.01460	0.00993	0.01262	0.00622	0.00739	0.00505	0.00401	0.00339	0.00113	0.00597	0.00263	0.00221	0.00468
1	0.16223	0.00686	0.00844	0.00696	0.00963	0.00651	0.00576	0.04922	0.01072	0.53738	0.01488	0.04625	0.01114	0.00581	0.00404	0.00134	0.00344	0.09904	0.00436	0.00598
2	0.01263	0.04403	0.01101	0.00873	0.01149	0.10960	0.00700	0.32120	0.34094	0.01886	0.01173	0.01141	0.00878	0.00487	0.00392	0.00121	0.00420	0.00377	0.00366	0.06095
3	0.11220	0.00796	0.06705	0.04174	0.09402	0.00704	0.08181	0.05025	0.02474	0.01460	0.16691	0.06394	0.03557	0.00595	0.00414	0.00126	0.00374	0.08258	0.00302	0.13149
4	0.06491	0.12080	0.06173	0.05475	0.10538	0.06822	0.34008	0.04202	0.04235	0.03003	0.00795	0.00975	0.00615	0.00374	0.00401	0.00123	0.00560	0.00374	0.00223	0.02533
5	0.02915	0.64177	0.15280	0.00816	0.01199	0.04765	0.03716	0.01245	0.00845	0.01040	0.00602	0.00703	0.00521	0.00357	0.00292	0.00097	0.00479	0.00242	0.00177	0.00531
6	0.00565	0.00367	0.00454	0.00508	0.00549	0.00351	0.00343	0.00660	0.00797	0.01146	0.07798	0.52511	0.02287	0.11101	0.00651	0.00175	0.00241	0.00898	0.18265	0.00333
7	0.00656	0.00518	0.00688	0.00630	0.00768	0.00494	0.06079	0.04002	0.07049	0.02895	0.27491	0.18425	0.24135	0.00901	0.00480	0.00140	0.00267	0.03579	0.00392	0.00410
8	0.01520	0.01508	0.01185	0.01062	0.05789	0.44274	0.00791	0.29612	0.01402	0.07804	0.00829	0.00880	0.00624	0.00445	0.00385	0.00113	0.00589	0.00314	0.00299	0.00573
9	0.00590	0.00395	0.00451	0.00451	0.00454	0.00398	0.00256	0.00595	0.00592	0.00793	0.01271	0.02613	0.01457	0.82442	0.05339	0.00404	0.00421	0.00584	0.00245	0.00250
10	0.00504	0.00403	0.00452	0.00459	0.00568	0.00350	0.00337	0.00623	0.00955	0.01212	0.22517	0.16522	0.51632	0.01019	0.00485	0.00139	0.00207	0.00874	0.00393	0.00350
11	0.01412	0.01038	0.01119	0.00885	0.01158	0.03792	0.00720	0.60908	0.02623	0.06901	0.01013	0.01118	0.00764	0.04850	0.06357	0.00174	0.03783	0.00381	0.00375	0.00628
12	0.00803	0.00759	0.01283	0.72057	0.15217	0.00911	0.01145	0.01069	0.00829	0.01081	0.00728	0.01070	0.00557	0.00399	0.00405	0.00133	0.00532	0.00361	0.00183	0.00480
13	0.01078	0.01104	0.01517	0.02070	0.59441	0.13584	0.03130	0.01373	0.07892	0.01296	0.00813	0.01005	0.00671	0.00396	0.00425	0.00122	0.02898	0.00357	0.00220	0.00608
14	0.01021	0.00724	0.00791	0.00706	0.00907	0.00795	0.00555	0.07082	0.44321	0.08878	0.06623	0.01682	0.01344	0.00566	0.00395	0.00128	0.00298	0.03641	0.18977	0.00567
15	0.02816	0.00792	0.01306	0.57485	0.21671	0.00940	0.01122	0.01085	0.00822	0.01118	0.00714	0.01040	0.00562	0.00416	0.00466	0.00134	0.06468	0.00357	0.00187	0.00495
16	0.00525	0.00429	0.00496	0.00514	0.03084	0.00380	0.00367	0.00657	0.00968	0.01234	0.24590	0.04644	0.54526	0.01057	0.04576	0.00160	0.00254	0.00793	0.00382	0.00363
17	0.08654	0.00920	0.00946	0.00804	0.02680	0.10890	0.00629	0.18710	0.06309	0.23790	0.09511	0.01385	0.03750	0.00630	0.03771	0.00144	0.02669	0.00410	0.00376	0.03022
18	0.00522	0.00390	0.00485	0.00514	0.00590	0.00354	0.00368	0.00644	0.00943	0.01257	0.30494	0.36139	0.22045	0.01058	0.00496	0.00146	0.00216	0.02585	0.00401	0.00352
19	0.00859	0.00755	0.01192	0.11999	0.02893	0.00797	0.18452	0.11038	0.10028	0.01391	0.04334	0.08460	0.04500	0.02002	0.10409	0.00205	0.00528	0.08554	0.01116	0.00488
20	0.01308	0.30754	0.03787	0.00901	0.01168	0.48385	0.00754	0.03132	0.01037	0.01025	0.00751	0.00836	0.03739	0.00418	0.00335	0.00101	0.00599	0.00273	0.00206	0.00491
21	0.01181	0.00693	0.00860	0.00709	0.00929	0.00697	0.00569	0.20649	0.01165	0.24617	0.08893	0.01575	0.05860	0.01108	0.17439	0.04543	0.01613	0.00445	0.00372	0.06083
22	0.00979	0.00958	0.05439	0.05507	0.04258	0.05109	0.16372	0.15805	0.13722	0.01494	0.04431	0.01530	0.06732	0.04159	0.08412	0.00192	0.02475	0.01599	0.00297	0.00530
23	0.00709	0.00471	0.00609	0.00544	0.00679	0.00427	0.01880	0.02183	0.01099	0.09352	0.55981	0.02871	0.14984	0.03833	0.00523	0.00137	0.00231	0.00694	0.00425	0.02369
24	0.00956	0.30647	0.30673	0.00944	0.01368	0.06273	0.07566	0.01231	0.00882	0.01172	0.03965	0.00883	0.00668	0.00378	0.00342	0.00105	0.00506	0.00294	0.00196	0.10950
25	0.36888	0.04275	0.00964	0.06658	0.07711	0.05211	0.00656	0.07069	0.02595	0.06239	0.00723	0.00841	0.00565	0.00413	0.00391	0.00119	0.06762	0.00282	0.00259	0.11379

[dist]
# distance from previous block
# <min> <max>
0	9

[block]
# block no. 2 follows, 66 sequences, length 9
# corresponding to MSA columns:
# 126-134
name=unknown_C
#
# <colnr> <probs for GDERKNQSTAVLIFYWHMCP>
#	G	D	E	R	K	N	Q	S	T	A	V	L	I	F	Y	W	H	M	C	P
0	0.28088	0.16038	0.02539	0.02973	0.03330	0.15726	0.02979	0.01195	0.00827	0.01294	0.00682	0.00874	0.00585	0.03398	0.07469	0.00161	0.00502	0.00276	0.00220	0.10845
1	0.00907	0.00611	0.00822	0.03398	0.00956	0.00610	0.06082	0.01284	0.19548	0.16358	0.12268	0.23078	0.09067	0.00794	0.00460	0.00142	0.00310	0.02412	0.00399	0.00494
2	0.00565	0.00405	0.00500	0.00515	0.00598	0.00373	0.00372	0.00684	0.00921	0.03282	0.26594	0.25203	0.22919	0.08194	0.03451	0.00182	0.00265	0.04238	0.00384	0.00354
3	0.00759	0.03669	0.01016	0.09184	0.13137	0.00730	0.05774	0.01079	0.11737	0.01330	0.21854	0.02099	0.13405	0.00805	0.05826	0.00166	0.04464	0.02175	0.00316	0.00473
4	0.65939	0.00760	0.00686	0.00583	0.00850	0.00828	0.00480	0.01398	0.00813	0.23153	0.00835	0.00848	0.00587	0.00409	0.00292	0.00126	0.00322	0.00269	0.00317	0.00505
5	0.00739	0.00780	0.10546	0.00781	0.00947	0.03249	0.05016	0.04137	0.07628	0.01105	0.01078	0.01584	0.00991	0.15987	0.41201	0.00427	0.02703	0.00439	0.00239	0.00422
6	0.00574	0.00415	0.00542	0.00510	0.00606	0.00383	0.00383	0.00766	0.01148	0.01627	0.82997	0.03031	0.03828	0.00829	0.00479	0.00128	0.00191	0.00734	0.00447	0.00383
7	0.04791	0.03751	0.01452	0.18281	0.18066	0.21219	0.05339	0.05478	0.04125	0.11055	0.01072	0.01296	0.00854	0.00560	0.00484	0.00162	0.00606	0.00415	0.00329	0.00663
8	0.01308	0.03120	0.01139	0.04192	0.04593	0.20776	0.00749	0.33243	0.15820	0.01760	0.00982	0.01063	0.00759	0.03466	0.00447	0.00126	0.00487	0.00355	0.00324	0.05295

[dist]
# distance from previous block
# <min> <max>
0	1

[block]
# block no. 3 follows, 66 sequences, length 13
# corresponding to MSA columns:
# 136-148
name=unknown_D
#
# <colnr> <probs for GDERKNQSTAVLIFYWHMCP>
#	G	D	E	R	K	N	Q	S	T	A	V	L	I	F	Y	W	H	M	C	P
0	0.07980	0.03925	0.07034	0.08602	0.18977	0.08324	0.13389	0.12088	0.05171	0.04057	0.00852	0.01059	0.00671	0.00431	0.00436	0.00128	0.03947	0.02110	0.00252	0.00567
1	0.00895	0.32225	0.28911	0.00976	0.01374	0.01114	0.12841	0.01184	0.02407	0.01156	0.02995	0.08453	0.02874	0.00474	0.00371	0.00118	0.00494	0.00399	0.00212	0.00528
2	0.06249	0.00674	0.00892	0.00695	0.00989	0.00596	0.00571	0.01841	0.01136	0.72811	0.07931	0.01473	0.01196	0.00521	0.00405	0.00126	0.00332	0.00424	0.00485	0.00653
3	0.01105	0.22646	0.13212	0.01204	0.04613	0.13924	0.26147	0.02949	0.02664	0.04762	0.00763	0.00904	0.00595	0.00375	0.00381	0.00115	0.00574	0.00339	0.00215	0.02513
4	0.01136	0.14543	0.15392	0.02548	0.02743	0.12158	0.16691	0.10959	0.09535	0.05821	0.00903	0.02264	0.00696	0.00422	0.00389	0.00119	0.00532	0.00361	0.00259	0.02529
5	0.00498	0.00359	0.00472	0.00555	0.00588	0.00333	0.00374	0.00577	0.00803	0.01071	0.06725	0.77460	0.06210	0.01236	0.00514	0.00162	0.00232	0.01118	0.00380	0.00333
6	0.00710	0.00627	0.05060	0.00807	0.06741	0.02759	0.04987	0.02378	0.01909	0.02311	0.11533	0.26831	0.06507	0.00856	0.00459	0.00143	0.00323	0.12304	0.12338	0.00417
7	0.01090	0.02546	0.01419	0.06834	0.40155	0.14741	0.04981	0.05049	0.15034	0.01359	0.00924	0.02443	0.00752	0.00426	0.00401	0.00123	0.00503	0.00378	0.00249	0.00592
8	0.00680	0.00380	0.00516	0.00519	0.00540	0.00380	0.00344	0.00622	0.00610	0.03132	0.01078	0.09819	0.01134	0.22125	0.07886	0.44729	0.00400	0.00498	0.04362	0.00246
9	0.01510	0.05133	0.01224	0.00976	0.01247	0.40461	0.00774	0.40468	0.01503	0.01749	0.00792	0.00846	0.00604	0.00448	0.00381	0.00112	0.00581	0.00310	0.00303	0.00579
10	0.80898	0.00816	0.00651	0.00569	0.00827	0.00941	0.00469	0.08336	0.00798	0.01886	0.00601	0.00687	0.00462	0.00386	0.00265	0.00125	0.00326	0.00233	0.00265	0.00462
11	0.00755	0.00490	0.00612	0.00577	0.00714	0.00460	0.00455	0.05289	0.01081	0.10634	0.34713	0.06534	0.20131	0.00948	0.03146	0.00156	0.00282	0.12188	0.00415	0.00421
12	0.00869	0.00846	0.01296	0.43350	0.22176	0.06273	0.05325	0.02746	0.00887	0.01150	0.00908	0.10643	0.00816	0.00492	0.00419	0.00133	0.00510	0.00451	0.00216	0.00495

[dist]
# distance from previous block
# <min> <max>
0	3

[block]
# block no. 4 follows, 66 sequences, length 12
# corresponding to MSA columns:
# 152-163
name=unknown_E
#
# <colnr> <probs for GDERKNQSTAVLIFYWHMCP>
#	G	D	E	R	K	N	Q	S	T	A	V	L	I	F	Y	W	H	M	C	P
0	0.00753	0.00673	0.00574	0.00562	0.00602	0.15730	0.00354	0.00777	0.00706	0.00842	0.01227	0.08213	0.01387	0.64078	0.01643	0.00324	0.00444	0.00570	0.00248	0.00293
1	0.07924	0.00702	0.00905	0.00711	0.01005	0.00639	0.00582	0.06149	0.01146	0.68646	0.01529	0.06053	0.01042	0.00536	0.00403	0.00128	0.00342	0.00434	0.00472	0.00652
2	0.66382	0.00991	0.00745	0.00665	0.00889	0.15305	0.00536	0.01249	0.00764	0.01608	0.00573	0.00690	0.00461	0.00411	0.00359	0.00126	0.07325	0.00238	0.00238	0.00445
3	0.05386	0.04066	0.01397	0.03234	0.03370	0.25138	0.22777	0.04025	0.00998	0.02489	0.00773	0.00933	0.00611	0.00377	0.00373	0.00107	0.00544	0.00332	0.06490	0.16579
4	0.06210	0.01052	0.01015	0.00849	0.03061	0.15167	0.00661	0.25421	0.07704	0.15566	0.01132	0.01131	0.03932	0.00506	0.01672	0.00120	0.00441	0.00355	0.00347	0.13657
5	0.00492	0.00360	0.00463	0.00545	0.00583	0.00331	0.00368	0.00567	0.00796	0.01043	0.02474	0.75132	0.12875	0.01240	0.00513	0.00161	0.00232	0.01116	0.00377	0.00331
6	0.00905	0.00886	0.03557	0.18881	0.56415	0.00890	0.01136	0.01144	0.00897	0.01257	0.04618	0.03652	0.00848	0.02663	0.00453	0.00132	0.00474	0.00406	0.00214	0.00571
7	0.00537	0.00405	0.00437	0.00439	0.00513	0.00370	0.00295	0.00601	0.00788	0.00985	0.05877	0.03347	0.41895	0.37954	0.01173	0.00250	0.00292	0.03217	0.00322	0.00303
8	0.00986	0.01531	0.40343	0.05899	0.09659	0.03368	0.04668	0.12497	0.12883	0.01497	0.00897	0.01003	0.00663	0.00427	0.00414	0.00129	0.01939	0.00349	0.00245	0.00606
9	0.00760	0.01960	0.00921	0.01037	0.19397	0.00606	0.05185	0.03011	0.03298	0.05123	0.12943	0.08221	0.30802	0.00771	0.00457	0.00134	0.00322	0.04246	0.00341	0.00464
10	0.06087	0.02261	0.00738	0.04967	0.00908	0.04517	0.00535	0.04396	0.02966	0.16196	0.11389	0.18831	0.11660	0.00809	0.00449	0.00140	0.00323	0.10301	0.00377	0.02149
11	0.11577	0.28569	0.06522	0.00824	0.01134	0.08014	0.06296	0.09920	0.08500	0.04911	0.03121	0.02131	0.01763	0.02075	0.00375	0.00117	0.00442	0.00333	0.00265	0.03113

[dist]
# distance from previous block
# <min> <max>
1	22

[block]
# block no. 5 follows, 66 sequences, length 42
# corresponding to MSA columns:
# 188-229
name=unknown_F
#
# <colnr> <probs for GDERKNQSTAVLIFYWHMCP>
#	G	D	E	R	K	N	Q	S	T	A	V	L	I	F	Y	W	H	M	C	P
0	0.29199	0.04959	0.01062	0.00827	0.01099	0.11522	0.06410	0.16150	0.12500	0.08878	0.02018	0.00974	0.00720	0.00444	0.00364	0.00124	0.01557	0.00329	0.00313	0.00550
1	0.11102	0.00881	0.02258	0.02205	0.01098	0.00963	0.02154	0.11072	0.48646	0.10267	0.01416	0.01416	0.01062	0.00528	0.00399	0.00135	0.00354	0.03040	0.00390	0.00615
2	0.14447	0.02752	0.01161	0.00996	0.06883	0.11137	0.04735	0.38551	0.04195	0.04425	0.02338	0.01119	0.02437	0.00480	0.00385	0.00123	0.00457	0.02457	0.00332	0.00590
3	0.07815	0.08400	0.02279	0.03532	0.04420	0.37848	0.00775	0.21121	0.03626	0.01481	0.00743	0.00831	0.00586	0.00429	0.00378	0.00112	0.02068	0.00294	0.00262	0.03002
4	0.01119	0.00872	0.00916	0.00810	0.01047	0.03669	0.00633	0.02078	0.67278	0.12330	0.01669	0.01527	0.03112	0.00551	0.00412	0.00135	0.00335	0.00455	0.00417	0.00636
5	0.06997	0.00440	0.00448	0.00445	0.00582	0.00393	0.00339	0.00656	0.00930	0.01211	0.12424	0.05064	0.64121	0.00965	0.00466	0.00137	0.00218	0.03434	0.00375	0.00355
6	0.06316	0.07013	0.27860	0.01136	0.09707	0.00939	0.08872	0.04107	0.12520	0.08282	0.05701	0.01258	0.00933	0.00462	0.00397	0.00128	0.00470	0.03042	0.00275	0.00580
7	0.00675	0.00484	0.00587	0.00594	0.00686	0.00488	0.00429	0.00964	0.15442	0.04553	0.19011	0.32881	0.05204	0.11480	0.00679	0.00179	0.00271	0.04603	0.00386	0.00403
8	0.00496	0.00366	0.00458	0.00531	0.00574	0.00335	0.00358	0.00569	0.00795	0.01035	0.02538	0.66525	0.17496	0.05162	0.00583	0.00170	0.00237	0.01072	0.00371	0.00328
9	0.01006	0.00993	0.03277	0.22021	0.36026	0.07105	0.01050	0.05185	0.16604	0.01359	0.00922	0.01096	0.00722	0.00419	0.00402	0.00126	0.00485	0.00371	0.00246	0.00584
10	0.08891	0.04231	0.10172	0.00999	0.01302	0.21583	0.10814	0.17645	0.02837	0.08202	0.00977	0.02265	0.02648	0.00479	0.00415	0.00124	0.02583	0.02996	0.00286	0.00550
11	0.00646	0.00420	0.00491	0.00478	0.00508	0.00422	0.00293	0.00707	0.02844	0.03892	0.07533	0.02538	0.01602	0.68558	0.06028	0.00366	0.00407	0.00580	0.01395	0.00291
12	0.00504	0.00365	0.00471	0.00543	0.00582	0.00338	0.00367	0.00586	0.00817	0.01087	0.09759	0.68405	0.09447	0.03984	0.00562	0.00167	0.00234	0.01072	0.00379	0.00333
13	0.00824	0.00647	0.00990	0.02910	0.23464	0.00666	0.03191	0.03884	0.00860	0.06323	0.01376	0.16949	0.03492	0.10074	0.13232	0.00246	0.03695	0.06429	0.00282	0.00464
14	0.03167	0.00971	0.01351	0.22087	0.19915	0.03864	0.06914	0.24434	0.05587	0.06378	0.00905	0.01053	0.00673	0.00428	0.00406	0.00126	0.00489	0.00372	0.00285	0.00594
15	0.00802	0.00744	0.01232	0.78981	0.05515	0.00916	0.01118	0.03885	0.00854	0.01100	0.00731	0.01075	0.00550	0.00407	0.00405	0.00134	0.00535	0.00361	0.00189	0.00466
16	0.00580	0.00435	0.00652	0.00652	0.00724	0.00507	0.00507	0.00724	0.00652	0.00942	0.01087	0.01594	0.01014	0.03043	0.84134	0.00652	0.01087	0.00435	0.00217	0.00362
17	0.01314	0.23761	0.01588	0.02111	0.01343	0.46229	0.12414	0.04634	0.01063	0.01089	0.00653	0.00777	0.00542	0.00391	0.00357	0.00106	0.00633	0.00286	0.00207	0.00503
18	0.01093	0.00743	0.00906	0.00671	0.01006	0.00619	0.02090	0.08168	0.01866	0.18498	0.03714	0.01112	0.02499	0.00394	0.00346	0.00085	0.00324	0.00322	0.00320	0.55224
19	0.02444	0.04006	0.22047	0.01275	0.01682	0.07094	0.34665	0.04562	0.05406	0.09401	0.02048	0.01059	0.00697	0.00402	0.00432	0.00129	0.01432	0.00396	0.00248	0.00573
20	0.02695	0.00845	0.03713	0.00766	0.00996	0.05896	0.01706	0.15150	0.18306	0.13506	0.03541	0.05531	0.14666	0.00694	0.00439	0.00137	0.00367	0.10118	0.00387	0.00541
21	0.00967	0.00918	0.01552	0.19058	0.65392	0.00957	0.01212	0.02773	0.00920	0.01291	0.00759	0.01019	0.00623	0.00373	0.00403	0.00123	0.00493	0.00361	0.00201	0.00605
22	0.00603	0.00430	0.00591	0.00682	0.00751	0.00423	0.00556	0.00748	0.00875	0.01146	0.02149	0.29330	0.02416	0.03736	0.00593	0.00186	0.00332	0.53725	0.00371	0.00356
23	0.00497	0.00355	0.00474	0.00568	0.00593	0.00332	0.00382	0.00570	0.00780	0.01039	0.02235	0.83992	0.02677	0.01268	0.00519	0.00165	0.00238	0.02609	0.00377	0.00330
24	0.01336	0.36867	0.01555	0.00899	0.01166	0.49822	0.00747	0.01452	0.01015	0.00977	0.00601	0.00698	0.00522	0.00389	0.00322	0.00097	0.00608	0.00243	0.00194	0.00491
25	0.00494	0.00353	0.00471	0.00565	0.00588	0.00330	0.00377	0.00565	0.00777	0.01036	0.02236	0.85477	0.02683	0.01271	0.00518	0.00165	0.00235	0.01153	0.00377	0.00330
26	0.28202	0.06316	0.03973	0.00816	0.01115	0.03054	0.04848	0.29238	0.08668	0.06923	0.00924	0.02645	0.00698	0.00454	0.00354	0.00124	0.00407	0.00339	0.00326	0.00575
27	0.11019	0.02910	0.01056	0.00892	0.01137	0.43339	0.00695	0.13400	0.01195	0.16288	0.00902	0.03800	0.00700	0.00467	0.00370	0.00115	0.00552	0.00329	0.00301	0.00535
28	0.00544	0.00398	0.00505	0.00542	0.00611	0.00370	0.00397	0.00664	0.00912	0.01218	0.25158	0.32443	0.15220	0.07320	0.00621	0.00170	0.00249	0.11926	0.00386	0.00346
29	0.01008	0.00833	0.01338	0.11018	0.10593	0.02244	0.18086	0.08364	0.00979	0.10938	0.05687	0.01394	0.03951	0.03908	0.08217	0.00192	0.10014	0.00444	0.00274	0.00518
30	0.01258	0.02464	0.02463	0.01271	0.01593	0.23925	0.34921	0.14782	0.03464	0.06506	0.01825	0.01016	0.00678	0.00413	0.00436	0.00124	0.01646	0.00391	0.00265	0.00558
31	0.01100	0.83031	0.02092	0.00707	0.01049	0.04506	0.00697	0.01229	0.00836	0.00956	0.00566	0.00654	0.00521	0.00350	0.00264	0.00087	0.00444	0.00218	0.00175	0.00519
32	0.02766	0.00794	0.01184	0.00865	0.01212	0.00673	0.18561	0.02298	0.02505	0.11157	0.05160	0.01087	0.00831	0.00370	0.00365	0.00092	0.00388	0.00345	0.00280	0.49067
33	0.00989	0.18903	0.17156	0.00862	0.01173	0.08937	0.03561	0.03904	0.21941	0.03249	0.03122	0.07315	0.06130	0.00541	0.00386	0.00123	0.00438	0.00436	0.00288	0.00544
34	0.00509	0.00368	0.00486	0.00565	0.00602	0.00338	0.00381	0.00586	0.00788	0.01060	0.04143	0.80404	0.02636	0.01225	0.00509	0.00160	0.00237	0.01110	0.00373	0.03519
35	0.00923	0.00845	0.03987	0.00836	0.01050	0.09442	0.11965	0.08979	0.05988	0.06217	0.32334	0.04332	0.06691	0.00668	0.00453	0.00130	0.00383	0.03931	0.00366	0.00482
36	0.01335	0.00974	0.01382	0.05456	0.01453	0.04798	0.20805	0.23886	0.06704	0.22145	0.01148	0.04198	0.00841	0.00476	0.00425	0.00128	0.00479	0.00431	0.00355	0.02582
37	0.03276	0.01237	0.01416	0.07457	0.20125	0.26269	0.13557	0.06146	0.07033	0.01276	0.00808	0.01020	0.00660	0.03363	0.00502	0.00133	0.04592	0.00361	0.00232	0.00536
38	0.85588	0.03724	0.00649	0.00539	0.00793	0.00934	0.00448	0.01193	0.00695	0.01790	0.00565	0.00659	0.00442	0.00376	0.00251	0.00124	0.00318	0.00220	0.00248	0.00442
39	0.00607	0.00397	0.00507	0.00550	0.00600	0.00374	0.00379	0.00685	0.00797	0.05635	0.06712	0.46451	0.06187	0.20570	0.00866	0.00213	0.00285	0.07489	0.00357	0.00338
40	0.00613	0.00401	0.00475	0.00482	0.00510	0.00391	0.00298	0.00648	0.00681	0.03962	0.04412	0.16790	0.05761	0.58164	0.04437	0.00331	0.00372	0.00692	0.00290	0.00290
41	0.12567	0.01069	0.01048	0.00843	0.01131	0.08815	0.00682	0.46058	0.07610	0.08441	0.01023	0.03894	0.00774	0.00493	0.00383	0.00121	0.00426	0.00370	0.00369	0.03884

[dist]
# distance from previous block
# <min> <max>
0	4

[block]
# block no. 6 follows, 66 sequences, length 16
# corresponding to MSA columns:
# 234-249
name=unknown_G
#
# <colnr> <probs for GDERKNQSTAVLIFYWHMCP>
#	G	D	E	R	K	N	Q	S	T	A	V	L	I	F	Y	W	H	M	C	P
0	0.01058	0.01022	0.00922	0.00836	0.01047	0.16423	0.00643	0.01913	0.59227	0.01545	0.07607	0.03509	0.01335	0.00564	0.00412	0.00131	0.00386	0.00459	0.00377	0.00583
1	0.02354	0.00965	0.01466	0.07036	0.01547	0.01009	0.27109	0.20438	0.21529	0.03326	0.01117	0.04266	0.00864	0.00469	0.00428	0.00130	0.00481	0.00447	0.00317	0.04702
2	0.01446	0.01061	0.01182	0.00928	0.01207	0.01197	0.00764	0.61813	0.07545	0.07363	0.01011	0.01029	0.00731	0.00518	0.00513	0.00130	0.10144	0.00374	0.00386	0.00658
3	0.00979	0.00939	0.01602	0.11052	0.74842	0.00957	0.01233	0.01223	0.00912	0.01295	0.00759	0.01012	0.00632	0.00366	0.00402	0.00122	0.00488	0.00361	0.00199	0.00623
4	0.00613	0.00444	0.00556	0.00602	0.00665	0.00444	0.00450	0.00785	0.06563	0.01096	0.04616	0.22854	0.06028	0.24358	0.00947	0.00231	0.00329	0.27731	0.00344	0.00346
5	0.00642	0.00467	0.00522	0.00511	0.00559	0.00485	0.00325	0.00829	0.12856	0.00959	0.01551	0.04781	0.07207	0.60856	0.05512	0.00343	0.00397	0.00597	0.00282	0.00320
6	0.00829	0.00662	0.00781	0.00608	0.00900	0.00528	0.00477	0.03942	0.00889	0.04078	0.01170	0.13110	0.04739	0.00508	0.00354	0.00086	0.00296	0.02638	0.00285	0.63122
7	0.17153	0.00707	0.00881	0.00689	0.00991	0.00652	0.00569	0.01839	0.01078	0.69063	0.01418	0.01253	0.00904	0.00480	0.00380	0.00126	0.00340	0.00375	0.00458	0.00646
8	0.00522	0.00379	0.00499	0.00585	0.00631	0.00356	0.00421	0.00617	0.00818	0.01073	0.02377	0.63928	0.09349	0.01223	0.00522	0.00166	0.00258	0.15561	0.00376	0.00339
9	0.00609	0.00435	0.00601	0.00685	0.00762	0.00427	0.00566	0.00767	0.00910	0.01199	0.07875	0.24465	0.02526	0.01137	0.00544	0.00177	0.00327	0.55245	0.00379	0.00363
10	0.04220	0.00957	0.01608	0.02418	0.80185	0.00962	0.01216	0.01243	0.00915	0.01344	0.00756	0.00991	0.00635	0.00362	0.00396	0.00121	0.00476	0.00356	0.00203	0.00635
11	0.00504	0.00392	0.00458	0.00484	0.00574	0.00346	0.00347	0.00613	0.00918	0.01182	0.19295	0.32039	0.39254	0.01072	0.00493	0.00145	0.00213	0.00935	0.00391	0.00346
12	0.01576	0.00635	0.00850	0.00670	0.00944	0.00552	0.00547	0.01735	0.01136	0.67409	0.10174	0.01707	0.06215	0.00567	0.00416	0.00125	0.00316	0.00468	0.03332	0.00628
13	0.04544	0.14574	0.04731	0.00888	0.02798	0.02260	0.01735	0.44200	0.05224	0.04541	0.01033	0.08641	0.00857	0.00529	0.00399	0.00122	0.01564	0.00411	0.00342	0.00606
14	0.00976	0.13894	0.08028	0.02877	0.20259	0.10239	0.14617	0.04321	0.02379	0.01224	0.01041	0.14314	0.02014	0.00535	0.00410	0.00126	0.00499	0.01483	0.00239	0.00527
15	0.00761	0.10556	0.42096	0.00891	0.01247	0.02530	0.00987	0.02761	0.00854	0.01183	0.01243	0.30571	0.01281	0.00695	0.00418	0.00136	0.00453	0.00591	0.00250	0.00495

[dist]
# distance from previous block
# <min> <max>
0	22

[block]
# block no. 7 follows, 66 sequences, length 18
# corresponding to MSA columns:
# 272-289
name=unknown_H
#
# <colnr> <probs for GDERKNQSTAVLIFYWHMCP>
#	G	D	E	R	K	N	Q	S	T	A	V	L	I	F	Y	W	H	M	C	P
0	0.10812	0.01110	0.01601	0.01756	0.36492	0.12587	0.20882	0.04161	0.02265	0.03368	0.00778	0.00966	0.00617	0.00377	0.00399	0.00123	0.00541	0.00363	0.00226	0.00575
1	0.00556	0.00436	0.00518	0.00575	0.00628	0.03469	0.00405	0.00650	0.00827	0.01081	0.08801	0.54113	0.10030	0.04995	0.06149	0.00201	0.00319	0.05546	0.00360	0.00341
2	0.00862	0.22864	0.06330	0.00882	0.06495	0.05372	0.09452	0.01056	0.00979	0.03182	0.26401	0.01856	0.09989	0.02070	0.00431	0.00122	0.00390	0.00498	0.00294	0.00472
3	0.00549	0.00414	0.00507	0.00484	0.00590	0.00372	0.00363	0.00716	0.01088	0.01483	0.61670	0.03267	0.25244	0.00883	0.00479	0.00130	0.00195	0.00767	0.00428	0.00372
4	0.00867	0.20244	0.50188	0.00964	0.01420	0.03027	0.01134	0.01250	0.05091	0.01221	0.03765	0.05875	0.02359	0.00465	0.00372	0.00121	0.00509	0.00364	0.00211	0.00553
5	0.01421	0.01076	0.01149	0.00909	0.01212	0.01201	0.00742	0.63721	0.20242	0.02361	0.01128	0.01097	0.00815	0.00501	0.00407	0.00125	0.00418	0.00387	0.00407	0.00679
6	0.00597	0.00418	0.00512	0.00500	0.00608	0.00373	0.00370	0.00740	0.01022	0.05611	0.41849	0.16397	0.27616	0.00943	0.00481	0.00136	0.00211	0.00821	0.00417	0.00378
7	0.01368	0.31139	0.01495	0.00914	0.01180	0.48487	0.00752	0.08153	0.01099	0.01110	0.00634	0.00724	0.00536	0.00399	0.00332	0.00100	0.00604	0.00255	0.00213	0.00506
8	0.00508	0.00363	0.00486	0.00580	0.00609	0.00341	0.00400	0.00588	0.00790	0.01051	0.02229	0.78748	0.02654	0.01259	0.00521	0.00167	0.00247	0.07752	0.00376	0.00333
9	0.01599	0.01045	0.01161	0.00890	0.01212	0.01122	0.00735	0.65456	0.01754	0.19176	0.01103	0.01058	0.00755	0.00490	0.00406	0.00123	0.00426	0.00374	0.00426	0.00690
10	0.19107	0.19737	0.04042	0.00852	0.01126	0.37073	0.00714	0.08980	0.01048	0.03021	0.00657	0.00740	0.00531	0.00401	0.00325	0.00108	0.00543	0.00257	0.00233	0.00504
11	0.01486	0.01872	0.01136	0.01032	0.01243	0.79281	0.00776	0.01651	0.05879	0.01034	0.00687	0.00777	0.00564	0.00426	0.00369	0.00106	0.00708	0.00273	0.00221	0.00480
12	0.09474	0.03695	0.10870	0.04320	0.04321	0.50420	0.06450	0.03708	0.01051	0.01182	0.00663	0.00793	0.00530	0.00403	0.00367	0.00113	0.00643	0.00286	0.00212	0.00501
13	0.00502	0.00365	0.00460	0.00532	0.00569	0.00338	0.00354	0.00570	0.00778	0.01019	0.02392	0.66323	0.13325	0.09632	0.00666	0.00184	0.00247	0.01058	0.00364	0.00323
14	0.12025	0.08996	0.02947	0.10705	0.26495	0.13002	0.05738	0.07331	0.06545	0.01387	0.00775	0.00933	0.00618	0.00397	0.00370	0.00120	0.00500	0.00329	0.00233	0.00557
15	0.06203	0.75283	0.01970	0.00709	0.01041	0.07208	0.00686	0.01241	0.00839	0.01007	0.00568	0.00657	0.00516	0.00354	0.00267	0.00090	0.00447	0.00220	0.00180	0.00512
16	0.00699	0.00551	0.00624	0.00606	0.00710	0.03122	0.00447	0.11793	0.01022	0.01347	0.16785	0.34461	0.16633	0.04028	0.02513	0.00165	0.02896	0.00828	0.00374	0.00397
17	0.01326	0.02739	0.01205	0.01021	0.04117	0.25936	0.05457	0.28810	0.06841	0.04838	0.00964	0.05245	0.00796	0.03209	0.00510	0.00132	0.05593	0.00392	0.00308	0.00561

[dist]
# distance from previous block
# <min> <max>
0	2

[block]
# block no. 8 follows, 66 sequences, length 29
# corresponding to MSA columns:
# 292-320
name=unknown_I
#
# <colnr> <probs for GDERKNQSTAVLIFYWHMCP>
#	G	D	E	R	K	N	Q	S	T	A	V	L	I	F	Y	W	H	M	C	P
0	0.18950	0.08427	0.00880	0.00677	0.00887	0.00841	0.00554	0.09801	0.15360	0.09486	0.01181	0.01445	0.02116	0.00847	0.08998	0.06595	0.00420	0.06416	0.05622	0.00496
1	0.00505	0.00397	0.00457	0.00479	0.00577	0.00350	0.00349	0.00617	0.00924	0.01177	0.17493	0.25863	0.45081	0.01061	0.00492	0.00144	0.00216	0.03081	0.00389	0.00347
2	0.01220	0.00989	0.03773	0.01027	0.09221	0.01049	0.00772	0.40291	0.18543	0.03984	0.02691	0.04588	0.02635	0.00639	0.03630	0.00150	0.03375	0.00434	0.00366	0.00624
3	0.01078	0.06918	0.16035	0.00853	0.01174	0.01009	0.00793	0.19855	0.31883	0.04297	0.01405	0.01367	0.06738	0.00518	0.00395	0.00126	0.00397	0.00413	0.02607	0.02139
4	0.00513	0.00368	0.00491	0.00584	0.00618	0.00346	0.00408	0.00598	0.00798	0.01058	0.02259	0.74442	0.04081	0.01249	0.00522	0.00167	0.00251	0.10537	0.00376	0.00335
5	0.07748	0.00747	0.00919	0.00711	0.01020	0.00687	0.00582	0.09963	0.03604	0.50566	0.01300	0.01206	0.00871	0.00530	0.02737	0.00129	0.00366	0.00364	0.00419	0.15530
6	0.00916	0.00953	0.06593	0.01243	0.01535	0.00880	0.40096	0.04733	0.04150	0.05005	0.01200	0.13221	0.02969	0.00583	0.00548	0.00144	0.08308	0.04262	0.00268	0.02393
7	0.01026	0.00798	0.00863	0.00768	0.00989	0.00885	0.00608	0.10694	0.51998	0.06228	0.01839	0.01903	0.09297	0.00626	0.00424	0.00137	0.00324	0.06261	0.03741	0.00591
8	0.00571	0.00397	0.00468	0.00476	0.00499	0.00398	0.00295	0.00604	0.00643	0.00854	0.01585	0.09361	0.08804	0.60904	0.12124	0.00384	0.00451	0.00640	0.00265	0.00276
9	0.00841	0.00721	0.00841	0.00601	0.00961	0.00541	0.00481	0.01022	0.00841	0.01322	0.00721	0.00841	0.00601	0.00300	0.00300	0.00060	0.00300	0.00240	0.00240	0.88222
10	0.05441	0.11927	0.02132	0.09719	0.09355	0.31325	0.02138	0.01332	0.05325	0.01114	0.00789	0.04788	0.00703	0.00524	0.01731	0.00130	0.09430	0.01386	0.00220	0.00490
11	0.00500	0.00362	0.00472	0.00549	0.00587	0.00335	0.00372	0.00583	0.00818	0.01089	0.09004	0.72615	0.08782	0.01217	0.00512	0.00160	0.00230	0.01097	0.00382	0.00335
12	0.00907	0.00871	0.01532	0.05451	0.53742	0.00863	0.12309	0.01149	0.00947	0.01337	0.11834	0.05145	0.01154	0.00465	0.00428	0.00126	0.00462	0.00464	0.00241	0.00572
13	0.01516	0.01934	0.01150	0.01045	0.01254	0.84113	0.00784	0.01620	0.01150	0.00993	0.00627	0.00732	0.00523	0.00418	0.00366	0.00105	0.00732	0.00261	0.00209	0.00470
14	0.00493	0.00357	0.00466	0.00554	0.00586	0.00330	0.00372	0.00566	0.00788	0.01040	0.02373	0.79536	0.08536	0.01253	0.00515	0.00163	0.00233	0.01132	0.00377	0.00330
15	0.01337	0.00760	0.00855	0.00687	0.00928	0.00785	0.00557	0.33647	0.01352	0.22397	0.01253	0.01264	0.00891	0.00486	0.00364	0.00113	0.00331	0.00380	0.31031	0.00581
16	0.00496	0.00356	0.00471	0.00561	0.00588	0.00331	0.00375	0.00569	0.00788	0.01049	0.03961	0.82054	0.04385	0.01257	0.00516	0.00163	0.00234	0.01138	0.00378	0.00331
17	0.01438	0.00843	0.01222	0.00933	0.01244	0.00812	0.15118	0.18474	0.04989	0.38801	0.03415	0.04375	0.01020	0.00512	0.00425	0.00128	0.00417	0.01745	0.00408	0.03683
18	0.01471	0.07681	0.01219	0.01022	0.01235	0.76431	0.00780	0.01577	0.01115	0.00990	0.00620	0.00730	0.00523	0.00420	0.00382	0.00105	0.02761	0.00261	0.00206	0.00473
19	0.01516	0.01934	0.01150	0.01045	0.01254	0.84113	0.00784	0.01620	0.01150	0.00993	0.00627	0.00732	0.00523	0.00418	0.00366	0.00105	0.00732	0.00261	0.00209	0.00470
20	0.01173	0.01314	0.01479	0.03930	0.07783	0.34222	0.24727	0.04718	0.01063	0.03071	0.00984	0.03995	0.02803	0.00490	0.00428	0.00126	0.00616	0.06327	0.00243	0.00505
21	0.00499	0.00402	0.00422	0.00432	0.00535	0.00350	0.00305	0.00582	0.00855	0.01039	0.03456	0.11877	0.61556	0.15003	0.00744	0.00182	0.00239	0.00842	0.00355	0.00325
22	0.07423	0.01043	0.03504	0.04201	0.05890	0.06509	0.07338	0.30340	0.13556	0.10448	0.01076	0.01177	0.00806	0.03163	0.00453	0.00135	0.00453	0.01534	0.00345	0.00606
23	0.00948	0.00860	0.01410	0.39542	0.39813	0.00948	0.01148	0.06542	0.00943	0.02859	0.00774	0.01044	0.00607	0.00393	0.00404	0.00127	0.00504	0.00362	0.00211	0.00560
24	0.00707	0.00531	0.00603	0.00574	0.00681	0.00536	0.00409	0.10733	0.08256	0.01271	0.07314	0.22327	0.16009	0.23097	0.02783	0.00218	0.00323	0.00729	0.00347	0.02552
25	0.03833	0.10624	0.04624	0.24148	0.24822	0.08899	0.05156	0.01254	0.03181	0.03512	0.00747	0.00965	0.00597	0.00408	0.00438	0.00125	0.05585	0.00338	0.00207	0.00537
26	0.01026	0.00676	0.00783	0.00672	0.00849	0.00695	0.00516	0.26233	0.03481	0.11660	0.15331	0.13247	0.07432	0.12429	0.02943	0.00182	0.00352	0.00609	0.00392	0.00494
27	0.00554	0.00382	0.00461	0.00501	0.00517	0.00371	0.00314	0.00591	0.00684	0.00907	0.01754	0.33997	0.04223	0.47999	0.01375	0.00291	0.00328	0.04162	0.00304	0.00285
28	0.00913	0.19089	0.57696	0.01031	0.01540	0.02281	0.01244	0.03627	0.06606	0.01278	0.00765	0.00862	0.00571	0.00393	0.00362	0.00120	0.00544	0.00295	0.00196	0.00587

[dist]
# distance from previous block
# <min> <max>
0	1

[block]
# block no. 9 follows, 66 sequences, length 21
# corresponding to MSA columns:
# 322-342
name=unknown_J
#
# <colnr> <probs for GDERKNQSTAVLIFYWHMCP>
#	G	D	E	R	K	N	Q	S	T	A	V	L	I	F	Y	W	H	M	C	P
0	0.00925	0.00850	0.01052	0.04504	0.08419	0.08674	0.08484	0.06450	0.14199	0.02912	0.18460	0.01788	0.08038	0.04029	0.00535	0.00137	0.04289	0.00500	0.00323	0.05434
1	0.00727	0.00405	0.00553	0.00546	0.00573	0.00409	0.00371	0.05577	0.00658	0.00892	0.00955	0.10808	0.00990	0.06861	0.01375	0.63752	0.00342	0.00460	0.03508	0.00237
2	0.00952	0.00911	0.01552	0.20577	0.65533	0.00950	0.01219	0.01199	0.00899	0.01262	0.00754	0.01021	0.00620	0.00371	0.00403	0.00124	0.00495	0.00361	0.00196	0.00600
3	0.11476	0.01386	0.01155	0.04504	0.08241	0.41596	0.00825	0.01341	0.00921	0.01116	0.00610	0.00803	0.00527	0.00486	0.00617	0.00129	0.23297	0.00294	0.00204	0.00474
4	0.01005	0.00980	0.01602	0.07867	0.75229	0.03679	0.01222	0.01244	0.00924	0.01296	0.00756	0.01000	0.00632	0.00366	0.00401	0.00121	0.00494	0.00358	0.00200	0.00624
5	0.00554	0.00378	0.00453	0.00489	0.00498	0.00369	0.00295	0.00581	0.00661	0.00881	0.01641	0.34009	0.01932	0.53764	0.01479	0.00307	0.00334	0.00803	0.00295	0.00278
6	0.01157	0.01268	0.01227	0.09913	0.25796	0.33735	0.00902	0.05183	0.04096	0.01215	0.00963	0.04608	0.04486	0.00468	0.00394	0.00117	0.00550	0.00378	0.00236	0.03308
7	0.00912	0.08692	0.11586	0.06983	0.16273	0.06598	0.08486	0.03992	0.00864	0.02126	0.00910	0.02542	0.00844	0.18157	0.03058	0.00195	0.03947	0.01737	0.01615	0.00484
8	0.00502	0.00358	0.00479	0.00573	0.00600	0.00336	0.00389	0.00578	0.00784	0.01044	0.02232	0.81754	0.02667	0.01264	0.00520	0.00166	0.00242	0.04803	0.00376	0.00332
9	0.00826	0.00773	0.01202	0.75749	0.02620	0.02907	0.01083	0.04371	0.04390	0.01126	0.00769	0.01088	0.00577	0.00415	0.00405	0.00134	0.00532	0.00363	0.00200	0.00469
10	0.00809	0.01957	0.74692	0.01167	0.01730	0.00921	0.06740	0.01255	0.00860	0.01275	0.00799	0.04526	0.00614	0.00421	0.00397	0.00131	0.00589	0.00348	0.00182	0.00584
11	0.00493	0.00358	0.00465	0.00551	0.00585	0.00331	0.00371	0.00566	0.00790	0.01041	0.02402	0.78263	0.09791	0.01250	0.00514	0.00162	0.00233	0.01127	0.00377	0.00331
12	0.00524	0.00395	0.00484	0.00503	0.00587	0.00361	0.00363	0.00635	0.00913	0.01202	0.24942	0.27155	0.29876	0.01189	0.06040	0.02970	0.00273	0.00865	0.00379	0.00346
13	0.00552	0.00410	0.00525	0.00584	0.00663	0.00383	0.00451	0.00681	0.00904	0.01178	0.12431	0.31997	0.19984	0.01117	0.00518	0.00161	0.00268	0.26457	0.00384	0.00353
14	0.03650	0.00687	0.00811	0.00744	0.00915	0.00744	0.02289	0.08339	0.27412	0.05112	0.10047	0.04429	0.06764	0.05943	0.00584	0.00162	0.03103	0.17385	0.00381	0.00500
15	0.33067	0.01477	0.01008	0.00891	0.01125	0.49984	0.04518	0.01450	0.00974	0.01308	0.00614	0.00723	0.00497	0.00399	0.00330	0.00114	0.00578	0.00257	0.00224	0.00463
16	0.01516	0.01934	0.01150	0.01045	0.01254	0.84113	0.00784	0.01620	0.01150	0.00993	0.00627	0.00732	0.00523	0.00418	0.00366	0.00105	0.00732	0.00261	0.00209	0.00470
17	0.00874	0.00728	0.00869	0.00662	0.03495	0.00555	0.00508	0.01055	0.00853	0.03623	0.00747	0.00861	0.00614	0.00308	0.00307	0.00064	0.00307	0.00249	0.00246	0.83076
18	0.00526	0.00407	0.00483	0.00502	0.00602	0.00364	0.00378	0.00655	0.00958	0.01238	0.24449	0.18901	0.38469	0.01030	0.00495	0.00145	0.00225	0.09423	0.00395	0.00354
19	0.00870	0.03359	0.00815	0.00704	0.00872	0.02557	0.04011	0.02216	0.28402	0.07259	0.11165	0.18005	0.05642	0.03035	0.00478	0.00143	0.00308	0.02306	0.07358	0.00492
20	0.01277	0.09342	0.01389	0.01095	0.04624	0.30298	0.12260	0.14537	0.12399	0.03488	0.00947	0.01129	0.00763	0.00463	0.00396	0.00120	0.00558	0.04084	0.00280	0.00553

[dist]
# distance from previous block
# <min> <max>
1	9

[block]
# block no. 10 follows, 66 sequences, length 34
# corresponding to MSA columns:
# 352-379,395-400
name=unknown_K
#
# <colnr> <probs for GDERKNQSTAVLIFYWHMCP>
#	G	D	E	R	K	N	Q	S	T	A	V	L	I	F	Y	W	H	M	C	P
0	0.09986	0.02851	0.06272	0.00907	0.02225	0.20561	0.06879	0.09744	0.07930	0.02456	0.01235	0.18041	0.02764	0.00643	0.00431	0.00133	0.02135	0.04023	0.00295	0.00490
1	0.00697	0.00491	0.00633	0.00594	0.00718	0.00501	0.00454	0.03441	0.02835	0.06564	0.04514	0.03798	0.17969	0.08960	0.40545	0.00399	0.00668	0.00544	0.00294	0.05383
2	0.00907	0.00897	0.01522	0.23399	0.35089	0.02441	0.13939	0.01182	0.03524	0.01220	0.00952	0.01252	0.04237	0.00443	0.00475	0.00133	0.05381	0.02251	0.00213	0.00544
3	0.05497	0.03359	0.01058	0.02970	0.01127	0.11295	0.07806	0.19648	0.08797	0.04911	0.03309	0.14928	0.04090	0.00700	0.03498	0.00146	0.00449	0.00512	0.00327	0.05574
4	0.02505	0.16283	0.58811	0.01117	0.05568	0.01071	0.01281	0.03274	0.02713	0.01276	0.00722	0.00843	0.00541	0.00390	0.00380	0.00122	0.02038	0.00293	0.00186	0.00586
5	0.00536	0.00404	0.00505	0.00560	0.00641	0.00372	0.00426	0.00656	0.00891	0.01148	0.09710	0.34497	0.26198	0.01125	0.00514	0.00159	0.00257	0.20672	0.00382	0.00349
6	0.00624	0.00433	0.00561	0.00612	0.00694	0.00412	0.00470	0.03033	0.00916	0.04166	0.08829	0.39982	0.12092	0.01113	0.00515	0.00162	0.00279	0.24348	0.00387	0.00372
7	0.00938	0.00849	0.01382	0.30688	0.43011	0.00918	0.01104	0.05133	0.03022	0.02786	0.05577	0.01167	0.00817	0.00417	0.00408	0.00127	0.00477	0.00386	0.00229	0.00564
8	0.00821	0.00562	0.00654	0.00605	0.00745	0.00565	0.00461	0.12159	0.05352	0.08265	0.10951	0.18918	0.21403	0.05811	0.00578	0.00154	0.02824	0.03653	0.05083	0.00438
9	0.00590	0.00395	0.00451	0.00451	0.00454	0.00398	0.00256	0.00595	0.00592	0.00793	0.01271	0.02613	0.01457	0.82498	0.05284	0.00403	0.00421	0.00584	0.00245	0.00250
10	0.00841	0.00721	0.00841	0.00601	0.00961	0.00541	0.00481	0.01022	0.00841	0.01322	0.00721	0.00841	0.00601	0.00300	0.00300	0.00060	0.00300	0.00240	0.00240	0.88222
11	0.00896	0.00840	0.01400	0.46708	0.36917	0.00941	0.01164	0.04103	0.00899	0.01215	0.00748	0.01045	0.00590	0.00390	0.00404	0.00128	0.00512	0.00361	0.00197	0.00541
12	0.00498	0.00356	0.00475	0.00570	0.00595	0.00333	0.00384	0.00572	0.00781	0.01040	0.02234	0.83433	0.02675	0.01267	0.00519	0.00165	0.00239	0.03158	0.00377	0.00331
13	0.00598	0.00434	0.00526	0.00502	0.00617	0.00396	0.00376	0.00787	0.03694	0.04135	0.50622	0.07670	0.26354	0.00891	0.00476	0.00133	0.00207	0.00772	0.00423	0.00387
14	0.00542	0.00414	0.00500	0.00500	0.00606	0.00372	0.00381	0.00692	0.01021	0.01353	0.40969	0.09355	0.32398	0.00960	0.00489	0.00139	0.00217	0.08320	0.00409	0.00364
15	0.00497	0.00358	0.00469	0.00554	0.00584	0.00333	0.00371	0.00571	0.00789	0.01047	0.04137	0.77978	0.06624	0.02916	0.00546	0.00167	0.00236	0.01118	0.00376	0.00330
16	0.01256	0.52680	0.01741	0.00831	0.01126	0.32610	0.00729	0.02996	0.00969	0.01001	0.00596	0.00688	0.00525	0.00377	0.00303	0.00094	0.00546	0.00237	0.00192	0.00505
17	0.47974	0.04261	0.00904	0.00737	0.00997	0.20397	0.00594	0.17144	0.01042	0.01740	0.00660	0.00738	0.00511	0.00407	0.00309	0.00118	0.00442	0.00258	0.00269	0.00499
18	0.00833	0.01123	0.25425	0.00952	0.01273	0.04534	0.15220	0.01130	0.02032	0.06642	0.26137	0.04539	0.07212	0.00596	0.00442	0.00130	0.00438	0.00536	0.00308	0.00499
19	0.00638	0.00542	0.00689	0.00680	0.03776	0.03731	0.04434	0.00816	0.02414	0.01325	0.32738	0.13029	0.20057	0.00937	0.02988	0.00152	0.00303	0.07145	0.00373	0.03232
20	0.00530	0.00400	0.00490	0.00496	0.00586	0.00360	0.00361	0.00670	0.01003	0.01349	0.43228	0.21862	0.25216	0.00983	0.00488	0.00139	0.00205	0.00862	0.00412	0.00360
21	0.00766	0.00721	0.01217	0.84767	0.02794	0.00901	0.01127	0.01037	0.00811	0.01037	0.00721	0.01082	0.00541	0.00406	0.00406	0.00135	0.00541	0.00361	0.00180	0.00451
22	0.01205	0.62603	0.01854	0.00792	0.01101	0.24559	0.00719	0.01328	0.00915	0.00965	0.00582	0.00673	0.00521	0.00367	0.00290	0.00092	0.00517	0.00229	0.00183	0.00507
23	0.02269	0.01963	0.75257	0.01112	0.01680	0.00924	0.01406	0.01348	0.03259	0.05922	0.00802	0.00902	0.00561	0.00397	0.00385	0.00129	0.00573	0.00309	0.00198	0.00603
24	0.03284	0.01154	0.03181	0.01181	0.01508	0.16556	0.30773	0.10065	0.04796	0.19728	0.01037	0.01168	0.00757	0.00438	0.00426	0.00127	0.00558	0.02376	0.00307	0.00578
