[name]
unknown

[dist]
# distance from previous block
# <min> <max>
0	3

[block]
# block no. 0 follows, 73 sequences, length 7
# corresponding to MSA columns:
# 3-9
name=unknown_A
#
# <colnr> <probs for GDERKNQSTAVLIFYWHMCP>
#	G	D	E	R	K	N	Q	S	T	A	V	L	I	F	Y	W	H	M	C	P
0	0.01034	0.00974	0.01219	0.08264	0.37407	0.12425	0.00912	0.16069	0.06911	0.01383	0.00904	0.01250	0.00771	0.00447	0.00383	0.00118	0.00455	0.08283	0.00249	0.00542
1	0.00783	0.00667	0.00905	0.00949	0.15979	0.00663	0.06414	0.13740	0.08538	0.01359	0.08093	0.08566	0.24934	0.02865	0.00448	0.00127	0.00321	0.00565	0.00312	0.03771
2	0.01011	0.01148	0.11394	0.01311	0.08203	0.11473	0.39535	0.07656	0.00975	0.07159	0.00962	0.01099	0.05469	0.00389	0.00404	0.00119	0.00549	0.00397	0.00229	0.00518
3	0.00857	0.02465	0.01163	0.11060	0.21626	0.00827	0.09860	0.03576	0.23985	0.01208	0.00954	0.01180	0.00782	0.05325	0.00620	0.11299	0.02108	0.00379	0.00243	0.00485
4	0.09896	0.06410	0.04920	0.03817	0.32165	0.14799	0.04583	0.01205	0.00885	0.08103	0.04942	0.01085	0.04792	0.00407	0.00354	0.00110	0.00444	0.00342	0.00231	0.00509
5	0.01547	0.00669	0.00867	0.00685	0.00961	0.00621	0.00559	0.01858	0.16054	0.69674	0.01489	0.01299	0.00968	0.00472	0.00378	0.00118	0.00315	0.00386	0.00449	0.00630
6	0.00889	0.00703	0.00873	0.00744	0.00919	0.05601	0.08554	0.05526	0.20688	0.10614	0.21803	0.10635	0.04211	0.02179	0.00476	0.00130	0.04086	0.00545	0.00352	0.00471

[dist]
# distance from previous block
# <min> <max>
0	1

[block]
# block no. 1 follows, 73 sequences, length 17
# corresponding to MSA columns:
# 11-27
name=unknown_B
#
# <colnr> <probs for GDERKNQSTAVLIFYWHMCP>
#	G	D	E	R	K	N	Q	S	T	A	V	L	I	F	Y	W	H	M	C	P
0	0.07013	0.12021	0.01273	0.00970	0.02652	0.47182	0.09549	0.08714	0.03728	0.01150	0.00649	0.00750	0.00525	0.00382	0.00351	0.00103	0.02030	0.00273	0.00213	0.00472
1	0.00501	0.00374	0.00466	0.00461	0.00547	0.00338	0.00339	0.00643	0.00965	0.01316	0.54591	0.16254	0.20084	0.00870	0.00448	0.00125	0.00186	0.00763	0.00389	0.00338
2	0.00546	0.00361	0.00462	0.00505	0.00566	0.00328	0.00351	0.00629	0.00790	0.06664	0.09406	0.59736	0.14756	0.02420	0.00486	0.00146	0.00219	0.00937	0.00360	0.00332
3	0.02122	0.05292	0.42392	0.06508	0.03990	0.00898	0.16102	0.03398	0.02620	0.01180	0.00789	0.06645	0.00652	0.00426	0.00426	0.00123	0.05367	0.00369	0.00191	0.00511
4	0.00726	0.00666	0.01030	0.62939	0.05212	0.00796	0.00910	0.02860	0.09030	0.01067	0.01107	0.01325	0.09889	0.00452	0.00383	0.00125	0.00442	0.00394	0.00214	0.00435
5	0.01112	0.00782	0.00866	0.00748	0.00981	0.00864	0.00591	0.05717	0.62772	0.18928	0.01488	0.01351	0.01077	0.00497	0.00381	0.00124	0.00307	0.00410	0.00399	0.00605
6	0.01440	0.01073	0.01107	0.00858	0.01151	0.06474	0.00704	0.73165	0.01678	0.07196	0.00915	0.00909	0.00646	0.00447	0.00373	0.00112	0.00424	0.00334	0.00369	0.00625
7	0.05294	0.07827	0.18974	0.00905	0.01182	0.03467	0.06382	0.10218	0.01747	0.17463	0.00814	0.00928	0.00611	0.01954	0.00584	0.00129	0.20425	0.00322	0.00253	0.00521
8	0.00625	0.00488	0.00719	0.10193	0.06835	0.01727	0.02198	0.00751	0.00670	0.03251	0.01128	0.13675	0.01139	0.15252	0.39217	0.00382	0.00664	0.00505	0.00228	0.00355
9	0.00471	0.00344	0.00442	0.00511	0.00553	0.00318	0.00355	0.00551	0.00760	0.00999	0.06409	0.64493	0.13078	0.02717	0.00502	0.00153	0.00223	0.06461	0.00349	0.00310
10	0.02810	0.00869	0.05066	0.22963	0.33124	0.03193	0.12262	0.02559	0.00847	0.05133	0.00833	0.07130	0.00707	0.00414	0.00386	0.00120	0.00470	0.00396	0.00210	0.00509
11	0.01474	0.00804	0.01003	0.00864	0.07629	0.00804	0.00652	0.31814	0.02663	0.43282	0.04236	0.01168	0.00894	0.00461	0.00379	0.00115	0.00358	0.00371	0.00406	0.00624
12	0.64907	0.00789	0.00786	0.12417	0.03870	0.04756	0.05477	0.01109	0.00695	0.01504	0.00565	0.00701	0.00439	0.00351	0.00274	0.00117	0.00363	0.00242	0.00217	0.00421
13	0.00570	0.00424	0.00552	0.05637	0.00727	0.00419	0.00430	0.06206	0.00915	0.01235	0.27137	0.38957	0.07734	0.00930	0.00455	0.00137	0.00243	0.06580	0.00359	0.00353
14	0.00578	0.00497	0.00573	0.00579	0.00663	0.06125	0.02725	0.00739	0.05761	0.01064	0.12228	0.40191	0.14277	0.01174	0.10821	0.00193	0.00352	0.00785	0.00325	0.00348
15	0.00963	0.02278	0.14742	0.08981	0.24228	0.03708	0.05082	0.17932	0.05896	0.02753	0.01041	0.03525	0.06311	0.00444	0.00379	0.00117	0.00444	0.00384	0.00250	0.00543
16	0.00875	0.02703	0.18335	0.14735	0.27261	0.09659	0.08076	0.01138	0.01804	0.01142	0.05991	0.01006	0.00728	0.00394	0.00415	0.00117	0.04577	0.00342	0.00194	0.00508

[dist]
# distance from previous block
# <min> <max>
1	8

[block]
# block no. 2 follows, 73 sequences, length 26
# corresponding to MSA columns:
# 36-61
name=unknown_C
#
# <colnr> <probs for GDERKNQSTAVLIFYWHMCP>
#	G	D	E	R	K	N	Q	S	T	A	V	L	I	F	Y	W	H	M	C	P
0	0.00778	0.00667	0.00778	0.00556	0.00889	0.00500	0.00445	0.00945	0.00778	0.01223	0.00667	0.00778	0.00556	0.00278	0.00278	0.00056	0.00278	0.00222	0.00222	0.89108
1	0.01188	0.00565	0.00741	0.00638	0.02433	0.00517	0.00491	0.05346	0.03297	0.45287	0.18168	0.11162	0.05556	0.02297	0.00434	0.00126	0.00281	0.00535	0.00419	0.00519
2	0.00649	0.00327	0.00487	0.00487	0.00487	0.00327	0.00323	0.00490	0.00490	0.00654	0.00665	0.01174	0.00670	0.03489	0.01478	0.86817	0.00327	0.00331	0.00165	0.00165
3	0.00538	0.00395	0.00569	0.00575	0.00632	0.00447	0.00435	0.00651	0.00608	0.00862	0.01098	0.04055	0.01091	0.15255	0.67285	0.00538	0.00862	0.03571	0.00214	0.00318
4	0.01015	0.37458	0.02987	0.07990	0.16430	0.18639	0.01951	0.01171	0.00854	0.01003	0.04268	0.00821	0.00641	0.00364	0.00321	0.00096	0.01360	0.00272	0.00185	0.02172
5	0.00747	0.00480	0.00598	0.00520	0.00669	0.00440	0.00403	0.06348	0.01071	0.12107	0.54715	0.02416	0.10444	0.00690	0.00418	0.00114	0.00219	0.00596	0.00398	0.06607
6	0.00512	0.00380	0.00478	0.00470	0.00559	0.00346	0.00353	0.00664	0.00984	0.01348	0.58369	0.10336	0.18279	0.00849	0.00449	0.00125	0.00191	0.04572	0.00392	0.00342
7	0.19601	0.00631	0.00762	0.00629	0.00875	0.00603	0.00518	0.02880	0.02093	0.53137	0.02692	0.04889	0.01031	0.00524	0.00365	0.00123	0.00310	0.07393	0.00398	0.00547
8	0.01119	0.04360	0.01903	0.06964	0.21812	0.04525	0.04045	0.13852	0.01019	0.20307	0.04610	0.01168	0.00844	0.03896	0.07061	0.00161	0.01162	0.00367	0.00289	0.00537
9	0.00787	0.00786	0.00785	0.00717	0.00812	0.17151	0.00560	0.02270	0.04134	0.01054	0.14383	0.01658	0.11448	0.03284	0.19115	0.00237	0.19730	0.00450	0.00254	0.00385
10	0.00772	0.00663	0.00800	0.00584	0.00907	0.00506	0.02216	0.00942	0.00784	0.01217	0.00731	0.00946	0.00632	0.00314	0.00293	0.00063	0.00289	0.04087	0.00227	0.83025
11	0.00785	0.00673	0.00781	0.00565	0.00893	0.00519	0.00451	0.00991	0.04426	0.01238	0.00705	0.00805	0.00582	0.00288	0.00282	0.00059	0.00279	0.00231	0.00229	0.85219
12	0.04871	0.02382	0.01032	0.01018	0.13659	0.09101	0.05754	0.12596	0.20269	0.04358	0.05901	0.09117	0.03447	0.00542	0.00406	0.00122	0.02316	0.02291	0.00305	0.00513
13	0.00881	0.00807	0.01172	0.02839	0.29888	0.02243	0.06751	0.05216	0.21993	0.01300	0.04672	0.01273	0.02212	0.02209	0.06066	0.01177	0.07112	0.01407	0.00259	0.00523
14	0.01040	0.26477	0.01459	0.06169	0.17104	0.17516	0.06376	0.01917	0.04868	0.04609	0.04640	0.00914	0.00708	0.00392	0.00374	0.00105	0.04321	0.00306	0.00211	0.00496
15	0.00608	0.00487	0.00568	0.00585	0.02416	0.04505	0.02509	0.02535	0.04433	0.00935	0.01527	0.30849	0.04096	0.35509	0.05044	0.00252	0.00361	0.02187	0.00280	0.00314
16	0.00881	0.04933	0.05168	0.00743	0.00949	0.05753	0.06305	0.02916	0.26906	0.08612	0.16425	0.07871	0.07511	0.00598	0.00419	0.00123	0.02555	0.00508	0.00337	0.00486
17	0.00794	0.00752	0.01239	0.39205	0.33988	0.00851	0.01014	0.01007	0.00773	0.01064	0.00733	0.05066	0.00633	0.00421	0.00456	0.00123	0.08464	0.00366	0.00184	0.02867
18	0.00817	0.01053	0.20186	0.06329	0.25016	0.05203	0.05933	0.02021	0.07434	0.02058	0.08654	0.02937	0.08090	0.02138	0.00416	0.00123	0.00432	0.00419	0.00238	0.00504
19	0.00810	0.00633	0.00790	0.00661	0.04861	0.00539	0.00494	0.00966	0.00814	0.07965	0.07472	0.03467	0.05535	0.00470	0.02029	0.00092	0.06008	0.00341	0.00261	0.55792
20	0.00840	0.00818	0.03000	0.19610	0.32014	0.04962	0.03270	0.01077	0.04541	0.02951	0.04415	0.02818	0.04079	0.00579	0.05018	0.00148	0.08770	0.00386	0.00214	0.00488
21	0.00715	0.00617	0.02277	0.08477	0.05535	0.06770	0.00529	0.04799	0.04748	0.03372	0.06039	0.30078	0.04252	0.14199	0.00655	0.00167	0.00338	0.03458	0.00295	0.02679
22	0.00741	0.02811	0.13041	0.00804	0.03649	0.09559	0.05628	0.00961	0.05866	0.01095	0.11086	0.12969	0.08516	0.08500	0.02945	0.00159	0.08051	0.00521	0.00260	0.02838
23	0.03719	0.10709	0.09009	0.03095	0.15298	0.27902	0.06110	0.03505	0.02786	0.01146	0.08762	0.02493	0.00855	0.00424	0.00376	0.00108	0.02671	0.00336	0.00218	0.00480
24	0.00854	0.00816	0.06251	0.00902	0.10382	0.05376	0.05954	0.07151	0.05063	0.04145	0.02292	0.12789	0.00963	0.04108	0.04511	0.00136	0.00401	0.00423	0.00258	0.27226
25	0.05729	0.01091	0.11124	0.06364	0.04611	0.13636	0.08364	0.20808	0.01749	0.07973	0.03360	0.02689	0.01945	0.01797	0.02679	0.00130	0.00478	0.01253	0.00270	0.03951

[dist]
# distance from previous block
# <min> <max>
6	48

[block]
# block no. 3 follows, 73 sequences, length 12
# corresponding to MSA columns:
# 110-121
name=unknown_D
#
# <colnr> <probs for GDERKNQSTAVLIFYWHMCP>
#	G	D	E	R	K	N	Q	S	T	A	V	L	I	F	Y	W	H	M	C	P
0	0.06829	0.02359	0.04828	0.07403	0.09458	0.20113	0.08114	0.14739	0.05839	0.05953	0.02057	0.04239	0.02549	0.00484	0.01236	0.02205	0.00477	0.00361	0.00258	0.00498
1	0.10778	0.03817	0.00991	0.02944	0.11325	0.15129	0.01978	0.09053	0.15012	0.03404	0.05752	0.05711	0.00974	0.00499	0.00408	0.00118	0.05004	0.03296	0.00277	0.03532
2	0.32686	0.02318	0.08978	0.03020	0.17625	0.06521	0.03328	0.06460	0.00840	0.05663	0.01826	0.00917	0.01693	0.03896	0.00381	0.00123	0.00399	0.00296	0.00234	0.02795
3	0.03146	0.00533	0.02478	0.01798	0.07058	0.01715	0.00493	0.02737	0.07191	0.01932	0.05015	0.38253	0.05375	0.10231	0.04380	0.00184	0.03552	0.03251	0.00304	0.00373
4	0.00556	0.00430	0.00543	0.00548	0.00594	0.02833	0.00393	0.00641	0.00634	0.00864	0.03003	0.13887	0.04093	0.25549	0.41032	0.00421	0.02887	0.00548	0.00237	0.00306
5	0.00918	0.00940	0.04567	0.04523	0.69513	0.03896	0.02935	0.01164	0.02662	0.01222	0.03566	0.00992	0.00695	0.00356	0.00374	0.00112	0.00451	0.00345	0.00197	0.00572
6	0.00917	0.00785	0.00864	0.00821	0.05136	0.00894	0.00607	0.04285	0.70891	0.01571	0.07761	0.01468	0.01285	0.00518	0.00386	0.00125	0.00299	0.00436	0.00374	0.00577
7	0.03107	0.00735	0.01178	0.71415	0.05407	0.02971	0.05125	0.03741	0.00800	0.01046	0.00675	0.00976	0.00509	0.00373	0.00374	0.00123	0.00501	0.00333	0.00178	0.00435
8	0.00983	0.00745	0.02237	0.00856	0.07297	0.06138	0.05868	0.04642	0.09289	0.17859	0.05207	0.07831	0.04699	0.01614	0.07302	0.00159	0.03957	0.03409	0.00310	0.09598
9	0.09680	0.03582	0.01177	0.01070	0.12628	0.16193	0.05917	0.30308	0.06303	0.03574	0.00793	0.00869	0.00605	0.00408	0.00382	0.00111	0.03315	0.00313	0.00277	0.02495
10	0.00928	0.05386	0.05194	0.07962	0.09811	0.02943	0.03326	0.08385	0.04617	0.10726	0.04531	0.09077	0.03210	0.00525	0.00399	0.00113	0.02671	0.05394	0.00282	0.14521
11	0.00888	0.00725	0.02783	0.07103	0.07678	0.03185	0.05737	0.14046	0.04506	0.07736	0.04129	0.10794	0.02981	0.03414	0.14150	0.00209	0.04501	0.03106	0.00283	0.02046

[dist]
# distance from previous block
# <min> <max>
0	7

[block]
# block no. 4 follows, 73 sequences, length 39
# corresponding to MSA columns:
# 129-167
name=unknown_E
#
# <colnr> <probs for GDERKNQSTAVLIFYWHMCP>
#	G	D	E	R	K	N	Q	S	T	A	V	L	I	F	Y	W	H	M	C	P
0	0.06966	0.03687	0.00998	0.03331	0.10391	0.21109	0.00669	0.07043	0.08513	0.16480	0.08259	0.01096	0.00917	0.00442	0.00384	0.00109	0.03435	0.00339	0.00292	0.05538
1	0.04045	0.08177	0.01128	0.08807	0.11473	0.26527	0.00743	0.11511	0.07079	0.08039	0.00820	0.02113	0.00662	0.03804	0.00440	0.00120	0.03444	0.00320	0.00249	0.00499
2	0.01060	0.08668	0.02241	0.04455	0.22135	0.10578	0.04419	0.14184	0.03498	0.06868	0.01945	0.01041	0.00701	0.07094	0.00569	0.00134	0.09310	0.00342	0.00242	0.00514
3	0.00583	0.06400	0.03883	0.00533	0.00643	0.03012	0.00414	0.00691	0.00816	0.03452	0.12946	0.41977	0.18940	0.02138	0.00456	0.00135	0.00252	0.00805	0.00332	0.01590
4	0.00697	0.00677	0.06478	0.00704	0.00809	0.04959	0.00582	0.07090	0.00731	0.01011	0.00997	0.09513	0.00980	0.08672	0.41866	0.00382	0.12808	0.00445	0.00222	0.00377
5	0.00924	0.00886	0.03090	0.26642	0.39921	0.03224	0.07144	0.07672	0.02927	0.02865	0.00745	0.00962	0.00583	0.00363	0.00377	0.00117	0.00476	0.00342	0.00205	0.00535
6	0.00907	0.00594	0.00698	0.00567	0.00788	0.00529	0.00442	0.10769	0.02224	0.16482	0.06414	0.08345	0.15977	0.06476	0.00476	0.00119	0.00281	0.00484	0.00331	0.27096
7	0.00953	0.00767	0.01012	0.02088	0.03928	0.02753	0.09921	0.11830	0.00970	0.08516	0.06177	0.01010	0.00797	0.00395	0.01566	0.00092	0.00362	0.00314	0.00269	0.46279
8	0.10508	0.00905	0.01364	0.02994	0.63322	0.04329	0.01983	0.03669	0.00867	0.03767	0.00706	0.00893	0.00577	0.00352	0.00374	0.00113	0.02190	0.00319	0.00204	0.00563
9	0.00458	0.00335	0.00432	0.00509	0.00544	0.00308	0.00345	0.00529	0.00737	0.00967	0.02272	0.75224	0.12174	0.01146	0.00475	0.00150	0.00217	0.02523	0.00348	0.00307
10	0.00885	0.00984	0.11200	0.07302	0.30101	0.03139	0.13407	0.05642	0.08334	0.02100	0.05691	0.02707	0.02489	0.00449	0.01284	0.00125	0.03006	0.00393	0.00231	0.00530
11	0.00540	0.00377	0.00481	0.00482	0.00507	0.00401	0.00318	0.00591	0.00570	0.00784	0.01133	0.03616	0.01228	0.54553	0.32385	0.00447	0.00596	0.00502	0.00220	0.00268
12	0.00568	0.00388	0.00481	0.00493	0.00578	0.00351	0.00353	0.00678	0.01701	0.06238	0.18082	0.38120	0.18692	0.06288	0.00541	0.00149	0.00225	0.02484	0.00357	0.03234
13	0.00778	0.01905	0.82602	0.01058	0.01606	0.00863	0.01364	0.01205	0.00800	0.03445	0.00695	0.00805	0.00488	0.00359	0.00357	0.00119	0.00548	0.00280	0.00167	0.00557
14	0.01003	0.87041	0.01966	0.00642	0.00963	0.01485	0.00642	0.01123	0.00762	0.00883	0.00522	0.00602	0.00481	0.00321	0.00241	0.00080	0.00401	0.00201	0.00160	0.00481
15	0.00901	0.06876	0.22734	0.04965	0.35351	0.02081	0.15638	0.04812	0.00877	0.01225	0.00700	0.00885	0.00549	0.00343	0.00371	0.00114	0.00507	0.00329	0.00186	0.00554
16	0.00457	0.00340	0.00421	0.00485	0.00531	0.00309	0.00330	0.00527	0.00745	0.00964	0.02451	0.64365	0.21830	0.03726	0.00514	0.00153	0.00216	0.00986	0.00345	0.00305
17	0.00729	0.00699	0.01215	0.76866	0.05751	0.00844	0.06662	0.00983	0.00764	0.00986	0.00675	0.00998	0.00509	0.00369	0.00380	0.00125	0.00507	0.00341	0.00169	0.00430
18	0.00980	0.19956	0.13720	0.06458	0.13839	0.07745	0.07724	0.10906	0.02884	0.03145	0.01631	0.03555	0.00717	0.01521	0.00374	0.00114	0.00465	0.03529	0.00223	0.00513
19	0.00524	0.00409	0.00565	0.00689	0.09581	0.00387	0.00433	0.00635	0.00811	0.01093	0.17616	0.45959	0.13665	0.01057	0.04619	0.00160	0.00269	0.00844	0.00336	0.00348
20	0.00546	0.00364	0.00409	0.00409	0.00409	0.00364	0.00227	0.00546	0.00546	0.00727	0.01182	0.02455	0.01364	0.86815	0.01910	0.00364	0.00364	0.00546	0.00227	0.00227
21	0.00545	0.00408	0.00592	0.00588	0.00644	0.00474	0.00447	0.00660	0.00595	0.00853	0.01014	0.01585	0.00982	0.13803	0.72071	0.00560	0.03234	0.00419	0.00203	0.00323
22	0.00824	0.12306	0.19482	0.02712	0.20826	0.00935	0.11874	0.01089	0.03484	0.01102	0.00810	0.05145	0.01679	0.00594	0.06272	0.00153	0.09652	0.00367	0.00192	0.00501
23	0.00894	0.01020	0.02112	0.04847	0.01939	0.03701	0.75521	0.01196	0.00880	0.01177	0.00744	0.00997	0.00562	0.00328	0.00453	0.00126	0.02388	0.00430	0.00188	0.00498
24	0.00821	0.00821	0.01149	0.00985	0.00985	0.01149	0.00821	0.00903	0.00575	0.00903	0.00492	0.00821	0.00492	0.00657	0.01231	0.00164	0.86128	0.00328	0.00164	0.00410
25	0.00778	0.00667	0.00778	0.00556	0.00889	0.00500	0.00445	0.00945	0.00778	0.01223	0.00667	0.00778	0.00556	0.00278	0.00278	0.00056	0.00278	0.00222	0.00222	0.89108
26	0.00652	0.00326	0.00489	0.00489	0.00489	0.00326	0.00326	0.00489	0.00489	0.00652	0.00652	0.01140	0.00652	0.01303	0.01466	0.89084	0.00326	0.00326	0.00163	0.00163
27	0.00752	0.01941	0.84871	0.01069	0.01624	0.00871	0.01386	0.01188	0.00792	0.01188	0.00673	0.00792	0.00475	0.00356	0.00356	0.00119	0.00554	0.00277	0.00158	0.00554
28	0.00526	0.00410	0.00527	0.09251	0.00762	0.02682	0.00425	0.00607	0.00715	0.00934	0.01767	0.61159	0.02068	0.12025	0.00649	0.00176	0.00283	0.04411	0.00310	0.00312
29	0.01531	0.00824	0.00978	0.00757	0.01047	0.00835	0.00623	0.36621	0.06101	0.44777	0.01235	0.01123	0.00817	0.00461	0.00377	0.00115	0.00358	0.00363	0.00422	0.00636
30	0.00789	0.09866	0.01166	0.63491	0.02147	0.08401	0.00924	0.01007	0.00801	0.00984	0.06364	0.01053	0.00705	0.00397	0.00362	0.00117	0.00483	0.00335	0.00185	0.00421
31	0.00805	0.00666	0.00781	0.00559	0.00891	0.00502	0.00448	0.00971	0.00787	0.03703	0.00691	0.00793	0.00567	0.00283	0.00281	0.00057	0.00279	0.00227	0.00229	0.86481
32	0.00910	0.00870	0.01483	0.07311	0.78100	0.00880	0.01135	0.01133	0.00848	0.01208	0.00725	0.00990	0.00616	0.00349	0.00374	0.00113	0.00447	0.01741	0.00187	0.00579
33	0.00756	0.00713	0.00644	0.00622	0.00750	0.15569	0.00470	0.06393	0.09706	0.01200	0.11958	0.20688	0.21559	0.00803	0.00427	0.00128	0.00318	0.06571	0.00334	0.00392
34	0.00477	0.00345	0.00454	0.00520	0.00562	0.00322	0.00365	0.00568	0.00783	0.01046	0.13026	0.64277	0.07372	0.01098	0.00475	0.00148	0.00221	0.07269	0.00357	0.00315
35	0.00500	0.00390	0.00452	0.00441	0.00547	0.00347	0.00331	0.01826	0.00953	0.01249	0.39188	0.07570	0.41644	0.00875	0.00445	0.00125	0.00192	0.02211	0.00377	0.00338
36	0.00761	0.04884	0.82003	0.01055	0.01601	0.00893	0.01360	0.01186	0.00791	0.01178	0.00668	0.00786	0.00475	0.00355	0.00352	0.00117	0.00549	0.00275	0.00158	0.00552
37	0.01346	0.03702	0.01122	0.00964	0.01176	0.69341	0.03944	0.07098	0.05888	0.01065	0.00662	0.00745	0.00536	0.00394	0.00345	0.00100	0.00628	0.00266	0.00216	0.00462
38	0.03912	0.12942	0.17158	0.00983	0.04629	0.07188	0.10524	0.13732	0.12679	0.07088	0.00883	0.00988	0.00675	0.00413	0.00383	0.00115	0.02947	0.01962	0.00258	0.00542

[dist]
# distance from previous block
# <min> <max>
1	4

[block]
# block no. 5 follows, 73 sequences, length 32
# corresponding to MSA columns:
# 172-203
name=unknown_F
#
# <colnr> <probs for GDERKNQSTAVLIFYWHMCP>
#	G	D	E	R	K	N	Q	S	T	A	V	L	I	F	Y	W	H	M	C	P
0	0.01031	0.07592	0.08316	0.00814	0.01028	0.31573	0.02072	0.04855	0.10734	0.03590	0.08485	0.05606	0.05545	0.00582	0.02606	0.00125	0.03324	0.01401	0.00263	0.00459
1	0.00900	0.02233	0.15623	0.05312	0.11871	0.01454	0.04499	0.11579	0.05735	0.09092	0.04110	0.13414	0.05561	0.03315	0.00458	0.00130	0.02048	0.00482	0.00283	0.01903
2	0.01041	0.20404	0.04942	0.03485	0.24225	0.14575	0.04429	0.08031	0.11543	0.01219	0.00773	0.00898	0.00629	0.01807	0.00367	0.00110	0.00464	0.00307	0.00221	0.00531
3	0.02113	0.00459	0.00617	0.00575	0.00676	0.00472	0.06143	0.00817	0.06731	0.01096	0.01476	0.15724	0.07630	0.10976	0.19178	0.00253	0.01350	0.01384	0.20364	0.01968
4	0.01037	0.67756	0.07263	0.00738	0.01059	0.12695	0.02881	0.01180	0.00808	0.00916	0.00546	0.00635	0.00484	0.00332	0.00267	0.00086	0.00454	0.00218	0.00166	0.00481
5	0.00645	0.00330	0.00495	0.00495	0.00499	0.00334	0.00334	0.00499	0.00495	0.00664	0.00671	0.01158	0.00667	0.01385	0.06008	0.84292	0.00363	0.00330	0.00165	0.00172
6	0.01374	0.04751	0.01179	0.00934	0.05672	0.03509	0.00734	0.70469	0.01623	0.03355	0.00867	0.00887	0.00626	0.00440	0.00382	0.00112	0.01788	0.00329	0.00349	0.00620
7	0.00957	0.00905	0.01035	0.07207	0.06786	0.11174	0.01716	0.12411	0.15186	0.01317	0.09585	0.01161	0.00964	0.00562	0.01783	0.00136	0.24916	0.00376	0.01339	0.00482
8	0.00509	0.00394	0.00476	0.00517	0.00615	0.00361	0.00416	0.00634	0.00852	0.01067	0.05936	0.12661	0.41397	0.01000	0.00476	0.00147	0.00251	0.31615	0.00350	0.00328
9	0.00776	0.02370	0.01109	0.09975	0.07933	0.12699	0.18127	0.02055	0.00844	0.01056	0.03155	0.28836	0.05680	0.00705	0.01924	0.00137	0.01340	0.00612	0.00254	0.00412
10	0.00898	0.01005	0.01947	0.01402	0.01765	0.05454	0.66875	0.01181	0.00880	0.01189	0.00736	0.00961	0.00563	0.00315	0.00414	0.00115	0.00584	0.00400	0.00195	0.13122
11	0.00564	0.00419	0.00558	0.03503	0.04245	0.00410	0.00421	0.00712	0.05633	0.02523	0.09957	0.50670	0.04560	0.06818	0.03062	0.01156	0.00275	0.00822	0.00327	0.03365
12	0.47676	0.01941	0.02538	0.00662	0.00866	0.14860	0.00540	0.02722	0.08946	0.02449	0.00706	0.02208	0.00577	0.00556	0.05444	0.00147	0.06217	0.00272	0.00239	0.00435
13	0.00853	0.00802	0.01355	0.06254	0.65835	0.00805	0.02514	0.01068	0.00870	0.01236	0.10833	0.04074	0.01009	0.00417	0.00385	0.00115	0.00412	0.00403	0.00218	0.00545
14	0.00891	0.00754	0.01130	0.05222	0.12613	0.00653	0.13277	0.02289	0.00841	0.07664	0.00752	0.00886	0.00590	0.00313	0.00330	0.00083	0.00372	0.00291	0.00230	0.50818
15	0.00466	0.00333	0.00440	0.00514	0.00541	0.00311	0.00345	0.00539	0.00743	0.00998	0.09241	0.76543	0.02538	0.03877	0.00521	0.00156	0.00219	0.01016	0.00350	0.00307
16	0.01068	0.73741	0.01836	0.00676	0.00994	0.01435	0.00653	0.13822	0.00917	0.01112	0.00580	0.00648	0.00506	0.00341	0.00262	0.00085	0.00403	0.00222	0.00194	0.00506
17	0.89465	0.00726	0.00551	0.00493	0.00726	0.00842	0.00406	0.01103	0.00638	0.01683	0.00522	0.00609	0.00406	0.00348	0.00232	0.00116	0.00290	0.00203	0.00232	0.00406
18	0.00739	0.04960	0.72919	0.01004	0.01499	0.00852	0.01262	0.01131	0.00771	0.01143	0.00702	0.00857	0.00524	0.00613	0.09279	0.00168	0.00596	0.00287	0.00163	0.00529
19	0.01438	0.01100	0.01106	0.00863	0.01152	0.09288	0.00705	0.70892	0.01659	0.06686	0.00901	0.00899	0.00639	0.00445	0.00372	0.00111	0.00433	0.00331	0.00362	0.00618
20	0.00531	0.00383	0.00501	0.00472	0.00560	0.00354	0.00354	0.00708	0.01062	0.01504	0.84277	0.02802	0.03540	0.00767	0.00442	0.00118	0.00177	0.00678	0.00413	0.00354
21	0.00688	0.00420	0.00545	0.00493	0.00613	0.00379	0.00377	0.00854	0.01048	0.13321	0.66258	0.02648	0.09418	0.00738	0.00433	0.00118	0.00198	0.00644	0.00415	0.00392
22	0.00890	0.00999	0.02141	0.01657	0.10629	0.00943	0.74502	0.01196	0.00882	0.01204	0.00753	0.01003	0.00572	0.00318	0.00435	0.00125	0.00613	0.00431	0.00189	0.00515
23	0.00709	0.00667	0.01125	0.85913	0.02584	0.00834	0.01042	0.00959	0.00750	0.00959	0.00667	0.01000	0.00500	0.00375	0.00375	0.00125	0.00500	0.00333	0.00167	0.00417
24	0.01040	0.00815	0.00876	0.00765	0.00992	0.00924	0.00602	0.09572	0.69402	0.08407	0.01465	0.01343	0.01080	0.00500	0.00381	0.00125	0.00310	0.00412	0.00388	0.00602
25	0.00494	0.00364	0.00481	0.02363	0.00634	0.00346	0.00411	0.00592	0.00773	0.01010	0.03622	0.55131	0.12659	0.01093	0.00480	0.00152	0.00247	0.18486	0.00345	0.00318
26	0.00586	0.00429	0.00619	0.00602	0.00644	0.00504	0.00455	0.00651	0.00575	0.00822	0.00914	0.01461	0.00892	0.11701	0.53563	0.15042	0.09646	0.00398	0.00194	0.00303
27	0.00463	0.00340	0.00433	0.00505	0.00546	0.00313	0.00347	0.00536	0.00743	0.00970	0.02320	0.68611	0.15261	0.02607	0.00500	0.00153	0.00221	0.04477	0.00346	0.00307
28	0.00586	0.00423	0.00592	0.00710	0.07570	0.00408	0.00484	0.00718	0.02071	0.03924	0.09004	0.45458	0.04525	0.01034	0.02281	0.00158	0.00282	0.19073	0.00341	0.00359
29	0.03483	0.02485	0.14094	0.06470	0.33185	0.10106	0.14920	0.04022	0.02325	0.04275	0.00735	0.00905	0.00571	0.00355	0.00372	0.00114	0.00509	0.00331	0.00203	0.00542
30	0.02561	0.04921	0.04551	0.01784	0.03411	0.36913	0.09938	0.08420	0.18448	0.01997	0.02169	0.00959	0.01435	0.00415	0.00361	0.00110	0.00524	0.00326	0.00252	0.00503
31	0.06401	0.12694	0.21580	0.01227	0.22161	0.06170	0.03228	0.11314	0.01900	0.05854	0.00730	0.00835	0.00560	0.00363	0.00340	0.00108	0.00458	0.00292	0.00221	0.03566

[dist]
# distance from previous block
# <min> <max>
1	10

[block]
# block no. 6 follows, 73 sequences, length 40
# corresponding to MSA columns:
# 214-253
name=unknown_G
#
# <colnr> <probs for GDERKNQSTAVLIFYWHMCP>
#	G	D	E	R	K	N	Q	S	T	A	V	L	I	F	Y	W	H	M	C	P
0	0.02598	0.05648	0.01528	0.03470	0.17139	0.00617	0.02445	0.02316	0.04758	0.03944	0.02299	0.28453	0.05090	0.00850	0.04624	0.00155	0.00360	0.10355	0.00288	0.03062
1	0.04262	0.13641	0.09421	0.00861	0.03919	0.13027	0.01940	0.24222	0.12997	0.03646	0.00970	0.00995	0.04094	0.00426	0.00344	0.00107	0.00429	0.00322	0.00279	0.04098
2	0.00493	0.00356	0.00452	0.00507	0.00556	0.00329	0.00356	0.00562	0.00736	0.00965	0.03427	0.52609	0.14486	0.07695	0.00628	0.04226	0.00243	0.08826	0.00329	0.02220
3	0.00609	0.00449	0.00599	0.00614	0.03623	0.00435	0.03792	0.03827	0.03199	0.03956	0.07385	0.34341	0.12996	0.18079	0.03381	0.00197	0.00305	0.01549	0.00318	0.00347
4	0.00950	0.19644	0.39642	0.01059	0.08975	0.04885	0.05444	0.01258	0.02833	0.09348	0.00767	0.02255	0.00587	0.00374	0.00342	0.00110	0.00487	0.00300	0.00203	0.00540
5	0.01594	0.00653	0.00872	0.00676	0.00946	0.00596	0.00558	0.05575	0.01073	0.73866	0.01401	0.01246	0.00898	0.00470	0.00408	0.00117	0.03856	0.00372	0.04204	0.00617
6	0.00552	0.00419	0.00613	0.00610	0.00683	0.00488	0.00474	0.00725	0.04034	0.00900	0.01026	0.01471	0.00946	0.02719	0.81825	0.00583	0.00976	0.00403	0.00208	0.00346
7	0.00993	0.56141	0.14575	0.00793	0.03671	0.12626	0.00769	0.01161	0.00814	0.00951	0.00694	0.00776	0.03942	0.00362	0.00284	0.00091	0.00455	0.00247	0.00173	0.00483
8	0.00874	0.00908	0.02573	0.03850	0.28532	0.00891	0.38544	0.02791	0.04845	0.01218	0.00893	0.04863	0.02007	0.00408	0.00445	0.00125	0.03722	0.01779	0.00211	0.00522
9	0.01666	0.00649	0.00875	0.00673	0.00962	0.00570	0.00555	0.03451	0.02442	0.81734	0.01469	0.01271	0.00926	0.00465	0.00377	0.00116	0.00321	0.00377	0.00461	0.00638
10	0.00713	0.00664	0.01112	0.68270	0.12262	0.00794	0.00994	0.00943	0.00760	0.00991	0.00796	0.08584	0.00687	0.00441	0.00384	0.00126	0.00469	0.00399	0.00185	0.00428
11	0.00573	0.00425	0.00565	0.00575	0.03444	0.00448	0.02612	0.00618	0.00591	0.00808	0.01176	0.10003	0.01315	0.57240	0.13290	0.00352	0.04902	0.00553	0.00229	0.00279
12	0.00752	0.01941	0.84871	0.01069	0.01624	0.00871	0.01386	0.01188	0.00792	0.01188	0.00673	0.00792	0.00475	0.00356	0.00356	0.00119	0.00554	0.00277	0.00158	0.00554
13	0.00543	0.00373	0.00454	0.00454	0.00470	0.00388	0.00284	0.00575	0.00559	0.00761	0.01141	0.02226	0.01265	0.67209	0.21379	0.00420	0.00513	0.00512	0.00221	0.00252
14	0.00536	0.00402	0.00603	0.00603	0.00670	0.00469	0.00469	0.00670	0.00603	0.00871	0.01005	0.01474	0.00938	0.02814	0.85328	0.00603	0.01005	0.00402	0.00201	0.00335
15	0.00825	0.04685	0.05046	0.49830	0.14093	0.00893	0.12560	0.03689	0.00826	0.02979	0.00705	0.00968	0.00536	0.00362	0.00377	0.00120	0.00502	0.00342	0.00185	0.00476
16	0.00520	0.00362	0.00474	0.02776	0.00610	0.00337	0.00367	0.00612	0.00797	0.04093	0.14988	0.58597	0.10841	0.02166	0.00482	0.00145	0.00222	0.00927	0.00356	0.00328
17	0.00747	0.00706	0.01194	0.71378	0.16820	0.00844	0.01061	0.00992	0.00768	0.01005	0.00674	0.00988	0.00516	0.00368	0.00374	0.00123	0.00491	0.00334	0.00170	0.00448
18	0.00529	0.00407	0.00499	0.00543	0.00647	0.00377	0.00451	0.00666	0.00865	0.01083	0.05078	0.03908	0.39808	0.00990	0.00482	0.00150	0.00270	0.42566	0.00349	0.00333
19	0.00999	0.03885	0.20063	0.06053	0.04471	0.07524	0.32802	0.04777	0.00912	0.10310	0.00786	0.00938	0.00575	0.00370	0.00424	0.00120	0.03892	0.00357	0.00218	0.00525
20	0.00808	0.07245	0.47048	0.04724	0.01614	0.00906	0.20884	0.04518	0.00846	0.01195	0.00781	0.06290	0.00633	0.00401	0.00379	0.00120	0.00533	0.00367	0.00187	0.00520
21	0.00811	0.09055	0.65700	0.01123	0.06702	0.03559	0.04194	0.01186	0.00802	0.01152	0.00660	0.00789	0.00487	0.00357	0.00365	0.00115	0.01959	0.00280	0.00163	0.00543
22	0.00646	0.00462	0.00547	0.00544	0.00664	0.00447	0.00426	0.03333	0.08877	0.06095	0.11031	0.11722	0.29037	0.05493	0.00531	0.00151	0.00261	0.18999	0.00359	0.00376
23	0.00863	0.02948	0.58805	0.01157	0.04188	0.04372	0.13989	0.05045	0.00871	0.03261	0.00712	0.00840	0.00513	0.00357	0.00369	0.00118	0.00554	0.00307	0.00183	0.00548
24	0.01117	0.07614	0.20954	0.00940	0.01275	0.12014	0.09841	0.19100	0.03337	0.11355	0.00980	0.01166	0.02537	0.00447	0.00374	0.00116	0.00481	0.05540	0.00272	0.00539
25	0.01023	0.01065	0.01603	0.02490	0.02717	0.15005	0.40182	0.07732	0.03089	0.04639	0.04079	0.01011	0.00697	0.00416	0.00524	0.00125	0.12495	0.00388	0.00226	0.00493
26	0.00514	0.00393	0.00472	0.00451	0.00554	0.00357	0.00339	0.00688	0.03121	0.01352	0.56964	0.03019	0.28763	0.00818	0.00441	0.00121	0.00184	0.00707	0.00392	0.00348
27	0.01544	0.00712	0.00899	0.00704	0.00981	0.00678	0.00576	0.16221	0.06907	0.61514	0.01401	0.04138	0.00945	0.00489	0.00381	0.00117	0.00331	0.00397	0.00439	0.00624
28	0.00878	0.00785	0.01417	0.14938	0.28008	0.00789	0.22663	0.01123	0.02360	0.07869	0.01028	0.05649	0.03038	0.00502	0.02117	0.00134	0.00478	0.05489	0.00233	0.00503
29	0.00752	0.01941	0.84871	0.01069	0.01624	0.00871	0.01386	0.01188	0.00792	0.01188	0.00673	0.00792	0.00475	0.00356	0.00356	0.00119	0.00554	0.00277	0.00158	0.00554
30	0.00757	0.01908	0.81922	0.01088	0.01636	0.00874	0.04302	0.01189	0.00795	0.01189	0.00676	0.00800	0.00479	0.00355	0.00360	0.00119	0.00557	0.00283	0.00160	0.00553
31	0.01514	0.00928	0.01009	0.00794	0.01069	0.11506	0.02436	0.28626	0.01283	0.42496	0.01147	0.02074	0.00779	0.00459	0.00391	0.00114	0.02031	0.00356	0.00388	0.00601
32	0.03484	0.03588	0.47077	0.00889	0.01288	0.00816	0.02127	0.06245	0.10510	0.06891	0.05002	0.04434	0.05092	0.00467	0.00370	0.00120	0.00440	0.00378	0.00250	0.00532
33	0.00601	0.00429	0.00600	0.00686	0.00771	0.00428	0.00598	0.00770	0.00860	0.01118	0.01989	0.06458	0.02168	0.01040	0.00517	0.00172	0.00342	0.79763	0.00346	0.00344
34	0.00618	0.00453	0.00543	0.00526	0.00566	0.03086	0.00363	0.01448	0.00618	0.02868	0.02050	0.02794	0.01172	0.46612	0.29040	0.00407	0.04221	0.00477	0.01844	0.00295
35	0.89465	0.00726	0.00551	0.00493	0.00726	0.00842	0.00406	0.01103	0.00638	0.01683	0.00522	0.00609	0.00406	0.00348	0.00232	0.00116	0.00290	0.00203	0.00232	0.00406
36	0.04585	0.00774	0.00937	0.00728	0.01013	0.00765	0.00602	0.28620	0.02267	0.51493	0.01270	0.01210	0.00850	0.00471	0.00375	0.00117	0.00350	0.02529	0.00423	0.00622
37	0.04794	0.00415	0.00532	0.00502	0.00601	0.00394	0.02651	0.00701	0.00951	0.01357	0.53209	0.13376	0.14028	0.00801	0.00444	0.00124	0.01421	0.00701	0.02649	0.00350
38	0.00540	0.00376	0.00469	0.00469	0.00493	0.00396	0.00305	0.00585	0.00570	0.00779	0.01183	0.02172	0.03024	0.58554	0.28099	0.00434	0.00562	0.00506	0.00222	0.00263
39	0.33373	0.06657	0.04923	0.05022	0.06890	0.05528	0.01971	0.12061	0.04310	0.03374	0.01759	0.00805	0.00570	0.00372	0.00309	0.00107	0.01073	0.00268	0.00246	0.10383

[dist]
# distance from previous block
# <min> <max>
0	3

[block]
# block no. 7 follows, 73 sequences, length 30
# corresponding to MSA columns:
# 257-286
name=unknown_H
#
# <colnr> <probs for GDERKNQSTAVLIFYWHMCP>
#	G	D	E	R	K	N	Q	S	T	A	V	L	I	F	Y	W	H	M	C	P
0	0.01091	0.02153	0.05568	0.01023	0.11665	0.13591	0.05382	0.23413	0.07502	0.04246	0.02654	0.05242	0.01690	0.00441	0.00365	0.00106	0.00429	0.00364	0.00280	0.12794
1	0.14497	0.00924	0.00930	0.00768	0.01023	0.03143	0.00619	0.37456	0.31756	0.01913	0.01062	0.01033	0.00784	0.00452	0.00353	0.00117	0.00356	0.00345	0.00349	0.02120
2	0.01168	0.00908	0.00876	0.00749	0.00955	0.18584	0.00597	0.13027	0.06058	0.20240	0.06681	0.03609	0.02609	0.01866	0.00452	0.00121	0.04949	0.08738	0.00330	0.07482
3	0.00490	0.00388	0.00441	0.00451	0.00549	0.00350	0.00332	0.00632	0.03956	0.01120	0.19530	0.19050	0.44659	0.03020	0.00486	0.00137	0.00206	0.03513	0.00360	0.00331
4	0.00903	0.28993	0.45170	0.00968	0.02761	0.05393	0.05825	0.02529	0.00823	0.02499	0.00643	0.00750	0.00495	0.00347	0.00324	0.00106	0.00508	0.00264	0.00172	0.00526
5	0.00703	0.00590	0.00943	0.03002	0.02199	0.00656	0.13994	0.02066	0.04056	0.00929	0.00923	0.04542	0.02192	0.14156	0.14461	0.18410	0.15199	0.00430	0.00206	0.00344
6	0.65379	0.00911	0.00845	0.00705	0.00951	0.12557	0.11548	0.01171	0.00730	0.01513	0.00562	0.00673	0.00439	0.00349	0.00275	0.00115	0.00390	0.00241	0.00221	0.00424
7	0.00503	0.00363	0.00449	0.00468	0.00518	0.00345	0.00319	0.00588	0.00773	0.01039	0.22587	0.26959	0.13239	0.23514	0.05466	0.00220	0.00286	0.01739	0.00325	0.00301
8	0.04254	0.05223	0.27328	0.01891	0.06981	0.04042	0.16272	0.04048	0.04973	0.04553	0.00966	0.12455	0.00861	0.03950	0.00445	0.00131	0.00468	0.00435	0.00230	0.00495
9	0.00934	0.00899	0.04697	0.06576	0.41345	0.00882	0.14616	0.01284	0.12026	0.06181	0.02584	0.01059	0.00730	0.00388	0.00423	0.00120	0.04095	0.00372	0.00231	0.00558
10	0.00752	0.01941	0.84871	0.01069	0.01624	0.00871	0.01386	0.01188	0.00792	0.01188	0.00673	0.00792	0.00475	0.00356	0.00356	0.00119	0.00554	0.00277	0.00158	0.00554
11	0.02412	0.00992	0.02043	0.01469	0.01835	0.00945	0.72006	0.06382	0.02446	0.04404	0.00805	0.01015	0.00595	0.00334	0.00432	0.00125	0.00595	0.00429	0.00216	0.00519
12	0.00885	0.02452	0.27979	0.02992	0.39140	0.03632	0.05903	0.01170	0.00852	0.03755	0.03913	0.00955	0.00670	0.00361	0.00367	0.00112	0.00479	0.00328	0.00195	0.03859
13	0.00630	0.04026	0.00707	0.02829	0.03829	0.00557	0.00485	0.00783	0.02054	0.02991	0.34462	0.02125	0.08566	0.07012	0.16326	0.00230	0.10260	0.01455	0.00302	0.00371
14	0.00451	0.00367	0.00400	0.00419	0.00519	0.00316	0.00304	0.00544	0.00833	0.01026	0.07666	0.23516	0.60345	0.00995	0.00452	0.00132	0.00196	0.00852	0.00352	0.00316
15	0.01012	0.45360	0.13678	0.00831	0.05255	0.03554	0.02212	0.01293	0.09888	0.08896	0.00818	0.00954	0.00671	0.00392	0.00310	0.00101	0.00416	0.03615	0.00223	0.00518
16	0.00852	0.12943	0.02739	0.03875	0.24055	0.02272	0.12868	0.03812	0.06267	0.02806	0.12532	0.04220	0.07184	0.00510	0.01351	0.00120	0.00404	0.00441	0.00255	0.00493
17	0.00639	0.00335	0.00502	0.00502	0.00509	0.00342	0.00342	0.00509	0.00502	0.00677	0.00692	0.01178	0.00684	0.01475	0.11013	0.79011	0.00403	0.00335	0.00167	0.00183
18	0.00929	0.00831	0.02999	0.07113	0.51949	0.00837	0.00963	0.01263	0.12560	0.06902	0.05240	0.01170	0.02564	0.00414	0.00400	0.00117	0.02566	0.00376	0.00245	0.00562
19	0.00828	0.11552	0.13482	0.09458	0.26794	0.00860	0.09622	0.02848	0.00873	0.02368	0.11370	0.03386	0.04072	0.00441	0.00376	0.00114	0.00429	0.00400	0.00224	0.00502
20	0.00854	0.12636	0.13519	0.07441	0.21689	0.00838	0.02227	0.08672	0.00929	0.04106	0.08547	0.05875	0.10105	0.00504	0.00373	0.00114	0.00392	0.00431	0.00251	0.00497
21	0.05090	0.00599	0.00793	0.00635	0.00884	0.00533	0.00514	0.01606	0.02112	0.67007	0.06879	0.09300	0.01225	0.00546	0.00385	0.00120	0.00299	0.00455	0.00440	0.00579
22	0.03936	0.00719	0.11128	0.00727	0.04938	0.00600	0.01955	0.04306	0.04262	0.07060	0.11707	0.13752	0.23942	0.00723	0.00490	0.00129	0.08293	0.00597	0.00311	0.00425
23	0.02349	0.06645	0.41803	0.02296	0.08253	0.01580	0.10451	0.01155	0.00820	0.08684	0.00922	0.09617	0.01464	0.01835	0.00398	0.00124	0.00479	0.00393	0.00216	0.00517
24	0.04697	0.00984	0.15330	0.09248	0.08203	0.04218	0.23423	0.01139	0.00879	0.09432	0.08737	0.03873	0.02714	0.00469	0.00401	0.00124	0.00468	0.04925	0.00248	0.00486
25	0.00922	0.00743	0.00805	0.00721	0.00918	0.00834	0.00562	0.09106	0.58812	0.04183	0.06489	0.07712	0.04026	0.00589	0.00396	0.00128	0.00293	0.01830	0.00382	0.00551
26	0.00855	0.10511	0.26692	0.04203	0.21577	0.00930	0.16617	0.04199	0.02662	0.01196	0.00801	0.06595	0.00678	0.00402	0.00374	0.00117	0.00491	0.00374	0.00197	0.00530
27	0.00682	0.02684	0.00594	0.00542	0.00662	0.00457	0.00408	0.05819	0.04326	0.08182	0.21783	0.31477	0.13857	0.00860	0.00435	0.00130	0.00238	0.03250	0.00367	0.03244
28	0.00740	0.00658	0.04189	0.07770	0.08249	0.06662	0.00631	0.05067	0.00872	0.04351	0.04053	0.23318	0.05149	0.04045	0.01952	0.00156	0.00370	0.21068	0.00300	0.00399
29	0.03357	0.09074	0.23009	0.04697	0.04115	0.04400	0.10441	0.17886	0.03605	0.11983	0.00877	0.03386	0.00659	0.00411	0.00364	0.00115	0.00466	0.00343	0.00262	0.00550

[dist]
# distance from previous block
# <min> <max>
0	73

# created by:
# /st0/software/busco_prod/Augustus/scripts/msa2prfl.pl ./align_prep/24421.fa
