[name]
unknown

[dist]
# distance from previous block
# <min> <max>
0	18

[block]
# block no. 0 follows, 55 sequences, length 29
# corresponding to MSA columns:
# 44-72
name=unknown_A
#
# <colnr> <probs for GDERKNQSTAVLIFYWHMCP>
#	G	D	E	R	K	N	Q	S	T	A	V	L	I	F	Y	W	H	M	C	P
0	0.00610	0.00443	0.00541	0.00600	0.00658	0.00413	0.00416	0.00690	0.00897	0.01156	0.02769	0.38997	0.20133	0.18352	0.00984	0.02266	0.00319	0.08998	0.00395	0.00362
1	0.01137	0.00865	0.01005	0.00754	0.01139	0.00733	0.00603	0.04449	0.12028	0.09750	0.01089	0.01141	0.00842	0.00416	0.00380	0.00092	0.00359	0.00336	0.00341	0.62542
2	0.06112	0.01220	0.02502	0.01810	0.02236	0.01192	0.67279	0.03535	0.01084	0.01539	0.00907	0.01207	0.00690	0.00427	0.00596	0.00159	0.06126	0.00519	0.00242	0.00617
3	0.01630	0.01922	0.01386	0.01209	0.01462	0.59643	0.05010	0.10795	0.04139	0.01398	0.00850	0.01028	0.00701	0.00523	0.00493	0.00132	0.04839	0.01987	0.00276	0.00576
4	0.00563	0.00451	0.00504	0.00535	0.00648	0.00392	0.00384	0.00677	0.01027	0.01282	0.09821	0.28920	0.50666	0.01248	0.00563	0.00166	0.00245	0.01077	0.00438	0.00392
5	0.01098	0.01255	0.02745	0.01961	0.02431	0.01176	0.79059	0.01490	0.01098	0.01490	0.00941	0.01255	0.00706	0.00392	0.00549	0.00157	0.00784	0.00549	0.00235	0.00627
6	0.01055	0.01007	0.01715	0.30909	0.53445	0.01080	0.01380	0.01344	0.01014	0.01403	0.00858	0.01183	0.00696	0.00432	0.00462	0.00144	0.00576	0.00414	0.00222	0.00659
7	0.00932	0.00882	0.01493	0.66804	0.18512	0.01048	0.01319	0.01236	0.00956	0.01254	0.00836	0.01223	0.00643	0.00455	0.00464	0.00152	0.00607	0.00414	0.00211	0.00560
8	0.00572	0.00414	0.00542	0.00633	0.00674	0.00383	0.00428	0.00665	0.00931	0.01240	0.08232	0.73071	0.07685	0.01405	0.00588	0.00184	0.00264	0.01268	0.00438	0.00383
9	0.00576	0.00412	0.00534	0.00628	0.00658	0.00385	0.00415	0.00651	0.00879	0.01165	0.02553	0.73072	0.06067	0.08720	0.00749	0.00211	0.00285	0.01252	0.00419	0.00370
10	0.00716	0.00506	0.00714	0.09389	0.04333	0.00499	0.00570	0.00834	0.00928	0.05850	0.02334	0.59732	0.06380	0.04137	0.00628	0.00188	0.00331	0.01099	0.00403	0.00429
11	0.00689	0.00535	0.00795	0.00781	0.00858	0.00641	0.00612	0.00851	0.00745	0.01083	0.01201	0.01771	0.01124	0.03301	0.76148	0.00709	0.06995	0.00492	0.00246	0.00422
12	0.00765	0.00504	0.00615	0.00582	0.00699	0.00466	0.00420	0.00938	0.02966	0.08050	0.38349	0.08379	0.17871	0.16306	0.00880	0.00208	0.00287	0.00829	0.00454	0.00433
13	0.00570	0.00413	0.00539	0.00633	0.00673	0.00382	0.00427	0.00660	0.00923	0.01225	0.06455	0.74077	0.08479	0.01414	0.00589	0.00185	0.00265	0.01276	0.00436	0.00382
14	0.01148	0.01354	0.04437	0.01917	0.05167	0.07675	0.68141	0.01517	0.01112	0.01463	0.00918	0.01211	0.00696	0.00401	0.00533	0.00153	0.00778	0.00519	0.00235	0.00626
15	0.01107	0.01204	0.02457	0.02150	0.22338	0.01171	0.55154	0.01455	0.01068	0.01478	0.00907	0.01216	0.00709	0.00420	0.00578	0.00155	0.05044	0.00507	0.00232	0.00649
16	0.00614	0.00459	0.00544	0.00569	0.00677	0.00407	0.00413	0.00745	0.01063	0.03028	0.19324	0.30040	0.36134	0.01213	0.00565	0.00166	0.00252	0.02929	0.00451	0.00406
17	0.01727	0.01290	0.01416	0.01087	0.01458	0.01425	0.02816	0.74189	0.05283	0.02857	0.01144	0.01145	0.00814	0.00557	0.00468	0.00141	0.00513	0.00426	0.00460	0.00785
18	0.00571	0.00426	0.00532	0.00604	0.00666	0.00386	0.00415	0.00672	0.00965	0.01261	0.09751	0.59114	0.20237	0.01352	0.00580	0.00178	0.00258	0.01206	0.00439	0.00386
19	0.00661	0.00445	0.00512	0.00527	0.00531	0.00441	0.00303	0.00672	0.00707	0.00942	0.01620	0.14332	0.01886	0.72097	0.02118	0.00414	0.00426	0.00767	0.00303	0.00295
20	0.01779	0.01286	0.01385	0.01062	0.01434	0.01417	0.00877	0.76563	0.02158	0.05608	0.01142	0.01133	0.00804	0.00559	0.00465	0.00140	0.00508	0.00421	0.00469	0.00791
21	0.04432	0.06912	0.21658	0.01303	0.01698	0.35164	0.14021	0.01635	0.01132	0.03292	0.00801	0.00961	0.00625	0.00465	0.00481	0.00137	0.04095	0.00356	0.00234	0.00598
22	0.00594	0.00466	0.00537	0.00535	0.00659	0.00409	0.00395	0.00747	0.01141	0.01485	0.33830	0.12879	0.42420	0.01121	0.00554	0.00156	0.00233	0.00965	0.00463	0.00409
23	0.01251	0.77956	0.05219	0.00830	0.01233	0.04801	0.00833	0.01413	0.00961	0.01110	0.00656	0.00758	0.00597	0.00403	0.00308	0.00102	0.00517	0.00254	0.00200	0.00598
24	0.00648	0.00495	0.00603	0.00653	0.00737	0.00483	0.00459	0.00901	0.10683	0.01368	0.11650	0.53464	0.13580	0.01260	0.00568	0.00176	0.00272	0.01123	0.00446	0.00431
25	0.01454	0.01097	0.01212	0.00967	0.03150	0.02358	0.00764	0.37857	0.11379	0.07438	0.01160	0.01175	0.00858	0.00499	0.00429	0.00120	0.00442	0.00390	0.00407	0.26845
26	0.01686	0.08205	0.01385	0.01177	0.04564	0.58651	0.00878	0.01885	0.05449	0.10543	0.00913	0.00979	0.00713	0.00490	0.00420	0.00124	0.00724	0.00332	0.00288	0.00592
27	0.00575	0.00416	0.00543	0.00630	0.00674	0.00385	0.00427	0.00671	0.00944	0.01258	0.10277	0.70200	0.08502	0.01389	0.00586	0.00183	0.00263	0.01253	0.00440	0.00385
28	0.01158	0.59510	0.19051	0.00945	0.01370	0.01644	0.01011	0.01386	0.00933	0.01177	0.00684	0.00820	0.00597	0.00443	0.00435	0.00119	0.07627	0.00283	0.00199	0.00609

[dist]
# distance from previous block
# <min> <max>
6	9

[block]
# block no. 1 follows, 55 sequences, length 13
# corresponding to MSA columns:
# 93-105
name=unknown_B
#
# <colnr> <probs for GDERKNQSTAVLIFYWHMCP>
#	G	D	E	R	K	N	Q	S	T	A	V	L	I	F	Y	W	H	M	C	P
0	0.00630	0.00458	0.00507	0.00509	0.00569	0.00428	0.00325	0.00690	0.00862	0.01109	0.09254	0.07067	0.27045	0.46809	0.01558	0.00320	0.00355	0.00816	0.00356	0.00335
1	0.04012	0.01060	0.01090	0.00930	0.01179	0.09662	0.01995	0.16047	0.24726	0.09958	0.11695	0.03329	0.05752	0.00683	0.00543	0.00150	0.05573	0.00540	0.00433	0.00645
2	0.00631	0.00435	0.00518	0.00557	0.00574	0.00422	0.00340	0.00666	0.00772	0.01023	0.02015	0.32626	0.05727	0.49750	0.01634	0.00342	0.00375	0.00928	0.00344	0.00322
3	0.01114	0.04341	0.01602	0.16497	0.19504	0.10342	0.06835	0.01391	0.05543	0.01297	0.00844	0.01145	0.00712	0.00659	0.03610	0.00180	0.23150	0.00412	0.00234	0.00587
4	0.01280	0.61307	0.07891	0.00983	0.04458	0.12793	0.00907	0.01457	0.00998	0.01145	0.00678	0.00799	0.00603	0.00424	0.00364	0.00110	0.02724	0.00273	0.00206	0.00599
5	0.00596	0.00451	0.00550	0.00573	0.00669	0.00405	0.00411	0.00738	0.01098	0.01458	0.31904	0.30629	0.26451	0.01188	0.00564	0.00164	0.00241	0.01045	0.00461	0.00405
6	0.01347	0.26159	0.14477	0.03667	0.06026	0.09622	0.10715	0.12265	0.02529	0.07647	0.00915	0.01025	0.00701	0.00455	0.00418	0.00130	0.00597	0.00365	0.00279	0.00659
7	0.00563	0.00420	0.00525	0.00609	0.00665	0.00381	0.00415	0.00652	0.00928	0.01203	0.03039	0.65905	0.20212	0.01396	0.00584	0.00182	0.00262	0.01247	0.00432	0.00381
8	0.01375	0.51041	0.01945	0.00901	0.01236	0.17204	0.00811	0.06364	0.01124	0.05318	0.02682	0.01098	0.00818	0.00495	0.00392	0.00117	0.02526	0.03699	0.00260	0.00595
9	0.00801	0.00630	0.00750	0.00644	0.00865	0.00547	0.00491	0.03284	0.04263	0.01631	0.28105	0.13607	0.08936	0.00795	0.00473	0.00126	0.00285	0.00688	0.02973	0.30107
10	0.01123	0.35049	0.36071	0.01112	0.03342	0.04219	0.03067	0.03699	0.03121	0.01373	0.00816	0.00940	0.00646	0.00435	0.00384	0.00126	0.00587	0.00320	0.02926	0.00642
11	0.02908	0.15322	0.15525	0.01813	0.34178	0.08632	0.01236	0.09357	0.01148	0.01546	0.00826	0.01010	0.00672	0.00452	0.00461	0.00134	0.03496	0.00361	0.00244	0.00680
12	0.00641	0.00477	0.00556	0.00561	0.00681	0.00426	0.00417	0.00780	0.01080	0.03264	0.22229	0.12408	0.39080	0.08009	0.00711	0.00187	0.00273	0.07373	0.00442	0.00406

[dist]
# distance from previous block
# <min> <max>
0	1

[block]
# block no. 2 follows, 55 sequences, length 18
# corresponding to MSA columns:
# 107-109,118-132
name=unknown_C
#
# <colnr> <probs for GDERKNQSTAVLIFYWHMCP>
#	G	D	E	R	K	N	Q	S	T	A	V	L	I	F	Y	W	H	M	C	P
0	0.01351	0.11990	0.03731	0.05631	0.27326	0.18048	0.03371	0.15180	0.02574	0.01626	0.02742	0.01156	0.02292	0.00484	0.00438	0.00132	0.00595	0.00394	0.00282	0.00659
1	0.00570	0.00445	0.00517	0.00555	0.00655	0.00392	0.00395	0.00685	0.01023	0.01302	0.12881	0.35906	0.40494	0.01263	0.00567	0.00169	0.00247	0.01101	0.00441	0.00392
2	0.01003	0.00852	0.00985	0.00714	0.01120	0.00674	0.00572	0.04172	0.04392	0.01588	0.00884	0.01003	0.00724	0.00365	0.00355	0.00075	0.00352	0.00292	0.00291	0.79587
3	0.46343	0.09913	0.01093	0.00839	0.01105	0.25233	0.00679	0.01492	0.00960	0.01630	0.00681	0.00818	0.00563	0.00534	0.02341	0.00150	0.04565	0.00279	0.00259	0.00522
4	0.00734	0.00466	0.00542	0.00546	0.00644	0.00435	0.00392	0.00874	0.01010	0.04553	0.16377	0.14975	0.18147	0.14591	0.00805	0.00199	0.00284	0.04187	0.19833	0.00407
5	0.01213	0.06687	0.14928	0.05368	0.01440	0.16088	0.03555	0.07529	0.10031	0.06912	0.03703	0.01516	0.04399	0.05436	0.07694	0.00211	0.01929	0.00451	0.00314	0.00594
6	0.00620	0.00457	0.00572	0.00595	0.00682	0.00421	0.00431	0.00767	0.01090	0.01466	0.34054	0.26130	0.17832	0.06758	0.00691	0.00185	0.00266	0.06128	0.00454	0.00402
7	0.01029	0.01128	0.05383	0.48476	0.11312	0.11535	0.06336	0.01338	0.02621	0.01268	0.00926	0.04891	0.00762	0.00504	0.00469	0.00150	0.00634	0.00448	0.00231	0.00558
8	0.03108	0.06315	0.12251	0.02596	0.03189	0.06247	0.00958	0.33761	0.03249	0.01961	0.01026	0.03044	0.00843	0.04766	0.05741	0.00199	0.09337	0.00426	0.00334	0.00649
9	0.83199	0.00917	0.00715	0.00632	0.00924	0.01061	0.00521	0.04783	0.00853	0.02124	0.00668	0.00772	0.00516	0.00437	0.00296	0.00144	0.00367	0.00259	0.00296	0.00516
10	0.01033	0.00938	0.04232	0.03789	0.15119	0.00959	0.06612	0.08379	0.14159	0.03104	0.04048	0.07965	0.04018	0.10596	0.02354	0.00206	0.08077	0.03488	0.00339	0.00585
11	0.00588	0.00453	0.00533	0.00553	0.00656	0.00403	0.00397	0.00720	0.01072	0.01395	0.24933	0.26329	0.35501	0.03554	0.00614	0.00171	0.00247	0.01030	0.00450	0.00398
12	0.21536	0.13677	0.13474	0.03212	0.18705	0.01229	0.04457	0.08028	0.04392	0.03524	0.00860	0.01006	0.00674	0.00457	0.00429	0.00139	0.02934	0.00352	0.00271	0.00643
13	0.01217	0.07719	0.18077	0.03867	0.15422	0.09809	0.11849	0.11684	0.04749	0.01585	0.00919	0.01130	0.00729	0.02190	0.01680	0.00158	0.05896	0.00405	0.00263	0.00653
14	0.00589	0.00424	0.00561	0.00652	0.00698	0.00396	0.00455	0.00694	0.00949	0.01267	0.09579	0.67244	0.05917	0.01389	0.00592	0.00186	0.00277	0.07305	0.00439	0.00388
15	0.01134	0.27657	0.33060	0.02453	0.01550	0.05212	0.01161	0.05010	0.06306	0.03293	0.03618	0.01221	0.00878	0.00508	0.00433	0.00135	0.02210	0.03265	0.00258	0.00638
16	0.00574	0.00419	0.00542	0.00633	0.00679	0.00387	0.00433	0.00668	0.00930	0.01226	0.05693	0.69565	0.11393	0.01404	0.00589	0.00185	0.00269	0.03594	0.00435	0.00383
17	0.08610	0.01149	0.01654	0.10031	0.19571	0.08433	0.19131	0.06160	0.11416	0.02697	0.03373	0.03703	0.00958	0.00507	0.00471	0.00148	0.00576	0.00476	0.00299	0.00635

[dist]
# distance from previous block
# <min> <max>
3	12

[block]
# block no. 3 follows, 55 sequences, length 15
# corresponding to MSA columns:
# 175-189
name=unknown_D
#
# <colnr> <probs for GDERKNQSTAVLIFYWHMCP>
#	G	D	E	R	K	N	Q	S	T	A	V	L	I	F	Y	W	H	M	C	P
0	0.56883	0.08611	0.04662	0.00754	0.01084	0.03843	0.00660	0.12437	0.01051	0.05275	0.00773	0.00853	0.00586	0.00455	0.00333	0.00139	0.00426	0.00290	0.00311	0.00574
1	0.67574	0.04262	0.05467	0.00741	0.03147	0.04059	0.00621	0.01363	0.00869	0.01948	0.05779	0.00956	0.00771	0.00466	0.00324	0.00142	0.00398	0.00301	0.00290	0.00522
2	0.00692	0.00472	0.00611	0.00603	0.00707	0.00431	0.00442	0.00868	0.01192	0.05268	0.51607	0.23338	0.09855	0.01078	0.00556	0.00158	0.00241	0.00955	0.00489	0.00436
3	0.04823	0.14668	0.05921	0.02429	0.09673	0.32607	0.00940	0.10182	0.03638	0.01458	0.01036	0.01143	0.05284	0.00522	0.00459	0.00130	0.03844	0.00370	0.00273	0.00600
4	0.00576	0.00466	0.00507	0.00509	0.00642	0.00402	0.00374	0.00707	0.01085	0.01359	0.19125	0.10684	0.57167	0.03568	0.00606	0.00166	0.00242	0.00974	0.00443	0.00397
5	0.01216	0.22525	0.20298	0.01167	0.09345	0.06427	0.01038	0.11311	0.03515	0.05667	0.07345	0.03536	0.02246	0.00586	0.01726	0.00142	0.00542	0.00423	0.00301	0.00643
6	0.43930	0.00766	0.00750	0.00647	0.00914	0.00798	0.00523	0.01469	0.01015	0.22694	0.08630	0.03346	0.08616	0.00612	0.00391	0.00145	0.00338	0.00459	0.03399	0.00558
7	0.04663	0.11030	0.09797	0.08679	0.09678	0.10143	0.00984	0.19482	0.06233	0.06967	0.01224	0.01305	0.05379	0.00580	0.01760	0.00147	0.00553	0.00414	0.00328	0.00655
8	0.53309	0.12401	0.02934	0.00786	0.01092	0.16861	0.00664	0.04694	0.00977	0.01790	0.00685	0.00791	0.00549	0.00442	0.00326	0.00133	0.00485	0.00270	0.00272	0.00539
9	0.00684	0.00470	0.00601	0.00618	0.00718	0.00429	0.00455	0.00839	0.01120	0.05209	0.34218	0.30473	0.15230	0.01159	0.00566	0.00166	0.00260	0.05887	0.00471	0.00427
10	0.01141	0.13907	0.25607	0.03748	0.04546	0.08003	0.01065	0.06320	0.09784	0.04895	0.04943	0.03165	0.05003	0.00568	0.00466	0.00140	0.02805	0.00442	0.02826	0.00628
11	0.00622	0.00446	0.00519	0.00541	0.00591	0.00420	0.00348	0.00687	0.00868	0.01136	0.09860	0.22813	0.18644	0.38851	0.01390	0.00298	0.00341	0.00912	0.00371	0.00343
12	0.00737	0.02387	0.05567	0.00683	0.00851	0.00590	0.00564	0.01091	0.10760	0.01728	0.50755	0.07831	0.09797	0.00931	0.00534	0.00153	0.00284	0.03803	0.00467	0.00486
13	0.00656	0.00472	0.00571	0.00581	0.00698	0.00421	0.00430	0.00803	0.01108	0.04522	0.26999	0.23303	0.31743	0.01159	0.00561	0.00164	0.00255	0.04672	0.00462	0.00420
14	0.02968	0.01097	0.01447	0.06349	0.25803	0.05730	0.03157	0.16332	0.08573	0.20735	0.01238	0.01293	0.00895	0.00508	0.00460	0.00142	0.00510	0.00433	0.01607	0.00724

[dist]
# distance from previous block
# <min> <max>
5	33

[block]
# block no. 4 follows, 55 sequences, length 23
# corresponding to MSA columns:
# 223-245
name=unknown_E
#
# <colnr> <probs for GDERKNQSTAVLIFYWHMCP>
#	G	D	E	R	K	N	Q	S	T	A	V	L	I	F	Y	W	H	M	C	P
0	0.06365	0.17382	0.16383	0.01359	0.11856	0.10267	0.08306	0.09977	0.04149	0.01567	0.00849	0.01000	0.00675	0.00466	0.00474	0.00135	0.04999	0.00360	0.00258	0.03177
1	0.02510	0.10896	0.06683	0.03604	0.05279	0.08458	0.11576	0.14130	0.09002	0.06506	0.02733	0.07740	0.01073	0.00607	0.00531	0.00148	0.05644	0.01917	0.00333	0.00633
2	0.05834	0.03948	0.01000	0.00859	0.02918	0.05010	0.03381	0.14176	0.03369	0.04874	0.12146	0.15797	0.08146	0.02518	0.00651	0.06372	0.02380	0.03002	0.00387	0.03233
3	0.09237	0.01046	0.03348	0.02703	0.01493	0.02042	0.17502	0.17654	0.04800	0.17982	0.01364	0.03236	0.03756	0.00671	0.03370	0.00169	0.02965	0.02108	0.00383	0.04172
4	0.00885	0.04049	0.00807	0.00679	0.00768	0.02784	0.03461	0.05125	0.02298	0.05127	0.01477	0.06873	0.01587	0.56123	0.01762	0.00353	0.01842	0.03293	0.00315	0.00390
5	0.01488	0.01095	0.01192	0.00964	0.01254	0.01199	0.00770	0.59566	0.03799	0.02497	0.01398	0.14951	0.01241	0.05627	0.00600	0.00167	0.00464	0.00587	0.00449	0.00691
6	0.00566	0.00408	0.00537	0.00640	0.00673	0.00379	0.00428	0.00649	0.00898	0.01191	0.02660	0.79835	0.06527	0.01445	0.00592	0.00188	0.00268	0.01307	0.00432	0.00379
7	0.03470	0.00824	0.01028	0.00848	0.01148	0.00807	0.00687	0.07249	0.16652	0.47225	0.03696	0.04976	0.01385	0.00767	0.03571	0.00174	0.00422	0.03833	0.00516	0.00720
8	0.01116	0.01140	0.02153	0.07487	0.48949	0.01125	0.28174	0.01434	0.01065	0.01489	0.00895	0.01193	0.00719	0.00410	0.00491	0.00146	0.00637	0.00461	0.00231	0.00686
9	0.01651	0.01245	0.01330	0.01047	0.01398	0.01388	0.00856	0.64459	0.17117	0.02743	0.01266	0.01236	0.00912	0.00572	0.00467	0.00143	0.00484	0.00439	0.00467	0.00781
10	0.00853	0.00696	0.00788	0.02960	0.00962	0.00736	0.00571	0.03418	0.30198	0.01718	0.24745	0.06603	0.18521	0.02416	0.00555	0.00162	0.00308	0.02784	0.00462	0.00544
11	0.01373	0.00854	0.01150	0.00957	0.01184	0.06065	0.08207	0.01543	0.01087	0.32673	0.01690	0.07168	0.05333	0.05060	0.08464	0.00231	0.10441	0.05520	0.00405	0.00594
12	0.01319	0.71651	0.02273	0.00852	0.01231	0.10991	0.00811	0.04189	0.01032	0.01164	0.00672	0.00770	0.00604	0.00413	0.00318	0.00103	0.00537	0.00261	0.00213	0.00597
13	0.00579	0.00415	0.00549	0.00651	0.00684	0.00389	0.00443	0.00666	0.00898	0.01192	0.02577	0.74899	0.04857	0.03865	0.00648	0.00197	0.00283	0.05403	0.00427	0.00378
14	0.01573	0.00906	0.01064	0.00893	0.01200	0.00945	0.00713	0.02380	0.44742	0.37357	0.01867	0.01668	0.01300	0.00606	0.00471	0.00152	0.00381	0.00500	0.00519	0.00761
15	0.01581	0.01675	0.03244	0.01293	0.08499	0.38371	0.02348	0.20070	0.11205	0.03624	0.01003	0.01077	0.00774	0.00519	0.00473	0.00135	0.02755	0.00378	0.00327	0.00651
16	0.01602	0.01220	0.01302	0.01037	0.01379	0.01365	0.00844	0.58262	0.23394	0.02663	0.01329	0.01286	0.00963	0.00578	0.00468	0.00145	0.00473	0.00448	0.00468	0.00776
17	0.00644	0.00487	0.00604	0.00621	0.00742	0.00447	0.00491	0.00825	0.01157	0.01527	0.33709	0.07205	0.27931	0.01127	0.00575	0.00169	0.00280	0.20577	0.00462	0.00419
18	0.00677	0.00498	0.00650	0.00723	0.00825	0.00477	0.00592	0.00847	0.01046	0.01350	0.07885	0.15371	0.18014	0.04397	0.00677	0.00204	0.00357	0.44570	0.00429	0.00410
19	0.00886	0.08325	0.03709	0.01178	0.02629	0.00905	0.27893	0.01093	0.00953	0.01285	0.06177	0.17833	0.03193	0.15218	0.00915	0.00211	0.06099	0.00706	0.00296	0.00494
20	0.03394	0.16303	0.06231	0.00787	0.01040	0.03347	0.02349	0.05965	0.03179	0.07458	0.04500	0.12349	0.04960	0.14850	0.01922	0.00199	0.00449	0.02846	0.00336	0.07536
21	0.03959	0.20110	0.04666	0.01076	0.06686	0.02529	0.06801	0.12847	0.12621	0.02708	0.01245	0.11587	0.01125	0.02918	0.01682	0.00154	0.00485	0.00509	0.00329	0.05962
22	0.05482	0.27111	0.11472	0.01000	0.01380	0.11482	0.07321	0.07532	0.02578	0.04852	0.04897	0.04315	0.00949	0.00504	0.00403	0.00124	0.00541	0.00393	0.00284	0.07377

[dist]
# distance from previous block
# <min> <max>
10	59

[block]
# block no. 5 follows, 55 sequences, length 41
# corresponding to MSA columns:
# 346-386
name=unknown_F
#
# <colnr> <probs for GDERKNQSTAVLIFYWHMCP>
#	G	D	E	R	K	N	Q	S	T	A	V	L	I	F	Y	W	H	M	C	P
0	0.03331	0.07694	0.10924	0.02247	0.07493	0.07283	0.02197	0.28849	0.02428	0.08204	0.01226	0.04873	0.03575	0.02545	0.00491	0.00143	0.00521	0.00448	0.00358	0.05168
1	0.06958	0.10527	0.14521	0.03513	0.08723	0.06621	0.03692	0.09494	0.06769	0.02906	0.04885	0.02306	0.06215	0.02428	0.00474	0.00140	0.00505	0.00439	0.00306	0.08577
2	0.09142	0.07452	0.08068	0.01110	0.07272	0.06160	0.03627	0.15767	0.15951	0.10417	0.04757	0.02633	0.01064	0.00542	0.00437	0.00139	0.00482	0.00434	0.00374	0.04171
3	0.07890	0.04161	0.02849	0.03143	0.07701	0.09282	0.07302	0.16228	0.03592	0.10920	0.03795	0.01432	0.05184	0.02490	0.02190	0.00155	0.02660	0.00444	0.00350	0.08232
4	0.06402	0.10650	0.05052	0.03913	0.16485	0.09605	0.02686	0.09310	0.04609	0.07460	0.03104	0.01286	0.04042	0.00581	0.02312	0.00146	0.03533	0.00406	0.00307	0.08111
5	0.04212	0.01198	0.01480	0.07173	0.12595	0.11086	0.10350	0.16028	0.11847	0.12581	0.01161	0.01238	0.00855	0.00497	0.00458	0.00139	0.00549	0.00426	0.00358	0.05769
6	0.05286	0.02635	0.02489	0.00965	0.04350	0.06567	0.04597	0.15568	0.08547	0.01837	0.08367	0.01296	0.01103	0.00488	0.00415	0.00113	0.00439	0.00398	0.00342	0.34196
7	0.11080	0.01139	0.01211	0.00977	0.01294	0.01281	0.00797	0.48156	0.16467	0.04265	0.01220	0.01239	0.00900	0.00723	0.04853	0.00178	0.02642	0.00425	0.00431	0.00721
8	0.01381	0.00876	0.01188	0.07669	0.10729	0.00904	0.02861	0.04483	0.23372	0.27007	0.05616	0.03861	0.01401	0.00682	0.01810	0.00163	0.00442	0.04423	0.00444	0.00691
9	0.00610	0.00434	0.00564	0.00651	0.00692	0.00413	0.00454	0.00700	0.00893	0.01179	0.02471	0.56857	0.05820	0.13483	0.00860	0.00230	0.00319	0.12591	0.00409	0.00372
10	0.22705	0.09024	0.09988	0.01269	0.05884	0.07748	0.19088	0.14117	0.02965	0.01819	0.00858	0.01004	0.00656	0.00448	0.00419	0.00141	0.00580	0.00376	0.00284	0.00628
11	0.22430	0.01251	0.01120	0.01034	0.06339	0.18525	0.00771	0.18880	0.06035	0.11539	0.01222	0.01332	0.04018	0.00556	0.00422	0.00141	0.00512	0.02871	0.00369	0.00632
12	0.00722	0.00518	0.00716	0.00782	0.00888	0.00512	0.00662	0.00936	0.01122	0.01503	0.22765	0.04646	0.03062	0.01288	0.03921	0.00218	0.00407	0.54457	0.00443	0.00431
13	0.00850	0.00741	0.01212	0.35544	0.10675	0.00822	0.04164	0.01114	0.01019	0.01344	0.06082	0.05710	0.01632	0.00795	0.00537	0.00174	0.00519	0.26249	0.00310	0.00506
14	0.04733	0.03225	0.01508	0.01309	0.06381	0.41615	0.11706	0.06468	0.06438	0.10748	0.00987	0.01073	0.00749	0.00486	0.00445	0.00133	0.00688	0.00380	0.00308	0.00621
15	0.01079	0.01031	0.01758	0.23996	0.60173	0.01086	0.01392	0.01364	0.01025	0.01432	0.00862	0.01175	0.00706	0.00428	0.00462	0.00143	0.00571	0.00414	0.00224	0.00679
16	0.03708	0.00682	0.00894	0.00730	0.01003	0.00601	0.00586	0.01735	0.01274	0.51551	0.19244	0.05226	0.09232	0.00742	0.00493	0.00147	0.00337	0.00622	0.00536	0.00656
17	0.00728	0.00467	0.00611	0.00637	0.00729	0.00427	0.00458	0.00864	0.01071	0.08244	0.25726	0.45168	0.08794	0.01208	0.00568	0.00171	0.00267	0.02963	0.00468	0.00434
18	0.04704	0.12521	0.35297	0.02722	0.01675	0.19643	0.04201	0.06324	0.01145	0.04659	0.02483	0.01009	0.00708	0.00466	0.00421	0.00135	0.00655	0.00347	0.00250	0.00634
19	0.00791	0.00632	0.00742	0.03617	0.00949	0.02961	0.00604	0.05772	0.06207	0.01537	0.16337	0.13486	0.19128	0.01086	0.00566	0.00174	0.00352	0.24158	0.00436	0.00465
20	0.01734	0.00725	0.00960	0.00769	0.01071	0.00638	0.00625	0.01931	0.03059	0.61186	0.07313	0.02154	0.09350	0.03356	0.00548	0.00158	0.00370	0.02810	0.00541	0.00700
21	0.00567	0.00405	0.00540	0.00648	0.00675	0.00378	0.00432	0.00648	0.00891	0.01188	0.02564	0.83347	0.03077	0.01457	0.00594	0.00189	0.00270	0.01323	0.00432	0.00378
22	0.05537	0.01138	0.01251	0.00980	0.01322	0.01226	0.00802	0.57641	0.01893	0.15378	0.01316	0.07107	0.01001	0.00620	0.00467	0.00144	0.00469	0.00484	0.00473	0.00749
23	0.01123	0.01149	0.01666	0.32008	0.39249	0.11288	0.04144	0.01396	0.01046	0.01348	0.00840	0.01148	0.00675	0.00441	0.00460	0.00143	0.00622	0.00404	0.00223	0.00627
24	0.00572	0.00414	0.00531	0.00622	0.00660	0.00384	0.00415	0.00652	0.00894	0.01177	0.02711	0.70559	0.10721	0.06466	0.00698	0.00202	0.00278	0.01249	0.00423	0.00373
25	0.01254	0.01122	0.01728	0.04547	0.14689	0.01173	0.22462	0.21975	0.16137	0.01944	0.02687	0.03314	0.01051	0.00551	0.00500	0.00152	0.00557	0.03114	0.00354	0.00689
26	0.00605	0.00467	0.00548	0.00558	0.00673	0.00417	0.00414	0.00751	0.01104	0.01434	0.28098	0.14719	0.37745	0.04507	0.00635	0.00174	0.00257	0.06038	0.00451	0.00403
27	0.01166	0.03261	0.11250	0.08030	0.14084	0.12165	0.04790	0.03436	0.18677	0.04327	0.04102	0.01495	0.04329	0.00585	0.01527	0.00150	0.00543	0.00460	0.04991	0.00634
28	0.00601	0.00442	0.00533	0.00574	0.00655	0.00403	0.00403	0.00719	0.01001	0.01327	0.16087	0.37398	0.24609	0.07035	0.00689	0.00189	0.00266	0.02753	0.03926	0.00389
29	0.01193	0.04250	0.10190	0.10812	0.20593	0.03043	0.04242	0.17029	0.11410	0.01756	0.01245	0.01426	0.04849	0.00550	0.00511	0.00148	0.04001	0.01767	0.00314	0.00671
30	0.03217	0.31170	0.02882	0.07894	0.01493	0.36674	0.00901	0.06505	0.01178	0.01265	0.00725	0.00862	0.00611	0.00460	0.00406	0.00120	0.02527	0.00301	0.00236	0.00575
31	0.00669	0.00506	0.00587	0.00577	0.00712	0.00463	0.00432	0.00889	0.05650	0.03496	0.29620	0.12246	0.36770	0.02223	0.00576	0.00162	0.00254	0.03270	0.00463	0.00436
32	0.01198	0.01246	0.05913	0.10277	0.19591	0.13767	0.01024	0.08844	0.18754	0.01631	0.04876	0.01458	0.03356	0.00672	0.03793	0.00169	0.02009	0.00457	0.00322	0.00643
33	0.00640	0.00472	0.00521	0.00521	0.00638	0.00416	0.00369	0.00743	0.01004	0.04150	0.10236	0.13268	0.47983	0.15925	0.00877	0.00212	0.00283	0.00936	0.00417	0.00390
34	0.01091	0.01040	0.01635	0.12335	0.33047	0.03105	0.11887	0.04931	0.10939	0.01550	0.01322	0.01583	0.06353	0.00542	0.00514	0.00150	0.02952	0.02489	0.01890	0.00647
35	0.00616	0.00453	0.00535	0.00570	0.00639	0.00421	0.00393	0.00707	0.00928	0.01200	0.09485	0.24949	0.24553	0.24912	0.01091	0.00254	0.00321	0.07214	0.00395	0.00364
36	0.00684	0.00577	0.00660	0.00646	0.00771	0.03729	0.02964	0.02439	0.02962	0.01388	0.17356	0.26997	0.31748	0.04150	0.00620	0.00173	0.00301	0.00981	0.00429	0.00423
37	0.00990	0.07931	0.00926	0.00725	0.00899	0.00786	0.00548	0.13056	0.07957	0.05719	0.05152	0.22248	0.05775	0.18771	0.00900	0.00217	0.00384	0.02173	0.00392	0.04452
38	0.04660	0.21471	0.25621	0.01070	0.01547	0.04058	0.06503	0.12945	0.01172	0.03992	0.00856	0.00966	0.00656	0.00437	0.00399	0.00123	0.00559	0.00336	0.00267	0.12362
39	0.05549	0.18649	0.09900	0.01040	0.06352	0.03984	0.05632	0.07153	0.02840	0.05279	0.03551	0.11622	0.03156	0.00608	0.00429	0.00132	0.00473	0.01508	0.00310	0.11834
40	0.03463	0.07719	0.10667	0.05581	0.01412	0.10206	0.02309	0.10284	0.17950	0.10501	0.02380	0.05158	0.01079	0.04023	0.02106	0.00170	0.03532	0.00469	0.00356	0.00636

[dist]
# distance from previous block
# <min> <max>
0	5

[block]
# block no. 6 follows, 55 sequences, length 14
# corresponding to MSA columns:
# 408-421
name=unknown_G
#
# <colnr> <probs for GDERKNQSTAVLIFYWHMCP>
#	G	D	E	R	K	N	Q	S	T	A	V	L	I	F	Y	W	H	M	C	P
0	0.01059	0.18135	0.04111	0.00840	0.02946	0.04451	0.00695	0.04122	0.18171	0.05062	0.13374	0.03666	0.09213	0.00822	0.04200	0.00167	0.00435	0.02914	0.05041	0.00577
1	0.00603	0.00455	0.00548	0.00587	0.00670	0.00419	0.00413	0.00742	0.02654	0.01324	0.16729	0.36989	0.25205	0.07797	0.00713	0.00193	0.00271	0.02860	0.00435	0.00394
2	0.00968	0.14354	0.30421	0.01211	0.06595	0.01039	0.10126	0.01332	0.03710	0.03408	0.07433	0.11138	0.05046	0.00632	0.00466	0.00146	0.00535	0.00551	0.00286	0.00604
3	0.00664	0.00466	0.00572	0.00585	0.00685	0.00427	0.00428	0.00811	0.01084	0.03498	0.28982	0.22422	0.21235	0.06750	0.00678	0.00182	0.00268	0.05731	0.04120	0.00411
4	0.01052	0.01107	0.10937	0.07681	0.13815	0.03004	0.05286	0.09788	0.10799	0.01637	0.07130	0.07087	0.01319	0.04568	0.00644	0.00167	0.06466	0.01885	0.05028	0.00602
5	0.00674	0.00475	0.00565	0.00567	0.00691	0.00419	0.00416	0.00814	0.01106	0.06044	0.25208	0.23257	0.35768	0.01148	0.00555	0.00161	0.00249	0.00996	0.00463	0.00425
6	0.13742	0.25459	0.24406	0.01095	0.04398	0.06317	0.05235	0.03925	0.01045	0.09164	0.00858	0.00955	0.00652	0.00443	0.00386	0.00131	0.00561	0.00328	0.00261	0.00637
7	0.01237	0.04815	0.25947	0.04502	0.16408	0.08255	0.04141	0.15865	0.08472	0.01728	0.00970	0.01107	0.00737	0.00489	0.00486	0.00143	0.03332	0.00392	0.00284	0.00689
8	0.00858	0.00523	0.00640	0.00590	0.00754	0.00460	0.00450	0.01024	0.01197	0.15176	0.34240	0.09248	0.31055	0.01005	0.00538	0.00153	0.00259	0.00862	0.00489	0.00478
9	0.01142	0.06929	0.08859	0.01043	0.05421	0.02143	0.04680	0.17707	0.12060	0.04745	0.04816	0.15080	0.04177	0.02041	0.00576	0.03019	0.02078	0.00611	0.02265	0.00608
10	0.00638	0.00446	0.00541	0.00582	0.00627	0.00428	0.00389	0.00717	0.00866	0.01161	0.07409	0.29804	0.10187	0.32552	0.03162	0.00294	0.00364	0.06113	0.03367	0.00353
11	0.01194	0.03604	0.01131	0.01080	0.09504	0.10519	0.02230	0.18259	0.07703	0.06003	0.06880	0.18561	0.09757	0.00806	0.00497	0.00150	0.00445	0.00684	0.00400	0.00593
12	0.01364	0.01110	0.01149	0.00966	0.01262	0.04891	0.00768	0.27181	0.40919	0.04011	0.04486	0.01525	0.01246	0.00671	0.02514	0.00160	0.00453	0.00480	0.00450	0.04393
13	0.03045	0.03259	0.14326	0.05725	0.06830	0.04726	0.00898	0.07760	0.11659	0.12015	0.14799	0.01957	0.09719	0.00655	0.00475	0.00146	0.00450	0.00541	0.00388	0.00624

[dist]
# distance from previous block
# <min> <max>
0	1

[block]
# block no. 7 follows, 55 sequences, length 21
# corresponding to MSA columns:
# 433-453
name=unknown_H
#
# <colnr> <probs for GDERKNQSTAVLIFYWHMCP>
#	G	D	E	R	K	N	Q	S	T	A	V	L	I	F	Y	W	H	M	C	P
0	0.07534	0.18126	0.05578	0.01130	0.04655	0.36053	0.02804	0.07930	0.05553	0.03107	0.00883	0.01047	0.00726	0.00491	0.00406	0.00127	0.00644	0.02332	0.00275	0.00600
1	0.39346	0.07188	0.09379	0.03067	0.09137	0.09900	0.00855	0.08596	0.01047	0.01811	0.02465	0.00940	0.00670	0.00471	0.00406	0.00140	0.03405	0.00320	0.00277	0.00582
2	0.00913	0.00748	0.00940	0.03245	0.08078	0.00776	0.03030	0.04777	0.23619	0.03127	0.15147	0.09683	0.18020	0.03354	0.00567	0.00164	0.00351	0.00725	0.02175	0.00560
3	0.03205	0.00843	0.01392	0.75490	0.05381	0.01048	0.01266	0.01198	0.00924	0.01221	0.00817	0.01218	0.00620	0.00473	0.00493	0.00156	0.03115	0.00409	0.00210	0.00523
4	0.01129	0.02797	0.11786	0.08943	0.07171	0.14155	0.04557	0.06183	0.09796	0.02503	0.02840	0.03828	0.07809	0.01722	0.02861	0.00172	0.10373	0.00490	0.00297	0.00587
5	0.00651	0.00482	0.00567	0.00561	0.00683	0.00434	0.00411	0.00824	0.02892	0.03616	0.31287	0.16229	0.34470	0.04026	0.00617	0.00168	0.00250	0.00950	0.00460	0.00422
6	0.02458	0.15040	0.04409	0.02513	0.16685	0.11062	0.04589	0.10602	0.10567	0.01561	0.01346	0.05784	0.06866	0.02078	0.00504	0.00145	0.02374	0.00483	0.00308	0.00624
7	0.00656	0.00473	0.00564	0.00579	0.00689	0.00425	0.00426	0.00788	0.01057	0.04171	0.19328	0.21161	0.32841	0.07651	0.00706	0.00189	0.00278	0.07168	0.00441	0.00407
8	0.05060	0.05048	0.12923	0.04688	0.17435	0.04803	0.11764	0.12554	0.06120	0.04053	0.01144	0.04885	0.02995	0.00542	0.00507	0.00147	0.03912	0.00467	0.00299	0.00655
9	0.44517	0.07302	0.03363	0.03114	0.01212	0.17376	0.02712	0.03428	0.03035	0.05282	0.00775	0.00888	0.00605	0.00471	0.00404	0.00140	0.04235	0.00304	0.00284	0.00553
10	0.00676	0.00487	0.00588	0.00600	0.00707	0.00451	0.00435	0.00860	0.04468	0.04206	0.23906	0.27386	0.24574	0.05568	0.00656	0.00181	0.00270	0.03104	0.00452	0.00425
11	0.01178	0.03086	0.12388	0.16349	0.17445	0.01144	0.05936	0.14716	0.12427	0.03675	0.01157	0.01308	0.02532	0.00513	0.00489	0.00147	0.02555	0.00439	0.01842	0.00672
12	0.00742	0.00495	0.00603	0.00591	0.00712	0.00450	0.00432	0.02340	0.01130	0.07435	0.29764	0.22556	0.23092	0.04766	0.00628	0.00172	0.00265	0.00940	0.02448	0.00438
13	0.01261	0.03054	0.01108	0.05544	0.05836	0.05612	0.00750	0.20635	0.05370	0.11392	0.04954	0.05659	0.09603	0.06909	0.02782	0.00187	0.04490	0.02007	0.02248	0.00599
14	0.00986	0.00835	0.01046	0.02781	0.02544	0.03036	0.02700	0.04416	0.17155	0.03658	0.06464	0.07310	0.04924	0.06147	0.08191	0.00238	0.20363	0.02360	0.04311	0.00537
15	0.03414	0.00615	0.00742	0.02223	0.03307	0.00611	0.00535	0.09772	0.02824	0.05517	0.11046	0.22451	0.16943	0.09926	0.00780	0.03443	0.00344	0.04629	0.00413	0.00466
16	0.01145	0.05281	0.07994	0.16961	0.38574	0.06277	0.05760	0.05653	0.01085	0.01459	0.00851	0.01122	0.00688	0.00475	0.00514	0.02249	0.02626	0.00401	0.00234	0.00651
17	0.01080	0.00993	0.01345	0.05220	0.18268	0.05453	0.07617	0.03345	0.05624	0.03078	0.01076	0.03764	0.02464	0.00551	0.02899	0.00133	0.00498	0.00413	0.00287	0.35893
18	0.01948	0.07404	0.17027	0.03668	0.01478	0.12116	0.08129	0.06843	0.09280	0.05875	0.06456	0.02447	0.04283	0.05368	0.00589	0.00158	0.02409	0.00469	0.00316	0.03735
19	0.01012	0.04380	0.05031	0.04101	0.04146	0.03475	0.02811	0.10625	0.10298	0.03393	0.21194	0.05760	0.09231	0.00737	0.00509	0.02000	0.00393	0.00606	0.02324	0.07975
20	0.01248	0.10476	0.07541	0.01090	0.06112	0.12393	0.03189	0.20567	0.04855	0.01711	0.04026	0.07705	0.02250	0.04292	0.04728	0.00182	0.02469	0.00491	0.01969	0.02707

[dist]
# distance from previous block
# <min> <max>
11	151

[block]
# block no. 8 follows, 55 sequences, length 17
# corresponding to MSA columns:
# 627-643
name=unknown_I
#
# <colnr> <probs for GDERKNQSTAVLIFYWHMCP>
#	G	D	E	R	K	N	Q	S	T	A	V	L	I	F	Y	W	H	M	C	P
0	0.01492	0.03641	0.03053	0.00996	0.01316	0.07292	0.00819	0.33404	0.28138	0.08323	0.01513	0.01523	0.03136	0.00606	0.00466	0.00146	0.00473	0.02492	0.00444	0.00726
1	0.01742	0.01290	0.01381	0.01065	0.01432	0.01430	0.00878	0.75823	0.05605	0.02889	0.01151	0.01144	0.00819	0.00562	0.00466	0.00140	0.00506	0.00424	0.00466	0.00789
2	0.00599	0.00467	0.00550	0.00590	0.00703	0.00418	0.00448	0.00735	0.01048	0.01326	0.11548	0.23182	0.41178	0.01239	0.00576	0.00173	0.00275	0.14104	0.00440	0.00400
3	0.00665	0.00498	0.00748	0.00748	0.00831	0.00582	0.00582	0.00831	0.00748	0.01080	0.01246	0.01828	0.01163	0.03489	0.81807	0.00748	0.01246	0.00498	0.00249	0.00415
4	0.00723	0.00516	0.00719	0.00826	0.00921	0.00512	0.00703	0.00917	0.01044	0.01362	0.02478	0.16723	0.02736	0.01310	0.00635	0.00210	0.00405	0.66407	0.00429	0.00421
5	0.01768	0.01303	0.01396	0.01070	0.01443	0.01443	0.00884	0.79197	0.02187	0.02932	0.01117	0.01117	0.00791	0.00558	0.00465	0.00140	0.00512	0.00419	0.00465	0.00791
6	0.02087	0.00792	0.01080	0.00828	0.01188	0.00684	0.00684	0.02267	0.01332	0.81071	0.01835	0.01583	0.01152	0.00576	0.00468	0.00144	0.00396	0.00468	0.00576	0.00792
7	0.00904	0.00788	0.00820	0.00817	0.00986	0.06272	0.00641	0.01475	0.29704	0.01522	0.02526	0.15492	0.15083	0.01001	0.00543	0.00174	0.00378	0.19906	0.00433	0.00534
8	0.01403	0.14952	0.19379	0.01216	0.01678	0.01353	0.13707	0.33673	0.01508	0.05276	0.00979	0.01068	0.00716	0.00480	0.00447	0.00138	0.00588	0.00398	0.00330	0.00710
9	0.02745	0.07296	0.07521	0.03537	0.10363	0.09651	0.11345	0.25320	0.08523	0.01889	0.01104	0.01215	0.02952	0.00522	0.00501	0.00143	0.03946	0.00427	0.00326	0.00676
10	0.01052	0.00773	0.00968	0.00828	0.01047	0.00767	0.04906	0.21552	0.01333	0.05438	0.10148	0.15221	0.10110	0.07659	0.00671	0.00178	0.00396	0.08633	0.00419	0.07900
11	0.00925	0.00904	0.06784	0.00975	0.04067	0.04713	0.10071	0.05248	0.02593	0.02895	0.04445	0.13314	0.04334	0.23816	0.01051	0.00235	0.02738	0.03615	0.00323	0.06954
12	0.05043	0.08518	0.19465	0.02763	0.05538	0.17696	0.01006	0.06936	0.07563	0.03439	0.01092	0.07110	0.00955	0.03479	0.00529	0.00151	0.02557	0.01915	0.00290	0.03957
13	0.04191	0.11194	0.07532	0.02978	0.20716	0.04423	0.04817	0.14186	0.04566	0.01696	0.05378	0.03998	0.02875	0.00546	0.00490	0.00138	0.04200	0.00450	0.00303	0.05325
14	0.07011	0.11301	0.07770	0.01088	0.07575	0.07559	0.00876	0.22991	0.09274	0.03452	0.01086	0.01144	0.02614	0.00492	0.00412	0.00125	0.00494	0.00374	0.00336	0.14026
15	0.03037	0.04863	0.06601	0.06606	0.09820	0.12086	0.03943	0.11461	0.10680	0.02807	0.05623	0.06706	0.02381	0.04821	0.00572	0.00156	0.01863	0.00500	0.00329	0.05146
16	0.01277	0.10629	0.12531	0.01133	0.07026	0.08893	0.02774	0.15267	0.04648	0.08654	0.01347	0.06900	0.04505	0.01907	0.00536	0.00149	0.04372	0.03868	0.00338	0.03247

[dist]
# distance from previous block
# <min> <max>
0	43

[block]
# block no. 9 follows, 55 sequences, length 26
# corresponding to MSA columns:
# 690-714,731
name=unknown_J
#
# <colnr> <probs for GDERKNQSTAVLIFYWHMCP>
#	G	D	E	R	K	N	Q	S	T	A	V	L	I	F	Y	W	H	M	C	P
0	0.05259	0.07248	0.11844	0.04133	0.26948	0.02202	0.02317	0.10087	0.03074	0.01636	0.01139	0.01380	0.04748	0.02092	0.00483	0.00140	0.01548	0.02118	0.02674	0.08929
1	0.02882	0.12879	0.17081	0.03848	0.04657	0.16113	0.06812	0.10582	0.01195	0.03162	0.02483	0.01151	0.02353	0.02044	0.00456	0.00132	0.00590	0.00376	0.01863	0.09340
2	0.09359	0.04571	0.05081	0.05294	0.08730	0.00902	0.00771	0.08357	0.07089	0.04743	0.08568	0.06850	0.05156	0.00648	0.01422	0.00141	0.03144	0.00500	0.01973	0.16701
3	0.01084	0.06334	0.04810	0.05288	0.03554	0.02168	0.02334	0.08686	0.05068	0.08384	0.12489	0.08643	0.02528	0.00768	0.03942	0.00159	0.03940	0.00534	0.02075	0.17213
4	0.00987	0.06472	0.16175	0.08089	0.05846	0.00925	0.07195	0.02813	0.09932	0.05935	0.06294	0.03494	0.15055	0.00659	0.00497	0.00147	0.02501	0.00559	0.05838	0.00586
5	0.00622	0.00443	0.00559	0.00614	0.00689	0.00405	0.00433	0.00737	0.01000	0.03187	0.14451	0.49502	0.18279	0.02998	0.00614	0.00182	0.00269	0.04173	0.00444	0.00400
6	0.05712	0.00487	0.00594	0.00632	0.00714	0.00469	0.00448	0.00856	0.00928	0.06561	0.06223	0.41064	0.07325	0.15391	0.00865	0.00224	0.00323	0.07921	0.02858	0.00406
7	0.02684	0.02598	0.05996	0.03373	0.05242	0.03909	0.02106	0.12601	0.07274	0.01536	0.03544	0.03054	0.01057	0.07403	0.13952	0.00277	0.19671	0.00474	0.02691	0.00556
8	0.00623	0.00483	0.00567	0.00582	0.00701	0.00440	0.00440	0.00795	0.02849	0.01415	0.22525	0.13954	0.37311	0.04590	0.00641	0.00178	0.00273	0.10776	0.00446	0.00410
9	0.01401	0.42759	0.04831	0.01146	0.07286	0.28785	0.03221	0.03415	0.01116	0.01210	0.00715	0.00840	0.00616	0.00432	0.00368	0.00114	0.00633	0.00295	0.00222	0.00597
10	0.06104	0.11211	0.12420	0.03950	0.07792	0.07981	0.03052	0.10921	0.07287	0.01580	0.01012	0.02472	0.00846	0.04328	0.04883	0.00187	0.07628	0.00409	0.05338	0.00599
11	0.08882	0.00538	0.00589	0.00586	0.00727	0.00516	0.00439	0.03338	0.01036	0.06023	0.06985	0.22252	0.27672	0.03843	0.00568	0.00168	0.00286	0.04421	0.10689	0.00440
12	0.01382	0.13661	0.13091	0.03021	0.05277	0.18071	0.03202	0.17996	0.08624	0.02940	0.00943	0.01050	0.00734	0.00517	0.00520	0.00139	0.07509	0.00371	0.00298	0.00653
13	0.00728	0.00489	0.00595	0.00590	0.00711	0.00441	0.00437	0.00869	0.01093	0.07595	0.25009	0.16642	0.28007	0.08473	0.00719	0.00188	0.00282	0.06254	0.00452	0.00427
14	0.01275	0.01272	0.13407	0.01386	0.13601	0.01130	0.08016	0.26408	0.12042	0.04416	0.01260	0.06928	0.01028	0.02332	0.03214	0.00174	0.00552	0.00504	0.00360	0.00694
15	0.00666	0.00447	0.00511	0.00521	0.00524	0.00444	0.00296	0.00674	0.00697	0.00930	0.01572	0.10793	0.01825	0.75720	0.02197	0.00426	0.00434	0.00739	0.00296	0.00291
16	0.01061	0.12361	0.35380	0.04915	0.14646	0.01195	0.11301	0.03791	0.06334	0.01505	0.02638	0.01133	0.00774	0.00454	0.00446	0.00142	0.00614	0.00397	0.00241	0.00670
17	0.83508	0.00953	0.00709	0.00635	0.00921	0.04292	0.00520	0.01387	0.00813	0.02049	0.00651	0.00759	0.00508	0.00434	0.00293	0.00143	0.00379	0.00254	0.00286	0.00505
18	0.00597	0.00430	0.00531	0.00589	0.00634	0.00401	0.00390	0.00677	0.00904	0.01195	0.09549	0.48647	0.12805	0.19276	0.00970	0.00238	0.00300	0.01095	0.00406	0.00364
19	0.01526	0.01209	0.01562	0.03529	0.04778	0.04140	0.14510	0.37723	0.14971	0.09314	0.01250	0.01282	0.00901	0.00532	0.00480	0.00146	0.00541	0.00459	0.00412	0.00735
20	0.01529	0.06102	0.01355	0.01041	0.03475	0.06401	0.02269	0.41513	0.11363	0.07135	0.04995	0.01286	0.01028	0.00548	0.00449	0.00133	0.00485	0.00428	0.00418	0.08046
21	0.00595	0.00481	0.00526	0.00525	0.00659	0.00425	0.00387	0.00762	0.03336	0.01387	0.20179	0.10752	0.53470	0.03686	0.00607	0.00167	0.00246	0.00959	0.00445	0.00408
22	0.01280	0.30474	0.23252	0.02590	0.01555	0.08436	0.03667	0.16544	0.03972	0.01602	0.00880	0.02185	0.00702	0.00473	0.00402	0.00128	0.00585	0.00350	0.00268	0.00655
23	0.01397	0.50539	0.02029	0.01097	0.07838	0.27761	0.00882	0.01547	0.01076	0.01144	0.00689	0.00810	0.00609	0.00426	0.00351	0.00109	0.00613	0.00279	0.00215	0.00590
24	0.00598	0.00438	0.00545	0.00600	0.00662	0.00405	0.00415	0.00703	0.00968	0.01278	0.14684	0.44612	0.16743	0.10904	0.00788	0.00208	0.00284	0.04354	0.00426	0.00381
25	0.03418	0.02523	0.13201	0.08540	0.15255	0.03677	0.06451	0.21017	0.06068	0.05664	0.02980	0.01244	0.00864	0.01859	0.00551	0.00152	0.05107	0.00428	0.00321	0.00678

[dist]
# distance from previous block
# <min> <max>
0	5

[block]
# block no. 10 follows, 55 sequences, length 31
# corresponding to MSA columns:
# 737-756,760-770
name=unknown_K
#
# <colnr> <probs for GDERKNQSTAVLIFYWHMCP>
#	G	D	E	R	K	N	Q	S	T	A	V	L	I	F	Y	W	H	M	C	P
0	0.00603	0.00468	0.00543	0.00541	0.00661	0.00415	0.00399	0.00753	0.01126	0.01470	0.33122	0.10973	0.39389	0.04798	0.00637	0.00170	0.00247	0.02825	0.00456	0.00405
1	0.02957	0.24292	0.15479	0.05128	0.12169	0.06854	0.01053	0.06128	0.05642	0.01430	0.01041	0.02171	0.04224	0.00525	0.00498	0.00136	0.07293	0.00387	0.01974	0.00620
2	0.00638	0.00494	0.00554	0.00542	0.00666	0.00447	0.00397	0.03139	0.01106	0.01423	0.23905	0.07465	0.42698	0.11576	0.00782	0.00194	0.00274	0.02862	0.00435	0.00403
3	0.24756	0.32895	0.06667	0.03368	0.05958	0.08007	0.07313	0.01465	0.03289	0.01479	0.00744	0.00880	0.00613	0.00426	0.00355	0.00127	0.00526	0.00307	0.00240	0.00585
4	0.01172	0.07885	0.14741	0.07694	0.13456	0.06078	0.03080	0.05880	0.15083	0.05900	0.03607	0.01407	0.02303	0.00610	0.02062	0.00159	0.06179	0.01745	0.00310	0.00650
5	0.00737	0.00507	0.00593	0.00570	0.00711	0.00458	0.00429	0.02531	0.01137	0.05266	0.26395	0.11877	0.29308	0.02509	0.00555	0.00156	0.00260	0.03495	0.09527	0.02981
6	0.01174	0.14097	0.03222	0.10807	0.14840	0.14034	0.06205	0.05179	0.05586	0.01374	0.01107	0.03864	0.03776	0.00645	0.02624	0.00160	0.07806	0.02641	0.00267	0.00592
7	0.00629	0.00480	0.00550	0.00556	0.00673	0.00434	0.00405	0.03042	0.01102	0.01439	0.21849	0.22178	0.37692	0.03462	0.00601	0.00168	0.00253	0.00985	0.03094	0.00410
8	0.03238	0.07004	0.04963	0.00938	0.03605	0.06364	0.00761	0.12339	0.02718	0.30135	0.01334	0.01513	0.01017	0.09374	0.09917	0.00241	0.03054	0.00446	0.00396	0.00644
9	0.02866	0.00627	0.03006	0.00691	0.00840	0.00573	0.00523	0.05562	0.02924	0.15047	0.04587	0.30122	0.08777	0.14598	0.05552	0.00245	0.00403	0.00842	0.01731	0.00484
10	0.01176	0.12876	0.06142	0.02616	0.03724	0.02926	0.02837	0.13681	0.09625	0.05225	0.07833	0.01440	0.02023	0.02342	0.06016	0.00186	0.10894	0.00443	0.00331	0.07663
