[name]
unknown

[dist]
# distance from previous block
# <min> <max>
0	90

[block]
# block no. 0 follows, 70 sequences, length 16
# corresponding to MSA columns:
# 100-115
name=unknown_A
#
# <colnr> <probs for GDERKNQSTAVLIFYWHMCP>
#	G	D	E	R	K	N	Q	S	T	A	V	L	I	F	Y	W	H	M	C	P
0	0.06539	0.00537	0.00628	0.01891	0.00740	0.00531	0.00436	0.07469	0.05492	0.11401	0.09537	0.14720	0.14669	0.10858	0.03573	0.03047	0.00315	0.02831	0.00342	0.04445
1	0.07468	0.00692	0.00671	0.00620	0.00764	0.10202	0.00466	0.05986	0.08206	0.09371	0.10136	0.17883	0.15092	0.07996	0.00567	0.00150	0.02354	0.00613	0.00341	0.00422
2	0.06639	0.05519	0.01022	0.21970	0.14156	0.02218	0.00744	0.06728	0.08673	0.03233	0.19158	0.01494	0.01346	0.04935	0.00467	0.00134	0.00380	0.00427	0.00282	0.00476
3	0.03834	0.00608	0.00903	0.34453	0.07421	0.00681	0.00740	0.01034	0.05084	0.09624	0.03999	0.04296	0.04710	0.06964	0.09591	0.03128	0.00474	0.00433	0.01591	0.00433
4	0.10423	0.00551	0.00665	0.00703	0.08346	0.00551	0.00475	0.03463	0.07687	0.07339	0.25840	0.10979	0.15382	0.05294	0.00500	0.00140	0.00266	0.00613	0.00356	0.00426
5	0.06740	0.00569	0.00653	0.03355	0.00808	0.00599	0.00474	0.05021	0.21321	0.07198	0.08786	0.30139	0.08044	0.03888	0.00484	0.00146	0.00277	0.00691	0.00365	0.00443
6	0.00796	0.00543	0.00637	0.00602	0.00740	0.00549	0.00450	0.05381	0.19724	0.11015	0.12093	0.28242	0.12956	0.03813	0.00496	0.00145	0.00263	0.00722	0.00387	0.00447
7	0.07479	0.00747	0.00848	0.00639	0.00953	0.00666	0.00516	0.12864	0.04735	0.10401	0.00853	0.00912	0.00654	0.00415	0.02408	0.00095	0.00332	0.00277	0.00287	0.53920
8	0.09975	0.00575	0.00639	0.00597	0.00749	0.00594	0.00457	0.07940	0.14305	0.08833	0.10387	0.18427	0.13824	0.05640	0.00511	0.00149	0.00280	0.05314	0.00366	0.00439
9	0.03762	0.00589	0.00713	0.00622	0.00813	0.00573	0.00484	0.03984	0.15367	0.30467	0.13722	0.14513	0.09764	0.02258	0.00447	0.00134	0.00279	0.00589	0.00413	0.00510
10	0.45953	0.00724	0.00717	0.00599	0.00843	0.00770	0.00485	0.10075	0.00913	0.25854	0.00964	0.03744	0.00732	0.05596	0.00412	0.00136	0.00324	0.00328	0.00330	0.00501
11	0.00573	0.00398	0.00472	0.00477	0.00505	0.00403	0.00301	0.03232	0.00653	0.00873	0.01458	0.15110	0.05399	0.57108	0.11090	0.00351	0.00422	0.00634	0.00262	0.00278
12	0.28945	0.00724	0.00776	0.00663	0.00890	0.00782	0.00536	0.08759	0.13903	0.23668	0.01200	0.05273	0.02552	0.00623	0.04243	0.00149	0.03431	0.02009	0.00348	0.00525
13	0.04467	0.00524	0.00632	0.00583	0.00726	0.00510	0.00439	0.07372	0.06082	0.17521	0.17884	0.27410	0.09512	0.03906	0.00492	0.00142	0.00264	0.00703	0.00391	0.00440
14	0.89114	0.00750	0.00570	0.00510	0.00750	0.00870	0.00420	0.01140	0.00660	0.01739	0.00540	0.00630	0.00420	0.00360	0.00240	0.00120	0.00300	0.00210	0.00240	0.00420
15	0.00657	0.00435	0.00540	0.00523	0.00601	0.00433	0.00371	0.03402	0.02848	0.06530	0.16099	0.14385	0.08649	0.26195	0.14907	0.00285	0.00409	0.00637	0.01748	0.00349

[dist]
# distance from previous block
# <min> <max>
0	4

[block]
# block no. 1 follows, 70 sequences, length 8
# corresponding to MSA columns:
# 120-127
name=unknown_B
#
# <colnr> <probs for GDERKNQSTAVLIFYWHMCP>
#	G	D	E	R	K	N	Q	S	T	A	V	L	I	F	Y	W	H	M	C	P
0	0.02980	0.00686	0.00835	0.07370	0.01025	0.00745	0.00590	0.12346	0.19724	0.17650	0.06197	0.10606	0.03038	0.04027	0.04387	0.00162	0.04589	0.00497	0.02029	0.00516
1	0.00706	0.00518	0.00601	0.00557	0.00608	0.00567	0.00380	0.09182	0.05649	0.01012	0.01177	0.02195	0.01258	0.59545	0.04814	0.00321	0.07116	0.03210	0.00258	0.00325
2	0.05659	0.00752	0.07294	0.00646	0.00890	0.05554	0.00553	0.01076	0.00899	0.15023	0.09293	0.11859	0.06096	0.00603	0.00384	0.00112	0.00325	0.07249	0.00318	0.25418
3	0.00891	0.06261	0.05335	0.19784	0.21568	0.00893	0.06637	0.07070	0.04987	0.03850	0.02502	0.07753	0.00846	0.00607	0.04996	0.00152	0.04705	0.00418	0.00236	0.00511
4	0.03470	0.07973	0.04395	0.08472	0.01072	0.00706	0.00603	0.02952	0.11538	0.12401	0.07375	0.08438	0.01175	0.00524	0.00367	0.00110	0.00331	0.04434	0.01802	0.21863
5	0.00671	0.00427	0.00662	0.04856	0.05184	0.00437	0.03561	0.00628	0.00601	0.00815	0.04914	0.01449	0.00930	0.12731	0.07926	0.52946	0.00417	0.00397	0.00196	0.00252
6	0.03962	0.10132	0.01106	0.14386	0.03157	0.00810	0.03540	0.05426	0.00837	0.01235	0.00671	0.00837	0.00552	0.00353	0.00387	0.00090	0.06921	0.00271	0.00216	0.45110
7	0.04060	0.09091	0.07062	0.08994	0.14437	0.01968	0.02671	0.03961	0.05652	0.13855	0.12900	0.08542	0.01264	0.00522	0.00385	0.00119	0.00376	0.00448	0.00298	0.03393

[dist]
# distance from previous block
# <min> <max>
6	31

[block]
# block no. 2 follows, 70 sequences, length 10
# corresponding to MSA columns:
# 162-171
name=unknown_C
#
# <colnr> <probs for GDERKNQSTAVLIFYWHMCP>
#	G	D	E	R	K	N	Q	S	T	A	V	L	I	F	Y	W	H	M	C	P
0	0.00828	0.04726	0.16681	0.03388	0.03724	0.03072	0.22962	0.01145	0.08104	0.03491	0.01245	0.05984	0.08390	0.07902	0.00570	0.00148	0.02871	0.01794	0.00243	0.02731
1	0.01010	0.11869	0.01283	0.28545	0.06514	0.19589	0.03218	0.06607	0.04480	0.01113	0.00738	0.03579	0.00620	0.00444	0.00453	0.00120	0.08795	0.00337	0.00209	0.00476
2	0.00903	0.07908	0.11260	0.02588	0.10378	0.05701	0.03652	0.06660	0.07910	0.03987	0.07352	0.08868	0.01153	0.00563	0.01358	0.00122	0.01385	0.05842	0.00275	0.12133
3	0.02722	0.25215	0.11277	0.03364	0.11477	0.02700	0.03809	0.10787	0.00963	0.06851	0.03056	0.05522	0.00769	0.00423	0.00342	0.00105	0.00420	0.00341	0.00244	0.09614
4	0.04921	0.00744	0.10241	0.00608	0.00816	0.05028	0.00536	0.05306	0.01011	0.12097	0.24539	0.04883	0.26324	0.00714	0.00420	0.00124	0.00298	0.00594	0.00359	0.00437
5	0.04748	0.00459	0.00589	0.00644	0.04860	0.00453	0.00444	0.04297	0.00850	0.05247	0.09469	0.39091	0.12966	0.01201	0.10992	0.00202	0.00351	0.02419	0.00340	0.00378
6	0.01031	0.13441	0.19066	0.05112	0.07171	0.04695	0.13688	0.08894	0.04550	0.08247	0.00813	0.00931	0.00615	0.00427	0.01633	0.00122	0.03729	0.00329	0.00235	0.05271
7	0.02094	0.01980	0.05479	0.09336	0.11030	0.00810	0.22029	0.05801	0.06489	0.07394	0.05178	0.04898	0.00972	0.06766	0.06563	0.00180	0.01797	0.00448	0.00259	0.00498
8	0.00515	0.00397	0.00450	0.00473	0.00557	0.00365	0.00335	0.00636	0.04969	0.01026	0.04427	0.26196	0.41120	0.09584	0.00669	0.04344	0.00239	0.03034	0.00341	0.00323
9	0.05452	0.03780	0.12609	0.11762	0.16239	0.07837	0.13592	0.05136	0.01975	0.06952	0.00805	0.02466	0.00636	0.00516	0.04084	0.00144	0.04912	0.00356	0.00223	0.00523

[dist]
# distance from previous block
# <min> <max>
11	30

[block]
# block no. 3 follows, 70 sequences, length 17
# corresponding to MSA columns:
# 205-221
name=unknown_D
#
# <colnr> <probs for GDERKNQSTAVLIFYWHMCP>
#	G	D	E	R	K	N	Q	S	T	A	V	L	I	F	Y	W	H	M	C	P
0	0.03177	0.07485	0.14138	0.09086	0.20801	0.01806	0.03167	0.01182	0.09535	0.04720	0.06343	0.04585	0.07919	0.00509	0.00414	0.00123	0.02939	0.01302	0.00255	0.00515
1	0.10498	0.00795	0.08797	0.02068	0.03073	0.00740	0.13254	0.02716	0.01819	0.04967	0.03491	0.13101	0.04942	0.05113	0.02596	0.00165	0.12579	0.08582	0.00267	0.00436
2	0.03304	0.09673	0.05804	0.02659	0.00893	0.02267	0.00588	0.11589	0.06988	0.01250	0.07111	0.04548	0.08806	0.04372	0.11996	0.08898	0.04573	0.03986	0.00275	0.00423
3	0.00895	0.06339	0.00980	0.17588	0.04609	0.06418	0.00691	0.14538	0.06717	0.02129	0.08456	0.04402	0.05735	0.03474	0.07174	0.00171	0.01633	0.05220	0.00285	0.02545
4	0.04364	0.04082	0.01406	0.01054	0.01290	0.00901	0.29714	0.13327	0.02359	0.01362	0.05154	0.11915	0.01018	0.02342	0.02085	0.00145	0.12245	0.00491	0.00260	0.04485
5	0.03450	0.03330	0.01115	0.02799	0.01167	0.02927	0.00708	0.60880	0.03556	0.07943	0.00955	0.00986	0.00692	0.00607	0.05390	0.00147	0.02024	0.00348	0.00361	0.00615
6	0.02984	0.06732	0.42030	0.01178	0.09394	0.07380	0.05450	0.08701	0.00913	0.01283	0.00684	0.00832	0.00525	0.00407	0.00464	0.00123	0.09874	0.00303	0.00194	0.00548
7	0.02575	0.00718	0.01060	0.10074	0.28510	0.00740	0.02479	0.06648	0.07765	0.07793	0.05359	0.11385	0.08686	0.00636	0.02359	0.00138	0.00389	0.01880	0.00293	0.00512
8	0.00495	0.00390	0.00427	0.00435	0.00531	0.00345	0.00315	0.00588	0.00844	0.01052	0.11120	0.08539	0.52605	0.14981	0.00713	0.00175	0.00236	0.05545	0.00346	0.00317
9	0.00849	0.00712	0.00823	0.00601	0.00930	0.00575	0.00481	0.07061	0.03197	0.01371	0.03660	0.00905	0.00706	0.00325	0.00304	0.00066	0.00294	0.00261	0.00253	0.76626
10	0.03123	0.08057	0.23838	0.12136	0.13676	0.00916	0.04576	0.06456	0.00882	0.05105	0.02351	0.07246	0.00763	0.00465	0.00441	0.00123	0.06667	0.00381	0.00223	0.02575
11	0.10205	0.02867	0.06709	0.00917	0.03835	0.00760	0.17146	0.04971	0.04943	0.16496	0.00975	0.04677	0.00765	0.02567	0.00404	0.00116	0.00405	0.00371	0.00284	0.20587
12	0.00787	0.00757	0.01059	0.00929	0.00943	0.01028	0.00767	0.00884	0.00643	0.00979	0.05596	0.05013	0.00882	0.00860	0.06245	0.00194	0.68352	0.03470	0.00203	0.00408
13	0.00809	0.00756	0.01229	0.44572	0.09419	0.00891	0.08037	0.06419	0.00843	0.01129	0.00867	0.07275	0.01997	0.00503	0.00527	0.00136	0.12322	0.01600	0.00209	0.00458
14	0.03004	0.13374	0.07826	0.03784	0.13905	0.06994	0.01754	0.07580	0.02597	0.03865	0.03943	0.02160	0.01814	0.03773	0.02485	0.00132	0.08316	0.00339	0.00234	0.12124
15	0.03970	0.04381	0.01004	0.00865	0.01025	0.43368	0.02959	0.03493	0.00925	0.01023	0.02838	0.02817	0.00755	0.02806	0.20031	0.00235	0.06530	0.00336	0.00215	0.00423
16	0.00822	0.00777	0.01095	0.00942	0.01025	0.03146	0.07964	0.04033	0.05599	0.01066	0.00859	0.01369	0.00815	0.03830	0.15188	0.00244	0.43322	0.07256	0.00219	0.00428

[dist]
# distance from previous block
# <min> <max>
0	1

[block]
# block no. 4 follows, 70 sequences, length 8
# corresponding to MSA columns:
# 223-230
name=unknown_E
#
# <colnr> <probs for GDERKNQSTAVLIFYWHMCP>
#	G	D	E	R	K	N	Q	S	T	A	V	L	I	F	Y	W	H	M	C	P
0	0.45903	0.00825	0.00742	0.00650	0.00877	0.04521	0.00523	0.17451	0.09688	0.03485	0.00942	0.08381	0.00812	0.00502	0.00326	0.00125	0.00339	0.03120	0.00304	0.00483
1	0.00867	0.00890	0.07217	0.10099	0.01546	0.00813	0.33075	0.03446	0.12736	0.05879	0.06291	0.04970	0.09353	0.00508	0.00431	0.00130	0.00468	0.00502	0.00278	0.00503
2	0.61501	0.00907	0.00735	0.00629	0.00879	0.09383	0.00511	0.13785	0.00910	0.06730	0.00666	0.00725	0.00497	0.00387	0.00283	0.00117	0.00362	0.00246	0.00273	0.00474
3	0.00529	0.00427	0.01924	0.00565	0.00635	0.00388	0.02234	0.00671	0.05325	0.01042	0.03550	0.57643	0.12303	0.07035	0.00582	0.00165	0.00255	0.02559	0.00345	0.01821
4	0.00505	0.00356	0.00467	0.00543	0.00571	0.00340	0.00373	0.00575	0.00734	0.00975	0.01989	0.63671	0.02351	0.13974	0.00722	0.00193	0.00264	0.10750	0.00341	0.00308
5	0.07684	0.00716	0.00871	0.09362	0.06810	0.08347	0.05496	0.05506	0.00822	0.07974	0.01052	0.06223	0.01006	0.24750	0.10098	0.00249	0.00500	0.01870	0.00255	0.00410
6	0.59893	0.03354	0.00787	0.00765	0.09003	0.00900	0.00553	0.03731	0.00722	0.01558	0.00678	0.06569	0.00606	0.00452	0.00381	0.00126	0.08942	0.00302	0.00239	0.00442
7	0.04251	0.03801	0.08282	0.02817	0.08738	0.03218	0.00650	0.04297	0.02234	0.01297	0.02159	0.04359	0.00705	0.00367	0.00322	0.00084	0.00353	0.00299	0.00234	0.51532

[dist]
# distance from previous block
# <min> <max>
0	5

[block]
# block no. 5 follows, 70 sequences, length 9
# corresponding to MSA columns:
# 236-244
name=unknown_F
#
# <colnr> <probs for GDERKNQSTAVLIFYWHMCP>
#	G	D	E	R	K	N	Q	S	T	A	V	L	I	F	Y	W	H	M	C	P
0	0.01048	0.71894	0.08260	0.00741	0.01092	0.01411	0.04311	0.01208	0.00813	0.05321	0.00614	0.00692	0.00525	0.00342	0.00274	0.00090	0.00433	0.00234	0.00183	0.00513
1	0.00804	0.00689	0.00804	0.00574	0.00919	0.00517	0.00459	0.00976	0.00804	0.01263	0.00689	0.00804	0.00574	0.00287	0.00287	0.00057	0.00287	0.00230	0.00230	0.88745
2	0.00559	0.00429	0.00492	0.00506	0.00599	0.02700	0.00374	0.00679	0.00917	0.03294	0.25396	0.25920	0.29302	0.00970	0.00468	0.00138	0.00229	0.06305	0.00377	0.00348
3	0.00518	0.00385	0.00467	0.00481	0.00558	0.00353	0.00348	0.00632	0.00888	0.01178	0.30025	0.19178	0.24348	0.12001	0.00666	0.00168	0.00233	0.06879	0.00366	0.00328
4	0.00550	0.00377	0.00446	0.00457	0.00476	0.00372	0.00283	0.00585	0.00648	0.00869	0.07799	0.12912	0.03951	0.61619	0.04108	0.00324	0.00357	0.03332	0.00272	0.00265
5	0.00711	0.00605	0.00894	0.12638	0.01124	0.00676	0.07447	0.03205	0.07019	0.02705	0.10516	0.18896	0.06479	0.02192	0.06788	0.00182	0.12563	0.04654	0.00293	0.00412
6	0.01208	0.37706	0.01525	0.00910	0.04563	0.35117	0.00738	0.05539	0.00956	0.01023	0.00589	0.00701	0.00512	0.00393	0.00381	0.00100	0.07112	0.00248	0.00192	0.00486
7	0.05478	0.03864	0.19757	0.15328	0.14948	0.03621	0.03594	0.04527	0.02405	0.01249	0.02601	0.02944	0.04987	0.00431	0.00391	0.00116	0.02723	0.00358	0.00217	0.10461
8	0.02859	0.07375	0.18238	0.01242	0.22490	0.11300	0.00926	0.09887	0.05468	0.03899	0.03867	0.00985	0.00735	0.00401	0.00358	0.00110	0.00460	0.00323	0.03936	0.05142

[dist]
# distance from previous block
# <min> <max>
0	25

[block]
# block no. 6 follows, 70 sequences, length 13
# corresponding to MSA columns:
# 270-282
name=unknown_G
#
# <colnr> <probs for GDERKNQSTAVLIFYWHMCP>
#	G	D	E	R	K	N	Q	S	T	A	V	L	I	F	Y	W	H	M	C	P
0	0.00861	0.03758	0.42478	0.05300	0.21606	0.00916	0.06983	0.04842	0.03027	0.01299	0.04718	0.00994	0.00706	0.00388	0.00382	0.00121	0.00512	0.00340	0.00202	0.00566
1	0.00503	0.00362	0.00455	0.00518	0.00567	0.00336	0.00364	0.00592	0.00784	0.01042	0.05263	0.54345	0.14972	0.05785	0.00563	0.00163	0.00238	0.08599	0.04229	0.00320
2	0.00803	0.00647	0.00877	0.03387	0.05865	0.00693	0.05559	0.07941	0.17152	0.03521	0.27761	0.01885	0.03773	0.04629	0.09786	0.00192	0.04212	0.00515	0.00337	0.00467
3	0.09403	0.00552	0.00648	0.00575	0.00739	0.00544	0.00450	0.09175	0.01014	0.20190	0.19793	0.08745	0.05088	0.06831	0.00514	0.00143	0.00281	0.06050	0.08815	0.00451
4	0.00549	0.00384	0.00451	0.00449	0.00478	0.00384	0.00282	0.00588	0.00635	0.00845	0.05400	0.02561	0.11332	0.60943	0.12815	0.00368	0.00434	0.00581	0.00255	0.00267
5	0.13790	0.00496	0.00629	0.00600	0.00712	0.00552	0.00464	0.03129	0.00701	0.07508	0.01066	0.05486	0.00987	0.08285	0.53317	0.00455	0.00770	0.00425	0.00248	0.00380
6	0.00860	0.00863	0.01348	0.01274	0.13410	0.01093	0.10409	0.00997	0.00675	0.01017	0.00597	0.00917	0.00554	0.00685	0.04691	0.00177	0.59437	0.00357	0.00178	0.00460
7	0.00672	0.00396	0.00520	0.00544	0.00619	0.00362	0.00383	0.00762	0.00832	0.13375	0.10874	0.56987	0.05901	0.05166	0.00545	0.00157	0.00242	0.00915	0.00379	0.00368
8	0.76063	0.13472	0.00786	0.00533	0.00786	0.00968	0.00456	0.01143	0.00679	0.01617	0.00540	0.00629	0.00431	0.00356	0.00241	0.00114	0.00317	0.00210	0.00229	0.00431
9	0.02342	0.12130	0.05844	0.03300	0.15961	0.08525	0.02170	0.13309	0.06017	0.08166	0.00815	0.00910	0.00633	0.00406	0.00412	0.00109	0.06337	0.00310	0.00256	0.12048
10	0.11685	0.16242	0.07099	0.03600	0.17073	0.12017	0.11668	0.03249	0.07453	0.01247	0.00722	0.00863	0.00582	0.00385	0.00390	0.00115	0.04568	0.00310	0.00212	0.00520
11	0.00614	0.06371	0.00628	0.00593	0.00658	0.07177	0.00422	0.00723	0.03555	0.00996	0.01842	0.64486	0.02150	0.04929	0.00531	0.00157	0.00289	0.03205	0.00329	0.00346
12	0.11420	0.04429	0.00743	0.02061	0.00819	0.05318	0.00483	0.08550	0.03695	0.16004	0.17032	0.10514	0.14586	0.00666	0.00396	0.00123	0.00300	0.00548	0.01856	0.00459

[dist]
# distance from previous block
# <min> <max>
1	3

[block]
# block no. 7 follows, 70 sequences, length 29
# corresponding to MSA columns:
# 300-328
name=unknown_H
#
# <colnr> <probs for GDERKNQSTAVLIFYWHMCP>
#	G	D	E	R	K	N	Q	S	T	A	V	L	I	F	Y	W	H	M	C	P
0	0.02674	0.02838	0.21402	0.05095	0.03441	0.09039	0.16241	0.10869	0.02662	0.02411	0.00796	0.03563	0.00647	0.00588	0.05294	0.00156	0.11180	0.00367	0.00221	0.00514
1	0.01078	0.39817	0.02522	0.02742	0.13824	0.16264	0.02283	0.03118	0.07586	0.01093	0.00688	0.00792	0.00581	0.00369	0.00326	0.00098	0.01607	0.00269	0.00203	0.04742
2	0.66108	0.04186	0.03164	0.02415	0.02832	0.07135	0.00539	0.07400	0.00798	0.01662	0.00586	0.00679	0.00456	0.00370	0.00270	0.00117	0.00360	0.00232	0.00241	0.00452
3	0.03961	0.00986	0.02119	0.03371	0.18754	0.16637	0.14913	0.03519	0.03253	0.04249	0.03247	0.02661	0.12972	0.00582	0.02887	0.00137	0.03005	0.02007	0.00252	0.00488
4	0.00534	0.00421	0.00484	0.00468	0.00583	0.00387	0.00351	0.00735	0.06464	0.01313	0.39855	0.06640	0.38600	0.00875	0.00455	0.00128	0.00199	0.00752	0.00393	0.00363
5	0.00818	0.03292	0.01144	0.00960	0.00978	0.01113	0.00799	0.00911	0.00603	0.00928	0.00573	0.00923	0.00564	0.00936	0.11287	0.00222	0.73012	0.00345	0.00174	0.00417
6	0.12139	0.01279	0.01204	0.01395	0.29062	0.37318	0.03788	0.01320	0.00941	0.01183	0.00666	0.00824	0.00552	0.00418	0.01924	0.00117	0.00551	0.00289	0.01925	0.03104
7	0.89114	0.00750	0.00570	0.00510	0.00750	0.00870	0.00420	0.01140	0.00660	0.01739	0.00540	0.00630	0.00420	0.00360	0.00240	0.00120	0.00300	0.00210	0.00240	0.00420
8	0.00595	0.00403	0.00497	0.00483	0.00582	0.00363	0.00354	0.00727	0.00960	0.06807	0.41536	0.16096	0.22396	0.05781	0.00546	0.00144	0.00214	0.00764	0.00393	0.00361
9	0.00534	0.00403	0.00493	0.00526	0.00598	0.00384	0.00372	0.02134	0.06039	0.01179	0.18776	0.48366	0.16680	0.01033	0.00473	0.00143	0.00220	0.00918	0.00376	0.00352
10	0.06515	0.00879	0.00997	0.00782	0.01070	0.00921	0.00641	0.42039	0.07031	0.30580	0.01197	0.03710	0.00844	0.00492	0.00384	0.00120	0.00372	0.00385	0.00411	0.00632
11	0.00755	0.00624	0.00694	0.00676	0.00816	0.00688	0.00503	0.01415	0.47923	0.01369	0.04246	0.32868	0.04202	0.00802	0.00435	0.00141	0.00270	0.00703	0.00382	0.00488
12	0.00480	0.00369	0.00442	0.00494	0.00566	0.00331	0.00355	0.00570	0.00816	0.01036	0.04347	0.45699	0.34589	0.01104	0.00483	0.00148	0.00223	0.07261	0.00361	0.00324
13	0.00500	0.00361	0.00474	0.00554	0.00595	0.00340	0.00395	0.00585	0.00772	0.01014	0.02225	0.63619	0.08524	0.04065	0.00549	0.00166	0.00250	0.14340	0.00355	0.00320
14	0.01036	0.86609	0.02032	0.00663	0.00995	0.01534	0.00663	0.01161	0.00788	0.00912	0.00539	0.00622	0.00498	0.00332	0.00249	0.00083	0.00415	0.00207	0.00166	0.00498
15	0.00778	0.02005	0.84367	0.01105	0.01678	0.00900	0.01432	0.01228	0.00818	0.01228	0.00696	0.00818	0.00491	0.00368	0.00368	0.00123	0.00573	0.00286	0.00164	0.00573
16	0.35256	0.00705	0.00769	0.00635	0.00872	0.00733	0.02896	0.10518	0.00962	0.26459	0.06547	0.05138	0.00987	0.05397	0.00434	0.00136	0.00327	0.00382	0.00345	0.00503
17	0.00496	0.00358	0.00472	0.00550	0.00584	0.00341	0.00376	0.00602	0.03089	0.01046	0.06788	0.76203	0.02577	0.01166	0.00491	0.00155	0.00229	0.03785	0.00365	0.00328
18	0.00789	0.00407	0.00426	0.00406	0.00515	0.00409	0.00309	0.02610	0.03640	0.05437	0.04082	0.01478	0.01082	0.00467	0.00290	0.00095	0.00197	0.00377	0.76594	0.00390
19	0.00735	0.00520	0.00678	0.08213	0.00866	0.00566	0.00495	0.09477	0.03880	0.05177	0.03224	0.11360	0.01289	0.23459	0.26280	0.00344	0.00567	0.02214	0.00277	0.00381
20	0.05903	0.00446	0.00464	0.00433	0.00562	0.00453	0.00334	0.01098	0.06329	0.10187	0.01272	0.01386	0.00970	0.00454	0.00290	0.00098	0.00212	0.00361	0.68336	0.00413
21	0.79933	0.00740	0.00604	0.00529	0.00775	0.00838	0.00436	0.01218	0.00707	0.10407	0.00644	0.00702	0.00477	0.00372	0.00256	0.00120	0.00303	0.00229	0.00265	0.00445
22	0.00564	0.00376	0.00423	0.00423	0.00423	0.00376	0.00235	0.00564	0.00564	0.00752	0.01222	0.02537	0.01409	0.86375	0.01973	0.00376	0.00376	0.00564	0.00235	0.00235
23	0.00917	0.03438	0.03325	0.00731	0.03465	0.00663	0.04474	0.09232	0.00923	0.03998	0.00741	0.00844	0.00592	0.00318	0.00313	0.00073	0.00337	0.00262	0.00247	0.65105
24	0.00946	0.00760	0.02929	0.04721	0.25083	0.00760	0.02737	0.11268	0.11092	0.08327	0.01261	0.19263	0.01164	0.02312	0.02088	0.00142	0.00385	0.00530	0.03706	0.00527
25	0.00472	0.00337	0.00450	0.00540	0.00562	0.00315	0.00360	0.00540	0.00742	0.00990	0.02137	0.86122	0.02564	0.01215	0.00495	0.00157	0.00225	0.01102	0.00360	0.00315
26	0.00804	0.00689	0.00804	0.00574	0.00919	0.00517	0.00459	0.00976	0.00804	0.01263	0.00689	0.00804	0.00574	0.00287	0.00287	0.00057	0.00287	0.00230	0.00230	0.88745
27	0.01406	0.01194	0.01169	0.00988	0.05146	0.16489	0.00766	0.57000	0.01549	0.03312	0.00841	0.00890	0.00622	0.00462	0.00442	0.00117	0.06343	0.00331	0.00330	0.00603
28	0.12557	0.00898	0.01466	0.04608	0.57388	0.00931	0.08761	0.01183	0.02132	0.01307	0.00711	0.00929	0.00587	0.00366	0.00415	0.00121	0.04535	0.00339	0.00200	0.00565

[dist]
# distance from previous block
# <min> <max>
0	1

[block]
# block no. 8 follows, 70 sequences, length 14
# corresponding to MSA columns:
# 330-343
name=unknown_I
#
# <colnr> <probs for GDERKNQSTAVLIFYWHMCP>
#	G	D	E	R	K	N	Q	S	T	A	V	L	I	F	Y	W	H	M	C	P
0	0.00820	0.00706	0.01122	0.45961	0.16650	0.00813	0.00947	0.05857	0.00856	0.03958	0.00927	0.03263	0.02724	0.00692	0.08515	0.00176	0.02246	0.03079	0.00218	0.00469
1	0.89114	0.00750	0.00570	0.00510	0.00750	0.00870	0.00420	0.01140	0.00660	0.01739	0.00540	0.00630	0.00420	0.00360	0.00240	0.00120	0.00300	0.00210	0.00240	0.00420
2	0.00549	0.00396	0.00518	0.00488	0.00579	0.00366	0.00366	0.00732	0.01097	0.01555	0.83752	0.02896	0.03658	0.00793	0.00457	0.00122	0.00183	0.00701	0.00427	0.00366
3	0.00964	0.00833	0.00877	0.00789	0.01008	0.00964	0.00614	0.02060	0.83257	0.01622	0.01578	0.01446	0.01183	0.00526	0.00394	0.00131	0.00307	0.00438	0.00394	0.00614
4	0.10487	0.00669	0.00867	0.00672	0.00966	0.00600	0.00555	0.01814	0.01065	0.75967	0.01430	0.01250	0.00906	0.00468	0.00375	0.00120	0.00327	0.00372	0.00456	0.00636
5	0.01018	0.00952	0.01326	0.29652	0.27767	0.09470	0.05469	0.10873	0.04513	0.04056	0.00792	0.00992	0.00610	0.00390	0.00387	0.00120	0.00499	0.00347	0.00228	0.00538
6	0.00472	0.00337	0.00450	0.00540	0.00562	0.00315	0.00360	0.00540	0.00742	0.00990	0.02137	0.86122	0.02564	0.01215	0.00495	0.00157	0.00225	0.01102	0.00360	0.00315
7	0.01207	0.21480	0.11142	0.00919	0.04990	0.09895	0.00800	0.26854	0.07779	0.06685	0.00866	0.02280	0.00671	0.00433	0.00370	0.00111	0.02348	0.00319	0.00281	0.00572
8	0.00476	0.00375	0.00430	0.00454	0.00544	0.00329	0.00326	0.00577	0.00869	0.01103	0.15012	0.30347	0.45725	0.01030	0.00470	0.00138	0.00204	0.00893	0.00370	0.00329
9	0.01092	0.33987	0.11491	0.01043	0.08514	0.20120	0.07352	0.04578	0.04133	0.01105	0.00663	0.00777	0.00548	0.00374	0.00353	0.00104	0.02777	0.00277	0.00196	0.00517
10	0.00572	0.00400	0.00486	0.00480	0.00492	0.00425	0.00302	0.00600	0.00575	0.00785	0.01163	0.02295	0.01298	0.68385	0.16729	0.00412	0.03581	0.00529	0.00228	0.00262
11	0.00864	0.00904	0.10241	0.04764	0.16865	0.05833	0.07426	0.01083	0.02689	0.06561	0.07555	0.07067	0.05059	0.03041	0.02971	0.00152	0.10615	0.03939	0.01893	0.00478
12	0.05498	0.06756	0.07569	0.11575	0.15013	0.19581	0.10434	0.04652	0.03122	0.06844	0.00752	0.00903	0.00582	0.00397	0.00413	0.00118	0.04729	0.00322	0.00222	0.00520
13	0.02500	0.30536	0.10633	0.02975	0.12511	0.01114	0.14197	0.01139	0.00807	0.01108	0.00640	0.00809	0.00537	0.00364	0.00414	0.00106	0.08160	0.00293	0.00183	0.10973

[dist]
# distance from previous block
# <min> <max>
0	2

[block]
# block no. 9 follows, 70 sequences, length 31
# corresponding to MSA columns:
# 346-376
name=unknown_J
#
# <colnr> <probs for GDERKNQSTAVLIFYWHMCP>
#	G	D	E	R	K	N	Q	S	T	A	V	L	I	F	Y	W	H	M	C	P
0	0.00837	0.00487	0.00599	0.00538	0.00693	0.00445	0.00414	0.03299	0.04301	0.20685	0.28656	0.11567	0.24345	0.00796	0.00441	0.00128	0.00237	0.00683	0.00412	0.00437
1	0.00857	0.05200	0.02229	0.05350	0.03502	0.00687	0.08364	0.01046	0.00812	0.03660	0.00707	0.00852	0.00576	0.00328	0.00367	0.00080	0.04954	0.00271	0.00222	0.59936
2	0.00983	0.03761	0.06034	0.00719	0.03997	0.00628	0.01542	0.02488	0.07123	0.17464	0.10870	0.02300	0.02089	0.00435	0.00351	0.00094	0.00318	0.00362	0.00312	0.38130
3	0.13415	0.44154	0.06420	0.02844	0.01139	0.20113	0.04859	0.01249	0.00848	0.01073	0.00578	0.00683	0.00492	0.00354	0.00291	0.00098	0.00486	0.00238	0.00185	0.00480
4	0.01312	0.01023	0.01219	0.00943	0.01237	0.04043	0.11225	0.52231	0.11220	0.05347	0.01018	0.01041	0.00736	0.00452	0.00390	0.00118	0.00434	0.00372	0.05024	0.00613
5	0.00925	0.00762	0.00822	0.00750	0.00936	0.03199	0.00580	0.05328	0.54974	0.04410	0.01488	0.08772	0.01221	0.00930	0.12883	0.00204	0.00425	0.00482	0.00361	0.00547
6	0.00531	0.00384	0.00476	0.00480	0.00560	0.00350	0.00345	0.00657	0.00934	0.02539	0.41265	0.23139	0.19391	0.06492	0.00564	0.00149	0.00211	0.00808	0.00385	0.00342
7	0.00551	0.00404	0.00506	0.00498	0.00599	0.00368	0.00384	0.00711	0.01014	0.02461	0.51927	0.05326	0.21951	0.00878	0.00467	0.00132	0.00211	0.10852	0.00402	0.00358
8	0.00478	0.00342	0.00455	0.00536	0.00564	0.00319	0.00360	0.00555	0.00769	0.01033	0.08397	0.79739	0.02648	0.01182	0.00492	0.00155	0.00222	0.01071	0.00365	0.00319
9	0.00991	0.04112	0.04290	0.25352	0.23448	0.18633	0.00967	0.03607	0.04440	0.01120	0.00724	0.00966	0.00595	0.02830	0.00478	0.00127	0.06294	0.00328	0.00200	0.00499
10	0.04464	0.00630	0.00813	0.00644	0.00905	0.00572	0.00526	0.03478	0.03695	0.63336	0.05896	0.01391	0.01092	0.00491	0.00375	0.00117	0.00306	0.00398	0.10270	0.00601
11	0.00974	0.03049	0.09318	0.07805	0.35112	0.05483	0.11131	0.04879	0.04899	0.02858	0.00760	0.00957	0.00608	0.00405	0.00487	0.00124	0.10036	0.00350	0.00210	0.00556
12	0.00599	0.00427	0.00532	0.00499	0.00609	0.00399	0.00377	0.00816	0.05499	0.04374	0.63915	0.04549	0.14329	0.00801	0.00452	0.00124	0.00197	0.00700	0.00416	0.00383
13	0.00819	0.06653	0.01093	0.05883	0.21410	0.00765	0.05201	0.05702	0.09104	0.02169	0.22420	0.01870	0.08645	0.02122	0.00452	0.00127	0.01568	0.03206	0.00304	0.00487
14	0.00831	0.08191	0.65443	0.01177	0.05724	0.00961	0.08419	0.02691	0.00846	0.01229	0.00698	0.00833	0.00509	0.00363	0.00368	0.00120	0.00560	0.00299	0.00172	0.00567
15	0.01132	0.00737	0.00928	0.00767	0.01966	0.03794	0.06675	0.12368	0.07917	0.25091	0.08608	0.01698	0.11778	0.03992	0.00525	0.00134	0.06092	0.00472	0.04804	0.00522
16	0.00920	0.00935	0.04840	0.15990	0.61642	0.00918	0.05569	0.02322	0.00878	0.01235	0.00727	0.00970	0.00592	0.00354	0.00388	0.00119	0.00484	0.00349	0.00191	0.00578
17	0.82959	0.00807	0.00608	0.01947	0.00806	0.05358	0.00448	0.01159	0.00685	0.01685	0.00545	0.00640	0.00426	0.00362	0.00248	0.00119	0.00325	0.00214	0.00237	0.00422
18	0.00732	0.00689	0.01163	0.85444	0.02670	0.00861	0.01077	0.00991	0.00775	0.00991	0.00689	0.01034	0.00517	0.00388	0.00388	0.00129	0.00517	0.00345	0.00172	0.00431
19	0.00951	0.00913	0.01559	0.05421	0.80980	0.00919	0.01186	0.01182	0.00879	0.01256	0.00728	0.00962	0.00611	0.00347	0.00384	0.00116	0.00463	0.00345	0.00191	0.00607
20	0.00642	0.00378	0.00434	0.00420	0.00511	0.00363	0.00315	0.00824	0.00945	0.01496	0.39550	0.02119	0.02230	0.00610	0.00357	0.00105	0.00182	0.00519	0.47637	0.00363
21	0.00556	0.00486	0.03598	0.00553	0.03084	0.00416	0.00421	0.00754	0.03911	0.01352	0.47163	0.02917	0.28238	0.00898	0.03815	0.00145	0.00248	0.00691	0.00380	0.00377
22	0.00593	0.00453	0.00484	0.00458	0.00603	0.00408	0.00349	0.02251	0.07093	0.05663	0.12092	0.03290	0.63082	0.00891	0.00448	0.00129	0.00215	0.00746	0.00377	0.00377
23	0.08249	0.22569	0.18139	0.02692	0.11502	0.05233	0.04755	0.05057	0.06253	0.01261	0.05145	0.00939	0.00731	0.00411	0.00394	0.00114	0.05502	0.00313	0.00218	0.00522
24	0.82507	0.00721	0.00554	0.00499	0.00727	0.00832	0.00409	0.01122	0.00671	0.01717	0.00594	0.00691	0.00463	0.00367	0.00242	0.00118	0.00291	0.00221	0.06839	0.00415
25	0.00965	0.08061	0.08421	0.01951	0.06459	0.03790	0.00747	0.12228	0.30551	0.01438	0.03169	0.01206	0.00918	0.01936	0.09663	0.00182	0.07103	0.00379	0.00293	0.00543
26	0.00475	0.00356	0.00441	0.00499	0.00554	0.00322	0.00344	0.00559	0.00805	0.01047	0.08830	0.59136	0.22976	0.01124	0.00483	0.00148	0.00215	0.01000	0.00365	0.00322
27	0.00920	0.01622	0.54217	0.04029	0.03005	0.00960	0.03612	0.16803	0.03423	0.01443	0.00775	0.00915	0.00571	0.02354	0.00446	0.00130	0.03668	0.00319	0.00217	0.00572
28	0.01067	0.03881	0.02174	0.00943	0.08559	0.00976	0.01653	0.17441	0.47192	0.04865	0.04865	0.02515	0.01107	0.00506	0.00391	0.00125	0.00350	0.00422	0.00365	0.00604
29	0.00521	0.00379	0.00480	0.00509	0.00568	0.00351	0.00354	0.00618	0.00818	0.01109	0.21246	0.40768	0.09175	0.12774	0.02241	0.00183	0.00255	0.03705	0.00351	0.03594
30	0.04472	0.07374	0.17365	0.00780	0.01148	0.05672	0.03587	0.09019	0.01767	0.03979	0.01724	0.00849	0.00606	0.00349	0.00324	0.00089	0.00404	0.00272	0.00237	0.39985

[dist]
# distance from previous block
# <min> <max>
1	34

[block]
# block no. 10 follows, 70 sequences, length 22
# corresponding to MSA columns:
# 411-432
name=unknown_K
#
# <colnr> <probs for GDERKNQSTAVLIFYWHMCP>
#	G	D	E	R	K	N	Q	S	T	A	V	L	I	F	Y	W	H	M	C	P
0	0.00876	0.05179	0.06850	0.03209	0.12832	0.06541	0.01937	0.04546	0.19531	0.03231	0.10432	0.10205	0.06914	0.01547	0.00438	0.00127	0.02110	0.01313	0.00306	0.01875
1	0.00666	0.02448	0.04088	0.03450	0.13479	0.01460	0.01724	0.00891	0.05647	0.01285	0.27019	0.13330	0.15588	0.00716	0.00424	0.00123	0.00288	0.00629	0.02507	0.04238
2	0.00516	0.00407	0.00482	0.00501	0.00578	0.01809	0.00361	0.00617	0.00799	0.01037	0.11814	0.24497	0.29141	0.07927	0.17447	0.00253	0.00393	0.00769	0.00325	0.00327
3	0.01484	0.00614	0.00822	0.00649	0.00905	0.00543	0.00529	0.03712	0.01119	0.64617	0.17222	0.01613	0.01468	0.00539	0.00400	0.00120	0.00301	0.00448	0.02296	0.00597
4	0.00983	0.07803	0.23990	0.12845	0.09536	0.02925	0.04590	0.15811	0.13292	0.01438	0.00857	0.00968	0.00645	0.00412	0.00393	0.00121	0.02246	0.00336	0.00244	0.00565
5	0.14875	0.00730	0.00885	0.00689	0.00982	0.00698	0.00569	0.12424	0.01136	0.61011	0.01301	0.01164	0.00839	0.00460	0.00367	0.00119	0.00338	0.00357	0.00432	0.00624
6	0.00937	0.09441	0.19479	0.11402	0.17232	0.08453	0.05329	0.02566	0.13686	0.01213	0.00822	0.00969	0.00645	0.00454	0.02114	0.00130	0.04041	0.00332	0.00216	0.00540
7	0.00798	0.00393	0.00434	0.00417	0.00524	0.00380	0.00315	0.00968	0.00859	0.09965	0.07357	0.07344	0.01292	0.00532	0.00312	0.00100	0.00199	0.00440	0.66981	0.00389
8	0.00506	0.00387	0.00465	0.00462	0.00557	0.00345	0.00340	0.00643	0.00972	0.01297	0.44288	0.14967	0.31528	0.00918	0.00463	0.00130	0.00194	0.00799	0.00394	0.00345
9	0.00479	0.00347	0.00449	0.00522	0.00557	0.00321	0.00352	0.00555	0.00773	0.01027	0.07852	0.71883	0.09018	0.03239	0.00525	0.00158	0.00223	0.01039	0.00361	0.00317
10	0.00535	0.00396	0.00500	0.00474	0.00571	0.00360	0.00355	0.00706	0.01066	0.01480	0.71983	0.03019	0.15474	0.00820	0.00457	0.00123	0.00185	0.00718	0.00417	0.00360
11	0.00791	0.01910	0.76186	0.01158	0.01713	0.00908	0.09517	0.01229	0.00828	0.01229	0.00705	0.00841	0.00501	0.00364	0.00377	0.00124	0.00581	0.00304	0.00167	0.00568
12	0.00804	0.00689	0.00804	0.00574	0.00919	0.00517	0.00459	0.00976	0.00804	0.01263	0.00689	0.00804	0.00574	0.00287	0.00287	0.00057	0.00287	0.00230	0.00230	0.88745
13	0.00929	0.00887	0.01461	0.10076	0.66197	0.02599	0.02618	0.01169	0.03079	0.01228	0.02422	0.01023	0.00681	0.00399	0.00426	0.03220	0.00460	0.00355	0.00200	0.00571
14	0.00673	0.00337	0.00505	0.00505	0.00505	0.00337	0.00337	0.00505	0.00505	0.00673	0.00673	0.01178	0.00673	0.01347	0.01515	0.88721	0.00337	0.00337	0.00168	0.00168
15	0.00710	0.00416	0.00491	0.00467	0.00519	0.00400	0.00298	0.00744	0.00669	0.11745	0.01482	0.04272	0.07035	0.64373	0.02848	0.00320	0.00364	0.02264	0.00280	0.00303
16	0.01010	0.00892	0.01515	0.06005	0.72203	0.00892	0.02644	0.01237	0.00896	0.07797	0.00792	0.00993	0.00636	0.00358	0.00386	0.00116	0.00456	0.00351	0.00214	0.00608
17	0.00689	0.00569	0.06412	0.00674	0.00786	0.00556	0.00564	0.00825	0.00669	0.07483	0.01048	0.01454	0.02275	0.04398	0.58305	0.05375	0.06907	0.00405	0.00224	0.00379
18	0.00603	0.00389	0.00494	0.00521	0.00572	0.00370	0.00361	0.00682	0.00773	0.06064	0.11941	0.33762	0.04419	0.27509	0.00946	0.00220	0.00286	0.09428	0.00336	0.00322
19	0.01108	0.00980	0.01116	0.10591	0.10286	0.12398	0.04738	0.20839	0.12406	0.04870	0.00998	0.04023	0.01973	0.00471	0.00405	0.02011	0.00442	0.00374	0.00289	0.09683
20	0.02915	0.00501	0.00747	0.08289	0.01918	0.01926	0.06085	0.01677	0.00629	0.00864	0.00731	0.01211	0.00690	0.01033	0.01131	0.58682	0.00379	0.03170	0.00187	0.07232
21	0.00559	0.02517	0.00537	0.00537	0.00612	0.00396	0.00400	0.00670	0.00835	0.02937	0.16589	0.32169	0.14522	0.07209	0.06368	0.00195	0.00305	0.11955	0.00350	0.00340

[dist]
# distance from previous block
# <min> <max>
0	9

# created by:
# /st0/software/busco_prod/Augustus/scripts/msa2prfl.pl ./align_prep/24498.fa
