[name]
unknown

[dist]
# distance from previous block
# <min> <max>
8	581

[block]
# block no. 0 follows, 70 sequences, length 51
# corresponding to MSA columns:
# 612-649,656-668
name=unknown_A
#
# <colnr> <probs for GDERKNQSTAVLIFYWHMCP>
#	G	D	E	R	K	N	Q	S	T	A	V	L	I	F	Y	W	H	M	C	P
0	0.05192	0.08305	0.02323	0.06066	0.01089	0.05010	0.10632	0.06488	0.04173	0.07127	0.12212	0.13345	0.02694	0.03493	0.02475	0.00146	0.01627	0.04566	0.00301	0.02737
1	0.07127	0.03930	0.01837	0.08890	0.07567	0.04754	0.04621	0.10574	0.02352	0.06469	0.11243	0.05796	0.01849	0.02176	0.01375	0.00119	0.00381	0.00407	0.00285	0.18247
2	0.00962	0.02836	0.03827	0.09619	0.02690	0.02515	0.08425	0.13635	0.11657	0.08990	0.03167	0.10347	0.05931	0.01369	0.02872	0.00140	0.01269	0.02525	0.00312	0.06913
3	0.03806	0.04105	0.11680	0.04517	0.02988	0.09893	0.02601	0.11005	0.08799	0.01338	0.07578	0.13720	0.04545	0.02880	0.01749	0.00137	0.03184	0.00489	0.01038	0.03949
4	0.03459	0.02408	0.06630	0.05200	0.02808	0.11673	0.04513	0.14184	0.03258	0.09018	0.14148	0.08717	0.01306	0.00706	0.06003	0.00152	0.00450	0.00457	0.00309	0.04600
5	0.02517	0.04553	0.06009	0.04895	0.01080	0.17960	0.03468	0.10068	0.07231	0.03575	0.05939	0.14494	0.03468	0.03266	0.01208	0.00135	0.05001	0.01183	0.01270	0.02677
6	0.05085	0.01636	0.01753	0.09047	0.11097	0.03147	0.04384	0.10121	0.07336	0.02728	0.03253	0.06879	0.01961	0.14493	0.05710	0.00194	0.03901	0.02147	0.00266	0.04860
7	0.03731	0.14492	0.07051	0.10790	0.04729	0.07650	0.01806	0.03397	0.02439	0.02956	0.06748	0.10601	0.11288	0.02018	0.03984	0.00146	0.01838	0.02648	0.00261	0.01426
8	0.08764	0.02250	0.15981	0.00737	0.01026	0.03806	0.01691	0.06791	0.02089	0.11538	0.04540	0.01215	0.01991	0.00835	0.13108	0.03128	0.00488	0.02460	0.00269	0.17294
9	0.03814	0.05992	0.34515	0.02661	0.02535	0.01854	0.07116	0.05754	0.04497	0.07842	0.02623	0.01138	0.05188	0.02582	0.00422	0.00122	0.01767	0.00352	0.00241	0.08987
10	0.00742	0.08179	0.06950	0.00698	0.01974	0.02407	0.04913	0.03029	0.00833	0.07985	0.05667	0.39055	0.03913	0.06703	0.04968	0.00178	0.00368	0.00721	0.00311	0.00405
11	0.02866	0.03632	0.35154	0.03172	0.02372	0.07455	0.05319	0.04797	0.11013	0.07074	0.00971	0.03726	0.01932	0.03479	0.00438	0.00129	0.01237	0.00361	0.00245	0.04627
12	0.03208	0.00896	0.04433	0.25053	0.04859	0.09526	0.15020	0.04514	0.00909	0.06463	0.03225	0.09636	0.02477	0.00509	0.01283	0.00127	0.00483	0.00439	0.00244	0.06693
13	0.00778	0.01917	0.00848	0.05782	0.13720	0.03600	0.00623	0.05413	0.19330	0.01319	0.10470	0.19764	0.11345	0.00722	0.00428	0.00132	0.00322	0.02687	0.00331	0.00468
14	0.00717	0.00666	0.01106	0.75497	0.04235	0.00814	0.01009	0.00964	0.00802	0.01034	0.06104	0.01237	0.03372	0.00431	0.00394	0.00128	0.00484	0.00382	0.00195	0.00427
15	0.00608	0.03584	0.00653	0.00671	0.08604	0.00511	0.00451	0.00854	0.10727	0.01236	0.20136	0.08781	0.40098	0.00819	0.00438	0.00128	0.00242	0.00701	0.00355	0.00402
16	0.00624	0.00469	0.00623	0.02064	0.08613	0.00439	0.00454	0.00810	0.02904	0.04609	0.48971	0.04865	0.21516	0.00779	0.00446	0.00124	0.00228	0.00680	0.00384	0.00398
17	0.00804	0.00689	0.00804	0.00574	0.00919	0.00517	0.00459	0.00976	0.00804	0.01263	0.00689	0.00804	0.00574	0.00287	0.00287	0.00057	0.00287	0.00230	0.00230	0.88745
18	0.00957	0.00802	0.03800	0.04170	0.29326	0.00774	0.04285	0.02402	0.18015	0.11365	0.07017	0.03074	0.08977	0.00508	0.00401	0.00122	0.00373	0.00454	0.00306	0.02870
19	0.00689	0.05721	0.08717	0.00672	0.00809	0.00614	0.00559	0.10084	0.04094	0.01210	0.03307	0.51497	0.03518	0.00929	0.00488	0.00144	0.04360	0.01854	0.00326	0.00408
20	0.01050	0.00869	0.00977	0.02898	0.09522	0.09327	0.01559	0.09769	0.08064	0.09799	0.00960	0.02881	0.00781	0.00418	0.00353	0.00096	0.00379	0.03711	0.00285	0.36302
21	0.00960	0.00794	0.00833	0.00746	0.00957	0.02252	0.00580	0.05969	0.63500	0.04724	0.01774	0.04920	0.09104	0.00590	0.00403	0.00131	0.00307	0.00491	0.00390	0.00576
22	0.00591	0.00421	0.00542	0.00511	0.00545	0.00430	0.03492	0.02021	0.00622	0.00844	0.03335	0.02303	0.01355	0.66331	0.14730	0.00394	0.00485	0.00536	0.00237	0.00274
23	0.00555	0.00411	0.00603	0.00603	0.00665	0.00474	0.00460	0.00679	0.00617	0.00885	0.01057	0.01624	0.01013	0.11251	0.76556	0.00598	0.00972	0.00430	0.00210	0.00335
24	0.19489	0.02620	0.01023	0.00917	0.08977	0.01011	0.00682	0.37848	0.11101	0.07765	0.00986	0.01088	0.00747	0.00461	0.00361	0.00121	0.00380	0.03496	0.00340	0.00585
25	0.24384	0.00871	0.03636	0.09155	0.01180	0.08795	0.04467	0.04874	0.00948	0.30114	0.01002	0.02360	0.00726	0.00439	0.00350	0.00119	0.00401	0.02251	0.00318	0.03609
26	0.01361	0.01625	0.01117	0.06931	0.06684	0.67417	0.00786	0.03099	0.01073	0.03990	0.00709	0.00817	0.01913	0.00409	0.00358	0.00104	0.00644	0.00279	0.00214	0.00469
27	0.12731	0.00684	0.00765	0.00567	0.00884	0.00560	0.00454	0.01013	0.00784	0.04204	0.00698	0.00812	0.00570	0.00342	0.00328	0.03248	0.00292	0.00236	0.00238	0.70591
28	0.00776	0.02103	0.11948	0.00720	0.00913	0.02352	0.02054	0.00950	0.00830	0.08459	0.12838	0.09704	0.06252	0.03974	0.09650	0.00189	0.11189	0.04322	0.00285	0.10491
29	0.00811	0.00805	0.01111	0.00958	0.00970	0.01105	0.00795	0.00897	0.00621	0.00944	0.00836	0.01124	0.08487	0.00708	0.01194	0.00166	0.77479	0.00385	0.00188	0.00415
30	0.00849	0.12161	0.60302	0.01016	0.01503	0.02616	0.02607	0.01336	0.11674	0.01236	0.00792	0.00879	0.00585	0.00384	0.00358	0.00119	0.00522	0.00299	0.00196	0.00566
31	0.01072	0.22248	0.12865	0.01128	0.10856	0.11997	0.12405	0.03787	0.04169	0.08167	0.00804	0.00964	0.00641	0.00462	0.02565	0.00126	0.03050	0.01937	0.00225	0.00533
32	0.01043	0.09334	0.01104	0.14838	0.03022	0.32088	0.00740	0.01236	0.05581	0.01966	0.07377	0.01152	0.03860	0.01898	0.00500	0.00121	0.10966	0.00351	0.02376	0.00446
33	0.00552	0.00409	0.00530	0.00587	0.00674	0.00387	0.00476	0.00692	0.00884	0.01143	0.10670	0.18921	0.20862	0.01049	0.00503	0.00158	0.00279	0.40514	0.00365	0.00344
34	0.01100	0.15661	0.11458	0.05875	0.02286	0.24311	0.04249	0.10957	0.01029	0.05391	0.01083	0.04163	0.08606	0.00513	0.01581	0.00119	0.00509	0.00369	0.00246	0.00494
35	0.02439	0.03848	0.13546	0.29070	0.10924	0.05780	0.03236	0.02567	0.03449	0.01151	0.05264	0.01382	0.10503	0.00545	0.02624	0.00137	0.02436	0.00405	0.00223	0.00471
36	0.00520	0.00410	0.00630	0.00639	0.00703	0.00382	0.08232	0.00621	0.00786	0.01054	0.07761	0.70778	0.03791	0.01096	0.00488	0.00152	0.00263	0.01008	0.00349	0.00339
37	0.00976	0.03800	0.24466	0.17881	0.06092	0.20823	0.07036	0.02812	0.07875	0.01158	0.00792	0.03144	0.00628	0.00412	0.00378	0.00119	0.00553	0.00338	0.00207	0.00510
38	0.03524	0.10961	0.08672	0.07510	0.03556	0.00906	0.09484	0.14857	0.02329	0.26285	0.03080	0.01129	0.00798	0.00499	0.02508	0.00131	0.01495	0.01388	0.00316	0.00570
39	0.00530	0.00365	0.00485	0.00549	0.00597	0.00340	0.00389	0.00624	0.00813	0.03336	0.12129	0.63891	0.04882	0.01123	0.00490	0.00153	0.00234	0.08363	0.00371	0.00335
40	0.00536	0.03545	0.03516	0.03879	0.00743	0.00438	0.02232	0.00650	0.00801	0.01043	0.05268	0.49065	0.18947	0.01024	0.00479	0.00147	0.01291	0.05714	0.00335	0.00348
41	0.00903	0.03761	0.01331	0.51911	0.12099	0.10283	0.08392	0.03172	0.00870	0.02620	0.00709	0.00977	0.00544	0.00380	0.00385	0.00122	0.00534	0.00341	0.00191	0.00475
42	0.00950	0.00915	0.01570	0.05320	0.75853	0.00922	0.04341	0.01205	0.02836	0.01264	0.00750	0.00977	0.00623	0.00351	0.00387	0.00117	0.00466	0.00352	0.00196	0.00604
43	0.00613	0.00502	0.00702	0.00676	0.00735	0.02265	0.00529	0.00737	0.00626	0.00899	0.00965	0.01460	0.00916	0.06460	0.67649	0.00538	0.12763	0.00408	0.00204	0.00354
44	0.02969	0.00629	0.05369	0.02271	0.03618	0.00552	0.05491	0.03872	0.04705	0.09218	0.16784	0.10528	0.24762	0.00748	0.00449	0.00130	0.01874	0.03333	0.02266	0.00433
45	0.04910	0.04832	0.01202	0.02747	0.27700	0.13017	0.02345	0.10334	0.06381	0.04309	0.00849	0.02784	0.00711	0.03812	0.02383	0.00132	0.01970	0.00344	0.00248	0.08989
46	0.00514	0.00383	0.00530	0.02228	0.00643	0.00370	0.02525	0.00593	0.00719	0.00966	0.01866	0.61121	0.03654	0.11771	0.08148	0.00222	0.00333	0.00920	0.00320	0.02174
47	0.00804	0.00672	0.00810	0.00595	0.00913	0.00526	0.02604	0.02675	0.00839	0.03168	0.01033	0.01119	0.08565	0.00414	0.01974	0.00080	0.00307	0.00302	0.00250	0.72349
48	0.00909	0.02422	0.00928	0.15183	0.04661	0.00845	0.00673	0.10779	0.33815	0.03609	0.05691	0.03288	0.01955	0.06414	0.06950	0.00181	0.00416	0.00441	0.00321	0.00518
49	0.06365	0.14096	0.02460	0.15935	0.05559	0.04132	0.12622	0.05901	0.00933	0.03068	0.14303	0.07515	0.03795	0.00523	0.00388	0.00120	0.00417	0.01146	0.00262	0.00462
50	0.00938	0.02538	0.04701	0.13848	0.09996	0.03453	0.10514	0.09490	0.07304	0.08403	0.12431	0.05200	0.05082	0.00529	0.00409	0.00123	0.00411	0.01793	0.00299	0.02538

[dist]
# distance from previous block
# <min> <max>
1	24

[block]
# block no. 1 follows, 70 sequences, length 7
# corresponding to MSA columns:
# 694-700
name=unknown_B
#
# <colnr> <probs for GDERKNQSTAVLIFYWHMCP>
#	G	D	E	R	K	N	Q	S	T	A	V	L	I	F	Y	W	H	M	C	P
0	0.06667	0.09104	0.12942	0.04433	0.12279	0.04671	0.16768	0.10826	0.04852	0.08511	0.03266	0.01000	0.00710	0.00395	0.00375	0.00117	0.00479	0.00350	0.00254	0.02000
1	0.05358	0.00908	0.03547	0.19038	0.09560	0.09286	0.04524	0.09498	0.11326	0.07747	0.05947	0.03559	0.03042	0.00470	0.00384	0.00120	0.00430	0.00397	0.00282	0.04577
2	0.06509	0.00703	0.00872	0.07702	0.07074	0.02891	0.03635	0.06824	0.09174	0.04082	0.08183	0.05327	0.04884	0.09378	0.02144	0.00146	0.00365	0.00435	0.00286	0.19384
3	0.01027	0.00884	0.02867	0.05881	0.35442	0.03326	0.04877	0.12390	0.05102	0.07683	0.02876	0.06108	0.00911	0.00473	0.00397	0.00120	0.00427	0.03848	0.00273	0.05088
4	0.00659	0.00374	0.00510	0.00492	0.00520	0.00360	0.00323	0.00557	0.00543	0.00740	0.00802	0.01463	0.00836	0.20971	0.01521	0.61023	0.00342	0.00381	0.00189	0.07395
5	0.00548	0.00445	0.00493	0.00522	0.00600	0.04198	0.00380	0.00654	0.00869	0.01115	0.18319	0.31355	0.24120	0.06030	0.00562	0.00156	0.00253	0.08690	0.00358	0.00334
6	0.12541	0.00985	0.03183	0.02745	0.03331	0.05921	0.00673	0.36270	0.17158	0.04547	0.01164	0.01158	0.05761	0.00480	0.00369	0.00119	0.00390	0.00368	0.00341	0.02497

[dist]
# distance from previous block
# <min> <max>
0	10

[block]
# block no. 2 follows, 70 sequences, length 29
# corresponding to MSA columns:
# 711-739
name=unknown_C
#
# <colnr> <probs for GDERKNQSTAVLIFYWHMCP>
#	G	D	E	R	K	N	Q	S	T	A	V	L	I	F	Y	W	H	M	C	P
0	0.47062	0.09667	0.00889	0.01783	0.02344	0.02051	0.00536	0.12886	0.04922	0.04992	0.00707	0.00769	0.00542	0.00378	0.00286	0.00110	0.00341	0.00255	0.00267	0.09211
1	0.10641	0.00982	0.12337	0.00948	0.09265	0.00899	0.00763	0.10931	0.33499	0.05436	0.03275	0.01292	0.00964	0.00480	0.00376	0.00124	0.00371	0.03626	0.00323	0.03467
2	0.00799	0.00708	0.01089	0.58055	0.06702	0.00831	0.00938	0.09052	0.03273	0.01177	0.00896	0.10136	0.00777	0.00482	0.00396	0.00128	0.00460	0.00425	0.00223	0.03454
3	0.00668	0.00418	0.00535	0.00555	0.00633	0.00396	0.00394	0.05009	0.00881	0.09367	0.11839	0.56903	0.04642	0.02583	0.00494	0.00149	0.00241	0.00904	0.03016	0.00373
4	0.01033	0.00956	0.01371	0.15483	0.48574	0.06545	0.01041	0.11336	0.05915	0.02810	0.00804	0.00986	0.00636	0.00384	0.00383	0.00118	0.00470	0.00346	0.00231	0.00580
5	0.03853	0.04488	0.14461	0.00780	0.04261	0.01452	0.00688	0.06993	0.03894	0.03567	0.07102	0.06102	0.03053	0.00465	0.00396	0.00101	0.04819	0.00370	0.00262	0.32893
6	0.11550	0.00640	0.00758	0.07070	0.08363	0.00670	0.00560	0.04852	0.16912	0.04952	0.08832	0.08689	0.20342	0.00650	0.00398	0.00126	0.00299	0.00545	0.00331	0.03461
7	0.00906	0.05707	0.21291	0.02276	0.01620	0.02645	0.35429	0.01185	0.00819	0.03540	0.00704	0.00926	0.00551	0.00424	0.00608	0.00134	0.20164	0.00370	0.00189	0.00512
8	0.00666	0.00559	0.00774	0.00725	0.00789	0.00696	0.00573	0.00879	0.08776	0.00972	0.00973	0.01403	0.00901	0.06242	0.52301	0.00453	0.21308	0.00407	0.00218	0.00386
9	0.01009	0.03473	0.06779	0.16408	0.18980	0.07784	0.15484	0.04140	0.06352	0.09418	0.00935	0.05852	0.00755	0.00434	0.00398	0.00123	0.00493	0.00403	0.00245	0.00535
10	0.00970	0.06524	0.25260	0.03771	0.08644	0.04049	0.31976	0.01276	0.00884	0.08329	0.00783	0.00951	0.00581	0.00372	0.00434	0.00124	0.03957	0.00363	0.00207	0.00546
11	0.00476	0.00344	0.00444	0.00521	0.00551	0.00319	0.00348	0.00542	0.00744	0.00981	0.02231	0.74756	0.09093	0.05964	0.00575	0.00168	0.00231	0.01049	0.00353	0.00311
12	0.00674	0.00601	0.00810	0.00801	0.07647	0.03148	0.08582	0.00965	0.12536	0.01295	0.24813	0.14389	0.20655	0.00763	0.00445	0.00130	0.00295	0.00681	0.00348	0.00423
13	0.06877	0.02065	0.02505	0.04866	0.17056	0.09955	0.07707	0.08361	0.10280	0.06497	0.01063	0.04027	0.00926	0.03582	0.02667	0.01334	0.01065	0.08381	0.00276	0.00510
14	0.05197	0.00633	0.00702	0.00713	0.04534	0.08815	0.02860	0.03268	0.03371	0.08043	0.10120	0.34386	0.11134	0.00849	0.00440	0.00136	0.00313	0.03731	0.00344	0.00408
15	0.00523	0.00350	0.00468	0.00546	0.00579	0.00325	0.00368	0.00594	0.00757	0.04339	0.02112	0.82710	0.02500	0.01185	0.00491	0.00156	0.00229	0.01073	0.00365	0.00329
16	0.02590	0.02868	0.01068	0.03392	0.05384	0.40501	0.04973	0.04053	0.01012	0.05358	0.06495	0.01320	0.11388	0.00520	0.00453	0.00116	0.07416	0.00387	0.00252	0.00457
17	0.00812	0.03703	0.03616	0.61381	0.16083	0.00910	0.03024	0.03905	0.00835	0.01097	0.00702	0.00998	0.00538	0.00379	0.00383	0.00125	0.00506	0.00341	0.00183	0.00478
18	0.00472	0.00337	0.00450	0.00540	0.00562	0.00315	0.00360	0.00540	0.00742	0.00990	0.02137	0.86122	0.02564	0.01215	0.00495	0.00157	0.00225	0.01102	0.00360	0.00315
19	0.01112	0.11305	0.01192	0.18351	0.01398	0.28028	0.02288	0.02628	0.00894	0.08869	0.00739	0.00949	0.00605	0.03063	0.05371	0.00154	0.12063	0.00314	0.00217	0.00461
20	0.06043	0.01004	0.03999	0.06776	0.02845	0.08320	0.04316	0.34167	0.06194	0.13597	0.02875	0.02535	0.00797	0.00548	0.03258	0.00137	0.01312	0.00369	0.00334	0.00574
21	0.00466	0.00388	0.00408	0.00421	0.00537	0.00330	0.00313	0.00565	0.00873	0.01055	0.05350	0.12974	0.70646	0.01007	0.00465	0.00135	0.00204	0.03175	0.00361	0.00328
22	0.01000	0.64576	0.09381	0.05211	0.01198	0.04426	0.04401	0.01168	0.00800	0.00961	0.00573	0.00691	0.00502	0.00352	0.00316	0.00095	0.03443	0.00239	0.00169	0.00498
23	0.02263	0.03536	0.03345	0.01617	0.01023	0.09068	0.02025	0.09870	0.04670	0.01357	0.02941	0.03877	0.00744	0.00390	0.00351	0.00085	0.02552	0.00305	0.00254	0.49727
24	0.00931	0.08243	0.20501	0.01340	0.01745	0.06378	0.47101	0.01305	0.06296	0.01218	0.00785	0.00964	0.00592	0.00354	0.00410	0.00123	0.00596	0.00384	0.00200	0.00533
25	0.00481	0.00350	0.00450	0.00516	0.00555	0.00323	0.00350	0.00560	0.00783	0.01039	0.09839	0.67346	0.10650	0.04137	0.00540	0.00159	0.00223	0.01018	0.00362	0.00318
26	0.00811	0.00694	0.01032	0.11789	0.20033	0.00730	0.04551	0.06771	0.09899	0.01312	0.04140	0.02377	0.06533	0.00670	0.00446	0.00141	0.00398	0.26896	0.00297	0.00480
27	0.01036	0.01034	0.00903	0.00753	0.01014	0.24297	0.00594	0.08147	0.08695	0.01302	0.01915	0.01223	0.00819	0.00440	0.00350	0.00094	0.00422	0.08284	0.00265	0.38413
28	0.06370	0.27600	0.04950	0.04162	0.04378	0.00970	0.05951	0.01934	0.08033	0.09543	0.02114	0.04451	0.10927	0.00496	0.00373	0.00112	0.02762	0.00396	0.00264	0.04212

[dist]
# distance from previous block
# <min> <max>
0	2

[block]
# block no. 3 follows, 70 sequences, length 15
# corresponding to MSA columns:
# 742-756
name=unknown_D
#
# <colnr> <probs for GDERKNQSTAVLIFYWHMCP>
#	G	D	E	R	K	N	Q	S	T	A	V	L	I	F	Y	W	H	M	C	P
0	0.00828	0.14948	0.66625	0.01013	0.01523	0.03257	0.01260	0.01209	0.00831	0.01183	0.03472	0.00855	0.00599	0.00378	0.00352	0.00116	0.00539	0.00287	0.00174	0.00551
1	0.00505	0.00387	0.00463	0.00468	0.00562	0.00345	0.00346	0.00637	0.00953	0.01261	0.38194	0.17004	0.33206	0.00941	0.00466	0.00133	0.00200	0.03197	0.00389	0.00343
2	0.01000	0.02011	0.11269	0.02524	0.22353	0.06139	0.02182	0.13614	0.06742	0.07205	0.05009	0.04753	0.08137	0.02311	0.00460	0.02619	0.00418	0.00434	0.00285	0.00534
3	0.02467	0.08582	0.19372	0.05032	0.04083	0.08052	0.03202	0.09662	0.06837	0.12591	0.01083	0.03127	0.02695	0.02215	0.04604	0.00151	0.00485	0.04954	0.00276	0.00529
4	0.00806	0.00922	0.17868	0.00750	0.00968	0.06787	0.02146	0.02790	0.10195	0.07283	0.16055	0.22454	0.04355	0.02404	0.00475	0.00137	0.02216	0.00611	0.00323	0.00458
5	0.00479	0.00347	0.00458	0.00534	0.00568	0.00327	0.00363	0.00555	0.00755	0.01006	0.04752	0.73800	0.07342	0.01283	0.05274	0.00181	0.00268	0.01034	0.00353	0.00319
6	0.03502	0.05695	0.12874	0.04948	0.07153	0.10240	0.03786	0.15318	0.07078	0.16524	0.01056	0.05917	0.00838	0.00485	0.00383	0.00121	0.00449	0.02774	0.00303	0.00558
7	0.02196	0.01003	0.12698	0.07697	0.27078	0.01992	0.13273	0.05073	0.00895	0.02488	0.00972	0.01242	0.05371	0.02661	0.00461	0.00126	0.03166	0.02925	0.00220	0.08462
8	0.00606	0.00440	0.00592	0.00580	0.00642	0.00490	0.00425	0.05300	0.00678	0.00949	0.01118	0.04466	0.01125	0.25951	0.54295	0.00511	0.00793	0.00475	0.00230	0.00332
9	0.01006	0.00860	0.02415	0.07955	0.10413	0.07318	0.04062	0.20702	0.06562	0.05261	0.04493	0.06613	0.03233	0.05698	0.08088	0.00184	0.02554	0.01785	0.00295	0.00504
10	0.01064	0.02378	0.01266	0.20510	0.30963	0.04973	0.00944	0.18068	0.01084	0.06893	0.05715	0.01088	0.00795	0.00424	0.00404	0.00119	0.02131	0.00363	0.00260	0.00557
11	0.01120	0.01008	0.06303	0.03388	0.37234	0.05889	0.04418	0.09824	0.09767	0.12136	0.00931	0.01030	0.00704	0.00403	0.00398	0.00118	0.01809	0.00354	0.00270	0.02896
12	0.02240	0.00969	0.03885	0.03460	0.13585	0.03643	0.03596	0.31913	0.16544	0.04119	0.03624	0.02947	0.03670	0.00488	0.00406	0.00121	0.01735	0.00402	0.00327	0.02326
13	0.09045	0.08385	0.02249	0.03508	0.08541	0.06180	0.10471	0.19709	0.10333	0.06150	0.02728	0.02300	0.03957	0.00446	0.00370	0.00115	0.00424	0.00373	0.00292	0.04424
14	0.00903	0.11680	0.04925	0.00856	0.04114	0.04488	0.11208	0.06556	0.06873	0.08544	0.05385	0.13170	0.12710	0.00654	0.00415	0.00127	0.00382	0.06225	0.00310	0.00476

[dist]
# distance from previous block
# <min> <max>
2	25

[block]
# block no. 4 follows, 70 sequences, length 32
# corresponding to MSA columns:
# 782-813
name=unknown_E
#
# <colnr> <probs for GDERKNQSTAVLIFYWHMCP>
#	G	D	E	R	K	N	Q	S	T	A	V	L	I	F	Y	W	H	M	C	P
0	0.01068	0.01865	0.08960	0.06488	0.13762	0.09001	0.10373	0.14401	0.04627	0.09687	0.07750	0.04209	0.01020	0.00491	0.00416	0.00123	0.01668	0.03261	0.00289	0.00540
1	0.03408	0.00821	0.05336	0.06144	0.09124	0.03056	0.12695	0.06421	0.10522	0.09607	0.13815	0.08937	0.01388	0.00567	0.00433	0.00128	0.02002	0.03465	0.00313	0.01817
2	0.04095	0.02053	0.01741	0.09579	0.22281	0.03383	0.04658	0.09962	0.04914	0.05172	0.05434	0.12095	0.05882	0.01461	0.00431	0.00126	0.01871	0.00487	0.00281	0.04095
3	0.03078	0.02590	0.06392	0.05364	0.31675	0.03107	0.09013	0.06259	0.09703	0.02542	0.06457	0.07469	0.02624	0.01512	0.00418	0.00126	0.00429	0.00446	0.00260	0.00537
4	0.03539	0.00633	0.07494	0.04496	0.03139	0.00520	0.05961	0.00908	0.02920	0.09190	0.16713	0.17728	0.21714	0.01844	0.00457	0.00135	0.00304	0.01547	0.00339	0.00418
5	0.00900	0.00875	0.03085	0.09997	0.49668	0.00840	0.08416	0.01130	0.00857	0.02214	0.00768	0.03240	0.00649	0.00368	0.00390	0.00111	0.01565	0.00357	0.00203	0.14366
6	0.00937	0.01078	0.16328	0.01181	0.13455	0.00913	0.12137	0.06313	0.31841	0.02313	0.02179	0.02726	0.00882	0.00442	0.00393	0.00122	0.00429	0.00398	0.00286	0.05646
7	0.00479	0.00346	0.00446	0.00519	0.00552	0.00321	0.00348	0.00549	0.00757	0.01001	0.05016	0.71831	0.09488	0.05679	0.00569	0.00166	0.00229	0.01036	0.00356	0.00313
8	0.01060	0.81744	0.01978	0.00683	0.01007	0.06314	0.00668	0.01183	0.00806	0.00914	0.00542	0.00626	0.00498	0.00336	0.00255	0.00084	0.00431	0.00210	0.00168	0.00495
9	0.00877	0.05732	0.52984	0.01095	0.04129	0.00926	0.08281	0.05293	0.02031	0.04316	0.02789	0.00940	0.00634	0.00403	0.00418	0.00122	0.04919	0.00324	0.03234	0.00554
10	0.00685	0.00663	0.05783	0.00731	0.05147	0.06415	0.05470	0.00769	0.00674	0.00888	0.01111	0.08338	0.01200	0.46335	0.09300	0.02197	0.03216	0.00522	0.00227	0.00329
11	0.84099	0.00745	0.00589	0.00520	0.00764	0.00852	0.00428	0.01183	0.00686	0.06474	0.00597	0.00669	0.00451	0.00367	0.00249	0.00120	0.00302	0.00220	0.00254	0.00434
12	0.00783	0.00679	0.01121	0.73338	0.05150	0.00818	0.01010	0.01026	0.00804	0.05780	0.00910	0.01190	0.04945	0.00423	0.00391	0.00128	0.00487	0.00372	0.00200	0.00444
13	0.01653	0.00798	0.00985	0.00755	0.01059	0.00775	0.00624	0.28094	0.01341	0.57694	0.01335	0.01193	0.00862	0.00475	0.00389	0.00119	0.00361	0.00377	0.00450	0.00660
14	0.00682	0.00622	0.02842	0.05294	0.12960	0.02816	0.00615	0.00874	0.03222	0.01260	0.30472	0.07316	0.11278	0.01913	0.03334	0.00150	0.09260	0.02552	0.02122	0.00416
15	0.21178	0.00727	0.00817	0.00674	0.00935	0.00746	0.00546	0.03644	0.21621	0.40986	0.03323	0.01226	0.00953	0.00472	0.00359	0.00123	0.00316	0.00368	0.00401	0.00587
16	0.00631	0.00550	0.00829	0.15686	0.11085	0.00551	0.05174	0.00828	0.02103	0.01253	0.29890	0.06425	0.22065	0.00704	0.00437	0.00127	0.00308	0.00626	0.00321	0.00408
17	0.64965	0.00754	0.00679	0.00573	0.00831	0.00831	0.00473	0.06919	0.00833	0.18878	0.00772	0.00793	0.00548	0.00392	0.00281	0.00120	0.00315	0.00257	0.00300	0.00486
18	0.06346	0.00763	0.01213	0.34107	0.33431	0.00855	0.00989	0.01052	0.02036	0.01168	0.03265	0.04009	0.03387	0.00447	0.00435	0.00126	0.05281	0.00389	0.00207	0.00494
19	0.00744	0.00701	0.01184	0.81056	0.06964	0.00864	0.01083	0.01001	0.00781	0.01005	0.00691	0.01030	0.00522	0.00385	0.00387	0.00128	0.00514	0.00345	0.00173	0.00440
20	0.00928	0.00876	0.01483	0.02221	0.76048	0.00876	0.01136	0.01153	0.00884	0.01256	0.00855	0.01284	0.00768	0.00414	0.00398	0.00121	0.00451	0.08049	0.00208	0.00590
21	0.01223	0.13389	0.01139	0.05736	0.01146	0.04439	0.00671	0.23312	0.25915	0.14419	0.03874	0.01162	0.00924	0.00470	0.00371	0.00117	0.00382	0.00369	0.00353	0.00590
22	0.01545	0.00930	0.01059	0.00814	0.01116	0.00976	0.00672	0.54271	0.01566	0.29381	0.01135	0.01070	0.00766	0.00470	0.00386	0.00117	0.00389	0.00363	0.02322	0.00653
23	0.03155	0.00834	0.04511	0.04423	0.08919	0.00847	0.00678	0.26660	0.16439	0.02762	0.17306	0.03403	0.04373	0.03397	0.00455	0.00131	0.00352	0.00468	0.00350	0.00537
24	0.01725	0.00682	0.00914	0.00700	0.01001	0.00603	0.00579	0.06163	0.01147	0.79898	0.01498	0.01299	0.00944	0.00479	0.00390	0.00120	0.00335	0.00388	0.00475	0.00660
25	0.01006	0.02282	0.05189	0.08387	0.47044	0.16331	0.01024	0.02116	0.05476	0.01209	0.02341	0.02690	0.00737	0.00411	0.00382	0.00117	0.00493	0.02001	0.00214	0.00551
26	0.00634	0.00415	0.00527	0.00490	0.00602	0.00376	0.00371	0.00799	0.01056	0.08184	0.62648	0.04624	0.14774	0.00797	0.00450	0.00123	0.00198	0.00695	0.01853	0.00383
27	0.00665	0.00518	0.00782	0.02570	0.05199	0.00567	0.05132	0.05432	0.00723	0.01008	0.01068	0.01623	0.02609	0.11410	0.49188	0.06486	0.01829	0.02602	0.00223	0.00366
28	0.00517	0.00380	0.00489	0.00530	0.00598	0.00352	0.00392	0.00641	0.00894	0.01199	0.27708	0.36720	0.13994	0.01030	0.00484	0.00146	0.00228	0.12978	0.00380	0.00339
29	0.00794	0.00535	0.00653	0.00585	0.00732	0.00536	0.00451	0.02823	0.18981	0.11009	0.54823	0.02361	0.02751	0.00692	0.00435	0.00124	0.00232	0.00601	0.00425	0.00459
30	0.00870	0.00960	0.08353	0.38610	0.37012	0.05325	0.01137	0.01125	0.00842	0.01125	0.00702	0.00966	0.00555	0.00369	0.00382	0.00121	0.00507	0.00335	0.00181	0.00522
31	0.69686	0.00740	0.00609	0.00543	0.00769	0.02589	0.00440	0.01197	0.05472	0.05560	0.08561	0.00926	0.00799	0.00417	0.00279	0.00120	0.00299	0.00279	0.00277	0.00438

[dist]
# distance from previous block
# <min> <max>
1	5

[block]
# block no. 5 follows, 70 sequences, length 7
# corresponding to MSA columns:
# 819-825
name=unknown_F
#
# <colnr> <probs for GDERKNQSTAVLIFYWHMCP>
#	G	D	E	R	K	N	Q	S	T	A	V	L	I	F	Y	W	H	M	C	P
0	0.78386	0.00742	0.00598	0.00518	0.00770	0.00827	0.00425	0.01120	0.00677	0.01682	0.00558	0.00651	0.00439	0.00351	0.00246	0.00112	0.00298	0.00212	0.00239	0.11149
1	0.00897	0.12131	0.26241	0.01388	0.20319	0.01006	0.15507	0.04004	0.02919	0.01221	0.00779	0.04578	0.00651	0.00416	0.00440	0.00122	0.06271	0.00365	0.00199	0.00547
2	0.00523	0.00420	0.00470	0.00453	0.00574	0.00380	0.00341	0.00713	0.05796	0.01278	0.34795	0.03273	0.47827	0.00882	0.00454	0.00127	0.00198	0.00750	0.00388	0.00359
3	0.00502	0.00373	0.00496	0.04206	0.00680	0.00357	0.00417	0.00595	0.00780	0.01019	0.02274	0.62167	0.12004	0.01133	0.00491	0.00156	0.00251	0.11420	0.00351	0.00327
4	0.00512	0.00395	0.00468	0.00450	0.00557	0.00350	0.00337	0.00661	0.01012	0.01351	0.51718	0.03231	0.35819	0.00869	0.00458	0.00126	0.00188	0.00748	0.00400	0.00350
5	0.01448	0.01848	0.01099	0.00999	0.01199	0.84819	0.00749	0.01548	0.01099	0.00949	0.00599	0.00699	0.00499	0.00400	0.00350	0.00100	0.00699	0.00250	0.00200	0.00449
6	0.57308	0.09463	0.00864	0.00638	0.00893	0.10451	0.00529	0.13431	0.00897	0.01674	0.00605	0.00682	0.00473	0.00377	0.00275	0.00113	0.00375	0.00235	0.00250	0.00467

[dist]
# distance from previous block
# <min> <max>
0	2

[block]
# block no. 6 follows, 70 sequences, length 98
# corresponding to MSA columns:
# 828-925
name=unknown_G
#
# <colnr> <probs for GDERKNQSTAVLIFYWHMCP>
#	G	D	E	R	K	N	Q	S	T	A	V	L	I	F	Y	W	H	M	C	P
0	0.00833	0.00781	0.01317	0.33408	0.37480	0.00842	0.05060	0.03192	0.00875	0.01194	0.05675	0.04983	0.01805	0.00436	0.00399	0.00124	0.00460	0.00411	0.00213	0.00510
1	0.01171	0.00961	0.01264	0.03535	0.01314	0.05294	0.17193	0.31714	0.02187	0.07813	0.00903	0.03084	0.00689	0.00411	0.00380	0.00107	0.00444	0.00361	0.00302	0.20873
2	0.00515	0.00358	0.00468	0.00533	0.00569	0.00338	0.00363	0.00588	0.00746	0.02566	0.03944	0.65105	0.05707	0.09369	0.04072	0.00195	0.00277	0.03624	0.00345	0.00318
3	0.01153	0.06928	0.05475	0.00939	0.05874	0.40630	0.00718	0.04521	0.12027	0.02944	0.06856	0.03130	0.05209	0.01463	0.00389	0.00114	0.00512	0.00371	0.00263	0.00485
4	0.00976	0.26400	0.33811	0.00995	0.04028	0.08275	0.05994	0.06971	0.04987	0.01215	0.00777	0.00870	0.02317	0.00385	0.00342	0.00110	0.00507	0.00296	0.00202	0.00542
5	0.00596	0.00470	0.01868	0.00651	0.02372	0.00511	0.00496	0.00757	0.02635	0.01991	0.09580	0.01728	0.03083	0.07495	0.60776	0.00497	0.03434	0.00457	0.00241	0.00362
6	0.00571	0.00385	0.00434	0.00434	0.00440	0.00388	0.00247	0.00598	0.02482	0.00778	0.01254	0.04706	0.01435	0.82154	0.01898	0.00364	0.00370	0.00575	0.00242	0.00246
7	0.02017	0.00780	0.08113	0.02264	0.06880	0.03167	0.00606	0.03046	0.07091	0.02168	0.20954	0.07814	0.01511	0.00521	0.00373	0.00101	0.00317	0.00445	0.00296	0.31536
8	0.00941	0.01071	0.07940	0.21077	0.36066	0.15343	0.01988	0.01166	0.00868	0.01112	0.00723	0.00971	0.00593	0.00591	0.07779	0.00161	0.00577	0.00331	0.00188	0.00515
9	0.00671	0.10293	0.07444	0.00617	0.00773	0.00563	0.00536	0.02943	0.00878	0.04613	0.09459	0.29249	0.14696	0.00897	0.00448	0.00140	0.00299	0.14754	0.00334	0.00394
10	0.06457	0.00885	0.04673	0.02493	0.36429	0.02156	0.09453	0.06062	0.05891	0.05718	0.01041	0.01256	0.04925	0.02950	0.06710	0.00165	0.00487	0.01458	0.00246	0.00543
11	0.01008	0.59426	0.04369	0.00710	0.00985	0.01291	0.00680	0.01143	0.00775	0.07116	0.00670	0.00803	0.00585	0.00665	0.09771	0.00156	0.08905	0.00260	0.00194	0.00488
12	0.00738	0.00695	0.01174	0.83178	0.04887	0.00863	0.01080	0.00996	0.00778	0.00998	0.00690	0.01032	0.00519	0.00386	0.00387	0.00129	0.00515	0.00345	0.00173	0.00436
13	0.02286	0.10130	0.30071	0.04975	0.11495	0.02004	0.03195	0.07908	0.02591	0.08074	0.00984	0.06739	0.00842	0.00490	0.00384	0.00124	0.00463	0.06459	0.00247	0.00540
14	0.01209	0.02714	0.08435	0.08786	0.23973	0.16314	0.00943	0.25729	0.01199	0.05828	0.00798	0.00910	0.00603	0.00404	0.00376	0.00114	0.00501	0.00324	0.00262	0.00578
15	0.00493	0.00386	0.00446	0.00447	0.00549	0.00339	0.00329	0.00617	0.00941	0.01222	0.32465	0.14691	0.43800	0.00945	0.00463	0.00131	0.00195	0.00815	0.00384	0.00339
16	0.01818	0.00466	0.00597	0.00598	0.00716	0.00443	0.00462	0.00963	0.06419	0.15910	0.11374	0.31702	0.09339	0.00932	0.00467	0.00146	0.00269	0.16580	0.00389	0.00412
17	0.00585	0.00453	0.00664	0.03249	0.02456	0.00529	0.00505	0.00707	0.00626	0.00895	0.01034	0.03176	0.01006	0.13070	0.63671	0.00531	0.05848	0.00439	0.00210	0.00344
18	0.00804	0.00689	0.00804	0.00574	0.00919	0.00517	0.00459	0.00976	0.00804	0.01263	0.00689	0.00804	0.00574	0.00287	0.00287	0.00057	0.00287	0.00230	0.00230	0.88745
19	0.00494	0.00347	0.00443	0.00512	0.00529	0.00329	0.00330	0.00546	0.00700	0.00933	0.01919	0.66240	0.02289	0.21472	0.00846	0.00209	0.00261	0.00974	0.00330	0.00296
20	0.00946	0.01002	0.05947	0.08967	0.28094	0.01936	0.34077	0.07012	0.00951	0.02447	0.00828	0.04466	0.00675	0.00389	0.00418	0.00125	0.00538	0.00418	0.00215	0.00549
21	0.00660	0.00426	0.00552	0.00508	0.00621	0.00390	0.00385	0.00847	0.02219	0.09206	0.70139	0.04330	0.06666	0.00776	0.00451	0.00123	0.00200	0.00681	0.00427	0.00394
22	0.00557	0.00428	0.00513	0.00494	0.00601	0.00403	0.00369	0.00788	0.07913	0.01399	0.52060	0.08740	0.22595	0.00845	0.00455	0.00127	0.00199	0.00735	0.00403	0.00374
23	0.10774	0.25784	0.23058	0.02766	0.01291	0.13196	0.05573	0.09005	0.00940	0.03355	0.00668	0.00766	0.00520	0.00372	0.00325	0.00108	0.00499	0.00270	0.00209	0.00521
24	0.08103	0.00957	0.03990	0.01062	0.04700	0.00936	0.21548	0.28547	0.02934	0.19635	0.01011	0.02213	0.00721	0.00429	0.00394	0.00122	0.00452	0.00385	0.01269	0.00593
25	0.00732	0.01176	0.39115	0.00836	0.01159	0.00654	0.03116	0.03807	0.00907	0.05093	0.17003	0.20307	0.03158	0.00657	0.00419	0.00130	0.00400	0.00569	0.00285	0.00477
26	0.58439	0.08352	0.00826	0.00649	0.03120	0.05461	0.00518	0.05465	0.04983	0.08099	0.00698	0.00753	0.00530	0.00382	0.00278	0.00116	0.00345	0.00248	0.00264	0.00474
27	0.02002	0.08268	0.10473	0.01748	0.44175	0.03417	0.11584	0.06909	0.02285	0.02393	0.00780	0.02813	0.00642	0.00378	0.00381	0.00116	0.00487	0.00357	0.00212	0.00578
28	0.00556	0.00406	0.00575	0.00575	0.00628	0.00459	0.00425	0.00662	0.00609	0.00865	0.01082	0.01765	0.01074	0.22828	0.65062	0.00564	0.00880	0.00451	0.00214	0.00320
29	0.01448	0.01848	0.01099	0.00999	0.01199	0.84819	0.00749	0.01548	0.01099	0.00949	0.00599	0.00699	0.00499	0.00400	0.00350	0.00100	0.00699	0.00250	0.00200	0.00449
30	0.00534	0.00400	0.00466	0.00451	0.00565	0.00352	0.00339	0.00671	0.00981	0.03384	0.39775	0.06091	0.42009	0.00893	0.00458	0.00128	0.00196	0.01562	0.00393	0.00353
31	0.00583	0.00399	0.00479	0.00472	0.00486	0.00417	0.00292	0.01736	0.00589	0.00798	0.01163	0.02300	0.01298	0.69209	0.13871	0.02813	0.02076	0.00529	0.00230	0.00259
32	0.03176	0.00565	0.00731	0.00594	0.00822	0.00499	0.00479	0.01460	0.01049	0.53051	0.15485	0.01821	0.09705	0.00577	0.00394	0.00119	0.00278	0.00479	0.08169	0.00546
33	0.00801	0.00863	0.14304	0.00854	0.05418	0.00718	0.03133	0.01338	0.30744	0.04618	0.08645	0.16918	0.05039	0.00700	0.01603	0.00141	0.00351	0.02971	0.00335	0.00507
34	0.00748	0.00542	0.00640	0.00578	0.00721	0.00553	0.00444	0.05344	0.19738	0.05380	0.50827	0.02375	0.05989	0.00696	0.00430	0.00123	0.00231	0.00602	0.03592	0.00449
35	0.01040	0.01100	0.14278	0.20226	0.02757	0.04412	0.05050	0.28454	0.06907	0.01568	0.00871	0.03115	0.00675	0.00522	0.02739	0.00139	0.04969	0.00366	0.00267	0.00545
36	0.78220	0.00863	0.03110	0.00570	0.00820	0.05747	0.00481	0.04135	0.00732	0.01704	0.00562	0.00650	0.00435	0.00366	0.00255	0.00119	0.00336	0.00220	0.00241	0.00435
37	0.89114	0.00750	0.00570	0.00510	0.00750	0.00870	0.00420	0.01140	0.00660	0.01739	0.00540	0.00630	0.00420	0.00360	0.00240	0.00120	0.00300	0.00210	0.00240	0.00420
38	0.89114	0.00750	0.00570	0.00510	0.00750	0.00870	0.00420	0.01140	0.00660	0.01739	0.00540	0.00630	0.00420	0.00360	0.00240	0.00120	0.00300	0.00210	0.00240	0.00420
39	0.00808	0.00647	0.00738	0.00640	0.00816	0.04032	0.02707	0.14405	0.05285	0.03370	0.14882	0.14084	0.13746	0.03635	0.06742	0.00164	0.00359	0.00584	0.00336	0.12019
40	0.01077	0.00897	0.01001	0.00951	0.08320	0.01013	0.00691	0.19854	0.57984	0.01773	0.01360	0.01289	0.01017	0.00497	0.00392	0.00127	0.00347	0.00410	0.00375	0.00624
41	0.76011	0.00791	0.00653	0.00563	0.00813	0.00906	0.00464	0.11624	0.00819	0.03576	0.00611	0.00683	0.00462	0.00376	0.00262	0.00119	0.00317	0.00232	0.00264	0.00456
42	0.00918	0.01031	0.02201	0.01698	0.10052	0.00978	0.73333	0.01232	0.00907	0.01240	0.00775	0.01034	0.00590	0.00334	0.00463	0.00130	0.01915	0.00445	0.00195	0.00530
43	0.01485	0.00720	0.00896	0.00702	0.00974	0.00688	0.00574	0.20390	0.02193	0.51889	0.09440	0.01514	0.05656	0.00534	0.00400	0.00120	0.00331	0.00434	0.00446	0.00613
44	0.17083	0.24133	0.47205	0.00879	0.01327	0.01062	0.01043	0.01194	0.00781	0.01238	0.00626	0.00732	0.00480	0.00357	0.00313	0.00112	0.00481	0.00251	0.00178	0.00525
45	0.01727	0.00680	0.00912	0.00700	0.01000	0.00600	0.00578	0.05788	0.01144	0.80278	0.01501	0.01301	0.00945	0.00479	0.00390	0.00120	0.00335	0.00388	0.00475	0.00660
46	0.00646	0.00471	0.00527	0.00501	0.00639	0.00440	0.00378	0.03706	0.08787	0.06965	0.15471	0.13008	0.45242	0.00884	0.00449	0.00132	0.00226	0.00752	0.00383	0.00394
47	0.00936	0.00609	0.00859	0.06018	0.06687	0.00615	0.02427	0.09703	0.01024	0.15248	0.03090	0.02963	0.01627	0.00796	0.00473	0.00153	0.00380	0.45573	0.00356	0.00466
48	0.02038	0.00601	0.00770	0.00730	0.00771	0.04640	0.02234	0.00759	0.00678	0.00948	0.01235	0.29872	0.01375	0.09875	0.15971	0.00263	0.26008	0.00629	0.00250	0.00357
49	0.30545	0.00694	0.00794	0.00633	0.00913	0.00676	0.00522	0.02596	0.00970	0.56063	0.01196	0.01088	0.00778	0.00440	0.00340	0.00120	0.00321	0.00330	0.00400	0.00581
50	0.00468	0.00383	0.00414	0.00428	0.00536	0.00328	0.00313	0.00568	0.00875	0.01079	0.10322	0.19181	0.61738	0.01010	0.00465	0.00135	0.00201	0.00862	0.00366	0.00328
51	0.12925	0.00746	0.00874	0.00697	0.00974	0.00742	0.00570	0.14231	0.10591	0.47981	0.01412	0.01283	0.04247	0.00488	0.00373	0.00121	0.00333	0.00383	0.00420	0.00610
52	0.00915	0.00878	0.01504	0.18279	0.67364	0.00910	0.02185	0.01152	0.00863	0.01213	0.00722	0.00975	0.00595	0.00353	0.00385	0.00118	0.00474	0.00347	0.00188	0.00578
53	0.16426	0.02603	0.00859	0.00659	0.00939	0.00652	0.00543	0.04281	0.01034	0.62405	0.01346	0.04633	0.00914	0.00486	0.00366	0.00121	0.00326	0.00383	0.00424	0.00602
54	0.00472	0.00341	0.00447	0.00531	0.00560	0.00316	0.00356	0.00541	0.00750	0.00993	0.02238	0.81454	0.07167	0.01201	0.00493	0.00156	0.00223	0.01086	0.00360	0.00316
55	0.04168	0.00432	0.00527	0.02514	0.00658	0.00420	0.00400	0.00774	0.05395	0.01351	0.41083	0.18027	0.14545	0.00864	0.00451	0.00133	0.00222	0.05414	0.02255	0.00367
56	0.00697	0.00593	0.00652	0.03167	0.00778	0.07833	0.03768	0.00893	0.05097	0.05588	0.32284	0.02729	0.32896	0.00768	0.00439	0.00124	0.00276	0.00655	0.00366	0.00395
57	0.00652	0.00531	0.00715	0.00654	0.00673	0.00635	0.02391	0.00700	0.00594	0.00842	0.01009	0.05271	0.01108	0.44355	0.11459	0.02156	0.25231	0.00496	0.00216	0.00312
58	0.01448	0.01848	0.01099	0.00999	0.01199	0.84819	0.00749	0.01548	0.01099	0.00949	0.00599	0.00699	0.00499	0.00400	0.00350	0.00100	0.00699	0.00250	0.00200	0.00449
59	0.00804	0.00689	0.00804	0.00574	0.00919	0.00517	0.00459	0.00976	0.00804	0.01263	0.00689	0.00804	0.00574	0.00287	0.00287	0.00057	0.00287	0.00230	0.00230	0.88745
60	0.00488	0.00363	0.00506	0.00570	0.00609	0.00338	0.02874	0.00566	0.00756	0.01002	0.02167	0.78921	0.05811	0.01176	0.00493	0.00156	0.00239	0.02288	0.00355	0.00322
61	0.00510	0.00353	0.00475	0.00534	0.00558	0.00348	0.00359	0.00562	0.00685	0.00923	0.01756	0.57091	0.02051	0.12624	0.12630	0.06688	0.00367	0.00879	0.00308	0.00298
62	0.03013	0.01036	0.11728	0.08662	0.60944	0.00922	0.01166	0.03689	0.02796	0.01295	0.00743	0.00951	0.00601	0.00360	0.00379	0.00118	0.00471	0.00337	0.00199	0.00591
63	0.01004	0.02576	0.01062	0.04334	0.07139	0.04625	0.05806	0.17097	0.09537	0.03785	0.08131	0.01120	0.00931	0.00413	0.00359	0.00098	0.00375	0.00348	0.00292	0.30970
64	0.00731	0.00681	0.01113	0.71978	0.02372	0.00854	0.01003	0.00967	0.00772	0.01013	0.03290	0.01137	0.02298	0.00439	0.00466	0.00132	0.07955	0.00365	0.02010	0.00425
65	0.00471	0.00342	0.00445	0.00527	0.00559	0.00316	0.00354	0.00541	0.00755	0.00995	0.02294	0.78902	0.09683	0.01194	0.00492	0.00155	0.00222	0.01077	0.00360	0.00316
66	0.00915	0.00826	0.01082	0.21513	0.07044	0.05780	0.02112	0.15691	0.00921	0.01235	0.00819	0.04773	0.00736	0.06496	0.08233	0.00196	0.20544	0.00394	0.00229	0.00460
67	0.02669	0.00930	0.02296	0.08144	0.57658	0.03501	0.02750	0.07614	0.00949	0.04384	0.00795	0.03094	0.00661	0.00394	0.00406	0.00119	0.02470	0.00362	0.00221	0.00583
68	0.02981	0.00678	0.00886	0.00688	0.00970	0.00616	0.00565	0.09313	0.01168	0.68056	0.08663	0.01411	0.01160	0.00504	0.00393	0.00120	0.00326	0.00411	0.00463	0.00630
69	0.70182	0.04789	0.00787	0.00776	0.11429	0.04330	0.00543	0.01164	0.00712	0.01608	0.00566	0.00674	0.00452	0.00358	0.00263	0.00117	0.00342	0.00229	0.00229	0.00450
70	0.00630	0.00386	0.00474	0.00490	0.00566	0.00368	0.00354	0.00787	0.02707	0.04869	0.23541	0.33879	0.02310	0.00840	0.00416	0.00127	0.00209	0.01525	0.25158	0.00363
71	0.00539	0.00395	0.00539	0.04051	0.00727	0.00388	0.00472	0.00666	0.01701	0.01080	0.06250	0.49746	0.04884	0.01101	0.00499	0.00160	0.00276	0.25833	0.00355	0.00339
72	0.00991	0.00846	0.00955	0.00927	0.07973	0.00964	0.00670	0.09418	0.63434	0.01638	0.03314	0.01380	0.01125	0.00563	0.02112	0.00139	0.02154	0.00426	0.00369	0.00603
73	0.00817	0.00850	0.08458	0.59965	0.03345	0.00885	0.03523	0.08982	0.03588	0.01207	0.04132	0.01094	0.00682	0.00412	0.00391	0.00127	0.00496	0.00361	0.00211	0.00474
74	0.01044	0.84999	0.02014	0.00670	0.00999	0.03116	0.00665	0.01168	0.00794	0.00913	0.00540	0.00623	0.00498	0.00333	0.00251	0.00083	0.00420	0.00208	0.00166	0.00497
75	0.00910	0.00671	0.00876	0.07684	0.05296	0.02919	0.00628	0.07294	0.04296	0.11983	0.01029	0.05781	0.00879	0.01254	0.27027	0.00275	0.06935	0.00398	0.00269	0.13595
76	0.00736	0.00693	0.01171	0.83866	0.04214	0.00862	0.01079	0.00994	0.00777	0.00996	0.00690	0.01032	0.00519	0.00387	0.00388	0.00129	0.00516	0.00345	0.00173	0.00434
77	0.00778	0.00852	0.10257	0.09473	0.07244	0.01773	0.03329	0.05864	0.02951	0.01244	0.16463	0.01664	0.12394	0.00622	0.00645	0.00136	0.23121	0.00472	0.00264	0.00454
78	0.00626	0.00471	0.00669	0.08090	0.07521	0.00459	0.00500	0.00818	0.01052	0.03395	0.67850	0.02539	0.03074	0.00714	0.00444	0.00122	0.00238	0.00634	0.00387	0.00398
79	0.00778	0.02005	0.84367	0.01105	0.01678	0.00900	0.01432	0.01228	0.00818	0.01228	0.00696	0.00818	0.00491	0.00368	0.00368	0.00123	0.00573	0.00286	0.00164	0.00573
80	0.00732	0.00689	0.01163	0.85444	0.02670	0.00861	0.01077	0.00991	0.00775	0.00991	0.00689	0.01034	0.00517	0.00388	0.00388	0.00129	0.00517	0.00345	0.00172	0.00431
81	0.00960	0.00921	0.01574	0.02380	0.83957	0.00921	0.01190	0.01190	0.00883	0.01267	0.00729	0.00960	0.00614	0.00345	0.00384	0.00115	0.00461	0.00345	0.00192	0.00614
82	0.00960	0.00921	0.01574	0.02380	0.83957	0.00921	0.01190	0.01190	0.00883	0.01267	0.00729	0.00960	0.00614	0.00345	0.00384	0.00115	0.00461	0.00345	0.00192	0.00614
83	0.00825	0.00688	0.00806	0.00577	0.00920	0.00518	0.00462	0.00996	0.00811	0.03101	0.00708	0.00815	0.00583	0.00291	0.00289	0.00059	0.00288	0.00233	0.00235	0.86794
84	0.89114	0.00750	0.00570	0.00510	0.00750	0.00870	0.00420	0.01140	0.00660	0.01739	0.00540	0.00630	0.00420	0.00360	0.00240	0.00120	0.00300	0.00210	0.00240	0.00420
85	0.00915	0.00888	0.01543	0.06652	0.64775	0.00905	0.08258	0.01141	0.00861	0.01222	0.00791	0.05107	0.00697	0.00403	0.00434	0.00122	0.04123	0.00392	0.00198	0.00573
86	0.00737	0.00621	0.00977	0.15839	0.27920	0.00633	0.00761	0.00934	0.00927	0.03244	0.29975	0.11326	0.01892	0.00610	0.00421	0.00124	0.00340	0.00555	0.00297	0.01865
87	0.10719	0.00896	0.01452	0.04253	0.72704	0.00914	0.01102	0.01179	0.00855	0.01312	0.00707	0.00925	0.00590	0.00348	0.00368	0.00116	0.00444	0.00330	0.00197	0.00588
88	0.01732	0.00671	0.00907	0.00695	0.00995	0.00587	0.00574	0.04077	0.01129	0.82010	0.01513	0.01309	0.00952	0.00479	0.00390	0.00120	0.00333	0.00389	0.00477	0.00660
89	0.00732	0.00689	0.01163	0.85444	0.02670	0.00861	0.01077	0.00991	0.00775	0.00991	0.00689	0.01034	0.00517	0.00388	0.00388	0.00129	0.00517	0.00345	0.00172	0.00431
90	0.01047	0.00892	0.01498	0.02189	0.74608	0.00882	0.01120	0.01269	0.00908	0.10614	0.00819	0.01000	0.00653	0.00361	0.00384	0.00116	0.00446	0.00350	0.00224	0.00619
91	0.03729	0.00759	0.00915	0.03311	0.03417	0.00806	0.00688	0.34288	0.01284	0.10542	0.01417	0.02339	0.01305	0.00699	0.00442	0.00142	0.00388	0.32634	0.00369	0.00524
92	0.00773	0.00652	0.00769	0.00569	0.00874	0.00506	0.00448	0.00932	0.00777	0.01208	0.00744	0.00955	0.00650	0.05547	0.06144	0.00115	0.00344	0.00262	0.00228	0.77501
