[name]
unknown

[dist]
# distance from previous block
# <min> <max>
1	179

[block]
# block no. 0 follows, 65 sequences, length 11
# corresponding to MSA columns:
# 252-262
name=unknown_A
#
# <colnr> <probs for GDERKNQSTAVLIFYWHMCP>
#	G	D	E	R	K	N	Q	S	T	A	V	L	I	F	Y	W	H	M	C	P
0	0.18243	0.11077	0.13550	0.10468	0.05515	0.05600	0.00851	0.13561	0.01004	0.03366	0.03365	0.02829	0.00731	0.00567	0.03946	0.00148	0.04057	0.00339	0.00254	0.00530
1	0.00958	0.02880	0.02423	0.05880	0.03382	0.07098	0.09460	0.06429	0.04970	0.08288	0.06002	0.09471	0.06819	0.05747	0.02466	0.00159	0.03506	0.05118	0.00311	0.08632
2	0.00998	0.23989	0.10733	0.03823	0.10703	0.02893	0.07377	0.05116	0.00902	0.02836	0.04287	0.01042	0.02699	0.00481	0.00564	0.00126	0.17567	0.00351	0.00220	0.03293
3	0.01125	0.02720	0.08760	0.07262	0.23683	0.05645	0.10765	0.06699	0.05145	0.13585	0.05628	0.03333	0.00941	0.00460	0.00417	0.00126	0.00483	0.00417	0.00289	0.02517
4	0.01144	0.20748	0.13890	0.03434	0.01342	0.11146	0.10827	0.04905	0.02644	0.12464	0.00888	0.01050	0.00698	0.03569	0.06504	0.00167	0.03439	0.00347	0.00251	0.00544
5	0.00553	0.00388	0.00491	0.00532	0.00575	0.00369	0.00363	0.00621	0.00799	0.01064	0.12375	0.37521	0.10815	0.19004	0.03155	0.05499	0.00300	0.04913	0.00346	0.00318
6	0.03259	0.00954	0.10685	0.08244	0.07483	0.02500	0.08182	0.04962	0.05369	0.16154	0.03691	0.05247	0.05114	0.00505	0.00428	0.00123	0.02414	0.00433	0.00306	0.13947
7	0.02992	0.00886	0.09687	0.03428	0.08037	0.04491	0.07111	0.04743	0.10050	0.06335	0.08654	0.11063	0.14043	0.00702	0.00450	0.00139	0.00395	0.05960	0.00333	0.00502
8	0.00587	0.00486	0.00557	0.00642	0.02987	0.05352	0.00435	0.00682	0.00861	0.01107	0.07629	0.59939	0.11619	0.01145	0.00506	0.00157	0.00275	0.04306	0.00370	0.00358
9	0.00959	0.00906	0.07196	0.25047	0.20791	0.00876	0.05221	0.08783	0.04972	0.06172	0.06691	0.01492	0.06056	0.00503	0.00426	0.00132	0.00464	0.02487	0.00276	0.00550
10	0.03464	0.00986	0.04862	0.09039	0.26617	0.06232	0.12079	0.06197	0.04942	0.06897	0.01140	0.07596	0.04549	0.00498	0.00421	0.00129	0.00481	0.00457	0.00269	0.03146

[dist]
# distance from previous block
# <min> <max>
2	5

[block]
# block no. 1 follows, 65 sequences, length 12
# corresponding to MSA columns:
# 268-279
name=unknown_B
#
# <colnr> <probs for GDERKNQSTAVLIFYWHMCP>
#	G	D	E	R	K	N	Q	S	T	A	V	L	I	F	Y	W	H	M	C	P
0	0.04002	0.21626	0.08048	0.08578	0.03093	0.04879	0.07147	0.04245	0.08879	0.01202	0.00857	0.01072	0.00717	0.00974	0.17632	0.00232	0.05737	0.00349	0.00226	0.00507
1	0.00549	0.00402	0.00513	0.05261	0.00679	0.00391	0.00382	0.00628	0.00791	0.01048	0.10511	0.41422	0.10316	0.24102	0.00935	0.00221	0.00291	0.00892	0.00341	0.00324
2	0.01253	0.08941	0.06846	0.00954	0.04425	0.10658	0.02588	0.33424	0.06081	0.01783	0.00866	0.00927	0.00661	0.00421	0.00371	0.00107	0.00463	0.00321	0.00303	0.18604
3	0.00931	0.02698	0.26627	0.01804	0.03016	0.00774	0.06933	0.02927	0.05537	0.11228	0.04400	0.08548	0.04903	0.00604	0.00459	0.00135	0.03110	0.07762	0.00297	0.07307
4	0.05610	0.08772	0.01165	0.01035	0.11841	0.10258	0.00734	0.14373	0.25672	0.05718	0.05241	0.01255	0.02494	0.00491	0.00388	0.00121	0.00415	0.00390	0.00334	0.03693
5	0.00824	0.10919	0.10672	0.00858	0.05082	0.00736	0.04386	0.01110	0.10447	0.06755	0.01585	0.33129	0.01639	0.04000	0.00511	0.00154	0.00372	0.06021	0.00323	0.00476
6	0.00501	0.00410	0.00442	0.00448	0.00567	0.00351	0.00330	0.00614	0.00951	0.01179	0.15236	0.12928	0.62541	0.01038	0.00489	0.00140	0.00209	0.00882	0.00391	0.00351
7	0.03745	0.00697	0.00969	0.16942	0.08024	0.05692	0.08653	0.00899	0.00817	0.01078	0.01515	0.17530	0.10449	0.17808	0.00805	0.00193	0.02895	0.00620	0.00264	0.00405
8	0.01247	0.00992	0.11247	0.04752	0.18123	0.03181	0.05436	0.08598	0.01092	0.27890	0.04052	0.03375	0.04289	0.00583	0.03153	0.00145	0.00468	0.00433	0.00337	0.00608
9	0.11629	0.00633	0.00720	0.00620	0.00811	0.03816	0.00484	0.03782	0.01081	0.27229	0.31642	0.04361	0.04327	0.04614	0.02322	0.00152	0.00318	0.00548	0.00417	0.00496
10	0.00632	0.00437	0.00541	0.00546	0.00609	0.00446	0.00389	0.03858	0.00810	0.01129	0.09477	0.13635	0.06386	0.28203	0.16823	0.00322	0.00461	0.06641	0.08314	0.00341
11	0.00903	0.00873	0.06644	0.04137	0.45477	0.00785	0.03086	0.01137	0.00973	0.05453	0.15329	0.01668	0.08774	0.00580	0.02292	0.00138	0.00433	0.00480	0.00276	0.00562

[dist]
# distance from previous block
# <min> <max>
2	5

[block]
# block no. 2 follows, 65 sequences, length 20
# corresponding to MSA columns:
# 286-305
name=unknown_C
#
# <colnr> <probs for GDERKNQSTAVLIFYWHMCP>
#	G	D	E	R	K	N	Q	S	T	A	V	L	I	F	Y	W	H	M	C	P
0	0.25970	0.03213	0.00760	0.03098	0.02696	0.02310	0.00512	0.08082	0.03391	0.04527	0.00981	0.03067	0.00910	0.15761	0.09952	0.08058	0.00457	0.03057	0.00271	0.02926
1	0.01403	0.14025	0.01298	0.00964	0.02588	0.40575	0.00759	0.23605	0.04576	0.01486	0.02655	0.00953	0.02452	0.00458	0.00373	0.00111	0.00572	0.00320	0.00278	0.00550
2	0.00633	0.00486	0.00565	0.00595	0.00671	0.04709	0.01388	0.00728	0.00848	0.04751	0.05286	0.49038	0.15115	0.05083	0.06577	0.00202	0.00340	0.02262	0.00361	0.00363
3	0.02704	0.13388	0.08333	0.29637	0.14893	0.03925	0.01920	0.07749	0.01883	0.05093	0.00778	0.00974	0.00601	0.00405	0.00394	0.00121	0.01913	0.00332	0.00226	0.04730
4	0.00971	0.20633	0.15677	0.05911	0.02831	0.06013	0.00804	0.08629	0.00969	0.06128	0.01202	0.24109	0.01197	0.00659	0.00415	0.00130	0.01477	0.01461	0.00279	0.00506
5	0.01256	0.00722	0.00847	0.00712	0.00959	0.00724	0.00567	0.06663	0.27435	0.33273	0.06453	0.01947	0.15356	0.00633	0.00431	0.00133	0.00315	0.00523	0.00448	0.00605
6	0.01087	0.00951	0.01189	0.25482	0.05889	0.09229	0.06503	0.14279	0.14670	0.06027	0.03694	0.01352	0.03013	0.00495	0.00417	0.00131	0.00478	0.02154	0.02410	0.00551
7	0.02805	0.06826	0.16354	0.07898	0.15785	0.04292	0.11563	0.07176	0.03942	0.15831	0.00980	0.03078	0.00737	0.00436	0.00405	0.00127	0.00506	0.00385	0.00277	0.00599
8	0.00782	0.00648	0.01027	0.30864	0.07494	0.00761	0.03144	0.03446	0.00756	0.01026	0.00812	0.01261	0.00720	0.05048	0.15142	0.17675	0.08404	0.00390	0.00200	0.00400
9	0.03882	0.00378	0.00478	0.00561	0.00601	0.00357	0.00379	0.00597	0.00792	0.01082	0.02312	0.77140	0.07465	0.01236	0.00511	0.00163	0.00239	0.01112	0.00376	0.00338
10	0.03287	0.09025	0.15498	0.08196	0.03961	0.14019	0.00877	0.11740	0.10673	0.11123	0.01055	0.06926	0.00849	0.00502	0.00392	0.00125	0.00487	0.00396	0.00297	0.00572
11	0.02640	0.15071	0.11795	0.14208	0.07562	0.04413	0.06146	0.07196	0.14802	0.01341	0.00964	0.05853	0.00805	0.00488	0.00441	0.00129	0.04944	0.00397	0.00254	0.00551
12	0.00767	0.00787	0.00758	0.00712	0.00849	0.18479	0.06272	0.00884	0.00936	0.01088	0.04196	0.22340	0.29464	0.03669	0.03516	0.00167	0.00410	0.03996	0.00324	0.00386
13	0.03517	0.00661	0.00893	0.12210	0.04159	0.03980	0.05200	0.00931	0.00885	0.03657	0.15146	0.11855	0.09759	0.04154	0.06920	0.00184	0.07174	0.00579	0.00297	0.07839
14	0.02827	0.08896	0.11165	0.01033	0.07027	0.08313	0.05201	0.19843	0.02722	0.12094	0.02728	0.01223	0.02456	0.00486	0.00429	0.00122	0.03494	0.03568	0.00307	0.06066
15	0.08412	0.05537	0.01439	0.07137	0.18286	0.03321	0.20152	0.08470	0.00982	0.01384	0.03441	0.06194	0.05903	0.03311	0.04113	0.00161	0.00511	0.00470	0.00255	0.00519
16	0.07510	0.06287	0.03657	0.22223	0.13836	0.08672	0.00893	0.11575	0.04261	0.03495	0.04386	0.01058	0.00760	0.00438	0.00411	0.00122	0.03149	0.00348	0.00256	0.06663
17	0.03546	0.04907	0.14535	0.01174	0.12656	0.07816	0.05255	0.17737	0.08643	0.03488	0.04069	0.01155	0.00842	0.00466	0.00430	0.00123	0.03502	0.02429	0.00285	0.06943
18	0.07320	0.00928	0.03667	0.09048	0.07846	0.08358	0.05128	0.16106	0.02218	0.05399	0.01308	0.04562	0.08125	0.00753	0.06610	0.00168	0.00497	0.06029	0.00299	0.05632
19	0.07185	0.00880	0.07436	0.06998	0.16297	0.07277	0.00782	0.05270	0.00900	0.06733	0.02180	0.15283	0.01091	0.00748	0.00626	0.13147	0.03104	0.03326	0.00270	0.00468

[dist]
# distance from previous block
# <min> <max>
7	98

[block]
# block no. 3 follows, 65 sequences, length 8
# corresponding to MSA columns:
# 428-435
name=unknown_D
#
# <colnr> <probs for GDERKNQSTAVLIFYWHMCP>
#	G	D	E	R	K	N	Q	S	T	A	V	L	I	F	Y	W	H	M	C	P
0	0.01034	0.03418	0.03948	0.04422	0.20539	0.00828	0.07880	0.07121	0.06541	0.11011	0.03149	0.07662	0.01011	0.06144	0.00540	0.00140	0.02227	0.00453	0.00294	0.11638
1	0.01307	0.05775	0.04527	0.01053	0.07806	0.08506	0.00816	0.45048	0.05145	0.01938	0.01004	0.07506	0.00834	0.00544	0.00471	0.00128	0.06228	0.00415	0.00336	0.00614
2	0.01290	0.06811	0.01080	0.00837	0.01089	0.10674	0.00670	0.23867	0.26250	0.11585	0.01266	0.01402	0.00991	0.07120	0.00534	0.00148	0.00427	0.02988	0.00372	0.00600
3	0.01004	0.00980	0.01398	0.06295	0.51550	0.07563	0.01022	0.01222	0.00926	0.01297	0.00748	0.00957	0.00624	0.00357	0.00378	0.00106	0.00465	0.00327	0.00213	0.22569
4	0.00775	0.00632	0.00786	0.05493	0.07271	0.00637	0.00564	0.07564	0.13868	0.01563	0.33455	0.02392	0.16152	0.00705	0.00446	0.00127	0.00288	0.00606	0.00383	0.06293
5	0.00963	0.03817	0.09752	0.01054	0.09713	0.12372	0.05142	0.07185	0.14340	0.01378	0.06849	0.12980	0.06695	0.00644	0.00469	0.00134	0.03916	0.01768	0.00306	0.00522
6	0.00728	0.00543	0.00627	0.00596	0.00713	0.00545	0.00437	0.14262	0.05143	0.01446	0.18808	0.27238	0.16375	0.09837	0.00649	0.00170	0.00281	0.00799	0.00389	0.00415
7	0.04687	0.04883	0.11197	0.01040	0.08000	0.18674	0.02417	0.14349	0.10701	0.03250	0.02264	0.02928	0.03281	0.00489	0.00403	0.00120	0.01668	0.02004	0.00287	0.07357

[dist]
# distance from previous block
# <min> <max>
3	4

[block]
# block no. 4 follows, 65 sequences, length 14
# corresponding to MSA columns:
# 440-453
name=unknown_E
#
# <colnr> <probs for GDERKNQSTAVLIFYWHMCP>
#	G	D	E	R	K	N	Q	S	T	A	V	L	I	F	Y	W	H	M	C	P
0	0.01493	0.01120	0.01226	0.01003	0.04765	0.01240	0.00790	0.71732	0.08420	0.02463	0.01032	0.01031	0.00741	0.00493	0.00411	0.00124	0.00443	0.00377	0.00402	0.00692
1	0.00487	0.00409	0.00423	0.00434	0.00559	0.00345	0.00320	0.00587	0.00918	0.01102	0.03937	0.13458	0.73482	0.01068	0.00490	0.00142	0.00211	0.00901	0.00381	0.00345
2	0.00793	0.00594	0.00763	0.13124	0.03275	0.00645	0.00563	0.06518	0.11149	0.04861	0.01522	0.18247	0.04775	0.25640	0.03762	0.00236	0.02173	0.00628	0.00311	0.00421
3	0.04288	0.31863	0.22558	0.01010	0.01421	0.01218	0.13671	0.08982	0.00985	0.07526	0.00772	0.00874	0.00591	0.00394	0.00378	0.00116	0.02231	0.00315	0.00231	0.00576
4	0.00919	0.00890	0.01555	0.34212	0.45867	0.00956	0.07290	0.01182	0.00893	0.01226	0.00760	0.01053	0.00608	0.00382	0.00414	0.00129	0.00526	0.00374	0.00195	0.00568
5	0.00594	0.00432	0.00637	0.00637	0.00701	0.00496	0.00484	0.00712	0.00648	0.00928	0.01095	0.01678	0.01046	0.09422	0.73349	0.05118	0.01007	0.00448	0.00220	0.00348
6	0.02777	0.01024	0.01186	0.09291	0.21855	0.11835	0.00854	0.26742	0.01262	0.01659	0.07160	0.08065	0.01071	0.02839	0.00462	0.00133	0.00467	0.00451	0.00304	0.00563
7	0.08929	0.01025	0.01012	0.06012	0.07529	0.19312	0.00725	0.07727	0.07314	0.04674	0.01023	0.10856	0.00951	0.06234	0.02379	0.00164	0.12923	0.00449	0.00275	0.00489
8	0.00954	0.01002	0.05436	0.15983	0.15710	0.12732	0.08763	0.02850	0.04952	0.02913	0.19481	0.01483	0.01374	0.00501	0.00423	0.00124	0.00475	0.00446	0.00278	0.04120
9	0.06633	0.00832	0.05231	0.10405	0.08834	0.04319	0.05322	0.05819	0.03674	0.03834	0.02960	0.04866	0.07584	0.00761	0.04498	0.00164	0.02831	0.14748	0.00291	0.06392
10	0.02551	0.04871	0.01341	0.01259	0.15968	0.16888	0.13656	0.02507	0.09329	0.01268	0.01106	0.09154	0.04267	0.00520	0.00449	0.00123	0.04228	0.00450	0.00258	0.09808
11	0.03445	0.01049	0.06052	0.05126	0.20574	0.07665	0.12470	0.12383	0.06535	0.03430	0.03014	0.06166	0.03232	0.00497	0.00419	0.00127	0.00482	0.01579	0.00280	0.05476
12	0.03996	0.06092	0.01398	0.08843	0.14276	0.09090	0.13981	0.09437	0.04069	0.08670	0.00951	0.04817	0.00773	0.00539	0.03445	0.00140	0.00516	0.00398	0.00271	0.08299
13	0.05670	0.03005	0.06918	0.01049	0.08867	0.04368	0.08707	0.07430	0.06372	0.07132	0.01973	0.06788	0.06265	0.00603	0.02212	0.00140	0.11022	0.00444	0.00284	0.10755

[dist]
# distance from previous block
# <min> <max>
45	157

[block]
# block no. 5 follows, 65 sequences, length 59
# corresponding to MSA columns:
# 694-752
name=unknown_F
#
# <colnr> <probs for GDERKNQSTAVLIFYWHMCP>
#	G	D	E	R	K	N	Q	S	T	A	V	L	I	F	Y	W	H	M	C	P
0	0.02265	0.13528	0.28136	0.03820	0.10880	0.01878	0.03290	0.02428	0.03653	0.01225	0.03941	0.01374	0.04885	0.05298	0.08495	0.00191	0.01757	0.02208	0.00226	0.00522
1	0.02364	0.09888	0.18815	0.12258	0.04979	0.05379	0.04723	0.10861	0.01950	0.03547	0.07527	0.04464	0.00974	0.00688	0.06627	0.00167	0.03599	0.00405	0.00256	0.00530
2	0.04404	0.08887	0.09412	0.00884	0.03166	0.03515	0.00756	0.18665	0.30183	0.06657	0.08197	0.01323	0.01138	0.00513	0.00397	0.00127	0.00397	0.00409	0.00360	0.00612
3	0.21909	0.02226	0.03053	0.00923	0.10823	0.02050	0.02492	0.09079	0.07373	0.06260	0.06880	0.01229	0.02836	0.00461	0.00370	0.00115	0.01325	0.01833	0.00302	0.18460
4	0.02147	0.13377	0.17911	0.04052	0.06238	0.03810	0.05760	0.03176	0.02917	0.03539	0.05816	0.11462	0.05716	0.01937	0.08966	0.00185	0.00514	0.00492	0.00261	0.01724
5	0.00807	0.08526	0.11564	0.00783	0.03567	0.00765	0.00672	0.01261	0.22435	0.03134	0.12123	0.11907	0.10833	0.00792	0.03404	0.00153	0.00366	0.03661	0.00342	0.02905
6	0.05069	0.13291	0.04932	0.00960	0.01249	0.25470	0.07030	0.19960	0.07885	0.01510	0.02012	0.00962	0.00706	0.00571	0.04691	0.00143	0.00571	0.00331	0.00274	0.02383
7	0.00609	0.00524	0.00654	0.00617	0.02425	0.02514	0.06671	0.01831	0.00871	0.01076	0.02862	0.06711	0.46864	0.15548	0.04215	0.02699	0.00346	0.02281	0.00325	0.00356
8	0.01060	0.58853	0.11243	0.05807	0.01261	0.07310	0.02248	0.01269	0.03311	0.01036	0.00661	0.00802	0.00577	0.02640	0.00351	0.00108	0.00486	0.00263	0.00188	0.00525
9	0.09797	0.21242	0.19406	0.01038	0.07636	0.02404	0.08006	0.06987	0.03851	0.07286	0.02066	0.03318	0.02189	0.00507	0.02474	0.00134	0.00488	0.00357	0.00252	0.00562
10	0.00954	0.10879	0.07801	0.15231	0.22304	0.01064	0.33350	0.01247	0.00913	0.01237	0.00763	0.01013	0.00599	0.00365	0.00421	0.00128	0.00582	0.00392	0.00196	0.00563
11	0.00571	0.00450	0.00509	0.00493	0.00609	0.00417	0.00363	0.00781	0.07279	0.01329	0.32876	0.06010	0.38261	0.07507	0.00606	0.00156	0.00227	0.00778	0.00400	0.00377
12	0.00510	0.00367	0.00482	0.00568	0.00601	0.00342	0.00387	0.00589	0.00805	0.01070	0.04605	0.74894	0.06090	0.02828	0.00552	0.00170	0.00244	0.04180	0.00380	0.00336
13	0.00948	0.04551	0.36305	0.02411	0.22473	0.04876	0.05285	0.01344	0.07279	0.02770	0.00899	0.02930	0.01739	0.00439	0.00440	0.00129	0.04000	0.00368	0.00218	0.00593
14	0.00593	0.00396	0.00449	0.00453	0.00454	0.00395	0.00254	0.00596	0.00605	0.00807	0.01334	0.06170	0.01544	0.82020	0.02023	0.00388	0.00391	0.00621	0.00254	0.00252
15	0.00513	0.00387	0.00472	0.00531	0.00596	0.00351	0.00375	0.00603	0.00843	0.01082	0.04500	0.49390	0.27124	0.04744	0.00580	0.00169	0.00245	0.06781	0.00377	0.00338
16	0.01533	0.01956	0.01163	0.01058	0.01269	0.83926	0.00793	0.01639	0.01163	0.01005	0.00635	0.00740	0.00529	0.00423	0.00370	0.00106	0.00740	0.00264	0.00212	0.00476
17	0.02061	0.07083	0.21967	0.01040	0.04161	0.20575	0.02225	0.07262	0.26653	0.01437	0.01014	0.01048	0.00771	0.00453	0.00388	0.00124	0.00522	0.00348	0.00278	0.00589
18	0.03368	0.00780	0.00987	0.00760	0.01074	0.00733	0.00627	0.17327	0.01305	0.64357	0.01471	0.01307	0.00945	0.00502	0.00407	0.00126	0.00365	0.00400	0.02472	0.00687
19	0.01167	0.37580	0.10495	0.00806	0.01163	0.05731	0.00769	0.15037	0.04094	0.06011	0.00817	0.02540	0.00664	0.00413	0.00333	0.00102	0.00446	0.00299	0.00258	0.11276
20	0.00887	0.07734	0.08769	0.00926	0.10042	0.00718	0.05503	0.02179	0.05459	0.09717	0.19134	0.05297	0.13570	0.00626	0.00424	0.00123	0.00354	0.00542	0.00334	0.07662
21	0.03737	0.08653	0.06122	0.24557	0.11714	0.10373	0.07813	0.05875	0.02045	0.04645	0.03292	0.07605	0.00861	0.00485	0.00404	0.00127	0.00510	0.00420	0.00245	0.00520
22	0.01113	0.82836	0.02116	0.00715	0.01061	0.04553	0.00706	0.01244	0.00846	0.00967	0.00573	0.00661	0.00527	0.00354	0.00267	0.00088	0.00450	0.00221	0.00177	0.00525
23	0.00499	0.00396	0.00450	0.00482	0.00577	0.00347	0.00346	0.00599	0.00898	0.01125	0.08676	0.32534	0.48196	0.01114	0.00500	0.00149	0.00220	0.02159	0.00386	0.00345
24	0.01260	0.00644	0.00797	0.00659	0.00895	0.00601	0.00530	0.09391	0.05477	0.38954	0.15833	0.02226	0.17863	0.00685	0.00443	0.00131	0.00304	0.02285	0.00456	0.00566
25	0.01067	0.72153	0.13770	0.00776	0.01161	0.03181	0.00821	0.01248	0.00845	0.01014	0.00596	0.00690	0.00526	0.00358	0.00284	0.00094	0.00469	0.00232	0.00176	0.00537
26	0.00537	0.00398	0.00467	0.00501	0.00591	0.00351	0.00356	0.00634	0.00892	0.03450	0.08740	0.40006	0.39360	0.01120	0.00500	0.00150	0.00224	0.00979	0.00390	0.00354
27	0.13797	0.00753	0.00865	0.00691	0.00964	0.00752	0.00565	0.17171	0.03093	0.41083	0.01305	0.01239	0.00885	0.00484	0.00370	0.00121	0.00339	0.00374	0.14538	0.00611
28	0.09956	0.28888	0.12909	0.00901	0.01248	0.17022	0.04982	0.09600	0.02341	0.07522	0.00759	0.00830	0.00589	0.00403	0.00341	0.00111	0.00513	0.00288	0.00245	0.00554
29	0.00718	0.00557	0.00606	0.00576	0.00731	0.00565	0.00443	0.01158	0.24968	0.03058	0.14069	0.05395	0.32419	0.00817	0.00450	0.00136	0.00250	0.04032	0.08599	0.00453
30	0.01087	0.02149	0.12568	0.00904	0.01229	0.00980	0.04045	0.22324	0.23071	0.02701	0.01109	0.04094	0.00869	0.00492	0.00439	0.00121	0.04353	0.00394	0.00327	0.16746
31	0.00698	0.00582	0.00724	0.00640	0.03132	0.00485	0.02667	0.00838	0.00843	0.01184	0.01802	0.10695	0.19098	0.09747	0.02390	0.00149	0.00324	0.05476	0.00294	0.38230
32	0.02818	0.11933	0.31488	0.02372	0.15640	0.02185	0.02387	0.11744	0.02616	0.08546	0.00875	0.02732	0.00671	0.00432	0.00399	0.00124	0.01835	0.00346	0.00251	0.00609
33	0.00817	0.00732	0.01206	0.03193	0.29211	0.00706	0.12126	0.01055	0.03214	0.03680	0.19504	0.05043	0.16499	0.00633	0.00454	0.00131	0.00385	0.00589	0.00311	0.00509
34	0.04203	0.00723	0.00956	0.00735	0.01052	0.00644	0.00607	0.05791	0.01198	0.77202	0.01560	0.01357	0.00985	0.00504	0.00408	0.00127	0.00353	0.00406	0.00496	0.00692
35	0.01070	0.07697	0.20078	0.03107	0.13652	0.09536	0.16330	0.05556	0.07992	0.05907	0.00944	0.04622	0.00755	0.00444	0.00410	0.00127	0.00543	0.00398	0.00249	0.00582
36	0.00727	0.00577	0.02436	0.03171	0.09041	0.02443	0.00557	0.02170	0.02467	0.06322	0.18728	0.27174	0.13974	0.02273	0.00506	0.00149	0.00302	0.06187	0.00370	0.00427
37	0.00539	0.00411	0.00496	0.00505	0.00601	0.00374	0.00374	0.00671	0.00966	0.01274	0.30988	0.16595	0.31533	0.04386	0.04077	0.00175	0.00262	0.05022	0.00394	0.00357
38	0.00570	0.00440	0.00524	0.00491	0.00625	0.00384	0.02106	0.00715	0.01027	0.03692	0.33236	0.03486	0.49351	0.00935	0.00483	0.00135	0.00217	0.00799	0.00407	0.00376
39	0.01326	0.08338	0.10284	0.01246	0.15901	0.03654	0.04326	0.37733	0.03562	0.08240	0.00936	0.00995	0.00687	0.00442	0.00397	0.00122	0.00481	0.00357	0.00321	0.00651
40	0.04629	0.01105	0.04959	0.05872	0.22626	0.16114	0.09320	0.06749	0.01015	0.05161	0.01005	0.08491	0.00908	0.00536	0.00459	0.00132	0.03980	0.05271	0.01129	0.00538
41	0.00781	0.00735	0.01241	0.82741	0.04631	0.00913	0.01143	0.01054	0.00823	0.01055	0.00731	0.01093	0.00550	0.00409	0.00410	0.00136	0.00546	0.00365	0.00183	0.00460
42	0.00854	0.00732	0.00853	0.00612	0.00974	0.00556	0.00489	0.01054	0.02320	0.01344	0.00747	0.00863	0.00620	0.00309	0.00306	0.00062	0.00304	0.00247	0.00246	0.86506
43	0.00594	0.00409	0.00505	0.00505	0.00524	0.00429	0.00320	0.00633	0.00614	0.00838	0.01241	0.02398	0.01367	0.63451	0.24041	0.00468	0.00586	0.00555	0.00241	0.00280
44	0.02184	0.04667	0.08941	0.10105	0.16708	0.06695	0.03799	0.14917	0.07595	0.11163	0.03368	0.01119	0.00804	0.00494	0.01494	0.00134	0.04550	0.00375	0.00293	0.00595
45	0.01432	0.13268	0.01322	0.00910	0.01219	0.10385	0.00756	0.52678	0.10501	0.02087	0.00963	0.00972	0.00716	0.00472	0.00386	0.00118	0.00468	0.00347	0.00356	0.00644
46	0.00505	0.00381	0.00465	0.00524	0.00586	0.00344	0.00364	0.00593	0.00849	0.01095	0.06970	0.54115	0.26167	0.02828	0.00542	0.00161	0.00233	0.02556	0.00382	0.00339
47	0.04662	0.15364	0.13400	0.00884	0.04258	0.13642	0.00775	0.03245	0.02274	0.04452	0.04198	0.03480	0.01838	0.01160	0.22301	0.00260	0.02704	0.00376	0.00239	0.00489
48	0.02795	0.09243	0.19732	0.00982	0.01328	0.00963	0.11867	0.15067	0.03958	0.11872	0.05951	0.06496	0.03407	0.00534	0.00451	0.00130	0.03894	0.00448	0.00307	0.00573
49	0.00627	0.00422	0.00479	0.00463	0.00533	0.00392	0.00305	0.00693	0.00804	0.05347	0.13255	0.03044	0.25837	0.44573	0.01308	0.00270	0.00311	0.00687	0.00329	0.00320
50	0.03793	0.01125	0.17784	0.01878	0.04515	0.02211	0.06189	0.23534	0.03274	0.16014	0.03490	0.12131	0.01066	0.00570	0.00423	0.00132	0.00446	0.00482	0.00345	0.00597
51	0.01126	0.06538	0.24714	0.01243	0.06624	0.15355	0.17245	0.08338	0.03444	0.06364	0.00898	0.02113	0.00704	0.00439	0.00410	0.00126	0.00580	0.02918	0.00246	0.00575
52	0.00970	0.09938	0.02730	0.02486	0.04186	0.12291	0.06581	0.04909	0.03372	0.05127	0.09018	0.09120	0.01519	0.02284	0.00537	0.00147	0.05841	0.18161	0.00308	0.00474
53	0.01058	0.43584	0.21065	0.06490	0.06283	0.11497	0.02473	0.01288	0.00890	0.01084	0.00645	0.00776	0.00536	0.00374	0.00329	0.00106	0.00530	0.00268	0.00182	0.00543
54	0.00603	0.00409	0.00465	0.00465	0.00476	0.00411	0.00270	0.00643	0.02689	0.00865	0.04779	0.06077	0.01637	0.76384	0.01915	0.00371	0.00381	0.00623	0.00267	0.00268
55	0.00919	0.02152	0.15598	0.02767	0.01147	0.03163	0.03862	0.11743	0.06295	0.05219	0.09204	0.15820	0.04406	0.00639	0.00423	0.00126	0.00392	0.01808	0.00323	0.13995
56	0.00954	0.13494	0.08621	0.00862	0.03936	0.06061	0.01822	0.05290	0.22347	0.02982	0.05184	0.09366	0.01248	0.02584	0.06909	0.00174	0.00459	0.03829	0.00309	0.03569
57	0.04666	0.12624	0.32181	0.01172	0.14361	0.02067	0.01054	0.05659	0.04106	0.03556	0.01856	0.00980	0.02102	0.00408	0.00380	0.00116	0.01717	0.00320	0.00229	0.10447
58	0.03433	0.16773	0.24106	0.04551	0.06103	0.03120	0.02649	0.15468	0.06899	0.09507	0.00900	0.00963	0.00665	0.00421	0.00372	0.00119	0.00484	0.00327	0.00273	0.02865

[dist]
# distance from previous block
# <min> <max>
2	22

[block]
# block no. 6 follows, 65 sequences, length 51
# corresponding to MSA columns:
# 775-825
name=unknown_G
#
# <colnr> <probs for GDERKNQSTAVLIFYWHMCP>
#	G	D	E	R	K	N	Q	S	T	A	V	L	I	F	Y	W	H	M	C	P
0	0.23589	0.00868	0.00993	0.13529	0.12084	0.05380	0.00736	0.11779	0.04460	0.07873	0.05978	0.03119	0.02258	0.00504	0.01294	0.00131	0.00414	0.00377	0.00298	0.04335
1	0.02555	0.00972	0.01428	0.20099	0.16111	0.10210	0.17896	0.03442	0.00966	0.06861	0.03555	0.02182	0.00795	0.04112	0.00487	0.00136	0.00529	0.00403	0.00243	0.07019
2	0.01052	0.00935	0.01463	0.21780	0.22816	0.05189	0.15057	0.03281	0.08867	0.09218	0.00977	0.02414	0.00760	0.00433	0.00422	0.00130	0.00511	0.01402	0.00260	0.03033
3	0.01007	0.00924	0.01564	0.09604	0.70312	0.00936	0.01197	0.01247	0.00935	0.04158	0.02261	0.02469	0.00745	0.00398	0.00410	0.00124	0.00479	0.00387	0.00219	0.00625
4	0.01087	0.00988	0.01221	0.04452	0.30647	0.09672	0.00869	0.04940	0.16640	0.05495	0.00998	0.02546	0.00798	0.00427	0.00387	0.00113	0.00437	0.00367	0.00280	0.17636
5	0.00842	0.26822	0.18101	0.00752	0.01048	0.00921	0.00753	0.01098	0.05106	0.03354	0.06439	0.14394	0.07648	0.00658	0.00397	0.00125	0.00391	0.06581	0.00279	0.04291
6	0.74900	0.00893	0.00691	0.00608	0.00864	0.06008	0.00495	0.07254	0.02489	0.01844	0.00629	0.00713	0.00485	0.00396	0.00276	0.00126	0.00353	0.00241	0.00266	0.00470
7	0.00828	0.03194	0.51328	0.01000	0.01426	0.00790	0.03878	0.01171	0.00882	0.06839	0.01232	0.16611	0.02565	0.00620	0.00430	0.00140	0.00499	0.05774	0.00253	0.00540
8	0.00911	0.00865	0.01450	0.33887	0.48123	0.00937	0.01175	0.01186	0.03005	0.01233	0.00862	0.01131	0.02640	0.00404	0.00410	0.00128	0.00499	0.00380	0.00205	0.00568
9	0.00624	0.00488	0.00573	0.00592	0.00686	0.00458	0.00438	0.00711	0.00925	0.01191	0.08468	0.22166	0.38208	0.05818	0.03823	0.00200	0.03978	0.09874	0.00388	0.00391
10	0.00577	0.00427	0.00518	0.00536	0.00615	0.00401	0.00379	0.04719	0.00953	0.01266	0.22114	0.38640	0.19306	0.06857	0.00608	0.00165	0.00243	0.00922	0.00391	0.00362
11	0.02415	0.27892	0.52795	0.01020	0.01527	0.01164	0.03184	0.01300	0.02971	0.01217	0.00709	0.00822	0.00542	0.00381	0.00352	0.00117	0.00545	0.00285	0.00183	0.00579
12	0.01091	0.00999	0.01395	0.09996	0.41894	0.07739	0.02888	0.08272	0.08927	0.05046	0.00959	0.04723	0.00795	0.00461	0.00440	0.00128	0.02977	0.00407	0.00261	0.00601
13	0.00934	0.00603	0.00699	0.00631	0.00820	0.00595	0.00494	0.01354	0.23260	0.18324	0.13693	0.05380	0.26136	0.00783	0.00457	0.00138	0.00276	0.04486	0.00427	0.00509
14	0.04771	0.01301	0.25514	0.00938	0.02913	0.09682	0.02131	0.10293	0.16755	0.01488	0.03032	0.01647	0.10802	0.01975	0.00443	0.00137	0.00463	0.04865	0.00299	0.00550
15	0.03226	0.00958	0.07733	0.04923	0.10255	0.02439	0.30586	0.03443	0.03856	0.04812	0.02663	0.08341	0.04352	0.08502	0.00605	0.00161	0.00515	0.01855	0.00263	0.00512
16	0.01285	0.01103	0.01167	0.02751	0.13206	0.11818	0.00801	0.31390	0.21829	0.04366	0.05226	0.01215	0.00976	0.00498	0.00410	0.00125	0.00448	0.00399	0.00357	0.00630
17	0.00529	0.00397	0.00496	0.00565	0.00630	0.00369	0.00408	0.00645	0.02432	0.01100	0.02684	0.53531	0.21471	0.01193	0.00519	0.00163	0.00252	0.11885	0.00381	0.00349
18	0.00942	0.00947	0.02752	0.33135	0.39479	0.04561	0.06198	0.01241	0.04433	0.01231	0.00792	0.01059	0.00629	0.00392	0.00411	0.00129	0.00529	0.00372	0.00205	0.00563
19	0.80950	0.00786	0.00634	0.00556	0.00816	0.00893	0.00458	0.01276	0.00740	0.08916	0.00663	0.00730	0.00494	0.00392	0.00268	0.00127	0.00320	0.00239	0.00276	0.00467
20	0.00586	0.00440	0.00660	0.00660	0.00733	0.00513	0.00513	0.00733	0.00660	0.00953	0.01100	0.01613	0.01026	0.03079	0.83947	0.00660	0.01100	0.00440	0.00220	0.00367
21	0.04403	0.12120	0.09675	0.06622	0.13341	0.33506	0.00915	0.04927	0.02429	0.05579	0.00755	0.00880	0.00599	0.00462	0.01998	0.00124	0.00590	0.00302	0.00230	0.00541
22	0.01806	0.00707	0.00952	0.00735	0.01049	0.00621	0.00605	0.02008	0.04698	0.79753	0.01622	0.01403	0.01026	0.00510	0.00413	0.00128	0.00348	0.00415	0.00504	0.00696
23	0.00559	0.00424	0.00483	0.00466	0.00591	0.00369	0.00350	0.00699	0.01027	0.03518	0.34548	0.04958	0.48637	0.00952	0.00483	0.00135	0.00207	0.00811	0.00412	0.00372
24	0.01013	0.59977	0.27254	0.00847	0.01277	0.01417	0.00954	0.01251	0.00844	0.01069	0.00622	0.00723	0.00525	0.00363	0.00302	0.00101	0.00491	0.00245	0.00175	0.00551
25	0.01523	0.01158	0.01209	0.00941	0.01259	0.03948	0.00772	0.73728	0.07274	0.02477	0.01020	0.01014	0.00730	0.00495	0.00410	0.00124	0.00453	0.00372	0.00405	0.00688
26	0.00506	0.00362	0.00481	0.00568	0.00597	0.00337	0.00381	0.00586	0.00813	0.01090	0.07964	0.79484	0.02797	0.01254	0.00521	0.00164	0.00235	0.01137	0.00386	0.00337
27	0.00499	0.00408	0.00441	0.00451	0.00568	0.00350	0.00331	0.00610	0.00943	0.01168	0.13868	0.15349	0.61489	0.01049	0.00491	0.00141	0.00210	0.00893	0.00390	0.00350
28	0.01009	0.01000	0.03587	0.06212	0.72277	0.00980	0.04776	0.02807	0.00949	0.01350	0.00776	0.01019	0.00642	0.00370	0.00410	0.00124	0.00501	0.00370	0.00206	0.00637
29	0.00999	0.00981	0.01733	0.07903	0.55120	0.00991	0.17090	0.02592	0.05963	0.01359	0.00840	0.01071	0.00676	0.00379	0.00423	0.00127	0.00522	0.00395	0.00219	0.00618
30	0.00765	0.00383	0.00383	0.00383	0.00478	0.00383	0.00287	0.00956	0.00861	0.01530	0.01339	0.01530	0.01052	0.00478	0.00287	0.00096	0.00191	0.00383	0.87853	0.00383
31	0.01462	0.03468	0.06277	0.00949	0.01270	0.09734	0.02996	0.55005	0.01619	0.07839	0.00976	0.01050	0.00720	0.04166	0.00476	0.00133	0.00488	0.00367	0.00363	0.00641
32	0.01189	0.06602	0.20215	0.02643	0.09988	0.05459	0.03266	0.25957	0.07530	0.06587	0.03111	0.01076	0.00784	0.00537	0.03120	0.00141	0.00513	0.00364	0.00300	0.00618
33	0.00588	0.00444	0.00657	0.00660	0.00726	0.00516	0.00508	0.00724	0.00669	0.00960	0.01189	0.08898	0.01168	0.04221	0.73073	0.00599	0.03301	0.00504	0.00233	0.00364
34	0.70879	0.00854	0.00730	0.03032	0.00935	0.00982	0.00523	0.15147	0.00916	0.01948	0.00648	0.00734	0.00491	0.00401	0.00286	0.00127	0.00347	0.00252	0.00279	0.00489
35	0.01190	0.25607	0.07865	0.03580	0.13808	0.21489	0.04320	0.02941	0.07838	0.05404	0.01827	0.00929	0.00682	0.00410	0.00361	0.00112	0.00530	0.00315	0.00235	0.00559
36	0.00943	0.00696	0.00890	0.05733	0.02618	0.00728	0.04184	0.22743	0.06263	0.05910	0.03990	0.34150	0.05034	0.02190	0.00493	0.00149	0.00353	0.02061	0.00375	0.00496
37	0.00497	0.00413	0.00434	0.00436	0.00564	0.00350	0.00325	0.00609	0.00952	0.01166	0.12953	0.08652	0.69174	0.01031	0.00487	0.00139	0.00208	0.00870	0.00389	0.00350
38	0.02719	0.00966	0.03911	0.00914	0.04338	0.00972	0.00734	0.31590	0.18559	0.28903	0.01317	0.01229	0.00909	0.00501	0.00410	0.00128	0.00396	0.00399	0.00426	0.00679
39	0.02393	0.06910	0.07492	0.03739	0.18339	0.19276	0.00931	0.24525	0.05169	0.03773	0.00843	0.00942	0.00650	0.00440	0.00414	0.00120	0.02831	0.00334	0.00278	0.00602
40	0.00955	0.07125	0.26094	0.02835	0.03453	0.01043	0.43952	0.01325	0.02343	0.03522	0.00811	0.01014	0.00605	0.00378	0.00458	0.00133	0.02774	0.00403	0.00206	0.00571
41	0.00571	0.00441	0.00536	0.00576	0.00691	0.00406	0.00474	0.00720	0.00957	0.01203	0.09248	0.04187	0.40852	0.01067	0.00522	0.00160	0.00283	0.36357	0.00385	0.00364
42	0.03357	0.02741	0.12878	0.08895	0.30164	0.03623	0.09118	0.07258	0.02078	0.08788	0.00868	0.01073	0.00673	0.00428	0.00459	0.00130	0.05077	0.01550	0.00246	0.00597
43	0.01065	0.04005	0.06419	0.13594	0.47704	0.04825	0.02095	0.07436	0.03699	0.04034	0.00825	0.01021	0.00653	0.00396	0.00401	0.00124	0.00503	0.00359	0.00231	0.00612
44	0.00713	0.00357	0.00535	0.00535	0.00535	0.00357	0.00357	0.00535	0.00535	0.00713	0.00713	0.01248	0.00713	0.01426	0.01604	0.88057	0.00357	0.00357	0.00178	0.00178
45	0.88473	0.00794	0.00603	0.00540	0.00794	0.00921	0.00445	0.01207	0.00699	0.01842	0.00572	0.00667	0.00445	0.00381	0.00254	0.00127	0.00318	0.00222	0.00254	0.00445
46	0.04444	0.00447	0.00554	0.00518	0.00634	0.00415	0.00392	0.00825	0.01112	0.05186	0.66173	0.04562	0.11534	0.00833	0.00472	0.00131	0.00208	0.00726	0.00437	0.00398
47	0.07266	0.15841	0.07268	0.01102	0.10392	0.13059	0.05795	0.12591	0.16350	0.05061	0.00940	0.00994	0.00722	0.00433	0.00373	0.00119	0.00483	0.00340	0.00283	0.00589
48	0.00629	0.00494	0.00704	0.02730	0.08667	0.00474	0.02379	0.00808	0.02028	0.01383	0.40465	0.17501	0.08182	0.04675	0.00560	0.00153	0.00276	0.07107	0.00383	0.00402
49	0.07273	0.09717	0.16022	0.00987	0.06293	0.08773	0.00852	0.05733	0.18150	0.01391	0.04507	0.02661	0.00916	0.02827	0.02814	0.00152	0.09740	0.00379	0.00269	0.00544
50	0.44259	0.15023	0.04523	0.00805	0.02421	0.08408	0.02667	0.03625	0.03042	0.05656	0.00767	0.00885	0.00614	0.00456	0.00374	0.00134	0.03654	0.00290	0.00276	0.02120

[dist]
# distance from previous block
# <min> <max>
2	20

[block]
# block no. 7 follows, 65 sequences, length 9
# corresponding to MSA columns:
# 846-854
name=unknown_H
#
# <colnr> <probs for GDERKNQSTAVLIFYWHMCP>
#	G	D	E	R	K	N	Q	S	T	A	V	L	I	F	Y	W	H	M	C	P
0	0.20628	0.05754	0.56087	0.00968	0.01453	0.00946	0.01171	0.01246	0.00844	0.01426	0.05373	0.00937	0.00695	0.00412	0.00359	0.00127	0.00510	0.00306	0.00208	0.00554
1	0.00606	0.00438	0.00556	0.00631	0.00680	0.00401	0.00437	0.00676	0.00892	0.01195	0.09109	0.66883	0.07216	0.01267	0.00556	0.00178	0.00274	0.07207	0.00413	0.00387
2	0.01226	0.30008	0.13832	0.00919	0.01272	0.19964	0.03201	0.13694	0.03080	0.03397	0.00743	0.00822	0.00590	0.00401	0.00345	0.00106	0.00529	0.00285	0.00238	0.05348
3	0.00571	0.00413	0.00488	0.00505	0.00566	0.00390	0.00354	0.00656	0.00822	0.01074	0.13986	0.09873	0.20655	0.35028	0.01145	0.00251	0.00309	0.12261	0.00338	0.00317
4	0.00659	0.00480	0.00600	0.00612	0.00726	0.00467	0.00484	0.00918	0.09078	0.03726	0.27967	0.13351	0.15190	0.00969	0.00504	0.00153	0.00270	0.23029	0.00410	0.00407
5	0.01079	0.37642	0.11509	0.00807	0.01119	0.10325	0.00769	0.08536	0.08024	0.01312	0.08335	0.01066	0.00938	0.00453	0.00362	0.00109	0.02285	0.00328	0.04466	0.00535
6	0.00600	0.00492	0.03590	0.00539	0.00663	0.00413	0.00422	0.00786	0.03340	0.03721	0.41077	0.17114	0.23841	0.00933	0.00484	0.00138	0.00228	0.00813	0.00412	0.00392
7	0.11978	0.48786	0.07364	0.00972	0.10047	0.07271	0.03856	0.01255	0.00868	0.01173	0.02761	0.00798	0.00620	0.00377	0.00308	0.00104	0.00465	0.00268	0.00199	0.00529
8	0.09905	0.14439	0.06507	0.00972	0.09228	0.02238	0.08432	0.08411	0.03870	0.02826	0.09972	0.01352	0.06063	0.01915	0.00403	0.00118	0.00407	0.00398	0.00278	0.12268

[dist]
# distance from previous block
# <min> <max>
2	148

[block]
# block no. 8 follows, 65 sequences, length 8
# corresponding to MSA columns:
# 1078-1085
name=unknown_I
#
# <colnr> <probs for GDERKNQSTAVLIFYWHMCP>
#	G	D	E	R	K	N	Q	S	T	A	V	L	I	F	Y	W	H	M	C	P
0	0.06432	0.00900	0.04962	0.24477	0.19063	0.03449	0.04535	0.04984	0.05078	0.03571	0.03507	0.03675	0.04877	0.00482	0.00431	0.00128	0.02882	0.00414	0.00252	0.05901
1	0.03984	0.00954	0.01255	0.05671	0.27734	0.10004	0.05665	0.07678	0.03623	0.05784	0.04758	0.08360	0.01001	0.00621	0.03873	0.00149	0.03893	0.00446	0.00273	0.04272
2	0.08677	0.03498	0.01247	0.07911	0.26243	0.05955	0.03627	0.10294	0.07451	0.02814	0.06850	0.04600	0.00984	0.00485	0.00428	0.00125	0.03266	0.00410	0.00277	0.04859
3	0.10065	0.03417	0.03238	0.03858	0.14475	0.10964	0.03227	0.13053	0.07776	0.04997	0.02535	0.07521	0.07930	0.00639	0.03202	0.00145	0.00457	0.00456	0.00302	0.01743
4	0.03458	0.00595	0.00665	0.00681	0.03564	0.04049	0.00492	0.03331	0.13127	0.01436	0.28055	0.19804	0.12807	0.00874	0.00471	0.00142	0.00279	0.05345	0.00393	0.00433
5	0.20353	0.06174	0.05725	0.03788	0.38570	0.00973	0.00939	0.04636	0.04028	0.03837	0.00777	0.00929	0.00620	0.00383	0.00357	0.00118	0.00430	0.00318	0.00239	0.06805
6	0.00591	0.00423	0.00572	0.00572	0.00615	0.00466	0.00404	0.00677	0.00634	0.00888	0.01179	0.02056	0.01219	0.37118	0.50171	0.00552	0.00810	0.00505	0.00232	0.00318
7	0.00561	0.00405	0.00461	0.00462	0.00513	0.00388	0.00298	0.00615	0.00742	0.00964	0.08038	0.06422	0.23944	0.47721	0.06491	0.00314	0.00368	0.00695	0.00303	0.00296

[dist]
# distance from previous block
# <min> <max>
0	1

[block]
# block no. 9 follows, 65 sequences, length 57
# corresponding to MSA columns:
# 1087-1143
name=unknown_J
#
# <colnr> <probs for GDERKNQSTAVLIFYWHMCP>
#	G	D	E	R	K	N	Q	S	T	A	V	L	I	F	Y	W	H	M	C	P
0	0.16434	0.05069	0.10529	0.12109	0.09048	0.02057	0.12818	0.01205	0.02132	0.03775	0.03450	0.01005	0.00680	0.00468	0.00574	0.00139	0.17416	0.00357	0.00222	0.00514
1	0.01059	0.00932	0.01561	0.04893	0.64864	0.00914	0.04020	0.01296	0.00945	0.07783	0.00836	0.01039	0.00671	0.00373	0.00402	0.00119	0.00472	0.00364	0.00230	0.07227
2	0.00851	0.00730	0.00851	0.00608	0.00973	0.00547	0.00486	0.01034	0.00851	0.01338	0.00730	0.00851	0.00608	0.00304	0.00304	0.00061	0.00304	0.00243	0.00243	0.88083
3	0.01080	0.00924	0.04742	0.10054	0.42971	0.00892	0.03920	0.05264	0.05959	0.12050	0.03206	0.05244	0.00907	0.00464	0.00418	0.00128	0.00456	0.00429	0.00278	0.00612
4	0.00530	0.00387	0.00515	0.00588	0.00628	0.00381	0.00407	0.00644	0.03078	0.01054	0.02115	0.67049	0.04323	0.02753	0.12034	0.00237	0.00363	0.02207	0.00358	0.00347
5	0.00508	0.00362	0.00482	0.00574	0.00600	0.00340	0.00387	0.00582	0.00786	0.01047	0.02232	0.80232	0.02668	0.03667	0.00570	0.00174	0.00247	0.03832	0.00377	0.00333
6	0.04020	0.05106	0.02639	0.00859	0.01178	0.08724	0.00718	0.39094	0.01484	0.28211	0.01114	0.01065	0.00764	0.00475	0.00393	0.00120	0.00440	0.00358	0.00399	0.02839
7	0.02145	0.27952	0.08609	0.02869	0.10510	0.01104	0.01991	0.12447	0.02585	0.01398	0.00738	0.00849	0.00601	0.00369	0.00332	0.00096	0.00426	0.00283	0.00236	0.24459
8	0.04000	0.33777	0.30181	0.01074	0.09502	0.03998	0.01039	0.06764	0.03852	0.01287	0.00718	0.00823	0.00572	0.00387	0.00340	0.00112	0.00505	0.00284	0.00206	0.00578
9	0.00529	0.00411	0.00471	0.00478	0.00578	0.00365	0.00349	0.00648	0.00953	0.01228	0.25050	0.13469	0.42113	0.07706	0.00620	0.00162	0.00229	0.03902	0.00390	0.00350
10	0.01051	0.05774	0.30328	0.01004	0.01397	0.03400	0.04864	0.16767	0.24799	0.01646	0.03046	0.01174	0.01962	0.00474	0.00403	0.00129	0.00479	0.00384	0.00302	0.00617
11	0.00500	0.00357	0.00476	0.00572	0.00595	0.00333	0.00381	0.00572	0.00786	0.01048	0.02262	0.85306	0.02715	0.01286	0.00524	0.00167	0.00238	0.01167	0.00381	0.00333
12	0.01084	0.01088	0.01602	0.02327	0.72375	0.10243	0.01199	0.02788	0.00979	0.01327	0.00761	0.00985	0.00638	0.00374	0.00402	0.00120	0.00515	0.00354	0.00208	0.00632
13	0.02992	0.48594	0.01670	0.00813	0.01106	0.26786	0.00712	0.04756	0.03996	0.01097	0.00777	0.00848	0.03507	0.00412	0.00316	0.00099	0.00517	0.00272	0.00214	0.00515
14	0.00586	0.00440	0.00660	0.00660	0.00733	0.00513	0.00513	0.00733	0.00660	0.00953	0.01100	0.01613	0.01026	0.03079	0.83947	0.00660	0.01100	0.00440	0.00220	0.00367
15	0.00969	0.01107	0.02422	0.01730	0.02145	0.01038	0.81522	0.01315	0.00969	0.01315	0.00830	0.01107	0.00623	0.00346	0.00484	0.00138	0.00692	0.00484	0.00208	0.00554
16	0.00873	0.00956	0.02023	0.01489	0.01828	0.00895	0.64969	0.01164	0.00937	0.01262	0.01187	0.15523	0.03767	0.00529	0.00491	0.00143	0.00598	0.00613	0.00243	0.00509
17	0.00876	0.00670	0.00766	0.00681	0.00852	0.00714	0.00527	0.11425	0.28111	0.03322	0.40003	0.02273	0.02444	0.03734	0.00510	0.00142	0.00283	0.01725	0.00428	0.00514
18	0.88473	0.00794	0.00603	0.00540	0.00794	0.00921	0.00445	0.01207	0.00699	0.01842	0.00572	0.00667	0.00445	0.00381	0.00254	0.00127	0.00318	0.00222	0.00254	0.00445
19	0.00502	0.00411	0.00438	0.00450	0.00568	0.00353	0.00333	0.00606	0.00919	0.01122	0.07739	0.12635	0.64613	0.04086	0.00549	0.00152	0.00223	0.03575	0.00380	0.00345
20	0.01533	0.01956	0.01163	0.01058	0.01269	0.83926	0.00793	0.01639	0.01163	0.01005	0.00635	0.00740	0.00529	0.00423	0.00370	0.00106	0.00740	0.00264	0.00212	0.00476
21	0.00713	0.00357	0.00535	0.00535	0.00535	0.00357	0.00357	0.00535	0.00535	0.00713	0.00713	0.01248	0.00713	0.01426	0.01604	0.88057	0.00357	0.00357	0.00178	0.00178
22	0.00520	0.00379	0.00495	0.00578	0.00623	0.00353	0.00409	0.00612	0.00827	0.01087	0.03896	0.65664	0.10655	0.01234	0.00525	0.00166	0.00252	0.11000	0.00382	0.00341
23	0.01314	0.01551	0.01093	0.00987	0.01161	0.57000	0.00756	0.06024	0.01070	0.01085	0.00722	0.00915	0.00622	0.00899	0.14377	0.00206	0.09219	0.00309	0.00221	0.00468
24	0.00500	0.00357	0.00476	0.00572	0.00595	0.00333	0.00381	0.00572	0.00786	0.01048	0.02262	0.85306	0.02715	0.01286	0.00524	0.00167	0.00238	0.01167	0.00381	0.00333
25	0.00511	0.00372	0.00513	0.00595	0.00626	0.00348	0.01748	0.00589	0.00792	0.01056	0.02237	0.82341	0.02673	0.01267	0.00524	0.00167	0.00248	0.02676	0.00378	0.00338
26	0.00587	0.00439	0.00654	0.00654	0.00725	0.00510	0.00506	0.00729	0.00658	0.00949	0.01105	0.01641	0.01039	0.05281	0.81762	0.00653	0.01081	0.00444	0.00221	0.00363
27	0.00908	0.00930	0.03206	0.10565	0.07726	0.01001	0.26950	0.05496	0.03206	0.01264	0.01132	0.01355	0.09366	0.00543	0.00685	0.00146	0.22623	0.00458	0.01930	0.00509
28	0.01394	0.01708	0.01225	0.02529	0.13663	0.65019	0.00862	0.01524	0.01092	0.01054	0.00671	0.00823	0.00566	0.00517	0.03393	0.00130	0.02835	0.00290	0.00209	0.00497
29	0.14038	0.02335	0.03020	0.07199	0.23528	0.28525	0.08433	0.01354	0.00952	0.01256	0.00683	0.00873	0.00560	0.00408	0.00429	0.00123	0.05231	0.00319	0.00210	0.00526
30	0.00534	0.00382	0.00514	0.00607	0.00648	0.00363	0.00438	0.00630	0.00822	0.01087	0.02279	0.66925	0.04108	0.01250	0.00532	0.00171	0.00267	0.17720	0.00380	0.00343
31	0.01560	0.01150	0.01232	0.00944	0.01273	0.01273	0.00780	0.81645	0.01930	0.02587	0.00986	0.00986	0.00698	0.00493	0.00411	0.00123	0.00452	0.00370	0.00411	0.00698
32	0.00765	0.00383	0.00383	0.00383	0.00478	0.00383	0.00287	0.00956	0.00861	0.01530	0.01339	0.01530	0.01052	0.00478	0.00287	0.00096	0.00191	0.00383	0.87853	0.00383
33	0.00485	0.00416	0.00416	0.00416	0.00554	0.00347	0.00312	0.00589	0.00936	0.01109	0.04158	0.03950	0.82847	0.01040	0.00485	0.00139	0.00208	0.00866	0.00381	0.00347
34	0.00500	0.00357	0.00476	0.00572	0.00595	0.00333	0.00381	0.00572	0.00786	0.01048	0.02262	0.85306	0.02715	0.01286	0.00524	0.00167	0.00238	0.01167	0.00381	0.00333
35	0.11053	0.00709	0.00915	0.00710	0.01021	0.00637	0.00586	0.01916	0.01124	0.74636	0.01508	0.01320	0.00955	0.00495	0.00396	0.00127	0.00346	0.00393	0.00481	0.00672
36	0.01097	0.85821	0.02151	0.00702	0.01054	0.01624	0.00702	0.01229	0.00834	0.00966	0.00571	0.00658	0.00527	0.00351	0.00263	0.00088	0.00439	0.00219	0.00176	0.00527
37	0.00872	0.16938	0.69057	0.01087	0.01649	0.01072	0.01373	0.01287	0.00861	0.01241	0.00707	0.00830	0.00521	0.00383	0.00368	0.00123	0.00577	0.00288	0.00174	0.00593
