[name]
unknown

[dist]
# distance from previous block
# <min> <max>
0	2

[block]
# block no. 0 follows, 72 sequences, length 146
# corresponding to MSA columns:
# 2-147
name=unknown_A
#
# <colnr> <probs for GDERKNQSTAVLIFYWHMCP>
#	G	D	E	R	K	N	Q	S	T	A	V	L	I	F	Y	W	H	M	C	P
0	0.00611	0.00437	0.00611	0.00698	0.00786	0.00437	0.00611	0.00786	0.00873	0.01135	0.02008	0.04278	0.02183	0.01048	0.00524	0.00175	0.00349	0.81753	0.00349	0.00349
1	0.01035	0.82474	0.01940	0.00666	0.00984	0.05852	0.00653	0.01155	0.00786	0.00894	0.00530	0.00612	0.00487	0.00328	0.00248	0.00082	0.00420	0.00205	0.00164	0.00484
2	0.00453	0.00384	0.00391	0.00389	0.00515	0.00322	0.00292	0.00553	0.00876	0.01051	0.08127	0.03606	0.79850	0.00951	0.00448	0.00128	0.00191	0.00794	0.00356	0.00322
3	0.01446	0.00901	0.01023	0.00793	0.01075	0.00956	0.00651	0.55427	0.01513	0.23968	0.01080	0.01071	0.00753	0.02096	0.03843	0.00139	0.00412	0.00359	0.01875	0.00620
4	0.00932	0.00898	0.01515	0.06236	0.69427	0.02087	0.05994	0.03216	0.00878	0.01237	0.00728	0.00961	0.00605	0.00424	0.03132	0.00130	0.00485	0.00345	0.00192	0.00577
5	0.00790	0.00678	0.00788	0.00567	0.00901	0.00517	0.00453	0.00982	0.02880	0.01245	0.00696	0.00802	0.00577	0.00287	0.00284	0.00058	0.00281	0.00230	0.00229	0.86756
6	0.00540	0.00395	0.00508	0.00479	0.00572	0.00367	0.00359	0.00732	0.02540	0.01502	0.79377	0.02841	0.06801	0.00778	0.00446	0.00120	0.00182	0.00686	0.00414	0.00361
7	0.88009	0.00732	0.00562	0.00501	0.00737	0.00846	0.00413	0.01126	0.00652	0.02970	0.00543	0.00626	0.00419	0.00354	0.00237	0.00117	0.00294	0.00208	0.00238	0.00414
8	0.01470	0.00990	0.01090	0.00838	0.01138	0.01072	0.00692	0.68017	0.03784	0.15459	0.01020	0.00984	0.00705	0.00459	0.00380	0.00115	0.00399	0.00350	0.00394	0.00644
9	0.00791	0.02789	0.74549	0.05635	0.01673	0.00899	0.02645	0.04538	0.00840	0.01234	0.00689	0.00818	0.00490	0.00364	0.00362	0.00120	0.00551	0.00288	0.00170	0.00555
10	0.00450	0.00384	0.00387	0.00386	0.00513	0.00321	0.00290	0.00548	0.00869	0.01035	0.05597	0.03632	0.82390	0.00956	0.00448	0.00128	0.00192	0.00798	0.00354	0.00321
11	0.01009	0.00885	0.02287	0.00831	0.01973	0.03506	0.03964	0.15454	0.56161	0.01672	0.06973	0.01374	0.01175	0.00506	0.00390	0.00124	0.00343	0.00423	0.00367	0.00582
12	0.02356	0.01092	0.04153	0.05060	0.04386	0.06023	0.00774	0.62922	0.01557	0.04176	0.00863	0.00903	0.00622	0.00445	0.00399	0.00115	0.02874	0.00332	0.00338	0.00608
13	0.00528	0.00387	0.00495	0.00471	0.00563	0.00354	0.00353	0.00697	0.01046	0.01461	0.74295	0.04031	0.11474	0.00802	0.00449	0.00121	0.00182	0.01528	0.00410	0.00353
14	0.01002	0.82816	0.05965	0.00670	0.01006	0.01471	0.00685	0.01139	0.00772	0.00907	0.00535	0.00618	0.00486	0.00326	0.00249	0.00083	0.00413	0.00207	0.00162	0.00490
15	0.00552	0.00368	0.00414	0.00414	0.00414	0.00368	0.00230	0.00552	0.00552	0.00735	0.01195	0.02482	0.01379	0.86672	0.01930	0.00368	0.00368	0.00552	0.00230	0.00230
16	0.57687	0.02286	0.05685	0.05777	0.01003	0.03682	0.00581	0.16787	0.00895	0.01721	0.00621	0.00709	0.00469	0.00375	0.00282	0.00116	0.00360	0.00245	0.00252	0.00467
17	0.00527	0.00385	0.00467	0.00453	0.00539	0.00354	0.00327	0.00651	0.00909	0.02313	0.42938	0.06990	0.24237	0.13373	0.03721	0.00177	0.00244	0.00701	0.00363	0.00330
18	0.00493	0.00351	0.00468	0.00543	0.00574	0.00338	0.00380	0.00571	0.00723	0.00964	0.01944	0.63887	0.02285	0.09247	0.04739	0.00199	0.00289	0.11364	0.00333	0.00308
19	0.01258	0.00963	0.01049	0.00881	0.03804	0.01074	0.00690	0.50755	0.30018	0.03725	0.01135	0.01093	0.00827	0.00472	0.00382	0.00119	0.00376	0.00372	0.00377	0.00628
20	0.01352	0.10945	0.01050	0.00710	0.01006	0.00839	0.00594	0.18768	0.11209	0.36269	0.01156	0.01079	0.00800	0.00430	0.00352	0.00106	0.00344	0.00337	0.00372	0.12282
21	0.01001	0.18856	0.24157	0.05486	0.10758	0.05796	0.12079	0.03503	0.00882	0.09829	0.00762	0.01675	0.00583	0.00371	0.00361	0.00111	0.01347	0.00314	0.00212	0.01919
22	0.00838	0.27264	0.58667	0.00961	0.01448	0.01067	0.02544	0.01182	0.00793	0.01109	0.00636	0.00747	0.00484	0.00349	0.00327	0.00109	0.00516	0.00260	0.00161	0.00538
23	0.00459	0.00385	0.00399	0.00395	0.00519	0.00325	0.00296	0.00565	0.00889	0.01083	0.13364	0.03553	0.74593	0.00939	0.00448	0.00127	0.00191	0.00787	0.00360	0.00325
24	0.00753	0.00704	0.01187	0.67365	0.11395	0.00836	0.03918	0.03052	0.00799	0.01043	0.00756	0.05151	0.00619	0.00414	0.00386	0.00126	0.00488	0.00377	0.00186	0.00444
25	0.02092	0.01106	0.01427	0.09057	0.39085	0.21454	0.11601	0.03023	0.00939	0.05550	0.00729	0.00908	0.00578	0.00362	0.00376	0.00112	0.00528	0.00330	0.00208	0.00535
26	0.00468	0.00338	0.00442	0.00515	0.00547	0.00313	0.00347	0.00543	0.00755	0.01007	0.08121	0.74661	0.06653	0.02719	0.00506	0.00154	0.00218	0.01026	0.00355	0.00311
27	0.01442	0.01062	0.01138	0.00873	0.01176	0.01176	0.00721	0.83041	0.01783	0.02390	0.00911	0.00911	0.00645	0.00455	0.00379	0.00114	0.00417	0.00341	0.00379	0.00645
28	0.01337	0.00579	0.00773	0.00621	0.00852	0.00515	0.00502	0.03381	0.01923	0.56836	0.26359	0.01748	0.01729	0.00562	0.00401	0.00118	0.00281	0.00473	0.00451	0.00558
29	0.00910	0.00857	0.01426	0.03169	0.72503	0.00865	0.01091	0.01172	0.04884	0.01244	0.00858	0.01232	0.00754	0.00404	0.00388	0.00119	0.00436	0.06901	0.00210	0.00578
30	0.00891	0.01015	0.02212	0.03573	0.01997	0.00956	0.81008	0.01209	0.00892	0.01209	0.00765	0.01023	0.00574	0.00321	0.00446	0.00128	0.00636	0.00445	0.00191	0.00509
31	0.00458	0.00385	0.00398	0.00394	0.00518	0.00324	0.00296	0.00563	0.00887	0.01079	0.12670	0.03560	0.75290	0.00940	0.00448	0.00127	0.00191	0.00788	0.00359	0.00324
32	0.00956	0.00848	0.00851	0.00763	0.00970	0.05822	0.00592	0.04806	0.69267	0.01566	0.07123	0.01476	0.02215	0.00528	0.00388	0.00126	0.00317	0.00437	0.00376	0.00573
33	0.01396	0.01748	0.01080	0.00974	0.01166	0.79393	0.00736	0.04139	0.01080	0.00975	0.00594	0.00697	0.00494	0.00403	0.00376	0.00101	0.03753	0.00251	0.00200	0.00445
34	0.00786	0.00674	0.00786	0.00562	0.00899	0.00506	0.00449	0.00955	0.00786	0.01236	0.00674	0.00786	0.00562	0.00281	0.00281	0.00056	0.00281	0.00225	0.00225	0.88990
35	0.00859	0.00808	0.03118	0.00849	0.01082	0.00849	0.12999	0.01654	0.56173	0.01458	0.05826	0.01647	0.09892	0.00541	0.00404	0.00128	0.00340	0.00480	0.00349	0.00544
36	0.00570	0.00422	0.00535	0.00501	0.00601	0.00405	0.00377	0.00821	0.07764	0.01526	0.77414	0.02718	0.03382	0.00754	0.00442	0.00120	0.00189	0.00665	0.00415	0.00377
37	0.00517	0.00353	0.00424	0.00458	0.00466	0.00345	0.00277	0.00543	0.00619	0.00825	0.01539	0.34712	0.01813	0.53850	0.01375	0.00286	0.00311	0.00754	0.00277	0.00260
38	0.01014	0.86900	0.01987	0.00649	0.00973	0.01501	0.00649	0.01136	0.00771	0.00892	0.00527	0.00608	0.00487	0.00324	0.00243	0.00081	0.00406	0.00203	0.00162	0.00487
39	0.01404	0.01608	0.01071	0.00946	0.01153	0.66368	0.00723	0.11342	0.02950	0.05182	0.00688	0.00761	0.00544	0.00414	0.00379	0.00103	0.03383	0.00269	0.00234	0.00477
40	0.00462	0.00330	0.00440	0.00528	0.00550	0.00308	0.00352	0.00528	0.00726	0.00968	0.02090	0.86424	0.02508	0.01188	0.00484	0.00154	0.00220	0.01078	0.00352	0.00308
41	0.86483	0.03530	0.00604	0.00504	0.00741	0.00872	0.00418	0.01116	0.00649	0.01675	0.00528	0.00616	0.00413	0.00351	0.00235	0.00116	0.00297	0.00205	0.00232	0.00413
42	0.00858	0.00877	0.01157	0.00995	0.01004	0.05243	0.00825	0.00942	0.00605	0.00913	0.00502	0.00823	0.00497	0.00651	0.01201	0.00163	0.81833	0.00328	0.00167	0.00416
43	0.00805	0.00678	0.00790	0.00570	0.00903	0.00521	0.00456	0.01003	0.03549	0.02432	0.00715	0.00815	0.00587	0.00291	0.00286	0.00059	0.00282	0.00234	0.00234	0.84791
44	0.00468	0.00385	0.00411	0.00405	0.00524	0.00329	0.00304	0.00582	0.00911	0.01135	0.21638	0.03469	0.66287	0.00919	0.00448	0.00126	0.00189	0.00775	0.00367	0.00329
45	0.02813	0.01128	0.01093	0.03618	0.01196	0.19421	0.03307	0.41579	0.05528	0.13743	0.00933	0.00941	0.00667	0.00435	0.00370	0.00112	0.00462	0.00329	0.00335	0.01990
46	0.73355	0.00895	0.00654	0.00581	0.00813	0.12364	0.00469	0.04898	0.00756	0.01627	0.00553	0.00639	0.00432	0.00362	0.00256	0.00115	0.00352	0.00217	0.00236	0.00425
47	0.89350	0.00733	0.00557	0.00499	0.00733	0.00851	0.00411	0.01115	0.00645	0.01702	0.00528	0.00616	0.00411	0.00352	0.00235	0.00117	0.00293	0.00205	0.00235	0.00411
48	0.00462	0.00330	0.00440	0.00528	0.00550	0.00308	0.00352	0.00528	0.00726	0.00968	0.02090	0.86424	0.02508	0.01188	0.00484	0.00154	0.00220	0.01078	0.00352	0.00308
49	0.00542	0.00406	0.00610	0.00610	0.00677	0.00474	0.00474	0.00677	0.00610	0.00880	0.01016	0.01490	0.00948	0.02844	0.85169	0.00610	0.01016	0.00406	0.00203	0.00339
50	0.01014	0.86900	0.01987	0.00649	0.00973	0.01501	0.00649	0.01136	0.00771	0.00892	0.00527	0.00608	0.00487	0.00324	0.00243	0.00081	0.00406	0.00203	0.00162	0.00487
51	0.00524	0.00363	0.00477	0.00535	0.00587	0.00329	0.00365	0.00599	0.00742	0.03699	0.01976	0.77938	0.02327	0.01104	0.00467	0.00146	0.00227	0.00999	0.00347	0.06246
52	0.01574	0.00804	0.01003	0.00824	0.05090	0.00791	0.00644	0.30243	0.01319	0.51747	0.01253	0.01141	0.00819	0.00458	0.00380	0.00116	0.00362	0.00365	0.00424	0.00643
53	0.00462	0.00330	0.00440	0.00528	0.00550	0.00308	0.00352	0.00528	0.00726	0.00968	0.02090	0.86424	0.02508	0.01188	0.00484	0.00154	0.00220	0.01078	0.00352	0.00308
54	0.89350	0.00733	0.00557	0.00499	0.00733	0.00851	0.00411	0.01115	0.00645	0.01702	0.00528	0.00616	0.00411	0.00352	0.00235	0.00117	0.00293	0.00205	0.00235	0.00411
55	0.02857	0.00652	0.00879	0.00675	0.00968	0.00569	0.00558	0.02870	0.01089	0.82428	0.01476	0.01277	0.00928	0.00468	0.00379	0.00117	0.00324	0.00379	0.00465	0.00642
56	0.00551	0.00370	0.00424	0.00423	0.00429	0.00371	0.00243	0.00562	0.00573	0.00770	0.04319	0.02459	0.01446	0.80404	0.04878	0.00367	0.00384	0.00551	0.00236	0.00239
57	0.03367	0.03467	0.00500	0.00531	0.00571	0.00369	0.00365	0.00569	0.00725	0.00989	0.01983	0.80542	0.02367	0.01130	0.00467	0.00150	0.00229	0.01018	0.00341	0.00318
58	0.00774	0.00733	0.01242	0.63995	0.23924	0.00858	0.01082	0.01020	0.00786	0.01039	0.00684	0.00992	0.00530	0.00368	0.00378	0.00123	0.00491	0.00337	0.00174	0.00468
59	0.01377	0.01735	0.01070	0.00970	0.01159	0.78940	0.00732	0.01510	0.04035	0.00951	0.00617	0.00716	0.00513	0.00406	0.00378	0.00101	0.03890	0.00254	0.00201	0.00445
60	0.00548	0.00444	0.00530	0.00565	0.00631	0.04461	0.01500	0.00639	0.00785	0.01044	0.09566	0.65638	0.02335	0.01030	0.00459	0.00141	0.00251	0.02227	0.00339	0.06871
61	0.00707	0.00353	0.00353	0.00353	0.00442	0.00353	0.00265	0.00884	0.00795	0.01414	0.01237	0.01414	0.00972	0.00442	0.00265	0.00088	0.00177	0.00353	0.88777	0.00353
62	0.08227	0.00777	0.00898	0.00724	0.00992	0.00801	0.00588	0.19216	0.20900	0.39423	0.01316	0.02518	0.00912	0.00479	0.00372	0.00120	0.00334	0.00381	0.00410	0.00611
63	0.00957	0.00821	0.00865	0.00775	0.00991	0.00950	0.00604	0.04203	0.81411	0.01608	0.01527	0.01401	0.01144	0.00513	0.00386	0.00128	0.00303	0.00426	0.00386	0.00601
64	0.00707	0.00353	0.00353	0.00353	0.00442	0.00353	0.00265	0.00884	0.00795	0.01414	0.01237	0.01414	0.00972	0.00442	0.00265	0.00088	0.00177	0.00353	0.88777	0.00353
65	0.78533	0.00781	0.00625	0.06818	0.00893	0.04946	0.00474	0.01123	0.00675	0.01610	0.00542	0.00649	0.00422	0.00356	0.00251	0.00117	0.00328	0.00217	0.00228	0.00413
66	0.00469	0.00342	0.00470	0.00546	0.00574	0.00319	0.01737	0.00540	0.00729	0.00972	0.02068	0.84992	0.02476	0.01174	0.00483	0.00154	0.00227	0.01068	0.00349	0.00311
67	0.01032	0.83138	0.01948	0.00661	0.00982	0.03654	0.00652	0.02639	0.00797	0.00921	0.00536	0.00616	0.00490	0.00329	0.00248	0.00082	0.00413	0.00206	0.00167	0.00488
68	0.00874	0.20931	0.59114	0.00972	0.01452	0.05125	0.01176	0.04155	0.00843	0.01162	0.00650	0.00756	0.00488	0.00357	0.00334	0.00110	0.00527	0.00263	0.00170	0.00541
69	0.00898	0.00891	0.01359	0.26771	0.51095	0.07115	0.01078	0.01117	0.00843	0.01127	0.00746	0.00989	0.02086	0.00371	0.00390	0.00117	0.01956	0.00339	0.00185	0.00528
70	0.00655	0.00457	0.00528	0.00495	0.00538	0.00481	0.00321	0.09975	0.00704	0.00950	0.02021	0.02180	0.01262	0.65961	0.10505	0.00359	0.01560	0.00511	0.00245	0.00292
71	0.00707	0.00353	0.00353	0.00353	0.00442	0.00353	0.00265	0.00884	0.00795	0.01414	0.01237	0.01414	0.00972	0.00442	0.00265	0.00088	0.00177	0.00353	0.88777	0.00353
72	0.00808	0.00698	0.00864	0.00626	0.00958	0.00548	0.04470	0.03617	0.00826	0.01270	0.00720	0.00890	0.00606	0.00308	0.00298	0.00065	0.00304	0.02300	0.00231	0.79595
73	0.89350	0.00733	0.00557	0.00499	0.00733	0.00851	0.00411	0.01115	0.00645	0.01702	0.00528	0.00616	0.00411	0.00352	0.00235	0.00117	0.00293	0.00205	0.00235	0.00411
74	0.00830	0.00830	0.01162	0.00996	0.00996	0.01162	0.00830	0.00913	0.00581	0.00913	0.00498	0.00830	0.00498	0.00664	0.01245	0.00166	0.85977	0.00332	0.00166	0.00415
75	0.00814	0.00846	0.01685	0.01256	0.01557	0.00794	0.55065	0.04144	0.00906	0.01222	0.02140	0.09494	0.06058	0.00511	0.00447	0.00130	0.00517	0.07403	0.00241	0.04769
76	0.89350	0.00733	0.00557	0.00499	0.00733	0.00851	0.00411	0.01115	0.00645	0.01702	0.00528	0.00616	0.00411	0.00352	0.00235	0.00117	0.00293	0.00205	0.00235	0.00411
77	0.00830	0.00830	0.01162	0.00996	0.00996	0.01162	0.00830	0.00913	0.00581	0.00913	0.00498	0.00830	0.00498	0.00664	0.01245	0.00166	0.85977	0.00332	0.00166	0.00415
78	0.00448	0.00384	0.00384	0.00384	0.00512	0.00320	0.00288	0.00544	0.00864	0.01025	0.03842	0.03650	0.84152	0.00960	0.00448	0.00128	0.00192	0.00800	0.00352	0.00320
79	0.00782	0.09248	0.77610	0.01044	0.01584	0.00934	0.01337	0.01195	0.00798	0.01175	0.00667	0.00784	0.00481	0.00357	0.00350	0.00117	0.00547	0.00274	0.00160	0.00554
80	0.00462	0.00330	0.00440	0.00528	0.00550	0.00308	0.00352	0.00528	0.00726	0.00968	0.02090	0.86424	0.02508	0.01188	0.00484	0.00154	0.00220	0.01078	0.00352	0.00308
81	0.00786	0.00674	0.00786	0.00562	0.00899	0.00506	0.00449	0.00955	0.00786	0.01236	0.00674	0.00786	0.00562	0.00281	0.00281	0.00056	0.00281	0.00225	0.00225	0.88990
82	0.00537	0.00406	0.00499	0.00479	0.00582	0.00376	0.00365	0.00732	0.04166	0.01399	0.59962	0.03022	0.20491	0.00818	0.00449	0.00124	0.00195	0.04639	0.00399	0.00359
83	0.00843	0.00672	0.00792	0.00569	0.00903	0.00509	0.00456	0.01011	0.00805	0.06429	0.00725	0.00818	0.00585	0.00293	0.00287	0.00060	0.00283	0.00234	0.00240	0.83485
84	0.00593	0.00374	0.00452	0.00436	0.00523	0.00354	0.00326	0.00766	0.00965	0.01463	0.52455	0.05500	0.02640	0.00676	0.00386	0.00110	0.00180	0.00586	0.30861	0.00354
85	0.00542	0.00406	0.00610	0.00610	0.00677	0.00474	0.00474	0.00677	0.00610	0.00880	0.01016	0.01490	0.00948	0.02844	0.85169	0.00610	0.01016	0.00406	0.00203	0.00339
86	0.01418	0.01768	0.01078	0.00971	0.01173	0.80657	0.00732	0.05876	0.01113	0.01006	0.00604	0.00696	0.00497	0.00394	0.00344	0.00099	0.00670	0.00249	0.00205	0.00451
87	0.00786	0.00674	0.00786	0.00562	0.00899	0.00506	0.00449	0.00955	0.00786	0.01236	0.00674	0.00786	0.00562	0.00281	0.00281	0.00056	0.00281	0.00225	0.00225	0.88990
88	0.00481	0.00345	0.00461	0.00547	0.00580	0.00325	0.00384	0.00562	0.00749	0.00991	0.02125	0.73575	0.04573	0.01164	0.00488	0.00156	0.00236	0.11592	0.00352	0.00314
89	0.00552	0.00368	0.00414	0.00414	0.00414	0.00368	0.00230	0.00552	0.00552	0.00735	0.01195	0.02482	0.01379	0.86672	0.01930	0.00368	0.00368	0.00552	0.00230	0.00230
90	0.00545	0.00366	0.00415	0.00420	0.00423	0.00363	0.00238	0.00550	0.00567	0.00754	0.01294	0.07355	0.02923	0.80199	0.01820	0.00351	0.00356	0.00586	0.00239	0.00236
91	0.03610	0.01505	0.01035	0.00900	0.01128	0.57223	0.00690	0.15039	0.05166	0.01251	0.00693	0.00765	0.00552	0.00397	0.00342	0.00099	0.00574	0.00267	0.00239	0.08526
92	0.00902	0.01019	0.02194	0.01572	0.01945	0.00968	0.79595	0.02460	0.00901	0.01225	0.00763	0.01016	0.00575	0.00330	0.00467	0.00129	0.02793	0.00443	0.00194	0.00511
93	0.00506	0.00362	0.00491	0.00576	0.00619	0.00346	0.00427	0.00606	0.00775	0.01026	0.03483	0.61221	0.02433	0.01140	0.00495	0.00159	0.00257	0.24406	0.00352	0.00321
94	0.00554	0.00394	0.00562	0.00562	0.00615	0.00445	0.00418	0.00653	0.00599	0.00861	0.01037	0.01644	0.01010	0.17337	0.63979	0.04845	0.00844	0.00426	0.02904	0.00312
95	0.00502	0.00421	0.00498	0.00473	0.00601	0.00370	0.03666	0.02397	0.00896	0.01112	0.11995	0.10882	0.61504	0.00926	0.00451	0.00130	0.00219	0.02265	0.00353	0.00338
96	0.00530	0.00374	0.00491	0.00508	0.00537	0.00395	0.00344	0.00593	0.00608	0.00835	0.01310	0.19026	0.01449	0.38811	0.32068	0.00413	0.00575	0.00605	0.00245	0.00285
97	0.00461	0.00333	0.00437	0.00519	0.00548	0.00309	0.00348	0.00529	0.00735	0.00972	0.02199	0.81301	0.07562	0.01174	0.00482	0.00152	0.00218	0.01061	0.00352	0.00309
98	0.00716	0.00674	0.01138	0.85760	0.02612	0.00843	0.01053	0.00969	0.00758	0.00969	0.00674	0.01011	0.00506	0.00379	0.00379	0.00126	0.00506	0.00337	0.00169	0.00421
99	0.03682	0.00977	0.01065	0.00832	0.01121	0.01068	0.00687	0.66322	0.04997	0.10341	0.01028	0.01097	0.00751	0.00480	0.00382	0.00117	0.00397	0.03645	0.00384	0.00625
100	0.01403	0.00900	0.01013	0.00800	0.01080	0.00962	0.00657	0.49867	0.11285	0.21835	0.01171	0.01195	0.00838	0.00488	0.00385	0.00118	0.00375	0.03435	0.01567	0.00625
101	0.00707	0.00353	0.00353	0.00353	0.00442	0.00353	0.00265	0.00884	0.00795	0.01414	0.01237	0.01414	0.00972	0.00442	0.00265	0.00088	0.00177	0.00353	0.88777	0.00353
102	0.00487	0.00361	0.00489	0.04667	0.00657	0.00351	0.00392	0.00574	0.00764	0.01025	0.10302	0.70564	0.04599	0.01094	0.00485	0.00149	0.01390	0.00985	0.00347	0.00320
103	0.00544	0.00397	0.00561	0.00561	0.00612	0.00448	0.00414	0.00646	0.00595	0.00844	0.01060	0.01736	0.01055	0.23611	0.64548	0.00550	0.00855	0.00442	0.00210	0.00312
104	0.00707	0.00353	0.00353	0.00353	0.00442	0.00353	0.00265	0.00884	0.00795	0.01414	0.01237	0.01414	0.00972	0.00442	0.00265	0.00088	0.00177	0.00353	0.88777	0.00353
105	0.05160	0.00857	0.01099	0.00947	0.00980	0.05201	0.00783	0.03059	0.00641	0.00988	0.00541	0.00849	0.00520	0.00744	0.05507	0.00182	0.71020	0.00326	0.00178	0.00418
106	0.02520	0.00868	0.01235	0.15041	0.07126	0.03590	0.06002	0.07876	0.00766	0.01103	0.00596	0.00878	0.00522	0.00541	0.00874	0.00146	0.49334	0.00336	0.00190	0.00455
107	0.00543	0.00364	0.00416	0.00424	0.00426	0.00362	0.00241	0.00549	0.00567	0.00756	0.01276	0.10066	0.01481	0.78948	0.01800	0.00348	0.00354	0.00599	0.00241	0.00237
108	0.00795	0.00755	0.01280	0.56187	0.31569	0.00863	0.01092	0.01038	0.00796	0.01065	0.00688	0.00985	0.00539	0.00365	0.00378	0.00122	0.00486	0.00337	0.00175	0.00485
109	0.00498	0.00361	0.00470	0.00545	0.00581	0.00349	0.00375	0.00620	0.04757	0.01007	0.02018	0.74874	0.02365	0.02256	0.02044	0.00164	0.00246	0.04628	0.01519	0.00324
110	0.04280	0.01050	0.01280	0.12813	0.39623	0.17322	0.00956	0.11044	0.00996	0.04437	0.00726	0.00895	0.00576	0.00379	0.00381	0.00113	0.02049	0.00317	0.00222	0.00542
111	0.03039	0.02092	0.06080	0.02217	0.09098	0.04317	0.06789	0.27323	0.02101	0.19929	0.00991	0.01127	0.00738	0.00530	0.02590	0.01226	0.05504	0.03421	0.00317	0.00569
112	0.01704	0.03371	0.00686	0.00598	0.00747	0.03591	0.00456	0.11424	0.03143	0.12062	0.09354	0.32879	0.12353	0.00816	0.00424	0.00129	0.00281	0.01853	0.00360	0.03769
113	0.00793	0.05363	0.75937	0.01031	0.01558	0.00879	0.01310	0.01203	0.00817	0.03818	0.03408	0.00874	0.00596	0.00376	0.00359	0.00118	0.00534	0.00293	0.00178	0.00554
114	0.00598	0.00447	0.00550	0.00510	0.00620	0.00435	0.00387	0.03068	0.09149	0.01522	0.68468	0.02674	0.07735	0.00748	0.00438	0.00120	0.00198	0.00654	0.01291	0.00387
115	0.00855	0.02237	0.01161	0.00983	0.00998	0.05049	0.00816	0.00940	0.00607	0.00913	0.00511	0.00831	0.00505	0.00683	0.02636	0.00169	0.79195	0.00327	0.00168	0.00416
116	0.00764	0.00654	0.01027	0.43998	0.16797	0.02352	0.00869	0.00957	0.00788	0.05462	0.01036	0.18956	0.00992	0.03175	0.00447	0.00136	0.00425	0.00500	0.00229	0.00437
117	0.00551	0.00403	0.00527	0.00521	0.00559	0.00441	0.00364	0.00620	0.00597	0.00824	0.01246	0.02047	0.06044	0.40945	0.39113	0.00455	0.03737	0.00493	0.00223	0.00291
118	0.01244	0.00962	0.18245	0.00931	0.06324	0.00705	0.06839	0.05003	0.04577	0.40882	0.01252	0.01276	0.02956	0.00570	0.04506	0.00144	0.00437	0.02222	0.00342	0.00583
119	0.00708	0.00384	0.00425	0.00413	0.00508	0.00384	0.02098	0.02692	0.00817	0.01393	0.01299	0.07406	0.01095	0.00507	0.00294	0.00097	0.00200	0.02522	0.76398	0.00360
120	0.00951	0.00897	0.01529	0.02301	0.82964	0.00896	0.01154	0.01175	0.00867	0.02581	0.00726	0.00944	0.00606	0.00340	0.00376	0.00113	0.00448	0.00339	0.00192	0.00601
121	0.00462	0.00330	0.00440	0.00528	0.00550	0.00308	0.00352	0.00528	0.00726	0.00968	0.02090	0.86424	0.02508	0.01188	0.00484	0.00154	0.00220	0.01078	0.00352	0.00308
122	0.00808	0.00824	0.04486	0.46696	0.31095	0.00880	0.04934	0.01056	0.00798	0.01082	0.00687	0.00973	0.00541	0.00370	0.00408	0.00123	0.03232	0.00340	0.00176	0.00493
123	0.00462	0.00330	0.00440	0.00528	0.00550	0.00308	0.00352	0.00528	0.00726	0.00968	0.02090	0.86424	0.02508	0.01188	0.00484	0.00154	0.00220	0.01078	0.00352	0.00308
124	0.00459	0.00351	0.00423	0.00477	0.00537	0.00314	0.00330	0.00539	0.00784	0.01003	0.05027	0.55220	0.30977	0.01097	0.00471	0.00144	0.00209	0.00970	0.00354	0.00314
125	0.00926	0.01009	0.02187	0.01564	0.01944	0.00944	0.79819	0.01239	0.00902	0.04362	0.00795	0.01033	0.00589	0.00325	0.00445	0.00127	0.00627	0.00445	0.00202	0.00517
126	0.00561	0.00434	0.00644	0.00633	0.00696	0.00519	0.00495	0.00692	0.00607	0.00881	0.00983	0.01457	0.00923	0.03683	0.78536	0.00577	0.06732	0.00403	0.00201	0.00342
127	0.85156	0.00744	0.00582	0.00514	0.00752	0.00859	0.00424	0.04080	0.00692	0.02693	0.00553	0.00635	0.00425	0.00357	0.00242	0.00117	0.00298	0.00212	0.00243	0.00422
128	0.00462	0.00330	0.00440	0.00528	0.00550	0.00308	0.00352	0.00528	0.00726	0.00968	0.02090	0.86424	0.02508	0.01188	0.00484	0.00154	0.00220	0.01078	0.00352	0.00308
129	0.00483	0.00379	0.00440	0.00471	0.00556	0.00343	0.00340	0.00609	0.03516	0.01070	0.10520	0.35947	0.39454	0.01021	0.00462	0.00139	0.00210	0.03352	0.00359	0.00329
130	0.05027	0.26932	0.02671	0.00692	0.05627	0.00791	0.00527	0.02781	0.03755	0.01048	0.01347	0.41087	0.01502	0.04003	0.00438	0.00133	0.00314	0.00648	0.00272	0.00405
131	0.00820	0.06432	0.76217	0.01038	0.01573	0.00898	0.01320	0.01229	0.00813	0.05235	0.00712	0.00814	0.00503	0.00364	0.00355	0.00118	0.00541	0.00281	0.00175	0.00561
132	0.01175	0.00596	0.00713	0.03284	0.00838	0.00590	0.00482	0.15541	0.02155	0.30859	0.02650	0.04285	0.01876	0.00490	0.00344	0.00108	0.00284	0.00397	0.32822	0.00511
133	0.03706	0.00787	0.11448	0.00753	0.00957	0.03134	0.05020	0.07299	0.03939	0.10004	0.07999	0.03850	0.03693	0.01379	0.31452	0.00301	0.03130	0.00427	0.00272	0.00449
134	0.00830	0.05659	0.45154	0.02353	0.11674	0.00894	0.13394	0.05116	0.00868	0.01236	0.00814	0.04210	0.00672	0.00416	0.00382	0.00121	0.00518	0.04052	0.00196	0.01441
135	0.00467	0.00350	0.00428	0.00481	0.00536	0.00317	0.00330	0.00546	0.00780	0.01011	0.07976	0.55146	0.24813	0.04304	0.00526	0.00153	0.00215	0.00957	0.00352	0.00312
136	0.00964	0.70131	0.18318	0.00734	0.01105	0.01378	0.00797	0.01149	0.00777	0.00953	0.00558	0.00646	0.00485	0.00332	0.00266	0.00089	0.00436	0.00218	0.00162	0.00501
137	0.03838	0.09727	0.17566	0.06370	0.02860	0.38395	0.04517	0.05550	0.02857	0.02948	0.01626	0.00804	0.00560	0.00385	0.00346	0.00107	0.00568	0.00280	0.00207	0.00490
138	0.00496	0.00384	0.00450	0.00478	0.00569	0.00346	0.00363	0.00605	0.00846	0.01071	0.11609	0.17747	0.41689	0.05988	0.00555	0.00154	0.00235	0.15741	0.00351	0.00322
139	0.00879	0.00756	0.01030	0.18333	0.09777	0.02441	0.05059	0.11891	0.18505	0.02296	0.02971	0.06143	0.01991	0.02926	0.04027	0.00156	0.03288	0.06756	0.00284	0.00491
140	0.03082	0.00509	0.00613	0.00549	0.00704	0.00480	0.00425	0.07328	0.03539	0.14213	0.30691	0.12229	0.16122	0.00749	0.00423	0.00123	0.00243	0.03017	0.00387	0.04573
141	0.28306	0.11407	0.05108	0.02310	0.13954	0.05644	0.01627	0.11496	0.00908	0.08963	0.00740	0.00882	0.00587	0.04573	0.00406	0.00124	0.01926	0.00288	0.00249	0.00502
142	0.27398	0.18115	0.04141	0.00739	0.01006	0.05389	0.05883	0.10392	0.13210	0.02785	0.00890	0.02148	0.01637	0.00436	0.00321	0.00115	0.00384	0.04257	0.00263	0.00492
143	0.10167	0.03063	0.04388	0.00912	0.12452	0.05649	0.01961	0.08685	0.03630	0.14284	0.05238	0.20123	0.01297	0.01764	0.00413	0.00129	0.00356	0.04690	0.00315	0.00482
144	0.03049	0.11798	0.13642	0.00861	0.03627	0.05171	0.07290	0.18445	0.03622	0.05316	0.09007	0.07153	0.07417	0.00552	0.01286	0.00121	0.00412	0.00439	0.00288	0.00505
145	0.03006	0.20073	0.17685	0.01873	0.01126	0.07802	0.01787	0.14476	0.03521	0.07423	0.00953	0.05986	0.02172	0.02464	0.01529	0.00125	0.02800	0.03238	0.00255	0.01706

[dist]
# distance from previous block
# <min> <max>
5	31

[block]
# block no. 1 follows, 72 sequences, length 34
# corresponding to MSA columns:
# 179-212
name=unknown_B
#
# <colnr> <probs for GDERKNQSTAVLIFYWHMCP>
#	G	D	E	R	K	N	Q	S	T	A	V	L	I	F	Y	W	H	M	C	P
0	0.03090	0.05362	0.12955	0.01231	0.23650	0.08258	0.00880	0.14533	0.04190	0.08101	0.04184	0.02329	0.00848	0.00454	0.00386	0.00116	0.01768	0.04857	0.00266	0.02542
1	0.08453	0.18079	0.02271	0.03101	0.12877	0.07956	0.02944	0.12615	0.06284	0.08035	0.00928	0.03712	0.03206	0.00426	0.00348	0.00107	0.01494	0.00334	0.00261	0.06568
2	0.06469	0.02020	0.04815	0.00735	0.03892	0.00601	0.07285	0.03912	0.02100	0.12447	0.17480	0.10335	0.13873	0.03762	0.00506	0.00134	0.04561	0.02161	0.00326	0.02584
3	0.03568	0.28986	0.04446	0.03933	0.03802	0.11001	0.00717	0.23288	0.04441	0.08431	0.00803	0.00883	0.00625	0.00403	0.00327	0.00103	0.00435	0.01591	0.00266	0.01950
4	0.02806	0.04461	0.16851	0.00809	0.01119	0.04181	0.03590	0.15287	0.04273	0.19482	0.04085	0.01111	0.00814	0.05212	0.00485	0.00125	0.04174	0.00345	0.00299	0.10494
5	0.06168	0.06623	0.04434	0.05032	0.18633	0.03825	0.11688	0.08137	0.03722	0.17674	0.02240	0.04155	0.00781	0.00510	0.03296	0.00134	0.01756	0.00377	0.00275	0.00541
6	0.04026	0.05220	0.06392	0.00701	0.00903	0.09755	0.00585	0.11461	0.05725	0.16073	0.05898	0.19123	0.02697	0.03033	0.02930	0.01016	0.00382	0.03276	0.00329	0.00472
7	0.00800	0.09143	0.11194	0.05224	0.13647	0.03870	0.03703	0.03517	0.03519	0.05317	0.05284	0.22707	0.07911	0.01942	0.00423	0.00128	0.00373	0.00566	0.00274	0.00457
8	0.05928	0.03629	0.03316	0.21414	0.27151	0.03543	0.07303	0.05348	0.03747	0.12783	0.00848	0.01022	0.00641	0.00387	0.00371	0.00118	0.00453	0.01219	0.00242	0.00537
9	0.00886	0.12326	0.42285	0.04101	0.07379	0.00892	0.03836	0.04634	0.00861	0.07177	0.00855	0.05615	0.01800	0.00415	0.00356	0.00113	0.00471	0.00340	0.00212	0.05445
10	0.00477	0.00343	0.00447	0.00522	0.00559	0.00319	0.00361	0.00558	0.00763	0.01016	0.06290	0.70187	0.08638	0.01131	0.00478	0.00150	0.00222	0.05502	0.01721	0.00314
11	0.00718	0.00671	0.02217	0.19053	0.29467	0.00675	0.03499	0.00915	0.00840	0.01112	0.01621	0.04022	0.18614	0.00618	0.00422	0.00131	0.00392	0.14314	0.00250	0.00451
12	0.02371	0.05548	0.25409	0.07841	0.03327	0.06014	0.13370	0.05359	0.01750	0.07418	0.05429	0.03295	0.05226	0.00472	0.00414	0.00122	0.03223	0.02670	0.00240	0.00500
13	0.00856	0.00757	0.01256	0.34140	0.40691	0.00817	0.01017	0.01094	0.02294	0.05257	0.03839	0.04727	0.00781	0.00416	0.00385	0.00120	0.00443	0.00386	0.00213	0.00513
14	0.00714	0.00675	0.01153	0.79821	0.02519	0.00829	0.03984	0.00963	0.00762	0.00978	0.00726	0.03920	0.00576	0.00405	0.00385	0.00127	0.00501	0.00366	0.00176	0.00421
15	0.00996	0.03513	0.35423	0.07707	0.07181	0.16849	0.06342	0.06214	0.04796	0.04908	0.02096	0.00904	0.00610	0.00387	0.00367	0.00115	0.00536	0.00312	0.00213	0.00532
16	0.00889	0.05152	0.40140	0.02546	0.10637	0.00784	0.02667	0.01217	0.04554	0.12700	0.02971	0.10940	0.00912	0.01725	0.00402	0.00125	0.00446	0.00415	0.00246	0.00533
17	0.00550	0.00374	0.00448	0.00448	0.00460	0.00386	0.00272	0.00573	0.00562	0.00761	0.01164	0.02309	0.01304	0.72052	0.16448	0.00410	0.00481	0.00526	0.00225	0.00249
18	0.00586	0.00418	0.00535	0.00498	0.00599	0.00395	0.00376	0.00815	0.05721	0.03417	0.77575	0.02718	0.03382	0.00754	0.00442	0.00120	0.00189	0.00664	0.00417	0.00378
19	0.00980	0.30383	0.26689	0.01102	0.14464	0.09297	0.01959	0.06810	0.00894	0.01153	0.00674	0.02741	0.00562	0.00373	0.00327	0.00104	0.00486	0.00284	0.00189	0.00530
20	0.00867	0.04032	0.07297	0.00895	0.07938	0.09738	0.03933	0.09504	0.16167	0.01320	0.06613	0.15886	0.07050	0.00653	0.00410	0.00127	0.00378	0.06411	0.00307	0.00475
21	0.01388	0.00718	0.02947	0.00715	0.02208	0.00668	0.02142	0.14449	0.06769	0.47163	0.03499	0.01275	0.00958	0.00467	0.00367	0.00114	0.00326	0.00381	0.12859	0.00588
22	0.00455	0.00384	0.00393	0.00391	0.00516	0.00323	0.00293	0.00557	0.00880	0.01061	0.09740	0.03590	0.78231	0.00947	0.00448	0.00127	0.00191	0.00792	0.00357	0.00323
23	0.04762	0.00747	0.04119	0.00754	0.03670	0.02580	0.00617	0.05100	0.02243	0.66309	0.01377	0.01310	0.00914	0.00475	0.00379	0.00119	0.00348	0.03136	0.00425	0.00617
24	0.01050	0.02658	0.04337	0.05931	0.43823	0.02846	0.03463	0.07669	0.11490	0.10459	0.01974	0.01048	0.00735	0.00393	0.00377	0.00116	0.00428	0.00355	0.00259	0.00587
25	0.01702	0.00645	0.00880	0.00675	0.00968	0.00557	0.00557	0.01848	0.01085	0.84568	0.01496	0.01291	0.00939	0.00469	0.00381	0.00117	0.00323	0.00381	0.00469	0.00645
26	0.00507	0.00400	0.00489	0.00562	0.03631	0.00374	0.00380	0.00648	0.05379	0.01034	0.02596	0.46679	0.30272	0.02051	0.00481	0.00145	0.00229	0.03456	0.00346	0.00339
27	0.01327	0.00997	0.04248	0.02886	0.19203	0.01017	0.00827	0.49950	0.01435	0.12901	0.00932	0.00965	0.00665	0.00427	0.00378	0.00115	0.00419	0.00344	0.00337	0.00628
28	0.04131	0.14128	0.47114	0.00908	0.01327	0.05413	0.01038	0.09510	0.03146	0.01316	0.06501	0.00938	0.00737	0.00400	0.00345	0.00112	0.00480	0.00304	0.01621	0.00530
29	0.82239	0.05540	0.00650	0.00519	0.00758	0.03007	0.00432	0.01126	0.00663	0.01637	0.00529	0.00617	0.00417	0.00351	0.00238	0.00115	0.00309	0.00206	0.00230	0.00416
30	0.00791	0.00755	0.04062	0.54939	0.10982	0.00816	0.04803	0.01083	0.05182	0.03770	0.03766	0.01080	0.00681	0.00390	0.00379	0.00120	0.00467	0.00353	0.00205	0.05377
31	0.01003	0.05563	0.00914	0.00744	0.00966	0.00920	0.00590	0.06899	0.62256	0.07455	0.07297	0.01431	0.01245	0.00516	0.00382	0.00124	0.00306	0.00426	0.00381	0.00583
32	0.01117	0.03852	0.01026	0.00817	0.01054	0.03095	0.00661	0.30955	0.36684	0.01753	0.01109	0.01096	0.00837	0.00483	0.00450	0.00120	0.08241	0.00364	0.00341	0.05945
33	0.00874	0.03455	0.29896	0.01119	0.12112	0.00867	0.05712	0.02738	0.05407	0.06478	0.01934	0.02109	0.01605	0.00532	0.03899	0.00140	0.12966	0.00341	0.00218	0.07598

[dist]
# distance from previous block
# <min> <max>
0	4

[block]
# block no. 2 follows, 72 sequences, length 66
# corresponding to MSA columns:
# 217-282
name=unknown_C
#
# <colnr> <probs for GDERKNQSTAVLIFYWHMCP>
#	G	D	E	R	K	N	Q	S	T	A	V	L	I	F	Y	W	H	M	C	P
0	0.00963	0.00824	0.00868	0.00776	0.00994	0.00952	0.00605	0.05139	0.80465	0.01617	0.01519	0.01396	0.01138	0.00512	0.00386	0.00128	0.00305	0.00425	0.00386	0.00602
1	0.01556	0.00762	0.06548	0.00708	0.01017	0.00622	0.00618	0.07412	0.02406	0.67762	0.01425	0.01267	0.02586	0.00466	0.00378	0.00116	0.00341	0.00377	0.00431	0.03201
2	0.01047	0.00828	0.00864	0.00742	0.00968	0.03334	0.00586	0.19451	0.46927	0.06901	0.02737	0.01569	0.11252	0.00553	0.00391	0.00124	0.00323	0.00450	0.00380	0.00571
3	0.00532	0.00399	0.00495	0.00470	0.00569	0.00368	0.00353	0.00721	0.03460	0.01428	0.66485	0.03984	0.17712	0.00806	0.00446	0.00122	0.00185	0.00703	0.00404	0.00358
4	0.23177	0.00965	0.00773	0.00694	0.00884	0.25743	0.00532	0.05302	0.00928	0.16408	0.02398	0.16043	0.00992	0.03055	0.00397	0.00125	0.00408	0.00428	0.00296	0.00449
5	0.00868	0.24645	0.56045	0.00972	0.01447	0.04300	0.03536	0.01203	0.00809	0.02000	0.00647	0.00756	0.00490	0.00352	0.00331	0.00109	0.00524	0.00264	0.00166	0.00536
6	0.00815	0.01851	0.77327	0.01046	0.01580	0.00864	0.01327	0.03222	0.00843	0.04934	0.02325	0.00864	0.00564	0.00375	0.00363	0.00120	0.00539	0.00294	0.00184	0.00562
7	0.00716	0.00674	0.01138	0.85760	0.02612	0.00843	0.01053	0.00969	0.00758	0.00969	0.00674	0.01011	0.00506	0.00379	0.00379	0.00126	0.00506	0.00337	0.00169	0.00421
8	0.00930	0.00892	0.01524	0.05544	0.81156	0.00899	0.01160	0.01156	0.00860	0.01229	0.00712	0.00941	0.00597	0.00340	0.00376	0.00113	0.00453	0.00338	0.00187	0.00594
9	0.01114	0.05375	0.07061	0.05145	0.26460	0.08196	0.03585	0.01332	0.03866	0.21870	0.01993	0.02106	0.00772	0.05018	0.00494	0.00130	0.04313	0.00361	0.00268	0.00543
10	0.00537	0.00411	0.00499	0.00532	0.00605	0.00402	0.00377	0.00759	0.11668	0.01155	0.16869	0.49378	0.13381	0.00996	0.00460	0.00141	0.00219	0.00886	0.00368	0.00357
11	0.00469	0.00385	0.00413	0.00420	0.00531	0.00333	0.00310	0.00587	0.02242	0.01085	0.13014	0.13938	0.63032	0.00960	0.00452	0.00130	0.00196	0.00816	0.00360	0.00328
12	0.00883	0.00833	0.01208	0.08864	0.05662	0.01077	0.05194	0.06020	0.04395	0.02678	0.00638	0.00912	0.00562	0.00612	0.02246	0.00158	0.57056	0.00346	0.00198	0.00456
13	0.01904	0.43056	0.31986	0.00881	0.02864	0.01202	0.03324	0.05630	0.03905	0.01136	0.00652	0.00743	0.00522	0.00352	0.00307	0.00101	0.00465	0.00257	0.00184	0.00528
14	0.00551	0.00368	0.00417	0.00417	0.00419	0.00370	0.00235	0.00554	0.00553	0.00738	0.01192	0.02463	0.01370	0.85053	0.03538	0.00372	0.00380	0.00549	0.00229	0.00232
15	0.00657	0.00568	0.00760	0.00719	0.00789	0.03897	0.01461	0.01594	0.02800	0.00944	0.01017	0.02286	0.02030	0.02059	0.54332	0.00443	0.17538	0.05523	0.00214	0.00369
16	0.01034	0.00878	0.01406	0.09701	0.61005	0.00900	0.01057	0.10374	0.00974	0.07824	0.00793	0.00970	0.00623	0.00365	0.00377	0.00114	0.00442	0.00342	0.00229	0.00593
17	0.00770	0.00789	0.05965	0.37466	0.32293	0.00802	0.01017	0.00998	0.00798	0.01089	0.02210	0.10936	0.00822	0.00468	0.00405	0.00125	0.01940	0.00426	0.00200	0.00481
18	0.00529	0.00362	0.00462	0.00508	0.00568	0.00329	0.00355	0.00618	0.00807	0.05047	0.11734	0.58588	0.15663	0.01068	0.00470	0.00144	0.00217	0.01832	0.00365	0.00332
19	0.00483	0.00354	0.00486	0.05393	0.00672	0.00343	0.00396	0.00567	0.00749	0.01000	0.06382	0.75840	0.02446	0.01118	0.00477	0.00151	0.00236	0.02243	0.00345	0.00318
20	0.06034	0.00941	0.01028	0.00805	0.01089	0.01020	0.00661	0.58150	0.06649	0.15153	0.02200	0.01974	0.00786	0.00474	0.00376	0.00117	0.00383	0.01154	0.00386	0.00619
21	0.00738	0.00696	0.01177	0.77610	0.10592	0.00848	0.01064	0.00988	0.00769	0.00995	0.00678	0.01004	0.00515	0.00375	0.00379	0.00125	0.00500	0.00337	0.00170	0.00439
22	0.06204	0.00708	0.00860	0.05350	0.06541	0.00628	0.00552	0.08314	0.01803	0.05387	0.06363	0.00979	0.00788	0.00355	0.00316	0.00081	0.00313	0.00288	0.00260	0.53911
23	0.00919	0.00892	0.01539	0.07058	0.71946	0.00911	0.05505	0.01146	0.00848	0.01209	0.00706	0.00943	0.00590	0.00352	0.00413	0.00116	0.03799	0.00343	0.00186	0.00578
24	0.00707	0.00353	0.00353	0.00353	0.00442	0.00353	0.00265	0.00884	0.00795	0.01414	0.01237	0.01414	0.00972	0.00442	0.00265	0.00088	0.00177	0.00353	0.88777	0.00353
25	0.02449	0.57395	0.15907	0.00739	0.01094	0.03328	0.00769	0.03641	0.02231	0.08393	0.00669	0.00726	0.00540	0.00352	0.00284	0.00094	0.00428	0.00241	0.00201	0.00517
26	0.01375	0.01735	0.01139	0.02763	0.01245	0.78080	0.05123	0.02298	0.01066	0.00959	0.00601	0.00711	0.00495	0.00387	0.00349	0.00100	0.00675	0.00258	0.00196	0.00445
27	0.00707	0.00353	0.00353	0.00353	0.00442	0.00353	0.00265	0.00884	0.00795	0.01414	0.01237	0.01414	0.00972	0.00442	0.00265	0.00088	0.00177	0.00353	0.88777	0.00353
28	0.74574	0.00766	0.00661	0.00635	0.05328	0.00877	0.00480	0.05745	0.05457	0.01708	0.00618	0.00696	0.00477	0.00366	0.00259	0.00118	0.00309	0.00233	0.00249	0.00445
29	0.00658	0.00439	0.00612	0.00683	0.00776	0.00432	0.00587	0.00822	0.00872	0.05669	0.01987	0.10925	0.02142	0.01028	0.00513	0.00170	0.00337	0.70629	0.00356	0.00362
30	0.00562	0.00405	0.00518	0.00506	0.00534	0.00439	0.00343	0.00622	0.00618	0.00859	0.08843	0.02146	0.01415	0.50348	0.25311	0.00402	0.05099	0.00511	0.00236	0.00282
31	0.01398	0.01062	0.01090	0.00849	0.01134	0.05707	0.00695	0.73907	0.01688	0.02255	0.00912	0.00927	0.00655	0.00451	0.00371	0.00111	0.00418	0.00337	0.05415	0.00617
32	0.00834	0.00691	0.00804	0.00578	0.00912	0.00536	0.00464	0.04613	0.00837	0.02938	0.00701	0.00802	0.00573	0.00292	0.00287	0.00060	0.00288	0.00233	0.00236	0.83321
33	0.08422	0.00910	0.01168	0.01395	0.34130	0.05502	0.02259	0.09269	0.23665	0.07947	0.00999	0.01055	0.00762	0.00412	0.00367	0.00117	0.00399	0.00352	0.00287	0.00582
34	0.00550	0.00375	0.00450	0.00450	0.00463	0.00388	0.00276	0.00575	0.00562	0.00763	0.01161	0.02296	0.01298	0.70959	0.17532	0.00413	0.00489	0.00524	0.00225	0.00250
35	0.00716	0.00674	0.01138	0.85760	0.02612	0.00843	0.01053	0.00969	0.00758	0.00969	0.00674	0.01011	0.00506	0.00379	0.00379	0.00126	0.00506	0.00337	0.00169	0.00421
36	0.00939	0.00901	0.01539	0.02328	0.84306	0.00901	0.01164	0.01164	0.00864	0.01239	0.00713	0.00939	0.00601	0.00338	0.00375	0.00113	0.00451	0.00338	0.00188	0.00601
37	0.01014	0.86900	0.01987	0.00649	0.00973	0.01501	0.00649	0.01136	0.00771	0.00892	0.00527	0.00608	0.00487	0.00324	0.00243	0.00081	0.00406	0.00203	0.00162	0.00487
38	0.89350	0.00733	0.00557	0.00499	0.00733	0.00851	0.00411	0.01115	0.00645	0.01702	0.00528	0.00616	0.00411	0.00352	0.00235	0.00117	0.00293	0.00205	0.00235	0.00411
39	0.00598	0.00401	0.00458	0.00444	0.00476	0.00399	0.00273	0.03772	0.00662	0.02477	0.05615	0.04913	0.06648	0.68071	0.03009	0.00323	0.00355	0.00575	0.00261	0.00270
40	0.01059	0.00918	0.05698	0.00788	0.01040	0.00953	0.00658	0.30370	0.40599	0.01821	0.07616	0.01396	0.04327	0.00522	0.00389	0.00122	0.00343	0.00423	0.00372	0.00585
41	0.00939	0.00901	0.01539	0.02328	0.84306	0.00901	0.01164	0.01164	0.00864	0.01239	0.00713	0.00939	0.00601	0.00338	0.00375	0.00113	0.00451	0.00338	0.00188	0.00601
42	0.00450	0.00376	0.00392	0.00405	0.00518	0.00318	0.00298	0.00542	0.00844	0.01016	0.03584	0.15856	0.72112	0.00994	0.00454	0.00132	0.00196	0.00841	0.00352	0.00318
43	0.00552	0.00368	0.00414	0.00414	0.00414	0.00368	0.00230	0.00552	0.00552	0.00735	0.01195	0.02482	0.01379	0.86672	0.01930	0.00368	0.00368	0.00552	0.00230	0.00230
44	0.00761	0.01962	0.84707	0.01081	0.01641	0.00881	0.01401	0.01201	0.00801	0.01201	0.00681	0.00801	0.00480	0.00360	0.00360	0.00120	0.00560	0.00280	0.00160	0.00560
45	0.01114	0.01206	0.01048	0.00920	0.01121	0.38472	0.09409	0.01487	0.22114	0.04367	0.01110	0.09608	0.00976	0.00532	0.00390	0.00119	0.00503	0.04748	0.00278	0.00478
46	0.02904	0.00710	0.00878	0.00661	0.00969	0.00626	0.00541	0.12004	0.01072	0.45989	0.01142	0.01069	0.00772	0.00405	0.00347	0.00097	0.00321	0.00323	0.00376	0.28793
47	0.00470	0.00336	0.00449	0.00537	0.00563	0.00315	0.00366	0.00542	0.00734	0.00977	0.02086	0.81946	0.02491	0.01181	0.00486	0.00155	0.00227	0.05476	0.00352	0.00310
48	0.01082	0.01001	0.01072	0.12893	0.11722	0.13517	0.00774	0.18888	0.28760	0.01516	0.01007	0.01058	0.00765	0.00433	0.00372	0.00116	0.00429	0.00351	0.00295	0.03950
49	0.00898	0.40211	0.35463	0.00815	0.01236	0.01109	0.00929	0.01155	0.00791	0.02789	0.00627	0.00722	0.00503	0.00337	0.00298	0.00095	0.00452	0.00241	0.00175	0.11155
50	0.01039	0.00911	0.01423	0.05793	0.66928	0.05353	0.01068	0.01250	0.00895	0.10510	0.00792	0.00968	0.00628	0.00357	0.00375	0.00113	0.00451	0.00338	0.00219	0.00589
51	0.00906	0.05971	0.05807	0.01540	0.06271	0.02437	0.67564	0.01207	0.00880	0.01187	0.00740	0.00976	0.00565	0.00329	0.00439	0.00124	0.01939	0.00415	0.00188	0.00514
52	0.00653	0.00693	0.10450	0.00759	0.00962	0.00529	0.15798	0.02238	0.00875	0.04849	0.11234	0.24497	0.23344	0.00782	0.00443	0.00132	0.00333	0.00710	0.00313	0.00404
53	0.01015	0.00872	0.01071	0.05569	0.05624	0.03379	0.08536	0.16489	0.42350	0.03248	0.02722	0.03556	0.02841	0.00496	0.00393	0.00124	0.00378	0.00429	0.00339	0.00568
54	0.01247	0.01452	0.01043	0.00991	0.05834	0.58100	0.00721	0.05442	0.01032	0.02777	0.05108	0.00905	0.00710	0.00608	0.06499	0.00142	0.06421	0.00298	0.00220	0.00450
55	0.01417	0.01808	0.01075	0.00977	0.01172	0.85149	0.00733	0.01514	0.01075	0.00928	0.00586	0.00684	0.00489	0.00391	0.00342	0.00098	0.00684	0.00244	0.00195	0.00440
56	0.00768	0.00762	0.01195	0.65140	0.07450	0.05638	0.06777	0.01006	0.00798	0.01004	0.00851	0.01133	0.05075	0.00405	0.00385	0.00124	0.00505	0.00365	0.00183	0.00434
57	0.00672	0.00445	0.00543	0.00496	0.00623	0.00409	0.00379	0.05165	0.01046	0.09410	0.48260	0.06011	0.23505	0.00792	0.00439	0.00122	0.00210	0.00682	0.00401	0.00389
58	0.00887	0.00848	0.01432	0.11540	0.70614	0.00863	0.01104	0.01108	0.00852	0.01197	0.00880	0.01095	0.05145	0.00376	0.00380	0.00115	0.00443	0.00363	0.00195	0.00565
59	0.80389	0.00777	0.00582	0.00527	0.00750	0.05639	0.00427	0.01112	0.00674	0.01625	0.00601	0.04426	0.00508	0.00391	0.00252	0.00118	0.00312	0.00246	0.00238	0.00408
