[name]
unknown

[dist]
# distance from previous block
# <min> <max>
0	42

[block]
# block no. 0 follows, 73 sequences, length 20
# corresponding to MSA columns:
# 48-67
name=unknown_A
#
# <colnr> <probs for GDERKNQSTAVLIFYWHMCP>
#	G	D	E	R	K	N	Q	S	T	A	V	L	I	F	Y	W	H	M	C	P
0	0.00943	0.09992	0.09300	0.06580	0.06568	0.04966	0.19248	0.14115	0.07628	0.01333	0.00996	0.03090	0.02691	0.00466	0.00396	0.00120	0.01236	0.07789	0.00248	0.02295
1	0.00995	0.21418	0.20705	0.00883	0.06855	0.04054	0.00811	0.10595	0.08482	0.07903	0.00938	0.02547	0.02915	0.00470	0.02365	0.00117	0.00429	0.00321	0.02970	0.04228
2	0.01111	0.02774	0.03298	0.02915	0.04302	0.05495	0.04516	0.10380	0.09605	0.22258	0.04396	0.01242	0.04139	0.03389	0.00412	0.00112	0.00363	0.00366	0.00320	0.18608
3	0.09925	0.08121	0.13923	0.00823	0.03234	0.14053	0.02591	0.10954	0.05990	0.13357	0.04497	0.01941	0.04321	0.00497	0.02294	0.00122	0.00438	0.00342	0.00279	0.02299
4	0.01149	0.06844	0.02592	0.05369	0.01126	0.03114	0.00681	0.37079	0.18541	0.06439	0.02935	0.01109	0.01806	0.00608	0.05407	0.00145	0.03803	0.00361	0.00329	0.00562
5	0.00875	0.00926	0.07213	0.17507	0.61235	0.00881	0.03666	0.01120	0.00832	0.01173	0.00698	0.00935	0.00568	0.00343	0.00373	0.00115	0.00469	0.00334	0.00180	0.00556
6	0.00716	0.00674	0.01138	0.83135	0.05305	0.00835	0.01046	0.00965	0.00754	0.00967	0.00668	0.00998	0.00503	0.00374	0.00375	0.00125	0.00498	0.00333	0.00167	0.00423
7	0.00820	0.00798	0.02852	0.16368	0.31212	0.00794	0.20990	0.01048	0.00814	0.03281	0.02044	0.06346	0.00788	0.03704	0.06341	0.00164	0.00517	0.00423	0.00206	0.00490
8	0.01098	0.03098	0.12532	0.02204	0.03101	0.00713	0.14047	0.02172	0.07203	0.31342	0.05031	0.09880	0.02088	0.00519	0.00423	0.00123	0.03105	0.00458	0.00327	0.00536
9	0.00536	0.00402	0.00603	0.00603	0.00670	0.00469	0.00469	0.00670	0.00603	0.00871	0.01005	0.01474	0.00938	0.02814	0.85328	0.00603	0.01005	0.00402	0.00201	0.00335
10	0.00699	0.00653	0.01098	0.82567	0.02504	0.00813	0.01015	0.00941	0.00749	0.00959	0.00722	0.04353	0.00578	0.00406	0.00379	0.00126	0.00489	0.00362	0.00174	0.00412
11	0.00932	0.15524	0.22048	0.00962	0.04980	0.02129	0.14596	0.01191	0.02862	0.13888	0.05676	0.08626	0.03999	0.00480	0.00374	0.00116	0.00433	0.00423	0.00256	0.00506
12	0.01006	0.05129	0.25534	0.02880	0.13168	0.12223	0.04346	0.05297	0.03970	0.11664	0.03203	0.02573	0.06476	0.00443	0.00370	0.00114	0.00464	0.00365	0.00249	0.00526
13	0.00884	0.00883	0.01627	0.10388	0.52115	0.00884	0.22118	0.01131	0.00852	0.01189	0.00762	0.01078	0.00636	0.00359	0.00395	0.00119	0.00495	0.03348	0.00191	0.00545
14	0.00847	0.11349	0.44880	0.01204	0.07879	0.00959	0.19250	0.04873	0.00856	0.01206	0.00722	0.02979	0.00563	0.00367	0.00367	0.00116	0.00531	0.00332	0.00182	0.00536
15	0.01999	0.09361	0.35249	0.00965	0.01345	0.06541	0.10270	0.09412	0.04657	0.07595	0.02644	0.03633	0.02231	0.00425	0.00381	0.00116	0.02060	0.00349	0.00235	0.00530
16	0.00990	0.01930	0.06300	0.03854	0.21676	0.18767	0.00792	0.01286	0.12269	0.07206	0.09347	0.02709	0.04989	0.00488	0.00429	0.00117	0.05694	0.00393	0.00264	0.00501
17	0.00718	0.00676	0.01142	0.82363	0.06061	0.00836	0.01047	0.00967	0.00755	0.00970	0.00668	0.00997	0.00504	0.00373	0.00375	0.00124	0.00498	0.00333	0.00168	0.00424
18	0.01004	0.01021	0.06516	0.01768	0.47667	0.05809	0.12448	0.10720	0.02863	0.03332	0.00795	0.02909	0.00646	0.00376	0.00382	0.00115	0.00476	0.00361	0.00222	0.00570
19	0.00870	0.03143	0.23710	0.03943	0.10336	0.04093	0.14088	0.02735	0.03531	0.08212	0.08538	0.03067	0.03666	0.02449	0.00431	0.00128	0.00454	0.05857	0.00252	0.00498

[dist]
# distance from previous block
# <min> <max>
2	37

[block]
# block no. 1 follows, 73 sequences, length 44
# corresponding to MSA columns:
# 106-149
name=unknown_B
#
# <colnr> <probs for GDERKNQSTAVLIFYWHMCP>
#	G	D	E	R	K	N	Q	S	T	A	V	L	I	F	Y	W	H	M	C	P
0	0.03878	0.04828	0.10816	0.01258	0.27049	0.03946	0.06770	0.03388	0.05176	0.04995	0.07847	0.11922	0.04083	0.00517	0.00384	0.00118	0.00397	0.00463	0.00257	0.01908
1	0.00658	0.00481	0.00603	0.00622	0.05068	0.00459	0.00446	0.03313	0.07215	0.05737	0.28167	0.12209	0.20128	0.02020	0.00457	0.00131	0.00245	0.08954	0.00364	0.02723
2	0.02384	0.30249	0.30060	0.00987	0.09106	0.01064	0.03406	0.05900	0.00856	0.06472	0.00718	0.02700	0.00575	0.00376	0.00339	0.00105	0.02030	0.00288	0.00201	0.02183
3	0.00460	0.00329	0.00439	0.00526	0.00549	0.00308	0.00354	0.00528	0.00721	0.00961	0.02066	0.84774	0.02474	0.01172	0.00480	0.00153	0.00220	0.02831	0.00348	0.00306
4	0.00778	0.00667	0.00778	0.00556	0.00889	0.00500	0.00445	0.00945	0.00778	0.01223	0.00667	0.00778	0.00556	0.00278	0.00278	0.00056	0.00278	0.00222	0.00222	0.89108
5	0.00836	0.00808	0.01404	0.32982	0.46957	0.00864	0.06891	0.01073	0.00818	0.01122	0.00752	0.01010	0.02102	0.00359	0.00379	0.00118	0.00474	0.00350	0.00182	0.00518
6	0.00929	0.00891	0.01523	0.02303	0.84475	0.00891	0.01151	0.01151	0.00854	0.01226	0.00706	0.00929	0.00594	0.00334	0.00371	0.00111	0.00446	0.00334	0.00186	0.00594
7	0.00745	0.00704	0.01192	0.71965	0.16245	0.00843	0.01060	0.00991	0.00768	0.01003	0.00673	0.00988	0.00516	0.00368	0.00374	0.00123	0.00491	0.00334	0.00170	0.00446
8	0.00543	0.00375	0.00464	0.00464	0.00483	0.00394	0.00296	0.00581	0.00562	0.00768	0.01132	0.02176	0.01243	0.62942	0.25617	0.00432	0.00546	0.00505	0.00220	0.00258
9	0.00536	0.00402	0.00603	0.00603	0.00670	0.00469	0.00469	0.00670	0.00603	0.00871	0.01005	0.01474	0.00938	0.02814	0.85328	0.00603	0.01005	0.00402	0.00201	0.00335
10	0.00709	0.00667	0.01125	0.85913	0.02584	0.00834	0.01042	0.00959	0.00750	0.00959	0.00667	0.01000	0.00500	0.00375	0.00375	0.00125	0.00500	0.00333	0.00167	0.00417
11	0.00886	0.01012	0.02214	0.01581	0.01961	0.00949	0.83112	0.01202	0.00886	0.01202	0.00759	0.01012	0.00569	0.00316	0.00443	0.00127	0.00633	0.00443	0.00190	0.00506
12	0.00709	0.00667	0.01125	0.85913	0.02584	0.00834	0.01042	0.00959	0.00750	0.00959	0.00667	0.01000	0.00500	0.00375	0.00375	0.00125	0.00500	0.00333	0.00167	0.00417
13	0.01683	0.00638	0.00871	0.00668	0.00958	0.00551	0.00551	0.01828	0.01074	0.84734	0.01480	0.01277	0.00929	0.00464	0.00377	0.00116	0.00319	0.00377	0.00464	0.00638
14	0.00821	0.00821	0.01149	0.00985	0.00985	0.01149	0.00821	0.00903	0.00575	0.00903	0.00492	0.00821	0.00492	0.00657	0.01231	0.00164	0.86128	0.00328	0.00164	0.00410
15	0.01430	0.01002	0.01091	0.00840	0.01134	0.01094	0.00692	0.74648	0.01685	0.09420	0.00973	0.02567	0.00698	0.00465	0.00377	0.00114	0.00401	0.00355	0.00382	0.00632
16	0.01401	0.01788	0.01063	0.00967	0.01160	0.85309	0.00725	0.01498	0.01063	0.00918	0.00580	0.00677	0.00483	0.00387	0.00338	0.00097	0.00677	0.00242	0.00193	0.00435
17	0.00749	0.00642	0.00744	0.00541	0.00856	0.00484	0.00431	0.00910	0.00785	0.01205	0.00936	0.01022	0.07758	0.00336	0.00292	0.00062	0.00270	0.00271	0.00233	0.81474
18	0.00546	0.00364	0.00409	0.00409	0.00409	0.00364	0.00227	0.00546	0.00546	0.00727	0.01182	0.02455	0.01364	0.86815	0.01910	0.00364	0.00364	0.00546	0.00227	0.00227
19	0.01426	0.01051	0.01126	0.00863	0.01163	0.01163	0.00713	0.83224	0.01764	0.02364	0.00901	0.00901	0.00638	0.00450	0.00375	0.00113	0.00413	0.00338	0.00375	0.00638
20	0.01003	0.87041	0.01966	0.00642	0.00963	0.01485	0.00642	0.01123	0.00762	0.00883	0.00522	0.00602	0.00481	0.00321	0.00241	0.00080	0.00401	0.00201	0.00160	0.00481
21	0.00830	0.00827	0.01181	0.01098	0.08164	0.01127	0.00849	0.00924	0.00599	0.00931	0.00511	0.00830	0.00501	0.00629	0.01157	0.00160	0.78761	0.00329	0.00166	0.00426
22	0.00917	0.00922	0.01628	0.25242	0.09961	0.04020	0.37205	0.11253	0.00956	0.01264	0.00766	0.02725	0.00597	0.00371	0.00405	0.00122	0.00543	0.00394	0.00209	0.00499
23	0.00563	0.00353	0.00473	0.00535	0.00580	0.00326	0.00366	0.00635	0.00749	0.08161	0.02017	0.79236	0.02348	0.01114	0.00470	0.00149	0.00226	0.01007	0.00358	0.00333
24	0.00804	0.18769	0.59378	0.02698	0.01449	0.00961	0.01150	0.01150	0.00784	0.01125	0.00642	0.00757	0.00484	0.00343	0.00327	0.00106	0.00499	0.00258	0.00164	0.08151
25	0.00536	0.00402	0.00603	0.00603	0.00670	0.00469	0.00469	0.00670	0.00603	0.00871	0.01005	0.01474	0.00938	0.02814	0.85328	0.00603	0.01005	0.00402	0.00201	0.00335
26	0.00778	0.00667	0.00778	0.00556	0.00889	0.00500	0.00445	0.00945	0.00778	0.01223	0.00667	0.00778	0.00556	0.00278	0.00278	0.00056	0.00278	0.00222	0.00222	0.89108
27	0.02581	0.00734	0.05284	0.13283	0.11639	0.03418	0.00683	0.08043	0.10928	0.04474	0.16493	0.11370	0.08309	0.00605	0.00400	0.00123	0.00342	0.00523	0.00306	0.00463
28	0.03106	0.07352	0.01137	0.00870	0.04453	0.04243	0.02012	0.56958	0.02552	0.05266	0.00913	0.02558	0.00685	0.00474	0.01449	0.00116	0.00412	0.00341	0.04518	0.00586
29	0.00778	0.00667	0.00778	0.00556	0.00889	0.00500	0.00445	0.00945	0.00778	0.01223	0.00667	0.00778	0.00556	0.00278	0.00278	0.00056	0.00278	0.00222	0.00222	0.89108
30	0.03394	0.37099	0.12238	0.03190	0.06440	0.06393	0.05304	0.11185	0.00939	0.08152	0.00707	0.00791	0.00555	0.00399	0.01634	0.00108	0.00457	0.00273	0.00220	0.00523
31	0.01021	0.24079	0.22257	0.00882	0.01221	0.01069	0.06478	0.13335	0.08609	0.08248	0.00839	0.01880	0.00653	0.00420	0.00402	0.00113	0.06341	0.01372	0.00244	0.00539
32	0.00605	0.00432	0.00605	0.00691	0.00777	0.00432	0.00605	0.00777	0.00864	0.01123	0.01986	0.04232	0.02159	0.01036	0.00518	0.00173	0.00345	0.81949	0.00345	0.00345
33	0.01026	0.73086	0.06130	0.00725	0.02553	0.09307	0.00697	0.01162	0.00794	0.00908	0.00538	0.00625	0.00483	0.00329	0.00258	0.00084	0.00436	0.00211	0.00164	0.00483
34	0.00652	0.00326	0.00489	0.00489	0.00489	0.00326	0.00326	0.00489	0.00489	0.00652	0.00652	0.01140	0.00652	0.01303	0.01466	0.89084	0.00326	0.00326	0.00163	0.00163
35	0.06005	0.06200	0.05222	0.01860	0.04586	0.03580	0.05474	0.44250	0.05003	0.08331	0.00908	0.02564	0.00682	0.01407	0.00398	0.00117	0.02173	0.00345	0.00319	0.00577
36	0.00902	0.00878	0.02540	0.11198	0.60349	0.02021	0.04267	0.02455	0.06657	0.01234	0.02185	0.02184	0.00695	0.00372	0.00377	0.00115	0.00445	0.00359	0.00206	0.00561
37	0.00478	0.00346	0.00449	0.00515	0.00541	0.00333	0.00347	0.00541	0.00701	0.00932	0.01988	0.67168	0.06285	0.11321	0.03317	0.00191	0.01680	0.02243	0.00326	0.00300
38	0.00537	0.00400	0.00591	0.00591	0.00654	0.00462	0.00454	0.00662	0.00599	0.00862	0.01016	0.01534	0.00964	0.07995	0.80183	0.00588	0.00965	0.00411	0.00203	0.00328
39	0.00783	0.00672	0.00780	0.00563	0.00892	0.00515	0.00450	0.00980	0.03605	0.01234	0.00696	0.00799	0.00576	0.00286	0.00281	0.00058	0.00278	0.00229	0.00228	0.86094
40	0.08704	0.02060	0.05004	0.00879	0.05451	0.06450	0.03150	0.01231	0.03984	0.21411	0.04118	0.01114	0.02128	0.00721	0.08446	0.00173	0.23868	0.00354	0.00271	0.00484
41	0.00601	0.02102	0.02059	0.02123	0.05201	0.00526	0.04205	0.00720	0.02089	0.00882	0.01078	0.06944	0.01109	0.30323	0.35646	0.00401	0.02960	0.00481	0.00218	0.00333
42	0.00666	0.03491	0.02340	0.02222	0.05511	0.00609	0.02311	0.03146	0.05003	0.02377	0.11511	0.01726	0.07307	0.09509	0.34171	0.00335	0.06666	0.00459	0.00252	0.00387
43	0.04062	0.58940	0.06246	0.00704	0.01013	0.11765	0.00673	0.04250	0.00841	0.02649	0.00603	0.02166	0.00532	0.00353	0.00272	0.00088	0.00431	0.00235	0.00187	0.03992

[dist]
# distance from previous block
# <min> <max>
0	9

[block]
# block no. 2 follows, 73 sequences, length 54
# corresponding to MSA columns:
# 161-214
name=unknown_C
#
# <colnr> <probs for GDERKNQSTAVLIFYWHMCP>
#	G	D	E	R	K	N	Q	S	T	A	V	L	I	F	Y	W	H	M	C	P
0	0.02349	0.09407	0.04193	0.03978	0.03884	0.04306	0.00638	0.05004	0.45805	0.03316	0.01379	0.09196	0.03872	0.00539	0.00373	0.00122	0.00340	0.00446	0.00324	0.00532
1	0.04031	0.00926	0.01490	0.09297	0.48063	0.02755	0.13292	0.13117	0.00979	0.01374	0.00730	0.00927	0.00580	0.00354	0.00377	0.00115	0.00473	0.00344	0.00214	0.00562
2	0.00905	0.06484	0.16851	0.04845	0.39793	0.04594	0.15493	0.02587	0.00861	0.01184	0.00722	0.02664	0.00593	0.00358	0.00374	0.00114	0.00502	0.00346	0.00186	0.00546
3	0.00537	0.00390	0.00508	0.00474	0.00568	0.00358	0.00356	0.00714	0.01055	0.01498	0.82253	0.02753	0.03468	0.00755	0.00439	0.00116	0.00179	0.00667	0.00408	0.02502
4	0.00852	0.03117	0.39381	0.00981	0.05618	0.00914	0.00987	0.01563	0.39751	0.01363	0.01072	0.01080	0.00796	0.00426	0.00367	0.00122	0.00425	0.00348	0.00265	0.00574
5	0.00456	0.00379	0.00392	0.00390	0.00506	0.00322	0.00288	0.00553	0.00856	0.01041	0.10621	0.03479	0.72889	0.05535	0.00522	0.00139	0.00198	0.00769	0.00347	0.00315
6	0.01638	0.00637	0.00862	0.00665	0.00949	0.00556	0.00548	0.01806	0.03135	0.80730	0.03403	0.01315	0.00995	0.00472	0.00379	0.00116	0.00315	0.00385	0.00461	0.00631
7	0.01003	0.87041	0.01966	0.00642	0.00963	0.01485	0.00642	0.01123	0.00762	0.00883	0.00522	0.00602	0.00481	0.00321	0.00241	0.00080	0.00401	0.00201	0.00160	0.00481
8	0.00447	0.00380	0.00385	0.00383	0.00509	0.00318	0.00288	0.00545	0.00863	0.01032	0.06796	0.03581	0.81316	0.00943	0.00443	0.00126	0.00190	0.00788	0.00351	0.00318
9	0.89465	0.00726	0.00551	0.00493	0.00726	0.00842	0.00406	0.01103	0.00638	0.01683	0.00522	0.00609	0.00406	0.00348	0.00232	0.00116	0.00290	0.00203	0.00232	0.00406
10	0.00699	0.00350	0.00350	0.00350	0.00437	0.00350	0.00262	0.00874	0.00787	0.01399	0.01224	0.01399	0.00962	0.00437	0.00262	0.00087	0.00175	0.00350	0.88898	0.00350
11	0.89465	0.00726	0.00551	0.00493	0.00726	0.00842	0.00406	0.01103	0.00638	0.01683	0.00522	0.00609	0.00406	0.00348	0.00232	0.00116	0.00290	0.00203	0.00232	0.00406
12	0.00541	0.00381	0.00496	0.00496	0.00526	0.00411	0.00335	0.00601	0.00571	0.00792	0.01103	0.02016	0.01173	0.49258	0.39206	0.00471	0.00650	0.00481	0.00216	0.00275
13	0.89465	0.00726	0.00551	0.00493	0.00726	0.00842	0.00406	0.01103	0.00638	0.01683	0.00522	0.00609	0.00406	0.00348	0.00232	0.00116	0.00290	0.00203	0.00232	0.00406
14	0.89465	0.00726	0.00551	0.00493	0.00726	0.00842	0.00406	0.01103	0.00638	0.01683	0.00522	0.00609	0.00406	0.00348	0.00232	0.00116	0.00290	0.00203	0.00232	0.00406
15	0.00457	0.00326	0.00435	0.00522	0.00544	0.00305	0.00348	0.00522	0.00718	0.00958	0.02068	0.86570	0.02481	0.01175	0.00479	0.00152	0.00218	0.01067	0.00348	0.00305
16	0.00518	0.00376	0.00501	0.00581	0.00629	0.00366	0.00433	0.00653	0.03962	0.01029	0.02023	0.59264	0.02336	0.01109	0.00487	0.00157	0.00258	0.24642	0.00349	0.00328
17	0.00573	0.00419	0.00480	0.00456	0.00580	0.00379	0.00345	0.00756	0.05780	0.05819	0.33144	0.05110	0.43107	0.00836	0.00437	0.00124	0.00199	0.00713	0.00380	0.00364
18	0.04613	0.44651	0.08248	0.00933	0.11880	0.04509	0.02039	0.06758	0.02351	0.09800	0.00706	0.00773	0.00563	0.00356	0.00299	0.00097	0.00420	0.00261	0.00218	0.00526
19	0.00457	0.00326	0.00435	0.00522	0.00544	0.00305	0.00348	0.00522	0.00718	0.00958	0.02068	0.86570	0.02481	0.01175	0.00479	0.00152	0.00218	0.01067	0.00348	0.00305
20	0.18526	0.00840	0.00920	0.00722	0.01004	0.00886	0.00595	0.37410	0.03341	0.30469	0.01042	0.00986	0.00705	0.00437	0.00348	0.00115	0.00354	0.00327	0.00378	0.00592
21	0.00800	0.00777	0.06162	0.02867	0.07197	0.00601	0.00585	0.01073	0.08458	0.01246	0.00750	0.00853	0.00607	0.00311	0.00302	0.00072	0.00315	0.00256	0.00229	0.66540
22	0.00962	0.01290	0.39389	0.01057	0.05517	0.00796	0.11274	0.03363	0.00891	0.17646	0.05476	0.02208	0.00822	0.00440	0.00431	0.00123	0.05189	0.02334	0.00251	0.00542
23	0.00537	0.00364	0.00428	0.00436	0.00443	0.00367	0.00258	0.00554	0.00566	0.00760	0.01247	0.09918	0.01428	0.72075	0.08790	0.00365	0.00404	0.00580	0.00236	0.00243
24	0.00811	0.00685	0.00835	0.00630	0.03095	0.00530	0.02285	0.02004	0.00801	0.02919	0.00689	0.00799	0.00566	0.00286	0.00287	0.00061	0.00293	0.00235	0.00227	0.81966
25	0.00979	0.36459	0.21852	0.01053	0.09450	0.07597	0.10186	0.06306	0.00878	0.01121	0.00631	0.00750	0.00511	0.00343	0.00320	0.00101	0.00490	0.00271	0.00182	0.00519
26	0.01080	0.09891	0.02411	0.03383	0.24787	0.12352	0.06210	0.18665	0.11869	0.01427	0.02318	0.02392	0.00727	0.00409	0.00363	0.00111	0.00452	0.00345	0.00256	0.00551
27	0.00495	0.00378	0.00495	0.05931	0.00691	0.01941	0.00406	0.00575	0.00731	0.00962	0.01949	0.77238	0.02310	0.01106	0.00471	0.00150	0.00248	0.03272	0.00334	0.00315
28	0.00541	0.00429	0.00447	0.00430	0.00565	0.00383	0.00327	0.06459	0.00919	0.02432	0.04663	0.07279	0.69581	0.00907	0.00437	0.00126	0.00211	0.01678	0.01839	0.00346
29	0.00457	0.00326	0.00435	0.00522	0.00544	0.00305	0.00348	0.00522	0.00718	0.00958	0.02068	0.86570	0.02481	0.01175	0.00479	0.00152	0.00218	0.01067	0.00348	0.00305
30	0.89465	0.00726	0.00551	0.00493	0.00726	0.00842	0.00406	0.01103	0.00638	0.01683	0.00522	0.00609	0.00406	0.00348	0.00232	0.00116	0.00290	0.00203	0.00232	0.00406
31	0.00600	0.00428	0.00599	0.00685	0.00769	0.00428	0.00596	0.00769	0.00859	0.01117	0.01989	0.07006	0.02170	0.01041	0.00517	0.00172	0.00341	0.79225	0.00346	0.00344
32	0.00752	0.01941	0.84871	0.01069	0.01624	0.00871	0.01386	0.01188	0.00792	0.01188	0.00673	0.00792	0.00475	0.00356	0.00356	0.00119	0.00554	0.00277	0.00158	0.00554
33	0.00443	0.00380	0.00380	0.00380	0.00507	0.00317	0.00285	0.00538	0.00855	0.01014	0.03801	0.03611	0.84322	0.00950	0.00443	0.00127	0.00190	0.00792	0.00348	0.00317
34	0.00709	0.00667	0.01125	0.85913	0.02584	0.00834	0.01042	0.00959	0.00750	0.00959	0.00667	0.01000	0.00500	0.00375	0.00375	0.00125	0.00500	0.00333	0.00167	0.00417
35	0.00535	0.00386	0.00507	0.00484	0.00572	0.00358	0.00368	0.00712	0.01051	0.01484	0.79762	0.02881	0.03464	0.00782	0.00447	0.00121	0.00186	0.05137	0.00409	0.00354
36	0.00886	0.01012	0.02214	0.01581	0.01961	0.00949	0.83112	0.01202	0.00886	0.01202	0.00759	0.01012	0.00569	0.00316	0.00443	0.00127	0.00633	0.00443	0.00190	0.00506
37	0.00531	0.00383	0.00501	0.00472	0.00560	0.00354	0.00354	0.00708	0.01062	0.01504	0.84277	0.02802	0.03540	0.00767	0.00442	0.00118	0.00177	0.00678	0.00413	0.00354
38	0.00957	0.00818	0.00862	0.00768	0.00985	0.00944	0.00600	0.05891	0.79861	0.01608	0.01497	0.01376	0.01121	0.00506	0.00381	0.00127	0.00302	0.00420	0.00381	0.00596
39	0.01146	0.01429	0.06783	0.01191	0.01471	0.40671	0.30596	0.05826	0.00996	0.01117	0.00664	0.00825	0.00523	0.00376	0.00423	0.00113	0.04848	0.00326	0.00198	0.00478
40	0.00536	0.00401	0.00599	0.00599	0.00665	0.00467	0.00464	0.00667	0.00602	0.00868	0.01009	0.01494	0.00947	0.04527	0.83627	0.00598	0.00992	0.00405	0.00202	0.00333
41	0.00531	0.00383	0.00501	0.00472	0.00560	0.00354	0.00354	0.00708	0.01062	0.01504	0.84277	0.02802	0.03540	0.00767	0.00442	0.00118	0.00177	0.00678	0.00413	0.00354
42	0.00757	0.01912	0.82347	0.01085	0.01634	0.00874	0.03881	0.01189	0.00795	0.01189	0.00676	0.00799	0.00478	0.00355	0.00359	0.00119	0.00557	0.00282	0.00159	0.00553
43	0.00987	0.81663	0.07205	0.00669	0.01005	0.01446	0.00689	0.01128	0.00764	0.00902	0.00531	0.00614	0.00481	0.00323	0.00248	0.00083	0.00411	0.00205	0.00160	0.00486
44	0.00717	0.00675	0.01140	0.82783	0.05650	0.00836	0.01046	0.00966	0.00754	0.00969	0.00668	0.00998	0.00504	0.00374	0.00375	0.00125	0.00498	0.00333	0.00167	0.00423
45	0.00444	0.00378	0.00382	0.00384	0.00508	0.00316	0.00287	0.00538	0.00851	0.01012	0.03748	0.06143	0.81824	0.00957	0.00444	0.00127	0.00191	0.00800	0.00348	0.00316
46	0.00476	0.00405	0.00446	0.05805	0.00654	0.00364	0.00348	0.00602	0.02412	0.01039	0.06544	0.06479	0.70159	0.00908	0.00440	0.00128	0.00214	0.01908	0.00340	0.00330
47	0.01683	0.00638	0.00871	0.00668	0.00958	0.00551	0.00551	0.01828	0.01074	0.84734	0.01480	0.01277	0.00929	0.00464	0.00377	0.00116	0.00319	0.00377	0.00464	0.00638
48	0.00457	0.00326	0.00435	0.00522	0.00544	0.00305	0.00348	0.00522	0.00718	0.00958	0.02068	0.86570	0.02481	0.01175	0.00479	0.00152	0.00218	0.01067	0.00348	0.00305
49	0.00712	0.00674	0.01149	0.84085	0.02570	0.00836	0.02821	0.00964	0.00753	0.00964	0.00669	0.01001	0.00502	0.00374	0.00377	0.00125	0.00503	0.00336	0.00167	0.00419
50	0.02431	0.01250	0.20857	0.03844	0.10882	0.14400	0.12259	0.05058	0.11536	0.10062	0.00889	0.01950	0.00667	0.00403	0.00388	0.00117	0.01879	0.00344	0.00246	0.00539
51	0.01073	0.01213	0.01437	0.01307	0.13787	0.31356	0.26136	0.06416	0.00980	0.01147	0.00852	0.05705	0.03207	0.00431	0.00418	0.00115	0.03334	0.00389	0.00215	0.00482
52	0.00969	0.01065	0.01155	0.01036	0.04270	0.22605	0.03566	0.01090	0.02401	0.00942	0.00568	0.00825	0.00523	0.00624	0.03383	0.00156	0.53901	0.00314	0.00179	0.00428
53	0.01101	0.00811	0.09560	0.03845	0.21513	0.00670	0.02219	0.04378	0.01783	0.30241	0.05444	0.06258	0.04744	0.02249	0.00415	0.00121	0.00370	0.00427	0.00319	0.03533

[dist]
# distance from previous block
# <min> <max>
0	21

[block]
# block no. 3 follows, 73 sequences, length 63
# corresponding to MSA columns:
# 236-298
name=unknown_D
#
# <colnr> <probs for GDERKNQSTAVLIFYWHMCP>
#	G	D	E	R	K	N	Q	S	T	A	V	L	I	F	Y	W	H	M	C	P
0	0.11267	0.03442	0.06206	0.01011	0.11586	0.26012	0.04968	0.03008	0.00880	0.03727	0.04879	0.02197	0.00795	0.00713	0.10170	0.00169	0.04427	0.02769	0.01318	0.00453
1	0.25684	0.01999	0.03975	0.01123	0.19377	0.11540	0.05025	0.03926	0.01794	0.09155	0.00719	0.02006	0.00574	0.00414	0.00440	0.00119	0.11101	0.00303	0.00233	0.00493
2	0.00537	0.00398	0.00585	0.00585	0.00645	0.00459	0.00446	0.00658	0.00598	0.00857	0.01022	0.01567	0.00978	0.10760	0.77437	0.00580	0.00944	0.00416	0.00203	0.00325
3	0.04195	0.05653	0.02009	0.02537	0.01788	0.07317	0.66159	0.03440	0.00905	0.01209	0.00727	0.00947	0.00553	0.00327	0.00414	0.00121	0.00603	0.00402	0.00195	0.00498
4	0.01401	0.01788	0.01063	0.00967	0.01160	0.85309	0.00725	0.01498	0.01063	0.00918	0.00580	0.00677	0.00483	0.00387	0.00338	0.00097	0.00677	0.00242	0.00193	0.00435
5	0.00460	0.00378	0.00384	0.00384	0.00506	0.00320	0.00288	0.00561	0.00857	0.01051	0.06714	0.04831	0.75709	0.00921	0.00435	0.00125	0.00189	0.00770	0.04798	0.00320
6	0.08421	0.01215	0.01002	0.00831	0.01083	0.32759	0.00659	0.28410	0.01262	0.19467	0.00874	0.00874	0.00624	0.00421	0.00350	0.00108	0.00483	0.00299	0.00314	0.00543
7	0.00531	0.00383	0.00501	0.00472	0.00560	0.00354	0.00354	0.00708	0.01062	0.01504	0.84277	0.02802	0.03540	0.00767	0.00442	0.00118	0.00177	0.00678	0.00413	0.00354
8	0.00453	0.00341	0.00420	0.00484	0.00534	0.00308	0.00331	0.00527	0.00755	0.00973	0.02535	0.64227	0.24523	0.01115	0.00469	0.00145	0.00210	0.00993	0.00348	0.00308
9	0.00709	0.00667	0.01125	0.85913	0.02584	0.00834	0.01042	0.00959	0.00750	0.00959	0.00667	0.01000	0.00500	0.00375	0.00375	0.00125	0.00500	0.00333	0.00167	0.00417
10	0.78791	0.00715	0.00590	0.00515	0.00754	0.00806	0.00424	0.01191	0.00691	0.11782	0.00639	0.00691	0.00470	0.00362	0.00250	0.00116	0.00294	0.00224	0.00260	0.00435
11	0.01401	0.01788	0.01063	0.00967	0.01160	0.85309	0.00725	0.01498	0.01063	0.00918	0.00580	0.00677	0.00483	0.00387	0.00338	0.00097	0.00677	0.00242	0.00193	0.00435
12	0.01660	0.00676	0.00894	0.00685	0.00977	0.00608	0.00566	0.09297	0.01137	0.77177	0.01427	0.01242	0.00902	0.00463	0.00377	0.00116	0.00328	0.00374	0.00456	0.00638
13	0.00605	0.00432	0.00605	0.00691	0.00777	0.00432	0.00605	0.00777	0.00864	0.01123	0.01986	0.04232	0.02159	0.01036	0.00518	0.00173	0.00345	0.81949	0.00345	0.00345
14	0.00929	0.00891	0.01523	0.02303	0.84475	0.00891	0.01151	0.01151	0.00854	0.01226	0.00706	0.00929	0.00594	0.00334	0.00371	0.00111	0.00446	0.00334	0.00186	0.00594
15	0.00546	0.00364	0.00409	0.00409	0.00409	0.00364	0.00227	0.00546	0.00546	0.00727	0.01182	0.02455	0.01364	0.86815	0.01910	0.00364	0.00364	0.00546	0.00227	0.00227
16	0.00491	0.00358	0.00468	0.00546	0.00585	0.00344	0.00383	0.00608	0.04034	0.01001	0.02087	0.72106	0.04701	0.01128	0.00478	0.00153	0.00234	0.09624	0.00349	0.00321
17	0.00844	0.00786	0.00808	0.00599	0.00918	0.09508	0.00474	0.01003	0.00808	0.01190	0.00658	0.00767	0.00548	0.00289	0.00284	0.00060	0.00320	0.00224	0.00219	0.79690
18	0.01401	0.01788	0.01063	0.00967	0.01160	0.85309	0.00725	0.01498	0.01063	0.00918	0.00580	0.00677	0.00483	0.00387	0.00338	0.00097	0.00677	0.00242	0.00193	0.00435
19	0.00546	0.00364	0.00409	0.00409	0.00409	0.00364	0.00227	0.00546	0.00546	0.00727	0.01182	0.02455	0.01364	0.86815	0.01910	0.00364	0.00364	0.00546	0.00227	0.00227
20	0.00546	0.00364	0.00409	0.00409	0.00409	0.00364	0.00227	0.00546	0.00546	0.00727	0.01182	0.02455	0.01364	0.86815	0.01910	0.00364	0.00364	0.00546	0.00227	0.00227
21	0.00799	0.01210	0.30294	0.04496	0.11533	0.01981	0.09252	0.01071	0.02108	0.01097	0.02475	0.02074	0.00628	0.00560	0.04107	0.00152	0.25148	0.00344	0.00181	0.00490
22	0.00901	0.00873	0.01510	0.10680	0.69612	0.00895	0.05507	0.01128	0.00838	0.01189	0.00699	0.00937	0.00581	0.00346	0.00398	0.00115	0.02700	0.00340	0.00183	0.00567
23	0.53357	0.00789	0.00744	0.00612	0.00871	0.00870	0.00505	0.21033	0.00984	0.15919	0.00776	0.00793	0.00551	0.00393	0.00291	0.00115	0.00325	0.00265	0.00306	0.00502
24	0.00886	0.01012	0.02214	0.01581	0.01961	0.00949	0.83112	0.01202	0.00886	0.01202	0.00759	0.01012	0.00569	0.00316	0.00443	0.00127	0.00633	0.00443	0.00190	0.00506
25	0.00457	0.00326	0.00435	0.00522	0.00544	0.00305	0.00348	0.00522	0.00718	0.00958	0.02068	0.86570	0.02481	0.01175	0.00479	0.00152	0.00218	0.01067	0.00348	0.00305
26	0.01094	0.03990	0.35767	0.01038	0.07374	0.02063	0.01012	0.36501	0.01225	0.04102	0.00808	0.01905	0.00592	0.00408	0.00364	0.00114	0.00472	0.00317	0.00265	0.00589
27	0.00929	0.00891	0.01523	0.02303	0.84475	0.00891	0.01151	0.01151	0.00854	0.01226	0.00706	0.00929	0.00594	0.00334	0.00371	0.00111	0.00446	0.00334	0.00186	0.00594
28	0.00556	0.00415	0.00538	0.00599	0.00696	0.00397	0.00509	0.00705	0.00859	0.01089	0.02506	0.05356	0.25652	0.01014	0.00496	0.00159	0.00299	0.57470	0.00346	0.00337
29	0.00546	0.00364	0.00409	0.00409	0.00409	0.00364	0.00227	0.00546	0.00546	0.00727	0.01182	0.02455	0.01364	0.86815	0.01910	0.00364	0.00364	0.00546	0.00227	0.00227
30	0.00545	0.00364	0.00413	0.00413	0.00414	0.00366	0.00232	0.00548	0.00547	0.00730	0.01179	0.02437	0.01356	0.85276	0.03438	0.00368	0.00375	0.00543	0.00227	0.00229
31	0.00689	0.00358	0.00377	0.00386	0.00473	0.00358	0.00299	0.00864	0.00795	0.01369	0.01305	0.01700	0.01089	0.00501	0.00289	0.00096	0.00193	0.09016	0.79493	0.00349
32	0.00546	0.00364	0.00409	0.00409	0.00409	0.00364	0.00227	0.00546	0.00546	0.00727	0.01182	0.02455	0.01364	0.86815	0.01910	0.00364	0.00364	0.00546	0.00227	0.00227
33	0.00778	0.00667	0.00778	0.00556	0.00889	0.00500	0.00445	0.00945	0.00778	0.01223	0.00667	0.00778	0.00556	0.00278	0.00278	0.00056	0.00278	0.00222	0.00222	0.89108
34	0.01003	0.87041	0.01966	0.00642	0.00963	0.01485	0.00642	0.01123	0.00762	0.00883	0.00522	0.00602	0.00481	0.00321	0.00241	0.00080	0.00401	0.00201	0.00160	0.00481
35	0.00778	0.00667	0.00778	0.00556	0.00889	0.00500	0.00445	0.00945	0.00778	0.01223	0.00667	0.00778	0.00556	0.00278	0.00278	0.00056	0.00278	0.00222	0.00222	0.89108
36	0.00808	0.00771	0.01064	0.00918	0.00927	0.01064	0.00761	0.00900	0.00597	0.00956	0.00570	0.00882	0.00542	0.00633	0.01128	0.00156	0.76999	0.00331	0.09588	0.00404
37	0.00546	0.00364	0.00409	0.00409	0.00409	0.00364	0.00227	0.00546	0.00546	0.00727	0.01182	0.02455	0.01364	0.86815	0.01910	0.00364	0.00364	0.00546	0.00227	0.00227
38	0.00929	0.00891	0.01523	0.02303	0.84475	0.00891	0.01151	0.01151	0.00854	0.01226	0.00706	0.00929	0.00594	0.00334	0.00371	0.00111	0.00446	0.00334	0.00186	0.00594
39	0.00892	0.01002	0.02074	0.01617	0.10674	0.02783	0.70740	0.01188	0.00885	0.01194	0.00818	0.01054	0.02447	0.00334	0.00433	0.00124	0.00604	0.00435	0.00193	0.00510
40	0.00732	0.00691	0.01168	0.77033	0.11282	0.00840	0.01054	0.00979	0.00761	0.00987	0.00671	0.00993	0.00510	0.00371	0.00375	0.00124	0.00494	0.00334	0.00169	0.00436
41	0.00929	0.00891	0.01523	0.02303	0.84475	0.00891	0.01151	0.01151	0.00854	0.01226	0.00706	0.00929	0.00594	0.00334	0.00371	0.00111	0.00446	0.00334	0.00186	0.00594
42	0.00792	0.00772	0.01071	0.00924	0.00924	0.01066	0.00758	0.00865	0.00571	0.00884	0.00566	0.00994	0.00585	0.09807	0.01303	0.00185	0.77019	0.00351	0.00171	0.00391
43	0.00929	0.00891	0.01523	0.02303	0.84475	0.00891	0.01151	0.01151	0.00854	0.01226	0.00706	0.00929	0.00594	0.00334	0.00371	0.00111	0.00446	0.00334	0.00186	0.00594
44	0.01683	0.00638	0.00871	0.00668	0.00958	0.00551	0.00551	0.01828	0.01074	0.84734	0.01480	0.01277	0.00929	0.00464	0.00377	0.00116	0.00319	0.00377	0.00464	0.00638
45	0.00709	0.00667	0.01125	0.85913	0.02584	0.00834	0.01042	0.00959	0.00750	0.00959	0.00667	0.01000	0.00500	0.00375	0.00375	0.00125	0.00500	0.00333	0.00167	0.00417
46	0.00443	0.00380	0.00380	0.00380	0.00507	0.00317	0.00285	0.00538	0.00855	0.01014	0.03801	0.03611	0.84322	0.00950	0.00443	0.00127	0.00190	0.00792	0.00348	0.00317
47	0.00461	0.00381	0.00405	0.00399	0.00518	0.00324	0.00299	0.00573	0.00897	0.01114	0.20238	0.03446	0.67822	0.00913	0.00443	0.00125	0.00187	0.00769	0.00362	0.00324
48	0.00986	0.00832	0.00878	0.00774	0.00996	0.00958	0.00607	0.10621	0.75084	0.01654	0.01460	0.01347	0.01091	0.00503	0.00381	0.00126	0.00309	0.00415	0.00381	0.00599
49	0.01326	0.05090	0.01080	0.00926	0.01129	0.67331	0.00708	0.05405	0.10203	0.01057	0.00696	0.00766	0.00564	0.00405	0.00354	0.00101	0.01908	0.00266	0.00221	0.00464
50	0.00944	0.00811	0.00854	0.00766	0.00980	0.00938	0.00596	0.03779	0.81994	0.01587	0.01513	0.01389	0.01134	0.00508	0.00382	0.00127	0.00299	0.00422	0.00382	0.00595
51	0.00457	0.00326	0.00435	0.00522	0.00544	0.00305	0.00348	0.00522	0.00718	0.00958	0.02068	0.86570	0.02481	0.01175	0.00479	0.00152	0.00218	0.01067	0.00348	0.00305
52	0.00533	0.00353	0.00463	0.00529	0.00569	0.00332	0.00360	0.02104	0.00754	0.04384	0.01994	0.78663	0.02333	0.01108	0.00466	0.00148	0.00224	0.01001	0.03357	0.00326
53	0.01396	0.01028	0.01103	0.00853	0.01148	0.01139	0.00703	0.76446	0.07374	0.03537	0.00952	0.00941	0.00677	0.00455	0.00376	0.00114	0.00404	0.00344	0.00377	0.00635
54	0.00757	0.03442	0.83408	0.01062	0.01612	0.00882	0.01373	0.01187	0.00792	0.01183	0.00671	0.00789	0.00475	0.00356	0.00354	0.00118	0.00552	0.00276	0.00158	0.00553
55	0.00536	0.00402	0.00603	0.00603	0.00670	0.00469	0.00469	0.00670	0.00603	0.00871	0.01005	0.01474	0.00938	0.02814	0.85328	0.00603	0.01005	0.00402	0.00201	0.00335
56	0.01683	0.00638	0.00871	0.00668	0.00958	0.00551	0.00551	0.01828	0.01074	0.84734	0.01480	0.01277	0.00929	0.00464	0.00377	0.00116	0.00319	0.00377	0.00464	0.00638
57	0.00567	0.00444	0.00649	0.00632	0.00688	0.00535	0.00492	0.00687	0.00597	0.00866	0.00961	0.01463	0.00916	0.07601	0.71415	0.00542	0.10008	0.00403	0.00199	0.00337
58	0.00663	0.00447	0.00564	0.00511	0.00625	0.00427	0.00390	0.07273	0.01103	0.05796	0.69371	0.04414	0.03084	0.00727	0.00430	0.00117	0.00204	0.00636	0.02831	0.00390
59	0.00461	0.00329	0.00439	0.00520	0.00545	0.00307	0.00349	0.00532	0.00736	0.00986	0.06336	0.82221	0.02536	0.01154	0.00477	0.00151	0.00216	0.01046	0.00352	0.00307
60	0.00872	0.00823	0.01416	0.27796	0.55041	0.00870	0.04117	0.01106	0.00827	0.02526	0.00709	0.00959	0.00570	0.00348	0.00375	0.00116	0.00467	0.00339	0.00185	0.00538
61	0.00756	0.03519	0.74090	0.01004	0.01526	0.00841	0.01268	0.01157	0.00794	0.01190	0.01970	0.00818	0.00530	0.00355	0.00348	0.00112	0.00520	0.00277	0.00168	0.08756
62	0.86227	0.00767	0.01948	0.00512	0.00749	0.02550	0.00429	0.01112	0.00650	0.01660	0.00526	0.00614	0.00409	0.00349	0.00236	0.00116	0.00302	0.00205	0.00230	0.00409

[dist]
# distance from previous block
# <min> <max>
0	1

[block]
# block no. 4 follows, 73 sequences, length 70
# corresponding to MSA columns:
# 300-369
name=unknown_E
#
# <colnr> <probs for GDERKNQSTAVLIFYWHMCP>
#	G	D	E	R	K	N	Q	S	T	A	V	L	I	F	Y	W	H	M	C	P
0	0.89465	0.00726	0.00551	0.00493	0.00726	0.00842	0.00406	0.01103	0.00638	0.01683	0.00522	0.00609	0.00406	0.00348	0.00232	0.00116	0.00290	0.00203	0.00232	0.00406
1	0.00485	0.00389	0.00434	0.00421	0.00535	0.00342	0.00316	0.00628	0.02480	0.01205	0.33422	0.03271	0.52993	0.00874	0.00442	0.00123	0.00187	0.00743	0.00373	0.00336
2	0.00482	0.00379	0.00435	0.00428	0.00532	0.00332	0.00318	0.00610	0.00936	0.01221	0.38250	0.07956	0.45014	0.00884	0.00445	0.00124	0.00186	0.00759	0.00376	0.00332
3	0.00536	0.00402	0.00603	0.00603	0.00670	0.00469	0.00469	0.00670	0.00603	0.00871	0.01005	0.01474	0.00938	0.02814	0.85328	0.00603	0.01005	0.00402	0.00201	0.00335
4	0.00933	0.00806	0.00848	0.00764	0.00976	0.00933	0.00594	0.01994	0.83797	0.01569	0.01527	0.01400	0.01145	0.00509	0.00382	0.00127	0.00297	0.00424	0.00382	0.00594
5	0.00443	0.00380	0.00380	0.00380	0.00507	0.00317	0.00285	0.00538	0.00855	0.01014	0.03801	0.03611	0.84322	0.00950	0.00443	0.00127	0.00190	0.00792	0.00348	0.00317
6	0.00951	0.00815	0.00858	0.00767	0.00982	0.00941	0.00598	0.04904	0.80857	0.01598	0.01505	0.01382	0.01127	0.00507	0.00382	0.00127	0.00301	0.00421	0.00382	0.00595
7	0.01003	0.87041	0.01966	0.00642	0.00963	0.01485	0.00642	0.01123	0.00762	0.00883	0.00522	0.00602	0.00481	0.00321	0.00241	0.00080	0.00401	0.00201	0.00160	0.00481
8	0.00531	0.00383	0.00501	0.00472	0.00560	0.00354	0.00354	0.00708	0.01062	0.01504	0.84277	0.02802	0.03540	0.00767	0.00442	0.00118	0.00177	0.00678	0.00413	0.00354
9	0.00664	0.01066	0.33713	0.01065	0.16630	0.00638	0.00900	0.00901	0.00766	0.01089	0.01234	0.33865	0.01302	0.03871	0.00464	0.00139	0.00398	0.00601	0.00239	0.00454
10	0.01003	0.87041	0.01966	0.00642	0.00963	0.01485	0.00642	0.01123	0.00762	0.00883	0.00522	0.00602	0.00481	0.00321	0.00241	0.00080	0.00401	0.00201	0.00160	0.00481
11	0.00457	0.00326	0.00435	0.00522	0.00544	0.00305	0.00348	0.00522	0.00718	0.00958	0.02068	0.86570	0.02481	0.01175	0.00479	0.00152	0.00218	0.01067	0.00348	0.00305
12	0.00821	0.00821	0.01149	0.00985	0.00985	0.01149	0.00821	0.00903	0.00575	0.00903	0.00492	0.00821	0.00492	0.00657	0.01231	0.00164	0.86128	0.00328	0.00164	0.00410
13	0.00919	0.09051	0.31123	0.00970	0.03398	0.23429	0.06899	0.01157	0.00868	0.01052	0.01061	0.03124	0.11081	0.00463	0.00396	0.00113	0.03862	0.00360	0.00199	0.00472
14	0.00652	0.00326	0.00489	0.00489	0.00489	0.00326	0.00326	0.00489	0.00489	0.00652	0.00652	0.01140	0.00652	0.01303	0.01466	0.89084	0.00326	0.00326	0.00163	0.00163
15	0.00605	0.00432	0.00605	0.00691	0.00777	0.00432	0.00605	0.00777	0.00864	0.01123	0.01986	0.04232	0.02159	0.01036	0.00518	0.00173	0.00345	0.81949	0.00345	0.00345
16	0.00664	0.00473	0.00675	0.08137	0.08397	0.00459	0.00501	0.00850	0.01017	0.07338	0.63477	0.02366	0.02821	0.00672	0.00426	0.00118	0.00240	0.00596	0.00374	0.00402
17	0.00937	0.03018	0.07880	0.08373	0.52313	0.03436	0.05830	0.05330	0.06879	0.01265	0.00764	0.00946	0.00612	0.00358	0.00372	0.00114	0.00463	0.00337	0.00206	0.00567
18	0.00821	0.00821	0.01149	0.00985	0.00985	0.01149	0.00821	0.00903	0.00575	0.00903	0.00492	0.00821	0.00492	0.00657	0.01231	0.00164	0.86128	0.00328	0.00164	0.00410
19	0.00457	0.00326	0.00435	0.00522	0.00544	0.00305	0.00348	0.00522	0.00718	0.00958	0.02068	0.86570	0.02481	0.01175	0.00479	0.00152	0.00218	0.01067	0.00348	0.00305
20	0.00907	0.23184	0.43675	0.00948	0.01371	0.06717	0.06002	0.01282	0.08273	0.03229	0.00731	0.00816	0.00555	0.00364	0.00334	0.00109	0.00500	0.00281	0.00191	0.00531
21	0.03316	0.05142	0.58708	0.00962	0.01422	0.00828	0.02878	0.02413	0.00847	0.13026	0.00869	0.01082	0.00654	0.00416	0.00364	0.00120	0.00493	0.05696	0.00220	0.00546
22	0.00821	0.00821	0.01149	0.00985	0.00985	0.01149	0.00821	0.00903	0.00575	0.00903	0.00492	0.00821	0.00492	0.00657	0.01231	0.00164	0.86128	0.00328	0.00164	0.00410
23	0.00801	0.00666	0.00780	0.00559	0.00891	0.00501	0.00447	0.00968	0.00786	0.03389	0.00688	0.00791	0.00565	0.00283	0.00280	0.00057	0.00279	0.00226	0.00229	0.86813
24	0.00467	0.00334	0.00447	0.00534	0.00560	0.00314	0.00366	0.00540	0.00728	0.00969	0.02062	0.80858	0.02459	0.01166	0.00482	0.00154	0.00227	0.06678	0.00348	0.00308
25	0.00546	0.00364	0.00409	0.00409	0.00409	0.00364	0.00227	0.00546	0.00546	0.00727	0.01182	0.02455	0.01364	0.86815	0.01910	0.00364	0.00364	0.00546	0.00227	0.00227
26	0.00768	0.06035	0.74942	0.04533	0.02957	0.00901	0.02438	0.01175	0.00791	0.01165	0.00667	0.00796	0.00480	0.00355	0.00353	0.00117	0.00544	0.00279	0.00160	0.00545
27	0.00709	0.00667	0.01125	0.85913	0.02584	0.00834	0.01042	0.00959	0.00750	0.00959	0.00667	0.01000	0.00500	0.00375	0.00375	0.00125	0.00500	0.00333	0.00167	0.00417
28	0.00500	0.00362	0.00497	0.00618	0.05259	0.00344	0.00395	0.00582	0.00731	0.00997	0.01934	0.74910	0.02273	0.01108	0.01484	0.00153	0.00240	0.02417	0.04873	0.00324
29	0.04970	0.28081	0.01329	0.00759	0.01056	0.02462	0.00658	0.42931	0.07965	0.01739	0.00802	0.00826	0.00614	0.00402	0.00323	0.00101	0.00393	0.00290	0.00293	0.04004
30	0.02558	0.02733	0.30265	0.01496	0.34222	0.01913	0.03448	0.07178	0.07249	0.01320	0.00764	0.00898	0.00590	0.00362	0.00361	0.00113	0.00468	0.00315	0.00207	0.03540
31	0.00837	0.06061	0.62390	0.01039	0.04374	0.04948	0.02248	0.02236	0.01791	0.04580	0.00787	0.05633	0.00622	0.00408	0.00360	0.00117	0.00516	0.00327	0.00190	0.00537
32	0.00661	0.00473	0.07327	0.00557	0.00610	0.00386	0.02279	0.00564	0.00525	0.00711	0.00678	0.01165	0.00666	0.04821	0.01372	0.76149	0.00353	0.00334	0.00166	0.00205
33	0.00742	0.01885	0.81977	0.01051	0.01587	0.00852	0.01351	0.01165	0.00790	0.01180	0.00721	0.03732	0.00544	0.00385	0.00361	0.00120	0.00543	0.00304	0.00165	0.00546
34	0.02114	0.22711	0.12887	0.03126	0.16777	0.06481	0.05305	0.13738	0.02232	0.10065	0.00770	0.00854	0.00587	0.00371	0.00338	0.00106	0.00453	0.00298	0.00237	0.00550
35	0.01005	0.01249	0.15956	0.01285	0.04958	0.12893	0.38817	0.09121	0.04714	0.03395	0.02423	0.00972	0.00642	0.00368	0.00399	0.00119	0.00565	0.00374	0.00222	0.00525
36	0.01003	0.87041	0.01966	0.00642	0.00963	0.01485	0.00642	0.01123	0.00762	0.00883	0.00522	0.00602	0.00481	0.00321	0.00241	0.00080	0.00401	0.00201	0.00160	0.00481
37	0.00859	0.02407	0.11784	0.02750	0.42076	0.00771	0.00924	0.02173	0.04343	0.03509	0.09548	0.01154	0.02297	0.00397	0.00363	0.00106	0.00392	0.00357	0.00232	0.13558
38	0.00746	0.00395	0.00399	0.00383	0.00484	0.00402	0.00291	0.06150	0.00849	0.01461	0.01203	0.01367	0.00941	0.00438	0.00270	0.00089	0.00190	0.00349	0.83226	0.00368
39	0.00592	0.00393	0.00508	0.00473	0.00570	0.00362	0.00357	0.00768	0.01045	0.05151	0.75321	0.02646	0.03260	0.00733	0.00428	0.00116	0.00183	0.00644	0.06084	0.00366
40	0.00980	0.03094	0.18279	0.06619	0.20668	0.02589	0.23821	0.11643	0.02023	0.05484	0.00779	0.00936	0.00582	0.00360	0.00386	0.00118	0.00514	0.00352	0.00220	0.00553
41	0.00465	0.00393	0.00404	0.00408	0.00530	0.00341	0.00303	0.00598	0.04302	0.01032	0.03555	0.10749	0.73720	0.00951	0.00444	0.00129	0.00197	0.00800	0.00350	0.00327
42	0.00605	0.00432	0.00605	0.00691	0.00777	0.00432	0.00605	0.00777	0.00864	0.01123	0.01986	0.04232	0.02159	0.01036	0.00518	0.00173	0.00345	0.81949	0.00345	0.00345
43	0.00698	0.00593	0.00838	0.35050	0.01478	0.00697	0.00696	0.01066	0.20073	0.01059	0.01148	0.04694	0.04756	0.05003	0.14903	0.05676	0.00496	0.00426	0.00241	0.00411
44	0.02430	0.02614	0.05680	0.00956	0.03254	0.49339	0.00756	0.02699	0.00939	0.02716	0.05858	0.00877	0.00696	0.00496	0.01652	0.00121	0.17971	0.00296	0.00208	0.00442
45	0.01528	0.04584	0.04506	0.00752	0.01055	0.02792	0.00645	0.27291	0.01265	0.49820	0.01202	0.01095	0.00789	0.00447	0.00369	0.00113	0.00370	0.00350	0.00404	0.00623
46	0.00933	0.00806	0.00848	0.00764	0.00976	0.00933	0.00594	0.01994	0.83797	0.01569	0.01527	0.01400	0.01145	0.00509	0.00382	0.00127	0.00297	0.00424	0.00382	0.00594
47	0.00752	0.01941	0.84871	0.01069	0.01624	0.00871	0.01386	0.01188	0.00792	0.01188	0.00673	0.00792	0.00475	0.00356	0.00356	0.00119	0.00554	0.00277	0.00158	0.00554
48	0.00752	0.01941	0.84871	0.01069	0.01624	0.00871	0.01386	0.01188	0.00792	0.01188	0.00673	0.00792	0.00475	0.00356	0.00356	0.00119	0.00554	0.00277	0.00158	0.00554
49	0.89465	0.00726	0.00551	0.00493	0.00726	0.00842	0.00406	0.01103	0.00638	0.01683	0.00522	0.00609	0.00406	0.00348	0.00232	0.00116	0.00290	0.00203	0.00232	0.00406
50	0.00915	0.00930	0.01744	0.02072	0.58049	0.00910	0.27400	0.01168	0.00864	0.01218	0.00723	0.00955	0.00586	0.00329	0.00394	0.00116	0.00506	0.00369	0.00187	0.00566
51	0.00929	0.00891	0.01523	0.02303	0.84475	0.00891	0.01151	0.01151	0.00854	0.01226	0.00706	0.00929	0.00594	0.00334	0.00371	0.00111	0.00446	0.00334	0.00186	0.00594
52	0.00531	0.00383	0.00501	0.00472	0.00560	0.00354	0.00354	0.00708	0.01062	0.01504	0.84277	0.02802	0.03540	0.00767	0.00442	0.00118	0.00177	0.00678	0.00413	0.00354
53	0.01034	0.04401	0.47024	0.00909	0.01335	0.00839	0.01026	0.05059	0.12351	0.20859	0.00985	0.00988	0.00681	0.00406	0.00362	0.00118	0.00452	0.00321	0.00271	0.00581
54	0.00709	0.00667	0.01125	0.85913	0.02584	0.00834	0.01042	0.00959	0.00750	0.00959	0.00667	0.01000	0.00500	0.00375	0.00375	0.00125	0.00500	0.00333	0.00167	0.00417
55	0.01238	0.01478	0.01222	0.01429	0.29990	0.56097	0.00872	0.01378	0.00991	0.01025	0.00623	0.00764	0.00522	0.00369	0.00350	0.00102	0.00597	0.00274	0.00191	0.00490
