[name]
unknown

[dist]
# distance from previous block
# <min> <max>
0	27

[block]
# block no. 0 follows, 74 sequences, length 52
# corresponding to MSA columns:
# 43-94
name=unknown_A
#
# <colnr> <probs for GDERKNQSTAVLIFYWHMCP>
#	G	D	E	R	K	N	Q	S	T	A	V	L	I	F	Y	W	H	M	C	P
0	0.00598	0.00427	0.00598	0.00684	0.00769	0.00427	0.00598	0.00769	0.00854	0.01111	0.01965	0.04187	0.02136	0.01025	0.00513	0.00171	0.00342	0.82141	0.00342	0.00342
1	0.00701	0.00660	0.01113	0.86063	0.02556	0.00825	0.01031	0.00948	0.00742	0.00948	0.00660	0.00990	0.00495	0.00371	0.00371	0.00124	0.00495	0.00330	0.00165	0.00412
2	0.01411	0.01040	0.01114	0.00854	0.01151	0.01151	0.00706	0.83402	0.01745	0.02339	0.00891	0.00891	0.00631	0.00446	0.00371	0.00111	0.00408	0.00334	0.00371	0.00631
3	0.00461	0.00383	0.00407	0.00419	0.00539	0.00329	0.00327	0.00566	0.00847	0.01018	0.03507	0.03659	0.72848	0.00952	0.00449	0.00132	0.00210	0.12284	0.00344	0.00317
4	0.00440	0.00376	0.00378	0.00378	0.00502	0.00314	0.00283	0.00536	0.00850	0.01012	0.05220	0.03558	0.83024	0.00937	0.00439	0.00125	0.00188	0.00781	0.00346	0.00314
5	0.00540	0.00360	0.00405	0.00405	0.00405	0.00360	0.00225	0.00540	0.00540	0.00720	0.01170	0.02429	0.01349	0.86955	0.01889	0.00360	0.00360	0.00540	0.00225	0.00225
6	0.01393	0.01132	0.01095	0.00863	0.01141	0.13056	0.00702	0.70577	0.01632	0.02116	0.00864	0.02149	0.00637	0.00447	0.00368	0.00110	0.00442	0.00332	0.00345	0.00598
7	0.01387	0.01769	0.01052	0.00956	0.01148	0.85465	0.00717	0.01482	0.01052	0.00908	0.00574	0.00669	0.00478	0.00383	0.00335	0.00096	0.00669	0.00239	0.00191	0.00430
8	0.00530	0.00397	0.00592	0.00592	0.00657	0.00462	0.00459	0.00660	0.00595	0.00859	0.00998	0.01479	0.00937	0.04626	0.83655	0.00591	0.00980	0.00401	0.00199	0.00329
9	0.01411	0.01040	0.01114	0.00854	0.01151	0.01151	0.00706	0.83402	0.01745	0.02339	0.00891	0.00891	0.00631	0.00446	0.00371	0.00111	0.00408	0.00334	0.00371	0.00631
10	0.01665	0.00632	0.00861	0.00660	0.00948	0.00546	0.00546	0.01809	0.01062	0.84897	0.01464	0.01263	0.00919	0.00459	0.00373	0.00115	0.00316	0.00373	0.00459	0.00632
11	0.00650	0.00558	0.00501	0.00493	0.00527	0.12387	0.00309	0.00674	0.00635	0.00774	0.01232	0.07254	0.04425	0.64470	0.03372	0.00306	0.00402	0.00534	0.00231	0.00264
12	0.00957	0.75127	0.13690	0.00695	0.01045	0.01383	0.00739	0.01121	0.00758	0.00916	0.00537	0.00622	0.00475	0.00323	0.00254	0.00085	0.00418	0.00209	0.00158	0.00487
13	0.00923	0.00797	0.00839	0.00755	0.00965	0.00923	0.00588	0.01972	0.83969	0.01553	0.01511	0.01385	0.01133	0.00504	0.00378	0.00126	0.00294	0.00420	0.00378	0.00588
14	0.00806	0.00719	0.01114	0.70803	0.02298	0.00883	0.00977	0.12602	0.00877	0.01143	0.00686	0.00969	0.00514	0.00392	0.00403	0.00123	0.03724	0.00330	0.00194	0.00443
15	0.00701	0.00660	0.01113	0.86063	0.02556	0.00825	0.01031	0.00948	0.00742	0.00948	0.00660	0.00990	0.00495	0.00371	0.00371	0.00124	0.00495	0.00330	0.00165	0.00412
16	0.00452	0.00323	0.00431	0.00517	0.00538	0.00301	0.00345	0.00517	0.00711	0.00948	0.02046	0.86713	0.02455	0.01163	0.00474	0.00151	0.00215	0.01055	0.00345	0.00301
17	0.89577	0.00718	0.00546	0.00488	0.00718	0.00833	0.00402	0.01091	0.00632	0.01665	0.00517	0.00603	0.00402	0.00345	0.00230	0.00115	0.00287	0.00201	0.00230	0.00402
18	0.01643	0.00627	0.00854	0.00657	0.00940	0.00542	0.00542	0.01788	0.01062	0.83294	0.03059	0.01292	0.00968	0.00465	0.00375	0.00115	0.00313	0.00379	0.00458	0.00626
19	0.00923	0.00797	0.00839	0.00755	0.00965	0.00923	0.00588	0.01972	0.83969	0.01553	0.01511	0.01385	0.01133	0.00504	0.00378	0.00126	0.00294	0.00420	0.00378	0.00588
20	0.00454	0.00372	0.00403	0.00420	0.00527	0.00321	0.00315	0.00552	0.00834	0.01017	0.05793	0.15344	0.64724	0.00972	0.00449	0.00132	0.00202	0.06508	0.00346	0.00315
21	0.00927	0.74912	0.01754	0.00630	0.00912	0.01327	0.00611	0.01048	0.00732	0.00872	0.00584	0.00717	0.00540	0.00666	0.12288	0.00152	0.00481	0.00227	0.00164	0.00456
22	0.00520	0.00379	0.00489	0.00461	0.00551	0.00348	0.00346	0.00690	0.01038	0.01458	0.79328	0.02823	0.08638	0.00770	0.00438	0.00117	0.00176	0.00678	0.00405	0.00348
23	0.00744	0.01920	0.85032	0.01058	0.01607	0.00862	0.01371	0.01176	0.00784	0.01176	0.00666	0.00784	0.00470	0.00353	0.00353	0.00118	0.00549	0.00274	0.00157	0.00549
24	0.00760	0.00741	0.01062	0.12956	0.01154	0.01008	0.00796	0.00863	0.00607	0.00907	0.00670	0.09547	0.00688	0.00662	0.01023	0.00156	0.65424	0.00400	0.00181	0.00396
25	0.01342	0.01005	0.01075	0.00840	0.01125	0.01119	0.00689	0.71892	0.13368	0.02228	0.00979	0.00961	0.00702	0.00454	0.00372	0.00113	0.00392	0.00346	0.00372	0.00625
26	0.00895	0.01123	0.12982	0.00983	0.01092	0.14714	0.00876	0.01028	0.00677	0.00936	0.00527	0.00785	0.00483	0.00565	0.00953	0.00145	0.60336	0.00304	0.00166	0.00430
27	0.00479	0.00350	0.00471	0.03101	0.00605	0.00337	0.00370	0.00566	0.00764	0.01033	0.15887	0.67018	0.02524	0.02941	0.00505	0.00149	0.01295	0.00948	0.00345	0.00313
28	0.00712	0.00671	0.01133	0.81875	0.06659	0.00828	0.01036	0.00958	0.00747	0.00962	0.00662	0.00986	0.00499	0.00369	0.00371	0.00123	0.00492	0.00330	0.00166	0.00421
29	0.00540	0.00360	0.00405	0.00405	0.00405	0.00360	0.00225	0.00540	0.00540	0.00720	0.01170	0.02429	0.01349	0.86955	0.01889	0.00360	0.00360	0.00540	0.00225	0.00225
30	0.00452	0.00323	0.00431	0.00517	0.00538	0.00301	0.00345	0.00517	0.00711	0.00948	0.02046	0.86713	0.02455	0.01163	0.00474	0.00151	0.00215	0.01055	0.00345	0.00301
31	0.66618	0.00992	0.00677	0.00610	0.00830	0.22866	0.00484	0.01193	0.00741	0.01468	0.00532	0.00620	0.00422	0.00354	0.00257	0.00110	0.00387	0.00211	0.00220	0.00409
32	0.03812	0.01724	0.01039	0.00944	0.01133	0.81758	0.00710	0.01462	0.01032	0.00929	0.00571	0.00670	0.00476	0.00386	0.00346	0.00097	0.02051	0.00239	0.00192	0.00429
33	0.00586	0.00424	0.00579	0.00658	0.00738	0.00425	0.00555	0.00772	0.03971	0.01100	0.01962	0.17923	0.02152	0.01029	0.00501	0.00166	0.00319	0.65453	0.00344	0.00344
34	0.01021	0.00951	0.00887	0.00790	0.01003	0.12888	0.00614	0.07217	0.66883	0.01513	0.01338	0.01252	0.01008	0.00483	0.00371	0.00121	0.00354	0.00389	0.00351	0.00568
35	0.00452	0.00324	0.00429	0.00513	0.00537	0.00302	0.00343	0.00517	0.00714	0.00949	0.02093	0.84418	0.04720	0.01157	0.00473	0.00150	0.00215	0.01048	0.00345	0.00302
36	0.01369	0.01622	0.01051	0.00933	0.01140	0.69703	0.00710	0.13084	0.04920	0.01140	0.00661	0.00733	0.00530	0.00397	0.00342	0.00099	0.00615	0.00261	0.00225	0.00466
37	0.00450	0.00331	0.00423	0.00497	0.00533	0.00303	0.00336	0.00519	0.00730	0.00955	0.02288	0.74961	0.14051	0.01131	0.00469	0.00147	0.00211	0.01017	0.00345	0.00303
38	0.00618	0.00322	0.00476	0.00488	0.00491	0.00319	0.00326	0.00488	0.00516	0.00688	0.00843	0.13226	0.00901	0.01272	0.01313	0.76613	0.00307	0.00426	0.00187	0.00181
39	0.00992	0.87178	0.01945	0.00635	0.00953	0.01469	0.00635	0.01111	0.00754	0.00873	0.00516	0.00595	0.00476	0.00318	0.00238	0.00079	0.00397	0.00198	0.00159	0.00476
40	0.00692	0.00346	0.00346	0.00346	0.00432	0.00346	0.00259	0.00865	0.00778	0.01384	0.01211	0.01384	0.00951	0.00432	0.00259	0.00086	0.00173	0.00346	0.89016	0.00346
41	0.72753	0.00701	0.00606	0.00521	0.00762	0.00778	0.00429	0.01228	0.00714	0.17593	0.00698	0.00729	0.00501	0.00367	0.00257	0.00115	0.00293	0.00234	0.00274	0.00446
42	0.89577	0.00718	0.00546	0.00488	0.00718	0.00833	0.00402	0.01091	0.00632	0.01665	0.00517	0.00603	0.00402	0.00345	0.00230	0.00115	0.00287	0.00201	0.00230	0.00402
43	0.00876	0.01001	0.02190	0.01564	0.01940	0.00939	0.83292	0.01189	0.00876	0.01189	0.00751	0.01001	0.00563	0.00313	0.00438	0.00125	0.00626	0.00438	0.00188	0.00501
44	0.01004	0.79933	0.01860	0.00653	0.00961	0.04618	0.00636	0.01166	0.04636	0.00906	0.00564	0.00635	0.00507	0.00329	0.00248	0.00082	0.00402	0.00210	0.00170	0.00480
45	0.00720	0.00593	0.00589	0.00541	0.00661	0.12392	0.00409	0.00874	0.01032	0.07274	0.59029	0.02444	0.10596	0.00702	0.00419	0.00114	0.00256	0.00600	0.00375	0.00378
46	0.00527	0.00355	0.00413	0.00425	0.00429	0.00354	0.00247	0.00539	0.00565	0.00755	0.01290	0.14323	0.01497	0.73070	0.03435	0.00335	0.00353	0.00610	0.00241	0.00238
47	0.00577	0.00420	0.00569	0.00643	0.00734	0.00412	0.00557	0.00738	0.00853	0.01097	0.02202	0.04106	0.12981	0.01014	0.00503	0.00165	0.00322	0.71427	0.00342	0.00338
48	0.00850	0.29655	0.46054	0.01092	0.13130	0.01063	0.01098	0.01149	0.00783	0.01082	0.00622	0.00741	0.00489	0.00338	0.00317	0.00104	0.00484	0.00257	0.00161	0.00531
49	0.01366	0.01691	0.01052	0.00947	0.01140	0.77626	0.00716	0.05576	0.02904	0.00994	0.00608	0.00699	0.00500	0.00394	0.00356	0.00098	0.02436	0.00250	0.00204	0.00443
50	0.00529	0.00406	0.00563	0.00557	0.00621	0.00456	0.00423	0.00638	0.00624	0.00866	0.01387	0.01848	0.12773	0.12457	0.60332	0.00485	0.04028	0.00466	0.00221	0.00319
51	0.00509	0.00347	0.00414	0.00444	0.00451	0.00340	0.00267	0.00532	0.00599	0.00799	0.01475	0.31769	0.01734	0.57090	0.01397	0.00287	0.00310	0.00719	0.00267	0.00252

[dist]
# distance from previous block
# <min> <max>
0	10

[block]
# block no. 1 follows, 74 sequences, length 22
# corresponding to MSA columns:
# 109-130
name=unknown_B
#
# <colnr> <probs for GDERKNQSTAVLIFYWHMCP>
#	G	D	E	R	K	N	Q	S	T	A	V	L	I	F	Y	W	H	M	C	P
0	0.06176	0.01013	0.01120	0.02050	0.08786	0.18711	0.12080	0.10256	0.22184	0.02352	0.01051	0.01357	0.00876	0.00479	0.00382	0.00121	0.00452	0.09769	0.00279	0.00506
1	0.00994	0.00994	0.01762	0.01277	0.01625	0.03544	0.53568	0.18714	0.01055	0.01428	0.00765	0.00941	0.00574	0.00339	0.00402	0.00113	0.00540	0.00385	0.00231	0.10750
2	0.11214	0.00900	0.01227	0.16138	0.42678	0.07676	0.00935	0.08877	0.00913	0.04961	0.00712	0.00887	0.00560	0.00360	0.00350	0.00112	0.00442	0.00310	0.00216	0.00530
3	0.01149	0.55081	0.01610	0.00741	0.01021	0.24936	0.00661	0.07035	0.00915	0.03040	0.00582	0.00653	0.00499	0.00348	0.00278	0.00087	0.00472	0.00224	0.00190	0.00478
4	0.01054	0.01216	0.01101	0.00967	0.01047	0.36691	0.00772	0.01142	0.00772	0.00900	0.00524	0.00752	0.00483	0.00537	0.00846	0.00134	0.50182	0.00289	0.00175	0.00416
5	0.00489	0.00447	0.00586	0.00517	0.00668	0.00385	0.09849	0.00608	0.00846	0.01023	0.03370	0.05383	0.72739	0.00873	0.00440	0.00126	0.00239	0.00750	0.00327	0.00335
6	0.00530	0.00356	0.00408	0.00418	0.00420	0.00353	0.00239	0.00537	0.00559	0.00746	0.01271	0.12141	0.01477	0.77069	0.01726	0.00336	0.00343	0.00599	0.00239	0.00234
7	0.00939	0.00828	0.01500	0.22707	0.30331	0.00845	0.23011	0.01203	0.02955	0.10792	0.00812	0.01010	0.00610	0.00355	0.00388	0.00119	0.00486	0.00366	0.00217	0.00526
8	0.00639	0.00504	0.00759	0.02387	0.17747	0.00504	0.00666	0.00800	0.00821	0.01095	0.01688	0.17463	0.01837	0.02284	0.00497	0.00157	0.00343	0.49118	0.00305	0.00384
9	0.00643	0.00382	0.00466	0.00437	0.00535	0.00359	0.00331	0.00816	0.00961	0.06012	0.52176	0.02227	0.02511	0.00634	0.00375	0.00107	0.00182	0.00547	0.29935	0.00364
10	0.00813	0.01439	0.41644	0.01323	0.01781	0.00902	0.44277	0.01183	0.00832	0.01183	0.00711	0.00898	0.00519	0.00332	0.00397	0.00122	0.00589	0.00360	0.00173	0.00523
11	0.00581	0.00392	0.00514	0.00476	0.00574	0.00360	0.00360	0.00755	0.01051	0.05585	0.80368	0.02699	0.03375	0.00744	0.00435	0.00117	0.00182	0.00657	0.00411	0.00364
12	0.00452	0.00323	0.00431	0.00517	0.00538	0.00301	0.00345	0.00517	0.00711	0.00948	0.02046	0.86713	0.02455	0.01163	0.00474	0.00151	0.00215	0.01055	0.00345	0.00301
13	0.00439	0.00373	0.00379	0.00383	0.00503	0.00313	0.00285	0.00532	0.00839	0.01000	0.03673	0.07790	0.80328	0.00951	0.00440	0.00127	0.00189	0.00797	0.00345	0.00313
14	0.00723	0.00679	0.00957	0.00846	0.00863	0.00919	0.00690	0.00814	0.00575	0.00876	0.00656	0.01064	0.00647	0.05459	0.23770	0.00288	0.59266	0.00355	0.00175	0.00377
15	0.00525	0.00379	0.00496	0.00467	0.00555	0.00350	0.00350	0.00700	0.01051	0.01488	0.84444	0.02773	0.03502	0.00759	0.00438	0.00117	0.00175	0.00671	0.00409	0.00350
16	0.00540	0.00360	0.00405	0.00405	0.00405	0.00360	0.00225	0.00540	0.00540	0.00720	0.01170	0.02429	0.01349	0.86955	0.01889	0.00360	0.00360	0.00540	0.00225	0.00225
17	0.00992	0.87178	0.01945	0.00635	0.00953	0.01469	0.00635	0.01111	0.00754	0.00873	0.00516	0.00595	0.00476	0.00318	0.00238	0.00079	0.00397	0.00198	0.00159	0.00476
18	0.00522	0.00379	0.00491	0.00463	0.00552	0.00349	0.00347	0.00693	0.01042	0.01468	0.81016	0.02807	0.06943	0.00767	0.00438	0.00117	0.00176	0.00676	0.00406	0.00349
19	0.02944	0.01753	0.69805	0.01012	0.01514	0.00907	0.01244	0.14142	0.00932	0.01371	0.00698	0.00796	0.00494	0.00367	0.00353	0.00117	0.00520	0.00282	0.00192	0.00558
20	0.01422	0.01101	0.01093	0.00855	0.01140	0.10834	0.00698	0.69503	0.01628	0.06686	0.00886	0.00886	0.00629	0.00439	0.00367	0.00110	0.00433	0.00325	0.00355	0.00608
21	0.00842	0.04422	0.02673	0.01694	0.48630	0.00821	0.14345	0.01076	0.04307	0.01153	0.01083	0.01253	0.10271	0.00457	0.00441	0.04983	0.00429	0.00397	0.00208	0.00513

[dist]
# distance from previous block
# <min> <max>
0	3

[block]
# block no. 2 follows, 74 sequences, length 55
# corresponding to MSA columns:
# 134-188
name=unknown_C
#
# <colnr> <probs for GDERKNQSTAVLIFYWHMCP>
#	G	D	E	R	K	N	Q	S	T	A	V	L	I	F	Y	W	H	M	C	P
0	0.00848	0.10995	0.61454	0.01013	0.04053	0.00949	0.01181	0.10820	0.00894	0.01275	0.00711	0.02895	0.00542	0.00379	0.00346	0.00113	0.00504	0.00294	0.00188	0.00546
1	0.00542	0.00542	0.08619	0.00516	0.00667	0.00399	0.00442	0.00718	0.00943	0.01310	0.49803	0.08764	0.17833	0.00750	0.00421	0.00117	0.00223	0.00651	0.00355	0.06385
2	0.03302	0.00806	0.00909	0.05554	0.10326	0.13638	0.05487	0.06123	0.02199	0.06654	0.01455	0.11918	0.14950	0.00572	0.00380	0.00112	0.00378	0.02492	0.00274	0.12471
3	0.00910	0.00873	0.01491	0.05667	0.81320	0.00880	0.01135	0.01131	0.00841	0.01202	0.00697	0.00922	0.00584	0.00332	0.00368	0.00111	0.00443	0.00331	0.00183	0.00581
4	0.00992	0.87178	0.01945	0.00635	0.00953	0.01469	0.00635	0.01111	0.00754	0.00873	0.00516	0.00595	0.00476	0.00318	0.00238	0.00079	0.00397	0.00198	0.00159	0.00476
5	0.00462	0.00381	0.00417	0.00421	0.00536	0.00337	0.00322	0.00569	0.00835	0.01025	0.08240	0.03357	0.66766	0.01112	0.08623	0.00173	0.00274	0.05498	0.00334	0.00319
6	0.00813	0.17090	0.56204	0.00899	0.01344	0.03809	0.01084	0.01134	0.00803	0.03910	0.00960	0.01030	0.08568	0.00407	0.00340	0.00111	0.00483	0.00312	0.00187	0.00512
7	0.00611	0.00524	0.00542	0.00512	0.00666	0.00529	0.00391	0.01044	0.30111	0.01209	0.04994	0.02782	0.53115	0.00782	0.00417	0.00125	0.00225	0.00653	0.00358	0.00411
8	0.00539	0.00362	0.00418	0.00418	0.00422	0.00367	0.00241	0.00548	0.00544	0.00729	0.01158	0.02363	0.01321	0.81248	0.07557	0.00376	0.00403	0.00530	0.00223	0.00232
9	0.00784	0.00634	0.00873	0.00817	0.06234	0.00653	0.09219	0.04759	0.25219	0.05139	0.22785	0.10997	0.05921	0.00645	0.00417	0.00126	0.00302	0.03659	0.00350	0.00468
10	0.00824	0.09137	0.04066	0.32508	0.28384	0.06590	0.00950	0.01030	0.00801	0.01038	0.00809	0.07185	0.00733	0.00438	0.00368	0.00117	0.00455	0.03906	0.00192	0.00470
11	0.01043	0.00569	0.00678	0.00567	0.00749	0.00561	0.00451	0.15952	0.03253	0.24099	0.24621	0.01653	0.01607	0.00536	0.00363	0.00108	0.00258	0.00445	0.22008	0.00482
12	0.00451	0.00330	0.00424	0.00499	0.00534	0.00303	0.00337	0.00519	0.00728	0.00955	0.02264	0.76115	0.12912	0.01134	0.00469	0.00148	0.00212	0.01021	0.00345	0.00303
13	0.00939	0.03498	0.07502	0.14044	0.35231	0.03124	0.06982	0.07015	0.13320	0.03441	0.00840	0.00986	0.00651	0.00375	0.00369	0.00115	0.00447	0.00343	0.00228	0.00549
14	0.01058	0.01260	0.02317	0.09366	0.05097	0.36633	0.24260	0.01237	0.00894	0.01007	0.00661	0.02735	0.00554	0.00409	0.00479	0.00117	0.10942	0.00337	0.00187	0.00451
15	0.00452	0.00323	0.00431	0.00517	0.00538	0.00301	0.00345	0.00517	0.00711	0.00948	0.02046	0.86713	0.02455	0.01163	0.00474	0.00151	0.00215	0.01055	0.00345	0.00301
16	0.00954	0.00947	0.01426	0.15468	0.28896	0.10337	0.17581	0.06382	0.00893	0.03328	0.00720	0.00942	0.00575	0.00474	0.04027	0.00138	0.05859	0.00346	0.00201	0.00506
17	0.00883	0.03725	0.21466	0.08431	0.33061	0.05181	0.18433	0.02294	0.00849	0.01168	0.00690	0.00887	0.00539	0.00339	0.00374	0.00115	0.00520	0.00331	0.00179	0.00535
18	0.00623	0.03023	0.00611	0.00553	0.00625	0.00529	0.00402	0.04341	0.08649	0.00939	0.01091	0.01764	0.01079	0.33830	0.39857	0.00427	0.00647	0.00444	0.00232	0.00334
19	0.01411	0.01040	0.01114	0.00854	0.01151	0.01151	0.00706	0.83402	0.01745	0.02339	0.00891	0.00891	0.00631	0.00446	0.00371	0.00111	0.00408	0.00334	0.00371	0.00631
20	0.00782	0.00670	0.00793	0.00598	0.03045	0.00513	0.00461	0.01985	0.00784	0.01224	0.00664	0.00775	0.00552	0.00278	0.00279	0.00057	0.00281	0.00224	0.00221	0.85814
21	0.07436	0.37864	0.03197	0.00817	0.04323	0.18997	0.02731	0.09192	0.04447	0.06831	0.00687	0.00745	0.00551	0.00364	0.00298	0.00096	0.00449	0.00254	0.00222	0.00498
22	0.01328	0.00576	0.00739	0.00592	0.00819	0.00526	0.00480	0.07031	0.01056	0.53687	0.11837	0.01450	0.01231	0.00491	0.00361	0.00110	0.00279	0.00403	0.16460	0.00545
23	0.00919	0.00882	0.01507	0.02278	0.84640	0.00882	0.01139	0.01139	0.00845	0.01213	0.00698	0.00919	0.00588	0.00331	0.00367	0.00110	0.00441	0.00331	0.00184	0.00588
24	0.00476	0.00376	0.00417	0.00408	0.00509	0.00330	0.00298	0.00587	0.00882	0.01130	0.29212	0.03208	0.50694	0.09156	0.00578	0.00145	0.00200	0.00724	0.00354	0.00317
25	0.00540	0.00360	0.00405	0.00405	0.00405	0.00360	0.00225	0.00540	0.00540	0.00720	0.01170	0.02429	0.01349	0.86955	0.01889	0.00360	0.00360	0.00540	0.00225	0.00225
26	0.00550	0.00389	0.00479	0.00450	0.00557	0.00348	0.00340	0.00701	0.00995	0.04879	0.58864	0.02928	0.25551	0.00796	0.00435	0.00119	0.00185	0.00689	0.00393	0.00352
27	0.00452	0.00323	0.00431	0.00517	0.00538	0.00301	0.00345	0.00517	0.00711	0.00948	0.02046	0.86713	0.02455	0.01163	0.00474	0.00151	0.00215	0.01055	0.00345	0.00301
28	0.00554	0.00363	0.00463	0.00492	0.00552	0.00334	0.00341	0.00641	0.00793	0.06719	0.16671	0.49071	0.11214	0.09272	0.00593	0.00160	0.00226	0.00862	0.00352	0.00326
29	0.00812	0.00812	0.01137	0.00975	0.00975	0.01137	0.00812	0.00893	0.00568	0.00893	0.00487	0.00812	0.00487	0.00650	0.01218	0.00162	0.86276	0.00325	0.00162	0.00406
30	0.00919	0.00882	0.01507	0.02278	0.84640	0.00882	0.01139	0.01139	0.00845	0.01213	0.00698	0.00919	0.00588	0.00331	0.00367	0.00110	0.00441	0.00331	0.00184	0.00588
31	0.00581	0.00406	0.00559	0.00629	0.00705	0.00400	0.00530	0.00706	0.00808	0.01047	0.01981	0.09441	0.08325	0.01054	0.00595	0.08730	0.00320	0.62539	0.00325	0.00320
32	0.00992	0.87178	0.01945	0.00635	0.00953	0.01469	0.00635	0.01111	0.00754	0.00873	0.00516	0.00595	0.00476	0.00318	0.00238	0.00079	0.00397	0.00198	0.00159	0.00476
33	0.00452	0.00323	0.00431	0.00517	0.00538	0.00301	0.00345	0.00517	0.00711	0.00948	0.02046	0.86713	0.02455	0.01163	0.00474	0.00151	0.00215	0.01055	0.00345	0.00301
34	0.00512	0.00380	0.00478	0.00458	0.00552	0.00346	0.00346	0.00673	0.01009	0.01392	0.67742	0.02957	0.17634	0.00799	0.00440	0.00120	0.00183	0.03239	0.00395	0.00344
35	0.00859	0.00958	0.01841	0.04709	0.01737	0.06590	0.63000	0.01131	0.00879	0.01145	0.00979	0.01393	0.04251	0.00415	0.00436	0.00128	0.00578	0.08294	0.00209	0.00469
36	0.00680	0.00669	0.11544	0.04958	0.00865	0.00520	0.00546	0.09197	0.01618	0.05382	0.09225	0.24456	0.22124	0.03330	0.00461	0.00133	0.00294	0.00663	0.00318	0.03016
37	0.03663	0.43479	0.07000	0.00773	0.01041	0.16923	0.00710	0.06487	0.06496	0.01065	0.00625	0.00715	0.00530	0.00385	0.00376	0.00099	0.08709	0.00247	0.00196	0.00481
38	0.00880	0.06811	0.09547	0.11880	0.58544	0.00915	0.03877	0.01120	0.00822	0.01154	0.00680	0.00895	0.00557	0.00336	0.00360	0.00111	0.00461	0.00320	0.00177	0.00553
39	0.00722	0.00681	0.01151	0.78004	0.10452	0.00830	0.01041	0.00967	0.00752	0.00974	0.00663	0.00983	0.00504	0.00367	0.00371	0.00122	0.00490	0.00330	0.00167	0.00429
40	0.00878	0.18669	0.33412	0.01114	0.03945	0.05063	0.22086	0.02240	0.03371	0.01121	0.00681	0.00828	0.00527	0.00378	0.01311	0.00117	0.03260	0.00309	0.00178	0.00513
41	0.00832	0.06202	0.61206	0.01029	0.01495	0.07415	0.06074	0.01273	0.08810	0.01176	0.00737	0.00836	0.00540	0.00365	0.00353	0.00115	0.00530	0.00291	0.00183	0.00537
42	0.00608	0.00395	0.00503	0.00532	0.00606	0.00373	0.00377	0.00760	0.06435	0.09125	0.10753	0.58000	0.08118	0.00992	0.00451	0.00140	0.00224	0.00887	0.00365	0.00359
43	0.00574	0.00415	0.00538	0.00613	0.08545	0.00424	0.00348	0.00614	0.00579	0.00790	0.01111	0.03186	0.01231	0.65825	0.13387	0.00366	0.00454	0.00506	0.00219	0.00276
44	0.06219	0.07971	0.14353	0.05328	0.05027	0.14196	0.16785	0.13145	0.05427	0.02622	0.03170	0.00912	0.00646	0.00387	0.00376	0.00113	0.02260	0.00326	0.00229	0.00508
45	0.06711	0.00612	0.00602	0.00556	0.00711	0.08641	0.03186	0.03289	0.06744	0.04666	0.02579	0.09592	0.45928	0.00781	0.00411	0.00125	0.00283	0.03879	0.00325	0.00379
46	0.00579	0.00429	0.00564	0.00629	0.00723	0.00423	0.00535	0.00767	0.04113	0.01104	0.02245	0.07462	0.15616	0.00997	0.00494	0.00161	0.00309	0.62163	0.00344	0.00345
47	0.00568	0.00411	0.00548	0.00606	0.00687	0.00404	0.00506	0.00713	0.00828	0.01079	0.07643	0.03762	0.11072	0.09322	0.03546	0.00195	0.00338	0.57114	0.00330	0.00328
48	0.08136	0.10580	0.10519	0.02088	0.16270	0.16212	0.03259	0.22560	0.02375	0.03555	0.00721	0.00811	0.00555	0.00378	0.00338	0.00107	0.00469	0.00290	0.00242	0.00536
49	0.01051	0.00896	0.01302	0.02977	0.55880	0.06858	0.00960	0.04751	0.05661	0.11757	0.00850	0.00989	0.00665	0.00448	0.03229	0.00127	0.00451	0.00337	0.00238	0.00573
50	0.00452	0.00325	0.00429	0.00511	0.00537	0.00302	0.00342	0.00517	0.00716	0.00950	0.02113	0.83446	0.05679	0.01154	0.00472	0.00150	0.00214	0.01045	0.00345	0.00302
51	0.03777	0.00903	0.07636	0.03772	0.12028	0.02607	0.37656	0.02898	0.00874	0.01203	0.06815	0.04750	0.11063	0.00471	0.00424	0.00122	0.01826	0.00475	0.00230	0.00468
52	0.00865	0.09561	0.39313	0.04192	0.21694	0.07463	0.06985	0.01165	0.00817	0.01121	0.00673	0.01910	0.00533	0.00359	0.00366	0.00112	0.01867	0.00302	0.00171	0.00529
53	0.00823	0.00639	0.00731	0.00646	0.00819	0.00681	0.02618	0.09158	0.31958	0.06771	0.05284	0.07763	0.23563	0.03573	0.00481	0.00134	0.02968	0.00560	0.00356	0.00472
54	0.09876	0.00881	0.00952	0.00743	0.01015	0.00949	0.00612	0.54566	0.01440	0.16461	0.00981	0.00968	0.00685	0.00437	0.00349	0.00110	0.00361	0.00329	0.07697	0.00586

[dist]
# distance from previous block
# <min> <max>
0	6

[block]
# block no. 3 follows, 74 sequences, length 6
# corresponding to MSA columns:
# 195-200
name=unknown_D
#
# <colnr> <probs for GDERKNQSTAVLIFYWHMCP>
#	G	D	E	R	K	N	Q	S	T	A	V	L	I	F	Y	W	H	M	C	P
0	0.01179	0.05336	0.11241	0.01046	0.13355	0.19975	0.02844	0.10838	0.04087	0.18110	0.04489	0.04141	0.00827	0.00438	0.00363	0.00110	0.00454	0.00353	0.00281	0.00533
1	0.04534	0.02380	0.14640	0.00706	0.03996	0.03199	0.00622	0.00972	0.00812	0.05475	0.06165	0.10029	0.03501	0.00500	0.00346	0.00099	0.00331	0.05863	0.02010	0.33821
2	0.00532	0.00389	0.00552	0.00552	0.00603	0.00440	0.00409	0.00634	0.00583	0.00829	0.01035	0.01683	0.01026	0.22273	0.66128	0.00542	0.00847	0.00431	0.00205	0.00307
3	0.44900	0.04529	0.06704	0.00792	0.05848	0.05156	0.06658	0.04414	0.00749	0.01401	0.00728	0.09502	0.00662	0.00451	0.00363	0.00120	0.06030	0.00334	0.00227	0.00434
4	0.00630	0.00511	0.00494	0.00490	0.00519	0.09077	0.00313	0.00658	0.00617	0.00773	0.01155	0.02322	0.01293	0.67902	0.05856	0.00332	0.00422	0.06148	0.00228	0.00259
5	0.09984	0.09270	0.04051	0.03096	0.23642	0.07479	0.11833	0.01152	0.04362	0.01206	0.00684	0.00831	0.00555	0.00329	0.00327	0.00098	0.00425	0.00289	0.00202	0.20185

[dist]
# distance from previous block
# <min> <max>
0	1

[block]
# block no. 4 follows, 74 sequences, length 63
# corresponding to MSA columns:
# 202-264
name=unknown_E
#
# <colnr> <probs for GDERKNQSTAVLIFYWHMCP>
#	G	D	E	R	K	N	Q	S	T	A	V	L	I	F	Y	W	H	M	C	P
0	0.00465	0.00346	0.00433	0.00477	0.00534	0.00314	0.00333	0.00560	0.00812	0.01076	0.20183	0.51260	0.19791	0.01029	0.00459	0.00138	0.00201	0.00916	0.00358	0.00314
1	0.00729	0.00632	0.00894	0.05030	0.18487	0.00653	0.04158	0.04584	0.14206	0.01356	0.29000	0.01973	0.13110	0.00599	0.00430	0.00120	0.02741	0.00524	0.00318	0.00456
2	0.77116	0.00671	0.00528	0.00479	0.00692	0.00764	0.00390	0.01017	0.00655	0.01569	0.00893	0.00959	0.09812	0.00480	0.02648	0.00130	0.00296	0.00272	0.00242	0.00390
3	0.00538	0.00361	0.00413	0.00414	0.00417	0.00363	0.00236	0.00544	0.00545	0.00730	0.01180	0.04083	0.01356	0.82041	0.05032	0.00365	0.00381	0.00545	0.00226	0.00230
4	0.03527	0.00689	0.00832	0.00628	0.00931	0.00594	0.02093	0.03911	0.10168	0.22122	0.00960	0.00965	0.00705	0.00355	0.00316	0.00083	0.00299	0.00288	0.00302	0.50233
5	0.00923	0.00797	0.00839	0.00755	0.00965	0.00923	0.00588	0.01972	0.83969	0.01553	0.01511	0.01385	0.01133	0.00504	0.00378	0.00126	0.00294	0.00420	0.00378	0.00588
6	0.01332	0.01000	0.01069	0.00838	0.01121	0.01114	0.00686	0.70212	0.15063	0.02212	0.00992	0.00971	0.00713	0.00455	0.00372	0.00114	0.00390	0.00348	0.00372	0.00624
7	0.00439	0.00376	0.00376	0.00376	0.00501	0.00313	0.00282	0.00533	0.00846	0.01003	0.03760	0.03572	0.84489	0.00940	0.00439	0.00125	0.00188	0.00783	0.00345	0.00313
8	0.00645	0.00322	0.00484	0.00484	0.00484	0.00322	0.00322	0.00484	0.00484	0.00645	0.00645	0.01128	0.00645	0.01289	0.01451	0.89201	0.00322	0.00322	0.00161	0.00161
9	0.01042	0.76532	0.01834	0.00675	0.00977	0.11939	0.00645	0.01158	0.00791	0.00878	0.00523	0.00605	0.00477	0.00326	0.00250	0.00081	0.00431	0.00204	0.00163	0.00471
10	0.00744	0.01920	0.85032	0.01058	0.01607	0.00862	0.01371	0.01176	0.00784	0.01176	0.00666	0.00784	0.00470	0.00353	0.00353	0.00118	0.00549	0.00274	0.00157	0.00549
11	0.01357	0.01013	0.01083	0.00843	0.01130	0.01126	0.00692	0.74304	0.10932	0.02251	0.00960	0.00946	0.00687	0.00452	0.00372	0.00113	0.00396	0.00344	0.00372	0.00626
12	0.00452	0.00323	0.00431	0.00517	0.00538	0.00301	0.00345	0.00517	0.00711	0.00948	0.02046	0.86713	0.02455	0.01163	0.00474	0.00151	0.00215	0.01055	0.00345	0.00301
13	0.00530	0.00397	0.00592	0.00592	0.00657	0.00462	0.00459	0.00660	0.00595	0.00859	0.00998	0.01479	0.00937	0.04584	0.83697	0.00591	0.00981	0.00401	0.00199	0.00329
14	0.00854	0.00806	0.01363	0.07013	0.70411	0.00814	0.01044	0.01058	0.00824	0.01167	0.00847	0.10509	0.00791	0.00426	0.00380	0.00116	0.00419	0.00412	0.00201	0.00546
15	0.01665	0.00632	0.00861	0.00660	0.00948	0.00546	0.00546	0.01809	0.01062	0.84897	0.01464	0.01263	0.00919	0.00459	0.00373	0.00115	0.00316	0.00373	0.00459	0.00632
16	0.00645	0.00322	0.00484	0.00484	0.00484	0.00322	0.00322	0.00484	0.00484	0.00645	0.00645	0.01128	0.00645	0.01289	0.01451	0.89201	0.00322	0.00322	0.00161	0.00161
17	0.01411	0.01040	0.01114	0.00854	0.01151	0.01151	0.00706	0.83402	0.01745	0.02339	0.00891	0.00891	0.00631	0.00446	0.00371	0.00111	0.00408	0.00334	0.00371	0.00631
18	0.01046	0.00979	0.01593	0.10730	0.03845	0.03363	0.38197	0.28311	0.04567	0.01547	0.00824	0.01780	0.00618	0.00381	0.00402	0.00120	0.00518	0.00388	0.00255	0.00536
19	0.00448	0.00376	0.00389	0.00386	0.00507	0.00317	0.00290	0.00551	0.00869	0.01057	0.12775	0.03483	0.75440	0.00920	0.00439	0.00124	0.00187	0.00771	0.00352	0.00317
20	0.00516	0.00379	0.00484	0.00458	0.00549	0.00346	0.00343	0.00683	0.01029	0.01438	0.76081	0.02856	0.11896	0.00778	0.00438	0.00118	0.00176	0.00683	0.00402	0.00346
21	0.06383	0.00546	0.09821	0.00435	0.00582	0.00435	0.00393	0.00914	0.00770	0.01379	0.01106	0.01267	0.00862	0.00418	0.00268	0.00092	0.00222	0.00329	0.73409	0.00372
22	0.01281	0.01169	0.14570	0.00882	0.01215	0.01094	0.00807	0.66276	0.05557	0.02115	0.00885	0.00898	0.00630	0.00433	0.00369	0.00113	0.00425	0.00329	0.00337	0.00616
23	0.00466	0.00333	0.00446	0.00532	0.00560	0.00313	0.00368	0.00540	0.00724	0.00963	0.02038	0.79091	0.02426	0.01150	0.00477	0.00153	0.00227	0.08544	0.00344	0.00305
24	0.00452	0.00377	0.00394	0.00390	0.00509	0.00319	0.00292	0.00558	0.00877	0.01077	0.16093	0.03450	0.72110	0.00912	0.00439	0.00124	0.00186	0.00766	0.00354	0.00319
25	0.00796	0.00675	0.00784	0.00562	0.00891	0.00522	0.00451	0.04326	0.00810	0.01256	0.00669	0.00775	0.00553	0.00282	0.00279	0.00057	0.00280	0.00225	0.00226	0.85581
26	0.01305	0.01608	0.01089	0.01091	0.10464	0.70607	0.00756	0.01475	0.06332	0.00984	0.00648	0.00743	0.00532	0.00384	0.00341	0.00099	0.00620	0.00261	0.00202	0.00458
27	0.00675	0.00435	0.00568	0.00595	0.00713	0.00409	0.00502	0.00824	0.00886	0.10465	0.06538	0.03638	0.22203	0.00928	0.00475	0.00151	0.00293	0.48977	0.00359	0.00368
28	0.09526	0.05699	0.03313	0.00841	0.01975	0.33808	0.00676	0.22554	0.05437	0.11517	0.00807	0.00831	0.00598	0.00406	0.00337	0.00105	0.00485	0.00285	0.00280	0.00519
29	0.00665	0.02496	0.03087	0.00666	0.04183	0.02174	0.04313	0.00906	0.10367	0.05324	0.21031	0.21705	0.16996	0.02645	0.00467	0.00132	0.01435	0.00674	0.00337	0.00398
30	0.00573	0.00444	0.00610	0.00602	0.00644	0.00514	0.00458	0.00666	0.00617	0.00865	0.01175	0.05465	0.02788	0.23119	0.38798	0.00405	0.12127	0.09591	0.00225	0.00315
31	0.00941	0.01288	0.17703	0.06836	0.11005	0.16940	0.37495	0.01221	0.00880	0.01120	0.00689	0.00887	0.00528	0.00339	0.00390	0.00116	0.00590	0.00350	0.00181	0.00501
32	0.01142	0.02272	0.07270	0.01155	0.16791	0.20951	0.04422	0.21612	0.05626	0.05372	0.02793	0.02886	0.00756	0.00443	0.00390	0.00113	0.02544	0.02662	0.00266	0.00532
33	0.01077	0.01257	0.01043	0.00993	0.06394	0.46369	0.03848	0.01209	0.02303	0.00939	0.00686	0.01932	0.00607	0.00863	0.15908	0.00200	0.13449	0.00307	0.00193	0.00423
34	0.00464	0.00328	0.00432	0.00507	0.00536	0.00306	0.00342	0.00539	0.00736	0.00995	0.07312	0.77963	0.03425	0.01114	0.00465	0.00146	0.00211	0.01007	0.02866	0.00306
35	0.00836	0.00747	0.01218	0.01528	0.43295	0.00736	0.09509	0.05760	0.02810	0.03640	0.05449	0.10959	0.10823	0.00529	0.00399	0.00119	0.00383	0.00497	0.00255	0.00506
36	0.05448	0.00971	0.02915	0.04032	0.60254	0.08345	0.03347	0.04411	0.02721	0.01246	0.00699	0.00889	0.00575	0.00352	0.00377	0.00112	0.02233	0.00320	0.00197	0.00555
37	0.00488	0.00351	0.00407	0.00435	0.00470	0.00330	0.00277	0.00531	0.00665	0.00858	0.02041	0.30264	0.20485	0.39461	0.01099	0.00238	0.00274	0.00763	0.00291	0.00270
38	0.03726	0.01100	0.01201	0.01273	0.24096	0.24480	0.06878	0.10575	0.06349	0.14069	0.00899	0.00966	0.01908	0.00397	0.00363	0.00109	0.00478	0.00329	0.00265	0.00540
39	0.02842	0.10165	0.20424	0.11644	0.04880	0.09755	0.11749	0.15852	0.04415	0.03707	0.00747	0.00866	0.00559	0.00374	0.00355	0.00112	0.00497	0.00311	0.00224	0.00523
40	0.00545	0.00400	0.00465	0.00451	0.00563	0.00358	0.00339	0.01774	0.02362	0.04651	0.32459	0.10679	0.40696	0.00862	0.00438	0.00125	0.00198	0.01914	0.00373	0.00348
41	0.00643	0.00500	0.00581	0.00613	0.00701	0.03939	0.00474	0.09894	0.00900	0.01164	0.03113	0.40636	0.08193	0.00986	0.00466	0.00148	0.00292	0.26060	0.00341	0.00358
42	0.02828	0.34668	0.14853	0.00840	0.01138	0.37919	0.00784	0.01283	0.00886	0.00952	0.00565	0.00658	0.00475	0.00352	0.00298	0.00093	0.00538	0.00228	0.00174	0.00466
43	0.01507	0.00603	0.00810	0.00639	0.00895	0.00530	0.00520	0.03521	0.01047	0.71837	0.04894	0.06786	0.01118	0.00516	0.00379	0.00116	0.00302	0.00427	0.02962	0.00591
44	0.00774	0.02878	0.17838	0.20895	0.27066	0.00807	0.08145	0.01032	0.00788	0.01104	0.02227	0.01892	0.01772	0.00571	0.06818	0.01123	0.00513	0.01160	0.02109	0.00488
45	0.00744	0.01920	0.85032	0.01058	0.01607	0.00862	0.01371	0.01176	0.00784	0.01176	0.00666	0.00784	0.00470	0.00353	0.00353	0.00118	0.00549	0.00274	0.00157	0.00549
46	0.00510	0.00382	0.00423	0.00425	0.00533	0.00332	0.00315	0.00606	0.00838	0.04383	0.10068	0.12653	0.56454	0.06435	0.00536	0.00144	0.00212	0.04082	0.00347	0.00323
47	0.00451	0.00377	0.00394	0.00389	0.00509	0.00319	0.00292	0.00557	0.00876	0.01074	0.15578	0.03455	0.72627	0.00914	0.00439	0.00124	0.00186	0.00767	0.00354	0.00319
48	0.00451	0.00329	0.00425	0.00501	0.00534	0.00303	0.00338	0.00519	0.00726	0.00954	0.02237	0.77424	0.11621	0.01138	0.00470	0.00148	0.00212	0.01025	0.00345	0.00303
49	0.00540	0.00360	0.00405	0.00405	0.00405	0.00360	0.00225	0.00540	0.00540	0.00720	0.01170	0.02429	0.01349	0.86955	0.01889	0.00360	0.00360	0.00540	0.00225	0.00225
50	0.00744	0.01920	0.85032	0.01058	0.01607	0.00862	0.01371	0.01176	0.00784	0.01176	0.00666	0.00784	0.00470	0.00353	0.00353	0.00118	0.00549	0.00274	0.00157	0.00549
51	0.00847	0.00809	0.01377	0.29917	0.57562	0.00863	0.01103	0.01076	0.00811	0.01125	0.00686	0.00942	0.00557	0.00344	0.00369	0.00115	0.00459	0.00330	0.00178	0.00530
52	0.01018	0.00808	0.00935	0.00925	0.10325	0.00900	0.00656	0.08560	0.60034	0.08279	0.01372	0.01323	0.01028	0.00483	0.00378	0.00123	0.00322	0.01580	0.00362	0.00591
53	0.00978	0.00824	0.00870	0.00766	0.00986	0.00949	0.00601	0.11070	0.74782	0.01641	0.01442	0.01330	0.01077	0.00497	0.00377	0.00124	0.00307	0.00410	0.00377	0.00592
54	0.00542	0.00360	0.00404	0.00404	0.00405	0.00360	0.00226	0.00545	0.00544	0.00731	0.01170	0.02411	0.01343	0.85474	0.01861	0.00355	0.00357	0.00536	0.01745	0.00227
55	0.00452	0.00323	0.00431	0.00517	0.00538	0.00301	0.00345	0.00517	0.00711	0.00948	0.02046	0.86713	0.02455	0.01163	0.00474	0.00151	0.00215	0.01055	0.00345	0.00301
56	0.00624	0.00453	0.00565	0.00510	0.00621	0.00440	0.00390	0.09941	0.01128	0.01584	0.75109	0.02562	0.03182	0.00724	0.00430	0.00116	0.00201	0.00634	0.00404	0.00382
57	0.00452	0.00377	0.00394	0.00390	0.00509	0.00319	0.00292	0.00558	0.00877	0.01076	0.15861	0.03452	0.72343	0.00913	0.00439	0.00124	0.00186	0.00767	0.00354	0.00319
58	0.01028	0.00692	0.00742	0.00610	0.00801	0.00744	0.00490	0.41570	0.01286	0.01867	0.10353	0.01296	0.01078	0.00475	0.00335	0.00102	0.00289	0.00376	0.35379	0.00487
59	0.01319	0.00990	0.01111	0.00869	0.01116	0.01132	0.00719	0.67377	0.01530	0.04427	0.00840	0.00889	0.00615	0.00480	0.00512	0.00120	0.14688	0.00334	0.00339	0.00594
60	0.01071	0.00779	0.00872	0.00729	0.00946	0.00853	0.00586	0.35632	0.21775	0.07440	0.07232	0.01462	0.04515	0.01953	0.09915	0.00175	0.00411	0.02755	0.00358	0.00540
61	0.01336	0.04300	0.02208	0.00845	0.01083	0.37320	0.00672	0.21543	0.09736	0.13477	0.00918	0.03325	0.00703	0.00441	0.00354	0.00107	0.00492	0.00323	0.00296	0.00524
62	0.05105	0.03704	0.07182	0.04611	0.04175	0.17663	0.03044	0.18345	0.14818	0.09206	0.00959	0.03395	0.00745	0.00488	0.02118	0.00122	0.00451	0.01157	0.00287	0.02424

[dist]
# distance from previous block
# <min> <max>
1	43

[block]
# block no. 5 follows, 74 sequences, length 29
# corresponding to MSA columns:
# 308-336
name=unknown_F
#
# <colnr> <probs for GDERKNQSTAVLIFYWHMCP>
#	G	D	E	R	K	N	Q	S	T	A	V	L	I	F	Y	W	H	M	C	P
0	0.20757	0.01706	0.06892	0.01623	0.02979	0.04803	0.02643	0.05747	0.09571	0.02557	0.11234	0.04054	0.05974	0.02967	0.00519	0.00130	0.13067	0.00399	0.00268	0.02109
1	0.00782	0.11328	0.36123	0.02289	0.03512	0.02236	0.02447	0.04649	0.02629	0.02792	0.04277	0.04013	0.00814	0.05035	0.13037	0.00195	0.00537	0.00351	0.00207	0.02746
2	0.17443	0.06818	0.10178	0.05021	0.07331	0.07918	0.00677	0.08651	0.02941	0.08456	0.05596	0.11114	0.02781	0.00522	0.00352	0.00117	0.00376	0.02969	0.00272	0.00467
3	0.00560	0.00388	0.00506	0.01737	0.00624	0.00373	0.00392	0.04696	0.00834	0.03740	0.14184	0.60052	0.03865	0.01023	0.00460	0.00143	0.00233	0.05494	0.00356	0.00339
4	0.00982	0.74381	0.01781	0.00653	0.00955	0.01388	0.00628	0.01239	0.13083	0.00974	0.00663	0.00712	0.00574	0.00345	0.00259	0.00086	0.00382	0.00231	0.00191	0.00493
5	0.00934	0.00674	0.00800	0.00581	0.00903	0.00535	0.00469	0.05135	0.00861	0.13664	0.00790	0.00849	0.00608	0.00311	0.00294	0.00067	0.00288	0.00248	0.00263	0.71726
6	0.00930	0.13663	0.01539	0.01960	0.68111	0.00971	0.01037	0.01176	0.04935	0.01179	0.00711	0.00894	0.00598	0.00337	0.00349	0.00106	0.00427	0.00316	0.00190	0.00571
7	0.00689	0.00646	0.01079	0.82051	0.02460	0.00801	0.00996	0.00929	0.00747	0.00951	0.00805	0.01111	0.04428	0.00398	0.00374	0.00124	0.00480	0.00351	0.00173	0.00408
8	0.00669	0.00461	0.00514	0.00475	0.00520	0.00479	0.00301	0.12818	0.00719	0.00962	0.01125	0.02182	0.01235	0.72476	0.03316	0.00328	0.00380	0.00507	0.00246	0.00287
9	0.00764	0.01784	0.72759	0.01133	0.01656	0.00873	0.13508	0.01178	0.00797	0.01178	0.00679	0.00816	0.00484	0.00347	0.00365	0.00119	0.00560	0.00299	0.00161	0.00541
10	0.00905	0.00868	0.01475	0.02225	0.82296	0.00866	0.01115	0.01122	0.00845	0.01207	0.00783	0.00993	0.02925	0.00348	0.00369	0.00111	0.00434	0.00343	0.00188	0.00580
11	0.00439	0.00376	0.00376	0.00376	0.00501	0.00313	0.00282	0.00533	0.00846	0.01003	0.03760	0.03572	0.84489	0.00940	0.00439	0.00125	0.00188	0.00783	0.00345	0.00313
12	0.01411	0.01040	0.01114	0.00854	0.01151	0.01151	0.00706	0.83402	0.01745	0.02339	0.00891	0.00891	0.00631	0.00446	0.00371	0.00111	0.00408	0.00334	0.00371	0.00631
13	0.01392	0.01615	0.01065	0.00935	0.01148	0.67614	0.00715	0.18826	0.01199	0.01211	0.00641	0.00716	0.00511	0.00396	0.00342	0.00099	0.00614	0.00259	0.00229	0.00473
14	0.00451	0.00377	0.00395	0.00391	0.00511	0.00321	0.00294	0.00555	0.00866	0.01058	0.13408	0.03434	0.73075	0.00955	0.02142	0.00134	0.00203	0.00762	0.00349	0.00318
15	0.00505	0.00394	0.00469	0.00506	0.00610	0.00359	0.00412	0.00630	0.00848	0.01055	0.05041	0.07585	0.46081	0.00979	0.00470	0.00144	0.00250	0.32990	0.00345	0.00325
16	0.00919	0.00882	0.01507	0.02278	0.84640	0.00882	0.01139	0.01139	0.00845	0.01213	0.00698	0.00919	0.00588	0.00331	0.00367	0.00110	0.00441	0.00331	0.00184	0.00588
17	0.01116	0.01192	0.00997	0.00876	0.01090	0.33701	0.04724	0.04298	0.45148	0.01310	0.01091	0.01073	0.00835	0.00445	0.00364	0.00114	0.00459	0.00348	0.00296	0.00524
18	0.00535	0.00378	0.00497	0.00497	0.00529	0.00410	0.00340	0.00599	0.00567	0.00788	0.01085	0.01962	0.01147	0.46489	0.42079	0.00474	0.00665	0.00471	0.00212	0.00276
19	0.00880	0.00842	0.01436	0.17319	0.69904	0.00872	0.01120	0.01105	0.00827	0.01165	0.00691	0.00931	0.00571	0.00338	0.00368	0.00113	0.00451	0.00331	0.00180	0.00556
20	0.00878	0.00995	0.03628	0.01641	0.14154	0.00935	0.66852	0.01172	0.00860	0.01183	0.00733	0.00979	0.00563	0.00327	0.00452	0.00124	0.03414	0.00415	0.00186	0.00511
21	0.01410	0.01074	0.01111	0.00859	0.01151	0.05099	0.00706	0.79566	0.01713	0.02272	0.00876	0.00881	0.00624	0.00443	0.00370	0.00111	0.00421	0.00330	0.00363	0.00622
22	0.00911	0.00538	0.00607	0.00524	0.00689	0.00533	0.00412	0.15477	0.03779	0.14769	0.13367	0.03298	0.15307	0.00585	0.00360	0.00109	0.00245	0.00482	0.27568	0.00444
23	0.02615	0.00924	0.00918	0.00788	0.01008	0.09759	0.00635	0.34346	0.25515	0.01708	0.01221	0.01481	0.02530	0.00640	0.04265	0.00144	0.00415	0.10210	0.00340	0.00539
24	0.00861	0.00810	0.01372	0.02029	0.72198	0.00820	0.01039	0.01069	0.00808	0.01161	0.00742	0.00999	0.00638	0.00694	0.12978	0.00182	0.00523	0.00341	0.00186	0.00550
25	0.00476	0.00347	0.00466	0.00531	0.00573	0.00337	0.00378	0.00563	0.00721	0.00961	0.03395	0.60146	0.08027	0.01369	0.13068	0.00216	0.00338	0.07452	0.00324	0.00311
26	0.00901	0.00924	0.01282	0.35617	0.39416	0.13390	0.01033	0.01114	0.00835	0.01062	0.00664	0.00910	0.00534	0.00355	0.00364	0.00113	0.00496	0.00317	0.00177	0.00494
27	0.14367	0.00880	0.00923	0.00746	0.01007	0.00974	0.00607	0.42614	0.20445	0.09873	0.01041	0.01010	0.00748	0.00445	0.00349	0.00115	0.00349	0.00338	0.02589	0.00580
28	0.24999	0.02698	0.05079	0.00918	0.01189	0.24484	0.15328	0.17348	0.01019	0.01454	0.00654	0.00760	0.00502	0.00374	0.00344	0.00111	0.01741	0.00285	0.00234	0.00481

[dist]
# distance from previous block
# <min> <max>
8	12

[block]
# block no. 6 follows, 74 sequences, length 21
# corresponding to MSA columns:
# 350-370
name=unknown_G
#
# <colnr> <probs for GDERKNQSTAVLIFYWHMCP>
#	G	D	E	R	K	N	Q	S	T	A	V	L	I	F	Y	W	H	M	C	P
0	0.08853	0.01082	0.01008	0.00881	0.03272	0.23013	0.04751	0.21105	0.16837	0.01466	0.00996	0.03437	0.03886	0.00501	0.01382	0.00122	0.06269	0.00356	0.00281	0.00503
1	0.00638	0.00406	0.00457	0.00434	0.00549	0.00356	0.00314	0.00718	0.00804	0.13094	0.02762	0.09673	0.48866	0.18412	0.00728	0.00174	0.00244	0.00696	0.00337	0.00340
2	0.00529	0.00391	0.00560	0.00558	0.00618	0.00440	0.00421	0.00644	0.00615	0.00873	0.04802	0.01706	0.03204	0.14473	0.67815	0.00530	0.00848	0.00440	0.00216	0.00317
3	0.00473	0.00365	0.00432	0.00442	0.00529	0.00324	0.00321	0.00589	0.00887	0.01163	0.32173	0.23002	0.36108	0.00928	0.00447	0.00128	0.00190	0.00808	0.00367	0.00324
4	0.01001	0.37601	0.09462	0.00700	0.00993	0.01095	0.00668	0.20094	0.05467	0.03528	0.04210	0.01156	0.06818	0.00448	0.00321	0.00101	0.00374	0.02368	0.03088	0.00505
5	0.02378	0.02457	0.36968	0.00808	0.01139	0.12044	0.00861	0.01157	0.06194	0.07179	0.10837	0.01476	0.12459	0.01962	0.00397	0.00119	0.00429	0.00404	0.00254	0.00477
6	0.00459	0.00333	0.00433	0.00510	0.00542	0.00309	0.00348	0.00529	0.00725	0.00955	0.02172	0.74398	0.09458	0.02812	0.00500	0.00154	0.00221	0.04497	0.00342	0.00303
