[name]
unknown

[dist]
# distance from previous block
# <min> <max>
0	0

[block]
# block no. 0 follows, 66 sequences, length 26
# corresponding to MSA columns:
# 0-25
name=unknown_A
#
# <colnr> <probs for GDERKNQSTAVLIFYWHMCP>
#	G	D	E	R	K	N	Q	S	T	A	V	L	I	F	Y	W	H	M	C	P
0	0.00654	0.00467	0.00654	0.00747	0.00841	0.00467	0.00654	0.00841	0.00934	0.01214	0.02148	0.04576	0.02335	0.01121	0.00560	0.00187	0.00374	0.80480	0.00374	0.00374
1	0.01026	0.00880	0.00927	0.00829	0.01062	0.01017	0.00646	0.04716	0.79890	0.01725	0.01630	0.01496	0.01221	0.00548	0.00413	0.00137	0.00325	0.00456	0.00413	0.00644
2	0.00842	0.00788	0.01325	0.43751	0.34978	0.00876	0.01105	0.01089	0.00877	0.01190	0.06006	0.03709	0.00855	0.00441	0.00412	0.00130	0.00486	0.00408	0.00211	0.00520
3	0.00588	0.00399	0.00473	0.00473	0.00484	0.00410	0.00284	0.00610	0.00599	0.00809	0.01250	0.02500	0.01408	0.73665	0.14050	0.00431	0.00495	0.00567	0.00242	0.00263
4	0.00706	0.00580	0.00836	0.27549	0.05200	0.00626	0.00679	0.00993	0.07531	0.02897	0.38357	0.02233	0.08883	0.00660	0.00445	0.00131	0.00331	0.00579	0.00343	0.00440
5	0.85739	0.00796	0.00617	0.00547	0.00800	0.00922	0.00450	0.03850	0.00731	0.01845	0.00578	0.00669	0.00448	0.00380	0.00256	0.00125	0.00318	0.00224	0.00256	0.00448
6	0.00756	0.00378	0.00378	0.00378	0.00473	0.00378	0.00284	0.00945	0.00851	0.01513	0.01324	0.01513	0.01040	0.00473	0.00284	0.00095	0.00189	0.00378	0.87994	0.00378
7	0.00483	0.00411	0.00416	0.00415	0.00550	0.00344	0.00311	0.00590	0.00934	0.01118	0.07361	0.03869	0.79782	0.01019	0.00479	0.00137	0.00205	0.00851	0.00380	0.00344
8	0.01085	0.85986	0.02126	0.00694	0.01041	0.01605	0.00694	0.01215	0.00824	0.00955	0.00564	0.00651	0.00521	0.00347	0.00260	0.00087	0.00434	0.00217	0.00174	0.00521
9	0.00486	0.00386	0.00437	0.00478	0.00566	0.00337	0.00338	0.00575	0.00860	0.01070	0.03295	0.39401	0.48076	0.01133	0.00496	0.00149	0.00219	0.00986	0.00377	0.00337
10	0.00888	0.00888	0.01243	0.01065	0.01065	0.01243	0.00888	0.00976	0.00621	0.00976	0.00533	0.00888	0.00533	0.00710	0.01331	0.00178	0.84999	0.00355	0.00178	0.00444
11	0.11197	0.12846	0.01298	0.00916	0.01206	0.25301	0.05973	0.24416	0.01259	0.10665	0.00831	0.00877	0.00620	0.00428	0.00362	0.00114	0.00517	0.00311	0.00297	0.00566
12	0.85693	0.00823	0.00615	0.00551	0.00800	0.03695	0.00451	0.01207	0.00706	0.01793	0.00567	0.00662	0.00442	0.00378	0.00255	0.00125	0.00328	0.00221	0.00250	0.00440
13	0.00969	0.01188	0.12582	0.01764	0.17493	0.00993	0.54162	0.01304	0.00943	0.03335	0.00817	0.01054	0.00617	0.00355	0.00450	0.00132	0.00626	0.00432	0.00207	0.00576
14	0.00574	0.00415	0.00542	0.00510	0.00606	0.00383	0.00383	0.00766	0.01148	0.01627	0.82997	0.03031	0.03828	0.00829	0.00479	0.00128	0.00191	0.00734	0.00447	0.00383
15	0.01004	0.00964	0.01647	0.02490	0.83211	0.00964	0.01245	0.01245	0.00924	0.01325	0.00763	0.01004	0.00643	0.00361	0.00402	0.00120	0.00482	0.00361	0.00201	0.00643
16	0.00958	0.01094	0.02394	0.01710	0.02120	0.01026	0.81737	0.01300	0.00958	0.01300	0.00821	0.01094	0.00616	0.00342	0.00479	0.00137	0.00684	0.00479	0.00205	0.00547
17	0.00480	0.00411	0.00411	0.00411	0.00548	0.00343	0.00308	0.00582	0.00925	0.01096	0.04110	0.03905	0.83046	0.01028	0.00480	0.00137	0.00206	0.00856	0.00377	0.00343
18	0.00568	0.00414	0.00534	0.00504	0.00602	0.00380	0.00378	0.00754	0.01134	0.01592	0.77867	0.03087	0.08980	0.00842	0.00479	0.00128	0.00192	0.00742	0.00442	0.00380
19	0.88607	0.00785	0.00596	0.00534	0.00785	0.00910	0.00439	0.01193	0.00690	0.01820	0.00565	0.00659	0.00439	0.00377	0.00251	0.00126	0.00314	0.00220	0.00251	0.00439
20	0.68646	0.00827	0.00727	0.00643	0.02640	0.00933	0.00512	0.11826	0.00891	0.08178	0.00702	0.00763	0.00520	0.00400	0.00287	0.00125	0.00337	0.00256	0.00290	0.00496
21	0.01073	0.00909	0.01000	0.00944	0.06294	0.01036	0.00696	0.11697	0.67597	0.01777	0.01513	0.01416	0.01135	0.00531	0.00411	0.00135	0.00346	0.00441	0.00399	0.00648
22	0.00494	0.00353	0.00471	0.00565	0.00588	0.00330	0.00377	0.00565	0.00777	0.01036	0.02236	0.85477	0.02683	0.01271	0.00518	0.00165	0.00235	0.01153	0.00377	0.00330
23	0.01020	0.04883	0.03589	0.02380	0.14833	0.05077	0.02230	0.07389	0.30799	0.05075	0.09647	0.06871	0.01319	0.00564	0.00436	0.00130	0.02366	0.00477	0.00340	0.00576
24	0.03221	0.18256	0.21267	0.01268	0.14477	0.02546	0.11449	0.12391	0.07350	0.02802	0.00827	0.00938	0.00636	0.00397	0.00377	0.00119	0.00507	0.00337	0.00240	0.00595
25	0.02688	0.47938	0.06733	0.00999	0.10747	0.11448	0.02032	0.04215	0.04722	0.01139	0.00730	0.03612	0.00647	0.00406	0.00321	0.00103	0.00476	0.00296	0.00209	0.00538

[dist]
# distance from previous block
# <min> <max>
0	18

[block]
# block no. 1 follows, 66 sequences, length 33
# corresponding to MSA columns:
# 44-76
name=unknown_B
#
# <colnr> <probs for GDERKNQSTAVLIFYWHMCP>
#	G	D	E	R	K	N	Q	S	T	A	V	L	I	F	Y	W	H	M	C	P
0	0.03039	0.11423	0.05306	0.00976	0.09123	0.04693	0.05063	0.14053	0.11649	0.09230	0.03809	0.11604	0.07123	0.00594	0.00407	0.00127	0.00402	0.00501	0.00328	0.00552
1	0.00714	0.00563	0.00667	0.00620	0.00780	0.00538	0.00460	0.01068	0.18879	0.02474	0.15331	0.31837	0.03884	0.00812	0.00439	0.00129	0.00262	0.00715	0.00369	0.19459
2	0.01106	0.03057	0.04406	0.07443	0.24434	0.04965	0.07245	0.07086	0.15287	0.11852	0.05822	0.03495	0.01011	0.00477	0.00413	0.00127	0.00446	0.00426	0.00307	0.00594
3	0.00960	0.01100	0.17058	0.00883	0.01181	0.00981	0.00803	0.01952	0.64561	0.01615	0.03453	0.01422	0.01160	0.00525	0.00409	0.00136	0.00372	0.00434	0.00366	0.00628
4	0.01516	0.01934	0.01150	0.01045	0.01254	0.84113	0.00784	0.01620	0.01150	0.00993	0.00627	0.00732	0.00523	0.00418	0.00366	0.00105	0.00732	0.00261	0.00209	0.00470
5	0.00590	0.00395	0.00451	0.00451	0.00454	0.00398	0.00257	0.00596	0.00593	0.00793	0.01270	0.02612	0.01456	0.82357	0.05424	0.00404	0.00422	0.00584	0.00245	0.00251
6	0.00586	0.00427	0.00552	0.00519	0.00618	0.00399	0.00390	0.00803	0.03310	0.01629	0.80835	0.02990	0.03759	0.00822	0.00477	0.00128	0.00195	0.00726	0.00446	0.00390
7	0.01461	0.01049	0.01127	0.00875	0.01174	0.01154	0.00719	0.71966	0.01783	0.03932	0.01038	0.02540	0.00762	0.00500	0.00397	0.00120	0.00419	0.00381	0.07947	0.00657
8	0.01045	0.13732	0.16899	0.01154	0.08706	0.05042	0.12370	0.09285	0.21334	0.01455	0.00969	0.01042	0.00742	0.00421	0.00386	0.00120	0.00486	0.00360	0.00267	0.04184
9	0.00907	0.00881	0.01463	0.04521	0.41358	0.00979	0.08386	0.01099	0.00816	0.01178	0.00813	0.06137	0.00757	0.01972	0.03786	0.00165	0.23612	0.00425	0.00206	0.00538
10	0.01039	0.08618	0.02566	0.00791	0.04804	0.00849	0.00627	0.19763	0.04431	0.01589	0.00805	0.00890	0.00641	0.00362	0.00332	0.00084	0.00361	0.00283	0.00277	0.50889
11	0.01430	0.01050	0.01143	0.00869	0.01199	0.01112	0.00715	0.65201	0.01698	0.05014	0.00951	0.00964	0.00685	0.00455	0.00388	0.00111	0.00418	0.00345	0.00380	0.15872
12	0.03062	0.03419	0.02232	0.00923	0.03047	0.01162	0.00751	0.61116	0.07647	0.07905	0.01031	0.01021	0.00736	0.00476	0.00396	0.00120	0.00425	0.00363	0.00390	0.03778
13	0.00636	0.00512	0.00737	0.00705	0.00756	0.00628	0.00548	0.00756	0.00640	0.00932	0.01007	0.01578	0.00976	0.11347	0.60511	0.00539	0.16179	0.00437	0.00213	0.00365
14	0.00580	0.00432	0.00641	0.00641	0.00709	0.00501	0.00493	0.00717	0.00649	0.00933	0.01097	0.01651	0.01039	0.07481	0.79729	0.00638	0.01050	0.00443	0.00219	0.00356
15	0.03720	0.00723	0.00953	0.00732	0.01045	0.00648	0.00605	0.07365	0.01201	0.76210	0.01535	0.01337	0.00971	0.00498	0.00404	0.00125	0.00351	0.00401	0.00490	0.00685
16	0.02418	0.13169	0.13238	0.09376	0.10822	0.06448	0.27684	0.05625	0.02127	0.02355	0.00763	0.00956	0.00591	0.00383	0.00421	0.00124	0.02368	0.00365	0.00211	0.00554
17	0.00501	0.00360	0.00477	0.00565	0.00596	0.00336	0.00384	0.00579	0.00794	0.01056	0.04009	0.78730	0.05005	0.01250	0.00517	0.00164	0.00238	0.03730	0.00378	0.00332
18	0.00580	0.00435	0.00652	0.00652	0.00724	0.00507	0.00507	0.00724	0.00652	0.00942	0.01087	0.01594	0.01014	0.03043	0.84134	0.00652	0.01087	0.00435	0.00217	0.00362
19	0.01000	0.00905	0.03516	0.12024	0.49044	0.00913	0.02987	0.04830	0.00936	0.06421	0.00939	0.03441	0.02825	0.01657	0.00505	0.01464	0.05375	0.00403	0.00234	0.00581
20	0.01036	0.18478	0.24610	0.02814	0.12838	0.09533	0.12677	0.03068	0.05351	0.03443	0.00803	0.00969	0.00632	0.00397	0.00379	0.00119	0.00546	0.01523	0.00215	0.00570
21	0.01376	0.01600	0.01159	0.03149	0.02964	0.57943	0.00802	0.07284	0.01101	0.03020	0.00682	0.00829	0.00566	0.00551	0.03279	0.00136	0.12550	0.00296	0.00225	0.00487
22	0.11077	0.10162	0.03007	0.02436	0.07440	0.41245	0.10861	0.03744	0.01015	0.01196	0.00658	0.00802	0.00539	0.00405	0.00399	0.00115	0.03892	0.00296	0.00212	0.00502
23	0.00538	0.00408	0.00495	0.00484	0.00586	0.00366	0.00359	0.00691	0.01046	0.01409	0.51285	0.10309	0.28687	0.00929	0.00482	0.00134	0.00200	0.00808	0.00419	0.00366
24	0.00967	0.02892	0.15582	0.05337	0.05340	0.04031	0.11880	0.09937	0.19723	0.02363	0.03460	0.06472	0.01000	0.02892	0.03288	0.00158	0.03385	0.00452	0.00288	0.00555
25	0.76626	0.00821	0.00682	0.02997	0.00894	0.00948	0.00495	0.09951	0.00826	0.01878	0.00614	0.00705	0.00470	0.00389	0.00272	0.00125	0.00335	0.00240	0.00266	0.00467
26	0.00926	0.00616	0.00640	0.00579	0.00741	0.00672	0.00449	0.10953	0.25450	0.01692	0.01380	0.01449	0.01058	0.00498	0.00337	0.00111	0.00259	0.00401	0.51295	0.00494
27	0.00888	0.00888	0.01243	0.01065	0.01065	0.01243	0.00888	0.00976	0.00621	0.00976	0.00533	0.00888	0.00533	0.00710	0.01331	0.00178	0.84999	0.00355	0.00178	0.00444
28	0.00561	0.00414	0.00523	0.00496	0.00598	0.00377	0.00372	0.00739	0.01116	0.01551	0.71669	0.03156	0.15203	0.00858	0.00479	0.00129	0.00193	0.00751	0.00437	0.00377
29	0.00480	0.00411	0.00411	0.00411	0.00548	0.00343	0.00308	0.00582	0.00925	0.01096	0.04110	0.03905	0.83046	0.01028	0.00480	0.00137	0.00206	0.00856	0.00377	0.00343
30	0.00946	0.00902	0.01549	0.05534	0.68525	0.00905	0.04456	0.01179	0.00910	0.01289	0.00908	0.07306	0.00831	0.00449	0.00418	0.00127	0.00472	0.02478	0.00218	0.00601
31	0.00494	0.00353	0.00471	0.00565	0.00588	0.00330	0.00377	0.00565	0.00777	0.01036	0.02236	0.85477	0.02683	0.01271	0.00518	0.00165	0.00235	0.01153	0.00377	0.00330
32	0.79937	0.09225	0.00748	0.00549	0.00810	0.00979	0.00465	0.01195	0.00704	0.01735	0.00565	0.00658	0.00447	0.00374	0.00252	0.00122	0.00326	0.00219	0.00243	0.00447

[dist]
# distance from previous block
# <min> <max>
1	5

[block]
# block no. 2 follows, 66 sequences, length 33
# corresponding to MSA columns:
# 82-114
name=unknown_C
#
# <colnr> <probs for GDERKNQSTAVLIFYWHMCP>
#	G	D	E	R	K	N	Q	S	T	A	V	L	I	F	Y	W	H	M	C	P
0	0.06493	0.12478	0.14425	0.00965	0.04359	0.22697	0.02698	0.05415	0.05126	0.18826	0.00918	0.00947	0.00671	0.00423	0.00365	0.00115	0.00513	0.00314	0.00283	0.01970
1	0.01413	0.01720	0.01083	0.00985	0.01191	0.69230	0.00741	0.01658	0.11797	0.01110	0.00795	0.00871	0.00641	0.00438	0.00368	0.00108	0.00652	0.00293	0.04418	0.00488
2	0.01043	0.68004	0.01827	0.00689	0.00996	0.08081	0.00653	0.01171	0.00871	0.00994	0.03663	0.01055	0.08699	0.00435	0.00298	0.00094	0.00427	0.00300	0.00205	0.00495
3	0.02711	0.11367	0.37760	0.01348	0.13653	0.06090	0.02044	0.06456	0.02968	0.05943	0.01093	0.01276	0.02606	0.00556	0.00469	0.00160	0.00590	0.00398	0.01815	0.00697
4	0.01697	0.00667	0.00897	0.00699	0.00991	0.00584	0.00573	0.01874	0.02589	0.74401	0.05996	0.01478	0.01163	0.00520	0.00407	0.00125	0.00330	0.00425	0.03924	0.00661
5	0.09798	0.00699	0.00910	0.00705	0.01013	0.00625	0.00582	0.01905	0.01118	0.75984	0.01505	0.01315	0.00952	0.00491	0.00394	0.00126	0.00342	0.00391	0.00479	0.00667
6	0.00734	0.00884	0.15047	0.12510	0.18418	0.00701	0.05556	0.00975	0.02224	0.01175	0.01425	0.29961	0.03658	0.00735	0.00453	0.00144	0.00422	0.04232	0.00269	0.00477
7	0.00785	0.03272	0.41165	0.08647	0.01452	0.00768	0.02954	0.03366	0.00877	0.04310	0.01227	0.23940	0.01198	0.00660	0.00430	0.00140	0.00471	0.03574	0.00255	0.00507
8	0.01699	0.00675	0.00911	0.00707	0.01001	0.00592	0.00581	0.03683	0.01177	0.74125	0.09069	0.01523	0.01257	0.00532	0.00414	0.00126	0.00333	0.00437	0.00495	0.00662
9	0.00538	0.00361	0.00455	0.00527	0.00569	0.00339	0.00359	0.00632	0.00806	0.01131	0.04473	0.66045	0.06137	0.01120	0.00478	0.00151	0.00225	0.01005	0.14310	0.00339
10	0.04361	0.01009	0.04399	0.11824	0.30869	0.05249	0.13412	0.09606	0.01041	0.10460	0.00929	0.02489	0.01652	0.00420	0.00410	0.00126	0.00505	0.00391	0.00260	0.00588
11	0.01239	0.00906	0.06939	0.11872	0.01391	0.00871	0.05099	0.07067	0.30145	0.26856	0.01367	0.02400	0.00973	0.00499	0.00413	0.00132	0.00404	0.00423	0.00381	0.00623
12	0.00998	0.00538	0.00748	0.00706	0.03956	0.00557	0.00505	0.04446	0.01852	0.17677	0.03220	0.01281	0.00859	0.01001	0.01107	0.46484	0.08127	0.00378	0.05190	0.00368
13	0.00856	0.00754	0.00884	0.02937	0.04294	0.02478	0.00533	0.01038	0.00852	0.01304	0.00772	0.00898	0.01852	0.00319	0.00312	0.00067	0.00323	0.00258	0.00239	0.79031
14	0.31244	0.09087	0.03906	0.01926	0.05115	0.31353	0.01700	0.01325	0.00890	0.01303	0.00646	0.02468	0.00551	0.00458	0.01364	0.00124	0.05570	0.00279	0.00220	0.00472
15	0.12552	0.00791	0.02812	0.00724	0.03617	0.10476	0.00518	0.03392	0.00766	0.06166	0.00993	0.01712	0.01003	0.40867	0.01282	0.00256	0.10998	0.00440	0.00251	0.00386
16	0.00514	0.00362	0.00470	0.00548	0.00569	0.00343	0.00361	0.00575	0.00749	0.00998	0.02073	0.69794	0.02473	0.15477	0.00779	0.00204	0.00265	0.02775	0.00355	0.00316
17	0.00958	0.01094	0.02394	0.01710	0.02120	0.01026	0.81737	0.01300	0.00958	0.01300	0.00821	0.01094	0.00616	0.00342	0.00479	0.00137	0.00684	0.00479	0.00205	0.00547
18	0.00552	0.00412	0.00513	0.00492	0.00594	0.00373	0.00367	0.00720	0.01089	0.01496	0.63773	0.06325	0.20025	0.00887	0.00480	0.00131	0.00196	0.00775	0.00430	0.00373
19	0.88607	0.00785	0.00596	0.00534	0.00785	0.00910	0.00439	0.01193	0.00690	0.01820	0.00565	0.00659	0.00439	0.00377	0.00251	0.00126	0.00314	0.00220	0.00251	0.00439
20	0.88607	0.00785	0.00596	0.00534	0.00785	0.00910	0.00439	0.01193	0.00690	0.01820	0.00565	0.00659	0.00439	0.00377	0.00251	0.00126	0.00314	0.00220	0.00251	0.00439
21	0.88607	0.00785	0.00596	0.00534	0.00785	0.00910	0.00439	0.01193	0.00690	0.01820	0.00565	0.00659	0.00439	0.00377	0.00251	0.00126	0.00314	0.00220	0.00251	0.00439
22	0.00493	0.00413	0.00429	0.00431	0.00563	0.00350	0.00327	0.00605	0.00940	0.01137	0.09391	0.03871	0.74505	0.01018	0.00483	0.00138	0.00211	0.03966	0.00381	0.00346
23	0.01364	0.01623	0.01090	0.00987	0.01196	0.59745	0.00749	0.01746	0.22823	0.01180	0.00898	0.00944	0.00714	0.00461	0.00404	0.00115	0.02866	0.00316	0.00263	0.00515
24	0.04741	0.31514	0.04079	0.00735	0.04014	0.00962	0.00617	0.05257	0.00878	0.07146	0.01263	0.13321	0.07018	0.01871	0.12703	0.00197	0.00478	0.00465	0.00267	0.02474
25	0.01108	0.31448	0.21782	0.00894	0.01277	0.02673	0.02258	0.14890	0.14861	0.03782	0.00892	0.00931	0.00684	0.00420	0.00351	0.00114	0.00464	0.00314	0.00263	0.00593
26	0.01516	0.01934	0.01150	0.01045	0.01254	0.84113	0.00784	0.01620	0.01150	0.00993	0.00627	0.00732	0.00523	0.00418	0.00366	0.00105	0.00732	0.00261	0.00209	0.00470
27	0.01260	0.00537	0.00654	0.00547	0.00747	0.00497	0.00437	0.03118	0.01015	0.39084	0.01443	0.01441	0.01016	0.00486	0.00343	0.00109	0.00266	0.00392	0.46079	0.00528
28	0.01983	0.02441	0.09000	0.02715	0.18752	0.00746	0.18156	0.01907	0.00899	0.06921	0.01344	0.26598	0.02357	0.00671	0.00451	0.00139	0.00442	0.02470	0.00282	0.01727
29	0.03331	0.02513	0.38685	0.01199	0.05715	0.00924	0.08481	0.01277	0.03187	0.02901	0.01063	0.01398	0.00887	0.03142	0.20446	0.02797	0.00742	0.00427	0.00271	0.00614
30	0.00705	0.00352	0.00529	0.00529	0.00529	0.00352	0.00352	0.00529	0.00529	0.00705	0.00705	0.01233	0.00705	0.01409	0.01586	0.88196	0.00352	0.00352	0.00176	0.00176
31	0.00493	0.00378	0.00452	0.00505	0.00574	0.00337	0.00352	0.00582	0.00851	0.01088	0.07076	0.51046	0.32493	0.01158	0.00502	0.00153	0.00222	0.01022	0.00380	0.00337
32	0.01073	0.21821	0.23570	0.03186	0.09403	0.11807	0.12329	0.01336	0.00924	0.06631	0.01763	0.00906	0.00618	0.00394	0.00394	0.00117	0.02640	0.00321	0.00210	0.00557

[dist]
# distance from previous block
# <min> <max>
1	3

[block]
# block no. 3 follows, 66 sequences, length 12
# corresponding to MSA columns:
# 118-129
name=unknown_D
#
# <colnr> <probs for GDERKNQSTAVLIFYWHMCP>
#	G	D	E	R	K	N	Q	S	T	A	V	L	I	F	Y	W	H	M	C	P
0	0.01820	0.00690	0.00942	0.00722	0.01036	0.00596	0.00596	0.01977	0.01161	0.83492	0.01601	0.01381	0.01004	0.00502	0.00408	0.00126	0.00345	0.00408	0.00502	0.00690
1	0.01470	0.06614	0.01279	0.04389	0.06688	0.03135	0.00796	0.58954	0.01643	0.09557	0.00971	0.00990	0.00694	0.00466	0.00395	0.00120	0.00449	0.00357	0.00372	0.00661
2	0.00967	0.00949	0.01573	0.02028	0.54457	0.01049	0.05886	0.01170	0.00838	0.01222	0.00699	0.00975	0.00609	0.00462	0.00678	0.00138	0.25159	0.00367	0.00194	0.00579
3	0.00553	0.00414	0.00513	0.00488	0.00593	0.00374	0.00366	0.00724	0.01098	0.01506	0.65099	0.03229	0.21801	0.00874	0.00479	0.00130	0.00195	0.00762	0.00431	0.00374
4	0.00480	0.00411	0.00411	0.00411	0.00548	0.00343	0.00308	0.00582	0.00925	0.01096	0.04110	0.03905	0.83046	0.01028	0.00480	0.00137	0.00206	0.00856	0.00377	0.00343
5	0.00548	0.00406	0.00512	0.00502	0.00595	0.00369	0.00370	0.00709	0.01063	0.01463	0.59613	0.14480	0.16025	0.00921	0.00484	0.00134	0.00200	0.00810	0.00426	0.00369
6	0.01009	0.00872	0.00917	0.00826	0.01055	0.01009	0.00642	0.02156	0.82478	0.01697	0.01651	0.01514	0.01238	0.00550	0.00413	0.00138	0.00321	0.00459	0.00413	0.00642
7	0.01542	0.01136	0.01218	0.00933	0.01258	0.01258	0.00771	0.81858	0.01908	0.02557	0.00974	0.00974	0.00690	0.00487	0.00406	0.00122	0.00446	0.00365	0.00406	0.00690
8	0.00814	0.00414	0.00592	0.00565	0.00615	0.00413	0.00398	0.00756	0.02554	0.09933	0.02826	0.01403	0.00892	0.05447	0.09872	0.61190	0.00424	0.00390	0.00232	0.00271
9	0.00501	0.00362	0.00475	0.00553	0.00588	0.00335	0.00374	0.00585	0.00819	0.01096	0.10192	0.73907	0.06273	0.01217	0.00512	0.00160	0.00230	0.01100	0.00383	0.00335
10	0.00590	0.00393	0.00442	0.00442	0.00442	0.00393	0.00246	0.00590	0.00590	0.00787	0.01278	0.02655	0.01475	0.85742	0.02065	0.00393	0.00393	0.00590	0.00246	0.00246
11	0.01159	0.25862	0.01368	0.00803	0.01110	0.11894	0.02425	0.17938	0.10923	0.01480	0.03124	0.00946	0.00753	0.00413	0.00341	0.00099	0.00433	0.00307	0.00277	0.18343

[dist]
# distance from previous block
# <min> <max>
2	8

[block]
# block no. 4 follows, 66 sequences, length 15
# corresponding to MSA columns:
# 138-152
name=unknown_E
#
# <colnr> <probs for GDERKNQSTAVLIFYWHMCP>
#	G	D	E	R	K	N	Q	S	T	A	V	L	I	F	Y	W	H	M	C	P
0	0.02127	0.02561	0.32400	0.03904	0.04875	0.03706	0.18522	0.04659	0.02091	0.02360	0.06888	0.01180	0.02879	0.00464	0.00499	0.00133	0.08338	0.00398	0.01472	0.00543
1	0.00566	0.00387	0.00446	0.00464	0.00476	0.00379	0.00274	0.00585	0.00643	0.00850	0.01610	0.18433	0.06019	0.65236	0.01688	0.00336	0.00353	0.00711	0.00278	0.00267
2	0.01068	0.25399	0.01756	0.01066	0.01381	0.04017	0.27268	0.17505	0.01111	0.01437	0.05252	0.09011	0.00966	0.00489	0.00401	0.00120	0.00497	0.00450	0.00266	0.00537
3	0.00624	0.00476	0.02586	0.05789	0.01983	0.00444	0.03796	0.00682	0.00756	0.01006	0.05924	0.29857	0.05631	0.07982	0.00896	0.22038	0.00336	0.08583	0.00293	0.00320
4	0.04086	0.26461	0.21318	0.00932	0.02870	0.06559	0.05319	0.10530	0.02053	0.04084	0.01846	0.00882	0.00632	0.00455	0.02436	0.00121	0.00502	0.00298	0.00232	0.08384
5	0.00950	0.01026	0.05110	0.38514	0.27663	0.11141	0.03131	0.01229	0.03719	0.01162	0.00755	0.01016	0.00595	0.00401	0.00416	0.00127	0.01964	0.00352	0.00198	0.00529
6	0.00499	0.00356	0.00475	0.00562	0.00589	0.00332	0.00377	0.00576	0.00796	0.01067	0.06497	0.81127	0.02744	0.01248	0.00516	0.00163	0.00233	0.01131	0.00380	0.00332
7	0.00972	0.04640	0.19124	0.04593	0.23099	0.00931	0.21567	0.02544	0.00953	0.07222	0.06685	0.01200	0.02210	0.00425	0.00436	0.00128	0.02049	0.00410	0.00239	0.00575
8	0.00999	0.01051	0.08126	0.10504	0.31948	0.04382	0.13527	0.09265	0.03547	0.02542	0.00977	0.05790	0.02721	0.00462	0.00441	0.00129	0.02342	0.00430	0.00242	0.00573
9	0.00500	0.00389	0.00456	0.00496	0.00581	0.00345	0.00356	0.00600	0.00882	0.01120	0.09923	0.37963	0.39712	0.01116	0.00498	0.00150	0.00223	0.03963	0.00382	0.00342
10	0.01376	0.00995	0.01089	0.00883	0.02646	0.02918	0.00702	0.57221	0.03199	0.07826	0.08553	0.01286	0.01046	0.04456	0.02458	0.00148	0.01770	0.00413	0.00393	0.00623
11	0.04857	0.03944	0.21638	0.04280	0.19704	0.12265	0.08165	0.13033	0.02328	0.02582	0.00775	0.00922	0.00595	0.00408	0.00415	0.00123	0.02816	0.00335	0.00232	0.00584
12	0.00817	0.00686	0.04560	0.13002	0.10605	0.02134	0.03576	0.02247	0.03661	0.09311	0.04559	0.27553	0.08833	0.00795	0.00460	0.00144	0.00371	0.05896	0.00326	0.00463
13	0.00651	0.00392	0.00435	0.00431	0.00528	0.00372	0.00321	0.00823	0.00944	0.01463	0.25429	0.06558	0.13474	0.00695	0.00380	0.00114	0.00194	0.00588	0.45837	0.00372
14	0.77523	0.05123	0.00698	0.00564	0.00818	0.00953	0.00468	0.01267	0.06892	0.01767	0.00647	0.00723	0.00504	0.00388	0.00264	0.00124	0.00320	0.00238	0.00259	0.00459

[dist]
# distance from previous block
# <min> <max>
0	2

[block]
# block no. 5 follows, 66 sequences, length 14
# corresponding to MSA columns:
# 157-170
name=unknown_F
#
# <colnr> <probs for GDERKNQSTAVLIFYWHMCP>
#	G	D	E	R	K	N	Q	S	T	A	V	L	I	F	Y	W	H	M	C	P
0	0.00983	0.00906	0.01498	0.13671	0.62408	0.00922	0.01147	0.01251	0.03473	0.03454	0.00805	0.01031	0.00654	0.00374	0.00397	0.00120	0.00471	0.00358	0.00215	0.05864
1	0.02762	0.30289	0.25146	0.01038	0.04092	0.07810	0.08643	0.06845	0.03641	0.02825	0.00730	0.00841	0.00575	0.00393	0.00376	0.00114	0.02808	0.00299	0.00211	0.00561
2	0.00860	0.00841	0.01299	0.51158	0.17404	0.04013	0.01093	0.01086	0.00810	0.01078	0.00691	0.01019	0.00558	0.00453	0.00572	0.00139	0.15900	0.00356	0.00185	0.00486
3	0.00491	0.00364	0.00459	0.00536	0.00581	0.00332	0.00364	0.00568	0.00805	0.01047	0.02594	0.69891	0.18038	0.01225	0.00511	0.00159	0.00230	0.01097	0.00377	0.00332
4	0.00554	0.00414	0.00515	0.00490	0.00594	0.00374	0.00367	0.00727	0.01101	0.01515	0.66402	0.03214	0.20492	0.00871	0.00479	0.00130	0.00194	0.00759	0.00432	0.00374
5	0.00551	0.00407	0.00511	0.00499	0.00590	0.00371	0.00366	0.00710	0.01057	0.01455	0.59389	0.12101	0.16208	0.03330	0.00528	0.00141	0.00204	0.00795	0.00422	0.00367
6	0.01085	0.85986	0.02126	0.00694	0.01041	0.01605	0.00694	0.01215	0.00824	0.00955	0.00564	0.00651	0.00521	0.00347	0.00260	0.00087	0.00434	0.00217	0.00174	0.00521
7	0.00499	0.00357	0.00475	0.00561	0.00590	0.00333	0.00377	0.00578	0.00800	0.01073	0.07315	0.80292	0.02755	0.01243	0.00515	0.00162	0.00233	0.01127	0.00381	0.00333
8	0.01542	0.01136	0.01218	0.00933	0.01258	0.01258	0.00771	0.81858	0.01908	0.02557	0.00974	0.00974	0.00690	0.00487	0.00406	0.00122	0.00446	0.00365	0.00406	0.00690
9	0.00756	0.00378	0.00378	0.00378	0.00473	0.00378	0.00284	0.00945	0.00851	0.01513	0.01324	0.01513	0.01040	0.00473	0.00284	0.00095	0.00189	0.00378	0.87994	0.00378
10	0.00816	0.00772	0.01307	0.67594	0.19578	0.00914	0.01151	0.01080	0.00835	0.01097	0.00730	0.01065	0.00562	0.00396	0.00405	0.00132	0.00529	0.00361	0.00185	0.00491
11	0.00873	0.00912	0.08067	0.37867	0.24102	0.00912	0.01072	0.01282	0.13360	0.01259	0.00896	0.01117	0.00692	0.00414	0.00397	0.00128	0.00478	0.00369	0.03222	0.02582
12	0.00870	0.00736	0.00994	0.03802	0.11225	0.05409	0.08274	0.04228	0.10709	0.05809	0.32795	0.07066	0.05052	0.00658	0.00448	0.00130	0.00353	0.00590	0.00361	0.00492
13	0.02389	0.00881	0.10973	0.04009	0.06029	0.02022	0.07095	0.08144	0.05861	0.04911	0.13342	0.02043	0.18705	0.00630	0.00446	0.00128	0.01907	0.03253	0.00322	0.06909

[dist]
# distance from previous block
# <min> <max>
0	11

[block]
# block no. 6 follows, 66 sequences, length 59
# corresponding to MSA columns:
# 182-240
name=unknown_G
#
# <colnr> <probs for GDERKNQSTAVLIFYWHMCP>
#	G	D	E	R	K	N	Q	S	T	A	V	L	I	F	Y	W	H	M	C	P
0	0.12149	0.04998	0.01000	0.00915	0.10721	0.03796	0.01828	0.09779	0.13548	0.05226	0.09454	0.02530	0.07377	0.00523	0.00400	0.00118	0.02291	0.00421	0.00319	0.12608
1	0.04976	0.02668	0.15425	0.08729	0.26441	0.03053	0.11665	0.11485	0.03958	0.03184	0.02462	0.01061	0.00707	0.01913	0.00431	0.00130	0.00511	0.00371	0.00242	0.00585
2	0.00705	0.00352	0.00529	0.00529	0.00529	0.00352	0.00352	0.00529	0.00529	0.00705	0.00705	0.01233	0.00705	0.01409	0.01586	0.88196	0.00352	0.00352	0.00176	0.00176
3	0.00596	0.00453	0.00572	0.00541	0.00634	0.00452	0.00405	0.00796	0.04763	0.01400	0.51327	0.02815	0.12857	0.08408	0.08876	0.00206	0.03455	0.00680	0.00387	0.00378
4	0.00572	0.00415	0.00539	0.00508	0.00605	0.00382	0.00381	0.00761	0.01143	0.01614	0.81014	0.03053	0.05820	0.00834	0.00479	0.00128	0.00192	0.00737	0.00445	0.00382
5	0.01666	0.00662	0.00888	0.00697	0.00983	0.00584	0.00574	0.03384	0.01148	0.71181	0.04523	0.01542	0.01144	0.00531	0.00407	0.00126	0.00333	0.02955	0.06021	0.00650
6	0.00661	0.00494	0.00644	0.00710	0.00820	0.00496	0.00608	0.00917	0.07773	0.01239	0.02363	0.04232	0.12814	0.01061	0.00537	0.00176	0.00347	0.63339	0.00377	0.00392
7	0.01495	0.01902	0.01196	0.01070	0.01286	0.81026	0.03791	0.01608	0.01143	0.01004	0.00634	0.00745	0.00526	0.00415	0.00370	0.00106	0.00730	0.00269	0.00209	0.00473
8	0.00989	0.00949	0.01620	0.07669	0.78149	0.00960	0.01238	0.01232	0.00917	0.01307	0.00760	0.01009	0.00636	0.00364	0.00402	0.00121	0.00486	0.00361	0.00200	0.00631
9	0.00705	0.00352	0.00529	0.00529	0.00529	0.00352	0.00352	0.00529	0.00529	0.00705	0.00705	0.01233	0.00705	0.01409	0.01586	0.88196	0.00352	0.00352	0.00176	0.00176
10	0.00958	0.01067	0.02241	0.03499	0.02044	0.01022	0.72970	0.01367	0.07949	0.01328	0.00890	0.01130	0.00667	0.00361	0.00471	0.00137	0.00650	0.00474	0.00222	0.00553
11	0.00981	0.00867	0.01049	0.01165	0.18707	0.00964	0.00756	0.01878	0.60674	0.01585	0.01560	0.02752	0.04171	0.00538	0.00414	0.00134	0.00350	0.00463	0.00365	0.00626
12	0.00513	0.00382	0.00482	0.00539	0.00601	0.00346	0.00375	0.00604	0.00837	0.01104	0.08542	0.60255	0.16835	0.01161	0.00502	0.00154	0.00232	0.03035	0.00377	0.03123
13	0.01009	0.00872	0.00917	0.00826	0.01055	0.01009	0.00642	0.02156	0.82478	0.01697	0.01651	0.01514	0.01238	0.00550	0.00413	0.00138	0.00321	0.00459	0.00413	0.00642
14	0.04529	0.29007	0.04529	0.00983	0.07777	0.23947	0.00782	0.09050	0.06555	0.04218	0.00757	0.00834	0.00612	0.00408	0.00355	0.00106	0.02061	0.00284	0.00240	0.02965
15	0.00828	0.00723	0.02443	0.00697	0.00825	0.08241	0.00523	0.12023	0.12536	0.01374	0.07026	0.39620	0.01933	0.05866	0.00555	0.00159	0.00337	0.01836	0.02013	0.00442
16	0.00897	0.01300	0.35427	0.02780	0.11904	0.00821	0.02043	0.08292	0.03643	0.05148	0.16577	0.01440	0.03287	0.00547	0.01892	0.00135	0.00464	0.00424	0.00279	0.02700
17	0.00497	0.00355	0.00473	0.00563	0.00589	0.00331	0.00377	0.00570	0.00787	0.01052	0.04464	0.83202	0.02715	0.01259	0.00517	0.00164	0.00234	0.01142	0.00379	0.00331
18	0.04801	0.03606	0.01184	0.00957	0.01230	0.35698	0.00760	0.42000	0.02934	0.01823	0.00816	0.00863	0.00616	0.00452	0.00380	0.00114	0.00557	0.00314	0.00312	0.00584
19	0.02263	0.00998	0.12137	0.08665	0.27647	0.00851	0.09034	0.04870	0.01941	0.13492	0.00988	0.04205	0.00801	0.05473	0.02005	0.00152	0.01526	0.00412	0.00262	0.02277
20	0.00965	0.16583	0.53000	0.02133	0.04308	0.02182	0.03598	0.06042	0.02021	0.04450	0.00762	0.00869	0.00562	0.00390	0.00369	0.00121	0.00548	0.00303	0.00204	0.00591
21	0.00910	0.00728	0.00770	0.00732	0.00864	0.03321	0.00522	0.01411	0.36308	0.02615	0.05220	0.14449	0.02872	0.24128	0.02986	0.00241	0.00389	0.00639	0.00385	0.00511
22	0.00552	0.00377	0.00454	0.00491	0.00501	0.00368	0.00298	0.00580	0.00665	0.00886	0.01662	0.35799	0.01959	0.51938	0.01446	0.00302	0.00330	0.00815	0.00298	0.00279
23	0.02992	0.07090	0.20080	0.05523	0.10673	0.00898	0.06364	0.06360	0.07262	0.12927	0.04145	0.06575	0.02291	0.02199	0.00462	0.00134	0.02737	0.00433	0.00288	0.00565
24	0.00904	0.04222	0.23251	0.08431	0.11762	0.02473	0.05140	0.07548	0.02067	0.05180	0.01097	0.14228	0.01023	0.06012	0.00560	0.02865	0.00471	0.01993	0.00257	0.00514
25	0.00552	0.00384	0.00509	0.00564	0.00614	0.00360	0.00398	0.00660	0.00879	0.02516	0.21960	0.54141	0.02860	0.04574	0.00573	0.00166	0.00244	0.07307	0.00390	0.00349
26	0.06650	0.01032	0.03171	0.02159	0.03621	0.02276	0.00734	0.54756	0.01587	0.12482	0.01031	0.01039	0.00728	0.00473	0.00387	0.00121	0.00419	0.00360	0.06331	0.00644
27	0.02450	0.03086	0.24349	0.01474	0.14990	0.08739	0.20049	0.05828	0.01062	0.07299	0.02384	0.01207	0.00792	0.00483	0.00477	0.00146	0.02494	0.01791	0.00270	0.00630
28	0.00597	0.00457	0.00640	0.00638	0.00706	0.01981	0.00486	0.00727	0.00655	0.00927	0.01097	0.01683	0.01051	0.11167	0.74537	0.00617	0.01012	0.00447	0.00220	0.00353
29	0.01020	0.00603	0.00652	0.00578	0.00752	0.00635	0.00452	0.08568	0.20534	0.11886	0.01406	0.01448	0.01052	0.00496	0.00341	0.00111	0.00263	0.00400	0.48295	0.00508
30	0.02424	0.51671	0.01736	0.00800	0.01112	0.11950	0.01882	0.16088	0.02567	0.02625	0.00698	0.00771	0.00581	0.00397	0.00328	0.00100	0.01936	0.00266	0.01523	0.00546
31	0.00814	0.02099	0.83640	0.01156	0.01756	0.00942	0.01499	0.01285	0.00857	0.01285	0.00728	0.00857	0.00514	0.00385	0.00385	0.00128	0.00600	0.00300	0.00171	0.00600
32	0.00581	0.00391	0.00444	0.00450	0.00455	0.00388	0.00256	0.00588	0.00610	0.00810	0.01404	0.08399	0.03267	0.78136	0.01925	0.00372	0.00378	0.00634	0.00258	0.00254
33	0.00494	0.00353	0.00471	0.00565	0.00588	0.00330	0.00377	0.00565	0.00777	0.01036	0.02236	0.85477	0.02683	0.01271	0.00518	0.00165	0.00235	0.01153	0.00377	0.00330
34	0.00505	0.00412	0.00446	0.00438	0.00564	0.00353	0.00328	0.00632	0.00985	0.01239	0.25304	0.03670	0.61763	0.00974	0.00479	0.00134	0.00202	0.00823	0.00396	0.00353
35	0.00888	0.00888	0.01243	0.01065	0.01065	0.01243	0.00888	0.00976	0.00621	0.00976	0.00533	0.00888	0.00533	0.00710	0.01331	0.00178	0.84999	0.00355	0.00178	0.00444
36	0.01820	0.00690	0.00942	0.00722	0.01036	0.00596	0.00596	0.01977	0.01161	0.83492	0.01601	0.01381	0.01004	0.00502	0.00408	0.00126	0.00345	0.00408	0.00502	0.00690
37	0.01820	0.00690	0.00942	0.00722	0.01036	0.00596	0.00596	0.01977	0.01161	0.83492	0.01601	0.01381	0.01004	0.00502	0.00408	0.00126	0.00345	0.00408	0.00502	0.00690
38	0.01075	0.82961	0.05065	0.00711	0.01067	0.01581	0.00723	0.01217	0.00826	0.00966	0.00570	0.00658	0.00520	0.00348	0.00265	0.00088	0.00440	0.00220	0.00173	0.00523
39	0.00574	0.00415	0.00542	0.00510	0.00606	0.00383	0.00383	0.00766	0.01148	0.01627	0.82997	0.03031	0.03828	0.00829	0.00479	0.00128	0.00191	0.00734	0.00447	0.00383
40	0.00814	0.02099	0.83640	0.01156	0.01756	0.00942	0.01499	0.01285	0.00857	0.01285	0.00728	0.00857	0.00514	0.00385	0.00385	0.00128	0.00600	0.00300	0.00171	0.00600
41	0.88607	0.00785	0.00596	0.00534	0.00785	0.00910	0.00439	0.01193	0.00690	0.01820	0.00565	0.00659	0.00439	0.00377	0.00251	0.00126	0.00314	0.00220	0.00251	0.00439
42	0.00494	0.00353	0.00471	0.00565	0.00588	0.00330	0.00377	0.00565	0.00777	0.01036	0.02236	0.85477	0.02683	0.01271	0.00518	0.00165	0.00235	0.01153	0.00377	0.00330
43	0.03937	0.00405	0.00400	0.00393	0.00497	0.00412	0.00297	0.02266	0.00862	0.01541	0.01290	0.01473	0.01013	0.00469	0.00284	0.00096	0.00198	0.00372	0.83410	0.00385
44	0.05558	0.01114	0.01457	0.23029	0.27494	0.18769	0.11318	0.01266	0.00925	0.01190	0.00712	0.00955	0.00573	0.00396	0.00431	0.00125	0.03615	0.00347	0.00200	0.00527
45	0.88607	0.00785	0.00596	0.00534	0.00785	0.00910	0.00439	0.01193	0.00690	0.01820	0.00565	0.00659	0.00439	0.00377	0.00251	0.00126	0.00314	0.00220	0.00251	0.00439
46	0.00493	0.00412	0.00430	0.00425	0.00556	0.00348	0.00319	0.00608	0.00956	0.01171	0.15234	0.03781	0.71876	0.01000	0.00479	0.00136	0.00204	0.00839	0.00387	0.00348
47	0.01063	0.79359	0.08565	0.00731	0.01098	0.01553	0.00758	0.01220	0.00827	0.00981	0.00577	0.00667	0.00520	0.00350	0.00270	0.00090	0.00447	0.00223	0.00173	0.00527
48	0.00840	0.01827	0.66027	0.01207	0.04637	0.00916	0.08262	0.01275	0.01928	0.02829	0.01811	0.00964	0.00612	0.00520	0.04470	0.00154	0.00613	0.00333	0.00190	0.00585
49	0.04221	0.19302	0.35904	0.01106	0.08529	0.04160	0.05750	0.02435	0.01983	0.04490	0.02089	0.04189	0.00701	0.00421	0.00366	0.00118	0.00508	0.00339	0.00215	0.03177
50	0.00494	0.00353	0.00471	0.00565	0.00588	0.00330	0.00377	0.00565	0.00777	0.01036	0.02236	0.85477	0.02683	0.01271	0.00518	0.00165	0.00235	0.01153	0.00377	0.00330
51	0.00570	0.00415	0.00536	0.00506	0.00603	0.00381	0.00379	0.00757	0.01138	0.01601	0.79169	0.03073	0.07672	0.00839	0.00479	0.00128	0.00192	0.00740	0.00443	0.00381
52	0.02297	0.01128	0.19475	0.05631	0.15505	0.00886	0.03178	0.13546	0.07224	0.20447	0.04316	0.02672	0.00902	0.00469	0.00407	0.00127	0.00450	0.00396	0.00323	0.00620
53	0.01085	0.05161	0.01625	0.04375	0.49150	0.06500	0.10452	0.05877	0.00985	0.04671	0.00791	0.00995	0.00639	0.00394	0.00445	0.00123	0.04564	0.00363	0.01202	0.00601
54	0.00494	0.00353	0.00471	0.00565	0.00588	0.00330	0.00377	0.00565	0.00777	0.01036	0.02236	0.85477	0.02683	0.01271	0.00518	0.00165	0.00235	0.01153	0.00377	0.00330
55	0.47652	0.00747	0.00716	0.00634	0.00844	0.02289	0.00512	0.10386	0.00851	0.05893	0.00810	0.01005	0.00662	0.02363	0.21668	0.00263	0.01665	0.00309	0.00272	0.00459
56	0.00877	0.03248	0.56422	0.06012	0.07535	0.03638	0.09767	0.02861	0.00894	0.01277	0.00761	0.02322	0.00576	0.00402	0.00410	0.00129	0.01763	0.00340	0.00187	0.00578
57	0.00705	0.00352	0.00529	0.00529	0.00529	0.00352	0.00352	0.00529	0.00529	0.00705	0.00705	0.01233	0.00705	0.01409	0.01586	0.88196	0.00352	0.00352	0.00176	0.00176
58	0.01007	0.00659	0.00711	0.00626	0.00807	0.00709	0.00488	0.12147	0.26339	0.08082	0.05372	0.01547	0.01204	0.03686	0.00425	0.00127	0.00284	0.00429	0.34828	0.00521

[dist]
# distance from previous block
# <min> <max>
1	8

[block]
# block no. 7 follows, 66 sequences, length 40
# corresponding to MSA columns:
# 249-288
name=unknown_H
#
# <colnr> <probs for GDERKNQSTAVLIFYWHMCP>
#	G	D	E	R	K	N	Q	S	T	A	V	L	I	F	Y	W	H	M	C	P
0	0.21381	0.00531	0.02559	0.00529	0.00664	0.00506	0.00409	0.00825	0.00896	0.02621	0.26558	0.21812	0.13600	0.02491	0.00457	0.00141	0.00249	0.00700	0.02685	0.00385
1	0.03951	0.00885	0.01380	0.08120	0.53717	0.00872	0.01024	0.01221	0.04456	0.01336	0.00783	0.00987	0.00645	0.00361	0.00376	0.00110	0.00436	0.00336	0.00218	0.18786
2	0.00514	0.00411	0.00446	0.00445	0.00568	0.00356	0.00336	0.00640	0.00964	0.01219	0.19741	0.05397	0.59928	0.00978	0.00477	0.00136	0.00209	0.03655	0.03225	0.00353
3	0.00646	0.00493	0.00603	0.00562	0.00681	0.00489	0.00425	0.00999	0.15066	0.01625	0.66980	0.02794	0.05485	0.00787	0.00467	0.00130	0.00214	0.00690	0.00439	0.00426
4	0.00580	0.00435	0.00652	0.00652	0.00724	0.00507	0.00507	0.00724	0.00652	0.00942	0.01087	0.01594	0.01014	0.03043	0.84134	0.00652	0.01087	0.00435	0.00217	0.00362
5	0.01820	0.00690	0.00942	0.00722	0.01036	0.00596	0.00596	0.01977	0.01161	0.83492	0.01601	0.01381	0.01004	0.00502	0.00408	0.00126	0.00345	0.00408	0.00502	0.00690
6	0.88607	0.00785	0.00596	0.00534	0.00785	0.00910	0.00439	0.01193	0.00690	0.01820	0.00565	0.00659	0.00439	0.00377	0.00251	0.00126	0.00314	0.00220	0.00251	0.00439
7	0.88607	0.00785	0.00596	0.00534	0.00785	0.00910	0.00439	0.01193	0.00690	0.01820	0.00565	0.00659	0.00439	0.00377	0.00251	0.00126	0.00314	0.00220	0.00251	0.00439
8	0.04791	0.00694	0.00930	0.00715	0.01027	0.00607	0.00591	0.01950	0.01145	0.80697	0.01565	0.01356	0.00985	0.00498	0.00403	0.00126	0.00344	0.00402	0.00494	0.00682
9	0.00982	0.00956	0.01557	0.16292	0.66852	0.03815	0.01209	0.01223	0.00913	0.01265	0.00751	0.01008	0.00621	0.00371	0.00401	0.00122	0.00500	0.00358	0.00198	0.00604
10	0.01437	0.04652	0.01195	0.00896	0.01192	0.03496	0.00738	0.68694	0.01735	0.02314	0.01018	0.05697	0.00795	0.00526	0.00417	0.00123	0.01795	0.00400	0.02234	0.00646
11	0.00582	0.00427	0.00494	0.00480	0.00599	0.00379	0.00357	0.00731	0.02402	0.04774	0.31043	0.10671	0.41995	0.02616	0.00510	0.00141	0.00215	0.00809	0.00404	0.00373
12	0.01140	0.17479	0.20631	0.02553	0.04502	0.09200	0.13087	0.10599	0.05613	0.08120	0.00849	0.00945	0.00638	0.00412	0.00403	0.00120	0.02544	0.00337	0.00249	0.00580
13	0.01085	0.85986	0.02126	0.00694	0.01041	0.01605	0.00694	0.01215	0.00824	0.00955	0.00564	0.00651	0.00521	0.00347	0.00260	0.00087	0.00434	0.00217	0.00174	0.00521
14	0.00494	0.00353	0.00471	0.00565	0.00588	0.00330	0.00377	0.00565	0.00777	0.01036	0.02236	0.85477	0.02683	0.01271	0.00518	0.00165	0.00235	0.01153	0.00377	0.00330
15	0.02769	0.13832	0.17690	0.07215	0.08372	0.05995	0.15952	0.02456	0.00964	0.17836	0.00960	0.01055	0.02270	0.00410	0.00390	0.00122	0.00518	0.00360	0.00259	0.00575
16	0.00664	0.00542	0.00710	0.05001	0.04981	0.00570	0.01781	0.01003	0.19183	0.01213	0.03168	0.51625	0.04584	0.00982	0.00494	0.00153	0.01679	0.00878	0.00361	0.00428
17	0.00576	0.00416	0.00545	0.00516	0.00611	0.00385	0.00389	0.00767	0.01144	0.01618	0.81165	0.03066	0.03794	0.00836	0.00480	0.00129	0.00196	0.02540	0.00445	0.00383
18	0.01090	0.26668	0.17228	0.05093	0.18424	0.08417	0.03710	0.05798	0.00954	0.05228	0.00730	0.00866	0.00582	0.00393	0.00386	0.00114	0.03231	0.00304	0.00212	0.00570
19	0.03287	0.05055	0.13597	0.23270	0.31523	0.02636	0.06265	0.02216	0.00929	0.01297	0.00888	0.01145	0.02830	0.00451	0.00451	0.00139	0.02828	0.00383	0.00222	0.00588
20	0.00509	0.00371	0.00500	0.00609	0.02547	0.00347	0.00400	0.00587	0.00788	0.01048	0.02258	0.79448	0.05120	0.01239	0.00515	0.00163	0.00243	0.02598	0.00372	0.00338
21	0.01542	0.01136	0.01218	0.00933	0.01258	0.01258	0.00771	0.81858	0.01908	0.02557	0.00974	0.00974	0.00690	0.00487	0.00406	0.00122	0.00446	0.00365	0.00406	0.00690
22	0.10154	0.07474	0.03572	0.06501	0.07440	0.23248	0.04620	0.01277	0.00868	0.05005	0.00675	0.00875	0.00565	0.00544	0.02602	0.00144	0.23416	0.00315	0.00213	0.00490
23	0.83509	0.02659	0.00646	0.00550	0.00804	0.02562	0.00454	0.01215	0.00710	0.03174	0.00584	0.00673	0.00452	0.00379	0.00256	0.00124	0.00325	0.00224	0.00253	0.00446
24	0.00963	0.00906	0.01510	0.13242	0.64757	0.00936	0.01171	0.02644	0.03199	0.01311	0.00855	0.02405	0.00735	0.00414	0.00410	0.00126	0.00477	0.03118	0.00216	0.00604
25	0.00566	0.00414	0.00531	0.00502	0.00601	0.00379	0.00376	0.00750	0.01129	0.01582	0.76304	0.03105	0.10549	0.00846	0.00479	0.00128	0.00193	0.00744	0.00441	0.00379
26	0.01085	0.85986	0.02126	0.00694	0.01041	0.01605	0.00694	0.01215	0.00824	0.00955	0.00564	0.00651	0.00521	0.00347	0.00260	0.00087	0.00434	0.00217	0.00174	0.00521
27	0.00494	0.00355	0.00469	0.00561	0.00587	0.00330	0.00375	0.00565	0.00780	0.01037	0.02283	0.83427	0.04703	0.01265	0.00517	0.00164	0.00235	0.01146	0.00377	0.00330
28	0.01009	0.00872	0.00917	0.00826	0.01055	0.01009	0.00642	0.02156	0.82478	0.01697	0.01651	0.01514	0.01238	0.00550	0.00413	0.00138	0.00321	0.00459	0.00413	0.00642
29	0.00584	0.00419	0.00573	0.00573	0.00618	0.00464	0.00408	0.00674	0.00629	0.00883	0.01159	0.01996	0.01189	0.34377	0.53038	0.00554	0.00824	0.00494	0.00228	0.00318
30	0.88607	0.00785	0.00596	0.00534	0.00785	0.00910	0.00439	0.01193	0.00690	0.01820	0.00565	0.00659	0.00439	0.00377	0.00251	0.00126	0.00314	0.00220	0.00251	0.00439
31	0.01542	0.01136	0.01218	0.00933	0.01258	0.01258	0.00771	0.81858	0.01908	0.02557	0.00974	0.00974	0.00690	0.00487	0.00406	0.00122	0.00446	0.00365	0.00406	0.00690
32	0.01707	0.00872	0.01054	0.00808	0.01126	0.00865	0.00667	0.34455	0.01465	0.50585	0.01346	0.01215	0.00876	0.00496	0.00407	0.00124	0.00386	0.00391	0.00463	0.00690
33	0.00494	0.00353	0.00471	0.00565	0.00588	0.00330	0.00377	0.00565	0.00777	0.01036	0.02236	0.85477	0.02683	0.01271	0.00518	0.00165	0.00235	0.01153	0.00377	0.00330
34	0.01096	0.83711	0.02100	0.00704	0.01047	0.03839	0.00697	0.01226	0.00833	0.00956	0.00566	0.00653	0.00521	0.00349	0.00263	0.00087	0.00442	0.00218	0.00175	0.00519
35	0.00486	0.00407	0.00423	0.00428	0.00554	0.00344	0.00317	0.00591	0.00925	0.01120	0.08171	0.10094	0.72681	0.01036	0.00482	0.00139	0.00207	0.00872	0.00380	0.00344
36	0.00590	0.00393	0.00442	0.00442	0.00442	0.00393	0.00246	0.00590	0.00590	0.00787	0.01278	0.02655	0.01475	0.85742	0.02065	0.00393	0.00393	0.00590	0.00246	0.00246
37	0.88607	0.00785	0.00596	0.00534	0.00785	0.00910	0.00439	0.01193	0.00690	0.01820	0.00565	0.00659	0.00439	0.00377	0.00251	0.00126	0.00314	0.00220	0.00251	0.00439
38	0.88607	0.00785	0.00596	0.00534	0.00785	0.00910	0.00439	0.01193	0.00690	0.01820	0.00565	0.00659	0.00439	0.00377	0.00251	0.00126	0.00314	0.00220	0.00251	0.00439
39	0.01241	0.06367	0.05678	0.02784	0.32737	0.17899	0.00991	0.22603	0.03147	0.01563	0.00798	0.00925	0.00629	0.00412	0.00387	0.00117	0.00523	0.00333	0.00258	0.00608

[dist]
# distance from previous block
# <min> <max>
0	1

[block]
# block no. 8 follows, 66 sequences, length 10
# corresponding to MSA columns:
# 290-299
name=unknown_I
#
