[name]
unknown

[dist]
# distance from previous block
# <min> <max>
0	47

[block]
# block no. 0 follows, 72 sequences, length 10
# corresponding to MSA columns:
# 51-60
name=unknown_A
#
# <colnr> <probs for GDERKNQSTAVLIFYWHMCP>
#	G	D	E	R	K	N	Q	S	T	A	V	L	I	F	Y	W	H	M	C	P
0	0.00591	0.00462	0.00658	0.00648	0.00701	0.00546	0.00510	0.00708	0.00637	0.00903	0.01115	0.01936	0.01124	0.13092	0.51009	0.00456	0.12093	0.12253	0.00223	0.00336
1	0.00799	0.51699	0.01339	0.00546	0.00771	0.01027	0.00494	0.00896	0.00763	0.00904	0.01491	0.01676	0.22479	0.13057	0.00542	0.00135	0.00344	0.00410	0.00222	0.00406
2	0.00666	0.11640	0.00945	0.01044	0.23891	0.00627	0.00616	0.00783	0.00770	0.01034	0.01506	0.51603	0.01718	0.00841	0.00423	0.00133	0.00308	0.00760	0.00282	0.00412
3	0.01137	0.00978	0.11997	0.00760	0.01027	0.00897	0.00677	0.47434	0.01332	0.04086	0.00980	0.01182	0.00773	0.11547	0.00560	0.00144	0.00392	0.00363	0.13198	0.00538
4	0.01237	0.01488	0.01144	0.00989	0.01181	0.61650	0.11565	0.01326	0.00966	0.00927	0.00621	0.00797	0.00525	0.00516	0.00522	0.13035	0.00626	0.00284	0.00190	0.00409
5	0.01083	0.00763	0.00816	0.00661	0.00887	0.00804	0.00534	0.45798	0.01368	0.05654	0.01794	0.01754	0.23918	0.00595	0.00384	0.00115	0.00319	0.00472	0.11762	0.00517
6	0.00522	0.00404	0.00478	0.00456	0.00564	0.00368	0.00343	0.00708	0.04300	0.01350	0.52682	0.03063	0.31714	0.00830	0.00445	0.00123	0.00188	0.00716	0.00393	0.00354
7	0.00552	0.00368	0.00414	0.00414	0.00414	0.00368	0.00230	0.00552	0.00552	0.00735	0.01195	0.02482	0.01379	0.86672	0.01930	0.00368	0.00368	0.00552	0.00230	0.00230
8	0.01442	0.01062	0.01138	0.00873	0.01176	0.01176	0.00721	0.83041	0.01783	0.02390	0.00911	0.00911	0.00645	0.00455	0.00379	0.00114	0.00417	0.00341	0.00379	0.00645
9	0.00786	0.00674	0.00786	0.00562	0.00899	0.00506	0.00449	0.00955	0.00786	0.01236	0.00674	0.00786	0.00562	0.00281	0.00281	0.00056	0.00281	0.00225	0.00225	0.88990

[dist]
# distance from previous block
# <min> <max>
0	1

[block]
# block no. 1 follows, 72 sequences, length 43
# corresponding to MSA columns:
# 62-104
name=unknown_B
#
# <colnr> <probs for GDERKNQSTAVLIFYWHMCP>
#	G	D	E	R	K	N	Q	S	T	A	V	L	I	F	Y	W	H	M	C	P
0	0.89350	0.00733	0.00557	0.00499	0.00733	0.00851	0.00411	0.01115	0.00645	0.01702	0.00528	0.00616	0.00411	0.00352	0.00235	0.00117	0.00293	0.00205	0.00235	0.00411
1	0.00716	0.00674	0.01138	0.85760	0.02612	0.00843	0.01053	0.00969	0.00758	0.00969	0.00674	0.01011	0.00506	0.00379	0.00379	0.00126	0.00506	0.00337	0.00169	0.00421
2	0.01378	0.01748	0.01049	0.00954	0.01146	0.81617	0.00716	0.01478	0.01070	0.00943	0.02401	0.00790	0.02287	0.00411	0.00346	0.00099	0.00663	0.00265	0.00203	0.00435
3	0.00552	0.00368	0.00414	0.00414	0.00414	0.00368	0.00230	0.00552	0.00552	0.00735	0.01195	0.02482	0.01379	0.86672	0.01930	0.00368	0.00368	0.00552	0.00230	0.00230
4	0.00895	0.01023	0.02238	0.01598	0.01982	0.00959	0.82928	0.01215	0.00895	0.01215	0.00767	0.01023	0.00575	0.00320	0.00448	0.00128	0.00639	0.00448	0.00192	0.00512
5	0.00538	0.00389	0.00509	0.00482	0.00571	0.00360	0.00363	0.00717	0.01069	0.01513	0.82361	0.02864	0.03549	0.00781	0.00449	0.00120	0.00183	0.02409	0.00416	0.00358
6	0.00764	0.01941	0.82907	0.01092	0.01649	0.00882	0.03180	0.01201	0.00803	0.01201	0.00682	0.00806	0.00482	0.00359	0.00362	0.00120	0.00562	0.00284	0.00161	0.00559
7	0.00542	0.00406	0.00610	0.00610	0.00677	0.00474	0.00474	0.00677	0.00610	0.00880	0.01016	0.01490	0.00948	0.02844	0.85169	0.00610	0.01016	0.00406	0.00203	0.00339
8	0.01702	0.00645	0.00880	0.00675	0.00968	0.00557	0.00557	0.01848	0.01085	0.84568	0.01496	0.01291	0.00939	0.00469	0.00381	0.00117	0.00323	0.00381	0.00469	0.00645
9	0.07643	0.00669	0.00736	0.00657	0.00827	0.04180	0.00529	0.21056	0.02624	0.07155	0.27876	0.06602	0.01964	0.00694	0.00420	0.00129	0.00312	0.15101	0.00372	0.00455
10	0.00939	0.00901	0.01539	0.02328	0.84306	0.00901	0.01164	0.01164	0.00864	0.01239	0.00713	0.00939	0.00601	0.00338	0.00375	0.00113	0.00451	0.00338	0.00188	0.00601
11	0.01702	0.00645	0.00880	0.00675	0.00968	0.00557	0.00557	0.01848	0.01085	0.84568	0.01496	0.01291	0.00939	0.00469	0.00381	0.00117	0.00323	0.00381	0.00469	0.00645
12	0.00655	0.00425	0.00552	0.00505	0.00617	0.00396	0.00384	0.00862	0.03910	0.08950	0.73882	0.02646	0.03259	0.00739	0.00439	0.00119	0.00196	0.00650	0.00421	0.00392
13	0.00761	0.01962	0.84707	0.01081	0.01641	0.00881	0.01401	0.01201	0.00801	0.01201	0.00681	0.00801	0.00480	0.00360	0.00360	0.00120	0.00560	0.00280	0.00160	0.00560
14	0.01425	0.01772	0.01069	0.00968	0.01166	0.82548	0.00727	0.01525	0.01075	0.03499	0.00614	0.00703	0.00502	0.00393	0.00343	0.00098	0.00673	0.00248	0.00204	0.00446
15	0.72584	0.03368	0.00653	0.00532	0.00778	0.00824	0.00442	0.01233	0.00720	0.14961	0.00683	0.00724	0.00498	0.00370	0.00258	0.00116	0.00302	0.00234	0.00270	0.00451
16	0.40886	0.00762	0.00774	0.00634	0.00897	0.00813	0.00520	0.14285	0.06841	0.28649	0.00974	0.00938	0.00671	0.00418	0.00316	0.00118	0.00323	0.00300	0.00344	0.00537
17	0.00960	0.00823	0.00867	0.00775	0.00993	0.00951	0.00604	0.04798	0.80810	0.01614	0.01522	0.01398	0.01140	0.00513	0.00386	0.00128	0.00304	0.00426	0.00386	0.00602
18	0.01414	0.00996	0.01082	0.00839	0.01132	0.01092	0.00690	0.68863	0.07582	0.09259	0.01011	0.00988	0.00713	0.00460	0.00378	0.00115	0.00397	0.00351	0.02001	0.00636
19	0.00479	0.00382	0.00429	0.00424	0.00533	0.00332	0.00315	0.00601	0.00927	0.01188	0.30635	0.08146	0.52449	0.00912	0.00450	0.00127	0.00189	0.00778	0.00374	0.00332
20	0.84618	0.00729	0.00575	0.00508	0.00746	0.00835	0.00419	0.01154	0.00669	0.06176	0.00580	0.00653	0.00439	0.00358	0.00243	0.00117	0.00295	0.00215	0.00247	0.00423
21	0.00453	0.00378	0.00396	0.00408	0.00522	0.00321	0.00302	0.00547	0.00847	0.01019	0.03586	0.14137	0.72289	0.00991	0.00454	0.00132	0.00199	0.02347	0.00352	0.00319
22	0.00913	0.00873	0.01487	0.07756	0.76984	0.00883	0.01138	0.01136	0.00853	0.01215	0.00743	0.02949	0.00639	0.00361	0.00378	0.00115	0.00449	0.00355	0.00190	0.00582
23	0.00700	0.00369	0.00396	0.00390	0.00466	0.00369	0.00279	0.00838	0.00746	0.03996	0.01226	0.01629	0.01052	0.17940	0.05016	0.00173	0.00264	0.00397	0.63419	0.00337
24	0.00972	0.03720	0.06365	0.04632	0.57233	0.08962	0.07488	0.02185	0.02602	0.01207	0.00716	0.00915	0.00587	0.00349	0.00373	0.00113	0.00491	0.00332	0.00192	0.00567
25	0.01014	0.86900	0.01987	0.00649	0.00973	0.01501	0.00649	0.01136	0.00771	0.00892	0.00527	0.00608	0.00487	0.00324	0.00243	0.00081	0.00406	0.00203	0.00162	0.00487
26	0.89350	0.00733	0.00557	0.00499	0.00733	0.00851	0.00411	0.01115	0.00645	0.01702	0.00528	0.00616	0.00411	0.00352	0.00235	0.00117	0.00293	0.00205	0.00235	0.00411
27	0.00509	0.00387	0.00469	0.00448	0.00550	0.00346	0.00336	0.00663	0.01009	0.01367	0.59255	0.03086	0.28525	0.00833	0.00448	0.00122	0.00183	0.00721	0.00397	0.00346
28	0.00534	0.00388	0.00503	0.00474	0.00565	0.00357	0.00356	0.00710	0.01067	0.01504	0.81405	0.02860	0.06289	0.00782	0.00447	0.00120	0.00179	0.00690	0.00415	0.00357
29	0.00502	0.00347	0.00428	0.00477	0.00489	0.00335	0.00298	0.00539	0.00648	0.00865	0.01692	0.49058	0.02006	0.39241	0.01128	0.00249	0.00286	0.00844	0.00298	0.00273
30	0.04932	0.00649	0.00868	0.00668	0.00959	0.00568	0.00552	0.01821	0.01069	0.81514	0.01461	0.01266	0.00919	0.00465	0.00376	0.00117	0.00322	0.00375	0.00461	0.00637
31	0.00588	0.00428	0.00540	0.00506	0.00607	0.00412	0.00380	0.00840	0.08380	0.02649	0.72777	0.04323	0.03273	0.02057	0.00464	0.00125	0.00195	0.00665	0.00411	0.00380
32	0.00761	0.01962	0.84707	0.01081	0.01641	0.00881	0.01401	0.01201	0.00801	0.01201	0.00681	0.00801	0.00480	0.00360	0.00360	0.00120	0.00560	0.00280	0.00160	0.00560
33	0.00939	0.00901	0.01539	0.02328	0.84306	0.00901	0.01164	0.01164	0.00864	0.01239	0.00713	0.00939	0.00601	0.00338	0.00375	0.00113	0.00451	0.00338	0.00188	0.00601
34	0.00481	0.00386	0.00432	0.00461	0.00552	0.00348	0.00330	0.00617	0.05077	0.01040	0.04469	0.35494	0.46912	0.01022	0.00459	0.00138	0.00208	0.00887	0.00355	0.00331
35	0.00510	0.00426	0.00536	0.00491	0.00619	0.00377	0.04883	0.00659	0.02151	0.01206	0.30120	0.05233	0.49681	0.00863	0.00448	0.00126	0.00215	0.00744	0.00365	0.00347
36	0.01093	0.01000	0.01012	0.00865	0.01098	0.14304	0.06269	0.10938	0.51163	0.04758	0.01274	0.02557	0.00967	0.00484	0.00384	0.00122	0.00397	0.00399	0.00344	0.00571
37	0.01440	0.01116	0.01134	0.00880	0.01176	0.07205	0.00722	0.77188	0.01732	0.02285	0.00887	0.00894	0.00634	0.00451	0.00377	0.00113	0.00436	0.00334	0.00366	0.00630
38	0.00939	0.00901	0.01539	0.02328	0.84306	0.00901	0.01164	0.01164	0.00864	0.01239	0.00713	0.00939	0.00601	0.00338	0.00375	0.00113	0.00451	0.00338	0.00188	0.00601
39	0.00462	0.00330	0.00440	0.00528	0.00550	0.00308	0.00352	0.00528	0.00726	0.00968	0.02090	0.86424	0.02508	0.01188	0.00484	0.00154	0.00220	0.01078	0.00352	0.00308
40	0.00477	0.00346	0.00464	0.00546	0.00570	0.00334	0.00373	0.00547	0.00728	0.00973	0.02048	0.81329	0.02447	0.01170	0.00504	0.00155	0.02329	0.04001	0.00347	0.00312
41	0.00589	0.00410	0.00542	0.00526	0.02534	0.00377	0.00383	0.00766	0.01064	0.04708	0.76959	0.02750	0.05427	0.00758	0.00443	0.00119	0.00191	0.00669	0.00412	0.00374
42	0.00826	0.00689	0.00841	0.00687	0.06649	0.00534	0.00502	0.00998	0.00801	0.03897	0.00703	0.00813	0.00576	0.00291	0.00291	0.00062	0.00294	0.00238	0.00230	0.80078

[dist]
# distance from previous block
# <min> <max>
0	8

[block]
# block no. 2 follows, 72 sequences, length 82
# corresponding to MSA columns:
# 113-194
name=unknown_C
#
# <colnr> <probs for GDERKNQSTAVLIFYWHMCP>
#	G	D	E	R	K	N	Q	S	T	A	V	L	I	F	Y	W	H	M	C	P
0	0.55573	0.00962	0.03663	0.02507	0.11351	0.12821	0.03378	0.02285	0.00764	0.01483	0.00580	0.00701	0.00460	0.00362	0.00300	0.00115	0.01780	0.00244	0.00219	0.00450
1	0.01064	0.00862	0.01354	0.12621	0.55552	0.03667	0.01025	0.02626	0.00910	0.15374	0.00840	0.00999	0.00643	0.00369	0.00376	0.00115	0.00443	0.00342	0.00237	0.00581
2	0.01387	0.01760	0.01059	0.00965	0.01156	0.82307	0.00724	0.01486	0.01059	0.00927	0.00601	0.00711	0.00504	0.00473	0.03189	0.00115	0.00695	0.00250	0.00196	0.00436
3	0.00871	0.00899	0.05175	0.16908	0.41417	0.07519	0.02698	0.01112	0.02787	0.02044	0.10866	0.02754	0.01730	0.00435	0.00387	0.00117	0.00443	0.01099	0.00225	0.00513
4	0.00824	0.00784	0.01333	0.45193	0.42334	0.00871	0.01107	0.01064	0.00810	0.01100	0.00693	0.00976	0.00552	0.00359	0.00377	0.00120	0.00479	0.00337	0.00178	0.00509
5	0.00482	0.00406	0.00411	0.00403	0.00535	0.00349	0.00304	0.03313	0.00893	0.01069	0.03711	0.05113	0.79816	0.00948	0.00447	0.00128	0.00200	0.00790	0.00353	0.00331
6	0.00864	0.00973	0.02109	0.01522	0.01879	0.00912	0.77008	0.01166	0.00883	0.01197	0.00862	0.07145	0.00714	0.00382	0.00450	0.00130	0.00609	0.00493	0.00203	0.00497
7	0.02998	0.00807	0.00863	0.00755	0.00977	0.00913	0.00593	0.10725	0.63768	0.06177	0.06063	0.01415	0.01209	0.00517	0.00385	0.00126	0.00307	0.00426	0.00388	0.00590
8	0.00474	0.00385	0.00419	0.00411	0.00528	0.00331	0.00308	0.00593	0.00924	0.01167	0.26833	0.03416	0.61072	0.00907	0.00448	0.00126	0.00188	0.00768	0.00371	0.00331
9	0.14875	0.70919	0.04152	0.00638	0.00955	0.01381	0.00633	0.01134	0.00752	0.01028	0.00532	0.00615	0.00475	0.00330	0.00245	0.00088	0.00392	0.00205	0.00174	0.00477
10	0.00782	0.00742	0.01257	0.60928	0.26927	0.00860	0.01086	0.01027	0.00790	0.01049	0.00686	0.00990	0.00534	0.00367	0.00378	0.00122	0.00489	0.00337	0.00174	0.00475
11	0.00849	0.00862	0.01159	0.00995	0.01001	0.03901	0.00827	0.00932	0.00597	0.00913	0.00501	0.00825	0.00498	0.00655	0.01215	0.00164	0.83196	0.00329	0.00167	0.00416
12	0.00492	0.00384	0.00424	0.00414	0.00527	0.00335	0.00310	0.00621	0.00931	0.01213	0.30819	0.03252	0.52414	0.00870	0.00438	0.00123	0.00187	0.00737	0.05174	0.00335
13	0.84593	0.00729	0.00575	0.00508	0.00746	0.00835	0.00419	0.01155	0.00669	0.06200	0.00581	0.00653	0.00439	0.00358	0.00243	0.00117	0.00295	0.00215	0.00247	0.00423
14	0.00608	0.00371	0.00437	0.00425	0.00512	0.00354	0.00317	0.00782	0.00939	0.01453	0.44813	0.05401	0.02400	0.00646	0.00369	0.00107	0.00180	0.00556	0.38978	0.00354
15	0.00915	0.00501	0.00633	0.00549	0.00710	0.00470	0.00429	0.02964	0.06805	0.24467	0.44944	0.02199	0.05509	0.00650	0.00411	0.00117	0.00233	0.00558	0.06476	0.00459
16	0.00594	0.00412	0.00610	0.00602	0.00677	0.00470	0.00468	0.00720	0.00628	0.04076	0.01027	0.01469	0.00939	0.02647	0.77175	0.03544	0.00947	0.00402	0.02248	0.00345
17	0.01456	0.01040	0.01124	0.00862	0.01165	0.01143	0.00712	0.78634	0.01745	0.06851	0.00942	0.00931	0.00661	0.00456	0.00379	0.00114	0.00412	0.00344	0.00384	0.00645
18	0.89350	0.00733	0.00557	0.00499	0.00733	0.00851	0.00411	0.01115	0.00645	0.01702	0.00528	0.00616	0.00411	0.00352	0.00235	0.00117	0.00293	0.00205	0.00235	0.00411
19	0.00466	0.00339	0.00441	0.00520	0.00555	0.00314	0.00355	0.00539	0.00745	0.00980	0.02260	0.75333	0.10527	0.01161	0.00482	0.00152	0.00222	0.03948	0.00352	0.00311
20	0.00526	0.00423	0.00481	0.00515	0.00602	0.02528	0.00386	0.00660	0.03102	0.01093	0.12070	0.30566	0.31446	0.01000	0.00467	0.00142	0.00239	0.13063	0.00356	0.00336
21	0.00836	0.00673	0.00792	0.00568	0.00903	0.00508	0.00455	0.01003	0.00803	0.05759	0.00719	0.00814	0.00582	0.00291	0.00286	0.00059	0.00283	0.00233	0.00238	0.84194
22	0.01014	0.86900	0.01987	0.00649	0.00973	0.01501	0.00649	0.01136	0.00771	0.00892	0.00527	0.00608	0.00487	0.00324	0.00243	0.00081	0.00406	0.00203	0.00162	0.00487
23	0.85999	0.00746	0.00580	0.00513	0.00750	0.00863	0.00423	0.04238	0.00689	0.01728	0.00543	0.00627	0.00420	0.00356	0.00240	0.00117	0.00298	0.00211	0.00240	0.00420
24	0.00729	0.00687	0.01161	0.80913	0.07358	0.00846	0.01060	0.00980	0.00764	0.00985	0.00676	0.01007	0.00511	0.00377	0.00379	0.00126	0.00502	0.00337	0.00170	0.00432
25	0.00857	0.00851	0.01150	0.00985	0.01004	0.04143	0.01817	0.00947	0.00612	0.02329	0.00537	0.00855	0.00520	0.00714	0.03783	0.00176	0.77795	0.00333	0.00174	0.00418
26	0.00494	0.00345	0.00435	0.00494	0.00510	0.00330	0.00317	0.00541	0.00672	0.00895	0.01795	0.57218	0.02132	0.29166	0.00958	0.00224	0.00271	0.02604	0.00312	0.00283
27	0.00581	0.00397	0.00521	0.00485	0.00582	0.00365	0.00365	0.00759	0.01074	0.04687	0.80956	0.02774	0.03478	0.00764	0.00445	0.00119	0.00184	0.00674	0.00419	0.00369
28	0.02872	0.03530	0.01100	0.00939	0.01162	0.63648	0.00723	0.19200	0.01215	0.01258	0.00654	0.00730	0.00521	0.00403	0.00346	0.00101	0.00613	0.00264	0.00235	0.00485
29	0.00729	0.00692	0.01160	0.70530	0.06923	0.00844	0.03243	0.00967	0.00766	0.00997	0.01938	0.01102	0.03039	0.00414	0.00431	0.00128	0.05132	0.00358	0.00179	0.00429
30	0.61746	0.00692	0.00618	0.00530	0.00765	0.00759	0.00435	0.03774	0.00778	0.17450	0.00790	0.00827	0.00570	0.00386	0.00270	0.00115	0.00292	0.00257	0.08489	0.00457
31	0.00716	0.00674	0.01138	0.85760	0.02612	0.00843	0.01053	0.00969	0.00758	0.00969	0.00674	0.01011	0.00506	0.00379	0.00379	0.00126	0.00506	0.00337	0.00169	0.00421
32	0.04138	0.34622	0.32175	0.00916	0.01328	0.01125	0.09761	0.05159	0.00856	0.05684	0.00680	0.00775	0.00523	0.00352	0.00322	0.00105	0.00480	0.00274	0.00194	0.00530
33	0.00761	0.01962	0.84707	0.01081	0.01641	0.00881	0.01401	0.01201	0.00801	0.01201	0.00681	0.00801	0.00480	0.00360	0.00360	0.00120	0.00560	0.00280	0.00160	0.00560
34	0.01530	0.00690	0.00879	0.00686	0.00954	0.00651	0.00560	0.16392	0.01162	0.60326	0.01351	0.01285	0.00906	0.04328	0.03490	0.00144	0.00362	0.00382	0.03313	0.00607
35	0.01053	0.02417	0.04581	0.02917	0.10965	0.02910	0.37853	0.12911	0.01022	0.11495	0.00936	0.01915	0.02127	0.00505	0.04500	0.00145	0.00546	0.00405	0.00255	0.00541
36	0.01352	0.02559	0.01205	0.00936	0.01221	0.15762	0.07065	0.55291	0.07549	0.01962	0.00883	0.00912	0.00647	0.00436	0.00376	0.00113	0.00472	0.00337	0.00330	0.00593
37	0.00574	0.00378	0.00474	0.00470	0.00481	0.00396	0.00298	0.00570	0.00552	0.00750	0.01064	0.02072	0.01174	0.57595	0.14991	0.14891	0.02331	0.00487	0.00214	0.00240
38	0.00854	0.00801	0.01331	0.23682	0.53796	0.00844	0.01058	0.02898	0.00857	0.01180	0.00924	0.01224	0.05169	0.00410	0.00386	0.00119	0.00446	0.03286	0.00202	0.00531
39	0.03613	0.08009	0.01358	0.01353	0.28459	0.05573	0.03735	0.40072	0.01299	0.01753	0.00782	0.00879	0.00600	0.00395	0.00364	0.00111	0.00446	0.00324	0.00279	0.00596
40	0.00652	0.00561	0.00706	0.00666	0.00793	0.02704	0.07011	0.00992	0.20366	0.01151	0.03057	0.27949	0.16909	0.05369	0.01896	0.00160	0.00311	0.08013	0.00335	0.00400
41	0.00543	0.00401	0.00585	0.00585	0.00644	0.00461	0.00443	0.00661	0.00602	0.00862	0.01039	0.01616	0.01003	0.13477	0.74611	0.00579	0.00934	0.00425	0.00207	0.00325
42	0.14542	0.01913	0.01303	0.05425	0.52436	0.00906	0.01960	0.06798	0.01858	0.06038	0.00743	0.00910	0.00592	0.00367	0.00376	0.00116	0.02611	0.00321	0.00224	0.00562
43	0.00974	0.08436	0.14414	0.05797	0.08731	0.07982	0.07560	0.12906	0.18956	0.01401	0.04659	0.02190	0.03428	0.00449	0.00375	0.00117	0.00442	0.00377	0.00268	0.00537
44	0.00910	0.02694	0.00911	0.02721	0.02681	0.01753	0.03585	0.04296	0.00868	0.09003	0.02139	0.00940	0.00673	0.00333	0.00311	0.00074	0.00320	0.01597	0.00254	0.63939
45	0.00472	0.00389	0.00417	0.00420	0.00540	0.00334	0.00321	0.00585	0.00892	0.01097	0.14128	0.03591	0.67560	0.00943	0.00454	0.00130	0.00202	0.06837	0.00360	0.00327
46	0.06804	0.00763	0.00864	0.00711	0.04418	0.00709	0.00542	0.14645	0.11615	0.01498	0.00850	0.01820	0.00687	0.00367	0.00317	0.00084	0.00314	0.01430	0.00273	0.51288
47	0.00507	0.00381	0.00472	0.00470	0.00559	0.00342	0.00344	0.00644	0.00947	0.01288	0.47134	0.20952	0.20750	0.00893	0.00452	0.00127	0.00193	0.00785	0.00385	0.02376
48	0.00861	0.05291	0.02677	0.00629	0.00945	0.00649	0.01464	0.08499	0.04691	0.02310	0.02671	0.00902	0.00681	0.00430	0.03745	0.00093	0.00339	0.00267	0.00248	0.62611
49	0.10884	0.00848	0.00899	0.00743	0.00969	0.10268	0.00601	0.15131	0.04021	0.33125	0.01059	0.01078	0.00757	0.00742	0.10420	0.00177	0.07054	0.00341	0.00340	0.00541
50	0.00483	0.00342	0.00439	0.00509	0.00532	0.00323	0.00336	0.00541	0.00703	0.00933	0.01972	0.66300	0.04514	0.16744	0.00748	0.00193	0.00250	0.03514	0.00330	0.00295
51	0.01175	0.00581	0.00739	0.00632	0.00845	0.00537	0.00518	0.06096	0.04966	0.42009	0.07868	0.02277	0.15381	0.00671	0.00421	0.00129	0.00299	0.13920	0.00417	0.00519
52	0.00996	0.73760	0.09253	0.00718	0.01063	0.01415	0.02824	0.02905	0.02354	0.00973	0.00574	0.00658	0.00504	0.00334	0.00264	0.00087	0.00424	0.00223	0.00172	0.00499
53	0.00719	0.00677	0.01143	0.84527	0.03819	0.00843	0.01055	0.00972	0.00760	0.00973	0.00675	0.01010	0.00507	0.00379	0.00379	0.00126	0.00505	0.00337	0.00169	0.00424
54	0.00488	0.00358	0.00462	0.00524	0.00577	0.00332	0.00377	0.00585	0.00804	0.01060	0.11486	0.54362	0.14474	0.01091	0.00480	0.00149	0.00228	0.11484	0.00359	0.00321
55	0.78581	0.00762	0.00622	0.00539	0.00782	0.00874	0.00444	0.08948	0.00766	0.04022	0.00591	0.00663	0.00447	0.00365	0.00252	0.00117	0.00306	0.00223	0.00255	0.00439
56	0.06460	0.00862	0.01290	0.01003	0.01253	0.07688	0.31678	0.12191	0.01827	0.01304	0.01363	0.05287	0.14523	0.00795	0.10559	0.00182	0.00540	0.00483	0.00257	0.00457
57	0.00542	0.00405	0.00602	0.00602	0.00668	0.00470	0.00465	0.00673	0.00607	0.00875	0.01022	0.01526	0.00964	0.05854	0.82180	0.00601	0.00993	0.00412	0.00204	0.00335
58	0.00582	0.00404	0.00522	0.00490	0.00588	0.00375	0.00368	0.00773	0.02794	0.04430	0.74757	0.05768	0.05146	0.00778	0.00445	0.00121	0.00188	0.00686	0.00415	0.00371
59	0.00893	0.01041	0.03826	0.01588	0.01976	0.00958	0.81358	0.01215	0.00893	0.01215	0.00766	0.01019	0.00574	0.00320	0.00446	0.00128	0.00638	0.00444	0.00191	0.00512
60	0.01629	0.00941	0.00930	0.00752	0.01020	0.22063	0.00602	0.01763	0.01083	0.63305	0.01265	0.01137	0.00824	0.00449	0.00371	0.00112	0.00415	0.00347	0.00400	0.00593
61	0.00663	0.00585	0.00843	0.00773	0.00812	0.00764	0.00624	0.00777	0.00597	0.00894	0.00797	0.01211	0.00758	0.01923	0.49725	0.00422	0.36898	0.00375	0.00187	0.00371
62	0.00943	0.00815	0.00858	0.00772	0.00986	0.00943	0.00600	0.02015	0.83621	0.01586	0.01544	0.01415	0.01158	0.00515	0.00386	0.00129	0.00300	0.00429	0.00386	0.00600
63	0.00569	0.00340	0.00402	0.00452	0.00503	0.00328	0.00314	0.00683	0.00756	0.01163	0.01718	0.49325	0.01838	0.00862	0.00389	0.00125	0.00201	0.00762	0.38941	0.00328
64	0.00571	0.00412	0.00613	0.00608	0.00680	0.00474	0.00472	0.00704	0.00620	0.02954	0.01031	0.01503	0.00956	0.04287	0.81574	0.00593	0.00987	0.00408	0.00210	0.00344
65	0.01417	0.01788	0.01076	0.00974	0.01173	0.82998	0.00732	0.03603	0.01093	0.00966	0.00595	0.00690	0.00493	0.00392	0.00343	0.00098	0.00677	0.00247	0.00200	0.00445
66	0.01442	0.01062	0.01138	0.00873	0.01176	0.01176	0.00721	0.83041	0.01783	0.02390	0.00911	0.00911	0.00645	0.00455	0.00379	0.00114	0.00417	0.00341	0.00379	0.00645
67	0.00537	0.00388	0.00507	0.00477	0.00567	0.00358	0.00358	0.00716	0.01074	0.01521	0.84106	0.02833	0.03578	0.00775	0.00447	0.00119	0.00179	0.00686	0.00417	0.00358
68	0.00716	0.00674	0.01138	0.85760	0.02612	0.00843	0.01053	0.00969	0.00758	0.00969	0.00674	0.01011	0.00506	0.00379	0.00379	0.00126	0.00506	0.00337	0.00169	0.00421
69	0.00786	0.00674	0.00786	0.00562	0.00899	0.00506	0.00449	0.00955	0.00786	0.01236	0.00674	0.00786	0.00562	0.00281	0.00281	0.00056	0.00281	0.00225	0.00225	0.88990
70	0.00552	0.00368	0.00414	0.00414	0.00414	0.00368	0.00230	0.00552	0.00552	0.00735	0.01195	0.02482	0.01379	0.86672	0.01930	0.00368	0.00368	0.00552	0.00230	0.00230
71	0.89350	0.00733	0.00557	0.00499	0.00733	0.00851	0.00411	0.01115	0.00645	0.01702	0.00528	0.00616	0.00411	0.00352	0.00235	0.00117	0.00293	0.00205	0.00235	0.00411
72	0.00481	0.00385	0.00429	0.00418	0.00532	0.00334	0.00314	0.00607	0.00941	0.01207	0.33310	0.03350	0.54570	0.00893	0.00448	0.00125	0.00187	0.00758	0.00376	0.00334
73	0.01086	0.00865	0.00858	0.00741	0.00950	0.11139	0.00585	0.17850	0.27933	0.10767	0.15837	0.01634	0.03876	0.00562	0.00397	0.00121	0.00351	0.03540	0.00374	0.00534
74	0.02627	0.00755	0.00932	0.00726	0.01013	0.00735	0.00596	0.19981	0.08994	0.57426	0.01358	0.01209	0.00887	0.00469	0.00380	0.00118	0.00341	0.00375	0.00439	0.00638
75	0.00449	0.00380	0.00388	0.00394	0.00515	0.00319	0.00293	0.00543	0.00855	0.01021	0.03720	0.09405	0.78475	0.00976	0.00451	0.00130	0.00194	0.00820	0.00352	0.00319
76	0.00516	0.00376	0.00439	0.00434	0.00497	0.00349	0.00294	0.00603	0.00812	0.01082	0.29603	0.07631	0.22435	0.32156	0.00990	0.00214	0.00253	0.00687	0.00329	0.00299
77	0.83471	0.00728	0.00579	0.00511	0.00749	0.00831	0.00421	0.01164	0.00675	0.07260	0.00593	0.00661	0.00446	0.00360	0.00245	0.00117	0.00295	0.00217	0.00250	0.00426
78	0.89350	0.00733	0.00557	0.00499	0.00733	0.00851	0.00411	0.01115	0.00645	0.01702	0.00528	0.00616	0.00411	0.00352	0.00235	0.00117	0.00293	0.00205	0.00235	0.00411
79	0.00536	0.00402	0.00508	0.00514	0.03355	0.00369	0.00362	0.00689	0.00990	0.01363	0.58578	0.02895	0.20121	0.05456	0.00522	0.00134	0.00201	0.00685	0.01968	0.00351
80	0.00988	0.80673	0.01886	0.00645	0.00952	0.01427	0.00633	0.02243	0.00782	0.00918	0.00623	0.05598	0.00606	0.00376	0.00259	0.00086	0.00395	0.00256	0.00176	0.00479
81	0.00952	0.26676	0.36054	0.01053	0.10023	0.03814	0.03252	0.05833	0.02029	0.03977	0.00690	0.00792	0.00534	0.00357	0.00330	0.00106	0.00483	0.00275	0.00193	0.02579

[dist]
# distance from previous block
# <min> <max>
0	6

[block]
# block no. 3 follows, 72 sequences, length 38
# corresponding to MSA columns:
# 201-238
name=unknown_D
#
# <colnr> <probs for GDERKNQSTAVLIFYWHMCP>
#	G	D	E	R	K	N	Q	S	T	A	V	L	I	F	Y	W	H	M	C	P
0	0.08088	0.33236	0.07380	0.00913	0.07684	0.24796	0.00750	0.06574	0.04067	0.02392	0.00647	0.00730	0.00532	0.00367	0.00305	0.00098	0.00485	0.00251	0.00206	0.00499
1	0.72824	0.00815	0.04706	0.00781	0.12407	0.00859	0.00563	0.01126	0.00683	0.01613	0.00561	0.00670	0.00440	0.00350	0.00260	0.00117	0.00328	0.00227	0.00225	0.00444
2	0.01074	0.00682	0.00824	0.00610	0.00921	0.00562	0.00492	0.07114	0.00942	0.24140	0.02671	0.01011	0.00751	0.02105	0.00352	0.00085	0.00302	0.00292	0.00307	0.54763
3	0.00819	0.00881	0.05539	0.01007	0.01052	0.01118	0.03565	0.00930	0.00604	0.00937	0.00533	0.00856	0.00514	0.00708	0.03916	0.00177	0.75918	0.00335	0.00168	0.00423
4	0.00462	0.00330	0.00440	0.00528	0.00550	0.00308	0.00352	0.00528	0.00726	0.00968	0.02090	0.86424	0.02508	0.01188	0.00484	0.00154	0.00220	0.01078	0.00352	0.00308
5	0.00543	0.00403	0.00592	0.00592	0.00653	0.00464	0.00452	0.00666	0.00604	0.00867	0.01032	0.01581	0.00988	0.10524	0.77543	0.00587	0.00956	0.00420	0.00206	0.00329
6	0.00615	0.00442	0.00613	0.00697	0.00786	0.00444	0.00607	0.00805	0.02431	0.01141	0.02001	0.05620	0.02169	0.01040	0.00521	0.00173	0.00346	0.78848	0.00350	0.00353
7	0.00465	0.00358	0.00425	0.00466	0.00537	0.00318	0.00328	0.00555	0.00818	0.01051	0.11742	0.44850	0.34618	0.01054	0.00466	0.00140	0.00205	0.00926	0.00359	0.00318
8	0.00769	0.04807	0.81936	0.01066	0.01619	0.00902	0.01376	0.01199	0.00800	0.01191	0.00675	0.00794	0.00481	0.00359	0.00356	0.00119	0.00555	0.00278	0.00160	0.00558
9	0.00786	0.00674	0.00786	0.00562	0.00899	0.00506	0.00449	0.00955	0.00786	0.01236	0.00674	0.00786	0.00562	0.00281	0.00281	0.00056	0.00281	0.00225	0.00225	0.88990
10	0.01438	0.01181	0.01128	0.00889	0.01176	0.14538	0.00723	0.70069	0.01670	0.02158	0.00859	0.00874	0.00620	0.00445	0.00373	0.00111	0.00460	0.00326	0.00350	0.00612
11	0.89350	0.00733	0.00557	0.00499	0.00733	0.00851	0.00411	0.01115	0.00645	0.01702	0.00528	0.00616	0.00411	0.00352	0.00235	0.00117	0.00293	0.00205	0.00235	0.00411
12	0.01162	0.00801	0.00896	0.00748	0.00983	0.00869	0.00596	0.25369	0.35165	0.15807	0.10366	0.03179	0.01264	0.00532	0.00392	0.00122	0.00323	0.00437	0.00401	0.00588
13	0.00622	0.00420	0.00558	0.00546	0.00622	0.00472	0.00419	0.03738	0.00696	0.01063	0.01073	0.01505	0.00965	0.07642	0.53587	0.00435	0.01969	0.00399	0.22921	0.00348
14	0.00649	0.00333	0.00487	0.00487	0.00487	0.00333	0.00321	0.00499	0.00499	0.00665	0.00705	0.01268	0.00721	0.08742	0.01521	0.81259	0.00333	0.00349	0.00170	0.00170
15	0.89350	0.00733	0.00557	0.00499	0.00733	0.00851	0.00411	0.01115	0.00645	0.01702	0.00528	0.00616	0.00411	0.00352	0.00235	0.00117	0.00293	0.00205	0.00235	0.00411
16	0.00549	0.00417	0.00623	0.00619	0.00685	0.00491	0.00483	0.00683	0.00609	0.00881	0.01003	0.01474	0.00937	0.02792	0.83140	0.00599	0.03070	0.00405	0.00202	0.00340
17	0.00951	0.00891	0.01215	0.12104	0.36370	0.08017	0.02597	0.10231	0.07266	0.01302	0.02553	0.05157	0.00822	0.02557	0.01379	0.00130	0.02812	0.01414	0.01708	0.00525
18	0.82406	0.00732	0.00581	0.00512	0.00749	0.00840	0.00422	0.03197	0.00693	0.04842	0.00586	0.00662	0.00446	0.00361	0.00244	0.00117	0.00296	0.00218	0.01674	0.00425
19	0.01492	0.00616	0.00809	0.00638	0.00905	0.00541	0.00521	0.01672	0.04686	0.69161	0.01828	0.01628	0.12659	0.00540	0.00391	0.00119	0.00303	0.00442	0.00449	0.00598
20	0.01702	0.00645	0.00880	0.00675	0.00968	0.00557	0.00557	0.01848	0.01085	0.84568	0.01496	0.01291	0.00939	0.00469	0.00381	0.00117	0.00323	0.00381	0.00469	0.00645
21	0.01087	0.00806	0.00877	0.00758	0.00990	0.00898	0.00598	0.11114	0.60530	0.12943	0.01538	0.01411	0.03686	0.00516	0.00387	0.00125	0.00313	0.00424	0.00395	0.00603
22	0.89350	0.00733	0.00557	0.00499	0.00733	0.00851	0.00411	0.01115	0.00645	0.01702	0.00528	0.00616	0.00411	0.00352	0.00235	0.00117	0.00293	0.00205	0.00235	0.00411
23	0.00936	0.00891	0.01505	0.07508	0.77330	0.00904	0.01147	0.02995	0.00878	0.01248	0.00715	0.00943	0.00596	0.00343	0.00376	0.00114	0.00453	0.00338	0.00191	0.00591
24	0.89350	0.00733	0.00557	0.00499	0.00733	0.00851	0.00411	0.01115	0.00645	0.01702	0.00528	0.00616	0.00411	0.00352	0.00235	0.00117	0.00293	0.00205	0.00235	0.00411
25	0.00716	0.00674	0.01138	0.85760	0.02612	0.00843	0.01053	0.00969	0.00758	0.00969	0.00674	0.01011	0.00506	0.00379	0.00379	0.00126	0.00506	0.00337	0.00169	0.00421
26	0.00895	0.01023	0.02238	0.01598	0.01982	0.00959	0.82928	0.01215	0.00895	0.01215	0.00767	0.01023	0.00575	0.00320	0.00448	0.00128	0.00639	0.00448	0.00192	0.00512
27	0.01060	0.00799	0.00863	0.00732	0.00961	0.00876	0.00581	0.24681	0.40342	0.07945	0.03697	0.02720	0.11921	0.00568	0.00395	0.00124	0.00317	0.00464	0.00386	0.00570
28	0.01702	0.00645	0.00880	0.00675	0.00968	0.00557	0.00557	0.01848	0.01085	0.84568	0.01496	0.01291	0.00939	0.00469	0.00381	0.00117	0.00323	0.00381	0.00469	0.00645
29	0.00911	0.00873	0.01489	0.12748	0.74103	0.00894	0.01150	0.01140	0.00850	0.01205	0.00708	0.00948	0.00589	0.00343	0.00376	0.00114	0.00457	0.00338	0.00185	0.00578
30	0.01492	0.00877	0.00978	0.00766	0.01048	0.05732	0.00625	0.34249	0.04661	0.39049	0.04330	0.01159	0.00898	0.00470	0.00379	0.00114	0.00375	0.00368	0.00408	0.02023
31	0.00766	0.01926	0.81580	0.01101	0.01654	0.00884	0.04492	0.01202	0.00804	0.01202	0.00684	0.00809	0.00484	0.00359	0.00364	0.00120	0.00563	0.00287	0.00161	0.00559
32	0.00461	0.00335	0.00435	0.00516	0.00547	0.00309	0.00346	0.00529	0.00738	0.00973	0.02243	0.79224	0.09610	0.01168	0.00481	0.00152	0.00218	0.01054	0.00352	0.00309
33	0.00761	0.01962	0.84707	0.01081	0.01641	0.00881	0.01401	0.01201	0.00801	0.01201	0.00681	0.00801	0.00480	0.00360	0.00360	0.00120	0.00560	0.00280	0.00160	0.00560
34	0.00933	0.00896	0.01530	0.04268	0.82407	0.00900	0.01161	0.01159	0.00861	0.01233	0.00712	0.00940	0.00599	0.00339	0.00376	0.00113	0.00452	0.00338	0.00187	0.00597
35	0.00465	0.00339	0.00439	0.00511	0.00547	0.00312	0.00346	0.00541	0.00761	0.01008	0.07345	0.73350	0.10356	0.01141	0.00478	0.00149	0.00215	0.01027	0.00356	0.00312
36	0.00865	0.26700	0.02519	0.00624	0.00824	0.12616	0.00524	0.07423	0.00922	0.02070	0.06745	0.11218	0.20059	0.04773	0.00439	0.00122	0.00362	0.00505	0.00271	0.00417
37	0.02010	0.12634	0.00877	0.00645	0.00800	0.05408	0.00503	0.14906	0.07837	0.04831	0.03840	0.21973	0.01352	0.12678	0.06798	0.00192	0.00396	0.01586	0.00302	0.00431

[dist]
# distance from previous block
# <min> <max>
1	9

[block]
# block no. 4 follows, 72 sequences, length 36
# corresponding to MSA columns:
# 248-283
name=unknown_E
#
# <colnr> <probs for GDERKNQSTAVLIFYWHMCP>
#	G	D	E	R	K	N	Q	S	T	A	V	L	I	F	Y	W	H	M	C	P
0	0.11253	0.17203	0.22439	0.00841	0.01165	0.24352	0.00820	0.03676	0.05431	0.03871	0.00723	0.02868	0.00585	0.00394	0.00323	0.00106	0.00493	0.00279	0.00214	0.02964
1	0.00469	0.00349	0.00429	0.00489	0.00538	0.00319	0.00335	0.00541	0.00753	0.00971	0.02465	0.57546	0.22878	0.07020	0.00576	0.00163	0.00227	0.03281	0.00344	0.00307
2	0.01145	0.15107	0.03577	0.00805	0.01078	0.04576	0.00680	0.30486	0.35286	0.01719	0.01089	0.01056	0.00819	0.00453	0.00358	0.00114	0.00382	0.00349	0.00333	0.00590
3	0.04327	0.00565	0.00703	0.00589	0.00796	0.00530	0.00469	0.01430	0.09517	0.42460	0.15618	0.04883	0.04517	0.00564	0.00380	0.00117	0.00268	0.00470	0.11274	0.00523
4	0.00793	0.00915	0.13665	0.40293	0.25145	0.00830	0.02141	0.02309	0.00814	0.02147	0.00801	0.06994	0.00678	0.00423	0.00384	0.00123	0.00476	0.00383	0.00193	0.00492
5	0.00876	0.25747	0.45733	0.00949	0.01386	0.01065	0.05694	0.01270	0.08880	0.02642	0.00738	0.00828	0.00562	0.00369	0.00348	0.00111	0.01786	0.00285	0.00190	0.00540
6	0.12689	0.00674	0.00850	0.00661	0.00947	0.00620	0.00546	0.05093	0.01059	0.70793	0.01351	0.01191	0.00860	0.00454	0.00363	0.00117	0.00323	0.00358	0.00436	0.00616
7	0.00537	0.00384	0.00489	0.00475	0.00565	0.00350	0.00352	0.00690	0.01002	0.02878	0.61614	0.13781	0.13773	0.00847	0.00451	0.00125	0.00189	0.00746	0.00401	0.00352
8	0.00901	0.00881	0.01395	0.02017	0.68311	0.04741	0.02939	0.01105	0.00869	0.01196	0.01019	0.04662	0.07436	0.00425	0.00386	0.00115	0.00435	0.00404	0.00208	0.00556
9	0.00814	0.01529	0.55065	0.01040	0.01461	0.00858	0.08361	0.02113	0.00822	0.05471	0.05218	0.02224	0.01622	0.00471	0.01610	0.00133	0.10116	0.00347	0.00201	0.00525
10	0.01622	0.00627	0.00854	0.00663	0.00941	0.00543	0.00544	0.01768	0.01075	0.79046	0.04686	0.03725	0.01084	0.00501	0.00387	0.00118	0.00314	0.00413	0.00464	0.00625
11	0.01702	0.00645	0.00880	0.00675	0.00968	0.00557	0.00557	0.01848	0.01085	0.84568	0.01496	0.01291	0.00939	0.00469	0.00381	0.00117	0.00323	0.00381	0.00469	0.00645
12	0.00795	0.00754	0.01279	0.56314	0.31444	0.00863	0.01092	0.01038	0.00795	0.01064	0.00688	0.00986	0.00539	0.00365	0.00378	0.00122	0.00486	0.00337	0.00175	0.00485
13	0.00454	0.00384	0.00392	0.00390	0.00516	0.00323	0.00293	0.00556	0.00878	0.01058	0.09179	0.03596	0.78794	0.00948	0.00448	0.00127	0.00191	0.00793	0.00357	0.00323
14	0.00455	0.00382	0.00396	0.00399	0.00518	0.00322	0.00297	0.00556	0.00872	0.01057	0.09459	0.08022	0.74050	0.00960	0.00450	0.00129	0.00193	0.00807	0.00357	0.00322
15	0.00628	0.00532	0.00768	0.02774	0.00800	0.00672	0.00576	0.00742	0.00606	0.00888	0.00898	0.03908	0.00875	0.06169	0.52137	0.00443	0.25620	0.00410	0.00197	0.00357
16	0.00603	0.00419	0.00615	0.00623	0.00706	0.00390	0.05863	0.00715	0.00810	0.07013	0.07252	0.55040	0.05595	0.01025	0.00476	0.00149	0.00269	0.11729	0.00354	0.00355
17	0.01656	0.00650	0.00876	0.00674	0.00961	0.00570	0.00556	0.04282	0.01106	0.79384	0.04148	0.01329	0.01015	0.00479	0.00383	0.00117	0.00321	0.00390	0.00465	0.00636
18	0.00830	0.00830	0.01162	0.00996	0.00996	0.01162	0.00830	0.00913	0.00581	0.00913	0.00498	0.00830	0.00498	0.00664	0.01245	0.00166	0.85977	0.00332	0.00166	0.00415
19	0.00778	0.07844	0.78978	0.01051	0.01595	0.00924	0.01349	0.01197	0.00799	0.01180	0.00670	0.00787	0.00481	0.00358	0.00352	0.00117	0.00550	0.00275	0.00160	0.00555
20	0.01016	0.81310	0.05111	0.00672	0.01004	0.01468	0.00680	0.03388	0.00800	0.00945	0.00544	0.00624	0.00491	0.00329	0.00252	0.00083	0.00412	0.00210	0.00168	0.00494
21	0.01402	0.01714	0.01097	0.00976	0.01184	0.75106	0.02162	0.08536	0.02452	0.01070	0.00633	0.00721	0.00514	0.00397	0.00348	0.00100	0.00654	0.00259	0.00214	0.00461
22	0.00930	0.00892	0.01523	0.05757	0.80948	0.00899	0.01159	0.01156	0.00859	0.01228	0.00712	0.00942	0.00597	0.00340	0.00376	0.00113	0.00453	0.00338	0.00187	0.00593
23	0.00913	0.52906	0.35093	0.00822	0.01241	0.01253	0.00950	0.01162	0.00783	0.01016	0.00589	0.00685	0.00484	0.00339	0.00290	0.00097	0.00468	0.00234	0.00161	0.00516
24	0.00921	0.00883	0.01507	0.09081	0.77694	0.00896	0.01155	0.01148	0.00855	0.01217	0.00710	0.00945	0.00593	0.00341	0.00376	0.00114	0.00455	0.00338	0.00186	0.00586
25	0.02634	0.64831	0.20281	0.00746	0.01121	0.01345	0.00813	0.02689	0.00794	0.01004	0.00568	0.00657	0.00487	0.00335	0.00272	0.00091	0.00438	0.00223	0.00167	0.00505
26	0.00549	0.00379	0.00469	0.00469	0.00489	0.00398	0.00299	0.00587	0.00568	0.00777	0.01144	0.02199	0.01256	0.62776	0.25658	0.00437	0.00552	0.00510	0.00222	0.00261
27	0.00761	0.01962	0.84707	0.01081	0.01641	0.00881	0.01401	0.01201	0.00801	0.01201	0.00681	0.00801	0.00480	0.00360	0.00360	0.00120	0.00560	0.00280	0.00160	0.00560
28	0.00506	0.00377	0.00479	0.00540	0.00588	0.00367	0.00373	0.00663	0.07455	0.01044	0.05935	0.68706	0.06704	0.01153	0.03038	0.00163	0.00247	0.00972	0.00353	0.00336
29	0.00781	0.08836	0.78011	0.01046	0.01587	0.00931	0.01340	0.01196	0.00798	0.01176	0.00668	0.00785	0.00481	0.00357	0.00351	0.00117	0.00548	0.00274	0.00160	0.00555
30	0.00488	0.00380	0.00448	0.00484	0.00575	0.00341	0.00367	0.00597	0.00847	0.01070	0.09545	0.24901	0.42270	0.01019	0.00471	0.00142	0.00226	0.15148	0.00357	0.00325
31	0.01288	0.00959	0.01032	0.00819	0.01086	0.01056	0.00666	0.67305	0.07642	0.02164	0.01164	0.07973	0.04010	0.00538	0.00391	0.00119	0.00384	0.00425	0.00377	0.00602
32	0.00649	0.00334	0.00495	0.00493	0.00500	0.00332	0.00332	0.00512	0.00541	0.00729	0.07413	0.01289	0.00895	0.01274	0.01398	0.81775	0.00317	0.00358	0.00185	0.00180
33	0.00678	0.00375	0.00415	0.00399	0.00499	0.00359	0.00301	0.00848	0.00883	0.04378	0.22993	0.01953	0.08123	0.00570	0.00331	0.00101	0.00184	0.00476	0.55772	0.00362
34	0.01387	0.08021	0.01194	0.00854	0.01152	0.03500	0.00711	0.71090	0.04795	0.02198	0.00895	0.00899	0.00647	0.00445	0.00368	0.00111	0.00419	0.00331	0.00357	0.00625
35	0.00865	0.00703	0.04986	0.03403	0.18921	0.01759	0.03669	0.01141	0.10760	0.13832	0.05567	0.19491	0.09572	0.00713	0.02742	0.00141	0.00358	0.00576	0.00315	0.00486

[dist]
# distance from previous block
# <min> <max>
1	5

[block]
# block no. 5 follows, 72 sequences, length 25
# corresponding to MSA columns:
# 289-313
name=unknown_F
#
# <colnr> <probs for GDERKNQSTAVLIFYWHMCP>
#	G	D	E	R	K	N	Q	S	T	A	V	L	I	F	Y	W	H	M	C	P
0	0.04717	0.00513	0.00748	0.11244	0.15609	0.00526	0.01458	0.00759	0.01745	0.01069	0.05773	0.40202	0.04525	0.08681	0.00568	0.00158	0.00315	0.00724	0.00286	0.00380
1	0.00833	0.00839	0.01211	0.01024	0.01041	0.01152	0.04633	0.00927	0.00595	0.00927	0.00510	0.00839	0.00501	0.00648	0.01208	0.00164	0.82024	0.00337	0.00167	0.00419
2	0.00888	0.01064	0.13073	0.03637	0.41458	0.00904	0.25838	0.01202	0.03971	0.01240	0.02548	0.01005	0.00659	0.00352	0.00397	0.00119	0.00512	0.00374	0.00197	0.00559
3	0.00718	0.00596	0.05854	0.02216	0.00760	0.00515	0.04246	0.04884	0.00729	0.05562	0.01158	0.11311	0.01211	0.43509	0.01174	0.00240	0.02376	0.00518	0.01441	0.10981
4	0.00599	0.00449	0.00537	0.00492	0.00610	0.00424	0.00375	0.08214	0.01091	0.01487	0.58137	0.02844	0.21732	0.00788	0.00441	0.00121	0.00204	0.00681	0.00399	0.00376
5	0.02457	0.00773	0.03505	0.00734	0.02708	0.00631	0.07253	0.05552	0.05144	0.08951	0.00813	0.00892	0.00628	0.00328	0.00318	0.00079	0.00334	0.00278	0.00259	0.58364
6	0.15197	0.12048	0.27836	0.01188	0.19113	0.02411	0.05418	0.04990	0.00855	0.05274	0.00743	0.00857	0.01759	0.00366	0.00336	0.00113	0.00457	0.00295	0.00208	0.00535
7	0.00980	0.43731	0.22611	0.00899	0.01282	0.02804	0.11719	0.02910	0.03943	0.04875	0.00689	0.00780	0.00546	0.00350	0.00316	0.00101	0.00473	0.00275	0.00193	0.00522
8	0.00490	0.00366	0.00501	0.00556	0.00597	0.00350	0.02019	0.00575	0.00763	0.01020	0.07929	0.69649	0.06477	0.01113	0.00498	0.00151	0.02244	0.04032	0.00349	0.00320
9	0.00597	0.00370	0.00482	0.00522	0.00566	0.00350	0.00351	0.00660	0.00718	0.08571	0.01806	0.57753	0.02066	0.18728	0.04419	0.00214	0.00294	0.00877	0.00331	0.00324
10	0.00976	0.22311	0.27260	0.01180	0.16591	0.05078	0.07429	0.01245	0.01843	0.08542	0.03606	0.00912	0.00667	0.00372	0.00346	0.00109	0.00477	0.00308	0.00209	0.00541
11	0.00789	0.03802	0.65481	0.01028	0.01513	0.00844	0.06304	0.01193	0.02417	0.03964	0.08364	0.01024	0.00798	0.00401	0.00372	0.00120	0.00514	0.00332	0.00200	0.00541
12	0.01533	0.00610	0.00835	0.00658	0.00920	0.00539	0.00539	0.01681	0.01041	0.72468	0.05867	0.01391	0.01081	0.00703	0.08148	0.00163	0.00378	0.00400	0.00442	0.00602
13	0.00632	0.00752	0.13191	0.07516	0.15219	0.02066	0.00686	0.00825	0.00877	0.01159	0.15494	0.07032	0.31692	0.00692	0.00417	0.00124	0.00324	0.00595	0.00289	0.00419
14	0.00985	0.04377	0.30945	0.06166	0.21792	0.03670	0.09890	0.01275	0.00874	0.13775	0.00835	0.02302	0.00624	0.00381	0.00375	0.00117	0.00496	0.00340	0.00222	0.00559
15	0.00558	0.00432	0.00633	0.00611	0.00665	0.00467	0.04806	0.00650	0.00635	0.00883	0.01273	0.21342	0.01379	0.23923	0.35491	0.00395	0.04701	0.00598	0.00242	0.00316
16	0.01639	0.08543	0.00982	0.00672	0.00969	0.00644	0.00566	0.01783	0.01057	0.76907	0.01408	0.01228	0.00897	0.00456	0.00369	0.00114	0.00330	0.00365	0.00441	0.00631
17	0.00945	0.01245	0.21836	0.01612	0.35686	0.10188	0.12565	0.01230	0.02472	0.03755	0.00833	0.02802	0.02326	0.00385	0.00382	0.00117	0.00513	0.00357	0.00202	0.00550
18	0.02152	0.06229	0.29068	0.03919	0.15172	0.03522	0.05764	0.05896	0.02102	0.09797	0.00962	0.08778	0.02107	0.00465	0.00396	0.00120	0.02386	0.00393	0.00238	0.00534
19	0.00947	0.12789	0.50193	0.01089	0.07905	0.00977	0.03837	0.10034	0.00929	0.06769	0.00744	0.00838	0.00542	0.00370	0.00352	0.00114	0.00503	0.00293	0.00208	0.00567
20	0.02241	0.15520	0.18523	0.00754	0.01024	0.07436	0.00722	0.05094	0.14092	0.04812	0.06857	0.12537	0.05589	0.00577	0.00374	0.00119	0.00386	0.02576	0.00282	0.00485
21	0.24777	0.20730	0.17350	0.00766	0.01085	0.12386	0.00745	0.12737	0.00930	0.02511	0.00666	0.02559	0.00537	0.00387	0.00303	0.00107	0.00440	0.00265	0.00225	0.00495
22	0.18564	0.31053	0.23768	0.00754	0.01099	0.04203	0.01767	0.02714	0.00799	0.03080	0.02359	0.04479	0.00655	0.00402	0.00303	0.00106	0.00421	0.01273	0.00205	0.01993
23	0.14223	0.29955	0.20141	0.00766	0.01116	0.03126	0.00782	0.12864	0.00940	0.10089	0.00729	0.00786	0.00553	0.00420	0.01930	0.00114	0.00435	0.00264	0.00237	0.00527
24	0.03016	0.36894	0.25109	0.00882	0.01265	0.04983	0.06146	0.15281	0.00972	0.01278	0.00655	0.00745	0.00516	0.00360	0.00317	0.00102	0.00476	0.00266	0.00204	0.00533

[dist]
# distance from previous block
# <min> <max>
0	41

# created by:
# /st0/software/busco_prod/Augustus/scripts/msa2prfl.pl ./align_prep/24692.fa
