[name]
unknown

[dist]
# distance from previous block
# <min> <max>
0	50

[block]
# block no. 0 follows, 67 sequences, length 8
# corresponding to MSA columns:
# 50-57
name=unknown_A
#
# <colnr> <probs for GDERKNQSTAVLIFYWHMCP>
#	G	D	E	R	K	N	Q	S	T	A	V	L	I	F	Y	W	H	M	C	P
0	0.05008	0.00856	0.01065	0.00847	0.01126	0.00884	0.06358	0.30284	0.09569	0.25235	0.01281	0.05795	0.00976	0.00633	0.03686	0.00148	0.00419	0.02897	0.00395	0.02537
1	0.00815	0.00630	0.00949	0.00898	0.07700	0.00649	0.09186	0.05077	0.03528	0.06805	0.04058	0.06532	0.05105	0.07154	0.27942	0.00313	0.03921	0.00491	0.03090	0.05157
2	0.01007	0.00920	0.06484	0.02393	0.09039	0.07381	0.05453	0.18992	0.06042	0.04860	0.03833	0.12942	0.06699	0.05637	0.00512	0.00143	0.00409	0.00526	0.06215	0.00512
3	0.00772	0.00673	0.02765	0.02853	0.17210	0.03129	0.04893	0.00927	0.00888	0.06022	0.09564	0.20749	0.14878	0.05315	0.00565	0.00148	0.03598	0.00659	0.00309	0.04084
4	0.00866	0.00660	0.00838	0.02366	0.02595	0.05680	0.04323	0.05201	0.00907	0.10603	0.10313	0.14432	0.07193	0.06027	0.14751	0.00238	0.09754	0.00579	0.02241	0.00433
5	0.07463	0.07250	0.06339	0.06763	0.04014	0.10885	0.06280	0.16492	0.14554	0.07857	0.00938	0.01010	0.00706	0.00459	0.00453	0.00126	0.07203	0.00349	0.00292	0.00567
6	0.09096	0.00795	0.04759	0.00769	0.03686	0.05260	0.02505	0.16899	0.07037	0.02534	0.02897	0.06461	0.00943	0.02829	0.04418	0.19982	0.00413	0.00412	0.07865	0.00440
7	0.04364	0.00961	0.04364	0.05864	0.06506	0.12769	0.04059	0.12115	0.09395	0.03506	0.05221	0.06353	0.06912	0.00735	0.06401	0.00162	0.03821	0.00453	0.02996	0.03043

[dist]
# distance from previous block
# <min> <max>
1	5

[block]
# block no. 1 follows, 67 sequences, length 10
# corresponding to MSA columns:
# 63-72
name=unknown_B
#
# <colnr> <probs for GDERKNQSTAVLIFYWHMCP>
#	G	D	E	R	K	N	Q	S	T	A	V	L	I	F	Y	W	H	M	C	P
0	0.06141	0.33779	0.07436	0.03629	0.05189	0.18337	0.00770	0.02971	0.04791	0.08978	0.00759	0.00828	0.00602	0.00389	0.00324	0.00103	0.00482	0.00274	0.00234	0.03983
1	0.01250	0.25849	0.09843	0.00890	0.01191	0.30048	0.00793	0.11588	0.08082	0.03502	0.02897	0.00885	0.00694	0.00422	0.00347	0.00107	0.00531	0.00295	0.00248	0.00538
2	0.06630	0.00481	0.00592	0.00572	0.00617	0.03878	0.00403	0.04097	0.00628	0.00882	0.00731	0.01183	0.00699	0.01396	0.09048	0.66950	0.00432	0.00344	0.00194	0.00242
3	0.00776	0.00462	0.00546	0.00501	0.00637	0.00434	0.00384	0.01003	0.05948	0.11743	0.34528	0.02477	0.15998	0.00709	0.00413	0.00120	0.00218	0.00602	0.22079	0.00424
4	0.00516	0.00371	0.00504	0.00571	0.00606	0.00367	0.00397	0.00602	0.00750	0.01015	0.04459	0.60659	0.02302	0.06173	0.16479	0.00266	0.00403	0.02893	0.00337	0.00330
5	0.11393	0.04894	0.03150	0.04801	0.19118	0.13342	0.05599	0.06497	0.16463	0.05046	0.00907	0.01006	0.00705	0.00435	0.00423	0.00124	0.04924	0.00345	0.00267	0.00561
6	0.00652	0.00598	0.00565	0.00607	0.00673	0.12955	0.00423	0.00732	0.00843	0.01033	0.05215	0.53390	0.10818	0.07022	0.00592	0.00166	0.00316	0.02715	0.00341	0.00345
7	0.03802	0.00977	0.03389	0.06445	0.03377	0.13971	0.20878	0.02854	0.02603	0.13740	0.06028	0.09386	0.03462	0.00543	0.00457	0.00130	0.03810	0.00485	0.03160	0.00503
8	0.00849	0.00698	0.00920	0.03294	0.01014	0.01713	0.07139	0.06772	0.00911	0.05612	0.02791	0.06134	0.13258	0.03779	0.06132	0.00155	0.07262	0.00462	0.00283	0.30822
9	0.00574	0.00427	0.00545	0.00548	0.00630	0.00400	0.02793	0.03069	0.00858	0.02499	0.10510	0.37248	0.22410	0.12580	0.02852	0.00193	0.00285	0.00877	0.00356	0.00347

[dist]
# distance from previous block
# <min> <max>
2	6

[block]
# block no. 2 follows, 67 sequences, length 19
# corresponding to MSA columns:
# 83-101
name=unknown_C
#
# <colnr> <probs for GDERKNQSTAVLIFYWHMCP>
#	G	D	E	R	K	N	Q	S	T	A	V	L	I	F	Y	W	H	M	C	P
0	0.47972	0.00910	0.03986	0.03563	0.01005	0.03277	0.00593	0.18940	0.03936	0.05028	0.00793	0.02161	0.00607	0.00433	0.00330	0.00124	0.01763	0.00296	0.03775	0.00509
1	0.00525	0.00380	0.00461	0.00493	0.00543	0.00354	0.00331	0.00597	0.00797	0.01049	0.13335	0.34903	0.18865	0.20971	0.02476	0.02124	0.00276	0.00863	0.00344	0.00314
2	0.00721	0.00431	0.00555	0.00543	0.00645	0.00392	0.00396	0.00846	0.00957	0.13664	0.30422	0.29056	0.10603	0.06815	0.00585	0.00158	0.00244	0.02167	0.00406	0.00394
3	0.01249	0.00776	0.00895	0.00751	0.00994	0.00818	0.00598	0.14460	0.33253	0.25610	0.10062	0.03502	0.01367	0.00564	0.00411	0.00128	0.00324	0.00466	0.03158	0.00614
4	0.05847	0.01042	0.01134	0.00873	0.01189	0.01132	0.00721	0.66489	0.01720	0.14248	0.01033	0.01006	0.00715	0.00478	0.00394	0.00121	0.00420	0.00360	0.00407	0.00670
5	0.00785	0.02676	0.00714	0.00667	0.00790	0.00638	0.00502	0.09124	0.19358	0.03656	0.03366	0.39291	0.03967	0.03652	0.00530	0.00155	0.02130	0.05029	0.02520	0.00450
6	0.01501	0.01112	0.01190	0.00918	0.01235	0.01233	0.00757	0.78490	0.05500	0.02490	0.00993	0.00987	0.00706	0.00484	0.00402	0.00121	0.00436	0.00365	0.00402	0.00680
7	0.03839	0.24977	0.01413	0.02991	0.03056	0.39601	0.00757	0.16498	0.01161	0.01292	0.00670	0.00758	0.00548	0.00404	0.00339	0.00103	0.00567	0.00269	0.00234	0.00522
8	0.81759	0.00825	0.00635	0.03441	0.00865	0.04692	0.00473	0.01193	0.00707	0.01736	0.00567	0.00669	0.00442	0.00375	0.00259	0.00123	0.00337	0.00224	0.00244	0.00436
9	0.10294	0.03595	0.13211	0.06361	0.03570	0.02894	0.03281	0.25552	0.13060	0.03485	0.00972	0.02658	0.00758	0.03543	0.00475	0.00136	0.03746	0.00370	0.01470	0.00569
10	0.00515	0.00387	0.00477	0.00498	0.00578	0.00349	0.00357	0.00638	0.00945	0.01260	0.33313	0.33065	0.24099	0.01029	0.00487	0.00142	0.00209	0.00907	0.00398	0.00349
11	0.00986	0.00967	0.03111	0.10681	0.04799	0.14001	0.05477	0.03865	0.05096	0.05739	0.04708	0.01256	0.02891	0.04036	0.07278	0.00187	0.22618	0.00397	0.01433	0.00473
12	0.09247	0.00538	0.02802	0.01961	0.05185	0.00513	0.01398	0.02130	0.03484	0.01259	0.11620	0.38556	0.12148	0.00951	0.01574	0.00151	0.01682	0.02009	0.02401	0.00392
13	0.00568	0.00419	0.00527	0.00540	0.00613	0.00421	0.00390	0.03132	0.00799	0.01071	0.07291	0.21984	0.18645	0.14180	0.23833	0.00319	0.00487	0.02224	0.02216	0.00341
14	0.02839	0.41137	0.01593	0.00791	0.01113	0.04909	0.04306	0.21173	0.01115	0.06103	0.00796	0.03511	0.00661	0.00414	0.00327	0.00100	0.00431	0.00306	0.00263	0.08110
15	0.00805	0.00569	0.00738	0.00707	0.03074	0.02585	0.04107	0.09220	0.04684	0.04243	0.02531	0.21163	0.05965	0.06964	0.02780	0.25545	0.00365	0.02133	0.00295	0.01527
16	0.09638	0.17510	0.06242	0.01004	0.04672	0.15486	0.12936	0.06944	0.06602	0.10901	0.03766	0.00997	0.00757	0.00418	0.00365	0.00115	0.00492	0.00338	0.00270	0.00546
17	0.14856	0.04484	0.01037	0.02806	0.04124	0.12171	0.06597	0.09585	0.18384	0.02426	0.02053	0.08364	0.01905	0.04202	0.00449	0.00134	0.00418	0.00426	0.00299	0.05284
18	0.13071	0.00920	0.00889	0.00781	0.00969	0.16246	0.05005	0.11976	0.06544	0.02380	0.04459	0.21937	0.01273	0.01894	0.00452	0.00132	0.03072	0.00539	0.02366	0.05095

[dist]
# distance from previous block
# <min> <max>
3	13

[block]
# block no. 3 follows, 67 sequences, length 13
# corresponding to MSA columns:
# 117-119,122-131
name=unknown_D
#
# <colnr> <probs for GDERKNQSTAVLIFYWHMCP>
#	G	D	E	R	K	N	Q	S	T	A	V	L	I	F	Y	W	H	M	C	P
0	0.00757	0.04836	0.04695	0.00700	0.06311	0.05613	0.00517	0.03107	0.02520	0.04711	0.11945	0.04260	0.30516	0.10753	0.01920	0.00161	0.00337	0.00601	0.00321	0.05417
1	0.02111	0.10944	0.04848	0.03939	0.29228	0.14485	0.09308	0.06622	0.03301	0.02891	0.01903	0.00949	0.00653	0.00407	0.00434	0.00118	0.05387	0.00340	0.00224	0.01908
2	0.01392	0.03422	0.00939	0.00806	0.06961	0.00670	0.00601	0.06522	0.06745	0.47638	0.09433	0.01659	0.07834	0.00556	0.00407	0.00123	0.00328	0.00460	0.02898	0.00605
3	0.11861	0.03974	0.01131	0.00925	0.01038	0.05365	0.00766	0.09019	0.05748	0.04797	0.00701	0.00913	0.00600	0.00637	0.02464	0.00161	0.48842	0.00336	0.00236	0.00487
4	0.07861	0.03128	0.31950	0.01078	0.05546	0.15494	0.04112	0.10296	0.04093	0.05349	0.00826	0.03173	0.00642	0.00443	0.00419	0.00124	0.04330	0.00335	0.00241	0.00559
5	0.07217	0.01118	0.09321	0.02739	0.04178	0.08555	0.00773	0.28596	0.19666	0.05886	0.05492	0.02715	0.00968	0.00499	0.00392	0.00125	0.00426	0.00392	0.00346	0.00596
6	0.01338	0.01076	0.01079	0.04656	0.03435	0.12427	0.00713	0.43399	0.05075	0.06360	0.00965	0.01009	0.00710	0.00450	0.00377	0.00112	0.00441	0.00342	0.07081	0.08955
7	0.00488	0.00407	0.00425	0.00420	0.00550	0.00344	0.00315	0.00602	0.00946	0.01159	0.15485	0.03735	0.71771	0.00987	0.00474	0.00134	0.00201	0.00829	0.00382	0.00344
8	0.01365	0.01586	0.01256	0.01093	0.03218	0.55414	0.09773	0.11586	0.04688	0.01274	0.04431	0.00934	0.00727	0.00436	0.00387	0.00112	0.00636	0.00327	0.00249	0.00508
9	0.16756	0.25086	0.01322	0.03383	0.07636	0.07675	0.02215	0.12739	0.02802	0.11117	0.01797	0.02430	0.00696	0.00423	0.00332	0.00111	0.00420	0.00313	0.02205	0.00542
10	0.00584	0.00426	0.00529	0.00575	0.00667	0.00398	0.00447	0.02196	0.00896	0.02845	0.04897	0.27933	0.26876	0.02943	0.00542	0.00164	0.00275	0.26076	0.00374	0.00357
11	0.00981	0.03333	0.03917	0.15505	0.42825	0.00936	0.07439	0.06339	0.03886	0.04213	0.04989	0.01164	0.01849	0.00414	0.00405	0.00123	0.00473	0.00390	0.00239	0.00580
12	0.00911	0.00777	0.00932	0.02419	0.12644	0.09610	0.04690	0.05065	0.08653	0.07775	0.19098	0.12659	0.11711	0.00692	0.00439	0.00130	0.00361	0.00604	0.00347	0.00484

[dist]
# distance from previous block
# <min> <max>
2	8

[block]
# block no. 4 follows, 67 sequences, length 19
# corresponding to MSA columns:
# 140-158
name=unknown_E
#
# <colnr> <probs for GDERKNQSTAVLIFYWHMCP>
#	G	D	E	R	K	N	Q	S	T	A	V	L	I	F	Y	W	H	M	C	P
0	0.01246	0.07318	0.01136	0.00932	0.04007	0.25815	0.00715	0.20802	0.15346	0.02517	0.00940	0.01045	0.00750	0.03373	0.02216	0.00136	0.05669	0.00342	0.03292	0.02402
1	0.03933	0.00669	0.00708	0.02920	0.00845	0.06050	0.00504	0.10278	0.12853	0.04773	0.13597	0.25317	0.07595	0.06182	0.00547	0.00154	0.00320	0.01941	0.00367	0.00446
2	0.00589	0.00411	0.00488	0.00481	0.00561	0.00382	0.00337	0.00687	0.00860	0.04290	0.22970	0.09207	0.24828	0.25709	0.04658	0.00232	0.00303	0.02322	0.00350	0.00335
3	0.04562	0.00717	0.00862	0.00697	0.00953	0.00705	0.00567	0.16685	0.07013	0.40905	0.07971	0.01569	0.03404	0.00546	0.00398	0.00123	0.00328	0.02628	0.08771	0.00599
4	0.01096	0.00800	0.00876	0.00748	0.00975	0.00875	0.00592	0.19959	0.38640	0.08957	0.11558	0.01647	0.04834	0.00575	0.00409	0.00128	0.00319	0.00473	0.05950	0.00589
5	0.05021	0.00730	0.00859	0.00686	0.00942	0.00727	0.00558	0.21841	0.03388	0.38621	0.01305	0.01261	0.00897	0.00507	0.00403	0.02535	0.00333	0.00379	0.18413	0.00594
6	0.05988	0.03737	0.04433	0.00840	0.01117	0.11844	0.00704	0.30713	0.07763	0.17302	0.01076	0.01143	0.00797	0.00718	0.08352	0.00170	0.00507	0.01854	0.00351	0.00591
7	0.04467	0.19458	0.12653	0.02715	0.01151	0.09194	0.00770	0.09974	0.12409	0.08251	0.01155	0.05967	0.02466	0.00540	0.00379	0.00123	0.00437	0.07059	0.00294	0.00539
8	0.14104	0.46469	0.06358	0.00760	0.01068	0.15047	0.00709	0.01318	0.02388	0.05352	0.00649	0.00729	0.00541	0.00382	0.00319	0.00102	0.02742	0.00245	0.00210	0.00508
9	0.33341	0.00863	0.03441	0.03240	0.02621	0.02458	0.00605	0.18594	0.07408	0.11482	0.09633	0.01158	0.00991	0.00474	0.00350	0.00124	0.00354	0.00355	0.01974	0.00535
10	0.00606	0.00429	0.00528	0.00503	0.00613	0.00392	0.00378	0.00785	0.02931	0.04792	0.52459	0.06133	0.21791	0.03410	0.00519	0.00139	0.00213	0.02581	0.00417	0.00381
11	0.00996	0.00970	0.01588	0.07059	0.76218	0.03634	0.01210	0.01231	0.00914	0.01284	0.00748	0.00988	0.00626	0.00362	0.00396	0.00119	0.00488	0.00354	0.00198	0.00619
12	0.00507	0.00397	0.00459	0.00466	0.00568	0.00349	0.00341	0.00632	0.00960	0.01244	0.29604	0.18146	0.42907	0.00995	0.00480	0.00137	0.00204	0.00859	0.00395	0.00349
13	0.00634	0.00371	0.00514	0.00528	0.00541	0.00375	0.00354	0.00573	0.00591	0.00794	0.01082	0.10473	0.01174	0.21018	0.09814	0.46414	0.00419	0.03875	0.00223	0.00232
14	0.01090	0.82615	0.02061	0.00701	0.01038	0.05055	0.00690	0.01218	0.00828	0.00945	0.00560	0.00647	0.00515	0.00346	0.00262	0.00087	0.00441	0.00216	0.00173	0.00513
15	0.00557	0.00391	0.00489	0.00519	0.00585	0.00358	0.00361	0.00653	0.00854	0.03422	0.17831	0.42467	0.15173	0.10709	0.00667	0.00175	0.00244	0.02445	0.00372	0.01727
16	0.00813	0.00795	0.01270	0.70134	0.07898	0.04237	0.03952	0.01068	0.00821	0.01049	0.00708	0.01044	0.00543	0.00408	0.00436	0.00133	0.03692	0.00356	0.00181	0.00462
17	0.01155	0.01000	0.05003	0.00997	0.06678	0.05846	0.06451	0.31419	0.13347	0.04288	0.08158	0.03751	0.01164	0.00547	0.00416	0.00127	0.00421	0.04681	0.03971	0.00580
18	0.08962	0.02613	0.02164	0.06694	0.09542	0.34035	0.05370	0.09717	0.03551	0.04442	0.00945	0.01056	0.05061	0.00517	0.02286	0.01385	0.00559	0.00342	0.00252	0.00507

[dist]
# distance from previous block
# <min> <max>
5	22

[block]
# block no. 5 follows, 67 sequences, length 11
# corresponding to MSA columns:
# 181-191
name=unknown_F
#
# <colnr> <probs for GDERKNQSTAVLIFYWHMCP>
#	G	D	E	R	K	N	Q	S	T	A	V	L	I	F	Y	W	H	M	C	P
0	0.05355	0.00854	0.01221	0.14689	0.36185	0.05250	0.02548	0.03097	0.05923	0.05047	0.05150	0.01311	0.00912	0.10094	0.00581	0.00153	0.00453	0.00400	0.00247	0.00530
1	0.09635	0.03995	0.02863	0.03063	0.21148	0.26273	0.02380	0.07714	0.06010	0.02768	0.02271	0.05396	0.00776	0.00453	0.00373	0.00116	0.00502	0.00360	0.00253	0.03651
2	0.09482	0.00973	0.10310	0.00831	0.03092	0.00888	0.00719	0.32695	0.04287	0.11862	0.08767	0.04577	0.05799	0.00573	0.00405	0.00128	0.00383	0.03290	0.00367	0.00574
3	0.02963	0.01059	0.03662	0.07738	0.01197	0.20507	0.00649	0.04564	0.05774	0.01298	0.03490	0.00939	0.00711	0.00377	0.00339	0.00089	0.00431	0.00288	0.00247	0.43676
4	0.00610	0.00403	0.00474	0.00465	0.00504	0.00393	0.00293	0.00656	0.00711	0.03755	0.12075	0.05437	0.08979	0.58296	0.05041	0.00327	0.00369	0.00631	0.00292	0.00291
5	0.00549	0.00425	0.00564	0.00604	0.00640	0.00441	0.00428	0.00631	0.00772	0.01052	0.07184	0.61996	0.04969	0.04092	0.02111	0.00175	0.09864	0.00964	0.00344	0.02195
6	0.01525	0.01123	0.01204	0.00923	0.01244	0.01244	0.00762	0.82067	0.01886	0.02528	0.00963	0.00963	0.00682	0.00481	0.00401	0.00120	0.00441	0.00361	0.00401	0.00682
7	0.00528	0.00373	0.00485	0.00554	0.00603	0.00350	0.00395	0.00632	0.00839	0.01136	0.11120	0.57898	0.07668	0.01135	0.00498	0.00156	0.00239	0.10041	0.05009	0.00340
8	0.13582	0.58160	0.04420	0.00686	0.01016	0.01325	0.00663	0.01320	0.02840	0.11754	0.00721	0.00765	0.00582	0.00373	0.00283	0.00099	0.00403	0.00248	0.00230	0.00530
9	0.01255	0.00811	0.00935	0.00762	0.00990	0.00867	0.00605	0.37967	0.06359	0.16668	0.03042	0.01434	0.00996	0.12851	0.12376	0.00233	0.00491	0.00423	0.00371	0.00565
10	0.06849	0.02122	0.02348	0.34065	0.09944	0.05801	0.02233	0.10633	0.00942	0.04727	0.00859	0.04769	0.00731	0.06499	0.00563	0.00149	0.05647	0.00393	0.00239	0.00488

[dist]
# distance from previous block
# <min> <max>
2	4

[block]
# block no. 6 follows, 67 sequences, length 22
# corresponding to MSA columns:
# 197-218
name=unknown_G
#
# <colnr> <probs for GDERKNQSTAVLIFYWHMCP>
#	G	D	E	R	K	N	Q	S	T	A	V	L	I	F	Y	W	H	M	C	P
0	0.00647	0.00498	0.00712	0.04904	0.10177	0.00503	0.00592	0.00818	0.03940	0.02102	0.01872	0.33445	0.05239	0.04131	0.05668	0.01364	0.00373	0.22295	0.00328	0.00392
1	0.00500	0.00368	0.00468	0.00530	0.00582	0.00337	0.00367	0.00592	0.00843	0.01114	0.13196	0.60049	0.15818	0.01157	0.00501	0.00154	0.00225	0.02482	0.00381	0.00336
2	0.06412	0.00661	0.00874	0.00683	0.00969	0.00586	0.00561	0.01796	0.01121	0.71262	0.09444	0.01484	0.01233	0.00521	0.00402	0.00124	0.00325	0.00424	0.00478	0.00640
3	0.22720	0.00574	0.00604	0.00543	0.00716	0.00596	0.00426	0.05728	0.00898	0.15970	0.02943	0.08261	0.01083	0.03526	0.04527	0.00153	0.00317	0.01904	0.28061	0.00451
4	0.88738	0.00776	0.00589	0.00527	0.00776	0.00900	0.00434	0.01179	0.00683	0.01799	0.00558	0.00651	0.00434	0.00372	0.00248	0.00124	0.00310	0.00217	0.00248	0.00434
5	0.01040	0.00861	0.00912	0.00801	0.01022	0.00983	0.00621	0.13626	0.64202	0.01727	0.01505	0.01511	0.01165	0.07533	0.00541	0.00154	0.00341	0.00451	0.00394	0.00610
6	0.00804	0.02074	0.83828	0.01143	0.01736	0.00931	0.01482	0.01270	0.00847	0.01270	0.00720	0.00847	0.00508	0.00381	0.00381	0.00127	0.00593	0.00296	0.00169	0.00593
7	0.00507	0.00378	0.00541	0.00604	0.00642	0.00353	0.03639	0.00588	0.00775	0.01034	0.02154	0.82258	0.02571	0.01220	0.00510	0.00162	0.00250	0.01113	0.00365	0.00334
8	0.02190	0.00920	0.04695	0.01184	0.14226	0.02351	0.14040	0.18391	0.10134	0.02985	0.17516	0.03235	0.02446	0.00543	0.00445	0.00129	0.01896	0.01794	0.00326	0.00554
9	0.78134	0.03688	0.00741	0.02236	0.00889	0.00937	0.03732	0.03408	0.00733	0.01755	0.00583	0.00685	0.00453	0.00373	0.00265	0.00123	0.00337	0.00234	0.00247	0.00448
10	0.00857	0.00589	0.00759	0.00644	0.00827	0.00567	0.03572	0.06699	0.09642	0.11386	0.43468	0.02250	0.05906	0.00752	0.03279	0.00140	0.00296	0.00581	0.00406	0.07383
11	0.01072	0.86147	0.02102	0.00686	0.01029	0.01587	0.00686	0.01201	0.00815	0.00944	0.00558	0.00643	0.00515	0.00343	0.00257	0.00086	0.00429	0.00214	0.00172	0.00515
12	0.01767	0.00734	0.00962	0.00738	0.01049	0.00665	0.00610	0.11258	0.01234	0.74257	0.01510	0.01318	0.00957	0.00495	0.00403	0.00124	0.00353	0.00398	0.00485	0.00682
13	0.07005	0.01623	0.55596	0.01046	0.03314	0.00874	0.03653	0.01231	0.02277	0.03123	0.05400	0.00988	0.00725	0.00415	0.00412	0.00123	0.03902	0.00324	0.00209	0.07761
14	0.00503	0.00379	0.00466	0.00511	0.00580	0.00343	0.00362	0.00606	0.00879	0.01149	0.17121	0.45487	0.25729	0.01106	0.00495	0.00149	0.00220	0.03189	0.00385	0.00340
15	0.00827	0.00775	0.01077	0.05920	0.02955	0.02520	0.02631	0.03646	0.00719	0.01055	0.02581	0.01200	0.02357	0.04235	0.15057	0.00250	0.48756	0.00393	0.02616	0.00429
16	0.00496	0.00390	0.00450	0.00481	0.00573	0.00344	0.00349	0.00600	0.00889	0.01123	0.11533	0.30973	0.44776	0.01079	0.00490	0.00146	0.00219	0.04370	0.00379	0.00340
17	0.00634	0.00382	0.00542	0.00542	0.00564	0.00404	0.00373	0.00595	0.00573	0.00786	0.00933	0.01626	0.00952	0.19771	0.27185	0.42685	0.00581	0.00423	0.00201	0.00245
18	0.01104	0.76013	0.01992	0.00762	0.03921	0.03795	0.00703	0.01260	0.02722	0.03751	0.00625	0.00702	0.00551	0.00355	0.00273	0.00090	0.00433	0.00232	0.00190	0.00526
19	0.00510	0.00385	0.00465	0.00503	0.00579	0.00347	0.00361	0.00608	0.00871	0.01125	0.14258	0.36484	0.31430	0.03262	0.00555	0.01898	0.00230	0.05419	0.00375	0.00335
20	0.05800	0.03775	0.01228	0.63374	0.10362	0.03523	0.01043	0.01119	0.03897	0.01117	0.00734	0.01028	0.00563	0.00399	0.00386	0.00129	0.00510	0.00344	0.00193	0.00474
21	0.03090	0.04307	0.05948	0.02455	0.21436	0.28823	0.01948	0.15166	0.03227	0.04377	0.00823	0.00990	0.00660	0.00498	0.02708	0.00130	0.00563	0.02036	0.00254	0.00560

[dist]
# distance from previous block
# <min> <max>
2	6

[block]
# block no. 7 follows, 67 sequences, length 21
# corresponding to MSA columns:
# 225-245
name=unknown_H
#
# <colnr> <probs for GDERKNQSTAVLIFYWHMCP>
#	G	D	E	R	K	N	Q	S	T	A	V	L	I	F	Y	W	H	M	C	P
0	0.00823	0.00699	0.00936	0.00720	0.01012	0.00592	0.08905	0.01093	0.07666	0.03327	0.10435	0.04398	0.02725	0.00468	0.00369	0.00093	0.00326	0.03786	0.00291	0.51337
1	0.00591	0.00423	0.00547	0.00531	0.00618	0.00393	0.01883	0.01768	0.00964	0.03124	0.40082	0.19073	0.13989	0.10707	0.00674	0.01276	0.00244	0.02367	0.00387	0.00358
2	0.00851	0.09632	0.01284	0.54167	0.11897	0.06565	0.01000	0.01075	0.00847	0.01057	0.02650	0.01150	0.03939	0.00440	0.00406	0.01509	0.00506	0.00363	0.00195	0.00467
3	0.01140	0.00945	0.05932	0.00897	0.05737	0.00941	0.00715	0.42461	0.04189	0.04358	0.03473	0.06627	0.15015	0.00633	0.00461	0.00130	0.03968	0.01443	0.00363	0.00571
4	0.00554	0.00390	0.00479	0.00497	0.00531	0.00385	0.00325	0.00615	0.00714	0.00959	0.09826	0.20042	0.07729	0.42504	0.11036	0.00324	0.00403	0.02096	0.00298	0.00296
5	0.00741	0.00606	0.00918	0.00776	0.02827	0.00569	0.14371	0.04160	0.04517	0.04410	0.38047	0.02470	0.16425	0.00699	0.00453	0.00127	0.00309	0.01496	0.02108	0.03972
6	0.01150	0.68264	0.05172	0.00737	0.01085	0.01477	0.00724	0.11899	0.00970	0.04400	0.00657	0.00722	0.00555	0.00369	0.00287	0.00093	0.00434	0.00244	0.00214	0.00546
7	0.01453	0.01063	0.01142	0.00883	0.01185	0.01172	0.00726	0.75371	0.01811	0.02447	0.04280	0.01067	0.00821	0.00494	0.00399	0.00119	0.00420	0.00376	0.04113	0.00657
8	0.00877	0.00877	0.01228	0.01053	0.01053	0.01228	0.00877	0.00965	0.00614	0.00965	0.00526	0.00877	0.00526	0.00702	0.01316	0.00175	0.85172	0.00351	0.00175	0.00439
9	0.01026	0.01128	0.01251	0.01073	0.01137	0.20731	0.03966	0.01127	0.00750	0.00981	0.00559	0.00849	0.00527	0.00620	0.01060	0.00157	0.62092	0.00334	0.00184	0.00449
10	0.01072	0.86147	0.02102	0.00686	0.01029	0.01587	0.00686	0.01201	0.00815	0.00944	0.00558	0.00643	0.00515	0.00343	0.00257	0.00086	0.00429	0.00214	0.00172	0.00515
11	0.01072	0.86147	0.02102	0.00686	0.01029	0.01587	0.00686	0.01201	0.00815	0.00944	0.00558	0.00643	0.00515	0.00343	0.00257	0.00086	0.00429	0.00214	0.00172	0.00515
12	0.00499	0.00407	0.00441	0.00432	0.00557	0.00349	0.00324	0.00624	0.00973	0.01223	0.25090	0.03630	0.62127	0.00964	0.00474	0.00133	0.00199	0.00814	0.00391	0.00349
13	0.01008	0.00861	0.00911	0.00818	0.01045	0.00994	0.00640	0.04958	0.77862	0.01697	0.01620	0.01549	0.01230	0.00555	0.00411	0.00137	0.00323	0.02343	0.00407	0.00630
14	0.01193	0.22559	0.19140	0.00837	0.01197	0.01107	0.00833	0.24801	0.05405	0.10467	0.00939	0.00973	0.00693	0.00429	0.00351	0.00112	0.00432	0.00321	0.07618	0.00593
15	0.00528	0.00392	0.00465	0.00489	0.00579	0.00347	0.00351	0.00635	0.00905	0.03135	0.17826	0.34543	0.36239	0.01058	0.00486	0.00144	0.00215	0.00925	0.00388	0.00349
16	0.00981	0.00999	0.08908	0.14369	0.37499	0.07809	0.01019	0.01240	0.02860	0.06076	0.00871	0.01082	0.00690	0.00563	0.05780	0.00153	0.00519	0.00354	0.07676	0.00551
17	0.00573	0.00389	0.00437	0.00438	0.00453	0.00382	0.00254	0.00581	0.00620	0.00812	0.01559	0.04330	0.09922	0.73676	0.01839	0.02244	0.00366	0.00616	0.00257	0.00253
18	0.00882	0.00891	0.01305	0.01096	0.01123	0.01214	0.06357	0.00987	0.00637	0.00987	0.00546	0.00891	0.00532	0.00677	0.01259	0.00173	0.79461	0.00359	0.00177	0.00446
19	0.06467	0.00751	0.00991	0.09498	0.06761	0.00650	0.04747	0.01088	0.00843	0.04538	0.00745	0.00889	0.00597	0.00327	0.00325	0.00082	0.00356	0.00275	0.00238	0.59835
20	0.10264	0.01062	0.06602	0.00859	0.01145	0.05126	0.02158	0.27725	0.33917	0.03632	0.01172	0.01145	0.00865	0.00483	0.00384	0.00126	0.00400	0.00377	0.01945	0.00613

[dist]
# distance from previous block
# <min> <max>
0	1

[block]
# block no. 8 follows, 67 sequences, length 23
# corresponding to MSA columns:
# 247-269
name=unknown_I
#
# <colnr> <probs for GDERKNQSTAVLIFYWHMCP>
#	G	D	E	R	K	N	Q	S	T	A	V	L	I	F	Y	W	H	M	C	P
0	0.00979	0.06637	0.05069	0.05306	0.10543	0.04274	0.02338	0.10923	0.05525	0.05128	0.02539	0.10613	0.00951	0.00532	0.01743	0.00116	0.00401	0.00415	0.01219	0.24748
1	0.01266	0.07370	0.02185	0.04177	0.04113	0.46988	0.04304	0.05619	0.02768	0.01139	0.00677	0.00808	0.00558	0.00414	0.00420	0.00107	0.06116	0.00285	0.00218	0.10467
2	0.00646	0.00464	0.00593	0.00581	0.00679	0.00471	0.00440	0.06417	0.00912	0.03176	0.17995	0.14428	0.14354	0.07520	0.24240	0.00301	0.00494	0.05577	0.00337	0.00377
3	0.00502	0.00358	0.00474	0.00548	0.00581	0.00334	0.00370	0.00586	0.00813	0.01096	0.13060	0.72531	0.02775	0.03255	0.00544	0.00163	0.00231	0.01071	0.00378	0.00331
4	0.00543	0.00390	0.00524	0.00598	0.00653	0.00371	0.00448	0.00662	0.00865	0.01153	0.13108	0.49626	0.04883	0.01150	0.00517	0.00163	0.00264	0.23355	0.00381	0.00345
5	0.01525	0.01123	0.01204	0.00923	0.01244	0.01244	0.00762	0.82067	0.01886	0.02528	0.00963	0.00963	0.00682	0.00481	0.00401	0.00120	0.00441	0.00361	0.00401	0.00682
6	0.88738	0.00776	0.00589	0.00527	0.00776	0.00900	0.00434	0.01179	0.00683	0.01799	0.00558	0.00651	0.00434	0.00372	0.00248	0.00124	0.00310	0.00217	0.00248	0.00434
7	0.01468	0.01020	0.01104	0.00855	0.01153	0.01114	0.00704	0.68710	0.01734	0.07960	0.01039	0.01042	0.00737	0.00481	0.00390	0.00118	0.00410	0.00365	0.08945	0.00652
8	0.00945	0.00806	0.00861	0.00778	0.00989	0.00922	0.00603	0.01963	0.72689	0.01669	0.11625	0.01680	0.01538	0.00578	0.00416	0.00135	0.00302	0.00487	0.00412	0.00603
9	0.01072	0.86147	0.02102	0.00686	0.01029	0.01587	0.00686	0.01201	0.00815	0.00944	0.00558	0.00643	0.00515	0.00343	0.00257	0.00086	0.00429	0.00214	0.00172	0.00515
10	0.85803	0.03634	0.00640	0.00533	0.00784	0.00923	0.00443	0.01180	0.00687	0.01771	0.00558	0.00651	0.00437	0.00371	0.00248	0.00123	0.00314	0.00217	0.00246	0.00437
11	0.00713	0.00615	0.00692	0.00681	0.00781	0.08690	0.00520	0.00967	0.10766	0.01063	0.01239	0.11093	0.01172	0.02139	0.52500	0.00450	0.00811	0.00495	0.04214	0.00399
12	0.00681	0.00480	0.00581	0.00540	0.00659	0.00476	0.00410	0.01012	0.13429	0.03355	0.59087	0.02550	0.03000	0.00728	0.00438	0.00124	0.00212	0.00634	0.11181	0.00423
13	0.01373	0.01703	0.01059	0.00975	0.01165	0.71647	0.00728	0.01528	0.05484	0.01023	0.00829	0.09028	0.00762	0.00502	0.00379	0.00111	0.00654	0.00355	0.00234	0.00461
14	0.00524	0.00417	0.00502	0.05004	0.00686	0.00381	0.00382	0.00661	0.00967	0.01256	0.31230	0.13428	0.41233	0.00944	0.00474	0.00135	0.00220	0.00814	0.00386	0.00357
15	0.00609	0.00493	0.00812	0.00746	0.00850	0.00551	0.08427	0.00771	0.00674	0.00965	0.01049	0.01527	0.00964	0.02748	0.76158	0.00595	0.01035	0.00434	0.00214	0.00376
16	0.01132	0.64418	0.01901	0.00914	0.09079	0.14721	0.00753	0.01268	0.00876	0.00985	0.00587	0.00690	0.00527	0.00356	0.00288	0.00092	0.00480	0.00235	0.00180	0.00518
17	0.00531	0.00395	0.00501	0.00574	0.00622	0.00382	0.00396	0.00689	0.07122	0.01083	0.02282	0.71634	0.07685	0.01182	0.00503	0.00160	0.00241	0.03292	0.00375	0.00352
18	0.02587	0.10745	0.03576	0.03528	0.09731	0.10548	0.00769	0.21172	0.23807	0.03137	0.02867	0.02177	0.02647	0.00484	0.00383	0.00120	0.00431	0.00382	0.00320	0.00589
19	0.00818	0.01159	0.24261	0.01313	0.13353	0.00806	0.25685	0.01113	0.00906	0.02889	0.02641	0.01687	0.17408	0.02285	0.00469	0.00136	0.00504	0.01805	0.00240	0.00519
20	0.00975	0.07723	0.07236	0.00828	0.02020	0.00811	0.07806	0.09570	0.07196	0.07633	0.01905	0.01144	0.02985	0.00730	0.10665	0.00168	0.02179	0.00352	0.00275	0.27800
21	0.01038	0.48583	0.28467	0.00877	0.01284	0.11508	0.00955	0.01272	0.00865	0.01054	0.00618	0.00719	0.00513	0.00364	0.00310	0.00101	0.00518	0.00246	0.00175	0.00534
22	0.00831	0.07195	0.73085	0.01153	0.01717	0.00978	0.07061	0.01267	0.00852	0.01251	0.00716	0.00851	0.00515	0.00376	0.00380	0.00125	0.00588	0.00304	0.00172	0.00584

[dist]
# distance from previous block
# <min> <max>
0	4

[block]
# block no. 9 follows, 67 sequences, length 11
# corresponding to MSA columns:
# 274-284
name=unknown_J
#
# <colnr> <probs for GDERKNQSTAVLIFYWHMCP>
#	G	D	E	R	K	N	Q	S	T	A	V	L	I	F	Y	W	H	M	C	P
0	0.00966	0.52789	0.34528	0.00867	0.01310	0.01327	0.01002	0.01228	0.00828	0.01073	0.00622	0.00724	0.00512	0.00358	0.00306	0.00102	0.00494	0.00247	0.00171	0.00546
1	0.00919	0.38042	0.48864	0.00948	0.01434	0.01212	0.01141	0.01240	0.00833	0.01130	0.00650	0.00760	0.00511	0.00365	0.00328	0.00109	0.00523	0.00261	0.00170	0.00559
2	0.01457	0.00659	0.00859	0.00682	0.00939	0.00604	0.00554	0.09973	0.01221	0.54372	0.22278	0.01738	0.01671	0.00577	0.00421	0.00124	0.00313	0.00481	0.00473	0.00605
3	0.00514	0.00384	0.00529	0.00573	0.00627	0.00355	0.02776	0.00613	0.00842	0.01130	0.15469	0.64474	0.07922	0.01143	0.00502	0.00154	0.00237	0.01034	0.00379	0.00341
4	0.00810	0.01016	0.16685	0.01082	0.06552	0.00998	0.00939	0.00987	0.00705	0.01058	0.00809	0.06530	0.00792	0.00868	0.07983	0.00202	0.47050	0.04272	0.00201	0.00463
5	0.00920	0.01269	0.17708	0.01587	0.02028	0.00999	0.66793	0.01282	0.00928	0.01282	0.00794	0.01038	0.00590	0.00346	0.00456	0.00134	0.00660	0.00440	0.00197	0.00551
6	0.00607	0.00452	0.00570	0.00533	0.00640	0.00436	0.00402	0.00884	0.08669	0.01615	0.75657	0.02857	0.03548	0.00794	0.00467	0.00127	0.00201	0.00700	0.00438	0.00402
7	0.00493	0.00407	0.00424	0.00425	0.00547	0.00348	0.00316	0.00596	0.00907	0.01102	0.09072	0.03740	0.70164	0.06612	0.00580	0.00153	0.00219	0.03192	0.00368	0.00336
8	0.01379	0.01669	0.01082	0.00976	0.01192	0.65512	0.00737	0.01679	0.16482	0.01125	0.00814	0.00873	0.00653	0.00434	0.00368	0.00108	0.00631	0.00294	0.00246	0.03746
9	0.00611	0.00469	0.00612	0.00601	0.00620	0.00536	0.00422	0.00667	0.00635	0.00885	0.01284	0.17767	0.01441	0.39658	0.17949	0.00362	0.14295	0.00620	0.00251	0.00313
10	0.13536	0.26280	0.02957	0.00713	0.01025	0.03240	0.00632	0.06238	0.04139	0.35929	0.01057	0.01005	0.00741	0.00430	0.00337	0.00112	0.00383	0.00315	0.00342	0.00589

[dist]
# distance from previous block
# <min> <max>
0	1

[block]
# block no. 10 follows, 67 sequences, length 9
# corresponding to MSA columns:
# 286-294
name=unknown_K
#
# <colnr> <probs for GDERKNQSTAVLIFYWHMCP>
#	G	D	E	R	K	N	Q	S	T	A	V	L	I	F	Y	W	H	M	C	P
0	0.01525	0.01123	0.01204	0.00923	0.01244	0.01244	0.00762	0.82067	0.01886	0.02528	0.00963	0.00963	0.00682	0.00481	0.00401	0.00120	0.00441	0.00361	0.00401	0.00682
1	0.00512	0.00408	0.00459	0.00446	0.00565	0.00355	0.00334	0.00649	0.01003	0.01295	0.36033	0.03511	0.51139	0.00937	0.00474	0.00132	0.00198	0.00797	0.00400	0.00355
2	0.00877	0.00877	0.01228	0.01053	0.01053	0.01228	0.00877	0.00965	0.00614	0.00965	0.00526	0.00877	0.00526	0.00702	0.01316	0.00175	0.85172	0.00351	0.00175	0.00439
3	0.01347	0.01006	0.01129	0.00986	0.07851	0.01102	0.00738	0.61747	0.05628	0.02222	0.01051	0.04095	0.00818	0.03218	0.00451	0.00130	0.00416	0.00401	0.05032	0.00633
4	0.00996	0.00518	0.00569	0.00506	0.00662	0.00522	0.00395	0.06581	0.08198	0.15271	0.01360	0.01438	0.01017	0.00480	0.00320	0.00104	0.00241	0.00385	0.59968	0.00469
5	0.43587	0.04068	0.01063	0.00955	0.06429	0.12893	0.02955	0.04793	0.00886	0.01575	0.00709	0.00903	0.00599	0.00513	0.00535	0.00149	0.16289	0.00308	0.00265	0.00526
6	0.00624	0.00374	0.00468	0.00468	0.00468	0.00374	0.00281	0.00561	0.00561	0.00748	0.01058	0.02114	0.01182	0.55216	0.01869	0.32324	0.00374	0.00498	0.00218	0.00218
7	0.00634	0.00475	0.00547	0.00550	0.00650	0.00467	0.00397	0.07262	0.07419	0.01282	0.10931	0.35039	0.21990	0.05485	0.00551	0.00155	0.00250	0.00841	0.04689	0.00385
8	0.10774	0.01069	0.01175	0.04560	0.04843	0.08983	0.06162	0.38629	0.08961	0.09434	0.00976	0.01007	0.00705	0.00452	0.00386	0.00122	0.00455	0.00355	0.00344	0.00609

[dist]
# distance from previous block
# <min> <max>
0	3

[block]
# block no. 11 follows, 67 sequences, length 20
# corresponding to MSA columns:
# 298-317
name=unknown_L
#
# <colnr> <probs for GDERKNQSTAVLIFYWHMCP>
#	G	D	E	R	K	N	Q	S	T	A	V	L	I	F	Y	W	H	M	C	P
0	0.01232	0.02991	0.01349	0.09293	0.31597	0.31194	0.00968	0.12961	0.02271	0.01337	0.00740	0.00898	0.00596	0.00402	0.00383	0.00114	0.00563	0.00320	0.00231	0.00560
1	0.00780	0.05037	0.01261	0.78222	0.05082	0.00928	0.01096	0.01040	0.00806	0.01029	0.00706	0.01045	0.00537	0.00397	0.00394	0.00131	0.00528	0.00349	0.00178	0.00455
2	0.00482	0.00404	0.00419	0.00421	0.00548	0.00341	0.00313	0.00589	0.00925	0.01121	0.10031	0.07424	0.73588	0.01011	0.00476	0.00136	0.00203	0.00850	0.00378	0.00341
3	0.13531	0.00635	0.00747	0.00666	0.00818	0.00707	0.00521	0.18717	0.00933	0.05083	0.00991	0.01368	0.00871	0.09084	0.37719	0.05825	0.00688	0.00391	0.00273	0.00433
4	0.00922	0.00649	0.00731	0.00648	0.00841	0.00671	0.00505	0.05053	0.31801	0.12921	0.19975	0.02306	0.19907	0.00700	0.00436	0.00131	0.00273	0.00589	0.00419	0.00522
5	0.00488	0.00353	0.00461	0.00547	0.00579	0.00327	0.00367	0.00560	0.00779	0.01028	0.02352	0.79390	0.08815	0.01238	0.00509	0.00161	0.00230	0.01118	0.00372	0.00327
6	0.01424	0.01073	0.01147	0.00902	0.01205	0.01197	0.00738	0.66762	0.17354	0.02365	0.01091	0.01065	0.00786	0.00493	0.00403	0.00123	0.00418	0.00379	0.00403	0.00673
7	0.00877	0.00877	0.01228	0.01053	0.01053	0.01228	0.00877	0.00965	0.00614	0.00965	0.00526	0.00877	0.00526	0.00702	0.01316	0.00175	0.85172	0.00351	0.00175	0.00439
8	0.00677	0.00507	0.00661	0.00723	0.00835	0.00519	0.00619	0.00973	0.11064	0.01251	0.02209	0.04098	0.08266	0.01031	0.00530	0.00175	0.00350	0.64738	0.00374	0.00400
9	0.00804	0.02074	0.83828	0.01143	0.01736	0.00931	0.01482	0.01270	0.00847	0.01270	0.00720	0.00847	0.00508	0.00381	0.00381	0.00127	0.00593	0.00296	0.00169	0.00593
10	0.01013	0.00899	0.01100	0.00929	0.01182	0.01010	0.10726	0.05259	0.69274	0.01663	0.01503	0.01423	0.01126	0.00516	0.00416	0.00135	0.00367	0.00452	0.00382	0.00625
11	0.00549	0.00377	0.00458	0.00494	0.00508	0.00369	0.00307	0.00584	0.00669	0.00894	0.02924	0.33703	0.01948	0.49460	0.03236	0.00302	0.00342	0.02300	0.00296	0.00281
12	0.25733	0.00791	0.00858	0.00710	0.00970	0.00829	0.00582	0.23686	0.01179	0.26817	0.01209	0.07338	0.00962	0.00555	0.00378	0.00130	0.00354	0.05969	0.00383	0.00566
13	0.00572	0.00459	0.00492	0.00481	0.00594	0.00436	0.00347	0.00791	0.11008	0.01146	0.10581	0.04898	0.46446	0.17883	0.00780	0.00186	0.00256	0.01927	0.00357	0.00360
14	0.00785	0.00702	0.00977	0.00869	0.00908	0.00924	0.00704	0.04514	0.00679	0.01011	0.00771	0.01206	0.00743	0.05286	0.29997	0.01967	0.46957	0.00389	0.00202	0.00408
15	0.03655	0.12048	0.46624	0.05329	0.01624	0.11346	0.08921	0.01309	0.00890	0.03659	0.00717	0.00850	0.00533	0.00380	0.00370	0.00120	0.00578	0.00302	0.00190	0.00553
16	0.00528	0.00386	0.00505	0.00561	0.00620	0.00354	0.00397	0.00629	0.00837	0.01131	0.12869	0.61267	0.05624	0.01130	0.00498	0.00153	0.00240	0.07113	0.00374	0.04785
17	0.01334	0.08041	0.01131	0.00945	0.01149	0.57757	0.00739	0.01503	0.05195	0.04711	0.00893	0.01260	0.00796	0.00511	0.00403	0.00116	0.02541	0.10252	0.00246	0.00475
18	0.01156	0.50737	0.04194	0.00792	0.02271	0.12431	0.00709	0.14345	0.01016	0.01209	0.00694	0.00869	0.00616	0.06919	0.00437	0.00119	0.00473	0.00277	0.00219	0.00519
19	0.00953	0.03730	0.17867	0.02876	0.35712	0.00942	0.01050	0.01432	0.20055	0.02970	0.00970	0.01108	0.00765	0.02357	0.00437	0.00128	0.01532	0.00364	0.00249	0.04503

[dist]
# distance from previous block
# <min> <max>
4	13

[block]
# block no. 12 follows, 67 sequences, length 7
# corresponding to MSA columns:
# 345-351
name=unknown_M
#
# <colnr> <probs for GDERKNQSTAVLIFYWHMCP>
#	G	D	E	R	K	N	Q	S	T	A	V	L	I	F	Y	W	H	M	C	P
0	0.00787	0.03797	0.00898	0.05145	0.07251	0.05836	0.04470	0.03481	0.10247	0.02749	0.16702	0.15787	0.15286	0.00755	0.00476	0.00135	0.03321	0.02093	0.00336	0.00450
1	0.00939	0.45810	0.22287	0.00830	0.01188	0.04196	0.03450	0.01157	0.00849	0.01076	0.04005	0.04255	0.00848	0.02692	0.00380	0.00116	0.00467	0.04745	0.00204	0.00506
2	0.00577	0.00414	0.00524	0.03613	0.02775	0.00416	0.00362	0.00633	0.00687	0.00919	0.04861	0.19067	0.05637	0.48516	0.07016	0.00317	0.00394	0.02694	0.00281	0.00298
3	0.71928	0.04549	0.00773	0.00716	0.06994	0.07128	0.00530	0.01215	0.00739	0.01665	0.00578	0.00682	0.00459	0.00373	0.00268	0.00121	0.00358	0.00231	0.00238	0.00455
4	0.01072	0.86147	0.02102	0.00686	0.01029	0.01587	0.00686	0.01201	0.00815	0.00944	0.00558	0.00643	0.00515	0.00343	0.00257	0.00086	0.00429	0.00214	0.00172	0.00515
5	0.00610	0.00439	0.00537	0.00530	0.00633	0.00413	0.00390	0.00824	0.07098	0.04502	0.39745	0.22709	0.18196	0.00928	0.00475	0.00137	0.00218	0.00815	0.00412	0.00389
6	0.00757	0.00713	0.01203	0.84942	0.02762	0.00891	0.01114	0.01025	0.00802	0.01025	0.00713	0.01069	0.00535	0.00401	0.00401	0.00134	0.00535	0.00356	0.00178	0.00446

[dist]
# distance from previous block
# <min> <max>
3	4

[block]
# block no. 13 follows, 67 sequences, length 10
# corresponding to MSA columns:
# 356-365
name=unknown_N
#
# <colnr> <probs for GDERKNQSTAVLIFYWHMCP>
#	G	D	E	R	K	N	Q	S	T	A	V	L	I	F	Y	W	H	M	C	P
0	0.29503	0.28957	0.01308	0.00827	0.05857	0.15211	0.00661	0.07090	0.00910	0.03055	0.00629	0.00725	0.00518	0.00389	0.00325	0.00109	0.02948	0.00250	0.00227	0.00501
1	0.00860	0.00605	0.00488	0.00473	0.00583	0.12990	0.00355	0.01035	0.00885	0.01418	0.01205	0.01379	0.00951	0.00459	0.00293	0.00095	0.00268	0.00356	0.74914	0.00387
2	0.03017	0.15722	0.50363	0.01167	0.09658	0.07992	0.01216	0.04214	0.00906	0.01254	0.00693	0.00817	0.00527	0.00379	0.00358	0.00117	0.00553	0.00286	0.00186	0.00573
3	0.00573	0.00430	0.00645	0.00645	0.00716	0.00501	0.00501	0.00716	0.00645	0.00931	0.01074	0.01576	0.01003	0.03008	0.84316	0.00645	0.01074	0.00430	0.00215	0.00358
4	0.00602	0.00420	0.00533	0.00498	0.00607	0.00381	0.00376	0.00777	0.01103	0.04739	0.68431	0.03058	0.15295	0.00836	0.00470	0.00127	0.00197	0.00730	0.00434	0.00384
5	0.00598	0.00422	0.00516	0.00485	0.00602	0.00376	0.00366	0.00759	0.01069	0.05380	0.55371	0.03179	0.27663	0.00864	0.00470	0.00129	0.00201	0.00746	0.00423	0.00381
6	0.04140	0.73747	0.08587	0.00728	0.01084	0.04109	0.00744	0.01218	0.00823	0.01001	0.00573	0.00662	0.00511	0.00349	0.00270	0.00091	0.00447	0.00223	0.00175	0.00517
7	0.00519	0.00400	0.00461	0.00465	0.00561	0.00357	0.00337	0.00635	0.00930	0.01206	0.27155	0.13132	0.39808	0.09429	0.00636	0.00162	0.00225	0.02862	0.00380	0.00340
8	0.05227	0.09036	0.00941	0.02462	0.00918	0.08336	0.03128	0.08547	0.00862	0.01184	0.04863	0.01368	0.00971	0.05076	0.40747	0.00380	0.02817	0.00393	0.02321	0.00424
9	0.00898	0.10355	0.01040	0.02808	0.03076	0.00697	0.02199	0.01105	0.03198	0.03860	0.00752	0.00861	0.00616	0.00321	0.00308	0.00072	0.00332	0.00257	0.00240	0.67005

[dist]
# distance from previous block
# <min> <max>
0	1

[block]
# block no. 14 follows, 67 sequences, length 9
# corresponding to MSA columns:
# 368-376
name=unknown_O
#
# <colnr> <probs for GDERKNQSTAVLIFYWHMCP>
#	G	D	E	R	K	N	Q	S	T	A	V	L	I	F	Y	W	H	M	C	P
0	0.59589	0.17439	0.00964	0.00620	0.00890	0.06311	0.00530	0.07373	0.00828	0.01637	0.00593	0.00678	0.00474	0.00378	0.00269	0.00115	0.00369	0.00230	0.00242	0.00471
1	0.00591	0.00427	0.00572	0.00567	0.00609	0.00474	0.00404	0.00679	0.00644	0.00914	0.03546	0.04148	0.01280	0.33914	0.43114	0.00487	0.03868	0.00510	0.02934	0.00318
2	0.00669	0.00437	0.00525	0.00491	0.00624	0.00384	0.00372	0.00811	0.01024	0.11017	0.36180	0.07801	0.36391	0.00888	0.00467	0.00132	0.00215	0.00761	0.00415	0.00395
3	0.03402	0.00625	0.00801	0.00659	0.00885	0.00583	0.00521	0.07491	0.01050	0.49025	0.01652	0.06952	0.06943	0.09751	0.07597	0.00198	0.00398	0.00495	0.00417	0.00557
4	0.13131	0.00638	0.00702	0.00650	0.00816	0.00706	0.00505	0.03508	0.27448	0.05828	0.08118	0.06911	0.01372	0.03571	0.14123	0.00222	0.00421	0.02717	0.08130	0.00482
5	0.88738	0.00776	0.00589	0.00527	0.00776	0.00900	0.00434	0.01179	0.00683	0.01799	0.00558	0.00651	0.00434	0.00372	0.00248	0.00124	0.00310	0.00217	0.00248	0.00434
6	0.01318	0.08271	0.01304	0.05629	0.21927	0.06492	0.00846	0.25351	0.04064	0.17042	0.03180	0.01081	0.00797	0.00444	0.00388	0.00118	0.00443	0.00361	0.00325	0.00620
7	0.01218	0.01251	0.00989	0.00864	0.01072	0.33650	0.00668	0.19434	0.14506	0.01446	0.01363	0.01420	0.12262	0.03800	0.00499	0.00131	0.04196	0.00412	0.00306	0.00514
8	0.01103	0.14381	0.09302	0.03883	0.01351	0.06471	0.14065	0.22987	0.01144	0.03796	0.00952	0.10490	0.00833	0.00513	0.00440	0.00123	0.04553	0.00429	0.00275	0.02908

[dist]
# distance from previous block
# <min> <max>
2	7

[block]
# block no. 15 follows, 67 sequences, length 9
# corresponding to MSA columns:
# 384-392
name=unknown_P
#
# <colnr> <probs for GDERKNQSTAVLIFYWHMCP>
#	G	D	E	R	K	N	Q	S	T	A	V	L	I	F	Y	W	H	M	C	P
0	0.01016	0.02606	0.24964	0.01412	0.21960	0.06896	0.09788	0.09581	0.01000	0.04693	0.02313	0.01167	0.00749	0.05461	0.00521	0.00141	0.02522	0.02411	0.00235	0.00567
1	0.00599	0.00386	0.00515	0.00579	0.00629	0.00362	0.00407	0.00686	0.00810	0.06504	0.04695	0.64897	0.02481	0.05660	0.00589	0.00173	0.00260	0.09042	0.00376	0.00351
2	0.01123	0.00947	0.01396	0.10360	0.31269	0.01003	0.08240	0.21651	0.11431	0.05133	0.00964	0.01116	0.00741	0.02299	0.00443	0.00131	0.00464	0.00388	0.00288	0.00612
3	0.00500	0.00375	0.00466	0.00523	0.00586	0.00341	0.00370	0.00595	0.00848	0.01102	0.10126	0.52415	0.23818	0.01146	0.00501	0.00153	0.00228	0.05192	0.00379	0.00336
4	0.00587	0.00455	0.00578	0.02218	0.00689	0.00478	0.00443	0.02149	0.00801	0.01075	0.04154	0.15225	0.25663	0.07277	0.20635	0.00282	0.06352	0.05668	0.04916	0.00355
5	0.05231	0.00810	0.00915	0.05107	0.02832	0.03388	0.00572	0.11111	0.00976	0.04205	0.00763	0.00869	0.00606	0.00341	0.00321	0.00079	0.00347	0.00267	0.00262	0.60999
6	0.00579	0.00403	0.00480	0.00493	0.00516	0.00408	0.00312	0.00641	0.02737	0.00873	0.01502	0.13646	0.04236	0.58708	0.09599	0.00361	0.00425	0.03529	0.00270	0.00283
7	0.01078	0.20884	0.06487	0.09118	0.04728	0.18535	0.06249	0.07181	0.07381	0.02231	0.02795	0.03229	0.04621	0.00471	0.00402	0.00116	0.03372	0.00367	0.00243	0.00514
