[name]
unknown

[dist]
# distance from previous block
# <min> <max>
1	90

[block]
# block no. 0 follows, 68 sequences, length 31
# corresponding to MSA columns:
# 102-132
name=unknown_A
#
# <colnr> <probs for GDERKNQSTAVLIFYWHMCP>
#	G	D	E	R	K	N	Q	S	T	A	V	L	I	F	Y	W	H	M	C	P
0	0.07615	0.14379	0.02316	0.02939	0.00892	0.04834	0.02086	0.05566	0.03958	0.03561	0.06542	0.10309	0.07028	0.09317	0.10194	0.00204	0.01245	0.01308	0.00278	0.05429
1	0.09563	0.10372	0.05226	0.00700	0.00924	0.08114	0.03265	0.06681	0.02791	0.10718	0.13780	0.05919	0.07534	0.05212	0.01328	0.00140	0.00377	0.03589	0.01140	0.02625
2	0.05710	0.02019	0.06583	0.01534	0.02405	0.02511	0.01478	0.13631	0.09404	0.14910	0.07704	0.01672	0.11272	0.05085	0.03532	0.00153	0.01999	0.01128	0.00342	0.06927
3	0.05348	0.14898	0.13309	0.00770	0.01050	0.07353	0.00716	0.14437	0.01032	0.07358	0.05224	0.04417	0.09705	0.02288	0.02229	0.00134	0.04852	0.00409	0.00283	0.04187
4	0.08355	0.05855	0.02936	0.00803	0.05204	0.05673	0.00621	0.14807	0.06388	0.13423	0.05217	0.05301	0.07146	0.03681	0.01398	0.00134	0.04416	0.00428	0.00325	0.07888
5	0.04285	0.02662	0.11116	0.00921	0.04860	0.09322	0.06663	0.16842	0.03277	0.08338	0.15045	0.02550	0.02653	0.04668	0.01393	0.00139	0.02135	0.00433	0.00312	0.02383
6	0.01290	0.10105	0.03527	0.05919	0.01332	0.43150	0.06125	0.14623	0.04988	0.01290	0.02270	0.02139	0.00667	0.00432	0.00370	0.00110	0.00587	0.00319	0.00245	0.00511
7	0.04150	0.07058	0.08355	0.00906	0.01164	0.30862	0.00770	0.24103	0.02934	0.01470	0.02294	0.00936	0.00679	0.00710	0.09348	0.00169	0.02989	0.00316	0.00263	0.00523
8	0.04369	0.02194	0.05881	0.02875	0.01141	0.12898	0.05870	0.15813	0.07328	0.13952	0.06028	0.05966	0.05844	0.00539	0.00397	0.00120	0.00423	0.01563	0.00331	0.06468
9	0.05348	0.00977	0.05633	0.09059	0.37204	0.00947	0.18731	0.04759	0.01957	0.04482	0.00846	0.01051	0.02192	0.00397	0.00448	0.00127	0.04673	0.00380	0.00221	0.00568
10	0.00689	0.00344	0.00517	0.00517	0.00517	0.00344	0.00344	0.00517	0.00517	0.00689	0.00689	0.01205	0.00689	0.01377	0.01550	0.88464	0.00344	0.00344	0.00172	0.00172
11	0.06550	0.01006	0.01996	0.01459	0.01794	0.01003	0.61804	0.04141	0.00919	0.03230	0.00807	0.02718	0.00634	0.00402	0.00539	0.00137	0.09675	0.00446	0.00218	0.00521
12	0.03555	0.07836	0.16837	0.08265	0.18861	0.16028	0.04368	0.07108	0.05313	0.02921	0.00760	0.00907	0.00595	0.00407	0.00417	0.00120	0.04611	0.00320	0.00220	0.00551
13	0.00991	0.00835	0.00883	0.00793	0.01017	0.00958	0.00617	0.02059	0.78626	0.03600	0.01680	0.01542	0.03516	0.00550	0.00405	0.00134	0.00311	0.00458	0.00405	0.00620
14	0.00491	0.00402	0.00434	0.00441	0.00561	0.00346	0.00334	0.00605	0.00924	0.01139	0.13658	0.07942	0.64651	0.00998	0.00475	0.00137	0.00210	0.05533	0.00376	0.00341
15	0.01145	0.04120	0.21950	0.02224	0.04585	0.06402	0.07308	0.22321	0.18097	0.06366	0.01005	0.01041	0.00734	0.00439	0.00391	0.00123	0.00481	0.00359	0.00300	0.00607
16	0.01079	0.06162	0.04202	0.07062	0.46730	0.17057	0.04776	0.04329	0.02597	0.01244	0.00733	0.00923	0.00600	0.00374	0.00381	0.00115	0.00527	0.00331	0.00206	0.00573
17	0.00621	0.00419	0.00547	0.00507	0.00612	0.00384	0.00383	0.00805	0.01118	0.05786	0.77344	0.02899	0.05462	0.00799	0.00464	0.00125	0.00195	0.00704	0.00438	0.00389
18	0.00545	0.00405	0.00507	0.00482	0.00582	0.00367	0.00361	0.00717	0.01084	0.01498	0.69385	0.03112	0.17797	0.00845	0.00468	0.00126	0.00189	0.00738	0.00424	0.00367
19	0.04928	0.01056	0.01518	0.09285	0.45564	0.12210	0.11668	0.03989	0.00947	0.01285	0.00729	0.00943	0.00591	0.00365	0.00389	0.00117	0.00521	0.00345	0.00206	0.03343
20	0.05964	0.00984	0.01068	0.00828	0.01126	0.01066	0.00682	0.61583	0.01634	0.13870	0.01040	0.01026	0.00727	0.00472	0.00382	0.00118	0.00400	0.00356	0.06031	0.00642
21	0.00561	0.00405	0.00530	0.00499	0.00592	0.00374	0.00374	0.00748	0.01122	0.01590	0.83383	0.02962	0.03741	0.00811	0.00468	0.00125	0.00187	0.00717	0.00436	0.00374
22	0.00556	0.00405	0.00522	0.00493	0.00589	0.00372	0.00370	0.00738	0.01110	0.01560	0.78729	0.03012	0.08415	0.00822	0.00468	0.00125	0.00188	0.00724	0.00432	0.00372
23	0.01524	0.01084	0.01174	0.00900	0.01216	0.01191	0.00743	0.77438	0.01820	0.07393	0.00989	0.00976	0.00693	0.00477	0.00397	0.00119	0.00430	0.00359	0.00402	0.00674
24	0.00487	0.00402	0.00427	0.00421	0.00547	0.00343	0.00316	0.00605	0.00947	0.01174	0.19831	0.03646	0.67552	0.00966	0.00468	0.00132	0.00198	0.00813	0.00382	0.00343
25	0.00896	0.00936	0.01460	0.05310	0.01358	0.03763	0.18878	0.01047	0.00705	0.01028	0.00595	0.00917	0.00539	0.00591	0.01043	0.00160	0.59767	0.00371	0.00181	0.00457
26	0.00577	0.00384	0.00432	0.00432	0.00432	0.00384	0.00240	0.00577	0.00577	0.00769	0.01249	0.02595	0.01441	0.86066	0.02018	0.00384	0.00384	0.00577	0.00240	0.00240
27	0.01429	0.00830	0.00958	0.00764	0.01037	0.00857	0.00626	0.34981	0.08749	0.30584	0.01390	0.01397	0.03512	0.00524	0.00396	0.00122	0.00360	0.03305	0.07555	0.00624
28	0.00955	0.01044	0.01887	0.01406	0.01703	0.06975	0.54642	0.01266	0.05083	0.01231	0.00815	0.01057	0.00638	0.00414	0.00576	0.00135	0.13866	0.00427	0.05372	0.00509
29	0.00631	0.00491	0.00592	0.00541	0.00678	0.00465	0.00410	0.00930	0.11928	0.01504	0.54699	0.05241	0.10535	0.00757	0.00444	0.00122	0.00217	0.00660	0.00404	0.08752
30	0.01421	0.00828	0.06349	0.00761	0.01052	0.00744	0.00652	0.10693	0.18254	0.45686	0.08058	0.01429	0.01187	0.00517	0.00404	0.00125	0.00347	0.00423	0.00437	0.00635

[dist]
# distance from previous block
# <min> <max>
0	1

[block]
# block no. 1 follows, 68 sequences, length 36
# corresponding to MSA columns:
# 134-169
name=unknown_B
#
# <colnr> <probs for GDERKNQSTAVLIFYWHMCP>
#	G	D	E	R	K	N	Q	S	T	A	V	L	I	F	Y	W	H	M	C	P
0	0.00577	0.00384	0.00432	0.00432	0.00432	0.00384	0.00240	0.00577	0.00577	0.00769	0.01249	0.02595	0.01441	0.86066	0.02018	0.00384	0.00384	0.00577	0.00240	0.00240
1	0.01060	0.86304	0.02078	0.00678	0.01018	0.01569	0.00678	0.01187	0.00806	0.00933	0.00551	0.00636	0.00509	0.00339	0.00254	0.00085	0.00424	0.00212	0.00170	0.00509
2	0.03470	0.00788	0.07574	0.00674	0.00891	0.00759	0.00574	0.08597	0.33800	0.04639	0.01346	0.02588	0.01027	0.00496	0.00353	0.00117	0.00301	0.00401	0.31072	0.00530
3	0.00893	0.33036	0.53879	0.00964	0.01459	0.01159	0.01176	0.01230	0.00826	0.01137	0.00653	0.00763	0.00505	0.00363	0.00332	0.00111	0.00526	0.00263	0.00168	0.00558
4	0.02781	0.02579	0.05469	0.00762	0.01051	0.04461	0.00642	0.28135	0.10989	0.03854	0.10264	0.03786	0.01105	0.00487	0.00375	0.00107	0.00367	0.00390	0.00336	0.22059
5	0.01541	0.00758	0.00967	0.07685	0.01167	0.00739	0.00642	0.19881	0.01243	0.51240	0.01313	0.01228	0.00865	0.00472	0.00388	0.00119	0.00365	0.00379	0.05772	0.03236
6	0.07820	0.00407	0.00481	0.00512	0.00590	0.00391	0.00365	0.00689	0.00842	0.02533	0.17098	0.44208	0.12303	0.02166	0.02094	0.00155	0.00242	0.00861	0.05893	0.00350
7	0.00673	0.07527	0.00680	0.00531	0.00658	0.00533	0.00415	0.03211	0.06050	0.01544	0.59103	0.03928	0.02925	0.00716	0.00425	0.00119	0.00222	0.00619	0.09712	0.00408
8	0.01430	0.01054	0.01144	0.00890	0.01187	0.01169	0.00732	0.75548	0.01763	0.02369	0.00961	0.01002	0.00700	0.00682	0.07328	0.00162	0.00488	0.00363	0.00381	0.00648
9	0.00816	0.01903	0.71742	0.01211	0.01770	0.00933	0.13587	0.01258	0.00852	0.01258	0.00725	0.00872	0.00517	0.00370	0.00390	0.00127	0.00598	0.00319	0.00172	0.00578
10	0.01779	0.00675	0.00920	0.00705	0.01012	0.00583	0.00583	0.01932	0.01135	0.83867	0.01564	0.01350	0.00981	0.00491	0.00399	0.00123	0.00337	0.00399	0.00491	0.00675
11	0.01029	0.00873	0.00921	0.00816	0.01047	0.01006	0.00638	0.08714	0.76199	0.01728	0.01559	0.01436	0.01166	0.00533	0.00403	0.00133	0.00324	0.00441	0.00403	0.00631
12	0.88866	0.00767	0.00583	0.00521	0.00767	0.00889	0.00429	0.01166	0.00675	0.01779	0.00552	0.00644	0.00429	0.00368	0.00245	0.00123	0.00307	0.00215	0.00245	0.00429
13	0.00577	0.00384	0.00432	0.00432	0.00432	0.00384	0.00240	0.00577	0.00577	0.00769	0.01249	0.02595	0.01441	0.86066	0.02018	0.00384	0.00384	0.00577	0.00240	0.00240
14	0.00549	0.00405	0.00513	0.00486	0.00585	0.00369	0.00364	0.00724	0.01093	0.01520	0.72632	0.03077	0.14536	0.00837	0.00468	0.00126	0.00189	0.00733	0.00427	0.00369
15	0.00561	0.00405	0.00530	0.00499	0.00592	0.00374	0.00374	0.00748	0.01122	0.01590	0.83383	0.02962	0.03741	0.00811	0.00468	0.00125	0.00187	0.00717	0.00436	0.00374
16	0.01060	0.86304	0.02078	0.00678	0.01018	0.01569	0.00678	0.01187	0.00806	0.00933	0.00551	0.00636	0.00509	0.00339	0.00254	0.00085	0.00424	0.00212	0.00170	0.00509
17	0.01603	0.02625	0.01059	0.00797	0.01104	0.00909	0.00660	0.39354	0.03074	0.41154	0.01254	0.01154	0.00834	0.00481	0.00393	0.00120	0.00382	0.00376	0.02001	0.00665
18	0.00926	0.05026	0.31841	0.02851	0.29543	0.00938	0.02501	0.06137	0.06661	0.02553	0.06510	0.01091	0.00838	0.00415	0.00388	0.00121	0.00481	0.00359	0.00231	0.00589
19	0.00700	0.00655	0.00962	0.36771	0.04331	0.05326	0.05697	0.00881	0.00823	0.01044	0.01439	0.29625	0.06129	0.00732	0.00444	0.00141	0.00421	0.03211	0.00261	0.00405
20	0.88866	0.00767	0.00583	0.00521	0.00767	0.00889	0.00429	0.01166	0.00675	0.01779	0.00552	0.00644	0.00429	0.00368	0.00245	0.00123	0.00307	0.00215	0.00245	0.00429
21	0.00481	0.00390	0.00436	0.00458	0.00560	0.00346	0.00334	0.00577	0.00846	0.01044	0.03322	0.22857	0.57086	0.01236	0.07999	0.00185	0.00285	0.00868	0.00354	0.00333
22	0.00473	0.00403	0.00408	0.00410	0.00543	0.00338	0.00310	0.00576	0.00904	0.01074	0.03966	0.03833	0.81289	0.01007	0.00471	0.00135	0.00205	0.02952	0.00368	0.00336
23	0.00499	0.00356	0.00478	0.00570	0.00600	0.00336	0.00396	0.00580	0.00775	0.01030	0.02177	0.77476	0.02587	0.01227	0.00510	0.00163	0.00244	0.09301	0.00368	0.00326
24	0.00986	0.00852	0.00897	0.00807	0.01031	0.00986	0.00628	0.02107	0.82876	0.01659	0.01614	0.01479	0.01210	0.00538	0.00403	0.00134	0.00314	0.00448	0.00403	0.00628
25	0.01481	0.01890	0.01124	0.01021	0.01226	0.84474	0.00766	0.01583	0.01124	0.00970	0.00613	0.00715	0.00511	0.00409	0.00358	0.00102	0.00715	0.00255	0.00204	0.00460
26	0.00749	0.00705	0.01189	0.85113	0.02731	0.00881	0.01101	0.01013	0.00793	0.01013	0.00705	0.01057	0.00529	0.00396	0.00396	0.00132	0.00529	0.00352	0.00176	0.00440
27	0.00867	0.00867	0.01214	0.01041	0.01041	0.01214	0.00867	0.00954	0.00607	0.00954	0.00520	0.00867	0.00520	0.00694	0.01301	0.00173	0.85340	0.00347	0.00173	0.00434
28	0.00561	0.00405	0.00530	0.00499	0.00592	0.00374	0.00374	0.00748	0.01122	0.01590	0.83383	0.02962	0.03741	0.00811	0.00468	0.00125	0.00187	0.00717	0.00436	0.00374
29	0.00557	0.00405	0.00524	0.00494	0.00590	0.00372	0.00371	0.00740	0.01112	0.01566	0.79688	0.03001	0.07451	0.00820	0.00468	0.00125	0.00188	0.00723	0.00433	0.00372
30	0.78406	0.00747	0.00587	0.00523	0.00759	0.00859	0.00429	0.04114	0.00731	0.01780	0.00628	0.00724	0.00487	0.00380	0.00254	0.00120	0.00301	0.00233	0.07505	0.00433
31	0.01123	0.00700	0.00848	0.00645	0.00955	0.00594	0.00519	0.02908	0.09166	0.26217	0.06154	0.01181	0.00964	0.00413	0.00349	0.00091	0.00305	0.00338	0.00344	0.46185
32	0.88866	0.00767	0.00583	0.00521	0.00767	0.00889	0.00429	0.01166	0.00675	0.01779	0.00552	0.00644	0.00429	0.00368	0.00245	0.00123	0.00307	0.00215	0.00245	0.00429
33	0.00822	0.00705	0.00822	0.00587	0.00940	0.00529	0.00470	0.00998	0.00822	0.01292	0.00705	0.00822	0.00587	0.00294	0.00294	0.00059	0.00294	0.00235	0.00235	0.88490
34	0.00564	0.00384	0.00431	0.00434	0.00446	0.00378	0.00250	0.00575	0.00610	0.00803	0.01512	0.05741	0.08242	0.75950	0.01835	0.00356	0.00364	0.00618	0.00255	0.00251
35	0.00748	0.00551	0.00664	0.07529	0.00863	0.00576	0.00484	0.08922	0.12168	0.01515	0.33243	0.02196	0.10733	0.00718	0.00490	0.05681	0.00268	0.00560	0.11666	0.00426

[dist]
# distance from previous block
# <min> <max>
0	1

[block]
# block no. 2 follows, 68 sequences, length 85
# corresponding to MSA columns:
# 171-255
name=unknown_C
#
# <colnr> <probs for GDERKNQSTAVLIFYWHMCP>
#	G	D	E	R	K	N	Q	S	T	A	V	L	I	F	Y	W	H	M	C	P
0	0.79341	0.00757	0.00620	0.00542	0.00794	0.00856	0.00446	0.01249	0.00725	0.10757	0.00663	0.00721	0.00490	0.00381	0.00262	0.00123	0.00310	0.00235	0.00272	0.00456
1	0.00589	0.00437	0.00633	0.00627	0.00698	0.00503	0.00481	0.02561	0.00660	0.00944	0.01075	0.01628	0.01020	0.09649	0.75890	0.00605	0.00993	0.00436	0.00219	0.00352
2	0.01403	0.00592	0.00796	0.00639	0.00882	0.00518	0.00516	0.01564	0.01124	0.58629	0.24099	0.01871	0.04385	0.00595	0.00420	0.00124	0.00292	0.00500	0.00472	0.00581
3	0.00546	0.00405	0.00509	0.00483	0.00583	0.00368	0.00362	0.00719	0.01087	0.01506	0.70491	0.03100	0.16686	0.00842	0.00468	0.00126	0.00189	0.00736	0.00425	0.00368
4	0.00577	0.00384	0.00432	0.00432	0.00432	0.00384	0.00240	0.00577	0.00577	0.00769	0.01249	0.02595	0.01441	0.86066	0.02018	0.00384	0.00384	0.00577	0.00240	0.00240
5	0.01054	0.77084	0.08223	0.00724	0.01077	0.04336	0.00741	0.01206	0.00819	0.00958	0.00565	0.00654	0.00508	0.00344	0.00267	0.00088	0.00446	0.00220	0.00171	0.00513
6	0.01481	0.01890	0.01124	0.01021	0.01226	0.84474	0.00766	0.01583	0.01124	0.00970	0.00613	0.00715	0.00511	0.00409	0.00358	0.00102	0.00715	0.00255	0.00204	0.00460
7	0.00867	0.00867	0.01214	0.01041	0.01041	0.01214	0.00867	0.00954	0.00607	0.00954	0.00520	0.00867	0.00520	0.00694	0.01301	0.00173	0.85340	0.00347	0.00173	0.00434
8	0.00795	0.02051	0.84011	0.01130	0.01716	0.00921	0.01465	0.01256	0.00837	0.01256	0.00712	0.00837	0.00502	0.00377	0.00377	0.00126	0.00586	0.00293	0.00167	0.00586
9	0.00886	0.01932	0.73498	0.01102	0.01654	0.00960	0.01375	0.11540	0.00967	0.01413	0.00742	0.00852	0.00524	0.00389	0.00379	0.00125	0.00567	0.00301	0.00197	0.00597
10	0.00926	0.00449	0.00532	0.00476	0.00620	0.00418	0.00370	0.01099	0.00967	0.20453	0.19006	0.01891	0.06041	0.00572	0.00356	0.00108	0.00221	0.00476	0.44578	0.00439
11	0.00899	0.45140	0.18582	0.00733	0.01086	0.01123	0.00768	0.01110	0.00863	0.01145	0.13432	0.01061	0.01018	0.00414	0.00317	0.00096	0.00405	0.00310	0.00218	0.11280
12	0.00555	0.00401	0.00524	0.00503	0.00591	0.00370	0.00374	0.00733	0.01094	0.01544	0.76955	0.09520	0.03653	0.00845	0.00471	0.00128	0.00190	0.00750	0.00431	0.00370
13	0.00815	0.00727	0.01071	0.02559	0.38222	0.00741	0.00801	0.02968	0.11970	0.01268	0.03098	0.02702	0.19963	0.00813	0.08006	0.02559	0.00429	0.00499	0.00275	0.00514
14	0.00864	0.00703	0.00827	0.00592	0.00943	0.00531	0.00475	0.01040	0.00836	0.04938	0.00743	0.00845	0.00605	0.00302	0.00298	0.00062	0.00296	0.00242	0.00246	0.84613
15	0.00473	0.00402	0.00407	0.00406	0.00538	0.00336	0.00304	0.00577	0.00913	0.01093	0.07386	0.03780	0.80048	0.00996	0.00469	0.00133	0.00200	0.00832	0.00371	0.00336
16	0.00567	0.00423	0.00627	0.00627	0.00694	0.00490	0.00483	0.00702	0.00634	0.00913	0.01071	0.01609	0.01013	0.07054	0.80444	0.00625	0.01029	0.00432	0.00214	0.00348
17	0.00749	0.00705	0.01189	0.85113	0.02731	0.00881	0.01101	0.01013	0.00793	0.01013	0.00705	0.01057	0.00529	0.00396	0.00396	0.00132	0.00529	0.00352	0.00176	0.00440
18	0.01060	0.86304	0.02078	0.00678	0.01018	0.01569	0.00678	0.01187	0.00806	0.00933	0.00551	0.00636	0.00509	0.00339	0.00254	0.00085	0.00424	0.00212	0.00170	0.00509
19	0.00822	0.00705	0.00822	0.00587	0.00940	0.00529	0.00470	0.00998	0.00822	0.01292	0.00705	0.00822	0.00587	0.00294	0.00294	0.00059	0.00294	0.00235	0.00235	0.88490
20	0.00539	0.00404	0.00499	0.00475	0.00578	0.00364	0.00356	0.00704	0.01069	0.01463	0.63964	0.03171	0.23240	0.00858	0.00468	0.00127	0.00190	0.00746	0.00420	0.00364
21	0.00867	0.00867	0.01214	0.01041	0.01041	0.01214	0.00867	0.00954	0.00607	0.00954	0.00520	0.00867	0.00520	0.00694	0.01301	0.00173	0.85340	0.00347	0.00173	0.00434
22	0.01040	0.79951	0.08256	0.00712	0.01070	0.01520	0.00738	0.01192	0.00808	0.00957	0.00563	0.00651	0.00508	0.00342	0.00264	0.00088	0.00436	0.00218	0.00169	0.00515
23	0.00576	0.00386	0.00439	0.00439	0.00442	0.00388	0.00249	0.00581	0.00579	0.00774	0.01243	0.02559	0.01426	0.83243	0.04820	0.00393	0.00407	0.00571	0.00239	0.00244
24	0.88866	0.00767	0.00583	0.00521	0.00767	0.00889	0.00429	0.01166	0.00675	0.01779	0.00552	0.00644	0.00429	0.00368	0.00245	0.00123	0.00307	0.00215	0.00245	0.00429
25	0.00569	0.00385	0.00438	0.00440	0.00450	0.00380	0.00255	0.00585	0.00625	0.00835	0.06135	0.05773	0.04139	0.75325	0.01824	0.00353	0.00362	0.00613	0.00260	0.00254
26	0.00486	0.00346	0.00459	0.00548	0.00570	0.00324	0.00364	0.00553	0.00753	0.01004	0.02154	0.82980	0.02582	0.04124	0.00557	0.00169	0.00235	0.01108	0.00364	0.00319
27	0.00960	0.00955	0.01739	0.09178	0.56255	0.00956	0.20255	0.02538	0.00917	0.01285	0.00759	0.01008	0.00614	0.00354	0.00411	0.00123	0.00522	0.00380	0.00199	0.00591
28	0.00576	0.00385	0.00438	0.00438	0.00440	0.00387	0.00247	0.00580	0.00578	0.00773	0.01244	0.02567	0.01430	0.83870	0.04197	0.00391	0.00402	0.00573	0.00240	0.00243
29	0.01181	0.58898	0.03762	0.00791	0.01097	0.25277	0.00724	0.02462	0.00913	0.00974	0.00578	0.00668	0.00512	0.00362	0.00289	0.00091	0.00511	0.00228	0.00183	0.00499
30	0.00845	0.00703	0.00819	0.00600	0.00936	0.00551	0.00478	0.01076	0.05612	0.03165	0.03404	0.00940	0.00733	0.00329	0.00308	0.00067	0.00292	0.00266	0.00257	0.78619
31	0.01118	0.01093	0.10005	0.01765	0.45553	0.03549	0.04420	0.15736	0.03186	0.07201	0.00876	0.02171	0.00685	0.00405	0.00396	0.00120	0.00476	0.00366	0.00257	0.00622
32	0.02453	0.25424	0.08537	0.01256	0.22633	0.07506	0.02639	0.11066	0.04092	0.06630	0.00811	0.02585	0.00660	0.00409	0.00365	0.00111	0.01686	0.00323	0.00242	0.00572
33	0.00492	0.00399	0.00436	0.00435	0.00552	0.00343	0.00323	0.00611	0.00946	0.01192	0.22956	0.09162	0.58819	0.00974	0.00471	0.00134	0.00199	0.00828	0.00385	0.00343
34	0.00958	0.00917	0.01557	0.07698	0.75076	0.00936	0.01191	0.01191	0.00889	0.01267	0.00761	0.01043	0.00647	0.00377	0.00416	0.00121	0.02424	0.01726	0.00197	0.00607
35	0.00593	0.00464	0.00688	0.00673	0.00737	0.00559	0.00529	0.00730	0.00635	0.00923	0.01014	0.01497	0.00950	0.02772	0.77134	0.00596	0.08519	0.00418	0.00209	0.00361
36	0.00678	0.00492	0.00669	0.00720	0.00825	0.00493	0.01954	0.04213	0.03454	0.02229	0.02085	0.15108	0.04922	0.01049	0.00526	0.00172	0.00347	0.59309	0.00367	0.00386
37	0.01018	0.10079	0.23367	0.01525	0.28362	0.09850	0.09915	0.03925	0.02800	0.03160	0.01904	0.00936	0.00633	0.00379	0.00380	0.00117	0.00532	0.00333	0.00209	0.00576
38	0.00517	0.00391	0.00477	0.00482	0.00572	0.00351	0.00352	0.00652	0.00978	0.01310	0.42139	0.21741	0.26667	0.00963	0.00477	0.00135	0.00201	0.00844	0.00401	0.00351
39	0.03367	0.01047	0.06624	0.03900	0.09490	0.01027	0.29032	0.18625	0.13043	0.01586	0.02119	0.01091	0.00741	0.00429	0.00465	0.00130	0.05100	0.00405	0.01203	0.00575
40	0.01223	0.02444	0.21180	0.02497	0.02899	0.02094	0.19536	0.06079	0.01978	0.29221	0.01032	0.01080	0.00710	0.00427	0.00447	0.00127	0.04492	0.00376	0.00303	0.01856
41	0.00489	0.00350	0.00464	0.00546	0.00576	0.00326	0.00367	0.00567	0.00789	0.01057	0.08337	0.78282	0.03966	0.01206	0.00503	0.00158	0.00226	0.01092	0.00373	0.00326
42	0.00917	0.07399	0.46456	0.02606	0.08023	0.00981	0.05142	0.07425	0.08832	0.02499	0.02237	0.00964	0.00663	0.00405	0.00392	0.00122	0.01776	0.00330	0.00222	0.02606
43	0.00483	0.00346	0.00459	0.00550	0.00574	0.00322	0.00367	0.00552	0.00761	0.01013	0.02213	0.84574	0.03837	0.01239	0.00506	0.00161	0.00230	0.01123	0.00368	0.00322
44	0.00859	0.02060	0.05149	0.36053	0.30709	0.00858	0.01045	0.01100	0.00848	0.03706	0.02725	0.03411	0.00751	0.00435	0.00421	0.00126	0.03163	0.01275	0.04793	0.00512
45	0.00822	0.00705	0.00822	0.00587	0.00940	0.00529	0.00470	0.00998	0.00822	0.01292	0.00705	0.00822	0.00587	0.00294	0.00294	0.00059	0.00294	0.00235	0.00235	0.88490
46	0.01151	0.33430	0.18556	0.00910	0.02555	0.02256	0.03696	0.24254	0.04488	0.04020	0.00785	0.00845	0.00603	0.00399	0.00341	0.00108	0.00466	0.00297	0.00255	0.00584
47	0.02565	0.00384	0.00503	0.00591	0.02035	0.00366	0.00392	0.01919	0.00782	0.02578	0.02078	0.78262	0.02459	0.02402	0.00516	0.00161	0.00243	0.01059	0.00363	0.00341
48	0.01779	0.00675	0.00920	0.00705	0.01012	0.00583	0.00583	0.01932	0.01135	0.83867	0.01564	0.01350	0.00981	0.00491	0.00399	0.00123	0.00337	0.00399	0.00491	0.00675
49	0.01036	0.00945	0.01560	0.06281	0.60680	0.03748	0.08541	0.01283	0.02190	0.07497	0.00862	0.01057	0.01738	0.00377	0.00400	0.00120	0.00484	0.00372	0.00224	0.00604
50	0.00549	0.00405	0.00514	0.00486	0.00585	0.00369	0.00365	0.00725	0.01095	0.01524	0.73312	0.03070	0.13853	0.00835	0.00468	0.00126	0.00189	0.00732	0.00428	0.00369
51	0.88866	0.00767	0.00583	0.00521	0.00767	0.00889	0.00429	0.01166	0.00675	0.01779	0.00552	0.00644	0.00429	0.00368	0.00245	0.00123	0.00307	0.00215	0.00245	0.00429
52	0.01063	0.00823	0.03493	0.00741	0.00967	0.00863	0.00603	0.23848	0.31820	0.05396	0.08426	0.05317	0.01285	0.00559	0.00393	0.00124	0.00324	0.00459	0.12926	0.00569
53	0.00847	0.02039	0.77761	0.01122	0.01679	0.07221	0.01412	0.01280	0.00859	0.01234	0.00704	0.00828	0.00503	0.00379	0.00375	0.00124	0.00596	0.00290	0.00170	0.00576
54	0.00477	0.00400	0.00404	0.00404	0.00528	0.00338	0.00297	0.00570	0.00879	0.01048	0.03808	0.03724	0.77249	0.07418	0.00585	0.00153	0.00215	0.00817	0.00359	0.00328
55	0.00746	0.00698	0.01175	0.82883	0.02680	0.00870	0.01089	0.01008	0.00796	0.01018	0.00742	0.01147	0.00575	0.00415	0.00400	0.00133	0.00524	0.02481	0.00181	0.00438
56	0.00554	0.00405	0.00520	0.00491	0.00588	0.00371	0.00369	0.00735	0.01106	0.01551	0.77399	0.03026	0.09750	0.00825	0.00468	0.00125	0.00188	0.00726	0.00431	0.00371
57	0.00541	0.00404	0.00502	0.00478	0.00580	0.00366	0.00358	0.00709	0.01075	0.01477	0.66138	0.03147	0.21056	0.00853	0.00468	0.00127	0.00190	0.00743	0.00422	0.00366
58	0.88866	0.00767	0.00583	0.00521	0.00767	0.00889	0.00429	0.01166	0.00675	0.01779	0.00552	0.00644	0.00429	0.00368	0.00245	0.00123	0.00307	0.00215	0.00245	0.00429
59	0.01481	0.01890	0.01124	0.01021	0.01226	0.84474	0.00766	0.01583	0.01124	0.00970	0.00613	0.00715	0.00511	0.00409	0.00358	0.00102	0.00715	0.00255	0.00204	0.00460
60	0.01060	0.86304	0.02078	0.00678	0.01018	0.01569	0.00678	0.01187	0.00806	0.00933	0.00551	0.00636	0.00509	0.00339	0.00254	0.00085	0.00424	0.00212	0.00170	0.00509
61	0.01645	0.00802	0.00927	0.00730	0.01013	0.07536	0.00595	0.11113	0.01195	0.61437	0.01395	0.01261	0.00910	0.00480	0.00386	0.00118	0.00368	0.00380	0.07075	0.00634
62	0.88866	0.00767	0.00583	0.00521	0.00767	0.00889	0.00429	0.01166	0.00675	0.01779	0.00552	0.00644	0.00429	0.00368	0.00245	0.00123	0.00307	0.00215	0.00245	0.00429
63	0.00795	0.02051	0.84011	0.01130	0.01716	0.00921	0.01465	0.01256	0.00837	0.01256	0.00712	0.00837	0.00502	0.00377	0.00377	0.00126	0.00586	0.00293	0.00167	0.00586
64	0.00981	0.00942	0.01609	0.02434	0.83592	0.00942	0.01217	0.01217	0.00903	0.01295	0.00746	0.00981	0.00628	0.00353	0.00393	0.00118	0.00471	0.00353	0.00196	0.00628
65	0.00483	0.00345	0.00460	0.00552	0.00575	0.00322	0.00368	0.00552	0.00759	0.01012	0.02185	0.85807	0.02622	0.01242	0.00506	0.00161	0.00230	0.01127	0.00368	0.00322
66	0.01507	0.01111	0.01190	0.00912	0.01230	0.01230	0.00754	0.82270	0.01864	0.02499	0.00952	0.00952	0.00674	0.00476	0.00397	0.00119	0.00436	0.00357	0.00397	0.00674
67	0.00469	0.00402	0.00402	0.00402	0.00536	0.00335	0.00301	0.00569	0.00904	0.01071	0.04017	0.03816	0.83432	0.01004	0.00469	0.00134	0.00201	0.00837	0.00368	0.00335
68	0.00495	0.00353	0.00474	0.00566	0.00594	0.00332	0.00388	0.00572	0.00771	0.01025	0.02179	0.79674	0.02597	0.01231	0.00509	0.00163	0.00240	0.07144	0.00368	0.00325
69	0.01664	0.00859	0.01034	0.00793	0.01104	0.00856	0.00655	0.35873	0.01443	0.49491	0.01306	0.01182	0.00852	0.00484	0.00398	0.00121	0.00379	0.00381	0.00451	0.00675
70	0.88866	0.00767	0.00583	0.00521	0.00767	0.00889	0.00429	0.01166	0.00675	0.01779	0.00552	0.00644	0.00429	0.00368	0.00245	0.00123	0.00307	0.00215	0.00245	0.00429
71	0.00565	0.00388	0.00437	0.00434	0.00454	0.00379	0.00256	0.00589	0.00649	0.00860	0.07709	0.02740	0.09503	0.71453	0.01752	0.00341	0.00352	0.00612	0.00267	0.00259
72	0.00469	0.00402	0.00402	0.00402	0.00536	0.00335	0.00301	0.00569	0.00904	0.01071	0.04017	0.03816	0.83432	0.01004	0.00469	0.00134	0.00201	0.00837	0.00368	0.00335
73	0.01507	0.01111	0.01190	0.00912	0.01230	0.01230	0.00754	0.82270	0.01864	0.02499	0.00952	0.00952	0.00674	0.00476	0.00397	0.00119	0.00436	0.00357	0.00397	0.00674
74	0.00749	0.00705	0.01189	0.85113	0.02731	0.00881	0.01101	0.01013	0.00793	0.01013	0.00705	0.01057	0.00529	0.00396	0.00396	0.00132	0.00529	0.00352	0.00176	0.00440
75	0.00490	0.00361	0.00460	0.00528	0.00576	0.00331	0.00365	0.00575	0.00812	0.01065	0.07925	0.64489	0.16063	0.01170	0.00498	0.00155	0.00226	0.03208	0.00373	0.00329
76	0.01068	0.84612	0.02059	0.00685	0.01022	0.03231	0.00680	0.01195	0.00812	0.00934	0.00552	0.00638	0.00509	0.00341	0.00256	0.00085	0.00430	0.00213	0.00170	0.00508
77	0.00749	0.00705	0.01189	0.85113	0.02731	0.00881	0.01101	0.01013	0.00793	0.01013	0.00705	0.01057	0.00529	0.00396	0.00396	0.00132	0.00529	0.00352	0.00176	0.00440
78	0.01471	0.03819	0.01145	0.01014	0.01221	0.82579	0.00764	0.01574	0.01116	0.00970	0.00611	0.00713	0.00511	0.00407	0.00355	0.00102	0.00708	0.00254	0.00203	0.00461
79	0.01660	0.00693	0.00916	0.00705	0.01011	0.00610	0.00579	0.03082	0.05497	0.72015	0.01493	0.01311	0.00959	0.00478	0.00391	0.00118	0.00334	0.00388	0.00465	0.07294
80	0.00822	0.00705	0.00822	0.00587	0.00940	0.00529	0.00470	0.00998	0.00822	0.01292	0.00705	0.00822	0.00587	0.00294	0.00294	0.00059	0.00294	0.00235	0.00235	0.88490
81	0.01006	0.64847	0.17242	0.00756	0.01126	0.01375	0.00808	0.01192	0.00810	0.02884	0.00632	0.00759	0.00552	0.02734	0.01764	0.00111	0.00462	0.00245	0.00179	0.00517
82	0.00572	0.00427	0.00637	0.00644	0.00717	0.00493	0.00506	0.00717	0.00658	0.00940	0.01140	0.01777	0.01089	0.02832	0.78165	0.00603	0.01009	0.06495	0.00224	0.00355
83	0.82277	0.00851	0.00624	0.00559	0.00801	0.07192	0.00455	0.01197	0.00709	0.01718	0.00557	0.00649	0.00436	0.00371	0.00254	0.00121	0.00337	0.00218	0.00242	0.00432
84	0.12222	0.09887	0.27754	0.00840	0.01204	0.03325	0.00868	0.13490	0.02119	0.13032	0.02153	0.02360	0.02897	0.03024	0.00423	0.00128	0.01897	0.00342	0.00277	0.01758

[dist]
# distance from previous block
# <min> <max>
0	2

[block]
# block no. 3 follows, 68 sequences, length 63
# corresponding to MSA columns:
# 258-320
name=unknown_D
#
# <colnr> <probs for GDERKNQSTAVLIFYWHMCP>
#	G	D	E	R	K	N	Q	S	T	A	V	L	I	F	Y	W	H	M	C	P
0	0.00670	0.00445	0.00658	0.00640	0.00729	0.00501	0.00499	0.00810	0.00678	0.07967	0.01108	0.01557	0.00998	0.04165	0.75955	0.00589	0.00989	0.00425	0.00237	0.00379
1	0.01481	0.01890	0.01124	0.01021	0.01226	0.84474	0.00766	0.01583	0.01124	0.00970	0.00613	0.00715	0.00511	0.00409	0.00358	0.00102	0.00715	0.00255	0.00204	0.00460
2	0.01060	0.86304	0.02078	0.00678	0.01018	0.01569	0.00678	0.01187	0.00806	0.00933	0.00551	0.00636	0.00509	0.00339	0.00254	0.00085	0.00424	0.00212	0.00170	0.00509
3	0.00577	0.00384	0.00432	0.00432	0.00432	0.00384	0.00240	0.00577	0.00577	0.00769	0.01249	0.02595	0.01441	0.86066	0.02018	0.00384	0.00384	0.00577	0.00240	0.00240
4	0.01481	0.01890	0.01124	0.01021	0.01226	0.84474	0.00766	0.01583	0.01124	0.00970	0.00613	0.00715	0.00511	0.00409	0.00358	0.00102	0.00715	0.00255	0.00204	0.00460
5	0.00986	0.00852	0.00897	0.00807	0.01031	0.00986	0.00628	0.02107	0.82876	0.01659	0.01614	0.01479	0.01210	0.00538	0.00403	0.00134	0.00314	0.00448	0.00403	0.00628
6	0.00808	0.02034	0.82527	0.01126	0.01707	0.00926	0.01452	0.02708	0.00856	0.01278	0.00716	0.00839	0.00505	0.00378	0.00377	0.00125	0.00583	0.00294	0.00172	0.00588
7	0.00566	0.00425	0.00637	0.00637	0.00708	0.00496	0.00496	0.00708	0.00637	0.00920	0.01062	0.01558	0.00991	0.02974	0.84494	0.00637	0.01062	0.00425	0.00212	0.00354
8	0.00475	0.00402	0.00418	0.00420	0.00547	0.00345	0.00315	0.00578	0.00884	0.01060	0.03792	0.05094	0.76652	0.01137	0.05948	0.00167	0.00257	0.00815	0.00358	0.00336
9	0.00973	0.01072	0.02265	0.01622	0.02017	0.01017	0.76845	0.06551	0.00996	0.01350	0.00812	0.01062	0.00606	0.00343	0.00463	0.00133	0.00653	0.00461	0.00213	0.00544
10	0.09180	0.00683	0.00891	0.00690	0.00991	0.00609	0.00570	0.01867	0.01096	0.76890	0.01478	0.01290	0.00935	0.00480	0.00386	0.00123	0.00335	0.00383	0.00470	0.00654
11	0.01761	0.00703	0.00938	0.00719	0.01026	0.00625	0.00594	0.07170	0.01182	0.78562	0.01524	0.01324	0.00961	0.00490	0.00399	0.00122	0.00344	0.00396	0.00485	0.00675
12	0.01675	0.00652	0.00887	0.00688	0.00976	0.00565	0.00565	0.01832	0.01134	0.76874	0.08518	0.01487	0.01216	0.00518	0.00405	0.00123	0.00325	0.00426	0.00486	0.00649
13	0.01542	0.01102	0.01149	0.00891	0.01200	0.06569	0.00731	0.66149	0.01717	0.13399	0.01013	0.00990	0.00705	0.00474	0.00394	0.00118	0.00441	0.00356	0.00397	0.00660
14	0.01779	0.00675	0.00920	0.00705	0.01012	0.00583	0.00583	0.01932	0.01135	0.83867	0.01564	0.01350	0.00981	0.00491	0.00399	0.00123	0.00337	0.00399	0.00491	0.00675
15	0.01468	0.01081	0.01160	0.00900	0.01209	0.01198	0.00740	0.74102	0.08701	0.03836	0.01018	0.01003	0.00725	0.00481	0.00397	0.00120	0.00424	0.00365	0.00399	0.00670
16	0.81377	0.00733	0.00565	0.00509	0.00741	0.00845	0.00416	0.01145	0.00688	0.01753	0.00615	0.00715	0.00479	0.00376	0.00248	0.00120	0.00296	0.00228	0.07726	0.00424
17	0.88866	0.00767	0.00583	0.00521	0.00767	0.00889	0.00429	0.01166	0.00675	0.01779	0.00552	0.00644	0.00429	0.00368	0.00245	0.00123	0.00307	0.00215	0.00245	0.00429
18	0.01507	0.01111	0.01190	0.00912	0.01230	0.01230	0.00754	0.82270	0.01864	0.02499	0.00952	0.00952	0.00674	0.00476	0.00397	0.00119	0.00436	0.00357	0.00397	0.00674
19	0.01507	0.01111	0.01190	0.00912	0.01230	0.01230	0.00754	0.82270	0.01864	0.02499	0.00952	0.00952	0.00674	0.00476	0.00397	0.00119	0.00436	0.00357	0.00397	0.00674
20	0.88866	0.00767	0.00583	0.00521	0.00767	0.00889	0.00429	0.01166	0.00675	0.01779	0.00552	0.00644	0.00429	0.00368	0.00245	0.00123	0.00307	0.00215	0.00245	0.00429
21	0.01507	0.01111	0.01190	0.00912	0.01230	0.01230	0.00754	0.82270	0.01864	0.02499	0.00952	0.00952	0.00674	0.00476	0.00397	0.00119	0.00436	0.00357	0.00397	0.00674
22	0.00822	0.00705	0.00822	0.00587	0.00940	0.00529	0.00470	0.00998	0.00822	0.01292	0.00705	0.00822	0.00587	0.00294	0.00294	0.00059	0.00294	0.00235	0.00235	0.88490
23	0.00553	0.00405	0.00519	0.00491	0.00588	0.00371	0.00368	0.00733	0.01104	0.01546	0.76638	0.03034	0.10514	0.00827	0.00468	0.00125	0.00188	0.00727	0.00431	0.00371
24	0.00546	0.00405	0.00509	0.00483	0.00583	0.00368	0.00362	0.00719	0.01086	0.01504	0.70281	0.03103	0.16897	0.00843	0.00468	0.00126	0.00189	0.00737	0.00425	0.00368
25	0.01333	0.15292	0.08310	0.00966	0.01225	0.60388	0.00805	0.01516	0.04760	0.01020	0.00657	0.00748	0.00541	0.00401	0.00345	0.00103	0.00640	0.00260	0.00205	0.00486
26	0.00656	0.01015	0.28621	0.00795	0.04039	0.00605	0.03453	0.02768	0.00933	0.01257	0.12956	0.02430	0.34332	0.00705	0.00433	0.00130	0.00363	0.02630	0.01429	0.00451
27	0.08503	0.61314	0.06435	0.00730	0.01038	0.05136	0.00711	0.02125	0.00807	0.01046	0.00599	0.02045	0.00545	0.00423	0.01532	0.00106	0.05979	0.00247	0.00184	0.00496
28	0.88866	0.00767	0.00583	0.00521	0.00767	0.00889	0.00429	0.01166	0.00675	0.01779	0.00552	0.00644	0.00429	0.00368	0.00245	0.00123	0.00307	0.00215	0.00245	0.00429
29	0.00892	0.04027	0.01139	0.01091	0.11511	0.15735	0.06078	0.01036	0.00776	0.01006	0.00787	0.01128	0.00717	0.02581	0.30362	0.00315	0.19813	0.00365	0.00198	0.00441
30	0.01426	0.00588	0.00781	0.00627	0.00868	0.00518	0.00507	0.01590	0.01097	0.58605	0.16962	0.01669	0.01506	0.00548	0.00397	0.00119	0.00291	0.00455	0.10863	0.00582
31	0.00555	0.00410	0.00519	0.00493	0.00592	0.00377	0.00369	0.00743	0.02296	0.01518	0.71204	0.04690	0.13074	0.00838	0.00468	0.00127	0.00191	0.00735	0.00427	0.00372
32	0.01779	0.00675	0.00920	0.00705	0.01012	0.00583	0.00583	0.01932	0.01135	0.83867	0.01564	0.01350	0.00981	0.00491	0.00399	0.00123	0.00337	0.00399	0.00491	0.00675
33	0.00482	0.00347	0.00458	0.00546	0.00574	0.00323	0.00365	0.00553	0.00765	0.01014	0.02258	0.82568	0.05815	0.01233	0.00505	0.00160	0.00229	0.01116	0.00368	0.00323
34	0.00936	0.01070	0.02340	0.01671	0.02072	0.01003	0.82152	0.01270	0.00936	0.01270	0.00802	0.01070	0.00602	0.00334	0.00468	0.00134	0.00668	0.00468	0.00201	0.00535
35	0.01675	0.00652	0.00887	0.00688	0.00976	0.00565	0.00565	0.01832	0.01134	0.76874	0.08518	0.01487	0.01216	0.00518	0.00405	0.00123	0.00325	0.00426	0.00486	0.00649
36	0.88866	0.00767	0.00583	0.00521	0.00767	0.00889	0.00429	0.01166	0.00675	0.01779	0.00552	0.00644	0.00429	0.00368	0.00245	0.00123	0.00307	0.00215	0.00245	0.00429
37	0.88866	0.00767	0.00583	0.00521	0.00767	0.00889	0.00429	0.01166	0.00675	0.01779	0.00552	0.00644	0.00429	0.00368	0.00245	0.00123	0.00307	0.00215	0.00245	0.00429
38	0.01405	0.01094	0.01130	0.00888	0.01169	0.06627	0.00726	0.67461	0.01713	0.02272	0.07922	0.01104	0.00919	0.00507	0.00429	0.00120	0.03126	0.00381	0.00380	0.00627
39	0.01170	0.01022	0.00995	0.00855	0.01102	0.09420	0.00674	0.22654	0.53861	0.01805	0.01343	0.01267	0.01002	0.00509	0.00397	0.00127	0.00386	0.00405	0.00382	0.00623
40	0.00874	0.03689	0.70584	0.01118	0.01650	0.09020	0.03437	0.01303	0.02501	0.01230	0.00719	0.00840	0.00520	0.00381	0.00375	0.00123	0.00592	0.00295	0.00177	0.00572
41	0.09098	0.00774	0.00943	0.00734	0.01034	0.00749	0.00605	0.17475	0.04269	0.58040	0.01361	0.01217	0.00883	0.00479	0.00385	0.00122	0.00353	0.00377	0.00448	0.00652
42	0.01548	0.01046	0.01150	0.00881	0.01197	0.01133	0.00728	0.70276	0.01755	0.14647	0.01043	0.01011	0.00720	0.00478	0.00397	0.00120	0.00422	0.00363	0.00411	0.00674
43	0.00999	0.00828	0.00871	0.00777	0.00996	0.00950	0.00606	0.07233	0.70622	0.01698	0.01543	0.01445	0.01159	0.00527	0.00392	0.00130	0.00311	0.00436	0.07870	0.00609
44	0.01060	0.86304	0.02078	0.00678	0.01018	0.01569	0.00678	0.01187	0.00806	0.00933	0.00551	0.00636	0.00509	0.00339	0.00254	0.00085	0.00424	0.00212	0.00170	0.00509
45	0.00576	0.00387	0.00445	0.00445	0.00450	0.00391	0.00256	0.00585	0.00580	0.00778	0.01238	0.02530	0.01413	0.80870	0.07175	0.00400	0.00427	0.00567	0.00239	0.00247
46	0.00577	0.00384	0.00432	0.00432	0.00432	0.00384	0.00240	0.00577	0.00577	0.00769	0.01249	0.02595	0.01441	0.86066	0.02018	0.00384	0.00384	0.00577	0.00240	0.00240
47	0.00486	0.00346	0.00459	0.00548	0.00571	0.00324	0.00364	0.00553	0.00754	0.01005	0.02157	0.83263	0.02586	0.03835	0.00552	0.00168	0.00235	0.01110	0.00364	0.00320
48	0.00816	0.00698	0.00815	0.00587	0.00933	0.00525	0.00468	0.00990	0.00821	0.01287	0.00733	0.02444	0.00626	0.00312	0.00298	0.00061	0.00292	0.00252	0.00237	0.86807
49	0.00519	0.00374	0.00492	0.00525	0.00582	0.00346	0.00370	0.00644	0.00930	0.01282	0.39998	0.45922	0.04460	0.01037	0.00488	0.00144	0.00210	0.00932	0.00400	0.00346
50	0.00930	0.20218	0.01100	0.00740	0.00893	0.17047	0.00601	0.04355	0.00802	0.00968	0.00773	0.01082	0.00711	0.02473	0.28255	0.11905	0.06216	0.00327	0.00201	0.00403
51	0.00749	0.00705	0.01189	0.85113	0.02731	0.00881	0.01101	0.01013	0.00793	0.01013	0.00705	0.01057	0.00529	0.00396	0.00396	0.00132	0.00529	0.00352	0.00176	0.00440
52	0.06788	0.00539	0.00605	0.00507	0.00719	0.00457	0.00395	0.00863	0.00924	0.06067	0.20211	0.02324	0.29227	0.00664	0.00394	0.00107	0.00242	0.00553	0.00340	0.28074
53	0.00643	0.00509	0.00743	0.00957	0.17508	0.00503	0.00567	0.03015	0.00839	0.02161	0.06090	0.58574	0.02147	0.00994	0.00497	0.00149	0.02470	0.00897	0.00334	0.00404
54	0.00749	0.00705	0.01189	0.85113	0.02731	0.00881	0.01101	0.01013	0.00793	0.01013	0.00705	0.01057	0.00529	0.00396	0.00396	0.00132	0.00529	0.00352	0.00176	0.00440
55	0.01759	0.00679	0.00920	0.00708	0.01013	0.00593	0.00584	0.01937	0.03234	0.81756	0.01565	0.01353	0.00987	0.00492	0.00399	0.00123	0.00337	0.00400	0.00488	0.00674
56	0.00483	0.00345	0.00460	0.00552	0.00575	0.00322	0.00368	0.00552	0.00759	0.01012	0.02185	0.85807	0.02622	0.01242	0.00506	0.00161	0.00230	0.01127	0.00368	0.00322
57	0.00989	0.02120	0.08212	0.14728	0.22434	0.16124	0.19267	0.01270	0.03943	0.01184	0.01726	0.01998	0.02447	0.00407	0.00415	0.00123	0.01496	0.00381	0.00209	0.00528
58	0.00754	0.00395	0.00417	0.02080	0.01828	0.00400	0.00315	0.02047	0.00846	0.01480	0.01268	0.01455	0.00996	0.00459	0.00283	0.00094	0.00200	0.00369	0.83936	0.00379
59	0.00501	0.00406	0.00445	0.00442	0.00560	0.00354	0.00329	0.00637	0.02239	0.01206	0.23627	0.09113	0.56818	0.00965	0.00470	0.00133	0.00201	0.00820	0.00386	0.00348
60	0.00911	0.01005	0.02118	0.10533	0.09040	0.00971	0.65054	0.01224	0.00914	0.01240	0.00815	0.02773	0.00637	0.00361	0.00455	0.00133	0.00628	0.00459	0.00201	0.00528
61	0.02189	0.03346	0.11889	0.04221	0.07868	0.30059	0.13574	0.06987	0.04027	0.08006	0.00855	0.03654	0.00676	0.00429	0.00390	0.00118	0.00574	0.00357	0.00246	0.00535
62	0.26432	0.18731	0.04408	0.00887	0.06592	0.22842	0.01697	0.08948	0.00965	0.02559	0.00657	0.00752	0.00528	0.00385	0.00311	0.00109	0.00474	0.00259	0.01965	0.00500

[dist]
# distance from previous block
# <min> <max>
0	4

[block]
# block no. 4 follows, 68 sequences, length 56
# corresponding to MSA columns:
# 325-380
name=unknown_E
#
# <colnr> <probs for GDERKNQSTAVLIFYWHMCP>
#	G	D	E	R	K	N	Q	S	T	A	V	L	I	F	Y	W	H	M	C	P
0	0.00868	0.04966	0.29462	0.02410	0.27643	0.00919	0.13696	0.01220	0.04682	0.01260	0.01913	0.03463	0.04858	0.00429	0.00401	0.00124	0.00508	0.00399	0.00212	0.00566
1	0.00922	0.03183	0.03673	0.00737	0.04449	0.00646	0.02489	0.03888	0.04467	0.06006	0.00801	0.00893	0.00637	0.00329	0.00318	0.00075	0.00331	0.00269	0.00256	0.65632
2	0.00499	0.00403	0.00444	0.00434	0.00554	0.00348	0.00325	0.00628	0.00976	0.01243	0.30249	0.03533	0.57092	0.00940	0.00468	0.00131	0.00196	0.00797	0.00391	0.00348
3	0.01006	0.00857	0.00905	0.00807	0.01033	0.00988	0.00630	0.06298	0.77121	0.01702	0.03074	0.01479	0.01228	0.00540	0.00404	0.00133	0.00318	0.00448	0.00404	0.00625
4	0.00749	0.00705	0.01189	0.85113	0.02731	0.00881	0.01101	0.01013	0.00793	0.01013	0.00705	0.01057	0.00529	0.00396	0.00396	0.00132	0.00529	0.00352	0.00176	0.00440
5	0.88866	0.00767	0.00583	0.00521	0.00767	0.00889	0.00429	0.01166	0.00675	0.01779	0.00552	0.00644	0.00429	0.00368	0.00245	0.00123	0.00307	0.00215	0.00245	0.00429
6	0.01058	0.22949	0.01231	0.00784	0.01048	0.01161	0.00653	0.10002	0.53460	0.01556	0.01272	0.01208	0.00975	0.00480	0.00364	0.00120	0.00355	0.00378	0.00342	0.00602
7	0.00469	0.00402	0.00402	0.00402	0.00536	0.00335	0.00301	0.00569	0.00904	0.01071	0.04017	0.03816	0.83432	0.01004	0.00469	0.00134	0.00201	0.00837	0.00368	0.00335
8	0.00933	0.01087	0.03830	0.01661	0.02066	0.01001	0.80680	0.01270	0.00934	0.01270	0.00800	0.01065	0.00600	0.00335	0.00466	0.00134	0.00667	0.00465	0.00200	0.00536
9	0.00697	0.00545	0.00642	0.00598	0.00732	0.00567	0.00458	0.01174	0.26664	0.01584	0.51913	0.03483	0.03973	0.00734	0.00447	0.00129	0.00232	0.02854	0.02122	0.00452
10	0.00907	0.01264	0.19640	0.01562	0.05659	0.00987	0.58049	0.01271	0.02270	0.01267	0.00787	0.01018	0.00590	0.00356	0.00463	0.00132	0.02609	0.00422	0.00196	0.00549
11	0.00687	0.00345	0.00515	0.00515	0.00515	0.00345	0.00342	0.00518	0.00518	0.00690	0.00699	0.01232	0.00703	0.02997	0.01559	0.86780	0.00345	0.00349	0.00173	0.00173
12	0.00723	0.00669	0.04868	0.00736	0.00892	0.04352	0.08051	0.04884	0.05901	0.03416	0.05386	0.30622	0.14236	0.02905	0.00508	0.00152	0.00342	0.10600	0.00342	0.00414
13	0.00502	0.00370	0.00494	0.00572	0.00593	0.00364	0.00388	0.00571	0.00749	0.01005	0.02091	0.80292	0.02503	0.02904	0.00572	0.00166	0.04100	0.01081	0.00357	0.00325
14	0.00887	0.00970	0.09339	0.20893	0.51813	0.00899	0.03083	0.01146	0.00866	0.01214	0.00800	0.04841	0.00684	0.00405	0.00399	0.00124	0.00489	0.00385	0.00197	0.00566
15	0.00866	0.00703	0.00827	0.00593	0.00943	0.00531	0.00475	0.01041	0.00836	0.05044	0.00744	0.00846	0.00605	0.00303	0.00298	0.00062	0.00296	0.00242	0.00247	0.84499
16	0.00573	0.00398	0.00503	0.00503	0.00527	0.00423	0.00328	0.00622	0.00597	0.00821	0.01185	0.02238	0.01287	0.57472	0.30400	0.00471	0.00618	0.00524	0.00231	0.00279
17	0.01102	0.71458	0.05844	0.00744	0.01078	0.12191	0.00727	0.01241	0.00848	0.00953	0.00567	0.00656	0.00509	0.00350	0.00273	0.00089	0.00469	0.00221	0.00174	0.00506
18	0.00824	0.01881	0.71364	0.01330	0.14282	0.00924	0.01427	0.01250	0.00847	0.01262	0.00717	0.00859	0.00522	0.00373	0.00379	0.00124	0.00568	0.00302	0.00172	0.00592
19	0.00739	0.00370	0.00370	0.00370	0.00462	0.00370	0.00277	0.00924	0.00831	0.01478	0.01293	0.01478	0.01016	0.00462	0.00277	0.00092	0.00185	0.00370	0.88267	0.00370
20	0.00808	0.00726	0.01191	0.65748	0.09360	0.00860	0.02487	0.02985	0.02529	0.03245	0.03718	0.01196	0.02631	0.00428	0.00402	0.00130	0.00495	0.00382	0.00210	0.00469
21	0.00749	0.00705	0.01189	0.85113	0.02731	0.00881	0.01101	0.01013	0.00793	0.01013	0.00705	0.01057	0.00529	0.00396	0.00396	0.00132	0.00529	0.00352	0.00176	0.00440
