[name]
unknown

[dist]
# distance from previous block
# <min> <max>
0	5

[block]
# block no. 0 follows, 73 sequences, length 45
# corresponding to MSA columns:
# 5-20,22-50
name=unknown_A
#
# <colnr> <probs for GDERKNQSTAVLIFYWHMCP>
#	G	D	E	R	K	N	Q	S	T	A	V	L	I	F	Y	W	H	M	C	P
0	0.00791	0.12051	0.11220	0.00737	0.00939	0.00693	0.00700	0.07032	0.03247	0.05248	0.01518	0.06419	0.01545	0.00779	0.00439	0.00145	0.00375	0.45386	0.00307	0.00430
1	0.00945	0.67705	0.10633	0.00665	0.00979	0.01290	0.00679	0.01087	0.00750	0.02554	0.00622	0.00818	0.00577	0.08864	0.00420	0.00113	0.00412	0.00246	0.00173	0.00467
2	0.00548	0.03730	0.07626	0.00537	0.00632	0.00440	0.00422	0.00641	0.00679	0.00917	0.03016	0.31236	0.07794	0.27018	0.10180	0.00255	0.00382	0.00685	0.00270	0.02993
3	0.00946	0.03566	0.31486	0.00900	0.01251	0.02250	0.06336	0.09650	0.19862	0.09187	0.03327	0.05794	0.02810	0.00477	0.00379	0.00121	0.00426	0.00400	0.00284	0.00548
4	0.00705	0.00452	0.00576	0.00531	0.00666	0.00399	0.00396	0.00860	0.02924	0.12404	0.29740	0.29399	0.04689	0.00785	0.00419	0.00120	0.00228	0.00693	0.00368	0.13648
5	0.00841	0.15055	0.67573	0.00982	0.01486	0.00949	0.01227	0.01212	0.00802	0.05571	0.00693	0.00788	0.00500	0.00357	0.00340	0.00113	0.00518	0.00271	0.00175	0.00548
6	0.00848	0.00686	0.00810	0.03014	0.00955	0.00547	0.00480	0.05336	0.00842	0.04712	0.00713	0.00811	0.00574	0.00297	0.00290	0.00063	0.00293	0.00238	0.00239	0.78253
7	0.01275	0.02928	0.01037	0.00882	0.01108	0.41693	0.00686	0.20570	0.23343	0.01427	0.00906	0.00921	0.00696	0.00433	0.00357	0.00108	0.00509	0.00312	0.00285	0.00525
8	0.00457	0.00329	0.00433	0.00517	0.00543	0.00305	0.00346	0.00523	0.00724	0.00960	0.02139	0.83170	0.05836	0.01166	0.00477	0.00151	0.00217	0.01055	0.00348	0.00305
9	0.02220	0.02579	0.21773	0.06084	0.24892	0.02523	0.10295	0.03017	0.00792	0.01146	0.00648	0.00868	0.00528	0.00419	0.00572	0.00127	0.20499	0.00325	0.00178	0.00515
10	0.01263	0.09464	0.13987	0.00879	0.01207	0.10589	0.00805	0.51285	0.02503	0.01852	0.00798	0.00835	0.00586	0.00415	0.00354	0.00108	0.00459	0.00304	0.00299	0.02008
11	0.00456	0.00350	0.00418	0.00465	0.00531	0.00312	0.00324	0.00540	0.00792	0.01013	0.07805	0.49678	0.33840	0.01064	0.00463	0.00140	0.00205	0.00938	0.00352	0.00312
12	0.00458	0.00378	0.00402	0.00402	0.00517	0.00322	0.00299	0.00564	0.00881	0.01088	0.16405	0.07835	0.67285	0.00933	0.00445	0.00127	0.00189	0.00788	0.00359	0.00322
13	0.02268	0.11863	0.03527	0.01007	0.09684	0.20123	0.05184	0.07956	0.26432	0.01293	0.00950	0.02691	0.00763	0.00481	0.02051	0.00122	0.02479	0.00343	0.00263	0.00524
14	0.01108	0.00979	0.01454	0.01107	0.01353	0.01096	0.25122	0.37465	0.01194	0.01639	0.00752	0.00913	0.00580	0.00465	0.00619	0.00130	0.22853	0.00366	0.00265	0.00540
15	0.00993	0.38543	0.09679	0.03483	0.08861	0.01186	0.00771	0.10392	0.20169	0.01270	0.00833	0.00881	0.00663	0.00385	0.00316	0.00103	0.00400	0.00292	0.00238	0.00541
16	0.01070	0.00874	0.00925	0.00791	0.01028	0.00997	0.00627	0.24505	0.61063	0.01790	0.01353	0.01261	0.01005	0.00493	0.00380	0.00123	0.00329	0.00400	0.00380	0.00606
17	0.00594	0.00509	0.00704	0.00694	0.00712	0.00620	0.00527	0.00671	0.00657	0.00931	0.01414	0.48634	0.01639	0.01132	0.08092	0.00196	0.30913	0.00746	0.00270	0.00345
18	0.00896	0.00858	0.01463	0.14824	0.72211	0.00883	0.01135	0.01123	0.00839	0.01186	0.00700	0.00939	0.00580	0.00340	0.00372	0.00113	0.00454	0.00334	0.00183	0.00568
19	0.00652	0.00326	0.00489	0.00489	0.00489	0.00326	0.00326	0.00489	0.00489	0.00652	0.00652	0.01140	0.00652	0.01303	0.01466	0.89084	0.00326	0.00326	0.00163	0.00163
20	0.00453	0.00380	0.00394	0.00390	0.00513	0.00321	0.00293	0.00557	0.00878	0.01068	0.12738	0.03521	0.75351	0.00930	0.00443	0.00126	0.00189	0.00779	0.00356	0.00321
21	0.00546	0.00364	0.00409	0.00409	0.00409	0.00364	0.00227	0.00546	0.00546	0.00727	0.01182	0.02455	0.01364	0.86815	0.01910	0.00364	0.00364	0.00546	0.00227	0.00227
22	0.00536	0.00383	0.00497	0.00468	0.00557	0.00354	0.00351	0.00713	0.01054	0.01501	0.81856	0.02762	0.03465	0.00757	0.00437	0.00117	0.00177	0.00669	0.02992	0.00354
23	0.89465	0.00726	0.00551	0.00493	0.00726	0.00842	0.00406	0.01103	0.00638	0.01683	0.00522	0.00609	0.00406	0.00348	0.00232	0.00116	0.00290	0.00203	0.00232	0.00406
24	0.89465	0.00726	0.00551	0.00493	0.00726	0.00842	0.00406	0.01103	0.00638	0.01683	0.00522	0.00609	0.00406	0.00348	0.00232	0.00116	0.00290	0.00203	0.00232	0.00406
25	0.00929	0.00891	0.01523	0.02303	0.84475	0.00891	0.01151	0.01151	0.00854	0.01226	0.00706	0.00929	0.00594	0.00334	0.00371	0.00111	0.00446	0.00334	0.00186	0.00594
26	0.89465	0.00726	0.00551	0.00493	0.00726	0.00842	0.00406	0.01103	0.00638	0.01683	0.00522	0.00609	0.00406	0.00348	0.00232	0.00116	0.00290	0.00203	0.00232	0.00406
27	0.89465	0.00726	0.00551	0.00493	0.00726	0.00842	0.00406	0.01103	0.00638	0.01683	0.00522	0.00609	0.00406	0.00348	0.00232	0.00116	0.00290	0.00203	0.00232	0.00406
28	0.00531	0.00383	0.00501	0.00472	0.00560	0.00354	0.00354	0.00708	0.01062	0.01504	0.84277	0.02802	0.03540	0.00767	0.00442	0.00118	0.00177	0.00678	0.00413	0.00354
29	0.89465	0.00726	0.00551	0.00493	0.00726	0.00842	0.00406	0.01103	0.00638	0.01683	0.00522	0.00609	0.00406	0.00348	0.00232	0.00116	0.00290	0.00203	0.00232	0.00406
30	0.00929	0.00891	0.01523	0.02303	0.84475	0.00891	0.01151	0.01151	0.00854	0.01226	0.00706	0.00929	0.00594	0.00334	0.00371	0.00111	0.00446	0.00334	0.00186	0.00594
31	0.00933	0.00806	0.00848	0.00764	0.00976	0.00933	0.00594	0.01994	0.83797	0.01569	0.01527	0.01400	0.01145	0.00509	0.00382	0.00127	0.00297	0.00424	0.00382	0.00594
32	0.00933	0.00806	0.00848	0.00764	0.00976	0.00933	0.00594	0.01994	0.83797	0.01569	0.01527	0.01400	0.01145	0.00509	0.00382	0.00127	0.00297	0.00424	0.00382	0.00594
33	0.01170	0.00924	0.00982	0.00811	0.01066	0.01044	0.00651	0.41079	0.44325	0.01952	0.01226	0.01160	0.00901	0.00481	0.00379	0.00120	0.00353	0.00383	0.00379	0.00615
34	0.01426	0.01051	0.01126	0.00863	0.01163	0.01163	0.00713	0.83224	0.01764	0.02364	0.00901	0.00901	0.00638	0.00450	0.00375	0.00113	0.00413	0.00338	0.00375	0.00638
35	0.01054	0.00692	0.00728	0.00600	0.00791	0.00747	0.00482	0.41048	0.01263	0.01870	0.01066	0.01156	0.00804	0.00444	0.00317	0.00100	0.00291	0.00344	0.45712	0.00490
36	0.01426	0.01051	0.01126	0.00863	0.01163	0.01163	0.00713	0.83224	0.01764	0.02364	0.00901	0.00901	0.00638	0.00450	0.00375	0.00113	0.00413	0.00338	0.00375	0.00638
37	0.00460	0.00375	0.00407	0.00412	0.00520	0.00322	0.00304	0.00566	0.00875	0.01091	0.17330	0.12792	0.61352	0.00944	0.00447	0.00128	0.00191	0.00803	0.00359	0.00322
38	0.01633	0.00720	0.00921	0.00706	0.00998	0.00672	0.00583	0.17882	0.01210	0.68489	0.01366	0.01203	0.00871	0.00462	0.00377	0.00115	0.00338	0.00369	0.00447	0.00638
39	0.00474	0.00387	0.00420	0.00413	0.00529	0.00336	0.00309	0.00605	0.02185	0.01150	0.24897	0.04842	0.60341	0.00899	0.00443	0.00125	0.00189	0.00761	0.00366	0.00331
40	0.00886	0.01012	0.02214	0.01581	0.01961	0.00949	0.83112	0.01202	0.00886	0.01202	0.00759	0.01012	0.00569	0.00316	0.00443	0.00127	0.00633	0.00443	0.00190	0.00506
41	0.00515	0.00368	0.00502	0.00589	0.00636	0.00355	0.00449	0.00623	0.00776	0.01023	0.02036	0.54125	0.02354	0.01121	0.00494	0.00160	0.00268	0.32938	0.00347	0.00321
42	0.01676	0.00651	0.00878	0.00673	0.00964	0.00570	0.00556	0.04284	0.01095	0.82249	0.01463	0.01266	0.00920	0.00464	0.00377	0.00116	0.00322	0.00376	0.00462	0.00638
43	0.00560	0.00448	0.00650	0.00694	0.04085	0.00437	0.06314	0.01956	0.06985	0.01057	0.01890	0.66250	0.03547	0.01013	0.00463	0.00146	0.00267	0.02546	0.00333	0.00359
44	0.01374	0.01052	0.01129	0.03573	0.07262	0.23422	0.07103	0.10489	0.01072	0.32383	0.00971	0.00989	0.00682	0.00431	0.00430	0.00115	0.06330	0.00334	0.00311	0.00548

[dist]
# distance from previous block
# <min> <max>
0	2

[block]
# block no. 1 follows, 73 sequences, length 54
# corresponding to MSA columns:
# 53-106
name=unknown_B
#
# <colnr> <probs for GDERKNQSTAVLIFYWHMCP>
#	G	D	E	R	K	N	Q	S	T	A	V	L	I	F	Y	W	H	M	C	P
0	0.03741	0.06526	0.08144	0.09754	0.03248	0.27676	0.08588	0.08136	0.07786	0.04814	0.00748	0.00866	0.00580	0.00410	0.00425	0.00114	0.07417	0.00307	0.00226	0.00492
1	0.00946	0.13419	0.13065	0.03423	0.53374	0.03987	0.01077	0.04235	0.00872	0.01198	0.00677	0.00854	0.00558	0.00342	0.00350	0.00108	0.00462	0.00304	0.00185	0.00565
2	0.01012	0.01276	0.12602	0.01424	0.10849	0.17640	0.41515	0.06794	0.00964	0.01225	0.00716	0.00900	0.00547	0.00346	0.00398	0.00117	0.00596	0.00362	0.00198	0.00517
3	0.00541	0.00378	0.00482	0.00478	0.00510	0.00395	0.00319	0.00606	0.00632	0.00875	0.12169	0.02196	0.01521	0.49251	0.27663	0.00405	0.00538	0.00519	0.00244	0.00278
4	0.00457	0.00326	0.00435	0.00522	0.00544	0.00305	0.00348	0.00522	0.00718	0.00958	0.02068	0.86570	0.02481	0.01175	0.00479	0.00152	0.00218	0.01067	0.00348	0.00305
5	0.00457	0.00326	0.00435	0.00522	0.00544	0.00305	0.00348	0.00522	0.00718	0.00958	0.02068	0.86570	0.02481	0.01175	0.00479	0.00152	0.00218	0.01067	0.00348	0.00305
6	0.00443	0.00380	0.00380	0.00380	0.00507	0.00317	0.00285	0.00538	0.00855	0.01014	0.03801	0.03611	0.84322	0.00950	0.00443	0.00127	0.00190	0.00792	0.00348	0.00317
7	0.01426	0.01051	0.01126	0.00863	0.01163	0.01163	0.00713	0.83224	0.01764	0.02364	0.00901	0.00901	0.00638	0.00450	0.00375	0.00113	0.00413	0.00338	0.00375	0.00638
8	0.00933	0.00806	0.00848	0.00764	0.00976	0.00933	0.00594	0.01994	0.83797	0.01569	0.01527	0.01400	0.01145	0.00509	0.00382	0.00127	0.00297	0.00424	0.00382	0.00594
9	0.01003	0.87041	0.01966	0.00642	0.00963	0.01485	0.00642	0.01123	0.00762	0.00883	0.00522	0.00602	0.00481	0.00321	0.00241	0.00080	0.00401	0.00201	0.00160	0.00481
10	0.00778	0.00667	0.00778	0.00556	0.00889	0.00500	0.00445	0.00945	0.00778	0.01223	0.00667	0.00778	0.00556	0.00278	0.00278	0.00056	0.00278	0.00222	0.00222	0.89108
11	0.01683	0.00638	0.00871	0.00668	0.00958	0.00551	0.00551	0.01828	0.01074	0.84734	0.01480	0.01277	0.00929	0.00464	0.00377	0.00116	0.00319	0.00377	0.00464	0.00638
12	0.00821	0.00821	0.01149	0.00985	0.00985	0.01149	0.00821	0.00903	0.00575	0.00903	0.00492	0.00821	0.00492	0.00657	0.01231	0.00164	0.86128	0.00328	0.00164	0.00410
13	0.01401	0.01788	0.01063	0.00967	0.01160	0.85309	0.00725	0.01498	0.01063	0.00918	0.00580	0.00677	0.00483	0.00387	0.00338	0.00097	0.00677	0.00242	0.00193	0.00435
14	0.00457	0.00326	0.00435	0.00522	0.00544	0.00305	0.00348	0.00522	0.00718	0.00958	0.02068	0.86570	0.02481	0.01175	0.00479	0.00152	0.00218	0.01067	0.00348	0.00305
15	0.01426	0.01051	0.01126	0.00863	0.01163	0.01163	0.00713	0.83224	0.01764	0.02364	0.00901	0.00901	0.00638	0.00450	0.00375	0.00113	0.00413	0.00338	0.00375	0.00638
16	0.01003	0.87041	0.01966	0.00642	0.00963	0.01485	0.00642	0.01123	0.00762	0.00883	0.00522	0.00602	0.00481	0.00321	0.00241	0.00080	0.00401	0.00201	0.00160	0.00481
17	0.01683	0.00638	0.00871	0.00668	0.00958	0.00551	0.00551	0.01828	0.01074	0.84734	0.01480	0.01277	0.00929	0.00464	0.00377	0.00116	0.00319	0.00377	0.00464	0.00638
18	0.00546	0.00364	0.00409	0.00409	0.00409	0.00364	0.00227	0.00546	0.00546	0.00727	0.01182	0.02455	0.01364	0.86815	0.01910	0.00364	0.00364	0.00546	0.00227	0.00227
19	0.48111	0.06604	0.00646	0.00514	0.00706	0.10046	0.00416	0.01082	0.00737	0.01462	0.00731	0.00844	0.00580	0.00376	0.00253	0.00103	0.00307	0.00250	0.25832	0.00398
20	0.00826	0.01429	0.39325	0.01351	0.01809	0.00914	0.46419	0.01196	0.00844	0.01196	0.00721	0.00913	0.00527	0.00334	0.00404	0.00123	0.00597	0.00368	0.00176	0.00528
21	0.00927	0.00896	0.01547	0.02277	0.81538	0.00893	0.04068	0.01153	0.00855	0.01225	0.00708	0.00932	0.00593	0.00334	0.00374	0.00112	0.00452	0.00338	0.00186	0.00591
22	0.00546	0.00364	0.00409	0.00409	0.00409	0.00364	0.00227	0.00546	0.00546	0.00727	0.01182	0.02455	0.01364	0.86815	0.01910	0.00364	0.00364	0.00546	0.00227	0.00227
23	0.84338	0.02162	0.00596	0.00516	0.00748	0.04401	0.00423	0.01120	0.00658	0.01638	0.00525	0.00612	0.00411	0.00349	0.00237	0.00115	0.00308	0.00205	0.00229	0.00409
24	0.00929	0.00891	0.01523	0.02303	0.84475	0.00891	0.01151	0.01151	0.00854	0.01226	0.00706	0.00929	0.00594	0.00334	0.00371	0.00111	0.00446	0.00334	0.00186	0.00594
25	0.00985	0.75258	0.11261	0.00698	0.01042	0.03596	0.00728	0.01140	0.00773	0.00918	0.00540	0.00625	0.00481	0.00327	0.00256	0.00085	0.00426	0.00210	0.00161	0.00488
26	0.01669	0.00642	0.00870	0.00669	0.00958	0.00559	0.00552	0.01832	0.02633	0.83167	0.01481	0.01279	0.00933	0.00465	0.00377	0.00116	0.00319	0.00378	0.00463	0.00638
27	0.00731	0.00688	0.01148	0.77312	0.08797	0.00841	0.01039	0.01000	0.02918	0.00995	0.00692	0.01005	0.00524	0.00375	0.00375	0.00124	0.00491	0.00336	0.00174	0.00435
28	0.00868	0.00803	0.01344	0.06485	0.55022	0.00785	0.06330	0.01081	0.00850	0.02838	0.04969	0.05199	0.00829	0.00394	0.00374	0.00109	0.00415	0.00382	0.00214	0.10711
29	0.00531	0.00383	0.00501	0.00472	0.00560	0.00354	0.00354	0.00708	0.01062	0.01504	0.84277	0.02802	0.03540	0.00767	0.00442	0.00118	0.00177	0.00678	0.00413	0.00354
30	0.00926	0.11679	0.31511	0.00877	0.01229	0.06686	0.00901	0.04628	0.34978	0.01334	0.01008	0.01015	0.00758	0.00420	0.00352	0.00116	0.00433	0.00328	0.00261	0.00557
31	0.89465	0.00726	0.00551	0.00493	0.00726	0.00842	0.00406	0.01103	0.00638	0.01683	0.00522	0.00609	0.00406	0.00348	0.00232	0.00116	0.00290	0.00203	0.00232	0.00406
32	0.00517	0.00376	0.00495	0.00569	0.00628	0.00358	0.00439	0.00626	0.00787	0.01023	0.02219	0.41409	0.12215	0.03641	0.00533	0.00164	0.00269	0.33071	0.00344	0.00320
33	0.01143	0.23103	0.02222	0.00802	0.03522	0.19510	0.00653	0.16536	0.06725	0.04573	0.00746	0.00800	0.00591	0.00371	0.00314	0.00091	0.00433	0.00266	0.00247	0.17351
34	0.01401	0.01788	0.01063	0.00967	0.01160	0.85309	0.00725	0.01498	0.01063	0.00918	0.00580	0.00677	0.00483	0.00387	0.00338	0.00097	0.00677	0.00242	0.00193	0.00435
35	0.00457	0.00326	0.00435	0.00522	0.00544	0.00305	0.00348	0.00522	0.00718	0.00958	0.02068	0.86570	0.02481	0.01175	0.00479	0.00152	0.00218	0.01067	0.00348	0.00305
36	0.01374	0.01017	0.01098	0.00849	0.01128	0.01131	0.00697	0.77648	0.01682	0.02259	0.00901	0.00960	0.00663	0.03894	0.00460	0.00124	0.02789	0.00346	0.00364	0.00615
37	0.00764	0.00369	0.00384	0.00370	0.00471	0.00363	0.00281	0.00937	0.00806	0.06843	0.01241	0.01391	0.00959	0.00439	0.00270	0.00089	0.00184	0.00351	0.83120	0.00369
38	0.00605	0.00432	0.00605	0.00691	0.00777	0.00432	0.00605	0.00777	0.00864	0.01123	0.01986	0.04232	0.02159	0.01036	0.00518	0.00173	0.00345	0.81949	0.00345	0.00345
39	0.00752	0.01941	0.84871	0.01069	0.01624	0.00871	0.01386	0.01188	0.00792	0.01188	0.00673	0.00792	0.00475	0.00356	0.00356	0.00119	0.00554	0.00277	0.00158	0.00554
40	0.00443	0.00380	0.00380	0.00380	0.00507	0.00317	0.00285	0.00538	0.00855	0.01014	0.03801	0.03611	0.84322	0.00950	0.00443	0.00127	0.00190	0.00792	0.00348	0.00317
41	0.01003	0.87041	0.01966	0.00642	0.00963	0.01485	0.00642	0.01123	0.00762	0.00883	0.00522	0.00602	0.00481	0.00321	0.00241	0.00080	0.00401	0.00201	0.00160	0.00481
42	0.00814	0.00666	0.00782	0.00560	0.00892	0.00502	0.00449	0.00980	0.00790	0.04547	0.00699	0.00798	0.00571	0.00285	0.00282	0.00058	0.00279	0.00228	0.00232	0.85586
43	0.01233	0.06567	0.20091	0.00902	0.01244	0.12020	0.00855	0.44461	0.04224	0.03597	0.00819	0.00854	0.00596	0.00415	0.00358	0.00111	0.00472	0.00307	0.00292	0.00582
44	0.13298	0.00730	0.00878	0.00682	0.00967	0.00709	0.00564	0.17559	0.01150	0.57681	0.01240	0.01115	0.00803	0.00446	0.00358	0.00115	0.00334	0.00346	0.00416	0.00608
45	0.03797	0.00748	0.00914	0.00716	0.00998	0.00734	0.00587	0.19219	0.10780	0.55381	0.01337	0.01194	0.00878	0.00464	0.00374	0.00117	0.00336	0.00370	0.00430	0.00627
46	0.00520	0.00378	0.00503	0.00580	0.00642	0.00362	0.00453	0.00635	0.00797	0.01036	0.02227	0.41307	0.11545	0.01089	0.00492	0.00158	0.00270	0.36333	0.00347	0.00324
47	0.01011	0.01128	0.16059	0.02814	0.31164	0.01934	0.16675	0.17690	0.03104	0.03590	0.00788	0.00934	0.00597	0.00367	0.00383	0.00116	0.00490	0.00348	0.00232	0.00576
48	0.00974	0.69211	0.16346	0.00728	0.01085	0.04362	0.00774	0.01148	0.00778	0.00937	0.00550	0.00638	0.00480	0.00329	0.00264	0.00088	0.00438	0.00215	0.00161	0.00492
49	0.00534	0.00380	0.00508	0.00579	0.00632	0.00369	0.00447	0.00646	0.00785	0.01035	0.06007	0.35935	0.04507	0.09554	0.00635	0.00180	0.00285	0.36325	0.00338	0.00318
50	0.01079	0.01205	0.01304	0.01080	0.03854	0.34535	0.24851	0.05312	0.05220	0.03303	0.04412	0.01256	0.09979	0.00453	0.00391	0.00113	0.00541	0.00399	0.00243	0.00468
51	0.01060	0.34120	0.09403	0.00997	0.06762	0.09101	0.15429	0.02741	0.03084	0.10534	0.00778	0.03033	0.00627	0.00376	0.00333	0.00103	0.00469	0.00314	0.00219	0.00515
52	0.00881	0.02635	0.01375	0.01095	0.01333	0.10570	0.33945	0.07298	0.00962	0.01220	0.01215	0.02192	0.01173	0.00611	0.00450	0.00139	0.00506	0.31691	0.00263	0.00446
53	0.05020	0.00786	0.00894	0.00709	0.00969	0.09395	0.02165	0.09250	0.01085	0.56902	0.02950	0.01247	0.00906	0.05422	0.00458	0.00128	0.00370	0.00370	0.00399	0.00576

[dist]
# distance from previous block
# <min> <max>
4	22

[block]
# block no. 2 follows, 73 sequences, length 30
# corresponding to MSA columns:
# 130-159
name=unknown_C
#
# <colnr> <probs for GDERKNQSTAVLIFYWHMCP>
#	G	D	E	R	K	N	Q	S	T	A	V	L	I	F	Y	W	H	M	C	P
0	0.01969	0.00628	0.01057	0.00903	0.01061	0.03553	0.26456	0.02111	0.00821	0.01092	0.01550	0.40963	0.01699	0.00832	0.00464	0.00144	0.00389	0.13633	0.00291	0.00386
1	0.39060	0.00917	0.01036	0.01208	0.28088	0.08953	0.04186	0.06481	0.04420	0.01480	0.00665	0.00789	0.00528	0.00360	0.00312	0.00113	0.00400	0.00278	0.00227	0.00497
2	0.48220	0.00973	0.00812	0.00680	0.00930	0.11866	0.00552	0.29011	0.01075	0.01815	0.00658	0.00717	0.00495	0.00388	0.00294	0.00112	0.00382	0.00254	0.00276	0.00489
3	0.03158	0.00490	0.00634	0.00606	0.00767	0.00452	0.00508	0.01053	0.00927	0.26539	0.04931	0.03064	0.18980	0.00818	0.00450	0.00143	0.00298	0.35373	0.00382	0.00430
4	0.00543	0.00387	0.00531	0.00615	0.00673	0.00379	0.00490	0.00668	0.00796	0.01045	0.01997	0.37464	0.02267	0.03484	0.00541	0.00170	0.00294	0.46987	0.00343	0.00326
5	0.15219	0.00946	0.01143	0.00931	0.04477	0.10373	0.13898	0.20168	0.01123	0.26629	0.00949	0.00962	0.00659	0.00405	0.00360	0.00115	0.00432	0.00334	0.00322	0.00556
6	0.00940	0.65471	0.22979	0.00750	0.01130	0.01329	0.00831	0.01140	0.00770	0.00960	0.00560	0.00650	0.00480	0.00330	0.00270	0.00090	0.00440	0.00220	0.00160	0.00500
7	0.00499	0.00369	0.00471	0.00523	0.00588	0.00343	0.00391	0.00608	0.00824	0.01081	0.14410	0.39170	0.18209	0.02420	0.00498	0.00150	0.00237	0.18534	0.00355	0.00322
8	0.01081	0.00792	0.00867	0.00753	0.00983	0.00884	0.00594	0.06401	0.66004	0.14999	0.01485	0.01353	0.01083	0.00499	0.00381	0.00125	0.00307	0.00412	0.00395	0.00603
9	0.58665	0.00718	0.00634	0.00555	0.00764	0.00810	0.00442	0.14989	0.00836	0.03091	0.00779	0.07571	0.00697	0.07562	0.00417	0.00139	0.00312	0.00325	0.00269	0.00427
10	0.01433	0.01040	0.01119	0.00858	0.01158	0.01147	0.00709	0.81078	0.01746	0.04536	0.00916	0.00911	0.00646	0.00451	0.00375	0.00113	0.00410	0.00339	0.00378	0.00638
11	0.00443	0.00380	0.00380	0.00380	0.00507	0.00317	0.00285	0.00538	0.00855	0.01014	0.03801	0.03611	0.84322	0.00950	0.00443	0.00127	0.00190	0.00792	0.00348	0.00317
12	0.00778	0.00667	0.00778	0.00556	0.00889	0.00500	0.00445	0.00945	0.00778	0.01223	0.00667	0.00778	0.00556	0.00278	0.00278	0.00056	0.00278	0.00222	0.00222	0.89108
13	0.89465	0.00726	0.00551	0.00493	0.00726	0.00842	0.00406	0.01103	0.00638	0.01683	0.00522	0.00609	0.00406	0.00348	0.00232	0.00116	0.00290	0.00203	0.00232	0.00406
14	0.00458	0.00381	0.00400	0.00395	0.00515	0.00323	0.00296	0.00566	0.00888	0.01093	0.16754	0.03481	0.71320	0.00921	0.00443	0.00125	0.00188	0.00774	0.00359	0.00323
15	0.01003	0.87041	0.01966	0.00642	0.00963	0.01485	0.00642	0.01123	0.00762	0.00883	0.00522	0.00602	0.00481	0.00321	0.00241	0.00080	0.00401	0.00201	0.00160	0.00481
16	0.00752	0.01941	0.84871	0.01069	0.01624	0.00871	0.01386	0.01188	0.00792	0.01188	0.00673	0.00792	0.00475	0.00356	0.00356	0.00119	0.00554	0.00277	0.00158	0.00554
17	0.04577	0.00641	0.00860	0.00662	0.00950	0.00561	0.00547	0.01804	0.01059	0.81997	0.01449	0.01255	0.00911	0.00461	0.00373	0.00116	0.00318	0.00372	0.00457	0.00631
18	0.00490	0.00347	0.00460	0.00538	0.00568	0.00331	0.00378	0.00566	0.00725	0.00962	0.01967	0.65031	0.02319	0.09589	0.00626	0.00176	0.00253	0.14034	0.00336	0.00304
19	0.01426	0.01051	0.01126	0.00863	0.01163	0.01163	0.00713	0.83224	0.01764	0.02364	0.00901	0.00901	0.00638	0.00450	0.00375	0.00113	0.00413	0.00338	0.00375	0.00638
20	0.00546	0.00364	0.00409	0.00409	0.00409	0.00364	0.00227	0.00546	0.00546	0.00727	0.01182	0.02455	0.01364	0.86815	0.01910	0.00364	0.00364	0.00546	0.00227	0.00227
21	0.00778	0.00465	0.00647	0.00687	0.00806	0.00451	0.00596	0.00946	0.00897	0.14581	0.01905	0.03756	0.01961	0.00944	0.00496	0.00164	0.00341	0.68820	0.00365	0.00393
22	0.00752	0.01941	0.84871	0.01069	0.01624	0.00871	0.01386	0.01188	0.00792	0.01188	0.00673	0.00792	0.00475	0.00356	0.00356	0.00119	0.00554	0.00277	0.00158	0.00554
23	0.00531	0.00383	0.00501	0.00472	0.00560	0.00354	0.00354	0.00708	0.01062	0.01504	0.84277	0.02802	0.03540	0.00767	0.00442	0.00118	0.00177	0.00678	0.00413	0.00354
24	0.00533	0.00383	0.00521	0.00605	0.00664	0.00371	0.00479	0.00655	0.00799	0.01046	0.02088	0.40776	0.05286	0.01095	0.00498	0.00162	0.00283	0.43082	0.00347	0.00326
25	0.00929	0.00891	0.01523	0.02303	0.84475	0.00891	0.01151	0.01151	0.00854	0.01226	0.00706	0.00929	0.00594	0.00334	0.00371	0.00111	0.00446	0.00334	0.00186	0.00594
26	0.00831	0.00852	0.01321	0.01081	0.01142	0.01117	0.14066	0.00951	0.00625	0.00951	0.00535	0.00852	0.00505	0.00602	0.01104	0.00158	0.72367	0.00347	0.00168	0.00426
27	0.00458	0.00381	0.00400	0.00395	0.00515	0.00323	0.00296	0.00566	0.00888	0.01093	0.16754	0.03481	0.71320	0.00921	0.00443	0.00125	0.00188	0.00774	0.00359	0.00323
28	0.04418	0.00880	0.01477	0.03890	0.79545	0.00888	0.01120	0.01146	0.00844	0.01238	0.00698	0.00917	0.00585	0.00336	0.00366	0.00112	0.00441	0.00329	0.00187	0.00583
29	0.01205	0.01323	0.04447	0.13645	0.12178	0.37767	0.00847	0.19306	0.03439	0.01310	0.00710	0.00831	0.00552	0.00394	0.00358	0.00108	0.00547	0.00295	0.00232	0.00507

[dist]
# distance from previous block
# <min> <max>
0	15

[block]
# block no. 3 follows, 73 sequences, length 46
# corresponding to MSA columns:
# 175-220
name=unknown_D
#
# <colnr> <probs for GDERKNQSTAVLIFYWHMCP>
#	G	D	E	R	K	N	Q	S	T	A	V	L	I	F	Y	W	H	M	C	P
0	0.00720	0.09084	0.22340	0.00673	0.00947	0.00700	0.00679	0.05316	0.11226	0.02694	0.08692	0.02090	0.30542	0.00635	0.00391	0.00120	0.00333	0.02071	0.00295	0.00454
1	0.01080	0.06840	0.07137	0.08911	0.23107	0.04651	0.03157	0.24976	0.08945	0.03557	0.00830	0.00936	0.00634	0.00404	0.00392	0.00114	0.03171	0.00331	0.00260	0.00566
2	0.00539	0.00391	0.00545	0.00545	0.00592	0.00438	0.00397	0.00633	0.00586	0.00828	0.01058	0.01767	0.01065	0.27866	0.60449	0.00532	0.00814	0.00445	0.00209	0.00303
3	0.00972	0.61135	0.04508	0.08807	0.12883	0.01309	0.00777	0.03977	0.00810	0.01000	0.00579	0.00701	0.00504	0.00334	0.00280	0.00091	0.00422	0.00239	0.00172	0.00499
4	0.00902	0.00752	0.00803	0.00724	0.00922	0.00859	0.00562	0.01845	0.72804	0.02780	0.08533	0.01517	0.01339	0.00528	0.00383	0.00125	0.00283	0.00443	0.03330	0.00566
5	0.00478	0.00381	0.00426	0.00415	0.00525	0.00332	0.00309	0.00602	0.00925	0.01190	0.33680	0.03285	0.52503	0.02714	0.00474	0.00129	0.00189	0.00744	0.00370	0.00329
6	0.00454	0.00380	0.00394	0.00391	0.00513	0.00321	0.00293	0.00559	0.00880	0.01072	0.13339	0.03515	0.74747	0.00928	0.00443	0.00126	0.00188	0.00778	0.00356	0.00321
7	0.00546	0.00364	0.00409	0.00409	0.00409	0.00364	0.00227	0.00546	0.00546	0.00727	0.01182	0.02455	0.01364	0.86815	0.01910	0.00364	0.00364	0.00546	0.00227	0.00227
8	0.01003	0.87041	0.01966	0.00642	0.00963	0.01485	0.00642	0.01123	0.00762	0.00883	0.00522	0.00602	0.00481	0.00321	0.00241	0.00080	0.00401	0.00201	0.00160	0.00481
9	0.00933	0.00806	0.00848	0.00764	0.00976	0.00933	0.00594	0.01994	0.83797	0.01569	0.01527	0.01400	0.01145	0.00509	0.00382	0.00127	0.00297	0.00424	0.00382	0.00594
10	0.01683	0.00638	0.00871	0.00668	0.00958	0.00551	0.00551	0.01828	0.01074	0.84734	0.01480	0.01277	0.00929	0.00464	0.00377	0.00116	0.00319	0.00377	0.00464	0.00638
11	0.00778	0.00667	0.00778	0.00556	0.00889	0.00500	0.00445	0.00945	0.00778	0.01223	0.00667	0.00778	0.00556	0.00278	0.00278	0.00056	0.00278	0.00222	0.00222	0.89108
12	0.00933	0.00806	0.00848	0.00764	0.00976	0.00933	0.00594	0.01994	0.83797	0.01569	0.01527	0.01400	0.01145	0.00509	0.00382	0.00127	0.00297	0.00424	0.00382	0.00594
13	0.89465	0.00726	0.00551	0.00493	0.00726	0.00842	0.00406	0.01103	0.00638	0.01683	0.00522	0.00609	0.00406	0.00348	0.00232	0.00116	0.00290	0.00203	0.00232	0.00406
14	0.00821	0.00821	0.01149	0.00985	0.00985	0.01149	0.00821	0.00903	0.00575	0.00903	0.00492	0.00821	0.00492	0.00657	0.01231	0.00164	0.86128	0.00328	0.00164	0.00410
15	0.00933	0.00806	0.00848	0.00764	0.00976	0.00933	0.00594	0.01994	0.83797	0.01569	0.01527	0.01400	0.01145	0.00509	0.00382	0.00127	0.00297	0.00424	0.00382	0.00594
16	0.00457	0.00326	0.00435	0.00522	0.00544	0.00305	0.00348	0.00522	0.00718	0.00958	0.02068	0.86570	0.02481	0.01175	0.00479	0.00152	0.00218	0.01067	0.00348	0.00305
17	0.00709	0.00667	0.01125	0.85913	0.02584	0.00834	0.01042	0.00959	0.00750	0.00959	0.00667	0.01000	0.00500	0.00375	0.00375	0.00125	0.00500	0.00333	0.00167	0.00417
18	0.00546	0.00364	0.00409	0.00409	0.00409	0.00364	0.00227	0.00546	0.00546	0.00727	0.01182	0.02455	0.01364	0.86815	0.01910	0.00364	0.00364	0.00546	0.00227	0.00227
19	0.00457	0.00326	0.00435	0.00522	0.00544	0.00305	0.00348	0.00522	0.00718	0.00958	0.02068	0.86570	0.02481	0.01175	0.00479	0.00152	0.00218	0.01067	0.00348	0.00305
20	0.00936	0.01008	0.02069	0.01488	0.01855	0.00967	0.72848	0.08582	0.03855	0.01319	0.00798	0.01016	0.00596	0.00335	0.00435	0.00125	0.00601	0.00433	0.00213	0.00521
21	0.00468	0.00331	0.00432	0.00508	0.00527	0.00312	0.00333	0.00525	0.00697	0.00929	0.01958	0.76097	0.02342	0.11839	0.00657	0.00179	0.00236	0.01002	0.00333	0.00295
22	0.00778	0.00667	0.00778	0.00556	0.00889	0.00500	0.00445	0.00945	0.00778	0.01223	0.00667	0.00778	0.00556	0.00278	0.00278	0.00056	0.00278	0.00222	0.00222	0.89108
23	0.01181	0.01010	0.01186	0.00947	0.01216	0.10763	0.14692	0.24725	0.30083	0.08518	0.01106	0.01099	0.00809	0.00442	0.00385	0.00119	0.00433	0.00378	0.00332	0.00577
24	0.00883	0.00753	0.00805	0.00727	0.00924	0.00861	0.00564	0.01834	0.73495	0.01561	0.11830	0.01574	0.01443	0.00541	0.00389	0.00126	0.00282	0.00456	0.00386	0.00564
25	0.00466	0.00331	0.00436	0.00517	0.00538	0.00311	0.00344	0.00529	0.00708	0.00944	0.02001	0.78870	0.02393	0.07530	0.00586	0.00168	0.00231	0.02458	0.00339	0.00300
26	0.02674	0.01340	0.31486	0.00997	0.01392	0.01002	0.09671	0.37229	0.05463	0.03832	0.00843	0.00903	0.00601	0.00404	0.00373	0.00117	0.00477	0.00330	0.00277	0.00587
27	0.00923	0.00906	0.01606	0.02216	0.74593	0.00898	0.10967	0.01157	0.00858	0.01223	0.00712	0.00939	0.00591	0.00332	0.00380	0.00113	0.00468	0.00347	0.00186	0.00584
28	0.00612	0.00367	0.00492	0.00539	0.00596	0.00337	0.00374	0.00691	0.00774	0.11406	0.04612	0.73283	0.02322	0.01074	0.00465	0.00147	0.00229	0.00968	0.00365	0.00348
29	0.00457	0.00326	0.00435	0.00522	0.00544	0.00305	0.00348	0.00522	0.00718	0.00958	0.02068	0.86570	0.02481	0.01175	0.00479	0.00152	0.00218	0.01067	0.00348	0.00305
30	0.32100	0.20598	0.17001	0.00722	0.01052	0.01008	0.02656	0.10933	0.00874	0.08955	0.00688	0.00747	0.00515	0.00365	0.00293	0.00108	0.00391	0.00254	0.00239	0.00502
31	0.00929	0.00885	0.01476	0.02195	0.78637	0.00894	0.01112	0.01210	0.06653	0.01250	0.00763	0.00961	0.00633	0.00346	0.00372	0.00113	0.00435	0.00341	0.00199	0.00594
32	0.00538	0.00366	0.00414	0.00412	0.00427	0.00360	0.00241	0.00558	0.00606	0.00807	0.07745	0.02560	0.07137	0.74400	0.01698	0.00329	0.00338	0.00572	0.00250	0.00243
33	0.35234	0.07370	0.01148	0.00937	0.07897	0.11710	0.13120	0.13236	0.00936	0.04232	0.00667	0.00769	0.00513	0.00364	0.00315	0.00112	0.00431	0.00280	0.00240	0.00488
34	0.07074	0.10316	0.51619	0.00991	0.01444	0.00935	0.08749	0.04080	0.04591	0.05720	0.00745	0.00838	0.00540	0.00364	0.00347	0.00115	0.00498	0.00294	0.00201	0.00541
35	0.00457	0.00352	0.00420	0.00472	0.00538	0.00314	0.00333	0.00538	0.00778	0.00986	0.02752	0.50625	0.34913	0.01081	0.00466	0.00143	0.00211	0.03961	0.00348	0.00311
36	0.01299	0.00908	0.00995	0.00801	0.01070	0.00996	0.00649	0.43971	0.29102	0.14323	0.01196	0.01124	0.00851	0.00472	0.00378	0.00118	0.00360	0.00373	0.00391	0.00623
37	0.65909	0.00825	0.00747	0.00709	0.06679	0.04788	0.02274	0.09961	0.00809	0.03518	0.00605	0.00690	0.00463	0.00362	0.00270	0.00115	0.00340	0.00238	0.00247	0.00453
38	0.00872	0.00811	0.01333	0.36612	0.41727	0.00889	0.02747	0.06826	0.02352	0.01201	0.00719	0.00966	0.00568	0.00362	0.00375	0.00118	0.00467	0.00338	0.00195	0.00522
39	0.00500	0.00348	0.00434	0.00486	0.00505	0.00335	0.00316	0.00547	0.00664	0.00880	0.01759	0.47571	0.03752	0.34068	0.01030	0.00234	0.00281	0.05710	0.00302	0.00278
40	0.87296	0.00723	0.00559	0.00498	0.00731	0.00834	0.00410	0.01121	0.00649	0.03736	0.00546	0.00626	0.00419	0.00351	0.00236	0.00116	0.00291	0.00207	0.00238	0.00412
41	0.07383	0.00684	0.00772	0.00561	0.00886	0.00547	0.00450	0.03624	0.00800	0.01294	0.00664	0.00769	0.00547	0.00289	0.00278	0.00062	0.00283	0.00225	0.00228	0.79655
42	0.00578	0.00413	0.00574	0.00661	0.00736	0.00409	0.00559	0.00732	0.00838	0.01093	0.02001	0.18964	0.02217	0.01061	0.00511	0.00169	0.00323	0.67478	0.00346	0.00338
43	0.00494	0.00354	0.00477	0.00562	0.00602	0.00337	0.00411	0.00587	0.00758	0.01000	0.02083	0.64157	0.04080	0.01136	0.00488	0.00157	0.00249	0.21405	0.00348	0.00315
44	0.09141	0.01529	0.01032	0.00902	0.01123	0.58918	0.00694	0.19891	0.01184	0.01311	0.00647	0.00721	0.00511	0.00398	0.00337	0.00102	0.00583	0.00260	0.00238	0.00478
45	0.03705	0.00871	0.00938	0.00811	0.01028	0.06713	0.02300	0.42797	0.03612	0.01770	0.01257	0.02044	0.01159	0.00644	0.00419	0.00133	0.00405	0.28535	0.00345	0.00512

[dist]
# distance from previous block
# <min> <max>
8	16

[block]
# block no. 4 follows, 73 sequences, length 66
# corresponding to MSA columns:
# 237-302
name=unknown_E
#
# <colnr> <probs for GDERKNQSTAVLIFYWHMCP>
#	G	D	E	R	K	N	Q	S	T	A	V	L	I	F	Y	W	H	M	C	P
0	0.01867	0.00626	0.00623	0.00594	0.00690	0.10418	0.00435	0.06383	0.03254	0.07457	0.05177	0.06438	0.02464	0.36404	0.01040	0.00229	0.00376	0.14877	0.00293	0.00355
1	0.25653	0.01923	0.07626	0.00842	0.07347	0.11061	0.00669	0.13087	0.04087	0.21716	0.00881	0.00891	0.00625	0.00400	0.00327	0.00112	0.00396	0.00294	0.00299	0.01763
2	0.00925	0.00902	0.01583	0.02240	0.77276	0.00896	0.08302	0.01156	0.00857	0.01224	0.00710	0.00936	0.00592	0.00333	0.00378	0.00113	0.00462	0.00344	0.00186	0.00587
3	0.00508	0.00365	0.00491	0.00572	0.00621	0.00349	0.00432	0.00613	0.00781	0.01029	0.04169	0.53527	0.05724	0.01109	0.00490	0.00157	0.00258	0.28135	0.00349	0.00320
4	0.02666	0.03650	0.10100	0.00966	0.04464	0.48386	0.00781	0.08664	0.08294	0.07409	0.00771	0.00824	0.00590	0.00401	0.00347	0.00105	0.00558	0.00282	0.00242	0.00502
5	0.00796	0.05832	0.74818	0.01059	0.01586	0.00914	0.04130	0.04476	0.00833	0.01222	0.00678	0.00795	0.00485	0.00357	0.00355	0.00117	0.00544	0.00282	0.00168	0.00553
6	0.00514	0.00394	0.00477	0.00515	0.00588	0.00377	0.00369	0.00696	0.08505	0.01103	0.12944	0.47108	0.19738	0.01008	0.00459	0.00141	0.00219	0.04143	0.00360	0.00342
7	0.00884	0.00912	0.02953	0.13188	0.48673	0.00900	0.24624	0.01141	0.00848	0.01183	0.00715	0.00960	0.00573	0.00335	0.00392	0.00118	0.00508	0.00364	0.00184	0.00545
8	0.02033	0.01094	0.23297	0.02034	0.16811	0.02725	0.02693	0.08256	0.05929	0.23669	0.06866	0.01137	0.00891	0.00427	0.00374	0.00116	0.00418	0.00359	0.00297	0.00573
9	0.01161	0.01351	0.01166	0.00993	0.01207	0.47882	0.14315	0.05118	0.12025	0.01121	0.00898	0.09360	0.00791	0.00472	0.00377	0.00112	0.00561	0.00385	0.00241	0.00464
10	0.00559	0.00425	0.00520	0.00489	0.00595	0.00407	0.00369	0.00813	0.09242	0.01446	0.65373	0.02771	0.14037	0.00766	0.00437	0.00120	0.00191	0.00668	0.00401	0.00373
11	0.01008	0.01341	0.36072	0.01032	0.07541	0.04274	0.02810	0.13686	0.15832	0.09082	0.03013	0.01022	0.00748	0.00417	0.00370	0.00118	0.00455	0.00338	0.00269	0.00574
12	0.00771	0.01300	0.41573	0.01208	0.19895	0.00793	0.01059	0.02097	0.10236	0.01226	0.02374	0.09583	0.05280	0.00489	0.00381	0.00122	0.00441	0.00419	0.00225	0.00528
13	0.00518	0.00389	0.00450	0.00431	0.00544	0.00341	0.00325	0.00653	0.00959	0.03465	0.41774	0.03167	0.43932	0.00851	0.00441	0.00122	0.00187	0.00727	0.00382	0.00343
14	0.01166	0.01381	0.01165	0.18839	0.17645	0.51389	0.00874	0.01319	0.00958	0.00986	0.00622	0.00793	0.00508	0.00374	0.00352	0.00105	0.00595	0.00279	0.00186	0.00462
15	0.00893	0.09245	0.35450	0.01317	0.16719	0.03178	0.16808	0.01263	0.06594	0.03875	0.00764	0.00896	0.00577	0.00356	0.00367	0.00115	0.00513	0.00325	0.00196	0.00548
16	0.00886	0.01012	0.02214	0.01581	0.01961	0.00949	0.83112	0.01202	0.00886	0.01202	0.00759	0.01012	0.00569	0.00316	0.00443	0.00127	0.00633	0.00443	0.00190	0.00506
17	0.00546	0.00364	0.00409	0.00409	0.00409	0.00364	0.00227	0.00546	0.00546	0.00727	0.01182	0.02455	0.01364	0.86815	0.01910	0.00364	0.00364	0.00546	0.00227	0.00227
18	0.00931	0.00855	0.01170	0.01106	0.12238	0.00933	0.14463	0.02800	0.57854	0.01473	0.01281	0.01266	0.00969	0.00453	0.00390	0.00125	0.00374	0.00414	0.00324	0.00580
19	0.01187	0.47632	0.01549	0.00792	0.01054	0.40232	0.00680	0.01297	0.00901	0.00899	0.00549	0.00636	0.00482	0.00351	0.00286	0.00088	0.00529	0.00220	0.00176	0.00460
20	0.00817	0.00682	0.00793	0.00570	0.00901	0.00527	0.00457	0.04257	0.00822	0.02443	0.00688	0.00790	0.00564	0.00287	0.00283	0.00059	0.00284	0.00229	0.00232	0.84316
21	0.00947	0.62793	0.23641	0.00759	0.01140	0.01317	0.00838	0.03030	0.00793	0.00997	0.00570	0.00658	0.00483	0.00333	0.00274	0.00091	0.00442	0.00224	0.00165	0.00504
22	0.00473	0.00343	0.00451	0.00528	0.00566	0.00320	0.00371	0.00555	0.00752	0.00992	0.04134	0.69644	0.08656	0.01134	0.00479	0.00152	0.00228	0.09560	0.00350	0.00311
23	0.00933	0.00806	0.00848	0.00764	0.00976	0.00933	0.00594	0.01994	0.83797	0.01569	0.01527	0.01400	0.01145	0.00509	0.00382	0.00127	0.00297	0.00424	0.00382	0.00594
24	0.00933	0.00806	0.00848	0.00764	0.00976	0.00933	0.00594	0.01994	0.83797	0.01569	0.01527	0.01400	0.01145	0.00509	0.00382	0.00127	0.00297	0.00424	0.00382	0.00594
25	0.00546	0.00364	0.00409	0.00409	0.00409	0.00364	0.00227	0.00546	0.00546	0.00727	0.01182	0.02455	0.01364	0.86815	0.01910	0.00364	0.00364	0.00546	0.00227	0.00227
26	0.00517	0.00383	0.00481	0.00457	0.00552	0.00348	0.00343	0.00680	0.01028	0.01424	0.71003	0.02936	0.16864	0.00797	0.00443	0.00119	0.00179	0.00697	0.00402	0.00348
27	0.00685	0.00361	0.00376	0.00367	0.00461	0.00354	0.00276	0.00860	0.00814	0.01405	0.09448	0.01522	0.01207	0.00466	0.00281	0.00090	0.00178	0.00379	0.77769	0.02703
28	0.00531	0.00383	0.00501	0.00472	0.00560	0.00354	0.00354	0.00708	0.01062	0.01504	0.84277	0.02802	0.03540	0.00767	0.00442	0.00118	0.00177	0.00678	0.00413	0.00354
29	0.00699	0.00350	0.00350	0.00350	0.00437	0.00350	0.00262	0.00874	0.00787	0.01399	0.01224	0.01399	0.00962	0.00437	0.00262	0.00087	0.00175	0.00350	0.88898	0.00350
30	0.00443	0.00380	0.00380	0.00380	0.00507	0.00317	0.00285	0.00538	0.00855	0.01014	0.03801	0.03611	0.84322	0.00950	0.00443	0.00127	0.00190	0.00792	0.00348	0.00317
31	0.01422	0.00959	0.01062	0.00811	0.01112	0.01021	0.00669	0.64730	0.01587	0.15222	0.00976	0.00951	0.00678	0.00441	0.00369	0.00109	0.00389	0.00336	0.00379	0.06777
32	0.00752	0.01941	0.84871	0.01069	0.01624	0.00871	0.01386	0.01188	0.00792	0.01188	0.00673	0.00792	0.00475	0.00356	0.00356	0.00119	0.00554	0.00277	0.00158	0.00554
33	0.00546	0.00364	0.00409	0.00409	0.00409	0.00364	0.00227	0.00546	0.00546	0.00727	0.01182	0.02455	0.01364	0.86815	0.01910	0.00364	0.00364	0.00546	0.00227	0.00227
34	0.00457	0.00326	0.00435	0.00522	0.00544	0.00305	0.00348	0.00522	0.00718	0.00958	0.02068	0.86570	0.02481	0.01175	0.00479	0.00152	0.00218	0.01067	0.00348	0.00305
35	0.01426	0.01051	0.01126	0.00863	0.01163	0.01163	0.00713	0.83224	0.01764	0.02364	0.00901	0.00901	0.00638	0.00450	0.00375	0.00113	0.00413	0.00338	0.00375	0.00638
36	0.00457	0.00326	0.00435	0.00522	0.00544	0.00305	0.00348	0.00522	0.00718	0.00958	0.02068	0.86570	0.02481	0.01175	0.00479	0.00152	0.00218	0.01067	0.00348	0.00305
37	0.00536	0.00402	0.00603	0.00603	0.00670	0.00469	0.00469	0.00670	0.00603	0.00871	0.01005	0.01474	0.00938	0.02814	0.85328	0.00603	0.01005	0.00402	0.00201	0.00335
38	0.00752	0.01941	0.84871	0.01069	0.01624	0.00871	0.01386	0.01188	0.00792	0.01188	0.00673	0.00792	0.00475	0.00356	0.00356	0.00119	0.00554	0.00277	0.00158	0.00554
39	0.00982	0.00830	0.00876	0.00773	0.00994	0.00956	0.00606	0.10052	0.75659	0.01648	0.01465	0.01350	0.01095	0.00503	0.00381	0.00126	0.00308	0.00416	0.00381	0.00598
40	0.00752	0.01941	0.84871	0.01069	0.01624	0.00871	0.01386	0.01188	0.00792	0.01188	0.00673	0.00792	0.00475	0.00356	0.00356	0.00119	0.00554	0.00277	0.00158	0.00554
41	0.00709	0.00667	0.01125	0.85913	0.02584	0.00834	0.01042	0.00959	0.00750	0.00959	0.00667	0.01000	0.00500	0.00375	0.00375	0.00125	0.00500	0.00333	0.00167	0.00417
42	0.00506	0.00361	0.00492	0.00578	0.00622	0.00347	0.00433	0.00607	0.00767	0.01013	0.02041	0.59236	0.02374	0.01129	0.00492	0.00159	0.00260	0.27917	0.00347	0.00318
43	0.00450	0.00380	0.00390	0.00387	0.00511	0.00320	0.00290	0.00552	0.00871	0.01052	0.10100	0.03547	0.77999	0.00936	0.00443	0.00126	0.00189	0.00783	0.00353	0.00320
44	0.00886	0.01012	0.02214	0.01581	0.01961	0.00949	0.83112	0.01202	0.00886	0.01202	0.00759	0.01012	0.00569	0.00316	0.00443	0.00127	0.00633	0.00443	0.00190	0.00506
45	0.00776	0.09904	0.77113	0.01029	0.01562	0.00929	0.01317	0.01182	0.00789	0.01160	0.00659	0.00774	0.00476	0.00353	0.00346	0.00115	0.00540	0.00270	0.00159	0.00548
46	0.00457	0.00326	0.00435	0.00522	0.00544	0.00305	0.00348	0.00522	0.00718	0.00958	0.02068	0.86570	0.02481	0.01175	0.00479	0.00152	0.00218	0.01067	0.00348	0.00305
47	0.00716	0.04902	0.00688	0.00620	0.00766	0.08367	0.00507	0.04238	0.11312	0.01169	0.03987	0.02996	0.29530	0.00817	0.00438	0.00136	0.00319	0.27768	0.00330	0.00394
48	0.01394	0.01041	0.01151	0.00956	0.06521	0.01146	0.00741	0.77946	0.01705	0.02291	0.00888	0.00903	0.00635	0.00443	0.00375	0.00113	0.00415	0.00338	0.00363	0.00635
49	0.00537	0.00398	0.00585	0.00585	0.00646	0.00459	0.00447	0.00658	0.00598	0.00858	0.01021	0.01565	0.00977	0.10607	0.77589	0.00581	0.00945	0.00415	0.00203	0.00325
50	0.09856	0.39931	0.05203	0.00874	0.05852	0.23498	0.03130	0.01215	0.00830	0.01015	0.00560	0.00674	0.00484	0.00362	0.00339	0.00098	0.05196	0.00237	0.00179	0.00468
51	0.00567	0.00420	0.00552	0.00619	0.00715	0.00405	0.00530	0.00722	0.00862	0.01097	0.02408	0.04088	0.21228	0.01016	0.00501	0.00162	0.00309	0.63113	0.00346	0.00339
52	0.00998	0.85373	0.03590	0.00650	0.00976	0.01472	0.00657	0.01125	0.00763	0.00889	0.00525	0.00606	0.00481	0.00322	0.00243	0.00081	0.00404	0.00202	0.00160	0.00483
53	0.00613	0.00456	0.00565	0.00518	0.00629	0.00448	0.00394	0.04916	0.08773	0.01553	0.72468	0.02578	0.03174	0.00727	0.00434	0.00119	0.00200	0.00638	0.00408	0.00390
54	0.01299	0.01497	0.01061	0.00935	0.01116	0.58171	0.00722	0.12842	0.03283	0.01147	0.00653	0.00763	0.00535	0.00436	0.00462	0.00108	0.11973	0.00274	0.02261	0.00462
55	0.01297	0.01024	0.01010	0.00810	0.01068	0.09211	0.00655	0.58248	0.10201	0.02041	0.00969	0.00983	0.00710	0.00449	0.00361	0.00110	0.00402	0.00339	0.09530	0.00584
56	0.00443	0.00380	0.00380	0.00380	0.00507	0.00317	0.00285	0.00538	0.00855	0.01014	0.03801	0.03611	0.84322	0.00950	0.00443	0.00127	0.00190	0.00792	0.00348	0.00317
57	0.00495	0.00382	0.00452	0.00434	0.00539	0.00339	0.00326	0.00639	0.00977	0.01304	0.51374	0.03133	0.36568	0.00842	0.00443	0.00122	0.00182	0.00725	0.00387	0.00339
58	0.00526	0.00382	0.00485	0.00459	0.00552	0.00350	0.00344	0.00694	0.01033	0.01450	0.73559	0.02852	0.12063	0.00778	0.00438	0.00118	0.00178	0.00682	0.02707	0.00350
59	0.01401	0.01788	0.01063	0.00967	0.01160	0.85309	0.00725	0.01498	0.01063	0.00918	0.00580	0.00677	0.00483	0.00387	0.00338	0.00097	0.00677	0.00242	0.00193	0.00435
60	0.00886	0.01012	0.02214	0.01581	0.01961	0.00949	0.83112	0.01202	0.00886	0.01202	0.00759	0.01012	0.00569	0.00316	0.00443	0.00127	0.00633	0.00443	0.00190	0.00506
61	0.00457	0.00326	0.00435	0.00522	0.00544	0.00305	0.00348	0.00522	0.00718	0.00958	0.02068	0.86570	0.02481	0.01175	0.00479	0.00152	0.00218	0.01067	0.00348	0.00305
