[name]
unknown

[dist]
# distance from previous block
# <min> <max>
0	567

[block]
# block no. 0 follows, 72 sequences, length 10
# corresponding to MSA columns:
# 667-676
name=unknown_A
#
# <colnr> <probs for GDERKNQSTAVLIFYWHMCP>
#	G	D	E	R	K	N	Q	S	T	A	V	L	I	F	Y	W	H	M	C	P
0	0.23106	0.00648	0.00687	0.00616	0.00808	0.00688	0.00498	0.09508	0.14264	0.05298	0.18924	0.01890	0.03042	0.00595	0.00376	0.00124	0.00290	0.12551	0.00342	0.05744
1	0.00646	0.00433	0.00511	0.00506	0.00551	0.00437	0.00334	0.07827	0.00730	0.03359	0.01408	0.20320	0.01575	0.51833	0.03397	0.00288	0.00354	0.04902	0.00282	0.00304
2	0.00823	0.00689	0.00792	0.00584	0.00895	0.00563	0.00463	0.06065	0.05238	0.01300	0.00762	0.00917	0.00641	0.04842	0.00379	0.00080	0.00295	0.00260	0.00243	0.74169
3	0.00484	0.00364	0.00440	0.00464	0.00534	0.00329	0.00327	0.00585	0.00850	0.01119	0.24808	0.33786	0.26818	0.06634	0.00559	0.00151	0.00210	0.00855	0.00362	0.00320
4	0.00541	0.00362	0.00480	0.00529	0.00582	0.00341	0.00370	0.00629	0.00775	0.05538	0.09060	0.61703	0.08063	0.01240	0.07698	0.00186	0.00288	0.00930	0.00351	0.00334
5	0.00767	0.00652	0.00764	0.00555	0.00873	0.00494	0.00442	0.00936	0.00809	0.01258	0.07243	0.00948	0.00799	0.00320	0.00294	0.00061	0.00273	0.00261	0.00240	0.82012
6	0.00658	0.00524	0.05070	0.01886	0.02015	0.00457	0.02151	0.04833	0.00858	0.06957	0.15987	0.36648	0.05238	0.06584	0.08142	0.00194	0.00344	0.00742	0.00333	0.00379
7	0.00536	0.00389	0.00489	0.00496	0.00548	0.00393	0.00343	0.00654	0.03604	0.01007	0.17140	0.17494	0.08431	0.28461	0.18028	0.00304	0.00420	0.00658	0.00297	0.00310
8	0.11110	0.05764	0.02277	0.02349	0.02627	0.04711	0.01632	0.22601	0.11940	0.20141	0.05458	0.01124	0.00895	0.00488	0.01666	0.00121	0.00375	0.00352	0.02491	0.01878
9	0.04125	0.08521	0.06560	0.01870	0.03246	0.03187	0.09415	0.27018	0.03937	0.14525	0.03207	0.04135	0.05896	0.00479	0.00376	0.00115	0.00406	0.00398	0.00319	0.02266

[dist]
# distance from previous block
# <min> <max>
4	11

[block]
# block no. 1 follows, 72 sequences, length 16
# corresponding to MSA columns:
# 688-703
name=unknown_B
#
# <colnr> <probs for GDERKNQSTAVLIFYWHMCP>
#	G	D	E	R	K	N	Q	S	T	A	V	L	I	F	Y	W	H	M	C	P
0	0.02726	0.04303	0.09343	0.03224	0.04837	0.06139	0.02508	0.16631	0.03012	0.13771	0.00890	0.03192	0.00682	0.00396	0.00342	0.00098	0.00392	0.00316	0.00283	0.26917
1	0.00824	0.07768	0.07911	0.03561	0.14233	0.02327	0.00657	0.05959	0.01772	0.05638	0.06473	0.01495	0.01037	0.22590	0.10782	0.00234	0.02301	0.00405	0.00241	0.03791
2	0.02540	0.00388	0.00494	0.00506	0.00572	0.00369	0.00354	0.00688	0.00768	0.07865	0.13821	0.35373	0.08957	0.13283	0.05966	0.06347	0.00299	0.00753	0.00329	0.00327
3	0.05854	0.00819	0.00987	0.03345	0.03132	0.02394	0.05457	0.29276	0.10706	0.16098	0.04078	0.05936	0.02767	0.00560	0.02400	0.00130	0.00383	0.00417	0.02341	0.02920
4	0.00542	0.00377	0.00484	0.00505	0.00574	0.00347	0.00356	0.00647	0.00833	0.04037	0.24349	0.43532	0.09536	0.05584	0.03528	0.00165	0.00248	0.00845	0.00358	0.03152
5	0.00910	0.00633	0.00731	0.00629	0.00813	0.00654	0.00493	0.12723	0.23194	0.10558	0.34030	0.01918	0.03824	0.00603	0.00402	0.00118	0.00264	0.00511	0.03402	0.03589
6	0.64476	0.02591	0.00724	0.00621	0.02707	0.05049	0.00493	0.10977	0.00834	0.05444	0.00628	0.00697	0.00476	0.00369	0.00268	0.00114	0.00334	0.00235	0.00258	0.02705
7	0.00981	0.03580	0.05977	0.04041	0.11530	0.05891	0.35801	0.10167	0.00961	0.04406	0.00817	0.03942	0.00660	0.00479	0.03155	0.00138	0.04948	0.00400	0.00224	0.01905
8	0.00998	0.00521	0.00664	0.00581	0.00748	0.00493	0.00450	0.03492	0.06730	0.30965	0.19231	0.11646	0.07406	0.04474	0.06560	0.00168	0.00319	0.00565	0.03518	0.00470
9	0.00508	0.00354	0.00457	0.00509	0.00561	0.00324	0.00352	0.00596	0.00802	0.03542	0.14044	0.62846	0.11529	0.01083	0.00472	0.00145	0.00214	0.00971	0.00365	0.00327
10	0.00500	0.00371	0.00453	0.00481	0.00541	0.00347	0.00333	0.00612	0.02635	0.01084	0.20447	0.37257	0.18527	0.11976	0.02507	0.00178	0.00243	0.00841	0.00348	0.00319
11	0.03802	0.34505	0.06604	0.01948	0.05689	0.07837	0.01578	0.07687	0.02721	0.01190	0.03330	0.02604	0.00675	0.00373	0.00303	0.00090	0.00403	0.00277	0.00216	0.18167
12	0.12431	0.00489	0.00582	0.00560	0.01745	0.00491	0.00412	0.02561	0.01746	0.12313	0.05652	0.19877	0.08152	0.10009	0.14856	0.01138	0.00398	0.00572	0.02802	0.03213
13	0.03311	0.09542	0.10944	0.00980	0.11586	0.04819	0.00766	0.21380	0.12308	0.07615	0.03389	0.09751	0.00955	0.00504	0.00371	0.00117	0.00397	0.00412	0.00301	0.00550
14	0.04476	0.08052	0.02862	0.00937	0.05101	0.11501	0.09760	0.24053	0.05834	0.13122	0.04761	0.04984	0.00884	0.00492	0.01381	0.00120	0.00442	0.00384	0.00310	0.00544
15	0.00784	0.02643	0.04153	0.00607	0.00745	0.03260	0.00474	0.11575	0.05927	0.06157	0.16256	0.21131	0.04511	0.16164	0.00693	0.00171	0.00312	0.02559	0.00335	0.01544

[dist]
# distance from previous block
# <min> <max>
19	33

[block]
# block no. 2 follows, 72 sequences, length 20
# corresponding to MSA columns:
# 739-758
name=unknown_C
#
# <colnr> <probs for GDERKNQSTAVLIFYWHMCP>
#	G	D	E	R	K	N	Q	S	T	A	V	L	I	F	Y	W	H	M	C	P
0	0.02080	0.12222	0.12865	0.00851	0.02407	0.05673	0.03617	0.26477	0.12050	0.02970	0.01054	0.09917	0.02192	0.00501	0.00367	0.00115	0.00412	0.00404	0.00293	0.03532
1	0.02483	0.16243	0.11166	0.00694	0.03503	0.01709	0.02806	0.02018	0.05169	0.02867	0.18635	0.09123	0.17233	0.00656	0.00391	0.00119	0.00320	0.03284	0.01150	0.00430
2	0.01010	0.56159	0.11165	0.00811	0.03434	0.07469	0.03748	0.04922	0.03824	0.01048	0.00706	0.00785	0.02775	0.00363	0.00292	0.00094	0.00444	0.00258	0.00189	0.00503
3	0.01018	0.29513	0.11817	0.01124	0.10165	0.06653	0.19248	0.05116	0.02276	0.05979	0.00782	0.02276	0.01655	0.00374	0.00347	0.00107	0.00488	0.00327	0.00211	0.00524
4	0.00617	0.00415	0.00500	0.00488	0.00596	0.00374	0.00357	0.02342	0.00882	0.08514	0.18578	0.24623	0.29179	0.05418	0.02846	0.00156	0.00247	0.00765	0.00362	0.02741
5	0.00505	0.00398	0.00459	0.00456	0.00558	0.00365	0.00337	0.00662	0.04235	0.01179	0.28178	0.11722	0.40808	0.03454	0.04828	0.00160	0.00242	0.00751	0.00363	0.00340
6	0.01045	0.18091	0.22964	0.04898	0.06684	0.06438	0.05064	0.09544	0.04719	0.10381	0.01748	0.01906	0.00658	0.00405	0.00373	0.00112	0.02809	0.00318	0.01304	0.00540
7	0.00479	0.00343	0.00447	0.00518	0.00549	0.00322	0.00351	0.00552	0.00743	0.00988	0.06300	0.67992	0.06007	0.08076	0.00600	0.00169	0.00235	0.04678	0.00345	0.00307
8	0.00475	0.00340	0.00455	0.00527	0.00555	0.00325	0.00357	0.00550	0.00731	0.00985	0.06617	0.72668	0.02418	0.04349	0.06537	0.00192	0.00279	0.00989	0.00341	0.00310
9	0.01345	0.10553	0.01174	0.00944	0.01143	0.72204	0.00729	0.01444	0.01018	0.00924	0.00576	0.00684	0.00489	0.00398	0.00378	0.00099	0.05021	0.00244	0.00190	0.00443
10	0.02986	0.01142	0.00913	0.00795	0.00996	0.35999	0.00615	0.12383	0.03164	0.16907	0.08552	0.07453	0.02388	0.00526	0.00392	0.00113	0.02172	0.00401	0.01617	0.00488
11	0.89350	0.00733	0.00557	0.00499	0.00733	0.00851	0.00411	0.01115	0.00645	0.01702	0.00528	0.00616	0.00411	0.00352	0.00235	0.00117	0.00293	0.00205	0.00235	0.00411
12	0.00594	0.00415	0.00514	0.00482	0.00589	0.00387	0.00362	0.00773	0.03772	0.05666	0.52182	0.02788	0.19783	0.05026	0.04850	0.00158	0.00245	0.00664	0.00386	0.00366
13	0.01201	0.04922	0.06905	0.05594	0.10585	0.05971	0.02425	0.32467	0.04594	0.12620	0.03022	0.04087	0.00809	0.00516	0.02458	0.00127	0.00440	0.00372	0.00314	0.00571
14	0.11882	0.00876	0.05022	0.02516	0.13821	0.03081	0.14670	0.09356	0.13477	0.05553	0.08014	0.01191	0.00950	0.00541	0.04299	0.00142	0.00437	0.00385	0.03270	0.00518
15	0.00485	0.00369	0.00444	0.00459	0.00540	0.00331	0.00330	0.00599	0.00890	0.01175	0.31196	0.27474	0.30586	0.02759	0.00489	0.00138	0.00199	0.00836	0.00372	0.00328
16	0.00617	0.00412	0.00512	0.00539	0.04520	0.00402	0.00328	0.00674	0.00693	0.05191	0.12741	0.05180	0.06807	0.54400	0.05177	0.00297	0.00357	0.00577	0.00276	0.00300
17	0.01835	0.00492	0.00590	0.00543	0.00669	0.00485	0.00412	0.07341	0.05963	0.06517	0.35002	0.13344	0.15611	0.03218	0.03060	0.00147	0.01777	0.00661	0.00375	0.01957
18	0.01998	0.17985	0.05402	0.00833	0.05738	0.06493	0.03105	0.19346	0.08101	0.08453	0.01293	0.01320	0.12289	0.01957	0.01603	0.00120	0.00402	0.00382	0.00290	0.02889
19	0.03433	0.14894	0.15867	0.00945	0.05738	0.10103	0.08264	0.09815	0.05114	0.06366	0.01923	0.05530	0.03055	0.01860	0.00397	0.00116	0.01902	0.00367	0.01746	0.02563

[dist]
# distance from previous block
# <min> <max>
2	11

[block]
# block no. 3 follows, 72 sequences, length 12
# corresponding to MSA columns:
# 770-781
name=unknown_D
#
# <colnr> <probs for GDERKNQSTAVLIFYWHMCP>
#	G	D	E	R	K	N	Q	S	T	A	V	L	I	F	Y	W	H	M	C	P
0	0.05193	0.08011	0.22763	0.02633	0.07078	0.04826	0.03612	0.16124	0.08452	0.06259	0.02770	0.04429	0.00803	0.04872	0.00443	0.00129	0.00440	0.00365	0.00264	0.00533
1	0.02692	0.08580	0.06553	0.00719	0.00965	0.04102	0.03905	0.09912	0.07551	0.25054	0.06169	0.10225	0.07898	0.01849	0.01991	0.00132	0.00365	0.00478	0.00345	0.00514
2	0.48103	0.00898	0.00816	0.05841	0.05199	0.08918	0.00586	0.14482	0.07164	0.03760	0.00715	0.00788	0.00541	0.00389	0.00299	0.00116	0.00372	0.00267	0.00265	0.00482
3	0.00505	0.00394	0.00452	0.00451	0.00553	0.00352	0.00332	0.02745	0.00932	0.01209	0.29125	0.17282	0.42449	0.00927	0.00452	0.00129	0.00198	0.00799	0.00374	0.00339
4	0.00870	0.00725	0.00830	0.00607	0.00935	0.00602	0.00487	0.10593	0.04345	0.01385	0.00738	0.00827	0.00596	0.00311	0.00297	0.00066	0.00298	0.00247	0.00249	0.74991
5	0.10294	0.09069	0.12876	0.03130	0.13799	0.07749	0.03876	0.16787	0.04490	0.08368	0.00846	0.00921	0.01916	0.00399	0.00359	0.00112	0.01647	0.00312	0.00258	0.02791
6	0.03095	0.05123	0.27923	0.00841	0.01185	0.03353	0.00854	0.15387	0.09233	0.17759	0.02751	0.01091	0.02457	0.00515	0.02493	0.01403	0.02169	0.00344	0.01466	0.00559
7	0.00754	0.07200	0.01230	0.73443	0.08257	0.00896	0.01031	0.00995	0.00767	0.00982	0.00666	0.00976	0.00511	0.00372	0.00369	0.00122	0.00494	0.00327	0.00169	0.00439
8	0.00514	0.00362	0.00430	0.00457	0.00509	0.00338	0.00311	0.00597	0.00769	0.01040	0.14079	0.30231	0.17524	0.21717	0.00806	0.00191	0.00244	0.02569	0.07008	0.00303
9	0.05566	0.00706	0.06644	0.00639	0.00859	0.00627	0.00542	0.11144	0.10064	0.21878	0.21579	0.04062	0.10395	0.03043	0.00442	0.00128	0.00297	0.00507	0.00381	0.00498
10	0.07796	0.00590	0.04912	0.00584	0.00730	0.00551	0.00475	0.10018	0.05645	0.01419	0.30177	0.13739	0.08822	0.03318	0.07690	0.00174	0.00328	0.02283	0.00344	0.00403
11	0.00830	0.02873	0.05106	0.12952	0.12882	0.02809	0.02610	0.07194	0.02135	0.06370	0.05296	0.13661	0.04336	0.08336	0.01771	0.00147	0.00383	0.00492	0.03947	0.05869

[dist]
# distance from previous block
# <min> <max>
10	91

[block]
# block no. 4 follows, 72 sequences, length 26
# corresponding to MSA columns:
# 878-903
name=unknown_E
#
# <colnr> <probs for GDERKNQSTAVLIFYWHMCP>
#	G	D	E	R	K	N	Q	S	T	A	V	L	I	F	Y	W	H	M	C	P
0	0.01172	0.02259	0.02677	0.00981	0.08544	0.04300	0.06748	0.40234	0.05536	0.05495	0.01013	0.03854	0.02196	0.02776	0.00420	0.00119	0.00414	0.01958	0.00318	0.08987
1	0.00534	0.00381	0.00459	0.00468	0.00542	0.00356	0.00331	0.00623	0.00789	0.03418	0.14552	0.19507	0.27207	0.18951	0.07579	0.00222	0.00307	0.03130	0.00328	0.00316
2	0.05438	0.00804	0.02517	0.00730	0.00986	0.01816	0.02009	0.28512	0.09833	0.25878	0.05509	0.03560	0.08062	0.00576	0.01900	0.00128	0.00356	0.00431	0.00385	0.00567
3	0.01048	0.15712	0.14233	0.05273	0.12723	0.10200	0.11322	0.13340	0.02928	0.03953	0.00744	0.00883	0.00582	0.01608	0.00395	0.00114	0.02147	0.00315	0.00223	0.02259
4	0.02603	0.00690	0.05123	0.00686	0.03690	0.02234	0.00540	0.12408	0.06313	0.19786	0.12839	0.11457	0.13774	0.03797	0.00461	0.00132	0.00306	0.00554	0.02124	0.00482
5	0.00498	0.00357	0.00444	0.00480	0.00518	0.00341	0.00319	0.00567	0.00729	0.00973	0.11903	0.40256	0.10702	0.24496	0.05455	0.00230	0.00295	0.00822	0.00319	0.00296
6	0.00590	0.00465	0.01770	0.00542	0.00640	0.00442	0.00404	0.05309	0.08794	0.01216	0.14541	0.37001	0.17398	0.03165	0.00488	0.00143	0.00239	0.03584	0.02900	0.00369
7	0.03064	0.02730	0.01030	0.00806	0.02165	0.06824	0.00651	0.46691	0.01406	0.15785	0.00985	0.01046	0.00721	0.00501	0.02274	0.00120	0.00413	0.02389	0.02318	0.08082
8	0.05120	0.00854	0.03897	0.03339	0.06774	0.02337	0.04806	0.17928	0.19681	0.19819	0.02651	0.03993	0.00917	0.00481	0.00399	0.00121	0.02538	0.00396	0.03379	0.00570
9	0.00512	0.00354	0.00459	0.00519	0.00569	0.00325	0.00361	0.00595	0.00781	0.03858	0.07574	0.65950	0.11876	0.01106	0.00475	0.00148	0.00222	0.03629	0.00360	0.00325
10	0.00943	0.00901	0.01185	0.11939	0.36767	0.08624	0.00894	0.04659	0.20476	0.01321	0.06373	0.01200	0.02182	0.00432	0.00381	0.00117	0.00420	0.00380	0.00258	0.00545
11	0.00992	0.00839	0.00885	0.00782	0.01005	0.00966	0.00612	0.09953	0.75604	0.01665	0.01482	0.01366	0.01107	0.00509	0.00385	0.00127	0.00312	0.00420	0.00385	0.00605
12	0.01014	0.86900	0.01987	0.00649	0.00973	0.01501	0.00649	0.01136	0.00771	0.00892	0.00527	0.00608	0.00487	0.00324	0.00243	0.00081	0.00406	0.00203	0.00162	0.00487
13	0.00716	0.00674	0.01138	0.85760	0.02612	0.00843	0.01053	0.00969	0.00758	0.00969	0.00674	0.01011	0.00506	0.00379	0.00379	0.00126	0.00506	0.00337	0.00169	0.00421
14	0.01032	0.03392	0.08917	0.01047	0.13893	0.03944	0.08953	0.08017	0.02364	0.12856	0.00831	0.00917	0.00626	0.00351	0.00345	0.00095	0.00405	0.00304	0.00256	0.31456
15	0.01014	0.86900	0.01987	0.00649	0.00973	0.01501	0.00649	0.01136	0.00771	0.00892	0.00527	0.00608	0.00487	0.00324	0.00243	0.00081	0.00406	0.00203	0.00162	0.00487
16	0.67892	0.02358	0.02262	0.02387	0.12468	0.03781	0.01781	0.01136	0.00701	0.01566	0.00565	0.00680	0.00447	0.00351	0.00266	0.00116	0.00345	0.00232	0.00222	0.00444
17	0.00465	0.00333	0.00446	0.00531	0.00554	0.00314	0.00356	0.00533	0.00722	0.00965	0.02055	0.83624	0.02457	0.01243	0.03275	0.00169	0.00246	0.01056	0.00347	0.00309
18	0.00545	0.00393	0.00544	0.00544	0.00589	0.00438	0.00392	0.00635	0.00590	0.00832	0.01076	0.01824	0.01093	0.31043	0.57168	0.00528	0.00798	0.00455	0.00212	0.00302
19	0.00981	0.00831	0.00880	0.00771	0.00999	0.00943	0.00604	0.09405	0.72042	0.01643	0.01443	0.01338	0.01081	0.00498	0.00380	0.00124	0.00310	0.00411	0.00377	0.04939
20	0.00981	0.00833	0.00879	0.00779	0.01001	0.00961	0.00609	0.08172	0.77403	0.01648	0.01496	0.01377	0.01119	0.00510	0.00385	0.00128	0.00309	0.00422	0.00385	0.00604
21	0.00466	0.00339	0.00440	0.00513	0.00548	0.00313	0.00347	0.00543	0.00763	0.01014	0.08303	0.73472	0.09261	0.01139	0.00478	0.00149	0.00215	0.01026	0.00357	0.00313
22	0.00523	0.00387	0.00488	0.00463	0.00558	0.00352	0.00347	0.00690	0.01042	0.01446	0.72003	0.02956	0.15728	0.00803	0.00447	0.00121	0.00181	0.00703	0.00408	0.00352
23	0.00757	0.00594	0.00670	0.00611	0.00760	0.01831	0.00468	0.03738	0.31960	0.03950	0.41312	0.05007	0.05437	0.00674	0.00420	0.00124	0.00245	0.00581	0.00398	0.00464
24	0.03056	0.67569	0.01749	0.00678	0.00986	0.03213	0.00642	0.06204	0.07922	0.03955	0.00672	0.00721	0.00568	0.00356	0.00270	0.00090	0.00398	0.00238	0.00207	0.00509
25	0.02216	0.02032	0.09141	0.00809	0.02901	0.03589	0.04941	0.12038	0.23434	0.05862	0.07284	0.04123	0.04333	0.00487	0.00373	0.00111	0.00358	0.00408	0.00314	0.15247

[dist]
# distance from previous block
# <min> <max>
0	2

[block]
# block no. 5 follows, 72 sequences, length 30
# corresponding to MSA columns:
# 906-935
name=unknown_F
#
# <colnr> <probs for GDERKNQSTAVLIFYWHMCP>
#	G	D	E	R	K	N	Q	S	T	A	V	L	I	F	Y	W	H	M	C	P
0	0.01030	0.02299	0.02369	0.02963	0.02887	0.16583	0.06291	0.17496	0.02619	0.06173	0.00887	0.02161	0.00740	0.02566	0.24675	0.00262	0.06915	0.00362	0.00253	0.00471
1	0.06982	0.08954	0.29890	0.00883	0.01192	0.21550	0.02084	0.02522	0.00828	0.01089	0.00703	0.00900	0.00582	0.02203	0.15790	0.00205	0.02698	0.00291	0.00187	0.00466
2	0.00884	0.00786	0.01186	0.33555	0.11004	0.02678	0.09010	0.02881	0.18040	0.05743	0.02325	0.01160	0.01743	0.00496	0.02697	0.00139	0.04547	0.00381	0.00246	0.00500
3	0.01274	0.00653	0.00763	0.00616	0.00840	0.00651	0.00499	0.21522	0.03598	0.33371	0.01265	0.01243	0.00884	0.00458	0.00341	0.00107	0.00295	0.00363	0.30712	0.00544
4	0.00462	0.00330	0.00440	0.00528	0.00550	0.00308	0.00352	0.00528	0.00726	0.00968	0.02090	0.86424	0.02508	0.01188	0.00484	0.00154	0.00220	0.01078	0.00352	0.00308
5	0.89350	0.00733	0.00557	0.00499	0.00733	0.00851	0.00411	0.01115	0.00645	0.01702	0.00528	0.00616	0.00411	0.00352	0.00235	0.00117	0.00293	0.00205	0.00235	0.00411
6	0.00480	0.00350	0.00452	0.00502	0.00551	0.00322	0.00348	0.00577	0.00827	0.01114	0.23089	0.57490	0.10373	0.01062	0.00471	0.00143	0.00207	0.00953	0.00369	0.00322
7	0.00555	0.00384	0.00490	0.00464	0.00553	0.00357	0.00348	0.00734	0.01043	0.01509	0.75044	0.02678	0.03293	0.00739	0.00427	0.00116	0.00179	0.00650	0.10079	0.00357
8	0.00542	0.00406	0.00610	0.00610	0.00677	0.00474	0.00474	0.00677	0.00610	0.00880	0.01016	0.01490	0.00948	0.02844	0.85169	0.00610	0.01016	0.00406	0.00203	0.00339
9	0.01442	0.01062	0.01138	0.00873	0.01176	0.01176	0.00721	0.83041	0.01783	0.02390	0.00911	0.00911	0.00645	0.00455	0.00379	0.00114	0.00417	0.00341	0.00379	0.00645
10	0.01441	0.01091	0.01136	0.00877	0.01176	0.04390	0.00721	0.79921	0.01756	0.02334	0.00898	0.00902	0.00639	0.00453	0.00378	0.00113	0.00428	0.00338	0.00372	0.00637
11	0.00859	0.06328	0.08546	0.02628	0.40486	0.02610	0.04640	0.01083	0.02245	0.04005	0.07617	0.05219	0.05807	0.02320	0.01751	0.00127	0.00421	0.00422	0.00234	0.02653
12	0.02825	0.06139	0.58610	0.01123	0.10318	0.00871	0.01201	0.01258	0.00834	0.10395	0.00762	0.00855	0.00544	0.00366	0.00354	0.00116	0.00503	0.00291	0.00200	0.02436
13	0.01442	0.01062	0.01138	0.00873	0.01176	0.01176	0.00721	0.83041	0.01783	0.02390	0.00911	0.00911	0.00645	0.00455	0.00379	0.00114	0.00417	0.00341	0.00379	0.00645
14	0.00458	0.00378	0.00402	0.00409	0.00522	0.00322	0.00302	0.00559	0.00869	0.01065	0.11280	0.12789	0.67398	0.00968	0.00452	0.00130	0.00194	0.00820	0.00358	0.00322
15	0.01076	0.00853	0.05234	0.03877	0.30036	0.00820	0.04323	0.11202	0.02788	0.17878	0.02173	0.04174	0.04493	0.01562	0.00468	0.00124	0.06488	0.00403	0.00285	0.01745
16	0.00950	0.00922	0.21093	0.00930	0.07307	0.00627	0.07467	0.01184	0.02236	0.23353	0.01426	0.21257	0.03923	0.00637	0.00415	0.00131	0.00388	0.04937	0.00312	0.00505
17	0.01680	0.00680	0.00902	0.00691	0.00985	0.00609	0.00571	0.08623	0.01144	0.77711	0.01447	0.01259	0.00914	0.00468	0.00381	0.00117	0.00331	0.00378	0.00462	0.00645
18	0.00476	0.00392	0.00411	0.00416	0.00526	0.00344	0.00302	0.00596	0.03531	0.01031	0.05863	0.11379	0.65028	0.07324	0.00560	0.00148	0.00211	0.00793	0.00346	0.00323
19	0.02170	0.06477	0.38274	0.11472	0.10653	0.02349	0.04740	0.04990	0.00889	0.11361	0.00852	0.00961	0.02365	0.00387	0.00364	0.00117	0.00491	0.00321	0.00219	0.00546
20	0.00880	0.02809	0.22367	0.03653	0.19988	0.00904	0.07446	0.03906	0.26952	0.01352	0.02135	0.04172	0.00849	0.00439	0.00383	0.00122	0.00434	0.00389	0.00257	0.00564
21	0.18608	0.00937	0.04919	0.04062	0.27015	0.00897	0.31258	0.02245	0.00841	0.03335	0.00735	0.02139	0.00582	0.00353	0.00375	0.00121	0.00488	0.00361	0.00209	0.00520
22	0.00859	0.00760	0.08954	0.03796	0.03517	0.00672	0.05007	0.03693	0.22686	0.11089	0.27107	0.03221	0.05838	0.00586	0.00409	0.00123	0.00317	0.00510	0.00357	0.00498
23	0.89350	0.00733	0.00557	0.00499	0.00733	0.00851	0.00411	0.01115	0.00645	0.01702	0.00528	0.00616	0.00411	0.00352	0.00235	0.00117	0.00293	0.00205	0.00235	0.00411
24	0.00533	0.00386	0.00489	0.00464	0.00557	0.00354	0.00348	0.00703	0.01043	0.01466	0.73128	0.02871	0.11803	0.00784	0.00441	0.00119	0.00180	0.00687	0.03290	0.00354
25	0.00542	0.00405	0.00604	0.00604	0.00670	0.00471	0.00467	0.00674	0.00608	0.00876	0.01021	0.01518	0.00960	0.05214	0.82815	0.00603	0.00998	0.00410	0.00204	0.00336
26	0.00729	0.00722	0.01425	0.01090	0.01310	0.00707	0.43630	0.00934	0.00748	0.01027	0.00920	0.01438	0.00837	0.17849	0.24564	0.00310	0.00692	0.00456	0.00202	0.00408
27	0.01442	0.01062	0.01138	0.00873	0.01176	0.01176	0.00721	0.83041	0.01783	0.02390	0.00911	0.00911	0.00645	0.00455	0.00379	0.00114	0.00417	0.00341	0.00379	0.00645
28	0.00716	0.00674	0.01138	0.85760	0.02612	0.00843	0.01053	0.00969	0.00758	0.00969	0.00674	0.01011	0.00506	0.00379	0.00379	0.00126	0.00506	0.00337	0.00169	0.00421
29	0.01145	0.00944	0.01288	0.14192	0.32439	0.01023	0.00936	0.40111	0.01285	0.01746	0.00801	0.00936	0.00607	0.00400	0.00378	0.00115	0.00443	0.00339	0.00276	0.00595

[dist]
# distance from previous block
# <min> <max>
0	2

[block]
# block no. 6 follows, 72 sequences, length 34
# corresponding to MSA columns:
# 938-971
name=unknown_G
#
# <colnr> <probs for GDERKNQSTAVLIFYWHMCP>
#	G	D	E	R	K	N	Q	S	T	A	V	L	I	F	Y	W	H	M	C	P
0	0.01090	0.15463	0.05567	0.04703	0.04190	0.33287	0.02061	0.02395	0.00852	0.00970	0.00571	0.00752	0.00499	0.00455	0.00595	0.00119	0.25519	0.00277	0.00181	0.00455
1	0.26755	0.01578	0.56133	0.00918	0.01370	0.03102	0.02764	0.01184	0.00764	0.01341	0.00635	0.00748	0.00462	0.00358	0.00325	0.00119	0.00487	0.00261	0.00184	0.00512
2	0.00460	0.00355	0.00419	0.00465	0.00535	0.00315	0.00325	0.00543	0.00800	0.01016	0.06459	0.47867	0.36935	0.01074	0.00467	0.00142	0.00206	0.00944	0.00355	0.00315
3	0.00659	0.00329	0.00494	0.00494	0.00494	0.00329	0.00329	0.00494	0.00494	0.00659	0.00659	0.01153	0.00659	0.01318	0.01482	0.88966	0.00329	0.00329	0.00165	0.00165
4	0.00567	0.00559	0.08253	0.04363	0.00810	0.00491	0.00538	0.00754	0.02042	0.01090	0.21496	0.01930	0.08448	0.03371	0.43130	0.00372	0.00656	0.00496	0.00266	0.00368
5	0.00939	0.00901	0.01539	0.02328	0.84306	0.00901	0.01164	0.01164	0.00864	0.01239	0.00713	0.00939	0.00601	0.00338	0.00375	0.00113	0.00451	0.00338	0.00188	0.00601
6	0.89350	0.00733	0.00557	0.00499	0.00733	0.00851	0.00411	0.01115	0.00645	0.01702	0.00528	0.00616	0.00411	0.00352	0.00235	0.00117	0.00293	0.00205	0.00235	0.00411
7	0.01052	0.00805	0.09378	0.03371	0.29839	0.00669	0.01919	0.01243	0.00895	0.26905	0.01238	0.18790	0.01087	0.00558	0.00399	0.00124	0.00378	0.00501	0.00306	0.00544
8	0.00966	0.00849	0.02480	0.00783	0.01009	0.00954	0.00622	0.06183	0.77807	0.01621	0.01494	0.01377	0.01118	0.00509	0.00385	0.00128	0.00311	0.00421	0.00381	0.00602
9	0.01442	0.01062	0.01138	0.00873	0.01176	0.01176	0.00721	0.83041	0.01783	0.02390	0.00911	0.00911	0.00645	0.00455	0.00379	0.00114	0.00417	0.00341	0.00379	0.00645
10	0.89350	0.00733	0.00557	0.00499	0.00733	0.00851	0.00411	0.01115	0.00645	0.01702	0.00528	0.00616	0.00411	0.00352	0.00235	0.00117	0.00293	0.00205	0.00235	0.00411
11	0.01526	0.05677	0.01036	0.00819	0.01069	0.39238	0.00648	0.04649	0.01090	0.39017	0.01009	0.00964	0.00699	0.00425	0.00356	0.00106	0.00495	0.00308	0.00325	0.00543
12	0.03383	0.00782	0.00834	0.02833	0.00993	0.00901	0.00591	0.01882	0.74053	0.01570	0.06708	0.01472	0.01274	0.00523	0.00385	0.00128	0.00297	0.00437	0.00378	0.00575
13	0.00895	0.01023	0.02238	0.01598	0.01982	0.00959	0.82928	0.01215	0.00895	0.01215	0.00767	0.01023	0.00575	0.00320	0.00448	0.00128	0.00639	0.00448	0.00192	0.00512
14	0.00902	0.02502	0.10354	0.06812	0.50246	0.00895	0.07970	0.04773	0.04920	0.01266	0.00871	0.03279	0.02710	0.00393	0.00383	0.00117	0.00459	0.00374	0.00210	0.00564
15	0.00464	0.00332	0.00442	0.00527	0.00551	0.00309	0.00352	0.00533	0.00735	0.00982	0.04185	0.84289	0.02536	0.01178	0.00483	0.00153	0.00219	0.01068	0.00354	0.00309
16	0.00529	0.00434	0.01747	0.00630	0.05961	0.00387	0.02011	0.00659	0.00880	0.01185	0.28815	0.33892	0.18542	0.00926	0.00456	0.00134	0.00231	0.01872	0.00357	0.00353
17	0.04677	0.00996	0.01371	0.12916	0.18397	0.07814	0.15418	0.26006	0.03124	0.04386	0.00806	0.00945	0.00605	0.00389	0.00382	0.00117	0.00486	0.00349	0.00261	0.00554
18	0.00471	0.00366	0.00428	0.00454	0.00536	0.00323	0.00325	0.00572	0.00857	0.01102	0.19011	0.32844	0.39347	0.01005	0.00461	0.00136	0.00199	0.00876	0.00365	0.00323
19	0.02419	0.23089	0.23906	0.02012	0.01340	0.02864	0.10219	0.22124	0.01074	0.06398	0.00754	0.00832	0.00562	0.00378	0.00345	0.00109	0.00477	0.00300	0.00241	0.00556
20	0.00672	0.00555	0.00795	0.04819	0.22415	0.00549	0.00606	0.00875	0.06669	0.03051	0.08914	0.23911	0.16861	0.04920	0.00503	0.00143	0.00302	0.02713	0.00306	0.00421
21	0.01014	0.86900	0.01987	0.00649	0.00973	0.01501	0.00649	0.01136	0.00771	0.00892	0.00527	0.00608	0.00487	0.00324	0.00243	0.00081	0.00406	0.00203	0.00162	0.00487
22	0.00707	0.00353	0.00353	0.00353	0.00442	0.00353	0.00265	0.00884	0.00795	0.01414	0.01237	0.01414	0.00972	0.00442	0.00265	0.00088	0.00177	0.00353	0.88777	0.00353
23	0.01014	0.86900	0.01987	0.00649	0.00973	0.01501	0.00649	0.01136	0.00771	0.00892	0.00527	0.00608	0.00487	0.00324	0.00243	0.00081	0.00406	0.00203	0.00162	0.00487
24	0.51269	0.00879	0.00778	0.00646	0.00901	0.05258	0.00529	0.26604	0.01047	0.06262	0.00714	0.00761	0.00526	0.00394	0.00293	0.00115	0.00351	0.00262	0.01916	0.00496
25	0.01009	0.84656	0.01966	0.00658	0.00974	0.01492	0.00654	0.01130	0.00766	0.00893	0.00526	0.00614	0.00487	0.00333	0.00269	0.00083	0.02636	0.00206	0.00162	0.00485
26	0.01118	0.00508	0.00641	0.00540	0.00723	0.00466	0.00428	0.02728	0.02235	0.37977	0.18795	0.03815	0.01542	0.00544	0.00364	0.00110	0.00249	0.00455	0.26271	0.00490
27	0.00474	0.00350	0.00444	0.00496	0.00547	0.00319	0.00343	0.00566	0.00814	0.01082	0.17865	0.57501	0.15660	0.01074	0.00471	0.00143	0.00208	0.00960	0.00364	0.00319
28	0.00901	0.00908	0.03643	0.09444	0.65018	0.00888	0.09182	0.01142	0.00861	0.01219	0.02704	0.00995	0.00658	0.00351	0.00384	0.00116	0.00470	0.00355	0.00191	0.00570
29	0.00551	0.00371	0.00428	0.00428	0.00434	0.00374	0.00249	0.00563	0.00567	0.00763	0.03086	0.02426	0.01401	0.79271	0.07288	0.00378	0.00405	0.00545	0.00232	0.00240
30	0.00559	0.00427	0.00548	0.00561	0.03708	0.00402	0.00408	0.00761	0.04290	0.01395	0.56844	0.02973	0.16925	0.00804	0.00449	0.00126	0.00211	0.07848	0.00391	0.00369
31	0.00537	0.00388	0.00507	0.00477	0.00567	0.00358	0.00358	0.00716	0.01074	0.01521	0.84106	0.02833	0.03578	0.00775	0.00447	0.00119	0.00179	0.00686	0.00417	0.00358
32	0.01862	0.06670	0.42762	0.03852	0.05688	0.02259	0.03320	0.02399	0.00878	0.05706	0.12428	0.02555	0.07067	0.00477	0.00377	0.00118	0.00445	0.00395	0.00237	0.00505
33	0.00926	0.00989	0.01900	0.01368	0.01733	0.03046	0.62044	0.06178	0.02204	0.01288	0.00769	0.00978	0.00584	0.00327	0.00414	0.00115	0.00567	0.00402	0.00211	0.13955

[dist]
# distance from previous block
# <min> <max>
2	8

[block]
# block no. 7 follows, 72 sequences, length 8
# corresponding to MSA columns:
# 980-987
name=unknown_H
#
# <colnr> <probs for GDERKNQSTAVLIFYWHMCP>
#	G	D	E	R	K	N	Q	S	T	A	V	L	I	F	Y	W	H	M	C	P
0	0.05987	0.09009	0.02545	0.02266	0.02293	0.03857	0.00561	0.13900	0.05358	0.09206	0.08929	0.01350	0.01062	0.07095	0.21070	0.00248	0.00522	0.00383	0.00285	0.04074
1	0.61664	0.07484	0.00783	0.00598	0.00844	0.07475	0.00494	0.08891	0.03860	0.04050	0.00634	0.00697	0.00487	0.00372	0.00267	0.00113	0.00345	0.00234	0.00252	0.00455
2	0.00552	0.00368	0.00414	0.00414	0.00414	0.00368	0.00230	0.00552	0.00552	0.00735	0.01195	0.02482	0.01379	0.86672	0.01930	0.00368	0.00368	0.00552	0.00230	0.00230
3	0.00707	0.00353	0.00353	0.00353	0.00442	0.00353	0.00265	0.00884	0.00795	0.01414	0.01237	0.01414	0.00972	0.00442	0.00265	0.00088	0.00177	0.00353	0.88777	0.00353
4	0.00830	0.00830	0.01162	0.00996	0.00996	0.01162	0.00830	0.00913	0.00581	0.00913	0.00498	0.00830	0.00498	0.00664	0.01245	0.00166	0.85977	0.00332	0.00166	0.00415
5	0.00596	0.00585	0.05869	0.07977	0.06205	0.04223	0.00566	0.00721	0.00769	0.01021	0.05243	0.53880	0.01949	0.02784	0.00509	0.00149	0.03015	0.03274	0.00301	0.00363
6	0.06028	0.15390	0.20283	0.00953	0.01281	0.28011	0.05841	0.03229	0.03110	0.04203	0.00784	0.02834	0.00645	0.00434	0.00366	0.00117	0.00546	0.00311	0.00233	0.05401
7	0.01090	0.03677	0.06987	0.04529	0.05585	0.06797	0.05633	0.12495	0.45333	0.01598	0.01241	0.01260	0.00948	0.00502	0.00410	0.00135	0.00425	0.00403	0.00341	0.00612

[dist]
# distance from previous block
# <min> <max>
7	18

[block]
# block no. 8 follows, 72 sequences, length 10
# corresponding to MSA columns:
# 1006-1015
name=unknown_I
#
# <colnr> <probs for GDERKNQSTAVLIFYWHMCP>
#	G	D	E	R	K	N	Q	S	T	A	V	L	I	F	Y	W	H	M	C	P
0	0.04670	0.00854	0.03881	0.06040	0.18312	0.03314	0.08289	0.12274	0.02593	0.10509	0.00885	0.03148	0.00716	0.00782	0.12276	0.00192	0.10125	0.00372	0.00253	0.00515
1	0.71972	0.17685	0.00839	0.00528	0.00781	0.00979	0.00458	0.01119	0.00670	0.01542	0.00528	0.00615	0.00426	0.00347	0.00236	0.00110	0.00315	0.00205	0.00220	0.00426
2	0.00638	0.00425	0.00534	0.00557	0.00629	0.00410	0.00393	0.08306	0.00868	0.06335	0.07337	0.61837	0.05122	0.04059	0.00515	0.00152	0.00246	0.00912	0.00362	0.00361
3	0.02379	0.00669	0.04765	0.06458	0.03651	0.00633	0.01645	0.09784	0.07936	0.13432	0.08691	0.05295	0.02423	0.16464	0.07612	0.00205	0.00407	0.02413	0.00309	0.04829
4	0.26389	0.00891	0.09124	0.08305	0.12497	0.00830	0.02223	0.12596	0.00956	0.18347	0.00859	0.00925	0.00613	0.00394	0.00333	0.00116	0.00385	0.00306	0.03378	0.00532
5	0.00472	0.00337	0.00452	0.00540	0.00566	0.00317	0.00370	0.00546	0.00736	0.00979	0.02085	0.80864	0.02486	0.01179	0.00487	0.00155	0.00229	0.06538	0.00352	0.00311
6	0.06341	0.16788	0.52331	0.01047	0.01518	0.01001	0.13548	0.01186	0.00800	0.01180	0.00657	0.00789	0.00492	0.00347	0.00345	0.00114	0.00528	0.00287	0.00170	0.00531
7	0.02360	0.16189	0.04325	0.05469	0.20013	0.05644	0.13185	0.08677	0.05145	0.10499	0.02065	0.00959	0.00670	0.00388	0.00385	0.00113	0.02787	0.00336	0.00244	0.00545
8	0.00676	0.00548	0.00618	0.00609	0.00728	0.00586	0.00447	0.01180	0.35896	0.01284	0.10599	0.31201	0.08908	0.04306	0.00494	0.00146	0.00253	0.00717	0.00368	0.00435
9	0.00482	0.00353	0.00471	0.00530	0.00574	0.00342	0.00373	0.00572	0.00746	0.01000	0.07392	0.58773	0.09015	0.01396	0.13636	0.00221	0.00342	0.03130	0.00333	0.00318

[dist]
# distance from previous block
# <min> <max>
7	21

[block]
# block no. 9 follows, 72 sequences, length 31
# corresponding to MSA columns:
# 1040-1070
name=unknown_J
#
# <colnr> <probs for GDERKNQSTAVLIFYWHMCP>
#	G	D	E	R	K	N	Q	S	T	A	V	L	I	F	Y	W	H	M	C	P
0	0.00777	0.00659	0.02064	0.04081	0.00922	0.02083	0.00476	0.00944	0.00835	0.04607	0.08745	0.02607	0.07541	0.00411	0.00323	0.00077	0.00286	0.00339	0.00261	0.61962
1	0.00901	0.02737	0.46177	0.01147	0.11328	0.00842	0.06183	0.04273	0.01992	0.08212	0.02081	0.00912	0.00611	0.00373	0.00378	0.00113	0.01985	0.00311	0.00213	0.09231
2	0.54569	0.05333	0.06932	0.02845	0.20294	0.00891	0.00683	0.01125	0.00723	0.01497	0.01804	0.00745	0.00512	0.00355	0.00283	0.00115	0.00358	0.00251	0.00216	0.00469
3	0.01402	0.01032	0.01110	0.00859	0.01151	0.01141	0.00706	0.79669	0.01740	0.02332	0.00959	0.04406	0.00721	0.00485	0.00384	0.00115	0.00409	0.00372	0.00378	0.00631
4	0.00542	0.00406	0.00610	0.00610	0.00677	0.00474	0.00474	0.00677	0.00610	0.00880	0.01016	0.01490	0.00948	0.02844	0.85169	0.00610	0.01016	0.00406	0.00203	0.00339
5	0.00943	0.00815	0.00858	0.00772	0.00986	0.00943	0.00600	0.02015	0.83621	0.01586	0.01544	0.01415	0.01158	0.00515	0.00386	0.00129	0.00300	0.00429	0.00386	0.00600
6	0.00885	0.00869	0.01503	0.16342	0.48378	0.02017	0.13515	0.02542	0.00852	0.01181	0.00765	0.04489	0.00655	0.00393	0.00426	0.00121	0.03954	0.00384	0.00194	0.00535
7	0.00716	0.00674	0.01138	0.85760	0.02612	0.00843	0.01053	0.00969	0.00758	0.00969	0.00674	0.01011	0.00506	0.00379	0.00379	0.00126	0.00506	0.00337	0.00169	0.00421
8	0.00462	0.00330	0.00440	0.00528	0.00550	0.00308	0.00352	0.00528	0.00726	0.00968	0.02090	0.86424	0.02508	0.01188	0.00484	0.00154	0.00220	0.01078	0.00352	0.00308
9	0.00550	0.00369	0.00421	0.00419	0.00426	0.00367	0.00240	0.00565	0.00594	0.00800	0.07988	0.02511	0.01559	0.79634	0.01809	0.00347	0.00352	0.00563	0.00245	0.00240
10	0.08467	0.17262	0.05265	0.00897	0.03358	0.31416	0.02528	0.18878	0.06155	0.01366	0.00710	0.00777	0.00561	0.00392	0.00330	0.00104	0.00507	0.00274	0.00242	0.00512
11	0.00976	0.74018	0.14533	0.00714	0.01075	0.01407	0.00763	0.01146	0.00775	0.00939	0.00551	0.00638	0.00486	0.00330	0.00261	0.00087	0.00429	0.00215	0.00162	0.00498
12	0.00867	0.08011	0.35382	0.01067	0.11446	0.00859	0.04444	0.06253	0.04307	0.02471	0.04124	0.00931	0.00686	0.00369	0.00348	0.00104	0.00447	0.00306	0.00215	0.17367
13	0.03602	0.17333	0.23024	0.01215	0.23200	0.02803	0.00951	0.03852	0.04534	0.09501	0.04046	0.00951	0.00715	0.00383	0.00344	0.00109	0.00436	0.00311	0.00230	0.02461
14	0.00462	0.00330	0.00440	0.00528	0.00550	0.00308	0.00352	0.00528	0.00726	0.00968	0.02090	0.86424	0.02508	0.01188	0.00484	0.00154	0.00220	0.01078	0.00352	0.00308
15	0.00462	0.00330	0.00440	0.00528	0.00550	0.00308	0.00352	0.00528	0.00726	0.00968	0.02090	0.86424	0.02508	0.01188	0.00484	0.00154	0.00220	0.01078	0.00352	0.00308
16	0.01020	0.09280	0.03233	0.01995	0.00999	0.24140	0.02738	0.07360	0.12500	0.05070	0.10776	0.01518	0.13055	0.00536	0.00390	0.00111	0.01999	0.00419	0.00292	0.02570
17	0.01597	0.00707	0.00973	0.00871	0.10084	0.00646	0.00637	0.08426	0.01118	0.68737	0.01363	0.01221	0.00878	0.00454	0.00381	0.00117	0.00344	0.00373	0.00431	0.00641
18	0.01004	0.00946	0.01579	0.02356	0.83514	0.00937	0.01187	0.01210	0.00906	0.01301	0.00780	0.01029	0.00663	0.00382	0.00404	0.00125	0.00472	0.00360	0.00211	0.00634
19	0.00461	0.00378	0.00409	0.00430	0.00537	0.00326	0.00321	0.00557	0.00841	0.01022	0.03413	0.18233	0.64390	0.01006	0.00460	0.00136	0.00207	0.06201	0.00352	0.00320
20	0.00844	0.00789	0.01331	0.08911	0.61459	0.00799	0.02249	0.01050	0.00839	0.01178	0.00951	0.11417	0.00912	0.00484	0.00398	0.00123	0.00424	0.05091	0.00215	0.00535
21	0.00761	0.01962	0.84707	0.01081	0.01641	0.00881	0.01401	0.01201	0.00801	0.01201	0.00681	0.00801	0.00480	0.00360	0.00360	0.00120	0.00560	0.00280	0.00160	0.00560
22	0.00761	0.01962	0.84707	0.01081	0.01641	0.00881	0.01401	0.01201	0.00801	0.01201	0.00681	0.00801	0.00480	0.00360	0.00360	0.00120	0.00560	0.00280	0.00160	0.00560
23	0.01402	0.00569	0.00774	0.00639	0.00867	0.00497	0.00508	0.01529	0.00999	0.64355	0.01640	0.21875	0.01318	0.00643	0.00406	0.00126	0.00298	0.00550	0.00441	0.00564
24	0.00889	0.34743	0.43643	0.00975	0.03831	0.03392	0.05385	0.01184	0.00803	0.01076	0.00624	0.00739	0.00492	0.00344	0.00320	0.00105	0.00505	0.00260	0.00164	0.00527
25	0.00761	0.01962	0.84707	0.01081	0.01641	0.00881	0.01401	0.01201	0.00801	0.01201	0.00681	0.00801	0.00480	0.00360	0.00360	0.00120	0.00560	0.00280	0.00160	0.00560
26	0.00482	0.00342	0.00447	0.00508	0.00538	0.00322	0.00340	0.00557	0.00756	0.01020	0.13529	0.65501	0.02536	0.10463	0.00637	0.00172	0.00230	0.00965	0.00348	0.00307
27	0.00731	0.00567	0.00609	0.00560	0.00727	0.00581	0.00432	0.01219	0.32982	0.06413	0.10326	0.02509	0.37297	0.00728	0.00416	0.00126	0.00240	0.00609	0.02477	0.00453
28	0.00794	0.15020	0.67810	0.00992	0.01493	0.00961	0.01238	0.01186	0.02368	0.01154	0.00715	0.03341	0.00555	0.00382	0.00346	0.00115	0.00521	0.00295	0.00170	0.00542
29	0.01689	0.00665	0.00892	0.00684	0.00978	0.00587	0.00565	0.05679	0.01118	0.80691	0.01469	0.01273	0.00925	0.00469	0.00381	0.00117	0.00327	0.00380	0.00465	0.00645
30	0.11398	0.05868	0.06735	0.02398	0.21517	0.06011	0.08598	0.04265	0.14421	0.02256	0.06007	0.01170	0.04281	0.00435	0.00379	0.00117	0.01994	0.00370	0.00254	0.01528

[dist]
# distance from previous block
# <min> <max>
1	6

[block]
# block no. 10 follows, 72 sequences, length 55
# corresponding to MSA columns:
# 1077-1131
name=unknown_K
#
# <colnr> <probs for GDERKNQSTAVLIFYWHMCP>
#	G	D	E	R	K	N	Q	S	T	A	V	L	I	F	Y	W	H	M	C	P
0	0.00968	0.00880	0.02671	0.07135	0.61750	0.00863	0.01990	0.04391	0.02639	0.05369	0.00772	0.00957	0.00620	0.00351	0.00370	0.00110	0.00434	0.00334	0.00214	0.07182
1	0.04166	0.25404	0.23616	0.03447	0.07274	0.09217	0.02902	0.09970	0.00949	0.08656	0.00725	0.00806	0.00551	0.00371	0.00329	0.00106	0.00476	0.00278	0.00221	0.00537
2	0.00825	0.13653	0.65065	0.01012	0.01492	0.04222	0.01237	0.01187	0.00794	0.01131	0.00645	0.00771	0.00483	0.00375	0.00396	0.00117	0.05625	0.00271	0.00162	0.00537
3	0.00498	0.00387	0.00455	0.00458	0.00553	0.00350	0.00336	0.00648	0.03225	0.01219	0.34069	0.19173	0.35412	0.00921	0.00453	0.00130	0.00195	0.00800	0.00378	0.00340
4	0.01590	0.00781	0.01018	0.00775	0.01076	0.00751	0.04578	0.24667	0.01273	0.57420	0.01296	0.01171	0.00839	0.00458	0.00384	0.00117	0.00365	0.00373	0.00431	0.00639
5	0.00646	0.00334	0.00485	0.00485	0.00485	0.00334	0.00318	0.00501	0.00501	0.00668	0.00720	0.01305	0.00741	0.11104	0.01534	0.78807	0.00334	0.00355	0.00172	0.00172
6	0.00761	0.01962	0.84707	0.01081	0.01641	0.00881	0.01401	0.01201	0.00801	0.01201	0.00681	0.00801	0.00480	0.00360	0.00360	0.00120	0.00560	0.00280	0.00160	0.00560
7	0.01209	0.00519	0.00668	0.00554	0.00741	0.00468	0.00433	0.01344	0.00946	0.46685	0.09407	0.01675	0.01281	0.12996	0.00591	0.00149	0.00286	0.01465	0.18086	0.00495
8	0.03908	0.00648	0.00872	0.00670	0.00962	0.00565	0.00554	0.01830	0.01074	0.82482	0.01472	0.01274	0.00926	0.00466	0.00378	0.00117	0.00322	0.00377	0.00463	0.00640
9	0.01014	0.86900	0.01987	0.00649	0.00973	0.01501	0.00649	0.01136	0.00771	0.00892	0.00527	0.00608	0.00487	0.00324	0.00243	0.00081	0.00406	0.00203	0.00162	0.00487
10	0.00465	0.00331	0.00439	0.00524	0.00545	0.00310	0.00348	0.00529	0.00720	0.00960	0.02060	0.83596	0.02470	0.04068	0.00533	0.00161	0.00225	0.01060	0.00348	0.00305
11	0.00512	0.00359	0.00429	0.00460	0.00486	0.00344	0.00292	0.00556	0.00673	0.00891	0.05985	0.31904	0.09160	0.43109	0.01190	0.00255	0.00291	0.02535	0.00295	0.00274
12	0.00542	0.00406	0.00610	0.00610	0.00677	0.00474	0.00474	0.00677	0.00610	0.00880	0.01016	0.01490	0.00948	0.02844	0.85169	0.00610	0.01016	0.00406	0.00203	0.00339
13	0.00552	0.00368	0.00414	0.00414	0.00414	0.00368	0.00230	0.00552	0.00552	0.00735	0.01195	0.02482	0.01379	0.86672	0.01930	0.00368	0.00368	0.00552	0.00230	0.00230
14	0.03589	0.00621	0.00807	0.00646	0.00894	0.00566	0.00524	0.05500	0.03781	0.59929	0.12291	0.05600	0.02412	0.00548	0.00392	0.00120	0.00300	0.00455	0.00443	0.00580
15	0.00559	0.00404	0.00534	0.00604	0.00669	0.00397	0.00478	0.00703	0.02974	0.01052	0.02046	0.29358	0.06675	0.09051	0.00635	0.00182	0.00301	0.42707	0.00340	0.00330
16	0.01036	0.00594	0.00719	0.00619	0.00811	0.00594	0.00487	0.01466	0.25471	0.28070	0.26832	0.01868	0.04002	0.00588	0.00399	0.00120	0.00261	0.00498	0.05047	0.00520
17	0.00828	0.00731	0.01228	0.14364	0.51225	0.00761	0.00953	0.00984	0.00769	0.01075	0.00737	0.01071	0.00642	0.00679	0.05841	0.15397	0.00472	0.01581	0.00184	0.00479
18	0.00622	0.00365	0.00445	0.00483	0.00550	0.00350	0.00353	0.00749	0.00797	0.04606	0.05501	0.39320	0.01886	0.00847	0.00400	0.00128	0.00219	0.08573	0.33461	0.00345
19	0.00741	0.00465	0.00599	0.04627	0.00745	0.00440	0.00427	0.00956	0.05519	0.14650	0.51567	0.02533	0.13796	0.00718	0.00430	0.00121	0.00226	0.00622	0.00403	0.00415
20	0.01166	0.00854	0.01351	0.06167	0.39428	0.00854	0.08458	0.10928	0.04007	0.21512	0.00958	0.01049	0.00700	0.00390	0.00385	0.00117	0.00431	0.00362	0.00285	0.00599
21	0.01232	0.01427	0.08904	0.00970	0.04077	0.43222	0.00783	0.16640	0.01102	0.03294	0.00721	0.00846	0.00577	0.00621	0.07435	0.00150	0.05842	0.00293	0.01374	0.00489
22	0.76852	0.04744	0.00672	0.00552	0.00787	0.09022	0.00453	0.01154	0.00693	0.01590	0.00534	0.00622	0.00422	0.00355	0.00245	0.00114	0.00336	0.00209	0.00228	0.00417
23	0.00535	0.00388	0.00504	0.00475	0.00565	0.00357	0.00356	0.00712	0.01069	0.01511	0.82442	0.02850	0.05249	0.00779	0.00447	0.00119	0.00179	0.00688	0.00416	0.00357
24	0.01179	0.00931	0.01098	0.15659	0.05902	0.01047	0.00775	0.46859	0.18122	0.01903	0.00984	0.01030	0.00721	0.00445	0.00379	0.00118	0.00409	0.00357	0.00332	0.01749
25	0.00479	0.00339	0.00436	0.00501	0.00538	0.00312	0.00339	0.00528	0.00727	0.00948	0.02246	0.64290	0.16024	0.01162	0.00575	0.08741	0.00226	0.00959	0.00334	0.00296
26	0.01302	0.05251	0.08660	0.02373	0.14358	0.01882	0.02599	0.16397	0.05934	0.33383	0.03289	0.01117	0.00829	0.00434	0.00374	0.00115	0.00395	0.00359	0.00344	0.00603
27	0.00998	0.72348	0.10762	0.00724	0.01069	0.01394	0.02737	0.01158	0.00781	0.02928	0.00572	0.00659	0.00499	0.00337	0.00280	0.00089	0.01773	0.00223	0.00170	0.00498
28	0.00515	0.00387	0.00477	0.00454	0.00553	0.00349	0.00341	0.00673	0.01022	0.01399	0.64324	0.03034	0.23436	0.00821	0.00448	0.00121	0.00182	0.00714	0.00401	0.00349
29	0.00785	0.01870	0.78679	0.01072	0.01610	0.00863	0.03110	0.01208	0.00812	0.03393	0.00736	0.00903	0.00536	0.00379	0.00367	0.00122	0.00551	0.02275	0.00174	0.00557
30	0.01012	0.04187	0.05832	0.36946	0.14448	0.11021	0.01781	0.04924	0.03583	0.11461	0.00806	0.00977	0.00598	0.00390	0.00369	0.00117	0.00486	0.00328	0.00228	0.00506
