[name]
unknown

[dist]
# distance from previous block
# <min> <max>
0	49

[block]
# block no. 0 follows, 67 sequences, length 53
# corresponding to MSA columns:
# 49-92,96-104
name=unknown_A
#
# <colnr> <probs for GDERKNQSTAVLIFYWHMCP>
#	G	D	E	R	K	N	Q	S	T	A	V	L	I	F	Y	W	H	M	C	P
0	0.00563	0.00415	0.00543	0.00618	0.00696	0.00395	0.00493	0.00695	0.00872	0.01122	0.02522	0.30291	0.17900	0.01138	0.00525	0.00168	0.00294	0.40030	0.00371	0.00350
1	0.00794	0.00742	0.01228	0.75252	0.07223	0.00915	0.01103	0.03028	0.00828	0.01076	0.00715	0.01056	0.00544	0.00411	0.00433	0.00134	0.03515	0.00356	0.00185	0.00462
2	0.03094	0.03155	0.04061	0.02214	0.01221	0.21261	0.00764	0.42562	0.04812	0.05866	0.00944	0.00979	0.01865	0.00474	0.00416	0.00119	0.03481	0.00341	0.01780	0.00594
3	0.01622	0.00817	0.00996	0.00780	0.01081	0.00808	0.00639	0.22015	0.12387	0.52266	0.01434	0.01282	0.00946	0.00499	0.00403	0.00125	0.00363	0.00400	0.00461	0.00676
4	0.01031	0.01003	0.01475	0.16747	0.51124	0.07842	0.02507	0.07848	0.00981	0.01319	0.00745	0.00979	0.00607	0.00393	0.00431	0.00123	0.03701	0.00351	0.00211	0.00582
5	0.00530	0.00405	0.00486	0.00473	0.00578	0.00361	0.00352	0.00682	0.01036	0.01390	0.50670	0.08021	0.31731	0.00914	0.00476	0.00132	0.00197	0.00792	0.00413	0.00361
6	0.00489	0.00349	0.00465	0.00558	0.00582	0.00326	0.00372	0.00558	0.00768	0.01024	0.02210	0.85644	0.02653	0.01256	0.00512	0.00163	0.00233	0.01140	0.00372	0.00326
7	0.00514	0.00380	0.00480	0.00515	0.00581	0.00346	0.00363	0.00630	0.00920	0.01237	0.30713	0.43483	0.16232	0.01065	0.00492	0.00146	0.00213	0.00948	0.00396	0.00346
8	0.00521	0.00413	0.00450	0.00439	0.00567	0.00356	0.00331	0.00643	0.00959	0.02747	0.20781	0.03574	0.62799	0.01012	0.02498	0.00146	0.00224	0.00802	0.00386	0.00354
9	0.10213	0.01718	0.01087	0.04561	0.01253	0.70058	0.00758	0.01517	0.01062	0.01065	0.00615	0.00735	0.00509	0.00417	0.00378	0.00109	0.03015	0.00261	0.00209	0.00460
10	0.00528	0.00380	0.00473	0.00533	0.00573	0.00362	0.00359	0.00627	0.03015	0.01036	0.04148	0.56606	0.09595	0.14811	0.00748	0.00195	0.00260	0.03419	0.02007	0.00326
11	0.60616	0.03899	0.00790	0.00661	0.02018	0.05682	0.00530	0.10213	0.08411	0.02922	0.00722	0.00782	0.00552	0.00403	0.00291	0.00122	0.00356	0.00262	0.00277	0.00491
12	0.23391	0.00818	0.00903	0.00715	0.01004	0.00842	0.00588	0.24044	0.01215	0.35518	0.01119	0.01069	0.00759	0.00503	0.01938	0.00131	0.00371	0.00341	0.02179	0.02551
13	0.00553	0.00400	0.00484	0.00487	0.00584	0.00359	0.00356	0.00686	0.00974	0.03252	0.35562	0.22009	0.28782	0.00966	0.00476	0.00137	0.00207	0.00842	0.02523	0.00361
14	0.75528	0.00807	0.00652	0.00572	0.00825	0.02737	0.00468	0.03494	0.03650	0.07251	0.00677	0.00739	0.00508	0.00391	0.00271	0.00124	0.00325	0.00243	0.00274	0.00465
15	0.05444	0.00870	0.00880	0.00774	0.00988	0.08556	0.01989	0.06346	0.42822	0.07637	0.13587	0.01615	0.01456	0.00562	0.00405	0.00129	0.00347	0.01948	0.03082	0.00562
16	0.00804	0.02074	0.83828	0.01143	0.01736	0.00931	0.01482	0.01270	0.00847	0.01270	0.00720	0.00847	0.00508	0.00381	0.00381	0.00127	0.00593	0.00296	0.00169	0.00593
17	0.00545	0.00424	0.00458	0.00444	0.00575	0.00372	0.00335	0.00699	0.03234	0.02773	0.21765	0.03460	0.58257	0.00927	0.00463	0.00132	0.00205	0.00782	0.03786	0.00364
18	0.00891	0.00580	0.00690	0.00613	0.00782	0.00584	0.00475	0.02546	0.22428	0.14575	0.38870	0.02306	0.07760	0.00689	0.00435	0.00127	0.00251	0.00590	0.04309	0.00495
19	0.00993	0.00953	0.01628	0.02462	0.83404	0.00953	0.01231	0.01231	0.00913	0.01310	0.00754	0.00993	0.00635	0.00357	0.00397	0.00119	0.00476	0.00357	0.00199	0.00635
20	0.01476	0.03990	0.01151	0.01011	0.01222	0.78598	0.00764	0.03781	0.01144	0.01031	0.00639	0.00740	0.00529	0.00414	0.00359	0.00103	0.00700	0.00262	0.01614	0.00471
21	0.00491	0.00369	0.00456	0.00514	0.00573	0.00333	0.00355	0.00579	0.00835	0.01085	0.09076	0.57785	0.23775	0.01159	0.00499	0.00153	0.00222	0.01031	0.00378	0.00333
22	0.00644	0.00462	0.00590	0.00561	0.00673	0.00448	0.00433	0.00917	0.08439	0.03593	0.65768	0.02973	0.03338	0.00816	0.00474	0.00133	0.00222	0.08674	0.00433	0.00408
23	0.00489	0.00349	0.00465	0.00558	0.00582	0.00326	0.00372	0.00558	0.00768	0.01024	0.02210	0.85644	0.02653	0.01256	0.00512	0.00163	0.00233	0.01140	0.00372	0.00326
24	0.34826	0.00933	0.00927	0.00741	0.01030	0.01031	0.00611	0.41642	0.01333	0.10527	0.00878	0.00894	0.00625	0.00441	0.00341	0.00122	0.00377	0.00311	0.01828	0.00582
25	0.88738	0.00776	0.00589	0.00527	0.00776	0.00900	0.00434	0.01179	0.00683	0.01799	0.00558	0.00651	0.00434	0.00372	0.00248	0.00124	0.00310	0.00217	0.00248	0.00434
26	0.00501	0.00397	0.00449	0.00457	0.00561	0.00347	0.00333	0.00617	0.00939	0.01198	0.23159	0.17542	0.48770	0.02282	0.00504	0.00142	0.00208	0.00863	0.00387	0.00345
27	0.67250	0.01038	0.00726	0.00652	0.00887	0.20027	0.00520	0.01272	0.00785	0.01598	0.00572	0.00672	0.00455	0.00387	0.00292	0.00120	0.01839	0.00229	0.00237	0.00441
28	0.01298	0.01012	0.02502	0.00909	0.01161	0.02909	0.03645	0.48065	0.08339	0.06449	0.01034	0.03009	0.00815	0.06449	0.00626	0.00148	0.10273	0.00403	0.00354	0.00600
29	0.00487	0.00365	0.00450	0.00517	0.00569	0.00330	0.00352	0.00563	0.00802	0.01034	0.02671	0.62910	0.23454	0.02825	0.00532	0.00160	0.00228	0.01053	0.00370	0.00327
30	0.00968	0.01185	0.23241	0.02757	0.01250	0.01940	0.00869	0.09360	0.42071	0.01591	0.02629	0.01267	0.00973	0.00534	0.01798	0.00139	0.02052	0.00396	0.04382	0.00597
31	0.00484	0.00395	0.00428	0.00444	0.00554	0.00339	0.00324	0.00586	0.00901	0.01110	0.09564	0.20323	0.61055	0.01050	0.00482	0.00140	0.00208	0.00897	0.00378	0.00339
32	0.00584	0.00395	0.00500	0.00544	0.00613	0.00369	0.00390	0.01835	0.00836	0.04009	0.05229	0.48586	0.16765	0.01163	0.02565	0.04350	0.00266	0.06345	0.04309	0.00346
33	0.01072	0.86147	0.02102	0.00686	0.01029	0.01587	0.00686	0.01201	0.00815	0.00944	0.00558	0.00643	0.00515	0.00343	0.00257	0.00086	0.00429	0.00214	0.00172	0.00515
34	0.08489	0.24104	0.02544	0.00832	0.01129	0.16904	0.00712	0.28598	0.01242	0.06431	0.00772	0.00823	0.00595	0.00422	0.00360	0.00108	0.02351	0.00288	0.00283	0.03013
35	0.05995	0.01051	0.01183	0.04958	0.02417	0.08474	0.03017	0.34000	0.04397	0.01687	0.00791	0.00960	0.00633	0.02177	0.00701	0.00143	0.26228	0.00352	0.00285	0.00549
36	0.00782	0.06235	0.06632	0.02236	0.12861	0.02769	0.03534	0.02113	0.13576	0.01402	0.27890	0.04121	0.11960	0.00651	0.00429	0.00127	0.00337	0.01525	0.00336	0.00485
37	0.00612	0.00427	0.00536	0.00512	0.00619	0.00392	0.00382	0.00797	0.03122	0.05177	0.56968	0.11219	0.15980	0.00872	0.00472	0.00131	0.00206	0.00764	0.00425	0.00387
38	0.02739	0.02232	0.02637	0.03572	0.20063	0.02113	0.03870	0.18273	0.17332	0.02885	0.05180	0.10072	0.01147	0.01754	0.00431	0.00131	0.00393	0.00478	0.04132	0.00566
39	0.00917	0.09177	0.55482	0.01058	0.03543	0.00956	0.02997	0.05156	0.02919	0.04576	0.00776	0.00878	0.00567	0.00381	0.00367	0.00117	0.00525	0.00300	0.00208	0.09099
40	0.03917	0.08804	0.38778	0.01164	0.01610	0.02510	0.22266	0.03826	0.04991	0.03396	0.02110	0.03292	0.00695	0.00412	0.00397	0.00126	0.00552	0.00374	0.00219	0.00561
41	0.01075	0.82958	0.03688	0.00702	0.01047	0.03085	0.00703	0.01210	0.00821	0.00951	0.00562	0.00649	0.00515	0.00345	0.00262	0.00087	0.00437	0.00217	0.00172	0.00515
42	0.00512	0.00363	0.00468	0.00535	0.00559	0.00348	0.00352	0.00572	0.00728	0.00971	0.02004	0.62415	0.04303	0.18298	0.05398	0.00234	0.00309	0.00983	0.00338	0.00311
43	0.32928	0.03787	0.07953	0.01956	0.01056	0.11192	0.00657	0.11496	0.06293	0.14647	0.00900	0.01895	0.00675	0.02498	0.00376	0.00128	0.00415	0.00313	0.00303	0.00532
44	0.09505	0.00863	0.00913	0.00749	0.01001	0.04923	0.00602	0.26267	0.12480	0.22181	0.04031	0.01263	0.00964	0.02473	0.03377	0.00146	0.00395	0.00387	0.06891	0.00588
45	0.01060	0.01253	0.02113	0.01555	0.01920	0.18176	0.65220	0.01350	0.00986	0.01222	0.00772	0.01008	0.00590	0.00354	0.00450	0.00129	0.00686	0.00429	0.00204	0.00525
46	0.00583	0.00389	0.00437	0.00437	0.00437	0.00389	0.00243	0.00583	0.00583	0.00778	0.01264	0.02624	0.01458	0.85906	0.02041	0.00389	0.00389	0.00583	0.00243	0.00243
47	0.00577	0.00386	0.00439	0.00446	0.00447	0.00384	0.00252	0.00581	0.00596	0.00795	0.01329	0.08387	0.01541	0.80030	0.01935	0.00373	0.00378	0.00622	0.00252	0.00249
48	0.00530	0.00392	0.00485	0.00524	0.00588	0.00363	0.00366	0.02602	0.00884	0.01171	0.17523	0.49861	0.17775	0.04303	0.00553	0.00158	0.00230	0.00968	0.00381	0.00344
49	0.12121	0.13306	0.06791	0.02861	0.01159	0.05652	0.02739	0.19320	0.07631	0.05626	0.00841	0.00898	0.00641	0.00400	0.00339	0.00105	0.00413	0.00299	0.00283	0.18576
50	0.01155	0.01320	0.16869	0.05072	0.27087	0.18502	0.01025	0.09590	0.01069	0.08304	0.03928	0.01025	0.00743	0.00419	0.00388	0.00118	0.00522	0.00343	0.01943	0.00577
51	0.04733	0.26562	0.24235	0.00970	0.03391	0.08438	0.05981	0.08951	0.05394	0.04225	0.00807	0.03178	0.00648	0.00415	0.00351	0.00114	0.00498	0.00320	0.00231	0.00556
52	0.01046	0.52743	0.12386	0.00844	0.01189	0.04340	0.05947	0.06393	0.00906	0.02094	0.00731	0.04027	0.00657	0.00423	0.00350	0.00105	0.03017	0.02074	0.00205	0.00525

[dist]
# distance from previous block
# <min> <max>
0	17

[block]
# block no. 1 follows, 67 sequences, length 6
# corresponding to MSA columns:
# 122-127
name=unknown_B
#
# <colnr> <probs for GDERKNQSTAVLIFYWHMCP>
#	G	D	E	R	K	N	Q	S	T	A	V	L	I	F	Y	W	H	M	C	P
0	0.00561	0.00601	0.10652	0.00570	0.00722	0.00427	0.00495	0.00743	0.00985	0.01345	0.40897	0.17800	0.20917	0.00889	0.00469	0.00135	0.00249	0.00775	0.00380	0.00386
1	0.68277	0.05968	0.00778	0.00620	0.00872	0.11129	0.00508	0.05546	0.00810	0.01688	0.00587	0.00676	0.00462	0.00381	0.00271	0.00119	0.00375	0.00230	0.00247	0.00456
2	0.00912	0.02343	0.04986	0.06463	0.27332	0.00833	0.12848	0.06778	0.05315	0.03246	0.07366	0.05857	0.02648	0.00577	0.01960	0.00139	0.00454	0.05945	0.03460	0.00537
3	0.00992	0.00989	0.01100	0.03016	0.20039	0.19342	0.04574	0.06291	0.04335	0.01237	0.02923	0.15164	0.01055	0.00691	0.03672	0.04336	0.00485	0.00475	0.00260	0.09022
4	0.00864	0.00822	0.01395	0.47579	0.39292	0.00919	0.01167	0.01118	0.00852	0.01154	0.00732	0.01035	0.00580	0.00381	0.00399	0.00127	0.00508	0.00357	0.00187	0.00531
5	0.11394	0.00447	0.00534	0.00553	0.00650	0.00431	0.00398	0.00805	0.00858	0.09579	0.13701	0.49640	0.07525	0.00994	0.00461	0.00147	0.00245	0.00875	0.00380	0.00384

[dist]
# distance from previous block
# <min> <max>
1	2

[block]
# block no. 2 follows, 67 sequences, length 23
# corresponding to MSA columns:
# 130-152
name=unknown_C
#
# <colnr> <probs for GDERKNQSTAVLIFYWHMCP>
#	G	D	E	R	K	N	Q	S	T	A	V	L	I	F	Y	W	H	M	C	P
0	0.01325	0.00690	0.00864	0.00717	0.00931	0.02505	0.00573	0.09811	0.02598	0.42415	0.10888	0.12506	0.02749	0.00654	0.00497	0.00133	0.07172	0.00532	0.01876	0.00565
1	0.07902	0.00642	0.00763	0.00637	0.00849	0.00633	0.00508	0.12250	0.05684	0.26975	0.30756	0.01945	0.05014	0.00622	0.00415	0.00125	0.00287	0.00517	0.02946	0.00530
2	0.03784	0.00721	0.05373	0.06527	0.18684	0.00652	0.04479	0.04000	0.00947	0.09163	0.11553	0.14716	0.11741	0.03843	0.00496	0.00143	0.00364	0.02017	0.00316	0.00481
3	0.01094	0.16758	0.13280	0.03023	0.01170	0.06639	0.00743	0.09128	0.05133	0.11539	0.04064	0.02563	0.00811	0.00421	0.00349	0.00101	0.00415	0.00325	0.00279	0.22164
4	0.00892	0.00837	0.01326	0.55395	0.16012	0.03965	0.05239	0.04346	0.00884	0.03038	0.00744	0.01040	0.00571	0.00407	0.00437	0.00131	0.03677	0.00360	0.00200	0.00498
5	0.00484	0.00402	0.00423	0.00427	0.00550	0.00341	0.00317	0.00591	0.00923	0.01127	0.11189	0.10192	0.69622	0.01017	0.00477	0.00137	0.00204	0.00858	0.00379	0.00341
6	0.00950	0.00997	0.04861	0.10086	0.25655	0.00955	0.36068	0.04529	0.00953	0.02567	0.03012	0.02326	0.00750	0.00407	0.00461	0.00131	0.02887	0.01626	0.00221	0.00556
7	0.00956	0.40747	0.35568	0.04216	0.03879	0.01230	0.04380	0.01241	0.00842	0.02647	0.00665	0.00785	0.00529	0.00364	0.00329	0.00108	0.00510	0.00272	0.00179	0.00552
8	0.00543	0.00387	0.00524	0.00615	0.00660	0.00372	0.00460	0.00649	0.00815	0.01076	0.02159	0.56893	0.02510	0.03234	0.00562	0.00175	0.00281	0.27376	0.00368	0.00338
9	0.01498	0.01911	0.01137	0.01033	0.01240	0.84295	0.00775	0.01601	0.01137	0.00982	0.00620	0.00723	0.00517	0.00413	0.00362	0.00103	0.00723	0.00258	0.00207	0.00465
10	0.00931	0.02736	0.00928	0.04156	0.02401	0.08111	0.00565	0.05250	0.05094	0.01332	0.00801	0.03120	0.00675	0.00361	0.00324	0.00078	0.00357	0.00287	0.00251	0.62241
11	0.00790	0.00724	0.01205	0.73823	0.06775	0.00890	0.01084	0.01042	0.00806	0.02679	0.00756	0.02811	0.00592	0.00431	0.00441	0.00135	0.03996	0.00373	0.00189	0.00457
12	0.00592	0.00436	0.00557	0.00522	0.00625	0.00414	0.00393	0.00835	0.05803	0.01612	0.78524	0.02910	0.03638	0.00804	0.00469	0.00127	0.00197	0.00710	0.00440	0.00393
13	0.01132	0.10497	0.15689	0.01172	0.12884	0.20711	0.03845	0.04532	0.08372	0.06614	0.04812	0.01027	0.00795	0.00447	0.00436	0.00119	0.05774	0.00341	0.00249	0.00551
14	0.00502	0.00364	0.00471	0.00535	0.00578	0.00337	0.00365	0.00592	0.00833	0.01115	0.15113	0.64031	0.09329	0.03159	0.00539	0.00160	0.00227	0.01038	0.00380	0.00333
15	0.01158	0.03551	0.09209	0.02904	0.10408	0.10363	0.02037	0.21905	0.17669	0.05574	0.05664	0.03627	0.00988	0.00525	0.01231	0.00129	0.01744	0.00404	0.00322	0.00588
16	0.00747	0.00514	0.00587	0.00540	0.00673	0.00505	0.00400	0.04180	0.11179	0.08551	0.16837	0.02676	0.26839	0.17084	0.04950	0.00205	0.00315	0.00636	0.02171	0.00410
17	0.01121	0.38378	0.05361	0.00839	0.02866	0.24427	0.00722	0.04804	0.00962	0.01091	0.06608	0.01017	0.02187	0.04282	0.00442	0.00116	0.03764	0.00309	0.00218	0.00487
18	0.01045	0.06593	0.01049	0.00934	0.08647	0.02446	0.02169	0.11384	0.37450	0.07021	0.03385	0.06511	0.06792	0.00588	0.00411	0.00130	0.00356	0.02142	0.00366	0.00581
19	0.04762	0.16420	0.11740	0.09072	0.07616	0.03436	0.06580	0.16258	0.05839	0.05320	0.00918	0.01024	0.02823	0.00439	0.00413	0.00120	0.04464	0.00345	0.01851	0.00559
20	0.01107	0.19022	0.07907	0.01052	0.12319	0.13600	0.02408	0.09807	0.05382	0.05267	0.05726	0.01139	0.00877	0.02704	0.00421	0.00117	0.01613	0.02170	0.00261	0.07102
21	0.00634	0.00451	0.00533	0.00531	0.00603	0.02122	0.00367	0.01924	0.02672	0.02763	0.14156	0.24579	0.11079	0.18675	0.02639	0.11207	0.00307	0.00720	0.00323	0.03716
22	0.02237	0.15404	0.14716	0.07226	0.07460	0.04682	0.04619	0.07088	0.03958	0.11850	0.01115	0.08685	0.03960	0.00549	0.01628	0.00130	0.02356	0.00420	0.00272	0.01645

[dist]
# distance from previous block
# <min> <max>
0	13

[block]
# block no. 3 follows, 67 sequences, length 16
# corresponding to MSA columns:
# 166-181
name=unknown_D
#
# <colnr> <probs for GDERKNQSTAVLIFYWHMCP>
#	G	D	E	R	K	N	Q	S	T	A	V	L	I	F	Y	W	H	M	C	P
0	0.02975	0.09119	0.12842	0.01181	0.17511	0.03700	0.05042	0.09289	0.03844	0.14235	0.01024	0.08227	0.00846	0.00477	0.00395	0.00119	0.01370	0.00404	0.00285	0.07115
1	0.03612	0.20153	0.26229	0.00941	0.02316	0.06667	0.03739	0.17301	0.04140	0.06578	0.00942	0.00995	0.03829	0.00431	0.00362	0.00116	0.00488	0.00327	0.00259	0.00576
2	0.00656	0.00544	0.06919	0.00616	0.00709	0.00489	0.00493	0.00746	0.00648	0.04052	0.01067	0.01737	0.01043	0.23938	0.42822	0.11775	0.00739	0.00448	0.00224	0.00335
3	0.00556	0.00388	0.00460	0.00474	0.00500	0.00382	0.00297	0.00597	0.00675	0.00899	0.05774	0.16576	0.08727	0.53779	0.07930	0.00336	0.00390	0.00694	0.00284	0.00281
4	0.10476	0.01041	0.04115	0.05136	0.28894	0.09189	0.08102	0.12846	0.02245	0.09206	0.00881	0.02444	0.00684	0.00417	0.00385	0.00121	0.00476	0.00361	0.02403	0.00578
5	0.05931	0.05999	0.04971	0.03855	0.27709	0.07949	0.26100	0.05299	0.02702	0.02997	0.00787	0.00982	0.00620	0.00416	0.01838	0.00131	0.00556	0.00371	0.00221	0.00565
6	0.00591	0.00411	0.00498	0.00492	0.00504	0.00435	0.00307	0.00618	0.00595	0.00810	0.01208	0.02391	0.01351	0.69172	0.15926	0.00425	0.03212	0.00550	0.00236	0.00269
7	0.01112	0.59513	0.04706	0.00893	0.04558	0.09804	0.05679	0.05252	0.00908	0.01073	0.00612	0.00722	0.00534	0.00369	0.00328	0.00098	0.02871	0.00254	0.00190	0.00525
8	0.00504	0.00369	0.00473	0.00542	0.00589	0.00341	0.00377	0.00592	0.00820	0.01080	0.08390	0.61854	0.13706	0.02929	0.00538	0.00162	0.00237	0.05790	0.00375	0.00332
9	0.00520	0.00408	0.00470	0.00454	0.00570	0.00358	0.00341	0.00664	0.01022	0.01339	0.42605	0.03439	0.44540	0.00920	0.00474	0.00131	0.00196	0.00787	0.00406	0.00358
10	0.00519	0.00408	0.00469	0.00454	0.00569	0.00358	0.00340	0.00663	0.01021	0.01336	0.42150	0.03444	0.44997	0.00921	0.00474	0.00131	0.00196	0.00788	0.00406	0.00358
11	0.16014	0.00658	0.00784	0.00636	0.00893	0.00627	0.00517	0.03423	0.03913	0.49292	0.07387	0.01486	0.04960	0.00523	0.00377	0.00123	0.00308	0.00415	0.07087	0.00578
12	0.01083	0.00966	0.00951	0.00842	0.01076	0.07490	0.00657	0.09160	0.69199	0.01699	0.01494	0.01389	0.01121	0.00528	0.00404	0.00132	0.00360	0.00430	0.00392	0.00626
13	0.17301	0.17668	0.40074	0.00976	0.01413	0.07532	0.07347	0.01267	0.00840	0.01286	0.00658	0.00781	0.00504	0.00371	0.00339	0.00117	0.00526	0.00277	0.00190	0.00534
14	0.00568	0.00374	0.00476	0.00532	0.00582	0.00350	0.00368	0.00662	0.00814	0.03601	0.07706	0.58226	0.06540	0.05471	0.00561	0.00163	0.00239	0.03187	0.09239	0.00343
15	0.02258	0.20864	0.03908	0.00929	0.04113	0.17548	0.04044	0.12874	0.15599	0.02512	0.00959	0.01065	0.02265	0.01878	0.00419	0.00118	0.03276	0.01469	0.00271	0.03629

[dist]
# distance from previous block
# <min> <max>
3	4

[block]
# block no. 4 follows, 67 sequences, length 42
# corresponding to MSA columns:
# 187-228
name=unknown_E
#
# <colnr> <probs for GDERKNQSTAVLIFYWHMCP>
#	G	D	E	R	K	N	Q	S	T	A	V	L	I	F	Y	W	H	M	C	P
0	0.00675	0.00519	0.00564	0.01788	0.00711	0.04269	0.00433	0.01955	0.04466	0.06380	0.04524	0.23990	0.35238	0.02805	0.00512	0.00151	0.00279	0.09989	0.00370	0.00385
1	0.00739	0.02124	0.10832	0.03617	0.02143	0.01652	0.04444	0.06381	0.07278	0.02144	0.11301	0.13169	0.19225	0.07399	0.00600	0.00157	0.03057	0.02974	0.00323	0.00440
2	0.00990	0.02479	0.08834	0.10972	0.28273	0.01909	0.05589	0.07740	0.08561	0.04965	0.00910	0.01099	0.01535	0.00593	0.05112	0.01265	0.07993	0.00374	0.00243	0.00565
3	0.00490	0.00374	0.00451	0.00502	0.00569	0.00334	0.00349	0.00580	0.00848	0.01091	0.09340	0.50807	0.30544	0.01138	0.00496	0.00150	0.00219	0.01006	0.00378	0.00334
4	0.01461	0.01777	0.01123	0.01009	0.01225	0.72248	0.00763	0.06980	0.07588	0.01139	0.00722	0.00800	0.00583	0.00428	0.00368	0.00107	0.00673	0.00280	0.00235	0.00493
5	0.02380	0.05823	0.14660	0.03126	0.17709	0.09374	0.04973	0.05214	0.13190	0.14300	0.01094	0.02979	0.02479	0.00455	0.00392	0.00123	0.00469	0.00382	0.00288	0.00589
6	0.00686	0.00486	0.00593	0.00627	0.04876	0.00454	0.00439	0.00857	0.05572	0.09521	0.04786	0.20370	0.40236	0.02028	0.02733	0.00158	0.01613	0.03190	0.00371	0.00406
7	0.01045	0.00820	0.00870	0.00759	0.00977	0.00924	0.00596	0.18172	0.50127	0.01811	0.04315	0.02910	0.01200	0.00542	0.00392	0.00127	0.00318	0.00445	0.13058	0.00592
8	0.00761	0.00820	0.07689	0.78363	0.02682	0.00894	0.01143	0.01044	0.00805	0.01044	0.00713	0.01052	0.00533	0.00399	0.00399	0.00133	0.00539	0.00352	0.00178	0.00457
9	0.01136	0.11332	0.20090	0.06361	0.18804	0.11131	0.02735	0.11401	0.01048	0.09059	0.00842	0.02814	0.00656	0.00419	0.00378	0.00118	0.00512	0.00339	0.00246	0.00581
10	0.00665	0.00525	0.00655	0.03187	0.00779	0.03952	0.03350	0.00838	0.07210	0.03948	0.02959	0.45601	0.04459	0.11713	0.06729	0.00217	0.01681	0.00829	0.00331	0.00375
11	0.12229	0.08158	0.03816	0.01062	0.08646	0.43272	0.01769	0.12188	0.01123	0.03225	0.00693	0.00787	0.00551	0.00407	0.00351	0.00110	0.00575	0.00280	0.00240	0.00519
12	0.00573	0.00483	0.00559	0.00588	0.04335	0.00462	0.00414	0.00783	0.08478	0.01203	0.13146	0.12556	0.50103	0.00935	0.00498	0.00138	0.03202	0.00789	0.00370	0.00386
13	0.00964	0.00756	0.00880	0.02384	0.01023	0.00646	0.00534	0.06838	0.09964	0.07158	0.00892	0.00956	0.00696	0.00353	0.00326	0.00078	0.00317	0.00284	0.00285	0.64666
14	0.00588	0.00483	0.00515	0.00572	0.00610	0.06933	0.00383	0.00651	0.00770	0.00980	0.01965	0.59281	0.04757	0.16959	0.00785	0.00200	0.00302	0.02607	0.00335	0.00323
15	0.00582	0.00453	0.00637	0.00626	0.00695	0.00520	0.00481	0.00705	0.00671	0.00940	0.01421	0.01894	0.11140	0.09153	0.62031	0.00531	0.06447	0.00488	0.00234	0.00352
16	0.00927	0.00530	0.00655	0.00583	0.00742	0.00503	0.00449	0.07210	0.04130	0.19936	0.30839	0.13756	0.09714	0.00762	0.00440	0.00129	0.00254	0.00656	0.07318	0.00468
17	0.06647	0.00708	0.00797	0.00681	0.00903	0.00745	0.00540	0.07975	0.29278	0.22342	0.11494	0.01553	0.01362	0.00540	0.00387	0.00124	0.00299	0.00441	0.12616	0.00570
18	0.64423	0.02679	0.00704	0.00585	0.00834	0.02772	0.00481	0.08028	0.02204	0.07280	0.02485	0.00829	0.00608	0.00407	0.00283	0.00121	0.00327	0.00264	0.04211	0.00474
19	0.01973	0.00700	0.04655	0.00696	0.00871	0.00676	0.00566	0.16078	0.15731	0.03274	0.05616	0.25108	0.11147	0.00836	0.00453	0.00143	0.00314	0.08293	0.02393	0.00478
20	0.01091	0.01131	0.01151	0.00994	0.01083	0.22531	0.00801	0.07498	0.00866	0.03064	0.00710	0.00980	0.02314	0.03595	0.00985	0.00158	0.50023	0.00348	0.00215	0.00461
21	0.88738	0.00776	0.00589	0.00527	0.00776	0.00900	0.00434	0.01179	0.00683	0.01799	0.00558	0.00651	0.00434	0.00372	0.00248	0.00124	0.00310	0.00217	0.00248	0.00434
22	0.00539	0.00383	0.00508	0.00588	0.00628	0.00368	0.00420	0.00641	0.02563	0.01049	0.02118	0.61975	0.03540	0.04492	0.00613	0.03261	0.00269	0.15352	0.00361	0.00332
23	0.00691	0.00485	0.00596	0.00568	0.00629	0.00519	0.00397	0.09830	0.00761	0.01036	0.01199	0.03251	0.01258	0.45051	0.26149	0.03081	0.00594	0.03318	0.00257	0.00330
24	0.70220	0.00805	0.00693	0.00591	0.00853	0.00907	0.00487	0.10369	0.00865	0.10069	0.00706	0.00758	0.00518	0.00397	0.00281	0.00124	0.00328	0.00252	0.00290	0.00487
25	0.00573	0.00426	0.00627	0.00635	0.00702	0.00486	0.00490	0.00708	0.00660	0.00940	0.01181	0.05514	0.01156	0.06673	0.73036	0.00591	0.00974	0.04048	0.00230	0.00352
26	0.00639	0.00432	0.00481	0.00465	0.00597	0.00377	0.00349	0.00746	0.00910	0.09551	0.07062	0.06877	0.54426	0.08839	0.00612	0.00160	0.00242	0.04259	0.02607	0.00368
27	0.00571	0.00390	0.00448	0.00454	0.00468	0.00387	0.00270	0.00591	0.00628	0.00832	0.02588	0.07364	0.06691	0.70910	0.04442	0.00362	0.00387	0.01694	0.00262	0.00261
28	0.00943	0.00731	0.00748	0.00658	0.00836	0.08806	0.00510	0.09700	0.14097	0.10134	0.34510	0.02267	0.13024	0.00693	0.00437	0.00126	0.00306	0.00581	0.00405	0.00486
29	0.01072	0.86147	0.02102	0.00686	0.01029	0.01587	0.00686	0.01201	0.00815	0.00944	0.00558	0.00643	0.00515	0.00343	0.00257	0.00086	0.00429	0.00214	0.00172	0.00515
30	0.00558	0.00397	0.00508	0.00590	0.00617	0.00368	0.00389	0.00607	0.00792	0.01062	0.02182	0.78447	0.02596	0.07933	0.00656	0.00191	0.00266	0.01109	0.00381	0.00351
31	0.00508	0.00429	0.00486	0.07059	0.00724	0.00386	0.00379	0.00632	0.00927	0.01140	0.13325	0.06146	0.64553	0.00951	0.00469	0.00135	0.00228	0.00803	0.00366	0.00351
32	0.00886	0.06394	0.31195	0.03410	0.13588	0.04107	0.16764	0.02385	0.02727	0.01252	0.02704	0.04370	0.03400	0.00462	0.00433	0.00129	0.02788	0.02245	0.00215	0.00546
33	0.00797	0.05763	0.00916	0.00753	0.00802	0.04727	0.00585	0.02667	0.00683	0.00959	0.00877	0.01526	0.00905	0.28205	0.10968	0.00284	0.33643	0.00423	0.04140	0.00375
34	0.00923	0.21730	0.12990	0.00823	0.02608	0.02136	0.03643	0.08090	0.19875	0.01368	0.05646	0.03723	0.12345	0.00591	0.01706	0.00129	0.00403	0.00447	0.00295	0.00531
35	0.02255	0.02885	0.01045	0.00813	0.01080	0.04097	0.00660	0.43057	0.04994	0.19299	0.01125	0.01208	0.00835	0.05521	0.09080	0.00189	0.00486	0.00385	0.00380	0.00608
36	0.00897	0.01919	0.06789	0.03456	0.08445	0.02645	0.07349	0.04893	0.30402	0.01427	0.07878	0.03455	0.05726	0.00654	0.02520	0.04088	0.04183	0.00469	0.02275	0.00530
37	0.00847	0.20978	0.07219	0.00809	0.07769	0.03677	0.00644	0.08499	0.02162	0.01246	0.08344	0.07594	0.18081	0.04001	0.04923	0.00156	0.00405	0.00513	0.00283	0.01851
38	0.00886	0.02490	0.49342	0.05015	0.12878	0.03872	0.03935	0.01385	0.12844	0.01315	0.01769	0.00997	0.00671	0.00407	0.00390	0.00127	0.00535	0.00339	0.00214	0.00589
39	0.00909	0.00852	0.03921	0.08884	0.41346	0.00850	0.03846	0.03811	0.08746	0.03179	0.01081	0.09747	0.02095	0.02496	0.05019	0.00163	0.01785	0.00465	0.00251	0.00555
40	0.02791	0.10206	0.14717	0.00916	0.10217	0.03719	0.00741	0.02484	0.02153	0.07380	0.03037	0.20315	0.05478	0.00617	0.00392	0.00119	0.00380	0.00523	0.00281	0.13533
41	0.01005	0.00976	0.03178	0.15038	0.35967	0.09337	0.07611	0.03033	0.01784	0.05655	0.04664	0.03106	0.01823	0.00458	0.00433	0.00126	0.02495	0.02523	0.00239	0.00549

[dist]
# distance from previous block
# <min> <max>
4	9

[block]
# block no. 5 follows, 67 sequences, length 14
# corresponding to MSA columns:
# 240-253
name=unknown_F
#
# <colnr> <probs for GDERKNQSTAVLIFYWHMCP>
#	G	D	E	R	K	N	Q	S	T	A	V	L	I	F	Y	W	H	M	C	P
0	0.48098	0.00795	0.02621	0.00814	0.09390	0.00859	0.00595	0.03442	0.13929	0.01674	0.06425	0.01313	0.00970	0.00492	0.00337	0.00131	0.00335	0.06997	0.00294	0.00488
1	0.01059	0.05701	0.08899	0.07711	0.24180	0.02230	0.08298	0.14974	0.01080	0.06500	0.05435	0.01097	0.00815	0.00464	0.02051	0.00126	0.00477	0.00368	0.00263	0.08275
2	0.00636	0.00610	0.04034	0.00590	0.00722	0.05641	0.01660	0.03839	0.02830	0.01204	0.13438	0.24926	0.33683	0.02119	0.00506	0.00143	0.01874	0.00803	0.00357	0.00382
3	0.01389	0.07523	0.01248	0.00998	0.06289	0.17876	0.00765	0.46727	0.04549	0.01914	0.00860	0.00904	0.00648	0.00440	0.00376	0.00111	0.00485	0.00325	0.00322	0.06250
4	0.03266	0.04821	0.12058	0.12023	0.04844	0.02383	0.07244	0.20594	0.03694	0.05078	0.00944	0.05185	0.00768	0.00460	0.00388	0.00118	0.00454	0.02276	0.00279	0.13123
5	0.01172	0.01276	0.01090	0.09199	0.01294	0.40146	0.05931	0.04666	0.06669	0.03826	0.14351	0.01260	0.01144	0.00501	0.00432	0.00118	0.03790	0.00387	0.02269	0.00478
6	0.01019	0.00871	0.01383	0.30612	0.34450	0.00944	0.04046	0.09917	0.04928	0.06647	0.00860	0.01067	0.00656	0.00403	0.00403	0.00126	0.00484	0.00369	0.00243	0.00574
7	0.00955	0.04583	0.37075	0.02465	0.09295	0.00996	0.02933	0.09745	0.22975	0.01504	0.02893	0.01098	0.00809	0.00441	0.00392	0.00127	0.00478	0.00363	0.00267	0.00606
8	0.00561	0.00498	0.00488	0.00490	0.00611	0.05549	0.00368	0.00678	0.00950	0.01158	0.15649	0.10539	0.55116	0.00974	0.00474	0.00137	0.00244	0.04792	0.00373	0.00353
9	0.00681	0.00587	0.02816	0.00697	0.05845	0.00558	0.00502	0.03679	0.16368	0.01431	0.29460	0.11892	0.22291	0.00814	0.00456	0.00134	0.00258	0.00704	0.00387	0.00442
10	0.06766	0.12525	0.13717	0.05094	0.16853	0.07776	0.06099	0.09825	0.04434	0.09322	0.00833	0.00940	0.00632	0.00410	0.00399	0.00120	0.03101	0.00328	0.00252	0.00575
11	0.00690	0.00557	0.00601	0.00569	0.00693	0.05638	0.00431	0.03426	0.06318	0.03328	0.45067	0.09507	0.17451	0.00838	0.00464	0.00132	0.00254	0.03226	0.00405	0.00405
12	0.00953	0.10986	0.20611	0.03267	0.13582	0.05838	0.02754	0.07245	0.08717	0.02970	0.09594	0.03974	0.04012	0.00507	0.00423	0.00123	0.03219	0.00414	0.00266	0.00545
13	0.02940	0.04728	0.23076	0.04621	0.06098	0.00899	0.03436	0.16197	0.09187	0.01511	0.04982	0.03702	0.04132	0.01784	0.05065	0.00156	0.00478	0.01810	0.00278	0.04920

[dist]
# distance from previous block
# <min> <max>
1	24

[block]
# block no. 6 follows, 67 sequences, length 22
# corresponding to MSA columns:
# 278-299
name=unknown_G
#
# <colnr> <probs for GDERKNQSTAVLIFYWHMCP>
#	G	D	E	R	K	N	Q	S	T	A	V	L	I	F	Y	W	H	M	C	P
0	0.05826	0.21660	0.08412	0.03106	0.14805	0.15817	0.01943	0.13596	0.04526	0.02548	0.00769	0.01965	0.00624	0.00407	0.00350	0.00110	0.00492	0.00307	0.00240	0.02498
1	0.05639	0.03482	0.17990	0.02591	0.26677	0.00870	0.03347	0.04486	0.10488	0.05143	0.08300	0.03472	0.04809	0.00489	0.00399	0.00125	0.00427	0.00425	0.00274	0.00567
2	0.04045	0.03557	0.14677	0.02522	0.08919	0.13089	0.00768	0.01188	0.06443	0.06282	0.14090	0.04632	0.11189	0.02373	0.00483	0.00132	0.04351	0.00481	0.00292	0.00488
3	0.00803	0.01693	0.00875	0.02936	0.13237	0.11479	0.01430	0.02206	0.04338	0.01121	0.08017	0.07948	0.02986	0.12271	0.20365	0.00285	0.01473	0.05847	0.00268	0.00422
4	0.00877	0.12630	0.58859	0.01109	0.01620	0.01022	0.08939	0.04994	0.00893	0.01276	0.00732	0.00874	0.00544	0.00470	0.03361	0.00141	0.00590	0.00310	0.00185	0.00574
5	0.00856	0.03699	0.03299	0.09854	0.13021	0.08374	0.01755	0.06360	0.09542	0.01320	0.12268	0.12387	0.11659	0.00666	0.00447	0.00131	0.02239	0.01337	0.00307	0.00479
6	0.00630	0.00481	0.00505	0.00488	0.00599	0.04267	0.00359	0.00756	0.00949	0.04170	0.26381	0.07281	0.33580	0.08345	0.02431	0.00162	0.00264	0.00714	0.07274	0.00363
7	0.00910	0.00777	0.00906	0.02907	0.06367	0.02181	0.02804	0.09886	0.39749	0.01558	0.06558	0.10291	0.11063	0.00665	0.00431	0.00135	0.00333	0.01558	0.00373	0.00545
8	0.00735	0.00644	0.00683	0.00687	0.04217	0.04486	0.00490	0.01190	0.27856	0.01353	0.15290	0.10296	0.26482	0.03172	0.00491	0.00142	0.00282	0.00670	0.00377	0.00457
9	0.00885	0.00911	0.07472	0.26860	0.29083	0.00890	0.05559	0.06613	0.03718	0.01319	0.06924	0.05060	0.00940	0.00466	0.00424	0.00129	0.01547	0.00425	0.00237	0.00537
10	0.01178	0.21590	0.07045	0.00930	0.01176	0.32729	0.03663	0.06020	0.04377	0.01135	0.00762	0.04750	0.00671	0.00473	0.00454	0.00115	0.09657	0.00326	0.02454	0.00496
11	0.00932	0.04041	0.11104	0.02661	0.11671	0.06259	0.02493	0.09381	0.13114	0.03200	0.07755	0.03322	0.10391	0.00741	0.06423	0.00164	0.04088	0.00462	0.01274	0.00523
12	0.00577	0.00414	0.00566	0.00566	0.00611	0.00459	0.00403	0.00666	0.00621	0.00873	0.01146	0.01973	0.01175	0.34410	0.53150	0.00548	0.00815	0.00488	0.00226	0.00314
13	0.00894	0.00764	0.01169	0.14485	0.32812	0.00796	0.02135	0.07664	0.04442	0.03601	0.14448	0.02784	0.04660	0.01969	0.04338	0.00153	0.00438	0.00462	0.00280	0.01708
14	0.00947	0.00838	0.03407	0.00875	0.10066	0.00710	0.00640	0.12498	0.02668	0.01479	0.00795	0.00949	0.00651	0.00358	0.00347	0.00082	0.01550	0.01733	0.00259	0.59146
15	0.00545	0.00380	0.00443	0.00466	0.00497	0.00362	0.00292	0.00573	0.00687	0.00891	0.01986	0.23501	0.16712	0.45189	0.01350	0.04481	0.00314	0.00759	0.00296	0.00278
16	0.03879	0.15691	0.21401	0.02659	0.11040	0.04152	0.06484	0.12753	0.00992	0.02283	0.00834	0.02694	0.02425	0.00445	0.00450	0.00121	0.07833	0.00344	0.01525	0.01998
17	0.02398	0.17459	0.28120	0.02569	0.05637	0.07896	0.07776	0.09008	0.03831	0.03135	0.01951	0.01028	0.04125	0.00432	0.00399	0.00119	0.02995	0.00340	0.00229	0.00554
18	0.00645	0.00454	0.00545	0.00547	0.00660	0.00426	0.00419	0.03820	0.02756	0.05290	0.18028	0.18175	0.28199	0.03457	0.00527	0.00152	0.00255	0.13046	0.02217	0.00383
19	0.00574	0.00404	0.00493	0.00528	0.00570	0.00392	0.00350	0.04473	0.00799	0.01074	0.06937	0.47863	0.05822	0.25076	0.00930	0.00220	0.00282	0.00893	0.01996	0.00324
20	0.05183	0.02138	0.09943	0.05065	0.21687	0.04410	0.09743	0.07973	0.07369	0.05467	0.05200	0.03492	0.04588	0.00488	0.00445	0.00128	0.04283	0.00422	0.01423	0.00553
21	0.03489	0.05104	0.06733	0.03088	0.04014	0.07147	0.03950	0.37534	0.09382	0.06273	0.01065	0.03556	0.00848	0.01767	0.00424	0.00129	0.00453	0.04110	0.00338	0.00597

[dist]
# distance from previous block
# <min> <max>
3	12

[block]
# block no. 7 follows, 67 sequences, length 7
# corresponding to MSA columns:
# 312-318
name=unknown_H
#
# <colnr> <probs for GDERKNQSTAVLIFYWHMCP>
#	G	D	E	R	K	N	Q	S	T	A	V	L	I	F	Y	W	H	M	C	P
0	0.13936	0.02414	0.06641	0.09043	0.11404	0.05472	0.02182	0.08389	0.06545	0.05411	0.03080	0.05468	0.00954	0.12713	0.04527	0.00187	0.00457	0.00419	0.00271	0.00487
1	0.03777	0.06744	0.01378	0.04099	0.17645	0.00887	0.17144	0.04512	0.03562	0.01232	0.00874	0.03242	0.00778	0.07534	0.10075	0.00202	0.06600	0.00403	0.00226	0.09088
2	0.00692	0.00524	0.00649	0.03263	0.00806	0.00520	0.00488	0.09176	0.06295	0.01285	0.05171	0.46826	0.02074	0.03174	0.00512	0.00153	0.00292	0.08981	0.00358	0.08764
3	0.01080	0.04526	0.06274	0.07551	0.10612	0.11909	0.00825	0.12209	0.31552	0.01505	0.01197	0.01230	0.03979	0.00491	0.00424	0.00126	0.03234	0.00390	0.00306	0.00579
4	0.00920	0.00813	0.01206	0.20003	0.28999	0.03679	0.02750	0.01169	0.04021	0.05520	0.04745	0.04791	0.00923	0.00461	0.00411	0.00119	0.01839	0.02793	0.00247	0.14589
5	0.00873	0.00831	0.01411	0.44486	0.42316	0.00921	0.01171	0.01126	0.00856	0.01165	0.00733	0.01032	0.00584	0.00380	0.00399	0.00127	0.00506	0.00357	0.00188	0.00539
6	0.03416	0.00961	0.05062	0.04083	0.24567	0.00913	0.32606	0.03450	0.00902	0.04113	0.00884	0.04056	0.00757	0.07564	0.00609	0.00153	0.04699	0.00443	0.00224	0.00535

[dist]
# distance from previous block
# <min> <max>
0	2

[block]
# block no. 8 follows, 67 sequences, length 17
# corresponding to MSA columns:
# 321-337
name=unknown_I
#
# <colnr> <probs for GDERKNQSTAVLIFYWHMCP>
#	G	D	E	R	K	N	Q	S	T	A	V	L	I	F	Y	W	H	M	C	P
0	0.00977	0.00924	0.01435	0.09624	0.53837	0.05566	0.04662	0.03547	0.00943	0.03111	0.00990	0.05698	0.03159	0.00463	0.00413	0.00126	0.00476	0.03246	0.00230	0.00572
1	0.00884	0.00891	0.01288	0.47050	0.22963	0.09752	0.03466	0.01117	0.00874	0.01103	0.00895	0.02901	0.04248	0.00434	0.00403	0.00127	0.00523	0.00388	0.00200	0.00492
2	0.00568	0.00428	0.00560	0.00632	0.05441	0.00396	0.00427	0.00694	0.00910	0.02778	0.22311	0.31845	0.22675	0.01095	0.04212	0.00166	0.00274	0.03844	0.00374	0.00370
3	0.01228	0.05775	0.01076	0.00824	0.01086	0.07651	0.02457	0.35882	0.18653	0.04215	0.01258	0.03528	0.04495	0.00517	0.00387	0.00119	0.00400	0.00408	0.06882	0.03159
4	0.13966	0.01044	0.00943	0.00758	0.01052	0.16875	0.00604	0.18079	0.05893	0.07277	0.00838	0.00887	0.00639	0.00397	0.00338	0.00099	0.00415	0.00288	0.00295	0.29314
5	0.01046	0.00578	0.00746	0.00682	0.03474	0.00542	0.00511	0.04681	0.05634	0.28095	0.18547	0.12679	0.08151	0.00827	0.04757	0.00155	0.00325	0.01734	0.02424	0.04413
6	0.00513	0.00365	0.00476	0.00536	0.00570	0.00342	0.00360	0.00598	0.00818	0.01108	0.17338	0.61598	0.02743	0.09849	0.00661	0.00179	0.00241	0.01005	0.00372	0.00327
7	0.00806	0.00675	0.00782	0.00587	0.00895	0.00535	0.00465	0.04859	0.00901	0.01347	0.04878	0.04979	0.08239	0.00437	0.00336	0.00077	0.00288	0.00361	0.00273	0.68281
8	0.00696	0.00437	0.00547	0.00559	0.00658	0.00400	0.00405	0.03629	0.00916	0.11494	0.08701	0.47610	0.18766	0.01049	0.00485	0.00149	0.00247	0.02469	0.00394	0.00390
9	0.00708	0.00582	0.00639	0.00624	0.00760	0.00615	0.00463	0.01227	0.34688	0.01317	0.05056	0.21661	0.21200	0.06134	0.00554	0.00158	0.00272	0.02507	0.00381	0.00454
10	0.00536	0.00391	0.00496	0.00578	0.03461	0.00371	0.00364	0.00597	0.00739	0.00973	0.02089	0.47782	0.11164	0.25637	0.00946	0.00224	0.00286	0.02722	0.00329	0.00315
11	0.09869	0.00787	0.00921	0.00736	0.01022	0.00789	0.00600	0.16449	0.13611	0.44979	0.01488	0.01353	0.04541	0.00512	0.00392	0.00126	0.00347	0.00405	0.00436	0.00636
12	0.03293	0.00559	0.00660	0.00670	0.01772	0.05128	0.03208	0.06445	0.00908	0.04208	0.03772	0.50361	0.04939	0.01027	0.02267	0.00158	0.00319	0.04624	0.05288	0.00393
13	0.00610	0.00397	0.00507	0.00533	0.00564	0.00394	0.00351	0.02481	0.00701	0.03068	0.01564	0.35521	0.01780	0.30903	0.08900	0.09990	0.00385	0.00756	0.00295	0.00301
14	0.01020	0.17691	0.25828	0.02769	0.08533	0.10421	0.05283	0.07014	0.04495	0.03193	0.02013	0.04170	0.00730	0.00473	0.01579	0.00125	0.01526	0.00349	0.02240	0.00548
15	0.01903	0.00526	0.01621	0.00598	0.00704	0.01727	0.03674	0.02821	0.04389	0.02792	0.02859	0.17620	0.23408	0.18618	0.10424	0.00251	0.02715	0.01565	0.01418	0.00366
16	0.05838	0.10855	0.14345	0.02521	0.12946	0.03269	0.05059	0.03318	0.04268	0.06362	0.00859	0.00970	0.02390	0.00392	0.00384	0.00106	0.03418	0.00314	0.00238	0.22146

[dist]
# distance from previous block
# <min> <max>
3	20

[block]
# block no. 9 follows, 67 sequences, length 15
# corresponding to MSA columns:
# 359-373
name=unknown_J
#
# <colnr> <probs for GDERKNQSTAVLIFYWHMCP>
#	G	D	E	R	K	N	Q	S	T	A	V	L	I	F	Y	W	H	M	C	P
0	0.02582	0.05389	0.06786	0.16533	0.32522	0.02693	0.08437	0.01218	0.03912	0.04312	0.00839	0.04505	0.00704	0.00443	0.00473	0.00129	0.07367	0.00389	0.00217	0.00550
1	0.01112	0.04251	0.27021	0.05270	0.08924	0.03414	0.06372	0.09168	0.05276	0.16711	0.02216	0.03515	0.00791	0.00456	0.00416	0.00126	0.02349	0.00380	0.01642	0.00589
2	0.00962	0.03976	0.12417	0.07302	0.32999	0.03429	0.05403	0.03642	0.04633	0.06094	0.02488	0.06920	0.00880	0.02819	0.03044	0.00149	0.01619	0.00423	0.00244	0.00558
3	0.07318	0.00668	0.00773	0.00667	0.00870	0.02761	0.00528	0.10120	0.08203	0.25929	0.17994	0.09384	0.05263	0.00796	0.05062	0.00159	0.00352	0.02223	0.00408	0.00522
4	0.05434	0.02674	0.09620	0.05258	0.10225	0.08545	0.05061	0.02766	0.04367	0.06140	0.04411	0.17658	0.12902	0.00675	0.00443	0.00133	0.02341	0.00577	0.00294	0.00476
5	0.02967	0.07036	0.23899	0.03017	0.23135	0.02341	0.08335	0.04410	0.02556	0.11207	0.03832	0.03797	0.00815	0.00434	0.00394	0.00123	0.00486	0.00383	0.00252	0.00584
6	0.00781	0.00558	0.00726	0.00738	0.06109	0.00549	0.02062	0.01089	0.14047	0.09066	0.23294	0.04554	0.18293	0.00845	0.01684	0.03472	0.00297	0.11005	0.00383	0.00449
7	0.00848	0.00487	0.00549	0.02235	0.00662	0.01662	0.02139	0.04004	0.03582	0.07393	0.02613	0.03916	0.03182	0.03399	0.02771	0.00129	0.00271	0.00425	0.59317	0.00415
8	0.04915	0.09938	0.15894	0.11293	0.14016	0.10327	0.03464	0.05306	0.02630	0.04365	0.04117	0.06144	0.01685	0.00480	0.00419	0.00124	0.03730	0.00388	0.00238	0.00526
9	0.00953	0.03689	0.05075	0.12135	0.21400	0.04092	0.27413	0.04405	0.03276	0.02739	0.02952	0.04039	0.02868	0.00440	0.00448	0.00129	0.02739	0.00436	0.00231	0.00542
10	0.03224	0.00372	0.00474	0.00545	0.00574	0.00361	0.00363	0.00589	0.00733	0.01009	0.01972	0.67329	0.02336	0.13021	0.04920	0.00217	0.00299	0.00999	0.00343	0.00319
11	0.56738	0.03491	0.08339	0.00857	0.07267	0.06881	0.05713	0.01242	0.02286	0.01582	0.00627	0.00746	0.00492	0.00381	0.00316	0.00123	0.01947	0.00261	0.00231	0.00479
12	0.00572	0.00407	0.00501	0.00531	0.00610	0.00375	0.00377	0.03288	0.00906	0.03780	0.14631	0.48492	0.21871	0.01085	0.00490	0.00148	0.00229	0.00960	0.00387	0.00359
13	0.00945	0.04120	0.02028	0.00703	0.00991	0.10171	0.02404	0.07483	0.03133	0.02458	0.03510	0.08981	0.00926	0.02492	0.00388	0.00096	0.00368	0.00372	0.00270	0.48160
14	0.02481	0.03844	0.12146	0.02071	0.03606	0.00724	0.05777	0.07848	0.05824	0.07382	0.07795	0.06699	0.10110	0.03837	0.03127	0.00149	0.01484	0.03360	0.00307	0.11427

[dist]
# distance from previous block
# <min> <max>
3	12

[block]
# block no. 10 follows, 67 sequences, length 37
# corresponding to MSA columns:
# 386-422
name=unknown_K
#
# <colnr> <probs for GDERKNQSTAVLIFYWHMCP>
#	G	D	E	R	K	N	Q	S	T	A	V	L	I	F	Y	W	H	M	C	P
0	0.02311	0.25008	0.25134	0.03217	0.05313	0.02849	0.07135	0.01258	0.02683	0.06230	0.00769	0.02383	0.00617	0.00400	0.00391	0.00111	0.04333	0.00311	0.00212	0.09335
1	0.02713	0.15805	0.48847	0.01815	0.03035	0.01034	0.05921	0.04973	0.05498	0.01295	0.00848	0.04227	0.01432	0.00426	0.00372	0.00122	0.00521	0.00343	0.00208	0.00566
2	0.00640	0.01974	0.03286	0.00613	0.00721	0.00534	0.00482	0.04947	0.03929	0.01099	0.02623	0.12427	0.10361	0.09682	0.40873	0.00403	0.00674	0.00570	0.03782	0.00380
3	0.00634	0.00450	0.00536	0.00535	0.00640	0.00427	0.00391	0.02100	0.06618	0.05609	0.17591	0.25083	0.25467	0.07042	0.02864	0.00173	0.00269	0.02807	0.00381	0.00382
4	0.01072	0.10831	0.25378	0.06674	0.08029	0.02821	0.16130	0.07755	0.02395	0.11390	0.00854	0.00976	0.00625	0.00403	0.00418	0.00124	0.02953	0.00351	0.00242	0.00580
5	0.00932	0.08530	0.05219	0.06053	0.09601	0.02301	0.25577	0.06506	0.03052	0.05143	0.04111	0.10071	0.04642	0.01590	0.01171	0.00139	0.00486	0.04094	0.00270	0.00512
6	0.00561	0.00390	0.00453	0.00461	0.00489	0.00377	0.00286	0.00605	0.00707	0.00940	0.11440	0.12019	0.09704	0.56830	0.01510	0.00305	0.00330	0.02019	0.00296	0.00280
7	0.05071	0.00715	0.00825	0.03389	0.00957	0.02828	0.01431	0.21722	0.03607	0.16779	0.09916	0.18326	0.08339	0.01679	0.02415	0.00147	0.00353	0.00600	0.00388	0.00512
8	0.04365	0.04680	0.08003	0.22038	0.10191	0.17528	0.11294	0.02661	0.08106	0.06097	0.00836	0.00996	0.00634	0.00405	0.00389	0.00123	0.00544	0.00347	0.00233	0.00530
9	0.01008	0.01097	0.01936	0.01436	0.01769	0.09712	0.57220	0.06851	0.01009	0.01320	0.00903	0.04974	0.00749	0.00432	0.00482	0.00134	0.03323	0.02508	0.02615	0.00521
10	0.02223	0.00714	0.05677	0.03799	0.08115	0.00606	0.02244	0.02260	0.03067	0.38227	0.03286	0.11203	0.10659	0.03976	0.00485	0.00140	0.00349	0.00539	0.01880	0.00550
11	0.27978	0.05363	0.00791	0.00658	0.00816	0.12942	0.00512	0.03379	0.00778	0.03331	0.00839	0.01232	0.00773	0.15342	0.17088	0.00268	0.05082	0.00346	0.02075	0.00408
12	0.00820	0.00555	0.00636	0.00589	0.00738	0.00569	0.00448	0.01258	0.24640	0.09165	0.24184	0.09341	0.09012	0.02237	0.00450	0.00132	0.00249	0.00606	0.13903	0.00470
