[name]
unknown

[dist]
# distance from previous block
# <min> <max>
1	449

[block]
# block no. 0 follows, 72 sequences, length 6
# corresponding to MSA columns:
# 606-611
name=unknown_A
#
# <colnr> <probs for GDERKNQSTAVLIFYWHMCP>
#	G	D	E	R	K	N	Q	S	T	A	V	L	I	F	Y	W	H	M	C	P
0	0.00953	0.00887	0.01000	0.12992	0.01246	0.19938	0.10947	0.07212	0.00936	0.08246	0.01211	0.27564	0.01208	0.03337	0.00461	0.00134	0.00448	0.00571	0.00278	0.00432
1	0.43619	0.00717	0.00763	0.15339	0.01109	0.00839	0.00584	0.11286	0.00834	0.01529	0.05493	0.08252	0.00824	0.00489	0.00387	0.00125	0.06766	0.00357	0.00257	0.00430
2	0.01001	0.00750	0.00857	0.09465	0.01088	0.00813	0.00602	0.26826	0.21422	0.07458	0.07459	0.01753	0.17699	0.00586	0.00400	0.00122	0.00329	0.00481	0.00363	0.00526
3	0.43880	0.00811	0.00774	0.00651	0.00902	0.00908	0.00530	0.18792	0.17579	0.10373	0.00913	0.00909	0.00665	0.00419	0.00311	0.00119	0.00324	0.00297	0.00320	0.00523
4	0.01145	0.00526	0.00679	0.00570	0.00770	0.00461	0.00454	0.01275	0.00986	0.45648	0.12372	0.02237	0.19090	0.06966	0.00525	0.00141	0.00282	0.04965	0.00414	0.00493
5	0.49605	0.00702	0.00675	0.00544	0.00818	0.00703	0.00445	0.01179	0.00754	0.14164	0.00719	0.00770	0.00536	0.00349	0.00271	0.00099	0.00294	0.00238	0.00267	0.26868

[dist]
# distance from previous block
# <min> <max>
1	3

[block]
# block no. 1 follows, 72 sequences, length 11
# corresponding to MSA columns:
# 615-625
name=unknown_B
#
# <colnr> <probs for GDERKNQSTAVLIFYWHMCP>
#	G	D	E	R	K	N	Q	S	T	A	V	L	I	F	Y	W	H	M	C	P
0	0.06869	0.01015	0.00984	0.22465	0.03389	0.23212	0.00719	0.06863	0.03029	0.03663	0.00705	0.00848	0.00551	0.00365	0.00334	0.00098	0.00461	0.00278	0.00224	0.23929
1	0.00888	0.00921	0.11416	0.00958	0.15085	0.06202	0.00708	0.01087	0.00836	0.06816	0.00836	0.07186	0.00723	0.00388	0.00333	0.00088	0.00369	0.00326	0.00234	0.44601
2	0.04187	0.08785	0.08134	0.07055	0.12164	0.05466	0.03239	0.21420	0.04475	0.02722	0.11720	0.03555	0.01038	0.00477	0.00407	0.00116	0.03857	0.00386	0.00278	0.00520
3	0.00659	0.00583	0.00833	0.07109	0.21246	0.03990	0.01871	0.00800	0.00799	0.01059	0.03490	0.34829	0.07607	0.00960	0.06540	0.00171	0.00385	0.06384	0.00281	0.00403
4	0.00865	0.00730	0.01105	0.48013	0.13166	0.00836	0.00916	0.12359	0.03330	0.03989	0.10080	0.01211	0.00914	0.00435	0.00387	0.00122	0.00438	0.00381	0.00244	0.00482
5	0.00773	0.00677	0.00891	0.16650	0.07206	0.00603	0.00613	0.00995	0.03822	0.01218	0.06222	0.00998	0.00775	0.00345	0.00321	0.00080	0.00329	0.00292	0.00230	0.56959
6	0.00833	0.00893	0.11755	0.33753	0.19937	0.00801	0.00971	0.04905	0.02265	0.03556	0.00859	0.02332	0.03346	0.00395	0.00367	0.00113	0.00444	0.00345	0.00210	0.11920
7	0.00996	0.00803	0.01069	0.24479	0.09925	0.06809	0.04413	0.07420	0.02127	0.12890	0.00912	0.04193	0.00731	0.00422	0.00367	0.00109	0.00422	0.02670	0.00258	0.18988
8	0.00663	0.00479	0.00606	0.00651	0.06652	0.00460	0.00440	0.03831	0.06381	0.06331	0.22035	0.22490	0.19206	0.05574	0.00524	0.00144	0.00251	0.02528	0.00360	0.00393
9	0.01031	0.19464	0.02440	0.00989	0.12798	0.15613	0.02302	0.07983	0.13915	0.02572	0.06832	0.01092	0.00895	0.03316	0.02232	0.00125	0.02060	0.00338	0.00254	0.03749
10	0.00845	0.31433	0.09267	0.01789	0.00929	0.03565	0.00616	0.04620	0.07524	0.02811	0.12905	0.09629	0.07747	0.02167	0.00380	0.00113	0.00351	0.00448	0.00269	0.02592

[dist]
# distance from previous block
# <min> <max>
1	5

[block]
# block no. 2 follows, 72 sequences, length 17
# corresponding to MSA columns:
# 631-647
name=unknown_C
#
# <colnr> <probs for GDERKNQSTAVLIFYWHMCP>
#	G	D	E	R	K	N	Q	S	T	A	V	L	I	F	Y	W	H	M	C	P
0	0.00854	0.03050	0.05624	0.02820	0.00947	0.00637	0.05508	0.07939	0.04751	0.12724	0.04031	0.19194	0.05231	0.04186	0.06483	0.00176	0.04427	0.08377	0.00316	0.02724
1	0.04378	0.00918	0.07018	0.00781	0.01037	0.07189	0.04341	0.17068	0.16849	0.18003	0.09497	0.01406	0.05803	0.00511	0.00395	0.00119	0.01604	0.00414	0.02124	0.00544
2	0.00811	0.00721	0.02280	0.23764	0.17586	0.00776	0.00792	0.01274	0.24966	0.03619	0.08717	0.01593	0.08839	0.00516	0.00396	0.00124	0.00369	0.02069	0.00287	0.00500
3	0.00461	0.00333	0.00437	0.00520	0.00548	0.00309	0.00349	0.00529	0.00733	0.00971	0.02183	0.82064	0.06809	0.01176	0.00482	0.00153	0.00219	0.01064	0.00352	0.00309
4	0.01087	0.00722	0.00875	0.03164	0.00987	0.02076	0.04520	0.14507	0.23144	0.20453	0.03145	0.09088	0.05390	0.05904	0.00491	0.00139	0.00338	0.00487	0.02954	0.00530
5	0.00872	0.00842	0.01451	0.26114	0.51046	0.00891	0.07490	0.01147	0.04239	0.01174	0.00740	0.00986	0.00594	0.00356	0.00383	0.00118	0.00475	0.00350	0.00191	0.00542
6	0.00812	0.00721	0.03898	0.00584	0.00928	0.00521	0.00488	0.00990	0.00796	0.03636	0.00698	0.00801	0.00570	0.00289	0.00287	0.00060	0.00292	0.00231	0.00229	0.83167
7	0.00552	0.00368	0.00414	0.00414	0.00414	0.00368	0.00230	0.00552	0.00552	0.00735	0.01195	0.02482	0.01379	0.86672	0.01930	0.00368	0.00368	0.00552	0.00230	0.00230
8	0.00912	0.00858	0.01420	0.12198	0.60266	0.00891	0.03618	0.04413	0.04284	0.01271	0.04135	0.01043	0.00732	0.00378	0.00397	0.00117	0.01934	0.00359	0.00210	0.00565
9	0.00607	0.00462	0.00549	0.00493	0.00626	0.00427	0.00377	0.07531	0.01063	0.01455	0.52456	0.02733	0.22410	0.00760	0.00431	0.00117	0.00209	0.00654	0.00386	0.06254
10	0.00786	0.00674	0.00786	0.00562	0.00899	0.00506	0.00449	0.00955	0.00786	0.01236	0.00674	0.00786	0.00562	0.00281	0.00281	0.00056	0.00281	0.00225	0.00225	0.88990
11	0.04427	0.00407	0.00474	0.00476	0.00536	0.00412	0.00325	0.00666	0.04058	0.00984	0.09967	0.13221	0.13787	0.35303	0.13056	0.00294	0.00390	0.00629	0.00285	0.00304
12	0.03690	0.00863	0.01206	0.06097	0.34331	0.07273	0.04205	0.05405	0.00971	0.22903	0.03051	0.03548	0.00800	0.00418	0.00375	0.00114	0.00420	0.00369	0.00283	0.03678
13	0.05352	0.05254	0.02117	0.12372	0.02944	0.08675	0.03680	0.14395	0.10888	0.03004	0.11704	0.06131	0.04680	0.04024	0.00442	0.00127	0.00386	0.00442	0.00295	0.03088
14	0.01007	0.08058	0.03705	0.22632	0.05007	0.13483	0.06628	0.09051	0.07903	0.07096	0.00985	0.04381	0.03577	0.02109	0.00401	0.00120	0.00464	0.00375	0.00250	0.02768
15	0.06519	0.00962	0.01123	0.07750	0.12061	0.10598	0.04732	0.17492	0.12181	0.08275	0.00880	0.00968	0.00667	0.00431	0.00443	0.00117	0.08242	0.00333	0.00278	0.05948
16	0.06255	0.02288	0.03623	0.07297	0.11233	0.06804	0.05152	0.19615	0.12090	0.06056	0.04283	0.01165	0.04636	0.00443	0.00368	0.00113	0.00404	0.00367	0.00293	0.07516

[dist]
# distance from previous block
# <min> <max>
20	59

[block]
# block no. 3 follows, 72 sequences, length 12
# corresponding to MSA columns:
# 721-732
name=unknown_D
#
# <colnr> <probs for GDERKNQSTAVLIFYWHMCP>
#	G	D	E	R	K	N	Q	S	T	A	V	L	I	F	Y	W	H	M	C	P
0	0.03420	0.05842	0.10607	0.09482	0.02835	0.00727	0.04770	0.04946	0.03607	0.02743	0.09820	0.10592	0.21411	0.02258	0.01802	0.00156	0.01953	0.00589	0.00322	0.02118
1	0.10266	0.05896	0.05888	0.07501	0.11224	0.03080	0.02389	0.05803	0.03974	0.05387	0.08894	0.04728	0.07881	0.00530	0.00476	0.00122	0.11145	0.00413	0.00262	0.04142
2	0.03147	0.11785	0.01205	0.16847	0.09177	0.07663	0.06143	0.10557	0.05317	0.03512	0.05445	0.01203	0.04097	0.00447	0.00388	0.00112	0.02980	0.02312	0.01556	0.06106
3	0.03651	0.06653	0.01336	0.15159	0.49226	0.00858	0.00965	0.01082	0.00836	0.01201	0.05044	0.01000	0.00723	0.00360	0.00356	0.00107	0.00418	0.00330	0.00201	0.10493
4	0.06829	0.00736	0.01130	0.47648	0.19892	0.00847	0.00949	0.05894	0.04448	0.01209	0.03939	0.03341	0.00727	0.00416	0.00374	0.00123	0.00445	0.00366	0.00213	0.00475
5	0.00779	0.00683	0.01067	0.22541	0.33185	0.00720	0.00841	0.01012	0.05023	0.03436	0.06397	0.01589	0.11332	0.07968	0.01722	0.00148	0.00405	0.00443	0.00240	0.00471
6	0.26896	0.27750	0.01212	0.04518	0.09252	0.11585	0.00644	0.01193	0.05665	0.01212	0.00653	0.00778	0.00548	0.00527	0.06053	0.00138	0.00452	0.00255	0.00206	0.00464
7	0.01501	0.00657	0.00860	0.00678	0.00953	0.00591	0.00559	0.06248	0.04471	0.64127	0.04089	0.01468	0.01066	0.00503	0.00386	0.00117	0.00322	0.05130	0.00438	0.05837
8	0.00485	0.00353	0.00452	0.00525	0.00557	0.00336	0.00352	0.00587	0.03878	0.00980	0.02082	0.75245	0.05393	0.06142	0.00563	0.00165	0.00231	0.01012	0.00346	0.00315
9	0.15875	0.00788	0.00848	0.02707	0.03019	0.02257	0.00589	0.35382	0.03770	0.01711	0.01136	0.17518	0.01082	0.04360	0.00474	0.00138	0.02730	0.04802	0.00323	0.00490
10	0.01168	0.00794	0.00889	0.04762	0.01039	0.06417	0.00574	0.19278	0.01117	0.22436	0.06767	0.05071	0.00967	0.00455	0.00358	0.00099	0.00350	0.00368	0.00335	0.26757
11	0.00800	0.00707	0.01166	0.45309	0.12736	0.00797	0.08012	0.03863	0.02254	0.04325	0.01011	0.06964	0.05025	0.00471	0.00417	0.00126	0.02817	0.00425	0.02316	0.00457

[dist]
# distance from previous block
# <min> <max>
3	11

[block]
# block no. 4 follows, 72 sequences, length 15
# corresponding to MSA columns:
# 744-758
name=unknown_E
#
# <colnr> <probs for GDERKNQSTAVLIFYWHMCP>
#	G	D	E	R	K	N	Q	S	T	A	V	L	I	F	Y	W	H	M	C	P
0	0.02675	0.04088	0.06343	0.05277	0.15841	0.16169	0.03072	0.13156	0.10629	0.04692	0.06271	0.01101	0.02305	0.00454	0.00430	0.00117	0.06232	0.00356	0.00265	0.00525
1	0.07164	0.00825	0.03409	0.00637	0.00837	0.14052	0.00514	0.06893	0.13202	0.06509	0.05256	0.02091	0.30657	0.00648	0.00392	0.00119	0.00336	0.02780	0.00325	0.03354
2	0.02139	0.06323	0.40275	0.06383	0.04437	0.08143	0.05801	0.09425	0.00931	0.04487	0.00817	0.04702	0.00658	0.00460	0.01623	0.00126	0.00520	0.02011	0.00215	0.00527
3	0.00919	0.06586	0.03724	0.04541	0.04714	0.07341	0.03693	0.08741	0.21524	0.04551	0.05215	0.05703	0.08623	0.02710	0.01974	0.00134	0.01597	0.02596	0.00304	0.04811
4	0.04757	0.02977	0.00973	0.04576	0.19498	0.00755	0.03156	0.01291	0.25133	0.06165	0.10755	0.06875	0.09326	0.00565	0.00404	0.00123	0.01359	0.00491	0.00315	0.00507
5	0.00523	0.05602	0.00558	0.04274	0.00641	0.00415	0.00377	0.00589	0.00703	0.00923	0.01824	0.59428	0.04673	0.16778	0.00729	0.00187	0.00270	0.00887	0.00310	0.00310
6	0.04792	0.00821	0.01237	0.28030	0.29263	0.03155	0.05585	0.06764	0.07949	0.01261	0.02532	0.01134	0.00724	0.03146	0.00428	0.00128	0.00453	0.01866	0.00223	0.00508
7	0.00799	0.00734	0.01239	0.49466	0.21907	0.00822	0.06335	0.02754	0.00828	0.03154	0.00936	0.02901	0.05659	0.00421	0.00389	0.00123	0.00470	0.00389	0.00201	0.00472
8	0.01165	0.01006	0.05947	0.09640	0.16110	0.01044	0.00860	0.45314	0.07122	0.01837	0.00890	0.02580	0.00680	0.00447	0.00412	0.00119	0.03573	0.00357	0.00304	0.00592
9	0.00552	0.00368	0.00414	0.00414	0.00414	0.00368	0.00230	0.00552	0.00552	0.00735	0.01195	0.02482	0.01379	0.86672	0.01930	0.00368	0.00368	0.00552	0.00230	0.00230
10	0.00985	0.00792	0.00917	0.00935	0.12221	0.04409	0.00644	0.07617	0.37224	0.09183	0.11055	0.01576	0.07153	0.00543	0.00419	0.00123	0.02853	0.00451	0.00353	0.00547
11	0.00588	0.00414	0.00531	0.00500	0.00599	0.00391	0.00377	0.03357	0.01031	0.03774	0.62999	0.08153	0.08961	0.00922	0.05561	0.00152	0.00245	0.00683	0.00396	0.00368
12	0.00793	0.00695	0.00874	0.00624	0.00964	0.00533	0.05429	0.00971	0.00793	0.01235	0.00680	0.00801	0.00563	0.00283	0.00291	0.00061	0.00303	0.00238	0.00223	0.83648
13	0.00550	0.00453	0.00632	0.03902	0.03462	0.00427	0.06879	0.00655	0.00780	0.01002	0.07231	0.16323	0.30103	0.21097	0.00802	0.00190	0.00301	0.04582	0.00302	0.00329
14	0.01045	0.02644	0.01282	0.07258	0.46842	0.00858	0.00928	0.11475	0.03366	0.11231	0.01036	0.01147	0.05697	0.00412	0.00376	0.00113	0.00409	0.00368	0.00260	0.03255

[dist]
# distance from previous block
# <min> <max>
1	13

[block]
# block no. 5 follows, 72 sequences, length 13
# corresponding to MSA columns:
# 772-784
name=unknown_F
#
# <colnr> <probs for GDERKNQSTAVLIFYWHMCP>
#	G	D	E	R	K	N	Q	S	T	A	V	L	I	F	Y	W	H	M	C	P
0	0.04483	0.04768	0.01122	0.14595	0.05346	0.04825	0.00795	0.04083	0.00749	0.07160	0.00704	0.00951	0.01743	0.01973	0.02087	0.00149	0.40909	0.00330	0.00207	0.03022
1	0.13784	0.02283	0.00998	0.08360	0.01182	0.25275	0.06756	0.12577	0.02190	0.05240	0.03171	0.03963	0.07090	0.00467	0.00356	0.00111	0.00458	0.00365	0.00264	0.05111
2	0.00697	0.00542	0.00648	0.00554	0.00762	0.00450	0.00433	0.02446	0.00816	0.03571	0.01546	0.14216	0.12240	0.05274	0.00461	0.00116	0.00278	0.11938	0.00288	0.42723
3	0.00884	0.07303	0.00911	0.00598	0.00930	0.00641	0.00491	0.08100	0.00879	0.03464	0.00705	0.00797	0.00573	0.00304	0.00289	0.00065	0.00303	0.00237	0.00240	0.72285
4	0.00651	0.00529	0.00658	0.02478	0.00799	0.00442	0.00439	0.00785	0.00756	0.01109	0.01227	0.29626	0.01305	0.00813	0.06855	0.00137	0.00325	0.03753	0.00269	0.47044
5	0.01020	0.00733	0.00893	0.00697	0.00979	0.00688	0.04052	0.08925	0.20539	0.14992	0.07005	0.01185	0.00988	0.00420	0.00350	0.00096	0.00313	0.00352	0.00329	0.35444
6	0.00462	0.00330	0.00440	0.00528	0.00550	0.00308	0.00352	0.00528	0.00726	0.00968	0.02090	0.86424	0.02508	0.01188	0.00484	0.00154	0.00220	0.01078	0.00352	0.00308
7	0.89350	0.00733	0.00557	0.00499	0.00733	0.00851	0.00411	0.01115	0.00645	0.01702	0.00528	0.00616	0.00411	0.00352	0.00235	0.00117	0.00293	0.00205	0.00235	0.00411
8	0.00953	0.00898	0.00843	0.00790	0.00976	0.14283	0.00624	0.01692	0.54044	0.01392	0.01483	0.01866	0.01254	0.00600	0.00406	0.00133	0.00371	0.16519	0.00348	0.00525
9	0.00840	0.00796	0.01349	0.31197	0.52114	0.00854	0.01088	0.01067	0.00821	0.01133	0.00763	0.04886	0.00655	0.00391	0.00382	0.00119	0.00459	0.00372	0.00189	0.00525
10	0.00780	0.00671	0.01020	0.35003	0.12742	0.00693	0.02481	0.01010	0.02735	0.04262	0.07970	0.02556	0.02910	0.00435	0.00371	0.00109	0.00393	0.02667	0.00234	0.20958
11	0.00885	0.00862	0.01373	0.24046	0.50244	0.04476	0.03696	0.01145	0.03927	0.01170	0.02255	0.01073	0.00678	0.00380	0.00382	0.00118	0.00468	0.02090	0.00198	0.00534
12	0.00689	0.00486	0.00577	0.00503	0.00679	0.00414	0.00388	0.00855	0.03231	0.09430	0.24180	0.07468	0.26905	0.00712	0.00405	0.00111	0.00229	0.02049	0.00353	0.20336

[dist]
# distance from previous block
# <min> <max>
2	5

[block]
# block no. 6 follows, 72 sequences, length 33
# corresponding to MSA columns:
# 790-822
name=unknown_G
#
# <colnr> <probs for GDERKNQSTAVLIFYWHMCP>
#	G	D	E	R	K	N	Q	S	T	A	V	L	I	F	Y	W	H	M	C	P
0	0.03267	0.00954	0.22930	0.00776	0.05981	0.00597	0.00715	0.00968	0.00840	0.02364	0.12767	0.03905	0.08062	0.00464	0.00351	0.00097	0.00342	0.00387	0.00251	0.33981
1	0.00908	0.00670	0.00799	0.00577	0.00908	0.00512	0.00464	0.01074	0.00826	0.12296	0.00783	0.00853	0.00612	0.00306	0.00294	0.00064	0.00286	0.00245	0.00257	0.77265
2	0.00726	0.00684	0.01156	0.81949	0.06343	0.00845	0.01058	0.00978	0.00763	0.00981	0.00676	0.01008	0.00510	0.00377	0.00379	0.00126	0.00503	0.00337	0.00169	0.00429
3	0.00967	0.00668	0.00805	0.00584	0.00912	0.00516	0.00471	0.01132	0.00846	0.17717	0.00837	0.00886	0.00636	0.00318	0.00301	0.00068	0.00289	0.00256	0.00273	0.71518
4	0.00462	0.00330	0.00440	0.00528	0.00550	0.00308	0.00352	0.00528	0.00726	0.00968	0.02090	0.86424	0.02508	0.01188	0.00484	0.00154	0.00220	0.01078	0.00352	0.00308
5	0.00809	0.00798	0.01116	0.00962	0.00965	0.01109	0.00797	0.00892	0.00581	0.00906	0.00541	0.00907	0.00543	0.03342	0.04833	0.00191	0.79792	0.00342	0.00169	0.00406
6	0.01014	0.86900	0.01987	0.00649	0.00973	0.01501	0.00649	0.01136	0.00771	0.00892	0.00527	0.00608	0.00487	0.00324	0.00243	0.00081	0.00406	0.00203	0.00162	0.00487
7	0.00786	0.00674	0.00786	0.00562	0.00899	0.00506	0.00449	0.00955	0.00786	0.01236	0.00674	0.00786	0.00562	0.00281	0.00281	0.00056	0.00281	0.00225	0.00225	0.88990
8	0.00931	0.00744	0.00810	0.00734	0.00917	0.03333	0.00582	0.14102	0.39622	0.03391	0.02523	0.04791	0.01214	0.00888	0.11460	0.00192	0.00420	0.09285	0.03540	0.00519
9	0.21827	0.36173	0.05842	0.00705	0.01014	0.01217	0.00655	0.25917	0.01049	0.01552	0.00652	0.00712	0.00516	0.00372	0.00289	0.00102	0.00391	0.00250	0.00245	0.00521
10	0.00761	0.01962	0.84707	0.01081	0.01641	0.00881	0.01401	0.01201	0.00801	0.01201	0.00681	0.00801	0.00480	0.00360	0.00360	0.00120	0.00560	0.00280	0.00160	0.00560
11	0.00588	0.00412	0.00490	0.00492	0.00526	0.00425	0.00317	0.04660	0.03194	0.00906	0.01354	0.19359	0.01518	0.53045	0.10789	0.00331	0.00410	0.00629	0.00264	0.00290
12	0.01693	0.00660	0.00889	0.00682	0.00975	0.00579	0.00563	0.04618	0.01109	0.81765	0.01476	0.01278	0.00929	0.00469	0.00381	0.00117	0.00326	0.00380	0.00466	0.00645
13	0.00451	0.00383	0.00388	0.00390	0.00514	0.00321	0.00291	0.00548	0.00867	0.01035	0.05748	0.05393	0.80462	0.00961	0.00449	0.00128	0.00192	0.00804	0.00354	0.00321
14	0.00532	0.00384	0.00503	0.00480	0.00566	0.00355	0.00357	0.00704	0.01053	0.01488	0.79209	0.07824	0.03515	0.00800	0.00450	0.00121	0.00181	0.00709	0.00414	0.00355
15	0.00462	0.00330	0.00440	0.00528	0.00550	0.00308	0.00352	0.00528	0.00726	0.00968	0.02090	0.86424	0.02508	0.01188	0.00484	0.00154	0.00220	0.01078	0.00352	0.00308
16	0.00542	0.00405	0.00605	0.00605	0.00671	0.00471	0.00468	0.00674	0.00608	0.00877	0.01020	0.01515	0.00959	0.04972	0.83056	0.00603	0.00999	0.00410	0.00204	0.00336
17	0.01014	0.86900	0.01987	0.00649	0.00973	0.01501	0.00649	0.01136	0.00771	0.00892	0.00527	0.00608	0.00487	0.00324	0.00243	0.00081	0.00406	0.00203	0.00162	0.00487
18	0.00786	0.00674	0.00786	0.00562	0.00899	0.00506	0.00449	0.00955	0.00786	0.01236	0.00674	0.00786	0.00562	0.00281	0.00281	0.00056	0.00281	0.00225	0.00225	0.88990
19	0.01057	0.00871	0.00922	0.00795	0.01030	0.00997	0.00628	0.20567	0.64883	0.01770	0.01399	0.01299	0.01040	0.00501	0.00384	0.00125	0.00327	0.00409	0.00384	0.00611
20	0.00598	0.00404	0.00518	0.00484	0.00590	0.00368	0.00369	0.00765	0.01044	0.06409	0.67255	0.02880	0.12953	0.00787	0.00446	0.00122	0.00194	0.03034	0.00411	0.00370
21	0.00978	0.74553	0.10940	0.00693	0.01043	0.01397	0.00724	0.01136	0.00774	0.00938	0.00549	0.00636	0.00489	0.00327	0.00257	0.00084	0.00418	0.00212	0.00164	0.03686
22	0.40289	0.03983	0.00722	0.00729	0.11243	0.00711	0.00498	0.03338	0.00842	0.01514	0.21974	0.01549	0.10231	0.00524	0.00333	0.00117	0.00281	0.00411	0.00289	0.00421
23	0.02155	0.18734	0.11805	0.00697	0.02228	0.00744	0.08252	0.01908	0.00819	0.01070	0.04606	0.01965	0.28512	0.09150	0.00526	0.00136	0.00357	0.00491	0.00251	0.05594
24	0.00741	0.05013	0.00742	0.00593	0.00815	0.00550	0.00488	0.00983	0.08996	0.04193	0.01671	0.03491	0.15487	0.00628	0.00383	0.00109	0.00291	0.19916	0.00300	0.34610
25	0.04455	0.00861	0.10945	0.02289	0.16000	0.00703	0.03937	0.04836	0.10043	0.02333	0.02405	0.04255	0.12605	0.00477	0.00364	0.00106	0.00356	0.00408	0.00262	0.22359
26	0.03303	0.18738	0.09235	0.01925	0.00938	0.00738	0.07146	0.00937	0.03443	0.04237	0.06494	0.06236	0.26738	0.00650	0.00388	0.00119	0.00337	0.05703	0.00281	0.02413
27	0.00850	0.11419	0.17721	0.00992	0.09751	0.02078	0.07863	0.02815	0.05878	0.04777	0.01084	0.12356	0.04531	0.00516	0.00428	0.00117	0.06125	0.00433	0.01218	0.09048
28	0.03106	0.23954	0.26986	0.00836	0.01190	0.02277	0.04703	0.09440	0.01929	0.05172	0.04059	0.03514	0.05244	0.00444	0.00368	0.00110	0.02919	0.00344	0.00232	0.03172
29	0.04491	0.06332	0.21312	0.02415	0.03144	0.02471	0.09924	0.03264	0.03559	0.05998	0.07822	0.09481	0.06619	0.00512	0.00376	0.00114	0.00400	0.00443	0.00259	0.11063
30	0.02049	0.11535	0.25937	0.04293	0.11658	0.04913	0.02195	0.05567	0.08239	0.04594	0.02797	0.03743	0.03029	0.03611	0.02847	0.00137	0.00462	0.00361	0.00233	0.01800
31	0.01847	0.12332	0.19431	0.02132	0.09974	0.01991	0.11629	0.06721	0.06003	0.07915	0.04386	0.03626	0.02563	0.00441	0.00381	0.00115	0.01501	0.02056	0.00249	0.04708
32	0.01778	0.11759	0.19569	0.05507	0.09457	0.06413	0.03918	0.03891	0.02535	0.05212	0.06556	0.11212	0.02378	0.00528	0.00377	0.00117	0.00422	0.04003	0.00248	0.04120

[dist]
# distance from previous block
# <min> <max>
1	91

[block]
# block no. 7 follows, 72 sequences, length 22
# corresponding to MSA columns:
# 917-938
name=unknown_H
#
# <colnr> <probs for GDERKNQSTAVLIFYWHMCP>
#	G	D	E	R	K	N	Q	S	T	A	V	L	I	F	Y	W	H	M	C	P
0	0.02943	0.03602	0.10989	0.02096	0.06563	0.03513	0.08662	0.06144	0.02011	0.03718	0.03507	0.07486	0.08375	0.00575	0.00627	0.00131	0.24186	0.00434	0.00238	0.04200
1	0.02100	0.04665	0.17533	0.13751	0.06062	0.03602	0.03781	0.06285	0.03455	0.07783	0.03168	0.00992	0.01856	0.00379	0.00347	0.00102	0.00420	0.00314	0.00238	0.23168
2	0.00894	0.05724	0.06585	0.15543	0.23267	0.03446	0.08027	0.06373	0.03130	0.02137	0.03067	0.03508	0.00719	0.00387	0.00363	0.00107	0.00437	0.00349	0.00220	0.15719
3	0.00841	0.00730	0.02833	0.03874	0.13534	0.02026	0.02849	0.09149	0.07735	0.03305	0.07453	0.08069	0.03981	0.01486	0.01456	0.00124	0.02501	0.08786	0.00288	0.18977
4	0.02268	0.00619	0.00815	0.04411	0.13256	0.03192	0.00628	0.06219	0.03737	0.11585	0.07548	0.19770	0.03471	0.00746	0.00433	0.00136	0.00335	0.18033	0.00332	0.02466
5	0.01020	0.00849	0.01130	0.12920	0.24284	0.00902	0.00815	0.27747	0.08046	0.01574	0.00996	0.01149	0.04379	0.03988	0.00437	0.00122	0.00404	0.00366	0.00276	0.08591
6	0.01104	0.01209	0.01160	0.21830	0.19429	0.36595	0.00880	0.04152	0.03035	0.02618	0.02306	0.00932	0.00624	0.02068	0.00394	0.00115	0.00549	0.00312	0.00208	0.00479
7	0.40551	0.00714	0.00856	0.19744	0.10735	0.00810	0.02635	0.03902	0.00760	0.01395	0.00897	0.04530	0.06092	0.00444	0.00346	0.00122	0.02754	0.00342	0.01934	0.00434
8	0.00774	0.00698	0.00869	0.15921	0.13831	0.08597	0.00667	0.07703	0.00948	0.01242	0.20113	0.15278	0.04497	0.03097	0.03958	0.00150	0.00393	0.00553	0.00287	0.00424
9	0.00842	0.00820	0.06012	0.28834	0.06791	0.04244	0.02643	0.01226	0.16148	0.04374	0.08112	0.01185	0.00925	0.00420	0.00368	0.00111	0.00403	0.00362	0.00254	0.15927
10	0.06931	0.04146	0.02361	0.01008	0.04519	0.36749	0.01854	0.01207	0.00820	0.00992	0.00553	0.00753	0.00493	0.00494	0.00702	0.00128	0.35384	0.00283	0.00184	0.00439
11	0.00903	0.00864	0.01475	0.15796	0.71118	0.00892	0.01146	0.01132	0.00847	0.01195	0.00707	0.00950	0.00585	0.00345	0.00376	0.00115	0.00459	0.00338	0.00185	0.00572
12	0.01284	0.00980	0.01050	0.00830	0.01114	0.01080	0.00676	0.58853	0.21039	0.02129	0.01045	0.01022	0.00761	0.00459	0.00375	0.00114	0.00381	0.00355	0.00371	0.06083
13	0.00461	0.00334	0.00436	0.00518	0.00547	0.00309	0.00348	0.00529	0.00736	0.00972	0.02211	0.80743	0.08111	0.01173	0.00482	0.00152	0.00218	0.01059	0.00352	0.00309
14	0.01315	0.00915	0.01030	0.11679	0.05551	0.16663	0.04296	0.01605	0.12567	0.36768	0.01167	0.02968	0.00830	0.00452	0.00379	0.00117	0.00429	0.00372	0.00338	0.00556
15	0.00830	0.07313	0.72959	0.01043	0.01569	0.00917	0.02728	0.03105	0.00834	0.04282	0.00708	0.00813	0.00503	0.00364	0.00356	0.00117	0.00540	0.00283	0.00177	0.00560
16	0.00470	0.00365	0.00431	0.00479	0.00556	0.00326	0.00348	0.00561	0.00803	0.01010	0.02879	0.40709	0.39627	0.01071	0.00472	0.00144	0.00220	0.08858	0.00352	0.00318
17	0.00462	0.00330	0.00440	0.00528	0.00550	0.00308	0.00352	0.00528	0.00726	0.00968	0.02090	0.86424	0.02508	0.01188	0.00484	0.00154	0.00220	0.01078	0.00352	0.00308
18	0.76963	0.00739	0.00636	0.00616	0.05901	0.00827	0.00460	0.01105	0.00670	0.01637	0.00551	0.00649	0.00434	0.00346	0.00247	0.00112	0.00302	0.00215	0.00231	0.07358
19	0.00661	0.07482	0.06408	0.01591	0.00787	0.01741	0.01318	0.06341	0.03105	0.01149	0.02552	0.03402	0.48754	0.00735	0.00431	0.00118	0.03252	0.01601	0.00303	0.08268
20	0.03220	0.05961	0.00971	0.05834	0.02938	0.08564	0.03357	0.19656	0.10431	0.04777	0.16926	0.01367	0.01265	0.01459	0.02294	0.00124	0.00382	0.00400	0.05129	0.04943
21	0.01908	0.06307	0.11833	0.02214	0.27095	0.05031	0.00855	0.04643	0.15556	0.03543	0.00981	0.06348	0.00848	0.05655	0.02036	0.00141	0.01712	0.00390	0.00248	0.02655

[dist]
# distance from previous block
# <min> <max>
0	10

[block]
# block no. 8 follows, 72 sequences, length 39
# corresponding to MSA columns:
# 949-987
name=unknown_I
#
# <colnr> <probs for GDERKNQSTAVLIFYWHMCP>
#	G	D	E	R	K	N	Q	S	T	A	V	L	I	F	Y	W	H	M	C	P
0	0.02505	0.02821	0.12777	0.02496	0.11713	0.02998	0.04687	0.11176	0.04652	0.11752	0.01257	0.15437	0.04288	0.00570	0.00393	0.00121	0.00389	0.03554	0.00294	0.06119
1	0.01074	0.00935	0.02819	0.03924	0.48972	0.06325	0.03595	0.06901	0.05117	0.11688	0.00942	0.01062	0.02928	0.00392	0.00378	0.00114	0.00440	0.00356	0.00251	0.01789
2	0.00970	0.03810	0.05394	0.03194	0.53049	0.04229	0.10487	0.06215	0.04322	0.01291	0.00752	0.00936	0.00607	0.00352	0.00376	0.00113	0.00473	0.00341	0.00207	0.02882
3	0.00648	0.00492	0.00691	0.05283	0.00768	0.00548	0.04322	0.02853	0.00642	0.02748	0.01032	0.01835	0.01063	0.42157	0.25312	0.00382	0.08216	0.00465	0.00221	0.00321
4	0.00949	0.00686	0.00839	0.00644	0.02862	0.00554	0.01637	0.03456	0.03027	0.14477	0.00933	0.00981	0.03202	0.00344	0.00312	0.00074	0.00298	0.00282	0.00275	0.64170
5	0.01264	0.17347	0.01298	0.03247	0.10373	0.41872	0.00764	0.15833	0.01108	0.01224	0.00659	0.00758	0.00536	0.00385	0.00334	0.00100	0.00547	0.00268	0.01583	0.00501
6	0.00542	0.00400	0.00507	0.00478	0.00575	0.00373	0.00359	0.00741	0.03585	0.01481	0.74800	0.02858	0.10307	0.00783	0.00446	0.00120	0.00184	0.00688	0.00411	0.00362
7	0.00819	0.00673	0.00790	0.00566	0.00901	0.00507	0.00453	0.00986	0.00797	0.04176	0.00703	0.00804	0.00575	0.00288	0.00284	0.00058	0.00282	0.00230	0.00233	0.85873
8	0.00533	0.00388	0.00501	0.00473	0.00564	0.00356	0.00355	0.00708	0.01064	0.01497	0.80317	0.02872	0.07382	0.00784	0.00447	0.00120	0.00180	0.00691	0.00414	0.00356
9	0.00533	0.00388	0.00502	0.00473	0.00564	0.00356	0.00355	0.00709	0.01065	0.01501	0.80905	0.02866	0.06791	0.00783	0.00447	0.00120	0.00179	0.00690	0.00415	0.00356
10	0.00452	0.00380	0.00393	0.00403	0.00521	0.00321	0.00300	0.00547	0.00852	0.01022	0.03653	0.11002	0.75395	0.00982	0.00453	0.00131	0.00197	0.02323	0.00352	0.00320
11	0.01014	0.86900	0.01987	0.00649	0.00973	0.01501	0.00649	0.01136	0.00771	0.00892	0.00527	0.00608	0.00487	0.00324	0.00243	0.00081	0.00406	0.00203	0.00162	0.00487
12	0.00786	0.00674	0.00786	0.00562	0.00899	0.00506	0.00449	0.00955	0.00786	0.01236	0.00674	0.00786	0.00562	0.00281	0.00281	0.00056	0.00281	0.00225	0.00225	0.88990
13	0.00833	0.00786	0.01319	0.24071	0.53074	0.00833	0.01051	0.01049	0.00822	0.01139	0.00864	0.06815	0.02046	0.00433	0.00401	0.00121	0.01813	0.01807	0.00199	0.00522
14	0.00462	0.00330	0.00440	0.00528	0.00550	0.00308	0.00352	0.00528	0.00726	0.00968	0.02090	0.86424	0.02508	0.01188	0.00484	0.00154	0.00220	0.01078	0.00352	0.00308
15	0.04210	0.00704	0.00880	0.00693	0.00966	0.00673	0.00567	0.12213	0.09511	0.58275	0.06168	0.01323	0.01059	0.00486	0.00381	0.00118	0.00323	0.00393	0.00439	0.00617
16	0.00928	0.00903	0.01503	0.10042	0.73357	0.02855	0.02554	0.01155	0.00859	0.01206	0.00708	0.00941	0.00589	0.00343	0.00376	0.00114	0.00464	0.00338	0.00186	0.00579
17	0.00462	0.00385	0.00404	0.00399	0.00521	0.00326	0.00299	0.00572	0.00898	0.01103	0.16604	0.03520	0.71341	0.00931	0.00448	0.00127	0.00190	0.00782	0.00363	0.00326
18	0.00462	0.00330	0.00440	0.00528	0.00550	0.00308	0.00352	0.00528	0.00726	0.00968	0.02090	0.86424	0.02508	0.01188	0.00484	0.00154	0.00220	0.01078	0.00352	0.00308
19	0.00716	0.00674	0.01138	0.85760	0.02612	0.00843	0.01053	0.00969	0.00758	0.00969	0.00674	0.01011	0.00506	0.00379	0.00379	0.00126	0.00506	0.00337	0.00169	0.00421
20	0.00786	0.00674	0.00786	0.00562	0.00899	0.00506	0.00449	0.00955	0.00786	0.01236	0.00674	0.00786	0.00562	0.00281	0.00281	0.00056	0.00281	0.00225	0.00225	0.88990
21	0.00830	0.00830	0.01162	0.00996	0.00996	0.01162	0.00830	0.00913	0.00581	0.00913	0.00498	0.00830	0.00498	0.00664	0.01245	0.00166	0.85977	0.00332	0.00166	0.00415
22	0.00895	0.01023	0.02238	0.01598	0.01982	0.00959	0.82928	0.01215	0.00895	0.01215	0.00767	0.01023	0.00575	0.00320	0.00448	0.00128	0.00639	0.00448	0.00192	0.00512
23	0.00517	0.00394	0.00489	0.02684	0.00605	0.00360	0.00357	0.00674	0.01007	0.01367	0.59425	0.03014	0.26081	0.00817	0.00446	0.00122	0.00191	0.00709	0.00393	0.00349
24	0.01032	0.01503	0.54005	0.00954	0.01409	0.00803	0.02265	0.07133	0.00939	0.21804	0.00949	0.03954	0.00678	0.00423	0.00372	0.00120	0.00481	0.00340	0.00259	0.00578
25	0.89350	0.00733	0.00557	0.00499	0.00733	0.00851	0.00411	0.01115	0.00645	0.01702	0.00528	0.00616	0.00411	0.00352	0.00235	0.00117	0.00293	0.00205	0.00235	0.00411
26	0.00537	0.00388	0.00507	0.00477	0.00567	0.00358	0.00358	0.00716	0.01074	0.01521	0.84106	0.02833	0.03578	0.00775	0.00447	0.00119	0.00179	0.00686	0.00417	0.00358
27	0.00863	0.00832	0.01440	0.29780	0.53510	0.00885	0.04983	0.01102	0.00830	0.01149	0.00703	0.00967	0.00568	0.00351	0.00380	0.00118	0.00478	0.00343	0.00182	0.00537
28	0.00552	0.00368	0.00414	0.00414	0.00414	0.00368	0.00230	0.00552	0.00552	0.00735	0.01195	0.02482	0.01379	0.86672	0.01930	0.00368	0.00368	0.00552	0.00230	0.00230
29	0.00462	0.00330	0.00440	0.00528	0.00550	0.00308	0.00352	0.00528	0.00726	0.00968	0.02090	0.86424	0.02508	0.01188	0.00484	0.00154	0.00220	0.01078	0.00352	0.00308
30	0.00542	0.00405	0.00601	0.00601	0.00666	0.00470	0.00464	0.00672	0.00607	0.00874	0.01023	0.01532	0.00966	0.06389	0.81649	0.00599	0.00988	0.00412	0.00204	0.00334
31	0.00739	0.00707	0.01226	0.76220	0.06929	0.00853	0.06013	0.00994	0.00772	0.00998	0.00682	0.01008	0.00515	0.00373	0.00383	0.00126	0.00511	0.00344	0.00171	0.00436
32	0.00707	0.00353	0.00353	0.00353	0.00442	0.00353	0.00265	0.00884	0.00795	0.01414	0.01237	0.01414	0.00972	0.00442	0.00265	0.00088	0.00177	0.00353	0.88777	0.00353
33	0.00731	0.00586	0.00666	0.00611	0.00759	0.00631	0.00468	0.01326	0.39526	0.01549	0.43470	0.02135	0.02382	0.00645	0.00414	0.00123	0.00235	0.00557	0.02716	0.00471
34	0.01238	0.00831	0.00927	0.00772	0.01025	0.00905	0.00618	0.20512	0.45209	0.21567	0.01387	0.01270	0.00988	0.00490	0.00383	0.00123	0.00332	0.00397	0.00404	0.00621
35	0.89350	0.00733	0.00557	0.00499	0.00733	0.00851	0.00411	0.01115	0.00645	0.01702	0.00528	0.00616	0.00411	0.00352	0.00235	0.00117	0.00293	0.00205	0.00235	0.00411
36	0.00494	0.00373	0.00546	0.00595	0.00641	0.00351	0.04770	0.00580	0.00744	0.00991	0.02015	0.76901	0.02386	0.01133	0.00485	0.00154	0.00250	0.05926	0.00343	0.00321
37	0.00610	0.00427	0.00544	0.00522	0.01760	0.00388	0.01523	0.00776	0.02459	0.07118	0.45395	0.07457	0.25179	0.00819	0.00446	0.00126	0.00213	0.03475	0.00391	0.00374
38	0.00832	0.43739	0.03427	0.00682	0.00902	0.02859	0.00644	0.00985	0.00831	0.01024	0.03997	0.02226	0.01302	0.00645	0.00373	0.00123	0.00384	0.34349	0.00250	0.00426

[dist]
# distance from previous block
# <min> <max>
0	96

[block]
# block no. 9 follows, 72 sequences, length 34
# corresponding to MSA columns:
# 1088-1121
name=unknown_J
#
# <colnr> <probs for GDERKNQSTAVLIFYWHMCP>
#	G	D	E	R	K	N	Q	S	T	A	V	L	I	F	Y	W	H	M	C	P
0	0.00948	0.00738	0.03896	0.34401	0.07731	0.00717	0.00804	0.03082	0.01949	0.16307	0.00895	0.01039	0.02031	0.00385	0.00367	0.00106	0.01567	0.00324	0.00249	0.22465
1	0.36159	0.00863	0.00925	0.29474	0.09119	0.10881	0.00745	0.04121	0.00804	0.01342	0.02026	0.00835	0.00531	0.00375	0.00318	0.00118	0.00428	0.00280	0.00212	0.00443
2	0.04331	0.00648	0.00870	0.00669	0.00961	0.00566	0.00553	0.01826	0.01072	0.82082	0.01467	0.01271	0.00923	0.00466	0.00377	0.00117	0.00322	0.00376	0.00462	0.00638
3	0.00741	0.00669	0.01003	0.02560	0.32431	0.04231	0.00762	0.00906	0.00726	0.01018	0.00865	0.01236	0.00784	0.03067	0.44294	0.00375	0.03319	0.00373	0.00196	0.00444
4	0.89350	0.00733	0.00557	0.00499	0.00733	0.00851	0.00411	0.01115	0.00645	0.01702	0.00528	0.00616	0.00411	0.00352	0.00235	0.00117	0.00293	0.00205	0.00235	0.00411
5	0.00732	0.00361	0.00367	0.00362	0.00455	0.00359	0.00273	0.00908	0.00803	0.03533	0.01244	0.01411	0.00971	0.00443	0.00268	0.00089	0.00180	0.00354	0.86526	0.00361
6	0.00451	0.00384	0.00389	0.00388	0.00514	0.00322	0.00291	0.00551	0.00872	0.01043	0.06785	0.03620	0.81198	0.00954	0.00448	0.00128	0.00192	0.00796	0.00355	0.00322
7	0.00611	0.00437	0.00611	0.00698	0.00786	0.00437	0.00611	0.00786	0.00873	0.01135	0.02008	0.04278	0.02183	0.01048	0.00524	0.00175	0.00349	0.81753	0.00349	0.00349
8	0.01702	0.00645	0.00880	0.00675	0.00968	0.00557	0.00557	0.01848	0.01085	0.84568	0.01496	0.01291	0.00939	0.00469	0.00381	0.00117	0.00323	0.00381	0.00469	0.00645
9	0.01014	0.86900	0.01987	0.00649	0.00973	0.01501	0.00649	0.01136	0.00771	0.00892	0.00527	0.00608	0.00487	0.00324	0.00243	0.00081	0.00406	0.00203	0.00162	0.00487
10	0.00784	0.01929	0.82652	0.01071	0.01625	0.00873	0.01381	0.01217	0.00808	0.03245	0.00701	0.00813	0.00492	0.00363	0.00361	0.00120	0.00555	0.00283	0.00168	0.00563
11	0.00611	0.00437	0.00611	0.00698	0.00786	0.00437	0.00611	0.00786	0.00873	0.01135	0.02008	0.04278	0.02183	0.01048	0.00524	0.00175	0.00349	0.81753	0.00349	0.00349
12	0.89350	0.00733	0.00557	0.00499	0.00733	0.00851	0.00411	0.01115	0.00645	0.01702	0.00528	0.00616	0.00411	0.00352	0.00235	0.00117	0.00293	0.00205	0.00235	0.00411
13	0.00462	0.00330	0.00440	0.00528	0.00550	0.00308	0.00352	0.00528	0.00726	0.00968	0.02090	0.86424	0.02508	0.01188	0.00484	0.00154	0.00220	0.01078	0.00352	0.00308
14	0.89350	0.00733	0.00557	0.00499	0.00733	0.00851	0.00411	0.01115	0.00645	0.01702	0.00528	0.00616	0.00411	0.00352	0.00235	0.00117	0.00293	0.00205	0.00235	0.00411
15	0.00939	0.00901	0.01539	0.02328	0.84306	0.00901	0.01164	0.01164	0.00864	0.01239	0.00713	0.00939	0.00601	0.00338	0.00375	0.00113	0.00451	0.00338	0.00188	0.00601
16	0.00943	0.00815	0.00858	0.00772	0.00986	0.00943	0.00600	0.02015	0.83621	0.01586	0.01544	0.01415	0.01158	0.00515	0.00386	0.00129	0.00300	0.00429	0.00386	0.00600
17	0.00462	0.00330	0.00440	0.00528	0.00550	0.00308	0.00352	0.00528	0.00726	0.00968	0.02090	0.86424	0.02508	0.01188	0.00484	0.00154	0.00220	0.01078	0.00352	0.00308
18	0.00895	0.01023	0.02238	0.01598	0.01982	0.00959	0.82928	0.01215	0.00895	0.01215	0.00767	0.01023	0.00575	0.00320	0.00448	0.00128	0.00639	0.00448	0.00192	0.00512
19	0.00707	0.00353	0.00353	0.00353	0.00442	0.00353	0.00265	0.00884	0.00795	0.01414	0.01237	0.01414	0.00972	0.00442	0.00265	0.00088	0.00177	0.00353	0.88777	0.00353
20	0.00455	0.00365	0.00407	0.00439	0.00527	0.00317	0.00313	0.00542	0.00819	0.01015	0.05057	0.33729	0.52605	0.01039	0.00461	0.00137	0.00202	0.00899	0.00354	0.00317
21	0.01515	0.00699	0.00883	0.00704	0.00979	0.00668	0.00573	0.04523	0.20505	0.62399	0.01488	0.01308	0.00981	0.00480	0.00382	0.00120	0.00320	0.00391	0.00447	0.00635
22	0.00462	0.00330	0.00440	0.00528	0.00550	0.00308	0.00352	0.00528	0.00726	0.00968	0.02090	0.86424	0.02508	0.01188	0.00484	0.00154	0.00220	0.01078	0.00352	0.00308
23	0.00576	0.00406	0.00558	0.00643	0.00713	0.00400	0.00532	0.00723	0.00832	0.01101	0.02003	0.25406	0.02225	0.01063	0.00505	0.00166	0.00310	0.58103	0.03396	0.00339
24	0.00659	0.00329	0.00494	0.00494	0.00494	0.00329	0.00329	0.00494	0.00494	0.00659	0.00659	0.01153	0.00659	0.01318	0.01482	0.88966	0.00329	0.00329	0.00165	0.00165
25	0.00960	0.00823	0.00867	0.00775	0.00992	0.00951	0.00604	0.04702	0.80907	0.01613	0.01523	0.01398	0.01141	0.00513	0.00386	0.00128	0.00304	0.00426	0.00386	0.00602
26	0.00473	0.00338	0.00452	0.00540	0.00567	0.00317	0.00371	0.00547	0.00737	0.00980	0.02084	0.80459	0.02485	0.01178	0.00487	0.00156	0.00229	0.06936	0.00352	0.00311
27	0.00467	0.00337	0.00443	0.00526	0.00556	0.00313	0.00358	0.00539	0.00740	0.00978	0.02194	0.78382	0.07458	0.01169	0.00483	0.00153	0.00223	0.04019	0.00352	0.00310
28	0.00816	0.00776	0.01318	0.48251	0.39339	0.00869	0.01103	0.01057	0.00806	0.01090	0.00692	0.00979	0.00548	0.00361	0.00378	0.00120	0.00481	0.00337	0.00177	0.00502
29	0.00895	0.01023	0.02238	0.01598	0.01982	0.00959	0.82928	0.01215	0.00895	0.01215	0.00767	0.01023	0.00575	0.00320	0.00448	0.00128	0.00639	0.00448	0.00192	0.00512
30	0.63018	0.00832	0.00731	0.00611	0.00866	0.00948	0.00504	0.25656	0.00986	0.01908	0.00643	0.00704	0.00481	0.00383	0.00278	0.00116	0.00331	0.00246	0.00278	0.00481
31	0.00846	0.00694	0.00815	0.00591	0.00916	0.00555	0.00476	0.04449	0.00832	0.04039	0.00706	0.00810	0.00576	0.00306	0.00316	0.00064	0.02785	0.00238	0.00238	0.79749
32	0.00786	0.00894	0.08102	0.39776	0.03513	0.00867	0.29770	0.02170	0.01953	0.01107	0.00862	0.03061	0.03468	0.00401	0.00418	0.00127	0.01660	0.00406	0.00193	0.00466
33	0.83777	0.00728	0.00578	0.00510	0.00748	0.00832	0.00420	0.01161	0.00673	0.06971	0.00590	0.00659	0.00444	0.00360	0.00244	0.00117	0.00295	0.00217	0.00250	0.00426

[dist]
# distance from previous block
# <min> <max>
0	2

[block]
# block no. 10 follows, 72 sequences, length 43
# corresponding to MSA columns:
# 1124-1166
name=unknown_K
#
# <colnr> <probs for GDERKNQSTAVLIFYWHMCP>
#	G	D	E	R	K	N	Q	S	T	A	V	L	I	F	Y	W	H	M	C	P
0	0.01042	0.00939	0.01459	0.13713	0.59139	0.00955	0.01106	0.04573	0.06196	0.01408	0.04526	0.01242	0.00880	0.00468	0.00437	0.00140	0.00480	0.00402	0.00261	0.00633
1	0.06528	0.00760	0.01152	0.35350	0.26436	0.00807	0.00915	0.04149	0.00832	0.02538	0.00699	0.00924	0.00550	0.00352	0.00351	0.00108	0.00428	0.00309	0.00202	0.16610
2	0.00881	0.00729	0.00796	0.00737	0.00919	0.00822	0.00574	0.07929	0.57728	0.01517	0.01617	0.14191	0.01409	0.00657	0.00412	0.00135	0.00302	0.07731	0.00377	0.00538
3	0.00462	0.00397	0.00398	0.00395	0.00526	0.00338	0.00297	0.00587	0.03244	0.01041	0.03776	0.03586	0.81766	0.00948	0.00446	0.00128	0.00195	0.00790	0.00353	0.00328
4	0.02454	0.38078	0.31819	0.00920	0.01330	0.02987	0.09047	0.07216	0.00873	0.01161	0.00636	0.00743	0.00504	0.00349	0.00318	0.00103	0.00490	0.00266	0.00182	0.00525
5	0.00939	0.00901	0.01539	0.02328	0.84306	0.00901	0.01164	0.01164	0.00864	0.01239	0.00713	0.00939	0.00601	0.00338	0.00375	0.00113	0.00451	0.00338	0.00188	0.00601
6	0.00929	0.00428	0.00479	0.00431	0.00566	0.00411	0.00335	0.02600	0.00874	0.18898	0.01286	0.01379	0.00959	0.00448	0.00292	0.00095	0.00212	0.00359	0.68600	0.00420
7	0.00456	0.00385	0.00395	0.00392	0.00517	0.00323	0.00294	0.00559	0.00883	0.01068	0.10919	0.03578	0.77047	0.00944	0.00448	0.00127	0.00191	0.00790	0.00358	0.00323
8	0.00462	0.00385	0.00404	0.00399	0.00521	0.00326	0.00299	0.00571	0.00897	0.01103	0.16501	0.03521	0.71444	0.00931	0.00448	0.00127	0.00190	0.00782	0.00362	0.00326
9	0.00573	0.00396	0.00518	0.00483	0.00579	0.00364	0.00364	0.00751	0.01074	0.04075	0.81565	0.02786	0.03497	0.00766	0.00445	0.00119	0.00183	0.00677	0.00419	0.00367
10	0.00707	0.00353	0.00353	0.00353	0.00442	0.00353	0.00265	0.00884	0.00795	0.01414	0.01237	0.01414	0.00972	0.00442	0.00265	0.00088	0.00177	0.00353	0.88777	0.00353
11	0.00786	0.00674	0.00786	0.00562	0.00899	0.00506	0.00449	0.00955	0.00786	0.01236	0.00674	0.00786	0.00562	0.00281	0.00281	0.00056	0.00281	0.00225	0.00225	0.88990
12	0.01442	0.01062	0.01138	0.00873	0.01176	0.01176	0.00721	0.83041	0.01783	0.02390	0.00911	0.00911	0.00645	0.00455	0.00379	0.00114	0.00417	0.00341	0.00379	0.00645
13	0.01442	0.01062	0.01138	0.00873	0.01176	0.01176	0.00721	0.83041	0.01783	0.02390	0.00911	0.00911	0.00645	0.00455	0.00379	0.00114	0.00417	0.00341	0.00379	0.00645
14	0.00462	0.00330	0.00440	0.00528	0.00550	0.00308	0.00352	0.00528	0.00726	0.00968	0.02090	0.86424	0.02508	0.01188	0.00484	0.00154	0.00220	0.01078	0.00352	0.00308
15	0.00537	0.00388	0.00507	0.00477	0.00567	0.00358	0.00358	0.00716	0.01074	0.01521	0.84106	0.02833	0.03578	0.00775	0.00447	0.00119	0.00179	0.00686	0.00417	0.00358
16	0.08892	0.01168	0.01126	0.30890	0.15103	0.34458	0.00886	0.01231	0.00891	0.01061	0.00632	0.00834	0.00506	0.00375	0.00351	0.00112	0.00549	0.00289	0.00188	0.00457
17	0.01417	0.01808	0.01075	0.00977	0.01172	0.85149	0.00733	0.01514	0.01075	0.00928	0.00586	0.00684	0.00489	0.00391	0.00342	0.00098	0.00684	0.00244	0.00195	0.00440
18	0.00659	0.00329	0.00494	0.00494	0.00494	0.00329	0.00329	0.00494	0.00494	0.00659	0.00659	0.01153	0.00659	0.01318	0.01482	0.88966	0.00329	0.00329	0.00165	0.00165
19	0.01702	0.00645	0.00880	0.00675	0.00968	0.00557	0.00557	0.01848	0.01085	0.84568	0.01496	0.01291	0.00939	0.00469	0.00381	0.00117	0.00323	0.00381	0.00469	0.00645
20	0.01417	0.01808	0.01075	0.00977	0.01172	0.85149	0.00733	0.01514	0.01075	0.00928	0.00586	0.00684	0.00489	0.00391	0.00342	0.00098	0.00684	0.00244	0.00195	0.00440
21	0.00761	0.01962	0.84707	0.01081	0.01641	0.00881	0.01401	0.01201	0.00801	0.01201	0.00681	0.00801	0.00480	0.00360	0.00360	0.00120	0.00560	0.00280	0.00160	0.00560
22	0.00468	0.00364	0.00411	0.00443	0.00518	0.00323	0.00309	0.00543	0.00779	0.00972	0.02885	0.32559	0.44424	0.11203	0.00638	0.00166	0.00225	0.02126	0.00338	0.00306
23	0.00670	0.20904	0.00869	0.00529	0.00689	0.00670	0.00437	0.00896	0.07585	0.01310	0.46865	0.02303	0.13535	0.00673	0.00394	0.00112	0.00244	0.00566	0.00346	0.00403
24	0.00939	0.00901	0.01539	0.02328	0.84306	0.00901	0.01164	0.01164	0.00864	0.01239	0.00713	0.00939	0.00601	0.00338	0.00375	0.00113	0.00451	0.00338	0.00188	0.00601
25	0.00659	0.00329	0.00494	0.00494	0.00494	0.00329	0.00329	0.00494	0.00494	0.00659	0.00659	0.01153	0.00659	0.01318	0.01482	0.88966	0.00329	0.00329	0.00165	0.00165
