[name]
unknown

[dist]
# distance from previous block
# <min> <max>
0	138

[block]
# block no. 0 follows, 67 sequences, length 44
# corresponding to MSA columns:
# 138-181
name=unknown_A
#
# <colnr> <probs for GDERKNQSTAVLIFYWHMCP>
#	G	D	E	R	K	N	Q	S	T	A	V	L	I	F	Y	W	H	M	C	P
0	0.01208	0.00792	0.01166	0.00921	0.01178	0.02499	0.16748	0.14970	0.02584	0.26428	0.10545	0.08286	0.01377	0.00652	0.02219	0.00144	0.01876	0.05470	0.00379	0.00556
1	0.00856	0.00863	0.03489	0.51265	0.25297	0.03624	0.02854	0.01113	0.00850	0.01128	0.00724	0.01020	0.00566	0.00383	0.00395	0.00125	0.00518	0.00349	0.00188	0.04393
2	0.08948	0.00853	0.00897	0.00777	0.01019	0.00959	0.00615	0.13680	0.53041	0.07277	0.04324	0.01448	0.03322	0.00538	0.00396	0.00132	0.00329	0.00435	0.00399	0.00610
3	0.00777	0.00777	0.02863	0.01156	0.03290	0.00710	0.40119	0.01743	0.01715	0.03356	0.03184	0.26942	0.10121	0.00705	0.00479	0.00142	0.00462	0.00710	0.00287	0.00460
4	0.01409	0.02686	0.01167	0.06942	0.01313	0.20204	0.00771	0.49703	0.02477	0.03342	0.00881	0.00947	0.00654	0.00522	0.02425	0.00130	0.01571	0.00338	0.01921	0.00596
5	0.00903	0.00738	0.00856	0.00622	0.00971	0.00589	0.00499	0.05223	0.03804	0.03956	0.00785	0.00879	0.00633	0.00321	0.00310	0.00067	0.00306	0.00257	0.00260	0.78019
6	0.00893	0.08175	0.37754	0.05433	0.18681	0.00969	0.09376	0.04778	0.00901	0.01272	0.00796	0.01076	0.00645	0.03743	0.01615	0.00142	0.00547	0.02441	0.00198	0.00564
7	0.01284	0.00966	0.01099	0.09650	0.03730	0.02499	0.00753	0.48252	0.12602	0.05639	0.01110	0.06113	0.00868	0.00549	0.00441	0.02628	0.00421	0.00419	0.00366	0.00610
8	0.00655	0.00492	0.00571	0.00554	0.00602	0.03560	0.00377	0.04271	0.00683	0.00917	0.01159	0.02108	0.01227	0.49507	0.31155	0.00457	0.00647	0.00507	0.00239	0.00312
9	0.00492	0.00351	0.00468	0.00556	0.00582	0.00328	0.00373	0.00566	0.00782	0.01046	0.05250	0.82542	0.02695	0.01240	0.00510	0.00161	0.00231	0.01125	0.00375	0.00328
10	0.00574	0.00419	0.00609	0.00612	0.00671	0.00476	0.00460	0.00688	0.00639	0.00910	0.01133	0.05057	0.01117	0.13113	0.68661	0.02886	0.00937	0.00475	0.00224	0.00338
11	0.02609	0.00835	0.00933	0.04728	0.04053	0.00945	0.00661	0.08364	0.58771	0.04370	0.06168	0.01536	0.03149	0.00548	0.00409	0.00133	0.00334	0.00457	0.00390	0.00606
12	0.04272	0.01347	0.31951	0.03476	0.01371	0.02989	0.02361	0.13702	0.20924	0.01547	0.01037	0.02670	0.00807	0.00491	0.00445	0.00132	0.05266	0.02467	0.02167	0.00578
13	0.00571	0.00407	0.00508	0.00543	0.00617	0.00381	0.00384	0.00726	0.05148	0.03881	0.17768	0.50234	0.15177	0.01075	0.00490	0.00149	0.00228	0.00956	0.00391	0.00365
14	0.01012	0.00525	0.00657	0.00574	0.00753	0.00477	0.00447	0.02407	0.04352	0.29818	0.23713	0.09618	0.16970	0.00744	0.00437	0.00129	0.00257	0.00634	0.05991	0.00486
15	0.00973	0.01034	0.07106	0.22166	0.37339	0.05875	0.07841	0.06843	0.02352	0.01300	0.00804	0.03101	0.00656	0.00405	0.00404	0.00125	0.00519	0.00378	0.00214	0.00564
16	0.01264	0.01089	0.01142	0.01002	0.05456	0.16514	0.06768	0.26202	0.16097	0.08738	0.02100	0.06726	0.01689	0.01428	0.00429	0.00128	0.00462	0.01839	0.00345	0.00580
17	0.00875	0.00848	0.01059	0.00926	0.00969	0.06873	0.00750	0.04529	0.00745	0.01065	0.06073	0.02696	0.00883	0.05370	0.10007	0.00226	0.55060	0.00404	0.00216	0.00427
18	0.00498	0.00356	0.00471	0.00555	0.00584	0.00333	0.00374	0.00574	0.00785	0.01048	0.05615	0.76732	0.04206	0.03274	0.00547	0.00167	0.00237	0.02945	0.00372	0.00327
19	0.88738	0.00776	0.00589	0.00527	0.00776	0.00900	0.00434	0.01179	0.00683	0.01799	0.00558	0.00651	0.00434	0.00372	0.00248	0.00124	0.00310	0.00217	0.00248	0.00434
20	0.00906	0.02865	0.64279	0.01165	0.05749	0.00946	0.03197	0.08371	0.00949	0.03152	0.00761	0.00878	0.00546	0.00386	0.00381	0.00123	0.00556	0.00308	0.00202	0.04281
21	0.00852	0.00792	0.01211	0.33759	0.09566	0.05662	0.11955	0.01132	0.05041	0.04413	0.15155	0.01575	0.06152	0.00509	0.00425	0.00129	0.00462	0.00466	0.00266	0.00478
22	0.01754	0.00712	0.00943	0.00728	0.01036	0.00639	0.00600	0.05985	0.04445	0.76327	0.01553	0.01350	0.00986	0.00498	0.00403	0.00124	0.00345	0.00403	0.00488	0.00681
23	0.03349	0.00951	0.08019	0.00850	0.02725	0.00851	0.00733	0.28251	0.02571	0.43885	0.01280	0.01231	0.00860	0.00489	0.00400	0.00124	0.00398	0.01948	0.00423	0.00662
24	0.00916	0.04252	0.04991	0.02475	0.05152	0.00645	0.02462	0.07030	0.05901	0.14773	0.07543	0.12640	0.14239	0.03514	0.07796	0.00182	0.00395	0.00582	0.04032	0.00482
25	0.00521	0.00405	0.00466	0.00460	0.00571	0.00357	0.00344	0.00659	0.00995	0.01304	0.36217	0.08168	0.43317	0.00941	0.00474	0.00133	0.00202	0.02173	0.01938	0.00355
26	0.00626	0.00451	0.00516	0.00499	0.00618	0.00415	0.00369	0.03072	0.03847	0.05540	0.20467	0.12803	0.38426	0.08352	0.00608	0.00159	0.00241	0.02230	0.00385	0.00376
27	0.13577	0.08832	0.08053	0.03411	0.05647	0.05390	0.02251	0.39788	0.02822	0.03669	0.00859	0.02428	0.00653	0.00446	0.00366	0.00119	0.00449	0.00335	0.00310	0.00594
28	0.00679	0.00508	0.00589	0.01506	0.00716	0.00502	0.00438	0.06909	0.09598	0.02684	0.18900	0.18738	0.24926	0.00898	0.00463	0.00139	0.00253	0.06545	0.04597	0.00411
29	0.00488	0.00352	0.00462	0.00550	0.00579	0.00326	0.00368	0.00559	0.00776	0.01027	0.02315	0.81010	0.07218	0.01243	0.00510	0.00161	0.00231	0.01123	0.00372	0.00326
30	0.00502	0.00395	0.00460	0.00485	0.00580	0.00353	0.00356	0.00611	0.00892	0.01133	0.13572	0.25814	0.44131	0.01148	0.04195	0.00166	0.00255	0.04239	0.00374	0.00342
31	0.03555	0.06586	0.01197	0.00877	0.01184	0.09924	0.00724	0.53787	0.01593	0.15130	0.00990	0.00974	0.00697	0.00465	0.00385	0.00117	0.00451	0.00344	0.00377	0.00643
32	0.00889	0.00848	0.01138	0.01401	0.30866	0.09049	0.01807	0.03908	0.00852	0.01156	0.00993	0.12549	0.00976	0.03452	0.15124	0.00230	0.12288	0.00473	0.01515	0.00487
33	0.77027	0.00867	0.03563	0.00666	0.02817	0.02905	0.04740	0.01199	0.00718	0.01723	0.00583	0.00690	0.00453	0.00371	0.00271	0.00124	0.00353	0.00237	0.00241	0.00451
34	0.00802	0.00722	0.01213	0.78540	0.06271	0.00884	0.01102	0.01064	0.00818	0.03741	0.00743	0.01076	0.00554	0.00402	0.00401	0.00133	0.00526	0.00358	0.00190	0.00462
35	0.00580	0.00428	0.00570	0.00613	0.00676	0.00413	0.02276	0.05864	0.00874	0.01163	0.05195	0.66607	0.05244	0.01150	0.00504	0.00159	0.00263	0.06690	0.00373	0.00359
36	0.01240	0.01071	0.01037	0.00878	0.01136	0.10375	0.00696	0.30357	0.44996	0.01901	0.01283	0.01221	0.00953	0.00507	0.00400	0.00127	0.00407	0.00399	0.00383	0.00633
37	0.00996	0.00528	0.00670	0.00591	0.00765	0.00481	0.00456	0.03308	0.03879	0.28382	0.23507	0.17307	0.12023	0.00779	0.00445	0.00131	0.00262	0.00672	0.02550	0.02270
38	0.06192	0.00883	0.01287	0.26060	0.27562	0.05505	0.05027	0.04261	0.01906	0.02655	0.00905	0.02551	0.03939	0.01341	0.00473	0.00131	0.06148	0.00383	0.00221	0.02569
39	0.00918	0.12119	0.42896	0.04653	0.03018	0.00982	0.15614	0.02893	0.00886	0.05515	0.00818	0.01055	0.00636	0.04173	0.00462	0.00136	0.00553	0.01914	0.00205	0.00555
40	0.00490	0.00375	0.00452	0.00510	0.00578	0.00337	0.00360	0.00577	0.00829	0.01054	0.02896	0.51549	0.32623	0.01160	0.00500	0.00154	0.00228	0.04624	0.00372	0.00332
41	0.04721	0.00802	0.01850	0.02249	0.01060	0.01761	0.08134	0.25881	0.01169	0.06265	0.08116	0.03424	0.04694	0.00813	0.09146	0.00181	0.08662	0.00445	0.10117	0.00510
42	0.01078	0.09618	0.11216	0.05644	0.11554	0.06540	0.10654	0.17197	0.05163	0.03228	0.03326	0.02395	0.01914	0.00468	0.00479	0.00126	0.08200	0.00379	0.00260	0.00561
43	0.02421	0.00751	0.01136	0.27660	0.25538	0.03409	0.00919	0.01045	0.02531	0.02554	0.01011	0.07944	0.02594	0.02226	0.08818	0.01699	0.04728	0.02312	0.00225	0.00479

[dist]
# distance from previous block
# <min> <max>
1	14

[block]
# block no. 1 follows, 67 sequences, length 26
# corresponding to MSA columns:
# 196-221
name=unknown_B
#
# <colnr> <probs for GDERKNQSTAVLIFYWHMCP>
#	G	D	E	R	K	N	Q	S	T	A	V	L	I	F	Y	W	H	M	C	P
0	0.10932	0.05845	0.18149	0.05069	0.26941	0.02955	0.04194	0.05445	0.06322	0.01395	0.00772	0.00924	0.00608	0.00388	0.00387	0.00119	0.02414	0.00322	0.00223	0.06599
1	0.00546	0.00395	0.00506	0.00566	0.00629	0.00372	0.00423	0.00643	0.00829	0.01076	0.05796	0.36657	0.17102	0.07359	0.00665	0.03367	0.00277	0.22107	0.00358	0.00330
2	0.02992	0.19033	0.03091	0.02248	0.07659	0.09771	0.02150	0.11392	0.05696	0.03270	0.00776	0.00865	0.00623	0.00372	0.00331	0.00093	0.00422	0.00283	0.00251	0.28683
3	0.02344	0.00558	0.00735	0.01812	0.05060	0.00545	0.02345	0.04370	0.04761	0.08337	0.10277	0.26699	0.11895	0.01788	0.04245	0.00163	0.02568	0.04076	0.00352	0.07070
4	0.03278	0.03222	0.04281	0.09823	0.40401	0.00909	0.00969	0.12227	0.02238	0.03622	0.06462	0.01197	0.02085	0.02387	0.00429	0.00124	0.00435	0.00382	0.00257	0.05272
5	0.03009	0.04049	0.01187	0.01111	0.14070	0.07765	0.05793	0.28575	0.07925	0.04126	0.08353	0.07453	0.03709	0.00549	0.00411	0.00124	0.00423	0.00464	0.00333	0.00569
6	0.00556	0.00412	0.00490	0.00472	0.00585	0.00365	0.00353	0.00704	0.01031	0.03323	0.45819	0.06781	0.35831	0.00910	0.00473	0.00131	0.00200	0.00784	0.00412	0.00367
7	0.00969	0.00931	0.01577	0.08522	0.73378	0.00962	0.01205	0.01202	0.00890	0.01272	0.00740	0.00993	0.00622	0.00377	0.00442	0.00123	0.04629	0.00357	0.00196	0.00612
8	0.02658	0.00879	0.01226	0.14480	0.17151	0.00949	0.06761	0.14275	0.23235	0.09696	0.01207	0.01266	0.03460	0.00468	0.00407	0.00128	0.00426	0.00410	0.00320	0.00597
9	0.01175	0.00719	0.00824	0.00698	0.00933	0.00737	0.00554	0.09493	0.29727	0.26549	0.06155	0.01878	0.14986	0.00615	0.00417	0.00129	0.00307	0.00507	0.03015	0.00583
10	0.00488	0.00352	0.00462	0.00549	0.00579	0.00327	0.00368	0.00559	0.00776	0.01027	0.02320	0.80805	0.07420	0.01242	0.00510	0.00161	0.00231	0.01123	0.00372	0.00327
11	0.00563	0.00410	0.00530	0.00500	0.00596	0.00377	0.00375	0.00748	0.01125	0.01584	0.79481	0.03036	0.07511	0.00829	0.00473	0.00127	0.00190	0.00731	0.00438	0.00377
12	0.01469	0.01060	0.01144	0.00882	0.01193	0.01158	0.00726	0.71376	0.03919	0.05341	0.01006	0.01005	0.00716	0.00476	0.00394	0.00118	0.00421	0.00361	0.03394	0.03841
13	0.00499	0.00357	0.00478	0.00571	0.00599	0.00335	0.00391	0.00577	0.00778	0.01036	0.02204	0.80077	0.02629	0.01246	0.00515	0.00164	0.00242	0.06600	0.00372	0.00329
14	0.00510	0.00420	0.00450	0.00449	0.00573	0.00370	0.00334	0.00663	0.04154	0.01182	0.15852	0.10118	0.61543	0.00986	0.00474	0.00136	0.00208	0.00836	0.00384	0.00355
15	0.00947	0.01082	0.02366	0.01690	0.02096	0.01014	0.81947	0.01285	0.00947	0.01285	0.00811	0.01082	0.00609	0.00338	0.00473	0.00135	0.00676	0.00473	0.00203	0.00541
16	0.00500	0.00357	0.00478	0.00571	0.00599	0.00335	0.00391	0.00577	0.00779	0.01036	0.02204	0.80025	0.02629	0.01246	0.00515	0.00164	0.00242	0.06651	0.00372	0.00329
17	0.07310	0.01276	0.03594	0.32610	0.04611	0.33811	0.03022	0.06961	0.01010	0.01191	0.00687	0.00887	0.00535	0.00406	0.00376	0.00119	0.00590	0.00310	0.00211	0.00482
18	0.00703	0.00374	0.00385	0.00393	0.00483	0.00367	0.00291	0.00873	0.00840	0.01421	0.01599	0.09381	0.07401	0.00581	0.00316	0.00103	0.00192	0.00480	0.73451	0.00367
19	0.00588	0.00426	0.00522	0.00501	0.00611	0.00389	0.00377	0.00771	0.03148	0.03837	0.52791	0.08041	0.23399	0.00883	0.00473	0.00132	0.00206	0.02104	0.00420	0.00381
20	0.00873	0.00788	0.01200	0.08380	0.15711	0.03561	0.13904	0.10274	0.03123	0.01405	0.17542	0.05743	0.01452	0.03857	0.08439	0.00187	0.01489	0.01293	0.00288	0.00491
21	0.00587	0.00447	0.00645	0.00636	0.00698	0.00520	0.00487	0.00714	0.00656	0.00940	0.03592	0.01729	0.02455	0.11308	0.67812	0.00571	0.05171	0.00457	0.00225	0.00351
22	0.00699	0.00451	0.00587	0.00576	0.00626	0.00476	0.00408	0.06590	0.02435	0.01022	0.02799	0.15375	0.02180	0.13394	0.12034	0.31060	0.02736	0.01576	0.04672	0.00305
23	0.00929	0.02500	0.25374	0.06271	0.11701	0.05107	0.15431	0.01341	0.11008	0.05226	0.06094	0.01298	0.04995	0.00457	0.00413	0.00127	0.00504	0.00414	0.00253	0.00556
24	0.00950	0.25351	0.53802	0.00991	0.01490	0.01124	0.01193	0.06308	0.00910	0.03398	0.00712	0.00811	0.00533	0.00380	0.00348	0.00115	0.00531	0.00280	0.00193	0.00579
25	0.03019	0.15699	0.13265	0.03353	0.11342	0.04036	0.00832	0.04810	0.24052	0.01381	0.05358	0.01221	0.02438	0.02240	0.00425	0.00125	0.02217	0.00373	0.00276	0.03539

[dist]
# distance from previous block
# <min> <max>
0	19

[block]
# block no. 2 follows, 67 sequences, length 30
# corresponding to MSA columns:
# 241-270
name=unknown_C
#
# <colnr> <probs for GDERKNQSTAVLIFYWHMCP>
#	G	D	E	R	K	N	Q	S	T	A	V	L	I	F	Y	W	H	M	C	P
0	0.08489	0.03154	0.04374	0.03880	0.30319	0.00947	0.07772	0.13012	0.07338	0.09697	0.00946	0.01104	0.00730	0.00460	0.01724	0.00131	0.00455	0.01928	0.00280	0.03259
1	0.03026	0.02142	0.02849	0.07342	0.09507	0.06240	0.11384	0.09999	0.26210	0.04694	0.01344	0.01416	0.07250	0.00499	0.00409	0.00127	0.00434	0.01655	0.00313	0.03159
2	0.00749	0.00620	0.00702	0.00685	0.03224	0.00659	0.00502	0.01319	0.36410	0.01452	0.20691	0.04934	0.17642	0.04707	0.01887	0.00155	0.00285	0.02505	0.00390	0.00481
3	0.00676	0.02437	0.00752	0.00686	0.00747	0.00629	0.00533	0.00779	0.00650	0.03355	0.01022	0.03730	0.00995	0.12043	0.50957	0.03726	0.15253	0.00444	0.00221	0.00364
4	0.00573	0.00430	0.00645	0.00645	0.00716	0.00501	0.00501	0.00716	0.00645	0.00931	0.01074	0.01576	0.01003	0.03008	0.84316	0.00645	0.01074	0.00430	0.00215	0.00358
5	0.01001	0.00757	0.00899	0.00775	0.00957	0.00860	0.00620	0.32534	0.09811	0.01641	0.01081	0.01321	0.00894	0.02789	0.37570	0.00359	0.03203	0.00404	0.02008	0.00515
6	0.00654	0.00440	0.00540	0.00530	0.00574	0.00453	0.00353	0.03632	0.00718	0.04217	0.04492	0.14816	0.03442	0.47711	0.13390	0.00351	0.02450	0.00635	0.00283	0.00317
7	0.01274	0.05892	0.01152	0.02097	0.06929	0.50697	0.00764	0.04323	0.01031	0.01114	0.00704	0.00855	0.00589	0.00449	0.00467	0.00112	0.10864	0.00292	0.09920	0.00474
8	0.03125	0.09371	0.60256	0.02353	0.02872	0.00956	0.03945	0.01256	0.02764	0.03103	0.00773	0.00945	0.00586	0.03554	0.02366	0.00145	0.00562	0.00314	0.00190	0.00563
9	0.01010	0.25764	0.30463	0.03665	0.01408	0.06216	0.04655	0.08100	0.11453	0.01313	0.01884	0.00920	0.00665	0.00406	0.00356	0.00115	0.00502	0.00312	0.00228	0.00566
10	0.88738	0.00776	0.00589	0.00527	0.00776	0.00900	0.00434	0.01179	0.00683	0.01799	0.00558	0.00651	0.00434	0.00372	0.00248	0.00124	0.00310	0.00217	0.00248	0.00434
11	0.00669	0.00425	0.00529	0.00539	0.00637	0.00384	0.00391	0.00772	0.00860	0.09686	0.07939	0.37215	0.17316	0.08040	0.00603	0.00165	0.00258	0.06047	0.03566	0.03960
12	0.00693	0.06154	0.00824	0.00758	0.04306	0.06385	0.04231	0.01563	0.00790	0.01020	0.01644	0.40951	0.06120	0.07359	0.07220	0.02502	0.06053	0.00761	0.00293	0.00375
13	0.00674	0.00542	0.00745	0.02557	0.14283	0.01675	0.01957	0.00860	0.05277	0.03454	0.09971	0.38163	0.14145	0.00906	0.00464	0.00142	0.00291	0.00811	0.02662	0.00419
14	0.00545	0.00380	0.00493	0.00563	0.00599	0.00365	0.00398	0.00622	0.00764	0.01017	0.02020	0.49487	0.04383	0.16410	0.00813	0.02206	0.00288	0.16338	0.01992	0.00317
15	0.00492	0.00357	0.00464	0.00544	0.00580	0.00329	0.00367	0.00570	0.00798	0.01058	0.06503	0.75164	0.08863	0.01216	0.00507	0.00159	0.00228	0.01096	0.00376	0.00329
16	0.00649	0.00547	0.00775	0.00731	0.00804	0.02990	0.02675	0.00785	0.00661	0.00942	0.00987	0.01474	0.00928	0.04748	0.66630	0.00547	0.12124	0.00420	0.00210	0.00373
17	0.06799	0.00986	0.01082	0.00838	0.01148	0.02937	0.00690	0.50882	0.01571	0.27283	0.01120	0.01062	0.00759	0.00478	0.00392	0.00121	0.00409	0.00363	0.00417	0.00662
18	0.80942	0.00877	0.00638	0.00573	0.00817	0.08352	0.00465	0.01217	0.00723	0.01726	0.00564	0.00658	0.00442	0.00376	0.00258	0.00122	0.00347	0.00221	0.00244	0.00437
19	0.00921	0.32647	0.31422	0.00862	0.01242	0.01071	0.02757	0.03957	0.00875	0.04161	0.00943	0.12077	0.00872	0.00508	0.00358	0.00117	0.00459	0.02284	0.01940	0.00524
20	0.00487	0.00410	0.00425	0.00430	0.00561	0.00347	0.00328	0.00596	0.00920	0.01103	0.05838	0.03881	0.76217	0.01017	0.00479	0.00138	0.00213	0.05894	0.00374	0.00341
21	0.01878	0.00426	0.00467	0.00461	0.00582	0.00380	0.00343	0.02878	0.00970	0.01244	0.21297	0.12707	0.52999	0.00975	0.00473	0.00136	0.00212	0.00829	0.00387	0.00357
22	0.02397	0.06488	0.21718	0.00929	0.01257	0.18934	0.03075	0.12944	0.08947	0.08498	0.01049	0.05513	0.02422	0.00519	0.01468	0.00127	0.00510	0.00380	0.02273	0.00554
23	0.00929	0.05484	0.17115	0.06996	0.01271	0.02148	0.03513	0.01299	0.14566	0.07611	0.05245	0.01249	0.00917	0.00638	0.03280	0.02453	0.19983	0.01935	0.02854	0.00513
24	0.00530	0.00414	0.00461	0.00462	0.00578	0.00367	0.00347	0.01908	0.00961	0.01236	0.20862	0.11068	0.50689	0.00969	0.00472	0.00136	0.00213	0.04136	0.03837	0.00354
25	0.05975	0.06751	0.06833	0.10991	0.21257	0.06934	0.05057	0.06128	0.13657	0.02557	0.02121	0.01076	0.01829	0.00446	0.00451	0.00126	0.06645	0.00362	0.00249	0.00555
26	0.03623	0.02237	0.11078	0.10458	0.13269	0.11661	0.09499	0.13274	0.02935	0.01407	0.02672	0.03732	0.00829	0.00496	0.00449	0.01016	0.03590	0.04705	0.02541	0.00529
27	0.00745	0.03942	0.11150	0.11847	0.03974	0.02109	0.11466	0.01017	0.05983	0.01137	0.04907	0.08512	0.07147	0.05794	0.14590	0.00235	0.03201	0.01545	0.00250	0.00449
28	0.00632	0.00486	0.00663	0.00639	0.00686	0.00566	0.00478	0.02094	0.00677	0.00959	0.04684	0.03510	0.01260	0.25957	0.40874	0.00456	0.11636	0.03162	0.00239	0.00342
29	0.29552	0.04907	0.04029	0.02919	0.07155	0.11313	0.09381	0.12469	0.00985	0.02471	0.00699	0.00821	0.00545	0.00387	0.00352	0.00115	0.01923	0.00292	0.00248	0.09437

[dist]
# distance from previous block
# <min> <max>
2	15

[block]
# block no. 3 follows, 67 sequences, length 24
# corresponding to MSA columns:
# 286-309
name=unknown_D
#
# <colnr> <probs for GDERKNQSTAVLIFYWHMCP>
#	G	D	E	R	K	N	Q	S	T	A	V	L	I	F	Y	W	H	M	C	P
0	0.01240	0.00816	0.09660	0.00735	0.01006	0.00672	0.00651	0.09221	0.05724	0.36552	0.03594	0.04367	0.10811	0.03607	0.02533	0.00151	0.02692	0.03073	0.00393	0.02501
1	0.03572	0.03161	0.06572	0.00792	0.01104	0.00721	0.04786	0.04982	0.09099	0.53261	0.06596	0.01379	0.01102	0.00498	0.00402	0.00125	0.00369	0.00414	0.00429	0.00635
2	0.02459	0.01372	0.31358	0.03460	0.01725	0.00966	0.30959	0.03095	0.11720	0.05452	0.00914	0.01051	0.00667	0.00403	0.00441	0.00132	0.02623	0.00391	0.00236	0.00575
3	0.00542	0.00413	0.00447	0.00443	0.00572	0.00352	0.00330	0.00651	0.00932	0.04694	0.11378	0.11383	0.64461	0.00997	0.00474	0.00137	0.00211	0.00843	0.00384	0.00356
4	0.00545	0.00419	0.00503	0.00502	0.00608	0.00382	0.00381	0.00716	0.02914	0.01344	0.40184	0.10141	0.31249	0.00942	0.00482	0.00138	0.00216	0.07566	0.00405	0.00365
5	0.00961	0.01038	0.02094	0.01526	0.01889	0.01013	0.66159	0.04089	0.09914	0.01355	0.00925	0.02785	0.00716	0.00395	0.00491	0.00137	0.03253	0.00477	0.00235	0.00549
6	0.01484	0.01784	0.01151	0.01026	0.01244	0.74481	0.02979	0.01630	0.03770	0.05797	0.00714	0.00795	0.00570	0.00420	0.00369	0.00106	0.00687	0.00279	0.00230	0.00485
7	0.00551	0.00402	0.00471	0.00459	0.00560	0.00363	0.00339	0.00698	0.00996	0.01365	0.42593	0.06624	0.29341	0.04575	0.00525	0.00139	0.00204	0.00743	0.08695	0.00357
8	0.00492	0.00364	0.00461	0.00537	0.00583	0.00333	0.00370	0.00572	0.00801	0.01041	0.02552	0.67404	0.17652	0.01206	0.00506	0.00159	0.00232	0.04033	0.00372	0.00330
9	0.01150	0.01034	0.12545	0.00960	0.01276	0.02702	0.14036	0.18494	0.11716	0.15588	0.04508	0.05096	0.04017	0.00529	0.00419	0.00129	0.00437	0.01598	0.03186	0.00581
10	0.00827	0.00730	0.00719	0.00688	0.00791	0.12552	0.00506	0.12896	0.00984	0.01247	0.06594	0.32653	0.05584	0.10288	0.05972	0.00200	0.04315	0.01728	0.00324	0.00401
11	0.88738	0.00776	0.00589	0.00527	0.00776	0.00900	0.00434	0.01179	0.00683	0.01799	0.00558	0.00651	0.00434	0.00372	0.00248	0.00124	0.00310	0.00217	0.00248	0.00434
12	0.01208	0.01062	0.01129	0.00935	0.01105	0.11360	0.00756	0.36912	0.01240	0.01645	0.00803	0.01042	0.00676	0.06379	0.04250	0.00176	0.28140	0.00363	0.00285	0.00533
13	0.00509	0.00377	0.00475	0.00528	0.00587	0.00345	0.00372	0.00609	0.00859	0.01134	0.15848	0.50485	0.17878	0.03184	0.00538	0.00158	0.00231	0.05165	0.00380	0.00337
14	0.01102	0.00953	0.01142	0.11619	0.14483	0.05695	0.02202	0.13714	0.38384	0.04605	0.01205	0.01228	0.00904	0.00474	0.00403	0.00128	0.00418	0.00400	0.00333	0.00609
15	0.00566	0.00443	0.00523	0.00524	0.00632	0.00410	0.00382	0.00773	0.07746	0.01274	0.25467	0.28152	0.25404	0.00959	0.00471	0.00137	0.00222	0.00839	0.00388	0.04687
16	0.07144	0.13254	0.18762	0.08991	0.17285	0.14216	0.03631	0.06746	0.00958	0.02477	0.00704	0.00858	0.00555	0.00392	0.00382	0.00117	0.02469	0.00304	0.00209	0.00547
17	0.01087	0.53081	0.14520	0.00892	0.01269	0.06668	0.09319	0.03803	0.00900	0.04209	0.00664	0.00763	0.00547	0.00363	0.00316	0.00101	0.00496	0.00269	0.00196	0.00538
18	0.00556	0.00414	0.00579	0.00589	0.00653	0.00454	0.00439	0.00671	0.00676	0.00937	0.01499	0.10783	0.09002	0.12361	0.57898	0.00516	0.00823	0.00562	0.00250	0.00339
19	0.00560	0.00513	0.05376	0.00641	0.01968	0.00420	0.02526	0.02014	0.00863	0.01142	0.08383	0.49024	0.16084	0.01070	0.00494	0.00153	0.00275	0.07764	0.00359	0.00367
20	0.02345	0.01057	0.08558	0.07217	0.08593	0.04021	0.14421	0.24684	0.03375	0.10764	0.01052	0.01364	0.00831	0.00494	0.00437	0.00131	0.01795	0.07968	0.00309	0.00584
21	0.03043	0.08923	0.01333	0.00970	0.01264	0.14029	0.11213	0.31521	0.14860	0.05142	0.01060	0.01084	0.02812	0.00462	0.00391	0.00120	0.00481	0.00373	0.00326	0.00593
22	0.09976	0.05528	0.01880	0.00651	0.04355	0.02440	0.00468	0.04675	0.02943	0.03934	0.13444	0.16583	0.08917	0.15729	0.03007	0.00190	0.00336	0.01696	0.02844	0.00402
23	0.05843	0.20225	0.09612	0.01041	0.12138	0.08921	0.02583	0.09241	0.10239	0.04533	0.02232	0.05688	0.01794	0.00480	0.00366	0.00117	0.00443	0.02138	0.00268	0.02099

[dist]
# distance from previous block
# <min> <max>
0	13

[block]
# block no. 4 follows, 67 sequences, length 45
# corresponding to MSA columns:
# 323-367
name=unknown_E
#
# <colnr> <probs for GDERKNQSTAVLIFYWHMCP>
#	G	D	E	R	K	N	Q	S	T	A	V	L	I	F	Y	W	H	M	C	P
0	0.05865	0.00988	0.12579	0.10046	0.23182	0.00842	0.08989	0.05297	0.04664	0.03900	0.05400	0.02300	0.04938	0.00466	0.00402	0.00124	0.00449	0.02562	0.00255	0.06754
1	0.00862	0.07588	0.09138	0.03539	0.01009	0.03247	0.01954	0.09938	0.04361	0.04760	0.03879	0.11936	0.09198	0.07456	0.09648	0.00209	0.08831	0.01701	0.00288	0.00458
2	0.00978	0.12833	0.31509	0.01045	0.04523	0.10672	0.07053	0.02946	0.06701	0.04434	0.00934	0.04736	0.02043	0.03160	0.01958	0.00140	0.03198	0.00372	0.00227	0.00538
3	0.00641	0.00579	0.01866	0.02509	0.12901	0.01782	0.03253	0.00845	0.04806	0.01257	0.19805	0.09757	0.34513	0.00855	0.01791	0.00141	0.00300	0.01633	0.00346	0.00418
4	0.00998	0.01309	0.28090	0.03092	0.08417	0.03410	0.09417	0.14540	0.04450	0.04166	0.01817	0.01246	0.03160	0.00526	0.01613	0.00140	0.08578	0.04208	0.00255	0.00565
5	0.02976	0.01050	0.02273	0.03413	0.18447	0.12839	0.11348	0.15813	0.05596	0.11709	0.01082	0.01226	0.04051	0.04851	0.00499	0.00136	0.01431	0.00398	0.00294	0.00569
6	0.00823	0.00552	0.01903	0.01852	0.07794	0.01662	0.00507	0.00998	0.03399	0.12638	0.07216	0.11667	0.16739	0.04110	0.05176	0.01216	0.01631	0.03583	0.16100	0.00433
7	0.00626	0.00401	0.00466	0.00468	0.00503	0.00386	0.00288	0.00656	0.00677	0.05522	0.01712	0.15033	0.10083	0.59699	0.01559	0.00314	0.00344	0.00683	0.00290	0.00290
8	0.00824	0.05265	0.02257	0.05395	0.00897	0.07348	0.00539	0.07341	0.01049	0.06420	0.30174	0.16563	0.05017	0.03010	0.02352	0.00150	0.00342	0.04267	0.00361	0.00428
9	0.00866	0.00846	0.02356	0.18345	0.30523	0.00882	0.13165	0.03270	0.04375	0.01234	0.01149	0.03811	0.08445	0.00579	0.03523	0.00150	0.05278	0.00449	0.00230	0.00526
10	0.00489	0.00349	0.00465	0.00558	0.00582	0.00326	0.00372	0.00558	0.00768	0.01024	0.02210	0.85644	0.02653	0.01256	0.00512	0.00163	0.00233	0.01140	0.00372	0.00326
11	0.00673	0.00427	0.00500	0.00482	0.00574	0.00417	0.00347	0.00832	0.03825	0.05402	0.18069	0.04329	0.14606	0.19449	0.08718	0.00228	0.00332	0.00591	0.19834	0.00363
12	0.02980	0.05169	0.34869	0.03372	0.13655	0.13365	0.03936	0.08317	0.03131	0.01323	0.00799	0.02805	0.00645	0.03400	0.00439	0.00131	0.00547	0.00341	0.00216	0.00558
13	0.06570	0.44770	0.08470	0.00751	0.01066	0.03179	0.02283	0.05260	0.03280	0.10025	0.00909	0.06687	0.00804	0.01328	0.00346	0.00112	0.00419	0.02963	0.00251	0.00525
14	0.51099	0.05741	0.04862	0.04216	0.19207	0.04141	0.03133	0.01209	0.00778	0.01543	0.00625	0.00767	0.00499	0.00369	0.00304	0.00121	0.00402	0.00266	0.00224	0.00495
15	0.00640	0.00370	0.00499	0.00500	0.00506	0.00375	0.00320	0.00561	0.00559	0.00751	0.00967	0.03242	0.01043	0.33632	0.08068	0.46667	0.00417	0.00458	0.00207	0.00217
16	0.00489	0.00354	0.00463	0.00547	0.00579	0.00328	0.00368	0.00564	0.00786	0.01040	0.03988	0.78159	0.08396	0.01230	0.00508	0.00160	0.00230	0.01111	0.00374	0.00328
17	0.00707	0.00563	0.00725	0.05927	0.07923	0.00565	0.00540	0.05570	0.07196	0.02787	0.34764	0.02688	0.22867	0.00767	0.00468	0.00132	0.01556	0.03444	0.00376	0.00437
18	0.00843	0.00742	0.02495	0.20364	0.05298	0.00650	0.02405	0.01051	0.00849	0.03961	0.02078	0.01064	0.02087	0.00367	0.00345	0.00089	0.00374	0.01645	0.00236	0.53059
19	0.00576	0.00435	0.00512	0.00540	0.00634	0.00413	0.00389	0.00781	0.09482	0.03041	0.08536	0.41209	0.28300	0.01053	0.00484	0.00148	0.00234	0.02473	0.00384	0.00375
20	0.06039	0.09911	0.01504	0.09166	0.03912	0.06788	0.21707	0.14702	0.19349	0.01525	0.00955	0.01057	0.00726	0.00422	0.00395	0.00124	0.00495	0.00380	0.00278	0.00565
21	0.05614	0.07485	0.08892	0.01108	0.19277	0.02411	0.00787	0.10895	0.01889	0.03092	0.05892	0.03440	0.03402	0.00459	0.00367	0.00107	0.00393	0.02656	0.00268	0.21566
22	0.00746	0.00707	0.05347	0.00655	0.00781	0.06502	0.00513	0.07378	0.07233	0.01228	0.10903	0.20633	0.11307	0.16002	0.04176	0.00204	0.04288	0.00669	0.00324	0.00402
23	0.05961	0.30529	0.01460	0.00870	0.01050	0.12823	0.03678	0.01129	0.00775	0.01012	0.00641	0.02504	0.00611	0.03694	0.03636	0.00154	0.28506	0.00314	0.00191	0.00460
24	0.00635	0.00509	0.00689	0.00638	0.00700	0.03133	0.06232	0.00719	0.00658	0.00891	0.01176	0.06191	0.01246	0.41561	0.31191	0.00438	0.02304	0.00534	0.00234	0.00320
25	0.01020	0.00920	0.01219	0.01033	0.04071	0.07634	0.17019	0.09759	0.19942	0.03847	0.01166	0.04042	0.01999	0.00617	0.03569	0.00151	0.09873	0.01946	0.09643	0.00530
26	0.05944	0.03615	0.00937	0.00694	0.01009	0.09339	0.00556	0.08611	0.07233	0.01424	0.00780	0.00868	0.00630	0.00358	0.00335	0.00082	0.01814	0.00268	0.00260	0.55243
27	0.00676	0.00575	0.01912	0.04577	0.07339	0.02064	0.00521	0.04100	0.02619	0.02518	0.15857	0.15121	0.29071	0.00832	0.00452	0.00132	0.00286	0.04308	0.00349	0.06690
28	0.05029	0.09092	0.10428	0.08016	0.09749	0.15156	0.06667	0.03642	0.00919	0.04555	0.05546	0.02409	0.02110	0.06971	0.07866	0.00184	0.00555	0.00386	0.00237	0.00485
29	0.01060	0.77611	0.07606	0.00715	0.01071	0.01506	0.00734	0.01213	0.00828	0.02525	0.01770	0.00704	0.00570	0.00355	0.00272	0.00090	0.00435	0.00231	0.00181	0.00521
30	0.00555	0.00463	0.00588	0.00604	0.00680	0.03424	0.04972	0.00652	0.00835	0.01074	0.06697	0.55135	0.18466	0.03214	0.00533	0.00157	0.00271	0.00976	0.00357	0.00346
31	0.00675	0.00356	0.00520	0.00523	0.00527	0.00359	0.00348	0.00538	0.00541	0.00725	0.00806	0.03831	0.00831	0.08284	0.05837	0.74137	0.00386	0.00395	0.00188	0.00194
32	0.02774	0.14434	0.06826	0.00913	0.01160	0.31838	0.03660	0.02936	0.06752	0.08877	0.00961	0.05345	0.00837	0.00518	0.00431	0.00121	0.05389	0.05463	0.00261	0.00505
33	0.02499	0.05611	0.02588	0.10272	0.25226	0.00835	0.15727	0.01107	0.04060	0.02860	0.04471	0.13739	0.02313	0.02372	0.00473	0.00138	0.01348	0.03598	0.00255	0.00507
34	0.00560	0.00433	0.00530	0.00586	0.02269	0.00416	0.00407	0.00754	0.08852	0.01157	0.09456	0.45731	0.21250	0.01074	0.00508	0.01764	0.00241	0.03270	0.00375	0.00368
35	0.00578	0.00423	0.00602	0.00607	0.00665	0.00477	0.00455	0.00694	0.00645	0.00912	0.01161	0.01926	0.01156	0.19816	0.63676	0.00571	0.00902	0.04171	0.00228	0.00335
36	0.00981	0.06422	0.11100	0.08410	0.26280	0.06921	0.18227	0.01280	0.04742	0.04496	0.00945	0.05231	0.02280	0.00434	0.00408	0.00125	0.00522	0.00413	0.00227	0.00556
37	0.02174	0.09667	0.16682	0.11616	0.31987	0.00941	0.05001	0.01218	0.03346	0.04996	0.01064	0.01211	0.07515	0.00432	0.00389	0.00122	0.00474	0.00381	0.00223	0.00562
38	0.00961	0.01261	0.30036	0.01054	0.04238	0.02050	0.11049	0.02536	0.18195	0.09118	0.01245	0.01347	0.05318	0.00488	0.00436	0.00131	0.03258	0.02207	0.04504	0.00570
39	0.00678	0.00593	0.02617	0.00764	0.02560	0.03595	0.05132	0.04679	0.02602	0.01099	0.01414	0.21206	0.03017	0.01929	0.41550	0.00391	0.00719	0.04783	0.00273	0.00397
40	0.02471	0.04419	0.01246	0.06910	0.25521	0.19497	0.03794	0.03979	0.04053	0.09889	0.03851	0.03301	0.02677	0.00625	0.05890	0.00153	0.00534	0.00388	0.00262	0.00538
41	0.01210	0.04200	0.03219	0.02472	0.16723	0.16681	0.05440	0.11162	0.05507	0.14798	0.01194	0.08084	0.04561	0.00526	0.00425	0.00124	0.02373	0.00438	0.00304	0.00559
42	0.00609	0.00498	0.00552	0.00543	0.00669	0.00497	0.00406	0.00928	0.17937	0.01204	0.07670	0.11459	0.39201	0.06265	0.07754	0.00198	0.00319	0.02530	0.00363	0.00398
43	0.07201	0.00836	0.00855	0.00659	0.00957	0.08747	0.00521	0.01095	0.03234	0.01284	0.00728	0.00893	0.00620	0.03335	0.00421	0.00089	0.05131	0.00263	0.00237	0.62896
44	0.00900	0.00867	0.03212	0.38985	0.27305	0.03016	0.05020	0.02980	0.05161	0.03012	0.00911	0.01173	0.03067	0.02193	0.00439	0.00133	0.00499	0.00384	0.00217	0.00526

[dist]
# distance from previous block
# <min> <max>
0	4

[block]
# block no. 5 follows, 67 sequences, length 27
# corresponding to MSA columns:
# 391-417
name=unknown_F
#
# <colnr> <probs for GDERKNQSTAVLIFYWHMCP>
#	G	D	E	R	K	N	Q	S	T	A	V	L	I	F	Y	W	H	M	C	P
0	0.13700	0.07239	0.01115	0.00977	0.08658	0.18279	0.00714	0.17904	0.21342	0.03349	0.00985	0.02358	0.00769	0.00459	0.00364	0.00119	0.00447	0.00345	0.00307	0.00568
1	0.01355	0.00990	0.01257	0.01223	0.18260	0.02613	0.04767	0.39749	0.06155	0.14417	0.01162	0.01178	0.04036	0.00475	0.00407	0.00123	0.00434	0.00395	0.00359	0.00645
2	0.00929	0.00742	0.00815	0.00728	0.00933	0.00811	0.00562	0.01741	0.55837	0.05698	0.13940	0.04334	0.03143	0.02394	0.00450	0.00136	0.00295	0.00511	0.00403	0.05599
3	0.00631	0.00514	0.00646	0.00645	0.00756	0.00518	0.03881	0.00969	0.19475	0.01218	0.04404	0.42206	0.16621	0.00994	0.00481	0.00151	0.00271	0.04833	0.00375	0.00411
4	0.01525	0.01123	0.01204	0.00923	0.01244	0.01244	0.00762	0.82067	0.01886	0.02528	0.00963	0.00963	0.00682	0.00481	0.00401	0.00120	0.00441	0.00361	0.00401	0.00682
5	0.00907	0.33541	0.37617	0.01007	0.01456	0.01159	0.12039	0.01210	0.00852	0.01139	0.00845	0.00959	0.04840	0.00394	0.00352	0.00113	0.00522	0.00318	0.00185	0.00543
6	0.00815	0.00528	0.00633	0.00604	0.00739	0.00514	0.00450	0.08504	0.08204	0.12587	0.10610	0.35768	0.16583	0.00930	0.00467	0.00143	0.00265	0.00811	0.00402	0.00443
7	0.00986	0.00946	0.01616	0.04786	0.81132	0.00951	0.01228	0.01225	0.00910	0.01302	0.00753	0.00995	0.00632	0.00359	0.00397	0.00120	0.00478	0.00357	0.00198	0.00630
8	0.00891	0.00858	0.01487	0.37283	0.45077	0.00930	0.05392	0.01146	0.00868	0.01188	0.00740	0.01030	0.00591	0.00375	0.00403	0.00126	0.00511	0.00363	0.00190	0.00550
9	0.00743	0.00659	0.01040	0.26298	0.17513	0.00710	0.04037	0.01026	0.07508	0.01262	0.17864	0.16740	0.01657	0.00641	0.00438	0.00135	0.00387	0.00586	0.00290	0.00466
10	0.01332	0.00949	0.02181	0.00870	0.01123	0.13099	0.07421	0.05391	0.13373	0.32636	0.01503	0.01480	0.08460	0.00547	0.00477	0.00129	0.06508	0.01573	0.00371	0.00577
11	0.00809	0.04160	0.54428	0.01172	0.01660	0.00902	0.18659	0.01198	0.00877	0.01257	0.03556	0.03721	0.04904	0.00444	0.00409	0.00129	0.00562	0.00399	0.00202	0.00551
12	0.01352	0.00613	0.00787	0.00637	0.00883	0.00547	0.00514	0.04556	0.02916	0.51940	0.13405	0.02046	0.16747	0.00639	0.00426	0.00127	0.00297	0.00531	0.00460	0.00575
13	0.00925	0.00892	0.01444	0.08998	0.53763	0.03187	0.06474	0.01207	0.05719	0.01293	0.05261	0.05604	0.02534	0.00456	0.00414	0.00125	0.00459	0.00438	0.00235	0.00573
14	0.04222	0.05743	0.25866	0.01127	0.10224	0.04992	0.08928	0.05176	0.00973	0.15333	0.03269	0.04000	0.02466	0.02137	0.00440	0.00131	0.01411	0.02728	0.00273	0.00561
15	0.00975	0.01044	0.12332	0.03956	0.46163	0.03286	0.05118	0.01255	0.03677	0.06687	0.03228	0.04588	0.02210	0.01410	0.00428	0.00128	0.00471	0.02220	0.00242	0.00584
16	0.01361	0.00786	0.00916	0.00761	0.01023	0.00819	0.00609	0.08918	0.37935	0.35560	0.01537	0.01396	0.01072	0.00515	0.00399	0.00128	0.00331	0.00421	0.04866	0.00645
17	0.01000	0.05345	0.01553	0.07860	0.64210	0.00940	0.03120	0.01231	0.00907	0.04564	0.00803	0.01021	0.00655	0.00370	0.00386	0.00118	0.00463	0.00355	0.04496	0.00603
18	0.00848	0.09354	0.23224	0.05115	0.03931	0.00771	0.03324	0.01927	0.04816	0.08838	0.10628	0.07521	0.11214	0.05049	0.00506	0.00141	0.01503	0.00506	0.00289	0.00495
19	0.00973	0.03614	0.17166	0.04576	0.36128	0.00939	0.13989	0.03745	0.02884	0.05323	0.00889	0.05302	0.00734	0.00425	0.00420	0.00126	0.01550	0.00404	0.00227	0.00588
20	0.00575	0.00405	0.00492	0.00503	0.00521	0.00418	0.00321	0.00611	0.00639	0.00858	0.01490	0.14830	0.04737	0.56691	0.10261	0.00360	0.03108	0.02635	0.00265	0.00280
21	0.00950	0.01912	0.06017	0.00861	0.01800	0.18001	0.08099	0.05779	0.06973	0.05463	0.02864	0.21612	0.08626	0.03316	0.02676	0.00155	0.02188	0.01941	0.00306	0.00461
22	0.01065	0.08853	0.03773	0.08854	0.24540	0.11655	0.10974	0.08250	0.06848	0.03333	0.05165	0.02204	0.00848	0.01411	0.00415	0.00123	0.00500	0.00384	0.00250	0.00556
23	0.00580	0.00447	0.00625	0.02880	0.09140	0.00435	0.00486	0.00699	0.01749	0.02182	0.05048	0.51524	0.12090	0.02273	0.07694	0.00196	0.00337	0.00904	0.00339	0.00374
24	0.00591	0.00444	0.00541	0.00563	0.00638	0.00445	0.00405	0.02336	0.08044	0.01131	0.08597	0.31360	0.14170	0.14256	0.09099	0.00237	0.00353	0.06083	0.00346	0.00359
25	0.05298	0.06329	0.19913	0.01728	0.09021	0.06950	0.03291	0.11114	0.06113	0.06953	0.01303	0.09427	0.08339	0.00551	0.00395	0.00125	0.00440	0.00454	0.01716	0.00539
26	0.01086	0.05487	0.12757	0.00948	0.07571	0.09984	0.00781	0.22067	0.04008	0.05093	0.01990	0.02450	0.09281	0.05066	0.03056	0.00149	0.01360	0.01497	0.00296	0.05074

[dist]
# distance from previous block
# <min> <max>
2	54

[block]
# block no. 6 follows, 67 sequences, length 54
# corresponding to MSA columns:
# 487-540
name=unknown_G
#
# <colnr> <probs for GDERKNQSTAVLIFYWHMCP>
#	G	D	E	R	K	N	Q	S	T	A	V	L	I	F	Y	W	H	M	C	P
0	0.10501	0.18246	0.04633	0.00921	0.02940	0.21216	0.04125	0.15604	0.12443	0.02293	0.00824	0.00885	0.00646	0.00428	0.00374	0.00114	0.02689	0.00307	0.00266	0.00547
1	0.00642	0.05167	0.02978	0.00559	0.00693	0.04248	0.00438	0.00828	0.05363	0.02725	0.23958	0.21983	0.27120	0.00903	0.00458	0.00135	0.00262	0.00777	0.00371	0.00391
2	0.00920	0.00713	0.00848	0.00676	0.00932	0.00670	0.02716	0.15924	0.08527	0.04634	0.17717	0.02992	0.08170	0.00591	0.01941	0.00114	0.00321	0.00458	0.00345	0.30791
3	0.00508	0.00365	0.00466	0.00530	0.00576	0.00338	0.00363	0.00596	0.00822	0.01102	0.11039	0.62459	0.11189	0.03443	0.00539	0.00160	0.00230	0.02081	0.02862	0.00332
4	0.02881	0.00865	0.01026	0.01062	0.14369	0.00955	0.00722	0.09389	0.50716	0.07673	0.02606	0.01360	0.01078	0.00503	0.00399	0.00129	0.00351	0.00423	0.02865	0.00627
5	0.00590	0.00399	0.00460	0.00453	0.00491	0.00384	0.00282	0.00637	0.00726	0.02647	0.14388	0.04890	0.11923	0.58330	0.01532	0.00306	0.00330	0.00648	0.00298	0.00287
6	0.01475	0.02995	0.01166	0.01009	0.01231	0.65346	0.00775	0.15894	0.01247	0.01256	0.00677	0.00770	0.00546	0.00435	0.00401	0.00109	0.03649	0.00279	0.00240	0.00503
7	0.00513	0.00362	0.00465	0.00529	0.00559	0.00342	0.00350	0.00569	0.00743	0.00984	0.03145	0.60786	0.08212	0.14161	0.03046	0.03319	0.00281	0.00982	0.00342	0.00310
8	0.06631	0.27842	0.08381	0.01071	0.11182	0.05923	0.07893	0.12178	0.01911	0.07980	0.02562	0.00913	0.00673	0.00400	0.00359	0.00111	0.01439	0.00314	0.00251	0.01988
9	0.00770	0.00720	0.01188	0.80653	0.02675	0.00896	0.01089	0.01081	0.04976	0.01058	0.00760	0.01091	0.00570	0.00408	0.00401	0.00134	0.00524	0.00361	0.00190	0.00455
10	0.00572	0.00400	0.00514	0.00522	0.00549	0.00425	0.00346	0.00629	0.00620	0.00852	0.01269	0.08676	0.01386	0.49432	0.31616	0.00464	0.00624	0.00571	0.00243	0.00291
11	0.00635	0.00675	0.10507	0.00813	0.00965	0.00521	0.13117	0.00777	0.00787	0.01068	0.01619	0.43823	0.01804	0.02604	0.01834	0.09493	0.00382	0.07903	0.00297	0.00377
12	0.00984	0.00954	0.01659	0.04648	0.76520	0.00955	0.05895	0.01228	0.00912	0.01301	0.00757	0.01000	0.00631	0.00357	0.00402	0.00120	0.00490	0.00364	0.00198	0.00625
13	0.02536	0.00763	0.01003	0.06762	0.06152	0.02141	0.00729	0.09183	0.07834	0.06248	0.05950	0.03955	0.03687	0.00953	0.11539	0.02708	0.26671	0.00434	0.00274	0.00479
14	0.00798	0.00726	0.01201	0.26938	0.22744	0.00777	0.08087	0.04178	0.03101	0.01213	0.03374	0.22690	0.01220	0.00621	0.00437	0.00137	0.00436	0.00580	0.00257	0.00485
15	0.00765	0.00718	0.01193	0.82171	0.02706	0.00895	0.01098	0.01061	0.03499	0.01046	0.00743	0.01083	0.00557	0.00406	0.00401	0.00134	0.00527	0.00360	0.00186	0.00452
16	0.01254	0.02886	0.01062	0.00839	0.01109	0.01086	0.00680	0.47862	0.25809	0.02128	0.07803	0.01352	0.03224	0.00538	0.00408	0.00125	0.00378	0.00427	0.00401	0.00631
17	0.00864	0.00895	0.04815	0.12519	0.20686	0.12340	0.00818	0.01129	0.07166	0.01226	0.07749	0.11714	0.06092	0.00630	0.00425	0.00131	0.00426	0.06722	0.03171	0.00480
18	0.01144	0.00927	0.02847	0.01209	0.01463	0.00968	0.32808	0.03470	0.00914	0.21613	0.00926	0.01108	0.00693	0.01855	0.00731	0.00148	0.25943	0.00415	0.00273	0.00545
19	0.00497	0.00359	0.00456	0.00530	0.00562	0.00334	0.00352	0.00563	0.00764	0.01005	0.02308	0.68364	0.11053	0.10029	0.00667	0.00183	0.00246	0.01051	0.00359	0.00319
20	0.00920	0.00679	0.03180	0.00687	0.00881	0.00654	0.03207	0.12062	0.14499	0.10965	0.37556	0.03126	0.06093	0.03079	0.00487	0.00135	0.00296	0.00581	0.00412	0.00501
21	0.03841	0.02935	0.04417	0.02239	0.12217	0.17002	0.22488	0.13387	0.01071	0.04289	0.00799	0.02762	0.00643	0.00444	0.00505	0.00128	0.09667	0.00378	0.00243	0.00546
22	0.00542	0.00445	0.04088	0.00565	0.00613	0.00384	0.00407	0.00619	0.00727	0.00975	0.01842	0.50980	0.02154	0.24531	0.03689	0.00241	0.00328	0.06227	0.00323	0.00319
23	0.03827	0.00648	0.00798	0.00644	0.00882	0.00617	0.00521	0.12586	0.01179	0.42861	0.13834	0.01561	0.01365	0.00535	0.00387	0.00118	0.00303	0.00436	0.16323	0.00573
24	0.02351	0.01070	0.12288	0.22070	0.29469	0.06174	0.03038	0.04566	0.02066	0.10194	0.00850	0.01027	0.00638	0.00399	0.00392	0.00124	0.00501	0.00350	0.01864	0.00569
25	0.01326	0.00951	0.01160	0.00924	0.01163	0.01948	0.04745	0.40161	0.05450	0.14759	0.01062	0.04087	0.00821	0.01445	0.01928	0.00145	0.15834	0.01131	0.00358	0.00601
26	0.00750	0.00699	0.01139	0.64184	0.10250	0.00830	0.01014	0.01009	0.02334	0.01068	0.01098	0.01379	0.09318	0.00535	0.02672	0.00146	0.00504	0.00412	0.00206	0.00454
27	0.00557	0.00446	0.00545	0.00533	0.00616	0.00445	0.00397	0.00677	0.00913	0.01220	0.28008	0.17420	0.31244	0.04113	0.00625	0.00150	0.09198	0.00790	0.01749	0.00356
28	0.86189	0.00796	0.00607	0.00540	0.00789	0.02006	0.00444	0.02482	0.00708	0.01800	0.00566	0.00657	0.00439	0.00375	0.00252	0.00124	0.00318	0.00220	0.00250	0.00439
29	0.00940	0.01869	0.08941	0.00912	0.09578	0.05334	0.00695	0.15755	0.08114	0.04246	0.08887	0.12623	0.12420	0.00649	0.00418	0.00124	0.00368	0.00547	0.00331	0.07248
30	0.00597	0.00468	0.00574	0.00567	0.00659	0.00474	0.00423	0.00791	0.07070	0.02550	0.22379	0.25279	0.24659	0.01045	0.03909	0.00164	0.06834	0.00804	0.00372	0.00381
31	0.01095	0.00853	0.00929	0.00750	0.01029	0.00880	0.00600	0.26308	0.26982	0.04815	0.01466	0.01422	0.09577	0.00515	0.00387	0.00113	0.00340	0.00414	0.00366	0.21161
32	0.09122	0.00885	0.01022	0.00790	0.01099	0.00904	0.00652	0.37197	0.01433	0.40903	0.01222	0.01127	0.00808	0.00479	0.00389	0.00122	0.00383	0.00369	0.00433	0.00661
33	0.00969	0.00872	0.02572	0.06774	0.29547	0.03576	0.13203	0.04310	0.03734	0.07704	0.03937	0.03794	0.07917	0.03222	0.00510	0.00138	0.03446	0.02966	0.00269	0.00539
34	0.00509	0.00404	0.00458	0.00453	0.00566	0.00352	0.00336	0.00641	0.00985	0.01271	0.32878	0.09278	0.48526	0.00961	0.00476	0.00134	0.00200	0.00823	0.00398	0.00352
35	0.00563	0.00418	0.00613	0.00625	0.00687	0.00474	0.00474	0.00691	0.00657	0.00936	0.01224	0.12069	0.01228	0.06524	0.70197	0.00573	0.00939	0.00525	0.00236	0.00349
36	0.03666	0.03867	0.19931	0.07514	0.21540	0.10892	0.07701	0.09692	0.01024	0.07742	0.00812	0.00956	0.00612	0.00439	0.01788	0.00130	0.00542	0.00338	0.00237	0.00578
37	0.00933	0.00560	0.00729	0.02508	0.04408	0.00539	0.02146	0.03446	0.07272	0.20335	0.12649	0.12835	0.12857	0.09763	0.01636	0.00164	0.00311	0.00620	0.05824	0.00466
