[name]
unknown

[dist]
# distance from previous block
# <min> <max>
0	14

[block]
# block no. 0 follows, 75 sequences, length 23
# corresponding to MSA columns:
# 14-36
name=unknown_A
#
# <colnr> <probs for GDERKNQSTAVLIFYWHMCP>
#	G	D	E	R	K	N	Q	S	T	A	V	L	I	F	Y	W	H	M	C	P
0	0.33636	0.13762	0.06067	0.02634	0.00938	0.10482	0.00586	0.04806	0.06510	0.04270	0.00753	0.00953	0.00626	0.00517	0.04587	0.00132	0.00408	0.04722	0.00235	0.03375
1	0.00612	0.00435	0.00644	0.00666	0.04898	0.00480	0.00484	0.00742	0.00630	0.05460	0.00995	0.01438	0.00913	0.07010	0.69766	0.00512	0.00866	0.00392	0.00212	0.02846
2	0.00978	0.00826	0.00900	0.00836	0.05199	0.00942	0.00625	0.12917	0.68833	0.01624	0.01372	0.01281	0.01027	0.00482	0.00372	0.00122	0.00313	0.00399	0.00363	0.00587
3	0.00456	0.00339	0.00422	0.00472	0.00524	0.00308	0.00325	0.00538	0.00772	0.01012	0.12831	0.55826	0.20734	0.03028	0.00489	0.00144	0.00205	0.00925	0.00346	0.00305
4	0.20487	0.00658	0.00680	0.00602	0.00799	0.00723	0.00475	0.01497	0.36757	0.13500	0.06397	0.02424	0.01071	0.00473	0.00331	0.00115	0.00269	0.00376	0.11869	0.00498
5	0.00479	0.00372	0.00421	0.00412	0.00506	0.00331	0.00300	0.00589	0.00868	0.01124	0.31279	0.03125	0.44438	0.12023	0.00621	0.00152	0.00206	0.02094	0.00347	0.00312
6	0.00454	0.00334	0.00428	0.00496	0.00537	0.00309	0.00342	0.00530	0.00735	0.00964	0.04480	0.67452	0.14968	0.01136	0.02259	0.00154	0.00228	0.03552	0.00340	0.00303
7	0.85859	0.00707	0.00553	0.00490	0.00720	0.00812	0.00404	0.01111	0.00644	0.05274	0.00552	0.00625	0.00420	0.00346	0.00233	0.00114	0.00285	0.00206	0.00237	0.00408
8	0.00906	0.00438	0.00486	0.00434	0.00570	0.00430	0.00339	0.04851	0.02880	0.17339	0.01239	0.01324	0.00925	0.00435	0.00286	0.00093	0.00212	0.00349	0.66049	0.00415
9	0.89687	0.00710	0.00540	0.00483	0.00710	0.00824	0.00398	0.01080	0.00625	0.01648	0.00511	0.00597	0.00398	0.00341	0.00227	0.00114	0.00284	0.00199	0.00227	0.00398
10	0.00681	0.00650	0.04909	0.00660	0.04577	0.06788	0.00502	0.01016	0.15716	0.01414	0.55626	0.02164	0.02547	0.00639	0.00408	0.00115	0.00261	0.00553	0.00360	0.00415
11	0.00568	0.00408	0.00556	0.00631	0.00709	0.00403	0.00534	0.00716	0.00819	0.01061	0.02026	0.10118	0.07456	0.05361	0.00568	0.00174	0.00320	0.66912	0.00333	0.00328
12	0.89687	0.00710	0.00540	0.00483	0.00710	0.00824	0.00398	0.01080	0.00625	0.01648	0.00511	0.00597	0.00398	0.00341	0.00227	0.00114	0.00284	0.00199	0.00227	0.00398
13	0.00941	0.00893	0.01396	0.01080	0.01362	0.00941	0.34048	0.09402	0.42689	0.01465	0.01133	0.01171	0.00846	0.00417	0.00397	0.00123	0.00434	0.00415	0.00297	0.00551
14	0.01547	0.00650	0.00853	0.00662	0.00935	0.00590	0.00544	0.08312	0.03735	0.71547	0.05599	0.01300	0.01022	0.00470	0.00373	0.00114	0.00312	0.00383	0.00442	0.00610
15	0.00501	0.00364	0.00446	0.00441	0.00508	0.00337	0.00309	0.00613	0.00864	0.01178	0.45164	0.12381	0.15409	0.18999	0.00740	0.00171	0.00218	0.00697	0.00349	0.00309
16	0.00577	0.00428	0.00520	0.00555	0.00622	0.00435	0.00388	0.03042	0.15213	0.02341	0.02888	0.61796	0.03388	0.05324	0.00518	0.00153	0.00240	0.00871	0.00344	0.00358
17	0.03235	0.00989	0.01041	0.00820	0.01088	0.07667	0.02971	0.55563	0.06912	0.09748	0.05500	0.01029	0.00820	0.00452	0.00368	0.00111	0.00399	0.00351	0.00356	0.00582
18	0.06362	0.00650	0.00836	0.00654	0.00923	0.00596	0.00536	0.08956	0.01070	0.68915	0.01376	0.05499	0.00933	0.00482	0.00366	0.00115	0.00314	0.00391	0.00429	0.00596
19	0.00523	0.00387	0.00453	0.00445	0.00557	0.00349	0.00340	0.00639	0.00849	0.04917	0.17787	0.06714	0.49255	0.01107	0.10609	0.00181	0.00292	0.03925	0.00340	0.00334
20	0.00510	0.00410	0.00606	0.00595	0.00676	0.00401	0.07044	0.00639	0.02612	0.00983	0.05517	0.44085	0.13687	0.01365	0.18809	0.00237	0.00408	0.00786	0.00301	0.00331
21	0.01125	0.03031	0.03182	0.01434	0.32749	0.26966	0.06398	0.08160	0.04605	0.06301	0.00770	0.02242	0.00618	0.00380	0.00358	0.00107	0.00499	0.00320	0.00226	0.00526
22	0.05478	0.00835	0.00894	0.00710	0.00967	0.07951	0.00576	0.27767	0.03423	0.38724	0.01130	0.01089	0.00775	0.02415	0.00387	0.00115	0.00362	0.00341	0.05489	0.00571

[dist]
# distance from previous block
# <min> <max>
2	13

[block]
# block no. 1 follows, 75 sequences, length 11
# corresponding to MSA columns:
# 50-60
name=unknown_B
#
# <colnr> <probs for GDERKNQSTAVLIFYWHMCP>
#	G	D	E	R	K	N	Q	S	T	A	V	L	I	F	Y	W	H	M	C	P
0	0.00692	0.00474	0.00640	0.00630	0.03273	0.00504	0.00461	0.08110	0.00769	0.06872	0.06274	0.08959	0.01235	0.12757	0.43160	0.00385	0.00648	0.01893	0.00261	0.02003
1	0.00756	0.00653	0.00792	0.08169	0.01018	0.00519	0.00487	0.00926	0.00759	0.01174	0.00653	0.00781	0.00539	0.00280	0.00280	0.00060	0.00291	0.00227	0.00213	0.81423
2	0.26084	0.00914	0.03084	0.01048	0.19144	0.05101	0.01982	0.22804	0.07740	0.07521	0.00802	0.00861	0.00599	0.00386	0.00327	0.00112	0.00381	0.00298	0.00278	0.00534
3	0.02707	0.00805	0.01321	0.17296	0.50911	0.00842	0.03853	0.01192	0.05460	0.08634	0.00789	0.00972	0.00617	0.00363	0.00387	0.00115	0.02644	0.00337	0.00214	0.00542
4	0.00475	0.00370	0.00409	0.00412	0.00500	0.00330	0.00296	0.00565	0.00806	0.01018	0.15839	0.06411	0.48773	0.17388	0.00713	0.00170	0.00225	0.04671	0.00328	0.00300
5	0.00581	0.00475	0.00527	0.00499	0.00614	0.02083	0.00383	0.07990	0.00885	0.01128	0.11281	0.05999	0.44656	0.04420	0.10977	0.00191	0.03478	0.03170	0.00318	0.00347
6	0.01049	0.00564	0.00684	0.00604	0.00783	0.00561	0.00468	0.01423	0.23355	0.32152	0.05117	0.17677	0.01370	0.00608	0.00378	0.00120	0.00264	0.00520	0.11802	0.00503
7	0.00752	0.00441	0.00455	0.00425	0.00540	0.00459	0.00326	0.07706	0.08411	0.01456	0.04147	0.01428	0.03003	0.00458	0.00287	0.00093	0.00201	0.00369	0.68656	0.00386
8	0.00979	0.01029	0.00813	0.00740	0.00905	0.32364	0.00562	0.04039	0.25308	0.01285	0.23233	0.04582	0.01534	0.00543	0.00377	0.00111	0.00399	0.00435	0.00312	0.00452
9	0.08503	0.03070	0.01772	0.06843	0.06864	0.17104	0.02221	0.06443	0.14107	0.05272	0.02853	0.01065	0.02693	0.03268	0.02105	0.00133	0.12442	0.00336	0.00249	0.02656
10	0.04008	0.11018	0.05229	0.06080	0.01196	0.08394	0.02747	0.42712	0.07285	0.01721	0.02090	0.00882	0.00645	0.00408	0.00343	0.00106	0.00422	0.00309	0.00291	0.04116

[dist]
# distance from previous block
# <min> <max>
2	4

[block]
# block no. 2 follows, 75 sequences, length 7
# corresponding to MSA columns:
# 65-71
name=unknown_C
#
# <colnr> <probs for GDERKNQSTAVLIFYWHMCP>
#	G	D	E	R	K	N	Q	S	T	A	V	L	I	F	Y	W	H	M	C	P
0	0.02992	0.09329	0.10413	0.07231	0.10342	0.06973	0.08068	0.07628	0.06894	0.08459	0.06706	0.05007	0.03325	0.00461	0.00364	0.00112	0.00411	0.02049	0.00260	0.02974
1	0.03901	0.02868	0.04394	0.17969	0.10327	0.09480	0.12103	0.04343	0.00855	0.07832	0.01097	0.18877	0.03294	0.00542	0.00387	0.00121	0.00429	0.00488	0.00246	0.00447
2	0.00621	0.00424	0.00589	0.00670	0.08596	0.00395	0.00440	0.00750	0.00877	0.08094	0.31442	0.34210	0.06838	0.00856	0.00437	0.00130	0.00231	0.03673	0.00358	0.00371
3	0.00887	0.02317	0.13392	0.04878	0.27183	0.03000	0.08918	0.02770	0.12023	0.05867	0.04770	0.04955	0.00859	0.00427	0.00396	0.00115	0.02843	0.00383	0.00240	0.03775
4	0.04830	0.06082	0.14474	0.01181	0.18775	0.02376	0.10153	0.11765	0.09750	0.09170	0.02867	0.00989	0.00711	0.00395	0.00381	0.00113	0.02888	0.00338	0.02219	0.00542
5	0.00709	0.02980	0.00748	0.03399	0.09858	0.02729	0.03267	0.00898	0.07552	0.07123	0.08973	0.22783	0.08149	0.14299	0.00644	0.00164	0.00313	0.04724	0.00302	0.00389
6	0.06120	0.00406	0.00503	0.00499	0.00584	0.00402	0.00362	0.00722	0.00735	0.08995	0.10296	0.22930	0.12724	0.14606	0.18178	0.00260	0.00400	0.00640	0.00303	0.00336

[dist]
# distance from previous block
# <min> <max>
10	31

[block]
# block no. 3 follows, 75 sequences, length 27
# corresponding to MSA columns:
# 103-129
name=unknown_D
#
# <colnr> <probs for GDERKNQSTAVLIFYWHMCP>
#	G	D	E	R	K	N	Q	S	T	A	V	L	I	F	Y	W	H	M	C	P
0	0.02475	0.05069	0.13757	0.03241	0.11283	0.12503	0.03524	0.08061	0.01922	0.08249	0.05398	0.10005	0.05108	0.04627	0.00439	0.00124	0.00414	0.00426	0.00258	0.03119
1	0.04825	0.08185	0.11804	0.16584	0.36197	0.02772	0.05489	0.02469	0.00824	0.04024	0.02035	0.00902	0.00588	0.00349	0.00349	0.00110	0.00453	0.00313	0.00192	0.01536
2	0.01336	0.00591	0.00787	0.00669	0.04019	0.00530	0.00515	0.05281	0.01028	0.57584	0.08193	0.05628	0.05557	0.00528	0.00376	0.00114	0.00291	0.00440	0.04782	0.01751
3	0.00621	0.00456	0.00528	0.00489	0.00599	0.02928	0.00368	0.03883	0.02183	0.05344	0.55144	0.05517	0.16763	0.02982	0.00462	0.00124	0.00213	0.00650	0.00381	0.00365
4	0.05433	0.05574	0.16347	0.01939	0.17935	0.02983	0.02813	0.08341	0.03446	0.16788	0.04088	0.04958	0.00829	0.00537	0.03149	0.03274	0.00420	0.00362	0.00266	0.00518
5	0.02358	0.04911	0.35217	0.02610	0.18957	0.07100	0.12107	0.06478	0.00889	0.04916	0.00711	0.00844	0.00532	0.00351	0.00358	0.00112	0.00509	0.00307	0.00195	0.00538
6	0.01500	0.00762	0.00924	0.00709	0.00993	0.00745	0.00585	0.30750	0.01273	0.50368	0.01211	0.01104	0.00795	0.00442	0.00362	0.00109	0.00340	0.00349	0.02703	0.03973
7	0.00991	0.45874	0.08613	0.02424	0.07026	0.05309	0.10219	0.07146	0.03316	0.02436	0.00638	0.00745	0.00526	0.00348	0.00328	0.00097	0.03010	0.00266	0.00190	0.00499
8	0.00506	0.00373	0.00473	0.00452	0.00541	0.00340	0.00338	0.00665	0.01001	0.01391	0.71177	0.05932	0.13866	0.00789	0.00435	0.00118	0.00176	0.00692	0.00394	0.00340
9	0.00476	0.00370	0.00429	0.00422	0.00519	0.00327	0.00311	0.00600	0.00909	0.01193	0.39440	0.08550	0.40585	0.03648	0.00482	0.00129	0.00188	0.00736	0.00365	0.00323
10	0.00472	0.00363	0.00427	0.00436	0.00521	0.00324	0.00317	0.00583	0.00865	0.01130	0.29982	0.19526	0.36535	0.04732	0.00505	0.00137	0.00197	0.02274	0.00357	0.00316
11	0.00458	0.00329	0.00427	0.00493	0.00523	0.00307	0.00331	0.00529	0.00726	0.00969	0.08794	0.70284	0.06516	0.06779	0.00557	0.00159	0.00218	0.00966	0.00338	0.00298
12	0.64962	0.00731	0.00655	0.00552	0.00796	0.00811	0.00455	0.10393	0.00820	0.15825	0.00711	0.00739	0.00510	0.00371	0.00267	0.00113	0.00302	0.00242	0.00281	0.00461
13	0.00742	0.00528	0.00563	0.00531	0.00661	0.00569	0.00402	0.03858	0.30911	0.01396	0.07212	0.09074	0.05385	0.02582	0.00379	0.00116	0.00231	0.00477	0.33951	0.00430
14	0.00909	0.00873	0.01491	0.02254	0.84801	0.00873	0.01127	0.01127	0.00836	0.01200	0.00691	0.00909	0.00582	0.00327	0.00364	0.00109	0.00436	0.00327	0.00182	0.00582
15	0.00762	0.00653	0.00762	0.00544	0.00870	0.00490	0.00435	0.00925	0.00762	0.01197	0.00653	0.00762	0.00544	0.00272	0.00272	0.00054	0.00272	0.00218	0.00218	0.89338
16	0.00562	0.03469	0.00613	0.00543	0.00596	0.00473	0.03340	0.00636	0.00579	0.00799	0.01032	0.01839	0.01079	0.42300	0.38734	0.00438	0.02019	0.00453	0.00207	0.00291
17	0.00565	0.00474	0.00741	0.00694	0.00798	0.00468	0.11532	0.00706	0.00795	0.01057	0.09259	0.27272	0.13093	0.01008	0.05394	0.00170	0.04423	0.20896	0.00308	0.00347
18	0.00820	0.00457	0.00585	0.00543	0.00668	0.00449	0.00418	0.01025	0.07315	0.19737	0.18234	0.10732	0.01712	0.06615	0.11937	0.00198	0.00349	0.05922	0.11873	0.00410
19	0.00815	0.06856	0.50147	0.01157	0.08000	0.02805	0.14968	0.02659	0.00816	0.01167	0.00668	0.00809	0.00499	0.00335	0.00352	0.00110	0.00519	0.00295	0.00172	0.06852
20	0.05263	0.09542	0.14185	0.01099	0.10674	0.00877	0.20108	0.06121	0.08136	0.10617	0.03715	0.01030	0.00739	0.00381	0.00360	0.00111	0.00437	0.01294	0.00248	0.05064
21	0.00561	0.00395	0.00485	0.00458	0.00565	0.00359	0.00346	0.00727	0.02773	0.05471	0.54248	0.04849	0.24721	0.00791	0.00431	0.00119	0.00189	0.01770	0.00387	0.00355
22	0.03730	0.00379	0.00494	0.00537	0.00592	0.00380	0.00390	0.00633	0.00704	0.03920	0.01795	0.47414	0.06687	0.06418	0.14592	0.00232	0.01580	0.08895	0.00307	0.00320
23	0.01015	0.15201	0.22951	0.02882	0.10138	0.12112	0.04993	0.13679	0.05102	0.04277	0.00782	0.03858	0.00627	0.00397	0.00343	0.00108	0.00472	0.00317	0.00225	0.00523
24	0.11335	0.07462	0.17812	0.03082	0.09617	0.00903	0.20127	0.11621	0.00911	0.04172	0.00708	0.00837	0.00534	0.00342	0.00344	0.00108	0.00456	0.00308	0.00217	0.09105
25	0.00511	0.00370	0.00456	0.00452	0.00537	0.00341	0.00332	0.00640	0.00885	0.02480	0.40230	0.14475	0.23383	0.04073	0.06246	0.00162	0.00245	0.00707	0.03144	0.00329
26	0.04986	0.03816	0.05201	0.09920	0.35776	0.03066	0.07663	0.09091	0.00896	0.02929	0.00766	0.00933	0.02461	0.00362	0.00371	0.00107	0.02435	0.00322	0.00210	0.08689

[dist]
# distance from previous block
# <min> <max>
1	7

[block]
# block no. 4 follows, 75 sequences, length 21
# corresponding to MSA columns:
# 138-158
name=unknown_E
#
# <colnr> <probs for GDERKNQSTAVLIFYWHMCP>
#	G	D	E	R	K	N	Q	S	T	A	V	L	I	F	Y	W	H	M	C	P
0	0.23516	0.09497	0.10976	0.02450	0.12273	0.02378	0.05438	0.08274	0.02968	0.03088	0.00651	0.00780	0.00517	0.00382	0.00408	0.00112	0.10050	0.00276	0.00214	0.05753
1	0.18918	0.19232	0.07689	0.00829	0.07752	0.13968	0.01544	0.05342	0.01829	0.14442	0.03023	0.00868	0.00648	0.02050	0.00336	0.00108	0.00410	0.00278	0.00246	0.00489
2	0.00890	0.02122	0.01525	0.08665	0.44425	0.00888	0.19453	0.04413	0.03424	0.01211	0.00719	0.00929	0.00580	0.00345	0.00404	0.00112	0.03664	0.00345	0.00195	0.05690
3	0.00524	0.00415	0.00558	0.00559	0.00641	0.00394	0.03839	0.00673	0.05309	0.01064	0.11822	0.53051	0.10787	0.00947	0.00458	0.00135	0.02038	0.00847	0.00333	0.05608
4	0.00470	0.00346	0.00432	0.00466	0.00522	0.00317	0.00324	0.00565	0.00806	0.01077	0.24519	0.43947	0.17116	0.06671	0.00545	0.00149	0.00207	0.00861	0.00350	0.00308
5	0.00443	0.00371	0.00386	0.00386	0.00503	0.00313	0.00288	0.00543	0.00853	0.01039	0.11831	0.06337	0.73608	0.00920	0.00435	0.00124	0.00186	0.00773	0.00347	0.00313
6	0.01396	0.01029	0.01102	0.00845	0.01139	0.01139	0.00698	0.83577	0.01727	0.02315	0.00882	0.00882	0.00625	0.00441	0.00367	0.00110	0.00404	0.00331	0.00367	0.00625
7	0.00451	0.00327	0.00427	0.00505	0.00537	0.00303	0.00343	0.00520	0.00719	0.00947	0.02164	0.77345	0.09324	0.01128	0.00467	0.00148	0.00215	0.03490	0.00341	0.00301
8	0.00800	0.00424	0.00563	0.00541	0.00658	0.00385	0.00410	0.00922	0.00892	0.23381	0.21353	0.32747	0.05062	0.00835	0.00430	0.00131	0.00238	0.07164	0.02662	0.00401
9	0.01648	0.00625	0.00852	0.00653	0.00938	0.00540	0.00540	0.01790	0.01051	0.85056	0.01449	0.01250	0.00909	0.00455	0.00369	0.00114	0.00313	0.00369	0.00455	0.00625
10	0.89687	0.00710	0.00540	0.00483	0.00710	0.00824	0.00398	0.01080	0.00625	0.01648	0.00511	0.00597	0.00398	0.00341	0.00227	0.00114	0.00284	0.00199	0.00227	0.00398
11	0.00654	0.00409	0.00566	0.00596	0.05165	0.00414	0.00392	0.00699	0.09275	0.00896	0.12381	0.01491	0.05836	0.01052	0.01073	0.57917	0.00295	0.00402	0.00227	0.00261
12	0.00928	0.00791	0.00900	0.02410	0.08326	0.00897	0.00647	0.08217	0.63932	0.01532	0.01388	0.01449	0.01082	0.00507	0.00380	0.00125	0.00319	0.05254	0.00351	0.00567
13	0.00518	0.00422	0.00448	0.00441	0.00562	0.00386	0.00329	0.05516	0.04713	0.01100	0.05345	0.16024	0.61062	0.00910	0.00433	0.00127	0.00208	0.00770	0.00346	0.00340
14	0.09440	0.22920	0.27634	0.00952	0.09485	0.02873	0.00893	0.06289	0.02681	0.07469	0.00690	0.00779	0.00531	0.00372	0.00364	0.00108	0.05530	0.00268	0.00207	0.00516
15	0.02773	0.07908	0.12740	0.04246	0.06135	0.02644	0.43578	0.09265	0.02406	0.01264	0.00759	0.00993	0.00591	0.00356	0.00389	0.00118	0.00536	0.02590	0.00205	0.00508
16	0.00467	0.00337	0.00430	0.00491	0.00527	0.00315	0.00335	0.00539	0.00725	0.00958	0.06984	0.60433	0.10314	0.10496	0.00618	0.00168	0.00230	0.05005	0.00332	0.00296
17	0.06505	0.00925	0.07964	0.10526	0.04271	0.03129	0.14883	0.19724	0.13843	0.03909	0.02690	0.04052	0.00802	0.03654	0.00428	0.00127	0.00426	0.00386	0.01248	0.00509
18	0.01716	0.04466	0.19456	0.01989	0.05089	0.02394	0.14496	0.07740	0.08675	0.08096	0.03170	0.03410	0.13579	0.00547	0.02171	0.00128	0.00426	0.01692	0.00266	0.00492
19	0.00625	0.00456	0.00639	0.00623	0.02257	0.00500	0.02339	0.02040	0.03752	0.04460	0.01196	0.07308	0.04022	0.18496	0.42466	0.01774	0.04595	0.01874	0.00236	0.00341
20	0.00974	0.00738	0.00811	0.00698	0.00896	0.00808	0.00550	0.28708	0.29291	0.04716	0.05880	0.09101	0.07729	0.02200	0.03816	0.00144	0.00337	0.01721	0.00360	0.00519

[dist]
# distance from previous block
# <min> <max>
2	12

[block]
# block no. 5 follows, 75 sequences, length 23
# corresponding to MSA columns:
# 171-193
name=unknown_F
#
# <colnr> <probs for GDERKNQSTAVLIFYWHMCP>
#	G	D	E	R	K	N	Q	S	T	A	V	L	I	F	Y	W	H	M	C	P
0	0.00513	0.00385	0.00461	0.00438	0.00536	0.00350	0.00327	0.02102	0.00969	0.01316	0.54829	0.02909	0.27209	0.04049	0.00484	0.00127	0.00188	0.00681	0.01793	0.00336
1	0.01249	0.00676	0.00818	0.00660	0.00891	0.00672	0.00533	0.19926	0.10673	0.37481	0.18751	0.01497	0.01406	0.00518	0.00380	0.00114	0.00298	0.00427	0.02476	0.00555
2	0.00725	0.00685	0.01158	0.73960	0.14533	0.00824	0.01036	0.00966	0.00749	0.00977	0.00658	0.00969	0.00503	0.00361	0.00367	0.00120	0.00482	0.00327	0.00166	0.00433
3	0.00750	0.00426	0.00552	0.00495	0.00626	0.00382	0.00380	0.00902	0.01002	0.19456	0.53160	0.06575	0.12385	0.00727	0.00421	0.00118	0.00207	0.00632	0.00405	0.00400
4	0.00595	0.00438	0.00585	0.00652	0.00747	0.00439	0.00562	0.00805	0.05446	0.01113	0.02083	0.03934	0.09664	0.00978	0.00493	0.00162	0.00322	0.70289	0.00340	0.00349
5	0.00903	0.00779	0.00826	0.00733	0.00949	0.00884	0.00571	0.01880	0.78340	0.01513	0.01436	0.01328	0.01081	0.00483	0.00367	0.00120	0.00289	0.00401	0.00363	0.06753
6	0.01374	0.01684	0.01046	0.00937	0.01136	0.77834	0.00709	0.09032	0.01104	0.01029	0.00597	0.00683	0.00487	0.00384	0.00335	0.00096	0.00639	0.00245	0.00206	0.00444
7	0.00981	0.00774	0.00832	0.00739	0.00953	0.00879	0.00578	0.01937	0.76482	0.09232	0.01491	0.01359	0.01102	0.00494	0.00373	0.00124	0.00293	0.00411	0.00381	0.00585
8	0.00892	0.00649	0.00775	0.00560	0.00880	0.00497	0.00451	0.01052	0.00804	0.13557	0.00770	0.00834	0.00598	0.00299	0.00286	0.00063	0.00278	0.00240	0.00253	0.76263
9	0.01633	0.00648	0.00867	0.00665	0.00949	0.00575	0.00549	0.06536	0.01090	0.80254	0.01416	0.01229	0.00893	0.00454	0.00369	0.00113	0.00318	0.00367	0.00450	0.00625
10	0.00908	0.00840	0.01427	0.12712	0.47980	0.00862	0.12464	0.08690	0.00913	0.02416	0.00808	0.01156	0.00681	0.00390	0.00384	0.00117	0.00457	0.06045	0.00212	0.00535
11	0.00610	0.00429	0.00519	0.00496	0.00560	0.00450	0.00349	0.08247	0.00731	0.01011	0.07067	0.04847	0.06153	0.37406	0.24303	0.00345	0.00494	0.00506	0.05164	0.00311
12	0.82309	0.00722	0.00639	0.03393	0.00831	0.00829	0.04545	0.01080	0.00641	0.01601	0.00528	0.00629	0.00409	0.00340	0.00242	0.00114	0.00308	0.00215	0.00223	0.00403
13	0.00778	0.00580	0.08616	0.00601	0.00763	0.00486	0.05061	0.00953	0.00747	0.12703	0.01075	0.01313	0.00864	0.02876	0.27048	0.02506	0.00512	0.00364	0.31758	0.00397
14	0.89687	0.00710	0.00540	0.00483	0.00710	0.00824	0.00398	0.01080	0.00625	0.01648	0.00511	0.00597	0.00398	0.00341	0.00227	0.00114	0.00284	0.00199	0.00227	0.00398
15	0.00802	0.00555	0.00665	0.00655	0.00798	0.00590	0.00541	0.03304	0.26591	0.07638	0.02765	0.02610	0.01546	0.00719	0.00419	0.00138	0.00299	0.37121	0.11800	0.00443
16	0.01280	0.00612	0.00773	0.00633	0.00862	0.00583	0.00508	0.01621	0.18997	0.51031	0.14202	0.01510	0.01348	0.00508	0.00376	0.00115	0.00281	0.00423	0.03774	0.00562
17	0.02125	0.00480	0.00619	0.00535	0.00695	0.00441	0.00420	0.01110	0.04819	0.28557	0.47411	0.02186	0.04961	0.00641	0.00405	0.00116	0.00228	0.01702	0.02102	0.00447
18	0.00482	0.00362	0.00446	0.00450	0.00531	0.00326	0.00328	0.00610	0.00913	0.01230	0.45390	0.21458	0.24360	0.00885	0.00441	0.00125	0.00185	0.00777	0.00374	0.00326
19	0.01384	0.00891	0.00988	0.00765	0.01039	0.00954	0.00629	0.60555	0.01513	0.18320	0.01019	0.00995	0.00707	0.00442	0.00358	0.00109	0.00366	0.00339	0.08025	0.00600
20	0.06840	0.00576	0.00668	0.00624	0.00658	0.04845	0.00460	0.00727	0.00598	0.00874	0.00969	0.10815	0.01063	0.34267	0.10165	0.00274	0.24573	0.00477	0.00214	0.00314
21	0.01233	0.01040	0.04326	0.00896	0.01196	0.09583	0.11003	0.40727	0.06397	0.09689	0.00892	0.00922	0.00644	0.00402	0.00362	0.00106	0.00434	0.00329	0.00312	0.09507
22	0.11316	0.08019	0.16615	0.00788	0.04803	0.04025	0.00702	0.15187	0.04959	0.07145	0.00815	0.02240	0.00656	0.06407	0.00426	0.00118	0.00387	0.00303	0.00251	0.14837

[dist]
# distance from previous block
# <min> <max>
1	8

[block]
# block no. 6 follows, 75 sequences, length 76
# corresponding to MSA columns:
# 212-287
name=unknown_G
#
# <colnr> <probs for GDERKNQSTAVLIFYWHMCP>
#	G	D	E	R	K	N	Q	S	T	A	V	L	I	F	Y	W	H	M	C	P
0	0.00938	0.14541	0.18155	0.01077	0.14620	0.03435	0.07116	0.08893	0.03428	0.04975	0.00736	0.00886	0.00588	0.03035	0.01177	0.00115	0.04558	0.00299	0.00213	0.11215
1	0.00759	0.05426	0.11676	0.00825	0.01701	0.09108	0.14660	0.03222	0.00798	0.01046	0.10941	0.01470	0.05062	0.11506	0.11185	0.06071	0.03512	0.00417	0.00223	0.00391
2	0.01623	0.00969	0.12886	0.19787	0.33033	0.01770	0.10918	0.03480	0.06397	0.01201	0.03855	0.01008	0.00684	0.00368	0.00373	0.00116	0.00465	0.00348	0.00201	0.00518
3	0.03813	0.21613	0.14609	0.01018	0.09921	0.04848	0.12853	0.06362	0.03328	0.09546	0.00825	0.05717	0.00678	0.00398	0.00340	0.00106	0.00439	0.00339	0.00229	0.03018
4	0.00727	0.00514	0.01699	0.05633	0.04951	0.00507	0.00491	0.08916	0.04953	0.09245	0.02330	0.44908	0.05347	0.05859	0.02011	0.00155	0.00297	0.00735	0.00327	0.00396
5	0.00528	0.00393	0.00485	0.00463	0.00560	0.00363	0.00348	0.03365	0.00998	0.01366	0.59494	0.08390	0.19069	0.00806	0.00435	0.00120	0.00188	0.01897	0.00386	0.00345
6	0.01586	0.02693	0.08033	0.03585	0.08986	0.10068	0.03406	0.15713	0.00983	0.01281	0.03187	0.17457	0.01295	0.02258	0.00435	0.00133	0.00399	0.16996	0.01065	0.00441
7	0.01951	0.05665	0.18165	0.02754	0.25922	0.05961	0.09011	0.01056	0.00770	0.05274	0.00731	0.01000	0.00614	0.06183	0.00610	0.12896	0.00458	0.00327	0.00189	0.00463
8	0.00476	0.00341	0.00431	0.00491	0.00541	0.00312	0.00341	0.00551	0.00739	0.02523	0.02327	0.62787	0.18730	0.03105	0.00495	0.00149	0.00219	0.04794	0.00340	0.00307
9	0.00556	0.00385	0.00442	0.00425	0.00518	0.00347	0.00304	0.00651	0.00827	0.06070	0.23362	0.02935	0.37141	0.21862	0.00781	0.00179	0.00235	0.02327	0.00335	0.00317
10	0.22319	0.17133	0.14593	0.02859	0.02692	0.13490	0.05592	0.13870	0.02061	0.01364	0.00634	0.00726	0.00493	0.00359	0.00305	0.00105	0.00447	0.00258	0.00216	0.00485
11	0.02940	0.00851	0.01218	0.04675	0.04807	0.05217	0.19430	0.04447	0.11436	0.01208	0.00764	0.00925	0.00614	0.00405	0.00514	0.00111	0.16933	0.00329	0.02308	0.20868
12	0.00609	0.00434	0.00519	0.00498	0.00606	0.00423	0.00372	0.00875	0.12838	0.04893	0.39519	0.15519	0.15219	0.00774	0.00418	0.00122	0.00204	0.00675	0.05104	0.00379
13	0.89687	0.00710	0.00540	0.00483	0.00710	0.00824	0.00398	0.01080	0.00625	0.01648	0.00511	0.00597	0.00398	0.00341	0.00227	0.00114	0.00284	0.00199	0.00227	0.00398
14	0.00845	0.02986	0.01894	0.03938	0.36118	0.00750	0.00786	0.08604	0.09186	0.03230	0.03732	0.11984	0.02484	0.04251	0.00455	0.00132	0.00366	0.07495	0.00267	0.00495
15	0.00927	0.00485	0.00593	0.00528	0.00675	0.00475	0.00413	0.03398	0.07685	0.23553	0.14059	0.03317	0.01425	0.04844	0.06037	0.00153	0.00296	0.04291	0.26409	0.00438
16	0.00490	0.00379	0.00483	0.00480	0.00569	0.00343	0.02286	0.00615	0.00881	0.01170	0.34477	0.21349	0.27563	0.02691	0.00475	0.00133	0.00208	0.04723	0.00359	0.00326
17	0.00756	0.01341	0.46228	0.02996	0.16366	0.00788	0.04521	0.01122	0.05956	0.01162	0.02389	0.01213	0.00753	0.06234	0.00470	0.00135	0.00474	0.05465	0.01124	0.00507
18	0.00455	0.00340	0.00424	0.00479	0.00533	0.00309	0.00335	0.00539	0.00770	0.01004	0.09914	0.57121	0.21824	0.01058	0.00459	0.00141	0.00207	0.03435	0.00347	0.00307
19	0.00794	0.09262	0.08118	0.00638	0.00980	0.00633	0.04082	0.00981	0.00773	0.02207	0.01717	0.00787	0.00572	0.00293	0.00285	0.00067	0.00321	0.00237	0.00210	0.67043
20	0.00737	0.01900	0.85189	0.01047	0.01590	0.00853	0.01357	0.01163	0.00775	0.01163	0.00659	0.00775	0.00465	0.00349	0.00349	0.00116	0.00543	0.00271	0.00155	0.00543
21	0.00981	0.00901	0.01403	0.06376	0.66121	0.02475	0.01048	0.13799	0.00972	0.01352	0.00716	0.00904	0.00582	0.00348	0.00364	0.00110	0.00438	0.00326	0.00210	0.00576
22	0.01209	0.01468	0.01110	0.01135	0.13978	0.61806	0.03818	0.01328	0.00962	0.00949	0.00648	0.02380	0.00568	0.03105	0.02741	0.00121	0.01754	0.00287	0.00192	0.00441
23	0.00617	0.00476	0.00740	0.00751	0.00861	0.00470	0.08757	0.00793	0.00835	0.01091	0.01795	0.03762	0.01929	0.04384	0.00554	0.00172	0.00367	0.70978	0.00319	0.00349
24	0.00982	0.87313	0.01925	0.00628	0.00943	0.01453	0.00628	0.01100	0.00746	0.00864	0.00511	0.00589	0.00471	0.00314	0.00236	0.00079	0.00393	0.00196	0.00157	0.00471
25	0.01442	0.00581	0.00779	0.00612	0.00865	0.00503	0.00500	0.01583	0.01033	0.70252	0.09547	0.01578	0.07976	0.00522	0.00381	0.00115	0.00289	0.00430	0.00441	0.00573
26	0.01547	0.00616	0.00823	0.00638	0.00905	0.00545	0.00524	0.04736	0.01062	0.74629	0.04739	0.01302	0.01002	0.00465	0.00366	0.00112	0.00304	0.00378	0.04705	0.00600
27	0.00895	0.00769	0.00814	0.00734	0.00936	0.00886	0.00570	0.01891	0.80150	0.01533	0.05484	0.01436	0.01234	0.00510	0.00377	0.00124	0.00285	0.00427	0.00375	0.00570
28	0.03391	0.00711	0.00898	0.00690	0.00975	0.00670	0.00570	0.18816	0.01183	0.66115	0.01312	0.01160	0.00839	0.00449	0.00366	0.00113	0.00331	0.00358	0.00432	0.00620
29	0.00453	0.00324	0.00432	0.00507	0.00534	0.00302	0.00341	0.00526	0.00731	0.00982	0.08854	0.79896	0.02515	0.01118	0.00466	0.00146	0.00210	0.01013	0.00346	0.00302
30	0.00617	0.00407	0.00497	0.00459	0.00566	0.00382	0.00349	0.04057	0.01007	0.05012	0.56974	0.02495	0.11707	0.00699	0.00403	0.00112	0.00190	0.00604	0.13099	0.00365
31	0.89687	0.00710	0.00540	0.00483	0.00710	0.00824	0.00398	0.01080	0.00625	0.01648	0.00511	0.00597	0.00398	0.00341	0.00227	0.00114	0.00284	0.00199	0.00227	0.00398
32	0.01396	0.01029	0.01102	0.00845	0.01139	0.01139	0.00698	0.83577	0.01727	0.02315	0.00882	0.00882	0.00625	0.00441	0.00367	0.00110	0.00404	0.00331	0.00367	0.00625
33	0.76306	0.00712	0.00597	0.00516	0.00752	0.00803	0.00425	0.04222	0.00715	0.11245	0.00633	0.00682	0.00465	0.00358	0.00249	0.00114	0.00292	0.00223	0.00259	0.00432
34	0.00783	0.00662	0.00770	0.00555	0.00874	0.00514	0.00444	0.04453	0.00809	0.01251	0.02616	0.00813	0.00615	0.00290	0.00280	0.00058	0.00275	0.00233	0.00228	0.83475
35	0.01648	0.00625	0.00852	0.00653	0.00938	0.00540	0.00540	0.01790	0.01051	0.85056	0.01449	0.01250	0.00909	0.00455	0.00369	0.00114	0.00313	0.00369	0.00455	0.00625
36	0.00535	0.00360	0.00418	0.00420	0.00427	0.00365	0.00247	0.00548	0.00545	0.00731	0.01164	0.02379	0.01325	0.79299	0.07571	0.00368	0.00399	0.02445	0.00223	0.00232
37	0.00724	0.00419	0.00494	0.00454	0.00568	0.00408	0.00347	0.02843	0.04938	0.08839	0.38205	0.01957	0.02059	0.00577	0.00353	0.00104	0.00196	0.00491	0.35636	0.00387
38	0.00463	0.00330	0.00438	0.00508	0.00531	0.00318	0.00340	0.00526	0.00677	0.00909	0.01850	0.71305	0.02192	0.09470	0.08093	0.00208	0.00294	0.00938	0.00317	0.00294
39	0.00547	0.00447	0.00500	0.00562	0.00609	0.05953	0.00392	0.01715	0.04172	0.00986	0.01888	0.72355	0.02207	0.01057	0.00456	0.00145	0.00255	0.05094	0.00333	0.00325
40	0.00572	0.00404	0.00528	0.00579	0.00655	0.00394	0.00475	0.00695	0.00789	0.01966	0.03716	0.03641	0.12806	0.16232	0.00752	0.01739	0.00317	0.53106	0.00318	0.00314
41	0.00509	0.00376	0.00490	0.00558	0.00628	0.00356	0.00441	0.00626	0.00793	0.01020	0.02318	0.33688	0.18267	0.01047	0.00479	0.00153	0.00264	0.37329	0.00340	0.00318
42	0.00740	0.01878	0.83163	0.01059	0.01598	0.00855	0.03361	0.01163	0.00778	0.01163	0.00661	0.00781	0.00467	0.00348	0.00351	0.00116	0.00545	0.00275	0.00156	0.00542
43	0.08092	0.00833	0.00953	0.00736	0.01021	0.00859	0.00608	0.42477	0.01356	0.37616	0.01096	0.01018	0.00729	0.00439	0.00358	0.00112	0.00356	0.00337	0.00394	0.00608
44	0.00495	0.00353	0.00477	0.00561	0.00601	0.00339	0.00417	0.00590	0.00744	0.00983	0.01980	0.59077	0.02306	0.03045	0.00512	0.00160	0.00255	0.26460	0.00337	0.00309
45	0.00738	0.00489	0.00599	0.00577	0.00718	0.00480	0.00469	0.03492	0.10439	0.12241	0.11140	0.02870	0.23945	0.00917	0.05528	0.00162	0.00311	0.24121	0.00358	0.00405
46	0.00863	0.46044	0.42156	0.00831	0.01255	0.01163	0.00980	0.01130	0.00760	0.01009	0.00582	0.00679	0.00468	0.00331	0.00290	0.00097	0.00465	0.00233	0.00156	0.00506
47	0.54902	0.00770	0.00721	0.00594	0.00846	0.00850	0.00490	0.20202	0.00949	0.15486	0.00751	0.00770	0.00534	0.00383	0.00283	0.00113	0.00316	0.00257	0.00297	0.00487
48	0.63275	0.00685	0.00634	0.00534	0.00778	0.00739	0.00440	0.01293	0.00753	0.26671	0.00793	0.00793	0.00551	0.00375	0.00270	0.00114	0.00293	0.00250	0.00295	0.00466
49	0.00480	0.00364	0.00442	0.00444	0.00530	0.00326	0.00325	0.00608	0.00914	0.01224	0.44162	0.18933	0.28149	0.00882	0.00440	0.00125	0.00185	0.00770	0.00373	0.00326
50	0.00853	0.00784	0.01302	0.33185	0.41200	0.00849	0.04209	0.06438	0.00860	0.02004	0.00752	0.01078	0.00618	0.00379	0.00374	0.00117	0.00456	0.03837	0.00197	0.00507
51	0.00617	0.00447	0.00612	0.00695	0.02538	0.00449	0.00573	0.04709	0.00868	0.01137	0.01878	0.15510	0.02054	0.00991	0.00492	0.00162	0.00326	0.65254	0.00337	0.00352
52	0.89687	0.00710	0.00540	0.00483	0.00710	0.00824	0.00398	0.01080	0.00625	0.01648	0.00511	0.00597	0.00398	0.00341	0.00227	0.00114	0.00284	0.00199	0.00227	0.00398
53	0.00466	0.00367	0.00426	0.00464	0.00553	0.00327	0.00351	0.00564	0.00802	0.00996	0.02946	0.26283	0.47729	0.01005	0.00456	0.00139	0.00220	0.15254	0.00341	0.00312
54	0.00778	0.00671	0.00802	0.00579	0.00902	0.00524	0.02423	0.02052	0.03721	0.01223	0.00688	0.00790	0.00566	0.00283	0.00281	0.00059	0.00283	0.00231	0.00224	0.82922
55	0.00541	0.00393	0.00548	0.00564	0.00608	0.00432	0.00412	0.00630	0.00633	0.02828	0.01355	0.31951	0.01478	0.11633	0.38689	0.00370	0.05727	0.00637	0.00255	0.00317
56	0.01014	0.21954	0.12082	0.02458	0.30100	0.04079	0.02275	0.01217	0.00843	0.13442	0.01654	0.00869	0.00612	0.00349	0.00327	0.00100	0.00421	0.00290	0.00217	0.05696
57	0.00734	0.01104	0.34686	0.00786	0.01098	0.00692	0.02969	0.04651	0.14285	0.03026	0.24997	0.01626	0.06730	0.00529	0.00386	0.00118	0.00366	0.00447	0.00289	0.00482
58	0.01530	0.00814	0.00969	0.00743	0.01032	0.00820	0.00614	0.39998	0.01367	0.46402	0.01184	0.01078	0.00776	0.00448	0.00368	0.00112	0.00355	0.00351	0.00414	0.00625
59	0.00759	0.00704	0.01190	0.26613	0.27695	0.00751	0.10035	0.03997	0.01545	0.01090	0.00956	0.09949	0.03105	0.03824	0.06051	0.00160	0.00473	0.00438	0.00209	0.00456
60	0.00764	0.06466	0.34676	0.05308	0.06494	0.00821	0.12145	0.02043	0.09912	0.01182	0.04185	0.06185	0.03154	0.00470	0.00379	0.00120	0.00453	0.04529	0.00222	0.00494
61	0.00836	0.00451	0.00512	0.00476	0.00595	0.00449	0.00365	0.09548	0.00890	0.11862	0.01345	0.13320	0.01183	0.04266	0.00393	0.00116	0.00235	0.04385	0.48378	0.00396
62	0.01635	0.00645	0.00865	0.00663	0.00948	0.00570	0.00548	0.05854	0.01085	0.80944	0.01421	0.01232	0.00895	0.00454	0.00369	0.00113	0.00317	0.00367	0.00450	0.00625
63	0.01167	0.00569	0.00718	0.00604	0.00812	0.00524	0.00484	0.09604	0.02127	0.43936	0.03241	0.13046	0.15793	0.00663	0.00402	0.00123	0.00286	0.04992	0.00403	0.00506
64	0.00903	0.00905	0.01590	0.02013	0.62087	0.02203	0.17376	0.01146	0.02277	0.01183	0.00704	0.00925	0.00580	0.00341	0.00413	0.00114	0.04149	0.00348	0.00185	0.00555
65	0.00594	0.00443	0.00550	0.00506	0.00614	0.00436	0.00384	0.03902	0.09852	0.01511	0.72712	0.02529	0.03112	0.00713	0.00424	0.00116	0.00194	0.00626	0.00400	0.00382
66	0.00533	0.00383	0.00520	0.00581	0.00649	0.00370	0.00466	0.00672	0.00843	0.01125	0.18402	0.27873	0.03683	0.01001	0.00480	0.00152	0.00267	0.41321	0.00352	0.00328
67	0.00722	0.01650	0.68485	0.00992	0.02640	0.03118	0.01192	0.01081	0.00768	0.01120	0.00822	0.11540	0.00713	0.00459	0.00390	0.00121	0.03132	0.00369	0.00180	0.00505
68	0.89687	0.00710	0.00540	0.00483	0.00710	0.00824	0.00398	0.01080	0.00625	0.01648	0.00511	0.00597	0.00398	0.00341	0.00227	0.00114	0.00284	0.00199	0.00227	0.00398
69	0.01048	0.00759	0.00834	0.00730	0.00952	0.00845	0.00574	0.01922	0.68924	0.16829	0.01486	0.01348	0.01082	0.00490	0.00373	0.00123	0.00295	0.00407	0.00389	0.00589
70	0.06759	0.00636	0.00814	0.00637	0.00903	0.00581	0.00523	0.06472	0.02157	0.67585	0.04269	0.01313	0.03469	0.00472	0.00363	0.00114	0.00305	0.00379	0.01662	0.00588
71	0.00884	0.00846	0.01415	0.12103	0.63857	0.00885	0.03591	0.02331	0.04153	0.01183	0.00713	0.00933	0.00587	0.00355	0.00407	0.00114	0.04569	0.00334	0.00189	0.00550
72	0.00591	0.00416	0.00584	0.00665	0.00744	0.00416	0.00575	0.00744	0.00827	0.01076	0.01890	0.05700	0.02057	0.01029	0.00546	0.03980	0.00335	0.77166	0.00331	0.00330
73	0.06556	0.00431	0.00545	0.00498	0.00619	0.00404	0.00380	0.00874	0.00983	0.14553	0.58437	0.10096	0.02767	0.00714	0.00413	0.00118	0.00206	0.00622	0.00395	0.00389
74	0.05547	0.01963	0.27350	0.00865	0.03052	0.00652	0.11131	0.04437	0.00816	0.02466	0.04366	0.27893	0.04136	0.00653	0.00401	0.00128	0.00390	0.03061	0.00256	0.00436
75	0.04274	0.02373	0.46871	0.00938	0.07478	0.00702	0.01909	0.01020	0.00798	0.04850	0.05191	0.11011	0.09252	0.00525	0.00373	0.00120	0.00421	0.01186	0.00227	0.00480

[dist]
# distance from previous block
# <min> <max>
1	3

[block]
# block no. 7 follows, 75 sequences, length 49
# corresponding to MSA columns:
# 291-339
name=unknown_H
#
# <colnr> <probs for GDERKNQSTAVLIFYWHMCP>
#	G	D	E	R	K	N	Q	S	T	A	V	L	I	F	Y	W	H	M	C	P
0	0.04143	0.10937	0.28527	0.06274	0.01409	0.02850	0.15336	0.02970	0.11389	0.07508	0.01574	0.02509	0.00691	0.00398	0.00358	0.00115	0.00464	0.01807	0.00228	0.00513
1	0.00858	0.00855	0.01116	0.00956	0.00977	0.05532	0.00793	0.02731	0.00620	0.02077	0.00509	0.00804	0.00491	0.00622	0.01130	0.00156	0.78875	0.00318	0.00171	0.00411
2	0.00762	0.00653	0.00762	0.00544	0.00870	0.00490	0.00435	0.00925	0.00762	0.01197	0.00653	0.00762	0.00544	0.00272	0.00272	0.00054	0.00272	0.00218	0.00218	0.89338
3	0.12954	0.00790	0.03503	0.00698	0.00984	0.00759	0.00591	0.24172	0.02927	0.47113	0.01148	0.01052	0.00755	0.00434	0.00350	0.00113	0.00341	0.00335	0.00390	0.00592
4	0.00935	0.00628	0.07327	0.00605	0.00802	0.00519	0.00519	0.06956	0.04098	0.25303	0.42966	0.02936	0.02179	0.00613	0.00403	0.00116	0.00266	0.01966	0.00393	0.00469
5	0.00453	0.00323	0.00432	0.00517	0.00541	0.00303	0.00350	0.00521	0.00708	0.00943	0.02021	0.83832	0.02418	0.01146	0.00470	0.00150	0.00218	0.04013	0.00341	0.00300
6	0.00888	0.00851	0.01453	0.10469	0.76751	0.00867	0.01117	0.01109	0.00826	0.01174	0.00687	0.00916	0.00573	0.00331	0.00364	0.00110	0.00442	0.00327	0.00180	0.00565
7	0.06622	0.00894	0.01034	0.00857	0.00999	0.06066	0.00705	0.26172	0.00998	0.09167	0.00738	0.02969	0.00607	0.00542	0.00742	0.00134	0.39671	0.00334	0.00261	0.00489
8	0.04194	0.06266	0.01723	0.01513	0.23271	0.00884	0.42306	0.01198	0.00860	0.09354	0.00825	0.01086	0.00651	0.00359	0.00392	0.00118	0.00504	0.03763	0.00217	0.00519
9	0.00540	0.00379	0.00491	0.00464	0.00555	0.00348	0.00347	0.00705	0.01017	0.03488	0.75204	0.05821	0.07718	0.00768	0.00433	0.00117	0.00179	0.00677	0.00400	0.00350
10	0.00680	0.00347	0.00355	0.00360	0.00445	0.00347	0.00274	0.00851	0.00774	0.01355	0.01237	0.01514	0.01003	0.00459	0.00270	0.00090	0.00180	0.04626	0.84492	0.00342
11	0.00939	0.00801	0.00845	0.00753	0.00965	0.00925	0.00587	0.06217	0.79832	0.01577	0.01463	0.01345	0.01095	0.00495	0.00373	0.00124	0.00297	0.00411	0.00373	0.00584
12	0.00762	0.00653	0.00762	0.00544	0.00870	0.00490	0.00435	0.00925	0.00762	0.01197	0.00653	0.00762	0.00544	0.00272	0.00272	0.00054	0.00272	0.00218	0.00218	0.89338
13	0.80123	0.00701	0.00574	0.00502	0.00735	0.00793	0.00413	0.01157	0.00671	0.10709	0.00613	0.00668	0.00453	0.00353	0.00243	0.00114	0.00287	0.00217	0.00252	0.00422
14	0.89687	0.00710	0.00540	0.00483	0.00710	0.00824	0.00398	0.01080	0.00625	0.01648	0.00511	0.00597	0.00398	0.00341	0.00227	0.00114	0.00284	0.00199	0.00227	0.00398
15	0.00919	0.00801	0.00824	0.00742	0.00946	0.02959	0.00576	0.01913	0.80062	0.01517	0.01465	0.01353	0.01101	0.00494	0.00370	0.00123	0.00297	0.00409	0.02557	0.00572
16	0.00914	0.00789	0.00830	0.00747	0.00955	0.00914	0.00581	0.01952	0.84138	0.01536	0.01495	0.01370	0.01121	0.00498	0.00374	0.00125	0.00291	0.00415	0.00374	0.00581
17	0.00434	0.00372	0.00372	0.00372	0.00496	0.00310	0.00279	0.00527	0.00837	0.00992	0.03721	0.03535	0.84652	0.00930	0.00434	0.00124	0.00186	0.00775	0.00341	0.00310
18	0.36169	0.00740	0.00749	0.00610	0.00866	0.05966	0.00499	0.03823	0.00903	0.44728	0.01010	0.00947	0.00673	0.00405	0.00311	0.00112	0.00326	0.00293	0.00346	0.00523
19	0.89687	0.00710	0.00540	0.00483	0.00710	0.00824	0.00398	0.01080	0.00625	0.01648	0.00511	0.00597	0.00398	0.00341	0.00227	0.00114	0.00284	0.00199	0.00227	0.00398
20	0.00457	0.00326	0.00427	0.00499	0.00530	0.00303	0.00337	0.00531	0.00733	0.00985	0.07683	0.76125	0.05680	0.01100	0.00461	0.00145	0.00208	0.00993	0.02174	0.00303
21	0.00717	0.00400	0.00493	0.00490	0.00588	0.00379	0.00369	0.02736	0.00852	0.12273	0.12895	0.28597	0.04213	0.00760	0.00388	0.00121	0.00222	0.06776	0.26360	0.00372
22	0.00753	0.00745	0.10920	0.01008	0.21020	0.00615	0.00696	0.01068	0.11233	0.06467	0.32489	0.01879	0.06997	0.00567	0.00396	0.00117	0.00308	0.01935	0.00315	0.00470
23	0.00550	0.00393	0.00544	0.00629	0.00695	0.00387	0.00520	0.00689	0.00805	0.01053	0.01968	0.27912	0.02204	0.01054	0.00496	0.00163	0.00302	0.58969	0.00339	0.00327
24	0.00755	0.08133	0.79113	0.01016	0.01542	0.00897	0.01304	0.01159	0.00773	0.01141	0.00648	0.00762	0.00466	0.00346	0.00341	0.00114	0.00532	0.00266	0.00155	0.00538
25	0.00983	0.63275	0.16220	0.00729	0.01075	0.05741	0.00762	0.05716	0.00821	0.00998	0.00560	0.00641	0.00479	0.00331	0.00268	0.00088	0.00433	0.00219	0.00170	0.00490
26	0.04677	0.00902	0.02683	0.19611	0.30917	0.10405	0.02193	0.02887	0.00849	0.12166	0.00746	0.00917	0.00574	0.00391	0.00435	0.00116	0.08488	0.00317	0.00218	0.00507
27	0.80567	0.00701	0.00572	0.00501	0.00734	0.00794	0.00412	0.01153	0.00669	0.10288	0.00609	0.00664	0.00451	0.00353	0.00242	0.00114	0.00287	0.00217	0.00251	0.00421
28	0.00509	0.00367	0.00481	0.00470	0.00546	0.00339	0.00346	0.00665	0.00988	0.01390	0.71882	0.15704	0.03306	0.00812	0.00439	0.00121	0.00179	0.00723	0.00395	0.00339
29	0.00771	0.00732	0.01241	0.56082	0.32053	0.00836	0.01058	0.01006	0.00771	0.01032	0.00666	0.00954	0.00523	0.00353	0.00366	0.00118	0.00470	0.00327	0.00170	0.00470
30	0.22718	0.00901	0.00930	0.00731	0.01006	0.00989	0.00603	0.53969	0.01378	0.10790	0.00891	0.00888	0.01756	0.00425	0.00335	0.00112	0.00363	0.00309	0.00342	0.00566
31	0.55341	0.00707	0.00676	0.00564	0.00812	0.00761	0.00464	0.06394	0.03192	0.26689	0.00843	0.00832	0.00586	0.00386	0.00283	0.00114	0.00300	0.00264	0.00308	0.00485
32	0.00459	0.00372	0.00407	0.00401	0.00512	0.00320	0.00300	0.00574	0.00892	0.01129	0.26834	0.05022	0.59727	0.00883	0.00435	0.00122	0.00183	0.00749	0.00359	0.00320
33	0.00918	0.00531	0.00625	0.00537	0.00723	0.00492	0.00430	0.11660	0.01033	0.24935	0.10515	0.02501	0.37911	0.00720	0.00411	0.00121	0.00257	0.04854	0.00383	0.00445
34	0.06430	0.00881	0.01142	0.44434	0.19725	0.12211	0.00936	0.07883	0.00872	0.01147	0.00660	0.00890	0.00513	0.00365	0.00353	0.00114	0.00481	0.00307	0.00192	0.00465
35	0.55190	0.00684	0.00667	0.00553	0.00803	0.00724	0.00456	0.02886	0.00805	0.32780	0.00868	0.00846	0.00593	0.00385	0.00283	0.00114	0.00297	0.00265	0.00315	0.00487
36	0.00493	0.00369	0.00455	0.00444	0.00532	0.00334	0.00327	0.00634	0.00950	0.01294	0.56049	0.10561	0.22743	0.02606	0.00466	0.00126	0.00184	0.00723	0.00380	0.00331
37	0.00763	0.06832	0.52080	0.01065	0.05790	0.00849	0.11164	0.01147	0.05270	0.01174	0.03956	0.03423	0.02343	0.00400	0.00361	0.00115	0.00486	0.00345	0.01923	0.00514
38	0.00860	0.01678	0.69560	0.01073	0.06690	0.00816	0.01242	0.01238	0.00813	0.11529	0.00759	0.00842	0.00527	0.00361	0.00352	0.00116	0.00508	0.00287	0.00194	0.00555
39	0.03578	0.00663	0.00868	0.00667	0.00950	0.00599	0.00551	0.09049	0.01102	0.75846	0.01378	0.01203	0.00873	0.00451	0.00366	0.00113	0.00320	0.00362	0.00442	0.00620
40	0.01514	0.00665	0.00873	0.00717	0.03336	0.00617	0.00566	0.03544	0.13217	0.68674	0.01422	0.01250	0.00925	0.00457	0.00370	0.00115	0.00315	0.00374	0.00433	0.00617
41	0.01088	0.10119	0.03324	0.11705	0.11251	0.33727	0.00756	0.01233	0.00905	0.09079	0.03339	0.02490	0.04898	0.00434	0.00382	0.00106	0.04158	0.00326	0.00222	0.00458
42	0.00502	0.00408	0.00512	0.11013	0.00769	0.00388	0.00399	0.00648	0.00910	0.01188	0.37461	0.02885	0.40010	0.00785	0.00425	0.00120	0.00218	0.00673	0.00346	0.00338
43	0.01560	0.00767	0.00940	0.00721	0.01008	0.00750	0.00595	0.30481	0.01288	0.56030	0.01250	0.01121	0.00809	0.00450	0.00369	0.00112	0.00345	0.00356	0.00424	0.00625
44	0.03893	0.00797	0.02234	0.00865	0.06248	0.00783	0.05789	0.20028	0.12618	0.40993	0.01199	0.01121	0.00811	0.00436	0.00369	0.00115	0.00359	0.00362	0.00379	0.00600
