[name]
unknown

[dist]
# distance from previous block
# <min> <max>
0	108

[block]
# block no. 0 follows, 54 sequences, length 12
# corresponding to MSA columns:
# 199-210
name=unknown_A
#
# <colnr> <probs for GDERKNQSTAVLIFYWHMCP>
#	G	D	E	R	K	N	Q	S	T	A	V	L	I	F	Y	W	H	M	C	P
0	0.04813	0.00761	0.00812	0.00792	0.00926	0.09556	0.00619	0.04968	0.01035	0.01398	0.10905	0.05508	0.03654	0.06997	0.29924	0.00396	0.00745	0.13772	0.00341	0.02079
1	0.08534	0.01227	0.09013	0.01525	0.21544	0.03760	0.07557	0.18323	0.02696	0.04411	0.03391	0.05303	0.00967	0.00528	0.00455	0.00139	0.00523	0.00456	0.00327	0.09322
2	0.00861	0.00843	0.04488	0.05152	0.23658	0.00782	0.10944	0.01113	0.03742	0.01377	0.01730	0.39595	0.01867	0.00924	0.00542	0.00168	0.00458	0.00870	0.00336	0.00550
3	0.00820	0.00647	0.00787	0.00656	0.00871	0.00568	0.00483	0.00956	0.00839	0.01247	0.01132	0.01817	0.01116	0.26331	0.19447	0.00344	0.00590	0.00454	0.00275	0.40621
4	0.03413	0.09785	0.12752	0.01171	0.06021	0.01105	0.11048	0.18696	0.04808	0.06773	0.04021	0.05317	0.10631	0.00642	0.00479	0.00147	0.00508	0.01675	0.00359	0.00648
5	0.04212	0.00914	0.01126	0.04114	0.18431	0.11723	0.02573	0.03152	0.00926	0.05671	0.00886	0.01264	0.00773	0.01015	0.01102	0.40498	0.00520	0.00400	0.00249	0.00451
6	0.01464	0.07674	0.00904	0.00649	0.00898	0.00674	0.00532	0.01661	0.01147	0.37006	0.01607	0.01604	0.01139	0.00552	0.00392	0.00125	0.00325	0.00439	0.40592	0.00616
7	0.01079	0.00877	0.01035	0.00809	0.03609	0.00723	0.00620	0.04142	0.07722	0.05068	0.00986	0.01083	0.00787	0.00394	0.00374	0.00086	0.00366	0.00319	0.00315	0.69606
8	0.01186	0.01050	0.03433	0.03475	0.42845	0.00964	0.04929	0.01503	0.04849	0.08188	0.01007	0.01187	0.00796	0.00427	0.00442	0.00125	0.00500	0.00399	0.00285	0.22409
9	0.00686	0.00513	0.00734	0.00730	0.00795	0.00592	0.00548	0.00820	0.00749	0.01068	0.01322	0.04751	0.01316	0.17269	0.62080	0.00666	0.04140	0.00561	0.00263	0.00400
10	0.05302	0.22528	0.01657	0.01065	0.03404	0.18807	0.03429	0.27816	0.01470	0.01857	0.00865	0.00951	0.00683	0.00474	0.00403	0.00121	0.00576	0.00339	0.00315	0.07939
11	0.04897	0.05418	0.01006	0.00884	0.03749	0.09997	0.00649	0.13432	0.04969	0.01587	0.01703	0.28611	0.05102	0.02840	0.04337	0.00184	0.00466	0.00724	0.00369	0.09078

[dist]
# distance from previous block
# <min> <max>
1	12

[block]
# block no. 1 follows, 54 sequences, length 13
# corresponding to MSA columns:
# 224-236
name=unknown_B
#
# <colnr> <probs for GDERKNQSTAVLIFYWHMCP>
#	G	D	E	R	K	N	Q	S	T	A	V	L	I	F	Y	W	H	M	C	P
0	0.35455	0.01223	0.01140	0.00926	0.01252	0.09106	0.03362	0.35863	0.01498	0.02371	0.00909	0.00981	0.00675	0.00501	0.00395	0.00141	0.00491	0.00350	0.02713	0.00646
1	0.00939	0.02172	0.66983	0.01358	0.01986	0.01055	0.09658	0.01442	0.01015	0.01497	0.03565	0.04377	0.00838	0.00501	0.00469	0.00152	0.00674	0.00426	0.00223	0.00670
2	0.01057	0.20034	0.56926	0.01176	0.01783	0.01225	0.01440	0.01488	0.00999	0.04195	0.00840	0.00964	0.00624	0.00438	0.00412	0.00135	0.00627	0.00328	0.00217	0.05093
3	0.00631	0.00454	0.00598	0.00618	0.00696	0.00421	0.00442	0.00800	0.01167	0.01625	0.50190	0.34329	0.03934	0.01163	0.00574	0.00165	0.00242	0.01041	0.00488	0.00421
4	0.00679	0.00483	0.00646	0.00646	0.00692	0.00529	0.00450	0.00770	0.00725	0.01012	0.01365	0.02417	0.01424	0.40126	0.45306	0.00620	0.00894	0.00588	0.00268	0.00359
5	0.00879	0.00439	0.00439	0.00439	0.00549	0.00439	0.00330	0.01099	0.00989	0.01758	0.01538	0.01758	0.01209	0.00549	0.00330	0.00110	0.00220	0.00439	0.86047	0.00439
6	0.00640	0.00523	0.00570	0.00551	0.00705	0.00476	0.00415	0.00889	0.07663	0.01508	0.26164	0.04016	0.52023	0.01082	0.00551	0.00156	0.00245	0.00916	0.00465	0.00440
7	0.00879	0.00439	0.00439	0.00439	0.00549	0.00439	0.00330	0.01099	0.00989	0.01758	0.01538	0.01758	0.01209	0.00549	0.00330	0.00110	0.00220	0.00439	0.86047	0.00439
8	0.01044	0.00995	0.01692	0.38158	0.46184	0.01088	0.01386	0.01339	0.01016	0.01391	0.00865	0.01207	0.00694	0.00443	0.00469	0.00148	0.00591	0.00420	0.00223	0.00648
9	0.01108	0.01081	0.01744	0.26295	0.54587	0.04227	0.01386	0.01392	0.01045	0.01426	0.00866	0.01181	0.00706	0.00438	0.00467	0.00144	0.00592	0.00415	0.00227	0.00673
10	0.00982	0.00925	0.05135	0.00772	0.01182	0.00689	0.02679	0.03234	0.03008	0.01589	0.04234	0.01209	0.02982	0.00416	0.00380	0.00086	0.00376	0.00343	0.00298	0.69481
11	0.01261	0.83713	0.02471	0.00807	0.01210	0.01866	0.00807	0.01412	0.00958	0.01109	0.00656	0.00756	0.00605	0.00403	0.00303	0.00101	0.00504	0.00252	0.00202	0.00605
12	0.06311	0.15061	0.13187	0.01027	0.01338	0.12483	0.00941	0.15314	0.05490	0.01621	0.01014	0.06327	0.00885	0.00815	0.06541	0.00191	0.10122	0.00427	0.00295	0.00610

[dist]
# distance from previous block
# <min> <max>
0	1

[block]
# block no. 2 follows, 54 sequences, length 38
# corresponding to MSA columns:
# 238-275
name=unknown_C
#
# <colnr> <probs for GDERKNQSTAVLIFYWHMCP>
#	G	D	E	R	K	N	Q	S	T	A	V	L	I	F	Y	W	H	M	C	P
0	0.86760	0.00912	0.00693	0.00620	0.00912	0.01058	0.00511	0.01386	0.00802	0.02115	0.00657	0.00766	0.00511	0.00438	0.00292	0.00146	0.00365	0.00255	0.00292	0.00511
1	0.01027	0.06600	0.69675	0.01317	0.01973	0.01120	0.04837	0.01529	0.01016	0.05369	0.00890	0.01024	0.00631	0.00450	0.00446	0.00147	0.00676	0.00358	0.00220	0.00695
2	0.00587	0.00421	0.00560	0.00667	0.00704	0.00395	0.00459	0.00680	0.00920	0.01220	0.02646	0.75642	0.05005	0.01458	0.00604	0.00193	0.00284	0.06731	0.00437	0.00387
3	0.00760	0.00543	0.00760	0.00868	0.00977	0.00543	0.00760	0.00977	0.01085	0.01411	0.02496	0.05319	0.02714	0.01303	0.00651	0.00217	0.00434	0.77315	0.00434	0.00434
4	0.00684	0.00489	0.00615	0.00579	0.00705	0.00443	0.00436	0.00887	0.01291	0.03697	0.65447	0.03649	0.17329	0.00994	0.00554	0.00150	0.00230	0.00868	0.00507	0.00446
5	0.38796	0.00867	0.00947	0.00782	0.01082	0.00903	0.04091	0.08247	0.01121	0.26041	0.01275	0.07662	0.00986	0.00579	0.00401	0.00148	0.00394	0.00445	0.04616	0.00616
6	0.00879	0.00439	0.00439	0.00439	0.00549	0.00439	0.00330	0.01099	0.00989	0.01758	0.01538	0.01758	0.01209	0.00549	0.00330	0.00110	0.00220	0.00439	0.86047	0.00439
7	0.01261	0.83713	0.02471	0.00807	0.01210	0.01866	0.00807	0.01412	0.00958	0.01109	0.00656	0.00756	0.00605	0.00403	0.00303	0.00101	0.00504	0.00252	0.00202	0.00605
8	0.80322	0.00997	0.03037	0.00666	0.00970	0.02946	0.00564	0.03210	0.00853	0.02095	0.00675	0.00783	0.00522	0.00442	0.00304	0.00145	0.00389	0.00263	0.00292	0.00524
9	0.00879	0.00439	0.00439	0.00439	0.00549	0.00439	0.00330	0.01099	0.00989	0.01758	0.01538	0.01758	0.01209	0.00549	0.00330	0.00110	0.00220	0.00439	0.86047	0.00439
10	0.04967	0.49505	0.29806	0.00985	0.01478	0.01528	0.01115	0.01425	0.00959	0.01288	0.00737	0.00868	0.00612	0.00499	0.02380	0.00136	0.00584	0.00292	0.00206	0.00628
11	0.05314	0.42116	0.38641	0.01046	0.01579	0.01470	0.01224	0.01448	0.00968	0.01336	0.00744	0.00867	0.00597	0.00426	0.00369	0.00125	0.00586	0.00297	0.00205	0.00643
12	0.00819	0.00410	0.00614	0.00614	0.00614	0.00410	0.00410	0.00614	0.00614	0.00819	0.00819	0.01433	0.00819	0.01638	0.01843	0.86282	0.00410	0.00410	0.00205	0.00205
13	0.00691	0.00459	0.00540	0.00540	0.00547	0.00466	0.00317	0.00695	0.00688	0.00925	0.01434	0.02900	0.01625	0.72670	0.09054	0.04697	0.00523	0.00657	0.00279	0.00293
14	0.01032	0.01032	0.01444	0.01238	0.01238	0.01444	0.01032	0.01135	0.00722	0.01135	0.00619	0.01032	0.00619	0.00825	0.01547	0.00206	0.82567	0.00413	0.00206	0.00516
15	0.00770	0.00495	0.00562	0.00546	0.00573	0.00496	0.00322	0.00830	0.03802	0.04583	0.01520	0.02966	0.01679	0.76432	0.02237	0.00431	0.00451	0.00670	0.00307	0.00327
16	0.03149	0.01238	0.06617	0.08075	0.38200	0.02646	0.01213	0.22421	0.06535	0.03782	0.01030	0.01188	0.00791	0.00485	0.00464	0.00144	0.00548	0.00420	0.00319	0.00734
17	0.00879	0.00439	0.00439	0.00439	0.00549	0.00439	0.00330	0.01099	0.00989	0.01758	0.01538	0.01758	0.01209	0.00549	0.00330	0.00110	0.00220	0.00439	0.86047	0.00439
18	0.00694	0.00500	0.00680	0.00773	0.00862	0.00486	0.00631	0.00872	0.01056	0.01388	0.08847	0.25764	0.06436	0.01317	0.00626	0.00202	0.00366	0.47636	0.00442	0.00420
19	0.03203	0.05232	0.01778	0.11035	0.54310	0.08100	0.01305	0.01435	0.01047	0.01436	0.00833	0.01111	0.00701	0.00458	0.00523	0.00143	0.06047	0.00397	0.00230	0.00678
20	0.00584	0.00461	0.00532	0.00568	0.00678	0.00409	0.00415	0.00706	0.01033	0.01302	0.09925	0.28871	0.44403	0.01336	0.02908	0.00188	0.00287	0.04554	0.00439	0.00399
21	0.01259	0.13063	0.01338	0.04615	0.03220	0.21413	0.00750	0.03573	0.01107	0.02687	0.00810	0.00945	0.00670	0.00409	0.00376	0.00096	0.00522	0.00299	0.00265	0.42583
22	0.02303	0.02967	0.25074	0.02273	0.11078	0.00951	0.04564	0.07079	0.05615	0.02961	0.02608	0.05055	0.06910	0.00554	0.00451	0.00134	0.00506	0.00470	0.00299	0.18148
23	0.01206	0.07532	0.12327	0.03822	0.33891	0.05106	0.10902	0.01567	0.05709	0.07528	0.03147	0.03229	0.00931	0.00490	0.00468	0.00143	0.00580	0.00454	0.00281	0.00688
24	0.00764	0.00644	0.00806	0.00790	0.00865	0.05779	0.00600	0.00901	0.00794	0.01090	0.01298	0.07563	0.01293	0.11446	0.56297	0.00604	0.07219	0.00563	0.00265	0.00419
25	0.01308	0.01295	0.05074	0.13768	0.23122	0.07602	0.15013	0.20511	0.04431	0.01821	0.00978	0.01181	0.00747	0.00474	0.00481	0.00146	0.00623	0.00438	0.00298	0.00690
26	0.03312	0.15035	0.15127	0.02821	0.21966	0.16628	0.04216	0.05524	0.01113	0.01433	0.00807	0.01005	0.00663	0.00519	0.01725	0.00147	0.06716	0.00361	0.00236	0.00645
27	0.00574	0.00410	0.00547	0.00657	0.00684	0.00383	0.00438	0.00657	0.00903	0.01204	0.02599	0.83122	0.03119	0.01477	0.00602	0.00191	0.00274	0.01340	0.00438	0.00383
28	0.00626	0.00478	0.00574	0.00556	0.00680	0.00426	0.00415	0.00807	0.01228	0.01650	0.51093	0.06985	0.30641	0.01064	0.00558	0.00154	0.00230	0.00921	0.00488	0.00426
29	0.01372	0.07979	0.02802	0.02675	0.01033	0.02348	0.00610	0.07807	0.01114	0.29931	0.02903	0.02020	0.01304	0.29748	0.04099	0.00273	0.00488	0.00526	0.00399	0.00570
30	0.01525	0.01397	0.05463	0.03059	0.27742	0.12015	0.01123	0.32927	0.01572	0.05626	0.01001	0.01121	0.00758	0.00505	0.00482	0.00140	0.02061	0.00405	0.00344	0.00734
31	0.00684	0.00463	0.00547	0.00547	0.00558	0.00475	0.00326	0.00706	0.00695	0.00938	0.01456	0.02922	0.01643	0.72828	0.12905	0.00497	0.00564	0.00662	0.00281	0.00304
32	0.00681	0.00507	0.00723	0.00719	0.00788	0.00580	0.00540	0.00817	0.00751	0.01068	0.01366	0.02111	0.03017	0.17494	0.64110	0.00680	0.02840	0.00546	0.00262	0.00399
33	0.00879	0.00439	0.00439	0.00439	0.00549	0.00439	0.00330	0.01099	0.00989	0.01758	0.01538	0.01758	0.01209	0.00549	0.00330	0.00110	0.00220	0.00439	0.86047	0.00439
34	0.01030	0.00919	0.01315	0.01583	0.33217	0.00825	0.00910	0.03551	0.01063	0.01559	0.02893	0.05281	0.05100	0.00497	0.00428	0.00113	0.00427	0.00442	0.00288	0.38559
35	0.00680	0.00480	0.00629	0.00629	0.00669	0.00520	0.00429	0.00759	0.00720	0.00999	0.01380	0.02503	0.01461	0.45703	0.39780	0.00599	0.00838	0.00600	0.00270	0.00350
36	0.00879	0.00439	0.00439	0.00439	0.00549	0.00439	0.00330	0.01099	0.00989	0.01758	0.01538	0.01758	0.01209	0.00549	0.00330	0.00110	0.00220	0.00439	0.86047	0.00439
37	0.01105	0.13473	0.11354	0.07138	0.04021	0.01242	0.39805	0.02653	0.04006	0.02514	0.04412	0.01271	0.00875	0.00464	0.00529	0.00150	0.03625	0.00479	0.00255	0.00629

[dist]
# distance from previous block
# <min> <max>
1	23

[block]
# block no. 3 follows, 54 sequences, length 23
# corresponding to MSA columns:
# 301-323
name=unknown_D
#
# <colnr> <probs for GDERKNQSTAVLIFYWHMCP>
#	G	D	E	R	K	N	Q	S	T	A	V	L	I	F	Y	W	H	M	C	P
0	0.19656	0.02375	0.05619	0.03914	0.22306	0.02284	0.11612	0.04934	0.01040	0.01646	0.05150	0.03244	0.03929	0.06796	0.00621	0.00173	0.02440	0.01387	0.00287	0.00588
1	0.29795	0.05482	0.08307	0.03709	0.09574	0.11213	0.00854	0.04251	0.03200	0.07533	0.02687	0.01055	0.00763	0.00479	0.00409	0.00136	0.02233	0.00343	0.01685	0.06292
2	0.00851	0.02020	0.05613	0.02724	0.17504	0.00706	0.00777	0.02936	0.03107	0.03592	0.08845	0.32601	0.07271	0.03745	0.02054	0.00185	0.02267	0.00851	0.01829	0.00522
3	0.44948	0.00878	0.00858	0.04221	0.01102	0.00895	0.00581	0.02820	0.00903	0.01829	0.00794	0.03133	0.00666	0.00446	0.00362	0.00120	0.02240	0.00308	0.00289	0.32607
4	0.01113	0.01089	0.05477	0.16770	0.32216	0.03985	0.01149	0.08058	0.08618	0.01620	0.06211	0.01450	0.01070	0.02777	0.02368	0.00168	0.02111	0.00461	0.02639	0.00648
5	0.01222	0.01029	0.01092	0.00969	0.01242	0.01182	0.00762	0.10208	0.69267	0.02056	0.01858	0.01809	0.01415	0.00653	0.00484	0.00160	0.00390	0.02980	0.00477	0.00742
6	0.00738	0.00637	0.01014	0.07511	0.09280	0.00628	0.08796	0.00914	0.01009	0.01353	0.10443	0.39799	0.10443	0.01076	0.00583	0.00173	0.01983	0.02768	0.00382	0.00470
7	0.00811	0.00415	0.00622	0.00622	0.00627	0.00419	0.00419	0.00627	0.00622	0.00834	0.00844	0.01456	0.00839	0.01743	0.06242	0.81562	0.00457	0.00415	0.00207	0.00217
8	0.01204	0.01218	0.01790	0.09666	0.62227	0.10097	0.01361	0.01464	0.01080	0.01454	0.00856	0.01135	0.00717	0.00445	0.00498	0.00142	0.03310	0.00407	0.00231	0.00697
9	0.00949	0.00898	0.01521	0.65385	0.19698	0.01063	0.01339	0.01256	0.00971	0.01276	0.00848	0.01238	0.00654	0.00460	0.00470	0.00153	0.00614	0.00419	0.00215	0.00571
10	0.01120	0.01077	0.01839	0.06204	0.70385	0.01079	0.03680	0.01396	0.01069	0.01510	0.01101	0.01360	0.05131	0.00464	0.00475	0.00142	0.00552	0.00456	0.00244	0.00715
11	0.00879	0.00439	0.00439	0.00439	0.00549	0.00439	0.00330	0.01099	0.00989	0.01758	0.01538	0.01758	0.01209	0.00549	0.00330	0.00110	0.00220	0.00439	0.86047	0.00439
12	0.00910	0.00858	0.01449	0.76747	0.08646	0.01053	0.01319	0.01222	0.00952	0.01228	0.00841	0.01251	0.00637	0.00468	0.00471	0.00156	0.00624	0.00419	0.00211	0.00539
13	0.00608	0.00440	0.00577	0.00648	0.00709	0.00410	0.00460	0.00732	0.01019	0.01369	0.18984	0.55095	0.08423	0.01337	0.00593	0.00182	0.00273	0.07285	0.00454	0.00401
14	0.01121	0.08931	0.17225	0.02199	0.01470	0.02353	0.08245	0.07898	0.04968	0.05814	0.01209	0.06765	0.03604	0.00551	0.00480	0.00130	0.03638	0.00455	0.00306	0.22637
15	0.25512	0.19107	0.05924	0.00897	0.02714	0.08171	0.02235	0.09732	0.03866	0.04222	0.00888	0.02605	0.00737	0.00677	0.02705	0.08286	0.00513	0.00351	0.00289	0.00567
16	0.00879	0.00439	0.00439	0.00439	0.00549	0.00439	0.00330	0.01099	0.00989	0.01758	0.01538	0.01758	0.01209	0.00549	0.00330	0.00110	0.00220	0.00439	0.86047	0.00439
17	0.00746	0.00586	0.00739	0.00738	0.00804	0.04363	0.00549	0.00854	0.00787	0.01070	0.01378	0.06593	0.01412	0.19151	0.45855	0.05279	0.03623	0.04808	0.00275	0.00389
18	0.01124	0.01526	0.22228	0.08976	0.31525	0.08051	0.08873	0.03282	0.02294	0.01482	0.00936	0.03810	0.00770	0.00487	0.00499	0.00148	0.02644	0.00437	0.00239	0.00670
19	0.01080	0.00970	0.06907	0.00769	0.01203	0.00695	0.00667	0.03906	0.01046	0.06988	0.00918	0.01027	0.00726	0.00380	0.00369	0.00083	0.00384	0.00303	0.00301	0.71277
20	0.00768	0.00479	0.00502	0.00488	0.00634	0.00432	0.00369	0.00937	0.01071	0.05400	0.08187	0.03224	0.40134	0.00893	0.00463	0.00138	0.00238	0.00740	0.34465	0.00437
21	0.02915	0.10002	0.08150	0.22045	0.08542	0.01002	0.06784	0.02498	0.02549	0.14858	0.01317	0.11290	0.01146	0.00636	0.00478	0.00154	0.00525	0.04178	0.00324	0.00608
22	0.03987	0.08581	0.21041	0.04750	0.07964	0.03727	0.05270	0.10304	0.02227	0.10391	0.03420	0.04490	0.06462	0.00581	0.00479	0.00144	0.02137	0.00475	0.00323	0.03247

[dist]
# distance from previous block
# <min> <max>
0	7

[block]
# block no. 4 follows, 54 sequences, length 22
# corresponding to MSA columns:
# 336-357
name=unknown_E
#
# <colnr> <probs for GDERKNQSTAVLIFYWHMCP>
#	G	D	E	R	K	N	Q	S	T	A	V	L	I	F	Y	W	H	M	C	P
0	0.05221	0.09489	0.09276	0.06290	0.20484	0.27004	0.01090	0.04638	0.01168	0.03675	0.02537	0.01049	0.00746	0.00474	0.00447	0.00132	0.02217	0.00358	0.00258	0.03447
1	0.01792	0.01321	0.01415	0.01085	0.01462	0.01462	0.00896	0.78916	0.02217	0.02972	0.01132	0.01132	0.00802	0.00566	0.00472	0.00142	0.00519	0.00425	0.00472	0.00802
2	0.01163	0.01131	0.01975	0.02831	0.75036	0.01125	0.06851	0.01451	0.01076	0.01538	0.00892	0.01174	0.00745	0.00419	0.00473	0.00141	0.00577	0.00430	0.00234	0.00739
3	0.00674	0.00502	0.00741	0.00741	0.00819	0.00580	0.00568	0.00831	0.00753	0.01082	0.01279	0.01938	0.01216	0.09119	0.76029	0.00737	0.01207	0.00518	0.00255	0.00412
4	0.00879	0.00439	0.00439	0.00439	0.00549	0.00439	0.00330	0.01099	0.00989	0.01758	0.01538	0.01758	0.01209	0.00549	0.00330	0.00110	0.00220	0.00439	0.86047	0.00439
5	0.05307	0.01230	0.01303	0.01014	0.01365	0.01361	0.00834	0.67839	0.04105	0.02819	0.01163	0.01180	0.00837	0.00561	0.00454	0.00140	0.00486	0.00421	0.06821	0.00761
6	0.03343	0.10176	0.35824	0.04225	0.16990	0.01199	0.01340	0.07825	0.06589	0.01618	0.00923	0.01071	0.00706	0.00465	0.00455	0.00141	0.02166	0.00370	0.00254	0.04321
7	0.02613	0.05477	0.61850	0.01357	0.04496	0.02558	0.05907	0.01559	0.02373	0.06183	0.00919	0.01049	0.00656	0.00454	0.00448	0.00147	0.00664	0.00367	0.00233	0.00692
8	0.01007	0.00966	0.01336	0.01155	0.01165	0.01332	0.00957	0.01120	0.00749	0.01190	0.00747	0.03140	0.00732	0.00818	0.01420	0.00198	0.73494	0.00438	0.07531	0.00506
9	0.74612	0.00896	0.00751	0.00651	0.00954	0.01005	0.00537	0.01517	0.00881	0.13411	0.00829	0.00886	0.00605	0.00459	0.00318	0.00146	0.00370	0.00287	0.00334	0.00553
10	0.00782	0.01084	0.21622	0.05726	0.09826	0.00723	0.03207	0.01055	0.01036	0.01420	0.10869	0.21599	0.14634	0.00899	0.00528	0.00163	0.00444	0.03510	0.00344	0.00530
11	0.02783	0.01447	0.28996	0.02891	0.03249	0.00978	0.15954	0.06016	0.06742	0.09146	0.01409	0.12152	0.02785	0.00645	0.00500	0.00159	0.00571	0.02607	0.00325	0.00644
12	0.00678	0.00489	0.00674	0.00674	0.00729	0.00544	0.00485	0.00788	0.00733	0.01032	0.01340	0.02277	0.01363	0.31079	0.54271	0.00654	0.00985	0.00567	0.00264	0.00374
13	0.00704	0.00499	0.00669	0.00742	0.00834	0.00483	0.00603	0.00855	0.01034	0.01350	0.09054	0.16386	0.11548	0.03495	0.00755	0.06221	0.00369	0.43574	0.00422	0.00403
14	0.02691	0.02601	0.03123	0.27993	0.27965	0.03727	0.12137	0.04246	0.04112	0.01483	0.00970	0.03140	0.00785	0.00478	0.00474	0.00148	0.00599	0.00454	0.02241	0.00631
15	0.12704	0.05687	0.13799	0.04983	0.04713	0.14351	0.10148	0.11968	0.08654	0.05087	0.01030	0.03023	0.00799	0.00508	0.00442	0.00144	0.00594	0.00411	0.00310	0.00645
16	0.00858	0.00688	0.03347	0.03076	0.08562	0.02111	0.00643	0.03007	0.03733	0.06813	0.10799	0.26940	0.12896	0.08100	0.02450	0.00204	0.00387	0.04489	0.00405	0.00490
17	0.00698	0.00470	0.00612	0.00645	0.00726	0.00439	0.00461	0.02147	0.01067	0.04380	0.24777	0.43474	0.08445	0.01265	0.00649	0.04924	0.00279	0.03671	0.00454	0.00416
18	0.03147	0.19251	0.07221	0.03894	0.02927	0.07902	0.04833	0.08260	0.03241	0.07213	0.04960	0.18910	0.03805	0.00742	0.00466	0.00146	0.00485	0.01674	0.00344	0.00579
19	0.09775	0.11572	0.07451	0.33893	0.17933	0.02495	0.02539	0.01317	0.00978	0.01395	0.02751	0.01215	0.02345	0.00479	0.00453	0.00145	0.02044	0.00398	0.00234	0.00588
20	0.04022	0.00753	0.00993	0.08865	0.06382	0.01904	0.03726	0.12132	0.02897	0.03521	0.21737	0.16719	0.02263	0.07818	0.00676	0.00182	0.00403	0.02309	0.02175	0.00524
21	0.13766	0.09147	0.20419	0.02820	0.09895	0.07864	0.05309	0.04265	0.06122	0.03282	0.03118	0.03221	0.00945	0.04475	0.01943	0.00169	0.00570	0.01773	0.00282	0.00613

[dist]
# distance from previous block
# <min> <max>
2	23

[block]
# block no. 5 follows, 54 sequences, length 7
# corresponding to MSA columns:
# 392-398
name=unknown_F
#
# <colnr> <probs for GDERKNQSTAVLIFYWHMCP>
#	G	D	E	R	K	N	Q	S	T	A	V	L	I	F	Y	W	H	M	C	P
0	0.06536	0.06443	0.17313	0.05646	0.06335	0.03504	0.11052	0.11743	0.04631	0.07947	0.04458	0.05168	0.01017	0.00548	0.00481	0.00145	0.02143	0.00466	0.00321	0.04105
1	0.00872	0.08971	0.15111	0.01027	0.03274	0.00867	0.11484	0.03065	0.02880	0.01462	0.15552	0.16234	0.07816	0.06530	0.00666	0.00176	0.02430	0.00711	0.00341	0.00530
2	0.00713	0.00500	0.00602	0.00601	0.00725	0.00455	0.00444	0.00891	0.03217	0.06058	0.26234	0.20761	0.28519	0.04221	0.00632	0.00176	0.00271	0.04077	0.00466	0.00439
3	0.03415	0.01172	0.06227	0.14335	0.38507	0.03904	0.03884	0.07557	0.06323	0.03718	0.03207	0.01263	0.00869	0.00489	0.00501	0.00147	0.03084	0.00433	0.00281	0.00683
4	0.01250	0.14293	0.06747	0.04741	0.08423	0.05859	0.15792	0.13273	0.07356	0.04764	0.02757	0.01385	0.00947	0.07584	0.02651	0.00182	0.00599	0.00454	0.00307	0.00636
5	0.00771	0.00528	0.00675	0.00698	0.00826	0.00498	0.00556	0.00985	0.03593	0.06483	0.22321	0.15389	0.17547	0.01156	0.00586	0.00179	0.00318	0.25969	0.00467	0.00456
6	0.00730	0.00501	0.00622	0.00638	0.00739	0.00473	0.00456	0.00925	0.05550	0.06267	0.19810	0.36652	0.15348	0.05762	0.03101	0.00204	0.00310	0.01018	0.00453	0.00441

[dist]
# distance from previous block
# <min> <max>
2	10

[block]
# block no. 6 follows, 54 sequences, length 15
# corresponding to MSA columns:
# 409-423
name=unknown_G
#
# <colnr> <probs for GDERKNQSTAVLIFYWHMCP>
#	G	D	E	R	K	N	Q	S	T	A	V	L	I	F	Y	W	H	M	C	P
0	0.04379	0.21773	0.20724	0.01236	0.08774	0.04368	0.05342	0.07757	0.03968	0.08624	0.01948	0.02915	0.00833	0.00583	0.02633	0.00154	0.02646	0.00395	0.00287	0.00661
1	0.01223	0.08022	0.16835	0.01765	0.27872	0.05598	0.08845	0.06244	0.01153	0.07088	0.04535	0.01293	0.02580	0.00505	0.00513	0.00144	0.04391	0.00435	0.00280	0.00680
2	0.00642	0.00445	0.00521	0.00553	0.00574	0.00430	0.00336	0.00676	0.00782	0.01029	0.02089	0.26644	0.08744	0.52506	0.01718	0.00354	0.00385	0.00903	0.00343	0.00324
3	0.01132	0.02168	0.09302	0.07951	0.25977	0.02321	0.18278	0.04074	0.02454	0.07056	0.04152	0.05120	0.05134	0.00558	0.00518	0.00151	0.02175	0.00532	0.00296	0.00652
4	0.03062	0.04007	0.03214	0.11754	0.12854	0.12333	0.09512	0.15874	0.03919	0.05542	0.03521	0.05638	0.02847	0.00586	0.00498	0.00148	0.02042	0.01686	0.00328	0.00635
5	0.00651	0.00455	0.00587	0.00652	0.00715	0.00430	0.00463	0.00757	0.00944	0.03195	0.06303	0.48129	0.11424	0.09693	0.04725	0.00242	0.00355	0.09464	0.00421	0.00396
6	0.86760	0.00912	0.00693	0.00620	0.00912	0.01058	0.00511	0.01386	0.00802	0.02115	0.00657	0.00766	0.00511	0.00438	0.00292	0.00146	0.00365	0.00255	0.00292	0.00511
7	0.04262	0.05561	0.11855	0.06910	0.09690	0.06037	0.10403	0.15273	0.05868	0.10753	0.02317	0.03612	0.00921	0.00535	0.00483	0.00146	0.02085	0.00453	0.02162	0.00674
8	0.06231	0.09772	0.17777	0.01186	0.07853	0.04959	0.04103	0.15876	0.05606	0.05705	0.06681	0.05843	0.02892	0.00599	0.00485	0.00146	0.02815	0.00481	0.00337	0.00652
9	0.22164	0.06336	0.05547	0.02572	0.03684	0.00846	0.00631	0.03380	0.00902	0.06037	0.01294	0.12465	0.01313	0.22453	0.00978	0.00233	0.03233	0.02824	0.00317	0.02791
10	0.00786	0.00617	0.00737	0.00639	0.00840	0.00521	0.00464	0.00918	0.00912	0.01316	0.05813	0.16297	0.04817	0.21004	0.03695	0.00221	0.00385	0.02868	0.00331	0.36820
11	0.00940	0.04058	0.18448	0.04448	0.01310	0.00754	0.02512	0.01232	0.02869	0.07034	0.06392	0.02099	0.21096	0.00651	0.00455	0.00129	0.00422	0.00539	0.00335	0.24276
12	0.00901	0.12214	0.05556	0.00902	0.05479	0.05496	0.00695	0.01165	0.07755	0.01330	0.05968	0.21602	0.06922	0.05105	0.08607	0.00222	0.02038	0.00692	0.00335	0.07014
13	0.01333	0.11650	0.11724	0.02697	0.09474	0.05228	0.02624	0.08030	0.01201	0.16316	0.05483	0.01249	0.00979	0.00483	0.00424	0.00122	0.00494	0.00390	0.00336	0.19763
14	0.03692	0.19664	0.20774	0.04139	0.09339	0.04258	0.01061	0.11503	0.05786	0.01613	0.03873	0.01292	0.02888	0.04181	0.00507	0.00147	0.00539	0.00400	0.00284	0.04059

[dist]
# distance from previous block
# <min> <max>
1	18

[block]
# block no. 7 follows, 54 sequences, length 22
# corresponding to MSA columns:
# 442-463
name=unknown_H
#
# <colnr> <probs for GDERKNQSTAVLIFYWHMCP>
#	G	D	E	R	K	N	Q	S	T	A	V	L	I	F	Y	W	H	M	C	P
0	0.03732	0.21596	0.22110	0.01032	0.01435	0.03109	0.03807	0.07890	0.08390	0.07562	0.01228	0.05377	0.03067	0.00640	0.02052	0.00155	0.03568	0.02301	0.00308	0.00642
1	0.00725	0.00592	0.00803	0.02463	0.04565	0.00581	0.04232	0.01021	0.10587	0.01477	0.18867	0.33888	0.14806	0.02431	0.00589	0.00173	0.00318	0.00978	0.00434	0.00472
2	0.01013	0.03115	0.05391	0.11219	0.14479	0.00900	0.08644	0.01297	0.04274	0.08379	0.02491	0.01655	0.03049	0.06557	0.22309	0.00333	0.03545	0.00496	0.00287	0.00569
3	0.01202	0.22306	0.10635	0.03121	0.10117	0.08888	0.05422	0.06238	0.09276	0.02733	0.01191	0.01299	0.05679	0.00590	0.02519	0.00147	0.02116	0.00408	0.00283	0.05828
4	0.05248	0.09531	0.17475	0.11301	0.20379	0.04358	0.07925	0.06029	0.02442	0.05173	0.03054	0.03200	0.00860	0.00492	0.00452	0.00143	0.00584	0.00427	0.00271	0.00656
5	0.00594	0.00443	0.00554	0.00617	0.00691	0.00404	0.00437	0.00712	0.01015	0.01330	0.14335	0.49301	0.21183	0.01328	0.00587	0.00179	0.00267	0.05174	0.00449	0.00398
6	0.01079	0.00856	0.04546	0.00892	0.01139	0.02805	0.09783	0.06588	0.09101	0.13473	0.12984	0.08105	0.16281	0.08093	0.01965	0.00191	0.00432	0.00704	0.00422	0.00562
7	0.07927	0.06444	0.18810	0.06275	0.08933	0.06677	0.04083	0.12020	0.06361	0.09403	0.04273	0.01318	0.00955	0.00599	0.02522	0.00160	0.00574	0.01675	0.00325	0.00664
8	0.04596	0.06414	0.02657	0.04212	0.03971	0.19071	0.02614	0.07466	0.02786	0.03269	0.07409	0.13051	0.10189	0.02101	0.00585	0.03782	0.02164	0.00610	0.02531	0.00522
9	0.05421	0.48597	0.07905	0.03648	0.03278	0.08810	0.06257	0.04071	0.01040	0.02739	0.00744	0.00883	0.00629	0.00444	0.00409	0.00122	0.03851	0.00310	0.00229	0.00611
10	0.04628	0.04946	0.08119	0.09349	0.13509	0.02575	0.09459	0.14529	0.07826	0.11261	0.04704	0.03500	0.01077	0.00555	0.00474	0.00148	0.00533	0.01779	0.00353	0.00677
11	0.03266	0.01138	0.04956	0.16472	0.23756	0.06738	0.09481	0.05537	0.04978	0.06719	0.01083	0.02886	0.00892	0.02958	0.02127	0.00172	0.03431	0.02486	0.00288	0.00636
12	0.00665	0.00514	0.00708	0.00791	0.04558	0.00488	0.02576	0.02580	0.01018	0.01357	0.11075	0.49992	0.12914	0.01356	0.03668	0.00201	0.00341	0.04344	0.00425	0.00429
13	0.07146	0.15781	0.13410	0.03664	0.15768	0.07958	0.10862	0.03144	0.03087	0.05681	0.01043	0.01304	0.02299	0.00504	0.00461	0.00142	0.02250	0.03479	0.01379	0.00638
14	0.04942	0.16614	0.19599	0.02890	0.14981	0.02786	0.07347	0.04296	0.04096	0.08379	0.04292	0.01335	0.04034	0.00507	0.00437	0.00139	0.00544	0.00424	0.01700	0.00658
15	0.00648	0.00463	0.00621	0.00662	0.00741	0.00423	0.02375	0.00764	0.01000	0.03982	0.12255	0.57281	0.14381	0.01317	0.00584	0.00179	0.00280	0.01183	0.00448	0.00413
16	0.02394	0.06330	0.16054	0.05083	0.08560	0.10122	0.16550	0.07232	0.08708	0.01589	0.04985	0.04379	0.04795	0.00562	0.00479	0.00147	0.00599	0.00501	0.00299	0.00631
17	0.01356	0.09375	0.14295	0.06507	0.09852	0.07305	0.05462	0.17731	0.06132	0.08653	0.03304	0.01214	0.00879	0.00527	0.00518	0.00145	0.05320	0.00416	0.00326	0.00684
18	0.01197	0.09165	0.19771	0.03373	0.08150	0.08893	0.20785	0.07097	0.01168	0.05714	0.01235	0.04485	0.05769	0.00535	0.00478	0.00146	0.00632	0.00486	0.00281	0.00641
19	0.00866	0.00806	0.05875	0.04272	0.08421	0.00725	0.07200	0.03596	0.05177	0.04526	0.06737	0.25496	0.15675	0.00972	0.00579	0.00169	0.03141	0.04859	0.00385	0.00524
20	0.03058	0.16227	0.18226	0.08549	0.12181	0.03973	0.09181	0.09679	0.02796	0.07808	0.02054	0.01186	0.02076	0.00480	0.00442	0.00139	0.00584	0.00404	0.00285	0.00669
21	0.00950	0.03918	0.23435	0.05151	0.09626	0.05064	0.09903	0.01303	0.04536	0.01423	0.05316	0.12642	0.05340	0.02346	0.00566	0.00165	0.02474	0.04961	0.00297	0.00582

[dist]
# distance from previous block
# <min> <max>
2	10

[block]
# block no. 8 follows, 54 sequences, length 13
# corresponding to MSA columns:
# 474-486
name=unknown_I
#
# <colnr> <probs for GDERKNQSTAVLIFYWHMCP>
#	G	D	E	R	K	N	Q	S	T	A	V	L	I	F	Y	W	H	M	C	P
0	0.03638	0.03498	0.09993	0.04046	0.13496	0.04508	0.10486	0.11123	0.05838	0.17081	0.01357	0.05308	0.02365	0.02073	0.00516	0.00156	0.00540	0.02938	0.00363	0.00678
1	0.02516	0.01263	0.13275	0.14876	0.26992	0.04867	0.13491	0.01425	0.03163	0.02941	0.05217	0.03463	0.01032	0.00523	0.00488	0.00151	0.00602	0.02809	0.00266	0.00639
2	0.00904	0.03745	0.12648	0.00959	0.03285	0.03408	0.05472	0.07230	0.03959	0.03146	0.03811	0.29434	0.11211	0.02539	0.00571	0.00173	0.00436	0.06165	0.00377	0.00527
3	0.05302	0.14117	0.25383	0.05432	0.12177	0.01161	0.08022	0.03529	0.04760	0.09608	0.01093	0.01208	0.02953	0.00478	0.00437	0.00140	0.00566	0.00400	0.00281	0.02954
4	0.02527	0.00845	0.05255	0.02923	0.05504	0.00810	0.06063	0.08122	0.10769	0.06943	0.05367	0.12811	0.06448	0.04758	0.18355	0.00302	0.00620	0.00650	0.00367	0.00561
5	0.00588	0.00426	0.00558	0.00648	0.00694	0.00395	0.00445	0.00689	0.00956	0.01272	0.09122	0.68638	0.08113	0.01410	0.00597	0.00187	0.00273	0.04153	0.00444	0.00391
6	0.06435	0.08019	0.12589	0.01082	0.04991	0.08812	0.06749	0.07882	0.05880	0.05189	0.11806	0.11996	0.01583	0.00684	0.00474	0.00147	0.00497	0.02053	0.00351	0.02781
7	0.01179	0.01110	0.05790	0.11476	0.27972	0.06037	0.06752	0.05063	0.06313	0.08594	0.04231	0.05598	0.06616	0.00592	0.00488	0.00149	0.00534	0.00532	0.00323	0.00651
8	0.00728	0.00576	0.00746	0.03332	0.00913	0.02756	0.00587	0.00961	0.05505	0.01280	0.08032	0.14322	0.06759	0.02301	0.40889	0.00463	0.00803	0.06108	0.02497	0.00443
9	0.00980	0.00839	0.01290	0.06304	0.33798	0.00830	0.03307	0.05431	0.01143	0.04275	0.08234	0.10705	0.18053	0.00767	0.00514	0.00153	0.00437	0.01996	0.00348	0.00595
10	0.02643	0.15673	0.36000	0.01237	0.05474	0.03865	0.06718	0.05700	0.02461	0.09310	0.03383	0.01154	0.00830	0.00478	0.00433	0.00139	0.00591	0.00385	0.02854	0.00673
11	0.00976	0.00818	0.00996	0.05729	0.07696	0.11797	0.04725	0.00976	0.00859	0.01068	0.03591	0.03683	0.03836	0.04893	0.01262	0.42010	0.02546	0.01919	0.00247	0.00373
12	0.00692	0.00563	0.03233	0.00614	0.00756	0.00478	0.00474	0.00902	0.04571	0.04230	0.27148	0.20511	0.29899	0.03025	0.00599	0.00169	0.00273	0.00958	0.00458	0.00446

[dist]
# distance from previous block
# <min> <max>
0	2

[block]
# block no. 9 follows, 54 sequences, length 12
# corresponding to MSA columns:
# 489-500
name=unknown_J
#
# <colnr> <probs for GDERKNQSTAVLIFYWHMCP>
#	G	D	E	R	K	N	Q	S	T	A	V	L	I	F	Y	W	H	M	C	P
0	0.03361	0.09844	0.07148	0.11161	0.37055	0.07271	0.03736	0.05063	0.02923	0.03397	0.02912	0.01173	0.00812	0.00466	0.00463	0.00140	0.01743	0.00404	0.00259	0.00671
1	0.02402	0.07553	0.13899	0.02391	0.05581	0.09334	0.06131	0.03061	0.06565	0.06033	0.03398	0.15242	0.09368	0.00805	0.02104	0.00166	0.04436	0.00625	0.00331	0.00577
2	0.00704	0.00493	0.00612	0.00597	0.00711	0.00453	0.00438	0.02390	0.01189	0.04216	0.43261	0.17035	0.19187	0.03430	0.00647	0.02545	0.00258	0.00926	0.00475	0.00433
3	0.01604	0.04492	0.01308	0.03837	0.01440	0.65557	0.00881	0.04243	0.01291	0.01213	0.00909	0.01057	0.03174	0.00722	0.06129	0.00169	0.00831	0.00346	0.00255	0.00542
4	0.02590	0.17017	0.33759	0.01199	0.07285	0.03720	0.01190	0.03337	0.06560	0.03969	0.02881	0.05838	0.03913	0.00573	0.00486	0.00144	0.04178	0.00445	0.00273	0.00642
5	0.01083	0.01040	0.08692	0.10152	0.21313	0.06696	0.00995	0.02646	0.03244	0.08969	0.02927	0.17895	0.02634	0.00829	0.03190	0.00175	0.00520	0.03280	0.03124	0.00594
6	0.00588	0.00432	0.00545	0.00626	0.00680	0.00398	0.00430	0.00681	0.00940	0.01227	0.04944	0.60115	0.16229	0.05732	0.00690	0.00200	0.00283	0.04446	0.00432	0.00384
7	0.01249	0.01081	0.01199	0.06744	0.03339	0.12322	0.07138	0.11156	0.19780	0.07321	0.01405	0.04939	0.01214	0.17987	0.00884	0.00214	0.00531	0.00538	0.00365	0.00593
8	0.11451	0.04957	0.12759	0.01236	0.10073	0.04476	0.07723	0.11032	0.05173	0.08821	0.03217	0.04092	0.03560	0.00621	0.02334	0.00157	0.02216	0.00456	0.00331	0.05315
9	0.02650	0.11530	0.04706	0.05054	0.05486	0.05202	0.05455	0.14823	0.06759	0.03179	0.03877	0.17003	0.08724	0.00765	0.00511	0.00152	0.02532	0.00644	0.00359	0.00590
10	0.11952	0.13117	0.09292	0.00996	0.06188	0.05021	0.03745	0.05724	0.04486	0.07004	0.06745	0.07546	0.08691	0.02827	0.02606	0.00169	0.00483	0.02488	0.00341	0.00577
11	0.07296	0.11135	0.15217	0.03534	0.03372	0.18238	0.02943	0.04670	0.03631	0.07124	0.01113	0.01354	0.03430	0.08084	0.04070	0.00189	0.00618	0.00405	0.00286	0.03290

[dist]
# distance from previous block
# <min> <max>
1	31

[block]
# block no. 10 follows, 54 sequences, length 20
# corresponding to MSA columns:
# 532-551
name=unknown_K
#
# <colnr> <probs for GDERKNQSTAVLIFYWHMCP>
#	G	D	E	R	K	N	Q	S	T	A	V	L	I	F	Y	W	H	M	C	P
0	0.05545	0.02438	0.02794	0.11815	0.34529	0.06002	0.05093	0.15444	0.04865	0.01760	0.00963	0.01196	0.00769	0.02346	0.00501	0.00149	0.00566	0.00417	0.00290	0.02519
1	0.07399	0.01164	0.01608	0.04736	0.47150	0.05634	0.01176	0.13439	0.03757	0.04727	0.00965	0.01146	0.00763	0.00460	0.00449	0.00138	0.00538	0.00403	0.00297	0.04052
2	0.06011	0.01174	0.01611	0.12138	0.42167	0.08712	0.02591	0.09752	0.01187	0.03738	0.00914	0.01142	0.00728	0.00463	0.00472	0.00141	0.02190	0.00402	0.02075	0.02392
3	0.05789	0.01164	0.01549	0.04203	0.33833	0.06865	0.03846	0.17026	0.04685	0.13086	0.01129	0.02798	0.00866	0.00508	0.00463	0.00143	0.00537	0.00439	0.00348	0.00722
4	0.05291	0.01071	0.01599	0.16762	0.40402	0.02874	0.03247	0.08486	0.07164	0.03680	0.02621	0.01258	0.00854	0.00475	0.00462	0.00144	0.00543	0.00430	0.00288	0.02348
5	0.06157	0.01129	0.01464	0.09818	0.23176	0.08183	0.05208	0.12435	0.05982	0.11714	0.02678	0.01353	0.03233	0.00528	0.00492	0.00144	0.02791	0.00444	0.00339	0.02731
6	0.01193	0.01026	0.01425	0.12496	0.31284	0.04852	0.02145	0.12896	0.04907	0.05663	0.05733	0.05717	0.07377	0.00614	0.00487	0.00148	0.00505	0.00540	0.00337	0.00655
7	0.01192	0.01010	0.01535	0.03416	0.38940	0.02268	0.05485	0.05209	0.05167	0.08383	0.03600	0.03046	0.04647	0.02233	0.00535	0.00145	0.02448	0.00484	0.00315	0.09940
8	0.01139	0.01026	0.01652	0.18290	0.46533	0.01054	0.02874	0.05378	0.02713	0.03658	0.02836	0.01248	0.00835	0.00453	0.00462	0.00138	0.00541	0.00424	0.00266	0.08479
9	0.00919	0.00832	0.01217	0.11300	0.27279	0.02637	0.02956	0.03480	0.03281	0.01513	0.15340	0.03963	0.17589	0.04937	0.00604	0.00165	0.00441	0.00646	0.00342	0.00561
10	0.04141	0.37403	0.03421	0.06353	0.01385	0.07822	0.00836	0.11621	0.08141	0.10204	0.01013	0.01068	0.00785	0.00483	0.00384	0.00124	0.00509	0.00347	0.03313	0.00648
11	0.00575	0.00461	0.00514	0.00546	0.00663	0.00401	0.00397	0.00693	0.01044	0.01298	0.09009	0.26539	0.51678	0.01261	0.00572	0.00169	0.00253	0.03087	0.00443	0.00398
12	0.00879	0.00439	0.00439	0.00439	0.00549	0.00439	0.00330	0.01099	0.00989	0.01758	0.01538	0.01758	0.01209	0.00549	0.00330	0.00110	0.00220	0.00439	0.86047	0.00439
13	0.61176	0.00771	0.00644	0.00607	0.00829	0.00873	0.00477	0.01223	0.00829	0.01888	0.01038	0.11156	0.00971	0.03673	0.03129	0.00179	0.00372	0.00432	0.09256	0.00476
14	0.00703	0.00485	0.00655	0.00655	0.00721	0.00537	0.00479	0.00835	0.00769	0.01133	0.01355	0.02154	0.01319	0.23466	0.51059	0.00599	0.00925	0.00543	0.11221	0.00389
15	0.01248	0.31861	0.01677	0.04386	0.02968	0.05849	0.02424	0.12366	0.12832	0.01575	0.01163	0.01261	0.03935	0.00599	0.01982	0.00144	0.06530	0.00396	0.06183	0.00621
16	0.01319	0.03362	0.01556	0.08989	0.19812	0.05614	0.09425	0.17940	0.01334	0.08168	0.03609	0.04171	0.00974	0.00520	0.00464	0.00137	0.00535	0.00461	0.02105	0.09504
17	0.07472	0.22485	0.10269	0.08732	0.03024	0.05864	0.03188	0.13317	0.07078	0.01633	0.03399	0.02778	0.02428	0.01943	0.00503	0.00144	0.04418	0.00409	0.00295	0.00619
18	0.00727	0.03689	0.06472	0.00779	0.03370	0.02212	0.00593	0.00858	0.00914	0.01230	0.05948	0.32862	0.10598	0.11787	0.07950	0.02151	0.03847	0.00879	0.02709	0.00427
19	0.04786	0.05226	0.08874	0.06607	0.06669	0.08803	0.12403	0.08802	0.06669	0.04039	0.08034	0.05686	0.05275	0.00683	0.02221	0.00163	0.03599	0.00531	0.00326	0.00604

[dist]
# distance from previous block
# <min> <max>
5	31

[block]
# block no. 11 follows, 54 sequences, length 7
# corresponding to MSA columns:
# 590-596
name=unknown_L
#
# <colnr> <probs for GDERKNQSTAVLIFYWHMCP>
#	G	D	E	R	K	N	Q	S	T	A	V	L	I	F	Y	W	H	M	C	P
0	0.01207	0.11900	0.36183	0.04788	0.11229	0.03471	0.04877	0.01658	0.07120	0.11607	0.01041	0.01143	0.00761	0.00471	0.00443	0.00143	0.00600	0.00387	0.00278	0.00694
1	0.01016	0.13241	0.26912	0.01335	0.12172	0.01095	0.07089	0.05784	0.03029	0.01540	0.08997	0.09519	0.03246	0.00625	0.00493	0.00147	0.02310	0.00535	0.00291	0.00626
2	0.00716	0.00484	0.00557	0.00553	0.00638	0.00448	0.00375	0.00798	0.00933	0.05442	0.10106	0.09941	0.25806	0.36661	0.01355	0.00291	0.00350	0.03781	0.00388	0.00376
3	0.05001	0.10987	0.02887	0.03981	0.21643	0.01037	0.06451	0.03775	0.10525	0.07564	0.11053	0.06721	0.03398	0.00679	0.02136	0.00158	0.00477	0.00545	0.00348	0.00634
4	0.01269	0.08434	0.13437	0.14328	0.10513	0.05558	0.05283	0.07777	0.05345	0.12350	0.01096	0.01275	0.00830	0.02882	0.02326	0.00162	0.00577	0.00414	0.02567	0.03575
5	0.01064	0.06983	0.11463	0.24341	0.08086	0.01013	0.08630	0.03633	0.01059	0.09056	0.03330	0.08860	0.05753	0.00627	0.00529	0.00154	0.03982	0.00545	0.00298	0.00592
6	0.00683	0.04380	0.00748	0.00681	0.00779	0.00578	0.00521	0.00828	0.00886	0.01207	0.10286	0.09752	0.11016	0.10637	0.40920	0.00488	0.00791	0.04079	0.00328	0.00413

[dist]
# distance from previous block
# <min> <max>
2	44

[block]
# block no. 12 follows, 54 sequences, length 12
# corresponding to MSA columns:
# 645-656
name=unknown_M
#
# <colnr> <probs for GDERKNQSTAVLIFYWHMCP>
#	G	D	E	R	K	N	Q	S	T	A	V	L	I	F	Y	W	H	M	C	P
0	0.01172	0.15509	0.15476	0.01028	0.03644	0.01086	0.05856	0.10690	0.08852	0.08245	0.05533	0.06487	0.06917	0.00622	0.00453	0.00140	0.00476	0.00517	0.02995	0.04301
1	0.01195	0.06073	0.04210	0.04184	0.04623	0.08790	0.03235	0.11546	0.18922	0.04045	0.02688	0.07616	0.02431	0.02543	0.00674	0.10555	0.00483	0.00511	0.00351	0.05328
2	0.00989	0.02627	0.09150	0.03535	0.04715	0.00864	0.03031	0.05894	0.11605	0.05851	0.03027	0.05918	0.05018	0.13688	0.13252	0.03599	0.05804	0.00565	0.00329	0.00539
3	0.00834	0.00842	0.06407	0.03417	0.01035	0.07738	0.03015	0.01033	0.03480	0.02658	0.08408	0.21763	0.13350	0.10739	0.03930	0.00220	0.02065	0.04568	0.00364	0.04135
4	0.08419	0.06627	0.05629	0.04781	0.09257	0.10726	0.06106	0.03186	0.06856	0.09527	0.01019	0.01259	0.00828	0.04237	0.05725	0.00203	0.14305	0.00416	0.00293	0.00603
5	0.28885	0.12976	0.03242	0.02925	0.06813	0.06141	0.05121	0.13400	0.07245	0.01858	0.00948	0.04194	0.00785	0.00521	0.00430	0.00143	0.03064	0.00387	0.00310	0.00613
6	0.00628	0.00474	0.00567	0.00577	0.00681	0.00431	0.00424	0.00774	0.01100	0.01447	0.29663	0.13966	0.29431	0.10225	0.00774	0.00197	0.00278	0.07510	0.00448	0.00403
7	0.00879	0.00439	0.00439	0.00439	0.00549	0.00439	0.00330	0.01099	0.00989	0.01758	0.01538	0.01758	0.01209	0.00549	0.00330	0.00110	0.00220	0.00439	0.86047	0.00439
8	0.00759	0.00549	0.00619	0.00622	0.00748	0.00540	0.00463	0.04276	0.08972	0.01537	0.10343	0.21242	0.22457	0.04572	0.00601	0.00172	0.00288	0.05497	0.15287	0.00456
9	0.01205	0.01125	0.01746	0.08321	0.45325	0.06321	0.09824	0.03937	0.04198	0.05505	0.03539	0.04795	0.00993	0.00509	0.00484	0.00146	0.00571	0.00488	0.00285	0.00684
10	0.01059	0.37155	0.06858	0.00857	0.01163	0.01211	0.04048	0.03079	0.05650	0.03613	0.04497	0.14579	0.04274	0.00743	0.00486	0.03419	0.00451	0.04362	0.00309	0.02187
11	0.01008	0.00958	0.01627	0.48443	0.36180	0.01079	0.01368	0.01308	0.00999	0.01348	0.00859	0.01219	0.00679	0.00450	0.00469	0.00150	0.00599	0.00419	0.00220	0.00619

[dist]
# distance from previous block
# <min> <max>
0	2

[block]
# block no. 13 follows, 54 sequences, length 47
# corresponding to MSA columns:
# 660-695,701-711
name=unknown_N
#
# <colnr> <probs for GDERKNQSTAVLIFYWHMCP>
#	G	D	E	R	K	N	Q	S	T	A	V	L	I	F	Y	W	H	M	C	P
0	0.00879	0.00439	0.00439	0.00439	0.00549	0.00439	0.00330	0.01099	0.00989	0.01758	0.01538	0.01758	0.01209	0.00549	0.00330	0.00110	0.00220	0.00439	0.86047	0.00439
1	0.02783	0.00985	0.01043	0.00890	0.01113	0.13335	0.04423	0.07885	0.02161	0.11130	0.12302	0.10156	0.11133	0.00888	0.03866	0.00172	0.06531	0.00624	0.00388	0.08192
2	0.00993	0.00934	0.01574	0.41139	0.37212	0.01033	0.01306	0.01279	0.01013	0.01377	0.03677	0.04525	0.00911	0.00505	0.00477	0.00151	0.00570	0.00471	0.00240	0.00614
3	0.01032	0.01032	0.01444	0.01238	0.01238	0.01444	0.01032	0.01135	0.00722	0.01135	0.00619	0.01032	0.00619	0.00825	0.01547	0.00206	0.82567	0.00413	0.00206	0.00516
4	0.01416	0.01436	0.01415	0.01186	0.01433	0.30284	0.11833	0.14871	0.01319	0.05623	0.01173	0.13163	0.01076	0.00774	0.03388	0.00171	0.07992	0.00538	0.00325	0.00585
5	0.34692	0.33693	0.03042	0.03026	0.01193	0.01427	0.00728	0.09654	0.05925	0.01763	0.00794	0.00881	0.00641	0.00451	0.00335	0.00129	0.00450	0.00295	0.00283	0.00597
6	0.00819	0.00410	0.00614	0.00614	0.00614	0.00410	0.00410	0.00614	0.00614	0.00819	0.00819	0.01433	0.00819	0.01638	0.01843	0.86282	0.00410	0.00410	0.00205	0.00205
