[name]
unknown

[dist]
# distance from previous block
# <min> <max>
8	115

[block]
# block no. 0 follows, 71 sequences, length 28
# corresponding to MSA columns:
# 138-165
name=unknown_A
#
# <colnr> <probs for GDERKNQSTAVLIFYWHMCP>
#	G	D	E	R	K	N	Q	S	T	A	V	L	I	F	Y	W	H	M	C	P
0	0.01633	0.03158	0.10531	0.07624	0.17023	0.03728	0.05474	0.10673	0.02107	0.04238	0.04511	0.04972	0.02128	0.04274	0.02447	0.01618	0.01851	0.00389	0.00247	0.11375
1	0.01909	0.01105	0.15994	0.01852	0.01983	0.14043	0.03015	0.08874	0.17989	0.05092	0.04969	0.08060	0.08356	0.01994	0.00430	0.00126	0.01572	0.00456	0.00297	0.01881
2	0.02179	0.15717	0.06370	0.04393	0.05584	0.04080	0.04856	0.05276	0.10504	0.01907	0.03204	0.14015	0.01908	0.03073	0.06648	0.00165	0.04356	0.01931	0.03374	0.00461
3	0.02072	0.03969	0.09115	0.00712	0.02336	0.00667	0.00608	0.15603	0.02843	0.20303	0.07731	0.18993	0.08132	0.00683	0.00410	0.00127	0.00327	0.03067	0.01800	0.00501
4	0.00592	0.00532	0.02214	0.00754	0.00859	0.00511	0.13906	0.00742	0.03154	0.01039	0.01738	0.54000	0.04343	0.03257	0.02399	0.00165	0.05550	0.02234	0.00307	0.01703
5	0.00545	0.00428	0.01757	0.00519	0.00605	0.00390	0.00378	0.00708	0.06656	0.02376	0.09203	0.39005	0.22631	0.07716	0.01771	0.00166	0.00252	0.03169	0.00349	0.01374
6	0.00626	0.03048	0.00608	0.00598	0.03749	0.00471	0.00415	0.02562	0.06769	0.03307	0.11572	0.29867	0.15727	0.10088	0.03721	0.01029	0.00290	0.01756	0.00333	0.03463
7	0.10477	0.00665	0.00821	0.00649	0.00922	0.00618	0.00532	0.06443	0.03389	0.60529	0.01615	0.01453	0.09129	0.00512	0.00377	0.00120	0.00315	0.00408	0.00431	0.00594
8	0.00526	0.00399	0.00442	0.00426	0.00551	0.00343	0.00321	0.00649	0.00942	0.04293	0.26441	0.03367	0.58141	0.00900	0.00450	0.00127	0.00195	0.00761	0.00379	0.00347
9	0.02811	0.00701	0.00872	0.00786	0.06327	0.03517	0.00582	0.09654	0.04569	0.46777	0.04041	0.12446	0.02217	0.00572	0.00396	0.00122	0.00332	0.00480	0.02224	0.00572
10	0.00754	0.03511	0.00630	0.00579	0.00663	0.07209	0.00408	0.08154	0.00833	0.05623	0.01515	0.38118	0.01673	0.23753	0.02041	0.00205	0.00340	0.00713	0.02919	0.00358
11	0.00466	0.00337	0.00442	0.00526	0.00554	0.00312	0.00352	0.00535	0.00742	0.00982	0.02211	0.81696	0.07052	0.01188	0.00487	0.00154	0.00221	0.01074	0.00356	0.00312
12	0.00875	0.00982	0.02101	0.01521	0.01870	0.00939	0.73876	0.01173	0.00878	0.01197	0.00829	0.04912	0.00674	0.00427	0.02097	0.00141	0.04330	0.00476	0.00200	0.00500
13	0.00794	0.00654	0.03225	0.00702	0.03649	0.00668	0.00531	0.11787	0.21642	0.01421	0.05902	0.20543	0.08338	0.02982	0.00479	0.00136	0.03279	0.02214	0.10596	0.00459
14	0.00557	0.00373	0.00423	0.00423	0.00425	0.00374	0.00239	0.00561	0.00559	0.00747	0.01203	0.02484	0.01383	0.84389	0.04072	0.00378	0.00388	0.00554	0.00232	0.00235
15	0.00502	0.00401	0.00434	0.00431	0.00551	0.00351	0.00321	0.00640	0.03333	0.02386	0.16022	0.10396	0.61000	0.00941	0.00453	0.00130	0.00200	0.00797	0.00369	0.00342
16	0.00884	0.01089	0.08510	0.01544	0.01937	0.00946	0.74183	0.01213	0.00903	0.01236	0.03125	0.01069	0.00660	0.00339	0.00446	0.00128	0.00627	0.00446	0.00198	0.00517
17	0.01168	0.01092	0.04271	0.00772	0.00977	0.30369	0.00615	0.11442	0.02900	0.14740	0.09943	0.10960	0.06511	0.00587	0.00392	0.00116	0.00438	0.00467	0.01760	0.00480
18	0.01432	0.01827	0.01087	0.00988	0.01185	0.84986	0.00741	0.01531	0.01087	0.00938	0.00593	0.00691	0.00494	0.00395	0.00346	0.00099	0.00691	0.00247	0.00198	0.00444
19	0.00554	0.00385	0.00484	0.00483	0.00508	0.00406	0.00315	0.00602	0.00588	0.00809	0.03005	0.02194	0.01304	0.57647	0.28681	0.00445	0.00579	0.00513	0.00228	0.00271
20	0.00969	0.00825	0.00872	0.00777	0.00995	0.00949	0.00606	0.06422	0.76584	0.01646	0.03915	0.01444	0.01213	0.00525	0.00392	0.00129	0.00306	0.00436	0.00391	0.00602
21	0.80514	0.00849	0.00615	0.00552	0.00786	0.09214	0.00448	0.01167	0.00696	0.01643	0.00540	0.00630	0.00423	0.00360	0.00248	0.00117	0.00336	0.00212	0.00233	0.00418
22	0.00766	0.00666	0.00813	0.00592	0.00914	0.00511	0.03728	0.00935	0.00807	0.01227	0.01003	0.01092	0.08852	0.00354	0.00307	0.00067	0.00290	0.00294	0.00239	0.76544
23	0.05469	0.01049	0.13260	0.02866	0.04536	0.06039	0.17772	0.11939	0.02439	0.18066	0.01867	0.03477	0.00768	0.01642	0.00407	0.00121	0.00462	0.01321	0.01260	0.05239
24	0.00816	0.00557	0.00705	0.00728	0.08991	0.00532	0.00493	0.04645	0.08787	0.12867	0.17170	0.11962	0.19151	0.04187	0.00480	0.00133	0.00271	0.00611	0.01816	0.05101
25	0.05634	0.11025	0.11729	0.01746	0.07014	0.07803	0.02066	0.07063	0.02448	0.05485	0.00789	0.02485	0.01440	0.00369	0.00323	0.00092	0.00400	0.00288	0.00236	0.31565
26	0.03958	0.00577	0.01851	0.01677	0.03577	0.03468	0.07705	0.02342	0.05034	0.01093	0.06256	0.15891	0.15634	0.20069	0.04725	0.00209	0.00372	0.04015	0.01181	0.00365
27	0.03748	0.14427	0.13118	0.01937	0.04522	0.05900	0.00768	0.23632	0.09265	0.03285	0.04055	0.04149	0.00816	0.00450	0.00366	0.00110	0.01717	0.00346	0.00280	0.07110

[dist]
# distance from previous block
# <min> <max>
3	28

[block]
# block no. 1 follows, 71 sequences, length 38
# corresponding to MSA columns:
# 194-231
name=unknown_B
#
# <colnr> <probs for GDERKNQSTAVLIFYWHMCP>
#	G	D	E	R	K	N	Q	S	T	A	V	L	I	F	Y	W	H	M	C	P
0	0.02215	0.09731	0.05678	0.04245	0.10991	0.10322	0.22103	0.06818	0.06136	0.01213	0.00724	0.00909	0.00584	0.00424	0.00541	0.00125	0.16175	0.00346	0.00210	0.00512
1	0.06315	0.05162	0.09560	0.07311	0.14550	0.05707	0.05531	0.07395	0.04235	0.05929	0.01924	0.08011	0.06879	0.01537	0.02959	0.00137	0.00433	0.01798	0.02202	0.02424
2	0.02962	0.08458	0.20042	0.03456	0.02403	0.02046	0.09363	0.08624	0.03935	0.10905	0.02581	0.08470	0.03822	0.02902	0.05380	0.02994	0.00468	0.00429	0.00266	0.00497
3	0.01047	0.00631	0.00735	0.00638	0.00819	0.00641	0.00494	0.18306	0.11161	0.20256	0.05546	0.18063	0.06004	0.05234	0.00485	0.00138	0.00298	0.00565	0.08440	0.00499
4	0.00675	0.00510	0.00651	0.00594	0.00725	0.00496	0.04496	0.09600	0.05293	0.03499	0.25867	0.23695	0.19601	0.00845	0.00447	0.00131	0.00253	0.00743	0.01478	0.00400
5	0.02242	0.04517	0.13985	0.09511	0.20350	0.08777	0.08196	0.17505	0.03447	0.02195	0.00782	0.00957	0.00609	0.00402	0.00402	0.00118	0.03010	0.01357	0.01085	0.00552
6	0.00853	0.04907	0.03052	0.00831	0.09909	0.00643	0.00580	0.16401	0.00995	0.08410	0.01623	0.42726	0.04334	0.00829	0.00433	0.00135	0.00315	0.02231	0.00338	0.00455
7	0.00467	0.00335	0.00443	0.00529	0.00555	0.00312	0.00354	0.00534	0.00739	0.00981	0.02170	0.83611	0.05163	0.01194	0.00488	0.00155	0.00222	0.01081	0.00356	0.00312
8	0.04259	0.03583	0.01074	0.00840	0.01106	0.11978	0.00680	0.48157	0.12903	0.06427	0.00977	0.01007	0.00726	0.02862	0.00427	0.00122	0.01590	0.00344	0.00347	0.00591
9	0.00754	0.00518	0.00592	0.00532	0.00684	0.00495	0.00411	0.14128	0.01085	0.08273	0.23476	0.09637	0.33173	0.00805	0.00435	0.00126	0.00242	0.01539	0.02681	0.00414
10	0.16697	0.06179	0.18256	0.00775	0.01060	0.02420	0.02657	0.17158	0.00979	0.08466	0.00999	0.11379	0.00885	0.03685	0.03975	0.00152	0.01406	0.02094	0.00279	0.00497
11	0.84870	0.00795	0.00590	0.00528	0.00764	0.05041	0.00431	0.01147	0.00674	0.01681	0.00537	0.00626	0.00419	0.00358	0.00243	0.00118	0.00316	0.00210	0.00235	0.00417
12	0.00871	0.01134	0.14272	0.01500	0.06300	0.00951	0.57860	0.01181	0.00858	0.01194	0.00765	0.02130	0.00603	0.01818	0.00520	0.00134	0.06782	0.00423	0.00190	0.00515
13	0.00841	0.00706	0.00981	0.02619	0.01058	0.01545	0.13223	0.07013	0.07242	0.04276	0.04741	0.11621	0.03035	0.02118	0.00404	0.00108	0.00349	0.02149	0.02644	0.33328
14	0.01449	0.00654	0.00849	0.00649	0.00943	0.00559	0.00531	0.03496	0.02079	0.59928	0.02601	0.01298	0.03635	0.00457	0.00367	0.00106	0.00312	0.00372	0.01411	0.18304
15	0.00621	0.00527	0.00669	0.00656	0.00731	0.06549	0.00510	0.00753	0.00649	0.00895	0.00978	0.01426	0.00910	0.02624	0.76133	0.00564	0.03853	0.00397	0.00204	0.00352
16	0.03290	0.21341	0.33795	0.02657	0.03857	0.00989	0.06274	0.02998	0.03048	0.07212	0.04921	0.03812	0.00776	0.00425	0.00378	0.00115	0.03024	0.00339	0.00221	0.00526
17	0.02173	0.00358	0.00458	0.00525	0.00554	0.00347	0.00353	0.00560	0.00714	0.00967	0.01990	0.68005	0.05033	0.11241	0.02438	0.00190	0.01467	0.01987	0.00333	0.00307
18	0.00734	0.00513	0.00604	0.00604	0.00724	0.00535	0.00479	0.04861	0.17421	0.02948	0.09083	0.14430	0.03613	0.00777	0.00423	0.00136	0.00272	0.22393	0.19035	0.00419
19	0.00984	0.25575	0.13755	0.06918	0.09681	0.07371	0.09182	0.08633	0.03916	0.01922	0.05116	0.00953	0.00729	0.00431	0.01587	0.00117	0.02074	0.00322	0.00217	0.00519
20	0.01907	0.31199	0.15668	0.02796	0.04471	0.06347	0.01682	0.07870	0.03207	0.08092	0.00783	0.01948	0.00632	0.00548	0.04825	0.02072	0.02979	0.00297	0.02166	0.00512
21	0.00960	0.00702	0.00830	0.00603	0.00936	0.00561	0.00486	0.06250	0.00899	0.12412	0.00807	0.00871	0.00624	0.00320	0.00304	0.00069	0.00298	0.00256	0.00270	0.71541
22	0.00623	0.00603	0.07638	0.00685	0.03446	0.00514	0.03279	0.01613	0.02384	0.03112	0.17859	0.23530	0.16374	0.06927	0.00619	0.00154	0.06809	0.03127	0.00322	0.00382
23	0.00570	0.00404	0.00575	0.00580	0.00634	0.00413	0.03682	0.00658	0.00685	0.02693	0.01511	0.37395	0.01667	0.15274	0.23023	0.02339	0.01742	0.00716	0.05115	0.00323
24	0.00481	0.00344	0.00437	0.00505	0.00531	0.00322	0.00331	0.00539	0.00715	0.00944	0.02089	0.66932	0.07988	0.15065	0.00725	0.00189	0.00245	0.00984	0.00336	0.00299
25	0.00564	0.00400	0.00483	0.00479	0.00580	0.00360	0.00352	0.00709	0.02664	0.05386	0.33471	0.21641	0.29657	0.00918	0.00456	0.00131	0.00204	0.00799	0.00388	0.00358
26	0.00580	0.00500	0.04709	0.03723	0.00741	0.00440	0.00469	0.06573	0.00842	0.01115	0.04125	0.51089	0.10610	0.05730	0.00550	0.00160	0.00279	0.07075	0.00336	0.00354
27	0.01431	0.00822	0.00955	0.00746	0.01024	0.00835	0.00611	0.40715	0.01400	0.33647	0.01407	0.04429	0.06872	0.00528	0.00391	0.00118	0.00357	0.00420	0.01464	0.01829
28	0.00610	0.00577	0.05911	0.00798	0.11031	0.02702	0.00537	0.02563	0.01602	0.01101	0.03734	0.53814	0.07835	0.00939	0.00448	0.00140	0.00286	0.00840	0.04149	0.00382
29	0.01955	0.03822	0.05571	0.05622	0.08898	0.00637	0.01875	0.03609	0.06191	0.01149	0.06599	0.30009	0.12212	0.03083	0.00532	0.00143	0.06706	0.00676	0.00297	0.00413
30	0.00547	0.03629	0.00593	0.00560	0.00647	0.03128	0.03678	0.00644	0.00809	0.01030	0.07140	0.45174	0.22419	0.04157	0.00519	0.00150	0.00263	0.04242	0.00336	0.00335
31	0.00496	0.00353	0.00432	0.00480	0.00509	0.00333	0.00310	0.00548	0.00703	0.00925	0.04147	0.48642	0.11113	0.28088	0.00946	0.00220	0.00265	0.00881	0.00319	0.00289
32	0.00831	0.03958	0.64205	0.05353	0.04737	0.00929	0.07218	0.06114	0.00876	0.01269	0.00705	0.00843	0.00509	0.00366	0.00370	0.00121	0.00553	0.00302	0.00179	0.00561
33	0.00940	0.01002	0.08948	0.10807	0.24520	0.09491	0.11985	0.02113	0.04700	0.06245	0.02888	0.06165	0.03352	0.02351	0.00454	0.00128	0.02746	0.00419	0.00236	0.00513
34	0.00757	0.00555	0.00649	0.00698	0.00768	0.00492	0.00473	0.00781	0.02046	0.01302	0.09557	0.63088	0.14498	0.01265	0.00589	0.00195	0.00312	0.01063	0.00447	0.00464
35	0.00964	0.00810	0.01043	0.00867	0.01093	0.02687	0.12675	0.17764	0.29248	0.03174	0.09198	0.04397	0.04666	0.00596	0.00423	0.00131	0.00373	0.09006	0.00354	0.00530
36	0.16142	0.10916	0.09544	0.04863	0.15556	0.13579	0.07199	0.07810	0.00916	0.03512	0.00728	0.03857	0.00605	0.00406	0.00368	0.00115	0.02837	0.00320	0.00221	0.00507
37	0.02786	0.03033	0.03182	0.03864	0.08389	0.00799	0.17876	0.13319	0.08807	0.07865	0.13741	0.06097	0.04078	0.00521	0.00406	0.00121	0.00394	0.00479	0.02243	0.02001

[dist]
# distance from previous block
# <min> <max>
1	33

[block]
# block no. 2 follows, 71 sequences, length 43
# corresponding to MSA columns:
# 266-308
name=unknown_C
#
# <colnr> <probs for GDERKNQSTAVLIFYWHMCP>
#	G	D	E	R	K	N	Q	S	T	A	V	L	I	F	Y	W	H	M	C	P
0	0.04733	0.29504	0.01326	0.00748	0.01034	0.11117	0.00642	0.22678	0.04167	0.03281	0.02402	0.00827	0.00640	0.00395	0.00339	0.00096	0.02706	0.00276	0.00258	0.12830
1	0.06650	0.10957	0.04292	0.00622	0.00883	0.00715	0.00532	0.09434	0.00949	0.12843	0.08853	0.03944	0.08503	0.03069	0.01536	0.00115	0.01672	0.00395	0.00300	0.23737
2	0.00584	0.00552	0.07312	0.00594	0.02421	0.00447	0.00462	0.04736	0.02549	0.01194	0.19598	0.30864	0.15958	0.09544	0.00604	0.00160	0.00269	0.01447	0.00340	0.00366
3	0.03632	0.06323	0.05384	0.02355	0.05670	0.11232	0.19118	0.02312	0.06161	0.02558	0.08357	0.14720	0.04298	0.00619	0.01696	0.00133	0.02451	0.02258	0.00266	0.00458
4	0.04086	0.00684	0.00850	0.00682	0.00937	0.01751	0.00551	0.13242	0.01132	0.56542	0.01450	0.11351	0.01075	0.00554	0.00389	0.00121	0.00327	0.00456	0.03226	0.00593
5	0.00977	0.00673	0.00762	0.00646	0.00832	0.00699	0.00509	0.33518	0.01263	0.07362	0.16109	0.11032	0.13115	0.01922	0.03866	0.00145	0.00330	0.00561	0.05192	0.00484
6	0.01824	0.00564	0.00691	0.00609	0.00785	0.00542	0.00476	0.13266	0.01043	0.26335	0.06151	0.19864	0.15154	0.01717	0.04283	0.00155	0.00319	0.03578	0.02169	0.00473
7	0.00842	0.00788	0.01091	0.00995	0.07823	0.07276	0.14108	0.05669	0.01802	0.02393	0.03258	0.10338	0.08822	0.02812	0.04098	0.00158	0.19121	0.00494	0.07676	0.00437
8	0.00652	0.00342	0.00513	0.00513	0.00522	0.00350	0.00350	0.00522	0.00513	0.00693	0.00709	0.01206	0.00701	0.01516	0.11449	0.78331	0.00416	0.00342	0.00171	0.00187
9	0.00666	0.00333	0.00500	0.00500	0.00500	0.00333	0.00333	0.00500	0.00500	0.00666	0.00666	0.01166	0.00666	0.01332	0.01499	0.88844	0.00333	0.00333	0.00167	0.00167
10	0.00698	0.00629	0.01042	0.54976	0.10569	0.00749	0.00915	0.00912	0.00744	0.00987	0.00837	0.06352	0.00730	0.00900	0.15951	0.01420	0.00580	0.00400	0.00190	0.00419
11	0.02257	0.00702	0.00835	0.00672	0.00907	0.01843	0.01921	0.20348	0.05405	0.33548	0.10062	0.01486	0.04295	0.01523	0.00396	0.00118	0.00318	0.00422	0.12385	0.00554
12	0.00724	0.00681	0.01150	0.85604	0.02641	0.00852	0.01065	0.00980	0.00767	0.00980	0.00681	0.01022	0.00511	0.00383	0.00383	0.00128	0.00511	0.00341	0.00170	0.00426
13	0.03543	0.00630	0.00824	0.00649	0.00913	0.00565	0.00530	0.03852	0.03157	0.65607	0.09314	0.01519	0.04217	0.00519	0.00388	0.00119	0.00306	0.00425	0.02322	0.00600
14	0.00495	0.00365	0.00465	0.00529	0.00578	0.00344	0.00369	0.02296	0.00779	0.01020	0.02311	0.64892	0.15010	0.01219	0.04225	0.00172	0.00263	0.03996	0.00350	0.00323
15	0.00770	0.00694	0.01218	0.00980	0.01188	0.00673	0.31198	0.09742	0.00957	0.01297	0.05524	0.24370	0.04617	0.00713	0.00456	0.00138	0.00413	0.10304	0.04313	0.00435
16	0.00672	0.00463	0.00547	0.00506	0.00640	0.00437	0.00386	0.00929	0.10654	0.08827	0.40106	0.04185	0.26841	0.00781	0.00436	0.00124	0.00213	0.00670	0.02180	0.00404
17	0.00836	0.00874	0.01555	0.01209	0.01371	0.01012	0.34628	0.01014	0.00724	0.01044	0.00726	0.05173	0.00675	0.04354	0.00918	0.00160	0.42661	0.00431	0.00191	0.00446
18	0.00672	0.00524	0.00811	0.00729	0.00859	0.00499	0.14065	0.05357	0.02017	0.04841	0.03537	0.46810	0.09737	0.00911	0.00461	0.00142	0.00310	0.04005	0.03323	0.00389
19	0.01445	0.01068	0.01128	0.00870	0.01170	0.02917	0.00717	0.78123	0.01755	0.03674	0.00930	0.00933	0.00660	0.00459	0.00380	0.00114	0.00421	0.00344	0.02250	0.00641
20	0.00508	0.00373	0.00463	0.00498	0.00553	0.00352	0.00342	0.00629	0.03420	0.01103	0.20518	0.44798	0.12606	0.11225	0.00648	0.00170	0.00230	0.00883	0.00357	0.00324
21	0.00499	0.00358	0.00454	0.00498	0.00535	0.00342	0.00334	0.00572	0.00743	0.00996	0.11691	0.47211	0.08892	0.18548	0.06305	0.00223	0.00298	0.00868	0.00329	0.00304
22	0.01082	0.00930	0.02324	0.00770	0.01022	0.08074	0.00623	0.23881	0.14585	0.04431	0.00925	0.01040	0.00734	0.05125	0.00520	0.00119	0.08236	0.00330	0.00297	0.24955
23	0.07162	0.08198	0.54562	0.01063	0.01543	0.00945	0.12216	0.04310	0.00858	0.04650	0.00719	0.00836	0.00519	0.00363	0.00360	0.00119	0.00531	0.00301	0.00193	0.00550
24	0.00943	0.04395	0.08541	0.00700	0.01008	0.07572	0.01893	0.09166	0.02055	0.06164	0.03992	0.02508	0.03342	0.02735	0.00378	0.00095	0.00366	0.01551	0.00263	0.42333
25	0.04476	0.00830	0.00895	0.00740	0.01893	0.04856	0.00584	0.30416	0.09599	0.12191	0.13353	0.05159	0.01245	0.00559	0.01664	0.00120	0.00356	0.00423	0.00364	0.10278
26	0.36211	0.04690	0.00808	0.00628	0.00866	0.02014	0.00507	0.22059	0.00999	0.07028	0.00872	0.07203	0.00751	0.06381	0.00427	0.00131	0.00340	0.00346	0.00294	0.07448
27	0.00751	0.03566	0.06606	0.00649	0.00834	0.01505	0.00554	0.09250	0.03969	0.02953	0.10934	0.11021	0.13277	0.03983	0.03571	0.00152	0.04459	0.10195	0.00313	0.11457
28	0.00730	0.00595	0.00971	0.00818	0.00968	0.00596	0.18245	0.00872	0.00807	0.08867	0.01813	0.29961	0.15903	0.00902	0.04397	0.00163	0.10853	0.00702	0.00300	0.01535
29	0.01019	0.03991	0.04719	0.00716	0.00982	0.03923	0.00602	0.17708	0.10137	0.08377	0.02294	0.01237	0.07007	0.03708	0.00472	0.00113	0.06112	0.00359	0.00300	0.26221
30	0.01075	0.13872	0.01018	0.00709	0.00938	0.05411	0.00582	0.23936	0.13200	0.09411	0.05265	0.09109	0.10564	0.00602	0.00386	0.00119	0.00352	0.02584	0.00345	0.00521
31	0.00617	0.00538	0.04418	0.00571	0.00726	0.00444	0.03528	0.04070	0.00952	0.02665	0.31688	0.18276	0.18584	0.01771	0.00452	0.00126	0.00251	0.00696	0.00354	0.09276
32	0.01164	0.00787	0.04734	0.00760	0.01020	0.00733	0.06641	0.22628	0.05405	0.23004	0.07767	0.04880	0.04599	0.00531	0.00389	0.00117	0.00349	0.01846	0.08186	0.04460
33	0.11700	0.00719	0.00781	0.00662	0.00861	0.00765	0.00522	0.27934	0.08016	0.10848	0.07401	0.06278	0.04879	0.11531	0.00586	0.00156	0.00335	0.04144	0.01388	0.00495
34	0.01073	0.07213	0.08167	0.02127	0.04701	0.02256	0.00677	0.27594	0.05384	0.11471	0.05284	0.13643	0.07556	0.00602	0.00396	0.00122	0.00365	0.00497	0.00340	0.00533
35	0.00540	0.00389	0.00462	0.00494	0.00576	0.00352	0.00351	0.02805	0.00833	0.04190	0.03586	0.46295	0.33206	0.02328	0.00491	0.00146	0.00225	0.02034	0.00360	0.00338
36	0.00491	0.00350	0.00456	0.00524	0.00551	0.00336	0.00353	0.00557	0.00712	0.00947	0.01968	0.63119	0.04762	0.13976	0.05500	0.00214	0.00295	0.04257	0.00329	0.00303
37	0.05387	0.10608	0.04369	0.00968	0.02118	0.18632	0.14688	0.16322	0.09312	0.06439	0.00844	0.00916	0.00641	0.00402	0.00372	0.00111	0.01767	0.00325	0.01659	0.04121
38	0.02537	0.04271	0.04262	0.00986	0.09663	0.09102	0.03684	0.32720	0.06347	0.04161	0.04522	0.00995	0.00773	0.00418	0.00362	0.00105	0.00421	0.00333	0.00301	0.14037
39	0.00911	0.02742	0.00861	0.00810	0.09328	0.04683	0.01821	0.21740	0.04599	0.03304	0.04693	0.03096	0.20850	0.14328	0.00646	0.00157	0.00354	0.00506	0.00313	0.04257
40	0.01497	0.22498	0.03085	0.00663	0.04151	0.03045	0.00519	0.04046	0.08883	0.01149	0.12405	0.13096	0.11790	0.10884	0.00565	0.00146	0.00326	0.00542	0.00289	0.00421
41	0.00651	0.00440	0.00592	0.00663	0.07780	0.00406	0.00435	0.00784	0.00889	0.07293	0.25085	0.33910	0.07886	0.00850	0.00435	0.00129	0.00235	0.00756	0.07646	0.03135
42	0.11536	0.04609	0.04725	0.02091	0.08435	0.14109	0.00633	0.07828	0.04681	0.10041	0.18314	0.07471	0.01394	0.00541	0.00373	0.00117	0.00376	0.00439	0.01807	0.00480

[dist]
# distance from previous block
# <min> <max>
2	18

[block]
# block no. 3 follows, 71 sequences, length 26
# corresponding to MSA columns:
# 327-352
name=unknown_D
#
# <colnr> <probs for GDERKNQSTAVLIFYWHMCP>
#	G	D	E	R	K	N	Q	S	T	A	V	L	I	F	Y	W	H	M	C	P
0	0.00592	0.00568	0.08049	0.00592	0.00705	0.00470	0.00477	0.02967	0.06121	0.02146	0.06692	0.40487	0.14048	0.09039	0.01755	0.00171	0.02661	0.01763	0.00328	0.00368
1	0.01095	0.03506	0.09060	0.05150	0.21915	0.15638	0.16458	0.12880	0.01038	0.04882	0.00808	0.00955	0.01949	0.00392	0.00406	0.00117	0.02629	0.00347	0.00230	0.00546
2	0.00994	0.00949	0.03022	0.11918	0.35353	0.04117	0.20234	0.08624	0.00970	0.05132	0.00835	0.01125	0.00672	0.00393	0.00403	0.00122	0.00505	0.03856	0.00226	0.00552
3	0.00886	0.05146	0.13151	0.02423	0.16204	0.05278	0.11149	0.06342	0.00886	0.05097	0.01054	0.18622	0.01007	0.00673	0.04336	0.00149	0.05253	0.00496	0.01358	0.00491
4	0.02716	0.00391	0.00478	0.00510	0.00581	0.00368	0.00359	0.00678	0.03856	0.03463	0.16659	0.47851	0.15867	0.03740	0.00511	0.00149	0.00223	0.00892	0.00365	0.00343
5	0.06889	0.00679	0.01096	0.02072	0.03764	0.01767	0.21866	0.03415	0.05865	0.05813	0.01202	0.20143	0.01150	0.01120	0.19205	0.00241	0.01578	0.00550	0.01145	0.00440
6	0.00709	0.00539	0.00704	0.00667	0.03412	0.00533	0.04893	0.01042	0.17357	0.07057	0.23784	0.13330	0.20092	0.00834	0.03151	0.00145	0.00285	0.00664	0.00370	0.00431
7	0.00728	0.00711	0.07103	0.10393	0.01157	0.00632	0.11046	0.09769	0.02881	0.02679	0.05261	0.11096	0.25869	0.00727	0.00439	0.00134	0.00362	0.08275	0.00308	0.00429
8	0.00550	0.00394	0.00537	0.00540	0.00581	0.00435	0.00383	0.00633	0.00597	0.00837	0.01121	0.03869	0.01160	0.34417	0.51671	0.00513	0.00761	0.00482	0.00219	0.00300
9	0.00591	0.00484	0.00748	0.00698	0.00772	0.00547	0.06369	0.00719	0.00669	0.00951	0.04696	0.14468	0.01265	0.06782	0.49383	0.00431	0.09310	0.00530	0.00235	0.00353
10	0.00507	0.00366	0.00473	0.00545	0.00583	0.00348	0.00373	0.03692	0.00782	0.01038	0.02123	0.78988	0.05071	0.01163	0.00485	0.00154	0.00231	0.02395	0.00357	0.00326
11	0.00769	0.01983	0.84538	0.01093	0.01659	0.00890	0.01417	0.01214	0.00810	0.01214	0.00688	0.00810	0.00486	0.00364	0.00364	0.00121	0.00567	0.00283	0.00162	0.00567
12	0.01136	0.01115	0.01116	0.05376	0.13312	0.26775	0.05363	0.16644	0.03769	0.03996	0.06782	0.04376	0.02568	0.00478	0.00395	0.00114	0.01874	0.00387	0.03919	0.00505
13	0.01306	0.00602	0.00768	0.00619	0.00849	0.00553	0.00500	0.08468	0.02144	0.48759	0.17937	0.01725	0.06046	0.00561	0.00393	0.00117	0.00287	0.00465	0.07349	0.00553
14	0.00880	0.00838	0.01299	0.46098	0.32889	0.04436	0.01074	0.05806	0.00880	0.01163	0.00706	0.00975	0.00554	0.00373	0.00380	0.00121	0.00493	0.00337	0.00191	0.00507
15	0.02239	0.00696	0.00659	0.00582	0.00748	0.11388	0.00451	0.10312	0.03652	0.12364	0.14094	0.02815	0.13411	0.00583	0.00368	0.00110	0.00300	0.00471	0.24312	0.00445
16	0.11715	0.01024	0.05941	0.00848	0.01099	0.08076	0.03837	0.37571	0.01242	0.06049	0.00906	0.06245	0.00737	0.00639	0.05465	0.00152	0.07239	0.00373	0.00305	0.00538
17	0.00471	0.00359	0.00426	0.00470	0.00535	0.00322	0.00325	0.00552	0.00795	0.01017	0.07270	0.46078	0.32825	0.06021	0.00558	0.00156	0.00218	0.00933	0.00353	0.00314
18	0.02347	0.02005	0.04235	0.00845	0.01041	0.02517	0.05168	0.10967	0.00968	0.27606	0.01888	0.05889	0.04558	0.00596	0.00643	0.00136	0.24341	0.03408	0.00321	0.00520
19	0.05861	0.00627	0.00734	0.00622	0.00827	0.00624	0.00492	0.14368	0.06771	0.27653	0.03193	0.08429	0.16372	0.03519	0.05977	0.00164	0.00347	0.00518	0.02398	0.00504
20	0.10711	0.13982	0.04330	0.02439	0.01282	0.29163	0.18127	0.04724	0.00924	0.01151	0.00681	0.02515	0.00572	0.00502	0.04101	0.00133	0.03675	0.00314	0.00205	0.00469
21	0.00879	0.00743	0.00780	0.00720	0.00888	0.05323	0.00552	0.03946	0.48542	0.03178	0.06245	0.12153	0.01394	0.00832	0.08333	0.00175	0.01452	0.00512	0.02837	0.00515
22	0.00823	0.19897	0.67099	0.01001	0.01517	0.01023	0.01256	0.01200	0.00803	0.01148	0.00655	0.00768	0.00487	0.00357	0.00339	0.00113	0.00534	0.00267	0.00162	0.00551
23	0.01003	0.00932	0.01128	0.00957	0.01042	0.09156	0.02502	0.09319	0.04534	0.05975	0.00714	0.02902	0.00635	0.01844	0.00968	0.00153	0.55187	0.00359	0.00226	0.00464
24	0.00795	0.00580	0.00854	0.00873	0.08933	0.00576	0.07698	0.08564	0.03219	0.09428	0.01625	0.47246	0.01739	0.01755	0.00487	0.00144	0.02385	0.02328	0.00335	0.00435
25	0.01158	0.00598	0.00717	0.00601	0.00799	0.00594	0.00478	0.10969	0.09167	0.30993	0.07377	0.01457	0.01151	0.02440	0.04967	0.00144	0.00322	0.00405	0.25146	0.00518

[dist]
# distance from previous block
# <min> <max>
0	1

[block]
# block no. 4 follows, 71 sequences, length 46
# corresponding to MSA columns:
# 354-399
name=unknown_E
#
# <colnr> <probs for GDERKNQSTAVLIFYWHMCP>
#	G	D	E	R	K	N	Q	S	T	A	V	L	I	F	Y	W	H	M	C	P
0	0.04753	0.03559	0.09396	0.00672	0.02992	0.00545	0.02669	0.02148	0.03826	0.03727	0.08429	0.34101	0.14901	0.00823	0.00439	0.00132	0.01690	0.00716	0.00317	0.04165
1	0.00958	0.14141	0.07888	0.02817	0.02530	0.02880	0.05519	0.10157	0.00922	0.04431	0.00729	0.01744	0.00590	0.00358	0.00358	0.00088	0.03978	0.00280	0.00233	0.39399
2	0.01092	0.03877	0.03867	0.00705	0.00939	0.05510	0.00579	0.29069	0.03014	0.09251	0.02504	0.08062	0.02754	0.06865	0.00494	0.00128	0.01642	0.00417	0.08278	0.10954
3	0.00468	0.00337	0.00442	0.00525	0.00551	0.00313	0.00350	0.00535	0.00737	0.00976	0.02175	0.80665	0.06249	0.03044	0.00519	0.00159	0.00224	0.01066	0.00353	0.00310
4	0.05098	0.04925	0.01014	0.04372	0.17366	0.07352	0.02042	0.02547	0.14678	0.15469	0.02555	0.05755	0.12773	0.00545	0.00399	0.00121	0.01704	0.00455	0.00310	0.00518
5	0.00947	0.03009	0.02797	0.05550	0.51942	0.08078	0.05735	0.02367	0.00890	0.03076	0.00940	0.07623	0.03566	0.00443	0.00398	0.00118	0.01351	0.00410	0.00216	0.00544
6	0.04350	0.00563	0.00739	0.00611	0.00823	0.00516	0.00490	0.03151	0.01035	0.47626	0.21080	0.04520	0.02867	0.00760	0.06925	0.00158	0.00338	0.00483	0.02437	0.00528
7	0.00983	0.00966	0.03321	0.08520	0.29930	0.06766	0.22825	0.04643	0.04990	0.05808	0.02787	0.01189	0.02635	0.00408	0.00405	0.00121	0.00499	0.02426	0.00236	0.00542
8	0.02110	0.05922	0.08334	0.03119	0.45084	0.07182	0.09278	0.03506	0.05977	0.04656	0.00790	0.00949	0.00626	0.00365	0.00375	0.00115	0.00482	0.00339	0.00217	0.00574
9	0.00686	0.00429	0.00536	0.00543	0.00640	0.00399	0.00394	0.04217	0.02192	0.11700	0.09878	0.47164	0.15454	0.00978	0.00458	0.00141	0.00238	0.01904	0.01667	0.00382
10	0.01223	0.00934	0.00998	0.00818	0.01078	0.01046	0.00660	0.45296	0.34350	0.03321	0.01213	0.01199	0.00898	0.00493	0.00385	0.00121	0.00364	0.01608	0.03375	0.00620
11	0.34791	0.11138	0.11967	0.02833	0.04799	0.16685	0.10431	0.01227	0.00811	0.01318	0.00605	0.00731	0.00478	0.00357	0.00310	0.00112	0.00472	0.00262	0.00203	0.00470
12	0.00516	0.00360	0.00445	0.00491	0.00514	0.00347	0.00320	0.00566	0.00683	0.00907	0.03743	0.41444	0.04571	0.36693	0.01099	0.00245	0.00291	0.06176	0.00306	0.00283
13	0.00954	0.04526	0.15760	0.01370	0.03714	0.07874	0.49103	0.05485	0.00941	0.02236	0.00799	0.03957	0.00633	0.00377	0.00416	0.00123	0.00593	0.00411	0.00207	0.00522
14	0.00533	0.00370	0.00461	0.00485	0.00506	0.00374	0.00313	0.00579	0.00630	0.00848	0.02482	0.23292	0.02899	0.48066	0.14222	0.00344	0.00429	0.02628	0.00266	0.00275
15	0.00646	0.00430	0.00540	0.00505	0.00617	0.00396	0.00380	0.03668	0.01046	0.07840	0.55188	0.11501	0.14138	0.00818	0.00449	0.00125	0.00207	0.00715	0.00409	0.00384
16	0.00475	0.00340	0.00452	0.00539	0.00567	0.00318	0.00368	0.00548	0.00745	0.00989	0.02151	0.80113	0.04460	0.01188	0.00491	0.00156	0.00228	0.05201	0.00356	0.00314
17	0.01034	0.00864	0.00912	0.00797	0.01028	0.00991	0.00626	0.14931	0.70416	0.01734	0.01458	0.01349	0.01088	0.00511	0.00389	0.00128	0.00322	0.00419	0.00389	0.00614
18	0.89233	0.00741	0.00564	0.00504	0.00741	0.00860	0.00415	0.01127	0.00653	0.01720	0.00534	0.00623	0.00415	0.00356	0.00237	0.00119	0.00297	0.00208	0.00237	0.00415
19	0.01396	0.00561	0.00728	0.00585	0.00811	0.00500	0.00469	0.01541	0.00989	0.58453	0.01428	0.01419	0.00988	0.06419	0.00465	0.00129	0.00294	0.00391	0.21884	0.00552
20	0.00872	0.00847	0.01384	0.31980	0.46729	0.03721	0.03613	0.01106	0.00844	0.01140	0.00751	0.01088	0.00625	0.00383	0.00387	0.00121	0.00486	0.03209	0.00189	0.00525
21	0.01624	0.00650	0.00871	0.00678	0.00961	0.00575	0.00557	0.01825	0.05532	0.76098	0.05336	0.01384	0.01085	0.00491	0.00389	0.00119	0.00318	0.00402	0.00468	0.00637
22	0.00939	0.00909	0.01557	0.02182	0.72026	0.00910	0.07425	0.01221	0.05544	0.01268	0.00813	0.01018	0.01705	0.00358	0.00387	0.00116	0.00458	0.00361	0.00204	0.00597
23	0.00714	0.00661	0.01104	0.79219	0.02491	0.00819	0.01020	0.00959	0.00766	0.00980	0.00759	0.01217	0.00615	0.02930	0.00436	0.00137	0.00500	0.04074	0.00181	0.00417
24	0.00954	0.00824	0.00867	0.00780	0.00997	0.00954	0.00607	0.02037	0.83441	0.01604	0.01561	0.01431	0.01170	0.00520	0.00390	0.00130	0.00303	0.00433	0.00390	0.00607
25	0.00944	0.00911	0.01574	0.03704	0.79989	0.00912	0.03953	0.01175	0.00872	0.01247	0.00722	0.00953	0.00605	0.00342	0.00382	0.00115	0.00463	0.00345	0.00190	0.00601
26	0.00562	0.00396	0.00497	0.00492	0.00513	0.00425	0.00321	0.00605	0.00576	0.00791	0.01136	0.02169	0.01242	0.59556	0.26416	0.00438	0.02864	0.00508	0.00223	0.00270
27	0.00905	0.01034	0.02262	0.01616	0.02004	0.00970	0.82741	0.01228	0.00905	0.01228	0.00776	0.01034	0.00582	0.00323	0.00452	0.00129	0.00646	0.00452	0.00194	0.00517
28	0.00934	0.02455	0.13922	0.04196	0.08712	0.05436	0.35380	0.02914	0.19452	0.01306	0.00920	0.01056	0.00695	0.00384	0.00407	0.00124	0.00531	0.00393	0.00235	0.00547
29	0.00834	0.00843	0.06542	0.04109	0.34550	0.06050	0.00802	0.01084	0.08057	0.01913	0.07556	0.01519	0.01801	0.20448	0.02140	0.00184	0.00431	0.00424	0.00238	0.00475
30	0.07430	0.03722	0.07379	0.00743	0.00961	0.00807	0.00641	0.11638	0.04674	0.27719	0.02410	0.01263	0.00862	0.11686	0.02611	0.00170	0.14070	0.00376	0.00320	0.00518
31	0.00871	0.00830	0.00980	0.08359	0.01107	0.05825	0.00714	0.01331	0.30514	0.01188	0.03039	0.01293	0.04761	0.03281	0.00780	0.00150	0.33830	0.00404	0.00267	0.00477
32	0.01496	0.00935	0.01020	0.00794	0.01083	0.07362	0.00649	0.37227	0.01371	0.34101	0.01098	0.01042	0.00746	0.00454	0.00398	0.00113	0.02648	0.00345	0.00388	0.06731
33	0.28600	0.01006	0.02356	0.00814	0.01074	0.15627	0.09597	0.12314	0.07163	0.12117	0.05142	0.00986	0.00770	0.00423	0.00343	0.00117	0.00424	0.00326	0.00295	0.00508
34	0.00473	0.00338	0.00452	0.00541	0.00566	0.00317	0.00367	0.00545	0.00740	0.00986	0.02110	0.82830	0.02522	0.01195	0.00491	0.00157	0.00228	0.04473	0.00356	0.00313
35	0.00541	0.00432	0.00472	0.00466	0.00588	0.00398	0.00347	0.00752	0.09559	0.02505	0.15664	0.12916	0.52143	0.00914	0.00450	0.00131	0.00209	0.00778	0.00372	0.00363
36	0.00485	0.00379	0.00434	0.00441	0.00536	0.00334	0.00320	0.00596	0.00896	0.01154	0.25804	0.17504	0.44185	0.04555	0.00522	0.00142	0.00203	0.00814	0.00369	0.00328
37	0.00469	0.00338	0.00445	0.00531	0.00559	0.00314	0.00358	0.00539	0.00742	0.00984	0.02186	0.81432	0.05954	0.01189	0.00489	0.00155	0.00223	0.02424	0.00356	0.00313
38	0.03717	0.00655	0.00882	0.00678	0.00973	0.00570	0.00560	0.01852	0.01087	0.82512	0.01490	0.01289	0.00937	0.00472	0.00382	0.00119	0.00326	0.00382	0.00469	0.00647
39	0.00942	0.01035	0.09373	0.06753	0.48060	0.04209	0.13938	0.02521	0.00884	0.03108	0.00768	0.03007	0.00634	0.00380	0.00414	0.00120	0.02723	0.00369	0.00200	0.00562
40	0.01457	0.01091	0.01149	0.00885	0.01189	0.03098	0.00729	0.81002	0.01786	0.02383	0.00913	0.00915	0.00648	0.00459	0.00383	0.00115	0.00428	0.00343	0.00379	0.00647
41	0.01188	0.04170	0.05080	0.09558	0.08083	0.13962	0.10658	0.26013	0.02436	0.08209	0.00860	0.02391	0.00662	0.02128	0.00437	0.00122	0.02866	0.00355	0.00275	0.00547
42	0.05659	0.15393	0.10734	0.02350	0.08359	0.02960	0.08805	0.10491	0.06251	0.03021	0.01042	0.02650	0.06470	0.03309	0.05368	0.01054	0.01900	0.00373	0.00244	0.03568
43	0.03079	0.10533	0.14078	0.03125	0.03220	0.09125	0.03058	0.09689	0.11571	0.09147	0.00993	0.01873	0.01484	0.10589	0.03430	0.00162	0.02317	0.01033	0.00266	0.01230
44	0.05327	0.08403	0.02307	0.02778	0.04537	0.06248	0.09175	0.11579	0.10589	0.06692	0.02508	0.15551	0.04050	0.04260	0.00459	0.00134	0.00389	0.02461	0.00300	0.02252
45	0.02774	0.05265	0.07032	0.00778	0.07061	0.08629	0.01394	0.02979	0.06931	0.03170	0.10360	0.22630	0.12791	0.03706	0.00474	0.00135	0.01209	0.00618	0.00304	0.01760

[dist]
# distance from previous block
# <min> <max>
1	12

[block]
# block no. 5 follows, 71 sequences, length 11
# corresponding to MSA columns:
# 414-424
name=unknown_F
#
# <colnr> <probs for GDERKNQSTAVLIFYWHMCP>
#	G	D	E	R	K	N	Q	S	T	A	V	L	I	F	Y	W	H	M	C	P
0	0.06156	0.13673	0.04010	0.02554	0.06396	0.08188	0.02232	0.12245	0.15131	0.09112	0.04847	0.05333	0.02313	0.00479	0.00356	0.00112	0.00385	0.00383	0.02458	0.03637
1	0.03587	0.10653	0.20547	0.00917	0.04153	0.03683	0.06745	0.10938	0.06219	0.07615	0.05097	0.02557	0.01762	0.06179	0.00515	0.00134	0.04721	0.00369	0.00259	0.03352
2	0.06678	0.01103	0.04418	0.00838	0.01090	0.21246	0.03895	0.17813	0.15426	0.12063	0.01110	0.06480	0.02342	0.00492	0.00373	0.00116	0.00440	0.00387	0.00318	0.03372
3	0.00758	0.00655	0.00807	0.02575	0.00935	0.00523	0.02704	0.00926	0.00807	0.01229	0.04769	0.04377	0.04400	0.00385	0.00336	0.00073	0.02181	0.00319	0.00243	0.70998
4	0.05396	0.07555	0.52347	0.02809	0.01500	0.00889	0.10223	0.02488	0.00851	0.03816	0.05265	0.01035	0.03356	0.00404	0.00368	0.00120	0.00507	0.00337	0.00203	0.00530
5	0.01232	0.07565	0.08708	0.03064	0.03745	0.15054	0.00764	0.28265	0.13814	0.08898	0.02768	0.01018	0.00770	0.00490	0.02038	0.00123	0.00463	0.00338	0.00311	0.00571
6	0.00533	0.00379	0.00463	0.00482	0.00511	0.00379	0.00316	0.00587	0.00685	0.00926	0.08337	0.27630	0.08027	0.39143	0.05386	0.00269	0.02899	0.00729	0.02032	0.00287
7	0.02879	0.11507	0.19301	0.01124	0.12440	0.06695	0.10729	0.03571	0.05558	0.14717	0.00900	0.03120	0.00688	0.00401	0.00364	0.00113	0.00465	0.00343	0.00251	0.04836
8	0.00467	0.00334	0.00445	0.00534	0.00556	0.00311	0.00356	0.00534	0.00734	0.00979	0.02113	0.86275	0.02536	0.01201	0.00489	0.00156	0.00222	0.01090	0.00356	0.00311
9	0.03805	0.18883	0.15544	0.00993	0.04029	0.45474	0.03799	0.01365	0.00951	0.01022	0.00606	0.00715	0.00497	0.00371	0.00331	0.00101	0.00592	0.00254	0.00186	0.00482
10	0.01356	0.13236	0.01272	0.00861	0.01148	0.03701	0.00726	0.63624	0.01559	0.02062	0.00829	0.00865	0.00615	0.00453	0.00419	0.00113	0.05897	0.00322	0.00333	0.00608

[dist]
# distance from previous block
# <min> <max>
0	1

[block]
# block no. 6 follows, 71 sequences, length 15
# corresponding to MSA columns:
# 426-440
name=unknown_G
#
# <colnr> <probs for GDERKNQSTAVLIFYWHMCP>
#	G	D	E	R	K	N	Q	S	T	A	V	L	I	F	Y	W	H	M	C	P
0	0.00988	0.66289	0.18922	0.00754	0.01130	0.01377	0.00815	0.04082	0.00822	0.01020	0.00579	0.00666	0.00496	0.00340	0.00275	0.00091	0.00443	0.00226	0.00171	0.00513
1	0.00564	0.00435	0.00552	0.00585	0.00647	0.00453	0.00422	0.00780	0.11345	0.01106	0.09525	0.51268	0.05294	0.02380	0.06432	0.00185	0.04064	0.03256	0.00346	0.00361
2	0.00489	0.00345	0.00448	0.00522	0.00544	0.00327	0.00347	0.00549	0.00711	0.00947	0.01960	0.68828	0.02333	0.15304	0.00733	0.00192	0.00253	0.04532	0.00335	0.00300
3	0.00471	0.00335	0.00444	0.00529	0.00550	0.00314	0.00351	0.00535	0.00727	0.00969	0.02075	0.82707	0.02487	0.04836	0.00552	0.00165	0.00229	0.01067	0.00351	0.00308
4	0.00791	0.09137	0.77574	0.01056	0.01602	0.00943	0.01352	0.01209	0.00807	0.01188	0.00675	0.00793	0.00486	0.00361	0.00354	0.00118	0.00553	0.00277	0.00162	0.00560
5	0.00856	0.00812	0.01377	0.32356	0.51844	0.00874	0.01117	0.01092	0.00835	0.01150	0.00752	0.01091	0.00628	0.00381	0.00386	0.00121	0.00472	0.03133	0.00188	0.00533
6	0.00793	0.00658	0.00772	0.00569	0.00884	0.00506	0.00452	0.00975	0.02317	0.02896	0.03983	0.04531	0.00788	0.00350	0.00303	0.00066	0.00279	0.00289	0.00248	0.78342
7	0.00770	0.00827	0.06426	0.02023	0.04814	0.03124	0.21938	0.03421	0.02211	0.01210	0.15961	0.04771	0.09856	0.02424	0.03582	0.00155	0.15274	0.00510	0.00261	0.00442
8	0.00552	0.00393	0.00528	0.00528	0.00566	0.00431	0.00369	0.00628	0.00590	0.00825	0.01108	0.01952	0.01152	0.40060	0.48086	0.00508	0.00736	0.00476	0.00217	0.00293
9	0.00840	0.11744	0.50713	0.00979	0.01423	0.00955	0.05622	0.04294	0.11869	0.01277	0.03237	0.01041	0.03519	0.00414	0.00365	0.00118	0.00489	0.00335	0.00216	0.00550
10	0.02773	0.08827	0.04812	0.00944	0.09287	0.02866	0.00730	0.39592	0.03806	0.11428	0.01054	0.04072	0.03341	0.00467	0.00368	0.00112	0.00399	0.00368	0.00330	0.04422
11	0.03584	0.00490	0.03164	0.00532	0.00673	0.00414	0.02955	0.00727	0.02639	0.03930	0.10792	0.21855	0.38661	0.00895	0.00444	0.00133	0.00245	0.03749	0.00347	0.03772
12	0.50365	0.06152	0.14291	0.00671	0.00972	0.03532	0.00639	0.04427	0.06045	0.08715	0.00725	0.00776	0.00537	0.00382	0.00290	0.00117	0.00367	0.00256	0.00255	0.00487
13	0.04347	0.35536	0.17377	0.00903	0.04810	0.18414	0.01885	0.05295	0.02052	0.03792	0.00675	0.00796	0.00554	0.00376	0.00315	0.00101	0.00494	0.01564	0.00202	0.00511
14	0.00852	0.12062	0.44946	0.00983	0.06064	0.03742	0.01038	0.05591	0.00886	0.03716	0.04900	0.09421	0.02078	0.00513	0.01473	0.00125	0.00478	0.00391	0.00222	0.00521

[dist]
# distance from previous block
# <min> <max>
4	47

[block]
# block no. 7 follows, 71 sequences, length 59
# corresponding to MSA columns:
# 496-521,524-556
name=unknown_H
#
# <colnr> <probs for GDERKNQSTAVLIFYWHMCP>
#	G	D	E	R	K	N	Q	S	T	A	V	L	I	F	Y	W	H	M	C	P
0	0.02901	0.14223	0.44422	0.08866	0.01533	0.01012	0.02627	0.13771	0.00965	0.05158	0.00736	0.00840	0.00536	0.00380	0.00351	0.00115	0.00500	0.00293	0.00214	0.00555
1	0.02091	0.27652	0.13229	0.00882	0.05937	0.13118	0.01616	0.07157	0.04814	0.02155	0.00848	0.05294	0.00762	0.03123	0.07373	0.00157	0.00510	0.02571	0.00222	0.00488
2	0.00455	0.00386	0.00393	0.00397	0.00521	0.00324	0.00296	0.00553	0.00871	0.01042	0.05220	0.07464	0.78819	0.00978	0.00455	0.00131	0.00195	0.00820	0.00357	0.00324
3	0.00824	0.05736	0.00881	0.00588	0.00921	0.00597	0.00479	0.02777	0.00812	0.01249	0.00675	0.00788	0.00564	0.00298	0.00302	0.00062	0.01897	0.00230	0.00226	0.80093
4	0.00898	0.05877	0.27510	0.01764	0.06967	0.00747	0.03867	0.05674	0.01765	0.11126	0.04807	0.06987	0.08504	0.00500	0.00377	0.00113	0.00404	0.00420	0.00267	0.11427
5	0.07744	0.13225	0.21270	0.03097	0.04857	0.03997	0.02700	0.15679	0.02145	0.06182	0.08053	0.02491	0.00872	0.00445	0.00384	0.00115	0.03352	0.00344	0.01312	0.01735
6	0.00467	0.00334	0.00445	0.00534	0.00556	0.00311	0.00356	0.00534	0.00734	0.00979	0.02113	0.86275	0.02536	0.01201	0.00489	0.00156	0.00222	0.01090	0.00356	0.00311
7	0.00954	0.00865	0.01453	0.24039	0.31133	0.00912	0.15158	0.12503	0.00982	0.03487	0.00824	0.03559	0.00667	0.00403	0.00399	0.00122	0.00487	0.01285	0.00226	0.00539
8	0.02114	0.20126	0.20313	0.00987	0.08538	0.07868	0.02105	0.17179	0.01064	0.12157	0.01681	0.01998	0.01407	0.00410	0.00348	0.00109	0.00460	0.00315	0.00260	0.00562
9	0.00474	0.00363	0.00470	0.00520	0.00577	0.00329	0.02051	0.00555	0.00777	0.01006	0.03701	0.62925	0.22607	0.01120	0.00479	0.00148	0.00224	0.01002	0.00354	0.00319
10	0.01050	0.81602	0.01953	0.00676	0.00996	0.06583	0.00661	0.01171	0.00798	0.00904	0.00537	0.00620	0.00492	0.00332	0.00252	0.00083	0.00427	0.00208	0.00166	0.00489
11	0.00776	0.00654	0.00768	0.00562	0.00876	0.00503	0.00446	0.00941	0.00781	0.01224	0.00723	0.00884	0.00616	0.02478	0.04380	0.00092	0.00319	0.00247	0.02190	0.80541
12	0.01432	0.01827	0.01087	0.00988	0.01185	0.84986	0.00741	0.01531	0.01087	0.00938	0.00593	0.00691	0.00494	0.00395	0.00346	0.00099	0.00691	0.00247	0.00198	0.00444
13	0.01230	0.13609	0.08464	0.01092	0.11047	0.34487	0.02065	0.09270	0.01024	0.06857	0.00699	0.00802	0.00555	0.00408	0.00413	0.00109	0.06850	0.00284	0.00224	0.00515
14	0.00900	0.01017	0.02192	0.01565	0.01951	0.00947	0.78763	0.01215	0.00900	0.01229	0.00771	0.01023	0.00581	0.00321	0.00444	0.00126	0.00629	0.00442	0.00196	0.04788
15	0.00799	0.00685	0.00797	0.00574	0.00911	0.00523	0.00459	0.00995	0.03074	0.01259	0.00706	0.00813	0.00585	0.00290	0.00287	0.00059	0.00284	0.00233	0.00232	0.86435
16	0.01923	0.00827	0.02085	0.11413	0.08436	0.03651	0.09829	0.07863	0.10812	0.26219	0.02142	0.01836	0.00809	0.00424	0.00380	0.00115	0.00408	0.00372	0.00321	0.10137
17	0.00467	0.00334	0.00445	0.00534	0.00556	0.00311	0.00356	0.00534	0.00734	0.00979	0.02113	0.86275	0.02536	0.01201	0.00489	0.00156	0.00222	0.01090	0.00356	0.00311
18	0.01323	0.03461	0.01131	0.05891	0.04115	0.18336	0.03284	0.30333	0.11021	0.13648	0.00976	0.01008	0.00714	0.01420	0.00404	0.00118	0.01578	0.00343	0.00323	0.00573
19	0.03351	0.43504	0.04172	0.00754	0.01030	0.19742	0.03017	0.04530	0.00892	0.05625	0.00692	0.00855	0.00600	0.06552	0.00414	0.00113	0.00468	0.00268	0.01894	0.01528
20	0.00524	0.02584	0.00533	0.00530	0.00590	0.00411	0.00383	0.00616	0.00711	0.00955	0.03909	0.32858	0.13398	0.11352	0.25295	0.00308	0.01261	0.01841	0.01620	0.00321
21	0.01025	0.86756	0.02009	0.00656	0.00984	0.01517	0.00656	0.01148	0.00779	0.00902	0.00533	0.00615	0.00492	0.00328	0.00246	0.00082	0.00410	0.00205	0.00164	0.00492
22	0.01219	0.04148	0.07859	0.00886	0.01118	0.42166	0.00739	0.15415	0.02067	0.03567	0.04311	0.01139	0.01849	0.00582	0.04229	0.00134	0.01714	0.04687	0.01687	0.00483
23	0.00670	0.00435	0.00512	0.00486	0.00617	0.00387	0.00366	0.03325	0.00949	0.12080	0.18780	0.17797	0.40367	0.00894	0.00448	0.00131	0.00221	0.00767	0.00385	0.00382
24	0.00848	0.00944	0.02006	0.01461	0.01796	0.00893	0.70344	0.01134	0.00880	0.01191	0.00991	0.09073	0.03368	0.00434	0.00477	0.00133	0.02804	0.00520	0.00213	0.00489
25	0.00479	0.00342	0.00448	0.00525	0.00552	0.00321	0.00353	0.00548	0.00739	0.00985	0.04636	0.74038	0.04033	0.07310	0.00594	0.00170	0.00235	0.03035	0.00349	0.00309
