[name]
unknown

[dist]
# distance from previous block
# <min> <max>
9	71

[block]
# block no. 0 follows, 74 sequences, length 27
# corresponding to MSA columns:
# 87-113
name=unknown_A
#
# <colnr> <probs for GDERKNQSTAVLIFYWHMCP>
#	G	D	E	R	K	N	Q	S	T	A	V	L	I	F	Y	W	H	M	C	P
0	0.26082	0.04241	0.00994	0.04613	0.05672	0.09321	0.06629	0.14414	0.06871	0.05030	0.00766	0.00891	0.00601	0.03075	0.02200	0.00127	0.01668	0.00297	0.00255	0.06252
1	0.03674	0.03634	0.04619	0.01631	0.04233	0.05614	0.03195	0.17340	0.04830	0.08188	0.01062	0.07035	0.03344	0.05037	0.00456	0.01896	0.00366	0.03364	0.00283	0.20199
2	0.03643	0.00749	0.03274	0.03363	0.06470	0.05725	0.05362	0.12442	0.07189	0.08882	0.18697	0.03730	0.11556	0.01670	0.01994	0.00127	0.00350	0.00480	0.00322	0.03975
3	0.04125	0.02608	0.05977	0.00801	0.03497	0.08289	0.03367	0.19863	0.06643	0.06524	0.03424	0.04678	0.04352	0.03359	0.00458	0.00116	0.05670	0.00372	0.00283	0.15597
4	0.08169	0.08550	0.01001	0.02537	0.04959	0.04131	0.03366	0.24271	0.08932	0.05692	0.01075	0.06177	0.03414	0.07127	0.00471	0.00130	0.00370	0.02700	0.00295	0.06633
5	0.01889	0.09267	0.04669	0.02413	0.13298	0.08532	0.08413	0.11516	0.02227	0.02163	0.02394	0.10767	0.03395	0.13738	0.00641	0.03128	0.00418	0.00449	0.00244	0.00440
6	0.02870	0.03566	0.06226	0.02360	0.27077	0.18689	0.07638	0.09626	0.02970	0.02774	0.03669	0.01819	0.00688	0.00391	0.00385	0.00108	0.03191	0.00327	0.00224	0.05401
7	0.13548	0.05162	0.06063	0.00971	0.10216	0.08666	0.08607	0.18230	0.04803	0.01455	0.00860	0.00962	0.04164	0.01462	0.00375	0.00109	0.02271	0.00317	0.00248	0.11510
8	0.03104	0.00462	0.00585	0.00537	0.00650	0.00454	0.00402	0.02659	0.00775	0.11920	0.10756	0.13069	0.06857	0.13593	0.15449	0.03643	0.03061	0.01315	0.03007	0.07703
9	0.04203	0.05278	0.00760	0.02052	0.13301	0.01666	0.01829	0.00792	0.00793	0.04492	0.14379	0.29669	0.03240	0.10200	0.00589	0.01222	0.00299	0.04559	0.00298	0.00378
10	0.04654	0.12708	0.17088	0.10800	0.06995	0.09607	0.13645	0.03979	0.02281	0.06096	0.02494	0.01015	0.03243	0.00399	0.00376	0.00113	0.02517	0.01289	0.00213	0.00491
11	0.00962	0.00992	0.08473	0.02889	0.35015	0.05245	0.11038	0.12849	0.03987	0.02951	0.00901	0.05328	0.01728	0.00438	0.00411	0.00119	0.03078	0.02819	0.00235	0.00539
12	0.00550	0.00367	0.00432	0.00435	0.00474	0.00350	0.00277	0.00598	0.00682	0.03770	0.11364	0.16145	0.11760	0.49749	0.01265	0.00261	0.00293	0.00662	0.00288	0.00276
13	0.00833	0.26672	0.45574	0.02666	0.07195	0.01033	0.04491	0.01159	0.03173	0.01092	0.00682	0.02626	0.00547	0.00361	0.00327	0.00107	0.00484	0.00285	0.00171	0.00521
14	0.00994	0.03933	0.04722	0.08406	0.22978	0.03763	0.13252	0.11262	0.07346	0.07960	0.03351	0.02609	0.00757	0.00449	0.01523	0.00124	0.05418	0.00371	0.00249	0.00532
15	0.00569	0.00421	0.00570	0.00573	0.03170	0.00428	0.03496	0.00648	0.03031	0.00876	0.05161	0.10362	0.08411	0.37410	0.14149	0.07930	0.01697	0.00559	0.00246	0.00291
16	0.01204	0.00806	0.00887	0.00742	0.00976	0.03413	0.00594	0.26099	0.27148	0.21302	0.01381	0.07638	0.02594	0.00545	0.00386	0.00121	0.00338	0.02868	0.00385	0.00573
17	0.04682	0.17974	0.10520	0.01387	0.32669	0.10514	0.03968	0.08962	0.00929	0.04065	0.00684	0.00812	0.00548	0.00351	0.00334	0.00104	0.00463	0.00289	0.00206	0.00539
18	0.00905	0.02252	0.01418	0.11026	0.48665	0.02999	0.10772	0.02738	0.01886	0.03602	0.03375	0.01038	0.02222	0.00367	0.00380	0.00111	0.01128	0.00355	0.00207	0.04554
19	0.00508	0.00378	0.00444	0.00437	0.00529	0.00341	0.00318	0.00636	0.01752	0.02378	0.35763	0.11646	0.33948	0.07601	0.00552	0.00142	0.00202	0.00733	0.01364	0.00328
20	0.00798	0.20194	0.67223	0.00967	0.01466	0.00992	0.01214	0.01162	0.00777	0.01111	0.00634	0.00743	0.00472	0.00345	0.00328	0.00109	0.00516	0.00258	0.00157	0.00533
21	0.05180	0.39120	0.14744	0.03314	0.03206	0.06994	0.00746	0.08852	0.02559	0.03954	0.03830	0.00877	0.00669	0.04075	0.00368	0.00109	0.00425	0.00276	0.00212	0.00488
22	0.00544	0.00383	0.00499	0.00564	0.03555	0.00366	0.00371	0.01591	0.02158	0.03309	0.06077	0.50147	0.10977	0.09984	0.03742	0.03984	0.00273	0.00834	0.00321	0.00321
23	0.00700	0.00582	0.00632	0.00606	0.00741	0.02735	0.00460	0.05008	0.29576	0.01277	0.08971	0.17811	0.17847	0.01966	0.05524	0.00161	0.00308	0.04317	0.00348	0.00428
24	0.05312	0.67164	0.07409	0.00684	0.00993	0.03957	0.00679	0.01167	0.05292	0.00971	0.00581	0.00661	0.00508	0.00344	0.00286	0.00089	0.03028	0.00221	0.00175	0.00480
25	0.01945	0.05187	0.08036	0.00958	0.05280	0.06468	0.03791	0.08219	0.12166	0.01183	0.01901	0.03494	0.00712	0.02017	0.01618	0.00140	0.33084	0.00353	0.00226	0.03222
26	0.00722	0.00584	0.00719	0.00608	0.02052	0.02070	0.00468	0.03043	0.00773	0.03259	0.06753	0.05433	0.00971	0.01089	0.24654	0.00225	0.02170	0.00355	0.00241	0.43809

[dist]
# distance from previous block
# <min> <max>
0	1

[block]
# block no. 1 follows, 74 sequences, length 95
# corresponding to MSA columns:
# 115-209
name=unknown_B
#
# <colnr> <probs for GDERKNQSTAVLIFYWHMCP>
#	G	D	E	R	K	N	Q	S	T	A	V	L	I	F	Y	W	H	M	C	P
0	0.07259	0.00505	0.00563	0.00519	0.00634	0.00517	0.00384	0.10989	0.06414	0.02213	0.27268	0.11756	0.09773	0.15608	0.00658	0.00162	0.00259	0.00595	0.03547	0.00376
1	0.10376	0.04713	0.03239	0.04799	0.15694	0.05635	0.17794	0.10803	0.00942	0.07918	0.01021	0.03600	0.05950	0.00469	0.01206	0.00122	0.02280	0.02692	0.00250	0.00498
2	0.00803	0.00702	0.01026	0.08503	0.24506	0.00658	0.04125	0.02574	0.03966	0.02738	0.05443	0.02270	0.02331	0.05185	0.02118	0.00118	0.00370	0.00349	0.00231	0.31983
3	0.00526	0.00364	0.00440	0.00461	0.00532	0.00330	0.00323	0.00616	0.00802	0.04543	0.15778	0.36506	0.24483	0.09555	0.00590	0.00156	0.00219	0.00821	0.02635	0.00320
4	0.00859	0.00838	0.02634	0.16625	0.58664	0.00847	0.05612	0.02076	0.00851	0.01195	0.05627	0.01042	0.00741	0.00364	0.00376	0.00114	0.00446	0.00356	0.00196	0.00539
5	0.00770	0.00660	0.00770	0.00550	0.00880	0.00495	0.00440	0.00935	0.00770	0.01210	0.00660	0.00770	0.00550	0.00275	0.00275	0.00055	0.00275	0.00220	0.00220	0.89224
6	0.00541	0.00410	0.00604	0.00598	0.00658	0.00481	0.00462	0.00664	0.00592	0.00854	0.00987	0.01493	0.00938	0.07680	0.77625	0.00568	0.03914	0.00404	0.00199	0.00328
7	0.00585	0.00459	0.00540	0.00525	0.00635	0.00458	0.00394	0.00912	0.18276	0.01327	0.38595	0.15111	0.16838	0.00804	0.00433	0.00127	0.00213	0.03003	0.00380	0.00386
8	0.00766	0.00656	0.00766	0.00549	0.00875	0.00493	0.00439	0.00931	0.00774	0.01214	0.01871	0.00799	0.00592	0.00282	0.00277	0.00056	0.00273	0.00226	0.00223	0.87939
9	0.05698	0.00733	0.00888	0.00712	0.00957	0.02261	0.04163	0.19404	0.09196	0.35449	0.05231	0.04881	0.05437	0.02745	0.00418	0.00124	0.00336	0.00429	0.00385	0.00552
10	0.00441	0.00367	0.00385	0.00399	0.00508	0.00311	0.00292	0.00530	0.00824	0.00994	0.03475	0.17387	0.70858	0.00977	0.00445	0.00130	0.00193	0.00829	0.00345	0.00311
11	0.46198	0.00728	0.00734	0.00598	0.00857	0.00769	0.00493	0.11910	0.00932	0.32115	0.00911	0.00881	0.00620	0.00399	0.00300	0.00114	0.00313	0.00281	0.00332	0.00515
12	0.02302	0.00671	0.01130	0.81543	0.03924	0.00828	0.02524	0.00959	0.00744	0.00970	0.00660	0.00982	0.00496	0.00369	0.00370	0.00123	0.00493	0.00330	0.00167	0.00417
13	0.00723	0.00420	0.00500	0.00471	0.00532	0.00407	0.00310	0.03048	0.00691	0.13186	0.02499	0.06665	0.05024	0.59256	0.01416	0.00286	0.00337	0.03638	0.00282	0.00310
14	0.00510	0.00345	0.00413	0.00447	0.00459	0.00336	0.00274	0.00542	0.00616	0.00834	0.01519	0.35820	0.01774	0.49850	0.01270	0.00267	0.00296	0.00737	0.03432	0.00260
15	0.00446	0.00372	0.00389	0.00394	0.00508	0.00315	0.00292	0.00543	0.00849	0.01032	0.09187	0.10551	0.71956	0.00946	0.00442	0.00127	0.00189	0.00799	0.00349	0.00315
16	0.00528	0.00385	0.00497	0.00468	0.00558	0.00357	0.00351	0.00712	0.02238	0.01471	0.80195	0.02783	0.06534	0.00762	0.00437	0.00117	0.00177	0.00672	0.00406	0.00352
17	0.01556	0.00605	0.00823	0.00646	0.00910	0.00524	0.00527	0.01695	0.01038	0.77225	0.03369	0.07198	0.01083	0.00515	0.00382	0.00117	0.00306	0.00427	0.00450	0.00603
18	0.00923	0.00797	0.00839	0.00755	0.00965	0.00923	0.00588	0.01972	0.83969	0.01553	0.01511	0.01385	0.01133	0.00504	0.00378	0.00126	0.00294	0.00420	0.00378	0.00588
19	0.00540	0.00360	0.00405	0.00405	0.00405	0.00360	0.00225	0.00540	0.00540	0.00720	0.01170	0.02429	0.01349	0.86955	0.01889	0.00360	0.00360	0.00540	0.00225	0.00225
20	0.00511	0.00377	0.00526	0.00542	0.00595	0.00410	0.00398	0.00611	0.00626	0.00868	0.01388	0.18111	0.06363	0.13517	0.52879	0.00451	0.00711	0.00566	0.00239	0.00310
21	0.00744	0.01920	0.85032	0.01058	0.01607	0.00862	0.01371	0.01176	0.00784	0.01176	0.00666	0.00784	0.00470	0.00353	0.00353	0.00118	0.00549	0.00274	0.00157	0.00549
22	0.00992	0.87178	0.01945	0.00635	0.00953	0.01469	0.00635	0.01111	0.00754	0.00873	0.00516	0.00595	0.00476	0.00318	0.00238	0.00079	0.00397	0.00198	0.00159	0.00476
23	0.03837	0.00928	0.01015	0.00798	0.01078	0.01010	0.00653	0.55456	0.14306	0.15424	0.01068	0.01019	0.00748	0.00454	0.00369	0.00114	0.00373	0.00350	0.00382	0.00618
24	0.00505	0.00367	0.00440	0.00474	0.00524	0.00347	0.00322	0.02058	0.01843	0.00973	0.06273	0.40045	0.18579	0.20011	0.00788	0.01537	0.00249	0.03265	0.01100	0.00299
25	0.00701	0.00660	0.01113	0.86063	0.02556	0.00825	0.01031	0.00948	0.00742	0.00948	0.00660	0.00990	0.00495	0.00371	0.00371	0.00124	0.00495	0.00330	0.00165	0.00412
26	0.00440	0.00373	0.00380	0.00385	0.00504	0.00313	0.00286	0.00532	0.00837	0.00999	0.03647	0.09075	0.79059	0.00955	0.00441	0.00127	0.00190	0.00801	0.00345	0.00313
27	0.00538	0.00386	0.00450	0.00463	0.00531	0.00368	0.00323	0.00670	0.05075	0.02200	0.12346	0.22668	0.21755	0.21962	0.00792	0.00188	0.00248	0.04158	0.04564	0.00315
28	0.03729	0.00935	0.00979	0.00797	0.01056	0.02585	0.00644	0.46789	0.31253	0.04263	0.01118	0.01074	0.00815	0.00463	0.00367	0.00116	0.00362	0.00361	0.01693	0.00601
29	0.00876	0.01001	0.02190	0.01564	0.01940	0.00939	0.83292	0.01189	0.00876	0.01189	0.00751	0.01001	0.00563	0.00313	0.00438	0.00125	0.00626	0.00438	0.00188	0.00501
30	0.00643	0.00323	0.00482	0.00482	0.00482	0.00323	0.00321	0.00485	0.00485	0.00646	0.00654	0.01151	0.00657	0.02755	0.01458	0.87681	0.00323	0.00326	0.00162	0.00162
31	0.04002	0.02672	0.03449	0.03207	0.11895	0.09282	0.00746	0.42455	0.04355	0.06648	0.00843	0.00889	0.00622	0.00405	0.00353	0.00106	0.00421	0.00313	0.00304	0.07033
32	0.00903	0.54519	0.30603	0.00816	0.01215	0.01239	0.04018	0.01136	0.00769	0.00989	0.00577	0.00676	0.00478	0.00329	0.00285	0.00094	0.00458	0.00234	0.00159	0.00502
33	0.00876	0.01001	0.02190	0.01564	0.01940	0.00939	0.83292	0.01189	0.00876	0.01189	0.00751	0.01001	0.00563	0.00313	0.00438	0.00125	0.00626	0.00438	0.00188	0.00501
34	0.00572	0.00402	0.00509	0.00474	0.00577	0.00372	0.00358	0.00766	0.03618	0.04600	0.70803	0.02751	0.11272	0.00757	0.00434	0.00118	0.00185	0.00663	0.00403	0.00365
35	0.00609	0.00469	0.00577	0.03205	0.00650	0.03385	0.01697	0.03963	0.00650	0.00874	0.02475	0.03414	0.01156	0.43041	0.31828	0.00407	0.00604	0.00473	0.00223	0.00300
36	0.00531	0.00394	0.00577	0.00577	0.00637	0.00453	0.00440	0.00650	0.00591	0.00847	0.01012	0.01557	0.00971	0.11367	0.76960	0.00572	0.00930	0.00412	0.00202	0.00321
37	0.00451	0.00327	0.00426	0.00505	0.00535	0.00302	0.00339	0.00518	0.00722	0.00952	0.02187	0.79890	0.09187	0.01145	0.00471	0.00149	0.00213	0.01033	0.00345	0.00302
38	0.00921	0.00748	0.00904	0.06662	0.00975	0.09344	0.02167	0.07918	0.02621	0.07175	0.00705	0.00981	0.00608	0.00821	0.03573	0.26944	0.26020	0.00327	0.00211	0.00375
39	0.01117	0.01269	0.03445	0.01075	0.11421	0.40260	0.03779	0.04704	0.09259	0.02568	0.06305	0.00982	0.00789	0.00506	0.02828	0.00125	0.08542	0.00324	0.00232	0.00473
40	0.00553	0.00378	0.00549	0.00549	0.00593	0.00423	0.00404	0.00612	0.00567	0.00801	0.00952	0.01530	0.00933	0.14149	0.57963	0.17384	0.00779	0.00403	0.00195	0.00284
41	0.00753	0.00716	0.01222	0.65540	0.21104	0.00840	0.02592	0.00996	0.00768	0.01013	0.00670	0.00974	0.00517	0.00361	0.00372	0.00121	0.00485	0.00332	0.00170	0.00454
42	0.10458	0.00801	0.01083	0.11158	0.04311	0.02335	0.00805	0.00940	0.00614	0.00996	0.00520	0.00812	0.00483	0.00567	0.00964	0.00150	0.62109	0.00311	0.00171	0.00414
43	0.00492	0.00371	0.00473	0.00493	0.00559	0.00369	0.00359	0.00584	0.00707	0.00931	0.05192	0.20163	0.24901	0.11143	0.28079	0.01288	0.00478	0.02825	0.00285	0.00307
44	0.00729	0.00571	0.00686	0.00544	0.00764	0.02013	0.00416	0.00805	0.00686	0.01029	0.00681	0.00917	0.00604	0.00744	0.07468	0.23300	0.00353	0.00261	0.00202	0.57225
45	0.03152	0.00626	0.07599	0.14302	0.10302	0.00608	0.00692	0.00808	0.00672	0.00972	0.03860	0.01262	0.00838	0.01662	0.43527	0.06005	0.02167	0.00368	0.00194	0.00383
46	0.00584	0.00355	0.00458	0.00459	0.00480	0.00353	0.00298	0.00558	0.00582	0.02104	0.04655	0.05744	0.05375	0.37739	0.07233	0.30569	0.00367	0.01631	0.00226	0.00232
47	0.00499	0.00350	0.00412	0.00440	0.00464	0.00335	0.00274	0.00535	0.00643	0.00845	0.03740	0.30482	0.11119	0.46806	0.01223	0.00258	0.00288	0.00741	0.00282	0.00263
48	0.00733	0.00536	0.00636	0.00575	0.00716	0.00554	0.00442	0.02685	0.26778	0.06520	0.52216	0.02217	0.02560	0.00656	0.00414	0.00119	0.00225	0.00569	0.00401	0.00446
49	0.00608	0.00450	0.00630	0.00712	0.11345	0.00427	0.00460	0.00767	0.00944	0.04474	0.50302	0.08447	0.09543	0.02452	0.05663	0.00153	0.00274	0.01612	0.00355	0.00381
50	0.00527	0.00382	0.00479	0.00511	0.00573	0.00362	0.00360	0.01837	0.04139	0.02100	0.17499	0.49077	0.09259	0.06487	0.00546	0.00153	0.00227	0.03401	0.00350	0.01732
51	0.00533	0.00357	0.00407	0.00413	0.00415	0.00355	0.00234	0.00538	0.00553	0.00737	0.01235	0.08748	0.01432	0.80523	0.01783	0.00344	0.00349	0.00578	0.00234	0.00231
52	0.00452	0.00323	0.00431	0.00517	0.00538	0.00301	0.00345	0.00517	0.00711	0.00948	0.02046	0.86713	0.02455	0.01163	0.00474	0.00151	0.00215	0.01055	0.00345	0.00301
53	0.00659	0.00431	0.00527	0.00524	0.00615	0.00414	0.00383	0.03375	0.05278	0.09035	0.13225	0.26766	0.13169	0.15494	0.00690	0.00174	0.00262	0.08274	0.00346	0.00357
54	0.00770	0.00604	0.00656	0.00606	0.00734	0.06057	0.02055	0.11363	0.10180	0.04701	0.15361	0.25733	0.09639	0.05614	0.00498	0.00139	0.00287	0.00654	0.03942	0.00407
55	0.00974	0.01103	0.00772	0.00711	0.00856	0.44762	0.00534	0.01101	0.01027	0.01146	0.31816	0.01690	0.07973	0.00565	0.00378	0.00105	0.00434	0.00443	0.03221	0.00389
56	0.00775	0.00559	0.00635	0.00564	0.00725	0.00557	0.00446	0.17020	0.07580	0.06391	0.25293	0.02561	0.28058	0.00736	0.00422	0.00123	0.00254	0.06495	0.00377	0.00428
57	0.00526	0.00388	0.00457	0.00459	0.00544	0.00362	0.00333	0.02220	0.02950	0.01194	0.29930	0.19366	0.24819	0.07717	0.00549	0.00145	0.00212	0.02259	0.05240	0.00332
58	0.03551	0.00650	0.00737	0.00638	0.00818	0.00684	0.00500	0.22281	0.15124	0.11470	0.16911	0.12950	0.02493	0.01826	0.00411	0.00123	0.00285	0.01562	0.06500	0.00488
59	0.00598	0.00427	0.00598	0.00684	0.00769	0.00427	0.00598	0.00769	0.00854	0.01111	0.01965	0.04187	0.02136	0.01025	0.00513	0.00171	0.00342	0.82141	0.00342	0.00342
60	0.00622	0.00462	0.00547	0.00548	0.00636	0.00467	0.00398	0.06044	0.11119	0.02054	0.07861	0.30762	0.10437	0.15502	0.03060	0.00188	0.00290	0.07016	0.00330	0.01659
61	0.13343	0.00573	0.00627	0.00550	0.00719	0.00588	0.00432	0.11848	0.08782	0.08676	0.32333	0.03296	0.14595	0.00640	0.00387	0.00118	0.00247	0.00531	0.01281	0.00434
62	0.58291	0.00698	0.00664	0.00554	0.00805	0.00746	0.00457	0.03415	0.00802	0.29187	0.00839	0.00829	0.00579	0.00385	0.00281	0.00115	0.00300	0.00261	0.00309	0.00484
63	0.01467	0.00897	0.01020	0.00785	0.01074	0.00945	0.00648	0.55087	0.03036	0.28055	0.02466	0.01048	0.00778	0.00456	0.00373	0.00113	0.00374	0.00354	0.00400	0.00626
64	0.02252	0.00679	0.00734	0.00661	0.00841	0.00756	0.00510	0.04184	0.53660	0.04613	0.09123	0.01724	0.08533	0.05181	0.03119	0.00150	0.00301	0.00470	0.01998	0.00511
65	0.00549	0.00380	0.00501	0.00567	0.00620	0.00370	0.00424	0.02933	0.00781	0.02070	0.01914	0.51902	0.02190	0.05220	0.00543	0.00163	0.00265	0.25176	0.03107	0.00324
66	0.00475	0.00352	0.00446	0.00487	0.00546	0.00322	0.00346	0.00578	0.00829	0.01105	0.23725	0.46767	0.17050	0.01013	0.00460	0.00138	0.00206	0.04477	0.00361	0.00318
67	0.00486	0.00383	0.00439	0.00439	0.00541	0.00343	0.00328	0.00627	0.02764	0.01168	0.29556	0.10961	0.44613	0.02028	0.00462	0.00130	0.00197	0.03841	0.00364	0.00330
68	0.00676	0.00429	0.00541	0.00562	0.00648	0.00414	0.00406	0.03388	0.07218	0.11415	0.01972	0.57200	0.06477	0.02266	0.00472	0.00146	0.00247	0.04787	0.00360	0.00376
69	0.00783	0.00776	0.01206	0.63521	0.13922	0.06027	0.04135	0.01015	0.00776	0.00991	0.00659	0.00956	0.00509	0.00372	0.00395	0.00121	0.02897	0.00328	0.00170	0.00441
70	0.00896	0.00857	0.01460	0.08007	0.77396	0.00868	0.01117	0.01118	0.00842	0.01200	0.02287	0.00959	0.00637	0.00342	0.00369	0.00111	0.00440	0.00337	0.00187	0.00571
71	0.00818	0.00812	0.01415	0.14066	0.28510	0.00902	0.17917	0.01017	0.00748	0.01059	0.00687	0.01001	0.00590	0.03257	0.05747	0.00164	0.20272	0.00362	0.00179	0.00475
72	0.00827	0.00729	0.02369	0.00745	0.02364	0.03613	0.06978	0.10758	0.23054	0.02366	0.09699	0.14290	0.08664	0.00606	0.00393	0.00117	0.00318	0.00528	0.00325	0.11257
73	0.00778	0.02105	0.15594	0.00744	0.02423	0.15774	0.00657	0.04593	0.04120	0.01187	0.16921	0.12737	0.08190	0.02913	0.00446	0.00130	0.00382	0.09603	0.00290	0.00414
74	0.00556	0.00397	0.00521	0.00509	0.00599	0.00405	0.00386	0.00674	0.00737	0.04705	0.11937	0.02263	0.24325	0.08024	0.41837	0.00370	0.00596	0.00547	0.00278	0.00334
75	0.08786	0.00685	0.00860	0.00669	0.00950	0.00642	0.00551	0.09869	0.04016	0.66961	0.01332	0.01177	0.00856	0.00450	0.00362	0.00115	0.00322	0.00357	0.00429	0.00611
76	0.00977	0.00747	0.00812	0.00710	0.00917	0.00832	0.00557	0.10388	0.56576	0.08023	0.09320	0.01494	0.02784	0.00524	0.00379	0.00121	0.00290	0.00435	0.03554	0.00560
77	0.33960	0.00598	0.00579	0.00511	0.00700	0.00624	0.00406	0.09120	0.01707	0.07614	0.09555	0.06626	0.17496	0.00573	0.00335	0.00115	0.00260	0.00449	0.05357	0.03415
78	0.04465	0.00531	0.00657	0.00572	0.00751	0.00497	0.00447	0.03503	0.06445	0.34754	0.13285	0.14687	0.11390	0.03069	0.00443	0.00130	0.00266	0.01964	0.01672	0.00473
79	0.00452	0.00323	0.00431	0.00517	0.00538	0.00301	0.00345	0.00517	0.00711	0.00948	0.02046	0.86713	0.02455	0.01163	0.00474	0.00151	0.00215	0.01055	0.00345	0.00301
80	0.02258	0.00409	0.00450	0.00445	0.00550	0.00397	0.00337	0.02897	0.05042	0.01286	0.17253	0.10402	0.23780	0.00727	0.00380	0.00116	0.00204	0.04511	0.28202	0.00354
81	0.16948	0.00622	0.00687	0.00576	0.00777	0.00630	0.00455	0.13592	0.03189	0.27938	0.02183	0.05951	0.05831	0.08552	0.00486	0.00137	0.00298	0.00414	0.10254	0.00480
82	0.00633	0.02671	0.00522	0.00462	0.00576	0.00447	0.00354	0.02381	0.09494	0.01405	0.37962	0.02226	0.12144	0.00641	0.00373	0.00109	0.00198	0.00545	0.26480	0.00377
83	0.00494	0.00378	0.00453	0.00434	0.00535	0.00337	0.00326	0.00640	0.00977	0.01314	0.55386	0.03061	0.32669	0.00824	0.00438	0.00120	0.00180	0.00712	0.00386	0.00337
84	0.03159	0.00388	0.00460	0.00456	0.00547	0.00357	0.00332	0.00665	0.01727	0.03519	0.36008	0.18385	0.25269	0.06412	0.00530	0.00141	0.00206	0.00740	0.00363	0.00335
85	0.04091	0.00530	0.00605	0.00579	0.00689	0.00548	0.00424	0.17880	0.05490	0.02942	0.04994	0.39553	0.06785	0.10536	0.00590	0.00159	0.00279	0.01707	0.01229	0.00391
86	0.00876	0.01001	0.02190	0.01564	0.01940	0.00939	0.83292	0.01189	0.00876	0.01189	0.00751	0.01001	0.00563	0.00313	0.00438	0.00125	0.00626	0.00438	0.00188	0.00501
87	0.58452	0.00709	0.00670	0.00559	0.00810	0.00762	0.00461	0.05576	0.00820	0.26840	0.00822	0.00817	0.00570	0.00384	0.00280	0.00115	0.00302	0.00260	0.00306	0.00483
88	0.00474	0.00344	0.00427	0.00475	0.00516	0.00319	0.00320	0.00544	0.00736	0.00970	0.09746	0.51487	0.14424	0.15375	0.00702	0.00179	0.00234	0.02105	0.00331	0.00296
89	0.05589	0.00432	0.00533	0.00494	0.00609	0.00405	0.00377	0.00839	0.00941	0.12222	0.46557	0.02597	0.10368	0.09890	0.00578	0.00147	0.00232	0.06443	0.00375	0.00372
90	0.00530	0.00398	0.00597	0.00597	0.00663	0.00464	0.00464	0.00663	0.00597	0.00862	0.00994	0.01458	0.00928	0.02784	0.85484	0.00597	0.00994	0.00398	0.00199	0.00331
91	0.89577	0.00718	0.00546	0.00488	0.00718	0.00833	0.00402	0.01091	0.00632	0.01665	0.00517	0.00603	0.00402	0.00345	0.00230	0.00115	0.00287	0.00201	0.00230	0.00402
92	0.00512	0.00369	0.00473	0.00536	0.00576	0.00355	0.00366	0.05692	0.00777	0.01035	0.02000	0.80094	0.03585	0.01115	0.00467	0.00148	0.00227	0.01006	0.00346	0.00322
93	0.00541	0.00381	0.00449	0.00447	0.00502	0.00369	0.00300	0.02096	0.00714	0.02148	0.10490	0.10816	0.19863	0.38956	0.08123	0.01452	0.00341	0.01437	0.00286	0.00287
94	0.06933	0.00620	0.00665	0.02027	0.00741	0.00677	0.00431	0.18488	0.17370	0.01322	0.02459	0.04400	0.02633	0.38462	0.01035	0.00225	0.00344	0.00468	0.00294	0.00404

[dist]
# distance from previous block
# <min> <max>
0	1

[block]
# block no. 2 follows, 74 sequences, length 28
# corresponding to MSA columns:
# 211-238
name=unknown_C
#
# <colnr> <probs for GDERKNQSTAVLIFYWHMCP>
#	G	D	E	R	K	N	Q	S	T	A	V	L	I	F	Y	W	H	M	C	P
0	0.10363	0.00677	0.00746	0.00632	0.00825	0.00706	0.00491	0.26030	0.06286	0.08688	0.05178	0.14584	0.03348	0.09109	0.03162	0.00154	0.00336	0.00481	0.00329	0.07875
1	0.07105	0.00956	0.03393	0.00886	0.01165	0.05829	0.13147	0.30981	0.15286	0.08400	0.04539	0.02005	0.00840	0.00439	0.00371	0.00115	0.00409	0.00370	0.00322	0.03444
2	0.00539	0.00361	0.00412	0.00412	0.00415	0.00364	0.00234	0.00545	0.00542	0.00725	0.01163	0.02392	0.01333	0.83702	0.05120	0.00369	0.00384	0.00534	0.00224	0.00229
3	0.00497	0.00367	0.00440	0.00454	0.00519	0.00338	0.00321	0.00592	0.00810	0.01071	0.24757	0.19088	0.23504	0.19472	0.00762	0.00181	0.00237	0.05951	0.00336	0.00304
4	0.00526	0.00377	0.00480	0.00535	0.00578	0.00365	0.00366	0.06408	0.00789	0.01056	0.04581	0.75095	0.02322	0.03977	0.00513	0.00154	0.00233	0.00974	0.00345	0.00324
5	0.00710	0.00669	0.01129	0.82669	0.05881	0.00827	0.01035	0.00956	0.00746	0.00959	0.00661	0.00987	0.00499	0.00369	0.00371	0.00123	0.00493	0.00330	0.00166	0.00419
6	0.01388	0.01717	0.01056	0.00949	0.01148	0.79430	0.00716	0.07345	0.01101	0.01011	0.00596	0.00685	0.00489	0.00387	0.00337	0.00097	0.00651	0.00246	0.00204	0.00445
7	0.00489	0.00362	0.00433	0.00461	0.00517	0.00338	0.00314	0.00588	0.02745	0.01015	0.15146	0.36287	0.20880	0.17824	0.00735	0.00180	0.00233	0.00818	0.00332	0.00304
8	0.01411	0.01040	0.01114	0.00854	0.01151	0.01151	0.00706	0.83402	0.01745	0.02339	0.00891	0.00891	0.00631	0.00446	0.00371	0.00111	0.00408	0.00334	0.00371	0.00631
9	0.00514	0.00371	0.00486	0.00474	0.00552	0.00343	0.00349	0.00673	0.01000	0.01408	0.72151	0.15296	0.03346	0.00819	0.00443	0.00122	0.00181	0.00729	0.00399	0.00343
10	0.00477	0.00380	0.00430	0.00429	0.00538	0.00333	0.00327	0.00601	0.00907	0.01159	0.28396	0.05151	0.51924	0.00895	0.00444	0.00127	0.00196	0.06597	0.00364	0.00326
11	0.89577	0.00718	0.00546	0.00488	0.00718	0.00833	0.00402	0.01091	0.00632	0.01665	0.00517	0.00603	0.00402	0.00345	0.00230	0.00115	0.00287	0.00201	0.00230	0.00402
12	0.86713	0.00715	0.00556	0.00494	0.00725	0.00823	0.00407	0.01114	0.00646	0.04377	0.00548	0.00624	0.00419	0.00348	0.00234	0.00115	0.00288	0.00207	0.00237	0.00409
13	0.00452	0.00323	0.00431	0.00517	0.00538	0.00301	0.00345	0.00517	0.00711	0.00948	0.02046	0.86713	0.02455	0.01163	0.00474	0.00151	0.00215	0.01055	0.00345	0.00301
14	0.00493	0.00359	0.00453	0.00503	0.00550	0.00337	0.00345	0.03116	0.00789	0.01051	0.11932	0.62281	0.10489	0.04804	0.00524	0.00152	0.00220	0.00938	0.00348	0.00315
15	0.00466	0.00367	0.00426	0.00465	0.00552	0.00326	0.00348	0.00562	0.00805	0.01001	0.02960	0.29719	0.46695	0.01022	0.00461	0.00140	0.00219	0.12807	0.00344	0.00314
16	0.02476	0.00704	0.02657	0.00680	0.00939	0.03363	0.01495	0.06165	0.07160	0.57126	0.11905	0.01403	0.01212	0.00492	0.00379	0.00115	0.00321	0.00404	0.00421	0.00580
17	0.00510	0.00354	0.00420	0.00440	0.00460	0.00345	0.00273	0.00547	0.00634	0.00844	0.06517	0.23430	0.07066	0.52588	0.03746	0.00285	0.00320	0.00687	0.00273	0.00260
18	0.17911	0.00987	0.00997	0.00782	0.01063	0.03480	0.00644	0.62951	0.01494	0.04918	0.00831	0.00843	0.00594	0.00425	0.00344	0.00112	0.00390	0.00308	0.00343	0.00583
19	0.00992	0.87178	0.01945	0.00635	0.00953	0.01469	0.00635	0.01111	0.00754	0.00873	0.00516	0.00595	0.00476	0.00318	0.00238	0.00079	0.00397	0.00198	0.00159	0.00476
20	0.01347	0.00951	0.01032	0.00809	0.01087	0.01044	0.00663	0.62780	0.12816	0.09490	0.01035	0.01005	0.00734	0.00454	0.00369	0.00113	0.00378	0.00350	0.02927	0.00617
21	0.00464	0.00361	0.00404	0.00427	0.00503	0.00321	0.00298	0.00541	0.00773	0.00968	0.06391	0.24938	0.45439	0.14185	0.00672	0.00168	0.00224	0.02294	0.00329	0.00299
22	0.00598	0.00398	0.00514	0.00481	0.00586	0.00363	0.00368	0.00763	0.01024	0.07103	0.67593	0.02807	0.10916	0.00767	0.00437	0.00120	0.00193	0.04201	0.00403	0.00366
23	0.00822	0.00830	0.03089	0.32176	0.15001	0.03607	0.15396	0.03527	0.10361	0.01156	0.02359	0.01174	0.05243	0.00418	0.00414	0.00122	0.03224	0.00386	0.00217	0.00479
24	0.01125	0.38228	0.08459	0.02567	0.04651	0.28253	0.02092	0.08660	0.00947	0.01063	0.00595	0.00689	0.00497	0.00354	0.00302	0.00094	0.00505	0.00242	0.00190	0.00485
25	0.00900	0.00885	0.01436	0.16842	0.64507	0.04549	0.03249	0.01122	0.00837	0.01153	0.00687	0.00922	0.00566	0.00340	0.00369	0.00112	0.00465	0.00329	0.00181	0.00548
26	0.01906	0.00661	0.00912	0.36636	0.03516	0.00756	0.00751	0.10658	0.13705	0.02298	0.14216	0.01628	0.04061	0.00526	0.00393	0.00124	0.00376	0.06140	0.00283	0.00453
27	0.01043	0.00828	0.00924	0.09812	0.03527	0.04149	0.00652	0.24765	0.31437	0.06285	0.03452	0.04823	0.04151	0.01956	0.00406	0.00124	0.00358	0.00422	0.00341	0.00543

[dist]
# distance from previous block
# <min> <max>
3	5

[block]
# block no. 3 follows, 74 sequences, length 8
# corresponding to MSA columns:
# 244-251
name=unknown_D
#
# <colnr> <probs for GDERKNQSTAVLIFYWHMCP>
#	G	D	E	R	K	N	Q	S	T	A	V	L	I	F	Y	W	H	M	C	P
0	0.00455	0.00329	0.00431	0.00507	0.00537	0.00304	0.00341	0.00526	0.00734	0.00976	0.06077	0.78125	0.07021	0.01131	0.00470	0.00148	0.00212	0.01022	0.00348	0.00304
1	0.00742	0.00630	0.00740	0.00547	0.00850	0.00478	0.00432	0.00898	0.00765	0.01187	0.00780	0.08238	0.00715	0.00352	0.00292	0.00063	0.00270	0.00292	0.00231	0.81497
2	0.00690	0.03875	0.31707	0.00818	0.01093	0.00649	0.02735	0.04404	0.00871	0.01203	0.08539	0.07550	0.01508	0.00699	0.00428	0.00139	0.00407	0.31976	0.00271	0.00436
3	0.00471	0.00355	0.00439	0.00483	0.00549	0.00322	0.00349	0.00569	0.00811	0.01056	0.14648	0.43779	0.26027	0.01028	0.00462	0.00140	0.00212	0.07630	0.00354	0.00315
4	0.05214	0.09516	0.30686	0.00986	0.03236	0.13954	0.06856	0.08581	0.09028	0.01251	0.00727	0.00829	0.00559	0.00394	0.00406	0.00114	0.06644	0.00294	0.00210	0.00515
5	0.03118	0.18360	0.04242	0.02567	0.01117	0.36067	0.00713	0.16242	0.06544	0.01229	0.00690	0.00772	0.00556	0.00443	0.01913	0.00111	0.04334	0.00269	0.00228	0.00487
6	0.00924	0.00940	0.01526	0.06726	0.52666	0.06515	0.15789	0.01179	0.03778	0.01178	0.00720	0.00931	0.00587	0.00345	0.00395	0.00113	0.02365	0.00344	0.00191	0.02789
7	0.03343	0.62317	0.01667	0.00742	0.03925	0.15191	0.00651	0.01194	0.03932	0.00953	0.02779	0.00706	0.00583	0.00348	0.00269	0.00087	0.00431	0.00231	0.00182	0.00472

[dist]
# distance from previous block
# <min> <max>
0	2

[block]
# block no. 4 follows, 74 sequences, length 28
# corresponding to MSA columns:
# 254-281
name=unknown_E
#
# <colnr> <probs for GDERKNQSTAVLIFYWHMCP>
#	G	D	E	R	K	N	Q	S	T	A	V	L	I	F	Y	W	H	M	C	P
0	0.01026	0.01938	0.01006	0.12752	0.10271	0.28754	0.00732	0.04621	0.15262	0.03040	0.00924	0.01135	0.02223	0.04771	0.03773	0.00143	0.03176	0.02052	0.00240	0.02160
1	0.03522	0.00864	0.01415	0.07378	0.65090	0.00878	0.03327	0.06415	0.00902	0.05559	0.00743	0.00932	0.00596	0.00347	0.00366	0.00112	0.00437	0.00332	0.00210	0.00574
2	0.26500	0.00912	0.01098	0.07739	0.36873	0.09919	0.00826	0.07262	0.00865	0.01372	0.00679	0.00895	0.00562	0.00371	0.00329	0.00113	0.00420	0.02548	0.00215	0.00501
3	0.00523	0.00390	0.00563	0.00567	0.00629	0.00441	0.00431	0.00640	0.00609	0.00861	0.01182	0.05763	0.04753	0.09434	0.70817	0.00535	0.00869	0.00458	0.00215	0.00321
4	0.00497	0.00358	0.00428	0.00451	0.00493	0.00341	0.00299	0.00559	0.00700	0.00920	0.09496	0.24958	0.17563	0.34184	0.04682	0.00243	0.00299	0.02949	0.00298	0.00281
5	0.00515	0.00414	0.00647	0.00703	0.04967	0.00390	0.07987	0.00610	0.00733	0.00983	0.01858	0.74471	0.02186	0.01042	0.00465	0.00146	0.00265	0.00962	0.00322	0.00334
6	0.00457	0.00325	0.00429	0.00511	0.00531	0.00305	0.00338	0.00518	0.00701	0.00935	0.01998	0.82120	0.02395	0.05838	0.00551	0.00162	0.00223	0.01027	0.00338	0.00297
7	0.01479	0.00633	0.00831	0.00662	0.00923	0.00579	0.00541	0.01741	0.11593	0.67456	0.06208	0.01438	0.01124	0.00496	0.00381	0.00118	0.00306	0.02445	0.00443	0.00603
8	0.89577	0.00718	0.00546	0.00488	0.00718	0.00833	0.00402	0.01091	0.00632	0.01665	0.00517	0.00603	0.00402	0.00345	0.00230	0.00115	0.00287	0.00201	0.00230	0.00402
9	0.00701	0.00660	0.01113	0.86063	0.02556	0.00825	0.01031	0.00948	0.00742	0.00948	0.00660	0.00990	0.00495	0.00371	0.00371	0.00124	0.00495	0.00330	0.00165	0.00412
10	0.00460	0.00366	0.00414	0.00434	0.00528	0.00320	0.00318	0.00562	0.00843	0.01063	0.14798	0.23180	0.50468	0.00970	0.00450	0.00132	0.00198	0.03826	0.00354	0.00317
11	0.00479	0.00342	0.00462	0.00548	0.00581	0.00325	0.00392	0.00564	0.00737	0.00978	0.02031	0.71367	0.02396	0.01137	0.00481	0.00154	0.00239	0.16134	0.00344	0.00309
12	0.00478	0.00372	0.00442	0.00498	0.00556	0.01840	0.00352	0.00563	0.00775	0.00994	0.05906	0.54911	0.23406	0.01066	0.00463	0.00143	0.00223	0.06356	0.00344	0.00312
13	0.00505	0.00378	0.00470	0.00457	0.00551	0.00343	0.00345	0.00656	0.00980	0.01335	0.58468	0.06535	0.22373	0.00830	0.00443	0.00123	0.00187	0.04293	0.00388	0.00339
14	0.00495	0.00350	0.00445	0.00476	0.00515	0.00331	0.00321	0.00579	0.00775	0.01055	0.25645	0.40049	0.04639	0.20565	0.00785	0.00188	0.00238	0.01916	0.00336	0.00299
15	0.00505	0.00360	0.00491	0.00577	0.00621	0.00347	0.00435	0.00607	0.00762	0.01006	0.02017	0.57142	0.02341	0.01114	0.00488	0.00158	0.00261	0.30110	0.00344	0.00316
16	0.00540	0.00360	0.00405	0.00405	0.00405	0.00360	0.00225	0.00540	0.00540	0.00720	0.01170	0.02429	0.01349	0.86955	0.01889	0.00360	0.00360	0.00540	0.00225	0.00225
17	0.00531	0.00378	0.00465	0.00491	0.00566	0.00351	0.00351	0.00662	0.03866	0.04066	0.17346	0.40627	0.21319	0.03999	0.00503	0.00145	0.00217	0.03428	0.00357	0.00334
18	0.35943	0.00748	0.00749	0.02264	0.00903	0.00830	0.00521	0.08291	0.27213	0.15838	0.02524	0.01033	0.00798	0.00431	0.00319	0.00118	0.00306	0.00321	0.00329	0.00518
19	0.00553	0.00385	0.00450	0.00442	0.00444	0.00404	0.00265	0.00563	0.00544	0.00734	0.01128	0.02307	0.01288	0.79151	0.05223	0.00359	0.04778	0.00523	0.00221	0.00238
20	0.00863	0.00610	0.00690	0.00623	0.00797	0.00640	0.00481	0.03120	0.37995	0.13209	0.14678	0.09818	0.13589	0.00660	0.00404	0.00125	0.00258	0.00562	0.00386	0.00492
21	0.00583	0.00393	0.00468	0.00466	0.00510	0.00385	0.00312	0.02994	0.00717	0.02939	0.12943	0.09542	0.06084	0.50899	0.01288	0.00266	0.00312	0.08328	0.00287	0.00285
22	0.05053	0.01033	0.01070	0.05252	0.03671	0.13301	0.04364	0.36495	0.17444	0.07112	0.00963	0.00977	0.00704	0.00431	0.00364	0.00114	0.00428	0.00338	0.00322	0.00565
23	0.08856	0.00848	0.04515	0.01431	0.40216	0.00826	0.00849	0.11957	0.06700	0.09519	0.02487	0.01227	0.06157	0.00435	0.00366	0.00115	0.00382	0.02292	0.00269	0.00552
24	0.03090	0.03411	0.03528	0.05441	0.12247	0.24742	0.02748	0.31602	0.04131	0.01530	0.00746	0.00838	0.00573	0.00407	0.00384	0.00109	0.03374	0.00304	0.00260	0.00535
25	0.00613	0.00331	0.00472	0.00476	0.00483	0.00330	0.00315	0.00499	0.00516	0.00686	0.00877	0.06039	0.03024	0.11831	0.03879	0.68520	0.00337	0.00403	0.00185	0.00186
26	0.00901	0.00676	0.00742	0.00642	0.00808	0.00722	0.00488	0.28738	0.16201	0.02525	0.04859	0.13588	0.07740	0.16766	0.00676	0.00166	0.00321	0.00536	0.00338	0.02566
27	0.00697	0.00568	0.00620	0.00593	0.00720	0.00614	0.00439	0.01226	0.39790	0.01226	0.05079	0.11241	0.14004	0.16839	0.00689	0.00174	0.00279	0.04437	0.00340	0.00427

[dist]
# distance from previous block
# <min> <max>
0	5

[block]
# block no. 5 follows, 74 sequences, length 41
# corresponding to MSA columns:
# 287-327
name=unknown_F
#
# <colnr> <probs for GDERKNQSTAVLIFYWHMCP>
#	G	D	E	R	K	N	Q	S	T	A	V	L	I	F	Y	W	H	M	C	P
0	0.00627	0.00531	0.00572	0.00547	0.02156	0.03735	0.00407	0.05614	0.09233	0.01287	0.28911	0.04348	0.36665	0.00774	0.00446	0.00122	0.02637	0.00649	0.00356	0.00383
1	0.00481	0.00363	0.00429	0.00459	0.00521	0.00335	0.00316	0.00585	0.02929	0.01012	0.12240	0.37375	0.27283	0.13142	0.00656	0.00168	0.00225	0.00838	0.00336	0.00308
2	0.00495	0.00377	0.00440	0.00452	0.00532	0.00343	0.00321	0.02589	0.00851	0.01109	0.21902	0.26872	0.33029	0.08283	0.00570	0.00150	0.00213	0.00803	0.00350	0.00319
3	0.46521	0.00719	0.00662	0.00589	0.00804	0.00816	0.00471	0.03197	0.28892	0.04807	0.06004	0.01110	0.03146	0.00446	0.00307	0.00119	0.00284	0.00328	0.00306	0.00473
4	0.00546	0.00398	0.00457	0.00467	0.00541	0.00376	0.00324	0.04110	0.02361	0.02513	0.05049	0.28086	0.28745	0.21774	0.00796	0.00190	0.00254	0.02376	0.00322	0.00315
5	0.00771	0.00491	0.00568	0.00512	0.00659	0.00462	0.00391	0.07547	0.05491	0.15121	0.15023	0.08879	0.33569	0.07381	0.00533	0.00142	0.00248	0.01439	0.00368	0.00405
6	0.26097	0.00763	0.00759	0.00629	0.00852	0.03609	0.00504	0.24798	0.03973	0.16231	0.00973	0.02939	0.00752	0.06673	0.00432	0.00129	0.00333	0.00335	0.08723	0.00495
7	0.00786	0.00532	0.00556	0.00520	0.00658	0.00575	0.00403	0.04933	0.28412	0.01455	0.01441	0.01574	0.04803	0.00504	0.00322	0.00106	0.00231	0.03714	0.48038	0.00437
8	0.08904	0.00492	0.00569	0.00519	0.00666	0.00474	0.00401	0.04640	0.04148	0.14954	0.25755	0.11308	0.20453	0.02185	0.00433	0.00128	0.00238	0.02956	0.00372	0.00407
9	0.02651	0.00676	0.00758	0.00645	0.00832	0.00712	0.00516	0.35031	0.01195	0.10888	0.01255	0.11368	0.01099	0.04207	0.00433	0.00127	0.00315	0.07484	0.19323	0.00486
10	0.00474	0.00374	0.00406	0.00400	0.00497	0.00329	0.00287	0.00569	0.00839	0.01059	0.20451	0.03214	0.53593	0.15090	0.00678	0.00162	0.00214	0.00719	0.00338	0.00307
11	0.03460	0.00536	0.00672	0.00564	0.00754	0.00494	0.00448	0.07074	0.01054	0.35406	0.28711	0.05478	0.12496	0.00643	0.00403	0.00118	0.00255	0.00543	0.00411	0.00480
12	0.00586	0.00397	0.00479	0.00452	0.00567	0.00350	0.00341	0.00722	0.00956	0.08418	0.42560	0.07724	0.33418	0.00824	0.00435	0.00122	0.00194	0.00709	0.00385	0.00358
13	0.89577	0.00718	0.00546	0.00488	0.00718	0.00833	0.00402	0.01091	0.00632	0.01665	0.00517	0.00603	0.00402	0.00345	0.00230	0.00115	0.00287	0.00201	0.00230	0.00402
14	0.00533	0.00387	0.00543	0.00543	0.00591	0.00435	0.00397	0.00628	0.00581	0.00822	0.01043	0.01730	0.01046	0.26313	0.62116	0.00530	0.00817	0.00437	0.00206	0.00302
15	0.00920	0.00890	0.01487	0.04820	0.80752	0.02275	0.01129	0.01139	0.00845	0.01200	0.00695	0.00917	0.00583	0.00333	0.00367	0.00110	0.00446	0.00329	0.00183	0.00580
16	0.00996	0.00757	0.00821	0.00726	0.00942	0.00847	0.00568	0.01885	0.69507	0.12231	0.01608	0.01470	0.04931	0.00518	0.00380	0.00124	0.00292	0.00430	0.00387	0.00581
17	0.00878	0.00840	0.01432	0.18110	0.69130	0.00871	0.01119	0.01103	0.00826	0.01163	0.00691	0.00932	0.00570	0.00338	0.00368	0.00113	0.00451	0.00331	0.00180	0.00555
18	0.00512	0.00352	0.00418	0.00443	0.00457	0.00343	0.00272	0.00543	0.00621	0.00827	0.04422	0.26566	0.04128	0.55449	0.01368	0.00282	0.00307	0.02164	0.00271	0.00256
19	0.01552	0.00768	0.00922	0.00714	0.00992	0.03081	0.00584	0.24275	0.01234	0.57140	0.01272	0.01180	0.00841	0.03155	0.00419	0.00121	0.00353	0.00364	0.00420	0.00613
20	0.01528	0.00777	0.00938	0.00722	0.01005	0.00770	0.00595	0.33149	0.01313	0.49753	0.01234	0.01125	0.00810	0.00453	0.00368	0.00112	0.00346	0.00357	0.04025	0.00620
21	0.02158	0.00511	0.00591	0.00530	0.00685	0.00485	0.00414	0.11144	0.00974	0.15973	0.08498	0.04994	0.33383	0.09513	0.00571	0.00150	0.00271	0.08390	0.00359	0.00407
22	0.02137	0.00402	0.00488	0.00500	0.00582	0.00383	0.00369	0.03855	0.01781	0.01198	0.27287	0.27618	0.17690	0.05745	0.00530	0.00147	0.00228	0.08366	0.00356	0.00336
23	0.00471	0.00336	0.00452	0.00538	0.00567	0.00317	0.00377	0.00549	0.00729	0.00968	0.02036	0.76316	0.02415	0.01146	0.00479	0.00153	0.00231	0.11271	0.00344	0.00307
24	0.22863	0.00583	0.00588	0.00548	0.00703	0.00633	0.00421	0.05331	0.19880	0.01458	0.15374	0.12994	0.08627	0.01984	0.00384	0.00125	0.00252	0.00516	0.06314	0.00420
25	0.00588	0.00449	0.00518	0.00521	0.00615	0.00447	0.00375	0.02885	0.15029	0.02307	0.13550	0.31878	0.19900	0.08505	0.00566	0.00153	0.00236	0.00762	0.00351	0.00366
26	0.00500	0.00382	0.00438	0.00457	0.00549	0.00343	0.00333	0.02882	0.00840	0.02171	0.08788	0.30568	0.44220	0.02336	0.00473	0.00138	0.00212	0.03697	0.00350	0.00325
27	0.00454	0.00324	0.00430	0.00514	0.00535	0.00303	0.00342	0.00517	0.00706	0.00942	0.02024	0.84639	0.02428	0.03274	0.00509	0.00156	0.00219	0.01043	0.00342	0.00300
28	0.02170	0.00567	0.00651	0.00590	0.00722	0.00594	0.00434	0.05210	0.24634	0.14151	0.04770	0.07876	0.01371	0.30046	0.00905	0.00206	0.00317	0.04023	0.00333	0.00430
29	0.02742	0.00422	0.00472	0.00462	0.00530	0.00423	0.00314	0.02853	0.07112	0.01042	0.12175	0.10427	0.15124	0.37495	0.03247	0.00237	0.00299	0.00611	0.03701	0.00312
30	0.00574	0.00464	0.00689	0.02861	0.00765	0.01784	0.03660	0.00705	0.00613	0.00869	0.00959	0.01453	0.00904	0.08166	0.69293	0.00523	0.04780	0.00401	0.00198	0.00338
31	0.01375	0.04262	0.01078	0.00947	0.01142	0.83013	0.00715	0.01471	0.01043	0.00907	0.00572	0.00667	0.00478	0.00381	0.00332	0.00095	0.00661	0.00238	0.00190	0.00432
32	0.00504	0.00376	0.00440	0.00444	0.00527	0.00345	0.00323	0.00626	0.01928	0.01130	0.27185	0.12278	0.31142	0.12669	0.00638	0.00159	0.00220	0.05411	0.03337	0.00317
33	0.04427	0.00622	0.00690	0.00628	0.00774	0.00680	0.00477	0.11635	0.29523	0.03467	0.03507	0.06354	0.05982	0.14688	0.06197	0.04921	0.00355	0.04312	0.00321	0.00440
34	0.00780	0.03879	0.00767	0.00632	0.00791	0.00590	0.05285	0.08785	0.12648	0.08379	0.27226	0.15411	0.09915	0.00735	0.01384	0.01108	0.00279	0.00612	0.00361	0.00434
35	0.01387	0.01769	0.01052	0.00956	0.01148	0.85465	0.00717	0.01482	0.01052	0.00908	0.00574	0.00669	0.00478	0.00383	0.00335	0.00096	0.00669	0.00239	0.00191	0.00430
36	0.01055	0.01161	0.01313	0.01055	0.01254	0.28001	0.20399	0.08447	0.01978	0.01118	0.00656	0.00871	0.00552	0.02962	0.00631	0.00127	0.22448	0.00327	0.00204	0.05442
37	0.00533	0.00388	0.00549	0.00549	0.00599	0.00438	0.00405	0.00632	0.00582	0.00827	0.01038	0.01698	0.01032	0.23608	0.64803	0.00538	0.00837	0.00433	0.00205	0.00305
38	0.00645	0.00322	0.00484	0.00484	0.00484	0.00322	0.00322	0.00484	0.00484	0.00645	0.00645	0.01128	0.00645	0.01289	0.01451	0.89201	0.00322	0.00322	0.00161	0.00161
39	0.00907	0.00712	0.00827	0.03005	0.06243	0.06134	0.03344	0.14170	0.13528	0.06865	0.01975	0.05890	0.01061	0.27037	0.04325	0.01252	0.01553	0.00452	0.00285	0.00434
40	0.00638	0.00452	0.00650	0.03296	0.00745	0.00519	0.00489	0.02985	0.00659	0.05810	0.01036	0.04724	0.00972	0.08276	0.62129	0.00485	0.05135	0.00424	0.00223	0.00355

[dist]
# distance from previous block
# <min> <max>
2	4

[block]
# block no. 6 follows, 74 sequences, length 40
# corresponding to MSA columns:
# 332-371
name=unknown_G
#
# <colnr> <probs for GDERKNQSTAVLIFYWHMCP>
#	G	D	E	R	K	N	Q	S	T	A	V	L	I	F	Y	W	H	M	C	P
0	0.10062	0.00812	0.00891	0.00706	0.00982	0.02039	0.00574	0.25979	0.15878	0.23933	0.01078	0.01028	0.00760	0.00424	0.00344	0.00107	0.00336	0.00329	0.00357	0.13380
1	0.00888	0.00919	0.03585	0.22548	0.36128	0.09797	0.04411	0.02867	0.05119	0.01151	0.03944	0.01071	0.02953	0.00398	0.00394	0.00116	0.02648	0.00353	0.00205	0.00503
2	0.00700	0.00657	0.01107	0.82167	0.04058	0.00816	0.01018	0.00944	0.00740	0.00951	0.00670	0.01001	0.00508	0.00436	0.02672	0.00136	0.00507	0.00332	0.00166	0.00413
3	0.00992	0.87178	0.01945	0.00635	0.00953	0.01469	0.00635	0.01111	0.00754	0.00873	0.00516	0.00595	0.00476	0.00318	0.00238	0.00079	0.00397	0.00198	0.00159	0.00476
4	0.00528	0.00364	0.00452	0.00470	0.00490	0.00372	0.00305	0.00570	0.00595	0.00802	0.01327	0.15632	0.01503	0.54598	0.15118	0.00354	0.00439	0.05572	0.00247	0.00261
5	0.00452	0.00323	0.00431	0.00517	0.00538	0.00301	0.00345	0.00517	0.00711	0.00948	0.02046	0.86713	0.02455	0.01163	0.00474	0.00151	0.00215	0.01055	0.00345	0.00301
6	0.00866	0.00828	0.01411	0.22617	0.64714	0.00868	0.01113	0.01093	0.00820	0.01149	0.00689	0.00936	0.00565	0.00341	0.00368	0.00114	0.00454	0.00331	0.00179	0.00545
