[name]
unknown

[dist]
# distance from previous block
# <min> <max>
0	51

[block]
# block no. 0 follows, 68 sequences, length 9
# corresponding to MSA columns:
# 53-61
name=unknown_A
#
# <colnr> <probs for GDERKNQSTAVLIFYWHMCP>
#	G	D	E	R	K	N	Q	S	T	A	V	L	I	F	Y	W	H	M	C	P
0	0.00783	0.00510	0.00618	0.00600	0.00701	0.00506	0.00441	0.12191	0.00944	0.08515	0.04385	0.29784	0.06713	0.20561	0.00831	0.00203	0.00318	0.10649	0.00355	0.00391
1	0.01162	0.00976	0.03923	0.01392	0.18154	0.00945	0.25778	0.20842	0.03406	0.11143	0.00972	0.01092	0.00714	0.00407	0.00408	0.00122	0.00485	0.00397	0.07086	0.00595
2	0.00603	0.00459	0.00637	0.00601	0.00708	0.00480	0.00461	0.00742	0.00704	0.01023	0.08710	0.01666	0.01226	0.08813	0.58463	0.00489	0.00820	0.00437	0.00239	0.12719
3	0.01006	0.01027	0.13005	0.16259	0.25254	0.03420	0.11994	0.01287	0.02340	0.12484	0.00968	0.01307	0.00772	0.00443	0.00413	0.00129	0.00502	0.06587	0.00246	0.00557
4	0.00916	0.00785	0.00918	0.00972	0.12519	0.00878	0.00645	0.01722	0.57406	0.01457	0.01430	0.01599	0.01168	0.15023	0.00676	0.00175	0.00348	0.00457	0.00347	0.00562
5	0.64036	0.00930	0.00909	0.03571	0.01066	0.10025	0.11960	0.01221	0.00764	0.01594	0.00599	0.00725	0.00466	0.00369	0.00294	0.00122	0.00409	0.00259	0.00232	0.00448
6	0.08798	0.00465	0.00639	0.00645	0.00736	0.00455	0.06648	0.00712	0.00789	0.01120	0.01986	0.45693	0.08235	0.06990	0.00589	0.00173	0.00302	0.14340	0.00334	0.00351
7	0.49902	0.00825	0.00795	0.00800	0.08581	0.03590	0.00579	0.15040	0.00938	0.01731	0.00874	0.07500	0.00790	0.00504	0.00330	0.00128	0.00356	0.05976	0.00283	0.00478
8	0.00716	0.00549	0.00674	0.00718	0.03942	0.00568	0.00515	0.09677	0.13590	0.01316	0.03591	0.41932	0.05256	0.03048	0.00515	0.00157	0.00295	0.12149	0.00368	0.00425

[dist]
# distance from previous block
# <min> <max>
1	3

[block]
# block no. 1 follows, 68 sequences, length 7
# corresponding to MSA columns:
# 65-71
name=unknown_B
#
# <colnr> <probs for GDERKNQSTAVLIFYWHMCP>
#	G	D	E	R	K	N	Q	S	T	A	V	L	I	F	Y	W	H	M	C	P
0	0.00949	0.14378	0.33719	0.01072	0.06193	0.02551	0.09893	0.03780	0.06162	0.05254	0.02499	0.00997	0.02039	0.00396	0.00368	0.00114	0.00491	0.00332	0.00226	0.08586
1	0.00898	0.13118	0.49292	0.01137	0.03812	0.00992	0.13248	0.03820	0.00888	0.04013	0.00808	0.04757	0.00640	0.00411	0.00381	0.00122	0.00544	0.00353	0.00201	0.00563
2	0.00963	0.00997	0.08561	0.13171	0.50404	0.00918	0.08542	0.03782	0.00931	0.04243	0.03157	0.01056	0.00705	0.00381	0.00401	0.00122	0.00492	0.00371	0.00215	0.00587
3	0.02331	0.07461	0.06385	0.05410	0.12829	0.02157	0.11012	0.04581	0.04710	0.15748	0.09351	0.11504	0.02547	0.00559	0.00424	0.00127	0.01527	0.00499	0.00309	0.00530
4	0.00996	0.04274	0.14607	0.08761	0.05535	0.03928	0.45297	0.04016	0.00952	0.06520	0.00815	0.01014	0.00601	0.00365	0.00426	0.00128	0.00599	0.00401	0.00217	0.00549
5	0.00561	0.00409	0.00578	0.00586	0.00638	0.00456	0.00430	0.00666	0.00636	0.00897	0.01204	0.09459	0.01235	0.20290	0.59491	0.00541	0.00844	0.00521	0.00232	0.00327
6	0.00834	0.01774	0.65694	0.01059	0.01562	0.03651	0.04414	0.01233	0.00886	0.04554	0.07064	0.01122	0.03543	0.00434	0.00390	0.00125	0.00541	0.00353	0.00210	0.00559

[dist]
# distance from previous block
# <min> <max>
5	10

[block]
# block no. 2 follows, 68 sequences, length 32
# corresponding to MSA columns:
# 82-113
name=unknown_C
#
# <colnr> <probs for GDERKNQSTAVLIFYWHMCP>
#	G	D	E	R	K	N	Q	S	T	A	V	L	I	F	Y	W	H	M	C	P
0	0.03493	0.10362	0.20045	0.06271	0.24715	0.03935	0.08186	0.03874	0.02204	0.06913	0.00902	0.04353	0.02171	0.00423	0.00382	0.00120	0.00489	0.00371	0.00228	0.00562
1	0.02543	0.14241	0.11012	0.04469	0.15233	0.06402	0.26102	0.02776	0.00917	0.03008	0.03186	0.06669	0.00803	0.00431	0.00398	0.00121	0.00525	0.00415	0.00220	0.00529
2	0.00763	0.00431	0.00404	0.00399	0.00496	0.03706	0.00299	0.00945	0.00851	0.01461	0.03603	0.01490	0.01074	0.00470	0.00286	0.00094	0.00206	0.00375	0.82273	0.00373
3	0.02106	0.07493	0.09988	0.07141	0.13955	0.11790	0.12826	0.02032	0.06215	0.08828	0.04048	0.05153	0.05723	0.00484	0.00399	0.00122	0.00483	0.00426	0.00261	0.00527
4	0.01108	0.04252	0.06338	0.10654	0.19351	0.02233	0.17682	0.17348	0.05397	0.08521	0.00927	0.02787	0.00709	0.00420	0.00406	0.00124	0.00495	0.00392	0.00271	0.00585
5	0.00780	0.00382	0.00391	0.00383	0.00484	0.00378	0.00289	0.00964	0.00844	0.04747	0.01304	0.01473	0.01015	0.00463	0.00282	0.00094	0.00191	0.00371	0.84785	0.00382
6	0.00750	0.06324	0.15489	0.00757	0.00957	0.11266	0.00697	0.00944	0.00791	0.01043	0.07314	0.01446	0.03681	0.01795	0.44516	0.00389	0.00799	0.00402	0.00223	0.00419
7	0.00929	0.06035	0.51346	0.01261	0.12808	0.04412	0.03767	0.03851	0.04740	0.03699	0.00776	0.00898	0.00576	0.00394	0.00403	0.00123	0.02879	0.00315	0.00202	0.00584
8	0.00840	0.05288	0.02268	0.00783	0.00908	0.19676	0.03235	0.00964	0.00765	0.00941	0.00893	0.01311	0.00829	0.04527	0.44609	0.03935	0.06059	0.01574	0.00206	0.00390
9	0.00766	0.00716	0.01203	0.67012	0.14725	0.00852	0.01069	0.01013	0.00807	0.01055	0.00810	0.06747	0.00684	0.00447	0.00403	0.00132	0.00500	0.00405	0.00192	0.00461
10	0.01087	0.72274	0.01980	0.00835	0.06177	0.05867	0.02601	0.03430	0.00860	0.01008	0.00583	0.00680	0.00523	0.00347	0.00277	0.00090	0.00448	0.00233	0.00180	0.00519
11	0.00695	0.00381	0.00603	0.00572	0.00593	0.00380	0.04181	0.00558	0.00540	0.00723	0.00713	0.01232	0.00705	0.02887	0.03494	0.80638	0.00377	0.00356	0.00176	0.00195
12	0.00638	0.00461	0.00587	0.00635	0.00730	0.02041	0.00519	0.00794	0.00935	0.03935	0.15707	0.15950	0.11332	0.01027	0.00511	0.00161	0.00304	0.42986	0.00379	0.00369
13	0.00506	0.00362	0.00482	0.00570	0.00605	0.00342	0.00401	0.00589	0.00780	0.01032	0.02198	0.71261	0.04428	0.02904	0.00541	0.00168	0.00251	0.11889	0.00365	0.00327
14	0.01064	0.02721	0.03396	0.10779	0.29066	0.10587	0.17215	0.06469	0.07877	0.04485	0.00847	0.01019	0.00657	0.00394	0.00415	0.00123	0.01711	0.00371	0.00236	0.00568
15	0.00586	0.00444	0.00643	0.00639	0.00714	0.00515	0.00494	0.00769	0.04490	0.00950	0.01094	0.01588	0.01016	0.05547	0.77885	0.00605	0.01005	0.00431	0.00222	0.00363
16	0.01507	0.01111	0.01190	0.00912	0.01230	0.01230	0.00754	0.82270	0.01864	0.02499	0.00952	0.00952	0.00674	0.00476	0.00397	0.00119	0.00436	0.00357	0.00397	0.00674
17	0.00822	0.00705	0.00822	0.00587	0.00940	0.00529	0.00470	0.00998	0.00822	0.01292	0.00705	0.00822	0.00587	0.00294	0.00294	0.00059	0.00294	0.00235	0.00235	0.88490
18	0.01087	0.00879	0.00936	0.00806	0.01045	0.00989	0.00642	0.25184	0.50240	0.01841	0.01610	0.01615	0.06862	0.00576	0.00412	0.00132	0.00344	0.03794	0.00397	0.00610
19	0.00557	0.00405	0.00524	0.00495	0.00590	0.00372	0.00371	0.00740	0.01113	0.01567	0.79858	0.03000	0.07280	0.00819	0.00468	0.00125	0.00188	0.00722	0.00433	0.00372
20	0.00709	0.00639	0.00871	0.31464	0.06990	0.02409	0.00722	0.01030	0.12756	0.01181	0.07859	0.09608	0.20856	0.00667	0.00429	0.00133	0.00367	0.00577	0.00294	0.00440
21	0.00577	0.00384	0.00432	0.00432	0.00432	0.00384	0.00240	0.00577	0.00577	0.00769	0.01249	0.02595	0.01441	0.86066	0.02018	0.00384	0.00384	0.00577	0.00240	0.00240
22	0.00630	0.00450	0.00629	0.00720	0.00807	0.00449	0.00623	0.00806	0.00904	0.01176	0.02104	0.09201	0.02302	0.01104	0.00545	0.00181	0.00357	0.76285	0.00365	0.00363
23	0.00744	0.00526	0.00697	0.03518	0.02765	0.00526	0.02128	0.01014	0.11297	0.08291	0.04906	0.17972	0.12417	0.03247	0.00526	0.00161	0.00319	0.28156	0.00367	0.00422
24	0.02205	0.37864	0.11981	0.01172	0.03699	0.01237	0.32900	0.02440	0.00877	0.01149	0.00681	0.00845	0.00549	0.00345	0.00359	0.00111	0.00540	0.00329	0.00187	0.00533
25	0.00979	0.01091	0.04642	0.06223	0.01715	0.08201	0.43014	0.02669	0.00875	0.03087	0.00724	0.00982	0.00575	0.00446	0.00667	0.00141	0.22862	0.00402	0.00201	0.00504
26	0.00541	0.00414	0.00442	0.00430	0.00565	0.00351	0.00324	0.00653	0.00936	0.05010	0.12926	0.05508	0.68585	0.00964	0.00466	0.00133	0.00206	0.00809	0.00382	0.00355
27	0.01130	0.02151	0.05959	0.12561	0.22099	0.05885	0.08538	0.09399	0.04519	0.15538	0.03286	0.01121	0.00782	0.00496	0.02643	0.00137	0.02525	0.00377	0.00279	0.00574
28	0.00996	0.02276	0.01605	0.07456	0.67676	0.03246	0.05805	0.03839	0.00933	0.01301	0.00746	0.00978	0.00617	0.00360	0.00394	0.00119	0.00491	0.00355	0.00202	0.00606
29	0.00650	0.00427	0.00535	0.00554	0.00641	0.00398	0.00396	0.03930	0.02114	0.08347	0.12107	0.51356	0.14932	0.01048	0.00481	0.00147	0.00239	0.00930	0.00389	0.00379
30	0.41864	0.01156	0.04693	0.00802	0.01071	0.21325	0.05577	0.09909	0.05270	0.03952	0.00716	0.00793	0.00546	0.00400	0.00321	0.00119	0.00456	0.00276	0.00260	0.00494
31	0.34467	0.02348	0.06159	0.05228	0.18524	0.04646	0.01624	0.04604	0.01715	0.05353	0.02675	0.00953	0.00660	0.03785	0.00394	0.00127	0.00401	0.00305	0.00246	0.05786

[dist]
# distance from previous block
# <min> <max>
2	39

[block]
# block no. 3 follows, 68 sequences, length 12
# corresponding to MSA columns:
# 153-164
name=unknown_D
#
# <colnr> <probs for GDERKNQSTAVLIFYWHMCP>
#	G	D	E	R	K	N	Q	S	T	A	V	L	I	F	Y	W	H	M	C	P
0	0.01205	0.24773	0.01359	0.00864	0.04037	0.14059	0.00698	0.26190	0.04648	0.01495	0.00781	0.00905	0.00642	0.04072	0.00442	0.00114	0.03441	0.00301	0.00266	0.09707
1	0.01045	0.10056	0.19841	0.08500	0.14854	0.01007	0.00971	0.17403	0.05504	0.05196	0.02646	0.00986	0.00698	0.00417	0.00397	0.00116	0.02893	0.00332	0.00257	0.06881
2	0.01228	0.09895	0.10972	0.03667	0.17877	0.11917	0.04021	0.26182	0.03266	0.05985	0.00834	0.00924	0.00630	0.00412	0.00377	0.00115	0.00499	0.00330	0.00273	0.00597
3	0.01119	0.05237	0.04327	0.06288	0.32940	0.31042	0.03294	0.01297	0.00943	0.01104	0.00703	0.00947	0.00606	0.04663	0.00491	0.00128	0.03831	0.00323	0.00197	0.00520
4	0.00479	0.00402	0.00416	0.00412	0.00542	0.00339	0.00309	0.00589	0.00928	0.01128	0.12759	0.03722	0.74653	0.00983	0.00468	0.00133	0.00199	0.00824	0.00376	0.00339
5	0.00692	0.00595	0.00681	0.02431	0.07898	0.03714	0.00498	0.03744	0.11940	0.01320	0.20928	0.05643	0.31368	0.04163	0.00509	0.00141	0.00283	0.02667	0.00359	0.00423
6	0.00739	0.00370	0.00370	0.00370	0.00462	0.00370	0.00277	0.00924	0.00831	0.01478	0.01293	0.01478	0.01016	0.00462	0.00277	0.00092	0.00185	0.00370	0.88267	0.00370
7	0.03923	0.53893	0.15186	0.00796	0.01163	0.05623	0.03114	0.01300	0.00862	0.09899	0.00696	0.00762	0.00559	0.00366	0.00301	0.00099	0.00459	0.00255	0.00209	0.00535
8	0.00701	0.00647	0.06036	0.00710	0.04875	0.00578	0.00556	0.02648	0.07368	0.03548	0.24766	0.05415	0.21187	0.01854	0.02590	0.00146	0.06809	0.03470	0.00344	0.05752
9	0.00739	0.00370	0.00370	0.00370	0.00462	0.00370	0.00277	0.00924	0.00831	0.01478	0.01293	0.01478	0.01016	0.00462	0.00277	0.00092	0.00185	0.00370	0.88267	0.00370
10	0.04387	0.47637	0.01522	0.00679	0.00999	0.04652	0.00614	0.01265	0.10660	0.01145	0.00720	0.00788	0.00610	0.00356	0.00286	0.00086	0.00385	0.00248	0.00218	0.22744
11	0.02889	0.32750	0.32001	0.00813	0.01177	0.03152	0.00891	0.01151	0.03634	0.01099	0.03882	0.01106	0.00783	0.12474	0.00564	0.00147	0.00470	0.00322	0.00200	0.00495

[dist]
# distance from previous block
# <min> <max>
1	2

[block]
# block no. 4 follows, 68 sequences, length 19
# corresponding to MSA columns:
# 167-185
name=unknown_E
#
# <colnr> <probs for GDERKNQSTAVLIFYWHMCP>
#	G	D	E	R	K	N	Q	S	T	A	V	L	I	F	Y	W	H	M	C	P
0	0.00930	0.00886	0.01507	0.17003	0.66912	0.00917	0.01180	0.01169	0.00884	0.01242	0.00778	0.01095	0.00658	0.00382	0.00398	0.00122	0.00478	0.02673	0.00198	0.00587
1	0.39492	0.00839	0.00829	0.00690	0.00942	0.00937	0.00563	0.29676	0.02762	0.07785	0.00873	0.02839	0.00676	0.00695	0.08631	0.00173	0.00427	0.00324	0.00319	0.00527
2	0.88866	0.00767	0.00583	0.00521	0.00767	0.00889	0.00429	0.01166	0.00675	0.01779	0.00552	0.00644	0.00429	0.00368	0.00245	0.00123	0.00307	0.00215	0.00245	0.00429
3	0.88866	0.00767	0.00583	0.00521	0.00767	0.00889	0.00429	0.01166	0.00675	0.01779	0.00552	0.00644	0.00429	0.00368	0.00245	0.00123	0.00307	0.00215	0.00245	0.00429
4	0.00576	0.00387	0.00447	0.00447	0.00452	0.00392	0.00258	0.00586	0.00581	0.00779	0.01236	0.02523	0.01410	0.80295	0.07747	0.00402	0.00431	0.00566	0.00238	0.00248
5	0.00988	0.06371	0.01256	0.01010	0.01072	0.12045	0.00837	0.04652	0.00742	0.01023	0.00554	0.00837	0.00525	0.00625	0.01073	0.00156	0.65268	0.00327	0.00187	0.00452
6	0.00843	0.00776	0.04429	0.00621	0.00983	0.00568	0.00522	0.03636	0.00856	0.01329	0.00713	0.00827	0.00586	0.00303	0.00301	0.00064	0.00311	0.00241	0.00237	0.81853
7	0.03734	0.16928	0.43648	0.01164	0.08654	0.05388	0.07261	0.06518	0.00921	0.01285	0.00698	0.00826	0.00531	0.00373	0.00359	0.00116	0.00541	0.00297	0.00192	0.00566
8	0.02797	0.00609	0.09791	0.00639	0.00756	0.00489	0.00531	0.03917	0.00806	0.01112	0.02907	0.43018	0.07570	0.08285	0.07189	0.00210	0.02343	0.06343	0.00317	0.00371
9	0.88866	0.00767	0.00583	0.00521	0.00767	0.00889	0.00429	0.01166	0.00675	0.01779	0.00552	0.00644	0.00429	0.00368	0.00245	0.00123	0.00307	0.00215	0.00245	0.00429
10	0.00481	0.00402	0.00419	0.00415	0.00543	0.00340	0.00311	0.00593	0.00933	0.01140	0.14540	0.03703	0.72865	0.00978	0.00468	0.00133	0.00199	0.00821	0.00377	0.00340
11	0.00542	0.00467	0.03074	0.00667	0.00748	0.00407	0.07940	0.00658	0.00814	0.01100	0.10041	0.67331	0.02485	0.01091	0.00495	0.00154	0.00277	0.01002	0.00354	0.00354
12	0.00485	0.00357	0.00455	0.00526	0.00570	0.00327	0.00358	0.00565	0.00801	0.01053	0.06875	0.68691	0.15120	0.01182	0.00498	0.00155	0.00223	0.01060	0.00372	0.00327
13	0.00739	0.00370	0.00370	0.00370	0.00462	0.00370	0.00277	0.00924	0.00831	0.01478	0.01293	0.01478	0.01016	0.00462	0.00277	0.00092	0.00185	0.00370	0.88267	0.00370
14	0.01183	0.01028	0.05350	0.01266	0.01622	0.00965	0.42280	0.19525	0.01156	0.15258	0.00963	0.01094	0.00690	0.00500	0.03638	0.00148	0.02038	0.00420	0.00291	0.00583
15	0.01452	0.07782	0.01190	0.00998	0.01211	0.78687	0.00760	0.01556	0.01101	0.00968	0.00609	0.00710	0.00511	0.00404	0.00350	0.00101	0.00695	0.00252	0.00202	0.00463
16	0.00735	0.00632	0.01066	0.40131	0.04985	0.00740	0.06850	0.00888	0.00717	0.00961	0.00762	0.01159	0.00648	0.01040	0.15094	0.17453	0.05197	0.00372	0.00184	0.00387
17	0.00478	0.00392	0.00419	0.00433	0.00543	0.00336	0.00315	0.00576	0.00885	0.01083	0.07962	0.17375	0.63914	0.02854	0.00508	0.00143	0.00209	0.00873	0.00369	0.00333
18	0.02152	0.03434	0.01140	0.38186	0.12630	0.03227	0.04416	0.01048	0.02875	0.03327	0.01080	0.07333	0.05785	0.00644	0.05615	0.00157	0.00493	0.00434	0.00227	0.05797

[dist]
# distance from previous block
# <min> <max>
0	1

[block]
# block no. 5 follows, 68 sequences, length 55
# corresponding to MSA columns:
# 188-242
name=unknown_F
#
# <colnr> <probs for GDERKNQSTAVLIFYWHMCP>
#	G	D	E	R	K	N	Q	S	T	A	V	L	I	F	Y	W	H	M	C	P
0	0.01213	0.56784	0.01763	0.00770	0.01091	0.09085	0.00706	0.21951	0.01105	0.01337	0.00659	0.00724	0.00551	0.00381	0.00300	0.00095	0.00454	0.00253	0.00231	0.00547
1	0.00961	0.00918	0.01551	0.09782	0.73919	0.00938	0.01189	0.01225	0.03315	0.01281	0.00768	0.01003	0.00636	0.00363	0.00393	0.00120	0.00472	0.00356	0.00201	0.00611
2	0.00785	0.02974	0.00639	0.00568	0.00616	0.00486	0.00402	0.08998	0.02096	0.00905	0.00744	0.01197	0.00709	0.02747	0.02829	0.72139	0.00369	0.00349	0.00201	0.00246
3	0.00841	0.00862	0.01450	0.01153	0.01284	0.01033	0.24997	0.01010	0.00761	0.01108	0.07972	0.03683	0.02643	0.00620	0.00939	0.00156	0.48372	0.00449	0.00214	0.00453
4	0.00498	0.00352	0.00463	0.00549	0.00581	0.00330	0.00375	0.00577	0.00773	0.01037	0.02206	0.76994	0.04941	0.01203	0.00499	0.00159	0.00234	0.04605	0.03298	0.00326
5	0.02598	0.02008	0.73374	0.01106	0.01644	0.09993	0.01369	0.01289	0.00865	0.01235	0.00698	0.00820	0.00502	0.00380	0.00372	0.00123	0.00595	0.00287	0.00173	0.00569
6	0.01060	0.86304	0.02078	0.00678	0.01018	0.01569	0.00678	0.01187	0.00806	0.00933	0.00551	0.00636	0.00509	0.00339	0.00254	0.00085	0.00424	0.00212	0.00170	0.00509
7	0.00803	0.00683	0.00726	0.00666	0.00852	0.00746	0.00514	0.01550	0.52095	0.01500	0.12028	0.02255	0.22561	0.00690	0.00428	0.00133	0.00270	0.00580	0.00398	0.00522
8	0.00500	0.00357	0.00478	0.00566	0.00598	0.00336	0.00393	0.00582	0.00784	0.01046	0.04682	0.75916	0.02626	0.01216	0.00509	0.00162	0.00241	0.08311	0.00370	0.00328
9	0.02702	0.00853	0.00986	0.00792	0.01077	0.00891	0.00643	0.25071	0.25180	0.35332	0.01388	0.01263	0.00952	0.00499	0.00397	0.00125	0.00359	0.00399	0.00435	0.00657
10	0.00867	0.00867	0.01214	0.01041	0.01041	0.01214	0.00867	0.00954	0.00607	0.00954	0.00520	0.00867	0.00520	0.00694	0.01301	0.00173	0.85340	0.00347	0.00173	0.00434
11	0.00795	0.02051	0.84011	0.01130	0.01716	0.00921	0.01465	0.01256	0.00837	0.01256	0.00712	0.00837	0.00502	0.00377	0.00377	0.00126	0.00586	0.00293	0.00167	0.00586
12	0.00515	0.00368	0.00496	0.00588	0.00625	0.00349	0.00423	0.00607	0.00790	0.01047	0.02168	0.69358	0.02554	0.01212	0.00514	0.00165	0.00257	0.17265	0.00367	0.00331
13	0.00549	0.00405	0.00513	0.00486	0.00585	0.00369	0.00364	0.00725	0.01093	0.01521	0.72886	0.03075	0.14282	0.00836	0.00468	0.00126	0.00189	0.00733	0.00427	0.00369
14	0.00867	0.00867	0.01214	0.01041	0.01041	0.01214	0.00867	0.00954	0.00607	0.00954	0.00520	0.00867	0.00520	0.00694	0.01301	0.00173	0.85340	0.00347	0.00173	0.00434
15	0.01042	0.00626	0.04660	0.00739	0.00936	0.00554	0.07116	0.01185	0.00883	0.29701	0.09717	0.01569	0.01206	0.01332	0.24544	0.10943	0.00568	0.01880	0.00327	0.00470
16	0.00569	0.00414	0.00582	0.00582	0.00634	0.00466	0.00427	0.00673	0.00621	0.00879	0.01113	0.01838	0.01113	0.25401	0.62233	0.00569	0.00879	0.00466	0.00220	0.00323
17	0.01060	0.86304	0.02078	0.00678	0.01018	0.01569	0.00678	0.01187	0.00806	0.00933	0.00551	0.00636	0.00509	0.00339	0.00254	0.00085	0.00424	0.00212	0.00170	0.00509
18	0.01123	0.05007	0.04683	0.00932	0.01093	0.43473	0.01822	0.01243	0.00897	0.00964	0.00705	0.00978	0.00637	0.05038	0.14349	0.00217	0.15888	0.00318	0.00199	0.00436
19	0.00685	0.00527	0.00608	0.02278	0.00754	0.01983	0.00465	0.04098	0.18527	0.01261	0.01905	0.47771	0.03452	0.00946	0.00455	0.00146	0.00273	0.04989	0.08465	0.00413
20	0.00928	0.00888	0.01513	0.21384	0.65059	0.00928	0.01190	0.01170	0.00878	0.01231	0.00736	0.00999	0.00605	0.00363	0.00393	0.00121	0.00484	0.00353	0.00192	0.00585
21	0.00610	0.00373	0.00457	0.00457	0.00457	0.00373	0.00271	0.00559	0.00559	0.00745	0.01084	0.02186	0.01220	0.61145	0.01880	0.26303	0.00373	0.00508	0.00220	0.00220
22	0.01069	0.12910	0.12645	0.01559	0.30297	0.19178	0.11255	0.02327	0.00945	0.01180	0.00727	0.00948	0.00605	0.00383	0.00377	0.00114	0.00555	0.02175	0.00198	0.00552
23	0.00548	0.00400	0.00515	0.00496	0.00587	0.00367	0.00368	0.00719	0.01076	0.01504	0.70788	0.10115	0.09311	0.00861	0.00471	0.00128	0.00192	0.00761	0.00426	0.00367
24	0.01123	0.73590	0.01934	0.00730	0.01049	0.14055	0.00692	0.01247	0.00854	0.00938	0.00561	0.00648	0.00509	0.00350	0.00270	0.00087	0.00468	0.00219	0.00175	0.00501
25	0.00643	0.00354	0.00517	0.00540	0.00552	0.00352	0.00371	0.00548	0.00590	0.00787	0.01068	0.17434	0.01159	0.01388	0.04043	0.63619	0.00348	0.05248	0.00222	0.00218
26	0.02956	0.00626	0.00703	0.00772	0.06071	0.06000	0.00535	0.01070	0.18194	0.02450	0.03902	0.34101	0.01874	0.07283	0.00577	0.00166	0.00327	0.11623	0.00345	0.00424
27	0.01351	0.25442	0.01404	0.00968	0.03910	0.57285	0.00754	0.01465	0.01028	0.02182	0.00614	0.00711	0.00521	0.00389	0.00330	0.00098	0.00620	0.00249	0.00199	0.00482
28	0.00482	0.00349	0.00456	0.00541	0.00572	0.00323	0.00363	0.00553	0.00769	0.01016	0.02315	0.79997	0.08349	0.01225	0.00503	0.00159	0.00228	0.01107	0.00368	0.00323
29	0.00884	0.00848	0.01460	0.36565	0.47469	0.00919	0.03867	0.01134	0.00858	0.01178	0.00731	0.01016	0.00586	0.00370	0.00397	0.00124	0.00501	0.00357	0.00188	0.00547
30	0.00873	0.00882	0.01298	0.01088	0.01118	0.01199	0.06902	0.00978	0.00632	0.00978	0.00541	0.00882	0.00526	0.00667	0.01239	0.00171	0.79054	0.00356	0.00175	0.00441
31	0.00859	0.00855	0.01196	0.01027	0.01029	0.01192	0.00855	0.00949	0.00621	0.00971	0.02696	0.00922	0.00605	0.00697	0.01279	0.00172	0.83104	0.00357	0.00180	0.00432
32	0.01779	0.00675	0.00920	0.00705	0.01012	0.00583	0.00583	0.01932	0.01135	0.83867	0.01564	0.01350	0.00981	0.00491	0.00399	0.00123	0.00337	0.00399	0.00491	0.00675
33	0.00739	0.00370	0.00370	0.00370	0.00462	0.00370	0.00277	0.00924	0.00831	0.01478	0.01293	0.01478	0.01016	0.00462	0.00277	0.00092	0.00185	0.00370	0.88267	0.00370
34	0.01347	0.01031	0.01100	0.00880	0.01169	0.01155	0.00715	0.57686	0.26709	0.02241	0.01155	0.01114	0.00839	0.00495	0.00399	0.00124	0.00399	0.00385	0.00399	0.00660
35	0.00795	0.02051	0.84011	0.01130	0.01716	0.00921	0.01465	0.01256	0.00837	0.01256	0.00712	0.00837	0.00502	0.00377	0.00377	0.00126	0.00586	0.00293	0.00167	0.00586
36	0.00476	0.00402	0.00412	0.00409	0.00540	0.00338	0.00307	0.00583	0.00921	0.01111	0.10164	0.03750	0.77259	0.00989	0.00469	0.00133	0.00200	0.00828	0.00373	0.00338
37	0.00749	0.00705	0.01189	0.85113	0.02731	0.00881	0.01101	0.01013	0.00793	0.01013	0.00705	0.01057	0.00529	0.00396	0.00396	0.00132	0.00529	0.00352	0.00176	0.00440
38	0.01779	0.00675	0.00920	0.00705	0.01012	0.00583	0.00583	0.01932	0.01135	0.83867	0.01564	0.01350	0.00981	0.00491	0.00399	0.00123	0.00337	0.00399	0.00491	0.00675
39	0.01537	0.01063	0.01161	0.00890	0.01206	0.01159	0.00735	0.73547	0.01785	0.11334	0.01018	0.00995	0.00708	0.00478	0.00397	0.00119	0.00426	0.00362	0.00407	0.00674
40	0.01252	0.01001	0.01010	0.00865	0.01103	0.10935	0.00712	0.44044	0.05862	0.04422	0.01273	0.01906	0.01123	0.00637	0.00433	0.00135	0.00441	0.21913	0.00368	0.00563
41	0.00483	0.00345	0.00460	0.00552	0.00575	0.00322	0.00368	0.00552	0.00759	0.01012	0.02185	0.85807	0.02622	0.01242	0.00506	0.00161	0.00230	0.01127	0.00368	0.00322
42	0.01507	0.01111	0.01190	0.00912	0.01230	0.01230	0.00754	0.82270	0.01864	0.02499	0.00952	0.00952	0.00674	0.00476	0.00397	0.00119	0.00436	0.00357	0.00397	0.00674
43	0.88866	0.00767	0.00583	0.00521	0.00767	0.00889	0.00429	0.01166	0.00675	0.01779	0.00552	0.00644	0.00429	0.00368	0.00245	0.00123	0.00307	0.00215	0.00245	0.00429
44	0.00795	0.02051	0.84011	0.01130	0.01716	0.00921	0.01465	0.01256	0.00837	0.01256	0.00712	0.00837	0.00502	0.00377	0.00377	0.00126	0.00586	0.00293	0.00167	0.00586
45	0.00739	0.00370	0.00370	0.00370	0.00462	0.00370	0.00277	0.00924	0.00831	0.01478	0.01293	0.01478	0.01016	0.00462	0.00277	0.00092	0.00185	0.00370	0.88267	0.00370
46	0.00861	0.00701	0.01160	0.75947	0.02544	0.00849	0.01045	0.01113	0.00830	0.10010	0.00798	0.01089	0.00578	0.00407	0.00397	0.00131	0.00508	0.00357	0.00210	0.00466
47	0.00532	0.00400	0.00454	0.00471	0.00547	0.00369	0.00336	0.00613	0.00797	0.01004	0.05643	0.08622	0.37200	0.28774	0.00988	0.00224	0.00285	0.12104	0.00329	0.00309
48	0.02072	0.00521	0.00667	0.00677	0.00778	0.00538	0.00549	0.09866	0.03782	0.02434	0.03630	0.04194	0.01689	0.07802	0.00825	0.17065	0.00361	0.41858	0.00325	0.00367
49	0.01146	0.01274	0.03590	0.05963	0.05497	0.26777	0.33274	0.01478	0.09891	0.05895	0.00865	0.01010	0.00656	0.00394	0.00413	0.00122	0.00607	0.00380	0.00238	0.00530
50	0.00811	0.01942	0.74949	0.01190	0.01756	0.00930	0.10418	0.01257	0.00848	0.01257	0.00722	0.00863	0.00513	0.00372	0.00387	0.00126	0.00595	0.00312	0.00171	0.00580
51	0.00538	0.00390	0.00437	0.00450	0.00498	0.00367	0.00292	0.00585	0.00712	0.00906	0.02227	0.11194	0.26555	0.47461	0.01322	0.00276	0.00312	0.04896	0.00298	0.00283
52	0.01068	0.00766	0.01178	0.04845	0.27410	0.00773	0.06549	0.10165	0.00968	0.15512	0.01077	0.01410	0.02995	0.08442	0.00705	0.09730	0.02553	0.03055	0.00280	0.00520
53	0.00841	0.00796	0.01349	0.49712	0.35577	0.00897	0.01138	0.01092	0.00840	0.01132	0.00751	0.01098	0.00606	0.00394	0.00398	0.00127	0.00502	0.02048	0.00188	0.00515
54	0.06852	0.00828	0.01035	0.30907	0.03364	0.05725	0.02521	0.03914	0.25375	0.05488	0.01033	0.02573	0.00798	0.00512	0.00472	0.04171	0.03263	0.00384	0.00277	0.00507

[dist]
# distance from previous block
# <min> <max>
2	5

[block]
# block no. 6 follows, 68 sequences, length 54
# corresponding to MSA columns:
# 249-302
name=unknown_G
#
# <colnr> <probs for GDERKNQSTAVLIFYWHMCP>
#	G	D	E	R	K	N	Q	S	T	A	V	L	I	F	Y	W	H	M	C	P
0	0.25507	0.02871	0.00678	0.00652	0.04773	0.00656	0.00461	0.05625	0.01893	0.05730	0.02323	0.07328	0.01223	0.28724	0.00909	0.00217	0.00353	0.09398	0.00287	0.00394
1	0.04651	0.08641	0.04813	0.11123	0.27798	0.24945	0.01865	0.02265	0.05751	0.02169	0.00737	0.00897	0.00596	0.00393	0.00380	0.00115	0.01801	0.00312	0.00212	0.00535
2	0.00554	0.00391	0.00459	0.00456	0.00499	0.00375	0.00293	0.00620	0.00762	0.01024	0.21770	0.07148	0.12316	0.48116	0.03342	0.00284	0.00321	0.00669	0.00310	0.00292
3	0.34009	0.04388	0.01908	0.00747	0.03051	0.08893	0.00599	0.16961	0.02644	0.15501	0.04820	0.01067	0.00808	0.00456	0.00338	0.00120	0.00384	0.02454	0.00322	0.00530
4	0.05223	0.00915	0.02768	0.26131	0.44868	0.02874	0.02006	0.06925	0.00936	0.02540	0.00748	0.00983	0.00593	0.00379	0.00387	0.00122	0.00485	0.00345	0.00211	0.00562
5	0.60140	0.00830	0.00953	0.01110	0.23953	0.00910	0.04543	0.01185	0.00751	0.01620	0.00618	0.00759	0.00493	0.00362	0.00297	0.00122	0.00370	0.00265	0.00230	0.00490
6	0.00789	0.00743	0.01071	0.00911	0.00941	0.00960	0.06602	0.00868	0.00622	0.00924	0.00751	0.01380	0.00792	0.25272	0.01447	0.00231	0.54694	0.00422	0.00195	0.00385
7	0.00936	0.01070	0.02340	0.01671	0.02072	0.01003	0.82152	0.01270	0.00936	0.01270	0.00802	0.01070	0.00602	0.00334	0.00468	0.00134	0.00668	0.00468	0.00201	0.00535
8	0.01077	0.18759	0.32745	0.03242	0.03091	0.09370	0.04650	0.04444	0.03520	0.11796	0.00861	0.03250	0.00661	0.00418	0.00363	0.00116	0.00510	0.00327	0.00237	0.00561
9	0.00739	0.00370	0.00370	0.00370	0.00462	0.00370	0.00277	0.00924	0.00831	0.01478	0.01293	0.01478	0.01016	0.00462	0.00277	0.00092	0.00185	0.00370	0.88267	0.00370
10	0.00586	0.00414	0.00520	0.00488	0.00596	0.00374	0.00368	0.00756	0.01082	0.04367	0.65609	0.03066	0.18621	0.00836	0.00465	0.00126	0.00195	0.00728	0.00426	0.00377
11	0.00916	0.00875	0.01491	0.25641	0.60895	0.00925	0.01184	0.01160	0.00872	0.01216	0.00734	0.01003	0.00600	0.00365	0.00394	0.00122	0.00487	0.00353	0.00191	0.00575
12	0.00749	0.00705	0.01189	0.85113	0.02731	0.00881	0.01101	0.01013	0.00793	0.01013	0.00705	0.01057	0.00529	0.00396	0.00396	0.00132	0.00529	0.00352	0.00176	0.00440
13	0.00765	0.00721	0.01218	0.79441	0.08277	0.00885	0.01109	0.01027	0.00800	0.01032	0.00708	0.01052	0.00535	0.00393	0.00396	0.00131	0.00525	0.00352	0.00178	0.00453
14	0.01779	0.00675	0.00920	0.00705	0.01012	0.00583	0.00583	0.01932	0.01135	0.83867	0.01564	0.01350	0.00981	0.00491	0.00399	0.00123	0.00337	0.00399	0.00491	0.00675
15	0.00755	0.00551	0.00635	0.00588	0.00739	0.00556	0.00448	0.01184	0.24732	0.07877	0.31463	0.08093	0.19246	0.00776	0.00446	0.00132	0.00241	0.00666	0.00412	0.00459
16	0.00484	0.00360	0.00452	0.00524	0.00573	0.00328	0.00361	0.00563	0.00794	0.01030	0.02579	0.65930	0.20074	0.01187	0.00499	0.00156	0.00227	0.03184	0.00368	0.00326
17	0.01507	0.01111	0.01190	0.00912	0.01230	0.01230	0.00754	0.82270	0.01864	0.02499	0.00952	0.00952	0.00674	0.00476	0.00397	0.00119	0.00436	0.00357	0.00397	0.00674
18	0.00551	0.00400	0.00518	0.00498	0.00588	0.00368	0.00370	0.00724	0.01083	0.01519	0.73119	0.09616	0.07449	0.00854	0.00471	0.00128	0.00191	0.00755	0.00428	0.00368
19	0.00968	0.00736	0.02282	0.02613	0.04971	0.00747	0.03954	0.22376	0.06054	0.06157	0.03884	0.03587	0.07122	0.00762	0.00467	0.00148	0.00386	0.31924	0.00363	0.00501
20	0.40412	0.00800	0.00809	0.00657	0.00936	0.02811	0.00541	0.11693	0.01022	0.35187	0.01015	0.00971	0.00686	0.00432	0.00329	0.00122	0.00345	0.00308	0.00363	0.00561
21	0.01393	0.01743	0.01137	0.01024	0.01199	0.72562	0.00781	0.01493	0.01050	0.00968	0.00600	0.00737	0.00512	0.00449	0.00493	0.00112	0.12822	0.00268	0.00200	0.00456
22	0.00822	0.00705	0.00822	0.00587	0.00940	0.00529	0.00470	0.00998	0.00822	0.01292	0.00705	0.00822	0.00587	0.00294	0.00294	0.00059	0.00294	0.00235	0.00235	0.88490
23	0.05135	0.01363	0.01165	0.01246	0.18982	0.42901	0.02852	0.08119	0.01081	0.02552	0.02251	0.02239	0.04882	0.01642	0.01801	0.00124	0.00573	0.00347	0.00240	0.00504
24	0.00739	0.00370	0.00370	0.00370	0.00462	0.00370	0.00277	0.00924	0.00831	0.01478	0.01293	0.01478	0.01016	0.00462	0.00277	0.00092	0.00185	0.00370	0.88267	0.00370
25	0.00990	0.05341	0.06041	0.06322	0.61351	0.00961	0.03396	0.02352	0.01834	0.03811	0.00768	0.00974	0.00625	0.00367	0.00397	0.00118	0.01538	0.00346	0.00207	0.02263
26	0.05730	0.43275	0.01584	0.00787	0.01097	0.10838	0.00699	0.27319	0.02787	0.01498	0.00708	0.00764	0.00572	0.00396	0.00314	0.00101	0.00453	0.00268	0.00255	0.00555
27	0.00910	0.02863	0.16221	0.09297	0.38433	0.00924	0.12215	0.02273	0.03813	0.01276	0.00824	0.01114	0.00675	0.00393	0.00400	0.00123	0.00505	0.03490	0.00207	0.04043
28	0.00904	0.05198	0.52615	0.01345	0.12423	0.00946	0.14025	0.01285	0.00876	0.05587	0.00768	0.00911	0.00560	0.00371	0.00389	0.00124	0.00564	0.00331	0.00193	0.00585
29	0.00842	0.03959	0.26163	0.03252	0.01449	0.01011	0.16046	0.01136	0.03534	0.01160	0.03047	0.01204	0.00755	0.00537	0.00712	0.00146	0.28776	0.05567	0.00204	0.00501
30	0.01779	0.00675	0.00920	0.00705	0.01012	0.00583	0.00583	0.01932	0.01135	0.83867	0.01564	0.01350	0.00981	0.00491	0.00399	0.00123	0.00337	0.00399	0.00491	0.00675
31	0.00852	0.01762	0.63112	0.05276	0.04632	0.03140	0.04988	0.01285	0.03733	0.03652	0.03385	0.00965	0.00654	0.00398	0.00386	0.00126	0.00557	0.00327	0.00197	0.00572
32	0.00998	0.01020	0.06984	0.14534	0.39561	0.05011	0.09392	0.07965	0.02289	0.03534	0.00849	0.04527	0.00702	0.00416	0.00403	0.00124	0.00501	0.00391	0.00227	0.00571
33	0.00669	0.00434	0.00536	0.00494	0.00622	0.00386	0.00376	0.00828	0.01061	0.10556	0.51420	0.03030	0.26427	0.00831	0.00460	0.00127	0.00208	0.00716	0.00423	0.00396
34	0.00554	0.00402	0.00522	0.00498	0.00589	0.00370	0.00371	0.00732	0.01097	0.01543	0.76555	0.06941	0.06659	0.00838	0.00470	0.00127	0.00190	0.00741	0.00431	0.00370
35	0.03776	0.46354	0.11694	0.00835	0.01162	0.25010	0.00794	0.04330	0.00935	0.01066	0.00603	0.00695	0.00512	0.00369	0.00304	0.00097	0.00523	0.00240	0.00190	0.00508
36	0.00873	0.01580	0.51705	0.01088	0.01552	0.00895	0.11524	0.04625	0.10121	0.04109	0.02384	0.02454	0.04402	0.00446	0.00400	0.00128	0.00522	0.00383	0.00235	0.00572
37	0.00561	0.00405	0.00530	0.00499	0.00592	0.00374	0.00374	0.00748	0.01122	0.01590	0.83383	0.02962	0.03741	0.00811	0.00468	0.00125	0.00187	0.00717	0.00436	0.00374
38	0.00666	0.00352	0.00499	0.00499	0.00499	0.00352	0.00323	0.00529	0.00529	0.00705	0.00803	0.01488	0.00842	0.18591	0.01645	0.70561	0.00352	0.00392	0.00186	0.00186
39	0.01026	0.28304	0.18906	0.10348	0.06457	0.11314	0.10149	0.02525	0.00900	0.03878	0.00720	0.00908	0.00581	0.00384	0.00353	0.00112	0.00532	0.01880	0.00197	0.00527
40	0.01477	0.01102	0.01212	0.00954	0.02935	0.01215	0.02140	0.77719	0.03355	0.02437	0.00958	0.00964	0.00682	0.00472	0.00398	0.00120	0.00439	0.00360	0.00389	0.00670
41	0.00739	0.00370	0.00370	0.00370	0.00462	0.00370	0.00277	0.00924	0.00831	0.01478	0.01293	0.01478	0.01016	0.00462	0.00277	0.00092	0.00185	0.00370	0.88267	0.00370
42	0.00577	0.00384	0.00432	0.00432	0.00432	0.00384	0.00240	0.00577	0.00577	0.00769	0.01249	0.02595	0.01441	0.86066	0.02018	0.00384	0.00384	0.00577	0.00240	0.00240
43	0.07314	0.01646	0.01092	0.04999	0.02587	0.65044	0.00759	0.07226	0.01119	0.02378	0.00661	0.00770	0.00534	0.00451	0.01679	0.00115	0.00655	0.00271	0.00224	0.00476
44	0.01060	0.86304	0.02078	0.00678	0.01018	0.01569	0.00678	0.01187	0.00806	0.00933	0.00551	0.00636	0.00509	0.00339	0.00254	0.00085	0.00424	0.00212	0.00170	0.00509
45	0.00981	0.00847	0.00894	0.00800	0.01028	0.00971	0.00622	0.02070	0.80131	0.01646	0.01583	0.01457	0.01189	0.00530	0.00400	0.00132	0.00313	0.00441	0.00398	0.03567
46	0.00749	0.00705	0.01189	0.85113	0.02731	0.00881	0.01101	0.01013	0.00793	0.01013	0.00705	0.01057	0.00529	0.00396	0.00396	0.00132	0.00529	0.00352	0.00176	0.00440
47	0.00822	0.00705	0.00822	0.00587	0.00940	0.00529	0.00470	0.00998	0.00822	0.01292	0.00705	0.00822	0.00587	0.00294	0.00294	0.00059	0.00294	0.00235	0.00235	0.88490
48	0.00576	0.00386	0.00439	0.00439	0.00442	0.00388	0.00249	0.00581	0.00579	0.00774	0.01243	0.02560	0.01426	0.83286	0.04777	0.00393	0.00407	0.00572	0.00239	0.00244
49	0.00873	0.23023	0.62154	0.01016	0.01534	0.02554	0.01257	0.01244	0.00834	0.01170	0.00670	0.00785	0.00504	0.00368	0.00346	0.00115	0.00548	0.00272	0.00169	0.00565
50	0.00850	0.02487	0.38025	0.29522	0.01971	0.00910	0.04038	0.02312	0.04428	0.01253	0.00955	0.01403	0.00788	0.00503	0.00430	0.00144	0.00549	0.08663	0.00226	0.00544
51	0.00495	0.00400	0.00440	0.00436	0.00553	0.00345	0.00325	0.00618	0.00957	0.01212	0.25924	0.07486	0.57497	0.00962	0.00470	0.00133	0.00198	0.00817	0.00387	0.00345
52	0.00567	0.00423	0.00627	0.00627	0.00694	0.00490	0.00482	0.00701	0.00634	0.00913	0.01072	0.01611	0.01015	0.07278	0.80222	0.00624	0.01027	0.00433	0.00214	0.00348
53	0.00785	0.00732	0.01218	0.77242	0.08179	0.00894	0.01100	0.03206	0.00829	0.01072	0.00714	0.01049	0.00539	0.00396	0.00396	0.00131	0.00522	0.00353	0.00183	0.00459

[dist]
# distance from previous block
# <min> <max>
0	0

# created by:
# /st0/software/busco_prod/Augustus/scripts/msa2prfl.pl ./align_prep/25014.fa
