[name]
unknown

[dist]
# distance from previous block
# <min> <max>
0	63

[block]
# block no. 0 follows, 57 sequences, length 11
# corresponding to MSA columns:
# 63-73
name=unknown_A
#
# <colnr> <probs for GDERKNQSTAVLIFYWHMCP>
#	G	D	E	R	K	N	Q	S	T	A	V	L	I	F	Y	W	H	M	C	P
0	0.00608	0.00474	0.00559	0.00582	0.00694	0.00436	0.00435	0.00798	0.04649	0.01380	0.20439	0.23215	0.34388	0.01151	0.00551	0.00164	0.00258	0.08374	0.00439	0.00407
1	0.01367	0.01171	0.01155	0.00982	0.01270	0.08283	0.00777	0.27126	0.48455	0.02135	0.01502	0.01421	0.01117	0.00579	0.00454	0.00145	0.00443	0.00460	0.00439	0.00718
2	0.01757	0.00711	0.00958	0.00755	0.01060	0.00617	0.00616	0.01935	0.01283	0.65975	0.13865	0.01945	0.05135	0.00642	0.00471	0.00141	0.00353	0.00533	0.00545	0.00702
3	0.02422	0.02202	0.04863	0.02349	0.08738	0.00784	0.07737	0.12760	0.01213	0.03060	0.23499	0.07547	0.04918	0.00736	0.00557	0.05490	0.00401	0.00591	0.00364	0.09769
4	0.01024	0.33541	0.51539	0.01095	0.01658	0.01334	0.01332	0.01405	0.00943	0.01295	0.00743	0.00869	0.00577	0.00414	0.00377	0.00126	0.00599	0.00300	0.00192	0.00636
5	0.00646	0.00473	0.00675	0.00677	0.00743	0.00532	0.00504	0.00778	0.00741	0.01053	0.04226	0.05027	0.01407	0.17536	0.62138	0.00636	0.01005	0.00558	0.00264	0.00381
6	0.00553	0.00435	0.00499	0.00535	0.00636	0.00382	0.00381	0.00664	0.00997	0.01260	0.11726	0.33875	0.43998	0.01226	0.00551	0.00163	0.00240	0.01066	0.00429	0.00382
7	0.01209	0.07373	0.27852	0.08854	0.11390	0.08628	0.08319	0.18001	0.01247	0.01662	0.00862	0.01022	0.00647	0.00449	0.00437	0.00137	0.00621	0.00372	0.00259	0.00657
8	0.01212	0.01361	0.09000	0.10124	0.14203	0.12194	0.24437	0.12676	0.05273	0.01591	0.00936	0.01145	0.00718	0.00517	0.02465	0.00156	0.00664	0.00429	0.00267	0.00633
9	0.01059	0.01182	0.02501	0.07041	0.02352	0.01136	0.70342	0.01484	0.05335	0.01457	0.00960	0.01247	0.00720	0.00399	0.00526	0.00153	0.00732	0.00525	0.00240	0.00610
10	0.01223	0.06710	0.21089	0.03371	0.06909	0.10049	0.07385	0.07507	0.04821	0.12685	0.02741	0.11236	0.01091	0.00592	0.00456	0.00142	0.00546	0.00503	0.00320	0.00625

[dist]
# distance from previous block
# <min> <max>
0	2

[block]
# block no. 1 follows, 57 sequences, length 34
# corresponding to MSA columns:
# 76-95,102-115
name=unknown_B
#
# <colnr> <probs for GDERKNQSTAVLIFYWHMCP>
#	G	D	E	R	K	N	Q	S	T	A	V	L	I	F	Y	W	H	M	C	P
0	0.01300	0.04209	0.17217	0.08042	0.07743	0.02969	0.06555	0.03532	0.02517	0.27002	0.05663	0.08825	0.01211	0.00590	0.00464	0.00144	0.00496	0.00512	0.00365	0.00644
1	0.00574	0.00417	0.00545	0.00642	0.00677	0.00397	0.00432	0.00699	0.03933	0.01185	0.02472	0.80617	0.02935	0.01389	0.00574	0.00183	0.00267	0.01258	0.00422	0.00382
2	0.00914	0.02309	0.79282	0.01311	0.01974	0.01055	0.04085	0.01436	0.00960	0.01436	0.00816	0.00965	0.00578	0.00429	0.00434	0.00144	0.00673	0.00341	0.00193	0.00668
3	0.02988	0.18165	0.07574	0.18675	0.28286	0.03506	0.04399	0.01390	0.04253	0.02847	0.02138	0.02224	0.00768	0.00448	0.00418	0.00133	0.00545	0.00388	0.00236	0.00618
4	0.00964	0.04407	0.65312	0.01274	0.01872	0.01031	0.07286	0.01435	0.00983	0.04717	0.00954	0.01252	0.00731	0.00482	0.00447	0.00147	0.00644	0.05185	0.00223	0.00651
5	0.02033	0.00771	0.01052	0.00806	0.01157	0.00666	0.00666	0.02208	0.01297	0.81562	0.01788	0.01542	0.01122	0.00561	0.00456	0.00140	0.00386	0.00456	0.00561	0.00771
6	0.00985	0.00859	0.01326	0.63402	0.08407	0.04400	0.01165	0.01256	0.00959	0.07279	0.00963	0.05320	0.00770	0.00506	0.00457	0.00149	0.00575	0.00446	0.00243	0.00533
7	0.03310	0.06772	0.59895	0.02667	0.04033	0.03583	0.01442	0.03185	0.02796	0.03760	0.00939	0.01125	0.01667	0.00468	0.00427	0.00142	0.00619	0.02291	0.00227	0.00650
8	0.00845	0.00563	0.00758	0.02869	0.05836	0.00551	0.00568	0.05890	0.01033	0.10106	0.05977	0.51565	0.06673	0.01131	0.00559	0.00169	0.01854	0.02164	0.00420	0.00469
9	0.00717	0.00512	0.00715	0.00808	0.00905	0.00517	0.00693	0.00911	0.01003	0.01312	0.02288	0.07045	0.02488	0.04796	0.05763	0.00250	0.00463	0.68006	0.00401	0.00409
10	0.00940	0.00805	0.00940	0.00671	0.01074	0.00604	0.00537	0.01141	0.00940	0.01477	0.00805	0.00940	0.00671	0.00336	0.00336	0.00067	0.00336	0.00268	0.00268	0.86845
11	0.02104	0.00475	0.00679	0.00657	0.00692	0.00516	0.01767	0.00714	0.00659	0.00925	0.01033	0.01792	0.01050	0.19077	0.24882	0.37927	0.04051	0.00475	0.00228	0.00296
12	0.01309	0.53927	0.10412	0.00926	0.01310	0.18005	0.00895	0.06323	0.01073	0.01225	0.00692	0.00792	0.00593	0.00418	0.00339	0.00108	0.00572	0.00272	0.00218	0.00591
13	0.00947	0.00812	0.00943	0.00680	0.01078	0.00623	0.00544	0.01187	0.03857	0.01492	0.00844	0.00967	0.00697	0.00346	0.00340	0.00070	0.00336	0.00277	0.00276	0.83684
14	0.01393	0.14082	0.01574	0.04743	0.15909	0.29188	0.03501	0.11214	0.11325	0.01496	0.00921	0.01032	0.00736	0.00468	0.00416	0.00127	0.00609	0.00359	0.00280	0.00625
15	0.01036	0.04390	0.22069	0.05176	0.14750	0.02876	0.05640	0.04125	0.09834	0.03227	0.05175	0.01370	0.04016	0.00599	0.01781	0.00158	0.12444	0.00441	0.00274	0.00619
16	0.00845	0.00422	0.00422	0.00422	0.00528	0.00422	0.00317	0.01056	0.00950	0.01689	0.01478	0.01689	0.01161	0.00528	0.00317	0.00106	0.00211	0.00422	0.86591	0.00422
17	0.01170	0.00995	0.01049	0.00931	0.01195	0.01147	0.00728	0.08046	0.74721	0.01966	0.01789	0.01647	0.01339	0.00610	0.00461	0.00152	0.00369	0.00505	0.00461	0.00721
18	0.00668	0.00513	0.00766	0.05829	0.00940	0.00603	0.00599	0.00827	0.00734	0.01048	0.01189	0.01805	0.01122	0.08398	0.70329	0.00663	0.02831	0.00490	0.00241	0.00404
19	0.02398	0.01312	0.21392	0.01017	0.01363	0.02622	0.02701	0.15290	0.19326	0.07218	0.08822	0.01541	0.02741	0.02960	0.00592	0.00157	0.07069	0.00470	0.00363	0.00645
20	0.00852	0.17811	0.01238	0.01110	0.14850	0.00849	0.02522	0.01024	0.00969	0.01258	0.01861	0.20675	0.06403	0.02773	0.00546	0.00168	0.00416	0.23852	0.00331	0.00491
21	0.87276	0.00876	0.00666	0.00596	0.00876	0.01017	0.00491	0.01332	0.00771	0.02033	0.00631	0.00736	0.00491	0.00421	0.00280	0.00140	0.00351	0.00245	0.00280	0.00491
22	0.06999	0.02678	0.15681	0.00844	0.01253	0.00823	0.00802	0.09751	0.01159	0.19630	0.06021	0.01228	0.00975	0.00469	0.00400	0.00115	0.00421	0.00369	0.00353	0.30029
23	0.00618	0.00498	0.00674	0.00686	0.00782	0.00469	0.05334	0.00798	0.05886	0.01232	0.02827	0.53406	0.20982	0.02825	0.00591	0.00178	0.00296	0.01103	0.00409	0.00407
24	0.00871	0.00823	0.01378	0.76819	0.05984	0.01024	0.01253	0.01164	0.00903	0.01167	0.00799	0.01196	0.00608	0.00464	0.00493	0.00152	0.03786	0.00403	0.00202	0.00511
25	0.01070	0.01222	0.02674	0.01910	0.02368	0.01146	0.79603	0.01451	0.01070	0.01451	0.00917	0.01222	0.00688	0.00382	0.00535	0.00153	0.00764	0.00535	0.00229	0.00611
26	0.01001	0.01064	0.06378	0.01253	0.01640	0.00911	0.32800	0.05203	0.01035	0.01488	0.00995	0.07930	0.00866	0.00483	0.00506	0.00126	0.04658	0.00479	0.00266	0.30919
27	0.00588	0.00443	0.00544	0.00557	0.00654	0.00399	0.00403	0.00737	0.01099	0.01472	0.38317	0.26075	0.24813	0.01124	0.00547	0.00157	0.00232	0.00987	0.00456	0.00399
28	0.00654	0.00461	0.00603	0.00603	0.00641	0.00499	0.00411	0.00729	0.00691	0.00959	0.01328	0.02412	0.01407	0.46434	0.39619	0.00574	0.00801	0.00578	0.00260	0.00335
29	0.01924	0.00788	0.01046	0.00808	0.01145	0.00704	0.00665	0.07670	0.01356	0.70982	0.06656	0.01624	0.01292	0.00582	0.00460	0.00140	0.00383	0.00475	0.00549	0.00750
30	0.00845	0.00422	0.00422	0.00422	0.00528	0.00422	0.00317	0.01056	0.00950	0.01689	0.01478	0.01689	0.01161	0.00528	0.00317	0.00106	0.00211	0.00422	0.86591	0.00422
31	0.00691	0.00597	0.00975	0.23041	0.01506	0.00626	0.08824	0.00867	0.00911	0.01196	0.01969	0.47277	0.05654	0.01034	0.00539	0.00171	0.00409	0.02939	0.00341	0.00432
32	0.01181	0.18972	0.01336	0.00898	0.01189	0.01288	0.00738	0.06863	0.58543	0.01775	0.01537	0.01446	0.01173	0.00562	0.00424	0.00140	0.00394	0.00448	0.00403	0.00691
33	0.00873	0.00531	0.00607	0.00569	0.00655	0.00607	0.00446	0.01062	0.00901	0.01575	0.01309	0.01556	0.01053	0.00579	0.00541	0.00123	0.16098	0.00417	0.70062	0.00436

[dist]
# distance from previous block
# <min> <max>
0	17

[block]
# block no. 2 follows, 57 sequences, length 38
# corresponding to MSA columns:
# 133-147,150-172
name=unknown_C
#
# <colnr> <probs for GDERKNQSTAVLIFYWHMCP>
#	G	D	E	R	K	N	Q	S	T	A	V	L	I	F	Y	W	H	M	C	P
0	0.24991	0.03986	0.06597	0.02411	0.04516	0.12615	0.09333	0.03010	0.10738	0.03141	0.08422	0.01273	0.01051	0.01904	0.00468	0.00144	0.02872	0.00404	0.00304	0.01818
1	0.01096	0.06204	0.10085	0.03040	0.06303	0.17174	0.02307	0.03676	0.02296	0.02850	0.01136	0.12044	0.02532	0.02766	0.00468	0.00127	0.00503	0.00466	0.00281	0.24646
2	0.00957	0.00753	0.00739	0.00655	0.00863	0.06582	0.00512	0.14932	0.01282	0.07779	0.07940	0.03258	0.48661	0.00934	0.00507	0.00147	0.00335	0.02240	0.00428	0.00495
3	0.77533	0.00864	0.00710	0.00620	0.00908	0.00976	0.00511	0.01432	0.00831	0.11123	0.00763	0.00828	0.00563	0.00437	0.00300	0.00140	0.00355	0.00269	0.00312	0.00523
4	0.00609	0.00457	0.00564	0.00547	0.00660	0.00412	0.00407	0.00788	0.01191	0.01623	0.56477	0.09594	0.22973	0.01017	0.00538	0.00148	0.00221	0.00888	0.00474	0.00412
5	0.00845	0.00422	0.00422	0.00422	0.00528	0.00422	0.00317	0.01056	0.00950	0.01689	0.01478	0.01689	0.01161	0.00528	0.00317	0.00106	0.00211	0.00422	0.86591	0.00422
6	0.00647	0.00485	0.00728	0.00728	0.00809	0.00566	0.00566	0.00809	0.00728	0.01052	0.01214	0.01780	0.01133	0.03398	0.82279	0.00728	0.01214	0.00485	0.00243	0.00405
7	0.01742	0.01239	0.01341	0.01028	0.01390	0.01360	0.00849	0.74968	0.02079	0.07697	0.01131	0.01116	0.00792	0.00545	0.00453	0.00136	0.00492	0.00411	0.00460	0.00771
8	0.00845	0.00422	0.00422	0.00422	0.00528	0.00422	0.00317	0.01056	0.00950	0.01689	0.01478	0.01689	0.01161	0.00528	0.00317	0.00106	0.00211	0.00422	0.86591	0.00422
9	0.01735	0.01249	0.01347	0.01033	0.01395	0.01375	0.00853	0.76549	0.02096	0.06093	0.01117	0.01107	0.00785	0.00545	0.00453	0.00136	0.00494	0.00410	0.00458	0.00771
10	0.00540	0.00459	0.00466	0.00464	0.00615	0.00385	0.00348	0.00660	0.01044	0.01251	0.08100	0.04316	0.77538	0.01137	0.00535	0.00153	0.00229	0.00950	0.00424	0.00385
11	0.00995	0.01109	0.03597	0.11260	0.05170	0.01058	0.57094	0.01336	0.01034	0.01391	0.01162	0.03041	0.05212	0.00482	0.00540	0.00154	0.02170	0.02373	0.00243	0.00580
12	0.00845	0.00422	0.00422	0.00422	0.00528	0.00422	0.00317	0.01056	0.00950	0.01689	0.01478	0.01689	0.01161	0.00528	0.00317	0.00106	0.00211	0.00422	0.86591	0.00422
13	0.00991	0.00991	0.01388	0.01190	0.01190	0.01388	0.00991	0.01091	0.00694	0.01091	0.00595	0.00991	0.00595	0.00793	0.01487	0.00198	0.83246	0.00397	0.00198	0.00496
14	0.01546	0.01052	0.01175	0.00955	0.01265	0.01153	0.00772	0.33362	0.30710	0.18406	0.01494	0.01399	0.01062	0.00580	0.00486	0.00145	0.02769	0.00456	0.00471	0.00743
15	0.01308	0.18862	0.09323	0.02591	0.08111	0.05194	0.08446	0.23647	0.14809	0.01821	0.01035	0.01106	0.00792	0.00480	0.00423	0.00132	0.00534	0.00390	0.00320	0.00676
16	0.00927	0.00740	0.00961	0.00850	0.00897	0.00961	0.00693	0.01075	0.00807	0.01355	0.00985	0.01300	0.00845	0.00676	0.00970	0.00157	0.46529	0.00408	0.38400	0.00463
17	0.01123	0.36363	0.32839	0.02740	0.01579	0.09279	0.04048	0.01449	0.02752	0.01248	0.00748	0.00879	0.00601	0.00426	0.00397	0.00123	0.02283	0.00306	0.00204	0.00611
18	0.00549	0.00407	0.00513	0.00598	0.00649	0.00371	0.00406	0.00635	0.00899	0.01170	0.02898	0.68563	0.17954	0.01368	0.00570	0.00178	0.00257	0.01225	0.00421	0.00371
19	0.00646	0.00540	0.03900	0.00593	0.00725	0.00450	0.00473	0.00866	0.01254	0.01766	0.73152	0.03345	0.08739	0.00919	0.00530	0.00143	0.00233	0.00808	0.00482	0.00435
20	0.00909	0.02344	0.81727	0.01292	0.01961	0.01052	0.01674	0.01435	0.00957	0.01435	0.00813	0.00957	0.00574	0.00431	0.00431	0.00144	0.00670	0.00335	0.00191	0.00670
21	0.00552	0.00394	0.00526	0.00631	0.00657	0.00368	0.00421	0.00631	0.00868	0.01157	0.02498	0.83779	0.02997	0.01420	0.00578	0.00184	0.00263	0.01288	0.00421	0.00368
22	0.00659	0.00439	0.00494	0.00494	0.00494	0.00439	0.00275	0.00659	0.00659	0.00879	0.01428	0.02965	0.01647	0.84075	0.02306	0.00439	0.00439	0.00659	0.00275	0.00275
23	0.03341	0.06367	0.04603	0.00922	0.01212	0.02670	0.00764	0.12366	0.51635	0.04207	0.04393	0.01536	0.01271	0.00635	0.01919	0.00156	0.00418	0.00472	0.00423	0.00690
24	0.01122	0.01077	0.01839	0.02781	0.81248	0.01077	0.01391	0.01391	0.01032	0.01480	0.00852	0.01122	0.00718	0.00404	0.00449	0.00135	0.00538	0.00404	0.00224	0.00718
25	0.00856	0.00805	0.01359	0.82986	0.03121	0.01007	0.01258	0.01158	0.00906	0.01158	0.00805	0.01208	0.00604	0.00453	0.00453	0.00151	0.00604	0.00403	0.00201	0.00503
26	0.10995	0.09024	0.01355	0.02669	0.01337	0.34889	0.04448	0.11293	0.01217	0.07021	0.00857	0.02430	0.00693	0.00514	0.00497	0.00132	0.08010	0.00351	0.01696	0.00570
27	0.00660	0.00454	0.00531	0.03209	0.00598	0.00461	0.00322	0.00681	0.00685	0.00909	0.01526	0.02915	0.04797	0.74667	0.05463	0.00430	0.00468	0.00655	0.00277	0.00292
28	0.01152	0.00948	0.01000	0.00880	0.01122	0.03325	0.00687	0.13628	0.50036	0.03324	0.14553	0.04218	0.01780	0.00673	0.00474	0.00149	0.00367	0.00562	0.00460	0.00664
29	0.00845	0.00422	0.00422	0.00422	0.00528	0.00422	0.00317	0.01056	0.00950	0.01689	0.01478	0.01689	0.01161	0.00528	0.00317	0.00106	0.00211	0.00422	0.86591	0.00422
30	0.01211	0.84348	0.02374	0.00775	0.01163	0.01793	0.00775	0.01357	0.00921	0.01066	0.00630	0.00727	0.00582	0.00388	0.00291	0.00097	0.00485	0.00242	0.00194	0.00582
31	0.00845	0.00422	0.00422	0.00422	0.00528	0.00422	0.00317	0.01056	0.00950	0.01689	0.01478	0.01689	0.01161	0.00528	0.00317	0.00106	0.00211	0.00422	0.86591	0.00422
32	0.87276	0.00876	0.00666	0.00596	0.00876	0.01017	0.00491	0.01332	0.00771	0.02033	0.00631	0.00736	0.00491	0.00421	0.00280	0.00140	0.00351	0.00245	0.00280	0.00491
33	0.01127	0.00973	0.01025	0.00922	0.01178	0.01127	0.00717	0.02408	0.80430	0.01896	0.01844	0.01691	0.01383	0.00615	0.00461	0.00154	0.00359	0.00512	0.00461	0.00717
34	0.01037	0.05120	0.39532	0.02505	0.03876	0.04369	0.01202	0.03303	0.28024	0.01591	0.02729	0.02708	0.00972	0.00522	0.00440	0.00144	0.00538	0.00420	0.00301	0.00667
35	0.00897	0.00856	0.01472	0.69772	0.12775	0.01021	0.04437	0.01198	0.00928	0.01210	0.00816	0.01198	0.00622	0.00444	0.00456	0.00149	0.00602	0.00408	0.00205	0.00534
36	0.00906	0.16473	0.01518	0.01058	0.01317	0.00936	0.20740	0.01196	0.05554	0.01348	0.03266	0.04948	0.08832	0.00821	0.00519	0.00163	0.00490	0.29072	0.00332	0.00510
37	0.07194	0.01112	0.06924	0.04313	0.23354	0.03389	0.04253	0.18349	0.06245	0.05123	0.02287	0.05843	0.00967	0.03119	0.00500	0.00147	0.00491	0.00458	0.01712	0.04218

[dist]
# distance from previous block
# <min> <max>
0	18

[block]
# block no. 3 follows, 57 sequences, length 8
# corresponding to MSA columns:
# 191-198
name=unknown_D
#
# <colnr> <probs for GDERKNQSTAVLIFYWHMCP>
#	G	D	E	R	K	N	Q	S	T	A	V	L	I	F	Y	W	H	M	C	P
0	0.31869	0.03821	0.00888	0.02519	0.06487	0.00920	0.00611	0.04304	0.12134	0.01677	0.03294	0.01512	0.05180	0.07209	0.08438	0.00220	0.02795	0.00425	0.05180	0.00517
1	0.13599	0.00797	0.00997	0.03514	0.10829	0.00766	0.00675	0.03382	0.03758	0.14534	0.03260	0.01250	0.00900	0.02155	0.01885	0.07265	0.01937	0.00372	0.03118	0.25008
2	0.00845	0.00422	0.00422	0.00422	0.00528	0.00422	0.00317	0.01056	0.00950	0.01689	0.01478	0.01689	0.01161	0.00528	0.00317	0.00106	0.00211	0.00422	0.86591	0.00422
3	0.02738	0.05853	0.06458	0.07501	0.12468	0.11213	0.13978	0.05969	0.06050	0.01416	0.01142	0.11608	0.01050	0.03697	0.02865	0.00171	0.02672	0.00525	0.02057	0.00567
4	0.00703	0.00516	0.00627	0.00658	0.00747	0.00504	0.00467	0.10612	0.01070	0.01416	0.07007	0.59048	0.12400	0.01248	0.00555	0.00172	0.00286	0.01110	0.00429	0.00424
5	0.00831	0.00759	0.01250	0.72593	0.02790	0.00935	0.01134	0.01095	0.00875	0.01123	0.00884	0.01429	0.00735	0.10988	0.00687	0.00187	0.00583	0.00435	0.00211	0.00475
6	0.14875	0.02776	0.03313	0.11370	0.27373	0.06112	0.09164	0.07124	0.04902	0.01586	0.00917	0.03215	0.00761	0.02182	0.00491	0.00148	0.02403	0.00413	0.00264	0.00610
7	0.12233	0.01480	0.01257	0.05618	0.12090	0.37167	0.02330	0.05695	0.04601	0.03493	0.02652	0.01137	0.03651	0.00512	0.00463	0.00133	0.04272	0.00371	0.00277	0.00566

[dist]
# distance from previous block
# <min> <max>
1	45

[block]
# block no. 4 follows, 57 sequences, length 30
# corresponding to MSA columns:
# 274-303
name=unknown_E
#
# <colnr> <probs for GDERKNQSTAVLIFYWHMCP>
#	G	D	E	R	K	N	Q	S	T	A	V	L	I	F	Y	W	H	M	C	P
0	0.01069	0.15081	0.24913	0.07500	0.05603	0.02367	0.09778	0.01397	0.02928	0.08560	0.01082	0.09100	0.00918	0.00527	0.00431	0.00135	0.00539	0.00455	0.01769	0.05849
1	0.01173	0.73881	0.02175	0.00773	0.01128	0.01654	0.00748	0.04255	0.00962	0.01142	0.00810	0.07990	0.00799	0.00484	0.00322	0.00106	0.00466	0.00340	0.00223	0.00570
2	0.00601	0.00639	0.07596	0.00560	0.00761	0.00457	0.00482	0.00768	0.01051	0.01331	0.14058	0.05366	0.58696	0.01024	0.00518	0.00147	0.00271	0.00859	0.00404	0.04413
3	0.02654	0.00837	0.01044	0.00899	0.08076	0.00719	0.00652	0.04160	0.01023	0.11736	0.00957	0.01065	0.00748	0.00408	0.00417	0.00094	0.04196	0.00321	0.03552	0.56443
4	0.04119	0.11270	0.05114	0.00966	0.01321	0.01312	0.00841	0.51136	0.01718	0.10469	0.01078	0.01094	0.00776	0.00525	0.00453	0.00133	0.02931	0.00385	0.03648	0.00714
5	0.02299	0.09908	0.03123	0.02614	0.01119	0.04957	0.00707	0.25392	0.02640	0.04642	0.02858	0.20864	0.01500	0.03603	0.06914	0.00203	0.00500	0.05223	0.00373	0.00560
6	0.05292	0.16957	0.01513	0.00999	0.01339	0.10878	0.03050	0.41934	0.10100	0.02136	0.01013	0.01041	0.00764	0.00503	0.00413	0.00129	0.00519	0.00371	0.00366	0.00684
7	0.01722	0.02038	0.01264	0.01136	0.01380	0.75134	0.00857	0.01844	0.01285	0.08132	0.00795	0.00880	0.00631	0.00475	0.00413	0.00119	0.00779	0.00306	0.00262	0.00547
8	0.00888	0.00864	0.05526	0.23623	0.10790	0.03231	0.00878	0.04263	0.09522	0.01436	0.12513	0.04563	0.09300	0.07939	0.00636	0.00173	0.00453	0.01410	0.01470	0.00523
9	0.00647	0.00485	0.00728	0.00728	0.00809	0.00566	0.00566	0.00809	0.00728	0.01052	0.01214	0.01780	0.01133	0.03398	0.82279	0.00728	0.01214	0.00485	0.00243	0.00405
10	0.40895	0.06427	0.01058	0.02543	0.01168	0.33072	0.00691	0.05490	0.01057	0.01629	0.00698	0.00810	0.00560	0.00446	0.00344	0.00128	0.00553	0.00278	0.01630	0.00523
11	0.01046	0.01165	0.04023	0.01530	0.01801	0.03455	0.40421	0.01302	0.00916	0.01297	0.00774	0.01099	0.00644	0.00549	0.00903	0.00166	0.33932	0.00456	0.00218	0.04303
12	0.01693	0.02160	0.01284	0.01167	0.01401	0.82256	0.00876	0.01809	0.01284	0.01109	0.00700	0.00817	0.00584	0.00467	0.00409	0.00117	0.00817	0.00292	0.00233	0.00525
13	0.00657	0.00447	0.00535	0.00535	0.00549	0.00461	0.00325	0.00685	0.00671	0.00909	0.01391	0.02760	0.01558	0.70101	0.16158	0.00489	0.00573	0.00629	0.00269	0.00297
14	0.01165	0.05176	0.11529	0.07744	0.35022	0.08178	0.05877	0.01431	0.01014	0.06891	0.00891	0.01148	0.00720	0.00520	0.01823	0.00151	0.08415	0.01420	0.00242	0.00641
15	0.79805	0.00988	0.00720	0.00646	0.00922	0.08108	0.00524	0.01374	0.00816	0.01952	0.00637	0.00743	0.00499	0.00425	0.00292	0.00138	0.00391	0.00249	0.00276	0.00494
16	0.00787	0.00734	0.02921	0.15365	0.09301	0.01822	0.07645	0.01049	0.06116	0.01291	0.05402	0.33792	0.03428	0.02115	0.04109	0.00192	0.02312	0.00803	0.00330	0.00486
17	0.00659	0.00439	0.00494	0.00494	0.00494	0.00439	0.00275	0.00659	0.00659	0.00879	0.01428	0.02965	0.01647	0.84075	0.02306	0.00439	0.00439	0.00659	0.00275	0.00275
18	0.00845	0.00422	0.00422	0.00422	0.00528	0.00422	0.00317	0.01056	0.00950	0.01689	0.01478	0.01689	0.01161	0.00528	0.00317	0.00106	0.00211	0.00422	0.86591	0.00422
19	0.10571	0.25861	0.08528	0.00905	0.01240	0.03900	0.00834	0.24963	0.01277	0.03728	0.02726	0.01044	0.01911	0.00539	0.00499	0.02785	0.06384	0.00349	0.01346	0.00613
20	0.00845	0.00422	0.00422	0.00422	0.00528	0.00422	0.00317	0.01056	0.00950	0.01689	0.01478	0.01689	0.01161	0.00528	0.00317	0.00106	0.00211	0.00422	0.86591	0.00422
21	0.04696	0.14927	0.09841	0.03240	0.10364	0.13651	0.02772	0.13242	0.01173	0.08708	0.00863	0.00997	0.00675	0.00506	0.00560	0.00137	0.12387	0.00354	0.00280	0.00626
22	0.01163	0.01155	0.04110	0.11097	0.28068	0.04840	0.14858	0.10695	0.13287	0.01631	0.01044	0.02257	0.00823	0.00480	0.00490	0.00144	0.02461	0.00447	0.00287	0.00661
23	0.00907	0.03436	0.29370	0.04627	0.09169	0.00864	0.07436	0.01237	0.00987	0.01442	0.07680	0.07283	0.01112	0.00514	0.00434	0.00126	0.00506	0.00452	0.00260	0.22157
24	0.00648	0.00484	0.00719	0.00719	0.00797	0.00562	0.00555	0.00804	0.00726	0.01045	0.01222	0.01825	0.01152	0.06433	0.79271	0.00717	0.01185	0.00492	0.00244	0.00400
25	0.01436	0.35369	0.05474	0.01084	0.04986	0.39728	0.00895	0.03977	0.01136	0.01177	0.00696	0.00809	0.00594	0.00433	0.00365	0.00111	0.00653	0.00282	0.00222	0.00571
26	0.00974	0.00926	0.07989	0.00736	0.01139	0.00652	0.00645	0.01201	0.00969	0.05148	0.04557	0.01083	0.00849	0.00389	0.00379	0.00083	0.01810	0.00311	0.00285	0.69877
27	0.01022	0.15030	0.23653	0.00925	0.01265	0.07044	0.00918	0.02626	0.11865	0.05538	0.02858	0.18247	0.04607	0.01828	0.00473	0.00148	0.00478	0.00582	0.00318	0.00575
28	0.02571	0.04948	0.31931	0.01206	0.05257	0.10117	0.02515	0.17666	0.11189	0.01729	0.01059	0.01140	0.02587	0.00507	0.00473	0.00140	0.03623	0.00386	0.00293	0.00662
29	0.01089	0.28705	0.34965	0.01034	0.02801	0.02548	0.01130	0.04912	0.04454	0.02535	0.00822	0.00926	0.00643	0.00420	0.00376	0.00118	0.00543	0.00309	0.00232	0.11438

[dist]
# distance from previous block
# <min> <max>
0	1

[block]
# block no. 5 follows, 57 sequences, length 30
# corresponding to MSA columns:
# 305-334
name=unknown_F
#
# <colnr> <probs for GDERKNQSTAVLIFYWHMCP>
#	G	D	E	R	K	N	Q	S	T	A	V	L	I	F	Y	W	H	M	C	P
0	0.32915	0.00962	0.00996	0.02524	0.01156	0.01042	0.00673	0.27550	0.02668	0.18762	0.04005	0.01237	0.00915	0.00531	0.00398	0.00141	0.00409	0.02066	0.00408	0.00642
1	0.01128	0.01147	0.02242	0.00890	0.01086	0.22886	0.00695	0.01627	0.24924	0.03496	0.23714	0.01984	0.05395	0.00693	0.00538	0.00143	0.05922	0.00546	0.00389	0.00555
2	0.00727	0.00518	0.00721	0.00821	0.00921	0.00518	0.00712	0.00927	0.01027	0.01337	0.02360	0.05024	0.02569	0.04622	0.00694	0.00218	0.00418	0.75043	0.00411	0.00411
3	0.00592	0.00456	0.00559	0.00586	0.00660	0.00440	0.00415	0.00695	0.00927	0.01213	0.11640	0.33336	0.26733	0.09805	0.06397	0.00234	0.03562	0.00980	0.00394	0.00377
4	0.01070	0.01222	0.02674	0.01910	0.02368	0.01146	0.79603	0.01451	0.01070	0.01451	0.00917	0.01222	0.00688	0.00382	0.00535	0.00153	0.00764	0.00535	0.00229	0.00611
5	0.00845	0.00422	0.00422	0.00422	0.00528	0.00422	0.00317	0.01056	0.00950	0.01689	0.01478	0.01689	0.01161	0.00528	0.00317	0.00106	0.00211	0.00422	0.86591	0.00422
6	0.00825	0.00525	0.00682	0.00651	0.00770	0.00526	0.00496	0.00999	0.02668	0.10974	0.20163	0.11911	0.12089	0.07158	0.16672	0.00286	0.03560	0.03877	0.04719	0.00449
7	0.00658	0.00448	0.00582	0.00613	0.00659	0.00427	0.01992	0.00728	0.00836	0.03806	0.04391	0.42763	0.05345	0.30689	0.01186	0.00271	0.00342	0.03534	0.00372	0.00357
8	0.87276	0.00876	0.00666	0.00596	0.00876	0.01017	0.00491	0.01332	0.00771	0.02033	0.00631	0.00736	0.00491	0.00421	0.00280	0.00140	0.00351	0.00245	0.00280	0.00491
9	0.00777	0.13565	0.06143	0.00690	0.00842	0.00718	0.00557	0.00984	0.07196	0.02891	0.03260	0.35724	0.05331	0.16886	0.02216	0.00220	0.00381	0.00829	0.00347	0.00441
10	0.01079	0.01534	0.37261	0.01073	0.01509	0.04900	0.05731	0.01553	0.10035	0.12265	0.16847	0.01604	0.01474	0.00565	0.00463	0.00143	0.00520	0.00476	0.00336	0.00630
11	0.00845	0.00422	0.00422	0.00422	0.00528	0.00422	0.00317	0.01056	0.00950	0.01689	0.01478	0.01689	0.01161	0.00528	0.00317	0.00106	0.00211	0.00422	0.86591	0.00422
12	0.35787	0.11689	0.01237	0.00926	0.01208	0.36078	0.04452	0.01546	0.01024	0.01489	0.00674	0.00793	0.00551	0.00435	0.00349	0.00125	0.00587	0.00279	0.00247	0.00522
13	0.00909	0.02344	0.81727	0.01292	0.01961	0.01052	0.01674	0.01435	0.00957	0.01435	0.00813	0.00957	0.00574	0.00431	0.00431	0.00144	0.00670	0.00335	0.00191	0.00670
14	0.01195	0.79918	0.06661	0.00803	0.01206	0.01753	0.00824	0.01361	0.00923	0.01086	0.00640	0.00739	0.00581	0.00390	0.00298	0.00099	0.00495	0.00247	0.00194	0.00586
15	0.00787	0.00394	0.00590	0.00590	0.00590	0.00394	0.00394	0.00590	0.00590	0.00787	0.00787	0.01377	0.00787	0.01574	0.01771	0.86816	0.00394	0.00394	0.00197	0.00197
16	0.00650	0.00473	0.00664	0.00664	0.00723	0.00532	0.00487	0.00768	0.00709	0.01005	0.01272	0.02103	0.01273	0.25387	0.60483	0.00649	0.01003	0.00533	0.00251	0.00369
17	0.00991	0.00991	0.01388	0.01190	0.01190	0.01388	0.00991	0.01091	0.00694	0.01091	0.00595	0.00991	0.00595	0.00793	0.01487	0.00198	0.83246	0.00397	0.00198	0.00496
18	0.01077	0.44877	0.23728	0.00865	0.01276	0.03499	0.00943	0.01337	0.00946	0.01278	0.00832	0.00962	0.00682	0.00426	0.00337	0.00112	0.00496	0.00301	0.15451	0.00576
19	0.00982	0.06568	0.19189	0.11264	0.01491	0.00987	0.02402	0.06915	0.00964	0.04781	0.00985	0.01265	0.00798	0.01131	0.17849	0.00268	0.12251	0.00401	0.08961	0.00548
20	0.00845	0.00422	0.00422	0.00422	0.00528	0.00422	0.00317	0.01056	0.00950	0.01689	0.01478	0.01689	0.01161	0.00528	0.00317	0.00106	0.00211	0.00422	0.86591	0.00422
21	0.00545	0.00448	0.00479	0.00495	0.00624	0.00383	0.00362	0.00659	0.01020	0.01248	0.08786	0.17806	0.63218	0.01181	0.00543	0.00158	0.00234	0.01005	0.00425	0.00383
22	0.00635	0.00454	0.00620	0.00715	0.00780	0.00439	0.00555	0.00779	0.00972	0.01288	0.07792	0.44286	0.02916	0.01313	0.00596	0.00192	0.00326	0.34524	0.00424	0.00393
23	0.69019	0.00997	0.03868	0.04790	0.04721	0.03892	0.04286	0.01352	0.00828	0.01884	0.00672	0.00810	0.00522	0.00422	0.00318	0.00140	0.00419	0.00278	0.00267	0.00515
24	0.00787	0.05917	0.00895	0.03131	0.09268	0.00693	0.00608	0.02932	0.08909	0.01377	0.11061	0.17501	0.13447	0.06286	0.10689	0.00239	0.00449	0.01948	0.03387	0.00477
25	0.01219	0.10642	0.08312	0.07812	0.17609	0.02386	0.07368	0.06668	0.10732	0.03046	0.01051	0.01251	0.00848	0.00533	0.00546	0.00151	0.06899	0.00417	0.00306	0.12205
26	0.02644	0.10350	0.13012	0.05769	0.08429	0.05675	0.03001	0.04066	0.03514	0.05038	0.06478	0.01365	0.03282	0.04383	0.00556	0.00139	0.04969	0.00406	0.00281	0.16643
27	0.24731	0.07652	0.06806	0.00858	0.01131	0.11150	0.02573	0.06462	0.04060	0.04419	0.03866	0.04618	0.04165	0.01916	0.03193	0.00162	0.06843	0.00411	0.00299	0.04685
28	0.02916	0.11136	0.10962	0.01078	0.08671	0.02862	0.04281	0.11177	0.08783	0.08801	0.04487	0.02690	0.04287	0.04671	0.00517	0.00143	0.00464	0.00441	0.00330	0.11305
29	0.01053	0.10023	0.09152	0.03072	0.04071	0.03651	0.03157	0.06832	0.06356	0.09725	0.15474	0.04491	0.09865	0.06239	0.00584	0.00158	0.00421	0.01831	0.00366	0.03480

[dist]
# distance from previous block
# <min> <max>
0	130

[block]
# block no. 6 follows, 57 sequences, length 28
# corresponding to MSA columns:
# 479-506
name=unknown_G
#
# <colnr> <probs for GDERKNQSTAVLIFYWHMCP>
#	G	D	E	R	K	N	Q	S	T	A	V	L	I	F	Y	W	H	M	C	P
0	0.06952	0.26103	0.10897	0.03989	0.03620	0.05303	0.07462	0.03545	0.08102	0.03859	0.02556	0.03121	0.03885	0.00490	0.00392	0.00124	0.00496	0.00391	0.00274	0.08439
1	0.06016	0.11782	0.20067	0.03706	0.06075	0.04411	0.00973	0.10767	0.07909	0.11804	0.01326	0.04026	0.05384	0.00559	0.00426	0.00138	0.00492	0.01773	0.01731	0.00635
2	0.01038	0.15946	0.25107	0.01083	0.05601	0.06360	0.05234	0.01371	0.05035	0.05620	0.06074	0.03109	0.11048	0.00582	0.00460	0.00135	0.02612	0.00470	0.00285	0.02829
3	0.04201	0.05206	0.13009	0.11516	0.08719	0.07314	0.09161	0.07646	0.02937	0.03627	0.04602	0.06029	0.06196	0.00675	0.03135	0.00161	0.00555	0.02027	0.00292	0.02991
4	0.00974	0.00854	0.02943	0.02814	0.14374	0.00806	0.05218	0.08491	0.11267	0.02947	0.14930	0.08224	0.08342	0.00664	0.00468	0.00134	0.00390	0.00587	0.00365	0.15207
5	0.04064	0.00576	0.00664	0.02770	0.00835	0.03122	0.00477	0.00866	0.00954	0.03778	0.08828	0.40565	0.12327	0.01041	0.00528	0.01918	0.00304	0.00894	0.00384	0.15106
6	0.02892	0.09075	0.06854	0.03771	0.09828	0.05380	0.10186	0.06080	0.01060	0.04103	0.01011	0.03507	0.03219	0.00454	0.00418	0.00114	0.01498	0.00388	0.00272	0.29888
7	0.51399	0.03738	0.02557	0.03512	0.01015	0.04622	0.00605	0.01242	0.00819	0.02765	0.00831	0.01120	0.00709	0.01018	0.15773	0.00250	0.02195	0.02834	0.00270	0.02727
8	0.00653	0.00440	0.00512	0.00528	0.00537	0.00438	0.00316	0.00674	0.00702	0.00934	0.01588	0.10639	0.01833	0.71247	0.02041	0.00401	0.00421	0.05506	0.00297	0.00292
9	0.00940	0.00805	0.00940	0.00671	0.01074	0.00604	0.00537	0.01141	0.00940	0.01477	0.00805	0.00940	0.00671	0.00336	0.00336	0.00067	0.00336	0.00268	0.00268	0.86845
10	0.01307	0.18423	0.06068	0.05802	0.20231	0.10535	0.00977	0.09263	0.01153	0.10206	0.01000	0.01110	0.02794	0.00462	0.00419	0.00123	0.01649	0.00363	0.00284	0.07832
11	0.00744	0.02613	0.00660	0.00649	0.00749	0.00478	0.00460	0.03367	0.00954	0.07157	0.03610	0.59551	0.06551	0.04228	0.00603	0.00177	0.00294	0.01062	0.00413	0.05680
12	0.03706	0.35973	0.27518	0.03142	0.04555	0.02699	0.01102	0.12183	0.01111	0.03042	0.00788	0.00895	0.00619	0.00431	0.00373	0.00122	0.00550	0.00310	0.00240	0.00639
13	0.01352	0.19707	0.08571	0.00999	0.02798	0.01343	0.00882	0.34611	0.11725	0.03227	0.01111	0.04663	0.00892	0.00615	0.02218	0.00147	0.03689	0.00418	0.00355	0.00676
14	0.00659	0.00439	0.00494	0.00494	0.00494	0.00439	0.00275	0.00659	0.00659	0.00879	0.01428	0.02965	0.01647	0.84075	0.02306	0.00439	0.00439	0.00659	0.00275	0.00275
15	0.05906	0.57049	0.18157	0.00885	0.01317	0.04628	0.00940	0.01420	0.00948	0.04180	0.00713	0.00807	0.00595	0.00408	0.00329	0.00111	0.00524	0.00271	0.00213	0.00599
16	0.10969	0.00987	0.09089	0.00884	0.01208	0.00865	0.05137	0.13100	0.04812	0.28671	0.04296	0.03917	0.02881	0.00622	0.01789	0.00151	0.01775	0.00466	0.07736	0.00645
17	0.00637	0.00444	0.00533	0.00544	0.00571	0.00449	0.00342	0.00680	0.00719	0.00961	0.01734	0.11182	0.07498	0.56313	0.15096	0.00439	0.00533	0.00717	0.00295	0.00313
18	0.00549	0.00457	0.00480	0.00479	0.00622	0.00388	0.00357	0.00675	0.01058	0.01296	0.14129	0.07030	0.68661	0.01129	0.00537	0.00153	0.00229	0.00951	0.00431	0.00388
19	0.00896	0.00472	0.00477	0.00459	0.00579	0.00480	0.00349	0.05654	0.01019	0.01758	0.01455	0.01654	0.01139	0.00529	0.00325	0.00107	0.00228	0.00422	0.81557	0.00443
20	0.00800	0.00416	0.00607	0.00603	0.00613	0.00422	0.00406	0.00660	0.03635	0.00829	0.00827	0.01389	0.00810	0.01538	0.01721	0.83511	0.00392	0.00398	0.00207	0.00217
21	0.01094	0.01066	0.01792	0.08169	0.66514	0.02885	0.05669	0.01366	0.01041	0.01461	0.03976	0.01214	0.00844	0.00428	0.00456	0.00137	0.00549	0.00425	0.00234	0.00681
22	0.00845	0.00422	0.00422	0.00422	0.00528	0.00422	0.00317	0.01056	0.00950	0.01689	0.01478	0.01689	0.01161	0.00528	0.00317	0.00106	0.00211	0.00422	0.86591	0.00422
23	0.00694	0.00515	0.00627	0.00590	0.00719	0.00490	0.00444	0.02228	0.06856	0.02906	0.54571	0.05680	0.17168	0.02532	0.01832	0.00161	0.00255	0.00815	0.00472	0.00446
24	0.03183	0.13140	0.10678	0.04339	0.06709	0.09854	0.04472	0.29218	0.02624	0.07024	0.00946	0.01034	0.00708	0.00490	0.00461	0.00133	0.03625	0.00370	0.00323	0.00669
25	0.01148	0.01037	0.04265	0.18350	0.46420	0.01035	0.04258	0.05073	0.01080	0.08012	0.03009	0.01227	0.00815	0.00453	0.00472	0.00141	0.01858	0.00421	0.00264	0.00665
26	0.00793	0.03094	0.00802	0.00724	0.00792	0.06463	0.00532	0.02250	0.00770	0.01028	0.01179	0.02029	0.01210	0.32263	0.35976	0.00502	0.08437	0.00518	0.00252	0.00386
27	0.01113	0.13767	0.13173	0.10538	0.21932	0.02196	0.05394	0.06850	0.01045	0.04005	0.00861	0.01103	0.00700	0.03363	0.00528	0.00140	0.04192	0.00373	0.00244	0.08483

[dist]
# distance from previous block
# <min> <max>
5	13

[block]
# block no. 7 follows, 57 sequences, length 6
# corresponding to MSA columns:
# 520-525
name=unknown_H
#
# <colnr> <probs for GDERKNQSTAVLIFYWHMCP>
#	G	D	E	R	K	N	Q	S	T	A	V	L	I	F	Y	W	H	M	C	P
0	0.11670	0.16300	0.11042	0.06230	0.13686	0.04915	0.05848	0.08664	0.05167	0.01543	0.01028	0.10051	0.00922	0.00546	0.00416	0.00137	0.00509	0.00453	0.00276	0.00598
1	0.00791	0.00536	0.00630	0.00594	0.00740	0.00494	0.00444	0.06674	0.01163	0.08598	0.23999	0.17604	0.31241	0.03684	0.00586	0.00162	0.00272	0.00884	0.00452	0.00452
2	0.00828	0.06800	0.03547	0.05893	0.00988	0.00653	0.02303	0.01011	0.02670	0.08430	0.20363	0.07755	0.26471	0.03969	0.00640	0.02815	0.03286	0.00726	0.00389	0.00464
3	0.01148	0.00613	0.00825	0.00740	0.00912	0.00589	0.02457	0.05240	0.01095	0.26738	0.07829	0.26273	0.01966	0.05268	0.04604	0.00199	0.02569	0.04022	0.06381	0.00532
4	0.06442	0.15681	0.06249	0.01086	0.07248	0.01146	0.06638	0.06898	0.10149	0.09184	0.01025	0.01133	0.00796	0.00500	0.00528	0.00133	0.10651	0.00377	0.05751	0.08383
5	0.03935	0.04545	0.01434	0.05331	0.35826	0.01009	0.03377	0.03551	0.16810	0.05145	0.08818	0.01638	0.03562	0.00550	0.00457	0.00142	0.00453	0.02439	0.00328	0.00650

[dist]
# distance from previous block
# <min> <max>
11	88

[block]
# block no. 8 follows, 57 sequences, length 22
# corresponding to MSA columns:
# 624-645
name=unknown_I
#
# <colnr> <probs for GDERKNQSTAVLIFYWHMCP>
#	G	D	E	R	K	N	Q	S	T	A	V	L	I	F	Y	W	H	M	C	P
0	0.04020	0.13536	0.07998	0.03254	0.13001	0.09082	0.03576	0.05942	0.03248	0.08279	0.03241	0.06560	0.00985	0.03235	0.00524	0.00140	0.04110	0.00435	0.00293	0.08542
1	0.07892	0.08153	0.13861	0.02779	0.10639	0.05145	0.05035	0.08059	0.08619	0.04552	0.07010	0.01521	0.06221	0.00640	0.02548	0.00157	0.04882	0.01374	0.00310	0.00602
2	0.01217	0.29021	0.16876	0.01041	0.04379	0.10626	0.03034	0.08371	0.06912	0.04630	0.03220	0.02347	0.03134	0.00543	0.01734	0.00134	0.00548	0.00378	0.00277	0.01579
3	0.11920	0.03302	0.06789	0.03074	0.05291	0.03282	0.11908	0.04330	0.03826	0.01464	0.07178	0.03889	0.05581	0.08513	0.13069	0.00257	0.00593	0.01779	0.00295	0.03660
4	0.01045	0.06308	0.21875	0.03792	0.03576	0.00926	0.07188	0.08146	0.02806	0.04556	0.01050	0.06044	0.02042	0.00483	0.00415	0.00119	0.00489	0.00409	0.00281	0.28453
5	0.00714	0.00552	0.02106	0.00693	0.00779	0.00587	0.00523	0.03751	0.03946	0.01121	0.01347	0.03916	0.01343	0.25427	0.48373	0.00567	0.00886	0.02694	0.00276	0.00399
6	0.01649	0.01220	0.01305	0.01014	0.01361	0.01354	0.00833	0.71261	0.08277	0.02745	0.01159	0.01154	0.00831	0.00549	0.00450	0.00136	0.00479	0.00417	0.03050	0.00756
7	0.00558	0.00437	0.00506	0.00536	0.00638	0.00385	0.00384	0.00676	0.01015	0.01295	0.16047	0.31771	0.41725	0.01207	0.00550	0.00162	0.00239	0.01050	0.00433	0.00385
8	0.00666	0.00446	0.00523	0.00542	0.00560	0.00444	0.00340	0.00702	0.00727	0.00978	0.01617	0.08520	0.01838	0.66236	0.01933	0.00385	0.00418	0.10052	0.02770	0.00302
9	0.00560	0.00398	0.00523	0.00620	0.00645	0.00374	0.00409	0.00633	0.00851	0.01135	0.02414	0.77486	0.02892	0.07857	0.00713	0.00204	0.00277	0.01239	0.00409	0.00361
10	0.04944	0.03530	0.01489	0.10784	0.34728	0.03736	0.05079	0.09009	0.02655	0.04692	0.06607	0.04029	0.01055	0.00506	0.00445	0.00136	0.00497	0.00455	0.02659	0.02965
11	0.01141	0.08438	0.24994	0.02955	0.08560	0.13816	0.01095	0.06235	0.02299	0.01426	0.00797	0.00955	0.00635	0.00452	0.00487	0.00124	0.07358	0.00327	0.00237	0.17668
12	0.36316	0.24136	0.01332	0.02872	0.01148	0.18940	0.00700	0.01454	0.00940	0.03922	0.00684	0.00799	0.00563	0.00443	0.00375	0.00126	0.04195	0.00272	0.00249	0.00532
13	0.00684	0.00504	0.00681	0.00665	0.00703	0.00575	0.00475	0.00763	0.00693	0.00976	0.01239	0.02194	0.01291	0.36430	0.40351	0.03140	0.07485	0.00547	0.00251	0.00352
14	0.02381	0.04823	0.08505	0.26067	0.22405	0.02687	0.05860	0.14268	0.01174	0.03593	0.00998	0.01213	0.03098	0.00470	0.00447	0.00140	0.00563	0.00412	0.00267	0.00630
15	0.01236	0.16887	0.17979	0.03539	0.11735	0.10559	0.06122	0.10675	0.03139	0.05958	0.00925	0.01092	0.00729	0.02023	0.05339	0.00170	0.00625	0.00370	0.00266	0.00631
16	0.04923	0.01067	0.04858	0.08860	0.19927	0.10802	0.02969	0.05219	0.04178	0.08078	0.14448	0.03013	0.04246	0.00641	0.01926	0.00152	0.03280	0.00497	0.00328	0.00588
17	0.00572	0.00410	0.00523	0.00606	0.00641	0.00384	0.00405	0.00647	0.00857	0.01130	0.02498	0.64199	0.08457	0.12829	0.00816	0.00218	0.00290	0.03760	0.00400	0.00358
18	0.01126	0.03095	0.04624	0.01564	0.27390	0.04009	0.08627	0.05391	0.07408	0.08426	0.03448	0.09688	0.04042	0.00612	0.00488	0.00144	0.02257	0.01752	0.05287	0.00621
19	0.02761	0.09095	0.19249	0.13834	0.18250	0.04196	0.04409	0.08989	0.05858	0.01509	0.00954	0.01245	0.00774	0.02912	0.01943	0.00158	0.00580	0.02405	0.00256	0.00625
20	0.00701	0.00647	0.02373	0.00641	0.00747	0.08315	0.00474	0.00819	0.00984	0.01249	0.08526	0.37138	0.24901	0.02857	0.00585	0.00166	0.02163	0.00959	0.05352	0.00402
21	0.00979	0.00782	0.01171	0.13580	0.27652	0.02143	0.00905	0.01204	0.02520	0.09275	0.05364	0.07265	0.11766	0.04226	0.07716	0.00209	0.00514	0.01853	0.00317	0.00558

[dist]
# distance from previous block
# <min> <max>
0	13

[block]
# block no. 9 follows, 57 sequences, length 8
# corresponding to MSA columns:
# 664-671
name=unknown_J
#
# <colnr> <probs for GDERKNQSTAVLIFYWHMCP>
#	G	D	E	R	K	N	Q	S	T	A	V	L	I	F	Y	W	H	M	C	P
0	0.01148	0.05810	0.06390	0.10020	0.31166	0.04514	0.01079	0.06787	0.08292	0.05219	0.02980	0.02806	0.00926	0.00500	0.00462	0.00135	0.02340	0.01942	0.00288	0.07197
1	0.00580	0.00416	0.00526	0.00599	0.00657	0.00384	0.00418	0.00688	0.00937	0.01258	0.09240	0.58374	0.13863	0.01286	0.00557	0.00173	0.00258	0.04375	0.05031	0.00380
2	0.04493	0.02617	0.00963	0.05990	0.13423	0.02005	0.00697	0.05878	0.00985	0.04271	0.05081	0.13455	0.10594	0.07855	0.15329	0.00276	0.02917	0.00634	0.02048	0.00491
3	0.01173	0.03347	0.07757	0.04649	0.16916	0.04078	0.06220	0.21547	0.04183	0.03738	0.06304	0.05362	0.08981	0.00606	0.00466	0.00139	0.00486	0.00521	0.00343	0.03185
4	0.00634	0.00433	0.00498	0.00515	0.00528	0.00424	0.00303	0.00654	0.00715	0.00944	0.01781	0.16574	0.06253	0.65662	0.01919	0.00381	0.00398	0.00781	0.00307	0.00296
5	0.00570	0.00409	0.00536	0.00621	0.00659	0.00382	0.00423	0.00662	0.00903	0.01207	0.09018	0.68066	0.05472	0.05301	0.00657	0.00193	0.00271	0.03858	0.00420	0.00371
6	0.01111	0.14682	0.14881	0.05788	0.14873	0.04328	0.07932	0.05396	0.09341	0.04141	0.01170	0.03102	0.03186	0.00530	0.00456	0.00139	0.02084	0.03487	0.02751	0.00622
7	0.01190	0.16945	0.10473	0.09176	0.11871	0.21176	0.05683	0.01486	0.06001	0.01276	0.02846	0.01122	0.02177	0.00533	0.01881	0.00142	0.04826	0.00374	0.00239	0.00583

[dist]
# distance from previous block
# <min> <max>
0	1

[block]
# block no. 10 follows, 57 sequences, length 17
# corresponding to MSA columns:
# 674-690
name=unknown_K
#
# <colnr> <probs for GDERKNQSTAVLIFYWHMCP>
#	G	D	E	R	K	N	Q	S	T	A	V	L	I	F	Y	W	H	M	C	P
0	0.01328	0.00925	0.00975	0.00844	0.01026	0.14394	0.00662	0.01467	0.01081	0.27780	0.10816	0.01898	0.04224	0.09256	0.07749	0.00227	0.12260	0.02157	0.00383	0.00548
1	0.01088	0.02757	0.08626	0.00960	0.06570	0.00852	0.02272	0.14036	0.02622	0.01697	0.00873	0.00993	0.00693	0.00390	0.00376	0.00094	0.00418	0.00315	0.00290	0.54078
2	0.00728	0.00617	0.03062	0.00640	0.00689	0.03768	0.00451	0.00791	0.00730	0.00979	0.03053	0.02513	0.03648	0.54163	0.15272	0.00432	0.07256	0.00597	0.00268	0.00342
3	0.00564	0.00401	0.00532	0.00632	0.00660	0.00377	0.00425	0.00643	0.00864	0.01151	0.02443	0.77095	0.02919	0.05354	0.00662	0.00197	0.00277	0.04026	0.00414	0.00365
4	0.00677	0.00524	0.00672	0.00647	0.00774	0.00522	0.02642	0.00903	0.06568	0.02467	0.12492	0.08605	0.27452	0.06549	0.21711	0.00320	0.00529	0.03601	0.01920	0.00424
5	0.02261	0.08698	0.29993	0.02264	0.15021	0.07486	0.01161	0.05052	0.04821	0.01439	0.01179	0.08392	0.04062	0.00579	0.00470	0.00142	0.03011	0.01713	0.01644	0.00611
6	0.01163	0.44108	0.25552	0.00964	0.01422	0.08736	0.01036	0.03988	0.01005	0.01267	0.00718	0.00830	0.00592	0.00409	0.00351	0.00112	0.00559	0.00281	0.00210	0.06697
7	0.01079	0.47082	0.29367	0.00994	0.01466	0.01441	0.04165	0.01406	0.03746	0.01264	0.03689	0.00956	0.00747	0.00430	0.00363	0.00119	0.00544	0.00316	0.00215	0.00612
8	0.00967	0.03569	0.01060	0.02259	0.04972	0.00709	0.02412	0.05356	0.01031	0.01535	0.04827	0.01244	0.04768	0.00423	0.00372	0.00086	0.00363	0.00350	0.00290	0.63407
9	0.00662	0.00526	0.00595	0.00567	0.00712	0.00495	0.00428	0.02665	0.08812	0.01561	0.34861	0.06252	0.38188	0.01003	0.00527	0.00150	0.00243	0.00857	0.00457	0.00441
10	0.00670	0.00514	0.00752	0.00740	0.00810	0.00609	0.00572	0.00816	0.00721	0.01042	0.01191	0.01818	0.01137	0.09206	0.71286	0.00674	0.06308	0.00493	0.00242	0.00401
11	0.00982	0.04027	0.57970	0.01486	0.10239	0.01087	0.10694	0.04239	0.01024	0.01490	0.02128	0.01043	0.00669	0.00433	0.00444	0.00142	0.00649	0.00374	0.00214	0.00665
12	0.00926	0.00827	0.02903	0.00718	0.01101	0.00620	0.03443	0.01135	0.00937	0.01461	0.00880	0.02571	0.00755	0.02507	0.00399	0.00085	0.00356	0.00314	0.03246	0.74818
