[name]
unknown

[dist]
# distance from previous block
# <min> <max>
0	4

[block]
# block no. 0 follows, 72 sequences, length 20
# corresponding to MSA columns:
# 4-23
name=unknown_A
#
# <colnr> <probs for GDERKNQSTAVLIFYWHMCP>
#	G	D	E	R	K	N	Q	S	T	A	V	L	I	F	Y	W	H	M	C	P
0	0.09189	0.04045	0.04137	0.00791	0.01059	0.01993	0.04205	0.17418	0.04515	0.26731	0.01316	0.01682	0.02298	0.00571	0.00407	0.00133	0.00387	0.14095	0.00371	0.04657
1	0.00776	0.19701	0.00878	0.00553	0.00740	0.11500	0.00454	0.03596	0.00928	0.03531	0.10440	0.02357	0.41783	0.00698	0.00385	0.00112	0.00312	0.00558	0.00301	0.00396
2	0.00904	0.04981	0.28003	0.01558	0.38599	0.03919	0.01107	0.05539	0.04247	0.01285	0.04418	0.01013	0.01977	0.00388	0.00369	0.00114	0.00468	0.00336	0.00209	0.00565
3	0.00911	0.00955	0.00868	0.00784	0.00920	0.30186	0.05695	0.04074	0.00837	0.00984	0.00869	0.01234	0.00788	0.08411	0.36828	0.00341	0.00767	0.00359	0.03800	0.00388
4	0.01412	0.01048	0.01122	0.00867	0.01165	0.01162	0.00714	0.78243	0.06629	0.02343	0.00948	0.00940	0.00675	0.00459	0.00380	0.00115	0.00410	0.00347	0.00380	0.00642
5	0.00521	0.00387	0.00486	0.00461	0.00557	0.00351	0.00346	0.00686	0.01037	0.01434	0.70113	0.02975	0.17625	0.00808	0.00447	0.00121	0.00181	0.00706	0.00406	0.00351
6	0.00463	0.00383	0.00406	0.00403	0.00522	0.00326	0.00301	0.00571	0.00894	0.01103	0.16758	0.05951	0.68734	0.00937	0.00449	0.00127	0.00191	0.00790	0.00363	0.00326
7	0.00506	0.00364	0.00479	0.00498	0.00560	0.00337	0.00355	0.00638	0.00931	0.01293	0.50342	0.37246	0.03138	0.00945	0.00462	0.00134	0.00196	0.00847	0.00391	0.00337
8	0.00786	0.00674	0.00786	0.00562	0.00899	0.00506	0.00449	0.00955	0.00786	0.01236	0.00674	0.00786	0.00562	0.00281	0.00281	0.00056	0.00281	0.00225	0.00225	0.88990
9	0.01372	0.00732	0.00880	0.00723	0.00984	0.00744	0.00582	0.04951	0.35979	0.46443	0.01494	0.01329	0.01020	0.00488	0.00383	0.00122	0.00317	0.00400	0.00431	0.00626
10	0.00542	0.00406	0.00610	0.00610	0.00677	0.00474	0.00474	0.00677	0.00610	0.00880	0.01016	0.01490	0.00948	0.02844	0.85169	0.00610	0.01016	0.00406	0.00203	0.00339
11	0.01082	0.01238	0.01172	0.03006	0.11426	0.35698	0.00836	0.01193	0.00823	0.00961	0.00565	0.00787	0.00507	0.00505	0.00746	0.00130	0.38399	0.00297	0.00181	0.00448
12	0.00761	0.01962	0.84707	0.01081	0.01641	0.00881	0.01401	0.01201	0.00801	0.01201	0.00681	0.00801	0.00480	0.00360	0.00360	0.00120	0.00560	0.00280	0.00160	0.00560
13	0.00864	0.00827	0.01398	0.28310	0.55191	0.00894	0.01115	0.01092	0.00818	0.01141	0.00692	0.00957	0.00567	0.00365	0.00414	0.00119	0.04181	0.00337	0.00181	0.00537
14	0.00716	0.03193	0.05297	0.12433	0.15664	0.03614	0.02261	0.00869	0.00793	0.04666	0.01398	0.42357	0.01512	0.00762	0.00422	0.00133	0.00353	0.00687	0.00276	0.02595
15	0.01417	0.01808	0.01075	0.00977	0.01172	0.85149	0.00733	0.01514	0.01075	0.00928	0.00586	0.00684	0.00489	0.00391	0.00342	0.00098	0.00684	0.00244	0.00195	0.00440
16	0.00458	0.00362	0.00412	0.00447	0.00530	0.00317	0.00317	0.00545	0.00816	0.01021	0.06376	0.37693	0.47274	0.01047	0.00463	0.00138	0.00203	0.00910	0.00355	0.00317
17	0.00836	0.00866	0.07674	0.11028	0.32720	0.00731	0.02336	0.01059	0.00815	0.01203	0.00691	0.00875	0.00564	0.00321	0.00337	0.00092	0.00399	0.00289	0.00199	0.36964
18	0.00647	0.00555	0.00621	0.00489	0.00740	0.00429	0.00383	0.00786	0.00819	0.01149	0.01978	0.01965	0.34974	0.00561	0.00350	0.00086	0.00244	0.00462	0.00277	0.52486
19	0.00467	0.00343	0.00439	0.00509	0.00551	0.00315	0.00350	0.00545	0.00765	0.01005	0.05950	0.68564	0.14427	0.01133	0.00478	0.00149	0.00218	0.03121	0.00355	0.00313

[dist]
# distance from previous block
# <min> <max>
0	1

[block]
# block no. 1 follows, 72 sequences, length 9
# corresponding to MSA columns:
# 25-33
name=unknown_B
#
# <colnr> <probs for GDERKNQSTAVLIFYWHMCP>
#	G	D	E	R	K	N	Q	S	T	A	V	L	I	F	Y	W	H	M	C	P
0	0.00754	0.00706	0.05695	0.04120	0.00919	0.00699	0.00564	0.01392	0.42333	0.01473	0.28154	0.01993	0.08380	0.00619	0.00409	0.00125	0.00277	0.00528	0.00371	0.00491
1	0.00638	0.00518	0.00834	0.39510	0.01535	0.00622	0.00718	0.00785	0.00661	0.00889	0.00809	0.01223	0.00705	0.01501	0.34523	0.12946	0.00685	0.00364	0.00182	0.00352
2	0.00470	0.00339	0.00446	0.00529	0.00561	0.00316	0.00363	0.00543	0.00742	0.00981	0.02189	0.76960	0.07309	0.01167	0.00484	0.00154	0.00226	0.05559	0.00352	0.00311
3	0.00502	0.00352	0.00423	0.00463	0.00484	0.00336	0.00290	0.00540	0.00659	0.00867	0.01840	0.40556	0.09393	0.40237	0.01142	0.00249	0.00285	0.00812	0.00296	0.00273
4	0.01469	0.04358	0.04500	0.00901	0.06041	0.10993	0.06023	0.04582	0.01045	0.51926	0.01170	0.01104	0.00780	0.00437	0.00399	0.00115	0.02846	0.00352	0.00365	0.00593
5	0.10858	0.00832	0.04183	0.01508	0.43230	0.00775	0.00879	0.01398	0.00915	0.30268	0.00964	0.01021	0.00693	0.00386	0.00362	0.00115	0.00393	0.00336	0.00290	0.00594
6	0.00736	0.00574	0.00675	0.00664	0.00779	0.00628	0.00504	0.04120	0.29974	0.03448	0.01764	0.33486	0.03664	0.03727	0.00532	0.00152	0.04486	0.09294	0.00355	0.00439
7	0.33023	0.02992	0.00564	0.00491	0.00609	0.00630	0.00353	0.06056	0.00683	0.01213	0.00945	0.01715	0.00984	0.43997	0.01112	0.00245	0.00344	0.03465	0.00244	0.00334
8	0.01021	0.01400	0.22097	0.01201	0.16556	0.25209	0.03072	0.01413	0.15662	0.01201	0.00815	0.00907	0.00634	0.00386	0.00359	0.00109	0.00511	0.00307	0.00221	0.06920

[dist]
# distance from previous block
# <min> <max>
0	2

[block]
# block no. 2 follows, 72 sequences, length 26
# corresponding to MSA columns:
# 36-61
name=unknown_C
#
# <colnr> <probs for GDERKNQSTAVLIFYWHMCP>
#	G	D	E	R	K	N	Q	S	T	A	V	L	I	F	Y	W	H	M	C	P
0	0.03029	0.01107	0.04594	0.01221	0.21777	0.12315	0.00830	0.38520	0.01314	0.06769	0.00834	0.00903	0.00622	0.00407	0.00366	0.00110	0.00452	0.00322	0.01505	0.03002
1	0.00771	0.00665	0.00965	0.03627	0.35496	0.03822	0.00731	0.02312	0.00846	0.04606	0.01571	0.31042	0.10556	0.00714	0.00421	0.00129	0.00346	0.00646	0.00278	0.00459
2	0.00972	0.35618	0.07394	0.01033	0.14898	0.05096	0.05132	0.03582	0.13729	0.02371	0.00974	0.01035	0.05830	0.00407	0.00330	0.00104	0.00419	0.00324	0.00227	0.00524
3	0.00843	0.00592	0.00697	0.00644	0.00763	0.00655	0.00477	0.02947	0.41510	0.03438	0.01123	0.01281	0.00912	0.00881	0.00890	0.40961	0.00317	0.00380	0.00286	0.00402
4	0.00761	0.01962	0.84707	0.01081	0.01641	0.00881	0.01401	0.01201	0.00801	0.01201	0.00681	0.00801	0.00480	0.00360	0.00360	0.00120	0.00560	0.00280	0.00160	0.00560
5	0.00491	0.00356	0.00464	0.00501	0.00555	0.00328	0.00351	0.00603	0.00871	0.01190	0.34655	0.49242	0.06956	0.01013	0.00468	0.00139	0.00202	0.00909	0.00378	0.00328
6	0.00466	0.00385	0.00409	0.00403	0.00523	0.00328	0.00302	0.00579	0.00907	0.01125	0.20079	0.03485	0.67852	0.00923	0.00448	0.00126	0.00189	0.00777	0.00365	0.00328
7	0.00502	0.00377	0.00406	0.00406	0.00470	0.00349	0.00267	0.00553	0.00704	0.00879	0.02460	0.03007	0.41109	0.42531	0.04182	0.00261	0.00306	0.00666	0.00288	0.00277
8	0.00537	0.00388	0.00507	0.00477	0.00567	0.00358	0.00358	0.00716	0.01074	0.01521	0.84106	0.02833	0.03578	0.00775	0.00447	0.00119	0.00179	0.00686	0.00417	0.00358
9	0.01014	0.86900	0.01987	0.00649	0.00973	0.01501	0.00649	0.01136	0.00771	0.00892	0.00527	0.00608	0.00487	0.00324	0.00243	0.00081	0.00406	0.00203	0.00162	0.00487
10	0.01014	0.86900	0.01987	0.00649	0.00973	0.01501	0.00649	0.01136	0.00771	0.00892	0.00527	0.00608	0.00487	0.00324	0.00243	0.00081	0.00406	0.00203	0.00162	0.00487
11	0.06129	0.01588	0.01020	0.00909	0.01121	0.68846	0.00691	0.01540	0.01053	0.12661	0.00710	0.00765	0.00547	0.00400	0.00342	0.00101	0.00613	0.00261	0.00236	0.00467
12	0.01442	0.01062	0.01138	0.00873	0.01176	0.01176	0.00721	0.83041	0.01783	0.02390	0.00911	0.00911	0.00645	0.00455	0.00379	0.00114	0.00417	0.00341	0.00379	0.00645
13	0.00860	0.00855	0.01330	0.08456	0.12010	0.04801	0.23533	0.01082	0.00838	0.01192	0.00701	0.00886	0.00562	0.00313	0.00351	0.00091	0.00441	0.00312	0.00205	0.41180
14	0.01014	0.86900	0.01987	0.00649	0.00973	0.01501	0.00649	0.01136	0.00771	0.00892	0.00527	0.00608	0.00487	0.00324	0.00243	0.00081	0.00406	0.00203	0.00162	0.00487
15	0.89350	0.00733	0.00557	0.00499	0.00733	0.00851	0.00411	0.01115	0.00645	0.01702	0.00528	0.00616	0.00411	0.00352	0.00235	0.00117	0.00293	0.00205	0.00235	0.00411
16	0.01213	0.00948	0.01009	0.00826	0.01089	0.01069	0.00665	0.45798	0.39399	0.02021	0.01202	0.01142	0.00881	0.00483	0.00382	0.00121	0.00363	0.00382	0.00382	0.00624
17	0.00689	0.00659	0.01249	0.00961	0.01175	0.00615	0.35859	0.00925	0.00987	0.01373	0.45839	0.04537	0.02256	0.00592	0.00449	0.00124	0.00378	0.00595	0.00319	0.00422
18	0.00781	0.14296	0.64479	0.00995	0.03095	0.00930	0.01205	0.01146	0.00806	0.01157	0.03398	0.02923	0.02392	0.00400	0.00351	0.00115	0.00508	0.00313	0.00178	0.00533
19	0.00640	0.01238	0.45981	0.00785	0.01137	0.00633	0.00908	0.00944	0.00885	0.01250	0.23155	0.01896	0.17837	0.00588	0.00400	0.00121	0.00388	0.00489	0.00266	0.00460
20	0.01072	0.00506	0.00678	0.00568	0.00751	0.00450	0.00450	0.01236	0.01079	0.39693	0.46135	0.02124	0.02365	0.00635	0.00417	0.00118	0.00245	0.00546	0.00441	0.00490
21	0.00881	0.09763	0.37063	0.02900	0.32952	0.00949	0.04103	0.01187	0.00827	0.03147	0.00697	0.00858	0.00542	0.00356	0.00377	0.00115	0.02238	0.00305	0.00180	0.00564
22	0.02557	0.00923	0.07841	0.02568	0.30828	0.01829	0.15600	0.02525	0.02102	0.25498	0.00995	0.02375	0.00737	0.00402	0.00390	0.00119	0.00449	0.01403	0.00279	0.00580
23	0.00462	0.00330	0.00440	0.00528	0.00550	0.00308	0.00352	0.00528	0.00726	0.00968	0.02090	0.86424	0.02508	0.01188	0.00484	0.00154	0.00220	0.01078	0.00352	0.00308
24	0.02129	0.00697	0.02389	0.02490	0.13194	0.01892	0.17537	0.03865	0.00932	0.07122	0.09852	0.02152	0.31809	0.00626	0.00433	0.00123	0.01450	0.00563	0.00298	0.00449
25	0.01018	0.19623	0.04504	0.04088	0.42176	0.05738	0.03640	0.02590	0.03526	0.06051	0.00735	0.00885	0.00597	0.00364	0.00373	0.00108	0.02911	0.00310	0.00207	0.00555

[dist]
# distance from previous block
# <min> <max>
3	5

[block]
# block no. 3 follows, 72 sequences, length 55
# corresponding to MSA columns:
# 67-121
name=unknown_D
#
# <colnr> <probs for GDERKNQSTAVLIFYWHMCP>
#	G	D	E	R	K	N	Q	S	T	A	V	L	I	F	Y	W	H	M	C	P
0	0.01153	0.01375	0.01154	0.07505	0.01258	0.48313	0.04052	0.01267	0.00884	0.00938	0.00572	0.00769	0.00496	0.00475	0.00640	0.00123	0.28120	0.00288	0.00184	0.00433
1	0.00500	0.00386	0.00456	0.00439	0.00544	0.00342	0.00329	0.00645	0.00987	0.01315	0.50798	0.03172	0.37015	0.00852	0.00448	0.00123	0.00184	0.00733	0.00390	0.00342
2	0.00795	0.04383	0.01476	0.30017	0.13654	0.02449	0.26718	0.01033	0.00828	0.01093	0.02640	0.10024	0.02277	0.00456	0.00407	0.00125	0.00497	0.00458	0.00206	0.00463
3	0.00454	0.00360	0.00409	0.00449	0.00529	0.00315	0.00317	0.00537	0.00803	0.00999	0.03058	0.40694	0.47614	0.01062	0.00464	0.00140	0.00205	0.00925	0.00352	0.00315
4	0.00603	0.00546	0.00784	0.26725	0.13077	0.00564	0.00649	0.00769	0.00841	0.01058	0.05721	0.02425	0.43427	0.00687	0.00417	0.00125	0.00324	0.00588	0.00275	0.00393
5	0.00718	0.00514	0.00639	0.00524	0.00721	0.00428	0.00407	0.00891	0.00968	0.07759	0.46831	0.01956	0.02257	0.00568	0.00380	0.00096	0.00228	0.00491	0.00350	0.33275
6	0.00716	0.00674	0.01138	0.85760	0.02612	0.00843	0.01053	0.00969	0.00758	0.00969	0.00674	0.01011	0.00506	0.00379	0.00379	0.00126	0.00506	0.00337	0.00169	0.00421
7	0.01212	0.00744	0.00861	0.00723	0.00974	0.00774	0.00575	0.01887	0.48109	0.32048	0.01472	0.01330	0.01040	0.00483	0.00378	0.00120	0.00307	0.00399	0.00406	0.06158
8	0.40548	0.21724	0.02354	0.00723	0.05899	0.03741	0.00577	0.01316	0.16226	0.02651	0.00747	0.00798	0.00592	0.00378	0.00281	0.00110	0.00349	0.00260	0.00244	0.00483
9	0.00825	0.01469	0.47452	0.01581	0.35937	0.00871	0.01269	0.01164	0.00824	0.01209	0.00740	0.03617	0.00596	0.00378	0.00371	0.00118	0.00504	0.00330	0.00178	0.00569
10	0.00606	0.00524	0.00833	0.46109	0.03165	0.00604	0.00741	0.00775	0.00746	0.00973	0.01309	0.39234	0.01404	0.00740	0.00426	0.00139	0.00377	0.00669	0.00251	0.00374
11	0.89350	0.00733	0.00557	0.00499	0.00733	0.00851	0.00411	0.01115	0.00645	0.01702	0.00528	0.00616	0.00411	0.00352	0.00235	0.00117	0.00293	0.00205	0.00235	0.00411
12	0.00462	0.00330	0.00440	0.00528	0.00550	0.00308	0.00352	0.00528	0.00726	0.00968	0.02090	0.86424	0.02508	0.01188	0.00484	0.00154	0.00220	0.01078	0.00352	0.00308
13	0.40783	0.00915	0.00878	0.00705	0.00978	0.01031	0.00582	0.46377	0.01274	0.02082	0.00739	0.00779	0.00540	0.00409	0.00315	0.00115	0.00362	0.00281	0.00315	0.00540
14	0.01219	0.00951	0.01013	0.00827	0.01091	0.01072	0.00667	0.46780	0.38408	0.02030	0.01194	0.01136	0.00874	0.00482	0.00382	0.00120	0.00365	0.00381	0.00382	0.00625
15	0.01702	0.00645	0.00880	0.00675	0.00968	0.00557	0.00557	0.01848	0.01085	0.84568	0.01496	0.01291	0.00939	0.00469	0.00381	0.00117	0.00323	0.00381	0.00469	0.00645
16	0.00539	0.00396	0.00553	0.00536	0.00616	0.00410	0.00410	0.00698	0.00866	0.01234	0.46921	0.02232	0.02401	0.01701	0.38362	0.00339	0.00553	0.00561	0.00322	0.00349
17	0.00502	0.00366	0.00475	0.00509	0.00573	0.00339	0.00370	0.00624	0.00887	0.01204	0.34405	0.39233	0.10411	0.00994	0.00470	0.00140	0.00212	0.07576	0.00377	0.00332
18	0.00830	0.00809	0.01259	0.23166	0.24216	0.01008	0.00979	0.00996	0.00704	0.01017	0.00602	0.00906	0.00528	0.00501	0.00784	0.00141	0.40579	0.00335	0.00173	0.00467
19	0.87296	0.00731	0.00565	0.00503	0.00739	0.00844	0.00414	0.01132	0.00656	0.03644	0.00551	0.00632	0.00423	0.00355	0.00238	0.00117	0.00294	0.00209	0.00240	0.00416
20	0.00511	0.00351	0.00425	0.00465	0.00475	0.00341	0.00285	0.00541	0.00630	0.00840	0.01596	0.40048	0.01884	0.48415	0.01283	0.00272	0.00302	0.00787	0.00285	0.00265
21	0.00837	0.00897	0.05410	0.05902	0.11253	0.03273	0.33047	0.01091	0.02712	0.02647	0.00809	0.01110	0.00669	0.00867	0.16709	0.00222	0.10549	0.01323	0.00199	0.00476
22	0.01871	0.15182	0.30582	0.00741	0.01016	0.02595	0.00774	0.02368	0.00719	0.00995	0.00848	0.01330	0.00801	0.24057	0.14337	0.00258	0.00553	0.00360	0.00192	0.00421
23	0.03824	0.00588	0.00751	0.00610	0.00827	0.00546	0.00491	0.08460	0.01120	0.44439	0.29154	0.01760	0.01785	0.00567	0.00395	0.00117	0.00277	0.00474	0.03283	0.00533
24	0.00948	0.02801	0.06428	0.03141	0.25950	0.00963	0.11595	0.06620	0.31013	0.01406	0.01019	0.01103	0.00787	0.00423	0.00422	0.00123	0.04037	0.00379	0.00269	0.00575
25	0.89350	0.00733	0.00557	0.00499	0.00733	0.00851	0.00411	0.01115	0.00645	0.01702	0.00528	0.00616	0.00411	0.00352	0.00235	0.00117	0.00293	0.00205	0.00235	0.00411
26	0.01053	0.14104	0.28471	0.01101	0.04397	0.30468	0.12853	0.01302	0.00908	0.01064	0.00639	0.00769	0.00502	0.00359	0.00350	0.00107	0.00589	0.00283	0.00178	0.00502
27	0.00551	0.00400	0.00550	0.04022	0.00649	0.00444	0.00398	0.00636	0.00595	0.00828	0.01094	0.03487	0.01132	0.36146	0.46875	0.00485	0.00721	0.00474	0.00215	0.00298
28	0.00495	0.00358	0.00469	0.00501	0.00556	0.00331	0.00353	0.00613	0.00887	0.01220	0.39224	0.46289	0.05298	0.00995	0.00466	0.00138	0.00201	0.00893	0.00382	0.00331
29	0.00476	0.00382	0.00425	0.00426	0.00535	0.00331	0.00318	0.00593	0.00909	0.01154	0.24973	0.10018	0.54764	0.00931	0.00452	0.00129	0.00194	0.02291	0.00369	0.00330
30	0.00591	0.00367	0.00367	0.00367	0.00473	0.00339	0.00275	0.00732	0.00826	0.01240	0.02403	0.02415	0.38197	0.00674	0.00347	0.00106	0.00184	0.00553	0.49204	0.00339
31	0.00611	0.00437	0.00611	0.00698	0.00786	0.00437	0.00611	0.00786	0.00873	0.01135	0.02008	0.04278	0.02183	0.01048	0.00524	0.00175	0.00349	0.81753	0.00349	0.00349
32	0.01014	0.86900	0.01987	0.00649	0.00973	0.01501	0.00649	0.01136	0.00771	0.00892	0.00527	0.00608	0.00487	0.00324	0.00243	0.00081	0.00406	0.00203	0.00162	0.00487
33	0.01702	0.00645	0.00880	0.00675	0.00968	0.00557	0.00557	0.01848	0.01085	0.84568	0.01496	0.01291	0.00939	0.00469	0.00381	0.00117	0.00323	0.00381	0.00469	0.00645
34	0.01014	0.86900	0.01987	0.00649	0.00973	0.01501	0.00649	0.01136	0.00771	0.00892	0.00527	0.00608	0.00487	0.00324	0.00243	0.00081	0.00406	0.00203	0.00162	0.00487
35	0.00502	0.00347	0.00428	0.00477	0.00489	0.00335	0.00297	0.00539	0.00648	0.00864	0.01690	0.48858	0.02003	0.39444	0.01131	0.00250	0.00286	0.00842	0.00297	0.00273
36	0.01140	0.01041	0.01746	0.01274	0.01621	0.01056	0.46138	0.37834	0.01293	0.01741	0.00831	0.00973	0.00607	0.00380	0.00417	0.00122	0.00540	0.00400	0.00276	0.00571
37	0.00830	0.00830	0.01162	0.00996	0.00996	0.01162	0.00830	0.00913	0.00581	0.00913	0.00498	0.00830	0.00498	0.00664	0.01245	0.00166	0.85977	0.00332	0.00166	0.00415
38	0.00806	0.00744	0.00954	0.00756	0.00942	0.00799	0.00620	0.00936	0.00694	0.01091	0.00595	0.00806	0.00533	0.00452	0.00712	0.00105	0.38632	0.00273	0.00198	0.49350
39	0.00786	0.00674	0.00786	0.00562	0.00899	0.00506	0.00449	0.00955	0.00786	0.01236	0.00674	0.00786	0.00562	0.00281	0.00281	0.00056	0.00281	0.00225	0.00225	0.88990
40	0.00847	0.03239	0.70292	0.01086	0.04233	0.00925	0.01295	0.09980	0.02282	0.01331	0.00718	0.00824	0.00513	0.00372	0.00361	0.00119	0.00535	0.00290	0.00188	0.00570
41	0.01389	0.00801	0.00951	0.02713	0.01047	0.00828	0.00618	0.35860	0.05997	0.33455	0.04435	0.01240	0.00935	0.03366	0.04443	0.00148	0.00394	0.00385	0.00398	0.00598
42	0.00497	0.00386	0.00452	0.00436	0.00542	0.00341	0.00327	0.00639	0.00980	0.01299	0.48185	0.03199	0.39637	0.00858	0.00448	0.00123	0.00185	0.00737	0.00388	0.00341
43	0.00786	0.00674	0.00786	0.00562	0.00899	0.00506	0.00449	0.00955	0.00786	0.01236	0.00674	0.00786	0.00562	0.00281	0.00281	0.00056	0.00281	0.00225	0.00225	0.88990
44	0.00913	0.10031	0.27777	0.02496	0.08547	0.00934	0.27454	0.03974	0.02344	0.06334	0.00872	0.03558	0.02226	0.00391	0.00386	0.00119	0.00519	0.00377	0.00213	0.00535
45	0.00524	0.00361	0.00445	0.00484	0.00503	0.00352	0.00314	0.00571	0.00665	0.00888	0.04993	0.32965	0.01950	0.44449	0.01219	0.00263	0.00305	0.08182	0.00293	0.00274
46	0.00483	0.00365	0.00413	0.00435	0.00499	0.00331	0.00294	0.00549	0.00754	0.00956	0.06263	0.26018	0.36588	0.23340	0.00844	0.00197	0.00245	0.00807	0.00323	0.00295
47	0.01233	0.21657	0.08836	0.02215	0.11499	0.04382	0.06977	0.01442	0.02794	0.31870	0.00966	0.00982	0.00690	0.00398	0.00369	0.00110	0.02403	0.00323	0.00287	0.00566
48	0.01065	0.00856	0.01126	0.04381	0.29677	0.06867	0.02245	0.19069	0.01099	0.10441	0.07340	0.11992	0.01104	0.00524	0.00395	0.00119	0.00402	0.00459	0.00298	0.00540
49	0.00656	0.00640	0.01245	0.01007	0.01191	0.00599	0.37307	0.00835	0.00802	0.01079	0.01498	0.48205	0.01643	0.00800	0.00468	0.00142	0.00408	0.00796	0.00280	0.00399
50	0.02191	0.00840	0.03899	0.31013	0.48107	0.00875	0.01095	0.01080	0.00818	0.01148	0.02482	0.00992	0.00622	0.00372	0.00400	0.00119	0.02894	0.00341	0.00185	0.00524
51	0.00998	0.05385	0.19854	0.01172	0.17892	0.05812	0.01989	0.13323	0.19651	0.03473	0.01005	0.04084	0.00807	0.00452	0.00375	0.00119	0.00436	0.02334	0.00270	0.00567
52	0.13041	0.04638	0.10450	0.02920	0.01133	0.07450	0.06020	0.01079	0.00706	0.04503	0.00610	0.00834	0.00521	0.00589	0.03609	0.00155	0.40792	0.00309	0.00192	0.00449
53	0.01145	0.19834	0.01145	0.00704	0.00999	0.18615	0.00585	0.06049	0.00947	0.13713	0.00761	0.00809	0.00592	0.00352	0.00306	0.00083	0.00407	0.00254	0.00251	0.32447
54	0.00553	0.00385	0.00472	0.00471	0.00486	0.00405	0.00298	0.00586	0.00570	0.00777	0.01167	0.04604	0.01299	0.64376	0.19841	0.00410	0.02283	0.00530	0.00226	0.00259

[dist]
# distance from previous block
# <min> <max>
0	2

[block]
# block no. 4 follows, 72 sequences, length 11
# corresponding to MSA columns:
# 124-134
name=unknown_E
#
# <colnr> <probs for GDERKNQSTAVLIFYWHMCP>
#	G	D	E	R	K	N	Q	S	T	A	V	L	I	F	Y	W	H	M	C	P
0	0.00740	0.00475	0.00601	0.00536	0.00666	0.00454	0.00412	0.05363	0.05127	0.11194	0.66019	0.02481	0.02996	0.00710	0.00433	0.00119	0.00214	0.00619	0.00420	0.00418
1	0.00634	0.00516	0.00581	0.00590	0.00701	0.00541	0.00430	0.01071	0.30850	0.01203	0.02216	0.40235	0.17131	0.00901	0.00442	0.00140	0.00244	0.00791	0.00364	0.00416
2	0.89350	0.00733	0.00557	0.00499	0.00733	0.00851	0.00411	0.01115	0.00645	0.01702	0.00528	0.00616	0.00411	0.00352	0.00235	0.00117	0.00293	0.00205	0.00235	0.00411
3	0.00943	0.00815	0.00858	0.00772	0.00986	0.00943	0.00600	0.02015	0.83621	0.01586	0.01544	0.01415	0.01158	0.00515	0.00386	0.00129	0.00300	0.00429	0.00386	0.00600
4	0.00716	0.00674	0.01138	0.85760	0.02612	0.00843	0.01053	0.00969	0.00758	0.00969	0.00674	0.01011	0.00506	0.00379	0.00379	0.00126	0.00506	0.00337	0.00169	0.00421
5	0.00542	0.00406	0.00610	0.00610	0.00677	0.00474	0.00474	0.00677	0.00610	0.00880	0.01016	0.01490	0.00948	0.02844	0.85169	0.00610	0.01016	0.00406	0.00203	0.00339
6	0.01596	0.00679	0.00916	0.03091	0.03515	0.00618	0.00596	0.08178	0.01124	0.70783	0.03879	0.01289	0.00973	0.00471	0.00383	0.00117	0.00335	0.00385	0.00444	0.00629
7	0.33059	0.04977	0.00798	0.00614	0.03631	0.00699	0.00481	0.01126	0.00770	0.10447	0.00704	0.00776	0.00545	0.00331	0.00276	0.00088	0.00302	0.00237	0.00251	0.39886
8	0.50333	0.21894	0.07609	0.00639	0.00916	0.11138	0.00585	0.01175	0.00740	0.01373	0.00547	0.00637	0.00444	0.00351	0.00260	0.00106	0.00389	0.00215	0.00206	0.00444
9	0.32780	0.00513	0.00520	0.00481	0.00625	0.00535	0.00374	0.00853	0.00909	0.01565	0.50354	0.02063	0.05847	0.00629	0.00370	0.00119	0.00221	0.00516	0.00348	0.00375
10	0.68481	0.00953	0.13836	0.00620	0.00911	0.00881	0.00591	0.07595	0.00760	0.01677	0.00582	0.00668	0.00440	0.00361	0.00266	0.00118	0.00345	0.00228	0.00234	0.00453

[dist]
# distance from previous block
# <min> <max>
0	1

[block]
# block no. 5 follows, 72 sequences, length 22
# corresponding to MSA columns:
# 136-157
name=unknown_F
#
# <colnr> <probs for GDERKNQSTAVLIFYWHMCP>
#	G	D	E	R	K	N	Q	S	T	A	V	L	I	F	Y	W	H	M	C	P
0	0.00816	0.51023	0.01373	0.00578	0.00805	0.01027	0.00528	0.00961	0.00896	0.01153	0.35188	0.01531	0.01769	0.00511	0.00328	0.00097	0.00312	0.00403	0.00268	0.00433
1	0.00775	0.00693	0.01139	0.01601	0.49605	0.00716	0.00860	0.00953	0.00754	0.01080	0.00852	0.01240	0.00777	0.07563	0.29398	0.00301	0.00637	0.00377	0.00196	0.00484
2	0.37636	0.40009	0.09573	0.00640	0.00947	0.03853	0.00627	0.01146	0.00731	0.01260	0.00545	0.00633	0.00455	0.00342	0.00255	0.00101	0.00383	0.00213	0.00193	0.00461
3	0.00659	0.00329	0.00494	0.00494	0.00494	0.00329	0.00329	0.00494	0.00494	0.00659	0.00659	0.01153	0.00659	0.01318	0.01482	0.88966	0.00329	0.00329	0.00165	0.00165
4	0.09669	0.36438	0.01262	0.00592	0.00913	0.00952	0.00528	0.01046	0.00766	0.01140	0.00599	0.00696	0.00516	0.00306	0.00261	0.00073	0.00334	0.00214	0.00200	0.43498
5	0.00596	0.00369	0.00483	0.00530	0.00582	0.00341	0.00364	0.00667	0.00752	0.09246	0.02001	0.65824	0.04858	0.09238	0.00611	0.00170	0.00246	0.02436	0.00352	0.00335
6	0.00717	0.00625	0.00993	0.01313	0.35342	0.00666	0.00746	0.00873	0.00714	0.01019	0.00954	0.01383	0.02799	0.09987	0.36251	0.00350	0.04228	0.00399	0.00201	0.00439
7	0.00716	0.00674	0.01138	0.85760	0.02612	0.00843	0.01053	0.00969	0.00758	0.00969	0.00674	0.01011	0.00506	0.00379	0.00379	0.00126	0.00506	0.00337	0.00169	0.00421
8	0.00808	0.00768	0.01304	0.51160	0.36491	0.00867	0.01099	0.01050	0.00802	0.01081	0.00690	0.00981	0.00545	0.00362	0.00378	0.00121	0.00483	0.00337	0.00176	0.00496
9	0.00505	0.00365	0.00466	0.00489	0.00547	0.00339	0.00344	0.00618	0.00871	0.01189	0.37153	0.34402	0.08748	0.09474	0.00610	0.00159	0.00218	0.02811	0.00368	0.00323
10	0.00518	0.00426	0.00460	0.00447	0.00572	0.00390	0.00336	0.00728	0.09119	0.01190	0.21611	0.05421	0.55657	0.00881	0.00443	0.00127	0.00201	0.00745	0.00370	0.00356
11	0.01442	0.01062	0.01138	0.00873	0.01176	0.01176	0.00721	0.83041	0.01783	0.02390	0.00911	0.00911	0.00645	0.00455	0.00379	0.00114	0.00417	0.00341	0.00379	0.00645
12	0.03355	0.00809	0.01038	0.36020	0.01678	0.02188	0.00802	0.31430	0.05289	0.03495	0.00818	0.01000	0.00613	0.00509	0.00485	0.08936	0.00438	0.00339	0.00267	0.00493
13	0.64543	0.00719	0.00606	0.00543	0.00753	0.00826	0.00431	0.03537	0.13324	0.01608	0.00760	0.00931	0.00627	0.08945	0.00430	0.00144	0.00305	0.00278	0.00261	0.00428
14	0.01702	0.00645	0.00880	0.00675	0.00968	0.00557	0.00557	0.01848	0.01085	0.84568	0.01496	0.01291	0.00939	0.00469	0.00381	0.00117	0.00323	0.00381	0.00469	0.00645
15	0.01007	0.01144	0.01111	0.50600	0.02015	0.35805	0.00920	0.01195	0.00890	0.00952	0.00638	0.00875	0.00498	0.00384	0.00364	0.00114	0.00580	0.00299	0.00180	0.00429
16	0.00640	0.00415	0.00521	0.00545	0.00603	0.00407	0.00397	0.02909	0.00751	0.05952	0.01683	0.20235	0.03784	0.35393	0.01066	0.00242	0.00326	0.23505	0.00310	0.00318
17	0.00510	0.00364	0.00495	0.00582	0.00625	0.00349	0.00435	0.00610	0.00773	0.01021	0.02064	0.60239	0.02405	0.01143	0.00497	0.00161	0.00261	0.26794	0.00351	0.00321
18	0.01702	0.00645	0.00880	0.00675	0.00968	0.00557	0.00557	0.01848	0.01085	0.84568	0.01496	0.01291	0.00939	0.00469	0.00381	0.00117	0.00323	0.00381	0.00469	0.00645
19	0.00926	0.03564	0.01051	0.25062	0.13857	0.00834	0.00790	0.12067	0.15846	0.07094	0.01136	0.14079	0.00990	0.00535	0.00392	0.00125	0.00389	0.00466	0.00287	0.00510
20	0.00737	0.00613	0.00712	0.00565	0.00813	0.00525	0.00440	0.01024	0.12516	0.01311	0.16769	0.03819	0.03179	0.03288	0.00391	0.00093	0.00263	0.00389	0.00291	0.52261
21	0.00506	0.00369	0.00475	0.00518	0.00568	0.00351	0.00359	0.00645	0.04327	0.01143	0.25176	0.54941	0.04274	0.03848	0.00516	0.00150	0.00216	0.00918	0.00368	0.00332

[dist]
# distance from previous block
# <min> <max>
0	1

[block]
# block no. 6 follows, 72 sequences, length 21
# corresponding to MSA columns:
# 159-179
name=unknown_G
#
# <colnr> <probs for GDERKNQSTAVLIFYWHMCP>
#	G	D	E	R	K	N	Q	S	T	A	V	L	I	F	Y	W	H	M	C	P
0	0.00886	0.00822	0.00977	0.33129	0.01616	0.06029	0.00781	0.01587	0.47063	0.01311	0.01154	0.01217	0.00869	0.00455	0.00381	0.00126	0.00402	0.00383	0.00292	0.00522
1	0.00838	0.00697	0.00787	0.00629	0.00894	0.00646	0.00495	0.07846	0.21713	0.01419	0.06785	0.05875	0.02528	0.00450	0.00341	0.00090	0.00285	0.00375	0.00300	0.47007
2	0.05602	0.00938	0.00941	0.02695	0.01031	0.20474	0.00633	0.01545	0.00985	0.44597	0.04151	0.01104	0.00836	0.00481	0.00486	0.00120	0.12153	0.00344	0.00344	0.00539
3	0.01035	0.00764	0.00849	0.00690	0.00902	0.00812	0.00555	0.46686	0.01452	0.01964	0.30837	0.01828	0.08763	0.00612	0.00409	0.00117	0.00313	0.00503	0.00391	0.00515
4	0.01203	0.49009	0.01613	0.00748	0.01063	0.01357	0.00681	0.37291	0.01218	0.01553	0.00696	0.00742	0.00557	0.00382	0.00303	0.00096	0.00411	0.00264	0.00258	0.00557
5	0.00887	0.38736	0.01317	0.00600	0.00932	0.00945	0.00537	0.01035	0.00779	0.01084	0.00609	0.00708	0.00529	0.00300	0.00264	0.00067	0.00336	0.00215	0.00197	0.49923
6	0.00556	0.00392	0.00534	0.00616	0.00678	0.00383	0.00494	0.00689	0.00820	0.01092	0.04279	0.35298	0.02303	0.01073	0.00498	0.00162	0.00290	0.46105	0.03404	0.00334
7	0.01222	0.00953	0.01014	0.00828	0.01092	0.01073	0.00668	0.47274	0.37908	0.02035	0.01190	0.01133	0.00871	0.00481	0.00382	0.00120	0.00366	0.00380	0.00382	0.00625
8	0.89350	0.00733	0.00557	0.00499	0.00733	0.00851	0.00411	0.01115	0.00645	0.01702	0.00528	0.00616	0.00411	0.00352	0.00235	0.00117	0.00293	0.00205	0.00235	0.00411
9	0.00944	0.00674	0.00733	0.00616	0.00750	0.00725	0.00447	0.36964	0.01095	0.01466	0.01069	0.01788	0.01055	0.48614	0.01246	0.00256	0.00390	0.00459	0.00296	0.00413
10	0.00551	0.00369	0.00422	0.00422	0.00424	0.00372	0.00240	0.00557	0.00554	0.00741	0.01188	0.02442	0.01361	0.83303	0.05275	0.00377	0.00394	0.00546	0.00229	0.00234
11	0.50225	0.00707	0.00813	0.38135	0.01563	0.00847	0.00694	0.01050	0.00695	0.01378	0.00593	0.00790	0.00453	0.00364	0.00298	0.00121	0.00387	0.00263	0.00205	0.00415
12	0.00470	0.00339	0.00446	0.00517	0.00551	0.00314	0.00350	0.00550	0.00771	0.01033	0.11535	0.73788	0.05664	0.01132	0.00479	0.00149	0.00214	0.01023	0.00360	0.00314
13	0.00739	0.00751	0.01519	0.01162	0.01406	0.00745	0.46531	0.00978	0.00769	0.01067	0.00877	0.01229	0.00740	0.01434	0.37845	0.00340	0.00806	0.00429	0.00197	0.00435
14	0.00936	0.00888	0.01496	0.08823	0.75483	0.00905	0.01142	0.03533	0.00882	0.01251	0.00716	0.00944	0.00595	0.00345	0.00376	0.00114	0.00454	0.00338	0.00192	0.00588
15	0.00924	0.04078	0.01424	0.07835	0.60015	0.02534	0.02304	0.01237	0.10092	0.01241	0.02682	0.01022	0.00715	0.00376	0.00389	0.00115	0.01883	0.00351	0.00213	0.00571
16	0.00700	0.13830	0.17445	0.00717	0.00968	0.00719	0.02409	0.00904	0.00723	0.01032	0.04254	0.01162	0.00830	0.01455	0.37735	0.00321	0.00682	0.00336	0.00200	0.13578
17	0.00608	0.00383	0.00505	0.00517	0.00589	0.00353	0.00368	0.00722	0.00886	0.08795	0.33773	0.42809	0.02733	0.04495	0.00520	0.00146	0.00220	0.00841	0.00383	0.00355
18	0.00637	0.01709	0.04772	0.00641	0.02992	0.00450	0.01504	0.02635	0.04390	0.06543	0.07732	0.54930	0.03174	0.03501	0.02381	0.00159	0.00285	0.00845	0.00341	0.00378
19	0.02305	0.07561	0.16255	0.06969	0.15172	0.10688	0.05721	0.07768	0.00955	0.15331	0.00829	0.00962	0.00623	0.00410	0.00418	0.00117	0.05701	0.01429	0.00245	0.00543
20	0.04925	0.04842	0.02153	0.01318	0.33814	0.04184	0.00792	0.05636	0.05802	0.20006	0.02933	0.01175	0.04227	0.00425	0.00362	0.00111	0.00381	0.00362	0.04236	0.02316

[dist]
# distance from previous block
# <min> <max>
0	8

[block]
# block no. 7 follows, 72 sequences, length 22
# corresponding to MSA columns:
# 188-209
name=unknown_H
#
# <colnr> <probs for GDERKNQSTAVLIFYWHMCP>
#	G	D	E	R	K	N	Q	S	T	A	V	L	I	F	Y	W	H	M	C	P
0	0.15605	0.14872	0.10176	0.06538	0.18981	0.07417	0.05181	0.08860	0.00909	0.05567	0.00695	0.00821	0.00542	0.00370	0.00347	0.00111	0.01976	0.00289	0.00220	0.00522
1	0.07405	0.20336	0.16671	0.00804	0.03285	0.13033	0.00746	0.09792	0.02389	0.05442	0.12830	0.01163	0.03686	0.00453	0.00342	0.00107	0.00423	0.00343	0.00257	0.00494
2	0.00654	0.00552	0.00587	0.00554	0.00707	0.00570	0.00422	0.01143	0.33662	0.01292	0.10534	0.07186	0.39108	0.00778	0.00425	0.00129	0.00235	0.00657	0.00372	0.00434
3	0.01186	0.09170	0.01403	0.01361	0.22709	0.44202	0.10068	0.01369	0.03083	0.01054	0.00659	0.00800	0.00544	0.00366	0.00355	0.00104	0.00584	0.00292	0.00195	0.00498
4	0.01354	0.04976	0.01065	0.00820	0.03937	0.00938	0.00652	0.43139	0.05651	0.21675	0.04113	0.01075	0.00834	0.00449	0.00368	0.00109	0.00370	0.00352	0.00373	0.07749
5	0.00944	0.01015	0.06364	0.01941	0.48148	0.02395	0.28285	0.02627	0.00894	0.02586	0.00743	0.00960	0.00590	0.00338	0.00398	0.00118	0.00521	0.00370	0.00196	0.00568
6	0.89350	0.00733	0.00557	0.00499	0.00733	0.00851	0.00411	0.01115	0.00645	0.01702	0.00528	0.00616	0.00411	0.00352	0.00235	0.00117	0.00293	0.00205	0.00235	0.00411
7	0.00548	0.00383	0.00491	0.00491	0.00518	0.00410	0.00327	0.00601	0.00574	0.00793	0.01124	0.02089	0.01208	0.53463	0.34906	0.00463	0.00624	0.00494	0.00219	0.00273
8	0.00779	0.00698	0.01130	0.01595	0.51132	0.00686	0.00845	0.00986	0.00947	0.01351	0.33750	0.01689	0.01780	0.00511	0.00404	0.00115	0.00343	0.00476	0.00279	0.00505
9	0.00493	0.00378	0.00402	0.00400	0.00476	0.00341	0.00268	0.00555	0.00750	0.00933	0.06578	0.03149	0.47562	0.34907	0.01035	0.00223	0.00261	0.00696	0.00307	0.00286
10	0.01382	0.00795	0.01418	0.01041	0.01370	0.00717	0.33189	0.01597	0.01010	0.51547	0.01207	0.01185	0.00795	0.00410	0.00408	0.00122	0.00448	0.00408	0.00359	0.00592
11	0.00521	0.00372	0.00508	0.00596	0.00643	0.00359	0.00455	0.00630	0.00784	0.01034	0.02058	0.53881	0.02379	0.01133	0.00500	0.00162	0.00271	0.33038	0.00351	0.00324
12	0.00847	0.30856	0.56567	0.00934	0.01414	0.01092	0.01145	0.01179	0.00790	0.01096	0.00628	0.00735	0.00483	0.00348	0.00321	0.00107	0.00508	0.00254	0.00161	0.00535
13	0.00524	0.00373	0.00507	0.00593	0.00640	0.00361	0.00451	0.00631	0.00780	0.01028	0.02034	0.51648	0.02349	0.03407	0.00538	0.00168	0.00275	0.33024	0.00348	0.00322
14	0.00510	0.00370	0.00492	0.00572	0.00625	0.00351	0.00432	0.00615	0.00786	0.01028	0.02209	0.52390	0.09211	0.01123	0.00494	0.00159	0.00260	0.27699	0.00351	0.00323
15	0.00783	0.00455	0.00589	0.00523	0.00660	0.00417	0.00404	0.00983	0.03955	0.18352	0.60656	0.02509	0.06769	0.00713	0.00432	0.00120	0.00213	0.00621	0.00424	0.00423
16	0.00851	0.00811	0.01380	0.35380	0.51942	0.00878	0.01120	0.01087	0.00822	0.01132	0.00698	0.00967	0.00563	0.00354	0.00377	0.00118	0.00472	0.00338	0.00180	0.00530
17	0.01021	0.00491	0.00648	0.00598	0.00750	0.00447	0.00451	0.01171	0.04808	0.37208	0.01868	0.42633	0.04622	0.00837	0.00434	0.00136	0.00267	0.00736	0.00404	0.00468
18	0.00796	0.00781	0.05007	0.23057	0.15849	0.00689	0.02458	0.01012	0.00795	0.01165	0.00683	0.00877	0.00550	0.00321	0.00330	0.00089	0.00389	0.00281	0.00200	0.44673
19	0.03250	0.00529	0.00638	0.00594	0.00727	0.00520	0.00440	0.13082	0.02573	0.18038	0.01781	0.40487	0.06920	0.07899	0.00556	0.00155	0.00284	0.00732	0.00367	0.00429
20	0.00732	0.07675	0.03027	0.00586	0.00824	0.00544	0.00480	0.00876	0.00781	0.03254	0.01137	0.20484	0.01171	0.03039	0.00397	0.00103	0.00295	0.07719	0.00264	0.46612
21	0.34101	0.07970	0.04316	0.06298	0.07146	0.07620	0.06311	0.02536	0.05587	0.09147	0.00734	0.00829	0.00559	0.00384	0.00346	0.00115	0.03565	0.00282	0.00242	0.01912

[dist]
# distance from previous block
# <min> <max>
1	5

[block]
# block no. 8 follows, 72 sequences, length 37
# corresponding to MSA columns:
# 215-251
name=unknown_I
#
# <colnr> <probs for GDERKNQSTAVLIFYWHMCP>
#	G	D	E	R	K	N	Q	S	T	A	V	L	I	F	Y	W	H	M	C	P
0	0.00470	0.00383	0.00416	0.00411	0.00527	0.00329	0.00307	0.00585	0.00911	0.01143	0.23242	0.05966	0.62143	0.00923	0.00449	0.00127	0.00190	0.00781	0.00368	0.00329
1	0.73150	0.00724	0.00640	0.00606	0.04790	0.00809	0.00462	0.01190	0.00715	0.10982	0.02612	0.00760	0.00554	0.00375	0.00263	0.00117	0.00302	0.00243	0.00263	0.00445
2	0.00785	0.10270	0.76615	0.01039	0.01576	0.00941	0.01328	0.01195	0.00798	0.01171	0.00666	0.00782	0.00481	0.00357	0.00349	0.00116	0.00545	0.00273	0.00160	0.00553
3	0.00554	0.00428	0.00607	0.00543	0.00653	0.00393	0.05816	0.00733	0.01032	0.01445	0.68661	0.04571	0.10128	0.00764	0.00445	0.00121	0.00211	0.00683	0.01848	0.00364
4	0.00786	0.00674	0.00786	0.00562	0.00899	0.00506	0.00449	0.00955	0.00786	0.01236	0.00674	0.00786	0.00562	0.00281	0.00281	0.00056	0.00281	0.00225	0.00225	0.88990
5	0.00509	0.00376	0.00411	0.00411	0.00466	0.00353	0.00265	0.00554	0.00683	0.00861	0.02274	0.02916	0.35355	0.47583	0.05180	0.00280	0.00326	0.00647	0.00279	0.00272
6	0.01387	0.01065	0.01104	0.00864	0.01146	0.06667	0.01791	0.67990	0.05229	0.04385	0.00940	0.00984	0.00689	0.03451	0.00432	0.00123	0.00429	0.00349	0.00362	0.00613
7	0.00552	0.00368	0.00414	0.00414	0.00414	0.00368	0.00230	0.00552	0.00552	0.00735	0.01195	0.02482	0.01379	0.86672	0.01930	0.00368	0.00368	0.00552	0.00230	0.00230
8	0.52874	0.00591	0.00537	0.00490	0.00665	0.00648	0.00389	0.00951	0.00821	0.01627	0.34854	0.01527	0.01712	0.00526	0.00322	0.00118	0.00246	0.00403	0.00310	0.00389
9	0.00727	0.35915	0.01110	0.00551	0.00732	0.00824	0.00477	0.00875	0.00924	0.01223	0.43923	0.07888	0.02232	0.00620	0.00366	0.00106	0.00275	0.00515	0.00308	0.00407
10	0.00716	0.00674	0.01138	0.85760	0.02612	0.00843	0.01053	0.00969	0.00758	0.00969	0.00674	0.01011	0.00506	0.00379	0.00379	0.00126	0.00506	0.00337	0.00169	0.00421
11	0.00721	0.00656	0.04719	0.00667	0.00819	0.00656	0.00524	0.01315	0.41884	0.01337	0.09037	0.30088	0.04465	0.00770	0.00425	0.00136	0.00272	0.00674	0.00365	0.00470
12	0.00662	0.01264	0.47000	0.00865	0.01205	0.00694	0.00981	0.00968	0.00732	0.01081	0.03956	0.01160	0.00789	0.01396	0.35195	0.00321	0.00733	0.00347	0.00187	0.00462
13	0.89350	0.00733	0.00557	0.00499	0.00733	0.00851	0.00411	0.01115	0.00645	0.01702	0.00528	0.00616	0.00411	0.00352	0.00235	0.00117	0.00293	0.00205	0.00235	0.00411
14	0.00782	0.07693	0.76982	0.01083	0.03701	0.00923	0.01344	0.01196	0.00800	0.01181	0.00671	0.00791	0.00484	0.00357	0.00353	0.00117	0.00547	0.00276	0.00161	0.00557
15	0.01442	0.01062	0.01138	0.00873	0.01176	0.01176	0.00721	0.83041	0.01783	0.02390	0.00911	0.00911	0.00645	0.00455	0.00379	0.00114	0.00417	0.00341	0.00379	0.00645
16	0.00939	0.00901	0.01539	0.02328	0.84306	0.00901	0.01164	0.01164	0.00864	0.01239	0.00713	0.00939	0.00601	0.00338	0.00375	0.00113	0.00451	0.00338	0.00188	0.00601
17	0.00462	0.00330	0.00440	0.00528	0.00550	0.00308	0.00352	0.00528	0.00726	0.00968	0.02090	0.86424	0.02508	0.01188	0.00484	0.00154	0.00220	0.01078	0.00352	0.00308
18	0.33989	0.00931	0.00912	0.00730	0.01005	0.01047	0.00601	0.49644	0.04439	0.02105	0.00793	0.00820	0.00577	0.00419	0.00326	0.00116	0.00367	0.00294	0.00326	0.00557
19	0.69630	0.00843	0.00685	0.00588	0.00833	0.04977	0.00481	0.15557	0.00866	0.01785	0.00598	0.00671	0.00456	0.00372	0.00265	0.00116	0.00334	0.00231	0.00258	0.00453
20	0.00995	0.31090	0.01673	0.01652	0.50092	0.01128	0.00957	0.06049	0.00886	0.01186	0.00660	0.00821	0.00563	0.00340	0.00329	0.00102	0.00433	0.00291	0.00190	0.00563
21	0.00629	0.01034	0.35089	0.00725	0.01008	0.00573	0.00786	0.00915	0.00961	0.01390	0.49842	0.01998	0.02306	0.00605	0.00412	0.00120	0.00336	0.00519	0.00312	0.00441
22	0.00506	0.00400	0.00444	0.00460	0.00581	0.00350	0.00365	0.00622	0.00874	0.02408	0.04936	0.03734	0.63264	0.00968	0.00464	0.00138	0.00228	0.18571	0.00355	0.00333
23	0.00507	0.00386	0.00463	0.00444	0.00544	0.00345	0.00331	0.00654	0.00990	0.01334	0.55050	0.03098	0.30522	0.03073	0.00486	0.00129	0.00188	0.00721	0.00391	0.00342
24	0.15580	0.00905	0.01777	0.01307	0.01629	0.00879	0.60572	0.01132	0.00832	0.01267	0.00825	0.06678	0.00691	0.00478	0.03601	0.00146	0.00568	0.00448	0.00210	0.00475
25	0.00542	0.00406	0.00610	0.00610	0.00677	0.00474	0.00474	0.00677	0.00610	0.00880	0.01016	0.01490	0.00948	0.02844	0.85169	0.00610	0.01016	0.00406	0.00203	0.00339
26	0.02849	0.00378	0.00489	0.00532	0.00595	0.00350	0.00372	0.00687	0.00790	0.09227	0.08038	0.66623	0.05514	0.01058	0.00464	0.00146	0.00228	0.00948	0.00365	0.00348
27	0.03211	0.05737	0.09441	0.06052	0.31962	0.02689	0.15370	0.02152	0.00862	0.05675	0.03244	0.08283	0.00830	0.00441	0.00406	0.00120	0.02365	0.00414	0.00222	0.00524
28	0.37225	0.00904	0.01548	0.01147	0.01469	0.00915	0.49037	0.01174	0.00793	0.01415	0.00669	0.00856	0.00508	0.00333	0.00360	0.00124	0.00497	0.00348	0.00209	0.00470
29	0.00490	0.00351	0.00465	0.00509	0.00556	0.00326	0.00354	0.00598	0.00855	0.01173	0.32473	0.55457	0.02905	0.01035	0.00470	0.00141	0.00205	0.00933	0.00376	0.00326
30	0.00790	0.00663	0.01071	0.10051	0.32516	0.02796	0.05762	0.00870	0.00719	0.00973	0.00821	0.04546	0.02507	0.02148	0.00803	0.31585	0.00415	0.00382	0.00189	0.00394
31	0.00940	0.05765	0.46193	0.00943	0.01349	0.07479	0.01046	0.09463	0.11211	0.04946	0.00921	0.04425	0.00726	0.00445	0.00368	0.00119	0.00487	0.02385	0.00239	0.00549
32	0.00462	0.00330	0.00440	0.00528	0.00550	0.00308	0.00352	0.00528	0.00726	0.00968	0.02090	0.86424	0.02508	0.01188	0.00484	0.00154	0.00220	0.01078	0.00352	0.00308
33	0.00550	0.00389	0.00532	0.00532	0.00572	0.00429	0.00378	0.00623	0.00583	0.00818	0.01068	0.01844	0.01096	0.33837	0.50964	0.04077	0.00748	0.00457	0.00211	0.00291
34	0.00753	0.00582	0.00649	0.04004	0.00804	0.01653	0.00464	0.03666	0.27561	0.05105	0.20711	0.03549	0.20346	0.03910	0.00467	0.00133	0.00262	0.00571	0.04362	0.00447
35	0.00842	0.05120	0.00807	0.00663	0.00805	0.02831	0.00516	0.20339	0.08947	0.01282	0.01038	0.01459	0.00939	0.16998	0.35306	0.00362	0.00648	0.00405	0.00265	0.00427
36	0.00770	0.00695	0.01081	0.05389	0.44634	0.02195	0.00813	0.00966	0.00922	0.01290	0.29264	0.01725	0.04096	0.03984	0.00464	0.00126	0.00354	0.00477	0.00272	0.00484

[dist]
# distance from previous block
# <min> <max>
0	31

# created by:
# /st0/software/busco_prod/Augustus/scripts/msa2prfl.pl ./align_prep/25078.fa
