[name]
unknown

[dist]
# distance from previous block
# <min> <max>
0	76

[block]
# block no. 0 follows, 74 sequences, length 19
# corresponding to MSA columns:
# 76-94
name=unknown_A
#
# <colnr> <probs for GDERKNQSTAVLIFYWHMCP>
#	G	D	E	R	K	N	Q	S	T	A	V	L	I	F	Y	W	H	M	C	P
0	0.03322	0.00854	0.01146	0.09525	0.14307	0.08574	0.12272	0.12130	0.04436	0.03277	0.03851	0.04173	0.04873	0.02042	0.00439	0.00122	0.03309	0.04920	0.00256	0.06172
1	0.00910	0.04943	0.03874	0.04287	0.01108	0.01701	0.10325	0.18717	0.10289	0.02800	0.02650	0.07965	0.06231	0.02005	0.00391	0.00109	0.00365	0.00417	0.00284	0.20628
2	0.02325	0.00438	0.00576	0.06052	0.02363	0.00445	0.00435	0.00801	0.05883	0.08500	0.03116	0.37862	0.04341	0.14471	0.08141	0.00214	0.00346	0.03025	0.00310	0.00356
3	0.02763	0.04813	0.00780	0.00709	0.06113	0.00551	0.05896	0.03034	0.04616	0.02284	0.05545	0.24544	0.06722	0.13221	0.08021	0.00196	0.00368	0.00599	0.00277	0.08950
4	0.06441	0.00612	0.00703	0.00530	0.00811	0.00490	0.00421	0.00920	0.00809	0.03664	0.11626	0.01170	0.05100	0.00380	0.00304	0.00072	0.00260	0.00309	0.00258	0.65120
5	0.00873	0.00992	0.02140	0.01536	0.01894	0.00948	0.79337	0.01175	0.00861	0.01175	0.00738	0.00992	0.00560	0.00329	0.00475	0.00127	0.04732	0.00433	0.00187	0.00496
6	0.28450	0.00658	0.00765	0.00608	0.00878	0.00633	0.00502	0.01590	0.00931	0.59539	0.01176	0.01062	0.00761	0.00424	0.00330	0.00115	0.00307	0.00321	0.00389	0.00562
7	0.00587	0.00406	0.00538	0.00562	0.00622	0.00418	0.00406	0.05924	0.00747	0.03816	0.01586	0.45457	0.01763	0.08325	0.24366	0.00289	0.00464	0.03086	0.00300	0.00337
8	0.01035	0.00644	0.00787	0.00664	0.00864	0.00642	0.03357	0.22260	0.06247	0.21742	0.01834	0.20891	0.16032	0.00698	0.00410	0.00125	0.00304	0.00595	0.00376	0.00493
9	0.01071	0.00849	0.00906	0.00775	0.01009	0.00963	0.00614	0.21601	0.60730	0.05173	0.01359	0.01261	0.01003	0.00488	0.00376	0.00122	0.00322	0.00397	0.00380	0.00600
10	0.18494	0.01238	0.00998	0.00839	0.01080	0.33185	0.03414	0.28214	0.06507	0.01574	0.00732	0.00786	0.00558	0.00401	0.00332	0.00107	0.00484	0.00281	0.00269	0.00503
11	0.00510	0.00356	0.00422	0.00441	0.00463	0.00351	0.00275	0.00543	0.00610	0.00807	0.01588	0.20985	0.09237	0.53792	0.07767	0.00310	0.00360	0.00665	0.00260	0.00258
12	0.01033	0.00784	0.01030	0.00834	0.01006	0.00895	0.05238	0.21312	0.03824	0.12164	0.03262	0.02888	0.02147	0.02052	0.05077	0.00156	0.28207	0.00375	0.00282	0.07434
13	0.01252	0.01224	0.01107	0.03385	0.13792	0.32682	0.00760	0.27262	0.02849	0.04455	0.00768	0.00899	0.00609	0.03971	0.00448	0.00118	0.03332	0.00309	0.00260	0.00518
14	0.00701	0.00660	0.01113	0.86063	0.02556	0.00825	0.01031	0.00948	0.00742	0.00948	0.00660	0.00990	0.00495	0.00371	0.00371	0.00124	0.00495	0.00330	0.00165	0.00412
15	0.00480	0.00365	0.00443	0.00471	0.00544	0.00334	0.00335	0.00608	0.03206	0.01113	0.22653	0.40141	0.25987	0.00982	0.00452	0.00135	0.00200	0.00866	0.00361	0.00325
16	0.00909	0.00764	0.01105	0.38778	0.19597	0.04350	0.00896	0.07633	0.05405	0.08127	0.00896	0.04822	0.00734	0.01989	0.00404	0.00125	0.00440	0.02305	0.00236	0.00486
17	0.01194	0.03612	0.04026	0.01086	0.11664	0.43255	0.03478	0.13271	0.06390	0.01211	0.00763	0.03800	0.00643	0.01981	0.00397	0.00111	0.02079	0.00318	0.00232	0.00488
18	0.12118	0.31922	0.30635	0.00803	0.02385	0.01072	0.00862	0.05271	0.03619	0.01211	0.04647	0.00817	0.00642	0.00374	0.00321	0.00104	0.02234	0.00267	0.00198	0.00498

[dist]
# distance from previous block
# <min> <max>
2	26

[block]
# block no. 1 follows, 74 sequences, length 11
# corresponding to MSA columns:
# 121-131
name=unknown_B
#
# <colnr> <probs for GDERKNQSTAVLIFYWHMCP>
#	G	D	E	R	K	N	Q	S	T	A	V	L	I	F	Y	W	H	M	C	P
0	0.04554	0.12461	0.00988	0.00655	0.00935	0.00784	0.00545	0.13287	0.09389	0.25996	0.01059	0.05189	0.00807	0.00429	0.00331	0.00098	0.00322	0.00339	0.00327	0.21504
1	0.00511	0.00427	0.04182	0.00516	0.00592	0.00361	0.00390	0.00646	0.03402	0.01053	0.07034	0.50987	0.13239	0.03459	0.00483	0.00145	0.00232	0.04230	0.07783	0.00329
2	0.00559	0.00395	0.00481	0.00482	0.00525	0.00403	0.00323	0.04634	0.00678	0.00908	0.03749	0.16885	0.08533	0.41174	0.16552	0.02126	0.00432	0.00613	0.00262	0.00287
3	0.08090	0.00508	0.00550	0.00511	0.00656	0.00506	0.00390	0.04614	0.13198	0.06465	0.18045	0.10043	0.31425	0.02803	0.00443	0.00129	0.00234	0.00633	0.00358	0.00399
4	0.01164	0.01117	0.02321	0.00839	0.01062	0.29241	0.03885	0.11571	0.19811	0.09807	0.05122	0.01230	0.00933	0.00475	0.00384	0.00112	0.01839	0.04698	0.00301	0.04087
5	0.04153	0.00818	0.08595	0.00754	0.01011	0.04228	0.07987	0.06709	0.12115	0.26704	0.04782	0.07056	0.12334	0.00557	0.00389	0.00120	0.00353	0.00473	0.00346	0.00515
6	0.04558	0.00753	0.01207	0.00937	0.01184	0.03196	0.28497	0.06486	0.05339	0.18340	0.10034	0.12624	0.04043	0.00545	0.00411	0.00123	0.00402	0.00519	0.00316	0.00486
7	0.00901	0.00742	0.00881	0.00678	0.00963	0.03423	0.05209	0.09173	0.10381	0.05805	0.00928	0.07311	0.00785	0.00400	0.00327	0.00084	0.00321	0.00338	0.00272	0.51078
8	0.03644	0.00825	0.00967	0.00799	0.01035	0.04575	0.08032	0.16657	0.32804	0.08068	0.05742	0.04764	0.01100	0.00505	0.00380	0.00118	0.00354	0.03112	0.00342	0.06175
9	0.11864	0.00684	0.05673	0.44077	0.04957	0.00715	0.00790	0.00934	0.03533	0.01127	0.06956	0.04239	0.12010	0.00499	0.00369	0.00122	0.00390	0.00422	0.00227	0.00410
10	0.28441	0.00842	0.00942	0.24299	0.01409	0.08116	0.03917	0.14137	0.00940	0.12522	0.00755	0.00864	0.00545	0.00385	0.00327	0.00116	0.00414	0.00293	0.00260	0.00478

[dist]
# distance from previous block
# <min> <max>
2	8

[block]
# block no. 2 follows, 74 sequences, length 7
# corresponding to MSA columns:
# 140-146
name=unknown_C
#
# <colnr> <probs for GDERKNQSTAVLIFYWHMCP>
#	G	D	E	R	K	N	Q	S	T	A	V	L	I	F	Y	W	H	M	C	P
0	0.01046	0.00930	0.01358	0.09387	0.25676	0.08555	0.14841	0.06826	0.06829	0.11208	0.00834	0.00979	0.00636	0.00402	0.00461	0.00120	0.08788	0.00352	0.00241	0.00533
1	0.00748	0.00646	0.01073	0.07117	0.11492	0.00637	0.18303	0.01031	0.08032	0.05228	0.27975	0.01994	0.07679	0.00577	0.00421	0.00123	0.00356	0.05815	0.00307	0.00447
2	0.00502	0.00387	0.00477	0.04011	0.00615	0.00356	0.00352	0.00642	0.00937	0.01256	0.48133	0.06944	0.29077	0.04079	0.00492	0.00131	0.00201	0.00706	0.00368	0.00334
3	0.01389	0.01684	0.01059	0.00944	0.01148	0.75611	0.00716	0.11057	0.01133	0.01076	0.00611	0.00695	0.00496	0.00390	0.00339	0.00097	0.00639	0.00250	0.00212	0.00454
4	0.00530	0.00398	0.00597	0.00597	0.00663	0.00464	0.00464	0.00663	0.00597	0.00862	0.00994	0.01458	0.00928	0.02784	0.85484	0.00597	0.00994	0.00398	0.00199	0.00331
5	0.01560	0.00728	0.00912	0.00707	0.00991	0.00698	0.00582	0.18740	0.07138	0.61812	0.01349	0.01195	0.00875	0.00460	0.00373	0.00115	0.00333	0.00368	0.00435	0.00628
6	0.00744	0.01920	0.85032	0.01058	0.01607	0.00862	0.01371	0.01176	0.00784	0.01176	0.00666	0.00784	0.00470	0.00353	0.00353	0.00118	0.00549	0.00274	0.00157	0.00549

[dist]
# distance from previous block
# <min> <max>
13	213

[block]
# block no. 3 follows, 74 sequences, length 15
# corresponding to MSA columns:
# 421-435
name=unknown_D
#
# <colnr> <probs for GDERKNQSTAVLIFYWHMCP>
#	G	D	E	R	K	N	Q	S	T	A	V	L	I	F	Y	W	H	M	C	P
0	0.03446	0.02928	0.03751	0.17687	0.08765	0.13990	0.12619	0.06671	0.02362	0.07127	0.04353	0.03834	0.00753	0.00421	0.00405	0.00114	0.04227	0.00360	0.00233	0.05955
1	0.03573	0.09318	0.15474	0.03367	0.01015	0.05377	0.02963	0.07804	0.03118	0.10552	0.13133	0.12875	0.04234	0.02972	0.00422	0.00125	0.00368	0.02559	0.00294	0.00458
2	0.03443	0.05023	0.07699	0.03513	0.01205	0.08602	0.08527	0.20594	0.23324	0.08757	0.01002	0.01014	0.00736	0.00418	0.00360	0.00112	0.00418	0.00342	0.00303	0.04605
3	0.02523	0.00809	0.00888	0.00951	0.16158	0.14233	0.02887	0.07892	0.04374	0.06336	0.07767	0.02944	0.06738	0.18844	0.02243	0.00172	0.00409	0.00435	0.00268	0.03129
4	0.00714	0.00733	0.08024	0.02249	0.01021	0.02987	0.15879	0.01945	0.06569	0.04110	0.03532	0.18206	0.09947	0.07369	0.08130	0.00191	0.06267	0.01453	0.00266	0.00407
5	0.00839	0.00904	0.04721	0.04258	0.16328	0.06310	0.30226	0.03623	0.03417	0.01172	0.03329	0.12064	0.03006	0.00497	0.00444	0.00124	0.04076	0.01956	0.00229	0.02478
6	0.32096	0.00673	0.00732	0.02969	0.07869	0.00741	0.00527	0.17447	0.00898	0.01502	0.03445	0.14104	0.02581	0.04370	0.08352	0.00175	0.00383	0.00430	0.00274	0.00431
7	0.05044	0.00877	0.01260	0.15912	0.47762	0.06342	0.00967	0.05209	0.06713	0.02644	0.03216	0.00991	0.00688	0.00374	0.00363	0.00113	0.00436	0.00336	0.00217	0.00535
8	0.00662	0.02816	0.07477	0.00684	0.06196	0.00492	0.00528	0.00828	0.02185	0.04360	0.06487	0.26304	0.12105	0.00709	0.00393	0.00115	0.00282	0.05219	0.00293	0.21867
9	0.01483	0.00711	0.06288	0.00681	0.00967	0.00581	0.00590	0.01711	0.06885	0.68439	0.06553	0.01334	0.01065	0.00474	0.00376	0.00116	0.00321	0.00389	0.00431	0.00606
10	0.00835	0.00677	0.00989	0.25216	0.13609	0.00711	0.03275	0.03400	0.11970	0.07869	0.09535	0.01471	0.05659	0.00475	0.00379	0.00115	0.00370	0.03446	0.00273	0.09726
11	0.00858	0.00818	0.00960	0.07156	0.20221	0.11572	0.00684	0.04316	0.03180	0.01196	0.05489	0.05543	0.04454	0.00454	0.00354	0.00098	0.00376	0.03915	0.00241	0.28115
12	0.00792	0.02357	0.02959	0.03214	0.00940	0.00734	0.03488	0.01383	0.40890	0.04073	0.04591	0.02606	0.03299	0.02260	0.22258	0.00247	0.00492	0.00427	0.00306	0.02685
13	0.03651	0.03931	0.05959	0.22268	0.21535	0.05027	0.03389	0.05620	0.00851	0.01189	0.02768	0.00952	0.01917	0.00368	0.00367	0.00104	0.02688	0.00312	0.00203	0.16900
14	0.02924	0.06091	0.03703	0.04717	0.02572	0.00800	0.01932	0.05838	0.05935	0.01105	0.02708	0.15675	0.03766	0.01531	0.09057	0.00178	0.23635	0.00468	0.00241	0.07124

[dist]
# distance from previous block
# <min> <max>
6	33

[block]
# block no. 4 follows, 74 sequences, length 18
# corresponding to MSA columns:
# 471-488
name=unknown_E
#
# <colnr> <probs for GDERKNQSTAVLIFYWHMCP>
#	G	D	E	R	K	N	Q	S	T	A	V	L	I	F	Y	W	H	M	C	P
0	0.04242	0.12999	0.03895	0.00918	0.08957	0.11438	0.03568	0.11133	0.09066	0.14476	0.06040	0.01041	0.00838	0.00435	0.00399	0.00110	0.05876	0.00333	0.02190	0.02047
1	0.02243	0.04599	0.04823	0.00906	0.04221	0.08210	0.12849	0.16008	0.03648	0.05209	0.05125	0.05271	0.03183	0.04374	0.09087	0.00177	0.05529	0.01798	0.01228	0.01512
2	0.05540	0.04614	0.11807	0.02896	0.16669	0.06807	0.14173	0.04805	0.06492	0.03240	0.02782	0.11175	0.02008	0.00512	0.01461	0.00124	0.00444	0.01813	0.00240	0.02396
3	0.07510	0.05797	0.24967	0.00829	0.01193	0.03129	0.07772	0.05811	0.06789	0.05944	0.02559	0.00930	0.00659	0.00366	0.00332	0.00100	0.00411	0.01258	0.00234	0.23411
4	0.02700	0.09679	0.23658	0.00773	0.01126	0.05953	0.03981	0.03724	0.00852	0.04838	0.06843	0.00929	0.00749	0.00364	0.00335	0.00091	0.01667	0.00287	0.00222	0.31229
5	0.00612	0.00464	0.00586	0.08255	0.00801	0.00450	0.02199	0.00829	0.08330	0.06122	0.22764	0.09439	0.34914	0.02022	0.00447	0.00128	0.00244	0.00669	0.00349	0.00377
6	0.00538	0.00446	0.00582	0.00591	0.00678	0.02870	0.05476	0.00667	0.02660	0.01035	0.06208	0.44001	0.19309	0.00988	0.00462	0.00143	0.00266	0.12413	0.00334	0.00334
7	0.00466	0.00375	0.00415	0.00410	0.00519	0.00324	0.00305	0.00583	0.00902	0.01148	0.28181	0.06835	0.56444	0.00894	0.00440	0.00124	0.00185	0.00761	0.00364	0.00324
8	0.00770	0.00660	0.00770	0.00550	0.00880	0.00495	0.00440	0.00935	0.00770	0.01210	0.00660	0.00770	0.00550	0.00275	0.00275	0.00055	0.00275	0.00220	0.00220	0.89224
9	0.00445	0.00375	0.00386	0.00386	0.00506	0.00316	0.00289	0.00544	0.00856	0.01035	0.09332	0.05887	0.76509	0.00934	0.00440	0.00125	0.00188	0.00783	0.00349	0.00316
10	0.00863	0.00818	0.01254	0.33339	0.36398	0.03192	0.01005	0.04401	0.07639	0.01159	0.00742	0.00969	0.00590	0.00385	0.00421	0.00119	0.05663	0.00335	0.00199	0.00509
11	0.00454	0.00337	0.00421	0.00483	0.00528	0.00307	0.00329	0.00527	0.00746	0.00972	0.05252	0.64572	0.19251	0.03337	0.00502	0.00150	0.00212	0.00973	0.00344	0.00304
12	0.01195	0.06519	0.04396	0.00898	0.04950	0.44817	0.00692	0.12295	0.01074	0.05300	0.01062	0.02904	0.09308	0.00477	0.00356	0.00105	0.00517	0.02421	0.00248	0.00465
13	0.00502	0.00360	0.00434	0.00461	0.00524	0.00328	0.00320	0.00584	0.00781	0.02887	0.13947	0.35934	0.24866	0.13868	0.00670	0.00170	0.00229	0.02488	0.00338	0.00308
14	0.00812	0.06351	0.71589	0.01018	0.01517	0.07328	0.01258	0.01221	0.03465	0.01151	0.00678	0.00784	0.00492	0.00358	0.00346	0.00114	0.00542	0.00272	0.00167	0.00537
15	0.00852	0.10935	0.04564	0.00790	0.00927	0.11679	0.01804	0.05105	0.06417	0.01011	0.00794	0.01125	0.00724	0.06089	0.22101	0.00258	0.22529	0.01669	0.00207	0.00418
16	0.06922	0.02143	0.05226	0.00793	0.01042	0.30030	0.03552	0.12490	0.02318	0.03949	0.00915	0.05850	0.03625	0.00449	0.00343	0.00101	0.00455	0.02450	0.00251	0.17096
17	0.38995	0.07670	0.00857	0.00666	0.00895	0.18256	0.00538	0.11526	0.06127	0.05252	0.03028	0.03311	0.00666	0.00413	0.00298	0.00110	0.00386	0.00285	0.00262	0.00460

[dist]
# distance from previous block
# <min> <max>
0	3

[block]
# block no. 5 follows, 74 sequences, length 33
# corresponding to MSA columns:
# 492-524
name=unknown_F
#
# <colnr> <probs for GDERKNQSTAVLIFYWHMCP>
#	G	D	E	R	K	N	Q	S	T	A	V	L	I	F	Y	W	H	M	C	P
0	0.01053	0.00968	0.01003	0.00855	0.00987	0.19407	0.03374	0.11870	0.03929	0.08354	0.00811	0.02708	0.00700	0.06592	0.04910	0.00167	0.28870	0.00352	0.02640	0.00450
1	0.00851	0.00779	0.01215	0.16093	0.41801	0.00821	0.03536	0.06060	0.10677	0.01276	0.06171	0.01294	0.06930	0.00435	0.00381	0.00116	0.00402	0.00399	0.00240	0.00523
2	0.00465	0.00364	0.00415	0.00432	0.00515	0.00326	0.00308	0.00555	0.00799	0.01013	0.11990	0.22423	0.45243	0.08507	0.04789	0.00174	0.00248	0.00793	0.00334	0.00308
3	0.00857	0.05134	0.00928	0.00812	0.06891	0.13753	0.06984	0.07958	0.07685	0.03490	0.18609	0.01924	0.21181	0.00600	0.00405	0.00115	0.01424	0.00504	0.00307	0.00440
4	0.00992	0.87178	0.01945	0.00635	0.00953	0.01469	0.00635	0.01111	0.00754	0.00873	0.00516	0.00595	0.00476	0.00318	0.00238	0.00079	0.00397	0.00198	0.00159	0.00476
5	0.00706	0.02806	0.00669	0.00568	0.00661	0.01211	0.05279	0.05992	0.03433	0.04809	0.02182	0.04042	0.04789	0.41535	0.10468	0.00284	0.01843	0.01586	0.06800	0.00338
6	0.00527	0.00359	0.00414	0.00418	0.00433	0.00352	0.00248	0.00552	0.00611	0.00817	0.08586	0.09173	0.05203	0.68979	0.01589	0.00312	0.00325	0.00602	0.00255	0.00246
7	0.00634	0.00489	0.00601	0.00634	0.00738	0.00508	0.00507	0.01990	0.19580	0.01191	0.04543	0.22901	0.07794	0.00919	0.00464	0.00150	0.00286	0.35328	0.00353	0.00390
8	0.00645	0.00322	0.00484	0.00484	0.00484	0.00322	0.00322	0.00484	0.00484	0.00645	0.00645	0.01128	0.00645	0.01289	0.01451	0.89201	0.00322	0.00322	0.00161	0.00161
9	0.01367	0.06206	0.01100	0.00937	0.01137	0.78880	0.00713	0.03603	0.01054	0.00944	0.00579	0.00671	0.00482	0.00381	0.00331	0.00095	0.00648	0.00239	0.00194	0.00438
10	0.00554	0.00370	0.00461	0.00486	0.00566	0.00334	0.00347	0.00647	0.00809	0.07614	0.11358	0.45615	0.24990	0.01048	0.02859	0.00150	0.00233	0.00867	0.00356	0.00337
11	0.01348	0.06404	0.01103	0.00930	0.01131	0.73154	0.00712	0.06106	0.02327	0.00997	0.00601	0.00691	0.00497	0.00389	0.00349	0.00097	0.02267	0.00247	0.00202	0.00446
12	0.00866	0.42379	0.43380	0.00871	0.01305	0.01152	0.03197	0.01145	0.00772	0.01032	0.00597	0.00700	0.00476	0.00335	0.00301	0.00100	0.00479	0.00243	0.00159	0.00513
13	0.00967	0.05486	0.02770	0.03218	0.03519	0.02918	0.06821	0.18049	0.22907	0.02468	0.01059	0.04890	0.02740	0.00574	0.02790	0.00137	0.15267	0.00395	0.01459	0.01565
14	0.03268	0.00649	0.00730	0.00657	0.00811	0.00692	0.00502	0.32851	0.06643	0.01574	0.05496	0.38091	0.04018	0.00809	0.01285	0.00135	0.00303	0.00677	0.00356	0.00454
15	0.00469	0.00374	0.00414	0.00431	0.00531	0.00328	0.00320	0.00582	0.01827	0.01061	0.11407	0.18955	0.54282	0.00953	0.00445	0.00131	0.00201	0.04927	0.02043	0.00320
16	0.01057	0.00864	0.00915	0.00782	0.01016	0.00986	0.00620	0.24280	0.61444	0.01768	0.01341	0.01250	0.00996	0.00488	0.00376	0.00122	0.00325	0.00396	0.00376	0.00599
17	0.00724	0.00616	0.00717	0.00530	0.00825	0.00469	0.00420	0.00881	0.00788	0.01199	0.04697	0.02854	0.07985	0.00372	0.00300	0.00066	0.00262	0.00306	0.00242	0.75749
18	0.00822	0.13436	0.53457	0.00996	0.01439	0.03196	0.08834	0.01957	0.03972	0.02540	0.00751	0.03615	0.00589	0.00435	0.02293	0.00125	0.00523	0.00314	0.00183	0.00522
19	0.00860	0.13692	0.22390	0.01982	0.01417	0.01781	0.27444	0.02993	0.05114	0.04009	0.00950	0.05300	0.04581	0.00434	0.00426	0.00119	0.05408	0.00394	0.00212	0.00495
20	0.00546	0.00372	0.00430	0.00426	0.00429	0.00383	0.00248	0.00553	0.00543	0.00729	0.01146	0.02353	0.01312	0.81670	0.04993	0.00364	0.02517	0.00529	0.00222	0.00233
21	0.03169	0.00622	0.00813	0.00646	0.00899	0.00562	0.00524	0.07545	0.01068	0.65384	0.04076	0.08723	0.03162	0.00538	0.00383	0.00118	0.00306	0.00445	0.00434	0.00582
22	0.02327	0.02295	0.11845	0.00902	0.04537	0.04025	0.07154	0.15506	0.25045	0.14518	0.02140	0.04050	0.03016	0.00472	0.00377	0.00119	0.00390	0.00397	0.00324	0.00561
23	0.00485	0.00395	0.00430	0.00440	0.00549	0.00355	0.00327	0.01650	0.04621	0.01061	0.07135	0.19203	0.57481	0.00950	0.00444	0.00131	0.00205	0.03457	0.00349	0.00330
24	0.00609	0.00448	0.00596	0.00603	0.00689	0.00487	0.00463	0.00866	0.12796	0.03273	0.06387	0.18882	0.01560	0.03632	0.37469	0.00345	0.00583	0.09651	0.00290	0.00371
25	0.01910	0.00411	0.00439	0.00422	0.00528	0.00413	0.00318	0.04992	0.03007	0.06196	0.01340	0.11064	0.02308	0.00526	0.00301	0.00099	0.00203	0.00434	0.64711	0.00378
26	0.01034	0.01006	0.01372	0.09747	0.06253	0.16681	0.25485	0.06630	0.05873	0.08460	0.00882	0.04224	0.00718	0.00443	0.00459	0.00122	0.07289	0.02591	0.00241	0.00490
27	0.00966	0.78261	0.10635	0.00679	0.01021	0.01405	0.00712	0.01118	0.00757	0.00905	0.00532	0.00615	0.00476	0.00321	0.00250	0.00083	0.00413	0.00206	0.00159	0.00484
28	0.00462	0.00333	0.00441	0.00523	0.00554	0.00311	0.00360	0.00536	0.00727	0.00962	0.02112	0.77259	0.05864	0.01144	0.00475	0.00151	0.00223	0.06914	0.00344	0.00305
29	0.05917	0.44135	0.25674	0.00852	0.01227	0.07332	0.08021	0.01162	0.00788	0.01035	0.00584	0.00691	0.00478	0.00333	0.00295	0.00097	0.00474	0.00244	0.00167	0.00492
30	0.00499	0.00363	0.00443	0.00481	0.00529	0.00340	0.00325	0.01934	0.00726	0.00955	0.04445	0.47702	0.14340	0.19891	0.00773	0.00190	0.00250	0.03155	0.00318	0.02342
31	0.02090	0.03143	0.05866	0.00635	0.00942	0.05505	0.00538	0.02312	0.08942	0.05558	0.00794	0.00887	0.00636	0.01478	0.02951	0.00094	0.00347	0.00262	0.00242	0.56777
32	0.09543	0.01026	0.00907	0.06940	0.04244	0.28031	0.02259	0.05829	0.09399	0.02495	0.08918	0.03018	0.06899	0.01420	0.00432	0.00117	0.06150	0.00381	0.00260	0.01735

[dist]
# distance from previous block
# <min> <max>
0	31

[block]
# block no. 6 follows, 74 sequences, length 22
# corresponding to MSA columns:
# 556-577
name=unknown_G
#
# <colnr> <probs for GDERKNQSTAVLIFYWHMCP>
#	G	D	E	R	K	N	Q	S	T	A	V	L	I	F	Y	W	H	M	C	P
0	0.05452	0.00908	0.00978	0.00795	0.01029	0.06644	0.03307	0.36945	0.14504	0.07303	0.07295	0.02421	0.00950	0.00546	0.02737	0.00129	0.04595	0.00376	0.00337	0.02749
1	0.00565	0.00412	0.00526	0.00546	0.00621	0.00414	0.00406	0.02958	0.04929	0.01097	0.11360	0.32065	0.05185	0.07233	0.13351	0.00223	0.00362	0.11151	0.03841	0.02754
2	0.01803	0.00901	0.11710	0.00939	0.01154	0.03742	0.20105	0.02890	0.04200	0.05452	0.02526	0.01342	0.07135	0.08218	0.05672	0.00176	0.17530	0.00412	0.03653	0.00441
3	0.04899	0.00950	0.01186	0.00939	0.01187	0.11462	0.18199	0.20065	0.09465	0.12566	0.01018	0.08337	0.00824	0.00483	0.00429	0.00120	0.05147	0.00412	0.00300	0.02012
4	0.00887	0.03443	0.10217	0.04041	0.08957	0.03085	0.47471	0.02853	0.04520	0.03683	0.02339	0.05175	0.00731	0.00387	0.00409	0.00122	0.00536	0.00426	0.00214	0.00506
5	0.00458	0.00374	0.00407	0.00421	0.00529	0.00323	0.00317	0.00560	0.00845	0.01037	0.08895	0.13043	0.63511	0.00960	0.00448	0.00131	0.00202	0.06873	0.00349	0.00317
6	0.00997	0.00627	0.04089	0.00712	0.06282	0.00559	0.00540	0.09442	0.03999	0.26868	0.25914	0.07911	0.09217	0.00628	0.00404	0.00119	0.00282	0.00537	0.00384	0.00489
7	0.05687	0.18082	0.08211	0.02970	0.01167	0.20251	0.05340	0.18198	0.04985	0.08585	0.02646	0.00865	0.00647	0.00395	0.00334	0.00104	0.00467	0.00295	0.00257	0.00516
8	0.05205	0.00912	0.01147	0.00892	0.01171	0.03440	0.13714	0.36965	0.11960	0.13882	0.01129	0.01185	0.03521	0.00460	0.00382	0.00118	0.00408	0.02597	0.00342	0.00570
9	0.00458	0.00380	0.00398	0.00406	0.00521	0.00326	0.00308	0.00555	0.00832	0.00999	0.03470	0.03573	0.72921	0.05132	0.00516	0.00141	0.00210	0.08205	0.00339	0.00312
10	0.00990	0.01044	0.01080	0.07795	0.27440	0.26036	0.00797	0.05202	0.08722	0.01158	0.02797	0.02634	0.09026	0.00531	0.03043	0.00126	0.00481	0.00378	0.00236	0.00485
11	0.00924	0.14582	0.28842	0.02592	0.12096	0.04349	0.14691	0.09970	0.03990	0.01268	0.02805	0.00890	0.00620	0.00365	0.00356	0.00111	0.00494	0.00318	0.00205	0.00533
12	0.00954	0.00969	0.02030	0.01459	0.01817	0.00918	0.72495	0.03808	0.00912	0.07831	0.00806	0.01015	0.00592	0.00335	0.00447	0.00125	0.02332	0.00427	0.00214	0.00513
13	0.00452	0.00359	0.00406	0.00432	0.00519	0.00313	0.00309	0.00543	0.00820	0.01031	0.10898	0.31290	0.49326	0.00997	0.00450	0.00133	0.00196	0.00864	0.00351	0.00313
14	0.00881	0.05464	0.44724	0.01142	0.04284	0.02270	0.20813	0.01240	0.03437	0.08165	0.00801	0.02816	0.00600	0.00376	0.00382	0.00118	0.01409	0.00342	0.00202	0.00534
15	0.00876	0.12922	0.50977	0.01153	0.11385	0.03481	0.05160	0.07657	0.00875	0.01225	0.00669	0.00791	0.00503	0.00352	0.00344	0.00111	0.00512	0.00283	0.00180	0.00544
16	0.00583	0.00455	0.00656	0.00627	0.00697	0.01783	0.03056	0.02180	0.00625	0.00881	0.00987	0.03368	0.00950	0.09897	0.64586	0.03993	0.03725	0.00417	0.00204	0.00329
17	0.03098	0.01210	0.17861	0.03433	0.11019	0.12238	0.08818	0.19191	0.10143	0.06714	0.00900	0.00968	0.01901	0.00403	0.00367	0.00114	0.00474	0.00335	0.00262	0.00550
18	0.00892	0.05103	0.04780	0.00797	0.05238	0.07595	0.04117	0.04972	0.20314	0.07438	0.06573	0.07405	0.01140	0.08211	0.08605	0.00181	0.00428	0.00435	0.00290	0.05486
19	0.00702	0.00408	0.00523	0.00504	0.00608	0.00372	0.00370	0.00810	0.00860	0.16605	0.21244	0.27357	0.15930	0.07076	0.04730	0.00169	0.00269	0.00725	0.00365	0.00372
20	0.01270	0.00714	0.04898	0.00666	0.00918	0.01794	0.00562	0.12201	0.05006	0.44676	0.11026	0.05503	0.06007	0.00544	0.00385	0.00116	0.00314	0.00450	0.00402	0.02547
21	0.03033	0.00998	0.01033	0.13119	0.01300	0.15993	0.02848	0.26230	0.13604	0.16598	0.00986	0.01004	0.00705	0.00429	0.00365	0.00114	0.00437	0.00336	0.00319	0.00549

[dist]
# distance from previous block
# <min> <max>
3	14

[block]
# block no. 7 follows, 74 sequences, length 28
# corresponding to MSA columns:
# 594-621
name=unknown_H
#
# <colnr> <probs for GDERKNQSTAVLIFYWHMCP>
#	G	D	E	R	K	N	Q	S	T	A	V	L	I	F	Y	W	H	M	C	P
0	0.10778	0.09684	0.02095	0.00833	0.07394	0.10552	0.07705	0.03618	0.03387	0.03849	0.06440	0.01174	0.05313	0.00416	0.00331	0.00097	0.00377	0.02700	0.00245	0.23012
1	0.05635	0.41772	0.25072	0.00740	0.01111	0.01103	0.00801	0.05352	0.00812	0.01117	0.00705	0.00785	0.03378	0.00352	0.00288	0.00093	0.00414	0.00249	0.00186	0.10035
2	0.00528	0.00404	0.00567	0.00624	0.04949	0.00394	0.03243	0.00642	0.01630	0.01013	0.06505	0.42778	0.10963	0.05774	0.12956	0.00215	0.00356	0.00774	0.05351	0.00333
3	0.00823	0.00885	0.03539	0.02505	0.01003	0.11026	0.04372	0.00938	0.00714	0.00982	0.09663	0.01194	0.04903	0.03028	0.00934	0.00150	0.52354	0.00383	0.00204	0.00402
4	0.00731	0.00429	0.00548	0.00495	0.00621	0.00393	0.00379	0.00911	0.02957	0.15882	0.54348	0.05276	0.09563	0.00713	0.00417	0.00117	0.00205	0.00619	0.04998	0.00400
5	0.00496	0.00397	0.00447	0.00442	0.00557	0.00357	0.00340	0.00657	0.04081	0.01177	0.27468	0.03301	0.50595	0.00877	0.00442	0.00127	0.00201	0.07337	0.00365	0.00337
6	0.00462	0.00371	0.00412	0.00415	0.00519	0.00321	0.00306	0.00573	0.00881	0.01117	0.23611	0.12945	0.54922	0.00921	0.00443	0.00126	0.00188	0.00787	0.00361	0.00321
7	0.01110	0.21456	0.07176	0.01140	0.15022	0.36350	0.05096	0.01266	0.00890	0.00983	0.00591	0.00727	0.00500	0.00370	0.00380	0.00101	0.05923	0.00263	0.00178	0.00477
8	0.00460	0.00335	0.00429	0.00496	0.00534	0.00309	0.00337	0.00533	0.00741	0.00977	0.06486	0.68474	0.12164	0.03978	0.00516	0.00153	0.00217	0.02213	0.00344	0.00303
9	0.01214	0.12378	0.01150	0.00803	0.01073	0.03906	0.02953	0.38045	0.23905	0.08091	0.01053	0.02070	0.00785	0.00448	0.00357	0.00112	0.00381	0.00351	0.00340	0.00584
10	0.00702	0.00395	0.00466	0.00436	0.00543	0.00374	0.00331	0.02089	0.00927	0.08555	0.34978	0.04939	0.04874	0.00609	0.00356	0.00105	0.00192	0.00519	0.38237	0.00374
11	0.01216	0.01324	0.00960	0.00845	0.01024	0.48223	0.00641	0.17438	0.05911	0.01200	0.00774	0.01007	0.00670	0.11934	0.02171	0.00147	0.03508	0.00314	0.00241	0.00449
12	0.00454	0.00332	0.00427	0.00497	0.00535	0.00305	0.00337	0.00527	0.00743	0.00979	0.06043	0.72538	0.12685	0.01117	0.00468	0.00146	0.00210	0.01004	0.00348	0.00305
13	0.29772	0.33050	0.03684	0.00736	0.01925	0.14609	0.06430	0.01196	0.00783	0.04062	0.00581	0.00670	0.00475	0.00342	0.00274	0.00099	0.00423	0.00232	0.00200	0.00455
14	0.03655	0.07060	0.05551	0.12771	0.37522	0.15712	0.00958	0.10202	0.00951	0.01236	0.00673	0.00843	0.00542	0.00358	0.00349	0.00108	0.00482	0.00299	0.00201	0.00527
15	0.00875	0.05958	0.01627	0.06183	0.24444	0.03912	0.32469	0.01146	0.05192	0.01137	0.00871	0.02708	0.03872	0.00402	0.00461	0.00121	0.07524	0.00397	0.00201	0.00502
16	0.00603	0.00531	0.00528	0.00569	0.00617	0.11618	0.00395	0.00674	0.00741	0.00927	0.03998	0.51646	0.01959	0.14079	0.05156	0.00199	0.00344	0.04805	0.00300	0.00312
17	0.00519	0.00382	0.00551	0.00565	0.00618	0.00428	0.00422	0.00627	0.00609	0.00862	0.01180	0.15236	0.01214	0.10700	0.63720	0.00502	0.00808	0.00517	0.00225	0.00316
18	0.00819	0.05172	0.53355	0.05174	0.01570	0.00895	0.12145	0.01282	0.11348	0.03538	0.00800	0.00904	0.00581	0.00369	0.00364	0.00118	0.00511	0.00317	0.00198	0.00540
19	0.00992	0.87178	0.01945	0.00635	0.00953	0.01469	0.00635	0.01111	0.00754	0.00873	0.00516	0.00595	0.00476	0.00318	0.00238	0.00079	0.00397	0.00198	0.00159	0.00476
20	0.00953	0.00998	0.01194	0.15548	0.28665	0.20008	0.05139	0.01268	0.13300	0.01126	0.00862	0.05118	0.00728	0.00487	0.02899	0.00129	0.00495	0.00366	0.00220	0.00497
21	0.00519	0.00360	0.00407	0.00412	0.00435	0.00349	0.00247	0.00544	0.00617	0.00810	0.05387	0.09046	0.12479	0.65121	0.01524	0.00302	0.00318	0.00617	0.00258	0.00248
22	0.00742	0.01539	0.57690	0.01095	0.01546	0.00824	0.17218	0.01110	0.00777	0.01137	0.00726	0.00916	0.00549	0.00667	0.11657	0.00183	0.00623	0.00323	0.00168	0.00510
23	0.00619	0.00322	0.00477	0.00488	0.00491	0.00320	0.00325	0.00488	0.00514	0.00685	0.00831	0.12476	0.00885	0.01273	0.01321	0.77394	0.00308	0.00420	0.00185	0.00180
24	0.01152	0.52700	0.01585	0.00765	0.01031	0.35376	0.00668	0.01261	0.00874	0.00887	0.00539	0.00625	0.00477	0.00344	0.00277	0.00086	0.00507	0.00215	0.00172	0.00458
25	0.00459	0.00335	0.00435	0.00511	0.00548	0.00310	0.00353	0.00534	0.00734	0.00963	0.02228	0.72755	0.11382	0.01130	0.00472	0.00149	0.00220	0.05832	0.00344	0.00305
26	0.05741	0.02739	0.01000	0.07808	0.05446	0.32530	0.02983	0.10617	0.07205	0.07126	0.03541	0.08878	0.00864	0.00506	0.01303	0.00117	0.00481	0.00379	0.00264	0.00471
27	0.05479	0.40467	0.06085	0.00894	0.01210	0.13636	0.16128	0.09995	0.00922	0.01150	0.00617	0.00724	0.00505	0.00343	0.00310	0.00098	0.00484	0.00268	0.00195	0.00491

[dist]
# distance from previous block
# <min> <max>
0	13

[block]
# block no. 8 follows, 74 sequences, length 45
# corresponding to MSA columns:
# 641-685
name=unknown_I
#
# <colnr> <probs for GDERKNQSTAVLIFYWHMCP>
#	G	D	E	R	K	N	Q	S	T	A	V	L	I	F	Y	W	H	M	C	P
0	0.02406	0.13516	0.10865	0.01666	0.01044	0.03280	0.02661	0.18714	0.12149	0.12011	0.02473	0.04980	0.00884	0.00570	0.03973	0.00133	0.00405	0.02558	0.05188	0.00523
1	0.00548	0.00375	0.00466	0.00475	0.00541	0.00353	0.00335	0.00640	0.00787	0.04601	0.20525	0.22762	0.16288	0.20117	0.05726	0.00210	0.00289	0.04317	0.00329	0.00315
2	0.01091	0.00986	0.00924	0.00826	0.02842	0.15070	0.00631	0.17828	0.47281	0.02708	0.01220	0.03161	0.00937	0.00482	0.00369	0.00117	0.00378	0.00383	0.02205	0.00559
3	0.00717	0.00603	0.00713	0.00544	0.00823	0.00462	0.00424	0.00865	0.00760	0.01166	0.00891	0.15139	0.00868	0.00423	0.00308	0.00071	0.00265	0.00360	0.00241	0.74357
4	0.00807	0.01813	0.70751	0.01069	0.01568	0.07189	0.06098	0.01229	0.03920	0.01170	0.00696	0.00810	0.00501	0.00358	0.00357	0.00117	0.00553	0.00287	0.00169	0.00538
5	0.00839	0.17653	0.16575	0.04201	0.08657	0.01742	0.15215	0.01104	0.04126	0.04667	0.03076	0.03940	0.04137	0.00494	0.00390	0.00120	0.01623	0.10732	0.00230	0.00479
6	0.00523	0.00363	0.00400	0.00400	0.00421	0.00352	0.00234	0.00539	0.00591	0.00767	0.01603	0.02620	0.15250	0.72574	0.01647	0.00321	0.00331	0.00581	0.00245	0.00240
7	0.01493	0.00586	0.00783	0.00615	0.00868	0.00512	0.00503	0.01642	0.01030	0.70940	0.06007	0.01360	0.01065	0.00473	0.00364	0.00112	0.00292	0.00387	0.10384	0.00584
8	0.02058	0.08862	0.40016	0.11381	0.12179	0.03069	0.01860	0.04883	0.01609	0.02101	0.00714	0.02358	0.00561	0.00439	0.02412	0.00126	0.03123	0.00306	0.01428	0.00514
9	0.02203	0.02734	0.00682	0.00584	0.00757	0.00667	0.00458	0.15719	0.21855	0.01400	0.02965	0.05936	0.33649	0.00754	0.02902	0.00135	0.01250	0.00563	0.04340	0.00447
10	0.00495	0.00378	0.00454	0.00435	0.00536	0.00337	0.00326	0.00642	0.00979	0.01319	0.56280	0.03052	0.31772	0.00822	0.00438	0.00120	0.00180	0.00710	0.00386	0.00337
11	0.00573	0.00386	0.00488	0.00459	0.00551	0.00362	0.00345	0.00761	0.02309	0.02880	0.70756	0.02542	0.03085	0.00707	0.00412	0.00113	0.00179	0.00619	0.12116	0.00358
12	0.02008	0.00839	0.02425	0.02430	0.05018	0.03671	0.21045	0.12181	0.02003	0.39658	0.01122	0.01156	0.00772	0.00420	0.00387	0.00117	0.00426	0.01903	0.01847	0.00573
13	0.00986	0.85137	0.03934	0.00645	0.00968	0.01454	0.00653	0.01113	0.00755	0.00881	0.00520	0.00600	0.00476	0.00318	0.00241	0.00080	0.00401	0.00200	0.00159	0.00478
14	0.00487	0.00351	0.00468	0.00545	0.00588	0.00332	0.00398	0.00582	0.00765	0.01012	0.06193	0.61022	0.05844	0.01103	0.00479	0.00152	0.00240	0.18777	0.00347	0.00313
15	0.83388	0.00730	0.00579	0.00509	0.00743	0.00840	0.00419	0.04817	0.00693	0.03795	0.00558	0.00633	0.00425	0.00352	0.00240	0.00115	0.00293	0.00211	0.00242	0.00418
16	0.00453	0.00325	0.00429	0.00512	0.00535	0.00303	0.00341	0.00518	0.00711	0.00945	0.02076	0.83330	0.04507	0.02466	0.00494	0.00153	0.00217	0.01040	0.00343	0.00301
17	0.04843	0.00877	0.02207	0.02319	0.18505	0.02618	0.02464	0.24184	0.18132	0.06275	0.02269	0.01058	0.00777	0.00454	0.01730	0.00117	0.00386	0.01026	0.00301	0.09455
18	0.05568	0.00623	0.00954	0.48800	0.01800	0.00709	0.04288	0.05142	0.00789	0.01087	0.00974	0.19903	0.00937	0.00540	0.00383	0.00124	0.00408	0.00481	0.00223	0.06266
19	0.00766	0.09359	0.77782	0.01021	0.01549	0.00915	0.01307	0.01170	0.00781	0.01149	0.00653	0.00767	0.00471	0.00350	0.00343	0.00114	0.00535	0.00268	0.00157	0.00542
20	0.00557	0.00355	0.00423	0.00423	0.00425	0.00356	0.00248	0.00534	0.00532	0.00711	0.01077	0.02185	0.01220	0.70344	0.04089	0.15220	0.00371	0.00500	0.00214	0.00217
21	0.00728	0.00645	0.05400	0.03084	0.20782	0.01892	0.03678	0.00898	0.01492	0.07088	0.03192	0.24487	0.06192	0.00980	0.11373	0.00191	0.00431	0.06762	0.00275	0.00430
22	0.02741	0.00763	0.00820	0.00622	0.00920	0.04790	0.00497	0.13314	0.04394	0.04697	0.00854	0.02849	0.02475	0.00359	0.00308	0.00076	0.00314	0.00283	0.00263	0.58663
23	0.02851	0.00591	0.00757	0.00636	0.02553	0.00532	0.00499	0.05130	0.02894	0.54369	0.01899	0.06841	0.17607	0.00593	0.00390	0.00119	0.00290	0.00491	0.00414	0.00543
24	0.00445	0.00365	0.00392	0.00408	0.00511	0.00313	0.00297	0.00537	0.00827	0.01012	0.06781	0.20286	0.64586	0.00977	0.00446	0.00130	0.00193	0.00833	0.00347	0.00313
25	0.01474	0.00818	0.00950	0.00743	0.01021	0.02250	0.00609	0.32890	0.09412	0.42438	0.01231	0.01125	0.00823	0.00457	0.00370	0.00114	0.00353	0.00360	0.01944	0.00619
26	0.00757	0.00666	0.00946	0.00820	0.00880	0.01538	0.04320	0.00883	0.01990	0.04738	0.06344	0.01265	0.03283	0.04138	0.19515	0.00254	0.45413	0.00393	0.01463	0.00394
27	0.01381	0.00810	0.01012	0.05482	0.01149	0.00836	0.04152	0.28832	0.13922	0.36594	0.01207	0.01132	0.00818	0.00450	0.00376	0.00116	0.00366	0.00368	0.00390	0.00607
28	0.00461	0.00351	0.00437	0.00492	0.00542	0.00327	0.00343	0.00537	0.00752	0.00975	0.04230	0.60018	0.23893	0.01082	0.00482	0.00144	0.02209	0.02076	0.00342	0.00309
29	0.00712	0.00663	0.00923	0.00829	0.00854	0.00883	0.00671	0.00841	0.03948	0.00920	0.00832	0.11875	0.00855	0.01152	0.18576	0.00250	0.54193	0.00436	0.00202	0.00385
30	0.00817	0.11989	0.59842	0.01122	0.10792	0.00936	0.01202	0.01217	0.05374	0.02342	0.00709	0.00816	0.00527	0.00356	0.00342	0.00113	0.00501	0.00281	0.00176	0.00548
31	0.00897	0.00749	0.04384	0.00895	0.10294	0.01981	0.02667	0.13925	0.14634	0.07711	0.08034	0.07004	0.08193	0.00782	0.07616	0.00165	0.05129	0.04138	0.00314	0.00489
32	0.00476	0.00373	0.00430	0.00451	0.00538	0.00335	0.00324	0.01552	0.02282	0.01083	0.15376	0.32330	0.41163	0.00977	0.00449	0.00133	0.00200	0.00849	0.00355	0.00323
33	0.04278	0.00378	0.00465	0.00514	0.00572	0.00371	0.00360	0.01920	0.02874	0.01012	0.02063	0.59395	0.12922	0.02467	0.08392	0.00189	0.00295	0.00887	0.00326	0.00322
34	0.00871	0.10522	0.01380	0.32745	0.39065	0.05591	0.01014	0.01081	0.00804	0.01055	0.00653	0.00893	0.00533	0.00353	0.00367	0.00112	0.01978	0.00310	0.00174	0.00499
35	0.00491	0.00366	0.00458	0.00482	0.00554	0.00339	0.00353	0.00605	0.00846	0.01127	0.27810	0.27679	0.21465	0.04612	0.04346	0.00165	0.00248	0.07381	0.00353	0.00321
36	0.00910	0.00880	0.01524	0.04774	0.78647	0.00883	0.04631	0.01136	0.00843	0.01204	0.00699	0.00924	0.00584	0.00331	0.00371	0.00111	0.00450	0.00335	0.00183	0.00579
37	0.00807	0.00764	0.01309	0.15970	0.53143	0.00784	0.05522	0.01012	0.00809	0.01126	0.00906	0.14418	0.00864	0.00467	0.00389	0.00120	0.00425	0.00450	0.00206	0.00509
38	0.00856	0.20541	0.46332	0.02039	0.03093	0.01018	0.05614	0.01154	0.00771	0.04637	0.00652	0.00783	0.00500	0.00380	0.00430	0.00114	0.10117	0.00278	0.00173	0.00517
39	0.00605	0.00367	0.00456	0.00448	0.00513	0.00342	0.00312	0.00614	0.00692	0.05471	0.06822	0.07509	0.25600	0.13736	0.03049	0.28475	0.00283	0.00562	0.03873	0.00273
40	0.00515	0.00387	0.00450	0.00472	0.00560	0.00355	0.00340	0.02408	0.03513	0.02546	0.08991	0.37735	0.36162	0.00979	0.00447	0.00135	0.00210	0.01868	0.01595	0.00333
41	0.00910	0.23751	0.50506	0.00929	0.01367	0.10515	0.01079	0.04898	0.00849	0.01120	0.00627	0.00727	0.00480	0.00351	0.00322	0.00105	0.00517	0.00254	0.00171	0.00520
42	0.53125	0.10652	0.00875	0.04272	0.00945	0.19655	0.01727	0.02977	0.00771	0.01386	0.00547	0.00645	0.00438	0.00353	0.00266	0.00107	0.00400	0.00221	0.00213	0.00423
43	0.00996	0.12450	0.04991	0.03387	0.02465	0.11771	0.04847	0.12442	0.09385	0.01232	0.00713	0.00844	0.00583	0.00438	0.00539	0.00113	0.20574	0.00298	0.00225	0.11706
44	0.00621	0.00523	0.00837	0.00734	0.00855	0.01840	0.17173	0.02425	0.00782	0.03148	0.06191	0.39203	0.06775	0.07994	0.08909	0.00200	0.00396	0.00741	0.00293	0.00359

[dist]
# distance from previous block
# <min> <max>
5	41

[block]
# block no. 9 follows, 74 sequences, length 14
# corresponding to MSA columns:
# 727-740
name=unknown_J
#
# <colnr> <probs for GDERKNQSTAVLIFYWHMCP>
#	G	D	E	R	K	N	Q	S	T	A	V	L	I	F	Y	W	H	M	C	P
0	0.17339	0.07549	0.05799	0.01984	0.02747	0.03003	0.08978	0.04084	0.02462	0.03627	0.09920	0.20491	0.01315	0.00803	0.08133	0.00165	0.00404	0.00510	0.00270	0.00416
1	0.11914	0.06772	0.00993	0.04445	0.07859	0.00818	0.00632	0.13546	0.07870	0.32950	0.04589	0.01100	0.00850	0.00443	0.00380	0.00115	0.03483	0.00344	0.00343	0.00556
2	0.24726	0.00740	0.04061	0.00697	0.00949	0.02969	0.08934	0.04325	0.00913	0.28415	0.09845	0.04381	0.04585	0.00481	0.00351	0.00116	0.00337	0.00395	0.00329	0.02452
3	0.00698	0.00714	0.09879	0.00662	0.03860	0.06075	0.00516	0.09496	0.00827	0.01086	0.05629	0.16418	0.09275	0.26719	0.06318	0.00225	0.00399	0.00570	0.00269	0.00365
4	0.27898	0.10161	0.00743	0.00559	0.00742	0.05398	0.00453	0.09581	0.00843	0.01311	0.01484	0.09312	0.18550	0.02827	0.05425	0.00152	0.00351	0.03541	0.00272	0.00397
5	0.02448	0.06167	0.09792	0.00629	0.00768	0.04045	0.03775	0.00801	0.00696	0.04085	0.03549	0.14103	0.03046	0.25635	0.16171	0.00275	0.01716	0.00513	0.01431	0.00354
6	0.00724	0.04707	0.28343	0.00796	0.01061	0.00674	0.04876	0.03596	0.02625	0.04208	0.04774	0.20813	0.02108	0.00728	0.04047	0.00147	0.03944	0.05783	0.03642	0.02406
7	0.01109	0.00830	0.01287	0.05404	0.03331	0.03365	0.25727	0.19485	0.01086	0.18428	0.01090	0.08379	0.00879	0.00481	0.00400	0.00121	0.00440	0.03422	0.04216	0.00522
8	0.76084	0.00777	0.00611	0.00536	0.00769	0.05404	0.00437	0.03285	0.00715	0.07744	0.00599	0.00662	0.00450	0.00358	0.00250	0.00114	0.00313	0.00219	0.00248	0.00426
9	0.00479	0.00353	0.00430	0.00465	0.00532	0.00318	0.00331	0.00550	0.00782	0.01006	0.11517	0.36385	0.32006	0.01044	0.00546	0.08118	0.00216	0.04288	0.00335	0.00300
10	0.00701	0.00660	0.01113	0.86063	0.02556	0.00825	0.01031	0.00948	0.00742	0.00948	0.00660	0.00990	0.00495	0.00371	0.00371	0.00124	0.00495	0.00330	0.00165	0.00412
11	0.00478	0.00362	0.00451	0.00482	0.00546	0.00345	0.00345	0.00569	0.00747	0.00975	0.08247	0.32257	0.26374	0.08248	0.14971	0.00234	0.00352	0.03394	0.00315	0.00309
12	0.00953	0.59646	0.01586	0.08115	0.01048	0.03926	0.00627	0.03603	0.04443	0.02473	0.00672	0.00883	0.00612	0.09540	0.00441	0.00117	0.00405	0.00265	0.00189	0.00455
13	0.00740	0.00632	0.00838	0.00766	0.04423	0.00663	0.09113	0.06015	0.25200	0.01319	0.11901	0.11169	0.15187	0.04663	0.00504	0.00137	0.02996	0.00574	0.02715	0.00447

[dist]
# distance from previous block
# <min> <max>
0	15

[block]
# block no. 10 follows, 74 sequences, length 27
# corresponding to MSA columns:
# 756-782
name=unknown_K
#
# <colnr> <probs for GDERKNQSTAVLIFYWHMCP>
#	G	D	E	R	K	N	Q	S	T	A	V	L	I	F	Y	W	H	M	C	P
0	0.04589	0.09851	0.08542	0.02819	0.05733	0.38151	0.00762	0.10174	0.09557	0.03051	0.00753	0.02057	0.00603	0.00404	0.00347	0.00105	0.01492	0.00288	0.00232	0.00492
1	0.21242	0.00431	0.00481	0.00519	0.00600	0.00446	0.00373	0.00699	0.00694	0.03268	0.01588	0.54950	0.01811	0.03653	0.05125	0.00173	0.00285	0.03017	0.00309	0.00334
2	0.67861	0.00977	0.00670	0.00603	0.00824	0.21672	0.00480	0.01187	0.00735	0.01479	0.00531	0.00619	0.00421	0.00354	0.00256	0.00110	0.00381	0.00210	0.00220	0.00409
3	0.04299	0.17517	0.12188	0.01970	0.02864	0.01946	0.11833	0.08738	0.00969	0.19937	0.09674	0.01213	0.04374	0.00439	0.00357	0.00110	0.00401	0.00370	0.00286	0.00516
4	0.03129	0.13142	0.25073	0.05030	0.05991	0.07610	0.03550	0.14898	0.02050	0.02818	0.03264	0.01906	0.00643	0.00419	0.00430	0.00114	0.08890	0.00311	0.00219	0.00513
5	0.00615	0.00340	0.00503	0.00503	0.00517	0.00354	0.00347	0.00524	0.00510	0.00695	0.00747	0.01269	0.00743	0.06307	0.19195	0.65640	0.00466	0.00350	0.00173	0.00201
6	0.00856	0.00915	0.19313	0.00836	0.01115	0.00675	0.16703	0.06205	0.04139	0.09041	0.08492	0.01368	0.04772	0.01836	0.00401	0.00116	0.01648	0.00404	0.20695	0.00471
7	0.00770	0.00660	0.00770	0.00550	0.00880	0.00495	0.00440	0.00935	0.00770	0.01210	0.00660	0.00770	0.00550	0.00275	0.00275	0.00055	0.00275	0.00220	0.00220	0.89224
8	0.00800	0.00672	0.00923	0.12987	0.21210	0.02424	0.00696	0.11091	0.05512	0.02484	0.19860	0.06679	0.07020	0.04256	0.00462	0.00129	0.00345	0.01698	0.00293	0.00459
9	0.00515	0.00376	0.00483	0.00462	0.00549	0.00345	0.00344	0.00678	0.01017	0.01422	0.73747	0.07026	0.10060	0.00794	0.00440	0.00119	0.00178	0.00700	0.00400	0.00345
10	0.00760	0.01680	0.68674	0.00995	0.01470	0.00845	0.01220	0.01259	0.12011	0.01223	0.00857	0.01066	0.00658	0.00413	0.00366	0.00122	0.00502	0.05141	0.00198	0.00542
11	0.00791	0.00919	0.11071	0.01978	0.04273	0.17033	0.00609	0.02074	0.09814	0.02375	0.20939	0.01992	0.18814	0.02861	0.01388	0.00128	0.00369	0.01851	0.00298	0.00422
12	0.00464	0.00332	0.00445	0.00531	0.00558	0.00312	0.00366	0.00538	0.00723	0.00961	0.02039	0.79870	0.02429	0.01151	0.00477	0.00152	0.00226	0.07778	0.00344	0.00305
13	0.01159	0.00914	0.00972	0.00803	0.01055	0.01033	0.00644	0.41253	0.44305	0.01932	0.01212	0.01147	0.00891	0.00476	0.00375	0.00119	0.00349	0.00378	0.00375	0.00609
14	0.02252	0.00951	0.07408	0.01341	0.19024	0.00831	0.29836	0.07720	0.03514	0.03451	0.00764	0.00923	0.00589	0.00332	0.00370	0.00105	0.00465	0.00343	0.00220	0.19562
15	0.00843	0.00928	0.19363	0.00754	0.00963	0.05674	0.03808	0.08446	0.13042	0.02483	0.00829	0.01078	0.00690	0.03377	0.00843	0.35526	0.00409	0.00334	0.00221	0.00391
