[name]
unknown

[dist]
# distance from previous block
# <min> <max>
0	31

[block]
# block no. 0 follows, 62 sequences, length 32
# corresponding to MSA columns:
# 36-67
name=unknown_A
#
# <colnr> <probs for GDERKNQSTAVLIFYWHMCP>
#	G	D	E	R	K	N	Q	S	T	A	V	L	I	F	Y	W	H	M	C	P
0	0.01213	0.14578	0.13631	0.01048	0.03836	0.24034	0.03950	0.07566	0.07259	0.03723	0.02972	0.01057	0.02663	0.00481	0.00465	0.00123	0.07011	0.00348	0.00258	0.03786
1	0.01169	0.53090	0.11461	0.02147	0.04139	0.09990	0.02894	0.03396	0.00952	0.03729	0.00686	0.00787	0.00576	0.00385	0.00323	0.00103	0.00511	0.00268	0.00207	0.03185
2	0.00632	0.00483	0.00628	0.06525	0.00849	0.00505	0.00493	0.01899	0.10060	0.01180	0.02026	0.59796	0.02289	0.04552	0.03234	0.00192	0.01505	0.00984	0.01769	0.00397
3	0.00620	0.00448	0.00648	0.00650	0.00722	0.00513	0.00498	0.00765	0.00697	0.01022	0.01188	0.03111	0.01122	0.07640	0.71593	0.00619	0.01018	0.00474	0.06278	0.00374
4	0.00598	0.00446	0.00530	0.00516	0.00634	0.00403	0.00384	0.00777	0.03256	0.03246	0.40935	0.11700	0.33057	0.00979	0.00503	0.00142	0.00218	0.00847	0.00434	0.00395
5	0.00611	0.00444	0.00623	0.00623	0.00678	0.00499	0.00456	0.00721	0.00666	0.00943	0.01195	0.01979	0.01197	0.25827	0.60907	0.00609	0.00939	0.00501	0.00236	0.00346
6	0.03526	0.41257	0.09806	0.00983	0.04656	0.18512	0.03209	0.06733	0.05442	0.01249	0.00730	0.00823	0.00605	0.00406	0.00341	0.00109	0.00538	0.00285	0.00224	0.00566
7	0.00518	0.00373	0.00491	0.00585	0.00615	0.00346	0.00392	0.00593	0.00822	0.01089	0.02433	0.81154	0.06372	0.01322	0.00541	0.00172	0.00245	0.01196	0.00395	0.00346
8	0.02507	0.05226	0.02536	0.02076	0.03817	0.05689	0.06847	0.22638	0.03943	0.04251	0.03947	0.04056	0.00881	0.00470	0.00416	0.00110	0.02503	0.00382	0.00313	0.27390
9	0.02819	0.13033	0.26378	0.05071	0.12017	0.05244	0.07680	0.02974	0.03176	0.02447	0.02912	0.00995	0.00701	0.00403	0.00385	0.00118	0.00525	0.00336	0.00225	0.12561
10	0.01123	0.11492	0.20297	0.06196	0.17597	0.12630	0.04517	0.08126	0.05299	0.02630	0.00844	0.01937	0.00668	0.00425	0.00396	0.00122	0.00552	0.00347	0.00239	0.04563
11	0.00571	0.00440	0.00514	0.00517	0.00618	0.00405	0.00373	0.00743	0.04475	0.01328	0.29661	0.18773	0.31831	0.07058	0.00626	0.00165	0.00236	0.00876	0.00411	0.00377
12	0.00669	0.00488	0.00676	0.02446	0.02799	0.00475	0.03438	0.02156	0.05477	0.04607	0.05770	0.60030	0.04820	0.03319	0.00562	0.00169	0.00292	0.01013	0.00387	0.00406
13	0.03468	0.21404	0.12357	0.04463	0.07789	0.18376	0.04554	0.17140	0.04013	0.01488	0.00788	0.00896	0.00620	0.00426	0.00377	0.00118	0.00559	0.00319	0.00252	0.00592
14	0.01581	0.01215	0.03677	0.00983	0.01330	0.01303	0.00828	0.76679	0.03934	0.02620	0.01032	0.01032	0.00732	0.00509	0.00425	0.00128	0.00470	0.00383	0.00419	0.00720
15	0.00525	0.00379	0.00494	0.00584	0.00617	0.00352	0.00394	0.00602	0.00823	0.01088	0.02437	0.75057	0.07778	0.03784	0.00590	0.00179	0.00254	0.03327	0.00391	0.00345
16	0.00970	0.03880	0.42196	0.04020	0.19065	0.03478	0.13688	0.03526	0.00962	0.01363	0.00781	0.00971	0.00591	0.00402	0.00441	0.00133	0.02355	0.00359	0.00200	0.00618
17	0.00626	0.00464	0.00585	0.00613	0.00696	0.00440	0.00432	0.04439	0.03795	0.01304	0.14902	0.59292	0.02709	0.01126	0.00512	0.00156	0.00258	0.01011	0.00400	0.06240
18	0.00673	0.00461	0.00608	0.00657	0.00748	0.00446	0.00516	0.00841	0.02850	0.05011	0.10991	0.27215	0.09442	0.04303	0.03244	0.00197	0.00336	0.30669	0.00398	0.00393
19	0.02943	0.03430	0.00973	0.00907	0.06793	0.05169	0.03098	0.09178	0.03970	0.02571	0.13650	0.01675	0.02969	0.01644	0.33476	0.01398	0.04912	0.00475	0.00295	0.00476
20	0.04271	0.00431	0.00469	0.00467	0.00484	0.00433	0.00269	0.00645	0.00639	0.00885	0.01447	0.02758	0.05237	0.77617	0.02009	0.00388	0.00400	0.00615	0.00264	0.00271
21	0.01169	0.64445	0.04426	0.00798	0.01142	0.07625	0.00765	0.05786	0.00946	0.01127	0.00631	0.00734	0.00560	0.00395	0.00348	0.00099	0.04359	0.00250	0.00202	0.04195
22	0.06229	0.03014	0.09778	0.00924	0.01243	0.05831	0.02470	0.43125	0.01509	0.06330	0.06539	0.01278	0.03014	0.02912	0.02336	0.00149	0.01922	0.00410	0.00363	0.00623
23	0.03839	0.04021	0.05632	0.00933	0.06231	0.11837	0.00721	0.19288	0.04410	0.08727	0.03856	0.09494	0.03983	0.02940	0.03894	0.02530	0.00474	0.01836	0.01580	0.03774
24	0.03529	0.02226	0.04554	0.02092	0.03995	0.04579	0.00641	0.04354	0.25932	0.03663	0.11715	0.19154	0.01808	0.02743	0.00494	0.00149	0.00354	0.03472	0.00376	0.04170
25	0.01138	0.08020	0.02345	0.08427	0.03874	0.11349	0.04773	0.11513	0.14337	0.08118	0.02684	0.07980	0.04478	0.05223	0.00548	0.00150	0.02595	0.01569	0.00328	0.00552
26	0.00977	0.04847	0.48325	0.01143	0.03631	0.08225	0.05416	0.03892	0.03420	0.03857	0.05998	0.01207	0.04075	0.00480	0.00441	0.00133	0.02722	0.00383	0.00239	0.00590
27	0.00875	0.00940	0.14934	0.00781	0.01034	0.03719	0.03523	0.10053	0.04531	0.04248	0.36954	0.04142	0.06576	0.00691	0.00458	0.00132	0.00358	0.00592	0.03259	0.02200
28	0.00881	0.07193	0.18355	0.02194	0.09624	0.00833	0.08053	0.04186	0.06113	0.03341	0.11952	0.03933	0.13584	0.00595	0.00433	0.00129	0.00425	0.00516	0.01702	0.05957
29	0.01023	0.03864	0.05500	0.00934	0.09662	0.02198	0.00691	0.13139	0.08967	0.08704	0.09597	0.11548	0.10740	0.00667	0.00436	0.00128	0.00364	0.00565	0.00363	0.10911
30	0.04890	0.05174	0.21835	0.01763	0.04571	0.04334	0.03988	0.07112	0.04692	0.07762	0.11360	0.01315	0.02081	0.00526	0.01829	0.00128	0.00461	0.00394	0.00297	0.15489
31	0.01114	0.05911	0.08968	0.02267	0.08258	0.00921	0.10531	0.10025	0.11755	0.11922	0.09634	0.03243	0.02359	0.00522	0.00446	0.00128	0.02187	0.00454	0.00336	0.09020

[dist]
# distance from previous block
# <min> <max>
7	51

[block]
# block no. 1 follows, 62 sequences, length 9
# corresponding to MSA columns:
# 129-137
name=unknown_B
#
# <colnr> <probs for GDERKNQSTAVLIFYWHMCP>
#	G	D	E	R	K	N	Q	S	T	A	V	L	I	F	Y	W	H	M	C	P
0	0.00909	0.06236	0.08974	0.00938	0.01068	0.01005	0.00836	0.01071	0.00817	0.06261	0.10060	0.01634	0.01202	0.02620	0.07094	0.00208	0.40869	0.07455	0.00261	0.00478
1	0.04620	0.10256	0.05935	0.00645	0.00801	0.00664	0.00547	0.00842	0.00788	0.01104	0.06420	0.02050	0.13726	0.10782	0.38510	0.00411	0.00716	0.00515	0.00265	0.00403
2	0.00977	0.06409	0.06691	0.06610	0.26172	0.08845	0.17851	0.01232	0.01010	0.01340	0.13439	0.05279	0.01250	0.00505	0.00443	0.00131	0.00524	0.00481	0.00256	0.00555
3	0.02912	0.10357	0.02824	0.06720	0.14864	0.04270	0.07990	0.18472	0.21294	0.04422	0.01078	0.01145	0.00818	0.00464	0.00412	0.00130	0.00477	0.00393	0.00319	0.00638
4	0.01152	0.49825	0.06435	0.00789	0.01140	0.04953	0.00751	0.03668	0.02738	0.06267	0.00734	0.00820	0.00613	0.00401	0.00367	0.00100	0.04713	0.00269	0.00229	0.14036
5	0.00656	0.00499	0.00691	0.00853	0.13215	0.00496	0.00491	0.00731	0.00749	0.01013	0.01648	0.23647	0.06265	0.34598	0.09830	0.02795	0.00447	0.00726	0.00289	0.00361
6	0.00982	0.00811	0.01083	0.00922	0.01027	0.01003	0.00757	0.01167	0.05891	0.10320	0.01177	0.01381	0.08547	0.00870	0.06613	0.00196	0.48312	0.00431	0.00269	0.08243
7	0.00862	0.00807	0.01224	0.41168	0.21434	0.02606	0.01022	0.01201	0.09069	0.01251	0.03445	0.04770	0.08293	0.00537	0.00438	0.00139	0.00479	0.00477	0.00254	0.00525
8	0.00826	0.00625	0.00721	0.00694	0.00785	0.07889	0.00519	0.00940	0.00810	0.08586	0.04392	0.09997	0.01424	0.17949	0.34671	0.00418	0.04401	0.03662	0.00291	0.00400

[dist]
# distance from previous block
# <min> <max>
0	6

[block]
# block no. 2 follows, 62 sequences, length 8
# corresponding to MSA columns:
# 144-151
name=unknown_C
#
# <colnr> <probs for GDERKNQSTAVLIFYWHMCP>
#	G	D	E	R	K	N	Q	S	T	A	V	L	I	F	Y	W	H	M	C	P
0	0.04285	0.03054	0.02383	0.10664	0.12052	0.30024	0.05951	0.07572	0.04208	0.05290	0.00899	0.04890	0.00751	0.00535	0.01779	0.00138	0.04330	0.00387	0.00261	0.00547
1	0.47888	0.09949	0.01077	0.03847	0.01137	0.20234	0.04996	0.04132	0.00915	0.01579	0.00643	0.00761	0.00513	0.00405	0.00317	0.00123	0.00479	0.00266	0.00245	0.00493
2	0.00610	0.00521	0.03627	0.03177	0.00831	0.00463	0.03982	0.03813	0.00879	0.01172	0.02167	0.65084	0.05259	0.03152	0.00566	0.00173	0.00307	0.03462	0.00371	0.00384
3	0.01134	0.03729	0.09774	0.02628	0.03234	0.05866	0.00722	0.11739	0.01108	0.13035	0.03377	0.05674	0.04044	0.00493	0.00388	0.00107	0.00408	0.00398	0.00319	0.31822
4	0.00991	0.00739	0.02351	0.02978	0.01025	0.00607	0.00549	0.03168	0.05874	0.12444	0.06675	0.01480	0.08612	0.00481	0.00375	0.00095	0.00320	0.00395	0.02137	0.48701
5	0.00646	0.00481	0.00578	0.00578	0.00682	0.00458	0.00427	0.07526	0.01072	0.01426	0.26870	0.28086	0.20774	0.03597	0.00563	0.00159	0.00257	0.05006	0.00416	0.00398
6	0.05937	0.10959	0.01254	0.03257	0.01246	0.06452	0.02132	0.33070	0.21807	0.01945	0.01146	0.01270	0.00896	0.00521	0.00405	0.00129	0.00445	0.04063	0.00361	0.02707
7	0.00885	0.03993	0.38472	0.01027	0.04833	0.00825	0.02941	0.04538	0.04711	0.06087	0.03596	0.17714	0.02830	0.03672	0.01839	0.00160	0.00489	0.00550	0.00283	0.00554

[dist]
# distance from previous block
# <min> <max>
0	1

[block]
# block no. 3 follows, 62 sequences, length 7
# corresponding to MSA columns:
# 153-159
name=unknown_D
#
# <colnr> <probs for GDERKNQSTAVLIFYWHMCP>
#	G	D	E	R	K	N	Q	S	T	A	V	L	I	F	Y	W	H	M	C	P
0	0.00989	0.13181	0.44520	0.01141	0.01602	0.06343	0.08619	0.01402	0.06092	0.03113	0.00861	0.01069	0.00674	0.00456	0.00462	0.00134	0.05629	0.02907	0.00217	0.00591
1	0.00706	0.00562	0.00627	0.00682	0.06200	0.05777	0.00406	0.00760	0.00732	0.00961	0.06746	0.05016	0.01584	0.57815	0.09377	0.00372	0.00490	0.00594	0.00268	0.00325
2	0.00988	0.16912	0.31640	0.02823	0.01428	0.08806	0.06025	0.04413	0.00969	0.03589	0.01163	0.09811	0.06339	0.00556	0.00434	0.00131	0.02735	0.00448	0.00243	0.00549
3	0.03575	0.03932	0.08996	0.10328	0.17191	0.09900	0.10234	0.01391	0.06468	0.08957	0.10318	0.01383	0.02803	0.00496	0.00448	0.00132	0.02161	0.00434	0.00285	0.00569
4	0.00732	0.03854	0.08883	0.00681	0.00843	0.00580	0.00572	0.09022	0.00995	0.03186	0.04363	0.39902	0.15639	0.03753	0.00552	0.00163	0.00325	0.05153	0.00369	0.00433
5	0.00907	0.06541	0.06562	0.03899	0.01052	0.05700	0.03459	0.06258	0.09409	0.06285	0.09372	0.19774	0.09598	0.03633	0.00523	0.00153	0.00385	0.05644	0.00357	0.00488
6	0.08112	0.13082	0.21669	0.03127	0.14003	0.01112	0.06231	0.17315	0.01145	0.03876	0.05719	0.01074	0.00823	0.00444	0.00395	0.00126	0.00500	0.00364	0.00270	0.00612

[dist]
# distance from previous block
# <min> <max>
27	75

[block]
# block no. 4 follows, 62 sequences, length 22
# corresponding to MSA columns:
# 267-288
name=unknown_E
#
# <colnr> <probs for GDERKNQSTAVLIFYWHMCP>
#	G	D	E	R	K	N	Q	S	T	A	V	L	I	F	Y	W	H	M	C	P
0	0.06698	0.11727	0.22412	0.00969	0.01317	0.01037	0.07205	0.08861	0.09904	0.08026	0.03227	0.04839	0.00932	0.04805	0.00558	0.00149	0.06052	0.00418	0.00289	0.00577
1	0.15558	0.03905	0.11848	0.02423	0.07531	0.04041	0.02288	0.23333	0.07477	0.04977	0.03806	0.02545	0.01923	0.00489	0.00405	0.00128	0.01602	0.00379	0.00320	0.05023
2	0.01133	0.11158	0.01188	0.03429	0.02178	0.07915	0.03233	0.16735	0.20046	0.03875	0.04992	0.08094	0.02583	0.02282	0.00462	0.00132	0.01672	0.00470	0.00344	0.08079
3	0.04205	0.08373	0.08091	0.00706	0.02310	0.02404	0.00603	0.05141	0.01074	0.12581	0.22653	0.07878	0.15030	0.01816	0.01782	0.00143	0.00347	0.00601	0.00374	0.03890
4	0.05380	0.01120	0.04198	0.00990	0.05203	0.01157	0.00789	0.56701	0.04553	0.02302	0.00994	0.01079	0.00746	0.03758	0.00474	0.00133	0.00448	0.00373	0.00375	0.09225
5	0.00888	0.04885	0.01100	0.00904	0.00952	0.01024	0.00734	0.00987	0.00716	0.04762	0.04674	0.01401	0.00947	0.12820	0.10583	0.00263	0.50124	0.00431	0.01366	0.00439
6	0.00616	0.00539	0.04620	0.00742	0.03770	0.00470	0.00551	0.00807	0.05719	0.01187	0.02226	0.55706	0.05239	0.01170	0.00532	0.00171	0.00305	0.14849	0.00379	0.00400
7	0.01374	0.01559	0.01073	0.00971	0.01173	0.55056	0.00737	0.03904	0.02279	0.05343	0.01073	0.09146	0.03873	0.00582	0.00453	0.00122	0.04216	0.02320	0.00272	0.04475
8	0.01132	0.01044	0.01021	0.00967	0.05086	0.11674	0.00713	0.03849	0.60508	0.02986	0.05206	0.01513	0.01278	0.00561	0.00429	0.00138	0.00398	0.00459	0.00397	0.00640
9	0.08586	0.00950	0.01407	0.32415	0.19280	0.06823	0.09003	0.01202	0.00891	0.01251	0.00810	0.01218	0.00682	0.00478	0.00524	0.00143	0.09215	0.04386	0.00215	0.00521
10	0.01534	0.01156	0.01223	0.00958	0.01277	0.02834	0.00783	0.70694	0.07646	0.02524	0.01117	0.04307	0.00843	0.00546	0.00430	0.00130	0.00456	0.00420	0.00421	0.00701
11	0.01010	0.00782	0.00916	0.00663	0.01035	0.00620	0.00533	0.06304	0.00981	0.07800	0.00845	0.00935	0.00669	0.00344	0.00331	0.00073	0.00329	0.00274	0.00285	0.75272
12	0.00743	0.00663	0.02495	0.00910	0.02183	0.00652	0.18124	0.02683	0.00828	0.01134	0.05249	0.09465	0.01485	0.28591	0.13251	0.00318	0.04174	0.06375	0.00275	0.00402
13	0.00550	0.00449	0.00499	0.00492	0.00600	0.00413	0.00361	0.00659	0.00947	0.01193	0.15749	0.08703	0.53363	0.09471	0.00713	0.00173	0.04076	0.00846	0.00383	0.00360
14	0.00583	0.00416	0.00542	0.00577	0.00625	0.00425	0.00405	0.00673	0.00750	0.01020	0.01870	0.28270	0.08012	0.22924	0.24412	0.00375	0.00545	0.04521	0.02718	0.00338
15	0.00609	0.00422	0.00508	0.00527	0.00549	0.00425	0.00333	0.00674	0.02331	0.00954	0.04684	0.18047	0.01863	0.55254	0.08257	0.00367	0.00430	0.03167	0.00297	0.00302
16	0.03477	0.01079	0.01532	0.11035	0.39829	0.10161	0.08816	0.04307	0.07819	0.02689	0.00918	0.03339	0.00756	0.00445	0.00442	0.00132	0.01964	0.00407	0.00247	0.00606
17	0.01589	0.01178	0.01261	0.00973	0.01309	0.01306	0.00802	0.76979	0.06041	0.02636	0.01058	0.01050	0.00753	0.00514	0.00426	0.00129	0.00462	0.00388	0.00426	0.00721
18	0.01199	0.05063	0.03617	0.02777	0.17091	0.06856	0.03599	0.20936	0.01206	0.05527	0.00940	0.03280	0.01706	0.00459	0.00440	0.00115	0.04253	0.00370	0.00292	0.20273
19	0.00688	0.06036	0.06189	0.00777	0.03993	0.00581	0.02656	0.00847	0.02771	0.03335	0.01942	0.48232	0.05194	0.04033	0.04591	0.00194	0.01935	0.05245	0.00343	0.00418
20	0.00551	0.00390	0.00506	0.00573	0.00624	0.00359	0.00393	0.00646	0.00886	0.02527	0.12884	0.65562	0.10047	0.01237	0.00532	0.00164	0.00240	0.01112	0.00407	0.00360
21	0.01124	0.05542	0.15801	0.01015	0.06482	0.00918	0.05628	0.16809	0.02513	0.07122	0.00889	0.00979	0.00672	0.00397	0.00378	0.00105	0.00448	0.00326	0.00286	0.32567

[dist]
# distance from previous block
# <min> <max>
1	5

[block]
# block no. 5 follows, 62 sequences, length 13
# corresponding to MSA columns:
# 321-333
name=unknown_F
#
# <colnr> <probs for GDERKNQSTAVLIFYWHMCP>
#	G	D	E	R	K	N	Q	S	T	A	V	L	I	F	Y	W	H	M	C	P
0	0.01039	0.07563	0.14358	0.03529	0.42782	0.01056	0.09646	0.07556	0.01014	0.01416	0.00831	0.01104	0.00690	0.04995	0.00511	0.00143	0.00537	0.00384	0.00223	0.00624
1	0.02881	0.00524	0.00636	0.00580	0.00726	0.00513	0.00446	0.01138	0.07022	0.14305	0.33923	0.06637	0.07318	0.00788	0.01990	0.00141	0.02002	0.00627	0.17335	0.00468
2	0.00592	0.00410	0.00497	0.00516	0.00539	0.00408	0.00324	0.00638	0.00710	0.00955	0.06108	0.19983	0.04373	0.51899	0.09904	0.00366	0.00434	0.00744	0.00300	0.00300
3	0.62492	0.00813	0.00730	0.00634	0.00902	0.00904	0.00521	0.04376	0.05733	0.14729	0.00915	0.01040	0.00694	0.00462	0.00318	0.00135	0.00342	0.03411	0.00326	0.00522
4	0.02945	0.00523	0.00626	0.00566	0.00727	0.00477	0.00432	0.04229	0.01099	0.16923	0.27555	0.09843	0.27255	0.04203	0.00548	0.00150	0.00262	0.00747	0.00436	0.00454
5	0.00623	0.00473	0.00693	0.00684	0.00750	0.00556	0.00526	0.00760	0.00677	0.00975	0.01131	0.01734	0.01083	0.10110	0.72717	0.00638	0.04801	0.00466	0.00229	0.00373
6	0.01089	0.01023	0.01698	0.02508	0.77221	0.01031	0.01274	0.06388	0.01035	0.01472	0.00814	0.01051	0.00677	0.00388	0.00422	0.00126	0.00503	0.00379	0.00224	0.00677
7	0.04916	0.00927	0.00949	0.00790	0.01049	0.09234	0.00629	0.16334	0.16795	0.24353	0.09104	0.01465	0.01244	0.00546	0.00411	0.00127	0.00386	0.00433	0.08148	0.02161
8	0.00688	0.00466	0.00578	0.00609	0.00693	0.00451	0.00431	0.02993	0.07028	0.06157	0.08326	0.55257	0.08256	0.02785	0.00544	0.00165	0.00263	0.00995	0.02908	0.00408
9	0.00604	0.00413	0.00480	0.00486	0.00503	0.00409	0.00291	0.00632	0.00685	0.00915	0.05943	0.09507	0.05378	0.66554	0.05167	0.00377	0.00408	0.00681	0.00285	0.00282
10	0.06595	0.09063	0.01216	0.00905	0.01190	0.19290	0.00731	0.30700	0.11566	0.01815	0.00972	0.03377	0.00774	0.00495	0.00407	0.00120	0.02211	0.00360	0.00328	0.07884
11	0.02938	0.03500	0.13821	0.02375	0.14716	0.02994	0.04020	0.07894	0.01067	0.16361	0.06266	0.04790	0.02572	0.00523	0.00475	0.00128	0.05496	0.00430	0.00312	0.09321
12	0.02198	0.06162	0.11371	0.02709	0.10406	0.05063	0.04594	0.09082	0.09046	0.09489	0.07570	0.07579	0.04807	0.00566	0.00423	0.00128	0.00435	0.00481	0.00325	0.07568

[dist]
# distance from previous block
# <min> <max>
1	14

[block]
# block no. 6 follows, 62 sequences, length 10
# corresponding to MSA columns:
# 348-357
name=unknown_G
#
# <colnr> <probs for GDERKNQSTAVLIFYWHMCP>
#	G	D	E	R	K	N	Q	S	T	A	V	L	I	F	Y	W	H	M	C	P
0	0.04195	0.27121	0.03085	0.05181	0.06228	0.20760	0.00780	0.04407	0.07480	0.02329	0.03320	0.01190	0.04635	0.00492	0.00401	0.00118	0.03357	0.01790	0.02598	0.00533
1	0.00898	0.00744	0.00836	0.00625	0.00959	0.03030	0.00496	0.01076	0.00933	0.05092	0.05293	0.01345	0.09024	0.00433	0.00351	0.00079	0.00315	0.00352	0.00289	0.67829
2	0.00647	0.02386	0.02101	0.04379	0.02803	0.02309	0.02623	0.00830	0.05436	0.01178	0.07645	0.39164	0.14140	0.07011	0.02844	0.00188	0.00339	0.03219	0.00357	0.00398
3	0.06604	0.12832	0.27516	0.01207	0.12588	0.01057	0.04825	0.09264	0.04878	0.03151	0.00902	0.02856	0.00728	0.00545	0.03457	0.00146	0.00528	0.01637	0.00249	0.05030
4	0.01264	0.03610	0.13374	0.00988	0.03169	0.03110	0.05349	0.17635	0.19817	0.16862	0.04779	0.04293	0.01098	0.00590	0.01989	0.00145	0.00458	0.00450	0.00377	0.00643
5	0.00532	0.00398	0.00492	0.00559	0.00621	0.00363	0.00393	0.00625	0.00872	0.01127	0.05227	0.53496	0.23305	0.03659	0.00581	0.00173	0.00252	0.06582	0.00393	0.00352
6	0.01015	0.02453	0.05511	0.14194	0.26719	0.07631	0.15438	0.05075	0.04262	0.01336	0.00997	0.04461	0.02890	0.02080	0.01725	0.00149	0.02813	0.00443	0.00239	0.00570
7	0.05307	0.06226	0.06899	0.12958	0.05823	0.07503	0.09270	0.21961	0.06045	0.04853	0.02535	0.02818	0.00809	0.02318	0.00480	0.00138	0.02768	0.00402	0.00298	0.00588
8	0.00745	0.00553	0.03412	0.02811	0.00728	0.03524	0.00462	0.02661	0.02386	0.00958	0.03176	0.08036	0.06480	0.13736	0.04511	0.42695	0.00413	0.02172	0.00250	0.00293
9	0.03620	0.01411	0.01281	0.03640	0.09492	0.36673	0.07201	0.13566	0.04375	0.05567	0.01033	0.03931	0.03747	0.00497	0.00414	0.00123	0.00591	0.00392	0.00287	0.02161

[dist]
# distance from previous block
# <min> <max>
2	14

[block]
# block no. 7 follows, 62 sequences, length 29
# corresponding to MSA columns:
# 376-404
name=unknown_H
#
# <colnr> <probs for GDERKNQSTAVLIFYWHMCP>
#	G	D	E	R	K	N	Q	S	T	A	V	L	I	F	Y	W	H	M	C	P
0	0.27470	0.03253	0.02691	0.05855	0.13542	0.03052	0.00767	0.11737	0.01027	0.11576	0.00842	0.00947	0.00635	0.00439	0.00417	0.00125	0.05417	0.00319	0.00294	0.09594
1	0.00763	0.00646	0.00873	0.01018	0.16890	0.00646	0.02514	0.03050	0.11105	0.01328	0.07384	0.03974	0.25949	0.08835	0.05988	0.00203	0.00397	0.06675	0.01291	0.00472
2	0.01589	0.01170	0.01257	0.00969	0.01301	0.01294	0.00798	0.78875	0.01970	0.02640	0.01056	0.03207	0.00778	0.00532	0.00429	0.00129	0.00462	0.00405	0.00425	0.00714
3	0.01691	0.00676	0.00918	0.00720	0.01011	0.00588	0.00588	0.01862	0.01216	0.69181	0.15102	0.01737	0.01547	0.00584	0.00440	0.00132	0.00335	0.00485	0.00517	0.00670
4	0.00521	0.00393	0.00484	0.00551	0.00613	0.00355	0.00383	0.00612	0.00875	0.01129	0.05432	0.57325	0.25138	0.01242	0.00532	0.00164	0.00241	0.03260	0.00397	0.00352
5	0.00591	0.00407	0.00466	0.00483	0.00501	0.00396	0.00288	0.00613	0.00685	0.00900	0.01787	0.17203	0.09142	0.62771	0.01731	0.00346	0.00366	0.00747	0.00294	0.00282
6	0.00679	0.00485	0.00678	0.00776	0.00871	0.00484	0.00674	0.00870	0.00973	0.01266	0.02257	0.08138	0.02464	0.01182	0.00586	0.00195	0.00386	0.76259	0.00392	0.00390
7	0.00617	0.00444	0.00520	0.00525	0.00647	0.00393	0.00398	0.00747	0.00999	0.05495	0.18263	0.15148	0.42879	0.02625	0.00544	0.00155	0.00246	0.08557	0.00413	0.00386
8	0.81609	0.00850	0.00674	0.00591	0.00860	0.00982	0.00487	0.07193	0.00819	0.01967	0.00624	0.00716	0.00480	0.00404	0.00275	0.00131	0.00340	0.00242	0.00275	0.00480
9	0.83580	0.00842	0.00659	0.00581	0.00849	0.00973	0.00479	0.05375	0.00790	0.01949	0.00615	0.00708	0.00474	0.00401	0.00272	0.00131	0.00336	0.00238	0.00272	0.00474
10	0.88052	0.00823	0.00625	0.00560	0.00823	0.00955	0.00461	0.01251	0.00724	0.01909	0.00592	0.00691	0.00461	0.00395	0.00263	0.00132	0.00329	0.00230	0.00263	0.00461
11	0.00931	0.00931	0.01303	0.01117	0.01117	0.01303	0.00931	0.01024	0.00652	0.01024	0.00559	0.00931	0.00559	0.00745	0.01396	0.00186	0.84267	0.00372	0.00186	0.00465
12	0.00619	0.00413	0.00464	0.00464	0.00464	0.00413	0.00258	0.00619	0.00619	0.00825	0.01341	0.02785	0.01547	0.85046	0.02166	0.00413	0.00413	0.00619	0.00258	0.00258
13	0.01890	0.00754	0.01006	0.00771	0.01101	0.00670	0.00637	0.07106	0.01268	0.77584	0.01637	0.01421	0.01032	0.00526	0.00428	0.00131	0.00369	0.00425	0.00520	0.00724
14	0.78114	0.00811	0.00667	0.00582	0.00853	0.00917	0.00480	0.01346	0.00781	0.11228	0.00718	0.00779	0.00529	0.00410	0.00282	0.00132	0.00333	0.00253	0.00294	0.00491
15	0.07403	0.00730	0.00964	0.00744	0.01069	0.00646	0.00615	0.02021	0.01186	0.77535	0.01609	0.01400	0.01016	0.00518	0.00417	0.00132	0.00360	0.00415	0.00510	0.00707
16	0.00516	0.00432	0.00450	0.00445	0.00583	0.00365	0.00334	0.00636	0.01001	0.01224	0.14763	0.03972	0.71720	0.01050	0.00503	0.00142	0.00214	0.00881	0.00405	0.00365
17	0.00571	0.00436	0.00496	0.00481	0.00602	0.00383	0.00356	0.00709	0.01044	0.02693	0.34234	0.04826	0.45218	0.05362	0.00588	0.00154	0.00223	0.00831	0.00419	0.00376
18	0.01514	0.01166	0.01331	0.01104	0.06503	0.03295	0.04985	0.66432	0.01817	0.02444	0.01005	0.01047	0.00727	0.00492	0.00423	0.00127	0.00480	0.00387	0.04027	0.00693
19	0.00931	0.00931	0.01303	0.01117	0.01117	0.01303	0.00931	0.01024	0.00652	0.01024	0.00559	0.00931	0.00559	0.00745	0.01396	0.00186	0.84267	0.00372	0.00186	0.00465
20	0.01029	0.00983	0.03292	0.03717	0.19757	0.00957	0.29943	0.07284	0.08931	0.04755	0.04589	0.06542	0.03241	0.00521	0.00478	0.00140	0.01432	0.01529	0.00291	0.00591
21	0.00829	0.00757	0.01171	0.50765	0.06505	0.00815	0.02227	0.01075	0.00867	0.01192	0.00837	0.05096	0.00700	0.00435	0.00401	0.00120	0.00480	0.00385	0.00218	0.25124
22	0.04495	0.00722	0.01047	0.05175	0.25171	0.01630	0.02272	0.02933	0.03382	0.04765	0.05456	0.24629	0.08478	0.00785	0.00516	0.00148	0.04715	0.02855	0.00320	0.00506
23	0.01389	0.04233	0.02935	0.01112	0.08542	0.37592	0.00815	0.16854	0.08318	0.04064	0.01062	0.01114	0.04929	0.00486	0.00400	0.00118	0.00572	0.00358	0.00295	0.04811
24	0.00820	0.00735	0.00832	0.03447	0.10334	0.05031	0.00612	0.02586	0.22643	0.01451	0.14703	0.04529	0.27511	0.00775	0.00467	0.00140	0.00328	0.02172	0.00380	0.00503
25	0.03568	0.01098	0.01586	0.07377	0.44599	0.09314	0.09474	0.07284	0.04461	0.01444	0.00922	0.01123	0.02731	0.00432	0.00450	0.00131	0.02754	0.00395	0.00241	0.00616
26	0.63597	0.00871	0.00818	0.02714	0.08646	0.00992	0.00600	0.06089	0.09293	0.01874	0.00761	0.00849	0.00587	0.00420	0.00309	0.00132	0.00360	0.00283	0.00284	0.00519
27	0.01352	0.01551	0.01096	0.00980	0.01187	0.54161	0.02319	0.03105	0.03028	0.03666	0.04283	0.02868	0.00932	0.04971	0.00527	0.00134	0.03058	0.04473	0.00264	0.06044
28	0.01330	0.03516	0.01045	0.00970	0.09145	0.11829	0.00698	0.10121	0.04227	0.26581	0.09045	0.05804	0.04128	0.02117	0.00472	0.00138	0.00421	0.06232	0.00394	0.01786

[dist]
# distance from previous block
# <min> <max>
0	14

[block]
# block no. 8 follows, 62 sequences, length 56
# corresponding to MSA columns:
# 438-468,470-494
name=unknown_I
#
# <colnr> <probs for GDERKNQSTAVLIFYWHMCP>
#	G	D	E	R	K	N	Q	S	T	A	V	L	I	F	Y	W	H	M	C	P
0	0.00632	0.00473	0.00595	0.00550	0.00673	0.00438	0.00415	0.00873	0.04883	0.01665	0.70412	0.03039	0.07764	0.00840	0.00490	0.00131	0.00213	0.00737	0.00452	0.04725
1	0.01121	0.14500	0.12940	0.05053	0.03135	0.21667	0.14627	0.05231	0.02333	0.01239	0.00923	0.08148	0.01765	0.00513	0.00464	0.00129	0.05022	0.00420	0.00235	0.00535
2	0.00572	0.00412	0.00494	0.00514	0.00570	0.00387	0.00346	0.00658	0.00863	0.01146	0.19239	0.23335	0.16608	0.29371	0.01075	0.00241	0.00292	0.03181	0.00364	0.00332
3	0.00532	0.00399	0.00494	0.00546	0.00615	0.00361	0.00384	0.00638	0.00921	0.01206	0.15574	0.48814	0.23756	0.01189	0.00527	0.00160	0.00235	0.02884	0.00407	0.00359
4	0.00961	0.03589	0.50890	0.01151	0.06221	0.00886	0.04173	0.01341	0.00980	0.10661	0.11616	0.01317	0.02166	0.00489	0.00437	0.00134	0.01717	0.00405	0.00263	0.00603
5	0.01155	0.01078	0.01381	0.01149	0.02667	0.06430	0.08386	0.21446	0.05073	0.01522	0.00802	0.02360	0.00683	0.00625	0.00924	0.00159	0.42936	0.00400	0.00268	0.00555
6	0.01053	0.01011	0.01727	0.02612	0.82392	0.01011	0.01306	0.01306	0.00969	0.01390	0.00800	0.01053	0.00674	0.00379	0.00421	0.00126	0.00505	0.00379	0.00211	0.00674
7	0.01114	0.00942	0.00994	0.00877	0.01128	0.01084	0.00687	0.10135	0.73658	0.01870	0.01661	0.01531	0.01241	0.00571	0.00432	0.00143	0.00350	0.00471	0.00432	0.00679
8	0.00618	0.00416	0.00477	0.00480	0.00487	0.00418	0.00280	0.00631	0.00637	0.00848	0.01411	0.02828	0.02935	0.78648	0.04673	0.00410	0.00432	0.02840	0.00263	0.00267
9	0.00931	0.00931	0.01303	0.01117	0.01117	0.01303	0.00931	0.01024	0.00652	0.01024	0.00559	0.00931	0.00559	0.00745	0.01396	0.00186	0.84267	0.00372	0.00186	0.00465
10	0.00811	0.00763	0.01289	0.81731	0.05168	0.00947	0.01185	0.01093	0.00854	0.01096	0.00758	0.01132	0.00570	0.00424	0.00425	0.00141	0.00565	0.00378	0.00190	0.00478
11	0.00608	0.00456	0.00684	0.00684	0.00760	0.00532	0.00532	0.00760	0.00684	0.00988	0.01140	0.01672	0.01064	0.03191	0.83360	0.00684	0.01140	0.00456	0.00228	0.00380
12	0.01058	0.00914	0.00962	0.00866	0.01106	0.01058	0.00673	0.02261	0.81623	0.01780	0.01732	0.01588	0.01299	0.00577	0.00433	0.00144	0.00337	0.00481	0.00433	0.00673
13	0.01030	0.00884	0.00937	0.00845	0.01077	0.01017	0.00656	0.02170	0.76581	0.01775	0.06775	0.01687	0.01469	0.00596	0.00437	0.00144	0.00328	0.00499	0.00435	0.00656
14	0.00804	0.00756	0.01276	0.84023	0.02931	0.00945	0.01182	0.01087	0.00851	0.01087	0.00756	0.01134	0.00567	0.00425	0.00425	0.00142	0.00567	0.00378	0.00189	0.00473
15	0.00822	0.00775	0.01309	0.78092	0.08720	0.00950	0.01191	0.01103	0.00859	0.01109	0.00759	0.01129	0.00575	0.00422	0.00425	0.00141	0.00563	0.00378	0.00191	0.00487
16	0.01081	0.01020	0.01705	0.02531	0.78384	0.01026	0.01281	0.05244	0.01020	0.01454	0.00811	0.01052	0.00676	0.00386	0.00421	0.00126	0.00504	0.00379	0.00221	0.00676
17	0.01004	0.01148	0.02511	0.01793	0.02224	0.01076	0.80846	0.01363	0.01004	0.01363	0.00861	0.01148	0.00646	0.00359	0.00502	0.00143	0.00717	0.00502	0.00215	0.00574
18	0.88052	0.00823	0.00625	0.00560	0.00823	0.00955	0.00461	0.01251	0.00724	0.01909	0.00592	0.00691	0.00461	0.00395	0.00263	0.00132	0.00329	0.00230	0.00263	0.00461
19	0.88052	0.00823	0.00625	0.00560	0.00823	0.00955	0.00461	0.01251	0.00724	0.01909	0.00592	0.00691	0.00461	0.00395	0.00263	0.00132	0.00329	0.00230	0.00263	0.00461
20	0.01642	0.01153	0.01253	0.00960	0.01300	0.01261	0.00793	0.74337	0.01935	0.09410	0.01077	0.01057	0.00751	0.00512	0.00426	0.00128	0.00459	0.00387	0.00434	0.00724
21	0.01004	0.01148	0.02511	0.01793	0.02224	0.01076	0.80846	0.01363	0.01004	0.01363	0.00861	0.01148	0.00646	0.00359	0.00502	0.00143	0.00717	0.00502	0.00215	0.00574
22	0.03965	0.01182	0.01259	0.00968	0.01306	0.01310	0.00799	0.78808	0.01966	0.02661	0.01010	0.01013	0.00716	0.00508	0.00421	0.00128	0.00464	0.00379	0.00421	0.00716
23	0.01799	0.00733	0.00974	0.00761	0.01076	0.00657	0.00624	0.02056	0.08279	0.73412	0.03840	0.01507	0.01154	0.00540	0.00430	0.00133	0.00356	0.00442	0.00517	0.00711
24	0.01204	0.00987	0.01008	0.00908	0.01126	0.11161	0.00756	0.35898	0.01453	0.01858	0.01518	0.02651	0.01460	0.00794	0.00492	0.00155	0.00472	0.35163	0.00385	0.00549
25	0.01138	0.85302	0.02230	0.00728	0.01092	0.01684	0.00728	0.01274	0.00865	0.01001	0.00592	0.00683	0.00546	0.00364	0.00273	0.00091	0.00455	0.00228	0.00182	0.00546
26	0.09228	0.04585	0.01253	0.01062	0.01307	0.64775	0.04498	0.06202	0.01188	0.01227	0.00680	0.00790	0.00555	0.00433	0.00377	0.00114	0.00699	0.00286	0.00234	0.00509
27	0.03602	0.00860	0.01094	0.00837	0.01170	0.00827	0.02638	0.22903	0.01409	0.57856	0.01462	0.01312	0.00944	0.00516	0.00426	0.00131	0.00398	0.00414	0.00487	0.00715
28	0.03813	0.00925	0.01539	0.27069	0.52684	0.01000	0.01227	0.01227	0.00913	0.01302	0.00771	0.01061	0.00630	0.00407	0.00454	0.00133	0.03666	0.00374	0.00205	0.00598
29	0.88052	0.00823	0.00625	0.00560	0.00823	0.00955	0.00461	0.01251	0.00724	0.01909	0.00592	0.00691	0.00461	0.00395	0.00263	0.00132	0.00329	0.00230	0.00263	0.00461
30	0.01084	0.01070	0.01697	0.02524	0.77706	0.05769	0.01278	0.01329	0.00983	0.01370	0.00792	0.01037	0.00667	0.00383	0.00419	0.00125	0.00521	0.00373	0.00211	0.00664
31	0.01909	0.00724	0.00987	0.00757	0.01086	0.00625	0.00625	0.02074	0.01218	0.82687	0.01679	0.01448	0.01053	0.00527	0.00428	0.00132	0.00362	0.00428	0.00527	0.00724
32	0.01445	0.01744	0.01258	0.01258	0.11044	0.61553	0.00875	0.04692	0.01159	0.01150	0.00781	0.00915	0.02789	0.00475	0.00472	0.00119	0.07210	0.00316	0.00229	0.00518
33	0.01618	0.01192	0.01277	0.00979	0.01320	0.01320	0.00809	0.80973	0.02001	0.02682	0.01022	0.01022	0.00724	0.00511	0.00426	0.00128	0.00468	0.00383	0.00426	0.00724
34	0.01812	0.00703	0.00956	0.00741	0.01053	0.00609	0.00609	0.01979	0.01217	0.76647	0.07682	0.01577	0.01274	0.00552	0.00433	0.00132	0.00350	0.00453	0.00522	0.00700
35	0.88052	0.00823	0.00625	0.00560	0.00823	0.00955	0.00461	0.01251	0.00724	0.01909	0.00592	0.00691	0.00461	0.00395	0.00263	0.00132	0.00329	0.00230	0.00263	0.00461
36	0.01633	0.01167	0.01262	0.00967	0.01307	0.01282	0.00799	0.76756	0.01959	0.06958	0.01057	0.01044	0.00741	0.00512	0.00426	0.00128	0.00463	0.00385	0.00431	0.00724
37	0.01466	0.01147	0.01174	0.00947	0.01251	0.06112	0.00765	0.51274	0.24577	0.04947	0.01223	0.01181	0.00888	0.00526	0.00425	0.00131	0.00445	0.00406	0.00419	0.00696
38	0.00513	0.00391	0.00472	0.00537	0.00603	0.00350	0.00370	0.00599	0.00868	0.01108	0.03022	0.56969	0.30177	0.01245	0.00529	0.00163	0.00236	0.01102	0.00395	0.00350
39	0.00804	0.00756	0.01276	0.84023	0.02931	0.00945	0.01182	0.01087	0.00851	0.01087	0.00756	0.01134	0.00567	0.00425	0.00425	0.00142	0.00567	0.00378	0.00189	0.00473
40	0.00804	0.00756	0.01276	0.84023	0.02931	0.00945	0.01182	0.01087	0.00851	0.01087	0.00756	0.01134	0.00567	0.00425	0.00425	0.00142	0.00567	0.00378	0.00189	0.00473
41	0.00718	0.00503	0.00778	0.00733	0.00841	0.00560	0.03702	0.00879	0.00735	0.06956	0.01168	0.01635	0.01047	0.02886	0.74054	0.00622	0.01066	0.00456	0.00249	0.00413
42	0.05805	0.01869	0.01144	0.01049	0.01263	0.73919	0.00795	0.01624	0.01167	0.01099	0.00757	0.01024	0.00666	0.00484	0.00391	0.00116	0.00721	0.05386	0.00233	0.00485
43	0.00853	0.02201	0.82841	0.01213	0.01842	0.00988	0.01572	0.01348	0.00898	0.01348	0.00764	0.00898	0.00539	0.00404	0.00404	0.00135	0.00629	0.00314	0.00180	0.00629
44	0.01301	0.00919	0.02821	0.01155	0.02512	0.00859	0.29440	0.06874	0.08946	0.28623	0.06753	0.01534	0.03698	0.01953	0.00491	0.00142	0.00486	0.00495	0.00377	0.00622
45	0.01740	0.00829	0.06473	0.00832	0.01174	0.00661	0.04645	0.01932	0.01170	0.70058	0.01604	0.04678	0.01068	0.00542	0.00435	0.00134	0.00393	0.00455	0.00483	0.00695
46	0.00518	0.00370	0.00494	0.00592	0.00617	0.00346	0.00395	0.00592	0.00815	0.01086	0.02345	0.84768	0.02814	0.01333	0.00543	0.00173	0.00247	0.01210	0.00395	0.00346
47	0.03792	0.03662	0.04870	0.17334	0.19474	0.00904	0.16848	0.01233	0.06049	0.03520	0.01461	0.01710	0.13118	0.00539	0.00447	0.00139	0.00494	0.03594	0.00265	0.00545
48	0.01051	0.01035	0.02743	0.04257	0.25118	0.11932	0.10141	0.02409	0.10549	0.04458	0.06348	0.01764	0.05481	0.00572	0.00476	0.00139	0.02451	0.08213	0.00295	0.00567
49	0.01003	0.46019	0.40336	0.00957	0.01446	0.01355	0.01127	0.01309	0.00881	0.01165	0.00673	0.00785	0.00543	0.00383	0.00335	0.00112	0.00537	0.00269	0.00181	0.00585
50	0.00570	0.00434	0.00524	0.00501	0.00616	0.00388	0.00376	0.00740	0.01128	0.01524	0.56687	0.03478	0.29609	0.00938	0.00502	0.00137	0.00206	0.00812	0.00444	0.00388
51	0.00913	0.01015	0.06501	0.42419	0.06457	0.02097	0.28369	0.02337	0.00927	0.01231	0.00791	0.01109	0.00599	0.00410	0.00478	0.00142	0.03057	0.00415	0.00202	0.00530
52	0.03919	0.16237	0.34598	0.01103	0.04023	0.10514	0.06891	0.04321	0.04241	0.04459	0.01949	0.02702	0.02342	0.00451	0.00391	0.00125	0.00558	0.00357	0.00236	0.00586
53	0.00523	0.00374	0.00498	0.00589	0.00618	0.00349	0.00395	0.00604	0.00835	0.01119	0.06565	0.80455	0.02878	0.01309	0.00541	0.00171	0.00244	0.01186	0.00399	0.00349
54	0.00528	0.00381	0.00502	0.00596	0.00631	0.00355	0.00409	0.00611	0.00833	0.01101	0.02443	0.75629	0.06982	0.01310	0.00544	0.00173	0.00254	0.05975	0.00395	0.00349
55	0.03862	0.07660	0.10212	0.07118	0.21214	0.05261	0.13884	0.04025	0.07222	0.06788	0.04332	0.01229	0.00873	0.00486	0.01434	0.00138	0.01625	0.01777	0.00265	0.00596

[dist]
# distance from previous block
# <min> <max>
0	2

[block]
# block no. 9 follows, 62 sequences, length 6
# corresponding to MSA columns:
# 497-499,502-504
name=unknown_J
#
# <colnr> <probs for GDERKNQSTAVLIFYWHMCP>
#	G	D	E	R	K	N	Q	S	T	A	V	L	I	F	Y	W	H	M	C	P
0	0.01204	0.11083	0.16813	0.01264	0.08037	0.04308	0.14316	0.25523	0.06589	0.01720	0.00892	0.01007	0.00676	0.00450	0.00458	0.00130	0.04242	0.00374	0.00281	0.00633
1	0.00739	0.00370	0.00554	0.00554	0.00554	0.00370	0.00370	0.00554	0.00554	0.00739	0.00739	0.01293	0.00739	0.01478	0.01663	0.87620	0.00370	0.00370	0.00185	0.00185
2	0.01074	0.01203	0.15136	0.12067	0.38865	0.03827	0.04681	0.04506	0.04558	0.06160	0.00881	0.01074	0.00681	0.00424	0.00451	0.00133	0.03033	0.00377	0.00239	0.00630
3	0.09759	0.03761	0.09931	0.00970	0.08813	0.04282	0.00776	0.08297	0.00977	0.03359	0.00847	0.00977	0.02562	0.00426	0.00448	0.00107	0.08135	0.00311	0.00257	0.35007
4	0.00703	0.04335	0.04218	0.03336	0.00933	0.00735	0.00661	0.00853	0.00714	0.01020	0.01093	0.05997	0.01071	0.05565	0.48879	0.00477	0.15781	0.02992	0.00231	0.00409
5	0.00522	0.00382	0.00491	0.00570	0.00613	0.00351	0.00387	0.00609	0.00859	0.01135	0.07879	0.70005	0.12087	0.01273	0.00536	0.00167	0.00240	0.01144	0.00400	0.00351

[dist]
# distance from previous block
# <min> <max>
0	5

[block]
# block no. 10 follows, 62 sequences, length 11
# corresponding to MSA columns:
# 510-520
name=unknown_K
#
# <colnr> <probs for GDERKNQSTAVLIFYWHMCP>
#	G	D	E	R	K	N	Q	S	T	A	V	L	I	F	Y	W	H	M	C	P
0	0.01239	0.33632	0.06173	0.02834	0.12822	0.05155	0.07741	0.11848	0.04994	0.08455	0.00866	0.00954	0.00677	0.00416	0.00370	0.00116	0.00499	0.00332	0.00265	0.00612
1	0.01083	0.09814	0.14859	0.08245	0.27613	0.09240	0.14280	0.05723	0.01017	0.01345	0.00773	0.00980	0.00614	0.00402	0.00433	0.00128	0.02270	0.00363	0.00214	0.00602
2	0.00962	0.00450	0.00498	0.00460	0.00595	0.00433	0.00354	0.01155	0.00957	0.14458	0.04894	0.01633	0.01210	0.00517	0.00327	0.00106	0.00224	0.00418	0.69901	0.00449
3	0.01099	0.20606	0.26409	0.01219	0.10097	0.01173	0.09058	0.10462	0.07763	0.04996	0.02631	0.01034	0.00746	0.00430	0.00394	0.00125	0.00522	0.00357	0.00257	0.00623
4	0.01419	0.01437	0.01157	0.00995	0.01214	0.37804	0.00777	0.24588	0.04143	0.03632	0.00878	0.01040	0.00712	0.03578	0.06833	0.00178	0.08419	0.00352	0.00294	0.00553
5	0.00513	0.00431	0.00445	0.00442	0.00581	0.00364	0.00331	0.00630	0.00994	0.01207	0.12336	0.04000	0.74157	0.01056	0.00503	0.00143	0.00214	0.00885	0.00403	0.00364
6	0.00616	0.00425	0.00528	0.00528	0.00551	0.00447	0.00338	0.00660	0.00638	0.00873	0.01282	0.02458	0.01405	0.61059	0.25959	0.00492	0.00626	0.00571	0.00249	0.00294
7	0.00514	0.00426	0.00450	0.00457	0.00585	0.00362	0.00338	0.00628	0.00978	0.01198	0.11708	0.11688	0.67040	0.01082	0.00507	0.00145	0.00217	0.00915	0.00402	0.00362
8	0.00828	0.00782	0.01321	0.75928	0.10832	0.00952	0.01194	0.01109	0.00863	0.01117	0.00761	0.01126	0.00578	0.00421	0.00425	0.00140	0.00561	0.00378	0.00191	0.00493
9	0.06752	0.00762	0.00987	0.00761	0.01088	0.00693	0.00629	0.07543	0.01245	0.72533	0.01571	0.01376	0.00997	0.00518	0.00418	0.00131	0.00368	0.00414	0.00505	0.00709
10	0.01370	0.01508	0.01280	0.12888	0.12755	0.42672	0.00927	0.12913	0.07119	0.01384	0.00822	0.00955	0.00648	0.00449	0.00404	0.00122	0.00629	0.00334	0.00259	0.00561

[dist]
# distance from previous block
# <min> <max>
0	1

[block]
# block no. 11 follows, 62 sequences, length 7
# corresponding to MSA columns:
# 522,525-530
name=unknown_L
#
# <colnr> <probs for GDERKNQSTAVLIFYWHMCP>
#	G	D	E	R	K	N	Q	S	T	A	V	L	I	F	Y	W	H	M	C	P
0	0.01165	0.00813	0.01138	0.02858	0.12623	0.00792	0.06985	0.11082	0.09469	0.18335	0.15477	0.01699	0.05444	0.00559	0.00438	0.00127	0.00385	0.00490	0.00383	0.09738
1	0.13617	0.03164	0.01264	0.00972	0.01272	0.04323	0.11697	0.28423	0.12345	0.10400	0.01082	0.01156	0.00805	0.02494	0.03280	0.00158	0.02179	0.00395	0.00356	0.00618
2	0.10514	0.33500	0.01533	0.00854	0.01162	0.21298	0.00732	0.16916	0.03943	0.04804	0.00775	0.00832	0.00619	0.00428	0.00340	0.00110	0.00512	0.00286	0.00270	0.00570
3	0.00883	0.00842	0.01422	0.47944	0.23297	0.00976	0.04770	0.01141	0.00878	0.01182	0.00830	0.01278	0.00691	0.00475	0.00519	0.00144	0.07685	0.04313	0.00206	0.00525
4	0.12417	0.01100	0.01431	0.10296	0.41915	0.11731	0.03235	0.07280	0.01043	0.04467	0.00801	0.00992	0.00636	0.00408	0.00399	0.00127	0.00521	0.00352	0.00244	0.00605
5	0.00792	0.00564	0.00667	0.00614	0.00785	0.00535	0.02289	0.04576	0.10305	0.09665	0.10556	0.10899	0.39983	0.00932	0.00492	0.00146	0.00278	0.05046	0.00417	0.00458
6	0.00584	0.00432	0.00546	0.07805	0.00756	0.00428	0.00402	0.00660	0.00785	0.01029	0.06403	0.30505	0.13218	0.33214	0.01146	0.00256	0.00331	0.00844	0.00329	0.00328

[dist]
# distance from previous block
# <min> <max>
3	13

[block]
# block no. 12 follows, 62 sequences, length 52
# corresponding to MSA columns:
# 544-595
name=unknown_M
#
# <colnr> <probs for GDERKNQSTAVLIFYWHMCP>
#	G	D	E	R	K	N	Q	S	T	A	V	L	I	F	Y	W	H	M	C	P
0	0.07608	0.05212	0.00997	0.00761	0.01039	0.02205	0.00621	0.16077	0.16856	0.29680	0.02929	0.01448	0.04477	0.00541	0.00402	0.00129	0.00363	0.00427	0.07595	0.00634
1	0.02132	0.00635	0.00701	0.00596	0.00793	0.03999	0.01752	0.04374	0.02215	0.01492	0.19770	0.01970	0.09419	0.03566	0.04522	0.00145	0.00333	0.00497	0.17768	0.23321
2	0.00536	0.00431	0.00554	0.00573	0.00666	0.00384	0.03789	0.00637	0.00891	0.01131	0.04475	0.44851	0.35833	0.02500	0.00550	0.00163	0.00256	0.01033	0.00386	0.00361
3	0.09184	0.07415	0.05098	0.03384	0.26509	0.06877	0.07950	0.09957	0.04620	0.05071	0.02817	0.01053	0.00749	0.00438	0.00440	0.00127	0.03998	0.00366	0.00266	0.03683
4	0.03155	0.01212	0.01447	0.01777	0.40428	0.18613	0.03833	0.10134	0.06975	0.01509	0.04269	0.01108	0.00831	0.00439	0.00415	0.00124	0.00532	0.00379	0.00265	0.02557
5	0.15170	0.19531	0.08084	0.04061	0.07582	0.20739	0.00824	0.04334	0.07283	0.01365	0.02324	0.02328	0.00714	0.00446	0.00371	0.00119	0.01765	0.00319	0.00245	0.02397
6	0.01138	0.85302	0.02230	0.00728	0.01092	0.01684	0.00728	0.01274	0.00865	0.01001	0.00592	0.00683	0.00546	0.00364	0.00273	0.00091	0.00455	0.00228	0.00182	0.00546
7	0.00992	0.08485	0.08749	0.01014	0.11664	0.00835	0.03245	0.07467	0.02520	0.03627	0.05356	0.01167	0.02319	0.00418	0.00370	0.00098	0.00400	0.01322	0.00273	0.39677
8	0.00809	0.00762	0.01287	0.82096	0.04812	0.00947	0.01185	0.01092	0.00854	0.01094	0.00757	0.01133	0.00570	0.00424	0.00425	0.00141	0.00566	0.00378	0.00190	0.00477
9	0.00531	0.00416	0.00482	0.00500	0.00601	0.00366	0.00362	0.00653	0.00986	0.01269	0.22900	0.25673	0.41552	0.01096	0.00514	0.00149	0.00220	0.00951	0.00413	0.00366
10	0.00949	0.00900	0.01519	0.30914	0.49507	0.00974	0.01229	0.01206	0.00921	0.01271	0.00837	0.01226	0.00704	0.00435	0.00453	0.00136	0.02521	0.03502	0.00210	0.00588
11	0.05545	0.01156	0.01187	0.01050	0.07166	0.09263	0.00788	0.46953	0.11854	0.04930	0.01095	0.01194	0.00832	0.02953	0.00468	0.00138	0.00470	0.01917	0.00381	0.00659
12	0.00597	0.00414	0.00466	0.00470	0.00496	0.00401	0.00281	0.00625	0.00705	0.00925	0.05628	0.07680	0.12521	0.65029	0.01771	0.00350	0.00367	0.00697	0.00294	0.00283
13	0.00882	0.00756	0.00882	0.00630	0.01008	0.00567	0.00504	0.01071	0.00882	0.01387	0.00756	0.00882	0.00630	0.00315	0.00315	0.00063	0.00315	0.00252	0.00252	0.87647
14	0.00616	0.00411	0.00465	0.00467	0.00468	0.00411	0.00261	0.00618	0.00624	0.00832	0.01367	0.04914	0.01580	0.82871	0.02124	0.00406	0.00408	0.00634	0.00261	0.00260
