[name]
unknown

[dist]
# distance from previous block
# <min> <max>
0	119

[block]
# block no. 0 follows, 62 sequences, length 23
# corresponding to MSA columns:
# 121-143
name=unknown_A
#
# <colnr> <probs for GDERKNQSTAVLIFYWHMCP>
#	G	D	E	R	K	N	Q	S	T	A	V	L	I	F	Y	W	H	M	C	P
0	0.00922	0.03906	0.10800	0.00946	0.03071	0.02173	0.11447	0.03286	0.11274	0.02517	0.03144	0.03743	0.06761	0.00522	0.00421	0.00117	0.01234	0.04593	0.00292	0.28831
1	0.03347	0.01071	0.01110	0.00917	0.01178	0.06757	0.00741	0.37997	0.21709	0.06128	0.03027	0.01309	0.00980	0.00562	0.00495	0.00136	0.06683	0.02317	0.02890	0.00645
2	0.00869	0.06712	0.02856	0.01001	0.03252	0.05132	0.20936	0.04927	0.05319	0.02163	0.10272	0.11404	0.17311	0.00788	0.02686	0.00155	0.00456	0.02947	0.00324	0.00489
3	0.00562	0.00436	0.00515	0.00546	0.00637	0.00405	0.00390	0.00741	0.06079	0.01257	0.16499	0.38334	0.29802	0.01120	0.00515	0.00155	0.00234	0.00983	0.00410	0.00381
4	0.00881	0.00868	0.01601	0.01409	0.12682	0.00844	0.35251	0.04045	0.04376	0.01352	0.03868	0.07802	0.09547	0.02702	0.07772	0.00198	0.00580	0.03421	0.00279	0.00523
5	0.00574	0.00440	0.00585	0.06821	0.02481	0.00425	0.00464	0.00694	0.00906	0.01200	0.16061	0.42192	0.15689	0.06019	0.00615	0.00173	0.00278	0.03632	0.00380	0.00370
6	0.01645	0.01148	0.01250	0.00958	0.01297	0.01254	0.00791	0.73519	0.01927	0.10240	0.01084	0.01062	0.00755	0.00512	0.00426	0.00128	0.00458	0.00387	0.00435	0.00724
7	0.00874	0.00820	0.01346	0.61081	0.19132	0.00967	0.01169	0.01220	0.06901	0.01201	0.00838	0.01152	0.00644	0.00427	0.00425	0.00139	0.00537	0.00386	0.00212	0.00529
8	0.00852	0.00745	0.00970	0.00720	0.01063	0.00584	0.06960	0.01042	0.00885	0.01351	0.00941	0.10201	0.00874	0.00431	0.00355	0.00082	0.00340	0.00378	0.00265	0.70961
9	0.00605	0.00432	0.00582	0.00590	0.00632	0.00470	0.00413	0.00691	0.00668	0.00931	0.01313	0.08613	0.01392	0.35374	0.44813	0.00537	0.00783	0.00579	0.00253	0.00329
10	0.00543	0.00386	0.00481	0.00547	0.00575	0.00364	0.00354	0.00601	0.00776	0.01024	0.02233	0.57598	0.08411	0.22913	0.00959	0.00232	0.00287	0.01034	0.00360	0.00324
11	0.01273	0.01061	0.01063	0.00908	0.01177	0.07153	0.00718	0.22688	0.52128	0.04856	0.01466	0.01375	0.01085	0.00548	0.00427	0.00137	0.00403	0.00438	0.00419	0.00675
12	0.01018	0.05395	0.04158	0.16780	0.23637	0.00991	0.03887	0.12143	0.02383	0.01453	0.00885	0.04840	0.00754	0.01557	0.00485	0.00128	0.05229	0.00397	0.00251	0.13630
13	0.04307	0.06268	0.12406	0.07763	0.10897	0.16339	0.05734	0.12452	0.01122	0.08631	0.00923	0.03177	0.00731	0.00661	0.06594	0.00168	0.00602	0.00376	0.00271	0.00578
14	0.00948	0.03632	0.34631	0.07593	0.02008	0.01010	0.35941	0.01337	0.00953	0.04085	0.00934	0.01129	0.02946	0.00408	0.00449	0.00138	0.00637	0.00419	0.00214	0.00587
15	0.00527	0.00415	0.00478	0.00507	0.00607	0.00365	0.00369	0.00641	0.00954	0.01209	0.13971	0.28374	0.44943	0.01131	0.00518	0.00153	0.00229	0.03842	0.00405	0.00362
16	0.01168	0.01141	0.10045	0.10007	0.16972	0.03220	0.15032	0.18645	0.06483	0.06895	0.01000	0.03109	0.00770	0.00490	0.00474	0.02688	0.00530	0.00421	0.00292	0.00618
17	0.00813	0.00738	0.02254	0.24297	0.05254	0.02852	0.09447	0.01061	0.03902	0.03470	0.01194	0.06038	0.04332	0.03568	0.24405	0.00306	0.03596	0.00489	0.01518	0.00465
18	0.00936	0.00510	0.00638	0.00617	0.00751	0.00477	0.00458	0.05701	0.01002	0.19852	0.02163	0.41905	0.08949	0.00970	0.00476	0.00149	0.00280	0.02244	0.11458	0.00463
19	0.00900	0.01042	0.08413	0.01385	0.04533	0.00992	0.38554	0.01146	0.00853	0.01201	0.00911	0.04784	0.00830	0.11068	0.02759	0.00198	0.19209	0.00496	0.00219	0.00505
20	0.03359	0.01148	0.05063	0.10031	0.24889	0.08191	0.08598	0.21014	0.01235	0.07747	0.00903	0.01055	0.00681	0.00443	0.00448	0.00131	0.02762	0.00380	0.01295	0.00628
21	0.01218	0.03362	0.05759	0.01406	0.16614	0.23985	0.12708	0.05774	0.06742	0.05222	0.00918	0.02538	0.00755	0.02946	0.02754	0.00153	0.05926	0.00393	0.00257	0.00570
22	0.01140	0.01019	0.00990	0.00879	0.01115	0.09348	0.00683	0.11951	0.56900	0.01780	0.03914	0.05864	0.01310	0.00603	0.00435	0.00140	0.00388	0.00495	0.00409	0.00636

[dist]
# distance from previous block
# <min> <max>
4	7

[block]
# block no. 1 follows, 62 sequences, length 46
# corresponding to MSA columns:
# 153-194,196-199
name=unknown_B
#
# <colnr> <probs for GDERKNQSTAVLIFYWHMCP>
#	G	D	E	R	K	N	Q	S	T	A	V	L	I	F	Y	W	H	M	C	P
0	0.00879	0.00710	0.01056	0.30462	0.03026	0.00744	0.05381	0.07829	0.01010	0.05778	0.07720	0.16351	0.04805	0.00645	0.00446	0.00135	0.00421	0.00574	0.00305	0.11723
1	0.02240	0.00926	0.04640	0.07950	0.01250	0.09631	0.05399	0.06164	0.11097	0.14260	0.08645	0.05311	0.02846	0.05356	0.04776	0.00183	0.03331	0.05117	0.00348	0.00532
2	0.04512	0.03555	0.00736	0.00669	0.00778	0.00583	0.00524	0.00808	0.00710	0.01055	0.01137	0.05770	0.01088	0.03741	0.66589	0.00572	0.00976	0.00466	0.00238	0.05490
3	0.01206	0.03032	0.03476	0.03534	0.05091	0.32448	0.05783	0.03689	0.15737	0.03749	0.04241	0.02657	0.03108	0.00587	0.00437	0.00134	0.00552	0.09698	0.00305	0.00536
4	0.02603	0.00994	0.01799	0.07091	0.01787	0.02705	0.43569	0.04047	0.08345	0.07894	0.07854	0.02948	0.01050	0.00485	0.00521	0.00143	0.04811	0.00502	0.00289	0.00565
5	0.00921	0.00876	0.01370	0.17248	0.37407	0.03225	0.04930	0.01192	0.05625	0.01258	0.01124	0.08883	0.03695	0.05481	0.00591	0.00155	0.04730	0.00495	0.00245	0.00551
6	0.05756	0.00906	0.01435	0.15680	0.48662	0.00964	0.01109	0.01290	0.04099	0.05330	0.01025	0.01234	0.04812	0.00459	0.00475	0.00135	0.05377	0.00403	0.00242	0.00603
7	0.00915	0.00893	0.01216	0.03298	0.07748	0.09289	0.15101	0.06267	0.03264	0.01294	0.03969	0.17312	0.08346	0.03833	0.01799	0.00167	0.10387	0.04121	0.00298	0.00482
8	0.01053	0.01112	0.13298	0.01251	0.03471	0.01770	0.31166	0.07200	0.07984	0.10135	0.03960	0.08649	0.05043	0.00558	0.00470	0.00142	0.00526	0.01318	0.00312	0.00581
9	0.09194	0.00574	0.00659	0.00585	0.00774	0.00542	0.00463	0.05726	0.01122	0.17492	0.25215	0.02845	0.27878	0.00817	0.00465	0.00139	0.00274	0.04328	0.00431	0.00475
10	0.00629	0.00517	0.04988	0.00551	0.00617	0.00455	0.00401	0.00710	0.00718	0.00990	0.03887	0.07374	0.06087	0.49767	0.12883	0.00374	0.00486	0.03552	0.04692	0.00322
11	0.07243	0.01136	0.01624	0.11862	0.24964	0.13648	0.21266	0.05856	0.01054	0.01420	0.05217	0.01132	0.00804	0.00424	0.00430	0.00131	0.00576	0.00405	0.00240	0.00569
12	0.00601	0.00430	0.00536	0.00576	0.02860	0.00426	0.00360	0.00664	0.00750	0.01008	0.08613	0.17304	0.08691	0.44322	0.10718	0.00346	0.00433	0.00735	0.00307	0.00320
13	0.00601	0.00410	0.00525	0.00582	0.00645	0.00378	0.00411	0.00697	0.00879	0.04745	0.07130	0.54438	0.13768	0.05782	0.00622	0.00180	0.00265	0.07180	0.00397	0.00366
14	0.06627	0.00854	0.04879	0.07574	0.03514	0.05565	0.01982	0.13613	0.10019	0.01507	0.01266	0.04657	0.03057	0.12416	0.01864	0.04612	0.00428	0.03710	0.11373	0.00484
15	0.07520	0.16250	0.11052	0.01296	0.09268	0.01052	0.27988	0.01354	0.00962	0.10265	0.05003	0.01190	0.00854	0.03558	0.00478	0.00139	0.00535	0.00409	0.00257	0.00572
16	0.00723	0.00494	0.00594	0.00593	0.00720	0.00465	0.00446	0.00955	0.08829	0.08975	0.14949	0.26135	0.26244	0.01025	0.00507	0.00153	0.00262	0.07080	0.00422	0.00429
17	0.08354	0.00473	0.00490	0.00465	0.00603	0.00461	0.00356	0.00990	0.02145	0.06284	0.12714	0.02245	0.18634	0.00663	0.00375	0.00119	0.00225	0.00541	0.43446	0.00418
18	0.00933	0.00933	0.05966	0.07875	0.31659	0.04986	0.00935	0.04093	0.06732	0.02411	0.14789	0.03715	0.07837	0.00655	0.02802	0.00149	0.02165	0.00507	0.00297	0.00558
19	0.01080	0.05611	0.03904	0.05230	0.08686	0.04813	0.25129	0.08215	0.04037	0.07328	0.03953	0.02624	0.04893	0.00616	0.03535	0.00159	0.07935	0.01408	0.00280	0.00563
20	0.00537	0.00380	0.00495	0.00579	0.00602	0.00359	0.00383	0.00604	0.00791	0.01054	0.02199	0.70856	0.02623	0.13315	0.00777	0.00208	0.00275	0.03254	0.00375	0.00334
21	0.01028	0.01011	0.01637	0.09524	0.56957	0.04619	0.07138	0.02466	0.00965	0.01334	0.00863	0.05148	0.00757	0.00449	0.00475	0.00133	0.04235	0.00424	0.00221	0.00616
22	0.00626	0.00427	0.00499	0.00511	0.00528	0.00427	0.00309	0.03005	0.00704	0.00940	0.01546	0.20531	0.01789	0.62881	0.03207	0.00357	0.00391	0.00737	0.00292	0.00293
23	0.00882	0.00756	0.00882	0.00630	0.01008	0.00567	0.00504	0.01071	0.00882	0.01387	0.00756	0.00882	0.00630	0.00315	0.00315	0.00063	0.00315	0.00252	0.00252	0.87647
24	0.00682	0.00577	0.00818	0.30022	0.01476	0.00633	0.00691	0.00958	0.07576	0.01290	0.19136	0.16368	0.14876	0.00807	0.00478	0.00147	0.00355	0.02334	0.00341	0.00432
25	0.00969	0.00960	0.01409	0.44042	0.31732	0.08789	0.01168	0.01223	0.00929	0.01208	0.00781	0.01083	0.00619	0.00412	0.00416	0.00132	0.00553	0.00369	0.02660	0.00546
26	0.00934	0.00772	0.00848	0.00762	0.00958	0.00863	0.00592	0.05606	0.49642	0.01746	0.21265	0.02068	0.06435	0.00675	0.00475	0.00141	0.02497	0.00564	0.02575	0.00580
27	0.00541	0.00388	0.00504	0.00588	0.00623	0.00365	0.00403	0.00621	0.00820	0.01082	0.02358	0.65459	0.07309	0.09111	0.00696	0.00195	0.00273	0.07939	0.00382	0.00342
28	0.15273	0.01500	0.35869	0.01098	0.01558	0.02062	0.12571	0.10957	0.01065	0.12775	0.00905	0.00989	0.00635	0.00426	0.00401	0.00134	0.00539	0.00351	0.00276	0.00616
29	0.03383	0.00898	0.00941	0.00834	0.01068	0.03137	0.00652	0.08322	0.58152	0.05223	0.07782	0.02971	0.01428	0.00661	0.02476	0.00154	0.00367	0.00492	0.00423	0.00636
30	0.01626	0.00772	0.00961	0.00768	0.01058	0.00745	0.00621	0.10587	0.13700	0.53426	0.01601	0.02828	0.01101	0.03057	0.00475	0.00141	0.00361	0.00448	0.05047	0.00679
31	0.03346	0.00544	0.00682	0.00719	0.00842	0.00551	0.00606	0.07887	0.01047	0.01415	0.04848	0.05776	0.09295	0.04089	0.00595	0.00184	0.00362	0.51987	0.04810	0.00415
32	0.00833	0.00805	0.00863	0.00871	0.05660	0.15805	0.02990	0.02067	0.00930	0.01170	0.10635	0.02047	0.10069	0.01798	0.36798	0.00375	0.00765	0.04808	0.00282	0.00429
33	0.00572	0.00417	0.00562	0.00596	0.00645	0.00435	0.00422	0.00667	0.00736	0.01003	0.01797	0.30509	0.07074	0.17185	0.34893	0.00424	0.00642	0.00773	0.00302	0.00345
34	0.00611	0.00442	0.00615	0.00613	0.00668	0.00491	0.00446	0.00722	0.00694	0.00980	0.05610	0.02072	0.01363	0.26494	0.55608	0.00576	0.00880	0.00520	0.00250	0.00346
35	0.01013	0.01091	0.03155	0.01597	0.01962	0.01055	0.63265	0.06261	0.01011	0.01380	0.00861	0.02290	0.00678	0.00476	0.00630	0.05262	0.06750	0.00485	0.00227	0.00550
36	0.00818	0.00773	0.01291	0.77091	0.05191	0.00967	0.01172	0.01090	0.00843	0.01093	0.00747	0.01121	0.00570	0.00441	0.00478	0.00144	0.05123	0.00378	0.00190	0.00478
37	0.00626	0.00461	0.00614	0.00609	0.00672	0.00509	0.00441	0.00774	0.04263	0.00979	0.01390	0.02144	0.05339	0.28933	0.49735	0.00547	0.00827	0.00531	0.00255	0.00353
38	0.00696	0.00536	0.00738	0.00706	0.00774	0.00644	0.00548	0.00876	0.04280	0.01075	0.01124	0.01652	0.01047	0.09925	0.51580	0.00501	0.13201	0.00453	0.09249	0.00396
39	0.00556	0.00390	0.00509	0.00584	0.00632	0.00360	0.00402	0.00647	0.00868	0.02825	0.08332	0.68485	0.09244	0.01258	0.00536	0.00167	0.00247	0.03193	0.00403	0.00360
40	0.00627	0.00432	0.00500	0.00497	0.00498	0.00446	0.00292	0.00634	0.00630	0.00846	0.01358	0.06722	0.01568	0.77479	0.02055	0.00391	0.03855	0.00638	0.00262	0.00271
41	0.01561	0.01929	0.01214	0.01090	0.01307	0.74803	0.00826	0.06305	0.01227	0.01137	0.00674	0.00790	0.00559	0.00457	0.00432	0.00114	0.04554	0.00285	0.00230	0.00505
42	0.05939	0.03518	0.01280	0.06812	0.25591	0.07491	0.00896	0.15950	0.05880	0.07261	0.02051	0.02442	0.00849	0.00477	0.00406	0.00124	0.00462	0.03282	0.00303	0.08987
43	0.00769	0.00686	0.05417	0.00607	0.00709	0.05045	0.00443	0.04764	0.04364	0.01068	0.03390	0.02412	0.01433	0.58077	0.01609	0.00321	0.00433	0.03406	0.00277	0.04770
44	0.01019	0.09578	0.37047	0.04253	0.07553	0.07192	0.04796	0.07420	0.01013	0.03508	0.00906	0.07095	0.00757	0.00474	0.00404	0.00127	0.00550	0.00389	0.00235	0.05684
45	0.04008	0.12969	0.08826	0.01061	0.10714	0.01009	0.04848	0.08288	0.21186	0.03987	0.12786	0.03987	0.03419	0.00560	0.00418	0.00131	0.00406	0.00473	0.00336	0.00588

[dist]
# distance from previous block
# <min> <max>
2	32

[block]
# block no. 2 follows, 62 sequences, length 35
# corresponding to MSA columns:
# 232-266
name=unknown_C
#
# <colnr> <probs for GDERKNQSTAVLIFYWHMCP>
#	G	D	E	R	K	N	Q	S	T	A	V	L	I	F	Y	W	H	M	C	P
0	0.00889	0.00705	0.00725	0.00639	0.00812	0.06600	0.00490	0.04967	0.07883	0.01418	0.01359	0.06546	0.05103	0.04870	0.05558	0.00161	0.05252	0.00453	0.27734	0.17836
1	0.00674	0.00613	0.04772	0.00744	0.00828	0.00652	0.00601	0.00839	0.02837	0.01048	0.03926	0.09618	0.01285	0.11131	0.45026	0.00469	0.13749	0.00537	0.00252	0.00397
2	0.00949	0.26239	0.19433	0.00871	0.01211	0.01087	0.03527	0.01416	0.19347	0.02608	0.06431	0.06625	0.04763	0.00575	0.00401	0.00129	0.00432	0.03100	0.00293	0.00562
3	0.00592	0.00454	0.00546	0.00532	0.00644	0.00421	0.00395	0.00811	0.05644	0.01493	0.47984	0.12018	0.24972	0.00959	0.00503	0.00141	0.00217	0.00835	0.00439	0.00399
4	0.12124	0.00729	0.00898	0.00726	0.01010	0.00694	0.00589	0.04184	0.07973	0.54185	0.06988	0.05560	0.01278	0.00577	0.00419	0.00135	0.00343	0.00468	0.00473	0.00648
5	0.00788	0.00636	0.00709	0.00669	0.00825	0.00684	0.00513	0.04370	0.28680	0.01471	0.07660	0.11293	0.22250	0.01009	0.06752	0.00186	0.02848	0.01908	0.06259	0.00490
6	0.04046	0.00940	0.01043	0.00851	0.01140	0.01015	0.00687	0.29594	0.29166	0.20297	0.03350	0.01370	0.01077	0.00542	0.00422	0.00134	0.00381	0.00432	0.02832	0.00682
7	0.01194	0.00691	0.00724	0.00654	0.00822	0.00677	0.00492	0.13638	0.01211	0.07323	0.01527	0.01738	0.01202	0.00627	0.00413	0.00142	0.00324	0.00459	0.65569	0.00573
8	0.00519	0.00376	0.00490	0.00579	0.00614	0.00348	0.00390	0.00598	0.00834	0.01103	0.04048	0.77106	0.08815	0.01305	0.00539	0.00170	0.00244	0.01178	0.00396	0.00348
9	0.00607	0.00426	0.00511	0.00525	0.00560	0.00423	0.00339	0.00692	0.02866	0.01028	0.10462	0.17655	0.05353	0.48161	0.06192	0.00331	0.00391	0.02847	0.00318	0.00315
10	0.00539	0.00389	0.00489	0.00559	0.00614	0.00358	0.00388	0.00635	0.00870	0.01160	0.06906	0.60543	0.15832	0.01220	0.00524	0.00163	0.00241	0.03547	0.04668	0.00355
11	0.08003	0.00928	0.01083	0.00836	0.01165	0.00941	0.00691	0.35163	0.01511	0.43245	0.01324	0.01214	0.00872	0.00510	0.00415	0.00130	0.00404	0.00395	0.00465	0.00705
12	0.01016	0.00693	0.00738	0.00653	0.00839	0.00743	0.00518	0.22187	0.13710	0.01840	0.01640	0.04051	0.07211	0.00618	0.00391	0.00125	0.00305	0.05113	0.37087	0.00521
13	0.01053	0.01011	0.01727	0.02612	0.82392	0.01011	0.01306	0.01306	0.00969	0.01390	0.00800	0.01053	0.00674	0.00379	0.00421	0.00126	0.00505	0.00379	0.00211	0.00674
14	0.01003	0.01153	0.04599	0.01171	0.01451	0.18082	0.29216	0.01328	0.08668	0.01304	0.06201	0.01871	0.14350	0.00597	0.00500	0.00140	0.03220	0.04348	0.00287	0.00511
15	0.00911	0.01539	0.39534	0.00960	0.01335	0.13992	0.01036	0.01255	0.02664	0.02725	0.26343	0.01685	0.01688	0.00575	0.00436	0.00132	0.00502	0.01865	0.00291	0.00534
16	0.01026	0.52774	0.33784	0.00918	0.01385	0.01411	0.01058	0.01303	0.00878	0.01137	0.00659	0.00767	0.00543	0.00380	0.00324	0.00108	0.00523	0.00262	0.00181	0.00578
17	0.00942	0.00735	0.00791	0.00729	0.00916	0.00835	0.00564	0.01778	0.52557	0.01643	0.01580	0.01597	0.01221	0.00850	0.09677	0.00193	0.00392	0.00457	0.21968	0.00572
18	0.00647	0.00479	0.00549	0.00524	0.00673	0.00413	0.00398	0.00775	0.00967	0.05223	0.12446	0.08415	0.42925	0.07117	0.00612	0.00160	0.00263	0.07970	0.00386	0.09059
19	0.01041	0.00996	0.01682	0.06501	0.76097	0.01009	0.01281	0.01324	0.03391	0.01387	0.00826	0.01073	0.00688	0.00387	0.00422	0.00128	0.00503	0.00382	0.00216	0.00664
20	0.01007	0.00964	0.01644	0.17554	0.67807	0.00999	0.01283	0.01266	0.00947	0.01335	0.00792	0.01068	0.00654	0.00388	0.00422	0.00129	0.00517	0.00379	0.00207	0.00637
21	0.00808	0.00548	0.00653	0.00629	0.00760	0.00536	0.00470	0.12638	0.02314	0.07059	0.14246	0.34685	0.15693	0.01001	0.00496	0.00150	0.00279	0.03222	0.03365	0.00446
22	0.04985	0.01172	0.01318	0.25069	0.23054	0.21761	0.01016	0.05659	0.03233	0.07503	0.00846	0.01031	0.00651	0.00432	0.00407	0.00128	0.00564	0.00353	0.00250	0.00568
23	0.01009	0.54246	0.25260	0.00862	0.01276	0.01375	0.00952	0.01247	0.00875	0.01114	0.00786	0.05343	0.00724	0.00453	0.00335	0.00111	0.00492	0.02787	0.00199	0.00554
24	0.00529	0.00424	0.00473	0.00483	0.00599	0.00368	0.00357	0.00652	0.00995	0.01256	0.19842	0.15934	0.52922	0.01075	0.00510	0.00147	0.00221	0.02435	0.00410	0.00366
25	0.00821	0.00599	0.00910	0.00754	0.00935	0.00573	0.15302	0.01008	0.00965	0.08027	0.07990	0.08489	0.22308	0.00726	0.00487	0.00134	0.04441	0.00636	0.24450	0.00447
26	0.05453	0.00936	0.03785	0.00872	0.01140	0.05097	0.07103	0.18283	0.14828	0.13285	0.03905	0.11679	0.07870	0.00650	0.00442	0.00137	0.00405	0.00550	0.00387	0.03191
27	0.00879	0.00652	0.06269	0.00663	0.00838	0.00552	0.00550	0.03817	0.07126	0.13431	0.30414	0.12892	0.05512	0.05553	0.00573	0.00158	0.00303	0.05532	0.03809	0.00478
28	0.08880	0.00824	0.00954	0.00761	0.01041	0.00835	0.00620	0.27731	0.01392	0.33494	0.08072	0.04641	0.01212	0.00568	0.00414	0.00130	0.00364	0.00453	0.06979	0.00635
29	0.00978	0.01022	0.00848	0.00815	0.00929	0.28465	0.00601	0.03021	0.04782	0.01095	0.01300	0.22497	0.01360	0.09492	0.16532	0.00271	0.04687	0.00597	0.00283	0.00424
30	0.03575	0.07832	0.01518	0.14428	0.36897	0.03192	0.06265	0.02167	0.00932	0.01300	0.04225	0.05227	0.00885	0.00555	0.02939	0.00147	0.04719	0.00423	0.00230	0.02544
31	0.03937	0.00416	0.00509	0.00559	0.00632	0.00396	0.00396	0.00653	0.00856	0.01158	0.07105	0.48336	0.21797	0.01412	0.09560	0.00218	0.00337	0.00989	0.00376	0.00360
32	0.00841	0.00758	0.01225	0.67134	0.07370	0.00914	0.01088	0.04983	0.00905	0.01185	0.00862	0.04004	0.00707	0.03753	0.00494	0.00151	0.00534	0.00416	0.02193	0.00483
33	0.08454	0.15986	0.03536	0.01158	0.11282	0.31604	0.03228	0.06150	0.01063	0.04004	0.00800	0.04911	0.00696	0.00478	0.00428	0.00121	0.04970	0.00345	0.00244	0.00541
34	0.03400	0.03148	0.00788	0.02600	0.03589	0.01556	0.01530	0.06783	0.03462	0.03243	0.15633	0.10791	0.24305	0.00937	0.03728	0.00162	0.03179	0.05426	0.00366	0.05375

[dist]
# distance from previous block
# <min> <max>
1	53

[block]
# block no. 3 follows, 62 sequences, length 28
# corresponding to MSA columns:
# 320-347
name=unknown_D
#
# <colnr> <probs for GDERKNQSTAVLIFYWHMCP>
#	G	D	E	R	K	N	Q	S	T	A	V	L	I	F	Y	W	H	M	C	P
0	0.03173	0.05210	0.04069	0.00852	0.01131	0.10569	0.04888	0.13732	0.10381	0.05038	0.05228	0.07025	0.04672	0.00590	0.00418	0.00123	0.00427	0.05395	0.00335	0.16743
1	0.01054	0.12859	0.20774	0.01038	0.04057	0.07958	0.08002	0.08097	0.08360	0.03822	0.05670	0.02824	0.02349	0.00593	0.03928	0.00146	0.00531	0.00397	0.00274	0.07268
2	0.00868	0.04502	0.13877	0.01023	0.10096	0.02163	0.06074	0.03888	0.00958	0.06298	0.08252	0.07873	0.08509	0.08982	0.09273	0.00223	0.00512	0.05833	0.00301	0.00494
3	0.00699	0.00506	0.00656	0.00631	0.00733	0.01919	0.03905	0.00816	0.00934	0.07330	0.15888	0.31804	0.17917	0.09638	0.00707	0.00180	0.02763	0.02195	0.00386	0.00394
4	0.01035	0.40785	0.39866	0.00980	0.01458	0.06896	0.01129	0.01337	0.00904	0.01166	0.00677	0.00789	0.00543	0.00388	0.00342	0.00113	0.00558	0.00271	0.00183	0.00581
5	0.01171	0.05502	0.17278	0.00952	0.01249	0.21238	0.03580	0.07923	0.03511	0.09988	0.09038	0.10332	0.02630	0.00604	0.00458	0.00132	0.03076	0.00482	0.00311	0.00546
6	0.00794	0.00760	0.03044	0.01055	0.01266	0.00726	0.31877	0.01000	0.00844	0.01186	0.01282	0.04609	0.04778	0.18983	0.12257	0.00274	0.03429	0.02341	0.09056	0.00438
7	0.00905	0.00860	0.01460	0.50838	0.35321	0.00972	0.01232	0.01176	0.00899	0.01211	0.00774	0.01101	0.00611	0.00407	0.00424	0.00136	0.00542	0.00379	0.00198	0.00555
8	0.01010	0.00936	0.01506	0.09738	0.58695	0.00958	0.01145	0.05078	0.04884	0.01420	0.01024	0.05584	0.02947	0.00466	0.00428	0.00130	0.00475	0.00438	0.00245	0.02890
9	0.02880	0.00789	0.01152	0.30786	0.13140	0.02473	0.02506	0.01250	0.09583	0.06770	0.05909	0.04844	0.04945	0.02106	0.02975	0.00163	0.06450	0.00477	0.00281	0.00520
10	0.00539	0.00425	0.00487	0.00495	0.00608	0.00373	0.00368	0.00670	0.01011	0.01296	0.25057	0.15698	0.46550	0.01062	0.00512	0.00147	0.00222	0.03696	0.00415	0.00370
11	0.00589	0.00414	0.00518	0.00573	0.00631	0.00394	0.00414	0.00692	0.00858	0.01149	0.06766	0.34819	0.12250	0.16089	0.00819	0.00210	0.00296	0.16642	0.05529	0.00347
12	0.05002	0.01239	0.01629	0.01375	0.08861	0.17208	0.26739	0.16985	0.03297	0.03962	0.01933	0.01076	0.00720	0.00546	0.03516	0.00153	0.04493	0.00404	0.00276	0.00584
13	0.00628	0.00461	0.00572	0.00608	0.00691	0.00455	0.00447	0.00817	0.07065	0.02679	0.04965	0.32069	0.16543	0.10062	0.08886	0.00242	0.00374	0.11681	0.00372	0.00383
14	0.00853	0.02201	0.82841	0.01213	0.01842	0.00988	0.01572	0.01348	0.00898	0.01348	0.00764	0.00898	0.00539	0.00404	0.00404	0.00135	0.00629	0.00314	0.00180	0.00629
15	0.00699	0.00564	0.00835	0.12992	0.08267	0.00588	0.04070	0.03628	0.00829	0.01110	0.01580	0.30138	0.03708	0.22729	0.06126	0.00254	0.00443	0.00747	0.00296	0.00396
16	0.01008	0.00990	0.04972	0.25838	0.39619	0.02584	0.04802	0.05104	0.00981	0.03466	0.00870	0.04138	0.00721	0.00448	0.00454	0.00135	0.02637	0.00411	0.00228	0.00592
17	0.00540	0.00408	0.00483	0.00517	0.00593	0.00369	0.00361	0.00637	0.00904	0.01168	0.13970	0.33742	0.30932	0.10847	0.00712	0.00185	0.00252	0.02642	0.00389	0.00349
18	0.00528	0.00377	0.00505	0.00604	0.00633	0.00354	0.00412	0.00610	0.00824	0.01097	0.02340	0.80039	0.02793	0.01324	0.00546	0.00174	0.00255	0.05841	0.00395	0.00348
19	0.00938	0.01824	0.51383	0.01429	0.03776	0.04517	0.27334	0.01367	0.00948	0.01341	0.00792	0.00977	0.00577	0.00390	0.00436	0.00136	0.00661	0.00375	0.00194	0.00606
20	0.00990	0.00727	0.00803	0.00711	0.00903	0.00774	0.00546	0.15172	0.26913	0.06523	0.11319	0.08696	0.12476	0.07610	0.00594	0.00162	0.00323	0.00616	0.03602	0.00541
21	0.03672	0.03369	0.00659	0.00578	0.00717	0.03446	0.04234	0.00943	0.04912	0.01374	0.07257	0.15995	0.21524	0.00789	0.00419	0.00130	0.00276	0.00672	0.28622	0.00412
22	0.05559	0.00923	0.01175	0.01253	0.21939	0.01939	0.00810	0.26029	0.03424	0.18869	0.03841	0.01246	0.00929	0.00486	0.00406	0.00126	0.00412	0.00400	0.09585	0.00649
23	0.00614	0.00411	0.00466	0.00470	0.00471	0.00409	0.00264	0.00618	0.00628	0.00838	0.01389	0.06704	0.01608	0.81044	0.02088	0.00401	0.00405	0.00647	0.00264	0.00262
24	0.01138	0.85302	0.02230	0.00728	0.01092	0.01684	0.00728	0.01274	0.00865	0.01001	0.00592	0.00683	0.00546	0.00364	0.00273	0.00091	0.00455	0.00228	0.00182	0.00546
25	0.00673	0.00483	0.00600	0.00578	0.00614	0.00527	0.00389	0.04093	0.00697	0.00959	0.01234	0.02313	0.01331	0.54763	0.24499	0.00465	0.04658	0.00552	0.00253	0.00321
26	0.00864	0.00838	0.01195	0.62712	0.04569	0.07145	0.01053	0.03436	0.00917	0.01141	0.01052	0.04923	0.05922	0.00515	0.00449	0.00141	0.01993	0.00440	0.00221	0.00474
27	0.02171	0.00891	0.00800	0.02464	0.00917	0.20611	0.02642	0.02400	0.01983	0.02448	0.18914	0.04979	0.25095	0.03720	0.04894	0.00172	0.03508	0.00626	0.00339	0.00426

[dist]
# distance from previous block
# <min> <max>
0	8

[block]
# block no. 4 follows, 62 sequences, length 16
# corresponding to MSA columns:
# 359-371,378-380
name=unknown_E
#
# <colnr> <probs for GDERKNQSTAVLIFYWHMCP>
#	G	D	E	R	K	N	Q	S	T	A	V	L	I	F	Y	W	H	M	C	P
0	0.01835	0.02854	0.00828	0.04948	0.00950	0.02333	0.04152	0.05831	0.05945	0.04914	0.19414	0.07839	0.14035	0.09916	0.03063	0.00177	0.00360	0.00622	0.01616	0.08369
1	0.01206	0.01123	0.01300	0.01071	0.01234	0.10706	0.04661	0.25823	0.01162	0.01568	0.00797	0.03953	0.00695	0.00627	0.00875	0.00153	0.39271	0.00397	0.00275	0.03101
2	0.00758	0.00534	0.00612	0.00544	0.00727	0.00468	0.00418	0.05221	0.01083	0.08860	0.20511	0.06883	0.40241	0.00876	0.00472	0.00132	0.00252	0.00740	0.00409	0.10258
3	0.04038	0.49288	0.17671	0.00962	0.01363	0.01423	0.09615	0.05002	0.00924	0.01218	0.00673	0.00803	0.00562	0.00397	0.00384	0.00113	0.04511	0.00288	0.00200	0.00567
4	0.04805	0.17998	0.33396	0.03335	0.01557	0.04603	0.11080	0.04502	0.00945	0.01335	0.00762	0.00919	0.00592	0.00482	0.03092	0.00137	0.00574	0.00321	0.01555	0.08013
5	0.00623	0.00451	0.00586	0.00615	0.00682	0.00465	0.00446	0.04420	0.00830	0.01126	0.01928	0.33726	0.08108	0.12036	0.25285	0.00349	0.00547	0.05104	0.02306	0.00367
6	0.00561	0.00424	0.00520	0.00544	0.00632	0.00390	0.00393	0.00718	0.03106	0.01333	0.29673	0.32955	0.23175	0.01089	0.00517	0.00152	0.00229	0.02790	0.00421	0.00377
7	0.00592	0.00453	0.00507	0.00492	0.00621	0.00405	0.00367	0.00768	0.03995	0.02944	0.28727	0.06285	0.46393	0.03130	0.00538	0.00147	0.00224	0.00826	0.02198	0.00389
8	0.01022	0.00979	0.01686	0.02161	0.56056	0.00973	0.13440	0.05339	0.02498	0.01434	0.01070	0.05160	0.03943	0.00471	0.00446	0.00133	0.00508	0.01807	0.00245	0.00629
9	0.00576	0.00418	0.00473	0.00485	0.00535	0.00398	0.00313	0.00626	0.00751	0.00963	0.02316	0.11307	0.25271	0.46186	0.05837	0.00320	0.00377	0.02230	0.00313	0.00305
10	0.30661	0.00746	0.00766	0.00644	0.00890	0.00785	0.00520	0.13903	0.01087	0.22154	0.01187	0.05697	0.00905	0.00517	0.00352	0.00127	0.00329	0.00391	0.17790	0.00549
11	0.01025	0.00989	0.01688	0.09292	0.69987	0.01021	0.03181	0.01276	0.00945	0.01347	0.00787	0.01056	0.00659	0.00400	0.00470	0.00131	0.04511	0.00382	0.00208	0.00645
12	0.02741	0.12793	0.11715	0.03472	0.12929	0.06142	0.06563	0.03058	0.13169	0.04143	0.00987	0.01995	0.00830	0.07655	0.03593	0.00175	0.06825	0.00397	0.00258	0.00561
13	0.00584	0.00418	0.00549	0.00624	0.00668	0.00408	0.00440	0.03335	0.00854	0.01139	0.02166	0.63972	0.02534	0.06291	0.05184	0.00216	0.00329	0.09551	0.00378	0.00360
14	0.16567	0.09170	0.06094	0.07823	0.18960	0.05979	0.04497	0.14789	0.05494	0.03711	0.00874	0.02684	0.00695	0.00444	0.00384	0.00128	0.00482	0.00358	0.00275	0.00593
15	0.00601	0.00429	0.00527	0.00557	0.00632	0.00400	0.00390	0.02867	0.00923	0.03157	0.13374	0.43395	0.19499	0.08110	0.02929	0.00193	0.00281	0.00974	0.00393	0.00369

[dist]
# distance from previous block
# <min> <max>
2	13

[block]
# block no. 5 follows, 62 sequences, length 41
# corresponding to MSA columns:
# 408-448
name=unknown_F
#
# <colnr> <probs for GDERKNQSTAVLIFYWHMCP>
#	G	D	E	R	K	N	Q	S	T	A	V	L	I	F	Y	W	H	M	C	P
0	0.01024	0.13051	0.24659	0.06493	0.19855	0.06035	0.08618	0.03188	0.04931	0.01316	0.00795	0.00971	0.00628	0.00415	0.00439	0.00127	0.03999	0.00347	0.00214	0.02896
1	0.00639	0.03509	0.00617	0.00564	0.00686	0.00486	0.00425	0.01883	0.06184	0.02121	0.26036	0.21777	0.24958	0.01016	0.01618	0.00152	0.00259	0.03432	0.02181	0.01457
2	0.04664	0.00726	0.00786	0.00678	0.00895	0.00775	0.00536	0.11918	0.25420	0.14873	0.01459	0.01455	0.01075	0.00523	0.00375	0.00123	0.00307	0.00419	0.32417	0.00578
3	0.00770	0.00703	0.03868	0.06119	0.09061	0.01499	0.00731	0.03457	0.00812	0.01129	0.01281	0.09705	0.03048	0.12187	0.20760	0.00320	0.15345	0.08511	0.00261	0.00433
4	0.00650	0.00539	0.00604	0.00650	0.00713	0.05040	0.00463	0.00812	0.06567	0.01128	0.02208	0.52669	0.08631	0.07784	0.00688	0.00186	0.03602	0.06319	0.00369	0.00379
5	0.07230	0.00815	0.00995	0.00777	0.01091	0.00789	0.00639	0.17330	0.04627	0.55232	0.01472	0.01329	0.00963	0.00516	0.00412	0.00130	0.00373	0.00408	0.04182	0.00691
6	0.00732	0.00374	0.00561	0.00561	0.00566	0.00379	0.00379	0.00566	0.00561	0.00753	0.00761	0.01314	0.00757	0.01573	0.06182	0.82812	0.00412	0.00374	0.00187	0.00196
7	0.00696	0.02933	0.00697	0.00638	0.00760	0.00566	0.02569	0.07117	0.06145	0.01328	0.06298	0.35546	0.24270	0.01017	0.00523	0.00152	0.03135	0.00880	0.04310	0.00421
8	0.00526	0.00431	0.00460	0.00463	0.00591	0.00370	0.00347	0.00643	0.00982	0.01208	0.13327	0.06716	0.64611	0.03773	0.00561	0.00154	0.00228	0.03847	0.00399	0.00362
9	0.06758	0.00928	0.02171	0.00813	0.01093	0.04820	0.00663	0.30447	0.02464	0.28686	0.03226	0.10126	0.01126	0.00600	0.00423	0.00132	0.00399	0.00481	0.04010	0.00634
10	0.00763	0.00683	0.00660	0.00648	0.00726	0.12809	0.00460	0.00883	0.03389	0.01017	0.04721	0.07412	0.06498	0.31621	0.22966	0.00381	0.00623	0.03101	0.00280	0.00360
11	0.01112	0.77728	0.09577	0.00772	0.01160	0.01620	0.00805	0.01281	0.00868	0.01033	0.00607	0.00702	0.00545	0.00368	0.00285	0.00095	0.00471	0.00235	0.00182	0.00554
12	0.01019	0.00645	0.00756	0.00661	0.00860	0.00632	0.00520	0.12856	0.09131	0.17256	0.19521	0.07993	0.22251	0.00815	0.00475	0.00141	0.00297	0.03205	0.00444	0.00523
13	0.00581	0.00430	0.00578	0.00625	0.00693	0.00437	0.00471	0.00701	0.00810	0.01079	0.02145	0.27922	0.12870	0.07364	0.27062	0.00352	0.00564	0.14625	0.00332	0.00361
14	0.01115	0.00926	0.01371	0.12010	0.29024	0.03233	0.07027	0.16015	0.01143	0.07192	0.01121	0.08997	0.00995	0.04133	0.00520	0.00149	0.00488	0.03655	0.00297	0.00589
15	0.00926	0.00746	0.00820	0.00772	0.00947	0.00828	0.00583	0.09100	0.45065	0.01632	0.01855	0.28770	0.01734	0.00816	0.00464	0.00151	0.00315	0.00708	0.03208	0.00562
16	0.00867	0.09182	0.44665	0.00975	0.01428	0.01962	0.01105	0.01231	0.03627	0.01295	0.00946	0.10121	0.00834	0.00503	0.00423	0.00123	0.03175	0.00400	0.00226	0.16910
17	0.00648	0.00466	0.00573	0.00590	0.00686	0.00444	0.00429	0.02530	0.06296	0.04115	0.22536	0.38445	0.15966	0.01076	0.00514	0.00155	0.00249	0.03458	0.00421	0.00406
18	0.00864	0.00590	0.00700	0.00634	0.00793	0.00574	0.00481	0.11716	0.01049	0.07744	0.06094	0.24660	0.13621	0.04379	0.02901	0.00163	0.03000	0.01692	0.08161	0.10184
19	0.00528	0.00380	0.00502	0.00591	0.00625	0.00354	0.00402	0.00614	0.00846	0.01128	0.06816	0.75275	0.05257	0.01295	0.00541	0.00171	0.00248	0.03677	0.00399	0.00351
20	0.00870	0.00772	0.01192	0.01294	0.20984	0.00771	0.11488	0.06215	0.08894	0.01480	0.12478	0.03819	0.13904	0.00775	0.02827	0.00160	0.00429	0.10783	0.00336	0.00529
21	0.00752	0.00581	0.00776	0.05994	0.00920	0.00601	0.03735	0.06341	0.01034	0.04004	0.26743	0.07920	0.19762	0.07346	0.00744	0.03461	0.07809	0.00690	0.00366	0.00419
22	0.00996	0.00803	0.00923	0.00687	0.01044	0.00678	0.00550	0.06676	0.10315	0.04970	0.00926	0.00997	0.00732	0.00368	0.00341	0.00080	0.00330	0.00295	0.00296	0.67993
23	0.03526	0.00902	0.01330	0.00975	0.01341	0.00815	0.20860	0.11468	0.03363	0.07891	0.00934	0.01051	0.00710	0.00384	0.00387	0.00102	0.00437	0.00357	0.03415	0.39754
24	0.01012	0.01040	0.01301	0.01105	0.01174	0.10481	0.05293	0.03703	0.02643	0.01108	0.00675	0.01026	0.00634	0.03139	0.04679	0.00200	0.59720	0.00382	0.00209	0.00478
25	0.03066	0.00760	0.00801	0.00714	0.00907	0.04265	0.00553	0.08513	0.28322	0.09759	0.07305	0.03990	0.02359	0.03952	0.06180	0.00179	0.00387	0.00486	0.16952	0.00549
26	0.00601	0.00526	0.00511	0.00500	0.00648	0.03541	0.00379	0.00796	0.06627	0.01240	0.08861	0.03681	0.64524	0.00991	0.00490	0.00142	0.00247	0.02498	0.02809	0.00391
27	0.01867	0.00792	0.01029	0.00789	0.01120	0.00725	0.00652	0.13447	0.01331	0.71153	0.01584	0.01387	0.01006	0.00524	0.00428	0.00131	0.00377	0.00421	0.00512	0.00724
28	0.00614	0.00463	0.00630	0.00655	0.00731	0.00442	0.03845	0.03974	0.00909	0.01201	0.05950	0.51027	0.09962	0.07335	0.00655	0.00186	0.00300	0.10366	0.00382	0.00374
29	0.08673	0.00745	0.00914	0.00724	0.01012	0.00706	0.00592	0.12506	0.01261	0.51417	0.09114	0.01604	0.04572	0.00567	0.00419	0.00131	0.00347	0.00456	0.03594	0.00646
30	0.00850	0.00525	0.00598	0.00543	0.00699	0.00500	0.00418	0.07231	0.03262	0.10184	0.22239	0.05271	0.23401	0.00777	0.00438	0.00129	0.00247	0.00653	0.21582	0.00454
31	0.00538	0.00414	0.00516	0.00568	0.00628	0.00393	0.00399	0.00631	0.00877	0.01146	0.08737	0.54374	0.23345	0.01208	0.00565	0.00163	0.03686	0.01062	0.00392	0.00358
32	0.00792	0.05438	0.03833	0.09224	0.25073	0.00764	0.06966	0.01001	0.00962	0.01278	0.10012	0.05667	0.23645	0.00739	0.02641	0.00150	0.00424	0.00598	0.00292	0.00502
33	0.00553	0.00435	0.00504	0.00533	0.00631	0.00398	0.00385	0.00718	0.05120	0.01230	0.13006	0.33860	0.37333	0.01123	0.00516	0.00154	0.00235	0.02483	0.00406	0.00376
34	0.05366	0.00866	0.01035	0.00817	0.01132	0.00867	0.00668	0.20329	0.13767	0.48276	0.01489	0.01339	0.00990	0.00525	0.00421	0.00133	0.00381	0.00417	0.00478	0.00705
35	0.03644	0.00588	0.00800	0.00807	0.06996	0.00589	0.04949	0.04639	0.03110	0.08427	0.05822	0.20476	0.05677	0.06078	0.06852	0.00195	0.01570	0.00646	0.17676	0.00458
36	0.02546	0.04998	0.25144	0.05810	0.12525	0.14641	0.02955	0.08310	0.01026	0.01341	0.00987	0.10996	0.00907	0.05356	0.00518	0.00148	0.00549	0.00449	0.00245	0.00550
37	0.00524	0.00386	0.00488	0.00560	0.00609	0.00353	0.00382	0.00611	0.00865	0.01137	0.08374	0.64442	0.15809	0.02625	0.00560	0.00169	0.00241	0.01118	0.00398	0.00350
38	0.00848	0.00790	0.05389	0.02747	0.11452	0.06398	0.00689	0.06840	0.04620	0.02314	0.04409	0.23477	0.03176	0.07804	0.08694	0.03518	0.00477	0.05586	0.00316	0.00460
39	0.05387	0.08641	0.14060	0.01160	0.12017	0.17698	0.04354	0.02327	0.06428	0.01339	0.00792	0.00919	0.00635	0.00399	0.00383	0.00109	0.01702	0.00309	0.00235	0.21106
40	0.05494	0.05120	0.24364	0.07097	0.09280	0.06315	0.08114	0.03251	0.03280	0.01362	0.05497	0.05984	0.02375	0.03220	0.00468	0.00137	0.00509	0.00429	0.00248	0.07457

[dist]
# distance from previous block
# <min> <max>
6	41

[block]
# block no. 6 follows, 62 sequences, length 24
# corresponding to MSA columns:
# 495-518
name=unknown_G
#
# <colnr> <probs for GDERKNQSTAVLIFYWHMCP>
#	G	D	E	R	K	N	Q	S	T	A	V	L	I	F	Y	W	H	M	C	P
0	0.03652	0.06109	0.15969	0.09431	0.08202	0.10652	0.06569	0.13354	0.04147	0.05213	0.03759	0.01227	0.03940	0.00477	0.00407	0.00127	0.00514	0.00391	0.05282	0.00576
1	0.00988	0.09206	0.08434	0.03907	0.16448	0.03025	0.05018	0.07581	0.07832	0.04815	0.01240	0.14535	0.01174	0.06876	0.02148	0.00166	0.00464	0.02807	0.00294	0.03042
2	0.02144	0.00448	0.00538	0.00551	0.00596	0.00461	0.00364	0.00746	0.05359	0.01023	0.04370	0.19920	0.05413	0.41787	0.14092	0.00362	0.00468	0.00722	0.00306	0.00332
3	0.02417	0.03145	0.20522	0.04446	0.17058	0.05451	0.10532	0.07524	0.02295	0.01400	0.00913	0.03787	0.00764	0.03083	0.03905	0.00165	0.06087	0.00406	0.05534	0.00566
4	0.01006	0.00720	0.00823	0.00780	0.05550	0.00749	0.00569	0.17447	0.15560	0.04484	0.09548	0.05559	0.08407	0.00635	0.00413	0.00126	0.00313	0.01744	0.21115	0.04453
5	0.01084	0.28087	0.08993	0.08884	0.01374	0.10682	0.02611	0.06122	0.08930	0.01284	0.00829	0.00960	0.00676	0.00568	0.05120	0.00141	0.00533	0.00312	0.00239	0.12571
6	0.00933	0.02316	0.23863	0.16078	0.14179	0.03345	0.05213	0.06258	0.00983	0.02608	0.01130	0.02728	0.06572	0.00590	0.03103	0.00152	0.02483	0.02753	0.00240	0.04473
7	0.00960	0.12284	0.03459	0.09910	0.03092	0.03090	0.00664	0.04598	0.07550	0.08569	0.04454	0.12219	0.02959	0.06532	0.05956	0.00183	0.00442	0.01805	0.04218	0.07054
8	0.01138	0.05794	0.06270	0.03614	0.04035	0.04581	0.07382	0.21765	0.01199	0.10155	0.01330	0.17034	0.01252	0.08686	0.00614	0.00166	0.00455	0.03640	0.00342	0.00547
9	0.00631	0.00470	0.00571	0.00547	0.00650	0.00451	0.00401	0.03500	0.03876	0.01472	0.44819	0.09202	0.16862	0.10093	0.04396	0.00193	0.00285	0.00771	0.00414	0.00394
10	0.03258	0.11887	0.03645	0.01000	0.02584	0.44775	0.02565	0.08794	0.01127	0.01220	0.00822	0.04706	0.00739	0.04002	0.05512	0.00162	0.02097	0.00354	0.00243	0.00506
11	0.00964	0.06410	0.51380	0.01126	0.01611	0.06137	0.06895	0.04888	0.00977	0.03943	0.01048	0.04025	0.05343	0.00490	0.00443	0.00134	0.02977	0.00393	0.00227	0.00589
12	0.13867	0.00714	0.00856	0.00689	0.00965	0.00685	0.00562	0.06543	0.03537	0.49022	0.07177	0.01458	0.01171	0.00529	0.00395	0.00128	0.00333	0.00419	0.10322	0.00625
13	0.00608	0.00485	0.00672	0.03379	0.06829	0.00490	0.00523	0.00755	0.00874	0.01173	0.12108	0.15874	0.22056	0.01731	0.28278	0.00328	0.00565	0.02546	0.00328	0.00397
14	0.00956	0.00912	0.00760	0.00712	0.00829	0.21830	0.00506	0.10014	0.01035	0.01237	0.08864	0.16297	0.06624	0.26419	0.00976	0.00219	0.00450	0.00636	0.00318	0.00406
15	0.02249	0.39861	0.19244	0.00912	0.03795	0.04935	0.00897	0.03466	0.03633	0.02350	0.00792	0.00953	0.00667	0.00840	0.13528	0.00201	0.00610	0.00305	0.00213	0.00550
16	0.00539	0.00416	0.00477	0.00507	0.00595	0.00373	0.00362	0.00636	0.00900	0.01137	0.08518	0.25619	0.40606	0.11695	0.00728	0.00188	0.00258	0.05716	0.00383	0.00348
17	0.00551	0.00403	0.00517	0.00591	0.00643	0.00377	0.00413	0.02161	0.00881	0.01162	0.05944	0.65804	0.11678	0.01259	0.00537	0.00168	0.00254	0.05899	0.00399	0.00360
18	0.01249	0.24259	0.21001	0.01071	0.04349	0.35092	0.00987	0.01512	0.04644	0.01150	0.00719	0.00823	0.00584	0.00414	0.00363	0.00113	0.00622	0.00284	0.00209	0.00555
19	0.00608	0.00425	0.00546	0.00559	0.00589	0.00448	0.00375	0.00671	0.00671	0.00918	0.01402	0.10317	0.01541	0.47556	0.28399	0.00471	0.00633	0.03296	0.00266	0.00311
20	0.00668	0.00490	0.00678	0.00660	0.00738	0.00555	0.00497	0.05340	0.00748	0.01055	0.01170	0.01839	0.01133	0.18077	0.63679	0.00602	0.00968	0.00482	0.00245	0.00377
21	0.00587	0.00477	0.00560	0.00615	0.03658	0.00440	0.00440	0.00775	0.05830	0.01233	0.08345	0.19508	0.44997	0.01069	0.00513	0.00154	0.00258	0.09752	0.00395	0.00393
22	0.01311	0.12198	0.09731	0.01110	0.04942	0.37131	0.02780	0.06415	0.01083	0.04192	0.00822	0.00951	0.02925	0.00489	0.00524	0.00125	0.12171	0.00326	0.00235	0.00539
23	0.01201	0.01090	0.01349	0.04097	0.09042	0.16973	0.15417	0.10175	0.04059	0.09877	0.09067	0.01489	0.01135	0.01354	0.02903	0.02696	0.03231	0.03983	0.00310	0.00552

[dist]
# distance from previous block
# <min> <max>
0	2

[block]
# block no. 7 follows, 62 sequences, length 8
# corresponding to MSA columns:
# 521-528
name=unknown_H
#
# <colnr> <probs for GDERKNQSTAVLIFYWHMCP>
#	G	D	E	R	K	N	Q	S	T	A	V	L	I	F	Y	W	H	M	C	P
0	0.00692	0.00469	0.00619	0.00608	0.00692	0.00469	0.00444	0.00790	0.00765	0.04564	0.04877	0.11000	0.01609	0.26224	0.26157	0.03324	0.00593	0.08561	0.00294	0.07248
1	0.01264	0.33800	0.08714	0.00994	0.04318	0.16445	0.03627	0.14000	0.01122	0.03448	0.00739	0.00839	0.00600	0.00420	0.00388	0.00110	0.03457	0.00295	0.00242	0.05179
2	0.03961	0.02733	0.03870	0.00871	0.01071	0.16834	0.06831	0.11668	0.04495	0.03357	0.01392	0.10972	0.06557	0.10924	0.08915	0.00224	0.02141	0.02402	0.00303	0.00480
3	0.01176	0.00872	0.00983	0.00806	0.01046	0.00941	0.04030	0.37870	0.13108	0.02014	0.01514	0.04908	0.07438	0.04964	0.00508	0.00143	0.00379	0.00491	0.16227	0.00582
4	0.00818	0.21066	0.07009	0.00756	0.03049	0.02627	0.02847	0.02175	0.03627	0.01147	0.07361	0.12726	0.11564	0.16910	0.00795	0.00186	0.04018	0.00590	0.00286	0.00443
5	0.00553	0.00411	0.00559	0.07179	0.00801	0.00404	0.00458	0.00646	0.00822	0.01083	0.02263	0.66099	0.06661	0.05809	0.00622	0.00183	0.00286	0.04437	0.00371	0.00354
6	0.07142	0.01021	0.01247	0.09830	0.16549	0.13626	0.09075	0.09629	0.03405	0.04096	0.01150	0.07974	0.03232	0.07177	0.00568	0.00157	0.00509	0.02799	0.00282	0.00531
7	0.06783	0.19197	0.08662	0.02839	0.03519	0.13091	0.00760	0.07937	0.01086	0.11439	0.11051	0.05824	0.01181	0.00536	0.00402	0.00121	0.01741	0.00413	0.00306	0.03112

[dist]
# distance from previous block
# <min> <max>
3	19

[block]
# block no. 8 follows, 62 sequences, length 19
# corresponding to MSA columns:
# 548-566
name=unknown_I
#
# <colnr> <probs for GDERKNQSTAVLIFYWHMCP>
#	G	D	E	R	K	N	Q	S	T	A	V	L	I	F	Y	W	H	M	C	P
0	0.02182	0.00835	0.00864	0.00963	0.13209	0.14622	0.00624	0.01054	0.02158	0.05439	0.05925	0.14547	0.24413	0.00903	0.04442	0.00161	0.01849	0.00651	0.00327	0.04831
1	0.05413	0.32769	0.18322	0.05185	0.01305	0.11170	0.02315	0.04170	0.00917	0.01176	0.00764	0.01045	0.00677	0.09791	0.03219	0.00164	0.00551	0.00320	0.00210	0.00519
2	0.00926	0.05874	0.06980	0.04278	0.17539	0.04582	0.05963	0.03623	0.12153	0.02413	0.10625	0.09494	0.07476	0.00649	0.00477	0.00139	0.02892	0.03059	0.00313	0.00543
3	0.00606	0.00416	0.00480	0.00486	0.00509	0.00406	0.00296	0.00642	0.00718	0.00957	0.09067	0.07786	0.07235	0.64264	0.01759	0.00348	0.00370	0.03071	0.00298	0.00287
4	0.00682	0.04903	0.00727	0.00724	0.04433	0.00544	0.00551	0.03740	0.00991	0.01278	0.08926	0.14210	0.22749	0.04187	0.00583	0.00172	0.00325	0.29492	0.00376	0.00406
5	0.02048	0.11508	0.13907	0.01331	0.14330	0.19696	0.10066	0.05418	0.04678	0.02666	0.02378	0.00985	0.00699	0.00432	0.00437	0.00122	0.03963	0.00347	0.00237	0.04752
6	0.00539	0.00400	0.00493	0.00547	0.00610	0.00367	0.00382	0.00633	0.00880	0.01147	0.10009	0.47221	0.22073	0.07890	0.00661	0.00182	0.00256	0.04971	0.00391	0.00349
7	0.05411	0.00957	0.01613	0.09440	0.63513	0.00981	0.04796	0.01258	0.00933	0.01368	0.00806	0.01078	0.00673	0.00529	0.04722	0.00158	0.00544	0.00381	0.00213	0.00626
8	0.00887	0.04865	0.07846	0.02727	0.15550	0.00744	0.03357	0.09538	0.01064	0.05943	0.05116	0.15890	0.23207	0.00769	0.00462	0.00139	0.00377	0.00667	0.00337	0.00515
9	0.04435	0.05244	0.13183	0.09786	0.17747	0.08379	0.03990	0.11601	0.02985	0.09155	0.02269	0.01111	0.02197	0.00447	0.00412	0.00126	0.01162	0.00368	0.00277	0.05126
