[name]
unknown

[dist]
# distance from previous block
# <min> <max>
0	12

[block]
# block no. 0 follows, 73 sequences, length 23
# corresponding to MSA columns:
# 12-34
name=unknown_A
#
# <colnr> <probs for GDERKNQSTAVLIFYWHMCP>
#	G	D	E	R	K	N	Q	S	T	A	V	L	I	F	Y	W	H	M	C	P
0	0.04033	0.09085	0.01031	0.00781	0.01003	0.10509	0.03819	0.27444	0.09011	0.01541	0.04793	0.03412	0.04247	0.00615	0.02501	0.00131	0.01569	0.11669	0.00308	0.02496
1	0.00634	0.00327	0.00482	0.00488	0.00490	0.00326	0.00324	0.00493	0.00507	0.00676	0.00769	0.07207	0.00805	0.04175	0.01412	0.79827	0.00319	0.00385	0.00178	0.00175
2	0.01059	0.03329	0.08092	0.02377	0.06719	0.08317	0.06025	0.22498	0.18144	0.05977	0.05631	0.02569	0.06606	0.00490	0.00382	0.00117	0.00406	0.00407	0.00313	0.00543
3	0.00877	0.00629	0.00768	0.04583	0.00940	0.00503	0.00475	0.01036	0.00823	0.13955	0.01045	0.05327	0.05606	0.00395	0.00317	0.00077	0.00287	0.00327	0.00270	0.61759
4	0.01056	0.48076	0.13102	0.00836	0.01159	0.17977	0.06245	0.01228	0.00839	0.03450	0.00598	0.00695	0.00500	0.00351	0.00317	0.00095	0.02567	0.00244	0.00178	0.00487
5	0.02994	0.06604	0.21327	0.00788	0.01125	0.07004	0.04367	0.03452	0.05381	0.03742	0.03793	0.03383	0.01807	0.00400	0.00353	0.00097	0.02266	0.00979	0.00232	0.29907
6	0.12462	0.03585	0.13068	0.00938	0.01245	0.03983	0.17890	0.08971	0.13249	0.12436	0.02358	0.02870	0.00758	0.00426	0.00394	0.00120	0.03165	0.00364	0.00279	0.01438
7	0.05841	0.00804	0.02922	0.04423	0.01036	0.01929	0.00614	0.34162	0.03163	0.21016	0.06421	0.06726	0.04356	0.00633	0.04095	0.00139	0.00383	0.00428	0.00364	0.00545
8	0.00483	0.00355	0.00469	0.00523	0.00560	0.00341	0.00362	0.00571	0.00785	0.01065	0.18223	0.64931	0.05105	0.01072	0.00494	0.00145	0.02884	0.00959	0.00355	0.00318
9	0.02810	0.05277	0.19933	0.00829	0.02240	0.01985	0.09234	0.03382	0.04341	0.06550	0.12737	0.20795	0.02506	0.00646	0.00424	0.00128	0.02131	0.03315	0.00287	0.00453
10	0.00887	0.01164	0.14937	0.02908	0.01834	0.03228	0.61029	0.03328	0.00883	0.01205	0.00731	0.00957	0.00550	0.00344	0.00458	0.00126	0.04331	0.00402	0.00188	0.00509
11	0.00454	0.00337	0.00424	0.00494	0.00537	0.00307	0.00336	0.00526	0.00745	0.00969	0.02411	0.70151	0.18679	0.01131	0.00472	0.00147	0.00212	0.01012	0.00348	0.00307
12	0.03501	0.00658	0.00901	0.09242	0.14689	0.01876	0.02686	0.07551	0.06327	0.15705	0.15260	0.04157	0.01324	0.00529	0.00395	0.01377	0.00333	0.03006	0.09994	0.00487
13	0.02695	0.00879	0.05183	0.02900	0.05395	0.06637	0.02890	0.16626	0.16397	0.05918	0.05192	0.11070	0.01102	0.01606	0.01733	0.00138	0.10531	0.02302	0.00304	0.00501
14	0.00541	0.00419	0.00546	0.00514	0.00627	0.00380	0.04352	0.00692	0.02773	0.03367	0.29785	0.18198	0.33329	0.00905	0.01729	0.00135	0.00230	0.00763	0.00364	0.00351
15	0.00476	0.00340	0.00428	0.00488	0.00515	0.00319	0.00320	0.00535	0.00705	0.00934	0.04859	0.60714	0.08261	0.18360	0.00763	0.00192	0.00244	0.00928	0.00326	0.00292
16	0.03376	0.00754	0.01119	0.10208	0.15240	0.02826	0.11722	0.09003	0.03270	0.18084	0.08132	0.02995	0.08121	0.00504	0.00397	0.00121	0.00394	0.02916	0.00305	0.00511
17	0.23326	0.11260	0.03513	0.02833	0.01165	0.15744	0.13084	0.09426	0.00911	0.07572	0.00683	0.00791	0.00526	0.00391	0.00395	0.00114	0.07264	0.00287	0.00233	0.00480
18	0.01256	0.00889	0.00964	0.00778	0.01036	0.00978	0.00630	0.45856	0.25322	0.10063	0.01161	0.01118	0.00836	0.00468	0.00369	0.00115	0.00353	0.00367	0.06836	0.00604
19	0.00550	0.00382	0.00518	0.00587	0.00648	0.00366	0.00456	0.00670	0.00814	0.02992	0.08400	0.43257	0.03986	0.01067	0.00489	0.00157	0.00268	0.33706	0.00355	0.00333
20	0.01352	0.03614	0.01089	0.03475	0.01151	0.05147	0.00689	0.61460	0.03536	0.08876	0.00974	0.04126	0.00730	0.00500	0.01426	0.00119	0.00418	0.00362	0.00358	0.00599
21	0.05855	0.00716	0.00836	0.02893	0.03366	0.01345	0.01644	0.13298	0.04634	0.05163	0.03229	0.02210	0.05656	0.00473	0.02909	0.00102	0.00334	0.00326	0.00274	0.44737
22	0.01123	0.20754	0.03802	0.00823	0.01038	0.32109	0.00688	0.12373	0.03522	0.01149	0.02220	0.03940	0.00753	0.03199	0.00456	0.00116	0.07071	0.04170	0.00230	0.00463

[dist]
# distance from previous block
# <min> <max>
0	1

[block]
# block no. 1 follows, 73 sequences, length 15
# corresponding to MSA columns:
# 36-50
name=unknown_B
#
# <colnr> <probs for GDERKNQSTAVLIFYWHMCP>
#	G	D	E	R	K	N	Q	S	T	A	V	L	I	F	Y	W	H	M	C	P
0	0.02910	0.01082	0.01203	0.04328	0.03673	0.21846	0.13107	0.15559	0.02919	0.14828	0.00835	0.00917	0.00618	0.00413	0.00436	0.00112	0.07395	0.00326	0.00272	0.07220
1	0.04900	0.06460	0.14817	0.00928	0.04230	0.20699	0.05148	0.10966	0.04013	0.16214	0.00894	0.00942	0.01878	0.00464	0.02335	0.00121	0.02192	0.00313	0.00266	0.02221
2	0.00803	0.03164	0.27513	0.02012	0.04170	0.00660	0.08517	0.01075	0.02679	0.11602	0.14116	0.07549	0.10328	0.00577	0.00403	0.00123	0.00390	0.03554	0.00285	0.00477
3	0.00727	0.00681	0.01143	0.77694	0.02456	0.00831	0.04090	0.03247	0.00787	0.01009	0.00775	0.01080	0.03136	0.00393	0.00380	0.00125	0.00493	0.00352	0.00179	0.00423
4	0.05349	0.04217	0.02861	0.11027	0.06510	0.06812	0.07938	0.14771	0.08361	0.05971	0.02028	0.14138	0.01923	0.02063	0.00414	0.00127	0.00404	0.03164	0.01441	0.00482
5	0.02180	0.05164	0.14445	0.01163	0.03721	0.07305	0.33426	0.03241	0.04847	0.05584	0.02096	0.07939	0.01925	0.00451	0.00441	0.00123	0.04791	0.00430	0.00229	0.00497
6	0.01656	0.00683	0.00898	0.00689	0.00980	0.00617	0.00569	0.10578	0.01148	0.75880	0.01418	0.01237	0.00897	0.00463	0.00377	0.00116	0.00329	0.00373	0.00455	0.00638
7	0.00823	0.00763	0.00828	0.00819	0.04194	0.11843	0.04027	0.03822	0.20793	0.01233	0.03084	0.06631	0.08702	0.00732	0.00457	0.00139	0.02645	0.27706	0.00319	0.00440
8	0.04064	0.18092	0.36931	0.01002	0.05029	0.08372	0.07768	0.05789	0.02091	0.02998	0.00805	0.00899	0.03813	0.00381	0.00341	0.00110	0.00497	0.00301	0.00198	0.00520
9	0.03670	0.00789	0.00923	0.00770	0.03262	0.08071	0.03670	0.13502	0.03997	0.42761	0.05715	0.04849	0.02963	0.02789	0.00422	0.00123	0.00364	0.00417	0.00384	0.00559
10	0.00467	0.00337	0.00444	0.00527	0.00559	0.00314	0.00363	0.00542	0.00736	0.00973	0.02155	0.76231	0.06841	0.01153	0.00480	0.00152	0.00225	0.06844	0.00348	0.00308
11	0.00921	0.20586	0.29481	0.04273	0.13800	0.03369	0.03395	0.02294	0.06143	0.06554	0.01750	0.00990	0.04083	0.00392	0.00343	0.00109	0.00455	0.00317	0.00213	0.00531
12	0.03849	0.04854	0.10476	0.01048	0.04003	0.06834	0.19093	0.23755	0.10946	0.05106	0.02236	0.01020	0.01918	0.00419	0.00401	0.00117	0.02738	0.00361	0.00277	0.00550
13	0.01052	0.00489	0.00640	0.00561	0.00702	0.00452	0.00417	0.01139	0.00818	0.38728	0.01431	0.10960	0.01289	0.29896	0.06458	0.00238	0.00369	0.03579	0.00350	0.00433
14	0.00908	0.00942	0.06834	0.12396	0.43634	0.00897	0.14106	0.07701	0.03740	0.01280	0.00793	0.03626	0.00652	0.00379	0.00386	0.00118	0.00474	0.00374	0.00209	0.00550

[dist]
# distance from previous block
# <min> <max>
2	4

[block]
# block no. 2 follows, 73 sequences, length 14
# corresponding to MSA columns:
# 56-69
name=unknown_C
#
# <colnr> <probs for GDERKNQSTAVLIFYWHMCP>
#	G	D	E	R	K	N	Q	S	T	A	V	L	I	F	Y	W	H	M	C	P
0	0.00860	0.00726	0.05103	0.04807	0.01010	0.00622	0.01934	0.04002	0.04354	0.09553	0.04980	0.06532	0.02546	0.00449	0.00413	0.00094	0.07688	0.00359	0.00267	0.43701
1	0.00869	0.33957	0.41336	0.00924	0.01345	0.01108	0.07012	0.03411	0.00808	0.01095	0.00661	0.02957	0.00541	0.00370	0.00340	0.00106	0.02187	0.00283	0.00173	0.00516
2	0.00602	0.00382	0.00450	0.00445	0.00492	0.00364	0.00285	0.00645	0.00674	0.06936	0.05655	0.13800	0.12666	0.52076	0.02718	0.00278	0.00319	0.00640	0.00285	0.00287
3	0.00782	0.12520	0.20976	0.00705	0.00942	0.06715	0.00680	0.00943	0.00782	0.06540	0.01334	0.22982	0.08208	0.03603	0.00511	0.05056	0.02360	0.00527	0.00251	0.03582
4	0.01333	0.01654	0.01096	0.01007	0.03291	0.73953	0.03670	0.03507	0.01060	0.00982	0.00665	0.00871	0.00573	0.00416	0.00352	0.00102	0.00647	0.04172	0.00205	0.00442
5	0.00578	0.00469	0.00625	0.00621	0.00694	0.04577	0.00481	0.00710	0.00625	0.00873	0.00984	0.01435	0.00916	0.02696	0.81213	0.00578	0.00989	0.00394	0.00201	0.00340
6	0.00462	0.00329	0.00434	0.00516	0.00537	0.00308	0.00342	0.00524	0.00709	0.00945	0.02020	0.82035	0.02421	0.05793	0.00556	0.00164	0.00226	0.01038	0.00342	0.00301
7	0.00601	0.00352	0.00402	0.00422	0.00482	0.00344	0.00298	0.00725	0.00765	0.01199	0.09514	0.21722	0.01666	0.13149	0.00577	0.00148	0.00218	0.03319	0.43774	0.00322
8	0.00709	0.06842	0.03365	0.00653	0.00752	0.01922	0.02632	0.01966	0.04929	0.03724	0.00978	0.01569	0.00956	0.27998	0.28122	0.00353	0.11531	0.00417	0.00220	0.00362
9	0.00465	0.00364	0.00422	0.00454	0.00537	0.00321	0.00329	0.00561	0.00829	0.01051	0.11657	0.32808	0.43292	0.01014	0.00459	0.00137	0.00205	0.04422	0.00355	0.00318
10	0.00469	0.00332	0.00432	0.00507	0.00526	0.00313	0.00332	0.00526	0.00694	0.00926	0.01945	0.74951	0.02327	0.13005	0.00676	0.00182	0.00238	0.00995	0.00332	0.00294
11	0.00598	0.00435	0.00517	0.00498	0.00611	0.00413	0.00372	0.00838	0.10505	0.05292	0.37205	0.15217	0.24410	0.00832	0.00438	0.00126	0.00207	0.00722	0.00385	0.00378
12	0.00904	0.08706	0.24395	0.04064	0.04894	0.08355	0.06343	0.08847	0.06826	0.02512	0.01987	0.08155	0.00824	0.02357	0.01599	0.00133	0.06476	0.01897	0.00231	0.00496
13	0.25262	0.27934	0.08299	0.01975	0.02218	0.03288	0.00619	0.05326	0.01653	0.05923	0.04024	0.03679	0.00730	0.00409	0.00294	0.00104	0.00364	0.01829	0.01486	0.04584

[dist]
# distance from previous block
# <min> <max>
2	28

[block]
# block no. 3 follows, 73 sequences, length 16
# corresponding to MSA columns:
# 98-113
name=unknown_D
#
# <colnr> <probs for GDERKNQSTAVLIFYWHMCP>
#	G	D	E	R	K	N	Q	S	T	A	V	L	I	F	Y	W	H	M	C	P
0	0.00817	0.11589	0.08513	0.05334	0.06321	0.09924	0.00655	0.04627	0.03847	0.03177	0.04917	0.22860	0.05347	0.00653	0.00388	0.00120	0.00372	0.04982	0.00272	0.05287
1	0.00982	0.08267	0.02739	0.00883	0.01151	0.00839	0.19178	0.20825	0.02379	0.07609	0.04307	0.12005	0.04753	0.00522	0.00406	0.00114	0.02241	0.00466	0.00293	0.10040
2	0.01114	0.20589	0.10803	0.00937	0.01240	0.22114	0.11876	0.11594	0.10108	0.03515	0.02183	0.00878	0.00649	0.00389	0.00345	0.00106	0.00502	0.00307	0.00236	0.00515
3	0.00672	0.00554	0.00565	0.00537	0.00651	0.08561	0.00403	0.02220	0.05836	0.03460	0.35820	0.10865	0.16414	0.00870	0.05229	0.00147	0.00293	0.00630	0.05898	0.00375
4	0.00749	0.00677	0.01106	0.72652	0.07490	0.00822	0.00992	0.04088	0.00797	0.01053	0.00710	0.01015	0.00537	0.00379	0.00368	0.00122	0.00475	0.00335	0.05199	0.00432
5	0.06451	0.00689	0.00882	0.00680	0.00968	0.00636	0.00562	0.10910	0.01127	0.70966	0.01363	0.01198	0.00868	0.00456	0.00369	0.00116	0.00328	0.00363	0.00442	0.00626
6	0.05887	0.00815	0.00918	0.00746	0.01009	0.00868	0.00603	0.24507	0.29625	0.28982	0.01285	0.01180	0.00895	0.00470	0.00371	0.00119	0.00336	0.00373	0.00399	0.00611
7	0.01626	0.00675	0.00883	0.00680	0.00965	0.00613	0.00561	0.10758	0.01141	0.73195	0.01409	0.01239	0.00898	0.00462	0.00374	0.00115	0.00325	0.00372	0.03080	0.00630
8	0.89465	0.00726	0.00551	0.00493	0.00726	0.00842	0.00406	0.01103	0.00638	0.01683	0.00522	0.00609	0.00406	0.00348	0.00232	0.00116	0.00290	0.00203	0.00232	0.00406
9	0.00527	0.00403	0.00496	0.00545	0.00626	0.00386	0.00416	0.00701	0.06526	0.01075	0.05080	0.34911	0.23560	0.01022	0.00472	0.00148	0.00248	0.22166	0.00352	0.00340
10	0.00707	0.00672	0.00617	0.00625	0.00715	0.17275	0.00459	0.02963	0.02812	0.01052	0.09443	0.34614	0.08536	0.03318	0.09267	0.00188	0.00403	0.05671	0.00306	0.00355
11	0.00467	0.00335	0.00450	0.00534	0.00560	0.00318	0.00365	0.00541	0.00720	0.00962	0.02019	0.79106	0.02400	0.01239	0.04116	0.00173	0.00257	0.04789	0.00342	0.00308
12	0.00929	0.00891	0.01523	0.02303	0.84475	0.00891	0.01151	0.01151	0.00854	0.01226	0.00706	0.00929	0.00594	0.00334	0.00371	0.00111	0.00446	0.00334	0.00186	0.00594
13	0.01401	0.01788	0.01063	0.00967	0.01160	0.85309	0.00725	0.01498	0.01063	0.00918	0.00580	0.00677	0.00483	0.00387	0.00338	0.00097	0.00677	0.00242	0.00193	0.00435
14	0.01063	0.14413	0.01060	0.00796	0.04524	0.12997	0.00616	0.22499	0.15871	0.01463	0.01086	0.04675	0.02691	0.03486	0.00404	0.00118	0.00392	0.03230	0.08112	0.00504
15	0.00497	0.00380	0.00459	0.00496	0.00582	0.00347	0.00380	0.00609	0.00837	0.01067	0.11082	0.22501	0.35319	0.03795	0.00517	0.00150	0.00237	0.20072	0.00350	0.00322

[dist]
# distance from previous block
# <min> <max>
7	16

[block]
# block no. 4 follows, 73 sequences, length 14
# corresponding to MSA columns:
# 131-144
name=unknown_E
#
# <colnr> <probs for GDERKNQSTAVLIFYWHMCP>
#	G	D	E	R	K	N	Q	S	T	A	V	L	I	F	Y	W	H	M	C	P
0	0.15448	0.08238	0.09572	0.00896	0.04469	0.05454	0.07638	0.17197	0.10455	0.10389	0.00859	0.00907	0.00636	0.00408	0.00379	0.00115	0.04125	0.00313	0.00278	0.02224
1	0.00605	0.00500	0.00660	0.00636	0.00689	0.03660	0.00487	0.00711	0.00608	0.00855	0.00951	0.01508	0.00928	0.15003	0.59067	0.00493	0.11698	0.00408	0.00200	0.00332
2	0.00482	0.00369	0.00438	0.00447	0.00532	0.00329	0.00323	0.00598	0.00892	0.01174	0.33032	0.21794	0.33883	0.03384	0.00493	0.00136	0.00196	0.00804	0.00369	0.00325
3	0.00769	0.00701	0.01149	0.03765	0.50025	0.00699	0.02723	0.00966	0.02798	0.01145	0.01226	0.24194	0.03164	0.00613	0.00411	0.00127	0.00376	0.04414	0.00245	0.00492
4	0.04020	0.08917	0.11355	0.01975	0.03397	0.17965	0.04747	0.12623	0.08501	0.14447	0.03204	0.02953	0.00777	0.01318	0.00390	0.00115	0.02147	0.00341	0.00281	0.00527
5	0.01120	0.01479	0.14085	0.00963	0.01197	0.44774	0.04877	0.04262	0.07061	0.01085	0.02276	0.05536	0.00706	0.00465	0.00444	0.00114	0.08537	0.00335	0.00218	0.00465
6	0.00459	0.00373	0.00407	0.00415	0.00521	0.00321	0.00305	0.00563	0.00867	0.01082	0.16140	0.15618	0.59711	0.00954	0.00448	0.00129	0.00192	0.00814	0.00358	0.00321
7	0.00611	0.00433	0.00528	0.00526	0.00628	0.00404	0.00387	0.00779	0.06466	0.05410	0.12880	0.28601	0.14326	0.10242	0.00600	0.00158	0.00252	0.08896	0.00341	0.07532
8	0.00914	0.02353	0.01267	0.07824	0.31758	0.07172	0.08923	0.02630	0.07144	0.04541	0.02696	0.01311	0.08330	0.00473	0.00473	0.00122	0.09087	0.02240	0.00235	0.00507
9	0.77583	0.00690	0.00550	0.00491	0.00716	0.00781	0.00402	0.01083	0.00677	0.05201	0.00862	0.00911	0.08064	0.00408	0.00258	0.00117	0.00282	0.00264	0.00253	0.00408
10	0.00465	0.00332	0.00431	0.00506	0.00530	0.00311	0.00335	0.00525	0.00708	0.00939	0.02057	0.75595	0.05657	0.08958	0.00608	0.00171	0.00230	0.01008	0.00337	0.00298
11	0.00611	0.00510	0.01926	0.03154	0.08388	0.00497	0.05569	0.00806	0.05160	0.01115	0.10333	0.24341	0.06895	0.04682	0.11080	0.00203	0.00389	0.08552	0.05412	0.00378
12	0.01100	0.19935	0.04791	0.00779	0.01023	0.16033	0.02246	0.22984	0.02413	0.04907	0.07071	0.07650	0.03716	0.00508	0.00383	0.00109	0.03187	0.00389	0.00280	0.00496
13	0.03702	0.10652	0.08694	0.00863	0.04317	0.11965	0.04326	0.19004	0.05592	0.01415	0.00736	0.00819	0.00577	0.00368	0.00345	0.00095	0.02204	0.00279	0.00244	0.23803

[dist]
# distance from previous block
# <min> <max>
0	3

[block]
# block no. 5 follows, 73 sequences, length 22
# corresponding to MSA columns:
# 148-169
name=unknown_F
#
# <colnr> <probs for GDERKNQSTAVLIFYWHMCP>
#	G	D	E	R	K	N	Q	S	T	A	V	L	I	F	Y	W	H	M	C	P
0	0.01110	0.18529	0.06458	0.00811	0.01986	0.18549	0.03003	0.18679	0.05150	0.05955	0.10830	0.01162	0.04094	0.00463	0.00364	0.00106	0.01616	0.00353	0.00279	0.00503
1	0.02160	0.00956	0.00972	0.02922	0.06645	0.15940	0.00659	0.12644	0.14452	0.07876	0.00950	0.03767	0.01559	0.00476	0.01157	0.00113	0.09000	0.00342	0.00279	0.17133
2	0.00506	0.00368	0.00476	0.02572	0.00612	0.00354	0.00388	0.00591	0.00741	0.00971	0.04103	0.44725	0.10444	0.15094	0.00713	0.00187	0.00269	0.16258	0.00325	0.00305
3	0.00551	0.05140	0.00546	0.00461	0.00577	0.01820	0.00352	0.00684	0.00943	0.02520	0.40629	0.08899	0.33860	0.00830	0.00432	0.00121	0.00208	0.00711	0.00367	0.00349
4	0.03680	0.00745	0.01092	0.52698	0.09056	0.01787	0.00914	0.13107	0.03103	0.04873	0.04759	0.01072	0.00706	0.00408	0.00373	0.00121	0.00449	0.00350	0.00232	0.00475
5	0.01320	0.01649	0.01092	0.04647	0.05200	0.73439	0.00764	0.01429	0.01015	0.00934	0.00585	0.00710	0.00490	0.00397	0.00386	0.00102	0.04955	0.00254	0.00190	0.00441
6	0.00485	0.00403	0.00426	0.00419	0.00542	0.00356	0.00314	0.00645	0.05440	0.01122	0.16536	0.05070	0.65123	0.00901	0.00441	0.00126	0.00194	0.00759	0.00361	0.00338
7	0.01091	0.00844	0.00875	0.00761	0.00987	0.05492	0.00598	0.07905	0.59514	0.13293	0.03491	0.01341	0.01101	0.00498	0.00380	0.00123	0.00326	0.00408	0.00383	0.00589
8	0.77766	0.00748	0.00615	0.00533	0.00773	0.00854	0.00439	0.07934	0.00754	0.05916	0.00602	0.00667	0.00452	0.00363	0.00251	0.00116	0.00302	0.00223	0.00256	0.00437
9	0.09121	0.00955	0.00703	0.00645	0.00820	0.28967	0.00492	0.04820	0.08665	0.01157	0.02072	0.02019	0.36853	0.00641	0.00380	0.00115	0.00383	0.00498	0.00290	0.00405
10	0.00602	0.00403	0.00504	0.00467	0.00580	0.00361	0.00354	0.00759	0.01018	0.07911	0.60164	0.02860	0.21036	0.00783	0.00438	0.00120	0.00191	0.00680	0.00403	0.00368
11	0.00458	0.00377	0.00403	0.00404	0.00518	0.00322	0.00300	0.00565	0.00880	0.01089	0.16705	0.08558	0.66253	0.00934	0.00445	0.00127	0.00190	0.00790	0.00359	0.00322
12	0.01092	0.00820	0.00889	0.00766	0.00999	0.00919	0.00605	0.13222	0.62434	0.11737	0.01435	0.01316	0.01049	0.00495	0.00380	0.00124	0.00316	0.00407	0.00391	0.00605
13	0.01309	0.00888	0.00972	0.00787	0.01053	0.02479	0.00636	0.35488	0.30367	0.20037	0.01241	0.01154	0.00877	0.00473	0.00377	0.00118	0.00357	0.00375	0.00394	0.00619
14	0.00484	0.00351	0.00460	0.00520	0.00567	0.00327	0.00370	0.00583	0.00806	0.01080	0.17604	0.57404	0.08142	0.01070	0.00473	0.00146	0.00220	0.08714	0.00360	0.00319
15	0.00540	0.00372	0.00448	0.00454	0.00478	0.00374	0.00291	0.00585	0.00632	0.00852	0.08896	0.05897	0.04039	0.59691	0.10151	0.00340	0.00400	0.05041	0.00256	0.00262
16	0.01268	0.00928	0.01124	0.11255	0.01327	0.01016	0.05244	0.55815	0.03623	0.08347	0.02216	0.01078	0.00738	0.02525	0.00419	0.00123	0.00420	0.01607	0.00343	0.00584
17	0.00927	0.00735	0.00883	0.09351	0.04793	0.04074	0.02769	0.08532	0.27094	0.09859	0.02831	0.06403	0.12347	0.00656	0.03196	0.00141	0.03101	0.01478	0.00328	0.00501
18	0.07243	0.00517	0.05205	0.00591	0.00702	0.00494	0.01422	0.00771	0.01985	0.02713	0.13116	0.12001	0.01453	0.06023	0.39261	0.00356	0.01581	0.00506	0.03699	0.00359
19	0.47479	0.00626	0.00621	0.00609	0.04069	0.00713	0.00453	0.03653	0.03971	0.01376	0.00773	0.01071	0.00684	0.09500	0.22707	0.00268	0.00495	0.00307	0.00232	0.00393
20	0.00680	0.00540	0.00731	0.25828	0.02085	0.00568	0.00589	0.00928	0.08900	0.05677	0.10206	0.06672	0.22306	0.04580	0.00475	0.00134	0.00320	0.03086	0.00296	0.05398
21	0.04574	0.05203	0.10963	0.02153	0.18237	0.02731	0.23784	0.09065	0.03119	0.09911	0.00851	0.03455	0.00663	0.00397	0.00409	0.00119	0.03214	0.00373	0.00240	0.00541

[dist]
# distance from previous block
# <min> <max>
2	10

[block]
# block no. 6 follows, 73 sequences, length 13
# corresponding to MSA columns:
# 180-192
name=unknown_G
#
# <colnr> <probs for GDERKNQSTAVLIFYWHMCP>
#	G	D	E	R	K	N	Q	S	T	A	V	L	I	F	Y	W	H	M	C	P
0	0.03889	0.00552	0.00652	0.00547	0.00751	0.00478	0.00423	0.05573	0.00870	0.02638	0.15475	0.15620	0.05810	0.00652	0.01989	0.02054	0.00272	0.02704	0.00297	0.38754
1	0.04944	0.05302	0.16288	0.01134	0.03001	0.07126	0.30762	0.08874	0.04805	0.03313	0.00896	0.02807	0.03347	0.01751	0.00444	0.00124	0.03967	0.00383	0.00226	0.00506
2	0.03369	0.00482	0.00584	0.00555	0.00693	0.00464	0.00432	0.01012	0.10408	0.15720	0.18904	0.15826	0.17081	0.00797	0.00430	0.00132	0.00248	0.10385	0.02064	0.00417
3	0.00462	0.00334	0.00433	0.00506	0.00537	0.00309	0.00340	0.00531	0.00735	0.00974	0.05098	0.74468	0.08650	0.04059	0.00524	0.00156	0.00219	0.01014	0.00346	0.00305
4	0.06419	0.00824	0.02684	0.00742	0.01019	0.00811	0.04748	0.27328	0.12594	0.03176	0.02511	0.02714	0.02393	0.00531	0.03778	0.00122	0.00375	0.01876	0.00305	0.25049
5	0.00942	0.12019	0.07959	0.03169	0.05529	0.07198	0.40581	0.06428	0.03344	0.01210	0.00786	0.03836	0.00638	0.00381	0.00406	0.00117	0.02362	0.00387	0.02207	0.00502
6	0.00457	0.00326	0.00435	0.00522	0.00544	0.00305	0.00348	0.00522	0.00718	0.00958	0.02068	0.86570	0.02481	0.01175	0.00479	0.00152	0.00218	0.01067	0.00348	0.00305
7	0.00479	0.00357	0.00450	0.00512	0.00570	0.00328	0.00371	0.00571	0.00786	0.01018	0.05972	0.51968	0.21258	0.01086	0.00475	0.00148	0.00228	0.12757	0.00351	0.00316
8	0.04653	0.06321	0.39119	0.00986	0.02728	0.06596	0.08194	0.08976	0.05373	0.08894	0.00854	0.04168	0.00653	0.00410	0.00361	0.00116	0.00487	0.00336	0.00235	0.00540
9	0.00526	0.00383	0.00489	0.00548	0.00600	0.00370	0.00389	0.04314	0.02476	0.01072	0.05249	0.65819	0.06889	0.01089	0.00472	0.00149	0.00236	0.08243	0.00352	0.00332
10	0.01163	0.00619	0.00753	0.00623	0.00851	0.00585	0.00503	0.08030	0.11996	0.38396	0.07940	0.01920	0.17161	0.00600	0.00397	0.00119	0.00288	0.03713	0.00406	0.03935
11	0.01138	0.07167	0.19307	0.05277	0.06979	0.03528	0.05255	0.32461	0.01187	0.08513	0.00824	0.00920	0.00607	0.01985	0.00419	0.00119	0.03150	0.00324	0.00273	0.00567
12	0.11563	0.08221	0.02730	0.02817	0.03767	0.15566	0.13672	0.16404	0.03967	0.06073	0.00779	0.02430	0.00616	0.00459	0.02016	0.00123	0.06027	0.00326	0.00250	0.02193

[dist]
# distance from previous block
# <min> <max>
1	18

[block]
# block no. 7 follows, 73 sequences, length 23
# corresponding to MSA columns:
# 211-233
name=unknown_H
#
# <colnr> <probs for GDERKNQSTAVLIFYWHMCP>
#	G	D	E	R	K	N	Q	S	T	A	V	L	I	F	Y	W	H	M	C	P
0	0.01031	0.05965	0.01608	0.04835	0.05417	0.22644	0.37385	0.05919	0.00963	0.02234	0.00904	0.01061	0.05990	0.00395	0.00407	0.00115	0.02052	0.00382	0.00212	0.00482
1	0.00724	0.07081	0.57559	0.00925	0.01341	0.00796	0.02601	0.02638	0.00811	0.01166	0.04625	0.15192	0.00970	0.00518	0.00377	0.00123	0.00468	0.01379	0.00208	0.00498
2	0.34213	0.02693	0.00759	0.00601	0.00852	0.02831	0.00493	0.02384	0.00858	0.37281	0.00987	0.00980	0.00688	0.00593	0.07104	0.00150	0.00373	0.00298	0.00328	0.05534
3	0.06038	0.00745	0.00918	0.00707	0.00997	0.00718	0.00584	0.21999	0.01223	0.60104	0.01288	0.01150	0.00830	0.00455	0.00369	0.00115	0.00341	0.00359	0.00431	0.00627
4	0.00718	0.00483	0.00600	0.00599	0.00727	0.00468	0.00489	0.07126	0.03441	0.08825	0.08809	0.11856	0.20595	0.00897	0.00463	0.00145	0.00285	0.32716	0.00366	0.00392
5	0.07792	0.04039	0.06683	0.07968	0.27201	0.06758	0.02653	0.27272	0.01120	0.01557	0.00743	0.00880	0.00576	0.00445	0.02606	0.00125	0.00468	0.00315	0.00246	0.00554
6	0.01544	0.00665	0.00859	0.00676	0.00950	0.00615	0.00553	0.04551	0.11932	0.68294	0.01458	0.01284	0.00948	0.00469	0.00374	0.00116	0.00315	0.00381	0.03393	0.00623
7	0.00464	0.00335	0.00433	0.00508	0.00538	0.00312	0.00341	0.00530	0.00721	0.00952	0.02145	0.73802	0.08583	0.06158	0.00561	0.00163	0.00227	0.02584	0.00341	0.00302
8	0.04689	0.00886	0.03769	0.00771	0.01041	0.00902	0.00643	0.44584	0.07858	0.20601	0.01172	0.09403	0.00909	0.00522	0.00380	0.00119	0.00364	0.00418	0.00380	0.00590
9	0.00966	0.00917	0.01476	0.04391	0.74902	0.02924	0.01110	0.06488	0.00916	0.01285	0.00714	0.00923	0.00592	0.00344	0.00371	0.00112	0.00451	0.00332	0.00198	0.00589
10	0.00454	0.00381	0.00395	0.00400	0.00520	0.00322	0.00302	0.00554	0.00860	0.01036	0.07028	0.06035	0.75407	0.00952	0.00447	0.00129	0.00196	0.03909	0.00351	0.00319
11	0.00674	0.00402	0.00471	0.00491	0.00581	0.00404	0.00396	0.03581	0.00850	0.01316	0.05652	0.04316	0.01520	0.03202	0.00413	0.00127	0.00246	0.27251	0.47753	0.00354
12	0.00752	0.01941	0.84871	0.01069	0.01624	0.00871	0.01386	0.01188	0.00792	0.01188	0.00673	0.00792	0.00475	0.00356	0.00356	0.00119	0.00554	0.00277	0.00158	0.00554
13	0.01003	0.87041	0.01966	0.00642	0.00963	0.01485	0.00642	0.01123	0.00762	0.00883	0.00522	0.00602	0.00481	0.00321	0.00241	0.00080	0.00401	0.00201	0.00160	0.00481
14	0.04759	0.01183	0.01072	0.00869	0.01129	0.20575	0.00702	0.56777	0.01505	0.01934	0.00842	0.00953	0.00644	0.00456	0.00382	0.00112	0.02056	0.03160	0.00323	0.00568
15	0.07696	0.00679	0.00826	0.00654	0.00910	0.00655	0.00532	0.15002	0.02524	0.48960	0.01273	0.01230	0.01887	0.02943	0.04348	0.00142	0.00354	0.00363	0.05359	0.03664
16	0.00888	0.00849	0.07002	0.08901	0.01396	0.02655	0.26039	0.05197	0.07288	0.09332	0.07584	0.05737	0.02136	0.00653	0.05978	0.00158	0.03895	0.03563	0.00269	0.00480
17	0.00710	0.02696	0.16845	0.00741	0.03281	0.00607	0.04791	0.07937	0.00810	0.02895	0.04420	0.11107	0.05194	0.24016	0.09492	0.00239	0.00454	0.03115	0.00255	0.00397
18	0.00487	0.00342	0.00426	0.00479	0.00499	0.00325	0.00307	0.00534	0.00674	0.00895	0.03269	0.54720	0.05262	0.28887	0.00940	0.00219	0.00263	0.00881	0.00310	0.00281
19	0.00921	0.45420	0.10316	0.00893	0.01217	0.02531	0.18803	0.02457	0.02796	0.01052	0.00732	0.04075	0.00644	0.00385	0.00330	0.00102	0.01434	0.01833	0.03574	0.00484
20	0.00708	0.02665	0.00980	0.13093	0.15730	0.00653	0.07687	0.05087	0.04886	0.01144	0.05545	0.30822	0.01445	0.02482	0.05191	0.00162	0.00396	0.00624	0.00272	0.00427
21	0.00895	0.19992	0.39635	0.00989	0.06603	0.00986	0.04059	0.05773	0.05360	0.03203	0.00723	0.00817	0.00551	0.00355	0.00331	0.00105	0.00464	0.00279	0.00199	0.08679
22	0.00639	0.00415	0.00604	0.00575	0.00630	0.00441	0.02824	0.02599	0.00633	0.02219	0.03754	0.02932	0.03639	0.08220	0.27875	0.34310	0.02813	0.02483	0.02114	0.00280

[dist]
# distance from previous block
# <min> <max>
0	13

[block]
# block no. 8 follows, 73 sequences, length 13
# corresponding to MSA columns:
# 247-259
name=unknown_I
#
# <colnr> <probs for GDERKNQSTAVLIFYWHMCP>
#	G	D	E	R	K	N	Q	S	T	A	V	L	I	F	Y	W	H	M	C	P
0	0.00542	0.00407	0.00502	0.00546	0.00624	0.00390	0.00411	0.04061	0.03365	0.01099	0.05008	0.42268	0.20372	0.01033	0.00471	0.00147	0.00247	0.17815	0.00352	0.00340
1	0.04067	0.26074	0.20035	0.00898	0.01238	0.20348	0.07133	0.07064	0.02689	0.06165	0.00692	0.00771	0.00537	0.00366	0.00325	0.00103	0.00506	0.00271	0.00210	0.00509
2	0.00724	0.01992	0.04712	0.00599	0.00716	0.02494	0.00469	0.02335	0.12696	0.06220	0.03898	0.07611	0.10752	0.26906	0.08721	0.00244	0.05821	0.02425	0.00285	0.00380
3	0.00485	0.00356	0.00461	0.00530	0.00582	0.00332	0.00386	0.00579	0.00779	0.01018	0.05507	0.55605	0.14842	0.01100	0.00479	0.00151	0.00235	0.15905	0.00350	0.00316
4	0.00576	0.00423	0.00497	0.00481	0.00598	0.00391	0.00366	0.00777	0.06998	0.04944	0.33736	0.09040	0.33995	0.00848	0.00442	0.00127	0.00208	0.04806	0.00380	0.00366
5	0.03279	0.09828	0.07113	0.00738	0.02022	0.04600	0.04255	0.11606	0.05969	0.08176	0.02905	0.00996	0.03339	0.00381	0.00326	0.00090	0.00363	0.00304	0.00266	0.33442
6	0.00971	0.00977	0.06142	0.13326	0.19645	0.09491	0.09572	0.12007	0.07812	0.02825	0.00915	0.03643	0.02178	0.00431	0.00408	0.00118	0.03707	0.00373	0.04946	0.00514
7	0.00521	0.00357	0.00426	0.00452	0.00467	0.00349	0.00280	0.00553	0.00625	0.00831	0.03456	0.25172	0.03874	0.56037	0.01396	0.00287	0.00315	0.04073	0.00272	0.00258
8	0.00471	0.00350	0.00436	0.00495	0.00547	0.00321	0.00347	0.00552	0.00763	0.00988	0.04730	0.54832	0.21594	0.04958	0.00537	0.00156	0.00226	0.07043	0.00344	0.00308
9	0.05883	0.03029	0.17335	0.03787	0.20710	0.02865	0.09661	0.09354	0.08295	0.04962	0.00867	0.03694	0.00698	0.00466	0.01924	0.00129	0.04253	0.01313	0.00237	0.00537
10	0.00498	0.00356	0.00449	0.00488	0.00523	0.00345	0.00328	0.00565	0.00700	0.00935	0.08001	0.39539	0.08732	0.25519	0.08476	0.00249	0.00328	0.03372	0.00306	0.00291
11	0.00666	0.00487	0.00574	0.00577	0.00701	0.00487	0.00458	0.03671	0.14385	0.04489	0.06522	0.14578	0.23088	0.00864	0.00445	0.00140	0.00264	0.22691	0.04520	0.00395
12	0.03269	0.07243	0.08700	0.03376	0.04151	0.04609	0.13420	0.17889	0.07388	0.11302	0.06324	0.03070	0.03421	0.00469	0.00380	0.00116	0.00422	0.02421	0.00297	0.01733

[dist]
# distance from previous block
# <min> <max>
2	6

[block]
# block no. 9 follows, 73 sequences, length 23
# corresponding to MSA columns:
# 269-291
name=unknown_J
#
# <colnr> <probs for GDERKNQSTAVLIFYWHMCP>
#	G	D	E	R	K	N	Q	S	T	A	V	L	I	F	Y	W	H	M	C	P
0	0.02494	0.07258	0.02548	0.02105	0.01783	0.14718	0.00676	0.39247	0.12539	0.04556	0.01029	0.02675	0.03597	0.00461	0.00360	0.00110	0.00423	0.00349	0.00318	0.02754
1	0.05637	0.02600	0.02914	0.00677	0.00933	0.07592	0.00557	0.09859	0.06926	0.20853	0.02590	0.01942	0.04854	0.03171	0.00427	0.00111	0.03596	0.01740	0.00312	0.22710
2	0.02039	0.01381	0.02516	0.04353	0.37145	0.00753	0.07845	0.05429	0.05735	0.02599	0.10596	0.03758	0.11891	0.00503	0.00394	0.00117	0.00379	0.00462	0.00263	0.01843
3	0.00524	0.00428	0.00498	0.00519	0.03734	0.02067	0.00368	0.00659	0.00941	0.01230	0.37801	0.06962	0.38894	0.00850	0.00442	0.00124	0.00210	0.03037	0.00367	0.00346
4	0.00747	0.00708	0.01197	0.62634	0.19891	0.00825	0.02626	0.00985	0.00780	0.01023	0.00818	0.01103	0.04306	0.00391	0.00379	0.00122	0.00477	0.00356	0.00179	0.00452
5	0.03164	0.00739	0.00917	0.00749	0.03462	0.00719	0.00595	0.24245	0.01237	0.50094	0.04480	0.01320	0.03068	0.00488	0.00379	0.00116	0.00338	0.01816	0.01468	0.00605
6	0.05256	0.02822	0.34856	0.08568	0.04335	0.04637	0.12094	0.03973	0.01496	0.03081	0.00838	0.07143	0.00708	0.02548	0.05882	0.00157	0.00534	0.00377	0.00204	0.00488
7	0.01427	0.00764	0.00910	0.00712	0.00975	0.00768	0.00580	0.32439	0.03534	0.40781	0.05147	0.01262	0.00967	0.03898	0.00436	0.00124	0.00343	0.00383	0.03955	0.00596
8	0.00466	0.00369	0.00419	0.00431	0.00527	0.00322	0.00314	0.00572	0.00871	0.01110	0.21206	0.21382	0.48766	0.00958	0.00451	0.00130	0.00193	0.00826	0.00363	0.00322
9	0.03106	0.00821	0.01102	0.01337	0.32280	0.06423	0.00800	0.02635	0.08267	0.06471	0.00923	0.05723	0.00841	0.09133	0.00693	0.00151	0.16693	0.01872	0.00238	0.00491
10	0.00748	0.00396	0.00401	0.00384	0.00486	0.00404	0.00292	0.06371	0.00852	0.01463	0.01202	0.01365	0.00940	0.00438	0.00270	0.00089	0.00191	0.00349	0.82989	0.00369
11	0.00467	0.00359	0.00425	0.00469	0.00540	0.00322	0.00335	0.00553	0.00792	0.01006	0.06067	0.41299	0.35984	0.03820	0.00512	0.00149	0.00217	0.06028	0.00347	0.00312
12	0.01314	0.01623	0.01002	0.00911	0.01097	0.74631	0.00684	0.01436	0.02668	0.02113	0.06841	0.00912	0.02332	0.00429	0.00349	0.00100	0.00618	0.00290	0.00220	0.00433
13	0.00828	0.00819	0.01404	0.01081	0.01300	0.04488	0.38759	0.02401	0.06692	0.01159	0.00928	0.04147	0.00798	0.07475	0.05561	0.00172	0.10078	0.00434	0.11035	0.00442
14	0.03207	0.00385	0.00431	0.00426	0.00492	0.00365	0.00286	0.00643	0.00746	0.03253	0.14873	0.08803	0.20920	0.35896	0.01023	0.00220	0.00266	0.00633	0.06835	0.00299
15	0.00497	0.00381	0.00419	0.00419	0.00529	0.00329	0.00308	0.00599	0.00866	0.03561	0.14784	0.13098	0.58414	0.03497	0.00489	0.00135	0.00200	0.00788	0.00357	0.00327
16	0.00842	0.01746	0.05307	0.04408	0.03083	0.06807	0.04286	0.01040	0.03649	0.07364	0.01075	0.14430	0.03597	0.00482	0.00348	0.00094	0.00345	0.00413	0.00259	0.40425
17	0.00501	0.00369	0.00479	0.02069	0.00609	0.00353	0.00379	0.01719	0.02605	0.01079	0.13756	0.60708	0.08188	0.01057	0.00468	0.00145	0.00225	0.04608	0.00355	0.00327
18	0.11713	0.03807	0.06910	0.04421	0.22188	0.06786	0.29975	0.04877	0.00884	0.01277	0.00731	0.00982	0.00589	0.00362	0.00377	0.00118	0.00512	0.02776	0.00203	0.00511
19	0.01118	0.00876	0.00908	0.00755	0.00992	0.04932	0.00601	0.32531	0.30776	0.04822	0.04928	0.03472	0.01014	0.00492	0.00370	0.00114	0.00345	0.00394	0.04871	0.05687
20	0.00945	0.00998	0.01852	0.04568	0.01743	0.04281	0.58088	0.09863	0.00961	0.01296	0.00746	0.00960	0.00567	0.00344	0.00442	0.00119	0.03486	0.00397	0.00211	0.08137
21	0.01230	0.00866	0.03936	0.00763	0.01013	0.00893	0.00637	0.44131	0.07437	0.14866	0.01123	0.03998	0.01791	0.02199	0.06087	0.00153	0.02421	0.00386	0.05502	0.00567
22	0.00597	0.00392	0.00470	0.00472	0.00529	0.00374	0.00318	0.00687	0.02949	0.06245	0.12260	0.20198	0.11662	0.37416	0.01070	0.00232	0.00284	0.03222	0.00313	0.00310

[dist]
# distance from previous block
# <min> <max>
0	2

[block]
# block no. 10 follows, 73 sequences, length 16
# corresponding to MSA columns:
# 294-309
name=unknown_K
#
# <colnr> <probs for GDERKNQSTAVLIFYWHMCP>
#	G	D	E	R	K	N	Q	S	T	A	V	L	I	F	Y	W	H	M	C	P
0	0.00824	0.00796	0.01061	0.14689	0.17979	0.08098	0.01797	0.04405	0.00785	0.01053	0.03176	0.03239	0.04455	0.05868	0.08701	0.00189	0.21850	0.00392	0.00207	0.00435
1	0.00497	0.00384	0.00492	0.00507	0.00594	0.00343	0.03259	0.00593	0.00807	0.02571	0.06418	0.41615	0.36096	0.01017	0.00461	0.00139	0.00225	0.03310	0.00348	0.00326
2	0.00986	0.72401	0.09089	0.00694	0.01021	0.05659	0.00705	0.01133	0.00775	0.00911	0.00554	0.00651	0.00496	0.00411	0.03104	0.00102	0.00449	0.00216	0.00163	0.00481
3	0.00966	0.10637	0.29153	0.04899	0.02702	0.02167	0.10912	0.07329	0.07925	0.10697	0.02362	0.03442	0.00724	0.00418	0.00388	0.00116	0.02686	0.00351	0.00244	0.01880
4	0.00524	0.00375	0.00474	0.00480	0.00520	0.00387	0.00325	0.00590	0.00632	0.00855	0.05144	0.09465	0.09480	0.40710	0.28016	0.00388	0.00529	0.00574	0.00249	0.00282
5	0.00475	0.00339	0.00456	0.00543	0.00572	0.00320	0.00379	0.00553	0.00736	0.00978	0.02058	0.76615	0.02442	0.01159	0.00484	0.00155	0.00233	0.10846	0.00348	0.00310
6	0.03475	0.04024	0.12048	0.01041	0.03803	0.10692	0.17836	0.19345	0.08164	0.13536	0.00910	0.00963	0.00656	0.00402	0.00384	0.00116	0.01420	0.00345	0.00283	0.00558
7	0.03579	0.02432	0.00990	0.13104	0.14185	0.19064	0.02563	0.04484	0.05605	0.08136	0.04826	0.02970	0.12540	0.00500	0.00373	0.00114	0.00422	0.00412	0.03233	0.00468
8	0.00460	0.00346	0.00427	0.00480	0.00536	0.00312	0.00332	0.00543	0.00786	0.01022	0.09980	0.56822	0.24435	0.01078	0.00466	0.00142	0.00207	0.00958	0.00354	0.00312
9	0.00541	0.00366	0.00417	0.00417	0.00425	0.00367	0.00241	0.00551	0.00561	0.00746	0.01280	0.02457	0.04709	0.79489	0.05667	0.00365	0.00386	0.00549	0.00231	0.00236
10	0.05843	0.02690	0.07217	0.08142	0.01348	0.10377	0.17574	0.11392	0.11383	0.06472	0.04573	0.01117	0.02263	0.00541	0.04295	0.00141	0.03494	0.00372	0.00264	0.00502
11	0.00481	0.00354	0.00470	0.00542	0.00568	0.00347	0.00374	0.00551	0.00718	0.00958	0.02020	0.74630	0.04495	0.03590	0.00551	0.00159	0.03712	0.04833	0.00337	0.00309
12	0.01555	0.00663	0.00857	0.00670	0.00944	0.00610	0.00549	0.07215	0.07388	0.68329	0.01431	0.01268	0.00928	0.00465	0.00371	0.00115	0.00316	0.00377	0.05330	0.00619
13	0.08371	0.00950	0.02847	0.01094	0.04279	0.04104	0.28437	0.16908	0.17019	0.06147	0.02447	0.01130	0.00783	0.00422	0.00400	0.00122	0.01487	0.02224	0.00287	0.00541
14	0.01092	0.33973	0.05129	0.00834	0.01111	0.19368	0.06685	0.10143	0.07995	0.02619	0.02120	0.00896	0.03015	0.00404	0.00350	0.00102	0.03146	0.00296	0.00226	0.00497
15	0.02197	0.19905	0.12839	0.00880	0.03038	0.14385	0.05202	0.14264	0.06049	0.01296	0.01644	0.00864	0.00617	0.00387	0.00356	0.00101	0.03045	0.01306	0.00229	0.11397

[dist]
# distance from previous block
# <min> <max>
0	17

[block]
# block no. 11 follows, 73 sequences, length 41
# corresponding to MSA columns:
# 327-367
name=unknown_L
#
# <colnr> <probs for GDERKNQSTAVLIFYWHMCP>
#	G	D	E	R	K	N	Q	S	T	A	V	L	I	F	Y	W	H	M	C	P
0	0.02953	0.43059	0.01474	0.00744	0.01011	0.15187	0.00654	0.17502	0.02277	0.03870	0.00677	0.00775	0.00565	0.02624	0.00375	0.00103	0.04067	0.00260	0.01325	0.00499
1	0.06447	0.20342	0.12590	0.02031	0.01068	0.08150	0.00703	0.14618	0.06094	0.04082	0.02623	0.00891	0.00667	0.00474	0.03387	0.00117	0.01594	0.00286	0.03159	0.10677
2	0.03668	0.05608	0.20061	0.03435	0.08368	0.04143	0.04411	0.12677	0.00955	0.06044	0.03985	0.18879	0.04090	0.00577	0.00386	0.00121	0.00403	0.00494	0.00270	0.01427
3	0.00528	0.00399	0.00490	0.00475	0.00570	0.00372	0.00353	0.00724	0.05279	0.01360	0.56465	0.11703	0.18221	0.00830	0.00443	0.00124	0.00190	0.00727	0.00393	0.00354
4	0.00752	0.00719	0.01222	0.59630	0.11241	0.00833	0.08784	0.01048	0.05796	0.01060	0.02410	0.01126	0.02980	0.00397	0.00385	0.00124	0.00480	0.00369	0.00194	0.00451
5	0.03777	0.00827	0.06522	0.11953	0.22502	0.00789	0.07945	0.08574	0.08995	0.05323	0.04397	0.03785	0.09467	0.01527	0.01871	0.00131	0.00413	0.00431	0.00264	0.00507
6	0.01125	0.01320	0.04136	0.01313	0.05631	0.33220	0.39746	0.04031	0.00984	0.03825	0.00713	0.00878	0.00549	0.00354	0.00392	0.00113	0.00621	0.00350	0.00205	0.00493
7	0.00472	0.00375	0.00424	0.00425	0.00528	0.00327	0.00314	0.00589	0.00902	0.01157	0.28277	0.13193	0.49850	0.00921	0.00447	0.00127	0.00189	0.00790	0.00368	0.00327
8	0.00786	0.00375	0.00395	0.00378	0.00483	0.00367	0.00288	0.00958	0.00812	0.08707	0.01246	0.01388	0.00959	0.00439	0.00272	0.00090	0.00188	0.00352	0.81142	0.00375
9	0.00874	0.00698	0.00803	0.02618	0.00917	0.02591	0.04278	0.11736	0.28495	0.06886	0.09140	0.02941	0.23678	0.00635	0.00420	0.00124	0.01789	0.00532	0.00358	0.00489
10	0.01379	0.00699	0.00844	0.00669	0.00924	0.00680	0.00548	0.23729	0.02081	0.44659	0.01551	0.01493	0.09344	0.00522	0.00378	0.00116	0.00321	0.02364	0.07122	0.00576
11	0.00529	0.00358	0.00422	0.00438	0.00445	0.00357	0.00259	0.00546	0.00580	0.00776	0.01341	0.18202	0.01557	0.67511	0.04852	0.00333	0.00361	0.00638	0.00249	0.00246
12	0.02695	0.00662	0.00808	0.00716	0.02764	0.00689	0.03528	0.15983	0.19433	0.12164	0.18078	0.13536	0.03223	0.00630	0.00402	0.00123	0.00295	0.00543	0.03231	0.00499
13	0.10117	0.03797	0.09031	0.02225	0.01019	0.13026	0.03468	0.13701	0.07464	0.05439	0.01957	0.12353	0.03472	0.01898	0.02270	0.01949	0.01304	0.04762	0.00283	0.00464
14	0.00477	0.00387	0.00420	0.00447	0.00528	0.01922	0.00315	0.00560	0.00802	0.00998	0.06935	0.32286	0.44889	0.06608	0.00549	0.00150	0.00220	0.00855	0.00341	0.00311
15	0.00469	0.00335	0.00444	0.00525	0.00553	0.00314	0.00358	0.00541	0.00733	0.00975	0.03961	0.76767	0.03962	0.03099	0.00512	0.00157	0.00226	0.05414	0.00347	0.00307
16	0.00855	0.19377	0.55257	0.02899	0.02467	0.03506	0.05875	0.02590	0.00819	0.02129	0.00658	0.00776	0.00492	0.00351	0.00338	0.00111	0.00523	0.00274	0.00170	0.00533
17	0.00912	0.00626	0.01630	0.00719	0.06188	0.02826	0.01918	0.03236	0.16435	0.16308	0.08279	0.01760	0.01275	0.29280	0.01963	0.00206	0.02408	0.00459	0.03134	0.00439
18	0.00737	0.03504	0.01079	0.67958	0.03819	0.02678	0.00929	0.02198	0.00749	0.00951	0.00709	0.01057	0.01355	0.03044	0.00505	0.07341	0.00477	0.00337	0.00174	0.00399
19	0.00880	0.00680	0.00845	0.02065	0.00964	0.00534	0.03188	0.02008	0.00823	0.09765	0.00756	0.00842	0.00594	0.00302	0.00296	0.00066	0.00299	0.00249	0.00247	0.74599
20	0.00984	0.70237	0.10024	0.00699	0.01035	0.02644	0.02311	0.01139	0.00785	0.03435	0.00679	0.00749	0.03254	0.00350	0.00268	0.00088	0.00416	0.00238	0.00177	0.00488
21	0.00920	0.00890	0.01426	0.04605	0.72701	0.03400	0.01079	0.01175	0.04780	0.01217	0.00846	0.01038	0.03505	0.00367	0.00374	0.00113	0.00438	0.00352	0.00200	0.00575
22	0.00458	0.00336	0.00432	0.00507	0.00544	0.00309	0.00345	0.00530	0.00739	0.00968	0.02291	0.74123	0.13099	0.01143	0.00475	0.00149	0.00217	0.02679	0.00348	0.00307
23	0.00690	0.00469	0.00615	0.00575	0.00703	0.00447	0.03139	0.04706	0.03102	0.09702	0.21446	0.16290	0.20214	0.00969	0.05962	0.00163	0.00303	0.09755	0.00362	0.00389
24	0.04151	0.15419	0.01050	0.00651	0.00955	0.06430	0.03222	0.03701	0.02430	0.09605	0.03619	0.00878	0.00687	0.00342	0.00300	0.00078	0.00343	0.00265	0.00248	0.45626
25	0.00894	0.00947	0.01185	0.01008	0.01053	0.11801	0.05026	0.00990	0.00653	0.00920	0.00525	0.00822	0.00502	0.00636	0.02287	0.00160	0.69681	0.00324	0.00170	0.00417
26	0.00488	0.00342	0.00457	0.00533	0.00566	0.00323	0.00374	0.00553	0.00726	0.00958	0.02037	0.66008	0.06156	0.02122	0.00562	0.05936	0.00241	0.10982	0.00335	0.00300
27	0.05680	0.33265	0.10884	0.02230	0.01176	0.08280	0.07383	0.15905	0.01821	0.04064	0.01782	0.00790	0.00577	0.00366	0.00314	0.00099	0.00446	0.00275	0.00226	0.04434
28	0.86042	0.00712	0.00546	0.00490	0.00713	0.00823	0.00399	0.01081	0.00635	0.01646	0.00548	0.00681	0.00443	0.03677	0.00297	0.00126	0.00293	0.00216	0.00232	0.00399
29	0.00489	0.00375	0.00437	0.00434	0.00532	0.00332	0.00321	0.00618	0.00927	0.01228	0.37961	0.11918	0.39031	0.00882	0.00442	0.00125	0.00187	0.00761	0.02670	0.00332
30	0.00498	0.00387	0.00455	0.00448	0.00551	0.00347	0.00336	0.00648	0.02373	0.01248	0.40477	0.08819	0.37730	0.00877	0.00447	0.00126	0.00193	0.03323	0.00378	0.00339
31	0.05374	0.02257	0.01387	0.01087	0.01339	0.28400	0.25368	0.15320	0.03698	0.01305	0.00725	0.00876	0.00571	0.00491	0.03709	0.00135	0.06908	0.00334	0.00229	0.00490
32	0.00548	0.00378	0.00497	0.00497	0.00526	0.00406	0.00337	0.00595	0.00566	0.00784	0.01072	0.01949	0.01135	0.45273	0.37616	0.06232	0.00636	0.00470	0.00212	0.00269
33	0.02409	0.00449	0.00525	0.00511	0.00631	0.00448	0.00413	0.04797	0.02721	0.08665	0.09981	0.02201	0.01502	0.00623	0.00362	0.00117	0.00246	0.20722	0.42282	0.00394
34	0.04549	0.00382	0.00462	0.00515	0.00575	0.00370	0.00360	0.00650	0.05168	0.01072	0.06903	0.60563	0.11938	0.01037	0.00453	0.00144	0.00221	0.02464	0.01842	0.00331
