[name]
unknown

[dist]
# distance from previous block
# <min> <max>
0	30

[block]
# block no. 0 follows, 72 sequences, length 180
# corresponding to MSA columns:
# 30-209
name=unknown_A
#
# <colnr> <probs for GDERKNQSTAVLIFYWHMCP>
#	G	D	E	R	K	N	Q	S	T	A	V	L	I	F	Y	W	H	M	C	P
0	0.00611	0.00437	0.00611	0.00698	0.00786	0.00437	0.00611	0.00786	0.00873	0.01135	0.02008	0.04278	0.02183	0.01048	0.00524	0.00175	0.00349	0.81753	0.00349	0.00349
1	0.01432	0.01058	0.01133	0.00871	0.01173	0.01172	0.00719	0.81538	0.03301	0.02375	0.00922	0.00920	0.00654	0.00456	0.00380	0.00114	0.00415	0.00343	0.00380	0.00644
2	0.00744	0.00702	0.01187	0.75484	0.12674	0.00850	0.01067	0.00993	0.00771	0.01002	0.00679	0.01002	0.00517	0.00374	0.00379	0.00125	0.00499	0.00337	0.00171	0.00443
3	0.00576	0.00431	0.00540	0.00505	0.00608	0.00416	0.00381	0.00844	0.09376	0.01519	0.74442	0.02704	0.04697	0.00752	0.00441	0.00120	0.00191	0.00662	0.00413	0.00382
4	0.89350	0.00733	0.00557	0.00499	0.00733	0.00851	0.00411	0.01115	0.00645	0.01702	0.00528	0.00616	0.00411	0.00352	0.00235	0.00117	0.00293	0.00205	0.00235	0.00411
5	0.00544	0.00404	0.00509	0.00482	0.00579	0.00377	0.00362	0.00750	0.04442	0.01468	0.71848	0.04811	0.10414	0.00790	0.00446	0.00121	0.00186	0.00694	0.00409	0.00363
6	0.00480	0.00343	0.00460	0.00548	0.00578	0.00323	0.00383	0.00558	0.00743	0.00988	0.02081	0.76750	0.02470	0.01172	0.00489	0.00156	0.00235	0.10579	0.00352	0.00313
7	0.00816	0.00469	0.00609	0.00537	0.00679	0.00435	0.00416	0.01039	0.05841	0.19729	0.61232	0.02413	0.02860	0.00693	0.00429	0.00119	0.00217	0.00604	0.00427	0.00435
8	0.00482	0.00345	0.00463	0.00551	0.00582	0.00326	0.00387	0.00563	0.00746	0.00991	0.02079	0.75202	0.02464	0.01169	0.00490	0.00157	0.00238	0.12099	0.00352	0.00314
9	0.89350	0.00733	0.00557	0.00499	0.00733	0.00851	0.00411	0.01115	0.00645	0.01702	0.00528	0.00616	0.00411	0.00352	0.00235	0.00117	0.00293	0.00205	0.00235	0.00411
10	0.00786	0.00674	0.00786	0.00562	0.00899	0.00506	0.00449	0.00955	0.00786	0.01236	0.00674	0.00786	0.00562	0.00281	0.00281	0.00056	0.00281	0.00225	0.00225	0.88990
11	0.01702	0.00645	0.00880	0.00675	0.00968	0.00557	0.00557	0.01848	0.01085	0.84568	0.01496	0.01291	0.00939	0.00469	0.00381	0.00117	0.00323	0.00381	0.00469	0.00645
12	0.89350	0.00733	0.00557	0.00499	0.00733	0.00851	0.00411	0.01115	0.00645	0.01702	0.00528	0.00616	0.00411	0.00352	0.00235	0.00117	0.00293	0.00205	0.00235	0.00411
13	0.01169	0.00533	0.00713	0.00587	0.00788	0.00474	0.00469	0.02274	0.01088	0.45856	0.39051	0.01988	0.02136	0.00608	0.00411	0.00118	0.00258	0.00519	0.00445	0.00515
14	0.89350	0.00733	0.00557	0.00499	0.00733	0.00851	0.00411	0.01115	0.00645	0.01702	0.00528	0.00616	0.00411	0.00352	0.00235	0.00117	0.00293	0.00205	0.00235	0.00411
15	0.00939	0.00901	0.01539	0.02328	0.84306	0.00901	0.01164	0.01164	0.00864	0.01239	0.00713	0.00939	0.00601	0.00338	0.00375	0.00113	0.00451	0.00338	0.00188	0.00601
16	0.01337	0.01010	0.01079	0.00852	0.01136	0.01127	0.00696	0.66085	0.18909	0.02222	0.01043	0.01016	0.00752	0.00468	0.00381	0.00117	0.00393	0.00360	0.00381	0.00636
17	0.00960	0.00823	0.00867	0.00775	0.00993	0.00951	0.00604	0.04805	0.80803	0.01614	0.01522	0.01398	0.01140	0.00512	0.00386	0.00128	0.00304	0.00426	0.00386	0.00602
18	0.00552	0.00368	0.00414	0.00414	0.00414	0.00368	0.00230	0.00552	0.00552	0.00735	0.01195	0.02482	0.01379	0.86672	0.01930	0.00368	0.00368	0.00552	0.00230	0.00230
19	0.00717	0.00374	0.00376	0.00372	0.00466	0.00380	0.00280	0.00934	0.04486	0.01422	0.01251	0.01414	0.00980	0.00445	0.00270	0.00090	0.00182	0.00357	0.84839	0.00364
20	0.01417	0.01765	0.01067	0.00967	0.01165	0.81915	0.00727	0.01529	0.02194	0.03006	0.00622	0.00709	0.00509	0.00394	0.00344	0.00099	0.00670	0.00250	0.00205	0.00447
21	0.04632	0.01033	0.04024	0.00843	0.01152	0.01081	0.00714	0.67624	0.01625	0.12013	0.00958	0.00941	0.00665	0.00450	0.00374	0.00115	0.00407	0.00339	0.00377	0.00634
22	0.00471	0.00375	0.00426	0.00459	0.00552	0.00330	0.00341	0.00568	0.00831	0.01031	0.04944	0.26769	0.51217	0.01029	0.00466	0.00140	0.00216	0.09164	0.00353	0.00321
23	0.00470	0.00386	0.00416	0.00417	0.00534	0.00331	0.00315	0.00583	0.00897	0.01112	0.17274	0.05586	0.65050	0.00939	0.00452	0.00129	0.00197	0.04221	0.00363	0.00327
24	0.04465	0.00992	0.01010	0.00811	0.01080	0.09699	0.00657	0.41283	0.12008	0.20021	0.01070	0.01034	0.00754	0.00498	0.01814	0.00124	0.01359	0.00348	0.00370	0.00602
25	0.00758	0.00728	0.00978	0.00869	0.00898	0.04110	0.00710	0.00858	0.00609	0.00903	0.00671	0.01040	0.00645	0.01367	0.28662	0.00308	0.54964	0.00353	0.00179	0.00391
26	0.00582	0.00423	0.00573	0.00650	0.00738	0.00414	0.00556	0.00740	0.00862	0.01111	0.02231	0.09547	0.11927	0.01046	0.00512	0.00168	0.00322	0.66903	0.00350	0.00343
27	0.00902	0.01067	0.05605	0.01502	0.01865	0.03161	0.70558	0.01239	0.04008	0.01207	0.00776	0.01011	0.00588	0.00346	0.00474	0.00128	0.04427	0.00429	0.00197	0.00511
28	0.01250	0.00977	0.01118	0.00889	0.01166	0.03404	0.07167	0.43457	0.28322	0.06479	0.01128	0.01098	0.00818	0.00463	0.00386	0.00119	0.00399	0.00378	0.00366	0.00614
29	0.00593	0.00571	0.00558	0.00516	0.00654	0.10002	0.03476	0.00715	0.00932	0.01122	0.19711	0.03047	0.55058	0.00834	0.00436	0.00123	0.00262	0.00700	0.00342	0.00349
30	0.79444	0.00845	0.00717	0.00672	0.03759	0.00939	0.00511	0.06149	0.00804	0.01834	0.00684	0.00818	0.00550	0.00439	0.00304	0.00139	0.00350	0.00261	0.00283	0.00496
31	0.00716	0.00674	0.01138	0.85760	0.02612	0.00843	0.01053	0.00969	0.00758	0.00969	0.00674	0.01011	0.00506	0.00379	0.00379	0.00126	0.00506	0.00337	0.00169	0.00421
32	0.00771	0.00711	0.01125	0.71295	0.02360	0.00868	0.02507	0.03949	0.10501	0.01095	0.00786	0.01055	0.00588	0.00397	0.00381	0.00126	0.00481	0.00350	0.00202	0.00452
33	0.02606	0.00610	0.00811	0.00633	0.00900	0.00536	0.00519	0.01720	0.01044	0.73277	0.01453	0.01298	0.00937	0.00465	0.00365	0.00114	0.00304	0.00376	0.11426	0.00606
34	0.00872	0.00890	0.01127	0.00972	0.00990	0.07769	0.00802	0.00959	0.00627	0.00931	0.00531	0.00839	0.00514	0.00635	0.01139	0.00158	0.76257	0.00326	0.03248	0.00415
35	0.00451	0.00373	0.00396	0.00414	0.00520	0.00318	0.00301	0.00541	0.00836	0.01013	0.03485	0.20510	0.67522	0.01007	0.00456	0.00133	0.00198	0.00857	0.00352	0.00318
36	0.00526	0.00387	0.00492	0.00466	0.00560	0.00353	0.00349	0.00694	0.01047	0.01459	0.74105	0.02935	0.13618	0.00798	0.00447	0.00120	0.00181	0.00700	0.00409	0.00353
37	0.01417	0.01808	0.01075	0.00977	0.01172	0.85149	0.00733	0.01514	0.01075	0.00928	0.00586	0.00684	0.00489	0.00391	0.00342	0.00098	0.00684	0.00244	0.00195	0.00440
38	0.00465	0.00331	0.00439	0.00524	0.00545	0.00310	0.00347	0.00529	0.00720	0.00959	0.02056	0.83252	0.02466	0.04418	0.00539	0.00162	0.00226	0.01058	0.00347	0.00305
39	0.01014	0.86900	0.01987	0.00649	0.00973	0.01501	0.00649	0.01136	0.00771	0.00892	0.00527	0.00608	0.00487	0.00324	0.00243	0.00081	0.00406	0.00203	0.00162	0.00487
40	0.00786	0.00674	0.00786	0.00562	0.00899	0.00506	0.00449	0.00955	0.00786	0.01236	0.00674	0.00786	0.00562	0.00281	0.00281	0.00056	0.00281	0.00225	0.00225	0.88990
41	0.01702	0.00645	0.00880	0.00675	0.00968	0.00557	0.00557	0.01848	0.01085	0.84568	0.01496	0.01291	0.00939	0.00469	0.00381	0.00117	0.00323	0.00381	0.00469	0.00645
42	0.01702	0.00645	0.00880	0.00675	0.00968	0.00557	0.00557	0.01848	0.01085	0.84568	0.01496	0.01291	0.00939	0.00469	0.00381	0.00117	0.00323	0.00381	0.00469	0.00645
43	0.00815	0.12982	0.71293	0.01022	0.01540	0.03658	0.01282	0.01203	0.00806	0.01152	0.00658	0.00772	0.00481	0.00357	0.00345	0.00114	0.00544	0.00269	0.00162	0.00547
44	0.01004	0.00680	0.00859	0.00624	0.00953	0.00533	0.03341	0.01173	0.00860	0.20720	0.00870	0.00913	0.00650	0.00326	0.00310	0.00073	0.00303	0.00269	0.00281	0.65258
45	0.04844	0.00992	0.01051	0.04343	0.11581	0.11006	0.02105	0.19371	0.37462	0.01614	0.01098	0.01102	0.00830	0.00449	0.00372	0.00119	0.00404	0.00364	0.00319	0.00574
46	0.00848	0.08406	0.55761	0.01280	0.15278	0.02439	0.06886	0.01208	0.00825	0.02642	0.00692	0.00830	0.00516	0.00353	0.00360	0.00116	0.00534	0.00296	0.00173	0.00557
47	0.00543	0.00401	0.00585	0.00585	0.00644	0.00461	0.00443	0.00661	0.00602	0.00862	0.01039	0.01616	0.01003	0.13511	0.74577	0.00579	0.00933	0.00425	0.00207	0.00325
48	0.00816	0.01888	0.77882	0.01064	0.01603	0.00905	0.01346	0.07885	0.00881	0.01298	0.00699	0.00810	0.00494	0.00368	0.00362	0.00120	0.00549	0.00285	0.00178	0.00567
49	0.00552	0.00368	0.00414	0.00414	0.00414	0.00368	0.00230	0.00552	0.00552	0.00735	0.01195	0.02482	0.01379	0.86672	0.01930	0.00368	0.00368	0.00552	0.00230	0.00230
50	0.01051	0.00868	0.00918	0.00794	0.01027	0.00994	0.00626	0.19496	0.65964	0.01760	0.01407	0.01306	0.01047	0.00502	0.00384	0.00125	0.00325	0.00410	0.00384	0.00610
51	0.00477	0.00385	0.00424	0.00415	0.00530	0.00333	0.00311	0.00600	0.00933	0.01187	0.30150	0.03382	0.57742	0.00900	0.00448	0.00125	0.00188	0.00763	0.00374	0.00333
52	0.01014	0.86900	0.01987	0.00649	0.00973	0.01501	0.00649	0.01136	0.00771	0.00892	0.00527	0.00608	0.00487	0.00324	0.00243	0.00081	0.00406	0.00203	0.00162	0.00487
53	0.00452	0.00384	0.00390	0.00388	0.00515	0.00322	0.00291	0.00552	0.00874	0.01047	0.07429	0.03613	0.80551	0.00952	0.00448	0.00128	0.00192	0.00795	0.00355	0.00322
54	0.00746	0.00705	0.01192	0.74535	0.13603	0.00850	0.01068	0.00995	0.00772	0.01005	0.00679	0.01001	0.00518	0.00374	0.00379	0.00125	0.00498	0.00337	0.00171	0.00445
55	0.01010	0.81615	0.05657	0.00674	0.01007	0.02948	0.00684	0.01145	0.00777	0.00907	0.00535	0.00618	0.00486	0.00327	0.00250	0.00083	0.00417	0.00207	0.00163	0.00489
56	0.00462	0.00330	0.00440	0.00528	0.00550	0.00308	0.00352	0.00528	0.00726	0.00968	0.02090	0.86424	0.02508	0.01188	0.00484	0.00154	0.00220	0.01078	0.00352	0.00308
57	0.00452	0.00384	0.00389	0.00388	0.00514	0.00322	0.00291	0.00551	0.00872	0.01043	0.06875	0.03619	0.81107	0.00953	0.00448	0.00128	0.00192	0.00796	0.00355	0.00322
58	0.01442	0.01062	0.01138	0.00873	0.01176	0.01176	0.00721	0.83041	0.01783	0.02390	0.00911	0.00911	0.00645	0.00455	0.00379	0.00114	0.00417	0.00341	0.00379	0.00645
59	0.00468	0.00337	0.00444	0.00519	0.00550	0.00313	0.00350	0.00544	0.00760	0.01017	0.09054	0.76638	0.05309	0.01146	0.00480	0.00150	0.00216	0.01036	0.00358	0.00313
60	0.00908	0.20734	0.32416	0.01176	0.04440	0.02736	0.26439	0.04666	0.00872	0.01182	0.00682	0.00833	0.00523	0.00344	0.00362	0.00113	0.00543	0.00319	0.00181	0.00531
61	0.01006	0.84219	0.04598	0.00663	0.00994	0.01481	0.00673	0.01138	0.00772	0.00902	0.00532	0.00614	0.00486	0.00326	0.00247	0.00082	0.00410	0.00205	0.00162	0.00489
62	0.00622	0.00401	0.00518	0.00480	0.00581	0.00370	0.00363	0.00799	0.01052	0.06616	0.72482	0.02626	0.03210	0.00730	0.00429	0.00117	0.00188	0.00641	0.07401	0.00375
63	0.00667	0.00539	0.00860	0.00833	0.00970	0.00536	0.12649	0.00903	0.04563	0.01167	0.01806	0.03674	0.01902	0.00917	0.00507	0.00166	0.00389	0.66239	0.00328	0.00384
64	0.00797	0.14039	0.72945	0.01020	0.01546	0.00969	0.01294	0.01192	0.00796	0.01157	0.00659	0.00773	0.00481	0.00355	0.00344	0.00115	0.00538	0.00269	0.00160	0.00550
65	0.00803	0.01903	0.80972	0.01063	0.01611	0.00866	0.01364	0.01230	0.00813	0.04916	0.00717	0.00823	0.00501	0.00365	0.00361	0.00120	0.00550	0.00285	0.00174	0.00564
66	0.00525	0.00374	0.00508	0.00593	0.00641	0.00362	0.00453	0.00633	0.00780	0.01028	0.02030	0.50770	0.02343	0.03752	0.00544	0.00169	0.00277	0.33551	0.00347	0.00322
67	0.08443	0.20409	0.20356	0.00963	0.04917	0.20555	0.03722	0.07735	0.00912	0.01186	0.00621	0.00740	0.00501	0.00387	0.00393	0.00109	0.07091	0.00266	0.00195	0.00499
68	0.00470	0.00335	0.00446	0.00532	0.00556	0.00315	0.00359	0.00539	0.00728	0.00969	0.02065	0.81098	0.02468	0.03298	0.00521	0.00160	0.00229	0.04256	0.00349	0.00308
69	0.89350	0.00733	0.00557	0.00499	0.00733	0.00851	0.00411	0.01115	0.00645	0.01702	0.00528	0.00616	0.00411	0.00352	0.00235	0.00117	0.00293	0.00205	0.00235	0.00411
70	0.00786	0.00674	0.00786	0.00562	0.00899	0.00506	0.00449	0.00955	0.00786	0.01236	0.00674	0.00786	0.00562	0.00281	0.00281	0.00056	0.00281	0.00225	0.00225	0.88990
71	0.01417	0.01808	0.01075	0.00977	0.01172	0.85149	0.00733	0.01514	0.01075	0.00928	0.00586	0.00684	0.00489	0.00391	0.00342	0.00098	0.00684	0.00244	0.00195	0.00440
72	0.89350	0.00733	0.00557	0.00499	0.00733	0.00851	0.00411	0.01115	0.00645	0.01702	0.00528	0.00616	0.00411	0.00352	0.00235	0.00117	0.00293	0.00205	0.00235	0.00411
73	0.37794	0.00769	0.00801	0.00644	0.00915	0.00808	0.00531	0.18548	0.01050	0.33184	0.00974	0.00933	0.00659	0.00418	0.00320	0.00117	0.00330	0.00300	0.00354	0.00549
74	0.00462	0.00330	0.00440	0.00528	0.00550	0.00308	0.00352	0.00528	0.00726	0.00968	0.02090	0.86424	0.02508	0.01188	0.00484	0.00154	0.00220	0.01078	0.00352	0.00308
75	0.00486	0.00385	0.00439	0.00441	0.00548	0.00338	0.00333	0.00611	0.00921	0.01182	0.28735	0.08911	0.48804	0.00923	0.00455	0.00130	0.00199	0.05454	0.00372	0.00333
76	0.00542	0.00406	0.00606	0.00606	0.00673	0.00472	0.00470	0.00675	0.00609	0.00878	0.01019	0.01507	0.00955	0.04261	0.83762	0.00605	0.01005	0.00409	0.00204	0.00337
77	0.00707	0.00353	0.00353	0.00353	0.00442	0.00353	0.00265	0.00884	0.00795	0.01414	0.01237	0.01414	0.00972	0.00442	0.00265	0.00088	0.00177	0.00353	0.88777	0.00353
78	0.00551	0.00369	0.00421	0.00421	0.00424	0.00372	0.00239	0.00556	0.00554	0.00741	0.01188	0.02444	0.01363	0.83504	0.05076	0.00377	0.00392	0.00546	0.00229	0.00234
79	0.00761	0.01962	0.84707	0.01081	0.01641	0.00881	0.01401	0.01201	0.00801	0.01201	0.00681	0.00801	0.00480	0.00360	0.00360	0.00120	0.00560	0.00280	0.00160	0.00560
80	0.00546	0.00388	0.00517	0.00517	0.00552	0.00424	0.00358	0.00618	0.00582	0.00812	0.01101	0.01961	0.01153	0.42636	0.45656	0.00495	0.00708	0.00475	0.00216	0.00287
81	0.00462	0.00330	0.00440	0.00528	0.00550	0.00308	0.00352	0.00528	0.00726	0.00968	0.02090	0.86424	0.02508	0.01188	0.00484	0.00154	0.00220	0.01078	0.00352	0.00308
82	0.00495	0.00353	0.00478	0.00565	0.00602	0.00336	0.00409	0.00585	0.00758	0.01005	0.02072	0.68385	0.02437	0.01157	0.00493	0.00159	0.00248	0.18794	0.00351	0.00317
83	0.01102	0.10922	0.21864	0.01209	0.13447	0.34441	0.07330	0.03339	0.00947	0.01095	0.00644	0.00773	0.00513	0.00364	0.00350	0.00106	0.00579	0.00280	0.00186	0.00509
84	0.01402	0.01783	0.01077	0.00978	0.01168	0.83071	0.00735	0.01500	0.01063	0.00928	0.00584	0.00688	0.00489	0.00398	0.00364	0.00099	0.02794	0.00246	0.00195	0.00439
85	0.00467	0.00333	0.00445	0.00533	0.00557	0.00312	0.00360	0.00536	0.00731	0.00973	0.02088	0.83920	0.02498	0.01184	0.00485	0.00155	0.00224	0.03538	0.00352	0.00309
86	0.01014	0.86900	0.01987	0.00649	0.00973	0.01501	0.00649	0.01136	0.00771	0.00892	0.00527	0.00608	0.00487	0.00324	0.00243	0.00081	0.00406	0.00203	0.00162	0.00487
87	0.00659	0.00329	0.00494	0.00494	0.00494	0.00329	0.00329	0.00494	0.00494	0.00659	0.00659	0.01153	0.00659	0.01318	0.01482	0.88966	0.00329	0.00329	0.00165	0.00165
88	0.00462	0.00330	0.00440	0.00528	0.00550	0.00308	0.00352	0.00528	0.00726	0.00968	0.02090	0.86424	0.02508	0.01188	0.00484	0.00154	0.00220	0.01078	0.00352	0.00308
89	0.00994	0.76033	0.11089	0.00700	0.01051	0.01427	0.00733	0.02580	0.00792	0.00953	0.00551	0.00635	0.00489	0.00331	0.00259	0.00086	0.00423	0.00214	0.00166	0.00498
90	0.00770	0.04156	0.79371	0.01066	0.01599	0.00908	0.01360	0.01188	0.00792	0.01182	0.00670	0.00797	0.00481	0.00371	0.00391	0.00121	0.03784	0.00280	0.00160	0.00553
91	0.00800	0.01701	0.64248	0.01113	0.01608	0.02419	0.13476	0.01195	0.00842	0.02987	0.05488	0.00959	0.00682	0.00381	0.00378	0.00121	0.00548	0.00330	0.00187	0.00541
92	0.00455	0.00376	0.00400	0.00412	0.00521	0.00320	0.00302	0.00551	0.00853	0.01042	0.07875	0.16896	0.66713	0.00987	0.00454	0.00132	0.00196	0.00839	0.00356	0.00320
93	0.89350	0.00733	0.00557	0.00499	0.00733	0.00851	0.00411	0.01115	0.00645	0.01702	0.00528	0.00616	0.00411	0.00352	0.00235	0.00117	0.00293	0.00205	0.00235	0.00411
94	0.00995	0.79295	0.07258	0.00701	0.01042	0.01447	0.02804	0.01142	0.00776	0.00920	0.00543	0.00631	0.00489	0.00327	0.00256	0.00085	0.00421	0.00214	0.00163	0.00492
95	0.00543	0.00401	0.00584	0.00584	0.00643	0.00460	0.00442	0.00661	0.00602	0.00861	0.01039	0.01620	0.01004	0.13801	0.74289	0.00578	0.00931	0.00425	0.00207	0.00324
96	0.01295	0.10326	0.11500	0.00957	0.01211	0.66381	0.00807	0.01438	0.01011	0.00958	0.00592	0.00691	0.00487	0.00380	0.00334	0.00099	0.00641	0.00245	0.00188	0.00459
97	0.01013	0.77130	0.07949	0.00694	0.01030	0.05003	0.00707	0.01156	0.00786	0.00916	0.00541	0.00626	0.00486	0.00330	0.00256	0.00085	0.00429	0.00210	0.00163	0.00490
98	0.00794	0.13293	0.73672	0.01023	0.01552	0.00963	0.01301	0.01192	0.00797	0.01160	0.00660	0.00775	0.00481	0.00356	0.00345	0.00115	0.00540	0.00270	0.00160	0.00551
99	0.00543	0.00400	0.00579	0.00579	0.00636	0.00457	0.00436	0.00657	0.00600	0.00858	0.01044	0.01646	0.01016	0.16074	0.72032	0.00571	0.00914	0.00429	0.00207	0.00321
100	0.00469	0.00333	0.00438	0.00519	0.00539	0.00313	0.00342	0.00530	0.00712	0.00950	0.02020	0.79793	0.02419	0.07941	0.00598	0.00171	0.00232	0.01037	0.00342	0.00302
101	0.00449	0.00383	0.00386	0.00388	0.00513	0.00320	0.00290	0.00544	0.00861	0.01023	0.03800	0.05620	0.82209	0.00966	0.00449	0.00129	0.00193	0.00807	0.00352	0.00320
102	0.00538	0.00370	0.00410	0.00410	0.00426	0.00362	0.00237	0.00551	0.00591	0.00772	0.01531	0.02630	0.11887	0.75790	0.01742	0.00337	0.00345	0.00583	0.00245	0.00241
103	0.01014	0.86900	0.01987	0.00649	0.00973	0.01501	0.00649	0.01136	0.00771	0.00892	0.00527	0.00608	0.00487	0.00324	0.00243	0.00081	0.00406	0.00203	0.00162	0.00487
104	0.00685	0.00354	0.00367	0.00376	0.00459	0.00352	0.00281	0.00853	0.00792	0.01372	0.01324	0.08204	0.01125	0.00516	0.00289	0.00096	0.00185	0.02510	0.79511	0.00350
105	0.00786	0.00674	0.00786	0.00562	0.00899	0.00506	0.00449	0.00955	0.00786	0.01236	0.00674	0.00786	0.00562	0.00281	0.00281	0.00056	0.00281	0.00225	0.00225	0.88990
106	0.89350	0.00733	0.00557	0.00499	0.00733	0.00851	0.00411	0.01115	0.00645	0.01702	0.00528	0.00616	0.00411	0.00352	0.00235	0.00117	0.00293	0.00205	0.00235	0.00411
107	0.00895	0.01023	0.02238	0.01598	0.01982	0.00959	0.82928	0.01215	0.00895	0.01215	0.00767	0.01023	0.00575	0.00320	0.00448	0.00128	0.00639	0.00448	0.00192	0.00512
108	0.00452	0.00384	0.00389	0.00388	0.00515	0.00322	0.00291	0.00552	0.00873	0.01046	0.07246	0.03615	0.80735	0.00953	0.00448	0.00128	0.00192	0.00796	0.00355	0.00322
109	0.00761	0.01962	0.84707	0.01081	0.01641	0.00881	0.01401	0.01201	0.00801	0.01201	0.00681	0.00801	0.00480	0.00360	0.00360	0.00120	0.00560	0.00280	0.00160	0.00560
110	0.00462	0.00330	0.00440	0.00528	0.00550	0.00308	0.00352	0.00528	0.00726	0.00968	0.02090	0.86424	0.02508	0.01188	0.00484	0.00154	0.00220	0.01078	0.00352	0.00308
111	0.00542	0.00406	0.00610	0.00610	0.00677	0.00474	0.00474	0.00677	0.00610	0.00880	0.01016	0.01490	0.00948	0.02844	0.85169	0.00610	0.01016	0.00406	0.00203	0.00339
112	0.01059	0.01010	0.00914	0.00815	0.01031	0.16315	0.00632	0.06736	0.63706	0.01514	0.01331	0.01252	0.01005	0.00488	0.00378	0.00122	0.00377	0.00390	0.00351	0.00574
113	0.00830	0.00830	0.01162	0.00996	0.00996	0.01162	0.00830	0.00913	0.00581	0.00913	0.00498	0.00830	0.00498	0.00664	0.01245	0.00166	0.85977	0.00332	0.00166	0.00415
114	0.00483	0.00386	0.00436	0.00428	0.00536	0.00344	0.00319	0.00601	0.00888	0.01135	0.25011	0.03216	0.52876	0.04299	0.07197	0.00173	0.00260	0.00729	0.00353	0.00328
115	0.00836	0.00764	0.00809	0.00595	0.00920	0.07192	0.00472	0.00999	0.00809	0.01212	0.00667	0.00778	0.00556	0.00290	0.00286	0.00059	0.00313	0.00226	0.00222	0.81995
116	0.00584	0.00397	0.00506	0.00480	0.00581	0.00360	0.00359	0.00742	0.01020	0.06035	0.62578	0.09457	0.13838	0.00815	0.00447	0.00123	0.00192	0.00715	0.00407	0.00365
117	0.00471	0.00342	0.00445	0.00515	0.00553	0.00316	0.00352	0.00551	0.00772	0.01027	0.09876	0.70621	0.09052	0.01129	0.00479	0.00149	0.00216	0.02461	0.00358	0.00314
118	0.00786	0.00674	0.00786	0.00562	0.00899	0.00506	0.00449	0.00955	0.00786	0.01236	0.00674	0.00786	0.00562	0.00281	0.00281	0.00056	0.00281	0.00225	0.00225	0.88990
119	0.01045	0.00888	0.00943	0.10503	0.03815	0.11126	0.01470	0.06704	0.40651	0.09424	0.03548	0.03242	0.01059	0.00510	0.00388	0.00124	0.00384	0.03297	0.00336	0.00545
120	0.00453	0.00373	0.00398	0.00417	0.00521	0.00318	0.00303	0.00544	0.00838	0.01021	0.04879	0.21527	0.65084	0.01006	0.00456	0.00134	0.00198	0.00858	0.00353	0.00318
121	0.00657	0.00416	0.00537	0.00490	0.00606	0.00376	0.00374	0.00825	0.01056	0.10629	0.67721	0.02737	0.10595	0.00758	0.00440	0.00120	0.00196	0.00663	0.00417	0.00386
122	0.00879	0.00941	0.04287	0.35548	0.29696	0.08647	0.09665	0.01117	0.00833	0.01088	0.00684	0.00945	0.00542	0.00369	0.00408	0.00120	0.03217	0.00338	0.00180	0.00497
123	0.00797	0.00780	0.01092	0.00945	0.00951	0.01080	0.00781	0.00882	0.00582	0.00904	0.00563	0.00939	0.00564	0.03789	0.07898	0.00208	0.76326	0.00345	0.00171	0.00402
124	0.00462	0.00330	0.00440	0.00528	0.00550	0.00308	0.00352	0.00528	0.00726	0.00968	0.02090	0.86424	0.02508	0.01188	0.00484	0.00154	0.00220	0.01078	0.00352	0.00308
125	0.00900	0.00947	0.01841	0.09734	0.13358	0.00942	0.51790	0.02802	0.11250	0.01263	0.00851	0.01057	0.00646	0.00355	0.00422	0.00125	0.00554	0.00417	0.00217	0.00529
126	0.06839	0.05296	0.08205	0.04197	0.01356	0.10823	0.24563	0.04925	0.16039	0.01270	0.00983	0.03270	0.02717	0.00615	0.07081	0.00159	0.00535	0.00391	0.00243	0.00494
127	0.01069	0.01039	0.01752	0.01298	0.01607	0.06017	0.47786	0.18262	0.01886	0.05128	0.00798	0.00975	0.00599	0.00397	0.00508	0.00127	0.09581	0.00398	0.00243	0.00532
128	0.00493	0.00362	0.00488	0.00565	0.00592	0.00358	0.00398	0.00570	0.00734	0.00982	0.02012	0.74794	0.02388	0.01151	0.00522	0.00157	0.04053	0.08721	0.00343	0.00317
129	0.13859	0.01633	0.01003	0.00908	0.01108	0.71048	0.00688	0.02515	0.01017	0.01057	0.00581	0.00679	0.00480	0.00390	0.00339	0.00102	0.01710	0.00241	0.00203	0.00438
130	0.00546	0.00373	0.00427	0.00431	0.00447	0.00371	0.00260	0.00566	0.00593	0.00781	0.01434	0.02620	0.07939	0.73172	0.04644	0.00349	0.00376	0.04184	0.00244	0.00246
131	0.01357	0.01340	0.01121	0.07732	0.01297	0.36522	0.01836	0.39661	0.02774	0.01631	0.00764	0.00833	0.00576	0.00421	0.00365	0.00108	0.00538	0.00303	0.00283	0.00538
132	0.00471	0.00336	0.00450	0.00538	0.00564	0.00316	0.00367	0.00543	0.00735	0.00978	0.02085	0.81550	0.02489	0.01180	0.00486	0.00155	0.00228	0.05865	0.00352	0.00310
133	0.00707	0.00353	0.00353	0.00353	0.00442	0.00353	0.00265	0.00884	0.00795	0.01414	0.01237	0.01414	0.00972	0.00442	0.00265	0.00088	0.00177	0.00353	0.88777	0.00353
134	0.01451	0.00583	0.00776	0.00614	0.00863	0.00510	0.00501	0.01602	0.01048	0.65674	0.09299	0.01530	0.04082	0.00512	0.00378	0.00115	0.00290	0.00422	0.09172	0.00578
135	0.01042	0.00798	0.00859	0.00750	0.00973	0.00899	0.00590	0.09908	0.63659	0.08775	0.02290	0.01369	0.01104	0.00504	0.00380	0.00124	0.00306	0.00415	0.04661	0.00594
136	0.00542	0.00406	0.00610	0.00610	0.00677	0.00474	0.00474	0.00677	0.00610	0.00880	0.01016	0.01490	0.00948	0.02844	0.85169	0.00610	0.01016	0.00406	0.00203	0.00339
137	0.00462	0.00331	0.00439	0.00525	0.00549	0.00308	0.00351	0.00528	0.00729	0.00969	0.02125	0.84776	0.04134	0.01184	0.00483	0.00154	0.00219	0.01073	0.00352	0.00308
138	0.00474	0.00339	0.00454	0.00539	0.00567	0.00318	0.00371	0.00550	0.00743	0.00990	0.03550	0.79045	0.02504	0.01171	0.00486	0.00155	0.00229	0.06851	0.00353	0.00312
139	0.00767	0.01920	0.81032	0.01104	0.01657	0.00884	0.05034	0.01202	0.00805	0.01202	0.00684	0.00811	0.00485	0.00359	0.00364	0.00120	0.00564	0.00288	0.00162	0.00558
140	0.01659	0.00714	0.00923	0.00707	0.01002	0.00660	0.00584	0.15250	0.01201	0.71004	0.01400	0.01228	0.00890	0.00467	0.00381	0.00117	0.00338	0.00375	0.00455	0.00645
141	0.00919	0.00753	0.00857	0.00627	0.00955	0.00645	0.00506	0.17313	0.02139	0.01471	0.00733	0.00820	0.00587	0.00319	0.00302	0.00069	0.00308	0.00251	0.00258	0.70169
142	0.00551	0.00369	0.00422	0.00422	0.00425	0.00372	0.00241	0.00557	0.00554	0.00742	0.01187	0.02438	0.01360	0.82937	0.05639	0.00378	0.00397	0.00545	0.00229	0.00235
143	0.00514	0.00387	0.00475	0.00453	0.00552	0.00348	0.00340	0.00671	0.01019	0.01390	0.63022	0.03048	0.24744	0.00824	0.00448	0.00122	0.00182	0.00716	0.00400	0.00348
144	0.00499	0.00404	0.00447	0.00441	0.00558	0.00360	0.00334	0.00661	0.04307	0.01188	0.25899	0.05004	0.53691	0.00899	0.00449	0.00128	0.00199	0.03818	0.00372	0.00343
145	0.01015	0.84301	0.03454	0.00661	0.00988	0.02552	0.00663	0.01142	0.00775	0.00898	0.00531	0.00613	0.00487	0.00326	0.00247	0.00082	0.00412	0.00205	0.00163	0.00487
146	0.00997	0.04414	0.04355	0.24132	0.05097	0.12895	0.00807	0.15623	0.13860	0.01342	0.00970	0.01082	0.04361	0.00440	0.00393	0.00115	0.03106	0.00346	0.00255	0.05411
147	0.05097	0.00968	0.01047	0.00809	0.01102	0.01044	0.00664	0.65552	0.01579	0.06792	0.00949	0.03881	0.00709	0.00463	0.00369	0.00111	0.00389	0.00354	0.00365	0.07757
148	0.00939	0.00901	0.01539	0.02328	0.84306	0.00901	0.01164	0.01164	0.00864	0.01239	0.00713	0.00939	0.00601	0.00338	0.00375	0.00113	0.00451	0.00338	0.00188	0.00601
149	0.00551	0.00371	0.00432	0.00432	0.00438	0.00378	0.00253	0.00563	0.00557	0.00749	0.01178	0.02389	0.01338	0.78797	0.09749	0.00390	0.00429	0.00538	0.00227	0.00240
150	0.00548	0.00366	0.00415	0.00418	0.00418	0.00366	0.00234	0.00551	0.00558	0.00743	0.01226	0.05399	0.01418	0.83701	0.01880	0.00360	0.00363	0.00570	0.00234	0.00233
151	0.01442	0.01062	0.01138	0.00873	0.01176	0.01176	0.00721	0.83041	0.01783	0.02390	0.00911	0.00911	0.00645	0.00455	0.00379	0.00114	0.00417	0.00341	0.00379	0.00645
152	0.83879	0.00728	0.00578	0.00510	0.00748	0.00832	0.00420	0.01161	0.00673	0.06875	0.00589	0.00658	0.00444	0.00359	0.00244	0.00117	0.00295	0.00216	0.00249	0.00425
153	0.01336	0.00626	0.00791	0.00640	0.00876	0.00593	0.00517	0.06542	0.10809	0.50142	0.13390	0.01517	0.01332	0.00516	0.00381	0.00116	0.00292	0.00426	0.08589	0.00572
154	0.00466	0.00333	0.00444	0.00532	0.00556	0.00311	0.00358	0.00534	0.00730	0.00972	0.02088	0.84392	0.02500	0.01185	0.00485	0.00155	0.00223	0.03074	0.00352	0.00309
155	0.01420	0.01036	0.01112	0.00856	0.01153	0.01145	0.00706	0.78648	0.03141	0.03499	0.00937	0.00936	0.00665	0.00456	0.00377	0.00114	0.00409	0.00344	0.02409	0.00638
156	0.01702	0.00645	0.00880	0.00675	0.00968	0.00557	0.00557	0.01848	0.01085	0.84568	0.01496	0.01291	0.00939	0.00469	0.00381	0.00117	0.00323	0.00381	0.00469	0.00645
157	0.00611	0.00437	0.00611	0.00698	0.00786	0.00437	0.00611	0.00786	0.00873	0.01135	0.02008	0.04278	0.02183	0.01048	0.00524	0.00175	0.00349	0.81753	0.00349	0.00349
158	0.01450	0.01048	0.01129	0.00866	0.01169	0.01155	0.00715	0.80299	0.01760	0.05166	0.00930	0.00923	0.00655	0.00456	0.00379	0.00114	0.00414	0.00343	0.00382	0.00645
159	0.01613	0.00665	0.00877	0.00686	0.00970	0.00602	0.00562	0.01868	0.10694	0.74908	0.01502	0.01305	0.00964	0.00475	0.00382	0.00119	0.00320	0.00387	0.00460	0.00640
160	0.00611	0.00437	0.00611	0.00698	0.00786	0.00437	0.00611	0.00786	0.00873	0.01135	0.02008	0.04278	0.02183	0.01048	0.00524	0.00175	0.00349	0.81753	0.00349	0.00349
161	0.00458	0.00387	0.00398	0.00401	0.00526	0.00326	0.00305	0.00560	0.00871	0.01044	0.06049	0.03655	0.78202	0.00959	0.00452	0.00130	0.00199	0.04404	0.00354	0.00323
162	0.00477	0.00341	0.00449	0.00524	0.00543	0.00327	0.00347	0.00536	0.00707	0.00944	0.01978	0.76833	0.02366	0.09613	0.00638	0.00175	0.01548	0.01015	0.00337	0.00302
163	0.00462	0.00330	0.00440	0.00528	0.00550	0.00308	0.00352	0.00528	0.00726	0.00968	0.02090	0.86424	0.02508	0.01188	0.00484	0.00154	0.00220	0.01078	0.00352	0.00308
164	0.00761	0.01962	0.84707	0.01081	0.01641	0.00881	0.01401	0.01201	0.00801	0.01201	0.00681	0.00801	0.00480	0.00360	0.00360	0.00120	0.00560	0.00280	0.00160	0.00560
165	0.00492	0.00362	0.00464	0.00534	0.00574	0.00346	0.00364	0.00620	0.05389	0.01030	0.05780	0.74811	0.05565	0.01123	0.00476	0.00150	0.00222	0.01014	0.00357	0.00327
166	0.00786	0.00674	0.00786	0.00562	0.00899	0.00506	0.00449	0.00955	0.00786	0.01236	0.00674	0.00786	0.00562	0.00281	0.00281	0.00056	0.00281	0.00225	0.00225	0.88990
167	0.00830	0.00830	0.01162	0.00996	0.00996	0.01162	0.00830	0.00913	0.00581	0.00913	0.00498	0.00830	0.00498	0.00664	0.01245	0.00166	0.85977	0.00332	0.00166	0.00415
168	0.00452	0.00382	0.00391	0.00394	0.00516	0.00321	0.00294	0.00550	0.00866	0.01040	0.06654	0.07309	0.77613	0.00964	0.00450	0.00129	0.00193	0.00809	0.00355	0.00321
169	0.01417	0.01808	0.01075	0.00977	0.01172	0.85149	0.00733	0.01514	0.01075	0.00928	0.00586	0.00684	0.00489	0.00391	0.00342	0.00098	0.00684	0.00244	0.00195	0.00440
170	0.00466	0.00383	0.00411	0.00408	0.00524	0.00327	0.00304	0.00578	0.00901	0.01122	0.19784	0.06364	0.65250	0.00931	0.00449	0.00127	0.00190	0.00787	0.00365	0.00327
171	0.00462	0.00330	0.00440	0.00528	0.00550	0.00308	0.00352	0.00528	0.00726	0.00968	0.02090	0.86424	0.02508	0.01188	0.00484	0.00154	0.00220	0.01078	0.00352	0.00308
172	0.01442	0.01062	0.01138	0.00873	0.01176	0.01176	0.00721	0.83041	0.01783	0.02390	0.00911	0.00911	0.00645	0.00455	0.00379	0.00114	0.00417	0.00341	0.00379	0.00645
173	0.00939	0.00901	0.01539	0.02328	0.84306	0.00901	0.01164	0.01164	0.00864	0.01239	0.00713	0.00939	0.00601	0.00338	0.00375	0.00113	0.00451	0.00338	0.00188	0.00601
174	0.00546	0.00408	0.00487	0.00498	0.00590	0.00384	0.00370	0.00729	0.06275	0.02104	0.25469	0.21104	0.25417	0.03897	0.00504	0.00143	0.00222	0.07869	0.02634	0.00350
175	0.01014	0.86900	0.01987	0.00649	0.00973	0.01501	0.00649	0.01136	0.00771	0.00892	0.00527	0.00608	0.00487	0.00324	0.00243	0.00081	0.00406	0.00203	0.00162	0.00487
176	0.00503	0.00385	0.00575	0.00612	0.00664	0.00362	0.05976	0.00595	0.00753	0.01004	0.03106	0.73777	0.02369	0.01114	0.00484	0.00153	0.00257	0.06644	0.00342	0.00325
177	0.00479	0.00383	0.00428	0.00421	0.00532	0.00332	0.00314	0.00601	0.00930	0.01189	0.30795	0.06503	0.53943	0.00907	0.00449	0.00126	0.00189	0.00772	0.00374	0.00332
178	0.00928	0.00933	0.03978	0.03676	0.76851	0.00902	0.04812	0.01164	0.00861	0.01232	0.00714	0.00940	0.00595	0.00338	0.00378	0.00114	0.00463	0.00341	0.00187	0.00593
179	0.03879	0.61828	0.04945	0.00722	0.01031	0.14187	0.00684	0.04625	0.01813	0.02474	0.00587	0.00661	0.00507	0.00347	0.00272	0.00089	0.00448	0.00224	0.00186	0.00491

[dist]
# distance from previous block
# <min> <max>
0	32

[block]
# block no. 1 follows, 72 sequences, length 20
# corresponding to MSA columns:
# 242-261
name=unknown_B
#
# <colnr> <probs for GDERKNQSTAVLIFYWHMCP>
#	G	D	E	R	K	N	Q	S	T	A	V	L	I	F	Y	W	H	M	C	P
0	0.00547	0.00416	0.00573	0.00554	0.00629	0.00447	0.00424	0.00689	0.00801	0.01131	0.32910	0.02160	0.07818	0.04834	0.39926	0.00359	0.04599	0.00543	0.00295	0.00344
1	0.07008	0.01085	0.01031	0.00817	0.01100	0.14223	0.00661	0.49498	0.02788	0.07157	0.00856	0.00875	0.00623	0.00421	0.00354	0.00106	0.00428	0.00309	0.00330	0.10330
2	0.00886	0.00852	0.01467	0.21465	0.63248	0.00889	0.03422	0.01121	0.00840	0.01176	0.00706	0.00958	0.00578	0.00347	0.00378	0.00116	0.00468	0.00341	0.00183	0.00557
3	0.00907	0.00892	0.01398	0.32089	0.41096	0.07265	0.07005	0.01137	0.00848	0.02733	0.00709	0.00958	0.00563	0.00358	0.00380	0.00118	0.00499	0.00339	0.00187	0.00519
4	0.00865	0.05567	0.21119	0.08813	0.24910	0.00893	0.19307	0.01164	0.02197	0.03692	0.00765	0.00975	0.00598	0.00539	0.06811	0.00155	0.00557	0.00350	0.00192	0.00531
5	0.00463	0.00343	0.00433	0.00498	0.00544	0.00313	0.00340	0.00541	0.00771	0.01008	0.06678	0.66124	0.18314	0.01123	0.00475	0.00147	0.00213	0.01004	0.00355	0.00313
6	0.00947	0.00931	0.01485	0.08584	0.73804	0.05262	0.01133	0.01167	0.00867	0.01202	0.00704	0.00931	0.00588	0.00344	0.00374	0.00113	0.00467	0.00333	0.00187	0.00579
7	0.00826	0.00802	0.01408	0.42866	0.37028	0.00878	0.08578	0.01074	0.00815	0.01105	0.00699	0.00982	0.00552	0.00356	0.00384	0.00121	0.00495	0.00348	0.00179	0.00505
8	0.00550	0.00374	0.00444	0.00444	0.00454	0.00384	0.00268	0.00571	0.00560	0.00758	0.01167	0.02329	0.01312	0.73715	0.14796	0.00405	0.00468	0.00529	0.00226	0.00247
9	0.00467	0.00332	0.00438	0.00521	0.00542	0.00312	0.00345	0.00529	0.00716	0.00954	0.02036	0.81338	0.02440	0.06368	0.00572	0.00167	0.00229	0.01046	0.00345	0.00303
10	0.01379	0.01694	0.01168	0.01017	0.01234	0.72680	0.06964	0.07400	0.01112	0.01056	0.00623	0.00726	0.00506	0.00390	0.00353	0.00101	0.00661	0.00267	0.00208	0.00460
11	0.00793	0.00680	0.00790	0.00571	0.00903	0.00525	0.00456	0.01002	0.04483	0.01251	0.00713	0.00814	0.00588	0.00291	0.00286	0.00059	0.00282	0.00234	0.00232	0.85045
12	0.01014	0.86900	0.01987	0.00649	0.00973	0.01501	0.00649	0.01136	0.00771	0.00892	0.00527	0.00608	0.00487	0.00324	0.00243	0.00081	0.00406	0.00203	0.00162	0.00487
13	0.00890	0.00700	0.00814	0.00599	0.00922	0.00571	0.00480	0.04774	0.06854	0.07020	0.00804	0.00872	0.00634	0.00319	0.00300	0.00068	0.00291	0.00255	0.00260	0.72573
14	0.00637	0.00474	0.00584	0.03186	0.00739	0.02462	0.00471	0.02545	0.08383	0.03603	0.01793	0.42460	0.01975	0.07276	0.03957	0.00186	0.00325	0.18248	0.00335	0.00363
15	0.00539	0.00392	0.00493	0.00542	0.00596	0.00377	0.00376	0.06795	0.00833	0.01108	0.06276	0.70166	0.07882	0.01096	0.00472	0.00147	0.00231	0.00984	0.00357	0.00337
16	0.00488	0.00346	0.00460	0.00542	0.00570	0.00329	0.00376	0.00563	0.00732	0.00973	0.02015	0.69835	0.02385	0.07365	0.00594	0.00172	0.00247	0.11358	0.00343	0.00308
17	0.03217	0.00960	0.13468	0.00763	0.01019	0.10493	0.00689	0.08684	0.06552	0.24780	0.04451	0.09304	0.04098	0.00599	0.00400	0.00126	0.00391	0.09148	0.00342	0.00515
18	0.02691	0.34003	0.12930	0.00970	0.07552	0.12896	0.05220	0.13407	0.02186	0.02733	0.00672	0.00765	0.00540	0.00369	0.00332	0.00102	0.01622	0.00271	0.00213	0.00526
19	0.00969	0.10173	0.20693	0.02542	0.10884	0.04049	0.10258	0.12479	0.11589	0.03714	0.04111	0.01079	0.02273	0.00489	0.02939	0.00130	0.00477	0.00357	0.00251	0.00545

[dist]
# distance from previous block
# <min> <max>
0	32

[block]
# block no. 2 follows, 72 sequences, length 34
# corresponding to MSA columns:
# 294-327
name=unknown_C
#
# <colnr> <probs for GDERKNQSTAVLIFYWHMCP>
#	G	D	E	R	K	N	Q	S	T	A	V	L	I	F	Y	W	H	M	C	P
0	0.01078	0.12643	0.16687	0.00940	0.05143	0.38781	0.00803	0.01291	0.05070	0.01011	0.01715	0.00955	0.00656	0.07863	0.03687	0.00145	0.00574	0.00297	0.00200	0.00461
1	0.00903	0.08861	0.22999	0.04662	0.14626	0.03644	0.03329	0.06828	0.01969	0.07246	0.05003	0.01436	0.06402	0.02397	0.02617	0.00137	0.00454	0.05731	0.00248	0.00509
2	0.00950	0.14180	0.23291	0.00944	0.04837	0.09115	0.06139	0.08169	0.12097	0.03044	0.02070	0.03027	0.00775	0.06183	0.03444	0.00147	0.00487	0.00352	0.00237	0.00512
3	0.03189	0.02448	0.00706	0.00643	0.00789	0.00654	0.00504	0.07702	0.26669	0.02676	0.11420	0.11205	0.07457	0.02554	0.04312	0.04293	0.00323	0.11665	0.00349	0.00443
4	0.01418	0.01778	0.01077	0.00973	0.01173	0.81866	0.00732	0.04702	0.01102	0.00985	0.00599	0.00693	0.00495	0.00393	0.00343	0.00098	0.00674	0.00248	0.00203	0.00448
5	0.00832	0.00802	0.05959	0.00695	0.01047	0.00604	0.07176	0.05837	0.00855	0.01300	0.00696	0.00814	0.00563	0.00299	0.00305	0.00069	0.00335	0.00253	0.00227	0.71332
6	0.00873	0.00840	0.01447	0.26445	0.57862	0.00886	0.03918	0.01109	0.00834	0.01160	0.00704	0.00962	0.00572	0.00349	0.00379	0.00117	0.00473	0.00341	0.00182	0.00546
7	0.00549	0.00377	0.00459	0.00459	0.00475	0.00392	0.00287	0.00581	0.00565	0.00769	0.01153	0.02252	0.01279	0.67206	0.21259	0.00424	0.00518	0.00518	0.00224	0.00255
8	0.00917	0.02705	0.05075	0.04631	0.02025	0.00867	0.08135	0.05748	0.10283	0.10819	0.07313	0.02997	0.00971	0.00815	0.10457	0.00191	0.24896	0.00406	0.00268	0.00480
9	0.00960	0.06211	0.01349	0.28561	0.28579	0.07933	0.04649	0.02655	0.00852	0.06587	0.00719	0.00938	0.00567	0.00391	0.00440	0.00119	0.07451	0.00329	0.00201	0.00507
10	0.00467	0.00334	0.00446	0.00534	0.00558	0.00312	0.00361	0.00537	0.00731	0.00974	0.02087	0.83625	0.02497	0.01183	0.00485	0.00155	0.00224	0.03827	0.00352	0.00309
11	0.01338	0.01586	0.01042	0.00935	0.01141	0.64838	0.00709	0.07461	0.15118	0.01145	0.00772	0.00824	0.00613	0.00416	0.00352	0.00104	0.00600	0.00283	0.00241	0.00482
12	0.00925	0.01092	0.13197	0.09643	0.37450	0.07695	0.10387	0.04941	0.04136	0.01233	0.00812	0.05281	0.00684	0.00403	0.00385	0.00118	0.00493	0.00376	0.00208	0.00542
13	0.01401	0.00689	0.00868	0.04874	0.01018	0.00674	0.00577	0.16175	0.06192	0.48562	0.03632	0.04567	0.01014	0.00499	0.00378	0.00117	0.00328	0.00408	0.07438	0.00587
14	0.00449	0.00382	0.00386	0.00389	0.00514	0.00320	0.00290	0.00544	0.00860	0.01023	0.03783	0.06454	0.81386	0.00968	0.00449	0.00129	0.00193	0.00810	0.00352	0.00320
15	0.03829	0.00652	0.00850	0.00665	0.00935	0.00592	0.00545	0.06657	0.03168	0.67070	0.09677	0.01407	0.01176	0.00497	0.00384	0.00118	0.00313	0.00406	0.00451	0.00609
16	0.03859	0.01436	0.01399	0.02833	0.01407	0.48625	0.24384	0.02653	0.02028	0.01065	0.00650	0.00809	0.00523	0.00390	0.00432	0.00113	0.06421	0.00313	0.00198	0.00463
17	0.00472	0.00337	0.00451	0.00533	0.00561	0.00316	0.00363	0.00548	0.00750	0.01003	0.06219	0.78806	0.02549	0.01162	0.00484	0.00153	0.00223	0.04404	0.00355	0.00312
18	0.00602	0.00502	0.00544	0.00511	0.00620	0.05967	0.00384	0.00808	0.05201	0.01411	0.62515	0.02741	0.15229	0.00764	0.00437	0.00120	0.00220	0.00661	0.00392	0.00370
19	0.00980	0.72644	0.10378	0.00755	0.01107	0.01402	0.06144	0.01147	0.00782	0.00945	0.00559	0.00655	0.00492	0.00328	0.00269	0.00088	0.00437	0.00227	0.00164	0.00496
20	0.00987	0.77875	0.10777	0.00695	0.01044	0.01435	0.00729	0.01143	0.00774	0.00925	0.00544	0.00629	0.00486	0.00328	0.00256	0.00085	0.00422	0.00211	0.00162	0.00495
21	0.00551	0.00369	0.00419	0.00419	0.00421	0.00371	0.00237	0.00555	0.00553	0.00739	0.01190	0.02455	0.01367	0.84362	0.04224	0.00374	0.00386	0.00548	0.00229	0.00233
22	0.89350	0.00733	0.00557	0.00499	0.00733	0.00851	0.00411	0.01115	0.00645	0.01702	0.00528	0.00616	0.00411	0.00352	0.00235	0.00117	0.00293	0.00205	0.00235	0.00411
23	0.00611	0.00437	0.00611	0.00698	0.00786	0.00437	0.00611	0.00786	0.00873	0.01135	0.02008	0.04278	0.02183	0.01048	0.00524	0.00175	0.00349	0.81753	0.00349	0.00349
24	0.00528	0.00387	0.00495	0.00468	0.00561	0.00354	0.00351	0.00699	0.01053	0.01472	0.76286	0.02913	0.11428	0.00793	0.00447	0.00120	0.00180	0.00697	0.00411	0.00354
25	0.00886	0.01085	0.07670	0.01564	0.01960	0.00954	0.77559	0.01214	0.00889	0.01214	0.00762	0.01008	0.00569	0.00322	0.00442	0.00127	0.00634	0.00437	0.00190	0.00515
26	0.00551	0.00369	0.00420	0.00420	0.00422	0.00371	0.00238	0.00555	0.00553	0.00740	0.01189	0.02451	0.01365	0.84026	0.04557	0.00375	0.00388	0.00547	0.00229	0.00233
27	0.00462	0.00330	0.00440	0.00528	0.00550	0.00308	0.00352	0.00528	0.00726	0.00968	0.02090	0.86424	0.02508	0.01188	0.00484	0.00154	0.00220	0.01078	0.00352	0.00308
28	0.00806	0.00677	0.00790	0.00568	0.00902	0.00516	0.00455	0.00994	0.02633	0.02671	0.00707	0.00809	0.00581	0.00289	0.00285	0.00059	0.00282	0.00232	0.00232	0.85512
29	0.00462	0.00330	0.00440	0.00528	0.00550	0.00308	0.00352	0.00528	0.00726	0.00968	0.02090	0.86424	0.02508	0.01188	0.00484	0.00154	0.00220	0.01078	0.00352	0.00308
30	0.00922	0.31589	0.40712	0.00938	0.02850	0.02313	0.02394	0.07740	0.00865	0.01171	0.00637	0.00748	0.00501	0.00370	0.00367	0.00108	0.04799	0.00264	0.00180	0.00532
31	0.01256	0.00576	0.00700	0.00571	0.00782	0.00547	0.00460	0.10997	0.01059	0.40781	0.04561	0.01352	0.01020	0.00469	0.00341	0.00106	0.00274	0.00378	0.33243	0.00526
32	0.05489	0.01019	0.01303	0.03058	0.36623	0.09873	0.05030	0.23589	0.04837	0.03289	0.00816	0.01915	0.00643	0.00397	0.00372	0.00114	0.00457	0.00342	0.00260	0.00576
33	0.01222	0.18621	0.02286	0.01163	0.17215	0.42640	0.01983	0.02760	0.03907	0.03870	0.00673	0.00775	0.00553	0.00374	0.00334	0.00100	0.00551	0.00270	0.00206	0.00499

[dist]
# distance from previous block
# <min> <max>
0	4

[block]
# block no. 3 follows, 72 sequences, length 34
# corresponding to MSA columns:
# 332-365
name=unknown_D
#
# <colnr> <probs for GDERKNQSTAVLIFYWHMCP>
#	G	D	E	R	K	N	Q	S	T	A	V	L	I	F	Y	W	H	M	C	P
0	0.01066	0.02280	0.00974	0.00765	0.02765	0.11451	0.01900	0.21777	0.06778	0.03232	0.00804	0.00871	0.00627	0.00394	0.01405	0.00092	0.00389	0.00282	0.00274	0.41875
1	0.00952	0.46132	0.21959	0.04601	0.06927	0.06007	0.00887	0.01225	0.06165	0.01042	0.00653	0.00752	0.00537	0.00353	0.00302	0.00099	0.00460	0.00254	0.00180	0.00514
2	0.01409	0.01065	0.01118	0.00869	0.01164	0.03272	0.00713	0.75712	0.07097	0.02301	0.00944	0.00938	0.00674	0.00458	0.00379	0.00114	0.00416	0.00345	0.00375	0.00637
3	0.00509	0.00385	0.00469	0.00452	0.00550	0.00345	0.00337	0.00660	0.01002	0.01359	0.58204	0.05689	0.26968	0.00842	0.00449	0.00123	0.00184	0.00731	0.00396	0.00345
