[name]
unknown

[dist]
# distance from previous block
# <min> <max>
6	255

[block]
# block no. 0 follows, 69 sequences, length 33
# corresponding to MSA columns:
# 355-387
name=unknown_A
#
# <colnr> <probs for GDERKNQSTAVLIFYWHMCP>
#	G	D	E	R	K	N	Q	S	T	A	V	L	I	F	Y	W	H	M	C	P
0	0.03930	0.00960	0.01537	0.08712	0.53689	0.04420	0.10982	0.03611	0.05904	0.01314	0.00787	0.00994	0.00635	0.00368	0.00392	0.00120	0.00488	0.00360	0.00213	0.00583
1	0.00862	0.00632	0.00728	0.04176	0.02679	0.00657	0.00522	0.02367	0.32488	0.11557	0.08769	0.05086	0.26461	0.00701	0.00426	0.00131	0.00280	0.00591	0.00386	0.00501
2	0.03643	0.00965	0.00941	0.00840	0.02812	0.10974	0.00643	0.21797	0.36733	0.01690	0.04735	0.06454	0.02845	0.00588	0.01472	0.00133	0.01364	0.00448	0.00358	0.00566
3	0.00977	0.00923	0.01426	0.11422	0.60952	0.05443	0.01089	0.01238	0.04286	0.03653	0.04225	0.01076	0.00765	0.00387	0.00390	0.00118	0.00463	0.00364	0.00219	0.00582
4	0.01048	0.86458	0.02054	0.00671	0.01006	0.01551	0.00671	0.01174	0.00797	0.00922	0.00545	0.00629	0.00503	0.00335	0.00252	0.00084	0.00419	0.00210	0.00168	0.00503
5	0.00895	0.00854	0.01455	0.29632	0.57141	0.00912	0.01166	0.01137	0.00857	0.01189	0.00724	0.00995	0.00589	0.00363	0.00389	0.00121	0.00484	0.00349	0.00188	0.00560
6	0.07334	0.00769	0.00948	0.00731	0.01033	0.00738	0.00604	0.19775	0.01253	0.60593	0.01347	0.01202	0.00868	0.00474	0.00384	0.00120	0.00353	0.00373	0.00449	0.00651
7	0.01251	0.15309	0.06055	0.01032	0.04545	0.50667	0.05749	0.01460	0.06310	0.01045	0.00719	0.02781	0.00608	0.00412	0.00353	0.00106	0.00604	0.00297	0.00210	0.00488
8	0.00740	0.00697	0.01176	0.85280	0.02700	0.00871	0.01089	0.01002	0.00784	0.01002	0.00697	0.01045	0.00523	0.00392	0.00392	0.00131	0.00523	0.00348	0.00174	0.00436
9	0.01759	0.00667	0.00910	0.00698	0.01001	0.00576	0.00576	0.01911	0.01122	0.84048	0.01547	0.01334	0.00970	0.00485	0.00394	0.00121	0.00334	0.00394	0.00485	0.00667
10	0.00975	0.00842	0.00886	0.00798	0.01019	0.00975	0.00621	0.02083	0.83069	0.01640	0.01596	0.01463	0.01197	0.00532	0.00399	0.00133	0.00310	0.00443	0.00399	0.00621
11	0.00640	0.00497	0.00602	0.04054	0.00732	0.02112	0.00431	0.04195	0.06217	0.01528	0.63267	0.02677	0.08036	0.02707	0.00486	0.00130	0.00232	0.00658	0.00404	0.00397
12	0.00812	0.07636	0.73695	0.01120	0.01672	0.00958	0.06320	0.01238	0.00832	0.01221	0.00698	0.00828	0.00503	0.00367	0.00370	0.00122	0.00574	0.00295	0.00168	0.00571
13	0.01190	0.01418	0.01645	0.01286	0.01581	0.39471	0.37825	0.03466	0.06033	0.01173	0.00760	0.00918	0.00592	0.00380	0.00407	0.00118	0.00655	0.00362	0.00217	0.00504
14	0.00555	0.00401	0.00524	0.00493	0.00586	0.00370	0.00370	0.00740	0.01110	0.01572	0.83570	0.02928	0.03699	0.00801	0.00462	0.00123	0.00185	0.00709	0.00432	0.00370
15	0.00484	0.00346	0.00462	0.00553	0.00579	0.00324	0.00375	0.00557	0.00757	0.01008	0.02157	0.82615	0.02579	0.01222	0.00502	0.00160	0.00233	0.04404	0.00364	0.00320
16	0.01048	0.86458	0.02054	0.00671	0.01006	0.01551	0.00671	0.01174	0.00797	0.00922	0.00545	0.00629	0.00503	0.00335	0.00252	0.00084	0.00419	0.00210	0.00168	0.00503
17	0.00858	0.00719	0.00914	0.00655	0.01004	0.00555	0.05759	0.01042	0.00833	0.04599	0.00737	0.00850	0.00597	0.00301	0.00306	0.00065	0.00316	0.00254	0.00240	0.79397
18	0.00740	0.00697	0.01176	0.85280	0.02700	0.00871	0.01089	0.01002	0.00784	0.01002	0.00697	0.01045	0.00523	0.00392	0.00392	0.00131	0.00523	0.00348	0.00174	0.00436
19	0.00975	0.00842	0.00886	0.00798	0.01019	0.00975	0.00621	0.02083	0.83069	0.01640	0.01596	0.01463	0.01197	0.00532	0.00399	0.00133	0.00310	0.00443	0.00399	0.00621
20	0.00595	0.00460	0.00620	0.11026	0.00931	0.00472	0.00551	0.00775	0.04245	0.01090	0.02157	0.21709	0.15050	0.06174	0.00584	0.00172	0.00324	0.32373	0.00333	0.00359
21	0.09295	0.00746	0.01124	0.47298	0.17376	0.02642	0.00972	0.02082	0.00832	0.02178	0.00871	0.01403	0.00752	0.00469	0.00394	0.00132	0.00472	0.10280	0.00215	0.00466
22	0.00641	0.00413	0.00465	0.00447	0.00493	0.00399	0.00277	0.02117	0.00680	0.05909	0.01699	0.02660	0.14916	0.65436	0.01617	0.00319	0.00348	0.00598	0.00276	0.00287
23	0.00483	0.00351	0.00456	0.00529	0.00567	0.00324	0.00359	0.00564	0.00793	0.01054	0.09265	0.72177	0.09286	0.01173	0.00494	0.00154	0.00221	0.01056	0.00370	0.00324
24	0.10969	0.00869	0.06607	0.04674	0.14193	0.06813	0.06644	0.03029	0.00898	0.15721	0.04730	0.03535	0.02344	0.11039	0.00598	0.00156	0.01879	0.03001	0.01811	0.00492
25	0.01150	0.00893	0.01398	0.04691	0.56144	0.00899	0.01029	0.09526	0.03500	0.15511	0.00920	0.01047	0.00699	0.00392	0.00390	0.00118	0.00437	0.00360	0.00269	0.00627
26	0.00510	0.00379	0.00481	0.00542	0.00603	0.00357	0.00397	0.00606	0.00794	0.01028	0.02452	0.44330	0.20931	0.05019	0.05688	0.00195	0.00301	0.14711	0.00348	0.00327
27	0.00569	0.00455	0.00519	0.01662	0.02155	0.00438	0.00384	0.00770	0.09319	0.01108	0.08811	0.08445	0.39621	0.15874	0.02896	0.00192	0.00284	0.05802	0.00341	0.00356
28	0.01261	0.01349	0.01154	0.08502	0.11436	0.40299	0.00820	0.18116	0.03410	0.01330	0.00753	0.00895	0.00604	0.00583	0.05837	0.00145	0.02438	0.00312	0.00243	0.00514
29	0.01033	0.00986	0.01253	0.37330	0.22913	0.14677	0.01000	0.08190	0.02900	0.04870	0.00772	0.00984	0.00593	0.00397	0.00385	0.00121	0.00517	0.00338	0.00221	0.00520
30	0.75528	0.03061	0.09189	0.00594	0.00872	0.03034	0.00544	0.01173	0.00698	0.01665	0.00564	0.00658	0.00436	0.00365	0.00259	0.00120	0.00345	0.00221	0.00232	0.00443
31	0.00616	0.00498	0.00561	0.00540	0.00669	0.00495	0.00405	0.00980	0.20490	0.01357	0.29062	0.11948	0.29189	0.00847	0.00452	0.00133	0.00224	0.00729	0.00394	0.00411
32	0.00482	0.00389	0.00426	0.00441	0.00545	0.00337	0.00322	0.00583	0.00879	0.01091	0.11167	0.17723	0.57298	0.03872	0.00523	0.00146	0.00212	0.02866	0.00366	0.00330

[dist]
# distance from previous block
# <min> <max>
0	1

[block]
# block no. 1 follows, 69 sequences, length 22
# corresponding to MSA columns:
# 389-410
name=unknown_B
#
# <colnr> <probs for GDERKNQSTAVLIFYWHMCP>
#	G	D	E	R	K	N	Q	S	T	A	V	L	I	F	Y	W	H	M	C	P
0	0.01261	0.04712	0.01107	0.00849	0.01118	0.02509	0.03824	0.39204	0.25012	0.08642	0.01166	0.01198	0.00873	0.04538	0.02063	0.00143	0.00411	0.00390	0.00370	0.00611
1	0.03790	0.08081	0.31213	0.18648	0.13040	0.00976	0.06423	0.06613	0.00899	0.03954	0.00734	0.00910	0.00551	0.00384	0.00391	0.00122	0.02202	0.00321	0.00202	0.00547
2	0.00518	0.00388	0.00436	0.00451	0.00520	0.00357	0.00310	0.00588	0.00775	0.00980	0.06408	0.12895	0.36278	0.30812	0.01008	0.00225	0.00276	0.06152	0.00323	0.00301
3	0.01405	0.03705	0.01138	0.04712	0.01267	0.76555	0.00773	0.01513	0.01074	0.00960	0.00606	0.00725	0.00506	0.00410	0.00381	0.00104	0.03254	0.00258	0.00199	0.00454
4	0.88991	0.00758	0.00576	0.00516	0.00758	0.00879	0.00425	0.01152	0.00667	0.01759	0.00546	0.00637	0.00425	0.00364	0.00243	0.00121	0.00303	0.00212	0.00243	0.00425
5	0.00744	0.00391	0.00393	0.00388	0.00487	0.00398	0.00292	0.00976	0.05188	0.01471	0.01296	0.01462	0.01015	0.00461	0.00281	0.00094	0.00189	0.00370	0.83728	0.00379
6	0.00480	0.00373	0.00437	0.00474	0.00553	0.00330	0.00335	0.00575	0.00855	0.01092	0.12203	0.39912	0.38832	0.01075	0.00480	0.00143	0.00210	0.00941	0.00372	0.00330
7	0.01490	0.01098	0.01177	0.00902	0.01216	0.01216	0.00745	0.82470	0.01843	0.02471	0.00941	0.00941	0.00667	0.00471	0.00392	0.00118	0.00431	0.00353	0.00392	0.00667
8	0.01001	0.00855	0.00901	0.00803	0.01029	0.00987	0.00627	0.06103	0.79007	0.01682	0.01563	0.01437	0.01170	0.00529	0.00399	0.00132	0.00316	0.00439	0.00399	0.00623
9	0.88991	0.00758	0.00576	0.00516	0.00758	0.00879	0.00425	0.01152	0.00667	0.01759	0.00546	0.00637	0.00425	0.00364	0.00243	0.00121	0.00303	0.00212	0.00243	0.00425
10	0.00970	0.00931	0.01591	0.02406	0.83777	0.00931	0.01203	0.01203	0.00893	0.01281	0.00737	0.00970	0.00621	0.00349	0.00388	0.00116	0.00466	0.00349	0.00194	0.00621
11	0.00786	0.02028	0.84191	0.01117	0.01697	0.00910	0.01448	0.01242	0.00828	0.01242	0.00704	0.00828	0.00497	0.00372	0.00372	0.00124	0.00579	0.00290	0.00166	0.00579
12	0.01759	0.00667	0.00910	0.00698	0.01001	0.00576	0.00576	0.01911	0.01122	0.84048	0.01547	0.01334	0.00970	0.00485	0.00394	0.00121	0.00334	0.00394	0.00485	0.00667
13	0.01464	0.01868	0.01111	0.01010	0.01212	0.84648	0.00757	0.01565	0.01111	0.00959	0.00606	0.00707	0.00505	0.00404	0.00353	0.00101	0.00707	0.00252	0.00202	0.00454
14	0.00546	0.00400	0.00512	0.00484	0.00580	0.00366	0.00363	0.00723	0.01089	0.01522	0.75807	0.03011	0.11493	0.00820	0.00462	0.00124	0.00186	0.00721	0.00425	0.00366
15	0.00560	0.00420	0.00630	0.00630	0.00700	0.00490	0.00490	0.00700	0.00630	0.00910	0.01050	0.01540	0.00980	0.02940	0.84669	0.00630	0.01050	0.00420	0.00210	0.00350
16	0.00833	0.00822	0.01162	0.04711	0.01081	0.01139	0.00843	0.00930	0.00610	0.00944	0.00558	0.00911	0.00546	0.00823	0.06792	0.00200	0.76148	0.00348	0.00174	0.00424
17	0.20323	0.00688	0.00820	0.00649	0.00929	0.00655	0.00534	0.04887	0.01038	0.58859	0.01295	0.01177	0.00844	0.00457	0.00355	0.00120	0.00323	0.00352	0.05096	0.00599
18	0.00715	0.09394	0.06444	0.00615	0.00757	0.00646	0.02034	0.00976	0.13220	0.02289	0.08349	0.05903	0.03923	0.31525	0.07304	0.00254	0.00408	0.02772	0.02082	0.00390
19	0.06466	0.03658	0.05727	0.00894	0.03318	0.17036	0.00731	0.12136	0.11690	0.20597	0.00998	0.01019	0.00730	0.00478	0.00486	0.00123	0.11450	0.00338	0.01566	0.00560
20	0.32179	0.16411	0.26494	0.00855	0.05528	0.02401	0.00843	0.02516	0.02429	0.03895	0.00666	0.00760	0.00512	0.00368	0.00305	0.00113	0.00426	0.00256	0.00215	0.02827
21	0.01016	0.37303	0.20100	0.00827	0.01175	0.05603	0.02083	0.05756	0.10161	0.04497	0.02253	0.00918	0.00694	0.00547	0.05377	0.00137	0.00493	0.00297	0.00228	0.00535

[dist]
# distance from previous block
# <min> <max>
0	54

[block]
# block no. 2 follows, 69 sequences, length 32
# corresponding to MSA columns:
# 465-496
name=unknown_C
#
# <colnr> <probs for GDERKNQSTAVLIFYWHMCP>
#	G	D	E	R	K	N	Q	S	T	A	V	L	I	F	Y	W	H	M	C	P
0	0.26455	0.04253	0.02872	0.17530	0.16069	0.11110	0.00790	0.02292	0.09198	0.02364	0.03102	0.00950	0.00674	0.00403	0.00340	0.00120	0.00434	0.00311	0.00237	0.00496
1	0.00844	0.00789	0.06212	0.22105	0.29533	0.00749	0.01937	0.02988	0.00894	0.06372	0.04546	0.09195	0.09823	0.00542	0.00409	0.00126	0.00414	0.00486	0.01532	0.00503
2	0.00815	0.01762	0.63355	0.01190	0.01684	0.00952	0.13756	0.01214	0.00820	0.01214	0.00698	0.00866	0.00513	0.00397	0.00478	0.00130	0.09106	0.00321	0.00171	0.00557
3	0.00574	0.00433	0.00632	0.09127	0.00843	0.00491	0.00495	0.00701	0.00665	0.00934	0.03688	0.09496	0.01233	0.14671	0.52428	0.00476	0.00783	0.00507	0.01482	0.00340
4	0.01759	0.00667	0.00910	0.00698	0.01001	0.00576	0.00576	0.01911	0.01122	0.84048	0.01547	0.01334	0.00970	0.00485	0.00394	0.00121	0.00334	0.00394	0.00485	0.00667
5	0.00513	0.00396	0.00468	0.00457	0.00562	0.00351	0.00340	0.00656	0.00999	0.01328	0.46062	0.08324	0.36319	0.00906	0.00465	0.00129	0.00193	0.00782	0.00400	0.00351
6	0.00970	0.00931	0.01591	0.02406	0.83777	0.00931	0.01203	0.01203	0.00893	0.01281	0.00737	0.00970	0.00621	0.00349	0.00388	0.00116	0.00466	0.00349	0.00194	0.00621
7	0.00468	0.00397	0.00403	0.00402	0.00532	0.00333	0.00301	0.00571	0.00903	0.01082	0.07600	0.03734	0.79974	0.00984	0.00463	0.00132	0.00198	0.00822	0.00367	0.00333
8	0.00561	0.00415	0.00606	0.00606	0.00668	0.00477	0.00460	0.00685	0.00623	0.00892	0.01072	0.01661	0.01033	0.12786	0.74895	0.00600	0.00971	0.00438	0.00213	0.00337
9	0.00970	0.00931	0.01591	0.02406	0.83777	0.00931	0.01203	0.01203	0.00893	0.01281	0.00737	0.00970	0.00621	0.00349	0.00388	0.00116	0.00466	0.00349	0.00194	0.00621
10	0.00975	0.00842	0.00886	0.00798	0.01019	0.00975	0.00621	0.02083	0.83069	0.01640	0.01596	0.01463	0.01197	0.00532	0.00399	0.00133	0.00310	0.00443	0.00399	0.00621
11	0.01490	0.01098	0.01177	0.00902	0.01216	0.01216	0.00745	0.82470	0.01843	0.02471	0.00941	0.00941	0.00667	0.00471	0.00392	0.00118	0.00431	0.00353	0.00392	0.00667
12	0.00467	0.00397	0.00402	0.00401	0.00532	0.00332	0.00301	0.00570	0.00902	0.01079	0.07103	0.03740	0.80473	0.00985	0.00463	0.00132	0.00198	0.00823	0.00367	0.00332
13	0.00478	0.00341	0.00455	0.00546	0.00569	0.00318	0.00364	0.00546	0.00751	0.01001	0.02161	0.85966	0.02593	0.01228	0.00500	0.00159	0.00227	0.01114	0.00364	0.00318
14	0.00541	0.00400	0.00505	0.00479	0.00577	0.00364	0.00359	0.00713	0.01077	0.01494	0.71514	0.03056	0.15803	0.00830	0.00463	0.00125	0.00187	0.00727	0.00421	0.00364
15	0.00570	0.00380	0.00428	0.00428	0.00428	0.00380	0.00238	0.00570	0.00570	0.00760	0.01235	0.02566	0.01425	0.86222	0.01995	0.00380	0.00380	0.00570	0.00238	0.00238
16	0.00963	0.00924	0.01578	0.04957	0.81281	0.00930	0.01200	0.01197	0.00889	0.01272	0.00736	0.00973	0.00618	0.00351	0.00388	0.00117	0.00467	0.00349	0.00193	0.00615
17	0.01048	0.86458	0.02054	0.00671	0.01006	0.01551	0.00671	0.01174	0.00797	0.00922	0.00545	0.00629	0.00503	0.00335	0.00252	0.00084	0.00419	0.00210	0.00168	0.00503
18	0.00740	0.00697	0.01176	0.85280	0.02700	0.00871	0.01089	0.01002	0.00784	0.01002	0.00697	0.01045	0.00523	0.00392	0.00392	0.00131	0.00523	0.00348	0.00174	0.00436
19	0.00878	0.10357	0.60994	0.01135	0.07365	0.00998	0.01270	0.06213	0.04862	0.01306	0.00747	0.00855	0.00550	0.00381	0.00364	0.00120	0.00533	0.00297	0.00193	0.00582
20	0.00750	0.00706	0.01193	0.81872	0.06034	0.00873	0.01093	0.01010	0.00788	0.01013	0.00698	0.01042	0.00527	0.00390	0.00392	0.00130	0.00520	0.00348	0.00175	0.00443
21	0.00560	0.00420	0.00630	0.00630	0.00700	0.00490	0.00490	0.00700	0.00630	0.00910	0.01050	0.01540	0.00980	0.02940	0.84669	0.00630	0.01050	0.00420	0.00210	0.00350
22	0.00544	0.00400	0.00510	0.00482	0.00579	0.00365	0.00362	0.00720	0.01085	0.01513	0.74456	0.03025	0.12850	0.00823	0.00462	0.00124	0.00187	0.00723	0.00424	0.00365
23	0.01109	0.59517	0.03648	0.00716	0.01028	0.05822	0.00675	0.06727	0.06043	0.06168	0.04714	0.00865	0.00740	0.00393	0.00297	0.00095	0.00416	0.00273	0.00231	0.00524
24	0.83668	0.00826	0.00609	0.00546	0.00786	0.05975	0.00445	0.01178	0.00694	0.01710	0.00550	0.00641	0.00429	0.00366	0.00249	0.00120	0.00328	0.00215	0.00240	0.00426
25	0.00798	0.05949	0.80376	0.01097	0.01665	0.00940	0.01412	0.01238	0.00826	0.01227	0.00696	0.00818	0.00497	0.00371	0.00367	0.00122	0.00572	0.00286	0.00166	0.00576
26	0.00583	0.00408	0.00492	0.00484	0.00493	0.00434	0.00301	0.00606	0.00580	0.00789	0.01176	0.02346	0.01322	0.70963	0.13008	0.00403	0.04580	0.00539	0.00231	0.00262
27	0.00740	0.00697	0.01176	0.85280	0.02700	0.00871	0.01089	0.01002	0.00784	0.01002	0.00697	0.01045	0.00523	0.00392	0.00392	0.00131	0.00523	0.00348	0.00174	0.00436
28	0.00566	0.00378	0.00429	0.00433	0.00434	0.00377	0.00243	0.00569	0.00578	0.00771	0.01278	0.06439	0.01480	0.82275	0.01926	0.00370	0.00373	0.00595	0.00243	0.00241
29	0.05019	0.00728	0.01228	0.73747	0.04869	0.00880	0.06003	0.01030	0.00790	0.01062	0.00697	0.01024	0.00525	0.00386	0.00389	0.00130	0.00519	0.00349	0.00180	0.00446
30	0.01370	0.01740	0.05111	0.00995	0.01202	0.69612	0.00781	0.04902	0.01082	0.01030	0.00638	0.00786	0.00539	0.02916	0.00460	0.00115	0.05781	0.00273	0.00207	0.00462
31	0.10172	0.01041	0.01046	0.00910	0.05091	0.10601	0.01868	0.35686	0.18065	0.07490	0.01034	0.01066	0.00771	0.02893	0.00421	0.00127	0.00422	0.00356	0.00346	0.00592

[dist]
# distance from previous block
# <min> <max>
1	2

[block]
# block no. 3 follows, 69 sequences, length 26
# corresponding to MSA columns:
# 499-524
name=unknown_D
#
# <colnr> <probs for GDERKNQSTAVLIFYWHMCP>
#	G	D	E	R	K	N	Q	S	T	A	V	L	I	F	Y	W	H	M	C	P
0	0.00967	0.01034	0.02053	0.09286	0.04062	0.02341	0.62991	0.08424	0.00991	0.01331	0.00789	0.01035	0.00592	0.00356	0.00459	0.00130	0.01981	0.00434	0.00213	0.00532
1	0.06586	0.00903	0.01172	0.01051	0.06192	0.01161	0.00823	0.17093	0.03046	0.01336	0.00643	0.00883	0.00564	0.00598	0.00965	0.00153	0.55772	0.00340	0.00227	0.00493
2	0.01464	0.01868	0.01111	0.01010	0.01212	0.84648	0.00757	0.01565	0.01111	0.00959	0.00606	0.00707	0.00505	0.00404	0.00353	0.00101	0.00707	0.00252	0.00202	0.00454
3	0.00813	0.00697	0.00813	0.00581	0.00929	0.00523	0.00465	0.00987	0.00813	0.01277	0.00697	0.00813	0.00581	0.00290	0.00290	0.00058	0.00290	0.00232	0.00232	0.88619
4	0.00740	0.00697	0.01176	0.85280	0.02700	0.00871	0.01089	0.01002	0.00784	0.01002	0.00697	0.01045	0.00523	0.00392	0.00392	0.00131	0.00523	0.00348	0.00174	0.00436
5	0.00967	0.00939	0.01636	0.02359	0.78697	0.00935	0.06247	0.01206	0.00895	0.01279	0.00741	0.00976	0.00619	0.00348	0.00393	0.00117	0.00478	0.00356	0.00194	0.00615
6	0.00623	0.00445	0.00621	0.00712	0.00798	0.00443	0.00616	0.00797	0.00894	0.01163	0.02081	0.09178	0.02276	0.01091	0.00539	0.00179	0.00353	0.76471	0.00361	0.00359
7	0.00506	0.00399	0.00456	0.00442	0.00556	0.00349	0.00331	0.00645	0.00994	0.01298	0.41060	0.03379	0.46380	0.00904	0.00463	0.00128	0.00192	0.00772	0.00396	0.00349
8	0.00960	0.00921	0.01573	0.05999	0.80262	0.00929	0.01198	0.01194	0.00888	0.01269	0.00736	0.00974	0.00617	0.00351	0.00388	0.00117	0.00468	0.00349	0.00193	0.00613
9	0.00556	0.00482	0.00490	0.00491	0.00599	0.05583	0.00363	0.00676	0.00946	0.01189	0.25656	0.15842	0.42335	0.00940	0.00463	0.00133	0.00234	0.02301	0.00373	0.00348
10	0.00681	0.00340	0.00511	0.00511	0.00511	0.00340	0.00340	0.00511	0.00511	0.00681	0.00681	0.01192	0.00681	0.01362	0.01532	0.88594	0.00340	0.00340	0.00170	0.00170
11	0.01759	0.00667	0.00910	0.00698	0.01001	0.00576	0.00576	0.01911	0.01122	0.84048	0.01547	0.01334	0.00970	0.00485	0.00394	0.00121	0.00334	0.00394	0.00485	0.00667
12	0.00786	0.02028	0.84191	0.01117	0.01697	0.00910	0.01448	0.01242	0.00828	0.01242	0.00704	0.00828	0.00497	0.00372	0.00372	0.00124	0.00579	0.00290	0.00166	0.00579
13	0.00970	0.00931	0.01591	0.02406	0.83777	0.00931	0.01203	0.01203	0.00893	0.01281	0.00737	0.00970	0.00621	0.00349	0.00388	0.00116	0.00466	0.00349	0.00194	0.00621
14	0.00786	0.02028	0.84191	0.01117	0.01697	0.00910	0.01448	0.01242	0.00828	0.01242	0.00704	0.00828	0.00497	0.00372	0.00372	0.00124	0.00579	0.00290	0.00166	0.00579
15	0.00580	0.00397	0.00457	0.00457	0.00473	0.00404	0.00275	0.00625	0.02826	0.00811	0.01315	0.02547	0.03197	0.74640	0.07019	0.00378	0.00415	0.02676	0.00246	0.00260
16	0.00740	0.00697	0.01176	0.85280	0.02700	0.00871	0.01089	0.01002	0.00784	0.01002	0.00697	0.01045	0.00523	0.00392	0.00392	0.00131	0.00523	0.00348	0.00174	0.00436
17	0.01464	0.01868	0.01111	0.01010	0.01212	0.84648	0.00757	0.01565	0.01111	0.00959	0.00606	0.00707	0.00505	0.00404	0.00353	0.00101	0.00707	0.00252	0.00202	0.00454
18	0.00478	0.00341	0.00455	0.00546	0.00569	0.00318	0.00364	0.00546	0.00751	0.01001	0.02161	0.85966	0.02593	0.01228	0.00500	0.00159	0.00227	0.01114	0.00364	0.00318
19	0.00984	0.00979	0.01512	0.10883	0.69089	0.07304	0.01157	0.01210	0.00898	0.01227	0.00723	0.00958	0.00602	0.00358	0.00386	0.00117	0.00490	0.00342	0.00193	0.00589
20	0.00740	0.00697	0.01176	0.85280	0.02700	0.00871	0.01089	0.01002	0.00784	0.01002	0.00697	0.01045	0.00523	0.00392	0.00392	0.00131	0.00523	0.00348	0.00174	0.00436
21	0.00469	0.00374	0.00421	0.00460	0.00546	0.00326	0.00326	0.00556	0.00834	0.01035	0.03211	0.38288	0.49594	0.01092	0.00479	0.00144	0.00211	0.00948	0.00364	0.00326
22	0.00662	0.00562	0.00778	0.00731	0.00787	0.02058	0.00579	0.00801	0.02705	0.00932	0.00963	0.01397	0.02248	0.03563	0.55075	0.02866	0.22309	0.00406	0.00207	0.00371
23	0.01057	0.00904	0.01535	0.01229	0.05847	0.02070	0.35758	0.13340	0.07492	0.10849	0.02344	0.10154	0.00991	0.00513	0.00455	0.00132	0.02030	0.02457	0.00300	0.00546
24	0.01368	0.01274	0.06271	0.00925	0.01193	0.22662	0.00777	0.40521	0.02885	0.07539	0.00899	0.01006	0.00683	0.00532	0.02281	0.00130	0.05797	0.02363	0.00317	0.00576
25	0.56697	0.02394	0.02805	0.00713	0.04525	0.10615	0.02129	0.03320	0.00788	0.01569	0.00598	0.00701	0.00474	0.00361	0.00279	0.00111	0.00375	0.00236	0.00234	0.11075

[dist]
# distance from previous block
# <min> <max>
0	1

[block]
# block no. 4 follows, 69 sequences, length 21
# corresponding to MSA columns:
# 526-546
name=unknown_E
#
# <colnr> <probs for GDERKNQSTAVLIFYWHMCP>
#	G	D	E	R	K	N	Q	S	T	A	V	L	I	F	Y	W	H	M	C	P
0	0.00488	0.00398	0.00432	0.00433	0.00553	0.00343	0.00327	0.00605	0.00929	0.01157	0.18498	0.06285	0.62872	0.00969	0.00468	0.00134	0.00204	0.04190	0.00376	0.00339
1	0.00842	0.00761	0.00847	0.00641	0.00950	0.06261	0.02397	0.02291	0.00840	0.01243	0.00787	0.05105	0.00697	0.00474	0.04299	0.00096	0.00362	0.00294	0.00237	0.70575
2	0.01032	0.00575	0.00650	0.00562	0.00737	0.00584	0.00443	0.11131	0.10978	0.17653	0.10593	0.01539	0.01284	0.00512	0.00348	0.00109	0.00258	0.00418	0.40104	0.00492
3	0.00856	0.00695	0.00817	0.00586	0.00932	0.00525	0.00470	0.01029	0.00827	0.05009	0.00735	0.00836	0.00598	0.00299	0.00295	0.00061	0.00292	0.00240	0.00244	0.84654
4	0.00867	0.01389	0.37882	0.04686	0.34820	0.00899	0.07414	0.01204	0.00859	0.01260	0.00750	0.00939	0.00578	0.00364	0.00382	0.00120	0.00520	0.00332	0.04157	0.00577
5	0.00813	0.00697	0.00813	0.00581	0.00929	0.00523	0.00465	0.00987	0.00813	0.01277	0.00697	0.00813	0.00581	0.00290	0.00290	0.00058	0.00290	0.00232	0.00232	0.88619
6	0.00504	0.00393	0.00465	0.00472	0.00571	0.00354	0.00351	0.00631	0.00926	0.01206	0.28300	0.15379	0.39883	0.01076	0.05024	0.00162	0.00250	0.03335	0.00377	0.00343
7	0.00865	0.15286	0.50374	0.00951	0.01372	0.00968	0.01111	0.01184	0.00823	0.05740	0.05211	0.01001	0.00734	0.02585	0.02661	0.00141	0.07940	0.00320	0.00201	0.00533
8	0.00503	0.00373	0.00470	0.00501	0.00568	0.00339	0.00355	0.00619	0.00906	0.01218	0.32006	0.41533	0.17104	0.01032	0.00480	0.00142	0.00207	0.00917	0.00388	0.00339
9	0.00951	0.00920	0.01499	0.17028	0.60002	0.03150	0.03248	0.03315	0.00895	0.01242	0.00726	0.00974	0.00597	0.00373	0.00421	0.00121	0.03419	0.00349	0.00195	0.00576
10	0.01339	0.03297	0.03752	0.00913	0.01185	0.19394	0.02890	0.48381	0.01478	0.02961	0.00960	0.06123	0.00788	0.00554	0.01946	0.00127	0.00498	0.02510	0.00328	0.00575
11	0.01164	0.01368	0.01155	0.01020	0.01122	0.43340	0.00807	0.01258	0.00858	0.00952	0.00561	0.00782	0.00510	0.00544	0.00815	0.00136	0.42683	0.00297	0.00187	0.00442
12	0.00589	0.00410	0.00525	0.00491	0.00595	0.00373	0.00370	0.00764	0.01089	0.04450	0.72926	0.02954	0.11365	0.00809	0.00460	0.00124	0.00192	0.00709	0.00427	0.00377
13	0.00478	0.00341	0.00455	0.00546	0.00569	0.00318	0.00364	0.00546	0.00751	0.01001	0.02161	0.85966	0.02593	0.01228	0.00500	0.00159	0.00227	0.01114	0.00364	0.00318
14	0.00552	0.00397	0.00507	0.00483	0.00576	0.00365	0.00361	0.00727	0.01071	0.01511	0.71866	0.05882	0.09326	0.00818	0.00457	0.00124	0.00187	0.00719	0.03706	0.00365
15	0.00632	0.00451	0.00632	0.00722	0.00812	0.00451	0.00632	0.00812	0.00902	0.01173	0.02076	0.04422	0.02256	0.01083	0.00541	0.00180	0.00361	0.81138	0.00361	0.00361
16	0.03874	0.12561	0.63495	0.01089	0.01609	0.00998	0.08664	0.01231	0.00827	0.01220	0.00686	0.00817	0.00504	0.00364	0.00361	0.00120	0.00557	0.00293	0.00171	0.00560
17	0.00563	0.00388	0.00480	0.00485	0.00504	0.00405	0.00308	0.00602	0.00594	0.00810	0.01232	0.06247	0.01367	0.61020	0.22955	0.00433	0.00543	0.00558	0.00237	0.00270
18	0.00484	0.00346	0.00462	0.00553	0.00579	0.00324	0.00375	0.00557	0.00757	0.01008	0.02157	0.82653	0.02579	0.01222	0.00502	0.00160	0.00233	0.04366	0.00364	0.00320
19	0.21333	0.05865	0.00973	0.00792	0.01031	0.21669	0.00628	0.11930	0.29042	0.01565	0.00969	0.00974	0.00743	0.00443	0.00343	0.00118	0.00428	0.00319	0.00301	0.00534
20	0.00846	0.16505	0.11744	0.43594	0.17750	0.01011	0.01079	0.01101	0.00812	0.01070	0.00678	0.00928	0.00535	0.00371	0.00363	0.00119	0.00500	0.00316	0.00176	0.00501

[dist]
# distance from previous block
# <min> <max>
1	19

[block]
# block no. 5 follows, 69 sequences, length 8
# corresponding to MSA columns:
# 568-575
name=unknown_F
#
# <colnr> <probs for GDERKNQSTAVLIFYWHMCP>
#	G	D	E	R	K	N	Q	S	T	A	V	L	I	F	Y	W	H	M	C	P
0	0.01127	0.51116	0.08616	0.00921	0.07022	0.14059	0.02781	0.05888	0.00926	0.03421	0.00638	0.00730	0.00536	0.00362	0.00304	0.00096	0.00484	0.00252	0.00197	0.00525
1	0.57340	0.03324	0.04480	0.02493	0.00929	0.03074	0.00551	0.04256	0.00814	0.16228	0.00748	0.00796	0.00542	0.00399	0.00314	0.00121	0.02562	0.00260	0.00281	0.00487
2	0.02636	0.00755	0.05853	0.03909	0.01086	0.00709	0.16065	0.07029	0.12805	0.06004	0.01067	0.01562	0.00953	0.25757	0.01016	0.11222	0.00435	0.00445	0.00265	0.00427
3	0.01175	0.00707	0.00858	0.00654	0.00968	0.00608	0.00527	0.01478	0.12914	0.30976	0.01132	0.01094	0.00810	0.00395	0.00343	0.00092	0.00309	0.00321	0.00347	0.44291
4	0.01374	0.01030	0.01292	0.00980	0.01288	0.01105	0.12610	0.62385	0.01602	0.05822	0.00932	0.00990	0.00671	0.00502	0.00467	0.05153	0.00455	0.00370	0.00355	0.00618
5	0.00813	0.00697	0.00813	0.00581	0.00929	0.00523	0.00465	0.00987	0.00813	0.01277	0.00697	0.00813	0.00581	0.00290	0.00290	0.00058	0.00290	0.00232	0.00232	0.88619
6	0.01012	0.00818	0.01359	0.28623	0.45819	0.00860	0.01075	0.01242	0.00891	0.13256	0.00842	0.01047	0.00641	0.00383	0.00390	0.00122	0.00465	0.00356	0.00230	0.00568
7	0.00483	0.00346	0.00460	0.00542	0.00570	0.00322	0.00364	0.00560	0.00777	0.01044	0.08250	0.79756	0.02676	0.01196	0.00498	0.00157	0.00224	0.01084	0.00369	0.00322

[dist]
# distance from previous block
# <min> <max>
6	12

[block]
# block no. 6 follows, 69 sequences, length 74
# corresponding to MSA columns:
# 591-664
name=unknown_G
#
# <colnr> <probs for GDERKNQSTAVLIFYWHMCP>
#	G	D	E	R	K	N	Q	S	T	A	V	L	I	F	Y	W	H	M	C	P
0	0.01892	0.02015	0.09618	0.21734	0.01372	0.03644	0.02311	0.02004	0.06683	0.08417	0.10195	0.11837	0.09007	0.01906	0.00445	0.00131	0.01424	0.00523	0.00293	0.04549
1	0.00965	0.32862	0.33032	0.00885	0.01281	0.03998	0.03745	0.04252	0.02718	0.04885	0.00792	0.04421	0.00667	0.03442	0.00395	0.00119	0.00483	0.00320	0.00208	0.00530
2	0.00858	0.18566	0.52229	0.02807	0.01560	0.01043	0.09213	0.02720	0.00841	0.01184	0.00718	0.03033	0.00566	0.00394	0.00385	0.00119	0.02723	0.00316	0.00179	0.00547
3	0.00514	0.00411	0.00465	0.00454	0.00569	0.00372	0.00340	0.00665	0.03012	0.01209	0.27490	0.03267	0.49415	0.03254	0.06662	0.00172	0.00264	0.00746	0.00371	0.00349
4	0.03390	0.00693	0.06142	0.03289	0.03782	0.04546	0.00561	0.02015	0.08499	0.06590	0.19533	0.08825	0.07816	0.05843	0.11998	0.00207	0.00422	0.00543	0.00319	0.04989
5	0.00897	0.02960	0.02310	0.06846	0.08989	0.01856	0.02279	0.03336	0.05950	0.07658	0.00867	0.01214	0.00763	0.08519	0.13594	0.01212	0.29676	0.00383	0.00232	0.00460
6	0.00562	0.00404	0.00561	0.00574	0.00629	0.00443	0.00425	0.00671	0.00655	0.00925	0.01301	0.10252	0.02659	0.18442	0.52158	0.00487	0.00763	0.04365	0.03398	0.00326
7	0.00560	0.00420	0.00630	0.00630	0.00700	0.00490	0.00490	0.00700	0.00630	0.00910	0.01050	0.01540	0.00980	0.02940	0.84669	0.00630	0.01050	0.00420	0.00210	0.00350
8	0.02349	0.00726	0.01079	0.02085	0.02606	0.01819	0.09579	0.00893	0.00668	0.00995	0.00834	0.06412	0.00832	0.10012	0.13522	0.00251	0.41570	0.00436	0.02928	0.00403
9	0.00888	0.03899	0.07197	0.01334	0.15897	0.02200	0.27125	0.01355	0.20645	0.01327	0.04919	0.06306	0.04120	0.00486	0.00421	0.00128	0.00464	0.00478	0.00269	0.00541
10	0.00633	0.00433	0.00592	0.00655	0.00743	0.00420	0.00544	0.00791	0.00905	0.04304	0.10589	0.18414	0.05263	0.01054	0.00518	0.00167	0.00313	0.52924	0.00374	0.00365
11	0.00507	0.00372	0.00464	0.00496	0.00564	0.00339	0.00351	0.00622	0.00897	0.01211	0.29174	0.41147	0.18050	0.01024	0.00475	0.00141	0.00207	0.00908	0.02711	0.00339
12	0.01207	0.00597	0.00754	0.00624	0.00826	0.00563	0.00491	0.07752	0.01025	0.41355	0.05277	0.03584	0.15502	0.11577	0.04094	0.00179	0.03165	0.00515	0.00399	0.00514
13	0.00627	0.04609	0.00674	0.00603	0.00693	0.00521	0.00470	0.00759	0.00677	0.03916	0.01217	0.05667	0.03973	0.05445	0.63753	0.00512	0.00861	0.00460	0.04199	0.00363
14	0.00568	0.00429	0.00544	0.00603	0.00706	0.00405	0.00506	0.00716	0.00894	0.01128	0.02737	0.07080	0.30506	0.01057	0.00513	0.00163	0.00300	0.50435	0.00362	0.00349
15	0.00745	0.00703	0.01177	0.82263	0.02640	0.00883	0.01080	0.01000	0.00777	0.01000	0.00690	0.01038	0.00522	0.00402	0.00424	0.00132	0.03566	0.00348	0.00174	0.00435
16	0.00571	0.00469	0.00675	0.22044	0.04044	0.00492	0.00566	0.00698	0.00788	0.01020	0.03854	0.35210	0.19019	0.02283	0.03781	0.02725	0.00341	0.00766	0.00298	0.00358
17	0.00539	0.00385	0.00525	0.00616	0.00665	0.00371	0.00470	0.00651	0.00811	0.01069	0.02127	0.53693	0.02460	0.01171	0.00517	0.00168	0.00280	0.32786	0.00363	0.00335
18	0.00562	0.00414	0.00598	0.00598	0.00657	0.00473	0.00450	0.00680	0.00621	0.00886	0.01079	0.01702	0.01050	0.16085	0.71621	0.00591	0.00944	0.00444	0.00214	0.00332
19	0.00908	0.01016	0.02161	0.05613	0.04632	0.00979	0.71377	0.01221	0.00909	0.01239	0.02382	0.01083	0.00650	0.00356	0.00486	0.00133	0.03677	0.00454	0.00201	0.00521
20	0.00851	0.04971	0.09965	0.02610	0.19924	0.09709	0.05812	0.02659	0.02736	0.01353	0.29898	0.01669	0.02911	0.00534	0.00406	0.00118	0.00401	0.00469	0.02519	0.00486
21	0.00749	0.00387	0.00389	0.00383	0.00480	0.00392	0.00289	0.02401	0.02314	0.01483	0.01278	0.01452	0.01002	0.00458	0.00278	0.00093	0.00189	0.00367	0.85240	0.00375
22	0.02449	0.00768	0.01337	0.61765	0.04648	0.00911	0.12709	0.01055	0.00796	0.02240	0.00707	0.01027	0.00540	0.00405	0.00468	0.00133	0.07040	0.00363	0.00184	0.00457
23	0.00478	0.00341	0.00455	0.00546	0.00569	0.00318	0.00364	0.00546	0.00751	0.01001	0.02161	0.85966	0.02593	0.01228	0.00500	0.00159	0.00227	0.01114	0.00364	0.00318
24	0.00549	0.00401	0.00516	0.00487	0.00582	0.00367	0.00365	0.00728	0.01096	0.01539	0.78391	0.02983	0.08899	0.00814	0.00462	0.00124	0.00186	0.00717	0.00427	0.00367
25	0.00858	0.00858	0.01201	0.01029	0.01029	0.01201	0.00858	0.00943	0.00600	0.00943	0.00515	0.00858	0.00515	0.00686	0.01287	0.00172	0.85505	0.00343	0.00172	0.00429
26	0.01759	0.00667	0.00910	0.00698	0.01001	0.00576	0.00576	0.01911	0.01122	0.84048	0.01547	0.01334	0.00970	0.00485	0.00394	0.00121	0.00334	0.00394	0.00485	0.00667
27	0.01048	0.86458	0.02054	0.00671	0.01006	0.01551	0.00671	0.01174	0.00797	0.00922	0.00545	0.00629	0.00503	0.00335	0.00252	0.00084	0.00419	0.00210	0.00168	0.00503
28	0.00478	0.00341	0.00455	0.00546	0.00569	0.00318	0.00364	0.00546	0.00751	0.01001	0.02161	0.85966	0.02593	0.01228	0.00500	0.00159	0.00227	0.01114	0.00364	0.00318
29	0.01490	0.01098	0.01177	0.00902	0.01216	0.01216	0.00745	0.82470	0.01843	0.02471	0.00941	0.00941	0.00667	0.00471	0.00392	0.00118	0.00431	0.00353	0.00392	0.00667
30	0.00786	0.02028	0.84191	0.01117	0.01697	0.00910	0.01448	0.01242	0.00828	0.01242	0.00704	0.00828	0.00497	0.00372	0.00372	0.00124	0.00579	0.00290	0.00166	0.00579
31	0.00560	0.00420	0.00630	0.00630	0.00700	0.00490	0.00490	0.00700	0.00630	0.00910	0.01050	0.01540	0.00980	0.02940	0.84669	0.00630	0.01050	0.00420	0.00210	0.00350
32	0.01464	0.01868	0.01111	0.01010	0.01212	0.84648	0.00757	0.01565	0.01111	0.00959	0.00606	0.00707	0.00505	0.00404	0.00353	0.00101	0.00707	0.00252	0.00202	0.00454
33	0.01129	0.00829	0.00896	0.00741	0.00984	0.00889	0.00597	0.37420	0.19847	0.07534	0.03374	0.01823	0.19345	0.00620	0.00414	0.00126	0.00340	0.02127	0.00394	0.00570
34	0.00473	0.00379	0.00423	0.00451	0.00545	0.00329	0.00323	0.00568	0.00860	0.01071	0.08142	0.30194	0.52749	0.01057	0.00475	0.00140	0.00207	0.00913	0.00368	0.00329
35	0.00543	0.00404	0.00522	0.00501	0.00597	0.00382	0.00380	0.00710	0.01010	0.01401	0.59456	0.02890	0.15003	0.01122	0.11802	0.00194	0.00306	0.02024	0.00391	0.00361
36	0.00844	0.00835	0.01164	0.01001	0.01001	0.01162	0.00828	0.00926	0.00599	0.00935	0.00549	0.00939	0.00558	0.04758	0.01320	0.00181	0.81452	0.00354	0.00175	0.00420
37	0.01039	0.12199	0.19804	0.04337	0.16609	0.21305	0.15818	0.01291	0.00918	0.01129	0.00688	0.00868	0.00551	0.01323	0.00391	0.00117	0.00580	0.00318	0.00187	0.00529
38	0.23553	0.29012	0.06103	0.03138	0.07098	0.10830	0.05737	0.06814	0.00885	0.01314	0.00621	0.00738	0.00509	0.00370	0.00321	0.00108	0.01878	0.00261	0.00210	0.00500
39	0.00945	0.05015	0.04359	0.07235	0.54481	0.02775	0.09378	0.01178	0.00888	0.03007	0.02000	0.05410	0.00754	0.00406	0.00395	0.00120	0.00477	0.00396	0.00210	0.00571
40	0.00482	0.00348	0.00457	0.00543	0.00574	0.00323	0.00369	0.00555	0.00763	0.01009	0.02259	0.78876	0.07091	0.01211	0.00500	0.00158	0.00230	0.03568	0.00364	0.00320
41	0.00573	0.00423	0.00625	0.00621	0.00682	0.00492	0.00476	0.00689	0.00620	0.00891	0.01032	0.01569	0.00982	0.07713	0.74127	0.04718	0.02796	0.00423	0.00209	0.00337
42	0.00498	0.00406	0.00444	0.00456	0.00576	0.00353	0.00354	0.00616	0.00907	0.01114	0.10090	0.03786	0.63278	0.02318	0.00499	0.00143	0.00225	0.13232	0.00367	0.00337
43	0.00479	0.00395	0.00401	0.00401	0.00515	0.00338	0.00289	0.00564	0.00848	0.01017	0.03582	0.03601	0.71931	0.13111	0.00681	0.00168	0.00224	0.00791	0.00346	0.00318
44	0.01048	0.86458	0.02054	0.00671	0.01006	0.01551	0.00671	0.01174	0.00797	0.00922	0.00545	0.00629	0.00503	0.00335	0.00252	0.00084	0.00419	0.00210	0.00168	0.00503
45	0.00555	0.00401	0.00524	0.00493	0.00586	0.00370	0.00370	0.00740	0.01110	0.01572	0.83570	0.02928	0.03699	0.00801	0.00462	0.00123	0.00185	0.00709	0.00432	0.00370
46	0.01490	0.01098	0.01177	0.00902	0.01216	0.01216	0.00745	0.82470	0.01843	0.02471	0.00941	0.00941	0.00667	0.00471	0.00392	0.00118	0.00431	0.00353	0.00392	0.00667
47	0.00925	0.01058	0.02313	0.01652	0.02049	0.00991	0.82353	0.01256	0.00925	0.01256	0.00793	0.01058	0.00595	0.00330	0.00463	0.00132	0.00661	0.00463	0.00198	0.00529
48	0.01490	0.01098	0.01177	0.00902	0.01216	0.01216	0.00745	0.82470	0.01843	0.02471	0.00941	0.00941	0.00667	0.00471	0.00392	0.00118	0.00431	0.00353	0.00392	0.00667
49	0.00555	0.00401	0.00524	0.00493	0.00586	0.00370	0.00370	0.00740	0.01110	0.01572	0.83570	0.02928	0.03699	0.00801	0.00462	0.00123	0.00185	0.00709	0.00432	0.00370
50	0.00817	0.01816	0.66283	0.01234	0.01774	0.00928	0.19143	0.01245	0.00849	0.01245	0.00723	0.00878	0.00518	0.00363	0.00392	0.00126	0.00597	0.00328	0.00173	0.00568
51	0.00820	0.00723	0.00875	0.00653	0.00945	0.00632	0.00528	0.00980	0.00779	0.01224	0.00668	0.00820	0.00570	0.00354	0.00451	0.00076	0.13991	0.00250	0.00223	0.74440
52	0.00881	0.25525	0.54876	0.00989	0.01473	0.04043	0.02827	0.01223	0.00827	0.01136	0.00665	0.00788	0.00511	0.00418	0.02155	0.00123	0.00551	0.00272	0.00169	0.00548
53	0.00858	0.00858	0.01201	0.01029	0.01029	0.01201	0.00858	0.00943	0.00600	0.00943	0.00515	0.00858	0.00515	0.00686	0.01287	0.00172	0.85505	0.00343	0.00172	0.00429
54	0.00816	0.00707	0.00856	0.00612	0.00961	0.00536	0.02834	0.00995	0.00816	0.01277	0.00700	0.00820	0.00581	0.00291	0.00295	0.00060	0.00301	0.00239	0.00231	0.86070
55	0.00726	0.00516	0.00725	0.00762	0.00875	0.00525	0.02739	0.04684	0.00947	0.04198	0.01930	0.03968	0.02047	0.01003	0.00547	0.00174	0.02620	0.70264	0.00358	0.00392
56	0.01550	0.01003	0.01118	0.00857	0.01168	0.01075	0.00708	0.64706	0.01684	0.20459	0.01075	0.01028	0.00734	0.00474	0.00393	0.00118	0.00410	0.00362	0.00413	0.00667
57	0.00481	0.00344	0.00459	0.00550	0.00574	0.00321	0.00370	0.00552	0.00754	0.01005	0.02159	0.84132	0.02585	0.01225	0.00501	0.00160	0.00230	0.02915	0.00364	0.00319
58	0.01022	0.78113	0.10173	0.00715	0.01074	0.01488	0.00748	0.01181	0.00800	0.00954	0.00561	0.00649	0.00502	0.00339	0.00264	0.00088	0.00435	0.00218	0.00167	0.00511
59	0.00570	0.00380	0.00428	0.00428	0.00428	0.00380	0.00238	0.00570	0.00570	0.00760	0.01235	0.02566	0.01425	0.86222	0.01995	0.00380	0.00380	0.00570	0.00238	0.00238
60	0.00478	0.00341	0.00455	0.00546	0.00569	0.00318	0.00364	0.00546	0.00751	0.01001	0.02161	0.85966	0.02593	0.01228	0.00500	0.00159	0.00227	0.01114	0.00364	0.00318
61	0.00740	0.00697	0.01176	0.85280	0.02700	0.00871	0.01089	0.01002	0.00784	0.01002	0.00697	0.01045	0.00523	0.00392	0.00392	0.00131	0.00523	0.00348	0.00174	0.00436
62	0.00632	0.00451	0.00632	0.00722	0.00812	0.00451	0.00632	0.00812	0.00902	0.01173	0.02076	0.04422	0.02256	0.01083	0.00541	0.00180	0.00361	0.81138	0.00361	0.00361
63	0.01048	0.86458	0.02054	0.00671	0.01006	0.01551	0.00671	0.01174	0.00797	0.00922	0.00545	0.00629	0.00503	0.00335	0.00252	0.00084	0.00419	0.00210	0.00168	0.00503
64	0.00465	0.00397	0.00400	0.00399	0.00531	0.00332	0.00299	0.00566	0.00898	0.01070	0.05631	0.03755	0.81952	0.00989	0.00463	0.00132	0.00198	0.00825	0.00365	0.00332
65	0.00966	0.00927	0.01584	0.03841	0.82373	0.00930	0.01201	0.01200	0.00891	0.01276	0.00737	0.00972	0.00619	0.00350	0.00388	0.00117	0.00467	0.00349	0.00194	0.00618
66	0.01464	0.01868	0.01111	0.01010	0.01212	0.84648	0.00757	0.01565	0.01111	0.00959	0.00606	0.00707	0.00505	0.00404	0.00353	0.00101	0.00707	0.00252	0.00202	0.00454
67	0.00533	0.00399	0.00483	0.00462	0.00566	0.00358	0.00346	0.00693	0.01039	0.01420	0.58237	0.03135	0.26881	0.00848	0.00458	0.00125	0.00189	0.00734	0.02735	0.00358
68	0.03742	0.01812	0.01099	0.00993	0.01200	0.79482	0.00748	0.04452	0.01126	0.01034	0.00616	0.00714	0.00509	0.00405	0.00352	0.00102	0.00687	0.00255	0.00210	0.00461
69	0.09891	0.43412	0.03546	0.00690	0.00957	0.06665	0.00624	0.08588	0.00904	0.04832	0.00866	0.08305	0.00824	0.04876	0.00402	0.00120	0.00407	0.03370	0.00240	0.00481
70	0.00565	0.00400	0.00531	0.00531	0.00566	0.00436	0.00366	0.00636	0.00601	0.00836	0.01141	0.02044	0.01199	0.43883	0.44026	0.00507	0.00721	0.00494	0.00224	0.00295
71	0.00570	0.00380	0.00428	0.00428	0.00428	0.00380	0.00238	0.00570	0.00570	0.00760	0.01235	0.02566	0.01425	0.86222	0.01995	0.00380	0.00380	0.00570	0.00238	0.00238
72	0.06011	0.02650	0.26241	0.11634	0.02466	0.03785	0.10463	0.19649	0.03770	0.02644	0.01873	0.01138	0.00711	0.00442	0.00391	0.00126	0.00504	0.04700	0.00254	0.00550
73	0.00866	0.00812	0.01355	0.46497	0.37671	0.00909	0.01126	0.03969	0.00868	0.01174	0.00723	0.01009	0.00570	0.00376	0.00390	0.00124	0.00495	0.00349	0.00190	0.00524

[dist]
# distance from previous block
# <min> <max>
0	4

[block]
# block no. 7 follows, 69 sequences, length 18
# corresponding to MSA columns:
# 669-686
name=unknown_H
#
# <colnr> <probs for GDERKNQSTAVLIFYWHMCP>
#	G	D	E	R	K	N	Q	S	T	A	V	L	I	F	Y	W	H	M	C	P
0	0.41271	0.03025	0.01014	0.02508	0.21149	0.12040	0.00721	0.05169	0.00845	0.02535	0.00633	0.00772	0.00511	0.00393	0.00372	0.00120	0.05929	0.00271	0.00228	0.00494
1	0.00530	0.00403	0.00452	0.00443	0.00562	0.00348	0.00331	0.00652	0.00950	0.03792	0.25522	0.09058	0.53682	0.00941	0.00463	0.00131	0.00201	0.00801	0.00386	0.00351
2	0.01165	0.21504	0.09145	0.00983	0.03883	0.23676	0.10758	0.06259	0.01011	0.08306	0.05506	0.00962	0.00761	0.00442	0.01587	0.00114	0.00529	0.00321	0.00240	0.02850
3	0.00521	0.00404	0.00478	0.00463	0.00573	0.00355	0.00344	0.00662	0.00984	0.01313	0.42777	0.10552	0.34548	0.00897	0.00461	0.00128	0.00197	0.00776	0.00393	0.03173
4	0.00559	0.00392	0.00485	0.00488	0.00527	0.00406	0.00327	0.00621	0.00637	0.00872	0.01487	0.05675	0.09409	0.45789	0.26846	0.00412	0.00552	0.00564	0.03664	0.00289
5	0.01103	0.00889	0.00999	0.00757	0.01073	0.05592	0.04232	0.26611	0.01175	0.05371	0.00863	0.00994	0.00677	0.00389	0.00345	0.00090	0.00376	0.02435	0.02627	0.43401
6	0.00786	0.02028	0.84191	0.01117	0.01697	0.00910	0.01448	0.01242	0.00828	0.01242	0.00704	0.00828	0.00497	0.00372	0.00372	0.00124	0.00579	0.00290	0.00166	0.00579
7	0.00765	0.00716	0.01205	0.71479	0.12729	0.00861	0.01084	0.01019	0.00802	0.01043	0.00758	0.01174	0.00606	0.00415	0.00398	0.00131	0.00509	0.03664	0.00184	0.00456
8	0.00811	0.06738	0.00832	0.10215	0.01003	0.02828	0.02974	0.04244	0.03926	0.10760	0.10083	0.27048	0.09879	0.02054	0.00461	0.00139	0.00326	0.04910	0.00340	0.00428
9	0.00488	0.00389	0.00422	0.00440	0.00549	0.00338	0.00327	0.00593	0.00875	0.01089	0.06165	0.17344	0.59986	0.01009	0.00466	0.00137	0.00211	0.04943	0.03897	0.00333
10	0.00570	0.00380	0.00428	0.00428	0.00428	0.00380	0.00238	0.00570	0.00570	0.00760	0.01235	0.02566	0.01425	0.86222	0.01995	0.00380	0.00380	0.00570	0.00238	0.00238
11	0.03575	0.01062	0.08198	0.06664	0.20826	0.00984	0.38565	0.07112	0.03490	0.01349	0.00786	0.01003	0.00605	0.00372	0.00451	0.00128	0.03666	0.00396	0.00214	0.00555
12	0.00560	0.00385	0.00454	0.00457	0.00474	0.00390	0.00279	0.00586	0.00601	0.00804	0.01384	0.05542	0.05595	0.67747	0.12808	0.00392	0.00454	0.00583	0.00245	0.00260
13	0.00515	0.00412	0.00462	0.00447	0.00567	0.00366	0.00336	0.00679	0.03504	0.01280	0.35349	0.03368	0.49507	0.00903	0.00461	0.00129	0.00197	0.00769	0.00392	0.00355
14	0.00736	0.00587	0.00623	0.00576	0.00750	0.00600	0.00443	0.01241	0.33367	0.05541	0.07022	0.02693	0.42732	0.00775	0.00434	0.00132	0.00249	0.00648	0.00387	0.00464
15	0.01209	0.05782	0.16904	0.01021	0.04698	0.05384	0.06512	0.32415	0.13908	0.06792	0.00977	0.01005	0.00711	0.00437	0.00385	0.00120	0.00466	0.00352	0.00313	0.00612
16	0.03896	0.22415	0.32105	0.00835	0.01229	0.03122	0.00904	0.03238	0.03280	0.02501	0.00717	0.00867	0.00582	0.03811	0.00418	0.00113	0.03115	0.00277	0.00202	0.16373
