[name]
unknown

[dist]
# distance from previous block
# <min> <max>
0	35

[block]
# block no. 0 follows, 58 sequences, length 17
# corresponding to MSA columns:
# 70-86
name=unknown_A
#
# <colnr> <probs for GDERKNQSTAVLIFYWHMCP>
#	G	D	E	R	K	N	Q	S	T	A	V	L	I	F	Y	W	H	M	C	P
0	0.01221	0.05884	0.03773	0.04545	0.18644	0.18052	0.00899	0.06391	0.03852	0.07444	0.07166	0.03483	0.02511	0.00614	0.02468	0.00144	0.03232	0.01898	0.00303	0.07478
1	0.01100	0.06940	0.10277	0.19137	0.20592	0.01054	0.06899	0.07969	0.06574	0.06415	0.02969	0.04037	0.00893	0.00490	0.00442	0.00138	0.00525	0.00437	0.00281	0.02832
2	0.03531	0.05068	0.05052	0.03959	0.08481	0.04367	0.08104	0.05896	0.08135	0.06294	0.10449	0.06887	0.16373	0.02613	0.00539	0.00151	0.02600	0.00606	0.00351	0.00545
3	0.01195	0.01030	0.02945	0.00850	0.01091	0.12241	0.00676	0.18682	0.15462	0.07081	0.14730	0.11484	0.04679	0.00713	0.00467	0.00139	0.00416	0.00589	0.00412	0.05118
4	0.03765	0.00687	0.01009	0.20670	0.10082	0.00726	0.02833	0.03514	0.04621	0.08398	0.06192	0.28604	0.03931	0.00819	0.00489	0.00155	0.00403	0.00731	0.01860	0.00510
5	0.04946	0.38880	0.15279	0.02881	0.07914	0.09934	0.02829	0.05455	0.01041	0.05965	0.00777	0.00884	0.00623	0.00420	0.00361	0.00117	0.00546	0.00303	0.00236	0.00609
6	0.07422	0.11222	0.08427	0.09536	0.01529	0.31860	0.00921	0.15222	0.07056	0.01543	0.00848	0.00952	0.00660	0.00468	0.00399	0.00126	0.00614	0.00330	0.00276	0.00589
7	0.00561	0.00398	0.00512	0.00596	0.00622	0.00375	0.00390	0.00628	0.00830	0.01101	0.02372	0.68610	0.05457	0.14301	0.00835	0.00220	0.00286	0.01164	0.00393	0.00349
8	0.00744	0.00511	0.00587	0.00578	0.00682	0.00507	0.00413	0.04459	0.06245	0.03456	0.08223	0.18924	0.17173	0.17211	0.05694	0.00237	0.00352	0.00773	0.12818	0.00414
9	0.05333	0.08137	0.11329	0.01314	0.11729	0.12341	0.11363	0.06230	0.08013	0.12784	0.01030	0.01123	0.00770	0.00474	0.00466	0.00135	0.03905	0.00389	0.02499	0.00635
10	0.01044	0.00768	0.01015	0.00874	0.02751	0.03136	0.10168	0.05902	0.12235	0.14496	0.10194	0.10259	0.22062	0.00797	0.00495	0.00148	0.00374	0.00699	0.02032	0.00550
11	0.00570	0.00410	0.00513	0.00575	0.00616	0.00383	0.00381	0.00648	0.00869	0.01151	0.08869	0.54059	0.11176	0.16566	0.00876	0.00221	0.00284	0.01085	0.00395	0.00353
12	0.03038	0.06416	0.09842	0.07883	0.06882	0.27344	0.00978	0.19157	0.05069	0.04056	0.00916	0.02432	0.00720	0.00498	0.00449	0.00131	0.02916	0.00366	0.00293	0.00614
13	0.07905	0.05526	0.16611	0.08914	0.12218	0.01099	0.09360	0.14452	0.08307	0.06478	0.02702	0.02630	0.00849	0.00486	0.00434	0.00140	0.00525	0.00416	0.00304	0.00644
14	0.00644	0.00469	0.00533	0.00525	0.00646	0.00426	0.00385	0.00819	0.03641	0.03495	0.25020	0.11894	0.36991	0.06081	0.00620	0.00165	0.00245	0.00861	0.06133	0.00405
15	0.08184	0.01106	0.01221	0.04147	0.02525	0.10085	0.07159	0.27395	0.13363	0.01889	0.01120	0.02807	0.00891	0.00958	0.13096	0.00227	0.00621	0.00428	0.00344	0.02436
16	0.12849	0.12674	0.04719	0.06164	0.01297	0.04650	0.03985	0.14674	0.15762	0.05019	0.03302	0.04643	0.02573	0.00613	0.02280	0.00149	0.00464	0.00435	0.03151	0.00598

[dist]
# distance from previous block
# <min> <max>
0	8

[block]
# block no. 1 follows, 58 sequences, length 18
# corresponding to MSA columns:
# 96-113
name=unknown_B
#
# <colnr> <probs for GDERKNQSTAVLIFYWHMCP>
#	G	D	E	R	K	N	Q	S	T	A	V	L	I	F	Y	W	H	M	C	P
0	0.07182	0.19215	0.09774	0.04842	0.10945	0.11941	0.00894	0.05953	0.02732	0.01431	0.00776	0.00912	0.00633	0.00406	0.00365	0.00109	0.00507	0.00303	0.00244	0.20836
1	0.01150	0.01330	0.02922	0.01383	0.07217	0.24838	0.25798	0.01409	0.04036	0.01302	0.04517	0.01534	0.10612	0.00569	0.00580	0.00143	0.09357	0.00492	0.00266	0.00544
2	0.00663	0.00511	0.00603	0.00620	0.00726	0.00498	0.00448	0.03976	0.09631	0.01414	0.16382	0.39609	0.20956	0.01136	0.00536	0.00162	0.00263	0.01000	0.00434	0.00430
3	0.00552	0.00392	0.00517	0.00614	0.00638	0.00368	0.00405	0.00625	0.00842	0.01123	0.02393	0.78457	0.02868	0.07055	0.00687	0.00199	0.00271	0.01229	0.00405	0.00357
4	0.00594	0.00450	0.00548	0.00536	0.00648	0.00404	0.00397	0.00764	0.01156	0.01562	0.51436	0.11007	0.26818	0.01023	0.00532	0.00147	0.00220	0.00891	0.00463	0.00404
5	0.00619	0.00469	0.00580	0.00603	0.00699	0.00438	0.00434	0.00816	0.05641	0.01397	0.25350	0.39815	0.14415	0.01133	0.00538	0.00160	0.00252	0.02582	0.00434	0.03625
6	0.01125	0.24639	0.06784	0.01390	0.01807	0.01274	0.42760	0.05957	0.01063	0.02903	0.00872	0.01080	0.00681	0.00454	0.01957	0.00142	0.00637	0.00422	0.03451	0.00600
7	0.01137	0.02255	0.03265	0.21052	0.08661	0.04901	0.12726	0.05920	0.01063	0.09594	0.00919	0.01110	0.00695	0.00423	0.00441	0.00123	0.01901	0.00379	0.00274	0.23162
8	0.02925	0.02739	0.16233	0.04784	0.11713	0.13333	0.01004	0.17416	0.05563	0.04202	0.03311	0.03971	0.03843	0.00537	0.00453	0.00134	0.02050	0.00425	0.00308	0.05057
9	0.00622	0.00437	0.00553	0.00601	0.00671	0.00407	0.00418	0.00760	0.03113	0.03801	0.16088	0.53182	0.12597	0.03800	0.00604	0.00177	0.00259	0.01087	0.00429	0.00394
10	0.01098	0.00790	0.00911	0.02694	0.01023	0.00834	0.00616	0.34387	0.01461	0.03867	0.15832	0.24133	0.03708	0.05787	0.00605	0.00167	0.00370	0.00737	0.00432	0.00550
11	0.01174	0.01020	0.02983	0.05787	0.07667	0.04800	0.07842	0.12513	0.04683	0.07014	0.00954	0.01070	0.00732	0.00412	0.00400	0.00106	0.00457	0.00352	0.00305	0.39733
12	0.00711	0.00555	0.00715	0.00707	0.01993	0.00557	0.02048	0.02665	0.09557	0.01323	0.10878	0.27936	0.07753	0.09281	0.15220	0.00281	0.00468	0.00801	0.00368	0.06185
13	0.00556	0.00421	0.00512	0.00559	0.00638	0.00378	0.00393	0.00668	0.00980	0.01279	0.17121	0.44749	0.27663	0.01231	0.00550	0.00165	0.00241	0.01087	0.00429	0.00378
14	0.03994	0.11244	0.01378	0.01082	0.01343	0.63964	0.00841	0.08695	0.01288	0.01269	0.00716	0.00818	0.00590	0.00458	0.00391	0.00115	0.00729	0.00292	0.00247	0.00545
15	0.03907	0.04603	0.01114	0.06187	0.04504	0.05802	0.01736	0.18101	0.02241	0.05596	0.01128	0.06391	0.01022	0.11076	0.12460	0.00262	0.10283	0.00481	0.02575	0.00532
16	0.00550	0.00402	0.00518	0.00598	0.00645	0.00370	0.00407	0.00643	0.00909	0.01203	0.09079	0.67998	0.12373	0.01330	0.00562	0.00175	0.00252	0.01195	0.00421	0.00370
17	0.00997	0.00687	0.00759	0.00701	0.00874	0.00733	0.00529	0.05334	0.30125	0.08104	0.01918	0.11561	0.06438	0.10424	0.00660	0.00178	0.00327	0.02422	0.16687	0.00542

[dist]
# distance from previous block
# <min> <max>
0	2

[block]
# block no. 2 follows, 58 sequences, length 10
# corresponding to MSA columns:
# 116-125
name=unknown_C
#
# <colnr> <probs for GDERKNQSTAVLIFYWHMCP>
#	G	D	E	R	K	N	Q	S	T	A	V	L	I	F	Y	W	H	M	C	P
0	0.01149	0.00994	0.01087	0.03504	0.01238	0.03614	0.00727	0.13301	0.36759	0.01790	0.01274	0.01289	0.00980	0.00530	0.00504	0.00129	0.07277	0.00408	0.00368	0.23077
1	0.00683	0.00445	0.00516	0.00512	0.00532	0.00443	0.00304	0.00702	0.00692	0.03290	0.01549	0.05438	0.04344	0.72185	0.06234	0.00422	0.00459	0.00665	0.00287	0.00299
2	0.04271	0.01161	0.01244	0.00998	0.01308	0.04791	0.03539	0.52819	0.13944	0.02385	0.01266	0.07985	0.01015	0.00606	0.00454	0.00141	0.00470	0.00484	0.00423	0.00695
3	0.01060	0.04631	0.10272	0.09877	0.16570	0.08271	0.15798	0.01420	0.07598	0.04377	0.08225	0.01501	0.05361	0.00524	0.00485	0.00141	0.02539	0.00475	0.00281	0.00593
4	0.00552	0.00398	0.00511	0.00598	0.00632	0.00370	0.00397	0.00627	0.00852	0.01124	0.02539	0.71076	0.08939	0.08248	0.00709	0.00200	0.00271	0.01195	0.00403	0.00357
5	0.01093	0.01009	0.01549	0.07694	0.37330	0.01055	0.09066	0.08055	0.19216	0.01624	0.01343	0.01470	0.06447	0.00510	0.00461	0.00142	0.00494	0.00474	0.00306	0.00664
6	0.01172	0.05983	0.35879	0.03146	0.10200	0.04039	0.10059	0.17071	0.03217	0.03684	0.00908	0.01038	0.00668	0.00446	0.00437	0.00137	0.00604	0.00377	0.00265	0.00670
7	0.01194	0.02904	0.06434	0.02547	0.10093	0.02880	0.08195	0.17163	0.04861	0.09334	0.03887	0.08640	0.03988	0.00657	0.00633	0.00152	0.13885	0.01603	0.00338	0.00610
8	0.24685	0.00908	0.00940	0.00805	0.01091	0.00998	0.00644	0.06425	0.37150	0.19566	0.01442	0.01348	0.01036	0.00539	0.00405	0.00144	0.00366	0.00416	0.00428	0.00662
9	0.06070	0.02614	0.03288	0.08396	0.19814	0.12625	0.07125	0.04258	0.01063	0.07409	0.04689	0.01149	0.00843	0.00469	0.00491	0.00129	0.06222	0.00384	0.00273	0.12688

[dist]
# distance from previous block
# <min> <max>
0	1

[block]
# block no. 3 follows, 58 sequences, length 11
# corresponding to MSA columns:
# 127-137
name=unknown_D
#
# <colnr> <probs for GDERKNQSTAVLIFYWHMCP>
#	G	D	E	R	K	N	Q	S	T	A	V	L	I	F	Y	W	H	M	C	P
0	0.01181	0.19557	0.12635	0.13410	0.03464	0.08997	0.07955	0.06907	0.06343	0.07649	0.03352	0.04745	0.00907	0.00504	0.00420	0.00132	0.00546	0.00416	0.00282	0.00597
1	0.01194	0.01196	0.01523	0.09459	0.42135	0.17389	0.02767	0.01445	0.03393	0.04679	0.03701	0.03621	0.00890	0.00492	0.00489	0.00136	0.04189	0.00424	0.00256	0.00621
2	0.00665	0.00535	0.00587	0.00560	0.00711	0.00503	0.00423	0.04460	0.08612	0.01492	0.23932	0.08190	0.45656	0.01015	0.00520	0.00149	0.00248	0.00862	0.00441	0.00437
3	0.00702	0.00492	0.00600	0.00586	0.00707	0.00459	0.00438	0.00913	0.05194	0.05779	0.35884	0.13647	0.21463	0.05770	0.00631	0.00169	0.00262	0.05428	0.00449	0.00428
4	0.00826	0.00621	0.00760	0.03176	0.05339	0.03967	0.00549	0.01031	0.14560	0.01172	0.05169	0.13271	0.08786	0.01213	0.03416	0.34446	0.00397	0.00602	0.00308	0.00391
5	0.00698	0.05325	0.02636	0.00628	0.00739	0.00519	0.00479	0.00818	0.00921	0.05292	0.04795	0.44581	0.17424	0.01225	0.04096	0.00185	0.02573	0.00961	0.05690	0.00416
6	0.06756	0.54656	0.08351	0.00969	0.04786	0.10536	0.03495	0.03746	0.00987	0.01230	0.00676	0.00790	0.00583	0.00402	0.00330	0.00109	0.00533	0.00273	0.00211	0.00581
7	0.02788	0.19711	0.23888	0.01122	0.04374	0.13316	0.04628	0.08102	0.09336	0.07243	0.00946	0.01016	0.00716	0.00455	0.00401	0.00128	0.00571	0.00347	0.00275	0.00637
8	0.03159	0.07487	0.13940	0.01084	0.02706	0.16657	0.11983	0.08457	0.01109	0.01433	0.04667	0.09997	0.01088	0.04083	0.02313	0.00156	0.00573	0.00482	0.00278	0.08349
9	0.00993	0.00703	0.00785	0.00704	0.00885	0.04446	0.02672	0.09513	0.08273	0.08248	0.07944	0.20445	0.07854	0.00793	0.00453	0.00138	0.00328	0.00679	0.19334	0.04808
10	0.05679	0.08109	0.08926	0.07749	0.04833	0.00896	0.09033	0.05875	0.07598	0.05315	0.05046	0.13693	0.07455	0.04472	0.03211	0.00177	0.00474	0.00596	0.00324	0.00539

[dist]
# distance from previous block
# <min> <max>
18	35

[block]
# block no. 4 follows, 58 sequences, length 6
# corresponding to MSA columns:
# 177,178,182-185
name=unknown_E
#
# <colnr> <probs for GDERKNQSTAVLIFYWHMCP>
#	G	D	E	R	K	N	Q	S	T	A	V	L	I	F	Y	W	H	M	C	P
0	0.01014	0.10949	0.07293	0.07947	0.10741	0.04603	0.06986	0.03452	0.04539	0.07240	0.05109	0.15421	0.07621	0.00690	0.00482	0.00143	0.02370	0.00597	0.02253	0.00551
1	0.03751	0.10832	0.04988	0.00846	0.03257	0.19131	0.00670	0.05141	0.01134	0.03773	0.17516	0.16201	0.09476	0.00773	0.00458	0.00137	0.00441	0.00635	0.00348	0.00496
2	0.01057	0.03358	0.00930	0.02743	0.02887	0.09111	0.00599	0.09104	0.01126	0.08650	0.05642	0.17996	0.09218	0.00717	0.00441	0.00125	0.00383	0.00601	0.02623	0.22689
3	0.06515	0.10060	0.08401	0.04500	0.12005	0.12688	0.04503	0.06901	0.07910	0.03821	0.05150	0.03322	0.07313	0.02075	0.00459	0.00137	0.00503	0.00451	0.00300	0.02986
4	0.03471	0.03527	0.15159	0.05259	0.07511	0.04874	0.11024	0.08176	0.03812	0.04397	0.03656	0.13167	0.07095	0.00643	0.00460	0.00142	0.00490	0.00567	0.03079	0.03491
5	0.00637	0.00447	0.00553	0.00578	0.00662	0.00414	0.00413	0.00751	0.00956	0.04202	0.15778	0.29739	0.21575	0.11856	0.04748	0.00225	0.00324	0.05353	0.00406	0.00384

[dist]
# distance from previous block
# <min> <max>
41	121

[block]
# block no. 5 follows, 58 sequences, length 8
# corresponding to MSA columns:
# 325-332
name=unknown_F
#
# <colnr> <probs for GDERKNQSTAVLIFYWHMCP>
#	G	D	E	R	K	N	Q	S	T	A	V	L	I	F	Y	W	H	M	C	P
0	0.03182	0.03547	0.05179	0.06039	0.12604	0.18287	0.00864	0.10322	0.01117	0.01463	0.00891	0.04641	0.00782	0.03874	0.00525	0.00131	0.04238	0.00379	0.00267	0.21668
1	0.00762	0.00390	0.00568	0.00576	0.00584	0.00388	0.00386	0.00612	0.00625	0.00857	0.00947	0.07785	0.00968	0.01482	0.01574	0.75233	0.00368	0.00459	0.05214	0.00220
2	0.02371	0.17460	0.08053	0.03605	0.12586	0.12813	0.00883	0.08344	0.05674	0.01408	0.03747	0.02978	0.00938	0.06075	0.04121	0.00171	0.02958	0.00398	0.01680	0.03737
3	0.00969	0.00760	0.00832	0.00769	0.00948	0.04041	0.00599	0.14195	0.15557	0.03512	0.14622	0.15321	0.08015	0.03873	0.00570	0.00165	0.00359	0.11313	0.00426	0.03156
4	0.04838	0.02991	0.02537	0.00716	0.00850	0.03933	0.02443	0.08719	0.01002	0.01360	0.05470	0.34428	0.09562	0.07377	0.11434	0.00252	0.00467	0.00829	0.00359	0.00435
5	0.00936	0.00746	0.00941	0.04510	0.06734	0.00635	0.00609	0.01167	0.04737	0.05656	0.01163	0.12845	0.01088	0.04319	0.00478	0.00116	0.00355	0.00461	0.00305	0.52199
6	0.00751	0.00588	0.00680	0.02245	0.00815	0.00566	0.00470	0.04648	0.08557	0.01335	0.06892	0.10826	0.19954	0.18992	0.04435	0.00229	0.00372	0.04620	0.00361	0.12662
7	0.00856	0.00705	0.04904	0.04860	0.00995	0.00613	0.00584	0.03750	0.00964	0.05697	0.04343	0.06087	0.14145	0.04616	0.10386	0.00207	0.03766	0.00536	0.11452	0.20534

[dist]
# distance from previous block
# <min> <max>
15	29

[block]
# block no. 6 follows, 58 sequences, length 9
# corresponding to MSA columns:
# 392-400
name=unknown_G
#
# <colnr> <probs for GDERKNQSTAVLIFYWHMCP>
#	G	D	E	R	K	N	Q	S	T	A	V	L	I	F	Y	W	H	M	C	P
0	0.08007	0.17040	0.07732	0.01143	0.04234	0.29040	0.09806	0.11539	0.01197	0.01473	0.00779	0.00906	0.00622	0.00437	0.00391	0.00121	0.00620	0.00327	0.02151	0.02434
1	0.00903	0.05644	0.07121	0.03677	0.01052	0.03204	0.00695	0.11010	0.01087	0.05030	0.01934	0.36205	0.04999	0.01008	0.00537	0.00165	0.02156	0.12709	0.00377	0.00487
2	0.00632	0.00470	0.00690	0.00698	0.00769	0.00537	0.00531	0.00777	0.00725	0.01036	0.01308	0.08157	0.01290	0.07965	0.71479	0.00661	0.01081	0.00550	0.00255	0.00389
3	0.00865	0.00613	0.00868	0.00829	0.03944	0.00624	0.06088	0.05173	0.02988	0.07811	0.05788	0.16981	0.01759	0.25804	0.11827	0.00315	0.02577	0.04365	0.00342	0.00442
4	0.01081	0.08852	0.05491	0.00854	0.03570	0.09284	0.00694	0.08983	0.01064	0.03057	0.00972	0.06858	0.00871	0.02700	0.05037	0.00142	0.00481	0.00382	0.00282	0.39344
5	0.13557	0.03882	0.05938	0.07179	0.13726	0.21203	0.06333	0.07346	0.02682	0.04154	0.00878	0.02251	0.00715	0.02138	0.03310	0.00156	0.00599	0.00369	0.00266	0.03319
6	0.01068	0.03760	0.05011	0.02043	0.01128	0.02221	0.00679	0.22051	0.06648	0.01786	0.07433	0.09324	0.06739	0.00705	0.02475	0.00138	0.00409	0.01880	0.00362	0.24140
7	0.00867	0.00798	0.03866	0.03475	0.07634	0.04576	0.03407	0.06707	0.02094	0.02944	0.05535	0.18267	0.19466	0.02360	0.01568	0.00153	0.00390	0.02316	0.00351	0.13225
8	0.03463	0.05581	0.08755	0.01174	0.09676	0.07375	0.04219	0.29714	0.04050	0.01840	0.01108	0.05589	0.00960	0.05815	0.04719	0.00186	0.01981	0.02849	0.00328	0.00618

[dist]
# distance from previous block
# <min> <max>
0	8

[block]
# block no. 7 follows, 58 sequences, length 14
# corresponding to MSA columns:
# 409-422
name=unknown_H
#
# <colnr> <probs for GDERKNQSTAVLIFYWHMCP>
#	G	D	E	R	K	N	Q	S	T	A	V	L	I	F	Y	W	H	M	C	P
0	0.00841	0.00781	0.03326	0.00983	0.01204	0.00724	0.18269	0.06843	0.06270	0.01436	0.03466	0.35105	0.04980	0.00893	0.00533	0.00156	0.01917	0.03318	0.00355	0.08597
1	0.00635	0.00468	0.00588	0.00620	0.02418	0.00430	0.00440	0.00806	0.02745	0.03193	0.32929	0.27010	0.21901	0.01091	0.00538	0.00157	0.00248	0.02924	0.00444	0.00414
2	0.01272	0.23648	0.07297	0.01007	0.01325	0.17146	0.07164	0.18567	0.01225	0.01499	0.00910	0.03460	0.00783	0.03418	0.09201	0.00195	0.00650	0.00383	0.00272	0.00578
3	0.02793	0.06234	0.04247	0.02800	0.07916	0.29967	0.15130	0.06887	0.02762	0.03488	0.00893	0.03473	0.00759	0.03876	0.00586	0.00147	0.06808	0.00407	0.00258	0.00566
4	0.00678	0.00442	0.00594	0.00671	0.00739	0.00415	0.00493	0.00790	0.00926	0.06492	0.02465	0.59300	0.05277	0.01302	0.00572	0.00183	0.00299	0.17538	0.00424	0.00400
5	0.01512	0.00967	0.01095	0.00920	0.03819	0.04173	0.00716	0.32216	0.05948	0.24510	0.14286	0.01722	0.04831	0.00624	0.00463	0.00137	0.00411	0.00505	0.00467	0.00676
6	0.02850	0.17901	0.08231	0.01224	0.09845	0.32825	0.04197	0.07613	0.03470	0.01343	0.00925	0.04321	0.02411	0.00494	0.00404	0.00123	0.00619	0.00371	0.00254	0.00579
7	0.05569	0.02794	0.00971	0.00767	0.01039	0.02210	0.00620	0.19041	0.04682	0.32927	0.03492	0.07089	0.01202	0.00602	0.00424	0.00134	0.00371	0.00484	0.14939	0.00644
8	0.00568	0.00414	0.00518	0.00573	0.00627	0.00382	0.00389	0.00663	0.00919	0.01219	0.14664	0.50748	0.14402	0.10835	0.00755	0.00200	0.00267	0.01082	0.00410	0.00364
9	0.00804	0.00789	0.04037	0.02133	0.02473	0.03957	0.18124	0.01034	0.02839	0.03003	0.13143	0.21744	0.14909	0.00900	0.00552	0.00159	0.02378	0.06187	0.00361	0.00474
10	0.01450	0.18241	0.03333	0.01132	0.05693	0.03832	0.09881	0.29988	0.03729	0.12402	0.03104	0.01139	0.00848	0.00495	0.00452	0.00131	0.02722	0.00398	0.00354	0.00675
11	0.00551	0.00414	0.00511	0.00571	0.00639	0.00374	0.00396	0.00655	0.00949	0.01238	0.12499	0.53197	0.23838	0.01272	0.00555	0.00169	0.00245	0.01129	0.00425	0.00374
12	0.00632	0.00483	0.00676	0.00678	0.00771	0.00457	0.05645	0.00795	0.03076	0.01297	0.10944	0.45674	0.12378	0.02495	0.02940	0.00185	0.00316	0.03338	0.06820	0.00402
13	0.00979	0.04423	0.08293	0.07582	0.20206	0.03318	0.06099	0.04330	0.03901	0.04803	0.04002	0.04616	0.09594	0.11687	0.00701	0.00180	0.00481	0.02184	0.02074	0.00549

[dist]
# distance from previous block
# <min> <max>
0	10

[block]
# block no. 8 follows, 58 sequences, length 28
# corresponding to MSA columns:
# 433-460
name=unknown_I
#
# <colnr> <probs for GDERKNQSTAVLIFYWHMCP>
#	G	D	E	R	K	N	Q	S	T	A	V	L	I	F	Y	W	H	M	C	P
0	0.01096	0.04273	0.05660	0.03749	0.02593	0.07856	0.03436	0.07726	0.24151	0.05048	0.03710	0.03773	0.03258	0.08578	0.06041	0.00211	0.07431	0.00495	0.00341	0.00575
1	0.13321	0.08690	0.02679	0.03443	0.14753	0.15006	0.02071	0.02785	0.03063	0.01386	0.02278	0.06919	0.04668	0.01883	0.06031	0.00179	0.03107	0.03419	0.01515	0.02803
2	0.06644	0.00620	0.00689	0.00677	0.00812	0.00647	0.00504	0.07792	0.13835	0.01490	0.05518	0.29849	0.16869	0.06392	0.00638	0.00180	0.01598	0.04376	0.00405	0.00464
3	0.01052	0.00949	0.01154	0.10975	0.19706	0.08288	0.00864	0.05270	0.19181	0.03811	0.11546	0.01922	0.09213	0.02136	0.00498	0.00147	0.00444	0.01905	0.00350	0.00589
4	0.00569	0.00441	0.00502	0.00515	0.00613	0.00396	0.00364	0.00677	0.00968	0.01236	0.15812	0.18046	0.41206	0.12905	0.03552	0.00214	0.00292	0.00924	0.00401	0.00368
5	0.04009	0.00969	0.01167	0.08879	0.12225	0.03422	0.02911	0.03609	0.46164	0.01688	0.01559	0.01611	0.04218	0.00569	0.00449	0.00145	0.00423	0.02040	0.00372	0.03571
6	0.01385	0.04026	0.01401	0.06818	0.05969	0.48163	0.03373	0.01526	0.01072	0.01123	0.00687	0.00901	0.00591	0.00529	0.00664	0.00138	0.20559	0.00332	0.00218	0.00525
7	0.01131	0.00743	0.02466	0.00779	0.03698	0.00707	0.00598	0.14317	0.06479	0.18997	0.09810	0.04595	0.23452	0.04705	0.05298	0.00190	0.00396	0.00643	0.00433	0.00563
8	0.00785	0.00515	0.00642	0.00610	0.00719	0.00510	0.00444	0.03125	0.03683	0.08254	0.19930	0.09951	0.11898	0.19251	0.15963	0.00314	0.00474	0.00713	0.01797	0.00423
9	0.25217	0.00882	0.00953	0.00798	0.02568	0.00919	0.00635	0.21661	0.02702	0.25972	0.03465	0.03384	0.07813	0.00587	0.00413	0.00140	0.00382	0.00451	0.00426	0.00633
10	0.00853	0.00746	0.01166	0.01647	0.40678	0.00734	0.00879	0.01027	0.00945	0.01299	0.04559	0.14861	0.08905	0.13994	0.00775	0.00195	0.00426	0.05486	0.00299	0.00526
11	0.87439	0.00865	0.00657	0.00588	0.00865	0.01003	0.00484	0.01315	0.00761	0.02007	0.00623	0.00727	0.00484	0.00415	0.00277	0.00138	0.00346	0.00242	0.00277	0.00484
12	0.01281	0.19927	0.07240	0.03561	0.04694	0.21376	0.01962	0.10015	0.01161	0.05607	0.03675	0.02695	0.02363	0.02987	0.01837	0.00136	0.00559	0.00373	0.00278	0.08273
13	0.01102	0.02773	0.13233	0.01166	0.05513	0.23276	0.03630	0.01350	0.05290	0.01219	0.01136	0.08505	0.05147	0.00757	0.03626	0.00172	0.20847	0.00473	0.00253	0.00531
14	0.01745	0.01120	0.01249	0.00960	0.01309	0.01198	0.00792	0.60487	0.01888	0.20357	0.01238	0.01190	0.00849	0.00540	0.00444	0.00134	0.00460	0.00414	0.02875	0.00751
15	0.01113	0.04545	0.03530	0.04678	0.29168	0.03291	0.09034	0.04518	0.00997	0.06999	0.03012	0.01279	0.00857	0.04622	0.02743	0.01756	0.14302	0.00428	0.02533	0.00594
16	0.03409	0.00939	0.02891	0.12482	0.26904	0.07704	0.05454	0.02828	0.00994	0.04871	0.01297	0.21973	0.01294	0.04292	0.00552	0.00160	0.00494	0.00623	0.00290	0.00549
17	0.00586	0.00409	0.00518	0.00584	0.00612	0.00392	0.00383	0.00655	0.00820	0.01102	0.04765	0.53407	0.04037	0.23715	0.02596	0.00257	0.00324	0.02656	0.01838	0.00343
18	0.02376	0.00532	0.00635	0.00606	0.00736	0.00520	0.00455	0.05424	0.05260	0.03948	0.29154	0.14694	0.19741	0.01145	0.05775	0.04103	0.00323	0.00792	0.03344	0.00438
19	0.01247	0.37512	0.04666	0.01267	0.13501	0.11786	0.07601	0.05790	0.01044	0.03566	0.00762	0.00918	0.00641	0.00496	0.02145	0.00133	0.05769	0.00327	0.00230	0.00600
20	0.02157	0.00688	0.02190	0.00758	0.00897	0.03760	0.03991	0.02230	0.04195	0.05054	0.03951	0.24412	0.27490	0.01022	0.00643	0.00165	0.10682	0.04889	0.00376	0.00450
21	0.00572	0.00413	0.00530	0.00592	0.00635	0.00394	0.00399	0.00658	0.00858	0.01144	0.07787	0.53029	0.09751	0.13513	0.07315	0.00255	0.00353	0.01058	0.00386	0.00358
22	0.00955	0.01016	0.05534	0.18185	0.25178	0.04457	0.13982	0.01233	0.02339	0.01321	0.02491	0.11459	0.02676	0.00599	0.00528	0.00150	0.04502	0.02574	0.00256	0.00566
23	0.01166	0.09941	0.07336	0.16601	0.16869	0.11659	0.13201	0.08555	0.02213	0.02621	0.00949	0.01149	0.03020	0.00460	0.00460	0.00135	0.02412	0.00401	0.00248	0.00603
24	0.01011	0.10906	0.10812	0.27287	0.06361	0.04005	0.05684	0.07199	0.01049	0.03987	0.03604	0.08267	0.02883	0.00583	0.00465	0.00144	0.01815	0.03114	0.00271	0.00553
25	0.00745	0.00643	0.00974	0.10567	0.15452	0.00660	0.03564	0.02221	0.00962	0.01288	0.07577	0.25066	0.15701	0.01117	0.07160	0.00203	0.02810	0.02487	0.00334	0.00470
26	0.00984	0.09787	0.23033	0.03408	0.04410	0.06676	0.07584	0.03806	0.03773	0.05225	0.01838	0.06034	0.19406	0.00657	0.00456	0.00141	0.00501	0.01421	0.00298	0.00561
27	0.06085	0.06344	0.09433	0.05135	0.02453	0.09130	0.00798	0.12938	0.09638	0.06214	0.01235	0.03687	0.05452	0.00519	0.00405	0.00122	0.00460	0.00405	0.00322	0.19222

[dist]
# distance from previous block
# <min> <max>
15	45

[block]
# block no. 9 follows, 58 sequences, length 37
# corresponding to MSA columns:
# 535-571
name=unknown_J
#
# <colnr> <probs for GDERKNQSTAVLIFYWHMCP>
#	G	D	E	R	K	N	Q	S	T	A	V	L	I	F	Y	W	H	M	C	P
0	0.34280	0.06061	0.01098	0.06965	0.03954	0.13442	0.02689	0.05523	0.05383	0.03683	0.00856	0.03508	0.00709	0.00581	0.02950	0.00154	0.04997	0.00349	0.00280	0.02539
1	0.14566	0.00967	0.07563	0.05127	0.05694	0.08386	0.00720	0.10525	0.01088	0.03873	0.05691	0.24740	0.06580	0.01904	0.00483	0.00153	0.00419	0.00665	0.00345	0.00510
2	0.01247	0.01665	0.17205	0.08111	0.03878	0.31051	0.19560	0.01520	0.01094	0.04367	0.00940	0.01149	0.02798	0.02868	0.00501	0.00143	0.00699	0.00399	0.00237	0.00568
3	0.01050	0.03150	0.03249	0.00832	0.02403	0.07623	0.00654	0.03037	0.40930	0.01718	0.09342	0.01774	0.01497	0.00606	0.00427	0.00137	0.00366	0.02295	0.18317	0.00593
4	0.01255	0.68311	0.02209	0.00882	0.01247	0.13117	0.05159	0.01408	0.00968	0.01079	0.00647	0.00757	0.00580	0.00393	0.00317	0.00101	0.00540	0.00262	0.00199	0.00568
5	0.00560	0.00400	0.00523	0.00613	0.00645	0.00375	0.00412	0.00640	0.00861	0.01145	0.04270	0.71134	0.05212	0.07593	0.00698	0.00199	0.00275	0.03678	0.00406	0.00360
6	0.00571	0.00452	0.00509	0.00499	0.00624	0.00395	0.00369	0.00715	0.01089	0.01404	0.32000	0.06217	0.48178	0.04271	0.00597	0.00159	0.00230	0.00894	0.00438	0.00389
7	0.00661	0.00459	0.00578	0.00545	0.00659	0.00421	0.00410	0.00862	0.01219	0.03038	0.66807	0.03276	0.11135	0.00899	0.00510	0.00139	0.00215	0.00786	0.06956	0.00423
8	0.00577	0.00419	0.00509	0.00557	0.00608	0.00390	0.00372	0.00656	0.00876	0.01148	0.09285	0.42282	0.17295	0.20718	0.00960	0.00232	0.00292	0.02087	0.00388	0.00350
9	0.00950	0.16911	0.67829	0.01185	0.01796	0.01169	0.01495	0.01403	0.00938	0.01352	0.00771	0.00904	0.00568	0.00417	0.00401	0.00134	0.00629	0.00314	0.00189	0.00646
10	0.00845	0.00795	0.01342	0.83204	0.03081	0.00994	0.01242	0.01143	0.00894	0.01143	0.00795	0.01193	0.00596	0.00447	0.00447	0.00149	0.00596	0.00398	0.00199	0.00497
11	0.08008	0.13303	0.05082	0.01078	0.01407	0.29652	0.07193	0.24745	0.01391	0.01712	0.00836	0.00966	0.00660	0.00472	0.00404	0.00125	0.00616	0.01449	0.00293	0.00607
12	0.00674	0.00534	0.00608	0.00643	0.00745	0.03616	0.00481	0.00863	0.05094	0.02446	0.14862	0.33644	0.20278	0.01154	0.00548	0.00168	0.00295	0.12512	0.00423	0.00412
13	0.01196	0.84548	0.02344	0.00765	0.01148	0.01770	0.00765	0.01339	0.00909	0.01052	0.00622	0.00718	0.00574	0.00383	0.00287	0.00096	0.00478	0.00239	0.00191	0.00574
14	0.00792	0.00648	0.00763	0.00677	0.00860	0.02743	0.01610	0.02078	0.05076	0.01252	0.01519	0.15011	0.04534	0.17861	0.10853	0.00257	0.00469	0.04778	0.00312	0.27906
15	0.00619	0.00470	0.00564	0.00584	0.00679	0.00444	0.00427	0.00804	0.05105	0.01338	0.21250	0.22182	0.24285	0.09784	0.01945	0.00199	0.00290	0.08218	0.00417	0.00394
16	0.01202	0.00990	0.01066	0.00886	0.01191	0.01067	0.00703	0.18919	0.47463	0.01992	0.01451	0.01389	0.01092	0.00536	0.00428	0.00131	0.00379	0.00435	0.00415	0.18267
17	0.00854	0.00652	0.00779	0.00625	0.00899	0.00522	0.00483	0.01036	0.00984	0.04393	0.13296	0.13121	0.03130	0.00607	0.00401	0.00101	0.00294	0.00519	0.06530	0.50773
18	0.00603	0.00421	0.00551	0.00629	0.00684	0.00392	0.00445	0.00706	0.00917	0.03068	0.06985	0.61239	0.09128	0.02916	0.00600	0.00183	0.00277	0.09454	0.00420	0.00380
19	0.00600	0.00411	0.00530	0.00612	0.00648	0.00394	0.00422	0.00691	0.00853	0.01164	0.02235	0.57959	0.02599	0.12830	0.00794	0.00214	0.00297	0.09721	0.06666	0.00360
20	0.01434	0.02983	0.01185	0.00975	0.01266	0.13236	0.00775	0.27097	0.37783	0.06381	0.01386	0.01323	0.01024	0.00555	0.00441	0.00139	0.00469	0.00432	0.00419	0.00697
21	0.01053	0.08120	0.06364	0.01699	0.02115	0.01201	0.62426	0.01392	0.01005	0.01369	0.00848	0.01133	0.00656	0.00416	0.00588	0.00150	0.08170	0.00482	0.00219	0.00593
22	0.00597	0.00435	0.00561	0.00645	0.00689	0.00421	0.00439	0.02512	0.04563	0.01214	0.02404	0.78305	0.02835	0.01345	0.00563	0.00179	0.00269	0.01217	0.00418	0.00388
23	0.01316	0.01314	0.01109	0.00988	0.01243	0.24125	0.00763	0.08201	0.52178	0.01725	0.01444	0.01379	0.01096	0.00560	0.00440	0.00140	0.00493	0.00436	0.00391	0.00659
24	0.00639	0.00478	0.00712	0.00712	0.00789	0.00555	0.00550	0.00794	0.00717	0.01033	0.01205	0.01793	0.01134	0.05845	0.80037	0.00710	0.01175	0.00485	0.00241	0.00395
25	0.06228	0.01000	0.05689	0.00998	0.01284	0.00988	0.08528	0.20825	0.05384	0.19297	0.03492	0.03791	0.01130	0.02323	0.00605	0.00157	0.09146	0.06359	0.02147	0.00630
26	0.87439	0.00865	0.00657	0.00588	0.00865	0.01003	0.00484	0.01315	0.00761	0.02007	0.00623	0.00727	0.00484	0.00415	0.00277	0.00138	0.00346	0.00242	0.00277	0.00484
27	0.00562	0.00432	0.00515	0.00574	0.00655	0.00392	0.00409	0.00678	0.02136	0.01184	0.03192	0.45470	0.32105	0.03477	0.00602	0.00178	0.00264	0.06390	0.00412	0.00375
28	0.00587	0.00420	0.00498	0.00542	0.00623	0.00381	0.00382	0.00708	0.00966	0.01309	0.13131	0.40970	0.25150	0.01156	0.00522	0.00158	0.00238	0.01015	0.10862	0.00381
29	0.01286	0.56504	0.01996	0.02944	0.01255	0.14232	0.00816	0.07877	0.01046	0.01209	0.00672	0.00792	0.00591	0.00439	0.00411	0.00111	0.06751	0.00276	0.00219	0.00573
30	0.01100	0.56512	0.27147	0.00929	0.01394	0.01523	0.01041	0.01393	0.03190	0.01189	0.00712	0.00815	0.00594	0.00402	0.00335	0.00112	0.00532	0.00275	0.00198	0.00605
31	0.00669	0.00529	0.00597	0.00631	0.00711	0.03610	0.00446	0.03645	0.03243	0.01305	0.13258	0.45396	0.13521	0.07205	0.00670	0.00186	0.00298	0.03272	0.00410	0.00398
32	0.00682	0.05038	0.00710	0.00653	0.02934	0.00570	0.00439	0.00757	0.00730	0.00985	0.01518	0.07432	0.06024	0.42102	0.25653	0.00456	0.02072	0.00621	0.00272	0.00353
33	0.29135	0.07905	0.21191	0.03381	0.05028	0.07405	0.06054	0.04970	0.08211	0.01654	0.00834	0.00948	0.00637	0.00439	0.00376	0.00136	0.00519	0.00328	0.00261	0.00588
34	0.03141	0.02626	0.00636	0.00597	0.00723	0.00532	0.00445	0.00906	0.08121	0.01314	0.11841	0.14945	0.24994	0.14540	0.00801	0.00201	0.00308	0.09185	0.00389	0.03755
35	0.04834	0.14347	0.13100	0.08152	0.09641	0.08109	0.05529	0.13107	0.08696	0.03851	0.00954	0.01092	0.00740	0.00626	0.05195	0.00166	0.00588	0.00372	0.00280	0.00622
36	0.04179	0.17362	0.05306	0.00774	0.01004	0.08552	0.00647	0.08238	0.04093	0.04499	0.02348	0.13540	0.03223	0.14385	0.03899	0.00202	0.01644	0.00537	0.00307	0.05261

[dist]
# distance from previous block
# <min> <max>
0	66

[block]
# block no. 10 follows, 58 sequences, length 9
# corresponding to MSA columns:
# 644-652
name=unknown_K
#
# <colnr> <probs for GDERKNQSTAVLIFYWHMCP>
#	G	D	E	R	K	N	Q	S	T	A	V	L	I	F	Y	W	H	M	C	P
0	0.06011	0.25806	0.05221	0.00963	0.07739	0.10922	0.00761	0.07862	0.03990	0.01440	0.11237	0.04281	0.05254	0.02765	0.03807	0.00156	0.00495	0.00449	0.00295	0.00547
1	0.04292	0.06498	0.05666	0.03249	0.09096	0.02448	0.00699	0.00999	0.00859	0.01245	0.03208	0.15439	0.01300	0.05788	0.21699	0.00298	0.02476	0.00550	0.02093	0.12099
2	0.03014	0.09112	0.04413	0.03787	0.09776	0.05640	0.02438	0.11698	0.05892	0.06319	0.04846	0.14243	0.09258	0.02878	0.00504	0.00148	0.00430	0.02184	0.00348	0.03072
3	0.03076	0.22777	0.11111	0.04632	0.16586	0.14352	0.03238	0.04282	0.05843	0.01353	0.02775	0.02552	0.00820	0.00483	0.00431	0.00128	0.02966	0.01749	0.00247	0.00599
4	0.05460	0.76400	0.06130	0.00781	0.01172	0.01696	0.00795	0.01342	0.00903	0.01117	0.00631	0.00729	0.00569	0.00386	0.00293	0.00100	0.00481	0.00244	0.00195	0.00574
5	0.09906	0.16524	0.33471	0.01090	0.05170	0.06414	0.01112	0.05441	0.03319	0.02965	0.04265	0.01023	0.00771	0.00464	0.00431	0.00131	0.03877	0.00338	0.00246	0.03043
6	0.00618	0.00504	0.00552	0.00577	0.00675	0.02902	0.00410	0.00782	0.04827	0.01277	0.14153	0.33816	0.30681	0.05355	0.00625	0.00174	0.00271	0.00992	0.00415	0.00393
7	0.00707	0.00429	0.00622	0.00622	0.00652	0.00460	0.00438	0.00674	0.00644	0.00889	0.01023	0.01724	0.01022	0.13486	0.32566	0.42376	0.00703	0.00459	0.00222	0.00283
8	0.01283	0.20829	0.10030	0.03795	0.04682	0.18266	0.14049	0.08966	0.02881	0.04136	0.00831	0.00968	0.00655	0.00437	0.00429	0.00124	0.02393	0.00351	0.00252	0.04645

[dist]
# distance from previous block
# <min> <max>
0	1

[block]
# block no. 11 follows, 58 sequences, length 30
# corresponding to MSA columns:
# 654-683
name=unknown_L
#
# <colnr> <probs for GDERKNQSTAVLIFYWHMCP>
#	G	D	E	R	K	N	Q	S	T	A	V	L	I	F	Y	W	H	M	C	P
0	0.01026	0.20367	0.24116	0.07079	0.03517	0.06594	0.06130	0.03140	0.07706	0.01341	0.01153	0.04649	0.02810	0.00565	0.00430	0.00139	0.00548	0.07848	0.00260	0.00582
1	0.00563	0.00417	0.00522	0.00595	0.00650	0.00387	0.00408	0.00671	0.02277	0.01178	0.04997	0.61097	0.16755	0.04687	0.00631	0.00185	0.00265	0.02933	0.00412	0.00371
2	0.01079	0.01034	0.01765	0.11415	0.73040	0.01055	0.01359	0.01348	0.01005	0.01427	0.00836	0.01116	0.00696	0.00404	0.00443	0.00135	0.00538	0.00398	0.00219	0.00686
3	0.00928	0.22651	0.01274	0.00800	0.00915	0.04391	0.00647	0.01009	0.00758	0.00996	0.00924	0.01626	0.00976	0.29632	0.06693	0.00283	0.24399	0.00443	0.00225	0.00431
4	0.00616	0.00475	0.00654	0.00785	0.06516	0.00448	0.01547	0.02026	0.00924	0.01226	0.04681	0.63163	0.10955	0.01256	0.00555	0.00173	0.00288	0.02908	0.00401	0.00402
5	0.01671	0.02132	0.01268	0.01152	0.01383	0.82483	0.00864	0.01786	0.01268	0.01095	0.00691	0.00807	0.00576	0.00461	0.00403	0.00115	0.00807	0.00288	0.00230	0.00519
6	0.00649	0.00435	0.00496	0.00493	0.00501	0.00433	0.00282	0.00665	0.00696	0.00935	0.07247	0.02958	0.01816	0.78184	0.02149	0.00412	0.00417	0.00662	0.00287	0.00282
7	0.33154	0.00972	0.01000	0.00802	0.01124	0.01045	0.00661	0.28001	0.04206	0.23203	0.01117	0.01086	0.00772	0.00499	0.00386	0.00137	0.00404	0.00360	0.00413	0.00658
8	0.03007	0.05110	0.01190	0.00947	0.04109	0.01036	0.00753	0.34026	0.04320	0.22695	0.07401	0.01688	0.03522	0.00623	0.00483	0.00141	0.02644	0.05182	0.00445	0.00678
9	0.00675	0.00481	0.00570	0.00558	0.00686	0.00433	0.00416	0.02921	0.01113	0.05516	0.28835	0.18025	0.34834	0.01066	0.00531	0.00153	0.00245	0.02075	0.00448	0.00420
10	0.78347	0.00968	0.06614	0.00645	0.00952	0.00995	0.00575	0.01350	0.00791	0.04546	0.00673	0.00768	0.00511	0.00420	0.00293	0.00139	0.00370	0.00255	0.00279	0.00506
11	0.01144	0.00896	0.01046	0.00834	0.01131	0.02497	0.02906	0.19526	0.08227	0.06185	0.05271	0.08698	0.02380	0.00595	0.00469	0.00121	0.03757	0.02283	0.00366	0.31670
12	0.00966	0.00973	0.04555	0.19976	0.23259	0.06873	0.03765	0.04934	0.04522	0.01400	0.05739	0.13181	0.05366	0.00652	0.00474	0.00147	0.00496	0.01873	0.00292	0.00557
13	0.00545	0.00389	0.00519	0.00623	0.00649	0.00363	0.00415	0.00623	0.00856	0.01142	0.02465	0.83987	0.02959	0.01401	0.00571	0.00182	0.00260	0.01272	0.00415	0.00363
14	0.01608	0.01971	0.01333	0.01328	0.10492	0.69559	0.00921	0.05276	0.01277	0.01214	0.00726	0.00853	0.00600	0.00457	0.00410	0.00118	0.00761	0.00306	0.00239	0.00551
15	0.01104	0.07250	0.09652	0.05741	0.34914	0.02144	0.04985	0.08963	0.06888	0.02431	0.03115	0.01272	0.02353	0.01759	0.03168	0.00160	0.02766	0.00421	0.00269	0.00646
16	0.00849	0.00604	0.02593	0.03945	0.07210	0.00571	0.00633	0.02818	0.04199	0.09468	0.04252	0.35500	0.04362	0.02375	0.03282	0.05312	0.00382	0.10795	0.00384	0.00464
17	0.02007	0.00761	0.01038	0.00796	0.01142	0.00657	0.00657	0.02180	0.01280	0.81799	0.01765	0.01523	0.01107	0.00554	0.00450	0.00138	0.00381	0.00450	0.00554	0.00761
18	0.01029	0.00991	0.01705	0.22450	0.57379	0.01035	0.04506	0.01304	0.00990	0.01377	0.00906	0.01196	0.02290	0.00424	0.00449	0.00138	0.00550	0.00414	0.00220	0.00646
19	0.01974	0.12283	0.21135	0.01062	0.03653	0.06279	0.07119	0.11254	0.03307	0.01436	0.01051	0.06621	0.00936	0.06172	0.13532	0.00246	0.00661	0.00451	0.00265	0.00564
20	0.00603	0.00450	0.00548	0.00602	0.00676	0.00420	0.00420	0.04584	0.00973	0.01269	0.06274	0.58211	0.20766	0.01276	0.00553	0.00171	0.00261	0.01134	0.00420	0.00389
21	0.01069	0.05336	0.02427	0.07821	0.08423	0.03481	0.61851	0.01413	0.01040	0.01385	0.00872	0.01162	0.00667	0.00387	0.00500	0.00146	0.00713	0.00487	0.00222	0.00600
22	0.07143	0.05654	0.13703	0.01148	0.04124	0.07339	0.13592	0.15434	0.05839	0.10784	0.03576	0.04976	0.00991	0.02226	0.00481	0.00145	0.00533	0.01354	0.00332	0.00626
23	0.03356	0.03994	0.35508	0.06189	0.15206	0.01102	0.21013	0.04197	0.01012	0.01462	0.00830	0.01044	0.00625	0.00419	0.00467	0.00142	0.02185	0.00394	0.00216	0.00638
24	0.00653	0.00486	0.00674	0.06660	0.00852	0.00540	0.00502	0.00767	0.00722	0.00996	0.01392	0.02226	0.04899	0.30326	0.45727	0.00555	0.00852	0.00552	0.00255	0.00362
25	0.03166	0.36739	0.23789	0.01238	0.13023	0.03998	0.02694	0.05980	0.01025	0.03463	0.00767	0.00891	0.00616	0.00413	0.00369	0.00120	0.00547	0.00310	0.00223	0.00630
26	0.03904	0.05276	0.05096	0.03413	0.11288	0.06613	0.05208	0.25279	0.08518	0.14929	0.01203	0.05240	0.00925	0.00539	0.00442	0.00137	0.00496	0.00445	0.00373	0.00676
27	0.00930	0.00853	0.01312	0.58596	0.10553	0.02464	0.01139	0.06134	0.04723	0.01313	0.00985	0.07245	0.00826	0.00525	0.00455	0.00148	0.00551	0.00465	0.00245	0.00535
28	0.06502	0.14129	0.07354	0.01091	0.03367	0.04698	0.00942	0.04314	0.00845	0.01255	0.00651	0.00917	0.00591	0.00616	0.00965	0.00159	0.46211	0.00344	0.00215	0.04835
29	0.05262	0.01454	0.14310	0.05031	0.17246	0.16132	0.20998	0.04522	0.02878	0.05302	0.02099	0.01102	0.00728	0.00437	0.00449	0.00137	0.00635	0.00404	0.00255	0.00620

[dist]
# distance from previous block
# <min> <max>
3	14

[block]
# block no. 12 follows, 58 sequences, length 36
# corresponding to MSA columns:
# 699-710,712-735
name=unknown_M
#
# <colnr> <probs for GDERKNQSTAVLIFYWHMCP>
#	G	D	E	R	K	N	Q	S	T	A	V	L	I	F	Y	W	H	M	C	P
0	0.00632	0.00493	0.00581	0.00588	0.00700	0.00470	0.00429	0.00895	0.09987	0.01449	0.27966	0.26716	0.25261	0.01082	0.00532	0.00157	0.00245	0.00947	0.00444	0.00425
1	0.26704	0.08576	0.03608	0.01050	0.07190	0.06921	0.04552	0.26432	0.01303	0.06599	0.00871	0.00950	0.00653	0.00467	0.00405	0.00133	0.02294	0.00339	0.00325	0.00626
2	0.00984	0.20855	0.54152	0.01234	0.01806	0.01216	0.11042	0.01401	0.00950	0.01336	0.00774	0.00925	0.00582	0.00410	0.00406	0.00132	0.00631	0.00334	0.00194	0.00634
3	0.00563	0.00452	0.00508	0.00543	0.00664	0.00397	0.00415	0.00685	0.00993	0.01218	0.03819	0.18432	0.54819	0.01197	0.00551	0.00165	0.00262	0.13523	0.00415	0.00381
4	0.01092	0.01048	0.01789	0.07346	0.77006	0.01059	0.01365	0.01360	0.01011	0.01443	0.00839	0.01112	0.00702	0.00401	0.00443	0.00134	0.00535	0.00399	0.00220	0.00696
5	0.10887	0.03694	0.09048	0.03480	0.16254	0.13868	0.26281	0.07497	0.02058	0.01543	0.00833	0.01030	0.00646	0.00419	0.00440	0.00137	0.00632	0.00396	0.00246	0.00611
6	0.00623	0.00431	0.00519	0.00539	0.00559	0.00432	0.00335	0.00661	0.00714	0.00954	0.01717	0.18988	0.04935	0.55465	0.10869	0.00405	0.00477	0.00766	0.00302	0.00308
7	0.00623	0.00450	0.00589	0.00570	0.00666	0.00415	0.00421	0.00819	0.01220	0.01721	0.72414	0.12388	0.04079	0.00969	0.00532	0.00145	0.00216	0.00861	0.00484	0.00415
8	0.09560	0.26207	0.07119	0.01058	0.05720	0.16100	0.02647	0.22317	0.01294	0.02940	0.00803	0.00890	0.00633	0.00447	0.00376	0.00121	0.00549	0.00317	0.00282	0.00622
9	0.03499	0.10956	0.06675	0.02665	0.08469	0.34804	0.00928	0.17419	0.01335	0.07910	0.00866	0.00948	0.00665	0.00466	0.00406	0.00123	0.00625	0.00332	0.00292	0.00618
10	0.00554	0.00401	0.00524	0.00605	0.00648	0.00371	0.00411	0.00649	0.00913	0.01219	0.11435	0.69872	0.08084	0.01330	0.00563	0.00175	0.00252	0.01199	0.00424	0.00371
11	0.51952	0.01134	0.00868	0.00754	0.01033	0.16906	0.00601	0.08265	0.03604	0.02834	0.02536	0.00884	0.00657	0.00448	0.00333	0.00129	0.00445	0.00290	0.00296	0.06029
12	0.11594	0.10179	0.09148	0.00956	0.01282	0.18925	0.00837	0.18733	0.08158	0.10720	0.01001	0.01063	0.00755	0.02252	0.00462	0.00137	0.02491	0.00354	0.00331	0.00625
13	0.00548	0.00390	0.00518	0.00620	0.00645	0.00365	0.00412	0.00624	0.00852	0.01135	0.02440	0.82056	0.02927	0.03376	0.00612	0.00188	0.00264	0.01257	0.00412	0.00361
14	0.01156	0.10522	0.01985	0.01474	0.06949	0.04535	0.36767	0.06634	0.22139	0.01581	0.01113	0.01243	0.00851	0.00453	0.00466	0.00141	0.00589	0.00464	0.00297	0.00641
15	0.01238	0.04704	0.21083	0.01195	0.05779	0.08550	0.09783	0.18593	0.04753	0.07719	0.01191	0.05757	0.03051	0.03962	0.00525	0.00151	0.00556	0.00462	0.00316	0.00632
16	0.01006	0.01071	0.06952	0.30123	0.15975	0.05351	0.13487	0.06071	0.02915	0.01375	0.01002	0.04479	0.00857	0.03928	0.00541	0.00158	0.00587	0.03308	0.00248	0.00566
17	0.01110	0.01268	0.02312	0.06979	0.05461	0.10257	0.59239	0.01436	0.01051	0.01362	0.00857	0.01147	0.00659	0.00410	0.00548	0.00148	0.04466	0.00481	0.00223	0.00586
18	0.01156	0.14491	0.09357	0.08250	0.37573	0.04447	0.07295	0.04307	0.03239	0.04461	0.00869	0.01062	0.00693	0.00420	0.00423	0.00130	0.00557	0.00377	0.00240	0.00654
19	0.00751	0.02098	0.09827	0.00816	0.04171	0.00603	0.00641	0.06960	0.02187	0.01296	0.03039	0.41851	0.03495	0.07403	0.03978	0.05861	0.00402	0.03833	0.00350	0.00437
20	0.00564	0.00418	0.00510	0.00559	0.00623	0.00382	0.00382	0.00659	0.00925	0.01211	0.12956	0.45365	0.21829	0.10572	0.00747	0.00197	0.00265	0.01064	0.00409	0.00364
21	0.01102	0.01275	0.10769	0.10113	0.53274	0.07780	0.06460	0.01394	0.01021	0.01394	0.00824	0.01079	0.00669	0.00410	0.00444	0.00135	0.00589	0.00390	0.00217	0.00660
22	0.01026	0.01042	0.03778	0.01851	0.42688	0.10280	0.03975	0.01238	0.01018	0.02376	0.02063	0.15105	0.04504	0.02509	0.00516	0.00151	0.00505	0.04513	0.00279	0.00584
23	0.00927	0.00902	0.01270	0.01105	0.01117	0.01246	0.00914	0.01034	0.00690	0.01071	0.00681	0.01098	0.00668	0.01177	0.13872	0.00276	0.70870	0.00405	0.00202	0.00476
24	0.01010	0.00872	0.00913	0.00830	0.01065	0.00983	0.00643	0.02072	0.66677	0.01755	0.02297	0.02132	0.15419	0.00699	0.00468	0.00152	0.00332	0.00583	0.00448	0.00650
25	0.08633	0.09816	0.01076	0.00829	0.01051	0.20341	0.00656	0.05976	0.10369	0.08224	0.09848	0.07984	0.06588	0.02741	0.00503	0.00144	0.02532	0.01797	0.00353	0.00538
26	0.00578	0.00456	0.00606	0.00638	0.00722	0.00419	0.03762	0.00710	0.02802	0.01207	0.05160	0.55975	0.22788	0.01257	0.00554	0.00171	0.00273	0.01126	0.00410	0.00387
27	0.09470	0.00978	0.01075	0.00850	0.01164	0.01025	0.00696	0.42086	0.01615	0.21848	0.01622	0.03077	0.09903	0.00613	0.00442	0.00138	0.00413	0.00477	0.01830	0.00680
