[name]
unknown

[dist]
# distance from previous block
# <min> <max>
0	52

[block]
# block no. 0 follows, 71 sequences, length 12
# corresponding to MSA columns:
# 52-63
name=unknown_A
#
# <colnr> <probs for GDERKNQSTAVLIFYWHMCP>
#	G	D	E	R	K	N	Q	S	T	A	V	L	I	F	Y	W	H	M	C	P
0	0.01284	0.00954	0.01031	0.00835	0.01105	0.01059	0.00679	0.51126	0.26860	0.06005	0.01186	0.01221	0.00883	0.00501	0.00391	0.00122	0.00378	0.03362	0.00389	0.00627
1	0.02884	0.24941	0.21595	0.04194	0.04156	0.01028	0.11271	0.07060	0.03157	0.08734	0.05389	0.02376	0.00782	0.00407	0.00352	0.00111	0.00456	0.00339	0.00237	0.00532
2	0.00917	0.06145	0.37686	0.04816	0.09419	0.04335	0.07126	0.01225	0.02001	0.08043	0.02228	0.00932	0.00621	0.00442	0.01677	0.00128	0.08789	0.00321	0.00206	0.02943
3	0.00487	0.00392	0.00453	0.00470	0.00557	0.00361	0.00343	0.00584	0.00839	0.01064	0.11625	0.26330	0.45966	0.03092	0.00533	0.00144	0.03534	0.02546	0.00353	0.00326
4	0.00555	0.00496	0.04010	0.00510	0.00637	0.00402	0.00398	0.00696	0.03137	0.01218	0.22779	0.16642	0.45158	0.00953	0.00474	0.00140	0.00232	0.00807	0.00380	0.00375
5	0.08254	0.13338	0.11871	0.00999	0.12094	0.03927	0.03403	0.09261	0.05120	0.24202	0.00989	0.03294	0.00734	0.00425	0.00354	0.00114	0.00412	0.00341	0.00298	0.00570
6	0.05947	0.02158	0.04658	0.15183	0.14153	0.00872	0.30359	0.02558	0.05526	0.04313	0.02315	0.04668	0.02041	0.00420	0.00413	0.00125	0.01568	0.00421	0.01797	0.00505
7	0.02726	0.00458	0.00595	0.00566	0.02994	0.00418	0.00416	0.00926	0.01026	0.16772	0.50620	0.08330	0.11138	0.00753	0.00436	0.00123	0.00222	0.00655	0.00410	0.00416
8	0.01036	0.01041	0.10823	0.06020	0.08518	0.02236	0.27926	0.13951	0.06397	0.09208	0.02806	0.02907	0.00759	0.00427	0.00445	0.00125	0.04153	0.00405	0.00265	0.00551
9	0.05129	0.08575	0.12647	0.03263	0.11467	0.03076	0.13311	0.09986	0.07219	0.09519	0.02239	0.05225	0.02570	0.00457	0.00412	0.00121	0.03587	0.00393	0.00265	0.00538
10	0.00642	0.00477	0.00654	0.00626	0.00697	0.00545	0.00486	0.00757	0.00710	0.05452	0.05250	0.12184	0.11519	0.03702	0.37489	0.00355	0.14455	0.00545	0.03091	0.00364
11	0.00518	0.00381	0.00484	0.00537	0.00590	0.00371	0.00374	0.00677	0.06722	0.01092	0.10642	0.61903	0.06839	0.01142	0.03634	0.00164	0.00252	0.00944	0.02394	0.00341

[dist]
# distance from previous block
# <min> <max>
0	1

[block]
# block no. 1 follows, 71 sequences, length 27
# corresponding to MSA columns:
# 65-91
name=unknown_B
#
# <colnr> <probs for GDERKNQSTAVLIFYWHMCP>
#	G	D	E	R	K	N	Q	S	T	A	V	L	I	F	Y	W	H	M	C	P
0	0.02073	0.06482	0.06951	0.00855	0.08202	0.04298	0.02622	0.08823	0.04884	0.03764	0.00759	0.00855	0.00603	0.00342	0.00330	0.00084	0.01372	0.00272	0.00242	0.46187
1	0.10453	0.08426	0.02772	0.03672	0.01182	0.48347	0.03756	0.05208	0.03125	0.02086	0.00648	0.00765	0.00529	0.00453	0.02039	0.00118	0.05476	0.00270	0.00213	0.00463
2	0.00499	0.00405	0.00443	0.00431	0.00540	0.00365	0.00318	0.00625	0.02538	0.01126	0.20714	0.03305	0.55955	0.08671	0.00603	0.00150	0.01880	0.00745	0.00356	0.00331
3	0.00860	0.09394	0.02769	0.00687	0.02593	0.01951	0.03794	0.03474	0.04002	0.01256	0.00711	0.00816	0.00584	0.00309	0.00298	0.00070	0.00331	0.00249	0.00228	0.65623
4	0.00485	0.00364	0.00443	0.00482	0.00547	0.00330	0.00339	0.00578	0.00824	0.01076	0.15786	0.41891	0.25822	0.06187	0.00562	0.00156	0.00220	0.03228	0.00359	0.00320
5	0.00973	0.02712	0.14564	0.03669	0.14680	0.04071	0.05116	0.10586	0.27839	0.03423	0.04927	0.02718	0.02069	0.00466	0.00387	0.00122	0.00416	0.00399	0.00294	0.00568
6	0.00641	0.00494	0.00640	0.00598	0.02867	0.00431	0.01987	0.02357	0.00911	0.02987	0.28434	0.23490	0.07339	0.00753	0.00418	0.00116	0.00246	0.02744	0.00341	0.22205
7	0.00479	0.00388	0.00425	0.00419	0.00534	0.00334	0.00313	0.00599	0.00931	0.01178	0.26705	0.05431	0.59076	0.00923	0.00454	0.00128	0.00191	0.00783	0.00375	0.00334
8	0.01477	0.01043	0.01132	0.00868	0.01174	0.01143	0.00717	0.76934	0.01751	0.08410	0.00964	0.00949	0.00674	0.00461	0.00384	0.00115	0.00415	0.00348	0.00390	0.00652
9	0.00905	0.01034	0.02262	0.01616	0.02004	0.00970	0.82741	0.01228	0.00905	0.01228	0.00776	0.01034	0.00582	0.00323	0.00452	0.00129	0.00646	0.00452	0.00194	0.00517
10	0.89233	0.00741	0.00564	0.00504	0.00741	0.00860	0.00415	0.01127	0.00653	0.01720	0.00534	0.00623	0.00415	0.00356	0.00237	0.00119	0.00297	0.00208	0.00237	0.00415
11	0.01720	0.00653	0.00890	0.00682	0.00979	0.00564	0.00564	0.01869	0.01097	0.84399	0.01513	0.01305	0.00949	0.00475	0.00386	0.00119	0.00326	0.00386	0.00475	0.00653
12	0.00769	0.01983	0.84538	0.01093	0.01659	0.00890	0.01417	0.01214	0.00810	0.01214	0.00688	0.00810	0.00486	0.00364	0.00364	0.00121	0.00567	0.00283	0.00162	0.00567
13	0.01711	0.00667	0.00899	0.00689	0.00986	0.00586	0.00569	0.04733	0.01122	0.81499	0.01492	0.01291	0.00939	0.00474	0.00386	0.00119	0.00330	0.00384	0.00471	0.00653
14	0.00521	0.00370	0.00473	0.00497	0.00564	0.00339	0.00352	0.00638	0.00895	0.02817	0.34856	0.40014	0.12813	0.02415	0.00493	0.00141	0.00207	0.00876	0.00382	0.00338
15	0.00533	0.00392	0.00499	0.00472	0.00567	0.00358	0.00354	0.00704	0.01062	0.01481	0.74981	0.02956	0.12602	0.00805	0.00452	0.00122	0.00182	0.00706	0.00415	0.00358
16	0.00552	0.00371	0.00428	0.00434	0.00438	0.00373	0.00250	0.00561	0.00571	0.00764	0.01256	0.07622	0.01446	0.77778	0.05333	0.00369	0.00390	0.00584	0.00239	0.00242
17	0.00901	0.00969	0.13794	0.05694	0.03153	0.00871	0.05505	0.12518	0.34793	0.01502	0.03158	0.04787	0.07780	0.00583	0.02142	0.00137	0.00395	0.00454	0.00318	0.00546
18	0.01019	0.00856	0.00904	0.00794	0.01022	0.00984	0.00623	0.12550	0.72822	0.01710	0.01477	0.01364	0.01103	0.00512	0.00389	0.00128	0.00319	0.00422	0.00389	0.00613
19	0.02620	0.09716	0.03656	0.03110	0.05876	0.12006	0.02863	0.15994	0.23625	0.03217	0.00952	0.00990	0.00732	0.00425	0.00380	0.00110	0.02981	0.00328	0.00287	0.10130
20	0.00744	0.00618	0.00815	0.00828	0.10118	0.00635	0.04011	0.04779	0.22208	0.01518	0.41295	0.02169	0.07384	0.00644	0.00425	0.00123	0.00274	0.00569	0.00372	0.00469
21	0.00839	0.00839	0.01174	0.01007	0.01007	0.01174	0.00839	0.00923	0.00587	0.00923	0.00503	0.00839	0.00503	0.00671	0.01258	0.00168	0.85823	0.00336	0.00168	0.00419
22	0.00795	0.00681	0.00795	0.00568	0.00909	0.00511	0.00454	0.00965	0.00795	0.01249	0.00681	0.00795	0.00568	0.00284	0.00284	0.00057	0.00284	0.00227	0.00227	0.88869
23	0.00553	0.00406	0.00593	0.00593	0.00657	0.00467	0.00454	0.00680	0.00616	0.00892	0.01047	0.01586	0.00995	0.09608	0.76075	0.00583	0.00952	0.00421	0.02488	0.00334
24	0.00751	0.04398	0.02965	0.00651	0.00767	0.06762	0.00502	0.11010	0.02337	0.03215	0.01687	0.49803	0.03766	0.00980	0.02962	0.00154	0.01984	0.03643	0.01265	0.00397
25	0.00922	0.03332	0.05554	0.00738	0.02482	0.05062	0.05054	0.06889	0.02830	0.04862	0.00824	0.02074	0.02002	0.00349	0.00321	0.00079	0.00357	0.00286	0.00247	0.55736
26	0.02549	0.02227	0.09002	0.03274	0.11722	0.09979	0.02250	0.21473	0.12417	0.05614	0.03168	0.03806	0.02985	0.00531	0.02107	0.00130	0.04526	0.00384	0.00293	0.01562

[dist]
# distance from previous block
# <min> <max>
1	15

[block]
# block no. 2 follows, 71 sequences, length 40
# corresponding to MSA columns:
# 107-146
name=unknown_C
#
# <colnr> <probs for GDERKNQSTAVLIFYWHMCP>
#	G	D	E	R	K	N	Q	S	T	A	V	L	I	F	Y	W	H	M	C	P
0	0.04955	0.03469	0.17085	0.01149	0.16327	0.07860	0.04241	0.15658	0.11282	0.05262	0.05238	0.01108	0.02599	0.00434	0.00373	0.00116	0.00443	0.00358	0.00275	0.01768
1	0.02390	0.02167	0.08836	0.01692	0.41725	0.02196	0.14131	0.05127	0.06433	0.02399	0.02852	0.04061	0.02048	0.00416	0.00407	0.00120	0.01813	0.00397	0.00228	0.00561
2	0.00566	0.00411	0.00567	0.00564	0.00617	0.00459	0.00412	0.02231	0.00625	0.00881	0.01101	0.03746	0.01111	0.26197	0.58168	0.00527	0.00813	0.00466	0.00220	0.00317
3	0.00467	0.00389	0.00408	0.00403	0.00527	0.00330	0.00303	0.00578	0.00908	0.01116	0.16705	0.03558	0.71107	0.00941	0.00453	0.00128	0.00192	0.00791	0.00367	0.00330
4	0.00467	0.00383	0.00412	0.00417	0.00530	0.00328	0.00308	0.00573	0.00890	0.01102	0.15166	0.12003	0.64155	0.00968	0.00457	0.00131	0.00195	0.00821	0.00365	0.00328
5	0.00949	0.00911	0.01556	0.02353	0.84133	0.00911	0.01177	0.01177	0.00873	0.01253	0.00721	0.00949	0.00607	0.00342	0.00380	0.00114	0.00456	0.00342	0.00190	0.00607
6	0.00550	0.00404	0.00580	0.00580	0.00636	0.00460	0.00434	0.00661	0.00605	0.00863	0.01060	0.01690	0.01038	0.18203	0.69787	0.00571	0.00907	0.00438	0.00210	0.00322
7	0.00724	0.00681	0.01150	0.85604	0.02641	0.00852	0.01065	0.00980	0.00767	0.00980	0.00681	0.01022	0.00511	0.00383	0.00383	0.00128	0.00511	0.00341	0.00170	0.00426
8	0.00815	0.00693	0.00806	0.00578	0.00917	0.00532	0.00463	0.03466	0.00826	0.01285	0.00689	0.00799	0.00570	0.00289	0.00287	0.00059	0.00288	0.00231	0.00232	0.86175
9	0.00936	0.00806	0.03892	0.06680	0.04808	0.00734	0.01861	0.14389	0.04325	0.04282	0.00802	0.00965	0.00648	0.04208	0.00453	0.00102	0.05087	0.00299	0.00256	0.44467
10	0.00949	0.00911	0.01556	0.02353	0.84133	0.00911	0.01177	0.01177	0.00873	0.01253	0.00721	0.00949	0.00607	0.00342	0.00380	0.00114	0.00456	0.00342	0.00190	0.00607
11	0.00886	0.00834	0.04447	0.10901	0.21991	0.02424	0.01765	0.02242	0.07230	0.03595	0.00786	0.00926	0.00625	0.00342	0.00338	0.00092	0.00382	0.00296	0.00229	0.39668
12	0.00548	0.00411	0.00616	0.00616	0.00685	0.00479	0.00479	0.00685	0.00616	0.00890	0.01027	0.01506	0.00959	0.02876	0.85006	0.00616	0.01027	0.00411	0.00205	0.00342
13	0.00724	0.00681	0.01150	0.85604	0.02641	0.00852	0.01065	0.00980	0.00767	0.00980	0.00681	0.01022	0.00511	0.00383	0.00383	0.00128	0.00511	0.00341	0.00170	0.00426
14	0.00839	0.00839	0.01174	0.01007	0.01007	0.01174	0.00839	0.00923	0.00587	0.00923	0.00503	0.00839	0.00503	0.00671	0.01258	0.00168	0.85823	0.00336	0.00168	0.00419
15	0.00810	0.00765	0.05573	0.00605	0.00958	0.00549	0.00516	0.02975	0.00820	0.01276	0.00688	0.00799	0.00565	0.00293	0.00291	0.00062	0.00303	0.00233	0.00227	0.81690
16	0.00923	0.03261	0.01308	0.02775	0.28103	0.00851	0.14274	0.12836	0.08485	0.02414	0.10640	0.02493	0.08933	0.00494	0.00406	0.00120	0.00408	0.00459	0.00283	0.00535
17	0.00460	0.00374	0.00407	0.00429	0.00530	0.00322	0.00310	0.00551	0.00844	0.01037	0.05921	0.25231	0.60201	0.01025	0.00463	0.00136	0.00201	0.00879	0.00358	0.00322
18	0.01035	0.84753	0.01987	0.00664	0.00989	0.03486	0.00658	0.01157	0.00786	0.00903	0.00534	0.00617	0.00492	0.00330	0.00248	0.00082	0.00417	0.00206	0.00165	0.00491
19	0.02528	0.00763	0.01189	0.05748	0.34754	0.00748	0.04470	0.06150	0.00979	0.25782	0.03481	0.09706	0.00982	0.00489	0.00396	0.00121	0.00393	0.00443	0.00308	0.00570
20	0.01202	0.00923	0.01408	0.01069	0.01374	0.02439	0.28737	0.22672	0.12234	0.17552	0.01126	0.03739	0.00844	0.00459	0.00414	0.00125	0.00462	0.02310	0.00332	0.00579
21	0.00461	0.00359	0.00419	0.00467	0.00538	0.00317	0.00326	0.00541	0.00799	0.01005	0.02933	0.48025	0.40256	0.01095	0.00473	0.00144	0.00209	0.00960	0.00356	0.00317
22	0.00950	0.00837	0.00878	0.00820	0.03434	0.03356	0.00617	0.01941	0.75062	0.01571	0.05073	0.01457	0.01240	0.00523	0.00391	0.00128	0.00314	0.00437	0.00380	0.00592
23	0.00959	0.00923	0.01517	0.06374	0.76547	0.02734	0.01152	0.02942	0.00893	0.01258	0.00721	0.00946	0.00601	0.00347	0.00379	0.00114	0.00463	0.00340	0.00193	0.00596
24	0.01092	0.00961	0.01205	0.05859	0.07782	0.04476	0.03146	0.31070	0.03121	0.01528	0.00762	0.00937	0.01598	0.00530	0.00728	0.00137	0.33937	0.00348	0.00259	0.00527
25	0.00724	0.00681	0.01150	0.85604	0.02641	0.00852	0.01065	0.00980	0.00767	0.00980	0.00681	0.01022	0.00511	0.00383	0.00383	0.00128	0.00511	0.00341	0.00170	0.00426
26	0.00954	0.00824	0.00867	0.00780	0.00997	0.00954	0.00607	0.02037	0.83441	0.01604	0.01561	0.01431	0.01170	0.00520	0.00390	0.00130	0.00303	0.00433	0.00390	0.00607
27	0.00684	0.00445	0.00604	0.00577	0.00687	0.00408	0.03949	0.03070	0.00906	0.11688	0.17892	0.40598	0.15119	0.00935	0.00459	0.00138	0.00247	0.00833	0.00377	0.00385
28	0.40612	0.00902	0.00853	0.00692	0.00963	0.04220	0.00569	0.32978	0.01173	0.12465	0.00811	0.00828	0.00578	0.00413	0.00317	0.00116	0.00364	0.00285	0.00323	0.00538
29	0.00769	0.01983	0.84538	0.01093	0.01659	0.00890	0.01417	0.01214	0.00810	0.01214	0.00688	0.00810	0.00486	0.00364	0.00364	0.00121	0.00567	0.00283	0.00162	0.00567
30	0.01384	0.00710	0.00864	0.00684	0.00936	0.00697	0.00557	0.24038	0.02589	0.41720	0.13354	0.01438	0.01262	0.00514	0.00386	0.00116	0.00319	0.00418	0.07427	0.00586
31	0.00814	0.00773	0.01312	0.52318	0.35224	0.00876	0.01110	0.01058	0.00809	0.01089	0.00697	0.00993	0.00550	0.00367	0.00382	0.00122	0.00489	0.00341	0.00178	0.00498
32	0.00513	0.00358	0.00417	0.00454	0.00498	0.00336	0.00299	0.00578	0.00720	0.00966	0.02145	0.37073	0.19150	0.25409	0.00878	0.00206	0.00255	0.00810	0.08638	0.00296
33	0.00508	0.00364	0.00491	0.00578	0.00621	0.00347	0.00427	0.00606	0.00778	0.01026	0.02125	0.62077	0.04046	0.01158	0.00500	0.00161	0.00258	0.23249	0.00355	0.00323
34	0.07165	0.00741	0.00954	0.00782	0.00982	0.04492	0.06812	0.11096	0.00994	0.26223	0.08908	0.03803	0.01079	0.00890	0.13440	0.00201	0.10189	0.00416	0.00329	0.00505
35	0.00921	0.00883	0.01506	0.12570	0.74133	0.00904	0.01163	0.01153	0.00860	0.01219	0.00716	0.00958	0.00596	0.00347	0.00380	0.00116	0.00462	0.00342	0.00187	0.00585
36	0.00467	0.00334	0.00445	0.00534	0.00556	0.00311	0.00356	0.00534	0.00734	0.00979	0.02113	0.86275	0.02536	0.01201	0.00489	0.00156	0.00222	0.01090	0.00356	0.00311
37	0.02158	0.00921	0.03903	0.03790	0.01062	0.14670	0.04043	0.16260	0.04518	0.11805	0.01005	0.03909	0.00838	0.06066	0.19966	0.00248	0.03686	0.00389	0.00281	0.00481
38	0.02543	0.00855	0.01416	0.05779	0.20506	0.02545	0.25875	0.09349	0.07887	0.01337	0.02269	0.14577	0.02256	0.00518	0.00420	0.00128	0.00458	0.00510	0.00259	0.00513
39	0.00522	0.00377	0.00460	0.00501	0.00580	0.00339	0.00365	0.00620	0.00830	0.03811	0.07529	0.41725	0.31216	0.01058	0.00475	0.00145	0.00226	0.08524	0.00364	0.00334

[dist]
# distance from previous block
# <min> <max>
1	11

[block]
# block no. 3 follows, 71 sequences, length 23
# corresponding to MSA columns:
# 158-180
name=unknown_D
#
# <colnr> <probs for GDERKNQSTAVLIFYWHMCP>
#	G	D	E	R	K	N	Q	S	T	A	V	L	I	F	Y	W	H	M	C	P
0	0.00479	0.00374	0.00429	0.00445	0.00534	0.00330	0.00319	0.00581	0.00866	0.01107	0.19207	0.24485	0.43492	0.04933	0.00531	0.00146	0.00207	0.00846	0.00363	0.00324
1	0.01091	0.03158	0.01108	0.09135	0.12804	0.24038	0.01742	0.06334	0.00947	0.06904	0.00771	0.03385	0.00639	0.00427	0.00440	0.00107	0.08890	0.00319	0.02424	0.15338
2	0.02740	0.00570	0.00709	0.00597	0.00791	0.00547	0.00473	0.05095	0.09641	0.32987	0.31594	0.01869	0.01927	0.00587	0.00397	0.00118	0.00262	0.00496	0.08088	0.00511
3	0.00795	0.00681	0.00795	0.00568	0.00909	0.00511	0.00454	0.00965	0.00795	0.01249	0.00681	0.00795	0.00568	0.00284	0.00284	0.00057	0.00284	0.00227	0.00227	0.88869
4	0.02493	0.00893	0.01295	0.18978	0.29271	0.05479	0.06635	0.10756	0.05233	0.07492	0.00868	0.03734	0.00693	0.00427	0.00423	0.00122	0.04046	0.00374	0.00246	0.00543
5	0.00481	0.00351	0.00454	0.00517	0.00562	0.00324	0.00359	0.00571	0.00803	0.01069	0.13926	0.63550	0.10839	0.01114	0.00482	0.00149	0.00218	0.03545	0.00365	0.00321
6	0.00469	0.00386	0.00415	0.00421	0.00536	0.00332	0.00314	0.00575	0.00880	0.01084	0.12195	0.10177	0.65628	0.01009	0.02153	0.00141	0.00215	0.02382	0.00360	0.00328
7	0.06351	0.00761	0.00924	0.00736	0.00990	0.00774	0.00601	0.24811	0.01211	0.43936	0.01280	0.08614	0.00947	0.00540	0.00439	0.00124	0.05535	0.00423	0.00406	0.00595
8	0.00898	0.00519	0.00615	0.00561	0.00708	0.00519	0.00440	0.08035	0.08573	0.14753	0.16325	0.09907	0.01691	0.00643	0.00384	0.00119	0.00254	0.07340	0.27267	0.00449
9	0.01050	0.81599	0.01953	0.00676	0.00996	0.06586	0.00661	0.01171	0.00798	0.00904	0.00537	0.00620	0.00492	0.00332	0.00252	0.00083	0.00427	0.00208	0.00166	0.00489
10	0.05788	0.00560	0.00684	0.00562	0.00767	0.00496	0.00433	0.02198	0.00894	0.25404	0.14133	0.05583	0.03819	0.12738	0.03195	0.00157	0.00312	0.00456	0.00342	0.21479
11	0.00853	0.02265	0.00888	0.06075	0.08170	0.08699	0.00614	0.04753	0.05381	0.04089	0.02029	0.01153	0.00791	0.02281	0.28259	0.00269	0.00607	0.00339	0.00237	0.22248
12	0.01290	0.01587	0.01123	0.03222	0.04710	0.64633	0.00785	0.01396	0.00982	0.00950	0.00585	0.00737	0.00501	0.00441	0.00507	0.00112	0.15532	0.00269	0.00191	0.00447
13	0.89233	0.00741	0.00564	0.00504	0.00741	0.00860	0.00415	0.01127	0.00653	0.01720	0.00534	0.00623	0.00415	0.00356	0.00237	0.00119	0.00297	0.00208	0.00237	0.00415
14	0.00545	0.00390	0.00446	0.00455	0.00548	0.00369	0.00334	0.02426	0.00827	0.01129	0.07199	0.17945	0.34941	0.03505	0.11104	0.00194	0.00310	0.00705	0.16288	0.00337
15	0.00458	0.00379	0.00401	0.00415	0.00526	0.00323	0.00304	0.00552	0.00856	0.01039	0.05623	0.17337	0.68459	0.01004	0.00459	0.00134	0.00199	0.00853	0.00358	0.00323
16	0.00656	0.00336	0.00494	0.00494	0.00500	0.00333	0.00331	0.00502	0.00517	0.00683	0.00814	0.01282	0.04504	0.01315	0.01450	0.84758	0.00327	0.00355	0.00175	0.00174
17	0.00600	0.00465	0.00706	0.00727	0.00829	0.00451	0.07527	0.00760	0.00852	0.01111	0.02055	0.21749	0.07136	0.01022	0.00510	0.00165	0.00340	0.52300	0.00340	0.00356
18	0.00862	0.03909	0.65314	0.01066	0.01557	0.07564	0.03665	0.03690	0.04730	0.01233	0.00723	0.00835	0.00527	0.00381	0.00384	0.00120	0.02409	0.00294	0.00183	0.00555
19	0.00779	0.04397	0.00783	0.00743	0.07070	0.08179	0.00501	0.06813	0.00753	0.00998	0.00977	0.01663	0.00990	0.36071	0.17209	0.00316	0.07259	0.00429	0.03708	0.00363
20	0.00482	0.00363	0.00447	0.00483	0.00550	0.00327	0.00341	0.00586	0.00859	0.01134	0.23124	0.43866	0.23969	0.01037	0.00471	0.00140	0.00205	0.00917	0.00373	0.00327
21	0.81925	0.00734	0.00591	0.00519	0.00761	0.00835	0.00428	0.01189	0.00690	0.08625	0.00616	0.00680	0.00460	0.00366	0.00250	0.00119	0.00299	0.00222	0.00257	0.00435
22	0.11536	0.06981	0.33364	0.00963	0.06153	0.00873	0.05725	0.05635	0.03661	0.01270	0.01666	0.01093	0.03054	0.05976	0.07801	0.00178	0.03025	0.00340	0.00211	0.00495

[dist]
# distance from previous block
# <min> <max>
2	18

[block]
# block no. 4 follows, 71 sequences, length 13
# corresponding to MSA columns:
# 200-212
name=unknown_E
#
# <colnr> <probs for GDERKNQSTAVLIFYWHMCP>
#	G	D	E	R	K	N	Q	S	T	A	V	L	I	F	Y	W	H	M	C	P
0	0.08280	0.00572	0.00546	0.00520	0.00613	0.07877	0.00365	0.00829	0.05989	0.01112	0.17822	0.04301	0.11352	0.33022	0.02452	0.00224	0.00337	0.01695	0.00296	0.01795
1	0.09069	0.00974	0.01036	0.03105	0.01123	0.01081	0.00668	0.66375	0.01566	0.02172	0.00905	0.01034	0.00691	0.07857	0.00506	0.00138	0.00409	0.00351	0.00352	0.00589
2	0.01450	0.01291	0.01132	0.00913	0.01188	0.25296	0.00732	0.59459	0.01597	0.01991	0.00826	0.00855	0.00607	0.00442	0.00373	0.00110	0.00499	0.00317	0.00330	0.00592
3	0.00494	0.00352	0.00455	0.00505	0.00542	0.00330	0.00341	0.00578	0.00793	0.01074	0.19861	0.55873	0.04770	0.11371	0.00656	0.00173	0.00231	0.00932	0.00355	0.00313
4	0.00949	0.00911	0.01556	0.02353	0.84133	0.00911	0.01177	0.01177	0.00873	0.01253	0.00721	0.00949	0.00607	0.00342	0.00380	0.00114	0.00456	0.00342	0.00190	0.00607
5	0.01285	0.01606	0.01129	0.00990	0.01192	0.68052	0.07762	0.01402	0.01039	0.00971	0.00895	0.00988	0.07833	0.00447	0.00389	0.00106	0.02946	0.00316	0.00210	0.00439
6	0.00618	0.00381	0.00521	0.00519	0.00532	0.00403	0.00353	0.00571	0.00556	0.00755	0.00961	0.04031	0.01027	0.27865	0.12110	0.40894	0.04121	0.03348	0.00204	0.00231
7	0.00475	0.00345	0.00445	0.00513	0.00550	0.00319	0.00347	0.00552	0.00771	0.01024	0.09282	0.69135	0.09744	0.03903	0.00530	0.00157	0.00221	0.01014	0.00358	0.00314
8	0.00666	0.00333	0.00500	0.00500	0.00500	0.00333	0.00333	0.00500	0.00500	0.00666	0.00666	0.01166	0.00666	0.01332	0.01499	0.88844	0.00333	0.00333	0.00167	0.00167
9	0.00712	0.07956	0.00879	0.00831	0.08110	0.00650	0.02555	0.04969	0.00810	0.01085	0.01371	0.08868	0.02485	0.07713	0.16207	0.02592	0.04770	0.26778	0.00270	0.00390
10	0.00754	0.00692	0.02156	0.00793	0.03848	0.08853	0.07743	0.04718	0.00848	0.03354	0.03194	0.26064	0.10801	0.02588	0.10827	0.00198	0.07251	0.01707	0.03214	0.00398
11	0.00992	0.06098	0.50588	0.01005	0.04297	0.08156	0.01105	0.03676	0.00914	0.13406	0.03844	0.02683	0.00719	0.00415	0.00366	0.00117	0.00505	0.00326	0.00232	0.00556
12	0.02559	0.02676	0.04805	0.12163	0.24417	0.04930	0.04757	0.12800	0.02935	0.12342	0.00995	0.09540	0.00835	0.00473	0.00387	0.00120	0.00432	0.00416	0.00274	0.02141

[dist]
# distance from previous block
# <min> <max>
1	28

[block]
# block no. 5 follows, 71 sequences, length 35
# corresponding to MSA columns:
# 241-275
name=unknown_F
#
# <colnr> <probs for GDERKNQSTAVLIFYWHMCP>
#	G	D	E	R	K	N	Q	S	T	A	V	L	I	F	Y	W	H	M	C	P
0	0.04848	0.19681	0.14357	0.00923	0.06626	0.04480	0.06165	0.12242	0.02090	0.11724	0.00971	0.02786	0.04144	0.00491	0.02705	0.00123	0.00448	0.00340	0.00260	0.04595
1	0.02616	0.09954	0.15695	0.04917	0.05644	0.02762	0.03407	0.08006	0.05580	0.04323	0.15608	0.08023	0.05362	0.00602	0.01757	0.00128	0.01717	0.01443	0.01975	0.00480
2	0.00630	0.00422	0.00543	0.00510	0.00620	0.00392	0.00392	0.00817	0.02692	0.07319	0.61660	0.02851	0.11110	0.00848	0.02780	0.00138	0.00228	0.05256	0.00409	0.00383
3	0.00865	0.01324	0.36189	0.10062	0.27899	0.00875	0.09489	0.01190	0.00844	0.04454	0.00773	0.02934	0.00603	0.00379	0.00384	0.00121	0.00516	0.00348	0.00192	0.00558
4	0.01016	0.18263	0.14689	0.06673	0.09774	0.05291	0.07971	0.08632	0.04814	0.08456	0.01928	0.04946	0.01742	0.00434	0.00374	0.00113	0.01711	0.00360	0.00244	0.02568
5	0.00678	0.00541	0.00596	0.00572	0.00699	0.03345	0.00432	0.01029	0.20132	0.03931	0.26818	0.15130	0.19029	0.00852	0.02244	0.00141	0.00263	0.02775	0.00379	0.00415
6	0.00548	0.00359	0.00460	0.00527	0.00577	0.00346	0.00385	0.00660	0.00785	0.01118	0.04181	0.51665	0.02184	0.01008	0.00450	0.00145	0.00236	0.15344	0.18694	0.00330
7	0.02331	0.00707	0.04456	0.11559	0.08155	0.04869	0.04343	0.04247	0.05786	0.01132	0.05179	0.08164	0.16922	0.11622	0.05752	0.00188	0.02270	0.01635	0.00270	0.00411
8	0.02418	0.03369	0.08064	0.04740	0.41440	0.06020	0.06597	0.07711	0.00945	0.04560	0.00896	0.08029	0.00791	0.00448	0.00388	0.00119	0.00461	0.02221	0.00232	0.00550
9	0.00565	0.00421	0.00529	0.00497	0.00598	0.00400	0.00374	0.00802	0.06680	0.01511	0.73397	0.02817	0.08396	0.00777	0.00448	0.00122	0.00190	0.00683	0.00416	0.00376
10	0.89233	0.00741	0.00564	0.00504	0.00741	0.00860	0.00415	0.01127	0.00653	0.01720	0.00534	0.00623	0.00415	0.00356	0.00237	0.00119	0.00297	0.00208	0.00237	0.00415
11	0.02351	0.04454	0.21624	0.13050	0.09155	0.00859	0.14904	0.05329	0.02396	0.08106	0.02952	0.03518	0.03068	0.00472	0.01431	0.00130	0.02802	0.01362	0.01520	0.00518
12	0.00842	0.00853	0.09630	0.02968	0.01370	0.00711	0.33466	0.04097	0.00917	0.08676	0.06873	0.19902	0.01345	0.00618	0.00447	0.00135	0.00455	0.05940	0.00284	0.00471
13	0.00465	0.00386	0.00406	0.00408	0.00527	0.00328	0.00303	0.00570	0.00892	0.01094	0.13498	0.08007	0.69876	0.00961	0.00455	0.00130	0.00194	0.00810	0.00364	0.00328
14	0.71660	0.00724	0.00629	0.00540	0.00789	0.00801	0.00445	0.01276	0.00742	0.18323	0.00730	0.00760	0.00522	0.00380	0.00267	0.00119	0.00303	0.00243	0.00285	0.00463
15	0.00733	0.00728	0.04653	0.15506	0.25654	0.03014	0.04794	0.02327	0.00833	0.01113	0.01386	0.27922	0.06666	0.00678	0.00425	0.00132	0.00393	0.02339	0.00255	0.00450
16	0.00472	0.00340	0.00449	0.00535	0.00563	0.00317	0.00363	0.00544	0.00745	0.00987	0.02177	0.80218	0.05598	0.01187	0.00489	0.00155	0.00226	0.03965	0.00356	0.00313
17	0.00840	0.00843	0.01198	0.01020	0.01029	0.01170	0.02652	0.00930	0.00594	0.00930	0.00509	0.00843	0.00505	0.00663	0.01240	0.00167	0.83938	0.00338	0.00168	0.00422
18	0.00618	0.00440	0.00572	0.00590	0.00640	0.03423	0.02670	0.00653	0.02601	0.00921	0.01565	0.34284	0.05788	0.01130	0.00832	0.30078	0.01580	0.09753	0.01575	0.00287
19	0.01271	0.01541	0.05353	0.00955	0.01155	0.59266	0.02930	0.02545	0.01003	0.04741	0.00719	0.00935	0.00613	0.02945	0.04316	0.00140	0.06383	0.02524	0.00214	0.00450
20	0.06861	0.63044	0.07700	0.00756	0.01083	0.07695	0.04857	0.01181	0.00800	0.00998	0.00560	0.00660	0.00491	0.00342	0.00287	0.00092	0.01703	0.00228	0.00173	0.00489
21	0.00536	0.00408	0.00539	0.00560	0.00649	0.00415	0.00444	0.00670	0.00778	0.01027	0.06899	0.04354	0.24583	0.03817	0.33180	0.00334	0.00557	0.19614	0.00298	0.00338
22	0.00586	0.00386	0.00428	0.00416	0.00520	0.00360	0.00313	0.00758	0.02353	0.01358	0.30444	0.02562	0.25341	0.00712	0.00386	0.00112	0.00186	0.00602	0.31823	0.00354
23	0.00839	0.00839	0.01174	0.01007	0.01007	0.01174	0.00839	0.00923	0.00587	0.00923	0.00503	0.00839	0.00503	0.00671	0.01258	0.00168	0.85823	0.00336	0.00168	0.00419
24	0.89233	0.00741	0.00564	0.00504	0.00741	0.00860	0.00415	0.01127	0.00653	0.01720	0.00534	0.00623	0.00415	0.00356	0.00237	0.00119	0.00297	0.00208	0.00237	0.00415
25	0.01025	0.86756	0.02009	0.00656	0.00984	0.01517	0.00656	0.01148	0.00779	0.00902	0.00533	0.00615	0.00492	0.00328	0.00246	0.00082	0.00410	0.00205	0.00164	0.00492
26	0.00467	0.00334	0.00445	0.00534	0.00556	0.00311	0.00356	0.00534	0.00734	0.00979	0.02113	0.86275	0.02536	0.01201	0.00489	0.00156	0.00222	0.01090	0.00356	0.00311
27	0.00954	0.00824	0.00867	0.00780	0.00997	0.00954	0.00607	0.02037	0.83441	0.01604	0.01561	0.01431	0.01170	0.00520	0.00390	0.00130	0.00303	0.00433	0.00390	0.00607
28	0.01264	0.00978	0.01042	0.00843	0.01115	0.01099	0.00682	0.51768	0.33205	0.02104	0.01167	0.01117	0.00851	0.00483	0.00386	0.00121	0.00376	0.00379	0.00386	0.00635
29	0.01458	0.01074	0.01151	0.00882	0.01189	0.01189	0.00729	0.82855	0.01803	0.02416	0.00921	0.00921	0.00652	0.00460	0.00384	0.00115	0.00422	0.00345	0.00384	0.00652
30	0.01432	0.01827	0.01087	0.00988	0.01185	0.84986	0.00741	0.01531	0.01087	0.00938	0.00593	0.00691	0.00494	0.00395	0.00346	0.00099	0.00691	0.00247	0.00198	0.00444
31	0.00466	0.00385	0.00409	0.00411	0.00528	0.00328	0.00305	0.00573	0.00893	0.01100	0.14626	0.09155	0.67574	0.00961	0.00455	0.00130	0.00194	0.00812	0.00365	0.00328
32	0.00518	0.00389	0.00483	0.00492	0.00583	0.00355	0.00374	0.00661	0.00957	0.01281	0.41655	0.14617	0.24505	0.00924	0.00467	0.00135	0.00211	0.10664	0.00387	0.00344
33	0.00470	0.00338	0.00446	0.00532	0.00559	0.00314	0.00359	0.00539	0.00742	0.00984	0.02171	0.81931	0.05272	0.01191	0.00489	0.00155	0.00224	0.02615	0.00356	0.00313
34	0.01851	0.03641	0.08518	0.05787	0.03887	0.02927	0.22291	0.02188	0.06674	0.03884	0.23851	0.03089	0.05721	0.00540	0.00447	0.00124	0.03326	0.00498	0.00287	0.00468

[dist]
# distance from previous block
# <min> <max>
2	23

[block]
# block no. 6 follows, 71 sequences, length 40
# corresponding to MSA columns:
# 299-338
name=unknown_G
#
# <colnr> <probs for GDERKNQSTAVLIFYWHMCP>
#	G	D	E	R	K	N	Q	S	T	A	V	L	I	F	Y	W	H	M	C	P
0	0.02418	0.05348	0.34471	0.04236	0.03694	0.01919	0.11708	0.02906	0.03732	0.04821	0.09372	0.04897	0.06816	0.00498	0.00393	0.00123	0.00457	0.01442	0.00245	0.00504
1	0.00893	0.00665	0.00792	0.00583	0.00901	0.00517	0.00465	0.02337	0.00848	0.10704	0.02298	0.04358	0.00746	0.00354	0.00308	0.00070	0.00287	0.00290	0.00266	0.72317
2	0.00807	0.00553	0.00736	0.00673	0.00780	0.00624	0.00532	0.03369	0.08034	0.11755	0.11663	0.02855	0.01357	0.06550	0.29108	0.00313	0.12806	0.05016	0.02048	0.00421
3	0.00467	0.00334	0.00445	0.00534	0.00556	0.00311	0.00356	0.00534	0.00734	0.00979	0.02113	0.86275	0.02536	0.01201	0.00489	0.00156	0.00222	0.01090	0.00356	0.00311
4	0.00453	0.00388	0.00388	0.00388	0.00518	0.00324	0.00291	0.00550	0.00874	0.01036	0.03884	0.03690	0.83978	0.00971	0.00453	0.00129	0.00194	0.00809	0.00356	0.00324
5	0.01025	0.86756	0.02009	0.00656	0.00984	0.01517	0.00656	0.01148	0.00779	0.00902	0.00533	0.00615	0.00492	0.00328	0.00246	0.00082	0.00410	0.00205	0.00164	0.00492
6	0.00557	0.00373	0.00423	0.00423	0.00424	0.00374	0.00238	0.00560	0.00559	0.00747	0.01204	0.02486	0.01384	0.84618	0.03845	0.00377	0.00387	0.00554	0.00232	0.00235
7	0.89233	0.00741	0.00564	0.00504	0.00741	0.00860	0.00415	0.01127	0.00653	0.01720	0.00534	0.00623	0.00415	0.00356	0.00237	0.00119	0.00297	0.00208	0.00237	0.00415
8	0.00467	0.00334	0.00445	0.00534	0.00556	0.00311	0.00356	0.00534	0.00734	0.00979	0.02113	0.86275	0.02536	0.01201	0.00489	0.00156	0.00222	0.01090	0.00356	0.00311
9	0.39465	0.00930	0.00896	0.00719	0.00995	0.01047	0.00593	0.47467	0.01305	0.02115	0.00753	0.00792	0.00550	0.00415	0.00320	0.00117	0.00368	0.00286	0.00320	0.00550
10	0.05494	0.01007	0.01073	0.00832	0.01117	0.01111	0.00680	0.72384	0.01659	0.03902	0.00932	0.01012	0.00693	0.05751	0.00473	0.00131	0.00411	0.00353	0.00369	0.00615
11	0.00769	0.00596	0.00804	0.00709	0.00849	0.02591	0.06925	0.02896	0.13694	0.07304	0.06853	0.01721	0.07021	0.08688	0.34082	0.00341	0.02983	0.00468	0.00284	0.00423
12	0.01432	0.01061	0.01136	0.00877	0.01179	0.01177	0.00723	0.78815	0.05884	0.02376	0.00953	0.00946	0.00678	0.00463	0.00384	0.00116	0.00416	0.00350	0.00384	0.00650
13	0.20836	0.02780	0.00884	0.00760	0.00983	0.25830	0.00595	0.06553	0.20953	0.08175	0.00993	0.04654	0.00797	0.00466	0.00343	0.00116	0.00425	0.01311	0.00296	0.02250
14	0.00496	0.00353	0.00474	0.00558	0.00592	0.00335	0.00396	0.00581	0.00760	0.01011	0.03540	0.69189	0.02472	0.03312	0.00532	0.00164	0.00247	0.14317	0.00354	0.00317
15	0.00942	0.00515	0.00661	0.00554	0.00741	0.00451	0.00435	0.02521	0.01050	0.27073	0.41026	0.03341	0.08208	0.00648	0.00413	0.00114	0.00243	0.00555	0.00411	0.10097
16	0.00769	0.01983	0.84538	0.01093	0.01659	0.00890	0.01417	0.01214	0.00810	0.01214	0.00688	0.00810	0.00486	0.00364	0.00364	0.00121	0.00567	0.00283	0.00162	0.00567
17	0.01025	0.86756	0.02009	0.00656	0.00984	0.01517	0.00656	0.01148	0.00779	0.00902	0.00533	0.00615	0.00492	0.00328	0.00246	0.00082	0.00410	0.00205	0.00164	0.00492
18	0.00935	0.00950	0.05122	0.04765	0.78163	0.00908	0.01184	0.01172	0.00867	0.01243	0.00719	0.00945	0.00599	0.00344	0.00379	0.00115	0.00462	0.00339	0.00188	0.00600
19	0.37386	0.00697	0.00762	0.00613	0.00886	0.00696	0.00506	0.03081	0.00929	0.49165	0.01103	0.01020	0.00726	0.00426	0.00325	0.00119	0.00316	0.00312	0.00376	0.00556
20	0.00543	0.00392	0.00513	0.00482	0.00573	0.00362	0.00362	0.00724	0.01085	0.01538	0.83931	0.02864	0.03618	0.00784	0.00452	0.00121	0.00181	0.00693	0.00422	0.00362
21	0.01025	0.86756	0.02009	0.00656	0.00984	0.01517	0.00656	0.01148	0.00779	0.00902	0.00533	0.00615	0.00492	0.00328	0.00246	0.00082	0.00410	0.00205	0.00164	0.00492
22	0.00466	0.00337	0.00442	0.00526	0.00554	0.00312	0.00353	0.00535	0.00741	0.00982	0.02206	0.81937	0.06814	0.01189	0.00487	0.00154	0.00221	0.01075	0.00356	0.00312
23	0.00548	0.00411	0.00616	0.00616	0.00685	0.00479	0.00479	0.00685	0.00616	0.00890	0.01027	0.01506	0.00959	0.02876	0.85006	0.00616	0.01027	0.00411	0.00205	0.00342
24	0.00540	0.00389	0.00510	0.00485	0.00572	0.00360	0.00362	0.00716	0.01071	0.01514	0.80519	0.06343	0.03573	0.00801	0.00454	0.00122	0.00183	0.00710	0.00419	0.00360
25	0.00475	0.00341	0.00453	0.00540	0.00568	0.00319	0.00369	0.00548	0.00745	0.00989	0.02148	0.79988	0.04345	0.01188	0.00491	0.00156	0.00229	0.05438	0.00356	0.00314
26	0.00768	0.01953	0.82625	0.03032	0.01682	0.00890	0.01409	0.01209	0.00809	0.01209	0.00688	0.00814	0.00486	0.00365	0.00365	0.00122	0.00565	0.00285	0.00162	0.00563
27	0.00733	0.00691	0.01167	0.82131	0.06040	0.00854	0.01069	0.00988	0.00771	0.00991	0.00683	0.01019	0.00515	0.00382	0.00383	0.00127	0.00509	0.00341	0.00171	0.00433
28	0.01711	0.00667	0.00899	0.00689	0.00986	0.00585	0.00569	0.04648	0.01122	0.81586	0.01492	0.01292	0.00939	0.00474	0.00386	0.00119	0.00330	0.00384	0.00471	0.00653
29	0.00475	0.00378	0.00427	0.00442	0.00541	0.00330	0.00324	0.00582	0.00882	0.01116	0.17885	0.21515	0.50403	0.00989	0.00462	0.00134	0.00201	0.02219	0.00368	0.00328
30	0.00720	0.06957	0.03038	0.00623	0.00771	0.06849	0.01761	0.04587	0.07806	0.03103	0.04908	0.27974	0.22024	0.00852	0.00434	0.00134	0.00306	0.06424	0.00331	0.00401
31	0.01458	0.01074	0.01151	0.00882	0.01189	0.01189	0.00729	0.82855	0.01803	0.02416	0.00921	0.00921	0.00652	0.00460	0.00384	0.00115	0.00422	0.00345	0.00384	0.00652
32	0.00954	0.00824	0.00867	0.00780	0.00997	0.00954	0.00607	0.02037	0.83441	0.01604	0.01561	0.01431	0.01170	0.00520	0.00390	0.00130	0.00303	0.00433	0.00390	0.00607
33	0.00839	0.00839	0.01174	0.01007	0.01007	0.01174	0.00839	0.00923	0.00587	0.00923	0.00503	0.00839	0.00503	0.00671	0.01258	0.00168	0.85823	0.00336	0.00168	0.00419
34	0.01263	0.00959	0.01046	0.00790	0.01107	0.00990	0.00648	0.58771	0.01506	0.02073	0.00850	0.00884	0.00627	0.00408	0.00354	0.00098	0.00381	0.00310	0.00338	0.26597
35	0.00849	0.06565	0.01888	0.07160	0.05179	0.01583	0.02616	0.12551	0.02067	0.08318	0.25581	0.15995	0.05456	0.00686	0.00418	0.00124	0.00315	0.01848	0.00346	0.00454
36	0.00600	0.00470	0.00599	0.00582	0.00622	0.02830	0.00421	0.00679	0.00604	0.00838	0.01041	0.01815	0.01076	0.34834	0.43770	0.00471	0.07769	0.00457	0.00212	0.00309
37	0.01601	0.00790	0.00967	0.00744	0.01036	0.00773	0.00612	0.29576	0.01325	0.54180	0.01302	0.01204	0.00859	0.02667	0.00425	0.00124	0.00360	0.00376	0.00437	0.00642
38	0.00940	0.28577	0.29726	0.01117	0.12709	0.07709	0.05738	0.01215	0.02284	0.02082	0.02760	0.00850	0.00614	0.00403	0.01650	0.00114	0.00506	0.00290	0.00186	0.00529
39	0.00929	0.02008	0.05302	0.08787	0.31745	0.06886	0.06881	0.06178	0.12322	0.01284	0.02032	0.07958	0.02043	0.00476	0.00424	0.00123	0.03422	0.00423	0.00245	0.00535

[dist]
# distance from previous block
# <min> <max>
0	1

[block]
# block no. 7 follows, 71 sequences, length 14
# corresponding to MSA columns:
# 340-353
name=unknown_H
#
# <colnr> <probs for GDERKNQSTAVLIFYWHMCP>
#	G	D	E	R	K	N	Q	S	T	A	V	L	I	F	Y	W	H	M	C	P
0	0.00543	0.00406	0.00606	0.00611	0.00677	0.00469	0.00472	0.00676	0.00623	0.00895	0.01091	0.06498	0.01051	0.02777	0.80029	0.00589	0.00980	0.00451	0.00214	0.00341
1	0.01309	0.01603	0.01046	0.01002	0.05633	0.68930	0.00717	0.02844	0.02995	0.00999	0.02230	0.00934	0.02607	0.05011	0.00439	0.00116	0.00627	0.00296	0.00215	0.00445
2	0.11080	0.05384	0.32715	0.03765	0.09358	0.00865	0.08239	0.02985	0.04856	0.10100	0.02566	0.02896	0.00735	0.00421	0.00366	0.00121	0.00461	0.02308	0.00239	0.00539
3	0.00680	0.00343	0.00500	0.00499	0.00509	0.00340	0.00334	0.00545	0.00532	0.02673	0.00777	0.04563	0.00780	0.04421	0.01420	0.77900	0.00326	0.00373	0.02295	0.00191
4	0.00476	0.00354	0.00446	0.00510	0.00562	0.00324	0.00357	0.00561	0.00789	0.01027	0.06450	0.60059	0.20006	0.01124	0.00482	0.00150	0.00222	0.05425	0.00359	0.00319
5	0.00510	0.00370	0.00489	0.00564	0.00616	0.00349	0.00419	0.00614	0.00804	0.01057	0.06552	0.53149	0.09602	0.01122	0.00495	0.00157	0.00252	0.22194	0.00359	0.00326
6	0.00907	0.08313	0.39389	0.02385	0.06292	0.04658	0.17172	0.04053	0.00888	0.04280	0.03103	0.00994	0.00659	0.00397	0.00409	0.00121	0.03305	0.01935	0.00202	0.00537
7	0.89233	0.00741	0.00564	0.00504	0.00741	0.00860	0.00415	0.01127	0.00653	0.01720	0.00534	0.00623	0.00415	0.00356	0.00237	0.00119	0.00297	0.00208	0.00237	0.00415
8	0.00551	0.00398	0.00552	0.00552	0.00598	0.00444	0.00399	0.00643	0.00597	0.00842	0.01086	0.01833	0.01100	0.30134	0.57942	0.00537	0.00813	0.00459	0.00214	0.00306
9	0.01017	0.01187	0.24416	0.03436	0.22316	0.00908	0.06564	0.17886	0.03064	0.06616	0.03065	0.01067	0.00730	0.00416	0.00394	0.00119	0.01535	0.01726	0.02960	0.00576
10	0.02604	0.09479	0.08975	0.03072	0.03121	0.04369	0.20003	0.25186	0.03747	0.10505	0.00934	0.04640	0.00720	0.00433	0.00385	0.00118	0.00475	0.00384	0.00287	0.00562
11	0.06836	0.00559	0.02835	0.00555	0.00726	0.00513	0.00447	0.04874	0.06298	0.15467	0.37272	0.03635	0.15625	0.00691	0.00415	0.00122	0.00245	0.00584	0.01859	0.00442
12	0.00639	0.00540	0.00764	0.00713	0.00750	0.00682	0.00559	0.00740	0.00603	0.00885	0.00916	0.03955	0.00916	0.12703	0.45295	0.00429	0.27934	0.00426	0.00201	0.00352
13	0.07718	0.11532	0.20793	0.06371	0.19164	0.02608	0.06075	0.04776	0.02740	0.03470	0.00780	0.02043	0.00631	0.00429	0.01334	0.00122	0.03493	0.01662	0.03735	0.00525

[dist]
# distance from previous block
# <min> <max>
2	13

[block]
# block no. 8 follows, 71 sequences, length 23
# corresponding to MSA columns:
# 367-389
name=unknown_I
#
# <colnr> <probs for GDERKNQSTAVLIFYWHMCP>
#	G	D	E	R	K	N	Q	S	T	A	V	L	I	F	Y	W	H	M	C	P
0	0.06281	0.06028	0.01358	0.06936	0.34387	0.10127	0.08303	0.07600	0.03873	0.05115	0.02325	0.02020	0.03154	0.00406	0.00372	0.00115	0.00461	0.00359	0.00237	0.00541
1	0.00965	0.00942	0.03760	0.09788	0.60874	0.03323	0.07271	0.01198	0.00875	0.04718	0.00747	0.00964	0.00603	0.00358	0.00400	0.00117	0.01975	0.00347	0.00199	0.00577
2	0.00550	0.00399	0.00532	0.00564	0.00602	0.00427	0.00407	0.00634	0.00698	0.00986	0.01663	0.45354	0.04230	0.05855	0.15603	0.02478	0.07904	0.01929	0.08861	0.00324
3	0.02361	0.04022	0.01224	0.05585	0.44516	0.04590	0.00884	0.02189	0.07634	0.04937	0.15668	0.02601	0.01217	0.00459	0.00387	0.00116	0.00394	0.00413	0.00264	0.00538
4	0.00853	0.22610	0.52719	0.01017	0.01492	0.01054	0.08511	0.01241	0.04951	0.01159	0.00702	0.00813	0.00530	0.00360	0.00345	0.00113	0.00522	0.00287	0.00177	0.00546
5	0.00603	0.00471	0.00558	0.00539	0.00650	0.00470	0.00402	0.00941	0.17928	0.01396	0.43382	0.15567	0.13972	0.00820	0.00445	0.00129	0.00214	0.00717	0.00396	0.00399
6	0.00568	0.00506	0.05100	0.00561	0.00667	0.00429	0.00440	0.05151	0.03354	0.01105	0.02358	0.40093	0.23704	0.06314	0.00558	0.00159	0.00268	0.07971	0.00340	0.00355
7	0.03820	0.00916	0.01325	0.30418	0.43631	0.09437	0.01057	0.01158	0.00856	0.02783	0.00704	0.00944	0.00564	0.00364	0.00373	0.00117	0.00491	0.00328	0.00191	0.00524
8	0.00766	0.00724	0.01226	0.70003	0.17912	0.00863	0.01086	0.01017	0.00787	0.01031	0.00689	0.01009	0.00529	0.00376	0.00383	0.00125	0.00501	0.00341	0.00174	0.00460
9	0.00510	0.00354	0.00441	0.00487	0.00502	0.00345	0.00308	0.00551	0.00652	0.00873	0.01674	0.46293	0.01973	0.38273	0.04771	0.00269	0.00322	0.00830	0.00296	0.00278
10	0.02254	0.13325	0.53773	0.01001	0.01468	0.02227	0.06974	0.01256	0.00841	0.09661	0.00796	0.03371	0.00600	0.00393	0.00358	0.00117	0.00514	0.00317	0.00204	0.00550
11	0.02907	0.36959	0.37166	0.00860	0.01265	0.01099	0.03377	0.01153	0.00799	0.03489	0.00754	0.07182	0.00657	0.00414	0.00325	0.00108	0.00465	0.00318	0.00189	0.00514
12	0.00543	0.00392	0.00513	0.00482	0.00573	0.00362	0.00362	0.00724	0.01085	0.01538	0.83931	0.02864	0.03618	0.00784	0.00452	0.00121	0.00181	0.00693	0.00422	0.00362
13	0.00732	0.00686	0.01141	0.82764	0.02586	0.00855	0.01049	0.01015	0.03534	0.01001	0.00711	0.01036	0.00533	0.00388	0.00384	0.00128	0.00504	0.00344	0.00178	0.00432
14	0.00563	0.00455	0.00734	0.00722	0.00810	0.00432	0.11633	0.00691	0.00793	0.01053	0.01911	0.55118	0.02191	0.01048	0.00494	0.00157	0.00311	0.20203	0.00333	0.00349
15	0.00724	0.00681	0.01150	0.85604	0.02641	0.00852	0.01065	0.00980	0.00767	0.00980	0.00681	0.01022	0.00511	0.00383	0.00383	0.00128	0.00511	0.00341	0.00170	0.00426
16	0.89233	0.00741	0.00564	0.00504	0.00741	0.00860	0.00415	0.01127	0.00653	0.01720	0.00534	0.00623	0.00415	0.00356	0.00237	0.00119	0.00297	0.00208	0.00237	0.00415
17	0.00724	0.00681	0.01150	0.85604	0.02641	0.00852	0.01065	0.00980	0.00767	0.00980	0.00681	0.01022	0.00511	0.00383	0.00383	0.00128	0.00511	0.00341	0.00170	0.00426
18	0.00949	0.00911	0.01556	0.02353	0.84133	0.00911	0.01177	0.01177	0.00873	0.01253	0.00721	0.00949	0.00607	0.00342	0.00380	0.00114	0.00456	0.00342	0.00190	0.00607
19	0.00735	0.00693	0.01170	0.81432	0.06724	0.00855	0.01070	0.00990	0.00772	0.00993	0.00683	0.01019	0.00516	0.00381	0.00383	0.00127	0.00508	0.00341	0.00171	0.00435
20	0.01443	0.01096	0.01141	0.00884	0.01184	0.04412	0.00726	0.77607	0.03911	0.02338	0.00925	0.00925	0.00660	0.00459	0.00382	0.00115	0.00429	0.00344	0.00377	0.00643
21	0.00604	0.00431	0.00601	0.00690	0.00772	0.00429	0.00593	0.00770	0.00869	0.01131	0.02038	0.12110	0.02238	0.01073	0.00526	0.00175	0.00341	0.73909	0.00353	0.00349
22	0.00474	0.00387	0.02080	0.00493	0.00561	0.00330	0.00352	0.00559	0.00783	0.01009	0.05036	0.52812	0.28206	0.04388	0.00531	0.00154	0.00225	0.00953	0.00349	0.00319

[dist]
# distance from previous block
# <min> <max>
0	288

# created by:
# /st0/software/busco_prod/Augustus/scripts/msa2prfl.pl ./align_prep/25236.fa
