[name]
unknown

[dist]
# distance from previous block
# <min> <max>
0	40

[block]
# block no. 0 follows, 59 sequences, length 12
# corresponding to MSA columns:
# 40-51
name=unknown_A
#
# <colnr> <probs for GDERKNQSTAVLIFYWHMCP>
#	G	D	E	R	K	N	Q	S	T	A	V	L	I	F	Y	W	H	M	C	P
0	0.01105	0.71131	0.02055	0.00765	0.01098	0.01547	0.00749	0.01257	0.00917	0.01085	0.00893	0.01399	0.00886	0.00514	0.00336	0.00112	0.00462	0.12925	0.00224	0.00541
1	0.01687	0.01148	0.14187	0.00912	0.01291	0.05294	0.00843	0.14738	0.03180	0.47739	0.01413	0.01307	0.00930	0.00519	0.00434	0.00135	0.00456	0.00409	0.02665	0.00713
2	0.00966	0.00966	0.01353	0.01160	0.01160	0.01353	0.00966	0.01063	0.00676	0.01063	0.00580	0.00966	0.00580	0.00773	0.01449	0.00193	0.83670	0.00387	0.00193	0.00483
3	0.00962	0.00545	0.00559	0.00509	0.00653	0.00566	0.00395	0.13832	0.01112	0.01830	0.01379	0.01552	0.01070	0.00517	0.00330	0.00108	0.00251	0.00409	0.72953	0.00467
4	0.00945	0.00937	0.01348	0.14453	0.01464	0.01293	0.01008	0.01073	0.00710	0.01073	0.00613	0.01000	0.00581	0.00719	0.01287	0.00186	0.70243	0.00387	0.00194	0.00484
5	0.00713	0.00529	0.00626	0.00612	0.00729	0.00518	0.00442	0.01009	0.13896	0.03402	0.22041	0.23665	0.14125	0.09708	0.00721	0.02308	0.00281	0.00833	0.00413	0.03428
6	0.10688	0.05940	0.18011	0.04327	0.01398	0.05205	0.00933	0.22394	0.15408	0.03528	0.01089	0.01166	0.02073	0.02200	0.00485	0.00144	0.03670	0.00383	0.00326	0.00633
7	0.04576	0.03771	0.02841	0.00767	0.01053	0.02249	0.00623	0.05462	0.26737	0.02888	0.07366	0.01504	0.04029	0.01990	0.01959	0.01444	0.01926	0.00427	0.00351	0.28037
8	0.03235	0.12000	0.24810	0.05230	0.04013	0.07178	0.05585	0.11502	0.05637	0.01517	0.04419	0.03129	0.00917	0.02871	0.02144	0.00153	0.02061	0.01368	0.00269	0.01962
9	0.02625	0.02689	0.00931	0.03983	0.02711	0.00801	0.00619	0.17401	0.06521	0.10895	0.07384	0.06094	0.04564	0.03042	0.03899	0.00161	0.02428	0.01464	0.12567	0.09220
10	0.01044	0.11963	0.04408	0.03467	0.09333	0.01004	0.04649	0.08713	0.17141	0.05085	0.04102	0.14753	0.02449	0.01816	0.00540	0.01445	0.04618	0.00564	0.02332	0.00576
11	0.04098	0.06619	0.05283	0.05979	0.04584	0.05559	0.01812	0.05858	0.06200	0.23223	0.10079	0.05448	0.05048	0.00677	0.02541	0.00150	0.02166	0.00496	0.00380	0.03801

[dist]
# distance from previous block
# <min> <max>
0	27

[block]
# block no. 1 follows, 59 sequences, length 23
# corresponding to MSA columns:
# 81-103
name=unknown_B
#
# <colnr> <probs for GDERKNQSTAVLIFYWHMCP>
#	G	D	E	R	K	N	Q	S	T	A	V	L	I	F	Y	W	H	M	C	P
0	0.03384	0.07224	0.09332	0.02617	0.05203	0.04409	0.08575	0.10893	0.03109	0.01523	0.04814	0.04873	0.08129	0.01926	0.02405	0.00142	0.02769	0.00463	0.00294	0.17915
1	0.01135	0.11449	0.10170	0.05731	0.04153	0.14346	0.00806	0.08334	0.01092	0.08716	0.03527	0.06569	0.08645	0.07843	0.01671	0.00167	0.02272	0.02536	0.00307	0.00533
2	0.03388	0.06499	0.11125	0.11487	0.06238	0.00964	0.04806	0.07718	0.10991	0.05698	0.05594	0.05023	0.01049	0.00525	0.00455	0.00131	0.03310	0.00436	0.01595	0.12969
3	0.11986	0.14897	0.06207	0.05958	0.05620	0.08387	0.05064	0.05605	0.04876	0.06293	0.04068	0.01285	0.06397	0.00499	0.00413	0.00124	0.02306	0.00388	0.00288	0.09340
4	0.05666	0.04152	0.02816	0.04373	0.03970	0.05030	0.00649	0.08951	0.14663	0.01551	0.11483	0.08466	0.13537	0.05011	0.01804	0.00166	0.02902	0.02260	0.00363	0.02187
5	0.00877	0.00789	0.05345	0.08235	0.08248	0.03242	0.06747	0.02173	0.03688	0.06317	0.10830	0.11185	0.07380	0.13349	0.04791	0.00217	0.02659	0.01389	0.02058	0.00481
6	0.00785	0.00614	0.00907	0.28080	0.03182	0.00671	0.03080	0.03865	0.00898	0.03419	0.03370	0.18725	0.04613	0.18687	0.02671	0.00223	0.00451	0.00661	0.04670	0.00428
7	0.04214	0.00824	0.00812	0.00746	0.02206	0.11804	0.00573	0.02919	0.03730	0.08962	0.02837	0.01392	0.00996	0.00615	0.02275	0.00139	0.13545	0.00399	0.40520	0.00492
8	0.00572	0.00426	0.00515	0.00538	0.00625	0.00385	0.00383	0.00702	0.01016	0.01356	0.28233	0.30584	0.25626	0.04003	0.00590	0.00164	0.00236	0.00974	0.02690	0.00380
9	0.00708	0.00506	0.00707	0.00804	0.00905	0.00505	0.00701	0.00912	0.01026	0.01339	0.05339	0.04918	0.02603	0.01208	0.00607	0.00201	0.00399	0.75795	0.00410	0.00407
10	0.01553	0.01120	0.01215	0.00963	0.01285	0.01233	0.00790	0.59624	0.13374	0.06941	0.01262	0.01331	0.00933	0.00566	0.00446	0.00137	0.00450	0.03329	0.02726	0.00722
11	0.01198	0.01114	0.01000	0.00897	0.01133	0.15568	0.00693	0.06059	0.54492	0.01738	0.01525	0.01466	0.01157	0.00561	0.00425	0.00138	0.00421	0.00447	0.09328	0.00639
12	0.01419	0.03985	0.01362	0.03966	0.01445	0.53379	0.09621	0.04596	0.05207	0.01224	0.00835	0.01012	0.00688	0.01948	0.05804	0.00164	0.00750	0.00348	0.01720	0.00527
13	0.03586	0.00867	0.02917	0.02018	0.01243	0.01851	0.14887	0.04598	0.03708	0.04752	0.06572	0.08462	0.04686	0.02978	0.02628	0.02882	0.21524	0.03448	0.00298	0.06094
14	0.04501	0.07380	0.00943	0.03805	0.06441	0.02387	0.04501	0.00906	0.01938	0.01146	0.03478	0.13512	0.09783	0.13649	0.16600	0.05625	0.00554	0.02149	0.00287	0.00415
15	0.01167	0.80747	0.06187	0.00780	0.01171	0.01713	0.00798	0.01326	0.00899	0.01057	0.00623	0.00719	0.00566	0.00380	0.00290	0.00097	0.00481	0.00241	0.00189	0.00571
16	0.00734	0.00488	0.00684	0.00660	0.00729	0.00489	0.03180	0.02235	0.00816	0.02963	0.05801	0.17154	0.13148	0.05184	0.04155	0.32220	0.04283	0.04437	0.00308	0.00332
17	0.03198	0.09884	0.24454	0.01152	0.06933	0.06179	0.06428	0.05854	0.02870	0.05992	0.04958	0.02523	0.00923	0.02541	0.02208	0.01841	0.06521	0.01408	0.00265	0.03868
18	0.00939	0.00749	0.02600	0.08678	0.10989	0.02954	0.03446	0.02428	0.08082	0.09138	0.05353	0.13439	0.07973	0.10861	0.03302	0.00200	0.02375	0.02458	0.03531	0.00505
19	0.00580	0.00424	0.00528	0.00559	0.00641	0.00387	0.00402	0.00717	0.01024	0.01384	0.29677	0.35148	0.19268	0.01129	0.00532	0.00157	0.00236	0.03167	0.03654	0.00385
20	0.02065	0.13518	0.07775	0.04016	0.22215	0.02688	0.06153	0.11827	0.02754	0.04602	0.02591	0.01368	0.02405	0.03491	0.00545	0.00145	0.05196	0.03372	0.02666	0.00607
21	0.10491	0.05274	0.05256	0.07977	0.17912	0.06242	0.04191	0.06782	0.03785	0.08535	0.05468	0.05857	0.05348	0.01983	0.00456	0.00140	0.00462	0.00472	0.01857	0.01512
22	0.04792	0.00599	0.02132	0.00692	0.00825	0.03066	0.03709	0.02438	0.02157	0.06116	0.06575	0.37108	0.16201	0.02785	0.00555	0.00168	0.00324	0.07570	0.01758	0.00429

[dist]
# distance from previous block
# <min> <max>
0	17

[block]
# block no. 2 follows, 59 sequences, length 20
# corresponding to MSA columns:
# 121-140
name=unknown_C
#
# <colnr> <probs for GDERKNQSTAVLIFYWHMCP>
#	G	D	E	R	K	N	Q	S	T	A	V	L	I	F	Y	W	H	M	C	P
0	0.13387	0.07706	0.01176	0.06716	0.08218	0.11400	0.05941	0.04287	0.04584	0.03461	0.07895	0.05391	0.08117	0.00603	0.00438	0.00134	0.01776	0.02824	0.02073	0.03874
1	0.02536	0.01840	0.00702	0.00659	0.02258	0.01694	0.01907	0.02833	0.06421	0.04991	0.23830	0.12075	0.24966	0.05561	0.03783	0.00185	0.00326	0.02580	0.00410	0.00444
2	0.00815	0.00689	0.02297	0.02079	0.14263	0.02451	0.04859	0.02887	0.02613	0.03139	0.27659	0.07648	0.11619	0.05451	0.02069	0.00167	0.00366	0.02333	0.06111	0.00482
3	0.06266	0.00712	0.00882	0.04953	0.10359	0.02133	0.00607	0.01077	0.00987	0.05706	0.13260	0.06261	0.11147	0.03289	0.00475	0.00126	0.00342	0.00521	0.02242	0.28654
4	0.32654	0.00814	0.00813	0.00700	0.00933	0.02671	0.00563	0.15085	0.01069	0.11792	0.01041	0.01202	0.00809	0.02862	0.13039	0.00227	0.01719	0.00362	0.11110	0.00535
5	0.00648	0.00453	0.00565	0.00548	0.00576	0.00447	0.02828	0.00678	0.00706	0.00942	0.04099	0.07748	0.04447	0.65899	0.04175	0.02236	0.00434	0.01988	0.00286	0.00296
6	0.87598	0.00854	0.00649	0.00581	0.00854	0.00991	0.00478	0.01298	0.00752	0.01982	0.00615	0.00717	0.00478	0.00410	0.00273	0.00137	0.00342	0.00239	0.00273	0.00478
7	0.00588	0.00449	0.00549	0.00534	0.00648	0.00410	0.00400	0.00755	0.01110	0.01494	0.46325	0.06644	0.29755	0.01184	0.07002	0.00189	0.00292	0.00835	0.00438	0.00398
8	0.00971	0.00980	0.01427	0.01201	0.01228	0.01339	0.05672	0.01084	0.00698	0.01084	0.00598	0.00980	0.00585	0.00749	0.01394	0.00191	0.78739	0.00395	0.00195	0.00490
9	0.00916	0.00785	0.00916	0.00654	0.01047	0.00589	0.00523	0.01112	0.00916	0.01439	0.00785	0.00916	0.00654	0.00327	0.00327	0.00065	0.00327	0.00262	0.00262	0.87178
10	0.00759	0.00389	0.00583	0.00583	0.00588	0.00394	0.00394	0.00588	0.00583	0.00783	0.00792	0.01366	0.00787	0.01640	0.06542	0.82011	0.00431	0.00389	0.00194	0.00204
11	0.00634	0.00461	0.00648	0.00648	0.00706	0.00519	0.00475	0.00749	0.00692	0.00980	0.01239	0.02048	0.01240	0.25276	0.60950	0.00634	0.00979	0.00519	0.00245	0.00360
12	0.01498	0.01055	0.01134	0.00898	0.01201	0.01158	0.00733	0.56241	0.09901	0.06096	0.01227	0.01233	0.00888	0.00536	0.00422	0.00130	0.00423	0.00412	0.14123	0.00692
13	0.00926	0.00895	0.01258	0.01092	0.01099	0.01235	0.00902	0.01016	0.00675	0.01046	0.00644	0.01054	0.00636	0.01041	0.08928	0.04184	0.72316	0.00394	0.00197	0.00462
14	0.00616	0.00471	0.00667	0.03426	0.06141	0.00472	0.00532	0.00712	0.00849	0.01142	0.02141	0.65648	0.02517	0.02853	0.00646	0.02103	0.03546	0.04757	0.00374	0.00387
15	0.00634	0.00441	0.00555	0.00556	0.00588	0.00459	0.00364	0.00698	0.00719	0.00990	0.08119	0.05325	0.01726	0.52049	0.24459	0.00474	0.00614	0.00629	0.00282	0.00319
16	0.01024	0.00812	0.01029	0.11082	0.01309	0.00925	0.02505	0.20633	0.17810	0.01681	0.03079	0.01504	0.01066	0.01520	0.29478	0.00341	0.00709	0.00457	0.02472	0.00563
17	0.00734	0.04935	0.02578	0.00640	0.00769	0.01809	0.00484	0.01023	0.13301	0.02706	0.13363	0.25374	0.15220	0.13047	0.00755	0.00193	0.00316	0.01927	0.00389	0.00436
18	0.24209	0.23534	0.11812	0.00899	0.03655	0.06582	0.03799	0.05495	0.00959	0.02527	0.00892	0.05815	0.02124	0.00488	0.00372	0.00126	0.01872	0.00358	0.02099	0.02383
19	0.08187	0.15473	0.15813	0.06412	0.07281	0.06844	0.06472	0.11727	0.03723	0.04694	0.02167	0.02272	0.00745	0.00458	0.00409	0.00127	0.01534	0.00362	0.00270	0.05029

[dist]
# distance from previous block
# <min> <max>
0	15

[block]
# block no. 3 follows, 59 sequences, length 13
# corresponding to MSA columns:
# 156-168
name=unknown_D
#
# <colnr> <probs for GDERKNQSTAVLIFYWHMCP>
#	G	D	E	R	K	N	Q	S	T	A	V	L	I	F	Y	W	H	M	C	P
0	0.00890	0.03380	0.08941	0.03019	0.01064	0.03824	0.03200	0.02362	0.04476	0.06674	0.10709	0.20253	0.05336	0.03296	0.00526	0.00145	0.01559	0.02545	0.03515	0.14286
1	0.04735	0.17474	0.04621	0.02534	0.01183	0.10755	0.00742	0.19614	0.13333	0.04005	0.01200	0.04080	0.03657	0.04950	0.02443	0.02852	0.00492	0.00421	0.00326	0.00582
2	0.01132	0.01024	0.01705	0.02501	0.72955	0.01017	0.01276	0.01417	0.03398	0.05404	0.00903	0.01124	0.00737	0.00405	0.00435	0.00130	0.00506	0.00395	0.00243	0.03293
3	0.00966	0.03090	0.12872	0.13184	0.10923	0.00866	0.09456	0.04998	0.03767	0.07459	0.09151	0.13646	0.03282	0.00696	0.01869	0.00156	0.02167	0.00581	0.00312	0.00559
4	0.04741	0.11559	0.24818	0.03612	0.07870	0.04009	0.03335	0.09477	0.05947	0.06925	0.01228	0.05979	0.05143	0.00545	0.00422	0.00135	0.00505	0.01502	0.00291	0.01956
5	0.00966	0.00966	0.01353	0.01160	0.01160	0.01353	0.00966	0.01063	0.00676	0.01063	0.00580	0.00966	0.00580	0.00773	0.01449	0.00193	0.83670	0.00387	0.00193	0.00483
6	0.00738	0.00548	0.00772	0.00767	0.00851	0.00607	0.00581	0.00858	0.00775	0.01116	0.01290	0.01925	0.01221	0.07722	0.77131	0.00704	0.01165	0.00514	0.00273	0.00442
7	0.01154	0.01080	0.07541	0.16362	0.10762	0.06718	0.09312	0.15229	0.02801	0.07538	0.01174	0.08870	0.00997	0.00572	0.00455	0.00142	0.00522	0.03190	0.04992	0.00590
8	0.03390	0.03992	0.03879	0.09491	0.13318	0.08747	0.10565	0.16626	0.08639	0.10322	0.01100	0.04585	0.00861	0.00511	0.00460	0.00138	0.01978	0.00439	0.00324	0.00635
9	0.00695	0.00468	0.00578	0.00540	0.00669	0.00421	0.00409	0.00879	0.01183	0.06672	0.55975	0.03335	0.21275	0.00914	0.00508	0.00140	0.00222	0.00791	0.03898	0.00428
10	0.00555	0.00399	0.00520	0.00609	0.00646	0.00374	0.00416	0.00638	0.00854	0.01127	0.02489	0.68657	0.07744	0.06708	0.00673	0.00195	0.00275	0.06362	0.00401	0.00357
11	0.01132	0.04214	0.14015	0.04414	0.19374	0.03069	0.15634	0.13882	0.05584	0.03800	0.03598	0.05079	0.00928	0.00506	0.00481	0.00140	0.02766	0.00460	0.00287	0.00635
12	0.16964	0.00734	0.00798	0.00704	0.03330	0.02410	0.00528	0.06127	0.00943	0.05114	0.02331	0.03203	0.02849	0.03253	0.08419	0.05509	0.00428	0.00381	0.09477	0.26496

[dist]
# distance from previous block
# <min> <max>
6	31

[block]
# block no. 4 follows, 59 sequences, length 16
# corresponding to MSA columns:
# 201-216
name=unknown_E
#
# <colnr> <probs for GDERKNQSTAVLIFYWHMCP>
#	G	D	E	R	K	N	Q	S	T	A	V	L	I	F	Y	W	H	M	C	P
0	0.03196	0.16317	0.14316	0.03804	0.04071	0.03771	0.08346	0.09585	0.02571	0.20202	0.01054	0.02540	0.00784	0.00493	0.00476	0.00134	0.05735	0.00388	0.01583	0.00634
1	0.00982	0.02556	0.02144	0.05137	0.07623	0.02336	0.08508	0.11938	0.06109	0.05240	0.13689	0.15261	0.05884	0.00824	0.02159	0.00162	0.03808	0.04735	0.00367	0.00537
2	0.00587	0.00451	0.00675	0.00705	0.00764	0.00435	0.05841	0.00690	0.00836	0.01125	0.02148	0.66083	0.02513	0.04955	0.09708	0.00246	0.00399	0.01094	0.00372	0.00375
3	0.00914	0.00887	0.06444	0.00695	0.01105	0.00618	0.00599	0.01132	0.00917	0.01436	0.00786	0.00917	0.00648	0.00333	0.00333	0.00070	0.00349	0.00266	0.00257	0.81293
4	0.01043	0.24329	0.28690	0.01079	0.03076	0.02565	0.08895	0.04603	0.03349	0.02865	0.03322	0.01107	0.02299	0.02063	0.00452	0.00129	0.02509	0.00360	0.00238	0.07027
5	0.00865	0.00734	0.00857	0.00632	0.00984	0.00560	0.00502	0.01057	0.00951	0.01453	0.08192	0.01337	0.06047	0.00428	0.00357	0.00077	0.00310	0.00352	0.00291	0.74012
6	0.00693	0.00543	0.00677	0.00702	0.03621	0.00540	0.00526	0.00896	0.05001	0.03691	0.13630	0.08033	0.35039	0.01171	0.05900	0.00196	0.05576	0.12739	0.00394	0.00431
7	0.02452	0.17481	0.01282	0.00865	0.02388	0.15687	0.00695	0.18608	0.01195	0.03032	0.00949	0.03229	0.00820	0.04846	0.08618	0.00186	0.01614	0.00369	0.04418	0.11267
8	0.00563	0.00414	0.00507	0.00565	0.00621	0.00382	0.00387	0.00648	0.00876	0.01138	0.06242	0.46716	0.20032	0.14024	0.00813	0.00210	0.00281	0.04837	0.00391	0.00353
9	0.01123	0.14947	0.16958	0.06241	0.03956	0.04918	0.03891	0.17136	0.04334	0.01564	0.03684	0.02595	0.00845	0.00677	0.05399	0.00168	0.07755	0.00389	0.00274	0.03149
10	0.03515	0.16947	0.13962	0.03599	0.06414	0.06703	0.10924	0.09776	0.08203	0.04582	0.03590	0.06150	0.00953	0.00521	0.00443	0.00134	0.02262	0.00435	0.00286	0.00603
11	0.00722	0.03958	0.00888	0.00785	0.00855	0.00761	0.00623	0.00852	0.00755	0.01075	0.04406	0.07181	0.06262	0.04990	0.43196	0.00458	0.21017	0.00541	0.00257	0.00416
12	0.00660	0.00602	0.03931	0.00768	0.06840	0.00537	0.00552	0.02363	0.05103	0.01271	0.05550	0.17109	0.35730	0.01372	0.12988	0.00239	0.00431	0.03153	0.00366	0.00436
13	0.01248	0.16737	0.07244	0.05379	0.09373	0.08888	0.07804	0.11827	0.10107	0.07463	0.01011	0.02969	0.00799	0.00480	0.00438	0.00128	0.02668	0.00390	0.00296	0.04753
14	0.03197	0.20000	0.09286	0.08390	0.12253	0.08999	0.04621	0.04600	0.04141	0.08571	0.01147	0.06853	0.03633	0.00536	0.00413	0.00131	0.00511	0.01850	0.00280	0.00586
15	0.02822	0.06622	0.18187	0.03274	0.01171	0.05948	0.00822	0.02636	0.02816	0.07921	0.04645	0.11502	0.11788	0.02672	0.03145	0.00173	0.03468	0.08500	0.01375	0.00512

[dist]
# distance from previous block
# <min> <max>
1	16

[block]
# block no. 5 follows, 59 sequences, length 18
# corresponding to MSA columns:
# 234-251
name=unknown_F
#
# <colnr> <probs for GDERKNQSTAVLIFYWHMCP>
#	G	D	E	R	K	N	Q	S	T	A	V	L	I	F	Y	W	H	M	C	P
0	0.02393	0.02233	0.04397	0.00845	0.08209	0.03376	0.00605	0.02103	0.00961	0.03318	0.19476	0.04468	0.09619	0.07298	0.12496	0.06060	0.02841	0.00574	0.03802	0.04926
1	0.05732	0.12840	0.04331	0.03914	0.05355	0.07189	0.04420	0.09689	0.01977	0.12264	0.02474	0.01623	0.06013	0.06974	0.07975	0.00205	0.00535	0.03079	0.02859	0.00551
2	0.20674	0.00536	0.00546	0.00538	0.00664	0.00551	0.00400	0.00945	0.00888	0.03443	0.10733	0.10393	0.09149	0.15171	0.00726	0.00190	0.00299	0.05713	0.18040	0.00402
3	0.00553	0.00446	0.00482	0.00482	0.00616	0.00385	0.00362	0.00686	0.01044	0.01311	0.18427	0.07093	0.60435	0.01077	0.00520	0.00149	0.00226	0.02821	0.02504	0.00382
4	0.87598	0.00854	0.00649	0.00581	0.00854	0.00991	0.00478	0.01298	0.00752	0.01982	0.00615	0.00717	0.00478	0.00410	0.00273	0.00137	0.00342	0.00239	0.00273	0.00478
5	0.00886	0.02285	0.82190	0.01259	0.01912	0.01026	0.01632	0.01399	0.00932	0.01399	0.00793	0.00932	0.00559	0.00420	0.00420	0.00140	0.00653	0.00326	0.00186	0.00653
6	0.00689	0.00469	0.00522	0.00498	0.00648	0.00407	0.00377	0.00831	0.01066	0.08108	0.19042	0.05340	0.51533	0.00986	0.00499	0.00143	0.00233	0.00830	0.07362	0.00416
7	0.87598	0.00854	0.00649	0.00581	0.00854	0.00991	0.00478	0.01298	0.00752	0.01982	0.00615	0.00717	0.00478	0.00410	0.00273	0.00137	0.00342	0.00239	0.00273	0.00478
8	0.00539	0.00390	0.00510	0.00602	0.00638	0.00361	0.00405	0.00622	0.00867	0.01149	0.04658	0.76783	0.08137	0.01354	0.00560	0.00176	0.00253	0.01222	0.00412	0.00361
9	0.01181	0.84744	0.02314	0.00756	0.01134	0.01748	0.00756	0.01323	0.00897	0.01039	0.00614	0.00708	0.00567	0.00378	0.00283	0.00094	0.00472	0.00236	0.00189	0.00567
10	0.03284	0.00956	0.01582	0.06603	0.65809	0.00970	0.01196	0.01257	0.00949	0.01371	0.00890	0.01302	0.00796	0.10431	0.00649	0.00168	0.00512	0.00419	0.00225	0.00631
11	0.00858	0.00609	0.00764	0.00788	0.05352	0.00595	0.00548	0.13504	0.01148	0.06048	0.12639	0.39390	0.09625	0.01019	0.00514	0.00155	0.00311	0.02317	0.00417	0.03398
12	0.00869	0.00485	0.00585	0.00544	0.00606	0.00472	0.00346	0.00905	0.00751	0.14611	0.01441	0.02598	0.01494	0.66254	0.05919	0.00393	0.00457	0.00600	0.00313	0.00356
13	0.00877	0.00833	0.01210	0.64085	0.02547	0.06078	0.01075	0.03339	0.00958	0.01203	0.05508	0.01437	0.04855	0.00581	0.02140	0.01553	0.00568	0.00437	0.00233	0.00483
14	0.00653	0.00440	0.00542	0.00558	0.00656	0.00397	0.00402	0.00787	0.01023	0.05887	0.24588	0.33867	0.22053	0.01097	0.00522	0.00155	0.00239	0.00964	0.04766	0.00403
15	0.00954	0.00871	0.01048	0.00941	0.09840	0.04772	0.03065	0.01210	0.05439	0.01421	0.01082	0.03914	0.04767	0.00432	0.00373	0.00090	0.00379	0.00365	0.00277	0.58761
16	0.03711	0.06072	0.18992	0.05220	0.14442	0.04359	0.04944	0.15167	0.03882	0.05447	0.00994	0.05392	0.00809	0.00533	0.00474	0.03443	0.00520	0.00412	0.00285	0.04900
17	0.03892	0.05732	0.01171	0.06445	0.04014	0.36224	0.00769	0.09868	0.02669	0.04271	0.02383	0.01352	0.10346	0.00534	0.00410	0.00120	0.00567	0.00396	0.00291	0.08546

[dist]
# distance from previous block
# <min> <max>
1	32

[block]
# block no. 6 follows, 59 sequences, length 25
# corresponding to MSA columns:
# 284-308
name=unknown_G
#
# <colnr> <probs for GDERKNQSTAVLIFYWHMCP>
#	G	D	E	R	K	N	Q	S	T	A	V	L	I	F	Y	W	H	M	C	P
0	0.05380	0.00504	0.00588	0.00655	0.01832	0.02490	0.00444	0.02910	0.00886	0.01223	0.02205	0.64332	0.05545	0.05150	0.00609	0.00180	0.00294	0.01065	0.00384	0.03323
1	0.06650	0.01031	0.01074	0.04081	0.01236	0.04017	0.00727	0.37471	0.21032	0.03923	0.01574	0.06007	0.07972	0.00631	0.00445	0.00141	0.00421	0.00503	0.00414	0.00649
2	0.03634	0.05780	0.06433	0.23408	0.10573	0.17228	0.00979	0.03323	0.05824	0.06931	0.00890	0.01054	0.00683	0.00438	0.00404	0.00124	0.00550	0.00348	0.00259	0.11136
3	0.00805	0.00576	0.00660	0.00609	0.00725	0.02391	0.00455	0.07534	0.02611	0.02834	0.27169	0.02505	0.09710	0.12727	0.08667	0.02018	0.03025	0.00619	0.13932	0.00427
4	0.00988	0.00959	0.01555	0.39081	0.29671	0.03786	0.07374	0.03224	0.02141	0.01327	0.03381	0.01204	0.00761	0.00446	0.00468	0.00141	0.02275	0.00414	0.00226	0.00578
5	0.00629	0.00463	0.00589	0.00556	0.00667	0.00430	0.00417	0.00855	0.03133	0.01729	0.73769	0.03332	0.09947	0.00912	0.00519	0.00140	0.00213	0.00802	0.00480	0.00420
6	0.01295	0.06962	0.04475	0.04411	0.26407	0.08135	0.02083	0.24891	0.09178	0.03000	0.01085	0.02516	0.02597	0.00495	0.00431	0.00132	0.00512	0.00411	0.00317	0.00667
7	0.00717	0.00540	0.00742	0.05284	0.03831	0.00520	0.02085	0.00885	0.00977	0.03565	0.04755	0.13210	0.18703	0.05481	0.00638	0.00185	0.00363	0.33363	0.00379	0.03777
8	0.05980	0.28066	0.19563	0.01090	0.06684	0.05759	0.02791	0.17518	0.03249	0.04208	0.00836	0.00921	0.00646	0.00436	0.00377	0.00122	0.00529	0.00322	0.00268	0.00634
9	0.00966	0.00966	0.01353	0.01160	0.01160	0.01353	0.00966	0.01063	0.00676	0.01063	0.00580	0.00966	0.00580	0.00773	0.01449	0.00193	0.83670	0.00387	0.00193	0.00483
10	0.01042	0.01191	0.02606	0.01862	0.02308	0.01117	0.80119	0.01415	0.01042	0.01415	0.00894	0.01191	0.00670	0.00372	0.00521	0.00149	0.00745	0.00521	0.00223	0.00596
11	0.00789	0.00671	0.04177	0.06287	0.08077	0.00621	0.00645	0.02179	0.09687	0.04809	0.23860	0.14833	0.14015	0.03181	0.00550	0.00158	0.00330	0.04248	0.00397	0.00486
12	0.01234	0.10991	0.07263	0.07917	0.14091	0.06996	0.07927	0.03331	0.03310	0.18629	0.02907	0.06672	0.03514	0.01470	0.01694	0.00146	0.00510	0.00472	0.00319	0.00606
13	0.00561	0.00447	0.00503	0.00493	0.00622	0.00389	0.00368	0.00708	0.01093	0.01409	0.33402	0.06427	0.49924	0.01046	0.00523	0.00146	0.00219	0.00892	0.00439	0.00389
14	0.00610	0.00416	0.00498	0.00530	0.00540	0.00411	0.00321	0.00638	0.00707	0.00945	0.01707	0.27983	0.01997	0.56257	0.04243	0.00360	0.00399	0.00827	0.00311	0.00300
15	0.04397	0.08194	0.07469	0.14157	0.18725	0.04965	0.08112	0.03171	0.10910	0.02642	0.03160	0.02848	0.03824	0.00503	0.00447	0.00137	0.02107	0.00436	0.03207	0.00588
16	0.00960	0.00930	0.12025	0.23692	0.04699	0.00821	0.03510	0.04296	0.02735	0.10185	0.03199	0.05388	0.05289	0.14402	0.02107	0.00202	0.04239	0.00515	0.00291	0.00515
17	0.00772	0.00680	0.01186	0.00993	0.01150	0.00663	0.24160	0.00937	0.00864	0.01156	0.01542	0.11857	0.01649	0.30624	0.01181	0.00264	0.02392	0.17222	0.00298	0.00410
18	0.00622	0.00398	0.00486	0.00549	0.00605	0.00377	0.00379	0.00743	0.00896	0.01309	0.06558	0.53726	0.05538	0.01106	0.00489	0.00155	0.00238	0.00983	0.24466	0.00377
19	0.01084	0.17473	0.19615	0.08780	0.13349	0.05107	0.18100	0.03201	0.03263	0.03362	0.00863	0.02313	0.00685	0.00427	0.00423	0.00132	0.00595	0.00388	0.00228	0.00611
20	0.00632	0.00489	0.00690	0.00872	0.11117	0.00466	0.00534	0.00751	0.00915	0.01236	0.11014	0.52192	0.06667	0.05983	0.00640	0.00183	0.00301	0.04526	0.00385	0.00407
21	0.01834	0.00757	0.00999	0.00780	0.01093	0.00680	0.00634	0.07795	0.01275	0.68834	0.01698	0.04504	0.01161	0.05162	0.00547	0.00154	0.00383	0.00481	0.00519	0.00711
22	0.01120	0.02345	0.05073	0.04890	0.05691	0.14155	0.02525	0.04498	0.09456	0.11418	0.10892	0.05994	0.09167	0.01876	0.03546	0.00162	0.01595	0.00540	0.04512	0.00545
23	0.05945	0.06318	0.15944	0.14165	0.14603	0.01024	0.08967	0.06642	0.03874	0.08269	0.01071	0.02455	0.03238	0.00589	0.03634	0.00161	0.01810	0.00417	0.00271	0.00605
24	0.00849	0.00826	0.02805	0.02823	0.06936	0.09167	0.01862	0.01052	0.05732	0.01169	0.01410	0.24661	0.01482	0.05175	0.15223	0.00272	0.14407	0.02432	0.01260	0.00458

[dist]
# distance from previous block
# <min> <max>
0	3

[block]
# block no. 7 follows, 59 sequences, length 22
# corresponding to MSA columns:
# 314-335
name=unknown_H
#
# <colnr> <probs for GDERKNQSTAVLIFYWHMCP>
#	G	D	E	R	K	N	Q	S	T	A	V	L	I	F	Y	W	H	M	C	P
0	0.15792	0.07839	0.04743	0.10901	0.10084	0.12316	0.09489	0.14813	0.02860	0.01632	0.00896	0.05073	0.00744	0.00484	0.00408	0.00134	0.00540	0.00396	0.00276	0.00580
1	0.00851	0.00694	0.01095	0.11451	0.30020	0.00702	0.00852	0.01025	0.00927	0.05148	0.03705	0.33258	0.01708	0.05809	0.00597	0.00170	0.00408	0.00753	0.00316	0.00512
2	0.01040	0.00885	0.01120	0.00837	0.01179	0.04882	0.09653	0.05023	0.01027	0.06402	0.05697	0.01224	0.00938	0.04550	0.00492	0.00110	0.01941	0.00363	0.00294	0.52342
3	0.00586	0.00442	0.00541	0.00533	0.00640	0.00397	0.00393	0.00751	0.01132	0.01530	0.50230	0.13479	0.25687	0.01022	0.00526	0.00147	0.00219	0.00892	0.00456	0.00397
4	0.01679	0.01237	0.01325	0.01016	0.01370	0.01370	0.00839	0.80251	0.02077	0.02783	0.01060	0.01060	0.00751	0.00530	0.00442	0.00133	0.00486	0.00398	0.00442	0.00751
5	0.00566	0.00432	0.00522	0.00551	0.00646	0.00388	0.00403	0.00698	0.01021	0.01334	0.24274	0.29328	0.31299	0.01151	0.00540	0.00159	0.00241	0.05633	0.00430	0.00382
6	0.00966	0.00966	0.01353	0.01160	0.01160	0.01353	0.00966	0.01063	0.00676	0.01063	0.00580	0.00966	0.00580	0.00773	0.01449	0.00193	0.83670	0.00387	0.00193	0.00483
7	0.12290	0.12785	0.00981	0.00664	0.00902	0.04481	0.00551	0.17307	0.01172	0.07651	0.01128	0.01227	0.00863	0.00485	0.00341	0.00115	0.00356	0.00358	0.35802	0.00540
8	0.00625	0.00451	0.00590	0.00556	0.00660	0.00417	0.00417	0.00833	0.01250	0.01771	0.81490	0.03299	0.04167	0.00903	0.00521	0.00139	0.00208	0.00799	0.00486	0.00417
9	0.01128	0.01141	0.01741	0.08239	0.64807	0.09105	0.04680	0.01382	0.01023	0.01384	0.00816	0.01074	0.00678	0.00402	0.00437	0.00131	0.00565	0.00388	0.00218	0.00662
10	0.03042	0.00650	0.00787	0.00653	0.00886	0.00621	0.00522	0.06479	0.04910	0.38442	0.01528	0.01515	0.01074	0.00575	0.00444	0.03757	0.00318	0.00425	0.32776	0.00594
11	0.01009	0.00956	0.01347	0.06007	0.01340	0.01188	0.06102	0.07283	0.03521	0.01299	0.00731	0.01033	0.00646	0.00697	0.02822	0.00175	0.51084	0.00385	0.00233	0.12138
12	0.56747	0.00934	0.03057	0.00760	0.01037	0.03874	0.06096	0.05632	0.02622	0.04894	0.00930	0.06017	0.00805	0.00524	0.00353	0.00143	0.00402	0.04357	0.00304	0.00512
13	0.01045	0.05692	0.01040	0.03300	0.10087	0.02044	0.03223	0.02807	0.03053	0.17485	0.14066	0.16445	0.05828	0.00899	0.04847	0.00172	0.00412	0.02933	0.00385	0.04237
14	0.00648	0.00481	0.00591	0.00639	0.00718	0.00478	0.00462	0.00897	0.10677	0.01308	0.10246	0.44483	0.08540	0.05562	0.00628	0.00183	0.00284	0.09476	0.03290	0.00409
15	0.00667	0.00512	0.00626	0.00630	0.00666	0.02937	0.00434	0.00738	0.00717	0.00972	0.01439	0.16009	0.01586	0.38250	0.27215	0.00454	0.04862	0.00668	0.00277	0.00341
16	0.01129	0.45248	0.26571	0.00940	0.01385	0.03607	0.01020	0.03231	0.08380	0.03561	0.00822	0.00897	0.00656	0.00421	0.00352	0.00116	0.00522	0.00299	0.00229	0.00613
17	0.00771	0.00815	0.10583	0.02399	0.01019	0.02064	0.05116	0.02670	0.09693	0.03698	0.13107	0.16666	0.26089	0.00887	0.00497	0.00150	0.00349	0.00769	0.02177	0.00482
18	0.00881	0.00562	0.00627	0.00619	0.00734	0.00525	0.00445	0.02495	0.02392	0.02867	0.21064	0.16553	0.10481	0.02780	0.00540	0.00166	0.00287	0.00754	0.34736	0.00492
19	0.02704	0.01005	0.07905	0.13704	0.24930	0.03326	0.05534	0.03851	0.06943	0.02925	0.01325	0.06161	0.06069	0.00636	0.02135	0.00155	0.01833	0.04535	0.02151	0.02172
20	0.01082	0.05244	0.19156	0.08191	0.23806	0.01080	0.14999	0.08357	0.02439	0.04349	0.02337	0.03014	0.00787	0.00461	0.00473	0.00139	0.02772	0.00424	0.00253	0.00636
21	0.02236	0.00841	0.12119	0.02426	0.04437	0.00724	0.00742	0.03800	0.03031	0.01300	0.09359	0.10612	0.08675	0.09831	0.13751	0.00274	0.09880	0.05193	0.00307	0.00462

[dist]
# distance from previous block
# <min> <max>
0	39

[block]
# block no. 8 follows, 59 sequences, length 17
# corresponding to MSA columns:
# 375-391
name=unknown_I
#
# <colnr> <probs for GDERKNQSTAVLIFYWHMCP>
#	G	D	E	R	K	N	Q	S	T	A	V	L	I	F	Y	W	H	M	C	P
0	0.02462	0.07807	0.08085	0.03147	0.12814	0.03558	0.04680	0.18331	0.03785	0.03474	0.03262	0.01184	0.01833	0.02534	0.02038	0.00145	0.07942	0.00389	0.00293	0.12240
1	0.06224	0.11873	0.07338	0.05083	0.08585	0.11103	0.00790	0.07745	0.01074	0.04224	0.02800	0.01467	0.11896	0.00538	0.00422	0.00121	0.02617	0.00414	0.04656	0.11030
2	0.04431	0.00581	0.00687	0.00633	0.02198	0.00538	0.00472	0.05228	0.02762	0.06179	0.31165	0.10843	0.17567	0.00832	0.00473	0.00134	0.00269	0.00713	0.03035	0.11260
3	0.01378	0.01323	0.01356	0.04437	0.22447	0.25909	0.02669	0.11844	0.10198	0.08025	0.03242	0.01260	0.00909	0.00502	0.00437	0.00132	0.00566	0.02426	0.00314	0.00628
4	0.00565	0.00445	0.00510	0.00503	0.00625	0.00390	0.00374	0.00714	0.01094	0.01424	0.35661	0.09538	0.44484	0.01050	0.00525	0.00147	0.00220	0.00901	0.00441	0.00390
5	0.00763	0.03715	0.00524	0.00458	0.00584	0.00471	0.00351	0.00970	0.02714	0.01549	0.10229	0.02300	0.17504	0.00672	0.00375	0.00117	0.00223	0.00550	0.55514	0.00417
6	0.00548	0.00392	0.00518	0.00614	0.00645	0.00367	0.00416	0.00628	0.00850	0.01129	0.02452	0.76624	0.04880	0.03863	0.00615	0.00187	0.00266	0.04243	0.00406	0.00358
7	0.00966	0.00966	0.01353	0.01160	0.01160	0.01353	0.00966	0.01063	0.00676	0.01063	0.00580	0.00966	0.00580	0.00773	0.01449	0.00193	0.83670	0.00387	0.00193	0.00483
8	0.01679	0.01237	0.01325	0.01016	0.01370	0.01370	0.00839	0.80251	0.02077	0.02783	0.01060	0.01060	0.00751	0.00530	0.00442	0.00133	0.00486	0.00398	0.00442	0.00751
9	0.00633	0.00463	0.00659	0.00658	0.00723	0.00521	0.00490	0.00763	0.00727	0.01034	0.05681	0.02043	0.01370	0.18740	0.62735	0.00624	0.00984	0.00524	0.00256	0.00371
10	0.01278	0.01120	0.01092	0.00948	0.01215	0.09340	0.00747	0.20258	0.52661	0.01973	0.01529	0.01512	0.01162	0.00585	0.00447	0.00144	0.00427	0.02452	0.00424	0.00685
11	0.79631	0.00863	0.00695	0.00608	0.00889	0.00986	0.00501	0.04300	0.00830	0.06455	0.00694	0.00774	0.00523	0.00422	0.00289	0.00137	0.00349	0.00256	0.00295	0.00504
12	0.01480	0.05299	0.01279	0.00944	0.01288	0.01257	0.00778	0.55636	0.13405	0.02402	0.01114	0.01112	0.00818	0.00509	0.00422	0.00125	0.00447	0.00388	0.00409	0.10891
13	0.00748	0.00571	0.00710	0.00737	0.05974	0.00537	0.00511	0.02255	0.06040	0.04811	0.18030	0.16231	0.25255	0.03792	0.00577	0.00156	0.01733	0.03708	0.00401	0.07223
14	0.01097	0.38970	0.32896	0.01028	0.01494	0.01384	0.04141	0.06335	0.00986	0.02695	0.00739	0.00862	0.00589	0.00426	0.00416	0.00122	0.04693	0.00303	0.00212	0.00612
15	0.01055	0.00978	0.01573	0.01222	0.01517	0.01011	0.31504	0.10337	0.25489	0.01612	0.01316	0.01698	0.01092	0.11837	0.02649	0.00200	0.00550	0.03442	0.00330	0.00589
16	0.05008	0.00542	0.00675	0.00654	0.00789	0.00516	0.00481	0.02388	0.04575	0.19434	0.09332	0.39350	0.05561	0.06405	0.00620	0.00177	0.00303	0.02283	0.00434	0.00475

[dist]
# distance from previous block
# <min> <max>
8	44

[block]
# block no. 9 follows, 59 sequences, length 14
# corresponding to MSA columns:
# 437-450
name=unknown_J
#
# <colnr> <probs for GDERKNQSTAVLIFYWHMCP>
#	G	D	E	R	K	N	Q	S	T	A	V	L	I	F	Y	W	H	M	C	P
0	0.01124	0.04848	0.01421	0.37969	0.12418	0.13766	0.02885	0.10651	0.04547	0.01389	0.00866	0.02381	0.00689	0.00474	0.00458	0.00138	0.02775	0.00390	0.00247	0.00564
1	0.00719	0.00497	0.00580	0.00573	0.00695	0.00465	0.00419	0.04127	0.04038	0.06218	0.15318	0.26464	0.28633	0.04155	0.00577	0.00163	0.00262	0.00899	0.04774	0.00424
2	0.03305	0.00472	0.00606	0.03570	0.00707	0.00510	0.00420	0.00743	0.00710	0.01008	0.05293	0.02360	0.01480	0.44973	0.31482	0.00498	0.00696	0.00567	0.00265	0.00336
3	0.00613	0.00430	0.00509	0.00521	0.00562	0.00412	0.00336	0.00680	0.00834	0.01115	0.16894	0.15619	0.10485	0.45463	0.01449	0.00302	0.00339	0.02767	0.00348	0.00324
4	0.09215	0.01204	0.01266	0.00978	0.01324	0.01336	0.00808	0.73325	0.01960	0.02713	0.01021	0.01030	0.00727	0.00520	0.00427	0.00133	0.00473	0.00384	0.00427	0.00727
5	0.00601	0.00434	0.00523	0.00547	0.00601	0.00413	0.00364	0.00714	0.02869	0.01199	0.18629	0.29893	0.12115	0.27825	0.01086	0.00246	0.00300	0.00908	0.00381	0.00352
6	0.01598	0.01189	0.01282	0.00978	0.01335	0.01287	0.00806	0.71881	0.01954	0.02641	0.01031	0.01045	0.00741	0.00509	0.00430	0.00125	0.00469	0.00383	0.00423	0.09891
7	0.05933	0.02594	0.02938	0.04131	0.14454	0.16616	0.08800	0.09176	0.04814	0.02294	0.01215	0.10033	0.04445	0.02432	0.03133	0.01645	0.03095	0.00500	0.01203	0.00549
8	0.00760	0.00495	0.00701	0.00679	0.02214	0.00497	0.02967	0.00834	0.00809	0.07056	0.06666	0.05790	0.11367	0.16306	0.25677	0.15302	0.00608	0.00596	0.00301	0.00373
9	0.00655	0.00503	0.00552	0.00533	0.00677	0.00462	0.00401	0.00830	0.05228	0.05517	0.08186	0.09669	0.58091	0.03148	0.00592	0.00159	0.03098	0.00874	0.00413	0.00413
10	0.01495	0.05990	0.01223	0.01036	0.01268	0.62366	0.00792	0.06204	0.04053	0.01247	0.05213	0.01152	0.05079	0.00519	0.00410	0.00118	0.00685	0.00358	0.00269	0.00523
11	0.13702	0.00620	0.00621	0.00600	0.00721	0.04777	0.00433	0.04337	0.00945	0.04315	0.11546	0.19113	0.08632	0.17585	0.03405	0.00219	0.00362	0.00693	0.06963	0.00411
12	0.04119	0.09080	0.15852	0.11578	0.26296	0.06129	0.02778	0.06552	0.05720	0.02558	0.04554	0.01146	0.00837	0.00453	0.00419	0.00132	0.00536	0.00383	0.00255	0.00623
13	0.03815	0.13763	0.18055	0.03912	0.12687	0.13393	0.05002	0.02320	0.01897	0.07431	0.02916	0.02804	0.00840	0.00612	0.03998	0.00157	0.03497	0.02060	0.00255	0.00587

[dist]
# distance from previous block
# <min> <max>
4	26

[block]
# block no. 10 follows, 59 sequences, length 22
# corresponding to MSA columns:
# 477-479,482-500
name=unknown_K
#
# <colnr> <probs for GDERKNQSTAVLIFYWHMCP>
#	G	D	E	R	K	N	Q	S	T	A	V	L	I	F	Y	W	H	M	C	P
0	0.00611	0.03210	0.00606	0.00626	0.00691	0.02955	0.00440	0.00724	0.02225	0.01186	0.07468	0.63471	0.09825	0.01252	0.00542	0.00169	0.00279	0.02934	0.00403	0.00382
1	0.00616	0.00462	0.00574	0.00604	0.00695	0.00438	0.00444	0.02806	0.03016	0.01368	0.21668	0.35737	0.18545	0.01224	0.03222	0.00181	0.00289	0.07286	0.00424	0.00399
2	0.04453	0.07650	0.05798	0.09596	0.25351	0.04506	0.15445	0.08692	0.04270	0.05566	0.02250	0.02728	0.00801	0.00453	0.00437	0.00135	0.00549	0.00421	0.00270	0.00628
3	0.01135	0.00840	0.04400	0.01019	0.08042	0.00810	0.05220	0.10345	0.07197	0.17641	0.06887	0.10927	0.09410	0.02687	0.03725	0.00177	0.06763	0.01810	0.00386	0.00578
4	0.00618	0.00446	0.00533	0.00558	0.00652	0.00407	0.00397	0.02619	0.00997	0.03258	0.15335	0.37911	0.28188	0.03249	0.00574	0.00166	0.00250	0.01005	0.02447	0.00390
5	0.02661	0.10790	0.06973	0.04511	0.01219	0.00808	0.00675	0.03624	0.00955	0.03513	0.00795	0.00920	0.00645	0.00359	0.00339	0.00083	0.00386	0.00278	0.00258	0.60207
6	0.05195	0.14454	0.03203	0.02547	0.08317	0.02456	0.03096	0.03847	0.04429	0.03641	0.04311	0.20686	0.05189	0.02564	0.00502	0.00140	0.03106	0.00597	0.00312	0.11408
7	0.02457	0.22314	0.17132	0.03571	0.11684	0.07691	0.04685	0.11970	0.09400	0.01513	0.00880	0.00994	0.00692	0.00450	0.00423	0.00127	0.02782	0.00348	0.00259	0.00630
8	0.01031	0.00974	0.05220	0.14141	0.03115	0.06990	0.14242	0.08173	0.04733	0.01530	0.01060	0.01281	0.00822	0.00493	0.00487	0.00133	0.06920	0.00414	0.27713	0.00529
9	0.00551	0.00448	0.00491	0.00510	0.00633	0.00393	0.00378	0.00688	0.02478	0.01238	0.09114	0.18923	0.56812	0.01148	0.00532	0.00156	0.00239	0.04470	0.00416	0.00381
10	0.00538	0.00384	0.00512	0.00615	0.00641	0.00359	0.00410	0.00615	0.00846	0.01127	0.02434	0.84190	0.02921	0.01384	0.00564	0.00179	0.00256	0.01256	0.00410	0.00359
11	0.00858	0.00704	0.00762	0.00699	0.00896	0.00736	0.00533	0.02832	0.36886	0.02853	0.09220	0.08888	0.23904	0.02908	0.00523	0.00153	0.00299	0.00691	0.00425	0.05231
12	0.00886	0.02285	0.82190	0.01259	0.01912	0.01026	0.01632	0.01399	0.00932	0.01399	0.00793	0.00932	0.00559	0.00420	0.00420	0.00140	0.00653	0.00326	0.00186	0.00653
13	0.01255	0.01027	0.01087	0.00930	0.01208	0.01172	0.00737	0.23368	0.59649	0.02100	0.01599	0.01489	0.01187	0.00581	0.00447	0.00145	0.00386	0.00472	0.00447	0.00713
14	0.01181	0.84744	0.02314	0.00756	0.01134	0.01748	0.00756	0.01323	0.00897	0.01039	0.00614	0.00708	0.00567	0.00378	0.00283	0.00094	0.00472	0.00236	0.00189	0.00567
15	0.00652	0.00489	0.00649	0.02774	0.00763	0.00504	0.01754	0.00783	0.00878	0.01201	0.13895	0.08804	0.13226	0.19226	0.17137	0.00325	0.03481	0.08809	0.04273	0.00376
16	0.10077	0.05315	0.02898	0.00777	0.01057	0.03391	0.00642	0.06602	0.14140	0.07282	0.01193	0.02724	0.03501	0.00763	0.07926	0.00172	0.05215	0.00390	0.01835	0.24102
17	0.03070	0.00468	0.00558	0.00576	0.02611	0.00426	0.00413	0.00744	0.01045	0.01397	0.31409	0.08688	0.36222	0.01054	0.00607	0.06590	0.00248	0.03073	0.00413	0.00386
18	0.03327	0.58242	0.05274	0.00812	0.01155	0.09031	0.00774	0.01395	0.02839	0.05426	0.02715	0.00960	0.02995	0.00447	0.00360	0.00108	0.03042	0.00299	0.00233	0.00564
19	0.05690	0.07653	0.03291	0.17816	0.13987	0.09203	0.02271	0.05661	0.20752	0.01492	0.02542	0.02399	0.02466	0.02368	0.00463	0.00143	0.00495	0.00423	0.00295	0.00591
20	0.03749	0.03794	0.05663	0.00892	0.03366	0.03710	0.04381	0.05631	0.06217	0.04298	0.04315	0.08731	0.03930	0.05621	0.17568	0.00273	0.07085	0.02254	0.01643	0.06880
21	0.04425	0.11936	0.06966	0.04405	0.03485	0.04748	0.00696	0.08943	0.04359	0.02934	0.05718	0.07584	0.01272	0.16192	0.05149	0.00215	0.01770	0.02160	0.00298	0.06745

[dist]
# distance from previous block
# <min> <max>
3	30

[block]
# block no. 11 follows, 59 sequences, length 15
# corresponding to MSA columns:
# 531-545
name=unknown_L
#
# <colnr> <probs for GDERKNQSTAVLIFYWHMCP>
#	G	D	E	R	K	N	Q	S	T	A	V	L	I	F	Y	W	H	M	C	P
0	0.01050	0.13421	0.10054	0.01199	0.04133	0.04806	0.15636	0.06375	0.00976	0.02837	0.00983	0.05270	0.00910	0.02726	0.02494	0.00171	0.19894	0.06268	0.00252	0.00546
1	0.00626	0.00469	0.00558	0.00630	0.00688	0.03344	0.00439	0.00719	0.00906	0.03339	0.05099	0.65751	0.09888	0.01281	0.00551	0.00173	0.00281	0.04468	0.00409	0.00380
2	0.02570	0.12474	0.14061	0.09378	0.09393	0.05169	0.12478	0.03984	0.04006	0.06066	0.01230	0.07404	0.02604	0.02251	0.02258	0.00178	0.01798	0.01755	0.00307	0.00636
3	0.16274	0.02833	0.06205	0.03642	0.12099	0.07158	0.07280	0.03341	0.02796	0.06191	0.01034	0.04753	0.00911	0.08892	0.11449	0.00241	0.02065	0.00437	0.01875	0.00525
4	0.00677	0.00529	0.00604	0.00572	0.00713	0.00504	0.00432	0.05534	0.07288	0.01566	0.35095	0.09607	0.33275	0.00977	0.00514	0.00146	0.00245	0.00838	0.00446	0.00437
5	0.02223	0.00584	0.00707	0.03875	0.00866	0.04269	0.02160	0.00997	0.03083	0.09229	0.07783	0.25315	0.09034	0.06634	0.13261	0.00254	0.00463	0.00748	0.08080	0.00436
6	0.05291	0.16019	0.20607	0.04261	0.06989	0.06906	0.08416	0.09768	0.05286	0.05780	0.00996	0.01108	0.02943	0.00517	0.01992	0.00142	0.01726	0.00372	0.00267	0.00614
7	0.02728	0.00907	0.04016	0.07308	0.19708	0.00890	0.13410	0.04151	0.04045	0.10966	0.06929	0.08110	0.03338	0.05067	0.00633	0.00162	0.06201	0.00543	0.00313	0.00577
8	0.00546	0.00436	0.00490	0.00503	0.00618	0.00379	0.00367	0.00671	0.01026	0.01300	0.20007	0.19670	0.50179	0.01126	0.00530	0.00153	0.00227	0.00968	0.00426	0.00379
9	0.04604	0.02446	0.02777	0.09535	0.05424	0.04028	0.04094	0.09754	0.06536	0.25363	0.01314	0.04590	0.01000	0.00611	0.01932	0.00149	0.04471	0.01989	0.08769	0.00612
10	0.01116	0.10752	0.19512	0.07495	0.07267	0.04829	0.08147	0.09198	0.04601	0.06984	0.03709	0.02555	0.03569	0.00573	0.02070	0.00149	0.06170	0.00422	0.00279	0.00603
11	0.03187	0.00730	0.02412	0.02692	0.01003	0.02243	0.02593	0.06756	0.07717	0.17990	0.05765	0.08468	0.12068	0.07671	0.12677	0.00252	0.04271	0.00599	0.00380	0.00524
12	0.00888	0.00789	0.01206	0.04532	0.25488	0.00876	0.03193	0.02824	0.04402	0.01271	0.01309	0.15981	0.04684	0.00985	0.07326	0.05045	0.16290	0.00583	0.01812	0.00516
13	0.19199	0.16009	0.09149	0.01074	0.08565	0.12053	0.05998	0.05372	0.00994	0.04457	0.00848	0.03606	0.00719	0.02725	0.02267	0.00148	0.02568	0.00356	0.01425	0.02469
14	0.03829	0.00592	0.03251	0.03555	0.00814	0.03523	0.00502	0.02399	0.02735	0.01193	0.06171	0.28742	0.16572	0.04131	0.00797	0.16018	0.00338	0.04121	0.00344	0.00373

[dist]
# distance from previous block
# <min> <max>
4	10

[block]
# block no. 12 follows, 59 sequences, length 9
# corresponding to MSA columns:
# 563-571
name=unknown_M
#
# <colnr> <probs for GDERKNQSTAVLIFYWHMCP>
#	G	D	E	R	K	N	Q	S	T	A	V	L	I	F	Y	W	H	M	C	P
0	0.00591	0.00456	0.00536	0.00554	0.00655	0.00420	0.00403	0.00763	0.04287	0.01330	0.22186	0.23339	0.31538	0.06130	0.00637	0.00174	0.00255	0.04936	0.00421	0.00389
1	0.05806	0.03305	0.04507	0.02545	0.07611	0.06941	0.06001	0.05301	0.00909	0.01287	0.01142	0.07565	0.02839	0.04388	0.25920	0.00329	0.09246	0.00488	0.03387	0.00485
2	0.03748	0.10516	0.14258	0.08348	0.13748	0.10226	0.14855	0.06805	0.07496	0.04486	0.00913	0.01064	0.00698	0.00435	0.00425	0.00133	0.00585	0.00382	0.00258	0.00620
3	0.01650	0.02105	0.01252	0.01138	0.01365	0.82705	0.00853	0.01764	0.01252	0.01081	0.00683	0.00796	0.00569	0.00455	0.00398	0.00114	0.00796	0.00284	0.00228	0.00512
4	0.00805	0.00534	0.00658	0.00634	0.00714	0.00550	0.00454	0.08687	0.02349	0.03545	0.03892	0.07563	0.04595	0.32120	0.10480	0.12338	0.00482	0.08912	0.00318	0.00370
5	0.00952	0.00904	0.07638	0.10979	0.01365	0.06620	0.08939	0.06023	0.01032	0.06604	0.01609	0.16400	0.06441	0.00901	0.05256	0.00183	0.01896	0.07351	0.08408	0.00498
6	0.05220	0.05449	0.03786	0.32069	0.09086	0.10738	0.08472	0.07618	0.02942	0.06619	0.00890	0.01112	0.00675	0.00529	0.02836	0.00153	0.00596	0.00383	0.00257	0.00569
7	0.00846	0.00587	0.00690	0.00641	0.00732	0.00615	0.00455	0.12647	0.00950	0.04294	0.01671	0.08495	0.07494	0.42510	0.07764	0.00335	0.03382	0.05168	0.00328	0.00398
