[name]
unknown

[dist]
# distance from previous block
# <min> <max>
0	124

[block]
# block no. 0 follows, 73 sequences, length 23
# corresponding to MSA columns:
# 203-225
name=unknown_A
#
# <colnr> <probs for GDERKNQSTAVLIFYWHMCP>
#	G	D	E	R	K	N	Q	S	T	A	V	L	I	F	Y	W	H	M	C	P
0	0.01909	0.10121	0.26605	0.00958	0.06720	0.03444	0.05046	0.09891	0.11910	0.01294	0.01037	0.08430	0.02343	0.02219	0.01580	0.00130	0.00441	0.03601	0.00247	0.02073
1	0.00547	0.02318	0.00647	0.00629	0.02500	0.00447	0.03908	0.00669	0.00727	0.00997	0.07522	0.29623	0.08281	0.01630	0.32134	0.00309	0.00538	0.02624	0.00279	0.03670
2	0.01867	0.03690	0.15932	0.01847	0.05699	0.01720	0.04370	0.10238	0.05712	0.02272	0.08316	0.12961	0.08620	0.06095	0.00491	0.00136	0.00365	0.03452	0.00282	0.05933
3	0.01084	0.00857	0.00908	0.00769	0.01002	0.00971	0.00611	0.29391	0.50361	0.01827	0.01294	0.01231	0.00961	0.00484	0.00371	0.00120	0.00328	0.00390	0.06447	0.00592
4	0.00860	0.10202	0.39208	0.05451	0.12624	0.00878	0.03800	0.04102	0.02648	0.05381	0.02220	0.04508	0.00695	0.01924	0.00384	0.00117	0.00467	0.00338	0.00208	0.03986
5	0.00956	0.00817	0.00861	0.00768	0.00984	0.00944	0.00599	0.05717	0.80036	0.01606	0.01498	0.01377	0.01122	0.00506	0.00381	0.00127	0.00302	0.00420	0.00381	0.00596
6	0.00847	0.00690	0.00748	0.00677	0.00855	0.00760	0.00522	0.12836	0.44610	0.01527	0.08673	0.13635	0.10692	0.00665	0.00406	0.00128	0.00280	0.00564	0.00375	0.00509
7	0.00784	0.03358	0.38368	0.06328	0.02508	0.00768	0.07326	0.02604	0.08687	0.05222	0.04388	0.07723	0.08177	0.00505	0.00384	0.00122	0.00437	0.00433	0.01376	0.00500
8	0.01090	0.29850	0.09199	0.02671	0.02386	0.01012	0.08230	0.09920	0.06216	0.17318	0.02483	0.06347	0.00818	0.00440	0.00343	0.00108	0.00403	0.00361	0.00275	0.00531
9	0.00834	0.00885	0.01771	0.28908	0.13070	0.00904	0.45775	0.01117	0.00838	0.01126	0.00722	0.00997	0.00550	0.00338	0.00411	0.00124	0.00565	0.00393	0.00182	0.00489
10	0.00898	0.15947	0.16955	0.10284	0.07406	0.06299	0.05234	0.02189	0.01787	0.08379	0.03523	0.06639	0.03371	0.00527	0.01229	0.00123	0.01618	0.06876	0.00238	0.00479
11	0.00846	0.08912	0.47544	0.03202	0.10906	0.02948	0.09775	0.02240	0.01914	0.02471	0.00714	0.02307	0.00553	0.00378	0.00393	0.00117	0.03751	0.00315	0.00180	0.00535
12	0.00676	0.00505	0.00598	0.00564	0.00685	0.00521	0.00425	0.01094	0.25078	0.03704	0.44166	0.13318	0.02541	0.00726	0.00421	0.00124	0.00221	0.00636	0.03573	0.00425
13	0.00748	0.07275	0.37108	0.00844	0.02092	0.00721	0.04695	0.03820	0.00845	0.04984	0.04276	0.14221	0.09895	0.02222	0.00422	0.00129	0.00414	0.04569	0.00250	0.00468
14	0.00879	0.13046	0.15235	0.10219	0.05103	0.09295	0.04770	0.06855	0.05051	0.02017	0.04023	0.09548	0.02025	0.01856	0.00437	0.00124	0.04363	0.04449	0.00236	0.00469
15	0.00898	0.25959	0.09119	0.02274	0.05271	0.03276	0.02943	0.08149	0.09252	0.03692	0.06859	0.08130	0.04851	0.00531	0.00358	0.00112	0.00376	0.05261	0.00266	0.02424
16	0.00576	0.00388	0.00410	0.00401	0.00510	0.00362	0.00302	0.00756	0.04461	0.01266	0.16554	0.02547	0.35614	0.00707	0.00373	0.00111	0.00187	0.00591	0.33537	0.00347
17	0.02362	0.00704	0.03583	0.14715	0.07329	0.02918	0.12953	0.05288	0.00894	0.11949	0.06024	0.23935	0.03554	0.00636	0.00416	0.00129	0.00387	0.01480	0.00291	0.00451
18	0.06004	0.09030	0.30076	0.02527	0.11450	0.05856	0.04792	0.04739	0.05043	0.07795	0.00840	0.02370	0.01754	0.00419	0.01408	0.00117	0.00466	0.00317	0.00224	0.04774
19	0.00541	0.00480	0.04089	0.04609	0.00718	0.00421	0.00433	0.02206	0.05222	0.01091	0.05736	0.29229	0.32887	0.00953	0.02298	0.00145	0.00263	0.04497	0.03830	0.00353
20	0.00560	0.00423	0.00592	0.00633	0.04251	0.00457	0.00445	0.02933	0.00673	0.00933	0.01356	0.15896	0.06223	0.12436	0.49920	0.00435	0.00706	0.00549	0.00242	0.00335
21	0.00855	0.11276	0.29942	0.03371	0.11877	0.06955	0.03080	0.03302	0.02960	0.03344	0.05570	0.09016	0.00905	0.00545	0.03037	0.00132	0.02727	0.00389	0.00219	0.00497
22	0.06174	0.19046	0.17828	0.04551	0.08816	0.08232	0.05542	0.10783	0.04818	0.04560	0.02052	0.03395	0.00671	0.00401	0.00339	0.00109	0.00451	0.00319	0.01396	0.00517

[dist]
# distance from previous block
# <min> <max>
1	26

[block]
# block no. 1 follows, 73 sequences, length 17
# corresponding to MSA columns:
# 252-268
name=unknown_B
#
# <colnr> <probs for GDERKNQSTAVLIFYWHMCP>
#	G	D	E	R	K	N	Q	S	T	A	V	L	I	F	Y	W	H	M	C	P
0	0.00806	0.15952	0.11617	0.00819	0.06425	0.09694	0.04470	0.01006	0.04668	0.02543	0.07856	0.14235	0.05324	0.10089	0.00543	0.00142	0.00395	0.01600	0.00251	0.01566
1	0.01945	0.01822	0.02001	0.04135	0.02276	0.07176	0.08471	0.02292	0.03735	0.09763	0.06320	0.10434	0.01756	0.03013	0.00475	0.02944	0.03712	0.00419	0.00268	0.27043
2	0.02850	0.04257	0.08922	0.02548	0.06829	0.04769	0.04448	0.06717	0.14846	0.11843	0.09502	0.02916	0.02250	0.02083	0.01427	0.00127	0.06624	0.00395	0.00294	0.06355
3	0.00477	0.00337	0.00427	0.00491	0.00512	0.00319	0.00318	0.00528	0.00684	0.00907	0.01932	0.64196	0.05355	0.20717	0.00804	0.00200	0.00250	0.00937	0.00321	0.00288
4	0.01012	0.04523	0.04326	0.05178	0.07352	0.24482	0.04388	0.02930	0.05724	0.08186	0.00990	0.07273	0.00886	0.04597	0.07161	0.00166	0.03365	0.04164	0.02846	0.00453
5	0.00836	0.02523	0.01075	0.18341	0.28687	0.00767	0.00814	0.02732	0.13538	0.05002	0.09068	0.03485	0.06261	0.00545	0.02721	0.00131	0.00391	0.00426	0.00265	0.02391
6	0.06441	0.26701	0.14085	0.02444	0.14810	0.01062	0.07543	0.06484	0.05812	0.02244	0.01865	0.02542	0.02273	0.00400	0.00366	0.00109	0.03772	0.00320	0.00213	0.00515
7	0.02660	0.04315	0.05587	0.03262	0.15476	0.03893	0.02625	0.06100	0.02994	0.11829	0.01096	0.09707	0.01033	0.17916	0.03048	0.00184	0.04055	0.03503	0.00266	0.00453
8	0.00848	0.00792	0.01090	0.00935	0.00960	0.01074	0.00775	0.03853	0.00648	0.03884	0.00692	0.04210	0.02881	0.00671	0.01120	0.00159	0.74423	0.00371	0.00194	0.00420
9	0.00725	0.00674	0.05939	0.11137	0.13189	0.03066	0.03937	0.03452	0.03358	0.04849	0.05514	0.33496	0.05666	0.00747	0.00445	0.02100	0.00347	0.00653	0.00287	0.00421
10	0.01809	0.05186	0.05210	0.11757	0.26179	0.07958	0.06052	0.05716	0.02538	0.07099	0.02353	0.03104	0.02744	0.00467	0.00383	0.00118	0.00443	0.08243	0.00243	0.02396
11	0.03639	0.00400	0.00538	0.00538	0.00589	0.00445	0.00390	0.00643	0.00590	0.00858	0.01072	0.04114	0.01092	0.28239	0.54616	0.00501	0.00763	0.00457	0.00214	0.00304
12	0.00558	0.00387	0.00478	0.00508	0.00580	0.00360	0.00359	0.04187	0.00842	0.04427	0.11200	0.53317	0.17538	0.01015	0.00455	0.00139	0.00220	0.00900	0.02189	0.00341
13	0.00850	0.17488	0.19528	0.05273	0.12693	0.08210	0.02474	0.02567	0.02998	0.01083	0.00993	0.09305	0.03293	0.01684	0.00419	0.00122	0.03701	0.06629	0.00215	0.00474
14	0.03870	0.03605	0.02232	0.01805	0.11697	0.04022	0.00589	0.03639	0.04007	0.06524	0.01865	0.03171	0.03976	0.08101	0.26680	0.06318	0.02675	0.04576	0.00243	0.00406
15	0.04487	0.00669	0.00755	0.00628	0.00810	0.02726	0.00487	0.19571	0.01004	0.16633	0.03896	0.01602	0.03294	0.20154	0.01837	0.01932	0.03313	0.04104	0.02431	0.09665
16	0.00493	0.00353	0.00444	0.00504	0.00533	0.00339	0.00335	0.00575	0.02783	0.00932	0.01939	0.59252	0.05957	0.19685	0.00786	0.00197	0.00255	0.04018	0.00323	0.00297

[dist]
# distance from previous block
# <min> <max>
0	3

[block]
# block no. 2 follows, 73 sequences, length 30
# corresponding to MSA columns:
# 272-301
name=unknown_C
#
# <colnr> <probs for GDERKNQSTAVLIFYWHMCP>
#	G	D	E	R	K	N	Q	S	T	A	V	L	I	F	Y	W	H	M	C	P
0	0.08529	0.05718	0.05940	0.06932	0.03306	0.21125	0.01697	0.15044	0.04373	0.06319	0.00881	0.02397	0.03080	0.02735	0.00461	0.00121	0.07782	0.00330	0.02747	0.00483
1	0.00983	0.01746	0.06235	0.01104	0.17038	0.07540	0.08918	0.09099	0.05295	0.05636	0.00806	0.00945	0.00636	0.00356	0.00345	0.00095	0.00412	0.01570	0.00243	0.30998
2	0.00507	0.00382	0.00547	0.00634	0.03453	0.00362	0.02742	0.00602	0.00753	0.01000	0.02016	0.66647	0.04363	0.01096	0.00479	0.00153	0.00256	0.13343	0.00338	0.00327
3	0.00830	0.00739	0.00844	0.00618	0.00937	0.04126	0.02364	0.03856	0.00822	0.01242	0.00669	0.00784	0.00554	0.00298	0.00310	0.00064	0.02368	0.00235	0.00224	0.78115
4	0.06415	0.02463	0.08960	0.02753	0.03696	0.00735	0.00656	0.14776	0.00983	0.15490	0.04161	0.03509	0.00844	0.00507	0.02456	0.00117	0.04986	0.03089	0.00291	0.23114
5	0.27702	0.02023	0.01117	0.01727	0.02700	0.05736	0.21100	0.01968	0.00787	0.05851	0.00779	0.03371	0.00658	0.01955	0.03754	0.00138	0.04674	0.02796	0.00232	0.10932
6	0.00548	0.00386	0.00505	0.00528	0.00568	0.00401	0.00381	0.00629	0.00652	0.00884	0.03698	0.08465	0.01550	0.38384	0.23961	0.00368	0.00517	0.17028	0.00258	0.00289
7	0.00894	0.00757	0.03838	0.03245	0.20654	0.02005	0.05209	0.05434	0.16985	0.08844	0.10326	0.02377	0.06359	0.02426	0.07581	0.00164	0.00417	0.00442	0.01533	0.00508
8	0.06437	0.00721	0.00906	0.03006	0.05599	0.00714	0.02649	0.20402	0.03097	0.27766	0.13180	0.01434	0.03984	0.00499	0.00377	0.00113	0.00331	0.01779	0.00368	0.06639
9	0.00473	0.00338	0.00456	0.00540	0.00569	0.00322	0.00374	0.00550	0.00725	0.00967	0.02014	0.76130	0.02387	0.01237	0.04235	0.00174	0.00263	0.07596	0.00342	0.00309
10	0.01023	0.77377	0.05265	0.00679	0.01004	0.04702	0.00678	0.03913	0.00809	0.00946	0.00543	0.00623	0.00487	0.00329	0.00254	0.00084	0.00419	0.00210	0.00169	0.00488
11	0.01576	0.00655	0.00867	0.00665	0.00952	0.00575	0.00547	0.06176	0.01092	0.72376	0.03937	0.01272	0.00969	0.00461	0.00373	0.00112	0.00317	0.00375	0.00443	0.06258
12	0.02996	0.01126	0.01026	0.00828	0.01091	0.20335	0.00665	0.48748	0.01449	0.11081	0.01067	0.01056	0.05887	0.00467	0.00369	0.00110	0.00447	0.00346	0.00339	0.00567
13	0.01899	0.00931	0.01585	0.07921	0.07005	0.04283	0.34301	0.04296	0.00816	0.03899	0.00681	0.00930	0.00550	0.00447	0.00680	0.00136	0.28594	0.00373	0.00196	0.00479
14	0.06343	0.00715	0.00826	0.00614	0.00929	0.00615	0.01770	0.07989	0.06213	0.06491	0.00784	0.00852	0.00614	0.00324	0.00299	0.00074	0.00299	0.00257	0.00260	0.63733
15	0.00652	0.00326	0.00489	0.00489	0.00489	0.00326	0.00326	0.00489	0.00489	0.00652	0.00652	0.01140	0.00652	0.01303	0.01466	0.89084	0.00326	0.00326	0.00163	0.00163
16	0.00518	0.00392	0.00482	0.00530	0.00616	0.00368	0.00414	0.00658	0.02947	0.01066	0.04530	0.26588	0.29889	0.01015	0.00472	0.00148	0.00250	0.26843	0.01945	0.00331
17	0.00544	0.00385	0.00474	0.00502	0.00584	0.00357	0.00370	0.00675	0.03019	0.04152	0.14834	0.35600	0.23291	0.01925	0.01659	0.00148	0.00234	0.08526	0.02383	0.00340
18	0.00537	0.00396	0.00574	0.00574	0.00630	0.00453	0.00432	0.00651	0.00594	0.00849	0.01032	0.01622	0.01002	0.15526	0.72704	0.00567	0.00908	0.00424	0.00205	0.00319
19	0.00657	0.00343	0.00511	0.00506	0.00506	0.00354	0.00343	0.00503	0.00492	0.00660	0.00646	0.01130	0.00646	0.01281	0.01458	0.86048	0.03255	0.00326	0.00163	0.00171
20	0.02154	0.00406	0.00478	0.00496	0.00584	0.00383	0.00356	0.02249	0.04964	0.02669	0.11299	0.42279	0.20458	0.00935	0.00435	0.00133	0.00217	0.00821	0.05994	0.02693
21	0.04544	0.00525	0.00632	0.00569	0.00734	0.00502	0.00440	0.04868	0.07795	0.25411	0.08835	0.19750	0.17382	0.00786	0.02114	0.00137	0.00274	0.02109	0.02140	0.00453
22	0.01303	0.01592	0.00981	0.00894	0.01070	0.73023	0.00673	0.01409	0.01018	0.00975	0.00654	0.00766	0.00540	0.00400	0.00353	0.00097	0.02877	0.00257	0.10696	0.00424
23	0.09333	0.00904	0.00997	0.00769	0.01062	0.00956	0.00634	0.52319	0.01451	0.22513	0.00999	0.00962	0.00685	0.00437	0.00359	0.00111	0.00373	0.00330	0.00378	0.04428
24	0.01970	0.00454	0.00647	0.01435	0.01434	0.00474	0.04510	0.02734	0.00748	0.02547	0.03555	0.46332	0.04282	0.04413	0.11625	0.00215	0.06513	0.05461	0.00303	0.00347
25	0.00877	0.00743	0.04565	0.09586	0.19597	0.03131	0.02860	0.07918	0.04141	0.09025	0.08454	0.10617	0.01251	0.00777	0.08036	0.00168	0.00441	0.07051	0.00284	0.00480
26	0.00551	0.00408	0.00504	0.00523	0.00604	0.00393	0.00381	0.01719	0.07844	0.02259	0.25926	0.38426	0.13371	0.00948	0.00455	0.00137	0.00219	0.04607	0.00371	0.00355
27	0.00511	0.00380	0.00477	0.00537	0.00598	0.00361	0.00394	0.01869	0.02737	0.01030	0.02318	0.49945	0.17381	0.03273	0.00513	0.00156	0.00246	0.16603	0.00346	0.00325
28	0.16842	0.18455	0.02079	0.05836	0.13279	0.16348	0.05230	0.07629	0.02560	0.01251	0.00785	0.00896	0.04160	0.00390	0.00330	0.00106	0.01458	0.00294	0.01593	0.00479
29	0.11452	0.13081	0.15947	0.04388	0.04928	0.06572	0.04910	0.09118	0.01878	0.02775	0.03675	0.02138	0.03077	0.00403	0.00351	0.00105	0.02540	0.00312	0.00228	0.12122

[dist]
# distance from previous block
# <min> <max>
6	38

[block]
# block no. 3 follows, 73 sequences, length 8
# corresponding to MSA columns:
# 340-347
name=unknown_D
#
# <colnr> <probs for GDERKNQSTAVLIFYWHMCP>
#	G	D	E	R	K	N	Q	S	T	A	V	L	I	F	Y	W	H	M	C	P
0	0.02676	0.09178	0.10732	0.16026	0.11808	0.08318	0.07278	0.10318	0.03463	0.03960	0.00890	0.04269	0.03072	0.01627	0.02685	0.00132	0.02484	0.00363	0.00226	0.00494
1	0.07413	0.00811	0.07199	0.24796	0.12438	0.04873	0.07808	0.02917	0.00815	0.03299	0.01012	0.18282	0.00972	0.00544	0.00389	0.00125	0.00427	0.02822	0.00233	0.02824
2	0.00690	0.00447	0.00520	0.00491	0.00635	0.00402	0.00382	0.00863	0.05682	0.14197	0.13094	0.07142	0.45772	0.00844	0.00437	0.00129	0.00229	0.07278	0.00376	0.00389
3	0.05433	0.02834	0.04023	0.02335	0.06535	0.03744	0.03157	0.16205	0.04680	0.16620	0.10124	0.06285	0.04264	0.02350	0.04298	0.00158	0.00409	0.00465	0.04091	0.01992
4	0.00932	0.11130	0.21013	0.05599	0.13124	0.06292	0.04808	0.05858	0.02120	0.07299	0.02201	0.09793	0.00812	0.00470	0.00406	0.00116	0.04538	0.00387	0.00231	0.02874
5	0.00944	0.00889	0.01360	0.04033	0.57196	0.03223	0.03723	0.05211	0.13737	0.01328	0.04024	0.01069	0.00788	0.00385	0.00377	0.00115	0.00425	0.00362	0.00234	0.00575
6	0.00515	0.00365	0.00449	0.00486	0.00557	0.00330	0.00346	0.00607	0.00808	0.04164	0.10951	0.44885	0.26098	0.03493	0.00504	0.00147	0.00219	0.04396	0.00356	0.00325
7	0.02150	0.00665	0.06596	0.06673	0.04499	0.05383	0.02424	0.04122	0.01987	0.05905	0.01477	0.24253	0.06054	0.14610	0.00687	0.02528	0.00356	0.06887	0.02365	0.00382

[dist]
# distance from previous block
# <min> <max>
4	19

[block]
# block no. 4 follows, 73 sequences, length 6
# corresponding to MSA columns:
# 367-372
name=unknown_E
#
# <colnr> <probs for GDERKNQSTAVLIFYWHMCP>
#	G	D	E	R	K	N	Q	S	T	A	V	L	I	F	Y	W	H	M	C	P
0	0.58977	0.03185	0.02689	0.02620	0.00906	0.02865	0.02410	0.12970	0.00851	0.06155	0.00684	0.03039	0.00535	0.00392	0.00281	0.00116	0.00339	0.00266	0.00261	0.00458
1	0.55036	0.00660	0.00595	0.00505	0.00740	0.00690	0.00408	0.01048	0.00715	0.04825	0.04320	0.03567	0.00694	0.00388	0.00267	0.00103	0.00275	0.00271	0.05435	0.19458
2	0.00508	0.00376	0.00436	0.00441	0.00500	0.00361	0.00301	0.00573	0.00696	0.00895	0.05088	0.05460	0.29941	0.37474	0.11796	0.00289	0.00373	0.03925	0.00281	0.00283
3	0.37402	0.00744	0.00730	0.00603	0.00844	0.03110	0.00491	0.15530	0.00987	0.21251	0.05764	0.01005	0.00796	0.00423	0.00310	0.00111	0.00314	0.00307	0.06313	0.02965
4	0.81810	0.00754	0.00601	0.00526	0.00764	0.00870	0.00433	0.08243	0.00736	0.01743	0.00555	0.00635	0.00426	0.00357	0.00245	0.00116	0.00301	0.00215	0.00245	0.00426
5	0.76799	0.00741	0.00615	0.00532	0.00773	0.00841	0.00438	0.06662	0.00747	0.08130	0.00622	0.00680	0.00462	0.00364	0.00253	0.00116	0.00301	0.00226	0.00260	0.00440

[dist]
# distance from previous block
# <min> <max>
1	2

[block]
# block no. 5 follows, 73 sequences, length 21
# corresponding to MSA columns:
# 375-395
name=unknown_F
#
# <colnr> <probs for GDERKNQSTAVLIFYWHMCP>
#	G	D	E	R	K	N	Q	S	T	A	V	L	I	F	Y	W	H	M	C	P
0	0.50490	0.03032	0.00744	0.00640	0.00828	0.15302	0.01532	0.01918	0.00742	0.01387	0.02584	0.00950	0.00635	0.03711	0.01439	0.00133	0.07679	0.03778	0.02072	0.00404
1	0.00860	0.00968	0.02085	0.01506	0.01855	0.00918	0.76233	0.01155	0.00868	0.01180	0.00826	0.05829	0.00675	0.00374	0.00466	0.00129	0.02909	0.00475	0.00198	0.00492
2	0.00533	0.05284	0.04693	0.00545	0.00657	0.00443	0.01350	0.00659	0.02498	0.01010	0.03202	0.43309	0.24424	0.01969	0.01477	0.00145	0.01175	0.03874	0.00320	0.02434
3	0.26873	0.00702	0.00747	0.00576	0.00869	0.00651	0.00468	0.05358	0.02565	0.15552	0.00792	0.00832	0.00592	0.00344	0.00288	0.00088	0.00296	0.00253	0.00277	0.41877
4	0.00852	0.00873	0.01145	0.00984	0.00994	0.05692	0.00816	0.00935	0.00601	0.00904	0.00497	0.00813	0.00492	0.00642	0.01183	0.00161	0.81515	0.00324	0.00166	0.00412
5	0.00610	0.00396	0.00496	0.00522	0.00599	0.01446	0.00376	0.00711	0.00834	0.09403	0.14870	0.49846	0.12064	0.00989	0.00456	0.00140	0.00229	0.04108	0.01553	0.00351
6	0.01443	0.00595	0.00800	0.00642	0.00891	0.00525	0.00525	0.01612	0.03163	0.66605	0.09108	0.03933	0.03336	0.00552	0.00395	0.00121	0.00301	0.04429	0.00446	0.00580
7	0.07050	0.01992	0.00855	0.00667	0.00920	0.00792	0.00543	0.31059	0.07370	0.17416	0.01066	0.02181	0.00780	0.00436	0.00336	0.00104	0.00321	0.00339	0.14776	0.10997
8	0.05380	0.00951	0.00891	0.00786	0.01007	0.11533	0.00614	0.10609	0.60544	0.01579	0.01292	0.01217	0.00972	0.00479	0.00368	0.00121	0.00357	0.00381	0.00350	0.00569
9	0.00537	0.00399	0.00589	0.00589	0.00651	0.00461	0.00452	0.00661	0.00599	0.00861	0.01017	0.01544	0.00968	0.08774	0.79409	0.00586	0.00959	0.00412	0.00203	0.00327
10	0.01657	0.00680	0.00897	0.00687	0.00979	0.00614	0.00568	0.10111	0.01144	0.76353	0.01421	0.01239	0.00899	0.00463	0.00377	0.00116	0.00329	0.00373	0.00455	0.00638
11	0.15272	0.00753	0.00870	0.00687	0.00962	0.00757	0.00564	0.20114	0.06691	0.46296	0.01238	0.01131	0.02062	0.00453	0.00355	0.00116	0.00332	0.00351	0.00401	0.00594
12	0.00501	0.00388	0.00436	0.00430	0.00539	0.00342	0.00318	0.00632	0.02281	0.02649	0.25957	0.10367	0.50240	0.02653	0.00474	0.00131	0.00196	0.00765	0.00367	0.00335
13	0.05197	0.00889	0.05248	0.00702	0.00839	0.24768	0.00556	0.00997	0.02157	0.05394	0.01415	0.35387	0.01511	0.00778	0.00410	0.00131	0.00390	0.09685	0.03157	0.00388
14	0.01414	0.00715	0.00878	0.00705	0.00965	0.00706	0.00571	0.13914	0.17939	0.50043	0.04597	0.03705	0.01073	0.00503	0.00383	0.00119	0.00320	0.00412	0.00429	0.00609
15	0.00464	0.00334	0.00435	0.00513	0.00542	0.00311	0.00346	0.00531	0.00723	0.00955	0.02132	0.75929	0.07358	0.04815	0.00539	0.00160	0.00225	0.03042	0.00343	0.00303
16	0.01196	0.00609	0.00783	0.00702	0.05372	0.00578	0.00523	0.07576	0.07421	0.40430	0.14684	0.04078	0.05184	0.02512	0.00420	0.00122	0.00291	0.00464	0.06520	0.00534
17	0.00511	0.02134	0.00494	0.00518	0.00569	0.00376	0.00363	0.02583	0.00773	0.01031	0.06229	0.63086	0.11625	0.02720	0.00505	0.00148	0.02247	0.00933	0.02834	0.00323
18	0.00875	0.00569	0.00619	0.00555	0.00710	0.00603	0.00430	0.11630	0.20974	0.06834	0.07143	0.06670	0.04292	0.00544	0.00345	0.00110	0.00247	0.00450	0.35939	0.00460
19	0.13019	0.30308	0.19954	0.04334	0.09692	0.08177	0.02204	0.03104	0.00812	0.02394	0.00611	0.00729	0.00494	0.00355	0.00324	0.00104	0.02448	0.00253	0.00186	0.00497
20	0.01186	0.25678	0.04634	0.02498	0.01141	0.42083	0.02700	0.07234	0.00994	0.01062	0.02741	0.00750	0.00578	0.00374	0.00317	0.00094	0.00538	0.00255	0.00202	0.04942

[dist]
# distance from previous block
# <min> <max>
5	10

[block]
# block no. 6 follows, 73 sequences, length 10
# corresponding to MSA columns:
# 407-416
name=unknown_G
#
# <colnr> <probs for GDERKNQSTAVLIFYWHMCP>
#	G	D	E	R	K	N	Q	S	T	A	V	L	I	F	Y	W	H	M	C	P
0	0.00774	0.00700	0.02355	0.50907	0.11657	0.00783	0.02673	0.01012	0.03105	0.04121	0.02353	0.01134	0.00673	0.06919	0.00521	0.00138	0.03784	0.00355	0.00199	0.05837
1	0.01676	0.12686	0.14159	0.02364	0.16062	0.04137	0.06202	0.06036	0.05510	0.02268	0.07548	0.02037	0.02990	0.00488	0.02163	0.00120	0.02889	0.02406	0.00235	0.08025
2	0.07298	0.04470	0.06928	0.01156	0.19930	0.18471	0.02972	0.07196	0.00958	0.16062	0.00842	0.02882	0.00657	0.00484	0.02985	0.00126	0.03573	0.00324	0.00255	0.02430
3	0.00539	0.00396	0.00468	0.00485	0.00584	0.00360	0.00363	0.00680	0.03680	0.04268	0.14415	0.25322	0.37263	0.00959	0.00455	0.00136	0.00219	0.08702	0.00363	0.00343
4	0.02964	0.00500	0.00771	0.04764	0.08728	0.00559	0.03610	0.00761	0.00675	0.00985	0.04255	0.09054	0.01080	0.01957	0.52288	0.00419	0.04171	0.00455	0.01630	0.00373
5	0.02851	0.14732	0.08314	0.05401	0.25303	0.08755	0.15468	0.06696	0.03494	0.01214	0.00700	0.00862	0.00561	0.00356	0.00371	0.00110	0.02117	0.00317	0.00200	0.02178
6	0.00661	0.00377	0.00548	0.00532	0.00532	0.00410	0.00368	0.00534	0.00501	0.00682	0.00673	0.01200	0.00685	0.07144	0.01474	0.74179	0.08800	0.00341	0.00167	0.00192
7	0.00541	0.00432	0.00475	0.00525	0.00560	0.05501	0.00352	0.00600	0.00708	0.00909	0.01827	0.53447	0.05823	0.20714	0.02798	0.00207	0.00301	0.03674	0.00308	0.00298
8	0.02694	0.03822	0.00596	0.00592	0.00677	0.03505	0.00457	0.00767	0.03873	0.03291	0.05901	0.39725	0.05668	0.02841	0.00491	0.00152	0.00285	0.23976	0.00337	0.00351
9	0.01190	0.09640	0.02743	0.06314	0.07030	0.03739	0.04237	0.37638	0.14115	0.06521	0.00965	0.01036	0.00724	0.00436	0.00367	0.00114	0.00415	0.01881	0.00315	0.00579

[dist]
# distance from previous block
# <min> <max>
4	12

[block]
# block no. 7 follows, 73 sequences, length 8
# corresponding to MSA columns:
# 430-437
name=unknown_H
#
# <colnr> <probs for GDERKNQSTAVLIFYWHMCP>
#	G	D	E	R	K	N	Q	S	T	A	V	L	I	F	Y	W	H	M	C	P
0	0.11923	0.32118	0.04017	0.00831	0.05369	0.24186	0.00683	0.07814	0.00931	0.06174	0.00650	0.00729	0.00528	0.00416	0.02095	0.00108	0.00479	0.00247	0.00216	0.00487
1	0.57242	0.00705	0.00612	0.00558	0.00752	0.04444	0.00445	0.05521	0.00736	0.04380	0.00790	0.08822	0.00708	0.00775	0.11930	0.00185	0.00406	0.00326	0.00253	0.00409
2	0.33086	0.00949	0.12302	0.00708	0.00991	0.00870	0.00645	0.27065	0.01063	0.09408	0.00896	0.08840	0.00731	0.00470	0.00331	0.00119	0.00361	0.00353	0.00300	0.00512
3	0.00524	0.00360	0.00410	0.00422	0.00437	0.00351	0.00249	0.00542	0.00598	0.00786	0.01549	0.14086	0.09288	0.67040	0.01576	0.00313	0.00327	0.00640	0.00255	0.00246
4	0.00888	0.00718	0.02299	0.09438	0.33218	0.00711	0.03131	0.05752	0.02686	0.09558	0.07326	0.05415	0.07263	0.00578	0.02564	0.00132	0.00392	0.04348	0.03082	0.00503
5	0.00851	0.00693	0.00782	0.00745	0.00919	0.00776	0.00605	0.06472	0.50640	0.01465	0.01646	0.02333	0.01460	0.00685	0.00428	0.00142	0.00320	0.28156	0.00369	0.00512
6	0.08527	0.00818	0.00898	0.00759	0.00908	0.05983	0.00616	0.22214	0.04606	0.04614	0.06413	0.01086	0.00847	0.00594	0.03289	0.00140	0.24935	0.00350	0.11929	0.00472
7	0.00790	0.01988	0.10763	0.06444	0.08957	0.02532	0.10737	0.02923	0.10315	0.03667	0.11751	0.08152	0.04197	0.02438	0.03455	0.00145	0.05591	0.00473	0.03105	0.01577

[dist]
# distance from previous block
# <min> <max>
0	1

[block]
# block no. 8 follows, 73 sequences, length 23
# corresponding to MSA columns:
# 439-461
name=unknown_I
#
# <colnr> <probs for GDERKNQSTAVLIFYWHMCP>
#	G	D	E	R	K	N	Q	S	T	A	V	L	I	F	Y	W	H	M	C	P
0	0.22096	0.04984	0.00729	0.00605	0.00759	0.14994	0.02540	0.00962	0.00875	0.01315	0.28428	0.04107	0.05715	0.03450	0.01412	0.00128	0.02923	0.00449	0.03145	0.00384
1	0.89465	0.00726	0.00551	0.00493	0.00726	0.00842	0.00406	0.01103	0.00638	0.01683	0.00522	0.00609	0.00406	0.00348	0.00232	0.00116	0.00290	0.00203	0.00232	0.00406
2	0.00752	0.01941	0.84871	0.01069	0.01624	0.00871	0.01386	0.01188	0.00792	0.01188	0.00673	0.00792	0.00475	0.00356	0.00356	0.00119	0.00554	0.00277	0.00158	0.00554
3	0.00830	0.00644	0.02059	0.06228	0.08790	0.01447	0.03668	0.09235	0.10438	0.05899	0.12335	0.01735	0.05331	0.08100	0.05615	0.00168	0.02184	0.03725	0.11119	0.00448
4	0.00995	0.84422	0.04517	0.00655	0.00983	0.01466	0.00665	0.01125	0.00763	0.00892	0.00526	0.00608	0.00481	0.00322	0.00244	0.00081	0.00406	0.00203	0.00160	0.00484
5	0.01038	0.00741	0.00827	0.00712	0.00931	0.00805	0.00561	0.08786	0.50737	0.14926	0.11285	0.01520	0.02484	0.00528	0.00386	0.00122	0.00294	0.00440	0.00394	0.02481
6	0.00709	0.00667	0.01125	0.85913	0.02584	0.00834	0.01042	0.00959	0.00750	0.00959	0.00667	0.01000	0.00500	0.00375	0.00375	0.00125	0.00500	0.00333	0.00167	0.00417
7	0.25379	0.00828	0.00885	0.00699	0.00976	0.00879	0.00577	0.33792	0.02760	0.28124	0.00992	0.00950	0.00676	0.00428	0.00337	0.00115	0.00348	0.00315	0.00365	0.00575
8	0.00720	0.00550	0.00640	0.00599	0.00734	0.00581	0.00460	0.01207	0.31726	0.04005	0.34232	0.03703	0.04631	0.06733	0.00528	0.00144	0.00255	0.07729	0.00381	0.00440
9	0.00536	0.00402	0.00603	0.00603	0.00670	0.00469	0.00469	0.00670	0.00603	0.00871	0.01005	0.01474	0.00938	0.02814	0.85328	0.00603	0.01005	0.00402	0.00201	0.00335
10	0.00748	0.00403	0.00413	0.00400	0.00505	0.00414	0.00303	0.01012	0.09240	0.03504	0.01261	0.01396	0.00979	0.00445	0.00277	0.00092	0.00191	0.00358	0.77675	0.00382
11	0.01280	0.00566	0.00766	0.03511	0.00895	0.00513	0.00511	0.02797	0.02239	0.54106	0.18961	0.09379	0.01605	0.00591	0.00400	0.00120	0.00287	0.00502	0.00430	0.00540
12	0.00456	0.00329	0.00432	0.00515	0.00542	0.00305	0.00345	0.00523	0.00726	0.00961	0.02160	0.82137	0.06855	0.01163	0.00477	0.00151	0.00216	0.01052	0.00348	0.00305
13	0.00928	0.00660	0.01789	0.00620	0.00804	0.00673	0.00498	0.27892	0.06982	0.06102	0.31223	0.03010	0.06344	0.00604	0.00393	0.00114	0.00276	0.00504	0.10106	0.00478
14	0.00635	0.00463	0.00540	0.00494	0.00624	0.00438	0.00378	0.07738	0.03970	0.04540	0.44027	0.04037	0.29121	0.00785	0.00433	0.00121	0.00211	0.00672	0.00389	0.00385
15	0.03282	0.00633	0.00826	0.00646	0.00914	0.00569	0.00530	0.05587	0.02350	0.68710	0.04629	0.01403	0.04362	0.00492	0.00376	0.00116	0.00308	0.00400	0.03267	0.00600
16	0.01336	0.01035	0.01185	0.04248	0.08897	0.05658	0.04055	0.59281	0.02779	0.06427	0.00891	0.00927	0.00641	0.00430	0.00376	0.00113	0.00436	0.00340	0.00337	0.00609
17	0.00495	0.00360	0.00473	0.00547	0.00591	0.00343	0.00393	0.00607	0.02686	0.01025	0.05695	0.63978	0.05923	0.01110	0.00480	0.00153	0.00237	0.14233	0.00351	0.00321
18	0.00496	0.00345	0.00441	0.00514	0.00547	0.00331	0.00347	0.00603	0.03541	0.01012	0.01961	0.74803	0.02285	0.02652	0.00483	0.00150	0.00219	0.00973	0.07979	0.00317
19	0.18924	0.17983	0.01227	0.04090	0.04694	0.36741	0.05663	0.01282	0.00876	0.02334	0.00588	0.00704	0.00485	0.00367	0.00331	0.00103	0.02712	0.00250	0.00196	0.00451
20	0.00471	0.00388	0.00416	0.00426	0.00537	0.00341	0.00315	0.00601	0.03664	0.01059	0.08721	0.15628	0.62675	0.00958	0.00448	0.00131	0.00200	0.02342	0.00354	0.00327
21	0.00648	0.08380	0.00677	0.00592	0.00698	0.03687	0.00462	0.00818	0.06298	0.03528	0.05114	0.37857	0.09481	0.00925	0.00443	0.00140	0.00284	0.18057	0.00331	0.01580
22	0.00925	0.11190	0.00954	0.00729	0.00935	0.04326	0.00579	0.05545	0.55865	0.01440	0.04496	0.09086	0.01227	0.00549	0.00374	0.00122	0.00319	0.00454	0.00345	0.00541

[dist]
# distance from previous block
# <min> <max>
0	11

[block]
# block no. 9 follows, 73 sequences, length 15
# corresponding to MSA columns:
# 473-487
name=unknown_J
#
# <colnr> <probs for GDERKNQSTAVLIFYWHMCP>
#	G	D	E	R	K	N	Q	S	T	A	V	L	I	F	Y	W	H	M	C	P
0	0.00861	0.18567	0.08393	0.00791	0.04704	0.00841	0.05989	0.05658	0.10008	0.02720	0.01978	0.07534	0.04972	0.00444	0.00336	0.00097	0.00358	0.00371	0.00249	0.25129
1	0.02407	0.12542	0.56608	0.01116	0.08637	0.02433	0.04897	0.03118	0.00823	0.01186	0.00662	0.00787	0.00495	0.00349	0.00343	0.00112	0.00517	0.00278	0.00171	0.02520
2	0.00473	0.00342	0.00451	0.00516	0.00547	0.00331	0.00350	0.00544	0.00698	0.00932	0.01959	0.64703	0.06671	0.08110	0.11271	0.00224	0.00327	0.00927	0.00320	0.00303
3	0.00716	0.00510	0.00609	0.05440	0.00786	0.00536	0.00455	0.03584	0.20324	0.04653	0.12926	0.22138	0.07065	0.00746	0.00435	0.02754	0.00255	0.02543	0.13110	0.00413
4	0.00852	0.07443	0.51477	0.05022	0.06828	0.02905	0.06214	0.05351	0.01783	0.02703	0.00707	0.00848	0.00527	0.00434	0.02633	0.00130	0.03125	0.00299	0.00184	0.00536
5	0.44177	0.03022	0.00837	0.00835	0.10352	0.21941	0.00584	0.01247	0.07103	0.01379	0.00797	0.00872	0.04692	0.00398	0.00297	0.00111	0.00402	0.00274	0.00233	0.00446
6	0.00739	0.00518	0.00606	0.00566	0.00697	0.00533	0.00428	0.03539	0.22630	0.06983	0.30220	0.15926	0.05515	0.00714	0.00410	0.00123	0.00232	0.00620	0.08568	0.00434
7	0.01988	0.00661	0.09399	0.03225	0.02990	0.00537	0.06103	0.02359	0.04426	0.14301	0.12048	0.16139	0.04690	0.00722	0.00534	0.11323	0.00322	0.00533	0.07282	0.00419
8	0.07329	0.22029	0.23876	0.02555	0.04702	0.17894	0.05729	0.02841	0.02986	0.02858	0.00690	0.02324	0.00564	0.01693	0.00350	0.00110	0.00499	0.00285	0.00195	0.00494
9	0.00585	0.00356	0.00484	0.00495	0.00521	0.00358	0.00342	0.00551	0.00584	0.00775	0.01229	0.06153	0.07631	0.19597	0.11961	0.40863	0.00405	0.06659	0.00219	0.00231
10	0.00554	0.00366	0.00461	0.00500	0.00569	0.00329	0.00350	0.00638	0.00794	0.07592	0.06556	0.57140	0.20652	0.01049	0.00461	0.00142	0.00217	0.00931	0.00361	0.00336
11	0.05052	0.02133	0.01777	0.00720	0.07347	0.07424	0.01821	0.08443	0.02276	0.05722	0.13242	0.16782	0.24327	0.00734	0.00410	0.00123	0.00302	0.00623	0.00327	0.00416
12	0.03261	0.03411	0.02130	0.12644	0.10306	0.20973	0.06300	0.24013	0.02620	0.02714	0.00832	0.05173	0.00691	0.00446	0.00381	0.00115	0.01480	0.01744	0.00256	0.00510
13	0.00781	0.00455	0.00474	0.00445	0.00559	0.00472	0.00339	0.11259	0.04247	0.01492	0.01262	0.08040	0.01048	0.00500	0.00298	0.00097	0.00213	0.00408	0.67219	0.00392
14	0.00886	0.01012	0.02214	0.01581	0.01961	0.00949	0.83112	0.01202	0.00886	0.01202	0.00759	0.01012	0.00569	0.00316	0.00443	0.00127	0.00633	0.00443	0.00190	0.00506

[dist]
# distance from previous block
# <min> <max>
0	1

[block]
# block no. 10 follows, 73 sequences, length 11
# corresponding to MSA columns:
# 489-499
name=unknown_K
#
# <colnr> <probs for GDERKNQSTAVLIFYWHMCP>
#	G	D	E	R	K	N	Q	S	T	A	V	L	I	F	Y	W	H	M	C	P
0	0.06968	0.11107	0.06189	0.00775	0.01031	0.08831	0.00657	0.08957	0.46171	0.03701	0.01144	0.01101	0.00864	0.00449	0.00349	0.00116	0.00371	0.00348	0.00316	0.00556
1	0.00551	0.00401	0.00551	0.00559	0.00612	0.00440	0.00408	0.03136	0.00648	0.00904	0.01227	0.16891	0.01288	0.18780	0.51320	0.00461	0.00721	0.00547	0.00238	0.00318
2	0.00774	0.07607	0.76256	0.01060	0.01592	0.00915	0.04363	0.01184	0.00794	0.01168	0.00666	0.00787	0.00479	0.00353	0.00352	0.00117	0.00547	0.00278	0.00160	0.00548
3	0.89465	0.00726	0.00551	0.00493	0.00726	0.00842	0.00406	0.01103	0.00638	0.01683	0.00522	0.00609	0.00406	0.00348	0.00232	0.00116	0.00290	0.00203	0.00232	0.00406
4	0.89465	0.00726	0.00551	0.00493	0.00726	0.00842	0.00406	0.01103	0.00638	0.01683	0.00522	0.00609	0.00406	0.00348	0.00232	0.00116	0.00290	0.00203	0.00232	0.00406
5	0.00521	0.00359	0.00411	0.00427	0.00442	0.00349	0.00254	0.00541	0.00604	0.00794	0.01575	0.17627	0.08981	0.63797	0.01522	0.00305	0.00322	0.00661	0.00260	0.00249
6	0.43067	0.00938	0.00787	0.00664	0.00910	0.15950	0.00535	0.11803	0.00954	0.19986	0.00793	0.00806	0.00565	0.00394	0.00301	0.00112	0.00381	0.00266	0.00295	0.00492
7	0.67761	0.00829	0.03027	0.00574	0.00823	0.06039	0.00483	0.04598	0.00766	0.11233	0.00656	0.00708	0.00483	0.00368	0.00265	0.00115	0.00330	0.00233	0.00260	0.00449
8	0.02987	0.00622	0.01944	0.02905	0.00827	0.00665	0.02328	0.10979	0.10376	0.05790	0.19677	0.01644	0.05714	0.00602	0.01755	0.00125	0.10361	0.00449	0.19806	0.00443
9	0.00814	0.10808	0.00912	0.00578	0.00889	0.00634	0.00474	0.04673	0.00817	0.01218	0.00747	0.06056	0.00670	0.00346	0.00290	0.00067	0.00295	0.00277	0.00230	0.69207
10	0.25040	0.04147	0.01049	0.01035	0.15890	0.09756	0.08297	0.01041	0.00733	0.01184	0.00723	0.04094	0.00674	0.09635	0.03829	0.00165	0.11726	0.00344	0.00207	0.00430

[dist]
# distance from previous block
# <min> <max>
0	1

[block]
# block no. 11 follows, 73 sequences, length 20
# corresponding to MSA columns:
# 501-520
name=unknown_L
#
# <colnr> <probs for GDERKNQSTAVLIFYWHMCP>
#	G	D	E	R	K	N	Q	S	T	A	V	L	I	F	Y	W	H	M	C	P
0	0.01006	0.41025	0.04158	0.02884	0.01114	0.07704	0.08848	0.01324	0.15312	0.06345	0.04565	0.02597	0.00810	0.00406	0.00322	0.00102	0.00416	0.00322	0.00239	0.00501
1	0.00752	0.01941	0.84871	0.01069	0.01624	0.00871	0.01386	0.01188	0.00792	0.01188	0.00673	0.00792	0.00475	0.00356	0.00356	0.00119	0.00554	0.00277	0.00158	0.00554
2	0.01626	0.00695	0.00903	0.00691	0.00984	0.00632	0.00570	0.12724	0.01159	0.71607	0.01382	0.01214	0.00880	0.00458	0.00375	0.00114	0.00331	0.00368	0.00446	0.02842
3	0.00821	0.00821	0.01149	0.00985	0.00985	0.01149	0.00821	0.00903	0.00575	0.00903	0.00492	0.00821	0.00492	0.00657	0.01231	0.00164	0.86128	0.00328	0.00164	0.00410
4	0.84713	0.00731	0.00575	0.00507	0.00743	0.00840	0.00418	0.03049	0.00678	0.04243	0.00561	0.00637	0.00428	0.00354	0.00240	0.00116	0.00294	0.00212	0.00243	0.00419
5	0.80738	0.00717	0.00583	0.00511	0.00749	0.00813	0.00421	0.01175	0.00682	0.09940	0.00618	0.00676	0.00458	0.00360	0.00247	0.00116	0.00293	0.00220	0.00255	0.00429
6	0.00532	0.00399	0.00595	0.00599	0.00664	0.00462	0.00464	0.00663	0.00608	0.00875	0.01052	0.05276	0.01007	0.02741	0.81537	0.00583	0.00970	0.00432	0.00208	0.00334
7	0.01106	0.00793	0.00872	0.00753	0.00986	0.00879	0.00595	0.07762	0.62711	0.16937	0.01474	0.01342	0.01069	0.00497	0.00380	0.00124	0.00309	0.00409	0.00396	0.00605
8	0.00544	0.00370	0.00443	0.00443	0.00455	0.00382	0.00270	0.00568	0.00556	0.00753	0.01151	0.02282	0.01289	0.71967	0.16655	0.00406	0.00477	0.00520	0.00223	0.00246
9	0.00692	0.00349	0.00352	0.00355	0.00440	0.00348	0.00265	0.00863	0.00785	0.01385	0.01250	0.04007	0.01008	0.00460	0.00269	0.00089	0.00176	0.00372	0.86186	0.00348
10	0.08169	0.00667	0.00840	0.00665	0.00936	0.00626	0.00544	0.03279	0.10995	0.64909	0.03439	0.01272	0.00974	0.00468	0.00368	0.00117	0.00313	0.00376	0.00434	0.00609
11	0.00578	0.00397	0.00508	0.00518	0.00593	0.00377	0.00373	0.02394	0.03599	0.04706	0.35146	0.38455	0.04902	0.03720	0.00501	0.00142	0.00218	0.02142	0.00377	0.00353
12	0.07743	0.00703	0.00885	0.00683	0.00971	0.00659	0.00564	0.13349	0.01142	0.67257	0.01331	0.01177	0.00851	0.00454	0.00367	0.00116	0.00331	0.00360	0.00436	0.00622
13	0.09311	0.00899	0.00995	0.00773	0.01061	0.00956	0.00637	0.50733	0.03819	0.25418	0.01048	0.00995	0.00714	0.00447	0.00363	0.00114	0.00372	0.00339	0.00388	0.00616
14	0.00469	0.00344	0.00447	0.00509	0.00547	0.00329	0.00348	0.00543	0.00712	0.00942	0.02104	0.62132	0.12076	0.05964	0.10450	0.00213	0.00314	0.00928	0.00325	0.00306
15	0.00921	0.00491	0.00596	0.00526	0.00656	0.00478	0.00397	0.05018	0.00857	0.23702	0.04028	0.03093	0.11179	0.22756	0.02217	0.00188	0.03500	0.03417	0.15572	0.00408
16	0.00453	0.00365	0.00404	0.00433	0.00527	0.00317	0.00314	0.00541	0.00814	0.01000	0.03217	0.28850	0.56877	0.01021	0.00457	0.00136	0.00203	0.03409	0.00348	0.00314
17	0.00467	0.00339	0.00442	0.00510	0.00548	0.00314	0.00349	0.00550	0.00770	0.01027	0.11653	0.69850	0.08088	0.01111	0.00473	0.00147	0.00213	0.02481	0.00356	0.00312
18	0.29651	0.07103	0.01645	0.01617	0.03101	0.14197	0.00503	0.00982	0.00762	0.01215	0.03535	0.18312	0.02499	0.03130	0.03506	0.00141	0.01351	0.01255	0.00248	0.05246
19	0.06882	0.16944	0.08092	0.02752	0.08823	0.06357	0.00735	0.18915	0.02049	0.16501	0.00835	0.00872	0.00615	0.00389	0.00340	0.00104	0.01341	0.00292	0.00278	0.06885

[dist]
# distance from previous block
# <min> <max>
1	17

[block]
# block no. 12 follows, 73 sequences, length 17
# corresponding to MSA columns:
# 538-554
name=unknown_M
#
# <colnr> <probs for GDERKNQSTAVLIFYWHMCP>
#	G	D	E	R	K	N	Q	S	T	A	V	L	I	F	Y	W	H	M	C	P
0	0.02161	0.24712	0.10000	0.05141	0.12622	0.04549	0.06179	0.07070	0.03447	0.01179	0.03127	0.02825	0.00702	0.00478	0.02988	0.00122	0.05362	0.00321	0.03725	0.03291
1	0.10958	0.04033	0.02517	0.05009	0.18564	0.04478	0.06262	0.07067	0.05640	0.01256	0.05766	0.02401	0.00868	0.05213	0.11208	0.00193	0.07495	0.00372	0.00233	0.00465
2	0.00585	0.00420	0.00478	0.00492	0.02953	0.00388	0.00349	0.02938	0.02378	0.03620	0.11450	0.10297	0.40887	0.06836	0.00520	0.00139	0.00224	0.02697	0.11998	0.00350
3	0.03730	0.33307	0.01419	0.00924	0.06826	0.42457	0.00717	0.02552	0.00923	0.00970	0.00568	0.00671	0.00491	0.00366	0.00325	0.00094	0.02777	0.00235	0.00184	0.00465
4	0.00516	0.00392	0.00476	0.02265	0.00600	0.00373	0.00359	0.00665	0.05875	0.01092	0.17982	0.32902	0.23526	0.06287	0.00576	0.03013	0.00228	0.02198	0.00345	0.00329
5	0.03555	0.31103	0.23510	0.02333	0.03429	0.04101	0.03077	0.06274	0.02204	0.05018	0.00696	0.01862	0.00558	0.00363	0.00323	0.00099	0.01572	0.00270	0.00204	0.09448
6	0.02635	0.00884	0.01191	0.04398	0.38347	0.07171	0.02118	0.13463	0.03773	0.08987	0.00971	0.05053	0.01913	0.02375	0.00411	0.00120	0.00421	0.02745	0.00263	0.02761
7	0.00508	0.00340	0.00441	0.00506	0.00534	0.00320	0.00335	0.00570	0.00706	0.03125	0.01910	0.70708	0.02249	0.12560	0.00661	0.00178	0.00239	0.00959	0.02847	0.00304
8	0.00620	0.00427	0.00514	0.00516	0.00625	0.00398	0.00392	0.02104	0.05037	0.07672	0.15810	0.22323	0.28678	0.02532	0.00479	0.00140	0.00236	0.10764	0.00367	0.00366
9	0.00921	0.14625	0.24345	0.18557	0.13761	0.02322	0.04045	0.10026	0.00903	0.03584	0.00704	0.00866	0.00539	0.00401	0.01505	0.00119	0.01749	0.00302	0.00199	0.00523
10	0.00652	0.00326	0.00489	0.00489	0.00489	0.00326	0.00326	0.00489	0.00489	0.00652	0.00652	0.01140	0.00652	0.01303	0.01466	0.89084	0.00326	0.00326	0.00163	0.00163
11	0.00760	0.00488	0.00538	0.00512	0.00630	0.00505	0.00385	0.09461	0.11852	0.03597	0.06400	0.20067	0.04269	0.00646	0.00357	0.00113	0.00229	0.00550	0.38233	0.00409
12	0.01075	0.00716	0.00820	0.00671	0.00879	0.00746	0.00536	0.37124	0.03408	0.12234	0.26947	0.04339	0.04905	0.02022	0.00426	0.00121	0.00306	0.00494	0.01715	0.00515
13	0.03437	0.07874	0.04780	0.01799	0.05701	0.03074	0.06076	0.11580	0.05369	0.28436	0.02118	0.04152	0.00921	0.00548	0.02060	0.00131	0.05015	0.06060	0.00327	0.00542
14	0.00723	0.00682	0.01151	0.80451	0.07934	0.00837	0.01049	0.00971	0.00757	0.00976	0.00669	0.00996	0.00506	0.00372	0.00375	0.00124	0.00497	0.00333	0.00168	0.00428
15	0.00886	0.01012	0.02214	0.01581	0.01961	0.00949	0.83112	0.01202	0.00886	0.01202	0.00759	0.01012	0.00569	0.00316	0.00443	0.00127	0.00633	0.00443	0.00190	0.00506
16	0.00704	0.05024	0.00790	0.00717	0.03753	0.00661	0.02003	0.01923	0.15767	0.02340	0.01208	0.11685	0.01151	0.07037	0.29256	0.00306	0.07588	0.03383	0.04298	0.00406

[dist]
# distance from previous block
# <min> <max>
0	1

[block]
# block no. 13 follows, 73 sequences, length 32
# corresponding to MSA columns:
# 556-587
name=unknown_N
#
# <colnr> <probs for GDERKNQSTAVLIFYWHMCP>
#	G	D	E	R	K	N	Q	S	T	A	V	L	I	F	Y	W	H	M	C	P
0	0.02790	0.04798	0.25499	0.00684	0.00927	0.00578	0.00683	0.00849	0.02198	0.01138	0.11146	0.29192	0.06324	0.00773	0.02929	0.00137	0.00351	0.00608	0.00274	0.08122
1	0.00807	0.01857	0.75146	0.01036	0.01548	0.06360	0.01295	0.01207	0.00824	0.02894	0.03192	0.00855	0.00577	0.00373	0.00358	0.00117	0.00546	0.00289	0.00175	0.00542
2	0.55828	0.00730	0.00797	0.07005	0.18395	0.00808	0.00607	0.01063	0.00700	0.01470	0.00661	0.03386	0.00570	0.02156	0.00320	0.00121	0.00338	0.01720	0.00223	0.03100
3	0.89465	0.00726	0.00551	0.00493	0.00726	0.00842	0.00406	0.01103	0.00638	0.01683	0.00522	0.00609	0.00406	0.00348	0.00232	0.00116	0.00290	0.00203	0.00232	0.00406
4	0.00502	0.00348	0.00432	0.00476	0.00494	0.00336	0.00304	0.00548	0.00664	0.00889	0.05460	0.44496	0.02043	0.37783	0.01090	0.00242	0.00282	0.03037	0.00299	0.00275
5	0.01330	0.04990	0.01117	0.00845	0.01114	0.14816	0.03121	0.55623	0.01486	0.03202	0.00863	0.00901	0.00635	0.00429	0.00356	0.00107	0.00441	0.00321	0.07733	0.00570
6	0.89465	0.00726	0.00551	0.00493	0.00726	0.00842	0.00406	0.01103	0.00638	0.01683	0.00522	0.00609	0.00406	0.00348	0.00232	0.00116	0.00290	0.00203	0.00232	0.00406
7	0.00709	0.00667	0.01125	0.85913	0.02584	0.00834	0.01042	0.00959	0.00750	0.00959	0.00667	0.01000	0.00500	0.00375	0.00375	0.00125	0.00500	0.00333	0.00167	0.00417
8	0.02733	0.00907	0.00951	0.00800	0.01027	0.03527	0.00639	0.32948	0.39587	0.01791	0.01259	0.02773	0.03401	0.00514	0.00427	0.00123	0.05258	0.00399	0.00357	0.00578
9	0.03467	0.01763	0.01051	0.00955	0.01150	0.83328	0.00717	0.01489	0.01053	0.00936	0.00579	0.00675	0.00481	0.00386	0.00336	0.00097	0.00668	0.00241	0.00194	0.00434
10	0.00929	0.00891	0.01523	0.02303	0.84475	0.00891	0.01151	0.01151	0.00854	0.01226	0.00706	0.00929	0.00594	0.00334	0.00371	0.00111	0.00446	0.00334	0.00186	0.00594
11	0.00457	0.00326	0.00435	0.00522	0.00544	0.00305	0.00348	0.00522	0.00718	0.00958	0.02068	0.86570	0.02481	0.01175	0.00479	0.00152	0.00218	0.01067	0.00348	0.00305
12	0.00540	0.00393	0.00510	0.00479	0.00570	0.00367	0.00360	0.00738	0.02990	0.01506	0.82349	0.02770	0.03484	0.00761	0.00441	0.00118	0.00180	0.00673	0.00412	0.00360
13	0.01003	0.87041	0.01966	0.00642	0.00963	0.01485	0.00642	0.01123	0.00762	0.00883	0.00522	0.00602	0.00481	0.00321	0.00241	0.00080	0.00401	0.00201	0.00160	0.00481
