[name]
unknown

[dist]
# distance from previous block
# <min> <max>
0	72

[block]
# block no. 0 follows, 63 sequences, length 15
# corresponding to MSA columns:
# 101-115
name=unknown_A
#
# <colnr> <probs for GDERKNQSTAVLIFYWHMCP>
#	G	D	E	R	K	N	Q	S	T	A	V	L	I	F	Y	W	H	M	C	P
0	0.03324	0.00534	0.03828	0.00580	0.00706	0.00469	0.00459	0.00882	0.05296	0.02734	0.51063	0.11029	0.09142	0.04623	0.00560	0.00152	0.00250	0.03539	0.00420	0.00411
1	0.01134	0.32950	0.19591	0.00978	0.02661	0.09560	0.04626	0.10238	0.01025	0.02326	0.00716	0.00829	0.00577	0.00407	0.00393	0.00111	0.04250	0.00291	0.00221	0.07115
2	0.77859	0.00856	0.00695	0.00602	0.00872	0.00986	0.00496	0.10781	0.00866	0.01977	0.00636	0.00722	0.00486	0.00404	0.00279	0.00130	0.00342	0.00246	0.00279	0.00486
3	0.00596	0.00402	0.00525	0.00587	0.00648	0.00373	0.00413	0.00690	0.00856	0.05400	0.04537	0.62034	0.11797	0.01299	0.03804	0.00185	0.00287	0.04808	0.00392	0.00368
4	0.00554	0.00451	0.00495	0.00509	0.00627	0.00412	0.00372	0.00749	0.07670	0.01213	0.09419	0.23973	0.49908	0.01071	0.00501	0.00148	0.00230	0.00920	0.00399	0.00381
5	0.01094	0.58594	0.04288	0.00744	0.01061	0.08548	0.00703	0.01296	0.05097	0.02901	0.07002	0.01113	0.05149	0.00456	0.00324	0.00102	0.00442	0.00324	0.00235	0.00527
6	0.08908	0.31606	0.12807	0.00786	0.01127	0.01098	0.02872	0.07260	0.01001	0.11449	0.04157	0.03102	0.07889	0.00517	0.00365	0.00119	0.00421	0.02383	0.00287	0.01847
7	0.12291	0.15040	0.39770	0.00940	0.01391	0.01074	0.01060	0.11809	0.01020	0.06140	0.00822	0.00909	0.00605	0.00417	0.00359	0.00123	0.00498	0.00306	0.04831	0.00592
8	0.06355	0.22921	0.09591	0.00829	0.01187	0.01120	0.00772	0.21749	0.02474	0.26196	0.02237	0.01058	0.00790	0.00461	0.00372	0.00119	0.00430	0.00344	0.00356	0.00640
9	0.01261	0.40622	0.12151	0.00872	0.01257	0.01410	0.00850	0.31600	0.01285	0.01673	0.00772	0.00834	0.00607	0.00418	0.00345	0.00108	0.00473	0.00295	0.00273	0.02894
10	0.01111	0.38621	0.31845	0.00943	0.01395	0.01341	0.01042	0.16580	0.01081	0.01433	0.00728	0.00817	0.00570	0.00402	0.00346	0.00113	0.00515	0.00286	0.00225	0.00603
11	0.02852	0.48523	0.14509	0.00850	0.01240	0.03061	0.00859	0.17784	0.01109	0.04635	0.00742	0.00808	0.00593	0.00404	0.00329	0.00107	0.00479	0.00279	0.00245	0.00593
12	0.02783	0.31992	0.38125	0.02536	0.01467	0.01252	0.01102	0.11220	0.01016	0.03837	0.00749	0.00843	0.00572	0.00402	0.00354	0.00117	0.00525	0.00291	0.00221	0.00600
13	0.02479	0.21848	0.50170	0.01029	0.01536	0.02710	0.01214	0.07289	0.00981	0.05946	0.00779	0.00871	0.00575	0.00405	0.00369	0.00122	0.00551	0.00299	0.00218	0.00609
14	0.13879	0.23438	0.35613	0.00966	0.01404	0.04744	0.03888	0.05073	0.00919	0.02669	0.00714	0.00833	0.00553	0.00447	0.01786	0.00130	0.01877	0.00289	0.00211	0.00567

[dist]
# distance from previous block
# <min> <max>
2	62

[block]
# block no. 1 follows, 63 sequences, length 17
# corresponding to MSA columns:
# 178-194
name=unknown_B
#
# <colnr> <probs for GDERKNQSTAVLIFYWHMCP>
#	G	D	E	R	K	N	Q	S	T	A	V	L	I	F	Y	W	H	M	C	P
0	0.13386	0.08719	0.33981	0.00973	0.01391	0.03140	0.04161	0.15590	0.01077	0.05002	0.02368	0.04574	0.00753	0.00535	0.02472	0.00143	0.00521	0.00364	0.00265	0.00584
1	0.02212	0.18579	0.44523	0.01059	0.03699	0.01068	0.03226	0.05244	0.00965	0.08676	0.00877	0.02290	0.00679	0.00437	0.00382	0.00124	0.00530	0.02362	0.00234	0.02835
2	0.02997	0.19769	0.32874	0.00958	0.01390	0.02011	0.03414	0.14050	0.01076	0.08923	0.00952	0.01068	0.02748	0.03888	0.00448	0.00132	0.00508	0.00342	0.00261	0.02191
3	0.01159	0.62842	0.08437	0.03793	0.01237	0.14328	0.00816	0.01323	0.00909	0.01025	0.00614	0.00720	0.00540	0.00376	0.00302	0.00098	0.00515	0.00244	0.00186	0.00535
4	0.01463	0.04003	0.13974	0.01011	0.01376	0.12000	0.00915	0.55994	0.01671	0.02183	0.00910	0.00947	0.00659	0.00475	0.00407	0.00124	0.00525	0.00349	0.00349	0.00665
5	0.01156	0.54328	0.21535	0.00838	0.01257	0.01361	0.00907	0.01379	0.00908	0.11765	0.00766	0.00825	0.00603	0.00390	0.00321	0.00106	0.00479	0.00271	0.00224	0.00582
6	0.12740	0.06330	0.21324	0.03884	0.04219	0.00871	0.00883	0.05926	0.01060	0.35366	0.02689	0.01138	0.00816	0.00460	0.00387	0.00128	0.00439	0.00358	0.00351	0.00631
7	0.00843	0.02174	0.83048	0.01198	0.01819	0.00976	0.01553	0.01331	0.00888	0.01331	0.00754	0.00888	0.00533	0.00399	0.00399	0.00133	0.00621	0.00311	0.00178	0.00621
8	0.00595	0.00620	0.11260	0.00620	0.00715	0.00454	0.00495	0.00697	0.00739	0.01007	0.01708	0.40822	0.01969	0.32787	0.03370	0.00269	0.00379	0.00840	0.00307	0.00346
9	0.12803	0.01866	0.09729	0.01026	0.01291	0.64068	0.00844	0.01584	0.01097	0.01173	0.00652	0.00762	0.00529	0.00424	0.00366	0.00114	0.00687	0.00269	0.00218	0.00497
10	0.00951	0.00978	0.08039	0.19989	0.34550	0.02369	0.05117	0.02859	0.03700	0.04525	0.01301	0.01470	0.11340	0.00492	0.00430	0.00133	0.00489	0.00446	0.00249	0.00572
11	0.00534	0.00385	0.00489	0.00563	0.00602	0.00361	0.00383	0.00609	0.00807	0.01058	0.02394	0.60238	0.11303	0.12234	0.00744	0.00200	0.00271	0.06116	0.00372	0.00335
12	0.00527	0.00377	0.00479	0.00554	0.00583	0.00353	0.00364	0.00591	0.00786	0.01037	0.02301	0.66310	0.08297	0.14405	0.00784	0.00206	0.00267	0.01082	0.00369	0.00329
13	0.45909	0.00822	0.03917	0.03144	0.01023	0.00807	0.00587	0.01577	0.00931	0.35982	0.01049	0.01019	0.00708	0.00446	0.00339	0.00130	0.00357	0.00317	0.00364	0.00572
14	0.00957	0.07253	0.58653	0.03182	0.01752	0.04131	0.09275	0.01366	0.00930	0.05912	0.02292	0.00971	0.00636	0.00409	0.00403	0.00130	0.00600	0.00338	0.00207	0.00603
15	0.06260	0.16466	0.61588	0.01093	0.01641	0.01096	0.03728	0.01313	0.00874	0.01307	0.00718	0.00845	0.00532	0.00391	0.00371	0.00126	0.00576	0.00296	0.00184	0.00595
16	0.06689	0.06454	0.45498	0.00965	0.01423	0.00886	0.02332	0.03203	0.00980	0.11710	0.11511	0.01230	0.01050	0.00470	0.00397	0.00127	0.00489	0.00375	0.00272	0.03939

[dist]
# distance from previous block
# <min> <max>
15	56

[block]
# block no. 2 follows, 63 sequences, length 111
# corresponding to MSA columns:
# 266-295,299-331,336-377,381-386
name=unknown_C
#
# <colnr> <probs for GDERKNQSTAVLIFYWHMCP>
#	G	D	E	R	K	N	Q	S	T	A	V	L	I	F	Y	W	H	M	C	P
0	0.00686	0.00611	0.03004	0.04793	0.06779	0.00574	0.02016	0.02920	0.09048	0.01393	0.24353	0.04156	0.30035	0.02273	0.05343	0.00173	0.00342	0.00689	0.00371	0.00445
1	0.00761	0.00867	0.11887	0.10135	0.10853	0.00801	0.02323	0.00991	0.02240	0.01170	0.06502	0.04758	0.07674	0.01277	0.21778	0.00282	0.14497	0.00486	0.00244	0.00473
2	0.03896	0.00897	0.00944	0.00831	0.01072	0.01021	0.00652	0.12143	0.62481	0.01856	0.06108	0.01620	0.03445	0.00585	0.00427	0.00139	0.00338	0.00481	0.00422	0.00642
3	0.01005	0.00995	0.05006	0.03272	0.55668	0.00962	0.01109	0.01430	0.16002	0.01424	0.00989	0.02341	0.00817	0.01969	0.00445	0.00131	0.00459	0.00400	0.00253	0.05323
4	0.11294	0.00476	0.00576	0.00568	0.00634	0.00526	0.00402	0.00751	0.00653	0.01019	0.01145	0.02001	0.01181	0.37748	0.38740	0.00495	0.00722	0.00492	0.00242	0.00334
5	0.01577	0.01024	0.01142	0.00885	0.01204	0.01091	0.00728	0.56840	0.04259	0.19795	0.02377	0.01289	0.04718	0.00541	0.00426	0.00128	0.00421	0.00420	0.00441	0.00692
6	0.01124	0.85479	0.02203	0.00719	0.01079	0.01663	0.00719	0.01259	0.00854	0.00989	0.00584	0.00674	0.00539	0.00360	0.00270	0.00090	0.00450	0.00225	0.00180	0.00539
7	0.88196	0.00813	0.00618	0.00553	0.00813	0.00943	0.00455	0.01236	0.00715	0.01886	0.00585	0.00683	0.00455	0.00390	0.00260	0.00130	0.00325	0.00228	0.00260	0.00455
8	0.01045	0.00921	0.01306	0.25913	0.18253	0.02237	0.05171	0.11814	0.21720	0.02806	0.02550	0.01266	0.00874	0.01748	0.00452	0.00139	0.00476	0.00417	0.00296	0.00595
9	0.00846	0.04250	0.08440	0.00714	0.02463	0.00641	0.00612	0.01080	0.03361	0.01339	0.02285	0.07074	0.02882	0.00441	0.00350	0.00086	0.00341	0.01404	0.00263	0.61127
10	0.00794	0.00747	0.01261	0.84216	0.02895	0.00934	0.01167	0.01074	0.00841	0.01074	0.00747	0.01121	0.00560	0.00420	0.00420	0.00140	0.00560	0.00374	0.00187	0.00467
11	0.00600	0.00488	0.00549	0.00521	0.00671	0.00436	0.00394	0.00812	0.06783	0.01327	0.21416	0.09773	0.42436	0.00934	0.00480	0.00136	0.00235	0.02971	0.00396	0.08643
12	0.00508	0.00415	0.00450	0.00475	0.00590	0.00357	0.00350	0.00611	0.00925	0.01127	0.03751	0.21718	0.61737	0.01124	0.00509	0.00150	0.00227	0.04234	0.00390	0.00353
13	0.00977	0.00930	0.01582	0.17622	0.64506	0.00968	0.01236	0.01228	0.00924	0.01302	0.00796	0.01080	0.00662	0.00496	0.03805	0.00150	0.00536	0.00377	0.00205	0.00617
14	0.00900	0.00776	0.00933	0.00732	0.04359	0.00628	0.00556	0.03170	0.00895	0.01389	0.00748	0.00884	0.00624	0.00336	0.00362	0.00071	0.03752	0.00262	0.00249	0.78374
15	0.00843	0.02174	0.83048	0.01198	0.01819	0.00976	0.01553	0.01331	0.00888	0.01331	0.00754	0.00888	0.00533	0.00399	0.00399	0.00133	0.00621	0.00311	0.00178	0.00621
16	0.00497	0.00426	0.00426	0.00426	0.00568	0.00355	0.00319	0.00603	0.00958	0.01136	0.04259	0.04046	0.82433	0.01065	0.00497	0.00142	0.00213	0.00887	0.00390	0.00355
17	0.01175	0.19951	0.23300	0.01026	0.02354	0.32317	0.02241	0.01429	0.03306	0.01151	0.02924	0.00964	0.02915	0.00447	0.00398	0.00116	0.02920	0.00315	0.00214	0.00536
18	0.00916	0.00746	0.00876	0.00628	0.01000	0.00563	0.00503	0.01102	0.00886	0.04914	0.00787	0.00896	0.00641	0.00320	0.00316	0.00065	0.00313	0.00257	0.00261	0.84010
19	0.00700	0.00570	0.00787	0.00895	0.14133	0.00562	0.00571	0.02077	0.03860	0.01558	0.52478	0.02727	0.12426	0.00784	0.00515	0.00135	0.03692	0.00681	0.00399	0.00452
20	0.00601	0.00450	0.00676	0.00676	0.00751	0.00525	0.00525	0.00751	0.00676	0.00976	0.01126	0.01651	0.01051	0.03153	0.83560	0.00676	0.01126	0.00450	0.00225	0.00375
21	0.01111	0.72510	0.11417	0.00784	0.01173	0.01570	0.00818	0.04525	0.00904	0.01096	0.00621	0.00712	0.00546	0.00370	0.00291	0.00096	0.00470	0.00241	0.00189	0.00556
22	0.01598	0.01177	0.01262	0.00967	0.01304	0.01304	0.00799	0.81202	0.01976	0.02649	0.01009	0.01009	0.00715	0.00505	0.00421	0.00126	0.00463	0.00378	0.00421	0.00715
23	0.01124	0.85479	0.02203	0.00719	0.01079	0.01663	0.00719	0.01259	0.00854	0.00989	0.00584	0.00674	0.00539	0.00360	0.00270	0.00090	0.00450	0.00225	0.00180	0.00539
24	0.01124	0.85479	0.02203	0.00719	0.01079	0.01663	0.00719	0.01259	0.00854	0.00989	0.00584	0.00674	0.00539	0.00360	0.00270	0.00090	0.00450	0.00225	0.00180	0.00539
25	0.01532	0.01145	0.01225	0.00954	0.01279	0.01273	0.00783	0.71803	0.11483	0.02543	0.01093	0.01076	0.00783	0.00512	0.00421	0.00128	0.00447	0.00390	0.00421	0.00709
26	0.01110	0.81440	0.06123	0.00743	0.01115	0.01630	0.00760	0.01262	0.00856	0.01006	0.00593	0.00685	0.00539	0.00362	0.00276	0.00092	0.00458	0.00229	0.00180	0.00543
27	0.05362	0.00698	0.00961	0.07354	0.06621	0.02857	0.05071	0.01314	0.03317	0.24622	0.27262	0.05311	0.03840	0.00646	0.00473	0.00135	0.02671	0.00556	0.00397	0.00532
28	0.00848	0.03522	0.81740	0.01190	0.01807	0.00987	0.01540	0.01330	0.00887	0.01326	0.00752	0.00884	0.00533	0.00399	0.00397	0.00132	0.00618	0.00309	0.00178	0.00620
29	0.01267	0.12330	0.12311	0.00935	0.01243	0.26445	0.00827	0.03611	0.22765	0.08951	0.02998	0.01110	0.00873	0.00474	0.00387	0.00121	0.00520	0.00353	0.00303	0.02175
30	0.03381	0.00761	0.01044	0.02107	0.13622	0.05223	0.09678	0.03271	0.04360	0.04779	0.02364	0.01953	0.01170	0.34706	0.03815	0.00263	0.03066	0.03724	0.00269	0.00443
31	0.01570	0.02004	0.01191	0.01083	0.01300	0.83539	0.00812	0.01679	0.01191	0.01029	0.00650	0.00758	0.00541	0.00433	0.00379	0.00108	0.00758	0.00271	0.00217	0.00487
32	0.01046	0.00903	0.00951	0.00855	0.01093	0.01046	0.00665	0.02234	0.81845	0.01759	0.01711	0.01568	0.01283	0.00570	0.00428	0.00143	0.00333	0.00475	0.00428	0.00665
33	0.00503	0.00426	0.00435	0.00433	0.00572	0.00358	0.00324	0.00616	0.00973	0.01171	0.09338	0.03987	0.77332	0.01051	0.00497	0.00141	0.00212	0.00879	0.00395	0.00358
34	0.88196	0.00813	0.00618	0.00553	0.00813	0.00943	0.00455	0.01236	0.00715	0.01886	0.00585	0.00683	0.00455	0.00390	0.00260	0.00130	0.00325	0.00228	0.00260	0.00455
35	0.01552	0.05480	0.01233	0.01068	0.01290	0.80129	0.00808	0.01661	0.01177	0.01027	0.00647	0.00755	0.00541	0.00430	0.00374	0.00108	0.00745	0.00269	0.00215	0.00490
36	0.00518	0.00427	0.00456	0.00448	0.00581	0.00364	0.00336	0.00645	0.01009	0.01256	0.21324	0.03848	0.65293	0.01020	0.00497	0.00140	0.00210	0.00859	0.00406	0.00364
37	0.00872	0.00747	0.00872	0.00623	0.00996	0.00560	0.00498	0.01058	0.00872	0.01370	0.00747	0.00872	0.00623	0.00311	0.00311	0.00062	0.00311	0.00249	0.00249	0.87796
38	0.00511	0.00377	0.00476	0.00554	0.00599	0.00345	0.00375	0.00589	0.00829	0.01079	0.02646	0.68883	0.17020	0.02886	0.00560	0.00170	0.00241	0.01129	0.00388	0.00342
39	0.01598	0.01177	0.01262	0.00967	0.01304	0.01304	0.00799	0.81202	0.01976	0.02649	0.01009	0.01009	0.00715	0.00505	0.00421	0.00126	0.00463	0.00378	0.00421	0.00715
40	0.01820	0.00701	0.00954	0.00737	0.01050	0.00606	0.00606	0.01984	0.01203	0.78713	0.05816	0.01519	0.01191	0.00538	0.00427	0.00130	0.00349	0.00440	0.00517	0.00699
41	0.00601	0.00450	0.00676	0.00676	0.00751	0.00525	0.00525	0.00751	0.00676	0.00976	0.01126	0.01651	0.01051	0.03153	0.83560	0.00676	0.01126	0.00450	0.00225	0.00375
42	0.01026	0.56553	0.30275	0.00886	0.01336	0.01425	0.01009	0.01284	0.00866	0.01108	0.00643	0.00748	0.00537	0.00373	0.00315	0.00105	0.00509	0.00255	0.00179	0.00568
43	0.00855	0.02090	0.76500	0.01245	0.01850	0.00983	0.08017	0.01333	0.00896	0.01333	0.00762	0.00908	0.00541	0.00396	0.00407	0.00134	0.00628	0.00326	0.00180	0.00617
44	0.00658	0.00468	0.00645	0.00719	0.00799	0.00476	0.00601	0.00819	0.00887	0.01167	0.01993	0.05555	0.02165	0.12471	0.09458	0.00272	0.00465	0.59663	0.00353	0.00368
45	0.00872	0.00747	0.00872	0.00623	0.00996	0.00560	0.00498	0.01058	0.00872	0.01370	0.00747	0.00872	0.00623	0.00311	0.00311	0.00062	0.00311	0.00249	0.00249	0.87796
46	0.00920	0.00920	0.01288	0.01104	0.01104	0.01288	0.00920	0.01012	0.00644	0.01012	0.00552	0.00920	0.00552	0.00736	0.01380	0.00184	0.84457	0.00368	0.00184	0.00460
47	0.00502	0.00424	0.00435	0.00436	0.00572	0.00357	0.00325	0.00612	0.00965	0.01162	0.08145	0.06351	0.76159	0.01062	0.00498	0.00142	0.00213	0.00890	0.00394	0.00357
48	0.88196	0.00813	0.00618	0.00553	0.00813	0.00943	0.00455	0.01236	0.00715	0.01886	0.00585	0.00683	0.00455	0.00390	0.00260	0.00130	0.00325	0.00228	0.00260	0.00455
49	0.00601	0.00450	0.00676	0.00676	0.00751	0.00525	0.00525	0.00751	0.00676	0.00976	0.01126	0.01651	0.01051	0.03153	0.83560	0.00676	0.01126	0.00450	0.00225	0.00375
50	0.01197	0.72347	0.02052	0.00764	0.01114	0.05584	0.00732	0.09904	0.00992	0.01170	0.00633	0.00715	0.00558	0.00379	0.00291	0.00095	0.00466	0.00244	0.00208	0.00556
51	0.00499	0.00426	0.00429	0.00428	0.00569	0.00356	0.00321	0.00608	0.00964	0.01149	0.06108	0.04024	0.80575	0.01060	0.00497	0.00142	0.00213	0.00884	0.00392	0.00356
52	0.01558	0.04310	0.01219	0.01073	0.01293	0.81276	0.00810	0.01667	0.01182	0.01028	0.00648	0.00756	0.00541	0.00431	0.00376	0.00108	0.00750	0.00269	0.00216	0.00489
53	0.88196	0.00813	0.00618	0.00553	0.00813	0.00943	0.00455	0.01236	0.00715	0.01886	0.00585	0.00683	0.00455	0.00390	0.00260	0.00130	0.00325	0.00228	0.00260	0.00455
54	0.01040	0.00999	0.01706	0.02580	0.82604	0.00999	0.01290	0.01290	0.00957	0.01373	0.00791	0.01040	0.00666	0.00375	0.00416	0.00125	0.00499	0.00375	0.00208	0.00666
55	0.00794	0.00747	0.01261	0.84216	0.02895	0.00934	0.01167	0.01074	0.00841	0.01074	0.00747	0.01121	0.00560	0.00420	0.00420	0.00140	0.00560	0.00374	0.00187	0.00467
56	0.00497	0.00426	0.00426	0.00426	0.00568	0.00355	0.00319	0.00603	0.00958	0.01136	0.04259	0.04046	0.82433	0.01065	0.00497	0.00142	0.00213	0.00887	0.00390	0.00355
57	0.00677	0.00484	0.00677	0.00774	0.00871	0.00484	0.00677	0.00871	0.00968	0.01258	0.02226	0.04742	0.02419	0.01161	0.00581	0.00194	0.00387	0.79775	0.00387	0.00387
58	0.00794	0.00747	0.01261	0.84216	0.02895	0.00934	0.01167	0.01074	0.00841	0.01074	0.00747	0.01121	0.00560	0.00420	0.00420	0.00140	0.00560	0.00374	0.00187	0.00467
59	0.00872	0.00747	0.00872	0.00623	0.00996	0.00560	0.00498	0.01058	0.00872	0.01370	0.00747	0.00872	0.00623	0.00311	0.00311	0.00062	0.00311	0.00249	0.00249	0.87796
60	0.01886	0.00715	0.00976	0.00748	0.01073	0.00618	0.00618	0.02049	0.01203	0.82895	0.01658	0.01431	0.01041	0.00520	0.00423	0.00130	0.00358	0.00423	0.00520	0.00715
61	0.01032	0.00954	0.01573	0.12274	0.61697	0.00987	0.02462	0.01375	0.08714	0.03496	0.00897	0.01113	0.00722	0.00402	0.00419	0.00129	0.00490	0.00387	0.00235	0.00641
62	0.86152	0.00811	0.00626	0.00557	0.00819	0.00935	0.00459	0.01255	0.00727	0.03804	0.00611	0.00701	0.00469	0.00393	0.00264	0.00130	0.00326	0.00232	0.00266	0.00461
63	0.01583	0.01170	0.01253	0.00964	0.01298	0.01297	0.00795	0.79079	0.04124	0.02625	0.01028	0.01024	0.00730	0.00506	0.00421	0.00127	0.00459	0.00381	0.00421	0.00714
64	0.01886	0.00715	0.00976	0.00748	0.01073	0.00618	0.00618	0.02049	0.01203	0.82895	0.01658	0.01431	0.01041	0.00520	0.00423	0.00130	0.00358	0.00423	0.00520	0.00715
65	0.00512	0.00366	0.00488	0.00585	0.00610	0.00341	0.00390	0.00585	0.00805	0.01073	0.02317	0.84952	0.02780	0.01317	0.00537	0.00171	0.00244	0.01195	0.00390	0.00341
66	0.01068	0.68880	0.18312	0.00815	0.01226	0.01526	0.00885	0.01273	0.00861	0.01057	0.00618	0.00717	0.00538	0.00368	0.00296	0.00099	0.00484	0.00242	0.00179	0.00556
67	0.01148	0.02228	0.02151	0.01622	0.06702	0.03324	0.58723	0.08286	0.01098	0.09030	0.00927	0.01129	0.00680	0.00386	0.00472	0.00137	0.00641	0.00462	0.00259	0.00597
68	0.00512	0.00366	0.00488	0.00585	0.00610	0.00341	0.00390	0.00585	0.00805	0.01073	0.02317	0.84952	0.02780	0.01317	0.00537	0.00171	0.00244	0.01195	0.00390	0.00341
69	0.00512	0.00366	0.00488	0.00585	0.00610	0.00341	0.00390	0.00585	0.00805	0.01073	0.02317	0.84952	0.02780	0.01317	0.00537	0.00171	0.00244	0.01195	0.00390	0.00341
70	0.00941	0.31160	0.54918	0.01032	0.01562	0.01215	0.01263	0.01306	0.00876	0.01212	0.00695	0.00813	0.00535	0.00386	0.00354	0.00118	0.00562	0.00281	0.00178	0.00593
71	0.01405	0.01133	0.02574	0.01005	0.01325	0.02569	0.06926	0.54467	0.18882	0.02288	0.01156	0.02381	0.00855	0.00516	0.00429	0.00131	0.00458	0.00417	0.00398	0.00682
72	0.00497	0.00426	0.00426	0.00426	0.00568	0.00355	0.00319	0.00603	0.00958	0.01136	0.04259	0.04046	0.82433	0.01065	0.00497	0.00142	0.00213	0.00887	0.00390	0.00355
73	0.00979	0.42391	0.44019	0.00967	0.01462	0.01308	0.01151	0.01296	0.00871	0.01166	0.00672	0.00785	0.00536	0.00380	0.00337	0.00112	0.00538	0.00269	0.00179	0.00582
74	0.00516	0.00368	0.00491	0.00583	0.00610	0.00344	0.00390	0.00594	0.00821	0.01098	0.05580	0.81618	0.02829	0.01298	0.00535	0.00169	0.00242	0.01177	0.00393	0.00344
75	0.00872	0.00747	0.00872	0.00623	0.00996	0.00560	0.00498	0.01058	0.00872	0.01370	0.00747	0.00872	0.00623	0.00311	0.00311	0.00062	0.00311	0.00249	0.00249	0.87796
76	0.00901	0.02050	0.74900	0.01206	0.01803	0.00963	0.05622	0.01367	0.00908	0.05287	0.00803	0.00927	0.00563	0.00403	0.00406	0.00133	0.00613	0.00326	0.00196	0.00623
77	0.88196	0.00813	0.00618	0.00553	0.00813	0.00943	0.00455	0.01236	0.00715	0.01886	0.00585	0.00683	0.00455	0.00390	0.00260	0.00130	0.00325	0.00228	0.00260	0.00455
78	0.00730	0.00365	0.00548	0.00548	0.00548	0.00365	0.00365	0.00548	0.00548	0.00730	0.00730	0.01278	0.00730	0.01460	0.01643	0.87769	0.00365	0.00365	0.00183	0.00183
79	0.01036	0.00895	0.00941	0.00848	0.01084	0.01034	0.00659	0.02205	0.80441	0.01748	0.01755	0.01611	0.02691	0.00579	0.00429	0.00143	0.00331	0.00482	0.00427	0.00660
80	0.88196	0.00813	0.00618	0.00553	0.00813	0.00943	0.00455	0.01236	0.00715	0.01886	0.00585	0.00683	0.00455	0.00390	0.00260	0.00130	0.00325	0.00228	0.00260	0.00455
81	0.00512	0.00366	0.00488	0.00585	0.00610	0.00341	0.00390	0.00585	0.00805	0.01073	0.02317	0.84952	0.02780	0.01317	0.00537	0.00171	0.00244	0.01195	0.00390	0.00341
82	0.00515	0.00370	0.00486	0.00575	0.00604	0.00345	0.00384	0.00590	0.00812	0.01078	0.03637	0.78173	0.06012	0.03532	0.00577	0.00175	0.00246	0.01160	0.00388	0.00341
83	0.01124	0.85479	0.02203	0.00719	0.01079	0.01663	0.00719	0.01259	0.00854	0.00989	0.00584	0.00674	0.00539	0.00360	0.00270	0.00090	0.00450	0.00225	0.00180	0.00539
84	0.01026	0.01032	0.01923	0.11191	0.39170	0.01033	0.31187	0.05685	0.01014	0.01401	0.00820	0.01083	0.00646	0.00379	0.00447	0.00133	0.00583	0.00420	0.00219	0.00610
85	0.01381	0.14849	0.15044	0.01042	0.01353	0.53832	0.00921	0.04739	0.01120	0.01138	0.00672	0.00777	0.00547	0.00419	0.00367	0.00110	0.00676	0.00275	0.00213	0.00527
86	0.01205	0.00982	0.01040	0.00888	0.01154	0.01120	0.00704	0.25032	0.58787	0.02016	0.01508	0.01407	0.01119	0.00551	0.00426	0.00138	0.00370	0.00447	0.00426	0.00680
87	0.88196	0.00813	0.00618	0.00553	0.00813	0.00943	0.00455	0.01236	0.00715	0.01886	0.00585	0.00683	0.00455	0.00390	0.00260	0.00130	0.00325	0.00228	0.00260	0.00455
88	0.15078	0.00970	0.04646	0.00896	0.04466	0.03252	0.01878	0.20961	0.07631	0.32853	0.01233	0.02403	0.00858	0.00496	0.00397	0.00130	0.00408	0.00387	0.00406	0.00650
89	0.09867	0.04554	0.01182	0.00887	0.01199	0.05171	0.00731	0.57668	0.01682	0.06213	0.04908	0.01074	0.00846	0.00500	0.00399	0.00124	0.00443	0.00371	0.00390	0.01791
90	0.00529	0.00384	0.00522	0.00638	0.02604	0.00361	0.00419	0.00609	0.00812	0.01085	0.02278	0.80973	0.02720	0.01290	0.00535	0.00170	0.00254	0.03080	0.00386	0.00350
91	0.01419	0.01716	0.01339	0.01512	0.24591	0.59894	0.00949	0.01567	0.01124	0.01128	0.00690	0.00839	0.00577	0.00416	0.00390	0.00113	0.00684	0.00300	0.00214	0.00538
92	0.00509	0.00378	0.00476	0.00554	0.00601	0.00344	0.00376	0.00589	0.00835	0.01085	0.02701	0.68940	0.18544	0.01267	0.00529	0.00165	0.00238	0.01134	0.00390	0.00344
93	0.01208	0.00984	0.01042	0.00888	0.01155	0.01122	0.00705	0.25506	0.58307	0.02021	0.01504	0.01404	0.01116	0.00551	0.00426	0.00138	0.00371	0.00447	0.00426	0.00680
94	0.02425	0.19986	0.17777	0.01401	0.16054	0.01132	0.19859	0.04963	0.02068	0.05525	0.00814	0.00964	0.00630	0.00385	0.00393	0.00121	0.00539	0.00354	0.00228	0.04385
95	0.02451	0.11783	0.70970	0.01152	0.02937	0.01056	0.01433	0.01321	0.00882	0.01302	0.00732	0.00861	0.00534	0.00394	0.00382	0.00128	0.00594	0.00300	0.00180	0.00609
96	0.00843	0.02174	0.83048	0.01198	0.01819	0.00976	0.01553	0.01331	0.00888	0.01331	0.00754	0.00888	0.00533	0.00399	0.00399	0.00133	0.00621	0.00311	0.00178	0.00621
97	0.00511	0.00369	0.00484	0.00577	0.00607	0.00342	0.00386	0.00586	0.00813	0.01077	0.02424	0.80500	0.07163	0.01303	0.00534	0.00169	0.00242	0.01178	0.00390	0.00342
98	0.00864	0.07325	0.76439	0.01195	0.03352	0.01019	0.01496	0.01326	0.00887	0.01311	0.00745	0.00877	0.00536	0.00396	0.00392	0.00130	0.00608	0.00307	0.00178	0.00617
99	0.00514	0.00367	0.00487	0.00583	0.00607	0.00343	0.00388	0.00586	0.00801	0.01068	0.02298	0.83346	0.02756	0.02956	0.00568	0.00175	0.00247	0.01184	0.00388	0.00340
100	0.00504	0.00426	0.00435	0.00433	0.00572	0.00358	0.00325	0.00616	0.00974	0.01173	0.09601	0.03984	0.77068	0.01051	0.00497	0.00141	0.00212	0.00879	0.00395	0.00358
101	0.01195	0.01010	0.02936	0.33088	0.13299	0.05670	0.01006	0.26691	0.01262	0.06907	0.00918	0.02531	0.00692	0.00463	0.00419	0.00131	0.00514	0.00386	0.00291	0.00592
102	0.01007	0.00965	0.01647	0.13509	0.71933	0.00990	0.01274	0.01261	0.00942	0.01333	0.00785	0.01051	0.00652	0.00381	0.00417	0.00127	0.00508	0.00374	0.00205	0.00639
103	0.00498	0.00420	0.00432	0.00442	0.00572	0.00353	0.00327	0.00601	0.00942	0.01129	0.04059	0.12375	0.74233	0.01091	0.00501	0.00145	0.00216	0.00919	0.00390	0.00353
104	0.03395	0.01256	0.13155	0.03247	0.02122	0.01046	0.66686	0.01336	0.00968	0.01354	0.00828	0.01088	0.00617	0.00363	0.00475	0.00140	0.00684	0.00462	0.00209	0.00569
105	0.01131	0.01097	0.01536	0.14801	0.27017	0.13845	0.14829	0.06811	0.01055	0.06146	0.00960	0.04519	0.02221	0.00461	0.00445	0.00131	0.01745	0.00425	0.00250	0.00574
106	0.09648	0.01737	0.01339	0.01140	0.01390	0.61473	0.13269	0.01574	0.01106	0.01159	0.00673	0.00812	0.00549	0.00422	0.00403	0.00117	0.02169	0.00303	0.00220	0.00496
107	0.00856	0.02052	0.74183	0.02922	0.01875	0.00983	0.08669	0.01327	0.00896	0.01327	0.00763	0.00914	0.00543	0.00396	0.00408	0.00134	0.00628	0.00329	0.00181	0.00613
108	0.01247	0.01359	0.01566	0.03766	0.08901	0.30586	0.24348	0.09481	0.04610	0.02776	0.00936	0.05139	0.00786	0.00477	0.00437	0.00129	0.00627	0.02018	0.00260	0.00552
109	0.01060	0.00863	0.00932	0.00818	0.01068	0.00958	0.00639	0.02073	0.67744	0.06102	0.04407	0.01555	0.01306	0.00555	0.00420	0.00135	0.00328	0.00463	0.00419	0.08155
110	0.04689	0.78100	0.03130	0.00725	0.01081	0.02924	0.00719	0.01280	0.00861	0.02505	0.00607	0.00692	0.00545	0.00365	0.00276	0.00093	0.00450	0.00230	0.00190	0.00539

[dist]
# distance from previous block
# <min> <max>
0	1

[block]
# block no. 3 follows, 63 sequences, length 61
# corresponding to MSA columns:
# 388-448
name=unknown_D
#
# <colnr> <probs for GDERKNQSTAVLIFYWHMCP>
#	G	D	E	R	K	N	Q	S	T	A	V	L	I	F	Y	W	H	M	C	P
0	0.03465	0.04536	0.01239	0.01959	0.01281	0.19221	0.01798	0.45131	0.08151	0.07590	0.01001	0.01011	0.00730	0.00484	0.00404	0.00123	0.00510	0.00358	0.00365	0.00644
1	0.00662	0.00528	0.00592	0.00565	0.00707	0.00514	0.00429	0.04693	0.12747	0.01455	0.26304	0.09879	0.35451	0.00930	0.00488	0.00142	0.00245	0.02819	0.00418	0.00429
2	0.01442	0.26036	0.01483	0.00978	0.01236	0.59967	0.00785	0.01558	0.01094	0.01017	0.00631	0.00734	0.00541	0.00412	0.00348	0.00103	0.00669	0.00258	0.00206	0.00502
3	0.00891	0.00759	0.00882	0.00632	0.01004	0.00580	0.00506	0.03206	0.00901	0.01404	0.00754	0.00875	0.00625	0.00317	0.00314	0.00064	0.00315	0.00253	0.00254	0.85462
4	0.00601	0.00449	0.00670	0.00670	0.00743	0.00522	0.00518	0.00747	0.00674	0.00972	0.01131	0.01681	0.01064	0.05352	0.81378	0.00668	0.01107	0.00455	0.00226	0.00372
5	0.00856	0.02082	0.75895	0.01249	0.01853	0.00984	0.08614	0.01333	0.00897	0.01333	0.00763	0.00909	0.00542	0.00395	0.00408	0.00134	0.00629	0.00327	0.00181	0.00616
6	0.00950	0.15410	0.01114	0.00651	0.01020	0.00772	0.00546	0.03309	0.00904	0.02555	0.00740	0.00850	0.00617	0.00328	0.00309	0.00070	0.00340	0.00251	0.00246	0.69018
7	0.00765	0.00615	0.00729	0.00722	0.00850	0.00684	0.00541	0.01330	0.35485	0.01345	0.01787	0.29406	0.01745	0.01377	0.17712	0.01504	0.00469	0.02078	0.00369	0.00486
8	0.00554	0.00457	0.00492	0.00477	0.00604	0.01955	0.00358	0.00695	0.01050	0.01340	0.33567	0.03643	0.51368	0.00975	0.00494	0.00138	0.00218	0.00828	0.00414	0.00373
9	0.00987	0.44834	0.41649	0.00953	0.01440	0.01328	0.01126	0.01294	0.00870	0.01156	0.00667	0.00778	0.00536	0.00379	0.00333	0.00111	0.00533	0.00267	0.00179	0.00579
10	0.00730	0.00365	0.00548	0.00548	0.00548	0.00365	0.00365	0.00548	0.00548	0.00730	0.00730	0.01278	0.00730	0.01460	0.01643	0.87769	0.00365	0.00365	0.00183	0.00183
11	0.00611	0.00408	0.00458	0.00458	0.00458	0.00408	0.00255	0.00611	0.00611	0.00815	0.01325	0.02751	0.01528	0.85226	0.02140	0.00408	0.00408	0.00611	0.00255	0.00255
12	0.01156	0.00958	0.01013	0.00878	0.01135	0.01097	0.00692	0.18058	0.65840	0.01937	0.01570	0.01456	0.01169	0.00557	0.00426	0.00139	0.00359	0.00456	0.00426	0.00675
13	0.05103	0.00973	0.01272	0.32053	0.10208	0.01104	0.00967	0.37979	0.01377	0.03606	0.00884	0.01048	0.00648	0.00455	0.00413	0.00131	0.00494	0.00370	0.00307	0.00606
14	0.00996	0.09088	0.06376	0.03555	0.34444	0.02737	0.04079	0.01194	0.00834	0.01190	0.00682	0.00953	0.00599	0.00506	0.00751	0.00144	0.30755	0.00357	0.00195	0.00566
15	0.00917	0.01204	0.23070	0.01048	0.03509	0.00916	0.10399	0.01606	0.33489	0.01536	0.09049	0.03631	0.01246	0.00525	0.00430	0.00134	0.00442	0.00463	0.00321	0.06064
16	0.00874	0.02111	0.77975	0.01205	0.01811	0.00990	0.03627	0.04208	0.00930	0.01379	0.00766	0.00898	0.00542	0.00402	0.00403	0.00133	0.00618	0.00318	0.00187	0.00623
17	0.00655	0.00555	0.03210	0.00567	0.00710	0.01826	0.00449	0.00922	0.08090	0.02932	0.50106	0.04313	0.22345	0.00863	0.00485	0.00136	0.00240	0.00744	0.00429	0.00423
18	0.00716	0.00527	0.00706	0.00783	0.00894	0.00542	0.00676	0.01012	0.09346	0.01310	0.02172	0.04413	0.02302	0.01100	0.00565	0.00188	0.00381	0.71559	0.00391	0.00416
19	0.00872	0.00747	0.00872	0.00623	0.00996	0.00560	0.00498	0.01058	0.00872	0.01370	0.00747	0.00872	0.00623	0.00311	0.00311	0.00062	0.00311	0.00249	0.00249	0.87796
20	0.00527	0.00377	0.00501	0.00575	0.00613	0.00351	0.00391	0.00622	0.00874	0.01182	0.16598	0.70360	0.02992	0.01235	0.00529	0.00164	0.00236	0.01118	0.00403	0.00351
21	0.01192	0.00976	0.01033	0.00885	0.01149	0.01114	0.00701	0.23130	0.60710	0.01994	0.01525	0.01420	0.01133	0.00553	0.00426	0.00138	0.00367	0.00450	0.00426	0.00678
22	0.08004	0.04297	0.01002	0.00733	0.01055	0.00685	0.00611	0.01957	0.01154	0.73668	0.01537	0.01346	0.00978	0.00504	0.00405	0.00128	0.00359	0.00400	0.00487	0.00689
23	0.00879	0.00557	0.00727	0.00737	0.07396	0.00517	0.00514	0.01112	0.05773	0.16707	0.38337	0.02774	0.19623	0.00788	0.00473	0.00135	0.00266	0.01768	0.00434	0.00485
24	0.00872	0.00747	0.00872	0.00623	0.00996	0.00560	0.00498	0.01058	0.00872	0.01370	0.00747	0.00872	0.00623	0.00311	0.00311	0.00062	0.00311	0.00249	0.00249	0.87796
25	0.00843	0.02174	0.83048	0.01198	0.01819	0.00976	0.01553	0.01331	0.00888	0.01331	0.00754	0.00888	0.00533	0.00399	0.00399	0.00133	0.00621	0.00311	0.00178	0.00621
26	0.00872	0.00747	0.00872	0.00623	0.00996	0.00560	0.00498	0.01058	0.00872	0.01370	0.00747	0.00872	0.00623	0.00311	0.00311	0.00062	0.00311	0.00249	0.00249	0.87796
27	0.01040	0.00999	0.01706	0.02580	0.82604	0.00999	0.01290	0.01290	0.00957	0.01373	0.00791	0.01040	0.00666	0.00375	0.00416	0.00125	0.00499	0.00375	0.00208	0.00666
28	0.00838	0.00771	0.01261	0.79597	0.02807	0.00954	0.01147	0.05519	0.00904	0.01161	0.00762	0.01115	0.00569	0.00425	0.00420	0.00139	0.00555	0.00374	0.00200	0.00481
29	0.00794	0.00747	0.01261	0.84216	0.02895	0.00934	0.01167	0.01074	0.00841	0.01074	0.00747	0.01121	0.00560	0.00420	0.00420	0.00140	0.00560	0.00374	0.00187	0.00467
30	0.00611	0.00408	0.00458	0.00458	0.00458	0.00408	0.00255	0.00611	0.00611	0.00815	0.01325	0.02751	0.01528	0.85226	0.02140	0.00408	0.00408	0.00611	0.00255	0.00255
31	0.00638	0.00471	0.00631	0.00578	0.00700	0.00436	0.02998	0.00854	0.03038	0.03331	0.65265	0.03151	0.12031	0.00861	0.00496	0.00136	0.00229	0.03302	0.00445	0.00410
32	0.00872	0.00747	0.00872	0.00623	0.00996	0.00560	0.00498	0.01058	0.00872	0.01370	0.00747	0.00872	0.00623	0.00311	0.00311	0.00062	0.00311	0.00249	0.00249	0.87796
33	0.01598	0.01177	0.01262	0.00967	0.01304	0.01304	0.00799	0.81202	0.01976	0.02649	0.01009	0.01009	0.00715	0.00505	0.00421	0.00126	0.00463	0.00378	0.00421	0.00715
34	0.01022	0.00993	0.01729	0.07344	0.69785	0.01001	0.07761	0.01300	0.02473	0.01361	0.00810	0.01063	0.00669	0.00379	0.00423	0.00127	0.00517	0.00386	0.00211	0.00646
35	0.01102	0.01215	0.01360	0.01150	0.01246	0.21981	0.07410	0.02714	0.00835	0.01074	0.00609	0.00898	0.00559	0.00624	0.01038	0.00160	0.54990	0.00354	0.00199	0.00480
36	0.00843	0.02174	0.83048	0.01198	0.01819	0.00976	0.01553	0.01331	0.00888	0.01331	0.00754	0.00888	0.00533	0.00399	0.00399	0.00133	0.00621	0.00311	0.00178	0.00621
37	0.01813	0.00749	0.01098	0.00831	0.01165	0.00654	0.07162	0.01992	0.01186	0.76262	0.01593	0.01407	0.01008	0.00507	0.00429	0.00131	0.00386	0.00429	0.00495	0.00703
38	0.00998	0.00949	0.01616	0.04309	0.72734	0.00949	0.02543	0.01246	0.00974	0.01391	0.07427	0.01215	0.00931	0.00415	0.00424	0.00126	0.00480	0.00408	0.00228	0.00638
39	0.00825	0.00779	0.01316	0.74034	0.12837	0.00942	0.01183	0.01101	0.00855	0.01111	0.00753	0.01111	0.00574	0.00415	0.00420	0.00138	0.00553	0.00374	0.00189	0.00492
40	0.00549	0.00428	0.00498	0.00480	0.00600	0.00377	0.00360	0.00704	0.01081	0.01426	0.45536	0.03567	0.40974	0.00956	0.00496	0.00137	0.00205	0.00820	0.00429	0.00377
41	0.00659	0.00473	0.00655	0.00749	0.00841	0.00469	0.00644	0.00840	0.00954	0.01240	0.02289	0.11247	0.04646	0.01171	0.00575	0.00190	0.00371	0.71217	0.00387	0.00382
42	0.01040	0.00999	0.01706	0.02580	0.82604	0.00999	0.01290	0.01290	0.00957	0.01373	0.00791	0.01040	0.00666	0.00375	0.00416	0.00125	0.00499	0.00375	0.00208	0.00666
43	0.00507	0.00424	0.00443	0.00455	0.00585	0.00360	0.00342	0.00614	0.00946	0.01136	0.04005	0.10659	0.72188	0.01090	0.00504	0.00147	0.00224	0.04625	0.00390	0.00355
44	0.00595	0.00430	0.00562	0.00529	0.00628	0.00397	0.00397	0.00793	0.01190	0.01686	0.82382	0.03140	0.03966	0.00859	0.00496	0.00132	0.00198	0.00760	0.00463	0.00397
45	0.00907	0.00863	0.01443	0.46112	0.29511	0.00971	0.04929	0.01254	0.07476	0.01243	0.00845	0.01131	0.00658	0.00414	0.00423	0.00135	0.00528	0.00388	0.00215	0.00555
46	0.01886	0.00715	0.00976	0.00748	0.01073	0.00618	0.00618	0.02049	0.01203	0.82895	0.01658	0.01431	0.01041	0.00520	0.00423	0.00130	0.00358	0.00423	0.00520	0.00715
47	0.00497	0.00426	0.00426	0.00426	0.00568	0.00355	0.00319	0.00603	0.00958	0.01136	0.04259	0.04046	0.82433	0.01065	0.00497	0.00142	0.00213	0.00887	0.00390	0.00355
48	0.00794	0.00747	0.01261	0.84216	0.02895	0.00934	0.01167	0.01074	0.00841	0.01074	0.00747	0.01121	0.00560	0.00420	0.00420	0.00140	0.00560	0.00374	0.00187	0.00467
49	0.00883	0.04726	0.74076	0.01203	0.01797	0.01013	0.05246	0.03893	0.00926	0.01363	0.00762	0.00896	0.00544	0.00399	0.00401	0.00132	0.00615	0.00319	0.00187	0.00619
50	0.88196	0.00813	0.00618	0.00553	0.00813	0.00943	0.00455	0.01236	0.00715	0.01886	0.00585	0.00683	0.00455	0.00390	0.00260	0.00130	0.00325	0.00228	0.00260	0.00455
51	0.00827	0.00781	0.01320	0.73382	0.13474	0.00943	0.01184	0.01103	0.00856	0.01114	0.00753	0.01110	0.00574	0.00414	0.00420	0.00138	0.00552	0.00374	0.00190	0.00493
52	0.00498	0.00423	0.00429	0.00433	0.00570	0.00354	0.00323	0.00602	0.00951	0.01133	0.04167	0.07854	0.78684	0.01077	0.00499	0.00143	0.00214	0.00902	0.00390	0.00354
53	0.00538	0.00422	0.00487	0.00491	0.00602	0.00371	0.00365	0.00674	0.01019	0.01320	0.30775	0.13576	0.43514	0.01028	0.00504	0.00144	0.00217	0.03170	0.00415	0.00369
54	0.00914	0.00785	0.00922	0.00709	0.01016	0.00710	0.00566	0.04660	0.10475	0.01426	0.00916	0.04280	0.00783	0.00430	0.00439	0.00090	0.08219	0.00330	0.00277	0.62052
55	0.00957	0.00901	0.00991	0.03510	0.08316	0.09289	0.00622	0.01144	0.00912	0.01325	0.00741	0.00883	0.00616	0.00333	0.00331	0.00075	0.00383	0.00266	0.00240	0.68164
56	0.01158	0.14455	0.14417	0.01485	0.26592	0.14768	0.02057	0.10128	0.01064	0.01375	0.00742	0.00898	0.00603	0.00412	0.00422	0.00118	0.04054	0.00320	0.00225	0.04706
57	0.01038	0.01001	0.04002	0.02098	0.56056	0.00937	0.10227	0.03065	0.00977	0.04006	0.00864	0.03190	0.00722	0.00398	0.00417	0.00122	0.00495	0.00396	0.00231	0.09759
58	0.00819	0.00657	0.06091	0.04931	0.09806	0.00562	0.02444	0.01018	0.02526	0.11477	0.19952	0.32197	0.02266	0.00870	0.00484	0.00147	0.00330	0.02574	0.00376	0.00472
59	0.01012	0.06858	0.03274	0.05341	0.64753	0.01020	0.05329	0.01262	0.00956	0.01347	0.04282	0.01110	0.00791	0.00395	0.00413	0.00124	0.00498	0.00386	0.00216	0.00632
60	0.00925	0.03064	0.56905	0.07642	0.04594	0.00951	0.04229	0.02715	0.03061	0.05190	0.00828	0.00961	0.00596	0.00404	0.00400	0.00128	0.00570	0.00330	0.00212	0.06296

[dist]
# distance from previous block
# <min> <max>
1	8

[block]
# block no. 4 follows, 63 sequences, length 11
# corresponding to MSA columns:
# 459-469
name=unknown_E
#
# <colnr> <probs for GDERKNQSTAVLIFYWHMCP>
#	G	D	E	R	K	N	Q	S	T	A	V	L	I	F	Y	W	H	M	C	P
0	0.03456	0.14996	0.47451	0.01076	0.01574	0.04031	0.05655	0.07034	0.01000	0.08751	0.00824	0.00915	0.00597	0.00410	0.00383	0.00125	0.00561	0.00319	0.00232	0.00611
1	0.01099	0.06429	0.23950	0.14404	0.08961	0.08109	0.10583	0.06229	0.01016	0.10004	0.00902	0.03405	0.00692	0.00447	0.00431	0.00131	0.01997	0.00382	0.00247	0.00583
2	0.05853	0.02234	0.01008	0.02575	0.01019	0.00739	0.10667	0.00934	0.02273	0.01142	0.01146	0.14400	0.01176	0.13077	0.14240	0.00267	0.14228	0.01904	0.00256	0.10862
3	0.01311	0.09638	0.01284	0.01072	0.06015	0.41517	0.03214	0.10598	0.05440	0.01310	0.04319	0.03894	0.03507	0.00518	0.00444	0.00120	0.04628	0.00379	0.00267	0.00526
4	0.00604	0.00435	0.00596	0.00594	0.00645	0.00479	0.00427	0.00706	0.00683	0.00962	0.05760	0.02105	0.01375	0.30634	0.51501	0.00555	0.00832	0.00522	0.00248	0.00336
5	0.01161	0.78493	0.02118	0.00750	0.01097	0.08516	0.00727	0.01294	0.00882	0.00992	0.00590	0.00681	0.00540	0.00366	0.00279	0.00091	0.00475	0.00229	0.00183	0.00535
6	0.00515	0.00374	0.00486	0.00569	0.00607	0.00345	0.00384	0.00596	0.00835	0.01106	0.06045	0.74330	0.09709	0.01275	0.00531	0.00167	0.00239	0.01149	0.00393	0.00345
7	0.00730	0.00365	0.00548	0.00548	0.00548	0.00365	0.00365	0.00548	0.00548	0.00730	0.00730	0.01278	0.00730	0.01460	0.01643	0.87769	0.00365	0.00365	0.00183	0.00183
8	0.35196	0.05221	0.18412	0.00933	0.04023	0.04946	0.07524	0.01444	0.03201	0.14210	0.00852	0.00921	0.00617	0.00415	0.00351	0.00129	0.00458	0.00312	0.00276	0.00559
9	0.09786	0.48005	0.01667	0.00785	0.01084	0.12305	0.00704	0.01436	0.06745	0.08117	0.00764	0.00829	0.00629	0.00422	0.00370	0.00109	0.05184	0.00274	0.00240	0.00544
10	0.04216	0.10734	0.17176	0.00963	0.01314	0.18510	0.00902	0.23730	0.04220	0.08938	0.00963	0.01117	0.00744	0.00484	0.00394	0.00124	0.00532	0.04030	0.00306	0.00604

[dist]
# distance from previous block
# <min> <max>
0	3

[block]
# block no. 5 follows, 63 sequences, length 46
# corresponding to MSA columns:
# 473-518
name=unknown_F
#
# <colnr> <probs for GDERKNQSTAVLIFYWHMCP>
#	G	D	E	R	K	N	Q	S	T	A	V	L	I	F	Y	W	H	M	C	P
0	0.02151	0.11734	0.46913	0.01014	0.01479	0.09955	0.01152	0.03309	0.01886	0.07024	0.02319	0.01045	0.01867	0.03381	0.00444	0.00133	0.00557	0.00331	0.00229	0.03079
1	0.02560	0.00899	0.04931	0.00856	0.01095	0.04978	0.06809	0.10396	0.26173	0.04244	0.15294	0.04276	0.07379	0.00672	0.00455	0.00140	0.00382	0.06499	0.00385	0.01578
2	0.01218	0.07255	0.06879	0.01000	0.04439	0.24822	0.07074	0.05612	0.04828	0.09471	0.11200	0.01235	0.01090	0.00474	0.00398	0.00114	0.00510	0.00381	0.00297	0.11705
3	0.01111	0.65878	0.11170	0.00801	0.01187	0.03839	0.02409	0.01292	0.00880	0.03225	0.00647	0.00739	0.00558	0.00368	0.00298	0.00096	0.00474	0.00248	0.00194	0.04586
4	0.00918	0.00923	0.01345	0.01134	0.01161	0.01260	0.05594	0.01026	0.00665	0.01031	0.00580	0.00946	0.00567	0.00760	0.02921	0.00191	0.77949	0.00377	0.00186	0.00464
5	0.00565	0.00530	0.05319	0.00521	0.00670	0.00412	0.00429	0.00739	0.01067	0.01416	0.42269	0.03418	0.39266	0.00925	0.00491	0.00137	0.00230	0.00791	0.00413	0.00391
6	0.00730	0.00573	0.00707	0.00792	0.00896	0.05335	0.00685	0.00918	0.00981	0.01245	0.02134	0.04509	0.02310	0.01119	0.00569	0.00189	0.00409	0.75130	0.00377	0.00393
7	0.01374	0.03255	0.01169	0.01022	0.01219	0.50955	0.00789	0.01701	0.17491	0.03786	0.00882	0.00965	0.00710	0.00505	0.00529	0.00126	0.12399	0.00330	0.00264	0.00528
8	0.00524	0.00370	0.00487	0.00571	0.00603	0.00344	0.00383	0.00585	0.00802	0.01058	0.02373	0.73864	0.08765	0.01306	0.00598	0.05285	0.00249	0.01123	0.00378	0.00333
9	0.00801	0.00749	0.01245	0.76684	0.05053	0.00910	0.01128	0.01075	0.00851	0.01106	0.02047	0.01139	0.00620	0.00421	0.00416	0.00136	0.00541	0.00374	0.00195	0.04508
10	0.01886	0.00715	0.00976	0.00748	0.01073	0.00618	0.00618	0.02049	0.01203	0.82895	0.01658	0.01431	0.01041	0.00520	0.00423	0.00130	0.00358	0.00423	0.00520	0.00715
11	0.00872	0.00747	0.00872	0.00623	0.00996	0.00560	0.00498	0.01058	0.00872	0.01370	0.00747	0.00872	0.00623	0.00311	0.00311	0.00062	0.00311	0.00249	0.00249	0.87796
12	0.01040	0.00999	0.01706	0.02580	0.82604	0.00999	0.01290	0.01290	0.00957	0.01373	0.00791	0.01040	0.00666	0.00375	0.00416	0.00125	0.00499	0.00375	0.00208	0.00666
13	0.00535	0.00382	0.00510	0.00589	0.00629	0.00358	0.00409	0.00633	0.00870	0.01173	0.13787	0.68143	0.02927	0.01242	0.00534	0.00167	0.00246	0.06112	0.00400	0.00352
14	0.01138	0.00732	0.00893	0.00656	0.01010	0.00572	0.00528	0.01317	0.00960	0.23296	0.01019	0.02476	0.00772	0.00385	0.00345	0.00082	0.00323	0.00312	0.00324	0.62858
15	0.00880	0.00759	0.00910	0.00713	0.04768	0.00581	0.00535	0.01069	0.00876	0.01370	0.00749	0.00880	0.00625	0.00314	0.00316	0.00065	0.00320	0.00255	0.00247	0.83769
16	0.00872	0.00747	0.00872	0.00623	0.00996	0.00560	0.00498	0.01058	0.00872	0.01370	0.00747	0.00872	0.00623	0.00311	0.00311	0.00062	0.00311	0.00249	0.00249	0.87796
17	0.01060	0.00910	0.00959	0.00858	0.01099	0.01052	0.00669	0.04328	0.79727	0.01782	0.01692	0.01554	0.01268	0.00569	0.00428	0.00142	0.00336	0.00473	0.00428	0.00667
18	0.01473	0.01841	0.01206	0.01086	0.01270	0.71189	0.00828	0.01578	0.01109	0.01026	0.00635	0.00782	0.00543	0.00479	0.00529	0.00120	0.13325	0.00285	0.00212	0.00483
19	0.00909	0.21573	0.64222	0.01087	0.01647	0.01136	0.01359	0.01314	0.00880	0.01252	0.00715	0.00838	0.00534	0.00390	0.00369	0.00123	0.00581	0.00291	0.00178	0.00602
