[name]
unknown

[dist]
# distance from previous block
# <min> <max>
15	91

[block]
# block no. 0 follows, 67 sequences, length 38
# corresponding to MSA columns:
# 118-155
name=unknown_A
#
# <colnr> <probs for GDERKNQSTAVLIFYWHMCP>
#	G	D	E	R	K	N	Q	S	T	A	V	L	I	F	Y	W	H	M	C	P
0	0.02167	0.18900	0.20590	0.00988	0.06675	0.07719	0.00903	0.17654	0.02845	0.05159	0.01803	0.00969	0.01547	0.00593	0.05873	0.00149	0.02683	0.00321	0.00252	0.02211
1	0.01134	0.28571	0.16997	0.00866	0.03025	0.02787	0.00829	0.22198	0.03204	0.06561	0.02456	0.01927	0.03340	0.02241	0.02092	0.00128	0.00460	0.00341	0.00274	0.00569
2	0.04160	0.27633	0.25274	0.00854	0.01230	0.07033	0.00889	0.15770	0.01046	0.02333	0.01020	0.01079	0.08103	0.00481	0.01379	0.00118	0.00481	0.00330	0.00240	0.00545
3	0.03147	0.15051	0.29007	0.00941	0.02147	0.02188	0.00964	0.26381	0.09221	0.02697	0.00923	0.01004	0.01589	0.00441	0.00370	0.00119	0.00472	0.01525	0.00278	0.01535
4	0.01133	0.20061	0.33848	0.00952	0.01382	0.01180	0.01022	0.29420	0.03292	0.02878	0.00805	0.00867	0.00596	0.00414	0.00362	0.00116	0.00493	0.00307	0.00262	0.00609
5	0.01185	0.20678	0.20790	0.00895	0.01265	0.01181	0.00887	0.36840	0.03384	0.03017	0.00909	0.05568	0.00731	0.00471	0.00370	0.00117	0.00458	0.00359	0.00294	0.00602
6	0.01342	0.01327	0.20282	0.00967	0.01347	0.01153	0.00921	0.59281	0.04671	0.03331	0.00940	0.00962	0.00667	0.00461	0.00397	0.00123	0.00470	0.00350	0.00349	0.00660
7	0.01302	0.10408	0.07981	0.00879	0.01211	0.01176	0.00777	0.51706	0.11233	0.02075	0.02460	0.01013	0.00766	0.00463	0.00381	0.00116	0.00426	0.00351	0.00351	0.04928
8	0.01448	0.04267	0.08095	0.00935	0.01277	0.02730	0.00820	0.71004	0.01747	0.02338	0.00922	0.00937	0.00659	0.00467	0.00394	0.00119	0.00459	0.00349	0.00370	0.00665
9	0.00825	0.04858	0.79742	0.01124	0.01704	0.00958	0.01443	0.02602	0.00863	0.01280	0.00718	0.00842	0.00511	0.00381	0.00377	0.00126	0.00585	0.00295	0.00173	0.00592
10	0.00878	0.24833	0.54773	0.00980	0.01465	0.03278	0.01183	0.01221	0.00845	0.01161	0.00798	0.03679	0.02442	0.00415	0.00353	0.00117	0.00531	0.00314	0.00182	0.00554
11	0.00804	0.02074	0.83828	0.01143	0.01736	0.00931	0.01482	0.01270	0.00847	0.01270	0.00720	0.00847	0.00508	0.00381	0.00381	0.00127	0.00593	0.00296	0.00169	0.00593
12	0.01072	0.86147	0.02102	0.00686	0.01029	0.01587	0.00686	0.01201	0.00815	0.00944	0.00558	0.00643	0.00515	0.00343	0.00257	0.00086	0.00429	0.00214	0.00172	0.00515
13	0.00958	0.44710	0.39070	0.00919	0.01373	0.03079	0.02536	0.01242	0.00839	0.01098	0.00637	0.00745	0.00513	0.00362	0.00320	0.00106	0.00514	0.00257	0.00172	0.00549
14	0.00639	0.00519	0.00657	0.00638	0.00692	0.04081	0.00475	0.00743	0.00680	0.00942	0.05873	0.04020	0.01253	0.21912	0.47173	0.00478	0.08161	0.00487	0.00235	0.00343
15	0.85051	0.00772	0.00604	0.00535	0.00786	0.00887	0.00441	0.01212	0.00702	0.05273	0.00602	0.00682	0.00458	0.00378	0.00255	0.00124	0.00312	0.00225	0.00259	0.00445
16	0.00936	0.33019	0.48637	0.00980	0.01460	0.04842	0.02587	0.01259	0.00850	0.01137	0.00657	0.00771	0.00513	0.00368	0.00336	0.00111	0.00540	0.00268	0.00172	0.00557
17	0.00495	0.00353	0.00472	0.00565	0.00591	0.00331	0.00383	0.00569	0.00774	0.01030	0.02207	0.82596	0.02640	0.01251	0.00513	0.00164	0.00238	0.04129	0.00372	0.00327
18	0.00552	0.00405	0.00467	0.00474	0.00583	0.00354	0.00347	0.00665	0.00932	0.04673	0.18665	0.22982	0.45433	0.01013	0.00480	0.00140	0.00213	0.00874	0.00391	0.00358
19	0.01041	0.00953	0.00927	0.00835	0.01060	0.08264	0.00647	0.02085	0.75566	0.01617	0.01544	0.01429	0.01163	0.00533	0.00404	0.00133	0.00353	0.00436	0.00391	0.00620
20	0.00938	0.14299	0.57473	0.01042	0.01535	0.11722	0.01233	0.01317	0.02826	0.01196	0.00705	0.00816	0.00529	0.00382	0.00359	0.00117	0.00573	0.00282	0.00182	0.02475
21	0.01015	0.28638	0.35478	0.01146	0.11631	0.13350	0.01094	0.01292	0.00887	0.01129	0.00658	0.00782	0.00527	0.00371	0.00341	0.00109	0.00545	0.00272	0.00179	0.00554
22	0.00564	0.00410	0.00531	0.00501	0.00597	0.00377	0.00375	0.00749	0.01126	0.01587	0.79971	0.03031	0.07019	0.00828	0.00473	0.00127	0.00190	0.00730	0.00439	0.00377
23	0.00857	0.15947	0.65490	0.01100	0.01640	0.01045	0.06086	0.01259	0.00847	0.01217	0.00698	0.00827	0.00515	0.00372	0.00366	0.00121	0.00570	0.00293	0.00172	0.00577
24	0.01090	0.14121	0.27189	0.03231	0.05096	0.02248	0.11413	0.12442	0.06302	0.10065	0.00918	0.02558	0.00689	0.00423	0.00385	0.00121	0.00502	0.00356	0.00261	0.00590
25	0.69414	0.08218	0.00761	0.00570	0.00824	0.00940	0.00477	0.05223	0.00777	0.05202	0.00690	0.04201	0.00569	0.00417	0.00274	0.00122	0.00325	0.00270	0.00265	0.00460
26	0.00483	0.00400	0.00413	0.00421	0.00538	0.00341	0.00306	0.00575	0.00879	0.01058	0.03715	0.10772	0.70814	0.06780	0.00583	0.00155	0.00218	0.00854	0.00364	0.00331
27	0.01351	0.01573	0.08140	0.01186	0.07458	0.45626	0.10051	0.10147	0.03077	0.06491	0.00781	0.00879	0.00600	0.00414	0.00386	0.00114	0.00625	0.00318	0.00246	0.00538
28	0.01075	0.01222	0.06537	0.03896	0.44282	0.16629	0.15995	0.03231	0.00978	0.01264	0.00742	0.00951	0.00599	0.00370	0.00404	0.00120	0.00567	0.00356	0.00203	0.00580
29	0.00563	0.00410	0.00530	0.00500	0.00597	0.00377	0.00375	0.00749	0.01126	0.01585	0.79711	0.03034	0.07280	0.00829	0.00473	0.00127	0.00190	0.00731	0.00438	0.00377
30	0.00501	0.00369	0.00472	0.00549	0.00598	0.00340	0.00386	0.00586	0.00807	0.01050	0.02520	0.64177	0.16431	0.01202	0.00509	0.00160	0.00240	0.08399	0.00372	0.00332
31	0.01164	0.06999	0.19318	0.01145	0.06822	0.08424	0.12189	0.17459	0.11050	0.08206	0.00940	0.01009	0.00693	0.00430	0.00415	0.00123	0.02376	0.00358	0.00281	0.00598
32	0.01436	0.00701	0.00904	0.00794	0.04568	0.00672	0.00603	0.01814	0.20141	0.52047	0.01663	0.08782	0.02854	0.00578	0.00415	0.00130	0.00329	0.00486	0.00449	0.00631
33	0.00478	0.00390	0.00423	0.00451	0.00553	0.00335	0.00324	0.00571	0.00872	0.01066	0.03524	0.27647	0.59801	0.01086	0.00485	0.00143	0.00212	0.00932	0.00372	0.00335
34	0.00924	0.00883	0.01504	0.26585	0.59818	0.00935	0.01197	0.01171	0.00881	0.01227	0.00742	0.01015	0.00606	0.00370	0.00398	0.00123	0.00493	0.00357	0.00193	0.00580
35	0.01314	0.01373	0.02222	0.01039	0.06371	0.36501	0.00770	0.18275	0.20447	0.02536	0.00978	0.02528	0.00770	0.00478	0.00410	0.00119	0.02654	0.00352	0.00299	0.00562
36	0.14786	0.21434	0.03272	0.00952	0.05469	0.45686	0.00743	0.01415	0.00973	0.01123	0.00605	0.00711	0.00510	0.00387	0.00322	0.00104	0.00575	0.00248	0.00203	0.00484
37	0.00946	0.35814	0.16586	0.00794	0.03371	0.03214	0.00774	0.01157	0.00838	0.01144	0.00650	0.00759	0.00545	0.00336	0.00301	0.00085	0.00421	0.00243	0.00196	0.31828

[dist]
# distance from previous block
# <min> <max>
0	1

[block]
# block no. 1 follows, 67 sequences, length 18
# corresponding to MSA columns:
# 157-174
name=unknown_B
#
# <colnr> <probs for GDERKNQSTAVLIFYWHMCP>
#	G	D	E	R	K	N	Q	S	T	A	V	L	I	F	Y	W	H	M	C	P
0	0.04557	0.23043	0.08978	0.01460	0.29922	0.01128	0.08841	0.09252	0.02352	0.03157	0.00751	0.00893	0.00603	0.00371	0.00359	0.00112	0.00473	0.00320	0.00223	0.03205
1	0.01070	0.00952	0.04638	0.10263	0.39300	0.02673	0.04977	0.10222	0.05943	0.08927	0.02181	0.02745	0.03403	0.00445	0.00407	0.00124	0.00459	0.00404	0.00270	0.00597
2	0.00488	0.00352	0.00462	0.00551	0.00580	0.00326	0.00369	0.00559	0.00775	0.01027	0.02300	0.81673	0.06566	0.01245	0.00510	0.00162	0.00231	0.01126	0.00372	0.00326
3	0.00548	0.00401	0.00528	0.00615	0.03827	0.00397	0.00385	0.00605	0.00716	0.00963	0.01829	0.55870	0.02164	0.25398	0.00970	0.00226	0.02993	0.00925	0.00322	0.00318
4	0.01176	0.60090	0.05101	0.00798	0.01114	0.23853	0.00742	0.01312	0.00903	0.00967	0.00581	0.00673	0.00515	0.00364	0.00290	0.00092	0.00515	0.00230	0.00181	0.00504
5	0.02485	0.02339	0.03308	0.00939	0.14407	0.00693	0.00651	0.07266	0.00923	0.01402	0.00733	0.00862	0.00601	0.00325	0.00322	0.00077	0.00348	0.00267	0.00241	0.61809
6	0.02445	0.10297	0.23577	0.01218	0.13636	0.29251	0.01016	0.10101	0.02540	0.01296	0.00715	0.00827	0.00561	0.00398	0.00365	0.00113	0.00577	0.00293	0.00217	0.00556
7	0.00766	0.00588	0.00637	0.00585	0.00712	0.07646	0.00443	0.02679	0.04076	0.07438	0.60265	0.05772	0.05285	0.00767	0.00456	0.00126	0.00258	0.00664	0.00419	0.00420
8	0.00948	0.00934	0.03539	0.23054	0.53329	0.00952	0.05573	0.04535	0.00926	0.01287	0.00755	0.01012	0.00607	0.00373	0.00402	0.00124	0.00503	0.00362	0.00201	0.00583
9	0.00583	0.00389	0.00437	0.00437	0.00437	0.00389	0.00243	0.00583	0.00583	0.00778	0.01264	0.02624	0.01458	0.85906	0.02041	0.00389	0.00389	0.00583	0.00243	0.00243
10	0.00583	0.00389	0.00437	0.00437	0.00437	0.00389	0.00243	0.00583	0.00583	0.00778	0.01264	0.02624	0.01458	0.85906	0.02041	0.00389	0.00389	0.00583	0.00243	0.00243
11	0.03805	0.13667	0.30927	0.01410	0.21978	0.07748	0.09050	0.01265	0.00886	0.01230	0.00701	0.00860	0.00552	0.00364	0.00367	0.00115	0.00538	0.00309	0.00188	0.04038
12	0.00993	0.51546	0.29570	0.00857	0.01275	0.04017	0.00955	0.01276	0.04231	0.01085	0.00659	0.00750	0.00542	0.00366	0.00309	0.00102	0.00489	0.00253	0.00182	0.00544
13	0.03943	0.09777	0.07513	0.00713	0.01035	0.06790	0.02312	0.05009	0.04888	0.01329	0.04188	0.04053	0.04098	0.00424	0.00338	0.00090	0.00371	0.00337	0.00257	0.42532
14	0.04693	0.18177	0.38814	0.01118	0.09377	0.02956	0.03889	0.01217	0.00843	0.03301	0.00855	0.00980	0.04564	0.00429	0.00434	0.00122	0.07166	0.00322	0.00197	0.00548
15	0.05323	0.03982	0.18401	0.03077	0.18862	0.08934	0.03018	0.14732	0.02790	0.07171	0.00869	0.01070	0.00690	0.07126	0.00509	0.00140	0.00492	0.00348	0.00258	0.02208
16	0.10808	0.08366	0.08639	0.00858	0.05711	0.02064	0.02945	0.06582	0.08163	0.30863	0.07103	0.01306	0.02425	0.01919	0.00407	0.00126	0.00383	0.00389	0.00358	0.00583
17	0.03009	0.03833	0.16071	0.00784	0.02059	0.05385	0.00714	0.05732	0.11795	0.15073	0.24303	0.06598	0.01741	0.00602	0.00415	0.00126	0.00366	0.00503	0.00360	0.00529

[dist]
# distance from previous block
# <min> <max>
2	36

[block]
# block no. 2 follows, 67 sequences, length 22
# corresponding to MSA columns:
# 212-233
name=unknown_C
#
# <colnr> <probs for GDERKNQSTAVLIFYWHMCP>
#	G	D	E	R	K	N	Q	S	T	A	V	L	I	F	Y	W	H	M	C	P
0	0.02073	0.03421	0.09081	0.02476	0.33444	0.03636	0.05026	0.07944	0.17268	0.06559	0.03050	0.01178	0.02158	0.00438	0.00399	0.00124	0.00448	0.00388	0.00281	0.00609
1	0.02496	0.03526	0.17023	0.05715	0.29959	0.02281	0.07801	0.08909	0.05429	0.05250	0.02694	0.01094	0.02380	0.00413	0.00395	0.00121	0.00482	0.00369	0.00247	0.03416
2	0.06392	0.02086	0.06207	0.04733	0.51158	0.00893	0.01040	0.04381	0.01963	0.12185	0.02876	0.02698	0.00781	0.00415	0.00391	0.00122	0.00442	0.00375	0.00257	0.00608
3	0.00936	0.15725	0.26070	0.01037	0.01344	0.01136	0.08402	0.08680	0.00869	0.01225	0.00692	0.00900	0.00572	0.00640	0.06055	0.00167	0.24497	0.00329	0.00199	0.00524
4	0.01010	0.00945	0.01598	0.02389	0.79893	0.00946	0.01204	0.01265	0.02663	0.03071	0.00791	0.01011	0.00655	0.00364	0.00397	0.00120	0.00470	0.00360	0.00209	0.00636
5	0.00832	0.00713	0.00832	0.00594	0.00950	0.00535	0.00475	0.01010	0.00832	0.01307	0.00713	0.00832	0.00594	0.00297	0.00297	0.00059	0.00297	0.00238	0.00238	0.88357
6	0.00520	0.00398	0.00481	0.00520	0.00609	0.00360	0.00391	0.00637	0.00902	0.01158	0.14344	0.28753	0.34374	0.01076	0.00498	0.00150	0.00237	0.13863	0.00382	0.00345
7	0.00574	0.00427	0.00632	0.00632	0.00699	0.00494	0.00485	0.00708	0.00641	0.00922	0.01086	0.01640	0.01031	0.08120	0.79242	0.00629	0.01032	0.00439	0.00217	0.00351
8	0.00487	0.00355	0.00460	0.00543	0.00578	0.00327	0.00366	0.00560	0.00782	0.01030	0.02393	0.77604	0.10575	0.01233	0.00508	0.00160	0.00230	0.01111	0.00372	0.00327
9	0.01028	0.00966	0.01595	0.02243	0.70271	0.00978	0.04598	0.06991	0.04825	0.01412	0.00813	0.01018	0.00665	0.00374	0.00401	0.00121	0.00475	0.00367	0.00223	0.00635
10	0.01041	0.76294	0.11679	0.00740	0.01112	0.01510	0.00779	0.01209	0.00819	0.00982	0.00577	0.00667	0.00514	0.00348	0.00272	0.00091	0.00448	0.00224	0.00171	0.00524
11	0.00573	0.00429	0.00641	0.00639	0.00712	0.00497	0.00497	0.00718	0.00663	0.00956	0.04117	0.01628	0.01106	0.02927	0.81209	0.00625	0.01041	0.00441	0.00223	0.00359
12	0.00967	0.01048	0.01490	0.01203	0.01325	0.10954	0.20264	0.01117	0.00755	0.01044	0.00606	0.00908	0.00545	0.00581	0.01002	0.00157	0.55014	0.00369	0.00186	0.00466
13	0.00756	0.00706	0.01170	0.79513	0.02637	0.00876	0.01074	0.01045	0.03434	0.01046	0.00791	0.03813	0.00625	0.00433	0.00405	0.00135	0.00518	0.00385	0.00192	0.00448
14	0.00792	0.04356	0.09335	0.01032	0.06842	0.00706	0.11486	0.05472	0.00967	0.01289	0.01586	0.03100	0.01624	0.00815	0.00494	0.00160	0.00446	0.48735	0.00309	0.00456
15	0.01300	0.01541	0.01142	0.04026	0.01272	0.59008	0.06973	0.01470	0.04300	0.03443	0.02186	0.08221	0.00836	0.00507	0.00393	0.00116	0.00628	0.01927	0.00243	0.00468
16	0.00488	0.00362	0.00455	0.00526	0.00574	0.00330	0.00358	0.00567	0.00807	0.01050	0.04585	0.66704	0.19341	0.01196	0.00503	0.00156	0.00226	0.01069	0.00374	0.00330
17	0.00488	0.00352	0.00462	0.00551	0.00580	0.00326	0.00369	0.00559	0.00775	0.01027	0.02305	0.81470	0.06765	0.01244	0.00510	0.00161	0.00231	0.01125	0.00372	0.00326
18	0.04885	0.15049	0.05186	0.00946	0.05800	0.06846	0.00774	0.40014	0.04263	0.11038	0.00926	0.00942	0.00676	0.00442	0.00368	0.00115	0.00447	0.00329	0.00333	0.00621
19	0.69658	0.00940	0.04105	0.00745	0.04803	0.07318	0.04938	0.01223	0.00749	0.01665	0.00592	0.00704	0.00462	0.00373	0.00281	0.00123	0.00381	0.00244	0.00237	0.00458
20	0.13566	0.13405	0.12634	0.00943	0.06587	0.16531	0.00802	0.07080	0.02864	0.13773	0.00818	0.00879	0.00615	0.00416	0.00381	0.00114	0.03819	0.00294	0.00264	0.04216
21	0.02106	0.02110	0.10633	0.00943	0.08596	0.01697	0.05593	0.01280	0.09388	0.17839	0.10467	0.04499	0.01270	0.03255	0.17384	0.00238	0.00534	0.00460	0.00316	0.01392

[dist]
# distance from previous block
# <min> <max>
0	21

[block]
# block no. 3 follows, 67 sequences, length 30
# corresponding to MSA columns:
# 255-284
name=unknown_D
#
# <colnr> <probs for GDERKNQSTAVLIFYWHMCP>
#	G	D	E	R	K	N	Q	S	T	A	V	L	I	F	Y	W	H	M	C	P
0	0.01005	0.10749	0.13122	0.00838	0.01119	0.00973	0.03106	0.07609	0.38055	0.05460	0.01250	0.01388	0.00991	0.06282	0.00549	0.03767	0.00398	0.02449	0.00322	0.00566
1	0.07213	0.00773	0.13386	0.00744	0.02294	0.00582	0.06065	0.00944	0.03279	0.01424	0.34502	0.02417	0.09571	0.00714	0.00465	0.01987	0.00329	0.09262	0.00337	0.03713
2	0.00996	0.49636	0.16757	0.00967	0.09162	0.03021	0.03161	0.01207	0.00842	0.01086	0.00631	0.00748	0.00536	0.00348	0.00306	0.00096	0.00463	0.00254	0.00182	0.09600
3	0.54678	0.04480	0.12353	0.00647	0.00951	0.00879	0.00610	0.01213	0.05459	0.01615	0.02798	0.00873	0.00629	0.00398	0.00293	0.00118	0.00352	0.01659	0.00249	0.09748
4	0.00819	0.03666	0.33252	0.01369	0.24571	0.00829	0.05788	0.01102	0.00840	0.01204	0.05801	0.01350	0.00921	0.15991	0.00696	0.00172	0.00499	0.00400	0.00209	0.00523
5	0.00956	0.01034	0.06501	0.03764	0.51025	0.00944	0.22628	0.01231	0.00912	0.01295	0.00764	0.01001	0.00617	0.00351	0.00411	0.00121	0.00528	0.00378	0.00200	0.05340
6	0.01167	0.00925	0.01008	0.00792	0.01098	0.00958	0.00639	0.35230	0.23706	0.01919	0.01069	0.01069	0.00804	0.00442	0.00371	0.00106	0.00363	0.00348	0.00353	0.27632
7	0.00577	0.00414	0.00564	0.00564	0.00607	0.00457	0.00400	0.00664	0.00621	0.00871	0.01148	0.01985	0.01180	0.35365	0.52202	0.00545	0.00807	0.00490	0.00226	0.00313
8	0.01201	0.09677	0.01041	0.00736	0.00976	0.05482	0.06826	0.01403	0.03393	0.33886	0.27942	0.01794	0.02755	0.00576	0.00415	0.00121	0.00347	0.00492	0.00401	0.00537
9	0.01016	0.01070	0.18876	0.00964	0.01292	0.00825	0.14685	0.16053	0.06576	0.10715	0.12516	0.05061	0.06374	0.00561	0.00431	0.00130	0.00436	0.01534	0.00331	0.00554
10	0.00871	0.01235	0.26625	0.01241	0.03702	0.00871	0.31129	0.03312	0.06387	0.03239	0.06557	0.08490	0.01054	0.00503	0.00448	0.00135	0.01297	0.02115	0.00252	0.00538
11	0.00941	0.01139	0.07945	0.01722	0.09458	0.01003	0.69037	0.01279	0.00937	0.01286	0.00800	0.01057	0.00604	0.00343	0.00460	0.00133	0.00652	0.00450	0.00200	0.00553
12	0.01016	0.07575	0.09151	0.26257	0.25255	0.04790	0.05439	0.01261	0.00907	0.11069	0.00904	0.01085	0.02731	0.00406	0.00391	0.00123	0.00500	0.00360	0.00229	0.00551
13	0.00846	0.12172	0.60568	0.05944	0.03794	0.01006	0.04028	0.01261	0.02938	0.01227	0.00752	0.00930	0.00568	0.00393	0.00374	0.00124	0.00558	0.01765	0.00182	0.00571
14	0.03256	0.19982	0.50707	0.01117	0.01616	0.01085	0.14397	0.01255	0.00852	0.01216	0.00695	0.00836	0.00524	0.00366	0.00366	0.00119	0.00563	0.00305	0.00177	0.00563
15	0.00887	0.00842	0.01418	0.39621	0.44906	0.00926	0.01163	0.01161	0.02973	0.01191	0.00758	0.01040	0.00605	0.00382	0.00399	0.00126	0.00499	0.00359	0.00195	0.00550
16	0.01299	0.15350	0.11337	0.01117	0.11871	0.17712	0.04340	0.09104	0.04379	0.18337	0.00919	0.00962	0.00677	0.00416	0.00370	0.00114	0.00503	0.00325	0.00281	0.00586
17	0.03467	0.01361	0.22011	0.03659	0.18826	0.08841	0.31010	0.03648	0.00949	0.01302	0.00754	0.00956	0.00576	0.00366	0.00414	0.00126	0.00598	0.00372	0.00201	0.00565
18	0.00488	0.00360	0.00458	0.00532	0.00576	0.00329	0.00361	0.00567	0.00802	0.01050	0.04792	0.69817	0.15990	0.01204	0.00505	0.00157	0.00227	0.01080	0.00374	0.00329
19	0.00490	0.00363	0.00458	0.00527	0.00575	0.00331	0.00360	0.00571	0.00812	0.01062	0.06295	0.66456	0.17855	0.01191	0.00503	0.00156	0.00225	0.01066	0.00376	0.00331
20	0.02852	0.19696	0.02527	0.03313	0.05053	0.17716	0.00765	0.30542	0.02964	0.09600	0.00853	0.00893	0.00641	0.00429	0.00359	0.00111	0.00487	0.00311	0.00300	0.00587
21	0.00897	0.12914	0.64919	0.01067	0.01598	0.00994	0.03582	0.01293	0.00860	0.05964	0.00756	0.00867	0.00547	0.00419	0.01558	0.00129	0.00566	0.00299	0.00190	0.00583
22	0.00481	0.00405	0.00419	0.00427	0.00555	0.00342	0.00321	0.00584	0.00906	0.01084	0.03884	0.08589	0.75584	0.01033	0.00479	0.00139	0.00211	0.03845	0.00372	0.00339
23	0.01168	0.01335	0.02916	0.03135	0.39379	0.33033	0.03495	0.01349	0.00971	0.01148	0.00683	0.00880	0.00575	0.00409	0.00465	0.00119	0.07872	0.00321	0.00199	0.00546
24	0.09769	0.14054	0.05945	0.01034	0.09351	0.33512	0.00792	0.09065	0.01078	0.10727	0.00766	0.00834	0.00590	0.00407	0.00348	0.00110	0.00537	0.00286	0.00254	0.00539
25	0.01397	0.09071	0.14464	0.00938	0.01304	0.00805	0.14502	0.01626	0.01020	0.46647	0.01209	0.01198	0.00817	0.02627	0.00440	0.00130	0.00447	0.00385	0.00357	0.00617
26	0.00602	0.00447	0.00484	0.00489	0.00520	0.03513	0.00309	0.00648	0.00719	0.00945	0.12094	0.12148	0.05217	0.56218	0.01496	0.00302	0.00350	0.02923	0.00291	0.00286
27	0.19327	0.24355	0.06005	0.00919	0.07037	0.13518	0.01956	0.12665	0.01010	0.06287	0.00711	0.00794	0.00560	0.00402	0.00351	0.00112	0.02934	0.00276	0.00246	0.00535
28	0.13639	0.34000	0.19017	0.00903	0.03975	0.07104	0.05920	0.01263	0.03450	0.02300	0.03237	0.00873	0.00657	0.01712	0.00349	0.00114	0.00472	0.00288	0.00209	0.00519
29	0.02258	0.33718	0.20917	0.01007	0.09976	0.02312	0.01779	0.06946	0.02621	0.09479	0.03253	0.00978	0.02315	0.00411	0.00343	0.00110	0.00456	0.00314	0.00241	0.00568

[dist]
# distance from previous block
# <min> <max>
0	22

[block]
# block no. 4 follows, 67 sequences, length 12
# corresponding to MSA columns:
# 307-309,311-319
name=unknown_E
#
# <colnr> <probs for GDERKNQSTAVLIFYWHMCP>
#	G	D	E	R	K	N	Q	S	T	A	V	L	I	F	Y	W	H	M	C	P
0	0.07893	0.69086	0.09732	0.00724	0.01083	0.01461	0.00744	0.03498	0.00838	0.01086	0.00585	0.00672	0.00513	0.00353	0.00272	0.00094	0.00436	0.00227	0.00184	0.00521
1	0.22008	0.50038	0.06239	0.00706	0.01027	0.08567	0.00675	0.01267	0.00827	0.04704	0.00616	0.00695	0.00516	0.00365	0.00278	0.00100	0.00432	0.00232	0.00207	0.00503
2	0.00581	0.00390	0.00447	0.00455	0.00459	0.00389	0.00265	0.00592	0.00605	0.00805	0.01340	0.06484	0.01546	0.78740	0.01914	0.00371	0.00381	0.03732	0.00254	0.00252
3	0.00506	0.00361	0.00473	0.00555	0.00584	0.00340	0.00376	0.00578	0.00766	0.01015	0.02174	0.71440	0.04681	0.08415	0.00643	0.00183	0.00254	0.05974	0.00361	0.00322
4	0.00855	0.00789	0.01267	0.05193	0.35118	0.00801	0.09617	0.01226	0.13527	0.01417	0.21328	0.01677	0.04381	0.00523	0.00429	0.00126	0.00396	0.00492	0.00296	0.00543
5	0.00977	0.00946	0.01642	0.07106	0.74651	0.00953	0.05367	0.01222	0.00909	0.01293	0.00755	0.01002	0.00628	0.00359	0.00401	0.00121	0.00490	0.00363	0.00198	0.00620
6	0.00967	0.00923	0.01571	0.06570	0.76645	0.00931	0.01197	0.01205	0.00915	0.01305	0.03420	0.01061	0.00732	0.00375	0.00400	0.00120	0.00470	0.00369	0.00205	0.00617
7	0.02371	0.08550	0.50066	0.01120	0.06905	0.00971	0.03889	0.05483	0.06928	0.05272	0.04117	0.01008	0.00734	0.00415	0.00381	0.00123	0.00514	0.00335	0.00230	0.00588
8	0.02783	0.01007	0.08970	0.05979	0.25668	0.05860	0.02192	0.05263	0.02064	0.02739	0.02064	0.03785	0.00721	0.00417	0.00422	0.00109	0.05199	0.00346	0.00233	0.24178
9	0.02202	0.00983	0.04693	0.01383	0.23647	0.03837	0.13616	0.12368	0.10102	0.06381	0.05269	0.02649	0.00908	0.00437	0.00403	0.00119	0.00450	0.00402	0.00287	0.09865
10	0.05025	0.01037	0.11138	0.14524	0.09121	0.07053	0.09406	0.04062	0.13306	0.09605	0.07081	0.01259	0.00961	0.00457	0.00401	0.00126	0.00465	0.01344	0.00284	0.03346
11	0.03707	0.07430	0.13860	0.05806	0.11881	0.03588	0.00865	0.17873	0.08446	0.08590	0.02737	0.01124	0.00795	0.02413	0.00415	0.00123	0.00439	0.01605	0.00291	0.08012

[dist]
# distance from previous block
# <min> <max>
1	16

[block]
# block no. 5 follows, 67 sequences, length 10
# corresponding to MSA columns:
# 336-345
name=unknown_F
#
# <colnr> <probs for GDERKNQSTAVLIFYWHMCP>
#	G	D	E	R	K	N	Q	S	T	A	V	L	I	F	Y	W	H	M	C	P
0	0.03087	0.11862	0.10456	0.06766	0.05842	0.04828	0.03196	0.08328	0.02927	0.06873	0.05712	0.01428	0.12026	0.00511	0.00419	0.00116	0.04138	0.00405	0.00276	0.10804
1	0.06301	0.04482	0.11134	0.03292	0.16078	0.03489	0.02760	0.04357	0.12229	0.07123	0.07251	0.03443	0.03089	0.00481	0.00383	0.00117	0.00401	0.01560	0.00288	0.11742
2	0.00841	0.13739	0.01006	0.08627	0.03118	0.02749	0.02548	0.07430	0.11126	0.03358	0.07906	0.19141	0.12163	0.02070	0.00443	0.00133	0.00346	0.00605	0.00321	0.02330
3	0.01057	0.02901	0.04322	0.13533	0.18005	0.06963	0.05182	0.08533	0.01024	0.11880	0.06701	0.01335	0.06137	0.00518	0.01675	0.00129	0.03492	0.00407	0.00281	0.05927
4	0.00518	0.00510	0.08236	0.00613	0.00689	0.00382	0.00476	0.00625	0.00775	0.01047	0.02071	0.77739	0.02453	0.01175	0.00500	0.00160	0.00266	0.01061	0.00353	0.00351
5	0.00840	0.00683	0.00796	0.00582	0.00915	0.00519	0.00464	0.01010	0.00853	0.04801	0.01062	0.01137	0.08315	0.00373	0.00318	0.00069	0.00290	0.00301	0.00261	0.76411
6	0.01141	0.59481	0.06985	0.00793	0.01118	0.18782	0.00752	0.01330	0.04530	0.01005	0.00629	0.00711	0.00546	0.00369	0.00294	0.00094	0.00496	0.00239	0.00189	0.00515
7	0.00836	0.00671	0.00795	0.00593	0.00911	0.00514	0.00468	0.01005	0.00850	0.04917	0.03515	0.08166	0.00889	0.00404	0.00326	0.00073	0.00290	0.00338	0.00267	0.74170
8	0.01102	0.06512	0.29154	0.01287	0.15039	0.13650	0.05960	0.11801	0.06477	0.04033	0.00826	0.00929	0.00622	0.00405	0.00384	0.00120	0.00543	0.00329	0.00238	0.00590
9	0.04853	0.04270	0.23860	0.03217	0.22326	0.07189	0.08102	0.01226	0.00945	0.05278	0.13763	0.01248	0.01087	0.00447	0.00397	0.00122	0.00485	0.00392	0.00245	0.00547

[dist]
# distance from previous block
# <min> <max>
0	7

[block]
# block no. 6 follows, 67 sequences, length 17
# corresponding to MSA columns:
# 353-363,365-370
name=unknown_G
#
# <colnr> <probs for GDERKNQSTAVLIFYWHMCP>
#	G	D	E	R	K	N	Q	S	T	A	V	L	I	F	Y	W	H	M	C	P
0	0.21972	0.11400	0.22547	0.01068	0.06381	0.01006	0.15654	0.05945	0.00898	0.04925	0.00731	0.00856	0.00551	0.00372	0.00351	0.00119	0.00482	0.00309	0.00226	0.04207
1	0.00970	0.19660	0.49807	0.01063	0.01549	0.05048	0.08197	0.02974	0.00899	0.05224	0.00736	0.00846	0.00546	0.00379	0.00363	0.00118	0.00556	0.00299	0.00195	0.00572
2	0.23912	0.04760	0.23390	0.01287	0.22349	0.02831	0.05257	0.01308	0.00861	0.09399	0.00766	0.00885	0.00574	0.00381	0.00352	0.00122	0.00465	0.00307	0.00232	0.00562
3	0.00583	0.00389	0.00437	0.00437	0.00437	0.00389	0.00243	0.00583	0.00583	0.00778	0.01264	0.02624	0.01458	0.85906	0.02041	0.00389	0.00389	0.00583	0.00243	0.00243
4	0.00489	0.00349	0.00465	0.00558	0.00582	0.00326	0.00372	0.00558	0.00768	0.01024	0.02210	0.85644	0.02653	0.01256	0.00512	0.00163	0.00233	0.01140	0.00372	0.00326
5	0.01029	0.15154	0.24420	0.01262	0.11732	0.05408	0.15729	0.11516	0.02362	0.02588	0.00834	0.04656	0.00680	0.00422	0.00388	0.00120	0.00530	0.00371	0.00229	0.00571
6	0.05662	0.01149	0.24714	0.01022	0.07187	0.00785	0.05930	0.05342	0.01044	0.41388	0.01150	0.01119	0.00763	0.00437	0.00393	0.00125	0.00447	0.00363	0.00347	0.00633
7	0.00582	0.00393	0.00459	0.00459	0.00467	0.00401	0.00270	0.00597	0.00590	0.00794	0.01244	0.02513	0.01410	0.77123	0.10757	0.00416	0.00461	0.00567	0.00240	0.00255
8	0.00596	0.02962	0.00566	0.00546	0.00629	0.00406	0.00404	0.00724	0.00935	0.04120	0.32061	0.33714	0.09151	0.04071	0.00542	0.00154	0.00241	0.07423	0.00391	0.00365
9	0.07636	0.24240	0.10064	0.00932	0.03447	0.21342	0.02286	0.21294	0.01162	0.03064	0.00720	0.00795	0.00564	0.00404	0.00341	0.00108	0.00516	0.00282	0.00250	0.00553
10	0.02538	0.03459	0.01578	0.07403	0.21262	0.16931	0.19820	0.19367	0.01167	0.01491	0.00777	0.00946	0.00603	0.00394	0.00403	0.00120	0.00562	0.00360	0.00245	0.00572
11	0.00930	0.01031	0.05547	0.03890	0.20859	0.01045	0.35270	0.01207	0.02890	0.01214	0.00742	0.01010	0.00603	0.00441	0.00655	0.00141	0.21382	0.00404	0.00198	0.00540
12	0.06069	0.00687	0.00914	0.00704	0.01012	0.00605	0.00582	0.01916	0.01125	0.79660	0.01532	0.01330	0.00965	0.00490	0.00396	0.00124	0.00340	0.00394	0.00484	0.00670
13	0.00697	0.00348	0.00522	0.00522	0.00522	0.00348	0.00348	0.00522	0.00522	0.00697	0.00697	0.01219	0.00697	0.01393	0.01567	0.88332	0.00348	0.00348	0.00174	0.00174
14	0.00491	0.00406	0.00432	0.00439	0.00563	0.00347	0.00331	0.00602	0.00925	0.01131	0.10658	0.08414	0.68074	0.01017	0.00480	0.00138	0.00211	0.04620	0.00378	0.00343
15	0.00873	0.00740	0.00853	0.00620	0.00969	0.00591	0.00497	0.05006	0.04744	0.01384	0.00768	0.00869	0.00628	0.00318	0.00307	0.00066	0.00305	0.00254	0.00254	0.79953
16	0.00974	0.01052	0.06980	0.11221	0.49799	0.04093	0.11772	0.02769	0.02347	0.01279	0.00762	0.00998	0.00616	0.00380	0.00435	0.00125	0.03243	0.00366	0.00202	0.00587

[dist]
# distance from previous block
# <min> <max>
9	25

[block]
# block no. 7 follows, 67 sequences, length 25
# corresponding to MSA columns:
# 397-421
name=unknown_H
#
# <colnr> <probs for GDERKNQSTAVLIFYWHMCP>
#	G	D	E	R	K	N	Q	S	T	A	V	L	I	F	Y	W	H	M	C	P
0	0.01031	0.74912	0.10973	0.00735	0.01099	0.01489	0.00768	0.01197	0.00814	0.00979	0.00588	0.00688	0.00526	0.00412	0.02304	0.00104	0.00462	0.00229	0.00172	0.00519
1	0.01005	0.50229	0.31511	0.00869	0.01298	0.03351	0.00978	0.04611	0.00879	0.01128	0.00634	0.00732	0.00519	0.00364	0.00310	0.00103	0.00496	0.00251	0.00181	0.00549
2	0.00908	0.26816	0.45957	0.02802	0.03520	0.01127	0.07355	0.03121	0.00871	0.01196	0.00755	0.00879	0.02261	0.00382	0.00355	0.00115	0.00535	0.00301	0.00183	0.00560
3	0.00916	0.17067	0.59417	0.01085	0.02880	0.02772	0.04612	0.01292	0.00864	0.04519	0.00727	0.00840	0.00535	0.00377	0.00363	0.00119	0.00557	0.00293	0.00186	0.00578
4	0.00583	0.00389	0.00437	0.00437	0.00437	0.00389	0.00243	0.00583	0.00583	0.00778	0.01264	0.02624	0.01458	0.85906	0.02041	0.00389	0.00389	0.00583	0.00243	0.00243
5	0.01021	0.68715	0.16852	0.00795	0.01185	0.01453	0.02993	0.01216	0.00824	0.01012	0.00594	0.00692	0.00516	0.00350	0.00285	0.00095	0.00465	0.00236	0.00172	0.00529
6	0.01012	0.43555	0.30305	0.00971	0.04341	0.09014	0.03400	0.01266	0.00863	0.01084	0.00634	0.00747	0.00520	0.00363	0.00321	0.00104	0.00522	0.00260	0.00176	0.00542
7	0.01677	0.00691	0.00970	0.00855	0.07957	0.00609	0.00635	0.01835	0.01112	0.73280	0.01539	0.04852	0.01032	0.00516	0.00407	0.00125	0.00348	0.00430	0.00466	0.00664
8	0.01073	0.00522	0.00698	0.00590	0.00773	0.00465	0.00465	0.01248	0.01140	0.35256	0.49734	0.02327	0.02640	0.00687	0.00444	0.00125	0.00252	0.00593	0.00464	0.00503
9	0.00852	0.17126	0.69197	0.01061	0.01609	0.01049	0.01339	0.01258	0.00841	0.01212	0.00691	0.00810	0.00509	0.00374	0.00359	0.00120	0.00563	0.00282	0.00170	0.00579
10	0.01006	0.19872	0.12943	0.04788	0.26348	0.06696	0.13830	0.02980	0.04360	0.01225	0.00790	0.00954	0.01706	0.00379	0.00376	0.00116	0.00521	0.00340	0.00204	0.00566
11	0.00580	0.00389	0.00445	0.00447	0.00451	0.00389	0.00255	0.00590	0.00606	0.00812	0.03718	0.04730	0.01549	0.79608	0.03556	0.00380	0.00392	0.00599	0.00252	0.00251
12	0.00804	0.02074	0.83828	0.01143	0.01736	0.00931	0.01482	0.01270	0.00847	0.01270	0.00720	0.00847	0.00508	0.00381	0.00381	0.00127	0.00593	0.00296	0.00169	0.00593
13	0.01166	0.01344	0.01352	0.10167	0.10687	0.37299	0.11266	0.01408	0.07159	0.01112	0.00733	0.00917	0.00599	0.00447	0.00523	0.00125	0.12647	0.00335	0.00213	0.00501
14	0.01666	0.00789	0.07910	0.00741	0.01067	0.00610	0.00656	0.01848	0.01122	0.73411	0.04807	0.01387	0.01065	0.00500	0.00404	0.00124	0.00356	0.00407	0.00467	0.00663
15	0.00573	0.00428	0.00638	0.00638	0.00708	0.00498	0.00494	0.00712	0.00643	0.00926	0.01080	0.01607	0.01016	0.05506	0.81837	0.00637	0.01054	0.00434	0.00216	0.00355
16	0.01498	0.01911	0.01137	0.01033	0.01240	0.84295	0.00775	0.01601	0.01137	0.00982	0.00620	0.00723	0.00517	0.00413	0.00362	0.00103	0.00723	0.00258	0.00207	0.00465
17	0.00595	0.00408	0.00469	0.00462	0.00462	0.00422	0.00268	0.00598	0.00584	0.00785	0.01234	0.02555	0.01421	0.82502	0.02012	0.00380	0.03775	0.00574	0.00240	0.00251
18	0.00757	0.00713	0.01203	0.84942	0.02762	0.00891	0.01114	0.01025	0.00802	0.01025	0.00713	0.01069	0.00535	0.00401	0.00401	0.00134	0.00535	0.00356	0.00178	0.00446
19	0.00575	0.00420	0.00596	0.00596	0.00650	0.00475	0.00440	0.00685	0.00630	0.00895	0.01119	0.01823	0.01110	0.22553	0.64918	0.00584	0.00913	0.00466	0.00221	0.00331
20	0.00816	0.01991	0.76954	0.01189	0.01766	0.00938	0.08272	0.01271	0.00855	0.01271	0.00727	0.00867	0.00517	0.00377	0.00389	0.00128	0.00600	0.00311	0.00172	0.00588
21	0.01037	0.75149	0.12792	0.00746	0.01122	0.01501	0.00790	0.01210	0.00819	0.00986	0.00579	0.00670	0.00514	0.00348	0.00274	0.00091	0.00450	0.00225	0.00171	0.00525
22	0.00936	0.00882	0.10324	0.00680	0.01058	0.00613	0.00611	0.04392	0.00902	0.08106	0.00795	0.00882	0.00620	0.00330	0.00320	0.00075	0.00340	0.00263	0.00258	0.67614
23	0.01387	0.12383	0.01272	0.03245	0.03168	0.60571	0.00782	0.06441	0.03101	0.01097	0.00661	0.00766	0.00547	0.00417	0.00377	0.00106	0.02699	0.00271	0.00217	0.00491
24	0.13317	0.00877	0.00997	0.00775	0.01081	0.00900	0.00640	0.34843	0.01389	0.39306	0.01190	0.01104	0.00790	0.00474	0.00382	0.00123	0.00378	0.00361	0.00424	0.00649

[dist]
# distance from previous block
# <min> <max>
0	1

[block]
# block no. 8 follows, 67 sequences, length 16
# corresponding to MSA columns:
# 423-432,436-441
name=unknown_I
#
# <colnr> <probs for GDERKNQSTAVLIFYWHMCP>
#	G	D	E	R	K	N	Q	S	T	A	V	L	I	F	Y	W	H	M	C	P
0	0.01584	0.00720	0.00946	0.00817	0.05925	0.02486	0.00619	0.03309	0.05807	0.63440	0.08731	0.01473	0.01215	0.00517	0.00408	0.00124	0.00345	0.00428	0.00460	0.00645
1	0.00867	0.08808	0.71223	0.01090	0.01639	0.02750	0.01363	0.03797	0.02557	0.01285	0.00731	0.00845	0.00529	0.00385	0.00372	0.00123	0.00572	0.00294	0.00182	0.00587
2	0.00486	0.00407	0.00423	0.00419	0.00549	0.00344	0.00314	0.00599	0.00943	0.01152	0.14356	0.03747	0.72906	0.00990	0.00474	0.00134	0.00201	0.00831	0.00381	0.00344
3	0.00530	0.00407	0.00486	0.00470	0.00577	0.00362	0.00351	0.00683	0.01042	0.01396	0.51332	0.05739	0.33360	0.00906	0.00475	0.00131	0.00196	0.00783	0.00414	0.00362
4	0.01496	0.01109	0.01188	0.00917	0.01233	0.01230	0.00755	0.77768	0.06231	0.02482	0.00999	0.00992	0.00711	0.00485	0.00402	0.00121	0.00435	0.00366	0.00402	0.00679
5	0.00573	0.00430	0.00645	0.00645	0.00716	0.00501	0.00501	0.00716	0.00645	0.00931	0.01074	0.01576	0.01003	0.03008	0.84316	0.00645	0.01074	0.00430	0.00215	0.00358
6	0.06987	0.00711	0.00925	0.00713	0.01021	0.00643	0.00589	0.06152	0.01159	0.74483	0.01488	0.01301	0.00943	0.00488	0.00394	0.00124	0.00345	0.00390	0.00476	0.00668
7	0.00757	0.00713	0.01203	0.84942	0.02762	0.00891	0.01114	0.01025	0.00802	0.01025	0.00713	0.01069	0.00535	0.00401	0.00401	0.00134	0.00535	0.00356	0.00178	0.00446
8	0.01305	0.09531	0.01250	0.01004	0.03475	0.40662	0.04299	0.11569	0.20357	0.01354	0.00906	0.00950	0.00710	0.00441	0.00373	0.00113	0.00556	0.00325	0.00274	0.00544
9	0.00983	0.01065	0.02305	0.01648	0.02050	0.00996	0.78449	0.01313	0.00955	0.04828	0.00845	0.01094	0.00625	0.00345	0.00470	0.00135	0.00662	0.00470	0.00215	0.00547
10	0.01675	0.05797	0.00987	0.00712	0.01010	0.00662	0.00591	0.05161	0.01138	0.70983	0.01528	0.05770	0.01039	0.00527	0.00400	0.00124	0.00345	0.00429	0.00466	0.00654
11	0.01035	0.00880	0.00928	0.00824	0.01057	0.01015	0.00644	0.07779	0.76971	0.01738	0.01585	0.01459	0.01186	0.00540	0.00408	0.00135	0.00326	0.00447	0.00408	0.00638
12	0.00529	0.00381	0.00507	0.00574	0.00626	0.00359	0.00418	0.00641	0.00866	0.01163	0.17150	0.54206	0.05307	0.01144	0.00511	0.00159	0.00247	0.14486	0.00385	0.00343
13	0.00757	0.00713	0.01203	0.84942	0.02762	0.00891	0.01114	0.01025	0.00802	0.01025	0.00713	0.01069	0.00535	0.00401	0.00401	0.00134	0.00535	0.00356	0.00178	0.00446
14	0.00757	0.00713	0.01203	0.84942	0.02762	0.00891	0.01114	0.01025	0.00802	0.01025	0.00713	0.01069	0.00535	0.00401	0.00401	0.00134	0.00535	0.00356	0.00178	0.00446
15	0.14426	0.12792	0.08768	0.00910	0.04577	0.07697	0.00774	0.33273	0.07846	0.03979	0.00859	0.00898	0.00643	0.00432	0.00354	0.00117	0.00445	0.00314	0.00305	0.00591

[dist]
# distance from previous block
# <min> <max>
0	1

[block]
# block no. 9 follows, 67 sequences, length 35
# corresponding to MSA columns:
# 443-477
name=unknown_J
#
# <colnr> <probs for GDERKNQSTAVLIFYWHMCP>
#	G	D	E	R	K	N	Q	S	T	A	V	L	I	F	Y	W	H	M	C	P
0	0.01036	0.08240	0.06017	0.00810	0.01050	0.06595	0.00679	0.06465	0.42543	0.06557	0.01459	0.09822	0.01229	0.00604	0.00408	0.00133	0.00375	0.05049	0.00359	0.00570
1	0.05846	0.01548	0.01110	0.00959	0.01202	0.50005	0.00743	0.24410	0.07770	0.01515	0.00794	0.00849	0.00615	0.00441	0.00371	0.00112	0.00591	0.00301	0.00280	0.00538
2	0.03514	0.01042	0.01132	0.00875	0.01185	0.01134	0.00720	0.67124	0.04084	0.09730	0.03242	0.01060	0.00802	0.00488	0.00398	0.00120	0.00416	0.00372	0.00405	0.02157
3	0.00757	0.00713	0.01203	0.84942	0.02762	0.00891	0.01114	0.01025	0.00802	0.01025	0.00713	0.01069	0.00535	0.00401	0.00401	0.00134	0.00535	0.00356	0.00178	0.00446
4	0.00898	0.00874	0.01541	0.33829	0.44390	0.00936	0.09395	0.01158	0.00874	0.01199	0.00744	0.01031	0.00594	0.00372	0.00406	0.00126	0.00519	0.00369	0.00191	0.00553
5	0.00811	0.00761	0.01268	0.56566	0.23822	0.00880	0.01093	0.01083	0.02961	0.01117	0.00827	0.05552	0.00692	0.00439	0.00406	0.00131	0.00498	0.00401	0.00200	0.00494
6	0.01068	0.01013	0.05757	0.01953	0.44929	0.00926	0.25467	0.01337	0.00949	0.11328	0.00871	0.01058	0.00665	0.00370	0.00420	0.00125	0.00526	0.00395	0.00235	0.00611
7	0.00757	0.00713	0.01203	0.84942	0.02762	0.00891	0.01114	0.01025	0.00802	0.01025	0.00713	0.01069	0.00535	0.00401	0.00401	0.00134	0.00535	0.00356	0.00178	0.00446
8	0.00900	0.31577	0.36652	0.00911	0.01314	0.03867	0.03424	0.02939	0.00860	0.01140	0.00867	0.12175	0.00806	0.00487	0.00357	0.00117	0.00490	0.00386	0.00205	0.00525
9	0.00935	0.06037	0.25216	0.08588	0.32558	0.00940	0.05498	0.04593	0.00924	0.03917	0.00920	0.04078	0.03169	0.00428	0.00396	0.00124	0.00500	0.00382	0.00217	0.00579
10	0.00902	0.01410	0.36800	0.04483	0.29306	0.00918	0.11040	0.01260	0.02236	0.03429	0.02485	0.02411	0.00691	0.00398	0.00403	0.00126	0.00536	0.00369	0.00205	0.00590
11	0.01034	0.00999	0.01530	0.11078	0.44465	0.07992	0.10661	0.03667	0.00942	0.04708	0.00846	0.01061	0.02508	0.00413	0.00469	0.00126	0.06336	0.00375	0.00218	0.00572
12	0.00942	0.04446	0.40025	0.04233	0.07858	0.02477	0.18533	0.02300	0.00909	0.08028	0.00896	0.05936	0.00709	0.00432	0.00408	0.00128	0.00553	0.00397	0.00222	0.00567
13	0.02036	0.05260	0.37311	0.07724	0.01520	0.00836	0.12425	0.01125	0.03142	0.02328	0.04922	0.11252	0.06222	0.00549	0.00426	0.00132	0.01560	0.00482	0.00237	0.00511
14	0.01023	0.00872	0.01465	0.07754	0.62312	0.00872	0.02607	0.01250	0.00932	0.09360	0.03354	0.03392	0.00838	0.00423	0.00407	0.00123	0.00454	0.01714	0.00241	0.00605
15	0.00891	0.03274	0.28877	0.11593	0.07931	0.02130	0.08581	0.01220	0.04513	0.09049	0.05233	0.10034	0.03862	0.00531	0.00415	0.00131	0.00475	0.00468	0.00260	0.00532
16	0.01034	0.01017	0.10375	0.05033	0.35597	0.02849	0.11087	0.02713	0.04278	0.11475	0.05310	0.02933	0.02436	0.00447	0.00425	0.00126	0.01598	0.00417	0.00263	0.00586
17	0.00821	0.04486	0.66648	0.01060	0.01570	0.02000	0.03395	0.01221	0.00868	0.03483	0.03898	0.05242	0.02649	0.00457	0.00392	0.00127	0.00543	0.00371	0.00204	0.00563
18	0.00989	0.04120	0.19835	0.05334	0.39740	0.06635	0.05833	0.05459	0.02488	0.01313	0.00835	0.01013	0.02574	0.00397	0.00407	0.00122	0.01755	0.00353	0.00209	0.00589
19	0.01014	0.03652	0.26677	0.04842	0.13732	0.08509	0.14296	0.05882	0.03041	0.05956	0.01671	0.03559	0.00719	0.00439	0.00435	0.00127	0.03341	0.01312	0.00232	0.00564
20	0.00944	0.05729	0.44473	0.02658	0.13171	0.08262	0.06859	0.01278	0.00896	0.04750	0.00895	0.01024	0.04242	0.00418	0.00412	0.00124	0.02755	0.00342	0.00203	0.00566
21	0.00848	0.00827	0.03768	0.14584	0.45907	0.00812	0.02874	0.02033	0.01899	0.01279	0.08896	0.04699	0.08838	0.00508	0.00418	0.00126	0.00429	0.00470	0.00246	0.00539
22	0.00964	0.10136	0.45250	0.01241	0.07850	0.10343	0.12479	0.01305	0.00902	0.03349	0.00755	0.02282	0.00582	0.00391	0.00383	0.00121	0.00581	0.00330	0.00193	0.00565
23	0.02251	0.04068	0.22831	0.02542	0.22512	0.02982	0.13102	0.01333	0.07978	0.07429	0.01743	0.01220	0.03104	0.03670	0.00465	0.00136	0.00500	0.01322	0.00242	0.00571
24	0.04531	0.04430	0.09489	0.01014	0.07974	0.00736	0.12399	0.02323	0.00961	0.30505	0.01337	0.16867	0.01144	0.00598	0.00438	0.00133	0.01852	0.02373	0.00341	0.00555
25	0.00528	0.00403	0.00518	0.00588	0.04046	0.00369	0.00392	0.00640	0.00896	0.01191	0.22749	0.41219	0.21381	0.02527	0.00515	0.00149	0.00228	0.00927	0.00380	0.00353
26	0.01055	0.01070	0.04217	0.06563	0.19206	0.07719	0.34992	0.02770	0.02347	0.07833	0.00842	0.01065	0.00650	0.01750	0.00513	0.00134	0.06086	0.00405	0.00229	0.00555
27	0.01085	0.01014	0.01678	0.10559	0.71637	0.01013	0.03703	0.01294	0.00979	0.01393	0.00871	0.01165	0.00737	0.00441	0.00451	0.00143	0.00527	0.00400	0.00238	0.00673
28	0.00945	0.00886	0.01449	0.06246	0.65487	0.00906	0.01098	0.01248	0.08133	0.01295	0.00907	0.04325	0.00794	0.03996	0.00471	0.00134	0.00452	0.00405	0.00225	0.00598
29	0.00970	0.00926	0.01577	0.05532	0.77696	0.00932	0.01199	0.01208	0.00916	0.01309	0.03385	0.01059	0.00732	0.00374	0.00400	0.00120	0.00469	0.00369	0.00206	0.00620
30	0.00937	0.00881	0.02546	0.03364	0.17635	0.04128	0.06659	0.04265	0.36884	0.01477	0.06059	0.07394	0.04866	0.00564	0.00422	0.00132	0.00388	0.00501	0.00331	0.00568
31	0.00994	0.01300	0.30519	0.01554	0.32166	0.01866	0.03014	0.03139	0.01824	0.10028	0.00953	0.04577	0.02127	0.00448	0.00435	0.00127	0.03711	0.00384	0.00236	0.00597
32	0.00939	0.00899	0.02884	0.02118	0.66749	0.00886	0.01117	0.01218	0.05323	0.01309	0.00983	0.04447	0.00896	0.00471	0.00416	0.00128	0.00451	0.07936	0.00232	0.00598
33	0.00715	0.00486	0.00594	0.00553	0.00681	0.00459	0.00422	0.07989	0.01106	0.07378	0.42046	0.13892	0.17739	0.00870	0.00470	0.00134	0.00237	0.03397	0.00418	0.00412
34	0.01353	0.01659	0.01211	0.02890	0.09372	0.64252	0.03558	0.01500	0.02586	0.01036	0.00671	0.00816	0.00561	0.00500	0.03065	0.00127	0.03860	0.00290	0.00208	0.00483

[dist]
# distance from previous block
# <min> <max>
0	1

[block]
# block no. 10 follows, 67 sequences, length 15
# corresponding to MSA columns:
# 479-493
name=unknown_K
#
# <colnr> <probs for GDERKNQSTAVLIFYWHMCP>
#	G	D	E	R	K	N	Q	S	T	A	V	L	I	F	Y	W	H	M	C	P
0	0.00895	0.06722	0.08610	0.01737	0.39938	0.00909	0.16639	0.01164	0.03233	0.01243	0.01001	0.14166	0.00942	0.00500	0.00419	0.00128	0.00479	0.00489	0.00228	0.00557
1	0.00545	0.00396	0.00518	0.00541	0.00614	0.00370	0.00400	0.00689	0.00976	0.01340	0.43484	0.29474	0.07909	0.01039	0.02090	0.00154	0.00238	0.08462	0.00404	0.00358
2	0.00956	0.00718	0.00924	0.00919	0.08791	0.00755	0.03737	0.03658	0.33451	0.10478	0.14259	0.05469	0.03877	0.00659	0.00441	0.00138	0.00332	0.09500	0.00388	0.00548
3	0.01083	0.72992	0.04569	0.00837	0.06618	0.03871	0.00752	0.03485	0.00862	0.01024	0.00589	0.00684	0.00527	0.00351	0.00278	0.00091	0.00446	0.00232	0.00181	0.00529
4	0.00672	0.00593	0.00897	0.33410	0.11741	0.00639	0.00748	0.00872	0.00911	0.01199	0.20129	0.02193	0.20742	0.02996	0.00479	0.00138	0.00368	0.00561	0.00288	0.00423
