[name]
unknown

[dist]
# distance from previous block
# <min> <max>
11	336

[block]
# block no. 0 follows, 72 sequences, length 13
# corresponding to MSA columns:
# 477-489
name=unknown_A
#
# <colnr> <probs for GDERKNQSTAVLIFYWHMCP>
#	G	D	E	R	K	N	Q	S	T	A	V	L	I	F	Y	W	H	M	C	P
0	0.03711	0.10941	0.02261	0.17860	0.06091	0.07901	0.03485	0.08632	0.04639	0.07223	0.04127	0.02895	0.04075	0.01370	0.00453	0.00118	0.07997	0.00363	0.00249	0.05607
1	0.04665	0.11508	0.09732	0.04746	0.10483	0.03696	0.06830	0.10658	0.00947	0.02597	0.05354	0.04285	0.14703	0.00586	0.03017	0.00128	0.00413	0.00431	0.00257	0.04963
2	0.05720	0.19598	0.19237	0.02019	0.03908	0.13703	0.02983	0.03271	0.01839	0.05811	0.05873	0.05116	0.00845	0.00595	0.05992	0.00141	0.00494	0.00341	0.00227	0.02287
3	0.01082	0.29812	0.18081	0.00824	0.01163	0.06286	0.00810	0.18628	0.11588	0.03822	0.00803	0.00846	0.00620	0.00397	0.00343	0.00105	0.02041	0.00287	0.00249	0.02214
4	0.05038	0.37882	0.28110	0.05366	0.01320	0.01180	0.03624	0.11251	0.00903	0.01227	0.00639	0.00742	0.00505	0.00356	0.00311	0.00103	0.00464	0.00260	0.00193	0.00524
5	0.00996	0.62838	0.10653	0.00889	0.08280	0.01345	0.04183	0.05083	0.00836	0.01040	0.00588	0.00689	0.00507	0.00335	0.00282	0.00091	0.00436	0.00239	0.00176	0.00513
6	0.00950	0.22264	0.37461	0.00866	0.01264	0.01029	0.00957	0.12114	0.08093	0.04525	0.06309	0.00975	0.00785	0.00409	0.00343	0.00110	0.00447	0.00313	0.00238	0.00547
7	0.03778	0.22752	0.22955	0.00819	0.01142	0.01061	0.00831	0.22771	0.01009	0.01390	0.00746	0.00907	0.00606	0.02964	0.10982	0.00178	0.04063	0.00300	0.00229	0.00517
8	0.00549	0.00377	0.00463	0.00462	0.00481	0.00392	0.00292	0.00587	0.00585	0.00799	0.04341	0.02264	0.01363	0.63790	0.21314	0.00415	0.00512	0.00523	0.00231	0.00260
9	0.00933	0.08743	0.17591	0.04717	0.06915	0.08928	0.05792	0.06086	0.02748	0.01116	0.00632	0.00836	0.00529	0.00479	0.00684	0.00132	0.32148	0.00313	0.00188	0.00489
10	0.07147	0.15543	0.44525	0.00862	0.01273	0.00925	0.00990	0.07190	0.00883	0.06395	0.04336	0.02577	0.03421	0.00463	0.01813	0.00122	0.00465	0.00324	0.00222	0.00524
11	0.05659	0.29993	0.20669	0.00804	0.01157	0.01088	0.03397	0.17553	0.01001	0.08998	0.00840	0.00927	0.02640	0.03275	0.00378	0.00114	0.00431	0.00299	0.00245	0.00534
12	0.09263	0.38803	0.15207	0.00758	0.01100	0.04207	0.02578	0.10584	0.00922	0.06171	0.02969	0.00797	0.00614	0.00369	0.00301	0.00098	0.00421	0.00263	0.00223	0.04350

[dist]
# distance from previous block
# <min> <max>
7	54

[block]
# block no. 1 follows, 72 sequences, length 16
# corresponding to MSA columns:
# 547-562
name=unknown_B
#
# <colnr> <probs for GDERKNQSTAVLIFYWHMCP>
#	G	D	E	R	K	N	Q	S	T	A	V	L	I	F	Y	W	H	M	C	P
0	0.06886	0.00867	0.11914	0.16652	0.04137	0.01350	0.09282	0.07152	0.05663	0.07591	0.04320	0.06452	0.03652	0.01723	0.02042	0.02965	0.02547	0.02904	0.00261	0.01643
1	0.03855	0.02432	0.15351	0.30306	0.18245	0.02440	0.06952	0.03660	0.00834	0.03374	0.00728	0.00978	0.00570	0.03303	0.00420	0.00125	0.00483	0.00330	0.00195	0.05421
2	0.04302	0.08640	0.02556	0.38501	0.14369	0.04472	0.05887	0.01086	0.04568	0.01131	0.07955	0.01102	0.00816	0.00402	0.00367	0.00116	0.00453	0.00353	0.00209	0.02715
3	0.00910	0.08683	0.02503	0.24114	0.14187	0.08556	0.04256	0.05956	0.00879	0.05010	0.00923	0.12661	0.00850	0.00504	0.00413	0.00120	0.03810	0.01713	0.00231	0.03722
4	0.00973	0.00812	0.07282	0.22346	0.07245	0.01699	0.11145	0.06080	0.02384	0.17078	0.03055	0.01217	0.00794	0.06119	0.07508	0.00176	0.00500	0.00381	0.00261	0.02945
5	0.00897	0.34001	0.18778	0.06354	0.05838	0.07001	0.02683	0.03374	0.02320	0.01083	0.03765	0.03989	0.05109	0.00448	0.00336	0.00107	0.00443	0.02783	0.00207	0.00484
6	0.01035	0.13783	0.07406	0.18993	0.16841	0.12596	0.04375	0.10728	0.01832	0.04276	0.00716	0.00873	0.00559	0.00377	0.00368	0.00110	0.01997	0.00305	0.00214	0.02614
7	0.10494	0.06924	0.10213	0.05598	0.03860	0.22975	0.10049	0.05327	0.06298	0.07888	0.00892	0.00976	0.03872	0.00415	0.00376	0.00114	0.02669	0.00324	0.00240	0.00496
8	0.00620	0.00444	0.00538	0.00569	0.05155	0.00459	0.00337	0.03684	0.03888	0.00871	0.01155	0.02206	0.01261	0.67674	0.09312	0.00357	0.00431	0.00514	0.00237	0.00290
9	0.00538	0.00461	0.00636	0.00561	0.00692	0.00430	0.07970	0.00684	0.00913	0.01195	0.29999	0.02915	0.42015	0.00934	0.05189	0.00153	0.03324	0.00691	0.00344	0.00355
10	0.00759	0.00516	0.03445	0.00543	0.00693	0.00448	0.00438	0.04172	0.02826	0.14074	0.58282	0.02480	0.08391	0.00709	0.00430	0.00120	0.00227	0.00615	0.00410	0.00422
11	0.01053	0.10533	0.04328	0.04396	0.17308	0.04185	0.05947	0.20661	0.08213	0.02794	0.00808	0.00909	0.00630	0.00384	0.00372	0.00105	0.02478	0.00316	0.00256	0.14324
12	0.01051	0.70572	0.07314	0.00705	0.01043	0.01419	0.00707	0.11396	0.00899	0.01100	0.00585	0.00659	0.00506	0.00343	0.00268	0.00088	0.00417	0.00225	0.00189	0.00511
13	0.06272	0.36791	0.28296	0.00801	0.01193	0.02187	0.02117	0.04762	0.02815	0.01166	0.00638	0.00730	0.00513	0.00344	0.00298	0.00097	0.00440	0.00246	0.00189	0.10105
14	0.03169	0.36826	0.20901	0.00774	0.01110	0.09014	0.00790	0.07496	0.00872	0.01124	0.00705	0.03216	0.00625	0.04770	0.00389	0.00112	0.00450	0.01413	0.00199	0.06044
15	0.03882	0.58102	0.17112	0.00736	0.01085	0.04151	0.00773	0.04387	0.00836	0.01065	0.04385	0.00760	0.00630	0.00360	0.00283	0.00093	0.00430	0.00246	0.00186	0.00497

[dist]
# distance from previous block
# <min> <max>
23	113

[block]
# block no. 2 follows, 72 sequences, length 17
# corresponding to MSA columns:
# 717-733
name=unknown_C
#
# <colnr> <probs for GDERKNQSTAVLIFYWHMCP>
#	G	D	E	R	K	N	Q	S	T	A	V	L	I	F	Y	W	H	M	C	P
0	0.03178	0.12337	0.18469	0.06640	0.01295	0.05512	0.06356	0.14438	0.01022	0.12755	0.07046	0.01031	0.00813	0.00424	0.00386	0.00112	0.03262	0.00335	0.00267	0.04322
1	0.02200	0.27807	0.00991	0.00597	0.00747	0.04670	0.00484	0.03029	0.02450	0.01024	0.03050	0.40823	0.06547	0.00806	0.00391	0.00125	0.00310	0.03276	0.00285	0.00390
2	0.01240	0.11794	0.01161	0.00817	0.01094	0.02928	0.00676	0.47094	0.25804	0.01934	0.01042	0.01017	0.00773	0.00455	0.00363	0.00114	0.00387	0.00348	0.00350	0.00608
3	0.00466	0.00354	0.00441	0.00494	0.00552	0.00329	0.00346	0.00549	0.00755	0.00976	0.02498	0.52811	0.26646	0.01295	0.09420	0.00194	0.00296	0.00925	0.00336	0.00315
4	0.10378	0.00895	0.08858	0.05038	0.09440	0.02039	0.24267	0.01273	0.00906	0.21292	0.05346	0.01279	0.06391	0.00435	0.00389	0.00121	0.00442	0.00408	0.00281	0.00520
5	0.04747	0.34308	0.07914	0.04044	0.09687	0.01114	0.15829	0.01260	0.09573	0.04439	0.03168	0.00923	0.00690	0.00370	0.00334	0.00107	0.00442	0.00317	0.00217	0.00517
6	0.00817	0.20954	0.66210	0.00984	0.01492	0.01019	0.01233	0.01186	0.00794	0.01132	0.00646	0.00758	0.00482	0.00352	0.00334	0.00111	0.00526	0.00263	0.00161	0.00544
7	0.00489	0.00522	0.09323	0.00535	0.00652	0.00373	0.00440	0.00605	0.00784	0.01013	0.02570	0.47656	0.31610	0.01019	0.00458	0.00141	0.00246	0.00894	0.00332	0.00339
8	0.01108	0.17000	0.07861	0.20321	0.06523	0.12594	0.05305	0.01302	0.00883	0.18677	0.00809	0.00922	0.00599	0.00395	0.00388	0.00113	0.04145	0.00310	0.00236	0.00510
9	0.00907	0.33926	0.41839	0.01036	0.10100	0.01107	0.01063	0.01194	0.00805	0.03874	0.00653	0.00759	0.00511	0.00348	0.00318	0.00104	0.00482	0.00260	0.00174	0.00540
10	0.00493	0.00505	0.09340	0.00581	0.00664	0.00369	0.00460	0.00600	0.00739	0.00995	0.02010	0.74114	0.05514	0.01092	0.00470	0.00149	0.00255	0.00983	0.00332	0.00335
11	0.00884	0.00755	0.01308	0.24410	0.11880	0.02873	0.20991	0.01106	0.00818	0.10900	0.00874	0.01155	0.00690	0.02784	0.16664	0.00221	0.00609	0.00385	0.00221	0.00472
12	0.03223	0.47702	0.15800	0.03362	0.07562	0.05643	0.02467	0.08236	0.00885	0.01131	0.00613	0.00716	0.00509	0.00349	0.00298	0.00097	0.00456	0.00249	0.00187	0.00516
13	0.01050	0.27094	0.11130	0.00771	0.01066	0.03523	0.00715	0.26528	0.08860	0.01472	0.00941	0.09905	0.00828	0.01935	0.00370	0.00113	0.00402	0.00376	0.00274	0.02646
14	0.01263	0.08037	0.02537	0.00868	0.01178	0.04670	0.06856	0.52049	0.01431	0.03771	0.00851	0.02112	0.00641	0.00419	0.00361	0.00105	0.00424	0.00330	0.00318	0.11779
15	0.00810	0.04464	0.12627	0.00652	0.01008	0.03898	0.00600	0.01013	0.00806	0.01212	0.02794	0.00829	0.00621	0.00311	0.00297	0.00069	0.00338	0.00244	0.00217	0.67187
16	0.01934	0.07699	0.07713	0.00670	0.00923	0.06060	0.06711	0.00975	0.00878	0.08300	0.07479	0.05038	0.24131	0.00587	0.00378	0.00107	0.00337	0.01686	0.00287	0.18108

[dist]
# distance from previous block
# <min> <max>
1	21

[block]
# block no. 3 follows, 72 sequences, length 6
# corresponding to MSA columns:
# 755-760
name=unknown_D
#
# <colnr> <probs for GDERKNQSTAVLIFYWHMCP>
#	G	D	E	R	K	N	Q	S	T	A	V	L	I	F	Y	W	H	M	C	P
0	0.00708	0.00648	0.01009	0.40395	0.11538	0.00777	0.00836	0.00876	0.00720	0.00967	0.00988	0.07952	0.05158	0.10818	0.00720	0.00162	0.14676	0.00444	0.00202	0.00405
1	0.01191	0.01194	0.03142	0.01141	0.14073	0.26351	0.05081	0.23304	0.04347	0.03385	0.00839	0.04240	0.00701	0.03684	0.00484	0.00124	0.05577	0.00356	0.00262	0.00523
2	0.00473	0.00335	0.00437	0.00514	0.00534	0.00315	0.00337	0.00531	0.00705	0.00940	0.01983	0.76402	0.02374	0.11394	0.00657	0.00180	0.00238	0.01015	0.00337	0.00299
3	0.00716	0.00674	0.01138	0.85760	0.02612	0.00843	0.01053	0.00969	0.00758	0.00969	0.00674	0.01011	0.00506	0.00379	0.00379	0.00126	0.00506	0.00337	0.00169	0.00421
4	0.00944	0.01467	0.41080	0.01226	0.04491	0.06017	0.25177	0.01278	0.00868	0.09589	0.00777	0.00914	0.00560	0.00371	0.00419	0.00122	0.03613	0.00341	0.00204	0.00544
5	0.00716	0.00674	0.01138	0.85760	0.02612	0.00843	0.01053	0.00969	0.00758	0.00969	0.00674	0.01011	0.00506	0.00379	0.00379	0.00126	0.00506	0.00337	0.00169	0.00421

[dist]
# distance from previous block
# <min> <max>
0	1

[block]
# block no. 4 follows, 72 sequences, length 7
# corresponding to MSA columns:
# 762-768
name=unknown_E
#
# <colnr> <probs for GDERKNQSTAVLIFYWHMCP>
#	G	D	E	R	K	N	Q	S	T	A	V	L	I	F	Y	W	H	M	C	P
0	0.03698	0.00933	0.05142	0.05274	0.53879	0.03549	0.05734	0.01263	0.05772	0.07753	0.02806	0.01023	0.00711	0.00373	0.00376	0.00116	0.00446	0.00352	0.00227	0.00573
1	0.05088	0.00956	0.09668	0.08302	0.22964	0.06284	0.03207	0.01171	0.00842	0.09155	0.00747	0.00888	0.00581	0.00357	0.00376	0.00101	0.03753	0.00295	0.00222	0.25045
2	0.00512	0.00387	0.00472	0.00451	0.00551	0.00347	0.00338	0.00667	0.01014	0.01380	0.61325	0.03065	0.26448	0.00828	0.00448	0.00122	0.00183	0.00718	0.00399	0.00347
3	0.01270	0.33029	0.01414	0.00850	0.01100	0.48873	0.00701	0.06751	0.01010	0.01011	0.00586	0.00671	0.00498	0.00371	0.00308	0.00093	0.00564	0.00235	0.00195	0.00470
4	0.00542	0.00406	0.00610	0.00610	0.00677	0.00474	0.00474	0.00677	0.00610	0.00880	0.01016	0.01490	0.00948	0.02844	0.85169	0.00610	0.01016	0.00406	0.00203	0.00339
5	0.00931	0.00904	0.07540	0.05683	0.09047	0.00906	0.08556	0.01642	0.46877	0.05367	0.03594	0.01271	0.00990	0.00472	0.00430	0.00127	0.04377	0.00406	0.00314	0.00566
6	0.00454	0.00363	0.00406	0.00442	0.00527	0.00315	0.00314	0.00538	0.00809	0.01002	0.03144	0.36634	0.51618	0.01051	0.00463	0.00138	0.00203	0.00911	0.00352	0.00315

[dist]
# distance from previous block
# <min> <max>
0	1

[block]
# block no. 5 follows, 72 sequences, length 9
# corresponding to MSA columns:
# 770-778
name=unknown_F
#
# <colnr> <probs for GDERKNQSTAVLIFYWHMCP>
#	G	D	E	R	K	N	Q	S	T	A	V	L	I	F	Y	W	H	M	C	P
0	0.00761	0.00647	0.00759	0.00559	0.00871	0.00490	0.00442	0.00921	0.00782	0.01215	0.00786	0.07577	0.00716	0.00353	0.00297	0.00064	0.00276	0.00292	0.00235	0.81958
1	0.00801	0.00677	0.00796	0.00592	0.00894	0.00552	0.00471	0.05171	0.00826	0.01266	0.00773	0.06451	0.00692	0.00364	0.00335	0.00070	0.03479	0.00291	0.00239	0.75259
2	0.00810	0.00646	0.00764	0.00565	0.00875	0.00493	0.00447	0.00969	0.00798	0.05641	0.00829	0.07531	0.00734	0.00362	0.00302	0.00067	0.00278	0.00300	0.00248	0.77341
3	0.00590	0.06241	0.00625	0.00533	0.00668	0.00483	0.00407	0.00774	0.07464	0.01086	0.04488	0.30452	0.23914	0.00929	0.03124	0.00142	0.00271	0.05489	0.00322	0.11999
4	0.02673	0.06431	0.00892	0.00706	0.00924	0.00845	0.00562	0.14311	0.37223	0.05196	0.05575	0.11598	0.01266	0.00573	0.00381	0.00120	0.00310	0.02082	0.00354	0.07977
5	0.01101	0.23846	0.10965	0.00811	0.01081	0.25221	0.02920	0.03660	0.03588	0.09348	0.07438	0.06611	0.00938	0.00465	0.00345	0.00106	0.00469	0.00355	0.00249	0.00484
6	0.01012	0.29779	0.17005	0.00762	0.01072	0.12555	0.00744	0.03019	0.04928	0.08719	0.01035	0.02508	0.07681	0.01998	0.00371	0.00108	0.01838	0.00328	0.00233	0.04302
7	0.02741	0.02444	0.09851	0.00830	0.01077	0.23028	0.06236	0.06762	0.06439	0.13043	0.02427	0.09742	0.05866	0.02561	0.02369	0.00133	0.00466	0.00432	0.00286	0.03269
8	0.00921	0.06090	0.08307	0.00841	0.01104	0.08649	0.13489	0.03192	0.03718	0.09832	0.11009	0.03416	0.05710	0.00530	0.00411	0.00115	0.02443	0.07538	0.00284	0.12402

[dist]
# distance from previous block
# <min> <max>
9	76

[block]
# block no. 6 follows, 72 sequences, length 32
# corresponding to MSA columns:
# 870-901
name=unknown_G
#
# <colnr> <probs for GDERKNQSTAVLIFYWHMCP>
#	G	D	E	R	K	N	Q	S	T	A	V	L	I	F	Y	W	H	M	C	P
0	0.18071	0.00994	0.01160	0.06621	0.08435	0.15554	0.14112	0.09140	0.03857	0.10662	0.00855	0.00949	0.02234	0.00394	0.00361	0.00114	0.01268	0.00326	0.00259	0.04633
1	0.02608	0.03227	0.01175	0.02975	0.17927	0.15471	0.02375	0.25495	0.08292	0.09011	0.00881	0.00947	0.00664	0.00443	0.01347	0.00117	0.02374	0.00327	0.00289	0.04056
2	0.01983	0.03237	0.06262	0.00939	0.06286	0.16901	0.05589	0.20336	0.08789	0.09456	0.01753	0.01300	0.00852	0.09928	0.00549	0.00144	0.00460	0.04426	0.00292	0.00517
3	0.31205	0.05495	0.12256	0.00671	0.00922	0.06603	0.00613	0.08728	0.04615	0.01405	0.00988	0.01272	0.05663	0.06813	0.04309	0.00157	0.00410	0.04806	0.00250	0.02819
4	0.00823	0.00684	0.03122	0.02544	0.00932	0.00588	0.03311	0.03469	0.06883	0.06029	0.02539	0.01189	0.00817	0.12183	0.05187	0.00149	0.02663	0.00330	0.00253	0.46305
5	0.00747	0.00571	0.00801	0.20772	0.01205	0.01424	0.05021	0.04737	0.04584	0.08485	0.06510	0.15068	0.17602	0.05841	0.01706	0.00151	0.00353	0.02777	0.00305	0.01341
6	0.00835	0.00819	0.01301	0.49812	0.32012	0.05043	0.02669	0.01071	0.00815	0.01069	0.00686	0.00969	0.00540	0.00364	0.00377	0.00120	0.00497	0.00335	0.00177	0.00489
7	0.00671	0.00624	0.01043	0.58466	0.04141	0.00726	0.05755	0.00886	0.00774	0.00995	0.01178	0.13577	0.08530	0.00545	0.00405	0.00130	0.00442	0.00493	0.00214	0.00406
8	0.00462	0.00330	0.00440	0.00528	0.00550	0.00308	0.00352	0.00528	0.00726	0.00968	0.02090	0.86424	0.02508	0.01188	0.00484	0.00154	0.00220	0.01078	0.00352	0.00308
9	0.00547	0.00378	0.00461	0.00461	0.00480	0.00393	0.00291	0.00582	0.00573	0.00778	0.01213	0.02267	0.03218	0.64195	0.22215	0.00421	0.00522	0.00522	0.00226	0.00258
10	0.00922	0.04189	0.01040	0.00801	0.05988	0.04689	0.07741	0.04896	0.00876	0.05594	0.00728	0.00836	0.00582	0.00313	0.00312	0.00075	0.00355	0.00265	0.00236	0.59562
11	0.00924	0.00794	0.00841	0.00758	0.00966	0.00915	0.00589	0.01953	0.79673	0.01583	0.05492	0.01483	0.01273	0.00527	0.00389	0.00128	0.00294	0.00441	0.00387	0.00589
12	0.28862	0.00735	0.00833	0.00675	0.00916	0.00774	0.04453	0.19615	0.01071	0.19738	0.13422	0.01222	0.01087	0.00579	0.04299	0.00140	0.00361	0.00367	0.00342	0.00508
13	0.89350	0.00733	0.00557	0.00499	0.00733	0.00851	0.00411	0.01115	0.00645	0.01702	0.00528	0.00616	0.00411	0.00352	0.00235	0.00117	0.00293	0.00205	0.00235	0.00411
14	0.00786	0.00674	0.00786	0.00562	0.00899	0.00506	0.00449	0.00955	0.00786	0.01236	0.00674	0.00786	0.00562	0.00281	0.00281	0.00056	0.00281	0.00225	0.00225	0.88990
15	0.00552	0.00368	0.00414	0.00414	0.00414	0.00368	0.00230	0.00552	0.00552	0.00735	0.01195	0.02482	0.01379	0.86672	0.01930	0.00368	0.00368	0.00552	0.00230	0.00230
16	0.89350	0.00733	0.00557	0.00499	0.00733	0.00851	0.00411	0.01115	0.00645	0.01702	0.00528	0.00616	0.00411	0.00352	0.00235	0.00117	0.00293	0.00205	0.00235	0.00411
17	0.84078	0.00730	0.00592	0.05571	0.00845	0.00850	0.00449	0.01106	0.00652	0.01658	0.00537	0.00640	0.00416	0.00354	0.00243	0.00118	0.00306	0.00213	0.00231	0.00411
18	0.14760	0.01214	0.01023	0.00845	0.01102	0.30133	0.02866	0.29325	0.01248	0.12748	0.00815	0.00841	0.00593	0.00416	0.00347	0.00110	0.00484	0.00295	0.00301	0.00535
19	0.13895	0.63743	0.04797	0.00672	0.00981	0.08694	0.00650	0.01168	0.00780	0.01025	0.00538	0.00623	0.00476	0.00336	0.00255	0.00089	0.00419	0.00210	0.00176	0.00474
20	0.00611	0.00445	0.00552	0.00519	0.00627	0.00433	0.00390	0.00892	0.11514	0.03705	0.62794	0.07622	0.06892	0.00767	0.00440	0.00123	0.00201	0.00674	0.00408	0.00392
21	0.00797	0.00629	0.00776	0.00685	0.00859	0.00660	0.05618	0.02900	0.31505	0.07260	0.10520	0.08046	0.21070	0.00700	0.00451	0.00131	0.03209	0.03348	0.00364	0.00473
22	0.01350	0.00916	0.01020	0.00789	0.01085	0.00961	0.00646	0.50059	0.10494	0.16258	0.01051	0.01016	0.00741	0.00443	0.00368	0.00109	0.00371	0.00343	0.00376	0.11604
23	0.00461	0.00361	0.00418	0.00453	0.00533	0.00318	0.00321	0.00550	0.00821	0.01038	0.09176	0.39212	0.42903	0.01044	0.00464	0.00139	0.00203	0.00911	0.00357	0.00318
24	0.00536	0.00370	0.00414	0.00419	0.00438	0.00360	0.00249	0.00554	0.00606	0.00790	0.01598	0.05541	0.12625	0.70612	0.01655	0.00324	0.00339	0.02072	0.00253	0.00247
25	0.66495	0.00906	0.00781	0.00667	0.00908	0.12263	0.07438	0.01213	0.03996	0.01551	0.00596	0.00691	0.00465	0.00361	0.00273	0.00116	0.00376	0.00240	0.00232	0.00431
26	0.03224	0.00972	0.04176	0.07718	0.24257	0.08055	0.12394	0.05408	0.14601	0.05192	0.00878	0.01000	0.00677	0.00385	0.00386	0.00114	0.01702	0.00347	0.00246	0.08268
27	0.07873	0.03304	0.01021	0.00920	0.05026	0.50955	0.04473	0.01276	0.00954	0.01054	0.06050	0.01007	0.00774	0.07940	0.00480	0.00123	0.00550	0.00309	0.00216	0.05693
28	0.06253	0.08215	0.00852	0.00754	0.08081	0.03552	0.00540	0.03389	0.24580	0.01313	0.08523	0.03932	0.20594	0.00668	0.02903	0.00132	0.00321	0.00493	0.00314	0.04593
29	0.02315	0.05022	0.01023	0.04741	0.01083	0.17395	0.07264	0.02268	0.02918	0.03817	0.06485	0.03397	0.04087	0.00547	0.03770	0.00121	0.07917	0.00355	0.00240	0.25233
30	0.22110	0.00707	0.02531	0.00582	0.00784	0.05597	0.00456	0.01026	0.03990	0.06643	0.00860	0.01969	0.00777	0.18204	0.06417	0.00187	0.02506	0.00330	0.00246	0.24079
31	0.23180	0.05912	0.00752	0.00688	0.05921	0.00693	0.00499	0.07773	0.02885	0.03087	0.05377	0.15496	0.01162	0.05299	0.19416	0.00243	0.00468	0.00468	0.00270	0.00412

[dist]
# distance from previous block
# <min> <max>
21	119

[block]
# block no. 7 follows, 72 sequences, length 82
# corresponding to MSA columns:
# 1058-1139
name=unknown_H
#
# <colnr> <probs for GDERKNQSTAVLIFYWHMCP>
#	G	D	E	R	K	N	Q	S	T	A	V	L	I	F	Y	W	H	M	C	P
0	0.07765	0.00912	0.01277	0.03425	0.53522	0.06868	0.00943	0.04405	0.03289	0.04130	0.00847	0.01000	0.03337	0.00374	0.00359	0.00110	0.00427	0.00333	0.00222	0.06455
1	0.07608	0.09850	0.01481	0.01936	0.65019	0.00966	0.01026	0.02541	0.03772	0.01269	0.00713	0.00896	0.00595	0.00346	0.00352	0.00110	0.00428	0.00317	0.00199	0.00575
2	0.00924	0.01021	0.10170	0.02108	0.71049	0.02533	0.01154	0.01167	0.00858	0.01229	0.00706	0.00914	0.00585	0.00339	0.00370	0.00111	0.00460	0.00326	0.00186	0.03789
3	0.01058	0.01098	0.01100	0.02152	0.06444	0.25979	0.08551	0.09585	0.06266	0.01261	0.00854	0.01037	0.02552	0.00409	0.00378	0.00099	0.02827	0.03249	0.00241	0.24858
4	0.01019	0.02471	0.29931	0.00939	0.01277	0.20637	0.04685	0.09451	0.11974	0.03872	0.06056	0.01995	0.03125	0.00449	0.00374	0.00116	0.00498	0.00355	0.00254	0.00523
5	0.00601	0.00542	0.00528	0.00544	0.00643	0.08498	0.00391	0.00779	0.08564	0.01062	0.04987	0.38310	0.30005	0.00946	0.00445	0.00135	0.00262	0.00819	0.00340	0.01598
6	0.01645	0.00736	0.00936	0.00718	0.01013	0.00692	0.00593	0.19538	0.01237	0.66664	0.01369	0.01208	0.00875	0.00466	0.00381	0.00117	0.00343	0.00373	0.00450	0.00645
7	0.01009	0.85143	0.03698	0.00658	0.00987	0.01488	0.00664	0.01137	0.00771	0.00899	0.00530	0.00612	0.00487	0.00325	0.00246	0.00082	0.00409	0.00204	0.00162	0.00488
8	0.00844	0.00658	0.00732	0.00683	0.00843	0.00721	0.00518	0.09396	0.42301	0.04450	0.03118	0.28186	0.04458	0.00739	0.00419	0.00135	0.00281	0.00640	0.00377	0.00501
9	0.01014	0.86900	0.01987	0.00649	0.00973	0.01501	0.00649	0.01136	0.00771	0.00892	0.00527	0.00608	0.00487	0.00324	0.00243	0.00081	0.00406	0.00203	0.00162	0.00487
10	0.00786	0.00674	0.00786	0.00562	0.00899	0.00506	0.00449	0.00955	0.00786	0.01236	0.00674	0.00786	0.00562	0.00281	0.00281	0.00056	0.00281	0.00225	0.00225	0.88990
11	0.00467	0.00339	0.00441	0.00513	0.00548	0.00313	0.00347	0.00544	0.00764	0.01016	0.08632	0.73333	0.09068	0.01138	0.00478	0.00149	0.00215	0.01026	0.00357	0.00313
12	0.80163	0.00728	0.00619	0.00537	0.00775	0.00826	0.02691	0.01144	0.00686	0.05847	0.02791	0.00720	0.00525	0.00368	0.00254	0.00118	0.00301	0.00234	0.00250	0.00424
13	0.00513	0.00387	0.00474	0.00452	0.00552	0.00348	0.00339	0.00670	0.01017	0.01387	0.62477	0.03053	0.25290	0.00825	0.00448	0.00122	0.00182	0.00717	0.00400	0.00348
14	0.00990	0.77914	0.01862	0.00640	0.00966	0.01397	0.00628	0.01117	0.00772	0.00928	0.00543	0.00627	0.00495	0.00320	0.00247	0.00079	0.00393	0.00205	0.00169	0.09710
15	0.00728	0.00566	0.00766	0.00886	0.09535	0.00590	0.00672	0.04451	0.12966	0.01264	0.01759	0.03372	0.01804	0.00871	0.00482	0.00159	0.00355	0.58010	0.00339	0.00424
16	0.01337	0.04436	0.09821	0.00973	0.01215	0.70250	0.00799	0.04886	0.01066	0.01017	0.00608	0.00703	0.00494	0.00388	0.00342	0.00100	0.00651	0.00251	0.00198	0.00462
17	0.00513	0.00430	0.00452	0.00439	0.00570	0.00391	0.00331	0.00724	0.09520	0.01158	0.15753	0.03293	0.63305	0.00886	0.00442	0.00127	0.00201	0.00744	0.00366	0.00355
18	0.01135	0.46275	0.01623	0.00974	0.12529	0.17535	0.00745	0.11759	0.02205	0.01150	0.00629	0.00719	0.00533	0.00359	0.00300	0.00094	0.00466	0.00251	0.00203	0.00515
19	0.00552	0.00368	0.00414	0.00414	0.00414	0.00368	0.00230	0.00552	0.00552	0.00735	0.01195	0.02482	0.01379	0.86672	0.01930	0.00368	0.00368	0.00552	0.00230	0.00230
20	0.02509	0.26711	0.13975	0.00821	0.01154	0.03488	0.00782	0.32105	0.12107	0.01608	0.00831	0.00860	0.00633	0.00406	0.00334	0.00107	0.00425	0.00298	0.00275	0.00570
21	0.01118	0.32135	0.04397	0.00691	0.00954	0.05059	0.00621	0.11278	0.01028	0.18203	0.16980	0.01233	0.01197	0.00472	0.00367	0.00105	0.02990	0.00359	0.00302	0.00512
22	0.00514	0.00387	0.00475	0.00453	0.00553	0.00348	0.00340	0.00671	0.01019	0.01392	0.63305	0.03045	0.24459	0.00823	0.00448	0.00122	0.00182	0.00716	0.00401	0.00348
23	0.89350	0.00733	0.00557	0.00499	0.00733	0.00851	0.00411	0.01115	0.00645	0.01702	0.00528	0.00616	0.00411	0.00352	0.00235	0.00117	0.00293	0.00205	0.00235	0.00411
24	0.89350	0.00733	0.00557	0.00499	0.00733	0.00851	0.00411	0.01115	0.00645	0.01702	0.00528	0.00616	0.00411	0.00352	0.00235	0.00117	0.00293	0.00205	0.00235	0.00411
25	0.00469	0.00333	0.00438	0.00519	0.00540	0.00313	0.00343	0.00530	0.00713	0.00950	0.02022	0.79990	0.02422	0.07741	0.00595	0.00170	0.00231	0.01038	0.00343	0.00302
26	0.01176	0.79653	0.05194	0.00785	0.01126	0.01545	0.00749	0.03122	0.00904	0.01104	0.00713	0.00858	0.00650	0.00441	0.00326	0.00115	0.00468	0.00267	0.00225	0.00579
27	0.04847	0.10027	0.02395	0.00921	0.01143	0.67073	0.00721	0.06622	0.01069	0.01052	0.00600	0.00690	0.00495	0.00386	0.00331	0.00098	0.00623	0.00245	0.00205	0.00458
28	0.00561	0.00434	0.00643	0.00632	0.00694	0.00518	0.00494	0.00691	0.00607	0.00880	0.00984	0.01462	0.00925	0.04002	0.78347	0.00577	0.06604	0.00404	0.00201	0.00342
29	0.00452	0.00384	0.00389	0.00388	0.00514	0.00322	0.00291	0.00551	0.00872	0.01043	0.06818	0.03620	0.81164	0.00954	0.00448	0.00128	0.00192	0.00796	0.00355	0.00322
30	0.01142	0.47777	0.02561	0.00775	0.01051	0.26657	0.00681	0.04639	0.09537	0.01039	0.00668	0.00730	0.00563	0.00370	0.00295	0.00093	0.00481	0.00245	0.00204	0.00492
31	0.00899	0.01014	0.02183	0.01655	0.08408	0.00955	0.76546	0.01211	0.00893	0.01217	0.00763	0.01016	0.00577	0.00321	0.00442	0.00127	0.00625	0.00439	0.00191	0.00518
32	0.00462	0.00330	0.00440	0.00528	0.00550	0.00308	0.00352	0.00528	0.00726	0.00968	0.02090	0.86424	0.02508	0.01188	0.00484	0.00154	0.00220	0.01078	0.00352	0.00308
33	0.00939	0.00901	0.01539	0.02328	0.84306	0.00901	0.01164	0.01164	0.00864	0.01239	0.00713	0.00939	0.00601	0.00338	0.00375	0.00113	0.00451	0.00338	0.00188	0.00601
34	0.00761	0.01962	0.84707	0.01081	0.01641	0.00881	0.01401	0.01201	0.00801	0.01201	0.00681	0.00801	0.00480	0.00360	0.00360	0.00120	0.00560	0.00280	0.00160	0.00560
35	0.00611	0.00437	0.00611	0.00698	0.00786	0.00437	0.00611	0.00786	0.00873	0.01135	0.02008	0.04278	0.02183	0.01048	0.00524	0.00175	0.00349	0.81753	0.00349	0.00349
36	0.00523	0.00387	0.00487	0.00462	0.00558	0.00352	0.00347	0.00688	0.01040	0.01442	0.71279	0.02963	0.16455	0.00805	0.00447	0.00121	0.00181	0.00704	0.00407	0.00352
37	0.01375	0.00677	0.00852	0.00705	0.00954	0.00659	0.00577	0.07810	0.17274	0.50311	0.02734	0.03297	0.01163	0.00558	0.00400	0.00126	0.00324	0.09179	0.00430	0.00594
38	0.00462	0.00331	0.00439	0.00525	0.00549	0.00308	0.00350	0.00528	0.00730	0.00970	0.02133	0.84391	0.04513	0.01183	0.00483	0.00153	0.00219	0.01071	0.00352	0.00308
39	0.00786	0.00674	0.00786	0.00562	0.00899	0.00506	0.00449	0.00955	0.00786	0.01236	0.00674	0.00786	0.00562	0.00281	0.00281	0.00056	0.00281	0.00225	0.00225	0.88990
40	0.00467	0.00333	0.00445	0.00533	0.00557	0.00312	0.00360	0.00536	0.00731	0.00973	0.02088	0.83905	0.02498	0.01184	0.00485	0.00155	0.00224	0.03552	0.00352	0.00309
41	0.00484	0.00352	0.00487	0.00563	0.00597	0.00332	0.01723	0.00566	0.00744	0.00989	0.02060	0.76651	0.02444	0.01160	0.00488	0.00156	0.00240	0.09300	0.00349	0.00316
42	0.00542	0.00406	0.00610	0.00610	0.00677	0.00474	0.00474	0.00677	0.00610	0.00880	0.01016	0.01490	0.00948	0.02844	0.85169	0.00610	0.01016	0.00406	0.00203	0.00339
43	0.00786	0.00674	0.00786	0.00562	0.00899	0.00506	0.00449	0.00955	0.00786	0.01236	0.00674	0.00786	0.00562	0.00281	0.00281	0.00056	0.00281	0.00225	0.00225	0.88990
44	0.00770	0.05033	0.81716	0.01065	0.01617	0.00903	0.01374	0.01199	0.00800	0.01190	0.00675	0.00794	0.00481	0.00359	0.00356	0.00119	0.00555	0.00277	0.00160	0.00558
45	0.00479	0.00351	0.00450	0.00498	0.00550	0.00322	0.00346	0.00577	0.00830	0.01114	0.22926	0.55603	0.12440	0.01057	0.00471	0.00142	0.00206	0.00947	0.00369	0.00322
46	0.00543	0.00402	0.00586	0.00586	0.00645	0.00461	0.00444	0.00662	0.00602	0.00863	0.01038	0.01611	0.01001	0.13103	0.74982	0.00580	0.00937	0.00424	0.00206	0.00325
47	0.00986	0.00987	0.01852	0.01434	0.07236	0.00974	0.55150	0.11569	0.11700	0.02811	0.00894	0.01058	0.00667	0.00366	0.00425	0.00125	0.00550	0.00423	0.00245	0.00548
48	0.01130	0.01306	0.01165	0.21894	0.15181	0.43982	0.00882	0.02222	0.03178	0.01023	0.00654	0.00834	0.00531	0.00395	0.00396	0.00111	0.04162	0.00292	0.00194	0.00467
49	0.00552	0.00368	0.00414	0.00414	0.00414	0.00368	0.00230	0.00552	0.00552	0.00735	0.01195	0.02482	0.01379	0.86672	0.01930	0.00368	0.00368	0.00552	0.00230	0.00230
50	0.26280	0.06860	0.00996	0.00822	0.02557	0.35749	0.00642	0.05517	0.00915	0.06612	0.00634	0.00730	0.00506	0.00411	0.00403	0.00112	0.09310	0.00255	0.00228	0.00459
51	0.00484	0.00410	0.00439	0.00452	0.02589	0.00357	0.00326	0.00621	0.03422	0.01093	0.11192	0.03438	0.72029	0.00914	0.00444	0.00127	0.00201	0.00767	0.00355	0.00339
52	0.00967	0.00847	0.01016	0.00864	0.01100	0.00953	0.09188	0.07324	0.68304	0.01595	0.01427	0.01383	0.01078	0.00498	0.00394	0.00128	0.00344	0.01635	0.00365	0.00590
53	0.00793	0.00680	0.00789	0.00571	0.00902	0.00524	0.00456	0.00999	0.04257	0.01251	0.00711	0.00813	0.00587	0.00291	0.00285	0.00059	0.00282	0.00233	0.00231	0.85287
54	0.00786	0.00674	0.00786	0.00562	0.00899	0.00506	0.00449	0.00955	0.00786	0.01236	0.00674	0.00786	0.00562	0.00281	0.00281	0.00056	0.00281	0.00225	0.00225	0.88990
55	0.00726	0.00684	0.01154	0.82264	0.06035	0.00845	0.01058	0.00977	0.00763	0.00980	0.00676	0.01008	0.00510	0.00377	0.00379	0.00126	0.00503	0.00337	0.00169	0.00429
56	0.89350	0.00733	0.00557	0.00499	0.00733	0.00851	0.00411	0.01115	0.00645	0.01702	0.00528	0.00616	0.00411	0.00352	0.00235	0.00117	0.00293	0.00205	0.00235	0.00411
57	0.00537	0.00388	0.00507	0.00477	0.00567	0.00358	0.00358	0.00716	0.01074	0.01521	0.84106	0.02833	0.03578	0.00775	0.00447	0.00119	0.00179	0.00686	0.00417	0.00358
58	0.00462	0.00330	0.00440	0.00528	0.00550	0.00308	0.00352	0.00528	0.00726	0.00968	0.02090	0.86424	0.02508	0.01188	0.00484	0.00154	0.00220	0.01078	0.00352	0.00308
59	0.00552	0.00368	0.00414	0.00414	0.00414	0.00368	0.00230	0.00552	0.00552	0.00735	0.01195	0.02482	0.01379	0.86672	0.01930	0.00368	0.00368	0.00552	0.00230	0.00230
60	0.00823	0.00819	0.01148	0.00986	0.00988	0.01145	0.00821	0.00907	0.00582	0.00912	0.00510	0.00846	0.00509	0.00717	0.03287	0.00177	0.83910	0.00334	0.00167	0.00413
61	0.89350	0.00733	0.00557	0.00499	0.00733	0.00851	0.00411	0.01115	0.00645	0.01702	0.00528	0.00616	0.00411	0.00352	0.00235	0.00117	0.00293	0.00205	0.00235	0.00411
62	0.00786	0.00674	0.00786	0.00562	0.00899	0.00506	0.00449	0.00955	0.00786	0.01236	0.00674	0.00786	0.00562	0.00281	0.00281	0.00056	0.00281	0.00225	0.00225	0.88990
63	0.00786	0.00674	0.00786	0.00562	0.00899	0.00506	0.00449	0.00955	0.00786	0.01236	0.00674	0.00786	0.00562	0.00281	0.00281	0.00056	0.00281	0.00225	0.00225	0.88990
64	0.89350	0.00733	0.00557	0.00499	0.00733	0.00851	0.00411	0.01115	0.00645	0.01702	0.00528	0.00616	0.00411	0.00352	0.00235	0.00117	0.00293	0.00205	0.00235	0.00411
65	0.00943	0.00815	0.00858	0.00772	0.00986	0.00943	0.00600	0.02015	0.83621	0.01586	0.01544	0.01415	0.01158	0.00515	0.00386	0.00129	0.00300	0.00429	0.00386	0.00600
66	0.89350	0.00733	0.00557	0.00499	0.00733	0.00851	0.00411	0.01115	0.00645	0.01702	0.00528	0.00616	0.00411	0.00352	0.00235	0.00117	0.00293	0.00205	0.00235	0.00411
67	0.00939	0.00901	0.01539	0.02328	0.84306	0.00901	0.01164	0.01164	0.00864	0.01239	0.00713	0.00939	0.00601	0.00338	0.00375	0.00113	0.00451	0.00338	0.00188	0.00601
68	0.00943	0.00815	0.00858	0.00772	0.00986	0.00943	0.00600	0.02015	0.83621	0.01586	0.01544	0.01415	0.01158	0.00515	0.00386	0.00129	0.00300	0.00429	0.00386	0.00600
69	0.00462	0.00330	0.00440	0.00528	0.00550	0.00308	0.00352	0.00528	0.00726	0.00968	0.02090	0.86424	0.02508	0.01188	0.00484	0.00154	0.00220	0.01078	0.00352	0.00308
70	0.00603	0.00431	0.00601	0.00687	0.00771	0.00429	0.00595	0.00772	0.00869	0.01132	0.03177	0.08312	0.02219	0.01051	0.00521	0.00173	0.00340	0.76621	0.00350	0.00347
71	0.01702	0.00645	0.00880	0.00675	0.00968	0.00557	0.00557	0.01848	0.01085	0.84568	0.01496	0.01291	0.00939	0.00469	0.00381	0.00117	0.00323	0.00381	0.00469	0.00645
72	0.00716	0.00674	0.01138	0.85760	0.02612	0.00843	0.01053	0.00969	0.00758	0.00969	0.00674	0.01011	0.00506	0.00379	0.00379	0.00126	0.00506	0.00337	0.00169	0.00421
73	0.01702	0.00645	0.00880	0.00675	0.00968	0.00557	0.00557	0.01848	0.01085	0.84568	0.01496	0.01291	0.00939	0.00469	0.00381	0.00117	0.00323	0.00381	0.00469	0.00645
74	0.00462	0.00330	0.00440	0.00528	0.00550	0.00308	0.00352	0.00528	0.00726	0.00968	0.02090	0.86424	0.02508	0.01188	0.00484	0.00154	0.00220	0.01078	0.00352	0.00308
75	0.01696	0.00655	0.00886	0.00679	0.00973	0.00572	0.00561	0.03699	0.01101	0.82695	0.01483	0.01282	0.00932	0.00469	0.00381	0.00117	0.00325	0.00380	0.00467	0.00645
76	0.01684	0.00641	0.00874	0.00672	0.00962	0.00554	0.00554	0.01831	0.01085	0.83302	0.02756	0.01314	0.00979	0.00474	0.00382	0.00117	0.00321	0.00386	0.00469	0.00641
77	0.01377	0.01072	0.01247	0.00949	0.01257	0.03066	0.09286	0.71483	0.02857	0.02223	0.00897	0.00924	0.00642	0.00441	0.00386	0.00115	0.00445	0.00352	0.00356	0.00626
78	0.00817	0.00438	0.00455	0.00420	0.00537	0.00447	0.00323	0.09475	0.00905	0.04512	0.01212	0.01373	0.00943	0.01731	0.00306	0.00096	0.00210	0.00356	0.75051	0.00393
79	0.01442	0.01062	0.01138	0.00873	0.01176	0.01176	0.00721	0.83041	0.01783	0.02390	0.00911	0.00911	0.00645	0.00455	0.00379	0.00114	0.00417	0.00341	0.00379	0.00645
80	0.01081	0.00930	0.01089	0.01036	0.11165	0.03668	0.04162	0.22914	0.43229	0.01693	0.01178	0.01165	0.00887	0.00471	0.00415	0.00123	0.03473	0.00387	0.00338	0.00596
81	0.08106	0.20397	0.29906	0.00939	0.02237	0.04540	0.10388	0.07543	0.00893	0.05166	0.00696	0.00796	0.00528	0.00355	0.00331	0.00106	0.00478	0.00281	0.00208	0.06104

[dist]
# distance from previous block
# <min> <max>
0	1

[block]
# block no. 8 follows, 72 sequences, length 130
# corresponding to MSA columns:
# 1141-1270
name=unknown_I
#
# <colnr> <probs for GDERKNQSTAVLIFYWHMCP>
#	G	D	E	R	K	N	Q	S	T	A	V	L	I	F	Y	W	H	M	C	P
0	0.20036	0.05857	0.12510	0.01064	0.09225	0.16799	0.12204	0.08325	0.06844	0.01372	0.00716	0.00827	0.00555	0.00378	0.00354	0.00114	0.01791	0.00299	0.00225	0.00507
1	0.00809	0.00797	0.01398	0.46341	0.09307	0.00893	0.20427	0.01177	0.11415	0.01129	0.00808	0.01057	0.00614	0.00383	0.00410	0.00126	0.01850	0.00375	0.00204	0.00481
2	0.00973	0.00966	0.01506	0.02231	0.78328	0.06959	0.01133	0.01189	0.00879	0.01217	0.00704	0.00920	0.00593	0.00342	0.00373	0.00112	0.00467	0.00331	0.00188	0.00589
3	0.00453	0.00384	0.00391	0.00389	0.00515	0.00322	0.00292	0.00554	0.00876	0.01052	0.08366	0.03604	0.79611	0.00950	0.00448	0.00128	0.00191	0.00794	0.00356	0.00322
4	0.00961	0.00823	0.00868	0.00775	0.00993	0.00952	0.00605	0.04892	0.80716	0.01615	0.01521	0.01397	0.01140	0.00512	0.00386	0.00128	0.00304	0.00426	0.00386	0.00602
5	0.00552	0.00368	0.00414	0.00414	0.00414	0.00368	0.00230	0.00552	0.00552	0.00735	0.01195	0.02482	0.01379	0.86672	0.01930	0.00368	0.00368	0.00552	0.00230	0.00230
6	0.00550	0.00374	0.00446	0.00446	0.00457	0.00385	0.00270	0.00572	0.00561	0.00759	0.01166	0.02319	0.01308	0.72891	0.15614	0.00407	0.00474	0.00528	0.00225	0.00248
7	0.00611	0.00437	0.00611	0.00698	0.00786	0.00437	0.00611	0.00786	0.00873	0.01135	0.02008	0.04278	0.02183	0.01048	0.00524	0.00175	0.00349	0.81753	0.00349	0.00349
8	0.00716	0.00674	0.01138	0.85760	0.02612	0.00843	0.01053	0.00969	0.00758	0.00969	0.00674	0.01011	0.00506	0.00379	0.00379	0.00126	0.00506	0.00337	0.00169	0.00421
9	0.00939	0.00901	0.01539	0.02328	0.84306	0.00901	0.01164	0.01164	0.00864	0.01239	0.00713	0.00939	0.00601	0.00338	0.00375	0.00113	0.00451	0.00338	0.00188	0.00601
10	0.89350	0.00733	0.00557	0.00499	0.00733	0.00851	0.00411	0.01115	0.00645	0.01702	0.00528	0.00616	0.00411	0.00352	0.00235	0.00117	0.00293	0.00205	0.00235	0.00411
11	0.01678	0.00683	0.00903	0.00692	0.00987	0.00613	0.00572	0.09094	0.01148	0.77235	0.01444	0.01257	0.00913	0.00468	0.00381	0.00117	0.00331	0.00378	0.00461	0.00645
12	0.01014	0.86900	0.01987	0.00649	0.00973	0.01501	0.00649	0.01136	0.00771	0.00892	0.00527	0.00608	0.00487	0.00324	0.00243	0.00081	0.00406	0.00203	0.00162	0.00487
13	0.00612	0.00377	0.00388	0.00381	0.00494	0.00344	0.00287	0.00751	0.00845	0.03729	0.05080	0.02487	0.39436	0.00693	0.00359	0.00109	0.00188	0.00571	0.42520	0.00347
14	0.00462	0.00330	0.00440	0.00528	0.00550	0.00308	0.00352	0.00528	0.00726	0.00968	0.02090	0.86424	0.02508	0.01188	0.00484	0.00154	0.00220	0.01078	0.00352	0.00308
15	0.01442	0.01062	0.01138	0.00873	0.01176	0.01176	0.00721	0.83041	0.01783	0.02390	0.00911	0.00911	0.00645	0.00455	0.00379	0.00114	0.00417	0.00341	0.00379	0.00645
16	0.00939	0.00901	0.01539	0.02328	0.84306	0.00901	0.01164	0.01164	0.00864	0.01239	0.00713	0.00939	0.00601	0.00338	0.00375	0.00113	0.00451	0.00338	0.00188	0.00601
17	0.00659	0.00329	0.00494	0.00494	0.00494	0.00329	0.00329	0.00494	0.00494	0.00659	0.00659	0.01153	0.00659	0.01318	0.01482	0.88966	0.00329	0.00329	0.00165	0.00165
18	0.00535	0.00388	0.00504	0.00475	0.00565	0.00357	0.00356	0.00712	0.01069	0.01511	0.82486	0.02849	0.05205	0.00779	0.00447	0.00119	0.00179	0.00688	0.00416	0.00357
19	0.89350	0.00733	0.00557	0.00499	0.00733	0.00851	0.00411	0.01115	0.00645	0.01702	0.00528	0.00616	0.00411	0.00352	0.00235	0.00117	0.00293	0.00205	0.00235	0.00411
20	0.00761	0.01962	0.84707	0.01081	0.01641	0.00881	0.01401	0.01201	0.00801	0.01201	0.00681	0.00801	0.00480	0.00360	0.00360	0.00120	0.00560	0.00280	0.00160	0.00560
21	0.01702	0.00645	0.00880	0.00675	0.00968	0.00557	0.00557	0.01848	0.01085	0.84568	0.01496	0.01291	0.00939	0.00469	0.00381	0.00117	0.00323	0.00381	0.00469	0.00645
22	0.00761	0.01962	0.84707	0.01081	0.01641	0.00881	0.01401	0.01201	0.00801	0.01201	0.00681	0.00801	0.00480	0.00360	0.00360	0.00120	0.00560	0.00280	0.00160	0.00560
23	0.00716	0.00674	0.01138	0.85760	0.02612	0.00843	0.01053	0.00969	0.00758	0.00969	0.00674	0.01011	0.00506	0.00379	0.00379	0.00126	0.00506	0.00337	0.00169	0.00421
24	0.01042	0.01118	0.02206	0.01620	0.01977	0.02708	0.73666	0.01297	0.00966	0.01321	0.00885	0.01194	0.00703	0.00441	0.00563	0.00156	0.06843	0.00479	0.00239	0.00576
25	0.00462	0.00330	0.00440	0.00528	0.00550	0.00308	0.00352	0.00528	0.00726	0.00968	0.02090	0.86424	0.02508	0.01188	0.00484	0.00154	0.00220	0.01078	0.00352	0.00308
26	0.00716	0.00674	0.01138	0.85760	0.02612	0.00843	0.01053	0.00969	0.00758	0.00969	0.00674	0.01011	0.00506	0.00379	0.00379	0.00126	0.00506	0.00337	0.00169	0.00421
27	0.00462	0.00330	0.00440	0.00528	0.00550	0.00308	0.00352	0.00528	0.00726	0.00968	0.02090	0.86424	0.02508	0.01188	0.00484	0.00154	0.00220	0.01078	0.00352	0.00308
28	0.00462	0.00330	0.00440	0.00528	0.00550	0.00308	0.00352	0.00528	0.00726	0.00968	0.02090	0.86424	0.02508	0.01188	0.00484	0.00154	0.00220	0.01078	0.00352	0.00308
29	0.00552	0.00368	0.00414	0.00414	0.00414	0.00368	0.00230	0.00552	0.00552	0.00735	0.01195	0.02482	0.01379	0.86672	0.01930	0.00368	0.00368	0.00552	0.00230	0.00230
30	0.00768	0.04315	0.82415	0.01069	0.01623	0.00898	0.01380	0.01199	0.00800	0.01193	0.00676	0.00795	0.00481	0.00359	0.00357	0.00119	0.00556	0.00278	0.00160	0.00558
31	0.00773	0.01878	0.77347	0.01127	0.01672	0.00888	0.08677	0.01202	0.00809	0.01202	0.00688	0.00821	0.00489	0.00357	0.00368	0.00121	0.00568	0.00295	0.00163	0.00556
32	0.01702	0.00645	0.00880	0.00675	0.00968	0.00557	0.00557	0.01848	0.01085	0.84568	0.01496	0.01291	0.00939	0.00469	0.00381	0.00117	0.00323	0.00381	0.00469	0.00645
33	0.00911	0.00847	0.01423	0.07436	0.71673	0.00851	0.01085	0.01127	0.00862	0.03186	0.00934	0.01129	0.06076	0.00384	0.00381	0.00115	0.00434	0.00369	0.00204	0.00572
34	0.01147	0.01204	0.01383	0.01696	0.44247	0.27530	0.05646	0.08598	0.01019	0.02924	0.00710	0.00868	0.00575	0.00367	0.00369	0.00109	0.00529	0.00316	0.00213	0.00550
35	0.00927	0.01021	0.01808	0.01377	0.03309	0.06967	0.52454	0.01268	0.09649	0.01182	0.00789	0.01005	0.00618	0.00405	0.00570	0.00132	0.15400	0.00409	0.00208	0.00501
36	0.00895	0.01023	0.02238	0.01598	0.01982	0.00959	0.82928	0.01215	0.00895	0.01215	0.00767	0.01023	0.00575	0.00320	0.00448	0.00128	0.00639	0.00448	0.00192	0.00512
37	0.00786	0.00674	0.00786	0.00562	0.00899	0.00506	0.00449	0.00955	0.00786	0.01236	0.00674	0.00786	0.00562	0.00281	0.00281	0.00056	0.00281	0.00225	0.00225	0.88990
38	0.01471	0.01016	0.01109	0.00850	0.01153	0.01107	0.00703	0.73942	0.01705	0.11599	0.00976	0.00953	0.00678	0.00457	0.00380	0.00114	0.00407	0.00346	0.00389	0.00645
39	0.00451	0.00384	0.00388	0.00387	0.00514	0.00321	0.00290	0.00550	0.00871	0.01040	0.06393	0.03624	0.81591	0.00955	0.00448	0.00128	0.00192	0.00797	0.00354	0.00321
40	0.00448	0.00384	0.00384	0.00384	0.00512	0.00320	0.00288	0.00544	0.00864	0.01025	0.03842	0.03650	0.84152	0.00960	0.00448	0.00128	0.00192	0.00800	0.00352	0.00320
41	0.00552	0.00368	0.00414	0.00414	0.00414	0.00368	0.00230	0.00552	0.00552	0.00735	0.01195	0.02482	0.01379	0.86672	0.01930	0.00368	0.00368	0.00552	0.00230	0.00230
42	0.00552	0.00368	0.00414	0.00414	0.00414	0.00368	0.00230	0.00552	0.00552	0.00735	0.01195	0.02482	0.01379	0.86672	0.01930	0.00368	0.00368	0.00552	0.00230	0.00230
43	0.01014	0.86900	0.01987	0.00649	0.00973	0.01501	0.00649	0.01136	0.00771	0.00892	0.00527	0.00608	0.00487	0.00324	0.00243	0.00081	0.00406	0.00203	0.00162	0.00487
44	0.00761	0.01962	0.84707	0.01081	0.01641	0.00881	0.01401	0.01201	0.00801	0.01201	0.00681	0.00801	0.00480	0.00360	0.00360	0.00120	0.00560	0.00280	0.00160	0.00560
45	0.00449	0.00379	0.00389	0.00397	0.00516	0.00319	0.00294	0.00543	0.00852	0.01019	0.03686	0.11037	0.76866	0.00981	0.00451	0.00130	0.00195	0.00825	0.00352	0.00319
46	0.01014	0.86900	0.01987	0.00649	0.00973	0.01501	0.00649	0.01136	0.00771	0.00892	0.00527	0.00608	0.00487	0.00324	0.00243	0.00081	0.00406	0.00203	0.00162	0.00487
47	0.89350	0.00733	0.00557	0.00499	0.00733	0.00851	0.00411	0.01115	0.00645	0.01702	0.00528	0.00616	0.00411	0.00352	0.00235	0.00117	0.00293	0.00205	0.00235	0.00411
48	0.00462	0.00330	0.00440	0.00528	0.00550	0.00308	0.00352	0.00528	0.00726	0.00968	0.02090	0.86424	0.02508	0.01188	0.00484	0.00154	0.00220	0.01078	0.00352	0.00308
