[name]
unknown

[dist]
# distance from previous block
# <min> <max>
0	4

[block]
# block no. 0 follows, 69 sequences, length 21
# corresponding to MSA columns:
# 4-24
name=unknown_A
#
# <colnr> <probs for GDERKNQSTAVLIFYWHMCP>
#	G	D	E	R	K	N	Q	S	T	A	V	L	I	F	Y	W	H	M	C	P
0	0.01301	0.18796	0.01255	0.00914	0.01132	0.59841	0.00728	0.01415	0.01028	0.00972	0.00734	0.01046	0.00672	0.00455	0.00351	0.00105	0.00616	0.07973	0.00210	0.00455
1	0.69087	0.08993	0.00787	0.00577	0.00835	0.02545	0.00485	0.07822	0.00798	0.04275	0.00610	0.00684	0.00470	0.00374	0.00262	0.00117	0.00333	0.00230	0.00254	0.00460
2	0.00505	0.00426	0.00448	0.00423	0.00573	0.00353	0.00320	0.00619	0.00905	0.01125	0.10672	0.03416	0.68641	0.00909	0.00447	0.00124	0.00206	0.00760	0.00357	0.08770
3	0.01152	0.01133	0.01639	0.09343	0.05103	0.12149	0.33927	0.25695	0.03175	0.01567	0.00820	0.00981	0.00613	0.00394	0.00416	0.00123	0.00568	0.00386	0.00259	0.00557
4	0.00686	0.00446	0.00574	0.00524	0.00643	0.00416	0.00399	0.00907	0.04767	0.09441	0.69830	0.02734	0.05575	0.00765	0.00453	0.00124	0.00205	0.00670	0.00433	0.00408
5	0.01048	0.86458	0.02054	0.00671	0.01006	0.01551	0.00671	0.01174	0.00797	0.00922	0.00545	0.00629	0.00503	0.00335	0.00252	0.00084	0.00419	0.00210	0.00168	0.00503
6	0.00499	0.00399	0.00450	0.00466	0.00577	0.00350	0.00356	0.00618	0.00913	0.01143	0.15259	0.11583	0.54065	0.00998	0.00476	0.00140	0.00219	0.10776	0.00374	0.00339
7	0.03798	0.01590	0.03160	0.09125	0.04338	0.59671	0.05434	0.01492	0.05788	0.01061	0.00688	0.00813	0.00553	0.00402	0.00365	0.00109	0.00641	0.00288	0.00211	0.00475
8	0.03803	0.00800	0.01147	0.16091	0.01338	0.01009	0.03148	0.01053	0.00708	0.07826	0.00658	0.00925	0.00559	0.00558	0.00900	0.00146	0.49909	0.00337	0.00207	0.08879
9	0.00478	0.00341	0.00455	0.00546	0.00569	0.00318	0.00364	0.00546	0.00751	0.01001	0.02161	0.85966	0.02593	0.01228	0.00500	0.00159	0.00227	0.01114	0.00364	0.00318
10	0.00970	0.00931	0.01591	0.02406	0.83777	0.00931	0.01203	0.01203	0.00893	0.01281	0.00737	0.00970	0.00621	0.00349	0.00388	0.00116	0.00466	0.00349	0.00194	0.00621
11	0.00991	0.00914	0.01553	0.05068	0.78157	0.00917	0.01177	0.01222	0.00897	0.04228	0.00765	0.00986	0.00630	0.00356	0.00388	0.00117	0.00463	0.00351	0.00204	0.00617
12	0.88991	0.00758	0.00576	0.00516	0.00758	0.00879	0.00425	0.01152	0.00667	0.01759	0.00546	0.00637	0.00425	0.00364	0.00243	0.00121	0.00303	0.00212	0.00243	0.00425
13	0.00786	0.02028	0.84191	0.01117	0.01697	0.00910	0.01448	0.01242	0.00828	0.01242	0.00704	0.00828	0.00497	0.00372	0.00372	0.00124	0.00579	0.00290	0.00166	0.00579
14	0.00555	0.00401	0.00524	0.00493	0.00586	0.00370	0.00370	0.00740	0.01110	0.01572	0.83570	0.02928	0.03699	0.00801	0.00462	0.00123	0.00185	0.00709	0.00432	0.00370
15	0.01475	0.01559	0.01137	0.00967	0.01213	0.51117	0.00753	0.34081	0.01405	0.01567	0.00741	0.00801	0.00570	0.00431	0.00369	0.00108	0.00596	0.00293	0.00278	0.00540
16	0.00485	0.00347	0.00464	0.00555	0.00581	0.00325	0.00377	0.00559	0.00758	0.01009	0.02157	0.81940	0.02576	0.01221	0.00502	0.00160	0.00234	0.05066	0.00364	0.00321
17	0.88991	0.00758	0.00576	0.00516	0.00758	0.00879	0.00425	0.01152	0.00667	0.01759	0.00546	0.00637	0.00425	0.00364	0.00243	0.00121	0.00303	0.00212	0.00243	0.00425
18	0.00975	0.00842	0.00886	0.00798	0.01019	0.00975	0.00621	0.02083	0.83069	0.01640	0.01596	0.01463	0.01197	0.00532	0.00399	0.00133	0.00310	0.00443	0.00399	0.00621
19	0.01490	0.01098	0.01177	0.00902	0.01216	0.01216	0.00745	0.82470	0.01843	0.02471	0.00941	0.00941	0.00667	0.00471	0.00392	0.00118	0.00431	0.00353	0.00392	0.00667
20	0.00469	0.00399	0.00405	0.00408	0.00539	0.00335	0.00309	0.00571	0.00894	0.01063	0.03906	0.03795	0.80805	0.00996	0.00466	0.00134	0.00204	0.03604	0.00364	0.00332

[dist]
# distance from previous block
# <min> <max>
0	4

[block]
# block no. 1 follows, 69 sequences, length 20
# corresponding to MSA columns:
# 29-48
name=unknown_B
#
# <colnr> <probs for GDERKNQSTAVLIFYWHMCP>
#	G	D	E	R	K	N	Q	S	T	A	V	L	I	F	Y	W	H	M	C	P
0	0.00632	0.00451	0.00632	0.00722	0.00812	0.00451	0.00632	0.00812	0.00902	0.01173	0.02076	0.04422	0.02256	0.01083	0.00541	0.00180	0.00361	0.81138	0.00361	0.00361
1	0.01759	0.00667	0.00910	0.00698	0.01001	0.00576	0.00576	0.01911	0.01122	0.84048	0.01547	0.01334	0.00970	0.00485	0.00394	0.00121	0.00334	0.00394	0.00485	0.00667
2	0.00556	0.00399	0.00513	0.00485	0.00579	0.00368	0.00364	0.00737	0.01091	0.01545	0.77381	0.02922	0.07268	0.00800	0.00457	0.00123	0.00186	0.00704	0.03155	0.00368
3	0.00988	0.00893	0.01138	0.03760	0.28362	0.02583	0.00832	0.03622	0.50137	0.01509	0.01252	0.01262	0.00962	0.00464	0.00394	0.00126	0.00378	0.00404	0.00321	0.00613
4	0.00570	0.00381	0.00435	0.00435	0.00437	0.00384	0.00246	0.00575	0.00572	0.00765	0.01229	0.02530	0.01410	0.83376	0.04821	0.00389	0.00403	0.00565	0.00237	0.00241
5	0.01004	0.11782	0.01610	0.07012	0.61434	0.02743	0.03347	0.01222	0.00888	0.04230	0.00739	0.00942	0.00610	0.00356	0.00373	0.00113	0.00469	0.00334	0.00200	0.00591
6	0.14042	0.73796	0.01836	0.00648	0.00970	0.01452	0.00634	0.01171	0.00777	0.01046	0.00545	0.00630	0.00491	0.00340	0.00250	0.00089	0.00402	0.00210	0.00179	0.00491
7	0.88991	0.00758	0.00576	0.00516	0.00758	0.00879	0.00425	0.01152	0.00667	0.01759	0.00546	0.00637	0.00425	0.00364	0.00243	0.00121	0.00303	0.00212	0.00243	0.00425
8	0.00548	0.00400	0.00515	0.00486	0.00582	0.00367	0.00365	0.00727	0.01094	0.01535	0.77806	0.02990	0.09486	0.00815	0.00462	0.00124	0.00186	0.00718	0.00427	0.00367
9	0.00468	0.00397	0.00403	0.00402	0.00532	0.00333	0.00301	0.00571	0.00904	0.01084	0.07822	0.03732	0.79752	0.00984	0.00463	0.00132	0.00198	0.00822	0.00367	0.00333
10	0.00478	0.00341	0.00455	0.00546	0.00569	0.00318	0.00364	0.00546	0.00751	0.01001	0.02161	0.85966	0.02593	0.01228	0.00500	0.00159	0.00227	0.01114	0.00364	0.00318
11	0.88991	0.00758	0.00576	0.00516	0.00758	0.00879	0.00425	0.01152	0.00667	0.01759	0.00546	0.00637	0.00425	0.00364	0.00243	0.00121	0.00303	0.00212	0.00243	0.00425
12	0.01759	0.00667	0.00910	0.00698	0.01001	0.00576	0.00576	0.01911	0.01122	0.84048	0.01547	0.01334	0.00970	0.00485	0.00394	0.00121	0.00334	0.00394	0.00485	0.00667
13	0.01048	0.86458	0.02054	0.00671	0.01006	0.01551	0.00671	0.01174	0.00797	0.00922	0.00545	0.00629	0.00503	0.00335	0.00252	0.00084	0.00419	0.00210	0.00168	0.00503
14	0.01490	0.01098	0.01177	0.00902	0.01216	0.01216	0.00745	0.82470	0.01843	0.02471	0.00941	0.00941	0.00667	0.00471	0.00392	0.00118	0.00431	0.00353	0.00392	0.00667
15	0.00719	0.00664	0.01112	0.75385	0.02466	0.00826	0.01019	0.00966	0.00766	0.00991	0.00738	0.01103	0.00576	0.00690	0.10243	0.00189	0.00584	0.00357	0.00178	0.00426
16	0.00926	0.00791	0.00844	0.00762	0.00969	0.00904	0.00591	0.01926	0.73488	0.01632	0.11178	0.01634	0.01489	0.00563	0.00406	0.00132	0.00296	0.00474	0.00403	0.00591
17	0.00967	0.00809	0.00864	0.00779	0.00986	0.00922	0.00603	0.09753	0.65515	0.01646	0.01598	0.11289	0.01308	0.00607	0.00410	0.00135	0.00312	0.00513	0.00394	0.00590
18	0.00882	0.00753	0.00805	0.00744	0.00942	0.00850	0.00584	0.01784	0.65587	0.01527	0.01919	0.02016	0.10932	0.00639	0.00420	0.00137	0.00302	0.08223	0.00391	0.00562
19	0.78645	0.00709	0.00562	0.00519	0.00736	0.00814	0.00417	0.01082	0.00677	0.01670	0.00735	0.10611	0.00678	0.00465	0.00273	0.00126	0.00294	0.00318	0.00257	0.00412

[dist]
# distance from previous block
# <min> <max>
0	17

[block]
# block no. 2 follows, 69 sequences, length 46
# corresponding to MSA columns:
# 66-111
name=unknown_C
#
# <colnr> <probs for GDERKNQSTAVLIFYWHMCP>
#	G	D	E	R	K	N	Q	S	T	A	V	L	I	F	Y	W	H	M	C	P
0	0.01469	0.00833	0.00979	0.00776	0.01058	0.00851	0.00631	0.31883	0.11926	0.36894	0.01347	0.05951	0.00971	0.00524	0.00398	0.00122	0.00360	0.00423	0.00428	0.02175
1	0.00589	0.00443	0.00632	0.00633	0.00708	0.00508	0.00491	0.00777	0.05276	0.00958	0.01157	0.01783	0.01101	0.07913	0.69421	0.00558	0.00923	0.05540	0.00232	0.00359
2	0.00495	0.00422	0.00429	0.00423	0.00559	0.00368	0.00318	0.00653	0.05518	0.01107	0.06262	0.03617	0.76552	0.00961	0.00460	0.00132	0.00204	0.00802	0.00368	0.00348
3	0.01681	0.00660	0.00886	0.00684	0.00978	0.00574	0.00564	0.03246	0.01122	0.77956	0.01672	0.01465	0.05610	0.00513	0.00398	0.00122	0.00328	0.00418	0.00477	0.00648
4	0.01428	0.01803	0.01094	0.00986	0.01196	0.79921	0.00741	0.01533	0.01094	0.00977	0.00611	0.00713	0.00509	0.00398	0.00350	0.00099	0.00684	0.00251	0.00204	0.05409
5	0.00782	0.00719	0.01176	0.80538	0.02617	0.00890	0.01069	0.05580	0.00843	0.01084	0.00711	0.01039	0.00531	0.00396	0.00392	0.00130	0.00517	0.00349	0.00186	0.00448
6	0.00555	0.00401	0.00524	0.00493	0.00586	0.00370	0.00370	0.00740	0.01110	0.01572	0.83570	0.02928	0.03699	0.00801	0.00462	0.00123	0.00185	0.00709	0.00432	0.00370
7	0.01012	0.00861	0.00907	0.00805	0.01034	0.00992	0.00629	0.07867	0.77224	0.01700	0.01549	0.01425	0.01159	0.00527	0.00398	0.00132	0.00319	0.00437	0.00398	0.00624
8	0.01048	0.86458	0.02054	0.00671	0.01006	0.01551	0.00671	0.01174	0.00797	0.00922	0.00545	0.00629	0.00503	0.00335	0.00252	0.00084	0.00419	0.00210	0.00168	0.00503
9	0.00970	0.00931	0.01591	0.02406	0.83777	0.00931	0.01203	0.01203	0.00893	0.01281	0.00737	0.00970	0.00621	0.00349	0.00388	0.00116	0.00466	0.00349	0.00194	0.00621
10	0.00478	0.00341	0.00455	0.00546	0.00569	0.00318	0.00364	0.00546	0.00751	0.01001	0.02161	0.85966	0.02593	0.01228	0.00500	0.00159	0.00227	0.01114	0.00364	0.00318
11	0.00975	0.00842	0.00886	0.00798	0.01019	0.00975	0.00621	0.02083	0.83069	0.01640	0.01596	0.01463	0.01197	0.00532	0.00399	0.00133	0.00310	0.00443	0.00399	0.00621
12	0.00853	0.00906	0.01829	0.30806	0.05748	0.00929	0.47761	0.01150	0.00874	0.01165	0.00801	0.01164	0.00627	0.00378	0.00437	0.00133	0.00594	0.03156	0.00195	0.00495
13	0.00512	0.00396	0.00467	0.00457	0.00561	0.00351	0.00340	0.00655	0.00999	0.01326	0.45862	0.08131	0.36717	0.00906	0.00465	0.00129	0.00193	0.00782	0.00400	0.00351
14	0.00916	0.02212	0.01319	0.01086	0.01147	0.07900	0.09124	0.01029	0.00677	0.00976	0.00551	0.00863	0.00522	0.00622	0.01113	0.00161	0.68818	0.00346	0.00177	0.00442
15	0.03279	0.74154	0.09627	0.00717	0.01070	0.03703	0.00739	0.01190	0.00805	0.00974	0.00561	0.00650	0.00501	0.00341	0.00265	0.00089	0.00439	0.00218	0.00170	0.00507
16	0.01013	0.00969	0.01311	0.03854	0.47744	0.07430	0.00971	0.04222	0.24141	0.01386	0.01000	0.02535	0.00807	0.00425	0.00391	0.00121	0.00437	0.00381	0.00262	0.00600
17	0.00486	0.00398	0.00428	0.00421	0.00543	0.00341	0.00316	0.00606	0.00947	0.01186	0.23631	0.03564	0.63879	0.00946	0.00463	0.00130	0.00195	0.00798	0.00381	0.00341
18	0.00653	0.00358	0.00532	0.00532	0.00546	0.00372	0.00368	0.00551	0.00536	0.00729	0.00771	0.01302	0.00763	0.04140	0.18297	0.68313	0.00485	0.00363	0.00180	0.00208
19	0.00731	0.00365	0.00365	0.00365	0.00457	0.00365	0.00274	0.00913	0.00822	0.01462	0.01279	0.01462	0.01005	0.00457	0.00274	0.00091	0.00183	0.00365	0.88399	0.00365
20	0.00731	0.00365	0.00365	0.00365	0.00457	0.00365	0.00274	0.00913	0.00822	0.01462	0.01279	0.01462	0.01005	0.00457	0.00274	0.00091	0.00183	0.00365	0.88399	0.00365
21	0.00747	0.00704	0.01189	0.82752	0.05173	0.00873	0.01092	0.01008	0.00787	0.01010	0.00698	0.01043	0.00526	0.00391	0.00392	0.00130	0.00521	0.00348	0.00175	0.00441
22	0.01490	0.01098	0.01177	0.00902	0.01216	0.01216	0.00745	0.82470	0.01843	0.02471	0.00941	0.00941	0.00667	0.00471	0.00392	0.00118	0.00431	0.00353	0.00392	0.00667
23	0.88991	0.00758	0.00576	0.00516	0.00758	0.00879	0.00425	0.01152	0.00667	0.01759	0.00546	0.00637	0.00425	0.00364	0.00243	0.00121	0.00303	0.00212	0.00243	0.00425
24	0.01490	0.01098	0.01177	0.00902	0.01216	0.01216	0.00745	0.82470	0.01843	0.02471	0.00941	0.00941	0.00667	0.00471	0.00392	0.00118	0.00431	0.00353	0.00392	0.00667
25	0.01759	0.00667	0.00910	0.00698	0.01001	0.00576	0.00576	0.01911	0.01122	0.84048	0.01547	0.01334	0.00970	0.00485	0.00394	0.00121	0.00334	0.00394	0.00485	0.00667
26	0.01759	0.00667	0.00910	0.00698	0.01001	0.00576	0.00576	0.01911	0.01122	0.84048	0.01547	0.01334	0.00970	0.00485	0.00394	0.00121	0.00334	0.00394	0.00485	0.00667
27	0.01048	0.86458	0.02054	0.00671	0.01006	0.01551	0.00671	0.01174	0.00797	0.00922	0.00545	0.00629	0.00503	0.00335	0.00252	0.00084	0.00419	0.00210	0.00168	0.00503
28	0.00975	0.00842	0.00886	0.00798	0.01019	0.00975	0.00621	0.02083	0.83069	0.01640	0.01596	0.01463	0.01197	0.00532	0.00399	0.00133	0.00310	0.00443	0.00399	0.00621
29	0.00925	0.01058	0.02313	0.01652	0.02049	0.00991	0.82353	0.01256	0.00925	0.01256	0.00793	0.01058	0.00595	0.00330	0.00463	0.00132	0.00661	0.00463	0.00198	0.00529
30	0.01742	0.00694	0.00927	0.00710	0.01014	0.00617	0.00587	0.07010	0.01168	0.78885	0.01508	0.01309	0.00951	0.00484	0.00394	0.00121	0.00340	0.00392	0.00479	0.00667
31	0.00545	0.00400	0.00510	0.00483	0.00580	0.00366	0.00362	0.00720	0.01086	0.01516	0.74807	0.03021	0.12498	0.00823	0.00462	0.00124	0.00186	0.00722	0.00424	0.00366
32	0.01700	0.00715	0.00934	0.00721	0.01022	0.00653	0.00594	0.09475	0.04702	0.72864	0.01492	0.01303	0.00952	0.00486	0.00394	0.00121	0.00342	0.00392	0.00473	0.00665
33	0.01048	0.86458	0.02054	0.00671	0.01006	0.01551	0.00671	0.01174	0.00797	0.00922	0.00545	0.00629	0.00503	0.00335	0.00252	0.00084	0.00419	0.00210	0.00168	0.00503
34	0.00501	0.00408	0.00455	0.00470	0.00590	0.00363	0.00369	0.00619	0.00885	0.01084	0.05771	0.03717	0.62238	0.01126	0.05806	0.00172	0.00280	0.14452	0.00356	0.00338
35	0.00555	0.00401	0.00524	0.00493	0.00586	0.00370	0.00370	0.00740	0.01110	0.01572	0.83570	0.02928	0.03699	0.00801	0.00462	0.00123	0.00185	0.00709	0.00432	0.00370
36	0.00933	0.00960	0.01807	0.07222	0.40984	0.00965	0.32511	0.01222	0.03088	0.01247	0.00769	0.01017	0.00615	0.00365	0.00460	0.00126	0.04550	0.00395	0.00199	0.00565
37	0.00594	0.00466	0.00680	0.00661	0.00719	0.00561	0.00515	0.00719	0.00623	0.00904	0.01003	0.01530	0.00957	0.07963	0.70240	0.00564	0.10321	0.00421	0.00208	0.00352
38	0.00726	0.00661	0.00948	0.00846	0.00879	0.00871	0.01905	0.00831	0.00615	0.00924	0.00771	0.01232	0.00753	0.06965	0.33519	0.00361	0.46223	0.00389	0.00191	0.00388
39	0.00483	0.00345	0.00461	0.00552	0.00577	0.00323	0.00373	0.00555	0.00756	0.01006	0.02158	0.83305	0.02582	0.01223	0.00502	0.00160	0.00232	0.03726	0.00364	0.00320
40	0.00993	0.23673	0.27476	0.01135	0.01556	0.05505	0.25707	0.04436	0.00914	0.04006	0.00722	0.00861	0.00551	0.00359	0.00369	0.00115	0.00555	0.00325	0.00198	0.00544
41	0.00593	0.00475	0.00633	0.00649	0.00737	0.03258	0.05617	0.00711	0.00841	0.02459	0.04799	0.46538	0.12677	0.01058	0.00494	0.00155	0.00295	0.17307	0.00352	0.00354
42	0.00583	0.00435	0.00637	0.00630	0.00698	0.00512	0.00492	0.00724	0.00641	0.00946	0.01042	0.01506	0.00962	0.02688	0.75821	0.00577	0.04546	0.00413	0.05790	0.00354
43	0.01171	0.00969	0.06002	0.00996	0.08323	0.02830	0.03922	0.17274	0.37840	0.12980	0.02676	0.01257	0.00976	0.00482	0.00397	0.00126	0.00387	0.00403	0.00366	0.00622
44	0.02573	0.00744	0.00913	0.00742	0.00999	0.00745	0.00610	0.22622	0.06382	0.40264	0.05455	0.01583	0.01142	0.00704	0.05742	0.00158	0.00397	0.07201	0.00422	0.00600
45	0.00925	0.06475	0.04649	0.01491	0.01865	0.02910	0.66938	0.01250	0.02781	0.01229	0.00853	0.02462	0.00685	0.00378	0.00446	0.00130	0.00619	0.03185	0.00208	0.00520

[dist]
# distance from previous block
# <min> <max>
4	7

[block]
# block no. 3 follows, 69 sequences, length 32
# corresponding to MSA columns:
# 119-150
name=unknown_D
#
# <colnr> <probs for GDERKNQSTAVLIFYWHMCP>
#	G	D	E	R	K	N	Q	S	T	A	V	L	I	F	Y	W	H	M	C	P
0	0.01210	0.03198	0.02404	0.00843	0.01119	0.03160	0.00689	0.37934	0.38176	0.01956	0.01203	0.01155	0.00890	0.00485	0.00386	0.00121	0.00381	0.00382	0.00375	0.03933
1	0.01006	0.00733	0.00819	0.00718	0.00935	0.00792	0.00562	0.01774	0.53553	0.13593	0.13577	0.01705	0.04070	0.00570	0.00405	0.00127	0.00291	0.00479	0.00409	0.03881
2	0.00963	0.01149	0.14175	0.10047	0.43303	0.07403	0.06611	0.04717	0.00917	0.01253	0.00732	0.00952	0.00590	0.00441	0.02582	0.00134	0.02924	0.00342	0.00197	0.00567
3	0.00730	0.03272	0.00736	0.00628	0.00799	0.00645	0.03160	0.01237	0.31622	0.02600	0.23427	0.03851	0.24274	0.00726	0.00432	0.00129	0.00261	0.00621	0.00385	0.00466
4	0.01717	0.00658	0.00896	0.00690	0.00986	0.00569	0.00569	0.01870	0.01122	0.81201	0.04378	0.01389	0.01065	0.00496	0.00397	0.00121	0.00328	0.00405	0.00483	0.00657
5	0.01750	0.00681	0.00918	0.00704	0.01008	0.00596	0.00582	0.04445	0.01145	0.81482	0.01528	0.01322	0.00961	0.00485	0.00394	0.00121	0.00337	0.00393	0.00482	0.00667
6	0.01516	0.01282	0.01123	0.00910	0.01188	0.26815	0.00728	0.47602	0.01529	0.12099	0.00913	0.00918	0.00655	0.00452	0.00381	0.00113	0.00504	0.00327	0.00345	0.00601
7	0.00512	0.00393	0.00471	0.00488	0.00577	0.00357	0.00356	0.00654	0.02663	0.01223	0.29016	0.27305	0.30509	0.00992	0.00474	0.00138	0.00209	0.02930	0.00386	0.00347
8	0.00559	0.00375	0.00431	0.00442	0.00444	0.00373	0.00253	0.00567	0.00591	0.00789	0.01345	0.12439	0.01564	0.76160	0.01818	0.00354	0.00362	0.00635	0.00253	0.00247
9	0.00963	0.01006	0.01980	0.05099	0.27816	0.00980	0.49219	0.05581	0.00959	0.01319	0.00780	0.01023	0.00604	0.00346	0.00433	0.00126	0.00582	0.00417	0.00206	0.00562
10	0.00894	0.01574	0.50796	0.01019	0.01466	0.00952	0.03372	0.06688	0.26410	0.01444	0.00998	0.01038	0.00727	0.00427	0.00384	0.00127	0.00489	0.00346	0.00253	0.00596
11	0.00483	0.00363	0.00450	0.00512	0.00570	0.00329	0.00358	0.00569	0.00808	0.01044	0.05450	0.57553	0.24250	0.01144	0.00491	0.00152	0.00224	0.04558	0.00366	0.00325
12	0.00775	0.00451	0.00459	0.00443	0.00558	0.00475	0.00337	0.01125	0.15667	0.01494	0.01336	0.01462	0.01039	0.00470	0.00297	0.00099	0.00206	0.00379	0.72515	0.00411
13	0.00560	0.00420	0.00630	0.00630	0.00700	0.00490	0.00490	0.00700	0.00630	0.00910	0.01050	0.01540	0.00980	0.02940	0.84669	0.00630	0.01050	0.00420	0.00210	0.00350
14	0.01126	0.04526	0.25906	0.04370	0.05470	0.27488	0.05763	0.06983	0.09398	0.04097	0.00810	0.00901	0.00612	0.00405	0.00374	0.00116	0.00565	0.00314	0.00231	0.00544
15	0.01464	0.01868	0.01111	0.01010	0.01212	0.84648	0.00757	0.01565	0.01111	0.00959	0.00606	0.00707	0.00505	0.00404	0.00353	0.00101	0.00707	0.00252	0.00202	0.00454
16	0.00970	0.00931	0.01591	0.02406	0.83777	0.00931	0.01203	0.01203	0.00893	0.01281	0.00737	0.00970	0.00621	0.00349	0.00388	0.00116	0.00466	0.00349	0.00194	0.00621
17	0.01067	0.80296	0.04763	0.00687	0.01029	0.01492	0.00693	0.01205	0.00810	0.04162	0.00589	0.00663	0.00521	0.00342	0.00261	0.00087	0.00421	0.00219	0.00180	0.00512
18	0.05151	0.01209	0.01141	0.03592	0.01234	0.34287	0.10428	0.07706	0.01056	0.13004	0.00965	0.01336	0.00812	0.02838	0.00481	0.00131	0.04523	0.09341	0.00275	0.00491
19	0.00478	0.00341	0.00455	0.00546	0.00569	0.00318	0.00364	0.00546	0.00751	0.01001	0.02161	0.85966	0.02593	0.01228	0.00500	0.00159	0.00227	0.01114	0.00364	0.00318
20	0.01090	0.00899	0.00951	0.00821	0.01063	0.01029	0.00648	0.20064	0.64900	0.01826	0.01449	0.01346	0.01078	0.00518	0.00397	0.00130	0.00337	0.00423	0.00397	0.00631
21	0.01759	0.00667	0.00910	0.00698	0.01001	0.00576	0.00576	0.01911	0.01122	0.84048	0.01547	0.01334	0.00970	0.00485	0.00394	0.00121	0.00334	0.00394	0.00485	0.00667
22	0.88991	0.00758	0.00576	0.00516	0.00758	0.00879	0.00425	0.01152	0.00667	0.01759	0.00546	0.00637	0.00425	0.00364	0.00243	0.00121	0.00303	0.00212	0.00243	0.00425
23	0.00465	0.00389	0.00406	0.00419	0.00535	0.00329	0.00308	0.00560	0.00872	0.01050	0.03700	0.16089	0.71477	0.01028	0.00469	0.00136	0.00203	0.00870	0.00364	0.00329
24	0.00463	0.00397	0.00397	0.00397	0.00530	0.00331	0.00298	0.00563	0.00894	0.01059	0.03971	0.03773	0.83618	0.00993	0.00463	0.00132	0.00199	0.00827	0.00364	0.00331
25	0.00616	0.00383	0.00459	0.00449	0.00536	0.00364	0.00333	0.00791	0.00973	0.01487	0.46164	0.08712	0.02593	0.00703	0.00394	0.00114	0.00187	0.00610	0.33769	0.00364
26	0.01759	0.00667	0.00910	0.00698	0.01001	0.00576	0.00576	0.01911	0.01122	0.84048	0.01547	0.01334	0.00970	0.00485	0.00394	0.00121	0.00334	0.00394	0.00485	0.00667
27	0.88991	0.00758	0.00576	0.00516	0.00758	0.00879	0.00425	0.01152	0.00667	0.01759	0.00546	0.00637	0.00425	0.00364	0.00243	0.00121	0.00303	0.00212	0.00243	0.00425
28	0.00563	0.00410	0.00579	0.00579	0.00631	0.00462	0.00426	0.00667	0.00615	0.00872	0.01097	0.01800	0.01093	0.24087	0.63677	0.00567	0.00880	0.00458	0.00217	0.00321
29	0.01055	0.80998	0.01997	0.00693	0.01013	0.04131	0.00680	0.01179	0.00800	0.00924	0.00546	0.00639	0.00504	0.00349	0.00289	0.00087	0.03234	0.00215	0.00169	0.00499
30	0.00918	0.22847	0.40381	0.03309	0.16565	0.02579	0.01136	0.01223	0.00842	0.02914	0.00686	0.00818	0.00535	0.00360	0.00343	0.00110	0.00505	0.00282	0.00181	0.03468
31	0.00962	0.02093	0.07614	0.08321	0.56550	0.00941	0.06333	0.03727	0.00904	0.03092	0.00770	0.01025	0.00632	0.00384	0.00427	0.00122	0.03673	0.01639	0.00205	0.00588

[dist]
# distance from previous block
# <min> <max>
2	3

[block]
# block no. 4 follows, 69 sequences, length 85
# corresponding to MSA columns:
# 154-238
name=unknown_E
#
# <colnr> <probs for GDERKNQSTAVLIFYWHMCP>
#	G	D	E	R	K	N	Q	S	T	A	V	L	I	F	Y	W	H	M	C	P
0	0.88991	0.00758	0.00576	0.00516	0.00758	0.00879	0.00425	0.01152	0.00667	0.01759	0.00546	0.00637	0.00425	0.00364	0.00243	0.00121	0.00303	0.00212	0.00243	0.00425
1	0.01029	0.01632	0.51686	0.01081	0.03272	0.00979	0.04290	0.22416	0.03241	0.05434	0.00832	0.00909	0.00587	0.00405	0.00383	0.00123	0.00523	0.00323	0.00247	0.00606
2	0.00550	0.00401	0.00518	0.00489	0.00583	0.00368	0.00366	0.00731	0.01099	0.01547	0.79697	0.02970	0.07588	0.00811	0.00462	0.00124	0.00186	0.00715	0.00428	0.00368
3	0.00558	0.00419	0.00621	0.00621	0.00692	0.00485	0.00482	0.00695	0.00636	0.00912	0.01124	0.01609	0.03006	0.04094	0.81419	0.00614	0.01020	0.00432	0.00214	0.00348
4	0.01453	0.01069	0.01129	0.00881	0.01177	0.03840	0.00721	0.71220	0.03696	0.06114	0.01019	0.04069	0.00759	0.00498	0.00395	0.00119	0.00425	0.00382	0.00389	0.00646
5	0.00472	0.00397	0.00409	0.00406	0.00535	0.00335	0.00305	0.00579	0.00914	0.01107	0.11356	0.03695	0.76203	0.00975	0.00463	0.00132	0.00197	0.00816	0.00370	0.00335
6	0.00817	0.00700	0.00815	0.00586	0.00931	0.00533	0.00468	0.01012	0.02703	0.01286	0.00717	0.00828	0.00595	0.00296	0.00293	0.00060	0.00291	0.00237	0.00236	0.86597
7	0.00472	0.00362	0.00434	0.00491	0.00554	0.00323	0.00340	0.00552	0.00803	0.01022	0.02825	0.55799	0.32331	0.01142	0.00487	0.00149	0.00217	0.01009	0.00364	0.00323
8	0.88991	0.00758	0.00576	0.00516	0.00758	0.00879	0.00425	0.01152	0.00667	0.01759	0.00546	0.00637	0.00425	0.00364	0.00243	0.00121	0.00303	0.00212	0.00243	0.00425
9	0.88991	0.00758	0.00576	0.00516	0.00758	0.00879	0.00425	0.01152	0.00667	0.01759	0.00546	0.00637	0.00425	0.00364	0.00243	0.00121	0.00303	0.00212	0.00243	0.00425
10	0.01490	0.01098	0.01177	0.00902	0.01216	0.01216	0.00745	0.82470	0.01843	0.02471	0.00941	0.00941	0.00667	0.00471	0.00392	0.00118	0.00431	0.00353	0.00392	0.00667
11	0.00495	0.00390	0.00449	0.00464	0.00564	0.00344	0.00344	0.00612	0.00916	0.01170	0.21450	0.19056	0.46130	0.00999	0.00474	0.00138	0.00209	0.05078	0.00379	0.00339
12	0.00858	0.00858	0.01201	0.01029	0.01029	0.01201	0.00858	0.00943	0.00600	0.00943	0.00515	0.00858	0.00515	0.00686	0.01287	0.00172	0.85505	0.00343	0.00172	0.00429
13	0.00955	0.00960	0.03398	0.04970	0.71272	0.00935	0.09306	0.01203	0.00891	0.01268	0.00741	0.00978	0.00613	0.00349	0.00395	0.00119	0.00489	0.00359	0.00193	0.00605
14	0.00992	0.01037	0.04321	0.01512	0.01886	0.00959	0.68260	0.02852	0.00943	0.07954	0.00862	0.02122	0.00646	0.00370	0.00481	0.00132	0.03452	0.00454	0.00225	0.00538
15	0.00977	0.20729	0.24403	0.01133	0.15179	0.08500	0.02681	0.04877	0.00902	0.01212	0.00676	0.00803	0.00544	0.00352	0.00335	0.00100	0.00481	0.00275	0.00196	0.15645
16	0.00561	0.00417	0.00614	0.00614	0.00678	0.00481	0.00470	0.00690	0.00625	0.00898	0.01065	0.01621	0.01015	0.09548	0.78109	0.00610	0.00997	0.00432	0.00212	0.00341
17	0.01683	0.00691	0.00911	0.00704	0.01001	0.00620	0.00580	0.07397	0.02761	0.74169	0.01584	0.01389	0.03621	0.00502	0.00396	0.00122	0.00335	0.00406	0.00473	0.00655
18	0.00464	0.00395	0.00399	0.00402	0.00531	0.00331	0.00300	0.00562	0.00889	0.01057	0.03913	0.06425	0.81003	0.01000	0.00465	0.00133	0.00200	0.00837	0.00364	0.00331
19	0.04573	0.00670	0.00899	0.00692	0.00993	0.00586	0.00571	0.01886	0.01107	0.81393	0.01514	0.01312	0.00953	0.00481	0.00389	0.00121	0.00333	0.00388	0.00477	0.00659
20	0.88991	0.00758	0.00576	0.00516	0.00758	0.00879	0.00425	0.01152	0.00667	0.01759	0.00546	0.00637	0.00425	0.00364	0.00243	0.00121	0.00303	0.00212	0.00243	0.00425
21	0.01490	0.01098	0.01177	0.00902	0.01216	0.01216	0.00745	0.82470	0.01843	0.02471	0.00941	0.00941	0.00667	0.00471	0.00392	0.00118	0.00431	0.00353	0.00392	0.00667
22	0.88991	0.00758	0.00576	0.00516	0.00758	0.00879	0.00425	0.01152	0.00667	0.01759	0.00546	0.00637	0.00425	0.00364	0.00243	0.00121	0.00303	0.00212	0.00243	0.00425
23	0.01490	0.01098	0.01177	0.00902	0.01216	0.01216	0.00745	0.82470	0.01843	0.02471	0.00941	0.00941	0.00667	0.00471	0.00392	0.00118	0.00431	0.00353	0.00392	0.00667
24	0.03083	0.00829	0.00898	0.00771	0.01009	0.00920	0.00610	0.15171	0.52288	0.11142	0.05116	0.01482	0.03835	0.00539	0.00399	0.00128	0.00324	0.00442	0.00404	0.00609
25	0.00568	0.00389	0.00473	0.00473	0.00488	0.00405	0.00294	0.00599	0.00583	0.00794	0.01194	0.02337	0.01326	0.67687	0.20395	0.00436	0.00529	0.00537	0.00231	0.00263
26	0.00467	0.00397	0.00402	0.00401	0.00532	0.00333	0.00301	0.00570	0.00903	0.01081	0.07302	0.03738	0.80273	0.00985	0.00463	0.00132	0.00198	0.00822	0.00367	0.00333
27	0.00560	0.00420	0.00630	0.00630	0.00700	0.00490	0.00490	0.00700	0.00630	0.00910	0.01050	0.01540	0.00980	0.02940	0.84669	0.00630	0.01050	0.00420	0.00210	0.00350
28	0.88991	0.00758	0.00576	0.00516	0.00758	0.00879	0.00425	0.01152	0.00667	0.01759	0.00546	0.00637	0.00425	0.00364	0.00243	0.00121	0.00303	0.00212	0.00243	0.00425
29	0.00602	0.00388	0.00574	0.00576	0.00617	0.00427	0.00422	0.00623	0.00588	0.00824	0.00954	0.03642	0.00934	0.05879	0.49180	0.32128	0.00746	0.00416	0.00201	0.00280
30	0.00746	0.00395	0.00398	0.00392	0.00492	0.00403	0.00295	0.00986	0.05904	0.01473	0.01298	0.01462	0.01017	0.00461	0.00282	0.00094	0.00191	0.00370	0.82961	0.00381
31	0.01174	0.49326	0.03243	0.00944	0.08521	0.27084	0.00761	0.03013	0.00925	0.01005	0.00592	0.00694	0.00518	0.00361	0.00300	0.00094	0.00515	0.00240	0.00185	0.00504
32	0.00908	0.01302	0.29758	0.01898	0.52231	0.00926	0.01262	0.01254	0.04372	0.01283	0.00762	0.00943	0.00603	0.00365	0.00383	0.00120	0.00498	0.00333	0.00193	0.00607
33	0.01334	0.01654	0.01125	0.01021	0.02090	0.68302	0.02248	0.01441	0.01022	0.00964	0.00622	0.00774	0.00532	0.00558	0.04554	0.00136	0.10698	0.00276	0.00199	0.00450
34	0.00570	0.00398	0.00532	0.00532	0.00567	0.00433	0.00368	0.00632	0.00597	0.00831	0.01119	0.01994	0.01171	0.40991	0.43176	0.04379	0.00712	0.00485	0.00221	0.00291
35	0.00935	0.00917	0.02941	0.14057	0.70958	0.00923	0.01191	0.01175	0.00876	0.01241	0.00731	0.00978	0.00605	0.00356	0.00388	0.00119	0.00476	0.00348	0.00191	0.00594
36	0.00942	0.08143	0.23911	0.01084	0.13840	0.02072	0.03059	0.08584	0.00933	0.02932	0.00730	0.00853	0.00571	0.00353	0.00353	0.00098	0.01405	0.00286	0.00220	0.29629
37	0.05221	0.41996	0.03707	0.00849	0.01140	0.31664	0.03999	0.05343	0.00963	0.01072	0.00601	0.00695	0.00512	0.00369	0.00307	0.00096	0.00533	0.00245	0.00196	0.00493
38	0.00629	0.00448	0.00623	0.00709	0.00795	0.00448	0.00614	0.00801	0.00888	0.01155	0.02038	0.04340	0.02219	0.04868	0.00606	0.00189	0.00362	0.77556	0.00356	0.00356
39	0.01056	0.02225	0.23819	0.00920	0.01265	0.02016	0.01900	0.20187	0.38094	0.02628	0.01167	0.01144	0.00857	0.00467	0.00389	0.00126	0.00422	0.00375	0.00327	0.00616
40	0.00946	0.00967	0.03703	0.06539	0.64040	0.00938	0.14647	0.01202	0.00891	0.01261	0.00744	0.00985	0.00609	0.00349	0.00400	0.00120	0.00504	0.00367	0.00193	0.00595
41	0.02339	0.41079	0.42472	0.00916	0.01372	0.01209	0.03372	0.01209	0.00813	0.01103	0.00630	0.00739	0.00501	0.00354	0.00317	0.00106	0.00503	0.00256	0.00169	0.00540
42	0.00817	0.10071	0.73290	0.01095	0.01644	0.00975	0.04379	0.01236	0.00828	0.01212	0.00692	0.00817	0.00501	0.00367	0.00364	0.00121	0.00567	0.00288	0.00167	0.00570
43	0.00979	0.00697	0.00755	0.00676	0.00871	0.00771	0.00526	0.01742	0.52685	0.09765	0.05054	0.01513	0.01239	0.00522	0.00373	0.00122	0.00278	0.00432	0.20445	0.00556
44	0.00516	0.00399	0.00470	0.00452	0.00562	0.00353	0.00339	0.00664	0.01018	0.01354	0.49728	0.03287	0.37677	0.00883	0.00463	0.00127	0.00191	0.00759	0.00403	0.00353
45	0.01106	0.19915	0.20290	0.02074	0.07132	0.12740	0.10444	0.11770	0.02886	0.05022	0.00753	0.00860	0.00579	0.00391	0.00380	0.00113	0.02457	0.00310	0.00226	0.00553
46	0.00570	0.00380	0.00428	0.00428	0.00428	0.00380	0.00238	0.00570	0.00570	0.00760	0.01235	0.02566	0.01425	0.86222	0.01995	0.00380	0.00380	0.00570	0.00238	0.00238
47	0.00538	0.00415	0.00501	0.00521	0.00630	0.00378	0.00418	0.00683	0.00950	0.01221	0.23052	0.03764	0.38879	0.00973	0.00487	0.00145	0.00245	0.25472	0.00380	0.00350
48	0.00959	0.00923	0.01583	0.06138	0.78886	0.00930	0.02418	0.01195	0.00888	0.01268	0.00736	0.00975	0.00616	0.00351	0.00389	0.00117	0.00471	0.00351	0.00193	0.00611
49	0.01031	0.01024	0.01069	0.00949	0.02434	0.14956	0.02837	0.04726	0.36709	0.01322	0.01042	0.01123	0.00832	0.00604	0.02711	0.00150	0.25289	0.00377	0.00286	0.00530
50	0.01608	0.00910	0.01060	0.00813	0.01122	0.00936	0.00671	0.47219	0.01528	0.38167	0.01206	0.01113	0.00800	0.00477	0.00393	0.00119	0.00389	0.00371	0.00433	0.00667
51	0.00478	0.00341	0.00455	0.00546	0.00569	0.00318	0.00364	0.00546	0.00751	0.01001	0.02161	0.85966	0.02593	0.01228	0.00500	0.00159	0.00227	0.01114	0.00364	0.00318
52	0.05461	0.00989	0.01084	0.02469	0.01175	0.01078	0.00701	0.58276	0.08739	0.14402	0.01065	0.01033	0.00744	0.00472	0.00386	0.00120	0.00402	0.00360	0.00396	0.00647
53	0.00879	0.01378	0.29338	0.01476	0.01933	0.00965	0.55649	0.01251	0.00893	0.01251	0.00764	0.00982	0.00562	0.00344	0.00433	0.00130	0.00634	0.00406	0.00187	0.00545
54	0.01759	0.00667	0.00910	0.00698	0.01001	0.00576	0.00576	0.01911	0.01122	0.84048	0.01547	0.01334	0.00970	0.00485	0.00394	0.00121	0.00334	0.00394	0.00485	0.00667
55	0.00472	0.00400	0.00409	0.00413	0.00543	0.00337	0.00314	0.00575	0.00894	0.01065	0.03878	0.03805	0.79608	0.00997	0.00467	0.00135	0.00207	0.04785	0.00364	0.00332
56	0.00947	0.00915	0.01584	0.09954	0.72843	0.00929	0.04686	0.01187	0.00884	0.01254	0.00736	0.00981	0.00611	0.00352	0.00392	0.00118	0.00479	0.00354	0.00192	0.00600
57	0.00681	0.00340	0.00511	0.00511	0.00511	0.00340	0.00340	0.00511	0.00511	0.00681	0.00681	0.01192	0.00681	0.01362	0.01532	0.88594	0.00340	0.00340	0.00170	0.00170
58	0.01048	0.86458	0.02054	0.00671	0.01006	0.01551	0.00671	0.01174	0.00797	0.00922	0.00545	0.00629	0.00503	0.00335	0.00252	0.00084	0.00419	0.00210	0.00168	0.00503
59	0.88991	0.00758	0.00576	0.00516	0.00758	0.00879	0.00425	0.01152	0.00667	0.01759	0.00546	0.00637	0.00425	0.00364	0.00243	0.00121	0.00303	0.00212	0.00243	0.00425
60	0.01467	0.01081	0.01160	0.00894	0.01201	0.01195	0.00736	0.80606	0.01818	0.02437	0.00969	0.02876	0.00711	0.00488	0.00395	0.00119	0.00427	0.00370	0.00392	0.00659
61	0.01490	0.01098	0.01177	0.00902	0.01216	0.01216	0.00745	0.82470	0.01843	0.02471	0.00941	0.00941	0.00667	0.00471	0.00392	0.00118	0.00431	0.00353	0.00392	0.00667
62	0.88991	0.00758	0.00576	0.00516	0.00758	0.00879	0.00425	0.01152	0.00667	0.01759	0.00546	0.00637	0.00425	0.00364	0.00243	0.00121	0.00303	0.00212	0.00243	0.00425
63	0.88991	0.00758	0.00576	0.00516	0.00758	0.00879	0.00425	0.01152	0.00667	0.01759	0.00546	0.00637	0.00425	0.00364	0.00243	0.00121	0.00303	0.00212	0.00243	0.00425
64	0.00551	0.00397	0.00520	0.00496	0.00585	0.00367	0.00370	0.00729	0.01090	0.01540	0.79065	0.07524	0.03638	0.00825	0.00464	0.00125	0.00187	0.00731	0.00428	0.00367
65	0.00469	0.00397	0.00405	0.00403	0.00533	0.00333	0.00302	0.00574	0.00907	0.01092	0.09086	0.03719	0.78482	0.00981	0.00463	0.00132	0.00198	0.00820	0.00368	0.00333
66	0.00740	0.00697	0.01176	0.85280	0.02700	0.00871	0.01089	0.01002	0.00784	0.01002	0.00697	0.01045	0.00523	0.00392	0.00392	0.00131	0.00523	0.00348	0.00174	0.00436
67	0.00639	0.00481	0.00723	0.00767	0.00872	0.00475	0.05663	0.00821	0.00893	0.01166	0.02002	0.09819	0.02177	0.01046	0.00534	0.00176	0.00370	0.70653	0.00351	0.00368
68	0.00580	0.00407	0.00528	0.00494	0.00593	0.00373	0.00372	0.00760	0.01100	0.03564	0.77960	0.02928	0.07252	0.00802	0.00461	0.00124	0.00189	0.00707	0.00430	0.00375
69	0.00539	0.00403	0.00474	0.00458	0.00570	0.00355	0.00343	0.00681	0.01000	0.03217	0.43208	0.06867	0.38672	0.00897	0.00463	0.00129	0.00196	0.00771	0.00400	0.00357
70	0.00478	0.00341	0.00455	0.00546	0.00569	0.00318	0.00364	0.00546	0.00751	0.01001	0.02161	0.85966	0.02593	0.01228	0.00500	0.00159	0.00227	0.01114	0.00364	0.00318
71	0.00975	0.00842	0.00886	0.00798	0.01019	0.00975	0.00621	0.02083	0.83069	0.01640	0.01596	0.01463	0.01197	0.00532	0.00399	0.00133	0.00310	0.00443	0.00399	0.00621
72	0.01080	0.03234	0.19645	0.01742	0.46569	0.04382	0.01124	0.02330	0.00932	0.13964	0.00847	0.00975	0.00640	0.00379	0.00381	0.00117	0.00479	0.00336	0.00235	0.00610
73	0.01137	0.22555	0.15391	0.04630	0.13253	0.10648	0.05387	0.09950	0.02873	0.09447	0.00791	0.00883	0.00604	0.00387	0.00353	0.00110	0.00494	0.00307	0.00237	0.00562
74	0.80804	0.04511	0.02896	0.00540	0.00798	0.00901	0.00464	0.01152	0.00680	0.01698	0.00553	0.00646	0.00433	0.00361	0.00248	0.00118	0.00315	0.00215	0.00237	0.02429
75	0.00711	0.00469	0.00579	0.00519	0.00669	0.00414	0.00398	0.00891	0.02880	0.11121	0.44090	0.05340	0.19134	0.00766	0.00439	0.00121	0.00222	0.01972	0.00401	0.08864
76	0.00785	0.01995	0.82167	0.03169	0.01721	0.00910	0.01440	0.01236	0.00827	0.01236	0.00703	0.00833	0.00497	0.00373	0.00373	0.00124	0.00578	0.00291	0.00166	0.00576
77	0.00740	0.00697	0.01176	0.85280	0.02700	0.00871	0.01089	0.01002	0.00784	0.01002	0.00697	0.01045	0.00523	0.00392	0.00392	0.00131	0.00523	0.00348	0.00174	0.00436
78	0.00520	0.00394	0.00551	0.05688	0.03069	0.00392	0.00448	0.00607	0.00757	0.01011	0.01993	0.74694	0.02358	0.01138	0.00510	0.00157	0.02214	0.02819	0.00343	0.00337
79	0.00482	0.00394	0.00426	0.00426	0.00543	0.00338	0.00316	0.00597	0.00927	0.01157	0.19613	0.09045	0.62432	0.00971	0.00466	0.00132	0.00198	0.00823	0.00377	0.00338
80	0.00567	0.00381	0.00435	0.00435	0.00442	0.00378	0.00250	0.00582	0.00612	0.00823	0.07119	0.04320	0.01611	0.78376	0.01855	0.00357	0.00363	0.00591	0.00254	0.00249
81	0.00556	0.00416	0.00611	0.00614	0.00681	0.00477	0.00472	0.00687	0.00638	0.00911	0.01165	0.03823	0.03263	0.06122	0.76972	0.00595	0.00980	0.00455	0.00219	0.00344
82	0.00800	0.00683	0.00799	0.00579	0.00915	0.00515	0.00461	0.00970	0.00810	0.01267	0.00754	0.04147	0.00659	0.00327	0.00299	0.00062	0.00288	0.00267	0.00237	0.85161
83	0.03323	0.38471	0.33498	0.00893	0.01280	0.06484	0.00986	0.01203	0.00807	0.01072	0.00607	0.00732	0.00500	0.00387	0.00399	0.00109	0.08301	0.00255	0.00171	0.00520
84	0.02758	0.28649	0.52061	0.00982	0.01464	0.02485	0.04168	0.01224	0.00823	0.01148	0.00652	0.00767	0.00501	0.00360	0.00335	0.00111	0.00528	0.00269	0.00170	0.00548

[dist]
# distance from previous block
# <min> <max>
0	14

# created by:
# /st0/software/busco_prod/Augustus/scripts/msa2prfl.pl ./align_prep/25386.fa
