[name]
unknown

[dist]
# distance from previous block
# <min> <max>
7	37

[block]
# block no. 0 follows, 74 sequences, length 7
# corresponding to MSA columns:
# 43-49
name=unknown_A
#
# <colnr> <probs for GDERKNQSTAVLIFYWHMCP>
#	G	D	E	R	K	N	Q	S	T	A	V	L	I	F	Y	W	H	M	C	P
0	0.00957	0.19047	0.37095	0.01088	0.12733	0.01049	0.01030	0.17491	0.03761	0.01362	0.00713	0.00805	0.00542	0.00366	0.00336	0.00108	0.00466	0.00283	0.00211	0.00557
1	0.00733	0.11439	0.63955	0.00936	0.01386	0.00855	0.01147	0.01078	0.00770	0.01110	0.00838	0.12531	0.00743	0.00460	0.00356	0.00118	0.00486	0.00373	0.00183	0.00506
2	0.00759	0.10430	0.61057	0.00912	0.01367	0.00862	0.01116	0.04846	0.00833	0.01174	0.01085	0.01151	0.11985	0.00434	0.00354	0.00114	0.00477	0.00339	0.00193	0.00513
3	0.00743	0.26949	0.12452	0.00702	0.00902	0.00897	0.00653	0.00959	0.07611	0.01001	0.01219	0.26291	0.05059	0.00662	0.00478	0.00123	0.12107	0.00525	0.00241	0.00426
4	0.00479	0.00354	0.00486	0.07305	0.00693	0.00348	0.00393	0.00560	0.00718	0.00958	0.05258	0.72229	0.02286	0.05405	0.00535	0.00158	0.00243	0.00956	0.00327	0.00308
5	0.00747	0.03473	0.00706	0.00644	0.00762	0.04579	0.00493	0.14792	0.09181	0.01248	0.03527	0.35587	0.01612	0.01158	0.14341	0.00210	0.00418	0.05800	0.00317	0.00406
6	0.04408	0.07789	0.01120	0.00809	0.01082	0.01070	0.02781	0.57363	0.06795	0.04377	0.00909	0.00950	0.00674	0.00626	0.07402	0.00151	0.00447	0.00333	0.00333	0.00580

[dist]
# distance from previous block
# <min> <max>
28	78

[block]
# block no. 1 follows, 74 sequences, length 13
# corresponding to MSA columns:
# 135-147
name=unknown_B
#
# <colnr> <probs for GDERKNQSTAVLIFYWHMCP>
#	G	D	E	R	K	N	Q	S	T	A	V	L	I	F	Y	W	H	M	C	P
0	0.33560	0.07460	0.10083	0.00741	0.01029	0.00833	0.10468	0.07766	0.00823	0.06175	0.02655	0.02900	0.00646	0.00520	0.05296	0.00137	0.00412	0.00302	0.00240	0.07954
1	0.05722	0.02095	0.11049	0.10592	0.17850	0.01932	0.00792	0.12429	0.02321	0.16494	0.02219	0.01164	0.00764	0.11009	0.00545	0.00143	0.00408	0.00353	0.00269	0.01852
2	0.05773	0.19178	0.01035	0.02825	0.05533	0.06027	0.00546	0.01059	0.00808	0.09928	0.02007	0.11383	0.01910	0.00443	0.00315	0.00091	0.00336	0.00356	0.00247	0.30202
3	0.00904	0.00728	0.01114	0.18815	0.31354	0.00784	0.00859	0.10554	0.03283	0.07722	0.00882	0.02963	0.00721	0.00854	0.16616	0.00208	0.00535	0.00366	0.00235	0.00505
4	0.54296	0.00705	0.00692	0.00634	0.06013	0.00728	0.00474	0.01149	0.00727	0.11745	0.00675	0.00739	0.00509	0.00343	0.00266	0.00102	0.00298	0.00234	0.00253	0.19419
5	0.11811	0.00867	0.00844	0.11856	0.01133	0.16035	0.00569	0.01103	0.00817	0.05779	0.00671	0.00787	0.00532	0.00326	0.00298	0.00082	0.00379	0.00244	0.00222	0.45646
6	0.09550	0.22660	0.01114	0.00676	0.00929	0.05501	0.00572	0.17263	0.02347	0.23828	0.01046	0.11141	0.00865	0.00491	0.00335	0.00109	0.00358	0.00380	0.00315	0.00520
7	0.00738	0.00573	0.00881	0.00885	0.11080	0.00605	0.08324	0.10613	0.00764	0.01057	0.00872	0.01309	0.00802	0.09555	0.33017	0.17322	0.00634	0.00385	0.00212	0.00372
8	0.11557	0.00577	0.00523	0.00504	0.00564	0.10601	0.00335	0.00735	0.00619	0.00876	0.00997	0.01876	0.01077	0.55670	0.11748	0.00327	0.00466	0.00445	0.00218	0.00284
9	0.00710	0.00569	0.00810	0.01014	0.21932	0.00570	0.00615	0.10883	0.00926	0.01265	0.11403	0.36666	0.01854	0.00803	0.00434	0.00133	0.00303	0.08371	0.00315	0.00424
10	0.00972	0.00804	0.01302	0.09761	0.56640	0.00789	0.00973	0.01179	0.00853	0.11448	0.00784	0.00950	0.00615	0.00344	0.00357	0.00105	0.00411	0.00323	0.00220	0.11169
11	0.06677	0.00990	0.01147	0.03097	0.23110	0.09816	0.02277	0.32794	0.01193	0.03377	0.00759	0.00854	0.00581	0.00378	0.00347	0.00103	0.00424	0.00303	0.00269	0.11502
12	0.01014	0.13766	0.10326	0.21643	0.05602	0.03047	0.13461	0.19638	0.01024	0.05885	0.00749	0.00893	0.00558	0.00372	0.00359	0.00112	0.00479	0.00322	0.00231	0.00520

[dist]
# distance from previous block
# <min> <max>
7	36

[block]
# block no. 2 follows, 74 sequences, length 32
# corresponding to MSA columns:
# 187-218
name=unknown_C
#
# <colnr> <probs for GDERKNQSTAVLIFYWHMCP>
#	G	D	E	R	K	N	Q	S	T	A	V	L	I	F	Y	W	H	M	C	P
0	0.01169	0.36426	0.06131	0.00764	0.01074	0.01236	0.00702	0.42202	0.01249	0.01625	0.00764	0.03679	0.00621	0.00412	0.00319	0.00100	0.00405	0.00300	0.00271	0.00552
1	0.07482	0.53831	0.22655	0.00745	0.01112	0.01249	0.00807	0.06444	0.00817	0.01102	0.00578	0.00662	0.00479	0.00337	0.00275	0.00094	0.00428	0.00226	0.00177	0.00499
2	0.06617	0.47979	0.25006	0.00740	0.01094	0.03444	0.00802	0.01123	0.00758	0.03226	0.00623	0.00777	0.00533	0.05457	0.00374	0.00110	0.00435	0.00246	0.00176	0.00480
3	0.03883	0.19669	0.42168	0.00925	0.01325	0.08401	0.05868	0.02198	0.03998	0.02254	0.00691	0.00810	0.00535	0.00491	0.05150	0.00135	0.00533	0.00277	0.00182	0.00506
4	0.54293	0.05429	0.07474	0.00778	0.09233	0.03978	0.00609	0.07576	0.03885	0.02874	0.00630	0.00713	0.00486	0.00359	0.00276	0.00112	0.00353	0.00242	0.00234	0.00465
5	0.04446	0.00798	0.01319	0.28444	0.52623	0.00849	0.01051	0.01070	0.00802	0.01148	0.00677	0.00923	0.00550	0.00342	0.00360	0.00113	0.00446	0.00321	0.00181	0.03536
6	0.06143	0.00886	0.01285	0.16190	0.53438	0.08486	0.00995	0.01110	0.00845	0.01183	0.05393	0.00994	0.00716	0.00367	0.00361	0.00112	0.00447	0.00334	0.00197	0.00519
7	0.00575	0.00441	0.00599	0.00640	0.08171	0.00420	0.00430	0.00786	0.04211	0.01458	0.72358	0.02565	0.04485	0.00713	0.00429	0.00117	0.00204	0.00633	0.00386	0.00380
8	0.00520	0.00379	0.00489	0.00462	0.00551	0.00348	0.00346	0.00691	0.01039	0.01460	0.79674	0.02820	0.08290	0.00770	0.00438	0.00117	0.00176	0.00678	0.00405	0.00348
9	0.00875	0.00834	0.01419	0.12184	0.71641	0.00853	0.01096	0.01093	0.00828	0.01171	0.00745	0.04219	0.00649	0.00367	0.00372	0.00113	0.00439	0.00358	0.00188	0.00556
10	0.01411	0.01040	0.01114	0.00854	0.01151	0.01151	0.00706	0.83402	0.01745	0.02339	0.00891	0.00891	0.00631	0.00446	0.00371	0.00111	0.00408	0.00334	0.00371	0.00631
11	0.04349	0.00653	0.00863	0.00664	0.00950	0.00582	0.00548	0.05493	0.01080	0.78596	0.01409	0.01226	0.00890	0.00455	0.00369	0.00115	0.00319	0.00366	0.00448	0.00625
12	0.00884	0.00847	0.01444	0.15522	0.71665	0.00873	0.01122	0.01109	0.00829	0.01171	0.00692	0.00930	0.00573	0.00337	0.00368	0.00112	0.00449	0.00331	0.00181	0.00560
13	0.01098	0.40969	0.36143	0.01021	0.01444	0.01268	0.05916	0.01332	0.04149	0.01263	0.00859	0.01041	0.00718	0.00488	0.00403	0.00142	0.00544	0.00330	0.00246	0.00627
14	0.00919	0.00882	0.01507	0.02278	0.84640	0.00882	0.01139	0.01139	0.00845	0.01213	0.00698	0.00919	0.00588	0.00331	0.00367	0.00110	0.00441	0.00331	0.00184	0.00588
15	0.00599	0.00412	0.00541	0.03314	0.00688	0.00413	0.00420	0.03507	0.05683	0.05781	0.01813	0.62499	0.02037	0.01159	0.07179	0.00181	0.00306	0.02777	0.00337	0.00355
16	0.00514	0.00353	0.00456	0.00512	0.00557	0.00330	0.00353	0.00603	0.01891	0.03834	0.06743	0.63906	0.07880	0.06374	0.00553	0.00159	0.00230	0.04088	0.00345	0.00317
17	0.01007	0.65405	0.05725	0.00640	0.00944	0.01230	0.00631	0.01141	0.00794	0.10389	0.00866	0.03757	0.05351	0.00399	0.00278	0.00090	0.00377	0.00284	0.00209	0.00482
18	0.00818	0.23064	0.56857	0.00998	0.01474	0.01020	0.08594	0.01161	0.00785	0.01101	0.00636	0.00756	0.00480	0.00340	0.00332	0.00109	0.00518	0.00270	0.00160	0.00526
19	0.00533	0.00392	0.00502	0.00554	0.00631	0.00374	0.00443	0.00657	0.00817	0.01054	0.07982	0.15535	0.19642	0.08991	0.00614	0.00172	0.00281	0.40169	0.00337	0.00320
20	0.00912	0.08135	0.01277	0.18178	0.13958	0.04357	0.15407	0.03061	0.05686	0.09018	0.00880	0.01205	0.00735	0.13359	0.02135	0.00160	0.00467	0.00376	0.00227	0.00467
21	0.04321	0.09812	0.14799	0.01029	0.13609	0.09587	0.00821	0.19293	0.04635	0.12430	0.00936	0.02228	0.02156	0.00427	0.00352	0.00111	0.00432	0.02202	0.00274	0.00548
22	0.02465	0.00602	0.00664	0.00578	0.00749	0.01769	0.00452	0.19364	0.07362	0.10450	0.17048	0.09183	0.18765	0.00668	0.00394	0.00118	0.00266	0.00558	0.08093	0.00451
23	0.02410	0.00582	0.00684	0.00596	0.00749	0.00613	0.00471	0.19587	0.03325	0.06588	0.18265	0.02039	0.20326	0.03162	0.15224	0.00209	0.03889	0.00521	0.00334	0.00427
24	0.02206	0.34245	0.11549	0.07351	0.15990	0.09802	0.02942	0.07336	0.00882	0.02446	0.00638	0.00766	0.00523	0.00379	0.01408	0.00106	0.00470	0.00266	0.00190	0.00507
25	0.01005	0.00786	0.01177	0.03644	0.41525	0.02058	0.03230	0.06960	0.07976	0.14143	0.03651	0.05867	0.05378	0.00465	0.00383	0.00116	0.00383	0.00421	0.00279	0.00551
26	0.00448	0.00375	0.00389	0.00390	0.00508	0.00316	0.00291	0.00548	0.00861	0.01048	0.11465	0.06386	0.73843	0.00930	0.00440	0.00125	0.00188	0.00782	0.00351	0.00316
27	0.00979	0.38906	0.25096	0.00798	0.01146	0.09744	0.00838	0.06061	0.00852	0.04461	0.00663	0.00769	0.00538	0.00542	0.07019	0.00136	0.00512	0.00255	0.00190	0.00496
28	0.02101	0.05756	0.00959	0.00760	0.00981	0.21904	0.02401	0.14080	0.14209	0.16537	0.07321	0.04457	0.05905	0.00509	0.00369	0.00112	0.00404	0.00402	0.00326	0.00509
29	0.05829	0.00708	0.00836	0.03180	0.00962	0.05523	0.00550	0.08938	0.01048	0.55911	0.01380	0.03637	0.04278	0.03043	0.02336	0.00133	0.00357	0.00393	0.00395	0.00561
30	0.01912	0.04331	0.31480	0.06079	0.27736	0.00900	0.09171	0.08225	0.00900	0.01284	0.03993	0.00937	0.00650	0.00366	0.00366	0.00114	0.00484	0.00328	0.00198	0.00544
31	0.00755	0.03210	0.01647	0.10963	0.06638	0.10636	0.00624	0.00925	0.03379	0.05177	0.01528	0.24150	0.04873	0.00837	0.02994	0.00151	0.00387	0.20446	0.00288	0.00393

[dist]
# distance from previous block
# <min> <max>
0	2

[block]
# block no. 3 follows, 74 sequences, length 26
# corresponding to MSA columns:
# 221-246
name=unknown_D
#
# <colnr> <probs for GDERKNQSTAVLIFYWHMCP>
#	G	D	E	R	K	N	Q	S	T	A	V	L	I	F	Y	W	H	M	C	P
0	0.01889	0.06259	0.00940	0.00749	0.02436	0.03436	0.08416	0.10064	0.22830	0.04202	0.18481	0.07237	0.10301	0.00598	0.00395	0.00119	0.00319	0.00518	0.00337	0.00475
1	0.11320	0.05776	0.14561	0.01005	0.03094	0.31403	0.14724	0.02827	0.00884	0.01121	0.00706	0.06121	0.00612	0.00418	0.00383	0.00112	0.03945	0.00330	0.00200	0.00458
2	0.01043	0.53236	0.11984	0.00793	0.01115	0.16921	0.04025	0.03903	0.02161	0.00988	0.00583	0.00671	0.00495	0.00341	0.00285	0.00091	0.00474	0.00233	0.00176	0.00485
3	0.00629	0.00328	0.00472	0.00472	0.00472	0.00328	0.00308	0.00492	0.00492	0.00656	0.00722	0.01320	0.00749	0.13921	0.01515	0.76101	0.00328	0.00354	0.00171	0.00171
4	0.02863	0.00689	0.10463	0.00595	0.00782	0.01727	0.00523	0.10101	0.05397	0.04479	0.30565	0.07939	0.20211	0.00706	0.00412	0.00121	0.00273	0.01387	0.00349	0.00419
5	0.03701	0.04246	0.01003	0.04486	0.10668	0.04429	0.02702	0.19390	0.20665	0.03589	0.05264	0.04254	0.08562	0.00528	0.00411	0.00119	0.03729	0.01427	0.00310	0.00516
6	0.00559	0.00387	0.00452	0.00447	0.00556	0.00338	0.00331	0.00669	0.00882	0.07844	0.20997	0.19683	0.43688	0.00906	0.00440	0.00128	0.00201	0.00780	0.00368	0.00345
7	0.00693	0.00479	0.00624	0.00600	0.00698	0.00473	0.03195	0.13056	0.00927	0.06074	0.11888	0.52370	0.02114	0.04343	0.00503	0.00146	0.00265	0.00819	0.00353	0.00380
8	0.06629	0.07376	0.05476	0.00904	0.01174	0.25186	0.00737	0.22088	0.13207	0.11529	0.01023	0.01075	0.00782	0.00501	0.00399	0.00131	0.00498	0.00346	0.00338	0.00602
9	0.00744	0.03125	0.68128	0.00979	0.01437	0.00829	0.01199	0.04271	0.00804	0.01179	0.00810	0.09325	0.00682	0.00487	0.01897	0.00130	0.02915	0.00356	0.00185	0.00518
10	0.00549	0.00371	0.00426	0.00431	0.00441	0.00371	0.00253	0.02548	0.00592	0.00790	0.01282	0.13864	0.01483	0.73177	0.01660	0.00325	0.00341	0.00605	0.00245	0.00245
11	0.00956	0.63603	0.20868	0.00742	0.01111	0.01315	0.00807	0.05060	0.00808	0.01012	0.00568	0.00653	0.00482	0.00332	0.00271	0.00090	0.00432	0.00222	0.00168	0.00500
12	0.00980	0.00938	0.01248	0.14312	0.42825	0.10953	0.00945	0.08766	0.08769	0.02289	0.00846	0.03216	0.01466	0.00399	0.00369	0.00113	0.00450	0.00352	0.00226	0.00537
13	0.00605	0.00394	0.00503	0.00535	0.00609	0.00370	0.00390	0.02332	0.02025	0.08053	0.07235	0.47903	0.11404	0.05240	0.00530	0.00154	0.00246	0.10771	0.00353	0.00345
14	0.20760	0.00931	0.00766	0.00695	0.00881	0.21045	0.00541	0.07410	0.18523	0.03392	0.05164	0.05201	0.03567	0.02196	0.02337	0.00133	0.00398	0.04578	0.01031	0.00452
15	0.00833	0.00814	0.01289	0.43985	0.39727	0.04897	0.01065	0.01060	0.00804	0.01066	0.00673	0.00942	0.00536	0.00353	0.00368	0.00116	0.00479	0.00326	0.00175	0.00493
16	0.00782	0.00539	0.00623	0.00627	0.00707	0.03101	0.00438	0.07002	0.00878	0.08458	0.03456	0.52942	0.03547	0.12387	0.00694	0.00187	0.02021	0.00842	0.00365	0.00405
17	0.04051	0.00409	0.00517	0.00534	0.00615	0.00394	0.00388	0.03894	0.00838	0.07768	0.15330	0.48478	0.06718	0.01040	0.04333	0.00159	0.00265	0.03559	0.00354	0.00356
18	0.00825	0.00768	0.09725	0.00655	0.00861	0.03958	0.00566	0.08278	0.19349	0.08546	0.16364	0.06536	0.17065	0.00732	0.03960	0.00141	0.00332	0.00532	0.00343	0.00465
19	0.00767	0.00727	0.01232	0.60684	0.27420	0.00842	0.01064	0.01006	0.00773	0.01028	0.00671	0.00968	0.00523	0.00359	0.00370	0.00120	0.00478	0.00330	0.00171	0.00466
20	0.01313	0.00604	0.00791	0.00639	0.00847	0.00583	0.00514	0.05698	0.02328	0.52755	0.05681	0.01407	0.01052	0.07930	0.03677	0.00155	0.06579	0.00397	0.06516	0.00534
21	0.06236	0.01045	0.02522	0.04816	0.06390	0.15121	0.32763	0.07849	0.03735	0.03837	0.00804	0.00954	0.02241	0.00371	0.00401	0.00113	0.02957	0.00354	0.00224	0.07269
22	0.00897	0.00968	0.02061	0.04853	0.07607	0.00918	0.71923	0.01195	0.00875	0.03763	0.00766	0.01003	0.00573	0.00321	0.00429	0.00124	0.00598	0.00425	0.00195	0.00507
23	0.00813	0.00879	0.01827	0.01344	0.01652	0.00842	0.64486	0.01123	0.04926	0.01151	0.00898	0.06197	0.00756	0.02405	0.08760	0.00178	0.00615	0.00472	0.00208	0.00471
24	0.05091	0.03992	0.01082	0.05604	0.04563	0.48732	0.02432	0.05502	0.00940	0.01030	0.00620	0.00785	0.00524	0.00586	0.06710	0.00144	0.10752	0.00276	0.00197	0.00438
25	0.03358	0.02179	0.03846	0.00578	0.00676	0.06530	0.00454	0.01960	0.00750	0.00990	0.05566	0.17087	0.14858	0.12489	0.14637	0.02557	0.03317	0.07563	0.00272	0.00334

[dist]
# distance from previous block
# <min> <max>
0	2

[block]
# block no. 4 follows, 74 sequences, length 18
# corresponding to MSA columns:
# 249-266
name=unknown_E
#
# <colnr> <probs for GDERKNQSTAVLIFYWHMCP>
#	G	D	E	R	K	N	Q	S	T	A	V	L	I	F	Y	W	H	M	C	P
0	0.03749	0.00605	0.00631	0.00585	0.00739	0.03204	0.00447	0.01210	0.34333	0.01366	0.22465	0.06996	0.18743	0.00679	0.00402	0.00122	0.00249	0.00575	0.00362	0.02538
1	0.00745	0.00633	0.00748	0.00551	0.00856	0.00486	0.00438	0.00905	0.00758	0.01181	0.00726	0.03755	0.00637	0.00449	0.05159	0.00089	0.00314	0.00259	0.00223	0.81087
2	0.01182	0.01291	0.01081	0.10480	0.13358	0.45424	0.00774	0.04554	0.03718	0.05377	0.00703	0.00823	0.00559	0.00412	0.01619	0.00108	0.00550	0.00280	0.00217	0.07492
3	0.00700	0.00458	0.00561	0.00508	0.00629	0.00426	0.02794	0.05896	0.00878	0.11291	0.12983	0.11802	0.28509	0.18085	0.00717	0.00171	0.00266	0.00652	0.02311	0.00364
4	0.00647	0.00405	0.00549	0.00531	0.00595	0.00429	0.00382	0.00731	0.00627	0.09387	0.01140	0.04596	0.01129	0.32795	0.43906	0.00448	0.00671	0.00468	0.00240	0.00323
5	0.00465	0.00375	0.00422	0.00422	0.00528	0.00333	0.00315	0.00576	0.00856	0.01082	0.19228	0.08575	0.56047	0.01080	0.07861	0.00166	0.00258	0.00745	0.00344	0.00321
6	0.00905	0.00887	0.03031	0.09506	0.59645	0.00879	0.10517	0.05160	0.00882	0.01241	0.00762	0.00977	0.01802	0.00349	0.00375	0.00113	0.00459	0.00349	0.01605	0.00556
7	0.00803	0.00507	0.00600	0.00551	0.00695	0.00501	0.00433	0.08300	0.09107	0.12262	0.20172	0.08888	0.13822	0.00708	0.00404	0.00122	0.00248	0.09001	0.12452	0.00424
8	0.00458	0.00344	0.00424	0.00472	0.00530	0.00311	0.00328	0.00544	0.00790	0.01030	0.12825	0.53666	0.24826	0.01052	0.00460	0.00140	0.00203	0.00933	0.00353	0.00311
9	0.09120	0.00625	0.00759	0.00613	0.00850	0.00593	0.00497	0.09034	0.04439	0.47140	0.12301	0.01606	0.09716	0.00538	0.00376	0.00116	0.00290	0.00437	0.00409	0.00541
10	0.06214	0.07607	0.22626	0.03621	0.01556	0.02477	0.35187	0.06648	0.00895	0.04191	0.02240	0.01000	0.03274	0.00370	0.00379	0.00117	0.00519	0.00364	0.00210	0.00506
11	0.00543	0.00378	0.00480	0.00518	0.00577	0.00361	0.00361	0.00691	0.06132	0.04238	0.15468	0.57029	0.06625	0.04133	0.00508	0.00149	0.00221	0.00893	0.00357	0.00338
12	0.00866	0.31109	0.46300	0.00935	0.01373	0.04270	0.06344	0.01182	0.02475	0.01070	0.00634	0.00741	0.00492	0.00342	0.00319	0.00104	0.00501	0.00260	0.00165	0.00517
13	0.02975	0.48888	0.17770	0.00801	0.02277	0.07438	0.03320	0.06127	0.00850	0.03670	0.00622	0.00712	0.00511	0.00396	0.02146	0.00105	0.00463	0.00243	0.00187	0.00499
14	0.01163	0.06747	0.00842	0.00634	0.00839	0.00662	0.00505	0.11788	0.07922	0.35292	0.04787	0.08525	0.02165	0.11004	0.05264	0.00172	0.00359	0.00455	0.00365	0.00509
15	0.00539	0.00386	0.00450	0.00442	0.00552	0.00338	0.00331	0.00658	0.00904	0.05945	0.27412	0.12971	0.44411	0.00886	0.00440	0.00126	0.00198	0.02298	0.00370	0.00342
16	0.02396	0.01072	0.10907	0.03748	0.06976	0.15209	0.03364	0.12055	0.13423	0.21230	0.01095	0.03690	0.02252	0.00451	0.00369	0.00115	0.00431	0.00364	0.00308	0.00548
17	0.09019	0.11141	0.29332	0.00853	0.02585	0.07959	0.00864	0.09476	0.06045	0.17997	0.00862	0.00882	0.00613	0.00390	0.00335	0.00110	0.00440	0.00292	0.00262	0.00545

[dist]
# distance from previous block
# <min> <max>
3	20

[block]
# block no. 5 follows, 74 sequences, length 23
# corresponding to MSA columns:
# 287-309
name=unknown_F
#
# <colnr> <probs for GDERKNQSTAVLIFYWHMCP>
#	G	D	E	R	K	N	Q	S	T	A	V	L	I	F	Y	W	H	M	C	P
0	0.00851	0.09602	0.14618	0.07101	0.44327	0.04734	0.01001	0.01076	0.00829	0.01118	0.01018	0.01163	0.10176	0.00408	0.00359	0.00110	0.00439	0.00356	0.00195	0.00520
1	0.02748	0.00836	0.01026	0.02780	0.32644	0.11415	0.01853	0.04765	0.07248	0.04803	0.01507	0.04065	0.18720	0.02256	0.00414	0.00121	0.00388	0.01663	0.00263	0.00486
2	0.00699	0.00619	0.02522	0.01106	0.24948	0.02866	0.00687	0.03498	0.03043	0.01132	0.01549	0.29956	0.03146	0.00805	0.00441	0.00140	0.00340	0.21791	0.00291	0.00421
3	0.02366	0.02650	0.01054	0.01006	0.10095	0.46312	0.00708	0.07003	0.09304	0.01154	0.00711	0.00798	0.00575	0.00383	0.00353	0.00097	0.02374	0.00272	0.00225	0.12562
4	0.01304	0.00741	0.01128	0.01336	0.35974	0.00694	0.00791	0.01502	0.02961	0.44925	0.01117	0.01105	0.00773	0.00400	0.00367	0.00111	0.00366	0.00351	0.00334	0.03722
5	0.02096	0.19870	0.01107	0.00704	0.00955	0.11712	0.00587	0.17628	0.07026	0.19147	0.02970	0.05267	0.06269	0.00485	0.00345	0.00106	0.00378	0.00374	0.00313	0.02661
6	0.00881	0.01041	0.16468	0.00881	0.01141	0.14204	0.14935	0.04385	0.02623	0.07119	0.22224	0.06288	0.03533	0.00572	0.01931	0.00126	0.00439	0.00469	0.00282	0.00457
7	0.02718	0.00857	0.00933	0.00744	0.01011	0.07226	0.00603	0.26900	0.11057	0.39342	0.02562	0.01169	0.02206	0.00465	0.00370	0.00114	0.00364	0.00365	0.00396	0.00598
8	0.00796	0.00757	0.01285	0.49394	0.38480	0.00850	0.01078	0.01032	0.00787	0.01064	0.00677	0.00959	0.00536	0.00353	0.00370	0.00118	0.00471	0.00330	0.00173	0.00489
9	0.01631	0.00686	0.00895	0.00686	0.00975	0.00627	0.00567	0.12744	0.01154	0.73833	0.01388	0.01214	0.00880	0.00458	0.00373	0.00114	0.00328	0.00368	0.00448	0.00632
10	0.00549	0.00400	0.00532	0.00516	0.00550	0.00417	0.03226	0.00602	0.00593	0.00806	0.01244	0.09326	0.02648	0.53325	0.18597	0.00367	0.02555	0.03241	0.00233	0.00272
11	0.01288	0.01603	0.00990	0.00902	0.01083	0.74611	0.00677	0.01418	0.03355	0.00984	0.08981	0.00899	0.00799	0.00423	0.00346	0.00099	0.00610	0.00287	0.00218	0.00427
12	0.00940	0.00783	0.00817	0.00720	0.00929	0.02358	0.00565	0.13090	0.57280	0.02698	0.03258	0.01629	0.10894	0.00557	0.00386	0.00124	0.00303	0.01747	0.00371	0.00551
13	0.00661	0.00486	0.00574	0.00564	0.00680	0.00492	0.00424	0.01014	0.21894	0.05906	0.20762	0.25704	0.13365	0.00828	0.00433	0.00132	0.00235	0.05066	0.00374	0.00407
14	0.00839	0.00800	0.01362	0.33093	0.54451	0.00861	0.01099	0.01069	0.00807	0.01115	0.00684	0.00945	0.00554	0.00346	0.00369	0.00115	0.00461	0.00330	0.00177	0.00523
15	0.00848	0.00959	0.01978	0.01434	0.01775	0.03296	0.72635	0.01131	0.00873	0.01160	0.00980	0.04470	0.05769	0.00386	0.00437	0.00125	0.00584	0.00477	0.00204	0.00479
16	0.00730	0.00689	0.01166	0.74864	0.13528	0.00832	0.01045	0.00974	0.00756	0.00984	0.00665	0.00980	0.00507	0.00366	0.00371	0.00122	0.00488	0.00330	0.00167	0.00436
17	0.00570	0.00425	0.00545	0.00525	0.00613	0.00424	0.00401	0.00750	0.04240	0.03219	0.47531	0.12042	0.12765	0.00895	0.03785	0.00146	0.05498	0.04904	0.00367	0.00359
18	0.00864	0.00826	0.01407	0.23473	0.63876	0.00867	0.01112	0.01091	0.00819	0.01146	0.00688	0.00937	0.00564	0.00341	0.00368	0.00114	0.00455	0.00331	0.00179	0.00544
19	0.00894	0.00857	0.01463	0.11620	0.75487	0.00876	0.01127	0.01118	0.00834	0.01183	0.00694	0.00927	0.00578	0.00335	0.00368	0.00112	0.00447	0.00331	0.00182	0.00568
20	0.00987	0.00792	0.03856	0.00829	0.01053	0.04490	0.14682	0.16891	0.04299	0.13720	0.12099	0.06545	0.07497	0.04021	0.00495	0.00132	0.03268	0.03538	0.00325	0.00482
21	0.04427	0.00631	0.00763	0.00630	0.00842	0.04321	0.03384	0.06584	0.02550	0.35887	0.18018	0.01935	0.14905	0.00599	0.00396	0.00118	0.00299	0.02827	0.00390	0.00494
22	0.00822	0.00780	0.01314	0.37424	0.47015	0.00843	0.01068	0.01051	0.00799	0.01101	0.00681	0.00943	0.00547	0.00346	0.00366	0.00114	0.00457	0.00326	0.00177	0.03826

[dist]
# distance from previous block
# <min> <max>
0	2

[block]
# block no. 6 follows, 74 sequences, length 17
# corresponding to MSA columns:
# 312-328
name=unknown_G
#
# <colnr> <probs for GDERKNQSTAVLIFYWHMCP>
#	G	D	E	R	K	N	Q	S	T	A	V	L	I	F	Y	W	H	M	C	P
0	0.00815	0.16267	0.62760	0.00961	0.01442	0.00945	0.02858	0.01187	0.02514	0.03832	0.00759	0.00850	0.02497	0.00366	0.00338	0.00112	0.00503	0.00283	0.00177	0.00533
1	0.00752	0.00722	0.00733	0.00697	0.02377	0.16994	0.02333	0.02599	0.00712	0.00886	0.01002	0.01554	0.03787	0.24416	0.31685	0.00355	0.07433	0.00411	0.00210	0.00343
2	0.00908	0.01382	0.38434	0.02813	0.03475	0.03284	0.28785	0.06433	0.00909	0.06763	0.02749	0.00946	0.00617	0.00363	0.00386	0.00119	0.00541	0.00350	0.00208	0.00533
3	0.01079	0.12490	0.14586	0.00825	0.02422	0.00880	0.05438	0.14364	0.09695	0.18549	0.10280	0.01174	0.01005	0.00451	0.00389	0.00112	0.03225	0.00364	0.00308	0.02363
4	0.00734	0.01532	0.08420	0.04443	0.01999	0.01914	0.05630	0.04909	0.00807	0.08572	0.04747	0.24781	0.06190	0.05833	0.13300	0.00214	0.04700	0.00593	0.00280	0.00402
5	0.00484	0.00366	0.00451	0.00481	0.00555	0.00337	0.00354	0.00592	0.00824	0.01079	0.19400	0.29551	0.26959	0.04142	0.04439	0.00166	0.00253	0.08903	0.00346	0.00318
6	0.01134	0.31166	0.16827	0.00845	0.04739	0.03183	0.03268	0.07476	0.03960	0.21325	0.02176	0.00904	0.00672	0.00384	0.00324	0.00103	0.00415	0.00294	0.00261	0.00545
7	0.00819	0.02226	0.00995	0.02244	0.26764	0.01900	0.05196	0.05079	0.02421	0.08632	0.07094	0.29689	0.01459	0.00730	0.02893	0.00139	0.00361	0.00606	0.00291	0.00463
8	0.00535	0.00384	0.00517	0.02198	0.00583	0.00420	0.00366	0.00609	0.00579	0.00804	0.01102	0.04936	0.01159	0.39603	0.44079	0.00467	0.00678	0.00482	0.00215	0.00285
9	0.00808	0.00780	0.01153	0.59169	0.16423	0.06740	0.00990	0.04508	0.00823	0.01050	0.00718	0.03901	0.00583	0.00395	0.00371	0.00120	0.00484	0.00349	0.00185	0.00449
10	0.01038	0.06408	0.36294	0.01167	0.15480	0.02865	0.05143	0.07278	0.02201	0.17326	0.00847	0.00913	0.00603	0.00375	0.00358	0.00113	0.00469	0.00312	0.00241	0.00568
11	0.07203	0.34048	0.02841	0.00829	0.04783	0.17356	0.03242	0.14571	0.02947	0.01238	0.03646	0.00833	0.00649	0.02466	0.00359	0.00104	0.01900	0.00276	0.00222	0.00485
12	0.06890	0.00702	0.03323	0.06532	0.01008	0.00552	0.00507	0.00954	0.00759	0.01222	0.00650	0.00774	0.00533	0.00289	0.00281	0.00066	0.00299	0.00228	0.00215	0.74218
13	0.00851	0.23601	0.57455	0.00936	0.01406	0.01006	0.02453	0.01200	0.02379	0.04507	0.00678	0.00770	0.00504	0.00350	0.00326	0.00108	0.00497	0.00264	0.00174	0.00533
14	0.06850	0.02540	0.04049	0.00731	0.02391	0.05208	0.00594	0.18988	0.02239	0.31419	0.04733	0.11935	0.01069	0.02069	0.00429	0.00123	0.03305	0.00440	0.00357	0.00530
15	0.00593	0.00434	0.02716	0.00479	0.00525	0.00418	0.00329	0.00639	0.00601	0.04358	0.01313	0.03295	0.07037	0.58746	0.13830	0.00352	0.03297	0.00521	0.00237	0.00279
16	0.05137	0.31253	0.29449	0.00809	0.02571	0.01013	0.02442	0.05044	0.02257	0.05762	0.00771	0.04416	0.00660	0.06432	0.00424	0.00122	0.00432	0.00310	0.00205	0.00493

[dist]
# distance from previous block
# <min> <max>
8	55

[block]
# block no. 7 follows, 74 sequences, length 37
# corresponding to MSA columns:
# 386-422
name=unknown_H
#
# <colnr> <probs for GDERKNQSTAVLIFYWHMCP>
#	G	D	E	R	K	N	Q	S	T	A	V	L	I	F	Y	W	H	M	C	P
0	0.03066	0.00768	0.02035	0.13764	0.04339	0.00813	0.00659	0.27669	0.11952	0.09731	0.06770	0.01442	0.10672	0.00547	0.01755	0.00124	0.00363	0.00417	0.00329	0.02785
1	0.01041	0.05455	0.09628	0.00914	0.08452	0.02009	0.02834	0.28031	0.12530	0.06827	0.09373	0.07466	0.01105	0.00505	0.00377	0.00115	0.00373	0.00421	0.00320	0.02225
2	0.02326	0.02705	0.25913	0.00851	0.03226	0.02888	0.04491	0.12508	0.03971	0.04495	0.07119	0.12052	0.05081	0.01987	0.00438	0.00123	0.03847	0.00453	0.00266	0.05258
3	0.03297	0.05395	0.11544	0.03093	0.01057	0.01631	0.00679	0.24938	0.07506	0.18834	0.12847	0.02956	0.01160	0.02021	0.00399	0.00119	0.00361	0.01282	0.00343	0.00539
4	0.13069	0.24456	0.06759	0.00750	0.01058	0.07424	0.06278	0.14815	0.00935	0.01333	0.00648	0.00746	0.00523	0.00403	0.02432	0.00105	0.00422	0.00255	0.00221	0.17367
5	0.00508	0.00364	0.00427	0.00433	0.00480	0.00343	0.00286	0.00577	0.00740	0.00984	0.21026	0.13183	0.17068	0.39248	0.01090	0.00232	0.00268	0.02154	0.00306	0.00282
6	0.00536	0.00361	0.00411	0.00415	0.00422	0.00360	0.00240	0.00545	0.00559	0.00743	0.01278	0.04590	0.03796	0.79337	0.03231	0.00349	0.00362	0.01998	0.00233	0.00233
7	0.00983	0.00826	0.02992	0.01033	0.13513	0.00861	0.06423	0.08582	0.35780	0.08609	0.04209	0.02712	0.00976	0.00470	0.00427	0.00120	0.05415	0.00397	0.00316	0.05356
8	0.01109	0.00762	0.00937	0.03462	0.07693	0.02178	0.03291	0.07490	0.36649	0.22926	0.03040	0.01412	0.06369	0.00495	0.00381	0.00120	0.00333	0.00418	0.00366	0.00569
9	0.00463	0.00331	0.00435	0.00507	0.00532	0.00312	0.00339	0.00530	0.00713	0.00953	0.05457	0.73925	0.03712	0.07048	0.02710	0.00174	0.00243	0.00983	0.00335	0.00299
10	0.00881	0.00954	0.05616	0.33616	0.22067	0.10158	0.13222	0.02709	0.00846	0.01998	0.00716	0.01005	0.00572	0.00375	0.00391	0.00119	0.01745	0.02342	0.00187	0.00482
11	0.00866	0.00694	0.00902	0.00737	0.00951	0.00707	0.11550	0.19078	0.16195	0.05412	0.08890	0.03448	0.26303	0.00636	0.00411	0.00122	0.00322	0.01954	0.00346	0.00476
12	0.00483	0.00374	0.00440	0.00432	0.00531	0.00331	0.00321	0.00616	0.00940	0.01244	0.44381	0.08852	0.37990	0.00864	0.00441	0.00123	0.00183	0.00745	0.00377	0.00331
13	0.00826	0.00554	0.00651	0.00589	0.00745	0.03380	0.02836	0.09312	0.02427	0.16157	0.04304	0.21590	0.28638	0.00810	0.00428	0.00129	0.00279	0.05568	0.00360	0.00417
14	0.00854	0.31367	0.54155	0.00902	0.01364	0.01064	0.01096	0.01170	0.00781	0.03207	0.00635	0.00731	0.00484	0.00343	0.00314	0.00104	0.00490	0.00251	0.00165	0.00526
15	0.01286	0.00940	0.01019	0.00813	0.01081	0.01038	0.00663	0.59673	0.17422	0.06164	0.01094	0.03260	0.00825	0.00490	0.00379	0.00117	0.00375	0.02379	0.00375	0.00607
16	0.00701	0.00660	0.01113	0.86063	0.02556	0.00825	0.01031	0.00948	0.00742	0.00948	0.00660	0.00990	0.00495	0.00371	0.00371	0.00124	0.00495	0.00330	0.00165	0.00412
17	0.89577	0.00718	0.00546	0.00488	0.00718	0.00833	0.00402	0.01091	0.00632	0.01665	0.00517	0.00603	0.00402	0.00345	0.00230	0.00115	0.00287	0.00201	0.00230	0.00402
18	0.00909	0.00872	0.01489	0.05945	0.81048	0.00879	0.01134	0.01131	0.00841	0.01201	0.00697	0.00922	0.00584	0.00332	0.00368	0.00111	0.00443	0.00331	0.00183	0.00580
19	0.00903	0.00866	0.01478	0.08334	0.78707	0.00878	0.01131	0.01125	0.00838	0.01194	0.00695	0.00924	0.00581	0.00334	0.00368	0.00111	0.00445	0.00331	0.00182	0.00575
20	0.13449	0.01585	0.00977	0.00885	0.01083	0.70138	0.00670	0.02570	0.03534	0.01051	0.00599	0.00685	0.00490	0.00382	0.00322	0.00099	0.00602	0.00241	0.00205	0.00434
21	0.00755	0.00554	0.00630	0.00563	0.00717	0.00565	0.00434	0.08159	0.21350	0.06876	0.32773	0.02330	0.19215	0.02859	0.00450	0.00126	0.00241	0.00581	0.00383	0.00440
22	0.01054	0.68588	0.01732	0.00683	0.00977	0.11534	0.00639	0.01234	0.06487	0.03242	0.00617	0.00677	0.00534	0.00342	0.00263	0.00086	0.00421	0.00223	0.00186	0.00483
23	0.00755	0.00696	0.01163	0.18972	0.15072	0.00733	0.16199	0.02939	0.02298	0.03421	0.04838	0.06949	0.14834	0.01662	0.01290	0.00133	0.06871	0.00492	0.00242	0.00442
24	0.01022	0.03351	0.02766	0.04984	0.02739	0.07396	0.23571	0.08372	0.04251	0.16352	0.03282	0.04995	0.01916	0.05077	0.06617	0.00166	0.01152	0.01227	0.00277	0.00487
25	0.03184	0.13849	0.40703	0.00928	0.01346	0.00899	0.08610	0.04575	0.02350	0.17422	0.00877	0.00925	0.01936	0.00380	0.00347	0.00112	0.00466	0.00309	0.00236	0.00546
26	0.00807	0.00885	0.01747	0.01306	0.01595	0.04551	0.60871	0.01058	0.00851	0.01127	0.01033	0.17846	0.00978	0.00504	0.00443	0.00130	0.00539	0.03053	0.00223	0.00454
27	0.00491	0.00381	0.00428	0.00431	0.00541	0.00332	0.00327	0.00605	0.00881	0.02733	0.19254	0.09395	0.55487	0.00917	0.00445	0.00128	0.00200	0.06334	0.00359	0.00328
28	0.01048	0.03367	0.10816	0.10427	0.29115	0.00908	0.09079	0.16363	0.03251	0.10750	0.00834	0.00956	0.00619	0.00376	0.00371	0.00114	0.00452	0.00339	0.00249	0.00566
29	0.00918	0.00842	0.04072	0.00784	0.02890	0.03733	0.03328	0.13686	0.46162	0.01526	0.03697	0.01616	0.14022	0.00549	0.00387	0.00122	0.00328	0.00457	0.00347	0.00536
30	0.00493	0.00361	0.00470	0.00537	0.00586	0.00344	0.00388	0.00614	0.03275	0.01031	0.07455	0.59644	0.08360	0.01079	0.00472	0.00149	0.00233	0.13839	0.00349	0.00320
31	0.00781	0.03355	0.67175	0.03344	0.01511	0.02467	0.02670	0.03053	0.02803	0.02415	0.06372	0.00946	0.00704	0.00387	0.00359	0.00117	0.00510	0.00310	0.00190	0.00531
32	0.09986	0.18703	0.34166	0.03275	0.07025	0.05650	0.02849	0.07829	0.02901	0.01246	0.00674	0.00810	0.00528	0.00368	0.00334	0.00109	0.01474	0.01364	0.00195	0.00514
33	0.00471	0.00337	0.00446	0.00524	0.00552	0.00317	0.00355	0.01682	0.00737	0.00984	0.04117	0.81582	0.02449	0.01140	0.00472	0.00150	0.00220	0.02810	0.00346	0.00308
34	0.00514	0.00371	0.00478	0.02657	0.00619	0.00352	0.00377	0.00636	0.03489	0.03030	0.10403	0.57517	0.12842	0.01031	0.00459	0.00143	0.00225	0.04178	0.00350	0.00329
35	0.00978	0.09421	0.22335	0.01009	0.03830	0.05300	0.14851	0.15903	0.08676	0.03645	0.02883	0.03130	0.00721	0.00407	0.00374	0.00112	0.01443	0.00349	0.00245	0.04388
36	0.00792	0.14067	0.08833	0.02306	0.02995	0.07489	0.01299	0.07045	0.08664	0.01993	0.13538	0.07254	0.20096	0.00621	0.00380	0.00115	0.00337	0.01446	0.00293	0.00437

[dist]
# distance from previous block
# <min> <max>
1	4

[block]
# block no. 8 follows, 74 sequences, length 22
# corresponding to MSA columns:
# 428-449
name=unknown_I
#
# <colnr> <probs for GDERKNQSTAVLIFYWHMCP>
#	G	D	E	R	K	N	Q	S	T	A	V	L	I	F	Y	W	H	M	C	P
0	0.18724	0.03745	0.03421	0.01215	0.24593	0.01960	0.08510	0.14122	0.09781	0.06284	0.01989	0.02565	0.00699	0.00398	0.00347	0.00115	0.00396	0.00339	0.00264	0.00536
1	0.01118	0.08004	0.01084	0.03389	0.07549	0.07536	0.00693	0.29506	0.27288	0.03230	0.02399	0.01191	0.00874	0.00468	0.00367	0.00115	0.00388	0.03915	0.00322	0.00562
2	0.00833	0.04376	0.00781	0.00573	0.00834	0.00571	0.00458	0.02151	0.10967	0.08832	0.13707	0.02677	0.04131	0.00435	0.00330	0.00084	0.00269	0.00361	0.00295	0.47335
3	0.00534	0.00384	0.00528	0.00528	0.00571	0.00427	0.00379	0.00619	0.00576	0.00811	0.01057	0.01805	0.01078	0.32832	0.55642	0.00512	0.00768	0.00448	0.00208	0.00293
4	0.00784	0.04149	0.60314	0.01153	0.01631	0.00910	0.19388	0.01163	0.00793	0.01156	0.00672	0.00828	0.00492	0.00357	0.00410	0.00120	0.04678	0.00311	0.00164	0.00529
5	0.00826	0.00688	0.00964	0.05690	0.23990	0.00715	0.02890	0.13356	0.10966	0.02640	0.01446	0.22115	0.08506	0.02948	0.00444	0.00131	0.00345	0.00567	0.00293	0.00480
6	0.00439	0.00376	0.00376	0.00376	0.00501	0.00313	0.00282	0.00533	0.00846	0.01003	0.03760	0.03572	0.84489	0.00940	0.00439	0.00125	0.00188	0.00783	0.00345	0.00313
7	0.00829	0.00592	0.00704	0.05532	0.00869	0.00618	0.00519	0.25404	0.01107	0.03735	0.11400	0.19128	0.09520	0.00745	0.00417	0.00128	0.00298	0.11314	0.06709	0.00431
8	0.01974	0.00465	0.00570	0.00509	0.00663	0.00425	0.00394	0.01028	0.04942	0.24325	0.24651	0.09824	0.21284	0.00715	0.00406	0.00120	0.00228	0.00609	0.06442	0.00427
9	0.00518	0.00384	0.00559	0.00573	0.00628	0.00432	0.00431	0.00632	0.00612	0.00868	0.01173	0.15236	0.01197	0.07225	0.67131	0.00512	0.00833	0.00511	0.00224	0.00321
10	0.00655	0.00620	0.00927	0.00819	0.00952	0.06845	0.20295	0.01827	0.02481	0.01044	0.01619	0.50131	0.02945	0.00866	0.00454	0.00141	0.00360	0.06352	0.00296	0.00372
11	0.00854	0.00807	0.00745	0.02720	0.00903	0.20183	0.00592	0.03689	0.13176	0.02658	0.06293	0.10362	0.03318	0.00752	0.00432	0.00137	0.00391	0.31263	0.00315	0.00410
12	0.00455	0.00330	0.00431	0.00511	0.00542	0.00306	0.00347	0.00525	0.00725	0.00956	0.02172	0.78304	0.08572	0.01143	0.00472	0.00149	0.00217	0.03197	0.00344	0.00303
13	0.00450	0.00366	0.00399	0.00413	0.00514	0.00315	0.00301	0.00546	0.00840	0.01040	0.11446	0.19947	0.60199	0.00966	0.00446	0.00130	0.00192	0.00826	0.00351	0.00315
14	0.01054	0.00785	0.00889	0.00667	0.00975	0.00732	0.00541	0.26634	0.06772	0.08640	0.00857	0.00891	0.00646	0.00359	0.00320	0.00082	0.00321	0.00282	0.00298	0.48255
15	0.00571	0.00436	0.00503	0.00499	0.00602	0.00423	0.00371	0.05486	0.07236	0.01201	0.17060	0.21839	0.29334	0.03493	0.02814	0.00149	0.00246	0.04018	0.03361	0.00357
16	0.00701	0.00660	0.01113	0.86063	0.02556	0.00825	0.01031	0.00948	0.00742	0.00948	0.00660	0.00990	0.00495	0.00371	0.00371	0.00124	0.00495	0.00330	0.00165	0.00412
17	0.00556	0.00377	0.00435	0.00435	0.00447	0.00381	0.00260	0.02482	0.00585	0.00783	0.01215	0.06625	0.01385	0.75292	0.05401	0.00350	0.00381	0.02130	0.00235	0.00245
18	0.00933	0.66735	0.21868	0.00737	0.01109	0.01323	0.00812	0.01127	0.00761	0.00946	0.00552	0.00641	0.00475	0.00326	0.00266	0.00089	0.00433	0.00217	0.00158	0.00494
19	0.04456	0.00673	0.02464	0.00680	0.00895	0.00648	0.01843	0.18552	0.05383	0.31566	0.06763	0.19040	0.01361	0.00634	0.00398	0.00124	0.00314	0.03295	0.00387	0.00521
20	0.06087	0.00835	0.00919	0.00751	0.00971	0.00937	0.00608	0.42173	0.13889	0.05926	0.01133	0.01195	0.05083	0.03187	0.06014	0.00157	0.06811	0.00375	0.02408	0.00540
21	0.04247	0.00912	0.00976	0.00863	0.06719	0.09707	0.00647	0.28267	0.11891	0.26016	0.03639	0.02611	0.00873	0.00462	0.00368	0.00114	0.00382	0.00365	0.00362	0.00580

[dist]
# distance from previous block
# <min> <max>
1	3

[block]
# block no. 9 follows, 74 sequences, length 25
# corresponding to MSA columns:
# 453-477
name=unknown_J
#
# <colnr> <probs for GDERKNQSTAVLIFYWHMCP>
#	G	D	E	R	K	N	Q	S	T	A	V	L	I	F	Y	W	H	M	C	P
0	0.01331	0.03111	0.01146	0.00869	0.01149	0.07525	0.08752	0.36794	0.08444	0.20973	0.01012	0.01000	0.00712	0.00434	0.00395	0.00113	0.02877	0.00347	0.00345	0.02670
1	0.00626	0.00445	0.00585	0.00556	0.00628	0.00486	0.00409	0.03626	0.02828	0.03786	0.01111	0.01740	0.02831	0.28565	0.44855	0.00440	0.02937	0.00441	0.00229	0.02875
2	0.00674	0.00610	0.01109	0.00953	0.01133	0.00585	0.28229	0.00882	0.00851	0.01121	0.01643	0.08845	0.05215	0.00793	0.00482	0.00152	0.00421	0.45620	0.00291	0.00391
3	0.00889	0.00692	0.00807	0.00585	0.00909	0.00558	0.00471	0.08440	0.00878	0.07030	0.00736	0.00814	0.00582	0.00303	0.00290	0.00064	0.00290	0.00241	0.00250	0.75173
4	0.00533	0.00403	0.00473	0.00473	0.00576	0.00367	0.00346	0.00699	0.05841	0.03116	0.22602	0.26592	0.31772	0.00899	0.00438	0.00128	0.00205	0.00782	0.00361	0.03394
5	0.03210	0.34249	0.31251	0.00844	0.01238	0.01068	0.05263	0.04295	0.02122	0.12144	0.00736	0.00795	0.00551	0.00357	0.00314	0.00103	0.00448	0.00270	0.00212	0.00529
6	0.00909	0.05565	0.04389	0.01266	0.01591	0.06217	0.53824	0.03928	0.03783	0.03106	0.00876	0.08046	0.00737	0.00402	0.00410	0.00120	0.00542	0.00445	0.00219	0.03625
7	0.00645	0.00322	0.00484	0.00484	0.00484	0.00322	0.00322	0.00484	0.00484	0.00645	0.00645	0.01128	0.00645	0.01289	0.01451	0.89201	0.00322	0.00322	0.00161	0.00161
8	0.00928	0.02093	0.02800	0.05531	0.54144	0.07349	0.09401	0.01173	0.04012	0.02329	0.00790	0.03913	0.00678	0.00386	0.00390	0.00115	0.01799	0.01426	0.00202	0.00542
9	0.01161	0.03053	0.01091	0.01113	0.20957	0.04391	0.04146	0.11788	0.06895	0.25990	0.04495	0.06534	0.02585	0.00510	0.01240	0.00121	0.02636	0.00415	0.00324	0.00553
10	0.01265	0.01031	0.00948	0.00786	0.01019	0.22704	0.02156	0.25728	0.08521	0.17460	0.09145	0.01270	0.05322	0.00490	0.00374	0.00111	0.00418	0.00382	0.00341	0.00530
11	0.00764	0.02735	0.17109	0.02682	0.09346	0.00708	0.10393	0.03839	0.02789	0.04167	0.06786	0.09210	0.01066	0.07024	0.09350	0.00188	0.05767	0.00447	0.05184	0.00447
12	0.04914	0.06126	0.12881	0.09551	0.12498	0.16923	0.12058	0.02830	0.03833	0.11320	0.00828	0.00938	0.01948	0.00382	0.00367	0.00112	0.01432	0.00322	0.00227	0.00508
13	0.01014	0.65362	0.10787	0.00724	0.01048	0.12029	0.00724	0.01183	0.02517	0.00924	0.00560	0.00641	0.00489	0.00333	0.00266	0.00087	0.00446	0.00216	0.00167	0.00481
14	0.00488	0.00369	0.00415	0.00429	0.00522	0.00324	0.00308	0.00576	0.00808	0.03204	0.08366	0.23868	0.50164	0.06619	0.01700	0.00153	0.00219	0.00811	0.00342	0.00316
15	0.07403	0.05949	0.07904	0.02611	0.01032	0.28684	0.00663	0.08399	0.07660	0.05719	0.05630	0.03260	0.07632	0.00508	0.00372	0.00113	0.01887	0.03847	0.00267	0.00460
16	0.03972	0.12376	0.04207	0.02436	0.19201	0.07987	0.02699	0.19334	0.05784	0.15786	0.00897	0.02195	0.00677	0.00404	0.00348	0.00108	0.00418	0.00326	0.00283	0.00561
17	0.00465	0.00328	0.00427	0.00501	0.00519	0.00310	0.00328	0.00520	0.00686	0.00915	0.01921	0.74730	0.02298	0.13361	0.00675	0.00180	0.00236	0.00982	0.00328	0.00291
18	0.00481	0.00338	0.00431	0.00491	0.00512	0.00323	0.00321	0.00535	0.00676	0.00900	0.02902	0.58821	0.03579	0.23410	0.01976	0.00211	0.00266	0.03233	0.00312	0.00284
19	0.05698	0.33768	0.11659	0.00875	0.07419	0.04637	0.02004	0.08231	0.11983	0.06197	0.00780	0.00838	0.00614	0.00408	0.01359	0.00109	0.02387	0.00280	0.00232	0.00522
20	0.00512	0.00449	0.03443	0.00487	0.00593	0.00387	0.00372	0.00696	0.07365	0.01115	0.18092	0.25929	0.33276	0.04944	0.00508	0.00141	0.00222	0.00779	0.00347	0.00343
21	0.00452	0.00323	0.00431	0.00517	0.00538	0.00301	0.00345	0.00517	0.00711	0.00948	0.02046	0.86713	0.02455	0.01163	0.00474	0.00151	0.00215	0.01055	0.00345	0.00301
22	0.00775	0.12400	0.63603	0.01031	0.04759	0.00918	0.03128	0.01132	0.00780	0.01128	0.02525	0.00866	0.00573	0.03027	0.00404	0.00121	0.01852	0.00289	0.00167	0.00523
23	0.01106	0.07797	0.16372	0.01241	0.20106	0.06864	0.10446	0.07706	0.05758	0.17653	0.00888	0.00954	0.00647	0.00379	0.00363	0.00112	0.00459	0.00330	0.00258	0.00563
24	0.01226	0.05228	0.03604	0.01000	0.06115	0.48953	0.02040	0.08153	0.02467	0.04049	0.02869	0.00814	0.00607	0.00427	0.00449	0.00108	0.10921	0.00284	0.00218	0.00468

[dist]
# distance from previous block
# <min> <max>
0	1

[block]
# block no. 10 follows, 74 sequences, length 17
# corresponding to MSA columns:
# 479-495
name=unknown_K
#
# <colnr> <probs for GDERKNQSTAVLIFYWHMCP>
#	G	D	E	R	K	N	Q	S	T	A	V	L	I	F	Y	W	H	M	C	P
0	0.04232	0.25285	0.05943	0.02224	0.14414	0.10822	0.00747	0.12087	0.02861	0.10178	0.00747	0.00814	0.00580	0.00364	0.00316	0.00097	0.00423	0.00274	0.00239	0.07354
1	0.00965	0.01062	0.16042	0.02236	0.13027	0.03837	0.07178	0.13585	0.20028	0.04394	0.02613	0.04093	0.00819	0.00463	0.00451	0.00122	0.07890	0.00380	0.00270	0.00544
2	0.00525	0.00394	0.00568	0.00567	0.00634	0.00445	0.00435	0.00648	0.00623	0.00881	0.03650	0.01694	0.06618	0.07423	0.72498	0.00537	0.00880	0.00440	0.00216	0.00325
3	0.00795	0.00708	0.01236	0.10837	0.01332	0.00741	0.27247	0.03104	0.00861	0.06458	0.14647	0.01606	0.09061	0.00563	0.00570	0.02869	0.13047	0.02506	0.01383	0.00430
4	0.00515	0.00374	0.00481	0.00463	0.00546	0.00344	0.00342	0.00672	0.00999	0.01397	0.70943	0.09166	0.08606	0.02925	0.00476	0.00126	0.00184	0.00704	0.00395	0.00341
5	0.01117	0.00835	0.00936	0.00766	0.00996	0.02196	0.03531	0.38935	0.20793	0.07342	0.01346	0.07334	0.06313	0.05246	0.00469	0.00132	0.00357	0.00450	0.00358	0.00547
6	0.00744	0.01920	0.85032	0.01058	0.01607	0.00862	0.01371	0.01176	0.00784	0.01176	0.00666	0.00784	0.00470	0.00353	0.00353	0.00118	0.00549	0.00274	0.00157	0.00549
7	0.06702	0.03742	0.02380	0.00686	0.04076	0.05304	0.00501	0.09080	0.15639	0.01250	0.05295	0.28091	0.02416	0.09708	0.03303	0.00166	0.00338	0.00599	0.00306	0.00416
