[name]
unknown

[dist]
# distance from previous block
# <min> <max>
0	73

[block]
# block no. 0 follows, 71 sequences, length 7
# corresponding to MSA columns:
# 73-79
name=unknown_A
#
# <colnr> <probs for GDERKNQSTAVLIFYWHMCP>
#	G	D	E	R	K	N	Q	S	T	A	V	L	I	F	Y	W	H	M	C	P
0	0.02462	0.00881	0.01421	0.10869	0.08361	0.04186	0.27992	0.08390	0.06754	0.11570	0.03280	0.02912	0.00842	0.00434	0.00407	0.00122	0.00478	0.03290	0.00273	0.05074
1	0.00592	0.00427	0.00548	0.00559	0.00626	0.00433	0.00406	0.00716	0.03321	0.05360	0.13600	0.42473	0.14546	0.03721	0.03584	0.00168	0.07386	0.00832	0.00347	0.00355
2	0.01008	0.06654	0.01536	0.03681	0.28928	0.06791	0.20623	0.05945	0.13927	0.03480	0.00912	0.03201	0.00733	0.00401	0.00391	0.00119	0.00481	0.00388	0.00243	0.00558
3	0.03240	0.00800	0.05742	0.21138	0.09461	0.02449	0.02762	0.07654	0.09401	0.19008	0.03053	0.11553	0.01009	0.00525	0.00395	0.00126	0.00400	0.00454	0.00307	0.00523
4	0.00762	0.00463	0.00576	0.00538	0.00666	0.00432	0.00404	0.00973	0.07835	0.16326	0.32007	0.18941	0.14453	0.03247	0.00485	0.00136	0.00233	0.00707	0.00401	0.00416
5	0.00659	0.00583	0.00634	0.04981	0.03301	0.07507	0.00472	0.00906	0.09546	0.01300	0.36513	0.08805	0.19387	0.00768	0.00436	0.00126	0.00272	0.03050	0.00359	0.00393
6	0.04073	0.03439	0.04903	0.05823	0.19015	0.16330	0.04294	0.12579	0.10030	0.07026	0.01121	0.01184	0.07603	0.00451	0.00376	0.00116	0.00457	0.00370	0.00272	0.00538

[dist]
# distance from previous block
# <min> <max>
0	1

[block]
# block no. 1 follows, 71 sequences, length 11
# corresponding to MSA columns:
# 81-91
name=unknown_B
#
# <colnr> <probs for GDERKNQSTAVLIFYWHMCP>
#	G	D	E	R	K	N	Q	S	T	A	V	L	I	F	Y	W	H	M	C	P
0	0.00509	0.00390	0.00434	0.00444	0.00551	0.00341	0.00330	0.00611	0.00864	0.03178	0.10050	0.14735	0.55372	0.04946	0.00530	0.00146	0.00218	0.05660	0.00359	0.00331
1	0.00932	0.09182	0.09425	0.04821	0.07686	0.02642	0.34242	0.04402	0.18073	0.01311	0.02852	0.01081	0.00758	0.00390	0.00399	0.00122	0.00507	0.00394	0.00240	0.00541
2	0.00979	0.00914	0.01496	0.07335	0.66827	0.03294	0.04576	0.01236	0.03755	0.04732	0.00780	0.00982	0.00631	0.00357	0.00383	0.00116	0.00463	0.00349	0.00208	0.00589
3	0.00638	0.00424	0.00578	0.00626	0.03749	0.00429	0.00421	0.00711	0.00727	0.07740	0.04585	0.44481	0.01873	0.14687	0.08970	0.03042	0.04888	0.00776	0.00312	0.00344
4	0.00550	0.00403	0.00574	0.00574	0.00628	0.00457	0.00427	0.00658	0.00604	0.00859	0.01065	0.01719	0.01051	0.20586	0.67421	0.00564	0.00888	0.00442	0.00211	0.00319
5	0.00795	0.00681	0.00795	0.00568	0.00909	0.00511	0.00454	0.00965	0.00795	0.01249	0.00681	0.00795	0.00568	0.00284	0.00284	0.00057	0.00284	0.00227	0.00227	0.88869
6	0.00831	0.00760	0.10095	0.02092	0.09150	0.00617	0.02537	0.06437	0.07271	0.09830	0.08284	0.20260	0.10023	0.00665	0.00409	0.00123	0.00328	0.00580	0.00321	0.09387
7	0.04735	0.00951	0.07279	0.07736	0.17252	0.00915	0.07897	0.21033	0.01110	0.20114	0.00924	0.01004	0.00662	0.00426	0.00441	0.00122	0.06168	0.00352	0.00298	0.00583
8	0.00569	0.00468	0.00575	0.00600	0.00663	0.05485	0.00444	0.00677	0.00696	0.00930	0.01498	0.31527	0.04767	0.02059	0.46693	0.00403	0.00689	0.00657	0.00264	0.00337
9	0.01720	0.00653	0.00890	0.00682	0.00979	0.00564	0.00564	0.01869	0.01097	0.84399	0.01513	0.01305	0.00949	0.00475	0.00386	0.00119	0.00326	0.00386	0.00475	0.00653
10	0.00989	0.74645	0.13800	0.00718	0.01081	0.01428	0.00765	0.01158	0.00783	0.00947	0.00555	0.00643	0.00491	0.00333	0.00263	0.00088	0.00432	0.00216	0.00164	0.00503

[dist]
# distance from previous block
# <min> <max>
0	1

[block]
# block no. 2 follows, 71 sequences, length 14
# corresponding to MSA columns:
# 93-106
name=unknown_C
#
# <colnr> <probs for GDERKNQSTAVLIFYWHMCP>
#	G	D	E	R	K	N	Q	S	T	A	V	L	I	F	Y	W	H	M	C	P
0	0.03059	0.00975	0.01100	0.02638	0.04093	0.01037	0.00720	0.48115	0.12764	0.16870	0.03541	0.01215	0.00923	0.00522	0.00417	0.00132	0.00408	0.00396	0.00412	0.00664
1	0.00661	0.00335	0.00496	0.00496	0.00496	0.00335	0.00328	0.00502	0.00502	0.00670	0.00691	0.01227	0.00699	0.05217	0.01519	0.84810	0.00335	0.00343	0.00170	0.00170
2	0.01025	0.86756	0.02009	0.00656	0.00984	0.01517	0.00656	0.01148	0.00779	0.00902	0.00533	0.00615	0.00492	0.00328	0.00246	0.00082	0.00410	0.00205	0.00164	0.00492
3	0.01432	0.01827	0.01087	0.00988	0.01185	0.84986	0.00741	0.01531	0.01087	0.00938	0.00593	0.00691	0.00494	0.00395	0.00346	0.00099	0.00691	0.00247	0.00198	0.00444
4	0.00917	0.00785	0.00835	0.00753	0.00959	0.00900	0.00585	0.01919	0.76009	0.01598	0.08994	0.01560	0.01391	0.00544	0.00396	0.00129	0.00292	0.00457	0.00393	0.00585
5	0.89233	0.00741	0.00564	0.00504	0.00741	0.00860	0.00415	0.01127	0.00653	0.01720	0.00534	0.00623	0.00415	0.00356	0.00237	0.00119	0.00297	0.00208	0.00237	0.00415
6	0.00467	0.00334	0.00445	0.00534	0.00556	0.00311	0.00356	0.00534	0.00734	0.00979	0.02113	0.86275	0.02536	0.01201	0.00489	0.00156	0.00222	0.01090	0.00356	0.00311
7	0.00487	0.00361	0.00484	0.00559	0.00581	0.00358	0.00382	0.00555	0.00726	0.00976	0.02026	0.81649	0.02426	0.01173	0.00531	0.00156	0.04857	0.01049	0.00346	0.00317
8	0.00490	0.00382	0.00445	0.00446	0.00545	0.00337	0.00328	0.00615	0.00936	0.01223	0.34857	0.15508	0.40650	0.00932	0.00458	0.00130	0.00193	0.00805	0.00382	0.00337
9	0.01015	0.63170	0.13335	0.00742	0.01092	0.08888	0.00760	0.01183	0.00812	0.00966	0.00567	0.00658	0.00495	0.00337	0.00273	0.00088	0.00451	0.00221	0.00170	0.04777
10	0.03353	0.00726	0.00781	0.00638	0.00852	0.00776	0.00515	0.36546	0.04718	0.10143	0.01129	0.01177	0.00830	0.00456	0.00334	0.00106	0.00307	0.00354	0.35734	0.00526
11	0.01333	0.00944	0.01043	0.00805	0.01101	0.00999	0.00659	0.58495	0.03931	0.09461	0.00989	0.02877	0.00732	0.00514	0.02395	0.00121	0.00401	0.00354	0.00366	0.12480
12	0.04175	0.00794	0.03556	0.00694	0.00897	0.05969	0.00562	0.22838	0.09830	0.06757	0.23704	0.09323	0.03123	0.00672	0.02402	0.00132	0.00343	0.00512	0.00364	0.03353
13	0.04973	0.16365	0.14097	0.00806	0.03323	0.05723	0.03749	0.04798	0.09117	0.09774	0.04106	0.10413	0.03362	0.02416	0.00396	0.00119	0.00394	0.00421	0.00276	0.05371

[dist]
# distance from previous block
# <min> <max>
2	19

[block]
# block no. 3 follows, 71 sequences, length 43
# corresponding to MSA columns:
# 126-168
name=unknown_D
#
# <colnr> <probs for GDERKNQSTAVLIFYWHMCP>
#	G	D	E	R	K	N	Q	S	T	A	V	L	I	F	Y	W	H	M	C	P
0	0.02075	0.07669	0.13295	0.02359	0.06437	0.07736	0.06386	0.09664	0.13870	0.10682	0.06234	0.03800	0.05776	0.00491	0.00381	0.00117	0.00417	0.00409	0.00297	0.01904
1	0.00999	0.04189	0.06202	0.06737	0.31957	0.04681	0.07146	0.04394	0.05543	0.08601	0.02648	0.01018	0.00712	0.00428	0.01911	0.00120	0.02045	0.00343	0.00239	0.10088
2	0.02308	0.00550	0.00654	0.00555	0.00757	0.00483	0.01768	0.00976	0.08109	0.08088	0.07326	0.14737	0.15575	0.02044	0.00402	0.00110	0.00259	0.00540	0.05556	0.29201
3	0.01042	0.01009	0.01358	0.14335	0.45075	0.11798	0.02065	0.13231	0.01015	0.01332	0.00750	0.02458	0.00618	0.00393	0.00394	0.00116	0.01892	0.00345	0.00219	0.00556
4	0.00550	0.00395	0.00467	0.00452	0.00560	0.00352	0.00340	0.00692	0.00972	0.03770	0.41810	0.06950	0.34039	0.00853	0.00445	0.00125	0.00195	0.01984	0.04698	0.00353
5	0.00472	0.00337	0.00450	0.00539	0.00564	0.00316	0.00364	0.00542	0.00739	0.00984	0.02111	0.83633	0.02525	0.01197	0.00491	0.00156	0.00227	0.03684	0.00356	0.00313
6	0.00467	0.00334	0.00445	0.00534	0.00556	0.00311	0.00356	0.00534	0.00734	0.00979	0.02113	0.86275	0.02536	0.01201	0.00489	0.00156	0.00222	0.01090	0.00356	0.00311
7	0.01059	0.00800	0.00870	0.00767	0.00995	0.00900	0.00601	0.02014	0.72079	0.13028	0.01554	0.01413	0.01140	0.00514	0.00390	0.00128	0.00307	0.00427	0.00402	0.00613
8	0.00487	0.00390	0.00436	0.00424	0.00539	0.00338	0.00318	0.00616	0.00954	0.01226	0.34295	0.03376	0.53448	0.00900	0.00453	0.00126	0.00189	0.00765	0.00381	0.00338
9	0.01025	0.86756	0.02009	0.00656	0.00984	0.01517	0.00656	0.01148	0.00779	0.00902	0.00533	0.00615	0.00492	0.00328	0.00246	0.00082	0.00410	0.00205	0.00164	0.00492
10	0.00467	0.00334	0.00445	0.00534	0.00556	0.00311	0.00356	0.00534	0.00734	0.00979	0.02113	0.86275	0.02536	0.01201	0.00489	0.00156	0.00222	0.01090	0.00356	0.00311
11	0.00954	0.00824	0.00867	0.00780	0.00997	0.00954	0.00607	0.02037	0.83441	0.01604	0.01561	0.01431	0.01170	0.00520	0.00390	0.00130	0.00303	0.00433	0.00390	0.00607
12	0.01104	0.00985	0.07861	0.05385	0.11540	0.00917	0.24483	0.14751	0.10711	0.14088	0.00986	0.01081	0.00716	0.00451	0.01938	0.00132	0.01620	0.00388	0.00286	0.00576
13	0.03294	0.02462	0.06633	0.03229	0.06053	0.02117	0.00744	0.37838	0.03151	0.27891	0.01064	0.01033	0.00728	0.00443	0.00376	0.00116	0.00403	0.00347	0.00369	0.01709
14	0.00543	0.00392	0.00513	0.00482	0.00573	0.00362	0.00362	0.00724	0.01085	0.01538	0.83931	0.02864	0.03618	0.00784	0.00452	0.00121	0.00181	0.00693	0.00422	0.00362
15	0.01314	0.00564	0.00748	0.00606	0.00830	0.00503	0.00488	0.01494	0.02870	0.54223	0.23042	0.01725	0.01654	0.00554	0.00394	0.00117	0.00276	0.00465	0.07580	0.00552
16	0.00959	0.34734	0.09023	0.04471	0.03434	0.04062	0.31764	0.02209	0.02394	0.01096	0.00674	0.00839	0.00544	0.00345	0.00367	0.00109	0.01959	0.00323	0.00184	0.00509
17	0.00769	0.01983	0.84538	0.01093	0.01659	0.00890	0.01417	0.01214	0.00810	0.01214	0.00688	0.00810	0.00486	0.00364	0.00364	0.00121	0.00567	0.00283	0.00162	0.00567
18	0.03598	0.00654	0.00883	0.00678	0.00974	0.00570	0.00560	0.01853	0.01088	0.82625	0.01492	0.01290	0.00938	0.00472	0.00382	0.00119	0.00326	0.00382	0.00469	0.00647
19	0.00475	0.00383	0.00424	0.00432	0.00539	0.00332	0.00320	0.00586	0.00896	0.01127	0.19024	0.14445	0.56202	0.00967	0.00459	0.00132	0.00198	0.02360	0.00369	0.00330
20	0.01090	0.24316	0.11773	0.09207	0.16971	0.05022	0.04565	0.07358	0.00941	0.13110	0.00802	0.01833	0.00619	0.00384	0.00346	0.00109	0.00458	0.00313	0.00235	0.00549
21	0.03029	0.01104	0.01436	0.01615	0.35993	0.18234	0.12822	0.07254	0.02539	0.03591	0.00753	0.02026	0.00617	0.00402	0.00448	0.00118	0.06908	0.00348	0.00220	0.00543
22	0.18962	0.07854	0.05599	0.12588	0.25773	0.15718	0.02405	0.03539	0.00864	0.01255	0.00642	0.00813	0.00519	0.00367	0.00347	0.00113	0.01655	0.00286	0.00200	0.00501
23	0.00962	0.00565	0.00631	0.00549	0.00707	0.01971	0.00431	0.10766	0.07168	0.14777	0.15376	0.01603	0.02633	0.00528	0.00367	0.00108	0.02134	0.00428	0.37836	0.00461
24	0.05837	0.12444	0.01196	0.00930	0.03017	0.50634	0.01989	0.13258	0.02924	0.01216	0.00694	0.02853	0.00582	0.00414	0.00340	0.00103	0.00570	0.00284	0.00230	0.00484
25	0.00551	0.00370	0.00476	0.00517	0.00568	0.00345	0.00359	0.00636	0.00795	0.04584	0.14279	0.49808	0.07481	0.12382	0.00673	0.00177	0.00245	0.05073	0.00354	0.00326
26	0.00472	0.00389	0.00414	0.00408	0.00529	0.00332	0.00306	0.00587	0.00918	0.01141	0.20692	0.03517	0.67104	0.00932	0.00453	0.00128	0.00191	0.00785	0.00370	0.00332
27	0.00502	0.00375	0.00471	0.00513	0.00585	0.00344	0.00379	0.00617	0.00866	0.01140	0.20694	0.36769	0.21797	0.01034	0.00478	0.00145	0.00225	0.12364	0.00370	0.00331
28	0.01674	0.00693	0.00910	0.00702	0.00997	0.00627	0.00578	0.08507	0.03810	0.75015	0.01466	0.01278	0.00932	0.00475	0.00386	0.00119	0.00333	0.00384	0.00464	0.00651
29	0.00548	0.00411	0.00616	0.00616	0.00685	0.00479	0.00479	0.00685	0.00616	0.00890	0.01027	0.01506	0.00959	0.02876	0.85006	0.00616	0.01027	0.00411	0.00205	0.00342
30	0.00839	0.00839	0.01174	0.01007	0.01007	0.01174	0.00839	0.00923	0.00587	0.00923	0.00503	0.00839	0.00503	0.00671	0.01258	0.00168	0.85823	0.00336	0.00168	0.00419
31	0.00795	0.00681	0.00795	0.00568	0.00909	0.00511	0.00454	0.00965	0.00795	0.01249	0.00681	0.00795	0.00568	0.00284	0.00284	0.00057	0.00284	0.00227	0.00227	0.88869
32	0.00553	0.00372	0.00417	0.00417	0.00423	0.00370	0.00235	0.00557	0.00572	0.00757	0.01331	0.02564	0.05199	0.82583	0.01882	0.00361	0.00364	0.00569	0.00238	0.00237
33	0.00457	0.00387	0.00395	0.00397	0.00521	0.00325	0.00296	0.00557	0.00878	0.01054	0.07106	0.06556	0.77820	0.00971	0.00454	0.00130	0.00195	0.00814	0.00359	0.00325
34	0.00558	0.00372	0.00418	0.00418	0.00418	0.00372	0.00232	0.00558	0.00558	0.00743	0.01208	0.02509	0.01394	0.86525	0.01952	0.00372	0.00372	0.00558	0.00232	0.00232
35	0.00796	0.00714	0.01029	0.35608	0.10459	0.00707	0.00787	0.02647	0.00812	0.01163	0.00691	0.00907	0.00551	0.00334	0.00337	0.00093	0.00398	0.00288	0.00203	0.41478
36	0.37839	0.00924	0.00921	0.00861	0.09305	0.05327	0.00629	0.28290	0.01087	0.01807	0.00693	0.00777	0.00530	0.00396	0.00342	0.00113	0.03131	0.00274	0.00276	0.06478
37	0.00559	0.00341	0.00462	0.00498	0.00520	0.00326	0.00332	0.00522	0.00634	0.00833	0.01595	0.35929	0.09561	0.06098	0.01014	0.39291	0.00277	0.00698	0.00265	0.00244
38	0.01023	0.01042	0.01469	0.04365	0.68315	0.13233	0.01102	0.02674	0.00918	0.01220	0.00705	0.00913	0.00589	0.00353	0.00375	0.00112	0.00491	0.00328	0.00194	0.00579
39	0.01209	0.00971	0.01211	0.15315	0.15053	0.06418	0.04126	0.38272	0.01298	0.07537	0.00885	0.02051	0.00672	0.02742	0.00427	0.00124	0.00458	0.00360	0.00298	0.00573
40	0.00457	0.00374	0.00404	0.00428	0.00528	0.00320	0.00309	0.00546	0.00836	0.01020	0.03403	0.26144	0.61835	0.01034	0.00463	0.00137	0.00202	0.00886	0.00356	0.00320
41	0.02811	0.09886	0.03667	0.02418	0.01127	0.15526	0.02342	0.15729	0.34774	0.06138	0.01097	0.01074	0.00823	0.00452	0.00364	0.00116	0.00422	0.00350	0.00319	0.00567
42	0.03249	0.00783	0.02358	0.00766	0.03097	0.00680	0.07988	0.07886	0.07379	0.01373	0.00798	0.02382	0.00652	0.00350	0.00343	0.00082	0.02161	0.00294	0.00249	0.57131

[dist]
# distance from previous block
# <min> <max>
0	2

[block]
# block no. 4 follows, 71 sequences, length 40
# corresponding to MSA columns:
# 171-210
name=unknown_E
#
# <colnr> <probs for GDERKNQSTAVLIFYWHMCP>
#	G	D	E	R	K	N	Q	S	T	A	V	L	I	F	Y	W	H	M	C	P
0	0.04604	0.26262	0.01315	0.00856	0.01095	0.50714	0.00693	0.01447	0.07788	0.01013	0.00653	0.00728	0.00546	0.00385	0.00316	0.00097	0.00563	0.00249	0.00205	0.00471
1	0.00950	0.00779	0.00873	0.00666	0.00974	0.00721	0.00534	0.17285	0.15776	0.01548	0.02329	0.00969	0.00745	0.00370	0.00325	0.00082	0.00313	0.00295	0.00290	0.54174
2	0.00905	0.01034	0.02262	0.01616	0.02004	0.00970	0.82741	0.01228	0.00905	0.01228	0.00776	0.01034	0.00582	0.00323	0.00452	0.00129	0.00646	0.00452	0.00194	0.00517
3	0.00867	0.00921	0.01631	0.01262	0.01425	0.01089	0.35193	0.01051	0.00720	0.01051	0.00618	0.00921	0.00536	0.00525	0.00920	0.00152	0.50095	0.00385	0.00179	0.00460
4	0.04100	0.06071	0.08378	0.24772	0.12522	0.07644	0.11747	0.02370	0.02551	0.06725	0.04695	0.02454	0.00749	0.00417	0.00407	0.00121	0.03196	0.00364	0.00222	0.00496
5	0.01433	0.01078	0.01136	0.00880	0.01180	0.02935	0.00723	0.77286	0.05690	0.02347	0.00944	0.00940	0.00674	0.00462	0.00383	0.00115	0.00422	0.00347	0.00380	0.00646
6	0.01042	0.00491	0.00653	0.00601	0.00755	0.00441	0.00453	0.01171	0.02942	0.38481	0.01904	0.42559	0.05185	0.00848	0.00439	0.00137	0.00270	0.00746	0.00410	0.00472
7	0.00468	0.00375	0.00418	0.00437	0.00535	0.00325	0.00317	0.00568	0.00865	0.01084	0.13502	0.24701	0.53044	0.01006	0.00462	0.00135	0.00200	0.00866	0.00364	0.00325
8	0.00923	0.01917	0.02500	0.16238	0.54876	0.03588	0.09408	0.02397	0.00878	0.01206	0.00737	0.01008	0.00608	0.00362	0.00387	0.00118	0.00490	0.01609	0.00192	0.00557
9	0.00467	0.00334	0.00445	0.00534	0.00556	0.00311	0.00356	0.00534	0.00734	0.00979	0.02113	0.86275	0.02536	0.01201	0.00489	0.00156	0.00222	0.01090	0.00356	0.00311
10	0.00523	0.00401	0.00423	0.00412	0.00545	0.00338	0.00311	0.00627	0.00896	0.05240	0.08967	0.05286	0.72817	0.00939	0.00450	0.00129	0.00201	0.00786	0.00366	0.00342
11	0.00947	0.00989	0.02023	0.04987	0.07117	0.00964	0.63858	0.04115	0.00919	0.04399	0.00787	0.01024	0.00593	0.00356	0.00483	0.00129	0.05148	0.00428	0.00209	0.00524
12	0.03099	0.01392	0.04760	0.01972	0.02915	0.44705	0.02987	0.06308	0.01011	0.11252	0.00728	0.00838	0.00570	0.00483	0.01734	0.00124	0.14102	0.00296	0.00237	0.00487
13	0.58015	0.04401	0.03485	0.01909	0.02588	0.17644	0.00565	0.03205	0.00781	0.01493	0.00565	0.00667	0.00449	0.00373	0.00298	0.00115	0.02554	0.00229	0.00224	0.00439
14	0.00466	0.00389	0.00407	0.00402	0.00526	0.00329	0.00302	0.00576	0.00905	0.01109	0.15576	0.03569	0.72241	0.00944	0.00453	0.00128	0.00192	0.00792	0.00366	0.00329
15	0.01445	0.01073	0.01176	0.00899	0.01207	0.01184	0.02570	0.81022	0.01783	0.02390	0.00917	0.00923	0.00650	0.00457	0.00385	0.00115	0.00427	0.00348	0.00379	0.00649
16	0.00543	0.00392	0.00513	0.00482	0.00573	0.00362	0.00362	0.00724	0.01085	0.01538	0.83931	0.02864	0.03618	0.00784	0.00452	0.00121	0.00181	0.00693	0.00422	0.00362
17	0.00557	0.00424	0.00634	0.00629	0.00695	0.00501	0.00491	0.00692	0.00615	0.00891	0.01010	0.01485	0.00944	0.02805	0.82339	0.00602	0.03727	0.00408	0.00204	0.00345
18	0.01114	0.00743	0.00784	0.00640	0.00846	0.00804	0.00516	0.44955	0.01341	0.01960	0.01073	0.01156	0.00805	0.00454	0.00330	0.00103	0.00309	0.00351	0.41201	0.00516
19	0.00795	0.00681	0.00795	0.00568	0.00909	0.00511	0.00454	0.00965	0.00795	0.01249	0.00681	0.00795	0.00568	0.00284	0.00284	0.00057	0.00284	0.00227	0.00227	0.88869
20	0.00839	0.00839	0.01174	0.01007	0.01007	0.01174	0.00839	0.00923	0.00587	0.00923	0.00503	0.00839	0.00503	0.00671	0.01258	0.00168	0.85823	0.00336	0.00168	0.00419
21	0.00954	0.00824	0.00867	0.00780	0.00997	0.00954	0.00607	0.02037	0.83441	0.01604	0.01561	0.01431	0.01170	0.00520	0.00390	0.00130	0.00303	0.00433	0.00390	0.00607
22	0.01698	0.00689	0.00912	0.00699	0.00997	0.00617	0.00578	0.08797	0.01158	0.77386	0.01462	0.01272	0.00924	0.00473	0.00385	0.00118	0.00334	0.00382	0.00467	0.00652
23	0.00532	0.00393	0.00497	0.00475	0.00571	0.00358	0.00358	0.00700	0.01049	0.01454	0.70097	0.03023	0.15240	0.00818	0.00454	0.00123	0.00187	0.02900	0.00411	0.00356
24	0.01025	0.86756	0.02009	0.00656	0.00984	0.01517	0.00656	0.01148	0.00779	0.00902	0.00533	0.00615	0.00492	0.00328	0.00246	0.00082	0.00410	0.00205	0.00164	0.00492
25	0.01661	0.00747	0.00948	0.00727	0.01026	0.00704	0.00601	0.20029	0.01256	0.66015	0.01380	0.01219	0.00883	0.00471	0.00385	0.00118	0.00348	0.00377	0.00454	0.00652
26	0.01411	0.00620	0.00859	0.00675	0.00929	0.00551	0.03521	0.04158	0.01104	0.59861	0.18028	0.01661	0.03759	0.00544	0.00403	0.00120	0.00308	0.00460	0.00448	0.00580
27	0.00929	0.02364	0.01303	0.10026	0.46071	0.06718	0.04045	0.05336	0.00940	0.03032	0.06116	0.01310	0.08205	0.00471	0.01398	0.00122	0.00446	0.00402	0.00233	0.00532
28	0.56319	0.07084	0.00815	0.00666	0.02109	0.21880	0.00526	0.02431	0.00796	0.01454	0.00639	0.00724	0.02492	0.00380	0.00275	0.00111	0.00405	0.00236	0.00227	0.00432
29	0.89233	0.00741	0.00564	0.00504	0.00741	0.00860	0.00415	0.01127	0.00653	0.01720	0.00534	0.00623	0.00415	0.00356	0.00237	0.00119	0.00297	0.00208	0.00237	0.00415
30	0.00546	0.00397	0.00517	0.00501	0.00593	0.00368	0.00385	0.00721	0.01053	0.01469	0.70967	0.03062	0.07871	0.00823	0.00460	0.00127	0.00200	0.09171	0.00411	0.00359
31	0.01432	0.01827	0.01087	0.00988	0.01185	0.84986	0.00741	0.01531	0.01087	0.00938	0.00593	0.00691	0.00494	0.00395	0.00346	0.00099	0.00691	0.00247	0.00198	0.00444
32	0.01065	0.80975	0.01938	0.00665	0.00989	0.03519	0.00654	0.01188	0.00800	0.04493	0.00577	0.00647	0.00512	0.00336	0.00254	0.00084	0.00413	0.00214	0.00178	0.00498
33	0.00633	0.00351	0.00499	0.00501	0.00510	0.00358	0.00336	0.00536	0.00531	0.00714	0.00834	0.01520	0.00865	0.17259	0.10272	0.61303	0.00413	0.02177	0.00187	0.00201
34	0.00467	0.00335	0.00444	0.00530	0.00555	0.00312	0.00354	0.00534	0.00738	0.00980	0.02157	0.84239	0.04544	0.01196	0.00488	0.00155	0.00222	0.01083	0.00356	0.00312
35	0.01037	0.00514	0.00667	0.00568	0.00748	0.00464	0.00450	0.03651	0.01074	0.34331	0.36481	0.04276	0.07798	0.00667	0.00419	0.00121	0.00251	0.02222	0.03779	0.00482
36	0.02307	0.21225	0.12962	0.04366	0.11872	0.09973	0.02622	0.12817	0.02908	0.01255	0.00820	0.05641	0.00720	0.01499	0.05260	0.00143	0.01394	0.01479	0.00226	0.00511
37	0.43933	0.00742	0.00708	0.00606	0.00835	0.00816	0.00489	0.17302	0.05902	0.09321	0.05295	0.06259	0.05354	0.00503	0.00327	0.00122	0.00309	0.00375	0.00320	0.00481
38	0.00545	0.00390	0.00466	0.00489	0.00572	0.00357	0.00352	0.02900	0.00876	0.02996	0.15762	0.38595	0.26646	0.00988	0.00457	0.00137	0.00215	0.01976	0.04939	0.00343
39	0.06725	0.00731	0.03947	0.00705	0.02696	0.02915	0.02409	0.14598	0.14811	0.05279	0.26785	0.04929	0.03376	0.05802	0.00494	0.00137	0.00313	0.00507	0.02367	0.00475

[dist]
# distance from previous block
# <min> <max>
10	24

[block]
# block no. 5 follows, 71 sequences, length 16
# corresponding to MSA columns:
# 239-254
name=unknown_F
#
# <colnr> <probs for GDERKNQSTAVLIFYWHMCP>
#	G	D	E	R	K	N	Q	S	T	A	V	L	I	F	Y	W	H	M	C	P
0	0.19974	0.17469	0.05826	0.00760	0.03536	0.07357	0.02320	0.08238	0.04225	0.15905	0.04964	0.04683	0.00851	0.00489	0.01748	0.00120	0.00396	0.00341	0.00287	0.00510
1	0.03097	0.09114	0.26397	0.01008	0.08494	0.00943	0.03686	0.18803	0.04162	0.07804	0.00821	0.00890	0.00606	0.00382	0.00351	0.00107	0.00442	0.00304	0.00256	0.12332
2	0.06560	0.08218	0.20323	0.01948	0.02568	0.06467	0.03614	0.05254	0.08143	0.05834	0.06141	0.09183	0.05691	0.00606	0.02877	0.00135	0.03423	0.00433	0.00267	0.02314
3	0.00958	0.27760	0.16871	0.00852	0.04887	0.06824	0.02124	0.02852	0.02741	0.06384	0.03175	0.02818	0.03074	0.01679	0.00401	0.00111	0.04351	0.03431	0.01605	0.07102
4	0.04817	0.07472	0.28945	0.00867	0.03100	0.03372	0.02870	0.05046	0.06537	0.03452	0.05597	0.01113	0.03151	0.02798	0.01491	0.00124	0.04900	0.00338	0.01258	0.12756
5	0.22614	0.14468	0.21741	0.03039	0.02441	0.07489	0.00757	0.01164	0.05411	0.02665	0.05952	0.03213	0.06685	0.00459	0.00330	0.00115	0.00406	0.00344	0.00236	0.00473
6	0.00768	0.00750	0.14874	0.00621	0.00836	0.00554	0.00575	0.04980	0.07744	0.07271	0.29221	0.04202	0.07951	0.00609	0.00390	0.00116	0.00283	0.00515	0.14708	0.03031
7	0.89233	0.00741	0.00564	0.00504	0.00741	0.00860	0.00415	0.01127	0.00653	0.01720	0.00534	0.00623	0.00415	0.00356	0.00237	0.00119	0.00297	0.00208	0.00237	0.00415
8	0.00614	0.00426	0.00595	0.00633	0.00711	0.00446	0.00518	0.00760	0.00770	0.02918	0.03485	0.03040	0.01688	0.10121	0.28523	0.00336	0.00568	0.40988	0.02516	0.00345
9	0.89233	0.00741	0.00564	0.00504	0.00741	0.00860	0.00415	0.01127	0.00653	0.01720	0.00534	0.00623	0.00415	0.00356	0.00237	0.00119	0.00297	0.00208	0.00237	0.00415
10	0.00724	0.00681	0.01150	0.85604	0.02641	0.00852	0.01065	0.00980	0.00767	0.00980	0.00681	0.01022	0.00511	0.00383	0.00383	0.00128	0.00511	0.00341	0.00170	0.00426
11	0.00510	0.00376	0.00485	0.00529	0.02084	0.00357	0.00359	0.00609	0.00809	0.01091	0.21967	0.36632	0.12951	0.11583	0.07662	0.00208	0.00298	0.00823	0.00341	0.00324
12	0.00608	0.00446	0.00544	0.00503	0.00610	0.00426	0.00377	0.07682	0.01079	0.01487	0.59530	0.05922	0.13085	0.05364	0.00528	0.00136	0.00215	0.00686	0.00398	0.00373
13	0.00943	0.03515	0.10773	0.05356	0.13718	0.06423	0.07630	0.07388	0.24651	0.02550	0.01164	0.07551	0.03323	0.00502	0.00415	0.00125	0.02724	0.00431	0.00278	0.00540
14	0.03117	0.00465	0.02832	0.00548	0.00601	0.02786	0.00383	0.03179	0.00740	0.01000	0.01754	0.58434	0.02057	0.19321	0.00783	0.00197	0.00286	0.00881	0.00317	0.00319
15	0.02601	0.07227	0.02535	0.04868	0.14601	0.22671	0.03019	0.16690	0.05554	0.10050	0.00906	0.00974	0.02584	0.00421	0.00377	0.00111	0.01898	0.00326	0.00271	0.02317

[dist]
# distance from previous block
# <min> <max>
3	4

[block]
# block no. 6 follows, 71 sequences, length 24
# corresponding to MSA columns:
# 260-283
name=unknown_G
#
# <colnr> <probs for GDERKNQSTAVLIFYWHMCP>
#	G	D	E	R	K	N	Q	S	T	A	V	L	I	F	Y	W	H	M	C	P
0	0.01176	0.04384	0.02174	0.00940	0.07669	0.07577	0.03001	0.29459	0.16247	0.06082	0.00959	0.00985	0.00720	0.00420	0.00372	0.00107	0.01513	0.00332	0.00313	0.15570
1	0.00533	0.00358	0.00463	0.00523	0.00565	0.00333	0.00356	0.00604	0.00754	0.04525	0.03702	0.65811	0.08002	0.08827	0.00614	0.00172	0.00241	0.02945	0.00351	0.00322
2	0.02086	0.02160	0.12248	0.05300	0.16812	0.06824	0.06092	0.22147	0.05787	0.06033	0.03127	0.06021	0.00861	0.00474	0.00390	0.00121	0.00452	0.02225	0.00282	0.00557
3	0.01056	0.23023	0.19534	0.01052	0.08640	0.03583	0.10059	0.11533	0.05839	0.08372	0.02127	0.02042	0.00685	0.00397	0.00354	0.00111	0.00465	0.00329	0.00244	0.00556
4	0.00625	0.00440	0.00528	0.00548	0.00635	0.00395	0.00391	0.00713	0.02286	0.04523	0.16253	0.36693	0.26543	0.01065	0.00541	0.03882	0.00248	0.02928	0.00388	0.00377
5	0.00496	0.00384	0.00452	0.00447	0.00547	0.00340	0.00331	0.00629	0.00958	0.01263	0.40838	0.11788	0.38333	0.00908	0.00456	0.00128	0.00191	0.00784	0.00387	0.00340
6	0.05882	0.06652	0.16426	0.01113	0.11011	0.05869	0.06391	0.15769	0.03840	0.09660	0.01965	0.02382	0.00751	0.00466	0.00431	0.00128	0.04105	0.00358	0.00288	0.06514
7	0.01203	0.01269	0.01161	0.18958	0.04316	0.36215	0.04234	0.20226	0.01158	0.01335	0.03766	0.00921	0.00657	0.00424	0.00394	0.00113	0.02595	0.00320	0.00242	0.00494
8	0.00562	0.00409	0.00486	0.00475	0.00576	0.00373	0.00349	0.02285	0.02288	0.03779	0.35496	0.15755	0.30301	0.04495	0.00517	0.00139	0.00211	0.00767	0.00382	0.00354
9	0.00946	0.00920	0.01607	0.02301	0.78269	0.00915	0.07000	0.01180	0.00875	0.01251	0.00725	0.00955	0.00606	0.00340	0.00385	0.00115	0.00469	0.00350	0.00190	0.00601
10	0.02300	0.02031	0.14660	0.05062	0.25968	0.02203	0.02357	0.13165	0.09626	0.09156	0.03410	0.01116	0.02393	0.00431	0.00397	0.00119	0.02337	0.00363	0.02333	0.00572
11	0.06944	0.00937	0.01027	0.02114	0.01074	0.09332	0.03293	0.26712	0.07015	0.12053	0.02057	0.07945	0.00855	0.00551	0.00544	0.00129	0.16167	0.00405	0.00317	0.00531
12	0.00492	0.00363	0.00501	0.00569	0.00605	0.00344	0.02311	0.00589	0.02551	0.01002	0.02068	0.80556	0.02452	0.01162	0.00487	0.00155	0.00237	0.02878	0.00353	0.00324
13	0.45284	0.04903	0.04244	0.04370	0.05731	0.16421	0.06405	0.03130	0.00804	0.01413	0.00592	0.00722	0.00471	0.00375	0.00335	0.00116	0.03757	0.00256	0.00216	0.00454
14	0.00482	0.00365	0.00446	0.00487	0.00557	0.00329	0.00347	0.00582	0.00844	0.01099	0.16757	0.43234	0.27825	0.01053	0.00473	0.00142	0.00212	0.04075	0.00367	0.00326
15	0.04762	0.10592	0.07478	0.02895	0.20039	0.07629	0.10364	0.12705	0.02594	0.04285	0.00752	0.00876	0.00587	0.00362	0.00351	0.00105	0.00458	0.00310	0.00234	0.12622
16	0.00902	0.02852	0.01060	0.00904	0.00978	0.13459	0.01948	0.02495	0.07646	0.00998	0.00720	0.01041	0.00667	0.05748	0.11087	0.00216	0.46299	0.00351	0.00203	0.00426
17	0.00549	0.00380	0.00478	0.00484	0.00566	0.00347	0.00351	0.00682	0.00938	0.03724	0.41658	0.27703	0.15141	0.00913	0.00454	0.00131	0.00199	0.00805	0.04148	0.00349
18	0.00852	0.00945	0.02025	0.01478	0.01819	0.00887	0.71660	0.01146	0.00888	0.01202	0.00952	0.09024	0.00831	0.00435	0.00459	0.00134	0.00595	0.03961	0.00216	0.00491
19	0.00520	0.00380	0.00471	0.00472	0.00558	0.00347	0.00348	0.00664	0.00965	0.01326	0.48371	0.17773	0.19371	0.00887	0.00453	0.00128	0.00194	0.02404	0.04022	0.00345
20	0.07391	0.00724	0.00896	0.00699	0.00982	0.00692	0.00575	0.15664	0.03278	0.59225	0.04876	0.01264	0.00983	0.00479	0.00378	0.00118	0.00334	0.00381	0.00439	0.00623
21	0.00861	0.00727	0.04191	0.05216	0.02596	0.00722	0.00591	0.17117	0.20839	0.03135	0.09472	0.19260	0.07506	0.00678	0.00413	0.00127	0.00314	0.00581	0.00350	0.05305
22	0.08166	0.04900	0.01018	0.03948	0.15864	0.08731	0.00671	0.07970	0.02924	0.14083	0.00983	0.10051	0.00841	0.00464	0.00353	0.00106	0.00380	0.00382	0.00282	0.17883
23	0.06450	0.17740	0.06724	0.09071	0.06278	0.08462	0.02938	0.12959	0.03311	0.07252	0.02696	0.01743	0.01526	0.01413	0.02525	0.00124	0.02204	0.00320	0.00250	0.06017

[dist]
# distance from previous block
# <min> <max>
1	12

[block]
# block no. 7 follows, 71 sequences, length 21
# corresponding to MSA columns:
# 296-316
name=unknown_H
#
# <colnr> <probs for GDERKNQSTAVLIFYWHMCP>
#	G	D	E	R	K	N	Q	S	T	A	V	L	I	F	Y	W	H	M	C	P
0	0.02532	0.23924	0.08099	0.02389	0.09275	0.11795	0.04556	0.12467	0.06644	0.08121	0.00812	0.01919	0.00640	0.00402	0.00358	0.00107	0.02222	0.00308	0.00249	0.03182
1	0.00870	0.00721	0.03886	0.02023	0.10547	0.00750	0.04389	0.01009	0.00779	0.12283	0.05235	0.02734	0.08846	0.09750	0.03809	0.00175	0.25031	0.00439	0.00258	0.06465
2	0.00906	0.06296	0.10180	0.03420	0.19830	0.05947	0.07230	0.03372	0.06001	0.04516	0.03216	0.04295	0.02315	0.00515	0.00420	0.00122	0.03019	0.10989	0.00252	0.07158
3	0.00523	0.00395	0.00447	0.00433	0.00545	0.00345	0.00321	0.00645	0.00935	0.03365	0.31326	0.04918	0.48363	0.05107	0.00526	0.00139	0.00202	0.00751	0.00376	0.00341
4	0.01125	0.01020	0.03893	0.08659	0.26925	0.03122	0.10940	0.32623	0.03713	0.01671	0.00819	0.00957	0.00622	0.00401	0.00403	0.00119	0.01774	0.00355	0.00268	0.00590
5	0.01196	0.00976	0.01096	0.03751	0.12077	0.04784	0.00752	0.35641	0.30158	0.03836	0.01110	0.01105	0.00823	0.00461	0.00384	0.00120	0.00397	0.00372	0.00347	0.00614
6	0.03255	0.00415	0.00478	0.00451	0.00573	0.00372	0.00341	0.00721	0.00968	0.06030	0.39349	0.03066	0.39014	0.02703	0.00475	0.00130	0.00203	0.00710	0.00386	0.00360
7	0.01712	0.00666	0.00898	0.00688	0.00985	0.00583	0.00569	0.04427	0.01120	0.81809	0.01494	0.01293	0.00940	0.00474	0.00386	0.00119	0.00329	0.00384	0.00472	0.00653
8	0.00489	0.00372	0.00451	0.00478	0.00557	0.00334	0.00346	0.00600	0.00881	0.01154	0.24685	0.33168	0.29930	0.01007	0.00469	0.00138	0.00207	0.04029	0.00374	0.00331
9	0.00715	0.00357	0.00357	0.00357	0.00447	0.00357	0.00268	0.00893	0.00804	0.01429	0.01251	0.01429	0.00983	0.00447	0.00268	0.00089	0.00179	0.00357	0.88654	0.00357
10	0.01720	0.00653	0.00890	0.00682	0.00979	0.00564	0.00564	0.01869	0.01097	0.84399	0.01513	0.01305	0.00949	0.00475	0.00386	0.00119	0.00326	0.00386	0.00475	0.00653
11	0.89233	0.00741	0.00564	0.00504	0.00741	0.00860	0.00415	0.01127	0.00653	0.01720	0.00534	0.00623	0.00415	0.00356	0.00237	0.00119	0.00297	0.00208	0.00237	0.00415
12	0.01466	0.01060	0.01142	0.00875	0.01182	0.01168	0.00723	0.80102	0.01779	0.05203	0.00941	0.00934	0.00662	0.00461	0.00384	0.00115	0.00419	0.00347	0.00387	0.00652
13	0.89233	0.00741	0.00564	0.00504	0.00741	0.00860	0.00415	0.01127	0.00653	0.01720	0.00534	0.00623	0.00415	0.00356	0.00237	0.00119	0.00297	0.00208	0.00237	0.00415
14	0.38604	0.00866	0.00861	0.00690	0.00966	0.00950	0.00570	0.35367	0.01204	0.15221	0.00852	0.00856	0.00599	0.00418	0.00322	0.00117	0.00354	0.00293	0.00336	0.00552
15	0.47567	0.00899	0.00842	0.00684	0.00954	0.01016	0.00564	0.39923	0.01199	0.02051	0.00717	0.00764	0.00528	0.00405	0.00307	0.00117	0.00356	0.00273	0.00307	0.00528
16	0.00536	0.00387	0.00507	0.00487	0.00571	0.00358	0.00361	0.00708	0.01056	0.01492	0.77202	0.09724	0.03529	0.00818	0.00455	0.00123	0.00184	0.00726	0.00417	0.00358
17	0.00553	0.00372	0.00428	0.00438	0.00443	0.00370	0.00256	0.00565	0.00583	0.00777	0.01307	0.08755	0.01510	0.76902	0.01788	0.00348	0.00360	0.03756	0.00246	0.00243
18	0.02463	0.00911	0.01373	0.19082	0.45461	0.04606	0.03499	0.11121	0.00983	0.05691	0.00772	0.00965	0.00602	0.00374	0.00380	0.00117	0.00470	0.00341	0.00226	0.00565
19	0.45163	0.03330	0.05919	0.00823	0.06283	0.12907	0.03820	0.07513	0.00873	0.08037	0.00679	0.00760	0.00513	0.00381	0.00315	0.00115	0.01574	0.00262	0.00249	0.00484
20	0.00539	0.00380	0.00488	0.00517	0.00583	0.00355	0.00366	0.00679	0.03276	0.03436	0.29812	0.47357	0.08760	0.01004	0.00469	0.00140	0.00212	0.00898	0.00382	0.00347

[dist]
# distance from previous block
# <min> <max>
1	7

[block]
# block no. 8 follows, 71 sequences, length 39
# corresponding to MSA columns:
# 324-362
name=unknown_I
#
# <colnr> <probs for GDERKNQSTAVLIFYWHMCP>
#	G	D	E	R	K	N	Q	S	T	A	V	L	I	F	Y	W	H	M	C	P
0	0.01092	0.00520	0.00680	0.00564	0.00760	0.00457	0.00448	0.01254	0.01051	0.38931	0.34226	0.02017	0.05767	0.00610	0.00403	0.00115	0.00252	0.00518	0.05993	0.04341
1	0.01014	0.83177	0.05494	0.00675	0.01013	0.01491	0.00688	0.01151	0.00780	0.00915	0.00540	0.00623	0.00492	0.00330	0.00251	0.00084	0.00417	0.00208	0.00164	0.00495
2	0.00485	0.00341	0.00448	0.00520	0.00551	0.00320	0.00350	0.00564	0.00766	0.01041	0.10256	0.73008	0.02566	0.03590	0.00521	0.00156	0.00221	0.01013	0.02966	0.00316
3	0.00554	0.00423	0.00590	0.00582	0.00644	0.00478	0.00442	0.00660	0.00638	0.00889	0.01372	0.03333	0.10877	0.12115	0.57762	0.02415	0.05193	0.00481	0.00226	0.00327
4	0.00530	0.00383	0.00508	0.00524	0.00567	0.00402	0.00367	0.00614	0.00659	0.00906	0.05848	0.18018	0.05763	0.26967	0.35760	0.00406	0.00594	0.00618	0.00261	0.00304
5	0.00965	0.00829	0.00873	0.00782	0.01001	0.00959	0.00610	0.03782	0.81678	0.01621	0.01547	0.01420	0.01159	0.00519	0.00390	0.00130	0.00306	0.00432	0.00390	0.00608
6	0.89233	0.00741	0.00564	0.00504	0.00741	0.00860	0.00415	0.01127	0.00653	0.01720	0.00534	0.00623	0.00415	0.00356	0.00237	0.00119	0.00297	0.00208	0.00237	0.00415
7	0.00769	0.01983	0.84538	0.01093	0.01659	0.00890	0.01417	0.01214	0.00810	0.01214	0.00688	0.00810	0.00486	0.00364	0.00364	0.00121	0.00567	0.00283	0.00162	0.00567
8	0.00504	0.00360	0.00484	0.00570	0.00607	0.00343	0.00413	0.00594	0.00763	0.01011	0.02068	0.65016	0.02427	0.03633	0.00541	0.00167	0.00257	0.19572	0.00352	0.00319
9	0.09735	0.06440	0.01149	0.00832	0.01134	0.01179	0.00695	0.69975	0.01629	0.02255	0.00860	0.00873	0.00620	0.00442	0.00361	0.00113	0.00409	0.00323	0.00356	0.00620
10	0.00839	0.00839	0.01174	0.01007	0.01007	0.01174	0.00839	0.00923	0.00587	0.00923	0.00503	0.00839	0.00503	0.00671	0.01258	0.00168	0.85823	0.00336	0.00168	0.00419
11	0.00839	0.00839	0.01174	0.01007	0.01007	0.01174	0.00839	0.00923	0.00587	0.00923	0.00503	0.00839	0.00503	0.00671	0.01258	0.00168	0.85823	0.00336	0.00168	0.00419
12	0.00799	0.07998	0.73340	0.01042	0.01569	0.00939	0.01311	0.01261	0.06013	0.01216	0.00732	0.00835	0.00529	0.00371	0.00357	0.00119	0.00539	0.00287	0.00176	0.00564
13	0.01047	0.00542	0.00723	0.00610	0.00802	0.00491	0.02887	0.03566	0.02944	0.34723	0.26046	0.07917	0.12954	0.00690	0.00426	0.00125	0.00271	0.02327	0.00420	0.00488
14	0.00467	0.00334	0.00445	0.00534	0.00556	0.00311	0.00356	0.00534	0.00734	0.00979	0.02113	0.86275	0.02536	0.01201	0.00489	0.00156	0.00222	0.01090	0.00356	0.00311
15	0.04123	0.00644	0.00965	0.23589	0.13908	0.00706	0.00757	0.02544	0.00812	0.16278	0.01001	0.01425	0.00844	0.09635	0.12936	0.00224	0.04482	0.04409	0.00256	0.00462
16	0.00553	0.00378	0.00501	0.00527	0.00569	0.00386	0.00364	0.00625	0.00665	0.03298	0.01581	0.32004	0.04852	0.23841	0.26536	0.01517	0.00509	0.00704	0.00279	0.00309
17	0.00894	0.00827	0.01266	0.12475	0.49988	0.02931	0.00968	0.04609	0.06579	0.01308	0.09308	0.01272	0.03591	0.00432	0.00388	0.00117	0.00416	0.00396	0.01691	0.00544
18	0.00775	0.01943	0.81065	0.01115	0.01674	0.00894	0.04850	0.01215	0.00814	0.01215	0.00692	0.00819	0.00490	0.00363	0.00368	0.00122	0.00570	0.00290	0.00163	0.00565
19	0.01030	0.01770	0.02433	0.05232	0.06008	0.08501	0.06608	0.25767	0.04602	0.03186	0.01274	0.05191	0.03684	0.00626	0.00453	0.00134	0.03214	0.19473	0.00311	0.00503
20	0.83757	0.06082	0.00653	0.00514	0.00757	0.00901	0.00430	0.01128	0.00660	0.01669	0.00534	0.00622	0.00420	0.00354	0.00238	0.00116	0.00304	0.00207	0.00233	0.00420
21	0.01083	0.00933	0.01298	0.01638	0.45574	0.02300	0.00935	0.23060	0.11776	0.02539	0.02604	0.01101	0.02564	0.00421	0.00385	0.00117	0.00418	0.00371	0.00279	0.00606
22	0.02193	0.00771	0.00846	0.00691	0.00919	0.03635	0.00555	0.31654	0.05039	0.19923	0.05949	0.01483	0.09419	0.00650	0.03706	0.02697	0.00365	0.00423	0.08544	0.00538
23	0.00701	0.00426	0.00556	0.00508	0.00627	0.00386	0.00386	0.00868	0.01060	0.13166	0.64603	0.06552	0.07125	0.00769	0.00445	0.00122	0.00204	0.00674	0.00423	0.00399
24	0.00472	0.00386	0.00417	0.00415	0.00531	0.00331	0.00309	0.00585	0.00910	0.01135	0.20097	0.07689	0.63503	0.00945	0.00455	0.00129	0.00193	0.00800	0.00369	0.00331
25	0.00756	0.00454	0.00560	0.00519	0.00646	0.00426	0.00393	0.02246	0.05512	0.14038	0.36008	0.14458	0.11855	0.00764	0.00424	0.00124	0.00221	0.00662	0.09523	0.00412
26	0.00765	0.00400	0.00436	0.00414	0.00522	0.00394	0.00315	0.00975	0.03882	0.07057	0.13862	0.01639	0.01388	0.00503	0.00308	0.00098	0.00194	0.00413	0.66050	0.00387
27	0.17704	0.01559	0.00994	0.03674	0.01148	0.63820	0.00693	0.02672	0.00997	0.01107	0.00588	0.00696	0.00482	0.00393	0.00344	0.00105	0.02132	0.00246	0.00206	0.00441
28	0.00839	0.00839	0.01174	0.01007	0.01007	0.01174	0.00839	0.00923	0.00587	0.00923	0.00503	0.00839	0.00503	0.00671	0.01258	0.00168	0.85823	0.00336	0.00168	0.00419
29	0.01397	0.01033	0.01104	0.00858	0.01151	0.01145	0.00705	0.74342	0.07674	0.02326	0.00978	0.00974	0.00700	0.00464	0.00380	0.00115	0.00405	0.00352	0.03258	0.00639
30	0.01442	0.01789	0.01080	0.00978	0.01179	0.82215	0.00735	0.01542	0.01087	0.03677	0.00623	0.00712	0.00509	0.00398	0.00347	0.00099	0.00679	0.00251	0.00207	0.00451
31	0.01032	0.00854	0.00902	0.00787	0.01016	0.00979	0.00619	0.15413	0.67956	0.01735	0.01447	0.01346	0.01080	0.00509	0.00386	0.00127	0.00320	0.00417	0.02467	0.00609
32	0.00769	0.01983	0.84538	0.01093	0.01659	0.00890	0.01417	0.01214	0.00810	0.01214	0.00688	0.00810	0.00486	0.00364	0.00364	0.00121	0.00567	0.00283	0.00162	0.00567
33	0.00724	0.00681	0.01150	0.85604	0.02641	0.00852	0.01065	0.00980	0.00767	0.00980	0.00681	0.01022	0.00511	0.00383	0.00383	0.00128	0.00511	0.00341	0.00170	0.00426
34	0.55890	0.00755	0.00733	0.02074	0.00893	0.03189	0.02917	0.01317	0.00794	0.22460	0.00799	0.00825	0.00567	0.00383	0.00289	0.00115	0.00329	0.00264	0.00293	0.05113
35	0.00553	0.00390	0.00509	0.00509	0.00540	0.00421	0.00346	0.00616	0.00584	0.00811	0.01125	0.02049	0.01194	0.48136	0.40067	0.00484	0.00672	0.00490	0.00220	0.00283
36	0.00470	0.00339	0.00445	0.00524	0.00555	0.00314	0.00353	0.00543	0.00757	0.01005	0.05646	0.78164	0.07128	0.01171	0.00486	0.00153	0.00219	0.01058	0.00359	0.00314
37	0.01000	0.00881	0.02804	0.21195	0.31669	0.00924	0.06638	0.14173	0.04737	0.05646	0.01820	0.01022	0.00663	0.00399	0.00415	0.00120	0.03238	0.00357	0.00242	0.02055
38	0.00850	0.10133	0.11194	0.06051	0.03929	0.04402	0.03719	0.03979	0.11271	0.05924	0.22872	0.01687	0.07123	0.02258	0.00447	0.00124	0.02797	0.00462	0.00303	0.00476

[dist]
# distance from previous block
# <min> <max>
0	1

[block]
# block no. 9 follows, 71 sequences, length 7
# corresponding to MSA columns:
# 364-370
name=unknown_J
#
# <colnr> <probs for GDERKNQSTAVLIFYWHMCP>
#	G	D	E	R	K	N	Q	S	T	A	V	L	I	F	Y	W	H	M	C	P
0	0.00578	0.00433	0.00594	0.08229	0.00855	0.00436	0.00541	0.00723	0.00832	0.01081	0.05780	0.16947	0.10652	0.07408	0.00605	0.00176	0.00323	0.43134	0.00332	0.00341
1	0.00914	0.08470	0.01320	0.05713	0.24469	0.00846	0.11901	0.04516	0.00893	0.08332	0.08226	0.06669	0.02796	0.00653	0.05933	0.00154	0.07000	0.00441	0.00253	0.00503
2	0.04110	0.05512	0.16779	0.08788	0.16425	0.03579	0.09413	0.05387	0.03541	0.04330	0.02090	0.00950	0.00638	0.00389	0.00412	0.00114	0.05432	0.00326	0.02572	0.09210
3	0.00847	0.00874	0.06537	0.06048	0.10872	0.05022	0.26706	0.02868	0.00869	0.05655	0.01197	0.20641	0.03712	0.00652	0.02879	0.00146	0.03193	0.00559	0.00252	0.00471
4	0.00483	0.00351	0.00453	0.00528	0.00567	0.00327	0.00367	0.00560	0.00755	0.00990	0.02262	0.65924	0.11536	0.05024	0.00555	0.00164	0.00238	0.08253	0.00350	0.00313
5	0.01034	0.03357	0.11862	0.04670	0.08599	0.09353	0.12452	0.11576	0.11458	0.08200	0.02900	0.05963	0.02234	0.02074	0.00442	0.00127	0.02474	0.00414	0.00277	0.00533
6	0.03751	0.10254	0.23566	0.08111	0.16609	0.08752	0.02929	0.06482	0.04281	0.10512	0.00808	0.00908	0.00602	0.00384	0.00357	0.00114	0.00484	0.00310	0.00232	0.00554

[dist]
# distance from previous block
# <min> <max>
2	18

[block]
# block no. 10 follows, 71 sequences, length 16
# corresponding to MSA columns:
# 389-404
name=unknown_K
#
# <colnr> <probs for GDERKNQSTAVLIFYWHMCP>
#	G	D	E	R	K	N	Q	S	T	A	V	L	I	F	Y	W	H	M	C	P
0	0.00813	0.06556	0.00718	0.00560	0.00723	0.00539	0.02052	0.00997	0.05630	0.17028	0.18422	0.07142	0.26920	0.02719	0.02874	0.00143	0.02698	0.00610	0.02429	0.00427
1	0.02723	0.20784	0.33923	0.02654	0.05290	0.09945	0.05098	0.05722	0.03122	0.01193	0.02098	0.00831	0.00580	0.00386	0.00380	0.00112	0.04150	0.00289	0.00194	0.00527
2	0.00595	0.00424	0.00458	0.00444	0.00545	0.02925	0.00332	0.00739	0.00920	0.01308	0.32380	0.02545	0.24481	0.00820	0.03341	0.02576	0.00233	0.00602	0.23985	0.00347
3	0.02045	0.03833	0.06552	0.00643	0.01746	0.01897	0.03709	0.03317	0.05906	0.03474	0.18711	0.10255	0.26788	0.02304	0.01671	0.00140	0.03493	0.02777	0.00331	0.00406
4	0.00515	0.00391	0.00465	0.00450	0.00555	0.00349	0.00340	0.00664	0.00994	0.01337	0.49846	0.03177	0.33669	0.00853	0.00450	0.00125	0.00190	0.02790	0.02491	0.00347
5	0.01425	0.01016	0.01098	0.00847	0.01144	0.01110	0.00698	0.74070	0.01716	0.07240	0.01098	0.01077	0.04673	0.00486	0.00387	0.00116	0.00405	0.00370	0.00388	0.00636
