[name]
unknown

[dist]
# distance from previous block
# <min> <max>
0	30

[block]
# block no. 0 follows, 66 sequences, length 18
# corresponding to MSA columns:
# 60-77
name=unknown_A
#
# <colnr> <probs for GDERKNQSTAVLIFYWHMCP>
#	G	D	E	R	K	N	Q	S	T	A	V	L	I	F	Y	W	H	M	C	P
0	0.05773	0.08163	0.05283	0.05700	0.02679	0.09629	0.15201	0.20278	0.04264	0.04673	0.01021	0.03782	0.02820	0.01723	0.01673	0.00138	0.02690	0.02314	0.01651	0.00544
1	0.11153	0.06976	0.12587	0.01053	0.03828	0.19693	0.09185	0.12913	0.04764	0.01428	0.00768	0.02216	0.00618	0.00452	0.00470	0.00125	0.09209	0.00332	0.00243	0.01989
2	0.01013	0.00733	0.00954	0.06294	0.10575	0.03681	0.02978	0.07582	0.07754	0.14453	0.01362	0.21045	0.01260	0.02642	0.02141	0.00145	0.01892	0.00559	0.03972	0.08964
3	0.00677	0.00454	0.00534	0.00498	0.00640	0.00402	0.00382	0.00843	0.02786	0.10373	0.33334	0.03260	0.41029	0.00887	0.00471	0.00133	0.00221	0.02255	0.00417	0.00403
4	0.01548	0.01087	0.01182	0.00911	0.01231	0.01190	0.00751	0.71867	0.04731	0.09753	0.01054	0.01030	0.00738	0.00491	0.00406	0.00123	0.00433	0.00372	0.00415	0.00688
5	0.00707	0.00353	0.00522	0.00522	0.00526	0.00353	0.00350	0.00546	0.00542	0.00738	0.00730	0.01245	0.00719	0.01371	0.01532	0.84539	0.00346	0.00353	0.03821	0.00185
6	0.01542	0.01136	0.01218	0.00933	0.01258	0.01258	0.00771	0.81858	0.01908	0.02557	0.00974	0.00974	0.00690	0.00487	0.00406	0.00122	0.00446	0.00365	0.00406	0.00690
7	0.01000	0.00979	0.01576	0.11790	0.70435	0.04634	0.01211	0.01238	0.00921	0.01278	0.00752	0.01001	0.00626	0.00369	0.00401	0.00121	0.00500	0.00357	0.00199	0.00613
8	0.01128	0.01200	0.01030	0.00905	0.01101	0.33228	0.05687	0.08774	0.14538	0.01308	0.03774	0.06667	0.06347	0.00766	0.07062	0.00165	0.03023	0.00446	0.02359	0.00492
9	0.88607	0.00785	0.00596	0.00534	0.00785	0.00910	0.00439	0.01193	0.00690	0.01820	0.00565	0.00659	0.00439	0.00377	0.00251	0.00126	0.00314	0.00220	0.00251	0.00439
10	0.00596	0.00424	0.00518	0.00536	0.00583	0.00420	0.00364	0.01997	0.00774	0.02835	0.05395	0.33648	0.13409	0.29627	0.01065	0.00236	0.04045	0.02871	0.00330	0.00326
11	0.00485	0.00408	0.00421	0.00424	0.00553	0.00344	0.00316	0.00591	0.00930	0.01122	0.08287	0.07870	0.74806	0.01029	0.00481	0.00138	0.00206	0.00864	0.00381	0.00344
12	0.05050	0.00651	0.00849	0.00683	0.00950	0.00588	0.00553	0.01749	0.04606	0.63349	0.04885	0.08043	0.01239	0.00572	0.00408	0.00128	0.00321	0.00473	0.04280	0.00624
13	0.00593	0.00451	0.00666	0.00658	0.00724	0.00531	0.00510	0.00728	0.00648	0.00935	0.01074	0.01618	0.01018	0.07073	0.76659	0.00620	0.04479	0.00439	0.00217	0.00360
14	0.14976	0.00719	0.00813	0.00675	0.00917	0.00723	0.00546	0.17126	0.03837	0.25874	0.12326	0.05307	0.07710	0.00614	0.00405	0.00128	0.00323	0.03348	0.00406	0.03225
15	0.02274	0.43861	0.03627	0.00764	0.02142	0.06386	0.00684	0.08849	0.00970	0.06739	0.02689	0.04170	0.02007	0.02043	0.00393	0.00110	0.03204	0.02658	0.00249	0.06180
16	0.07953	0.04349	0.03518	0.04916	0.04670	0.08048	0.01881	0.14561	0.05218	0.04380	0.02837	0.03467	0.00791	0.02267	0.00421	0.00111	0.02857	0.00343	0.00281	0.27129
17	0.05681	0.07507	0.12638	0.02937	0.08587	0.03323	0.05625	0.10813	0.16008	0.03030	0.01941	0.02024	0.01812	0.00440	0.00384	0.00116	0.01441	0.00360	0.02077	0.13257

[dist]
# distance from previous block
# <min> <max>
0	19

[block]
# block no. 1 follows, 66 sequences, length 28
# corresponding to MSA columns:
# 97-124
name=unknown_B
#
# <colnr> <probs for GDERKNQSTAVLIFYWHMCP>
#	G	D	E	R	K	N	Q	S	T	A	V	L	I	F	Y	W	H	M	C	P
0	0.01443	0.01704	0.01207	0.01084	0.03087	0.65555	0.05438	0.06810	0.01174	0.03736	0.00765	0.00974	0.00641	0.00452	0.00386	0.00112	0.00676	0.04021	0.00238	0.00495
1	0.00511	0.00370	0.00482	0.00548	0.00592	0.00343	0.00377	0.00604	0.00846	0.01133	0.15040	0.64196	0.08222	0.02337	0.00531	0.00161	0.00232	0.02753	0.00386	0.00339
2	0.05169	0.00652	0.00681	0.04134	0.00827	0.07055	0.00493	0.10556	0.00958	0.04988	0.02642	0.15250	0.01225	0.04051	0.10340	0.00194	0.02426	0.00508	0.27422	0.00429
3	0.00539	0.00416	0.00499	0.00542	0.00626	0.00389	0.00395	0.00702	0.05567	0.01154	0.08952	0.40782	0.28649	0.01104	0.00500	0.00153	0.00240	0.08047	0.00384	0.00360
4	0.01110	0.00922	0.00974	0.00846	0.01093	0.01056	0.00667	0.17222	0.67248	0.01860	0.01523	0.01412	0.01135	0.00538	0.00412	0.00135	0.00345	0.00441	0.00412	0.00651
5	0.00625	0.00479	0.00684	0.00749	0.07310	0.00531	0.00496	0.00728	0.00660	0.00932	0.01156	0.06206	0.01192	0.27874	0.44532	0.00485	0.04270	0.00510	0.00231	0.00351
6	0.00508	0.00369	0.00478	0.00559	0.00599	0.00343	0.00386	0.00589	0.00799	0.01048	0.02399	0.67976	0.11181	0.03902	0.00566	0.00171	0.00248	0.07177	0.00372	0.00332
7	0.00865	0.01876	0.69320	0.04421	0.04655	0.00944	0.01403	0.01285	0.00856	0.04676	0.00754	0.00894	0.00541	0.00409	0.00442	0.00131	0.05438	0.00312	0.00187	0.00590
8	0.01199	0.01120	0.00907	0.00798	0.01003	0.26555	0.00617	0.17058	0.20152	0.01598	0.02363	0.01191	0.00901	0.00482	0.00366	0.00113	0.00437	0.00364	0.22247	0.00528
9	0.00622	0.00493	0.00564	0.00549	0.00675	0.00482	0.00413	0.03770	0.11902	0.01351	0.23299	0.15195	0.32388	0.01010	0.03717	0.00159	0.00268	0.02343	0.00394	0.00405
10	0.01297	0.34419	0.01550	0.04498	0.04399	0.45417	0.00781	0.01424	0.01001	0.00993	0.00612	0.00726	0.00527	0.00388	0.00328	0.00100	0.00599	0.00252	0.00194	0.00496
11	0.88607	0.00785	0.00596	0.00534	0.00785	0.00910	0.00439	0.01193	0.00690	0.01820	0.00565	0.00659	0.00439	0.00377	0.00251	0.00126	0.00314	0.00220	0.00251	0.00439
12	0.00993	0.01020	0.09385	0.11307	0.22411	0.04158	0.03015	0.09272	0.16419	0.03324	0.05545	0.02262	0.04066	0.00500	0.00456	0.00131	0.04456	0.00422	0.00284	0.00574
13	0.01276	0.04261	0.03228	0.05981	0.03890	0.33561	0.05640	0.16470	0.11380	0.01407	0.00833	0.00940	0.00654	0.00464	0.00474	0.00123	0.08274	0.00335	0.00264	0.00544
14	0.00702	0.00355	0.00529	0.00529	0.00533	0.00357	0.00355	0.00542	0.00538	0.00728	0.00728	0.01249	0.00720	0.01433	0.03737	0.84071	0.00368	0.00355	0.01986	0.00185
15	0.00863	0.05876	0.08324	0.37141	0.05789	0.00981	0.30817	0.01162	0.00874	0.01161	0.00786	0.02962	0.00618	0.00395	0.00425	0.00133	0.00583	0.00409	0.00194	0.00508
16	0.00528	0.00375	0.00473	0.00537	0.00568	0.00356	0.00359	0.00592	0.00753	0.00992	0.02131	0.53726	0.08142	0.21803	0.00895	0.00220	0.00281	0.06611	0.00345	0.00313
17	0.01498	0.00787	0.01060	0.05204	0.01157	0.00843	0.00716	0.09508	0.01077	0.50034	0.01219	0.01199	0.00828	0.00549	0.00645	0.00139	0.22142	0.00388	0.00392	0.00614
18	0.00991	0.04045	0.03991	0.03458	0.14929	0.02290	0.00717	0.10443	0.02700	0.03098	0.00787	0.00907	0.00630	0.00351	0.00340	0.00087	0.00379	0.00288	0.00254	0.49312
19	0.00984	0.00840	0.03562	0.00822	0.07656	0.02197	0.00617	0.10686	0.00999	0.05036	0.02683	0.00961	0.00713	0.00363	0.00347	0.00082	0.01458	0.00291	0.02667	0.57036
20	0.00916	0.00958	0.04550	0.03019	0.27939	0.02624	0.26717	0.01245	0.07873	0.01985	0.01085	0.03497	0.04612	0.02874	0.06202	0.00174	0.02487	0.00458	0.00236	0.00548
21	0.09394	0.00783	0.02822	0.11728	0.21789	0.01794	0.03293	0.03159	0.06345	0.01294	0.01142	0.08101	0.05324	0.01844	0.03136	0.04440	0.01638	0.02311	0.00254	0.09408
22	0.00555	0.00410	0.00536	0.00549	0.00620	0.00424	0.00403	0.00667	0.00747	0.01021	0.05511	0.14974	0.17708	0.11966	0.38195	0.00401	0.00626	0.00657	0.03688	0.00341
23	0.01093	0.09585	0.09731	0.00957	0.07067	0.13088	0.03540	0.11017	0.12084	0.07275	0.08269	0.03645	0.06766	0.00535	0.00397	0.00121	0.00436	0.00435	0.03412	0.00546
24	0.00576	0.05358	0.00582	0.00486	0.00629	0.00451	0.00375	0.02317	0.00972	0.01241	0.20998	0.10568	0.47344	0.00926	0.00462	0.00132	0.00229	0.01959	0.00375	0.04021
25	0.08987	0.00848	0.02786	0.06160	0.25580	0.00938	0.01908	0.06388	0.04658	0.01373	0.09040	0.01331	0.04155	0.02469	0.02221	0.00153	0.19820	0.00414	0.00254	0.00517
26	0.03072	0.06257	0.00976	0.00775	0.04984	0.04731	0.00584	0.09511	0.11222	0.04514	0.01104	0.08184	0.03034	0.00475	0.00357	0.00098	0.00349	0.00387	0.01272	0.38117
27	0.02803	0.04178	0.07372	0.05922	0.07164	0.05843	0.11769	0.14501	0.02000	0.05661	0.00961	0.06920	0.00831	0.00745	0.07729	0.00178	0.10928	0.01878	0.00265	0.02351

[dist]
# distance from previous block
# <min> <max>
1	66

[block]
# block no. 2 follows, 66 sequences, length 13
# corresponding to MSA columns:
# 197-209
name=unknown_C
#
# <colnr> <probs for GDERKNQSTAVLIFYWHMCP>
#	G	D	E	R	K	N	Q	S	T	A	V	L	I	F	Y	W	H	M	C	P
0	0.02559	0.03790	0.02621	0.02609	0.05883	0.04929	0.01549	0.15515	0.04274	0.06658	0.04446	0.05045	0.01122	0.23256	0.01781	0.00200	0.05011	0.00459	0.02421	0.05873
1	0.04408	0.00676	0.00734	0.00667	0.00797	0.07755	0.03207	0.05010	0.05911	0.08603	0.05342	0.18586	0.02885	0.22659	0.00873	0.00201	0.02416	0.02650	0.03184	0.03432
2	0.02622	0.02474	0.00890	0.02673	0.03638	0.11598	0.00594	0.02823	0.03031	0.07468	0.03793	0.08784	0.01029	0.03105	0.16654	0.00221	0.05743	0.00422	0.00272	0.22166
3	0.01088	0.09985	0.18391	0.01024	0.01384	0.17914	0.12020	0.10332	0.01029	0.01324	0.00732	0.00873	0.00578	0.00455	0.02439	0.00122	0.03689	0.00310	0.00224	0.16087
4	0.00519	0.00417	0.00467	0.00495	0.00594	0.00378	0.00355	0.00675	0.05547	0.01133	0.06955	0.32987	0.45868	0.01078	0.00489	0.00147	0.00222	0.00934	0.00382	0.00357
5	0.01274	0.04656	0.03400	0.08121	0.02475	0.10875	0.09493	0.32642	0.08988	0.07188	0.06022	0.01155	0.00903	0.00474	0.00408	0.00123	0.00483	0.00391	0.00333	0.00595
6	0.02068	0.00758	0.00900	0.04391	0.04300	0.03572	0.00640	0.25562	0.01136	0.03105	0.04035	0.22063	0.03873	0.03044	0.09864	0.00204	0.07648	0.02023	0.00330	0.00485
7	0.00544	0.00407	0.00506	0.00503	0.00598	0.00369	0.00374	0.00699	0.01039	0.01411	0.51344	0.14787	0.21471	0.00945	0.00487	0.00137	0.00207	0.03386	0.00419	0.00366
8	0.01049	0.00853	0.03125	0.00963	0.04505	0.00938	0.06199	0.22215	0.04367	0.06588	0.03707	0.06747	0.00985	0.02592	0.09138	0.00197	0.19885	0.00451	0.04970	0.00525
9	0.00678	0.00364	0.00522	0.00522	0.00526	0.00369	0.00344	0.00551	0.00546	0.00733	0.00823	0.01491	0.00852	0.15507	0.06746	0.68234	0.00404	0.00397	0.00190	0.00199
10	0.06223	0.03622	0.01182	0.00948	0.01225	0.32433	0.00756	0.45207	0.01528	0.01887	0.00811	0.00857	0.00609	0.00451	0.00379	0.00115	0.00546	0.00314	0.00317	0.00589
11	0.04815	0.03186	0.01134	0.00955	0.01192	0.49367	0.05679	0.06759	0.07516	0.01226	0.00889	0.01013	0.03470	0.03437	0.00431	0.00118	0.00590	0.00325	0.00248	0.07651
12	0.03572	0.00682	0.00713	0.00673	0.00793	0.07382	0.00495	0.09677	0.14989	0.03125	0.03418	0.21219	0.04533	0.03967	0.02448	0.20633	0.00366	0.00589	0.00319	0.00409

[dist]
# distance from previous block
# <min> <max>
0	4

[block]
# block no. 3 follows, 66 sequences, length 24
# corresponding to MSA columns:
# 214-237
name=unknown_D
#
# <colnr> <probs for GDERKNQSTAVLIFYWHMCP>
#	G	D	E	R	K	N	Q	S	T	A	V	L	I	F	Y	W	H	M	C	P
0	0.67184	0.00870	0.00721	0.00621	0.00878	0.04063	0.00507	0.13989	0.00914	0.03891	0.00700	0.02882	0.00553	0.00421	0.00291	0.00125	0.00349	0.00273	0.00283	0.00484
1	0.01054	0.20401	0.18260	0.00829	0.01151	0.01023	0.00806	0.04215	0.26361	0.10139	0.01120	0.01215	0.00869	0.00552	0.00475	0.07582	0.00415	0.02670	0.00297	0.00565
2	0.00883	0.36875	0.10721	0.00830	0.01115	0.01073	0.07515	0.01148	0.07121	0.01125	0.01148	0.12536	0.01140	0.00682	0.02997	0.00142	0.00450	0.11757	0.00251	0.00490
3	0.00600	0.00382	0.00510	0.00575	0.00624	0.00352	0.00394	0.00682	0.00822	0.07400	0.05565	0.75563	0.02602	0.01193	0.00508	0.00160	0.00242	0.01079	0.00389	0.00360
4	0.01592	0.00657	0.00876	0.00704	0.00971	0.00588	0.00568	0.01791	0.05608	0.66892	0.01637	0.06138	0.01180	0.05567	0.00516	0.00146	0.00342	0.03122	0.00471	0.00632
5	0.00607	0.00433	0.00522	0.00503	0.00611	0.00405	0.00375	0.00818	0.05105	0.02783	0.48696	0.09457	0.18825	0.00853	0.00460	0.00130	0.00206	0.00741	0.08081	0.00388
6	0.01003	0.00586	0.00659	0.00568	0.00743	0.00581	0.00441	0.14272	0.04528	0.15727	0.06688	0.02022	0.16329	0.07488	0.00540	0.01382	0.00286	0.00511	0.25172	0.00474
7	0.01085	0.85986	0.02126	0.00694	0.01041	0.01605	0.00694	0.01215	0.00824	0.00955	0.00564	0.00651	0.00521	0.00347	0.00260	0.00087	0.00434	0.00217	0.00174	0.00521
8	0.00928	0.07544	0.30011	0.00973	0.05348	0.00863	0.05267	0.10760	0.01043	0.06904	0.09174	0.01634	0.14884	0.00557	0.00431	0.00127	0.02267	0.00458	0.00286	0.00542
9	0.02775	0.02880	0.00862	0.00810	0.05508	0.05096	0.03387	0.05509	0.00949	0.09049	0.11872	0.18832	0.09311	0.01081	0.11146	0.00205	0.06668	0.03282	0.00331	0.00446
10	0.88607	0.00785	0.00596	0.00534	0.00785	0.00910	0.00439	0.01193	0.00690	0.01820	0.00565	0.00659	0.00439	0.00377	0.00251	0.00126	0.00314	0.00220	0.00251	0.00439
11	0.03828	0.01616	0.01123	0.05715	0.01280	0.60444	0.00788	0.03240	0.04468	0.01092	0.00686	0.00823	0.00568	0.00458	0.00476	0.00117	0.10309	0.00290	0.02204	0.00475
12	0.00565	0.00402	0.00514	0.00544	0.00601	0.00383	0.00392	0.00678	0.00881	0.01194	0.26912	0.25227	0.06032	0.19792	0.00853	0.00206	0.00278	0.13840	0.00369	0.00335
13	0.01029	0.00843	0.00910	0.00801	0.01007	0.03514	0.00629	0.17908	0.42782	0.01664	0.03333	0.01420	0.01104	0.01045	0.16205	0.03947	0.00501	0.00431	0.00359	0.00568
14	0.00522	0.00414	0.00470	0.00484	0.00597	0.00366	0.00370	0.00645	0.00941	0.01182	0.15927	0.10099	0.51567	0.03180	0.00533	0.00151	0.00233	0.11585	0.00384	0.00350
15	0.00563	0.00386	0.00498	0.00548	0.00598	0.00364	0.00378	0.00649	0.00811	0.03637	0.09629	0.52147	0.08605	0.11843	0.04233	0.00208	0.00293	0.03906	0.00364	0.00339
16	0.05254	0.00555	0.00632	0.00608	0.00748	0.01962	0.00466	0.05472	0.08043	0.09240	0.16639	0.22905	0.17127	0.00895	0.00465	0.00143	0.00276	0.07740	0.00396	0.00435
17	0.01409	0.00740	0.00923	0.00759	0.01004	0.00746	0.00610	0.11234	0.15176	0.43419	0.04943	0.09892	0.01269	0.00612	0.00475	0.00134	0.05097	0.00498	0.00442	0.00619
18	0.76771	0.00877	0.00677	0.00594	0.00849	0.05618	0.00485	0.07645	0.00813	0.01832	0.00601	0.00688	0.00464	0.00388	0.00270	0.00124	0.00348	0.00234	0.00261	0.00461
19	0.05703	0.00628	0.01026	0.00833	0.01025	0.00606	0.19968	0.00975	0.00972	0.07558	0.28666	0.08289	0.11802	0.00885	0.06917	0.00175	0.02556	0.00632	0.00344	0.00440
20	0.21649	0.06364	0.07698	0.05118	0.08063	0.04042	0.01679	0.12043	0.11005	0.02512	0.05200	0.10881	0.01050	0.00541	0.00375	0.00128	0.00394	0.00436	0.00298	0.00523
21	0.00840	0.02253	0.02572	0.08024	0.22220	0.00672	0.00754	0.01021	0.01842	0.07978	0.04186	0.26445	0.02493	0.00719	0.00475	0.00135	0.03933	0.04335	0.00299	0.08806
22	0.04582	0.07344	0.23522	0.00866	0.01160	0.16780	0.03179	0.01214	0.07013	0.02486	0.07273	0.14120	0.07577	0.00618	0.00406	0.00128	0.00463	0.00507	0.00273	0.00489
23	0.39608	0.10267	0.04067	0.10388	0.05872	0.05499	0.00702	0.05881	0.04930	0.01514	0.00719	0.02832	0.00592	0.00434	0.00374	0.00125	0.05165	0.00299	0.00242	0.00491

[dist]
# distance from previous block
# <min> <max>
1	86

[block]
# block no. 4 follows, 66 sequences, length 9
# corresponding to MSA columns:
# 325-333
name=unknown_E
#
# <colnr> <probs for GDERKNQSTAVLIFYWHMCP>
#	G	D	E	R	K	N	Q	S	T	A	V	L	I	F	Y	W	H	M	C	P
0	0.00960	0.12068	0.36404	0.00913	0.01309	0.00973	0.00991	0.09682	0.13541	0.04961	0.06326	0.01353	0.03784	0.02169	0.00424	0.00131	0.00459	0.02700	0.00279	0.00573
1	0.00586	0.00421	0.00502	0.00524	0.00632	0.00390	0.00418	0.00741	0.00957	0.01290	0.18621	0.05755	0.31339	0.00944	0.00476	0.00144	0.00248	0.23081	0.12568	0.00364
2	0.00624	0.00492	0.00608	0.00681	0.07311	0.00470	0.00442	0.04990	0.03641	0.01230	0.12980	0.26278	0.27624	0.09979	0.00646	0.00169	0.00271	0.00817	0.00360	0.00386
3	0.00607	0.00413	0.00545	0.00545	0.00596	0.00451	0.00389	0.00708	0.00657	0.00965	0.01183	0.01942	0.01174	0.30700	0.45211	0.00490	0.00733	0.00480	0.11885	0.00325
4	0.00979	0.00965	0.01753	0.19011	0.05660	0.01001	0.40015	0.11194	0.08622	0.01421	0.00905	0.01134	0.00686	0.00513	0.04160	0.00157	0.00600	0.00431	0.00244	0.00549
5	0.01148	0.67808	0.07266	0.00782	0.01149	0.01489	0.00765	0.05928	0.00940	0.01174	0.00690	0.00806	0.00610	0.00405	0.00315	0.00104	0.00460	0.00259	0.00219	0.07684
6	0.01099	0.04368	0.06183	0.02432	0.01095	0.27994	0.02098	0.07274	0.05508	0.05984	0.03518	0.05138	0.13768	0.03056	0.00518	0.00135	0.05939	0.03121	0.00291	0.00480
7	0.05480	0.00687	0.00744	0.00652	0.00830	0.07821	0.04076	0.02271	0.04022	0.05178	0.19118	0.05737	0.25783	0.00744	0.00472	0.00127	0.03851	0.02951	0.00348	0.09110
8	0.09764	0.05931	0.00960	0.00894	0.09637	0.12187	0.01694	0.05008	0.01946	0.01227	0.00983	0.02484	0.03213	0.06398	0.22653	0.00270	0.02032	0.00376	0.03103	0.09241

[dist]
# distance from previous block
# <min> <max>
0	71

[block]
# block no. 5 follows, 66 sequences, length 22
# corresponding to MSA columns:
# 408-429
name=unknown_F
#
# <colnr> <probs for GDERKNQSTAVLIFYWHMCP>
#	G	D	E	R	K	N	Q	S	T	A	V	L	I	F	Y	W	H	M	C	P
0	0.03095	0.00956	0.00951	0.00818	0.01053	0.10519	0.00642	0.18189	0.32366	0.13432	0.03818	0.06348	0.01143	0.00645	0.02764	0.01416	0.00410	0.00452	0.00387	0.00594
1	0.03684	0.00961	0.03112	0.11160	0.08434	0.04387	0.08667	0.16847	0.21965	0.08455	0.01141	0.03900	0.00879	0.01419	0.00427	0.00131	0.00443	0.00417	0.00326	0.03245
2	0.02161	0.00414	0.00438	0.00434	0.00554	0.00364	0.00321	0.00647	0.00935	0.01211	0.17079	0.05771	0.57275	0.04546	0.00531	0.00144	0.00213	0.00791	0.05822	0.00349
3	0.00581	0.00458	0.00526	0.00538	0.00630	0.02721	0.00393	0.02894	0.00988	0.01301	0.30625	0.29735	0.22545	0.01008	0.00489	0.00143	0.00237	0.03425	0.00397	0.00366
4	0.05518	0.20669	0.15940	0.00896	0.03826	0.02765	0.00835	0.14235	0.04444	0.22840	0.00979	0.00985	0.00702	0.00440	0.00391	0.00118	0.03175	0.00325	0.00311	0.00607
5	0.02250	0.00405	0.00470	0.00479	0.00498	0.00403	0.00291	0.00639	0.00641	0.02711	0.01421	0.13524	0.01622	0.67106	0.03188	0.00351	0.00382	0.03068	0.00272	0.00276
6	0.00933	0.00983	0.08665	0.05681	0.33182	0.00919	0.15283	0.02627	0.00891	0.03722	0.00907	0.01352	0.00790	0.02914	0.04408	0.00168	0.09353	0.06449	0.00223	0.00550
7	0.00705	0.00352	0.00529	0.00529	0.00529	0.00352	0.00352	0.00529	0.00529	0.00705	0.00705	0.01233	0.00705	0.01409	0.01586	0.88196	0.00352	0.00352	0.00176	0.00176
8	0.00514	0.00374	0.00470	0.00530	0.00583	0.00343	0.00367	0.00608	0.00847	0.01129	0.12298	0.57010	0.15677	0.02681	0.00529	0.00158	0.00230	0.02580	0.02732	0.00339
9	0.25659	0.01248	0.02678	0.00810	0.01072	0.29211	0.00650	0.16736	0.02800	0.04971	0.00772	0.00840	0.00591	0.00419	0.00337	0.00112	0.00483	0.00283	0.03552	0.06777
10	0.03841	0.00855	0.00813	0.00717	0.00917	0.11471	0.00561	0.19495	0.11232	0.04208	0.10341	0.07858	0.19086	0.00715	0.00433	0.00130	0.00361	0.04253	0.00370	0.02341
11	0.01112	0.18909	0.15934	0.01036	0.01394	0.04811	0.14183	0.20443	0.07788	0.01520	0.00851	0.01820	0.00669	0.01311	0.00441	0.00123	0.04382	0.00352	0.00259	0.02663
12	0.01017	0.00958	0.01552	0.02234	0.69895	0.00989	0.01162	0.03897	0.08191	0.01384	0.00839	0.01044	0.00693	0.00397	0.00441	0.00124	0.03953	0.00370	0.00225	0.00636
13	0.01067	0.00907	0.01016	0.00839	0.05530	0.08361	0.03628	0.11669	0.03876	0.06968	0.00951	0.01024	0.03293	0.00386	0.00349	0.00088	0.00384	0.00312	0.00283	0.49069
14	0.00762	0.00666	0.02536	0.00816	0.01010	0.00621	0.18164	0.05889	0.03637	0.04053	0.26931	0.05938	0.17387	0.07399	0.00611	0.00155	0.01985	0.00651	0.00350	0.00440
15	0.00531	0.00414	0.00471	0.00495	0.00596	0.00372	0.00374	0.00637	0.00882	0.01097	0.06528	0.10914	0.47895	0.11301	0.00690	0.00179	0.00261	0.15661	0.00363	0.00337
16	0.02228	0.00699	0.00823	0.02481	0.00954	0.00712	0.00562	0.14451	0.16520	0.24575	0.06542	0.08309	0.11202	0.00674	0.00446	0.01681	0.00321	0.02107	0.04158	0.00557
17	0.01212	0.01185	0.03339	0.00898	0.01133	0.28000	0.04561	0.19365	0.01211	0.06621	0.01256	0.11570	0.04424	0.00617	0.00420	0.00125	0.00498	0.07483	0.00314	0.05767
18	0.00924	0.00820	0.01261	0.04528	0.27056	0.03856	0.11867	0.04583	0.04346	0.05832	0.06045	0.14533	0.07251	0.00624	0.00473	0.00135	0.03163	0.01887	0.00291	0.00524
19	0.14782	0.00713	0.03227	0.02638	0.02414	0.03264	0.00504	0.01023	0.00796	0.07233	0.01006	0.08947	0.00954	0.14945	0.04085	0.00172	0.00380	0.00407	0.00268	0.32241
20	0.01549	0.00699	0.00922	0.00724	0.00996	0.03694	0.04949	0.01720	0.01097	0.59909	0.03683	0.01408	0.01048	0.00494	0.00391	0.00120	0.00348	0.00410	0.15225	0.00613
21	0.00993	0.00740	0.05121	0.12731	0.04897	0.01505	0.04570	0.02788	0.10252	0.18866	0.17841	0.04306	0.06089	0.00628	0.00439	0.00134	0.00369	0.05646	0.01565	0.00520

[dist]
# distance from previous block
# <min> <max>
4	33

[block]
# block no. 6 follows, 66 sequences, length 11
# corresponding to MSA columns:
# 476-486
name=unknown_G
#
# <colnr> <probs for GDERKNQSTAVLIFYWHMCP>
#	G	D	E	R	K	N	Q	S	T	A	V	L	I	F	Y	W	H	M	C	P
0	0.00919	0.00719	0.03288	0.02386	0.07448	0.02661	0.03013	0.04350	0.15474	0.11430	0.16612	0.03026	0.11442	0.05217	0.04446	0.00170	0.01598	0.02840	0.02461	0.00500
1	0.00776	0.00594	0.00710	0.00673	0.00771	0.06812	0.00513	0.03496	0.00762	0.06819	0.01157	0.01664	0.02648	0.13581	0.54424	0.00499	0.03015	0.00445	0.00249	0.00390
2	0.03862	0.01001	0.02874	0.16149	0.24752	0.07166	0.02529	0.11366	0.15204	0.05231	0.00947	0.01082	0.00727	0.00447	0.00447	0.00129	0.04858	0.00370	0.00274	0.00585
3	0.00908	0.00830	0.00821	0.00765	0.00901	0.16510	0.00590	0.13499	0.02877	0.01230	0.01119	0.10346	0.01055	0.01898	0.44268	0.00401	0.00810	0.00469	0.00267	0.00437
4	0.24327	0.03529	0.01355	0.03173	0.14049	0.11449	0.19312	0.05356	0.00939	0.03778	0.00913	0.01057	0.05172	0.00429	0.00409	0.00126	0.03506	0.00363	0.00243	0.00517
5	0.00838	0.00548	0.00632	0.00579	0.00711	0.05104	0.00439	0.00982	0.01015	0.15702	0.35780	0.04027	0.11692	0.10073	0.06551	0.00196	0.00344	0.03975	0.00393	0.00419
6	0.07019	0.01163	0.04442	0.01171	0.01420	0.16099	0.27409	0.09588	0.02174	0.01316	0.00799	0.02572	0.00683	0.06500	0.00696	0.00154	0.15661	0.00401	0.00233	0.00500
7	0.01045	0.01139	0.01933	0.01475	0.04195	0.10228	0.52068	0.06473	0.05561	0.01342	0.00857	0.02575	0.00677	0.00414	0.00514	0.00134	0.06596	0.00442	0.00232	0.02101
8	0.00740	0.00505	0.00653	0.00614	0.00701	0.00550	0.00469	0.02158	0.00816	0.08017	0.07878	0.11915	0.12248	0.09671	0.19120	0.00278	0.12169	0.00593	0.10515	0.00392
9	0.03569	0.00923	0.02749	0.04129	0.15558	0.02162	0.16983	0.05494	0.03837	0.04909	0.00809	0.00980	0.00640	0.00395	0.00471	0.00112	0.08502	0.00346	0.00243	0.27188
10	0.00966	0.00817	0.00900	0.00697	0.00987	0.05329	0.00555	0.11278	0.00985	0.03883	0.00956	0.07296	0.02741	0.00456	0.00414	0.00090	0.06327	0.00354	0.00277	0.54693

[dist]
# distance from previous block
# <min> <max>
6	10

[block]
# block no. 7 follows, 66 sequences, length 23
# corresponding to MSA columns:
# 497-519
name=unknown_H
#
# <colnr> <probs for GDERKNQSTAVLIFYWHMCP>
#	G	D	E	R	K	N	Q	S	T	A	V	L	I	F	Y	W	H	M	C	P
0	0.05224	0.00902	0.00982	0.00794	0.01036	0.09565	0.05051	0.23440	0.01159	0.11094	0.02528	0.02701	0.00904	0.11744	0.08488	0.00199	0.00496	0.00397	0.00316	0.12980
1	0.13995	0.00730	0.00740	0.00685	0.02240	0.04543	0.00532	0.05770	0.19533	0.05307	0.08430	0.02210	0.18970	0.00677	0.00413	0.00132	0.00318	0.08556	0.00360	0.05860
2	0.01004	0.00964	0.01647	0.02490	0.83211	0.00964	0.01245	0.01245	0.00924	0.01325	0.00763	0.01004	0.00643	0.00361	0.00402	0.00120	0.00482	0.00361	0.00201	0.00643
3	0.01008	0.00963	0.01580	0.01214	0.01465	0.02908	0.33247	0.15889	0.04248	0.01433	0.00874	0.01122	0.00703	0.00824	0.12161	0.00211	0.16527	0.00420	0.02678	0.00526
4	0.15726	0.00696	0.00858	0.00679	0.00963	0.00651	0.00557	0.04593	0.01111	0.59681	0.09078	0.01405	0.01168	0.00512	0.00389	0.00126	0.00329	0.00407	0.00453	0.00621
5	0.01940	0.00408	0.00423	0.00418	0.00501	0.00410	0.00297	0.03154	0.00826	0.01371	0.01410	0.05662	0.03350	0.17198	0.00651	0.00159	0.00241	0.00466	0.60756	0.00359
6	0.00610	0.00431	0.00495	0.00495	0.00586	0.00403	0.00352	0.02822	0.02350	0.03158	0.15461	0.18038	0.27275	0.16935	0.00769	0.00186	0.00259	0.02685	0.06335	0.00354
7	0.15993	0.00662	0.00792	0.00647	0.00904	0.00627	0.00524	0.03507	0.03387	0.48748	0.07171	0.04878	0.07189	0.00573	0.00393	0.00128	0.00313	0.00461	0.02525	0.00579
8	0.00586	0.00409	0.00511	0.00513	0.00607	0.00368	0.00374	0.00722	0.00995	0.04954	0.39256	0.26439	0.20791	0.00983	0.00487	0.00140	0.00214	0.00865	0.00414	0.00372
9	0.00768	0.00716	0.01161	0.75736	0.02584	0.00882	0.01059	0.01084	0.05818	0.01080	0.00934	0.01238	0.04388	0.00443	0.00409	0.00135	0.00512	0.00389	0.00204	0.00457
10	0.00904	0.04781	0.01467	0.43624	0.26307	0.00961	0.08025	0.01202	0.04540	0.03153	0.00798	0.01067	0.00619	0.00393	0.00404	0.00129	0.00516	0.00370	0.00206	0.00533
11	0.06474	0.05376	0.01200	0.06154	0.02581	0.59216	0.02041	0.06262	0.01102	0.01144	0.00648	0.00777	0.00532	0.00427	0.00406	0.00112	0.04565	0.00278	0.00218	0.00485
12	0.77937	0.00815	0.00665	0.00577	0.00836	0.00934	0.00475	0.08813	0.00818	0.04214	0.00633	0.00709	0.00479	0.00391	0.00270	0.00125	0.00327	0.00239	0.00273	0.00470
13	0.00918	0.10177	0.25592	0.01193	0.05281	0.00983	0.22115	0.04827	0.07283	0.02427	0.05272	0.03018	0.01902	0.00514	0.01797	0.00139	0.02452	0.03312	0.00245	0.00552
14	0.00547	0.00402	0.00474	0.00490	0.00560	0.00375	0.00337	0.00666	0.02720	0.01162	0.20887	0.24964	0.22862	0.18520	0.00810	0.00194	0.00251	0.00831	0.02611	0.00336
15	0.00927	0.35555	0.01336	0.05888	0.04802	0.03563	0.00644	0.04541	0.06415	0.01247	0.10065	0.01616	0.07704	0.00541	0.00358	0.00112	0.00374	0.05527	0.08300	0.00484
16	0.00531	0.00369	0.00460	0.00518	0.00532	0.00354	0.00326	0.00575	0.00705	0.00940	0.01867	0.53594	0.02218	0.33788	0.01113	0.00253	0.00296	0.00937	0.00326	0.00297
17	0.00658	0.00407	0.00590	0.00583	0.00607	0.00447	0.00415	0.00620	0.00580	0.00804	0.00889	0.01498	0.00887	0.11417	0.29063	0.45446	0.04226	0.00407	0.00198	0.00257
18	0.00628	0.00490	0.00697	0.00679	0.00752	0.00582	0.00527	0.00822	0.05658	0.00982	0.01094	0.01600	0.01021	0.07341	0.68768	0.00574	0.06740	0.00439	0.00228	0.00378
19	0.01010	0.01173	0.02277	0.01647	0.02039	0.08852	0.74112	0.01330	0.00976	0.01271	0.00803	0.01060	0.00607	0.00349	0.00468	0.00134	0.00688	0.00458	0.00206	0.00540
20	0.35269	0.00764	0.06435	0.00626	0.00803	0.03973	0.04206	0.00984	0.00715	0.03467	0.00986	0.07150	0.00993	0.30986	0.00947	0.00224	0.00391	0.00439	0.00255	0.00387
21	0.01021	0.09229	0.26646	0.00895	0.01241	0.03347	0.00906	0.25535	0.03354	0.01619	0.04437	0.09305	0.04674	0.00592	0.00411	0.00129	0.00452	0.05348	0.00302	0.00558
22	0.04643	0.01309	0.01111	0.00977	0.01113	0.36400	0.00771	0.06249	0.04576	0.01193	0.06637	0.01001	0.00805	0.00561	0.00719	0.00136	0.30746	0.00343	0.00238	0.00474

[dist]
# distance from previous block
# <min> <max>
0	3

[block]
# block no. 8 follows, 66 sequences, length 10
# corresponding to MSA columns:
# 523-532
name=unknown_I
#
# <colnr> <probs for GDERKNQSTAVLIFYWHMCP>
#	G	D	E	R	K	N	Q	S	T	A	V	L	I	F	Y	W	H	M	C	P
0	0.01015	0.28625	0.34407	0.04939	0.06259	0.03155	0.01062	0.02785	0.06785	0.06216	0.00799	0.00888	0.00610	0.00394	0.00351	0.00115	0.00502	0.00298	0.00217	0.00577
1	0.00670	0.00544	0.00729	0.00691	0.00761	0.00650	0.00531	0.00888	0.09332	0.01010	0.01224	0.01743	0.04673	0.15149	0.45977	0.00461	0.13871	0.00468	0.00243	0.00386
2	0.00884	0.02566	0.01303	0.07521	0.29972	0.02797	0.04078	0.01106	0.04437	0.01172	0.03554	0.01280	0.05615	0.00767	0.08343	0.00187	0.23271	0.00411	0.00222	0.00514
3	0.00942	0.01041	0.10236	0.16774	0.60505	0.00951	0.01251	0.01213	0.00897	0.01271	0.00752	0.01002	0.00611	0.00372	0.00401	0.00124	0.00505	0.00355	0.00194	0.00604
4	0.00616	0.00496	0.00599	0.00556	0.00686	0.00478	0.03147	0.02882	0.06571	0.01332	0.23249	0.09646	0.38100	0.00882	0.00494	0.00135	0.03271	0.00749	0.05715	0.00394
5	0.01190	0.00919	0.01030	0.03842	0.01154	0.02166	0.03222	0.39049	0.20725	0.03956	0.03211	0.02842	0.07978	0.02472	0.00455	0.00135	0.00390	0.01760	0.02907	0.00597
6	0.05429	0.00554	0.00713	0.00663	0.00802	0.00557	0.04264	0.05852	0.06759	0.08863	0.12764	0.29301	0.06325	0.00913	0.02512	0.00155	0.01439	0.05429	0.06267	0.00438
7	0.02576	0.06778	0.01302	0.03940	0.09233	0.14143	0.14592	0.05460	0.02683	0.01248	0.05894	0.03966	0.01004	0.07625	0.02448	0.00156	0.05295	0.03282	0.00250	0.08125
8	0.00505	0.00364	0.00479	0.00551	0.00589	0.00338	0.00375	0.00595	0.00837	0.01125	0.14154	0.70219	0.05969	0.01197	0.00511	0.00158	0.00228	0.01080	0.00387	0.00338
9	0.04014	0.15378	0.16776	0.00883	0.01189	0.15363	0.02708	0.05481	0.06241	0.07387	0.00959	0.07728	0.00833	0.01896	0.00448	0.00124	0.04819	0.01650	0.00259	0.05863

[dist]
# distance from previous block
# <min> <max>
1	33

[block]
# block no. 9 follows, 66 sequences, length 11
# corresponding to MSA columns:
# 566-576
name=unknown_J
#
# <colnr> <probs for GDERKNQSTAVLIFYWHMCP>
#	G	D	E	R	K	N	Q	S	T	A	V	L	I	F	Y	W	H	M	C	P
0	0.02135	0.32770	0.13226	0.00849	0.01158	0.02617	0.05341	0.05241	0.05470	0.02953	0.11896	0.07047	0.02678	0.00584	0.00402	0.00130	0.00437	0.02487	0.02030	0.00547
1	0.00711	0.00489	0.00678	0.00668	0.02388	0.01553	0.02640	0.02536	0.03071	0.00968	0.02802	0.09038	0.06439	0.03331	0.11968	0.39323	0.05148	0.03334	0.02609	0.00306
2	0.00521	0.00390	0.00465	0.00493	0.00558	0.00360	0.00339	0.00607	0.00827	0.01076	0.12408	0.31334	0.27179	0.16626	0.04757	0.00217	0.00290	0.00874	0.00354	0.00326
3	0.01064	0.12096	0.18824	0.05500	0.03779	0.06146	0.13323	0.15068	0.13866	0.01485	0.00931	0.02835	0.00727	0.00445	0.00413	0.00125	0.02155	0.00375	0.00263	0.00580
4	0.00813	0.05323	0.01024	0.02925	0.15633	0.04677	0.03379	0.00973	0.02739	0.01099	0.01164	0.06694	0.04329	0.14375	0.09398	0.00229	0.13723	0.02862	0.08209	0.00434
5	0.11611	0.00762	0.00910	0.00721	0.01009	0.00746	0.00590	0.14165	0.06264	0.50983	0.04135	0.01304	0.01002	0.00498	0.00388	0.00125	0.00345	0.00393	0.03411	0.00638
6	0.06189	0.03792	0.05626	0.04112	0.18387	0.07372	0.09052	0.31660	0.01307	0.07303	0.00874	0.00971	0.00648	0.00424	0.00395	0.00122	0.00496	0.00355	0.00299	0.00617
7	0.00518	0.00403	0.00427	0.00431	0.00532	0.00355	0.00305	0.00609	0.00864	0.01085	0.07873	0.08729	0.55026	0.16277	0.00759	0.00183	0.00240	0.00799	0.04259	0.00328
8	0.43864	0.00792	0.00787	0.00660	0.00930	0.00855	0.00538	0.06587	0.13779	0.25886	0.01066	0.01026	0.00747	0.00448	0.00332	0.00127	0.00332	0.00322	0.00360	0.00561
9	0.02523	0.00628	0.00860	0.00722	0.00855	0.00651	0.07633	0.06076	0.00794	0.06218	0.01104	0.06160	0.01107	0.33727	0.08601	0.00277	0.10369	0.00494	0.00264	0.10937
10	0.00886	0.04980	0.02189	0.00841	0.02734	0.06665	0.08559	0.04751	0.15878	0.02937	0.03533	0.10124	0.07727	0.00705	0.00438	0.00137	0.00383	0.15631	0.07447	0.03452

[dist]
# distance from previous block
# <min> <max>
1	3

[block]
# block no. 10 follows, 66 sequences, length 29
# corresponding to MSA columns:
# 587-615
name=unknown_K
#
# <colnr> <probs for GDERKNQSTAVLIFYWHMCP>
#	G	D	E	R	K	N	Q	S	T	A	V	L	I	F	Y	W	H	M	C	P
0	0.23650	0.01104	0.01495	0.04640	0.19765	0.14530	0.25071	0.01296	0.00901	0.01374	0.00701	0.00899	0.00557	0.00377	0.00397	0.00126	0.02036	0.00344	0.00215	0.00523
1	0.01140	0.07188	0.03346	0.07332	0.09483	0.02247	0.06586	0.22518	0.10373	0.07798	0.03324	0.01198	0.00876	0.00506	0.01918	0.00129	0.00429	0.00385	0.12647	0.00575
2	0.00561	0.00423	0.00496	0.00518	0.00605	0.00393	0.00379	0.02873	0.00895	0.01149	0.11253	0.21610	0.32366	0.13481	0.00729	0.00186	0.00266	0.11109	0.00365	0.00343
3	0.00501	0.00389	0.00460	0.00494	0.00577	0.00347	0.00352	0.00604	0.00887	0.01139	0.13904	0.36839	0.37468	0.01155	0.02809	0.00161	0.00240	0.00949	0.00382	0.00343
4	0.00573	0.00416	0.00489	0.00481	0.00595	0.00366	0.00357	0.00705	0.00993	0.04858	0.31423	0.15039	0.40295	0.00970	0.00481	0.00137	0.00211	0.00836	0.00407	0.00370
5	0.16379	0.00784	0.00850	0.00715	0.00959	0.00840	0.00573	0.14827	0.24125	0.19146	0.13519	0.01476	0.01344	0.00540	0.00390	0.00128	0.00324	0.00431	0.02069	0.00581
6	0.04067	0.00711	0.00832	0.00708	0.00942	0.00730	0.00565	0.04915	0.29737	0.30168	0.11871	0.01733	0.03232	0.00580	0.00411	0.00130	0.00309	0.02347	0.05417	0.00594
7	0.00595	0.00437	0.00623	0.00621	0.00672	0.00499	0.00462	0.00692	0.00641	0.00909	0.01142	0.06457	0.01152	0.16951	0.57666	0.05217	0.04210	0.00494	0.00227	0.00334
8	0.01270	0.16942	0.04235	0.00870	0.01173	0.04456	0.05281	0.43792	0.01415	0.01898	0.00911	0.00992	0.00694	0.00542	0.03550	0.00133	0.00469	0.00342	0.10448	0.00590
9	0.04686	0.04067	0.05323	0.07838	0.22735	0.10815	0.03739	0.13917	0.01103	0.11987	0.00865	0.00975	0.00650	0.00404	0.00380	0.00115	0.00480	0.00334	0.00274	0.09312
10	0.02362	0.05307	0.00755	0.03809	0.05508	0.00541	0.03105	0.02181	0.03207	0.01178	0.09298	0.42962	0.12870	0.01023	0.02532	0.00159	0.00309	0.02154	0.00344	0.00395
11	0.01201	0.06250	0.05355	0.03346	0.05804	0.04755	0.00758	0.30394	0.22717	0.05354	0.02987	0.03095	0.02996	0.02615	0.00442	0.00132	0.00416	0.00417	0.00354	0.00609
12	0.11174	0.06314	0.06239	0.04139	0.30469	0.17250	0.08980	0.01286	0.00912	0.01257	0.00721	0.00966	0.00606	0.00413	0.00437	0.00124	0.05832	0.02132	0.00207	0.00542
13	0.01013	0.03697	0.05684	0.10511	0.16145	0.07932	0.00821	0.11635	0.12214	0.04540	0.02441	0.06632	0.06630	0.00609	0.02296	0.00139	0.00444	0.02031	0.04045	0.00541
14	0.00508	0.00385	0.00459	0.00496	0.00566	0.00347	0.00345	0.00602	0.00866	0.01123	0.14514	0.39769	0.29715	0.07629	0.00618	0.00168	0.00231	0.00949	0.00377	0.00335
15	0.01134	0.02395	0.01216	0.08455	0.18368	0.03598	0.03662	0.27596	0.04249	0.05570	0.01939	0.04986	0.02478	0.03436	0.04842	0.00163	0.03450	0.00427	0.01463	0.00572
16	0.00681	0.00511	0.00583	0.00557	0.00650	0.00525	0.00394	0.04422	0.13977	0.01241	0.17609	0.06380	0.11500	0.32830	0.03031	0.00246	0.00331	0.03809	0.00344	0.00378
17	0.00599	0.00455	0.00658	0.00648	0.00707	0.00535	0.00494	0.00721	0.00642	0.00923	0.01080	0.01694	0.01048	0.13908	0.68415	0.00590	0.05861	0.00451	0.00219	0.00351
18	0.00982	0.00994	0.09127	0.09974	0.37670	0.00924	0.02772	0.13909	0.05147	0.01495	0.04963	0.08261	0.00985	0.00497	0.00417	0.00128	0.00455	0.00449	0.00266	0.00586
19	0.00542	0.00390	0.00478	0.00506	0.00583	0.00353	0.00359	0.00656	0.00916	0.02437	0.23636	0.38029	0.23138	0.02355	0.00512	0.00149	0.00219	0.00923	0.03468	0.00352
20	0.01062	0.08382	0.02958	0.07477	0.05289	0.03353	0.03697	0.21526	0.11858	0.03112	0.09162	0.02553	0.02900	0.01360	0.00539	0.00135	0.10773	0.03002	0.00315	0.00547
21	0.00529	0.00421	0.00475	0.00467	0.00586	0.00373	0.00351	0.00686	0.02720	0.01301	0.32550	0.06175	0.48618	0.00955	0.00480	0.00135	0.00207	0.02205	0.00403	0.00364
22	0.02336	0.36441	0.07316	0.00915	0.01216	0.30107	0.04663	0.06413	0.01007	0.01122	0.00676	0.02854	0.00589	0.00415	0.00356	0.00105	0.02463	0.00286	0.00208	0.00513
23	0.00705	0.00352	0.00529	0.00529	0.00529	0.00352	0.00352	0.00529	0.00529	0.00705	0.00705	0.01233	0.00705	0.01409	0.01586	0.88196	0.00352	0.00352	0.00176	0.00176
24	0.36029	0.01387	0.02992	0.00868	0.03420	0.41035	0.00668	0.04230	0.00970	0.01404	0.00624	0.00726	0.00501	0.00398	0.00321	0.00113	0.00531	0.00252	0.00232	0.03298
25	0.00743	0.00568	0.02363	0.00593	0.00697	0.03648	0.00438	0.04410	0.05034	0.06111	0.13769	0.12916	0.07726	0.25301	0.13605	0.00287	0.00447	0.00633	0.00326	0.00384
26	0.00864	0.00838	0.00835	0.00870	0.06939	0.17754	0.02815	0.05977	0.05633	0.01206	0.03355	0.41448	0.03452	0.02492	0.00485	0.00144	0.00390	0.00747	0.00323	0.03435
27	0.05714	0.03270	0.01003	0.00810	0.02293	0.02544	0.07389	0.11319	0.14173	0.16231	0.15527	0.04659	0.07880	0.00604	0.00441	0.00128	0.02338	0.00509	0.00379	0.02786
28	0.02590	0.08356	0.19650	0.01023	0.04495	0.08283	0.09956	0.05246	0.11950	0.10344	0.01076	0.04076	0.01951	0.00608	0.05112	0.00153	0.00520	0.00392	0.01801	0.02415

[dist]
# distance from previous block
# <min> <max>
1	22

[block]
# block no. 11 follows, 66 sequences, length 15
# corresponding to MSA columns:
# 638-652
name=unknown_L
#
# <colnr> <probs for GDERKNQSTAVLIFYWHMCP>
#	G	D	E	R	K	N	Q	S	T	A	V	L	I	F	Y	W	H	M	C	P
0	0.00884	0.00694	0.00823	0.00604	0.00939	0.00531	0.00481	0.01060	0.00876	0.06851	0.04835	0.03386	0.00844	0.00367	0.00323	0.00071	0.00296	0.00302	0.00272	0.75562
1	0.02605	0.00938	0.03146	0.06172	0.23431	0.03337	0.03982	0.18285	0.15383	0.05010	0.05141	0.03644	0.06082	0.00519	0.00416	0.00128	0.00421	0.00449	0.00320	0.00591
2	0.00517	0.00375	0.00484	0.00558	0.00602	0.00350	0.00390	0.00604	0.00815	0.01076	0.06468	0.61603	0.10408	0.05471	0.00594	0.00174	0.00251	0.08553	0.00373	0.00333
3	0.01122	0.01043	0.04055	0.04367	0.20827	0.06766	0.10338	0.18244	0.12546	0.04692	0.01093	0.05031	0.02755	0.00499	0.00464	0.00130	0.04710	0.00430	0.00295	0.00591
4	0.00644	0.00442	0.00537	0.00530	0.00632	0.00412	0.00389	0.04872	0.01017	0.04708	0.31690	0.27241	0.18175	0.00945	0.00472	0.00138	0.00226	0.00827	0.05715	0.00387
5	0.00951	0.01199	0.20834	0.11599	0.17638	0.03353	0.13227	0.06743	0.05541	0.02776	0.02515	0.01122	0.00734	0.02780	0.02464	0.00149	0.03654	0.00384	0.01779	0.00559
6	0.00831	0.00815	0.02834	0.14110	0.22234	0.00907	0.06815	0.01037	0.02566	0.01150	0.03460	0.13042	0.01007	0.01723	0.01756	0.00155	0.23009	0.00495	0.00230	0.01824
7	0.00521	0.00405	0.00464	0.00492	0.00582	0.00363	0.00350	0.02518	0.00895	0.01134	0.08706	0.36093	0.41185	0.03697	0.00542	0.00155	0.00228	0.00946	0.00378	0.00345
8	0.00694	0.00612	0.00819	0.00758	0.00828	0.03549	0.05676	0.02954	0.00792	0.01073	0.04772	0.31464	0.07133	0.09491	0.08799	0.00228	0.18964	0.00723	0.00292	0.00381
9	0.00983	0.12081	0.26691	0.04962	0.07605	0.01034	0.13820	0.13006	0.04424	0.01457	0.03161	0.01131	0.00766	0.00432	0.00394	0.00124	0.00510	0.02676	0.04173	0.00570
10	0.00792	0.00869	0.13897	0.04821	0.02303	0.04089	0.03278	0.02129	0.10552	0.03512	0.06632	0.04963	0.07221	0.09345	0.00629	0.00174	0.00413	0.23608	0.00318	0.00455
11	0.01098	0.03758	0.07276	0.10976	0.15875	0.13270	0.00867	0.09687	0.10915	0.06580	0.02766	0.03971	0.02253	0.00468	0.00391	0.00118	0.00466	0.00385	0.00280	0.08601
12	0.00669	0.00542	0.00651	0.00560	0.00765	0.00441	0.00426	0.00818	0.00892	0.01280	0.15496	0.20497	0.11511	0.00720	0.00409	0.00108	0.00259	0.03236	0.00326	0.40395
13	0.01016	0.24876	0.14011	0.03464	0.03144	0.11444	0.04046	0.07708	0.00980	0.03605	0.02815	0.07489	0.04573	0.00627	0.03829	0.00139	0.00501	0.03169	0.00248	0.02316
14	0.01024	0.02927	0.04748	0.05431	0.03566	0.08827	0.08427	0.05537	0.10851	0.09142	0.05811	0.03286	0.02666	0.04291	0.01659	0.00133	0.00429	0.00412	0.03916	0.16917

[dist]
# distance from previous block
# <min> <max>
0	60

[block]
# block no. 12 follows, 66 sequences, length 9
# corresponding to MSA columns:
# 714-718,742-745
name=unknown_M
#
# <colnr> <probs for GDERKNQSTAVLIFYWHMCP>
#	G	D	E	R	K	N	Q	S	T	A	V	L	I	F	Y	W	H	M	C	P
0	0.02092	0.09701	0.24713	0.04029	0.13162	0.08691	0.07295	0.04150	0.08903	0.01275	0.00832	0.01020	0.00667	0.03369	0.01898	0.02072	0.02305	0.00342	0.00221	0.03264
1	0.00516	0.00368	0.00459	0.00523	0.00551	0.00346	0.00340	0.00572	0.00745	0.00982	0.02170	0.58958	0.09255	0.21198	0.00880	0.00216	0.00270	0.00995	0.00346	0.00311
2	0.01082	0.05661	0.03894	0.02800	0.11328	0.03946	0.03597	0.21702	0.12655	0.05575	0.12946	0.01625	0.04166	0.00632	0.02890	0.00142	0.00424	0.04023	0.00344	0.00567
3	0.05933	0.05395	0.01217	0.02784	0.10842	0.22288	0.02111	0.17871	0.01092	0.01414	0.00777	0.02936	0.00664	0.01894	0.02373	0.00142	0.16306	0.00347	0.03094	0.00521
4	0.00563	0.00446	0.00528	0.00532	0.00610	0.00443	0.00393	0.00659	0.00839	0.01090	0.08797	0.16772	0.36260	0.13442	0.00796	0.00185	0.07951	0.06621	0.02733	0.00342
5	0.00906	0.19694	0.18108	0.01009	0.05411	0.02457	0.04714	0.05481	0.00849	0.01170	0.03198	0.03880	0.00780	0.00855	0.12040	0.00202	0.18162	0.00368	0.00211	0.00504
6	0.00604	0.00449	0.00525	0.00509	0.00625	0.00406	0.00376	0.03468	0.00967	0.02993	0.23985	0.15326	0.31413	0.08648	0.00620	0.00160	0.00245	0.04010	0.00381	0.04291
7	0.00593	0.00417	0.00503	0.00523	0.00617	0.00379	0.00377	0.00727	0.03065	0.05583	0.15859	0.35807	0.28345	0.02976	0.00527	0.00153	0.00233	0.02556	0.00393	0.00369
8	0.04275	0.01131	0.01131	0.00887	0.01185	0.08680	0.00719	0.62100	0.01668	0.04757	0.00951	0.01023	0.00707	0.04280	0.00467	0.00130	0.00456	0.00357	0.00371	0.04726

[dist]
# distance from previous block
# <min> <max>
0	13

[block]
# block no. 13 follows, 66 sequences, length 9
# corresponding to MSA columns:
# 760-768
name=unknown_N
#
# <colnr> <probs for GDERKNQSTAVLIFYWHMCP>
#	G	D	E	R	K	N	Q	S	T	A	V	L	I	F	Y	W	H	M	C	P
0	0.00812	0.00510	0.00652	0.00605	0.00771	0.00439	0.00461	0.00943	0.00903	0.14808	0.07264	0.34589	0.06297	0.00868	0.00450	0.00133	0.00277	0.08631	0.00371	0.20215
