[name]
unknown

[dist]
# distance from previous block
# <min> <max>
0	43

[block]
# block no. 0 follows, 72 sequences, length 17
# corresponding to MSA columns:
# 64-80
name=unknown_A
#
# <colnr> <probs for GDERKNQSTAVLIFYWHMCP>
#	G	D	E	R	K	N	Q	S	T	A	V	L	I	F	Y	W	H	M	C	P
0	0.04174	0.00783	0.00860	0.00743	0.00922	0.11477	0.08857	0.11784	0.10846	0.01376	0.14927	0.09597	0.14438	0.02668	0.00452	0.00131	0.00359	0.04842	0.00326	0.00439
1	0.09992	0.00721	0.00830	0.00681	0.00881	0.02370	0.04623	0.23547	0.03827	0.14194	0.01121	0.07477	0.00979	0.18704	0.00694	0.00169	0.00361	0.00434	0.04648	0.03747
2	0.00751	0.00648	0.01031	0.14343	0.33441	0.00677	0.00804	0.02015	0.00846	0.02981	0.13523	0.03371	0.06586	0.00940	0.16175	0.00210	0.00498	0.00450	0.00245	0.00465
3	0.00716	0.00674	0.01138	0.85760	0.02612	0.00843	0.01053	0.00969	0.00758	0.00969	0.00674	0.01011	0.00506	0.00379	0.00379	0.00126	0.00506	0.00337	0.00169	0.00421
4	0.00579	0.01599	0.00511	0.00488	0.00513	0.00437	0.00318	0.02324	0.00602	0.00817	0.01173	0.07631	0.01304	0.58275	0.17142	0.02388	0.02855	0.00539	0.00232	0.00271
5	0.09253	0.00824	0.01117	0.02520	0.34706	0.00879	0.00834	0.14420	0.16092	0.01518	0.02398	0.01452	0.00942	0.00489	0.00385	0.00124	0.00386	0.10824	0.00283	0.00551
6	0.17305	0.00812	0.01049	0.00903	0.00947	0.01104	0.00752	0.00950	0.00593	0.01060	0.00503	0.00790	0.00482	0.00606	0.01057	0.00157	0.70031	0.00308	0.00179	0.00414
7	0.00793	0.01631	0.60929	0.16856	0.01815	0.00892	0.05288	0.05264	0.00847	0.01218	0.00695	0.00856	0.00498	0.00367	0.00369	0.00121	0.00547	0.00302	0.00174	0.00536
8	0.00548	0.00420	0.00615	0.00617	0.00673	0.00490	0.00473	0.00669	0.00622	0.00890	0.01129	0.12413	0.01133	0.04403	0.67557	0.00520	0.05779	0.00492	0.00221	0.00337
9	0.01510	0.11875	0.07388	0.00718	0.01035	0.00753	0.00645	0.07337	0.02530	0.60327	0.01270	0.01142	0.00829	0.00442	0.00362	0.00113	0.00358	0.00349	0.00399	0.00618
10	0.00815	0.00716	0.00927	0.00890	0.16422	0.00579	0.00582	0.00994	0.00801	0.01236	0.00681	0.00815	0.00569	0.00291	0.00298	0.00067	0.00312	0.00246	0.00218	0.72540
11	0.00775	0.00741	0.01273	0.62937	0.21892	0.00861	0.04105	0.01024	0.00788	0.01042	0.00687	0.00994	0.00531	0.00367	0.00381	0.00123	0.00498	0.00341	0.00174	0.00467
12	0.00620	0.00487	0.00620	0.00588	0.00611	0.00570	0.00416	0.00716	0.04746	0.00852	0.01104	0.07621	0.01199	0.46076	0.14610	0.00338	0.17777	0.00514	0.00229	0.00308
13	0.17411	0.00876	0.01269	0.07364	0.50757	0.02488	0.02397	0.05208	0.06269	0.01380	0.00739	0.00910	0.00595	0.00361	0.00351	0.00116	0.00421	0.00319	0.00218	0.00551
14	0.00921	0.05697	0.10138	0.10826	0.03839	0.17552	0.21137	0.01146	0.01789	0.02000	0.07349	0.01175	0.04107	0.02395	0.00501	0.00126	0.08243	0.00385	0.00213	0.00461
15	0.00683	0.00639	0.01106	0.13836	0.08323	0.00630	0.20833	0.00901	0.01914	0.01213	0.22539	0.06496	0.12687	0.02281	0.00459	0.00130	0.00380	0.02329	0.00283	0.02337
16	0.07861	0.20566	0.11142	0.19323	0.10679	0.02397	0.08614	0.06705	0.03613	0.01203	0.00711	0.00924	0.00575	0.01773	0.00376	0.00117	0.01329	0.01394	0.00201	0.00497

[dist]
# distance from previous block
# <min> <max>
0	1

[block]
# block no. 1 follows, 72 sequences, length 55
# corresponding to MSA columns:
# 82-136
name=unknown_B
#
# <colnr> <probs for GDERKNQSTAVLIFYWHMCP>
#	G	D	E	R	K	N	Q	S	T	A	V	L	I	F	Y	W	H	M	C	P
0	0.00939	0.00901	0.01539	0.02328	0.84306	0.00901	0.01164	0.01164	0.00864	0.01239	0.00713	0.00939	0.00601	0.00338	0.00375	0.00113	0.00451	0.00338	0.00188	0.00601
1	0.02575	0.00809	0.01208	0.03713	0.38369	0.02392	0.02105	0.03612	0.05036	0.34686	0.01068	0.01096	0.00757	0.00404	0.00377	0.00116	0.00398	0.00358	0.00316	0.00608
2	0.00822	0.00868	0.01727	0.01313	0.03144	0.00871	0.53757	0.01056	0.00805	0.01105	0.00869	0.01406	0.00779	0.12023	0.00758	0.00168	0.12079	0.05796	0.00204	0.00452
3	0.00930	0.00892	0.01523	0.05730	0.80974	0.00899	0.01159	0.01156	0.00859	0.01228	0.00712	0.00942	0.00597	0.00340	0.00376	0.00113	0.00453	0.00338	0.00187	0.00593
4	0.89350	0.00733	0.00557	0.00499	0.00733	0.00851	0.00411	0.01115	0.00645	0.01702	0.00528	0.00616	0.00411	0.00352	0.00235	0.00117	0.00293	0.00205	0.00235	0.00411
5	0.00716	0.00674	0.01138	0.85760	0.02612	0.00843	0.01053	0.00969	0.00758	0.00969	0.00674	0.01011	0.00506	0.00379	0.00379	0.00126	0.00506	0.00337	0.00169	0.00421
6	0.00525	0.00385	0.00492	0.00469	0.00560	0.00352	0.00350	0.00691	0.01039	0.01449	0.72799	0.05906	0.11947	0.00809	0.00449	0.00121	0.00182	0.00712	0.00408	0.00352
7	0.03325	0.00777	0.00872	0.00671	0.00972	0.00736	0.00540	0.17528	0.16905	0.08310	0.00951	0.00968	0.00719	0.00377	0.00328	0.00088	0.00315	0.00299	0.00306	0.45011
8	0.00558	0.00388	0.00509	0.00488	0.00575	0.00357	0.00362	0.00723	0.01033	0.03616	0.72241	0.12695	0.03383	0.00816	0.00450	0.00123	0.00188	0.00724	0.00411	0.00359
9	0.00732	0.00696	0.01146	0.82545	0.04523	0.02078	0.01051	0.00982	0.00765	0.00975	0.00674	0.01005	0.00508	0.00378	0.00379	0.00126	0.00507	0.00336	0.00169	0.00426
10	0.00843	0.00719	0.00792	0.00711	0.00882	0.00822	0.00554	0.04416	0.53499	0.01477	0.11963	0.01774	0.09843	0.02261	0.00501	0.00135	0.07434	0.00490	0.00365	0.00520
11	0.89350	0.00733	0.00557	0.00499	0.00733	0.00851	0.00411	0.01115	0.00645	0.01702	0.00528	0.00616	0.00411	0.00352	0.00235	0.00117	0.00293	0.00205	0.00235	0.00411
12	0.87117	0.00724	0.00552	0.00495	0.00726	0.00838	0.00407	0.01109	0.00649	0.01694	0.00546	0.00636	0.00425	0.00354	0.00235	0.00117	0.00290	0.00209	0.02465	0.00409
13	0.01442	0.01062	0.01138	0.00873	0.01176	0.01176	0.00721	0.83041	0.01783	0.02390	0.00911	0.00911	0.00645	0.00455	0.00379	0.00114	0.00417	0.00341	0.00379	0.00645
14	0.00672	0.02907	0.02722	0.00544	0.00713	0.00560	0.00435	0.03939	0.21436	0.03525	0.09355	0.06336	0.43844	0.00781	0.00422	0.00126	0.00246	0.00654	0.00360	0.00423
15	0.00874	0.00834	0.01400	0.10989	0.68669	0.00846	0.01079	0.01092	0.00853	0.01193	0.00970	0.01173	0.07568	0.00394	0.00382	0.00115	0.00435	0.00376	0.00199	0.00558
16	0.89350	0.00733	0.00557	0.00499	0.00733	0.00851	0.00411	0.01115	0.00645	0.01702	0.00528	0.00616	0.00411	0.00352	0.00235	0.00117	0.00293	0.00205	0.00235	0.00411
17	0.01394	0.01319	0.01093	0.00903	0.01160	0.32266	0.00716	0.46511	0.07913	0.01786	0.00840	0.00866	0.00627	0.00436	0.00366	0.00109	0.00507	0.00312	0.00312	0.00565
18	0.01056	0.00880	0.01879	0.02494	0.04438	0.00983	0.00666	0.23353	0.53848	0.01752	0.01331	0.03561	0.01016	0.00506	0.00386	0.00125	0.00342	0.00416	0.00369	0.00600
19	0.00474	0.00343	0.00449	0.00516	0.00554	0.00318	0.00353	0.00559	0.00785	0.01052	0.13809	0.69151	0.06858	0.01116	0.00478	0.00148	0.00215	0.02146	0.00361	0.00316
20	0.00862	0.01364	0.36245	0.01236	0.09114	0.03886	0.21794	0.03482	0.08552	0.02333	0.03136	0.01109	0.04318	0.00404	0.00392	0.00121	0.00518	0.00377	0.00218	0.00539
21	0.00582	0.00513	0.07474	0.00486	0.00542	0.00427	0.00348	0.01855	0.00602	0.00819	0.02555	0.02281	0.01312	0.73107	0.05319	0.00349	0.00409	0.00522	0.00228	0.00271
22	0.86634	0.00731	0.00567	0.00504	0.00741	0.00842	0.00415	0.01138	0.00659	0.04270	0.00558	0.00637	0.00427	0.00356	0.00239	0.00117	0.00294	0.00211	0.00242	0.00418
23	0.00920	0.09284	0.11773	0.08854	0.19719	0.00976	0.16114	0.06820	0.17238	0.01313	0.00923	0.01974	0.01578	0.00398	0.00379	0.00118	0.00462	0.00369	0.00236	0.00549
24	0.00539	0.00387	0.00521	0.00524	0.00572	0.00418	0.00375	0.00616	0.00614	0.00844	0.01343	0.04444	0.08672	0.27562	0.46764	0.04083	0.00696	0.00502	0.00227	0.00297
25	0.89350	0.00733	0.00557	0.00499	0.00733	0.00851	0.00411	0.01115	0.00645	0.01702	0.00528	0.00616	0.00411	0.00352	0.00235	0.00117	0.00293	0.00205	0.00235	0.00411
26	0.00520	0.00362	0.00476	0.00544	0.00595	0.00337	0.00392	0.00611	0.00783	0.03286	0.05145	0.61468	0.09543	0.01113	0.00483	0.00153	0.00239	0.13270	0.00357	0.00326
27	0.00716	0.00674	0.01138	0.85760	0.02612	0.00843	0.01053	0.00969	0.00758	0.00969	0.00674	0.01011	0.00506	0.00379	0.00379	0.00126	0.00506	0.00337	0.00169	0.00421
28	0.00462	0.00330	0.00440	0.00528	0.00550	0.00308	0.00352	0.00528	0.00726	0.00968	0.02090	0.86424	0.02508	0.01188	0.00484	0.00154	0.00220	0.01078	0.00352	0.00308
29	0.00912	0.00870	0.01480	0.05939	0.77281	0.00876	0.01126	0.01137	0.00867	0.01239	0.04112	0.01019	0.00718	0.00358	0.00379	0.00114	0.00442	0.00352	0.00196	0.00583
30	0.01367	0.01025	0.01096	0.00858	0.01148	0.01141	0.00703	0.70928	0.14018	0.02270	0.01005	0.00986	0.00722	0.00464	0.00380	0.00116	0.00400	0.00355	0.00380	0.00638
31	0.00872	0.02741	0.50882	0.02859	0.04043	0.13009	0.13622	0.01218	0.00868	0.01172	0.04680	0.00921	0.00649	0.00378	0.00374	0.00117	0.00566	0.00322	0.00183	0.00523
32	0.89350	0.00733	0.00557	0.00499	0.00733	0.00851	0.00411	0.01115	0.00645	0.01702	0.00528	0.00616	0.00411	0.00352	0.00235	0.00117	0.00293	0.00205	0.00235	0.00411
33	0.00562	0.00508	0.04958	0.00542	0.00663	0.00437	0.00431	0.00817	0.10831	0.01265	0.31287	0.23167	0.19672	0.00867	0.00446	0.00132	0.00230	0.02438	0.00369	0.00377
34	0.00721	0.00679	0.01146	0.84026	0.04310	0.00844	0.01056	0.00973	0.00761	0.00975	0.00675	0.01010	0.00508	0.00378	0.00379	0.00126	0.00504	0.00337	0.00169	0.00425
35	0.00501	0.00368	0.00476	0.00547	0.00604	0.00345	0.00408	0.00600	0.00786	0.01019	0.02355	0.49025	0.16433	0.02447	0.00511	0.00158	0.00252	0.22496	0.00349	0.00320
36	0.01069	0.02932	0.07990	0.00920	0.07822	0.00941	0.00724	0.21715	0.32338	0.07525	0.01245	0.01271	0.03782	0.04000	0.00477	0.00132	0.03815	0.00393	0.00334	0.00576
37	0.03970	0.14383	0.01048	0.00666	0.00963	0.00716	0.00568	0.01715	0.01023	0.68995	0.01316	0.01164	0.00852	0.00443	0.00355	0.00112	0.00335	0.00348	0.00414	0.00614
38	0.03404	0.01869	0.01914	0.01154	0.16532	0.14306	0.15359	0.02703	0.07635	0.11042	0.03595	0.06746	0.11029	0.00517	0.00397	0.00119	0.00437	0.00462	0.00280	0.00499
39	0.00884	0.00990	0.02054	0.01496	0.01814	0.00994	0.68908	0.01163	0.00841	0.01163	0.00721	0.00990	0.00562	0.00378	0.00584	0.00134	0.15213	0.00428	0.00187	0.00495
40	0.00473	0.00335	0.00437	0.00515	0.00534	0.00315	0.00338	0.00531	0.00705	0.00941	0.01984	0.76480	0.02375	0.11315	0.00655	0.00179	0.00238	0.01016	0.00338	0.00299
41	0.00891	0.00898	0.04104	0.07929	0.59367	0.00871	0.09840	0.02365	0.02182	0.01223	0.00839	0.05259	0.01718	0.00394	0.00390	0.00118	0.00460	0.00392	0.00202	0.00560
42	0.01080	0.01441	0.50634	0.00924	0.01369	0.00782	0.01062	0.01478	0.07809	0.28156	0.01016	0.01010	0.00685	0.00408	0.00369	0.00120	0.00462	0.00325	0.00279	0.00591
43	0.01554	0.00613	0.00823	0.00645	0.00915	0.00529	0.00528	0.01693	0.01054	0.74669	0.01713	0.04464	0.07943	0.00536	0.00391	0.00120	0.00308	0.00441	0.00456	0.00606
44	0.01023	0.79341	0.04481	0.00672	0.00994	0.01443	0.00674	0.01154	0.00776	0.03523	0.00562	0.00641	0.00501	0.00339	0.00277	0.00086	0.02634	0.00214	0.00172	0.00492
45	0.04799	0.02267	0.01193	0.04331	0.28402	0.42393	0.00852	0.02598	0.01890	0.04343	0.03018	0.00870	0.00636	0.00387	0.00354	0.00106	0.00546	0.00297	0.00215	0.00502
46	0.00970	0.00517	0.00667	0.00583	0.00749	0.00483	0.00461	0.05333	0.03651	0.27977	0.37047	0.06677	0.04284	0.00700	0.00439	0.01251	0.00256	0.05911	0.01580	0.00465
47	0.00481	0.00372	0.00419	0.00442	0.00536	0.00323	0.00318	0.00574	0.00838	0.02522	0.08589	0.30334	0.50884	0.01013	0.00459	0.00136	0.00203	0.00875	0.00359	0.00325
48	0.00722	0.00544	0.00808	0.09249	0.09088	0.00556	0.02981	0.01808	0.04251	0.05381	0.06849	0.08414	0.02817	0.00826	0.00470	0.00152	0.00359	0.43990	0.00324	0.00411
49	0.00775	0.00708	0.01211	0.71956	0.10082	0.00844	0.04387	0.01025	0.00784	0.03622	0.00707	0.01014	0.00531	0.00376	0.00382	0.00125	0.00500	0.00343	0.00181	0.00449
50	0.00684	0.00932	0.24914	0.00762	0.00988	0.03560	0.02142	0.00951	0.05305	0.02300	0.02362	0.08270	0.01065	0.06849	0.29863	0.00310	0.00638	0.05046	0.02640	0.00420
51	0.00578	0.00458	0.00619	0.00717	0.10509	0.00435	0.00472	0.00760	0.03529	0.01287	0.38027	0.14039	0.17660	0.00831	0.00449	0.00130	0.00239	0.08520	0.00362	0.00380
52	0.00746	0.00704	0.01191	0.74677	0.13464	0.00850	0.01068	0.00995	0.00772	0.01005	0.00679	0.01001	0.00518	0.00374	0.00379	0.00125	0.00498	0.00337	0.00171	0.00445
53	0.02378	0.00750	0.03264	0.00941	0.14678	0.00621	0.05522	0.03603	0.00848	0.06296	0.00859	0.08009	0.00752	0.00389	0.00334	0.00086	0.00340	0.00342	0.00245	0.49743
54	0.02057	0.00769	0.05152	0.00709	0.00882	0.07517	0.03123	0.13411	0.12790	0.05763	0.06554	0.27120	0.05667	0.03794	0.02777	0.00151	0.00359	0.00622	0.00334	0.00452

[dist]
# distance from previous block
# <min> <max>
1	3

[block]
# block no. 2 follows, 72 sequences, length 47
# corresponding to MSA columns:
# 140-186
name=unknown_C
#
# <colnr> <probs for GDERKNQSTAVLIFYWHMCP>
#	G	D	E	R	K	N	Q	S	T	A	V	L	I	F	Y	W	H	M	C	P
0	0.48321	0.00741	0.00698	0.00586	0.00826	0.00809	0.00479	0.17685	0.00971	0.12419	0.04927	0.01134	0.08084	0.00462	0.00312	0.00118	0.00308	0.00331	0.00313	0.00478
1	0.00899	0.09652	0.05272	0.01564	0.31473	0.00936	0.24801	0.02197	0.06727	0.02070	0.00894	0.06699	0.00780	0.00426	0.00410	0.00121	0.02104	0.02222	0.00219	0.00534
2	0.00567	0.00418	0.00525	0.00568	0.00631	0.00421	0.00404	0.04545	0.08128	0.01123	0.05803	0.61382	0.03252	0.01148	0.05179	0.00173	0.00281	0.03313	0.01784	0.00356
3	0.00590	0.00386	0.00531	0.00569	0.04441	0.00381	0.00377	0.00580	0.00646	0.00853	0.05369	0.03722	0.19116	0.07280	0.14442	0.39321	0.00407	0.00492	0.00233	0.00263
4	0.00771	0.00693	0.01025	0.43778	0.10808	0.00813	0.00860	0.01203	0.21609	0.01141	0.00999	0.05167	0.00826	0.03215	0.05356	0.00162	0.00460	0.00405	0.00238	0.00470
5	0.00716	0.00674	0.01138	0.85760	0.02612	0.00843	0.01053	0.00969	0.00758	0.00969	0.00674	0.01011	0.00506	0.00379	0.00379	0.00126	0.00506	0.00337	0.00169	0.00421
6	0.00505	0.00357	0.00442	0.00493	0.00522	0.00341	0.00329	0.00561	0.00691	0.00909	0.01915	0.43993	0.08461	0.30221	0.00977	0.00227	0.00280	0.08182	0.00310	0.00286
7	0.00821	0.00567	0.00745	0.00755	0.09468	0.00578	0.04117	0.10563	0.04542	0.04462	0.17937	0.07927	0.01517	0.00558	0.00378	0.00111	0.01797	0.00480	0.32235	0.00440
8	0.00849	0.00641	0.00679	0.00630	0.00794	0.00718	0.00483	0.01571	0.52016	0.02702	0.01494	0.07780	0.01201	0.00543	0.00358	0.00119	0.00258	0.00455	0.26200	0.00507
9	0.03839	0.14929	0.01205	0.00894	0.01125	0.58499	0.00705	0.10476	0.01094	0.03031	0.00632	0.00709	0.00514	0.00388	0.00329	0.00098	0.00592	0.00251	0.00218	0.00474
10	0.00546	0.00447	0.00491	0.00483	0.00604	0.00426	0.00360	0.00811	0.14188	0.01200	0.18241	0.14361	0.44677	0.00885	0.00443	0.00130	0.00211	0.00757	0.00370	0.00371
11	0.03355	0.00657	0.00841	0.00633	0.00939	0.00546	0.00518	0.01530	0.00975	0.54585	0.01197	0.01105	0.00800	0.00403	0.00344	0.00097	0.00308	0.00325	0.00382	0.30460
12	0.00534	0.00388	0.00503	0.00474	0.00565	0.00357	0.00356	0.00711	0.01067	0.01506	0.81753	0.02857	0.05940	0.00781	0.00447	0.00120	0.00179	0.00689	0.00416	0.00357
13	0.02532	0.00414	0.00445	0.00428	0.00532	0.00428	0.00323	0.00983	0.06982	0.05129	0.01236	0.01449	0.00990	0.04687	0.07869	0.00152	0.00278	0.00371	0.64391	0.00379
14	0.00582	0.00502	0.00615	0.06917	0.00787	0.00533	0.00461	0.00788	0.07555	0.01176	0.23162	0.02685	0.39600	0.00794	0.00545	0.00131	0.11819	0.00644	0.00332	0.00373
15	0.00939	0.00901	0.01539	0.02328	0.84306	0.00901	0.01164	0.01164	0.00864	0.01239	0.00713	0.00939	0.00601	0.00338	0.00375	0.00113	0.00451	0.00338	0.00188	0.00601
16	0.89350	0.00733	0.00557	0.00499	0.00733	0.00851	0.00411	0.01115	0.00645	0.01702	0.00528	0.00616	0.00411	0.00352	0.00235	0.00117	0.00293	0.00205	0.00235	0.00411
17	0.01351	0.01701	0.01032	0.00940	0.01127	0.78798	0.00705	0.01455	0.01075	0.00973	0.06842	0.00845	0.00720	0.00420	0.00350	0.00099	0.00646	0.00277	0.00212	0.00434
18	0.00923	0.01449	0.39769	0.01146	0.01534	0.07217	0.20498	0.01234	0.00837	0.07705	0.00753	0.00939	0.00567	0.00413	0.00503	0.00127	0.12115	0.01548	0.00198	0.00524
19	0.00867	0.00749	0.00785	0.00712	0.00913	0.00848	0.00552	0.01790	0.70927	0.01500	0.01896	0.01758	0.13888	0.00583	0.00395	0.00129	0.00284	0.00486	0.00381	0.00557
20	0.00716	0.00674	0.01138	0.85760	0.02612	0.00843	0.01053	0.00969	0.00758	0.00969	0.00674	0.01011	0.00506	0.00379	0.00379	0.00126	0.00506	0.00337	0.00169	0.00421
21	0.00611	0.00437	0.00611	0.00698	0.00786	0.00437	0.00611	0.00786	0.00873	0.01135	0.02008	0.04278	0.02183	0.01048	0.00524	0.00175	0.00349	0.81753	0.00349	0.00349
22	0.89350	0.00733	0.00557	0.00499	0.00733	0.00851	0.00411	0.01115	0.00645	0.01702	0.00528	0.00616	0.00411	0.00352	0.00235	0.00117	0.00293	0.00205	0.00235	0.00411
23	0.00939	0.00901	0.01539	0.02328	0.84306	0.00901	0.01164	0.01164	0.00864	0.01239	0.00713	0.00939	0.00601	0.00338	0.00375	0.00113	0.00451	0.00338	0.00188	0.00601
24	0.89350	0.00733	0.00557	0.00499	0.00733	0.00851	0.00411	0.01115	0.00645	0.01702	0.00528	0.00616	0.00411	0.00352	0.00235	0.00117	0.00293	0.00205	0.00235	0.00411
25	0.00939	0.00901	0.01539	0.02328	0.84306	0.00901	0.01164	0.01164	0.00864	0.01239	0.00713	0.00939	0.00601	0.00338	0.00375	0.00113	0.00451	0.00338	0.00188	0.00601
26	0.89350	0.00733	0.00557	0.00499	0.00733	0.00851	0.00411	0.01115	0.00645	0.01702	0.00528	0.00616	0.00411	0.00352	0.00235	0.00117	0.00293	0.00205	0.00235	0.00411
27	0.20454	0.11071	0.00957	0.00644	0.00931	0.03460	0.00541	0.07409	0.00968	0.38098	0.01002	0.00956	0.00690	0.00401	0.00320	0.00105	0.00340	0.00296	0.00338	0.11020
28	0.00543	0.00369	0.00414	0.00413	0.00425	0.00364	0.00237	0.00555	0.00587	0.00775	0.03301	0.02577	0.07629	0.78275	0.01785	0.00344	0.00350	0.00573	0.00243	0.00240
29	0.01016	0.59603	0.11488	0.00729	0.01061	0.01324	0.00737	0.12197	0.00922	0.01161	0.04501	0.00780	0.00652	0.00374	0.00305	0.00094	0.02089	0.00256	0.00203	0.00509
30	0.00838	0.00851	0.01087	0.00947	0.00970	0.07368	0.00779	0.00929	0.00621	0.00910	0.00568	0.00900	0.00553	0.00912	0.11512	0.00215	0.69126	0.00334	0.00173	0.00407
31	0.00655	0.00337	0.00503	0.00509	0.00516	0.00337	0.00350	0.00516	0.00522	0.00694	0.00760	0.01387	0.00773	0.01297	0.01410	0.82315	0.00331	0.06428	0.00179	0.00179
32	0.01134	0.00543	0.00744	0.00689	0.00876	0.00504	0.00586	0.01314	0.02723	0.40586	0.01756	0.02805	0.01573	0.00763	0.00454	0.00147	0.00336	0.41566	0.00407	0.00495
33	0.00918	0.00527	0.00644	0.00563	0.00728	0.00513	0.00439	0.02401	0.14552	0.22072	0.36774	0.02085	0.05985	0.00627	0.00401	0.00118	0.00238	0.00535	0.09407	0.00471
34	0.00716	0.00674	0.01138	0.85760	0.02612	0.00843	0.01053	0.00969	0.00758	0.00969	0.00674	0.01011	0.00506	0.00379	0.00379	0.00126	0.00506	0.00337	0.00169	0.00421
35	0.00547	0.00385	0.00505	0.00484	0.00566	0.00358	0.00362	0.00694	0.01006	0.01412	0.70835	0.02780	0.05335	0.02512	0.00557	0.06782	0.00201	0.03948	0.00390	0.00340
36	0.00791	0.00679	0.00797	0.02380	0.00938	0.00529	0.00468	0.00995	0.03903	0.01243	0.00707	0.00815	0.00583	0.00292	0.00287	0.00060	0.00286	0.00235	0.00230	0.83782
37	0.00943	0.00815	0.00858	0.00772	0.00986	0.00943	0.00600	0.02015	0.83621	0.01586	0.01544	0.01415	0.01158	0.00515	0.00386	0.00129	0.00300	0.00429	0.00386	0.00600
38	0.89350	0.00733	0.00557	0.00499	0.00733	0.00851	0.00411	0.01115	0.00645	0.01702	0.00528	0.00616	0.00411	0.00352	0.00235	0.00117	0.00293	0.00205	0.00235	0.00411
39	0.00919	0.00881	0.01504	0.09710	0.77077	0.00896	0.01154	0.01147	0.00854	0.01215	0.00710	0.00945	0.00592	0.00342	0.00376	0.00114	0.00455	0.00338	0.00186	0.00585
40	0.00511	0.00387	0.00472	0.00453	0.00554	0.00348	0.00341	0.00665	0.01008	0.01366	0.58824	0.03099	0.27710	0.00835	0.00449	0.00123	0.00185	0.01928	0.00397	0.00346
41	0.00517	0.00366	0.00451	0.00486	0.00558	0.00328	0.00343	0.00610	0.00828	0.04318	0.13923	0.47946	0.25860	0.01038	0.00465	0.00140	0.00210	0.00918	0.00366	0.00332
42	0.00539	0.00365	0.00415	0.00422	0.00430	0.00360	0.00243	0.00549	0.00582	0.00769	0.01398	0.09964	0.05345	0.75104	0.01733	0.00338	0.00346	0.00610	0.00246	0.00241
43	0.00761	0.01962	0.84707	0.01081	0.01641	0.00881	0.01401	0.01201	0.00801	0.01201	0.00681	0.00801	0.00480	0.00360	0.00360	0.00120	0.00560	0.00280	0.00160	0.00560
44	0.00515	0.00395	0.00469	0.00484	0.00589	0.00357	0.00382	0.00651	0.00915	0.01184	0.23769	0.05581	0.40626	0.00928	0.00462	0.00136	0.00226	0.19645	0.02348	0.00337
45	0.17885	0.21220	0.03039	0.09868	0.18125	0.04713	0.00764	0.08942	0.00902	0.08105	0.01767	0.00849	0.00594	0.00400	0.01267	0.00113	0.00418	0.00284	0.00233	0.00513
46	0.76436	0.02380	0.00644	0.00555	0.00789	0.09449	0.00452	0.01176	0.00703	0.03850	0.00560	0.00641	0.00434	0.00359	0.00250	0.00115	0.00336	0.00214	0.00236	0.00421

[dist]
# distance from previous block
# <min> <max>
0	3

[block]
# block no. 3 follows, 72 sequences, length 28
# corresponding to MSA columns:
# 190-217
name=unknown_D
#
# <colnr> <probs for GDERKNQSTAVLIFYWHMCP>
#	G	D	E	R	K	N	Q	S	T	A	V	L	I	F	Y	W	H	M	C	P
0	0.00691	0.00407	0.00528	0.00544	0.00639	0.00374	0.00410	0.00809	0.00862	0.13563	0.12287	0.37991	0.10457	0.00942	0.00453	0.00141	0.00244	0.12661	0.05622	0.00374
1	0.00828	0.00824	0.01147	0.00979	0.00992	0.01136	0.00815	0.00914	0.00589	0.00925	0.00505	0.00828	0.00500	0.00649	0.01208	0.00162	0.82682	0.00328	0.00168	0.03821
2	0.00915	0.14314	0.57492	0.05406	0.01508	0.00930	0.01165	0.01261	0.00830	0.11661	0.00760	0.00845	0.00540	0.00370	0.00347	0.00114	0.00505	0.00285	0.00200	0.00553
3	0.00792	0.00773	0.01345	0.15964	0.35143	0.00798	0.14978	0.01004	0.00831	0.01133	0.02401	0.06400	0.11272	0.00494	0.00451	0.00125	0.04927	0.00464	0.00218	0.00489
4	0.00726	0.00519	0.00623	0.00559	0.00697	0.00520	0.00430	0.07314	0.13912	0.05927	0.56443	0.02426	0.06976	0.00704	0.00429	0.00121	0.00224	0.00609	0.00409	0.00431
5	0.01644	0.00633	0.00862	0.00665	0.00948	0.00548	0.00548	0.01792	0.01085	0.80458	0.05585	0.01367	0.01069	0.00485	0.00385	0.00117	0.00316	0.00396	0.00467	0.00631
6	0.00845	0.00894	0.04884	0.49255	0.27727	0.07839	0.01076	0.01085	0.00819	0.01059	0.00679	0.00952	0.00533	0.00367	0.00374	0.00119	0.00506	0.00327	0.00176	0.00484
7	0.00883	0.25202	0.46495	0.01086	0.08265	0.01071	0.05980	0.04765	0.00846	0.01172	0.00656	0.00777	0.00505	0.00350	0.00335	0.00109	0.00507	0.00276	0.00174	0.00544
8	0.03073	0.00613	0.00818	0.00662	0.00903	0.00574	0.00539	0.03778	0.04508	0.59022	0.04074	0.01360	0.01018	0.00919	0.16107	0.00209	0.00448	0.00394	0.00408	0.00573
9	0.00507	0.00349	0.00437	0.00491	0.00510	0.00337	0.00319	0.00557	0.00672	0.00903	0.01745	0.50218	0.02051	0.31904	0.01001	0.00230	0.00279	0.04864	0.02341	0.00283
10	0.00802	0.00775	0.01127	0.64048	0.08158	0.05860	0.00985	0.01147	0.11238	0.01064	0.00781	0.01037	0.00594	0.00394	0.00378	0.00124	0.00486	0.00343	0.00199	0.00458
11	0.00858	0.00820	0.01356	0.18569	0.53210	0.00893	0.01056	0.01068	0.00815	0.01152	0.03930	0.01051	0.01881	0.00413	0.00490	0.00123	0.11237	0.00357	0.00192	0.00528
12	0.01427	0.00614	0.00793	0.00630	0.00889	0.00546	0.00513	0.03438	0.04973	0.63293	0.01920	0.01726	0.16376	0.00562	0.00394	0.00120	0.00300	0.00460	0.00442	0.00583
13	0.23582	0.00894	0.00811	0.00726	0.04096	0.16370	0.00551	0.10300	0.00989	0.23225	0.00936	0.00965	0.00675	0.00435	0.00347	0.02153	0.00379	0.00301	0.11770	0.00497
14	0.00997	0.22198	0.16186	0.05173	0.06201	0.04758	0.05894	0.05746	0.14774	0.06147	0.00836	0.00921	0.00648	0.00412	0.00417	0.00115	0.07493	0.00315	0.00235	0.00534
15	0.00834	0.00791	0.01300	0.07274	0.63569	0.00790	0.00994	0.01037	0.00857	0.01182	0.01291	0.01446	0.16091	0.00456	0.00389	0.00116	0.00406	0.00424	0.00217	0.00537
16	0.00474	0.00339	0.00454	0.00542	0.00570	0.00319	0.00373	0.00549	0.00738	0.00982	0.02084	0.79643	0.02481	0.01177	0.00487	0.00156	0.00231	0.07738	0.00352	0.00311
17	0.00814	0.00691	0.00801	0.00575	0.00911	0.00534	0.00461	0.04437	0.00829	0.01285	0.00684	0.00792	0.00565	0.00288	0.00285	0.00059	0.00287	0.00230	0.00231	0.85243
18	0.89350	0.00733	0.00557	0.00499	0.00733	0.00851	0.00411	0.01115	0.00645	0.01702	0.00528	0.00616	0.00411	0.00352	0.00235	0.00117	0.00293	0.00205	0.00235	0.00411
19	0.00734	0.05814	0.00770	0.04845	0.00853	0.15718	0.03143	0.00906	0.04098	0.01177	0.28856	0.18461	0.11681	0.00737	0.00418	0.00122	0.00328	0.00633	0.00321	0.00383
20	0.00591	0.00371	0.00531	0.00533	0.00565	0.00401	0.00381	0.00595	0.00566	0.00789	0.00935	0.01576	0.00934	0.15583	0.37823	0.33270	0.00631	0.01982	0.01684	0.00257
21	0.00767	0.04050	0.82673	0.01070	0.01625	0.00896	0.01383	0.01199	0.00800	0.01193	0.00677	0.00796	0.00481	0.00359	0.00357	0.00119	0.00557	0.00278	0.00160	0.00559
22	0.00528	0.00394	0.00428	0.00423	0.00487	0.00373	0.00277	0.00623	0.04233	0.00940	0.08477	0.02904	0.32813	0.44137	0.01193	0.00248	0.00284	0.00651	0.00297	0.00289
23	0.00488	0.00386	0.00440	0.00426	0.00537	0.00337	0.00320	0.00622	0.00959	0.01249	0.40080	0.03281	0.47774	0.00877	0.00448	0.00124	0.00186	0.00749	0.00382	0.00337
24	0.01046	0.14845	0.11818	0.01146	0.19027	0.03133	0.00854	0.15621	0.23932	0.03403	0.00959	0.00997	0.00734	0.00412	0.00355	0.00113	0.00413	0.00333	0.00275	0.00582
25	0.00864	0.00846	0.05032	0.14523	0.45714	0.00809	0.02912	0.03669	0.00866	0.02330	0.03168	0.05271	0.02080	0.00413	0.00388	0.00113	0.01547	0.00382	0.00214	0.08860
26	0.21990	0.25348	0.16448	0.00847	0.04657	0.07210	0.03216	0.08154	0.05005	0.01330	0.00657	0.00747	0.00522	0.00370	0.00320	0.00108	0.02096	0.00259	0.00213	0.00502
27	0.03289	0.13164	0.01216	0.00972	0.11558	0.01062	0.00718	0.37189	0.11019	0.10394	0.03669	0.01025	0.00796	0.00442	0.00373	0.00112	0.01738	0.00344	0.00329	0.00593

[dist]
# distance from previous block
# <min> <max>
0	1

[block]
# block no. 4 follows, 72 sequences, length 11
# corresponding to MSA columns:
# 219-229
name=unknown_E
#
# <colnr> <probs for GDERKNQSTAVLIFYWHMCP>
#	G	D	E	R	K	N	Q	S	T	A	V	L	I	F	Y	W	H	M	C	P
0	0.00745	0.02478	0.00855	0.00913	0.15097	0.02847	0.03352	0.00936	0.05571	0.04687	0.04802	0.35483	0.01526	0.00704	0.00403	0.00119	0.00310	0.00633	0.00294	0.18246
1	0.00780	0.00529	0.00645	0.00531	0.00739	0.00442	0.00414	0.00954	0.02626	0.12946	0.28762	0.05450	0.11984	0.00596	0.00381	0.00100	0.00240	0.00509	0.00347	0.31026
2	0.00740	0.00692	0.01162	0.67882	0.15027	0.00823	0.01029	0.00984	0.00793	0.01043	0.05645	0.01108	0.00703	0.00396	0.00383	0.00124	0.00478	0.00358	0.00186	0.00445
3	0.00648	0.00452	0.00557	0.00516	0.00631	0.00430	0.00390	0.06672	0.03003	0.05352	0.55133	0.10819	0.12343	0.00793	0.00442	0.00123	0.00211	0.00692	0.00403	0.00388
4	0.59604	0.00845	0.00754	0.00625	0.00883	0.00961	0.00516	0.28837	0.01030	0.01935	0.00657	0.00716	0.00490	0.00387	0.00284	0.00116	0.00335	0.00251	0.00284	0.00490
5	0.00599	0.00448	0.00539	0.00548	0.00632	0.00434	0.00389	0.05592	0.06257	0.01108	0.04481	0.44971	0.06776	0.13875	0.00673	0.00173	0.00267	0.04887	0.00330	0.07021
6	0.00982	0.06826	0.01284	0.05758	0.17198	0.04641	0.06445	0.06347	0.18128	0.04470	0.00855	0.00997	0.00686	0.00476	0.00603	0.00129	0.23052	0.00351	0.00244	0.00525
7	0.03594	0.11005	0.15455	0.11217	0.02756	0.00978	0.00831	0.20034	0.06132	0.07933	0.02302	0.03464	0.00732	0.00552	0.03722	0.00139	0.08016	0.00348	0.00265	0.00528
8	0.00615	0.00402	0.00498	0.00488	0.00559	0.00388	0.00342	0.00752	0.03852	0.06087	0.29301	0.17409	0.05768	0.23539	0.04352	0.00211	0.00284	0.00672	0.04143	0.00339
9	0.03331	0.03520	0.07014	0.05582	0.26394	0.00685	0.03369	0.00988	0.04720	0.02460	0.09378	0.06570	0.18063	0.00565	0.00391	0.00117	0.00350	0.00497	0.00266	0.05739
10	0.00993	0.32384	0.24762	0.00893	0.05791	0.05939	0.00870	0.03744	0.07383	0.06064	0.00744	0.00811	0.00581	0.00363	0.00315	0.00100	0.00445	0.00269	0.00212	0.07336

[dist]
# distance from previous block
# <min> <max>
1	20

[block]
# block no. 5 follows, 72 sequences, length 23
# corresponding to MSA columns:
# 250-272
name=unknown_F
#
# <colnr> <probs for GDERKNQSTAVLIFYWHMCP>
#	G	D	E	R	K	N	Q	S	T	A	V	L	I	F	Y	W	H	M	C	P
0	0.04192	0.04009	0.33140	0.00988	0.10724	0.02400	0.00920	0.04046	0.04059	0.06329	0.04318	0.01032	0.03403	0.00393	0.00346	0.00105	0.00421	0.00317	0.00232	0.18625
1	0.00925	0.03086	0.07862	0.01302	0.30365	0.00802	0.03405	0.08805	0.06820	0.02976	0.04837	0.01009	0.00771	0.00370	0.00351	0.00099	0.00387	0.00326	0.00244	0.25258
2	0.00606	0.00565	0.05504	0.02639	0.03632	0.00481	0.02115	0.03866	0.05183	0.01317	0.35135	0.06124	0.26020	0.03001	0.00470	0.00129	0.00255	0.00649	0.00351	0.01956
3	0.01281	0.32861	0.01400	0.00844	0.01091	0.51024	0.00695	0.01390	0.00964	0.04426	0.00603	0.00682	0.00507	0.00370	0.00308	0.00092	0.00567	0.00235	0.00195	0.00465
4	0.00594	0.00464	0.01946	0.04156	0.00744	0.00492	0.00474	0.00719	0.00680	0.02708	0.08872	0.01763	0.05273	0.13146	0.48443	0.01535	0.04093	0.00456	0.00236	0.03207
5	0.00651	0.00472	0.00624	0.02786	0.06542	0.00475	0.00452	0.07218	0.00856	0.02307	0.18662	0.21190	0.03932	0.18404	0.05809	0.04103	0.00339	0.04512	0.00311	0.00355
6	0.00914	0.03551	0.45991	0.04711	0.09094	0.00919	0.07504	0.12507	0.03479	0.04104	0.01751	0.02339	0.00628	0.00395	0.00374	0.00119	0.00505	0.00333	0.00219	0.00562
7	0.00828	0.01106	0.24470	0.02862	0.38428	0.00799	0.04702	0.01124	0.03614	0.03223	0.02785	0.03790	0.09696	0.00454	0.00387	0.00119	0.00442	0.00409	0.00220	0.00540
8	0.00583	0.00443	0.01808	0.00583	0.00657	0.02333	0.01358	0.00706	0.02076	0.04489	0.09834	0.50999	0.05735	0.02140	0.02182	0.00160	0.00278	0.12939	0.00350	0.00347
9	0.01154	0.01253	0.07842	0.06629	0.24790	0.26258	0.04474	0.14532	0.01921	0.04625	0.00808	0.00929	0.02289	0.00396	0.00370	0.00111	0.00524	0.00323	0.00234	0.00537
10	0.01098	0.01049	0.08752	0.05285	0.30621	0.09474	0.16717	0.01345	0.02249	0.17110	0.00866	0.00993	0.00642	0.00376	0.00399	0.00117	0.01750	0.00354	0.00243	0.00561
11	0.01111	0.03266	0.02074	0.08813	0.29279	0.33034	0.04169	0.02372	0.04468	0.03122	0.00770	0.01010	0.00644	0.00403	0.00369	0.00111	0.00538	0.03725	0.00213	0.00508
12	0.00854	0.00720	0.00821	0.00612	0.00930	0.00612	0.00489	0.06828	0.12230	0.01365	0.00810	0.00881	0.00649	0.00325	0.00302	0.00070	0.00293	0.00261	0.00258	0.70689
13	0.00964	0.04306	0.00882	0.00722	0.00935	0.00887	0.00570	0.15693	0.49110	0.01555	0.01434	0.01401	0.06761	0.00595	0.00484	0.08591	0.00319	0.00413	0.00346	0.04031
14	0.00897	0.00857	0.01452	0.16658	0.68244	0.00882	0.01128	0.01125	0.00844	0.01192	0.00706	0.00948	0.00583	0.00344	0.00374	0.00114	0.00456	0.00335	0.00185	0.02678
15	0.00893	0.02559	0.21568	0.06008	0.50301	0.00865	0.02511	0.01165	0.00858	0.04348	0.03641	0.01020	0.01822	0.00373	0.00375	0.00115	0.00465	0.00343	0.00200	0.00568
16	0.00597	0.00411	0.00573	0.03312	0.00655	0.00455	0.00417	0.00657	0.03696	0.00840	0.01085	0.13209	0.01132	0.15935	0.27810	0.23913	0.04297	0.00498	0.00222	0.00286
17	0.02520	0.00688	0.10903	0.01816	0.02588	0.00543	0.02540	0.02778	0.07858	0.16275	0.04285	0.37101	0.06953	0.00792	0.00427	0.00135	0.00308	0.00697	0.00344	0.00448
18	0.01339	0.01515	0.00980	0.00882	0.01077	0.64650	0.00668	0.02750	0.06322	0.06743	0.00776	0.00845	0.00610	0.00410	0.00341	0.00100	0.00582	0.00277	0.08674	0.00459
19	0.00668	0.01747	0.07179	0.10173	0.08998	0.00566	0.02594	0.04583	0.00907	0.02966	0.20287	0.09682	0.20248	0.04649	0.02958	0.00150	0.00338	0.00595	0.00303	0.00409
20	0.00677	0.00814	0.13028	0.01047	0.06996	0.00631	0.24429	0.00894	0.00827	0.01134	0.05915	0.31438	0.03700	0.00722	0.00448	0.00138	0.00411	0.06052	0.00270	0.00429
21	0.00906	0.03969	0.03888	0.15059	0.39638	0.00798	0.02966	0.01143	0.03701	0.09371	0.01018	0.09256	0.02156	0.00524	0.02289	0.00132	0.00433	0.01988	0.00239	0.00526
22	0.09745	0.02802	0.00997	0.00761	0.01030	0.00949	0.00626	0.45732	0.01371	0.22957	0.01017	0.01049	0.00727	0.04285	0.01844	0.00135	0.02668	0.00346	0.00368	0.00590

[dist]
# distance from previous block
# <min> <max>
0	1

[block]
# block no. 6 follows, 72 sequences, length 10
# corresponding to MSA columns:
# 274-283
name=unknown_G
#
# <colnr> <probs for GDERKNQSTAVLIFYWHMCP>
#	G	D	E	R	K	N	Q	S	T	A	V	L	I	F	Y	W	H	M	C	P
0	0.00961	0.01106	0.09985	0.05405	0.48715	0.10403	0.08483	0.01273	0.07675	0.01215	0.00767	0.00946	0.00615	0.00361	0.00378	0.00115	0.00495	0.00339	0.00202	0.00563
1	0.00947	0.17966	0.19428	0.00995	0.04429	0.04551	0.12993	0.12396	0.09816	0.01314	0.00946	0.08282	0.00822	0.00469	0.00371	0.00117	0.00460	0.02930	0.00244	0.00523
2	0.02552	0.05457	0.09128	0.06892	0.01163	0.02107	0.00672	0.17805	0.03008	0.01432	0.00726	0.00832	0.00571	0.00356	0.00350	0.00088	0.03338	0.00270	0.00244	0.43010
3	0.00695	0.03597	0.28347	0.00835	0.01112	0.02712	0.07913	0.00941	0.00815	0.01121	0.07413	0.04334	0.05323	0.08642	0.05654	0.00181	0.00469	0.16408	0.00246	0.03241
4	0.00543	0.00399	0.00572	0.00570	0.00629	0.00449	0.00428	0.00661	0.00635	0.00906	0.07242	0.01741	0.01210	0.15415	0.66213	0.00536	0.00855	0.00449	0.00223	0.00324
5	0.00915	0.04270	0.01320	0.28618	0.29324	0.00914	0.05854	0.13284	0.03026	0.01331	0.05347	0.01124	0.00776	0.00408	0.00383	0.00119	0.00452	0.01786	0.00230	0.00522
6	0.00625	0.04380	0.02238	0.03886	0.16829	0.00545	0.03495	0.00764	0.00800	0.01059	0.01848	0.37429	0.12193	0.00866	0.00446	0.00140	0.00316	0.11450	0.00296	0.00395
7	0.00542	0.00383	0.00503	0.00508	0.00540	0.00412	0.00347	0.00606	0.00588	0.00814	0.01169	0.07088	0.01254	0.43934	0.39174	0.00463	0.00649	0.00518	0.00225	0.00283
8	0.00892	0.00861	0.01195	0.42872	0.05835	0.08472	0.09284	0.08389	0.12199	0.01212	0.00878	0.04685	0.00703	0.00432	0.00388	0.00124	0.00485	0.00385	0.00230	0.00480
9	0.63189	0.00792	0.00684	0.08092	0.00961	0.05512	0.00512	0.01253	0.09189	0.05763	0.00697	0.00770	0.00526	0.00379	0.00276	0.00118	0.00336	0.00251	0.00254	0.00444

[dist]
# distance from previous block
# <min> <max>
0	12

# created by:
# /st0/software/busco_prod/Augustus/scripts/msa2prfl.pl ./align_prep/25484.fa
