[name]
unknown

[dist]
# distance from previous block
# <min> <max>
0	435

[block]
# block no. 0 follows, 72 sequences, length 13
# corresponding to MSA columns:
# 439-451
name=unknown_A
#
# <colnr> <probs for GDERKNQSTAVLIFYWHMCP>
#	G	D	E	R	K	N	Q	S	T	A	V	L	I	F	Y	W	H	M	C	P
0	0.00593	0.00428	0.00587	0.00664	0.00752	0.00422	0.00572	0.00760	0.00878	0.01142	0.06090	0.06371	0.07367	0.01033	0.00514	0.00168	0.00328	0.70630	0.00353	0.00347
1	0.00552	0.00368	0.00414	0.00414	0.00414	0.00368	0.00230	0.00552	0.00552	0.00735	0.01195	0.02482	0.01379	0.86672	0.01930	0.00368	0.00368	0.00552	0.00230	0.00230
2	0.58462	0.00702	0.00671	0.00561	0.00816	0.00747	0.00462	0.01373	0.00801	0.30905	0.00869	0.00854	0.00597	0.00393	0.00286	0.00117	0.00304	0.00267	0.00317	0.00493
3	0.01442	0.00701	0.00871	0.00685	0.00950	0.00671	0.00560	0.18756	0.04346	0.51905	0.08532	0.01493	0.06272	0.00525	0.00391	0.00118	0.00321	0.00427	0.00436	0.00599
4	0.00590	0.00453	0.00496	0.00473	0.00598	0.00439	0.00358	0.00884	0.14659	0.01318	0.27432	0.02747	0.35399	0.00764	0.00414	0.00120	0.00204	0.00647	0.11622	0.00382
5	0.00904	0.00459	0.00545	0.00490	0.00626	0.00443	0.00377	0.05203	0.00914	0.19315	0.09194	0.06957	0.04218	0.03627	0.05221	0.00144	0.00278	0.00461	0.40204	0.00423
6	0.04616	0.00921	0.01022	0.00793	0.01083	0.00978	0.00651	0.55507	0.03599	0.19318	0.01060	0.03540	0.00763	0.00471	0.00374	0.00114	0.00379	0.00364	0.00386	0.04060
7	0.81088	0.00834	0.00606	0.00544	0.00775	0.08772	0.00441	0.01152	0.00686	0.01629	0.00534	0.00622	0.00418	0.00356	0.00245	0.00116	0.00330	0.00209	0.00231	0.00413
8	0.00925	0.00964	0.01192	0.50275	0.06431	0.19043	0.05791	0.05771	0.00893	0.01067	0.00688	0.00948	0.00534	0.00467	0.03347	0.00136	0.00562	0.00326	0.00190	0.00450
9	0.02952	0.00756	0.04740	0.00656	0.01002	0.00563	0.05829	0.01028	0.00804	0.05032	0.00714	0.00821	0.00572	0.00297	0.00299	0.00068	0.00319	0.00248	0.00231	0.73068
10	0.00579	0.00396	0.00516	0.00523	0.00612	0.00366	0.00400	0.00725	0.00953	0.05121	0.42969	0.19365	0.11147	0.00904	0.00464	0.00136	0.00222	0.13856	0.00390	0.00356
11	0.00928	0.04025	0.07753	0.04076	0.04641	0.00812	0.39336	0.01233	0.05137	0.11999	0.11731	0.01377	0.04265	0.00438	0.00417	0.00123	0.00479	0.00453	0.00268	0.00509
12	0.00577	0.01783	0.00551	0.00556	0.00643	0.00445	0.00411	0.01955	0.11052	0.01163	0.13995	0.38840	0.11657	0.03980	0.00510	0.00150	0.00246	0.09509	0.00357	0.01620

[dist]
# distance from previous block
# <min> <max>
0	1

[block]
# block no. 1 follows, 72 sequences, length 6
# corresponding to MSA columns:
# 453-458
name=unknown_B
#
# <colnr> <probs for GDERKNQSTAVLIFYWHMCP>
#	G	D	E	R	K	N	Q	S	T	A	V	L	I	F	Y	W	H	M	C	P
0	0.01415	0.00776	0.00924	0.00728	0.00988	0.00782	0.00590	0.35424	0.01330	0.37913	0.04924	0.06935	0.01055	0.03850	0.00450	0.00128	0.00351	0.00431	0.00413	0.00594
1	0.00979	0.09419	0.21761	0.01061	0.01416	0.08643	0.22263	0.07164	0.14364	0.04080	0.04485	0.01042	0.00778	0.00402	0.00380	0.00117	0.00501	0.00363	0.00245	0.00536
2	0.00816	0.03597	0.23351	0.01256	0.01649	0.00862	0.45449	0.01134	0.00867	0.01208	0.04650	0.01225	0.03623	0.00396	0.00413	0.00122	0.00546	0.03214	0.00206	0.05417
3	0.00505	0.00382	0.00466	0.00454	0.00549	0.00343	0.00337	0.00650	0.00985	0.01331	0.53999	0.09676	0.27213	0.00862	0.00450	0.00125	0.00186	0.00751	0.00393	0.00343
4	0.04204	0.25386	0.15811	0.00712	0.01075	0.00935	0.00704	0.09251	0.00895	0.05956	0.00698	0.00773	0.00550	0.00338	0.00298	0.00086	0.00381	0.00248	0.00225	0.31474
5	0.01093	0.06098	0.15594	0.00911	0.01232	0.27289	0.07307	0.07294	0.06888	0.04203	0.00756	0.00838	0.00584	0.00371	0.00343	0.00099	0.00504	0.00286	0.00230	0.18083

[dist]
# distance from previous block
# <min> <max>
0	3

[block]
# block no. 2 follows, 72 sequences, length 11
# corresponding to MSA columns:
# 462-472
name=unknown_C
#
# <colnr> <probs for GDERKNQSTAVLIFYWHMCP>
#	G	D	E	R	K	N	Q	S	T	A	V	L	I	F	Y	W	H	M	C	P
0	0.00810	0.00788	0.00840	0.04642	0.00979	0.15244	0.07210	0.01166	0.21479	0.01146	0.04204	0.27072	0.01517	0.06569	0.00526	0.00149	0.00382	0.04546	0.00306	0.00424
1	0.00916	0.00933	0.01757	0.05092	0.54057	0.00918	0.28280	0.01174	0.00870	0.01221	0.00730	0.00969	0.00589	0.00333	0.00400	0.00118	0.00515	0.00374	0.00188	0.00565
2	0.00660	0.00568	0.00861	0.00761	0.00820	0.00686	0.07210	0.00759	0.00609	0.00882	0.00864	0.01427	0.00854	0.17074	0.35710	0.03974	0.25327	0.00411	0.00195	0.00348
3	0.03309	0.00576	0.00674	0.00616	0.00767	0.00602	0.00479	0.07123	0.23118	0.06970	0.36951	0.08461	0.02289	0.00698	0.00423	0.00127	0.00255	0.05708	0.00395	0.00460
4	0.00517	0.00422	0.00488	0.00531	0.04371	0.00388	0.00365	0.00657	0.04283	0.01053	0.07458	0.10827	0.50958	0.09019	0.03425	0.00170	0.00261	0.04134	0.00333	0.00339
5	0.00911	0.00988	0.10070	0.00951	0.07268	0.13030	0.10190	0.07131	0.11598	0.04200	0.21480	0.02848	0.06610	0.00540	0.00403	0.00119	0.00406	0.00469	0.00304	0.00486
6	0.00481	0.00372	0.00425	0.00442	0.00519	0.00339	0.00310	0.00561	0.00772	0.00978	0.07096	0.21079	0.41593	0.15975	0.07146	0.00211	0.00290	0.00781	0.00323	0.00305
7	0.00999	0.04136	0.12592	0.00998	0.10149	0.04244	0.07390	0.19959	0.02047	0.05464	0.04436	0.01128	0.04557	0.00549	0.04935	0.00132	0.00452	0.00355	0.00268	0.15208
8	0.06952	0.06779	0.09269	0.02529	0.04048	0.34458	0.05147	0.19196	0.01118	0.01365	0.00679	0.00774	0.00529	0.00384	0.00343	0.00104	0.00536	0.00279	0.00233	0.05279
9	0.13839	0.00673	0.00746	0.00634	0.00853	0.00697	0.00505	0.09587	0.20395	0.24218	0.11093	0.03923	0.10106	0.00569	0.00379	0.00122	0.00289	0.00462	0.00385	0.00524
10	0.04779	0.04797	0.01211	0.03201	0.19074	0.02457	0.06962	0.19369	0.04536	0.12552	0.00873	0.00946	0.00652	0.00379	0.00353	0.00104	0.00400	0.00322	0.00283	0.16748

[dist]
# distance from previous block
# <min> <max>
1	7

[block]
# block no. 3 follows, 72 sequences, length 15
# corresponding to MSA columns:
# 480-494
name=unknown_D
#
# <colnr> <probs for GDERKNQSTAVLIFYWHMCP>
#	G	D	E	R	K	N	Q	S	T	A	V	L	I	F	Y	W	H	M	C	P
0	0.00588	0.00444	0.00551	0.00526	0.00632	0.00443	0.00400	0.07717	0.00941	0.01274	0.30588	0.10083	0.21412	0.01332	0.21059	0.00243	0.00410	0.00650	0.00341	0.00365
1	0.01381	0.01205	0.01074	0.00873	0.01130	0.23490	0.00697	0.53768	0.01497	0.03897	0.00850	0.00924	0.00642	0.02770	0.03943	0.00137	0.00510	0.00325	0.00321	0.00567
2	0.00754	0.00716	0.01005	0.00883	0.00897	0.00974	0.00722	0.00844	0.00585	0.00896	0.00644	0.01059	0.00640	0.05873	0.18773	0.00270	0.63537	0.00360	0.00177	0.00389
3	0.00472	0.00378	0.00418	0.00429	0.00530	0.00329	0.00315	0.00575	0.00866	0.01086	0.15859	0.15624	0.54692	0.03912	0.00506	0.00140	0.00204	0.02985	0.00358	0.00322
4	0.01157	0.00765	0.00865	0.00720	0.00950	0.00817	0.00575	0.22677	0.30531	0.18634	0.13704	0.01471	0.01336	0.00527	0.00388	0.00120	0.00313	0.00432	0.03442	0.00576
5	0.00485	0.00377	0.00443	0.00467	0.00550	0.00341	0.00335	0.00613	0.03159	0.01118	0.19178	0.34201	0.35372	0.00996	0.00460	0.00136	0.00203	0.00870	0.00366	0.00331
6	0.00552	0.00368	0.00414	0.00414	0.00414	0.00368	0.00230	0.00552	0.00552	0.00735	0.01195	0.02482	0.01379	0.86672	0.01930	0.00368	0.00368	0.00552	0.00230	0.00230
7	0.00504	0.00389	0.00491	0.00523	0.00599	0.00361	0.01933	0.00630	0.03322	0.01056	0.08355	0.41596	0.26117	0.03828	0.00518	0.00152	0.00237	0.08710	0.00350	0.00329
8	0.00465	0.00336	0.00440	0.00517	0.00549	0.00311	0.00349	0.00539	0.00753	0.01001	0.06593	0.77151	0.07287	0.01153	0.00480	0.00151	0.00216	0.01041	0.00356	0.00311
9	0.00786	0.00674	0.00786	0.00562	0.00899	0.00506	0.00449	0.00955	0.00786	0.01236	0.00674	0.00786	0.00562	0.00281	0.00281	0.00056	0.00281	0.00225	0.00225	0.88990
10	0.20239	0.05328	0.01106	0.00896	0.01134	0.47669	0.09265	0.01357	0.02638	0.01155	0.00615	0.00722	0.00499	0.00368	0.00323	0.00103	0.00551	0.00258	0.00208	0.05567
11	0.00934	0.00726	0.00756	0.00657	0.00836	0.07351	0.00513	0.14878	0.19142	0.08215	0.34531	0.01957	0.06664	0.00621	0.00409	0.00119	0.00297	0.00520	0.00387	0.00486
12	0.00954	0.00983	0.17733	0.02607	0.01211	0.00753	0.09870	0.02853	0.21423	0.13484	0.08188	0.01227	0.01009	0.00434	0.00374	0.00112	0.00386	0.00378	0.00302	0.15720
13	0.00523	0.00363	0.00415	0.00431	0.00450	0.00351	0.00259	0.00546	0.00620	0.00812	0.01668	0.18045	0.11237	0.60968	0.01492	0.00300	0.00320	0.00677	0.00267	0.00255
14	0.00896	0.21626	0.03498	0.00677	0.00967	0.08776	0.02541	0.01162	0.10343	0.01191	0.09023	0.01015	0.00903	0.00381	0.00312	0.00084	0.00358	0.00297	0.00242	0.35708

[dist]
# distance from previous block
# <min> <max>
0	3

[block]
# block no. 4 follows, 72 sequences, length 12
# corresponding to MSA columns:
# 498-509
name=unknown_E
#
# <colnr> <probs for GDERKNQSTAVLIFYWHMCP>
#	G	D	E	R	K	N	Q	S	T	A	V	L	I	F	Y	W	H	M	C	P
0	0.00897	0.02090	0.13419	0.00761	0.01089	0.05117	0.05873	0.07226	0.02732	0.05614	0.02987	0.03813	0.00746	0.00491	0.04227	0.00112	0.00410	0.00318	0.00247	0.41831
1	0.09505	0.12293	0.19890	0.00892	0.01200	0.37329	0.00832	0.06755	0.03474	0.03561	0.00671	0.00749	0.00523	0.00382	0.00329	0.00105	0.00545	0.00259	0.00213	0.00494
2	0.00600	0.00421	0.00559	0.00547	0.00610	0.00457	0.00399	0.03999	0.00682	0.02403	0.04384	0.05279	0.02887	0.25854	0.46465	0.00453	0.00696	0.00488	0.02492	0.00326
3	0.03921	0.00678	0.00783	0.00703	0.03180	0.00707	0.00535	0.09921	0.28876	0.18787	0.14154	0.05193	0.09724	0.00600	0.00399	0.00124	0.00289	0.00502	0.00392	0.00532
4	0.07316	0.00653	0.00849	0.00658	0.00942	0.00587	0.00543	0.03985	0.01067	0.74311	0.01409	0.01241	0.00898	0.00461	0.00368	0.00116	0.00319	0.00368	0.03288	0.00621
5	0.00761	0.00607	0.00675	0.00660	0.00785	0.02480	0.00494	0.12302	0.24138	0.01347	0.01787	0.41706	0.04142	0.00866	0.00440	0.00141	0.00287	0.05577	0.00362	0.00442
6	0.00512	0.00387	0.00473	0.00451	0.00551	0.00347	0.00338	0.00668	0.01015	0.01383	0.61760	0.03060	0.26010	0.00827	0.00448	0.00122	0.00183	0.00718	0.00399	0.00347
7	0.00543	0.00403	0.00590	0.00590	0.00652	0.00464	0.00450	0.00665	0.00604	0.00866	0.01033	0.01586	0.00990	0.10980	0.77090	0.00586	0.00953	0.00420	0.00206	0.00328
8	0.00593	0.00384	0.00454	0.00445	0.00470	0.00386	0.00273	0.00618	0.00593	0.04162	0.01297	0.02369	0.04771	0.70040	0.11295	0.00375	0.00432	0.00538	0.00242	0.00263
9	0.00936	0.01005	0.01894	0.01879	0.36631	0.04552	0.44949	0.01206	0.00890	0.01213	0.00737	0.00973	0.00582	0.00330	0.00413	0.00120	0.00562	0.00393	0.00190	0.00546
10	0.00522	0.00364	0.00464	0.00517	0.00565	0.00343	0.00357	0.00615	0.02859	0.02784	0.06148	0.57569	0.11203	0.06392	0.00606	0.03842	0.00238	0.03951	0.00343	0.00317
11	0.11320	0.04614	0.04491	0.00742	0.01045	0.07061	0.05667	0.18766	0.02182	0.03550	0.01916	0.02439	0.02410	0.00388	0.00327	0.00094	0.00378	0.00304	0.00265	0.32042

[dist]
# distance from previous block
# <min> <max>
1	22

[block]
# block no. 5 follows, 72 sequences, length 26
# corresponding to MSA columns:
# 532-557
name=unknown_F
#
# <colnr> <probs for GDERKNQSTAVLIFYWHMCP>
#	G	D	E	R	K	N	Q	S	T	A	V	L	I	F	Y	W	H	M	C	P
0	0.05330	0.02164	0.29006	0.02666	0.05484	0.06353	0.09445	0.03935	0.08135	0.05544	0.01891	0.00922	0.00637	0.00370	0.00352	0.00107	0.00460	0.00310	0.00229	0.16659
1	0.00884	0.36955	0.42935	0.00901	0.01342	0.02847	0.03967	0.01172	0.00797	0.01070	0.00618	0.00726	0.00489	0.00342	0.00312	0.00102	0.00492	0.00252	0.00165	0.03631
2	0.00551	0.00370	0.00427	0.00427	0.00432	0.00375	0.00246	0.00560	0.00555	0.00745	0.01183	0.02414	0.01349	0.80962	0.07599	0.00384	0.00412	0.00542	0.00228	0.00237
3	0.00946	0.00927	0.01537	0.08706	0.55838	0.03393	0.12634	0.04042	0.05874	0.01266	0.00771	0.00977	0.00621	0.00355	0.00386	0.00116	0.00478	0.00356	0.00206	0.00571
4	0.00469	0.00334	0.00443	0.00527	0.00550	0.00313	0.00353	0.00534	0.00722	0.00962	0.02053	0.81357	0.02456	0.04595	0.00543	0.00163	0.00229	0.02745	0.00347	0.00306
5	0.00504	0.00348	0.00428	0.00474	0.00485	0.00336	0.00294	0.00539	0.00643	0.00858	0.01666	0.46627	0.01973	0.41716	0.01170	0.00255	0.00290	0.00828	0.00294	0.00271
6	0.89350	0.00733	0.00557	0.00499	0.00733	0.00851	0.00411	0.01115	0.00645	0.01702	0.00528	0.00616	0.00411	0.00352	0.00235	0.00117	0.00293	0.00205	0.00235	0.00411
7	0.35599	0.00647	0.02806	0.00608	0.00792	0.00686	0.02146	0.06256	0.00763	0.08371	0.03718	0.01152	0.00805	0.04684	0.29102	0.00294	0.00561	0.00334	0.00256	0.00418
8	0.00461	0.00340	0.00432	0.00503	0.00544	0.00311	0.00341	0.00535	0.00757	0.00990	0.04177	0.70581	0.16358	0.01141	0.00477	0.00149	0.00214	0.01023	0.00354	0.00311
9	0.09222	0.04031	0.01050	0.00872	0.02325	0.33479	0.00682	0.28771	0.06019	0.06551	0.00836	0.00926	0.00645	0.00435	0.00352	0.00109	0.00495	0.02381	0.00291	0.00529
10	0.03349	0.02448	0.05158	0.00688	0.00949	0.07996	0.02467	0.04679	0.05450	0.21055	0.04292	0.07846	0.05589	0.00521	0.01201	0.00109	0.01294	0.00407	0.01262	0.23241
11	0.01083	0.04822	0.37335	0.00929	0.01306	0.16777	0.00974	0.13957	0.02780	0.09844	0.03263	0.03665	0.00724	0.00432	0.00364	0.00114	0.00504	0.00331	0.00251	0.00543
12	0.00939	0.00901	0.01539	0.02328	0.84306	0.00901	0.01164	0.01164	0.00864	0.01239	0.00713	0.00939	0.00601	0.00338	0.00375	0.00113	0.00451	0.00338	0.00188	0.00601
13	0.00808	0.00744	0.01077	0.00769	0.01116	0.00596	0.16973	0.01007	0.00808	0.01232	0.00693	0.00834	0.00564	0.00289	0.00314	0.00071	0.00353	0.00269	0.00218	0.71265
14	0.01413	0.01041	0.01118	0.00862	0.01158	0.01151	0.00710	0.80620	0.01752	0.02348	0.00945	0.03420	0.00700	0.00477	0.00382	0.00115	0.00412	0.00363	0.00379	0.00635
15	0.03853	0.00657	0.00878	0.00675	0.00967	0.00579	0.00558	0.03714	0.01091	0.80621	0.01459	0.01265	0.00919	0.00466	0.00378	0.00117	0.00324	0.00376	0.00462	0.00640
16	0.00453	0.00386	0.00391	0.00393	0.00520	0.00323	0.00297	0.00551	0.00865	0.01028	0.03790	0.03668	0.81810	0.00963	0.00450	0.00129	0.00197	0.03113	0.00352	0.00321
17	0.00549	0.00379	0.00472	0.00472	0.00493	0.00400	0.00303	0.00589	0.00569	0.00779	0.01141	0.02184	0.01250	0.61520	0.26905	0.00440	0.00562	0.00508	0.00222	0.00262
18	0.00902	0.00863	0.01472	0.16214	0.70709	0.00891	0.01146	0.01131	0.00846	0.01194	0.00707	0.00951	0.00585	0.00345	0.00376	0.00115	0.00460	0.00338	0.00185	0.00571
19	0.00499	0.00371	0.00458	0.00472	0.00547	0.00338	0.00340	0.00618	0.00899	0.01205	0.36843	0.25902	0.21756	0.05272	0.00534	0.00145	0.00207	0.02891	0.00373	0.00329
20	0.01203	0.01369	0.01218	0.11754	0.20649	0.45742	0.02730	0.07531	0.02222	0.01132	0.00669	0.00819	0.00540	0.00382	0.00360	0.00107	0.00581	0.00292	0.00207	0.00494
21	0.00949	0.00976	0.00870	0.00787	0.00943	0.29873	0.05994	0.05405	0.00941	0.04067	0.01392	0.28943	0.06641	0.00708	0.00428	0.00123	0.02418	0.02914	0.00281	0.05348
22	0.13523	0.00873	0.03123	0.00793	0.04849	0.09276	0.05136	0.07460	0.08821	0.05310	0.00960	0.04118	0.02763	0.01725	0.00361	0.00104	0.00372	0.02336	0.00268	0.27829
23	0.09853	0.02241	0.01010	0.05386	0.03069	0.27776	0.03348	0.09004	0.14384	0.09437	0.00946	0.01024	0.02102	0.00504	0.02562	0.00127	0.03788	0.01158	0.00275	0.02004
24	0.07707	0.00911	0.03780	0.00776	0.02668	0.12720	0.02549	0.14963	0.08050	0.16903	0.05270	0.05318	0.04301	0.00611	0.04197	0.00136	0.00415	0.01417	0.00324	0.06983
25	0.09547	0.05740	0.02873	0.02078	0.12682	0.19548	0.01537	0.09110	0.10105	0.12970	0.02225	0.03273	0.02427	0.00503	0.00409	0.00128	0.02592	0.01388	0.00307	0.00559

[dist]
# distance from previous block
# <min> <max>
5	48

[block]
# block no. 6 follows, 72 sequences, length 30
# corresponding to MSA columns:
# 614-643
name=unknown_G
#
# <colnr> <probs for GDERKNQSTAVLIFYWHMCP>
#	G	D	E	R	K	N	Q	S	T	A	V	L	I	F	Y	W	H	M	C	P
0	0.11273	0.05230	0.01010	0.02202	0.01024	0.15742	0.05473	0.12614	0.03740	0.07985	0.04531	0.03199	0.03563	0.00545	0.02605	0.00128	0.10500	0.00358	0.03673	0.04604
1	0.10639	0.17766	0.12012	0.00805	0.01097	0.29092	0.00724	0.04656	0.04135	0.06685	0.02179	0.00801	0.00601	0.00381	0.00317	0.00100	0.00484	0.00263	0.00228	0.07037
2	0.05585	0.05600	0.02255	0.00688	0.02385	0.04902	0.04414	0.09775	0.13139	0.04045	0.05426	0.07254	0.23291	0.00618	0.00385	0.00115	0.00320	0.00514	0.00316	0.08973
3	0.02638	0.00836	0.03044	0.00858	0.05972	0.03171	0.04639	0.29681	0.11483	0.06173	0.13323	0.01549	0.05263	0.04705	0.03540	0.00149	0.00392	0.01719	0.00342	0.00525
4	0.00964	0.05283	0.19627	0.00976	0.03358	0.12957	0.10216	0.04228	0.25426	0.02916	0.05110	0.01123	0.00882	0.00511	0.03191	0.00133	0.00482	0.00363	0.00265	0.01991
5	0.00465	0.00371	0.00417	0.00441	0.00535	0.00323	0.00321	0.00563	0.00847	0.01061	0.11313	0.26368	0.51609	0.01007	0.00460	0.00135	0.00202	0.02881	0.00359	0.00321
6	0.00841	0.00854	0.00718	0.00658	0.00818	0.22188	0.02011	0.07129	0.10158	0.01196	0.07780	0.10224	0.32486	0.00725	0.00412	0.00121	0.00357	0.00595	0.00319	0.00411
7	0.00458	0.00382	0.00399	0.00401	0.00520	0.00323	0.00298	0.00560	0.00878	0.01071	0.11720	0.08004	0.71774	0.00954	0.00450	0.00129	0.00192	0.00804	0.00359	0.00323
8	0.89350	0.00733	0.00557	0.00499	0.00733	0.00851	0.00411	0.01115	0.00645	0.01702	0.00528	0.00616	0.00411	0.00352	0.00235	0.00117	0.00293	0.00205	0.00235	0.00411
9	0.00449	0.00383	0.00386	0.00388	0.00513	0.00320	0.00290	0.00544	0.00861	0.01023	0.03793	0.05986	0.81847	0.00967	0.00449	0.00129	0.00193	0.00808	0.00352	0.00320
10	0.01440	0.01107	0.01134	0.00879	0.01176	0.06196	0.00722	0.78168	0.01741	0.02303	0.00891	0.00897	0.00636	0.00451	0.00377	0.00113	0.00433	0.00336	0.00368	0.00633
11	0.00452	0.00380	0.00392	0.00399	0.00517	0.00320	0.00295	0.00547	0.00858	0.01033	0.05788	0.10690	0.75083	0.00975	0.00451	0.00130	0.00194	0.00821	0.00354	0.00320
12	0.00783	0.01932	0.81931	0.01074	0.01626	0.00891	0.01379	0.03919	0.00833	0.01241	0.00688	0.00804	0.00486	0.00363	0.00361	0.00120	0.00556	0.00282	0.00167	0.00563
13	0.00853	0.00765	0.01959	0.00612	0.00938	0.04121	0.00495	0.05149	0.04725	0.01297	0.00723	0.00818	0.00590	0.00306	0.00294	0.00065	0.00309	0.00242	0.00238	0.75501
14	0.00926	0.00912	0.00996	0.23332	0.06177	0.17105	0.03414	0.02729	0.22063	0.03222	0.01256	0.06596	0.07525	0.00543	0.01453	0.00128	0.00446	0.00432	0.00269	0.00477
15	0.01982	0.09461	0.18876	0.00816	0.01156	0.07230	0.05651	0.04064	0.02420	0.24698	0.06244	0.01108	0.00863	0.00418	0.00355	0.00106	0.00416	0.01360	0.00292	0.12484
16	0.00841	0.04758	0.17957	0.01224	0.01586	0.00878	0.44372	0.01212	0.07737	0.02748	0.06302	0.02720	0.04272	0.00423	0.00417	0.00125	0.00523	0.01167	0.00231	0.00507
17	0.20567	0.00634	0.00766	0.00613	0.00869	0.00597	0.00502	0.01554	0.00989	0.56678	0.11156	0.01329	0.01140	0.00481	0.00357	0.00118	0.00299	0.00380	0.00412	0.00560
18	0.00799	0.05817	0.31292	0.02086	0.01164	0.00701	0.04973	0.02477	0.03578	0.08994	0.02357	0.16615	0.03309	0.02598	0.00445	0.00138	0.00414	0.11498	0.00271	0.00473
19	0.01023	0.00845	0.07992	0.03262	0.01202	0.06359	0.19322	0.01240	0.02720	0.23514	0.06498	0.12852	0.01221	0.03657	0.00470	0.00134	0.00422	0.04138	0.00313	0.02817
20	0.00832	0.00779	0.01394	0.03244	0.29194	0.00762	0.24830	0.03033	0.04039	0.03642	0.01196	0.20645	0.03553	0.00560	0.00424	0.00128	0.00436	0.00558	0.00252	0.00498
21	0.00489	0.00349	0.00444	0.00507	0.00556	0.00319	0.00349	0.00567	0.00772	0.02647	0.05580	0.66725	0.16003	0.01118	0.00475	0.00148	0.00218	0.02058	0.00357	0.00319
22	0.01070	0.06755	0.14675	0.01089	0.02268	0.03686	0.29566	0.06021	0.02492	0.19275	0.01046	0.06564	0.01653	0.00446	0.00400	0.00122	0.00488	0.01576	0.00274	0.00537
23	0.00913	0.05781	0.26128	0.01251	0.04041	0.03485	0.37417	0.01250	0.03275	0.05954	0.00833	0.01038	0.00631	0.00370	0.00394	0.00121	0.00546	0.02166	0.03883	0.00525
24	0.00788	0.00613	0.08580	0.03260	0.00850	0.00502	0.02071	0.06852	0.00846	0.11858	0.04926	0.30235	0.02967	0.00915	0.00632	0.16445	0.00324	0.06641	0.00311	0.00386
25	0.00915	0.00839	0.01397	0.23327	0.56446	0.00892	0.01096	0.03527	0.00862	0.03511	0.00725	0.00963	0.00584	0.00365	0.00402	0.00118	0.02944	0.00339	0.00196	0.00552
26	0.01068	0.00999	0.08416	0.01038	0.05508	0.13438	0.19555	0.04901	0.02365	0.17784	0.05998	0.09966	0.01935	0.00528	0.00420	0.00124	0.01544	0.03616	0.00293	0.00504
27	0.01090	0.02136	0.08919	0.02630	0.13522	0.14417	0.15913	0.17089	0.04516	0.05625	0.02390	0.03669	0.00765	0.00433	0.00388	0.00116	0.00494	0.02494	0.00261	0.03133
28	0.02903	0.03453	0.01461	0.12420	0.04255	0.09381	0.29301	0.09030	0.04568	0.01263	0.01713	0.02069	0.00738	0.00439	0.00450	0.00123	0.05552	0.05852	0.00230	0.04799
29	0.01104	0.04442	0.03320	0.00902	0.05635	0.09312	0.08544	0.14440	0.06439	0.16287	0.02718	0.08477	0.00993	0.02083	0.04033	0.00141	0.00437	0.03737	0.00310	0.06645

[dist]
# distance from previous block
# <min> <max>
3	31

[block]
# block no. 7 follows, 72 sequences, length 49
# corresponding to MSA columns:
# 681-729
name=unknown_H
#
# <colnr> <probs for GDERKNQSTAVLIFYWHMCP>
#	G	D	E	R	K	N	Q	S	T	A	V	L	I	F	Y	W	H	M	C	P
0	0.01065	0.00979	0.05840	0.02563	0.06305	0.06146	0.22926	0.13963	0.07101	0.10473	0.00936	0.01057	0.01614	0.02748	0.00422	0.00116	0.00461	0.00363	0.00271	0.14651
1	0.02076	0.05079	0.01801	0.00741	0.06065	0.06145	0.00537	0.04921	0.05310	0.08139	0.06610	0.29250	0.01494	0.00730	0.01850	0.00127	0.01827	0.02372	0.00309	0.14617
2	0.04021	0.03616	0.00867	0.02998	0.00960	0.04815	0.00556	0.10367	0.05465	0.41031	0.06819	0.02983	0.08512	0.00539	0.00383	0.00117	0.00333	0.02216	0.00391	0.03013
3	0.02697	0.00804	0.01019	0.11554	0.09434	0.04971	0.04963	0.10416	0.09069	0.07735	0.04972	0.02888	0.01773	0.00416	0.00357	0.00102	0.00378	0.00354	0.00276	0.25822
4	0.02195	0.03144	0.00873	0.03520	0.09288	0.07937	0.05288	0.05776	0.02488	0.04362	0.13202	0.20364	0.10026	0.00700	0.00415	0.00124	0.00341	0.04484	0.00309	0.05164
5	0.00928	0.08874	0.03900	0.03235	0.01083	0.09570	0.08918	0.10774	0.09528	0.03804	0.00918	0.01141	0.00764	0.04325	0.23498	0.00253	0.00609	0.00354	0.00246	0.07279
6	0.00835	0.00761	0.02494	0.00751	0.05230	0.02967	0.03767	0.02969	0.02438	0.02636	0.00838	0.02428	0.03553	0.00368	0.00378	0.00080	0.06250	0.00293	0.00233	0.60732
7	0.00972	0.08648	0.09888	0.00823	0.01694	0.15781	0.07480	0.11243	0.01016	0.06911	0.10544	0.16473	0.04022	0.00592	0.00391	0.00117	0.00419	0.00501	0.00289	0.02197
8	0.00845	0.12709	0.12415	0.00890	0.03899	0.01749	0.12414	0.11876	0.03033	0.02707	0.08259	0.20719	0.01295	0.00669	0.03017	0.00136	0.00416	0.00530	0.00275	0.02148
9	0.00754	0.00659	0.00675	0.00633	0.00799	0.03639	0.00487	0.01368	0.44222	0.01347	0.07303	0.06314	0.25737	0.00710	0.00416	0.00130	0.00273	0.03691	0.00368	0.00474
10	0.01177	0.00837	0.08649	0.00983	0.02054	0.00686	0.25087	0.01399	0.00963	0.37659	0.06647	0.05969	0.01063	0.00527	0.01871	0.00133	0.01542	0.01873	0.00337	0.00547
11	0.05389	0.04849	0.13114	0.00968	0.03523	0.04198	0.16862	0.14010	0.06950	0.09744	0.06848	0.04259	0.02967	0.01740	0.02768	0.00136	0.00455	0.00413	0.00285	0.00521
12	0.00492	0.00360	0.00466	0.00538	0.00579	0.00343	0.00374	0.00609	0.03930	0.01029	0.05825	0.70947	0.06194	0.01125	0.00479	0.00151	0.00227	0.05650	0.00356	0.00324
13	0.03137	0.00723	0.00922	0.00708	0.01002	0.00675	0.00585	0.16671	0.01206	0.68152	0.01373	0.01210	0.00876	0.00465	0.00379	0.00117	0.00340	0.00371	0.00449	0.00641
14	0.09661	0.01384	0.00999	0.00886	0.02712	0.51058	0.00673	0.07850	0.01088	0.19011	0.00803	0.00830	0.00592	0.00408	0.00344	0.00105	0.00545	0.00279	0.00272	0.00500
15	0.00925	0.00897	0.01519	0.09090	0.74446	0.01966	0.03285	0.01154	0.00858	0.01212	0.00710	0.00944	0.00591	0.00341	0.00377	0.00114	0.00463	0.00340	0.00186	0.00582
16	0.00448	0.00384	0.00384	0.00384	0.00512	0.00320	0.00288	0.00544	0.00864	0.01025	0.03842	0.03650	0.84152	0.00960	0.00448	0.00128	0.00192	0.00800	0.00352	0.00320
17	0.00515	0.00388	0.00476	0.00459	0.00559	0.00350	0.00347	0.00670	0.01008	0.01368	0.58737	0.03113	0.26098	0.00837	0.00450	0.00124	0.00189	0.03569	0.00397	0.00347
18	0.18872	0.00968	0.04365	0.02871	0.14266	0.02909	0.28655	0.10353	0.08992	0.02931	0.00806	0.00942	0.00610	0.00370	0.00372	0.00121	0.00473	0.00354	0.00243	0.00529
19	0.01025	0.01150	0.01148	0.01041	0.04242	0.28433	0.00811	0.01118	0.00752	0.00930	0.00535	0.00787	0.00499	0.00563	0.00918	0.00142	0.54998	0.00304	0.00176	0.00430
20	0.01605	0.00618	0.00835	0.00650	0.00924	0.00538	0.00533	0.01751	0.01057	0.77036	0.01496	0.03632	0.00984	0.00487	0.00377	0.00117	0.00311	0.00399	0.06032	0.00618
21	0.00556	0.00426	0.00630	0.00622	0.00684	0.00505	0.00483	0.00685	0.00606	0.00877	0.00996	0.01492	0.00941	0.05685	0.78067	0.00579	0.05218	0.00408	0.00202	0.00339
22	0.01406	0.04173	0.01100	0.00968	0.01167	0.82824	0.00730	0.01504	0.01066	0.00927	0.00585	0.00682	0.00488	0.00389	0.00339	0.00097	0.00676	0.00243	0.00194	0.00441
23	0.00544	0.00399	0.00570	0.00570	0.00624	0.00453	0.00425	0.00652	0.00598	0.00851	0.01052	0.01689	0.01035	0.19658	0.68473	0.00561	0.00886	0.00435	0.00209	0.00317
24	0.00466	0.00333	0.00445	0.00533	0.00557	0.00312	0.00359	0.00535	0.00730	0.00973	0.02088	0.84081	0.02499	0.01184	0.00485	0.00155	0.00224	0.03380	0.00352	0.00309
25	0.18455	0.00914	0.00948	0.00763	0.01035	0.01014	0.00623	0.44180	0.17693	0.09086	0.01011	0.00985	0.00726	0.00448	0.00353	0.00118	0.00362	0.00336	0.00360	0.00591
26	0.55740	0.00859	0.00779	0.00642	0.00903	0.00975	0.00529	0.32438	0.01080	0.01965	0.00674	0.00729	0.00500	0.00392	0.00290	0.00116	0.00341	0.00257	0.00290	0.00500
27	0.00552	0.00368	0.00414	0.00414	0.00414	0.00368	0.00230	0.00552	0.00552	0.00735	0.01195	0.02482	0.01379	0.86672	0.01930	0.00368	0.00368	0.00552	0.00230	0.00230
28	0.00686	0.03483	0.00587	0.00523	0.00647	0.00448	0.00394	0.00884	0.07703	0.11190	0.24226	0.24922	0.21142	0.00854	0.00437	0.00130	0.00228	0.00742	0.00380	0.00395
29	0.02698	0.73720	0.01808	0.00658	0.00966	0.01406	0.00636	0.03533	0.07556	0.01022	0.02619	0.00736	0.00618	0.00355	0.00264	0.00088	0.00390	0.00237	0.00194	0.00496
30	0.10163	0.07460	0.09561	0.00755	0.01056	0.14635	0.00667	0.12788	0.04422	0.15790	0.00882	0.02409	0.00670	0.00407	0.00333	0.00102	0.00413	0.00997	0.00284	0.16208
31	0.03149	0.09724	0.02221	0.05009	0.02788	0.13934	0.25310	0.17131	0.06146	0.06730	0.00844	0.01762	0.00648	0.00403	0.00394	0.00116	0.01898	0.01008	0.00257	0.00528
32	0.65491	0.00986	0.00738	0.00648	0.00880	0.19490	0.03265	0.02555	0.00767	0.01526	0.00555	0.00650	0.00437	0.00361	0.00268	0.00113	0.00393	0.00224	0.00227	0.00424
33	0.01083	0.02282	0.01280	0.02998	0.38274	0.30289	0.03258	0.04320	0.00965	0.01147	0.00793	0.01149	0.00704	0.00477	0.02244	0.00124	0.00540	0.07349	0.00211	0.00512
34	0.00537	0.00388	0.00507	0.00477	0.00567	0.00358	0.00358	0.00716	0.01074	0.01521	0.84106	0.02833	0.03578	0.00775	0.00447	0.00119	0.00179	0.00686	0.00417	0.00358
35	0.01003	0.04136	0.00941	0.00670	0.00990	0.05019	0.00544	0.23013	0.01068	0.01517	0.00727	0.00808	0.00577	0.00335	0.00309	0.00075	0.00343	0.00256	0.00262	0.57407
36	0.00494	0.00396	0.00449	0.00478	0.00589	0.00352	0.00380	0.00610	0.00860	0.01052	0.03254	0.07738	0.57699	0.00995	0.00471	0.00142	0.00237	0.23125	0.00351	0.00328
37	0.01056	0.00926	0.01398	0.03521	0.60297	0.02939	0.01034	0.16155	0.01043	0.04367	0.00809	0.01034	0.00660	0.00386	0.00380	0.00115	0.00444	0.02604	0.00237	0.00596
38	0.01078	0.00708	0.01090	0.22887	0.23865	0.00737	0.00834	0.04140	0.00934	0.25602	0.06500	0.01210	0.00893	0.00472	0.01741	0.00126	0.02451	0.00375	0.03822	0.00535
39	0.00552	0.00368	0.00414	0.00414	0.00414	0.00368	0.00230	0.00552	0.00552	0.00735	0.01195	0.02482	0.01379	0.86672	0.01930	0.00368	0.00368	0.00552	0.00230	0.00230
40	0.01106	0.59964	0.06221	0.00758	0.01062	0.23431	0.00712	0.01239	0.00852	0.00918	0.00551	0.00639	0.00487	0.00344	0.00276	0.00088	0.00487	0.00218	0.00171	0.00478
41	0.01947	0.23309	0.09770	0.00829	0.01104	0.27403	0.00732	0.05356	0.18047	0.04667	0.00867	0.02870	0.00698	0.00421	0.00333	0.00105	0.00478	0.00305	0.00247	0.00512
42	0.00661	0.00331	0.00487	0.00487	0.00491	0.00331	0.00326	0.00513	0.00509	0.00696	0.00687	0.01166	0.00674	0.01274	0.01422	0.84563	0.00322	0.00331	0.04555	0.00174
43	0.00665	0.00346	0.00509	0.00497	0.00514	0.00338	0.00335	0.00517	0.00509	0.00687	0.00660	0.01135	0.00654	0.01266	0.01423	0.84561	0.00327	0.00324	0.00168	0.04565
44	0.01043	0.34920	0.10115	0.03191	0.04086	0.10808	0.03648	0.06659	0.15707	0.03503	0.00832	0.02480	0.00675	0.00400	0.00325	0.00104	0.00442	0.00304	0.00234	0.00524
45	0.00938	0.00908	0.01468	0.07359	0.72825	0.03244	0.01117	0.01204	0.04963	0.01231	0.00749	0.00960	0.00619	0.00351	0.00375	0.00114	0.00453	0.00340	0.00197	0.00585
46	0.00571	0.00394	0.00469	0.00508	0.04570	0.00394	0.00276	0.00582	0.00567	0.00760	0.01171	0.02405	0.01340	0.82394	0.01853	0.00355	0.00372	0.00541	0.00228	0.00248
47	0.00914	0.00845	0.01449	0.14602	0.50474	0.01967	0.11104	0.01142	0.00866	0.05308	0.00916	0.01195	0.03852	0.00398	0.00393	0.00119	0.00465	0.03236	0.00211	0.00543
48	0.08674	0.02928	0.03259	0.00873	0.07767	0.08280	0.01626	0.19287	0.13668	0.10586	0.07470	0.01321	0.03916	0.00489	0.00377	0.00115	0.01137	0.02982	0.00324	0.04921

[dist]
# distance from previous block
# <min> <max>
0	5

[block]
# block no. 8 follows, 72 sequences, length 13
# corresponding to MSA columns:
# 735-747
name=unknown_I
#
# <colnr> <probs for GDERKNQSTAVLIFYWHMCP>
#	G	D	E	R	K	N	Q	S	T	A	V	L	I	F	Y	W	H	M	C	P
0	0.00856	0.00817	0.01391	0.33209	0.54068	0.00879	0.01123	0.01092	0.00825	0.01139	0.00699	0.00965	0.00566	0.00353	0.00377	0.00118	0.00471	0.00338	0.00181	0.00534
1	0.00482	0.00346	0.00467	0.00545	0.00578	0.00330	0.00381	0.00566	0.00747	0.01002	0.05624	0.71180	0.02442	0.01249	0.05136	0.00179	0.00273	0.07812	0.00347	0.00315
2	0.01214	0.01003	0.13911	0.03801	0.08959	0.03247	0.12647	0.10990	0.03497	0.30074	0.04835	0.01142	0.00845	0.00430	0.00401	0.00119	0.01611	0.00376	0.00319	0.00578
3	0.01216	0.01341	0.01044	0.03604	0.08116	0.46921	0.00720	0.09753	0.04357	0.02535	0.03682	0.00968	0.00714	0.00418	0.00354	0.00101	0.00536	0.02611	0.00240	0.10769
4	0.01088	0.47743	0.01495	0.00747	0.00992	0.29964	0.00643	0.01195	0.00869	0.00913	0.00729	0.10607	0.00722	0.00448	0.00305	0.00095	0.00479	0.00319	0.00196	0.00450
5	0.11205	0.00827	0.10523	0.00628	0.00974	0.00595	0.00568	0.01106	0.00806	0.10942	0.00753	0.00827	0.00578	0.00320	0.00296	0.00078	0.00320	0.00247	0.00247	0.58160
6	0.03793	0.11175	0.01354	0.03975	0.18189	0.26731	0.08284	0.09696	0.08454	0.02332	0.00753	0.00866	0.00600	0.00387	0.00368	0.00109	0.01876	0.00309	0.00229	0.00521
7	0.00545	0.00373	0.00448	0.00449	0.00468	0.00376	0.00278	0.00584	0.00626	0.00853	0.10847	0.05981	0.01632	0.63261	0.11416	0.00358	0.00415	0.00573	0.00254	0.00261
8	0.00607	0.00373	0.00489	0.00532	0.00596	0.00340	0.00371	0.00689	0.00790	0.10705	0.04735	0.67417	0.08758	0.01074	0.00468	0.00147	0.00228	0.00963	0.00368	0.00350
9	0.01169	0.40711	0.07516	0.00817	0.01134	0.13224	0.05800	0.10139	0.04209	0.10852	0.00755	0.00802	0.00588	0.00375	0.00315	0.00099	0.00458	0.00274	0.00236	0.00527
10	0.00968	0.08105	0.42461	0.07352	0.04737	0.16772	0.01089	0.07521	0.05295	0.01222	0.00715	0.00826	0.00537	0.00379	0.00353	0.00113	0.00539	0.00287	0.00197	0.00532
11	0.00641	0.05384	0.12156	0.00610	0.00784	0.00522	0.00543	0.04274	0.00899	0.03271	0.21430	0.28461	0.10929	0.00814	0.00428	0.00129	0.00283	0.04256	0.00330	0.03857
12	0.05813	0.10519	0.19969	0.00879	0.02438	0.04360	0.07654	0.06013	0.21411	0.06544	0.04707	0.02283	0.02927	0.00450	0.00362	0.00117	0.00413	0.00370	0.02239	0.00533

[dist]
# distance from previous block
# <min> <max>
0	73

# created by:
# /st0/software/busco_prod/Augustus/scripts/msa2prfl.pl ./align_prep/25480.fa
