[name]
unknown

[dist]
# distance from previous block
# <min> <max>
5	105

[block]
# block no. 0 follows, 68 sequences, length 21
# corresponding to MSA columns:
# 176-196
name=unknown_A
#
# <colnr> <probs for GDERKNQSTAVLIFYWHMCP>
#	G	D	E	R	K	N	Q	S	T	A	V	L	I	F	Y	W	H	M	C	P
0	0.05382	0.05343	0.17016	0.06120	0.08206	0.04924	0.05780	0.11137	0.05778	0.03307	0.09644	0.01358	0.07181	0.00483	0.00386	0.00118	0.00431	0.00403	0.00275	0.06728
1	0.02194	0.03203	0.26475	0.03343	0.07042	0.09305	0.01954	0.15549	0.05742	0.04829	0.00849	0.00978	0.00651	0.03063	0.01764	0.00129	0.00495	0.00322	0.00254	0.11859
2	0.08168	0.08258	0.08122	0.02093	0.09766	0.13191	0.05952	0.19197	0.02960	0.06267	0.03093	0.05256	0.00797	0.00465	0.00393	0.00118	0.02225	0.00369	0.00278	0.03033
3	0.07695	0.13352	0.16506	0.00911	0.05169	0.06599	0.04631	0.13522	0.01022	0.03609	0.05997	0.00973	0.00772	0.00416	0.00366	0.01456	0.00439	0.00314	0.00252	0.16001
4	0.03481	0.13280	0.16465	0.04574	0.01320	0.07079	0.06520	0.14692	0.04626	0.14385	0.00977	0.01020	0.02704	0.00422	0.00366	0.00113	0.00462	0.00335	0.00284	0.06895
5	0.11648	0.13867	0.31557	0.02981	0.04349	0.01004	0.11105	0.06255	0.03128	0.06447	0.03554	0.00951	0.00680	0.00397	0.00362	0.00120	0.00488	0.00326	0.00232	0.00552
6	0.00612	0.00418	0.00602	0.00593	0.00635	0.00470	0.00437	0.00656	0.00619	0.00874	0.04553	0.01624	0.01067	0.12392	0.46030	0.23036	0.04440	0.00432	0.00214	0.00298
7	0.01189	0.17336	0.06013	0.01186	0.07174	0.24735	0.19371	0.12360	0.04579	0.01306	0.00748	0.00871	0.00591	0.00388	0.00374	0.00112	0.00571	0.00327	0.00229	0.00541
8	0.00873	0.14441	0.49537	0.00952	0.01398	0.00991	0.01107	0.06427	0.09121	0.01329	0.04870	0.01088	0.03291	0.00494	0.02319	0.00132	0.00505	0.00340	0.00226	0.00561
9	0.00577	0.00418	0.00486	0.00476	0.00534	0.00416	0.00318	0.03105	0.00728	0.00955	0.05453	0.02684	0.21112	0.45741	0.15013	0.00346	0.00444	0.00614	0.00280	0.00301
10	0.00868	0.00750	0.00930	0.00722	0.03051	0.00636	0.04657	0.04682	0.09758	0.01396	0.04431	0.01009	0.00798	0.00354	0.00329	0.00078	0.00321	0.00299	0.00266	0.64665
11	0.00483	0.00347	0.00458	0.00547	0.00574	0.00322	0.00366	0.00553	0.00764	0.01014	0.02245	0.83133	0.05258	0.01234	0.00505	0.00160	0.00229	0.01118	0.00368	0.00322
12	0.00857	0.00830	0.01291	0.45832	0.31369	0.05110	0.01075	0.01094	0.00859	0.01132	0.04344	0.01129	0.00723	0.02230	0.00431	0.00131	0.00499	0.00369	0.00198	0.00501
13	0.01597	0.00717	0.00904	0.00707	0.00990	0.00676	0.00579	0.13988	0.04784	0.59556	0.01446	0.01308	0.00949	0.00488	0.00386	0.00120	0.00336	0.00392	0.09436	0.00641
14	0.00752	0.00413	0.00463	0.00439	0.00560	0.00387	0.00334	0.00913	0.00910	0.09572	0.13286	0.03595	0.18617	0.00718	0.03003	0.00127	0.00232	0.00533	0.44756	0.00392
15	0.04370	0.08144	0.02212	0.00916	0.05639	0.07322	0.00707	0.22514	0.36988	0.03805	0.01165	0.01135	0.00875	0.00472	0.00377	0.00121	0.00397	0.00370	0.00346	0.02125
16	0.00933	0.04979	0.08755	0.09597	0.15278	0.00880	0.16903	0.03699	0.03990	0.06357	0.00953	0.01308	0.01815	0.06015	0.00564	0.00142	0.05754	0.04278	0.00239	0.07561
17	0.00892	0.13070	0.54355	0.06504	0.06466	0.00996	0.05979	0.01261	0.00853	0.05007	0.00736	0.00870	0.00540	0.00374	0.00369	0.00120	0.00547	0.00304	0.00187	0.00570
18	0.00988	0.36791	0.33225	0.00958	0.03252	0.04031	0.03529	0.02794	0.02555	0.03713	0.00687	0.00793	0.00545	0.00383	0.00371	0.00110	0.04262	0.00275	0.00191	0.00548
19	0.00525	0.00429	0.00490	0.00539	0.02585	0.02384	0.00372	0.00629	0.00885	0.01128	0.14875	0.35759	0.35888	0.01039	0.00479	0.00142	0.00229	0.00907	0.00370	0.00346
20	0.00953	0.15724	0.44199	0.01260	0.15637	0.03930	0.03488	0.02462	0.00887	0.05109	0.00761	0.00929	0.00589	0.00387	0.00366	0.00118	0.00528	0.01901	0.00198	0.00576

[dist]
# distance from previous block
# <min> <max>
0	1

[block]
# block no. 1 follows, 68 sequences, length 18
# corresponding to MSA columns:
# 198-215
name=unknown_B
#
# <colnr> <probs for GDERKNQSTAVLIFYWHMCP>
#	G	D	E	R	K	N	Q	S	T	A	V	L	I	F	Y	W	H	M	C	P
0	0.05817	0.35893	0.08948	0.00869	0.01169	0.34346	0.02193	0.03357	0.00954	0.01066	0.00612	0.00715	0.00517	0.00413	0.01526	0.00107	0.00562	0.00248	0.00194	0.00494
1	0.00686	0.00541	0.00657	0.00686	0.04466	0.00545	0.00510	0.01057	0.19253	0.02654	0.21896	0.06420	0.20809	0.00845	0.00467	0.00142	0.00272	0.17274	0.00386	0.00434
2	0.00802	0.00760	0.01279	0.65192	0.19872	0.00903	0.01119	0.01055	0.00811	0.01071	0.00708	0.01036	0.00549	0.00396	0.00421	0.00130	0.02883	0.00352	0.00180	0.00480
3	0.00821	0.00739	0.00780	0.00721	0.00850	0.07869	0.00550	0.01298	0.31042	0.01229	0.06246	0.01740	0.06018	0.11773	0.18778	0.00274	0.08039	0.00472	0.00305	0.00457
4	0.00966	0.01032	0.01200	0.01038	0.01071	0.14643	0.00851	0.01056	0.00691	0.00957	0.00535	0.00843	0.00519	0.00648	0.01149	0.00162	0.71691	0.00332	0.00178	0.00438
5	0.00477	0.00387	0.00423	0.00445	0.00549	0.00333	0.00322	0.00573	0.00876	0.01080	0.07263	0.25179	0.58598	0.01057	0.00478	0.00141	0.00208	0.00907	0.00371	0.00333
6	0.00537	0.00387	0.00519	0.00597	0.00651	0.00368	0.00450	0.00652	0.00841	0.01113	0.08506	0.50850	0.05858	0.01154	0.00515	0.00164	0.00267	0.25859	0.00372	0.00340
7	0.00945	0.00905	0.01544	0.15369	0.70941	0.00932	0.01199	0.01185	0.00886	0.01251	0.00739	0.00993	0.00612	0.00360	0.00393	0.00120	0.00480	0.00353	0.00193	0.00599
8	0.00567	0.00381	0.00435	0.00444	0.00446	0.00378	0.00253	0.00574	0.00595	0.00793	0.01341	0.10773	0.01558	0.77729	0.01869	0.00362	0.00369	0.00631	0.00253	0.00248
9	0.00985	0.01007	0.01899	0.01405	0.01715	0.03886	0.55086	0.01289	0.04593	0.06660	0.00959	0.01166	0.03708	0.00435	0.00581	0.00138	0.13283	0.00451	0.00231	0.00523
10	0.01393	0.01107	0.01122	0.00897	0.01186	0.06780	0.00727	0.59486	0.19351	0.02214	0.01072	0.01050	0.00779	0.00485	0.00395	0.00121	0.00429	0.00370	0.00385	0.00650
11	0.00953	0.00943	0.01409	0.05051	0.57900	0.07860	0.03620	0.01195	0.03058	0.01284	0.08524	0.01277	0.04310	0.00433	0.00402	0.00119	0.00459	0.00405	0.00231	0.00569
12	0.01050	0.01093	0.01668	0.04114	0.46885	0.11814	0.19055	0.04833	0.00970	0.01284	0.00743	0.00964	0.00604	0.00372	0.00430	0.00121	0.02852	0.00366	0.00206	0.00577
13	0.02609	0.20478	0.01454	0.03579	0.32361	0.12368	0.02090	0.01221	0.03293	0.01190	0.05855	0.01013	0.00799	0.01766	0.00377	0.00109	0.00455	0.00325	0.00217	0.08442
14	0.00527	0.00404	0.00484	0.00473	0.00579	0.00361	0.00357	0.00678	0.01022	0.01364	0.48233	0.05643	0.33550	0.00906	0.00472	0.00131	0.00200	0.03851	0.00406	0.00358
15	0.01153	0.41713	0.07304	0.00861	0.02423	0.31189	0.02110	0.01300	0.00938	0.01004	0.03027	0.00878	0.03784	0.00405	0.00320	0.00098	0.00529	0.00278	0.00198	0.00488
16	0.00684	0.00570	0.00652	0.00518	0.00759	0.00451	0.00398	0.00828	0.00856	0.01225	0.10112	0.01966	0.22831	0.07018	0.00488	0.00110	0.00265	0.00469	0.00291	0.49511
17	0.04512	0.00932	0.11450	0.02497	0.04515	0.07057	0.05828	0.09332	0.08375	0.05662	0.16189	0.11280	0.04924	0.00648	0.00427	0.00131	0.00391	0.05029	0.00328	0.00492

[dist]
# distance from previous block
# <min> <max>
0	3

[block]
# block no. 2 follows, 68 sequences, length 38
# corresponding to MSA columns:
# 219-256
name=unknown_C
#
# <colnr> <probs for GDERKNQSTAVLIFYWHMCP>
#	G	D	E	R	K	N	Q	S	T	A	V	L	I	F	Y	W	H	M	C	P
0	0.01158	0.50739	0.03056	0.00978	0.10582	0.15754	0.01965	0.06200	0.02538	0.02818	0.00656	0.00749	0.00558	0.00369	0.00308	0.00097	0.00483	0.00258	0.00204	0.00531
1	0.00572	0.00383	0.00438	0.00445	0.00447	0.00382	0.00255	0.00579	0.00593	0.00790	0.01319	0.07585	0.01526	0.79586	0.01903	0.00368	0.00375	0.01957	0.00250	0.00247
2	0.00974	0.01016	0.10197	0.00986	0.02853	0.03193	0.03463	0.01542	0.34534	0.05423	0.01059	0.01145	0.00830	0.00559	0.00715	0.00145	0.30143	0.00387	0.00285	0.00550
3	0.05148	0.00832	0.09685	0.09541	0.26017	0.00712	0.05710	0.00982	0.00825	0.01200	0.01164	0.26611	0.01194	0.00623	0.00414	0.00129	0.00404	0.00571	0.00249	0.07986
4	0.00822	0.00705	0.00822	0.00587	0.00940	0.00529	0.00470	0.00998	0.00822	0.01292	0.00705	0.00822	0.00587	0.00294	0.00294	0.00059	0.00294	0.00235	0.00235	0.88490
5	0.00660	0.00446	0.00536	0.00496	0.00629	0.00403	0.00378	0.00849	0.04096	0.09223	0.44989	0.03050	0.31075	0.00837	0.00459	0.00128	0.00211	0.00718	0.00417	0.00398
6	0.00772	0.00728	0.01231	0.76903	0.10760	0.00887	0.01113	0.01033	0.00804	0.01041	0.00709	0.01050	0.00538	0.00392	0.00396	0.00131	0.00523	0.00352	0.00178	0.00459
7	0.00490	0.00350	0.00468	0.00560	0.00587	0.00328	0.00381	0.00565	0.00766	0.01020	0.02181	0.82002	0.02606	0.01235	0.00508	0.00162	0.00236	0.04861	0.00368	0.00324
8	0.00867	0.00867	0.01214	0.01041	0.01041	0.01214	0.00867	0.00954	0.00607	0.00954	0.00520	0.00867	0.00520	0.00694	0.01301	0.00173	0.85340	0.00347	0.00173	0.00434
9	0.00749	0.00705	0.01189	0.85113	0.02731	0.00881	0.01101	0.01013	0.00793	0.01013	0.00705	0.01057	0.00529	0.00396	0.00396	0.00132	0.00529	0.00352	0.00176	0.00440
10	0.00981	0.00942	0.01609	0.02434	0.83592	0.00942	0.01217	0.01217	0.00903	0.01295	0.00746	0.00981	0.00628	0.00353	0.00393	0.00118	0.00471	0.00353	0.00196	0.00628
11	0.01041	0.80152	0.08061	0.00711	0.01069	0.01522	0.00736	0.01192	0.00808	0.00956	0.00563	0.00651	0.00508	0.00342	0.00263	0.00088	0.00436	0.00218	0.00169	0.00514
12	0.00882	0.00758	0.00849	0.00667	0.00973	0.00695	0.00527	0.01402	0.30700	0.01425	0.01036	0.01061	0.00814	0.00383	0.00334	0.00086	0.00301	0.00313	0.00296	0.56497
13	0.00828	0.00806	0.01419	0.54666	0.17776	0.00913	0.12507	0.01129	0.03915	0.01127	0.00760	0.01060	0.00583	0.00385	0.00406	0.00130	0.00529	0.00372	0.00192	0.00496
14	0.01481	0.01890	0.01124	0.01021	0.01226	0.84474	0.00766	0.01583	0.01124	0.00970	0.00613	0.00715	0.00511	0.00409	0.00358	0.00102	0.00715	0.00255	0.00204	0.00460
15	0.00496	0.00371	0.00463	0.00527	0.00587	0.00339	0.00375	0.00587	0.00822	0.01063	0.05497	0.54815	0.23309	0.01153	0.00499	0.00155	0.00233	0.08009	0.00370	0.00331
16	0.00936	0.01070	0.02340	0.01671	0.02072	0.01003	0.82152	0.01270	0.00936	0.01270	0.00802	0.01070	0.00602	0.00334	0.00468	0.00134	0.00668	0.00468	0.00201	0.00535
17	0.00576	0.00387	0.00447	0.00447	0.00453	0.00393	0.00259	0.00586	0.00581	0.00780	0.01236	0.02519	0.01409	0.79998	0.08041	0.00403	0.00434	0.00566	0.00238	0.00249
18	0.00924	0.01034	0.02140	0.01559	0.01889	0.01040	0.67711	0.01214	0.00877	0.01214	0.00752	0.01034	0.00587	0.00398	0.00616	0.00141	0.15711	0.00446	0.00196	0.00517
19	0.00576	0.00371	0.00497	0.00569	0.00613	0.00344	0.00393	0.00654	0.00790	0.06557	0.02141	0.77128	0.02500	0.01186	0.00500	0.00159	0.00242	0.04054	0.00376	0.00347
20	0.01113	0.00914	0.00968	0.00832	0.01079	0.01045	0.00658	0.21544	0.63233	0.01862	0.01453	0.01351	0.01080	0.00523	0.00402	0.00131	0.00343	0.00426	0.00402	0.00639
21	0.00730	0.00692	0.01212	0.62448	0.02324	0.00810	0.10443	0.00973	0.00804	0.01043	0.00943	0.14020	0.00857	0.00519	0.00422	0.00137	0.00499	0.00484	0.00208	0.00433
22	0.01308	0.01093	0.16772	0.01316	0.21907	0.04949	0.07910	0.01553	0.01003	0.36540	0.01087	0.01106	0.00747	0.00417	0.00397	0.00122	0.00465	0.00366	0.00317	0.00624
23	0.00795	0.02051	0.84011	0.01130	0.01716	0.00921	0.01465	0.01256	0.00837	0.01256	0.00712	0.00837	0.00502	0.00377	0.00377	0.00126	0.00586	0.00293	0.00167	0.00586
24	0.00520	0.00437	0.00568	0.00550	0.00671	0.00387	0.05816	0.00638	0.00883	0.01103	0.06986	0.22996	0.49234	0.01013	0.00483	0.00143	0.00250	0.06612	0.00360	0.00349
25	0.00915	0.29539	0.22735	0.00762	0.01085	0.05115	0.00792	0.01147	0.00944	0.06754	0.24776	0.01417	0.01480	0.00500	0.00363	0.00110	0.00406	0.00395	0.00270	0.00498
26	0.00976	0.01204	0.16192	0.08255	0.07831	0.05091	0.44939	0.01291	0.00925	0.06751	0.00838	0.02361	0.00633	0.00376	0.00431	0.00129	0.00602	0.00415	0.00215	0.00545
27	0.00804	0.00828	0.06752	0.61275	0.12818	0.00887	0.01096	0.04387	0.00846	0.01122	0.00738	0.01053	0.00569	0.00521	0.04582	0.00154	0.00548	0.00352	0.00189	0.00479
28	0.00959	0.00958	0.01774	0.16472	0.34303	0.00973	0.30636	0.06619	0.00960	0.01317	0.00773	0.01025	0.00604	0.00362	0.00421	0.00126	0.00551	0.00395	0.00208	0.00564
29	0.00924	0.00878	0.01350	0.20941	0.39812	0.06424	0.06605	0.01146	0.00912	0.04297	0.04154	0.01344	0.08585	0.00450	0.00407	0.00123	0.00473	0.00416	0.00229	0.00532
30	0.00949	0.03489	0.54370	0.05749	0.01669	0.06937	0.08186	0.04343	0.00923	0.06784	0.00803	0.00970	0.00588	0.00402	0.00387	0.00125	0.00569	0.01982	0.00208	0.00568
31	0.08025	0.12576	0.06613	0.05767	0.17240	0.08660	0.05801	0.01037	0.00881	0.01165	0.01667	0.03185	0.24708	0.00565	0.00386	0.00120	0.00414	0.00471	0.00248	0.00470
32	0.03237	0.02695	0.13709	0.02757	0.08645	0.00749	0.06016	0.09227	0.01830	0.28136	0.06248	0.04962	0.08189	0.00542	0.00408	0.00126	0.00398	0.01209	0.00347	0.00569
33	0.08960	0.06426	0.38215	0.01086	0.06570	0.00909	0.09581	0.05339	0.00926	0.12361	0.00903	0.02151	0.02064	0.00409	0.00374	0.00122	0.00494	0.00340	0.00242	0.02528
34	0.01010	0.05338	0.00985	0.08052	0.04164	0.02438	0.06234	0.01193	0.02350	0.23977	0.04380	0.03204	0.04742	0.04742	0.21429	0.00265	0.00564	0.04135	0.00312	0.00484
35	0.06782	0.04079	0.23857	0.03975	0.43056	0.00925	0.01148	0.03136	0.00891	0.04499	0.00799	0.03677	0.00653	0.00398	0.00378	0.00121	0.00478	0.00350	0.00212	0.00587
36	0.00845	0.00824	0.06659	0.15053	0.21505	0.04610	0.07206	0.01050	0.00887	0.06749	0.04389	0.19099	0.06084	0.00633	0.00432	0.00133	0.00426	0.02658	0.00271	0.00485
37	0.11183	0.02580	0.24419	0.06242	0.16024	0.03686	0.05923	0.01254	0.05609	0.07176	0.01032	0.06766	0.03799	0.00468	0.00382	0.00125	0.00459	0.00398	0.00244	0.02231

[dist]
# distance from previous block
# <min> <max>
3	145

[block]
# block no. 3 follows, 68 sequences, length 20
# corresponding to MSA columns:
# 430-449
name=unknown_D
#
# <colnr> <probs for GDERKNQSTAVLIFYWHMCP>
#	G	D	E	R	K	N	Q	S	T	A	V	L	I	F	Y	W	H	M	C	P
0	0.02608	0.07344	0.24351	0.02595	0.02519	0.06714	0.06727	0.06845	0.04996	0.04977	0.03923	0.08674	0.06578	0.01775	0.02768	0.00143	0.03451	0.00447	0.00261	0.02304
1	0.03452	0.06289	0.26516	0.04140	0.04210	0.17264	0.04043	0.02828	0.01894	0.11933	0.04044	0.02081	0.02333	0.00446	0.00386	0.00117	0.01422	0.01566	0.00251	0.04784
2	0.23998	0.00927	0.05648	0.09292	0.24757	0.00885	0.04826	0.03575	0.00931	0.12477	0.01001	0.01154	0.03478	0.00508	0.02061	0.00146	0.00454	0.00365	0.00285	0.03231
3	0.02357	0.03439	0.05673	0.08653	0.10000	0.16306	0.04695	0.04864	0.22735	0.01324	0.01038	0.05096	0.00866	0.00489	0.00421	0.00123	0.03408	0.02265	0.00272	0.05979
4	0.06483	0.03167	0.19916	0.03838	0.02945	0.03191	0.10613	0.04446	0.08806	0.08413	0.09514	0.01620	0.09824	0.00534	0.00405	0.00127	0.00427	0.03254	0.00294	0.02183
5	0.01149	0.36296	0.03461	0.03252	0.07623	0.01020	0.00696	0.01334	0.02892	0.22672	0.05702	0.03299	0.01015	0.00486	0.00353	0.00111	0.00385	0.05865	0.00296	0.02094
6	0.00907	0.36751	0.04823	0.00746	0.01082	0.01013	0.08668	0.01090	0.00857	0.01167	0.08791	0.00980	0.00863	0.00371	0.00315	0.00086	0.00387	0.00298	0.00221	0.30585
7	0.00599	0.00457	0.00682	0.00688	0.00763	0.00443	0.07541	0.00717	0.00790	0.01045	0.01831	0.30981	0.02067	0.19531	0.00846	0.00215	0.00350	0.29789	0.00325	0.00338
8	0.01553	0.04119	0.01122	0.00862	0.03508	0.00899	0.03011	0.34405	0.01392	0.40270	0.01235	0.02609	0.00846	0.00521	0.01658	0.00128	0.00403	0.00388	0.00417	0.00652
9	0.00942	0.36449	0.03835	0.01041	0.04738	0.05484	0.24699	0.01142	0.00891	0.01117	0.07090	0.05352	0.04681	0.00454	0.00370	0.00112	0.00480	0.00410	0.00221	0.00493
10	0.00548	0.00405	0.00512	0.00485	0.00584	0.00369	0.00364	0.00723	0.01091	0.01517	0.72176	0.03082	0.14994	0.00838	0.00468	0.00126	0.00189	0.00734	0.00427	0.00369
11	0.01770	0.00689	0.00929	0.00712	0.01019	0.00604	0.00588	0.04567	0.01159	0.81198	0.01544	0.01336	0.00971	0.00490	0.00399	0.00123	0.00341	0.00397	0.00488	0.00675
12	0.00822	0.00705	0.00822	0.00587	0.00940	0.00529	0.00470	0.00998	0.00822	0.01292	0.00705	0.00822	0.00587	0.00294	0.00294	0.00059	0.00294	0.00235	0.00235	0.88490
13	0.01044	0.80428	0.04943	0.00707	0.01043	0.01534	0.00713	0.01182	0.00800	0.00945	0.00556	0.00651	0.00509	0.00353	0.00294	0.00089	0.03312	0.00219	0.00170	0.00509
14	0.85779	0.00812	0.03507	0.00543	0.00800	0.00891	0.00466	0.01169	0.00680	0.01761	0.00558	0.00651	0.00432	0.00368	0.00250	0.00123	0.00317	0.00217	0.00243	0.00435
15	0.85745	0.00779	0.00604	0.00535	0.00783	0.00902	0.00441	0.04064	0.00717	0.01805	0.00566	0.00655	0.00438	0.00372	0.00251	0.00123	0.00311	0.00220	0.00251	0.00438
16	0.38454	0.00714	0.00778	0.00628	0.00909	0.00712	0.00518	0.01609	0.00941	0.49297	0.01138	0.01052	0.00749	0.00439	0.00334	0.00123	0.00324	0.00321	0.00387	0.00571
17	0.00749	0.00705	0.01189	0.85113	0.02731	0.00881	0.01101	0.01013	0.00793	0.01013	0.00705	0.01057	0.00529	0.00396	0.00396	0.00132	0.00529	0.00352	0.00176	0.00440
18	0.00962	0.00745	0.01097	0.09433	0.29546	0.03675	0.02711	0.02776	0.00896	0.12686	0.07982	0.04431	0.01143	0.15393	0.02611	0.00181	0.02501	0.00457	0.00274	0.00499
19	0.01011	0.00921	0.01213	0.20070	0.26551	0.09385	0.00916	0.09368	0.00976	0.04750	0.03666	0.02429	0.00771	0.03463	0.00507	0.00130	0.06262	0.00369	0.00239	0.07004

[dist]
# distance from previous block
# <min> <max>
4	6

[block]
# block no. 4 follows, 68 sequences, length 44
# corresponding to MSA columns:
# 456-458,460-466,470-503
name=unknown_E
#
# <colnr> <probs for GDERKNQSTAVLIFYWHMCP>
#	G	D	E	R	K	N	Q	S	T	A	V	L	I	F	Y	W	H	M	C	P
0	0.00983	0.00985	0.01539	0.14582	0.61909	0.07376	0.04456	0.01217	0.00905	0.01227	0.00732	0.00976	0.00603	0.00363	0.00393	0.00119	0.00506	0.00350	0.00194	0.00583
1	0.00813	0.00770	0.01305	0.62409	0.24936	0.00898	0.01133	0.01069	0.00823	0.01091	0.00716	0.01036	0.00556	0.00385	0.00395	0.00128	0.00513	0.00353	0.00182	0.00492
2	0.00973	0.00937	0.01611	0.05031	0.79316	0.00941	0.02921	0.01212	0.00900	0.01286	0.00746	0.00986	0.00624	0.00354	0.00394	0.00119	0.00477	0.00356	0.00196	0.00620
3	0.01018	0.00845	0.00897	0.00803	0.01030	0.00970	0.00626	0.02100	0.79602	0.04951	0.01612	0.01474	0.01201	0.00536	0.00403	0.00134	0.00315	0.00446	0.00407	0.00629
4	0.00805	0.00762	0.01290	0.65200	0.22206	0.00896	0.01129	0.01062	0.00819	0.01081	0.00715	0.01039	0.00553	0.00386	0.00395	0.00129	0.00515	0.00353	0.00181	0.00486
5	0.00969	0.01066	0.02245	0.01664	0.05666	0.01012	0.74145	0.05640	0.00984	0.01338	0.00808	0.01059	0.00607	0.00343	0.00461	0.00132	0.00647	0.00457	0.00211	0.00546
6	0.00499	0.00382	0.00458	0.00483	0.00565	0.00341	0.00345	0.00612	0.00912	0.01193	0.25231	0.33201	0.32272	0.01037	0.00482	0.00141	0.00208	0.00909	0.00387	0.00341
7	0.01016	0.01046	0.01323	0.11314	0.39935	0.15875	0.00996	0.03938	0.02656	0.01198	0.00917	0.01113	0.05700	0.00458	0.00502	0.00125	0.10772	0.00367	0.00214	0.00536
8	0.00661	0.02309	0.00671	0.02717	0.04666	0.00484	0.00505	0.01844	0.00914	0.05397	0.23567	0.35052	0.03700	0.00952	0.00512	0.00147	0.03676	0.11465	0.00368	0.00390
9	0.02480	0.00427	0.00585	0.04002	0.00766	0.00436	0.00507	0.00721	0.00824	0.01125	0.09971	0.28101	0.02204	0.05174	0.12172	0.00239	0.00409	0.29170	0.00336	0.00350
10	0.01106	0.75388	0.01966	0.00764	0.04089	0.06293	0.00700	0.01236	0.00839	0.03743	0.00596	0.00677	0.00529	0.00349	0.00270	0.00088	0.00440	0.00226	0.00183	0.00516
11	0.00835	0.14811	0.71603	0.01062	0.01610	0.01019	0.01346	0.01245	0.00832	0.01207	0.00687	0.00807	0.00503	0.00371	0.00358	0.00119	0.00561	0.00281	0.00168	0.00574
12	0.05233	0.04919	0.21066	0.01133	0.07374	0.29081	0.07812	0.02716	0.02288	0.09531	0.00770	0.00875	0.00583	0.00411	0.00415	0.00118	0.04603	0.00309	0.00229	0.00536
13	0.01347	0.03982	0.01300	0.01552	0.41421	0.00803	0.00897	0.01558	0.02569	0.38821	0.01127	0.01145	0.00795	0.00419	0.00390	0.00119	0.00406	0.00371	0.00333	0.00645
14	0.00849	0.00807	0.01369	0.49637	0.37427	0.00907	0.01151	0.01100	0.00840	0.01134	0.00722	0.01025	0.00571	0.00378	0.00395	0.00126	0.00504	0.00353	0.00185	0.00521
15	0.00940	0.00903	0.01549	0.16704	0.68263	0.00933	0.02548	0.01183	0.00884	0.01246	0.00740	0.00996	0.00610	0.00360	0.00394	0.00121	0.00484	0.00355	0.00193	0.00594
16	0.00482	0.00347	0.00458	0.00546	0.00573	0.00323	0.00365	0.00553	0.00765	0.01015	0.02264	0.82264	0.06114	0.01232	0.00504	0.00160	0.00229	0.01115	0.00368	0.00323
17	0.00749	0.00705	0.01189	0.85113	0.02731	0.00881	0.01101	0.01013	0.00793	0.01013	0.00705	0.01057	0.00529	0.00396	0.00396	0.00132	0.00529	0.00352	0.00176	0.00440
18	0.00570	0.00410	0.00563	0.00563	0.00608	0.00455	0.00403	0.00660	0.00615	0.00865	0.01130	0.01936	0.01155	0.33261	0.54432	0.00545	0.00815	0.00480	0.00223	0.00313
19	0.00795	0.02051	0.84011	0.01130	0.01716	0.00921	0.01465	0.01256	0.00837	0.01256	0.00712	0.00837	0.00502	0.00377	0.00377	0.00126	0.00586	0.00293	0.00167	0.00586
20	0.00795	0.02051	0.84011	0.01130	0.01716	0.00921	0.01465	0.01256	0.00837	0.01256	0.00712	0.00837	0.00502	0.00377	0.00377	0.00126	0.00586	0.00293	0.00167	0.00586
21	0.00598	0.00446	0.00593	0.00578	0.00609	0.00508	0.00410	0.00669	0.00606	0.00853	0.01101	0.01980	0.01159	0.41538	0.38558	0.00478	0.08298	0.00489	0.00222	0.00308
22	0.00566	0.00425	0.00637	0.00637	0.00708	0.00496	0.00496	0.00708	0.00637	0.00920	0.01062	0.01558	0.00991	0.02974	0.84494	0.00637	0.01062	0.00425	0.00212	0.00354
23	0.00822	0.00705	0.00822	0.00587	0.00940	0.00529	0.00470	0.00998	0.00822	0.01292	0.00705	0.00822	0.00587	0.00294	0.00294	0.00059	0.00294	0.00235	0.00235	0.88490
24	0.00689	0.00344	0.00517	0.00517	0.00517	0.00344	0.00344	0.00517	0.00517	0.00689	0.00689	0.01205	0.00689	0.01377	0.01550	0.88464	0.00344	0.00344	0.00172	0.00172
25	0.00561	0.00405	0.00530	0.00499	0.00592	0.00374	0.00374	0.00748	0.01122	0.01590	0.83383	0.02962	0.03741	0.00811	0.00468	0.00125	0.00187	0.00717	0.00436	0.00374
26	0.00547	0.00405	0.00524	0.00594	0.00670	0.00382	0.00467	0.00673	0.00863	0.01113	0.04845	0.32748	0.19147	0.01120	0.00515	0.00163	0.00279	0.34233	0.00369	0.00344
27	0.00795	0.02051	0.84011	0.01130	0.01716	0.00921	0.01465	0.01256	0.00837	0.01256	0.00712	0.00837	0.00502	0.00377	0.00377	0.00126	0.00586	0.00293	0.00167	0.00586
28	0.01060	0.86304	0.02078	0.00678	0.01018	0.01569	0.00678	0.01187	0.00806	0.00933	0.00551	0.00636	0.00509	0.00339	0.00254	0.00085	0.00424	0.00212	0.00170	0.00509
29	0.00574	0.00409	0.00566	0.00566	0.00611	0.00454	0.00407	0.00658	0.00613	0.00862	0.01109	0.01883	0.01127	0.29991	0.54545	0.03809	0.00815	0.00471	0.00220	0.00310
30	0.01088	0.72600	0.03556	0.00718	0.01050	0.03927	0.00698	0.05798	0.05478	0.01069	0.00638	0.00707	0.00557	0.00361	0.00276	0.00091	0.00430	0.00236	0.00196	0.00525
31	0.81433	0.00759	0.00612	0.00537	0.00788	0.00863	0.00442	0.01231	0.00714	0.08785	0.00638	0.00704	0.00477	0.00379	0.00258	0.00123	0.00309	0.00230	0.00266	0.00450
32	0.00845	0.05381	0.04847	0.01524	0.38213	0.00810	0.05332	0.04999	0.00866	0.01210	0.01014	0.12632	0.00976	0.03035	0.16309	0.00228	0.00559	0.00474	0.00231	0.00514
33	0.01435	0.01820	0.01227	0.01077	0.01298	0.77349	0.07713	0.01557	0.01108	0.00996	0.00629	0.00745	0.00518	0.00402	0.00367	0.00105	0.00711	0.00274	0.00204	0.00466
34	0.00930	0.00721	0.00786	0.00705	0.00897	0.02417	0.00546	0.01660	0.49343	0.08619	0.23257	0.01940	0.05228	0.00622	0.00422	0.00130	0.00286	0.00527	0.00414	0.00549
35	0.00648	0.00364	0.00518	0.00518	0.00528	0.00375	0.00346	0.00557	0.00546	0.00739	0.00856	0.01534	0.00884	0.18475	0.14006	0.57838	0.00459	0.00403	0.00192	0.00213
36	0.00558	0.00405	0.00526	0.00496	0.00591	0.00373	0.00372	0.00742	0.01115	0.01573	0.80824	0.02989	0.06311	0.00817	0.00468	0.00125	0.00187	0.00721	0.00434	0.00373
37	0.88866	0.00767	0.00583	0.00521	0.00767	0.00889	0.00429	0.01166	0.00675	0.01779	0.00552	0.00644	0.00429	0.00368	0.00245	0.00123	0.00307	0.00215	0.00245	0.00429
38	0.01432	0.01430	0.01226	0.01006	0.01276	0.36903	0.06321	0.38318	0.05331	0.01719	0.00828	0.00883	0.00625	0.00440	0.00385	0.00114	0.00566	0.00325	0.00301	0.00570
39	0.00566	0.00425	0.00637	0.00637	0.00708	0.00496	0.00496	0.00708	0.00637	0.00920	0.01062	0.01558	0.00991	0.02974	0.84494	0.00637	0.01062	0.00425	0.00212	0.00354
40	0.00809	0.04656	0.78380	0.01136	0.01708	0.00944	0.04466	0.01254	0.00840	0.01246	0.00710	0.00840	0.00506	0.00374	0.00376	0.00125	0.00584	0.00297	0.00169	0.00582
41	0.03975	0.00677	0.00912	0.00701	0.01006	0.00590	0.00579	0.01913	0.01123	0.81797	0.01539	0.01332	0.00968	0.00488	0.00395	0.00123	0.00337	0.00394	0.00485	0.00669
42	0.74237	0.00780	0.00701	0.00595	0.00854	0.00874	0.03519	0.03788	0.00767	0.09883	0.00674	0.00739	0.00498	0.00382	0.00274	0.00123	0.00327	0.00247	0.00273	0.00465
43	0.01419	0.01506	0.01179	0.00998	0.01241	0.49091	0.05754	0.24204	0.01304	0.04359	0.00826	0.04739	0.00676	0.00464	0.00384	0.00112	0.00598	0.00342	0.00276	0.00526

[dist]
# distance from previous block
# <min> <max>
3	5

[block]
# block no. 5 follows, 68 sequences, length 8
# corresponding to MSA columns:
# 510-517
name=unknown_F
#
# <colnr> <probs for GDERKNQSTAVLIFYWHMCP>
#	G	D	E	R	K	N	Q	S	T	A	V	L	I	F	Y	W	H	M	C	P
0	0.00627	0.00518	0.00807	0.00742	0.00822	0.00609	0.05921	0.00767	0.00650	0.00939	0.00991	0.01502	0.00935	0.07286	0.64261	0.00534	0.11084	0.00427	0.00209	0.00369
1	0.00717	0.00417	0.00515	0.00477	0.00589	0.00390	0.00363	0.00900	0.01036	0.08464	0.51934	0.02382	0.02694	0.00679	0.00405	0.00115	0.00199	0.00586	0.26740	0.00398
2	0.00518	0.00369	0.00490	0.00567	0.00604	0.00350	0.00401	0.00608	0.00796	0.01064	0.08026	0.61993	0.02574	0.06861	0.00611	0.00177	0.00258	0.13043	0.00364	0.00327
3	0.00541	0.00374	0.00468	0.00520	0.00540	0.00364	0.00342	0.00592	0.00697	0.00926	0.01770	0.40758	0.02073	0.38032	0.01167	0.00260	0.00312	0.09662	0.00312	0.00291
4	0.00871	0.00602	0.00722	0.00628	0.00793	0.00613	0.00497	0.21081	0.01223	0.07199	0.36694	0.02347	0.11290	0.00975	0.09687	0.00183	0.00363	0.03376	0.00396	0.00462
5	0.00695	0.00433	0.00547	0.00532	0.00612	0.00406	0.00378	0.00794	0.00840	0.09355	0.21939	0.14530	0.02196	0.31688	0.01029	0.00227	0.00303	0.09493	0.00346	0.03655
6	0.00955	0.41045	0.25310	0.01112	0.12525	0.01250	0.04220	0.01197	0.00819	0.01089	0.00631	0.00774	0.00528	0.00377	0.00393	0.00109	0.06673	0.00274	0.00174	0.00543
7	0.20444	0.13907	0.01332	0.04127	0.27424	0.18012	0.03490	0.01262	0.00877	0.01271	0.00646	0.00800	0.00537	0.00364	0.00331	0.00109	0.00479	0.00280	0.00206	0.04102

[dist]
# distance from previous block
# <min> <max>
0	2

[block]
# block no. 6 follows, 68 sequences, length 35
# corresponding to MSA columns:
# 523-557
name=unknown_G
#
# <colnr> <probs for GDERKNQSTAVLIFYWHMCP>
#	G	D	E	R	K	N	Q	S	T	A	V	L	I	F	Y	W	H	M	C	P
0	0.37573	0.34590	0.01318	0.00806	0.08373	0.09567	0.00632	0.01221	0.00792	0.01321	0.00575	0.00678	0.00487	0.00359	0.00273	0.00105	0.00409	0.00230	0.00207	0.00482
1	0.31441	0.00912	0.04251	0.00752	0.03569	0.00959	0.00613	0.36033	0.01224	0.02006	0.00850	0.00923	0.00634	0.00429	0.00325	0.00116	0.00360	0.00307	0.13758	0.00538
2	0.00577	0.00384	0.00432	0.00432	0.00432	0.00384	0.00240	0.00577	0.00577	0.00769	0.01249	0.02595	0.01441	0.86066	0.02018	0.00384	0.00384	0.00577	0.00240	0.00240
3	0.00962	0.00881	0.01254	0.01651	0.44699	0.00936	0.00926	0.01573	0.36152	0.01442	0.01253	0.01311	0.04260	0.00459	0.00400	0.00126	0.00392	0.00414	0.00292	0.00616
4	0.00627	0.00448	0.00625	0.00716	0.00802	0.00446	0.00618	0.00800	0.00901	0.01173	0.02106	0.10818	0.02308	0.01107	0.00544	0.00181	0.00355	0.74699	0.00365	0.00362
5	0.00566	0.00423	0.00492	0.00485	0.00601	0.00380	0.00366	0.00729	0.03541	0.03854	0.29903	0.11222	0.40536	0.00936	0.00471	0.00135	0.00214	0.04382	0.00396	0.00368
6	0.00822	0.00705	0.00822	0.00587	0.00940	0.00529	0.00470	0.00998	0.00822	0.01292	0.00705	0.00822	0.00587	0.00294	0.00294	0.00059	0.00294	0.00235	0.00235	0.88490
7	0.01467	0.00620	0.00817	0.00650	0.00902	0.00555	0.00528	0.04921	0.01138	0.59263	0.16102	0.01631	0.01464	0.00545	0.00401	0.00120	0.00302	0.00451	0.07524	0.00597
8	0.00928	0.44405	0.42823	0.00903	0.01365	0.01247	0.01070	0.01221	0.00821	0.01093	0.00631	0.00736	0.00506	0.00358	0.00315	0.00105	0.00505	0.00252	0.00169	0.00547
9	0.00981	0.00942	0.01609	0.02434	0.83592	0.00942	0.01217	0.01217	0.00903	0.01295	0.00746	0.00981	0.00628	0.00353	0.00393	0.00118	0.00471	0.00353	0.00196	0.00628
10	0.00564	0.00403	0.00518	0.00493	0.00570	0.00380	0.00357	0.00719	0.01015	0.01431	0.66867	0.02849	0.03262	0.14847	0.03857	0.00186	0.00252	0.00683	0.00396	0.00351
11	0.00566	0.00425	0.00637	0.00637	0.00708	0.00496	0.00496	0.00708	0.00637	0.00920	0.01062	0.01558	0.00991	0.02974	0.84494	0.00637	0.01062	0.00425	0.00212	0.00354
12	0.00905	0.06450	0.01493	0.31228	0.49910	0.00962	0.01141	0.01144	0.00858	0.01173	0.00719	0.00985	0.00585	0.00367	0.00385	0.00121	0.00488	0.00344	0.00187	0.00555
13	0.00577	0.00384	0.00432	0.00432	0.00432	0.00384	0.00240	0.00577	0.00577	0.00769	0.01249	0.02595	0.01441	0.86066	0.02018	0.00384	0.00384	0.00577	0.00240	0.00240
14	0.00996	0.00878	0.00948	0.00918	0.06443	0.02609	0.00669	0.02038	0.75914	0.01621	0.01537	0.01432	0.01159	0.00523	0.00402	0.00133	0.00332	0.00438	0.00386	0.00624
15	0.01265	0.00731	0.00947	0.00700	0.01034	0.00612	0.03896	0.06198	0.01018	0.35667	0.01080	0.01059	0.00757	0.00388	0.00351	0.00092	0.00336	0.00320	0.00349	0.43201
16	0.00749	0.00705	0.01189	0.85113	0.02731	0.00881	0.01101	0.01013	0.00793	0.01013	0.00705	0.01057	0.00529	0.00396	0.00396	0.00132	0.00529	0.00352	0.00176	0.00440
17	0.01484	0.01815	0.01130	0.01011	0.01226	0.76544	0.00765	0.09269	0.01194	0.01116	0.00645	0.00738	0.00526	0.00415	0.00361	0.00104	0.00688	0.00265	0.00223	0.00480
18	0.00965	0.00963	0.01674	0.09689	0.61712	0.02930	0.13784	0.01216	0.00903	0.01258	0.00748	0.00995	0.00612	0.00355	0.00404	0.00121	0.00513	0.00369	0.00195	0.00593
19	0.00567	0.00422	0.00621	0.00621	0.00686	0.00487	0.00475	0.00697	0.00632	0.00908	0.01077	0.01641	0.01027	0.09644	0.77873	0.00617	0.01008	0.00437	0.00215	0.00345
20	0.01748	0.00725	0.00934	0.00722	0.01025	0.02920	0.00594	0.04485	0.02558	0.77584	0.01519	0.01322	0.00963	0.00489	0.00398	0.00122	0.00351	0.00394	0.00478	0.00668
21	0.00986	0.00852	0.00897	0.00807	0.01031	0.00986	0.00628	0.02107	0.82876	0.01659	0.01614	0.01479	0.01210	0.00538	0.00403	0.00134	0.00314	0.00448	0.00403	0.00628
22	0.00483	0.00345	0.00460	0.00552	0.00575	0.00322	0.00368	0.00552	0.00759	0.01012	0.02185	0.85807	0.02622	0.01242	0.00506	0.00161	0.00230	0.01127	0.00368	0.00322
23	0.00986	0.00852	0.00897	0.00807	0.01031	0.00986	0.00628	0.02107	0.82876	0.01659	0.01614	0.01479	0.01210	0.00538	0.00403	0.00134	0.00314	0.00448	0.00403	0.00628
24	0.00477	0.00369	0.00436	0.00490	0.00559	0.00327	0.00340	0.00559	0.00819	0.01037	0.02946	0.51745	0.36194	0.01143	0.00491	0.00150	0.00218	0.01007	0.00368	0.00327
25	0.00843	0.17374	0.69110	0.01048	0.01589	0.01039	0.01322	0.01243	0.00831	0.01197	0.00682	0.00801	0.00503	0.00370	0.00354	0.00118	0.00557	0.00278	0.00168	0.00572
26	0.00795	0.02051	0.84011	0.01130	0.01716	0.00921	0.01465	0.01256	0.00837	0.01256	0.00712	0.00837	0.00502	0.00377	0.00377	0.00126	0.00586	0.00293	0.00167	0.00586
27	0.01779	0.00675	0.00920	0.00705	0.01012	0.00583	0.00583	0.01932	0.01135	0.83867	0.01564	0.01350	0.00981	0.00491	0.00399	0.00123	0.00337	0.00399	0.00491	0.00675
28	0.00795	0.02051	0.84011	0.01130	0.01716	0.00921	0.01465	0.01256	0.00837	0.01256	0.00712	0.00837	0.00502	0.00377	0.00377	0.00126	0.00586	0.00293	0.00167	0.00586
29	0.01327	0.06468	0.04426	0.01496	0.37263	0.00839	0.02095	0.03443	0.01015	0.36014	0.01082	0.01109	0.00765	0.00414	0.00387	0.00118	0.00418	0.00363	0.00322	0.00638
30	0.00850	0.00856	0.03998	0.46197	0.35114	0.00911	0.04183	0.01112	0.00844	0.01143	0.00725	0.01020	0.00570	0.00376	0.00397	0.00126	0.00512	0.00355	0.00185	0.00524
31	0.00623	0.00439	0.00608	0.00682	0.00757	0.00443	0.00571	0.00770	0.00844	0.01107	0.01910	0.07322	0.02081	0.09327	0.06216	0.02999	0.00406	0.62211	0.00337	0.00345
32	0.00881	0.12795	0.50286	0.01281	0.14668	0.00988	0.06477	0.01235	0.00859	0.03112	0.00825	0.00954	0.03141	0.00388	0.00372	0.00120	0.00534	0.00323	0.00188	0.00573
33	0.00976	0.04621	0.10626	0.07723	0.58674	0.00951	0.05097	0.01235	0.00894	0.04336	0.00764	0.00974	0.00614	0.00362	0.00389	0.00119	0.00490	0.00348	0.00202	0.00603
34	0.08073	0.01338	0.01245	0.01442	0.28670	0.37031	0.00892	0.05557	0.03884	0.01244	0.00699	0.00848	0.00577	0.00415	0.00430	0.00116	0.06489	0.00303	0.00220	0.00529

[dist]
# distance from previous block
# <min> <max>
0	2

[block]
# block no. 7 follows, 68 sequences, length 16
# corresponding to MSA columns:
# 563-578
name=unknown_H
#
# <colnr> <probs for GDERKNQSTAVLIFYWHMCP>
#	G	D	E	R	K	N	Q	S	T	A	V	L	I	F	Y	W	H	M	C	P
0	0.10274	0.01085	0.05061	0.01036	0.07124	0.07514	0.08583	0.36267	0.03305	0.12704	0.00965	0.02653	0.00710	0.00451	0.00386	0.00121	0.00457	0.00365	0.00334	0.00604
1	0.16715	0.01103	0.09627	0.06786	0.04464	0.05382	0.10752	0.27686	0.05741	0.05513	0.01992	0.00971	0.00670	0.00425	0.00376	0.00123	0.00465	0.00345	0.00295	0.00569
2	0.05591	0.00583	0.00680	0.00601	0.00773	0.00588	0.00468	0.04486	0.17750	0.13751	0.39644	0.02295	0.09806	0.00688	0.00430	0.00127	0.00253	0.00585	0.00420	0.00482
3	0.00938	0.00789	0.00962	0.00697	0.01047	0.00666	0.04894	0.14019	0.00995	0.01484	0.00750	0.00856	0.00602	0.00325	0.00319	0.00072	0.00337	0.00267	0.00259	0.69721
4	0.00749	0.00705	0.01189	0.85113	0.02731	0.00881	0.01101	0.01013	0.00793	0.01013	0.00705	0.01057	0.00529	0.00396	0.00396	0.00132	0.00529	0.00352	0.00176	0.00440
5	0.00689	0.00344	0.00517	0.00517	0.00517	0.00344	0.00344	0.00517	0.00517	0.00689	0.00689	0.01205	0.00689	0.01377	0.01550	0.88464	0.00344	0.00344	0.00172	0.00172
6	0.00488	0.00351	0.00455	0.00537	0.00564	0.00327	0.00356	0.00555	0.00754	0.00999	0.02217	0.76147	0.06672	0.06809	0.00604	0.00174	0.00239	0.01076	0.00360	0.00317
7	0.00639	0.00456	0.00639	0.00730	0.00821	0.00456	0.00639	0.00821	0.00913	0.01187	0.02099	0.04472	0.02282	0.01095	0.00548	0.00183	0.00365	0.80924	0.00365	0.00365
8	0.00926	0.00898	0.01566	0.20791	0.59985	0.00933	0.06753	0.01175	0.00881	0.01231	0.00741	0.01004	0.00604	0.00362	0.00399	0.00122	0.00497	0.00361	0.00192	0.00580
9	0.00883	0.00872	0.01296	0.07136	0.18574	0.01134	0.00957	0.01014	0.00682	0.01030	0.00581	0.00905	0.00544	0.00602	0.01047	0.00159	0.61582	0.00349	0.00178	0.00475
10	0.00579	0.00416	0.00569	0.00658	0.00727	0.00406	0.00534	0.00720	0.00859	0.01122	0.02185	0.32990	0.04749	0.01144	0.00531	0.00174	0.00313	0.50610	0.00366	0.00349
11	0.00994	0.36961	0.25852	0.00943	0.04361	0.01167	0.05074	0.04671	0.03213	0.05689	0.00808	0.05377	0.00682	0.00426	0.00360	0.00111	0.02220	0.00329	0.00216	0.00545
12	0.01055	0.40742	0.22810	0.00892	0.01272	0.17213	0.03947	0.01274	0.00880	0.01055	0.00622	0.00729	0.00515	0.00359	0.00316	0.00099	0.00523	0.00252	0.00180	0.05265
13	0.04123	0.13453	0.27244	0.03524	0.08129	0.08740	0.00893	0.04862	0.00922	0.01210	0.01511	0.01557	0.21196	0.00534	0.00378	0.00119	0.00450	0.00420	0.00237	0.00498
14	0.23883	0.02652	0.06802	0.00708	0.00967	0.03977	0.00613	0.20292	0.04511	0.08179	0.17542	0.01393	0.01292	0.00517	0.00367	0.00121	0.00355	0.02442	0.00339	0.03048
15	0.09344	0.00969	0.12754	0.04125	0.06246	0.02173	0.09617	0.04458	0.21379	0.06923	0.07027	0.01566	0.09014	0.00528	0.00403	0.00129	0.00402	0.02095	0.00312	0.00537

[dist]
# distance from previous block
# <min> <max>
20	49

[block]
# block no. 8 follows, 68 sequences, length 25
# corresponding to MSA columns:
# 654-678
name=unknown_I
#
# <colnr> <probs for GDERKNQSTAVLIFYWHMCP>
#	G	D	E	R	K	N	Q	S	T	A	V	L	I	F	Y	W	H	M	C	P
0	0.05496	0.20816	0.06023	0.25919	0.09933	0.03155	0.00906	0.04864	0.03626	0.01179	0.03601	0.00963	0.00669	0.00436	0.00466	0.00122	0.10799	0.00323	0.00207	0.00497
1	0.07131	0.16125	0.01374	0.36737	0.18087	0.02901	0.02041	0.04644	0.00876	0.02292	0.02622	0.02119	0.00653	0.00401	0.00363	0.00119	0.00470	0.00337	0.00207	0.00501
2	0.01037	0.52408	0.12518	0.13267	0.01383	0.07473	0.00850	0.03385	0.00866	0.02700	0.00631	0.00753	0.00525	0.00364	0.00306	0.00100	0.00481	0.00254	0.00185	0.00513
3	0.04764	0.05684	0.01142	0.04870	0.01231	0.30290	0.00733	0.33348	0.06496	0.03373	0.03730	0.00958	0.00740	0.00453	0.00373	0.00113	0.00514	0.00327	0.00305	0.00557
4	0.01209	0.38815	0.10449	0.00837	0.01181	0.01346	0.00801	0.34647	0.01238	0.01614	0.00733	0.00797	0.00577	0.00413	0.00367	0.00107	0.03737	0.00286	0.00263	0.00582
5	0.05730	0.26200	0.27948	0.00934	0.01253	0.09047	0.00971	0.01189	0.00791	0.01091	0.00601	0.00764	0.00505	0.00445	0.00554	0.00123	0.20897	0.00275	0.00177	0.00507
6	0.00889	0.29407	0.22526	0.00777	0.01092	0.10552	0.00797	0.01114	0.00938	0.01200	0.22812	0.01416	0.03953	0.00503	0.00361	0.00109	0.00429	0.00392	0.00250	0.00482
7	0.00953	0.39391	0.41869	0.00904	0.01358	0.01200	0.01056	0.01278	0.03729	0.03921	0.00701	0.00788	0.00546	0.00370	0.00324	0.00108	0.00496	0.00266	0.00188	0.00556
8	0.00486	0.00355	0.00450	0.00524	0.00562	0.00327	0.00352	0.00556	0.00770	0.01007	0.02394	0.69671	0.14015	0.05808	0.00583	0.00169	0.00234	0.01056	0.00361	0.00319
9	0.01060	0.86304	0.02078	0.00678	0.01018	0.01569	0.00678	0.01187	0.00806	0.00933	0.00551	0.00636	0.00509	0.00339	0.00254	0.00085	0.00424	0.00212	0.00170	0.00509
10	0.00572	0.00401	0.00517	0.00517	0.00546	0.00430	0.00346	0.00631	0.00602	0.00831	0.01172	0.02166	0.01255	0.51721	0.36108	0.00489	0.00664	0.00514	0.00229	0.00287
11	0.01032	0.77475	0.10664	0.00726	0.01091	0.01501	0.00761	0.01194	0.00809	0.00967	0.00568	0.00657	0.00508	0.00343	0.00267	0.00089	0.00441	0.00220	0.00169	0.00517
12	0.00847	0.17234	0.65287	0.01044	0.01558	0.01052	0.01294	0.01229	0.00821	0.01183	0.00674	0.00802	0.00504	0.00385	0.00398	0.00120	0.04555	0.00281	0.00168	0.00565
13	0.00812	0.10922	0.71372	0.01052	0.01589	0.00964	0.01330	0.01224	0.00847	0.01237	0.04594	0.00916	0.00656	0.00393	0.00368	0.00121	0.00550	0.00304	0.00180	0.00568
14	0.00577	0.00384	0.00432	0.00432	0.00432	0.00384	0.00240	0.00577	0.00577	0.00769	0.01249	0.02595	0.01441	0.86066	0.02018	0.00384	0.00384	0.00577	0.00240	0.00240
15	0.01500	0.09658	0.01384	0.00937	0.01270	0.00787	0.20369	0.01694	0.01052	0.55234	0.01274	0.01208	0.00840	0.00437	0.00401	0.00121	0.00427	0.00396	0.00387	0.00624
16	0.01060	0.86304	0.02078	0.00678	0.01018	0.01569	0.00678	0.01187	0.00806	0.00933	0.00551	0.00636	0.00509	0.00339	0.00254	0.00085	0.00424	0.00212	0.00170	0.00509
17	0.01060	0.86304	0.02078	0.00678	0.01018	0.01569	0.00678	0.01187	0.00806	0.00933	0.00551	0.00636	0.00509	0.00339	0.00254	0.00085	0.00424	0.00212	0.00170	0.00509
18	0.00795	0.02051	0.84011	0.01130	0.01716	0.00921	0.01465	0.01256	0.00837	0.01256	0.00712	0.00837	0.00502	0.00377	0.00377	0.00126	0.00586	0.00293	0.00167	0.00586
19	0.00795	0.02051	0.84011	0.01130	0.01716	0.00921	0.01465	0.01256	0.00837	0.01256	0.00712	0.00837	0.00502	0.00377	0.00377	0.00126	0.00586	0.00293	0.00167	0.00586
20	0.01779	0.00675	0.00920	0.00705	0.01012	0.00583	0.00583	0.01932	0.01135	0.83867	0.01564	0.01350	0.00981	0.00491	0.00399	0.00123	0.00337	0.00399	0.00491	0.00675
21	0.00822	0.00705	0.00822	0.00587	0.00940	0.00529	0.00470	0.00998	0.00822	0.01292	0.00705	0.00822	0.00587	0.00294	0.00294	0.00059	0.00294	0.00235	0.00235	0.88490
22	0.00469	0.00402	0.00402	0.00402	0.00536	0.00335	0.00301	0.00569	0.00904	0.01071	0.04017	0.03816	0.83432	0.01004	0.00469	0.00134	0.00201	0.00837	0.00368	0.00335
23	0.00556	0.00422	0.00525	0.00569	0.00671	0.00392	0.00464	0.00700	0.00923	0.01178	0.12170	0.09675	0.32787	0.01039	0.00506	0.00156	0.00274	0.36267	0.00375	0.00352
24	0.00999	0.66965	0.20884	0.00782	0.01178	0.01420	0.00859	0.01203	0.00813	0.01007	0.00588	0.00682	0.00507	0.00348	0.00282	0.00094	0.00461	0.00231	0.00169	0.00527

[dist]
# distance from previous block
# <min> <max>
0	1

[block]
# block no. 9 follows, 68 sequences, length 27
# corresponding to MSA columns:
# 680-706
name=unknown_J
#
# <colnr> <probs for GDERKNQSTAVLIFYWHMCP>
#	G	D	E	R	K	N	Q	S	T	A	V	L	I	F	Y	W	H	M	C	P
0	0.01217	0.41664	0.01564	0.00835	0.01098	0.34458	0.00715	0.01334	0.00925	0.02426	0.00598	0.00704	0.00522	0.00391	0.00369	0.00097	0.06170	0.00243	0.00192	0.04478
1	0.00833	0.15630	0.68225	0.01045	0.01576	0.01012	0.01313	0.01231	0.00834	0.01201	0.00728	0.00915	0.00557	0.00392	0.00362	0.00121	0.00553	0.02730	0.00174	0.00567
2	0.00867	0.08803	0.50303	0.01330	0.08282	0.00997	0.21376	0.01250	0.00864	0.01235	0.00723	0.00889	0.00537	0.00361	0.00390	0.00124	0.00584	0.00334	0.00178	0.00570
3	0.00818	0.07060	0.75321	0.01128	0.01691	0.00963	0.05147	0.01252	0.00840	0.01237	0.00706	0.00836	0.00507	0.00372	0.00374	0.00123	0.00580	0.00296	0.00169	0.00579
