[name]
unknown

[dist]
# distance from previous block
# <min> <max>
0	11

[block]
# block no. 0 follows, 68 sequences, length 54
# corresponding to MSA columns:
# 11-64
name=unknown_A
#
# <colnr> <probs for GDERKNQSTAVLIFYWHMCP>
#	G	D	E	R	K	N	Q	S	T	A	V	L	I	F	Y	W	H	M	C	P
0	0.00656	0.00482	0.00655	0.00706	0.00826	0.00461	0.00610	0.00838	0.00911	0.01213	0.04977	0.04014	0.02150	0.00996	0.00517	0.00167	0.00351	0.69046	0.00353	0.10070
1	0.00777	0.00728	0.01019	0.00898	0.00913	0.00984	0.00729	0.00866	0.00611	0.00929	0.00704	0.01178	0.00707	0.09375	0.18771	0.00291	0.59547	0.00385	0.00188	0.00398
2	0.01450	0.01082	0.01158	0.00901	0.01208	0.01203	0.00740	0.73433	0.10795	0.02406	0.01025	0.01010	0.00733	0.00483	0.00397	0.00121	0.00423	0.00367	0.00397	0.00669
3	0.00867	0.00867	0.01214	0.01041	0.01041	0.01214	0.00867	0.00954	0.00607	0.00954	0.00520	0.00867	0.00520	0.00694	0.01301	0.00173	0.85340	0.00347	0.00173	0.00434
4	0.00867	0.00867	0.01214	0.01041	0.01041	0.01214	0.00867	0.00954	0.00607	0.00954	0.00520	0.00867	0.00520	0.00694	0.01301	0.00173	0.85340	0.00347	0.00173	0.00434
5	0.01491	0.01102	0.01181	0.00909	0.01223	0.01222	0.00750	0.79739	0.04422	0.02472	0.00973	0.00969	0.00691	0.00478	0.00397	0.00119	0.00432	0.00360	0.00397	0.00673
6	0.00867	0.00867	0.01214	0.01041	0.01041	0.01214	0.00867	0.00954	0.00607	0.00954	0.00520	0.00867	0.00520	0.00694	0.01301	0.00173	0.85340	0.00347	0.00173	0.00434
7	0.01507	0.01111	0.01190	0.00912	0.01230	0.01230	0.00754	0.82270	0.01864	0.02499	0.00952	0.00952	0.00674	0.00476	0.00397	0.00119	0.00436	0.00357	0.00397	0.00674
8	0.73643	0.00733	0.00631	0.00636	0.05799	0.00830	0.00468	0.01103	0.00708	0.01673	0.01833	0.06218	0.03564	0.00451	0.00282	0.00125	0.00307	0.00310	0.00257	0.00431
9	0.01045	0.53690	0.06152	0.00908	0.01260	0.01361	0.15554	0.06354	0.08069	0.01172	0.00723	0.00819	0.00597	0.00366	0.00321	0.00102	0.00468	0.00292	0.00210	0.00538
10	0.00575	0.00432	0.00634	0.00630	0.00693	0.00504	0.00484	0.00703	0.00631	0.00909	0.01064	0.01627	0.01017	0.09846	0.75561	0.00605	0.03088	0.00436	0.00214	0.00346
11	0.00598	0.00435	0.00517	0.00485	0.00598	0.00405	0.00367	0.04564	0.01082	0.01500	0.53904	0.02948	0.22306	0.00812	0.00449	0.00124	0.00202	0.00700	0.07626	0.00379
12	0.04139	0.00883	0.02439	0.00927	0.04384	0.00853	0.08072	0.27162	0.01320	0.43792	0.01227	0.01156	0.00813	0.00461	0.00399	0.00122	0.00407	0.00383	0.00411	0.00651
13	0.00867	0.00867	0.01214	0.01041	0.01041	0.01214	0.00867	0.00954	0.00607	0.00954	0.00520	0.00867	0.00520	0.00694	0.01301	0.00173	0.85340	0.00347	0.00173	0.00434
14	0.47810	0.00723	0.00742	0.00608	0.00882	0.00745	0.00502	0.01527	0.00892	0.40479	0.01029	0.00977	0.00690	0.00426	0.00318	0.00123	0.00321	0.00301	0.00361	0.00545
15	0.00892	0.01998	0.03070	0.00816	0.05780	0.00728	0.02648	0.13261	0.09252	0.06684	0.36928	0.03269	0.02100	0.00722	0.03157	0.00145	0.07149	0.00538	0.00370	0.00493
16	0.11566	0.71756	0.01853	0.00674	0.00998	0.03092	0.00653	0.03753	0.00830	0.01084	0.00565	0.00649	0.00505	0.00348	0.00260	0.00091	0.00416	0.00218	0.00186	0.00504
17	0.02163	0.02920	0.02195	0.00800	0.04836	0.02412	0.00614	0.14999	0.25937	0.01603	0.01085	0.02381	0.00852	0.00441	0.00367	0.00104	0.01607	0.00352	0.07581	0.26751
18	0.00483	0.00345	0.00460	0.00552	0.00575	0.00322	0.00368	0.00552	0.00759	0.01012	0.02185	0.85807	0.02622	0.01242	0.00506	0.00161	0.00230	0.01127	0.00368	0.00322
19	0.00954	0.36296	0.44565	0.00938	0.01396	0.07367	0.01093	0.01252	0.00846	0.01103	0.00639	0.00746	0.00506	0.00364	0.00326	0.00107	0.00530	0.00257	0.00171	0.00545
20	0.03648	0.39356	0.11924	0.00843	0.01193	0.01227	0.06028	0.14875	0.03130	0.10187	0.00819	0.02378	0.00646	0.00410	0.00347	0.00108	0.01754	0.00308	0.00256	0.00562
21	0.00552	0.00417	0.00509	0.00523	0.00631	0.00382	0.00417	0.00706	0.00979	0.01287	0.30314	0.03657	0.32692	0.00952	0.00486	0.00143	0.00241	0.22565	0.02191	0.00357
22	0.00589	0.00446	0.00531	0.00501	0.00620	0.00418	0.00378	0.00830	0.07948	0.02592	0.53695	0.03048	0.25248	0.00836	0.00462	0.00128	0.00204	0.00723	0.00416	0.00389
23	0.03555	0.11107	0.18648	0.02096	0.06090	0.05656	0.08222	0.07568	0.06902	0.23647	0.01025	0.02106	0.00738	0.00430	0.00378	0.00120	0.00465	0.00355	0.00301	0.00592
24	0.00949	0.00968	0.10651	0.30125	0.10980	0.04917	0.06650	0.02532	0.09392	0.09047	0.00985	0.06687	0.00795	0.00476	0.00433	0.00131	0.03096	0.00415	0.00250	0.00523
25	0.01313	0.00579	0.00784	0.00643	0.00867	0.00522	0.00517	0.01489	0.02284	0.51898	0.24218	0.01819	0.01751	0.00818	0.08462	0.00173	0.00365	0.00490	0.00448	0.00560
26	0.00771	0.00729	0.01970	0.02037	0.14746	0.06812	0.05762	0.04547	0.02061	0.02254	0.09719	0.13277	0.25230	0.00809	0.02852	0.00147	0.04896	0.00634	0.00307	0.00442
27	0.01019	0.12920	0.24626	0.09491	0.16736	0.02298	0.05797	0.08466	0.00964	0.08471	0.00872	0.02544	0.01956	0.00417	0.00391	0.00120	0.01761	0.00348	0.00232	0.00568
28	0.00744	0.00631	0.01031	0.11587	0.20871	0.00640	0.06827	0.00937	0.00873	0.02652	0.01566	0.17516	0.03824	0.00788	0.00474	0.00151	0.00404	0.27743	0.00292	0.00447
29	0.32169	0.05641	0.06602	0.04114	0.19563	0.11835	0.09041	0.01235	0.00829	0.01377	0.00643	0.00806	0.00518	0.00379	0.00370	0.00120	0.03751	0.00291	0.00210	0.00503
30	0.00578	0.00388	0.00444	0.00446	0.00451	0.00390	0.00258	0.00587	0.00587	0.00784	0.01267	0.02614	0.01451	0.81336	0.04411	0.00386	0.00404	0.02727	0.00243	0.00247
31	0.00958	0.09934	0.12615	0.03741	0.13531	0.02783	0.11257	0.04643	0.04945	0.03098	0.03041	0.00988	0.00685	0.00485	0.00655	0.00135	0.25408	0.00357	0.00215	0.00528
32	0.00784	0.00674	0.00784	0.00712	0.00878	0.00741	0.03175	0.01425	0.43118	0.01434	0.12402	0.10227	0.16102	0.00725	0.00482	0.00138	0.04707	0.00612	0.00379	0.00501
33	0.00569	0.00398	0.00522	0.00525	0.00562	0.00420	0.00359	0.00634	0.00649	0.00896	0.06600	0.07009	0.02742	0.39184	0.33400	0.03814	0.00618	0.00555	0.00249	0.00296
34	0.00739	0.00370	0.00370	0.00370	0.00462	0.00370	0.00277	0.00924	0.00831	0.01478	0.01293	0.01478	0.01016	0.00462	0.00277	0.00092	0.00185	0.00370	0.88267	0.00370
35	0.00497	0.00354	0.00468	0.00555	0.00580	0.00333	0.00375	0.00568	0.00756	0.01007	0.02123	0.76283	0.02532	0.06411	0.00601	0.00176	0.00247	0.05455	0.00360	0.00319
36	0.00999	0.00858	0.00904	0.00810	0.01036	0.00992	0.00631	0.04154	0.80807	0.01680	0.01597	0.01466	0.01197	0.00536	0.00403	0.00134	0.00317	0.00446	0.00403	0.00629
37	0.00795	0.02051	0.84011	0.01130	0.01716	0.00921	0.01465	0.01256	0.00837	0.01256	0.00712	0.00837	0.00502	0.00377	0.00377	0.00126	0.00586	0.00293	0.00167	0.00586
38	0.00867	0.00867	0.01214	0.01041	0.01041	0.01214	0.00867	0.00954	0.00607	0.00954	0.00520	0.00867	0.00520	0.00694	0.01301	0.00173	0.85340	0.00347	0.00173	0.00434
39	0.00656	0.00465	0.00631	0.00699	0.00801	0.00460	0.00603	0.00857	0.02954	0.02899	0.06717	0.04212	0.07102	0.01048	0.00532	0.00174	0.00344	0.68097	0.00373	0.00377
40	0.00822	0.00705	0.00822	0.00587	0.00940	0.00529	0.00470	0.00998	0.00822	0.01292	0.00705	0.00822	0.00587	0.00294	0.00294	0.00059	0.00294	0.00235	0.00235	0.88490
41	0.00749	0.00705	0.01189	0.85113	0.02731	0.00881	0.01101	0.01013	0.00793	0.01013	0.00705	0.01057	0.00529	0.00396	0.00396	0.00132	0.00529	0.00352	0.00176	0.00440
42	0.00524	0.01845	0.00515	0.00541	0.00604	0.00389	0.00383	0.02264	0.00797	0.01046	0.03475	0.53211	0.18119	0.02502	0.11606	0.00219	0.00343	0.00933	0.00344	0.00339
43	0.01093	0.28423	0.11542	0.02709	0.07024	0.09527	0.04296	0.16022	0.05880	0.01340	0.00781	0.00926	0.00640	0.03031	0.03869	0.00139	0.01667	0.00312	0.00235	0.00543
44	0.02514	0.08513	0.09677	0.00912	0.02296	0.15585	0.05641	0.21191	0.01178	0.13911	0.00915	0.03128	0.00698	0.00478	0.01884	0.00119	0.00487	0.00339	0.00296	0.10238
45	0.01034	0.04575	0.11712	0.04941	0.40649	0.04876	0.06802	0.04489	0.09008	0.05701	0.00864	0.01012	0.00673	0.00393	0.00402	0.00121	0.01561	0.00355	0.00235	0.00598
46	0.00629	0.06179	0.04552	0.00617	0.00706	0.02188	0.00482	0.00751	0.02197	0.00933	0.01269	0.18461	0.01355	0.22607	0.32641	0.00388	0.02869	0.00577	0.00248	0.00350
47	0.00487	0.00355	0.00460	0.00543	0.00579	0.00328	0.00371	0.00563	0.00779	0.01024	0.02367	0.74804	0.10738	0.01213	0.00504	0.00159	0.00232	0.03803	0.00368	0.00325
48	0.00566	0.00425	0.00637	0.00637	0.00708	0.00496	0.00496	0.00708	0.00637	0.00920	0.01062	0.01558	0.00991	0.02974	0.84494	0.00637	0.01062	0.00425	0.00212	0.00354
49	0.00827	0.02560	0.00849	0.00589	0.00941	0.00551	0.00474	0.01002	0.00822	0.01284	0.00701	0.00818	0.00586	0.00295	0.00293	0.00059	0.00296	0.00234	0.00233	0.86583
50	0.00795	0.02051	0.84011	0.01130	0.01716	0.00921	0.01465	0.01256	0.00837	0.01256	0.00712	0.00837	0.00502	0.00377	0.00377	0.00126	0.00586	0.00293	0.00167	0.00586
51	0.00795	0.02051	0.84011	0.01130	0.01716	0.00921	0.01465	0.01256	0.00837	0.01256	0.00712	0.00837	0.00502	0.00377	0.00377	0.00126	0.00586	0.00293	0.00167	0.00586
52	0.00690	0.00649	0.05247	0.07049	0.07921	0.00584	0.03613	0.03303	0.07538	0.03558	0.04547	0.11320	0.37244	0.02176	0.01495	0.00144	0.01495	0.00671	0.00325	0.00432
53	0.00984	0.11368	0.40266	0.02114	0.01368	0.00975	0.02176	0.08852	0.09742	0.07930	0.00929	0.02170	0.00702	0.01976	0.00427	0.00126	0.03156	0.00339	0.03830	0.00570

[dist]
# distance from previous block
# <min> <max>
0	14

[block]
# block no. 1 follows, 68 sequences, length 24
# corresponding to MSA columns:
# 79-102
name=unknown_B
#
# <colnr> <probs for GDERKNQSTAVLIFYWHMCP>
#	G	D	E	R	K	N	Q	S	T	A	V	L	I	F	Y	W	H	M	C	P
0	0.00837	0.04848	0.10212	0.02543	0.02913	0.02040	0.06320	0.07310	0.04699	0.06438	0.03179	0.06932	0.02293	0.05648	0.26091	0.00299	0.00624	0.06042	0.00273	0.00460
1	0.05265	0.31382	0.05975	0.00765	0.01062	0.05126	0.00688	0.09771	0.23134	0.08083	0.03139	0.01075	0.02045	0.00448	0.00341	0.00111	0.00397	0.00335	0.00297	0.00563
2	0.00622	0.00497	0.01920	0.00546	0.00681	0.00448	0.00413	0.00859	0.09933	0.02382	0.15425	0.27371	0.20200	0.00910	0.02079	0.00140	0.00254	0.00750	0.04646	0.09921
3	0.02366	0.08626	0.13526	0.10989	0.20149	0.06479	0.02099	0.08407	0.06640	0.09936	0.02378	0.01081	0.02012	0.00423	0.00376	0.00118	0.00461	0.00351	0.03017	0.00566
4	0.02818	0.11839	0.04655	0.11889	0.05308	0.14010	0.04029	0.10267	0.12365	0.02588	0.03385	0.02933	0.02061	0.06489	0.00504	0.00137	0.01854	0.00383	0.01979	0.00505
5	0.00483	0.00345	0.00460	0.00552	0.00575	0.00322	0.00368	0.00552	0.00759	0.01012	0.02185	0.85807	0.02622	0.01242	0.00506	0.00161	0.00230	0.01127	0.00368	0.00322
6	0.02390	0.05472	0.11414	0.04330	0.10685	0.07058	0.15951	0.05797	0.00982	0.09151	0.06700	0.05132	0.05634	0.01792	0.00451	0.00131	0.01581	0.04560	0.00274	0.00515
7	0.03445	0.15204	0.23517	0.03536	0.06949	0.04840	0.09068	0.09043	0.06218	0.05701	0.02411	0.04462	0.00801	0.00455	0.00379	0.00121	0.00484	0.02565	0.00250	0.00552
8	0.01038	0.16902	0.01580	0.02969	0.15116	0.15755	0.19687	0.04523	0.06724	0.01222	0.03354	0.04087	0.04419	0.00448	0.00389	0.00117	0.00511	0.00402	0.00236	0.00522
9	0.00579	0.00385	0.00441	0.00441	0.00443	0.00387	0.00251	0.00579	0.00577	0.00772	0.01229	0.02527	0.01408	0.81305	0.04624	0.02601	0.00405	0.00566	0.00238	0.00242
10	0.03806	0.18568	0.15011	0.05407	0.11568	0.08133	0.06105	0.07893	0.05339	0.04987	0.02082	0.06048	0.02475	0.00459	0.00370	0.00117	0.00471	0.00378	0.00245	0.00539
11	0.03788	0.05128	0.03044	0.12725	0.24322	0.19571	0.04791	0.10534	0.02541	0.08630	0.00809	0.00946	0.00620	0.00400	0.00379	0.00117	0.00519	0.00331	0.00248	0.00558
12	0.00571	0.00408	0.00551	0.00551	0.00592	0.00449	0.00389	0.00653	0.00612	0.00857	0.01141	0.01992	0.01180	0.37814	0.49912	0.00531	0.00778	0.00488	0.00224	0.00306
13	0.00539	0.00403	0.00548	0.00588	0.00637	0.00414	0.00430	0.00647	0.00793	0.01085	0.13589	0.44646	0.04998	0.02906	0.16213	0.00249	0.04381	0.06252	0.00337	0.00343
14	0.03665	0.05098	0.16552	0.04241	0.22319	0.08555	0.04282	0.03595	0.06718	0.05010	0.08349	0.01224	0.02139	0.00465	0.00438	0.00124	0.04939	0.01493	0.00250	0.00545
15	0.00889	0.00865	0.01194	0.01051	0.03166	0.01178	0.00852	0.03687	0.04326	0.01044	0.00604	0.00919	0.00572	0.00733	0.03471	0.00181	0.74267	0.00354	0.00193	0.00453
16	0.01671	0.00692	0.00915	0.00708	0.01001	0.00621	0.00582	0.08471	0.01194	0.71369	0.07272	0.01430	0.01150	0.00512	0.00403	0.00123	0.00335	0.00418	0.00479	0.00654
17	0.00956	0.00876	0.03805	0.19027	0.16109	0.04096	0.14040	0.09414	0.04043	0.06081	0.02506	0.09573	0.03196	0.00539	0.01480	0.00135	0.00475	0.00470	0.02659	0.00520
18	0.01006	0.09632	0.18512	0.14711	0.14147	0.00897	0.06218	0.03844	0.04198	0.13765	0.03664	0.05888	0.00865	0.00460	0.00391	0.00124	0.00462	0.00400	0.00261	0.00554
19	0.00491	0.00389	0.00446	0.00463	0.00561	0.00344	0.00337	0.00601	0.00898	0.01142	0.17221	0.23510	0.47281	0.01093	0.03248	0.00155	0.00234	0.00873	0.00375	0.00339
20	0.00936	0.00969	0.01871	0.11354	0.40077	0.00961	0.35433	0.01217	0.00904	0.01253	0.00765	0.01027	0.00606	0.00350	0.00425	0.00126	0.00561	0.00402	0.00196	0.00568
21	0.02507	0.05360	0.08810	0.03417	0.12177	0.06801	0.08974	0.11085	0.07883	0.16625	0.01125	0.08903	0.00923	0.00513	0.00416	0.00126	0.01703	0.01778	0.00307	0.00567
22	0.00916	0.05912	0.04784	0.33622	0.18949	0.02892	0.05651	0.03990	0.05908	0.03839	0.02208	0.01118	0.02655	0.00433	0.00446	0.00127	0.05439	0.00371	0.00222	0.00518
23	0.04905	0.03002	0.09149	0.04681	0.04954	0.04673	0.00687	0.06830	0.04455	0.01278	0.11607	0.05497	0.07781	0.01100	0.17936	0.00234	0.07684	0.00469	0.00272	0.02805

[dist]
# distance from previous block
# <min> <max>
1	10

[block]
# block no. 2 follows, 68 sequences, length 10
# corresponding to MSA columns:
# 113-122
name=unknown_C
#
# <colnr> <probs for GDERKNQSTAVLIFYWHMCP>
#	G	D	E	R	K	N	Q	S	T	A	V	L	I	F	Y	W	H	M	C	P
0	0.00817	0.00661	0.00739	0.00704	0.00874	0.00717	0.00549	0.01488	0.45602	0.03242	0.04997	0.13407	0.09614	0.00759	0.00444	0.00142	0.00294	0.11980	0.00389	0.02581
1	0.01073	0.02676	0.06006	0.08716	0.42199	0.12519	0.03999	0.02789	0.06546	0.06033	0.00825	0.00991	0.00651	0.00397	0.00414	0.00120	0.02891	0.00347	0.00228	0.00579
2	0.00510	0.00393	0.00421	0.00424	0.00514	0.00350	0.00294	0.00591	0.00825	0.01036	0.08334	0.08340	0.50321	0.22503	0.00857	0.00197	0.00248	0.00768	0.02760	0.00314
3	0.00481	0.00371	0.00439	0.00487	0.00559	0.00330	0.00341	0.00568	0.00835	0.01062	0.06550	0.48015	0.36296	0.01124	0.00489	0.00148	0.00216	0.00988	0.00371	0.00330
4	0.00508	0.00401	0.00458	0.00449	0.00561	0.00351	0.00335	0.00644	0.00990	0.01287	0.37303	0.06838	0.46602	0.00933	0.00470	0.00131	0.00196	0.00798	0.00397	0.00351
5	0.88866	0.00767	0.00583	0.00521	0.00767	0.00889	0.00429	0.01166	0.00675	0.01779	0.00552	0.00644	0.00429	0.00368	0.00245	0.00123	0.00307	0.00215	0.00245	0.00429
6	0.00742	0.00511	0.00605	0.00593	0.00686	0.00530	0.00437	0.02595	0.15305	0.05702	0.04979	0.07443	0.03277	0.33092	0.03473	0.00251	0.00359	0.15925	0.03112	0.00385
7	0.00795	0.02051	0.84011	0.01130	0.01716	0.00921	0.01465	0.01256	0.00837	0.01256	0.00712	0.00837	0.00502	0.00377	0.00377	0.00126	0.00586	0.00293	0.00167	0.00586
8	0.00710	0.00495	0.00578	0.00529	0.00669	0.00474	0.00405	0.05910	0.07260	0.06644	0.38862	0.05397	0.24390	0.00797	0.00446	0.00127	0.00226	0.00682	0.04983	0.00418
9	0.00814	0.07956	0.78269	0.01098	0.01667	0.00966	0.01410	0.01251	0.00835	0.01233	0.00700	0.00823	0.00503	0.00374	0.00368	0.00123	0.00575	0.00287	0.00168	0.00581

[dist]
# distance from previous block
# <min> <max>
0	1

[block]
# block no. 3 follows, 68 sequences, length 13
# corresponding to MSA columns:
# 124-136
name=unknown_D
#
# <colnr> <probs for GDERKNQSTAVLIFYWHMCP>
#	G	D	E	R	K	N	Q	S	T	A	V	L	I	F	Y	W	H	M	C	P
0	0.59704	0.00736	0.00641	0.00559	0.00786	0.00826	0.00451	0.08409	0.03412	0.06826	0.02119	0.00940	0.00661	0.04217	0.00359	0.00132	0.00311	0.00284	0.08171	0.00458
1	0.00598	0.00392	0.00414	0.00417	0.00529	0.00353	0.00309	0.00727	0.00877	0.03392	0.05004	0.11372	0.43118	0.00828	0.00406	0.00122	0.00202	0.00695	0.29890	0.00355
2	0.09074	0.50588	0.01622	0.08767	0.01193	0.11814	0.00707	0.04502	0.06439	0.01133	0.00662	0.00757	0.00558	0.00375	0.00296	0.00100	0.00453	0.00253	0.00206	0.00504
3	0.02865	0.07210	0.16475	0.04139	0.02935	0.03276	0.01565	0.08155	0.10929	0.09280	0.03119	0.06611	0.04935	0.00518	0.00381	0.00116	0.00397	0.02891	0.00296	0.13909
4	0.01038	0.07784	0.20309	0.03908	0.09935	0.04627	0.06009	0.05741	0.04000	0.14576	0.01036	0.04244	0.01814	0.06125	0.05098	0.00165	0.00501	0.00392	0.00267	0.02430
5	0.00820	0.00789	0.01161	0.00989	0.01032	0.01048	0.06382	0.00937	0.00646	0.00997	0.00661	0.01017	0.00623	0.01004	0.13836	0.00237	0.62373	0.00368	0.04654	0.00425
6	0.00556	0.00398	0.00458	0.00470	0.00568	0.00351	0.00339	0.00639	0.00855	0.04734	0.07545	0.22242	0.46118	0.06007	0.00621	0.04639	0.00234	0.02531	0.00360	0.00336
7	0.03376	0.19532	0.29030	0.04658	0.06697	0.06772	0.08053	0.05073	0.00940	0.11137	0.00790	0.00886	0.00585	0.00385	0.00359	0.00115	0.00514	0.00308	0.00227	0.00564
8	0.00716	0.00567	0.00901	0.08513	0.07859	0.00636	0.05108	0.00880	0.00727	0.04955	0.01066	0.04066	0.00988	0.03829	0.47650	0.00425	0.06193	0.04278	0.00231	0.00412
9	0.05904	0.00667	0.00797	0.00643	0.00889	0.00641	0.00521	0.13143	0.03481	0.42682	0.04627	0.01539	0.07687	0.00532	0.00379	0.00119	0.00308	0.00427	0.14440	0.00573
10	0.00894	0.00831	0.04244	0.07771	0.33972	0.04744	0.04051	0.04777	0.00943	0.04968	0.06554	0.18094	0.03417	0.00597	0.00421	0.00128	0.00412	0.00544	0.02124	0.00514
11	0.02134	0.07534	0.23684	0.09784	0.19069	0.02814	0.12196	0.08910	0.04269	0.02716	0.00898	0.01103	0.00705	0.00493	0.01717	0.00149	0.00566	0.00379	0.00254	0.00624
12	0.00539	0.00402	0.00514	0.00585	0.02113	0.00384	0.00407	0.01922	0.02111	0.01076	0.04401	0.51154	0.15376	0.05517	0.03702	0.00185	0.00285	0.08630	0.00355	0.00343

[dist]
# distance from previous block
# <min> <max>
2	7

[block]
# block no. 4 follows, 68 sequences, length 29
# corresponding to MSA columns:
# 144-172
name=unknown_E
#
# <colnr> <probs for GDERKNQSTAVLIFYWHMCP>
#	G	D	E	R	K	N	Q	S	T	A	V	L	I	F	Y	W	H	M	C	P
0	0.05840	0.08050	0.02766	0.04362	0.15969	0.02354	0.01586	0.03965	0.05274	0.02442	0.20549	0.02556	0.09301	0.00636	0.02652	0.00134	0.04683	0.00473	0.01844	0.04564
1	0.00622	0.00422	0.00517	0.00513	0.00610	0.00384	0.00370	0.00747	0.01932	0.06408	0.22015	0.25806	0.18070	0.11171	0.00652	0.00166	0.00247	0.03489	0.01821	0.04040
2	0.01030	0.33113	0.06045	0.01353	0.16097	0.08268	0.26329	0.01255	0.00892	0.01122	0.00678	0.00850	0.00559	0.00348	0.00361	0.00109	0.00542	0.00325	0.00187	0.00538
3	0.00581	0.00406	0.00515	0.00553	0.00596	0.00402	0.00402	0.00668	0.00753	0.01001	0.07604	0.13431	0.03554	0.38135	0.04060	0.00278	0.00365	0.26081	0.00311	0.00305
4	0.00771	0.00523	0.00569	0.00538	0.00670	0.00538	0.00410	0.08525	0.13282	0.02527	0.07844	0.11206	0.13629	0.03526	0.00443	0.00130	0.00250	0.03316	0.30880	0.00426
5	0.00550	0.00402	0.00517	0.00494	0.00587	0.00368	0.00368	0.00725	0.01087	0.01521	0.73204	0.07141	0.09859	0.00847	0.00470	0.00127	0.00190	0.00747	0.00428	0.00368
6	0.88866	0.00767	0.00583	0.00521	0.00767	0.00889	0.00429	0.01166	0.00675	0.01779	0.00552	0.00644	0.00429	0.00368	0.00245	0.00123	0.00307	0.00215	0.00245	0.00429
7	0.01507	0.01111	0.01190	0.00912	0.01230	0.01230	0.00754	0.82270	0.01864	0.02499	0.00952	0.00952	0.00674	0.00476	0.00397	0.00119	0.00436	0.00357	0.00397	0.00674
8	0.00553	0.00414	0.00530	0.00503	0.00607	0.00377	0.01583	0.00721	0.01054	0.01451	0.59792	0.05076	0.19624	0.00855	0.00467	0.00129	0.00204	0.03403	0.02291	0.00367
9	0.00867	0.00867	0.01214	0.01041	0.01041	0.01214	0.00867	0.00954	0.00607	0.00954	0.00520	0.00867	0.00520	0.00694	0.01301	0.00173	0.85340	0.00347	0.00173	0.00434
10	0.00777	0.00725	0.01002	0.00882	0.00891	0.00975	0.00709	0.00856	0.00606	0.00917	0.00719	0.01259	0.00743	0.15863	0.12385	0.00271	0.59442	0.00397	0.00190	0.00390
11	0.00546	0.00401	0.00512	0.00493	0.00585	0.00366	0.00366	0.00716	0.01074	0.01496	0.69544	0.09081	0.11617	0.00861	0.00471	0.00128	0.00192	0.00759	0.00425	0.00366
12	0.01179	0.06556	0.03024	0.09864	0.07930	0.42908	0.03701	0.02566	0.00958	0.01031	0.00658	0.00867	0.00561	0.01975	0.03499	0.00140	0.11609	0.00304	0.00198	0.00472
13	0.42875	0.04161	0.12413	0.00816	0.02556	0.05283	0.05687	0.15857	0.00971	0.03497	0.00719	0.02277	0.00555	0.00406	0.00321	0.00121	0.00418	0.00291	0.00261	0.00513
14	0.00496	0.00407	0.00434	0.00432	0.00552	0.00354	0.00320	0.00624	0.02451	0.01149	0.15719	0.07680	0.63612	0.03373	0.00513	0.00141	0.00207	0.00819	0.00375	0.00343
15	0.00906	0.12704	0.01003	0.00606	0.00954	0.00677	0.00505	0.01074	0.00836	0.05558	0.00728	0.00824	0.00597	0.00310	0.00294	0.00066	0.00314	0.00240	0.00239	0.71564
16	0.00469	0.00399	0.00405	0.00409	0.00538	0.00334	0.00305	0.00568	0.00896	0.01068	0.03924	0.07960	0.79347	0.01016	0.00470	0.00135	0.00202	0.00851	0.00368	0.00334
17	0.01060	0.86304	0.02078	0.00678	0.01018	0.01569	0.00678	0.01187	0.00806	0.00933	0.00551	0.00636	0.00509	0.00339	0.00254	0.00085	0.00424	0.00212	0.00170	0.00509
18	0.00573	0.00393	0.00473	0.00479	0.00496	0.00403	0.00300	0.00606	0.00609	0.00820	0.01324	0.04279	0.02991	0.66099	0.15151	0.00408	0.00486	0.03598	0.00246	0.00267
19	0.03669	0.57337	0.01750	0.00760	0.01076	0.11299	0.00696	0.16999	0.01045	0.01266	0.00636	0.00707	0.00539	0.00375	0.00294	0.00095	0.00458	0.00245	0.00220	0.00533
20	0.00888	0.00883	0.05064	0.20244	0.08194	0.00839	0.32244	0.03144	0.02178	0.06041	0.05269	0.05839	0.04748	0.00471	0.00434	0.00130	0.00511	0.00479	0.00248	0.02152
21	0.03852	0.11084	0.35483	0.03216	0.06121	0.00959	0.09977	0.03154	0.05202	0.08211	0.00843	0.02244	0.00639	0.00402	0.00388	0.00119	0.02084	0.00335	0.00227	0.05461
22	0.03133	0.00997	0.06393	0.00998	0.07843	0.13782	0.07136	0.11440	0.12838	0.02272	0.01275	0.16008	0.01199	0.00675	0.01902	0.00141	0.00449	0.07568	0.03449	0.00503
23	0.00668	0.00351	0.00519	0.00522	0.00527	0.00355	0.00350	0.00533	0.00536	0.00719	0.00793	0.04477	0.00813	0.05119	0.06857	0.75705	0.00388	0.00389	0.00185	0.00192
24	0.02031	0.12609	0.10372	0.01863	0.03338	0.17601	0.00681	0.01067	0.01786	0.03997	0.05225	0.21045	0.04385	0.01861	0.04245	0.00152	0.03197	0.02252	0.01851	0.00441
25	0.00962	0.02658	0.16120	0.17028	0.27116	0.05157	0.09559	0.05261	0.01956	0.04731	0.00856	0.05267	0.00702	0.00425	0.00400	0.00125	0.00513	0.00389	0.00221	0.00554
26	0.01666	0.00690	0.00905	0.00704	0.00995	0.00624	0.00578	0.06691	0.04248	0.70883	0.03323	0.01371	0.01034	0.00498	0.00396	0.00122	0.00333	0.00404	0.03880	0.00655
27	0.00684	0.00562	0.00853	0.21950	0.14423	0.00592	0.00697	0.02291	0.00843	0.02914	0.05189	0.33237	0.08290	0.02430	0.01748	0.00153	0.00363	0.02069	0.00294	0.00418
28	0.04727	0.21273	0.14717	0.01018	0.09367	0.03462	0.06190	0.03526	0.04834	0.12618	0.02694	0.05520	0.00869	0.00483	0.00408	0.00121	0.04058	0.03309	0.00263	0.00542

[dist]
# distance from previous block
# <min> <max>
2	11

[block]
# block no. 5 follows, 68 sequences, length 17
# corresponding to MSA columns:
# 185-201
name=unknown_F
#
# <colnr> <probs for GDERKNQSTAVLIFYWHMCP>
#	G	D	E	R	K	N	Q	S	T	A	V	L	I	F	Y	W	H	M	C	P
0	0.10667	0.01288	0.01018	0.00910	0.03236	0.33860	0.00690	0.19955	0.15534	0.01545	0.00930	0.04403	0.00754	0.00472	0.00368	0.00115	0.00499	0.00346	0.00295	0.03118
1	0.00647	0.01936	0.05193	0.00606	0.00730	0.00538	0.00472	0.02278	0.17283	0.01193	0.07004	0.31055	0.14919	0.10185	0.00651	0.01972	0.00287	0.02302	0.00348	0.00401
2	0.00793	0.00753	0.01276	0.41481	0.23183	0.00848	0.06471	0.01023	0.00828	0.01116	0.03228	0.07278	0.02989	0.00526	0.01762	0.00141	0.05173	0.00440	0.00210	0.00480
3	0.07778	0.07867	0.12095	0.05136	0.10061	0.02074	0.17930	0.09545	0.03107	0.13839	0.00986	0.03543	0.01957	0.00431	0.00388	0.00123	0.00474	0.00386	0.01720	0.00561
4	0.00520	0.00363	0.00462	0.00526	0.00546	0.00348	0.00345	0.00574	0.00713	0.00949	0.01899	0.56277	0.02248	0.26734	0.00963	0.00229	0.00284	0.05390	0.00329	0.00300
5	0.00588	0.00425	0.00540	0.00563	0.00619	0.02007	0.00402	0.00682	0.00743	0.03013	0.07557	0.27860	0.05751	0.18198	0.25444	0.00339	0.00517	0.04114	0.00302	0.00333
6	0.00795	0.00729	0.04434	0.12071	0.24492	0.02162	0.00776	0.04888	0.02324	0.03445	0.04304	0.16325	0.09932	0.06847	0.04568	0.00174	0.00421	0.00570	0.00274	0.00468
7	0.01140	0.32222	0.12249	0.05787	0.04890	0.04095	0.00818	0.13344	0.04869	0.10464	0.00860	0.02357	0.00674	0.00422	0.00355	0.00110	0.01897	0.00314	0.02574	0.00559
8	0.00566	0.00425	0.00637	0.00637	0.00708	0.00496	0.00496	0.00708	0.00637	0.00920	0.01062	0.01558	0.00991	0.02974	0.84494	0.00637	0.01062	0.00425	0.00212	0.00354
9	0.00569	0.00389	0.00469	0.00474	0.00487	0.00400	0.00291	0.00597	0.00598	0.00809	0.01272	0.07291	0.01435	0.67082	0.15844	0.00414	0.00490	0.00583	0.00243	0.00264
10	0.02383	0.21955	0.26983	0.01194	0.12629	0.12250	0.07341	0.03742	0.02957	0.02596	0.00710	0.00836	0.00560	0.00380	0.00369	0.00113	0.01954	0.00298	0.00199	0.00553
11	0.00653	0.00568	0.02960	0.00734	0.00861	0.00531	0.09839	0.04110	0.09076	0.01210	0.06603	0.45672	0.06531	0.00971	0.00510	0.02554	0.00313	0.05556	0.00347	0.00400
12	0.00901	0.01005	0.02141	0.01546	0.01906	0.00957	0.72008	0.01213	0.00939	0.01285	0.07856	0.01224	0.00867	0.00389	0.00500	0.00134	0.03906	0.00485	0.00220	0.00517
13	0.02828	0.02287	0.00923	0.04505	0.02449	0.00646	0.10061	0.04557	0.00736	0.01047	0.00986	0.03251	0.00919	0.07763	0.47989	0.04829	0.03184	0.00432	0.00220	0.00388
14	0.00901	0.02094	0.23233	0.05603	0.24181	0.07400	0.07499	0.02065	0.01954	0.03558	0.05989	0.04897	0.04640	0.00540	0.02692	0.00138	0.00506	0.00419	0.01154	0.00535
15	0.00603	0.00441	0.00619	0.00665	0.00755	0.00428	0.02116	0.00773	0.00941	0.01256	0.20926	0.14806	0.04135	0.01032	0.00521	0.00164	0.00309	0.48767	0.00379	0.00364
16	0.00484	0.00366	0.00447	0.00503	0.00564	0.00329	0.00348	0.00570	0.00827	0.01069	0.08136	0.55219	0.27423	0.01141	0.00492	0.00150	0.00218	0.01011	0.00373	0.00329

[dist]
# distance from previous block
# <min> <max>
0	1

[block]
# block no. 6 follows, 68 sequences, length 19
# corresponding to MSA columns:
# 203-221
name=unknown_G
#
# <colnr> <probs for GDERKNQSTAVLIFYWHMCP>
#	G	D	E	R	K	N	Q	S	T	A	V	L	I	F	Y	W	H	M	C	P
0	0.00911	0.04137	0.16941	0.07475	0.17694	0.04334	0.02451	0.03158	0.15238	0.04183	0.05767	0.03168	0.06255	0.00513	0.00422	0.00126	0.02620	0.01895	0.02169	0.00541
1	0.00519	0.00371	0.00482	0.00556	0.00597	0.00354	0.00385	0.00637	0.03276	0.01092	0.07058	0.69957	0.04073	0.01156	0.00494	0.00156	0.00234	0.04838	0.03427	0.00338
2	0.00996	0.01052	0.03863	0.06817	0.57270	0.08055	0.10720	0.01235	0.00907	0.01236	0.00730	0.00965	0.00602	0.00371	0.00430	0.00121	0.03495	0.00357	0.00195	0.00584
3	0.00822	0.00705	0.00822	0.00587	0.00940	0.00529	0.00470	0.00998	0.00822	0.01292	0.00705	0.00822	0.00587	0.00294	0.00294	0.00059	0.00294	0.00235	0.00235	0.88490
4	0.00773	0.03326	0.20092	0.00994	0.08931	0.03628	0.05743	0.03374	0.08137	0.01216	0.01388	0.32078	0.02698	0.00720	0.00448	0.00136	0.02144	0.00635	0.00280	0.03261
5	0.00533	0.00404	0.00491	0.00469	0.00575	0.00362	0.00352	0.00693	0.01055	0.01430	0.58987	0.03224	0.28237	0.00870	0.00468	0.00128	0.00191	0.00754	0.00415	0.00362
6	0.00529	0.00400	0.00488	0.00475	0.00575	0.00359	0.00353	0.00682	0.01033	0.01398	0.54585	0.09181	0.26699	0.00898	0.00471	0.00130	0.00194	0.00781	0.00412	0.00359
7	0.83216	0.00761	0.00605	0.00533	0.00783	0.00870	0.00439	0.01215	0.00705	0.07105	0.00618	0.00690	0.00465	0.00376	0.00255	0.00123	0.00309	0.00227	0.00261	0.00445
8	0.00867	0.00867	0.01214	0.01041	0.01041	0.01214	0.00867	0.00954	0.00607	0.00954	0.00520	0.00867	0.00520	0.00694	0.01301	0.00173	0.85340	0.00347	0.00173	0.00434
9	0.00572	0.00383	0.00434	0.00438	0.00439	0.00381	0.00246	0.00575	0.00585	0.00780	0.01293	0.06476	0.01497	0.82109	0.01948	0.00374	0.00377	0.00602	0.00246	0.00244
10	0.01060	0.86304	0.02078	0.00678	0.01018	0.01569	0.00678	0.01187	0.00806	0.00933	0.00551	0.00636	0.00509	0.00339	0.00254	0.00085	0.00424	0.00212	0.00170	0.00509
11	0.00483	0.00347	0.00458	0.00547	0.00574	0.00323	0.00366	0.00553	0.00764	0.01014	0.02253	0.82776	0.05610	0.01233	0.00505	0.00160	0.00229	0.01116	0.00368	0.00323
12	0.00524	0.00422	0.00468	0.00453	0.00569	0.00379	0.00330	0.00618	0.00804	0.01012	0.02904	0.03087	0.52197	0.15654	0.12957	0.00245	0.00363	0.00694	0.00315	0.06003
13	0.00818	0.00747	0.01225	0.58535	0.18808	0.00874	0.01061	0.04331	0.00856	0.01141	0.00775	0.01127	0.00614	0.00495	0.03318	0.00146	0.00521	0.01825	0.02301	0.00482
14	0.00489	0.00348	0.00462	0.00546	0.00571	0.00326	0.00364	0.00560	0.00766	0.01024	0.04987	0.80125	0.02622	0.04072	0.00555	0.00167	0.00234	0.01094	0.00366	0.00321
15	0.00589	0.00414	0.00534	0.00566	0.02347	0.00434	0.00377	0.00659	0.00659	0.00918	0.01366	0.14025	0.01494	0.41542	0.20429	0.00372	0.02278	0.05452	0.05240	0.00305
16	0.00868	0.00713	0.06453	0.02268	0.00939	0.04242	0.06739	0.07623	0.01930	0.10428	0.05476	0.23707	0.07277	0.01934	0.00469	0.01345	0.00347	0.05699	0.11099	0.00444
17	0.00982	0.06853	0.03775	0.02306	0.03018	0.07720	0.00609	0.09867	0.04689	0.03844	0.02418	0.03302	0.02863	0.00408	0.00349	0.00088	0.01441	0.00320	0.00266	0.44882
18	0.06026	0.16832	0.11263	0.04561	0.14785	0.05987	0.07577	0.04650	0.05158	0.04142	0.02143	0.04961	0.02918	0.00438	0.00363	0.00113	0.00450	0.00368	0.00239	0.07026

[dist]
# distance from previous block
# <min> <max>
1	35

[block]
# block no. 7 follows, 68 sequences, length 54
# corresponding to MSA columns:
# 260-313
name=unknown_H
#
# <colnr> <probs for GDERKNQSTAVLIFYWHMCP>
#	G	D	E	R	K	N	Q	S	T	A	V	L	I	F	Y	W	H	M	C	P
0	0.01162	0.15652	0.05178	0.07231	0.02306	0.15018	0.01981	0.25861	0.04959	0.02506	0.05954	0.01119	0.02638	0.01551	0.02708	0.00130	0.00483	0.00354	0.01457	0.01754
1	0.00524	0.00409	0.00513	0.00511	0.00599	0.00373	0.02796	0.00617	0.00821	0.01061	0.10598	0.25524	0.33207	0.12638	0.05047	0.01640	0.00295	0.00819	0.00339	0.01666
2	0.00799	0.05182	0.24623	0.03228	0.05553	0.00744	0.04360	0.03370	0.07848	0.04549	0.07718	0.06749	0.12833	0.02366	0.00453	0.00136	0.00406	0.06923	0.00288	0.01869
3	0.01000	0.07727	0.09677	0.06510	0.12129	0.10541	0.02763	0.10656	0.13498	0.02640	0.02926	0.07754	0.04138	0.03104	0.00471	0.00132	0.03093	0.00436	0.00276	0.00528
4	0.00892	0.29321	0.05923	0.00936	0.06732	0.06447	0.10545	0.01092	0.03778	0.01070	0.01957	0.11015	0.03133	0.05406	0.04558	0.00156	0.01838	0.02506	0.00230	0.02465
5	0.00720	0.02819	0.02529	0.00668	0.06398	0.00434	0.00439	0.00602	0.00560	0.00752	0.00699	0.01189	0.00688	0.02699	0.01414	0.76284	0.00362	0.00344	0.00175	0.00224
6	0.02143	0.15333	0.08035	0.00787	0.05864	0.02388	0.00657	0.05788	0.03033	0.01308	0.00716	0.00821	0.00587	0.00332	0.00309	0.00079	0.00367	0.00255	0.00229	0.50968
7	0.00958	0.41339	0.29781	0.00873	0.02283	0.01210	0.01889	0.06770	0.03080	0.01191	0.00869	0.00998	0.04570	0.00416	0.00331	0.00108	0.00468	0.02121	0.00205	0.00540
8	0.00534	0.00396	0.00498	0.00489	0.00580	0.00360	0.00361	0.00690	0.01033	0.01419	0.58192	0.14764	0.17409	0.00905	0.00473	0.00131	0.00195	0.00796	0.00415	0.00360
9	0.00743	0.00645	0.06695	0.09057	0.11888	0.00584	0.06803	0.00789	0.00685	0.00940	0.03285	0.05295	0.00842	0.01036	0.04696	0.43343	0.01733	0.00405	0.00197	0.00340
10	0.03764	0.15166	0.15769	0.03344	0.05568	0.05855	0.14661	0.06820	0.00975	0.12578	0.01930	0.03215	0.00725	0.00417	0.00373	0.00115	0.00483	0.01250	0.00255	0.06738
11	0.00708	0.00532	0.01814	0.02363	0.06840	0.00495	0.04882	0.04260	0.01995	0.07519	0.09452	0.45455	0.10221	0.00939	0.00471	0.00144	0.00293	0.00846	0.00358	0.00413
12	0.00668	0.00438	0.00509	0.00471	0.00615	0.00379	0.00361	0.00803	0.01002	0.12040	0.28292	0.03229	0.47972	0.00877	0.00459	0.00130	0.00214	0.00742	0.00405	0.00391
13	0.00693	0.00838	0.15583	0.00785	0.06180	0.02837	0.01917	0.03183	0.08386	0.01331	0.21787	0.09521	0.23905	0.00741	0.00439	0.00130	0.00324	0.00635	0.00335	0.00449
14	0.03140	0.02955	0.13668	0.53339	0.08407	0.03197	0.03976	0.03440	0.00851	0.01140	0.00754	0.01023	0.01647	0.00397	0.00388	0.00128	0.00528	0.00345	0.00189	0.00487
15	0.01415	0.01729	0.01078	0.00974	0.01180	0.72560	0.00735	0.05078	0.05099	0.01086	0.00774	0.00855	0.02492	0.00433	0.00362	0.00105	0.00657	0.00286	0.02631	0.00472
16	0.00490	0.00376	0.00443	0.00480	0.00554	0.00336	0.00336	0.00582	0.00849	0.01088	0.11888	0.39567	0.35220	0.05216	0.00560	0.00157	0.00221	0.00938	0.00369	0.00329
17	0.00950	0.15344	0.16773	0.06181	0.29907	0.02957	0.14667	0.01237	0.02418	0.02405	0.01885	0.00991	0.01781	0.00376	0.00381	0.00118	0.00514	0.00350	0.00200	0.00564
18	0.00678	0.00465	0.00616	0.01416	0.04054	0.00484	0.00438	0.02659	0.03290	0.05668	0.02345	0.15849	0.02797	0.30058	0.25164	0.00367	0.00549	0.02466	0.00281	0.00357
19	0.00670	0.00456	0.00518	0.00479	0.00627	0.00403	0.00367	0.02689	0.02249	0.10467	0.24086	0.03219	0.50549	0.00878	0.00458	0.00130	0.00220	0.00740	0.00401	0.00395
20	0.04459	0.06899	0.04071	0.03964	0.09062	0.10425	0.00632	0.05091	0.01017	0.11343	0.17362	0.01918	0.18200	0.00614	0.00419	0.00121	0.01965	0.00499	0.01463	0.00476
21	0.01315	0.08383	0.09788	0.00956	0.03493	0.03483	0.02970	0.56030	0.01535	0.02051	0.00914	0.03061	0.00701	0.01997	0.00414	0.00122	0.00457	0.00361	0.01349	0.00620
22	0.00691	0.00609	0.00773	0.00726	0.00827	0.07922	0.04017	0.02996	0.00734	0.00988	0.01087	0.03425	0.02819	0.02424	0.65243	0.00520	0.03162	0.00433	0.00222	0.00381
23	0.69347	0.05140	0.02307	0.00639	0.02062	0.12689	0.00520	0.01228	0.00751	0.01607	0.00566	0.00662	0.00449	0.00372	0.00266	0.00118	0.00378	0.00224	0.00234	0.00443
24	0.64820	0.00725	0.00631	0.00565	0.00791	0.00811	0.00454	0.04678	0.02686	0.08848	0.00879	0.11018	0.00771	0.00493	0.00300	0.00127	0.00306	0.00352	0.00292	0.00453
25	0.00739	0.00447	0.00569	0.00585	0.00680	0.00422	0.00422	0.00907	0.06925	0.14503	0.05014	0.52178	0.08297	0.03370	0.00520	0.00156	0.00258	0.03214	0.00389	0.00404
26	0.00516	0.00392	0.00445	0.00452	0.00533	0.00354	0.00316	0.00608	0.00854	0.01100	0.18883	0.13868	0.37411	0.20325	0.00826	0.00193	0.00246	0.02005	0.00353	0.00320
27	0.00795	0.02051	0.84011	0.01130	0.01716	0.00921	0.01465	0.01256	0.00837	0.01256	0.00712	0.00837	0.00502	0.00377	0.00377	0.00126	0.00586	0.00293	0.00167	0.00586
28	0.00483	0.00374	0.00437	0.00480	0.00554	0.00332	0.00335	0.00570	0.00834	0.01058	0.06847	0.43434	0.37877	0.03816	0.00536	0.00155	0.00220	0.00963	0.00367	0.00327
29	0.01482	0.01854	0.01127	0.01016	0.01226	0.80699	0.00766	0.05242	0.01157	0.01040	0.00628	0.00726	0.00518	0.00412	0.00359	0.00103	0.00702	0.00260	0.00213	0.00469
30	0.01316	0.00990	0.01063	0.00862	0.01142	0.01105	0.00697	0.47276	0.33481	0.05893	0.01239	0.01176	0.00898	0.00501	0.00399	0.00125	0.00384	0.00395	0.00404	0.00656
31	0.01635	0.00906	0.01063	0.00815	0.01127	0.00926	0.00673	0.44519	0.01521	0.40734	0.01240	0.01139	0.00819	0.00483	0.00398	0.00121	0.00390	0.00377	0.00441	0.00675
32	0.29042	0.00704	0.00812	0.00645	0.00933	0.00677	0.00532	0.01666	0.00982	0.55866	0.01223	0.01114	0.00798	0.00447	0.00348	0.00121	0.00327	0.00337	0.00407	0.03020
33	0.00486	0.00371	0.00441	0.00488	0.00554	0.00332	0.00337	0.00569	0.00822	0.01051	0.06911	0.47304	0.32425	0.05296	0.00565	0.00160	0.00225	0.00972	0.00365	0.00325
34	0.00749	0.00705	0.01189	0.85113	0.02731	0.00881	0.01101	0.01013	0.00793	0.01013	0.00705	0.01057	0.00529	0.00396	0.00396	0.00132	0.00529	0.00352	0.00176	0.00440
35	0.00981	0.00942	0.01609	0.02434	0.83592	0.00942	0.01217	0.01217	0.00903	0.01295	0.00746	0.00981	0.00628	0.00353	0.00393	0.00118	0.00471	0.00353	0.00196	0.00628
36	0.64628	0.02468	0.00848	0.00932	0.17283	0.04490	0.00610	0.02454	0.00760	0.01643	0.00599	0.00719	0.00478	0.00368	0.00282	0.00120	0.00361	0.00246	0.00235	0.00476
37	0.00600	0.00357	0.00513	0.00572	0.02241	0.00346	0.00373	0.00547	0.00636	0.00850	0.01379	0.40162	0.01578	0.01294	0.01045	0.45994	0.00294	0.00705	0.00263	0.00251
38	0.01055	0.09276	0.08573	0.05029	0.12783	0.08744	0.03396	0.13946	0.04896	0.05709	0.05878	0.05099	0.01996	0.00474	0.00390	0.00114	0.01574	0.00390	0.01779	0.08899
39	0.01974	0.15619	0.18724	0.00846	0.01166	0.02396	0.00815	0.15784	0.25801	0.01522	0.01042	0.01092	0.00803	0.00656	0.07369	0.00161	0.00477	0.00349	0.02832	0.00572
40	0.00850	0.00721	0.00837	0.00600	0.00951	0.00557	0.00481	0.04301	0.00865	0.01341	0.00715	0.00827	0.00591	0.00301	0.00298	0.00061	0.00299	0.00240	0.00241	0.84921
41	0.00567	0.00424	0.00631	0.00631	0.00700	0.00492	0.00488	0.00704	0.00635	0.00916	0.01068	0.01590	0.01005	0.05534	0.81953	0.00629	0.01041	0.00429	0.00213	0.00351
42	0.00822	0.00705	0.00822	0.00587	0.00940	0.00529	0.00470	0.00998	0.00822	0.01292	0.00705	0.00822	0.00587	0.00294	0.00294	0.00059	0.00294	0.00235	0.00235	0.88490
43	0.21332	0.00880	0.01228	0.08018	0.27443	0.02007	0.06221	0.08729	0.00890	0.02719	0.00718	0.00923	0.00582	0.00496	0.02831	0.00143	0.12343	0.00330	0.01642	0.00525
44	0.00859	0.04820	0.04948	0.25750	0.16208	0.02759	0.02740	0.09607	0.01998	0.01273	0.03455	0.09906	0.06741	0.01689	0.00426	0.00129	0.00434	0.01586	0.00253	0.04419
45	0.05302	0.61185	0.11817	0.02496	0.02928	0.03836	0.00779	0.02743	0.01776	0.01970	0.00657	0.00745	0.01626	0.00364	0.00287	0.00096	0.00445	0.00245	0.00188	0.00518
46	0.00508	0.00394	0.00447	0.00456	0.00549	0.00351	0.00329	0.00612	0.00890	0.01137	0.19685	0.15024	0.43531	0.11095	0.00660	0.00167	0.00229	0.03238	0.00367	0.00331
47	0.04866	0.00563	0.00681	0.00579	0.00776	0.00535	0.00460	0.04307	0.04526	0.34613	0.10717	0.04003	0.03843	0.02233	0.00408	0.00123	0.00276	0.02315	0.23664	0.00512
48	0.02935	0.07230	0.16919	0.05426	0.19092	0.12271	0.11440	0.01178	0.02180	0.01188	0.02813	0.08437	0.04277	0.00498	0.00400	0.00124	0.00504	0.02348	0.00225	0.00513
49	0.00865	0.00510	0.02907	0.00631	0.00746	0.00459	0.00480	0.00970	0.00850	0.23303	0.02808	0.50801	0.01953	0.03587	0.02896	0.00170	0.04427	0.00830	0.00379	0.00429
50	0.00844	0.00510	0.00602	0.00544	0.00697	0.02144	0.00421	0.02628	0.01021	0.19350	0.26641	0.02858	0.27127	0.06799	0.00564	0.00149	0.00266	0.06007	0.00403	0.00426
51	0.00783	0.00725	0.01165	0.03173	0.42010	0.00707	0.06013	0.02486	0.00902	0.01216	0.02812	0.11765	0.21911	0.02011	0.00457	0.00133	0.00382	0.00583	0.00268	0.00499
52	0.01056	0.03835	0.17811	0.05038	0.15466	0.07163	0.13253	0.16652	0.04569	0.03774	0.03032	0.04846	0.00796	0.00448	0.00403	0.00123	0.00508	0.00397	0.00259	0.00571
53	0.00745	0.00631	0.00869	0.06538	0.13331	0.03993	0.00662	0.02329	0.00817	0.03502	0.09116	0.10175	0.05833	0.02509	0.27384	0.00300	0.08775	0.01803	0.00263	0.00424

[dist]
# distance from previous block
# <min> <max>
1	3

[block]
# block no. 8 follows, 68 sequences, length 23
# corresponding to MSA columns:
# 317-339
name=unknown_I
#
# <colnr> <probs for GDERKNQSTAVLIFYWHMCP>
#	G	D	E	R	K	N	Q	S	T	A	V	L	I	F	Y	W	H	M	C	P
0	0.50939	0.00778	0.00702	0.00608	0.00846	0.02974	0.00491	0.08983	0.07122	0.11020	0.05277	0.03113	0.04756	0.00480	0.00320	0.00124	0.00320	0.00345	0.00317	0.00486
1	0.00828	0.00780	0.01313	0.48275	0.32372	0.00887	0.01108	0.01072	0.00827	0.01117	0.00761	0.01121	0.00621	0.00491	0.03327	0.00146	0.02071	0.02191	0.00189	0.00505
2	0.00574	0.00386	0.00448	0.00450	0.00455	0.00391	0.00261	0.00585	0.00585	0.00785	0.01257	0.04373	0.01436	0.78243	0.07876	0.00397	0.00429	0.00578	0.00241	0.00250
3	0.00668	0.00393	0.00463	0.00445	0.00541	0.00375	0.00334	0.00850	0.00979	0.03330	0.41638	0.04369	0.02395	0.00654	0.00379	0.00111	0.00190	0.00560	0.40949	0.00377
4	0.00522	0.00378	0.00488	0.00565	0.00600	0.00365	0.00386	0.00642	0.04668	0.01035	0.02085	0.71386	0.02451	0.07360	0.00613	0.00177	0.00252	0.05332	0.00360	0.00333
5	0.01507	0.01111	0.01190	0.00912	0.01230	0.01230	0.00754	0.82270	0.01864	0.02499	0.00952	0.00952	0.00674	0.00476	0.00397	0.00119	0.00436	0.00357	0.00397	0.00674
6	0.01060	0.86304	0.02078	0.00678	0.01018	0.01569	0.00678	0.01187	0.00806	0.00933	0.00551	0.00636	0.00509	0.00339	0.00254	0.00085	0.00424	0.00212	0.00170	0.00509
7	0.01060	0.86304	0.02078	0.00678	0.01018	0.01569	0.00678	0.01187	0.00806	0.00933	0.00551	0.00636	0.00509	0.00339	0.00254	0.00085	0.00424	0.00212	0.00170	0.00509
8	0.01659	0.00867	0.01039	0.00796	0.01108	0.00867	0.00658	0.37279	0.01456	0.48067	0.01295	0.01175	0.00846	0.00484	0.00398	0.00121	0.00381	0.00380	0.00449	0.00675
9	0.00867	0.00867	0.01214	0.01041	0.01041	0.01214	0.00867	0.00954	0.00607	0.00954	0.00520	0.00867	0.00520	0.00694	0.01301	0.00173	0.85340	0.00347	0.00173	0.00434
10	0.40572	0.00827	0.00846	0.00715	0.02932	0.00889	0.00569	0.19623	0.04141	0.23872	0.00957	0.00941	0.00666	0.00431	0.00330	0.00122	0.00348	0.00308	0.00350	0.00562
