[name]
unknown

[dist]
# distance from previous block
# <min> <max>
0	31

[block]
# block no. 0 follows, 71 sequences, length 14
# corresponding to MSA columns:
# 34-47
name=unknown_A
#
# <colnr> <probs for GDERKNQSTAVLIFYWHMCP>
#	G	D	E	R	K	N	Q	S	T	A	V	L	I	F	Y	W	H	M	C	P
0	0.03636	0.11209	0.12391	0.00977	0.09234	0.06285	0.03306	0.12877	0.10474	0.07494	0.05760	0.02358	0.00984	0.00499	0.00407	0.00121	0.03416	0.06870	0.01169	0.00532
1	0.14635	0.20163	0.13873	0.02222	0.08855	0.13388	0.05885	0.04403	0.03674	0.01226	0.00705	0.00873	0.00583	0.03975	0.01427	0.00124	0.00474	0.00288	0.02736	0.00489
2	0.00520	0.04431	0.00528	0.00504	0.00581	0.00392	0.00363	0.00608	0.00787	0.01023	0.07505	0.43963	0.21417	0.07739	0.00577	0.00159	0.00243	0.05195	0.00337	0.03128
3	0.00898	0.00731	0.00864	0.00712	0.05719	0.00632	0.00529	0.14604	0.00965	0.01442	0.00807	0.04250	0.00682	0.00361	0.00313	0.00075	0.00309	0.00294	0.04411	0.61402
4	0.02164	0.06550	0.04440	0.06806	0.12233	0.04937	0.02480	0.04667	0.00873	0.04205	0.00713	0.00841	0.00573	0.00327	0.00318	0.00083	0.00378	0.00268	0.00225	0.46920
5	0.00468	0.00344	0.00435	0.00506	0.00545	0.00316	0.00341	0.00537	0.00750	0.00979	0.02368	0.69738	0.15756	0.04309	0.00537	0.00159	0.00223	0.01025	0.00351	0.00311
6	0.00534	0.00432	0.00469	0.00453	0.00577	0.00394	0.00340	0.03031	0.05708	0.01217	0.22239	0.06242	0.53451	0.02612	0.00479	0.00133	0.00209	0.00752	0.00372	0.00356
7	0.00479	0.00355	0.00445	0.00500	0.00552	0.00324	0.00347	0.00565	0.00800	0.01050	0.11591	0.56236	0.18866	0.03420	0.00519	0.00153	0.00219	0.02900	0.00360	0.00318
8	0.89233	0.00741	0.00564	0.00504	0.00741	0.00860	0.00415	0.01127	0.00653	0.01720	0.00534	0.00623	0.00415	0.00356	0.00237	0.00119	0.00297	0.00208	0.00237	0.00415
9	0.78518	0.00706	0.00559	0.00499	0.00727	0.00807	0.00409	0.01137	0.00682	0.04955	0.00631	0.00716	0.00483	0.00368	0.00246	0.00116	0.00288	0.00227	0.07504	0.00420
10	0.12434	0.00678	0.00859	0.00667	0.00957	0.00622	0.00551	0.04627	0.01068	0.71384	0.01372	0.01208	0.00873	0.00460	0.00367	0.00119	0.00326	0.00362	0.00442	0.00623
11	0.00751	0.00627	0.00717	0.00643	0.00815	0.00667	0.02092	0.01371	0.41788	0.01494	0.29134	0.02150	0.11935	0.00650	0.00416	0.00124	0.00256	0.00559	0.00387	0.03424
12	0.00524	0.00360	0.00428	0.00456	0.00470	0.00350	0.00278	0.00554	0.00639	0.00849	0.03642	0.29708	0.04635	0.53828	0.01389	0.00287	0.00313	0.00742	0.00281	0.00264
13	0.01392	0.01683	0.01068	0.00963	0.01165	0.72529	0.00733	0.09314	0.01145	0.01091	0.00699	0.00902	0.00598	0.00436	0.00359	0.00104	0.00648	0.04485	0.00224	0.00460

[dist]
# distance from previous block
# <min> <max>
0	1

[block]
# block no. 1 follows, 71 sequences, length 23
# corresponding to MSA columns:
# 49-68,72-74
name=unknown_B
#
# <colnr> <probs for GDERKNQSTAVLIFYWHMCP>
#	G	D	E	R	K	N	Q	S	T	A	V	L	I	F	Y	W	H	M	C	P
0	0.00832	0.00737	0.01831	0.02928	0.01016	0.02448	0.06958	0.02434	0.37678	0.02241	0.06762	0.01443	0.01145	0.03625	0.17331	0.00230	0.03787	0.00426	0.00306	0.05841
1	0.00908	0.00963	0.02020	0.04068	0.01860	0.00911	0.69492	0.03250	0.00919	0.03693	0.00969	0.01189	0.05234	0.00389	0.00467	0.01890	0.00596	0.00462	0.00215	0.00504
2	0.00548	0.00409	0.00605	0.00605	0.00669	0.00473	0.00465	0.00677	0.00613	0.00881	0.01038	0.01565	0.00984	0.07772	0.80145	0.00602	0.00989	0.00419	0.00207	0.00336
3	0.01300	0.01480	0.01053	0.00953	0.02677	0.55160	0.00719	0.08986	0.11928	0.02752	0.00866	0.00928	0.03182	0.00453	0.00418	0.00110	0.05992	0.00308	0.00248	0.00487
4	0.01097	0.47566	0.11494	0.00880	0.05450	0.03009	0.03316	0.17782	0.02181	0.02988	0.00683	0.00757	0.00551	0.00367	0.00308	0.00098	0.00443	0.00265	0.00221	0.00544
5	0.01088	0.53346	0.03884	0.03617	0.01098	0.22607	0.00712	0.01218	0.00857	0.00942	0.02942	0.00729	0.00583	0.00378	0.00335	0.00094	0.04674	0.00243	0.00180	0.00472
6	0.00795	0.00681	0.00795	0.00568	0.00909	0.00511	0.00454	0.00965	0.00795	0.01249	0.00681	0.00795	0.00568	0.00284	0.00284	0.00057	0.00284	0.00227	0.00227	0.88869
7	0.00874	0.05914	0.28136	0.00945	0.02135	0.02974	0.10282	0.03771	0.06498	0.08111	0.00942	0.03621	0.00767	0.02481	0.18295	0.00231	0.02910	0.00376	0.00232	0.00502
8	0.04531	0.10260	0.05584	0.03099	0.07883	0.08573	0.06662	0.34330	0.02587	0.11510	0.00872	0.00917	0.00635	0.00413	0.00364	0.00112	0.00455	0.00327	0.00303	0.00584
9	0.00522	0.00377	0.00479	0.00523	0.00594	0.00347	0.00386	0.00634	0.00855	0.02586	0.17070	0.40391	0.19619	0.01045	0.00479	0.00146	0.00231	0.13011	0.00369	0.00335
10	0.00837	0.06317	0.00957	0.00677	0.03640	0.00618	0.03263	0.01009	0.00802	0.02792	0.00689	0.00807	0.00571	0.00301	0.00310	0.00066	0.01895	0.00242	0.00224	0.73983
11	0.00676	0.00464	0.00571	0.00529	0.00665	0.00432	0.02814	0.00891	0.08236	0.09710	0.20433	0.14796	0.31762	0.00824	0.00435	0.00128	0.00231	0.00712	0.05292	0.00396
12	0.00839	0.03279	0.11901	0.03246	0.06496	0.00662	0.04612	0.04749	0.08814	0.10271	0.19203	0.09066	0.04970	0.02627	0.04998	0.00155	0.00382	0.00517	0.01526	0.01687
13	0.04877	0.24926	0.33314	0.01974	0.03181	0.07654	0.05701	0.05219	0.00883	0.06165	0.00694	0.00793	0.00530	0.00371	0.00351	0.00110	0.02246	0.00278	0.00201	0.00533
14	0.00508	0.00387	0.00476	0.00528	0.00612	0.00355	0.00408	0.00621	0.00838	0.01062	0.04590	0.29320	0.33131	0.01064	0.00487	0.00151	0.00249	0.24527	0.00357	0.00329
15	0.00482	0.00357	0.00451	0.00502	0.00559	0.00326	0.00352	0.00578	0.00827	0.01093	0.16906	0.53694	0.17995	0.01080	0.00477	0.00145	0.00214	0.03270	0.00368	0.00324
16	0.00829	0.07199	0.10711	0.29786	0.18744	0.00898	0.07473	0.05177	0.01816	0.01162	0.02206	0.07158	0.00754	0.00488	0.01972	0.00132	0.02398	0.00396	0.00206	0.00494
17	0.00858	0.01798	0.05247	0.15410	0.08391	0.00789	0.02311	0.03562	0.10438	0.01247	0.03111	0.10397	0.06059	0.07884	0.13450	0.00250	0.06318	0.01681	0.00299	0.00501
18	0.08893	0.00669	0.00849	0.00663	0.00944	0.00616	0.00546	0.05484	0.02894	0.67968	0.01393	0.01240	0.00898	0.00464	0.00368	0.00117	0.00321	0.00369	0.04689	0.00618
19	0.00552	0.00378	0.00444	0.00460	0.00478	0.00375	0.00289	0.00582	0.00618	0.00817	0.01464	0.08987	0.05061	0.65576	0.04199	0.00334	0.00371	0.08498	0.00258	0.00257
20	0.05797	0.11886	0.20131	0.05637	0.11342	0.05014	0.07165	0.13951	0.04773	0.06498	0.00826	0.02974	0.00642	0.00408	0.00369	0.00116	0.01345	0.00334	0.00243	0.00550
21	0.01035	0.03380	0.01057	0.07310	0.10383	0.14882	0.02094	0.13581	0.03651	0.07128	0.01042	0.16585	0.00979	0.01571	0.00532	0.00131	0.12358	0.00469	0.01346	0.00484
22	0.89233	0.00741	0.00564	0.00504	0.00741	0.00860	0.00415	0.01127	0.00653	0.01720	0.00534	0.00623	0.00415	0.00356	0.00237	0.00119	0.00297	0.00208	0.00237	0.00415

[dist]
# distance from previous block
# <min> <max>
0	1

[block]
# block no. 2 follows, 71 sequences, length 22
# corresponding to MSA columns:
# 76-97
name=unknown_C
#
# <colnr> <probs for GDERKNQSTAVLIFYWHMCP>
#	G	D	E	R	K	N	Q	S	T	A	V	L	I	F	Y	W	H	M	C	P
0	0.00514	0.00385	0.00449	0.00469	0.00560	0.00354	0.00352	0.00627	0.00839	0.01097	0.11458	0.15265	0.38754	0.05790	0.05638	0.00177	0.00274	0.09917	0.06753	0.00328
1	0.01138	0.01311	0.00992	0.17401	0.01363	0.48904	0.00735	0.03739	0.05582	0.01062	0.02251	0.03311	0.04235	0.00506	0.02065	0.00120	0.00570	0.00340	0.03935	0.00440
2	0.04990	0.00666	0.00859	0.00671	0.00950	0.00609	0.00551	0.06030	0.04077	0.68688	0.02931	0.01297	0.00971	0.00475	0.00376	0.00118	0.00320	0.00383	0.04416	0.00623
3	0.00462	0.00381	0.00400	0.00411	0.00520	0.00325	0.00299	0.00553	0.00847	0.01028	0.05593	0.14234	0.67556	0.05013	0.00528	0.00144	0.00206	0.00831	0.00352	0.00319
4	0.01025	0.86756	0.02009	0.00656	0.00984	0.01517	0.00656	0.01148	0.00779	0.00902	0.00533	0.00615	0.00492	0.00328	0.00246	0.00082	0.00410	0.00205	0.00164	0.00492
5	0.00983	0.00838	0.00884	0.00786	0.01008	0.00968	0.00614	0.06790	0.78639	0.01652	0.01523	0.01401	0.01140	0.00517	0.00390	0.00129	0.00310	0.00428	0.00390	0.00610
6	0.01458	0.01074	0.01151	0.00882	0.01189	0.01189	0.00729	0.82855	0.01803	0.02416	0.00921	0.00921	0.00652	0.00460	0.00384	0.00115	0.00422	0.00345	0.00384	0.00652
7	0.00863	0.00715	0.03071	0.00591	0.00934	0.00525	0.00488	0.01039	0.00818	0.07403	0.00743	0.00833	0.00594	0.00300	0.00294	0.00063	0.00295	0.00240	0.00244	0.79947
8	0.00548	0.00411	0.00616	0.00616	0.00685	0.00479	0.00479	0.00685	0.00616	0.00890	0.01027	0.01506	0.00959	0.02876	0.85006	0.00616	0.01027	0.00411	0.00205	0.00342
9	0.00548	0.00411	0.00616	0.00616	0.00685	0.00479	0.00479	0.00685	0.00616	0.00890	0.01027	0.01506	0.00959	0.02876	0.85006	0.00616	0.01027	0.00411	0.00205	0.00342
10	0.89233	0.00741	0.00564	0.00504	0.00741	0.00860	0.00415	0.01127	0.00653	0.01720	0.00534	0.00623	0.00415	0.00356	0.00237	0.00119	0.00297	0.00208	0.00237	0.00415
11	0.00883	0.10504	0.05196	0.03020	0.04899	0.04745	0.02597	0.02216	0.00833	0.02606	0.00682	0.00800	0.00560	0.00310	0.00301	0.00073	0.00357	0.00247	0.00218	0.58953
12	0.01423	0.01048	0.01126	0.00870	0.01167	0.01158	0.00716	0.79954	0.01765	0.02366	0.00963	0.03928	0.00718	0.00486	0.00387	0.00117	0.00415	0.00371	0.00383	0.00640
13	0.00769	0.01983	0.84538	0.01093	0.01659	0.00890	0.01417	0.01214	0.00810	0.01214	0.00688	0.00810	0.00486	0.00364	0.00364	0.00121	0.00567	0.00283	0.00162	0.00567
14	0.02781	0.01011	0.29440	0.00763	0.03299	0.00625	0.00766	0.04660	0.04345	0.02570	0.13677	0.07649	0.23317	0.00672	0.00413	0.00127	0.00353	0.02782	0.00296	0.00454
15	0.00474	0.00356	0.00445	0.00507	0.00562	0.00327	0.00356	0.00556	0.00773	0.00998	0.02534	0.57388	0.23930	0.01198	0.03739	0.00168	0.00252	0.04768	0.00350	0.00318
16	0.00498	0.00374	0.00479	0.00508	0.00570	0.00367	0.00363	0.00591	0.00740	0.00981	0.07077	0.31863	0.21068	0.09384	0.23009	0.00289	0.00440	0.00772	0.00309	0.00318
17	0.89233	0.00741	0.00564	0.00504	0.00741	0.00860	0.00415	0.01127	0.00653	0.01720	0.00534	0.00623	0.00415	0.00356	0.00237	0.00119	0.00297	0.00208	0.00237	0.00415
18	0.03702	0.04976	0.18908	0.05057	0.22678	0.14772	0.11022	0.02768	0.00917	0.05915	0.03936	0.00958	0.00680	0.00386	0.00386	0.00116	0.01744	0.00333	0.00214	0.00533
19	0.03612	0.00665	0.00856	0.00671	0.00941	0.00613	0.00550	0.09465	0.02651	0.62886	0.09548	0.01411	0.01176	0.00501	0.00386	0.00118	0.00316	0.00408	0.02616	0.00610
20	0.00471	0.00337	0.00442	0.00524	0.00548	0.00315	0.00348	0.00535	0.00730	0.00969	0.02124	0.79838	0.04951	0.05201	0.00557	0.00165	0.00229	0.01056	0.00350	0.00308
21	0.02676	0.05065	0.17024	0.02770	0.18646	0.06907	0.08309	0.06419	0.03923	0.12776	0.02584	0.04057	0.00789	0.03631	0.00460	0.00128	0.02663	0.00376	0.00255	0.00543

[dist]
# distance from previous block
# <min> <max>
4	12

[block]
# block no. 3 follows, 71 sequences, length 37
# corresponding to MSA columns:
# 112-148
name=unknown_D
#
# <colnr> <probs for GDERKNQSTAVLIFYWHMCP>
#	G	D	E	R	K	N	Q	S	T	A	V	L	I	F	Y	W	H	M	C	P
0	0.00895	0.00824	0.03442	0.02714	0.10381	0.04784	0.00625	0.06194	0.03351	0.02838	0.02036	0.02661	0.00681	0.00362	0.00352	0.00082	0.03149	0.00290	0.00241	0.54096
1	0.00724	0.00681	0.01150	0.85604	0.02641	0.00852	0.01065	0.00980	0.00767	0.00980	0.00681	0.01022	0.00511	0.00383	0.00383	0.00128	0.00511	0.00341	0.00170	0.00426
2	0.00972	0.30655	0.35376	0.01031	0.07187	0.08248	0.04139	0.06137	0.00891	0.01160	0.00647	0.00758	0.00511	0.00357	0.00328	0.00105	0.00510	0.00268	0.00182	0.00537
3	0.01175	0.04713	0.10467	0.00948	0.02163	0.14563	0.05478	0.31235	0.15377	0.01639	0.00927	0.02720	0.00718	0.00472	0.00433	0.01403	0.04359	0.00353	0.00294	0.00562
4	0.00538	0.00399	0.00569	0.00575	0.00635	0.00445	0.00431	0.00654	0.00642	0.00903	0.03285	0.08024	0.05010	0.11820	0.63650	0.00521	0.00836	0.00502	0.00232	0.00328
5	0.00608	0.00457	0.00639	0.00625	0.02361	0.00497	0.03058	0.03367	0.02442	0.00923	0.01102	0.03229	0.01113	0.31925	0.45431	0.00470	0.00724	0.00472	0.00226	0.00330
6	0.00465	0.00384	0.00408	0.00412	0.00528	0.00327	0.00305	0.00571	0.00889	0.01094	0.13700	0.10175	0.67485	0.00966	0.00456	0.00130	0.00195	0.00817	0.00364	0.00327
7	0.00712	0.00381	0.00397	0.00386	0.00488	0.00370	0.00291	0.01835	0.00847	0.04011	0.06478	0.01786	0.10971	0.01641	0.00328	0.00101	0.00191	0.00434	0.67988	0.00365
8	0.00972	0.00833	0.00877	0.00784	0.01004	0.00962	0.00611	0.04917	0.80532	0.01633	0.01538	0.01412	0.01152	0.00518	0.00390	0.00130	0.00308	0.00430	0.00390	0.00608
9	0.00949	0.00911	0.01556	0.02353	0.84133	0.00911	0.01177	0.01177	0.00873	0.01253	0.00721	0.00949	0.00607	0.00342	0.00380	0.00114	0.00456	0.00342	0.00190	0.00607
10	0.00961	0.00486	0.00626	0.00541	0.00702	0.00445	0.00423	0.01159	0.03653	0.28466	0.43796	0.02126	0.02331	0.00631	0.00405	0.00116	0.00232	0.00541	0.11897	0.00463
11	0.89233	0.00741	0.00564	0.00504	0.00741	0.00860	0.00415	0.01127	0.00653	0.01720	0.00534	0.00623	0.00415	0.00356	0.00237	0.00119	0.00297	0.00208	0.00237	0.00415
12	0.00724	0.00681	0.01150	0.85604	0.02641	0.00852	0.01065	0.00980	0.00767	0.00980	0.00681	0.01022	0.00511	0.00383	0.00383	0.00128	0.00511	0.00341	0.00170	0.00426
13	0.00499	0.02689	0.02913	0.00452	0.00582	0.00382	0.00358	0.00622	0.00894	0.01129	0.19449	0.09492	0.54903	0.00970	0.02829	0.00142	0.00234	0.00765	0.00354	0.00342
14	0.15990	0.00852	0.03081	0.14947	0.22072	0.00877	0.14057	0.06727	0.02702	0.08697	0.00804	0.00991	0.00617	0.01692	0.02618	0.00138	0.02031	0.00346	0.00238	0.00521
15	0.00628	0.00771	0.19850	0.02032	0.00918	0.00501	0.02882	0.01982	0.00800	0.04580	0.02738	0.51518	0.04433	0.00901	0.00448	0.00142	0.00327	0.02453	0.00308	0.01787
16	0.01163	0.43228	0.09310	0.00873	0.04262	0.26707	0.00773	0.05320	0.00938	0.03378	0.00619	0.00703	0.00517	0.00363	0.00303	0.00095	0.00510	0.00242	0.00195	0.00501
17	0.03164	0.21248	0.48529	0.00978	0.03723	0.01013	0.03669	0.05083	0.00861	0.01222	0.04235	0.03200	0.00689	0.00399	0.00345	0.00113	0.00490	0.00313	0.00193	0.00534
18	0.00558	0.00372	0.00418	0.00418	0.00418	0.00372	0.00232	0.00558	0.00558	0.00743	0.01208	0.02509	0.01394	0.86525	0.01952	0.00372	0.00372	0.00558	0.00232	0.00232
19	0.01038	0.79608	0.04668	0.00687	0.01017	0.05789	0.00685	0.01170	0.00796	0.00914	0.00541	0.00625	0.00492	0.00333	0.00255	0.00084	0.00430	0.00210	0.00166	0.00492
20	0.00548	0.00411	0.00616	0.00616	0.00685	0.00479	0.00479	0.00685	0.00616	0.00890	0.01027	0.01506	0.00959	0.02876	0.85006	0.00616	0.01027	0.00411	0.00205	0.00342
21	0.02844	0.01031	0.01113	0.02066	0.02324	0.01147	0.00720	0.69672	0.11403	0.02273	0.00984	0.00978	0.00707	0.00463	0.00382	0.00117	0.00408	0.00353	0.00376	0.00639
22	0.00892	0.00703	0.01053	0.27682	0.15359	0.00704	0.02044	0.02444	0.00834	0.10453	0.00822	0.01041	0.00646	0.02327	0.06353	0.00144	0.00451	0.00325	0.00231	0.25493
23	0.01202	0.15016	0.34217	0.01141	0.08861	0.02290	0.03376	0.14227	0.01965	0.12155	0.00949	0.01062	0.00717	0.00472	0.00411	0.00137	0.00520	0.00348	0.00289	0.00645
24	0.06434	0.00821	0.00863	0.03130	0.00923	0.12945	0.00588	0.13003	0.00896	0.12711	0.00823	0.02822	0.00694	0.03348	0.00859	0.23774	0.14352	0.00345	0.00256	0.00414
25	0.00506	0.00391	0.00461	0.00447	0.00554	0.00347	0.00337	0.00651	0.00991	0.01315	0.47977	0.03248	0.38021	0.00870	0.00454	0.00126	0.00190	0.02379	0.00392	0.00345
26	0.00780	0.00873	0.08948	0.58149	0.08395	0.03618	0.04631	0.01080	0.04437	0.01060	0.00808	0.01073	0.02754	0.00401	0.00395	0.00126	0.01470	0.00354	0.00188	0.00462
27	0.01084	0.00796	0.03335	0.03708	0.28734	0.00770	0.05528	0.10037	0.02234	0.19656	0.01061	0.02780	0.00881	0.12648	0.00633	0.00157	0.02163	0.02965	0.00289	0.00541
28	0.01458	0.01074	0.01151	0.00882	0.01189	0.01189	0.00729	0.82855	0.01803	0.02416	0.00921	0.00921	0.00652	0.00460	0.00384	0.00115	0.00422	0.00345	0.00384	0.00652
29	0.00526	0.00391	0.00490	0.00465	0.00563	0.00355	0.00349	0.00692	0.01047	0.01446	0.69317	0.03015	0.18289	0.00818	0.00452	0.00122	0.00183	0.00715	0.00410	0.00355
30	0.00779	0.02787	0.10868	0.05635	0.13543	0.03820	0.03521	0.00975	0.02329	0.06378	0.02727	0.24925	0.03496	0.00831	0.05253	0.00163	0.05224	0.06027	0.00272	0.00448
31	0.00752	0.00729	0.01179	0.80464	0.02575	0.03614	0.03355	0.01005	0.00781	0.00985	0.00681	0.01012	0.00513	0.00382	0.00384	0.00127	0.00521	0.00341	0.00172	0.00429
32	0.01458	0.01074	0.01151	0.00882	0.01189	0.01189	0.00729	0.82855	0.01803	0.02416	0.00921	0.00921	0.00652	0.00460	0.00384	0.00115	0.00422	0.00345	0.00384	0.00652
33	0.00690	0.00444	0.00508	0.00553	0.00618	0.00410	0.00380	0.00764	0.00853	0.01268	0.02019	0.49532	0.07146	0.00989	0.00462	0.00153	0.00252	0.00840	0.31718	0.00398
34	0.00854	0.03818	0.46212	0.03547	0.14441	0.00895	0.13431	0.02187	0.02390	0.03652	0.02409	0.01019	0.00651	0.00387	0.00384	0.00122	0.00529	0.02318	0.00197	0.00555
35	0.00711	0.00665	0.01111	0.80867	0.02524	0.00824	0.01024	0.00961	0.00778	0.00996	0.03048	0.01148	0.02955	0.00411	0.00387	0.00128	0.00493	0.00364	0.00183	0.00421
36	0.00476	0.00337	0.00442	0.00523	0.00543	0.00317	0.00344	0.00536	0.00718	0.00957	0.02028	0.78408	0.02429	0.09214	0.00627	0.00176	0.00236	0.01040	0.00344	0.00304

[dist]
# distance from previous block
# <min> <max>
0	10

[block]
# block no. 4 follows, 71 sequences, length 34
# corresponding to MSA columns:
# 159-192
name=unknown_E
#
# <colnr> <probs for GDERKNQSTAVLIFYWHMCP>
#	G	D	E	R	K	N	Q	S	T	A	V	L	I	F	Y	W	H	M	C	P
0	0.09517	0.04950	0.03135	0.07332	0.17176	0.18682	0.06488	0.01203	0.03957	0.01123	0.00644	0.00847	0.00543	0.00447	0.00582	0.00126	0.22259	0.00311	0.00195	0.00481
1	0.02268	0.00848	0.02519	0.00800	0.02848	0.02459	0.00621	0.06275	0.66335	0.02797	0.01546	0.01447	0.04539	0.00522	0.00386	0.00127	0.00319	0.00430	0.02329	0.00586
2	0.02994	0.30132	0.11595	0.00892	0.06927	0.03228	0.00772	0.14732	0.18881	0.01382	0.00859	0.00909	0.00677	0.00427	0.00362	0.02596	0.00412	0.00302	0.00254	0.01667
3	0.00548	0.00408	0.00602	0.00602	0.00666	0.00472	0.00462	0.00676	0.00612	0.00880	0.01040	0.01576	0.00989	0.08727	0.79196	0.00599	0.00981	0.00421	0.00207	0.00335
4	0.00510	0.00350	0.00456	0.00526	0.00568	0.00321	0.00358	0.00582	0.00759	0.03901	0.02247	0.76094	0.09590	0.01156	0.00483	0.00152	0.00224	0.01041	0.00360	0.00324
5	0.01025	0.86756	0.02009	0.00656	0.00984	0.01517	0.00656	0.01148	0.00779	0.00902	0.00533	0.00615	0.00492	0.00328	0.00246	0.00082	0.00410	0.00205	0.00164	0.00492
6	0.00543	0.00402	0.00577	0.00579	0.00655	0.00374	0.05070	0.00667	0.00865	0.02407	0.25933	0.47401	0.06112	0.00987	0.00470	0.00142	0.00239	0.03909	0.02322	0.00346
7	0.00535	0.00389	0.00504	0.00484	0.00573	0.00358	0.00362	0.00705	0.01051	0.01473	0.73654	0.07793	0.07674	0.00822	0.00456	0.00124	0.00187	0.02086	0.00414	0.00357
8	0.00566	0.00431	0.00619	0.00611	0.00663	0.00504	0.00463	0.00676	0.00611	0.00875	0.01063	0.05141	0.01056	0.14786	0.63699	0.00531	0.06708	0.00455	0.00213	0.00330
9	0.00584	0.00376	0.00505	0.00568	0.00624	0.00353	0.00413	0.00680	0.00797	0.06687	0.04906	0.62514	0.02387	0.01102	0.00484	0.00154	0.00249	0.14546	0.01725	0.00344
10	0.00839	0.00839	0.01174	0.01007	0.01007	0.01174	0.00839	0.00923	0.00587	0.00923	0.00503	0.00839	0.00503	0.00671	0.01258	0.00168	0.85823	0.00336	0.00168	0.00419
11	0.01025	0.86756	0.02009	0.00656	0.00984	0.01517	0.00656	0.01148	0.00779	0.00902	0.00533	0.00615	0.00492	0.00328	0.00246	0.00082	0.00410	0.00205	0.00164	0.00492
12	0.00495	0.00390	0.00447	0.00433	0.00544	0.00342	0.00325	0.00632	0.00974	0.01273	0.41694	0.03300	0.46020	0.00883	0.00453	0.00125	0.00188	0.00755	0.00387	0.00342
13	0.00769	0.01983	0.84538	0.01093	0.01659	0.00890	0.01417	0.01214	0.00810	0.01214	0.00688	0.00810	0.00486	0.00364	0.00364	0.00121	0.00567	0.00283	0.00162	0.00567
14	0.00557	0.00373	0.00423	0.00423	0.00424	0.00374	0.00238	0.00560	0.00559	0.00747	0.01204	0.02487	0.01384	0.84657	0.03806	0.00377	0.00386	0.00554	0.00232	0.00235
15	0.02070	0.00573	0.00850	0.00767	0.05098	0.02387	0.12204	0.00933	0.04309	0.04887	0.50845	0.04491	0.06368	0.00671	0.00436	0.00122	0.00287	0.00611	0.01672	0.00418
16	0.01998	0.05488	0.28295	0.00961	0.06946	0.05663	0.00898	0.05696	0.21296	0.03497	0.01841	0.00993	0.00731	0.00402	0.00354	0.00110	0.00430	0.00320	0.00256	0.13826
17	0.00768	0.02760	0.24997	0.04323	0.02331	0.00684	0.00786	0.02510	0.11871	0.04903	0.07780	0.09568	0.04496	0.04169	0.03365	0.00152	0.00405	0.07255	0.00282	0.06596
18	0.00987	0.30884	0.22781	0.00951	0.07277	0.05873	0.03615	0.03851	0.02876	0.06440	0.03306	0.03278	0.00709	0.00405	0.00351	0.00106	0.02235	0.00311	0.00216	0.03548
19	0.07119	0.15207	0.20821	0.01277	0.12245	0.02001	0.27079	0.01192	0.00844	0.03355	0.00771	0.02668	0.00631	0.00382	0.00374	0.00118	0.00515	0.02679	0.00199	0.00523
20	0.03106	0.00497	0.00559	0.05330	0.00745	0.00484	0.00412	0.06060	0.07075	0.02957	0.21424	0.02872	0.45456	0.00802	0.00432	0.00126	0.00237	0.00673	0.00364	0.00389
21	0.00526	0.00382	0.00489	0.00541	0.00598	0.00369	0.00397	0.00626	0.02383	0.00990	0.02160	0.37552	0.16141	0.08176	0.07304	0.04674	0.00324	0.15726	0.00325	0.00316
22	0.08164	0.08348	0.53673	0.02018	0.02560	0.00880	0.03651	0.01164	0.03133	0.01258	0.06353	0.02215	0.01866	0.00410	0.00355	0.00117	0.00481	0.00327	0.00201	0.02827
23	0.09006	0.00660	0.00863	0.00667	0.00959	0.00588	0.00551	0.01807	0.01060	0.77515	0.01431	0.01248	0.00905	0.00465	0.00373	0.00119	0.00324	0.00371	0.00455	0.00633
24	0.00474	0.00344	0.00440	0.00511	0.00550	0.00316	0.00347	0.00552	0.00770	0.01021	0.06320	0.70634	0.12468	0.01139	0.00479	0.00150	0.00216	0.01023	0.01931	0.00316
25	0.04619	0.00826	0.02535	0.22639	0.33947	0.00866	0.05946	0.03637	0.07970	0.06737	0.02025	0.01113	0.00718	0.00405	0.00395	0.00122	0.01684	0.01803	0.01475	0.00538
26	0.00862	0.01645	0.62358	0.04594	0.04714	0.00851	0.01236	0.01300	0.06556	0.08417	0.00862	0.02141	0.00635	0.00407	0.00374	0.00123	0.00513	0.01634	0.00212	0.00566
27	0.00476	0.00340	0.00455	0.00544	0.00570	0.00319	0.00371	0.00549	0.00743	0.00989	0.02108	0.81498	0.02517	0.01193	0.00492	0.00157	0.00230	0.05780	0.00356	0.00314
28	0.00827	0.00762	0.01181	0.30086	0.25698	0.03192	0.03735	0.03088	0.00821	0.02022	0.02502	0.01394	0.00818	0.09029	0.00622	0.00153	0.07324	0.06072	0.00210	0.00464
29	0.00918	0.05850	0.12928	0.10291	0.25477	0.04366	0.02728	0.06559	0.01810	0.06668	0.04590	0.10064	0.03689	0.00510	0.00391	0.00121	0.00430	0.01838	0.00252	0.00518
30	0.00482	0.00344	0.00461	0.00550	0.00579	0.00324	0.00381	0.00559	0.00748	0.00995	0.02105	0.78419	0.02504	0.01188	0.00493	0.00158	0.00235	0.08804	0.00356	0.00315
31	0.00936	0.02382	0.01560	0.07290	0.75513	0.00920	0.03449	0.01166	0.00866	0.01230	0.00717	0.00950	0.00599	0.00343	0.00380	0.00115	0.00463	0.00342	0.00188	0.00592
32	0.01094	0.30109	0.08619	0.02369	0.17988	0.12556	0.05396	0.05080	0.03001	0.07315	0.01523	0.00857	0.00615	0.00371	0.00333	0.00103	0.00472	0.00293	0.01372	0.00535
33	0.02304	0.03795	0.56465	0.03793	0.10303	0.00880	0.08029	0.02130	0.00828	0.01213	0.00810	0.05206	0.01731	0.00410	0.00376	0.00122	0.00527	0.00351	0.00184	0.00543

[dist]
# distance from previous block
# <min> <max>
0	1

[block]
# block no. 5 follows, 71 sequences, length 24
# corresponding to MSA columns:
# 194-217
name=unknown_F
#
# <colnr> <probs for GDERKNQSTAVLIFYWHMCP>
#	G	D	E	R	K	N	Q	S	T	A	V	L	I	F	Y	W	H	M	C	P
0	0.84896	0.00753	0.00630	0.00577	0.02778	0.00864	0.02498	0.01131	0.00664	0.01697	0.00544	0.00641	0.00424	0.00355	0.00246	0.00119	0.00309	0.00217	0.00235	0.00422
1	0.00558	0.00449	0.00601	0.03950	0.09113	0.00429	0.00455	0.00708	0.02458	0.01184	0.25796	0.22669	0.23471	0.03732	0.02548	0.00151	0.00264	0.00752	0.00344	0.00367
2	0.00472	0.00389	0.00414	0.00408	0.00529	0.00332	0.00306	0.00586	0.00918	0.01140	0.20582	0.03518	0.67215	0.00932	0.00453	0.00128	0.00191	0.00785	0.00370	0.00332
3	0.00799	0.00759	0.01212	0.34690	0.31004	0.02298	0.00989	0.01000	0.00784	0.01068	0.00832	0.10102	0.00767	0.00525	0.01701	0.00137	0.10240	0.00420	0.00198	0.00476
4	0.01122	0.01286	0.01026	0.10017	0.03695	0.46447	0.00737	0.01230	0.00891	0.02207	0.00684	0.00972	0.00612	0.07776	0.05502	0.01499	0.13370	0.00312	0.00197	0.00419
5	0.00524	0.00380	0.00427	0.00421	0.00476	0.00356	0.00274	0.00586	0.00749	0.00977	0.17257	0.02928	0.26487	0.45148	0.01227	0.00253	0.00283	0.00658	0.00304	0.00283
6	0.89233	0.00741	0.00564	0.00504	0.00741	0.00860	0.00415	0.01127	0.00653	0.01720	0.00534	0.00623	0.00415	0.00356	0.00237	0.00119	0.00297	0.00208	0.00237	0.00415
7	0.00512	0.00379	0.00422	0.00432	0.00531	0.00334	0.00314	0.00620	0.00867	0.02346	0.14616	0.19198	0.46679	0.03053	0.00481	0.00136	0.00203	0.00796	0.07747	0.00332
8	0.01431	0.01061	0.01136	0.00877	0.01179	0.01177	0.00722	0.78659	0.06041	0.02374	0.00954	0.00947	0.00679	0.00463	0.00384	0.00116	0.00416	0.00350	0.00384	0.00650
9	0.86022	0.00738	0.00576	0.00511	0.00750	0.00849	0.00421	0.01154	0.00669	0.04755	0.00570	0.00648	0.00435	0.00360	0.00243	0.00119	0.00298	0.00214	0.00246	0.00424
10	0.00548	0.00409	0.00609	0.00609	0.00674	0.00475	0.00470	0.00680	0.00614	0.00884	0.01034	0.01545	0.00975	0.06102	0.81802	0.00607	0.01002	0.00416	0.00206	0.00338
11	0.00795	0.00681	0.00795	0.00568	0.00909	0.00511	0.00454	0.00965	0.00795	0.01249	0.00681	0.00795	0.00568	0.00284	0.00284	0.00057	0.00284	0.00227	0.00227	0.88869
12	0.00519	0.00385	0.00483	0.00471	0.00561	0.00350	0.00349	0.00673	0.01012	0.01391	0.61247	0.11564	0.17858	0.00860	0.00456	0.00126	0.00188	0.00755	0.00404	0.00350
13	0.00975	0.44724	0.17470	0.02920	0.11514	0.01232	0.02319	0.06956	0.00865	0.01131	0.00624	0.00745	0.00521	0.00359	0.00340	0.00100	0.03616	0.00260	0.00185	0.03143
14	0.00551	0.00395	0.00498	0.00500	0.00528	0.00416	0.00334	0.00606	0.00634	0.00866	0.06109	0.11835	0.04552	0.46657	0.20394	0.00372	0.03621	0.00594	0.00253	0.00284
15	0.00467	0.00344	0.00438	0.00509	0.00550	0.00315	0.00346	0.00541	0.00765	0.01002	0.04496	0.71004	0.15510	0.01154	0.00483	0.00151	0.00217	0.01035	0.00358	0.00315
16	0.00656	0.00489	0.00685	0.00665	0.01751	0.00535	0.02477	0.02880	0.06095	0.04557	0.06613	0.17919	0.03468	0.04376	0.40451	0.00372	0.04781	0.00569	0.00278	0.00383
17	0.00900	0.07063	0.15881	0.08446	0.21686	0.02574	0.05450	0.06563	0.04134	0.03718	0.00802	0.01029	0.00653	0.02200	0.10119	0.03682	0.04034	0.00342	0.00212	0.00511
18	0.00521	0.00407	0.00476	0.00479	0.00579	0.00375	0.00354	0.00703	0.05806	0.01239	0.31700	0.18006	0.34110	0.00921	0.00457	0.00132	0.00205	0.02794	0.00381	0.00352
19	0.01412	0.00641	0.00805	0.00646	0.00891	0.00603	0.00523	0.09662	0.06231	0.52849	0.04603	0.03502	0.01082	0.00502	0.00372	0.00115	0.00303	0.00410	0.14264	0.00584
20	0.00753	0.02982	0.10485	0.02332	0.22787	0.02137	0.06035	0.04732	0.00903	0.01237	0.11960	0.19753	0.05690	0.00709	0.02300	0.00139	0.00392	0.03932	0.00276	0.00465
21	0.03248	0.00943	0.13722	0.07399	0.23967	0.01700	0.07713	0.03095	0.04205	0.04499	0.01080	0.09527	0.04940	0.00658	0.05696	0.00158	0.06268	0.00444	0.00234	0.00504
22	0.00847	0.00475	0.00543	0.00491	0.00616	0.00474	0.00373	0.10348	0.00950	0.09904	0.11404	0.05637	0.03833	0.05730	0.02558	0.03886	0.00263	0.00460	0.40803	0.00403
23	0.00986	0.00760	0.01042	0.11130	0.24596	0.04751	0.00777	0.06236	0.05250	0.12847	0.08200	0.06903	0.01088	0.00557	0.02195	0.00131	0.04914	0.00431	0.06693	0.00513

[dist]
# distance from previous block
# <min> <max>
1	6

[block]
# block no. 6 follows, 71 sequences, length 25
# corresponding to MSA columns:
# 224-248
name=unknown_G
#
# <colnr> <probs for GDERKNQSTAVLIFYWHMCP>
#	G	D	E	R	K	N	Q	S	T	A	V	L	I	F	Y	W	H	M	C	P
0	0.02761	0.21146	0.24810	0.01989	0.01185	0.07403	0.05220	0.06127	0.05015	0.01150	0.00862	0.06790	0.00774	0.06890	0.06142	0.00165	0.00509	0.00365	0.00215	0.00483
1	0.25272	0.00487	0.00447	0.00428	0.00585	0.00477	0.00331	0.00725	0.00828	0.01265	0.09052	0.02770	0.54496	0.00785	0.00393	0.00126	0.00222	0.00632	0.00328	0.00352
2	0.62912	0.00873	0.10190	0.04743	0.04038	0.00835	0.02166	0.01145	0.00724	0.04778	0.04121	0.00804	0.00594	0.00380	0.00283	0.00120	0.00346	0.00260	0.00240	0.00449
3	0.00987	0.02060	0.00902	0.00696	0.03414	0.03303	0.00540	0.14213	0.04034	0.06278	0.00806	0.00878	0.00631	0.00341	0.00314	0.00076	0.00327	0.00269	0.01770	0.58161
4	0.00470	0.00339	0.00445	0.00524	0.00555	0.00314	0.00353	0.00543	0.00757	0.01006	0.05733	0.78280	0.06923	0.01171	0.00486	0.00153	0.00219	0.01058	0.00359	0.00314
5	0.01022	0.83527	0.01966	0.00661	0.00985	0.01496	0.00654	0.01182	0.03885	0.00928	0.00572	0.00646	0.00518	0.00335	0.00251	0.00084	0.00406	0.00214	0.00173	0.00496
6	0.10121	0.00633	0.00727	0.00610	0.00827	0.03354	0.00486	0.05025	0.03647	0.39819	0.10852	0.08002	0.08664	0.00593	0.00385	0.00121	0.00296	0.00487	0.04833	0.00518
7	0.00548	0.00424	0.00505	0.00482	0.00593	0.00396	0.00365	0.00771	0.07036	0.01388	0.52914	0.03031	0.26696	0.00825	0.00450	0.00125	0.00197	0.02486	0.00399	0.00368
8	0.00483	0.00345	0.00463	0.00552	0.00581	0.00325	0.00384	0.00561	0.00750	0.00997	0.02104	0.77618	0.02501	0.01186	0.00494	0.00158	0.00236	0.09590	0.00356	0.00316
9	0.01429	0.01060	0.01135	0.00876	0.01178	0.01176	0.00722	0.78293	0.06411	0.02371	0.00957	0.00949	0.00681	0.00464	0.00384	0.00116	0.00415	0.00350	0.00384	0.00650
10	0.00548	0.00411	0.00616	0.00616	0.00685	0.00479	0.00479	0.00685	0.00616	0.00890	0.01027	0.01506	0.00959	0.02876	0.85006	0.00616	0.01027	0.00411	0.00205	0.00342
11	0.01125	0.00690	0.00745	0.00611	0.00813	0.00731	0.00492	0.35898	0.01257	0.09626	0.01135	0.01201	0.00839	0.00455	0.00328	0.00103	0.00296	0.00355	0.42789	0.00511
12	0.01340	0.01679	0.01169	0.01029	0.01219	0.71370	0.05886	0.01451	0.01025	0.00955	0.00595	0.00728	0.00500	0.00418	0.00443	0.00108	0.09174	0.00269	0.00194	0.00447
13	0.32059	0.00504	0.00522	0.00544	0.00654	0.00543	0.00414	0.00797	0.00704	0.01240	0.01384	0.29420	0.01522	0.09511	0.05558	0.00195	0.00332	0.13456	0.00292	0.00349
14	0.00994	0.00927	0.00666	0.00623	0.00763	0.30657	0.00469	0.01230	0.08757	0.01271	0.01045	0.01166	0.00826	0.00435	0.00307	0.00097	0.00374	0.00325	0.48656	0.00412
15	0.00464	0.00345	0.00433	0.00503	0.00548	0.00314	0.00342	0.00537	0.00764	0.00991	0.02487	0.68850	0.19719	0.01153	0.00482	0.00150	0.00216	0.01031	0.00356	0.00314
16	0.00902	0.01025	0.02210	0.01587	0.01956	0.00979	0.78817	0.01214	0.00890	0.01214	0.00763	0.01025	0.00578	0.00340	0.00491	0.00131	0.04727	0.00447	0.00193	0.00512
17	0.01435	0.01753	0.01093	0.00977	0.01186	0.76743	0.00740	0.09530	0.01157	0.01084	0.00625	0.00714	0.00509	0.00402	0.00349	0.00100	0.00665	0.00257	0.00216	0.00465
18	0.00873	0.07139	0.04575	0.06574	0.01053	0.09993	0.00634	0.01445	0.37546	0.01317	0.08647	0.05829	0.07845	0.00593	0.00395	0.00125	0.00359	0.04236	0.00324	0.00497
19	0.00802	0.02590	0.00922	0.19820	0.07470	0.02096	0.01658	0.05476	0.26859	0.01298	0.03991	0.12274	0.09735	0.00619	0.00409	0.00130	0.00356	0.02704	0.00307	0.00482
20	0.00472	0.00336	0.00443	0.00527	0.00548	0.00315	0.00349	0.00535	0.00724	0.00965	0.02061	0.81480	0.02471	0.06085	0.00573	0.00168	0.00231	0.01060	0.00349	0.00307
21	0.02179	0.03922	0.08431	0.05226	0.04907	0.02384	0.03282	0.01703	0.00726	0.02935	0.01302	0.27462	0.01420	0.26504	0.01744	0.00211	0.02961	0.00626	0.01710	0.00366
22	0.01045	0.26745	0.18773	0.01104	0.13214	0.13263	0.05147	0.04512	0.02225	0.05119	0.00735	0.02059	0.00603	0.00387	0.00349	0.00106	0.01519	0.01294	0.00207	0.01593
23	0.00745	0.02361	0.03352	0.04818	0.02263	0.06738	0.05713	0.05583	0.00775	0.02538	0.02355	0.05056	0.02621	0.08022	0.40004	0.03072	0.02936	0.00433	0.00228	0.00389
24	0.04505	0.02347	0.06477	0.03337	0.00862	0.03760	0.00566	0.02242	0.03215	0.09698	0.08275	0.06461	0.06726	0.03097	0.28200	0.04295	0.04793	0.00464	0.00272	0.00407

[dist]
# distance from previous block
# <min> <max>
5	12

[block]
# block no. 7 follows, 71 sequences, length 20
# corresponding to MSA columns:
# 264-283
name=unknown_H
#
# <colnr> <probs for GDERKNQSTAVLIFYWHMCP>
#	G	D	E	R	K	N	Q	S	T	A	V	L	I	F	Y	W	H	M	C	P
0	0.04040	0.00622	0.00691	0.00582	0.00779	0.02352	0.00463	0.13461	0.05379	0.27147	0.01293	0.04348	0.00961	0.00484	0.00337	0.00108	0.00283	0.00388	0.35775	0.00507
1	0.37225	0.03213	0.01100	0.09796	0.14313	0.08424	0.09268	0.02214	0.00781	0.01364	0.00635	0.00843	0.00520	0.00393	0.00394	0.00122	0.07165	0.01552	0.00211	0.00464
2	0.00513	0.00390	0.00475	0.00484	0.00570	0.00359	0.00351	0.00673	0.03916	0.01254	0.37387	0.26960	0.23373	0.00941	0.00461	0.00133	0.00201	0.00827	0.00385	0.00347
3	0.06033	0.04803	0.03649	0.11805	0.44921	0.02023	0.13245	0.01225	0.02627	0.01305	0.00852	0.01176	0.00720	0.00431	0.00418	0.00135	0.00506	0.03314	0.00228	0.00586
4	0.00747	0.00649	0.00885	0.01969	0.19522	0.03667	0.03290	0.02318	0.11424	0.01360	0.29088	0.09026	0.04244	0.00672	0.00430	0.00128	0.00319	0.08155	0.01650	0.00455
5	0.00500	0.00373	0.00464	0.00478	0.00556	0.00338	0.00345	0.00626	0.00929	0.01253	0.40912	0.29306	0.20602	0.00956	0.00464	0.00134	0.00197	0.00843	0.00387	0.00338
6	0.08559	0.00838	0.05939	0.00696	0.00886	0.09975	0.00578	0.19860	0.01061	0.05361	0.03251	0.18410	0.03987	0.01656	0.00430	0.01521	0.00363	0.08150	0.08027	0.00452
7	0.01391	0.01743	0.01055	0.00960	0.01154	0.79138	0.00721	0.01529	0.04126	0.00979	0.00650	0.00743	0.00535	0.00401	0.00345	0.00100	0.00660	0.00257	0.03066	0.00448
8	0.48884	0.00722	0.00727	0.00596	0.00862	0.00755	0.00492	0.05614	0.00894	0.35632	0.00955	0.00918	0.00646	0.00410	0.00306	0.00118	0.00315	0.00288	0.00342	0.00525
9	0.01458	0.01074	0.01151	0.00882	0.01189	0.01189	0.00729	0.82855	0.01803	0.02416	0.00921	0.00921	0.00652	0.00460	0.00384	0.00115	0.00422	0.00345	0.00384	0.00652
10	0.00480	0.00404	0.00422	0.00410	0.00545	0.00337	0.00308	0.00586	0.00880	0.01083	0.09487	0.06182	0.70690	0.00926	0.00445	0.00126	0.00199	0.00777	0.00354	0.05361
11	0.00492	0.00357	0.00467	0.00535	0.00573	0.00339	0.00365	0.00606	0.03465	0.01069	0.12286	0.73129	0.02626	0.01127	0.00482	0.00151	0.00220	0.01019	0.00365	0.00327
12	0.10132	0.01013	0.01062	0.00824	0.01116	0.01124	0.00680	0.71594	0.01650	0.02309	0.00895	0.00911	0.00641	0.00449	0.00365	0.00114	0.00400	0.00332	0.03769	0.00617
13	0.00618	0.00441	0.00618	0.00706	0.00794	0.00441	0.00618	0.00794	0.00883	0.01147	0.02030	0.04325	0.02207	0.01059	0.00530	0.00177	0.00353	0.81553	0.00353	0.00353
14	0.09158	0.01002	0.01080	0.05179	0.01210	0.01117	0.00714	0.68571	0.01616	0.02237	0.00913	0.01018	0.00678	0.00468	0.00376	0.00118	0.00413	0.03164	0.00359	0.00609
15	0.00486	0.00347	0.00467	0.00555	0.00586	0.00328	0.00389	0.00566	0.00753	0.01000	0.02103	0.76020	0.02495	0.01183	0.00494	0.00158	0.00239	0.11158	0.00356	0.00317
16	0.00467	0.00334	0.00445	0.00534	0.00556	0.00311	0.00356	0.00534	0.00734	0.00979	0.02113	0.86275	0.02536	0.01201	0.00489	0.00156	0.00222	0.01090	0.00356	0.00311
17	0.00830	0.00756	0.01108	0.68393	0.02314	0.04607	0.00977	0.05929	0.05733	0.02620	0.00771	0.01040	0.00576	0.00400	0.00380	0.00125	0.00491	0.00343	0.02153	0.00453
18	0.04862	0.01068	0.04732	0.02344	0.03145	0.04707	0.05596	0.55706	0.03264	0.06224	0.00936	0.02897	0.00694	0.00487	0.01462	0.00124	0.00446	0.00361	0.00343	0.00604
19	0.24639	0.04362	0.03444	0.03108	0.04566	0.02017	0.34001	0.02653	0.00823	0.06153	0.00768	0.01025	0.00616	0.04967	0.00487	0.00138	0.03993	0.01536	0.00226	0.00479

[dist]
# distance from previous block
# <min> <max>
0	2

[block]
# block no. 8 follows, 71 sequences, length 24
# corresponding to MSA columns:
# 286-309
name=unknown_I
#
# <colnr> <probs for GDERKNQSTAVLIFYWHMCP>
#	G	D	E	R	K	N	Q	S	T	A	V	L	I	F	Y	W	H	M	C	P
0	0.25163	0.03168	0.28647	0.00946	0.10735	0.00833	0.00861	0.04957	0.02435	0.03670	0.03312	0.00967	0.03695	0.00396	0.00329	0.00113	0.00406	0.00302	0.00230	0.08834
1	0.00855	0.00715	0.00771	0.00686	0.00897	0.00769	0.00536	0.01616	0.55203	0.03127	0.04937	0.01824	0.12722	0.00584	0.00394	0.00123	0.00284	0.03222	0.00369	0.10366
2	0.00808	0.00765	0.01201	0.13895	0.34907	0.00870	0.00921	0.00981	0.00778	0.01107	0.04535	0.07766	0.04227	0.00546	0.00626	0.00133	0.23096	0.00430	0.00212	0.02196
3	0.01189	0.11589	0.12145	0.00899	0.04538	0.02334	0.03941	0.29530	0.04019	0.12693	0.00919	0.02154	0.00685	0.00465	0.02037	0.00118	0.00432	0.00330	0.00302	0.09682
4	0.02332	0.03903	0.00508	0.00444	0.00471	0.00453	0.00268	0.03120	0.00607	0.00820	0.01159	0.02347	0.01316	0.78708	0.01801	0.00347	0.00373	0.00530	0.00234	0.00259
5	0.00839	0.00839	0.01174	0.01007	0.01007	0.01174	0.00839	0.00923	0.00587	0.00923	0.00503	0.00839	0.00503	0.00671	0.01258	0.00168	0.85823	0.00336	0.00168	0.00419
6	0.00795	0.00681	0.00795	0.00568	0.00909	0.00511	0.00454	0.00965	0.00795	0.01249	0.00681	0.00795	0.00568	0.00284	0.00284	0.00057	0.00284	0.00227	0.00227	0.88869
7	0.07795	0.00514	0.00603	0.00509	0.00699	0.00484	0.00407	0.01332	0.00919	0.37304	0.01310	0.01315	0.00926	0.00452	0.00317	0.00104	0.00251	0.00358	0.43912	0.00489
8	0.01288	0.04668	0.01281	0.00928	0.01247	0.01079	0.11476	0.55388	0.04024	0.04218	0.00895	0.00935	0.00651	0.00420	0.00377	0.00110	0.00430	0.00345	0.00335	0.09906
9	0.00965	0.04773	0.07427	0.01265	0.14025	0.00847	0.27954	0.05059	0.04375	0.08667	0.01899	0.05016	0.00761	0.00402	0.00399	0.00113	0.01407	0.00398	0.00247	0.14001
10	0.00881	0.06873	0.45350	0.01056	0.08801	0.00828	0.04137	0.02577	0.02201	0.09973	0.03883	0.04460	0.06393	0.00462	0.00378	0.00120	0.00466	0.00385	0.00236	0.00542
11	0.00466	0.00339	0.00439	0.00519	0.00552	0.00313	0.00349	0.00536	0.00748	0.00985	0.02293	0.77892	0.10803	0.01178	0.00486	0.00153	0.00220	0.01062	0.00356	0.00313
12	0.00864	0.00835	0.01356	0.31620	0.46426	0.03395	0.02700	0.01107	0.02222	0.01141	0.00775	0.04437	0.00657	0.00395	0.00386	0.00121	0.00474	0.00373	0.00193	0.00525
13	0.02461	0.16806	0.23051	0.05643	0.11629	0.06075	0.13426	0.01272	0.02028	0.09642	0.00758	0.00887	0.00575	0.00377	0.00393	0.00115	0.03798	0.00316	0.00210	0.00537
14	0.00892	0.00593	0.00855	0.12898	0.16979	0.00603	0.00661	0.01126	0.05801	0.15136	0.07607	0.09143	0.04649	0.00577	0.00390	0.00122	0.00326	0.05396	0.15771	0.00474
15	0.00967	0.00518	0.00631	0.00542	0.00695	0.00494	0.00413	0.08837	0.01022	0.23616	0.25287	0.02046	0.05756	0.14528	0.00645	0.00156	0.00274	0.00515	0.12616	0.00444
16	0.01128	0.23516	0.05246	0.05858	0.09305	0.04564	0.08925	0.11564	0.04214	0.14505	0.00903	0.00984	0.01662	0.00475	0.02900	0.00125	0.01740	0.00329	0.01513	0.00544
17	0.00907	0.08749	0.28442	0.03547	0.12924	0.02502	0.10748	0.04552	0.03378	0.06417	0.00862	0.02219	0.00718	0.11714	0.00580	0.00151	0.00489	0.00366	0.00218	0.00516
18	0.01087	0.00686	0.00799	0.00724	0.04250	0.08185	0.03023	0.06297	0.01031	0.29945	0.10464	0.14191	0.16315	0.00684	0.00418	0.00124	0.00326	0.00582	0.00379	0.00488
19	0.05895	0.00652	0.00870	0.00686	0.00944	0.00600	0.03882	0.07542	0.01097	0.54925	0.11390	0.04066	0.04620	0.00540	0.00394	0.00121	0.00319	0.00452	0.00430	0.00576
20	0.00976	0.02267	0.18774	0.01420	0.25595	0.05289	0.13052	0.07601	0.04808	0.06168	0.02081	0.02159	0.03746	0.00436	0.00404	0.00121	0.01430	0.02876	0.00241	0.00555
21	0.01633	0.08916	0.03357	0.03075	0.03201	0.03254	0.04027	0.06450	0.04915	0.02349	0.02961	0.10010	0.01052	0.02393	0.33238	0.02390	0.04454	0.01664	0.00244	0.00418
22	0.00839	0.03112	0.00663	0.00588	0.00732	0.00550	0.00448	0.06718	0.11824	0.12256	0.02524	0.30734	0.04805	0.00821	0.02985	0.00141	0.00288	0.02156	0.13764	0.04050
23	0.01038	0.03370	0.03848	0.02904	0.20983	0.04042	0.06828	0.04124	0.04217	0.19950	0.02221	0.16512	0.02698	0.00567	0.00418	0.00124	0.02126	0.00502	0.03003	0.00524

[dist]
# distance from previous block
# <min> <max>
4	13

[block]
# block no. 9 follows, 71 sequences, length 15
# corresponding to MSA columns:
# 324-338
name=unknown_J
#
# <colnr> <probs for GDERKNQSTAVLIFYWHMCP>
#	G	D	E	R	K	N	Q	S	T	A	V	L	I	F	Y	W	H	M	C	P
0	0.00888	0.25984	0.40833	0.06748	0.05171	0.04661	0.01056	0.01200	0.02737	0.02700	0.03067	0.01990	0.00636	0.00384	0.00337	0.00110	0.00492	0.00294	0.00187	0.00526
1	0.00468	0.00343	0.00440	0.00513	0.00552	0.00315	0.00348	0.00543	0.00766	0.01008	0.05505	0.72130	0.13353	0.01155	0.00483	0.00151	0.00217	0.01038	0.00358	0.00315
2	0.04725	0.00710	0.00939	0.00718	0.01018	0.00644	0.03609	0.07914	0.03616	0.61459	0.01325	0.01195	0.00863	0.00446	0.00373	0.00113	0.00340	0.00365	0.00422	0.09206
3	0.00949	0.52434	0.14836	0.00763	0.02760	0.01220	0.00754	0.07144	0.03038	0.01106	0.00795	0.09672	0.00745	0.00442	0.00307	0.00100	0.00410	0.00332	0.01693	0.00500
4	0.00473	0.00337	0.00446	0.00528	0.00552	0.00315	0.00352	0.00541	0.00739	0.00988	0.04671	0.80788	0.02531	0.04088	0.00538	0.00162	0.00226	0.01059	0.00354	0.00310
5	0.04173	0.00713	0.00916	0.00705	0.01001	0.00658	0.00582	0.13004	0.01182	0.70754	0.01403	0.01233	0.00893	0.00469	0.00381	0.00118	0.00339	0.00375	0.00455	0.00646
6	0.00887	0.00778	0.00801	0.00735	0.00926	0.03957	0.00567	0.01755	0.64998	0.01499	0.06114	0.06674	0.05750	0.00605	0.00404	0.00131	0.00302	0.02187	0.00380	0.00550
