[name]
unknown

[dist]
# distance from previous block
# <min> <max>
0	0

[block]
# block no. 0 follows, 67 sequences, length 55
# corresponding to MSA columns:
# 0-54
name=unknown_A
#
# <colnr> <probs for GDERKNQSTAVLIFYWHMCP>
#	G	D	E	R	K	N	Q	S	T	A	V	L	I	F	Y	W	H	M	C	P
0	0.00646	0.00462	0.00646	0.00739	0.00831	0.00462	0.00646	0.00831	0.00923	0.01200	0.02123	0.04524	0.02308	0.01108	0.00554	0.00185	0.00369	0.80704	0.00369	0.00369
1	0.00805	0.00762	0.01289	0.68142	0.19187	0.00904	0.01138	0.01067	0.00825	0.01083	0.00721	0.01054	0.00555	0.00392	0.00400	0.00131	0.00523	0.00357	0.00182	0.00484
2	0.00947	0.01082	0.02366	0.01690	0.02096	0.01014	0.81947	0.01285	0.00947	0.01285	0.00811	0.01082	0.00609	0.00338	0.00473	0.00135	0.00676	0.00473	0.00203	0.00541
3	0.00988	0.00948	0.01619	0.04239	0.81666	0.00952	0.01228	0.01226	0.00911	0.01304	0.00753	0.00994	0.00633	0.00358	0.00397	0.00119	0.00478	0.00357	0.00198	0.00631
4	0.00757	0.00713	0.01203	0.84942	0.02762	0.00891	0.01114	0.01025	0.00802	0.01025	0.00713	0.01069	0.00535	0.00401	0.00401	0.00134	0.00535	0.00356	0.00178	0.00446
5	0.01786	0.00705	0.00944	0.00724	0.01035	0.00622	0.00598	0.05988	0.01185	0.79596	0.01551	0.01345	0.00977	0.00496	0.00403	0.00124	0.00346	0.00401	0.00492	0.00682
6	0.00993	0.00953	0.01628	0.02462	0.83404	0.00953	0.01231	0.01231	0.00913	0.01310	0.00754	0.00993	0.00635	0.00357	0.00397	0.00119	0.00476	0.00357	0.00199	0.00635
7	0.01499	0.01025	0.01323	0.00998	0.01327	0.03003	0.13944	0.46957	0.01530	0.22600	0.01085	0.01077	0.00744	0.00460	0.00413	0.00123	0.00461	0.00388	0.00388	0.00654
8	0.00573	0.00430	0.00645	0.00645	0.00716	0.00501	0.00501	0.00716	0.00645	0.00931	0.01074	0.01576	0.01003	0.03008	0.84316	0.00645	0.01074	0.00430	0.00215	0.00358
9	0.00850	0.00807	0.01370	0.52597	0.34386	0.00915	0.01160	0.01106	0.00846	0.01137	0.00729	0.01039	0.00574	0.00384	0.00399	0.00128	0.00512	0.00357	0.00186	0.00520
10	0.00993	0.00953	0.01628	0.02462	0.83404	0.00953	0.01231	0.01231	0.00913	0.01310	0.00754	0.00993	0.00635	0.00357	0.00397	0.00119	0.00476	0.00357	0.00199	0.00635
11	0.00986	0.01141	0.02278	0.01643	0.02035	0.06992	0.76121	0.01307	0.00960	0.01263	0.00798	0.01056	0.00602	0.00343	0.00465	0.00133	0.00680	0.00458	0.00203	0.00535
12	0.00600	0.00439	0.00587	0.00660	0.00751	0.00425	0.00555	0.00760	0.00914	0.01182	0.05976	0.13447	0.14052	0.01099	0.00534	0.00173	0.00322	0.56791	0.00373	0.00360
13	0.03746	0.00771	0.01003	0.00872	0.01020	0.09409	0.14469	0.05283	0.03233	0.03175	0.06037	0.35966	0.03617	0.00819	0.00543	0.00145	0.08430	0.00720	0.00312	0.00431
14	0.00620	0.00449	0.00604	0.00557	0.00668	0.00418	0.02891	0.02689	0.01080	0.03755	0.59772	0.11353	0.09848	0.00901	0.02459	0.00143	0.00241	0.00746	0.00417	0.00390
15	0.00559	0.00416	0.00615	0.00630	0.00694	0.00472	0.00480	0.00690	0.00665	0.00946	0.01261	0.15378	0.01274	0.02720	0.70557	0.00565	0.00936	0.00546	0.00241	0.00353
16	0.01043	0.01123	0.01285	0.03944	0.13926	0.23625	0.12950	0.03926	0.07999	0.01223	0.04854	0.08168	0.03483	0.00546	0.00519	0.00130	0.10048	0.00452	0.00254	0.00501
17	0.00959	0.00985	0.01217	0.01037	0.01118	0.11239	0.06013	0.03606	0.06333	0.01084	0.00716	0.02957	0.00660	0.00770	0.05735	0.00186	0.54339	0.00378	0.00211	0.00462
18	0.01134	0.00942	0.00917	0.00812	0.01043	0.10419	0.00632	0.02849	0.59036	0.11512	0.01610	0.01490	0.04716	0.00543	0.00405	0.00131	0.00363	0.00441	0.00394	0.00609
19	0.00583	0.00389	0.00437	0.00437	0.00437	0.00389	0.00243	0.00583	0.00583	0.00778	0.01264	0.02624	0.01458	0.85906	0.02041	0.00389	0.00389	0.00583	0.00243	0.00243
20	0.05553	0.00932	0.01553	0.06388	0.75161	0.00947	0.01184	0.01218	0.00896	0.01322	0.00742	0.00979	0.00620	0.00360	0.00389	0.00120	0.00471	0.00350	0.00200	0.00616
21	0.00583	0.00389	0.00437	0.00437	0.00437	0.00389	0.00243	0.00583	0.00583	0.00778	0.01264	0.02624	0.01458	0.85906	0.02041	0.00389	0.00389	0.00583	0.00243	0.00243
22	0.00793	0.00745	0.01257	0.69191	0.15848	0.00889	0.01120	0.01053	0.00823	0.01076	0.00758	0.01152	0.00600	0.00413	0.00405	0.00133	0.00521	0.02563	0.00187	0.00474
23	0.00900	0.02983	0.53658	0.01022	0.01486	0.00873	0.04218	0.02863	0.09680	0.07546	0.01004	0.07561	0.00798	0.00472	0.00395	0.00128	0.00505	0.00392	0.00243	0.03273
24	0.00832	0.00713	0.00832	0.00594	0.00950	0.00535	0.00475	0.01010	0.00832	0.01307	0.00713	0.00832	0.00594	0.00297	0.00297	0.00059	0.00297	0.00238	0.00238	0.88357
25	0.00555	0.00421	0.00578	0.00578	0.00654	0.00459	0.00437	0.00676	0.00689	0.00944	0.01663	0.02119	0.16708	0.11234	0.59812	0.00521	0.00837	0.00525	0.00248	0.00342
26	0.00947	0.01082	0.02366	0.01690	0.02096	0.01014	0.81947	0.01285	0.00947	0.01285	0.00811	0.01082	0.00609	0.00338	0.00473	0.00135	0.00676	0.00473	0.00203	0.00541
27	0.00670	0.00485	0.00560	0.00525	0.00654	0.00477	0.00399	0.00997	0.14524	0.03272	0.42174	0.02692	0.18469	0.00761	0.00437	0.00125	0.00216	0.00653	0.11493	0.00419
28	0.00485	0.00376	0.00442	0.00490	0.00565	0.00333	0.00343	0.00573	0.00845	0.01071	0.05936	0.46847	0.37992	0.01135	0.00494	0.00150	0.00218	0.00997	0.00375	0.00333
29	0.00620	0.00415	0.00526	0.00501	0.00602	0.00380	0.00373	0.00785	0.01056	0.05395	0.58888	0.09573	0.11207	0.02881	0.00501	0.00135	0.00206	0.00734	0.04842	0.00381
30	0.01065	0.80165	0.02024	0.00700	0.01030	0.01550	0.00687	0.01245	0.05077	0.00982	0.00613	0.00692	0.00552	0.00360	0.00284	0.00090	0.01952	0.00229	0.00184	0.00520
31	0.01201	0.46836	0.07097	0.00814	0.01131	0.13875	0.00760	0.10167	0.00994	0.06570	0.00691	0.00767	0.00566	0.00399	0.00363	0.00102	0.04960	0.00263	0.00225	0.02221
32	0.00983	0.13088	0.28319	0.01209	0.03606	0.03602	0.24444	0.06756	0.00948	0.04159	0.00821	0.04435	0.00660	0.00427	0.00445	0.00126	0.04820	0.00382	0.00217	0.00555
33	0.00527	0.00417	0.00471	0.00494	0.00588	0.00384	0.00352	0.00688	0.06432	0.01123	0.08404	0.31173	0.40901	0.05475	0.00564	0.00157	0.00230	0.00897	0.00373	0.00352
34	0.00536	0.00415	0.00490	0.00478	0.00586	0.00374	0.00356	0.00705	0.02978	0.01364	0.44740	0.09185	0.34495	0.00920	0.00475	0.00133	0.00201	0.00795	0.00409	0.00365
35	0.00658	0.00606	0.06813	0.00672	0.00806	0.00518	0.03727	0.03879	0.09978	0.02105	0.02043	0.47743	0.09413	0.00968	0.00469	0.00148	0.00295	0.03478	0.05271	0.00411
36	0.01969	0.16630	0.32300	0.01018	0.02962	0.05189	0.05825	0.01301	0.10864	0.01207	0.01694	0.03500	0.00720	0.00537	0.02935	0.00142	0.10103	0.00350	0.00215	0.00539
37	0.01074	0.00658	0.00725	0.00625	0.00820	0.00693	0.00493	0.14255	0.20586	0.14033	0.05690	0.01514	0.02697	0.00521	0.00362	0.00115	0.00282	0.00422	0.33903	0.00531
38	0.00945	0.09499	0.10848	0.00880	0.01113	0.07929	0.08389	0.07456	0.07274	0.03929	0.08221	0.03411	0.03550	0.05808	0.06421	0.00179	0.10124	0.00432	0.03105	0.00488
39	0.02822	0.02077	0.09974	0.11634	0.33615	0.12577	0.04314	0.08071	0.08511	0.01366	0.00821	0.00986	0.00645	0.00400	0.00391	0.00122	0.00517	0.00347	0.00231	0.00579
40	0.01381	0.00870	0.01054	0.00904	0.05239	0.00913	0.02237	0.28523	0.17536	0.27078	0.01391	0.04986	0.02920	0.00541	0.00433	0.00128	0.02377	0.00440	0.00411	0.00638
41	0.01303	0.03600	0.01325	0.08259	0.22876	0.11982	0.01781	0.32619	0.01317	0.07707	0.00864	0.00967	0.00649	0.00434	0.00414	0.00120	0.02529	0.00346	0.00297	0.00610
42	0.00572	0.00401	0.00497	0.00498	0.00528	0.00416	0.00325	0.00624	0.00638	0.00866	0.03779	0.04376	0.05690	0.54049	0.24641	0.00433	0.00559	0.00572	0.00251	0.00286
43	0.01184	0.57062	0.06021	0.00812	0.01128	0.25865	0.00753	0.01322	0.00911	0.00972	0.00584	0.00677	0.00515	0.00366	0.00294	0.00093	0.00524	0.00232	0.00182	0.00504
44	0.00492	0.00362	0.00460	0.00530	0.00575	0.00332	0.00360	0.00573	0.00811	0.01066	0.07408	0.66711	0.15407	0.02238	0.00522	0.00159	0.00227	0.01062	0.00375	0.00330
45	0.00797	0.00645	0.03565	0.00652	0.00816	0.03191	0.01596	0.03970	0.13124	0.07938	0.21173	0.15798	0.12701	0.02574	0.02869	0.00154	0.01186	0.03471	0.00377	0.03403
46	0.03159	0.01000	0.01521	0.06434	0.67858	0.06702	0.01149	0.03064	0.00945	0.03263	0.00763	0.00978	0.00627	0.00370	0.00391	0.00119	0.00488	0.00348	0.00211	0.00611
47	0.66424	0.00809	0.00661	0.00589	0.00824	0.06325	0.00479	0.01238	0.00769	0.09334	0.02348	0.00910	0.00632	0.00550	0.04662	0.00151	0.00379	0.02188	0.00274	0.00453
48	0.00504	0.00365	0.00468	0.00539	0.00577	0.00340	0.00366	0.00582	0.00792	0.01047	0.06541	0.64351	0.10063	0.07816	0.00627	0.00177	0.00245	0.03911	0.00366	0.00325
49	0.01111	0.08998	0.08657	0.02602	0.17844	0.15632	0.11776	0.05688	0.10301	0.05162	0.00901	0.01020	0.00699	0.00412	0.00392	0.00117	0.01515	0.00351	0.06264	0.00559
50	0.04044	0.00861	0.01211	0.60901	0.10871	0.08107	0.01047	0.03737	0.03271	0.01146	0.00739	0.01025	0.00565	0.00403	0.00392	0.00129	0.00527	0.00346	0.00199	0.00480
51	0.00928	0.00797	0.00843	0.00763	0.00975	0.00906	0.00592	0.01920	0.71042	0.01622	0.06421	0.01785	0.08449	0.00600	0.00417	0.00135	0.00300	0.00503	0.00407	0.00595
52	0.00493	0.00380	0.00451	0.00490	0.00568	0.00338	0.00346	0.00592	0.00876	0.01126	0.13827	0.41707	0.35164	0.01101	0.00491	0.00147	0.00215	0.00966	0.00382	0.00338
53	0.00958	0.01077	0.02305	0.01653	0.02045	0.01026	0.77623	0.03215	0.00959	0.01305	0.00807	0.01073	0.00608	0.00352	0.00496	0.00136	0.03146	0.00467	0.00207	0.00541
54	0.09913	0.00763	0.00876	0.00707	0.00970	0.03397	0.00576	0.10768	0.05545	0.41326	0.02766	0.01418	0.05223	0.00523	0.00417	0.00123	0.03396	0.02017	0.04266	0.05011

[dist]
# distance from previous block
# <min> <max>
0	22

[block]
# block no. 1 follows, 67 sequences, length 27
# corresponding to MSA columns:
# 77-95,98-105
name=unknown_B
#
# <colnr> <probs for GDERKNQSTAVLIFYWHMCP>
#	G	D	E	R	K	N	Q	S	T	A	V	L	I	F	Y	W	H	M	C	P
0	0.00896	0.12863	0.57300	0.01005	0.01507	0.02885	0.01205	0.01317	0.05670	0.03489	0.00773	0.00868	0.00571	0.00383	0.00360	0.00116	0.00527	0.00292	0.00199	0.07773
1	0.00691	0.00553	0.00615	0.00578	0.00705	0.03604	0.00435	0.03941	0.10950	0.02803	0.39551	0.13006	0.17109	0.00834	0.00469	0.00132	0.01194	0.00718	0.00401	0.01712
2	0.00977	0.00937	0.01600	0.07869	0.78117	0.00949	0.01223	0.01217	0.00906	0.01292	0.00752	0.00998	0.00629	0.00360	0.00397	0.00120	0.00480	0.00357	0.00197	0.00623
3	0.00703	0.00574	0.00687	0.00565	0.00796	0.00463	0.00433	0.00853	0.00852	0.01253	0.11225	0.14330	0.06801	0.03902	0.02727	0.00120	0.00295	0.02680	0.00295	0.50445
4	0.00628	0.00445	0.00608	0.00689	0.00765	0.00444	0.00578	0.00782	0.00871	0.01136	0.02023	0.09702	0.02226	0.11641	0.00736	0.00209	0.00363	0.65452	0.00354	0.00351
5	0.00486	0.00407	0.00422	0.00418	0.00549	0.00344	0.00314	0.00598	0.00942	0.01149	0.13883	0.03752	0.73381	0.00991	0.00474	0.00134	0.00201	0.00831	0.00381	0.00344
6	0.01067	0.00896	0.00946	0.00830	0.01069	0.01030	0.00652	0.12706	0.71991	0.01790	0.01544	0.01426	0.01153	0.00536	0.00407	0.00134	0.00334	0.00441	0.00407	0.00641
7	0.00947	0.01082	0.02366	0.01690	0.02096	0.01014	0.81947	0.01285	0.00947	0.01285	0.00811	0.01082	0.00609	0.00338	0.00473	0.00135	0.00676	0.00473	0.00203	0.00541
8	0.00755	0.00404	0.00424	0.00414	0.00502	0.00424	0.00316	0.00936	0.00828	0.01464	0.01262	0.01459	0.00998	0.00481	0.00342	0.00098	0.05222	0.00372	0.82921	0.00378
9	0.00925	0.00499	0.00526	0.00473	0.00612	0.00509	0.00368	0.12329	0.01007	0.07027	0.01278	0.01412	0.00977	0.00471	0.00305	0.00099	0.00233	0.00374	0.70138	0.00437
10	0.00572	0.00433	0.00544	0.00598	0.00702	0.00406	0.00496	0.00720	0.00919	0.01164	0.06049	0.09029	0.31647	0.01072	0.00519	0.00163	0.00294	0.43943	0.00373	0.00356
11	0.01004	0.01191	0.07297	0.01573	0.07240	0.07781	0.57276	0.03560	0.06433	0.01321	0.00845	0.01056	0.00639	0.00366	0.00447	0.00131	0.00631	0.00433	0.00220	0.00554
12	0.01359	0.00892	0.07472	0.01095	0.13040	0.00843	0.01811	0.04856	0.00997	0.41209	0.02157	0.01161	0.00816	0.00516	0.00610	0.00135	0.19695	0.00380	0.00347	0.00608
13	0.00487	0.00357	0.00457	0.00538	0.00576	0.00327	0.00363	0.00561	0.00787	0.01032	0.02458	0.74705	0.13432	0.01224	0.00507	0.00159	0.00229	0.01101	0.00372	0.00327
14	0.00574	0.00427	0.00632	0.00632	0.00700	0.00495	0.00486	0.00708	0.00641	0.00922	0.01085	0.01638	0.01030	0.07919	0.79442	0.00629	0.01034	0.00439	0.00217	0.00351
15	0.01000	0.22560	0.33198	0.03418	0.07664	0.07446	0.03983	0.04011	0.03835	0.04272	0.00806	0.02342	0.00651	0.01243	0.00378	0.00119	0.00518	0.01786	0.00213	0.00557
16	0.01251	0.00983	0.02648	0.00857	0.01135	0.01074	0.00699	0.36888	0.40822	0.05765	0.01361	0.01285	0.02332	0.00519	0.00405	0.00128	0.00376	0.00414	0.00404	0.00652
17	0.03422	0.02940	0.05866	0.18088	0.35840	0.22800	0.01059	0.03135	0.00960	0.01199	0.00705	0.00912	0.00571	0.00385	0.00381	0.00118	0.00553	0.00321	0.00200	0.00544
18	0.01405	0.13646	0.01263	0.00991	0.02325	0.69178	0.00759	0.01516	0.01081	0.00989	0.01782	0.00760	0.00571	0.00446	0.01564	0.00109	0.00676	0.00263	0.00205	0.00471
19	0.00952	0.02643	0.19269	0.02879	0.01959	0.06464	0.57259	0.01297	0.00934	0.01252	0.00774	0.01002	0.00579	0.00353	0.00442	0.00131	0.00656	0.00416	0.00195	0.00545
20	0.09911	0.26421	0.24952	0.02839	0.01294	0.03923	0.04423	0.05552	0.01596	0.03064	0.00744	0.01644	0.01508	0.00391	0.00347	0.00109	0.01916	0.00289	0.00213	0.08864
21	0.01534	0.00639	0.00856	0.00689	0.00948	0.00567	0.00557	0.04731	0.01130	0.64023	0.07866	0.10703	0.01396	0.00613	0.00423	0.00129	0.00322	0.01786	0.00473	0.00615
22	0.00478	0.00406	0.00411	0.00410	0.00544	0.00340	0.00308	0.00582	0.00923	0.01103	0.07069	0.03827	0.80222	0.01008	0.00474	0.00135	0.00203	0.00842	0.00375	0.00340
23	0.02115	0.34149	0.20304	0.00947	0.01330	0.10626	0.08353	0.09429	0.02238	0.05947	0.00740	0.00825	0.00576	0.00385	0.00342	0.00108	0.00515	0.00291	0.00224	0.00556
24	0.00609	0.00482	0.03323	0.00624	0.00718	0.00426	0.03556	0.00733	0.01817	0.04780	0.02124	0.43102	0.12428	0.08537	0.07720	0.00217	0.00360	0.07738	0.00341	0.00364
25	0.13380	0.00708	0.00880	0.00690	0.00980	0.00662	0.00568	0.07126	0.01134	0.62445	0.06204	0.01338	0.01061	0.00498	0.00386	0.00124	0.00335	0.00394	0.00453	0.00631
26	0.00983	0.00947	0.01628	0.05321	0.78974	0.00952	0.02835	0.01225	0.00910	0.01300	0.00754	0.00997	0.00631	0.00358	0.00399	0.00120	0.00482	0.00360	0.00198	0.00627

[dist]
# distance from previous block
# <min> <max>
0	1

[block]
# block no. 2 follows, 67 sequences, length 10
# corresponding to MSA columns:
# 107-116
name=unknown_C
#
# <colnr> <probs for GDERKNQSTAVLIFYWHMCP>
#	G	D	E	R	K	N	Q	S	T	A	V	L	I	F	Y	W	H	M	C	P
0	0.06037	0.00971	0.06554	0.10870	0.08735	0.05293	0.05350	0.13342	0.23098	0.02891	0.01158	0.06184	0.00966	0.03883	0.00470	0.00142	0.00434	0.02764	0.00306	0.00551
1	0.00585	0.00400	0.00485	0.00500	0.00520	0.00407	0.00324	0.00625	0.00638	0.00854	0.01386	0.06452	0.01562	0.63326	0.10615	0.00382	0.00453	0.09951	0.00261	0.00274
2	0.00804	0.02074	0.83828	0.01143	0.01736	0.00931	0.01482	0.01270	0.00847	0.01270	0.00720	0.00847	0.00508	0.00381	0.00381	0.00127	0.00593	0.00296	0.00169	0.00593
3	0.00794	0.00750	0.01269	0.72056	0.15361	0.00901	0.01132	0.01057	0.00819	0.01069	0.00719	0.01057	0.00550	0.00394	0.00400	0.00131	0.00526	0.00357	0.00181	0.00475
4	0.00757	0.00713	0.01203	0.84942	0.02762	0.00891	0.01114	0.01025	0.00802	0.01025	0.00713	0.01069	0.00535	0.00401	0.00401	0.00134	0.00535	0.00356	0.00178	0.00446
5	0.00785	0.00741	0.01253	0.75282	0.12206	0.00898	0.01127	0.01049	0.00815	0.01058	0.00718	0.01060	0.00546	0.00396	0.00401	0.00132	0.00528	0.00357	0.00181	0.00468
6	0.00771	0.00419	0.00423	0.00415	0.00521	0.00432	0.00313	0.01045	0.08427	0.01512	0.01338	0.01495	0.01046	0.00474	0.00292	0.00097	0.00199	0.00381	0.80000	0.00398
7	0.18307	0.01547	0.00968	0.00891	0.01089	0.60354	0.00672	0.01423	0.01014	0.01144	0.00755	0.08581	0.00699	0.00483	0.00354	0.00113	0.00598	0.00332	0.00230	0.00446
8	0.00877	0.00877	0.01228	0.01053	0.01053	0.01228	0.00877	0.00965	0.00614	0.00965	0.00526	0.00877	0.00526	0.00702	0.01316	0.00175	0.85172	0.00351	0.00175	0.00439
9	0.00878	0.04092	0.01006	0.12144	0.13671	0.07759	0.00697	0.05401	0.00898	0.01207	0.03942	0.03351	0.00990	0.12508	0.03050	0.00162	0.00439	0.05402	0.00246	0.22155

[dist]
# distance from previous block
# <min> <max>
1	20

[block]
# block no. 3 follows, 67 sequences, length 14
# corresponding to MSA columns:
# 137-150
name=unknown_D
#
# <colnr> <probs for GDERKNQSTAVLIFYWHMCP>
#	G	D	E	R	K	N	Q	S	T	A	V	L	I	F	Y	W	H	M	C	P
0	0.01024	0.00730	0.00911	0.00841	0.09276	0.00662	0.00593	0.01391	0.17385	0.16120	0.03696	0.05107	0.02519	0.00462	0.00367	0.00101	0.00319	0.00391	0.00329	0.37777
1	0.00777	0.00750	0.04041	0.12824	0.35819	0.00721	0.02737	0.00985	0.00890	0.01212	0.05521	0.12633	0.10051	0.00648	0.00441	0.00136	0.00407	0.08645	0.00265	0.00495
2	0.01075	0.05588	0.05616	0.00875	0.03587	0.06329	0.00718	0.19346	0.12772	0.04067	0.00937	0.01050	0.00743	0.00745	0.10008	0.00174	0.09052	0.00341	0.00287	0.16686
3	0.01001	0.00794	0.00903	0.00679	0.01007	0.00711	0.00546	0.15443	0.10345	0.04504	0.02756	0.00998	0.00767	0.00377	0.00336	0.00083	0.00324	0.00301	0.00300	0.57826
4	0.02521	0.14450	0.04188	0.02066	0.05437	0.00945	0.00680	0.20936	0.02038	0.08049	0.04827	0.10187	0.08013	0.03161	0.01576	0.00142	0.07791	0.02157	0.00316	0.00518
5	0.00979	0.28922	0.51342	0.01108	0.04438	0.01186	0.03761	0.01299	0.00892	0.01240	0.00749	0.00900	0.00591	0.00418	0.00378	0.00128	0.00563	0.00304	0.00199	0.00606
6	0.00854	0.00405	0.00430	0.00408	0.00523	0.00396	0.00312	0.01038	0.00872	0.09797	0.01336	0.01482	0.01024	0.00470	0.00293	0.00097	0.00202	0.00377	0.79279	0.00405
7	0.00484	0.00398	0.00426	0.00443	0.00557	0.00341	0.00327	0.00585	0.00897	0.01094	0.06393	0.17582	0.65049	0.01052	0.00482	0.00141	0.00212	0.02824	0.00375	0.00339
8	0.02781	0.02537	0.16711	0.03631	0.15223	0.00729	0.06312	0.01011	0.03540	0.02979	0.01016	0.11258	0.00958	0.03063	0.10240	0.12911	0.02924	0.01491	0.00229	0.00456
9	0.01339	0.10425	0.10739	0.01080	0.09576	0.03231	0.00884	0.54017	0.01535	0.02053	0.00862	0.00912	0.00635	0.00441	0.00382	0.00117	0.00468	0.00335	0.00325	0.00644
10	0.00644	0.00476	0.00528	0.00489	0.00624	0.00448	0.00374	0.08911	0.01080	0.01457	0.30717	0.03000	0.38157	0.00832	0.00444	0.00126	0.00221	0.00702	0.10381	0.00391
11	0.00632	0.00488	0.00586	0.00548	0.00670	0.00482	0.00415	0.00975	0.15307	0.01561	0.59993	0.02833	0.12376	0.00794	0.00462	0.00129	0.00213	0.00692	0.00428	0.00419
12	0.01113	0.20412	0.01155	0.00769	0.00988	0.27078	0.00622	0.05266	0.10343	0.04330	0.13372	0.04371	0.05014	0.00539	0.00372	0.00111	0.00446	0.00413	0.02797	0.00488
13	0.10572	0.00461	0.00507	0.00476	0.00611	0.00429	0.00362	0.00750	0.00995	0.01433	0.42809	0.02958	0.31441	0.00820	0.00441	0.00127	0.00212	0.00693	0.00388	0.03516

[dist]
# distance from previous block
# <min> <max>
0	73

[block]
# block no. 4 follows, 67 sequences, length 32
# corresponding to MSA columns:
# 224-255
name=unknown_E
#
# <colnr> <probs for GDERKNQSTAVLIFYWHMCP>
#	G	D	E	R	K	N	Q	S	T	A	V	L	I	F	Y	W	H	M	C	P
0	0.01000	0.05803	0.24917	0.02607	0.12611	0.06376	0.09300	0.09240	0.07129	0.03923	0.07433	0.01888	0.00905	0.00458	0.00444	0.00126	0.04639	0.00383	0.00254	0.00566
1	0.01498	0.01911	0.01137	0.01033	0.01240	0.84295	0.00775	0.01601	0.01137	0.00982	0.00620	0.00723	0.00517	0.00413	0.00362	0.00103	0.00723	0.00258	0.00207	0.00465
2	0.00970	0.00929	0.01589	0.04828	0.77112	0.00932	0.02375	0.01207	0.00912	0.01302	0.02129	0.02423	0.00717	0.00381	0.00401	0.00121	0.00472	0.00378	0.00205	0.00619
3	0.00835	0.00811	0.01130	0.00980	0.00984	0.01117	0.00805	0.00920	0.00614	0.00949	0.00618	0.01055	0.00628	0.07265	0.06845	0.00222	0.73246	0.00374	0.00183	0.00419
4	0.00789	0.00748	0.01249	0.71152	0.11117	0.00918	0.01112	0.01043	0.00802	0.01051	0.00706	0.01049	0.00545	0.00415	0.00457	0.00135	0.05712	0.00356	0.00180	0.00465
5	0.00568	0.00425	0.00634	0.00639	0.00708	0.00491	0.00493	0.00706	0.00652	0.00937	0.01144	0.06724	0.01104	0.02901	0.79184	0.00615	0.01023	0.00473	0.00224	0.00356
6	0.00541	0.00398	0.00490	0.00486	0.00572	0.00363	0.00352	0.00682	0.00994	0.01358	0.48052	0.15926	0.19532	0.06132	0.00572	0.00149	0.00211	0.00799	0.02038	0.00354
7	0.00551	0.00408	0.00514	0.00490	0.00590	0.00371	0.00367	0.00725	0.01094	0.01515	0.69244	0.04558	0.16368	0.00858	0.00474	0.00128	0.00192	0.00752	0.00429	0.00371
8	0.01587	0.00632	0.00851	0.00669	0.00941	0.00551	0.00546	0.01749	0.01130	0.68935	0.11984	0.01580	0.01351	0.00536	0.00406	0.00123	0.00314	0.00443	0.05044	0.00628
9	0.01160	0.00920	0.00977	0.00831	0.01082	0.01043	0.00660	0.26175	0.54067	0.03232	0.01418	0.01333	0.01050	0.00522	0.00401	0.00130	0.00350	0.00422	0.03587	0.00640
10	0.00933	0.02700	0.03997	0.01627	0.02024	0.01003	0.76345	0.01262	0.00937	0.01270	0.00846	0.03542	0.00664	0.00366	0.00468	0.00135	0.00657	0.00484	0.00207	0.00535
11	0.01176	0.54471	0.01755	0.00834	0.03074	0.16625	0.00729	0.09391	0.00973	0.01121	0.00635	0.01846	0.00564	0.00401	0.00354	0.00099	0.04968	0.00260	0.00205	0.00519
12	0.00720	0.06834	0.16460	0.00732	0.03416	0.00655	0.00663	0.05871	0.03407	0.01308	0.14119	0.13803	0.19822	0.00767	0.01571	0.00134	0.00343	0.02678	0.00317	0.06378
13	0.04123	0.13411	0.19415	0.08984	0.09216	0.08870	0.03723	0.08602	0.06707	0.06322	0.04828	0.02407	0.00813	0.00439	0.00375	0.00119	0.00485	0.00353	0.00254	0.00554
14	0.00507	0.00384	0.00470	0.00534	0.00592	0.00358	0.00368	0.00630	0.04313	0.01066	0.02619	0.62913	0.21435	0.01170	0.00499	0.00155	0.00229	0.01042	0.00374	0.00342
15	0.00757	0.00713	0.01203	0.84942	0.02762	0.00891	0.01114	0.01025	0.00802	0.01025	0.00713	0.01069	0.00535	0.00401	0.00401	0.00134	0.00535	0.00356	0.00178	0.00446
16	0.03575	0.00956	0.01354	0.36723	0.14484	0.10826	0.12009	0.04013	0.06304	0.01210	0.00804	0.01072	0.00634	0.02223	0.02032	0.00142	0.00550	0.00369	0.00215	0.00504
17	0.01000	0.02449	0.03134	0.18191	0.33422	0.00896	0.02477	0.10719	0.04342	0.06905	0.02165	0.02480	0.04581	0.00586	0.04784	0.00152	0.00485	0.00406	0.00261	0.00565
18	0.00497	0.00355	0.00475	0.00568	0.00595	0.00333	0.00387	0.00573	0.00776	0.01033	0.02206	0.81350	0.02634	0.01249	0.00514	0.00164	0.00240	0.05351	0.00372	0.00328
19	0.00787	0.00731	0.01214	0.80262	0.04808	0.00903	0.01106	0.03480	0.00838	0.01078	0.00721	0.01064	0.00542	0.00402	0.00401	0.00133	0.00530	0.00357	0.00185	0.00458
20	0.04635	0.01023	0.01347	0.22647	0.25604	0.12330	0.07266	0.08306	0.08052	0.01349	0.02111	0.01039	0.00687	0.00413	0.00406	0.00124	0.01515	0.00361	0.00236	0.00546
21	0.00562	0.00422	0.00517	0.00492	0.00595	0.00389	0.00366	0.00755	0.03504	0.01473	0.61793	0.03109	0.19465	0.04155	0.00532	0.00138	0.00204	0.00736	0.00419	0.00373
22	0.00895	0.00711	0.00838	0.00602	0.00955	0.00538	0.00483	0.01072	0.00852	0.06740	0.00770	0.00867	0.00620	0.00310	0.00304	0.00064	0.00300	0.00249	0.00255	0.82575
23	0.81315	0.00768	0.00619	0.00543	0.00797	0.00873	0.00448	0.01245	0.00722	0.08791	0.00646	0.00712	0.00482	0.00383	0.00261	0.00124	0.00313	0.00233	0.00269	0.00456
24	0.00588	0.00435	0.00553	0.00523	0.00624	0.00413	0.00392	0.00828	0.06109	0.01576	0.72962	0.06137	0.05682	0.00825	0.00471	0.00128	0.00199	0.00728	0.00435	0.00391
25	0.00832	0.00713	0.00832	0.00594	0.00950	0.00535	0.00475	0.01010	0.00832	0.01307	0.00713	0.00832	0.00594	0.00297	0.00297	0.00059	0.00297	0.00238	0.00238	0.88357
26	0.00505	0.00365	0.00474	0.00555	0.00591	0.00341	0.00382	0.00583	0.00782	0.01030	0.02297	0.68377	0.08830	0.05706	0.00593	0.00174	0.00250	0.07475	0.00365	0.00326
27	0.00532	0.00403	0.00462	0.00454	0.00563	0.00357	0.00338	0.00675	0.00995	0.01329	0.37150	0.07646	0.40070	0.00910	0.00463	0.00130	0.00198	0.00780	0.06189	0.00357
28	0.00660	0.00544	0.00758	0.00710	0.00745	0.00677	0.00546	0.00754	0.00622	0.00905	0.00966	0.01624	0.00976	0.21501	0.42359	0.00456	0.24189	0.00443	0.00210	0.00354
29	0.00597	0.00441	0.00568	0.00617	0.00708	0.00427	0.00500	0.00774	0.03354	0.01206	0.13275	0.12204	0.16083	0.06276	0.00613	0.00177	0.00303	0.41142	0.00373	0.00361
30	0.01303	0.01458	0.03278	0.01105	0.09016	0.45158	0.00807	0.15874	0.02943	0.01340	0.03273	0.01110	0.00779	0.00565	0.03173	0.00134	0.03413	0.04495	0.00259	0.00515
31	0.00856	0.00859	0.01233	0.68957	0.09625	0.09646	0.01088	0.01103	0.00847	0.01045	0.00707	0.01026	0.00541	0.00398	0.00396	0.00129	0.00549	0.00346	0.00183	0.00464

[dist]
# distance from previous block
# <min> <max>
0	1

[block]
# block no. 5 follows, 67 sequences, length 38
# corresponding to MSA columns:
# 257-294
name=unknown_F
#
# <colnr> <probs for GDERKNQSTAVLIFYWHMCP>
#	G	D	E	R	K	N	Q	S	T	A	V	L	I	F	Y	W	H	M	C	P
0	0.07479	0.01082	0.01126	0.00876	0.01185	0.04858	0.00720	0.63389	0.01682	0.12118	0.00994	0.00979	0.00695	0.00473	0.00389	0.00120	0.00433	0.00352	0.00393	0.00656
1	0.00563	0.00410	0.00530	0.00500	0.00596	0.00377	0.00375	0.00748	0.01125	0.01584	0.79468	0.03036	0.07524	0.00829	0.00473	0.00127	0.00190	0.00731	0.00438	0.00377
2	0.00633	0.00452	0.00631	0.00723	0.00809	0.00450	0.00622	0.00807	0.00910	0.01185	0.02131	0.11566	0.02338	0.01121	0.00550	0.00183	0.00357	0.73798	0.00370	0.00366
3	0.00531	0.00402	0.00490	0.00481	0.00580	0.00361	0.00356	0.00681	0.01030	0.01389	0.50877	0.12079	0.27429	0.00925	0.00477	0.00133	0.00198	0.00806	0.00413	0.00361
4	0.00629	0.00449	0.00626	0.00719	0.00803	0.00446	0.00616	0.00801	0.00906	0.01181	0.02133	0.13558	0.02346	0.01124	0.00549	0.00182	0.00354	0.71844	0.00370	0.00364
5	0.00856	0.04421	0.77858	0.01111	0.01684	0.00935	0.01420	0.01298	0.00859	0.04869	0.00753	0.00864	0.00529	0.00385	0.00378	0.00126	0.00577	0.00299	0.00184	0.00594
6	0.00856	0.00741	0.00909	0.00651	0.01009	0.00576	0.04050	0.03343	0.00867	0.01341	0.00724	0.00846	0.00597	0.00304	0.00308	0.00064	0.00318	0.00251	0.00241	0.82002
7	0.00584	0.00389	0.00501	0.00560	0.00620	0.00359	0.00397	0.00671	0.00815	0.05944	0.02356	0.58593	0.12736	0.05151	0.00577	0.00170	0.00256	0.08601	0.00373	0.00349
8	0.01502	0.01112	0.01191	0.00918	0.01235	0.01233	0.00757	0.78675	0.05314	0.02491	0.00991	0.00986	0.00705	0.00484	0.00401	0.00121	0.00436	0.00365	0.00401	0.00680
9	0.01100	0.31114	0.05804	0.06321	0.09955	0.07405	0.01919	0.09750	0.06175	0.04882	0.00826	0.00919	0.01858	0.00402	0.00357	0.00105	0.02114	0.00303	0.00240	0.08450
10	0.01453	0.00719	0.00901	0.00743	0.02206	0.01845	0.00592	0.10498	0.08687	0.49675	0.14668	0.01658	0.01450	0.00563	0.00418	0.00126	0.00334	0.02390	0.00457	0.00618
11	0.01433	0.01078	0.01152	0.00904	0.01209	0.01201	0.00740	0.68222	0.15878	0.02380	0.01079	0.01055	0.00776	0.00492	0.00402	0.00123	0.00420	0.00377	0.00402	0.00674
12	0.03102	0.02044	0.20105	0.04340	0.14011	0.02821	0.03187	0.03816	0.04552	0.21992	0.02433	0.10039	0.01022	0.00537	0.00408	0.00129	0.00433	0.02783	0.01676	0.00571
13	0.00895	0.01864	0.04635	0.33779	0.29256	0.01882	0.11215	0.02433	0.03175	0.02299	0.00837	0.04424	0.00688	0.00418	0.00411	0.00129	0.00514	0.00401	0.00210	0.00535
14	0.00816	0.00483	0.00638	0.00584	0.00707	0.00474	0.00447	0.00951	0.00924	0.17956	0.24932	0.08201	0.12704	0.07551	0.16839	0.00252	0.04132	0.00621	0.00368	0.00420
15	0.01335	0.01037	0.02258	0.09823	0.01336	0.10929	0.03946	0.38059	0.01422	0.14277	0.07043	0.01279	0.04415	0.00507	0.00408	0.00122	0.00453	0.00405	0.00359	0.00588
16	0.00943	0.06220	0.25113	0.15617	0.10471	0.04394	0.14371	0.04035	0.03212	0.04971	0.02148	0.01165	0.02735	0.00427	0.00404	0.00127	0.00535	0.02341	0.00225	0.00547
17	0.00958	0.06497	0.12076	0.14009	0.07061	0.06537	0.02983	0.05731	0.02158	0.10941	0.01346	0.15745	0.05295	0.00656	0.01348	0.00138	0.00445	0.05285	0.00289	0.00500
18	0.00756	0.00605	0.01924	0.00822	0.05932	0.00588	0.09468	0.04303	0.05254	0.05120	0.16015	0.08687	0.12817	0.06935	0.10266	0.04032	0.01621	0.02851	0.01578	0.00426
19	0.00804	0.02074	0.83828	0.01143	0.01736	0.00931	0.01482	0.01270	0.00847	0.01270	0.00720	0.00847	0.00508	0.00381	0.00381	0.00127	0.00593	0.00296	0.00169	0.00593
20	0.01160	0.01116	0.08701	0.16363	0.18302	0.12415	0.05612	0.12442	0.02298	0.12042	0.02159	0.02704	0.00735	0.00442	0.00414	0.00124	0.01758	0.00373	0.00270	0.00568
21	0.07323	0.03823	0.11045	0.08187	0.09991	0.06840	0.13426	0.15199	0.01072	0.07783	0.00991	0.08006	0.00838	0.00496	0.00406	0.00128	0.00490	0.03133	0.00275	0.00547
22	0.00993	0.00953	0.01628	0.02462	0.83404	0.00953	0.01231	0.01231	0.00913	0.01310	0.00754	0.00993	0.00635	0.00357	0.00397	0.00119	0.00476	0.00357	0.00199	0.00635
23	0.00489	0.00349	0.00465	0.00558	0.00582	0.00326	0.00372	0.00558	0.00768	0.01024	0.02210	0.85644	0.02653	0.01256	0.00512	0.00163	0.00233	0.01140	0.00372	0.00326
24	0.00869	0.00732	0.00839	0.00826	0.05569	0.02185	0.00593	0.04375	0.43465	0.01434	0.07217	0.03617	0.01354	0.09559	0.14273	0.00243	0.01501	0.00485	0.00343	0.00521
25	0.28693	0.00940	0.04451	0.02401	0.26763	0.00966	0.05948	0.10112	0.00939	0.07444	0.00759	0.00901	0.00586	0.00413	0.00427	0.00127	0.07001	0.00321	0.00255	0.00555
26	0.86260	0.00766	0.00591	0.00531	0.00774	0.00888	0.00436	0.01166	0.00681	0.01775	0.00573	0.00677	0.00450	0.00446	0.02611	0.00139	0.00332	0.00223	0.00247	0.00432
27	0.00489	0.00349	0.00465	0.00558	0.00582	0.00326	0.00372	0.00558	0.00768	0.01024	0.02210	0.85644	0.02653	0.01256	0.00512	0.00163	0.00233	0.01140	0.00372	0.00326
28	0.01498	0.01911	0.01137	0.01033	0.01240	0.84295	0.00775	0.01601	0.01137	0.00982	0.00620	0.00723	0.00517	0.00413	0.00362	0.00103	0.00723	0.00258	0.00207	0.00465
29	0.01174	0.61506	0.03543	0.00793	0.01128	0.08903	0.04270	0.08529	0.00962	0.05005	0.00662	0.00736	0.00556	0.00370	0.00298	0.00095	0.00466	0.00253	0.00212	0.00536
30	0.01004	0.00715	0.00876	0.00770	0.06734	0.00647	0.00562	0.11981	0.04706	0.12518	0.14178	0.03113	0.05863	0.00505	0.00379	0.00101	0.00312	0.00423	0.00341	0.34269
31	0.02287	0.03653	0.07084	0.05280	0.52021	0.10182	0.02727	0.03840	0.00950	0.01286	0.02444	0.03663	0.00730	0.00413	0.00406	0.00120	0.01747	0.00370	0.00213	0.00581
32	0.01059	0.00698	0.00809	0.04657	0.00959	0.06636	0.00566	0.07051	0.07028	0.22284	0.11028	0.08423	0.04629	0.04168	0.14937	0.00227	0.02137	0.00513	0.00358	0.01834
33	0.36807	0.00804	0.02909	0.02140	0.04861	0.00808	0.00601	0.06226	0.05847	0.33683	0.01061	0.01026	0.00726	0.00437	0.00340	0.00125	0.00349	0.00323	0.00358	0.00571
34	0.36836	0.00725	0.00831	0.02317	0.16104	0.00779	0.00613	0.03808	0.04424	0.07026	0.08091	0.05005	0.04520	0.02035	0.03973	0.00154	0.00368	0.01613	0.00294	0.00484
35	0.02485	0.00733	0.06883	0.05819	0.09823	0.04242	0.02913	0.00975	0.03828	0.05730	0.11984	0.16354	0.14691	0.05338	0.02168	0.00154	0.00365	0.00622	0.00313	0.04579
36	0.02303	0.04154	0.10572	0.08771	0.22129	0.04536	0.01918	0.02366	0.02251	0.07893	0.13301	0.03846	0.02787	0.00484	0.00392	0.00116	0.00413	0.00419	0.00273	0.11074
37	0.08683	0.10008	0.09908	0.10002	0.13316	0.04969	0.05150	0.02238	0.07908	0.07598	0.00866	0.03157	0.00694	0.00434	0.00425	0.00120	0.05888	0.00346	0.00245	0.08044

[dist]
# distance from previous block
# <min> <max>
8	29

[block]
# block no. 6 follows, 67 sequences, length 21
# corresponding to MSA columns:
# 324-344
name=unknown_G
#
# <colnr> <probs for GDERKNQSTAVLIFYWHMCP>
#	G	D	E	R	K	N	Q	S	T	A	V	L	I	F	Y	W	H	M	C	P
0	0.60487	0.00829	0.02542	0.05110	0.09698	0.00900	0.02610	0.03833	0.03566	0.03074	0.00742	0.00847	0.02312	0.00396	0.00299	0.00124	0.00357	0.00277	0.00254	0.01744
1	0.00874	0.00690	0.00805	0.00613	0.00917	0.00575	0.00487	0.02890	0.09075	0.05849	0.10245	0.01276	0.03844	0.00420	0.00342	0.00082	0.00289	0.00346	0.00300	0.60081
2	0.01032	0.00990	0.01577	0.02290	0.73829	0.03679	0.01181	0.05279	0.00959	0.01349	0.00753	0.00978	0.00630	0.00377	0.00427	0.00121	0.03363	0.00354	0.00208	0.00625
3	0.41115	0.01252	0.24298	0.00881	0.01246	0.06448	0.09582	0.03145	0.00845	0.06807	0.00710	0.00811	0.00521	0.00384	0.00331	0.00125	0.00462	0.00285	0.00238	0.00514
4	0.00823	0.00669	0.00793	0.00585	0.00903	0.00514	0.00465	0.01002	0.00884	0.03793	0.12331	0.01152	0.01054	0.00376	0.00325	0.00071	0.00283	0.00311	0.00274	0.73391
5	0.01498	0.01911	0.01137	0.01033	0.01240	0.84295	0.00775	0.01601	0.01137	0.00982	0.00620	0.00723	0.00517	0.00413	0.00362	0.00103	0.00723	0.00258	0.00207	0.00465
6	0.00832	0.00713	0.00832	0.00594	0.00950	0.00535	0.00475	0.01010	0.00832	0.01307	0.00713	0.00832	0.00594	0.00297	0.00297	0.00059	0.00297	0.00238	0.00238	0.88357
7	0.00489	0.00349	0.00465	0.00558	0.00582	0.00326	0.00372	0.00558	0.00768	0.01024	0.02210	0.85644	0.02653	0.01256	0.00512	0.00163	0.00233	0.01140	0.00372	0.00326
8	0.01542	0.01095	0.01186	0.00909	0.01230	0.01202	0.00751	0.76936	0.01838	0.07725	0.01003	0.00989	0.00702	0.00482	0.00401	0.00121	0.00435	0.00364	0.00407	0.00682
9	0.00590	0.00441	0.00580	0.00619	0.02631	0.00415	0.00483	0.00765	0.01017	0.01367	0.38909	0.03642	0.16352	0.00945	0.00501	0.00149	0.00263	0.29558	0.00398	0.00375
10	0.00978	0.00938	0.01601	0.07687	0.78295	0.00949	0.01223	0.01218	0.00906	0.01292	0.00752	0.00997	0.00629	0.00360	0.00397	0.00120	0.00480	0.00357	0.00197	0.00623
11	0.00993	0.00953	0.01628	0.02462	0.83404	0.00953	0.01231	0.01231	0.00913	0.01310	0.00754	0.00993	0.00635	0.00357	0.00397	0.00119	0.00476	0.00357	0.00199	0.00635
12	0.00975	0.00909	0.01531	0.12479	0.68673	0.00922	0.01175	0.01213	0.00902	0.03059	0.00766	0.01004	0.00629	0.00363	0.00394	0.00119	0.00474	0.00354	0.00204	0.03855
13	0.01190	0.01038	0.01648	0.06425	0.55875	0.01007	0.08183	0.03273	0.01107	0.04424	0.09840	0.01534	0.01188	0.00564	0.00508	0.00163	0.00534	0.00481	0.00316	0.00703
14	0.02183	0.02478	0.03350	0.02667	0.25468	0.03742	0.02664	0.05860	0.14073	0.17544	0.07561	0.02792	0.03866	0.00495	0.00403	0.00122	0.00395	0.00429	0.00330	0.03578
15	0.04857	0.06389	0.16480	0.01251	0.21494	0.06330	0.01954	0.06769	0.10232	0.03541	0.09433	0.01175	0.00990	0.00449	0.00397	0.00118	0.01910	0.00370	0.00266	0.05596
16	0.04639	0.03077	0.12801	0.02792	0.12233	0.09874	0.03130	0.06420	0.06464	0.08253	0.08581	0.02899	0.00991	0.00451	0.00377	0.00112	0.00432	0.00372	0.00281	0.15822
17	0.02227	0.04109	0.07626	0.01033	0.13954	0.06144	0.02095	0.07439	0.12924	0.10800	0.03205	0.03794	0.06681	0.00488	0.00383	0.00113	0.00395	0.00406	0.00306	0.15878
18	0.03659	0.04459	0.13446	0.02917	0.05882	0.04685	0.09782	0.12442	0.07472	0.06704	0.09942	0.01255	0.01035	0.00456	0.00390	0.00116	0.00437	0.01590	0.00293	0.13038
19	0.09062	0.09932	0.08726	0.01011	0.07775	0.07702	0.05212	0.10672	0.04721	0.05617	0.00852	0.03431	0.00711	0.00477	0.00491	0.00122	0.11871	0.02214	0.00257	0.09144
20	0.06627	0.12023	0.13423	0.05011	0.11193	0.10002	0.02692	0.05191	0.05770	0.09690	0.02769	0.02049	0.02106	0.00425	0.00361	0.00112	0.00454	0.00337	0.00261	0.09503

[dist]
# distance from previous block
# <min> <max>
0	60

[block]
# block no. 7 follows, 67 sequences, length 8
# corresponding to MSA columns:
# 405-412
name=unknown_H
#
# <colnr> <probs for GDERKNQSTAVLIFYWHMCP>
#	G	D	E	R	K	N	Q	S	T	A	V	L	I	F	Y	W	H	M	C	P
0	0.06335	0.05001	0.12197	0.01444	0.30327	0.02823	0.05328	0.09371	0.04573	0.08124	0.04946	0.02960	0.00854	0.00433	0.00387	0.00120	0.00449	0.00378	0.00268	0.03682
1	0.03961	0.03439	0.03866	0.01530	0.35076	0.03065	0.05107	0.10204	0.08125	0.07782	0.00891	0.01012	0.00692	0.00405	0.00415	0.00117	0.03537	0.00349	0.00266	0.10161
2	0.03426	0.00951	0.01492	0.05189	0.62236	0.02704	0.02792	0.05186	0.04191	0.03551	0.00811	0.01005	0.00656	0.00375	0.00391	0.00118	0.00465	0.00355	0.00227	0.03880
3	0.14402	0.00869	0.01200	0.21082	0.32092	0.03765	0.00926	0.04999	0.03361	0.01384	0.03083	0.01004	0.00682	0.00390	0.00367	0.00118	0.00441	0.00334	0.00228	0.09274
4	0.14401	0.00915	0.01261	0.30532	0.33820	0.07443	0.01014	0.01209	0.03436	0.01272	0.00727	0.00962	0.00579	0.00385	0.00373	0.00124	0.00485	0.00331	0.00206	0.00525
5	0.14243	0.00722	0.01109	0.72002	0.02458	0.00892	0.01010	0.01048	0.00784	0.01143	0.00689	0.01005	0.00519	0.00397	0.00378	0.00132	0.00500	0.00335	0.00189	0.00444
6	0.00993	0.00852	0.01323	0.39358	0.23231	0.00947	0.03990	0.15884	0.01057	0.04162	0.03760	0.01109	0.00722	0.00420	0.00405	0.00127	0.00489	0.00377	0.00245	0.00547
7	0.00765	0.00700	0.01162	0.63369	0.10939	0.00832	0.01054	0.01017	0.00832	0.01082	0.00933	0.01591	0.00817	0.00505	0.00424	0.00140	0.00503	0.12672	0.00210	0.00454

[dist]
# distance from previous block
# <min> <max>
4	6

[block]
# block no. 8 follows, 67 sequences, length 6
# corresponding to MSA columns:
# 419-424
name=unknown_I
#
# <colnr> <probs for GDERKNQSTAVLIFYWHMCP>
#	G	D	E	R	K	N	Q	S	T	A	V	L	I	F	Y	W	H	M	C	P
0	0.07052	0.12210	0.18701	0.01002	0.08977	0.06265	0.02588	0.07862	0.10723	0.08693	0.02802	0.03503	0.02811	0.00458	0.00369	0.00118	0.00441	0.00365	0.00277	0.04786
1	0.09873	0.08348	0.10411	0.07116	0.06840	0.04257	0.03616	0.11540	0.15539	0.08178	0.03703	0.01219	0.02394	0.00467	0.00377	0.00122	0.00424	0.02170	0.00300	0.03106
2	0.07979	0.08269	0.12873	0.02783	0.04001	0.07802	0.08928	0.11784	0.08938	0.08097	0.01008	0.04604	0.02345	0.00462	0.00394	0.00120	0.02007	0.00376	0.00280	0.06949
3	0.11768	0.10632	0.23002	0.03625	0.06579	0.04386	0.02771	0.02917	0.05073	0.08032	0.06017	0.01171	0.04730	0.00463	0.00404	0.00121	0.04027	0.00357	0.00256	0.03669
4	0.06742	0.09986	0.22455	0.04512	0.04050	0.08671	0.02751	0.10096	0.06647	0.09296	0.03628	0.01042	0.00761	0.02362	0.00442	0.00127	0.03721	0.00338	0.00265	0.02109
5	0.06794	0.04615	0.16726	0.03734	0.03166	0.05985	0.06931	0.12218	0.08159	0.08382	0.04789	0.04091	0.03506	0.00489	0.00413	0.00122	0.02822	0.00397	0.00290	0.06369

[dist]
# distance from previous block
# <min> <max>
0	65

# created by:
# /st0/software/busco_prod/Augustus/scripts/msa2prfl.pl ./align_prep/25565.fa
