[name]
unknown

[dist]
# distance from previous block
# <min> <max>
2	164

[block]
# block no. 0 follows, 75 sequences, length 33
# corresponding to MSA columns:
# 169-201
name=unknown_A
#
# <colnr> <probs for GDERKNQSTAVLIFYWHMCP>
#	G	D	E	R	K	N	Q	S	T	A	V	L	I	F	Y	W	H	M	C	P
0	0.01081	0.06468	0.04694	0.05234	0.59616	0.05184	0.02587	0.03228	0.00972	0.01344	0.03538	0.01202	0.02045	0.00469	0.00431	0.00139	0.00498	0.00387	0.00251	0.00631
1	0.03381	0.12337	0.24345	0.01026	0.10966	0.07076	0.05246	0.10078	0.07128	0.04386	0.01923	0.02844	0.04750	0.00424	0.00369	0.00111	0.02523	0.00340	0.00231	0.00516
2	0.01146	0.04213	0.19773	0.04642	0.18589	0.02414	0.07068	0.08160	0.01783	0.14489	0.05376	0.02856	0.00970	0.02667	0.02172	0.00160	0.02184	0.00416	0.00308	0.00613
3	0.02770	0.04683	0.03737	0.00488	0.00559	0.00445	0.00357	0.02255	0.00606	0.02476	0.01133	0.04674	0.07733	0.30373	0.03175	0.31494	0.00344	0.00445	0.00215	0.02037
4	0.00726	0.04773	0.00934	0.15313	0.17969	0.00647	0.03007	0.06190	0.00908	0.03556	0.17440	0.08283	0.17567	0.00604	0.00395	0.00118	0.00327	0.00531	0.00283	0.00430
5	0.05881	0.04970	0.16020	0.03454	0.15479	0.15783	0.08514	0.05079	0.05791	0.11214	0.00819	0.01925	0.00625	0.00436	0.02329	0.00122	0.00488	0.00319	0.00234	0.00518
6	0.09626	0.04244	0.01109	0.01032	0.14925	0.09237	0.02213	0.35947	0.07475	0.01679	0.00798	0.00886	0.00617	0.01972	0.00391	0.00112	0.02576	0.00310	0.00281	0.04571
7	0.00531	0.04498	0.02701	0.00531	0.00597	0.00407	0.00389	0.03715	0.00775	0.01045	0.10285	0.64012	0.02257	0.04410	0.00499	0.00147	0.00238	0.00887	0.01749	0.00328
8	0.01037	0.13563	0.02717	0.00776	0.03543	0.05408	0.00622	0.20471	0.30377	0.03265	0.01051	0.01083	0.01781	0.03693	0.00396	0.00114	0.00361	0.00337	0.00301	0.09103
9	0.02227	0.11702	0.20953	0.00723	0.01046	0.02017	0.02203	0.09648	0.04239	0.06415	0.04129	0.02661	0.06073	0.03687	0.00389	0.00107	0.00373	0.00339	0.00248	0.20820
10	0.02546	0.08967	0.45118	0.06675	0.03557	0.07832	0.01862	0.01101	0.00785	0.02603	0.00786	0.04120	0.00669	0.00515	0.03378	0.00134	0.03286	0.05395	0.00186	0.00483
11	0.00784	0.04245	0.11780	0.01153	0.06107	0.03992	0.34973	0.01081	0.06958	0.01128	0.02694	0.17088	0.02048	0.00544	0.01463	0.00130	0.02631	0.00509	0.00229	0.00462
12	0.00896	0.01997	0.01107	0.27098	0.20055	0.11843	0.03741	0.06864	0.02400	0.04311	0.02158	0.08551	0.01866	0.01880	0.00403	0.00122	0.00447	0.03569	0.00229	0.00462
13	0.04041	0.16369	0.21645	0.10187	0.05199	0.04704	0.09818	0.08150	0.03257	0.04611	0.01901	0.02250	0.00759	0.00510	0.01312	0.00144	0.02325	0.00365	0.01874	0.00579
14	0.00471	0.00341	0.00444	0.00516	0.00547	0.00327	0.00350	0.00566	0.03188	0.00948	0.01978	0.74218	0.04175	0.05218	0.02717	0.00169	0.00244	0.02945	0.00333	0.00305
15	0.00447	0.00320	0.00426	0.00511	0.00533	0.00298	0.00341	0.00511	0.00703	0.00938	0.02024	0.86853	0.02429	0.01151	0.00469	0.00149	0.00213	0.01044	0.00341	0.00298
16	0.03265	0.16809	0.06088	0.03002	0.13292	0.03688	0.18604	0.16575	0.02985	0.09551	0.00809	0.02299	0.00623	0.00376	0.00353	0.00109	0.00453	0.00336	0.00246	0.00535
17	0.00505	0.00380	0.00463	0.00535	0.00573	0.02516	0.00370	0.00615	0.03856	0.00983	0.01935	0.74052	0.02262	0.01074	0.00457	0.00146	0.00233	0.05355	0.03375	0.00316
18	0.00737	0.01900	0.85189	0.01047	0.01590	0.00853	0.01357	0.01163	0.00775	0.01163	0.00659	0.00775	0.00465	0.00349	0.00349	0.00116	0.00543	0.00271	0.00155	0.00543
19	0.00487	0.00399	0.00500	0.06758	0.03854	0.00373	0.00406	0.00593	0.00792	0.00992	0.03636	0.28451	0.43976	0.00937	0.00442	0.00134	0.00236	0.06384	0.00323	0.00326
20	0.01002	0.33575	0.18875	0.01715	0.04792	0.16676	0.03124	0.04474	0.07619	0.01903	0.00692	0.01954	0.00568	0.00370	0.00319	0.00099	0.01280	0.00271	0.00196	0.00496
21	0.00963	0.00908	0.00905	0.00822	0.02486	0.11336	0.01719	0.03368	0.62360	0.01404	0.01266	0.01224	0.00968	0.00535	0.02271	0.00133	0.06073	0.00384	0.00327	0.00545
22	0.00465	0.00362	0.00428	0.00472	0.00553	0.00325	0.00353	0.00560	0.00791	0.00990	0.02820	0.33437	0.41584	0.01023	0.00459	0.00140	0.00221	0.14367	0.00341	0.00311
23	0.00842	0.31852	0.27108	0.00824	0.01138	0.01088	0.00870	0.01051	0.00715	0.00997	0.00565	0.00714	0.00480	0.00395	0.00495	0.00106	0.20044	0.00250	0.00164	0.10302
24	0.00937	0.30839	0.08948	0.00646	0.00916	0.09605	0.00600	0.03444	0.00867	0.10250	0.03831	0.03604	0.16467	0.00491	0.00327	0.00098	0.00367	0.00377	0.00250	0.07137
25	0.01255	0.10533	0.04062	0.00809	0.01100	0.01086	0.01802	0.51781	0.15346	0.07053	0.00969	0.00952	0.00702	0.00432	0.00354	0.00110	0.00386	0.00332	0.00341	0.00596
26	0.00638	0.00319	0.00478	0.00478	0.00478	0.00319	0.00319	0.00478	0.00478	0.00638	0.00638	0.01116	0.00638	0.01276	0.01435	0.89314	0.00319	0.00319	0.00159	0.00159
27	0.00511	0.00367	0.00484	0.00498	0.00523	0.00355	0.03571	0.00553	0.00625	0.00833	0.01525	0.38619	0.01786	0.45443	0.01190	0.00255	0.00305	0.02016	0.00274	0.00268
28	0.02128	0.00879	0.10719	0.08480	0.09848	0.06449	0.02690	0.04155	0.04907	0.25518	0.06968	0.01232	0.04133	0.00443	0.00375	0.00110	0.01796	0.00366	0.02576	0.06226
29	0.00746	0.00608	0.02043	0.08525	0.16602	0.00620	0.05341	0.00892	0.00774	0.08121	0.07240	0.16868	0.05293	0.08714	0.02589	0.00160	0.09178	0.03232	0.00263	0.02190
30	0.00453	0.00324	0.00433	0.00518	0.00542	0.00303	0.00351	0.00521	0.00709	0.00944	0.02021	0.83652	0.02417	0.01145	0.00470	0.00150	0.00218	0.04189	0.00341	0.00300
31	0.02022	0.00842	0.05776	0.07076	0.12439	0.00904	0.06778	0.11763	0.00867	0.08819	0.02893	0.01102	0.02337	0.00601	0.04282	0.00151	0.28225	0.02403	0.00235	0.00482
32	0.02390	0.12941	0.08975	0.01277	0.27207	0.00927	0.08381	0.12570	0.01860	0.02465	0.00701	0.00834	0.00559	0.00341	0.00347	0.00099	0.01792	0.00295	0.00215	0.15824

[dist]
# distance from previous block
# <min> <max>
0	2

[block]
# block no. 1 follows, 75 sequences, length 17
# corresponding to MSA columns:
# 204-220
name=unknown_B
#
# <colnr> <probs for GDERKNQSTAVLIFYWHMCP>
#	G	D	E	R	K	N	Q	S	T	A	V	L	I	F	Y	W	H	M	C	P
0	0.00701	0.01605	0.67803	0.00936	0.01392	0.00773	0.01155	0.01107	0.05200	0.01154	0.01074	0.05940	0.08667	0.00458	0.00365	0.00119	0.00477	0.00371	0.00195	0.00509
1	0.00491	0.00347	0.00410	0.00443	0.00469	0.00331	0.00281	0.00530	0.00643	0.00840	0.01835	0.33057	0.13018	0.42484	0.01139	0.00246	0.00281	0.02607	0.00284	0.00264
2	0.00915	0.00806	0.00993	0.05132	0.14591	0.02338	0.03707	0.09245	0.47510	0.01465	0.03055	0.03186	0.04435	0.00487	0.00378	0.00120	0.00344	0.00420	0.00320	0.00549
3	0.00916	0.00884	0.01547	0.04812	0.61910	0.00885	0.14568	0.05785	0.00888	0.01248	0.00737	0.00995	0.00611	0.00347	0.00379	0.00113	0.00464	0.02158	0.00196	0.00559
4	0.02423	0.07201	0.05681	0.00665	0.02756	0.02157	0.00558	0.06197	0.02587	0.01236	0.00663	0.00771	0.00545	0.00317	0.00330	0.00073	0.04521	0.00238	0.00218	0.60863
5	0.00588	0.00449	0.00665	0.00627	0.00713	0.00508	0.03626	0.05358	0.00661	0.00937	0.00982	0.01465	0.00919	0.08777	0.71354	0.00528	0.00891	0.00402	0.00208	0.00343
6	0.00534	0.00356	0.00401	0.00401	0.00401	0.00356	0.00223	0.00534	0.00534	0.00712	0.01157	0.02403	0.01335	0.87092	0.01869	0.00356	0.00356	0.00534	0.00223	0.00223
7	0.00454	0.00334	0.00425	0.00485	0.00529	0.00305	0.00332	0.00534	0.00761	0.01005	0.11463	0.64967	0.14912	0.01073	0.00460	0.00142	0.00205	0.00961	0.00348	0.00305
8	0.04517	0.07497	0.07527	0.01401	0.29643	0.20116	0.10696	0.07632	0.02093	0.02904	0.00697	0.00837	0.00554	0.00353	0.00347	0.00106	0.00496	0.00303	0.01763	0.00518
9	0.00447	0.00322	0.00423	0.00504	0.00531	0.00299	0.00338	0.00512	0.00710	0.00940	0.02114	0.82468	0.06757	0.01139	0.00467	0.00148	0.00212	0.01030	0.00341	0.00299
10	0.00909	0.00873	0.01491	0.02254	0.84801	0.00873	0.01127	0.01127	0.00836	0.01200	0.00691	0.00909	0.00582	0.00327	0.00364	0.00109	0.00436	0.00327	0.00182	0.00582
11	0.02280	0.05642	0.12705	0.21373	0.30935	0.01904	0.13307	0.01105	0.00807	0.03656	0.00721	0.02634	0.00578	0.00357	0.00366	0.00115	0.00480	0.00341	0.00185	0.00508
12	0.00534	0.00358	0.00408	0.00408	0.00411	0.00360	0.00232	0.00539	0.00536	0.00718	0.01150	0.02365	0.01319	0.83737	0.05202	0.00365	0.00381	0.00529	0.00222	0.00227
13	0.00464	0.00341	0.00435	0.00479	0.00531	0.00312	0.00333	0.00559	0.00807	0.01080	0.23087	0.53681	0.14501	0.01018	0.00455	0.00137	0.00199	0.00910	0.00357	0.00312
14	0.00890	0.02069	0.03626	0.04412	0.18552	0.04585	0.03517	0.03372	0.07995	0.13500	0.06765	0.17407	0.06493	0.00599	0.00418	0.00121	0.03109	0.00521	0.01571	0.00474
15	0.08355	0.04034	0.08770	0.04152	0.11214	0.05211	0.11492	0.22992	0.06628	0.08738	0.01945	0.01866	0.02132	0.00408	0.00360	0.00113	0.00430	0.00346	0.00275	0.00538
16	0.00798	0.01509	0.50544	0.04471	0.01729	0.00886	0.30192	0.03362	0.00831	0.01190	0.00694	0.00862	0.00503	0.00338	0.00380	0.00119	0.00564	0.00332	0.00172	0.00523

[dist]
# distance from previous block
# <min> <max>
0	4

[block]
# block no. 2 follows, 75 sequences, length 50
# corresponding to MSA columns:
# 225-274
name=unknown_C
#
# <colnr> <probs for GDERKNQSTAVLIFYWHMCP>
#	G	D	E	R	K	N	Q	S	T	A	V	L	I	F	Y	W	H	M	C	P
0	0.23736	0.03418	0.04371	0.05631	0.14185	0.09213	0.11591	0.11376	0.04554	0.02455	0.00758	0.00876	0.02287	0.00376	0.00345	0.00112	0.01820	0.00305	0.00231	0.02360
1	0.00867	0.00777	0.01222	0.04454	0.31862	0.03603	0.12079	0.05897	0.00869	0.04370	0.08235	0.03252	0.00942	0.03775	0.05828	0.00155	0.07099	0.00399	0.03833	0.00482
2	0.00868	0.00847	0.05844	0.00883	0.07515	0.02496	0.03797	0.01663	0.58856	0.01431	0.05522	0.01411	0.04381	0.00491	0.00376	0.00120	0.00326	0.00419	0.00332	0.02420
3	0.00493	0.00372	0.00427	0.00413	0.00517	0.00330	0.00310	0.00630	0.00930	0.01250	0.42460	0.03000	0.39649	0.00808	0.00421	0.00117	0.00179	0.00691	0.06673	0.00330
4	0.00531	0.00358	0.00416	0.00418	0.00424	0.00363	0.00244	0.00543	0.00543	0.00729	0.01166	0.04474	0.01330	0.78218	0.08479	0.00369	0.00402	0.00536	0.00224	0.00233
5	0.00762	0.00653	0.00762	0.00544	0.00870	0.00490	0.00435	0.00925	0.00762	0.01197	0.00653	0.00762	0.00544	0.00272	0.00272	0.00054	0.00272	0.00218	0.00218	0.89338
6	0.00800	0.00678	0.00804	0.00640	0.04547	0.00552	0.00482	0.06164	0.03010	0.01268	0.00760	0.03011	0.01545	0.00321	0.00291	0.00065	0.00286	0.00262	0.00234	0.74280
7	0.01016	0.02110	0.12627	0.06799	0.09796	0.00730	0.06470	0.11195	0.00953	0.17185	0.00903	0.01079	0.00689	0.00389	0.00351	0.00102	0.00394	0.04301	0.00268	0.22644
8	0.05649	0.07937	0.21073	0.05423	0.10866	0.20370	0.09110	0.04305	0.01919	0.04527	0.00676	0.00804	0.00522	0.00362	0.00363	0.00108	0.02744	0.00287	0.00198	0.02756
9	0.00940	0.55333	0.13404	0.00857	0.04531	0.04198	0.07998	0.02613	0.00786	0.00976	0.00595	0.02297	0.00522	0.00350	0.00316	0.00094	0.03280	0.00257	0.00169	0.00484
10	0.00460	0.00371	0.00402	0.00396	0.00507	0.00318	0.00295	0.00561	0.00868	0.01084	0.21212	0.03273	0.63875	0.00904	0.00471	0.03420	0.00188	0.00734	0.00348	0.00312
11	0.00525	0.00394	0.00590	0.00590	0.00656	0.00459	0.00459	0.00656	0.00590	0.00853	0.00984	0.01443	0.00918	0.02755	0.85637	0.00590	0.00984	0.00394	0.00197	0.00328
12	0.01396	0.01008	0.01116	0.00853	0.01148	0.01105	0.02685	0.77636	0.01673	0.06288	0.00906	0.00902	0.00637	0.00438	0.00369	0.00111	0.00405	0.00335	0.00367	0.00622
13	0.00627	0.00323	0.00470	0.00470	0.00470	0.00323	0.00309	0.00484	0.00484	0.00646	0.00694	0.01254	0.00713	0.10467	0.01482	0.79787	0.00323	0.00342	0.00166	0.00166
14	0.01210	0.00917	0.00983	0.00799	0.01057	0.01026	0.00645	0.47535	0.35108	0.04989	0.01151	0.01093	0.00836	0.00465	0.00370	0.00116	0.00355	0.00366	0.00373	0.00607
15	0.00771	0.00763	0.01260	0.53084	0.04050	0.02711	0.12262	0.02586	0.00748	0.00993	0.00637	0.00937	0.00502	0.00412	0.00533	0.00129	0.16685	0.00338	0.00171	0.00428
16	0.00498	0.00343	0.00469	0.00530	0.00567	0.00337	0.00369	0.00576	0.00692	0.03217	0.01806	0.66580	0.02094	0.02809	0.15811	0.00231	0.00359	0.02085	0.00316	0.00312
17	0.00922	0.00770	0.00810	0.00724	0.00927	0.00885	0.00564	0.06052	0.74003	0.01564	0.01442	0.01345	0.01083	0.00490	0.00365	0.00121	0.00288	0.00406	0.06672	0.00567
18	0.00839	0.00735	0.00838	0.02230	0.03938	0.03659	0.00512	0.06852	0.03691	0.01266	0.00693	0.00798	0.00566	0.00307	0.00309	0.00068	0.02115	0.00241	0.00229	0.70116
19	0.00485	0.00341	0.00415	0.00455	0.00478	0.00325	0.00290	0.00531	0.00662	0.00878	0.05899	0.43028	0.07879	0.35446	0.01024	0.00228	0.00266	0.00802	0.00297	0.00271
20	0.00977	0.33658	0.04779	0.03370	0.06395	0.08733	0.00663	0.07566	0.02598	0.02665	0.00642	0.00735	0.00532	0.00333	0.00299	0.00084	0.01483	0.00241	0.00204	0.24045
21	0.01958	0.13036	0.08784	0.02219	0.26760	0.18796	0.10252	0.02948	0.03223	0.04100	0.00726	0.00919	0.00596	0.00371	0.00360	0.00107	0.01595	0.02538	0.00201	0.00510
22	0.00512	0.00380	0.00478	0.00458	0.00548	0.00350	0.00341	0.00685	0.02521	0.01383	0.68102	0.06919	0.14373	0.00790	0.00434	0.00118	0.00179	0.00693	0.00392	0.00344
23	0.00851	0.00820	0.01366	0.27688	0.58533	0.02198	0.01088	0.01075	0.00809	0.01116	0.00677	0.00926	0.00552	0.00340	0.00364	0.00113	0.00456	0.00326	0.00176	0.00527
24	0.00580	0.00371	0.00453	0.00432	0.00523	0.00347	0.00324	0.00745	0.00953	0.03255	0.55256	0.04157	0.07428	0.00681	0.00388	0.00109	0.00177	0.00590	0.22881	0.00349
25	0.00481	0.00356	0.00448	0.00463	0.00534	0.00324	0.00333	0.00603	0.00891	0.01209	0.42785	0.31106	0.17279	0.00916	0.00445	0.00128	0.00189	0.00811	0.00372	0.00324
26	0.00455	0.00373	0.00401	0.00394	0.00509	0.00319	0.00296	0.00568	0.00887	0.01111	0.23671	0.03339	0.64628	0.00886	0.00434	0.00122	0.00183	0.00748	0.00357	0.00319
27	0.00445	0.00355	0.00400	0.00429	0.00515	0.00309	0.00308	0.00533	0.00800	0.00996	0.06729	0.32453	0.51168	0.01000	0.00447	0.00133	0.00197	0.02129	0.00344	0.00308
28	0.89687	0.00710	0.00540	0.00483	0.00710	0.00824	0.00398	0.01080	0.00625	0.01648	0.00511	0.00597	0.00398	0.00341	0.00227	0.00114	0.00284	0.00199	0.00227	0.00398
29	0.00867	0.00991	0.02167	0.01548	0.01920	0.00929	0.83467	0.01176	0.00867	0.01176	0.00743	0.00991	0.00557	0.00310	0.00433	0.00124	0.00619	0.00433	0.00186	0.00495
30	0.00982	0.87313	0.01925	0.00628	0.00943	0.01453	0.00628	0.01100	0.00746	0.00864	0.00511	0.00589	0.00471	0.00314	0.00236	0.00079	0.00393	0.00196	0.00157	0.00471
31	0.00762	0.00653	0.00762	0.00544	0.00870	0.00490	0.00435	0.00925	0.00762	0.01197	0.00653	0.00762	0.00544	0.00272	0.00272	0.00054	0.00272	0.00218	0.00218	0.89338
32	0.00525	0.00394	0.00590	0.00590	0.00656	0.00459	0.00459	0.00656	0.00590	0.00853	0.00984	0.01443	0.00918	0.02755	0.85637	0.00590	0.00984	0.00394	0.00197	0.00328
33	0.00804	0.00804	0.01125	0.00964	0.00964	0.01125	0.00804	0.00884	0.00562	0.00884	0.00482	0.00804	0.00482	0.00643	0.01205	0.00161	0.86420	0.00321	0.00161	0.00402
34	0.05600	0.01701	0.01017	0.00924	0.01115	0.81559	0.00695	0.01448	0.01021	0.00935	0.00565	0.00659	0.00469	0.00377	0.00326	0.00096	0.00644	0.00235	0.00191	0.00424
35	0.00684	0.09713	0.03897	0.00712	0.04654	0.02486	0.00544	0.00781	0.00651	0.00900	0.06612	0.01551	0.03147	0.26039	0.14668	0.00267	0.20308	0.00412	0.00208	0.01767
36	0.17184	0.03036	0.00966	0.00858	0.01056	0.68981	0.00652	0.01391	0.00961	0.01032	0.00557	0.00649	0.00460	0.00371	0.00311	0.00098	0.00590	0.00229	0.00196	0.00422
37	0.00867	0.00991	0.02167	0.01548	0.01920	0.00929	0.83467	0.01176	0.00867	0.01176	0.00743	0.00991	0.00557	0.00310	0.00433	0.00124	0.00619	0.00433	0.00186	0.00495
38	0.01648	0.00625	0.00852	0.00653	0.00938	0.00540	0.00540	0.01790	0.01051	0.85056	0.01449	0.01250	0.00909	0.00455	0.00369	0.00114	0.00313	0.00369	0.00455	0.00625
39	0.00804	0.00804	0.01125	0.00964	0.00964	0.01125	0.00804	0.00884	0.00562	0.00884	0.00482	0.00804	0.00482	0.00643	0.01205	0.00161	0.86420	0.00321	0.00161	0.00402
40	0.89687	0.00710	0.00540	0.00483	0.00710	0.00824	0.00398	0.01080	0.00625	0.01648	0.00511	0.00597	0.00398	0.00341	0.00227	0.00114	0.00284	0.00199	0.00227	0.00398
41	0.00450	0.00322	0.00429	0.00515	0.00537	0.00301	0.00346	0.00516	0.00706	0.00941	0.02023	0.85240	0.02423	0.01148	0.00470	0.00150	0.00216	0.02629	0.00341	0.00299
42	0.01648	0.00625	0.00852	0.00653	0.00938	0.00540	0.00540	0.01790	0.01051	0.85056	0.01449	0.01250	0.00909	0.00455	0.00369	0.00114	0.00313	0.00369	0.00455	0.00625
43	0.00534	0.00356	0.00401	0.00401	0.00401	0.00356	0.00223	0.00534	0.00534	0.00712	0.01157	0.02403	0.01335	0.87092	0.01869	0.00356	0.00356	0.00534	0.00223	0.00223
44	0.01353	0.00997	0.01072	0.00830	0.01112	0.01101	0.00682	0.79815	0.01680	0.02252	0.00934	0.04775	0.00706	0.00473	0.00372	0.00112	0.00395	0.00363	0.00366	0.00610
45	0.00509	0.00375	0.00476	0.00451	0.00542	0.00342	0.00338	0.00672	0.01014	0.01411	0.74263	0.02845	0.13849	0.00774	0.00433	0.00117	0.00175	0.00678	0.00396	0.00342
46	0.00790	0.00759	0.01149	0.15235	0.42794	0.06202	0.02843	0.00970	0.00804	0.01075	0.01014	0.20617	0.01020	0.00542	0.00391	0.00121	0.00410	0.02572	0.00220	0.00471
47	0.01026	0.17761	0.18605	0.02072	0.05988	0.11578	0.00782	0.09252	0.00921	0.08811	0.00713	0.00787	0.00547	0.00347	0.00313	0.00092	0.00430	0.00260	0.00223	0.19493
48	0.02785	0.00845	0.06045	0.00689	0.01026	0.00630	0.00567	0.04034	0.00902	0.01396	0.03104	0.01028	0.00763	0.00400	0.00352	0.00092	0.00345	0.00289	0.00276	0.74430
49	0.00930	0.00864	0.00925	0.00958	0.12565	0.08523	0.00657	0.02781	0.56857	0.01407	0.03650	0.01342	0.04112	0.00489	0.00390	0.00120	0.02153	0.00404	0.00326	0.00548

[dist]
# distance from previous block
# <min> <max>
0	2

[block]
# block no. 3 follows, 75 sequences, length 14
# corresponding to MSA columns:
# 277-290
name=unknown_D
#
# <colnr> <probs for GDERKNQSTAVLIFYWHMCP>
#	G	D	E	R	K	N	Q	S	T	A	V	L	I	F	Y	W	H	M	C	P
0	0.00786	0.00675	0.00941	0.25435	0.11259	0.00658	0.00699	0.03252	0.04878	0.02979	0.03763	0.02703	0.00737	0.00371	0.00333	0.00092	0.00356	0.01575	0.00225	0.38281
1	0.00931	0.00593	0.00752	0.00670	0.06215	0.00508	0.00486	0.01127	0.05546	0.22553	0.06776	0.09163	0.08711	0.00506	0.00352	0.00096	0.00274	0.00430	0.00319	0.33992
2	0.00762	0.00653	0.00762	0.00544	0.00870	0.00490	0.00435	0.00925	0.00762	0.01197	0.00653	0.00762	0.00544	0.00272	0.00272	0.00054	0.00272	0.00218	0.00218	0.89338
3	0.00762	0.00653	0.00762	0.00544	0.00870	0.00490	0.00435	0.00925	0.00762	0.01197	0.00653	0.00762	0.00544	0.00272	0.00272	0.00054	0.00272	0.00218	0.00218	0.89338
4	0.01396	0.01029	0.01102	0.00845	0.01139	0.01139	0.00698	0.83577	0.01727	0.02315	0.00882	0.00882	0.00625	0.00441	0.00367	0.00110	0.00404	0.00331	0.00367	0.00625
5	0.00447	0.00320	0.00426	0.00511	0.00533	0.00298	0.00341	0.00511	0.00703	0.00938	0.02024	0.86853	0.02429	0.01151	0.00469	0.00149	0.00213	0.01044	0.00341	0.00298
6	0.00812	0.00697	0.01161	0.13843	0.40819	0.00704	0.05458	0.01009	0.00844	0.06554	0.09122	0.09714	0.04611	0.00504	0.00392	0.00119	0.00386	0.02520	0.00245	0.00487
7	0.01372	0.01750	0.01041	0.00946	0.01135	0.85618	0.00710	0.01467	0.01041	0.00899	0.00568	0.00662	0.00473	0.00378	0.00331	0.00095	0.00662	0.00237	0.00189	0.00426
8	0.00470	0.00383	0.00422	0.00441	0.00556	0.00335	0.00350	0.00580	0.00839	0.01016	0.03320	0.03672	0.66048	0.00949	0.00451	0.00134	0.00220	0.19157	0.00340	0.00316
9	0.00529	0.00389	0.00561	0.00565	0.00621	0.00442	0.00428	0.00642	0.00593	0.00842	0.01052	0.01708	0.01034	0.15730	0.69002	0.00536	0.00859	0.03950	0.00207	0.00312
10	0.00875	0.00837	0.01417	0.07583	0.75858	0.00845	0.01084	0.01089	0.00830	0.01174	0.00819	0.01027	0.04207	0.00356	0.00367	0.00111	0.00429	0.00347	0.00187	0.00559
11	0.13551	0.01007	0.25213	0.00730	0.01035	0.00730	0.00732	0.01410	0.20106	0.18555	0.01094	0.04098	0.00814	0.00440	0.00337	0.00116	0.00353	0.00349	0.08808	0.00520
12	0.00452	0.00337	0.00422	0.00483	0.00532	0.00307	0.00335	0.00531	0.00754	0.00981	0.06391	0.61496	0.21030	0.01077	0.00460	0.00142	0.00209	0.03413	0.00344	0.00304
13	0.02849	0.00838	0.01367	0.10343	0.41072	0.00876	0.10473	0.07468	0.02521	0.10567	0.00787	0.00956	0.00608	0.00381	0.00437	0.00117	0.07226	0.00343	0.00228	0.00544

[dist]
# distance from previous block
# <min> <max>
10	22

[block]
# block no. 4 follows, 75 sequences, length 9
# corresponding to MSA columns:
# 314-322
name=unknown_E
#
# <colnr> <probs for GDERKNQSTAVLIFYWHMCP>
#	G	D	E	R	K	N	Q	S	T	A	V	L	I	F	Y	W	H	M	C	P
0	0.12894	0.00688	0.00787	0.00718	0.03687	0.03557	0.01845	0.11831	0.12054	0.06785	0.12941	0.02906	0.03108	0.02831	0.12556	0.00192	0.08024	0.00409	0.01739	0.00450
1	0.74121	0.00674	0.00556	0.00489	0.00712	0.00759	0.00401	0.01134	0.00679	0.09992	0.00657	0.00721	0.00490	0.00359	0.00244	0.00112	0.00278	0.00227	0.06979	0.00416
2	0.01051	0.52118	0.01510	0.00713	0.00965	0.23487	0.00628	0.04716	0.00857	0.00940	0.00652	0.05770	0.00614	0.00492	0.03990	0.00111	0.00479	0.00272	0.00187	0.00449
3	0.00447	0.00320	0.00426	0.00511	0.00533	0.00298	0.00341	0.00511	0.00703	0.00938	0.02024	0.86853	0.02429	0.01151	0.00469	0.00149	0.00213	0.01044	0.00341	0.00298
4	0.04348	0.00811	0.00878	0.00788	0.03832	0.00914	0.00601	0.21437	0.51071	0.01711	0.08494	0.01327	0.01159	0.00495	0.00371	0.00119	0.00313	0.00405	0.00363	0.00564
5	0.00966	0.00860	0.01215	0.05382	0.35566	0.06950	0.05075	0.05523	0.00870	0.07539	0.00759	0.02407	0.00621	0.00387	0.00433	0.00107	0.08760	0.00325	0.02266	0.13990
6	0.00638	0.00319	0.00478	0.00478	0.00478	0.00319	0.00319	0.00478	0.00478	0.00638	0.00638	0.01116	0.00638	0.01276	0.01435	0.89314	0.00319	0.00319	0.00159	0.00159
7	0.01440	0.00713	0.00869	0.00684	0.00947	0.00701	0.00559	0.19861	0.10557	0.51272	0.01310	0.01191	0.00872	0.00455	0.00361	0.00112	0.00320	0.00364	0.06813	0.00600
8	0.00943	0.02426	0.16716	0.04403	0.26837	0.07452	0.05859	0.06365	0.06897	0.05895	0.00871	0.04289	0.02001	0.00427	0.00431	0.00117	0.06962	0.00358	0.00224	0.00525

[dist]
# distance from previous block
# <min> <max>
1	2

[block]
# block no. 5 follows, 75 sequences, length 37
# corresponding to MSA columns:
# 325-361
name=unknown_F
#
# <colnr> <probs for GDERKNQSTAVLIFYWHMCP>
#	G	D	E	R	K	N	Q	S	T	A	V	L	I	F	Y	W	H	M	C	P
0	0.89687	0.00710	0.00540	0.00483	0.00710	0.00824	0.00398	0.01080	0.00625	0.01648	0.00511	0.00597	0.00398	0.00341	0.00227	0.00114	0.00284	0.00199	0.00227	0.00398
1	0.00517	0.00375	0.00487	0.00459	0.00547	0.00345	0.00344	0.00688	0.01033	0.01458	0.82081	0.02768	0.06001	0.00756	0.00433	0.00116	0.00174	0.00668	0.00402	0.00345
2	0.00447	0.00320	0.00426	0.00511	0.00533	0.00298	0.00341	0.00511	0.00703	0.00938	0.02024	0.86853	0.02429	0.01151	0.00469	0.00149	0.00213	0.01044	0.00341	0.00298
3	0.00491	0.00351	0.00477	0.00562	0.00602	0.00336	0.00417	0.00587	0.00746	0.00987	0.02000	0.61675	0.02333	0.01109	0.00481	0.00155	0.00251	0.25788	0.00340	0.00310
4	0.00502	0.00374	0.00473	0.00539	0.00582	0.00370	0.00369	0.00679	0.10433	0.01007	0.01963	0.76885	0.02277	0.01075	0.00458	0.00146	0.00222	0.00971	0.00345	0.00331
5	0.01372	0.01750	0.01041	0.00946	0.01135	0.85618	0.00710	0.01467	0.01041	0.00899	0.00568	0.00662	0.00473	0.00378	0.00331	0.00095	0.00662	0.00237	0.00189	0.00426
6	0.01095	0.00749	0.00876	0.10694	0.01140	0.02094	0.00626	0.03264	0.49982	0.23259	0.01360	0.01274	0.00973	0.00469	0.00371	0.00121	0.00327	0.00389	0.00367	0.00571
7	0.00842	0.00490	0.00572	0.00511	0.00647	0.00488	0.00394	0.12667	0.02704	0.12008	0.22466	0.11602	0.01710	0.00601	0.00359	0.00108	0.00230	0.00509	0.30671	0.00419
8	0.00447	0.00320	0.00426	0.00511	0.00533	0.00298	0.00341	0.00511	0.00703	0.00938	0.02024	0.86853	0.02429	0.01151	0.00469	0.00149	0.00213	0.01044	0.00341	0.00298
9	0.00929	0.00797	0.00839	0.00751	0.00961	0.00921	0.00585	0.04554	0.81510	0.01561	0.01475	0.01355	0.01105	0.00496	0.00374	0.00124	0.00294	0.00413	0.00374	0.00583
10	0.00520	0.00375	0.00491	0.00462	0.00549	0.00347	0.00347	0.00693	0.01040	0.01473	0.84608	0.02743	0.03465	0.00751	0.00433	0.00116	0.00173	0.00664	0.00404	0.00347
11	0.02410	0.01107	0.29024	0.31538	0.14152	0.00824	0.04232	0.01099	0.05514	0.01127	0.03261	0.01034	0.00655	0.00385	0.00366	0.00119	0.00477	0.02000	0.00188	0.00488
12	0.01452	0.00721	0.05885	0.00850	0.10731	0.00596	0.00644	0.02958	0.01006	0.64485	0.01291	0.01183	0.00842	0.00432	0.00361	0.00112	0.00334	0.00357	0.05160	0.00600
13	0.00876	0.00918	0.01137	0.01038	0.05936	0.10963	0.00812	0.00966	0.00634	0.00904	0.00504	0.00793	0.00487	0.00593	0.01054	0.00150	0.71341	0.00312	0.00165	0.00415
14	0.01046	0.01230	0.07534	0.06252	0.29790	0.28793	0.10691	0.05118	0.00938	0.01135	0.00689	0.00886	0.00560	0.00363	0.00360	0.00108	0.00535	0.01478	0.01995	0.00501
15	0.01530	0.00629	0.00840	0.00639	0.00929	0.00533	0.00526	0.01675	0.01013	0.73903	0.01343	0.01185	0.00861	0.00430	0.00356	0.00106	0.00307	0.00349	0.00423	0.12423
16	0.02604	0.01530	0.00949	0.00876	0.01045	0.71830	0.00652	0.01341	0.00988	0.02194	0.00759	0.10747	0.00719	0.01740	0.00369	0.00105	0.00594	0.00337	0.00212	0.00411
17	0.01411	0.01005	0.01087	0.00834	0.01127	0.01104	0.00689	0.78746	0.01687	0.07202	0.00915	0.00904	0.00641	0.00442	0.00368	0.00110	0.00399	0.00333	0.00373	0.00625
18	0.00804	0.00804	0.01125	0.00964	0.00964	0.01125	0.00804	0.00884	0.00562	0.00884	0.00482	0.00804	0.00482	0.00643	0.01205	0.00161	0.86420	0.00321	0.00161	0.00402
19	0.01406	0.00848	0.01075	0.01020	0.15760	0.00864	0.00713	0.37960	0.01313	0.33614	0.01064	0.01027	0.00725	0.00426	0.00367	0.00111	0.00375	0.00345	0.00368	0.00617
20	0.14735	0.06099	0.01285	0.03225	0.51029	0.15347	0.00912	0.01173	0.00831	0.01193	0.00631	0.00801	0.00527	0.00338	0.00329	0.00106	0.00450	0.00284	0.00188	0.00517
21	0.00846	0.00827	0.01520	0.23038	0.33932	0.00860	0.23934	0.01089	0.00812	0.02699	0.00719	0.00967	0.00566	0.00349	0.00410	0.00118	0.03491	0.00358	0.02966	0.00501
22	0.89687	0.00710	0.00540	0.00483	0.00710	0.00824	0.00398	0.01080	0.00625	0.01648	0.00511	0.00597	0.00398	0.00341	0.00227	0.00114	0.00284	0.00199	0.00227	0.00398
23	0.00638	0.00319	0.00478	0.00478	0.00478	0.00319	0.00319	0.00478	0.00478	0.00638	0.00638	0.01116	0.00638	0.01276	0.01435	0.89314	0.00319	0.00319	0.00159	0.00159
24	0.00761	0.03588	0.78168	0.01025	0.01537	0.02203	0.01298	0.02703	0.00793	0.01167	0.00674	0.01897	0.00494	0.00365	0.00362	0.00116	0.01870	0.00281	0.00162	0.00536
25	0.00847	0.02514	0.10180	0.00969	0.02579	0.01766	0.22912	0.01296	0.23000	0.06187	0.03297	0.06383	0.05692	0.00501	0.00425	0.00122	0.03693	0.02894	0.00276	0.04466
26	0.00529	0.00358	0.00405	0.00403	0.00413	0.00354	0.00232	0.00543	0.00576	0.00768	0.06184	0.02467	0.04644	0.78701	0.01730	0.00333	0.00339	0.00551	0.00238	0.00233
27	0.00890	0.00797	0.00969	0.00826	0.01050	0.00892	0.10235	0.01807	0.71245	0.01474	0.01492	0.01409	0.04246	0.00493	0.00383	0.00124	0.00325	0.00431	0.00351	0.00561
28	0.00894	0.11251	0.28640	0.05589	0.21464	0.01867	0.02716	0.07367	0.05003	0.04405	0.00781	0.00987	0.00628	0.05489	0.00437	0.00125	0.00455	0.01170	0.00207	0.00525
29	0.02485	0.01014	0.19587	0.22910	0.14365	0.01835	0.11718	0.01206	0.06936	0.09495	0.02538	0.01073	0.00688	0.00389	0.00373	0.00119	0.00467	0.02073	0.00222	0.00507
30	0.00749	0.00424	0.00548	0.00498	0.00626	0.00379	0.00380	0.00892	0.00977	0.19784	0.46155	0.12325	0.13300	0.00755	0.00423	0.00120	0.00210	0.00658	0.00400	0.00398
31	0.00463	0.00355	0.00424	0.00444	0.00523	0.00316	0.00319	0.00569	0.00849	0.01110	0.26013	0.31250	0.34134	0.00953	0.00445	0.00130	0.00191	0.00834	0.00359	0.00316
32	0.00875	0.03403	0.20489	0.13239	0.24320	0.02706	0.15942	0.07108	0.02394	0.02279	0.00808	0.00978	0.03049	0.00366	0.00372	0.00115	0.00491	0.00344	0.00198	0.00522
33	0.00897	0.00736	0.04049	0.00916	0.14813	0.08254	0.01522	0.02763	0.10624	0.14707	0.10935	0.20221	0.06723	0.00642	0.00399	0.00121	0.00330	0.00559	0.00322	0.00467
34	0.00818	0.00421	0.00556	0.00539	0.00654	0.00377	0.00397	0.00916	0.00846	0.26614	0.08239	0.47264	0.09095	0.00889	0.00433	0.00134	0.00238	0.00787	0.00380	0.00403
35	0.02108	0.00381	0.00420	0.00417	0.00528	0.00333	0.00310	0.00608	0.00867	0.03605	0.20213	0.12442	0.54687	0.00892	0.00432	0.00125	0.00192	0.00759	0.00356	0.00327
36	0.02372	0.09036	0.30741	0.07655	0.11906	0.14335	0.05451	0.02904	0.03586	0.02392	0.00703	0.02629	0.00561	0.00384	0.00379	0.00112	0.03862	0.00304	0.00188	0.00501

[dist]
# distance from previous block
# <min> <max>
1	11

[block]
# block no. 6 follows, 75 sequences, length 22
# corresponding to MSA columns:
# 373-394
name=unknown_G
#
# <colnr> <probs for GDERKNQSTAVLIFYWHMCP>
#	G	D	E	R	K	N	Q	S	T	A	V	L	I	F	Y	W	H	M	C	P
0	0.26343	0.13785	0.01976	0.00985	0.17565	0.18285	0.01704	0.03527	0.00821	0.01244	0.00661	0.00774	0.02177	0.00358	0.00303	0.00100	0.01388	0.00256	0.02184	0.05566
1	0.02030	0.04879	0.06424	0.08478	0.26164	0.05427	0.19294	0.09319	0.01785	0.06755	0.00781	0.02521	0.00613	0.00365	0.00369	0.00111	0.00473	0.00349	0.00222	0.03640
2	0.37860	0.00816	0.03960	0.02818	0.05834	0.02660	0.00966	0.11698	0.01767	0.04599	0.00658	0.00748	0.00508	0.00355	0.00314	0.00101	0.03184	0.00248	0.00243	0.20664
3	0.00488	0.00356	0.00429	0.00474	0.02090	0.00330	0.00313	0.00565	0.00740	0.00983	0.09230	0.36115	0.23267	0.17292	0.00709	0.00175	0.00232	0.00795	0.05119	0.00299
4	0.02003	0.00389	0.00487	0.00454	0.00554	0.00362	0.00344	0.00772	0.00992	0.05770	0.65645	0.02478	0.05472	0.00693	0.00404	0.00112	0.00182	0.00603	0.11922	0.00360
5	0.00503	0.00358	0.00404	0.00410	0.00457	0.00336	0.00265	0.00559	0.00695	0.00915	0.11040	0.11633	0.23397	0.43061	0.01133	0.00238	0.00270	0.00658	0.03399	0.00271
6	0.00517	0.00371	0.00501	0.00577	0.00632	0.00358	0.00450	0.00632	0.00781	0.01028	0.05358	0.42048	0.04543	0.02975	0.00515	0.00161	0.00270	0.37626	0.00340	0.00317
7	0.02693	0.00481	0.00632	0.00578	0.00729	0.00437	0.00437	0.03142	0.00883	0.38392	0.01692	0.43045	0.01636	0.00791	0.00413	0.00130	0.00262	0.00694	0.02477	0.00455
8	0.00638	0.00319	0.00478	0.00478	0.00478	0.00319	0.00319	0.00478	0.00478	0.00638	0.00638	0.01116	0.00638	0.01276	0.01435	0.89314	0.00319	0.00319	0.00159	0.00159
9	0.89687	0.00710	0.00540	0.00483	0.00710	0.00824	0.00398	0.01080	0.00625	0.01648	0.00511	0.00597	0.00398	0.00341	0.00227	0.00114	0.00284	0.00199	0.00227	0.00398
10	0.06871	0.05987	0.01039	0.02942	0.03848	0.15624	0.00671	0.35828	0.09964	0.06535	0.00938	0.01100	0.00737	0.00456	0.00355	0.00112	0.00422	0.05727	0.00308	0.00537
11	0.00985	0.01010	0.00967	0.00788	0.02959	0.24460	0.05327	0.07510	0.00913	0.01181	0.00659	0.00782	0.00542	0.00404	0.02973	0.00094	0.02392	0.00254	0.00217	0.45582
12	0.01648	0.00625	0.00852	0.00653	0.00938	0.00540	0.00540	0.01790	0.01051	0.85056	0.01449	0.01250	0.00909	0.00455	0.00369	0.00114	0.00313	0.00369	0.00455	0.00625
13	0.05644	0.00836	0.04256	0.01169	0.06190	0.00763	0.43629	0.03664	0.01833	0.07040	0.01353	0.01549	0.15295	0.01762	0.00432	0.00126	0.00467	0.03277	0.00246	0.00469
14	0.00952	0.02982	0.01395	0.09786	0.54664	0.14465	0.04691	0.01149	0.00850	0.01107	0.00686	0.02478	0.00584	0.00360	0.00379	0.00110	0.02326	0.00328	0.00183	0.00525
15	0.00670	0.00567	0.00769	0.29547	0.01325	0.00645	0.00636	0.03571	0.20481	0.01124	0.01472	0.31397	0.04905	0.00700	0.00407	0.00132	0.00330	0.00619	0.00289	0.00413
16	0.01956	0.00389	0.00480	0.00457	0.00556	0.00355	0.00343	0.00702	0.00959	0.04879	0.55851	0.06171	0.19063	0.03812	0.00481	0.00128	0.00195	0.02495	0.00381	0.00346
17	0.03094	0.19764	0.17592	0.03766	0.09438	0.03201	0.06120	0.04498	0.04719	0.09006	0.02769	0.06977	0.01869	0.01899	0.03626	0.00132	0.00439	0.00366	0.00234	0.00492
18	0.12169	0.03337	0.02616	0.07532	0.22606	0.16488	0.04486	0.13420	0.03614	0.05989	0.00751	0.00891	0.00587	0.00378	0.00341	0.00108	0.00450	0.01379	0.00238	0.02621
19	0.00574	0.00504	0.01475	0.02023	0.01977	0.07226	0.00393	0.00675	0.00797	0.01013	0.13080	0.20318	0.23522	0.13506	0.03243	0.00176	0.00301	0.06443	0.02432	0.00321
20	0.08971	0.04501	0.02831	0.07746	0.11747	0.11887	0.00605	0.03652	0.02892	0.02582	0.05325	0.25939	0.04202	0.03655	0.00429	0.00128	0.00359	0.00545	0.00264	0.01741
21	0.13172	0.05303	0.01871	0.04385	0.15803	0.05143	0.01679	0.03916	0.07411	0.08559	0.01212	0.12699	0.07358	0.01332	0.00381	0.00117	0.01682	0.01440	0.00270	0.06267

[dist]
# distance from previous block
# <min> <max>
0	16

[block]
# block no. 7 follows, 75 sequences, length 18
# corresponding to MSA columns:
# 411-428
name=unknown_H
#
# <colnr> <probs for GDERKNQSTAVLIFYWHMCP>
#	G	D	E	R	K	N	Q	S	T	A	V	L	I	F	Y	W	H	M	C	P
0	0.05033	0.25669	0.08791	0.05906	0.10753	0.10536	0.02039	0.09460	0.03089	0.02960	0.03280	0.00829	0.00624	0.00365	0.00324	0.00097	0.01636	0.00275	0.00213	0.08120
1	0.01023	0.01184	0.03662	0.05512	0.13693	0.37305	0.04882	0.02306	0.00914	0.01043	0.02886	0.05229	0.00804	0.00467	0.00397	0.00109	0.03896	0.06988	0.00214	0.07486
2	0.00609	0.00527	0.00567	0.00540	0.00581	0.06192	0.00380	0.00655	0.00649	0.00831	0.01588	0.08747	0.18154	0.40623	0.03042	0.00247	0.14970	0.00563	0.00242	0.00293
3	0.00583	0.00498	0.02134	0.00895	0.17164	0.00489	0.00555	0.00695	0.00732	0.01009	0.01640	0.51267	0.04656	0.00943	0.02483	0.00150	0.06220	0.04737	0.02780	0.00370
4	0.00531	0.00380	0.00479	0.00464	0.00554	0.00351	0.00348	0.00673	0.00932	0.03230	0.52323	0.06471	0.17935	0.05505	0.04587	0.00156	0.00236	0.04140	0.00369	0.00336
5	0.00455	0.00333	0.00420	0.00486	0.00523	0.00307	0.00329	0.00521	0.00714	0.00933	0.02210	0.66179	0.14591	0.07558	0.00570	0.00161	0.00223	0.02860	0.00332	0.00295
6	0.00881	0.06711	0.03671	0.12571	0.53614	0.00892	0.02238	0.05485	0.02195	0.01184	0.00717	0.00936	0.00593	0.00505	0.06136	0.00142	0.00479	0.00324	0.00191	0.00535
7	0.07245	0.00985	0.00963	0.00787	0.01040	0.09055	0.00634	0.44279	0.23110	0.04748	0.01013	0.00992	0.00741	0.00443	0.00354	0.00112	0.00383	0.00336	0.02205	0.00573
8	0.00582	0.00385	0.00496	0.00462	0.00552	0.00356	0.00344	0.00743	0.00996	0.05416	0.71469	0.02586	0.03091	0.06172	0.00513	0.00129	0.00191	0.00627	0.04539	0.00352
9	0.00804	0.00804	0.01125	0.00964	0.00964	0.01125	0.00804	0.00884	0.00562	0.00884	0.00482	0.00804	0.00482	0.00643	0.01205	0.00161	0.86420	0.00321	0.00161	0.00402
10	0.00762	0.00653	0.00762	0.00544	0.00870	0.00490	0.00435	0.00925	0.00762	0.01197	0.00653	0.00762	0.00544	0.00272	0.00272	0.00054	0.00272	0.00218	0.00218	0.89338
11	0.01396	0.01029	0.01102	0.00845	0.01139	0.01139	0.00698	0.83577	0.01727	0.02315	0.00882	0.00882	0.00625	0.00441	0.00367	0.00110	0.00404	0.00331	0.00367	0.00625
12	0.00762	0.00653	0.00762	0.00544	0.00870	0.00490	0.00435	0.00925	0.00762	0.01197	0.00653	0.00762	0.00544	0.00272	0.00272	0.00054	0.00272	0.00218	0.00218	0.89338
13	0.00453	0.00322	0.00425	0.00504	0.00524	0.00302	0.00333	0.00513	0.00693	0.00923	0.01970	0.81522	0.02360	0.06576	0.00557	0.00162	0.00222	0.01012	0.00333	0.00294
14	0.01396	0.01029	0.01102	0.00845	0.01139	0.01139	0.00698	0.83577	0.01727	0.02315	0.00882	0.00882	0.00625	0.00441	0.00367	0.00110	0.00404	0.00331	0.00367	0.00625
15	0.01556	0.00598	0.00804	0.00624	0.00889	0.00521	0.00513	0.01701	0.01024	0.77097	0.01425	0.01261	0.00912	0.00452	0.00359	0.00111	0.00299	0.00367	0.08888	0.00598
16	0.01213	0.00978	0.01068	0.08181	0.01210	0.11321	0.03067	0.38569	0.05219	0.10154	0.00864	0.00942	0.00641	0.00549	0.04049	0.00137	0.10672	0.00331	0.00300	0.00537
17	0.00714	0.00673	0.01138	0.78336	0.10245	0.00821	0.01030	0.00956	0.00744	0.00963	0.00656	0.00973	0.00498	0.00363	0.00367	0.00121	0.00485	0.00326	0.00165	0.00424

[dist]
# distance from previous block
# <min> <max>
0	13

[block]
# block no. 8 follows, 75 sequences, length 17
# corresponding to MSA columns:
# 442-458
name=unknown_I
#
# <colnr> <probs for GDERKNQSTAVLIFYWHMCP>
#	G	D	E	R	K	N	Q	S	T	A	V	L	I	F	Y	W	H	M	C	P
0	0.79094	0.03626	0.00605	0.00493	0.00732	0.00817	0.00409	0.01067	0.00641	0.01583	0.00523	0.00610	0.00413	0.00334	0.00231	0.00107	0.00287	0.00200	0.00224	0.08002
1	0.00548	0.00354	0.00431	0.00431	0.00437	0.00361	0.00260	0.00538	0.00532	0.00716	0.01065	0.02122	0.01193	0.66257	0.10218	0.13199	0.00414	0.00489	0.00211	0.00224
2	0.00530	0.00354	0.00402	0.00406	0.00407	0.00353	0.00229	0.00533	0.00543	0.00724	0.01202	0.06780	0.01392	0.82639	0.01797	0.00345	0.00349	0.00561	0.00229	0.00226
3	0.25345	0.29583	0.09581	0.00728	0.01016	0.05736	0.04849	0.05814	0.07371	0.03043	0.00658	0.00733	0.00524	0.00364	0.00314	0.00104	0.03297	0.00251	0.00215	0.00475
4	0.04950	0.00940	0.00915	0.00863	0.08094	0.21205	0.05218	0.17326	0.03395	0.05687	0.00965	0.07023	0.00798	0.00454	0.00338	0.00105	0.00402	0.00365	0.20490	0.00467
5	0.14006	0.00905	0.01176	0.10523	0.20948	0.12440	0.10551	0.01174	0.01961	0.08856	0.00737	0.01897	0.00594	0.01969	0.01762	0.00129	0.09352	0.00326	0.00216	0.00476
6	0.00755	0.08097	0.01061	0.00825	0.00882	0.00959	0.02693	0.00867	0.00695	0.01030	0.19064	0.01230	0.01151	0.00626	0.00912	0.00141	0.56029	0.00390	0.02195	0.00396
7	0.00533	0.00361	0.00424	0.00424	0.00432	0.00369	0.00252	0.00549	0.00541	0.00729	0.01136	0.02286	0.01284	0.76760	0.12132	0.00385	0.00433	0.00517	0.00219	0.00235
8	0.00812	0.00765	0.02926	0.19614	0.41416	0.00782	0.02361	0.05641	0.04134	0.01211	0.07193	0.04449	0.04564	0.02071	0.00406	0.00120	0.00405	0.00407	0.00226	0.00498
9	0.00866	0.00967	0.09496	0.05104	0.47224	0.03278	0.14684	0.02951	0.02095	0.01187	0.00871	0.03281	0.03309	0.00393	0.00382	0.00116	0.00466	0.02598	0.00200	0.00531
10	0.00812	0.00431	0.00475	0.00434	0.00571	0.00409	0.00337	0.02730	0.04174	0.15482	0.01851	0.01890	0.20687	0.00563	0.00328	0.00103	0.00211	0.01663	0.46452	0.00398
11	0.01324	0.01674	0.01010	0.00919	0.01103	0.80847	0.00689	0.01423	0.01041	0.00931	0.05270	0.00779	0.00641	0.00399	0.00337	0.00096	0.00635	0.00260	0.00201	0.00421
12	0.00868	0.27573	0.42137	0.02802	0.10953	0.01034	0.01043	0.04501	0.00821	0.02540	0.02183	0.00787	0.00550	0.00349	0.00319	0.00104	0.00468	0.00268	0.00177	0.00524
13	0.00626	0.00324	0.00478	0.00478	0.00480	0.00327	0.00318	0.00489	0.00487	0.00652	0.00687	0.01217	0.00697	0.07206	0.04796	0.79718	0.00348	0.00337	0.00165	0.00170
14	0.00451	0.00325	0.00429	0.00511	0.00538	0.00302	0.00346	0.00519	0.00713	0.00945	0.02089	0.81070	0.05693	0.01138	0.00469	0.00149	0.00216	0.03457	0.00341	0.00300
15	0.06420	0.01706	0.13381	0.07263	0.08816	0.01563	0.02481	0.07549	0.02435	0.04863	0.03648	0.07634	0.04893	0.02714	0.17091	0.00219	0.03580	0.03062	0.00244	0.00440
16	0.00937	0.07035	0.27079	0.01241	0.22791	0.06941	0.03516	0.09497	0.01973	0.05146	0.06859	0.02844	0.00805	0.00408	0.00367	0.00111	0.01352	0.00341	0.00226	0.00530

[dist]
# distance from previous block
# <min> <max>
10	99

# created by:
# /st0/software/busco_prod/Augustus/scripts/msa2prfl.pl ./align_prep/25572.fa
