[name]
unknown

[dist]
# distance from previous block
# <min> <max>
0	72

[block]
# block no. 0 follows, 66 sequences, length 63
# corresponding to MSA columns:
# 82-144
name=unknown_A
#
# <colnr> <probs for GDERKNQSTAVLIFYWHMCP>
#	G	D	E	R	K	N	Q	S	T	A	V	L	I	F	Y	W	H	M	C	P
0	0.06634	0.07191	0.12104	0.03096	0.03149	0.06746	0.03199	0.09164	0.03807	0.07422	0.04759	0.07612	0.02857	0.00532	0.00385	0.00117	0.00415	0.04634	0.00292	0.15885
1	0.04137	0.06456	0.18947	0.03956	0.06112	0.02296	0.08257	0.15538	0.02248	0.02597	0.04370	0.03009	0.02220	0.00697	0.08436	0.00169	0.00530	0.00382	0.00261	0.09380
2	0.04974	0.07353	0.25929	0.01183	0.12708	0.02059	0.06538	0.10104	0.07114	0.10212	0.00979	0.01066	0.02380	0.01230	0.00418	0.00126	0.01981	0.00355	0.00268	0.03025
3	0.00929	0.06429	0.06817	0.00820	0.06393	0.07749	0.01826	0.09283	0.07948	0.05400	0.04076	0.08411	0.20692	0.00672	0.00436	0.02007	0.00368	0.00538	0.05043	0.04165
4	0.07620	0.06777	0.17945	0.02169	0.13168	0.02976	0.05824	0.03508	0.00936	0.09539	0.08216	0.04260	0.04695	0.05197	0.00482	0.00136	0.00434	0.00425	0.00273	0.05420
5	0.00956	0.01057	0.13752	0.10790	0.14869	0.07472	0.07033	0.04791	0.02349	0.06447	0.05963	0.01385	0.06995	0.02462	0.03438	0.00145	0.00494	0.00413	0.00260	0.08931
6	0.02521	0.05605	0.08443	0.16257	0.12466	0.04203	0.02548	0.01224	0.04383	0.12530	0.09100	0.03528	0.08876	0.00526	0.00403	0.00123	0.00415	0.00448	0.00292	0.06108
7	0.03286	0.05358	0.04857	0.21263	0.12001	0.02161	0.02485	0.03269	0.06084	0.04988	0.05448	0.08739	0.04314	0.01535	0.02820	0.00145	0.00437	0.03719	0.00273	0.06817
8	0.00828	0.00837	0.08872	0.12924	0.21575	0.00768	0.03211	0.03472	0.03221	0.03755	0.06504	0.10532	0.06189	0.05838	0.03932	0.00171	0.05088	0.00518	0.00265	0.01501
9	0.04591	0.00938	0.07199	0.11581	0.11081	0.06345	0.01709	0.10549	0.06541	0.06276	0.03225	0.08196	0.00979	0.00580	0.01692	0.01429	0.03072	0.02573	0.02434	0.09009
10	0.03380	0.03753	0.05604	0.15038	0.10835	0.05778	0.02000	0.06826	0.10257	0.03863	0.00984	0.01265	0.02169	0.07987	0.00599	0.00147	0.06661	0.01438	0.01507	0.09909
11	0.01029	0.06744	0.06829	0.06681	0.11466	0.00895	0.14882	0.10404	0.03718	0.08607	0.04510	0.03076	0.03243	0.00494	0.01788	0.00126	0.01709	0.00407	0.00278	0.13115
12	0.02225	0.05421	0.07174	0.05436	0.15769	0.04596	0.00713	0.00993	0.04451	0.02610	0.05537	0.29628	0.02752	0.05501	0.00534	0.00149	0.01427	0.00647	0.00290	0.04147
13	0.09346	0.04270	0.10317	0.00865	0.08510	0.03778	0.01577	0.01135	0.00882	0.06556	0.05172	0.06678	0.00936	0.00449	0.00353	0.00100	0.00372	0.01769	0.00265	0.36671
14	0.00826	0.04312	0.06905	0.03897	0.07250	0.04342	0.03113	0.01059	0.02764	0.01367	0.22276	0.01447	0.01448	0.00467	0.00374	0.00097	0.00353	0.00399	0.00283	0.37019
15	0.00682	0.00569	0.00798	0.00886	0.14742	0.00519	0.03499	0.00867	0.02286	0.02561	0.27165	0.09304	0.24202	0.00759	0.00449	0.00126	0.00282	0.00670	0.00351	0.09285
16	0.00847	0.00730	0.00871	0.00670	0.03967	0.00556	0.00509	0.01030	0.00844	0.01322	0.00723	0.00847	0.00602	0.00303	0.00304	0.00062	0.00307	0.00245	0.00239	0.85022
17	0.00860	0.03263	0.67422	0.01062	0.01595	0.00894	0.01310	0.01306	0.04028	0.04883	0.00854	0.03993	0.00648	0.00424	0.00385	0.00125	0.00544	0.00337	0.00207	0.05862
18	0.78318	0.04960	0.02323	0.00568	0.00825	0.03176	0.00481	0.01193	0.00715	0.01728	0.00607	0.02555	0.00497	0.00396	0.00263	0.00124	0.00335	0.00243	0.00247	0.00445
19	0.00614	0.00449	0.00600	0.00676	0.00770	0.00436	0.00573	0.00778	0.00920	0.01185	0.03777	0.10321	0.14304	0.02193	0.00563	0.00179	0.00336	0.60586	0.00374	0.00364
20	0.01489	0.01110	0.01188	0.00923	0.01238	0.01233	0.00758	0.73908	0.09944	0.02471	0.01042	0.01028	0.00745	0.00493	0.00407	0.00123	0.00434	0.00375	0.00407	0.00685
21	0.00957	0.03269	0.05555	0.12660	0.65259	0.00959	0.01210	0.01206	0.00901	0.01271	0.00781	0.02734	0.00662	0.00387	0.00400	0.00123	0.00489	0.00371	0.00200	0.00607
22	0.01309	0.01169	0.01271	0.17116	0.13926	0.15477	0.00912	0.40449	0.01420	0.01812	0.00834	0.00957	0.00626	0.00441	0.00398	0.00121	0.00519	0.00346	0.00298	0.00599
23	0.01089	0.01183	0.15460	0.01470	0.04584	0.00934	0.51464	0.01416	0.00976	0.15879	0.00942	0.01103	0.00669	0.00378	0.00448	0.00133	0.00603	0.00433	0.00252	0.00584
24	0.00689	0.00363	0.00544	0.00544	0.00553	0.00372	0.00372	0.00553	0.00544	0.00735	0.00753	0.01279	0.00744	0.01617	0.12099	0.77046	0.00446	0.00363	0.00181	0.00200
25	0.01004	0.00964	0.01647	0.02490	0.83211	0.00964	0.01245	0.01245	0.00924	0.01325	0.00763	0.01004	0.00643	0.00361	0.00402	0.00120	0.00482	0.00361	0.00201	0.00643
26	0.00954	0.00916	0.01541	0.16712	0.63009	0.00974	0.01198	0.01189	0.00881	0.01249	0.00738	0.01009	0.00617	0.00395	0.00472	0.00127	0.06867	0.00361	0.00195	0.00594
27	0.00702	0.02309	0.03868	0.00884	0.02347	0.00585	0.21131	0.00891	0.00936	0.04006	0.17215	0.26666	0.14080	0.00825	0.00480	0.00142	0.00362	0.01807	0.00337	0.00427
28	0.00746	0.00631	0.02524	0.03916	0.03402	0.00592	0.23603	0.00872	0.00789	0.01112	0.01216	0.20779	0.01215	0.00857	0.00725	0.21461	0.00413	0.02738	0.12028	0.00380
29	0.00936	0.00894	0.01524	0.26081	0.60153	0.00946	0.01211	0.01185	0.00892	0.01243	0.00751	0.01026	0.00613	0.00374	0.00403	0.00125	0.00499	0.00361	0.00195	0.00588
30	0.00889	0.00855	0.02961	0.23729	0.34073	0.00875	0.12231	0.02275	0.00899	0.02982	0.02368	0.10669	0.00903	0.00493	0.00444	0.00133	0.01983	0.00474	0.00229	0.00536
31	0.00933	0.01076	0.10268	0.09495	0.25733	0.00940	0.36083	0.01235	0.00926	0.03146	0.01985	0.03402	0.02015	0.00404	0.00439	0.00131	0.00569	0.00441	0.00215	0.00563
32	0.00795	0.00778	0.02825	0.42547	0.16770	0.00834	0.11442	0.01034	0.00837	0.01112	0.00983	0.06913	0.02686	0.06908	0.00551	0.00155	0.00508	0.01635	0.00212	0.00473
33	0.00695	0.00489	0.00743	0.00666	0.00710	0.00519	0.07731	0.00672	0.00613	0.00836	0.00977	0.03480	0.02189	0.26925	0.06216	0.37059	0.08532	0.00465	0.00210	0.00273
34	0.00920	0.05359	0.54376	0.01146	0.03888	0.02239	0.09847	0.01295	0.00901	0.08266	0.02356	0.04854	0.01850	0.00446	0.00401	0.00128	0.00549	0.00380	0.00222	0.00578
35	0.00955	0.12284	0.47297	0.00950	0.01387	0.02227	0.01091	0.04754	0.00927	0.10265	0.01061	0.11857	0.02180	0.00523	0.00391	0.00127	0.00493	0.00422	0.00248	0.00562
36	0.01052	0.01126	0.07390	0.06854	0.05775	0.13592	0.08033	0.06404	0.34904	0.01460	0.01216	0.02734	0.00975	0.00520	0.00433	0.00133	0.01948	0.04569	0.00311	0.00572
37	0.00980	0.00933	0.01581	0.13809	0.70789	0.00960	0.01221	0.02529	0.00924	0.01306	0.00761	0.01014	0.00629	0.00370	0.00402	0.00123	0.00490	0.00361	0.00201	0.00617
38	0.01045	0.30435	0.30105	0.01050	0.07558	0.01142	0.05058	0.05761	0.00941	0.07673	0.01848	0.00885	0.00626	0.00386	0.00349	0.00111	0.00493	0.00301	0.00221	0.04012
39	0.00953	0.06176	0.45216	0.01276	0.11200	0.00927	0.11428	0.01325	0.02351	0.09087	0.03741	0.02877	0.00765	0.00424	0.00401	0.00127	0.00536	0.00372	0.00229	0.00590
40	0.00616	0.00471	0.00651	0.02268	0.00735	0.01742	0.00488	0.00739	0.01734	0.00927	0.01144	0.01738	0.02907	0.14481	0.60721	0.04233	0.03378	0.00457	0.00224	0.00347
41	0.01160	0.00835	0.01164	0.19367	0.15951	0.05704	0.04744	0.05805	0.05785	0.22630	0.03005	0.05835	0.04248	0.00542	0.01307	0.00135	0.00448	0.00450	0.00321	0.00564
42	0.00989	0.03267	0.25143	0.01467	0.22068	0.01954	0.16777	0.01284	0.00930	0.10947	0.02224	0.08431	0.01706	0.00474	0.00421	0.00130	0.00512	0.00447	0.00249	0.00578
43	0.02216	0.05073	0.03106	0.03650	0.16558	0.00680	0.02324	0.03875	0.02032	0.02799	0.17268	0.02208	0.21934	0.03576	0.08450	0.00186	0.02735	0.00563	0.00308	0.00457
44	0.00895	0.00920	0.02868	0.46564	0.23447	0.08098	0.05245	0.01145	0.00880	0.01130	0.00795	0.02857	0.00656	0.00427	0.00411	0.00131	0.00540	0.02288	0.00198	0.00506
45	0.00913	0.00830	0.01384	0.41522	0.38728	0.00916	0.01139	0.03081	0.00897	0.03427	0.00807	0.03120	0.00655	0.00412	0.00407	0.00129	0.00499	0.00382	0.00208	0.00546
46	0.00867	0.04272	0.55472	0.01077	0.01553	0.00863	0.09070	0.01244	0.00902	0.07062	0.06720	0.07186	0.00950	0.00484	0.00408	0.00130	0.00530	0.00415	0.00232	0.00564
47	0.00990	0.00947	0.01614	0.02437	0.80938	0.00947	0.01221	0.01226	0.00920	0.01317	0.00804	0.03328	0.00699	0.00387	0.00405	0.00122	0.00475	0.00383	0.00206	0.00634
48	0.00909	0.00867	0.01470	0.34642	0.50004	0.00945	0.01191	0.01158	0.00873	0.01205	0.00742	0.01032	0.00600	0.00386	0.00423	0.00127	0.02308	0.00361	0.00192	0.00563
49	0.00969	0.00910	0.01520	0.10190	0.52236	0.03321	0.09671	0.01203	0.00927	0.04250	0.02538	0.06261	0.01614	0.00456	0.00422	0.00128	0.00486	0.02089	0.00231	0.00578
50	0.01071	0.00889	0.04818	0.18087	0.21003	0.00840	0.20209	0.01322	0.00952	0.18441	0.02489	0.06205	0.00865	0.00459	0.00430	0.00131	0.00498	0.00450	0.00275	0.00567
51	0.01465	0.00822	0.01232	0.01030	0.06771	0.04214	0.15483	0.04768	0.01102	0.48897	0.01393	0.08788	0.01027	0.00528	0.00428	0.00130	0.00427	0.00477	0.00400	0.00619
52	0.00930	0.03205	0.01386	0.46103	0.31836	0.04432	0.01125	0.01175	0.00879	0.04021	0.00759	0.01037	0.00593	0.00392	0.00399	0.00127	0.00518	0.00354	0.00200	0.00532
53	0.00997	0.02285	0.31694	0.01132	0.07566	0.00810	0.11960	0.01287	0.00922	0.17158	0.02612	0.10438	0.04231	0.00546	0.00466	0.00135	0.04448	0.00475	0.00278	0.00561
54	0.01121	0.01207	0.10679	0.30759	0.06638	0.21343	0.02746	0.02960	0.05211	0.10743	0.02227	0.01053	0.00688	0.00430	0.00397	0.00125	0.00552	0.00349	0.00246	0.00527
55	0.00912	0.00823	0.01377	0.45039	0.36110	0.00915	0.01142	0.02308	0.00884	0.04190	0.00780	0.01066	0.00609	0.00431	0.01652	0.00136	0.00516	0.00364	0.00204	0.00541
56	0.00957	0.00841	0.01414	0.43261	0.29648	0.00927	0.05899	0.04735	0.00928	0.06315	0.00807	0.01070	0.00615	0.00397	0.00409	0.00129	0.00513	0.00371	0.00218	0.00546
57	0.01039	0.01272	0.35245	0.06264	0.02632	0.00786	0.03952	0.04414	0.03213	0.20575	0.01335	0.08325	0.06726	0.00546	0.00430	0.00133	0.01788	0.00455	0.00299	0.00571
58	0.00886	0.00933	0.08860	0.23296	0.28585	0.00867	0.09504	0.03827	0.02318	0.03127	0.01096	0.07700	0.04816	0.00499	0.00425	0.00133	0.00488	0.01867	0.00236	0.00538
59	0.00705	0.02107	0.00840	0.05405	0.14977	0.02777	0.03894	0.00854	0.00916	0.04151	0.03537	0.13953	0.38138	0.00840	0.00462	0.00138	0.00327	0.05226	0.00326	0.00428
60	0.02369	0.02961	0.13104	0.05364	0.20922	0.02102	0.31610	0.06601	0.00993	0.04123	0.00954	0.01181	0.03554	0.00410	0.00429	0.00130	0.00558	0.01831	0.00231	0.00573
61	0.04075	0.05586	0.37334	0.03062	0.08377	0.10539	0.03354	0.10306	0.04003	0.04957	0.02255	0.00949	0.00653	0.00422	0.00404	0.00124	0.02455	0.00327	0.00236	0.00582
62	0.09956	0.09404	0.02165	0.00742	0.04995	0.00685	0.02120	0.00959	0.02520	0.07267	0.02751	0.14962	0.04311	0.06475	0.27607	0.00315	0.01533	0.00528	0.00277	0.00427

[dist]
# distance from previous block
# <min> <max>
3	30

[block]
# block no. 1 follows, 66 sequences, length 8
# corresponding to MSA columns:
# 178-185
name=unknown_B
#
# <colnr> <probs for GDERKNQSTAVLIFYWHMCP>
#	G	D	E	R	K	N	Q	S	T	A	V	L	I	F	Y	W	H	M	C	P
0	0.00851	0.04381	0.06988	0.29759	0.18864	0.00820	0.00934	0.04566	0.00949	0.03595	0.12626	0.04201	0.04687	0.00509	0.00410	0.00125	0.00433	0.00447	0.00258	0.04597
1	0.00848	0.05229	0.08201	0.06152	0.17219	0.00717	0.04336	0.03693	0.00960	0.07247	0.10244	0.06441	0.15751	0.00734	0.03727	0.00150	0.00411	0.04322	0.00301	0.03317
2	0.01147	0.01260	0.01058	0.04506	0.09306	0.36409	0.00719	0.03658	0.03636	0.01201	0.00868	0.03922	0.02900	0.00429	0.00362	0.00098	0.00513	0.00326	0.00239	0.27443
3	0.04034	0.05534	0.16520	0.02281	0.06554	0.00869	0.09177	0.10085	0.07499	0.02887	0.08150	0.05132	0.02073	0.00503	0.00414	0.00121	0.01919	0.02510	0.00282	0.13455
4	0.01008	0.14126	0.14508	0.04111	0.10210	0.14707	0.06291	0.01270	0.04482	0.02656	0.00981	0.01204	0.04847	0.00454	0.00403	0.00114	0.02938	0.03945	0.00229	0.11517
5	0.00883	0.01020	0.06125	0.07568	0.04151	0.00917	0.57529	0.01193	0.00938	0.01279	0.04671	0.04574	0.03548	0.00429	0.00463	0.00134	0.00596	0.00501	0.00226	0.03255
6	0.00832	0.00816	0.04327	0.01120	0.18979	0.04936	0.04518	0.04197	0.13607	0.01380	0.13426	0.07180	0.17787	0.00682	0.00460	0.00133	0.01926	0.02866	0.00326	0.00502
7	0.01062	0.22462	0.04520	0.07474	0.13577	0.01071	0.05306	0.11722	0.02695	0.04969	0.00784	0.00919	0.00627	0.00432	0.01779	0.00115	0.03238	0.00312	0.00243	0.16692

[dist]
# distance from previous block
# <min> <max>
0	1

[block]
# block no. 2 follows, 66 sequences, length 37
# corresponding to MSA columns:
# 187-223
name=unknown_C
#
# <colnr> <probs for GDERKNQSTAVLIFYWHMCP>
#	G	D	E	R	K	N	Q	S	T	A	V	L	I	F	Y	W	H	M	C	P
0	0.01293	0.01036	0.01066	0.00922	0.04152	0.08020	0.00709	0.40201	0.22575	0.05379	0.04046	0.05013	0.02632	0.00551	0.00413	0.00127	0.00412	0.00440	0.00387	0.00624
1	0.43609	0.18627	0.03427	0.00784	0.05431	0.15605	0.00628	0.01269	0.00824	0.01429	0.00599	0.00704	0.00492	0.00373	0.00288	0.00110	0.00428	0.00237	0.00222	0.04914
2	0.00662	0.00472	0.00541	0.00509	0.00641	0.00441	0.00389	0.05639	0.02646	0.04212	0.30958	0.04846	0.33740	0.02446	0.00490	0.00136	0.00231	0.03578	0.07024	0.00397
3	0.04379	0.01132	0.04770	0.04082	0.35783	0.09820	0.06132	0.17536	0.09541	0.01582	0.00876	0.01011	0.00683	0.00414	0.00399	0.00123	0.00498	0.00361	0.00265	0.00613
4	0.00520	0.00404	0.00448	0.00450	0.00560	0.00354	0.00331	0.00644	0.00955	0.01236	0.23342	0.11401	0.49905	0.02777	0.00507	0.00141	0.00208	0.00826	0.04639	0.00351
5	0.00562	0.00425	0.00482	0.00487	0.01679	0.00368	0.00355	0.00685	0.00968	0.04526	0.20692	0.11168	0.54199	0.00978	0.00479	0.00137	0.00215	0.00833	0.00394	0.00368
6	0.00628	0.00486	0.00550	0.00573	0.00684	0.00428	0.00427	0.00718	0.00982	0.01252	0.11881	0.18088	0.45903	0.02752	0.00571	0.00172	0.00275	0.12814	0.00414	0.00402
7	0.01085	0.85986	0.02126	0.00694	0.01041	0.01605	0.00694	0.01215	0.00824	0.00955	0.00564	0.00651	0.00521	0.00347	0.00260	0.00087	0.00434	0.00217	0.00174	0.00521
8	0.00756	0.00378	0.00378	0.00378	0.00473	0.00378	0.00284	0.00945	0.00851	0.01513	0.01324	0.01513	0.01040	0.00473	0.00284	0.00095	0.00189	0.00378	0.87994	0.00378
9	0.19021	0.12065	0.18434	0.00807	0.01174	0.00972	0.00796	0.14854	0.01083	0.25627	0.00970	0.00963	0.00673	0.00430	0.00352	0.00121	0.00421	0.00315	0.00324	0.00599
10	0.00590	0.00395	0.00450	0.00450	0.00453	0.00398	0.00255	0.00595	0.00592	0.00792	0.01271	0.02616	0.01458	0.82692	0.05091	0.00403	0.00419	0.00584	0.00245	0.00250
11	0.01085	0.85986	0.02126	0.00694	0.01041	0.01605	0.00694	0.01215	0.00824	0.00955	0.00564	0.00651	0.00521	0.00347	0.00260	0.00087	0.00434	0.00217	0.00174	0.00521
12	0.01013	0.51274	0.28119	0.00893	0.02588	0.02691	0.00968	0.02319	0.00854	0.02187	0.00639	0.00746	0.00530	0.00377	0.00345	0.00105	0.03367	0.00256	0.00181	0.00549
13	0.00524	0.00385	0.00532	0.00650	0.03810	0.00368	0.00426	0.00608	0.00780	0.01046	0.02109	0.75038	0.02497	0.01335	0.05408	0.00192	0.00299	0.03288	0.00360	0.00345
14	0.00654	0.00467	0.00654	0.00747	0.00841	0.00467	0.00654	0.00841	0.00934	0.01214	0.02148	0.04576	0.02335	0.01121	0.00560	0.00187	0.00374	0.80480	0.00374	0.00374
15	0.01158	0.01281	0.00993	0.00945	0.03477	0.40141	0.00698	0.04787	0.15226	0.01226	0.04297	0.13991	0.01161	0.00625	0.00473	0.00128	0.06135	0.02482	0.00289	0.00485
16	0.00944	0.37254	0.27401	0.00981	0.03669	0.02176	0.09016	0.01210	0.00864	0.01152	0.03868	0.00895	0.00676	0.00434	0.02154	0.00118	0.00512	0.00300	0.00193	0.06183
17	0.04224	0.00915	0.01529	0.11255	0.69025	0.00938	0.01177	0.01207	0.00910	0.01321	0.03166	0.01059	0.00718	0.00381	0.00399	0.00122	0.00474	0.00367	0.00208	0.00607
18	0.00814	0.02099	0.83640	0.01156	0.01756	0.00942	0.01499	0.01285	0.00857	0.01285	0.00728	0.00857	0.00514	0.00385	0.00385	0.00128	0.00600	0.00300	0.00171	0.00600
19	0.00591	0.00522	0.00635	0.11791	0.05984	0.02366	0.00499	0.00740	0.00955	0.01195	0.17565	0.03120	0.50852	0.00854	0.00462	0.00133	0.00277	0.00724	0.00349	0.00386
20	0.00674	0.00533	0.00714	0.03179	0.07429	0.00517	0.02339	0.00950	0.09071	0.03226	0.46454	0.04279	0.17493	0.00778	0.00463	0.00131	0.00256	0.00683	0.00397	0.00433
21	0.01542	0.01136	0.01218	0.00933	0.01258	0.01258	0.00771	0.81858	0.01908	0.02557	0.00974	0.00974	0.00690	0.00487	0.00406	0.00122	0.00446	0.00365	0.00406	0.00690
22	0.00539	0.00390	0.00518	0.00606	0.00652	0.00374	0.00440	0.00658	0.02529	0.01090	0.02249	0.64337	0.04462	0.01218	0.00524	0.00168	0.00266	0.18258	0.00377	0.00346
23	0.04494	0.01083	0.01164	0.00901	0.01218	0.01193	0.00742	0.70124	0.05873	0.07535	0.01033	0.01016	0.00729	0.00487	0.00401	0.00123	0.00429	0.00368	0.00407	0.00679
24	0.01356	0.01432	0.01114	0.02818	0.01239	0.43869	0.03114	0.11945	0.19666	0.05414	0.01006	0.03467	0.00796	0.00483	0.00392	0.00119	0.00563	0.00361	0.00299	0.00546
25	0.00958	0.01094	0.02394	0.01710	0.02120	0.01026	0.81737	0.01300	0.00958	0.01300	0.00821	0.01094	0.00616	0.00342	0.00479	0.00137	0.00684	0.00479	0.00205	0.00547
26	0.00491	0.00404	0.00432	0.00441	0.00559	0.00345	0.00325	0.00598	0.00928	0.01141	0.11685	0.14479	0.64691	0.01040	0.00484	0.00140	0.00208	0.00883	0.00384	0.00345
27	0.03436	0.00826	0.00955	0.04321	0.08712	0.00925	0.00686	0.04268	0.55727	0.04797	0.04397	0.04382	0.03648	0.00567	0.00414	0.00135	0.00339	0.00479	0.00381	0.00604
28	0.00833	0.00743	0.01192	0.73586	0.02564	0.00912	0.01067	0.06806	0.00891	0.02500	0.00793	0.03462	0.00620	0.00443	0.00425	0.00136	0.01970	0.00384	0.00207	0.00468
29	0.01260	0.00608	0.00731	0.00606	0.00823	0.00578	0.00489	0.11438	0.01129	0.35250	0.04419	0.01724	0.07692	0.00562	0.00380	0.00118	0.00292	0.02780	0.28578	0.00542
30	0.00580	0.00432	0.00639	0.00639	0.00708	0.00500	0.00491	0.00716	0.00648	0.00932	0.01098	0.01658	0.01042	0.08019	0.79195	0.00636	0.01045	0.00444	0.00219	0.00355
31	0.01577	0.01120	0.01178	0.00912	0.01229	0.05442	0.00749	0.67416	0.01772	0.12920	0.01037	0.01014	0.00722	0.00485	0.00404	0.00121	0.00448	0.00365	0.00408	0.00679
32	0.01312	0.09407	0.11769	0.00780	0.01086	0.00868	0.00715	0.18139	0.04163	0.29540	0.01301	0.01332	0.04571	0.04637	0.00510	0.02052	0.01952	0.00393	0.04880	0.00591
33	0.01309	0.01525	0.01084	0.02890	0.06755	0.58276	0.00792	0.01443	0.01086	0.03426	0.00957	0.01512	0.00892	0.00551	0.00408	0.00123	0.00631	0.15624	0.00248	0.00469
34	0.00840	0.00797	0.01351	0.59072	0.27908	0.00921	0.01164	0.01102	0.00846	0.01127	0.00734	0.01057	0.00573	0.00392	0.00404	0.00131	0.00522	0.00361	0.00187	0.00511
35	0.00937	0.00866	0.01280	0.42342	0.10127	0.02448	0.03299	0.01191	0.07433	0.01203	0.00945	0.04305	0.00820	0.04048	0.00699	0.00172	0.16671	0.00440	0.00247	0.00527
36	0.04266	0.01082	0.17138	0.00839	0.01158	0.03894	0.02474	0.19996	0.01176	0.24400	0.01110	0.01153	0.00786	0.01953	0.00444	0.00127	0.03701	0.00363	0.13351	0.00589

[dist]
# distance from previous block
# <min> <max>
0	29

[block]
# block no. 3 follows, 66 sequences, length 25
# corresponding to MSA columns:
# 253-277
name=unknown_D
#
# <colnr> <probs for GDERKNQSTAVLIFYWHMCP>
#	G	D	E	R	K	N	Q	S	T	A	V	L	I	F	Y	W	H	M	C	P
0	0.01132	0.14733	0.06987	0.02231	0.12341	0.22302	0.08203	0.02366	0.06217	0.04518	0.00882	0.00992	0.03094	0.00418	0.00397	0.00111	0.03036	0.00330	0.00234	0.09478
1	0.00792	0.00690	0.00906	0.00807	0.00904	0.04923	0.03070	0.00943	0.02564	0.03870	0.03414	0.04951	0.00990	0.04636	0.34440	0.00358	0.24449	0.00436	0.00236	0.06620
2	0.00946	0.05629	0.09132	0.03770	0.05794	0.09100	0.01906	0.07931	0.08603	0.04160	0.01017	0.01439	0.00910	0.19000	0.13498	0.00259	0.03142	0.00406	0.00257	0.03102
3	0.01026	0.00593	0.04260	0.00629	0.00809	0.00501	0.00506	0.02726	0.02686	0.29477	0.29424	0.15598	0.02252	0.06935	0.00569	0.00152	0.00291	0.00648	0.00426	0.00490
4	0.11152	0.23707	0.13936	0.04273	0.08716	0.10849	0.03790	0.01231	0.00855	0.01205	0.00647	0.00795	0.00536	0.00385	0.00389	0.00109	0.05779	0.00275	0.00199	0.11172
5	0.00527	0.00394	0.00485	0.00529	0.00606	0.00359	0.00388	0.00643	0.00903	0.01184	0.16726	0.37161	0.25814	0.01093	0.00501	0.00152	0.00234	0.09988	0.01966	0.00348
6	0.00880	0.05151	0.07417	0.06272	0.20709	0.00895	0.11495	0.01320	0.18467	0.01360	0.08962	0.05163	0.03462	0.00547	0.00451	0.00133	0.02583	0.03903	0.00285	0.00546
7	0.00543	0.00410	0.00496	0.00480	0.00581	0.00369	0.00355	0.00695	0.01043	0.01408	0.52452	0.06813	0.27568	0.04336	0.00545	0.00143	0.00206	0.00783	0.00414	0.00363
8	0.01213	0.00942	0.00989	0.00843	0.01094	0.03872	0.00671	0.26183	0.43735	0.07362	0.01435	0.03822	0.01105	0.00561	0.00415	0.00133	0.00372	0.02954	0.01668	0.00633
9	0.07293	0.01083	0.01149	0.00883	0.01205	0.01184	0.00728	0.70697	0.01750	0.02419	0.00929	0.00944	0.00667	0.00466	0.00388	0.00118	0.00427	0.00347	0.00384	0.06940
10	0.00589	0.00395	0.00450	0.00448	0.00455	0.00393	0.00256	0.00603	0.00631	0.00849	0.07300	0.02683	0.01648	0.79485	0.01948	0.00374	0.00378	0.00601	0.00261	0.00256
11	0.11644	0.18858	0.01283	0.00914	0.01156	0.57607	0.00725	0.01488	0.01030	0.01082	0.00607	0.00707	0.00512	0.00399	0.00331	0.00103	0.00622	0.00247	0.00207	0.00477
12	0.12670	0.04012	0.01503	0.03563	0.65650	0.03255	0.01103	0.01244	0.00893	0.01364	0.00725	0.00939	0.00606	0.00365	0.00376	0.00120	0.00466	0.00335	0.00206	0.00603
13	0.03895	0.00888	0.01156	0.56810	0.05729	0.13335	0.02281	0.01099	0.00857	0.01067	0.00814	0.07115	0.00698	0.00485	0.00425	0.01757	0.00536	0.00400	0.00202	0.00449
14	0.00497	0.00355	0.00473	0.00563	0.00589	0.00331	0.00377	0.00570	0.00787	0.01052	0.04475	0.83191	0.02715	0.01259	0.00517	0.00164	0.00234	0.01142	0.00379	0.00331
15	0.00984	0.00958	0.06158	0.11387	0.57747	0.00904	0.04043	0.01232	0.00914	0.05911	0.00883	0.05456	0.00750	0.00423	0.00410	0.00126	0.00482	0.00406	0.00223	0.00602
16	0.02359	0.09177	0.21880	0.03414	0.16819	0.02747	0.16995	0.05266	0.04392	0.04988	0.02815	0.01146	0.00784	0.00475	0.00486	0.00144	0.04832	0.00396	0.00260	0.00625
17	0.00775	0.00738	0.01271	0.80940	0.02763	0.00907	0.04841	0.01049	0.00818	0.01049	0.00726	0.01082	0.00544	0.00403	0.00409	0.00135	0.00547	0.00366	0.00181	0.00455
18	0.00589	0.00396	0.00455	0.00455	0.00459	0.00400	0.00262	0.00598	0.00594	0.00796	0.01267	0.02591	0.01447	0.80768	0.07001	0.00409	0.00435	0.00581	0.00244	0.00253
19	0.01020	0.34714	0.38849	0.00987	0.03090	0.11254	0.01082	0.02648	0.00898	0.01143	0.00657	0.00766	0.00523	0.00376	0.00335	0.00109	0.00546	0.00265	0.00181	0.00556
20	0.04538	0.08543	0.08335	0.04686	0.17334	0.12726	0.00843	0.03882	0.20985	0.02474	0.09300	0.01254	0.01073	0.00474	0.00386	0.00121	0.00443	0.00386	0.01658	0.00559
21	0.12842	0.14751	0.12138	0.03061	0.06857	0.06437	0.02594	0.13988	0.03312	0.09661	0.05593	0.01077	0.00838	0.01967	0.00388	0.00122	0.00439	0.00341	0.03042	0.00554
22	0.00587	0.00476	0.00542	0.00605	0.00666	0.05396	0.00440	0.00691	0.00869	0.01120	0.09675	0.53790	0.08888	0.01137	0.00509	0.00159	0.00280	0.13445	0.00372	0.00351
23	0.02966	0.04569	0.03357	0.01304	0.22855	0.06299	0.05220	0.14419	0.01907	0.04942	0.02514	0.02200	0.00728	0.00433	0.00457	0.00114	0.07596	0.00350	0.00263	0.17507
24	0.09505	0.30865	0.07694	0.01028	0.04138	0.10523	0.14498	0.13558	0.01038	0.01381	0.00695	0.00816	0.00559	0.00387	0.00360	0.00112	0.01769	0.00302	0.00226	0.00546

[dist]
# distance from previous block
# <min> <max>
0	2

[block]
# block no. 4 follows, 66 sequences, length 6
# corresponding to MSA columns:
# 280-285
name=unknown_E
#
# <colnr> <probs for GDERKNQSTAVLIFYWHMCP>
#	G	D	E	R	K	N	Q	S	T	A	V	L	I	F	Y	W	H	M	C	P
0	0.00659	0.00531	0.00760	0.00719	0.00763	0.00657	0.00559	0.00758	0.00632	0.00921	0.00959	0.01526	0.00936	0.11344	0.51775	0.05092	0.20413	0.00429	0.00209	0.00359
1	0.04490	0.08504	0.09918	0.01265	0.20738	0.03655	0.05400	0.03266	0.09683	0.09321	0.01024	0.05358	0.00859	0.00597	0.04017	0.00149	0.05081	0.02460	0.00269	0.03945
2	0.01089	0.07014	0.09774	0.03226	0.11215	0.18867	0.11111	0.07448	0.04102	0.04975	0.00975	0.09866	0.00862	0.00633	0.04525	0.00151	0.02953	0.00431	0.00254	0.00529
3	0.00705	0.00352	0.00529	0.00529	0.00529	0.00352	0.00352	0.00529	0.00529	0.00705	0.00705	0.01233	0.00705	0.01409	0.01586	0.88196	0.00352	0.00352	0.00176	0.00176
4	0.00996	0.13050	0.04459	0.06194	0.36290	0.03563	0.07119	0.05013	0.06044	0.01325	0.03072	0.01104	0.02991	0.00407	0.00384	0.00115	0.00466	0.00366	0.00232	0.06812
5	0.11599	0.07275	0.01164	0.01000	0.05786	0.36943	0.00753	0.01404	0.03782	0.05178	0.00694	0.00827	0.00574	0.00462	0.00528	0.00120	0.16351	0.00289	0.00228	0.05042

[dist]
# distance from previous block
# <min> <max>
11	41

[block]
# block no. 5 follows, 66 sequences, length 11
# corresponding to MSA columns:
# 338-348
name=unknown_F
#
# <colnr> <probs for GDERKNQSTAVLIFYWHMCP>
#	G	D	E	R	K	N	Q	S	T	A	V	L	I	F	Y	W	H	M	C	P
0	0.01186	0.04630	0.31736	0.00999	0.01403	0.03370	0.05251	0.21737	0.03826	0.14273	0.01058	0.02532	0.02809	0.00473	0.00426	0.00127	0.02877	0.00374	0.00301	0.00613
1	0.01164	0.06546	0.01508	0.04561	0.34714	0.29224	0.08254	0.01383	0.03147	0.01187	0.00730	0.00908	0.00602	0.00382	0.00384	0.00113	0.00572	0.00327	0.00209	0.04084
2	0.00771	0.00510	0.00641	0.00614	0.00725	0.00527	0.00465	0.02202	0.11108	0.08860	0.13848	0.10719	0.06745	0.11138	0.14838	0.03678	0.01773	0.06734	0.03691	0.00413
3	0.00549	0.00410	0.00510	0.00494	0.00593	0.00371	0.00367	0.00714	0.01076	0.01476	0.61010	0.09131	0.20000	0.00902	0.00482	0.00132	0.00197	0.00789	0.00427	0.00371
4	0.00580	0.00435	0.00652	0.00652	0.00724	0.00507	0.00507	0.00724	0.00652	0.00942	0.01087	0.01594	0.01014	0.03043	0.84134	0.00652	0.01087	0.00435	0.00217	0.00362
5	0.00504	0.00357	0.00468	0.00552	0.00573	0.00336	0.00363	0.00568	0.00757	0.01009	0.02134	0.76680	0.02555	0.10243	0.00682	0.00189	0.00252	0.01094	0.00363	0.00321
6	0.01234	0.00983	0.01044	0.00871	0.01141	0.01114	0.00697	0.35736	0.48532	0.02059	0.01366	0.01286	0.01007	0.00524	0.00410	0.00131	0.00374	0.00419	0.00410	0.00662
7	0.01759	0.00789	0.01002	0.00768	0.01085	0.00742	0.00635	0.19558	0.01325	0.65679	0.01463	0.01291	0.00935	0.00499	0.00408	0.00125	0.00368	0.00399	0.00481	0.00690
8	0.01085	0.85986	0.02126	0.00694	0.01041	0.01605	0.00694	0.01215	0.00824	0.00955	0.00564	0.00651	0.00521	0.00347	0.00260	0.00087	0.00434	0.00217	0.00174	0.00521
9	0.01192	0.00990	0.06513	0.00855	0.01137	0.01010	0.00720	0.22990	0.45540	0.09193	0.04445	0.01373	0.01122	0.00529	0.00411	0.00131	0.00370	0.00429	0.00404	0.00647
10	0.04111	0.53782	0.13459	0.00783	0.01151	0.01371	0.00795	0.08102	0.08018	0.01243	0.00722	0.00789	0.00596	0.00382	0.00305	0.00101	0.00440	0.00263	0.00218	0.03369

[dist]
# distance from previous block
# <min> <max>
0	1

[block]
# block no. 6 follows, 66 sequences, length 35
# corresponding to MSA columns:
# 350-384
name=unknown_G
#
# <colnr> <probs for GDERKNQSTAVLIFYWHMCP>
#	G	D	E	R	K	N	Q	S	T	A	V	L	I	F	Y	W	H	M	C	P
0	0.00950	0.19089	0.55357	0.01039	0.01532	0.09894	0.01229	0.01337	0.03814	0.01202	0.00717	0.00825	0.00542	0.00387	0.00359	0.00118	0.00570	0.00285	0.00184	0.00571
1	0.00886	0.04111	0.22606	0.01266	0.21675	0.01898	0.01926	0.01349	0.17112	0.02937	0.17592	0.01503	0.02368	0.00510	0.00412	0.00127	0.00420	0.00442	0.00292	0.00569
2	0.00493	0.00374	0.00455	0.00515	0.00577	0.00336	0.00356	0.00578	0.00837	0.01077	0.05918	0.56874	0.27791	0.01178	0.00504	0.00155	0.00224	0.01045	0.00379	0.00336
3	0.00894	0.12309	0.45907	0.01029	0.01470	0.04891	0.06133	0.01362	0.12277	0.01292	0.04381	0.04541	0.00853	0.00458	0.00388	0.00125	0.00519	0.00375	0.00229	0.00566
4	0.00939	0.07762	0.31409	0.04918	0.09964	0.00996	0.03057	0.04134	0.24987	0.02444	0.04631	0.01172	0.00903	0.00453	0.00394	0.00127	0.00466	0.00377	0.00271	0.00597
5	0.00500	0.00358	0.00467	0.00552	0.00578	0.00334	0.00366	0.00567	0.00770	0.01023	0.02241	0.77635	0.05344	0.06430	0.00611	0.00178	0.00244	0.01109	0.00369	0.00325
6	0.00902	0.05832	0.53862	0.01313	0.14694	0.02527	0.02882	0.05559	0.02349	0.01334	0.00822	0.04630	0.00655	0.00427	0.00391	0.00126	0.00548	0.00352	0.00203	0.00593
7	0.00923	0.05106	0.10130	0.00903	0.09798	0.00726	0.02030	0.05041	0.00911	0.02968	0.00750	0.00872	0.00604	0.00332	0.00329	0.00081	0.00373	0.00272	0.00238	0.57614
8	0.56110	0.13248	0.02901	0.00677	0.00936	0.15848	0.00574	0.01268	0.00794	0.01513	0.00579	0.00682	0.00470	0.00389	0.00305	0.00118	0.02668	0.00232	0.00229	0.00460
9	0.00843	0.00931	0.12039	0.01136	0.12728	0.00892	0.00898	0.01213	0.14810	0.01270	0.03783	0.02003	0.01226	0.00730	0.01904	0.00164	0.22331	0.20317	0.00278	0.00506
10	0.01122	0.00960	0.01022	0.03252	0.03851	0.03004	0.00717	0.02032	0.66333	0.01757	0.05858	0.01842	0.04892	0.00670	0.00484	0.00164	0.00385	0.00527	0.00443	0.00684
11	0.00580	0.00435	0.00652	0.00652	0.00724	0.00507	0.00507	0.00724	0.00652	0.00942	0.01087	0.01594	0.01014	0.03043	0.84134	0.00652	0.01087	0.00435	0.00217	0.00362
12	0.00489	0.00411	0.00424	0.00421	0.00554	0.00347	0.00316	0.00601	0.00948	0.01150	0.12136	0.03816	0.74987	0.01007	0.00479	0.00136	0.00204	0.00844	0.00384	0.00347
13	0.00518	0.00411	0.00465	0.00455	0.00572	0.00358	0.00340	0.00655	0.01011	0.01308	0.35722	0.05585	0.49253	0.00954	0.00480	0.00134	0.00201	0.00814	0.00405	0.00358
14	0.88607	0.00785	0.00596	0.00534	0.00785	0.00910	0.00439	0.01193	0.00690	0.01820	0.00565	0.00659	0.00439	0.00377	0.00251	0.00126	0.00314	0.00220	0.00251	0.00439
15	0.88607	0.00785	0.00596	0.00534	0.00785	0.00910	0.00439	0.01193	0.00690	0.01820	0.00565	0.00659	0.00439	0.00377	0.00251	0.00126	0.00314	0.00220	0.00251	0.00439
16	0.00480	0.00411	0.00411	0.00411	0.00548	0.00343	0.00308	0.00582	0.00925	0.01096	0.04110	0.03905	0.83046	0.01028	0.00480	0.00137	0.00206	0.00856	0.00377	0.00343
17	0.00574	0.00415	0.00542	0.00510	0.00606	0.00383	0.00383	0.00766	0.01148	0.01627	0.82997	0.03031	0.03828	0.00829	0.00479	0.00128	0.00191	0.00734	0.00447	0.00383
18	0.01085	0.85986	0.02126	0.00694	0.01041	0.01605	0.00694	0.01215	0.00824	0.00955	0.00564	0.00651	0.00521	0.00347	0.00260	0.00087	0.00434	0.00217	0.00174	0.00521
19	0.00995	0.00955	0.01630	0.05646	0.80127	0.00962	0.01241	0.01237	0.00919	0.01314	0.00762	0.01007	0.00639	0.00363	0.00402	0.00121	0.00484	0.00361	0.00200	0.00635
20	0.34467	0.01499	0.00940	0.00852	0.01077	0.52633	0.00654	0.01458	0.00976	0.01306	0.00604	0.00704	0.00491	0.00402	0.00322	0.00112	0.00574	0.00246	0.00225	0.00459
21	0.00766	0.00721	0.01217	0.84767	0.02794	0.00901	0.01127	0.01037	0.00811	0.01037	0.00721	0.01082	0.00541	0.00406	0.00406	0.00135	0.00541	0.00361	0.00180	0.00451
22	0.00763	0.00704	0.01003	0.00898	0.00927	0.00944	0.00733	0.00874	0.00634	0.00962	0.00757	0.01174	0.00728	0.01656	0.34911	0.00370	0.50970	0.00387	0.00194	0.00411
23	0.01004	0.00964	0.01647	0.02490	0.83211	0.00964	0.01245	0.01245	0.00924	0.01325	0.00763	0.01004	0.00643	0.00361	0.00402	0.00120	0.00482	0.00361	0.00201	0.00643
24	0.02232	0.03996	0.08368	0.02663	0.11049	0.28121	0.02744	0.06604	0.01010	0.05092	0.01034	0.14919	0.00985	0.04393	0.01864	0.00145	0.02435	0.00464	0.01389	0.00494
25	0.00494	0.00355	0.00469	0.00560	0.00587	0.00330	0.00374	0.00565	0.00781	0.01038	0.02294	0.82952	0.05171	0.01264	0.00517	0.00164	0.00234	0.01144	0.00377	0.00330
26	0.00756	0.00378	0.00378	0.00378	0.00473	0.00378	0.00284	0.00945	0.00851	0.01513	0.01324	0.01513	0.01040	0.00473	0.00284	0.00095	0.00189	0.00378	0.87994	0.00378
27	0.00715	0.00569	0.00912	0.02411	0.16729	0.00585	0.05519	0.00867	0.00779	0.04228	0.02543	0.21596	0.01380	0.06721	0.32146	0.00350	0.00649	0.00607	0.00267	0.00427
28	0.01316	0.18608	0.08878	0.01124	0.09315	0.49127	0.00876	0.04178	0.01062	0.01097	0.00649	0.00762	0.00539	0.00398	0.00351	0.00105	0.00626	0.00269	0.00204	0.00516
29	0.01004	0.00961	0.01622	0.02434	0.80441	0.00965	0.01225	0.01276	0.03674	0.01338	0.00793	0.01021	0.00663	0.00368	0.00402	0.00121	0.00477	0.00365	0.00208	0.00643
30	0.01820	0.00690	0.00942	0.00722	0.01036	0.00596	0.00596	0.01977	0.01161	0.83492	0.01601	0.01381	0.01004	0.00502	0.00408	0.00126	0.00345	0.00408	0.00502	0.00690
31	0.01018	0.07040	0.14592	0.08103	0.37632	0.09169	0.12213	0.03165	0.00948	0.01265	0.00740	0.00948	0.00592	0.00373	0.00397	0.00121	0.00553	0.00348	0.00199	0.00584
32	0.03965	0.03053	0.37801	0.01540	0.28293	0.02420	0.03734	0.08337	0.00985	0.04955	0.00791	0.00932	0.00593	0.00390	0.00389	0.00124	0.00529	0.00331	0.00220	0.00615
33	0.00554	0.00426	0.00641	0.00678	0.00741	0.00403	0.06323	0.00664	0.00816	0.01085	0.02119	0.65904	0.02475	0.01179	0.00522	0.00166	0.00291	0.14296	0.00364	0.00353
34	0.74591	0.00885	0.00715	0.02414	0.03003	0.07476	0.01847	0.01244	0.02249	0.01715	0.00602	0.00705	0.00471	0.00383	0.00274	0.00124	0.00362	0.00238	0.00247	0.00453

[dist]
# distance from previous block
# <min> <max>
0	2

[block]
# block no. 7 follows, 66 sequences, length 34
# corresponding to MSA columns:
# 387-420
name=unknown_H
#
# <colnr> <probs for GDERKNQSTAVLIFYWHMCP>
#	G	D	E	R	K	N	Q	S	T	A	V	L	I	F	Y	W	H	M	C	P
0	0.00492	0.00397	0.00440	0.00471	0.00573	0.00344	0.00343	0.00591	0.00886	0.01092	0.04775	0.27582	0.55146	0.01099	0.00494	0.00147	0.00221	0.04189	0.00378	0.00341
1	0.00956	0.00830	0.01289	0.16010	0.31787	0.00807	0.05029	0.01226	0.04690	0.06130	0.02108	0.01053	0.00710	0.00375	0.00380	0.00108	0.00431	0.00346	0.00240	0.25496
2	0.00923	0.00723	0.00816	0.00763	0.03028	0.00787	0.00578	0.01677	0.49332	0.05951	0.16738	0.01974	0.04669	0.00627	0.00425	0.00133	0.00295	0.03942	0.03722	0.02899
3	0.11561	0.00777	0.01158	0.21446	0.21573	0.00800	0.02385	0.01439	0.00952	0.30703	0.01058	0.02725	0.00762	0.00441	0.00391	0.00128	0.00427	0.00378	0.00313	0.00582
4	0.00837	0.00794	0.01345	0.60218	0.26788	0.00920	0.01162	0.01099	0.00845	0.01123	0.00734	0.01059	0.00571	0.00392	0.00404	0.00131	0.00523	0.00361	0.00186	0.00508
5	0.00494	0.00353	0.00471	0.00565	0.00588	0.00330	0.00377	0.00565	0.00777	0.01036	0.02236	0.85477	0.02683	0.01271	0.00518	0.00165	0.00235	0.01153	0.00377	0.00330
6	0.00841	0.00721	0.00841	0.00601	0.00961	0.00541	0.00481	0.01022	0.00841	0.01322	0.00721	0.00841	0.00601	0.00300	0.00300	0.00060	0.00300	0.00240	0.00240	0.88222
7	0.00482	0.00402	0.00420	0.00434	0.00554	0.00341	0.00318	0.00580	0.00903	0.01087	0.03833	0.15973	0.71157	0.01064	0.00485	0.00141	0.00210	0.00900	0.00377	0.00341
8	0.28651	0.37992	0.06016	0.00688	0.01011	0.01195	0.00650	0.05014	0.03051	0.11385	0.00747	0.00792	0.00581	0.00389	0.00293	0.00109	0.00392	0.00259	0.00255	0.00531
9	0.00920	0.07856	0.37023	0.01633	0.26512	0.01015	0.16765	0.01270	0.00894	0.01275	0.00744	0.00932	0.00573	0.00367	0.00399	0.00125	0.00568	0.00347	0.00187	0.00597
10	0.00604	0.00453	0.00586	0.00583	0.00632	0.02320	0.00417	0.00695	0.00640	0.00886	0.01147	0.01967	0.01174	0.33546	0.51946	0.00544	0.00823	0.00488	0.00228	0.00322
11	0.00491	0.00411	0.00426	0.00423	0.00555	0.00347	0.00317	0.00604	0.00951	0.01158	0.13273	0.03803	0.73845	0.01004	0.00479	0.00136	0.00204	0.00842	0.00385	0.00347
12	0.01086	0.01282	0.09910	0.04882	0.46342	0.18095	0.07220	0.02715	0.00974	0.01256	0.00734	0.00940	0.00598	0.00383	0.00414	0.00121	0.01915	0.00343	0.00202	0.00586
13	0.00524	0.00395	0.00491	0.00550	0.00624	0.00362	0.00407	0.00633	0.00872	0.01124	0.07975	0.41681	0.26109	0.01144	0.00512	0.00158	0.00249	0.15465	0.00381	0.00345
14	0.01316	0.05811	0.04236	0.00904	0.01145	0.25459	0.00739	0.24023	0.09820	0.06786	0.00944	0.01062	0.00742	0.04888	0.00543	0.00135	0.07329	0.00348	0.03216	0.00555
15	0.79604	0.00821	0.00661	0.00575	0.00834	0.00946	0.00474	0.09534	0.00816	0.01896	0.00607	0.00692	0.00465	0.00388	0.00267	0.00125	0.00328	0.00235	0.00267	0.00465
16	0.00809	0.00790	0.01195	0.77289	0.02640	0.06173	0.01086	0.01067	0.00841	0.01049	0.02824	0.01109	0.00624	0.00417	0.00405	0.00133	0.00544	0.00364	0.00189	0.00450
17	0.00941	0.04705	0.10329	0.14262	0.29312	0.01024	0.18107	0.01205	0.00866	0.02739	0.00741	0.00995	0.00595	0.00416	0.00537	0.00133	0.11964	0.00373	0.00197	0.00558
18	0.00574	0.00415	0.00542	0.00510	0.00606	0.00383	0.00383	0.00766	0.01148	0.01627	0.82997	0.03031	0.03828	0.00829	0.00479	0.00128	0.00191	0.00734	0.00447	0.00383
19	0.00499	0.00359	0.00474	0.00564	0.00595	0.00334	0.00382	0.00574	0.00788	0.01044	0.02310	0.79618	0.05951	0.01256	0.00518	0.00164	0.00238	0.03622	0.00377	0.00331
20	0.01131	0.00778	0.00878	0.00765	0.00997	0.00845	0.00601	0.01950	0.55249	0.19249	0.11413	0.01667	0.01499	0.00574	0.00420	0.00134	0.00311	0.00481	0.00436	0.00621
21	0.01070	0.00889	0.00937	0.00824	0.01061	0.01019	0.00646	0.12664	0.68835	0.01804	0.01550	0.01442	0.01159	0.00539	0.00407	0.00134	0.00333	0.00443	0.03605	0.00639
22	0.03578	0.01011	0.00997	0.00843	0.01088	0.09021	0.00664	0.31845	0.30145	0.05419	0.01289	0.06587	0.01033	0.04029	0.00475	0.00140	0.00406	0.00445	0.00381	0.00604
23	0.00888	0.00888	0.01243	0.01065	0.01065	0.01243	0.00888	0.00976	0.00621	0.00976	0.00533	0.00888	0.00533	0.00710	0.01331	0.00178	0.84999	0.00355	0.00178	0.00444
24	0.00578	0.00417	0.00547	0.00521	0.00617	0.00387	0.00395	0.00769	0.01139	0.01608	0.79381	0.03100	0.03761	0.00842	0.00482	0.00130	0.00200	0.04300	0.00443	0.00382
25	0.00557	0.00414	0.00518	0.00505	0.00588	0.00401	0.00367	0.00685	0.00896	0.01217	0.34002	0.02860	0.20226	0.16816	0.17883	0.00285	0.00415	0.00673	0.00348	0.00345
26	0.00888	0.06403	0.43034	0.01335	0.01811	0.01030	0.31896	0.01267	0.00879	0.01253	0.00742	0.00937	0.00554	0.00387	0.00473	0.00132	0.05863	0.00367	0.00185	0.00566
27	0.00490	0.00368	0.00455	0.00524	0.00578	0.00333	0.00359	0.00569	0.00816	0.01052	0.02729	0.64020	0.23822	0.01207	0.00508	0.00157	0.00228	0.01075	0.00377	0.00333
28	0.00615	0.00430	0.00576	0.00654	0.00734	0.00421	0.00538	0.00772	0.00898	0.01205	0.04716	0.22748	0.05820	0.01091	0.00523	0.00170	0.00314	0.50088	0.07324	0.00363
29	0.00649	0.00469	0.00501	0.00550	0.00612	0.05669	0.00383	0.00755	0.00836	0.02838	0.03430	0.54931	0.04207	0.00998	0.00449	0.00142	0.00257	0.00883	0.21082	0.00359
30	0.00906	0.00998	0.09765	0.23689	0.47077	0.02430	0.01187	0.01170	0.00889	0.01229	0.00838	0.02886	0.00719	0.00429	0.00410	0.00129	0.00504	0.03975	0.00204	0.00567
31	0.00640	0.00392	0.00586	0.00588	0.00623	0.00426	0.00427	0.00623	0.00593	0.00825	0.00922	0.03334	0.00898	0.02186	0.40943	0.44416	0.00700	0.00410	0.00200	0.00268
32	0.00628	0.00427	0.00501	0.00504	0.00533	0.00433	0.00318	0.03943	0.02031	0.00943	0.01441	0.15032	0.02762	0.56315	0.05508	0.03865	0.00394	0.01880	0.02250	0.00292
33	0.00990	0.31787	0.40674	0.01062	0.05838	0.05517	0.03044	0.04563	0.00909	0.01207	0.00679	0.00795	0.00533	0.00375	0.00344	0.00112	0.00537	0.00279	0.00186	0.00570

[dist]
# distance from previous block
# <min> <max>
1	2

[block]
# block no. 8 follows, 66 sequences, length 18
# corresponding to MSA columns:
# 423-440
name=unknown_I
#
# <colnr> <probs for GDERKNQSTAVLIFYWHMCP>
#	G	D	E	R	K	N	Q	S	T	A	V	L	I	F	Y	W	H	M	C	P
0	0.07643	0.00911	0.01361	0.12797	0.40421	0.03393	0.01040	0.01138	0.00815	0.01217	0.00713	0.02957	0.00630	0.00483	0.00636	0.00138	0.22604	0.00365	0.00200	0.00537
1	0.01142	0.65483	0.01865	0.00757	0.01066	0.15390	0.00701	0.03138	0.00895	0.00998	0.00611	0.00721	0.00550	0.00501	0.04610	0.00120	0.00518	0.00239	0.00187	0.00508
2	0.00705	0.00352	0.00529	0.00529	0.00529	0.00352	0.00352	0.00529	0.00529	0.00705	0.00705	0.01233	0.00705	0.01409	0.01586	0.88196	0.00352	0.00352	0.00176	0.00176
3	0.08746	0.01150	0.16862	0.06551	0.53941	0.00953	0.03522	0.01238	0.00885	0.01345	0.00738	0.00953	0.00594	0.00369	0.00388	0.00124	0.00498	0.00341	0.00199	0.00603
4	0.00924	0.02785	0.35277	0.03984	0.22550	0.02762	0.03772	0.02551	0.03438	0.05982	0.03107	0.07811	0.02299	0.00485	0.00408	0.00129	0.00499	0.00422	0.00238	0.00576
5	0.01798	0.00725	0.00963	0.00738	0.01053	0.00648	0.00610	0.08249	0.01220	0.77137	0.01551	0.01349	0.00980	0.00501	0.00408	0.00125	0.00353	0.00405	0.00495	0.00690
6	0.00583	0.00392	0.00443	0.00446	0.00451	0.00389	0.00253	0.00589	0.00607	0.00805	0.01397	0.05803	0.03889	0.80108	0.01961	0.00377	0.00382	0.00619	0.00255	0.00252
7	0.01031	0.13777	0.46586	0.01089	0.01538	0.21259	0.05082	0.01351	0.00924	0.01162	0.00681	0.00809	0.00522	0.00392	0.00386	0.00118	0.02270	0.00289	0.00183	0.00551
8	0.01263	0.01108	0.12958	0.01114	0.11902	0.02364	0.02280	0.28586	0.11508	0.14785	0.01124	0.03202	0.00838	0.00603	0.04363	0.00151	0.00475	0.00397	0.00345	0.00634
9	0.00583	0.00436	0.00543	0.00513	0.00620	0.00408	0.00386	0.00809	0.05053	0.01560	0.68638	0.03073	0.14171	0.00842	0.00475	0.00129	0.00200	0.00737	0.00436	0.00390
10	0.00504	0.00369	0.00476	0.00557	0.00601	0.00341	0.00387	0.00587	0.00808	0.01057	0.02480	0.68787	0.13401	0.01228	0.00516	0.00163	0.00241	0.06787	0.00376	0.00334
11	0.00841	0.00721	0.00841	0.00601	0.00961	0.00541	0.00481	0.01022	0.00841	0.01322	0.00721	0.00841	0.00601	0.00300	0.00300	0.00060	0.00300	0.00240	0.00240	0.88222
