[name]
unknown

[dist]
# distance from previous block
# <min> <max>
0	181

[block]
# block no. 0 follows, 70 sequences, length 40
# corresponding to MSA columns:
# 230-269
name=unknown_A
#
# <colnr> <probs for GDERKNQSTAVLIFYWHMCP>
#	G	D	E	R	K	N	Q	S	T	A	V	L	I	F	Y	W	H	M	C	P
0	0.08697	0.00812	0.00827	0.00762	0.05246	0.09872	0.02420	0.21450	0.02833	0.04538	0.01115	0.03163	0.03804	0.31717	0.00953	0.00211	0.00416	0.00440	0.00286	0.00437
1	0.01234	0.02445	0.01059	0.02656	0.04516	0.13491	0.00697	0.42613	0.07933	0.02978	0.03804	0.02204	0.06156	0.00570	0.02627	0.00130	0.02044	0.00389	0.00333	0.02120
2	0.09400	0.00954	0.00961	0.01740	0.01050	0.09882	0.01737	0.30196	0.15699	0.09227	0.01037	0.03861	0.00807	0.01958	0.00479	0.04830	0.02292	0.00370	0.00334	0.03186
3	0.00709	0.00417	0.00639	0.02261	0.04211	0.00422	0.02957	0.03211	0.00592	0.00795	0.00752	0.03863	0.00745	0.03067	0.02740	0.71467	0.00367	0.00372	0.00185	0.00228
4	0.06151	0.01046	0.01058	0.00843	0.01122	0.06831	0.00686	0.57838	0.09331	0.02102	0.00945	0.00974	0.00698	0.00584	0.04860	0.00142	0.00455	0.00342	0.00352	0.03637
5	0.00564	0.00376	0.00423	0.00423	0.00423	0.00376	0.00235	0.00564	0.00564	0.00752	0.01222	0.02537	0.01409	0.86375	0.01973	0.00376	0.00376	0.00564	0.00235	0.00235
6	0.01090	0.00675	0.00792	0.00697	0.00904	0.00702	0.00547	0.03057	0.37595	0.25714	0.08037	0.10080	0.04537	0.00635	0.00415	0.00131	0.00296	0.03122	0.00416	0.00560
7	0.03211	0.01118	0.12772	0.01507	0.08266	0.00954	0.54569	0.01231	0.03700	0.01244	0.00786	0.01019	0.00603	0.00439	0.03176	0.00146	0.04122	0.00413	0.00199	0.00527
8	0.89114	0.00750	0.00570	0.00510	0.00750	0.00870	0.00420	0.01140	0.00660	0.01739	0.00540	0.00630	0.00420	0.00360	0.00240	0.00120	0.00300	0.00210	0.00240	0.00420
9	0.00491	0.00347	0.00451	0.00527	0.00549	0.00329	0.00349	0.00552	0.00720	0.00958	0.01992	0.70519	0.02375	0.14377	0.00725	0.00192	0.00253	0.03650	0.00340	0.00304
10	0.00559	0.00401	0.00468	0.00471	0.00579	0.00354	0.00352	0.00674	0.00906	0.05555	0.19010	0.16817	0.43261	0.03367	0.00508	0.00143	0.00220	0.05629	0.00376	0.00350
11	0.00566	0.00390	0.00472	0.00479	0.00564	0.00354	0.00344	0.00679	0.00887	0.04819	0.25711	0.24189	0.24649	0.08605	0.00595	0.00156	0.00225	0.02478	0.03496	0.00343
12	0.89114	0.00750	0.00570	0.00510	0.00750	0.00870	0.00420	0.01140	0.00660	0.01739	0.00540	0.00630	0.00420	0.00360	0.00240	0.00120	0.00300	0.00210	0.00240	0.00420
13	0.00915	0.01046	0.02288	0.01634	0.02026	0.00980	0.82549	0.01242	0.00915	0.01242	0.00784	0.01046	0.00588	0.00327	0.00458	0.00131	0.00654	0.00458	0.00196	0.00523
14	0.00549	0.00372	0.00465	0.00497	0.00554	0.00344	0.00342	0.00640	0.00816	0.03984	0.17443	0.44509	0.11614	0.12337	0.00668	0.00173	0.00236	0.00875	0.03251	0.00329
15	0.01400	0.01043	0.01115	0.00867	0.01164	0.01154	0.00712	0.73569	0.08235	0.02332	0.01081	0.01064	0.03452	0.00487	0.00391	0.00118	0.00410	0.00372	0.00387	0.00645
16	0.00574	0.00419	0.00532	0.00495	0.00596	0.00391	0.00374	0.03432	0.01108	0.01552	0.75974	0.02884	0.08616	0.00794	0.00455	0.00122	0.00192	0.00697	0.00421	0.00373
17	0.03544	0.00406	0.00455	0.00463	0.00572	0.00366	0.00351	0.00638	0.00904	0.01182	0.21115	0.10590	0.45968	0.03196	0.00501	0.00142	0.00220	0.08682	0.00367	0.00338
18	0.00600	0.00396	0.00491	0.00503	0.00584	0.00362	0.00361	0.00701	0.00858	0.07281	0.19096	0.29484	0.20038	0.12142	0.00667	0.00171	0.00245	0.05308	0.00366	0.00346
19	0.00562	0.00393	0.00492	0.00487	0.00578	0.00356	0.00356	0.00699	0.00972	0.04535	0.46286	0.20549	0.18870	0.02486	0.00491	0.00136	0.00204	0.00794	0.00398	0.00357
20	0.00508	0.00372	0.00460	0.00507	0.00561	0.00347	0.00358	0.00594	0.00791	0.01032	0.09448	0.39311	0.18955	0.14742	0.00725	0.00186	0.00255	0.10188	0.00345	0.00314
21	0.02644	0.00441	0.00507	0.00479	0.00605	0.00400	0.00357	0.02516	0.01733	0.09995	0.19022	0.10116	0.39459	0.06466	0.00580	0.02991	0.00235	0.00714	0.00370	0.00370
22	0.00584	0.00402	0.00462	0.00463	0.00522	0.00383	0.00308	0.00666	0.02767	0.03874	0.07520	0.10782	0.20403	0.44037	0.01225	0.00258	0.00304	0.04431	0.00306	0.00302
23	0.00584	0.00383	0.00440	0.00434	0.00447	0.00378	0.00253	0.00603	0.00622	0.02344	0.08651	0.02547	0.01604	0.77113	0.01808	0.00348	0.00358	0.00573	0.00257	0.00254
24	0.00481	0.00391	0.00428	0.00436	0.00549	0.00338	0.00327	0.00593	0.00903	0.01123	0.15516	0.10825	0.60761	0.00979	0.00465	0.00134	0.00205	0.04842	0.00370	0.00333
25	0.00922	0.00883	0.01505	0.16185	0.70447	0.00911	0.01171	0.01157	0.00865	0.01221	0.00723	0.00972	0.00598	0.00352	0.00384	0.00117	0.00470	0.00345	0.00189	0.00584
26	0.00563	0.00378	0.00432	0.00431	0.00436	0.00379	0.00247	0.00573	0.00583	0.00782	0.03891	0.02518	0.01469	0.81107	0.04401	0.00375	0.00389	0.00564	0.00240	0.00242
27	0.00564	0.00376	0.00423	0.00423	0.00423	0.00376	0.00235	0.00564	0.00564	0.00752	0.01222	0.02537	0.01409	0.86375	0.01973	0.00376	0.00376	0.00564	0.00235	0.00235
28	0.00506	0.00391	0.00450	0.00440	0.00539	0.00347	0.00321	0.00630	0.00940	0.01233	0.37217	0.05943	0.40098	0.08524	0.00594	0.00150	0.00208	0.00755	0.00377	0.00335
29	0.00564	0.00376	0.00423	0.00423	0.00423	0.00376	0.00235	0.00564	0.00564	0.00752	0.01222	0.02537	0.01409	0.86375	0.01973	0.00376	0.00376	0.00564	0.00235	0.00235
30	0.06396	0.00953	0.01075	0.00834	0.01133	0.01021	0.02424	0.52484	0.07561	0.20488	0.01086	0.01041	0.00750	0.00464	0.00382	0.00119	0.00394	0.00359	0.00396	0.00640
31	0.00938	0.45403	0.38695	0.00874	0.01308	0.04683	0.01010	0.01207	0.00814	0.01054	0.00611	0.00713	0.00495	0.00351	0.00306	0.00101	0.00497	0.00244	0.00166	0.00529
32	0.22966	0.00976	0.06040	0.00791	0.01076	0.03672	0.03466	0.29674	0.09436	0.09304	0.01679	0.00964	0.00694	0.00507	0.02887	0.00134	0.01697	0.00325	0.00321	0.03393
33	0.05189	0.00894	0.01053	0.02290	0.08467	0.00914	0.02115	0.36259	0.08059	0.06946	0.00971	0.01006	0.02065	0.00418	0.00360	0.00104	0.00376	0.00333	0.00324	0.21855
34	0.01105	0.03698	0.03827	0.00772	0.02281	0.04082	0.00632	0.23843	0.13953	0.09142	0.01141	0.05239	0.02235	0.00488	0.00369	0.00107	0.00364	0.03707	0.00329	0.22687
35	0.01060	0.05178	0.03689	0.02724	0.27215	0.05783	0.00828	0.13207	0.10524	0.06704	0.02764	0.01115	0.03602	0.00433	0.00402	0.00112	0.03439	0.00356	0.00275	0.10591
36	0.01044	0.11443	0.01226	0.06617	0.06209	0.09405	0.06647	0.17277	0.16827	0.01461	0.04860	0.02061	0.03423	0.00478	0.00405	0.00116	0.03147	0.01873	0.00288	0.05195
37	0.08038	0.08172	0.06466	0.06125	0.12309	0.05452	0.00727	0.07513	0.08061	0.09072	0.00971	0.02221	0.03530	0.00411	0.00343	0.00104	0.00390	0.00328	0.00267	0.19499
38	0.09869	0.05972	0.01099	0.05955	0.14674	0.13280	0.02667	0.08739	0.18835	0.04460	0.03730	0.04602	0.02120	0.00470	0.00368	0.00118	0.00418	0.00382	0.00285	0.01958
39	0.02729	0.03650	0.03226	0.08189	0.08195	0.06553	0.00707	0.15085	0.12060	0.08448	0.01055	0.05193	0.00874	0.00621	0.05311	0.00143	0.00436	0.03707	0.00296	0.13522

[dist]
# distance from previous block
# <min> <max>
7	64

[block]
# block no. 1 follows, 70 sequences, length 47
# corresponding to MSA columns:
# 346-392
name=unknown_B
#
# <colnr> <probs for GDERKNQSTAVLIFYWHMCP>
#	G	D	E	R	K	N	Q	S	T	A	V	L	I	F	Y	W	H	M	C	P
0	0.02299	0.18003	0.15886	0.02078	0.02268	0.12172	0.05036	0.07009	0.03689	0.03520	0.02126	0.19332	0.02221	0.00581	0.00395	0.00120	0.02051	0.00478	0.00254	0.00480
1	0.01027	0.13402	0.09156	0.00792	0.02078	0.17649	0.01561	0.10970	0.01974	0.04885	0.05758	0.09389	0.00992	0.03373	0.03340	0.00132	0.00458	0.00394	0.00263	0.12407
2	0.05169	0.16545	0.29221	0.05822	0.01336	0.09891	0.01969	0.07896	0.04543	0.03074	0.01836	0.03150	0.00678	0.00476	0.02161	0.00125	0.01702	0.01452	0.00222	0.02733
3	0.05011	0.03461	0.02438	0.16403	0.08169	0.09805	0.07659	0.10253	0.02802	0.01293	0.06723	0.10860	0.01886	0.02369	0.01672	0.00137	0.02786	0.02565	0.01885	0.01822
4	0.01011	0.04298	0.05473	0.05236	0.07987	0.05769	0.01484	0.20436	0.10315	0.04372	0.05456	0.05726	0.02031	0.07577	0.02274	0.00156	0.08134	0.01459	0.00295	0.00511
5	0.01147	0.02198	0.06111	0.12632	0.08496	0.02698	0.05779	0.21448	0.06156	0.16382	0.02402	0.03360	0.03968	0.00473	0.00399	0.00120	0.01253	0.00398	0.01150	0.03430
6	0.00965	0.00946	0.04845	0.03173	0.16679	0.02094	0.25669	0.15349	0.07454	0.02491	0.01188	0.07629	0.06882	0.00498	0.00440	0.00127	0.02287	0.00476	0.00270	0.00539
7	0.00599	0.00485	0.00541	0.00522	0.00656	0.00460	0.00388	0.03654	0.12370	0.01223	0.10121	0.23045	0.36614	0.00892	0.00444	0.00131	0.00232	0.00767	0.00363	0.06494
8	0.01330	0.12498	0.04835	0.00895	0.02900	0.27863	0.00734	0.24576	0.05271	0.10287	0.00950	0.00972	0.03425	0.00444	0.00368	0.00109	0.01380	0.00320	0.00292	0.00550
9	0.02126	0.10062	0.01143	0.00888	0.05479	0.05775	0.03502	0.24157	0.21134	0.12621	0.04190	0.03402	0.02807	0.00494	0.00380	0.00118	0.00388	0.00400	0.00349	0.00582
10	0.00459	0.00389	0.00396	0.00401	0.00526	0.00327	0.00298	0.00555	0.00875	0.01044	0.03822	0.08561	0.79038	0.00995	0.00460	0.00132	0.00198	0.00835	0.00360	0.00327
11	0.00472	0.00337	0.00450	0.00540	0.00562	0.00315	0.00360	0.00540	0.00742	0.00990	0.02137	0.86122	0.02564	0.01215	0.00495	0.00157	0.00225	0.01102	0.00360	0.00315
12	0.00795	0.06587	0.77745	0.01095	0.01650	0.00937	0.03504	0.01224	0.00819	0.01211	0.00689	0.00814	0.00494	0.00365	0.00364	0.00121	0.00566	0.00287	0.00165	0.00568
13	0.00944	0.00905	0.01545	0.08124	0.78335	0.00917	0.01182	0.01176	0.00875	0.01247	0.00726	0.00965	0.00607	0.00348	0.00384	0.00116	0.00464	0.00345	0.00191	0.00601
14	0.00955	0.00823	0.00869	0.00782	0.00999	0.00951	0.00608	0.02031	0.81467	0.01620	0.03368	0.01478	0.01237	0.00532	0.00396	0.00131	0.00304	0.00444	0.00395	0.00608
15	0.00597	0.00464	0.00726	0.00682	0.00775	0.00525	0.05296	0.02353	0.00668	0.00962	0.01026	0.01482	0.00941	0.02656	0.76418	0.00573	0.00985	0.00415	0.02092	0.00363
16	0.00554	0.00415	0.00623	0.00623	0.00692	0.00485	0.00485	0.00692	0.00623	0.00900	0.01038	0.01523	0.00969	0.02908	0.84839	0.00623	0.01038	0.00415	0.00208	0.00346
17	0.01215	0.47944	0.01602	0.00812	0.01084	0.37963	0.00700	0.01347	0.02442	0.00941	0.00584	0.00671	0.00511	0.00365	0.00296	0.00091	0.00537	0.00230	0.00185	0.00479
18	0.00577	0.00426	0.00542	0.00508	0.00608	0.00406	0.00383	0.00822	0.06658	0.01559	0.78191	0.02798	0.03490	0.00775	0.00453	0.00123	0.00191	0.00683	0.00425	0.00383
19	0.01064	0.32942	0.19248	0.02433	0.11938	0.16053	0.00921	0.04141	0.02466	0.02748	0.00663	0.00773	0.00540	0.00373	0.00343	0.00104	0.02261	0.00267	0.00193	0.00529
20	0.01097	0.01006	0.00918	0.00812	0.01032	0.15993	0.00631	0.09118	0.53485	0.04463	0.03545	0.01373	0.03764	0.00518	0.00389	0.00124	0.00382	0.00414	0.00362	0.00574
21	0.00855	0.03868	0.01217	0.01005	0.01017	0.01200	0.00842	0.00941	0.00601	0.00932	0.00510	0.00840	0.00509	0.00666	0.01236	0.00167	0.82664	0.00335	0.00170	0.00427
22	0.01214	0.02529	0.02187	0.01043	0.09477	0.02623	0.13500	0.21505	0.03712	0.18903	0.01036	0.01073	0.02470	0.00410	0.00378	0.00108	0.00418	0.00360	0.00317	0.16734
23	0.01102	0.00804	0.00926	0.00696	0.01010	0.00748	0.00565	0.23146	0.05238	0.11200	0.00891	0.00931	0.00671	0.00380	0.00357	0.00087	0.02555	0.00294	0.00308	0.48093
24	0.00778	0.02005	0.84367	0.01105	0.01678	0.00900	0.01432	0.01228	0.00818	0.01228	0.00696	0.00818	0.00491	0.00368	0.00368	0.00123	0.00573	0.00286	0.00164	0.00573
25	0.01426	0.01062	0.01137	0.00882	0.01184	0.01180	0.00725	0.75145	0.09419	0.02367	0.00991	0.00979	0.00708	0.00471	0.00388	0.00118	0.00415	0.00357	0.00388	0.00655
26	0.00472	0.00337	0.00450	0.00540	0.00562	0.00315	0.00360	0.00540	0.00742	0.00990	0.02137	0.86122	0.02564	0.01215	0.00495	0.00157	0.00225	0.01102	0.00360	0.00315
27	0.04872	0.81651	0.02025	0.00730	0.01063	0.01553	0.00698	0.01234	0.00852	0.01053	0.00649	0.00773	0.00597	0.00404	0.00297	0.00105	0.00446	0.00245	0.00206	0.00549
28	0.00673	0.00337	0.00505	0.00505	0.00505	0.00337	0.00337	0.00505	0.00505	0.00673	0.00673	0.01178	0.00673	0.01347	0.01515	0.88721	0.00337	0.00337	0.00168	0.00168
29	0.00557	0.00373	0.00425	0.00431	0.00432	0.00372	0.00244	0.00562	0.00576	0.00768	0.01285	0.08318	0.01489	0.80486	0.01871	0.00361	0.00365	0.00601	0.00244	0.00240
30	0.01416	0.01727	0.01088	0.00977	0.01186	0.73507	0.00739	0.06931	0.06828	0.01094	0.00689	0.00766	0.00557	0.00413	0.00355	0.00103	0.00654	0.00269	0.00226	0.00475
31	0.00549	0.00396	0.00518	0.00488	0.00579	0.00366	0.00366	0.00732	0.01097	0.01555	0.83752	0.02896	0.03658	0.00793	0.00457	0.00122	0.00183	0.00701	0.00427	0.00366
32	0.00472	0.00337	0.00450	0.00540	0.00562	0.00315	0.00360	0.00540	0.00742	0.00990	0.02137	0.86122	0.02564	0.01215	0.00495	0.00157	0.00225	0.01102	0.00360	0.00315
33	0.00604	0.00472	0.00522	0.00511	0.00631	0.00408	0.00374	0.00703	0.01022	0.01330	0.32524	0.07382	0.50013	0.00986	0.00504	0.00148	0.00232	0.00817	0.00418	0.00398
34	0.05687	0.00664	0.00885	0.00682	0.00979	0.00583	0.00563	0.01855	0.01089	0.80498	0.01485	0.01288	0.00935	0.00474	0.00383	0.00120	0.00329	0.00382	0.00469	0.00649
35	0.00915	0.01046	0.02288	0.01634	0.02026	0.00980	0.82549	0.01242	0.00915	0.01242	0.00784	0.01046	0.00588	0.00327	0.00458	0.00131	0.00654	0.00458	0.00196	0.00523
36	0.07089	0.00684	0.00749	0.00665	0.00875	0.00724	0.00527	0.04356	0.36886	0.16578	0.01995	0.03354	0.18228	0.00639	0.00405	0.00131	0.00293	0.04900	0.00389	0.00532
37	0.00465	0.00390	0.00404	0.00407	0.00530	0.00329	0.00303	0.00568	0.00891	0.01079	0.09354	0.07981	0.74010	0.00981	0.00460	0.00132	0.00197	0.00825	0.00365	0.00329
38	0.01140	0.02659	0.04818	0.07028	0.01617	0.06594	0.33285	0.27425	0.01200	0.05431	0.00845	0.00995	0.00624	0.00476	0.03160	0.00139	0.01355	0.00384	0.00268	0.00557
39	0.00935	0.01050	0.02108	0.01554	0.03386	0.03737	0.68942	0.02440	0.00902	0.01220	0.00752	0.01011	0.00579	0.00367	0.00534	0.00133	0.09205	0.00435	0.00196	0.00514
40	0.00571	0.00375	0.00446	0.00462	0.00482	0.00365	0.00282	0.00600	0.00648	0.03197	0.04266	0.24185	0.02929	0.57830	0.01474	0.00300	0.00326	0.00707	0.00282	0.00273
41	0.00732	0.00689	0.01163	0.85444	0.02670	0.00861	0.01077	0.00991	0.00775	0.00991	0.00689	0.01034	0.00517	0.00388	0.00388	0.00129	0.00517	0.00345	0.00172	0.00431
42	0.00910	0.08272	0.28140	0.06799	0.04036	0.07643	0.02899	0.08247	0.10595	0.02145	0.00971	0.09239	0.00832	0.00609	0.04586	0.00147	0.01813	0.00399	0.01198	0.00519
43	0.00853	0.04743	0.75840	0.01061	0.01607	0.00899	0.01347	0.01271	0.00838	0.06957	0.00748	0.00847	0.00524	0.00375	0.00366	0.00121	0.00551	0.00291	0.00186	0.00576
44	0.01522	0.00629	0.00866	0.06525	0.01054	0.00563	0.00578	0.01678	0.01071	0.68510	0.06988	0.03099	0.04054	0.00526	0.00399	0.00122	0.00326	0.00436	0.00449	0.00606
45	0.00551	0.00372	0.00523	0.06136	0.00699	0.00374	0.00410	0.00595	0.02314	0.00921	0.01639	0.55571	0.01891	0.01223	0.02937	0.22128	0.00295	0.00831	0.00297	0.00293
46	0.03830	0.06844	0.01238	0.05307	0.02296	0.12059	0.17573	0.03145	0.05435	0.02514	0.01372	0.29141	0.02532	0.00745	0.00501	0.00152	0.03878	0.00638	0.00307	0.00494

[dist]
# distance from previous block
# <min> <max>
4	42

[block]
# block no. 2 follows, 70 sequences, length 9
# corresponding to MSA columns:
# 435-443
name=unknown_C
#
# <colnr> <probs for GDERKNQSTAVLIFYWHMCP>
#	G	D	E	R	K	N	Q	S	T	A	V	L	I	F	Y	W	H	M	C	P
0	0.00566	0.00434	0.00571	0.00578	0.00648	0.00448	0.00428	0.00673	0.00799	0.01093	0.16476	0.22706	0.15837	0.03581	0.28647	0.00313	0.04815	0.00710	0.00319	0.00358
1	0.01024	0.01133	0.07972	0.05326	0.06525	0.20014	0.00865	0.01195	0.03080	0.06196	0.00688	0.00909	0.00583	0.00650	0.05038	0.00163	0.37640	0.00325	0.00205	0.00471
2	0.01295	0.00967	0.01078	0.04590	0.03678	0.01062	0.00706	0.65234	0.01617	0.02168	0.06182	0.01217	0.03392	0.04447	0.00467	0.00130	0.00407	0.00395	0.00367	0.00600
3	0.00479	0.00340	0.00448	0.00531	0.00551	0.00320	0.00350	0.00542	0.00728	0.00971	0.02066	0.79634	0.02474	0.07825	0.00610	0.00174	0.00237	0.01060	0.00350	0.00309
4	0.01314	0.09710	0.06383	0.03008	0.03306	0.60134	0.00795	0.04509	0.05375	0.01063	0.00669	0.00762	0.00544	0.00399	0.00347	0.00103	0.00623	0.00266	0.00211	0.00482
5	0.02662	0.29170	0.27579	0.09615	0.03312	0.06413	0.00947	0.05604	0.00887	0.05702	0.00754	0.04366	0.00619	0.00406	0.00336	0.00110	0.00480	0.00307	0.00207	0.00523
6	0.00757	0.00462	0.00550	0.00515	0.00600	0.00454	0.00353	0.02971	0.05763	0.12650	0.06691	0.10413	0.08767	0.42662	0.04495	0.00270	0.00350	0.00603	0.00317	0.00357
7	0.00492	0.00363	0.00448	0.00499	0.00551	0.00334	0.00345	0.00574	0.00791	0.01034	0.09568	0.49191	0.19845	0.09947	0.00639	0.00172	0.00236	0.04303	0.00353	0.00315
8	0.13396	0.05113	0.09475	0.00984	0.04858	0.11415	0.10173	0.24268	0.06527	0.04155	0.00920	0.02185	0.02841	0.00437	0.00377	0.00118	0.01584	0.00347	0.00280	0.00546

[dist]
# distance from previous block
# <min> <max>
1	5

[block]
# block no. 3 follows, 70 sequences, length 32
# corresponding to MSA columns:
# 449-480
name=unknown_D
#
# <colnr> <probs for GDERKNQSTAVLIFYWHMCP>
#	G	D	E	R	K	N	Q	S	T	A	V	L	I	F	Y	W	H	M	C	P
0	0.07525	0.13194	0.04606	0.00928	0.06736	0.07322	0.06130	0.21371	0.06238	0.07398	0.00946	0.03690	0.02169	0.02287	0.00403	0.00117	0.01616	0.00352	0.00284	0.06688
1	0.05078	0.19620	0.30369	0.01091	0.11732	0.09514	0.04707	0.01224	0.00865	0.04358	0.02751	0.00945	0.03275	0.00391	0.00345	0.00110	0.00491	0.00307	0.00203	0.02624
2	0.00521	0.00366	0.00473	0.00531	0.00580	0.00341	0.00368	0.00620	0.01891	0.02851	0.11149	0.62806	0.08882	0.03550	0.00528	0.00157	0.00230	0.03458	0.00367	0.00332
3	0.04223	0.00685	0.00788	0.00579	0.00903	0.00540	0.00461	0.03349	0.00825	0.01302	0.00763	0.05079	0.00671	0.00342	0.00299	0.00067	0.00289	0.00276	0.00241	0.78319
4	0.10619	0.42614	0.08599	0.03641	0.02930	0.06626	0.12289	0.05303	0.00865	0.01165	0.00619	0.00743	0.00513	0.00355	0.00323	0.00103	0.01730	0.00269	0.00192	0.00503
5	0.00557	0.00396	0.00543	0.00547	0.00588	0.00436	0.00388	0.00636	0.00604	0.00846	0.01136	0.05142	0.01178	0.32065	0.50366	0.02801	0.00756	0.00492	0.00222	0.00301
6	0.00486	0.00358	0.00451	0.00512	0.00561	0.00330	0.00355	0.00569	0.00789	0.01033	0.07761	0.57828	0.17190	0.05409	0.00562	0.00162	0.00231	0.04738	0.00358	0.00318
7	0.09811	0.72979	0.01859	0.00750	0.05881	0.01432	0.00670	0.01160	0.00781	0.01016	0.00550	0.00643	0.00497	0.00335	0.00256	0.00089	0.00406	0.00216	0.00175	0.00497
8	0.02893	0.04450	0.01247	0.03635	0.32705	0.00888	0.04721	0.07743	0.16871	0.05504	0.01033	0.01145	0.02679	0.00560	0.05374	0.00145	0.00441	0.00370	0.01034	0.06563
9	0.00467	0.00394	0.00405	0.00406	0.00533	0.00332	0.00306	0.00571	0.00894	0.01074	0.07635	0.03708	0.77916	0.00975	0.00460	0.00132	0.00200	0.02898	0.00363	0.00330
10	0.01000	0.01046	0.03704	0.06232	0.47348	0.14151	0.02158	0.02325	0.10126	0.01239	0.02274	0.01058	0.00731	0.02477	0.02369	0.00134	0.00496	0.00354	0.00222	0.00557
11	0.00478	0.00385	0.00425	0.00433	0.00540	0.00333	0.00318	0.00588	0.00904	0.01136	0.18983	0.15903	0.56256	0.00980	0.00463	0.00133	0.00198	0.00838	0.00373	0.00333
12	0.00957	0.00843	0.00896	0.00860	0.05882	0.04815	0.00629	0.05135	0.61168	0.01595	0.11486	0.01538	0.01398	0.00539	0.00399	0.00127	0.00324	0.00452	0.00377	0.00578
13	0.00809	0.12178	0.74467	0.01052	0.01596	0.00977	0.01340	0.01220	0.00815	0.01190	0.00677	0.00795	0.00492	0.00364	0.00354	0.00118	0.00554	0.00277	0.00164	0.00564
14	0.00468	0.00368	0.00424	0.00464	0.00544	0.00323	0.00327	0.00556	0.00827	0.01041	0.06259	0.41381	0.43483	0.01081	0.00475	0.00143	0.00209	0.00943	0.00363	0.00323
15	0.01109	0.64831	0.03172	0.00812	0.04920	0.14874	0.00717	0.03868	0.00876	0.00989	0.00573	0.00663	0.00508	0.00348	0.00278	0.00089	0.00465	0.00226	0.00180	0.00502
16	0.00481	0.00412	0.00415	0.00411	0.00545	0.00355	0.00309	0.00623	0.04398	0.01080	0.05175	0.03620	0.78925	0.00959	0.00455	0.00131	0.00201	0.00800	0.00363	0.00340
17	0.89114	0.00750	0.00570	0.00510	0.00750	0.00870	0.00420	0.01140	0.00660	0.01739	0.00540	0.00630	0.00420	0.00360	0.00240	0.00120	0.00300	0.00210	0.00240	0.00420
18	0.01038	0.57437	0.14758	0.00862	0.05406	0.07846	0.00824	0.04409	0.00859	0.01043	0.00593	0.00692	0.00509	0.00355	0.00307	0.00095	0.02034	0.00238	0.00178	0.00517
19	0.03141	0.65136	0.01765	0.00734	0.02782	0.10635	0.00666	0.01227	0.00833	0.05713	0.00626	0.00713	0.00543	0.00448	0.03543	0.00109	0.00464	0.00234	0.00191	0.00496
20	0.00562	0.00383	0.00457	0.00457	0.00469	0.00394	0.00277	0.00586	0.00574	0.00777	0.01190	0.02365	0.01335	0.72190	0.16057	0.00418	0.00488	0.00539	0.00230	0.00254
21	0.00804	0.00689	0.00804	0.00574	0.00919	0.00517	0.00459	0.00976	0.00804	0.01263	0.00689	0.00804	0.00574	0.00287	0.00287	0.00057	0.00287	0.00230	0.00230	0.88745
22	0.00550	0.00444	0.00527	0.00479	0.00634	0.00377	0.05018	0.00664	0.00897	0.05349	0.03624	0.03453	0.74762	0.00918	0.00455	0.00130	0.00229	0.00775	0.00357	0.00356
23	0.00560	0.00374	0.00424	0.00428	0.00429	0.00373	0.00240	0.00563	0.00571	0.00762	0.01259	0.05987	0.01457	0.82861	0.01912	0.00367	0.00370	0.00586	0.00240	0.00238
24	0.06453	0.01046	0.01129	0.05232	0.01252	0.01166	0.00736	0.73783	0.01702	0.02328	0.00896	0.00919	0.00638	0.00455	0.00379	0.00117	0.00424	0.00341	0.00368	0.00634
25	0.01441	0.04047	0.01125	0.01008	0.03324	0.75571	0.00748	0.01548	0.01085	0.05724	0.00654	0.00739	0.00529	0.00401	0.00350	0.00101	0.00664	0.00259	0.00215	0.00467
26	0.00723	0.00361	0.00361	0.00361	0.00452	0.00361	0.00271	0.00903	0.00813	0.01445	0.01265	0.01445	0.00994	0.00452	0.00271	0.00090	0.00181	0.00361	0.88528	0.00361
27	0.00767	0.00724	0.01215	0.65481	0.18836	0.00852	0.01068	0.01013	0.00801	0.01048	0.00825	0.01125	0.03823	0.00403	0.00390	0.00126	0.00493	0.00363	0.00184	0.00463
28	0.00473	0.00393	0.00413	0.00408	0.00533	0.00334	0.00306	0.00585	0.00919	0.01130	0.16992	0.03594	0.70683	0.00951	0.00458	0.00129	0.00194	0.00799	0.00371	0.00334
29	0.03012	0.01040	0.03001	0.06782	0.29060	0.12071	0.25008	0.02884	0.04121	0.01256	0.05077	0.03269	0.00809	0.00405	0.00405	0.00121	0.00524	0.00403	0.00222	0.00529
30	0.00775	0.00765	0.03141	0.02179	0.14458	0.07626	0.04065	0.00973	0.03930	0.01036	0.00956	0.01272	0.03198	0.01564	0.38349	0.00348	0.11287	0.00385	0.00210	0.03484
31	0.04521	0.05998	0.05103	0.05246	0.03356	0.10334	0.00747	0.43332	0.04779	0.05537	0.06507	0.01049	0.00845	0.00460	0.00374	0.00115	0.00438	0.00351	0.00329	0.00579

[dist]
# distance from previous block
# <min> <max>
0	83

[block]
# block no. 4 follows, 70 sequences, length 59
# corresponding to MSA columns:
# 564-622
name=unknown_E
#
# <colnr> <probs for GDERKNQSTAVLIFYWHMCP>
#	G	D	E	R	K	N	Q	S	T	A	V	L	I	F	Y	W	H	M	C	P
0	0.02989	0.05622	0.05485	0.03117	0.31073	0.07522	0.00938	0.14979	0.05084	0.01567	0.02111	0.06724	0.00946	0.01535	0.00474	0.00146	0.01712	0.00431	0.00306	0.07238
1	0.29668	0.05105	0.01230	0.05214	0.25868	0.09572	0.08724	0.05767	0.03065	0.01430	0.00682	0.00832	0.00544	0.00367	0.00335	0.00116	0.00446	0.00298	0.00223	0.00514
2	0.00861	0.06328	0.01256	0.50334	0.18453	0.09927	0.01000	0.01080	0.00837	0.01039	0.00834	0.01087	0.04553	0.00406	0.00377	0.00120	0.00503	0.00349	0.00188	0.00468
3	0.00472	0.00337	0.00450	0.00540	0.00562	0.00315	0.00360	0.00540	0.00742	0.00990	0.02137	0.86122	0.02564	0.01215	0.00495	0.00157	0.00225	0.01102	0.00360	0.00315
4	0.00791	0.01913	0.76460	0.01156	0.01711	0.00908	0.09247	0.01229	0.00828	0.01229	0.00704	0.00840	0.00500	0.00364	0.00377	0.00124	0.00581	0.00303	0.00167	0.00568
5	0.01682	0.00647	0.00881	0.00680	0.00970	0.00560	0.00560	0.01833	0.01109	0.80235	0.05498	0.01396	0.01090	0.00495	0.00393	0.00120	0.00323	0.00405	0.00477	0.00646
6	0.00903	0.00946	0.06767	0.08423	0.55610	0.00891	0.07200	0.01212	0.06639	0.01256	0.00918	0.01179	0.03040	0.00402	0.00396	0.00121	0.00465	0.02842	0.00213	0.00575
7	0.00468	0.00396	0.00407	0.00412	0.00540	0.00334	0.00314	0.00571	0.00884	0.01054	0.03814	0.03770	0.78888	0.00987	0.00463	0.00134	0.00206	0.05667	0.00360	0.00329
8	0.01035	0.77812	0.01959	0.00781	0.06289	0.03578	0.00697	0.01166	0.00799	0.00935	0.00560	0.00658	0.00512	0.00370	0.01433	0.00093	0.00433	0.00220	0.00169	0.00502
9	0.00504	0.00394	0.00456	0.00443	0.00552	0.00346	0.00331	0.00643	0.00988	0.01299	0.43703	0.04709	0.42461	0.00891	0.00458	0.00127	0.00190	0.00765	0.00393	0.00346
10	0.01055	0.72575	0.08258	0.00720	0.01066	0.03526	0.00729	0.06376	0.00864	0.01035	0.00577	0.00659	0.00507	0.00345	0.00269	0.00089	0.00435	0.00223	0.00181	0.00512
11	0.00495	0.00349	0.00465	0.00534	0.00568	0.00326	0.00366	0.00570	0.00783	0.01054	0.12667	0.68194	0.03769	0.01159	0.00537	0.04159	0.00228	0.03103	0.00360	0.00316
12	0.01299	0.03390	0.10227	0.05670	0.05294	0.18646	0.00833	0.38316	0.03078	0.06408	0.00912	0.00960	0.02330	0.00440	0.00376	0.00114	0.00493	0.00331	0.00302	0.00579
13	0.01036	0.86609	0.02032	0.00663	0.00995	0.01534	0.00663	0.01161	0.00788	0.00912	0.00539	0.00622	0.00498	0.00332	0.00249	0.00083	0.00415	0.00207	0.00166	0.00498
14	0.00875	0.00802	0.01035	0.36960	0.04437	0.03150	0.00839	0.01533	0.41120	0.01306	0.01118	0.01220	0.00845	0.00462	0.00412	0.00130	0.02559	0.00388	0.00282	0.00526
15	0.00472	0.00355	0.00433	0.00494	0.00546	0.00321	0.00337	0.00545	0.00776	0.00998	0.02615	0.59582	0.25728	0.04209	0.00538	0.00158	0.00222	0.01002	0.00355	0.00316
16	0.01265	0.00779	0.00936	0.00855	0.06298	0.00819	0.00637	0.03598	0.45568	0.32546	0.01492	0.01357	0.01053	0.00496	0.00392	0.00126	0.00328	0.00412	0.00413	0.00632
17	0.00491	0.00349	0.00448	0.00517	0.00543	0.00328	0.00342	0.00554	0.00733	0.00976	0.04747	0.66364	0.05265	0.14386	0.00722	0.00189	0.00248	0.02149	0.00343	0.00305
18	0.86059	0.00765	0.01696	0.00522	0.00767	0.00864	0.00437	0.01157	0.00672	0.03503	0.00563	0.00647	0.00432	0.00363	0.00245	0.00120	0.00304	0.00215	0.00244	0.00427
19	0.00494	0.00393	0.00443	0.00440	0.00550	0.00343	0.00330	0.00619	0.00940	0.01203	0.28809	0.07444	0.50909	0.02170	0.00484	0.00134	0.00201	0.03376	0.00379	0.00338
20	0.00841	0.06621	0.68070	0.01105	0.03703	0.00928	0.04185	0.03494	0.00859	0.03324	0.00754	0.00929	0.00561	0.00388	0.00371	0.00122	0.00548	0.02446	0.00185	0.00567
21	0.00964	0.00833	0.00877	0.00789	0.01008	0.00964	0.00614	0.02060	0.83257	0.01622	0.01578	0.01446	0.01183	0.00526	0.00394	0.00131	0.00307	0.00438	0.00394	0.00614
22	0.00941	0.00987	0.03669	0.22799	0.43587	0.07941	0.10884	0.02390	0.00890	0.01185	0.00717	0.00962	0.00575	0.00361	0.00390	0.00119	0.00520	0.00349	0.00190	0.00543
23	0.00482	0.00344	0.00461	0.00551	0.00578	0.00323	0.00377	0.00557	0.00752	0.01001	0.02131	0.80906	0.02543	0.01205	0.00497	0.00159	0.00233	0.06222	0.00360	0.00318
24	0.00548	0.00398	0.00503	0.00558	0.00611	0.00383	0.00389	0.06301	0.00840	0.01115	0.04345	0.70642	0.07540	0.01133	0.00485	0.00153	0.00240	0.03112	0.00364	0.00342
25	0.00486	0.00359	0.00455	0.00520	0.00571	0.00330	0.00365	0.00573	0.00797	0.01041	0.06982	0.59030	0.17757	0.02371	0.00510	0.00155	0.00229	0.06784	0.00362	0.00322
26	0.01448	0.01848	0.01099	0.00999	0.01199	0.84819	0.00749	0.01548	0.01099	0.00949	0.00599	0.00699	0.00499	0.00400	0.00350	0.00100	0.00699	0.00250	0.00200	0.00449
27	0.00682	0.00580	0.00893	0.00860	0.06829	0.00651	0.08547	0.02092	0.02446	0.00970	0.00990	0.02770	0.00972	0.21854	0.35488	0.00395	0.11938	0.00449	0.00216	0.00377
28	0.00804	0.00689	0.00804	0.00574	0.00919	0.00517	0.00459	0.00976	0.00804	0.01263	0.00689	0.00804	0.00574	0.00287	0.00287	0.00057	0.00287	0.00230	0.00230	0.88745
29	0.00864	0.00822	0.01383	0.25504	0.55880	0.00866	0.01101	0.01094	0.00853	0.01175	0.00922	0.01157	0.05895	0.00398	0.00390	0.00120	0.00459	0.00375	0.00197	0.00544
30	0.00858	0.00655	0.00793	0.01724	0.02423	0.00527	0.00482	0.01038	0.02623	0.08465	0.00894	0.04259	0.00773	0.04647	0.02358	0.00101	0.00318	0.01613	0.00260	0.65188
31	0.09036	0.00510	0.00636	0.03633	0.06038	0.01593	0.00478	0.03025	0.00803	0.09548	0.01599	0.41047	0.01735	0.11444	0.00626	0.00172	0.00305	0.05447	0.01939	0.00387
32	0.01022	0.00744	0.00810	0.00699	0.00894	0.00811	0.00536	0.17198	0.37522	0.09478	0.01542	0.01711	0.06878	0.17564	0.00710	0.00176	0.00338	0.00468	0.00367	0.00532
33	0.07825	0.00674	0.00878	0.00683	0.00975	0.00606	0.00565	0.04080	0.01094	0.74450	0.01454	0.01323	0.00940	0.00483	0.00382	0.00121	0.00331	0.02040	0.00458	0.00637
34	0.01290	0.00809	0.00922	0.00766	0.00997	0.00801	0.00597	0.28284	0.05710	0.21576	0.18377	0.02005	0.10379	0.04826	0.00543	0.00157	0.00365	0.00538	0.00449	0.00606
35	0.00477	0.00341	0.00454	0.00536	0.00563	0.00318	0.00360	0.00552	0.00765	0.01026	0.07344	0.80812	0.02634	0.01188	0.00492	0.00155	0.00222	0.01077	0.00364	0.00318
36	0.00804	0.00689	0.00804	0.00574	0.00919	0.00517	0.00459	0.00976	0.00804	0.01263	0.00689	0.00804	0.00574	0.00287	0.00287	0.00057	0.00287	0.00230	0.00230	0.88745
37	0.00640	0.00493	0.00553	0.00536	0.00656	0.00427	0.00391	0.00740	0.01062	0.01407	0.40651	0.05579	0.43330	0.00976	0.00514	0.00151	0.00240	0.00805	0.00433	0.00416
38	0.01140	0.04530	0.09183	0.02479	0.19158	0.10271	0.22623	0.17506	0.01107	0.07030	0.00813	0.00947	0.00610	0.00381	0.00394	0.00118	0.00532	0.00357	0.00248	0.00573
39	0.00478	0.00344	0.00453	0.00534	0.00565	0.00320	0.00361	0.00553	0.00767	0.01021	0.06137	0.77838	0.05713	0.01183	0.00492	0.00155	0.00224	0.02180	0.00363	0.00318
40	0.01180	0.00945	0.00983	0.00840	0.02463	0.05423	0.00657	0.32395	0.37680	0.04920	0.07299	0.01305	0.01113	0.00511	0.00394	0.00123	0.00367	0.00411	0.00384	0.00606
41	0.00540	0.00395	0.00508	0.00482	0.00575	0.00362	0.00360	0.00715	0.01074	0.01505	0.76171	0.04700	0.09531	0.00815	0.00458	0.00123	0.00185	0.00718	0.00420	0.00362
42	0.01517	0.01016	0.01120	0.00859	0.01167	0.01098	0.00709	0.69375	0.01705	0.15898	0.01029	0.00995	0.00709	0.00468	0.00388	0.00117	0.00411	0.00356	0.00403	0.00659
43	0.00493	0.00388	0.00448	0.00466	0.00566	0.00343	0.00349	0.00609	0.00900	0.01143	0.18562	0.18290	0.46827	0.00995	0.00471	0.00138	0.00213	0.08090	0.00372	0.00335
44	0.00543	0.00408	0.00523	0.00523	0.02783	0.00373	0.00375	0.00710	0.01047	0.01448	0.66151	0.04917	0.17109	0.00823	0.00456	0.00124	0.00194	0.00721	0.00408	0.00365
45	0.00771	0.00790	0.05246	0.67908	0.15799	0.00873	0.01112	0.01034	0.00795	0.01047	0.00696	0.01011	0.00531	0.00380	0.00386	0.00127	0.00510	0.00342	0.00175	0.00467
46	0.00564	0.00376	0.00423	0.00423	0.00423	0.00376	0.00235	0.00564	0.00564	0.00752	0.01222	0.02537	0.01409	0.86375	0.01973	0.00376	0.00376	0.00564	0.00235	0.00235
47	0.01199	0.01044	0.01635	0.01234	0.03653	0.01076	0.35957	0.43211	0.01379	0.01868	0.00872	0.00996	0.00637	0.00402	0.00414	0.00122	0.00518	0.00396	0.02795	0.00591
48	0.51677	0.00728	0.00721	0.00595	0.00861	0.00766	0.00491	0.04614	0.00880	0.33879	0.00940	0.00910	0.00639	0.00411	0.00304	0.00120	0.00317	0.00285	0.00339	0.00523
49	0.00773	0.00469	0.00492	0.02859	0.00631	0.00501	0.00365	0.01147	0.18011	0.01469	0.01314	0.01434	0.01020	0.00465	0.00300	0.00100	0.00216	0.00377	0.67641	0.00416
50	0.00472	0.00337	0.00450	0.00540	0.00562	0.00315	0.00360	0.00540	0.00742	0.00990	0.02137	0.86122	0.02564	0.01215	0.00495	0.00157	0.00225	0.01102	0.00360	0.00315
51	0.01024	0.00914	0.00927	0.00877	0.05023	0.07731	0.00649	0.03597	0.68341	0.03049	0.01439	0.01350	0.01083	0.00504	0.00388	0.00127	0.00347	0.00415	0.01615	0.00599
52	0.00544	0.00394	0.00507	0.00482	0.00569	0.00363	0.00357	0.00712	0.01056	0.01483	0.74685	0.04975	0.06856	0.04682	0.00527	0.00135	0.00193	0.00710	0.00414	0.00357
53	0.01496	0.01051	0.01142	0.00875	0.01185	0.01150	0.00723	0.75954	0.01764	0.09237	0.00981	0.00963	0.00684	0.00467	0.00388	0.00117	0.00419	0.00352	0.00395	0.00659
54	0.00476	0.00343	0.00445	0.00524	0.00552	0.00319	0.00349	0.00542	0.00742	0.00980	0.02201	0.76342	0.07685	0.05808	0.00572	0.00168	0.00231	0.01055	0.00353	0.00311
55	0.00771	0.00637	0.00737	0.12372	0.01052	0.00693	0.00556	0.01335	0.37169	0.04303	0.05825	0.02206	0.27867	0.02207	0.00445	0.00135	0.00297	0.00560	0.00354	0.00480
56	0.01213	0.01196	0.01088	0.01082	0.12197	0.26577	0.00753	0.15950	0.31536	0.02844	0.01051	0.01061	0.00803	0.00452	0.00378	0.00117	0.00468	0.00352	0.00308	0.00572
57	0.10537	0.03424	0.02104	0.02959	0.01019	0.05686	0.00595	0.04705	0.19560	0.36989	0.04826	0.01278	0.02069	0.00480	0.00370	0.00120	0.00349	0.00380	0.00385	0.02166
58	0.02396	0.07841	0.36317	0.01052	0.08162	0.14742	0.01011	0.08612	0.02721	0.05123	0.00807	0.02482	0.00650	0.05889	0.00464	0.00132	0.00519	0.00324	0.00221	0.00535

[dist]
# distance from previous block
# <min> <max>
2	149

[block]
# block no. 5 follows, 70 sequences, length 29
# corresponding to MSA columns:
# 777-805
name=unknown_F
#
# <colnr> <probs for GDERKNQSTAVLIFYWHMCP>
#	G	D	E	R	K	N	Q	S	T	A	V	L	I	F	Y	W	H	M	C	P
0	0.21553	0.14662	0.10690	0.00800	0.03596	0.09198	0.01440	0.11331	0.05267	0.02540	0.04418	0.01074	0.00787	0.00607	0.06205	0.00149	0.00462	0.03550	0.00254	0.01419
1	0.13991	0.10196	0.09491	0.01044	0.12148	0.19189	0.02096	0.12510	0.04473	0.02214	0.00852	0.00943	0.04201	0.00429	0.00389	0.00114	0.04651	0.00311	0.00240	0.00517
2	0.58233	0.10483	0.00843	0.00628	0.03052	0.00925	0.00509	0.05019	0.03544	0.12613	0.00729	0.00770	0.00542	0.00383	0.00277	0.00116	0.00327	0.00251	0.00274	0.00483
3	0.00892	0.00706	0.00786	0.00717	0.00866	0.07577	0.00562	0.01301	0.24654	0.10501	0.03593	0.01529	0.05652	0.01437	0.31793	0.00312	0.05915	0.00431	0.00304	0.00472
4	0.05698	0.00555	0.00710	0.07552	0.00893	0.02838	0.00503	0.01075	0.00775	0.24608	0.01153	0.01590	0.00989	0.21204	0.27790	0.00341	0.00591	0.00421	0.00290	0.00423
5	0.00477	0.00347	0.00450	0.00523	0.00560	0.00320	0.00355	0.00557	0.00784	0.01041	0.08984	0.72057	0.09795	0.01160	0.00489	0.00152	0.00219	0.01044	0.00365	0.00320
6	0.00620	0.00464	0.00608	0.02205	0.00776	0.00470	0.00538	0.00875	0.09368	0.01234	0.14508	0.15681	0.06253	0.00977	0.00497	0.00159	0.00301	0.43720	0.00369	0.00379
7	0.00552	0.00373	0.00434	0.00441	0.00451	0.00368	0.00260	0.00575	0.00628	0.00844	0.08090	0.12031	0.01724	0.69717	0.01682	0.00330	0.00343	0.00636	0.00265	0.00255
8	0.01436	0.01074	0.01136	0.00879	0.01177	0.02590	0.00721	0.77018	0.03944	0.02352	0.00950	0.00982	0.00690	0.02694	0.00428	0.00123	0.00427	0.00355	0.00381	0.00644
9	0.00564	0.00376	0.00423	0.00423	0.00423	0.00376	0.00235	0.00564	0.00564	0.00752	0.01222	0.02537	0.01409	0.86375	0.01973	0.00376	0.00376	0.00564	0.00235	0.00235
10	0.06225	0.00947	0.01028	0.00808	0.01096	0.03749	0.00662	0.49152	0.03364	0.24057	0.01117	0.03158	0.00800	0.00489	0.00384	0.00119	0.00394	0.01427	0.00397	0.00626
11	0.00846	0.00724	0.00863	0.00626	0.00965	0.00581	0.02608	0.04938	0.04460	0.01335	0.00742	0.00844	0.00605	0.00307	0.00301	0.00065	0.00304	0.00250	0.00244	0.78392
12	0.03143	0.51081	0.28720	0.00827	0.01225	0.07102	0.00914	0.01209	0.00816	0.01038	0.00594	0.00691	0.00494	0.00349	0.00294	0.00098	0.00483	0.00236	0.00169	0.00517
13	0.00556	0.00409	0.00589	0.00589	0.00647	0.00466	0.00442	0.00671	0.00613	0.00875	0.01069	0.01694	0.01044	0.17019	0.70829	0.00581	0.00926	0.00440	0.00212	0.00327
14	0.00785	0.00896	0.11729	0.46927	0.12065	0.00861	0.03258	0.01164	0.11324	0.01145	0.00987	0.01197	0.05156	0.00428	0.00391	0.00127	0.00477	0.00378	0.00213	0.00491
15	0.00525	0.00376	0.00507	0.00593	0.00641	0.00361	0.00446	0.00630	0.00793	0.01044	0.02132	0.54942	0.04282	0.02766	0.00536	0.00168	0.00272	0.28302	0.00357	0.00328
16	0.00824	0.10106	0.60939	0.06993	0.03385	0.02125	0.07967	0.01209	0.00826	0.01178	0.00687	0.00834	0.00504	0.00363	0.00365	0.00119	0.00560	0.00297	0.00168	0.00551
17	0.00569	0.00373	0.00438	0.00441	0.00444	0.00375	0.00256	0.00563	0.00567	0.00758	0.01200	0.05158	0.01372	0.73597	0.04853	0.07619	0.00391	0.00558	0.00233	0.00236
18	0.00989	0.28897	0.22588	0.01080	0.11367	0.07245	0.05853	0.07594	0.04171	0.01230	0.03687	0.00930	0.01985	0.00392	0.00343	0.00108	0.00481	0.00310	0.00211	0.00539
19	0.00553	0.00447	0.00493	0.00470	0.00599	0.00414	0.00356	0.02201	0.08589	0.01294	0.30247	0.03192	0.48000	0.00868	0.00451	0.00128	0.00206	0.00736	0.00386	0.00372
20	0.04982	0.03507	0.16642	0.03046	0.47517	0.03742	0.09392	0.02834	0.00881	0.01272	0.00710	0.00908	0.00571	0.00359	0.00393	0.00118	0.02027	0.00333	0.00192	0.00575
21	0.01455	0.01077	0.01153	0.00888	0.01195	0.01194	0.00732	0.79779	0.04738	0.02414	0.00954	0.00949	0.00678	0.00468	0.00388	0.00117	0.00422	0.00352	0.00388	0.00658
22	0.00664	0.00481	0.00590	0.00613	0.00691	0.00485	0.00442	0.15728	0.00949	0.01266	0.01910	0.66683	0.02197	0.01070	0.00477	0.00151	0.00268	0.04592	0.00365	0.00380
23	0.00468	0.00393	0.00406	0.00403	0.00529	0.00331	0.00302	0.00574	0.00906	0.01100	0.12166	0.03645	0.75528	0.00962	0.00458	0.00130	0.00195	0.00806	0.00367	0.00331
24	0.89114	0.00750	0.00570	0.00510	0.00750	0.00870	0.00420	0.01140	0.00660	0.01739	0.00540	0.00630	0.00420	0.00360	0.00240	0.00120	0.00300	0.00210	0.00240	0.00420
25	0.01564	0.00941	0.01073	0.00823	0.01130	0.00986	0.00680	0.55106	0.01579	0.30345	0.01135	0.01063	0.00762	0.00470	0.00389	0.00118	0.00394	0.00363	0.00419	0.00659
26	0.00758	0.00698	0.01107	0.63421	0.07983	0.00840	0.00978	0.01104	0.10849	0.01087	0.00901	0.06994	0.00747	0.00459	0.00396	0.00130	0.00467	0.00409	0.00214	0.00458
27	0.01425	0.00932	0.01143	0.00884	0.01185	0.00980	0.07380	0.42670	0.13345	0.24148	0.01173	0.01119	0.00810	0.00467	0.00395	0.00121	0.00402	0.00382	0.00398	0.00642
28	0.01014	0.00903	0.01527	0.02262	0.78189	0.00897	0.01147	0.01238	0.00899	0.07034	0.00785	0.00985	0.00638	0.00355	0.00384	0.00115	0.00451	0.00349	0.00212	0.00617

[dist]
# distance from previous block
# <min> <max>
0	3

[block]
# block no. 6 follows, 70 sequences, length 46
# corresponding to MSA columns:
# 809-854
name=unknown_G
#
# <colnr> <probs for GDERKNQSTAVLIFYWHMCP>
#	G	D	E	R	K	N	Q	S	T	A	V	L	I	F	Y	W	H	M	C	P
0	0.00472	0.00339	0.00449	0.00536	0.00561	0.00315	0.00358	0.00540	0.00745	0.00991	0.02177	0.84259	0.04402	0.01209	0.00494	0.00157	0.00224	0.01096	0.00360	0.00315
1	0.00785	0.01412	0.41978	0.01221	0.01649	0.00847	0.31386	0.01135	0.00843	0.01199	0.00933	0.13026	0.00822	0.00473	0.00419	0.00131	0.00553	0.00466	0.00204	0.00518
2	0.01325	0.27111	0.01377	0.00899	0.01138	0.59996	0.00724	0.01433	0.01006	0.00938	0.00581	0.00676	0.00499	0.00379	0.00320	0.00095	0.00614	0.00237	0.00190	0.00464
3	0.00589	0.00412	0.00482	0.00458	0.00582	0.00360	0.00346	0.00724	0.00979	0.07407	0.35208	0.06561	0.42715	0.00879	0.00454	0.00128	0.00202	0.00752	0.00395	0.00367
4	0.00897	0.00784	0.07004	0.00625	0.00982	0.00551	0.00543	0.01088	0.00836	0.09689	0.00775	0.00857	0.00607	0.00313	0.00304	0.00069	0.00313	0.00250	0.00250	0.73264
5	0.00915	0.00874	0.01487	0.13512	0.70701	0.00896	0.01152	0.01145	0.00864	0.01222	0.00763	0.03330	0.00655	0.00375	0.00387	0.00118	0.00462	0.00366	0.00194	0.00581
6	0.00463	0.00392	0.00400	0.00400	0.00527	0.00329	0.00299	0.00564	0.00890	0.01069	0.07487	0.05452	0.78453	0.00978	0.00459	0.00131	0.00196	0.00819	0.00363	0.00329
7	0.24560	0.00914	0.00956	0.01768	0.01060	0.00995	0.00626	0.44779	0.02577	0.16678	0.00940	0.00929	0.00655	0.00440	0.00349	0.00118	0.00375	0.00321	0.00363	0.00593
8	0.02841	0.08321	0.03829	0.07224	0.01371	0.07396	0.12373	0.39779	0.04571	0.01739	0.00851	0.01673	0.00649	0.00516	0.02640	0.02530	0.00494	0.00352	0.00291	0.00560
9	0.00480	0.00356	0.00448	0.00514	0.00563	0.00326	0.00356	0.00563	0.00791	0.01031	0.06253	0.61397	0.18871	0.02213	0.00506	0.00154	0.00225	0.04272	0.00361	0.00320
10	0.00480	0.00391	0.00425	0.00423	0.00539	0.00336	0.00315	0.00597	0.00926	0.01163	0.22581	0.08041	0.60531	0.00950	0.00460	0.00130	0.00195	0.00806	0.00376	0.00336
11	0.00796	0.05019	0.76275	0.01122	0.01675	0.00928	0.06446	0.01226	0.00823	0.01217	0.00696	0.00825	0.00497	0.00364	0.00370	0.00122	0.00572	0.00294	0.00166	0.00567
12	0.01100	0.02262	0.05527	0.00859	0.01060	0.11613	0.00723	0.30397	0.02333	0.03691	0.00858	0.01044	0.00698	0.01095	0.21658	0.00249	0.13703	0.00348	0.00272	0.00510
13	0.00854	0.00879	0.01629	0.26738	0.15736	0.02227	0.33305	0.01156	0.04041	0.01180	0.04231	0.01119	0.00726	0.00433	0.02014	0.00137	0.02483	0.00408	0.00205	0.00501
14	0.00467	0.00362	0.00426	0.00475	0.00546	0.00321	0.00332	0.00550	0.00809	0.01023	0.04058	0.49185	0.37848	0.01108	0.00478	0.00145	0.00212	0.00973	0.00361	0.00321
15	0.00889	0.00860	0.01367	0.37712	0.39075	0.04038	0.02618	0.03253	0.00858	0.01154	0.00705	0.00978	0.00565	0.00382	0.00422	0.00123	0.03949	0.00343	0.00188	0.00521
16	0.03404	0.01076	0.02341	0.10175	0.33621	0.14205	0.11407	0.10354	0.05542	0.02976	0.00791	0.00957	0.00619	0.00382	0.00385	0.00117	0.00511	0.00347	0.00231	0.00558
17	0.00652	0.00342	0.00494	0.00494	0.00507	0.00336	0.00332	0.00510	0.00544	0.00711	0.01004	0.01438	0.09119	0.01310	0.01408	0.79720	0.00322	0.00386	0.00188	0.00184
