[name]
unknown

[dist]
# distance from previous block
# <min> <max>
1	109

[block]
# block no. 0 follows, 67 sequences, length 26
# corresponding to MSA columns:
# 161-186
name=unknown_A
#
# <colnr> <probs for GDERKNQSTAVLIFYWHMCP>
#	G	D	E	R	K	N	Q	S	T	A	V	L	I	F	Y	W	H	M	C	P
0	0.02164	0.19765	0.15212	0.02153	0.01197	0.03569	0.06769	0.08678	0.00943	0.01300	0.03213	0.04308	0.02245	0.03573	0.00409	0.00111	0.00431	0.00347	0.00236	0.23376
1	0.01054	0.06848	0.04645	0.00834	0.02354	0.21792	0.04308	0.03177	0.14007	0.07337	0.11200	0.04875	0.09576	0.00568	0.00399	0.00118	0.00431	0.00462	0.00313	0.05702
2	0.05467	0.08776	0.00791	0.04348	0.00850	0.03448	0.00483	0.07004	0.03218	0.03241	0.09210	0.07665	0.26591	0.04753	0.04497	0.00158	0.00346	0.00575	0.00319	0.08260
3	0.04461	0.07330	0.12247	0.05066	0.12550	0.02137	0.04169	0.03280	0.09627	0.09241	0.02466	0.03144	0.03503	0.00449	0.00398	0.00114	0.02839	0.00370	0.00270	0.16337
4	0.00832	0.21568	0.07998	0.06634	0.01184	0.00896	0.11007	0.05798	0.02093	0.01238	0.10734	0.01782	0.15826	0.04639	0.00471	0.00130	0.00403	0.01652	0.00269	0.04845
5	0.02796	0.02272	0.02188	0.02750	0.04330	0.02295	0.03858	0.07459	0.01919	0.01199	0.03152	0.04949	0.33997	0.07787	0.15341	0.00240	0.00458	0.00606	0.00303	0.02099
6	0.04444	0.11607	0.11799	0.22868	0.15000	0.04406	0.04972	0.02539	0.04533	0.02530	0.00755	0.00939	0.00592	0.00377	0.00364	0.00114	0.00482	0.00318	0.00211	0.11152
7	0.00931	0.03346	0.08951	0.00748	0.01079	0.00743	0.03279	0.08677	0.10435	0.03917	0.07742	0.01122	0.00941	0.00413	0.00374	0.00094	0.02364	0.00335	0.00286	0.44223
8	0.04307	0.00557	0.00761	0.13625	0.07380	0.00603	0.00592	0.00870	0.02341	0.01327	0.29541	0.07839	0.12965	0.00716	0.00512	0.00133	0.08145	0.00599	0.06776	0.00412
9	0.01071	0.32109	0.26544	0.00988	0.07311	0.06223	0.00957	0.04716	0.03891	0.07404	0.00765	0.00843	0.00594	0.00382	0.00336	0.00107	0.00484	0.00283	0.00221	0.04772
10	0.00568	0.00436	0.00509	0.00487	0.00604	0.00398	0.00366	0.04308	0.01056	0.01400	0.42344	0.08708	0.35527	0.00912	0.00473	0.00132	0.00209	0.00785	0.00407	0.00372
11	0.01080	0.01080	0.02207	0.01035	0.03071	0.18851	0.18639	0.11714	0.10973	0.01418	0.01075	0.03958	0.02797	0.01846	0.00477	0.00127	0.05511	0.00416	0.13216	0.00509
12	0.00632	0.00419	0.00501	0.00534	0.00600	0.00412	0.00375	0.06951	0.00876	0.01251	0.03929	0.52319	0.04449	0.04658	0.00516	0.00152	0.00243	0.00866	0.19954	0.00362
13	0.01370	0.01099	0.01064	0.00873	0.01141	0.13088	0.00700	0.43391	0.16025	0.08452	0.02722	0.02825	0.02854	0.00529	0.00405	0.00123	0.00437	0.01905	0.00381	0.00616
14	0.00518	0.00385	0.00486	0.00549	0.00601	0.00364	0.00378	0.00653	0.04736	0.01112	0.09361	0.65336	0.11714	0.01158	0.00499	0.00155	0.00230	0.01039	0.00380	0.00347
15	0.00900	0.00766	0.02682	0.00662	0.00955	0.02248	0.00534	0.07204	0.12122	0.03771	0.08610	0.06449	0.01119	0.00463	0.00356	0.00091	0.00313	0.00384	0.00306	0.50067
16	0.00494	0.00352	0.00466	0.00553	0.00577	0.00329	0.00368	0.00564	0.00770	0.01029	0.03994	0.81010	0.02638	0.04082	0.00562	0.00170	0.00237	0.01112	0.00370	0.00324
17	0.03133	0.07918	0.02914	0.07146	0.29356	0.00869	0.04481	0.03829	0.02767	0.06086	0.01575	0.02082	0.00689	0.00380	0.00374	0.00104	0.01552	0.00332	0.00239	0.24173
18	0.00579	0.00404	0.00514	0.00514	0.00540	0.00430	0.00339	0.00632	0.00606	0.00834	0.01194	0.02237	0.01290	0.55258	0.32459	0.00483	0.00642	0.00526	0.00233	0.00286
19	0.00920	0.01030	0.02185	0.01584	0.01941	0.01000	0.71391	0.01229	0.00905	0.01241	0.00806	0.01095	0.00625	0.00518	0.05351	0.00167	0.06825	0.00462	0.00202	0.00523
20	0.00875	0.00998	0.05894	0.08009	0.05769	0.00947	0.51660	0.01167	0.00877	0.01212	0.02642	0.01143	0.00704	0.00657	0.09088	0.00189	0.07012	0.00442	0.00204	0.00511
21	0.00842	0.02811	0.27581	0.05543	0.10477	0.04047	0.21133	0.01182	0.04265	0.01226	0.01116	0.11673	0.04236	0.00520	0.00427	0.00133	0.00525	0.01507	0.00229	0.00526
22	0.00494	0.00406	0.00436	0.00437	0.00561	0.00348	0.00329	0.00610	0.00942	0.01165	0.16137	0.07127	0.65327	0.00998	0.00478	0.00137	0.00207	0.03133	0.00383	0.00345
23	0.00624	0.00414	0.00535	0.00523	0.00619	0.00377	0.00385	0.00775	0.01031	0.06944	0.51971	0.22295	0.10150	0.00917	0.00478	0.00135	0.00211	0.00811	0.00423	0.00383
24	0.00847	0.01565	0.49433	0.02701	0.01671	0.00885	0.19761	0.01265	0.04274	0.03993	0.03082	0.01218	0.06593	0.00438	0.00413	0.00130	0.00553	0.00398	0.00219	0.00559
25	0.01113	0.34994	0.18564	0.00962	0.05172	0.17252	0.00896	0.06126	0.07986	0.01192	0.00728	0.00813	0.00590	0.00396	0.00346	0.00107	0.01727	0.00278	0.00213	0.00546

[dist]
# distance from previous block
# <min> <max>
0	1

[block]
# block no. 1 follows, 67 sequences, length 30
# corresponding to MSA columns:
# 188-217
name=unknown_B
#
# <colnr> <probs for GDERKNQSTAVLIFYWHMCP>
#	G	D	E	R	K	N	Q	S	T	A	V	L	I	F	Y	W	H	M	C	P
0	0.00541	0.00398	0.00511	0.00585	0.00639	0.00383	0.00424	0.00678	0.04318	0.01083	0.02318	0.56977	0.10148	0.03650	0.00556	0.00170	0.00263	0.15645	0.00370	0.00346
1	0.00577	0.00425	0.00514	0.00517	0.00613	0.00392	0.00377	0.04200	0.00994	0.02514	0.31954	0.29230	0.24225	0.00990	0.00481	0.00140	0.00220	0.00868	0.00400	0.00369
2	0.01177	0.04345	0.05906	0.02907	0.01149	0.00989	0.01752	0.33405	0.22044	0.07531	0.04281	0.09251	0.01131	0.01737	0.00433	0.00132	0.00387	0.00470	0.00375	0.00600
3	0.00957	0.19998	0.29872	0.03236	0.19558	0.03864	0.10816	0.02520	0.00885	0.01205	0.00698	0.00866	0.00554	0.00375	0.00396	0.00118	0.03014	0.00316	0.00186	0.00568
4	0.01152	0.70426	0.01921	0.00751	0.01069	0.17023	0.00703	0.01276	0.00875	0.00951	0.00569	0.00658	0.00515	0.00356	0.00277	0.00089	0.00484	0.00223	0.00178	0.00505
5	0.25110	0.00694	0.00721	0.00584	0.00839	0.00685	0.00472	0.10099	0.00966	0.14972	0.02733	0.01067	0.00783	0.00417	0.00313	0.00103	0.00299	0.00311	0.18468	0.20364
6	0.00506	0.00361	0.00485	0.00578	0.00608	0.00340	0.00402	0.00588	0.00785	0.01043	0.02201	0.76932	0.02616	0.01241	0.00516	0.00165	0.00247	0.09685	0.00372	0.00330
7	0.00509	0.00367	0.00483	0.00546	0.00591	0.00341	0.00379	0.00609	0.00855	0.01155	0.19473	0.62940	0.05809	0.01151	0.00503	0.00155	0.00226	0.03182	0.00387	0.00339
8	0.00493	0.00405	0.00434	0.00431	0.00554	0.00346	0.00322	0.00611	0.00953	0.01185	0.19557	0.06493	0.64857	0.00985	0.00475	0.00135	0.00201	0.00833	0.00386	0.00346
9	0.00531	0.00386	0.00510	0.00593	0.00647	0.00365	0.00442	0.00636	0.00826	0.01079	0.02378	0.54526	0.10893	0.01190	0.00520	0.00166	0.00268	0.23332	0.00371	0.00339
10	0.73137	0.00730	0.00597	0.00528	0.00767	0.00824	0.00433	0.01220	0.00736	0.08593	0.00715	0.00791	0.00537	0.00392	0.00264	0.00121	0.00301	0.00248	0.08616	0.00449
11	0.00911	0.00884	0.02216	0.26223	0.45553	0.02346	0.02386	0.01160	0.02216	0.01202	0.00770	0.01073	0.00637	0.00415	0.00471	0.00129	0.07155	0.01553	0.02150	0.00550
12	0.88738	0.00776	0.00589	0.00527	0.00776	0.00900	0.00434	0.01179	0.00683	0.01799	0.00558	0.00651	0.00434	0.00372	0.00248	0.00124	0.00310	0.00217	0.00248	0.00434
13	0.00499	0.00358	0.00475	0.00565	0.00597	0.00335	0.00388	0.00577	0.00783	0.01038	0.02268	0.77437	0.05379	0.01238	0.00513	0.00163	0.00241	0.06442	0.00372	0.00329
14	0.70931	0.09820	0.00792	0.00571	0.00832	0.00988	0.00483	0.07367	0.00792	0.01758	0.00605	0.00692	0.00474	0.00380	0.00262	0.00119	0.00330	0.00231	0.02113	0.00461
15	0.00631	0.00454	0.00579	0.00605	0.00678	0.00460	0.00456	0.02740	0.06396	0.01174	0.10870	0.30164	0.10106	0.01070	0.00659	0.11483	0.03151	0.15494	0.02473	0.00356
16	0.02132	0.09957	0.29343	0.00834	0.02212	0.04179	0.00856	0.03290	0.02896	0.06001	0.05998	0.07570	0.09350	0.00798	0.08363	0.00172	0.00493	0.01298	0.00264	0.03996
17	0.00966	0.02509	0.00964	0.04154	0.03607	0.04239	0.04806	0.13388	0.06378	0.07716	0.07552	0.13624	0.05659	0.00662	0.01790	0.00130	0.02851	0.02468	0.00328	0.16208
18	0.00489	0.00405	0.00429	0.00426	0.00552	0.00345	0.00318	0.00604	0.00946	0.01167	0.16819	0.05706	0.68430	0.00990	0.00475	0.00135	0.00202	0.00834	0.00384	0.00345
19	0.00735	0.00532	0.00634	0.00587	0.00728	0.00532	0.00451	0.02133	0.18598	0.06477	0.45443	0.04927	0.12436	0.00782	0.00458	0.00132	0.00238	0.03304	0.00425	0.00449
20	0.04363	0.00839	0.00997	0.00781	0.01079	0.00845	0.00640	0.27487	0.09694	0.45148	0.03014	0.01261	0.00956	0.00499	0.00400	0.00124	0.00367	0.00396	0.00448	0.00663
21	0.01499	0.01892	0.01138	0.01030	0.01240	0.82255	0.00775	0.03578	0.01155	0.01020	0.00628	0.00729	0.00521	0.00415	0.00363	0.00104	0.00716	0.00261	0.00211	0.00470
22	0.00497	0.00357	0.00473	0.00558	0.00589	0.00333	0.00379	0.00577	0.00794	0.01058	0.06115	0.77251	0.04657	0.01225	0.00510	0.00161	0.00234	0.03528	0.00375	0.00330
23	0.00498	0.00365	0.00469	0.00550	0.00587	0.00341	0.00371	0.00592	0.02439	0.01042	0.02369	0.76418	0.10037	0.01220	0.00506	0.00160	0.00232	0.01099	0.00373	0.00333
24	0.00778	0.00723	0.01015	0.00890	0.00908	0.00960	0.02044	0.00864	0.00619	0.00932	0.00749	0.01297	0.00767	0.15777	0.15102	0.00289	0.55294	0.00406	0.00194	0.00393
25	0.00990	0.00562	0.00690	0.00603	0.00786	0.00531	0.00470	0.03436	0.11268	0.25732	0.28078	0.07552	0.16155	0.00742	0.00445	0.00130	0.00262	0.00633	0.00436	0.00498
26	0.00492	0.00354	0.00471	0.00557	0.00586	0.00333	0.00375	0.00565	0.00767	0.01022	0.02223	0.79759	0.05090	0.01319	0.03845	0.00181	0.00265	0.01103	0.00366	0.00327
27	0.05911	0.06906	0.01053	0.00766	0.01046	0.00954	0.00637	0.39552	0.01410	0.22740	0.02897	0.02734	0.00914	0.00508	0.00382	0.00120	0.00376	0.02725	0.07762	0.00610
28	0.01034	0.00763	0.00872	0.00753	0.00964	0.00830	0.02033	0.11372	0.39512	0.11136	0.09206	0.03916	0.09169	0.03511	0.00505	0.00142	0.02799	0.00518	0.00400	0.00566
29	0.09317	0.00758	0.00866	0.03486	0.01030	0.00657	0.00530	0.09297	0.00946	0.07303	0.00785	0.00874	0.00614	0.00340	0.00314	0.00079	0.00324	0.00264	0.00271	0.61944

[dist]
# distance from previous block
# <min> <max>
0	21

[block]
# block no. 2 follows, 67 sequences, length 12
# corresponding to MSA columns:
# 239-250
name=unknown_C
#
# <colnr> <probs for GDERKNQSTAVLIFYWHMCP>
#	G	D	E	R	K	N	Q	S	T	A	V	L	I	F	Y	W	H	M	C	P
0	0.07691	0.00966	0.04983	0.02185	0.70325	0.00930	0.01151	0.01208	0.00882	0.01331	0.00751	0.00984	0.00629	0.00465	0.03730	0.00141	0.00492	0.00347	0.00202	0.00607
1	0.07610	0.00841	0.01413	0.42977	0.25236	0.00934	0.10603	0.03465	0.00872	0.01239	0.00732	0.01014	0.00568	0.00381	0.00397	0.00129	0.00515	0.00360	0.00199	0.00516
2	0.09241	0.01067	0.01075	0.00838	0.01147	0.07437	0.00684	0.52266	0.01529	0.07949	0.00911	0.00928	0.00658	0.00443	0.00371	0.00112	0.00425	0.00327	0.00358	0.12235
3	0.00501	0.00354	0.00462	0.00543	0.00563	0.00334	0.00356	0.00562	0.00744	0.00992	0.02089	0.75009	0.02500	0.12100	0.00708	0.00192	0.00253	0.01069	0.00356	0.00315
4	0.00534	0.00406	0.00491	0.00475	0.00580	0.00363	0.00354	0.00689	0.01047	0.01412	0.53959	0.07025	0.29397	0.00903	0.00475	0.00131	0.00196	0.00783	0.00416	0.00363
5	0.00509	0.00385	0.00456	0.00497	0.00567	0.00350	0.00350	0.00595	0.00825	0.01052	0.06334	0.36221	0.31892	0.11838	0.00692	0.00181	0.00249	0.06323	0.00359	0.00325
6	0.00520	0.00388	0.00483	0.00502	0.00581	0.00352	0.00360	0.00649	0.00960	0.01293	0.38064	0.31690	0.20662	0.01013	0.00487	0.00141	0.00207	0.00895	0.00403	0.00352
7	0.00500	0.00369	0.00469	0.00535	0.00587	0.00338	0.00372	0.00591	0.00834	0.01096	0.10054	0.60465	0.16689	0.01168	0.00503	0.00156	0.00229	0.04331	0.00379	0.00335
8	0.19083	0.01646	0.01029	0.00926	0.01146	0.63688	0.00706	0.05196	0.01079	0.01217	0.00623	0.00720	0.00508	0.00408	0.00341	0.00108	0.00627	0.00255	0.00224	0.00469
9	0.01661	0.00722	0.00931	0.00726	0.01020	0.00665	0.00599	0.13177	0.01230	0.65161	0.01564	0.01472	0.03014	0.00525	0.00406	0.00125	0.00348	0.02913	0.03085	0.00655
10	0.02514	0.18883	0.04627	0.12909	0.05070	0.04056	0.03780	0.17999	0.17149	0.01484	0.00989	0.04616	0.00811	0.01875	0.01440	0.00131	0.00450	0.00380	0.00281	0.00555
11	0.02613	0.27839	0.29270	0.00931	0.05164	0.01066	0.02045	0.03638	0.03688	0.05259	0.00794	0.00879	0.01700	0.00378	0.00334	0.00104	0.00458	0.00286	0.00217	0.13339

[dist]
# distance from previous block
# <min> <max>
0	1

[block]
# block no. 3 follows, 67 sequences, length 18
# corresponding to MSA columns:
# 252-269
name=unknown_D
#
# <colnr> <probs for GDERKNQSTAVLIFYWHMCP>
#	G	D	E	R	K	N	Q	S	T	A	V	L	I	F	Y	W	H	M	C	P
0	0.00899	0.35337	0.40950	0.00927	0.03213	0.02601	0.01048	0.01189	0.00846	0.01120	0.00937	0.01022	0.07508	0.00420	0.00340	0.00111	0.00494	0.00311	0.00189	0.00539
1	0.01079	0.08484	0.03770	0.00829	0.01022	0.42821	0.02481	0.01214	0.02195	0.01049	0.05080	0.11494	0.13651	0.02573	0.00435	0.00123	0.00517	0.00487	0.00262	0.00433
2	0.01769	0.13936	0.15791	0.10347	0.04594	0.03293	0.03667	0.04133	0.02678	0.03810	0.08529	0.09126	0.07985	0.02976	0.01610	0.00141	0.02175	0.02693	0.00267	0.00480
3	0.00881	0.00816	0.01379	0.30017	0.27230	0.00883	0.10928	0.02207	0.04809	0.03132	0.02666	0.02794	0.04566	0.00474	0.00474	0.01947	0.03630	0.00421	0.00227	0.00519
4	0.00488	0.00391	0.00431	0.00460	0.00557	0.00341	0.00331	0.00578	0.00858	0.01056	0.03356	0.26983	0.54413	0.04913	0.00558	0.00156	0.00225	0.03207	0.00366	0.00332
5	0.07410	0.01868	0.10837	0.07599	0.05734	0.06168	0.15951	0.14175	0.01071	0.08948	0.05937	0.02225	0.00887	0.00543	0.03173	0.00143	0.02156	0.01468	0.03167	0.00539
6	0.00893	0.12265	0.61846	0.01120	0.01649	0.01038	0.08146	0.06198	0.00915	0.01308	0.00722	0.00849	0.00528	0.00379	0.00375	0.00122	0.00570	0.00305	0.00187	0.00584
7	0.06896	0.09554	0.50368	0.00983	0.01433	0.07991	0.02177	0.04138	0.00908	0.03383	0.02777	0.04260	0.02563	0.00444	0.00371	0.00122	0.00526	0.00343	0.00214	0.00547
8	0.00507	0.00363	0.00473	0.00553	0.00585	0.00341	0.00377	0.00580	0.00770	0.01018	0.02213	0.69040	0.06394	0.08390	0.00642	0.00182	0.00254	0.06632	0.00361	0.00322
9	0.00874	0.02525	0.04040	0.06279	0.08180	0.03714	0.13947	0.05071	0.08029	0.05283	0.07096	0.09523	0.06708	0.00688	0.00457	0.00142	0.00423	0.16219	0.00315	0.00487
10	0.00837	0.14323	0.69630	0.01063	0.01605	0.01016	0.01339	0.01245	0.00837	0.01213	0.00706	0.00837	0.00522	0.00446	0.02630	0.00135	0.00582	0.00288	0.00171	0.00575
11	0.00491	0.00352	0.00462	0.00549	0.00576	0.00328	0.00366	0.00560	0.00767	0.01018	0.02243	0.80127	0.05364	0.04027	0.00561	0.00169	0.00237	0.01112	0.00368	0.00323
12	0.03745	0.00989	0.01156	0.04199	0.04874	0.05855	0.06073	0.41573	0.01421	0.13082	0.01247	0.01281	0.07686	0.01476	0.01922	0.00136	0.01924	0.00408	0.00357	0.00598
13	0.02508	0.00418	0.00565	0.03322	0.00643	0.02207	0.00401	0.00623	0.02278	0.00806	0.00936	0.08454	0.02387	0.01310	0.03026	0.67328	0.00364	0.01990	0.00206	0.00228
14	0.02599	0.03536	0.03673	0.00673	0.00815	0.09927	0.00529	0.08355	0.05262	0.02017	0.04558	0.31892	0.12780	0.04189	0.00516	0.00152	0.00345	0.07428	0.00340	0.00415
15	0.03101	0.30471	0.05135	0.00815	0.01105	0.20928	0.00716	0.15618	0.03346	0.06706	0.02642	0.00927	0.01495	0.00472	0.01881	0.00115	0.00493	0.00300	0.03197	0.00536
16	0.07857	0.14469	0.22927	0.01016	0.07231	0.11265	0.02348	0.13481	0.03863	0.06154	0.01677	0.00984	0.00676	0.03098	0.00412	0.00125	0.00495	0.01111	0.00252	0.00560
17	0.01787	0.25079	0.11318	0.05344	0.02273	0.01885	0.00747	0.17369	0.04365	0.05929	0.02504	0.05227	0.03973	0.04003	0.00431	0.00127	0.00414	0.02263	0.04433	0.00529

[dist]
# distance from previous block
# <min> <max>
1	58

[block]
# block no. 4 follows, 67 sequences, length 7
# corresponding to MSA columns:
# 329-335
name=unknown_E
#
# <colnr> <probs for GDERKNQSTAVLIFYWHMCP>
#	G	D	E	R	K	N	Q	S	T	A	V	L	I	F	Y	W	H	M	C	P
0	0.13369	0.03267	0.04521	0.04202	0.05529	0.00743	0.05728	0.08013	0.02399	0.08671	0.01113	0.10057	0.04392	0.00493	0.00364	0.00110	0.00364	0.00414	0.00287	0.25964
1	0.00703	0.00613	0.00711	0.00728	0.06043	0.08779	0.05192	0.00774	0.00743	0.00948	0.04884	0.15570	0.03402	0.45614	0.03363	0.00281	0.00424	0.00627	0.00266	0.00332
2	0.00827	0.00710	0.00827	0.08558	0.02560	0.05785	0.02285	0.10594	0.12870	0.01406	0.17217	0.13379	0.08203	0.05717	0.02985	0.00165	0.02961	0.02157	0.00341	0.00454
3	0.00741	0.00648	0.04628	0.05153	0.00903	0.00581	0.02293	0.09206	0.05965	0.01455	0.24861	0.02291	0.18870	0.05676	0.00516	0.00135	0.00297	0.00571	0.05425	0.09784
4	0.00508	0.00398	0.00460	0.00464	0.00567	0.00350	0.00340	0.00634	0.00965	0.01251	0.30430	0.16696	0.43530	0.00988	0.00480	0.00137	0.00203	0.00853	0.00396	0.00350
5	0.11402	0.04297	0.01156	0.04488	0.21315	0.12757	0.00799	0.12963	0.15929	0.05044	0.01048	0.03386	0.02777	0.00466	0.00377	0.00122	0.00439	0.00375	0.00292	0.00569
6	0.31158	0.00786	0.00848	0.03282	0.04403	0.00852	0.00604	0.14793	0.10522	0.16608	0.01147	0.06200	0.00932	0.00533	0.00366	0.00131	0.00351	0.05595	0.00348	0.00542

[dist]
# distance from previous block
# <min> <max>
2	4

[block]
# block no. 5 follows, 67 sequences, length 6
# corresponding to MSA columns:
# 340-345
name=unknown_F
#
# <colnr> <probs for GDERKNQSTAVLIFYWHMCP>
#	G	D	E	R	K	N	Q	S	T	A	V	L	I	F	Y	W	H	M	C	P
0	0.01139	0.00998	0.01131	0.00925	0.01182	0.08641	0.09793	0.27415	0.26455	0.01770	0.04857	0.08348	0.01126	0.00552	0.00416	0.00127	0.00421	0.00470	0.00356	0.03876
1	0.00856	0.00605	0.00708	0.00613	0.00793	0.00593	0.00477	0.14048	0.08664	0.07845	0.35038	0.07413	0.12902	0.00730	0.00440	0.00125	0.00265	0.00623	0.00408	0.06853
2	0.06180	0.23947	0.23656	0.00918	0.03163	0.05572	0.03341	0.05510	0.07856	0.06564	0.00885	0.04938	0.00727	0.00509	0.02363	0.00130	0.02607	0.00343	0.00242	0.00547
3	0.00959	0.00963	0.01601	0.21038	0.50509	0.05178	0.11500	0.01210	0.00904	0.01225	0.00745	0.01008	0.00603	0.00368	0.00406	0.00124	0.00528	0.00367	0.00195	0.00571
4	0.00788	0.09152	0.01292	0.76619	0.02591	0.00960	0.01072	0.01042	0.00803	0.01017	0.00697	0.01027	0.00533	0.00395	0.00387	0.00129	0.00524	0.00342	0.00178	0.00452
5	0.10844	0.00982	0.09452	0.26736	0.18832	0.00960	0.05518	0.10219	0.05046	0.04020	0.00806	0.00998	0.00611	0.00411	0.00412	0.00129	0.02892	0.00348	0.00237	0.00547

[dist]
# distance from previous block
# <min> <max>
4	8

[block]
# block no. 6 follows, 67 sequences, length 39
# corresponding to MSA columns:
# 355-393
name=unknown_G
#
# <colnr> <probs for GDERKNQSTAVLIFYWHMCP>
#	G	D	E	R	K	N	Q	S	T	A	V	L	I	F	Y	W	H	M	C	P
0	0.03028	0.01221	0.13998	0.12778	0.14798	0.09678	0.11817	0.16978	0.02170	0.03740	0.00799	0.00961	0.00604	0.00410	0.00426	0.00124	0.03172	0.00350	0.00244	0.02704
1	0.86596	0.00767	0.00588	0.00527	0.00771	0.00887	0.00433	0.01169	0.00694	0.01795	0.02566	0.00708	0.00516	0.00383	0.00254	0.00124	0.00307	0.00230	0.00253	0.00433
2	0.86416	0.00785	0.00606	0.00538	0.00788	0.00909	0.00443	0.03333	0.00715	0.01819	0.00569	0.00660	0.00441	0.00375	0.00252	0.00124	0.00314	0.00221	0.00252	0.00441
3	0.00500	0.00407	0.00444	0.00448	0.00564	0.00354	0.00331	0.00629	0.02146	0.01178	0.17780	0.13629	0.58178	0.01003	0.00477	0.00137	0.00206	0.00855	0.00385	0.00348
4	0.00525	0.00401	0.00481	0.00500	0.00591	0.00364	0.00371	0.00646	0.00922	0.01199	0.23422	0.19718	0.33797	0.04959	0.02312	0.00166	0.00248	0.08653	0.00380	0.00345
5	0.01482	0.00994	0.01094	0.00847	0.01143	0.01071	0.00693	0.63081	0.01673	0.14340	0.01140	0.01176	0.02497	0.04818	0.00484	0.00134	0.00415	0.00389	0.01882	0.00648
6	0.00566	0.00414	0.00504	0.00481	0.00591	0.00370	0.00361	0.00725	0.01059	0.03359	0.55301	0.05513	0.27513	0.00883	0.00473	0.00130	0.00198	0.00766	0.00420	0.00372
7	0.01147	0.00955	0.00997	0.02092	0.01126	0.03362	0.00675	0.24095	0.54001	0.01870	0.01373	0.01298	0.01022	0.00512	0.00401	0.00128	0.00365	0.00413	0.00391	0.03776
8	0.01426	0.01088	0.01121	0.00870	0.01183	0.07051	0.00709	0.57354	0.04971	0.07183	0.00971	0.00975	0.00700	0.00456	0.00385	0.00112	0.00431	0.00344	0.00372	0.12301
9	0.00786	0.00731	0.01183	0.71573	0.02507	0.00895	0.02904	0.01148	0.09880	0.01107	0.00853	0.01205	0.00658	0.00433	0.00407	0.00135	0.00510	0.02410	0.00209	0.00467
10	0.00516	0.00419	0.00460	0.00456	0.00576	0.00371	0.00339	0.00673	0.03879	0.01226	0.22825	0.09695	0.55205	0.00970	0.00474	0.00135	0.00206	0.00825	0.00390	0.00358
11	0.00509	0.00358	0.00459	0.00532	0.00550	0.00340	0.00344	0.00564	0.00727	0.00970	0.02002	0.67374	0.02390	0.19885	0.00848	0.00213	0.00267	0.01018	0.00344	0.00308
12	0.00588	0.00442	0.00499	0.00470	0.00603	0.00393	0.00357	0.03599	0.01036	0.04003	0.32361	0.03364	0.49015	0.00909	0.00469	0.00131	0.00211	0.00771	0.00402	0.00376
13	0.00652	0.00499	0.00595	0.00555	0.00668	0.02577	0.00418	0.00937	0.09840	0.02648	0.69825	0.04292	0.03371	0.00784	0.00463	0.00127	0.00219	0.00688	0.00431	0.00411
14	0.01072	0.86147	0.02102	0.00686	0.01029	0.01587	0.00686	0.01201	0.00815	0.00944	0.00558	0.00643	0.00515	0.00343	0.00257	0.00086	0.00429	0.00214	0.00172	0.00515
15	0.00516	0.00380	0.00486	0.00560	0.00614	0.00354	0.00405	0.00610	0.00816	0.01058	0.02495	0.54539	0.16801	0.03654	0.00557	0.00168	0.00256	0.15030	0.00368	0.00333
16	0.00491	0.00351	0.00468	0.00557	0.00582	0.00328	0.00372	0.00565	0.00780	0.01044	0.04964	0.82833	0.02691	0.01242	0.00511	0.00162	0.00231	0.01126	0.00375	0.00328
17	0.04067	0.01129	0.01160	0.00904	0.01213	0.06027	0.00741	0.68833	0.03585	0.06849	0.00980	0.00974	0.00694	0.00477	0.00395	0.00120	0.00446	0.00355	0.00391	0.00661
18	0.57705	0.06506	0.09268	0.00666	0.00931	0.05451	0.02413	0.01161	0.00733	0.01534	0.00662	0.02946	0.00569	0.04954	0.00409	0.00138	0.02995	0.00280	0.00232	0.00447
19	0.00534	0.00428	0.00481	0.00478	0.00598	0.00385	0.00362	0.00709	0.04686	0.01260	0.25966	0.08044	0.48634	0.00957	0.00477	0.00137	0.00215	0.04893	0.00393	0.00364
20	0.00531	0.00399	0.00470	0.00478	0.00578	0.00353	0.00349	0.00654	0.00955	0.02704	0.28815	0.22188	0.38083	0.00999	0.00481	0.00139	0.00208	0.00867	0.00397	0.00354
21	0.01105	0.26622	0.04731	0.02394	0.05088	0.08327	0.02964	0.11874	0.00939	0.03802	0.00664	0.00834	0.00564	0.00491	0.00650	0.00127	0.27776	0.00307	0.00218	0.00522
22	0.00873	0.00664	0.00786	0.00599	0.00902	0.00527	0.00472	0.01073	0.03757	0.07764	0.02733	0.08943	0.00923	0.00428	0.00333	0.00079	0.00289	0.00358	0.03131	0.65364
23	0.01399	0.08675	0.03956	0.01085	0.05732	0.52637	0.03866	0.11635	0.01169	0.04167	0.00709	0.00804	0.00564	0.00416	0.00378	0.00108	0.01657	0.00289	0.00236	0.00520
24	0.00917	0.17933	0.03949	0.10985	0.20828	0.07328	0.00816	0.01977	0.01979	0.04088	0.04204	0.17337	0.02733	0.00595	0.00397	0.00124	0.00424	0.02634	0.00256	0.00495
25	0.00497	0.00407	0.00438	0.00430	0.00556	0.00348	0.00323	0.00620	0.00968	0.01212	0.23508	0.03647	0.63715	0.00968	0.00474	0.00133	0.00200	0.00817	0.00389	0.00348
26	0.00998	0.00862	0.00907	0.00816	0.01043	0.00998	0.00635	0.02131	0.82679	0.01678	0.01632	0.01496	0.01224	0.00544	0.00408	0.00136	0.00317	0.00453	0.00408	0.00635
27	0.88738	0.00776	0.00589	0.00527	0.00776	0.00900	0.00434	0.01179	0.00683	0.01799	0.00558	0.00651	0.00434	0.00372	0.00248	0.00124	0.00310	0.00217	0.00248	0.00434
28	0.00506	0.00378	0.00472	0.00540	0.00600	0.00347	0.00387	0.00596	0.00820	0.01056	0.02644	0.53894	0.22651	0.02675	0.00535	0.00163	0.00245	0.10791	0.00370	0.00333
29	0.00579	0.00405	0.00501	0.00495	0.00569	0.00380	0.00350	0.00696	0.00913	0.03090	0.37611	0.12256	0.13763	0.21411	0.03120	0.00210	0.00276	0.02664	0.00370	0.00341
30	0.00518	0.00403	0.00464	0.00458	0.00562	0.00356	0.00336	0.00648	0.00976	0.01275	0.35658	0.09136	0.41333	0.05417	0.00559	0.00147	0.00209	0.00804	0.00393	0.00349
31	0.00516	0.00370	0.00481	0.00556	0.00593	0.00349	0.00386	0.00597	0.00788	0.01043	0.04848	0.61822	0.07234	0.09003	0.00654	0.00183	0.00259	0.09630	0.00362	0.00325
32	0.03999	0.01091	0.01211	0.01113	0.05876	0.18284	0.00862	0.01119	0.00741	0.01017	0.00560	0.00845	0.00528	0.00611	0.01030	0.00156	0.59989	0.00328	0.00186	0.00455
33	0.02791	0.00645	0.00854	0.00673	0.00942	0.00571	0.00548	0.04142	0.01154	0.61959	0.17549	0.01650	0.01514	0.00553	0.00412	0.00123	0.00313	0.00459	0.00473	0.02675
34	0.00847	0.15593	0.70686	0.01070	0.01622	0.01037	0.01354	0.01259	0.00842	0.01218	0.00694	0.00814	0.00509	0.00375	0.00361	0.00120	0.00566	0.00283	0.00170	0.00580
35	0.00982	0.02376	0.01228	0.35441	0.14406	0.10915	0.03102	0.09580	0.10061	0.01296	0.00928	0.06245	0.00771	0.00470	0.00403	0.00128	0.00498	0.00405	0.00246	0.00519
36	0.00518	0.00387	0.00473	0.00501	0.00581	0.00350	0.00362	0.00638	0.00922	0.01226	0.26130	0.33994	0.25781	0.01039	0.00486	0.00144	0.00215	0.03500	0.02406	0.00347
37	0.01050	0.02528	0.01276	0.14973	0.28877	0.09663	0.00942	0.13196	0.10394	0.01410	0.01040	0.01184	0.05481	0.00469	0.00455	0.00126	0.05733	0.00384	0.00258	0.00562
38	0.01049	0.12429	0.41033	0.02531	0.01482	0.15034	0.03607	0.06289	0.02031	0.04521	0.00734	0.00850	0.00554	0.00414	0.00426	0.00121	0.05831	0.00300	0.00208	0.00557

[dist]
# distance from previous block
# <min> <max>
0	2

[block]
# block no. 7 follows, 67 sequences, length 30
# corresponding to MSA columns:
# 396-425
name=unknown_H
#
# <colnr> <probs for GDERKNQSTAVLIFYWHMCP>
#	G	D	E	R	K	N	Q	S	T	A	V	L	I	F	Y	W	H	M	C	P
0	0.00769	0.02516	0.00758	0.00689	0.00798	0.02611	0.00522	0.01170	0.25236	0.02228	0.01446	0.07502	0.04434	0.18242	0.18896	0.00301	0.07777	0.03375	0.00300	0.00432
1	0.03994	0.01164	0.01158	0.00907	0.01210	0.08604	0.00741	0.70475	0.01757	0.02342	0.00930	0.00947	0.00669	0.00472	0.00390	0.00118	0.00456	0.00348	0.02668	0.00648
2	0.01365	0.01608	0.01102	0.02154	0.01220	0.61979	0.02944	0.04150	0.09030	0.03191	0.00937	0.01088	0.03617	0.00475	0.00383	0.00113	0.00630	0.03275	0.00251	0.00488
3	0.00811	0.16774	0.53594	0.00939	0.01400	0.02258	0.01130	0.01154	0.00870	0.01205	0.05789	0.01278	0.10220	0.00473	0.00375	0.00120	0.00498	0.00369	0.00209	0.00535
4	0.01415	0.00925	0.01065	0.05901	0.01211	0.00990	0.00701	0.51873	0.01576	0.17774	0.08410	0.02430	0.01043	0.00520	0.00407	0.00122	0.00397	0.00412	0.02197	0.00630
5	0.00579	0.00387	0.00439	0.00443	0.00444	0.00386	0.00249	0.00582	0.00591	0.00788	0.01305	0.06252	0.01510	0.82207	0.01974	0.00379	0.00382	0.00608	0.00249	0.00247
6	0.00510	0.00410	0.00432	0.00427	0.00558	0.00347	0.00320	0.00622	0.00939	0.02739	0.12579	0.06054	0.70691	0.00991	0.00474	0.00135	0.00205	0.00833	0.00382	0.00349
7	0.00652	0.00453	0.00543	0.00531	0.00648	0.00422	0.00393	0.00863	0.07746	0.07613	0.27880	0.22915	0.25954	0.00934	0.00472	0.00138	0.00226	0.00813	0.00406	0.00399
8	0.01073	0.10777	0.32999	0.08098	0.01516	0.21876	0.01063	0.08861	0.02047	0.01244	0.00707	0.00845	0.00547	0.00456	0.01734	0.00127	0.04991	0.00296	0.00205	0.00537
9	0.00724	0.00561	0.00669	0.00695	0.00776	0.00538	0.00507	0.00775	0.00936	0.01236	0.05028	0.37085	0.26557	0.03348	0.00686	0.00193	0.07867	0.10974	0.00408	0.00437
10	0.00575	0.00422	0.00604	0.00604	0.00661	0.00479	0.00450	0.00690	0.00632	0.00901	0.01112	0.01782	0.01092	0.19333	0.68114	0.00594	0.00939	0.00460	0.00220	0.00335
11	0.00800	0.00750	0.01242	0.72502	0.09841	0.00917	0.01107	0.02829	0.00828	0.01081	0.00715	0.01053	0.00547	0.00410	0.00436	0.00134	0.03799	0.00356	0.00185	0.00467
12	0.01155	0.22391	0.12097	0.05106	0.09829	0.05225	0.11442	0.22144	0.02060	0.03714	0.00786	0.00897	0.00603	0.00397	0.00370	0.00114	0.00506	0.00328	0.00251	0.00584
13	0.06776	0.02669	0.02391	0.05095	0.34064	0.11362	0.05504	0.05241	0.09052	0.02363	0.06142	0.01229	0.00915	0.00454	0.00417	0.00124	0.02410	0.02978	0.00256	0.00558
14	0.01455	0.01842	0.01114	0.01015	0.01215	0.80390	0.00762	0.01560	0.01114	0.00979	0.00641	0.00763	0.00539	0.00534	0.04275	0.00129	0.00740	0.00266	0.00207	0.00460
15	0.04178	0.06622	0.04127	0.07998	0.39434	0.18786	0.04792	0.03120	0.02834	0.03309	0.00750	0.00926	0.00606	0.00383	0.00379	0.00116	0.00530	0.00329	0.00215	0.00566
16	0.00713	0.00369	0.00539	0.00534	0.00544	0.00372	0.00360	0.02739	0.00567	0.00756	0.00747	0.03628	0.00752	0.01365	0.01506	0.83413	0.00348	0.00371	0.00186	0.00192
17	0.88738	0.00776	0.00589	0.00527	0.00776	0.00900	0.00434	0.01179	0.00683	0.01799	0.00558	0.00651	0.00434	0.00372	0.00248	0.00124	0.00310	0.00217	0.00248	0.00434
18	0.00583	0.00389	0.00437	0.00437	0.00437	0.00389	0.00243	0.00583	0.00583	0.00778	0.01264	0.02624	0.01458	0.85906	0.02041	0.00389	0.00389	0.00583	0.00243	0.00243
19	0.00504	0.00404	0.00450	0.00445	0.00562	0.00350	0.00331	0.00631	0.00975	0.01243	0.28569	0.07989	0.54199	0.00968	0.00476	0.00134	0.00200	0.00825	0.00394	0.00350
20	0.00990	0.00959	0.01662	0.02426	0.79614	0.00956	0.04993	0.01233	0.00915	0.01309	0.00757	0.00997	0.00634	0.00356	0.00401	0.00120	0.00486	0.00363	0.00199	0.00631
21	0.08445	0.00662	0.00855	0.00669	0.00955	0.00594	0.00550	0.01804	0.01084	0.70018	0.01478	0.01321	0.00953	0.00484	0.00380	0.00121	0.00325	0.00386	0.08278	0.00636
22	0.00538	0.00389	0.00459	0.00470	0.00525	0.00363	0.00312	0.00616	0.00814	0.01078	0.20449	0.19684	0.19490	0.31825	0.01050	0.00231	0.00273	0.00783	0.00341	0.00310
23	0.01427	0.01061	0.01133	0.00888	0.01188	0.01178	0.00727	0.68660	0.12226	0.02378	0.01062	0.01052	0.00765	0.00489	0.00397	0.00121	0.00416	0.00373	0.03794	0.00664
24	0.01003	0.60526	0.25526	0.00823	0.01236	0.02878	0.00916	0.01228	0.00830	0.01038	0.00605	0.00703	0.00513	0.00355	0.00295	0.00098	0.00481	0.00239	0.00172	0.00536
25	0.01188	0.07956	0.15856	0.01032	0.03669	0.11409	0.08383	0.27979	0.03414	0.04142	0.04948	0.01129	0.00832	0.00468	0.00414	0.00121	0.02373	0.02540	0.01570	0.00577
26	0.00937	0.00680	0.00812	0.00601	0.00923	0.00534	0.00481	0.02359	0.00917	0.12264	0.07667	0.01180	0.03629	0.00393	0.00333	0.00077	0.00293	0.00321	0.00296	0.65301
27	0.00873	0.01952	0.69155	0.04377	0.01722	0.08355	0.03313	0.01313	0.03008	0.01246	0.00737	0.00867	0.00531	0.00388	0.00383	0.00126	0.00597	0.00304	0.00180	0.00575
28	0.01360	0.02178	0.02450	0.05771	0.04790	0.11670	0.02332	0.41133	0.02454	0.11530	0.02184	0.02390	0.00783	0.01587	0.03660	0.00142	0.00492	0.00373	0.00343	0.02377
29	0.00580	0.00388	0.00451	0.00468	0.00482	0.00384	0.00286	0.00608	0.00642	0.00865	0.01485	0.12710	0.03167	0.65749	0.01671	0.00333	0.00358	0.05599	0.03506	0.00267

[dist]
# distance from previous block
# <min> <max>
1	11

[block]
# block no. 8 follows, 67 sequences, length 34
# corresponding to MSA columns:
# 438-471
name=unknown_I
#
# <colnr> <probs for GDERKNQSTAVLIFYWHMCP>
#	G	D	E	R	K	N	Q	S	T	A	V	L	I	F	Y	W	H	M	C	P
0	0.45782	0.06330	0.21013	0.00760	0.02234	0.04112	0.01862	0.02530	0.00784	0.01507	0.00779	0.09250	0.00693	0.00464	0.00320	0.00126	0.00404	0.00339	0.00236	0.00477
1	0.00602	0.00557	0.08814	0.00517	0.00579	0.00443	0.00377	0.00654	0.00618	0.00839	0.01242	0.05624	0.01400	0.72518	0.03346	0.00359	0.00416	0.00573	0.00240	0.00283
2	0.01238	0.01046	0.01415	0.02827	0.01431	0.04278	0.21779	0.35472	0.17429	0.04989	0.01093	0.03293	0.00823	0.00473	0.00423	0.00128	0.00481	0.00426	0.00342	0.00614
3	0.00832	0.00713	0.00832	0.00594	0.00950	0.00535	0.00475	0.01010	0.00832	0.01307	0.00713	0.00832	0.00594	0.00297	0.00297	0.00059	0.00297	0.00238	0.00238	0.88357
4	0.00489	0.00349	0.00465	0.00558	0.00582	0.00326	0.00372	0.00558	0.00768	0.01024	0.02210	0.85644	0.02653	0.01256	0.00512	0.00163	0.00233	0.01140	0.00372	0.00326
5	0.01064	0.00691	0.01044	0.03217	0.06593	0.00695	0.09996	0.05110	0.05398	0.23619	0.09604	0.07697	0.02785	0.02023	0.07567	0.00184	0.05129	0.06711	0.00354	0.00521
6	0.00999	0.00927	0.01066	0.18023	0.10900	0.08029	0.00806	0.05927	0.42348	0.01466	0.01317	0.01349	0.04087	0.00497	0.00404	0.00130	0.00416	0.00416	0.00319	0.00573
7	0.01024	0.00855	0.01401	0.08714	0.57571	0.00864	0.01073	0.02293	0.02489	0.09578	0.03063	0.01367	0.00883	0.00449	0.00412	0.00126	0.00449	0.06536	0.00253	0.00598
8	0.00637	0.00459	0.00591	0.00646	0.00719	0.00456	0.00489	0.08818	0.00924	0.01225	0.02061	0.54203	0.02357	0.01137	0.00513	0.00165	0.00292	0.23561	0.00374	0.00374
9	0.00949	0.00908	0.01549	0.17828	0.68380	0.00941	0.01209	0.01192	0.00892	0.01257	0.00747	0.01007	0.00617	0.00365	0.00398	0.00122	0.00487	0.00357	0.00195	0.00600
10	0.00905	0.29919	0.08968	0.00742	0.00997	0.06333	0.02201	0.01168	0.09083	0.03264	0.07702	0.02432	0.10932	0.02199	0.06634	0.00159	0.03688	0.01931	0.00262	0.00480
11	0.00521	0.00368	0.00482	0.00561	0.00588	0.00351	0.00384	0.00593	0.00757	0.01006	0.02056	0.63700	0.02431	0.14160	0.00750	0.00200	0.00272	0.10149	0.00352	0.00318
12	0.02049	0.00789	0.01173	0.41026	0.17731	0.05466	0.03034	0.01025	0.00801	0.01057	0.00832	0.04120	0.00753	0.12289	0.00688	0.00168	0.05935	0.00410	0.00201	0.00453
13	0.00500	0.00366	0.00463	0.00525	0.00570	0.00337	0.00357	0.00583	0.00817	0.01080	0.10984	0.61091	0.13751	0.05862	0.00587	0.00168	0.00233	0.01025	0.00372	0.00328
14	0.01093	0.11819	0.06898	0.08583	0.31169	0.02125	0.03888	0.18479	0.02966	0.02758	0.00794	0.00947	0.00625	0.00400	0.00402	0.00117	0.02660	0.00337	0.00245	0.03693
15	0.01161	0.01307	0.01295	0.22114	0.20596	0.36583	0.03034	0.03472	0.03114	0.01134	0.00712	0.00909	0.00574	0.00405	0.00401	0.00118	0.02033	0.00320	0.00207	0.00511
16	0.00850	0.00553	0.00675	0.00600	0.00760	0.00550	0.00466	0.05350	0.12360	0.12804	0.36194	0.02297	0.09746	0.00934	0.08858	0.00177	0.00333	0.00583	0.03787	0.02123
17	0.00607	0.00436	0.00531	0.00561	0.00613	0.00436	0.00384	0.05952	0.03111	0.01080	0.01887	0.43725	0.05767	0.24915	0.03950	0.00240	0.00328	0.04805	0.00333	0.00338
18	0.00487	0.00357	0.00457	0.00538	0.00576	0.00327	0.00363	0.00561	0.00788	0.01032	0.02462	0.74554	0.13580	0.01224	0.00507	0.00159	0.00229	0.01100	0.00372	0.00327
19	0.00684	0.00356	0.00535	0.00535	0.00542	0.00364	0.00364	0.00542	0.00535	0.00720	0.00735	0.01255	0.00727	0.01555	0.09875	0.79528	0.00421	0.00356	0.00178	0.00193
20	0.00832	0.00713	0.00832	0.00594	0.00950	0.00535	0.00475	0.01010	0.00832	0.01307	0.00713	0.00832	0.00594	0.00297	0.00297	0.00059	0.00297	0.00238	0.00238	0.88357
21	0.00757	0.00713	0.01203	0.84942	0.02762	0.00891	0.01114	0.01025	0.00802	0.01025	0.00713	0.01069	0.00535	0.00401	0.00401	0.00134	0.00535	0.00356	0.00178	0.00446
22	0.00583	0.00390	0.00443	0.00443	0.00445	0.00392	0.00250	0.00587	0.00585	0.00782	0.01259	0.02598	0.01446	0.83795	0.04136	0.00395	0.00406	0.00579	0.00242	0.00246
23	0.00857	0.00853	0.01267	0.17393	0.01425	0.01155	0.04020	0.00989	0.00663	0.00989	0.00574	0.00923	0.00531	0.00630	0.01106	0.00166	0.65483	0.00357	0.00177	0.00444
24	0.00676	0.00597	0.08912	0.00582	0.00745	0.00446	0.00504	0.00871	0.01048	0.07921	0.50539	0.06480	0.13594	0.01797	0.00481	0.00134	0.00254	0.03603	0.00401	0.00414
25	0.03207	0.22425	0.33949	0.03112	0.01359	0.01069	0.03761	0.01386	0.17247	0.02343	0.00995	0.04239	0.02354	0.00450	0.00363	0.00120	0.00466	0.00357	0.00237	0.00558
26	0.00532	0.00409	0.00486	0.00467	0.00577	0.00363	0.00350	0.00687	0.01050	0.01406	0.52679	0.03329	0.34424	0.00895	0.00473	0.00130	0.00195	0.00772	0.00415	0.00363
27	0.01311	0.03136	0.01116	0.02617	0.01188	0.01068	0.02299	0.48770	0.15646	0.07216	0.01230	0.02445	0.00973	0.00557	0.00417	0.00130	0.00410	0.08453	0.00390	0.00626
28	0.01245	0.03412	0.10253	0.01179	0.08475	0.13717	0.14343	0.27448	0.01266	0.07846	0.00956	0.06285	0.00765	0.00472	0.00408	0.00123	0.00522	0.00405	0.00296	0.00585
29	0.01305	0.09494	0.01117	0.00786	0.01059	0.01084	0.00653	0.54774	0.02864	0.03135	0.02311	0.02457	0.00820	0.00484	0.00369	0.00113	0.00385	0.00369	0.15822	0.00600
30	0.00499	0.00357	0.00459	0.00536	0.00562	0.00334	0.00353	0.00562	0.00753	0.00997	0.02194	0.71443	0.06720	0.11366	0.00693	0.00188	0.00250	0.01058	0.00357	0.00317
31	0.01233	0.01510	0.04368	0.02614	0.09446	0.50811	0.07229	0.03053	0.01057	0.01106	0.02417	0.04316	0.03395	0.00491	0.00417	0.00117	0.02604	0.03106	0.00228	0.00482
32	0.00890	0.03414	0.00918	0.05228	0.06419	0.07797	0.03704	0.07557	0.04398	0.06734	0.05464	0.12099	0.09542	0.04024	0.13727	0.00217	0.00496	0.02231	0.00303	0.04837
33	0.00910	0.04075	0.02513	0.11828	0.19287	0.06919	0.03393	0.02652	0.04418	0.06081	0.08431	0.05975	0.07446	0.02024	0.01770	0.00142	0.03509	0.05866	0.00281	0.02481

[dist]
# distance from previous block
# <min> <max>
1	31

[block]
# block no. 9 follows, 67 sequences, length 38
# corresponding to MSA columns:
# 503-540
name=unknown_J
#
# <colnr> <probs for GDERKNQSTAVLIFYWHMCP>
#	G	D	E	R	K	N	Q	S	T	A	V	L	I	F	Y	W	H	M	C	P
0	0.11388	0.02651	0.01165	0.08477	0.17331	0.27331	0.01669	0.13608	0.05580	0.01424	0.00889	0.02954	0.02947	0.00449	0.00373	0.00118	0.00514	0.00346	0.00256	0.00530
1	0.01063	0.03448	0.01149	0.01255	0.24293	0.02930	0.00788	0.22119	0.13570	0.03349	0.01185	0.10047	0.02242	0.05061	0.03574	0.00160	0.02415	0.00471	0.00312	0.00569
2	0.00577	0.00407	0.00531	0.00512	0.00603	0.00375	0.00380	0.00750	0.01087	0.02959	0.70250	0.12777	0.05535	0.00871	0.00476	0.00131	0.00197	0.00772	0.00433	0.00377
3	0.00764	0.00662	0.00675	0.00625	0.00798	0.03223	0.00479	0.03041	0.35711	0.01410	0.10520	0.02594	0.33582	0.02569	0.00475	0.00139	0.00277	0.01589	0.00387	0.00478
4	0.00804	0.02074	0.83828	0.01143	0.01736	0.00931	0.01482	0.01270	0.00847	0.01270	0.00720	0.00847	0.00508	0.00381	0.00381	0.00127	0.00593	0.00296	0.00169	0.00593
5	0.00520	0.00407	0.00471	0.00458	0.00571	0.00358	0.00342	0.00664	0.01018	0.01338	0.42649	0.05540	0.42376	0.00926	0.00474	0.00132	0.00197	0.00795	0.00406	0.00358
6	0.01155	0.01237	0.05986	0.12145	0.36467	0.20468	0.01049	0.14147	0.01102	0.01389	0.00749	0.00926	0.00595	0.00397	0.00389	0.00118	0.00542	0.00331	0.00228	0.00577
7	0.00581	0.00448	0.00536	0.00510	0.00625	0.00423	0.00383	0.00831	0.08407	0.01470	0.54245	0.05608	0.22721	0.00856	0.00469	0.00130	0.00205	0.00743	0.00420	0.00390
8	0.07660	0.01859	0.07893	0.05225	0.23855	0.02395	0.03790	0.26289	0.02142	0.03916	0.00855	0.01820	0.00666	0.00418	0.00381	0.00117	0.00450	0.01185	0.00279	0.08805
9	0.00599	0.00459	0.00632	0.00647	0.00751	0.00418	0.03265	0.00723	0.00820	0.01116	0.01892	0.47048	0.02155	0.02968	0.00524	0.00157	0.00297	0.21571	0.00342	0.13617
10	0.01080	0.00902	0.00953	0.00833	0.01074	0.01036	0.00655	0.14588	0.70088	0.01810	0.01528	0.01413	0.01140	0.00534	0.00407	0.00134	0.00337	0.00439	0.00407	0.00642
11	0.03247	0.18164	0.16793	0.02931	0.03351	0.15341	0.08414	0.01213	0.00868	0.03204	0.00748	0.00935	0.00618	0.00780	0.13262	0.00190	0.02005	0.00310	0.00203	0.07423
12	0.01210	0.00957	0.01100	0.05152	0.13030	0.07819	0.00765	0.37372	0.01334	0.06798	0.01095	0.11545	0.00947	0.00781	0.08062	0.00173	0.00500	0.00457	0.00330	0.00572
13	0.00646	0.00462	0.00646	0.00739	0.00831	0.00462	0.00646	0.00831	0.00923	0.01200	0.02123	0.04524	0.02308	0.01108	0.00554	0.00185	0.00369	0.80704	0.00369	0.00369
14	0.01113	0.01062	0.06015	0.04570	0.24966	0.11035	0.03141	0.18596	0.06448	0.05253	0.01080	0.12899	0.00957	0.00538	0.00412	0.00126	0.00463	0.00464	0.00292	0.00571
15	0.00955	0.01012	0.04270	0.05208	0.33016	0.00991	0.32143	0.01339	0.10603	0.01316	0.00867	0.01080	0.00682	0.00390	0.00468	0.00131	0.04313	0.00411	0.00222	0.00581
16	0.00476	0.00399	0.00414	0.00426	0.00547	0.00337	0.00313	0.00573	0.00895	0.01076	0.03825	0.14376	0.72879	0.01047	0.00479	0.00139	0.00207	0.00884	0.00372	0.00337
17	0.00943	0.01071	0.02306	0.01656	0.02040	0.01026	0.77612	0.01268	0.00929	0.01268	0.00796	0.01071	0.00604	0.00358	0.00518	0.00137	0.05195	0.00467	0.00201	0.00535
18	0.03022	0.00771	0.00818	0.00714	0.00865	0.05256	0.00544	0.17823	0.14958	0.04524	0.03397	0.03890	0.07859	0.21537	0.04196	0.00216	0.08325	0.00494	0.00323	0.00469
19	0.38206	0.00785	0.00810	0.00666	0.00937	0.00830	0.00545	0.13361	0.05604	0.29855	0.01086	0.03977	0.00784	0.00471	0.00342	0.00126	0.00338	0.00348	0.00369	0.00563
20	0.00486	0.00377	0.00443	0.00489	0.00565	0.00334	0.00343	0.00577	0.00852	0.01081	0.07363	0.45237	0.38167	0.01127	0.00493	0.00149	0.00217	0.00989	0.00376	0.00334
21	0.00651	0.00476	0.00598	0.00631	0.00713	0.00482	0.00476	0.08306	0.03785	0.01223	0.03887	0.40181	0.06149	0.06869	0.05105	0.00202	0.00340	0.19191	0.00360	0.00378
22	0.07565	0.09150	0.23063	0.00863	0.01247	0.00960	0.00865	0.20095	0.03928	0.26817	0.01044	0.01021	0.00716	0.00441	0.00372	0.00121	0.00436	0.00336	0.00337	0.00624
23	0.00773	0.00423	0.00449	0.00442	0.00547	0.00429	0.00344	0.05261	0.00915	0.01527	0.04245	0.01802	0.01226	0.00540	0.00319	0.00105	0.00218	0.07890	0.72154	0.00390
24	0.00491	0.00387	0.00444	0.00480	0.00570	0.00341	0.00346	0.00588	0.00872	0.01093	0.07361	0.34041	0.46361	0.01098	0.00491	0.00147	0.00220	0.03957	0.00376	0.00337
25	0.01001	0.05255	0.27635	0.01613	0.28456	0.08760	0.14375	0.01329	0.02884	0.03785	0.00778	0.00944	0.00599	0.00375	0.00395	0.00122	0.00559	0.00345	0.00204	0.00587
26	0.04358	0.00873	0.05823	0.01465	0.35948	0.00781	0.00896	0.02818	0.03278	0.33063	0.01229	0.03393	0.03319	0.00463	0.00399	0.00124	0.00406	0.00404	0.00332	0.00628
27	0.00743	0.00403	0.00397	0.00402	0.00492	0.02094	0.00298	0.00919	0.00841	0.01448	0.01365	0.08089	0.01145	0.00528	0.00300	0.00099	0.00202	0.00432	0.79433	0.00372
