[name]
unknown

[dist]
# distance from previous block
# <min> <max>
0	14

[block]
# block no. 0 follows, 65 sequences, length 22
# corresponding to MSA columns:
# 26-47
name=unknown_A
#
# <colnr> <probs for GDERKNQSTAVLIFYWHMCP>
#	G	D	E	R	K	N	Q	S	T	A	V	L	I	F	Y	W	H	M	C	P
0	0.22691	0.03143	0.14005	0.00906	0.07101	0.04000	0.02649	0.06998	0.05787	0.05740	0.03785	0.06532	0.05744	0.00568	0.00388	0.00132	0.00405	0.06365	0.00297	0.02764
1	0.19660	0.08950	0.09624	0.07410	0.12966	0.03624	0.04543	0.05422	0.06484	0.06208	0.00972	0.05062	0.02178	0.00461	0.00364	0.00124	0.00431	0.00373	0.03132	0.02014
2	0.09805	0.21544	0.01316	0.00834	0.01129	0.20136	0.00695	0.22092	0.07450	0.03357	0.00812	0.00860	0.00636	0.00423	0.00343	0.00108	0.00478	0.00294	0.00283	0.07406
3	0.00858	0.00692	0.02706	0.00628	0.00914	0.00552	0.00504	0.03046	0.01984	0.06202	0.05819	0.06405	0.01043	0.04991	0.06968	0.00144	0.00374	0.00381	0.00283	0.55504
4	0.00824	0.00661	0.02666	0.00702	0.00822	0.04325	0.00550	0.12345	0.00876	0.03592	0.01106	0.01679	0.01036	0.17883	0.43806	0.00453	0.03380	0.01468	0.01409	0.00415
5	0.01085	0.26857	0.15876	0.00999	0.03433	0.11652	0.09821	0.06310	0.05912	0.02812	0.02703	0.02455	0.00727	0.00416	0.00361	0.00110	0.00508	0.00332	0.00235	0.07397
6	0.01493	0.01092	0.01177	0.00918	0.01230	0.01206	0.00753	0.70453	0.08524	0.04740	0.01097	0.03513	0.00812	0.00522	0.00415	0.00126	0.00432	0.00402	0.00413	0.00683
7	0.00977	0.00806	0.00854	0.00722	0.00967	0.05620	0.00577	0.18721	0.08631	0.02540	0.03082	0.08350	0.10411	0.00649	0.00416	0.00119	0.00356	0.10249	0.00344	0.25607
8	0.01019	0.00872	0.00919	0.00825	0.01052	0.01006	0.00639	0.03851	0.77857	0.01706	0.01644	0.01557	0.01249	0.03339	0.00472	0.00147	0.00330	0.00466	0.00412	0.00638
9	0.00597	0.00398	0.00448	0.00448	0.00448	0.00398	0.00249	0.00597	0.00597	0.00796	0.01293	0.02686	0.01492	0.85574	0.02089	0.00398	0.00398	0.00597	0.00249	0.00249
10	0.67003	0.08800	0.04467	0.00626	0.00897	0.06829	0.00544	0.02557	0.00768	0.01665	0.00593	0.00698	0.00472	0.00407	0.00302	0.02065	0.00374	0.00234	0.00241	0.00460
11	0.01225	0.03237	0.01456	0.02928	0.35264	0.33630	0.05961	0.02967	0.07075	0.01245	0.00787	0.00944	0.00642	0.00404	0.00395	0.00117	0.00587	0.00337	0.00226	0.00571
12	0.01468	0.01017	0.01125	0.00874	0.01189	0.01089	0.00716	0.55874	0.09167	0.12746	0.01114	0.01095	0.00792	0.00551	0.02499	0.00134	0.00432	0.00376	0.00406	0.07336
13	0.00500	0.00357	0.00476	0.00572	0.00595	0.00333	0.00381	0.00572	0.00786	0.01048	0.02262	0.85306	0.02715	0.01286	0.00524	0.00167	0.00238	0.01167	0.00381	0.00333
14	0.01513	0.01051	0.01152	0.00898	0.01205	0.01144	0.00736	0.67161	0.03382	0.10540	0.01140	0.06182	0.00864	0.00544	0.00418	0.00127	0.00426	0.00424	0.00419	0.00675
15	0.00504	0.00361	0.00480	0.00569	0.00596	0.00336	0.00381	0.00582	0.00806	0.01080	0.06580	0.80897	0.02777	0.01262	0.00522	0.00165	0.00236	0.01144	0.00385	0.00336
16	0.00816	0.00773	0.01294	0.68673	0.14067	0.00939	0.01144	0.01075	0.00827	0.01087	0.00726	0.01073	0.00561	0.00420	0.00458	0.00137	0.04897	0.00365	0.00185	0.00483
17	0.00571	0.00419	0.00535	0.00506	0.00607	0.00383	0.00379	0.00755	0.01138	0.01590	0.74646	0.03158	0.12058	0.00860	0.00484	0.00130	0.00195	0.00755	0.00445	0.00383
18	0.01097	0.79554	0.05926	0.00734	0.01093	0.03902	0.00743	0.01244	0.00845	0.00982	0.00580	0.00671	0.00527	0.00355	0.00272	0.00090	0.00455	0.00225	0.00176	0.00529
19	0.72376	0.00955	0.09837	0.00634	0.00932	0.00932	0.00583	0.04994	0.00787	0.03989	0.00637	0.00723	0.00480	0.00391	0.00281	0.00127	0.00357	0.00243	0.00259	0.00481
20	0.44667	0.06065	0.00870	0.02167	0.00966	0.04533	0.00547	0.03520	0.00913	0.26381	0.00913	0.00916	0.00643	0.00419	0.00317	0.00120	0.00360	0.00289	0.00326	0.05067
21	0.00548	0.00412	0.00467	0.00459	0.00541	0.00378	0.00317	0.00644	0.00878	0.01143	0.23398	0.03251	0.34228	0.27898	0.03496	0.00234	0.00291	0.00736	0.00352	0.00327

[dist]
# distance from previous block
# <min> <max>
0	1

[block]
# block no. 1 follows, 65 sequences, length 52
# corresponding to MSA columns:
# 49-100
name=unknown_B
#
# <colnr> <probs for GDERKNQSTAVLIFYWHMCP>
#	G	D	E	R	K	N	Q	S	T	A	V	L	I	F	Y	W	H	M	C	P
0	0.31072	0.01446	0.00983	0.00901	0.03024	0.45148	0.00680	0.07457	0.03451	0.01436	0.00673	0.00763	0.00537	0.00417	0.00336	0.00116	0.00557	0.00266	0.00247	0.00491
1	0.01788	0.00706	0.00946	0.00731	0.01043	0.00622	0.00602	0.03375	0.03450	0.78016	0.01659	0.01443	0.02596	0.00519	0.00414	0.00128	0.00348	0.00422	0.00501	0.00690
2	0.00599	0.00436	0.00576	0.00604	0.00700	0.00414	0.00488	0.00775	0.01032	0.01394	0.38643	0.08545	0.10886	0.01001	0.00519	0.00156	0.00270	0.32173	0.00412	0.00377
3	0.01502	0.01121	0.01199	0.00933	0.01251	0.01246	0.00766	0.73090	0.10580	0.02493	0.01059	0.01044	0.00758	0.00500	0.00411	0.00125	0.00438	0.00380	0.00411	0.00693
4	0.00498	0.00400	0.00445	0.00473	0.00575	0.00347	0.00342	0.00598	0.00903	0.01119	0.07306	0.27669	0.54131	0.01104	0.00498	0.00147	0.00219	0.02497	0.00384	0.00345
5	0.01589	0.01360	0.01172	0.00954	0.01242	0.28879	0.00761	0.44312	0.01573	0.12723	0.00952	0.00958	0.00683	0.00471	0.00397	0.00118	0.00535	0.00340	0.00357	0.00624
6	0.00851	0.00730	0.00851	0.00608	0.00973	0.00547	0.00486	0.01034	0.00851	0.01338	0.00730	0.00851	0.00608	0.00304	0.00304	0.00061	0.00304	0.00243	0.00243	0.88083
7	0.01451	0.01241	0.01113	0.00904	0.01177	0.20075	0.00724	0.52281	0.03607	0.02084	0.00962	0.01004	0.00713	0.00477	0.00388	0.00116	0.00485	0.00349	0.10237	0.00610
8	0.84522	0.00802	0.00627	0.00554	0.00812	0.00925	0.00457	0.03457	0.00741	0.03306	0.00602	0.00689	0.00462	0.00386	0.00261	0.00127	0.00322	0.00230	0.00263	0.00456
9	0.00775	0.00730	0.01231	0.84587	0.02827	0.00912	0.01140	0.01049	0.00821	0.01049	0.00730	0.01094	0.00547	0.00410	0.00410	0.00137	0.00547	0.00365	0.00182	0.00456
10	0.01097	0.85821	0.02151	0.00702	0.01054	0.01624	0.00702	0.01229	0.00834	0.00966	0.00571	0.00658	0.00527	0.00351	0.00263	0.00088	0.00439	0.00219	0.00176	0.00527
11	0.01010	0.00514	0.00679	0.00584	0.00757	0.00460	0.00457	0.01189	0.01154	0.29434	0.51346	0.02500	0.05303	0.00727	0.00457	0.00128	0.00247	0.00628	0.01934	0.00492
12	0.00581	0.00420	0.00549	0.00516	0.00613	0.00387	0.00387	0.00775	0.01162	0.01646	0.82797	0.03066	0.03873	0.00839	0.00484	0.00129	0.00194	0.00742	0.00452	0.00387
13	0.00515	0.00368	0.00493	0.00588	0.00619	0.00346	0.00407	0.00597	0.00800	0.01064	0.02254	0.77973	0.02683	0.01272	0.00528	0.00169	0.00251	0.08356	0.00381	0.00337
14	0.04399	0.00701	0.00942	0.00725	0.01040	0.00613	0.00599	0.01977	0.01161	0.80894	0.01589	0.01376	0.00999	0.00504	0.00408	0.00127	0.00348	0.00407	0.00501	0.00691
15	0.40501	0.00990	0.00950	0.00763	0.01058	0.01115	0.00630	0.45605	0.01378	0.02253	0.00800	0.00843	0.00584	0.00443	0.00340	0.00125	0.00392	0.00304	0.00340	0.00584
16	0.00828	0.00787	0.01343	0.66131	0.19319	0.00927	0.02682	0.01097	0.00847	0.01114	0.00740	0.01078	0.00570	0.00400	0.00411	0.00134	0.00538	0.00367	0.00187	0.00498
17	0.00985	0.01051	0.01628	0.23870	0.14120	0.11683	0.27017	0.01311	0.07015	0.01221	0.00867	0.03554	0.00701	0.00429	0.00457	0.00133	0.02784	0.00422	0.00221	0.00530
18	0.88473	0.00794	0.00603	0.00540	0.00794	0.00921	0.00445	0.01207	0.00699	0.01842	0.00572	0.00667	0.00445	0.00381	0.00254	0.00127	0.00318	0.00222	0.00254	0.00445
19	0.00498	0.00364	0.00469	0.00553	0.00591	0.00335	0.00373	0.00574	0.00803	0.01055	0.02484	0.75787	0.12091	0.01257	0.00519	0.00163	0.00235	0.01132	0.00381	0.00335
20	0.00595	0.00435	0.00599	0.00596	0.00643	0.00486	0.00431	0.00692	0.00658	0.00927	0.03460	0.05046	0.01302	0.29034	0.50418	0.00531	0.03054	0.00523	0.00240	0.00331
21	0.00536	0.00418	0.00486	0.00469	0.00586	0.00368	0.00352	0.00687	0.01055	0.01393	0.45695	0.03483	0.41134	0.00934	0.00485	0.00134	0.00200	0.00801	0.00419	0.00368
22	0.00521	0.00412	0.00469	0.00466	0.00579	0.00360	0.00345	0.00654	0.01003	0.01295	0.32058	0.11030	0.47371	0.00990	0.00488	0.00138	0.00206	0.00849	0.00406	0.00360
23	0.01113	0.82751	0.02115	0.00715	0.01061	0.04637	0.00706	0.01244	0.00846	0.00967	0.00573	0.00661	0.00527	0.00354	0.00267	0.00088	0.00450	0.00221	0.00177	0.00525
24	0.00508	0.00365	0.00484	0.00577	0.00607	0.00341	0.00393	0.00586	0.00798	0.01059	0.02309	0.79035	0.04860	0.01272	0.00525	0.00167	0.00244	0.05154	0.00381	0.00336
25	0.01097	0.85821	0.02151	0.00702	0.01054	0.01624	0.00702	0.01229	0.00834	0.00966	0.00571	0.00658	0.00527	0.00351	0.00263	0.00088	0.00439	0.00219	0.00176	0.00527
26	0.01092	0.84176	0.03748	0.00712	0.01068	0.01611	0.00718	0.01231	0.00835	0.00972	0.00574	0.00663	0.00527	0.00352	0.00266	0.00089	0.00442	0.00221	0.00176	0.00528
27	0.00877	0.00745	0.00865	0.00620	0.00984	0.00574	0.00497	0.03985	0.00891	0.01383	0.00739	0.00856	0.00611	0.00311	0.00308	0.00063	0.00309	0.00248	0.00249	0.84884
28	0.00606	0.00420	0.00501	0.00494	0.00503	0.00441	0.00302	0.00626	0.00605	0.00821	0.01244	0.02498	0.01405	0.72972	0.11641	0.00421	0.03414	0.00570	0.00243	0.00269
29	0.01350	0.01031	0.03356	0.03843	0.11483	0.01083	0.02228	0.39429	0.19197	0.10947	0.01160	0.01156	0.00837	0.00485	0.00413	0.00128	0.00429	0.00395	0.00380	0.00669
30	0.01015	0.00784	0.04300	0.00743	0.01069	0.00630	0.06216	0.01295	0.08376	0.16056	0.01208	0.06964	0.03741	0.00464	0.00372	0.00098	0.00346	0.00399	0.00316	0.45610
31	0.00851	0.00730	0.00851	0.00608	0.00973	0.00547	0.00486	0.01034	0.00851	0.01338	0.00730	0.00851	0.00608	0.00304	0.00304	0.00061	0.00304	0.00243	0.00243	0.88083
32	0.00775	0.00730	0.01231	0.84587	0.02827	0.00912	0.01140	0.01049	0.00821	0.01049	0.00730	0.01094	0.00547	0.00410	0.00410	0.00137	0.00547	0.00365	0.00182	0.00456
33	0.00697	0.00379	0.00542	0.00540	0.00544	0.00389	0.00361	0.00568	0.00561	0.00761	0.00841	0.03904	0.00871	0.11261	0.03152	0.69392	0.02717	0.00411	0.01904	0.00206
34	0.00505	0.00364	0.00479	0.00566	0.00598	0.00338	0.00383	0.00584	0.00809	0.01075	0.05292	0.77362	0.06293	0.01256	0.00521	0.00164	0.00238	0.02450	0.00384	0.00337
35	0.00869	0.01026	0.11002	0.08482	0.01453	0.01091	0.13340	0.01066	0.00734	0.01088	0.00664	0.00986	0.00582	0.00729	0.06067	0.00190	0.47005	0.00374	0.00188	0.03065
36	0.00905	0.04006	0.01290	0.01064	0.01077	0.01271	0.00891	0.00997	0.00636	0.00987	0.00540	0.00889	0.00538	0.00705	0.01307	0.00176	0.81734	0.00354	0.00179	0.00452
37	0.00699	0.00656	0.03975	0.02451	0.06815	0.00571	0.13607	0.00910	0.03770	0.04356	0.08828	0.13291	0.36779	0.00823	0.00474	0.00139	0.00340	0.00736	0.00341	0.00439
38	0.01013	0.00873	0.00923	0.00834	0.01063	0.01009	0.00650	0.02153	0.80547	0.01707	0.01681	0.01597	0.01277	0.00569	0.00421	0.00140	0.00326	0.02156	0.00417	0.00644
39	0.01308	0.01001	0.01097	0.00825	0.01166	0.01015	0.00676	0.53006	0.01547	0.02143	0.00895	0.00938	0.00666	0.00426	0.00373	0.00101	0.00399	0.00325	0.00351	0.31743
40	0.00713	0.00357	0.00535	0.00535	0.00535	0.00357	0.00357	0.00535	0.00535	0.00713	0.00713	0.01248	0.00713	0.01426	0.01604	0.88057	0.00357	0.00357	0.00178	0.00178
41	0.00882	0.01715	0.50886	0.01395	0.01925	0.00987	0.33668	0.01306	0.00908	0.01306	0.00774	0.00963	0.00561	0.00372	0.00428	0.00133	0.00641	0.00376	0.00187	0.00585
42	0.00581	0.00420	0.00549	0.00516	0.00613	0.00387	0.00387	0.00775	0.01162	0.01646	0.82797	0.03066	0.03873	0.00839	0.00484	0.00129	0.00194	0.00742	0.00452	0.00387
43	0.01842	0.00699	0.00953	0.00730	0.01048	0.00603	0.00603	0.02000	0.01175	0.83298	0.01619	0.01397	0.01016	0.00508	0.00413	0.00127	0.00349	0.00413	0.00508	0.00699
44	0.01097	0.85821	0.02151	0.00702	0.01054	0.01624	0.00702	0.01229	0.00834	0.00966	0.00571	0.00658	0.00527	0.00351	0.00263	0.00088	0.00439	0.00219	0.00176	0.00527
45	0.00579	0.00420	0.00546	0.00514	0.00612	0.00386	0.00386	0.00771	0.01157	0.01635	0.81220	0.03084	0.05457	0.00843	0.00484	0.00129	0.00194	0.00745	0.00450	0.00386
46	0.00969	0.01107	0.02422	0.01730	0.02145	0.01038	0.81522	0.01315	0.00969	0.01315	0.00830	0.01107	0.00623	0.00346	0.00484	0.00138	0.00692	0.00484	0.00208	0.00554
47	0.00698	0.00366	0.00549	0.00549	0.00558	0.00375	0.00375	0.00558	0.00549	0.00741	0.00758	0.01290	0.00750	0.01619	0.11239	0.77831	0.00443	0.00366	0.00183	0.00200
48	0.01482	0.01078	0.01154	0.00895	0.01201	0.01189	0.00736	0.74088	0.01829	0.02480	0.01034	0.02406	0.00758	0.00505	0.00403	0.00122	0.00428	0.00384	0.07163	0.00668
49	0.00849	0.00730	0.00861	0.02847	0.01022	0.00557	0.00504	0.01034	0.00850	0.01330	0.00730	0.00858	0.00606	0.00307	0.00307	0.00063	0.00310	0.00246	0.00242	0.85747
50	0.00911	0.00919	0.01255	0.01077	0.01081	0.02884	0.00896	0.01001	0.00639	0.00988	0.00541	0.00895	0.00539	0.00713	0.01328	0.00178	0.83168	0.00357	0.00180	0.00450
51	0.01072	0.00750	0.01001	0.03165	0.05635	0.00697	0.02159	0.01239	0.00894	0.19647	0.00981	0.05162	0.00794	0.00467	0.00505	0.00105	0.12809	0.00359	0.00295	0.42262

[dist]
# distance from previous block
# <min> <max>
1	2

[block]
# block no. 2 follows, 65 sequences, length 117
# corresponding to MSA columns:
# 103-124,127-172,174-222
name=unknown_C
#
# <colnr> <probs for GDERKNQSTAVLIFYWHMCP>
#	G	D	E	R	K	N	Q	S	T	A	V	L	I	F	Y	W	H	M	C	P
0	0.01006	0.00958	0.01589	0.05776	0.73183	0.00976	0.01206	0.01324	0.07399	0.01359	0.00842	0.01060	0.00694	0.00383	0.00407	0.00124	0.00477	0.00374	0.00219	0.00642
1	0.00988	0.00770	0.00910	0.00674	0.01007	0.00656	0.00544	0.09372	0.00969	0.07183	0.00821	0.00927	0.00655	0.00437	0.02803	0.00095	0.04108	0.00279	0.00275	0.66529
2	0.02305	0.00984	0.05114	0.00874	0.01113	0.03769	0.00735	0.37447	0.08465	0.05260	0.01038	0.01194	0.00816	0.02279	0.19708	0.00256	0.07347	0.00390	0.00330	0.00576
3	0.00713	0.00357	0.00535	0.00535	0.00535	0.00357	0.00357	0.00535	0.00535	0.00713	0.00713	0.01248	0.00713	0.01426	0.01604	0.88057	0.00357	0.00357	0.00178	0.00178
4	0.00652	0.00416	0.00505	0.00479	0.00583	0.00388	0.00361	0.00839	0.01068	0.03408	0.54419	0.02677	0.08017	0.00749	0.00430	0.00121	0.00197	0.00647	0.23653	0.00390
5	0.00536	0.00418	0.00486	0.00469	0.00585	0.00368	0.00352	0.00687	0.01055	0.01392	0.45650	0.03484	0.41178	0.00934	0.00485	0.00134	0.00200	0.00801	0.00418	0.00368
6	0.01525	0.01123	0.01207	0.00932	0.01250	0.01242	0.00767	0.78936	0.01892	0.02536	0.01028	0.03802	0.00765	0.00519	0.00414	0.00125	0.00445	0.00396	0.00410	0.00686
7	0.01021	0.00882	0.00928	0.00835	0.01067	0.01021	0.00650	0.02181	0.82272	0.01717	0.01671	0.01532	0.01253	0.00557	0.00418	0.00139	0.00325	0.00464	0.00418	0.00650
8	0.01525	0.01123	0.01207	0.00932	0.01250	0.01242	0.00767	0.78936	0.01892	0.02536	0.01028	0.03802	0.00765	0.00519	0.00414	0.00125	0.00445	0.00396	0.00410	0.00686
9	0.01533	0.01956	0.01163	0.01058	0.01269	0.83926	0.00793	0.01639	0.01163	0.01005	0.00635	0.00740	0.00529	0.00423	0.00370	0.00106	0.00740	0.00264	0.00212	0.00476
10	0.00969	0.01107	0.02422	0.01730	0.02145	0.01038	0.81522	0.01315	0.00969	0.01315	0.00830	0.01107	0.00623	0.00346	0.00484	0.00138	0.00692	0.00484	0.00208	0.00554
11	0.01016	0.00975	0.01666	0.02520	0.83013	0.00975	0.01260	0.01260	0.00935	0.01341	0.00772	0.01016	0.00650	0.00366	0.00406	0.00122	0.00488	0.00366	0.00203	0.00650
12	0.01842	0.00699	0.00953	0.00730	0.01048	0.00603	0.00603	0.02000	0.01175	0.83298	0.01619	0.01397	0.01016	0.00508	0.00413	0.00127	0.00349	0.00413	0.00508	0.00699
13	0.00539	0.00406	0.00507	0.00574	0.00645	0.00379	0.00424	0.00666	0.02685	0.01113	0.02708	0.47398	0.22716	0.01178	0.00520	0.00163	0.00260	0.16384	0.00381	0.00352
14	0.00533	0.00402	0.00493	0.00503	0.00592	0.00362	0.00365	0.00669	0.00999	0.01338	0.39628	0.25145	0.25446	0.01013	0.00495	0.00142	0.00209	0.00889	0.00413	0.00362
15	0.00713	0.00357	0.00535	0.00535	0.00535	0.00357	0.00357	0.00535	0.00535	0.00713	0.00713	0.01248	0.00713	0.01426	0.01604	0.88057	0.00357	0.00357	0.00178	0.00178
16	0.01410	0.25626	0.01442	0.00957	0.01208	0.60698	0.00768	0.01523	0.01070	0.00994	0.00616	0.00717	0.00528	0.00403	0.00340	0.00101	0.00655	0.00252	0.00201	0.00490
17	0.00500	0.00357	0.00476	0.00572	0.00595	0.00333	0.00381	0.00572	0.00786	0.01048	0.02262	0.85306	0.02715	0.01286	0.00524	0.00167	0.00238	0.01167	0.00381	0.00333
18	0.01521	0.00914	0.03336	0.00901	0.04387	0.05962	0.02231	0.20017	0.03376	0.41247	0.01407	0.04290	0.01047	0.00564	0.00426	0.00131	0.00414	0.06767	0.00423	0.00638
19	0.00784	0.00735	0.01236	0.72890	0.10206	0.00890	0.01115	0.01046	0.00830	0.01076	0.00807	0.05133	0.00661	0.00448	0.00415	0.00137	0.00527	0.00403	0.00194	0.00468
20	0.01209	0.03321	0.01115	0.00853	0.02988	0.07206	0.02187	0.33847	0.04178	0.01822	0.00858	0.00925	0.00660	0.00402	0.00361	0.00096	0.00413	0.00311	0.00311	0.36937
21	0.01535	0.01118	0.03591	0.00932	0.01254	0.01190	0.00785	0.66923	0.03399	0.10674	0.01042	0.01032	0.00731	0.00500	0.00442	0.00126	0.03262	0.00374	0.00406	0.00686
22	0.05665	0.08019	0.01195	0.00923	0.03377	0.09721	0.00733	0.38216	0.15900	0.03486	0.03510	0.01082	0.00848	0.00493	0.00425	0.00123	0.03696	0.00366	0.00351	0.01871
23	0.01365	0.12868	0.01339	0.06904	0.07200	0.57086	0.00842	0.02918	0.01075	0.01054	0.00646	0.00783	0.00542	0.00420	0.00395	0.00109	0.03472	0.00278	0.00207	0.00497
24	0.01808	0.00724	0.01004	0.00766	0.01087	0.00637	0.02963	0.04436	0.01192	0.78424	0.01577	0.01376	0.00995	0.00503	0.00415	0.00127	0.00362	0.00414	0.00496	0.00694
25	0.00501	0.00414	0.00440	0.00439	0.00566	0.00352	0.00327	0.00618	0.00964	0.01191	0.16518	0.07756	0.66456	0.01020	0.00487	0.00138	0.00207	0.00861	0.00392	0.00352
26	0.00907	0.02737	0.60470	0.01129	0.01644	0.00904	0.08786	0.03103	0.00936	0.07195	0.05335	0.03309	0.00811	0.00445	0.00408	0.00131	0.00558	0.00376	0.00227	0.00590
27	0.01020	0.01087	0.01183	0.01027	0.01103	0.19787	0.03003	0.03308	0.00797	0.01036	0.00660	0.00990	0.00619	0.02780	0.10292	0.00219	0.50084	0.00356	0.00200	0.00451
28	0.00665	0.00557	0.04612	0.00571	0.00712	0.00481	0.00459	0.02253	0.07556	0.03521	0.55847	0.02841	0.12098	0.05353	0.00558	0.00145	0.00245	0.00691	0.00417	0.00420
29	0.00500	0.00358	0.00475	0.00569	0.00595	0.00334	0.00380	0.00572	0.00788	0.01049	0.02294	0.83944	0.04056	0.01282	0.00523	0.00166	0.00238	0.01162	0.00381	0.00334
30	0.00898	0.00898	0.01257	0.01078	0.01078	0.01257	0.00898	0.00988	0.00629	0.00988	0.00539	0.00898	0.00539	0.00718	0.01347	0.00180	0.84823	0.00359	0.00180	0.00449
31	0.41848	0.00880	0.04207	0.11685	0.04321	0.02266	0.01705	0.10832	0.00939	0.11068	0.00822	0.02784	0.00627	0.00466	0.00385	0.02462	0.01587	0.00320	0.00286	0.00512
32	0.00898	0.00898	0.01257	0.01078	0.01078	0.01257	0.00898	0.00988	0.00629	0.00988	0.00539	0.00898	0.00539	0.00718	0.01347	0.00180	0.84823	0.00359	0.00180	0.00449
33	0.01088	0.03758	0.00940	0.00784	0.00980	0.10628	0.00601	0.18068	0.29776	0.02710	0.02996	0.01565	0.01118	0.17813	0.05187	0.00210	0.00457	0.00444	0.00341	0.00534
34	0.00775	0.00730	0.01231	0.84587	0.02827	0.00912	0.01140	0.01049	0.00821	0.01049	0.00730	0.01094	0.00547	0.00410	0.00410	0.00137	0.00547	0.00365	0.00182	0.00456
35	0.01842	0.00699	0.00953	0.00730	0.01048	0.00603	0.00603	0.02000	0.01175	0.83298	0.01619	0.01397	0.01016	0.00508	0.00413	0.00127	0.00349	0.00413	0.00508	0.00699
36	0.00488	0.00416	0.00420	0.00419	0.00556	0.00348	0.00314	0.00595	0.00943	0.01125	0.06569	0.03923	0.80426	0.01033	0.00485	0.00138	0.00207	0.00863	0.00383	0.00348
37	0.01078	0.00910	0.00960	0.00847	0.01089	0.01048	0.00664	0.10610	0.73749	0.01809	0.01598	0.01474	0.01194	0.00550	0.00417	0.00138	0.00338	0.00454	0.00417	0.00655
38	0.01097	0.85821	0.02151	0.00702	0.01054	0.01624	0.00702	0.01229	0.00834	0.00966	0.00571	0.00658	0.00527	0.00351	0.00263	0.00088	0.00439	0.00219	0.00176	0.00527
39	0.00485	0.00416	0.00416	0.00416	0.00554	0.00347	0.00312	0.00589	0.00936	0.01109	0.04158	0.03950	0.82847	0.01040	0.00485	0.00139	0.00208	0.00866	0.00381	0.00347
40	0.01486	0.01871	0.01161	0.01052	0.01253	0.77270	0.00794	0.01623	0.03623	0.01026	0.00662	0.00772	0.00551	0.00442	0.00420	0.00110	0.04913	0.00275	0.00216	0.00480
41	0.00606	0.00395	0.00455	0.00455	0.00455	0.00395	0.00257	0.00592	0.00592	0.00789	0.01247	0.02572	0.01430	0.78881	0.02051	0.07370	0.00395	0.00578	0.00243	0.00243
42	0.01039	0.01100	0.01239	0.01069	0.01120	0.16271	0.00874	0.04198	0.00776	0.01052	0.00573	0.00873	0.00543	0.00656	0.01134	0.00164	0.66319	0.00342	0.00194	0.00463
43	0.00856	0.00728	0.00861	0.03414	0.01020	0.00580	0.00510	0.03036	0.00863	0.01331	0.00759	0.00945	0.00647	0.04111	0.00404	0.00081	0.01452	0.00268	0.00245	0.77891
44	0.02637	0.10076	0.05529	0.01053	0.01321	0.05032	0.24481	0.11163	0.06581	0.01349	0.02285	0.05067	0.02918	0.10961	0.00707	0.02135	0.05479	0.00463	0.00262	0.00503
45	0.01050	0.33278	0.03882	0.00972	0.01170	0.10992	0.05376	0.01182	0.00794	0.01008	0.00584	0.00800	0.00537	0.00515	0.00748	0.00133	0.36002	0.00301	0.00183	0.00492
46	0.00847	0.00727	0.00862	0.00633	0.00965	0.00585	0.00507	0.01023	0.00834	0.01313	0.00737	0.00882	0.00621	0.00389	0.02085	0.00081	0.05302	0.00257	0.01891	0.79458
47	0.00975	0.22101	0.54085	0.01045	0.01543	0.11134	0.01235	0.01324	0.00895	0.01184	0.00685	0.00802	0.00523	0.00385	0.00357	0.00117	0.00583	0.00279	0.00178	0.00572
48	0.00548	0.00428	0.00494	0.00515	0.00621	0.00386	0.00386	0.02836	0.00957	0.01216	0.13634	0.23433	0.42972	0.01068	0.00501	0.00149	0.00237	0.08867	0.00391	0.00361
49	0.00502	0.00358	0.00476	0.00569	0.00593	0.00335	0.00379	0.00572	0.00783	0.01043	0.02245	0.83837	0.02693	0.02785	0.00552	0.00171	0.00241	0.01157	0.00379	0.00332
50	0.01813	0.00745	0.00981	0.00752	0.01071	0.00672	0.00621	0.10116	0.01252	0.75073	0.01555	0.01355	0.00984	0.00506	0.00413	0.00127	0.00360	0.00408	0.00498	0.00699
51	0.01021	0.00882	0.00928	0.00835	0.01067	0.01021	0.00650	0.02181	0.82272	0.01717	0.01671	0.01532	0.01253	0.00557	0.00418	0.00139	0.00325	0.00464	0.00418	0.00650
52	0.00886	0.00442	0.00466	0.00435	0.00559	0.00440	0.00334	0.04631	0.00933	0.08081	0.01346	0.01496	0.01034	0.00481	0.00302	0.00099	0.00215	0.00384	0.77013	0.00422
53	0.04070	0.01087	0.01172	0.00908	0.01223	0.01193	0.00747	0.72009	0.01812	0.07162	0.01053	0.03817	0.00776	0.00517	0.00410	0.00125	0.00435	0.00394	0.00411	0.00679
54	0.00526	0.00416	0.00473	0.00461	0.00580	0.00363	0.00345	0.00667	0.01028	0.01333	0.37072	0.04929	0.48432	0.00960	0.00485	0.00135	0.00202	0.00819	0.00411	0.00363
55	0.01097	0.85821	0.02151	0.00702	0.01054	0.01624	0.00702	0.01229	0.00834	0.00966	0.00571	0.00658	0.00527	0.00351	0.00263	0.00088	0.00439	0.00219	0.00176	0.00527
56	0.01140	0.00892	0.00959	0.00837	0.01085	0.01011	0.00658	0.09729	0.67958	0.08507	0.01601	0.01468	0.01181	0.00547	0.00417	0.00137	0.00339	0.00451	0.00424	0.00658
57	0.00658	0.00488	0.00670	0.05565	0.00803	0.00537	0.02060	0.02912	0.03724	0.00982	0.01192	0.02057	0.01205	0.33467	0.35877	0.03012	0.00702	0.03498	0.00245	0.00346
58	0.00631	0.00453	0.00553	0.00517	0.00637	0.00421	0.00391	0.01928	0.04134	0.03892	0.58393	0.03080	0.19780	0.00847	0.00474	0.00131	0.00209	0.00735	0.02392	0.00402
59	0.00705	0.00625	0.00807	0.00772	0.00797	0.03142	0.00590	0.00785	0.00714	0.00994	0.01395	0.30698	0.02866	0.12015	0.05869	0.00229	0.32489	0.03861	0.00273	0.00374
60	0.03526	0.00885	0.01018	0.00805	0.01096	0.04541	0.01673	0.26008	0.06274	0.40211	0.03061	0.01278	0.00957	0.00578	0.02836	0.00140	0.00413	0.00400	0.03652	0.00650
61	0.00713	0.00357	0.00535	0.00535	0.00535	0.00357	0.00357	0.00535	0.00535	0.00713	0.00713	0.01248	0.00713	0.01426	0.01604	0.88057	0.00357	0.00357	0.00178	0.00178
62	0.01097	0.85821	0.02151	0.00702	0.01054	0.01624	0.00702	0.01229	0.00834	0.00966	0.00571	0.00658	0.00527	0.00351	0.00263	0.00088	0.00439	0.00219	0.00176	0.00527
63	0.00635	0.00460	0.00625	0.00711	0.00793	0.00459	0.00588	0.00834	0.04333	0.01202	0.02175	0.25485	0.02407	0.01149	0.00549	0.00181	0.00339	0.56315	0.00380	0.00378
64	0.00775	0.00730	0.01231	0.84587	0.02827	0.00912	0.01140	0.01049	0.00821	0.01049	0.00730	0.01094	0.00547	0.00410	0.00410	0.00137	0.00547	0.00365	0.00182	0.00456
65	0.01317	0.07589	0.01185	0.00876	0.01164	0.02790	0.04097	0.34585	0.23702	0.10300	0.01267	0.01279	0.01890	0.00511	0.00402	0.00126	0.00407	0.01905	0.03970	0.00638
66	0.00969	0.00793	0.00909	0.00662	0.01019	0.00660	0.00533	0.12797	0.02138	0.02504	0.00790	0.00887	0.00635	0.00337	0.00322	0.00072	0.00326	0.00267	0.00273	0.73109
67	0.00955	0.00938	0.01473	0.35552	0.18871	0.06256	0.13512	0.06209	0.00946	0.01239	0.00795	0.01146	0.00644	0.00455	0.00498	0.01794	0.05283	0.02702	0.00212	0.00520
68	0.00926	0.00857	0.01377	0.44652	0.33664	0.02594	0.01139	0.04287	0.00920	0.02584	0.00803	0.02941	0.00649	0.00418	0.00411	0.00130	0.00514	0.00382	0.00210	0.00542
69	0.00944	0.00727	0.00861	0.00619	0.00980	0.00552	0.00497	0.01124	0.00882	0.09032	0.00813	0.00902	0.00646	0.00323	0.00314	0.00067	0.00308	0.00259	0.00268	0.79879
70	0.00677	0.00446	0.00568	0.00536	0.00623	0.00439	0.00388	0.02321	0.00928	0.05895	0.35878	0.02571	0.05924	0.22356	0.15591	0.00289	0.00419	0.00621	0.03159	0.00371
71	0.11777	0.00687	0.00883	0.00772	0.00936	0.04473	0.05996	0.05122	0.00835	0.11811	0.01035	0.01361	0.00877	0.04371	0.42717	0.00407	0.04817	0.00402	0.00269	0.00454
72	0.03290	0.00995	0.02464	0.08133	0.22840	0.01051	0.09083	0.26774	0.14399	0.01769	0.01042	0.04491	0.00828	0.00476	0.00419	0.00130	0.00463	0.00423	0.00310	0.00621
73	0.00916	0.00611	0.00728	0.00669	0.00800	0.00660	0.00494	0.01359	0.33227	0.09019	0.04735	0.01648	0.01203	0.11339	0.05622	0.25362	0.00383	0.00455	0.00328	0.00444
74	0.01591	0.00902	0.01065	0.03143	0.01180	0.00925	0.00688	0.37419	0.05785	0.36603	0.01288	0.01205	0.00866	0.00496	0.00406	0.00124	0.00394	0.00390	0.02987	0.02546
75	0.03213	0.37783	0.22799	0.00857	0.01235	0.04888	0.02006	0.05157	0.00951	0.06669	0.06968	0.00979	0.00821	0.00428	0.00366	0.00111	0.02632	0.00311	0.00234	0.01592
76	0.00702	0.00359	0.00528	0.00529	0.00529	0.00359	0.00349	0.00540	0.00543	0.00724	0.00777	0.02555	0.00798	0.07470	0.01624	0.80500	0.00358	0.00385	0.00186	0.00186
77	0.00883	0.00790	0.01181	0.54941	0.08140	0.02018	0.01003	0.11012	0.02133	0.01271	0.02044	0.03308	0.03630	0.02791	0.00490	0.00143	0.03085	0.00414	0.00233	0.00489
78	0.01679	0.00923	0.05901	0.00823	0.01159	0.00835	0.00712	0.26026	0.03116	0.52335	0.01377	0.01244	0.00896	0.00498	0.00411	0.00126	0.00395	0.00394	0.00457	0.00692
79	0.64755	0.00825	0.00734	0.00619	0.00892	0.00919	0.00510	0.11480	0.00924	0.13918	0.00778	0.00815	0.00561	0.00414	0.00297	0.00127	0.00339	0.00269	0.00311	0.00514
80	0.01769	0.00715	0.00951	0.00738	0.01048	0.00640	0.00607	0.03498	0.06309	0.75584	0.02646	0.01419	0.01062	0.00515	0.00414	0.00128	0.00348	0.00419	0.00500	0.00692
81	0.01392	0.01001	0.01085	0.00867	0.01160	0.01096	0.00705	0.50855	0.20597	0.09530	0.01401	0.01335	0.05980	0.00543	0.00417	0.00128	0.00398	0.00427	0.00419	0.00665
82	0.00969	0.01107	0.02422	0.01730	0.02145	0.01038	0.81522	0.01315	0.00969	0.01315	0.00830	0.01107	0.00623	0.00346	0.00484	0.00138	0.00692	0.00484	0.00208	0.00554
83	0.00579	0.00420	0.00546	0.00515	0.00612	0.00387	0.00386	0.00771	0.01158	0.01637	0.81425	0.03082	0.05250	0.00843	0.00484	0.00129	0.00194	0.00745	0.00451	0.00387
84	0.01015	0.00979	0.01689	0.02495	0.80535	0.00977	0.03720	0.01261	0.00936	0.01340	0.00774	0.01019	0.00649	0.00365	0.00409	0.00122	0.00494	0.00369	0.00203	0.00647
85	0.00710	0.00359	0.00538	0.00538	0.00540	0.00361	0.00361	0.00540	0.00538	0.00719	0.00723	0.01257	0.00721	0.01468	0.03713	0.85819	0.00376	0.00359	0.00179	0.00183
86	0.01537	0.01858	0.01172	0.01044	0.01269	0.73840	0.00792	0.11402	0.01257	0.01198	0.00677	0.00770	0.00549	0.00432	0.00375	0.00108	0.00705	0.00277	0.00236	0.00503
87	0.00734	0.00611	0.00839	0.07045	0.00938	0.00742	0.01626	0.03526	0.03291	0.01014	0.01076	0.09096	0.01115	0.23488	0.17854	0.02575	0.23295	0.00515	0.00240	0.00379
88	0.01055	0.01098	0.12404	0.03498	0.34456	0.04312	0.08471	0.07519	0.03241	0.07822	0.02393	0.02953	0.03784	0.00486	0.00426	0.00130	0.00491	0.04597	0.00268	0.00596
89	0.01375	0.26658	0.03048	0.00972	0.01242	0.52769	0.03254	0.04174	0.01080	0.01061	0.00635	0.00738	0.00537	0.00401	0.00344	0.00102	0.00638	0.00262	0.00207	0.00503
90	0.02900	0.00884	0.02712	0.04097	0.02856	0.00796	0.06509	0.20268	0.01142	0.07721	0.01993	0.00982	0.00699	0.00383	0.00360	0.00094	0.00388	0.00318	0.00299	0.44601
91	0.01256	0.01508	0.01043	0.00958	0.01119	0.57505	0.00728	0.01368	0.01000	0.00988	0.00744	0.00985	0.00660	0.02648	0.19271	0.00241	0.07005	0.00317	0.00212	0.00445
92	0.00630	0.00795	0.16137	0.00709	0.00938	0.00538	0.06968	0.00868	0.02082	0.01366	0.32317	0.05742	0.27724	0.00792	0.00467	0.00134	0.00318	0.00691	0.00355	0.00430
93	0.00510	0.00383	0.00476	0.00546	0.00607	0.00349	0.00387	0.00601	0.00841	0.01081	0.02771	0.55959	0.24511	0.01205	0.00517	0.00161	0.00242	0.08130	0.00381	0.00341
94	0.04038	0.00706	0.00941	0.00725	0.01038	0.00623	0.00598	0.03754	0.01175	0.78159	0.01574	0.01371	0.00995	0.00504	0.00407	0.00126	0.00348	0.00406	0.01823	0.00687
95	0.01474	0.01091	0.01174	0.00918	0.01224	0.01206	0.00751	0.73323	0.05439	0.02457	0.01091	0.05986	0.00842	0.00542	0.00418	0.00126	0.00433	0.00421	0.00409	0.00674
96	0.01565	0.00992	0.01110	0.00861	0.01172	0.01057	0.00708	0.54667	0.05704	0.22045	0.01190	0.01138	0.00819	0.00499	0.00406	0.00124	0.00409	0.00385	0.04470	0.00681
97	0.00900	0.00904	0.01293	0.01098	0.01110	0.01251	0.03369	0.00998	0.00639	0.00998	0.00548	0.00904	0.00541	0.00707	0.01321	0.00178	0.82244	0.00363	0.00180	0.00452
98	0.25403	0.33665	0.03136	0.00731	0.01028	0.03076	0.00661	0.10584	0.00956	0.10680	0.00740	0.00804	0.00580	0.00420	0.00371	0.00115	0.05976	0.00271	0.00263	0.00539
99	0.01399	0.04197	0.01212	0.04894	0.01308	0.62201	0.00820	0.05445	0.01102	0.01081	0.00641	0.00788	0.00539	0.00464	0.00506	0.00118	0.12301	0.00286	0.00214	0.00484
100	0.01073	0.22104	0.06632	0.04691	0.01164	0.05903	0.00759	0.19334	0.04348	0.02323	0.00947	0.01126	0.03066	0.02547	0.13038	0.00206	0.08364	0.00354	0.01494	0.00527
101	0.00565	0.00405	0.00487	0.00484	0.00545	0.00380	0.00327	0.00665	0.00892	0.01210	0.34888	0.11685	0.13655	0.30810	0.01055	0.00229	0.00272	0.00752	0.00363	0.00327
102	0.00760	0.00576	0.00724	0.00671	0.00764	0.02866	0.01820	0.09627	0.00821	0.01158	0.01104	0.02669	0.01048	0.17567	0.41499	0.02688	0.04794	0.00455	0.08002	0.00387
103	0.00508	0.00408	0.00455	0.00466	0.00577	0.00354	0.00343	0.00625	0.00954	0.01201	0.18528	0.17178	0.53555	0.01044	0.00493	0.00142	0.00213	0.02208	0.00394	0.00353
104	0.00713	0.00357	0.00535	0.00535	0.00535	0.00357	0.00357	0.00535	0.00535	0.00713	0.00713	0.01248	0.00713	0.01426	0.01604	0.88057	0.00357	0.00357	0.00178	0.00178
105	0.01097	0.85821	0.02151	0.00702	0.01054	0.01624	0.00702	0.01229	0.00834	0.00966	0.00571	0.00658	0.00527	0.00351	0.00263	0.00088	0.00439	0.00219	0.00176	0.00527
106	0.00783	0.00611	0.00687	0.00685	0.03002	0.03002	0.00494	0.08502	0.14065	0.04136	0.12283	0.28373	0.17153	0.02576	0.00504	0.00149	0.00291	0.01863	0.00390	0.00451
107	0.00775	0.00730	0.01231	0.84587	0.02827	0.00912	0.01140	0.01049	0.00821	0.01049	0.00730	0.01094	0.00547	0.00410	0.00410	0.00137	0.00547	0.00365	0.00182	0.00456
108	0.01065	0.01088	0.01494	0.02085	0.59778	0.13854	0.01124	0.01274	0.00953	0.01260	0.00834	0.01217	0.00744	0.00449	0.00467	0.00127	0.05483	0.05895	0.00215	0.00592
109	0.84807	0.00843	0.00627	0.00562	0.00814	0.04421	0.00459	0.01225	0.00718	0.01806	0.00574	0.00670	0.00448	0.00383	0.00259	0.00126	0.00335	0.00224	0.00252	0.00446
110	0.01457	0.00805	0.00937	0.00751	0.01023	0.00821	0.00609	0.25213	0.12750	0.34455	0.01457	0.01372	0.02800	0.00518	0.00396	0.00123	0.00350	0.00413	0.13112	0.00638
111	0.00888	0.00729	0.00892	0.02427	0.12431	0.02015	0.00651	0.09974	0.24434	0.02585	0.07357	0.21163	0.06773	0.02270	0.00483	0.00146	0.00339	0.03553	0.00368	0.00522
112	0.00851	0.00730	0.00851	0.00608	0.00973	0.00547	0.00486	0.01034	0.00851	0.01338	0.00730	0.00851	0.00608	0.00304	0.00304	0.00061	0.00304	0.00243	0.00243	0.88083
113	0.00526	0.00381	0.00484	0.00543	0.00590	0.00354	0.00373	0.00615	0.00840	0.01116	0.12946	0.53925	0.11532	0.09494	0.00670	0.00182	0.00251	0.04464	0.00377	0.00336
114	0.04108	0.00644	0.01928	0.00826	0.07021	0.00705	0.00593	0.05451	0.03017	0.03345	0.05752	0.14422	0.09918	0.09463	0.06212	0.00206	0.17349	0.02371	0.06240	0.00429
115	0.00968	0.00910	0.01455	0.11527	0.40347	0.01982	0.09562	0.05413	0.10072	0.01426	0.08807	0.01317	0.01972	0.00457	0.00441	0.00129	0.01939	0.00430	0.00261	0.00585
116	0.00520	0.00391	0.00481	0.00518	0.00590	0.00354	0.00366	0.00631	0.00917	0.01209	0.22467	0.40744	0.24172	0.02699	0.00534	0.00155	0.00225	0.02283	0.00396	0.00349

[dist]
# distance from previous block
# <min> <max>
0	2

[block]
# block no. 3 follows, 65 sequences, length 14
# corresponding to MSA columns:
# 225-238
name=unknown_D
#
# <colnr> <probs for GDERKNQSTAVLIFYWHMCP>
#	G	D	E	R	K	N	Q	S	T	A	V	L	I	F	Y	W	H	M	C	P
0	0.36063	0.04902	0.00880	0.00659	0.00953	0.00795	0.00550	0.03572	0.00988	0.45113	0.01138	0.01062	0.00758	0.00450	0.00343	0.00125	0.00344	0.00327	0.00389	0.00590
1	0.00967	0.02794	0.01265	0.01054	0.01087	0.03354	0.00879	0.03495	0.00703	0.03520	0.00588	0.00906	0.00558	0.00690	0.01242	0.00172	0.75707	0.00356	0.00197	0.00467
2	0.13245	0.07955	0.10971	0.03792	0.02303	0.10873	0.06054	0.21123	0.08665	0.05077	0.03202	0.01009	0.00748	0.00454	0.00403	0.00124	0.02786	0.00345	0.00295	0.00574
3	0.29759	0.00982	0.01005	0.09427	0.05856	0.06671	0.00713	0.25739	0.06087	0.08727	0.00883	0.00945	0.00646	0.00441	0.00357	0.00126	0.00423	0.00323	0.00320	0.00570
4	0.07876	0.01039	0.01368	0.09725	0.36620	0.04373	0.00997	0.29845	0.01269	0.01781	0.00823	0.00975	0.00637	0.00419	0.00395	0.00124	0.00478	0.00352	0.00279	0.00626
5	0.00530	0.00418	0.00478	0.00463	0.00582	0.00366	0.00347	0.00676	0.01042	0.01360	0.40945	0.03537	0.45903	0.00946	0.00485	0.00134	0.00201	0.00808	0.00414	0.00366
6	0.01476	0.01865	0.01133	0.01034	0.01237	0.78897	0.00776	0.01585	0.01133	0.01002	0.00663	0.00793	0.00559	0.00583	0.05409	0.00139	0.00762	0.00275	0.00212	0.00469
7	0.42982	0.01121	0.00886	0.00754	0.01014	0.18437	0.00604	0.23438	0.01141	0.01859	0.00728	0.00802	0.00555	0.00424	0.00323	0.00120	0.00439	0.00278	0.03576	0.00519
8	0.00501	0.00401	0.00449	0.00476	0.00578	0.00349	0.00346	0.00604	0.00909	0.01131	0.08761	0.26686	0.52860	0.01098	0.00498	0.00147	0.00220	0.03253	0.00386	0.00346
9	0.01168	0.72708	0.02004	0.00747	0.01087	0.06422	0.00715	0.09031	0.00959	0.01125	0.00615	0.00695	0.00543	0.00369	0.00284	0.00092	0.00458	0.00237	0.00200	0.00540
10	0.00601	0.00396	0.00461	0.00464	0.00467	0.00398	0.00268	0.00597	0.00600	0.00802	0.01275	0.04679	0.01459	0.75291	0.04798	0.05942	0.00415	0.00591	0.00247	0.00250
11	0.03673	0.08150	0.01240	0.00958	0.01220	0.34921	0.00766	0.32060	0.07070	0.01674	0.00830	0.00887	0.00642	0.00463	0.00414	0.00117	0.03722	0.00317	0.00299	0.00575
12	0.04040	0.03344	0.01313	0.44765	0.09691	0.07479	0.08163	0.01134	0.00861	0.01145	0.00739	0.01051	0.00592	0.02925	0.00457	0.00132	0.01820	0.00352	0.00200	0.09799
13	0.16631	0.02082	0.02334	0.00722	0.02295	0.10548	0.00543	0.08635	0.07867	0.05354	0.04254	0.09091	0.03266	0.20116	0.00816	0.00193	0.04008	0.00488	0.00304	0.00450

[dist]
# distance from previous block
# <min> <max>
0	1

[block]
# block no. 4 follows, 65 sequences, length 21
# corresponding to MSA columns:
# 240-260
name=unknown_E
#
# <colnr> <probs for GDERKNQSTAVLIFYWHMCP>
#	G	D	E	R	K	N	Q	S	T	A	V	L	I	F	Y	W	H	M	C	P
0	0.02410	0.04284	0.33314	0.04001	0.08789	0.04592	0.02385	0.03827	0.00934	0.06557	0.04207	0.10574	0.02841	0.00561	0.01147	0.00133	0.02019	0.00447	0.03485	0.03495
1	0.08448	0.08415	0.01116	0.00959	0.08663	0.07937	0.00703	0.21278	0.18484	0.01654	0.01037	0.01165	0.00830	0.03479	0.08624	0.00184	0.02379	0.00370	0.03712	0.00564
2	0.01022	0.01755	0.41842	0.07756	0.15111	0.20292	0.03943	0.01354	0.00947	0.01219	0.00721	0.00887	0.00549	0.00394	0.00393	0.00124	0.00617	0.00315	0.00189	0.00570
3	0.00496	0.00395	0.00444	0.00476	0.00572	0.00344	0.00340	0.00593	0.00896	0.01117	0.07807	0.32432	0.50414	0.01115	0.00499	0.00148	0.00218	0.00965	0.00385	0.00344
4	0.00600	0.00461	0.00566	0.00604	0.00720	0.00436	0.00498	0.00794	0.04090	0.01249	0.11920	0.04079	0.32905	0.01043	0.00521	0.00161	0.00291	0.38294	0.00389	0.00378
5	0.01265	0.01003	0.01065	0.00885	0.01160	0.01135	0.00709	0.38068	0.45988	0.02110	0.01361	0.01285	0.01002	0.00528	0.00414	0.00132	0.00382	0.00421	0.00414	0.00672
6	0.04742	0.00713	0.00751	0.00625	0.00829	0.00760	0.00501	0.32112	0.01284	0.06538	0.01187	0.01277	0.00889	0.00482	0.00340	0.00109	0.00306	0.00373	0.45658	0.00524
7	0.08490	0.01059	0.01138	0.00885	0.01196	0.01164	0.00729	0.65916	0.01724	0.08702	0.01006	0.01016	0.00715	0.00586	0.03645	0.00145	0.00458	0.00364	0.00398	0.00665
8	0.01424	0.01736	0.01100	0.01007	0.01209	0.69513	0.00762	0.04862	0.03902	0.01107	0.00839	0.04930	0.00757	0.00507	0.00391	0.00115	0.00672	0.04443	0.00243	0.00479
9	0.01119	0.81614	0.02101	0.00720	0.01064	0.05753	0.00707	0.01250	0.00851	0.00968	0.00574	0.00663	0.00527	0.00355	0.00269	0.00089	0.00454	0.00222	0.00177	0.00524
10	0.47592	0.00956	0.05443	0.06684	0.10834	0.08036	0.02324	0.01226	0.00822	0.03284	0.00805	0.02091	0.00693	0.00462	0.00338	0.00131	0.00418	0.07124	0.00251	0.00482
11	0.01094	0.00953	0.03635	0.00951	0.05696	0.01032	0.00729	0.17393	0.55124	0.01816	0.01471	0.03329	0.01137	0.00593	0.01702	0.00144	0.00378	0.01788	0.00392	0.00642
12	0.00562	0.00418	0.00516	0.00492	0.00593	0.00379	0.00365	0.00728	0.01088	0.01495	0.62628	0.03232	0.20191	0.04841	0.00559	0.00144	0.00206	0.00761	0.00428	0.00372
13	0.00991	0.00957	0.01654	0.10465	0.72025	0.00972	0.04419	0.01241	0.00925	0.01312	0.00770	0.01027	0.00639	0.00369	0.00410	0.00124	0.00502	0.00370	0.00201	0.00628
14	0.00585	0.00404	0.00460	0.00458	0.00490	0.00396	0.00282	0.00625	0.00690	0.00922	0.06632	0.02787	0.12820	0.61438	0.06444	0.00352	0.00394	0.00627	0.02913	0.00281
15	0.00713	0.00357	0.00535	0.00535	0.00535	0.00357	0.00357	0.00535	0.00535	0.00713	0.00713	0.01248	0.00713	0.01426	0.01604	0.88057	0.00357	0.00357	0.00178	0.00178
16	0.01201	0.61589	0.04575	0.00805	0.01133	0.20263	0.00752	0.03654	0.00942	0.01033	0.00603	0.00693	0.00532	0.00373	0.00296	0.00094	0.00513	0.00237	0.00190	0.00523
17	0.00585	0.00443	0.00629	0.00636	0.00707	0.00479	0.01936	0.00744	0.03728	0.01028	0.04209	0.22385	0.04391	0.08304	0.47298	0.00455	0.00741	0.00656	0.00282	0.00364
18	0.07178	0.03739	0.13849	0.01115	0.07556	0.08883	0.07171	0.30557	0.08318	0.06260	0.00940	0.00995	0.00689	0.00444	0.00395	0.00125	0.00498	0.00354	0.00313	0.00622
19	0.01141	0.02362	0.03064	0.04168	0.27978	0.04440	0.05373	0.19790	0.10367	0.04860	0.04291	0.02635	0.02305	0.00490	0.00464	0.00129	0.04819	0.00415	0.00301	0.00610
20	0.05352	0.13441	0.09341	0.01979	0.02657	0.13692	0.03399	0.18681	0.04965	0.07464	0.04868	0.04173	0.00900	0.02183	0.00412	0.00122	0.00470	0.00375	0.00298	0.05230

[dist]
# distance from previous block
# <min> <max>
0	21

[block]
# block no. 5 follows, 65 sequences, length 23
# corresponding to MSA columns:
# 282-304
name=unknown_F
#
# <colnr> <probs for GDERKNQSTAVLIFYWHMCP>
#	G	D	E	R	K	N	Q	S	T	A	V	L	I	F	Y	W	H	M	C	P
0	0.00879	0.07740	0.13255	0.00887	0.03622	0.06406	0.07398	0.03756	0.10083	0.04060	0.04254	0.16794	0.10530	0.04089	0.00505	0.00143	0.01340	0.00582	0.01182	0.02496
1	0.00969	0.06525	0.24454	0.13061	0.12544	0.06729	0.08801	0.06298	0.06095	0.01310	0.00827	0.01027	0.00647	0.01676	0.04097	0.00153	0.02018	0.00354	0.00219	0.02195
2	0.00941	0.00741	0.03746	0.00650	0.00965	0.00577	0.02307	0.04327	0.00915	0.09100	0.00970	0.04832	0.00817	0.04084	0.00411	0.00096	0.00325	0.00340	0.07560	0.56295
3	0.01060	0.00950	0.03913	0.01220	0.11541	0.02132	0.19384	0.16271	0.14968	0.06012	0.03538	0.06312	0.08110	0.00565	0.00445	0.00135	0.00452	0.02086	0.00330	0.00579
4	0.01900	0.00651	0.00980	0.16469	0.07053	0.00691	0.07467	0.07847	0.00997	0.01366	0.22074	0.02067	0.07684	0.07168	0.10158	0.00214	0.01586	0.02878	0.00305	0.00445
5	0.00903	0.00727	0.00782	0.00704	0.00889	0.02603	0.00545	0.05504	0.42427	0.03100	0.27097	0.02043	0.04634	0.00649	0.00432	0.00132	0.00288	0.00550	0.05449	0.00542
6	0.00528	0.00417	0.00476	0.00471	0.00588	0.00366	0.00355	0.00667	0.01014	0.01310	0.33205	0.06751	0.47635	0.00978	0.00489	0.00138	0.00210	0.03633	0.00407	0.00362
7	0.00972	0.01122	0.13304	0.19348	0.08215	0.12061	0.03969	0.02515	0.11351	0.04642	0.10102	0.01385	0.03971	0.00512	0.00463	0.00132	0.04715	0.00421	0.00271	0.00527
8	0.01131	0.00812	0.00898	0.00792	0.01027	0.00899	0.00623	0.02041	0.61756	0.15511	0.04098	0.01624	0.01310	0.00568	0.00418	0.00137	0.00322	0.02240	0.03158	0.00636
9	0.05264	0.56368	0.16064	0.00820	0.01195	0.10634	0.00843	0.02745	0.00890	0.01099	0.00614	0.00710	0.00525	0.00370	0.00299	0.00100	0.00496	0.00242	0.00187	0.00534
