[name]
unknown

[dist]
# distance from previous block
# <min> <max>
0	131

[block]
# block no. 0 follows, 70 sequences, length 8
# corresponding to MSA columns:
# 133-140
name=unknown_A
#
# <colnr> <probs for GDERKNQSTAVLIFYWHMCP>
#	G	D	E	R	K	N	Q	S	T	A	V	L	I	F	Y	W	H	M	C	P
0	0.03665	0.06642	0.06755	0.26109	0.18879	0.02276	0.07398	0.03397	0.00864	0.04785	0.00949	0.06147	0.02196	0.00459	0.00382	0.00122	0.00452	0.03008	0.05023	0.00492
1	0.00551	0.00408	0.00454	0.00443	0.00570	0.00351	0.00336	0.00670	0.00933	0.05670	0.19159	0.06433	0.58281	0.00929	0.00458	0.00131	0.00207	0.03285	0.00379	0.00353
2	0.01385	0.00712	0.00862	0.00682	0.00937	0.00690	0.00549	0.20682	0.04197	0.42752	0.03774	0.01490	0.05500	0.07097	0.00509	0.00137	0.00337	0.00421	0.03853	0.03434
3	0.03301	0.24078	0.12979	0.07306	0.06607	0.04729	0.06097	0.07886	0.07383	0.12188	0.00944	0.01004	0.03052	0.00410	0.00349	0.00112	0.00447	0.00327	0.00256	0.00547
4	0.02727	0.00682	0.05735	0.03916	0.08391	0.02113	0.04926	0.02838	0.04919	0.16299	0.07725	0.27033	0.05742	0.02876	0.00465	0.00139	0.00336	0.00640	0.02032	0.00465
5	0.00689	0.00437	0.00551	0.00506	0.00627	0.00400	0.00383	0.00871	0.03341	0.11452	0.54308	0.05714	0.15092	0.03295	0.00493	0.00132	0.00213	0.00684	0.00414	0.00397
6	0.00648	0.00613	0.04799	0.00632	0.00768	0.04169	0.05807	0.02101	0.02239	0.02960	0.14616	0.14943	0.25619	0.10662	0.03922	0.00180	0.03949	0.00680	0.00318	0.00373
7	0.07417	0.13688	0.18795	0.06140	0.12050	0.04425	0.08062	0.12920	0.02606	0.04873	0.01021	0.02426	0.00834	0.00551	0.00459	0.00158	0.00552	0.00402	0.01953	0.00667

[dist]
# distance from previous block
# <min> <max>
0	19

[block]
# block no. 1 follows, 70 sequences, length 6
# corresponding to MSA columns:
# 161-166
name=unknown_B
#
# <colnr> <probs for GDERKNQSTAVLIFYWHMCP>
#	G	D	E	R	K	N	Q	S	T	A	V	L	I	F	Y	W	H	M	C	P
0	0.01039	0.02341	0.01264	0.04041	0.31706	0.03925	0.07004	0.09777	0.08550	0.09187	0.03510	0.03071	0.04110	0.00441	0.00387	0.00114	0.00416	0.00397	0.00278	0.08444
1	0.15545	0.00874	0.01078	0.07940	0.12158	0.03978	0.06303	0.24720	0.04465	0.06629	0.03569	0.07490	0.02598	0.00495	0.00378	0.00123	0.00405	0.00413	0.00304	0.00534
2	0.31411	0.00744	0.00711	0.06459	0.00936	0.04039	0.00516	0.09461	0.14603	0.05296	0.01240	0.01273	0.08853	0.00480	0.00327	0.00118	0.00319	0.00361	0.12379	0.00472
3	0.00904	0.00854	0.01418	0.09043	0.65859	0.00852	0.01076	0.01124	0.00860	0.01231	0.00786	0.04828	0.00691	0.00383	0.00380	0.00113	0.00439	0.00369	0.00201	0.08587
4	0.00791	0.00684	0.00872	0.00659	0.00951	0.00577	0.06073	0.01043	0.08268	0.01232	0.00839	0.01053	0.00718	0.06459	0.06811	0.00134	0.00377	0.00301	0.00241	0.61918
5	0.06107	0.00611	0.00736	0.19141	0.01150	0.02582	0.00575	0.05260	0.10818	0.05548	0.14859	0.08777	0.19082	0.00671	0.00411	0.00128	0.00316	0.00567	0.02229	0.00433

[dist]
# distance from previous block
# <min> <max>
1	7

[block]
# block no. 2 follows, 70 sequences, length 14
# corresponding to MSA columns:
# 174-187
name=unknown_C
#
# <colnr> <probs for GDERKNQSTAVLIFYWHMCP>
#	G	D	E	R	K	N	Q	S	T	A	V	L	I	F	Y	W	H	M	C	P
0	0.04364	0.09536	0.06685	0.12997	0.31408	0.05231	0.09724	0.03233	0.02197	0.02402	0.00818	0.01047	0.00671	0.00427	0.00418	0.00131	0.01511	0.00357	0.00236	0.06606
1	0.00788	0.01944	0.79680	0.01177	0.06336	0.00902	0.01419	0.01226	0.00822	0.01230	0.00698	0.00826	0.00498	0.00367	0.00369	0.00122	0.00567	0.00290	0.00165	0.00575
2	0.10716	0.00388	0.00504	0.00497	0.00525	0.00401	0.00336	0.00583	0.00528	0.00802	0.00712	0.01250	0.00717	0.09645	0.01415	0.69911	0.00336	0.00345	0.00183	0.00204
3	0.01025	0.00892	0.00909	0.00805	0.01031	0.04190	0.00629	0.08690	0.73397	0.01664	0.01487	0.01375	0.01114	0.00516	0.00392	0.00129	0.00332	0.00424	0.00386	0.00611
4	0.00590	0.00469	0.00541	0.00512	0.00620	0.03184	0.00387	0.00808	0.05610	0.01455	0.62872	0.02899	0.15236	0.00799	0.00452	0.00124	0.00213	0.02448	0.00406	0.00376
5	0.00482	0.00347	0.00455	0.00533	0.00566	0.00323	0.00362	0.00558	0.00767	0.01020	0.06069	0.74070	0.06572	0.02861	0.00522	0.00159	0.00228	0.03428	0.00360	0.00318
6	0.01694	0.00733	0.00945	0.00724	0.01026	0.00678	0.00598	0.15730	0.01232	0.70212	0.01427	0.01253	0.00908	0.00477	0.00390	0.00119	0.00346	0.00383	0.00464	0.00660
7	0.43616	0.00825	0.00789	0.00647	0.00905	0.00913	0.00532	0.28881	0.01113	0.10443	0.00830	0.00865	0.00601	0.00415	0.00308	0.00116	0.00337	0.00287	0.07056	0.00521
8	0.00509	0.00397	0.00463	0.00466	0.00565	0.00358	0.00342	0.00662	0.03323	0.01241	0.32956	0.18082	0.37355	0.00940	0.00463	0.00132	0.00200	0.00815	0.00386	0.00348
9	0.00589	0.00402	0.00512	0.00486	0.00576	0.00369	0.00356	0.00740	0.01011	0.04831	0.62035	0.07664	0.09020	0.08979	0.00601	0.00149	0.00211	0.00707	0.00402	0.00360
10	0.03647	0.00579	0.00760	0.00644	0.00859	0.00530	0.00514	0.02626	0.03574	0.50154	0.06952	0.14393	0.04262	0.00756	0.03987	0.00150	0.00331	0.04311	0.00427	0.00542
11	0.00576	0.00506	0.03570	0.03333	0.00709	0.00462	0.00439	0.03054	0.02454	0.01141	0.15721	0.11839	0.36895	0.04364	0.02019	0.04965	0.04839	0.02431	0.00331	0.00353
12	0.01987	0.26554	0.04782	0.02608	0.01841	0.09799	0.03224	0.05547	0.05922	0.01138	0.03639	0.02264	0.10646	0.01330	0.00485	0.00120	0.11108	0.04572	0.00243	0.02191
13	0.07278	0.11749	0.13878	0.08437	0.04927	0.09513	0.02851	0.06608	0.08449	0.04022	0.00873	0.02614	0.02143	0.00447	0.01333	0.00116	0.02801	0.00324	0.01244	0.10394

[dist]
# distance from previous block
# <min> <max>
0	50

[block]
# block no. 3 follows, 70 sequences, length 20
# corresponding to MSA columns:
# 240-259
name=unknown_D
#
# <colnr> <probs for GDERKNQSTAVLIFYWHMCP>
#	G	D	E	R	K	N	Q	S	T	A	V	L	I	F	Y	W	H	M	C	P
0	0.05703	0.21125	0.10394	0.01036	0.08945	0.11168	0.00819	0.07417	0.01032	0.05145	0.01109	0.07581	0.02489	0.01939	0.09513	0.00203	0.00573	0.00428	0.00302	0.03079
1	0.00991	0.19459	0.23446	0.02158	0.07823	0.04916	0.05395	0.09411	0.08608	0.04325	0.03063	0.02226	0.02573	0.00424	0.00366	0.00113	0.01242	0.00340	0.00241	0.02880
2	0.00559	0.00441	0.00500	0.00512	0.00598	0.01685	0.00370	0.02169	0.05091	0.01113	0.10490	0.28343	0.29548	0.08323	0.03060	0.00174	0.01711	0.02701	0.02265	0.00346
3	0.02964	0.00920	0.10358	0.19545	0.21475	0.02244	0.07038	0.07439	0.04652	0.01292	0.04584	0.02456	0.06494	0.00557	0.03066	0.00141	0.00472	0.03555	0.00241	0.00507
4	0.00622	0.00473	0.00568	0.00524	0.00674	0.00410	0.00390	0.00787	0.03383	0.01238	0.16014	0.27632	0.08825	0.00760	0.00403	0.00114	0.00235	0.02791	0.08508	0.25650
5	0.00547	0.00392	0.00464	0.00469	0.00571	0.00346	0.00343	0.00662	0.00914	0.05192	0.24085	0.24484	0.38183	0.00968	0.00464	0.00135	0.00207	0.00840	0.00383	0.00350
6	0.01210	0.00848	0.00919	0.00754	0.00998	0.00930	0.00607	0.37920	0.25100	0.08956	0.03643	0.01247	0.00974	0.00492	0.00374	0.00117	0.00340	0.00390	0.13588	0.00593
7	0.00555	0.00378	0.00470	0.00508	0.00581	0.00341	0.00360	0.00639	0.00819	0.05687	0.07097	0.47840	0.25080	0.02460	0.00524	0.02097	0.00230	0.03632	0.00364	0.00337
8	0.09326	0.00730	0.00853	0.00698	0.00959	0.00741	0.00564	0.07639	0.24003	0.43292	0.01396	0.01272	0.00954	0.00479	0.00371	0.00121	0.00319	0.00383	0.05291	0.00609
9	0.00992	0.00846	0.00892	0.00795	0.01019	0.00977	0.00620	0.06416	0.78856	0.01666	0.01543	0.01419	0.01155	0.00523	0.00394	0.00131	0.00313	0.00433	0.00394	0.00616
10	0.89114	0.00750	0.00570	0.00510	0.00750	0.00870	0.00420	0.01140	0.00660	0.01739	0.00540	0.00630	0.00420	0.00360	0.00240	0.00120	0.00300	0.00210	0.00240	0.00420
11	0.00565	0.00413	0.00525	0.00498	0.00596	0.00385	0.00375	0.02878	0.01081	0.01506	0.69944	0.05866	0.10353	0.00821	0.00459	0.00125	0.00196	0.02632	0.00416	0.00368
12	0.00960	0.00921	0.01574	0.02380	0.83957	0.00921	0.01190	0.01190	0.00883	0.01267	0.00729	0.00960	0.00614	0.00345	0.00384	0.00115	0.00461	0.00345	0.00192	0.00614
13	0.01421	0.00627	0.00798	0.00639	0.00885	0.00582	0.00518	0.06500	0.06108	0.54574	0.07646	0.01443	0.01164	0.00501	0.00376	0.00116	0.00299	0.00409	0.14807	0.00586
14	0.00673	0.00524	0.00663	0.00665	0.00775	0.00543	0.02964	0.02212	0.21974	0.02371	0.07830	0.38415	0.04073	0.00931	0.00468	0.00149	0.00281	0.13702	0.00370	0.00418
15	0.00885	0.00830	0.00841	0.00630	0.00954	0.10521	0.00498	0.01074	0.03111	0.01236	0.00703	0.00809	0.00582	0.00307	0.00297	0.00064	0.00336	0.00238	0.00231	0.75852
16	0.01100	0.50142	0.08632	0.00772	0.01076	0.20287	0.00727	0.01281	0.03482	0.03484	0.05261	0.00829	0.00709	0.00386	0.00302	0.00095	0.00474	0.00264	0.00204	0.00494
17	0.01019	0.05930	0.17980	0.05287	0.18563	0.11326	0.04726	0.06315	0.02773	0.08747	0.03103	0.02075	0.05468	0.01431	0.00401	0.00121	0.00474	0.02312	0.01417	0.00533
18	0.00778	0.08840	0.27147	0.03586	0.07681	0.01953	0.00854	0.01092	0.06956	0.03329	0.15264	0.03825	0.06667	0.04230	0.02042	0.00143	0.02284	0.02584	0.00264	0.00483
19	0.00550	0.00444	0.00637	0.21736	0.01104	0.00466	0.00553	0.00682	0.00792	0.01026	0.04045	0.44493	0.13219	0.00953	0.00466	0.00148	0.00304	0.07719	0.00314	0.00350

[dist]
# distance from previous block
# <min> <max>
2	4

[block]
# block no. 4 follows, 70 sequences, length 28
# corresponding to MSA columns:
# 264-291
name=unknown_E
#
# <colnr> <probs for GDERKNQSTAVLIFYWHMCP>
#	G	D	E	R	K	N	Q	S	T	A	V	L	I	F	Y	W	H	M	C	P
0	0.01398	0.01030	0.01169	0.00948	0.04608	0.01123	0.02916	0.70652	0.01697	0.04691	0.03792	0.02373	0.00797	0.00480	0.00394	0.00118	0.00420	0.00377	0.00378	0.00638
1	0.10526	0.08688	0.05492	0.07349	0.06208	0.22417	0.14845	0.02903	0.00885	0.01171	0.00696	0.00924	0.00577	0.00420	0.00456	0.00119	0.09824	0.02106	0.03920	0.00473
2	0.89114	0.00750	0.00570	0.00510	0.00750	0.00870	0.00420	0.01140	0.00660	0.01739	0.00540	0.00630	0.00420	0.00360	0.00240	0.00120	0.00300	0.00210	0.00240	0.00420
3	0.01928	0.00703	0.01138	0.29853	0.27881	0.00761	0.02906	0.04143	0.00829	0.02189	0.00948	0.10902	0.00889	0.03082	0.00538	0.07069	0.00437	0.03123	0.00221	0.00461
4	0.00610	0.00467	0.00544	0.00577	0.00682	0.00419	0.00443	0.00707	0.00933	0.01190	0.09075	0.16048	0.40686	0.02502	0.00548	0.00168	0.00280	0.23349	0.00391	0.00383
5	0.00509	0.00372	0.00479	0.00500	0.00567	0.00342	0.00357	0.00638	0.00934	0.01280	0.43407	0.36499	0.10716	0.00980	0.00472	0.00137	0.00201	0.00874	0.00394	0.00342
6	0.00850	0.00853	0.01217	0.01034	0.01045	0.01182	0.03038	0.00941	0.00602	0.00941	0.00516	0.00853	0.00511	0.00669	0.01250	0.00169	0.83387	0.00342	0.00170	0.00427
7	0.01036	0.86609	0.02032	0.00663	0.00995	0.01534	0.00663	0.01161	0.00788	0.00912	0.00539	0.00622	0.00498	0.00332	0.00249	0.00083	0.00415	0.00207	0.00166	0.00498
8	0.02452	0.00502	0.00555	0.00553	0.00666	0.01912	0.00441	0.10898	0.00950	0.01435	0.01510	0.12760	0.01447	0.00705	0.00382	0.00125	0.00273	0.21162	0.40878	0.00394
9	0.00848	0.00848	0.01187	0.01018	0.01018	0.01187	0.00848	0.00933	0.00594	0.00933	0.00509	0.00848	0.00509	0.00679	0.01272	0.00170	0.85666	0.00339	0.00170	0.00424
10	0.01720	0.00691	0.00919	0.00705	0.01005	0.00617	0.00582	0.07876	0.01162	0.78164	0.01485	0.01291	0.00937	0.00479	0.00390	0.00120	0.00337	0.00387	0.00473	0.00660
11	0.00778	0.02005	0.84367	0.01105	0.01678	0.00900	0.01432	0.01228	0.00818	0.01228	0.00696	0.00818	0.00491	0.00368	0.00368	0.00123	0.00573	0.00286	0.00164	0.00573
12	0.00478	0.00395	0.00420	0.00418	0.00541	0.00337	0.00316	0.00592	0.00917	0.01130	0.16239	0.03622	0.68719	0.00955	0.00461	0.00131	0.00200	0.03425	0.00370	0.00334
13	0.00476	0.00342	0.00452	0.00534	0.00562	0.00318	0.00359	0.00550	0.00763	0.01019	0.06250	0.79949	0.04614	0.01188	0.00492	0.00155	0.00222	0.01075	0.00363	0.00318
14	0.01410	0.00691	0.00837	0.00664	0.00915	0.00673	0.00541	0.20406	0.02543	0.43805	0.05154	0.01329	0.01025	0.00486	0.00369	0.00114	0.00316	0.00390	0.17746	0.00587
15	0.00478	0.00359	0.00432	0.00484	0.00539	0.00325	0.00330	0.00552	0.00779	0.01002	0.04855	0.51985	0.26805	0.08444	0.00610	0.00167	0.00228	0.00960	0.00351	0.00313
16	0.00732	0.00689	0.01163	0.85444	0.02670	0.00861	0.01077	0.00991	0.00775	0.00991	0.00689	0.01034	0.00517	0.00388	0.00388	0.00129	0.00517	0.00345	0.00172	0.00431
17	0.27055	0.00619	0.00687	0.00603	0.00808	0.00624	0.00478	0.05785	0.00916	0.30900	0.01349	0.20447	0.01189	0.00628	0.00370	0.00129	0.00298	0.02995	0.03631	0.00491
18	0.00593	0.00381	0.00443	0.00448	0.00461	0.00375	0.00263	0.00608	0.00607	0.03748	0.01354	0.13597	0.01547	0.72012	0.01721	0.00338	0.00354	0.00629	0.00260	0.00261
19	0.01429	0.01796	0.01144	0.01019	0.01229	0.79330	0.03745	0.03883	0.01113	0.01003	0.00616	0.00719	0.00507	0.00399	0.00355	0.00101	0.00690	0.00260	0.00205	0.00458
20	0.02156	0.00569	0.00771	0.11195	0.03940	0.00612	0.00572	0.01151	0.16249	0.13979	0.03490	0.04916	0.02588	0.04275	0.16107	0.15799	0.00475	0.00437	0.00290	0.00430
21	0.00578	0.00412	0.00534	0.00527	0.00587	0.00421	0.00378	0.00691	0.01816	0.02575	0.25832	0.12988	0.06780	0.21674	0.16933	0.01574	0.03193	0.01861	0.00314	0.00329
22	0.00574	0.00421	0.00513	0.00571	0.00624	0.00380	0.00387	0.00628	0.00843	0.01117	0.08056	0.62538	0.16139	0.04416	0.00580	0.00175	0.00256	0.01026	0.00389	0.00366
23	0.00528	0.00374	0.00487	0.00544	0.00594	0.00354	0.00384	0.00617	0.00801	0.03272	0.08960	0.61730	0.11308	0.01115	0.00504	0.00152	0.02122	0.05454	0.00364	0.00334
24	0.00954	0.14852	0.25290	0.08378	0.13797	0.12248	0.10928	0.01232	0.02036	0.01118	0.00676	0.00849	0.00536	0.00379	0.00411	0.00116	0.05184	0.00308	0.00181	0.00525
25	0.00845	0.06822	0.39958	0.04211	0.05387	0.02050	0.20915	0.02866	0.02398	0.01208	0.00807	0.05973	0.00662	0.00423	0.00427	0.00126	0.03811	0.00382	0.00195	0.00533
26	0.02307	0.04360	0.00567	0.00495	0.00631	0.00449	0.00397	0.00873	0.00893	0.10135	0.08721	0.04583	0.27468	0.02113	0.00431	0.00129	0.00247	0.13718	0.21095	0.00387
27	0.01824	0.06333	0.07886	0.03008	0.16700	0.03153	0.10325	0.06966	0.03133	0.06457	0.06512	0.06202	0.04053	0.00587	0.02823	0.01037	0.04657	0.01385	0.06457	0.00502

[dist]
# distance from previous block
# <min> <max>
10	35

[block]
# block no. 5 follows, 70 sequences, length 22
# corresponding to MSA columns:
# 336-357
name=unknown_F
#
# <colnr> <probs for GDERKNQSTAVLIFYWHMCP>
#	G	D	E	R	K	N	Q	S	T	A	V	L	I	F	Y	W	H	M	C	P
0	0.19717	0.07938	0.17310	0.06159	0.11373	0.11175	0.02854	0.03891	0.02644	0.03569	0.04570	0.00914	0.00679	0.00412	0.00391	0.00118	0.05256	0.00305	0.00223	0.00503
1	0.00591	0.00396	0.00487	0.00495	0.00551	0.01712	0.00348	0.00621	0.02071	0.00966	0.10464	0.14360	0.18699	0.06788	0.05249	0.29890	0.00313	0.01863	0.03855	0.00280
2	0.00971	0.04237	0.19608	0.06380	0.39070	0.00962	0.09506	0.08531	0.00948	0.03569	0.00755	0.00935	0.00587	0.00370	0.00399	0.00119	0.01922	0.00341	0.00209	0.00584
3	0.00543	0.00375	0.00447	0.00473	0.00526	0.00347	0.00314	0.00605	0.00748	0.03746	0.05901	0.35252	0.20534	0.27305	0.00936	0.00216	0.00267	0.00831	0.00329	0.00307
4	0.14053	0.00663	0.00817	0.00660	0.00909	0.00647	0.00540	0.03979	0.04047	0.52541	0.03796	0.01323	0.03215	0.00630	0.05149	0.00150	0.03523	0.00384	0.02400	0.00573
5	0.00491	0.00353	0.00470	0.00557	0.00592	0.00332	0.00391	0.00574	0.00766	0.01013	0.02187	0.72914	0.05291	0.01188	0.00499	0.00159	0.00241	0.11301	0.00360	0.00321
6	0.00553	0.00401	0.00571	0.00577	0.00629	0.00448	0.00426	0.00655	0.00627	0.00887	0.02803	0.07512	0.01200	0.17037	0.60664	0.03142	0.00831	0.00491	0.00226	0.00320
7	0.00542	0.00405	0.00457	0.00438	0.00562	0.00351	0.00331	0.00671	0.00967	0.04593	0.31619	0.03343	0.52545	0.00896	0.00455	0.00127	0.00197	0.00760	0.00388	0.00354
8	0.01401	0.01050	0.01123	0.00877	0.01175	0.01168	0.00719	0.71182	0.13423	0.02326	0.01023	0.01004	0.00734	0.00474	0.00389	0.00119	0.00410	0.00362	0.00389	0.00653
9	0.00809	0.01498	0.48884	0.17801	0.13972	0.00902	0.04944	0.01210	0.04111	0.01203	0.00739	0.00917	0.00546	0.00373	0.00379	0.00124	0.00538	0.00320	0.00180	0.00551
10	0.00733	0.00505	0.00615	0.00548	0.00723	0.00428	0.00411	0.02680	0.00874	0.10163	0.08497	0.30946	0.14004	0.00777	0.00412	0.00116	0.00251	0.00677	0.00341	0.26298
11	0.00804	0.00689	0.00804	0.00574	0.00919	0.00517	0.00459	0.00976	0.00804	0.01263	0.00689	0.00804	0.00574	0.00287	0.00287	0.00057	0.00287	0.00230	0.00230	0.88745
12	0.00723	0.00361	0.00361	0.00361	0.00452	0.00361	0.00271	0.00903	0.00813	0.01445	0.01265	0.01445	0.00994	0.00452	0.00271	0.00090	0.00181	0.00361	0.88528	0.00361
13	0.89114	0.00750	0.00570	0.00510	0.00750	0.00870	0.00420	0.01140	0.00660	0.01739	0.00540	0.00630	0.00420	0.00360	0.00240	0.00120	0.00300	0.00210	0.00240	0.00420
14	0.01027	0.83477	0.05079	0.00680	0.01020	0.01511	0.00692	0.01163	0.00789	0.00924	0.00545	0.00629	0.00497	0.00333	0.00253	0.00084	0.00420	0.00210	0.00166	0.00500
15	0.02771	0.00611	0.00761	0.00629	0.00851	0.00575	0.00504	0.11107	0.01086	0.45065	0.02925	0.11549	0.02883	0.00584	0.00385	0.00120	0.00299	0.01669	0.15078	0.00549
16	0.01493	0.01054	0.01144	0.00877	0.01187	0.01156	0.00725	0.76705	0.01770	0.08477	0.00975	0.00959	0.00681	0.00466	0.00388	0.00117	0.00419	0.00352	0.00395	0.00659
17	0.00595	0.00436	0.00581	0.00648	0.00739	0.00427	0.00545	0.00776	0.02757	0.01172	0.08285	0.11302	0.11413	0.01041	0.00514	0.00166	0.00314	0.57568	0.00364	0.00356
18	0.10067	0.19194	0.17805	0.03573	0.04771	0.08945	0.00813	0.14564	0.01902	0.03919	0.00984	0.03097	0.06739	0.00454	0.00356	0.00113	0.01605	0.00338	0.00245	0.00518
19	0.00737	0.03506	0.05152	0.00730	0.00867	0.04670	0.04808	0.03243	0.06833	0.02115	0.04916	0.15446	0.06349	0.04584	0.16363	0.00237	0.09204	0.04794	0.05038	0.00409
20	0.00657	0.03185	0.09926	0.00622	0.00771	0.00511	0.00522	0.02336	0.08580	0.05634	0.05699	0.44789	0.13408	0.00925	0.00450	0.00141	0.00281	0.00813	0.00345	0.00406
21	0.05521	0.03956	0.16437	0.02002	0.05164	0.05259	0.14546	0.12913	0.03170	0.11842	0.04930	0.01264	0.04066	0.00484	0.01329	0.00126	0.00462	0.02247	0.03745	0.00537

[dist]
# distance from previous block
# <min> <max>
12	56

[block]
# block no. 6 follows, 70 sequences, length 44
# corresponding to MSA columns:
# 421-464
name=unknown_G
#
# <colnr> <probs for GDERKNQSTAVLIFYWHMCP>
#	G	D	E	R	K	N	Q	S	T	A	V	L	I	F	Y	W	H	M	C	P
0	0.12262	0.06184	0.02202	0.09531	0.23056	0.03497	0.05820	0.10939	0.06687	0.01410	0.01852	0.02947	0.01658	0.00496	0.02730	0.00132	0.02466	0.01207	0.01402	0.03523
1	0.14945	0.02734	0.06176	0.04359	0.07127	0.03567	0.03630	0.07592	0.33904	0.04235	0.04077	0.01200	0.00937	0.02016	0.00393	0.00128	0.00374	0.00374	0.01685	0.00547
2	0.00610	0.02208	0.00549	0.00500	0.00626	0.00422	0.00380	0.00791	0.05271	0.04978	0.29094	0.11579	0.30029	0.03656	0.00497	0.00136	0.00228	0.04083	0.00375	0.03988
3	0.00608	0.00497	0.00581	0.00595	0.00674	0.04795	0.02158	0.03263	0.03081	0.02028	0.12085	0.51415	0.11868	0.01011	0.00488	0.00145	0.02139	0.01854	0.00355	0.00359
4	0.00741	0.00699	0.01180	0.82045	0.05996	0.00864	0.01081	0.00999	0.00780	0.01002	0.00691	0.01031	0.00521	0.00386	0.00387	0.00129	0.00514	0.00345	0.00173	0.00438
5	0.89114	0.00750	0.00570	0.00510	0.00750	0.00870	0.00420	0.01140	0.00660	0.01739	0.00540	0.00630	0.00420	0.00360	0.00240	0.00120	0.00300	0.00210	0.00240	0.00420
6	0.00744	0.00701	0.01184	0.81087	0.06933	0.00864	0.01083	0.01001	0.00781	0.01005	0.00691	0.01030	0.00522	0.00385	0.00387	0.00128	0.00514	0.00345	0.00173	0.00440
7	0.05117	0.04203	0.15021	0.00765	0.01006	0.15988	0.00683	0.10931	0.02820	0.10796	0.01117	0.09873	0.02212	0.14042	0.00627	0.00160	0.00443	0.01602	0.02122	0.00471
8	0.07026	0.07717	0.01085	0.00893	0.01075	0.54218	0.00693	0.03916	0.00976	0.01044	0.00646	0.00820	0.00560	0.02922	0.05237	0.00144	0.08587	0.00275	0.01725	0.00442
9	0.00559	0.00401	0.00514	0.00509	0.00547	0.00427	0.00348	0.00626	0.00632	0.00869	0.05663	0.02219	0.05962	0.44783	0.32299	0.00436	0.02147	0.00527	0.00241	0.00291
10	0.10012	0.15815	0.01246	0.01039	0.14783	0.08850	0.00740	0.23722	0.05948	0.05099	0.02286	0.01050	0.00742	0.00491	0.02093	0.00124	0.01798	0.03328	0.00281	0.00551
11	0.00864	0.05140	0.07189	0.13291	0.33672	0.01878	0.10046	0.02197	0.05200	0.01197	0.00982	0.07573	0.03629	0.00464	0.00427	0.00124	0.03562	0.00425	0.01616	0.00525
12	0.00745	0.00652	0.00951	0.13509	0.24592	0.01805	0.00739	0.03845	0.06492	0.01237	0.12023	0.23207	0.06124	0.00689	0.00438	0.00131	0.01452	0.00616	0.00292	0.00460
13	0.77368	0.02338	0.00685	0.02483	0.01933	0.06214	0.01871	0.01165	0.00700	0.01643	0.00554	0.00654	0.00434	0.00362	0.00256	0.00118	0.00340	0.00221	0.00233	0.00428
14	0.00677	0.00577	0.02026	0.03178	0.14503	0.00563	0.04996	0.00867	0.02582	0.02451	0.28714	0.03314	0.12048	0.07227	0.07112	0.00183	0.03475	0.02224	0.02869	0.00414
15	0.00590	0.00410	0.00529	0.00494	0.00594	0.00380	0.00372	0.00785	0.02389	0.03841	0.77177	0.02816	0.04904	0.00776	0.00451	0.00122	0.00189	0.00684	0.02119	0.00377
16	0.00732	0.00689	0.01163	0.85444	0.02670	0.00861	0.01077	0.00991	0.00775	0.00991	0.00689	0.01034	0.00517	0.00388	0.00388	0.00129	0.00517	0.00345	0.00172	0.00431
17	0.00982	0.00842	0.00887	0.00793	0.01015	0.00973	0.00618	0.04892	0.80396	0.01651	0.01555	0.01428	0.01165	0.00524	0.00394	0.00131	0.00311	0.00435	0.00394	0.00615
18	0.00960	0.00921	0.01574	0.02380	0.83957	0.00921	0.01190	0.01190	0.00883	0.01267	0.00729	0.00960	0.00614	0.00345	0.00384	0.00115	0.00461	0.00345	0.00192	0.00614
19	0.00804	0.00689	0.00804	0.00574	0.00919	0.00517	0.00459	0.00976	0.00804	0.01263	0.00689	0.00804	0.00574	0.00287	0.00287	0.00057	0.00287	0.00230	0.00230	0.88745
20	0.89114	0.00750	0.00570	0.00510	0.00750	0.00870	0.00420	0.01140	0.00660	0.01739	0.00540	0.00630	0.00420	0.00360	0.00240	0.00120	0.00300	0.00210	0.00240	0.00420
21	0.00732	0.00689	0.01163	0.85444	0.02670	0.00861	0.01077	0.00991	0.00775	0.00991	0.00689	0.01034	0.00517	0.00388	0.00388	0.00129	0.00517	0.00345	0.00172	0.00431
22	0.04183	0.00709	0.00929	0.09119	0.10413	0.01974	0.02141	0.14496	0.02789	0.14425	0.03136	0.04983	0.03999	0.08596	0.06711	0.00183	0.00432	0.05789	0.00310	0.04684
23	0.01036	0.86609	0.02032	0.00663	0.00995	0.01534	0.00663	0.01161	0.00788	0.00912	0.00539	0.00622	0.00498	0.00332	0.00249	0.00083	0.00415	0.00207	0.00166	0.00498
24	0.01485	0.01068	0.01153	0.00884	0.01194	0.01176	0.00730	0.79359	0.01794	0.05790	0.00955	0.00947	0.00672	0.00466	0.00388	0.00116	0.00423	0.00351	0.00392	0.00659
25	0.00845	0.02095	0.03405	0.03256	0.13850	0.10778	0.10061	0.03271	0.00906	0.01208	0.08434	0.14821	0.04131	0.02174	0.00423	0.00116	0.00405	0.00492	0.00260	0.19070
26	0.00625	0.00502	0.03956	0.00546	0.01826	0.00406	0.00426	0.00771	0.02011	0.07248	0.15285	0.20583	0.33874	0.00882	0.00447	0.00131	0.00242	0.03621	0.00360	0.06259
27	0.01138	0.00906	0.00961	0.00810	0.01057	0.01027	0.00645	0.30998	0.50910	0.01911	0.01334	0.01261	0.00988	0.00501	0.00387	0.00125	0.00345	0.00403	0.03671	0.00621
28	0.00542	0.00418	0.00515	0.00583	0.01612	0.03270	0.00399	0.00622	0.00736	0.00973	0.03388	0.56061	0.02142	0.11206	0.11111	0.00238	0.00369	0.05175	0.00320	0.00321
29	0.01435	0.01049	0.01122	0.00865	0.01164	0.01159	0.00713	0.78453	0.01771	0.02392	0.00948	0.00957	0.00677	0.00465	0.00382	0.00115	0.00414	0.00350	0.04928	0.00644
30	0.00947	0.00903	0.01538	0.02318	0.80863	0.00903	0.01169	0.01175	0.00883	0.01263	0.00778	0.01087	0.00674	0.00372	0.00389	0.00117	0.00457	0.03359	0.00198	0.00605
31	0.01474	0.01086	0.01163	0.00892	0.01202	0.01202	0.00737	0.82664	0.01823	0.02443	0.00931	0.00931	0.00659	0.00465	0.00388	0.00116	0.00427	0.00349	0.00388	0.00659
32	0.00723	0.00361	0.00361	0.00361	0.00452	0.00361	0.00271	0.00903	0.00813	0.01445	0.01265	0.01445	0.00994	0.00452	0.00271	0.00090	0.00181	0.00361	0.88528	0.00361
33	0.04116	0.01005	0.01068	0.00850	0.01133	0.01122	0.00693	0.61000	0.19348	0.02214	0.01083	0.02775	0.00804	0.00490	0.00387	0.00121	0.00393	0.00379	0.00384	0.00635
34	0.01036	0.86609	0.02032	0.00663	0.00995	0.01534	0.00663	0.01161	0.00788	0.00912	0.00539	0.00622	0.00498	0.00332	0.00249	0.00083	0.00415	0.00207	0.00166	0.00498
35	0.00960	0.00921	0.01574	0.02380	0.83957	0.00921	0.01190	0.01190	0.00883	0.01267	0.00729	0.00960	0.00614	0.00345	0.00384	0.00115	0.00461	0.00345	0.00192	0.00614
36	0.00470	0.00345	0.00442	0.00519	0.00557	0.00317	0.00351	0.00542	0.00762	0.00998	0.02386	0.74668	0.13858	0.01182	0.00490	0.00154	0.00221	0.01063	0.00360	0.00317
37	0.00877	0.00522	0.00569	0.00513	0.00660	0.00534	0.00398	0.10412	0.09212	0.08672	0.04522	0.05130	0.08595	0.00606	0.02104	0.00119	0.00256	0.00455	0.45402	0.00441
38	0.00704	0.00537	0.01939	0.00710	0.03763	0.00517	0.03585	0.07454	0.04738	0.03557	0.06025	0.28738	0.09234	0.02491	0.00489	0.00149	0.00303	0.18826	0.05839	0.00403
39	0.00854	0.00804	0.01326	0.22562	0.51169	0.00852	0.01049	0.01110	0.03919	0.01199	0.03539	0.04089	0.03769	0.00434	0.00406	0.00122	0.01642	0.00403	0.00214	0.00538
40	0.00934	0.01033	0.02163	0.01558	0.01931	0.00991	0.74406	0.03850	0.04806	0.01291	0.00820	0.01057	0.00617	0.00348	0.00469	0.00131	0.02403	0.00451	0.00211	0.00529
41	0.00663	0.00520	0.02786	0.04650	0.06875	0.00494	0.00496	0.04895	0.00853	0.03167	0.18208	0.17051	0.03940	0.23627	0.04647	0.00222	0.00354	0.05874	0.00311	0.00368
42	0.00785	0.02412	0.00787	0.00792	0.07160	0.00712	0.00568	0.03136	0.37154	0.01403	0.09269	0.11012	0.11852	0.00716	0.00427	0.00135	0.00293	0.09012	0.01882	0.00492
43	0.40280	0.00937	0.00901	0.00723	0.01002	0.01055	0.00596	0.46566	0.01308	0.02132	0.00758	0.00797	0.00553	0.00419	0.00322	0.00118	0.00370	0.00287	0.00322	0.00553

[dist]
# distance from previous block
# <min> <max>
0	1

[block]
# block no. 7 follows, 70 sequences, length 10
# corresponding to MSA columns:
# 466-475
name=unknown_H
#
# <colnr> <probs for GDERKNQSTAVLIFYWHMCP>
#	G	D	E	R	K	N	Q	S	T	A	V	L	I	F	Y	W	H	M	C	P
0	0.00510	0.00379	0.00449	0.00476	0.00560	0.00337	0.00341	0.00609	0.00856	0.02935	0.13967	0.35132	0.36245	0.03046	0.00508	0.00146	0.00216	0.02586	0.00369	0.00334
1	0.02427	0.00523	0.00554	0.00570	0.00654	0.05121	0.00406	0.05274	0.07913	0.01211	0.06557	0.45507	0.05618	0.05211	0.00512	0.00149	0.00270	0.00792	0.10357	0.00374
2	0.01401	0.04757	0.01148	0.01018	0.03387	0.59137	0.00762	0.12688	0.01197	0.01243	0.00856	0.04198	0.00766	0.00518	0.00398	0.00121	0.00627	0.05006	0.00263	0.00510
3	0.22458	0.00782	0.00793	0.00653	0.00893	0.02812	0.00530	0.24136	0.06485	0.18020	0.01053	0.01062	0.00756	0.00443	0.00329	0.00113	0.00328	0.00329	0.17488	0.00536
4	0.00599	0.00447	0.00539	0.00535	0.00638	0.00427	0.00395	0.00796	0.08073	0.03042	0.19635	0.26825	0.19246	0.03538	0.00531	0.01551	0.01829	0.04373	0.01875	0.05107
5	0.00982	0.00887	0.00820	0.00743	0.00926	0.15104	0.00569	0.04370	0.41686	0.04303	0.15386	0.06597	0.01537	0.00584	0.00399	0.00124	0.00348	0.00483	0.03632	0.00519
6	0.01172	0.00880	0.05728	0.00765	0.00989	0.03208	0.00634	0.38210	0.05213	0.09867	0.00970	0.01152	0.00762	0.05382	0.05765	0.17672	0.00444	0.00364	0.00317	0.00508
7	0.00878	0.10440	0.07128	0.05721	0.02582	0.06980	0.07323	0.11036	0.03630	0.02138	0.07201	0.18017	0.01256	0.03602	0.03885	0.00152	0.03365	0.00515	0.01278	0.02873
8	0.00520	0.00401	0.00564	0.03467	0.00696	0.00383	0.04027	0.00620	0.00787	0.01046	0.10269	0.50980	0.11260	0.07734	0.03434	0.00182	0.00289	0.02675	0.00338	0.00330
9	0.00546	0.00385	0.00471	0.00499	0.00551	0.00371	0.00353	0.00631	0.00764	0.01019	0.10957	0.18767	0.13113	0.30267	0.03078	0.00237	0.00309	0.14094	0.03285	0.00304

[dist]
# distance from previous block
# <min> <max>
1	13

[block]
# block no. 8 follows, 70 sequences, length 12
# corresponding to MSA columns:
# 489-500
name=unknown_I
#
# <colnr> <probs for GDERKNQSTAVLIFYWHMCP>
#	G	D	E	R	K	N	Q	S	T	A	V	L	I	F	Y	W	H	M	C	P
0	0.12880	0.00883	0.05381	0.03348	0.04534	0.06245	0.06094	0.02423	0.00829	0.02752	0.00706	0.02088	0.00581	0.00349	0.00343	0.00089	0.02912	0.00276	0.00227	0.47061
1	0.00635	0.00462	0.00540	0.00547	0.02832	0.02622	0.00388	0.00783	0.02455	0.05741	0.33117	0.12473	0.21967	0.07767	0.00570	0.00148	0.00242	0.02662	0.03679	0.00369
2	0.00610	0.00483	0.00667	0.00659	0.02882	0.01955	0.02896	0.00703	0.00628	0.00874	0.01078	0.04304	0.01111	0.31278	0.42424	0.00459	0.05965	0.00479	0.00218	0.00326
3	0.00470	0.00348	0.00439	0.00511	0.00555	0.00317	0.00347	0.00543	0.00770	0.01001	0.02485	0.70083	0.18378	0.01169	0.00488	0.00152	0.00219	0.01047	0.00360	0.00317
4	0.01088	0.35853	0.04054	0.04694	0.21906	0.04136	0.02174	0.13718	0.02363	0.03302	0.00704	0.00823	0.00577	0.00377	0.00353	0.00105	0.02710	0.00289	0.00220	0.00554
5	0.01907	0.00547	0.02255	0.00629	0.00726	0.03542	0.00488	0.06688	0.00739	0.03037	0.01060	0.03407	0.01003	0.13850	0.54432	0.02196	0.00807	0.00432	0.01889	0.00366
6	0.00485	0.00362	0.00455	0.00510	0.00568	0.00333	0.00359	0.00577	0.00810	0.01060	0.10413	0.53343	0.21277	0.01176	0.03498	0.00165	0.00248	0.03675	0.00361	0.00325
7	0.00519	0.00393	0.00479	0.00463	0.00562	0.00352	0.00345	0.00672	0.01019	0.01382	0.56964	0.06977	0.26722	0.00867	0.00459	0.00126	0.00189	0.00753	0.00404	0.00352
8	0.00533	0.00396	0.00477	0.00501	0.00578	0.00374	0.00357	0.00703	0.05960	0.01199	0.22901	0.37508	0.19018	0.02774	0.00492	0.00143	0.00215	0.00856	0.04663	0.00349
9	0.00868	0.00752	0.00911	0.02065	0.04706	0.03129	0.03102	0.01073	0.03286	0.03933	0.00742	0.00855	0.00603	0.00316	0.00323	0.00071	0.01724	0.00258	0.00237	0.71047
10	0.04808	0.04321	0.12587	0.08888	0.16808	0.17367	0.11453	0.05647	0.02954	0.05292	0.00745	0.00902	0.00577	0.00398	0.00428	0.00119	0.05632	0.00327	0.00218	0.00529
11	0.06658	0.12465	0.05628	0.03409	0.00916	0.03409	0.03214	0.06005	0.03929	0.04626	0.14066	0.16431	0.11023	0.02291	0.00437	0.00129	0.01197	0.02232	0.00310	0.01624

[dist]
# distance from previous block
# <min> <max>
1	9

[block]
# block no. 9 follows, 70 sequences, length 9
# corresponding to MSA columns:
# 510-518
name=unknown_J
#
# <colnr> <probs for GDERKNQSTAVLIFYWHMCP>
#	G	D	E	R	K	N	Q	S	T	A	V	L	I	F	Y	W	H	M	C	P
0	0.02076	0.11204	0.18004	0.02099	0.07788	0.08530	0.05677	0.06710	0.05224	0.05616	0.06176	0.08322	0.04174	0.00516	0.00417	0.00119	0.03988	0.00422	0.00259	0.02679
1	0.18541	0.23031	0.05332	0.06560	0.05161	0.02550	0.03698	0.08904	0.02807	0.07271	0.01187	0.03703	0.05044	0.00644	0.02153	0.00166	0.00489	0.00414	0.01723	0.00621
2	0.00527	0.00368	0.00446	0.00485	0.00532	0.00348	0.00332	0.00607	0.00760	0.01026	0.08024	0.36145	0.13582	0.21975	0.00836	0.00201	0.00261	0.06328	0.06911	0.00307
3	0.01179	0.05853	0.18194	0.04493	0.10959	0.18248	0.03385	0.01375	0.05634	0.02622	0.05772	0.06321	0.02368	0.01957	0.00565	0.00171	0.05185	0.04787	0.00318	0.00612
4	0.00811	0.06593	0.04154	0.47403	0.13040	0.00916	0.05609	0.03069	0.03845	0.01101	0.00807	0.06042	0.00681	0.00442	0.00423	0.00127	0.03875	0.00388	0.00200	0.00475
5	0.01359	0.00917	0.03737	0.00810	0.01036	0.04602	0.00636	0.17752	0.09644	0.17013	0.01444	0.01577	0.01113	0.00698	0.03150	0.00169	0.00424	0.00444	0.32834	0.00641
6	0.00606	0.00411	0.00464	0.00456	0.00474	0.00416	0.00270	0.04942	0.00643	0.00858	0.01268	0.08120	0.01448	0.76017	0.01788	0.00347	0.00368	0.00589	0.00252	0.00263
7	0.04212	0.05236	0.01145	0.08769	0.13045	0.09492	0.06327	0.06623	0.04467	0.02891	0.02365	0.04041	0.03741	0.00700	0.05875	0.06142	0.10864	0.00385	0.00234	0.03446
8	0.08247	0.13063	0.15113	0.12092	0.05530	0.07523	0.02042	0.03983	0.16396	0.03906	0.00913	0.04014	0.00736	0.00505	0.02579	0.00132	0.02118	0.00347	0.00245	0.00518

[dist]
# distance from previous block
# <min> <max>
21	55

[block]
# block no. 10 follows, 70 sequences, length 14
# corresponding to MSA columns:
# 583-596
name=unknown_K
#
# <colnr> <probs for GDERKNQSTAVLIFYWHMCP>
#	G	D	E	R	K	N	Q	S	T	A	V	L	I	F	Y	W	H	M	C	P
0	0.12969	0.10825	0.09160	0.01031	0.11338	0.07698	0.05001	0.11759	0.09291	0.02709	0.02851	0.03980	0.00756	0.00452	0.00418	0.00119	0.06563	0.00347	0.00255	0.02479
1	0.00988	0.04776	0.07106	0.08342	0.20722	0.02269	0.24123	0.10513	0.04871	0.04751	0.02918	0.01151	0.01847	0.00451	0.01900	0.00131	0.00511	0.01837	0.00243	0.00550
2	0.00847	0.03405	0.12778	0.07559	0.11348	0.00760	0.06063	0.08513	0.07880	0.03584	0.17228	0.08975	0.01413	0.00541	0.00401	0.00120	0.00383	0.00478	0.00292	0.07433
3	0.00889	0.00718	0.00830	0.00612	0.00942	0.00589	0.00490	0.04634	0.08234	0.05044	0.00816	0.00890	0.00650	0.00325	0.00306	0.00069	0.00297	0.00261	0.00262	0.73144
4	0.03432	0.00979	0.01066	0.00868	0.01138	0.01016	0.00687	0.48338	0.05094	0.15387	0.01298	0.04809	0.01000	0.00603	0.00444	0.00146	0.00417	0.00442	0.12160	0.00678
5	0.01023	0.03553	0.00953	0.00772	0.00984	0.20923	0.05730	0.05865	0.00943	0.09348	0.01131	0.18017	0.02490	0.04446	0.00477	0.00122	0.02920	0.00474	0.00279	0.19549
6	0.00747	0.00637	0.06693	0.00669	0.00823	0.00569	0.00555	0.07351	0.13844	0.05848	0.07638	0.30510	0.07187	0.00920	0.02370	0.00155	0.00317	0.12369	0.00361	0.00437
7	0.08331	0.00972	0.01024	0.00811	0.01074	0.03093	0.00664	0.58002	0.01515	0.06437	0.00958	0.03106	0.00718	0.00484	0.00411	0.00118	0.04405	0.00357	0.06925	0.00593
8	0.13489	0.00585	0.00644	0.00596	0.00746	0.00606	0.00456	0.17523	0.00995	0.07250	0.03004	0.29038	0.11253	0.02068	0.02222	0.02199	0.00303	0.02644	0.03951	0.00426
9	0.00520	0.00399	0.00479	0.00487	0.00577	0.00367	0.00354	0.00687	0.04562	0.01257	0.34705	0.25234	0.27050	0.00949	0.00465	0.00134	0.00204	0.00831	0.00388	0.00352
10	0.00773	0.00619	0.00918	0.02385	0.16963	0.00681	0.02040	0.05982	0.00820	0.02886	0.01162	0.08866	0.01138	0.01280	0.22550	0.02677	0.10432	0.12991	0.04405	0.00432
11	0.00560	0.00416	0.00484	0.00503	0.00593	0.00392	0.00365	0.04629	0.03132	0.01196	0.11782	0.36398	0.28119	0.00981	0.00456	0.00138	0.00223	0.02692	0.06589	0.00354
12	0.00782	0.01846	0.01707	0.02052	0.00768	0.10065	0.00462	0.01976	0.00846	0.06254	0.11608	0.13625	0.07646	0.15181	0.06247	0.00193	0.02902	0.01445	0.02883	0.11511
13	0.03108	0.04981	0.03422	0.02892	0.07025	0.10829	0.00607	0.04806	0.00925	0.02460	0.11271	0.04793	0.09704	0.01820	0.01470	0.02147	0.02876	0.08346	0.00279	0.16240

[dist]
# distance from previous block
# <min> <max>
0	12

[block]
# block no. 11 follows, 70 sequences, length 16
# corresponding to MSA columns:
# 609-624
name=unknown_L
#
# <colnr> <probs for GDERKNQSTAVLIFYWHMCP>
#	G	D	E	R	K	N	Q	S	T	A	V	L	I	F	Y	W	H	M	C	P
0	0.07313	0.00625	0.02765	0.00777	0.06308	0.01453	0.07518	0.00950	0.10165	0.01206	0.09924	0.13519	0.11781	0.11663	0.05695	0.00190	0.01453	0.02220	0.00297	0.04178
1	0.00919	0.04712	0.16320	0.00869	0.01917	0.10248	0.08859	0.10179	0.04447	0.04563	0.14619	0.09422	0.04530	0.02294	0.00449	0.00127	0.01895	0.00487	0.02659	0.00483
2	0.00852	0.08185	0.44169	0.01264	0.01729	0.00991	0.31565	0.01216	0.00843	0.01197	0.00709	0.00889	0.00528	0.00362	0.00427	0.00124	0.03884	0.00346	0.00176	0.00543
3	0.08911	0.00584	0.00690	0.00589	0.00770	0.00575	0.01464	0.12420	0.02032	0.13980	0.34319	0.06581	0.05871	0.00645	0.00402	0.00119	0.00264	0.00544	0.05084	0.04156
4	0.00493	0.00386	0.00449	0.00487	0.00567	0.00352	0.00345	0.00625	0.04484	0.01074	0.07551	0.43674	0.35983	0.01064	0.00473	0.00143	0.00214	0.00933	0.00365	0.00336
5	0.00862	0.04505	0.00854	0.00725	0.00875	0.20954	0.06305	0.06728	0.00988	0.01214	0.13296	0.24220	0.09512	0.00729	0.00415	0.00123	0.00381	0.00624	0.06283	0.00406
6	0.04563	0.08114	0.01311	0.01134	0.08464	0.52520	0.10292	0.03220	0.01025	0.01080	0.00697	0.00922	0.00597	0.00411	0.00362	0.00108	0.00615	0.03880	0.00209	0.00476
7	0.82636	0.00744	0.00582	0.00518	0.00750	0.00859	0.00422	0.03624	0.00691	0.01719	0.00581	0.00720	0.00469	0.04036	0.00318	0.00131	0.00307	0.00229	0.00244	0.00419
8	0.00579	0.00411	0.00534	0.03241	0.00657	0.00382	0.00392	0.00745	0.01034	0.04083	0.61640	0.08478	0.12960	0.00826	0.00457	0.00127	0.00207	0.02473	0.00406	0.00369
9	0.00906	0.00865	0.01471	0.16772	0.67515	0.00894	0.01147	0.01137	0.00860	0.01211	0.00761	0.03328	0.00651	0.00377	0.00388	0.00119	0.00464	0.00366	0.00193	0.00574
10	0.01165	0.04983	0.04941	0.00954	0.01165	0.51407	0.07416	0.02319	0.01002	0.01029	0.00925	0.07371	0.02069	0.00595	0.03095	0.00131	0.00608	0.07054	0.01330	0.00442
11	0.89114	0.00750	0.00570	0.00510	0.00750	0.00870	0.00420	0.01140	0.00660	0.01739	0.00540	0.00630	0.00420	0.00360	0.00240	0.00120	0.00300	0.00210	0.00240	0.00420
12	0.03841	0.00627	0.00718	0.00623	0.00776	0.02060	0.00474	0.12662	0.08715	0.17536	0.01205	0.01580	0.01021	0.22495	0.11778	0.00248	0.02573	0.00423	0.10189	0.00457
13	0.00787	0.00629	0.00850	0.00994	0.18689	0.03778	0.00608	0.04276	0.02298	0.04840	0.01040	0.03796	0.01006	0.24033	0.27027	0.00345	0.03907	0.00445	0.00237	0.00413
14	0.05788	0.00752	0.02887	0.00779	0.05302	0.01979	0.00579	0.09004	0.15993	0.07041	0.26492	0.05114	0.07596	0.00662	0.00436	0.00133	0.00319	0.00541	0.00389	0.08215
15	0.00970	0.00904	0.01386	0.04799	0.62047	0.04030	0.01039	0.03866	0.06644	0.02876	0.03177	0.01149	0.03033	0.01913	0.00416	0.00122	0.00441	0.00376	0.00229	0.00583

[dist]
# distance from previous block
# <min> <max>
2	17

[block]
# block no. 12 follows, 70 sequences, length 19
# corresponding to MSA columns:
# 642-660
name=unknown_M
#
# <colnr> <probs for GDERKNQSTAVLIFYWHMCP>
#	G	D	E	R	K	N	Q	S	T	A	V	L	I	F	Y	W	H	M	C	P
0	0.19330	0.01209	0.01096	0.06751	0.10243	0.31130	0.04450	0.08609	0.04548	0.03452	0.00706	0.00828	0.00557	0.00410	0.00395	0.00116	0.05147	0.00293	0.00236	0.00493
1	0.41716	0.06758	0.00703	0.00543	0.00753	0.04872	0.00444	0.06217	0.02491	0.06456	0.00848	0.00935	0.00651	0.00402	0.00276	0.00108	0.00304	0.00278	0.24803	0.00443
2	0.03171	0.01421	0.42231	0.01082	0.01525	0.00860	0.16922	0.07399	0.00942	0.11624	0.00872	0.01033	0.00637	0.00454	0.02352	0.00134	0.00534	0.02364	0.00237	0.04205
3	0.01348	0.00998	0.01079	0.00844	0.01133	0.01094	0.00690	0.64478	0.11169	0.03961	0.05262	0.01095	0.00877	0.00483	0.00389	0.00116	0.00393	0.00374	0.00387	0.03831
4	0.00708	0.01817	0.03030	0.00664	0.03787	0.00529	0.04568	0.05618	0.03981	0.05649	0.08440	0.12348	0.26491	0.11277	0.00637	0.00162	0.01304	0.05249	0.03342	0.00399
5	0.00495	0.00382	0.00453	0.00461	0.00553	0.00339	0.00336	0.00619	0.00934	0.01227	0.33730	0.21337	0.35817	0.00961	0.00466	0.00133	0.00197	0.00836	0.00385	0.00339
6	0.01239	0.00839	0.00898	0.00718	0.00958	0.00911	0.00584	0.51766	0.04071	0.05487	0.01078	0.01121	0.00791	0.00464	0.00352	0.00109	0.00344	0.00357	0.27347	0.00567
7	0.00933	0.01007	0.01169	0.58484	0.06936	0.22942	0.00997	0.01149	0.00866	0.00995	0.00668	0.00941	0.00518	0.00388	0.00377	0.00121	0.00562	0.00320	0.00181	0.00446
8	0.00829	0.00684	0.03943	0.10384	0.06194	0.00667	0.12616	0.04674	0.02905	0.09568	0.03625	0.04866	0.06026	0.09003	0.19136	0.01485	0.01396	0.00471	0.01084	0.00445
9	0.01264	0.01040	0.05515	0.04075	0.11048	0.09735	0.07826	0.26147	0.01211	0.17169	0.00991	0.01181	0.00756	0.02612	0.00471	0.00129	0.03983	0.03961	0.00312	0.00574
10	0.00621	0.00539	0.00917	0.00831	0.02355	0.00511	0.19236	0.00768	0.00810	0.01073	0.03356	0.33812	0.07407	0.10021	0.00646	0.00175	0.00365	0.15880	0.00307	0.00369
11	0.00723	0.00440	0.00576	0.00551	0.00626	0.00446	0.00404	0.02324	0.04812	0.07291	0.05107	0.03003	0.12506	0.09905	0.11021	0.33037	0.02144	0.04502	0.00269	0.00312
12	0.01049	0.01165	0.12590	0.09528	0.22709	0.07250	0.15014	0.13952	0.03651	0.01430	0.00884	0.02798	0.00725	0.00456	0.00445	0.00133	0.02879	0.02519	0.00248	0.00576
13	0.00812	0.02354	0.04226	0.04161	0.16161	0.00668	0.02719	0.01949	0.06114	0.09518	0.03520	0.26553	0.09034	0.00744	0.00505	0.00137	0.07706	0.02348	0.00306	0.00464
14	0.00828	0.00487	0.00611	0.02530	0.00710	0.00481	0.00416	0.05513	0.03016	0.16719	0.06546	0.18112	0.06069	0.25234	0.09203	0.00250	0.00383	0.00618	0.01879	0.00395
15	0.02645	0.00852	0.05070	0.07338	0.30837	0.04166	0.09052	0.02421	0.05635	0.01255	0.05561	0.05293	0.09285	0.00533	0.00420	0.00126	0.01576	0.04664	0.02770	0.00502
16	0.03227	0.04713	0.05837	0.10467	0.10289	0.08873	0.16144	0.07684	0.06133	0.03383	0.00909	0.03866	0.02586	0.00468	0.01669	0.00125	0.04252	0.00378	0.00238	0.08761
17	0.00618	0.00542	0.02706	0.02180	0.00704	0.04770	0.00448	0.01781	0.00843	0.03145	0.09772	0.31678	0.24417	0.05521	0.00597	0.00154	0.05933	0.03502	0.00333	0.00356
18	0.03559	0.02760	0.03031	0.10271	0.10291	0.07576	0.00682	0.02748	0.00889	0.05479	0.05411	0.20292	0.04624	0.05164	0.02102	0.00164	0.05341	0.04250	0.03035	0.02332

[dist]
# distance from previous block
# <min> <max>
1	15

[block]
# block no. 13 follows, 70 sequences, length 9
# corresponding to MSA columns:
# 676-684
name=unknown_N
#
# <colnr> <probs for GDERKNQSTAVLIFYWHMCP>
#	G	D	E	R	K	N	Q	S	T	A	V	L	I	F	Y	W	H	M	C	P
0	0.08533	0.05827	0.03358	0.07198	0.01081	0.07359	0.08150	0.06404	0.03808	0.06466	0.08084	0.01439	0.03188	0.13338	0.04421	0.00177	0.03085	0.00406	0.02701	0.04978
