[name]
unknown

[dist]
# distance from previous block
# <min> <max>
0	5

[block]
# block no. 0 follows, 74 sequences, length 24
# corresponding to MSA columns:
# 5-28
name=unknown_A
#
# <colnr> <probs for GDERKNQSTAVLIFYWHMCP>
#	G	D	E	R	K	N	Q	S	T	A	V	L	I	F	Y	W	H	M	C	P
0	0.03509	0.00569	0.00729	0.00721	0.00865	0.03363	0.03188	0.06869	0.00938	0.09487	0.01678	0.03251	0.01711	0.00845	0.00466	0.00153	0.00361	0.58387	0.00339	0.02572
1	0.03647	0.06177	0.02955	0.00657	0.03478	0.03481	0.00526	0.07881	0.00858	0.01287	0.00664	0.00765	0.00544	0.00301	0.00286	0.00068	0.00319	0.00233	0.00225	0.65648
2	0.00871	0.00852	0.01509	0.18719	0.58836	0.00877	0.10670	0.01107	0.00828	0.01158	0.00697	0.00942	0.00567	0.00337	0.00376	0.00115	0.00473	0.00343	0.00180	0.00543
3	0.00451	0.00326	0.00427	0.00508	0.00536	0.00302	0.00341	0.00518	0.00719	0.00951	0.02149	0.81731	0.07371	0.01150	0.00472	0.00149	0.00214	0.01039	0.00345	0.00302
4	0.00798	0.05311	0.76194	0.01028	0.01550	0.00905	0.01298	0.06541	0.00845	0.01239	0.00675	0.00783	0.00481	0.00357	0.00349	0.00116	0.00533	0.00275	0.00171	0.00551
5	0.00861	0.19574	0.26886	0.01216	0.01631	0.01028	0.41268	0.01168	0.00823	0.01118	0.00676	0.00850	0.00517	0.00326	0.00370	0.00113	0.00554	0.00338	0.00172	0.00510
6	0.06010	0.04013	0.06075	0.00523	0.00605	0.00487	0.00399	0.04301	0.00615	0.02568	0.00868	0.03931	0.00894	0.28346	0.01299	0.37843	0.00351	0.00399	0.00206	0.00268
7	0.00744	0.01920	0.85032	0.01058	0.01607	0.00862	0.01371	0.01176	0.00784	0.01176	0.00666	0.00784	0.00470	0.00353	0.00353	0.00118	0.00549	0.00274	0.00157	0.00549
8	0.00440	0.00373	0.00379	0.00385	0.00504	0.00313	0.00286	0.00532	0.00838	0.00999	0.03653	0.08770	0.79361	0.00954	0.00441	0.00127	0.00190	0.00800	0.00345	0.00313
9	0.01013	0.00926	0.01423	0.02043	0.71227	0.06096	0.01060	0.03953	0.00902	0.06694	0.00747	0.00925	0.00604	0.00346	0.00366	0.00110	0.00446	0.00328	0.00208	0.00583
10	0.00919	0.00882	0.01507	0.02278	0.84640	0.00882	0.01139	0.01139	0.00845	0.01213	0.00698	0.00919	0.00588	0.00331	0.00367	0.00110	0.00441	0.00331	0.00184	0.00588
11	0.00531	0.00393	0.00573	0.00573	0.00631	0.00451	0.00435	0.00648	0.00590	0.00844	0.01016	0.01577	0.00980	0.13089	0.75249	0.00568	0.00917	0.00415	0.00202	0.00318
12	0.00645	0.00322	0.00484	0.00484	0.00484	0.00322	0.00322	0.00484	0.00484	0.00645	0.00645	0.01128	0.00645	0.01289	0.01451	0.89201	0.00322	0.00322	0.00161	0.00161
13	0.00835	0.04154	0.41272	0.01316	0.06134	0.03357	0.35215	0.01186	0.00832	0.01166	0.00696	0.00872	0.00515	0.00335	0.00385	0.00118	0.00574	0.00342	0.00172	0.00525
14	0.00445	0.00373	0.00387	0.00390	0.00507	0.00315	0.00290	0.00542	0.00851	0.01030	0.08701	0.08504	0.74511	0.00942	0.00441	0.00126	0.00189	0.00793	0.00349	0.00315
15	0.00540	0.00360	0.00405	0.00405	0.00405	0.00360	0.00225	0.00540	0.00540	0.00720	0.01170	0.02429	0.01349	0.86955	0.01889	0.00360	0.00360	0.00540	0.00225	0.00225
16	0.01205	0.00998	0.01251	0.07996	0.01367	0.04907	0.14486	0.51509	0.06548	0.01880	0.00898	0.02573	0.00671	0.00431	0.00382	0.00115	0.00450	0.00366	0.01394	0.00570
17	0.74214	0.00782	0.00702	0.00597	0.00837	0.03300	0.05841	0.04356	0.04074	0.01634	0.00589	0.00674	0.00453	0.00354	0.00258	0.00115	0.00325	0.00232	0.00237	0.00426
18	0.00483	0.00371	0.00548	0.00579	0.00630	0.00346	0.05758	0.00570	0.00742	0.00992	0.06143	0.74930	0.04328	0.01082	0.00469	0.00147	0.00239	0.00989	0.00338	0.00317
19	0.02948	0.05199	0.01354	0.02467	0.41139	0.17724	0.08407	0.05458	0.00921	0.02032	0.01921	0.07226	0.00737	0.00414	0.00367	0.00111	0.00475	0.00372	0.00213	0.00516
20	0.00781	0.00676	0.00824	0.00678	0.07073	0.00523	0.00492	0.00950	0.00775	0.01210	0.00663	0.00781	0.00553	0.00279	0.00282	0.00059	0.00287	0.00228	0.00217	0.82670
21	0.00745	0.00726	0.09757	0.00805	0.03599	0.00587	0.14770	0.05807	0.02320	0.06840	0.38470	0.02054	0.10738	0.00603	0.00418	0.00119	0.00326	0.00547	0.00331	0.00439
22	0.02322	0.33229	0.10313	0.00880	0.03135	0.40162	0.01772	0.02424	0.00911	0.00964	0.00571	0.00666	0.00481	0.00354	0.00302	0.00093	0.00541	0.00233	0.00178	0.00467
23	0.17973	0.01532	0.00971	0.00907	0.03599	0.65569	0.00670	0.02759	0.00978	0.01084	0.00572	0.00668	0.00470	0.00375	0.00317	0.00100	0.00586	0.00236	0.00201	0.00433

[dist]
# distance from previous block
# <min> <max>
0	5

[block]
# block no. 1 follows, 74 sequences, length 87
# corresponding to MSA columns:
# 34-120
name=unknown_B
#
# <colnr> <probs for GDERKNQSTAVLIFYWHMCP>
#	G	D	E	R	K	N	Q	S	T	A	V	L	I	F	Y	W	H	M	C	P
0	0.00857	0.00801	0.01344	0.01999	0.71475	0.00799	0.01015	0.01057	0.00834	0.01188	0.04522	0.04622	0.00866	0.04615	0.00452	0.00126	0.00414	0.02266	0.00206	0.00542
1	0.00470	0.00338	0.00445	0.00501	0.00541	0.00314	0.00344	0.00562	0.00797	0.01081	0.22271	0.64097	0.04740	0.01058	0.00464	0.00142	0.00205	0.00954	0.00360	0.00314
2	0.01173	0.04829	0.01020	0.00814	0.01059	0.12110	0.00651	0.32843	0.38159	0.01738	0.01108	0.01069	0.00827	0.00457	0.00363	0.00114	0.00391	0.00354	0.00341	0.00579
3	0.50447	0.00753	0.00757	0.00670	0.00809	0.03435	0.00550	0.01002	0.00621	0.01323	0.00550	0.00746	0.00477	0.00654	0.07861	0.00171	0.28313	0.00259	0.00204	0.00398
4	0.00984	0.69732	0.11493	0.00715	0.01056	0.02532	0.02568	0.02191	0.02410	0.02590	0.00582	0.00660	0.00501	0.00330	0.00264	0.00087	0.00420	0.00223	0.00172	0.00492
5	0.00857	0.00890	0.01740	0.11855	0.26058	0.00884	0.42649	0.02774	0.00857	0.01175	0.00788	0.05202	0.00656	0.00374	0.00419	0.00122	0.01578	0.00421	0.00195	0.00507
6	0.00608	0.00394	0.00516	0.00486	0.00583	0.00363	0.00368	0.00774	0.01018	0.07287	0.68905	0.07694	0.03144	0.00760	0.00432	0.00119	0.00192	0.02929	0.03061	0.00367
7	0.01157	0.00762	0.01017	0.00941	0.10606	0.00774	0.06236	0.30786	0.01185	0.20492	0.01231	0.18437	0.01077	0.02978	0.00439	0.00128	0.00365	0.00502	0.00348	0.00539
8	0.00833	0.00695	0.00807	0.00634	0.02809	0.03092	0.01675	0.06414	0.02947	0.03646	0.11493	0.01068	0.00958	0.00364	0.00314	0.00074	0.00293	0.00301	0.00263	0.61321
9	0.00487	0.00379	0.00444	0.00429	0.00533	0.00335	0.00323	0.00626	0.00956	0.01266	0.47239	0.03149	0.39776	0.00843	0.00439	0.00121	0.00183	0.01757	0.00379	0.00334
10	0.00469	0.00330	0.00426	0.00496	0.00513	0.00313	0.00322	0.00521	0.00678	0.00905	0.01880	0.70808	0.02246	0.17352	0.00741	0.00190	0.00243	0.00958	0.00322	0.00287
11	0.00783	0.00711	0.01120	0.01553	0.48904	0.01950	0.00830	0.00938	0.00734	0.01040	0.00823	0.01281	0.00780	0.16779	0.15344	0.00243	0.05149	0.00379	0.00193	0.00465
12	0.01387	0.01769	0.01052	0.00956	0.01148	0.85465	0.00717	0.01482	0.01052	0.00908	0.00574	0.00669	0.00478	0.00383	0.00335	0.00096	0.00669	0.00239	0.00191	0.00430
13	0.01411	0.01040	0.01114	0.00854	0.01151	0.01151	0.00706	0.83402	0.01745	0.02339	0.00891	0.00891	0.00631	0.00446	0.00371	0.00111	0.00408	0.00334	0.00371	0.00631
14	0.00853	0.00848	0.01454	0.26890	0.42744	0.02749	0.12353	0.01084	0.00809	0.01108	0.00680	0.00940	0.00549	0.00358	0.00422	0.00119	0.05007	0.00343	0.00178	0.00511
15	0.00470	0.00351	0.00503	0.00560	0.00596	0.00328	0.03755	0.00544	0.00717	0.00957	0.01993	0.83188	0.02377	0.01128	0.00472	0.00150	0.00232	0.01030	0.00338	0.00310
16	0.01952	0.39250	0.06211	0.01628	0.04042	0.03091	0.02431	0.11161	0.02854	0.03559	0.00667	0.00745	0.00544	0.00337	0.00289	0.00085	0.00388	0.00246	0.00215	0.20305
17	0.01130	0.28860	0.06024	0.00890	0.01209	0.03707	0.12653	0.30827	0.07331	0.02764	0.00783	0.00842	0.00600	0.00383	0.00336	0.00104	0.00442	0.00306	0.00261	0.00549
18	0.04997	0.21491	0.06365	0.00815	0.01129	0.03053	0.04920	0.39316	0.02288	0.10919	0.00829	0.00850	0.00606	0.00399	0.00335	0.00105	0.00414	0.00301	0.00298	0.00568
19	0.00731	0.00782	0.04368	0.01181	0.15745	0.03330	0.29261	0.00949	0.00895	0.01193	0.16238	0.02980	0.19610	0.00548	0.00420	0.00120	0.00410	0.00533	0.00262	0.00445
20	0.00459	0.00332	0.00436	0.00518	0.00544	0.00312	0.00347	0.00540	0.02038	0.00958	0.02072	0.83656	0.04111	0.01148	0.00472	0.00150	0.00216	0.01040	0.00345	0.00306
21	0.04732	0.01319	0.11627	0.00867	0.01149	0.30388	0.00751	0.24261	0.06711	0.13344	0.00860	0.00875	0.00623	0.00414	0.00351	0.00108	0.00492	0.00300	0.00289	0.00539
22	0.00948	0.00867	0.01505	0.06486	0.57421	0.00868	0.13244	0.04500	0.01752	0.05516	0.00791	0.02997	0.00648	0.00363	0.00381	0.00115	0.00457	0.00367	0.00211	0.00563
23	0.00447	0.00375	0.00388	0.00387	0.00507	0.00316	0.00289	0.00547	0.00862	0.01045	0.10854	0.04993	0.75866	0.00928	0.00439	0.00125	0.00187	0.00778	0.00350	0.00316
24	0.00645	0.00322	0.00484	0.00484	0.00484	0.00322	0.00322	0.00484	0.00484	0.00645	0.00645	0.01128	0.00645	0.01289	0.01451	0.89201	0.00322	0.00322	0.00161	0.00161
25	0.00839	0.42157	0.08918	0.00638	0.00861	0.06595	0.02487	0.00949	0.00706	0.00858	0.00762	0.01252	0.00776	0.29868	0.00823	0.00181	0.00421	0.00330	0.00184	0.00395
26	0.00452	0.00325	0.00429	0.00512	0.00537	0.00302	0.00342	0.00517	0.00715	0.00949	0.02106	0.83805	0.05324	0.01155	0.00473	0.00150	0.00214	0.01046	0.00345	0.00302
27	0.01560	0.00800	0.00966	0.00740	0.01032	0.00796	0.00612	0.35551	0.01345	0.50756	0.01227	0.01109	0.00800	0.00454	0.00372	0.00113	0.00354	0.00357	0.00423	0.00632
28	0.00992	0.87178	0.01945	0.00635	0.00953	0.01469	0.00635	0.01111	0.00754	0.00873	0.00516	0.00595	0.00476	0.00318	0.00238	0.00079	0.00397	0.00198	0.00159	0.00476
29	0.00447	0.00376	0.00388	0.00385	0.00506	0.00317	0.00289	0.00549	0.00866	0.01049	0.11474	0.03496	0.76746	0.00923	0.00439	0.00125	0.00187	0.00773	0.00351	0.00317
30	0.00992	0.87178	0.01945	0.00635	0.00953	0.01469	0.00635	0.01111	0.00754	0.00873	0.00516	0.00595	0.00476	0.00318	0.00238	0.00079	0.00397	0.00198	0.00159	0.00476
31	0.04908	0.30773	0.05599	0.00756	0.01034	0.13197	0.02625	0.16405	0.03440	0.08748	0.06079	0.01002	0.00801	0.00419	0.00323	0.00102	0.00421	0.02604	0.00260	0.00505
32	0.00992	0.87178	0.01945	0.00635	0.00953	0.01469	0.00635	0.01111	0.00754	0.00873	0.00516	0.00595	0.00476	0.00318	0.00238	0.00079	0.00397	0.00198	0.00159	0.00476
33	0.54504	0.34950	0.01100	0.00546	0.00811	0.01085	0.00494	0.01099	0.00680	0.01352	0.00517	0.00600	0.00431	0.00334	0.00233	0.00101	0.00331	0.00200	0.00202	0.00431
34	0.01103	0.02256	0.04306	0.02131	0.17873	0.29584	0.08074	0.13996	0.02526	0.01270	0.00781	0.00989	0.00643	0.04241	0.00423	0.00117	0.00505	0.01524	0.07168	0.00490
35	0.00456	0.00326	0.00435	0.00521	0.00545	0.00305	0.00352	0.00524	0.00715	0.00952	0.02044	0.84418	0.02446	0.01159	0.00475	0.00151	0.00219	0.03310	0.00344	0.00303
36	0.00992	0.87178	0.01945	0.00635	0.00953	0.01469	0.00635	0.01111	0.00754	0.00873	0.00516	0.00595	0.00476	0.00318	0.00238	0.00079	0.00397	0.00198	0.00159	0.00476
37	0.00540	0.00360	0.00405	0.00405	0.00405	0.00360	0.00225	0.00540	0.00540	0.00720	0.01170	0.02429	0.01349	0.86955	0.01889	0.00360	0.00360	0.00540	0.00225	0.00225
38	0.00744	0.01920	0.85032	0.01058	0.01607	0.00862	0.01371	0.01176	0.00784	0.01176	0.00666	0.00784	0.00470	0.00353	0.00353	0.00118	0.00549	0.00274	0.00157	0.00549
39	0.00744	0.01920	0.85032	0.01058	0.01607	0.00862	0.01371	0.01176	0.00784	0.01176	0.00666	0.00784	0.00470	0.00353	0.00353	0.00118	0.00549	0.00274	0.00157	0.00549
40	0.00540	0.00360	0.00405	0.00405	0.00405	0.00360	0.00225	0.00540	0.00540	0.00720	0.01170	0.02429	0.01349	0.86955	0.01889	0.00360	0.00360	0.00540	0.00225	0.00225
41	0.00623	0.00360	0.00408	0.00396	0.00483	0.00348	0.00297	0.00797	0.00890	0.01427	0.35403	0.01954	0.01999	0.00567	0.00333	0.00099	0.00174	0.00480	0.52616	0.00348
42	0.00445	0.00376	0.00385	0.00383	0.00505	0.00316	0.00287	0.00545	0.00861	0.01038	0.09697	0.03513	0.78530	0.00927	0.00439	0.00125	0.00187	0.00775	0.00349	0.00316
43	0.01030	0.00516	0.00600	0.00521	0.00694	0.00508	0.00410	0.01342	0.15198	0.28010	0.03587	0.01449	0.03618	0.00477	0.00326	0.00104	0.00240	0.00389	0.40501	0.00478
44	0.00595	0.00425	0.00595	0.00680	0.00765	0.00425	0.00593	0.00764	0.00852	0.01108	0.01967	0.05800	0.02142	0.01028	0.00512	0.00171	0.00339	0.80556	0.00342	0.00341
45	0.00714	0.00673	0.01136	0.81188	0.07332	0.00828	0.01037	0.00959	0.00748	0.00964	0.00662	0.00985	0.00500	0.00369	0.00371	0.00123	0.00492	0.00330	0.00166	0.00423
46	0.00459	0.00330	0.00436	0.00517	0.00546	0.00308	0.00352	0.00530	0.00727	0.00965	0.03470	0.78956	0.05538	0.01142	0.00473	0.00150	0.00219	0.04230	0.00346	0.00304
47	0.00444	0.00372	0.00386	0.00391	0.00507	0.00314	0.00290	0.00539	0.00844	0.01020	0.07201	0.10188	0.74335	0.00950	0.00441	0.00127	0.00190	0.00800	0.00348	0.00314
48	0.00539	0.00362	0.00414	0.00414	0.00417	0.00365	0.00236	0.00546	0.00542	0.00726	0.01161	0.02383	0.01329	0.82934	0.05883	0.00371	0.00390	0.00533	0.00224	0.00230
49	0.00985	0.84624	0.04434	0.00648	0.00972	0.01451	0.00657	0.01113	0.00755	0.00882	0.00521	0.00601	0.00476	0.00319	0.00242	0.00081	0.00401	0.00201	0.00159	0.00479
50	0.00574	0.00424	0.00560	0.03745	0.00736	0.00423	0.00485	0.04353	0.02473	0.01124	0.07567	0.35199	0.07495	0.00994	0.00474	0.00151	0.00280	0.32253	0.00343	0.00345
51	0.00508	0.00378	0.00473	0.00451	0.00544	0.00342	0.00338	0.00666	0.01006	0.01388	0.67874	0.04768	0.18290	0.00801	0.00439	0.00119	0.00178	0.00700	0.00396	0.00342
52	0.01387	0.01769	0.01052	0.00956	0.01148	0.85465	0.00717	0.01482	0.01052	0.00908	0.00574	0.00669	0.00478	0.00383	0.00335	0.00096	0.00669	0.00239	0.00191	0.00430
53	0.43626	0.03292	0.01037	0.03598	0.27493	0.05649	0.04714	0.03416	0.00772	0.01423	0.00603	0.00748	0.00485	0.00347	0.00310	0.00113	0.01424	0.00265	0.00210	0.00476
54	0.01234	0.03417	0.02982	0.02878	0.03704	0.50449	0.00708	0.09182	0.12902	0.03549	0.04867	0.00928	0.00750	0.00422	0.00350	0.00104	0.00537	0.00303	0.00251	0.00482
55	0.00600	0.00493	0.00619	0.00561	0.00704	0.00472	0.05933	0.05396	0.07706	0.02231	0.07865	0.08788	0.44482	0.03169	0.04829	0.00158	0.00295	0.04993	0.00333	0.00372
56	0.02849	0.18686	0.04742	0.02758	0.02256	0.04066	0.03755	0.25385	0.13642	0.07876	0.00918	0.02906	0.00710	0.00416	0.00337	0.00104	0.00390	0.00325	0.00290	0.07590
57	0.01157	0.08930	0.13637	0.03093	0.05342	0.06036	0.00780	0.34621	0.05078	0.09260	0.05687	0.02997	0.00835	0.00447	0.00361	0.00111	0.00416	0.00351	0.00304	0.00559
58	0.00508	0.00377	0.00476	0.00466	0.00554	0.00341	0.00343	0.00652	0.00955	0.01320	0.56791	0.17796	0.13861	0.00841	0.00440	0.00122	0.00187	0.00742	0.00383	0.02845
59	0.00770	0.00660	0.00770	0.00550	0.00880	0.00495	0.00440	0.00935	0.00770	0.01210	0.00660	0.00770	0.00550	0.00275	0.00275	0.00055	0.00275	0.00220	0.00220	0.89224
60	0.01107	0.40996	0.09605	0.00855	0.06046	0.03127	0.02073	0.19138	0.04019	0.07430	0.00733	0.00786	0.00574	0.00373	0.00321	0.00098	0.01675	0.00271	0.00238	0.00537
61	0.00862	0.05996	0.36497	0.03822	0.04609	0.04055	0.13992	0.04580	0.10022	0.03729	0.02118	0.02996	0.01913	0.01547	0.01543	0.00127	0.00496	0.00357	0.00219	0.00521
62	0.00452	0.00323	0.00431	0.00517	0.00538	0.00301	0.00345	0.00517	0.00711	0.00948	0.02046	0.86713	0.02455	0.01163	0.00474	0.00151	0.00215	0.01055	0.00345	0.00301
63	0.00770	0.00660	0.00770	0.00550	0.00880	0.00495	0.00440	0.00935	0.00770	0.01210	0.00660	0.00770	0.00550	0.00275	0.00275	0.00055	0.00275	0.00220	0.00220	0.89224
64	0.07910	0.41467	0.14586	0.00768	0.01102	0.06045	0.02565	0.14294	0.03429	0.03749	0.00666	0.00729	0.00529	0.00359	0.00295	0.00098	0.00429	0.00252	0.00216	0.00512
65	0.00645	0.00322	0.00484	0.00484	0.00484	0.00322	0.00322	0.00484	0.00484	0.00645	0.00645	0.01128	0.00645	0.01289	0.01451	0.89201	0.00322	0.00322	0.00161	0.00161
66	0.00452	0.00323	0.00431	0.00517	0.00538	0.00301	0.00345	0.00517	0.00711	0.00948	0.02046	0.86713	0.02455	0.01163	0.00474	0.00151	0.00215	0.01055	0.00345	0.00301
67	0.00482	0.00386	0.00432	0.00419	0.00531	0.00340	0.00315	0.00626	0.02551	0.01203	0.35155	0.03218	0.51303	0.00861	0.00437	0.00122	0.00185	0.00733	0.00370	0.00333
68	0.00770	0.00660	0.00770	0.00550	0.00880	0.00495	0.00440	0.00935	0.00770	0.01210	0.00660	0.00770	0.00550	0.00275	0.00275	0.00055	0.00275	0.00220	0.00220	0.89224
69	0.49359	0.00769	0.00779	0.00639	0.00889	0.00838	0.03801	0.19035	0.00954	0.14769	0.00821	0.04468	0.00627	0.00418	0.00302	0.00116	0.00328	0.00303	0.00300	0.00487
70	0.01389	0.01023	0.01098	0.00846	0.01137	0.01131	0.00697	0.81477	0.01721	0.02307	0.00918	0.02885	0.00674	0.00462	0.00374	0.00112	0.00404	0.00351	0.00371	0.00624
71	0.00919	0.00882	0.01507	0.02278	0.84640	0.00882	0.01139	0.01139	0.00845	0.01213	0.00698	0.00919	0.00588	0.00331	0.00367	0.00110	0.00441	0.00331	0.00184	0.00588
72	0.01282	0.00661	0.00878	0.07066	0.01047	0.00645	0.02658	0.13100	0.04058	0.45152	0.10844	0.03273	0.05398	0.00525	0.00399	0.00118	0.01511	0.00436	0.00397	0.00552
73	0.02740	0.03169	0.10601	0.01194	0.17975	0.02501	0.00896	0.02863	0.00732	0.08398	0.00654	0.00867	0.00550	0.00538	0.01854	0.00143	0.43322	0.00318	0.00199	0.00485
74	0.00455	0.00327	0.00433	0.00516	0.00543	0.00305	0.00348	0.00523	0.00718	0.00953	0.02097	0.82251	0.04981	0.01153	0.00474	0.00150	0.00217	0.02908	0.00345	0.00303
75	0.00509	0.02195	0.00479	0.00448	0.00552	0.02399	0.00334	0.00631	0.00913	0.01182	0.35077	0.13343	0.38864	0.00870	0.00436	0.00123	0.00202	0.00748	0.00362	0.00333
76	0.00920	0.03783	0.08448	0.03921	0.25462	0.02126	0.35752	0.01225	0.05027	0.05745	0.00816	0.02649	0.00641	0.00362	0.00404	0.00119	0.01472	0.00387	0.00210	0.00532
77	0.01320	0.00942	0.16289	0.00984	0.06375	0.00690	0.14734	0.01549	0.00967	0.50509	0.01153	0.01111	0.00758	0.00407	0.00380	0.00117	0.00418	0.00364	0.00342	0.00592
78	0.01039	0.08090	0.02430	0.31263	0.11036	0.36135	0.02725	0.01214	0.00887	0.00964	0.00619	0.00814	0.00498	0.00365	0.00346	0.00107	0.00557	0.00283	0.00178	0.00449
79	0.02132	0.00904	0.06108	0.21890	0.27432	0.05115	0.11157	0.06785	0.01943	0.03224	0.01859	0.03268	0.02773	0.00411	0.00380	0.00118	0.00466	0.02168	0.00216	0.01649
80	0.02348	0.00742	0.02046	0.03508	0.15318	0.00688	0.04040	0.07911	0.02864	0.53599	0.01208	0.01141	0.00802	0.00424	0.00372	0.00114	0.00364	0.00360	0.00375	0.01777
81	0.00654	0.00666	0.09515	0.12082	0.02756	0.03118	0.03789	0.02196	0.00906	0.04073	0.30859	0.15466	0.10280	0.00696	0.00419	0.00124	0.00313	0.01381	0.00314	0.00395
82	0.03627	0.03934	0.04665	0.08096	0.13395	0.19173	0.02925	0.15040	0.06914	0.13070	0.02105	0.02064	0.00708	0.00462	0.02098	0.00120	0.00470	0.00332	0.00273	0.00527
83	0.16507	0.01893	0.04603	0.02079	0.02390	0.06339	0.22684	0.11205	0.16430	0.02546	0.01744	0.01003	0.00693	0.00437	0.01584	0.00125	0.03532	0.01203	0.00259	0.02743
84	0.30009	0.00868	0.02898	0.05129	0.09522	0.06509	0.09872	0.08277	0.03825	0.05714	0.03266	0.00950	0.02769	0.00398	0.00358	0.00113	0.03460	0.00314	0.00248	0.05500
85	0.05174	0.06399	0.19073	0.05134	0.01233	0.08838	0.05674	0.17903	0.04346	0.03834	0.00954	0.05948	0.03693	0.00458	0.00376	0.00112	0.02329	0.01535	0.00252	0.06736
86	0.01196	0.03935	0.07875	0.03066	0.01218	0.34446	0.06006	0.08304	0.04863	0.06456	0.01996	0.02971	0.00748	0.02074	0.02820	0.00134	0.01471	0.00339	0.00263	0.09819

[dist]
# distance from previous block
# <min> <max>
4	62

[block]
# block no. 2 follows, 74 sequences, length 27
# corresponding to MSA columns:
# 183-209
name=unknown_C
#
# <colnr> <probs for GDERKNQSTAVLIFYWHMCP>
#	G	D	E	R	K	N	Q	S	T	A	V	L	I	F	Y	W	H	M	C	P
0	0.02882	0.12206	0.09595	0.06040	0.14890	0.02569	0.04614	0.11253	0.04643	0.06422	0.02945	0.08119	0.00880	0.00511	0.02039	0.00121	0.00412	0.03200	0.00254	0.06406
1	0.11027	0.03630	0.04083	0.05987	0.15572	0.05782	0.03685	0.10112	0.06500	0.07179	0.09179	0.03334	0.02448	0.01130	0.00396	0.00116	0.03044	0.01645	0.00272	0.04880
2	0.00718	0.04829	0.21958	0.00895	0.09672	0.00679	0.02176	0.05095	0.07828	0.01167	0.01264	0.28814	0.02703	0.02327	0.01993	0.00136	0.00375	0.00561	0.00260	0.06551
3	0.04293	0.01748	0.03242	0.05753	0.04750	0.03589	0.02155	0.24102	0.04004	0.13590	0.09811	0.03698	0.01005	0.00453	0.00358	0.00104	0.00355	0.00370	0.00317	0.16302
4	0.00954	0.13901	0.01106	0.02454	0.12653	0.03776	0.00625	0.11639	0.03161	0.04325	0.00807	0.00891	0.02878	0.00348	0.00309	0.00082	0.00351	0.00276	0.00239	0.39224
5	0.00904	0.26077	0.22187	0.01200	0.15675	0.05335	0.15810	0.01154	0.00815	0.01086	0.00639	0.00785	0.00514	0.00328	0.00332	0.00102	0.00489	0.00286	0.00173	0.06109
6	0.00520	0.00367	0.00453	0.00454	0.00504	0.00349	0.00310	0.00615	0.00809	0.01110	0.37712	0.12561	0.06666	0.31908	0.00968	0.00211	0.00253	0.03604	0.00329	0.00297
7	0.00991	0.65219	0.15156	0.00734	0.01076	0.09548	0.00761	0.01158	0.00788	0.00925	0.00546	0.00633	0.00476	0.00329	0.00266	0.00087	0.00448	0.00215	0.00162	0.00483
8	0.00641	0.00324	0.00481	0.00481	0.00481	0.00324	0.00319	0.00485	0.00485	0.00647	0.00661	0.01169	0.00667	0.03948	0.01464	0.86443	0.00324	0.00329	0.00163	0.00163
9	0.00597	0.00505	0.00632	0.00625	0.00701	0.07106	0.00484	0.00727	0.00632	0.00865	0.00961	0.01397	0.00893	0.02596	0.78831	0.00557	0.00969	0.00385	0.00198	0.00339
10	0.00488	0.00390	0.00445	0.00465	0.00577	0.00347	0.00372	0.00609	0.00864	0.01069	0.09587	0.03674	0.56223	0.00949	0.00458	0.00137	0.00228	0.22448	0.00349	0.00324
11	0.02794	0.00972	0.01050	0.00820	0.01101	0.01069	0.00672	0.68568	0.08084	0.07302	0.00998	0.03148	0.00731	0.00468	0.00372	0.00114	0.00387	0.00360	0.00374	0.00616
12	0.00777	0.07413	0.00870	0.04459	0.00955	0.00582	0.00480	0.00940	0.00766	0.01166	0.00678	0.02600	0.00582	0.00302	0.00281	0.00062	0.00293	0.00241	0.00215	0.76339
13	0.04231	0.05051	0.23043	0.02036	0.01187	0.05032	0.04245	0.17530	0.17886	0.07597	0.00967	0.01082	0.00741	0.07175	0.00476	0.00134	0.00429	0.00343	0.00277	0.00535
14	0.01026	0.62366	0.07069	0.00782	0.01100	0.13884	0.07152	0.01177	0.00810	0.00922	0.00552	0.00650	0.00483	0.00329	0.00275	0.00088	0.00465	0.00228	0.00166	0.00476
15	0.00832	0.00782	0.01319	0.16048	0.61116	0.00807	0.01033	0.01042	0.00821	0.01150	0.02270	0.08092	0.00803	0.00425	0.00381	0.00117	0.00425	0.01810	0.00200	0.00527
16	0.02735	0.08558	0.05203	0.03200	0.09970	0.07462	0.02388	0.31755	0.12739	0.09140	0.02614	0.00986	0.00738	0.00422	0.00357	0.00111	0.00413	0.00334	0.00307	0.00570
17	0.03053	0.00779	0.08878	0.05146	0.01969	0.03061	0.07903	0.09465	0.16025	0.02507	0.03974	0.27090	0.03539	0.03287	0.01477	0.00142	0.00362	0.00594	0.00302	0.00448
18	0.00530	0.00398	0.00597	0.00597	0.00663	0.00464	0.00464	0.00663	0.00597	0.00862	0.00994	0.01458	0.00928	0.02784	0.85484	0.00597	0.00994	0.00398	0.00199	0.00331
19	0.02109	0.06836	0.52765	0.01063	0.03614	0.06546	0.09958	0.02634	0.04060	0.04855	0.01748	0.00859	0.00568	0.00365	0.00356	0.00114	0.00522	0.00301	0.00193	0.00534
20	0.01188	0.08423	0.02912	0.03792	0.14662	0.06122	0.03748	0.29472	0.12278	0.10985	0.02165	0.00997	0.00733	0.00417	0.00361	0.00111	0.00413	0.00339	0.00305	0.00575
21	0.00465	0.00382	0.00411	0.00419	0.00528	0.00335	0.00308	0.00594	0.03607	0.01058	0.10990	0.16344	0.61371	0.00943	0.00442	0.00129	0.00195	0.00803	0.00352	0.00324
22	0.00512	0.00377	0.00544	0.00563	0.00618	0.00417	0.00421	0.00618	0.00626	0.00877	0.01314	0.20832	0.03787	0.05087	0.59355	0.02177	0.00760	0.00561	0.00236	0.00317
23	0.01142	0.14862	0.15121	0.00913	0.01222	0.23699	0.06332	0.18564	0.10537	0.02984	0.00782	0.00838	0.00598	0.00391	0.00343	0.00106	0.00499	0.00295	0.00244	0.00526
24	0.03155	0.00923	0.01088	0.00924	0.06662	0.01876	0.04115	0.45757	0.14359	0.15676	0.01053	0.01028	0.00745	0.00441	0.00372	0.00115	0.00387	0.00354	0.00362	0.00609
25	0.01011	0.01982	0.00723	0.00642	0.03167	0.13380	0.00487	0.18197	0.01058	0.09001	0.01390	0.01473	0.11585	0.00502	0.00335	0.00103	0.00326	0.01934	0.32256	0.00448
26	0.04603	0.05976	0.06526	0.02571	0.02715	0.11184	0.08003	0.24021	0.05761	0.10216	0.02229	0.01086	0.04520	0.00432	0.00353	0.00108	0.00417	0.00347	0.06134	0.02798

[dist]
# distance from previous block
# <min> <max>
0	2

[block]
# block no. 3 follows, 74 sequences, length 16
# corresponding to MSA columns:
# 212-227
name=unknown_D
#
# <colnr> <probs for GDERKNQSTAVLIFYWHMCP>
#	G	D	E	R	K	N	Q	S	T	A	V	L	I	F	Y	W	H	M	C	P
0	0.00909	0.00814	0.00966	0.15421	0.02590	0.06436	0.04003	0.09186	0.33491	0.02545	0.01171	0.08743	0.00985	0.00532	0.00439	0.00126	0.05890	0.02596	0.00297	0.02860
1	0.00835	0.45916	0.05776	0.03277	0.00928	0.04797	0.00618	0.00960	0.00716	0.00885	0.00766	0.07344	0.00762	0.08062	0.12438	0.00189	0.04791	0.00335	0.00186	0.00418
2	0.75113	0.04607	0.00700	0.00644	0.06709	0.04939	0.00480	0.01114	0.00673	0.01562	0.00532	0.00628	0.00422	0.00344	0.00245	0.00112	0.00321	0.00212	0.00221	0.00420
3	0.02431	0.00781	0.01018	0.25609	0.01487	0.00894	0.05738	0.16073	0.32492	0.01453	0.01153	0.02574	0.03385	0.00525	0.02641	0.00135	0.00407	0.00396	0.00294	0.00516
4	0.00512	0.00383	0.00451	0.00436	0.00535	0.00347	0.00323	0.00634	0.00887	0.02802	0.34948	0.02966	0.38236	0.07984	0.06760	0.00175	0.00258	0.00683	0.00352	0.00328
5	0.05027	0.03482	0.01040	0.10758	0.08893	0.00967	0.00717	0.26953	0.29590	0.07100	0.01068	0.01077	0.00787	0.00439	0.00363	0.00117	0.00370	0.00355	0.00325	0.00572
6	0.00534	0.00370	0.00464	0.00467	0.00488	0.00389	0.00302	0.00576	0.00563	0.00771	0.01149	0.05220	0.01263	0.58382	0.27097	0.00424	0.00546	0.00516	0.00221	0.00260
7	0.05503	0.14842	0.05592	0.00876	0.02699	0.07929	0.15126	0.11208	0.00972	0.12442	0.03462	0.00959	0.02076	0.00378	0.00339	0.00100	0.00424	0.00318	0.00257	0.14497
8	0.07944	0.03343	0.04126	0.00777	0.01071	0.05408	0.00657	0.48135	0.01378	0.14382	0.02095	0.00920	0.00674	0.00422	0.00349	0.00107	0.00391	0.00315	0.00340	0.07167
9	0.00473	0.00342	0.00438	0.00501	0.00539	0.00321	0.00339	0.00558	0.02537	0.00974	0.05790	0.67314	0.10785	0.03745	0.00541	0.02983	0.00220	0.00957	0.00339	0.00304
10	0.02579	0.02751	0.04004	0.03476	0.04805	0.12631	0.03534	0.29664	0.12003	0.06299	0.03178	0.03145	0.00830	0.02832	0.06452	0.00154	0.00468	0.00367	0.00301	0.00528
11	0.14980	0.09585	0.20451	0.00750	0.01051	0.04114	0.01790	0.16722	0.03902	0.02947	0.01031	0.09639	0.05488	0.00517	0.01458	0.00119	0.00397	0.00381	0.00257	0.04420
12	0.00813	0.00531	0.00646	0.00648	0.04812	0.04207	0.00454	0.05238	0.00935	0.16322	0.22822	0.31453	0.03609	0.03525	0.00470	0.00133	0.00270	0.00687	0.00362	0.02063
13	0.00552	0.00381	0.00528	0.00541	0.00610	0.00387	0.00403	0.00674	0.00767	0.04615	0.19908	0.27737	0.04843	0.01638	0.32194	0.00308	0.00504	0.02762	0.00309	0.00339
14	0.02450	0.02965	0.03563	0.16209	0.30247	0.07537	0.05318	0.09641	0.05410	0.05939	0.00789	0.01793	0.00620	0.00387	0.00390	0.00114	0.03181	0.00334	0.00228	0.02887
15	0.03053	0.03660	0.07293	0.00817	0.01093	0.05287	0.00700	0.39017	0.27322	0.03964	0.01051	0.01036	0.00775	0.00510	0.02622	0.00128	0.00406	0.00347	0.00336	0.00584

[dist]
# distance from previous block
# <min> <max>
1	8

[block]
# block no. 4 follows, 74 sequences, length 38
# corresponding to MSA columns:
# 236-273
name=unknown_E
#
# <colnr> <probs for GDERKNQSTAVLIFYWHMCP>
#	G	D	E	R	K	N	Q	S	T	A	V	L	I	F	Y	W	H	M	C	P
0	0.02427	0.06427	0.01218	0.03612	0.16528	0.55528	0.03235	0.04789	0.01006	0.01042	0.00613	0.00738	0.00507	0.00369	0.00339	0.00100	0.00589	0.00265	0.00195	0.00471
1	0.00541	0.00385	0.00463	0.00448	0.00552	0.00341	0.00334	0.00673	0.00941	0.05291	0.42203	0.11411	0.33349	0.00852	0.00439	0.00123	0.00191	0.00737	0.00381	0.00345
2	0.12973	0.00807	0.00875	0.00683	0.00969	0.03794	0.03221	0.16244	0.13775	0.06301	0.00860	0.00896	0.00653	0.00366	0.00315	0.00091	0.00332	0.00286	0.00285	0.36275
3	0.00985	0.05400	0.18689	0.05358	0.09095	0.05161	0.04374	0.20980	0.10939	0.02802	0.04406	0.02522	0.00804	0.03070	0.00410	0.00120	0.00432	0.00354	0.00264	0.03834
4	0.04645	0.00860	0.03587	0.04044	0.01119	0.02145	0.06728	0.29088	0.20379	0.08137	0.02974	0.08215	0.01002	0.00521	0.00384	0.00121	0.00372	0.03085	0.00338	0.02256
5	0.00962	0.65573	0.19717	0.00729	0.01095	0.01311	0.00792	0.02196	0.00781	0.03120	0.00577	0.00657	0.00488	0.00330	0.00268	0.00089	0.00428	0.00221	0.00169	0.00498
6	0.00514	0.00381	0.00447	0.00457	0.00548	0.00346	0.00339	0.00618	0.00826	0.03092	0.15700	0.13320	0.39476	0.10073	0.04027	0.00175	0.00258	0.08746	0.00339	0.00320
7	0.02029	0.22490	0.13090	0.02875	0.01146	0.07733	0.00755	0.31635	0.04584	0.03899	0.00897	0.03083	0.03359	0.00430	0.00336	0.00106	0.00427	0.00321	0.00269	0.00537
8	0.01002	0.00886	0.01286	0.10811	0.30565	0.03505	0.08274	0.24268	0.01067	0.01444	0.00808	0.01086	0.00667	0.03764	0.03704	0.00144	0.03268	0.02679	0.00241	0.00532
9	0.01066	0.00532	0.00694	0.00601	0.00785	0.00496	0.00480	0.01305	0.09167	0.38016	0.26627	0.06669	0.03309	0.00651	0.00412	0.00124	0.00266	0.07888	0.00417	0.00493
10	0.00645	0.00322	0.00484	0.00484	0.00484	0.00322	0.00322	0.00484	0.00484	0.00645	0.00645	0.01128	0.00645	0.01289	0.01451	0.89201	0.00322	0.00322	0.00161	0.00161
11	0.01169	0.02300	0.02461	0.05987	0.06019	0.43221	0.03203	0.05453	0.01810	0.07720	0.07463	0.03348	0.00836	0.00458	0.00425	0.00110	0.06982	0.00337	0.00240	0.00459
12	0.00454	0.00327	0.00431	0.00513	0.00541	0.00304	0.00346	0.00522	0.00719	0.00953	0.02121	0.81594	0.06096	0.01151	0.00473	0.00150	0.00216	0.02442	0.00345	0.00303
13	0.00516	0.00374	0.00474	0.00457	0.00544	0.00343	0.00340	0.00674	0.00995	0.01394	0.67087	0.09126	0.11819	0.00798	0.00435	0.00119	0.00179	0.00701	0.03283	0.00343
14	0.01387	0.01769	0.01052	0.00956	0.01148	0.85465	0.00717	0.01482	0.01052	0.00908	0.00574	0.00669	0.00478	0.00383	0.00335	0.00096	0.00669	0.00239	0.00191	0.00430
15	0.00786	0.00670	0.00779	0.00558	0.00887	0.00512	0.00447	0.03088	0.00795	0.01239	0.00666	0.00773	0.00552	0.00279	0.00277	0.00056	0.00278	0.00223	0.00224	0.86911
16	0.00956	0.00887	0.01461	0.14865	0.44933	0.00932	0.11892	0.14445	0.00971	0.01342	0.00724	0.00933	0.00574	0.00363	0.00404	0.00116	0.03096	0.00345	0.00211	0.00551
17	0.05218	0.02596	0.01205	0.01066	0.08690	0.30954	0.11565	0.24801	0.01159	0.01420	0.00807	0.07283	0.00689	0.00443	0.00366	0.00110	0.00512	0.00360	0.00255	0.00501
18	0.02546	0.09332	0.03395	0.00660	0.02781	0.01953	0.00513	0.15193	0.00906	0.08317	0.02967	0.19016	0.03966	0.17118	0.04962	0.00191	0.03170	0.02308	0.00292	0.00415
19	0.05913	0.01305	0.34458	0.02745	0.03811	0.00856	0.00954	0.09611	0.06114	0.13270	0.00998	0.01128	0.00755	0.00471	0.00401	0.00132	0.00463	0.01512	0.00299	0.14802
20	0.03406	0.00942	0.04364	0.05919	0.03890	0.00996	0.03666	0.38256	0.27275	0.05766	0.01069	0.01062	0.00778	0.00445	0.00371	0.00118	0.00385	0.00360	0.00341	0.00589
21	0.00450	0.00377	0.00392	0.00394	0.00514	0.00319	0.00297	0.00551	0.00858	0.01038	0.09260	0.05120	0.74884	0.00934	0.00441	0.00127	0.00192	0.03186	0.00349	0.00317
22	0.05185	0.52786	0.06559	0.00767	0.01062	0.23769	0.03174	0.01215	0.00833	0.00947	0.00547	0.00639	0.00476	0.00338	0.00276	0.00089	0.00480	0.00221	0.00171	0.00466
23	0.00886	0.00853	0.01468	0.14291	0.70689	0.00875	0.03273	0.01113	0.00831	0.01174	0.00694	0.00931	0.00574	0.00336	0.00370	0.00113	0.00454	0.00333	0.00181	0.00560
24	0.00960	0.78257	0.08057	0.00665	0.00992	0.01394	0.00685	0.01103	0.00752	0.00895	0.00542	0.00635	0.00489	0.00394	0.02808	0.00098	0.00426	0.00210	0.00160	0.00477
25	0.00814	0.00802	0.01362	0.00973	0.01322	0.00680	0.34979	0.01041	0.00814	0.01201	0.00698	0.00866	0.00555	0.00291	0.00343	0.00084	0.00421	0.00311	0.00206	0.52237
26	0.01220	0.00579	0.00718	0.00595	0.00807	0.00553	0.00476	0.02463	0.14633	0.44406	0.10897	0.01475	0.01252	0.00495	0.00359	0.00111	0.00269	0.00409	0.17744	0.00536
27	0.00487	0.00349	0.00449	0.00501	0.00541	0.00329	0.00348	0.00572	0.00763	0.01021	0.15185	0.50293	0.07101	0.12362	0.00656	0.00173	0.00237	0.07991	0.00339	0.00303
28	0.00546	0.00392	0.00546	0.00534	0.00611	0.00411	0.00406	0.00686	0.00778	0.02845	0.30230	0.04496	0.05870	0.04633	0.44866	0.00376	0.00613	0.00534	0.00289	0.00339
29	0.00510	0.00351	0.00412	0.00435	0.00450	0.00341	0.00264	0.00537	0.00616	0.00817	0.03711	0.25116	0.06471	0.56772	0.01389	0.00284	0.00306	0.00695	0.00269	0.00254
30	0.00457	0.00352	0.00415	0.00458	0.00527	0.00314	0.00323	0.00540	0.00779	0.00989	0.05994	0.43487	0.36311	0.03986	0.00508	0.00147	0.00212	0.03551	0.00343	0.00307
31	0.00812	0.00812	0.01137	0.00975	0.00975	0.01137	0.00812	0.00893	0.00568	0.00893	0.00487	0.00812	0.00487	0.00650	0.01218	0.00162	0.86276	0.00325	0.00162	0.00406
32	0.00645	0.00408	0.00470	0.00452	0.00582	0.00360	0.00351	0.00768	0.00885	0.11758	0.12207	0.06758	0.45062	0.00823	0.00420	0.00124	0.00216	0.07723	0.09626	0.00363
33	0.00450	0.00330	0.00423	0.00497	0.00533	0.00303	0.00336	0.00519	0.00729	0.00955	0.02281	0.75293	0.13723	0.01132	0.00469	0.00147	0.00212	0.01018	0.00345	0.00303
34	0.01063	0.01181	0.01225	0.21659	0.30304	0.34093	0.00937	0.03216	0.00924	0.01058	0.00645	0.00837	0.00524	0.00363	0.00356	0.00108	0.00543	0.00295	0.00187	0.00485
35	0.00903	0.01021	0.02050	0.01511	0.03949	0.05285	0.73165	0.02605	0.00891	0.01186	0.00750	0.00993	0.00571	0.00390	0.02852	0.00136	0.00630	0.00422	0.00191	0.00497
36	0.00708	0.00650	0.01004	0.60693	0.06672	0.03327	0.00900	0.00930	0.00786	0.01021	0.05708	0.01443	0.02348	0.01476	0.00402	0.00127	0.00447	0.07715	0.03238	0.00406
37	0.01228	0.04511	0.16788	0.00944	0.01237	0.37743	0.03139	0.21873	0.03257	0.03164	0.00715	0.00787	0.00544	0.00398	0.00365	0.00106	0.02166	0.00283	0.00239	0.00514

[dist]
# distance from previous block
# <min> <max>
0	1

[block]
# block no. 5 follows, 74 sequences, length 20
# corresponding to MSA columns:
# 275-294
name=unknown_F
#
# <colnr> <probs for GDERKNQSTAVLIFYWHMCP>
#	G	D	E	R	K	N	Q	S	T	A	V	L	I	F	Y	W	H	M	C	P
0	0.00801	0.00801	0.01855	0.02655	0.07839	0.18404	0.03323	0.05870	0.02054	0.01150	0.15005	0.21138	0.06823	0.02145	0.05492	0.00154	0.01839	0.01966	0.00287	0.00400
1	0.70610	0.05284	0.00692	0.00559	0.00791	0.10830	0.00458	0.01171	0.00707	0.05335	0.00567	0.00641	0.00438	0.00353	0.00249	0.00111	0.00339	0.00213	0.00232	0.00420
2	0.00977	0.00562	0.00774	0.02281	0.18811	0.00546	0.00554	0.02752	0.02306	0.21993	0.05863	0.01402	0.02948	0.03364	0.01484	0.00119	0.00295	0.00386	0.32108	0.00475
3	0.00855	0.03923	0.20862	0.28921	0.10966	0.02638	0.02155	0.03513	0.00833	0.08603	0.00886	0.05510	0.02657	0.00420	0.00364	0.00115	0.00450	0.00359	0.00215	0.05754
4	0.00460	0.00367	0.00413	0.00429	0.00526	0.00320	0.00316	0.00563	0.00850	0.01070	0.15808	0.20612	0.52333	0.00961	0.00448	0.00131	0.00197	0.03523	0.00354	0.00318
5	0.00770	0.00660	0.00770	0.00550	0.00880	0.00495	0.00440	0.00935	0.00770	0.01210	0.00660	0.00770	0.00550	0.00275	0.00275	0.00055	0.00275	0.00220	0.00220	0.89224
6	0.01054	0.02687	0.01036	0.26516	0.03967	0.05328	0.00761	0.23856	0.15606	0.08330	0.03474	0.01113	0.00791	0.02506	0.00414	0.00123	0.01265	0.00358	0.00293	0.00522
7	0.15192	0.06886	0.24461	0.02196	0.01195	0.03223	0.03773	0.19379	0.08395	0.01487	0.00820	0.00902	0.02421	0.00457	0.01827	0.00125	0.06195	0.00306	0.00243	0.00517
8	0.00484	0.00354	0.00461	0.00489	0.00548	0.00331	0.00348	0.00599	0.00852	0.01164	0.35039	0.41656	0.09734	0.01068	0.04946	0.00159	0.00238	0.00844	0.00362	0.00324
9	0.00770	0.00660	0.00770	0.00550	0.00880	0.00495	0.00440	0.00935	0.00770	0.01210	0.00660	0.00770	0.00550	0.00275	0.00275	0.00055	0.00275	0.00220	0.00220	0.89224
10	0.01177	0.02777	0.03569	0.11121	0.04412	0.04227	0.02165	0.12469	0.09204	0.26967	0.01865	0.01052	0.00743	0.00446	0.00458	0.00116	0.10076	0.00342	0.00312	0.06502
11	0.03398	0.00904	0.01040	0.04318	0.01150	0.05353	0.03332	0.41174	0.01363	0.32532	0.01063	0.01018	0.00716	0.00438	0.00369	0.00113	0.00396	0.00344	0.00377	0.00602
12	0.00460	0.00335	0.00429	0.00500	0.00536	0.00310	0.00341	0.00529	0.00726	0.00950	0.02223	0.69020	0.12943	0.05079	0.00536	0.00158	0.00223	0.04061	0.00339	0.00301
13	0.03402	0.00785	0.05503	0.32812	0.18063	0.02624	0.00881	0.04572	0.00883	0.19030	0.01000	0.03019	0.03438	0.00432	0.00372	0.00119	0.00424	0.01882	0.00255	0.00503
14	0.01170	0.10187	0.29758	0.00938	0.03796	0.07557	0.06562	0.05741	0.00951	0.28389	0.00921	0.00936	0.00636	0.00388	0.00353	0.00111	0.00461	0.00312	0.00272	0.00561
15	0.00762	0.00632	0.00674	0.00608	0.00783	0.00677	0.00472	0.08314	0.40083	0.01445	0.13877	0.02200	0.26621	0.00667	0.00404	0.00123	0.00255	0.00558	0.00372	0.00475
16	0.00573	0.00358	0.00389	0.00388	0.00428	0.00351	0.00246	0.00639	0.00659	0.00969	0.05035	0.02254	0.09149	0.50465	0.01225	0.00249	0.00282	0.00513	0.25553	0.00273
17	0.02205	0.04853	0.05230	0.03786	0.07594	0.32675	0.04951	0.24274	0.06099	0.03693	0.00765	0.00838	0.00584	0.00397	0.00353	0.00106	0.00518	0.00300	0.00256	0.00523
18	0.00919	0.00927	0.01605	0.04330	0.59149	0.03637	0.18727	0.01184	0.03629	0.01202	0.00732	0.00946	0.00595	0.00335	0.00382	0.00114	0.00485	0.00354	0.00191	0.00559
19	0.00960	0.05458	0.32316	0.01197	0.07958	0.10666	0.19448	0.08659	0.02848	0.03122	0.00722	0.00856	0.00542	0.00368	0.00396	0.00115	0.03316	0.00320	0.00201	0.00530

[dist]
# distance from previous block
# <min> <max>
1	2

[block]
# block no. 6 follows, 74 sequences, length 8
# corresponding to MSA columns:
# 297-304
name=unknown_G
#
# <colnr> <probs for GDERKNQSTAVLIFYWHMCP>
#	G	D	E	R	K	N	Q	S	T	A	V	L	I	F	Y	W	H	M	C	P
0	0.00676	0.00554	0.00705	0.00566	0.00785	0.00467	0.05007	0.00878	0.04971	0.03363	0.22012	0.04214	0.16890	0.00560	0.00368	0.00095	0.00254	0.00484	0.00305	0.36846
1	0.01121	0.14202	0.11964	0.02619	0.03604	0.09766	0.03868	0.31483	0.09258	0.01566	0.00802	0.00857	0.00608	0.00392	0.00342	0.00104	0.00442	0.00301	0.00267	0.06433
2	0.00671	0.00529	0.00674	0.00642	0.00753	0.00611	0.00497	0.04064	0.23454	0.01099	0.01139	0.01457	0.00990	0.05529	0.55626	0.00440	0.00755	0.00407	0.00255	0.00408
3	0.01110	0.57737	0.01667	0.00790	0.04733	0.15202	0.00680	0.12226	0.00940	0.01091	0.00584	0.00662	0.00502	0.00346	0.00278	0.00088	0.00445	0.00229	0.00194	0.00495
4	0.00490	0.00372	0.00467	0.00496	0.00572	0.00335	0.00350	0.00582	0.00764	0.01025	0.09615	0.52212	0.16416	0.01097	0.05178	0.00159	0.00256	0.00861	0.00331	0.08424
5	0.03055	0.13113	0.04459	0.08111	0.09770	0.24772	0.02996	0.23471	0.04413	0.01384	0.00716	0.00811	0.00558	0.00385	0.00341	0.00105	0.00495	0.00289	0.00239	0.00518
6	0.04218	0.05138	0.02744	0.00835	0.01124	0.04711	0.03680	0.57879	0.01479	0.10097	0.00933	0.03842	0.00695	0.00453	0.00365	0.00112	0.00410	0.00350	0.00346	0.00590
7	0.03867	0.00974	0.10737	0.04624	0.07368	0.04689	0.06179	0.23265	0.04569	0.04095	0.07506	0.01193	0.04972	0.00551	0.03155	0.00134	0.09016	0.00377	0.00274	0.02455

[dist]
# distance from previous block
# <min> <max>
12	89

[block]
# block no. 7 follows, 74 sequences, length 25
# corresponding to MSA columns:
# 410-434
name=unknown_H
#
# <colnr> <probs for GDERKNQSTAVLIFYWHMCP>
#	G	D	E	R	K	N	Q	S	T	A	V	L	I	F	Y	W	H	M	C	P
0	0.09676	0.03834	0.10942	0.02994	0.07465	0.04101	0.04785	0.11267	0.15079	0.09600	0.04947	0.05428	0.00932	0.00496	0.01568	0.00122	0.00388	0.01149	0.02103	0.03122
1	0.08602	0.18942	0.05906	0.01777	0.05529	0.09666	0.04983	0.11749	0.06484	0.05048	0.02603	0.02153	0.04916	0.00412	0.00326	0.00101	0.00400	0.00321	0.00250	0.09831
2	0.05838	0.14747	0.11421	0.00977	0.06972	0.12984	0.05758	0.30761	0.04476	0.01553	0.00743	0.00813	0.00567	0.00386	0.00339	0.00106	0.00465	0.00295	0.00255	0.00544
3	0.02749	0.12975	0.12384	0.13232	0.15578	0.12964	0.04635	0.03808	0.03637	0.02795	0.00776	0.02861	0.00663	0.00426	0.00398	0.00115	0.04855	0.04458	0.00205	0.00487
4	0.00875	0.02033	0.00765	0.01465	0.00848	0.03156	0.01939	0.14163	0.10771	0.08774	0.06007	0.22196	0.04181	0.03544	0.00444	0.00126	0.00307	0.04571	0.00332	0.13502
5	0.07057	0.04231	0.04379	0.07000	0.15260	0.03579	0.02787	0.12660	0.05218	0.23719	0.01074	0.03455	0.02076	0.00451	0.00363	0.00115	0.00386	0.03360	0.00307	0.02523
6	0.00640	0.02579	0.04942	0.00643	0.00773	0.04342	0.04753	0.00864	0.08566	0.02966	0.16554	0.33554	0.07886	0.00846	0.00438	0.00135	0.00291	0.08517	0.00332	0.00381
7	0.00721	0.00507	0.02731	0.03096	0.00734	0.00459	0.00441	0.05055	0.05507	0.12283	0.24972	0.17084	0.21805	0.00786	0.00426	0.00126	0.00244	0.02247	0.00370	0.00404
8	0.00809	0.00825	0.05617	0.35455	0.39891	0.00836	0.02730	0.02825	0.00814	0.01116	0.00755	0.05287	0.00640	0.00392	0.00375	0.00118	0.00460	0.00366	0.00187	0.00501
9	0.00847	0.01007	0.17631	0.07974	0.11350	0.05085	0.11841	0.05884	0.01925	0.04666	0.00804	0.01064	0.00658	0.03567	0.17767	0.00225	0.06671	0.00352	0.00206	0.00475
10	0.00820	0.01389	0.37193	0.01350	0.01799	0.00906	0.48678	0.01183	0.00837	0.01183	0.00715	0.00909	0.00524	0.00330	0.00402	0.00122	0.00593	0.00369	0.00175	0.00521
11	0.00508	0.00351	0.00437	0.00467	0.00483	0.00352	0.00296	0.00546	0.00607	0.00817	0.01458	0.32080	0.01690	0.46652	0.11325	0.00314	0.00384	0.00705	0.00264	0.00265
12	0.00779	0.01701	0.66782	0.01230	0.10723	0.00872	0.08526	0.01190	0.02593	0.01189	0.00695	0.00831	0.00506	0.00350	0.00362	0.00118	0.00538	0.00298	0.00167	0.00550
