[name]
unknown

[dist]
# distance from previous block
# <min> <max>
0	118

[block]
# block no. 0 follows, 72 sequences, length 7
# corresponding to MSA columns:
# 139-145
name=unknown_A
#
# <colnr> <probs for GDERKNQSTAVLIFYWHMCP>
#	G	D	E	R	K	N	Q	S	T	A	V	L	I	F	Y	W	H	M	C	P
0	0.02374	0.01778	0.01875	0.00634	0.00745	0.04313	0.03260	0.08037	0.00804	0.05841	0.07160	0.07898	0.02323	0.12400	0.06695	0.22565	0.03256	0.04698	0.00262	0.03080
1	0.00662	0.03542	0.00677	0.06136	0.02584	0.00504	0.02090	0.02906	0.06002	0.06177	0.06738	0.36318	0.13803	0.02477	0.04128	0.01847	0.00310	0.02388	0.00328	0.00382
2	0.00736	0.00626	0.00729	0.00544	0.00842	0.00476	0.00429	0.00891	0.00789	0.01200	0.01045	0.06596	0.08051	0.00400	0.00309	0.00069	0.00269	0.00331	0.00244	0.75424
3	0.00834	0.03609	0.04870	0.00694	0.04554	0.00576	0.02591	0.01015	0.00816	0.05838	0.03407	0.03864	0.00741	0.00347	0.00310	0.00073	0.00312	0.00290	0.00241	0.65018
4	0.05058	0.00910	0.00961	0.00792	0.01052	0.01016	0.00636	0.36789	0.40298	0.01919	0.01180	0.01129	0.00872	0.00469	0.00371	0.00118	0.00349	0.00370	0.00368	0.05343
5	0.00609	0.00426	0.00530	0.00502	0.00606	0.00398	0.00376	0.05269	0.01033	0.04670	0.53161	0.15379	0.13929	0.00833	0.00447	0.00125	0.00206	0.00729	0.00399	0.00372
6	0.00890	0.00903	0.07920	0.05433	0.05677	0.06407	0.09078	0.06566	0.12537	0.03906	0.04987	0.05206	0.05644	0.00462	0.00370	0.00106	0.00389	0.00401	0.00272	0.22847

[dist]
# distance from previous block
# <min> <max>
1	6

[block]
# block no. 1 follows, 72 sequences, length 13
# corresponding to MSA columns:
# 152-164
name=unknown_B
#
# <colnr> <probs for GDERKNQSTAVLIFYWHMCP>
#	G	D	E	R	K	N	Q	S	T	A	V	L	I	F	Y	W	H	M	C	P
0	0.01148	0.01020	0.04339	0.01991	0.06949	0.09500	0.01910	0.36891	0.11627	0.02816	0.01148	0.01193	0.07129	0.01846	0.00433	0.00119	0.03622	0.00376	0.01859	0.04083
1	0.00734	0.05782	0.02528	0.00623	0.00729	0.02447	0.00476	0.07190	0.06376	0.03880	0.01432	0.27354	0.04559	0.18758	0.06000	0.00212	0.07888	0.00622	0.00288	0.02123
2	0.00968	0.07867	0.04193	0.02946	0.15624	0.05893	0.00809	0.02970	0.10476	0.08038	0.00906	0.02732	0.03097	0.00570	0.02329	0.00141	0.29344	0.00361	0.00236	0.00499
3	0.01140	0.00912	0.00968	0.00812	0.01061	0.01035	0.00648	0.34018	0.51298	0.01904	0.01294	0.01216	0.00955	0.00491	0.00383	0.00123	0.00346	0.00394	0.00383	0.00618
4	0.00940	0.00892	0.07229	0.06111	0.13248	0.00906	0.04398	0.16589	0.18074	0.02589	0.01058	0.01246	0.03520	0.06465	0.05132	0.00169	0.10249	0.00391	0.00272	0.00522
5	0.00987	0.00812	0.00871	0.00764	0.00973	0.00928	0.00602	0.15778	0.58559	0.01650	0.01461	0.01493	0.03045	0.03186	0.00458	0.00135	0.02497	0.03096	0.02135	0.00572
6	0.00566	0.00434	0.00620	0.00606	0.00658	0.00509	0.00461	0.00678	0.00614	0.00882	0.03797	0.01636	0.01067	0.15561	0.62751	0.00520	0.07669	0.00432	0.00212	0.00329
7	0.00696	0.00595	0.03319	0.02515	0.00786	0.00667	0.00550	0.04532	0.00727	0.02933	0.08649	0.05115	0.04578	0.17289	0.19925	0.00289	0.23512	0.00472	0.02484	0.00368
8	0.01329	0.01011	0.01100	0.00867	0.01137	0.01142	0.00711	0.65926	0.13346	0.02175	0.00973	0.00977	0.00708	0.00478	0.00439	0.00119	0.06220	0.00353	0.00366	0.00623
9	0.00964	0.06082	0.26064	0.02264	0.04356	0.02767	0.05940	0.07568	0.00902	0.09716	0.00765	0.00865	0.00574	0.00369	0.00390	0.00102	0.05140	0.00291	0.00231	0.24649
10	0.00506	0.00404	0.00461	0.00437	0.00561	0.00347	0.00328	0.00639	0.00937	0.01231	0.34929	0.05598	0.44562	0.00849	0.00438	0.00121	0.00194	0.00725	0.00369	0.06365
11	0.00786	0.00674	0.00786	0.00562	0.00899	0.00506	0.00449	0.00955	0.00786	0.01236	0.00674	0.00786	0.00562	0.00281	0.00281	0.00056	0.00281	0.00225	0.00225	0.88990
12	0.00899	0.06415	0.16657	0.07219	0.11217	0.00874	0.14057	0.09310	0.04985	0.04962	0.04493	0.02544	0.06443	0.00489	0.01695	0.00126	0.03622	0.00398	0.00245	0.03349

[dist]
# distance from previous block
# <min> <max>
1	15

[block]
# block no. 2 follows, 72 sequences, length 34
# corresponding to MSA columns:
# 180-213
name=unknown_C
#
# <colnr> <probs for GDERKNQSTAVLIFYWHMCP>
#	G	D	E	R	K	N	Q	S	T	A	V	L	I	F	Y	W	H	M	C	P
0	0.04528	0.11105	0.19811	0.02514	0.10582	0.01860	0.05139	0.12824	0.12380	0.08674	0.00974	0.02607	0.01906	0.00422	0.00357	0.00115	0.00424	0.00347	0.02877	0.00555
1	0.00880	0.00902	0.13125	0.00751	0.03720	0.00636	0.02790	0.05923	0.00866	0.05828	0.00735	0.00835	0.00576	0.00321	0.00324	0.00077	0.01483	0.00259	0.00235	0.59734
2	0.00535	0.00380	0.00449	0.00435	0.00530	0.00346	0.00323	0.00684	0.00956	0.01337	0.47029	0.04851	0.24450	0.03479	0.00470	0.00126	0.00189	0.00676	0.12413	0.00342
3	0.00511	0.00429	0.01750	0.02460	0.00609	0.00372	0.00354	0.01688	0.01977	0.01206	0.27181	0.04320	0.51810	0.00861	0.00439	0.00124	0.00206	0.00730	0.02630	0.00346
4	0.00474	0.00346	0.00448	0.00518	0.00561	0.00320	0.00360	0.00557	0.00773	0.01021	0.07671	0.66670	0.11837	0.01127	0.00480	0.00150	0.00222	0.05791	0.00356	0.00315
5	0.89350	0.00733	0.00557	0.00499	0.00733	0.00851	0.00411	0.01115	0.00645	0.01702	0.00528	0.00616	0.00411	0.00352	0.00235	0.00117	0.00293	0.00205	0.00235	0.00411
6	0.00524	0.00387	0.00490	0.00464	0.00559	0.00353	0.00348	0.00692	0.01044	0.01451	0.72880	0.02947	0.14848	0.00801	0.00447	0.00121	0.00181	0.00702	0.00408	0.00353
7	0.01014	0.86900	0.01987	0.00649	0.00973	0.01501	0.00649	0.01136	0.00771	0.00892	0.00527	0.00608	0.00487	0.00324	0.00243	0.00081	0.00406	0.00203	0.00162	0.00487
8	0.00761	0.01962	0.84707	0.01081	0.01641	0.00881	0.01401	0.01201	0.00801	0.01201	0.00681	0.00801	0.00480	0.00360	0.00360	0.00120	0.00560	0.00280	0.00160	0.00560
9	0.01702	0.00645	0.00880	0.00675	0.00968	0.00557	0.00557	0.01848	0.01085	0.84568	0.01496	0.01291	0.00939	0.00469	0.00381	0.00117	0.00323	0.00381	0.00469	0.00645
10	0.86752	0.00732	0.00574	0.02999	0.00789	0.00851	0.00430	0.01111	0.00649	0.01680	0.00532	0.00628	0.00414	0.00353	0.00239	0.00118	0.00300	0.00209	0.00233	0.00411
11	0.00716	0.00674	0.01138	0.85760	0.02612	0.00843	0.01053	0.00969	0.00758	0.00969	0.00674	0.01011	0.00506	0.00379	0.00379	0.00126	0.00506	0.00337	0.00169	0.00421
12	0.89350	0.00733	0.00557	0.00499	0.00733	0.00851	0.00411	0.01115	0.00645	0.01702	0.00528	0.00616	0.00411	0.00352	0.00235	0.00117	0.00293	0.00205	0.00235	0.00411
13	0.00786	0.00674	0.00786	0.00562	0.00899	0.00506	0.00449	0.00955	0.00786	0.01236	0.00674	0.00786	0.00562	0.00281	0.00281	0.00056	0.00281	0.00225	0.00225	0.88990
14	0.00530	0.00386	0.00483	0.00458	0.00554	0.00352	0.00344	0.00696	0.01031	0.01442	0.68878	0.02901	0.15573	0.00790	0.00440	0.00119	0.00181	0.00690	0.03799	0.00352
15	0.00491	0.00354	0.00456	0.00522	0.00562	0.00332	0.00366	0.00571	0.00756	0.00998	0.06265	0.57530	0.09407	0.09234	0.00621	0.00173	0.00245	0.10464	0.00343	0.00309
16	0.89350	0.00733	0.00557	0.00499	0.00733	0.00851	0.00411	0.01115	0.00645	0.01702	0.00528	0.00616	0.00411	0.00352	0.00235	0.00117	0.00293	0.00205	0.00235	0.00411
17	0.00930	0.00714	0.00832	0.00605	0.00935	0.00583	0.00488	0.10006	0.00919	0.07913	0.00765	0.00840	0.00600	0.00315	0.00300	0.00067	0.00299	0.00250	0.00261	0.72379
18	0.00605	0.00432	0.00605	0.00692	0.00777	0.00432	0.00601	0.00776	0.00867	0.01129	0.02011	0.07431	0.02195	0.01053	0.00522	0.00174	0.00344	0.78657	0.00349	0.00348
19	0.00537	0.00388	0.00507	0.00477	0.00567	0.00358	0.00358	0.00716	0.01074	0.01521	0.84106	0.02833	0.03578	0.00775	0.00447	0.00119	0.00179	0.00686	0.00417	0.00358
20	0.00542	0.00406	0.00610	0.00610	0.00677	0.00474	0.00474	0.00677	0.00610	0.00880	0.01016	0.01490	0.00948	0.02844	0.85169	0.00610	0.01016	0.00406	0.00203	0.00339
21	0.64224	0.00744	0.00659	0.00561	0.00806	0.00830	0.00461	0.09176	0.02811	0.13006	0.00742	0.00779	0.00539	0.00385	0.00273	0.00116	0.00306	0.00252	0.02861	0.00468
22	0.00614	0.00409	0.00479	0.00457	0.00582	0.00356	0.00344	0.00735	0.00930	0.10540	0.24804	0.11896	0.44698	0.00880	0.00444	0.00127	0.00206	0.00752	0.00383	0.00365
23	0.01584	0.00835	0.00997	0.00765	0.01063	0.00838	0.00632	0.38693	0.01402	0.47276	0.01230	0.01118	0.00805	0.00463	0.00380	0.00116	0.00366	0.00363	0.00429	0.00645
24	0.00542	0.00405	0.00602	0.00602	0.00668	0.00470	0.00465	0.00673	0.00607	0.00875	0.01022	0.01526	0.00964	0.05911	0.82124	0.00601	0.00992	0.00412	0.00204	0.00335
25	0.02103	0.00479	0.00510	0.00468	0.00597	0.00493	0.00369	0.12962	0.00961	0.04244	0.03650	0.01554	0.01070	0.00493	0.00308	0.00100	0.00230	0.05706	0.63296	0.00406
26	0.00746	0.00610	0.00720	0.02300	0.03984	0.00636	0.00513	0.05183	0.30596	0.01298	0.01571	0.35047	0.01568	0.02257	0.00439	0.00133	0.00282	0.00655	0.00338	0.11122
27	0.00845	0.01082	0.23665	0.16196	0.24398	0.00813	0.07406	0.02059	0.03203	0.05534	0.06723	0.03312	0.02231	0.00426	0.00387	0.00121	0.00464	0.00387	0.00223	0.00525
28	0.01118	0.12737	0.19525	0.03607	0.07652	0.03388	0.06043	0.32581	0.04022	0.03049	0.00794	0.00875	0.00592	0.00402	0.00375	0.00113	0.01974	0.00317	0.00263	0.00576
29	0.00545	0.00392	0.00537	0.00537	0.00580	0.00435	0.00384	0.00631	0.00588	0.00827	0.01082	0.01855	0.01107	0.33693	0.54537	0.00521	0.00777	0.00460	0.00213	0.00299
30	0.01013	0.01241	0.24835	0.01175	0.02911	0.03542	0.29103	0.15189	0.01030	0.08531	0.00896	0.04669	0.00697	0.00423	0.00415	0.00124	0.01704	0.01706	0.00248	0.00546
31	0.02563	0.28403	0.13089	0.02226	0.07661	0.11847	0.05533	0.09029	0.03975	0.05837	0.00723	0.00808	0.00568	0.00365	0.00324	0.00100	0.00464	0.00278	0.00221	0.05983
32	0.03099	0.14471	0.24325	0.06326	0.11804	0.00946	0.05417	0.05661	0.09376	0.01269	0.00877	0.00994	0.02547	0.00397	0.00361	0.00112	0.02125	0.00323	0.07391	0.02180
33	0.00526	0.00432	0.02681	0.00551	0.00615	0.00399	0.00403	0.00683	0.05693	0.01110	0.17592	0.53633	0.06917	0.03581	0.00533	0.00150	0.02915	0.00890	0.00352	0.00343

[dist]
# distance from previous block
# <min> <max>
1	8

[block]
# block no. 3 follows, 72 sequences, length 24
# corresponding to MSA columns:
# 222-245
name=unknown_D
#
# <colnr> <probs for GDERKNQSTAVLIFYWHMCP>
#	G	D	E	R	K	N	Q	S	T	A	V	L	I	F	Y	W	H	M	C	P
0	0.02035	0.08374	0.06852	0.13259	0.31319	0.11606	0.06349	0.05730	0.04885	0.01217	0.02969	0.00952	0.00659	0.00382	0.00379	0.00113	0.01855	0.00330	0.00209	0.00528
1	0.00573	0.00435	0.00619	0.00607	0.00670	0.00509	0.00466	0.00719	0.02714	0.00916	0.03061	0.01574	0.01033	0.10275	0.66395	0.00525	0.05643	0.00422	0.02503	0.00340
2	0.66188	0.04116	0.09090	0.00583	0.00856	0.00845	0.00535	0.01198	0.02190	0.08926	0.02161	0.00748	0.00538	0.00373	0.00267	0.00116	0.00325	0.00241	0.00251	0.00452
3	0.00552	0.00368	0.00414	0.00414	0.00414	0.00368	0.00230	0.00552	0.00552	0.00735	0.01195	0.02482	0.01379	0.86672	0.01930	0.00368	0.00368	0.00552	0.00230	0.00230
4	0.01334	0.46734	0.01472	0.00661	0.00971	0.01061	0.00606	0.01467	0.00917	0.39857	0.00978	0.00926	0.00697	0.00392	0.00308	0.00098	0.00367	0.00286	0.00305	0.00561
5	0.01014	0.86900	0.01987	0.00649	0.00973	0.01501	0.00649	0.01136	0.00771	0.00892	0.00527	0.00608	0.00487	0.00324	0.00243	0.00081	0.00406	0.00203	0.00162	0.00487
6	0.01442	0.01062	0.01138	0.00873	0.01176	0.01176	0.00721	0.83041	0.01783	0.02390	0.00911	0.00911	0.00645	0.00455	0.00379	0.00114	0.00417	0.00341	0.00379	0.00645
7	0.00939	0.00901	0.01539	0.02328	0.84306	0.00901	0.01164	0.01164	0.00864	0.01239	0.00713	0.00939	0.00601	0.00338	0.00375	0.00113	0.00451	0.00338	0.00188	0.00601
8	0.00868	0.00779	0.01150	0.03609	0.34582	0.02048	0.05952	0.01299	0.22095	0.03391	0.15322	0.01510	0.04749	0.00488	0.00398	0.00120	0.00368	0.00446	0.00291	0.00536
9	0.00462	0.00330	0.00440	0.00528	0.00550	0.00308	0.00352	0.00528	0.00726	0.00968	0.02090	0.86424	0.02508	0.01188	0.00484	0.00154	0.00220	0.01078	0.00352	0.00308
10	0.01018	0.00906	0.01012	0.01054	0.15028	0.05366	0.00714	0.10066	0.57081	0.01575	0.01290	0.01245	0.00977	0.00472	0.00381	0.00123	0.00357	0.00395	0.00342	0.00596
11	0.02826	0.50238	0.21958	0.00770	0.01121	0.01214	0.00824	0.01179	0.00795	0.07213	0.02886	0.00780	0.00601	0.00378	0.00350	0.00100	0.05809	0.00256	0.00193	0.00507
12	0.01933	0.10395	0.19302	0.00808	0.01146	0.01894	0.06672	0.10944	0.04109	0.08503	0.07341	0.03982	0.02451	0.00435	0.00354	0.00104	0.00396	0.00361	0.00268	0.18603
13	0.00729	0.00668	0.02601	0.07851	0.34959	0.00651	0.00758	0.00960	0.04692	0.01265	0.25102	0.01886	0.10698	0.04975	0.00484	0.00131	0.00339	0.00503	0.00281	0.00466
14	0.00716	0.00674	0.01138	0.85760	0.02612	0.00843	0.01053	0.00969	0.00758	0.00969	0.00674	0.01011	0.00506	0.00379	0.00379	0.00126	0.00506	0.00337	0.00169	0.00421
15	0.00858	0.09011	0.08233	0.29617	0.04198	0.00887	0.09937	0.07961	0.09153	0.02955	0.00917	0.05487	0.00767	0.02531	0.00445	0.02424	0.00451	0.01992	0.01701	0.00476
16	0.05514	0.13927	0.24521	0.03672	0.10117	0.06793	0.09892	0.08111	0.03827	0.04618	0.00807	0.02742	0.00650	0.00406	0.00358	0.00115	0.00484	0.02698	0.00222	0.00529
17	0.00462	0.00330	0.00440	0.00528	0.00550	0.00308	0.00352	0.00528	0.00726	0.00968	0.02090	0.86424	0.02508	0.01188	0.00484	0.00154	0.00220	0.01078	0.00352	0.00308
18	0.00554	0.00382	0.00459	0.00483	0.00504	0.00384	0.00314	0.00617	0.02610	0.00848	0.01446	0.15998	0.01646	0.57681	0.03720	0.00310	0.00358	0.11151	0.00268	0.00269
19	0.08406	0.00969	0.09403	0.09216	0.23351	0.00899	0.15853	0.10270	0.03950	0.07887	0.00817	0.00976	0.00619	0.00454	0.02898	0.00135	0.02765	0.00350	0.00238	0.00544
20	0.00824	0.00810	0.06329	0.13138	0.20512	0.00764	0.15957	0.06539	0.00887	0.03264	0.01072	0.11091	0.01006	0.00696	0.06048	0.00163	0.00494	0.09682	0.00242	0.00482
21	0.00506	0.00395	0.00468	0.00504	0.00606	0.00358	0.00402	0.00627	0.00861	0.01074	0.06386	0.12672	0.45781	0.01005	0.00476	0.00145	0.00245	0.26804	0.00354	0.00330
22	0.00690	0.06162	0.13351	0.00602	0.00768	0.00578	0.00556	0.02966	0.00742	0.01132	0.02419	0.01335	0.03103	0.01270	0.27254	0.06787	0.02069	0.00365	0.27469	0.00383
23	0.04475	0.20022	0.15018	0.04864	0.02782	0.12246	0.05972	0.07546	0.13847	0.03914	0.00863	0.03131	0.00688	0.00413	0.00341	0.00110	0.00455	0.00324	0.02475	0.00517

[dist]
# distance from previous block
# <min> <max>
1	19

[block]
# block no. 4 follows, 72 sequences, length 22
# corresponding to MSA columns:
# 265-286
name=unknown_E
#
# <colnr> <probs for GDERKNQSTAVLIFYWHMCP>
#	G	D	E	R	K	N	Q	S	T	A	V	L	I	F	Y	W	H	M	C	P
0	0.03123	0.18333	0.14206	0.02911	0.19827	0.05689	0.16379	0.04350	0.04197	0.06362	0.00758	0.00887	0.00587	0.00359	0.00356	0.00111	0.00489	0.00321	0.00213	0.00543
1	0.13116	0.03400	0.02661	0.01044	0.04618	0.38510	0.14902	0.02275	0.00917	0.03263	0.01620	0.00837	0.00565	0.02109	0.00464	0.00119	0.08613	0.00302	0.00208	0.00458
2	0.00539	0.00407	0.00483	0.00470	0.00575	0.00374	0.00350	0.00724	0.05255	0.02640	0.42823	0.12146	0.30088	0.00864	0.00447	0.00126	0.00196	0.00749	0.00388	0.00357
3	0.89350	0.00733	0.00557	0.00499	0.00733	0.00851	0.00411	0.01115	0.00645	0.01702	0.00528	0.00616	0.00411	0.00352	0.00235	0.00117	0.00293	0.00205	0.00235	0.00411
4	0.00598	0.00367	0.00539	0.00539	0.00569	0.00397	0.00386	0.00580	0.00550	0.00764	0.00861	0.01412	0.00846	0.08984	0.38737	0.42418	0.00638	0.00382	0.00187	0.00247
5	0.04145	0.00619	0.00805	0.00639	0.00891	0.00561	0.00520	0.05972	0.01078	0.62424	0.08811	0.04881	0.01208	0.00520	0.00381	0.00117	0.00302	0.00428	0.05113	0.00583
6	0.00850	0.00712	0.00760	0.00691	0.00878	0.00797	0.00534	0.04978	0.59141	0.01519	0.08161	0.06158	0.10221	0.00613	0.00400	0.00128	0.00277	0.00517	0.02132	0.00534
7	0.00951	0.00831	0.00885	0.07506	0.01108	0.03991	0.00637	0.05165	0.65617	0.01525	0.01380	0.01323	0.01039	0.00497	0.00396	0.00126	0.02113	0.00406	0.03933	0.00568
8	0.13469	0.00709	0.00752	0.00640	0.00855	0.00761	0.00510	0.16551	0.23239	0.13562	0.07511	0.01475	0.07723	0.00521	0.00359	0.00118	0.00293	0.00415	0.10016	0.00521
9	0.00500	0.00387	0.00464	0.00511	0.00602	0.00352	0.00399	0.00612	0.00835	0.01044	0.02890	0.23192	0.40813	0.01040	0.00479	0.00148	0.00245	0.24812	0.00351	0.00326
10	0.01117	0.00906	0.00987	0.00826	0.01076	0.01025	0.02526	0.30396	0.53045	0.01860	0.01304	0.01229	0.00965	0.00489	0.00385	0.00123	0.00349	0.00399	0.00379	0.00614
11	0.01444	0.00678	0.00871	0.00657	0.00962	0.00581	0.00539	0.06529	0.01049	0.57593	0.01244	0.01135	0.00821	0.00419	0.00355	0.00101	0.00317	0.00338	0.00399	0.23968
12	0.00858	0.00647	0.00967	0.26121	0.14488	0.01632	0.03636	0.01905	0.06749	0.09702	0.04435	0.06384	0.00993	0.01701	0.01657	0.00130	0.00387	0.02325	0.14818	0.00465
13	0.01049	0.82472	0.01931	0.00650	0.00973	0.01452	0.00644	0.01172	0.00787	0.05188	0.00577	0.00643	0.00510	0.00332	0.00250	0.00083	0.00401	0.00212	0.00178	0.00495
14	0.00448	0.00384	0.00384	0.00384	0.00512	0.00320	0.00288	0.00544	0.00864	0.01025	0.03842	0.03650	0.84152	0.00960	0.00448	0.00128	0.00192	0.00800	0.00352	0.00320
15	0.01410	0.01014	0.01091	0.00840	0.01132	0.01117	0.00693	0.76610	0.01713	0.04528	0.00943	0.00947	0.00670	0.00455	0.00374	0.00113	0.00402	0.00343	0.04975	0.00630
16	0.03984	0.01011	0.01077	0.05264	0.01204	0.04755	0.00706	0.62436	0.03929	0.08795	0.00959	0.02489	0.00696	0.00462	0.00376	0.00115	0.00415	0.00352	0.00363	0.00610
17	0.73447	0.05957	0.01908	0.00534	0.00775	0.00863	0.00451	0.02819	0.00703	0.05604	0.00641	0.03781	0.00523	0.00389	0.00256	0.00116	0.00305	0.00249	0.00248	0.00430
18	0.00611	0.00437	0.00611	0.00698	0.00786	0.00437	0.00611	0.00786	0.00873	0.01135	0.02008	0.04278	0.02183	0.01048	0.00524	0.00175	0.00349	0.81753	0.00349	0.00349
19	0.00579	0.00415	0.00520	0.00564	0.00618	0.00410	0.00395	0.09190	0.00831	0.01108	0.01894	0.66780	0.02210	0.07636	0.00586	0.00167	0.00259	0.05152	0.00345	0.00340
20	0.00813	0.03906	0.01357	0.54477	0.19808	0.00900	0.08735	0.03514	0.00825	0.01089	0.00693	0.00979	0.00536	0.00365	0.00380	0.00122	0.00500	0.00343	0.00181	0.00477
21	0.02066	0.01631	0.00693	0.00583	0.00742	0.00574	0.00440	0.12028	0.02810	0.01197	0.04383	0.03041	0.01042	0.21784	0.23383	0.00294	0.00514	0.00406	0.00255	0.22135

[dist]
# distance from previous block
# <min> <max>
0	6

[block]
# block no. 5 follows, 72 sequences, length 20
# corresponding to MSA columns:
# 297-316
name=unknown_F
#
# <colnr> <probs for GDERKNQSTAVLIFYWHMCP>
#	G	D	E	R	K	N	Q	S	T	A	V	L	I	F	Y	W	H	M	C	P
0	0.03957	0.01172	0.00952	0.00810	0.01029	0.39078	0.05412	0.06071	0.01042	0.10204	0.07193	0.01345	0.12072	0.00494	0.00368	0.00105	0.00479	0.00381	0.00277	0.07559
1	0.00602	0.00440	0.00619	0.00605	0.00693	0.00495	0.00470	0.00802	0.06310	0.03624	0.06519	0.01656	0.04665	0.02398	0.67684	0.00509	0.00857	0.00442	0.00244	0.00367
2	0.01417	0.01808	0.01075	0.00977	0.01172	0.85149	0.00733	0.01514	0.01075	0.00928	0.00586	0.00684	0.00489	0.00391	0.00342	0.00098	0.00684	0.00244	0.00195	0.00440
3	0.00462	0.00330	0.00440	0.00528	0.00550	0.00308	0.00352	0.00528	0.00726	0.00968	0.02090	0.86424	0.02508	0.01188	0.00484	0.00154	0.00220	0.01078	0.00352	0.00308
4	0.01417	0.01808	0.01075	0.00977	0.01172	0.85149	0.00733	0.01514	0.01075	0.00928	0.00586	0.00684	0.00489	0.00391	0.00342	0.00098	0.00684	0.00244	0.00195	0.00440
5	0.00821	0.03662	0.72308	0.01088	0.01615	0.00919	0.06141	0.06851	0.00873	0.01277	0.00698	0.00817	0.00498	0.00364	0.00364	0.00119	0.00552	0.00293	0.00177	0.00562
6	0.00895	0.01023	0.02238	0.01598	0.01982	0.00959	0.82928	0.01215	0.00895	0.01215	0.00767	0.01023	0.00575	0.00320	0.00448	0.00128	0.00639	0.00448	0.00192	0.00512
7	0.01690	0.00663	0.00891	0.00683	0.00977	0.00584	0.00564	0.05346	0.01116	0.81028	0.01471	0.01274	0.00926	0.00469	0.00381	0.00117	0.00327	0.00380	0.00466	0.00645
8	0.00822	0.00819	0.01160	0.06760	0.01106	0.01140	0.00845	0.00917	0.00593	0.00917	0.00510	0.00842	0.00498	0.00644	0.01186	0.00163	0.80165	0.00332	0.00166	0.00415
9	0.00998	0.73799	0.04099	0.00677	0.00983	0.06231	0.00662	0.01128	0.00778	0.00902	0.00568	0.00678	0.00518	0.00501	0.06027	0.00119	0.00467	0.00221	0.00167	0.00476
10	0.01065	0.00619	0.00751	0.00643	0.00843	0.00623	0.00507	0.01536	0.29068	0.29363	0.28437	0.01836	0.01873	0.00584	0.00404	0.00122	0.00268	0.00497	0.00424	0.00536
11	0.00964	0.00825	0.00869	0.00776	0.00994	0.00953	0.00605	0.05371	0.80231	0.01620	0.01517	0.01394	0.01136	0.00512	0.00386	0.00128	0.00305	0.00425	0.00386	0.00602
12	0.00510	0.00404	0.00471	0.00504	0.00616	0.00364	0.00411	0.00636	0.00868	0.01067	0.03143	0.03889	0.52931	0.00994	0.00477	0.00146	0.00252	0.31634	0.00351	0.00331
13	0.03403	0.12173	0.13720	0.00916	0.03307	0.15630	0.06997	0.11163	0.02498	0.23910	0.00932	0.02158	0.00676	0.00413	0.00356	0.00111	0.00468	0.00325	0.00288	0.00554
14	0.00476	0.00340	0.00456	0.00544	0.00572	0.00320	0.00376	0.00552	0.00740	0.00984	0.02083	0.78737	0.02478	0.01175	0.00488	0.00156	0.00232	0.08627	0.00352	0.00312
15	0.00448	0.00384	0.00384	0.00384	0.00512	0.00320	0.00288	0.00544	0.00864	0.01025	0.03842	0.03650	0.84152	0.00960	0.00448	0.00128	0.00192	0.00800	0.00352	0.00320
16	0.00915	0.08569	0.04192	0.16259	0.24892	0.05235	0.27186	0.02413	0.00858	0.01141	0.00694	0.00927	0.00553	0.00357	0.00423	0.00119	0.04216	0.00354	0.00185	0.00514
17	0.31970	0.06942	0.07974	0.07434	0.04684	0.00822	0.08300	0.03885	0.00808	0.08255	0.01074	0.05907	0.08460	0.00471	0.00347	0.00120	0.01461	0.00376	0.00253	0.00460
18	0.00546	0.00400	0.00504	0.00489	0.00579	0.00378	0.00362	0.00750	0.05060	0.01421	0.62676	0.13396	0.08083	0.00817	0.00444	0.00124	0.00191	0.00721	0.02696	0.00361
19	0.00619	0.00432	0.00562	0.00633	0.05677	0.00406	0.00421	0.03419	0.02122	0.06783	0.09309	0.49691	0.16515	0.00978	0.00456	0.00140	0.00240	0.00869	0.00357	0.00371

[dist]
# distance from previous block
# <min> <max>
0	7

[block]
# block no. 6 follows, 72 sequences, length 29
# corresponding to MSA columns:
# 326-354
name=unknown_G
#
# <colnr> <probs for GDERKNQSTAVLIFYWHMCP>
#	G	D	E	R	K	N	Q	S	T	A	V	L	I	F	Y	W	H	M	C	P
0	0.00962	0.00800	0.01271	0.18044	0.22238	0.02293	0.12877	0.09756	0.00956	0.09491	0.00987	0.07963	0.00850	0.00473	0.00399	0.00122	0.00445	0.04846	0.00256	0.04971
1	0.65412	0.00859	0.02095	0.00785	0.10265	0.06924	0.02187	0.01198	0.04885	0.01570	0.00612	0.00709	0.00480	0.00361	0.00272	0.00116	0.00351	0.00240	0.00232	0.00448
2	0.00526	0.00383	0.00495	0.00477	0.00563	0.00352	0.00354	0.00691	0.01034	0.01450	0.73212	0.09980	0.07423	0.00819	0.00450	0.00123	0.00183	0.00725	0.00409	0.00352
3	0.02415	0.01316	0.02814	0.04574	0.18813	0.41354	0.03430	0.04823	0.05007	0.05710	0.01810	0.03170	0.00671	0.00420	0.00380	0.00110	0.02128	0.00324	0.00231	0.00500
4	0.00482	0.00367	0.00443	0.00463	0.00543	0.00328	0.00333	0.00595	0.00886	0.01168	0.29560	0.31413	0.30091	0.00977	0.00460	0.00134	0.00197	0.00857	0.00374	0.00328
5	0.03953	0.15152	0.10978	0.05961	0.18751	0.01035	0.00864	0.16206	0.14182	0.06182	0.00879	0.00950	0.00670	0.00405	0.00368	0.00113	0.02198	0.00322	0.00263	0.00568
6	0.00880	0.01056	0.18541	0.04711	0.12380	0.01017	0.00986	0.01067	0.00703	0.06248	0.00634	0.00875	0.00536	0.00533	0.00854	0.00145	0.47836	0.00325	0.00187	0.00485
7	0.00567	0.00395	0.00490	0.00468	0.00572	0.00355	0.00350	0.00715	0.00996	0.05463	0.54076	0.09488	0.22976	0.00838	0.00447	0.00124	0.00192	0.00729	0.00399	0.00359
8	0.00544	0.00396	0.00560	0.00560	0.00610	0.00447	0.00412	0.00645	0.00595	0.00843	0.01061	0.01742	0.01058	0.24185	0.63978	0.00548	0.00851	0.00443	0.00210	0.00311
9	0.00515	0.00387	0.00476	0.00454	0.00553	0.00348	0.00340	0.00673	0.01021	0.01396	0.63922	0.03038	0.23840	0.00822	0.00448	0.00121	0.00182	0.00715	0.00401	0.00348
10	0.01014	0.86900	0.01987	0.00649	0.00973	0.01501	0.00649	0.01136	0.00771	0.00892	0.00527	0.00608	0.00487	0.00324	0.00243	0.00081	0.00406	0.00203	0.00162	0.00487
11	0.00943	0.00815	0.00858	0.00772	0.00986	0.00943	0.00600	0.02015	0.83621	0.01586	0.01544	0.01415	0.01158	0.00515	0.00386	0.00129	0.00300	0.00429	0.00386	0.00600
12	0.00537	0.00388	0.00507	0.00477	0.00567	0.00358	0.00358	0.00716	0.01074	0.01521	0.84106	0.02833	0.03578	0.00775	0.00447	0.00119	0.00179	0.00686	0.00417	0.00358
13	0.89350	0.00733	0.00557	0.00499	0.00733	0.00851	0.00411	0.01115	0.00645	0.01702	0.00528	0.00616	0.00411	0.00352	0.00235	0.00117	0.00293	0.00205	0.00235	0.00411
14	0.00796	0.00688	0.00818	0.00592	0.00924	0.00536	0.02052	0.01013	0.04958	0.01253	0.00720	0.00823	0.00592	0.00293	0.00289	0.00061	0.00289	0.00239	0.00232	0.82830
15	0.00804	0.00684	0.00796	0.00570	0.00906	0.00523	0.00457	0.03151	0.00813	0.01267	0.00680	0.00790	0.00564	0.00286	0.00284	0.00058	0.00285	0.00228	0.00229	0.86627
16	0.01129	0.05243	0.03998	0.00713	0.00947	0.02563	0.06539	0.02358	0.04240	0.36004	0.14289	0.05128	0.10077	0.00588	0.00430	0.00122	0.03259	0.01487	0.00374	0.00514
17	0.01212	0.00939	0.01062	0.00969	0.09146	0.01040	0.00712	0.41588	0.32823	0.04688	0.01152	0.01118	0.00846	0.00467	0.00382	0.00119	0.00373	0.00376	0.00366	0.00624
18	0.00542	0.00406	0.00610	0.00610	0.00677	0.00474	0.00474	0.00677	0.00610	0.00880	0.01016	0.01490	0.00948	0.02844	0.85169	0.00610	0.01016	0.00406	0.00203	0.00339
19	0.00867	0.01067	0.09277	0.01475	0.01855	0.00922	0.69483	0.01210	0.03114	0.01239	0.04976	0.01105	0.00734	0.00351	0.00438	0.00127	0.00600	0.00445	0.00206	0.00510
20	0.01165	0.02089	0.02633	0.12816	0.30752	0.02694	0.07553	0.02524	0.02029	0.28792	0.01005	0.02646	0.00735	0.00407	0.00383	0.00118	0.00431	0.00371	0.00286	0.00573
21	0.00925	0.00882	0.01500	0.02260	0.81341	0.00882	0.01131	0.01142	0.00853	0.01221	0.00730	0.00993	0.00628	0.03389	0.00430	0.00122	0.00448	0.00345	0.00189	0.00588
22	0.00462	0.00330	0.00440	0.00528	0.00550	0.00308	0.00352	0.00528	0.00726	0.00968	0.02090	0.86424	0.02508	0.01188	0.00484	0.00154	0.00220	0.01078	0.00352	0.00308
23	0.00899	0.01329	0.34020	0.06956	0.10414	0.00923	0.20417	0.13106	0.01992	0.01358	0.00778	0.02134	0.00592	0.00449	0.02839	0.00135	0.00548	0.00355	0.00210	0.00547
24	0.06238	0.06828	0.06765	0.08591	0.20401	0.07056	0.09387	0.07318	0.09953	0.06838	0.00922	0.02242	0.00748	0.00429	0.00373	0.00119	0.00451	0.04558	0.00251	0.00532
25	0.00694	0.00648	0.00936	0.37492	0.06761	0.04628	0.04014	0.00876	0.01919	0.01001	0.03709	0.10113	0.12634	0.06870	0.01645	0.01636	0.03298	0.00504	0.00231	0.00393
26	0.00552	0.00368	0.00414	0.00414	0.00414	0.00368	0.00230	0.00552	0.00552	0.00735	0.01195	0.02482	0.01379	0.86672	0.01930	0.00368	0.00368	0.00552	0.00230	0.00230
27	0.00850	0.00713	0.00832	0.03055	0.00976	0.00583	0.00494	0.09204	0.00886	0.01344	0.00698	0.00805	0.00568	0.00301	0.00294	0.00064	0.00301	0.00240	0.00239	0.77553
28	0.16952	0.10456	0.05938	0.02192	0.02571	0.11225	0.06034	0.14077	0.10782	0.05354	0.02035	0.01896	0.00677	0.00436	0.00414	0.00117	0.07753	0.00318	0.00263	0.00510

[dist]
# distance from previous block
# <min> <max>
1	6

[block]
# block no. 7 follows, 72 sequences, length 33
# corresponding to MSA columns:
# 363-395
name=unknown_H
#
# <colnr> <probs for GDERKNQSTAVLIFYWHMCP>
#	G	D	E	R	K	N	Q	S	T	A	V	L	I	F	Y	W	H	M	C	P
0	0.00917	0.10700	0.09204	0.03846	0.51836	0.00908	0.01012	0.02494	0.02460	0.03897	0.03273	0.04291	0.02706	0.00409	0.00368	0.00113	0.00427	0.00370	0.00215	0.00557
1	0.00508	0.00377	0.00413	0.00410	0.00471	0.00347	0.00269	0.00568	0.00739	0.00946	0.12232	0.02991	0.34743	0.42060	0.01159	0.00242	0.00275	0.00667	0.00301	0.00281
2	0.00905	0.00784	0.00853	0.02859	0.03406	0.00897	0.00607	0.01866	0.73487	0.01531	0.02990	0.01532	0.05531	0.00534	0.00390	0.00128	0.00302	0.00448	0.00374	0.00577
3	0.00537	0.00388	0.00507	0.00477	0.00567	0.00358	0.00358	0.00716	0.01074	0.01521	0.84106	0.02833	0.03578	0.00775	0.00447	0.00119	0.00179	0.00686	0.00417	0.00358
4	0.01398	0.00790	0.05348	0.00731	0.01012	0.00727	0.00620	0.09345	0.22861	0.48186	0.01403	0.01266	0.00946	0.00473	0.00378	0.00119	0.00334	0.00384	0.03058	0.00620
5	0.00939	0.00901	0.01539	0.02328	0.84306	0.00901	0.01164	0.01164	0.00864	0.01239	0.00713	0.00939	0.00601	0.00338	0.00375	0.00113	0.00451	0.00338	0.00188	0.00601
6	0.00939	0.00901	0.01539	0.02328	0.84306	0.00901	0.01164	0.01164	0.00864	0.01239	0.00713	0.00939	0.00601	0.00338	0.00375	0.00113	0.00451	0.00338	0.00188	0.00601
7	0.01702	0.00645	0.00880	0.00675	0.00968	0.00557	0.00557	0.01848	0.01085	0.84568	0.01496	0.01291	0.00939	0.00469	0.00381	0.00117	0.00323	0.00381	0.00469	0.00645
8	0.01014	0.86900	0.01987	0.00649	0.00973	0.01501	0.00649	0.01136	0.00771	0.00892	0.00527	0.00608	0.00487	0.00324	0.00243	0.00081	0.00406	0.00203	0.00162	0.00487
9	0.01482	0.00998	0.01098	0.00842	0.01144	0.01081	0.00696	0.70533	0.01676	0.15051	0.01001	0.00969	0.00690	0.00457	0.00380	0.00114	0.00403	0.00348	0.00393	0.00645
10	0.00504	0.00398	0.00477	0.00535	0.02523	0.00372	0.00366	0.00657	0.06646	0.01048	0.04059	0.47493	0.31465	0.01032	0.00461	0.00141	0.00220	0.00909	0.00352	0.00341
11	0.00544	0.00397	0.00563	0.00563	0.00614	0.00449	0.00416	0.00647	0.00596	0.00846	0.01059	0.01727	0.01051	0.22891	0.65263	0.00552	0.00861	0.00441	0.00210	0.00313
12	0.00781	0.00587	0.00681	0.00538	0.02240	0.00470	0.00413	0.00953	0.00801	0.02897	0.02313	0.01002	0.00732	0.00337	0.00283	0.00068	0.00255	0.00272	0.23839	0.60535
13	0.00501	0.00384	0.00426	0.00419	0.00531	0.00338	0.00317	0.00632	0.00924	0.01213	0.28434	0.03231	0.50195	0.00863	0.00435	0.00123	0.00191	0.02899	0.07611	0.00335
14	0.00537	0.00388	0.00507	0.00477	0.00567	0.00358	0.00358	0.00716	0.01074	0.01521	0.84106	0.02833	0.03578	0.00775	0.00447	0.00119	0.00179	0.00686	0.00417	0.00358
15	0.01442	0.01062	0.01138	0.00873	0.01176	0.01176	0.00721	0.83041	0.01783	0.02390	0.00911	0.00911	0.00645	0.00455	0.00379	0.00114	0.00417	0.00341	0.00379	0.00645
16	0.00944	0.00580	0.00698	0.00607	0.00783	0.00584	0.00475	0.04452	0.22330	0.20340	0.36559	0.02004	0.03410	0.00617	0.00407	0.00120	0.00252	0.00527	0.03816	0.00495
17	0.01702	0.00645	0.00880	0.00675	0.00968	0.00557	0.00557	0.01848	0.01085	0.84568	0.01496	0.01291	0.00939	0.00469	0.00381	0.00117	0.00323	0.00381	0.00469	0.00645
18	0.01442	0.01062	0.01138	0.00873	0.01176	0.01176	0.00721	0.83041	0.01783	0.02390	0.00911	0.00911	0.00645	0.00455	0.00379	0.00114	0.00417	0.00341	0.00379	0.00645
19	0.00516	0.00387	0.00478	0.00455	0.00554	0.00349	0.00341	0.00675	0.01024	0.01403	0.65105	0.03026	0.22652	0.00819	0.00448	0.00121	0.00182	0.00713	0.00402	0.00349
20	0.00572	0.00380	0.00459	0.00442	0.00535	0.00355	0.00333	0.00743	0.00981	0.01440	0.54373	0.02584	0.10410	0.00715	0.00404	0.00113	0.00183	0.02201	0.22423	0.00353
21	0.01702	0.00645	0.00880	0.00675	0.00968	0.00557	0.00557	0.01848	0.01085	0.84568	0.01496	0.01291	0.00939	0.00469	0.00381	0.00117	0.00323	0.00381	0.00469	0.00645
22	0.00939	0.00901	0.01539	0.02328	0.84306	0.00901	0.01164	0.01164	0.00864	0.01239	0.00713	0.00939	0.00601	0.00338	0.00375	0.00113	0.00451	0.00338	0.00188	0.00601
23	0.00537	0.00388	0.00507	0.00477	0.00567	0.00358	0.00358	0.00716	0.01074	0.01521	0.84106	0.02833	0.03578	0.00775	0.00447	0.00119	0.00179	0.00686	0.00417	0.00358
24	0.00956	0.00821	0.00865	0.00774	0.00991	0.00949	0.00603	0.04076	0.81539	0.01607	0.01528	0.01402	0.01145	0.00513	0.00386	0.00128	0.00303	0.00427	0.00386	0.00601
25	0.00716	0.00674	0.01138	0.85760	0.02612	0.00843	0.01053	0.00969	0.00758	0.00969	0.00674	0.01011	0.00506	0.00379	0.00379	0.00126	0.00506	0.00337	0.00169	0.00421
26	0.01014	0.86900	0.01987	0.00649	0.00973	0.01501	0.00649	0.01136	0.00771	0.00892	0.00527	0.00608	0.00487	0.00324	0.00243	0.00081	0.00406	0.00203	0.00162	0.00487
27	0.02149	0.00417	0.00518	0.00543	0.02720	0.00396	0.00382	0.00729	0.02901	0.05459	0.17842	0.20461	0.19390	0.11663	0.03198	0.02750	0.00274	0.06149	0.01715	0.00345
28	0.00947	0.02246	0.00797	0.00717	0.00851	0.24616	0.00544	0.14139	0.00996	0.01208	0.03838	0.21067	0.07353	0.00812	0.04228	0.04657	0.04842	0.00530	0.05205	0.00407
29	0.00470	0.00351	0.00437	0.00487	0.00544	0.00318	0.00338	0.00559	0.00808	0.01061	0.14368	0.55179	0.21546	0.01076	0.00470	0.00143	0.00208	0.00957	0.00362	0.00318
30	0.00904	0.07391	0.23784	0.10055	0.12527	0.04318	0.08128	0.05615	0.02454	0.04667	0.00823	0.02490	0.01695	0.00511	0.03171	0.00138	0.08704	0.01902	0.00210	0.00513
31	0.03118	0.00726	0.05248	0.00854	0.04682	0.02034	0.09934	0.11249	0.03592	0.06041	0.02477	0.13425	0.01106	0.07240	0.08612	0.07578	0.05970	0.03719	0.01967	0.00429
32	0.00717	0.00546	0.00760	0.03805	0.00870	0.00579	0.06081	0.13083	0.02316	0.02241	0.01455	0.30441	0.03062	0.02601	0.18956	0.01355	0.02123	0.04859	0.03756	0.00396

[dist]
# distance from previous block
# <min> <max>
2	23

[block]
# block no. 8 follows, 72 sequences, length 27
# corresponding to MSA columns:
# 419-445
name=unknown_I
#
# <colnr> <probs for GDERKNQSTAVLIFYWHMCP>
#	G	D	E	R	K	N	Q	S	T	A	V	L	I	F	Y	W	H	M	C	P
0	0.00838	0.10109	0.03720	0.05241	0.11309	0.08444	0.02625	0.02670	0.03299	0.05340	0.16551	0.01771	0.17191	0.00554	0.00378	0.00109	0.00351	0.00463	0.01365	0.07673
1	0.00534	0.00353	0.00455	0.00496	0.00542	0.00333	0.00346	0.00575	0.01839	0.00954	0.04690	0.40056	0.16288	0.01120	0.00713	0.21971	0.00245	0.04181	0.04024	0.00284
2	0.89350	0.00733	0.00557	0.00499	0.00733	0.00851	0.00411	0.01115	0.00645	0.01702	0.00528	0.00616	0.00411	0.00352	0.00235	0.00117	0.00293	0.00205	0.00235	0.00411
3	0.01389	0.01012	0.01082	0.00836	0.01124	0.01118	0.00688	0.77201	0.01713	0.02321	0.00934	0.00946	0.00668	0.00454	0.00371	0.00112	0.00400	0.00342	0.06663	0.00624
4	0.89350	0.00733	0.00557	0.00499	0.00733	0.00851	0.00411	0.01115	0.00645	0.01702	0.00528	0.00616	0.00411	0.00352	0.00235	0.00117	0.00293	0.00205	0.00235	0.00411
5	0.00542	0.00406	0.00610	0.00610	0.00677	0.00474	0.00474	0.00677	0.00610	0.00880	0.01016	0.01490	0.00948	0.02844	0.85169	0.00610	0.01016	0.00406	0.00203	0.00339
6	0.00818	0.00693	0.00803	0.00577	0.00912	0.00537	0.00462	0.04855	0.00834	0.01291	0.00685	0.00792	0.00566	0.00289	0.00286	0.00059	0.00287	0.00230	0.00232	0.84793
7	0.22544	0.00951	0.00979	0.00768	0.01054	0.01050	0.00634	0.57142	0.01457	0.08552	0.00864	0.00869	0.00611	0.00432	0.00345	0.00115	0.00380	0.00312	0.00352	0.00589
8	0.01014	0.86900	0.01987	0.00649	0.00973	0.01501	0.00649	0.01136	0.00771	0.00892	0.00527	0.00608	0.00487	0.00324	0.00243	0.00081	0.00406	0.00203	0.00162	0.00487
9	0.07719	0.00712	0.00872	0.00641	0.00964	0.00598	0.04407	0.05656	0.00882	0.14069	0.00806	0.00869	0.00613	0.00327	0.00306	0.00077	0.00313	0.00264	0.00270	0.59637
10	0.01089	0.01221	0.01262	0.17646	0.33599	0.34808	0.00958	0.01285	0.02594	0.01069	0.00671	0.00859	0.00549	0.00371	0.00363	0.00110	0.00552	0.00302	0.00191	0.00502
11	0.00943	0.00815	0.00858	0.00772	0.00986	0.00943	0.00600	0.02015	0.83621	0.01586	0.01544	0.01415	0.01158	0.00515	0.00386	0.00129	0.00300	0.00429	0.00386	0.00600
12	0.00918	0.00745	0.00903	0.00934	0.14242	0.01873	0.00628	0.21759	0.17939	0.01671	0.27286	0.01778	0.06541	0.00578	0.00405	0.00119	0.00314	0.00492	0.00358	0.00517
13	0.02306	0.02393	0.02474	0.08501	0.33472	0.00781	0.06613	0.01367	0.05745	0.25377	0.03570	0.01157	0.00824	0.01578	0.02059	0.00130	0.00423	0.00373	0.00287	0.00570
14	0.00648	0.00335	0.00494	0.00494	0.00497	0.00338	0.00329	0.00505	0.00502	0.00672	0.00706	0.01247	0.00714	0.06531	0.04890	0.80049	0.00359	0.00346	0.00170	0.00176
15	0.00464	0.00333	0.00437	0.00519	0.00545	0.00310	0.00346	0.00529	0.00728	0.00965	0.02141	0.80989	0.05846	0.03239	0.00517	0.00158	0.00222	0.01054	0.00349	0.00307
16	0.01073	0.01024	0.01168	0.27095	0.18212	0.23115	0.02304	0.01277	0.02815	0.11068	0.02929	0.00992	0.00667	0.00410	0.00410	0.00117	0.04272	0.00331	0.00227	0.00493
17	0.08077	0.07025	0.12952	0.05269	0.07747	0.10234	0.05873	0.23199	0.01114	0.10944	0.00804	0.00881	0.00589	0.00405	0.00384	0.00114	0.03256	0.00312	0.00268	0.00551
18	0.01269	0.03476	0.05887	0.04525	0.04145	0.46857	0.05789	0.12661	0.03141	0.03985	0.00704	0.00807	0.00551	0.00407	0.00396	0.00109	0.04275	0.00291	0.00229	0.00495
19	0.00625	0.00534	0.00868	0.05581	0.04527	0.00512	0.14252	0.00819	0.00945	0.01297	0.36870	0.06599	0.10994	0.00721	0.00446	0.00129	0.00310	0.10557	0.03024	0.00390
20	0.00962	0.36461	0.01438	0.05421	0.06993	0.03531	0.01942	0.03609	0.22951	0.01161	0.00888	0.02572	0.00749	0.00443	0.00405	0.00111	0.07874	0.01738	0.00239	0.00513
21	0.02031	0.02279	0.04083	0.03301	0.08094	0.00658	0.04504	0.05316	0.00847	0.02949	0.00730	0.02553	0.00607	0.00338	0.00341	0.00080	0.02903	0.00279	0.00229	0.57879
22	0.00496	0.00353	0.00465	0.00514	0.00561	0.00329	0.00361	0.00589	0.00821	0.01110	0.23413	0.52755	0.07186	0.01067	0.00516	0.03805	0.00218	0.04763	0.00361	0.00318
23	0.00543	0.00373	0.00437	0.00450	0.00469	0.00370	0.00281	0.00573	0.00610	0.00807	0.01475	0.08823	0.06436	0.65389	0.04786	0.00332	0.00370	0.06968	0.00254	0.00254
24	0.86700	0.00731	0.00567	0.00504	0.00741	0.00842	0.00415	0.01137	0.00659	0.04207	0.00557	0.00636	0.00427	0.00356	0.00239	0.00117	0.00294	0.00211	0.00242	0.00418
25	0.00655	0.00332	0.00498	0.00498	0.00500	0.00334	0.00334	0.00500	0.00498	0.00665	0.00669	0.01163	0.00667	0.01363	0.03987	0.86321	0.00350	0.00332	0.00166	0.00170
26	0.07522	0.20935	0.01096	0.00665	0.00920	0.08778	0.00562	0.12677	0.00931	0.01324	0.00732	0.00875	0.00609	0.00386	0.00348	0.00091	0.05478	0.01660	0.10424	0.23987

[dist]
# distance from previous block
# <min> <max>
0	1

[block]
# block no. 9 follows, 72 sequences, length 16
# corresponding to MSA columns:
# 447-462
name=unknown_J
#
# <colnr> <probs for GDERKNQSTAVLIFYWHMCP>
#	G	D	E	R	K	N	Q	S	T	A	V	L	I	F	Y	W	H	M	C	P
0	0.22167	0.03355	0.10402	0.05324	0.04028	0.08925	0.05973	0.08751	0.00887	0.03303	0.06005	0.00956	0.00731	0.00529	0.04583	0.00138	0.05391	0.00311	0.00237	0.08005
1	0.00621	0.02459	0.00611	0.00579	0.00670	0.02841	0.03294	0.00745	0.02010	0.03667	0.12920	0.18607	0.13097	0.17395	0.00746	0.00186	0.00304	0.18582	0.00326	0.00340
2	0.00619	0.00448	0.00547	0.00510	0.00626	0.00431	0.00386	0.00893	0.11148	0.04752	0.58004	0.04540	0.14104	0.00765	0.00438	0.00122	0.00202	0.00666	0.00405	0.00393
3	0.00716	0.00674	0.01138	0.85760	0.02612	0.00843	0.01053	0.00969	0.00758	0.00969	0.00674	0.01011	0.00506	0.00379	0.00379	0.00126	0.00506	0.00337	0.00169	0.00421
4	0.00560	0.00391	0.00474	0.00468	0.00479	0.00414	0.00293	0.00586	0.00562	0.00766	0.01139	0.02253	0.01274	0.69275	0.16133	0.00402	0.03533	0.00519	0.00223	0.00255
5	0.01390	0.01024	0.01102	0.00855	0.01143	0.01131	0.00702	0.78729	0.01728	0.02316	0.00972	0.05380	0.00742	0.00494	0.00385	0.00116	0.00407	0.00380	0.00378	0.00627
6	0.00659	0.00329	0.00494	0.00494	0.00494	0.00329	0.00329	0.00494	0.00494	0.00659	0.00659	0.01153	0.00659	0.01318	0.01482	0.88966	0.00329	0.00329	0.00165	0.00165
7	0.10183	0.01059	0.01825	0.01340	0.01681	0.09181	0.57656	0.06921	0.00955	0.04345	0.00761	0.00950	0.00568	0.00345	0.00408	0.00122	0.00581	0.00393	0.00220	0.00508
8	0.00943	0.00815	0.00858	0.00772	0.00986	0.00943	0.00600	0.02015	0.83621	0.01586	0.01544	0.01415	0.01158	0.00515	0.00386	0.00129	0.00300	0.00429	0.00386	0.00600
9	0.01195	0.00606	0.00718	0.00597	0.00808	0.00595	0.00478	0.09031	0.12859	0.35189	0.04364	0.01461	0.04550	0.00498	0.00354	0.00111	0.00277	0.00405	0.25371	0.00533
10	0.00985	0.02610	0.04066	0.11927	0.35655	0.12093	0.19836	0.01243	0.03056	0.03781	0.00746	0.00946	0.00588	0.00355	0.00386	0.00116	0.00526	0.00350	0.00200	0.00535
11	0.01047	0.40690	0.04355	0.00755	0.01033	0.11911	0.00672	0.04272	0.29233	0.01196	0.00901	0.00911	0.00722	0.00404	0.00313	0.00102	0.00411	0.00293	0.00250	0.00528
12	0.00863	0.00508	0.00633	0.00593	0.00726	0.00502	0.00455	0.11964	0.00959	0.16566	0.04608	0.29968	0.06664	0.01012	0.08711	0.00179	0.00344	0.05648	0.08669	0.00428
13	0.00472	0.00340	0.00450	0.00527	0.00557	0.00321	0.00359	0.00545	0.00732	0.00975	0.03544	0.74268	0.05333	0.03349	0.04087	0.00177	0.00259	0.03052	0.00344	0.00310
14	0.00827	0.18793	0.20840	0.00959	0.11624	0.00864	0.04265	0.02580	0.05996	0.03817	0.08642	0.04446	0.09790	0.00505	0.00365	0.00113	0.00391	0.01434	0.03258	0.00493
15	0.03659	0.11013	0.06799	0.13367	0.37451	0.12692	0.02339	0.02930	0.02437	0.02839	0.00697	0.00873	0.00563	0.00359	0.00352	0.00110	0.00485	0.00306	0.00196	0.00532

[dist]
# distance from previous block
# <min> <max>
1	6

[block]
# block no. 10 follows, 72 sequences, length 11
# corresponding to MSA columns:
# 469-479
name=unknown_K
#
# <colnr> <probs for GDERKNQSTAVLIFYWHMCP>
#	G	D	E	R	K	N	Q	S	T	A	V	L	I	F	Y	W	H	M	C	P
0	0.21863	0.02660	0.00810	0.00637	0.00892	0.00730	0.00524	0.11174	0.07156	0.39114	0.01170	0.01144	0.00811	0.00448	0.00337	0.00115	0.00315	0.01727	0.07818	0.00554
1	0.00609	0.00411	0.00503	0.00477	0.00590	0.00375	0.00359	0.00772	0.02769	0.07643	0.42987	0.08864	0.25661	0.00881	0.02983	0.00138	0.00224	0.00700	0.02681	0.00370
2	0.00881	0.04059	0.24536	0.03561	0.18615	0.03459	0.05536	0.04292	0.04788	0.03585	0.00876	0.04167	0.02439	0.00397	0.00358	0.00107	0.00441	0.00342	0.00220	0.17341
