[name]
unknown

[dist]
# distance from previous block
# <min> <max>
2	27

[block]
# block no. 0 follows, 69 sequences, length 9
# corresponding to MSA columns:
# 30-38
name=unknown_A
#
# <colnr> <probs for GDERKNQSTAVLIFYWHMCP>
#	G	D	E	R	K	N	Q	S	T	A	V	L	I	F	Y	W	H	M	C	P
0	0.00871	0.06178	0.02375	0.03735	0.04760	0.09300	0.09014	0.05469	0.04196	0.02364	0.12640	0.04471	0.09254	0.00706	0.04702	0.02890	0.06854	0.00460	0.00273	0.09488
1	0.05494	0.02366	0.01195	0.05893	0.01267	0.09313	0.14160	0.18252	0.03931	0.06217	0.01003	0.04830	0.03466	0.03954	0.00532	0.00131	0.08034	0.00402	0.00279	0.09279
2	0.00857	0.11315	0.00968	0.05130	0.02650	0.04853	0.03856	0.11878	0.06096	0.02711	0.07973	0.15578	0.09358	0.07902	0.02522	0.01543	0.00377	0.00556	0.00303	0.03575
3	0.00811	0.02596	0.04002	0.00739	0.04978	0.02453	0.04386	0.08942	0.02214	0.07711	0.03027	0.20368	0.14393	0.14081	0.02997	0.00181	0.00363	0.00632	0.00315	0.04811
4	0.00881	0.07946	0.03869	0.00876	0.03582	0.05191	0.06978	0.11883	0.06606	0.01279	0.04323	0.10091	0.04954	0.01009	0.15132	0.00216	0.11359	0.00471	0.00268	0.03087
5	0.02338	0.00685	0.00860	0.03589	0.02843	0.00649	0.03221	0.08307	0.10771	0.11992	0.07018	0.05893	0.05960	0.02522	0.04752	0.00138	0.00360	0.00435	0.00322	0.27344
6	0.00981	0.21215	0.07377	0.15272	0.19631	0.05642	0.03822	0.09242	0.03287	0.01245	0.02835	0.04596	0.00741	0.00430	0.00381	0.00115	0.02083	0.00355	0.00221	0.00528
7	0.05914	0.03004	0.00647	0.03425	0.00745	0.00509	0.00440	0.00972	0.06733	0.08990	0.54434	0.05805	0.05418	0.00724	0.00432	0.00125	0.00235	0.00626	0.00402	0.00420
8	0.00685	0.00435	0.00532	0.00530	0.00635	0.00402	0.00384	0.00836	0.05707	0.11682	0.11556	0.33531	0.23496	0.04099	0.00556	0.03114	0.00243	0.00817	0.00378	0.00382

[dist]
# distance from previous block
# <min> <max>
0	1

[block]
# block no. 1 follows, 69 sequences, length 17
# corresponding to MSA columns:
# 40-56
name=unknown_B
#
# <colnr> <probs for GDERKNQSTAVLIFYWHMCP>
#	G	D	E	R	K	N	Q	S	T	A	V	L	I	F	Y	W	H	M	C	P
0	0.04382	0.00491	0.03224	0.00584	0.00677	0.00464	0.00444	0.03797	0.04372	0.01178	0.04964	0.43104	0.01891	0.03968	0.12259	0.00218	0.00373	0.03427	0.07997	0.02186
1	0.06365	0.00969	0.01038	0.00827	0.01102	0.01064	0.00672	0.60026	0.08314	0.04198	0.01095	0.08851	0.00881	0.00537	0.00392	0.00122	0.00390	0.00421	0.00381	0.02356
2	0.03869	0.00538	0.00658	0.00578	0.00754	0.00502	0.00443	0.02763	0.05445	0.33541	0.04601	0.16510	0.11606	0.07581	0.00537	0.00148	0.00283	0.00591	0.08571	0.00482
3	0.31522	0.00528	0.00529	0.00515	0.00659	0.00545	0.00390	0.00890	0.00806	0.07160	0.10623	0.23484	0.13563	0.03459	0.00437	0.00142	0.00259	0.02092	0.02012	0.00387
4	0.03877	0.00433	0.00506	0.00531	0.00613	0.00425	0.00375	0.00791	0.09194	0.02862	0.10882	0.42415	0.14466	0.06969	0.00566	0.00160	0.00241	0.00847	0.03485	0.00364
5	0.01186	0.00821	0.00914	0.00778	0.01024	0.00900	0.00617	0.12200	0.52624	0.18767	0.04707	0.01427	0.01181	0.00525	0.00400	0.00128	0.00326	0.00432	0.00417	0.00626
6	0.38601	0.00770	0.00766	0.00649	0.00894	0.00841	0.00525	0.12888	0.14346	0.16953	0.05273	0.04064	0.00929	0.00482	0.00337	0.00124	0.00319	0.00360	0.00348	0.00529
7	0.15046	0.00878	0.00928	0.00766	0.01026	0.00967	0.00618	0.31959	0.25107	0.12271	0.02960	0.03798	0.00946	0.00504	0.00376	0.00125	0.00352	0.00394	0.00382	0.00598
8	0.00743	0.00448	0.00543	0.00521	0.00637	0.00411	0.00378	0.00886	0.04491	0.15607	0.13247	0.23073	0.23841	0.12557	0.00667	0.00170	0.00257	0.00754	0.00378	0.00392
9	0.04013	0.00391	0.00471	0.00500	0.00553	0.00375	0.00335	0.00642	0.00749	0.03858	0.07766	0.40342	0.10942	0.24246	0.02827	0.00222	0.00288	0.00831	0.00330	0.00318
10	0.32461	0.00762	0.00754	0.00683	0.00882	0.00821	0.00522	0.09573	0.17930	0.06595	0.04104	0.14391	0.02581	0.05570	0.00490	0.00160	0.00337	0.00502	0.00361	0.00519
11	0.22590	0.00812	0.00850	0.00707	0.00950	0.00880	0.00569	0.30975	0.08594	0.13755	0.01155	0.11660	0.00952	0.00547	0.00367	0.00125	0.00342	0.00429	0.03190	0.00550
12	0.03490	0.00499	0.00674	0.02483	0.03341	0.01564	0.00509	0.01777	0.01841	0.03472	0.01221	0.04866	0.04404	0.10652	0.48381	0.02004	0.03923	0.03122	0.01410	0.00368
13	0.01058	0.00772	0.01064	0.20021	0.12244	0.02263	0.02131	0.17435	0.01958	0.14262	0.03656	0.04596	0.02479	0.05010	0.06501	0.00175	0.03132	0.00424	0.00297	0.00521
14	0.13328	0.00466	0.00509	0.00493	0.00583	0.00468	0.00341	0.00824	0.03044	0.07515	0.10100	0.15663	0.07689	0.33074	0.01003	0.00226	0.00298	0.00615	0.03414	0.00346
15	0.00571	0.00418	0.00575	0.00570	0.00616	0.00469	0.00413	0.00665	0.00624	0.00881	0.03563	0.01901	0.01196	0.30199	0.52806	0.00521	0.02997	0.00476	0.00225	0.00316
16	0.05118	0.01135	0.01062	0.15315	0.07734	0.29616	0.02880	0.09596	0.06344	0.03049	0.06566	0.01158	0.03160	0.00537	0.03083	0.00132	0.00526	0.00361	0.02143	0.00487

[dist]
# distance from previous block
# <min> <max>
3	4

[block]
# block no. 2 follows, 69 sequences, length 14
# corresponding to MSA columns:
# 61-74
name=unknown_C
#
# <colnr> <probs for GDERKNQSTAVLIFYWHMCP>
#	G	D	E	R	K	N	Q	S	T	A	V	L	I	F	Y	W	H	M	C	P
0	0.00812	0.00816	0.01499	0.45535	0.02231	0.00861	0.27790	0.01083	0.00835	0.01125	0.00729	0.01016	0.00555	0.00357	0.00401	0.00121	0.00535	0.00369	0.00190	0.13142
1	0.00518	0.00403	0.00492	0.02188	0.00610	0.00391	0.00365	0.00625	0.00799	0.01035	0.11550	0.08240	0.36704	0.12799	0.21225	0.00288	0.00438	0.00689	0.00313	0.00329
2	0.00960	0.00936	0.06223	0.24231	0.13257	0.02816	0.08378	0.11335	0.13549	0.02835	0.02264	0.01079	0.00728	0.00409	0.00388	0.00119	0.00459	0.00363	0.00256	0.09416
3	0.02322	0.00948	0.02399	0.11055	0.11478	0.04711	0.06537	0.19589	0.24906	0.01602	0.02917	0.01155	0.00850	0.00467	0.00439	0.00126	0.04813	0.00386	0.02730	0.00569
4	0.01177	0.00618	0.00786	0.00659	0.00871	0.00605	0.00529	0.09607	0.06998	0.36017	0.11995	0.01767	0.08861	0.01039	0.16392	0.00220	0.00447	0.00478	0.00399	0.00535
5	0.03108	0.00698	0.00827	0.05759	0.05344	0.03448	0.00600	0.08006	0.20373	0.08946	0.01543	0.29248	0.03046	0.00737	0.00464	0.00137	0.04150	0.00629	0.00346	0.02593
6	0.01016	0.56537	0.12273	0.00875	0.01229	0.01368	0.10477	0.05755	0.00865	0.01090	0.00615	0.00734	0.00523	0.00365	0.00353	0.00101	0.04855	0.00265	0.00184	0.00521
7	0.00475	0.00382	0.00420	0.00442	0.00540	0.00331	0.00318	0.00569	0.00860	0.01066	0.08135	0.24965	0.55599	0.03444	0.00516	0.00146	0.00210	0.00887	0.00364	0.00327
8	0.00905	0.00803	0.00857	0.00662	0.00973	0.04984	0.00524	0.03897	0.19352	0.01381	0.00902	0.00958	0.00718	0.00356	0.00321	0.00079	0.00321	0.00285	0.00273	0.61450
9	0.01010	0.02936	0.03102	0.02718	0.17115	0.02281	0.13148	0.11408	0.05412	0.06450	0.00938	0.04361	0.01762	0.00420	0.00407	0.00109	0.03173	0.00375	0.00265	0.22611
10	0.05642	0.02819	0.08388	0.12517	0.08851	0.06731	0.05231	0.16317	0.04618	0.07954	0.03867	0.03854	0.02113	0.00599	0.04566	0.00149	0.04588	0.00390	0.00276	0.00529
11	0.00750	0.00480	0.00600	0.03868	0.00743	0.00464	0.00435	0.03070	0.00899	0.13852	0.11615	0.10884	0.27793	0.10262	0.06662	0.00197	0.02795	0.03885	0.00353	0.00394
12	0.00543	0.00376	0.00455	0.00481	0.00501	0.00372	0.00304	0.00581	0.00646	0.00860	0.01609	0.24134	0.05406	0.51545	0.07749	0.00325	0.00383	0.03178	0.00278	0.00275
13	0.03042	0.07635	0.16199	0.38617	0.08621	0.00948	0.05190	0.01107	0.00798	0.03767	0.00714	0.00967	0.00553	0.00477	0.02887	0.00142	0.07326	0.00333	0.00188	0.00491

[dist]
# distance from previous block
# <min> <max>
1	13

[block]
# block no. 3 follows, 69 sequences, length 33
# corresponding to MSA columns:
# 89-121
name=unknown_D
#
# <colnr> <probs for GDERKNQSTAVLIFYWHMCP>
#	G	D	E	R	K	N	Q	S	T	A	V	L	I	F	Y	W	H	M	C	P
0	0.02094	0.00867	0.02670	0.31572	0.29974	0.02912	0.07575	0.03643	0.04941	0.01204	0.00844	0.01090	0.02521	0.00475	0.02701	0.00140	0.03679	0.00370	0.00207	0.00520
1	0.00801	0.00592	0.00856	0.00932	0.14351	0.00624	0.03236	0.04658	0.10271	0.01039	0.00879	0.01296	0.00805	0.08924	0.06079	0.37646	0.03819	0.00382	0.00222	0.02589
2	0.00480	0.00345	0.00457	0.00545	0.00572	0.00321	0.00367	0.00552	0.00758	0.01006	0.02215	0.81820	0.05095	0.01218	0.00500	0.00159	0.00229	0.02677	0.00364	0.00320
3	0.00613	0.00477	0.00686	0.05969	0.01961	0.00552	0.00525	0.02905	0.00684	0.00965	0.02223	0.08829	0.01136	0.11683	0.53506	0.00476	0.05735	0.00489	0.00229	0.00357
4	0.88991	0.00758	0.00576	0.00516	0.00758	0.00879	0.00425	0.01152	0.00667	0.01759	0.00546	0.00637	0.00425	0.00364	0.00243	0.00121	0.00303	0.00212	0.00243	0.00425
5	0.00861	0.00806	0.01348	0.15025	0.53526	0.00860	0.01051	0.01076	0.00819	0.01160	0.00773	0.01072	0.00661	0.00804	0.14510	0.00207	0.04350	0.00361	0.00193	0.00538
6	0.00555	0.00401	0.00524	0.00493	0.00586	0.00370	0.00370	0.00740	0.01110	0.01572	0.83570	0.02928	0.03699	0.00801	0.00462	0.00123	0.00185	0.00709	0.00432	0.00370
7	0.00911	0.00777	0.00831	0.00760	0.00958	0.00888	0.00586	0.01883	0.71768	0.01584	0.06271	0.08395	0.01451	0.00604	0.00411	0.00135	0.00296	0.00513	0.00398	0.00582
8	0.01249	0.00857	0.01085	0.22953	0.03959	0.00940	0.00784	0.38566	0.01321	0.15840	0.01030	0.04075	0.00780	0.04223	0.00466	0.00135	0.00430	0.00395	0.00337	0.00574
9	0.00555	0.00401	0.00524	0.00493	0.00586	0.00370	0.00370	0.00740	0.01110	0.01572	0.83570	0.02928	0.03699	0.00801	0.00462	0.00123	0.00185	0.00709	0.00432	0.00370
10	0.88991	0.00758	0.00576	0.00516	0.00758	0.00879	0.00425	0.01152	0.00667	0.01759	0.00546	0.00637	0.00425	0.00364	0.00243	0.00121	0.00303	0.00212	0.00243	0.00425
11	0.01048	0.86458	0.02054	0.00671	0.01006	0.01551	0.00671	0.01174	0.00797	0.00922	0.00545	0.00629	0.00503	0.00335	0.00252	0.00084	0.00419	0.00210	0.00168	0.00503
12	0.86706	0.00757	0.00582	0.00517	0.00763	0.00870	0.00426	0.01148	0.00671	0.01746	0.00550	0.00641	0.00429	0.00362	0.00244	0.00120	0.00303	0.00213	0.00242	0.02710
13	0.01048	0.86458	0.02054	0.00671	0.01006	0.01551	0.00671	0.01174	0.00797	0.00922	0.00545	0.00629	0.00503	0.00335	0.00252	0.00084	0.00419	0.00210	0.00168	0.00503
14	0.01464	0.01868	0.01111	0.01010	0.01212	0.84648	0.00757	0.01565	0.01111	0.00959	0.00606	0.00707	0.00505	0.00404	0.00353	0.00101	0.00707	0.00252	0.00202	0.00454
15	0.00567	0.00379	0.00429	0.00432	0.00433	0.00378	0.00242	0.00569	0.00577	0.00769	0.01269	0.05622	0.01468	0.83108	0.01941	0.00372	0.00374	0.00590	0.00242	0.00241
16	0.00852	0.00863	0.01159	0.30321	0.02864	0.07809	0.00914	0.01001	0.00716	0.00973	0.00658	0.04505	0.00606	0.00579	0.00853	0.00150	0.44190	0.00370	0.00183	0.00432
17	0.00557	0.00375	0.00436	0.00452	0.00458	0.00372	0.00265	0.00571	0.00605	0.00806	0.01397	0.15636	0.01625	0.71197	0.01732	0.00341	0.00356	0.02305	0.00260	0.00253
18	0.00566	0.00398	0.00519	0.00519	0.00551	0.00430	0.00352	0.00629	0.00597	0.00828	0.01152	0.02102	0.01224	0.48576	0.39366	0.00493	0.00683	0.00502	0.00225	0.00288
19	0.00858	0.00858	0.01201	0.01029	0.01029	0.01201	0.00858	0.00943	0.00600	0.00943	0.00515	0.00858	0.00515	0.00686	0.01287	0.00172	0.85505	0.00343	0.00172	0.00429
20	0.00889	0.00714	0.00794	0.00750	0.00929	0.00799	0.00586	0.01693	0.57496	0.04519	0.01737	0.13146	0.01524	0.00701	0.00432	0.00143	0.00307	0.11904	0.00392	0.00545
21	0.00813	0.00697	0.00813	0.00581	0.00929	0.00523	0.00465	0.00987	0.00813	0.01277	0.00697	0.00813	0.00581	0.00290	0.00290	0.00058	0.00290	0.00232	0.00232	0.88619
22	0.84049	0.00766	0.00603	0.00532	0.00778	0.00881	0.00438	0.03580	0.00714	0.03999	0.00585	0.00665	0.00446	0.00370	0.00251	0.00121	0.00308	0.00221	0.00254	0.00438
23	0.85911	0.00756	0.00597	0.03474	0.00826	0.00879	0.00448	0.01147	0.00671	0.01733	0.00551	0.00651	0.00428	0.00365	0.00248	0.00122	0.00311	0.00217	0.00240	0.00425
24	0.00586	0.00437	0.00555	0.10056	0.00814	0.00419	0.00430	0.00710	0.00888	0.04361	0.20002	0.08854	0.36554	0.05216	0.03071	0.03489	0.00283	0.02579	0.00343	0.00354
25	0.00571	0.00392	0.00526	0.07729	0.00725	0.00389	0.00401	0.00622	0.00710	0.02800	0.01787	0.43920	0.07123	0.18963	0.00910	0.09542	0.00299	0.01982	0.00304	0.00305
26	0.47747	0.00662	0.00649	0.00580	0.00794	0.00706	0.00467	0.01249	0.03041	0.20920	0.01103	0.09629	0.00955	0.03861	0.00397	0.00140	0.00310	0.06002	0.00324	0.00465
27	0.88991	0.00758	0.00576	0.00516	0.00758	0.00879	0.00425	0.01152	0.00667	0.01759	0.00546	0.00637	0.00425	0.00364	0.00243	0.00121	0.00303	0.00212	0.00243	0.00425
28	0.00681	0.00340	0.00511	0.00511	0.00511	0.00340	0.00340	0.00511	0.00511	0.00681	0.00681	0.01192	0.00681	0.01362	0.01532	0.88594	0.00340	0.00340	0.00170	0.00170
29	0.73667	0.03062	0.00668	0.00567	0.00785	0.02274	0.00468	0.01115	0.00677	0.01618	0.00640	0.00756	0.02334	0.00491	0.03273	0.00142	0.06561	0.00244	0.00236	0.00423
30	0.00698	0.00390	0.00541	0.00534	0.00561	0.00398	0.00366	0.01851	0.06494	0.00803	0.00930	0.04658	0.03833	0.01270	0.01354	0.74166	0.00330	0.00397	0.00205	0.00222
31	0.00557	0.00385	0.00501	0.00581	0.02981	0.00353	0.00385	0.00637	0.00791	0.05210	0.02348	0.64044	0.15161	0.03441	0.00527	0.00158	0.00239	0.00996	0.00362	0.00345
32	0.00745	0.00699	0.01178	0.79340	0.06064	0.00863	0.01076	0.01001	0.00784	0.01011	0.00709	0.01056	0.00540	0.00464	0.02823	0.00144	0.00535	0.00351	0.00176	0.00441

[dist]
# distance from previous block
# <min> <max>
0	1

[block]
# block no. 4 follows, 69 sequences, length 6
# corresponding to MSA columns:
# 123-128
name=unknown_E
#
# <colnr> <probs for GDERKNQSTAVLIFYWHMCP>
#	G	D	E	R	K	N	Q	S	T	A	V	L	I	F	Y	W	H	M	C	P
0	0.01039	0.03498	0.10074	0.09623	0.16305	0.00888	0.04555	0.17507	0.01036	0.08592	0.00892	0.03237	0.00727	0.06191	0.00532	0.00134	0.04627	0.00370	0.00264	0.09908
1	0.00671	0.00589	0.05988	0.00618	0.00781	0.00493	0.03762	0.00935	0.08771	0.05579	0.35719	0.13023	0.14861	0.00837	0.02681	0.00142	0.00283	0.00677	0.00374	0.03216
2	0.00813	0.00697	0.00813	0.00581	0.00929	0.00523	0.00465	0.00987	0.00813	0.01277	0.00697	0.00813	0.00581	0.00290	0.00290	0.00058	0.00290	0.00232	0.00232	0.88619
3	0.04066	0.02840	0.13470	0.06169	0.20570	0.00906	0.12168	0.06394	0.15540	0.04197	0.01056	0.05033	0.02623	0.00451	0.00395	0.00124	0.00450	0.00410	0.00262	0.02875
4	0.02571	0.02778	0.00728	0.00755	0.07346	0.04480	0.00517	0.03676	0.10724	0.03198	0.07837	0.35014	0.09820	0.00854	0.00442	0.00137	0.00297	0.04517	0.00343	0.03967
5	0.01011	0.09157	0.06051	0.19479	0.05704	0.23627	0.04089	0.04796	0.03288	0.01135	0.03070	0.03931	0.04054	0.00460	0.00406	0.00115	0.03639	0.00362	0.00223	0.05405

[dist]
# distance from previous block
# <min> <max>
1	95

[block]
# block no. 5 follows, 69 sequences, length 45
# corresponding to MSA columns:
# 229-273
name=unknown_F
#
# <colnr> <probs for GDERKNQSTAVLIFYWHMCP>
#	G	D	E	R	K	N	Q	S	T	A	V	L	I	F	Y	W	H	M	C	P
0	0.00602	0.00503	0.00777	0.32806	0.03640	0.00562	0.00674	0.00760	0.00776	0.01026	0.04549	0.39590	0.02904	0.00994	0.06809	0.00181	0.00408	0.01785	0.00278	0.00376
1	0.11553	0.01185	0.01280	0.04436	0.39569	0.24625	0.00935	0.09477	0.01020	0.01357	0.00697	0.00856	0.00566	0.00380	0.00362	0.00113	0.00513	0.00306	0.00221	0.00549
2	0.04653	0.16960	0.01011	0.02272	0.04452	0.11897	0.00584	0.06918	0.00883	0.01130	0.01330	0.34605	0.03531	0.00797	0.01990	0.00139	0.05526	0.00621	0.00277	0.00424
3	0.03154	0.02503	0.28453	0.03524	0.13456	0.00788	0.06986	0.02141	0.00846	0.01279	0.00709	0.00860	0.00554	0.00337	0.00347	0.00099	0.00449	0.00289	0.00202	0.33024
4	0.00975	0.00842	0.00886	0.00798	0.01019	0.00975	0.00621	0.02083	0.83069	0.01640	0.01596	0.01463	0.01197	0.00532	0.00399	0.00133	0.00310	0.00443	0.00399	0.00621
5	0.00475	0.00372	0.00430	0.00471	0.00550	0.00327	0.00332	0.00564	0.00839	0.01059	0.07300	0.41608	0.42097	0.01091	0.00480	0.00144	0.00211	0.00954	0.00368	0.00327
6	0.01088	0.00831	0.00994	0.00832	0.01039	0.00916	0.00695	0.34098	0.01224	0.04642	0.01116	0.01738	0.01010	0.00630	0.00580	0.00134	0.16246	0.19272	0.00325	0.12587
7	0.00509	0.00399	0.00461	0.00445	0.00558	0.00350	0.00334	0.00651	0.01002	0.01316	0.43895	0.03349	0.43533	0.00897	0.00463	0.00128	0.00192	0.00768	0.00398	0.00350
8	0.00740	0.00697	0.01176	0.85280	0.02700	0.00871	0.01089	0.01002	0.00784	0.01002	0.00697	0.01045	0.00523	0.00392	0.00392	0.00131	0.00523	0.00348	0.00174	0.00436
9	0.00501	0.00352	0.00461	0.00537	0.00574	0.00325	0.00364	0.00577	0.00779	0.02434	0.05198	0.76369	0.07700	0.01185	0.00495	0.00156	0.00226	0.01070	0.00368	0.00327
10	0.00792	0.00470	0.00452	0.00434	0.00540	0.04045	0.00330	0.05041	0.00876	0.01462	0.01221	0.01407	0.00965	0.00586	0.04721	0.00121	0.00263	0.00363	0.75527	0.00384
11	0.84818	0.00754	0.00592	0.00524	0.00770	0.00865	0.00432	0.01189	0.00689	0.05696	0.00594	0.00670	0.00451	0.00370	0.00250	0.00121	0.00305	0.00221	0.00254	0.00436
12	0.00554	0.00406	0.00493	0.00467	0.00578	0.00362	0.00352	0.00711	0.01041	0.03349	0.56342	0.03159	0.29035	0.00855	0.00461	0.00126	0.00193	0.00739	0.00411	0.00365
13	0.01048	0.86458	0.02054	0.00671	0.01006	0.01551	0.00671	0.01174	0.00797	0.00922	0.00545	0.00629	0.00503	0.00335	0.00252	0.00084	0.00419	0.00210	0.00168	0.00503
14	0.01759	0.00667	0.00910	0.00698	0.01001	0.00576	0.00576	0.01911	0.01122	0.84048	0.01547	0.01334	0.00970	0.00485	0.00394	0.00121	0.00334	0.00394	0.00485	0.00667
15	0.00813	0.00697	0.00813	0.00581	0.00929	0.00523	0.00465	0.00987	0.00813	0.01277	0.00697	0.00813	0.00581	0.00290	0.00290	0.00058	0.00290	0.00232	0.00232	0.88619
16	0.00786	0.02028	0.84191	0.01117	0.01697	0.00910	0.01448	0.01242	0.00828	0.01242	0.00704	0.00828	0.00497	0.00372	0.00372	0.00124	0.00579	0.00290	0.00166	0.00579
17	0.06789	0.00674	0.01024	0.64692	0.02208	0.02016	0.00924	0.01027	0.00796	0.03050	0.00805	0.01151	0.00624	0.00417	0.00372	0.00126	0.00464	0.02382	0.10029	0.00431
18	0.03676	0.00783	0.00995	0.00821	0.05043	0.00748	0.00640	0.20561	0.01261	0.57295	0.01324	0.01197	0.00861	0.00468	0.00388	0.00119	0.00361	0.00375	0.00438	0.02647
19	0.00888	0.00869	0.01200	0.01023	0.01038	0.01202	0.00852	0.04883	0.00660	0.01017	0.00535	0.00862	0.00522	0.00676	0.01243	0.00169	0.81394	0.00344	0.00182	0.00440
20	0.00581	0.00378	0.00446	0.00446	0.00449	0.00381	0.00260	0.00570	0.00567	0.00759	0.01169	0.02373	0.01326	0.73380	0.05942	0.09559	0.00408	0.00539	0.00229	0.00236
21	0.88991	0.00758	0.00576	0.00516	0.00758	0.00879	0.00425	0.01152	0.00667	0.01759	0.00546	0.00637	0.00425	0.00364	0.00243	0.00121	0.00303	0.00212	0.00243	0.00425
22	0.05467	0.01222	0.01306	0.11213	0.37380	0.29069	0.00973	0.06533	0.01004	0.01241	0.00692	0.00872	0.00564	0.00381	0.00370	0.00113	0.00543	0.00310	0.00210	0.00537
23	0.00912	0.02138	0.05411	0.00803	0.07220	0.00657	0.02452	0.04482	0.06332	0.05912	0.03301	0.00969	0.00738	0.00350	0.00328	0.00081	0.00336	0.00291	0.00262	0.57025
24	0.07858	0.00741	0.00931	0.00748	0.02629	0.00703	0.00601	0.11787	0.05199	0.62486	0.01388	0.01236	0.00899	0.00474	0.00383	0.00121	0.00345	0.00378	0.00447	0.00647
25	0.00925	0.01058	0.02313	0.01652	0.02049	0.00991	0.82353	0.01256	0.00925	0.01256	0.00793	0.01058	0.00595	0.00330	0.00463	0.00132	0.00661	0.00463	0.00198	0.00529
26	0.00803	0.00721	0.02911	0.00593	0.00939	0.00527	0.00487	0.00982	0.00812	0.01269	0.00735	0.03043	0.00631	0.00317	0.00298	0.00062	0.00296	0.00257	0.00234	0.84082
27	0.00567	0.00399	0.00503	0.00505	0.00526	0.00424	0.00330	0.00614	0.00598	0.00821	0.01220	0.06995	0.01345	0.55511	0.25934	0.00436	0.02204	0.00553	0.00235	0.00279
28	0.18456	0.01024	0.01055	0.00823	0.01123	0.01138	0.00680	0.65161	0.01601	0.03899	0.00876	0.00890	0.00626	0.00450	0.00363	0.00118	0.00405	0.00326	0.00365	0.00620
29	0.00937	0.35602	0.38040	0.00944	0.04520	0.03408	0.01023	0.01246	0.03496	0.02265	0.00679	0.00777	0.00538	0.00360	0.00321	0.00104	0.00488	0.00263	0.00184	0.04804
30	0.00811	0.10141	0.76298	0.01074	0.01630	0.00972	0.01374	0.01235	0.00825	0.01211	0.00688	0.00809	0.00497	0.00369	0.00361	0.00120	0.00564	0.00282	0.00166	0.00572
31	0.01737	0.00702	0.00931	0.00714	0.01018	0.00628	0.00590	0.08405	0.01180	0.77472	0.01498	0.01303	0.00946	0.00484	0.00394	0.00121	0.00341	0.00391	0.00478	0.00667
32	0.00518	0.00384	0.00530	0.00651	0.04615	0.00366	0.00432	0.00608	0.00771	0.01029	0.02092	0.69682	0.04311	0.01219	0.03071	0.00173	0.00276	0.08582	0.00351	0.00338
33	0.02945	0.03190	0.06182	0.00861	0.03500	0.23448	0.08307	0.01088	0.00934	0.05125	0.04175	0.03845	0.22692	0.02365	0.01555	0.01154	0.03440	0.04489	0.00273	0.00433
34	0.00672	0.00344	0.00504	0.00504	0.00504	0.00344	0.00332	0.00515	0.00515	0.00687	0.00725	0.01300	0.00740	0.08072	0.01569	0.81618	0.00344	0.00359	0.00176	0.00176
35	0.00478	0.00341	0.00455	0.00546	0.00569	0.00318	0.00364	0.00546	0.00751	0.01001	0.02161	0.85966	0.02593	0.01228	0.00500	0.00159	0.00227	0.01114	0.00364	0.00318
36	0.00854	0.00823	0.01341	0.56591	0.18172	0.03468	0.07285	0.04702	0.00873	0.01139	0.00720	0.01017	0.00553	0.00383	0.00395	0.00127	0.00524	0.00355	0.00190	0.00489
37	0.03950	0.03305	0.03188	0.03044	0.08322	0.13260	0.07068	0.13321	0.00939	0.01258	0.00788	0.03230	0.00694	0.01988	0.15077	0.00220	0.19272	0.00368	0.00228	0.00480
38	0.00732	0.00609	0.00830	0.06074	0.08640	0.00687	0.01717	0.01156	0.24126	0.01166	0.02760	0.02768	0.01083	0.07803	0.37649	0.00368	0.00670	0.00443	0.00268	0.00452
39	0.00485	0.00375	0.00443	0.00474	0.00555	0.00333	0.00337	0.00588	0.00875	0.01127	0.17480	0.36482	0.36936	0.01053	0.00478	0.00141	0.00208	0.00921	0.00376	0.00333
40	0.02843	0.06549	0.00588	0.00558	0.00622	0.01787	0.00400	0.00638	0.00770	0.01021	0.02069	0.64771	0.07559	0.03096	0.00508	0.00156	0.00259	0.05123	0.00341	0.00338
41	0.74173	0.00843	0.00682	0.00634	0.03207	0.06290	0.00495	0.02372	0.00723	0.02923	0.00575	0.00676	0.00451	0.00384	0.00306	0.00122	0.04232	0.00230	0.00241	0.00440
42	0.00842	0.00805	0.01382	0.48139	0.36735	0.00900	0.03404	0.01093	0.00834	0.01126	0.00717	0.01014	0.00566	0.00372	0.00392	0.00125	0.00503	0.00352	0.00183	0.00516
43	0.00915	0.00877	0.01038	0.14831	0.18876	0.15069	0.00789	0.06249	0.02918	0.01127	0.00847	0.01179	0.00736	0.05239	0.20812	0.03442	0.02213	0.00363	0.02023	0.00456
44	0.00535	0.00392	0.00502	0.00490	0.00578	0.00359	0.00362	0.00695	0.01039	0.01442	0.64341	0.14276	0.11771	0.00879	0.00468	0.00129	0.00192	0.00776	0.00415	0.00359

[dist]
# distance from previous block
# <min> <max>
0	1

[block]
# block no. 6 follows, 69 sequences, length 20
# corresponding to MSA columns:
# 275-294
name=unknown_G
#
# <colnr> <probs for GDERKNQSTAVLIFYWHMCP>
#	G	D	E	R	K	N	Q	S	T	A	V	L	I	F	Y	W	H	M	C	P
0	0.03502	0.00413	0.00472	0.00461	0.00574	0.00374	0.00349	0.00674	0.00973	0.01306	0.38731	0.03295	0.39118	0.03261	0.00502	0.00137	0.00210	0.04910	0.00386	0.00350
1	0.00936	0.00875	0.01385	0.05671	0.60633	0.00906	0.01048	0.01324	0.16135	0.01321	0.00967	0.05358	0.00823	0.00429	0.00396	0.00122	0.00427	0.00405	0.00240	0.00597
2	0.00785	0.00667	0.00783	0.00578	0.00899	0.00506	0.00456	0.00951	0.00808	0.01255	0.00818	0.07874	0.00748	0.00368	0.00308	0.00066	0.00285	0.00305	0.00243	0.81297
3	0.00500	0.00360	0.00489	0.00555	0.00586	0.00357	0.00381	0.00579	0.00714	0.00966	0.01875	0.63362	0.02189	0.07214	0.17618	0.00269	0.00404	0.00938	0.00324	0.00319
4	0.01342	0.00980	0.07157	0.02035	0.03699	0.00958	0.01850	0.42464	0.01399	0.19348	0.03135	0.03769	0.00856	0.00503	0.00442	0.00123	0.05082	0.00391	0.03855	0.00611
5	0.00557	0.00491	0.02628	0.00588	0.04823	0.00421	0.00423	0.00735	0.04877	0.01198	0.17710	0.15822	0.41908	0.00898	0.00454	0.00132	0.00235	0.01945	0.00359	0.03796
6	0.01048	0.86458	0.02054	0.00671	0.01006	0.01551	0.00671	0.01174	0.00797	0.00922	0.00545	0.00629	0.00503	0.00335	0.00252	0.00084	0.00419	0.00210	0.00168	0.00503
7	0.00909	0.01024	0.02192	0.07754	0.02062	0.00990	0.73654	0.01227	0.00904	0.01227	0.00777	0.01050	0.00587	0.00347	0.00485	0.00133	0.03513	0.00450	0.00196	0.00519
8	0.00560	0.00420	0.00630	0.00630	0.00700	0.00490	0.00490	0.00700	0.00630	0.00910	0.01050	0.01540	0.00980	0.02940	0.84669	0.00630	0.01050	0.00420	0.00210	0.00350
9	0.38874	0.01106	0.04417	0.01143	0.16472	0.17631	0.11331	0.02533	0.00856	0.01436	0.00638	0.00780	0.00506	0.00367	0.00328	0.00118	0.00473	0.00284	0.00219	0.00490
10	0.00740	0.00697	0.01176	0.85280	0.02700	0.00871	0.01089	0.01002	0.00784	0.01002	0.00697	0.01045	0.00523	0.00392	0.00392	0.00131	0.00523	0.00348	0.00174	0.00436
11	0.00704	0.00427	0.00479	0.00458	0.00572	0.00416	0.00346	0.00942	0.07132	0.05084	0.24176	0.05381	0.11854	0.00653	0.00372	0.00112	0.00203	0.00551	0.39744	0.00393
12	0.00550	0.00401	0.00517	0.00488	0.00583	0.00368	0.00366	0.00730	0.01098	0.01545	0.79347	0.02973	0.07939	0.00812	0.00462	0.00124	0.00186	0.00715	0.00428	0.00368
13	0.23903	0.00692	0.00808	0.00642	0.00920	0.00668	0.00529	0.04830	0.01019	0.55725	0.01255	0.01148	0.00821	0.00452	0.00349	0.00120	0.00322	0.00345	0.04861	0.00590
14	0.04304	0.00887	0.05494	0.36555	0.32606	0.00931	0.01083	0.05664	0.03065	0.01244	0.00737	0.00988	0.00580	0.00394	0.00419	0.00126	0.03849	0.00343	0.00202	0.00529
15	0.00965	0.00495	0.00646	0.00557	0.00722	0.00448	0.00436	0.01154	0.02667	0.28704	0.48401	0.02328	0.05074	0.00681	0.00429	0.00122	0.00237	0.00587	0.04876	0.00471
16	0.00828	0.01003	0.14595	0.03889	0.15944	0.02732	0.22244	0.02598	0.05330	0.01262	0.08037	0.07316	0.03123	0.03230	0.00497	0.01516	0.00477	0.04631	0.00250	0.00500
17	0.00549	0.00411	0.00545	0.02756	0.00660	0.00414	0.00408	0.00699	0.00882	0.01222	0.35700	0.04287	0.16201	0.04081	0.27100	0.00293	0.00476	0.00625	0.02337	0.00354
18	0.00646	0.00388	0.00581	0.06342	0.03480	0.00397	0.00426	0.00581	0.00597	0.00798	0.01019	0.18932	0.01098	0.03940	0.03215	0.56241	0.00352	0.00512	0.00215	0.00241
19	0.03929	0.08834	0.04643	0.06165	0.31280	0.04562	0.02014	0.18354	0.13593	0.01536	0.00879	0.00986	0.00685	0.00407	0.00373	0.00117	0.00446	0.00342	0.00264	0.00593

[dist]
# distance from previous block
# <min> <max>
2	5

[block]
# block no. 7 follows, 69 sequences, length 21
# corresponding to MSA columns:
# 304-324
name=unknown_H
#
# <colnr> <probs for GDERKNQSTAVLIFYWHMCP>
#	G	D	E	R	K	N	Q	S	T	A	V	L	I	F	Y	W	H	M	C	P
0	0.69933	0.00753	0.00719	0.07152	0.06377	0.00857	0.02372	0.01116	0.00708	0.01622	0.00751	0.00860	0.04703	0.00397	0.00280	0.00123	0.00333	0.00269	0.00239	0.00436
1	0.00724	0.00577	0.03294	0.12144	0.11880	0.00568	0.06099	0.00768	0.00660	0.00901	0.00805	0.03393	0.00760	0.05954	0.09417	0.39474	0.00479	0.00389	0.00189	0.01525
2	0.00957	0.00930	0.01510	0.19272	0.57340	0.04038	0.05107	0.03885	0.00912	0.01250	0.00734	0.00979	0.00597	0.00363	0.00391	0.00120	0.00495	0.00351	0.00197	0.00574
3	0.01165	0.62729	0.01790	0.00766	0.01064	0.24862	0.00695	0.01284	0.00885	0.00933	0.00562	0.00651	0.00504	0.00355	0.00280	0.00089	0.00500	0.00222	0.00177	0.00489
4	0.00526	0.00394	0.00487	0.00475	0.00571	0.00356	0.00352	0.00680	0.01025	0.01397	0.57052	0.10630	0.22843	0.00886	0.00466	0.00129	0.00192	0.00774	0.00409	0.00356
5	0.09029	0.01044	0.01098	0.00851	0.01151	0.01158	0.00702	0.72724	0.01708	0.02376	0.00918	0.00932	0.00657	0.00461	0.00375	0.00117	0.00412	0.00341	0.03311	0.00636
6	0.00842	0.00762	0.14612	0.05047	0.01024	0.00558	0.03258	0.02551	0.03575	0.17200	0.02922	0.36942	0.06396	0.00812	0.00444	0.00140	0.00342	0.01769	0.00342	0.00461
7	0.00808	0.04118	0.73349	0.01163	0.01716	0.00936	0.10033	0.01241	0.00837	0.01235	0.00709	0.00847	0.00507	0.00367	0.00379	0.00124	0.00584	0.00306	0.00169	0.00572
8	0.00625	0.00446	0.00624	0.00714	0.00801	0.00445	0.00620	0.00800	0.00896	0.01166	0.02080	0.08063	0.02271	0.01089	0.00540	0.00180	0.00355	0.77565	0.00361	0.00359
9	0.00486	0.00366	0.00450	0.00496	0.00561	0.00330	0.00347	0.00582	0.00849	0.01111	0.16034	0.49785	0.24991	0.01094	0.00484	0.00146	0.00213	0.00969	0.00375	0.00330
10	0.00903	0.00876	0.01460	0.29970	0.53043	0.02693	0.03107	0.01145	0.00862	0.01180	0.00722	0.00992	0.00585	0.00364	0.00390	0.00121	0.00495	0.00350	0.00188	0.00553
11	0.03088	0.02956	0.13408	0.05305	0.01265	0.22400	0.10131	0.01290	0.07995	0.05154	0.08722	0.06354	0.01059	0.00564	0.02557	0.00134	0.02266	0.00416	0.04458	0.00482
12	0.88991	0.00758	0.00576	0.00516	0.00758	0.00879	0.00425	0.01152	0.00667	0.01759	0.00546	0.00637	0.00425	0.00364	0.00243	0.00121	0.00303	0.00212	0.00243	0.00425
13	0.00512	0.00362	0.00479	0.00538	0.00581	0.00343	0.00377	0.00582	0.00773	0.01027	0.08448	0.55146	0.10328	0.01279	0.05631	0.07651	0.00287	0.04997	0.00343	0.00315
14	0.33246	0.00679	0.00751	0.00608	0.00875	0.00671	0.00500	0.01567	0.00937	0.48503	0.01166	0.01091	0.00775	0.00439	0.00331	0.00119	0.00312	0.00326	0.06544	0.00558
15	0.00686	0.00543	0.00620	0.00576	0.00718	0.00553	0.00443	0.05204	0.20827	0.01500	0.38153	0.04056	0.20082	0.00778	0.00447	0.00130	0.00238	0.03607	0.00403	0.00436
16	0.00578	0.00433	0.00555	0.00544	0.02263	0.00410	0.00396	0.00805	0.05576	0.01520	0.69854	0.05790	0.08175	0.00804	0.00459	0.00125	0.00200	0.00709	0.00419	0.00385
17	0.00561	0.00417	0.00614	0.00614	0.00679	0.00482	0.00471	0.00690	0.00625	0.00899	0.01064	0.01619	0.01014	0.09344	0.78311	0.00611	0.00999	0.00432	0.00212	0.00341
18	0.00786	0.02028	0.84191	0.01117	0.01697	0.00910	0.01448	0.01242	0.00828	0.01242	0.00704	0.00828	0.00497	0.00372	0.00372	0.00124	0.00579	0.00290	0.00166	0.00579
19	0.51548	0.00866	0.00790	0.00654	0.00921	0.04021	0.00536	0.20615	0.01033	0.14535	0.00796	0.00819	0.00569	0.00409	0.00306	0.00120	0.00353	0.00275	0.00314	0.00520
20	0.03406	0.01068	0.01602	0.02183	0.65547	0.04399	0.04031	0.07419	0.01061	0.01501	0.00921	0.01231	0.00789	0.00474	0.00452	0.00145	0.00521	0.02310	0.00265	0.00675

[dist]
# distance from previous block
# <min> <max>
0	2

[block]
# block no. 8 follows, 69 sequences, length 28
# corresponding to MSA columns:
# 327-354
name=unknown_I
#
# <colnr> <probs for GDERKNQSTAVLIFYWHMCP>
#	G	D	E	R	K	N	Q	S	T	A	V	L	I	F	Y	W	H	M	C	P
0	0.46661	0.00973	0.03650	0.00799	0.04608	0.09271	0.05392	0.13211	0.04073	0.01675	0.00710	0.00827	0.00554	0.02225	0.00344	0.00123	0.00399	0.00280	0.01933	0.02291
1	0.01675	0.00707	0.00930	0.02340	0.01053	0.00618	0.00600	0.01818	0.02495	0.71580	0.06013	0.01653	0.05374	0.00584	0.00439	0.00139	0.00353	0.00461	0.00496	0.00673
2	0.00852	0.07334	0.70628	0.01102	0.01644	0.00942	0.06099	0.01266	0.00844	0.04698	0.00734	0.00850	0.00523	0.00372	0.00371	0.00122	0.00564	0.00299	0.00181	0.00575
3	0.00570	0.00381	0.00433	0.00433	0.00435	0.00383	0.00244	0.00573	0.00572	0.00764	0.01231	0.02539	0.01414	0.84094	0.04108	0.00386	0.00397	0.00566	0.00237	0.00240
4	0.20344	0.58009	0.05237	0.00680	0.00996	0.07261	0.00657	0.01200	0.00792	0.01122	0.00556	0.00645	0.00486	0.00348	0.00262	0.00095	0.00421	0.00217	0.00186	0.00486
5	0.56281	0.11915	0.05545	0.01925	0.00936	0.03556	0.00569	0.09296	0.03095	0.01644	0.00677	0.00754	0.01696	0.00387	0.00279	0.00116	0.00361	0.00249	0.00247	0.00473
6	0.00960	0.03634	0.18982	0.10416	0.16553	0.13580	0.13231	0.01261	0.04340	0.02451	0.00821	0.01094	0.00666	0.00455	0.01645	0.00131	0.03413	0.03628	0.02214	0.00524
7	0.04092	0.03640	0.65264	0.03511	0.09857	0.00928	0.04879	0.01227	0.00831	0.01252	0.00701	0.00846	0.00511	0.00368	0.00371	0.00123	0.00556	0.00300	0.00173	0.00570
8	0.03921	0.20659	0.12649	0.04697	0.08758	0.02566	0.03067	0.08541	0.03542	0.15521	0.03513	0.01127	0.00802	0.01755	0.00419	0.00120	0.03755	0.02882	0.00272	0.01435
9	0.00677	0.00561	0.00781	0.05487	0.15910	0.02305	0.02219	0.00829	0.05270	0.01108	0.09574	0.17879	0.19067	0.00878	0.00618	0.14195	0.00320	0.01641	0.00293	0.00388
10	0.00558	0.00412	0.00599	0.00603	0.00663	0.00470	0.00456	0.00679	0.00628	0.00897	0.01119	0.05329	0.01101	0.12313	0.71629	0.00581	0.00938	0.00467	0.00220	0.00336
11	0.00722	0.00664	0.01129	0.46399	0.11841	0.00746	0.07340	0.00933	0.00811	0.01071	0.04397	0.15361	0.03265	0.00582	0.00453	0.02666	0.00450	0.00513	0.00226	0.00433
12	0.00791	0.00706	0.03428	0.12864	0.24571	0.01484	0.02150	0.04603	0.00825	0.02726	0.03799	0.07395	0.01077	0.15908	0.12211	0.00241	0.02231	0.02302	0.00238	0.00450
13	0.00749	0.00775	0.12479	0.03453	0.00988	0.01627	0.03026	0.00900	0.00757	0.07242	0.02388	0.32124	0.01396	0.00989	0.07164	0.01892	0.19658	0.00635	0.01340	0.00418
14	0.00802	0.01917	0.74856	0.01178	0.01737	0.00920	0.10673	0.01243	0.00839	0.01243	0.00714	0.00854	0.00508	0.00368	0.00383	0.00125	0.00589	0.00309	0.00169	0.00574
15	0.01168	0.04036	0.04305	0.05748	0.09392	0.06529	0.07650	0.05320	0.06711	0.25974	0.01194	0.06056	0.00973	0.08435	0.00567	0.00149	0.02145	0.02791	0.00321	0.00537
16	0.00783	0.02637	0.13488	0.15738	0.14438	0.03076	0.03396	0.01011	0.01623	0.04361	0.07082	0.06729	0.12657	0.00725	0.05614	0.00160	0.04441	0.01319	0.00252	0.00469
17	0.01706	0.00751	0.00962	0.00737	0.01043	0.00701	0.00609	0.17639	0.01263	0.68121	0.01428	0.01258	0.00911	0.00482	0.00394	0.00121	0.00353	0.00386	0.00467	0.00667
18	0.00901	0.00871	0.01512	0.26276	0.55796	0.00917	0.05725	0.01148	0.00863	0.01199	0.00729	0.00997	0.00591	0.00361	0.00393	0.00121	0.00493	0.00355	0.00189	0.00562
19	0.01029	0.04427	0.01305	0.16167	0.31845	0.02452	0.04216	0.09430	0.01863	0.10096	0.02580	0.05248	0.00813	0.01792	0.00471	0.02187	0.02880	0.00400	0.00256	0.00544
20	0.00961	0.00915	0.05166	0.16377	0.31109	0.04708	0.07832	0.04970	0.00909	0.07088	0.00925	0.09304	0.00812	0.01460	0.00477	0.00131	0.05658	0.00432	0.00236	0.00531
21	0.00924	0.00875	0.01474	0.23760	0.60794	0.00923	0.01162	0.03174	0.00888	0.01238	0.00732	0.00989	0.00597	0.00363	0.00389	0.00120	0.00480	0.00349	0.00194	0.00574
22	0.00814	0.00767	0.01190	0.36883	0.30916	0.04310	0.00979	0.01017	0.00835	0.01102	0.03218	0.07556	0.03894	0.00516	0.00451	0.03975	0.00459	0.00430	0.00211	0.00476
23	0.88991	0.00758	0.00576	0.00516	0.00758	0.00879	0.00425	0.01152	0.00667	0.01759	0.00546	0.00637	0.00425	0.00364	0.00243	0.00121	0.00303	0.00212	0.00243	0.00425
24	0.00531	0.00385	0.00509	0.00571	0.00633	0.00364	0.00430	0.00651	0.00865	0.01150	0.16393	0.42912	0.09676	0.01096	0.00501	0.00156	0.00253	0.22210	0.00375	0.00340
25	0.00671	0.00344	0.00503	0.00503	0.00503	0.00344	0.00331	0.00516	0.00516	0.00688	0.00733	0.01320	0.00751	0.09303	0.01576	0.80339	0.00344	0.00362	0.00177	0.00177
26	0.13657	0.00916	0.01142	0.07684	0.07656	0.02724	0.08347	0.33596	0.01264	0.11225	0.02263	0.01144	0.04663	0.01502	0.00401	0.00125	0.00424	0.00376	0.00324	0.00568
27	0.00691	0.03652	0.01097	0.00951	0.05700	0.00628	0.21545	0.02263	0.04440	0.01180	0.08110	0.34523	0.06793	0.00894	0.03998	0.00161	0.00398	0.02249	0.00306	0.00422

[dist]
# distance from previous block
# <min> <max>
0	5

[block]
# block no. 9 follows, 69 sequences, length 11
# corresponding to MSA columns:
# 360-370
name=unknown_J
#
# <colnr> <probs for GDERKNQSTAVLIFYWHMCP>
#	G	D	E	R	K	N	Q	S	T	A	V	L	I	F	Y	W	H	M	C	P
0	0.03638	0.02994	0.03335	0.08833	0.42628	0.10435	0.02128	0.04976	0.00937	0.02661	0.03495	0.04820	0.03420	0.00453	0.00420	0.00120	0.03545	0.00392	0.00227	0.00541
1	0.04802	0.00419	0.00494	0.00524	0.00582	0.00416	0.00368	0.00698	0.04129	0.01053	0.07370	0.26845	0.09507	0.28591	0.00967	0.00226	0.00297	0.12068	0.00323	0.00320
2	0.00722	0.01175	0.35409	0.00888	0.01213	0.00713	0.06913	0.01132	0.11702	0.01316	0.16661	0.13835	0.03709	0.00626	0.00424	0.00132	0.00411	0.02242	0.00287	0.00493
3	0.01081	0.00895	0.00946	0.00819	0.01060	0.01024	0.00646	0.18557	0.66423	0.01810	0.01462	0.01356	0.01088	0.00519	0.00398	0.00130	0.00335	0.00425	0.00398	0.00630
4	0.00813	0.00697	0.00813	0.00581	0.00929	0.00523	0.00465	0.00987	0.00813	0.01277	0.00697	0.00813	0.00581	0.00290	0.00290	0.00058	0.00290	0.00232	0.00232	0.88619
5	0.61852	0.00749	0.00729	0.13534	0.01101	0.00852	0.00556	0.03923	0.00780	0.11776	0.00705	0.00795	0.00515	0.00387	0.00289	0.00123	0.00345	0.00260	0.00267	0.00464
6	0.00981	0.08667	0.51692	0.01075	0.01551	0.05347	0.09734	0.03553	0.02906	0.09679	0.00809	0.00899	0.00578	0.00385	0.00374	0.00120	0.00546	0.00315	0.00215	0.00574
7	0.00563	0.00407	0.00564	0.00564	0.00611	0.00454	0.00408	0.00658	0.00611	0.00861	0.01110	0.01874	0.01125	0.30030	0.57777	0.00549	0.00832	0.00469	0.00219	0.00313
8	0.00970	0.00931	0.01591	0.02406	0.83777	0.00931	0.01203	0.01203	0.00893	0.01281	0.00737	0.00970	0.00621	0.00349	0.00388	0.00116	0.00466	0.00349	0.00194	0.00621
9	0.00973	0.00921	0.01415	0.24875	0.47345	0.06649	0.03525	0.01232	0.03507	0.04657	0.00780	0.01006	0.00618	0.00376	0.00390	0.00120	0.00493	0.00351	0.00208	0.00558
10	0.00816	0.02243	0.04584	0.29685	0.11278	0.02979	0.08528	0.04125	0.03348	0.03248	0.07529	0.03337	0.08402	0.02397	0.00453	0.00135	0.00446	0.05742	0.00256	0.00468

[dist]
# distance from previous block
# <min> <max>
0	11

# created by:
# /st0/software/busco_prod/Augustus/scripts/msa2prfl.pl ./align_prep/25948.fa
