[name]
unknown

[dist]
# distance from previous block
# <min> <max>
6	52

[block]
# block no. 0 follows, 64 sequences, length 20
# corresponding to MSA columns:
# 53-72
name=unknown_A
#
# <colnr> <probs for GDERKNQSTAVLIFYWHMCP>
#	G	D	E	R	K	N	Q	S	T	A	V	L	I	F	Y	W	H	M	C	P
0	0.23828	0.09822	0.04236	0.05226	0.10541	0.06202	0.00734	0.10938	0.08007	0.05648	0.06979	0.01151	0.02111	0.00528	0.02285	0.00136	0.00430	0.00357	0.00295	0.00545
1	0.00864	0.07048	0.68716	0.01129	0.01674	0.00998	0.03364	0.03267	0.00887	0.01298	0.00764	0.00956	0.00578	0.04196	0.00489	0.00142	0.02532	0.00323	0.00186	0.00590
2	0.00576	0.00394	0.00507	0.00557	0.00620	0.00360	0.00388	0.00676	0.00893	0.04663	0.15815	0.58411	0.12262	0.01163	0.00514	0.00157	0.00235	0.01041	0.00403	0.00364
3	0.01114	0.06366	0.01032	0.00851	0.04095	0.11564	0.02639	0.21269	0.03789	0.04896	0.06078	0.05711	0.05261	0.01835	0.07194	0.00170	0.03388	0.00457	0.11770	0.00520
4	0.00507	0.00369	0.00478	0.00560	0.00599	0.00340	0.00378	0.00586	0.00821	0.01083	0.04661	0.74443	0.11120	0.01263	0.00525	0.00165	0.00237	0.01137	0.00388	0.00340
5	0.02457	0.13398	0.11064	0.05709	0.05387	0.05680	0.05928	0.16848	0.04174	0.16310	0.00966	0.01029	0.00707	0.00480	0.01628	0.00129	0.02671	0.00349	0.00304	0.04782
6	0.01172	0.01246	0.01184	0.08393	0.19599	0.32026	0.00865	0.01419	0.08215	0.04712	0.01177	0.01311	0.08796	0.02127	0.00500	0.00131	0.05947	0.00397	0.00257	0.00526
7	0.00632	0.00460	0.00581	0.00548	0.00654	0.00435	0.00410	0.05291	0.01174	0.01639	0.67034	0.10655	0.07144	0.00881	0.00490	0.00134	0.00215	0.00776	0.00445	0.00403
8	0.00506	0.00361	0.00482	0.00578	0.00602	0.00337	0.00386	0.00578	0.00795	0.01060	0.02289	0.85131	0.02747	0.01301	0.00530	0.00169	0.00241	0.01181	0.00386	0.00337
9	0.00883	0.00903	0.01678	0.39517	0.07489	0.00996	0.28587	0.01160	0.00870	0.01175	0.00756	0.01078	0.00588	0.00420	0.00538	0.00140	0.09473	0.00406	0.00196	0.03147
10	0.02512	0.00515	0.00551	0.00500	0.00649	0.00521	0.00388	0.07116	0.05618	0.09419	0.05414	0.01663	0.04815	0.00534	0.00337	0.00109	0.00239	0.00430	0.58213	0.00457
11	0.88336	0.00803	0.00611	0.00546	0.00803	0.00932	0.00450	0.01221	0.00707	0.01864	0.00578	0.00675	0.00450	0.00386	0.00257	0.00129	0.00321	0.00225	0.00257	0.00450
12	0.00980	0.01120	0.02451	0.01751	0.02171	0.01050	0.81303	0.01331	0.00980	0.01331	0.00840	0.01120	0.00630	0.00350	0.00490	0.00140	0.00700	0.00490	0.00210	0.00560
13	0.01607	0.00901	0.01058	0.00835	0.01144	0.00927	0.00682	0.29801	0.16760	0.39582	0.01424	0.01294	0.00961	0.00518	0.00418	0.00130	0.00385	0.00412	0.00462	0.00697
14	0.00604	0.00403	0.00453	0.00453	0.00453	0.00403	0.00252	0.00604	0.00604	0.00805	0.01309	0.02718	0.01510	0.85402	0.02114	0.00403	0.00403	0.00604	0.00252	0.00252
15	0.00784	0.00738	0.01246	0.84404	0.02861	0.00923	0.01154	0.01061	0.00831	0.01061	0.00738	0.01107	0.00554	0.00415	0.00415	0.00138	0.00554	0.00369	0.00185	0.00461
16	0.00722	0.00361	0.00541	0.00541	0.00541	0.00361	0.00361	0.00541	0.00541	0.00722	0.00722	0.01263	0.00722	0.01443	0.01623	0.87915	0.00361	0.00361	0.00180	0.00180
17	0.00788	0.00730	0.01059	0.06893	0.26970	0.03516	0.04713	0.01028	0.04455	0.01353	0.21009	0.03873	0.20573	0.00673	0.00454	0.00132	0.00368	0.00601	0.00319	0.00493
18	0.00904	0.00876	0.00933	0.01010	0.12841	0.18399	0.04079	0.03174	0.00867	0.01058	0.01197	0.11387	0.03639	0.19624	0.11897	0.06360	0.00571	0.00525	0.00251	0.00410
19	0.00918	0.13671	0.02688	0.00826	0.03047	0.18234	0.03115	0.01056	0.00961	0.01146	0.12174	0.02006	0.24275	0.00689	0.00562	0.00130	0.13254	0.00521	0.00283	0.00446

[dist]
# distance from previous block
# <min> <max>
0	4

[block]
# block no. 1 follows, 64 sequences, length 8
# corresponding to MSA columns:
# 77-84
name=unknown_B
#
# <colnr> <probs for GDERKNQSTAVLIFYWHMCP>
#	G	D	E	R	K	N	Q	S	T	A	V	L	I	F	Y	W	H	M	C	P
0	0.08762	0.12198	0.05643	0.01016	0.08101	0.23442	0.00777	0.08156	0.14744	0.01390	0.01009	0.09079	0.00890	0.00529	0.00405	0.00124	0.02515	0.00402	0.00278	0.00542
1	0.21740	0.11235	0.08571	0.05523	0.05900	0.22753	0.09144	0.05886	0.00978	0.01382	0.00679	0.00825	0.00542	0.00407	0.00382	0.00121	0.02892	0.00299	0.00225	0.00521
2	0.00691	0.00800	0.13526	0.04104	0.01048	0.00644	0.06436	0.00919	0.03234	0.01261	0.22285	0.06669	0.11392	0.04755	0.09917	0.03703	0.07291	0.00592	0.00303	0.00429
3	0.00660	0.00398	0.00582	0.00582	0.00611	0.00427	0.00412	0.00626	0.00597	0.00824	0.00932	0.01551	0.00923	0.10398	0.33698	0.45240	0.00658	0.00418	0.00204	0.00262
4	0.01295	0.00898	0.01014	0.00825	0.01081	0.00970	0.00666	0.46026	0.07278	0.10256	0.07336	0.05554	0.03833	0.00886	0.09920	0.00191	0.00474	0.00477	0.00405	0.00612
5	0.01052	0.00777	0.00807	0.00697	0.00885	0.04079	0.00534	0.21515	0.17951	0.06012	0.03238	0.01865	0.09516	0.15835	0.03012	0.00191	0.00383	0.00496	0.10637	0.00516
6	0.10224	0.00917	0.00975	0.00818	0.01085	0.01019	0.00655	0.24247	0.38904	0.10292	0.05442	0.01369	0.01135	0.00536	0.00407	0.00133	0.00360	0.00426	0.00415	0.00642
7	0.00670	0.00490	0.00618	0.00655	0.00753	0.00493	0.00508	0.00938	0.11490	0.03250	0.09016	0.27870	0.09213	0.03963	0.03634	0.00192	0.00330	0.25123	0.00388	0.00406

[dist]
# distance from previous block
# <min> <max>
0	7

[block]
# block no. 2 follows, 64 sequences, length 11
# corresponding to MSA columns:
# 92-102
name=unknown_C
#
# <colnr> <probs for GDERKNQSTAVLIFYWHMCP>
#	G	D	E	R	K	N	Q	S	T	A	V	L	I	F	Y	W	H	M	C	P
0	0.05877	0.04622	0.09468	0.09306	0.15791	0.13177	0.10123	0.08294	0.04667	0.05050	0.00838	0.01001	0.00649	0.00438	0.00464	0.00129	0.06476	0.00356	0.02708	0.00566
1	0.11995	0.12725	0.05376	0.00745	0.00925	0.12826	0.00625	0.03149	0.00807	0.01133	0.00877	0.01288	0.00818	0.11476	0.29383	0.00341	0.04490	0.00366	0.00224	0.00431
2	0.03283	0.02966	0.05003	0.33025	0.08129	0.00963	0.09127	0.12439	0.01023	0.05090	0.04307	0.01216	0.00799	0.03923	0.00536	0.00145	0.05152	0.00400	0.01946	0.00527
3	0.03688	0.00429	0.00468	0.00468	0.00585	0.00382	0.00344	0.00663	0.00967	0.01265	0.23058	0.12100	0.49090	0.03981	0.00544	0.00150	0.00221	0.00844	0.00394	0.00360
4	0.00544	0.00415	0.00494	0.00490	0.00590	0.00371	0.00358	0.00685	0.01025	0.01365	0.41819	0.13103	0.31641	0.04550	0.00564	0.00150	0.00215	0.00840	0.00415	0.00365
5	0.00600	0.00455	0.00575	0.02473	0.02982	0.00442	0.00427	0.00779	0.05572	0.01258	0.25312	0.25882	0.13448	0.13832	0.00744	0.00187	0.00273	0.04007	0.00378	0.00374
6	0.00519	0.00371	0.00496	0.00582	0.00615	0.00348	0.00398	0.00607	0.00832	0.01116	0.08584	0.75245	0.02824	0.01259	0.00529	0.00167	0.00244	0.04529	0.00391	0.00344
7	0.00990	0.00971	0.01435	0.35759	0.37825	0.07683	0.01156	0.04482	0.00949	0.01250	0.00754	0.01033	0.00604	0.00409	0.00438	0.00130	0.03006	0.00361	0.00206	0.00559
8	0.00969	0.01168	0.06852	0.01692	0.02106	0.01055	0.73616	0.01316	0.00961	0.01316	0.00823	0.01098	0.00621	0.00368	0.00521	0.00141	0.04135	0.00475	0.00207	0.00559
9	0.03002	0.24063	0.12487	0.00913	0.06400	0.04279	0.02340	0.02884	0.10560	0.02404	0.03259	0.04780	0.02019	0.01448	0.00383	0.00114	0.00426	0.02666	0.00259	0.15314
10	0.01093	0.30733	0.24115	0.01035	0.04239	0.05179	0.08449	0.08911	0.01013	0.04657	0.02562	0.00907	0.00660	0.00398	0.00360	0.00112	0.00517	0.00313	0.00228	0.04520

[dist]
# distance from previous block
# <min> <max>
1	22

[block]
# block no. 3 follows, 64 sequences, length 9
# corresponding to MSA columns:
# 125-133
name=unknown_D
#
# <colnr> <probs for GDERKNQSTAVLIFYWHMCP>
#	G	D	E	R	K	N	Q	S	T	A	V	L	I	F	Y	W	H	M	C	P
0	0.02591	0.07736	0.01041	0.00878	0.06561	0.04951	0.06307	0.04087	0.04867	0.05594	0.06716	0.04220	0.06972	0.11758	0.07219	0.00207	0.09004	0.00489	0.08339	0.00462
1	0.00555	0.00442	0.00503	0.00521	0.00626	0.00409	0.00377	0.00752	0.07625	0.01237	0.15358	0.28991	0.38976	0.01059	0.00497	0.00148	0.00228	0.00919	0.00400	0.00378
2	0.00822	0.01383	0.37582	0.01046	0.01362	0.03729	0.04765	0.01109	0.00810	0.01164	0.00929	0.03506	0.00847	0.04907	0.09639	0.00218	0.18516	0.06952	0.00211	0.00504
3	0.00620	0.00442	0.00627	0.00620	0.00675	0.00500	0.00461	0.00716	0.00667	0.00955	0.03650	0.01811	0.01170	0.16916	0.55747	0.07773	0.03282	0.00471	0.02558	0.00338
4	0.05996	0.04615	0.03488	0.05580	0.01252	0.00953	0.03147	0.26167	0.04839	0.28353	0.02700	0.01278	0.00904	0.00602	0.03287	0.00149	0.03374	0.02301	0.00388	0.00629
5	0.03165	0.03056	0.07755	0.00818	0.01056	0.00884	0.03055	0.22830	0.11534	0.06320	0.07680	0.06830	0.02895	0.00761	0.04378	0.04736	0.04760	0.00475	0.06469	0.00543
6	0.00650	0.00526	0.03444	0.00574	0.00711	0.00458	0.00453	0.03474	0.02610	0.03679	0.20386	0.19840	0.24413	0.01138	0.08067	0.00188	0.00331	0.02487	0.03001	0.03572
7	0.20597	0.09151	0.00993	0.00803	0.04722	0.05846	0.00620	0.10599	0.05704	0.03379	0.01063	0.06663	0.00989	0.04598	0.00486	0.00139	0.03198	0.08845	0.00296	0.11310
8	0.07708	0.17287	0.05896	0.03179	0.12436	0.04974	0.02746	0.14555	0.07989	0.08201	0.00959	0.04503	0.00776	0.00463	0.00387	0.00119	0.01695	0.00365	0.00290	0.05470

[dist]
# distance from previous block
# <min> <max>
0	45

[block]
# block no. 4 follows, 64 sequences, length 15
# corresponding to MSA columns:
# 180-194
name=unknown_E
#
# <colnr> <probs for GDERKNQSTAVLIFYWHMCP>
#	G	D	E	R	K	N	Q	S	T	A	V	L	I	F	Y	W	H	M	C	P
0	0.03169	0.05472	0.09027	0.00903	0.04126	0.06006	0.06134	0.14023	0.03417	0.01457	0.03703	0.16242	0.02504	0.03477	0.02616	0.00153	0.02668	0.03634	0.04640	0.06628
1	0.04351	0.15218	0.09521	0.07016	0.13947	0.06770	0.02307	0.08058	0.02261	0.03792	0.03167	0.07444	0.00952	0.00576	0.02114	0.00135	0.02542	0.04119	0.00260	0.05450
2	0.02593	0.22578	0.11705	0.00940	0.03937	0.02514	0.05659	0.11768	0.06271	0.17318	0.05409	0.01122	0.00893	0.00460	0.00403	0.00119	0.02679	0.00361	0.00311	0.02959
3	0.00795	0.02758	0.00725	0.00670	0.00816	0.00655	0.00502	0.01309	0.31714	0.05325	0.11639	0.30131	0.09515	0.00883	0.00469	0.00147	0.00277	0.00771	0.00409	0.00489
4	0.05038	0.02184	0.14700	0.12439	0.06837	0.00797	0.02132	0.08125	0.03800	0.06287	0.04726	0.21286	0.01310	0.01929	0.01688	0.00152	0.03950	0.00572	0.00299	0.01746
5	0.06094	0.13293	0.12179	0.04173	0.09205	0.05252	0.07526	0.13645	0.08078	0.08168	0.00953	0.02201	0.00733	0.00450	0.00406	0.00124	0.02543	0.00362	0.04025	0.00588
6	0.00670	0.00505	0.00648	0.00619	0.00637	0.00577	0.00437	0.00703	0.00682	0.00955	0.05440	0.12313	0.05002	0.36060	0.02928	0.09197	0.18587	0.00608	0.03116	0.00317
7	0.00521	0.00396	0.00469	0.00503	0.00579	0.00356	0.00351	0.00619	0.00897	0.01160	0.15595	0.36365	0.32144	0.07326	0.00626	0.00169	0.00235	0.00959	0.00387	0.00345
8	0.01000	0.01053	0.08128	0.10138	0.20317	0.08749	0.04558	0.06378	0.05292	0.03354	0.02254	0.02674	0.03976	0.01991	0.02272	0.00155	0.10950	0.05961	0.00258	0.00540
9	0.01105	0.42706	0.01720	0.14260	0.05980	0.09209	0.02833	0.08951	0.00981	0.01187	0.00740	0.04433	0.00658	0.00439	0.00376	0.00112	0.03240	0.00325	0.00217	0.00530
10	0.00593	0.00445	0.00668	0.00668	0.00742	0.00519	0.00519	0.00742	0.00668	0.00964	0.01113	0.01632	0.01038	0.03115	0.83756	0.00668	0.01113	0.00445	0.00223	0.00371
11	0.00588	0.00396	0.00458	0.00474	0.00478	0.00392	0.00274	0.00600	0.00636	0.00848	0.01473	0.16494	0.01717	0.71345	0.01849	0.00364	0.00376	0.00700	0.00274	0.00266
12	0.01154	0.01246	0.02654	0.37954	0.01987	0.31378	0.03466	0.05046	0.03441	0.04340	0.02948	0.01045	0.00684	0.00441	0.00405	0.00126	0.00603	0.00350	0.00234	0.00499
13	0.00589	0.00431	0.00549	0.00618	0.00674	0.00422	0.00436	0.04139	0.04660	0.01175	0.02250	0.69062	0.04691	0.01214	0.00523	0.00167	0.00265	0.07375	0.00388	0.00372
14	0.04722	0.27388	0.22397	0.00992	0.02651	0.06768	0.06133	0.12383	0.01015	0.01365	0.00724	0.00879	0.00588	0.02627	0.00458	0.00124	0.05541	0.00307	0.00222	0.02713

[dist]
# distance from previous block
# <min> <max>
0	4

[block]
# block no. 5 follows, 64 sequences, length 7
# corresponding to MSA columns:
# 199-205
name=unknown_F
#
# <colnr> <probs for GDERKNQSTAVLIFYWHMCP>
#	G	D	E	R	K	N	Q	S	T	A	V	L	I	F	Y	W	H	M	C	P
0	0.00610	0.00469	0.00565	0.00544	0.00658	0.00449	0.00406	0.00884	0.09960	0.01512	0.51057	0.11067	0.18451	0.00900	0.00487	0.00137	0.00218	0.00786	0.00433	0.00408
1	0.01209	0.14926	0.01494	0.06188	0.19176	0.09789	0.05026	0.24468	0.01228	0.01596	0.00842	0.03660	0.00696	0.00438	0.00385	0.00115	0.00493	0.00359	0.00271	0.07644
2	0.00612	0.00460	0.00567	0.03596	0.00736	0.02701	0.00446	0.00745	0.03112	0.03220	0.11397	0.56462	0.06276	0.03095	0.00549	0.00165	0.00276	0.04832	0.00383	0.00371
3	0.05994	0.05082	0.22127	0.02449	0.06782	0.06137	0.05600	0.06280	0.06682	0.06741	0.06102	0.08275	0.01039	0.00538	0.00460	0.00131	0.05167	0.00438	0.00280	0.03696
4	0.01127	0.14764	0.21831	0.04198	0.11986	0.08675	0.04705	0.05334	0.10563	0.08582	0.00914	0.01005	0.00692	0.00434	0.00420	0.00124	0.03447	0.00343	0.00256	0.00599
5	0.00522	0.00373	0.00499	0.00585	0.00619	0.00350	0.00403	0.00611	0.00834	0.01118	0.08511	0.73935	0.02817	0.01257	0.00530	0.00167	0.00246	0.05886	0.00391	0.00344
6	0.00656	0.00519	0.00734	0.00713	0.00765	0.00626	0.00555	0.00777	0.00686	0.00996	0.01175	0.07755	0.01185	0.10344	0.47873	0.00474	0.16160	0.04450	0.03184	0.00373

[dist]
# distance from previous block
# <min> <max>
0	1

[block]
# block no. 6 follows, 64 sequences, length 8
# corresponding to MSA columns:
# 207-214
name=unknown_G
#
# <colnr> <probs for GDERKNQSTAVLIFYWHMCP>
#	G	D	E	R	K	N	Q	S	T	A	V	L	I	F	Y	W	H	M	C	P
0	0.05060	0.06599	0.10442	0.13033	0.13830	0.07786	0.04545	0.07229	0.12310	0.09945	0.01003	0.03081	0.00775	0.00463	0.00418	0.00129	0.02102	0.00382	0.00282	0.00586
1	0.00990	0.13450	0.25422	0.01143	0.03146	0.04531	0.14843	0.06367	0.00941	0.03194	0.02957	0.02996	0.00740	0.00601	0.04427	0.00158	0.12943	0.00380	0.00223	0.00549
2	0.00711	0.00364	0.00534	0.00534	0.00534	0.00364	0.00351	0.00546	0.00546	0.00729	0.00772	0.01387	0.00789	0.08599	0.01665	0.80456	0.00364	0.00381	0.00186	0.00186
3	0.08575	0.00825	0.01033	0.02583	0.11487	0.03017	0.05071	0.19815	0.03196	0.13001	0.01580	0.13866	0.10219	0.00645	0.00427	0.00134	0.00388	0.00549	0.03035	0.00554
4	0.01009	0.02357	0.11228	0.01139	0.15408	0.00788	0.05435	0.06168	0.04176	0.12034	0.04809	0.09270	0.06599	0.00579	0.00464	0.00127	0.04185	0.01689	0.00310	0.12228
5	0.00995	0.04692	0.01220	0.19179	0.10922	0.08847	0.07931	0.06844	0.04300	0.06511	0.12652	0.05775	0.04784	0.00576	0.00436	0.00132	0.00459	0.02927	0.00301	0.00515
6	0.03863	0.56336	0.07915	0.00879	0.04794	0.03864	0.00806	0.03624	0.00866	0.01103	0.00658	0.03099	0.00604	0.00433	0.00417	0.00109	0.09620	0.00283	0.00196	0.00532
7	0.03059	0.03836	0.05113	0.11998	0.13486	0.03096	0.04281	0.12931	0.08055	0.11907	0.02665	0.04419	0.00871	0.00482	0.00432	0.00125	0.02987	0.00403	0.00306	0.09547

[dist]
# distance from previous block
# <min> <max>
2	15

[block]
# block no. 7 follows, 64 sequences, length 50
# corresponding to MSA columns:
# 231-280
name=unknown_H
#
# <colnr> <probs for GDERKNQSTAVLIFYWHMCP>
#	G	D	E	R	K	N	Q	S	T	A	V	L	I	F	Y	W	H	M	C	P
0	0.05730	0.10180	0.02190	0.04267	0.24605	0.00874	0.03691	0.04314	0.02275	0.07813	0.04099	0.11300	0.07857	0.01737	0.01621	0.00141	0.03586	0.00506	0.00287	0.02927
1	0.03880	0.05987	0.03446	0.07412	0.09418	0.08269	0.04933	0.14071	0.06831	0.05706	0.03553	0.15325	0.01150	0.00659	0.02307	0.00143	0.01972	0.00509	0.01538	0.02890
2	0.00750	0.00594	0.00735	0.04864	0.00849	0.00601	0.00480	0.02036	0.03157	0.02184	0.01179	0.05922	0.03459	0.33947	0.05236	0.00254	0.09829	0.00491	0.00259	0.23174
3	0.06234	0.00963	0.01252	0.09799	0.07860	0.08471	0.12103	0.08572	0.10188	0.07908	0.01043	0.04512	0.00861	0.02296	0.00506	0.00136	0.05555	0.02692	0.00291	0.08759
4	0.83935	0.00822	0.00643	0.00567	0.00828	0.00950	0.00467	0.05290	0.00770	0.01902	0.00600	0.00691	0.00463	0.00391	0.00265	0.00128	0.00328	0.00232	0.00265	0.00463
5	0.00579	0.00480	0.00495	0.00482	0.00608	0.03512	0.00363	0.00719	0.01024	0.01314	0.28698	0.03480	0.49089	0.00937	0.00477	0.00135	0.00228	0.02176	0.04832	0.00371
6	0.00784	0.00720	0.01202	0.80142	0.02740	0.00896	0.01110	0.01057	0.00833	0.01086	0.00770	0.01130	0.00580	0.00419	0.00409	0.00136	0.00535	0.00370	0.04625	0.00458
7	0.00551	0.00443	0.00499	0.00511	0.00638	0.00397	0.00401	0.00711	0.03008	0.01236	0.14869	0.05223	0.53475	0.01032	0.00505	0.00149	0.00243	0.15342	0.00396	0.00370
8	0.00509	0.00365	0.00484	0.00579	0.00606	0.00340	0.00389	0.00584	0.00801	0.01065	0.02319	0.82373	0.04047	0.01295	0.00530	0.00169	0.00243	0.02580	0.00386	0.00338
9	0.10615	0.00865	0.01194	0.39123	0.03163	0.03288	0.04366	0.12245	0.01028	0.13332	0.00877	0.01066	0.00636	0.00455	0.00462	0.00136	0.05973	0.00363	0.00274	0.00537
10	0.00980	0.01120	0.02451	0.01751	0.02171	0.01050	0.81303	0.01331	0.00980	0.01331	0.00840	0.01120	0.00630	0.00350	0.00490	0.00140	0.00700	0.00490	0.00210	0.00560
11	0.02338	0.59244	0.23945	0.00847	0.01266	0.04076	0.00932	0.01276	0.00861	0.01083	0.00625	0.00726	0.00530	0.00369	0.00304	0.00102	0.00498	0.00246	0.00179	0.00552
12	0.00884	0.00738	0.00864	0.00618	0.00986	0.00555	0.00495	0.01068	0.00869	0.03210	0.00759	0.00874	0.00625	0.00312	0.00310	0.00063	0.00309	0.00250	0.00252	0.85960
13	0.00722	0.00361	0.00541	0.00541	0.00541	0.00361	0.00361	0.00541	0.00541	0.00722	0.00722	0.01263	0.00722	0.01443	0.01623	0.87915	0.00361	0.00361	0.00180	0.00180
14	0.00833	0.02149	0.83250	0.01184	0.01798	0.00965	0.01535	0.01315	0.00877	0.01315	0.00745	0.00877	0.00526	0.00395	0.00395	0.00132	0.00614	0.00307	0.00175	0.00614
15	0.01094	0.01024	0.00925	0.00838	0.01056	0.14771	0.00646	0.01994	0.60583	0.01599	0.01483	0.01416	0.01126	0.00533	0.00402	0.00131	0.00386	0.00428	0.08967	0.00602
16	0.00521	0.00375	0.00495	0.00579	0.00612	0.00353	0.00391	0.00621	0.02195	0.01117	0.08263	0.77608	0.02810	0.01255	0.00525	0.00165	0.00239	0.01137	0.00392	0.00347
17	0.00582	0.00413	0.00469	0.00462	0.00572	0.00372	0.00344	0.00736	0.01011	0.01405	0.33402	0.07816	0.32858	0.00883	0.00455	0.00130	0.00203	0.00755	0.16760	0.00372
18	0.01515	0.01110	0.01192	0.00924	0.01238	0.01225	0.00759	0.75946	0.01877	0.02528	0.01055	0.04021	0.00791	0.00527	0.00416	0.00125	0.00441	0.00403	0.03226	0.00683
19	0.00603	0.00407	0.00476	0.00476	0.00484	0.00415	0.00281	0.00619	0.00611	0.00823	0.01288	0.02601	0.01459	0.76495	0.10952	0.00431	0.00480	0.00587	0.00249	0.00265
20	0.00491	0.00421	0.00421	0.00421	0.00561	0.00351	0.00316	0.00596	0.00947	0.01122	0.04208	0.03997	0.82643	0.01052	0.00491	0.00140	0.00210	0.00877	0.00386	0.00351
21	0.00760	0.00389	0.00389	0.00389	0.00488	0.00385	0.00292	0.00949	0.00875	0.01527	0.01501	0.01674	0.05251	0.00513	0.00301	0.00099	0.00194	0.00412	0.83227	0.00385
22	0.01579	0.01163	0.01247	0.00956	0.01288	0.01288	0.00789	0.81426	0.01953	0.02618	0.00997	0.00997	0.00706	0.00499	0.00416	0.00125	0.00457	0.00374	0.00416	0.00706
23	0.01524	0.01136	0.01216	0.00945	0.01267	0.01263	0.00776	0.73511	0.09957	0.02530	0.01067	0.01052	0.00763	0.00505	0.00416	0.00126	0.00444	0.00384	0.00416	0.00702
24	0.01552	0.01980	0.01177	0.01070	0.01284	0.83735	0.00803	0.01659	0.01177	0.01017	0.00642	0.00749	0.00535	0.00428	0.00375	0.00107	0.00749	0.00268	0.00214	0.00482
25	0.01552	0.01980	0.01177	0.01070	0.01284	0.83735	0.00803	0.01659	0.01177	0.01017	0.00642	0.00749	0.00535	0.00428	0.00375	0.00107	0.00749	0.00268	0.00214	0.00482
26	0.01552	0.01957	0.01179	0.01067	0.01284	0.81478	0.00802	0.03842	0.01198	0.01060	0.00652	0.00756	0.00540	0.00430	0.00376	0.00107	0.00741	0.00270	0.00220	0.00488
27	0.00524	0.00422	0.00467	0.00455	0.00581	0.00365	0.00342	0.00660	0.01025	0.01307	0.30908	0.03693	0.55827	0.00983	0.00491	0.00137	0.00205	0.00834	0.00410	0.00365
28	0.04689	0.01029	0.01439	0.01777	0.44855	0.01073	0.01023	0.30862	0.01316	0.04943	0.00885	0.01014	0.00681	0.00422	0.00405	0.00123	0.00464	0.00365	0.00298	0.02336
29	0.00784	0.00738	0.01246	0.84404	0.02861	0.00923	0.01154	0.01061	0.00831	0.01061	0.00738	0.01107	0.00554	0.00415	0.00415	0.00138	0.00554	0.00369	0.00185	0.00461
30	0.00491	0.00421	0.00421	0.00421	0.00561	0.00351	0.00316	0.00596	0.00947	0.01122	0.04208	0.03997	0.82643	0.01052	0.00491	0.00140	0.00210	0.00877	0.00386	0.00351
31	0.01319	0.01035	0.01100	0.00903	0.01189	0.01167	0.00727	0.43754	0.40048	0.02199	0.01327	0.01260	0.00973	0.00529	0.00419	0.00132	0.00396	0.00419	0.00419	0.00683
32	0.01012	0.01005	0.01817	0.04740	0.65439	0.00997	0.16243	0.01279	0.00949	0.01344	0.00791	0.01048	0.00650	0.00368	0.00426	0.00127	0.00534	0.00393	0.00206	0.00634
33	0.00656	0.00469	0.00655	0.00750	0.00840	0.00467	0.00647	0.00838	0.00943	0.01229	0.02206	0.11040	0.02419	0.01160	0.00570	0.00189	0.00371	0.73788	0.00383	0.00379
34	0.00743	0.00392	0.00405	0.00402	0.00501	0.00386	0.00301	0.00932	0.00904	0.01539	0.09220	0.01815	0.05294	0.00546	0.00319	0.00102	0.00195	0.00446	0.75173	0.00386
35	0.02846	0.19464	0.18252	0.01042	0.01291	0.05849	0.04734	0.03695	0.00819	0.01145	0.00627	0.00849	0.00545	0.00531	0.00781	0.00142	0.36359	0.00320	0.00192	0.00518
36	0.04124	0.01220	0.04227	0.01054	0.09139	0.21990	0.00787	0.23432	0.01333	0.21227	0.03449	0.02447	0.02700	0.00499	0.00405	0.00123	0.00495	0.00385	0.00354	0.00611
37	0.00511	0.00370	0.00485	0.00573	0.00607	0.00343	0.00389	0.00591	0.00817	0.01081	0.04006	0.76173	0.07781	0.01272	0.00528	0.00167	0.00242	0.03335	0.00387	0.00341
38	0.00900	0.00497	0.00521	0.00482	0.00616	0.00512	0.00371	0.06754	0.07332	0.05523	0.02509	0.01525	0.01094	0.00498	0.00318	0.00104	0.00230	0.00399	0.69368	0.00446
39	0.02206	0.00986	0.12557	0.04193	0.01151	0.03270	0.01704	0.14333	0.19996	0.05724	0.03055	0.08619	0.17757	0.00678	0.00453	0.00138	0.01718	0.00559	0.00357	0.00549
40	0.01073	0.01555	0.26845	0.02997	0.02667	0.23684	0.04520	0.01370	0.05390	0.03521	0.00846	0.05203	0.00715	0.00561	0.01795	0.00145	0.15985	0.00375	0.00224	0.00531
41	0.00664	0.00434	0.00559	0.00548	0.00592	0.00457	0.00370	0.00728	0.00658	0.05040	0.01252	0.02244	0.01309	0.50227	0.32655	0.00488	0.00667	0.00535	0.00254	0.00319
42	0.88336	0.00803	0.00611	0.00546	0.00803	0.00932	0.00450	0.01221	0.00707	0.01864	0.00578	0.00675	0.00450	0.00386	0.00257	0.00129	0.00321	0.00225	0.00257	0.00450
43	0.01167	0.14561	0.11078	0.02476	0.14859	0.21976	0.00919	0.04897	0.19852	0.01343	0.00929	0.01001	0.00733	0.00435	0.00378	0.00118	0.00522	0.00335	0.00259	0.02161
44	0.00745	0.00787	0.10774	0.02188	0.10292	0.00668	0.02098	0.02728	0.00780	0.01121	0.01079	0.08458	0.01065	0.16545	0.24397	0.00330	0.05238	0.00482	0.00238	0.09986
45	0.00520	0.00408	0.00470	0.00485	0.00586	0.00358	0.00352	0.00640	0.00970	0.01248	0.24001	0.23183	0.43182	0.01059	0.00500	0.00145	0.00214	0.00917	0.00404	0.00358
46	0.35381	0.04906	0.00915	0.00774	0.02819	0.21099	0.00602	0.02774	0.04453	0.14029	0.03911	0.01088	0.02509	0.00468	0.00343	0.00123	0.00435	0.01574	0.01285	0.00513
47	0.00944	0.06479	0.26592	0.02409	0.09379	0.03077	0.04610	0.05850	0.14514	0.01402	0.04380	0.01174	0.00873	0.00679	0.07080	0.00173	0.06003	0.00380	0.01464	0.02537
48	0.00663	0.00565	0.02569	0.00703	0.00770	0.00631	0.00547	0.00829	0.04821	0.01022	0.02772	0.10979	0.03405	0.16265	0.36060	0.00418	0.14392	0.01949	0.00259	0.00380
49	0.07609	0.37639	0.15790	0.00972	0.04177	0.12841	0.07664	0.01320	0.00912	0.03123	0.00765	0.00874	0.02404	0.00396	0.00336	0.00109	0.00519	0.00293	0.01717	0.00538

[dist]
# distance from previous block
# <min> <max>
0	5

[block]
# block no. 8 follows, 64 sequences, length 14
# corresponding to MSA columns:
# 300-313
name=unknown_I
#
# <colnr> <probs for GDERKNQSTAVLIFYWHMCP>
#	G	D	E	R	K	N	Q	S	T	A	V	L	I	F	Y	W	H	M	C	P
0	0.62564	0.11279	0.00900	0.00674	0.03074	0.06035	0.00541	0.06079	0.00831	0.01708	0.00632	0.00760	0.00514	0.02597	0.00327	0.00129	0.00377	0.00250	0.00253	0.00478
1	0.00727	0.00625	0.02738	0.00700	0.01911	0.01660	0.03067	0.04152	0.08558	0.03004	0.29901	0.12887	0.17451	0.00915	0.02990	0.00158	0.07024	0.00711	0.00381	0.00440
2	0.01129	0.22699	0.09583	0.03679	0.24349	0.06361	0.03288	0.08391	0.02026	0.05824	0.02438	0.00963	0.00697	0.00400	0.00368	0.00112	0.00485	0.00326	0.00242	0.06639
3	0.00643	0.00518	0.00755	0.00713	0.00774	0.00605	0.03119	0.00759	0.00678	0.00965	0.01212	0.07271	0.03158	0.16171	0.48595	0.00494	0.12446	0.00521	0.00236	0.00366
4	0.00638	0.00492	0.00694	0.00672	0.00725	0.00585	0.00512	0.00755	0.00658	0.00957	0.01086	0.01736	0.01064	0.17370	0.57026	0.00546	0.10979	0.00462	0.02683	0.00360
5	0.01464	0.06320	0.01232	0.00941	0.03380	0.01189	0.00756	0.52079	0.16385	0.10217	0.01155	0.01119	0.00828	0.00500	0.00408	0.00126	0.00424	0.00386	0.00406	0.00685
6	0.00604	0.00403	0.00453	0.00453	0.00453	0.00403	0.00252	0.00604	0.00604	0.00805	0.01309	0.02718	0.01510	0.85402	0.02114	0.00403	0.00403	0.00604	0.00252	0.00252
7	0.00861	0.00738	0.00861	0.00615	0.00984	0.00554	0.00492	0.01046	0.00861	0.01354	0.00738	0.00861	0.00615	0.00308	0.00308	0.00062	0.00308	0.00246	0.00246	0.87941
8	0.05172	0.03098	0.05980	0.03114	0.05778	0.03488	0.02740	0.16860	0.42334	0.03494	0.01281	0.01254	0.00957	0.00499	0.00405	0.00132	0.00409	0.00406	0.00362	0.02238
9	0.01238	0.00903	0.01020	0.00769	0.01101	0.00870	0.00624	0.35843	0.01347	0.08454	0.00948	0.01037	0.00724	0.02966	0.02358	0.00118	0.00397	0.00330	0.00341	0.38612
10	0.03275	0.15328	0.26108	0.04716	0.05892	0.07494	0.07689	0.04611	0.06628	0.06469	0.03465	0.01120	0.03365	0.00449	0.00402	0.00124	0.01680	0.00363	0.00249	0.00573
11	0.01052	0.09895	0.26214	0.04841	0.08576	0.01007	0.19718	0.06378	0.02549	0.09800	0.03277	0.03129	0.00793	0.00436	0.00416	0.00129	0.00541	0.00402	0.00255	0.00594
12	0.00516	0.00381	0.00477	0.00549	0.00598	0.00350	0.00377	0.00596	0.00822	0.01067	0.02610	0.60781	0.18479	0.05931	0.00613	0.00177	0.00250	0.04711	0.00378	0.00337
13	0.01205	0.00650	0.00811	0.00713	0.02160	0.00629	0.00551	0.12909	0.04871	0.30580	0.13762	0.15672	0.05491	0.00733	0.00448	0.00136	0.00314	0.02877	0.04934	0.00554

[dist]
# distance from previous block
# <min> <max>
1	17

[block]
# block no. 9 follows, 64 sequences, length 26
# corresponding to MSA columns:
# 331-356
name=unknown_J
#
# <colnr> <probs for GDERKNQSTAVLIFYWHMCP>
#	G	D	E	R	K	N	Q	S	T	A	V	L	I	F	Y	W	H	M	C	P
0	0.00992	0.00753	0.00844	0.00736	0.00928	0.00805	0.00572	0.29161	0.15584	0.01869	0.20643	0.17714	0.06097	0.00773	0.00460	0.00138	0.00320	0.00658	0.00419	0.00536
1	0.00790	0.01908	0.71719	0.01082	0.01628	0.00881	0.01369	0.01224	0.00898	0.01315	0.04978	0.01269	0.08198	0.00476	0.00408	0.00132	0.00557	0.00380	0.00208	0.00579
2	0.03453	0.11538	0.15579	0.00912	0.01263	0.08530	0.05241	0.11398	0.06940	0.19634	0.01117	0.03793	0.01897	0.00534	0.02168	0.00133	0.00484	0.00381	0.00320	0.04688
3	0.02030	0.03149	0.14197	0.11757	0.20559	0.00917	0.07945	0.09521	0.02229	0.07662	0.02491	0.01343	0.03841	0.08222	0.00591	0.00155	0.02148	0.00418	0.00262	0.00564
4	0.00506	0.00361	0.00482	0.00578	0.00602	0.00337	0.00386	0.00578	0.00795	0.01060	0.02289	0.85131	0.02747	0.01301	0.00530	0.00169	0.00241	0.01181	0.00386	0.00337
5	0.00855	0.00852	0.01240	0.76783	0.02717	0.08496	0.01121	0.01116	0.00862	0.01057	0.00729	0.01075	0.00552	0.00416	0.00412	0.00136	0.00572	0.00360	0.00187	0.00463
6	0.04112	0.27190	0.27505	0.01086	0.09269	0.01166	0.03307	0.08645	0.03198	0.07367	0.02953	0.00954	0.00704	0.00413	0.00362	0.00117	0.00491	0.00320	0.00244	0.00597
7	0.00515	0.00361	0.00484	0.00577	0.00600	0.00338	0.00385	0.00577	0.00785	0.01046	0.02225	0.81701	0.02664	0.01307	0.00575	0.03757	0.00246	0.01147	0.00377	0.00331
8	0.80352	0.00820	0.00709	0.00729	0.08302	0.00937	0.00525	0.01226	0.00729	0.01817	0.00597	0.00707	0.00469	0.00384	0.00271	0.00128	0.00337	0.00238	0.00252	0.00469
9	0.00600	0.00401	0.00454	0.00458	0.00459	0.00400	0.00257	0.00603	0.00611	0.00815	0.01345	0.05782	0.01556	0.82275	0.02055	0.00394	0.00397	0.00625	0.00257	0.00255
10	0.88336	0.00803	0.00611	0.00546	0.00803	0.00932	0.00450	0.01221	0.00707	0.01864	0.00578	0.00675	0.00450	0.00386	0.00257	0.00129	0.00321	0.00225	0.00257	0.00450
11	0.00593	0.00445	0.00668	0.00668	0.00742	0.00519	0.00519	0.00742	0.00668	0.00964	0.01113	0.01632	0.01038	0.03115	0.83756	0.00668	0.01113	0.00445	0.00223	0.00371
12	0.00784	0.00738	0.01246	0.84404	0.02861	0.00923	0.01154	0.01061	0.00831	0.01061	0.00738	0.01107	0.00554	0.00415	0.00415	0.00138	0.00554	0.00369	0.00185	0.00461
13	0.01826	0.00767	0.01001	0.00768	0.01090	0.00700	0.00634	0.12533	0.01290	0.72448	0.01554	0.01359	0.00986	0.00512	0.00417	0.00128	0.00367	0.00412	0.00501	0.00707
14	0.01059	0.00989	0.01593	0.10605	0.67804	0.03633	0.01216	0.03123	0.00972	0.03864	0.00804	0.01038	0.00656	0.00384	0.00411	0.00125	0.00503	0.00368	0.00218	0.00635
15	0.00596	0.00436	0.00623	0.00623	0.00682	0.00495	0.00464	0.00713	0.00654	0.00931	0.01153	0.01857	0.01136	0.20199	0.66807	0.00613	0.00965	0.00478	0.00229	0.00346
16	0.00497	0.00419	0.00431	0.00433	0.00566	0.00353	0.00323	0.00607	0.00955	0.01154	0.08999	0.06909	0.74838	0.01049	0.00492	0.00141	0.00211	0.00880	0.00390	0.00353
17	0.00889	0.00687	0.03255	0.00770	0.00947	0.03060	0.05340	0.05741	0.02772	0.11769	0.05807	0.03493	0.17059	0.01289	0.18131	0.00258	0.04841	0.13085	0.00341	0.00464
18	0.06771	0.05647	0.18547	0.02808	0.18269	0.09507	0.15700	0.02544	0.00987	0.12525	0.00924	0.01047	0.02029	0.00412	0.00403	0.00126	0.00546	0.00366	0.00251	0.00592
19	0.01083	0.00881	0.00941	0.00839	0.01079	0.01008	0.00655	0.02196	0.77243	0.06585	0.01688	0.01542	0.01254	0.00561	0.00422	0.00140	0.00330	0.00467	0.00428	0.00660
20	0.01670	0.00715	0.00928	0.00732	0.01025	0.00656	0.00597	0.05135	0.08599	0.65056	0.05120	0.01489	0.01164	0.00531	0.00415	0.00128	0.00341	0.00434	0.04589	0.00674
21	0.00944	0.11805	0.07879	0.06905	0.28823	0.00963	0.13781	0.02519	0.00925	0.02660	0.02019	0.09673	0.00925	0.00497	0.00427	0.00128	0.01759	0.01377	0.05438	0.00553
22	0.00838	0.00681	0.01083	0.01393	0.29992	0.00674	0.04173	0.02774	0.00927	0.03692	0.01523	0.16498	0.01589	0.03548	0.00588	0.03666	0.00412	0.25160	0.00305	0.00485
23	0.00577	0.00422	0.00519	0.00557	0.00629	0.00399	0.00415	0.00685	0.00869	0.01128	0.10910	0.17540	0.20831	0.20465	0.00892	0.00218	0.00304	0.21938	0.00362	0.00338
24	0.00955	0.02545	0.06075	0.00856	0.03633	0.00754	0.04911	0.07304	0.12074	0.11332	0.15357	0.08707	0.05152	0.00911	0.08127	0.00188	0.05895	0.02869	0.01836	0.00520
25	0.02113	0.18702	0.18756	0.01139	0.09565	0.12337	0.06377	0.08720	0.04051	0.05164	0.00955	0.04305	0.02198	0.00475	0.00401	0.00122	0.01728	0.02072	0.00251	0.00570

[dist]
# distance from previous block
# <min> <max>
4	14

[block]
# block no. 10 follows, 64 sequences, length 7
# corresponding to MSA columns:
# 371-373,378-381
name=unknown_K
#
# <colnr> <probs for GDERKNQSTAVLIFYWHMCP>
#	G	D	E	R	K	N	Q	S	T	A	V	L	I	F	Y	W	H	M	C	P
0	0.02858	0.10518	0.27688	0.01168	0.06636	0.01000	0.13382	0.06097	0.03022	0.12921	0.00946	0.01117	0.00715	0.00513	0.02714	0.00144	0.03442	0.02430	0.00261	0.02428
1	0.00838	0.04968	0.03839	0.02634	0.08635	0.05767	0.04599	0.03472	0.05642	0.02344	0.01111	0.07981	0.01049	0.08917	0.28348	0.02597	0.04375	0.00476	0.01957	0.00450
2	0.00524	0.00375	0.00484	0.00565	0.00596	0.00352	0.00380	0.00596	0.00790	0.01044	0.02280	0.67429	0.07013	0.10785	0.00709	0.00195	0.00264	0.04918	0.00370	0.00331
3	0.00918	0.02893	0.14542	0.06281	0.08264	0.12478	0.07988	0.03877	0.00903	0.01172	0.01050	0.06636	0.03119	0.03139	0.12545	0.02545	0.07184	0.03747	0.00232	0.00484
4	0.04282	0.10592	0.13675	0.01063	0.06555	0.09276	0.04392	0.25939	0.04200	0.05288	0.00942	0.02383	0.00749	0.00595	0.04128	0.00149	0.02496	0.02403	0.00294	0.00596
5	0.03823	0.02687	0.00657	0.00663	0.02713	0.00458	0.03123	0.00696	0.00799	0.01085	0.05202	0.36404	0.10327	0.01156	0.00738	0.18559	0.00307	0.09941	0.00325	0.00338
6	0.02619	0.00879	0.01199	0.40007	0.10634	0.08635	0.03743	0.05228	0.02786	0.01245	0.03021	0.05944	0.00872	0.00519	0.00471	0.00137	0.05166	0.02789	0.03616	0.00490

[dist]
# distance from previous block
# <min> <max>
1	4

[block]
# block no. 11 follows, 64 sequences, length 28
# corresponding to MSA columns:
# 386-413
name=unknown_L
#
# <colnr> <probs for GDERKNQSTAVLIFYWHMCP>
#	G	D	E	R	K	N	Q	S	T	A	V	L	I	F	Y	W	H	M	C	P
0	0.02671	0.02791	0.15544	0.04489	0.08392	0.03300	0.02846	0.02997	0.00930	0.10103	0.02576	0.18706	0.06887	0.04546	0.00552	0.00157	0.02570	0.09142	0.00311	0.00491
1	0.05445	0.10132	0.06910	0.01045	0.07984	0.03386	0.05323	0.27695	0.14366	0.01797	0.00987	0.02497	0.00767	0.00455	0.00385	0.00119	0.00445	0.00366	0.00315	0.09580
2	0.00732	0.05986	0.00863	0.03998	0.02299	0.00702	0.00592	0.07166	0.00793	0.01103	0.01094	0.01554	0.02594	0.06305	0.57821	0.00512	0.04803	0.00433	0.00236	0.00414
3	0.02642	0.08282	0.45887	0.01103	0.06407	0.02608	0.04478	0.01272	0.04605	0.03371	0.01126	0.05365	0.06632	0.00489	0.00398	0.00127	0.00514	0.00402	0.00230	0.04063
4	0.00936	0.11035	0.33891	0.01251	0.05281	0.01030	0.21536	0.01385	0.10179	0.02886	0.01021	0.02716	0.02945	0.00445	0.00416	0.00131	0.00552	0.01545	0.00233	0.00584
5	0.01120	0.00592	0.00730	0.00636	0.00836	0.00557	0.00508	0.06644	0.05164	0.29517	0.15404	0.05928	0.14354	0.00737	0.00447	0.00135	0.00293	0.07140	0.08736	0.00524
6	0.00875	0.00848	0.01226	0.34750	0.09814	0.04262	0.00986	0.02585	0.00813	0.01105	0.02325	0.03972	0.02516	0.01945	0.00779	0.00156	0.29948	0.00413	0.00209	0.00473
7	0.02501	0.09199	0.54118	0.01226	0.06107	0.02572	0.08719	0.04043	0.02204	0.04386	0.00793	0.00918	0.00579	0.00397	0.00392	0.00127	0.00578	0.00327	0.00207	0.00606
8	0.00845	0.00744	0.03995	0.05279	0.14039	0.02094	0.00701	0.04882	0.02424	0.03560	0.01021	0.01694	0.01002	0.30512	0.12127	0.00303	0.13641	0.00460	0.00242	0.00436
9	0.00519	0.00374	0.00481	0.00557	0.00592	0.00348	0.00375	0.00594	0.00806	0.01065	0.04721	0.67625	0.09055	0.08390	0.00661	0.00186	0.00254	0.02687	0.00376	0.00334
10	0.00610	0.00467	0.00682	0.04089	0.00875	0.00457	0.04282	0.00760	0.00892	0.01169	0.04068	0.36374	0.07434	0.01130	0.00539	0.00173	0.00333	0.34922	0.00370	0.00374
11	0.09994	0.01144	0.09746	0.04570	0.06555	0.04260	0.27851	0.15435	0.03584	0.06528	0.00945	0.03323	0.00735	0.00451	0.00441	0.00134	0.01817	0.01628	0.00278	0.00581
12	0.00571	0.00400	0.00512	0.00540	0.00567	0.00407	0.00355	0.00633	0.00698	0.00951	0.04739	0.27741	0.01883	0.38825	0.18950	0.00377	0.00496	0.00753	0.00295	0.00309
13	0.01070	0.06051	0.01169	0.00994	0.07570	0.08215	0.05869	0.12559	0.21003	0.01564	0.03289	0.04134	0.01030	0.00516	0.00418	0.00120	0.02117	0.03747	0.03717	0.14847
14	0.88336	0.00803	0.00611	0.00546	0.00803	0.00932	0.00450	0.01221	0.00707	0.01864	0.00578	0.00675	0.00450	0.00386	0.00257	0.00129	0.00321	0.00225	0.00257	0.00450
15	0.00581	0.00424	0.00546	0.00515	0.00616	0.00389	0.00387	0.00771	0.01160	0.01628	0.77088	0.03166	0.09447	0.00863	0.00490	0.00131	0.00197	0.00760	0.00452	0.00389
16	0.88336	0.00803	0.00611	0.00546	0.00803	0.00932	0.00450	0.01221	0.00707	0.01864	0.00578	0.00675	0.00450	0.00386	0.00257	0.00129	0.00321	0.00225	0.00257	0.00450
17	0.00859	0.00738	0.00874	0.03439	0.01048	0.00566	0.00514	0.01046	0.00860	0.01344	0.00738	0.00870	0.00613	0.00311	0.00311	0.00064	0.00316	0.00250	0.00244	0.84993
18	0.01028	0.00987	0.01686	0.02550	0.82811	0.00987	0.01275	0.01275	0.00946	0.01357	0.00781	0.01028	0.00658	0.00370	0.00411	0.00123	0.00493	0.00370	0.00206	0.00658
19	0.00584	0.00424	0.00550	0.00519	0.00618	0.00390	0.00389	0.00776	0.01167	0.01644	0.79512	0.03138	0.07012	0.00857	0.00490	0.00131	0.00197	0.00756	0.00454	0.00390
20	0.01854	0.00722	0.00974	0.00746	0.01068	0.00634	0.00617	0.04728	0.01215	0.80358	0.01617	0.01400	0.01017	0.00514	0.00418	0.00128	0.00357	0.00416	0.00511	0.00707
21	0.01111	0.85652	0.02177	0.00711	0.01066	0.01644	0.00711	0.01244	0.00844	0.00977	0.00577	0.00666	0.00533	0.00355	0.00267	0.00089	0.00444	0.00222	0.00178	0.00533
22	0.00774	0.00387	0.00387	0.00387	0.00484	0.00387	0.00290	0.00968	0.00871	0.01549	0.01355	0.01549	0.01065	0.00484	0.00290	0.00097	0.00194	0.00387	0.87708	0.00387
23	0.00559	0.00423	0.00515	0.00492	0.00603	0.00380	0.00369	0.00728	0.01107	0.01503	0.59167	0.03370	0.27446	0.00910	0.00490	0.00134	0.00200	0.00789	0.00436	0.00380
24	0.00934	0.00466	0.00506	0.00468	0.00601	0.00460	0.00359	0.05448	0.00964	0.11177	0.01412	0.05313	0.01118	0.00526	0.00323	0.00105	0.00229	0.00426	0.68725	0.00440
25	0.00506	0.00361	0.00482	0.00578	0.00602	0.00337	0.00386	0.00578	0.00795	0.01060	0.02289	0.85131	0.02747	0.01301	0.00530	0.00169	0.00241	0.01181	0.00386	0.00337
26	0.00780	0.00561	0.00734	0.00778	0.00900	0.00576	0.00670	0.10880	0.01068	0.01399	0.02020	0.04160	0.02151	0.03896	0.00606	0.00190	0.00392	0.67436	0.00382	0.00418
27	0.43484	0.00895	0.00871	0.00708	0.00996	0.00983	0.00583	0.27763	0.01199	0.15147	0.00908	0.00924	0.00644	0.00446	0.00336	0.00126	0.00368	0.00309	0.02737	0.00574

[dist]
# distance from previous block
# <min> <max>
0	1

[block]
# block no. 12 follows, 64 sequences, length 25
# corresponding to MSA columns:
# 415,416,442-464
name=unknown_M
#
# <colnr> <probs for GDERKNQSTAVLIFYWHMCP>
#	G	D	E	R	K	N	Q	S	T	A	V	L	I	F	Y	W	H	M	C	P
0	0.00557	0.00380	0.00489	0.00565	0.00599	0.00364	0.00389	0.00642	0.00793	0.01086	0.02078	0.59690	0.02415	0.11962	0.00717	0.00195	0.00272	0.08902	0.07569	0.00335
1	0.10187	0.38598	0.05556	0.13510	0.06021	0.05042	0.08254	0.01231	0.00850	0.01156	0.00646	0.00824	0.00544	0.00396	0.00395	0.00116	0.05670	0.00292	0.00193	0.00520
2	0.00849	0.00739	0.01155	0.12173	0.35285	0.01793	0.00942	0.01060	0.00907	0.01253	0.01278	0.03700	0.01260	0.04910	0.00558	0.00160	0.02011	0.24139	0.05323	0.00503
3	0.01021	0.34948	0.01625	0.00920	0.01088	0.01405	0.00814	0.04983	0.00788	0.01077	0.00585	0.00815	0.00550	0.00557	0.00852	0.00139	0.44801	0.00304	0.00193	0.02535
4	0.03990	0.48707	0.14504	0.00851	0.01199	0.04427	0.01904	0.07889	0.00928	0.01203	0.00666	0.00797	0.00569	0.00528	0.04134	0.00134	0.06550	0.00273	0.00204	0.00543
5	0.00671	0.00494	0.00596	0.00565	0.00681	0.00484	0.00425	0.03892	0.06409	0.03395	0.41605	0.13426	0.18500	0.00890	0.00505	0.00138	0.02704	0.00766	0.03438	0.00415
6	0.00588	0.00425	0.00555	0.00523	0.00621	0.00392	0.00392	0.00784	0.01176	0.01666	0.82592	0.03103	0.03919	0.00849	0.00490	0.00131	0.00196	0.00751	0.00457	0.00392
7	0.00861	0.00738	0.00861	0.00615	0.00984	0.00554	0.00492	0.01046	0.00861	0.01354	0.00738	0.00861	0.00615	0.00308	0.00308	0.00062	0.00308	0.00246	0.00246	0.87941
8	0.00558	0.00423	0.00514	0.00492	0.00602	0.00379	0.00369	0.00727	0.01106	0.01500	0.58681	0.03376	0.27933	0.00911	0.00490	0.00134	0.00200	0.00789	0.00435	0.00379
9	0.01111	0.85652	0.02177	0.00711	0.01066	0.01644	0.00711	0.01244	0.00844	0.00977	0.00577	0.00666	0.00533	0.00355	0.00267	0.00089	0.00444	0.00222	0.00178	0.00533
10	0.00861	0.00711	0.00791	0.00720	0.00902	0.00785	0.00555	0.01657	0.50777	0.01710	0.32981	0.02150	0.02293	0.00674	0.00449	0.00137	0.00277	0.00579	0.00436	0.00555
11	0.00909	0.00909	0.01272	0.01091	0.01091	0.01272	0.00909	0.01000	0.00636	0.01000	0.00545	0.00909	0.00545	0.00727	0.01363	0.00182	0.84642	0.00364	0.00182	0.00454
12	0.00561	0.00426	0.00518	0.00502	0.00613	0.00383	0.00381	0.00728	0.01092	0.01472	0.53782	0.03463	0.28952	0.00928	0.00494	0.00137	0.00209	0.04551	0.00431	0.00378
13	0.10433	0.00638	0.02158	0.00697	0.02211	0.03031	0.02222	0.06694	0.00860	0.12393	0.01268	0.11583	0.03256	0.10310	0.12769	0.16885	0.00482	0.01397	0.00299	0.00412
14	0.01007	0.01110	0.01672	0.34831	0.05528	0.15772	0.29534	0.01300	0.02922	0.01177	0.00782	0.01056	0.00599	0.00396	0.00435	0.00133	0.00633	0.00396	0.00206	0.00513
15	0.00501	0.00420	0.00426	0.00426	0.00555	0.00355	0.00313	0.00601	0.00929	0.01114	0.06009	0.03885	0.74978	0.06924	0.00604	0.00158	0.00223	0.00854	0.00378	0.00345
16	0.01616	0.00665	0.00891	0.00714	0.00989	0.00590	0.00577	0.01817	0.04788	0.66370	0.07967	0.08454	0.01405	0.00607	0.00433	0.00133	0.00331	0.00509	0.00495	0.00650
17	0.00906	0.00942	0.05682	0.08746	0.25543	0.00896	0.20115	0.02895	0.09249	0.01405	0.11434	0.02610	0.05224	0.00506	0.00463	0.00134	0.01929	0.00490	0.00273	0.00560
18	0.00889	0.00848	0.01315	0.64091	0.15854	0.04377	0.01144	0.04420	0.00910	0.01172	0.00752	0.01075	0.00576	0.00412	0.00413	0.00134	0.00548	0.00365	0.00199	0.00505
19	0.01098	0.68067	0.01937	0.03885	0.01134	0.03171	0.00721	0.04604	0.06036	0.01097	0.00697	0.00798	0.00610	0.00502	0.04040	0.00122	0.00478	0.00261	0.00206	0.00537
20	0.00594	0.00443	0.00656	0.00656	0.00727	0.00513	0.00505	0.00735	0.00664	0.00956	0.01123	0.01688	0.01063	0.07401	0.79504	0.00654	0.01076	0.00453	0.00224	0.00365
21	0.04980	0.00951	0.01481	0.15934	0.46332	0.04114	0.05700	0.04886	0.00970	0.04432	0.00870	0.04809	0.00733	0.00437	0.00426	0.00130	0.01587	0.00405	0.00234	0.00590
