[name]
unknown

[dist]
# distance from previous block
# <min> <max>
0	18

[block]
# block no. 0 follows, 68 sequences, length 32
# corresponding to MSA columns:
# 18-49
name=unknown_A
#
# <colnr> <probs for GDERKNQSTAVLIFYWHMCP>
#	G	D	E	R	K	N	Q	S	T	A	V	L	I	F	Y	W	H	M	C	P
0	0.51571	0.04205	0.00788	0.06893	0.00996	0.00892	0.00572	0.10694	0.00871	0.02904	0.00863	0.01316	0.00765	0.00503	0.00348	0.00132	0.02280	0.12675	0.00276	0.00456
1	0.00713	0.00517	0.00619	0.00571	0.00690	0.00517	0.00428	0.13285	0.02863	0.02551	0.38265	0.14649	0.10402	0.07555	0.04415	0.00174	0.00293	0.00699	0.00388	0.00407
2	0.06090	0.10124	0.01129	0.00779	0.01082	0.02980	0.00653	0.33679	0.01356	0.34441	0.01150	0.02977	0.00806	0.00477	0.00376	0.00117	0.00391	0.00365	0.00396	0.00631
3	0.00656	0.00460	0.00605	0.00565	0.00621	0.00469	0.04094	0.04534	0.00698	0.03062	0.01293	0.11234	0.01409	0.53172	0.15098	0.00371	0.00492	0.00591	0.00262	0.00313
4	0.00735	0.00614	0.00763	0.21142	0.01223	0.00668	0.00599	0.03969	0.20984	0.02645	0.09034	0.02298	0.28058	0.04929	0.00508	0.00145	0.00327	0.00577	0.00333	0.00448
5	0.01411	0.01044	0.01124	0.00879	0.01176	0.01155	0.00720	0.68720	0.10570	0.03525	0.04822	0.01107	0.00878	0.00498	0.00401	0.00121	0.00410	0.00384	0.00401	0.00655
6	0.00524	0.00372	0.00451	0.00485	0.00521	0.00352	0.00315	0.00584	0.00748	0.00992	0.10665	0.37229	0.11788	0.31938	0.01046	0.00235	0.00278	0.00850	0.00329	0.00299
7	0.01099	0.00753	0.00795	0.02157	0.00911	0.09665	0.00541	0.07551	0.12391	0.22733	0.25510	0.04909	0.08006	0.00644	0.00424	0.00125	0.00328	0.00538	0.00406	0.00515
8	0.01200	0.00957	0.01020	0.00926	0.01152	0.01024	0.00697	0.02065	0.66840	0.04774	0.12081	0.01973	0.01727	0.00726	0.00516	0.00177	0.00384	0.00556	0.00487	0.00718
9	0.04976	0.03831	0.00994	0.00829	0.03293	0.19086	0.00637	0.13883	0.17114	0.12030	0.04712	0.01220	0.04269	0.00477	0.00372	0.00111	0.00418	0.00368	0.00330	0.11049
10	0.01144	0.51601	0.03773	0.00872	0.06453	0.06171	0.00744	0.16389	0.05711	0.01311	0.02080	0.00814	0.00641	0.00390	0.00311	0.00099	0.00440	0.00275	0.00233	0.00551
11	0.00929	0.06125	0.26116	0.01109	0.10199	0.03296	0.07266	0.05438	0.13542	0.03664	0.03006	0.04465	0.02900	0.00501	0.01575	0.00129	0.02550	0.00393	0.00256	0.06540
12	0.02937	0.14094	0.29596	0.04009	0.09389	0.03552	0.06167	0.09107	0.06611	0.06794	0.01748	0.01010	0.02442	0.00414	0.00371	0.00119	0.00490	0.00337	0.00242	0.00573
13	0.00919	0.04836	0.07967	0.03406	0.19014	0.00784	0.07919	0.06570	0.03511	0.08565	0.07283	0.18682	0.01306	0.00612	0.00451	0.00130	0.03531	0.00544	0.02199	0.01771
14	0.00570	0.00399	0.00510	0.00513	0.00540	0.00425	0.00340	0.00626	0.00604	0.00832	0.01202	0.04264	0.01301	0.52619	0.33095	0.00474	0.00636	0.00533	0.00233	0.00285
15	0.00882	0.02491	0.21071	0.10861	0.17016	0.03934	0.03515	0.01176	0.05160	0.07581	0.03154	0.14508	0.03663	0.00566	0.00434	0.00131	0.02587	0.00491	0.00258	0.00520
16	0.01161	0.06159	0.17885	0.01399	0.20328	0.06355	0.15493	0.09976	0.01045	0.15039	0.00887	0.00989	0.00647	0.00393	0.00394	0.00120	0.00516	0.00355	0.00260	0.00598
17	0.01082	0.00655	0.00780	0.00690	0.00886	0.00672	0.00537	0.05561	0.28496	0.24660	0.10543	0.16674	0.03026	0.00691	0.00428	0.00134	0.00295	0.01772	0.01872	0.00548
18	0.01692	0.00457	0.00539	0.00501	0.00627	0.00425	0.00376	0.02923	0.02821	0.09008	0.31639	0.05760	0.27187	0.07364	0.02839	0.00161	0.00256	0.00683	0.04352	0.00391
19	0.02123	0.06835	0.11901	0.09202	0.28128	0.05325	0.18940	0.03528	0.02685	0.02334	0.00752	0.00958	0.00594	0.00384	0.00439	0.00124	0.04628	0.00357	0.00204	0.00559
20	0.00576	0.00386	0.00455	0.00457	0.00465	0.00393	0.00271	0.00587	0.00586	0.00788	0.01243	0.04605	0.01412	0.74005	0.09954	0.02311	0.00445	0.00571	0.00239	0.00252
21	0.00566	0.00425	0.00637	0.00637	0.00708	0.00496	0.00496	0.00708	0.00637	0.00920	0.01062	0.01558	0.00991	0.02974	0.84494	0.00637	0.01062	0.00425	0.00212	0.00354
22	0.02440	0.00896	0.01181	0.10605	0.15481	0.03846	0.02185	0.12224	0.13170	0.01373	0.02827	0.02114	0.03694	0.00548	0.00666	0.00139	0.25427	0.00396	0.00260	0.00526
23	0.03882	0.01002	0.05653	0.07478	0.22652	0.04594	0.04421	0.23204	0.05086	0.12031	0.01007	0.05461	0.00791	0.00466	0.00398	0.00123	0.00449	0.00398	0.00305	0.00597
24	0.00632	0.00497	0.00540	0.00583	0.00637	0.06336	0.00398	0.03693	0.00816	0.02910	0.01946	0.62234	0.04355	0.11641	0.00675	0.00181	0.00293	0.00944	0.00344	0.00343
25	0.71205	0.00785	0.00688	0.00621	0.03154	0.00880	0.00490	0.06618	0.00810	0.10679	0.00693	0.00750	0.00511	0.00388	0.00276	0.00122	0.00323	0.00248	0.00281	0.00478
26	0.00706	0.00470	0.00535	0.00506	0.00554	0.00481	0.00321	0.07218	0.03748	0.04040	0.01291	0.06417	0.01400	0.66543	0.03877	0.00340	0.00395	0.00571	0.00274	0.00312
27	0.01047	0.00916	0.04196	0.18060	0.09812	0.00957	0.11286	0.17248	0.16985	0.06386	0.01023	0.01203	0.00786	0.05255	0.00523	0.00143	0.02920	0.00400	0.00291	0.00561
28	0.00798	0.00654	0.04509	0.00665	0.00834	0.00623	0.00527	0.02461	0.28946	0.07416	0.12280	0.26265	0.08332	0.00795	0.00442	0.00137	0.00280	0.00692	0.00385	0.02958
29	0.00829	0.00613	0.00841	0.00716	0.00899	0.00607	0.09284	0.02374	0.19474	0.10521	0.31741	0.07486	0.11536	0.00707	0.00447	0.00131	0.00292	0.00629	0.00397	0.00478
30	0.00841	0.00782	0.01295	0.28095	0.45392	0.00835	0.01033	0.01054	0.00833	0.01139	0.00938	0.01310	0.04491	0.09655	0.00573	0.00152	0.00467	0.00399	0.00203	0.00514
31	0.01146	0.18741	0.04954	0.00914	0.04891	0.22036	0.00734	0.12843	0.18760	0.01359	0.01069	0.05339	0.03604	0.00493	0.00376	0.00115	0.01434	0.00374	0.00279	0.00538

[dist]
# distance from previous block
# <min> <max>
2	21

[block]
# block no. 1 follows, 68 sequences, length 20
# corresponding to MSA columns:
# 71-90
name=unknown_B
#
# <colnr> <probs for GDERKNQSTAVLIFYWHMCP>
#	G	D	E	R	K	N	Q	S	T	A	V	L	I	F	Y	W	H	M	C	P
0	0.00845	0.00772	0.00794	0.00849	0.10701	0.11699	0.00567	0.01212	0.19705	0.03551	0.17531	0.03548	0.21051	0.02687	0.00460	0.00131	0.00332	0.00566	0.02532	0.00468
1	0.01448	0.01011	0.01256	0.00953	0.01270	0.01072	0.10453	0.56311	0.02964	0.14868	0.01050	0.01053	0.00733	0.00462	0.00402	0.00121	0.00439	0.00379	0.03111	0.00647
2	0.01052	0.12672	0.03922	0.02731	0.12354	0.10997	0.10847	0.06718	0.11291	0.05253	0.02004	0.06399	0.00860	0.02798	0.00516	0.00131	0.08258	0.00408	0.00260	0.00530
3	0.09958	0.54092	0.08713	0.00710	0.01058	0.03827	0.00701	0.04524	0.00850	0.01155	0.00602	0.00692	0.00516	0.00348	0.00278	0.00091	0.00420	0.00229	0.00195	0.11043
4	0.01397	0.01131	0.01110	0.00892	0.01168	0.11110	0.00719	0.61893	0.06201	0.02155	0.01043	0.07450	0.00834	0.00530	0.00401	0.00121	0.00447	0.00409	0.00372	0.00619
5	0.00667	0.00564	0.00740	0.15811	0.01074	0.00631	0.00582	0.04062	0.07861	0.01159	0.06683	0.24158	0.18824	0.03621	0.00608	0.00153	0.10483	0.01602	0.00314	0.00400
6	0.00934	0.00912	0.01481	0.22060	0.56404	0.03848	0.02679	0.01169	0.00877	0.01205	0.00744	0.01036	0.00619	0.00385	0.00421	0.00123	0.02891	0.01450	0.00193	0.00567
7	0.00806	0.01976	0.77758	0.01172	0.01743	0.00927	0.07643	0.01257	0.00845	0.01257	0.00718	0.00855	0.00510	0.00373	0.00384	0.00126	0.00592	0.00306	0.00170	0.00582
8	0.00747	0.00557	0.00649	0.00614	0.00741	0.01500	0.00473	0.03744	0.19521	0.02873	0.15315	0.08004	0.07467	0.01147	0.16934	0.00228	0.02421	0.02545	0.14084	0.00438
9	0.00696	0.00387	0.00597	0.10641	0.00782	0.00409	0.00435	0.00576	0.00550	0.00728	0.00691	0.01188	0.00670	0.01260	0.01412	0.77892	0.00366	0.00345	0.00173	0.00204
10	0.00507	0.00358	0.00453	0.00517	0.00539	0.00339	0.00335	0.00563	0.00726	0.00967	0.03811	0.61175	0.04594	0.22142	0.00877	0.00215	0.00266	0.00974	0.00338	0.00303
11	0.00829	0.01546	0.50352	0.00998	0.01408	0.04329	0.03087	0.03784	0.07197	0.01345	0.12999	0.01308	0.01093	0.00494	0.00450	0.00129	0.05221	0.02651	0.00241	0.00540
12	0.01362	0.00904	0.00998	0.00796	0.01063	0.00973	0.00646	0.50396	0.08790	0.13991	0.01204	0.05836	0.00911	0.00525	0.00391	0.00120	0.00373	0.00415	0.09689	0.00618
13	0.00573	0.00386	0.00448	0.00451	0.00457	0.00391	0.00263	0.00586	0.00586	0.00787	0.01261	0.04785	0.01440	0.77607	0.08079	0.00397	0.00430	0.00580	0.00242	0.00251
14	0.00984	0.22394	0.03627	0.01173	0.24665	0.00958	0.00780	0.05400	0.00903	0.03052	0.00710	0.00839	0.00590	0.00338	0.00322	0.00089	0.00394	0.00275	0.00220	0.32289
15	0.05492	0.00416	0.00507	0.00546	0.00611	0.00406	0.00380	0.03312	0.00804	0.03715	0.04010	0.56336	0.08378	0.07767	0.04125	0.00190	0.00288	0.00915	0.01455	0.00348
16	0.04117	0.01017	0.03314	0.00993	0.01307	0.01036	0.17015	0.46422	0.03141	0.04545	0.00945	0.01105	0.00722	0.06987	0.00524	0.00140	0.00465	0.00386	0.00329	0.05491
17	0.00907	0.10371	0.28536	0.07886	0.01489	0.10643	0.11178	0.01241	0.06489	0.02245	0.00943	0.11068	0.00830	0.00486	0.00389	0.00122	0.00513	0.00416	0.00224	0.04022
18	0.00851	0.00731	0.00736	0.02660	0.00863	0.09764	0.00525	0.15212	0.08751	0.01470	0.20352	0.16341	0.12072	0.03009	0.00487	0.00139	0.00332	0.04896	0.00366	0.00444
19	0.02968	0.46160	0.12222	0.00876	0.03404	0.05241	0.05116	0.08419	0.00950	0.07269	0.02012	0.00819	0.00615	0.00385	0.00336	0.00103	0.02058	0.00279	0.00223	0.00542

[dist]
# distance from previous block
# <min> <max>
7	39

[block]
# block no. 2 follows, 68 sequences, length 6
# corresponding to MSA columns:
# 131-136
name=unknown_C
#
# <colnr> <probs for GDERKNQSTAVLIFYWHMCP>
#	G	D	E	R	K	N	Q	S	T	A	V	L	I	F	Y	W	H	M	C	P
0	0.00520	0.00389	0.00559	0.00608	0.00652	0.00370	0.04006	0.00606	0.00759	0.01014	0.02016	0.69269	0.02375	0.06215	0.04285	0.00195	0.00302	0.05183	0.00346	0.00330
1	0.00856	0.00612	0.00713	0.00626	0.00789	0.00624	0.00485	0.19754	0.07952	0.05456	0.39944	0.09626	0.09442	0.00751	0.00446	0.00128	0.00267	0.00643	0.00415	0.00470
2	0.05645	0.03999	0.05330	0.00851	0.01103	0.16220	0.04421	0.15911	0.09020	0.10184	0.01336	0.01746	0.05798	0.00583	0.00408	0.00128	0.00448	0.14266	0.00325	0.02279
3	0.07146	0.06269	0.12576	0.02465	0.04269	0.04032	0.03462	0.17093	0.08068	0.05281	0.03027	0.07491	0.00882	0.00524	0.00485	0.00126	0.10276	0.00401	0.02174	0.03953
4	0.03295	0.19540	0.22612	0.03141	0.07611	0.02430	0.07764	0.08589	0.03853	0.03827	0.02785	0.03685	0.02228	0.00450	0.00415	0.00119	0.05000	0.00359	0.01758	0.00541
5	0.02778	0.06153	0.06685	0.02219	0.05669	0.02804	0.04824	0.04238	0.06856	0.09006	0.11613	0.05696	0.04500	0.02208	0.00424	0.00120	0.00363	0.05537	0.00308	0.18000

[dist]
# distance from previous block
# <min> <max>
1	24

[block]
# block no. 3 follows, 68 sequences, length 8
# corresponding to MSA columns:
# 161-168
name=unknown_D
#
# <colnr> <probs for GDERKNQSTAVLIFYWHMCP>
#	G	D	E	R	K	N	Q	S	T	A	V	L	I	F	Y	W	H	M	C	P
0	0.08126	0.03884	0.06281	0.02492	0.14437	0.03686	0.05271	0.06519	0.09573	0.05466	0.08359	0.12798	0.06142	0.00598	0.00405	0.00127	0.00378	0.01764	0.00305	0.03390
1	0.04644	0.06540	0.03278	0.00827	0.02784	0.08516	0.03636	0.19235	0.08584	0.10943	0.04670	0.01137	0.00875	0.02819	0.00446	0.00119	0.03825	0.00355	0.05096	0.11673
2	0.12943	0.03793	0.03554	0.05525	0.17952	0.00786	0.05714	0.05496	0.07472	0.05923	0.05186	0.06710	0.08389	0.05410	0.00480	0.00140	0.00377	0.00467	0.03189	0.00497
3	0.03386	0.07746	0.12046	0.10328	0.05841	0.03152	0.09841	0.08890	0.10309	0.05259	0.03528	0.03841	0.03269	0.06877	0.00550	0.00146	0.03788	0.00419	0.00267	0.00516
4	0.00532	0.00411	0.00476	0.00489	0.00577	0.00381	0.00348	0.00690	0.05492	0.01173	0.20333	0.25390	0.32274	0.08862	0.00618	0.00162	0.00229	0.00843	0.00373	0.00348
5	0.03694	0.00940	0.06688	0.03615	0.04459	0.11949	0.00665	0.05894	0.24070	0.02925	0.15515	0.05848	0.07213	0.00604	0.00429	0.00127	0.02411	0.00495	0.01954	0.00504
6	0.00550	0.00394	0.00508	0.00522	0.00561	0.00411	0.00356	0.00619	0.00651	0.00884	0.01535	0.15275	0.07591	0.36695	0.31249	0.00422	0.00590	0.00627	0.00260	0.00301
7	0.00653	0.00532	0.00607	0.00576	0.00624	0.06716	0.03643	0.00708	0.00652	0.00846	0.01174	0.05002	0.01279	0.54965	0.19993	0.00401	0.00565	0.00533	0.00234	0.00296

[dist]
# distance from previous block
# <min> <max>
0	1

[block]
# block no. 4 follows, 68 sequences, length 7
# corresponding to MSA columns:
# 170-176
name=unknown_E
#
# <colnr> <probs for GDERKNQSTAVLIFYWHMCP>
#	G	D	E	R	K	N	Q	S	T	A	V	L	I	F	Y	W	H	M	C	P
0	0.05595	0.00799	0.02854	0.00739	0.00987	0.02588	0.00599	0.06194	0.33959	0.25992	0.05964	0.03942	0.02906	0.00597	0.02216	0.00138	0.00346	0.00446	0.00403	0.02734
1	0.01127	0.31600	0.17520	0.00937	0.01300	0.11346	0.08847	0.14509	0.01058	0.04088	0.03661	0.00885	0.00675	0.00399	0.00347	0.00108	0.00505	0.00306	0.00234	0.00548
2	0.00597	0.00542	0.04362	0.00585	0.00686	0.03747	0.00443	0.00729	0.02667	0.01099	0.09677	0.43838	0.08233	0.09900	0.00630	0.00168	0.00289	0.04610	0.00336	0.06864
3	0.04840	0.29086	0.13328	0.00964	0.07752	0.08015	0.03602	0.08753	0.04893	0.09832	0.00803	0.00866	0.00619	0.00388	0.00335	0.00106	0.00459	0.00292	0.00247	0.04821
4	0.05908	0.01106	0.18343	0.05564	0.27045	0.00905	0.10908	0.05978	0.00912	0.05339	0.00889	0.07978	0.00761	0.00469	0.00460	0.00130	0.06106	0.00413	0.00232	0.00555
5	0.00647	0.00428	0.00510	0.00491	0.00606	0.00389	0.00364	0.00805	0.03177	0.08356	0.29702	0.14498	0.28804	0.03859	0.00509	0.00140	0.00221	0.00754	0.05359	0.00382
6	0.01116	0.00881	0.07256	0.08499	0.12223	0.00824	0.06621	0.16355	0.01100	0.18775	0.04975	0.08426	0.05232	0.00557	0.00467	0.00130	0.05207	0.00473	0.00325	0.00557

[dist]
# distance from previous block
# <min> <max>
3	30

[block]
# block no. 5 follows, 68 sequences, length 17
# corresponding to MSA columns:
# 207-223
name=unknown_F
#
# <colnr> <probs for GDERKNQSTAVLIFYWHMCP>
#	G	D	E	R	K	N	Q	S	T	A	V	L	I	F	Y	W	H	M	C	P
0	0.00826	0.00527	0.00633	0.00592	0.00720	0.00522	0.00437	0.04316	0.13519	0.13669	0.17533	0.20777	0.08593	0.13377	0.00683	0.00174	0.00282	0.02000	0.00387	0.00436
1	0.00917	0.00943	0.08374	0.09077	0.29189	0.04463	0.04442	0.05674	0.08366	0.02579	0.10753	0.03019	0.03421	0.00490	0.00428	0.00124	0.02736	0.00431	0.04036	0.00538
2	0.01060	0.86304	0.02078	0.00678	0.01018	0.01569	0.00678	0.01187	0.00806	0.00933	0.00551	0.00636	0.00509	0.00339	0.00254	0.00085	0.00424	0.00212	0.00170	0.00509
3	0.00839	0.00685	0.00800	0.00581	0.00918	0.00519	0.00464	0.01010	0.00840	0.04634	0.00944	0.01028	0.05712	0.00345	0.00309	0.00066	0.00290	0.00279	0.00254	0.79485
4	0.00544	0.00388	0.00502	0.00571	0.00622	0.00369	0.00403	0.00675	0.04318	0.02577	0.05068	0.66270	0.06901	0.01158	0.00500	0.00158	0.00244	0.08009	0.00374	0.00348
5	0.74671	0.00904	0.00666	0.00594	0.00836	0.10366	0.00480	0.03107	0.02891	0.01701	0.00596	0.00681	0.00465	0.00380	0.00266	0.00121	0.00356	0.00229	0.00248	0.00444
6	0.01367	0.03847	0.01097	0.00973	0.01164	0.71240	0.00735	0.01505	0.03971	0.00994	0.00727	0.04417	0.00642	0.00539	0.03202	0.00125	0.02476	0.00306	0.00217	0.00457
7	0.00932	0.00935	0.09473	0.06750	0.06202	0.04567	0.04294	0.18615	0.11361	0.01561	0.15083	0.05136	0.08374	0.01819	0.01632	0.00138	0.01789	0.00499	0.00324	0.00516
8	0.00503	0.00387	0.00452	0.00471	0.00553	0.00350	0.00333	0.00602	0.00858	0.01106	0.16562	0.24795	0.36803	0.09824	0.04413	0.00188	0.00264	0.00847	0.00360	0.00329
9	0.17509	0.00838	0.02156	0.08492	0.01156	0.03401	0.05580	0.20375	0.10381	0.04991	0.04862	0.06135	0.02467	0.05303	0.01284	0.00146	0.01385	0.00427	0.02603	0.00507
10	0.00550	0.00386	0.00437	0.00441	0.00474	0.00371	0.00271	0.00588	0.00692	0.00907	0.08645	0.08604	0.16044	0.58215	0.01513	0.00303	0.00325	0.00672	0.00288	0.00274
11	0.01143	0.00923	0.00949	0.00791	0.01034	0.04720	0.00631	0.36926	0.27411	0.01929	0.09427	0.01596	0.09600	0.00579	0.00411	0.00125	0.00362	0.00465	0.00391	0.00586
12	0.07065	0.11031	0.02524	0.02717	0.10338	0.24121	0.04251	0.19316	0.02524	0.05165	0.00809	0.03165	0.00652	0.00426	0.00360	0.00110	0.00503	0.00325	0.00266	0.04330
13	0.00922	0.00754	0.02073	0.01854	0.04862	0.04330	0.04246	0.11130	0.16911	0.05934	0.06051	0.05675	0.01251	0.16013	0.11347	0.00240	0.03721	0.01898	0.00312	0.00477
14	0.01012	0.02167	0.09326	0.00925	0.07831	0.03010	0.06420	0.11771	0.01056	0.11599	0.10698	0.02635	0.06463	0.00490	0.00405	0.00109	0.02109	0.00414	0.00306	0.21255
15	0.03123	0.02814	0.02393	0.07571	0.04169	0.21376	0.00730	0.16331	0.08131	0.01359	0.00883	0.03205	0.00747	0.03098	0.10573	0.00188	0.07118	0.00358	0.00260	0.05572
16	0.12370	0.02114	0.06178	0.00850	0.09407	0.06693	0.00637	0.01190	0.00885	0.13830	0.03301	0.09444	0.00948	0.00480	0.00355	0.00105	0.00363	0.02242	0.00285	0.28321

[dist]
# distance from previous block
# <min> <max>
6	13

[block]
# block no. 6 follows, 68 sequences, length 6
# corresponding to MSA columns:
# 237-242
name=unknown_G
#
# <colnr> <probs for GDERKNQSTAVLIFYWHMCP>
#	G	D	E	R	K	N	Q	S	T	A	V	L	I	F	Y	W	H	M	C	P
0	0.00884	0.05778	0.16529	0.00725	0.00948	0.00668	0.04265	0.06268	0.00857	0.12419	0.04514	0.05902	0.01171	0.27931	0.07197	0.00244	0.00465	0.00476	0.02319	0.00443
1	0.00686	0.00454	0.00577	0.00545	0.00603	0.00471	0.00375	0.00748	0.00654	0.07059	0.01204	0.05515	0.01260	0.47769	0.21557	0.00390	0.04700	0.00521	0.00254	0.04659
2	0.04326	0.00694	0.07830	0.00804	0.05040	0.00603	0.06183	0.05562	0.05640	0.02981	0.04340	0.33055	0.10825	0.05027	0.00552	0.00155	0.02526	0.03107	0.00323	0.00427
3	0.03415	0.15392	0.18545	0.03255	0.06896	0.04442	0.03731	0.19601	0.10357	0.06643	0.00885	0.00949	0.00663	0.00426	0.00395	0.00119	0.03099	0.00328	0.00273	0.00587
4	0.05875	0.05116	0.07565	0.01007	0.08924	0.05520	0.11502	0.05561	0.02423	0.09825	0.03451	0.01141	0.02784	0.02736	0.04661	0.00142	0.02327	0.00358	0.00262	0.18818
5	0.02620	0.02260	0.03512	0.05685	0.16757	0.02812	0.07398	0.18687	0.09097	0.08900	0.06667	0.05424	0.01043	0.03317	0.00456	0.00131	0.00420	0.00434	0.00313	0.04069

[dist]
# distance from previous block
# <min> <max>
7	43

[block]
# block no. 7 follows, 68 sequences, length 51
# corresponding to MSA columns:
# 286-336
name=unknown_H
#
# <colnr> <probs for GDERKNQSTAVLIFYWHMCP>
#	G	D	E	R	K	N	Q	S	T	A	V	L	I	F	Y	W	H	M	C	P
0	0.11709	0.06394	0.08259	0.05412	0.11130	0.06048	0.04811	0.10337	0.04325	0.08325	0.01912	0.08218	0.01743	0.00489	0.00373	0.00119	0.00421	0.01773	0.00278	0.07925
1	0.04587	0.05980	0.15145	0.01938	0.07288	0.07556	0.03425	0.20303	0.09764	0.08326	0.02722	0.01996	0.00792	0.02918	0.00423	0.00124	0.00451	0.00356	0.00296	0.05611
2	0.23601	0.03373	0.06870	0.03846	0.11195	0.05131	0.01797	0.13220	0.04997	0.09671	0.01023	0.09526	0.01800	0.00540	0.01647	0.00133	0.00408	0.00400	0.00294	0.00527
3	0.08840	0.01000	0.08615	0.03637	0.16080	0.05158	0.12952	0.08642	0.07858	0.05671	0.03102	0.02329	0.05115	0.03479	0.00466	0.00132	0.02013	0.00405	0.00269	0.04236
4	0.07304	0.00777	0.01137	0.08499	0.37835	0.00779	0.00849	0.04468	0.03222	0.03118	0.04857	0.03226	0.08650	0.01546	0.00407	0.00120	0.00388	0.01795	0.00257	0.10766
5	0.00961	0.00921	0.01573	0.09660	0.76525	0.00937	0.01207	0.01199	0.00893	0.01271	0.00742	0.00988	0.00619	0.00357	0.00393	0.00119	0.00476	0.00353	0.00195	0.00612
6	0.00966	0.00930	0.01599	0.07683	0.76649	0.00940	0.02990	0.01205	0.00897	0.01277	0.00744	0.00988	0.00621	0.00356	0.00394	0.00119	0.00479	0.00356	0.00195	0.00614
7	0.00963	0.00923	0.01576	0.09090	0.77083	0.00937	0.01208	0.01200	0.00894	0.01273	0.00742	0.00987	0.00620	0.00357	0.00393	0.00119	0.00476	0.00353	0.00195	0.00613
8	0.00469	0.00399	0.00404	0.00408	0.00537	0.00334	0.00304	0.00568	0.00898	0.01069	0.03940	0.07238	0.80059	0.01014	0.00470	0.00135	0.00202	0.00849	0.00368	0.00334
9	0.07775	0.00681	0.00897	0.00693	0.00995	0.00604	0.00572	0.01879	0.01103	0.78215	0.01495	0.01301	0.00943	0.00482	0.00388	0.00123	0.00335	0.00386	0.00474	0.00658
10	0.00549	0.00405	0.00513	0.00486	0.00585	0.00369	0.00364	0.00724	0.01093	0.01519	0.72575	0.03078	0.14594	0.00837	0.00468	0.00126	0.00189	0.00733	0.00427	0.00369
11	0.00622	0.00447	0.00617	0.00705	0.00794	0.00443	0.00607	0.00794	0.00903	0.01171	0.02192	0.09340	0.05994	0.01100	0.00542	0.00179	0.00349	0.72475	0.00365	0.00361
12	0.00986	0.00852	0.00897	0.00807	0.01031	0.00986	0.00628	0.02107	0.82876	0.01659	0.01614	0.01479	0.01210	0.00538	0.00403	0.00134	0.00314	0.00448	0.00403	0.00628
13	0.01507	0.01111	0.01190	0.00912	0.01230	0.01230	0.00754	0.82270	0.01864	0.02499	0.00952	0.00952	0.00674	0.00476	0.00397	0.00119	0.00436	0.00357	0.00397	0.00674
14	0.88866	0.00767	0.00583	0.00521	0.00767	0.00889	0.00429	0.01166	0.00675	0.01779	0.00552	0.00644	0.00429	0.00368	0.00245	0.00123	0.00307	0.00215	0.00245	0.00429
15	0.88866	0.00767	0.00583	0.00521	0.00767	0.00889	0.00429	0.01166	0.00675	0.01779	0.00552	0.00644	0.00429	0.00368	0.00245	0.00123	0.00307	0.00215	0.00245	0.00429
16	0.01060	0.86304	0.02078	0.00678	0.01018	0.01569	0.00678	0.01187	0.00806	0.00933	0.00551	0.00636	0.00509	0.00339	0.00254	0.00085	0.00424	0.00212	0.00170	0.00509
17	0.01589	0.00980	0.01109	0.00850	0.01164	0.01036	0.00702	0.58199	0.01646	0.26879	0.01135	0.01071	0.00766	0.00480	0.00397	0.00120	0.00407	0.00369	0.00425	0.00674
18	0.00850	0.00793	0.01189	0.00849	0.01213	0.00643	0.20201	0.01064	0.00850	0.01287	0.00728	0.00882	0.00591	0.00303	0.00336	0.00077	0.00384	0.00291	0.00227	0.67243
19	0.88866	0.00767	0.00583	0.00521	0.00767	0.00889	0.00429	0.01166	0.00675	0.01779	0.00552	0.00644	0.00429	0.00368	0.00245	0.00123	0.00307	0.00215	0.00245	0.00429
20	0.00639	0.00456	0.00639	0.00730	0.00821	0.00456	0.00639	0.00821	0.00913	0.01187	0.02099	0.04472	0.02282	0.01095	0.00548	0.00183	0.00365	0.80924	0.00365	0.00365
21	0.01381	0.01655	0.01023	0.00929	0.01122	0.70059	0.00699	0.04342	0.01110	0.01094	0.00718	0.00828	0.00585	0.00418	0.00348	0.00101	0.00633	0.00275	0.12226	0.00455
22	0.01513	0.00735	0.00928	0.00704	0.01018	0.00655	0.00578	0.12660	0.01168	0.53525	0.02979	0.01216	0.00912	0.00453	0.00378	0.00109	0.00338	0.00365	0.00422	0.19342
23	0.01614	0.00636	0.00860	0.00672	0.00949	0.00553	0.00550	0.01772	0.01123	0.72298	0.10166	0.01524	0.01273	0.00523	0.00402	0.00122	0.00316	0.00431	0.03584	0.00632
24	0.00561	0.00405	0.00530	0.00499	0.00592	0.00374	0.00374	0.00748	0.01122	0.01590	0.83383	0.02962	0.03741	0.00811	0.00468	0.00125	0.00187	0.00717	0.00436	0.00374
25	0.00749	0.00705	0.01189	0.85113	0.02731	0.00881	0.01101	0.01013	0.00793	0.01013	0.00705	0.01057	0.00529	0.00396	0.00396	0.00132	0.00529	0.00352	0.00176	0.00440
26	0.01771	0.00687	0.00928	0.00711	0.01018	0.00601	0.00588	0.04257	0.01156	0.81512	0.01547	0.01338	0.00973	0.00490	0.00399	0.00123	0.00340	0.00398	0.00488	0.00675
27	0.00559	0.00405	0.00527	0.00497	0.00591	0.00373	0.00373	0.00745	0.01118	0.01580	0.81833	0.02978	0.05298	0.00814	0.00468	0.00125	0.00187	0.00719	0.00435	0.00373
28	0.00577	0.00425	0.00542	0.00510	0.00610	0.00401	0.00383	0.00804	0.04835	0.01576	0.77064	0.02922	0.06236	0.00805	0.00465	0.00125	0.00193	0.00709	0.00433	0.00384
29	0.00749	0.00705	0.01189	0.85113	0.02731	0.00881	0.01101	0.01013	0.00793	0.01013	0.00705	0.01057	0.00529	0.00396	0.00396	0.00132	0.00529	0.00352	0.00176	0.00440
30	0.01509	0.00771	0.00939	0.00757	0.01039	0.00769	0.00613	0.09697	0.26400	0.50718	0.01521	0.01351	0.01023	0.00504	0.00400	0.00126	0.00340	0.00410	0.00455	0.00660
31	0.76562	0.00762	0.00635	0.00551	0.00805	0.00858	0.00454	0.02714	0.00753	0.11914	0.00684	0.00737	0.00502	0.00385	0.00267	0.00123	0.00313	0.00240	0.00278	0.00464
32	0.00479	0.00408	0.00413	0.00415	0.00546	0.00346	0.00310	0.00597	0.02406	0.01080	0.03905	0.06788	0.78948	0.01004	0.00469	0.00135	0.00204	0.00840	0.00369	0.00340
33	0.00628	0.00502	0.00700	0.00666	0.00705	0.00609	0.00505	0.00724	0.00616	0.00889	0.01002	0.01680	0.01011	0.23156	0.47694	0.00483	0.17430	0.00447	0.00212	0.00341
34	0.00657	0.00520	0.00684	0.00662	0.00739	0.04664	0.01745	0.00781	0.00679	0.03196	0.01106	0.05681	0.01070	0.10716	0.62079	0.00527	0.03441	0.00463	0.00229	0.00361
35	0.71987	0.08392	0.02363	0.02030	0.00872	0.06645	0.00506	0.01195	0.00722	0.01626	0.00562	0.00659	0.00445	0.00369	0.00259	0.00118	0.00354	0.00221	0.00233	0.00442
36	0.00735	0.00370	0.00371	0.00371	0.00461	0.00370	0.00276	0.00914	0.00824	0.01459	0.01292	0.01509	0.01028	0.02812	0.00325	0.00100	0.00190	0.00375	0.85851	0.00366
37	0.01040	0.77081	0.07249	0.00787	0.04819	0.01499	0.00753	0.01193	0.00812	0.00970	0.00570	0.00664	0.00514	0.00342	0.00268	0.00089	0.00436	0.00224	0.00171	0.00519
38	0.00638	0.00426	0.00563	0.00535	0.00640	0.00394	0.00413	0.00823	0.01101	0.06223	0.70318	0.03027	0.03433	0.00822	0.00472	0.00131	0.00214	0.09004	0.00432	0.00390
39	0.00572	0.00404	0.00531	0.00531	0.00564	0.00438	0.00363	0.00640	0.00606	0.00841	0.01160	0.02098	0.01226	0.46257	0.41532	0.00506	0.00709	0.00504	0.00227	0.00295
40	0.11035	0.00688	0.00884	0.00688	0.00986	0.00624	0.00567	0.01854	0.02766	0.73437	0.01457	0.01277	0.00927	0.00479	0.00382	0.00123	0.00334	0.00380	0.00463	0.00648
41	0.00585	0.00399	0.00494	0.00470	0.00566	0.00371	0.00352	0.00766	0.01057	0.01535	0.63791	0.02767	0.08839	0.00764	0.00435	0.00120	0.00188	0.00666	0.15465	0.00371
42	0.00587	0.00449	0.00678	0.00719	0.04800	0.00514	0.00522	0.00729	0.00648	0.00934	0.01053	0.01565	0.00989	0.05758	0.77440	0.00603	0.01009	0.00427	0.00213	0.00364
43	0.00795	0.02051	0.84011	0.01130	0.01716	0.00921	0.01465	0.01256	0.00837	0.01256	0.00712	0.00837	0.00502	0.00377	0.00377	0.00126	0.00586	0.00293	0.00167	0.00586
44	0.88866	0.00767	0.00583	0.00521	0.00767	0.00889	0.00429	0.01166	0.00675	0.01779	0.00552	0.00644	0.00429	0.00368	0.00245	0.00123	0.00307	0.00215	0.00245	0.00429
45	0.00566	0.00425	0.00637	0.00637	0.00708	0.00496	0.00496	0.00708	0.00637	0.00920	0.01062	0.01558	0.00991	0.02974	0.84494	0.00637	0.01062	0.00425	0.00212	0.00354
46	0.00939	0.01723	0.57569	0.01123	0.03397	0.00982	0.05265	0.14655	0.07886	0.01496	0.00832	0.00924	0.00598	0.00404	0.00387	0.00125	0.00540	0.00327	0.00227	0.00602
47	0.88866	0.00767	0.00583	0.00521	0.00767	0.00889	0.00429	0.01166	0.00675	0.01779	0.00552	0.00644	0.00429	0.00368	0.00245	0.00123	0.00307	0.00215	0.00245	0.00429
48	0.00483	0.00345	0.00460	0.00552	0.00575	0.00322	0.00368	0.00552	0.00759	0.01012	0.02185	0.85807	0.02622	0.01242	0.00506	0.00161	0.00230	0.01127	0.00368	0.00322
49	0.00533	0.00384	0.00505	0.00518	0.00586	0.00356	0.00372	0.00678	0.00993	0.01384	0.54502	0.32429	0.03343	0.00964	0.00481	0.00138	0.00202	0.00863	0.00412	0.00356
50	0.03369	0.05213	0.04329	0.20572	0.35476	0.06103	0.14376	0.01205	0.00890	0.02474	0.01856	0.00998	0.00626	0.00372	0.00393	0.00122	0.00522	0.00359	0.00200	0.00545

[dist]
# distance from previous block
# <min> <max>
0	3

[block]
# block no. 8 follows, 68 sequences, length 79
# corresponding to MSA columns:
# 340-418
name=unknown_I
#
# <colnr> <probs for GDERKNQSTAVLIFYWHMCP>
#	G	D	E	R	K	N	Q	S	T	A	V	L	I	F	Y	W	H	M	C	P
0	0.01072	0.55575	0.12608	0.00950	0.08500	0.07716	0.02977	0.02638	0.00872	0.02990	0.00631	0.00733	0.00535	0.00356	0.00302	0.00097	0.00476	0.00252	0.00187	0.00533
1	0.00611	0.00453	0.00618	0.00640	0.00712	0.00463	0.02366	0.07348	0.00837	0.01131	0.01782	0.50193	0.02007	0.02691	0.19205	0.00268	0.00456	0.07524	0.00330	0.00366
2	0.00483	0.00357	0.00453	0.00528	0.00572	0.00327	0.00361	0.00560	0.00788	0.01026	0.02521	0.69250	0.17486	0.01196	0.00500	0.00156	0.00227	0.02515	0.00368	0.00325
3	0.01014	0.00950	0.01571	0.23615	0.56484	0.00990	0.03836	0.01227	0.00930	0.01305	0.00830	0.01135	0.00692	0.00441	0.00467	0.00142	0.03137	0.00389	0.00225	0.00620
4	0.00943	0.00992	0.05067	0.05573	0.52567	0.00937	0.19223	0.01205	0.00892	0.01268	0.00748	0.00988	0.00608	0.00357	0.00425	0.00121	0.02468	0.00370	0.00197	0.05053
5	0.00622	0.00446	0.00619	0.00706	0.00793	0.00442	0.00607	0.00795	0.00905	0.01178	0.03464	0.10494	0.04063	0.01100	0.00542	0.00179	0.00349	0.71969	0.00367	0.00361
6	0.09441	0.07196	0.35300	0.00994	0.01395	0.00961	0.08443	0.07853	0.00943	0.15415	0.00842	0.00925	0.00602	0.00423	0.00446	0.00126	0.07548	0.00324	0.00252	0.00571
7	0.00689	0.00344	0.00517	0.00517	0.00517	0.00344	0.00344	0.00517	0.00517	0.00689	0.00689	0.01205	0.00689	0.01377	0.01550	0.88464	0.00344	0.00344	0.00172	0.00172
8	0.05327	0.06989	0.29346	0.01183	0.07570	0.07876	0.15561	0.08379	0.01000	0.11820	0.00833	0.00932	0.00603	0.00390	0.00383	0.00121	0.00534	0.00336	0.00243	0.00576
9	0.01057	0.83056	0.02033	0.00683	0.01018	0.01547	0.00676	0.01222	0.03926	0.00960	0.00592	0.00668	0.00535	0.00347	0.00260	0.00087	0.00420	0.00221	0.00178	0.00513
10	0.00561	0.00405	0.00530	0.00499	0.00592	0.00374	0.00374	0.00748	0.01122	0.01590	0.83383	0.02962	0.03741	0.00811	0.00468	0.00125	0.00187	0.00717	0.00436	0.00374
11	0.00749	0.00705	0.01189	0.85113	0.02731	0.00881	0.01101	0.01013	0.00793	0.01013	0.00705	0.01057	0.00529	0.00396	0.00396	0.00132	0.00529	0.00352	0.00176	0.00440
12	0.71255	0.00861	0.00703	0.00604	0.00860	0.03667	0.00495	0.14890	0.00890	0.01874	0.00622	0.00698	0.00473	0.00388	0.00275	0.00121	0.00342	0.00240	0.00270	0.00472
13	0.00634	0.00367	0.00525	0.00531	0.00547	0.00381	0.00361	0.00568	0.00565	0.00768	0.00940	0.06402	0.00980	0.14809	0.18843	0.51411	0.00493	0.00442	0.00202	0.00229
14	0.00498	0.00361	0.00473	0.00559	0.00592	0.00340	0.00381	0.00592	0.02265	0.01033	0.02235	0.78214	0.05381	0.01215	0.00505	0.00160	0.00236	0.04263	0.00369	0.00330
15	0.01522	0.01087	0.01175	0.00901	0.01218	0.01195	0.00744	0.77969	0.01825	0.06855	0.00985	0.00973	0.00691	0.00477	0.00397	0.00119	0.00431	0.00359	0.00402	0.00674
16	0.00651	0.01170	0.39657	0.00830	0.01124	0.00636	0.01905	0.00903	0.00782	0.01107	0.01418	0.30991	0.04727	0.08745	0.01951	0.00172	0.01894	0.00640	0.00254	0.00444
17	0.88866	0.00767	0.00583	0.00521	0.00767	0.00889	0.00429	0.01166	0.00675	0.01779	0.00552	0.00644	0.00429	0.00368	0.00245	0.00123	0.00307	0.00215	0.00245	0.00429
18	0.88866	0.00767	0.00583	0.00521	0.00767	0.00889	0.00429	0.01166	0.00675	0.01779	0.00552	0.00644	0.00429	0.00368	0.00245	0.00123	0.00307	0.00215	0.00245	0.00429
19	0.00986	0.00852	0.00897	0.00807	0.01031	0.00986	0.00628	0.02107	0.82876	0.01659	0.01614	0.01479	0.01210	0.00538	0.00403	0.00134	0.00314	0.00448	0.00403	0.00628
20	0.00764	0.02068	0.00663	0.00677	0.02608	0.09106	0.00477	0.04046	0.00882	0.07998	0.01908	0.57115	0.05366	0.01006	0.00483	0.00147	0.01687	0.02255	0.00352	0.00393
21	0.00469	0.00402	0.00402	0.00402	0.00536	0.00335	0.00301	0.00569	0.00904	0.01071	0.04017	0.03816	0.83432	0.01004	0.00469	0.00134	0.00201	0.00837	0.00368	0.00335
22	0.88866	0.00767	0.00583	0.00521	0.00767	0.00889	0.00429	0.01166	0.00675	0.01779	0.00552	0.00644	0.00429	0.00368	0.00245	0.00123	0.00307	0.00215	0.00245	0.00429
23	0.00986	0.00852	0.00897	0.00807	0.01031	0.00986	0.00628	0.02107	0.82876	0.01659	0.01614	0.01479	0.01210	0.00538	0.00403	0.00134	0.00314	0.00448	0.00403	0.00628
24	0.01779	0.00675	0.00920	0.00705	0.01012	0.00583	0.00583	0.01932	0.01135	0.83867	0.01564	0.01350	0.00981	0.00491	0.00399	0.00123	0.00337	0.00399	0.00491	0.00675
25	0.00749	0.00705	0.01189	0.85113	0.02731	0.00881	0.01101	0.01013	0.00793	0.01013	0.00705	0.01057	0.00529	0.00396	0.00396	0.00132	0.00529	0.00352	0.00176	0.00440
26	0.00935	0.00558	0.00578	0.00508	0.00657	0.00589	0.00398	0.21635	0.01094	0.01738	0.01206	0.01344	0.00929	0.00466	0.00308	0.00099	0.00249	0.00366	0.65895	0.00447
27	0.00963	0.00675	0.00967	0.01198	0.23823	0.03516	0.00778	0.01148	0.00954	0.16297	0.02664	0.06312	0.01559	0.00758	0.00468	0.00149	0.00393	0.36545	0.00337	0.00496
28	0.05964	0.07463	0.52808	0.03935	0.05434	0.00906	0.01179	0.01350	0.00878	0.15238	0.00837	0.00913	0.00587	0.00392	0.00366	0.00122	0.00509	0.00306	0.00228	0.00584
29	0.00577	0.00384	0.00432	0.00432	0.00432	0.00384	0.00240	0.00577	0.00577	0.00769	0.01249	0.02595	0.01441	0.86066	0.02018	0.00384	0.00384	0.00577	0.00240	0.00240
30	0.00820	0.00778	0.01319	0.59617	0.27666	0.00900	0.01137	0.01076	0.00827	0.01100	0.00717	0.01034	0.00559	0.00383	0.00395	0.00128	0.00511	0.00353	0.00182	0.00498
31	0.00842	0.03289	0.62184	0.01314	0.11133	0.00945	0.09305	0.01281	0.03694	0.01270	0.00753	0.00895	0.00551	0.00375	0.00386	0.00125	0.00569	0.00321	0.00182	0.00586
32	0.00751	0.00705	0.01177	0.82187	0.02669	0.00869	0.01079	0.01013	0.00794	0.01023	0.00705	0.01049	0.00531	0.00393	0.00393	0.00130	0.00520	0.00348	0.00178	0.03488
33	0.00899	0.01093	0.30025	0.00965	0.09149	0.00694	0.00876	0.06233	0.01979	0.07901	0.03349	0.01101	0.00740	0.00747	0.00785	0.30411	0.00441	0.00343	0.00226	0.02043
34	0.88866	0.00767	0.00583	0.00521	0.00767	0.00889	0.00429	0.01166	0.00675	0.01779	0.00552	0.00644	0.00429	0.00368	0.00245	0.00123	0.00307	0.00215	0.00245	0.00429
35	0.00745	0.00697	0.01172	0.82515	0.02672	0.00868	0.01087	0.01007	0.00797	0.01018	0.00748	0.01162	0.00583	0.00418	0.00401	0.00134	0.00524	0.02832	0.00182	0.00438
36	0.00702	0.00607	0.00965	0.03439	0.35656	0.00599	0.00744	0.00849	0.00829	0.01145	0.03442	0.45979	0.01755	0.00836	0.00455	0.00141	0.00338	0.00772	0.00292	0.00455
37	0.00993	0.02378	0.04553	0.05616	0.13032	0.00930	0.40541	0.07864	0.04947	0.06384	0.00995	0.08111	0.00823	0.00448	0.00437	0.00131	0.00535	0.00477	0.00254	0.00551
38	0.21403	0.00695	0.00844	0.00664	0.00957	0.00652	0.00548	0.01759	0.01031	0.65370	0.01336	0.01191	0.00857	0.00463	0.00364	0.00123	0.00330	0.00357	0.00435	0.00619
39	0.01621	0.00636	0.00844	0.00661	0.00937	0.00561	0.00542	0.01797	0.02649	0.71002	0.01528	0.01370	0.00991	0.00488	0.00382	0.00119	0.00316	0.00396	0.12529	0.00632
40	0.17879	0.00688	0.00957	0.04249	0.17869	0.00744	0.02245	0.02258	0.00806	0.13551	0.00951	0.01229	0.00784	0.01230	0.26651	0.00287	0.04685	0.02188	0.00259	0.00488
41	0.01440	0.01822	0.01130	0.01023	0.01213	0.78923	0.00773	0.01541	0.01089	0.00969	0.00607	0.00725	0.00511	0.00428	0.00420	0.00107	0.06357	0.00261	0.00202	0.00458
42	0.00562	0.00402	0.00551	0.00642	0.00700	0.00390	0.00505	0.00689	0.00837	0.01101	0.02142	0.44559	0.02450	0.01168	0.00527	0.00172	0.00299	0.41596	0.00367	0.00344
43	0.00497	0.00403	0.00440	0.00431	0.00553	0.00347	0.00323	0.00623	0.00970	0.01227	0.27940	0.03558	0.59411	0.00946	0.00468	0.00131	0.00197	0.00801	0.00389	0.00347
44	0.00950	0.06245	0.14374	0.05471	0.06242	0.00875	0.00778	0.21552	0.10121	0.02663	0.09407	0.08958	0.09488	0.00600	0.00409	0.00126	0.00386	0.00499	0.00322	0.00535
45	0.01161	0.01556	0.17437	0.08363	0.08027	0.37061	0.13605	0.01395	0.00984	0.04083	0.00712	0.00869	0.00551	0.00394	0.00404	0.00117	0.02245	0.00318	0.00203	0.00515
46	0.88866	0.00767	0.00583	0.00521	0.00767	0.00889	0.00429	0.01166	0.00675	0.01779	0.00552	0.00644	0.00429	0.00368	0.00245	0.00123	0.00307	0.00215	0.00245	0.00429
47	0.00471	0.00402	0.00405	0.00404	0.00537	0.00336	0.00303	0.00573	0.00909	0.01084	0.05949	0.03795	0.81491	0.00999	0.00469	0.00134	0.00200	0.00834	0.00370	0.00336
48	0.01069	0.84502	0.02057	0.00686	0.01022	0.03338	0.00680	0.01196	0.00812	0.00934	0.00553	0.00638	0.00509	0.00341	0.00257	0.00085	0.00430	0.00213	0.00170	0.00508
49	0.01773	0.00685	0.00926	0.00710	0.01017	0.00598	0.00587	0.03812	0.01152	0.81963	0.01550	0.01340	0.00974	0.00490	0.00399	0.00123	0.00340	0.00398	0.00489	0.00675
50	0.00483	0.00345	0.00460	0.00552	0.00575	0.00322	0.00368	0.00552	0.00759	0.01012	0.02185	0.85807	0.02622	0.01242	0.00506	0.00161	0.00230	0.01127	0.00368	0.00322
51	0.00527	0.00404	0.00483	0.00463	0.00571	0.00360	0.00347	0.00682	0.01042	0.01399	0.54163	0.03276	0.33080	0.00882	0.00468	0.00128	0.00192	0.00761	0.00411	0.00360
52	0.00561	0.00405	0.00530	0.00499	0.00592	0.00374	0.00374	0.00748	0.01122	0.01590	0.83383	0.02962	0.03741	0.00811	0.00468	0.00125	0.00187	0.00717	0.00436	0.00374
53	0.00726	0.00371	0.00373	0.00373	0.00467	0.00368	0.00279	0.00907	0.00838	0.01464	0.02573	0.01592	0.04318	0.00488	0.00287	0.00094	0.00185	0.00393	0.83533	0.00368
54	0.88866	0.00767	0.00583	0.00521	0.00767	0.00889	0.00429	0.01166	0.00675	0.01779	0.00552	0.00644	0.00429	0.00368	0.00245	0.00123	0.00307	0.00215	0.00245	0.00429
55	0.88866	0.00767	0.00583	0.00521	0.00767	0.00889	0.00429	0.01166	0.00675	0.01779	0.00552	0.00644	0.00429	0.00368	0.00245	0.00123	0.00307	0.00215	0.00245	0.00429
56	0.01060	0.86304	0.02078	0.00678	0.01018	0.01569	0.00678	0.01187	0.00806	0.00933	0.00551	0.00636	0.00509	0.00339	0.00254	0.00085	0.00424	0.00212	0.00170	0.00509
57	0.88866	0.00767	0.00583	0.00521	0.00767	0.00889	0.00429	0.01166	0.00675	0.01779	0.00552	0.00644	0.00429	0.00368	0.00245	0.00123	0.00307	0.00215	0.00245	0.00429
58	0.01507	0.01111	0.01190	0.00912	0.01230	0.01230	0.00754	0.82270	0.01864	0.02499	0.00952	0.00952	0.00674	0.00476	0.00397	0.00119	0.00436	0.00357	0.00397	0.00674
59	0.00483	0.00345	0.00460	0.00552	0.00575	0.00322	0.00368	0.00552	0.00759	0.01012	0.02185	0.85807	0.02622	0.01242	0.00506	0.00161	0.00230	0.01127	0.00368	0.00322
60	0.00986	0.00852	0.00897	0.00807	0.01031	0.00986	0.00628	0.02107	0.82876	0.01659	0.01614	0.01479	0.01210	0.00538	0.00403	0.00134	0.00314	0.00448	0.00403	0.00628
61	0.88866	0.00767	0.00583	0.00521	0.00767	0.00889	0.00429	0.01166	0.00675	0.01779	0.00552	0.00644	0.00429	0.00368	0.00245	0.00123	0.00307	0.00215	0.00245	0.00429
62	0.01779	0.00675	0.00920	0.00705	0.01012	0.00583	0.00583	0.01932	0.01135	0.83867	0.01564	0.01350	0.00981	0.00491	0.00399	0.00123	0.00337	0.00399	0.00491	0.00675
63	0.01060	0.86304	0.02078	0.00678	0.01018	0.01569	0.00678	0.01187	0.00806	0.00933	0.00551	0.00636	0.00509	0.00339	0.00254	0.00085	0.00424	0.00212	0.00170	0.00509
64	0.00501	0.00365	0.00487	0.02479	0.00635	0.00350	0.00391	0.00599	0.02685	0.01027	0.02138	0.81905	0.02542	0.01206	0.00501	0.00160	0.00239	0.01094	0.00365	0.00332
65	0.00577	0.00384	0.00432	0.00432	0.00432	0.00384	0.00240	0.00577	0.00577	0.00769	0.01249	0.02595	0.01441	0.86066	0.02018	0.00384	0.00384	0.00577	0.00240	0.00240
66	0.00749	0.00705	0.01189	0.85113	0.02731	0.00881	0.01101	0.01013	0.00793	0.01013	0.00705	0.01057	0.00529	0.00396	0.00396	0.00132	0.00529	0.00352	0.00176	0.00440
67	0.02560	0.01056	0.02559	0.00965	0.02871	0.02861	0.02624	0.54538	0.01507	0.08968	0.00908	0.00964	0.00663	0.00503	0.00544	0.00128	0.14453	0.00356	0.00349	0.00621
68	0.00796	0.05193	0.78333	0.01095	0.01654	0.00927	0.01401	0.01231	0.00834	0.01236	0.00751	0.03445	0.00568	0.00402	0.00376	0.00125	0.00569	0.00316	0.00174	0.00575
69	0.00689	0.00344	0.00517	0.00517	0.00517	0.00344	0.00344	0.00517	0.00517	0.00689	0.00689	0.01205	0.00689	0.01377	0.01550	0.88464	0.00344	0.00344	0.00172	0.00172
70	0.00822	0.00705	0.00822	0.00587	0.00940	0.00529	0.00470	0.00998	0.00822	0.01292	0.00705	0.00822	0.00587	0.00294	0.00294	0.00059	0.00294	0.00235	0.00235	0.88490
71	0.04160	0.02459	0.04564	0.00905	0.01232	0.01212	0.00771	0.75212	0.01769	0.02402	0.00924	0.00933	0.00657	0.00466	0.00389	0.00119	0.00438	0.00348	0.00379	0.00661
72	0.00483	0.00345	0.00460	0.00552	0.00575	0.00322	0.00368	0.00552	0.00759	0.01012	0.02185	0.85807	0.02622	0.01242	0.00506	0.00161	0.00230	0.01127	0.00368	0.00322
73	0.00559	0.00414	0.00509	0.00501	0.00598	0.00386	0.00373	0.00752	0.04281	0.01409	0.50339	0.13871	0.17906	0.00886	0.00466	0.00132	0.00204	0.02592	0.03453	0.00370
74	0.00950	0.22410	0.42860	0.01208	0.12972	0.01075	0.05618	0.02376	0.00872	0.05111	0.00726	0.00847	0.00552	0.00369	0.00355	0.00115	0.00521	0.00297	0.00192	0.00576
75	0.00818	0.07161	0.76153	0.01148	0.04508	0.00961	0.01408	0.01250	0.00837	0.01237	0.00703	0.00830	0.00507	0.00374	0.00370	0.00123	0.00572	0.00290	0.00169	0.00583
76	0.00483	0.00345	0.00460	0.00552	0.00575	0.00322	0.00368	0.00552	0.00759	0.01012	0.02185	0.85807	0.02622	0.01242	0.00506	0.00161	0.00230	0.01127	0.00368	0.00322
77	0.00578	0.00408	0.00526	0.00502	0.00599	0.00375	0.00375	0.00749	0.01072	0.03500	0.68039	0.08231	0.10277	0.00886	0.01998	0.00137	0.00211	0.00740	0.00424	0.00374
78	0.04755	0.09666	0.12669	0.01366	0.24603	0.04745	0.06604	0.16891	0.03367	0.10296	0.00863	0.00955	0.00647	0.00400	0.00376	0.00117	0.00475	0.00337	0.00268	0.00602

[dist]
# distance from previous block
# <min> <max>
0	1

[block]
# block no. 9 follows, 68 sequences, length 145
# corresponding to MSA columns:
# 420-564
name=unknown_J
#
# <colnr> <probs for GDERKNQSTAVLIFYWHMCP>
#	G	D	E	R	K	N	Q	S	T	A	V	L	I	F	Y	W	H	M	C	P
0	0.01061	0.30214	0.11092	0.00858	0.01168	0.10924	0.03860	0.06175	0.25822	0.01300	0.00976	0.03246	0.00791	0.00444	0.00349	0.00113	0.00448	0.00341	0.00264	0.00554
1	0.70184	0.02095	0.01970	0.03939	0.06288	0.03311	0.03449	0.01193	0.00728	0.03002	0.00600	0.00713	0.00466	0.00370	0.00276	0.00122	0.00357	0.00243	0.00239	0.00455
2	0.00894	0.04528	0.09592	0.26168	0.27457	0.00929	0.02709	0.02181	0.14078	0.02302	0.04627	0.01151	0.00821	0.00421	0.00393	0.00125	0.00461	0.00376	0.00237	0.00551
3	0.00531	0.00373	0.00438	0.00469	0.00494	0.00357	0.00291	0.00567	0.00679	0.00889	0.01912	0.31146	0.12009	0.46571	0.01310	0.00277	0.00309	0.00797	0.00300	0.00280
