[name]
unknown

[dist]
# distance from previous block
# <min> <max>
0	0

[block]
# block no. 0 follows, 70 sequences, length 13
# corresponding to MSA columns:
# 0-12
name=unknown_A
#
# <colnr> <probs for GDERKNQSTAVLIFYWHMCP>
#	G	D	E	R	K	N	Q	S	T	A	V	L	I	F	Y	W	H	M	C	P
0	0.00625	0.00446	0.00625	0.00714	0.00803	0.00446	0.00625	0.00803	0.00892	0.01160	0.02053	0.04373	0.02231	0.01071	0.00535	0.00178	0.00357	0.81348	0.00357	0.00357
1	0.01035	0.00868	0.00916	0.00803	0.01035	0.00997	0.00631	0.13213	0.71989	0.01735	0.01488	0.01375	0.01111	0.00518	0.00394	0.00129	0.00323	0.00426	0.00394	0.00620
2	0.01031	0.00973	0.00907	0.00818	0.01034	0.12567	0.00632	0.01989	0.71889	0.01529	0.01442	0.01343	0.01089	0.00508	0.00388	0.00127	0.00361	0.00412	0.00368	0.00591
3	0.01050	0.00883	0.01001	0.00849	0.01078	0.06035	0.06864	0.12940	0.46084	0.05672	0.01301	0.01301	0.00986	0.00749	0.09543	0.00179	0.00452	0.00410	0.02052	0.00571
4	0.00594	0.00468	0.00649	0.00738	0.12109	0.00438	0.00471	0.00773	0.01041	0.01452	0.62312	0.02732	0.13229	0.00754	0.00447	0.00122	0.00223	0.00666	0.00386	0.00395
5	0.00804	0.00689	0.00804	0.00574	0.00919	0.00517	0.00459	0.00976	0.00804	0.01263	0.00689	0.00804	0.00574	0.00287	0.00287	0.00057	0.00287	0.00230	0.00230	0.88745
6	0.00875	0.00725	0.01175	0.07211	0.45210	0.00722	0.02446	0.01075	0.02444	0.08292	0.01291	0.20453	0.05224	0.00592	0.00415	0.00127	0.00387	0.00548	0.00266	0.00522
7	0.00498	0.00394	0.00448	0.00435	0.00548	0.00344	0.00326	0.00634	0.00978	0.01272	0.39310	0.03361	0.48277	0.00898	0.00458	0.00127	0.00190	0.00766	0.00390	0.00344
8	0.00568	0.00414	0.00561	0.00555	0.00594	0.00464	0.00395	0.00648	0.00598	0.00841	0.01095	0.01912	0.01133	0.36768	0.48300	0.00507	0.03653	0.00473	0.00217	0.00304
9	0.01470	0.00860	0.00996	0.00789	0.01075	0.00897	0.00643	0.32808	0.19129	0.35114	0.01311	0.01198	0.00893	0.00484	0.00390	0.00121	0.00362	0.00385	0.00426	0.00650
10	0.00570	0.00374	0.00427	0.00427	0.00427	0.00374	0.00240	0.00561	0.00561	0.00747	0.01192	0.02464	0.01370	0.81805	0.01949	0.05125	0.00374	0.00552	0.00231	0.00231
11	0.01005	0.00833	0.01171	0.00938	0.03564	0.03398	0.11981	0.03175	0.02259	0.12752	0.00789	0.00937	0.00623	0.00442	0.00608	0.00113	0.24105	0.00325	0.00248	0.30734
12	0.04574	0.04505	0.57866	0.01041	0.01501	0.21623	0.01199	0.01301	0.00880	0.01170	0.00661	0.00775	0.00490	0.00375	0.00355	0.00116	0.00588	0.00272	0.00176	0.00534

[dist]
# distance from previous block
# <min> <max>
0	1

[block]
# block no. 1 follows, 70 sequences, length 30
# corresponding to MSA columns:
# 14-43
name=unknown_B
#
# <colnr> <probs for GDERKNQSTAVLIFYWHMCP>
#	G	D	E	R	K	N	Q	S	T	A	V	L	I	F	Y	W	H	M	C	P
0	0.00584	0.00411	0.00463	0.00460	0.00499	0.00405	0.00289	0.04808	0.00698	0.00913	0.01706	0.13128	0.13281	0.57867	0.02630	0.00303	0.00343	0.00655	0.00276	0.00282
1	0.02688	0.04313	0.07347	0.00932	0.06853	0.07595	0.00742	0.17985	0.06043	0.18017	0.01904	0.09375	0.00916	0.01454	0.00523	0.00130	0.11900	0.00420	0.00316	0.00547
2	0.52121	0.19308	0.03718	0.05946	0.02928	0.03860	0.00592	0.05487	0.00781	0.01498	0.00581	0.00685	0.00465	0.00362	0.00270	0.00112	0.00371	0.00232	0.00223	0.00460
3	0.00536	0.00396	0.00500	0.00474	0.00571	0.00360	0.00356	0.00707	0.01067	0.01482	0.72348	0.03015	0.15108	0.00820	0.00457	0.00123	0.00185	0.00718	0.00417	0.00360
4	0.01701	0.00721	0.00937	0.00719	0.01020	0.00660	0.00594	0.13430	0.01211	0.72541	0.01444	0.01264	0.00917	0.00478	0.00390	0.00119	0.00344	0.00384	0.00467	0.00660
5	0.04215	0.23662	0.45651	0.03974	0.01420	0.07278	0.01078	0.03183	0.00854	0.02599	0.00728	0.00830	0.02196	0.00378	0.00335	0.00111	0.00514	0.00277	0.00185	0.00532
6	0.01739	0.00660	0.00900	0.00690	0.00990	0.00570	0.00570	0.01889	0.01110	0.84226	0.01529	0.01320	0.00960	0.00480	0.00390	0.00120	0.00330	0.00390	0.00480	0.00660
7	0.00545	0.00393	0.00515	0.00490	0.00578	0.00363	0.00365	0.00722	0.01079	0.01525	0.79531	0.07200	0.03601	0.00814	0.00459	0.00124	0.00185	0.00722	0.00423	0.00363
8	0.01727	0.00679	0.00912	0.00699	0.00999	0.00599	0.00578	0.05617	0.01143	0.80452	0.01502	0.01302	0.00946	0.00479	0.00390	0.00120	0.00334	0.00388	0.00476	0.00660
9	0.01043	0.81880	0.04052	0.00685	0.01018	0.04095	0.00685	0.01175	0.00798	0.00921	0.00545	0.00629	0.00497	0.00335	0.00255	0.00084	0.00427	0.00211	0.00167	0.00498
10	0.00779	0.00748	0.01054	0.00926	0.00939	0.01023	0.00761	0.00872	0.00606	0.00930	0.00678	0.04947	0.00686	0.01096	0.15941	0.00249	0.66786	0.00388	0.00185	0.00405
11	0.00523	0.00397	0.00483	0.00466	0.00569	0.00356	0.00352	0.00679	0.01024	0.01383	0.56083	0.03206	0.28626	0.00861	0.00460	0.00127	0.00193	0.03454	0.00404	0.00353
12	0.00504	0.00393	0.00457	0.00444	0.00553	0.00346	0.00332	0.00644	0.00988	0.01301	0.44069	0.05296	0.41497	0.00892	0.00459	0.00127	0.00190	0.00766	0.00394	0.00346
13	0.01186	0.00866	0.01109	0.01031	0.09908	0.06545	0.03687	0.10565	0.06709	0.22870	0.00987	0.01095	0.00748	0.00737	0.08660	0.00179	0.21909	0.00367	0.00300	0.00543
14	0.01410	0.00695	0.01017	0.00790	0.01062	0.00640	0.10417	0.07586	0.03192	0.52935	0.06679	0.07657	0.01190	0.00535	0.00408	0.00124	0.00355	0.00468	0.02249	0.00592
15	0.00915	0.01046	0.02288	0.01634	0.02026	0.00980	0.82549	0.01242	0.00915	0.01242	0.00784	0.01046	0.00588	0.00327	0.00458	0.00131	0.00654	0.00458	0.00196	0.00523
16	0.01430	0.01810	0.01090	0.00991	0.01191	0.81690	0.00744	0.01567	0.04164	0.00974	0.00636	0.00727	0.00525	0.00404	0.00351	0.00101	0.00684	0.00257	0.00207	0.00456
17	0.03378	0.01911	0.03793	0.04813	0.02550	0.07708	0.11897	0.04728	0.04032	0.16694	0.02189	0.08948	0.02436	0.02530	0.00540	0.00143	0.08439	0.12480	0.00305	0.00484
18	0.01268	0.00640	0.00787	0.00654	0.00883	0.00617	0.00517	0.01637	0.21313	0.44862	0.06017	0.01770	0.09666	0.06933	0.00519	0.00143	0.00306	0.00475	0.00426	0.00568
19	0.00482	0.00341	0.00447	0.00527	0.00547	0.00321	0.00347	0.00542	0.00723	0.00964	0.02039	0.77193	0.02441	0.10312	0.00653	0.00181	0.00241	0.01045	0.00347	0.00306
20	0.00902	0.05148	0.04359	0.02090	0.05488	0.03828	0.00570	0.11420	0.05864	0.08972	0.02469	0.02990	0.01040	0.23673	0.19202	0.00295	0.00542	0.00434	0.00275	0.00440
21	0.10229	0.16034	0.06599	0.01160	0.20397	0.17742	0.02834	0.03997	0.00925	0.05519	0.02447	0.00910	0.02344	0.00385	0.00336	0.00104	0.00464	0.00298	0.00225	0.07051
22	0.04644	0.14674	0.08145	0.02097	0.15052	0.08011	0.03559	0.09615	0.24757	0.01413	0.00988	0.01037	0.01899	0.00422	0.00358	0.00114	0.00428	0.00341	0.00269	0.02176
23	0.04828	0.00679	0.05934	0.05159	0.07747	0.02298	0.00606	0.02352	0.07483	0.03145	0.07082	0.19246	0.11789	0.01554	0.03116	0.00148	0.01768	0.06585	0.00305	0.08178
24	0.01093	0.20261	0.01275	0.06294	0.12556	0.09837	0.00725	0.14200	0.05146	0.07343	0.03105	0.01066	0.02188	0.02857	0.04500	0.00137	0.00459	0.00332	0.00262	0.06366
25	0.04488	0.04954	0.07029	0.03934	0.15647	0.05296	0.00746	0.12919	0.04520	0.06515	0.06003	0.08070	0.03966	0.00505	0.00395	0.00114	0.02389	0.00416	0.00283	0.11809
26	0.00976	0.14485	0.13112	0.06774	0.13636	0.05527	0.02394	0.10909	0.05757	0.05312	0.01176	0.06154	0.08473	0.00492	0.00372	0.00115	0.00427	0.00405	0.00259	0.03246
27	0.03292	0.04585	0.10636	0.06084	0.17691	0.13804	0.12446	0.15925	0.02789	0.04181	0.02530	0.02758	0.00700	0.00413	0.00384	0.00117	0.00510	0.00359	0.00247	0.00550
28	0.05349	0.02289	0.00988	0.01944	0.09750	0.07937	0.06279	0.17095	0.02103	0.05960	0.04864	0.09700	0.16970	0.00624	0.00430	0.00124	0.02736	0.01667	0.00312	0.02880
29	0.07838	0.04987	0.07257	0.06749	0.06179	0.10784	0.02771	0.18678	0.06491	0.09850	0.02444	0.03328	0.04853	0.00489	0.00427	0.00121	0.05553	0.00376	0.00291	0.00533

[dist]
# distance from previous block
# <min> <max>
3	135

[block]
# block no. 2 follows, 70 sequences, length 36
# corresponding to MSA columns:
# 195-230
name=unknown_C
#
# <colnr> <probs for GDERKNQSTAVLIFYWHMCP>
#	G	D	E	R	K	N	Q	S	T	A	V	L	I	F	Y	W	H	M	C	P
0	0.14924	0.03687	0.00950	0.05457	0.09345	0.07189	0.00649	0.16230	0.09393	0.06133	0.05195	0.04928	0.08846	0.00530	0.00398	0.00121	0.03075	0.00417	0.00305	0.02227
1	0.06186	0.01752	0.01071	0.07827	0.16773	0.10582	0.00756	0.21570	0.04216	0.04199	0.03989	0.05350	0.03150	0.00489	0.00396	0.00116	0.02153	0.01812	0.00287	0.07327
2	0.05786	0.00937	0.02354	0.11387	0.16857	0.06587	0.04005	0.21876	0.08887	0.06280	0.04897	0.01167	0.03438	0.00449	0.00382	0.00118	0.00426	0.00375	0.00295	0.03498
3	0.04594	0.03921	0.11359	0.01109	0.14450	0.01783	0.04786	0.18944	0.13431	0.08001	0.02128	0.03485	0.00826	0.00462	0.00408	0.00120	0.03119	0.01798	0.00297	0.04980
4	0.06234	0.00875	0.01256	0.12219	0.35822	0.02047	0.03255	0.18840	0.01070	0.04143	0.03285	0.03235	0.00758	0.00419	0.00378	0.00117	0.00430	0.00369	0.02431	0.02818
5	0.01027	0.02161	0.10372	0.04356	0.45956	0.00958	0.08241	0.13528	0.03386	0.03678	0.00803	0.00967	0.00626	0.00373	0.00387	0.00117	0.00475	0.00350	0.00232	0.02007
6	0.01838	0.01926	0.04227	0.01398	0.35343	0.06657	0.03230	0.06564	0.00936	0.01254	0.03303	0.15971	0.11079	0.00601	0.00409	0.00123	0.00398	0.01447	0.00263	0.03034
7	0.00946	0.00922	0.05748	0.05896	0.46046	0.03749	0.03325	0.06515	0.03298	0.03744	0.00970	0.09743	0.00880	0.00483	0.00409	0.00123	0.01382	0.03233	0.00240	0.02349
8	0.02167	0.04336	0.01360	0.05398	0.52463	0.04092	0.00977	0.03596	0.04598	0.08428	0.02191	0.03712	0.00764	0.00404	0.00377	0.00114	0.00431	0.00368	0.00241	0.03984
9	0.00878	0.01737	0.10014	0.05315	0.28816	0.00806	0.03819	0.07128	0.03715	0.03631	0.07923	0.02882	0.07656	0.00544	0.02158	0.00130	0.04922	0.01152	0.00256	0.06520
10	0.04041	0.00884	0.06403	0.05969	0.28036	0.00811	0.12547	0.08785	0.01007	0.09313	0.12415	0.01326	0.03298	0.00448	0.00399	0.00119	0.00426	0.00416	0.00275	0.03079
11	0.00932	0.06120	0.48598	0.01140	0.08316	0.13250	0.03056	0.03956	0.00895	0.01211	0.01633	0.00835	0.00552	0.00381	0.00387	0.00115	0.03067	0.00291	0.00186	0.05077
12	0.00834	0.00734	0.01186	0.20431	0.31188	0.00761	0.05713	0.01071	0.03423	0.05326	0.07520	0.03659	0.10707	0.00503	0.00424	0.00123	0.02392	0.00455	0.00251	0.03300
13	0.00732	0.00690	0.01157	0.74496	0.07247	0.00835	0.02179	0.00980	0.00790	0.01013	0.00882	0.01187	0.05380	0.00419	0.00392	0.00129	0.00497	0.00374	0.00185	0.00437
14	0.00564	0.00376	0.00423	0.00423	0.00423	0.00376	0.00235	0.00564	0.00564	0.00752	0.01222	0.02537	0.01409	0.86375	0.01973	0.00376	0.00376	0.00564	0.00235	0.00235
15	0.00919	0.00880	0.01501	0.17139	0.69514	0.00911	0.01170	0.01154	0.00864	0.01218	0.00722	0.00973	0.00597	0.00353	0.00384	0.00118	0.00471	0.00345	0.00188	0.00581
16	0.00469	0.00393	0.00407	0.00404	0.00530	0.00332	0.00303	0.00577	0.00909	0.01107	0.13262	0.03633	0.74428	0.00960	0.00458	0.00130	0.00195	0.00805	0.00368	0.00332
17	0.21699	0.00680	0.00824	0.00649	0.00935	0.00638	0.00536	0.01718	0.01007	0.65383	0.01303	0.01162	0.00836	0.00452	0.00356	0.00120	0.00323	0.00349	0.00425	0.00605
18	0.00467	0.00371	0.00419	0.00454	0.00541	0.00324	0.00323	0.00556	0.00835	0.01041	0.05882	0.36205	0.49081	0.01067	0.00473	0.00141	0.00207	0.00926	0.00362	0.00324
19	0.01449	0.01067	0.01146	0.00883	0.01186	0.01180	0.00728	0.80633	0.01796	0.02407	0.00961	0.03038	0.00706	0.00484	0.00390	0.00117	0.00422	0.00368	0.00387	0.00651
20	0.89114	0.00750	0.00570	0.00510	0.00750	0.00870	0.00420	0.01140	0.00660	0.01739	0.00540	0.00630	0.00420	0.00360	0.00240	0.00120	0.00300	0.00210	0.00240	0.00420
21	0.89114	0.00750	0.00570	0.00510	0.00750	0.00870	0.00420	0.01140	0.00660	0.01739	0.00540	0.00630	0.00420	0.00360	0.00240	0.00120	0.00300	0.00210	0.00240	0.00420
22	0.01474	0.01086	0.01163	0.00892	0.01202	0.01202	0.00737	0.82664	0.01823	0.02443	0.00931	0.00931	0.00659	0.00465	0.00388	0.00116	0.00427	0.00349	0.00388	0.00659
23	0.00472	0.00337	0.00450	0.00540	0.00562	0.00315	0.00360	0.00540	0.00742	0.00990	0.02137	0.86122	0.02564	0.01215	0.00495	0.00157	0.00225	0.01102	0.00360	0.00315
24	0.00463	0.00385	0.00405	0.00417	0.00531	0.00327	0.00306	0.00560	0.00870	0.01055	0.06196	0.15779	0.69353	0.01010	0.00464	0.00135	0.00200	0.00856	0.00362	0.00327
25	0.03324	0.08112	0.03651	0.01546	0.24284	0.02247	0.29275	0.09770	0.03477	0.01339	0.00751	0.00947	0.00598	0.00389	0.00478	0.00124	0.08551	0.00369	0.00217	0.00551
26	0.00514	0.00395	0.00471	0.00452	0.00558	0.00351	0.00339	0.00665	0.01016	0.01362	0.53481	0.03213	0.34049	0.00864	0.00458	0.00125	0.00188	0.00746	0.00401	0.00351
27	0.00477	0.00340	0.00455	0.00545	0.00569	0.00319	0.00367	0.00547	0.00746	0.00994	0.02134	0.83853	0.02555	0.01211	0.00496	0.00158	0.00229	0.03330	0.00360	0.00316
28	0.01004	0.01058	0.03790	0.05035	0.05384	0.13090	0.11855	0.06107	0.00828	0.03350	0.00637	0.00884	0.00545	0.00534	0.00841	0.00144	0.43895	0.00343	0.00200	0.00476
29	0.00835	0.04192	0.42744	0.01294	0.05496	0.00954	0.26959	0.01185	0.00830	0.01193	0.00745	0.03261	0.00587	0.00402	0.00472	0.00129	0.07635	0.00368	0.00181	0.00537
30	0.89114	0.00750	0.00570	0.00510	0.00750	0.00870	0.00420	0.01140	0.00660	0.01739	0.00540	0.00630	0.00420	0.00360	0.00240	0.00120	0.00300	0.00210	0.00240	0.00420
31	0.00472	0.00337	0.00450	0.00540	0.00562	0.00315	0.00360	0.00540	0.00742	0.00990	0.02137	0.86122	0.02564	0.01215	0.00495	0.00157	0.00225	0.01102	0.00360	0.00315
32	0.00479	0.00343	0.00454	0.00541	0.00568	0.00321	0.00366	0.00550	0.00748	0.00993	0.02155	0.80579	0.04054	0.02394	0.00516	0.00161	0.00231	0.03875	0.00358	0.00315
33	0.05754	0.02556	0.02399	0.01409	0.35984	0.00859	0.00840	0.10110	0.06275	0.06261	0.00831	0.00954	0.00656	0.00380	0.00384	0.00106	0.03349	0.00320	0.01686	0.18887
34	0.00734	0.00735	0.04051	0.82516	0.02636	0.00863	0.01089	0.00999	0.00777	0.00999	0.00689	0.01026	0.00516	0.00387	0.00387	0.00129	0.00519	0.00343	0.00172	0.00436
35	0.00968	0.17343	0.10184	0.03886	0.01448	0.06194	0.26418	0.06369	0.13268	0.01282	0.03361	0.01083	0.02671	0.00413	0.00400	0.00118	0.02233	0.00376	0.00239	0.01747

[dist]
# distance from previous block
# <min> <max>
1	3

[block]
# block no. 3 follows, 70 sequences, length 38
# corresponding to MSA columns:
# 234-271
name=unknown_D
#
# <colnr> <probs for GDERKNQSTAVLIFYWHMCP>
#	G	D	E	R	K	N	Q	S	T	A	V	L	I	F	Y	W	H	M	C	P
0	0.00506	0.00395	0.00459	0.00443	0.00553	0.00348	0.00332	0.00649	0.00997	0.01316	0.46216	0.03289	0.41343	0.00882	0.00458	0.00126	0.00189	0.00756	0.00395	0.00348
1	0.00763	0.02504	0.27170	0.07913	0.03938	0.00794	0.22287	0.01041	0.00825	0.02030	0.02864	0.09250	0.06288	0.05849	0.00545	0.00146	0.03511	0.01585	0.00221	0.00476
2	0.00673	0.00337	0.00505	0.00505	0.00505	0.00337	0.00337	0.00505	0.00505	0.00673	0.00673	0.01178	0.00673	0.01347	0.01515	0.88721	0.00337	0.00337	0.00168	0.00168
3	0.33048	0.31644	0.03009	0.00673	0.00968	0.03125	0.00606	0.17874	0.00971	0.04049	0.00654	0.00715	0.00516	0.00376	0.00283	0.00106	0.00383	0.00245	0.00248	0.00508
4	0.00905	0.00865	0.01486	0.10492	0.66633	0.00879	0.04627	0.01129	0.00857	0.01210	0.00789	0.03658	0.00693	0.03588	0.00450	0.00128	0.00464	0.00382	0.00197	0.00568
5	0.00673	0.00337	0.00505	0.00505	0.00505	0.00337	0.00337	0.00505	0.00505	0.00673	0.00673	0.01178	0.00673	0.01347	0.01515	0.88721	0.00337	0.00337	0.00168	0.00168
6	0.01002	0.75253	0.13083	0.00723	0.01087	0.01449	0.00767	0.01170	0.00792	0.00954	0.00560	0.00648	0.00497	0.00337	0.00265	0.00088	0.00436	0.00218	0.00166	0.00508
7	0.00481	0.00394	0.00424	0.00416	0.00537	0.00337	0.00312	0.00600	0.00937	0.01173	0.23689	0.03524	0.63960	0.00935	0.00458	0.00129	0.00193	0.00789	0.00377	0.00337
8	0.00555	0.00410	0.00598	0.00598	0.00658	0.00471	0.00453	0.00676	0.00616	0.00881	0.01062	0.01651	0.01025	0.13446	0.74377	0.00592	0.00955	0.00434	0.00211	0.00332
9	0.00554	0.00372	0.00426	0.00436	0.00438	0.00369	0.00249	0.00561	0.00584	0.00778	0.01324	0.11878	0.01538	0.76858	0.01808	0.00351	0.00359	0.00624	0.00249	0.00244
10	0.01561	0.00618	0.00836	0.00661	0.00928	0.00535	0.00538	0.01703	0.01073	0.72374	0.04202	0.07769	0.04256	0.00563	0.00402	0.00123	0.00313	0.00468	0.00465	0.00613
11	0.01036	0.86609	0.02032	0.00663	0.00995	0.01534	0.00663	0.01161	0.00788	0.00912	0.00539	0.00622	0.00498	0.00332	0.00249	0.00083	0.00415	0.00207	0.00166	0.00498
12	0.00778	0.02005	0.84367	0.01105	0.01678	0.00900	0.01432	0.01228	0.00818	0.01228	0.00696	0.00818	0.00491	0.00368	0.00368	0.00123	0.00573	0.00286	0.00164	0.00573
13	0.00732	0.00689	0.01163	0.85444	0.02670	0.00861	0.01077	0.00991	0.00775	0.00991	0.00689	0.01034	0.00517	0.00388	0.00388	0.00129	0.00517	0.00345	0.00172	0.00431
14	0.00479	0.00342	0.00458	0.00548	0.00573	0.00321	0.00372	0.00551	0.00749	0.00997	0.02133	0.82511	0.02549	0.01208	0.00497	0.00158	0.00231	0.04647	0.00360	0.00317
15	0.00549	0.00396	0.00518	0.00488	0.00579	0.00366	0.00366	0.00732	0.01097	0.01555	0.83752	0.02896	0.03658	0.00793	0.00457	0.00122	0.00183	0.00701	0.00427	0.00366
16	0.00833	0.00758	0.04076	0.00609	0.00961	0.00563	0.00510	0.04662	0.00850	0.01315	0.00700	0.00810	0.00575	0.00298	0.00295	0.00063	0.00305	0.00237	0.00234	0.81346
17	0.00564	0.00376	0.00423	0.00423	0.00423	0.00376	0.00235	0.00564	0.00564	0.00752	0.01222	0.02537	0.01409	0.86375	0.01973	0.00376	0.00376	0.00564	0.00235	0.00235
18	0.00969	0.31388	0.34140	0.01028	0.03965	0.04086	0.10141	0.07850	0.00912	0.01209	0.00668	0.00784	0.00522	0.00359	0.00338	0.00108	0.00516	0.00284	0.00188	0.00545
19	0.01364	0.22457	0.01380	0.00835	0.01150	0.01285	0.00718	0.62297	0.01564	0.02061	0.00833	0.00854	0.00619	0.00432	0.00353	0.00108	0.00424	0.00314	0.00332	0.00619
20	0.01949	0.04790	0.10297	0.03992	0.10079	0.06506	0.05558	0.08523	0.02405	0.03868	0.00749	0.00866	0.00588	0.00345	0.00336	0.00091	0.00415	0.00285	0.00234	0.38121
21	0.00920	0.31347	0.41516	0.00987	0.01423	0.05997	0.07960	0.01216	0.00826	0.01094	0.00638	0.00763	0.00503	0.00363	0.00359	0.00110	0.03006	0.00273	0.00169	0.00531
22	0.01474	0.01086	0.01163	0.00892	0.01202	0.01202	0.00737	0.82664	0.01823	0.02443	0.00931	0.00931	0.00659	0.00465	0.00388	0.00116	0.00427	0.00349	0.00388	0.00659
23	0.01448	0.01848	0.01099	0.00999	0.01199	0.84819	0.00749	0.01548	0.01099	0.00949	0.00599	0.00699	0.00499	0.00400	0.00350	0.00100	0.00699	0.00250	0.00200	0.00449
24	0.00552	0.00407	0.00578	0.00578	0.00637	0.00459	0.00432	0.00664	0.00622	0.00879	0.01184	0.01793	0.04277	0.17975	0.66517	0.00559	0.00885	0.00458	0.00219	0.00325
25	0.85254	0.00746	0.00584	0.00518	0.00760	0.00856	0.00426	0.01173	0.00680	0.05383	0.00584	0.00660	0.00444	0.00365	0.00247	0.00120	0.00301	0.00218	0.00251	0.00430
26	0.00880	0.00968	0.03979	0.03868	0.09214	0.12944	0.31453	0.04054	0.00915	0.01165	0.01139	0.25304	0.01140	0.00601	0.00438	0.00132	0.00504	0.00588	0.00248	0.00465
27	0.01536	0.00705	0.00892	0.00702	0.00975	0.00666	0.00570	0.12474	0.07646	0.59479	0.03814	0.01418	0.02507	0.04204	0.00461	0.00132	0.00336	0.00412	0.00447	0.00624
28	0.00955	0.00948	0.03591	0.02349	0.81952	0.00921	0.01196	0.01191	0.00881	0.01266	0.00728	0.00956	0.00611	0.00346	0.00383	0.00115	0.00463	0.00344	0.00191	0.00613
29	0.00791	0.00722	0.01183	0.70995	0.02430	0.00871	0.04620	0.07526	0.00867	0.01121	0.00779	0.03293	0.00620	0.00427	0.00397	0.00130	0.00505	0.02075	0.00199	0.00449
30	0.00880	0.02449	0.24216	0.01728	0.39521	0.02062	0.13499	0.01172	0.00864	0.01226	0.00824	0.03737	0.00705	0.00412	0.00408	0.00124	0.01468	0.03945	0.00197	0.00562
31	0.00462	0.00383	0.00405	0.00419	0.00531	0.00326	0.00307	0.00557	0.00864	0.01047	0.05109	0.17680	0.68540	0.01018	0.00464	0.00135	0.00201	0.00864	0.00361	0.00326
32	0.00560	0.00382	0.00442	0.00453	0.00465	0.00379	0.00270	0.01806	0.00621	0.00826	0.01427	0.16199	0.03528	0.67390	0.03384	0.00335	0.00361	0.00652	0.00260	0.00259
33	0.01096	0.74967	0.01913	0.00694	0.01023	0.01489	0.00673	0.12256	0.00929	0.01121	0.00592	0.00664	0.00520	0.00350	0.00268	0.00087	0.00416	0.00227	0.00196	0.00520
34	0.00718	0.00712	0.03663	0.02286	0.15865	0.05154	0.10888	0.00864	0.00793	0.01063	0.01377	0.38660	0.01513	0.02903	0.02460	0.01582	0.06513	0.02301	0.00269	0.00417
35	0.00463	0.00386	0.00402	0.00413	0.00527	0.00327	0.00303	0.00557	0.00864	0.01043	0.05001	0.13827	0.70869	0.02654	0.00492	0.00139	0.00203	0.00846	0.00359	0.00325
36	0.00977	0.40604	0.09566	0.00913	0.09048	0.03470	0.03660	0.03851	0.06054	0.01149	0.00689	0.00786	0.00574	0.00346	0.00304	0.00091	0.00420	0.00262	0.00204	0.17030
37	0.19334	0.00928	0.12228	0.00818	0.05379	0.00848	0.00689	0.04020	0.29293	0.04939	0.05120	0.01314	0.06284	0.00496	0.00394	0.00124	0.03529	0.00386	0.00309	0.03570

[dist]
# distance from previous block
# <min> <max>
0	8

[block]
# block no. 4 follows, 70 sequences, length 15
# corresponding to MSA columns:
# 280-294
name=unknown_E
#
# <colnr> <probs for GDERKNQSTAVLIFYWHMCP>
#	G	D	E	R	K	N	Q	S	T	A	V	L	I	F	Y	W	H	M	C	P
0	0.03237	0.17221	0.04710	0.01078	0.19999	0.03553	0.00738	0.05598	0.02564	0.01127	0.00869	0.03521	0.00786	0.02569	0.30435	0.00295	0.00652	0.00361	0.00214	0.00473
1	0.48245	0.04403	0.05708	0.02017	0.13582	0.00848	0.00629	0.01135	0.02003	0.02918	0.00711	0.02656	0.01693	0.00385	0.00305	0.00113	0.01561	0.00275	0.00233	0.10580
2	0.00940	0.00989	0.11519	0.07376	0.38324	0.00891	0.03850	0.07349	0.11733	0.03268	0.00930	0.01160	0.00750	0.00581	0.06101	0.00156	0.00495	0.02774	0.00241	0.00572
3	0.00804	0.00689	0.00804	0.00574	0.00919	0.00517	0.00459	0.00976	0.00804	0.01263	0.00689	0.00804	0.00574	0.00287	0.00287	0.00057	0.00287	0.00230	0.00230	0.88745
4	0.01094	0.01246	0.01205	0.25270	0.15993	0.38163	0.03337	0.01297	0.03086	0.01067	0.04136	0.00961	0.00676	0.00404	0.00375	0.00114	0.00573	0.00323	0.00205	0.00476
5	0.00513	0.00395	0.00469	0.00450	0.00557	0.00351	0.00338	0.00663	0.01013	0.01355	0.52291	0.03225	0.35245	0.00867	0.00458	0.00125	0.00188	0.00747	0.00400	0.00351
6	0.00572	0.00420	0.00569	0.00561	0.00599	0.00474	0.00401	0.00652	0.00598	0.00842	0.01087	0.01900	0.01125	0.36492	0.47423	0.00502	0.04790	0.00472	0.00217	0.00305
7	0.00842	0.00826	0.01134	0.00956	0.01004	0.01094	0.00794	0.00939	0.00623	0.00979	0.00534	0.00842	0.00518	0.00624	0.01135	0.00154	0.73764	0.00324	0.00178	0.12736
8	0.00468	0.00393	0.00406	0.00403	0.00530	0.00331	0.00302	0.00575	0.00907	0.01102	0.12518	0.03641	0.75175	0.00961	0.00458	0.00130	0.00195	0.00806	0.00367	0.00331
9	0.01162	0.50975	0.04983	0.00866	0.04541	0.29677	0.00745	0.01296	0.00898	0.00952	0.00574	0.00670	0.00503	0.00357	0.00293	0.00092	0.00519	0.00231	0.00178	0.00489
10	0.00824	0.07230	0.70118	0.01063	0.01585	0.00941	0.03906	0.04972	0.00858	0.01250	0.00716	0.00871	0.00531	0.03005	0.00414	0.00128	0.00553	0.00298	0.00177	0.00560
11	0.02580	0.05503	0.04590	0.02105	0.06154	0.04730	0.00752	0.47931	0.06557	0.10987	0.01008	0.03626	0.00754	0.00470	0.00380	0.00117	0.00421	0.00366	0.00352	0.00615
12	0.00472	0.00337	0.00450	0.00540	0.00562	0.00315	0.00360	0.00540	0.00742	0.00990	0.02137	0.86122	0.02564	0.01215	0.00495	0.00157	0.00225	0.01102	0.00360	0.00315
13	0.00468	0.00382	0.00416	0.00440	0.00544	0.00329	0.00323	0.00563	0.00851	0.01039	0.03433	0.22914	0.61516	0.01040	0.00470	0.00139	0.00210	0.04237	0.00360	0.00326
14	0.05411	0.46281	0.06703	0.00814	0.03425	0.16186	0.00729	0.08076	0.00924	0.01128	0.01929	0.00755	0.00577	0.00462	0.03205	0.00115	0.02329	0.00254	0.00200	0.00498

[dist]
# distance from previous block
# <min> <max>
0	1

[block]
# block no. 5 follows, 70 sequences, length 48
# corresponding to MSA columns:
# 296-343
name=unknown_F
#
# <colnr> <probs for GDERKNQSTAVLIFYWHMCP>
#	G	D	E	R	K	N	Q	S	T	A	V	L	I	F	Y	W	H	M	C	P
0	0.12276	0.72326	0.03835	0.00658	0.00983	0.01429	0.00652	0.02368	0.00787	0.01048	0.00549	0.00632	0.00490	0.00338	0.00253	0.00089	0.00404	0.00212	0.00179	0.00492
1	0.01084	0.00722	0.00853	0.00628	0.00957	0.01828	0.00507	0.05926	0.00943	0.21917	0.00910	0.00938	0.00674	0.00347	0.00319	0.00077	0.00312	0.00277	0.00300	0.60482
2	0.00972	0.02649	0.02078	0.01484	0.01851	0.00966	0.68825	0.07065	0.00978	0.04466	0.00871	0.04333	0.00682	0.00377	0.00447	0.00129	0.00604	0.00467	0.00226	0.00529
3	0.00875	0.01838	0.73653	0.01055	0.01590	0.00871	0.01323	0.01318	0.03594	0.09126	0.00804	0.00887	0.00559	0.00384	0.00371	0.00123	0.00541	0.00301	0.00201	0.00583
4	0.00830	0.00399	0.00437	0.00412	0.00526	0.00386	0.00314	0.01005	0.00863	0.11421	0.05945	0.03206	0.01171	0.00489	0.00300	0.00097	0.00200	0.00399	0.71203	0.00397
5	0.01729	0.00676	0.00910	0.00698	0.00998	0.00594	0.00576	0.05016	0.01137	0.81060	0.01506	0.01304	0.00948	0.00479	0.00390	0.00120	0.00334	0.00388	0.00476	0.00660
6	0.01001	0.74894	0.13432	0.00725	0.01090	0.01446	0.00770	0.01170	0.00792	0.00956	0.00561	0.00649	0.00497	0.00337	0.00265	0.00088	0.00437	0.00218	0.00166	0.00508
7	0.01249	0.31744	0.03521	0.01754	0.01096	0.23354	0.00708	0.09634	0.02055	0.12441	0.03031	0.00865	0.00673	0.00422	0.00386	0.00105	0.05907	0.00286	0.00250	0.00518
8	0.00554	0.00415	0.00623	0.00623	0.00692	0.00485	0.00485	0.00692	0.00623	0.00900	0.01038	0.01523	0.00969	0.02908	0.84839	0.00623	0.01038	0.00415	0.00208	0.00346
9	0.00778	0.02005	0.84367	0.01105	0.01678	0.00900	0.01432	0.01228	0.00818	0.01228	0.00696	0.00818	0.00491	0.00368	0.00368	0.00123	0.00573	0.00286	0.00164	0.00573
10	0.00948	0.00914	0.01459	0.02100	0.68386	0.04129	0.02853	0.01203	0.04024	0.01258	0.00876	0.01276	0.00776	0.00419	0.00398	0.00121	0.00459	0.07605	0.00215	0.00583
11	0.00683	0.00542	0.02341	0.00629	0.00779	0.00507	0.08871	0.02342	0.09621	0.02987	0.16450	0.15008	0.16909	0.00729	0.00415	0.00125	0.00270	0.01882	0.18502	0.00407
12	0.00472	0.00337	0.00450	0.00540	0.00562	0.00315	0.00360	0.00540	0.00742	0.00990	0.02137	0.86122	0.02564	0.01215	0.00495	0.00157	0.00225	0.01102	0.00360	0.00315
13	0.00460	0.00393	0.00395	0.00395	0.00525	0.00328	0.00296	0.00560	0.00888	0.01058	0.05565	0.03714	0.82155	0.00978	0.00458	0.00131	0.00196	0.00816	0.00361	0.00328
14	0.02045	0.08247	0.01445	0.13474	0.43295	0.14634	0.02927	0.05022	0.00929	0.01196	0.00698	0.00913	0.00579	0.01367	0.00398	0.00116	0.01652	0.00322	0.00198	0.00543
15	0.48514	0.01106	0.02006	0.01977	0.11563	0.24641	0.02751	0.01264	0.00823	0.01426	0.00591	0.00710	0.00474	0.00369	0.00298	0.00114	0.00449	0.00248	0.00219	0.00458
16	0.00564	0.00376	0.00423	0.00423	0.00423	0.00376	0.00235	0.00564	0.00564	0.00752	0.01222	0.02537	0.01409	0.86375	0.01973	0.00376	0.00376	0.00564	0.00235	0.00235
17	0.01739	0.00660	0.00900	0.00690	0.00990	0.00570	0.00570	0.01889	0.01110	0.84226	0.01529	0.01320	0.00960	0.00480	0.00390	0.00120	0.00330	0.00390	0.00480	0.00660
18	0.26206	0.00949	0.01030	0.06875	0.17634	0.09245	0.00740	0.20604	0.01062	0.07419	0.00776	0.00886	0.00590	0.00500	0.03787	0.00137	0.00449	0.00304	0.00272	0.00533
19	0.00892	0.00852	0.01451	0.27218	0.59650	0.00903	0.01156	0.01130	0.00851	0.01184	0.00717	0.00982	0.00585	0.00358	0.00385	0.00119	0.00477	0.00345	0.00186	0.00559
20	0.01040	0.75762	0.09365	0.00704	0.01056	0.01441	0.00729	0.01195	0.00803	0.04107	0.00591	0.00666	0.00515	0.00341	0.00265	0.00088	0.00426	0.00221	0.00178	0.00510
21	0.01389	0.01044	0.01116	0.00875	0.01170	0.01163	0.00716	0.69259	0.15366	0.02307	0.01038	0.01017	0.00746	0.00475	0.00389	0.00119	0.00407	0.00364	0.00389	0.00652
22	0.00549	0.00396	0.00518	0.00488	0.00579	0.00366	0.00366	0.00732	0.01097	0.01555	0.83752	0.02896	0.03658	0.00793	0.00457	0.00122	0.00183	0.00701	0.00427	0.00366
23	0.00924	0.00885	0.01510	0.15310	0.71303	0.00912	0.01172	0.01159	0.00866	0.01224	0.00723	0.00971	0.00599	0.00352	0.00384	0.00117	0.00469	0.00345	0.00189	0.00586
24	0.00508	0.00350	0.00479	0.00570	0.02247	0.00330	0.00373	0.00549	0.00717	0.00956	0.01952	0.72138	0.03680	0.01210	0.00622	0.11457	0.00243	0.00984	0.00332	0.00302
25	0.00804	0.00689	0.00804	0.00574	0.00919	0.00517	0.00459	0.00976	0.00804	0.01263	0.00689	0.00804	0.00574	0.00287	0.00287	0.00057	0.00287	0.00230	0.00230	0.88745
26	0.00644	0.00453	0.00587	0.00649	0.00742	0.00459	0.00542	0.00881	0.07414	0.01212	0.01962	0.12954	0.03702	0.00963	0.00484	0.00160	0.00312	0.53896	0.11611	0.00373
27	0.00564	0.00376	0.00423	0.00423	0.00423	0.00376	0.00235	0.00564	0.00564	0.00752	0.01222	0.02537	0.01409	0.86375	0.01973	0.00376	0.00376	0.00564	0.00235	0.00235
28	0.01061	0.81658	0.01977	0.00683	0.01007	0.06399	0.00668	0.01183	0.00806	0.00914	0.00542	0.00626	0.00498	0.00336	0.00255	0.00084	0.00431	0.00210	0.00168	0.00495
29	0.00472	0.00337	0.00450	0.00540	0.00562	0.00315	0.00360	0.00540	0.00742	0.00990	0.02137	0.86122	0.02564	0.01215	0.00495	0.00157	0.00225	0.01102	0.00360	0.00315
30	0.00504	0.00365	0.00429	0.00464	0.00504	0.00341	0.00301	0.00556	0.00717	0.00928	0.03860	0.36093	0.20161	0.31817	0.01018	0.00229	0.00272	0.00837	0.00316	0.00290
31	0.00472	0.00337	0.00450	0.00540	0.00562	0.00315	0.00360	0.00540	0.00742	0.00990	0.02137	0.86122	0.02564	0.01215	0.00495	0.00157	0.00225	0.01102	0.00360	0.00315
32	0.00472	0.00337	0.00450	0.00540	0.00562	0.00315	0.00360	0.00540	0.00742	0.00990	0.02137	0.86122	0.02564	0.01215	0.00495	0.00157	0.00225	0.01102	0.00360	0.00315
33	0.89114	0.00750	0.00570	0.00510	0.00750	0.00870	0.00420	0.01140	0.00660	0.01739	0.00540	0.00630	0.00420	0.00360	0.00240	0.00120	0.00300	0.00210	0.00240	0.00420
34	0.00700	0.00366	0.00381	0.00377	0.00468	0.00362	0.00283	0.00881	0.00849	0.01459	0.11791	0.01630	0.01334	0.00495	0.00295	0.00094	0.00181	0.00405	0.77285	0.00362
35	0.01739	0.00660	0.00900	0.00690	0.00990	0.00570	0.00570	0.01889	0.01110	0.84226	0.01529	0.01320	0.00960	0.00480	0.00390	0.00120	0.00330	0.00390	0.00480	0.00660
36	0.00842	0.00688	0.00808	0.00579	0.00922	0.00519	0.00464	0.01013	0.00816	0.04648	0.00723	0.00825	0.00590	0.00295	0.00291	0.00060	0.00289	0.00236	0.00240	0.85151
37	0.01036	0.86609	0.02032	0.00663	0.00995	0.01534	0.00663	0.01161	0.00788	0.00912	0.00539	0.00622	0.00498	0.00332	0.00249	0.00083	0.00415	0.00207	0.00166	0.00498
38	0.89114	0.00750	0.00570	0.00510	0.00750	0.00870	0.00420	0.01140	0.00660	0.01739	0.00540	0.00630	0.00420	0.00360	0.00240	0.00120	0.00300	0.00210	0.00240	0.00420
39	0.00848	0.00848	0.01187	0.01018	0.01018	0.01187	0.00848	0.00933	0.00594	0.00933	0.00509	0.00848	0.00509	0.00679	0.01272	0.00170	0.85666	0.00339	0.00170	0.00424
40	0.00487	0.00411	0.00424	0.00418	0.00549	0.00357	0.00314	0.00634	0.04265	0.01119	0.11405	0.03559	0.72826	0.00945	0.00456	0.00130	0.00200	0.00792	0.00368	0.00343
41	0.12835	0.00656	0.00829	0.00649	0.00931	0.00597	0.00535	0.01742	0.01037	0.69332	0.01389	0.01238	0.00893	0.00463	0.00364	0.00118	0.00318	0.00365	0.05095	0.00613
42	0.01439	0.01060	0.01139	0.00880	0.01180	0.01171	0.00724	0.79811	0.01785	0.02393	0.00973	0.03890	0.00725	0.00491	0.00392	0.00118	0.00420	0.00375	0.00387	0.00647
43	0.00471	0.00342	0.00445	0.00529	0.00559	0.00316	0.00355	0.00541	0.00753	0.00994	0.02273	0.79847	0.08751	0.01197	0.00492	0.00155	0.00223	0.01080	0.00360	0.00316
44	0.00564	0.00377	0.00428	0.00428	0.00429	0.00378	0.00241	0.00567	0.00565	0.00755	0.01217	0.02512	0.01399	0.84345	0.03989	0.00382	0.00392	0.00560	0.00234	0.00238
45	0.00804	0.00689	0.00804	0.00574	0.00919	0.00517	0.00459	0.00976	0.00804	0.01263	0.00689	0.00804	0.00574	0.00287	0.00287	0.00057	0.00287	0.00230	0.00230	0.88745
46	0.01389	0.01734	0.01108	0.01024	0.03455	0.76053	0.02310	0.02858	0.01080	0.00980	0.00637	0.00792	0.00544	0.03906	0.00419	0.00112	0.00674	0.00271	0.00204	0.00450
47	0.00764	0.07195	0.01025	0.11570	0.01075	0.00837	0.06366	0.04170	0.00694	0.00954	0.00850	0.01519	0.00869	0.32533	0.03543	0.00242	0.24789	0.00424	0.00206	0.00375

[dist]
# distance from previous block
# <min> <max>
0	1

[block]
# block no. 6 follows, 70 sequences, length 57
# corresponding to MSA columns:
# 345-401
name=unknown_G
#
# <colnr> <probs for GDERKNQSTAVLIFYWHMCP>
#	G	D	E	R	K	N	Q	S	T	A	V	L	I	F	Y	W	H	M	C	P
0	0.00868	0.08985	0.55676	0.01149	0.11109	0.00917	0.01207	0.02682	0.00850	0.04023	0.00718	0.00836	0.00532	0.00361	0.00353	0.00112	0.00509	0.00286	0.00188	0.08639
1	0.01102	0.01252	0.10900	0.01002	0.01282	0.22833	0.14293	0.15726	0.12467	0.02512	0.05658	0.07254	0.00970	0.00495	0.00400	0.00121	0.00506	0.00421	0.00283	0.00524
2	0.00472	0.00337	0.00450	0.00540	0.00562	0.00315	0.00360	0.00540	0.00742	0.00990	0.02137	0.86122	0.02564	0.01215	0.00495	0.00157	0.00225	0.01102	0.00360	0.00315
3	0.00748	0.00705	0.01192	0.79621	0.08369	0.00866	0.01085	0.01004	0.00783	0.01010	0.00692	0.01028	0.00524	0.00385	0.00387	0.00128	0.00513	0.00345	0.00174	0.00444
4	0.00825	0.01994	0.78529	0.01098	0.01644	0.06783	0.01384	0.01250	0.00838	0.01208	0.00689	0.00810	0.00492	0.00371	0.00367	0.00121	0.00582	0.00284	0.00166	0.00564
5	0.01132	0.06012	0.01347	0.05651	0.34120	0.18858	0.05208	0.07013	0.00984	0.08525	0.00811	0.01033	0.00666	0.06408	0.00485	0.00130	0.00502	0.00342	0.00234	0.00539
6	0.00680	0.06532	0.00754	0.00643	0.00736	0.00594	0.02898	0.10220	0.00833	0.01120	0.01508	0.42131	0.01682	0.10206	0.13725	0.00242	0.04084	0.00737	0.00300	0.00375
7	0.01573	0.00797	0.06837	0.00922	0.10715	0.00653	0.00708	0.04166	0.01084	0.66303	0.01360	0.01231	0.00878	0.00456	0.00388	0.00119	0.00365	0.00376	0.00421	0.00648
8	0.00673	0.00337	0.00505	0.00505	0.00505	0.00337	0.00337	0.00505	0.00505	0.00673	0.00673	0.01178	0.00673	0.01347	0.01515	0.88721	0.00337	0.00337	0.00168	0.00168
9	0.00599	0.00386	0.00473	0.00451	0.00542	0.00365	0.00338	0.00781	0.01015	0.01523	0.59984	0.02478	0.02890	0.00694	0.00404	0.00113	0.00182	0.00603	0.25813	0.00365
10	0.00616	0.00415	0.00502	0.00487	0.00605	0.00368	0.00370	0.00749	0.00964	0.08657	0.31309	0.12085	0.34927	0.00901	0.00460	0.00132	0.00216	0.05472	0.00394	0.00371
11	0.00858	0.00697	0.00816	0.00586	0.00928	0.00534	0.00470	0.02840	0.00840	0.04772	0.00730	0.00828	0.00592	0.00299	0.00294	0.00061	0.00292	0.00239	0.00244	0.83080
12	0.00536	0.00396	0.00500	0.00474	0.00571	0.00360	0.00356	0.00707	0.01067	0.01483	0.72424	0.03014	0.15032	0.00819	0.00457	0.00123	0.00185	0.00718	0.00417	0.00360
13	0.00951	0.01324	0.35771	0.00924	0.01297	0.00917	0.01900	0.13548	0.27638	0.03996	0.01991	0.05276	0.01752	0.00489	0.00389	0.00126	0.00434	0.00399	0.00296	0.00584
14	0.04162	0.27901	0.05377	0.01062	0.11609	0.37490	0.01650	0.03716	0.00961	0.01064	0.00610	0.00723	0.00516	0.00373	0.00331	0.00100	0.01411	0.00255	0.00193	0.00497
15	0.01702	0.00719	0.00936	0.00718	0.01019	0.00658	0.00593	0.13148	0.01209	0.72826	0.01446	0.01265	0.00918	0.00478	0.00390	0.00119	0.00343	0.00384	0.00467	0.00660
16	0.00804	0.00689	0.00804	0.00574	0.00919	0.00517	0.00459	0.00976	0.00804	0.01263	0.00689	0.00804	0.00574	0.00287	0.00287	0.00057	0.00287	0.00230	0.00230	0.88745
17	0.01122	0.00852	0.00987	0.00884	0.07475	0.00919	0.00657	0.48672	0.01461	0.01976	0.17559	0.04744	0.07145	0.00592	0.00438	0.00122	0.02991	0.00480	0.00370	0.00554
18	0.82205	0.00745	0.00588	0.00515	0.00763	0.00842	0.00423	0.01127	0.00671	0.01702	0.00551	0.00643	0.00432	0.00354	0.00244	0.00115	0.00299	0.00211	0.00239	0.07330
19	0.00774	0.00655	0.00771	0.00564	0.00879	0.00499	0.00448	0.00948	0.00838	0.01297	0.10371	0.01048	0.00934	0.00346	0.00307	0.00065	0.00275	0.00285	0.00253	0.78443
20	0.01137	0.02191	0.16524	0.01222	0.17468	0.00961	0.06644	0.28474	0.04299	0.07643	0.00878	0.00955	0.00646	0.00399	0.00377	0.00113	0.00451	0.00338	0.00284	0.08994
21	0.01187	0.02588	0.12896	0.12003	0.06691	0.47890	0.02378	0.02811	0.05924	0.01084	0.00699	0.00830	0.00553	0.00397	0.00363	0.00110	0.00610	0.00289	0.00205	0.00490
22	0.00732	0.00689	0.01163	0.85444	0.02670	0.00861	0.01077	0.00991	0.00775	0.00991	0.00689	0.01034	0.00517	0.00388	0.00388	0.00129	0.00517	0.00345	0.00172	0.00431
23	0.00478	0.00393	0.00421	0.00416	0.00536	0.00336	0.00311	0.00595	0.00929	0.01159	0.21538	0.04785	0.64871	0.00944	0.00459	0.00129	0.00194	0.00797	0.00375	0.00336
24	0.01211	0.00955	0.01015	0.00839	0.01102	0.01079	0.00673	0.41026	0.43890	0.02019	0.01265	0.01197	0.00930	0.00497	0.00391	0.00124	0.00365	0.00395	0.00391	0.00636
25	0.00479	0.00341	0.00454	0.00542	0.00566	0.00320	0.00365	0.00548	0.00743	0.00989	0.02113	0.81782	0.02528	0.03154	0.00530	0.00163	0.00232	0.03478	0.00357	0.00314
26	0.01106	0.00903	0.00956	0.00818	0.01062	0.01030	0.00648	0.24440	0.60646	0.01850	0.01398	0.01303	0.01038	0.00509	0.00393	0.00127	0.00340	0.00414	0.00393	0.00626
27	0.00470	0.00390	0.00411	0.00412	0.00533	0.00331	0.00307	0.00577	0.00902	0.01107	0.13647	0.08020	0.69615	0.00971	0.00460	0.00131	0.00196	0.00819	0.00368	0.00331
28	0.00804	0.00689	0.00804	0.00574	0.00919	0.00517	0.00459	0.00976	0.00804	0.01263	0.00689	0.00804	0.00574	0.00287	0.00287	0.00057	0.00287	0.00230	0.00230	0.88745
29	0.00540	0.00396	0.00506	0.00478	0.00574	0.00362	0.00359	0.00714	0.01076	0.01505	0.75942	0.02978	0.11499	0.00811	0.00457	0.00123	0.00184	0.00713	0.00420	0.00362
30	0.00460	0.00391	0.00397	0.00398	0.00526	0.00328	0.00298	0.00559	0.00884	0.01056	0.05428	0.05769	0.80223	0.00984	0.00459	0.00131	0.00197	0.00823	0.00361	0.00328
31	0.00728	0.00384	0.00405	0.02538	0.00530	0.00392	0.00307	0.02365	0.00824	0.01429	0.01252	0.02771	0.01000	0.00531	0.02643	0.00108	0.00218	0.00374	0.80834	0.00367
32	0.00918	0.00965	0.01177	0.01016	0.01039	0.10936	0.00837	0.01005	0.00653	0.00935	0.00519	0.00831	0.00508	0.00646	0.01165	0.00162	0.75762	0.00329	0.00173	0.00427
33	0.01566	0.00938	0.01072	0.00822	0.01128	0.00983	0.00679	0.54607	0.01575	0.30851	0.01139	0.01066	0.00764	0.00470	0.00389	0.00118	0.00393	0.00363	0.00420	0.00659
34	0.00968	0.00832	0.01151	0.00956	0.01054	0.02026	0.06118	0.09431	0.00820	0.08845	0.00956	0.03748	0.06474	0.00650	0.00954	0.00153	0.53747	0.00409	0.00242	0.00467
35	0.00778	0.00775	0.01388	0.55907	0.02293	0.00912	0.18296	0.01027	0.00783	0.01037	0.00721	0.02956	0.00578	0.00428	0.00508	0.00135	0.10465	0.00385	0.00181	0.00447
36	0.00528	0.00390	0.00493	0.00479	0.00569	0.00355	0.00355	0.00687	0.01031	0.01424	0.63962	0.11288	0.15276	0.00862	0.00461	0.00127	0.00189	0.00758	0.00410	0.00355
37	0.01088	0.00805	0.00878	0.00751	0.00983	0.00884	0.00597	0.19275	0.44839	0.10428	0.04855	0.01637	0.08762	0.00569	0.00403	0.00127	0.00321	0.01809	0.00399	0.00588
38	0.00564	0.00376	0.00423	0.00423	0.00423	0.00376	0.00235	0.00564	0.00564	0.00752	0.01222	0.02537	0.01409	0.86375	0.01973	0.00376	0.00376	0.00564	0.00235	0.00235
39	0.00549	0.00396	0.00518	0.00488	0.00579	0.00366	0.00366	0.00732	0.01097	0.01555	0.83752	0.02896	0.03658	0.00793	0.00457	0.00122	0.00183	0.00701	0.00427	0.00366
40	0.00549	0.00396	0.00518	0.00488	0.00579	0.00366	0.00366	0.00732	0.01097	0.01555	0.83752	0.02896	0.03658	0.00793	0.00457	0.00122	0.00183	0.00701	0.00427	0.00366
41	0.00778	0.02005	0.84367	0.01105	0.01678	0.00900	0.01432	0.01228	0.00818	0.01228	0.00696	0.00818	0.00491	0.00368	0.00368	0.00123	0.00573	0.00286	0.00164	0.00573
42	0.89114	0.00750	0.00570	0.00510	0.00750	0.00870	0.00420	0.01140	0.00660	0.01739	0.00540	0.00630	0.00420	0.00360	0.00240	0.00120	0.00300	0.00210	0.00240	0.00420
43	0.01383	0.00690	0.00885	0.00734	0.01988	0.00661	0.01651	0.18305	0.02183	0.46362	0.01516	0.19359	0.01234	0.00631	0.00413	0.00127	0.00333	0.00535	0.00427	0.00583
44	0.00902	0.00799	0.00814	0.00754	0.00939	0.06701	0.00591	0.01697	0.56721	0.01512	0.12742	0.01932	0.01594	0.00617	0.00416	0.00133	0.00323	0.09892	0.00381	0.00538
45	0.00960	0.00921	0.01574	0.02380	0.83957	0.00921	0.01190	0.01190	0.00883	0.01267	0.00729	0.00960	0.00614	0.00345	0.00384	0.00115	0.00461	0.00345	0.00192	0.00614
46	0.01622	0.00710	0.01061	0.00803	0.01111	0.00629	0.10127	0.01819	0.03383	0.72244	0.01444	0.01291	0.00923	0.00463	0.00398	0.00122	0.00367	0.00399	0.00444	0.00643
47	0.00842	0.00711	0.00824	0.00592	0.00935	0.00556	0.00475	0.05593	0.00861	0.01330	0.00703	0.00811	0.00579	0.00297	0.00293	0.00061	0.00295	0.00236	0.00239	0.83767
48	0.00504	0.00395	0.00456	0.00440	0.00552	0.00347	0.00330	0.00644	0.00991	0.01302	0.43974	0.03312	0.43594	0.00887	0.00458	0.00126	0.00190	0.00759	0.00393	0.00347
49	0.00517	0.00395	0.00482	0.00512	0.00605	0.00360	0.00396	0.00646	0.00905	0.01169	0.19940	0.18844	0.33685	0.01005	0.00482	0.00145	0.00235	0.18964	0.00373	0.00340
50	0.00913	0.01011	0.11138	0.17144	0.57256	0.00916	0.01184	0.03593	0.00884	0.01247	0.00724	0.00956	0.00584	0.00359	0.00383	0.00119	0.00483	0.00338	0.00191	0.00578
51	0.00897	0.03003	0.00974	0.01033	0.16427	0.00882	0.00683	0.01666	0.53810	0.01475	0.04897	0.01640	0.08849	0.00547	0.00399	0.00127	0.00324	0.01447	0.00348	0.00571
52	0.00458	0.00393	0.00393	0.00393	0.00524	0.00327	0.00295	0.00556	0.00884	0.01047	0.03927	0.03731	0.83800	0.00982	0.00458	0.00131	0.00196	0.00818	0.00360	0.00327
53	0.00611	0.00436	0.00596	0.00674	0.00755	0.00434	0.00573	0.00769	0.00858	0.01115	0.02031	0.05536	0.04586	0.09214	0.00670	0.00196	0.00352	0.69907	0.00345	0.00344
