[name]
unknown

[dist]
# distance from previous block
# <min> <max>
0	56

[block]
# block no. 0 follows, 68 sequences, length 6
# corresponding to MSA columns:
# 56-61
name=unknown_A
#
# <colnr> <probs for GDERKNQSTAVLIFYWHMCP>
#	G	D	E	R	K	N	Q	S	T	A	V	L	I	F	Y	W	H	M	C	P
0	0.00948	0.00975	0.01274	0.25552	0.26019	0.15703	0.04872	0.01160	0.00902	0.01131	0.00882	0.01407	0.00789	0.00479	0.00434	0.00128	0.02941	0.10841	0.00215	0.03347
1	0.00497	0.00385	0.00428	0.00449	0.00528	0.00343	0.00309	0.00575	0.00816	0.01023	0.06681	0.23712	0.44377	0.17160	0.00771	0.00188	0.00242	0.00853	0.00347	0.00316
2	0.11717	0.00907	0.01105	0.00882	0.01161	0.04602	0.11243	0.18473	0.19309	0.20830	0.01213	0.04864	0.00904	0.00493	0.00393	0.00127	0.00404	0.00414	0.00367	0.00592
3	0.01375	0.00954	0.01055	0.00833	0.01107	0.01036	0.00677	0.59325	0.05978	0.09659	0.06474	0.03936	0.00996	0.00565	0.00453	0.03751	0.00394	0.00414	0.00398	0.00620
4	0.00989	0.00559	0.00704	0.00652	0.00826	0.00535	0.00527	0.05099	0.07759	0.25041	0.08621	0.11224	0.14239	0.00824	0.00463	0.00144	0.00303	0.20596	0.00412	0.00482
5	0.00506	0.00361	0.00447	0.00506	0.00534	0.00340	0.00328	0.00560	0.00727	0.00955	0.02130	0.55862	0.10573	0.23203	0.00894	0.00216	0.00267	0.00955	0.00335	0.00302

[dist]
# distance from previous block
# <min> <max>
0	2

[block]
# block no. 1 follows, 68 sequences, length 10
# corresponding to MSA columns:
# 64-73
name=unknown_B
#
# <colnr> <probs for GDERKNQSTAVLIFYWHMCP>
#	G	D	E	R	K	N	Q	S	T	A	V	L	I	F	Y	W	H	M	C	P
0	0.01602	0.00649	0.00872	0.00689	0.00962	0.00572	0.00560	0.04456	0.01127	0.70178	0.05582	0.08498	0.01243	0.00569	0.00411	0.00126	0.00324	0.00474	0.00475	0.00631
1	0.00885	0.00828	0.01317	0.36856	0.36208	0.00924	0.01072	0.01276	0.14221	0.01236	0.00870	0.01094	0.00681	0.00401	0.00396	0.00127	0.00470	0.00368	0.00222	0.00549
2	0.09230	0.37250	0.13004	0.01017	0.14532	0.03868	0.00828	0.01249	0.02881	0.05958	0.06157	0.00939	0.00778	0.00396	0.00322	0.00106	0.00429	0.00298	0.00224	0.00534
3	0.00656	0.00614	0.00562	0.00600	0.00674	0.14053	0.00422	0.00735	0.00838	0.01006	0.02197	0.48092	0.16983	0.06893	0.00581	0.00163	0.00320	0.03938	0.00332	0.00343
4	0.03906	0.00855	0.00879	0.00782	0.00992	0.04577	0.00607	0.16370	0.46653	0.03524	0.01507	0.15068	0.01282	0.00629	0.00412	0.00134	0.00340	0.00525	0.00384	0.00573
5	0.00719	0.00577	0.00779	0.03004	0.00892	0.00571	0.08096	0.13991	0.01002	0.01302	0.02227	0.27078	0.22655	0.05189	0.00553	0.00158	0.00329	0.10127	0.00345	0.00407
6	0.03751	0.08286	0.53530	0.00971	0.01429	0.00949	0.01141	0.07444	0.08061	0.01408	0.08510	0.01078	0.00877	0.00436	0.00375	0.00122	0.00492	0.00342	0.00233	0.00565
7	0.01347	0.07839	0.00938	0.00697	0.00945	0.00705	0.00564	0.01682	0.17455	0.46728	0.03876	0.12957	0.01291	0.00600	0.00404	0.00127	0.00321	0.00502	0.00428	0.00594
8	0.01271	0.00658	0.04480	0.08564	0.01094	0.00566	0.00628	0.01450	0.01045	0.47504	0.13247	0.05976	0.03546	0.00624	0.00427	0.00131	0.00339	0.07477	0.00420	0.00554
9	0.07187	0.00957	0.01044	0.00845	0.01104	0.15866	0.08221	0.11848	0.03165	0.30498	0.11347	0.01413	0.01174	0.00511	0.00401	0.00122	0.00429	0.02941	0.00371	0.00558

[dist]
# distance from previous block
# <min> <max>
9	36

[block]
# block no. 2 follows, 68 sequences, length 34
# corresponding to MSA columns:
# 116-149
name=unknown_C
#
# <colnr> <probs for GDERKNQSTAVLIFYWHMCP>
#	G	D	E	R	K	N	Q	S	T	A	V	L	I	F	Y	W	H	M	C	P
0	0.03535	0.02957	0.01407	0.02643	0.29738	0.10258	0.12005	0.13185	0.07171	0.03489	0.02138	0.01166	0.02173	0.00431	0.00397	0.00120	0.00482	0.02800	0.00263	0.03642
1	0.06607	0.02124	0.08457	0.02797	0.10693	0.09911	0.03613	0.13395	0.05707	0.14466	0.04329	0.04920	0.00918	0.02574	0.01906	0.00138	0.04143	0.00397	0.00304	0.02601
2	0.00669	0.00525	0.00642	0.00680	0.04913	0.00523	0.00489	0.08895	0.03532	0.01235	0.03408	0.21339	0.26897	0.05926	0.02589	0.00172	0.02401	0.13345	0.00346	0.01473
3	0.01103	0.12211	0.01254	0.27274	0.04196	0.11494	0.00843	0.17883	0.15774	0.02808	0.00902	0.01016	0.00686	0.00432	0.00374	0.00119	0.00476	0.00341	0.00270	0.00543
4	0.01991	0.00809	0.03817	0.00718	0.01039	0.00692	0.04186	0.10286	0.10907	0.03635	0.01062	0.01208	0.04244	0.00416	0.00349	0.00091	0.00339	0.03459	0.00287	0.50464
5	0.00983	0.03305	0.20061	0.04971	0.20982	0.04570	0.23564	0.05916	0.03821	0.03894	0.02194	0.01043	0.00679	0.01740	0.00433	0.00128	0.00545	0.00378	0.00222	0.00569
6	0.06020	0.08461	0.33771	0.01258	0.06472	0.01009	0.24441	0.06076	0.00925	0.04658	0.00761	0.00913	0.00565	0.00378	0.00411	0.00125	0.02640	0.00345	0.00210	0.00563
7	0.00485	0.00380	0.00440	0.00472	0.00558	0.00335	0.00336	0.00584	0.00874	0.01112	0.12985	0.35458	0.42426	0.01073	0.00483	0.00143	0.00210	0.00935	0.00376	0.00335
8	0.01008	0.00800	0.01117	0.19792	0.12950	0.00849	0.04339	0.19819	0.05224	0.07003	0.06889	0.04328	0.06729	0.00517	0.00417	0.00123	0.01321	0.00445	0.00305	0.06025
9	0.02812	0.08752	0.11311	0.08865	0.21486	0.03921	0.00950	0.09817	0.11804	0.05678	0.00905	0.02102	0.00720	0.00454	0.00458	0.00125	0.07761	0.01254	0.00256	0.00569
10	0.06400	0.00420	0.00547	0.00640	0.04318	0.00413	0.00422	0.00682	0.00755	0.03637	0.01861	0.61544	0.02152	0.06677	0.05840	0.00200	0.00314	0.02489	0.00338	0.00351
11	0.00483	0.00345	0.00460	0.00552	0.00575	0.00322	0.00368	0.00552	0.00759	0.01012	0.02185	0.85807	0.02622	0.01242	0.00506	0.00161	0.00230	0.01127	0.00368	0.00322
12	0.02773	0.14962	0.01267	0.03014	0.01219	0.59050	0.00751	0.08581	0.02862	0.01127	0.00656	0.00747	0.00539	0.00405	0.00345	0.00103	0.00625	0.00263	0.00220	0.00489
13	0.01512	0.01134	0.01181	0.00912	0.01224	0.04817	0.00750	0.76942	0.01815	0.04293	0.00951	0.00951	0.00674	0.00473	0.00395	0.00118	0.00446	0.00354	0.00390	0.00665
14	0.00919	0.00863	0.01175	0.52909	0.09317	0.07691	0.00984	0.10356	0.04622	0.01239	0.00816	0.03662	0.00650	0.00433	0.00394	0.00126	0.00503	0.00370	0.00223	0.02746
15	0.04973	0.01148	0.00975	0.04614	0.01118	0.29187	0.00678	0.20569	0.05146	0.02631	0.04245	0.04684	0.03480	0.00822	0.10645	0.00182	0.03733	0.00391	0.00286	0.00493
16	0.01028	0.28000	0.29101	0.00883	0.01282	0.06598	0.00934	0.09646	0.09369	0.02216	0.00781	0.00849	0.00607	0.00389	0.00336	0.00107	0.00477	0.00285	0.00227	0.06888
17	0.04767	0.00755	0.01186	0.54153	0.14088	0.02152	0.03101	0.02803	0.01785	0.03207	0.05701	0.01206	0.02583	0.00431	0.00396	0.00128	0.00480	0.00382	0.00218	0.00477
18	0.00897	0.18837	0.53508	0.01112	0.08167	0.01050	0.01211	0.04851	0.00881	0.01251	0.00692	0.00813	0.00525	0.00368	0.00351	0.00114	0.00525	0.00282	0.00183	0.04382
19	0.00640	0.00536	0.00715	0.00858	0.15649	0.02232	0.00528	0.00825	0.02946	0.01357	0.39966	0.13756	0.16851	0.00804	0.00456	0.00130	0.00261	0.00711	0.00366	0.00414
20	0.00749	0.00663	0.01025	0.10462	0.28206	0.02047	0.03685	0.04080	0.00866	0.01172	0.01426	0.40860	0.01554	0.00781	0.00449	0.00140	0.00374	0.00720	0.00283	0.00459
21	0.01076	0.29216	0.01371	0.04153	0.08880	0.16068	0.00712	0.11334	0.06747	0.01273	0.05810	0.04127	0.06686	0.00492	0.00356	0.00109	0.00442	0.00378	0.00260	0.00511
22	0.57385	0.00741	0.00699	0.00586	0.00849	0.00795	0.00482	0.04285	0.00860	0.25987	0.00969	0.00959	0.03105	0.00427	0.00303	0.00123	0.00317	0.00293	0.00327	0.00508
23	0.00588	0.00420	0.00580	0.00672	0.00740	0.00412	0.00550	0.00733	0.00862	0.01129	0.02128	0.31251	0.02394	0.01144	0.00534	0.00175	0.00321	0.54652	0.00366	0.00351
24	0.00985	0.00957	0.01579	0.05863	0.78064	0.03108	0.01200	0.01218	0.00904	0.01275	0.00741	0.00978	0.00621	0.00357	0.00392	0.00118	0.00480	0.00351	0.00196	0.00616
25	0.00845	0.00598	0.00910	0.22175	0.06522	0.00654	0.05147	0.04208	0.00851	0.08396	0.01035	0.01305	0.00823	0.01055	0.21162	0.00245	0.00557	0.00385	0.22677	0.00448
26	0.00514	0.00391	0.00473	0.00478	0.00570	0.00350	0.00349	0.00648	0.00974	0.01299	0.40366	0.20714	0.29502	0.00965	0.00476	0.00135	0.00201	0.00843	0.00400	0.00350
27	0.00690	0.00467	0.00555	0.00547	0.00679	0.00434	0.00426	0.00889	0.06982	0.10067	0.11663	0.12219	0.35389	0.03115	0.00513	0.00149	0.00258	0.14172	0.00388	0.00398
28	0.07714	0.00936	0.01091	0.06918	0.07389	0.02408	0.00750	0.41249	0.05362	0.09931	0.00967	0.01045	0.00715	0.00669	0.07252	0.00165	0.04150	0.00358	0.00337	0.00594
29	0.00653	0.00531	0.04240	0.00748	0.07422	0.00469	0.00522	0.02457	0.00862	0.05779	0.09188	0.49461	0.09248	0.00995	0.00502	0.00148	0.02923	0.03101	0.00353	0.00396
30	0.00641	0.00517	0.02312	0.00665	0.00792	0.00482	0.02346	0.04884	0.02321	0.01240	0.06027	0.10088	0.22162	0.01000	0.00506	0.00160	0.00320	0.42790	0.00364	0.00383
31	0.06721	0.00867	0.01000	0.00781	0.01076	0.00893	0.00642	0.36392	0.05823	0.36426	0.04403	0.01206	0.00936	0.00492	0.00392	0.00122	0.00371	0.00385	0.00429	0.00646
32	0.01096	0.00905	0.01094	0.16662	0.10085	0.03130	0.00796	0.29574	0.19870	0.01716	0.03023	0.02354	0.00897	0.04185	0.00477	0.00137	0.01295	0.00402	0.01729	0.00572
33	0.53773	0.13769	0.06187	0.00737	0.03922	0.04269	0.03063	0.03303	0.03635	0.01552	0.00625	0.00724	0.00497	0.00380	0.00303	0.00118	0.02187	0.00248	0.00232	0.00476

[dist]
# distance from previous block
# <min> <max>
0	10

[block]
# block no. 3 follows, 68 sequences, length 15
# corresponding to MSA columns:
# 173-187
name=unknown_D
#
# <colnr> <probs for GDERKNQSTAVLIFYWHMCP>
#	G	D	E	R	K	N	Q	S	T	A	V	L	I	F	Y	W	H	M	C	P
0	0.01686	0.08435	0.25713	0.00800	0.02263	0.03409	0.03692	0.01044	0.04561	0.03375	0.11610	0.04677	0.19694	0.00701	0.03014	0.00141	0.00414	0.02476	0.00282	0.02013
1	0.02529	0.52012	0.14547	0.00947	0.10225	0.04411	0.00842	0.01197	0.00830	0.02281	0.00663	0.02330	0.00581	0.00443	0.02707	0.00113	0.00474	0.00268	0.00186	0.02415
2	0.10741	0.00536	0.00655	0.00591	0.00766	0.00500	0.00457	0.01139	0.02100	0.27360	0.14495	0.24048	0.06721	0.00767	0.00425	0.00133	0.00273	0.03253	0.00398	0.04643
3	0.00819	0.02488	0.21220	0.05414	0.07117	0.02471	0.03111	0.09112	0.05041	0.02834	0.03971	0.21375	0.05042	0.00702	0.00435	0.00138	0.00412	0.07516	0.00294	0.00490
4	0.13327	0.02167	0.13691	0.00883	0.02218	0.00891	0.08402	0.22275	0.06400	0.03153	0.05782	0.06761	0.00971	0.00496	0.00381	0.00120	0.00409	0.01765	0.00302	0.09604
5	0.00588	0.00446	0.00621	0.00613	0.00670	0.00505	0.00464	0.00708	0.00707	0.01007	0.10431	0.08002	0.03182	0.12991	0.46084	0.00442	0.07419	0.02625	0.02147	0.00346
6	0.00566	0.00385	0.00458	0.00467	0.00477	0.00391	0.00281	0.00589	0.00601	0.00810	0.01321	0.10710	0.01509	0.68505	0.10972	0.00390	0.00444	0.00614	0.00250	0.00261
7	0.01391	0.00722	0.00897	0.00695	0.01001	0.00648	0.00564	0.03822	0.13822	0.46724	0.01325	0.01218	0.00903	0.00445	0.00371	0.00107	0.00325	0.00361	0.00406	0.24253
8	0.01006	0.58564	0.03884	0.00745	0.01019	0.01368	0.00707	0.06634	0.00836	0.01049	0.00635	0.00792	0.00575	0.00683	0.09691	0.00160	0.10702	0.00264	0.00190	0.00496
9	0.00553	0.00405	0.00519	0.00490	0.00587	0.00371	0.00368	0.00733	0.01104	0.01545	0.76567	0.03035	0.10585	0.00827	0.00468	0.00125	0.00188	0.00727	0.00431	0.00371
10	0.00529	0.00388	0.00496	0.00503	0.00581	0.00355	0.00364	0.00674	0.00997	0.01372	0.52074	0.25974	0.12316	0.00952	0.00478	0.00136	0.00200	0.00844	0.00410	0.00355
11	0.00983	0.00958	0.01564	0.05605	0.74890	0.03425	0.01186	0.01210	0.00894	0.01262	0.00732	0.00972	0.00617	0.00369	0.00425	0.00120	0.03635	0.00350	0.00195	0.00608
12	0.06562	0.01776	0.01082	0.00982	0.01190	0.75762	0.00740	0.01583	0.04848	0.01049	0.00655	0.00746	0.00538	0.00412	0.00353	0.00105	0.00673	0.00262	0.00216	0.00466
13	0.00542	0.00428	0.00480	0.00458	0.00582	0.00382	0.00346	0.03564	0.01023	0.01323	0.34640	0.03383	0.49610	0.00910	0.00466	0.00130	0.00204	0.00773	0.00396	0.00362
14	0.10796	0.01063	0.00938	0.00817	0.01038	0.19476	0.00641	0.12054	0.30204	0.07181	0.05071	0.01237	0.02847	0.00510	0.00420	0.00125	0.04312	0.00382	0.00337	0.00550

[dist]
# distance from previous block
# <min> <max>
0	1

[block]
# block no. 4 follows, 68 sequences, length 22
# corresponding to MSA columns:
# 189-210
name=unknown_E
#
# <colnr> <probs for GDERKNQSTAVLIFYWHMCP>
#	G	D	E	R	K	N	Q	S	T	A	V	L	I	F	Y	W	H	M	C	P
0	0.01312	0.00994	0.00997	0.00810	0.01061	0.08195	0.00649	0.50046	0.07514	0.05591	0.01111	0.05597	0.00874	0.02371	0.00420	0.00124	0.00405	0.00404	0.10937	0.00588
1	0.01123	0.15196	0.11425	0.01027	0.03945	0.09738	0.12727	0.17387	0.12420	0.02989	0.00877	0.00950	0.00670	0.00404	0.00370	0.00112	0.00486	0.00335	0.00267	0.07553
2	0.01196	0.40361	0.02965	0.00844	0.01124	0.29774	0.02954	0.05932	0.05668	0.01118	0.04179	0.00843	0.00698	0.00402	0.00323	0.00099	0.00517	0.00278	0.00220	0.00504
3	0.02162	0.04174	0.01836	0.00611	0.00765	0.00538	0.01580	0.04949	0.05159	0.12956	0.09012	0.31506	0.13354	0.02618	0.01744	0.00149	0.00293	0.02300	0.00369	0.03927
4	0.00959	0.00988	0.06707	0.13398	0.57275	0.00949	0.04508	0.04675	0.04259	0.01319	0.00784	0.01005	0.00631	0.00373	0.00396	0.00122	0.00486	0.00358	0.00209	0.00598
5	0.00607	0.02070	0.00576	0.00520	0.00650	0.00478	0.00396	0.00909	0.13536	0.01431	0.45232	0.02952	0.27516	0.00819	0.00454	0.00128	0.00215	0.00703	0.00406	0.00403
6	0.00912	0.00890	0.01425	0.34525	0.48653	0.04462	0.01153	0.01153	0.00869	0.01172	0.00724	0.00999	0.00584	0.00372	0.00393	0.00123	0.00504	0.00349	0.00189	0.00548
7	0.00961	0.00838	0.01292	0.31736	0.24691	0.05275	0.06996	0.02425	0.02580	0.08909	0.04425	0.01309	0.01717	0.00473	0.01286	0.00133	0.00490	0.03698	0.00244	0.00522
8	0.00536	0.00384	0.00510	0.00593	0.00636	0.00369	0.00426	0.02627	0.00814	0.01080	0.02139	0.69087	0.02513	0.01197	0.00511	0.00164	0.00259	0.15447	0.00368	0.00339
9	0.00572	0.00401	0.00503	0.00478	0.00574	0.00370	0.00358	0.00752	0.01075	0.01536	0.68453	0.02878	0.09945	0.00790	0.00448	0.00122	0.00188	0.00691	0.09495	0.00370
10	0.01937	0.00509	0.00644	0.00609	0.00719	0.00537	0.00468	0.08028	0.00857	0.09793	0.01467	0.10388	0.05036	0.12917	0.25352	0.00316	0.02802	0.07115	0.10104	0.00402
11	0.00653	0.05220	0.00613	0.00522	0.00661	0.04537	0.00401	0.02202	0.04639	0.03455	0.14879	0.09225	0.42934	0.04496	0.00517	0.00142	0.00265	0.03898	0.00359	0.00381
12	0.00563	0.00418	0.00595	0.00595	0.00659	0.00471	0.00448	0.00681	0.00643	0.00907	0.01250	0.01832	0.05556	0.14940	0.67924	0.00573	0.00917	0.00469	0.00225	0.00336
13	0.00491	0.00351	0.00469	0.00556	0.00584	0.00329	0.00377	0.00569	0.00779	0.01041	0.05395	0.79848	0.02655	0.01220	0.00506	0.00160	0.00233	0.03741	0.00371	0.00326
14	0.00696	0.00629	0.04081	0.00744	0.00893	0.00589	0.09048	0.06443	0.14182	0.01281	0.05111	0.44471	0.08383	0.00911	0.00468	0.00146	0.00314	0.00824	0.00353	0.00431
15	0.00855	0.00798	0.01240	0.56242	0.18271	0.02254	0.01058	0.03763	0.09325	0.01181	0.00813	0.01077	0.00623	0.00405	0.00396	0.00129	0.00495	0.00361	0.00211	0.00504
16	0.00569	0.00416	0.00593	0.00593	0.00649	0.00472	0.00440	0.00680	0.00624	0.00888	0.01102	0.01781	0.01088	0.20909	0.66692	0.00583	0.00916	0.00458	0.00218	0.00329
17	0.05397	0.00786	0.00904	0.00737	0.01009	0.08593	0.00605	0.04260	0.01114	0.61342	0.01466	0.01568	0.01037	0.00540	0.00403	0.00127	0.00378	0.08686	0.00437	0.00612
18	0.00872	0.15540	0.47240	0.01045	0.03719	0.01015	0.04654	0.01197	0.00818	0.02216	0.00682	0.00826	0.00528	0.00391	0.00441	0.00117	0.08598	0.00289	0.00182	0.09630
19	0.00909	0.00744	0.02430	0.11126	0.14735	0.04073	0.04251	0.06836	0.05164	0.09423	0.12672	0.17995	0.03145	0.00665	0.00451	0.00133	0.02030	0.02405	0.00321	0.00492
20	0.00938	0.29885	0.36342	0.01091	0.01542	0.04164	0.18374	0.01248	0.00858	0.01141	0.00674	0.00815	0.00526	0.00356	0.00355	0.00113	0.00554	0.00302	0.00177	0.00545
21	0.00932	0.03438	0.07172	0.00776	0.01137	0.04759	0.08330	0.04650	0.02683	0.03834	0.00762	0.00872	0.00606	0.00330	0.00328	0.00080	0.00383	0.00277	0.00242	0.58409

[dist]
# distance from previous block
# <min> <max>
0	1

[block]
# block no. 5 follows, 68 sequences, length 72
# corresponding to MSA columns:
# 212-226,228-284
name=unknown_F
#
# <colnr> <probs for GDERKNQSTAVLIFYWHMCP>
#	G	D	E	R	K	N	Q	S	T	A	V	L	I	F	Y	W	H	M	C	P
0	0.03241	0.43959	0.03473	0.00821	0.01119	0.26044	0.00726	0.12358	0.02847	0.01200	0.00651	0.00726	0.00545	0.00384	0.00310	0.00097	0.00510	0.00252	0.00218	0.00519
1	0.00789	0.00548	0.00658	0.00656	0.01959	0.00559	0.00478	0.01187	0.24514	0.10573	0.09171	0.35691	0.08629	0.00883	0.00457	0.00143	0.00266	0.01981	0.00395	0.00460
2	0.01691	0.00720	0.00936	0.00728	0.01029	0.00662	0.00598	0.07432	0.08295	0.71161	0.01527	0.01334	0.00980	0.00494	0.00399	0.00123	0.00342	0.00400	0.00477	0.00671
3	0.00492	0.00354	0.00480	0.00562	0.00590	0.00342	0.00382	0.00570	0.00745	0.01002	0.02059	0.76337	0.02439	0.01437	0.09946	0.00215	0.00324	0.01048	0.00351	0.00326
4	0.00483	0.00345	0.00460	0.00552	0.00575	0.00322	0.00368	0.00552	0.00759	0.01012	0.02185	0.85807	0.02622	0.01242	0.00506	0.00161	0.00230	0.01127	0.00368	0.00322
5	0.01462	0.00922	0.01042	0.00810	0.01102	0.00968	0.00663	0.52584	0.01560	0.21677	0.03037	0.04134	0.00897	0.00508	0.00395	0.00118	0.00386	0.00399	0.03624	0.03714
6	0.00522	0.00409	0.00475	0.00474	0.00588	0.00363	0.00366	0.00663	0.00985	0.01274	0.32794	0.03578	0.45199	0.00944	0.00477	0.00136	0.00214	0.09795	0.00393	0.00353
7	0.01481	0.01890	0.01124	0.01021	0.01226	0.84474	0.00766	0.01583	0.01124	0.00970	0.00613	0.00715	0.00511	0.00409	0.00358	0.00102	0.00715	0.00255	0.00204	0.00460
8	0.01493	0.01004	0.01111	0.00864	0.01167	0.01088	0.00710	0.61146	0.07736	0.15946	0.01105	0.01071	0.00772	0.00538	0.02247	0.00132	0.00424	0.00372	0.00409	0.00664
9	0.00485	0.00395	0.00429	0.00436	0.00549	0.00339	0.00321	0.00594	0.00918	0.01143	0.15994	0.14462	0.60542	0.01006	0.00473	0.00136	0.00203	0.00857	0.00379	0.00339
10	0.00936	0.01070	0.02340	0.01671	0.02072	0.01003	0.82152	0.01270	0.00936	0.01270	0.00802	0.01070	0.00602	0.00334	0.00468	0.00134	0.00668	0.00468	0.00201	0.00535
11	0.00954	0.00939	0.01675	0.09634	0.64960	0.00945	0.12610	0.01206	0.00898	0.01267	0.00750	0.01000	0.00616	0.00354	0.00403	0.00121	0.00504	0.00369	0.00195	0.00598
12	0.02480	0.02810	0.01005	0.02224	0.01082	0.04127	0.00656	0.43861	0.16108	0.03462	0.01279	0.16773	0.01122	0.00621	0.00411	0.00129	0.00384	0.00508	0.00376	0.00581
13	0.00507	0.00365	0.00474	0.00549	0.00584	0.00343	0.00371	0.02147	0.00796	0.01060	0.05136	0.76196	0.05991	0.02783	0.00529	0.00162	0.00234	0.01075	0.00369	0.00330
14	0.10126	0.02368	0.01076	0.00880	0.01106	0.20327	0.02081	0.27906	0.04769	0.07767	0.04555	0.01007	0.00779	0.00540	0.02123	0.00133	0.11262	0.00342	0.00307	0.00543
15	0.01090	0.68088	0.06677	0.00754	0.01084	0.07605	0.00741	0.05056	0.00874	0.01029	0.00583	0.00677	0.00517	0.00366	0.00314	0.00093	0.03523	0.00232	0.00183	0.00515
16	0.02056	0.00894	0.01280	0.09365	0.35926	0.02747	0.03972	0.10242	0.13796	0.02249	0.03593	0.01195	0.03298	0.00431	0.00392	0.00118	0.00427	0.00386	0.00268	0.07363
17	0.01240	0.33253	0.04443	0.00875	0.02514	0.35304	0.00737	0.05979	0.03952	0.03530	0.00781	0.02767	0.02218	0.00422	0.00331	0.00101	0.00535	0.00290	0.00223	0.00504
18	0.00953	0.03041	0.03191	0.00635	0.00976	0.00629	0.00530	0.08675	0.00945	0.07544	0.00876	0.00952	0.02510	0.00349	0.00316	0.00074	0.00317	0.00276	0.02225	0.64986
19	0.00853	0.07197	0.26304	0.04236	0.02472	0.05195	0.15607	0.03885	0.00917	0.02426	0.07772	0.04733	0.09618	0.00531	0.00473	0.00128	0.06459	0.00452	0.00240	0.00499
20	0.00960	0.02318	0.00738	0.00637	0.00813	0.08534	0.00496	0.06836	0.08641	0.16077	0.22122	0.08117	0.17513	0.01552	0.00450	0.00130	0.00310	0.02892	0.00391	0.00470
21	0.00757	0.00713	0.01203	0.82342	0.05440	0.00883	0.01105	0.01020	0.00796	0.01022	0.00706	0.01055	0.00532	0.00395	0.00396	0.00132	0.00527	0.00352	0.00177	0.00447
22	0.01491	0.00899	0.10267	0.00770	0.01088	0.00749	0.00692	0.19395	0.02579	0.47310	0.02694	0.01244	0.00913	0.00479	0.00387	0.00120	0.00372	0.00381	0.07536	0.00634
23	0.00733	0.00589	0.00619	0.00653	0.02269	0.08694	0.00448	0.04427	0.04783	0.04923	0.01804	0.51243	0.03378	0.11788	0.00666	0.00178	0.00321	0.01763	0.00341	0.00378
24	0.03342	0.00794	0.00987	0.00758	0.01066	0.00763	0.00626	0.23612	0.01323	0.60352	0.01380	0.01229	0.00888	0.00484	0.00395	0.00122	0.00364	0.00384	0.00461	0.00670
25	0.00489	0.00386	0.00443	0.00479	0.00571	0.00340	0.00350	0.00588	0.00864	0.01081	0.06597	0.31817	0.46977	0.01083	0.00487	0.00146	0.00221	0.06375	0.00371	0.00334
26	0.00845	0.03223	0.01305	0.40304	0.33386	0.00891	0.01050	0.02304	0.03825	0.01169	0.01005	0.01240	0.06916	0.00431	0.00397	0.00125	0.00469	0.00389	0.00210	0.00516
27	0.01110	0.00674	0.00807	0.00682	0.00891	0.00683	0.00545	0.16244	0.14092	0.22335	0.28708	0.02022	0.03628	0.00638	0.00429	0.00127	0.00299	0.04057	0.01487	0.00543
28	0.00498	0.00359	0.00475	0.00562	0.00598	0.00336	0.00392	0.00580	0.00782	0.01033	0.02273	0.73383	0.06843	0.01215	0.00508	0.00162	0.00242	0.09065	0.00368	0.00327
29	0.07870	0.01001	0.01083	0.00839	0.01142	0.01087	0.00692	0.62627	0.01649	0.13328	0.02901	0.01036	0.00773	0.00478	0.00386	0.00120	0.00405	0.00361	0.01577	0.00646
30	0.30308	0.36044	0.05903	0.00874	0.10272	0.04931	0.00706	0.04847	0.00836	0.01345	0.00603	0.00706	0.00503	0.00362	0.00285	0.00106	0.00413	0.00242	0.00209	0.00505
31	0.00509	0.00408	0.00444	0.00457	0.00568	0.00359	0.00347	0.00612	0.00874	0.01068	0.05518	0.03754	0.60029	0.10573	0.00655	0.00169	0.00246	0.12726	0.00355	0.00330
32	0.00939	0.00936	0.01413	0.35178	0.40810	0.08225	0.03264	0.02390	0.00894	0.01172	0.00722	0.00990	0.00578	0.00377	0.00393	0.00123	0.00520	0.00347	0.00192	0.00537
33	0.00602	0.00482	0.00515	0.00485	0.00630	0.00443	0.00373	0.09781	0.01035	0.01298	0.13564	0.06042	0.59194	0.00931	0.00464	0.00133	0.00231	0.03038	0.00380	0.00378
34	0.03860	0.02321	0.01093	0.01001	0.14408	0.02681	0.03269	0.15504	0.02528	0.08352	0.00836	0.00923	0.00645	0.00363	0.00343	0.00091	0.00376	0.00300	0.00279	0.40826
35	0.01480	0.01046	0.07569	0.00862	0.01189	0.01010	0.00752	0.50710	0.04159	0.23151	0.03271	0.01114	0.00837	0.00483	0.00398	0.00121	0.00412	0.00375	0.00404	0.00658
36	0.00583	0.00418	0.00486	0.00506	0.00608	0.00379	0.00365	0.00728	0.05088	0.06126	0.04781	0.37725	0.38662	0.01044	0.00477	0.00144	0.00227	0.00909	0.00379	0.00366
37	0.00791	0.00557	0.02571	0.00622	0.00755	0.01972	0.00492	0.05900	0.01890	0.11194	0.18522	0.08764	0.08155	0.04149	0.27819	0.00302	0.01994	0.00564	0.02566	0.00421
38	0.00928	0.00758	0.00945	0.00685	0.01030	0.00622	0.05032	0.07411	0.00922	0.05285	0.00767	0.00872	0.00613	0.00325	0.00331	0.00072	0.01526	0.00267	0.00257	0.71353
39	0.00485	0.00393	0.00432	0.00457	0.00563	0.00340	0.00338	0.00586	0.00879	0.01081	0.05993	0.21790	0.58464	0.01056	0.00481	0.00142	0.00216	0.05598	0.00370	0.00335
40	0.00532	0.00410	0.00489	0.00498	0.00591	0.00378	0.00362	0.00706	0.04892	0.01280	0.33489	0.24964	0.28011	0.00971	0.00475	0.00138	0.00209	0.00849	0.00396	0.00360
41	0.00588	0.00410	0.00557	0.00592	0.00660	0.00386	0.02574	0.01525	0.02310	0.04304	0.07855	0.58718	0.07246	0.01103	0.00510	0.01666	0.00255	0.06568	0.01814	0.00356
42	0.00680	0.00638	0.01858	0.00886	0.00975	0.00708	0.13664	0.00810	0.00752	0.01054	0.03495	0.38447	0.01610	0.00999	0.04816	0.00183	0.24919	0.02834	0.00277	0.00395
43	0.14323	0.00822	0.00841	0.00698	0.00920	0.00910	0.00553	0.36472	0.12866	0.01906	0.01125	0.01293	0.02391	0.10097	0.00542	0.00148	0.00354	0.00384	0.12823	0.00533
44	0.00628	0.00481	0.00554	0.00549	0.00665	0.00463	0.00412	0.09831	0.03335	0.01311	0.14172	0.27949	0.31420	0.00981	0.00474	0.00142	0.00247	0.05619	0.00382	0.00385
45	0.00979	0.00942	0.01547	0.10871	0.71777	0.02779	0.01186	0.02868	0.00916	0.01284	0.00743	0.00983	0.00616	0.00361	0.00392	0.00119	0.00482	0.00351	0.00198	0.00606
46	0.00933	0.08587	0.05774	0.22329	0.49015	0.02825	0.01133	0.01190	0.02286	0.01191	0.00729	0.00964	0.00594	0.00368	0.00380	0.00119	0.00489	0.00337	0.00191	0.00566
47	0.01075	0.00702	0.00803	0.00707	0.00906	0.00746	0.00561	0.16069	0.25415	0.14952	0.04976	0.10257	0.01381	0.00670	0.01618	0.00138	0.00324	0.06632	0.11523	0.00545
48	0.00702	0.00487	0.00582	0.00543	0.00676	0.00460	0.00417	0.08845	0.01086	0.06697	0.35089	0.11895	0.25419	0.00871	0.00464	0.00133	0.00238	0.04584	0.00406	0.00406
49	0.02640	0.00960	0.01033	0.07334	0.05466	0.06641	0.00718	0.30138	0.26782	0.04594	0.05333	0.01330	0.04227	0.00514	0.00400	0.00125	0.00399	0.00414	0.00360	0.00593
50	0.01060	0.86304	0.02078	0.00678	0.01018	0.01569	0.00678	0.01187	0.00806	0.00933	0.00551	0.00636	0.00509	0.00339	0.00254	0.00085	0.00424	0.00212	0.00170	0.00509
51	0.01005	0.00748	0.00886	0.04393	0.01017	0.00732	0.01811	0.24759	0.02315	0.06158	0.06633	0.04671	0.03904	0.10117	0.00572	0.00136	0.01305	0.01340	0.00320	0.27176
52	0.01422	0.10595	0.01216	0.00840	0.01142	0.01147	0.00703	0.58991	0.02945	0.10554	0.02290	0.03517	0.00805	0.00491	0.00384	0.00117	0.00410	0.00375	0.01419	0.00636
53	0.01986	0.00784	0.06906	0.00663	0.00985	0.00595	0.00570	0.03359	0.00915	0.22672	0.02204	0.01109	0.00785	0.05914	0.00462	0.00107	0.01933	0.00316	0.00303	0.47434
54	0.00925	0.02916	0.07935	0.00936	0.06353	0.06188	0.04758	0.03303	0.03829	0.04020	0.09229	0.26264	0.13854	0.00931	0.00540	0.01619	0.00408	0.05096	0.00378	0.00517
55	0.00569	0.00413	0.00537	0.00504	0.00600	0.00385	0.00379	0.00773	0.02595	0.01591	0.81911	0.02935	0.03696	0.00806	0.00466	0.00125	0.00189	0.00712	0.00436	0.00379
56	0.00755	0.00711	0.01200	0.82946	0.04850	0.00883	0.01104	0.01018	0.00796	0.01020	0.00706	0.01055	0.00531	0.00395	0.00396	0.00132	0.00527	0.00352	0.00177	0.00445
57	0.04881	0.00863	0.01048	0.15403	0.08735	0.04798	0.00752	0.25737	0.01218	0.21150	0.01038	0.01104	0.00738	0.00489	0.01831	0.00128	0.00427	0.00357	0.08728	0.00575
58	0.04197	0.01039	0.17717	0.00871	0.01212	0.00810	0.05211	0.11469	0.13047	0.32807	0.04221	0.01326	0.00979	0.00489	0.00400	0.00127	0.00408	0.02683	0.00372	0.00615
59	0.00961	0.00611	0.00724	0.00629	0.00800	0.00619	0.00485	0.11397	0.15054	0.15580	0.31847	0.05120	0.03792	0.07179	0.00550	0.00146	0.00282	0.00568	0.03164	0.00493
60	0.06153	0.00706	0.00896	0.00697	0.00988	0.00653	0.00574	0.10296	0.01169	0.65869	0.01431	0.01280	0.00923	0.00481	0.00383	0.00120	0.00337	0.00383	0.06020	0.00643
61	0.00590	0.00443	0.00542	0.00580	0.02967	0.00431	0.00403	0.02836	0.03642	0.01123	0.10878	0.19615	0.20269	0.19272	0.04957	0.00221	0.00322	0.09187	0.01374	0.00348
62	0.04523	0.00821	0.00953	0.00761	0.01049	0.03797	0.00619	0.14309	0.16140	0.50564	0.01410	0.01265	0.00940	0.00490	0.00393	0.00124	0.00361	0.00390	0.00442	0.00650
63	0.00503	0.00384	0.00445	0.00477	0.00554	0.00345	0.00337	0.00594	0.00836	0.01067	0.09102	0.30572	0.36859	0.10627	0.00657	0.00172	0.00237	0.04608	0.01299	0.00325
64	0.21572	0.00582	0.00680	0.12315	0.00998	0.00635	0.00531	0.02763	0.05084	0.06768	0.03757	0.23723	0.07268	0.04492	0.03102	0.00165	0.01737	0.03103	0.00311	0.00414
65	0.01073	0.01021	0.01503	0.05770	0.63760	0.07035	0.01121	0.11379	0.01034	0.01410	0.00760	0.00962	0.00621	0.00375	0.00391	0.00117	0.00487	0.00347	0.00221	0.00613
66	0.00735	0.00411	0.00511	0.00511	0.00610	0.00379	0.00373	0.00864	0.00899	0.12816	0.15444	0.34655	0.08498	0.00869	0.00429	0.00132	0.00225	0.00762	0.20483	0.00392
67	0.00654	0.00470	0.00609	0.02994	0.00695	0.03282	0.00442	0.00716	0.00645	0.02568	0.01073	0.03003	0.01076	0.23132	0.39577	0.13493	0.01913	0.02278	0.01066	0.00312
68	0.00913	0.05293	0.22162	0.24000	0.05634	0.05069	0.08874	0.03525	0.07001	0.05287	0.02111	0.03513	0.01746	0.00478	0.01449	0.00133	0.00517	0.01538	0.00232	0.00524
69	0.00856	0.03769	0.20056	0.02615	0.01202	0.08556	0.11300	0.04495	0.02029	0.05226	0.02955	0.12330	0.15229	0.01491	0.00483	0.03357	0.00445	0.02863	0.00275	0.00466
70	0.03622	0.18609	0.08579	0.02787	0.07168	0.16695	0.11257	0.07163	0.00975	0.08047	0.00775	0.00924	0.00616	0.02329	0.01700	0.00127	0.04653	0.00320	0.01684	0.01971
71	0.35385	0.04853	0.03647	0.10782	0.08235	0.09130	0.02471	0.02019	0.00833	0.05319	0.05034	0.00937	0.00702	0.00463	0.02270	0.00129	0.01820	0.00300	0.00243	0.05429

[dist]
# distance from previous block
# <min> <max>
6	25

[block]
# block no. 6 follows, 68 sequences, length 28
# corresponding to MSA columns:
# 340-350,352-368
name=unknown_G
#
# <colnr> <probs for GDERKNQSTAVLIFYWHMCP>
#	G	D	E	R	K	N	Q	S	T	A	V	L	I	F	Y	W	H	M	C	P
0	0.05165	0.00563	0.02862	0.00664	0.03173	0.00537	0.00500	0.04360	0.05433	0.10702	0.12266	0.21543	0.08635	0.07458	0.08397	0.00205	0.01421	0.05344	0.00351	0.00424
1	0.05446	0.14754	0.21590	0.04348	0.03165	0.07650	0.02490	0.07094	0.03600	0.01297	0.01708	0.04690	0.03076	0.00430	0.00348	0.00106	0.00447	0.00336	0.00231	0.17195
2	0.00582	0.00464	0.00563	0.00579	0.00641	0.02039	0.00418	0.00719	0.04794	0.01022	0.04547	0.30256	0.15364	0.13734	0.14552	0.00265	0.05544	0.03259	0.00313	0.00345
3	0.00502	0.00370	0.00468	0.00535	0.00579	0.00348	0.00363	0.00603	0.02862	0.01037	0.04278	0.66170	0.12595	0.04920	0.02228	0.00175	0.00251	0.01026	0.00362	0.00330
4	0.04164	0.02986	0.04096	0.02379	0.28586	0.02027	0.09775	0.12899	0.10874	0.11117	0.03427	0.01139	0.00831	0.00477	0.02105	0.00132	0.00454	0.00384	0.01551	0.00598
5	0.03868	0.20300	0.09948	0.01102	0.14440	0.03381	0.06489	0.09709	0.11698	0.04796	0.04648	0.02820	0.04217	0.00460	0.00370	0.00116	0.00430	0.00381	0.00270	0.00557
6	0.00524	0.00380	0.00487	0.00558	0.00600	0.00360	0.00380	0.03930	0.00814	0.01077	0.02248	0.77199	0.07571	0.01196	0.00499	0.00158	0.00237	0.01077	0.00369	0.00337
7	0.00502	0.00364	0.00473	0.00550	0.00591	0.00339	0.00384	0.00586	0.00792	0.01044	0.04714	0.65661	0.09925	0.03717	0.00550	0.00166	0.00244	0.08705	0.00366	0.00326
8	0.03052	0.04407	0.03566	0.05818	0.05352	0.02605	0.02602	0.18936	0.07682	0.38276	0.01217	0.01164	0.00828	0.00461	0.00387	0.00121	0.00398	0.00372	0.02129	0.00627
9	0.01060	0.86304	0.02078	0.00678	0.01018	0.01569	0.00678	0.01187	0.00806	0.00933	0.00551	0.00636	0.00509	0.00339	0.00254	0.00085	0.00424	0.00212	0.00170	0.00509
10	0.03160	0.02610	0.01119	0.04003	0.05559	0.05775	0.00726	0.43132	0.08093	0.13772	0.01037	0.01997	0.00754	0.00462	0.00384	0.00116	0.00419	0.00360	0.00363	0.06159
11	0.01159	0.46740	0.12575	0.00824	0.01164	0.10347	0.00806	0.13231	0.01007	0.04638	0.00679	0.00756	0.00553	0.00391	0.00348	0.00102	0.03657	0.00262	0.00220	0.00542
12	0.00842	0.00638	0.00764	0.00602	0.00863	0.00546	0.00475	0.04649	0.03748	0.06635	0.09549	0.01426	0.03523	0.04943	0.08564	0.00152	0.00370	0.01944	0.00290	0.49478
13	0.02616	0.00955	0.11553	0.06802	0.09806	0.02266	0.14573	0.11821	0.05222	0.02207	0.05196	0.12100	0.02917	0.00644	0.02135	0.00145	0.02088	0.06163	0.00282	0.00509
14	0.00561	0.00405	0.00530	0.00499	0.00592	0.00374	0.00374	0.00748	0.01122	0.01590	0.83383	0.02962	0.03741	0.00811	0.00468	0.00125	0.00187	0.00717	0.00436	0.00374
15	0.00729	0.00541	0.00633	0.00625	0.00731	0.00477	0.00446	0.00818	0.01121	0.01534	0.47413	0.18739	0.22343	0.01053	0.00557	0.00169	0.00271	0.00874	0.00468	0.00459
16	0.23236	0.01031	0.02492	0.00805	0.01103	0.04014	0.00671	0.50142	0.02884	0.08573	0.00896	0.00905	0.00638	0.00447	0.00358	0.00120	0.00407	0.00322	0.00356	0.00603
17	0.03265	0.00957	0.05310	0.00811	0.01108	0.00952	0.00690	0.41454	0.10542	0.21172	0.03602	0.01181	0.00902	0.00488	0.00389	0.00121	0.00382	0.00382	0.05660	0.00632
18	0.01562	0.00680	0.00874	0.00688	0.00962	0.00628	0.00562	0.09062	0.04629	0.61270	0.06177	0.01422	0.01124	0.00507	0.00392	0.00120	0.00324	0.00413	0.07974	0.00629
19	0.00488	0.00389	0.00437	0.00454	0.00555	0.00338	0.00329	0.00595	0.00906	0.01144	0.16865	0.23279	0.50768	0.01029	0.00477	0.00139	0.00206	0.00886	0.00380	0.00338
20	0.00793	0.00670	0.00942	0.01147	0.25165	0.02041	0.02301	0.07862	0.02586	0.02447	0.17550	0.18952	0.11871	0.00718	0.00438	0.00129	0.00329	0.00641	0.00325	0.03093
21	0.00890	0.00584	0.00693	0.00640	0.00792	0.00597	0.00485	0.08885	0.18343	0.12802	0.17599	0.27168	0.03717	0.00797	0.00442	0.00136	0.00271	0.00694	0.03985	0.00481
22	0.00560	0.00403	0.00532	0.00553	0.00584	0.00429	0.00382	0.00629	0.00654	0.00897	0.01443	0.24039	0.01613	0.33428	0.26603	0.00390	0.03058	0.03230	0.00267	0.00306
23	0.00955	0.00831	0.01198	0.10918	0.27107	0.06518	0.05911	0.04017	0.03339	0.07119	0.04711	0.01267	0.00886	0.04546	0.11945	0.00205	0.04737	0.00396	0.02882	0.00511
24	0.00971	0.08564	0.21794	0.05439	0.27001	0.08625	0.04097	0.03696	0.06958	0.01253	0.00852	0.01046	0.02071	0.00421	0.00419	0.00122	0.04015	0.01878	0.00213	0.00563
25	0.00730	0.00441	0.00530	0.00513	0.00630	0.00414	0.00390	0.02347	0.00936	0.11044	0.15283	0.18701	0.21628	0.00839	0.00447	0.00131	0.01794	0.04743	0.18064	0.00395
26	0.00651	0.00500	0.00704	0.08570	0.06246	0.00511	0.04787	0.00796	0.02932	0.01059	0.02901	0.10578	0.09716	0.28400	0.06262	0.00244	0.00395	0.02406	0.11986	0.00358
27	0.00873	0.01998	0.02346	0.06183	0.01081	0.01763	0.02458	0.04991	0.06306	0.04670	0.02217	0.07277	0.02756	0.00463	0.00369	0.00094	0.01669	0.03033	0.00276	0.49178

[dist]
# distance from previous block
# <min> <max>
1	9

[block]
# block no. 7 follows, 68 sequences, length 43
# corresponding to MSA columns:
# 378-420
name=unknown_H
#
# <colnr> <probs for GDERKNQSTAVLIFYWHMCP>
#	G	D	E	R	K	N	Q	S	T	A	V	L	I	F	Y	W	H	M	C	P
0	0.04030	0.02463	0.05920	0.20260	0.13718	0.10426	0.00885	0.04007	0.02919	0.04708	0.00907	0.01275	0.01946	0.03051	0.07772	0.00182	0.10235	0.04585	0.00228	0.00484
1	0.00556	0.00362	0.00491	0.00539	0.00559	0.00358	0.00363	0.00571	0.00668	0.00897	0.01591	0.43378	0.01835	0.14699	0.09304	0.19979	0.00366	0.02916	0.00289	0.00280
2	0.01088	0.28512	0.24187	0.01007	0.07614	0.05390	0.02903	0.03524	0.05207	0.11775	0.01622	0.00908	0.00652	0.00405	0.00380	0.00113	0.03608	0.00304	0.00236	0.00565
3	0.00583	0.00436	0.00543	0.00551	0.00654	0.00385	0.00397	0.01601	0.00792	0.01072	0.02004	0.44588	0.12402	0.03712	0.00581	0.05911	0.00263	0.06917	0.00327	0.16281
4	0.00487	0.00366	0.00448	0.00507	0.00563	0.00331	0.00349	0.00569	0.00809	0.01045	0.05851	0.56327	0.24719	0.03995	0.00545	0.00160	0.00227	0.02009	0.00366	0.00325
5	0.00884	0.00874	0.01214	0.01038	0.01046	0.01215	0.00865	0.03023	0.00639	0.00993	0.00531	0.00870	0.00524	0.00688	0.01278	0.00172	0.83180	0.00347	0.00179	0.00440
6	0.60683	0.00834	0.01939	0.03402	0.05591	0.03453	0.00547	0.05413	0.02383	0.03743	0.02036	0.00783	0.00556	0.00383	0.00286	0.00117	0.00344	0.00256	0.00257	0.06992
7	0.00976	0.01051	0.01074	0.04942	0.05775	0.23877	0.00771	0.01088	0.00804	0.01002	0.05356	0.01130	0.00806	0.06439	0.07600	0.00197	0.36112	0.00365	0.00206	0.00430
8	0.00572	0.00401	0.00516	0.00516	0.00545	0.00430	0.00344	0.00630	0.00601	0.00831	0.01173	0.02171	0.01258	0.52158	0.35675	0.00488	0.00661	0.00515	0.00229	0.00287
9	0.00798	0.00763	0.01200	0.70692	0.07429	0.03075	0.01068	0.01089	0.04639	0.01057	0.00740	0.01056	0.00566	0.00412	0.00431	0.00132	0.03850	0.00354	0.00189	0.00461
10	0.00718	0.00656	0.01066	0.60431	0.02157	0.00820	0.00946	0.00937	0.00747	0.00988	0.00797	0.03277	0.00676	0.02706	0.14359	0.00225	0.07501	0.00388	0.00188	0.00418
11	0.00551	0.00407	0.00520	0.00531	0.00588	0.00423	0.00374	0.00655	0.02451	0.00928	0.01749	0.14201	0.14193	0.27007	0.33197	0.00405	0.00593	0.00634	0.00271	0.00319
12	0.00699	0.00400	0.00427	0.00422	0.00522	0.00393	0.00315	0.00911	0.04402	0.02302	0.12395	0.06494	0.08713	0.00602	0.00338	0.00106	0.00196	0.00501	0.59484	0.00379
13	0.05662	0.03757	0.10891	0.15624	0.10042	0.16939	0.06815	0.16053	0.05115	0.02501	0.00784	0.00927	0.00598	0.00413	0.00398	0.00121	0.02243	0.00330	0.00243	0.00543
14	0.00756	0.07983	0.00831	0.00797	0.09545	0.10206	0.01350	0.00890	0.00922	0.02823	0.07362	0.12523	0.28983	0.00812	0.00439	0.00132	0.00339	0.11107	0.01789	0.00410
15	0.00510	0.00375	0.00482	0.00553	0.00607	0.00349	0.00400	0.00606	0.00819	0.01067	0.05261	0.54701	0.16139	0.02351	0.00526	0.00162	0.00248	0.14144	0.00368	0.00332
16	0.03486	0.10596	0.03932	0.09170	0.07555	0.08063	0.00745	0.08033	0.11483	0.05417	0.00847	0.00947	0.00665	0.00410	0.00406	0.00106	0.05852	0.00309	0.00258	0.21720
17	0.03642	0.09835	0.24127	0.02300	0.05873	0.02083	0.20397	0.05814	0.00913	0.05469	0.00960	0.10573	0.00845	0.03383	0.01925	0.00144	0.00516	0.00443	0.00236	0.00524
18	0.00516	0.00362	0.00451	0.00508	0.00529	0.00346	0.00326	0.00565	0.00706	0.00935	0.01947	0.53135	0.05650	0.29788	0.01014	0.00235	0.00283	0.02084	0.00325	0.00296
19	0.01056	0.45740	0.18941	0.00848	0.01212	0.09606	0.03016	0.05785	0.06276	0.01160	0.00706	0.00789	0.00577	0.00377	0.00314	0.00102	0.00481	0.00267	0.02211	0.00534
20	0.00968	0.17233	0.40581	0.00979	0.01417	0.01067	0.04526	0.14588	0.00994	0.01390	0.00738	0.02023	0.00573	0.00402	0.00393	0.00114	0.03856	0.00305	0.00216	0.07638
21	0.00720	0.00451	0.00590	0.00574	0.00614	0.03053	0.00407	0.03218	0.03377	0.00862	0.03708	0.01342	0.00876	0.03068	0.16538	0.59280	0.00484	0.00377	0.00206	0.00254
22	0.06277	0.00805	0.00919	0.00730	0.01003	0.00827	0.00595	0.29035	0.08664	0.32311	0.01299	0.01232	0.02171	0.00485	0.00376	0.00118	0.00347	0.00380	0.10341	0.02086
23	0.00889	0.00925	0.01910	0.01484	0.07684	0.00874	0.59634	0.01148	0.00871	0.02649	0.00894	0.02483	0.00764	0.12924	0.00716	0.02379	0.00592	0.00480	0.00213	0.00489
24	0.04025	0.07557	0.02069	0.00707	0.03604	0.01745	0.00557	0.17782	0.03673	0.12758	0.16024	0.04280	0.09508	0.00607	0.01298	0.00121	0.00327	0.00475	0.05885	0.06998
25	0.02298	0.11412	0.00765	0.00573	0.00707	0.00617	0.00449	0.04463	0.02841	0.04998	0.01664	0.16076	0.13063	0.08318	0.21761	0.00274	0.00488	0.00574	0.07213	0.01446
26	0.00647	0.00420	0.00546	0.00582	0.00654	0.00399	0.00420	0.03254	0.02018	0.07540	0.11764	0.55255	0.03604	0.03344	0.00532	0.00159	0.00256	0.07850	0.00383	0.00372
27	0.00528	0.00432	0.00472	0.00478	0.00601	0.00391	0.00363	0.00710	0.06470	0.01166	0.11337	0.10825	0.56446	0.00982	0.00474	0.00139	0.00223	0.07227	0.00377	0.00360
28	0.00915	0.34997	0.30145	0.02371	0.01326	0.02459	0.05542	0.01235	0.06053	0.01130	0.00767	0.03632	0.00643	0.00467	0.02644	0.00122	0.00498	0.00310	0.00197	0.04547
29	0.00531	0.00411	0.00482	0.00520	0.00606	0.00381	0.00377	0.02613	0.03604	0.01121	0.05280	0.41306	0.34243	0.01085	0.00487	0.00149	0.00233	0.05851	0.00372	0.00350
30	0.00546	0.00372	0.00481	0.00547	0.00581	0.00352	0.00367	0.01606	0.00765	0.03204	0.02058	0.67902	0.03801	0.12534	0.00704	0.00189	0.00259	0.03050	0.00355	0.00326
31	0.00881	0.00745	0.00801	0.00788	0.05865	0.04463	0.00567	0.03576	0.40549	0.04520	0.11100	0.04861	0.18290	0.00667	0.00424	0.00131	0.00305	0.00562	0.00380	0.00525
32	0.00919	0.11684	0.14694	0.13527	0.10572	0.07855	0.08005	0.02136	0.03594	0.05400	0.02555	0.12494	0.03835	0.00530	0.00397	0.00124	0.00471	0.00461	0.00244	0.00503
33	0.00566	0.00425	0.00637	0.00637	0.00708	0.00496	0.00496	0.00708	0.00637	0.00920	0.01062	0.01558	0.00991	0.02974	0.84494	0.00637	0.01062	0.00425	0.00212	0.00354
34	0.02503	0.00854	0.00833	0.00697	0.00916	0.10208	0.00554	0.25463	0.07563	0.14373	0.03832	0.01314	0.03182	0.00495	0.00361	0.00112	0.00355	0.00385	0.25463	0.00537
35	0.00911	0.00828	0.01320	0.43725	0.31532	0.00928	0.01083	0.10249	0.00956	0.01284	0.00833	0.01090	0.02735	0.00406	0.00397	0.00126	0.00489	0.00366	0.00213	0.00531
36	0.00900	0.00885	0.05793	0.11096	0.28758	0.03691	0.03980	0.05698	0.08159	0.02412	0.04469	0.09008	0.01720	0.02385	0.00490	0.00137	0.04100	0.04609	0.01185	0.00525
37	0.00601	0.00443	0.00517	0.00513	0.00541	0.03018	0.00335	0.00648	0.00612	0.00822	0.01172	0.02219	0.01275	0.57935	0.27261	0.00453	0.00602	0.00520	0.00231	0.00282
38	0.00500	0.00374	0.00463	0.00501	0.00568	0.00339	0.00352	0.00605	0.00880	0.01165	0.22611	0.44496	0.22125	0.02478	0.00513	0.00149	0.00215	0.00948	0.00383	0.00337
39	0.00942	0.00755	0.03041	0.02572	0.03903	0.00619	0.04810	0.04127	0.01794	0.10816	0.01972	0.04122	0.03481	0.00405	0.00361	0.00087	0.01848	0.00341	0.00277	0.53727
40	0.00916	0.00855	0.01394	0.33816	0.29346	0.03092	0.09328	0.02636	0.00888	0.03956	0.00803	0.01048	0.01699	0.00380	0.00393	0.00120	0.00495	0.00360	0.00208	0.08267
41	0.04461	0.03595	0.00873	0.00634	0.00944	0.05658	0.00508	0.01083	0.04584	0.01291	0.03287	0.00913	0.00705	0.00392	0.01874	0.00084	0.02533	0.00266	0.00243	0.66072
42	0.00987	0.02373	0.01041	0.01868	0.16548	0.00877	0.01435	0.23338	0.14662	0.01638	0.07338	0.06350	0.09288	0.00632	0.00457	0.00132	0.03349	0.06803	0.00340	0.00545

[dist]
# distance from previous block
# <min> <max>
1	53

[block]
# block no. 8 follows, 68 sequences, length 14
# corresponding to MSA columns:
# 477-485,487-491
name=unknown_I
#
# <colnr> <probs for GDERKNQSTAVLIFYWHMCP>
#	G	D	E	R	K	N	Q	S	T	A	V	L	I	F	Y	W	H	M	C	P
0	0.01041	0.80233	0.07982	0.00711	0.01068	0.01522	0.00735	0.01192	0.00808	0.00956	0.00563	0.00651	0.00508	0.00342	0.00263	0.00088	0.00436	0.00218	0.00169	0.00514
