[name]
unknown

[dist]
# distance from previous block
# <min> <max>
5	857

[block]
# block no. 0 follows, 64 sequences, length 23
# corresponding to MSA columns:
# 1019-1041
name=unknown_A
#
# <colnr> <probs for GDERKNQSTAVLIFYWHMCP>
#	G	D	E	R	K	N	Q	S	T	A	V	L	I	F	Y	W	H	M	C	P
0	0.20616	0.03154	0.06586	0.06790	0.01210	0.14748	0.02016	0.15253	0.01092	0.04324	0.07252	0.03436	0.00924	0.02288	0.01358	0.00135	0.02352	0.00367	0.00289	0.05813
1	0.00853	0.00818	0.04380	0.10889	0.06229	0.09160	0.02212	0.02725	0.03139	0.04258	0.12707	0.16450	0.07910	0.02473	0.00503	0.00138	0.02861	0.02242	0.00313	0.09740
2	0.07315	0.00743	0.01059	0.04491	0.01137	0.02443	0.15851	0.03383	0.05963	0.01370	0.14956	0.01875	0.04623	0.13818	0.00721	0.00169	0.03315	0.03151	0.00297	0.13321
3	0.02591	0.00725	0.07359	0.14493	0.01261	0.00661	0.07810	0.00958	0.00923	0.05695	0.18526	0.03392	0.17196	0.05904	0.05208	0.00184	0.05783	0.00581	0.00310	0.00440
4	0.65727	0.02337	0.02256	0.02870	0.00944	0.02693	0.00540	0.10563	0.00899	0.03195	0.04234	0.00847	0.00648	0.00422	0.00298	0.00127	0.00355	0.00275	0.00283	0.00487
5	0.06770	0.05717	0.05640	0.07374	0.01383	0.03094	0.12774	0.11041	0.01110	0.31200	0.02313	0.02536	0.00840	0.00521	0.00480	0.04499	0.01372	0.00401	0.00347	0.00590
6	0.29257	0.01212	0.14970	0.00885	0.01184	0.09565	0.02957	0.14001	0.02959	0.06261	0.00833	0.02167	0.00659	0.00486	0.00460	0.00134	0.08937	0.02254	0.00278	0.00541
7	0.06645	0.01127	0.00975	0.00852	0.01039	0.28233	0.03317	0.03016	0.12255	0.12383	0.01070	0.01373	0.00907	0.16456	0.03853	0.00198	0.05113	0.00398	0.00296	0.00493
8	0.01138	0.80457	0.02115	0.00733	0.01080	0.06741	0.00716	0.01270	0.00865	0.00980	0.00581	0.00671	0.00533	0.00360	0.00273	0.00090	0.00463	0.00225	0.00180	0.00530
9	0.84032	0.00798	0.00628	0.00556	0.00816	0.00916	0.00458	0.01261	0.00731	0.05907	0.00631	0.00712	0.00479	0.00392	0.00265	0.00129	0.00323	0.00235	0.00270	0.00463
10	0.00588	0.00425	0.00555	0.00523	0.00621	0.00392	0.00392	0.00784	0.01176	0.01666	0.82592	0.03103	0.03919	0.00849	0.00490	0.00131	0.00196	0.00751	0.00457	0.00392
11	0.00604	0.00403	0.00453	0.00453	0.00453	0.00403	0.00252	0.00604	0.00604	0.00805	0.01309	0.02718	0.01510	0.85402	0.02114	0.00403	0.00403	0.00604	0.00252	0.00252
12	0.14137	0.01077	0.01169	0.12753	0.01454	0.05933	0.02923	0.48030	0.01507	0.05726	0.00903	0.00973	0.00650	0.00463	0.00392	0.00127	0.00470	0.00350	0.00347	0.00617
13	0.01508	0.01888	0.01157	0.01051	0.01267	0.76787	0.00790	0.01705	0.07972	0.01077	0.00730	0.00816	0.00597	0.00439	0.00379	0.00110	0.00714	0.00285	0.00232	0.00496
14	0.00664	0.00438	0.00560	0.00608	0.00689	0.00414	0.00441	0.00820	0.05281	0.08015	0.02413	0.55853	0.11657	0.01150	0.00515	0.00163	0.00266	0.09261	0.00398	0.00392
15	0.01205	0.00831	0.01023	0.00863	0.01112	0.00879	0.05047	0.21118	0.24145	0.15490	0.08253	0.02027	0.01465	0.00650	0.00455	0.00142	0.00382	0.13888	0.00421	0.00604
16	0.01840	0.00745	0.00988	0.00757	0.01079	0.00667	0.00626	0.08695	0.01253	0.76337	0.01585	0.01379	0.01001	0.00513	0.00418	0.00128	0.00362	0.00414	0.00506	0.00707
17	0.01081	0.01036	0.01543	0.02181	0.64329	0.05506	0.01149	0.04915	0.11412	0.01442	0.00900	0.01078	0.00732	0.00404	0.00411	0.00125	0.00485	0.00377	0.00243	0.00650
18	0.06425	0.05377	0.00941	0.00651	0.00996	0.00692	0.00530	0.04756	0.04472	0.08301	0.00871	0.02151	0.00699	0.00367	0.00325	0.00081	0.00326	0.00287	0.00283	0.61471
19	0.01037	0.46014	0.22983	0.00872	0.01266	0.01352	0.00924	0.04086	0.13446	0.01238	0.00806	0.00874	0.00651	0.00411	0.00355	0.00111	0.02481	0.00291	0.00223	0.00577
20	0.01100	0.10803	0.02603	0.07926	0.01249	0.05075	0.03213	0.16752	0.22138	0.04398	0.07475	0.02255	0.01116	0.04210	0.00472	0.00134	0.00414	0.00417	0.00334	0.07916
21	0.08277	0.04922	0.19264	0.01906	0.01301	0.20659	0.03168	0.11297	0.04404	0.04528	0.00978	0.02181	0.04224	0.00454	0.00377	0.00116	0.00517	0.00342	0.00265	0.10820
22	0.09005	0.18124	0.11827	0.01851	0.08057	0.08054	0.02924	0.11617	0.06467	0.06513	0.01014	0.02529	0.03923	0.01712	0.01130	0.00129	0.02088	0.00359	0.00273	0.02404

[dist]
# distance from previous block
# <min> <max>
2	102

[block]
# block no. 1 follows, 64 sequences, length 24
# corresponding to MSA columns:
# 1147-1167,1183-1185
name=unknown_B
#
# <colnr> <probs for GDERKNQSTAVLIFYWHMCP>
#	G	D	E	R	K	N	Q	S	T	A	V	L	I	F	Y	W	H	M	C	P
0	0.06125	0.07365	0.27911	0.04112	0.01662	0.09900	0.14947	0.08933	0.03874	0.09349	0.00977	0.01120	0.00734	0.00486	0.00444	0.00146	0.00597	0.00384	0.00291	0.00643
1	0.01017	0.46359	0.09515	0.00859	0.01161	0.06527	0.05141	0.01241	0.05168	0.01089	0.01954	0.07542	0.00813	0.00553	0.02415	0.00128	0.07423	0.00361	0.00216	0.00518
2	0.01001	0.01036	0.04402	0.01456	0.27407	0.11630	0.06056	0.01322	0.10792	0.02785	0.12668	0.01457	0.03371	0.02188	0.00572	0.00139	0.10447	0.00447	0.00276	0.00550
3	0.00764	0.00635	0.00757	0.00605	0.00879	0.00494	0.00463	0.00917	0.00843	0.01273	0.01165	0.24061	0.01202	0.00581	0.00369	0.00091	0.00289	0.00503	0.00284	0.63823
4	0.00861	0.00738	0.00861	0.00615	0.00984	0.00554	0.00492	0.01046	0.00861	0.01354	0.00738	0.00861	0.00615	0.00308	0.00308	0.00062	0.00308	0.00246	0.00246	0.87941
5	0.01254	0.01071	0.01042	0.00886	0.01145	0.09509	0.00701	0.28040	0.44329	0.01945	0.01343	0.01287	0.01001	0.00525	0.00410	0.00130	0.00408	0.00414	0.03914	0.00645
6	0.00593	0.00445	0.00668	0.00668	0.00742	0.00519	0.00519	0.00742	0.00668	0.00964	0.01113	0.01632	0.01038	0.03115	0.83756	0.00668	0.01113	0.00445	0.00223	0.00371
7	0.01051	0.34243	0.42370	0.00957	0.01437	0.01209	0.01115	0.04072	0.00927	0.07969	0.00763	0.00844	0.00576	0.00393	0.00348	0.00115	0.00522	0.00286	0.00212	0.00593
8	0.00883	0.12109	0.66695	0.01099	0.01650	0.01052	0.01363	0.01380	0.07564	0.01309	0.00803	0.00907	0.00588	0.00404	0.00382	0.00127	0.00570	0.00310	0.00196	0.00608
9	0.01797	0.00692	0.00943	0.00728	0.01037	0.00599	0.00599	0.01959	0.01188	0.78835	0.05877	0.01502	0.01180	0.00532	0.00421	0.00129	0.00345	0.00435	0.00511	0.00690
10	0.01648	0.00748	0.00973	0.00763	0.01046	0.00713	0.00628	0.10523	0.01211	0.61403	0.01699	0.01543	0.07683	0.00573	0.00494	0.00133	0.06645	0.00447	0.00468	0.00659
11	0.01510	0.00925	0.01079	0.00867	0.01137	0.10299	0.05748	0.16015	0.01246	0.40473	0.01456	0.10087	0.03161	0.00595	0.00463	0.00132	0.03292	0.00487	0.00415	0.00615
12	0.01111	0.85652	0.02177	0.00711	0.01066	0.01644	0.00711	0.01244	0.00844	0.00977	0.00577	0.00666	0.00533	0.00355	0.00267	0.00089	0.00444	0.00222	0.00178	0.00533
13	0.01126	0.00776	0.00901	0.00779	0.01021	0.05976	0.02195	0.09080	0.06810	0.18623	0.03633	0.03569	0.02558	0.00680	0.00445	0.00134	0.00386	0.23546	0.00378	0.17382
14	0.01384	0.00771	0.00927	0.00758	0.01019	0.00778	0.00609	0.14680	0.20246	0.35750	0.16735	0.01695	0.01575	0.00586	0.00432	0.00131	0.00335	0.00485	0.00466	0.00636
15	0.00861	0.00738	0.00861	0.00615	0.00984	0.00554	0.00492	0.01046	0.00861	0.01354	0.00738	0.00861	0.00615	0.00308	0.00308	0.00062	0.00308	0.00246	0.00246	0.87941
16	0.01188	0.01236	0.18455	0.00899	0.01298	0.00993	0.00854	0.37704	0.04452	0.01935	0.00894	0.00953	0.00663	0.00423	0.00379	0.00108	0.00441	0.00326	0.00315	0.26485
17	0.00593	0.00445	0.00668	0.00668	0.00742	0.00519	0.00519	0.00742	0.00668	0.00964	0.01113	0.01632	0.01038	0.03115	0.83756	0.00668	0.01113	0.00445	0.00223	0.00371
18	0.00773	0.00417	0.00609	0.00591	0.00642	0.00433	0.00426	0.00737	0.00643	0.07607	0.00951	0.01442	0.00877	0.04480	0.27068	0.48882	0.00592	0.00400	0.02141	0.00290
19	0.29290	0.09064	0.37519	0.00904	0.01325	0.01047	0.01004	0.07882	0.00904	0.03155	0.00706	0.00814	0.00527	0.00412	0.00380	0.00128	0.03869	0.00283	0.00229	0.00556
20	0.04544	0.00779	0.00856	0.00770	0.00972	0.02169	0.00618	0.21897	0.20363	0.04737	0.08024	0.09720	0.07008	0.00762	0.00460	0.00146	0.00353	0.14878	0.00404	0.00541
21	0.01167	0.28382	0.01381	0.00799	0.01079	0.01246	0.00676	0.22728	0.27837	0.01647	0.01115	0.01214	0.00901	0.07471	0.00510	0.00141	0.00406	0.00375	0.00327	0.00597
22	0.04274	0.19942	0.08072	0.00652	0.00884	0.00762	0.00598	0.00938	0.00929	0.01264	0.16061	0.09185	0.14989	0.00741	0.00420	0.00128	0.00334	0.11204	0.00315	0.08308
23	0.00857	0.20342	0.11881	0.00731	0.01008	0.03080	0.00692	0.05187	0.06489	0.01294	0.06584	0.05096	0.16982	0.00675	0.00412	0.00126	0.00381	0.10189	0.00302	0.07694

[dist]
# distance from previous block
# <min> <max>
0	3

[block]
# block no. 2 follows, 64 sequences, length 74
# corresponding to MSA columns:
# 1189-1262
name=unknown_C
#
# <colnr> <probs for GDERKNQSTAVLIFYWHMCP>
#	G	D	E	R	K	N	Q	S	T	A	V	L	I	F	Y	W	H	M	C	P
0	0.19333	0.07685	0.00836	0.00732	0.00892	0.00742	0.00587	0.04261	0.00964	0.01463	0.01906	0.19346	0.08959	0.01096	0.05199	0.00206	0.00418	0.24527	0.00372	0.00476
1	0.00685	0.00516	0.04016	0.00657	0.00752	0.00513	0.00521	0.00803	0.00691	0.05574	0.01140	0.03350	0.01076	0.11600	0.58346	0.07795	0.00893	0.00463	0.00240	0.00370
2	0.04813	0.03905	0.32888	0.00892	0.01232	0.02327	0.00941	0.09283	0.00930	0.05473	0.01792	0.01263	0.00817	0.04689	0.24914	0.00297	0.00696	0.01181	0.01143	0.00523
3	0.01191	0.64693	0.05320	0.00805	0.01142	0.18791	0.00764	0.01334	0.00915	0.00999	0.00598	0.00692	0.00533	0.00372	0.00294	0.00094	0.00515	0.00235	0.00185	0.00526
4	0.00881	0.03782	0.76987	0.01161	0.01754	0.00997	0.01476	0.05831	0.00937	0.01382	0.00756	0.00879	0.00536	0.00400	0.00393	0.00130	0.00602	0.00309	0.00189	0.00617
5	0.00537	0.00418	0.00487	0.00479	0.00592	0.00369	0.00356	0.00681	0.01041	0.01368	0.40141	0.09628	0.40460	0.00977	0.00493	0.00138	0.00206	0.00842	0.00419	0.00369
6	0.00659	0.00395	0.00440	0.00448	0.00489	0.00396	0.00288	0.00742	0.00721	0.01108	0.01399	0.09060	0.01428	0.43644	0.04638	0.00281	0.00341	0.00565	0.32645	0.00314
7	0.00552	0.00421	0.00495	0.00478	0.00584	0.00377	0.00351	0.00697	0.01041	0.01386	0.45741	0.03416	0.34048	0.07850	0.00623	0.00157	0.00218	0.00787	0.00413	0.00365
8	0.08261	0.30676	0.29582	0.01026	0.02374	0.04967	0.10461	0.01320	0.00885	0.04270	0.00710	0.00833	0.00555	0.00387	0.00369	0.00117	0.02147	0.00297	0.00202	0.00561
9	0.81119	0.07824	0.00740	0.00560	0.00825	0.00991	0.00471	0.01223	0.00718	0.01790	0.00578	0.00674	0.00457	0.00383	0.00258	0.00125	0.00331	0.00225	0.00250	0.00457
10	0.00519	0.00374	0.00495	0.00587	0.00622	0.00350	0.00406	0.00602	0.00815	0.01078	0.02360	0.75166	0.05977	0.01278	0.00532	0.00169	0.00251	0.07691	0.00385	0.00342
11	0.00861	0.00738	0.00861	0.00615	0.00984	0.00554	0.00492	0.01046	0.00861	0.01354	0.00738	0.00861	0.00615	0.00308	0.00308	0.00062	0.00308	0.00246	0.00246	0.87941
12	0.00699	0.00459	0.00597	0.00548	0.00667	0.00426	0.00416	0.00918	0.03309	0.08022	0.74143	0.02930	0.03624	0.00815	0.00483	0.00131	0.00212	0.00718	0.00461	0.00424
13	0.88336	0.00803	0.00611	0.00546	0.00803	0.00932	0.00450	0.01221	0.00707	0.01864	0.00578	0.00675	0.00450	0.00386	0.00257	0.00129	0.00321	0.00225	0.00257	0.00450
14	0.08721	0.01756	0.01132	0.01007	0.01239	0.64915	0.00768	0.11021	0.03449	0.01295	0.00707	0.00794	0.00568	0.00437	0.00371	0.00112	0.00668	0.00282	0.00247	0.00510
15	0.00652	0.00485	0.00563	0.00514	0.00678	0.00409	0.00389	0.00789	0.00972	0.05510	0.19777	0.11176	0.36909	0.02589	0.00494	0.00133	0.00241	0.02177	0.00381	0.15163
16	0.01038	0.00524	0.00683	0.00609	0.00785	0.00467	0.00478	0.01187	0.01070	0.31179	0.23599	0.11097	0.14581	0.03562	0.00527	0.00149	0.00282	0.07246	0.00447	0.00490
17	0.01440	0.01758	0.01146	0.01029	0.01228	0.67625	0.00783	0.05981	0.01163	0.01110	0.00855	0.00959	0.05175	0.00492	0.00465	0.00116	0.07644	0.00316	0.00232	0.00484
18	0.00580	0.00391	0.00460	0.00487	0.00496	0.00384	0.00290	0.00604	0.00663	0.00892	0.01586	0.25925	0.01850	0.59994	0.01631	0.00331	0.00353	0.00762	0.02043	0.00279
19	0.05601	0.00442	0.00546	0.00552	0.00645	0.00416	0.00396	0.00802	0.00941	0.08071	0.27440	0.36231	0.08739	0.06513	0.00593	0.00164	0.00249	0.00868	0.00403	0.00387
20	0.00722	0.00361	0.00541	0.00541	0.00541	0.00361	0.00361	0.00541	0.00541	0.00722	0.00722	0.01263	0.00722	0.01443	0.01623	0.87915	0.00361	0.00361	0.00180	0.00180
21	0.01553	0.01946	0.01180	0.01065	0.01284	0.80371	0.00802	0.04913	0.01209	0.01082	0.00657	0.00759	0.00542	0.00431	0.00376	0.00108	0.00737	0.00272	0.00222	0.00491
22	0.04859	0.00470	0.00569	0.00582	0.00707	0.00441	0.00458	0.00885	0.00942	0.10281	0.07771	0.20156	0.22304	0.00978	0.00484	0.00153	0.00277	0.20066	0.07211	0.00405
23	0.00623	0.00448	0.00542	0.00570	0.00673	0.00418	0.00426	0.00801	0.05719	0.05010	0.09987	0.33121	0.28079	0.01082	0.00508	0.00156	0.00255	0.10794	0.00400	0.00388
24	0.00573	0.00424	0.00534	0.00507	0.00611	0.00386	0.00380	0.00755	0.01140	0.01582	0.70477	0.03241	0.16087	0.00881	0.00490	0.00132	0.00198	0.00771	0.00446	0.00386
25	0.01424	0.01073	0.01152	0.00911	0.01213	0.01192	0.00743	0.62567	0.16383	0.02405	0.05723	0.01216	0.00989	0.00530	0.00421	0.00128	0.00419	0.00413	0.00419	0.00680
26	0.00953	0.00670	0.00780	0.00678	0.00856	0.00692	0.00526	0.19659	0.11784	0.07356	0.37091	0.08251	0.04692	0.03480	0.00515	0.00142	0.00295	0.00635	0.00433	0.00511
27	0.01395	0.00835	0.00969	0.00790	0.01055	0.00863	0.00643	0.31836	0.09769	0.26136	0.04880	0.05033	0.03944	0.00612	0.00430	0.00132	0.00368	0.04953	0.04729	0.00628
28	0.00604	0.00403	0.00453	0.00453	0.00453	0.00403	0.00252	0.00604	0.00604	0.00805	0.01309	0.02718	0.01510	0.85402	0.02114	0.00403	0.00403	0.00604	0.00252	0.00252
29	0.00986	0.01099	0.02311	0.01691	0.03616	0.01048	0.73106	0.01402	0.07688	0.01365	0.00910	0.01154	0.00684	0.00368	0.00483	0.00140	0.00666	0.00486	0.00228	0.00570
30	0.00596	0.00404	0.00477	0.00483	0.00494	0.00409	0.00289	0.00620	0.00638	0.00860	0.03587	0.08116	0.01616	0.70078	0.09312	0.00403	0.00450	0.00632	0.00264	0.00272
31	0.00581	0.00423	0.00511	0.00496	0.00598	0.00381	0.00363	0.00725	0.01037	0.03044	0.45931	0.09402	0.26388	0.07532	0.00618	0.00157	0.00223	0.00801	0.00416	0.00371
32	0.88336	0.00803	0.00611	0.00546	0.00803	0.00932	0.00450	0.01221	0.00707	0.01864	0.00578	0.00675	0.00450	0.00386	0.00257	0.00129	0.00321	0.00225	0.00257	0.00450
33	0.00604	0.00403	0.00453	0.00453	0.00453	0.00403	0.00252	0.00604	0.00604	0.00805	0.01309	0.02718	0.01510	0.85402	0.02114	0.00403	0.00403	0.00604	0.00252	0.00252
34	0.00533	0.00395	0.00498	0.00536	0.00606	0.00360	0.00380	0.00653	0.00948	0.01269	0.28381	0.42648	0.17534	0.01108	0.00511	0.00152	0.00224	0.02499	0.00409	0.00358
35	0.00524	0.00391	0.00490	0.00550	0.00615	0.00357	0.00392	0.00626	0.00884	0.01154	0.11430	0.51512	0.21139	0.01183	0.00520	0.00160	0.00240	0.07090	0.00393	0.00350
36	0.00996	0.00784	0.00821	0.00741	0.00947	0.00891	0.00576	0.05517	0.59041	0.01733	0.01579	0.01524	0.01194	0.00542	0.00391	0.00130	0.00302	0.00446	0.21251	0.00595
37	0.00593	0.00445	0.00668	0.00668	0.00742	0.00519	0.00519	0.00742	0.00668	0.00964	0.01113	0.01632	0.01038	0.03115	0.83756	0.00668	0.01113	0.00445	0.00223	0.00371
38	0.00508	0.00385	0.00469	0.00529	0.00595	0.00346	0.00369	0.00598	0.00862	0.01108	0.06168	0.54395	0.28336	0.01200	0.00517	0.00158	0.00232	0.02493	0.00388	0.00345
39	0.00514	0.00365	0.00480	0.00568	0.00590	0.00343	0.00375	0.00580	0.00779	0.01039	0.02208	0.78312	0.02645	0.08260	0.00661	0.00188	0.00254	0.01133	0.00375	0.00330
40	0.00909	0.00909	0.01272	0.01091	0.01091	0.01272	0.00909	0.01000	0.00636	0.01000	0.00545	0.00909	0.00545	0.00727	0.01363	0.00182	0.84642	0.00364	0.00182	0.00454
41	0.01033	0.00892	0.00939	0.00845	0.01080	0.01033	0.00657	0.02207	0.82061	0.01738	0.01691	0.01550	0.01268	0.00564	0.00423	0.00141	0.00329	0.00470	0.00423	0.00657
42	0.01534	0.01141	0.01221	0.00947	0.01271	0.01267	0.00779	0.74872	0.08581	0.02545	0.01055	0.01043	0.00753	0.00504	0.00416	0.00126	0.00446	0.00382	0.00416	0.00702
43	0.00909	0.00909	0.01272	0.01091	0.01091	0.01272	0.00909	0.01000	0.00636	0.01000	0.00545	0.00909	0.00545	0.00727	0.01363	0.00182	0.84642	0.00364	0.00182	0.00454
44	0.01852	0.00726	0.00976	0.00748	0.01070	0.00639	0.00618	0.05308	0.01220	0.79770	0.01612	0.01397	0.01015	0.00513	0.00418	0.00128	0.00358	0.00416	0.00510	0.00707
45	0.01838	0.00749	0.00990	0.00759	0.01081	0.00673	0.00627	0.09294	0.01259	0.75730	0.01580	0.01376	0.00999	0.00513	0.00418	0.00128	0.00363	0.00414	0.00505	0.00707
46	0.00990	0.00948	0.01617	0.15460	0.70201	0.00977	0.01256	0.01241	0.00928	0.01310	0.00775	0.01041	0.00642	0.00377	0.00412	0.00126	0.00503	0.00370	0.00202	0.00627
47	0.08201	0.01259	0.15384	0.01395	0.01775	0.05845	0.46627	0.01295	0.00922	0.01343	0.00800	0.01031	0.00611	0.00398	0.00497	0.00136	0.06392	0.00410	0.05140	0.00538
48	0.88336	0.00803	0.00611	0.00546	0.00803	0.00932	0.00450	0.01221	0.00707	0.01864	0.00578	0.00675	0.00450	0.00386	0.00257	0.00129	0.00321	0.00225	0.00257	0.00450
49	0.01568	0.01124	0.01215	0.00938	0.01265	0.01237	0.00773	0.72989	0.05915	0.07111	0.01068	0.01048	0.00753	0.00503	0.00416	0.00126	0.00445	0.00381	0.00421	0.00704
50	0.00783	0.00733	0.01276	0.63545	0.02470	0.00861	0.10255	0.01047	0.00847	0.01118	0.00911	0.08084	0.00771	0.00485	0.00427	0.00139	0.00526	0.00451	0.04813	0.00459
51	0.02404	0.00550	0.00695	0.00594	0.00761	0.00507	0.00440	0.01313	0.01960	0.38230	0.05761	0.06660	0.01435	0.28908	0.00982	0.00220	0.00342	0.00536	0.07215	0.00489
52	0.88336	0.00803	0.00611	0.00546	0.00803	0.00932	0.00450	0.01221	0.00707	0.01864	0.00578	0.00675	0.00450	0.00386	0.00257	0.00129	0.00321	0.00225	0.00257	0.00450
53	0.00506	0.00361	0.00482	0.00578	0.00602	0.00337	0.00386	0.00578	0.00795	0.01060	0.02289	0.85131	0.02747	0.01301	0.00530	0.00169	0.00241	0.01181	0.00386	0.00337
54	0.88336	0.00803	0.00611	0.00546	0.00803	0.00932	0.00450	0.01221	0.00707	0.01864	0.00578	0.00675	0.00450	0.00386	0.00257	0.00129	0.00321	0.00225	0.00257	0.00450
55	0.00559	0.00403	0.00465	0.00490	0.00578	0.00362	0.00348	0.00665	0.00898	0.02355	0.11563	0.29797	0.34330	0.06521	0.00592	0.00162	0.00234	0.01714	0.07611	0.00353
56	0.01102	0.00984	0.00971	0.00865	0.01099	0.07790	0.00675	0.08653	0.65149	0.01729	0.02496	0.01511	0.01208	0.00603	0.01801	0.00146	0.00386	0.01797	0.00401	0.00635
57	0.00555	0.00394	0.00469	0.00503	0.00538	0.00374	0.00324	0.00608	0.00751	0.00985	0.05435	0.31667	0.13259	0.38753	0.01231	0.00268	0.00311	0.02942	0.00329	0.00304
58	0.00561	0.00417	0.00491	0.00518	0.00614	0.00373	0.00382	0.00671	0.00917	0.03010	0.11458	0.25447	0.38262	0.06041	0.00603	0.00167	0.00249	0.09073	0.00388	0.00357
59	0.21222	0.00925	0.01097	0.00921	0.01156	0.10214	0.15822	0.05460	0.10478	0.03973	0.02136	0.05632	0.01965	0.04808	0.02158	0.00164	0.00471	0.10602	0.00304	0.00493
60	0.00705	0.00457	0.00641	0.00631	0.00715	0.00488	0.00474	0.01949	0.00745	0.07776	0.01433	0.12909	0.04656	0.09122	0.49866	0.05424	0.00787	0.00566	0.00278	0.00378
61	0.65082	0.00827	0.00732	0.00619	0.00892	0.00922	0.00510	0.10719	0.00922	0.13295	0.00785	0.00826	0.00568	0.00418	0.00298	0.00128	0.00340	0.00271	0.01330	0.00515
62	0.00614	0.00432	0.00615	0.00620	0.00672	0.00476	0.00460	0.00700	0.00690	0.00968	0.05785	0.06569	0.01369	0.14048	0.47851	0.11575	0.02171	0.03804	0.00249	0.00331
63	0.04896	0.07692	0.01292	0.04764	0.02401	0.11663	0.07193	0.37554	0.03057	0.03008	0.04242	0.01129	0.00835	0.02956	0.05335	0.00162	0.00534	0.00380	0.00322	0.00584
64	0.00701	0.00522	0.00672	0.02102	0.02214	0.00528	0.00579	0.05564	0.04662	0.01288	0.04884	0.13273	0.10873	0.08026	0.00663	0.00190	0.00350	0.42134	0.00372	0.00401
65	0.00608	0.07490	0.00682	0.05045	0.02177	0.00512	0.00453	0.00720	0.00907	0.01148	0.13017	0.16733	0.35668	0.02716	0.00575	0.05096	0.00279	0.05455	0.00349	0.00370
66	0.00845	0.00753	0.00849	0.05341	0.01057	0.03992	0.00525	0.01022	0.00878	0.01296	0.01064	0.03443	0.07454	0.00408	0.00338	0.00077	0.00330	0.00332	0.00257	0.69741
67	0.03712	0.01236	0.01160	0.03782	0.09655	0.26789	0.03087	0.22257	0.04321	0.06646	0.02516	0.01257	0.04135	0.03427	0.02926	0.00148	0.00549	0.01527	0.00308	0.00560
68	0.06124	0.22543	0.01365	0.01962	0.01175	0.34050	0.02915	0.05566	0.01066	0.09381	0.01949	0.02609	0.00701	0.01547	0.00375	0.00111	0.00543	0.00310	0.00256	0.05452
69	0.04354	0.00514	0.00655	0.07519	0.02512	0.00514	0.00475	0.03074	0.00964	0.07347	0.29550	0.05102	0.11413	0.18170	0.04737	0.00215	0.00347	0.01777	0.00360	0.00401
70	0.27199	0.05444	0.00963	0.02987	0.02720	0.09065	0.00628	0.12537	0.17525	0.08439	0.02529	0.01155	0.01895	0.03370	0.01752	0.00144	0.00414	0.00356	0.00327	0.00550
71	0.12142	0.02512	0.01113	0.05331	0.04535	0.10312	0.00747	0.26460	0.02860	0.03257	0.01827	0.02666	0.00706	0.00495	0.00512	0.00125	0.12347	0.00347	0.00296	0.11409
72	0.02408	0.00979	0.01331	0.04368	0.35622	0.05978	0.02360	0.11826	0.04466	0.14283	0.00984	0.02131	0.00755	0.00427	0.00400	0.00119	0.00455	0.00372	0.00297	0.10441
73	0.02379	0.15969	0.04908	0.00730	0.03126	0.05705	0.00599	0.02627	0.05805	0.12756	0.28151	0.07026	0.06135	0.01761	0.00441	0.00128	0.00344	0.00549	0.00364	0.00499

[dist]
# distance from previous block
# <min> <max>
0	5

[block]
# block no. 3 follows, 64 sequences, length 18
# corresponding to MSA columns:
# 1279-1296
name=unknown_D
#
# <colnr> <probs for GDERKNQSTAVLIFYWHMCP>
#	G	D	E	R	K	N	Q	S	T	A	V	L	I	F	Y	W	H	M	C	P
0	0.00907	0.11631	0.16374	0.00869	0.03322	0.02859	0.04731	0.06463	0.08330	0.02716	0.11441	0.07681	0.06970	0.00569	0.00403	0.00119	0.00403	0.00478	0.00299	0.13433
1	0.03500	0.03337	0.02008	0.00602	0.00821	0.00534	0.00478	0.03082	0.00940	0.10529	0.05247	0.21010	0.17623	0.00766	0.00425	0.00122	0.00290	0.03258	0.00351	0.25078
2	0.03948	0.21654	0.13069	0.01018	0.07930	0.09191	0.04717	0.07514	0.03818	0.03154	0.02258	0.01103	0.05733	0.00453	0.00404	0.00114	0.03861	0.00345	0.00246	0.09470
3	0.00863	0.00913	0.06806	0.53100	0.25699	0.00948	0.03493	0.01147	0.00871	0.01170	0.00754	0.01070	0.00584	0.00399	0.00415	0.00134	0.00545	0.00369	0.00191	0.00531
4	0.00566	0.00413	0.00515	0.00531	0.00588	0.00411	0.00369	0.00651	0.00764	0.01017	0.08014	0.16185	0.16615	0.28577	0.20448	0.00353	0.00491	0.02856	0.00310	0.00325
5	0.00864	0.03569	0.38758	0.01350	0.10714	0.00938	0.19185	0.01241	0.02574	0.01331	0.07446	0.01295	0.05075	0.00465	0.00460	0.00134	0.03383	0.00423	0.00225	0.00569
6	0.00809	0.00656	0.00762	0.00608	0.00869	0.00550	0.00469	0.07686	0.00965	0.01401	0.08025	0.12940	0.07669	0.04646	0.00463	0.00110	0.00299	0.00493	0.00308	0.50272
7	0.01155	0.14532	0.09247	0.00899	0.02284	0.09772	0.03619	0.22027	0.06718	0.05052	0.06653	0.11412	0.01158	0.00573	0.00405	0.00124	0.00449	0.00465	0.00322	0.03135
8	0.01294	0.46968	0.03593	0.02839	0.01206	0.28626	0.00769	0.04709	0.01015	0.04627	0.00670	0.00755	0.00563	0.00394	0.00321	0.00100	0.00548	0.00257	0.00214	0.00531
9	0.00861	0.00738	0.00861	0.00615	0.00984	0.00554	0.00492	0.01046	0.00861	0.01354	0.00738	0.00861	0.00615	0.00308	0.00308	0.00062	0.00308	0.00246	0.00246	0.87941
10	0.01410	0.09344	0.01202	0.00977	0.01199	0.59942	0.00753	0.03345	0.08493	0.02823	0.00842	0.02991	0.00723	0.02271	0.00415	0.00119	0.00642	0.01757	0.00248	0.00502
11	0.01201	0.22767	0.13727	0.00969	0.01293	0.23203	0.05127	0.14179	0.02407	0.01357	0.01939	0.04474	0.00802	0.00490	0.00381	0.00118	0.00550	0.04218	0.00253	0.00545
12	0.00667	0.00514	0.00642	0.00607	0.00667	0.00570	0.00439	0.04779	0.00759	0.01030	0.03025	0.03802	0.14057	0.33949	0.22422	0.00380	0.10491	0.00579	0.00271	0.00348
13	0.01120	0.57283	0.14599	0.00856	0.01236	0.09026	0.03441	0.01348	0.03625	0.03137	0.00682	0.00770	0.00572	0.00379	0.00313	0.00102	0.00501	0.00261	0.00198	0.00550
14	0.05793	0.19068	0.07971	0.00671	0.00894	0.06756	0.00601	0.00996	0.00928	0.03897	0.11382	0.09094	0.24686	0.00727	0.00458	0.00128	0.04620	0.00577	0.00306	0.00448
15	0.04631	0.19693	0.03502	0.00767	0.01025	0.05616	0.02764	0.15344	0.07199	0.03246	0.06093	0.10547	0.08133	0.00632	0.00401	0.00124	0.00393	0.04393	0.00321	0.05178
16	0.06750	0.01874	0.02402	0.10820	0.12838	0.02263	0.04508	0.10996	0.05278	0.04779	0.07088	0.01395	0.02960	0.07694	0.00734	0.00162	0.16230	0.00429	0.00279	0.00520
17	0.02845	0.04888	0.00893	0.00742	0.00914	0.05101	0.02555	0.20091	0.05647	0.03044	0.03278	0.25704	0.03941	0.08090	0.06140	0.00196	0.00424	0.02484	0.00347	0.02678

[dist]
# distance from previous block
# <min> <max>
3	98

[block]
# block no. 4 follows, 64 sequences, length 10
# corresponding to MSA columns:
# 1396-1405
name=unknown_E
#
# <colnr> <probs for GDERKNQSTAVLIFYWHMCP>
#	G	D	E	R	K	N	Q	S	T	A	V	L	I	F	Y	W	H	M	C	P
0	0.09460	0.04619	0.09748	0.02636	0.06125	0.17144	0.01919	0.08177	0.12921	0.04232	0.01157	0.01417	0.04658	0.00551	0.00477	0.00134	0.07144	0.06652	0.00288	0.00542
1	0.00630	0.00471	0.00625	0.00600	0.00655	0.00517	0.00431	0.00721	0.00676	0.00959	0.05451	0.02056	0.01326	0.35194	0.37885	0.00475	0.06152	0.00509	0.00245	0.04422
2	0.01011	0.06732	0.15436	0.01186	0.10043	0.04251	0.08416	0.08666	0.10665	0.03471	0.01116	0.06431	0.04436	0.00565	0.00588	0.00140	0.15577	0.00442	0.00267	0.00562
3	0.01364	0.00993	0.01164	0.00896	0.01210	0.01034	0.04998	0.52402	0.01595	0.07882	0.04094	0.06370	0.00959	0.00529	0.00415	0.00120	0.00419	0.00430	0.00388	0.12740
4	0.23760	0.12232	0.06487	0.00848	0.01146	0.07532	0.03418	0.17319	0.14599	0.04307	0.00903	0.00949	0.00688	0.00453	0.00390	0.00126	0.03646	0.00324	0.00301	0.00571
5	0.08578	0.00439	0.00530	0.00572	0.00652	0.00424	0.00410	0.00751	0.00850	0.05567	0.08292	0.50556	0.09135	0.05412	0.00577	0.00171	0.00266	0.06068	0.00379	0.00371
6	0.02067	0.03624	0.04874	0.00842	0.01061	0.08424	0.06644	0.19147	0.01129	0.05849	0.07338	0.04817	0.01261	0.16226	0.02903	0.00194	0.03263	0.05616	0.00316	0.04404
7	0.05581	0.00942	0.06223	0.02071	0.04185	0.03624	0.09252	0.12019	0.04012	0.09576	0.01217	0.06633	0.05803	0.08312	0.00780	0.00169	0.18310	0.00478	0.00295	0.00519
8	0.35832	0.00921	0.01059	0.00894	0.02920	0.07015	0.12461	0.09373	0.00976	0.01661	0.12062	0.03633	0.01070	0.00516	0.00457	0.00134	0.07841	0.00399	0.00287	0.00488
9	0.09332	0.09676	0.07915	0.00867	0.01118	0.08644	0.10049	0.06481	0.02867	0.05963	0.13645	0.10090	0.04279	0.01771	0.01485	0.00142	0.03426	0.01446	0.00308	0.00496

[dist]
# distance from previous block
# <min> <max>
2	23

[block]
# block no. 5 follows, 64 sequences, length 42
# corresponding to MSA columns:
# 1429-1470
name=unknown_F
#
# <colnr> <probs for GDERKNQSTAVLIFYWHMCP>
#	G	D	E	R	K	N	Q	S	T	A	V	L	I	F	Y	W	H	M	C	P
0	0.04970	0.03538	0.01093	0.07981	0.15391	0.11559	0.01900	0.07624	0.04499	0.03120	0.05008	0.06913	0.07356	0.03850	0.03064	0.01628	0.05972	0.00469	0.00279	0.03784
1	0.04303	0.02250	0.05651	0.08206	0.05446	0.08055	0.10858	0.16385	0.22078	0.05115	0.01772	0.01172	0.00835	0.01407	0.00446	0.00133	0.01870	0.00396	0.00317	0.03304
2	0.08360	0.06352	0.01389	0.07790	0.16841	0.05839	0.10436	0.18348	0.04567	0.01569	0.00918	0.02526	0.00769	0.02573	0.02958	0.00152	0.03297	0.03037	0.00272	0.02007
3	0.01036	0.03334	0.02351	0.00785	0.02025	0.04061	0.00629	0.12202	0.17281	0.11139	0.06973	0.09905	0.09276	0.00759	0.00510	0.01771	0.03518	0.10591	0.00384	0.01467
4	0.03634	0.00829	0.00925	0.00810	0.06991	0.05621	0.00589	0.03891	0.06621	0.01434	0.05918	0.01196	0.00928	0.00411	0.00351	0.00088	0.00351	0.03299	0.00278	0.55836
5	0.00714	0.00463	0.00578	0.00552	0.00661	0.00438	0.00400	0.00817	0.01891	0.09211	0.06533	0.12789	0.20194	0.17201	0.16235	0.04884	0.00445	0.00665	0.00329	0.05001
6	0.00623	0.00416	0.00520	0.00543	0.00599	0.00394	0.00368	0.02484	0.00853	0.04203	0.14382	0.39630	0.08588	0.19928	0.00911	0.03687	0.00282	0.00884	0.00364	0.00344
7	0.01685	0.00809	0.01008	0.00783	0.01090	0.00780	0.00643	0.21631	0.04233	0.55231	0.06502	0.01420	0.01136	0.00533	0.00422	0.00128	0.00368	0.00429	0.00483	0.00685
8	0.04112	0.00551	0.00593	0.00578	0.00690	0.06274	0.00439	0.00779	0.00859	0.01147	0.12696	0.02484	0.27461	0.03121	0.30792	0.03623	0.00587	0.00600	0.02243	0.00369
9	0.23623	0.00552	0.00578	0.00540	0.00684	0.00560	0.00400	0.02273	0.00881	0.09884	0.15582	0.13435	0.11889	0.16531	0.00729	0.00187	0.00296	0.00620	0.00353	0.00406
10	0.00576	0.00401	0.00520	0.00572	0.00638	0.00370	0.00411	0.00688	0.00909	0.03730	0.17477	0.51378	0.11611	0.01152	0.00519	0.00159	0.00245	0.07879	0.00403	0.00364
11	0.08226	0.00516	0.02703	0.00529	0.00652	0.00463	0.00403	0.00798	0.00845	0.06483	0.05597	0.07135	0.29810	0.24862	0.00934	0.00219	0.00313	0.08804	0.00342	0.00366
12	0.02311	0.00564	0.00709	0.00620	0.00817	0.00507	0.00485	0.04349	0.01074	0.34883	0.09917	0.16585	0.20631	0.01835	0.00483	0.00143	0.00291	0.02840	0.00443	0.00513
13	0.01930	0.00512	0.00597	0.00584	0.00673	0.00509	0.00407	0.11879	0.00947	0.04324	0.05164	0.34998	0.10039	0.24398	0.00940	0.00221	0.00316	0.00820	0.00359	0.00384
14	0.88336	0.00803	0.00611	0.00546	0.00803	0.00932	0.00450	0.01221	0.00707	0.01864	0.00578	0.00675	0.00450	0.00386	0.00257	0.00129	0.00321	0.00225	0.00257	0.00450
15	0.12483	0.00562	0.00643	0.00607	0.00755	0.00565	0.00458	0.03987	0.07660	0.13153	0.09000	0.21850	0.11548	0.05054	0.00612	0.06296	0.00297	0.03655	0.00376	0.00439
16	0.03311	0.00449	0.00532	0.00526	0.00584	0.00439	0.00345	0.02458	0.00777	0.07532	0.07294	0.20844	0.04367	0.45332	0.03182	0.00294	0.00357	0.00716	0.00324	0.00338
17	0.00518	0.00416	0.00466	0.00490	0.00603	0.00364	0.00369	0.00632	0.00936	0.01158	0.08650	0.18344	0.55279	0.01093	0.00506	0.00150	0.00233	0.09048	0.00390	0.00354
18	0.00650	0.00489	0.00550	0.00544	0.00674	0.00462	0.00419	0.04914	0.05011	0.02803	0.09406	0.09562	0.41493	0.06020	0.00586	0.00162	0.00268	0.11931	0.03664	0.00393
19	0.00720	0.00455	0.00547	0.00542	0.00655	0.00418	0.00396	0.00873	0.04059	0.11102	0.12751	0.27089	0.24910	0.06948	0.00597	0.00163	0.00255	0.02360	0.04758	0.00402
20	0.00982	0.00950	0.01645	0.11183	0.63390	0.00976	0.07092	0.01228	0.00916	0.01296	0.00790	0.01091	0.00667	0.02941	0.00497	0.00136	0.03019	0.00386	0.00204	0.00611
21	0.10075	0.00963	0.01083	0.00838	0.01159	0.01008	0.00692	0.44933	0.01556	0.31669	0.01189	0.01117	0.00798	0.00493	0.00401	0.00126	0.00406	0.00375	0.00436	0.00682
22	0.00543	0.00412	0.00474	0.00497	0.00584	0.00373	0.00353	0.01479	0.00899	0.01156	0.11835	0.26068	0.36787	0.11146	0.00694	0.00179	0.00249	0.03868	0.02060	0.00345
23	0.00657	0.00466	0.00637	0.00618	0.00695	0.00500	0.00469	0.00763	0.00805	0.04172	0.15705	0.07273	0.11948	0.05687	0.32546	0.08431	0.06489	0.01472	0.00301	0.00366
24	0.04452	0.66145	0.02007	0.00795	0.01148	0.01483	0.06611	0.05268	0.00928	0.06861	0.00692	0.00769	0.00580	0.00374	0.00301	0.00099	0.00453	0.00263	0.00218	0.00553
25	0.00595	0.00440	0.00642	0.00642	0.00708	0.00506	0.00488	0.00726	0.00660	0.00946	0.01136	0.01759	0.01094	0.12732	0.74215	0.00637	0.01030	0.00464	0.00226	0.00357
26	0.00639	0.00458	0.00609	0.00598	0.00683	0.00482	0.00453	0.00774	0.01910	0.03660	0.13767	0.09763	0.14970	0.05992	0.31998	0.03832	0.04241	0.01882	0.02916	0.00373
27	0.00942	0.00836	0.01388	0.26940	0.28954	0.02241	0.08709	0.02189	0.00916	0.05957	0.03090	0.02603	0.00852	0.02547	0.06312	0.00178	0.02044	0.02529	0.00236	0.00537
28	0.00922	0.00500	0.00653	0.00572	0.00733	0.00447	0.00444	0.01100	0.01159	0.23482	0.54012	0.02727	0.10018	0.00777	0.00471	0.00131	0.00240	0.00673	0.00466	0.00473
29	0.00977	0.00947	0.01644	0.13193	0.64185	0.00964	0.06827	0.01230	0.00933	0.01309	0.00883	0.01134	0.03107	0.00395	0.00420	0.00127	0.00507	0.00394	0.00209	0.00616
30	0.00876	0.00862	0.01575	0.36697	0.23518	0.00929	0.18922	0.01150	0.00886	0.01196	0.00833	0.01212	0.00676	0.00595	0.06263	0.00173	0.00605	0.02302	0.00203	0.00527
31	0.00718	0.00586	0.02625	0.00958	0.12294	0.00551	0.00687	0.00939	0.04542	0.02857	0.03221	0.15472	0.11273	0.00991	0.00520	0.00167	0.00358	0.40448	0.00359	0.00435
32	0.00847	0.02067	0.77546	0.01279	0.07464	0.00966	0.01517	0.01313	0.00882	0.01318	0.00748	0.00888	0.00535	0.00393	0.00396	0.00131	0.00605	0.00311	0.00178	0.00617
33	0.00955	0.00819	0.03082	0.34419	0.19742	0.00876	0.04419	0.03312	0.06581	0.08066	0.00977	0.04496	0.00789	0.00629	0.04439	0.03453	0.01745	0.00420	0.00250	0.00533
34	0.00914	0.00781	0.01176	0.25035	0.17476	0.01922	0.05186	0.08882	0.02249	0.04716	0.11175	0.07464	0.07772	0.00592	0.00467	0.00136	0.02725	0.00522	0.00293	0.00516
35	0.00534	0.00422	0.00498	0.00506	0.00606	0.00399	0.00374	0.00643	0.00846	0.01075	0.06123	0.09235	0.45079	0.09021	0.21038	0.00295	0.00453	0.02166	0.00337	0.00348
36	0.00558	0.00456	0.03099	0.03132	0.00734	0.00411	0.00474	0.00664	0.00823	0.01101	0.05878	0.59086	0.04423	0.06420	0.00636	0.00181	0.01617	0.09588	0.00364	0.00354
37	0.03936	0.01056	0.02830	0.11316	0.02808	0.13839	0.09958	0.11848	0.09622	0.14961	0.03227	0.01328	0.03128	0.02144	0.00500	0.00138	0.04739	0.01736	0.00321	0.00564
38	0.05394	0.03802	0.07994	0.03655	0.01486	0.00880	0.26017	0.01241	0.04101	0.03497	0.00805	0.00981	0.00632	0.00382	0.00453	0.00112	0.06368	0.00351	0.00235	0.31613
39	0.03077	0.07552	0.14992	0.03781	0.01398	0.06736	0.12546	0.13596	0.02292	0.04361	0.03910	0.01088	0.00780	0.03604	0.00465	0.00124	0.01719	0.00358	0.00265	0.17357
40	0.05488	0.03450	0.16171	0.07668	0.01562	0.05013	0.15567	0.15317	0.11553	0.06607	0.02580	0.02003	0.00795	0.00451	0.00411	0.00129	0.00508	0.00392	0.00293	0.04042
41	0.08850	0.01041	0.07677	0.08259	0.01264	0.13364	0.05666	0.08733	0.05122	0.06471	0.14627	0.04153	0.01303	0.03764	0.01610	0.00146	0.03799	0.00448	0.00307	0.03399

[dist]
# distance from previous block
# <min> <max>
0	121

# created by:
# /st0/software/busco_prod/Augustus/scripts/msa2prfl.pl ./align_prep/26166.fa
