[name]
unknown

[dist]
# distance from previous block
# <min> <max>
0	38

[block]
# block no. 0 follows, 67 sequences, length 15
# corresponding to MSA columns:
# 38-52
name=unknown_A
#
# <colnr> <probs for GDERKNQSTAVLIFYWHMCP>
#	G	D	E	R	K	N	Q	S	T	A	V	L	I	F	Y	W	H	M	C	P
0	0.00682	0.18067	0.00870	0.00624	0.00765	0.00651	0.00534	0.00821	0.00879	0.01111	0.06593	0.10495	0.16107	0.05652	0.00554	0.00162	0.00332	0.34392	0.00326	0.00384
1	0.01086	0.51835	0.16427	0.00826	0.01179	0.14722	0.00833	0.03749	0.00904	0.01060	0.00670	0.03821	0.00597	0.00399	0.00310	0.00100	0.00499	0.00275	0.00191	0.00519
2	0.00496	0.00404	0.00417	0.00416	0.00528	0.00348	0.00299	0.00585	0.00873	0.01060	0.07400	0.03624	0.66570	0.14373	0.00721	0.00175	0.00232	0.00799	0.00355	0.00325
3	0.01093	0.69720	0.09336	0.00764	0.01115	0.10247	0.00767	0.01249	0.00852	0.00977	0.00579	0.00670	0.00514	0.00354	0.00279	0.00091	0.00475	0.00226	0.00175	0.00516
4	0.01103	0.80123	0.02033	0.00711	0.01044	0.07501	0.00693	0.01230	0.00838	0.00946	0.00562	0.00649	0.00515	0.00348	0.00265	0.00087	0.00450	0.00218	0.00174	0.00511
5	0.00477	0.00396	0.00417	0.00433	0.00549	0.00336	0.00317	0.00573	0.00888	0.01073	0.03737	0.18246	0.69065	0.01058	0.00481	0.00140	0.00208	0.00898	0.00372	0.00336
6	0.00486	0.00360	0.00454	0.00529	0.00574	0.00328	0.00359	0.00562	0.00796	0.01035	0.02567	0.69889	0.18177	0.01210	0.00505	0.00158	0.00227	0.01084	0.00372	0.00328
7	0.01311	0.01165	0.08445	0.10061	0.14889	0.19792	0.06450	0.01537	0.02556	0.26747	0.00989	0.01056	0.00705	0.00429	0.00413	0.00122	0.02113	0.00353	0.00292	0.00577
8	0.01038	0.26693	0.42519	0.00973	0.01418	0.13924	0.01094	0.03258	0.00916	0.03753	0.00690	0.00787	0.00531	0.00381	0.00343	0.00111	0.00553	0.00271	0.00192	0.00555
9	0.00545	0.00369	0.00463	0.00504	0.00522	0.00356	0.00320	0.00581	0.00707	0.00950	0.07808	0.41274	0.02144	0.35050	0.01183	0.05485	0.00299	0.00840	0.00314	0.00288
10	0.00930	0.42064	0.25478	0.13153	0.01467	0.03365	0.00963	0.01179	0.00850	0.01090	0.05534	0.00906	0.00710	0.00393	0.00330	0.00108	0.00485	0.00290	0.00189	0.00518
11	0.01023	0.04855	0.16157	0.18849	0.07490	0.05730	0.05875	0.08171	0.07530	0.07409	0.00866	0.01002	0.00648	0.00410	0.00404	0.00119	0.02518	0.00339	0.00248	0.10359
12	0.05615	0.30185	0.10519	0.05323	0.01289	0.08759	0.04292	0.15353	0.04917	0.02735	0.00736	0.00840	0.00587	0.00421	0.00411	0.00114	0.06826	0.00296	0.00237	0.00544
13	0.01043	0.07225	0.01002	0.05793	0.02515	0.05401	0.00650	0.14956	0.29220	0.06276	0.06073	0.10488	0.02409	0.00710	0.04287	0.00153	0.00402	0.00494	0.00355	0.00551
14	0.00970	0.00936	0.06897	0.15716	0.04424	0.06686	0.00773	0.06182	0.28583	0.04743	0.05487	0.01337	0.01025	0.03479	0.04329	0.00156	0.00447	0.00402	0.00306	0.07122

[dist]
# distance from previous block
# <min> <max>
1	80

[block]
# block no. 1 follows, 67 sequences, length 44
# corresponding to MSA columns:
# 140-183
name=unknown_B
#
# <colnr> <probs for GDERKNQSTAVLIFYWHMCP>
#	G	D	E	R	K	N	Q	S	T	A	V	L	I	F	Y	W	H	M	C	P
0	0.00872	0.01013	0.18867	0.03223	0.10251	0.00762	0.08750	0.07069	0.08090	0.05663	0.10700	0.05122	0.11598	0.02822	0.00466	0.00134	0.00414	0.00504	0.00300	0.03378
1	0.01167	0.04591	0.07540	0.02677	0.03307	0.06367	0.00742	0.32170	0.10635	0.06392	0.04374	0.10595	0.02529	0.00587	0.00426	0.00127	0.01907	0.01851	0.00348	0.01668
2	0.01051	0.07591	0.02509	0.09545	0.20879	0.00886	0.00809	0.12539	0.05951	0.07932	0.00907	0.02582	0.00721	0.00471	0.02531	0.00119	0.00422	0.00342	0.00272	0.21939
3	0.00973	0.03055	0.21900	0.06254	0.01376	0.00787	0.12936	0.06401	0.03198	0.14768	0.10978	0.01636	0.11551	0.00542	0.00436	0.00129	0.01765	0.00471	0.00307	0.00535
4	0.06770	0.08293	0.12467	0.08196	0.06391	0.12781	0.18066	0.06369	0.04392	0.06810	0.00868	0.04045	0.00689	0.00425	0.00389	0.00122	0.00530	0.00373	0.00244	0.01780
5	0.00996	0.57146	0.03044	0.00657	0.00938	0.01204	0.00616	0.02186	0.00858	0.07531	0.01186	0.13096	0.08031	0.00546	0.00328	0.00105	0.00377	0.00419	0.00246	0.00489
6	0.00644	0.00526	0.01882	0.01824	0.00683	0.04617	0.00432	0.02831	0.00763	0.01030	0.06484	0.10987	0.07455	0.24004	0.29629	0.00375	0.00595	0.00579	0.04319	0.00343
7	0.01018	0.08073	0.11644	0.04284	0.11932	0.06360	0.22159	0.05816	0.03125	0.07477	0.01070	0.06098	0.02790	0.00494	0.00429	0.00129	0.01426	0.04879	0.00256	0.00542
8	0.01004	0.08546	0.22008	0.06072	0.10130	0.03295	0.13857	0.09374	0.04848	0.06388	0.00974	0.06808	0.00802	0.00466	0.00401	0.00126	0.00499	0.01407	0.02434	0.00560
9	0.00493	0.00352	0.00470	0.00563	0.00588	0.00329	0.00379	0.00566	0.00772	0.01028	0.02208	0.83510	0.02643	0.01253	0.00513	0.00163	0.00236	0.03233	0.00372	0.00327
10	0.00710	0.00582	0.00798	0.00764	0.02996	0.00585	0.07090	0.03316	0.15109	0.01401	0.22454	0.11231	0.11404	0.00844	0.00480	0.00146	0.00312	0.18961	0.00378	0.00439
11	0.00977	0.02712	0.02552	0.13697	0.12259	0.02199	0.12039	0.01592	0.34703	0.05240	0.04290	0.01301	0.00987	0.00474	0.00441	0.00132	0.03102	0.00423	0.00304	0.00574
12	0.01245	0.00681	0.00896	0.00744	0.00931	0.00714	0.01654	0.09570	0.01034	0.35705	0.04559	0.10193	0.03515	0.01487	0.02432	0.00149	0.15836	0.00492	0.07620	0.00541
13	0.00716	0.00391	0.00565	0.00574	0.00605	0.00390	0.00418	0.01959	0.00650	0.02243	0.03161	0.01911	0.01098	0.01292	0.01301	0.65814	0.00350	0.16098	0.00229	0.00235
14	0.00637	0.00546	0.00819	0.32609	0.03679	0.00589	0.02197	0.00827	0.00893	0.01173	0.16494	0.12272	0.18557	0.00737	0.00448	0.00137	0.00353	0.04322	0.02312	0.00399
15	0.01444	0.01691	0.01175	0.01054	0.03005	0.63705	0.03062	0.13523	0.03803	0.01252	0.00738	0.00868	0.00601	0.00437	0.00376	0.00110	0.00656	0.01749	0.00245	0.00507
16	0.00804	0.02074	0.83828	0.01143	0.01736	0.00931	0.01482	0.01270	0.00847	0.01270	0.00720	0.00847	0.00508	0.00381	0.00381	0.00127	0.00593	0.00296	0.00169	0.00593
17	0.00746	0.00698	0.01172	0.81411	0.02671	0.00867	0.01083	0.01005	0.00800	0.01025	0.00775	0.04607	0.00623	0.00437	0.00406	0.00135	0.00522	0.00389	0.00186	0.00441
18	0.00740	0.00506	0.00631	0.00662	0.00776	0.00521	0.00547	0.02954	0.11128	0.03147	0.04727	0.08729	0.01939	0.02479	0.00503	0.00160	0.00317	0.43327	0.15795	0.00413
19	0.02462	0.00854	0.00981	0.00768	0.01051	0.00882	0.00629	0.39830	0.03358	0.30621	0.03037	0.01263	0.02401	0.00502	0.00391	0.00120	0.00366	0.00394	0.09455	0.00634
20	0.00832	0.00713	0.00832	0.00594	0.00950	0.00535	0.00475	0.01010	0.00832	0.01307	0.00713	0.00832	0.00594	0.00297	0.00297	0.00059	0.00297	0.00238	0.00238	0.88357
21	0.00850	0.14510	0.69090	0.01065	0.01609	0.01031	0.01337	0.01287	0.03420	0.01234	0.00724	0.00837	0.00532	0.00381	0.00364	0.00121	0.00560	0.00289	0.00177	0.00582
22	0.00489	0.00361	0.00458	0.00530	0.00576	0.00330	0.00361	0.00569	0.00808	0.01058	0.05840	0.68384	0.16373	0.01198	0.00504	0.00157	0.00226	0.01073	0.00375	0.00330
23	0.00492	0.00351	0.00469	0.00562	0.00587	0.00329	0.00378	0.00564	0.00771	0.01027	0.02209	0.83998	0.02646	0.01253	0.00513	0.00163	0.00235	0.02754	0.00372	0.00327
24	0.00880	0.05371	0.04908	0.00642	0.00992	0.00636	0.00550	0.02209	0.00854	0.04203	0.00812	0.00915	0.02526	0.00340	0.00335	0.00072	0.02510	0.00264	0.00244	0.70737
25	0.00586	0.00438	0.00628	0.00626	0.00694	0.00502	0.00475	0.00744	0.03224	0.00939	0.01130	0.02978	0.01084	0.11918	0.71438	0.00593	0.00963	0.00458	0.00226	0.00354
26	0.00919	0.01113	0.17620	0.01397	0.28218	0.02789	0.06126	0.01182	0.00882	0.02743	0.00747	0.00910	0.00597	0.00342	0.00361	0.00099	0.00450	0.00307	0.00213	0.32984
27	0.03436	0.04636	0.14953	0.01084	0.05205	0.01067	0.06651	0.06892	0.02106	0.05713	0.02923	0.01063	0.02651	0.01480	0.00820	0.00149	0.38062	0.00371	0.00229	0.00512
28	0.00947	0.13501	0.28628	0.00926	0.02515	0.02913	0.04317	0.06872	0.04102	0.07400	0.01063	0.15001	0.00962	0.00603	0.02125	0.00136	0.03385	0.00453	0.00260	0.03890
29	0.00563	0.00369	0.00493	0.00566	0.00607	0.00342	0.00384	0.00640	0.00798	0.05620	0.04084	0.79024	0.02587	0.01204	0.00505	0.00160	0.00238	0.01089	0.00381	0.00347
30	0.00577	0.00419	0.00551	0.00620	0.00694	0.00403	0.00494	0.00711	0.00872	0.01136	0.06623	0.24549	0.12586	0.06614	0.00625	0.00183	0.00306	0.41324	0.00366	0.00347
31	0.03372	0.19601	0.17643	0.03193	0.10941	0.09246	0.05021	0.10043	0.04822	0.08402	0.00839	0.00964	0.00653	0.03094	0.00414	0.00123	0.00495	0.00323	0.00247	0.00566
32	0.00815	0.00837	0.06588	0.53855	0.03304	0.01917	0.04385	0.04557	0.09301	0.01200	0.02900	0.06845	0.00835	0.00483	0.00412	0.00134	0.00491	0.00428	0.00232	0.00482
33	0.00585	0.00457	0.00542	0.00553	0.00665	0.00437	0.00428	0.00826	0.09335	0.01293	0.23531	0.13998	0.29455	0.00965	0.00486	0.00146	0.00245	0.15279	0.00393	0.00383
34	0.00551	0.00413	0.00544	0.04122	0.00727	0.00412	0.00444	0.00722	0.07252	0.01088	0.02096	0.69649	0.02426	0.01154	0.00502	0.00161	0.00262	0.06750	0.00367	0.00358
35	0.02598	0.11121	0.07552	0.15063	0.09892	0.03165	0.04261	0.07054	0.12987	0.07408	0.02012	0.03253	0.03676	0.02357	0.00459	0.00131	0.03651	0.01195	0.00274	0.01893
36	0.02158	0.00869	0.02456	0.59538	0.04518	0.07496	0.08262	0.01110	0.00841	0.02135	0.00746	0.01100	0.00584	0.00425	0.00447	0.00134	0.04452	0.02073	0.00192	0.00464
37	0.00524	0.00405	0.00481	0.00504	0.00597	0.00368	0.00370	0.00668	0.03069	0.01209	0.21498	0.27839	0.34291	0.01035	0.00488	0.00144	0.00221	0.05547	0.00389	0.00353
38	0.01036	0.04545	0.03641	0.20253	0.10277	0.02041	0.26222	0.17701	0.02111	0.03344	0.00884	0.04504	0.00703	0.00430	0.00421	0.00128	0.00534	0.00420	0.00251	0.00553
39	0.01095	0.08447	0.17505	0.07520	0.06946	0.17427	0.05941	0.07196	0.02538	0.08998	0.02210	0.09444	0.00886	0.00506	0.00396	0.00123	0.00513	0.01515	0.00261	0.00532
40	0.00941	0.01065	0.02305	0.04837	0.04066	0.01008	0.76979	0.01274	0.00940	0.01275	0.00806	0.01079	0.00606	0.00341	0.00469	0.00135	0.00666	0.00466	0.00202	0.00540
41	0.00656	0.00588	0.00943	0.00800	0.00982	0.00546	0.19105	0.02963	0.00970	0.01255	0.12996	0.07693	0.31668	0.00852	0.00489	0.00145	0.00350	0.16251	0.00343	0.00404
42	0.00845	0.03056	0.61807	0.01276	0.01817	0.00962	0.22035	0.01273	0.00872	0.01269	0.00741	0.00904	0.00534	0.00369	0.00403	0.00129	0.00612	0.00340	0.00178	0.00578
43	0.00679	0.00615	0.04208	0.02476	0.00811	0.01457	0.01561	0.02314	0.02952	0.01014	0.05206	0.10357	0.02733	0.23471	0.22243	0.00339	0.16403	0.00540	0.00251	0.00369

[dist]
# distance from previous block
# <min> <max>
0	7

[block]
# block no. 2 follows, 67 sequences, length 8
# corresponding to MSA columns:
# 191-198
name=unknown_C
#
# <colnr> <probs for GDERKNQSTAVLIFYWHMCP>
#	G	D	E	R	K	N	Q	S	T	A	V	L	I	F	Y	W	H	M	C	P
0	0.28593	0.00518	0.00471	0.00462	0.00621	0.00516	0.00354	0.00766	0.00824	0.01305	0.02739	0.11986	0.47848	0.00838	0.00406	0.00135	0.00241	0.00679	0.00333	0.00368
1	0.00910	0.35342	0.51489	0.00962	0.01456	0.01191	0.01167	0.01243	0.00834	0.01141	0.00656	0.00766	0.00511	0.00366	0.00332	0.00111	0.00528	0.00264	0.00170	0.00562
2	0.00927	0.00834	0.05099	0.06189	0.01063	0.08128	0.00677	0.14300	0.07246	0.03403	0.05458	0.07823	0.04519	0.02135	0.05553	0.00174	0.04964	0.15332	0.05704	0.00471
3	0.01032	0.01158	0.00958	0.00921	0.05226	0.39117	0.05843	0.01127	0.00967	0.01034	0.04749	0.13295	0.12350	0.00726	0.00537	0.09278	0.00506	0.00511	0.00258	0.00408
4	0.07174	0.01068	0.01064	0.00852	0.01137	0.09694	0.00691	0.47064	0.08656	0.13055	0.04746	0.01110	0.00877	0.00490	0.00391	0.00121	0.00426	0.00371	0.00386	0.00626
5	0.02938	0.07566	0.11908	0.00772	0.01004	0.00692	0.03271	0.03038	0.07024	0.08763	0.01876	0.05218	0.12187	0.00788	0.00458	0.00148	0.00382	0.31166	0.00335	0.00468
6	0.24335	0.08256	0.09996	0.00788	0.01078	0.09923	0.00712	0.15244	0.05803	0.09948	0.00981	0.01257	0.00798	0.00493	0.00359	0.00125	0.00428	0.08642	0.00302	0.00534
7	0.30734	0.00705	0.06099	0.00699	0.00884	0.00669	0.08939	0.00935	0.00748	0.01322	0.05304	0.12357	0.01230	0.14412	0.09021	0.00228	0.00442	0.04607	0.00266	0.00397

[dist]
# distance from previous block
# <min> <max>
2	51

[block]
# block no. 3 follows, 67 sequences, length 44
# corresponding to MSA columns:
# 250-293
name=unknown_D
#
# <colnr> <probs for GDERKNQSTAVLIFYWHMCP>
#	G	D	E	R	K	N	Q	S	T	A	V	L	I	F	Y	W	H	M	C	P
0	0.03520	0.08271	0.15393	0.01094	0.10973	0.13452	0.00892	0.17760	0.12473	0.06293	0.00934	0.02151	0.00718	0.00447	0.00395	0.00119	0.02254	0.00342	0.00284	0.02237
1	0.12124	0.02740	0.01138	0.08586	0.22261	0.12490	0.02265	0.10304	0.04597	0.03880	0.06718	0.06086	0.02220	0.00495	0.00396	0.00123	0.01394	0.00409	0.00274	0.01500
2	0.01064	0.44475	0.08702	0.00795	0.01099	0.10669	0.03016	0.07525	0.02117	0.03203	0.00939	0.10033	0.02691	0.00497	0.00340	0.00108	0.00453	0.01530	0.00235	0.00509
3	0.02224	0.00892	0.02016	0.00698	0.01801	0.18188	0.00524	0.14205	0.01072	0.06939	0.07075	0.02074	0.19639	0.18116	0.02647	0.00188	0.00428	0.00520	0.00318	0.00437
4	0.00974	0.00926	0.01574	0.02367	0.78858	0.00926	0.01199	0.01209	0.00914	0.01304	0.00830	0.01187	0.00727	0.00399	0.00406	0.00123	0.00471	0.04780	0.00208	0.00621
5	0.00493	0.00355	0.00460	0.00542	0.00571	0.00330	0.00361	0.00561	0.00768	0.01015	0.02285	0.75775	0.08001	0.05703	0.00590	0.00173	0.00239	0.01091	0.00365	0.00322
6	0.00868	0.00852	0.03658	0.06064	0.08168	0.00746	0.20213	0.04076	0.02520	0.01310	0.00948	0.05462	0.03297	0.00411	0.00394	0.00102	0.01653	0.00390	0.00240	0.38629
7	0.00491	0.00354	0.00466	0.00554	0.00584	0.00329	0.00374	0.00564	0.00778	0.01030	0.02301	0.80164	0.06636	0.01242	0.00511	0.00162	0.00234	0.02530	0.00372	0.00327
8	0.00547	0.00392	0.00532	0.00608	0.00661	0.00377	0.00458	0.00667	0.00855	0.01144	0.11820	0.49662	0.02647	0.01200	0.02426	0.00176	0.00287	0.24820	0.00376	0.00346
9	0.02985	0.00408	0.00420	0.00413	0.00530	0.00377	0.00309	0.00764	0.00885	0.02465	0.08174	0.02704	0.39437	0.03056	0.01694	0.00133	0.00219	0.00620	0.34047	0.00360
10	0.00571	0.00432	0.00541	0.00577	0.00685	0.00403	0.00475	0.00728	0.00962	0.01241	0.18959	0.03990	0.30532	0.01019	0.00510	0.00156	0.00276	0.37197	0.00385	0.00361
11	0.00804	0.02074	0.83828	0.01143	0.01736	0.00931	0.01482	0.01270	0.00847	0.01270	0.00720	0.00847	0.00508	0.00381	0.00381	0.00127	0.00593	0.00296	0.00169	0.00593
12	0.01463	0.00835	0.00979	0.00791	0.01072	0.00863	0.00640	0.21199	0.25858	0.37680	0.01463	0.03189	0.01025	0.00524	0.00407	0.00128	0.00356	0.00425	0.00444	0.00660
13	0.00890	0.29029	0.57625	0.00997	0.01509	0.01142	0.01227	0.01248	0.00837	0.01165	0.00668	0.00782	0.00510	0.00369	0.00341	0.00114	0.00540	0.00270	0.00170	0.00568
14	0.00495	0.00368	0.00461	0.00520	0.00575	0.00334	0.00359	0.00585	0.00841	0.01103	0.11883	0.58982	0.19718	0.01156	0.00499	0.00153	0.00221	0.01031	0.00380	0.00334
15	0.00855	0.12731	0.70046	0.01095	0.01644	0.02667	0.03106	0.01268	0.00851	0.01223	0.00699	0.00824	0.00511	0.00376	0.00367	0.00121	0.00576	0.00289	0.00171	0.00579
16	0.00757	0.00713	0.01203	0.84942	0.02762	0.00891	0.01114	0.01025	0.00802	0.01025	0.00713	0.01069	0.00535	0.00401	0.00401	0.00134	0.00535	0.00356	0.00178	0.00446
17	0.00520	0.00386	0.00485	0.00507	0.00582	0.00351	0.00362	0.00648	0.00955	0.01289	0.37767	0.34406	0.18224	0.01022	0.00488	0.00142	0.00208	0.00905	0.00402	0.00351
18	0.01175	0.01195	0.01446	0.08143	0.41426	0.20822	0.04614	0.13782	0.01109	0.01397	0.00754	0.00934	0.00605	0.00392	0.00393	0.00117	0.00543	0.00339	0.00230	0.00583
19	0.00581	0.00399	0.00488	0.00488	0.00506	0.00416	0.00306	0.00616	0.00598	0.00815	0.01217	0.02367	0.01346	0.65588	0.22206	0.00451	0.00557	0.00546	0.00236	0.00271
20	0.00517	0.00381	0.00483	0.00515	0.00582	0.00348	0.00365	0.00637	0.00930	0.01256	0.33374	0.41882	0.15145	0.01054	0.00491	0.00145	0.00212	0.00938	0.00399	0.00348
21	0.00523	0.00403	0.00479	0.00487	0.00588	0.00360	0.00364	0.00658	0.00978	0.01282	0.33806	0.15375	0.36218	0.00982	0.00484	0.00139	0.00213	0.05910	0.00399	0.00354
22	0.00757	0.00713	0.01203	0.84942	0.02762	0.00891	0.01114	0.01025	0.00802	0.01025	0.00713	0.01069	0.00535	0.00401	0.00401	0.00134	0.00535	0.00356	0.00178	0.00446
23	0.06324	0.00954	0.00996	0.00821	0.01066	0.04125	0.00657	0.54099	0.03346	0.02079	0.02491	0.17476	0.01133	0.00640	0.00416	0.00130	0.00396	0.01891	0.00380	0.00579
24	0.00570	0.00420	0.00606	0.00611	0.00670	0.00477	0.00458	0.00690	0.00642	0.00914	0.01156	0.05766	0.01147	0.14742	0.68558	0.00585	0.00936	0.00486	0.00226	0.00340
25	0.00530	0.00406	0.00490	0.00537	0.00608	0.00384	0.00377	0.00697	0.07014	0.01134	0.09072	0.53261	0.21784	0.01111	0.00492	0.00151	0.00229	0.00985	0.00381	0.00356
26	0.00757	0.00713	0.01203	0.84942	0.02762	0.00891	0.01114	0.01025	0.00802	0.01025	0.00713	0.01069	0.00535	0.00401	0.00401	0.00134	0.00535	0.00356	0.00178	0.00446
27	0.00924	0.00593	0.00639	0.00585	0.00749	0.00635	0.00451	0.01474	0.32820	0.08900	0.03873	0.03146	0.02639	0.00534	0.00354	0.00116	0.00253	0.00440	0.40373	0.00502
28	0.00757	0.00713	0.01203	0.84942	0.02762	0.00891	0.01114	0.01025	0.00802	0.01025	0.00713	0.01069	0.00535	0.00401	0.00401	0.00134	0.00535	0.00356	0.00178	0.00446
29	0.00490	0.00355	0.00460	0.00543	0.00575	0.00328	0.00363	0.00560	0.00775	0.01022	0.02334	0.76807	0.09124	0.03518	0.00550	0.00167	0.00235	0.01101	0.00369	0.00325
30	0.03284	0.02931	0.01146	0.00908	0.02621	0.03786	0.08669	0.27376	0.02951	0.23134	0.01208	0.08267	0.00971	0.03505	0.02321	0.00149	0.03983	0.01844	0.00365	0.00582
31	0.00993	0.00953	0.01628	0.02462	0.83404	0.00953	0.01231	0.01231	0.00913	0.01310	0.00754	0.00993	0.00635	0.00357	0.00397	0.00119	0.00476	0.00357	0.00199	0.00635
32	0.00485	0.00400	0.00426	0.00434	0.00552	0.00341	0.00320	0.00592	0.00920	0.01130	0.11925	0.13161	0.65881	0.01023	0.00478	0.00138	0.00205	0.00868	0.00379	0.00341
33	0.01127	0.72413	0.03821	0.00739	0.01075	0.08764	0.00716	0.05505	0.00900	0.01038	0.00588	0.00672	0.00524	0.00357	0.00277	0.00090	0.00459	0.00228	0.00187	0.00521
34	0.00998	0.03835	0.04105	0.12229	0.58430	0.06183	0.02986	0.02294	0.02782	0.01265	0.00757	0.00982	0.00621	0.00372	0.00392	0.00120	0.00501	0.00349	0.00202	0.00595
35	0.00624	0.00452	0.00590	0.00570	0.00613	0.00489	0.01624	0.02997	0.00660	0.00908	0.01194	0.02218	0.01273	0.48594	0.29480	0.00449	0.03245	0.03471	0.00240	0.00309
36	0.03282	0.04071	0.00995	0.00818	0.01051	0.06383	0.00656	0.29524	0.26569	0.04102	0.01340	0.09543	0.01141	0.00672	0.02646	0.00145	0.00407	0.05705	0.00371	0.00578
37	0.00532	0.00449	0.02875	0.00548	0.00641	0.00386	0.00419	0.00673	0.03066	0.01128	0.08909	0.38129	0.28029	0.02611	0.00523	0.00156	0.00251	0.09953	0.00370	0.00353
38	0.00619	0.00491	0.00695	0.00673	0.00718	0.00591	0.00513	0.00725	0.00639	0.00919	0.01096	0.07700	0.01115	0.15605	0.51559	0.00492	0.14783	0.00492	0.00224	0.00351
39	0.00524	0.00401	0.00516	0.00555	0.00625	0.00399	0.00402	0.00653	0.03076	0.01029	0.02298	0.39432	0.21097	0.01692	0.25014	0.00297	0.00474	0.00844	0.00327	0.00347
40	0.00770	0.00823	0.09244	0.36295	0.05095	0.02326	0.04669	0.01019	0.02687	0.04157	0.03260	0.03958	0.19005	0.00583	0.00464	0.00135	0.04310	0.00495	0.00250	0.00457
41	0.03173	0.01373	0.05654	0.04380	0.04733	0.29852	0.29208	0.09342	0.03539	0.01314	0.00805	0.01030	0.00640	0.00412	0.00413	0.00123	0.00625	0.02626	0.00233	0.00527
42	0.00965	0.02291	0.15932	0.00900	0.04140	0.19905	0.02858	0.08664	0.04066	0.02955	0.02511	0.17823	0.07841	0.06701	0.00533	0.00147	0.00467	0.00543	0.00282	0.00474
43	0.04284	0.23129	0.10047	0.02166	0.02096	0.08906	0.02622	0.11553	0.15454	0.04689	0.01005	0.03298	0.02255	0.00470	0.00384	0.00116	0.02725	0.01454	0.00276	0.03073

[dist]
# distance from previous block
# <min> <max>
0	43

[block]
# block no. 4 follows, 67 sequences, length 27
# corresponding to MSA columns:
# 337-363
name=unknown_E
#
# <colnr> <probs for GDERKNQSTAVLIFYWHMCP>
#	G	D	E	R	K	N	Q	S	T	A	V	L	I	F	Y	W	H	M	C	P
0	0.04610	0.10252	0.14687	0.02163	0.17752	0.02717	0.05430	0.06582	0.08042	0.04267	0.03293	0.04216	0.02258	0.00630	0.05165	0.00154	0.01768	0.03602	0.00259	0.02153
1	0.00700	0.00644	0.00808	0.12561	0.13559	0.08622	0.00643	0.00827	0.00834	0.01065	0.01675	0.50738	0.03918	0.00913	0.00464	0.00146	0.00358	0.00820	0.00303	0.00403
2	0.00506	0.00361	0.00485	0.00578	0.00609	0.00341	0.00403	0.00589	0.00785	0.01043	0.02201	0.76690	0.02615	0.01240	0.00517	0.00165	0.00248	0.09922	0.00372	0.00331
3	0.01518	0.01108	0.01191	0.00916	0.01234	0.01224	0.00756	0.78544	0.03706	0.04236	0.00991	0.00984	0.00701	0.00483	0.00401	0.00121	0.00436	0.00364	0.00403	0.00681
4	0.02648	0.04465	0.13852	0.09446	0.14002	0.06704	0.13685	0.06440	0.01750	0.08562	0.00844	0.02226	0.00650	0.00393	0.00385	0.00115	0.00499	0.00351	0.00242	0.12741
5	0.01080	0.09233	0.24533	0.01134	0.03851	0.06297	0.16524	0.13810	0.07523	0.05152	0.00860	0.00962	0.00641	0.00410	0.00415	0.00121	0.02879	0.00349	0.00251	0.03974
6	0.00804	0.02074	0.83828	0.01143	0.01736	0.00931	0.01482	0.01270	0.00847	0.01270	0.00720	0.00847	0.00508	0.00381	0.00381	0.00127	0.00593	0.00296	0.00169	0.00593
7	0.00667	0.00564	0.00822	0.09824	0.10616	0.00581	0.03896	0.01834	0.07175	0.01178	0.07293	0.23981	0.13840	0.02783	0.09155	0.00200	0.00409	0.04447	0.00313	0.00421
8	0.01902	0.05750	0.17971	0.06223	0.19717	0.03194	0.04900	0.06909	0.06264	0.03031	0.07578	0.04440	0.04536	0.00522	0.00426	0.00128	0.02065	0.03637	0.00264	0.00543
9	0.00574	0.00427	0.00633	0.00633	0.00700	0.00495	0.00487	0.00709	0.00641	0.00922	0.01085	0.01635	0.01028	0.07711	0.79649	0.00630	0.01035	0.00438	0.00216	0.00352
10	0.00692	0.00586	0.00801	0.00779	0.00853	0.00681	0.02207	0.00871	0.04757	0.01105	0.01788	0.11279	0.10626	0.03566	0.04448	0.00197	0.23600	0.30466	0.00305	0.00392
11	0.02577	0.06119	0.23611	0.08185	0.11231	0.08753	0.06592	0.03643	0.01645	0.02995	0.03103	0.01139	0.02185	0.00481	0.00531	0.00132	0.13166	0.03170	0.00216	0.00526
12	0.02582	0.02899	0.01421	0.34871	0.28200	0.05780	0.06757	0.08741	0.02546	0.01297	0.00762	0.01006	0.00596	0.00392	0.00397	0.00125	0.00517	0.00356	0.00214	0.00541
13	0.00846	0.00825	0.01199	0.09933	0.07006	0.01107	0.00890	0.00966	0.00657	0.00990	0.00614	0.00984	0.00584	0.02128	0.07256	0.00205	0.62823	0.00361	0.00181	0.00444
14	0.05091	0.00607	0.00684	0.00614	0.00730	0.00647	0.00445	0.22721	0.01018	0.01418	0.08337	0.12511	0.01508	0.32909	0.08764	0.00276	0.00425	0.00574	0.00317	0.00404
15	0.01093	0.05789	0.20014	0.03185	0.20399	0.08735	0.07312	0.03243	0.02644	0.14259	0.02006	0.06508	0.00823	0.00465	0.00412	0.00124	0.01755	0.00400	0.00261	0.00574
16	0.00572	0.00450	0.00559	0.00543	0.00671	0.00401	0.04307	0.00711	0.03150	0.04173	0.03203	0.23927	0.50452	0.01014	0.00482	0.00144	0.00249	0.04255	0.00370	0.00367
17	0.00535	0.00383	0.00496	0.00565	0.00607	0.00365	0.00388	0.02563	0.02156	0.01083	0.04617	0.70549	0.06668	0.01202	0.00545	0.03468	0.00244	0.02860	0.00368	0.00337
18	0.00789	0.00686	0.03635	0.00841	0.08120	0.02185	0.00595	0.09804	0.15372	0.01400	0.08595	0.35376	0.03677	0.00843	0.00473	0.00142	0.02270	0.01945	0.02785	0.00467
19	0.00977	0.05817	0.10674	0.09246	0.35803	0.04349	0.14486	0.03609	0.03964	0.01272	0.00766	0.00980	0.00614	0.00392	0.00452	0.00125	0.05333	0.00361	0.00205	0.00575
20	0.00497	0.00358	0.00480	0.00565	0.00595	0.00340	0.00385	0.00575	0.00765	0.01022	0.02165	0.77015	0.03930	0.01365	0.06061	0.00195	0.00291	0.02704	0.00362	0.00329
21	0.00557	0.00407	0.00565	0.00580	0.00632	0.00444	0.00421	0.00658	0.00663	0.00922	0.01412	0.15820	0.04453	0.19021	0.51007	0.00495	0.00766	0.00594	0.00252	0.00329
22	0.01427	0.10627	0.01274	0.01046	0.04285	0.63805	0.02278	0.03939	0.01105	0.04349	0.00669	0.00767	0.00547	0.00412	0.00372	0.00105	0.02008	0.00272	0.00219	0.00493
23	0.02983	0.12804	0.01264	0.06739	0.05702	0.40802	0.00785	0.12998	0.02337	0.01247	0.00762	0.04912	0.00661	0.00463	0.00402	0.00113	0.03957	0.00328	0.00238	0.00505
24	0.01173	0.00937	0.01328	0.05089	0.01391	0.00990	0.20480	0.31747	0.14210	0.06078	0.01128	0.04298	0.00861	0.00481	0.00414	0.00127	0.00449	0.00435	0.07795	0.00589
25	0.00559	0.00408	0.00451	0.00445	0.00502	0.00387	0.00287	0.00639	0.02688	0.00989	0.12084	0.03003	0.25572	0.48765	0.01355	0.00277	0.00309	0.00674	0.00309	0.00297
26	0.00557	0.00446	0.00516	0.00595	0.00634	0.05099	0.00412	0.00638	0.00805	0.01043	0.03657	0.74365	0.02532	0.01191	0.00505	0.00160	0.00268	0.05876	0.00364	0.00337

[dist]
# distance from previous block
# <min> <max>
0	1

[block]
# block no. 5 follows, 67 sequences, length 36
# corresponding to MSA columns:
# 365-389,393-403
name=unknown_F
#
# <colnr> <probs for GDERKNQSTAVLIFYWHMCP>
#	G	D	E	R	K	N	Q	S	T	A	V	L	I	F	Y	W	H	M	C	P
0	0.02950	0.00910	0.01348	0.19838	0.40826	0.05134	0.02898	0.09891	0.00992	0.01351	0.00902	0.06522	0.00798	0.00468	0.00408	0.00127	0.00479	0.03367	0.00235	0.00554
1	0.01036	0.01014	0.01334	0.05370	0.26642	0.10447	0.03403	0.07423	0.03331	0.02549	0.00731	0.00983	0.00626	0.01641	0.02828	0.00155	0.29383	0.00356	0.00218	0.00530
2	0.00569	0.00397	0.00537	0.00615	0.00664	0.00385	0.00467	0.00668	0.00808	0.01068	0.03737	0.41707	0.02348	0.07878	0.00703	0.04746	0.00303	0.31719	0.00352	0.00329
3	0.00832	0.00713	0.00832	0.00594	0.00950	0.00535	0.00475	0.01010	0.00832	0.01307	0.00713	0.00832	0.00594	0.00297	0.00297	0.00059	0.00297	0.00238	0.00238	0.88357
4	0.00898	0.09837	0.33486	0.01037	0.03861	0.00917	0.10894	0.03254	0.03045	0.03074	0.03897	0.00971	0.00702	0.00392	0.00403	0.00111	0.03698	0.00326	0.00219	0.18979
5	0.01024	0.03423	0.27972	0.00913	0.01234	0.06871	0.01786	0.19190	0.04105	0.04578	0.01043	0.02211	0.03769	0.10700	0.02507	0.00170	0.06403	0.01299	0.00267	0.00534
6	0.00522	0.00362	0.00478	0.00559	0.00588	0.00340	0.00377	0.00592	0.00766	0.02250	0.02126	0.74819	0.02523	0.07633	0.00627	0.00180	0.00252	0.04317	0.00364	0.00327
7	0.00981	0.00990	0.01855	0.06042	0.08466	0.00996	0.48653	0.02603	0.17886	0.03640	0.00988	0.01161	0.00744	0.00401	0.00468	0.00135	0.02725	0.00447	0.00254	0.00566
8	0.05675	0.00645	0.00949	0.02960	0.04192	0.00610	0.09110	0.01331	0.04094	0.33545	0.01492	0.21554	0.01319	0.04973	0.03311	0.00164	0.00384	0.00582	0.00371	0.02738
9	0.00500	0.00381	0.00461	0.00508	0.00582	0.00343	0.00363	0.00599	0.00867	0.01117	0.11663	0.43822	0.31166	0.01117	0.00496	0.00150	0.00224	0.04922	0.00380	0.00338
10	0.01159	0.59133	0.06098	0.00820	0.01144	0.21710	0.02778	0.01304	0.00898	0.00978	0.00587	0.00684	0.00517	0.00362	0.00295	0.00093	0.00515	0.00236	0.00181	0.00507
11	0.01068	0.78565	0.07060	0.00724	0.01079	0.03955	0.00737	0.01217	0.00826	0.00965	0.00569	0.00658	0.00514	0.00347	0.00268	0.00089	0.00447	0.00221	0.00172	0.00518
12	0.01107	0.05612	0.08659	0.00879	0.01153	0.18901	0.00743	0.05584	0.45031	0.01472	0.01192	0.01164	0.00909	0.00474	0.00381	0.00121	0.00440	0.00368	0.00321	0.05490
13	0.08227	0.08027	0.21649	0.02446	0.01305	0.02635	0.03128	0.26661	0.07322	0.07684	0.03350	0.01011	0.00748	0.00454	0.00410	0.00124	0.03583	0.00343	0.00300	0.00593
14	0.74165	0.03173	0.00711	0.00582	0.00843	0.00952	0.00483	0.10686	0.00838	0.03670	0.00628	0.00704	0.00478	0.00387	0.00270	0.00123	0.00330	0.00238	0.00270	0.00471
15	0.44745	0.00987	0.00857	0.00716	0.00978	0.08736	0.00579	0.28116	0.03852	0.03422	0.00772	0.00857	0.00589	0.02783	0.00367	0.00129	0.00395	0.00290	0.00305	0.00525
16	0.00661	0.00673	0.08295	0.00755	0.00953	0.00527	0.14045	0.00867	0.00986	0.03778	0.31986	0.11879	0.19850	0.00787	0.00469	0.00135	0.00322	0.02259	0.00355	0.00419
17	0.01401	0.01299	0.01294	0.01214	0.13789	0.23282	0.04281	0.43591	0.01481	0.01858	0.00829	0.00907	0.00626	0.00435	0.00391	0.00115	0.00529	0.00336	0.00307	0.02034
18	0.00646	0.00462	0.00646	0.00739	0.00831	0.00462	0.00646	0.00831	0.00923	0.01200	0.02123	0.04524	0.02308	0.01108	0.00554	0.00185	0.00369	0.80704	0.00369	0.00369
19	0.00531	0.00421	0.00479	0.00462	0.00582	0.00376	0.00347	0.00703	0.03447	0.01336	0.39369	0.03403	0.45275	0.00914	0.00472	0.00131	0.00200	0.00781	0.00404	0.00365
20	0.00956	0.26493	0.19143	0.00846	0.01186	0.02824	0.04815	0.04630	0.16609	0.02939	0.10021	0.01260	0.03494	0.00471	0.00366	0.00114	0.00424	0.00377	0.00272	0.02760
21	0.02388	0.01498	0.47888	0.02988	0.07296	0.00851	0.03360	0.03413	0.05050	0.12348	0.07074	0.01154	0.00882	0.01559	0.00416	0.00130	0.00497	0.00365	0.00257	0.00584
22	0.00832	0.00713	0.00832	0.00594	0.00950	0.00535	0.00475	0.01010	0.00832	0.01307	0.00713	0.00832	0.00594	0.00297	0.00297	0.00059	0.00297	0.00238	0.00238	0.88357
23	0.03314	0.62682	0.11311	0.00818	0.03184	0.10838	0.00795	0.01254	0.00854	0.01016	0.00588	0.00685	0.00515	0.00356	0.00287	0.00094	0.00479	0.00232	0.00178	0.00519
24	0.00599	0.00392	0.00529	0.00579	0.00624	0.00383	0.00421	0.00658	0.03508	0.01002	0.04198	0.34947	0.07104	0.01218	0.00828	0.26504	0.00292	0.15598	0.00316	0.00301
25	0.02350	0.34668	0.05686	0.00987	0.05764	0.24935	0.05320	0.07980	0.02101	0.04663	0.00699	0.00791	0.00569	0.00391	0.00346	0.00104	0.01611	0.00278	0.00221	0.00533
26	0.00977	0.01038	0.09021	0.17049	0.22137	0.00978	0.21721	0.09812	0.04898	0.02709	0.02649	0.01084	0.00703	0.00407	0.00446	0.00129	0.03047	0.00395	0.00234	0.00566
27	0.00770	0.00576	0.00667	0.00559	0.00731	0.00519	0.00402	0.06128	0.03350	0.02907	0.05044	0.05714	0.01260	0.34852	0.01035	0.00210	0.00338	0.02162	0.00280	0.32498
28	0.00568	0.00410	0.00536	0.00505	0.00599	0.00378	0.00378	0.00757	0.01135	0.01608	0.83192	0.02996	0.03784	0.00820	0.00473	0.00126	0.00189	0.00725	0.00441	0.00378
29	0.00578	0.00390	0.00436	0.00436	0.00443	0.00386	0.00246	0.00583	0.00600	0.00793	0.01408	0.02688	0.05686	0.81517	0.01960	0.00376	0.00379	0.00597	0.00250	0.00248
30	0.00518	0.00404	0.00459	0.00451	0.00556	0.00357	0.00330	0.00642	0.00965	0.01252	0.33018	0.06622	0.44456	0.07482	0.00596	0.00153	0.00213	0.00793	0.00388	0.00345
31	0.00786	0.00707	0.01155	0.20832	0.31927	0.00768	0.02386	0.00974	0.00788	0.01091	0.00949	0.06064	0.00899	0.11322	0.13651	0.00242	0.03321	0.01451	0.00213	0.00472
32	0.00652	0.00428	0.00538	0.00503	0.00612	0.00399	0.00382	0.02019	0.01096	0.04929	0.63439	0.02779	0.06689	0.00772	0.00447	0.00123	0.00203	0.02219	0.11377	0.00393
33	0.02259	0.00695	0.00843	0.07197	0.16315	0.07222	0.00636	0.02088	0.06719	0.03365	0.15314	0.15505	0.15004	0.00718	0.00432	0.00130	0.00338	0.00623	0.04142	0.00454
34	0.31288	0.04844	0.07777	0.06725	0.07965	0.08581	0.02811	0.14434	0.06482	0.03147	0.00778	0.00874	0.00592	0.00408	0.00337	0.00121	0.00435	0.00300	0.01569	0.00531
35	0.03713	0.17808	0.10904	0.03270	0.05903	0.06029	0.02150	0.09032	0.04975	0.02546	0.02905	0.03057	0.01477	0.00409	0.00342	0.00100	0.00418	0.00320	0.00248	0.24393

[dist]
# distance from previous block
# <min> <max>
7	33

[block]
# block no. 6 follows, 67 sequences, length 30
# corresponding to MSA columns:
# 439-468
name=unknown_G
#
# <colnr> <probs for GDERKNQSTAVLIFYWHMCP>
#	G	D	E	R	K	N	Q	S	T	A	V	L	I	F	Y	W	H	M	C	P
0	0.04480	0.17843	0.61517	0.01001	0.01514	0.01030	0.01240	0.01225	0.00837	0.01223	0.00819	0.00924	0.03897	0.00400	0.00356	0.00119	0.00534	0.00300	0.00181	0.00561
1	0.00887	0.18509	0.48784	0.01036	0.05200	0.01039	0.01148	0.04405	0.03249	0.01267	0.03234	0.00981	0.02866	0.00416	0.00384	0.00118	0.02540	0.00317	0.00203	0.03419
2	0.00581	0.00409	0.00501	0.00494	0.00595	0.00367	0.00363	0.00717	0.00990	0.05052	0.39286	0.18943	0.26578	0.02664	0.00509	0.00141	0.00213	0.00822	0.00407	0.00368
3	0.00843	0.15445	0.60734	0.01081	0.04753	0.01009	0.01265	0.01235	0.02107	0.01215	0.02129	0.00901	0.00605	0.00510	0.04399	0.00145	0.00574	0.00302	0.00181	0.00568
4	0.00506	0.00358	0.00477	0.00568	0.00598	0.00337	0.00391	0.00586	0.00781	0.01047	0.02185	0.77887	0.02593	0.01229	0.00510	0.00163	0.00242	0.07003	0.02211	0.00330
5	0.00851	0.00741	0.06281	0.05951	0.04350	0.01758	0.00629	0.04307	0.21969	0.07784	0.19250	0.07320	0.12460	0.01673	0.00456	0.00136	0.00322	0.02892	0.00371	0.00499
6	0.02888	0.00825	0.05318	0.03291	0.26375	0.03775	0.07554	0.01049	0.03067	0.02940	0.11514	0.05276	0.18131	0.00604	0.00451	0.00127	0.02755	0.00534	0.00283	0.03244
7	0.50085	0.20508	0.01073	0.00733	0.04481	0.15213	0.00584	0.01258	0.00800	0.01444	0.00577	0.00677	0.00475	0.00372	0.00276	0.00112	0.00415	0.00230	0.00221	0.00467
8	0.54558	0.00948	0.04155	0.00675	0.00949	0.04817	0.00572	0.20062	0.01010	0.05822	0.00728	0.00816	0.00550	0.02419	0.00344	0.00129	0.00375	0.00273	0.00290	0.00507
9	0.00493	0.00407	0.00432	0.00426	0.00553	0.00346	0.00319	0.00612	0.00958	0.01187	0.19755	0.03688	0.67484	0.00977	0.00474	0.00134	0.00200	0.00822	0.00386	0.00346
10	0.00573	0.00427	0.00632	0.00631	0.00701	0.00492	0.00487	0.00713	0.00661	0.00952	0.04309	0.01671	0.01129	0.06094	0.77873	0.00614	0.01013	0.00447	0.00225	0.00354
11	0.00664	0.00429	0.00562	0.00524	0.00633	0.00392	0.00394	0.00840	0.01105	0.08522	0.68758	0.08670	0.05307	0.00828	0.00470	0.00129	0.00205	0.00730	0.00440	0.00400
12	0.00574	0.00422	0.00552	0.00600	0.00688	0.00400	0.00483	0.00728	0.00948	0.01253	0.22223	0.17297	0.15430	0.01047	0.00515	0.00159	0.00277	0.35657	0.00388	0.00360
13	0.00843	0.00772	0.01239	0.59334	0.16509	0.00894	0.01062	0.06289	0.00896	0.01185	0.00830	0.01117	0.02872	0.00411	0.00398	0.00127	0.00499	0.00366	0.00204	0.04152
14	0.00573	0.00430	0.00645	0.00645	0.00716	0.00501	0.00501	0.00716	0.00645	0.00931	0.01074	0.01576	0.01003	0.03008	0.84316	0.00645	0.01074	0.00430	0.00215	0.00358
15	0.02354	0.07405	0.07250	0.18154	0.08770	0.13916	0.01849	0.29806	0.01255	0.03330	0.00795	0.00923	0.00598	0.00426	0.00392	0.00119	0.01488	0.00329	0.00270	0.00570
16	0.00843	0.00498	0.00646	0.00626	0.02691	0.00463	0.00455	0.05581	0.01041	0.17619	0.28431	0.28946	0.08789	0.00880	0.00466	0.00138	0.00255	0.00774	0.00417	0.00442
17	0.00512	0.00408	0.00458	0.00446	0.00565	0.00355	0.00334	0.00648	0.01003	0.01294	0.35812	0.03513	0.51360	0.00937	0.00474	0.00132	0.00198	0.00798	0.00400	0.00355
18	0.00882	0.00915	0.06693	0.32675	0.33438	0.00906	0.07204	0.04139	0.00919	0.01261	0.05370	0.01175	0.00787	0.00414	0.00410	0.00128	0.00502	0.01432	0.00213	0.00539
19	0.02532	0.26566	0.09370	0.15886	0.11695	0.02074	0.07419	0.04331	0.01743	0.02281	0.02121	0.02100	0.00649	0.00405	0.00401	0.00114	0.04690	0.00327	0.00207	0.05087
20	0.00540	0.00396	0.00549	0.00597	0.00637	0.00417	0.00429	0.00634	0.00714	0.00978	0.01705	0.45311	0.01932	0.08451	0.29307	0.00346	0.02539	0.03880	0.00304	0.00335
21	0.00517	0.00391	0.00475	0.00506	0.00586	0.00354	0.00368	0.00632	0.00908	0.01187	0.22133	0.31149	0.28668	0.03815	0.00543	0.00154	0.00228	0.06658	0.00384	0.00343
22	0.02629	0.14032	0.16873	0.10454	0.07603	0.02268	0.06859	0.04528	0.03005	0.03608	0.02619	0.10158	0.01075	0.00629	0.02297	0.00143	0.00474	0.09989	0.00254	0.00502
23	0.01016	0.20182	0.09659	0.00883	0.03795	0.08194	0.07161	0.08887	0.08788	0.06332	0.01477	0.06804	0.14054	0.00561	0.00388	0.00120	0.00429	0.00460	0.00287	0.00521
24	0.56393	0.06140	0.07092	0.02528	0.05640	0.09352	0.03783	0.02737	0.00796	0.01576	0.00608	0.00723	0.00478	0.00376	0.00293	0.00120	0.00411	0.00250	0.00230	0.00474
25	0.01034	0.34670	0.07268	0.07246	0.23897	0.03139	0.00898	0.03153	0.00911	0.06216	0.03227	0.01081	0.03230	0.00418	0.00348	0.00109	0.00448	0.01933	0.00223	0.00549
26	0.00636	0.00427	0.00540	0.00504	0.00619	0.00385	0.00380	0.00804	0.01088	0.07284	0.61559	0.05379	0.17193	0.00843	0.00469	0.00129	0.00204	0.00735	0.00432	0.00392
27	0.00717	0.02501	0.13654	0.03062	0.02180	0.00586	0.09416	0.00938	0.00970	0.05936	0.27592	0.04294	0.19183	0.02793	0.01848	0.00146	0.00360	0.03049	0.00334	0.00441
28	0.00527	0.00366	0.00483	0.00561	0.00597	0.00342	0.00384	0.00606	0.00788	0.02635	0.03697	0.72091	0.05194	0.04545	0.00570	0.00171	0.00247	0.05493	0.00371	0.00333
29	0.00479	0.00403	0.00415	0.00420	0.00547	0.00339	0.00312	0.00582	0.00913	0.01101	0.07127	0.09261	0.74684	0.01024	0.00476	0.00137	0.00205	0.00861	0.00375	0.00339

[dist]
# distance from previous block
# <min> <max>
0	0

# created by:
# /st0/software/busco_prod/Augustus/scripts/msa2prfl.pl ./align_prep/26272.fa
