[name]
unknown

[dist]
# distance from previous block
# <min> <max>
0	98

[block]
# block no. 0 follows, 69 sequences, length 7
# corresponding to MSA columns:
# 98-104
name=unknown_A
#
# <colnr> <probs for GDERKNQSTAVLIFYWHMCP>
#	G	D	E	R	K	N	Q	S	T	A	V	L	I	F	Y	W	H	M	C	P
0	0.00632	0.00451	0.00632	0.00722	0.00812	0.00451	0.00632	0.00812	0.00902	0.01173	0.02076	0.04422	0.02256	0.01083	0.00541	0.00180	0.00361	0.81138	0.00361	0.00361
1	0.72062	0.00987	0.08683	0.00621	0.00892	0.08952	0.00555	0.01201	0.00725	0.01632	0.00567	0.00662	0.00439	0.00369	0.00266	0.00120	0.00369	0.00224	0.00231	0.00442
2	0.07556	0.00740	0.00886	0.00719	0.00934	0.06731	0.07487	0.06880	0.03199	0.28583	0.07103	0.01673	0.06019	0.17025	0.00701	0.00170	0.00382	0.00453	0.00350	0.02410
3	0.03154	0.18571	0.06760	0.09584	0.06112	0.08611	0.34568	0.03282	0.00901	0.01170	0.00697	0.00899	0.00552	0.00363	0.00412	0.00119	0.03187	0.00352	0.00193	0.00513
4	0.00554	0.00399	0.00487	0.00531	0.00576	0.00385	0.00356	0.05408	0.00794	0.01047	0.02075	0.57383	0.09622	0.17538	0.00779	0.00197	0.00266	0.00938	0.00341	0.00325
5	0.01490	0.01098	0.01177	0.00902	0.01216	0.01216	0.00745	0.82470	0.01843	0.02471	0.00941	0.00941	0.00667	0.00471	0.00392	0.00118	0.00431	0.00353	0.00392	0.00667
6	0.00705	0.00540	0.00713	0.03985	0.00850	0.00548	0.04606	0.16385	0.00978	0.01300	0.01882	0.58193	0.05759	0.00993	0.00472	0.00147	0.00299	0.00892	0.00354	0.00401

[dist]
# distance from previous block
# <min> <max>
5	7

[block]
# block no. 1 follows, 69 sequences, length 11
# corresponding to MSA columns:
# 112-122
name=unknown_B
#
# <colnr> <probs for GDERKNQSTAVLIFYWHMCP>
#	G	D	E	R	K	N	Q	S	T	A	V	L	I	F	Y	W	H	M	C	P
0	0.05839	0.00953	0.00971	0.00814	0.01073	0.04707	0.00649	0.27784	0.42733	0.04981	0.01250	0.01188	0.00923	0.00487	0.00382	0.00123	0.00366	0.00384	0.00377	0.04018
1	0.00508	0.00398	0.00452	0.00439	0.00548	0.00350	0.00325	0.00638	0.00967	0.01259	0.37401	0.03350	0.45343	0.05639	0.00548	0.00142	0.00203	0.00763	0.00386	0.00342
2	0.14892	0.00710	0.00877	0.00684	0.00978	0.00664	0.00565	0.07153	0.01101	0.66219	0.01356	0.01203	0.00868	0.00466	0.00371	0.00121	0.00336	0.00364	0.00442	0.00631
3	0.00495	0.00406	0.00439	0.00443	0.00559	0.00356	0.00327	0.00637	0.03663	0.01144	0.14882	0.13776	0.59539	0.00980	0.00466	0.00134	0.00204	0.00833	0.00375	0.00345
4	0.01237	0.11103	0.06766	0.05296	0.01252	0.01124	0.03832	0.51861	0.01433	0.01910	0.00890	0.01072	0.00703	0.09136	0.00540	0.00142	0.00448	0.00358	0.00316	0.00581
5	0.01594	0.00932	0.01074	0.00823	0.01133	0.00969	0.00680	0.51420	0.01565	0.33913	0.01175	0.01093	0.00784	0.00476	0.00393	0.00119	0.00394	0.00369	0.00428	0.00667
6	0.00560	0.00420	0.00630	0.00630	0.00700	0.00490	0.00490	0.00700	0.00630	0.00910	0.01050	0.01540	0.00980	0.02940	0.84669	0.00630	0.01050	0.00420	0.00210	0.00350
7	0.00516	0.00399	0.00470	0.00452	0.00562	0.00353	0.00339	0.00664	0.01017	0.01352	0.49402	0.03291	0.38004	0.00884	0.00463	0.00127	0.00191	0.00760	0.00403	0.00353
8	0.01152	0.67747	0.06207	0.00699	0.01042	0.01355	0.00696	0.01300	0.00852	0.14744	0.00720	0.00757	0.00580	0.00362	0.00282	0.00092	0.00413	0.00245	0.00220	0.00534
9	0.00768	0.04312	0.16021	0.00628	0.00850	0.00566	0.00590	0.03730	0.00958	0.10560	0.25590	0.02308	0.18987	0.09906	0.02393	0.00162	0.00335	0.00567	0.00337	0.00435
10	0.00533	0.00358	0.00471	0.00544	0.00581	0.00331	0.00367	0.00604	0.00765	0.04431	0.02161	0.77458	0.04904	0.03798	0.00541	0.00164	0.00236	0.01059	0.00365	0.00331

[dist]
# distance from previous block
# <min> <max>
0	2

[block]
# block no. 2 follows, 69 sequences, length 21
# corresponding to MSA columns:
# 125-135,137-146
name=unknown_C
#
# <colnr> <probs for GDERKNQSTAVLIFYWHMCP>
#	G	D	E	R	K	N	Q	S	T	A	V	L	I	F	Y	W	H	M	C	P
0	0.08243	0.28035	0.11511	0.00974	0.10130	0.11786	0.03591	0.03444	0.00874	0.01188	0.00638	0.00758	0.00530	0.00353	0.00325	0.00097	0.01583	0.00259	0.00199	0.15481
1	0.09657	0.26748	0.23049	0.00896	0.01259	0.16318	0.03788	0.09681	0.03023	0.01284	0.00674	0.00764	0.00532	0.00379	0.00326	0.00108	0.00509	0.00268	0.00211	0.00527
2	0.00531	0.00403	0.00493	0.00486	0.00579	0.00382	0.00360	0.00662	0.01836	0.01178	0.29163	0.06231	0.30934	0.07177	0.14050	0.02605	0.00351	0.01892	0.00348	0.00339
3	0.00868	0.00919	0.01711	0.05468	0.08298	0.01005	0.39743	0.01091	0.00803	0.01129	0.00848	0.03671	0.03594	0.00502	0.00724	0.00145	0.28355	0.00442	0.00199	0.00486
4	0.00561	0.00415	0.00602	0.00602	0.00662	0.00475	0.00455	0.00682	0.00622	0.00889	0.01076	0.01682	0.01042	0.14476	0.73218	0.00595	0.00957	0.00441	0.00214	0.00334
5	0.00757	0.10702	0.05484	0.02068	0.00861	0.02982	0.02990	0.11390	0.01009	0.01334	0.20734	0.24941	0.09193	0.03199	0.00473	0.00136	0.00319	0.00673	0.00333	0.00423
6	0.01134	0.13805	0.14444	0.04063	0.22974	0.02098	0.02793	0.25136	0.03806	0.04841	0.00822	0.00920	0.00625	0.00399	0.00369	0.00115	0.00465	0.00327	0.00262	0.00602
7	0.00816	0.00796	0.03092	0.01013	0.03731	0.02820	0.25279	0.01147	0.11330	0.02683	0.13681	0.12836	0.01454	0.00581	0.00458	0.00126	0.03153	0.02705	0.00293	0.12006
8	0.00500	0.00361	0.00451	0.00513	0.00566	0.00332	0.00358	0.00593	0.00811	0.01085	0.08475	0.57996	0.16592	0.01108	0.00480	0.00149	0.00222	0.03852	0.05228	0.00329
9	0.29696	0.01404	0.00928	0.00831	0.01054	0.47845	0.00641	0.05907	0.06077	0.01343	0.00666	0.00744	0.00531	0.00403	0.00323	0.00110	0.00537	0.00257	0.00238	0.00467
10	0.01302	0.11215	0.01195	0.03264	0.01186	0.22335	0.00719	0.31267	0.19253	0.02989	0.00956	0.00969	0.00723	0.00449	0.00367	0.00113	0.00474	0.00331	0.00314	0.00577
11	0.01438	0.01033	0.01101	0.00863	0.01161	0.03590	0.00705	0.59396	0.11903	0.11045	0.01072	0.01039	0.00759	0.00474	0.00390	0.00118	0.00411	0.00363	0.00394	0.02748
12	0.02429	0.00720	0.01175	0.78160	0.04640	0.00887	0.01065	0.04342	0.00828	0.01083	0.00705	0.01031	0.00529	0.00394	0.00389	0.00130	0.00513	0.00346	0.00185	0.00449
13	0.00570	0.00380	0.00428	0.00428	0.00428	0.00380	0.00238	0.00570	0.00570	0.00760	0.01235	0.02566	0.01425	0.86222	0.01995	0.00380	0.00380	0.00570	0.00238	0.00238
14	0.00486	0.00347	0.00465	0.00556	0.00582	0.00326	0.00379	0.00561	0.00759	0.01010	0.02156	0.81466	0.02574	0.01220	0.00503	0.00160	0.00235	0.05531	0.00364	0.00321
15	0.00961	0.00922	0.01574	0.05796	0.80461	0.00929	0.01198	0.01195	0.00888	0.01269	0.00736	0.00973	0.00617	0.00351	0.00388	0.00117	0.00468	0.00349	0.00193	0.00613
16	0.01007	0.00858	0.00904	0.00804	0.01032	0.00990	0.00628	0.07055	0.78045	0.01691	0.01555	0.01430	0.01164	0.00528	0.00398	0.00132	0.00318	0.00438	0.00398	0.00623
17	0.00563	0.00389	0.00420	0.00412	0.00523	0.00351	0.00309	0.00707	0.00927	0.01302	0.23058	0.02900	0.40022	0.00792	0.00409	0.00118	0.00191	0.00666	0.25592	0.00351
18	0.00888	0.00854	0.01484	0.19768	0.55745	0.00885	0.06823	0.01124	0.00863	0.01203	0.00821	0.06249	0.00720	0.00411	0.00401	0.00123	0.00477	0.00404	0.00201	0.00557
19	0.22955	0.00654	0.00768	0.00617	0.00880	0.00625	0.00506	0.01599	0.00984	0.53983	0.04013	0.01228	0.00931	0.00464	0.00349	0.00119	0.00308	0.00358	0.08087	0.00572
20	0.00626	0.00492	0.00609	0.05260	0.00785	0.03445	0.01761	0.03226	0.02675	0.03461	0.09123	0.41699	0.14073	0.01191	0.09489	0.00196	0.00359	0.00821	0.00339	0.00370

[dist]
# distance from previous block
# <min> <max>
0	2

[block]
# block no. 3 follows, 69 sequences, length 15
# corresponding to MSA columns:
# 149,150,152-164
name=unknown_D
#
# <colnr> <probs for GDERKNQSTAVLIFYWHMCP>
#	G	D	E	R	K	N	Q	S	T	A	V	L	I	F	Y	W	H	M	C	P
0	0.01076	0.44940	0.04084	0.07034	0.02449	0.08730	0.00742	0.06580	0.05938	0.04299	0.02628	0.00849	0.00654	0.00408	0.00379	0.00104	0.06430	0.00280	0.00220	0.02176
1	0.01063	0.04920	0.01095	0.04208	0.04076	0.03940	0.04459	0.17150	0.19354	0.04925	0.00970	0.01019	0.00742	0.00411	0.00379	0.00103	0.02437	0.00331	0.00300	0.28119
2	0.29167	0.11522	0.07803	0.00849	0.01119	0.26395	0.05197	0.07206	0.00927	0.01358	0.00618	0.00729	0.00496	0.00395	0.00363	0.00114	0.04782	0.00261	0.00220	0.00479
3	0.58890	0.02481	0.02800	0.00647	0.00886	0.12916	0.01834	0.03551	0.04246	0.01578	0.00658	0.00763	0.00521	0.00498	0.04102	0.00141	0.00411	0.00251	0.02381	0.00446
4	0.00863	0.01026	0.22741	0.00901	0.03386	0.02344	0.07095	0.12886	0.00954	0.05475	0.01214	0.24271	0.01186	0.02944	0.04427	0.04169	0.00453	0.00558	0.00279	0.02828
5	0.00511	0.00395	0.00466	0.00457	0.00561	0.00350	0.00339	0.00651	0.00993	0.01315	0.44178	0.09272	0.37275	0.00913	0.00466	0.00130	0.00194	0.00788	0.00398	0.00350
6	0.00525	0.00408	0.00479	0.00466	0.00574	0.00368	0.00347	0.00694	0.03201	0.01336	0.44802	0.07865	0.35722	0.00895	0.00463	0.00129	0.00196	0.00772	0.00400	0.00358
7	0.00516	0.00412	0.00464	0.00449	0.00567	0.00366	0.00337	0.00681	0.03412	0.01289	0.36907	0.03354	0.48043	0.00900	0.00461	0.00129	0.00196	0.00767	0.00393	0.00356
8	0.00970	0.00931	0.01591	0.02406	0.83777	0.00931	0.01203	0.01203	0.00893	0.01281	0.00737	0.00970	0.00621	0.00349	0.00388	0.00116	0.00466	0.00349	0.00194	0.00621
9	0.00521	0.00386	0.00487	0.00497	0.00578	0.00352	0.00364	0.00661	0.00972	0.01322	0.46006	0.24620	0.17456	0.00954	0.00475	0.00136	0.00204	0.03261	0.00400	0.00349
10	0.00529	0.00366	0.00437	0.00472	0.00487	0.00354	0.00290	0.00560	0.00655	0.00868	0.01720	0.35164	0.05604	0.49195	0.01343	0.00283	0.00312	0.00794	0.00293	0.00273
11	0.00481	0.00393	0.00425	0.00427	0.00543	0.00337	0.00316	0.00593	0.00920	0.01145	0.17955	0.10693	0.62452	0.00979	0.00466	0.00133	0.00199	0.00831	0.00376	0.00337
12	0.00959	0.00920	0.01570	0.06554	0.79719	0.00928	0.01197	0.01193	0.00887	0.01267	0.00735	0.00974	0.00616	0.00351	0.00388	0.00117	0.00469	0.00349	0.00193	0.00612
13	0.00852	0.00731	0.00879	0.00637	0.00980	0.00585	0.03083	0.04513	0.04130	0.01342	0.00746	0.00852	0.00609	0.00309	0.00304	0.00066	0.00309	0.00253	0.00245	0.78574
14	0.01241	0.07660	0.01161	0.02048	0.03041	0.17801	0.03950	0.22809	0.14890	0.08217	0.01043	0.01110	0.02366	0.00460	0.00388	0.00113	0.01779	0.01987	0.00313	0.07624

[dist]
# distance from previous block
# <min> <max>
6	72

[block]
# block no. 4 follows, 69 sequences, length 68
# corresponding to MSA columns:
# 237-281,286-308
name=unknown_E
#
# <colnr> <probs for GDERKNQSTAVLIFYWHMCP>
#	G	D	E	R	K	N	Q	S	T	A	V	L	I	F	Y	W	H	M	C	P
0	0.02849	0.04351	0.22226	0.06969	0.04646	0.07947	0.04724	0.02689	0.11269	0.11187	0.10831	0.05666	0.01938	0.00508	0.00394	0.00124	0.00439	0.00427	0.00289	0.00528
1	0.03644	0.04005	0.05496	0.09682	0.32747	0.06685	0.03764	0.07589	0.03154	0.08288	0.01007	0.03189	0.04158	0.02609	0.02192	0.00137	0.00469	0.00386	0.00250	0.00549
2	0.00778	0.03973	0.38481	0.01106	0.01500	0.00824	0.23199	0.02453	0.00866	0.01223	0.03508	0.14105	0.03120	0.00551	0.01350	0.00136	0.00519	0.00491	0.01311	0.00507
3	0.01353	0.00876	0.01155	0.13524	0.11681	0.00922	0.02504	0.32942	0.02525	0.24929	0.01064	0.01092	0.00739	0.00446	0.00391	0.00120	0.00419	0.00367	0.02333	0.00617
4	0.01002	0.01781	0.02969	0.04479	0.06611	0.05322	0.10848	0.24273	0.04046	0.04296	0.06933	0.18654	0.02447	0.02330	0.00460	0.00135	0.00412	0.02169	0.00324	0.00509
5	0.00797	0.05509	0.01543	0.04117	0.14607	0.02157	0.02917	0.05196	0.02006	0.06772	0.06651	0.28578	0.08960	0.00796	0.00443	0.00137	0.00338	0.07708	0.00322	0.00447
6	0.00479	0.00344	0.00456	0.00541	0.00568	0.00320	0.00363	0.00552	0.00764	0.01018	0.04456	0.81861	0.04402	0.01211	0.00499	0.00158	0.00226	0.01097	0.00366	0.00320
7	0.02969	0.02420	0.00985	0.03207	0.03040	0.03540	0.05554	0.14799	0.03772	0.30406	0.03194	0.10770	0.03115	0.02502	0.05188	0.00160	0.01912	0.00481	0.01442	0.00546
8	0.05114	0.22593	0.03392	0.01865	0.03008	0.08856	0.19125	0.03115	0.04805	0.04704	0.00750	0.00866	0.00596	0.00353	0.00340	0.00099	0.00465	0.00304	0.00225	0.19425
9	0.00534	0.00390	0.00491	0.00516	0.00576	0.00374	0.00365	0.00630	0.00819	0.02063	0.18004	0.35095	0.16611	0.11913	0.06026	0.00206	0.02106	0.02605	0.00349	0.00330
10	0.02166	0.00803	0.00898	0.00741	0.05611	0.05892	0.00552	0.05553	0.00900	0.04827	0.00807	0.00908	0.02418	0.00347	0.00341	0.00076	0.02760	0.00270	0.00249	0.63881
11	0.01403	0.01645	0.01095	0.00971	0.01174	0.64970	0.00742	0.12203	0.02485	0.01186	0.00684	0.00784	0.00555	0.00432	0.00406	0.00107	0.05148	0.00277	0.03252	0.00481
12	0.00841	0.00502	0.00630	0.00562	0.00715	0.00474	0.00434	0.01104	0.09761	0.18838	0.45630	0.04162	0.11591	0.00778	0.02083	0.00136	0.00249	0.00630	0.00426	0.00453
13	0.00574	0.00436	0.00543	0.00581	0.00645	0.02232	0.02132	0.03079	0.02547	0.02567	0.04029	0.65460	0.10265	0.02296	0.00506	0.00155	0.00255	0.00987	0.00360	0.00350
14	0.03083	0.01147	0.00935	0.00770	0.01034	0.31766	0.00599	0.04966	0.04009	0.02654	0.02381	0.00866	0.00652	0.00381	0.00357	0.00088	0.03086	0.00271	0.02176	0.38779
15	0.00596	0.00407	0.00584	0.00582	0.00634	0.00456	0.00431	0.00680	0.02211	0.00875	0.01015	0.01585	0.00977	0.11877	0.55875	0.17595	0.00805	0.00421	0.02088	0.00308
16	0.02506	0.02564	0.06217	0.02621	0.02571	0.06745	0.03352	0.35440	0.04412	0.07025	0.01034	0.02909	0.04552	0.00530	0.00551	0.00129	0.15585	0.00384	0.00310	0.00563
17	0.00943	0.00888	0.01398	0.11168	0.53402	0.03595	0.03575	0.01230	0.07306	0.03097	0.00897	0.06307	0.00778	0.00438	0.00427	0.00124	0.03229	0.00405	0.00225	0.00568
18	0.00485	0.00387	0.00429	0.00439	0.00541	0.00337	0.00318	0.00589	0.00891	0.01121	0.16581	0.17601	0.53366	0.04478	0.00532	0.00146	0.00209	0.00846	0.00370	0.00331
19	0.00496	0.00400	0.00435	0.00436	0.00546	0.00351	0.00319	0.00620	0.02311	0.01143	0.18305	0.10567	0.56356	0.05297	0.00543	0.00146	0.00210	0.00811	0.00371	0.00337
20	0.00830	0.20263	0.62088	0.00994	0.01493	0.01024	0.01228	0.01196	0.00814	0.01157	0.00712	0.02745	0.00560	0.00457	0.02744	0.00131	0.00550	0.00295	0.00172	0.00550
21	0.01169	0.00938	0.00996	0.00837	0.01093	0.01066	0.00667	0.32310	0.52526	0.01952	0.01350	0.01267	0.00997	0.00509	0.00396	0.00127	0.00356	0.00409	0.00396	0.00638
22	0.01048	0.44526	0.17331	0.00825	0.01175	0.12865	0.02300	0.05806	0.02554	0.01135	0.04668	0.00835	0.00684	0.00385	0.00314	0.00099	0.00478	0.00273	0.00204	0.02494
23	0.00786	0.00720	0.01175	0.76777	0.04690	0.00883	0.01060	0.05756	0.00848	0.01095	0.00737	0.02458	0.00568	0.00409	0.00394	0.00130	0.00511	0.00362	0.00191	0.00452
24	0.01714	0.00654	0.00886	0.00683	0.00977	0.00567	0.00563	0.01867	0.01109	0.80423	0.01535	0.01340	0.00972	0.00484	0.00389	0.00120	0.00327	0.00393	0.04345	0.00654
25	0.70853	0.00729	0.00612	0.00539	0.00777	0.00822	0.00441	0.01252	0.04624	0.09688	0.02037	0.00818	0.00593	0.00395	0.00270	0.00120	0.00299	0.00256	0.04421	0.00454
26	0.00560	0.00420	0.00630	0.00630	0.00700	0.00490	0.00490	0.00700	0.00630	0.00910	0.01050	0.01540	0.00980	0.02940	0.84669	0.00630	0.01050	0.00420	0.00210	0.00350
27	0.00493	0.00353	0.00469	0.00553	0.00584	0.00331	0.00381	0.00571	0.00768	0.01021	0.03783	0.74685	0.03918	0.03114	0.00536	0.00165	0.00240	0.07351	0.00362	0.00321
28	0.00487	0.00396	0.00431	0.00427	0.00545	0.00340	0.00318	0.00606	0.00941	0.01184	0.23632	0.06979	0.60436	0.00955	0.00465	0.00131	0.00196	0.00810	0.00381	0.00340
29	0.00740	0.00697	0.01176	0.85280	0.02700	0.00871	0.01089	0.01002	0.00784	0.01002	0.00697	0.01045	0.00523	0.00392	0.00392	0.00131	0.00523	0.00348	0.00174	0.00436
30	0.00891	0.00994	0.04030	0.01389	0.01774	0.00878	0.61217	0.01187	0.00896	0.01257	0.00787	0.02062	0.00614	0.00334	0.00423	0.00116	0.00572	0.00416	0.00207	0.19958
31	0.00685	0.00576	0.00757	0.00720	0.00759	0.02178	0.00562	0.01766	0.00694	0.00975	0.02893	0.09954	0.01301	0.18438	0.17635	0.00300	0.26543	0.11576	0.01331	0.00356
32	0.03101	0.00438	0.00586	0.00577	0.00679	0.00409	0.04369	0.00734	0.00879	0.04661	0.17327	0.29524	0.18711	0.04403	0.00532	0.00153	0.00262	0.09954	0.02341	0.00361
33	0.04916	0.00907	0.01429	0.20074	0.47167	0.04547	0.05856	0.02546	0.00868	0.01224	0.00720	0.00975	0.00590	0.00443	0.02617	0.00136	0.03896	0.00347	0.00195	0.00545
34	0.01017	0.01982	0.00921	0.08284	0.01122	0.05460	0.00642	0.20645	0.30923	0.02434	0.01306	0.01461	0.04013	0.06610	0.08036	0.00188	0.00446	0.01636	0.02340	0.00534
35	0.01407	0.04464	0.01122	0.00964	0.01181	0.67255	0.00736	0.10015	0.05154	0.01152	0.00763	0.00835	0.02423	0.00428	0.00359	0.00104	0.00638	0.00284	0.00234	0.00484
36	0.00549	0.00365	0.00478	0.00543	0.00590	0.00335	0.00371	0.00628	0.00792	0.05561	0.04813	0.73314	0.07871	0.01159	0.00491	0.00154	0.00230	0.01043	0.00373	0.00340
37	0.00570	0.00433	0.00643	0.00637	0.00703	0.00510	0.00495	0.00704	0.00627	0.00907	0.01038	0.01548	0.00978	0.05340	0.79494	0.00608	0.03784	0.00422	0.00210	0.00349
38	0.01024	0.71992	0.13552	0.00744	0.01109	0.04033	0.00783	0.01196	0.00811	0.00968	0.00569	0.00659	0.00502	0.00343	0.00272	0.00090	0.00451	0.00222	0.00168	0.00512
39	0.00745	0.00699	0.01157	0.78622	0.04489	0.00861	0.01057	0.01027	0.03233	0.01029	0.00810	0.01127	0.02710	0.00411	0.00394	0.00130	0.00507	0.00364	0.00186	0.00443
40	0.00478	0.00362	0.00441	0.00497	0.00558	0.00325	0.00344	0.00563	0.00817	0.01054	0.07679	0.55413	0.27795	0.01129	0.00487	0.00149	0.00216	0.01001	0.00368	0.00325
41	0.01442	0.01059	0.01133	0.00873	0.01176	0.01168	0.00720	0.77974	0.01789	0.02406	0.01025	0.01025	0.02674	0.00483	0.00390	0.00117	0.00418	0.00365	0.03115	0.00649
42	0.00818	0.00646	0.00707	0.00647	0.00813	0.00681	0.00496	0.18499	0.21320	0.01503	0.04081	0.20702	0.23537	0.00847	0.01791	0.00144	0.00298	0.01619	0.00378	0.00473
43	0.00749	0.00714	0.01231	0.81217	0.02668	0.00877	0.05037	0.01014	0.00791	0.01014	0.00701	0.01046	0.00526	0.00389	0.00395	0.00131	0.00529	0.00354	0.00175	0.00440
44	0.00813	0.00697	0.00813	0.00581	0.00929	0.00523	0.00465	0.00987	0.00813	0.01277	0.00697	0.00813	0.00581	0.00290	0.00290	0.00058	0.00290	0.00232	0.00232	0.88619
45	0.00595	0.00415	0.00504	0.00494	0.00517	0.00440	0.00316	0.02520	0.00613	0.00836	0.01174	0.02271	0.01293	0.64450	0.19897	0.00424	0.02202	0.00528	0.00234	0.00276
46	0.00488	0.00345	0.00452	0.00533	0.00553	0.00325	0.00350	0.00549	0.00731	0.00975	0.02060	0.76870	0.02466	0.10499	0.00663	0.00183	0.00244	0.01055	0.00350	0.00310
47	0.00924	0.04575	0.51289	0.01172	0.04153	0.02248	0.13496	0.04573	0.04954	0.05747	0.00806	0.00922	0.00583	0.00390	0.00407	0.00124	0.02520	0.00331	0.00210	0.00575
48	0.04651	0.11164	0.08509	0.00907	0.08930	0.08259	0.02885	0.06223	0.06162	0.01306	0.00845	0.05004	0.01463	0.00401	0.00336	0.00095	0.00402	0.00322	0.00240	0.31896
49	0.00500	0.00416	0.00434	0.00426	0.00556	0.00361	0.00320	0.01881	0.02407	0.01154	0.13702	0.04560	0.70009	0.00956	0.00461	0.00131	0.00203	0.00802	0.00373	0.00346
50	0.00786	0.02028	0.84191	0.01117	0.01697	0.00910	0.01448	0.01242	0.00828	0.01242	0.00704	0.00828	0.00497	0.00372	0.00372	0.00124	0.00579	0.00290	0.00166	0.00579
51	0.00831	0.00746	0.01223	0.03266	0.51949	0.00745	0.02206	0.01829	0.02492	0.02122	0.01203	0.25271	0.01236	0.00624	0.00425	0.00131	0.00395	0.02527	0.00255	0.00525
52	0.00896	0.00815	0.01283	0.07404	0.53232	0.02446	0.00977	0.02886	0.02864	0.03129	0.01093	0.15252	0.03124	0.00534	0.00428	0.00126	0.02231	0.00491	0.00241	0.00545
53	0.00619	0.00363	0.00464	0.00464	0.00464	0.00363	0.00283	0.00544	0.00544	0.00725	0.00991	0.01961	0.01098	0.48863	0.01791	0.39216	0.00363	0.00469	0.00208	0.00208
54	0.00486	0.00394	0.00435	0.00458	0.00567	0.00343	0.00345	0.00592	0.00880	0.01082	0.06732	0.17240	0.58931	0.01033	0.00477	0.00141	0.00219	0.08946	0.00366	0.00334
55	0.01059	0.00592	0.00720	0.00618	0.00817	0.00575	0.00487	0.01435	0.19928	0.29789	0.24706	0.02099	0.11498	0.00643	0.00419	0.00125	0.00266	0.00543	0.03157	0.00525
56	0.00569	0.00386	0.00455	0.00455	0.00465	0.00395	0.00272	0.00588	0.00578	0.00781	0.01210	0.02426	0.01365	0.74862	0.13272	0.00414	0.00471	0.00550	0.00234	0.00253
57	0.00925	0.01058	0.02313	0.01652	0.02049	0.00991	0.82353	0.01256	0.00925	0.01256	0.00793	0.01058	0.00595	0.00330	0.00463	0.00132	0.00661	0.00463	0.00198	0.00529
58	0.00504	0.00370	0.00475	0.00550	0.00594	0.00349	0.00385	0.00608	0.02651	0.01032	0.02301	0.66060	0.10720	0.03215	0.00534	0.00163	0.00243	0.08556	0.00361	0.00329
59	0.00477	0.00344	0.00452	0.00539	0.00567	0.00319	0.00361	0.00547	0.00758	0.01004	0.02249	0.81973	0.06529	0.01217	0.00499	0.00158	0.00226	0.01101	0.00364	0.00319
60	0.01000	0.01004	0.01389	0.15714	0.20036	0.12018	0.15333	0.08949	0.07552	0.01320	0.04936	0.01158	0.02778	0.00441	0.00448	0.00124	0.04638	0.00393	0.00242	0.00527
61	0.06288	0.00612	0.00726	0.00616	0.00831	0.00590	0.00489	0.04152	0.13085	0.33947	0.13340	0.04729	0.16265	0.00644	0.00409	0.00126	0.00281	0.00534	0.01809	0.00528
62	0.00499	0.00365	0.00471	0.00523	0.00576	0.00336	0.00367	0.00602	0.00856	0.01149	0.21851	0.54890	0.11404	0.01097	0.00489	0.00148	0.00218	0.03445	0.00380	0.00333
63	0.01147	0.14425	0.07859	0.03912	0.11930	0.14118	0.05501	0.20644	0.01128	0.03985	0.01856	0.01085	0.00720	0.00500	0.02286	0.00127	0.02543	0.04248	0.01442	0.00544
64	0.00988	0.29367	0.16973	0.02661	0.14141	0.09630	0.06932	0.01203	0.00865	0.04170	0.00812	0.08030	0.00728	0.00464	0.01342	0.00117	0.00493	0.00358	0.00206	0.00520
65	0.00556	0.00380	0.00432	0.00461	0.00547	0.00350	0.00341	0.00678	0.00846	0.01177	0.07143	0.23790	0.29403	0.02676	0.00464	0.00138	0.00219	0.07863	0.22196	0.00339
66	0.00858	0.00858	0.01201	0.01029	0.01029	0.01201	0.00858	0.00943	0.00600	0.00943	0.00515	0.00858	0.00515	0.00686	0.01287	0.00172	0.85505	0.00343	0.00172	0.00429
67	0.02913	0.12820	0.18380	0.01840	0.02363	0.06431	0.04191	0.25475	0.06911	0.07575	0.00968	0.03769	0.00768	0.00469	0.00376	0.00119	0.00462	0.03305	0.00292	0.00574

[dist]
# distance from previous block
# <min> <max>
0	1

[block]
# block no. 5 follows, 69 sequences, length 28
# corresponding to MSA columns:
# 310-337
name=unknown_F
#
# <colnr> <probs for GDERKNQSTAVLIFYWHMCP>
#	G	D	E	R	K	N	Q	S	T	A	V	L	I	F	Y	W	H	M	C	P
0	0.00693	0.00636	0.00881	0.20691	0.11831	0.06413	0.02841	0.00842	0.00811	0.01054	0.03852	0.40910	0.01615	0.00869	0.02934	0.00155	0.01574	0.00717	0.00277	0.00404
1	0.37897	0.15296	0.02193	0.00747	0.00978	0.24630	0.00622	0.03610	0.00844	0.01333	0.00573	0.00687	0.00477	0.00403	0.00378	0.00114	0.08306	0.00240	0.00215	0.00456
2	0.00574	0.00448	0.00552	0.00509	0.00639	0.00407	0.03368	0.02418	0.02544	0.02651	0.31630	0.06348	0.41190	0.00902	0.01857	0.00137	0.00235	0.00741	0.02480	0.00371
3	0.00764	0.00616	0.00741	0.03050	0.00828	0.01735	0.01698	0.01148	0.21764	0.01295	0.10264	0.03711	0.06066	0.05740	0.07009	0.00182	0.14436	0.00479	0.18038	0.00435
4	0.00858	0.00858	0.01201	0.01029	0.01029	0.01201	0.00858	0.00943	0.00600	0.00943	0.00515	0.00858	0.00515	0.00686	0.01287	0.00172	0.85505	0.00343	0.00172	0.00429
5	0.86326	0.00761	0.00586	0.00524	0.00766	0.00882	0.00431	0.01181	0.03163	0.01755	0.00578	0.00662	0.00448	0.00369	0.00247	0.00122	0.00303	0.00219	0.00247	0.00431
6	0.01048	0.86458	0.02054	0.00671	0.01006	0.01551	0.00671	0.01174	0.00797	0.00922	0.00545	0.00629	0.00503	0.00335	0.00252	0.00084	0.00419	0.00210	0.00168	0.00503
7	0.00470	0.00373	0.00423	0.00462	0.00547	0.00325	0.00327	0.00555	0.00831	0.01033	0.03176	0.39869	0.48035	0.01096	0.00480	0.00144	0.00211	0.00953	0.00364	0.00325
8	0.00953	0.00913	0.01559	0.08791	0.77530	0.00927	0.01194	0.01188	0.00884	0.01259	0.00734	0.00976	0.00613	0.00353	0.00388	0.00118	0.00470	0.00349	0.00193	0.00607
9	0.00910	0.00729	0.00802	0.00736	0.00911	0.00809	0.00561	0.16348	0.41817	0.01588	0.01656	0.28407	0.01546	0.00743	0.00430	0.00139	0.00306	0.00641	0.00386	0.00532
10	0.00786	0.02028	0.84191	0.01117	0.01697	0.00910	0.01448	0.01242	0.00828	0.01242	0.00704	0.00828	0.00497	0.00372	0.00372	0.00124	0.00579	0.00290	0.00166	0.00579
11	0.01464	0.01868	0.01111	0.01010	0.01212	0.84648	0.00757	0.01565	0.01111	0.00959	0.00606	0.00707	0.00505	0.00404	0.00353	0.00101	0.00707	0.00252	0.00202	0.00454
12	0.00512	0.00393	0.00445	0.00453	0.00544	0.00354	0.00323	0.00633	0.02259	0.01145	0.19914	0.18246	0.39768	0.10093	0.00628	0.00161	0.00222	0.00808	0.02766	0.00333
13	0.00506	0.00363	0.00486	0.00570	0.00609	0.00343	0.00408	0.00599	0.00794	0.01055	0.05642	0.66996	0.04361	0.01181	0.00505	0.00161	0.00247	0.14479	0.00366	0.00328
14	0.00541	0.00403	0.00508	0.00507	0.00596	0.00371	0.00372	0.00707	0.02775	0.01356	0.48525	0.23123	0.13298	0.00917	0.00468	0.00133	0.00206	0.02393	0.00400	0.02400
15	0.01051	0.00941	0.00921	0.00819	0.01042	0.08136	0.00637	0.09208	0.66767	0.01641	0.01466	0.03416	0.01124	0.00532	0.00397	0.00130	0.00353	0.00435	0.00381	0.00603
16	0.01455	0.01064	0.01144	0.00887	0.01193	0.01177	0.00730	0.73308	0.08685	0.04799	0.01014	0.00997	0.00720	0.00476	0.00393	0.00119	0.00418	0.00362	0.00395	0.00663
17	0.02888	0.00436	0.00587	0.00553	0.00600	0.00450	0.00389	0.08925	0.00670	0.02492	0.00738	0.01166	0.00690	0.01236	0.02561	0.72697	0.00356	0.00341	0.01982	0.00243
18	0.06556	0.10103	0.01189	0.00983	0.03823	0.62735	0.00741	0.06164	0.02293	0.01110	0.00635	0.00728	0.00523	0.00399	0.00341	0.00102	0.00625	0.00258	0.00215	0.00478
19	0.00675	0.00347	0.00519	0.00522	0.00528	0.00349	0.00356	0.00528	0.00529	0.00706	0.00744	0.01322	0.00749	0.01403	0.04175	0.82505	0.00364	0.03316	0.00179	0.00183
20	0.00592	0.00396	0.00481	0.00490	0.00581	0.00362	0.00356	0.00731	0.02049	0.05315	0.25610	0.29962	0.20778	0.00929	0.00452	0.00134	0.00211	0.00813	0.09396	0.00362
21	0.00651	0.00464	0.00605	0.00592	0.00692	0.00450	0.02933	0.03726	0.04952	0.05375	0.15465	0.30325	0.13083	0.08203	0.04421	0.00186	0.00307	0.06833	0.00361	0.00378
22	0.00483	0.00354	0.00455	0.00523	0.00566	0.00325	0.00357	0.00566	0.00802	0.01063	0.10181	0.68099	0.12468	0.01159	0.00492	0.00153	0.00220	0.01041	0.00370	0.00325
23	0.01156	0.00867	0.00937	0.00798	0.01043	0.00972	0.00633	0.20059	0.54460	0.09548	0.01434	0.01334	0.01050	0.00511	0.00393	0.00127	0.00335	0.00416	0.03300	0.00627
24	0.01048	0.86458	0.02054	0.00671	0.01006	0.01551	0.00671	0.01174	0.00797	0.00922	0.00545	0.00629	0.00503	0.00335	0.00252	0.00084	0.00419	0.00210	0.00168	0.00503
25	0.00564	0.00382	0.00430	0.00428	0.00440	0.00377	0.00246	0.00576	0.00610	0.00809	0.04656	0.02648	0.06139	0.78038	0.01848	0.00356	0.00362	0.00590	0.00252	0.00248
26	0.03482	0.00818	0.00987	0.00761	0.01062	0.00810	0.00628	0.30071	0.02751	0.50974	0.01310	0.01186	0.00857	0.00478	0.00388	0.00120	0.00364	0.00376	0.01921	0.00656
27	0.08703	0.01004	0.06902	0.00845	0.03073	0.07767	0.04425	0.26011	0.02845	0.08388	0.02617	0.05547	0.02087	0.01785	0.00393	0.00114	0.00409	0.00375	0.00309	0.16402

[dist]
# distance from previous block
# <min> <max>
0	1

[block]
# block no. 6 follows, 69 sequences, length 20
# corresponding to MSA columns:
# 339-358
name=unknown_G
#
# <colnr> <probs for GDERKNQSTAVLIFYWHMCP>
#	G	D	E	R	K	N	Q	S	T	A	V	L	I	F	Y	W	H	M	C	P
0	0.00589	0.00444	0.00493	0.00489	0.00563	0.00439	0.00332	0.01912	0.09595	0.01024	0.04698	0.10644	0.24798	0.37752	0.02435	0.00250	0.00312	0.02591	0.00313	0.00328
1	0.00970	0.00931	0.01591	0.02406	0.83777	0.00931	0.01203	0.01203	0.00893	0.01281	0.00737	0.00970	0.00621	0.00349	0.00388	0.00116	0.00466	0.00349	0.00194	0.00621
2	0.00813	0.00697	0.00813	0.00581	0.00929	0.00523	0.00465	0.00987	0.00813	0.01277	0.00697	0.00813	0.00581	0.00290	0.00290	0.00058	0.00290	0.00232	0.00232	0.88619
3	0.00799	0.00570	0.00689	0.00659	0.03839	0.00575	0.00483	0.01228	0.23840	0.09897	0.40052	0.02386	0.11986	0.00700	0.00435	0.00127	0.00247	0.00604	0.00411	0.00474
4	0.00601	0.00448	0.00624	0.00610	0.00677	0.00510	0.00461	0.03745	0.00680	0.00961	0.02530	0.03241	0.02503	0.15875	0.61995	0.00534	0.02967	0.00464	0.00229	0.00345
5	0.00482	0.00355	0.00453	0.00525	0.00569	0.00325	0.00360	0.00563	0.00791	0.01038	0.05983	0.68284	0.14776	0.01171	0.00494	0.00154	0.00224	0.02762	0.00367	0.00323
6	0.00802	0.00693	0.00842	0.00610	0.00947	0.00528	0.02847	0.00977	0.00814	0.01265	0.00760	0.04356	0.00665	0.00330	0.00304	0.00064	0.00299	0.00276	0.00237	0.82384
7	0.05780	0.19951	0.53787	0.00956	0.01428	0.01032	0.01148	0.04258	0.00858	0.02609	0.00743	0.00944	0.00585	0.00401	0.00348	0.00118	0.00511	0.03800	0.00193	0.00550
8	0.01067	0.71158	0.03457	0.00741	0.01062	0.09874	0.03123	0.01203	0.00828	0.00942	0.00577	0.00681	0.00521	0.00423	0.02864	0.00105	0.00478	0.00229	0.00173	0.00496
9	0.01396	0.15814	0.01266	0.00954	0.01178	0.70949	0.00743	0.01501	0.01059	0.00953	0.00596	0.00694	0.00505	0.00393	0.00337	0.00098	0.00660	0.00245	0.00196	0.00463
10	0.00820	0.00719	0.00904	0.00646	0.00997	0.00551	0.05421	0.01003	0.00820	0.01276	0.00703	0.00828	0.00582	0.00293	0.00301	0.00063	0.00313	0.00246	0.00230	0.83287
11	0.32077	0.01088	0.00924	0.00768	0.01032	0.17516	0.00618	0.29156	0.03236	0.08915	0.00805	0.00835	0.00589	0.00423	0.00333	0.00116	0.00430	0.00290	0.00311	0.00539
12	0.00892	0.13132	0.33985	0.01198	0.01629	0.01008	0.30398	0.05249	0.00898	0.01240	0.00783	0.03109	0.00629	0.03596	0.00453	0.00132	0.00563	0.00376	0.00197	0.00536
13	0.00568	0.00390	0.00479	0.00479	0.00497	0.00408	0.00302	0.00603	0.00585	0.00798	0.01188	0.02304	0.01312	0.64949	0.23113	0.00444	0.00551	0.00532	0.00231	0.00266
14	0.01320	0.00912	0.01011	0.00807	0.01068	0.00984	0.00653	0.55719	0.05618	0.10613	0.06901	0.08974	0.01124	0.01893	0.00432	0.00127	0.00379	0.00460	0.00400	0.00605
15	0.00570	0.00380	0.00428	0.00428	0.00428	0.00380	0.00238	0.00570	0.00570	0.00760	0.01235	0.02566	0.01425	0.86222	0.01995	0.00380	0.00380	0.00570	0.00238	0.00238
16	0.00562	0.00412	0.00587	0.00587	0.00643	0.00467	0.00437	0.00673	0.00617	0.00879	0.01089	0.01756	0.01074	0.20454	0.67283	0.00577	0.00909	0.00452	0.00216	0.00326
17	0.00569	0.00383	0.00441	0.00441	0.00445	0.00387	0.00254	0.00579	0.00574	0.00770	0.01223	0.02499	0.01396	0.80824	0.07354	0.00396	0.00424	0.00560	0.00236	0.00245
18	0.01063	0.83505	0.02021	0.00683	0.01013	0.04452	0.00674	0.01188	0.00808	0.00924	0.00547	0.00632	0.00503	0.00338	0.00255	0.00084	0.00429	0.00211	0.00169	0.00501
19	0.04872	0.00851	0.00896	0.00783	0.01011	0.00970	0.00616	0.14885	0.61095	0.01774	0.06758	0.01438	0.01240	0.00532	0.00395	0.00129	0.00321	0.00436	0.00393	0.00603

[dist]
# distance from previous block
# <min> <max>
0	1

[block]
# block no. 7 follows, 69 sequences, length 19
# corresponding to MSA columns:
# 409-427
name=unknown_H
#
# <colnr> <probs for GDERKNQSTAVLIFYWHMCP>
#	G	D	E	R	K	N	Q	S	T	A	V	L	I	F	Y	W	H	M	C	P
0	0.01444	0.01102	0.01164	0.00937	0.03682	0.04382	0.00747	0.74555	0.01759	0.02336	0.01010	0.01015	0.03052	0.00479	0.00393	0.00117	0.00436	0.00363	0.00378	0.00648
1	0.11585	0.11565	0.01658	0.06402	0.21684	0.05091	0.28229	0.01180	0.00857	0.01234	0.00767	0.05129	0.00659	0.00398	0.00398	0.00121	0.01939	0.00387	0.00205	0.00514
2	0.00740	0.00697	0.01176	0.85280	0.02700	0.00871	0.01089	0.01002	0.00784	0.01002	0.00697	0.01045	0.00523	0.00392	0.00392	0.00131	0.00523	0.00348	0.00174	0.00436
3	0.00787	0.00769	0.01151	0.65240	0.02298	0.05413	0.01011	0.01010	0.00769	0.00987	0.00683	0.01024	0.00542	0.00551	0.04400	0.00158	0.12253	0.00346	0.00177	0.00432
4	0.01035	0.00768	0.00829	0.00713	0.00921	0.03082	0.00561	0.20535	0.27854	0.08973	0.15859	0.06218	0.07970	0.00628	0.00415	0.00126	0.00314	0.00523	0.02133	0.00544
5	0.00731	0.00365	0.00365	0.00365	0.00457	0.00365	0.00274	0.00913	0.00822	0.01462	0.01279	0.01462	0.01005	0.00457	0.00274	0.00091	0.00183	0.00365	0.88399	0.00365
6	0.00592	0.00472	0.00647	0.00644	0.00718	0.03502	0.00500	0.00731	0.00647	0.00912	0.01034	0.01510	0.00963	0.02849	0.81651	0.00611	0.01038	0.00414	0.00210	0.00354
7	0.00500	0.00372	0.00465	0.00499	0.00566	0.00338	0.00352	0.00612	0.00896	0.01197	0.28807	0.42413	0.19462	0.01043	0.00481	0.00142	0.00208	0.00925	0.00386	0.00338
8	0.01759	0.00667	0.00910	0.00698	0.01001	0.00576	0.00576	0.01911	0.01122	0.84048	0.01547	0.01334	0.00970	0.00485	0.00394	0.00121	0.00334	0.00394	0.00485	0.00667
9	0.00819	0.00702	0.00816	0.00588	0.00932	0.00539	0.00470	0.01026	0.03762	0.01290	0.00729	0.00836	0.00603	0.00299	0.00294	0.00061	0.00291	0.00240	0.00238	0.85464
10	0.00786	0.02028	0.84191	0.01117	0.01697	0.00910	0.01448	0.01242	0.00828	0.01242	0.00704	0.00828	0.00497	0.00372	0.00372	0.00124	0.00579	0.00290	0.00166	0.00579
11	0.00749	0.00705	0.01191	0.82214	0.05700	0.00873	0.01093	0.01009	0.00788	0.01012	0.00698	0.01042	0.00526	0.00390	0.00392	0.00130	0.00520	0.00348	0.00175	0.00442
12	0.00570	0.00380	0.00428	0.00428	0.00428	0.00380	0.00238	0.00570	0.00570	0.00760	0.01235	0.02566	0.01425	0.86222	0.01995	0.00380	0.00380	0.00570	0.00238	0.00238
13	0.00901	0.19841	0.01081	0.00798	0.05754	0.13156	0.00602	0.06342	0.00867	0.03007	0.01087	0.15003	0.02275	0.02870	0.24399	0.00266	0.00607	0.00462	0.00245	0.00436
14	0.05913	0.03142	0.01074	0.00901	0.03829	0.19675	0.00696	0.31164	0.13533	0.08052	0.00974	0.02258	0.00738	0.00460	0.00384	0.00115	0.01781	0.00342	0.00327	0.04642
15	0.02894	0.03166	0.08465	0.01270	0.19493	0.03081	0.10443	0.21438	0.03787	0.10688	0.03743	0.02683	0.00805	0.00436	0.00403	0.00118	0.01682	0.00379	0.00293	0.04733
16	0.12397	0.07482	0.04804	0.06523	0.16516	0.09027	0.11645	0.04653	0.00906	0.06117	0.00985	0.13280	0.00910	0.00516	0.00386	0.00125	0.00453	0.02527	0.00252	0.00499
17	0.02453	0.09625	0.15078	0.00902	0.03239	0.07471	0.04542	0.11567	0.05285	0.06891	0.01970	0.03542	0.00808	0.02787	0.16311	0.00223	0.06171	0.00373	0.00254	0.00507
18	0.02716	0.03800	0.14852	0.01039	0.07499	0.10381	0.07420	0.13589	0.03542	0.05132	0.01030	0.03734	0.04525	0.01692	0.02645	0.00140	0.07956	0.02812	0.00259	0.05236

[dist]
# distance from previous block
# <min> <max>
0	55

[block]
# block no. 8 follows, 69 sequences, length 25
# corresponding to MSA columns:
# 483-505,514,515
name=unknown_I
#
# <colnr> <probs for GDERKNQSTAVLIFYWHMCP>
#	G	D	E	R	K	N	Q	S	T	A	V	L	I	F	Y	W	H	M	C	P
0	0.13208	0.04730	0.10375	0.02329	0.12218	0.06869	0.05312	0.08992	0.12812	0.04952	0.02494	0.03774	0.02547	0.02912	0.00421	0.00130	0.00425	0.03528	0.00279	0.01696
1	0.03643	0.09232	0.04107	0.08007	0.20436	0.13720	0.03358	0.09618	0.02468	0.03786	0.06774	0.01252	0.04343	0.04252	0.03240	0.00143	0.00482	0.00379	0.00251	0.00510
2	0.09449	0.10340	0.06145	0.00819	0.03638	0.17054	0.00671	0.03630	0.04462	0.14240	0.00976	0.01218	0.02147	0.05482	0.03396	0.01736	0.05843	0.03875	0.00269	0.04610
3	0.10876	0.00994	0.07153	0.07944	0.26975	0.06745	0.07921	0.07696	0.05853	0.02460	0.03421	0.03533	0.02012	0.00450	0.00386	0.00123	0.00455	0.02869	0.00249	0.01885
4	0.00580	0.00410	0.00519	0.00531	0.00621	0.00368	0.00379	0.00707	0.02069	0.04555	0.21702	0.46451	0.10739	0.00988	0.00465	0.00138	0.00225	0.00880	0.00375	0.07297
5	0.01006	0.02274	0.04230	0.02819	0.04464	0.02382	0.00697	0.08619	0.63882	0.01631	0.01427	0.02689	0.01086	0.00516	0.00395	0.00130	0.00349	0.00428	0.00368	0.00609
6	0.03161	0.16690	0.04145	0.01295	0.28568	0.03243	0.03118	0.07471	0.03648	0.02748	0.00832	0.01971	0.01793	0.00416	0.00385	0.02153	0.01386	0.01365	0.02019	0.13592
7	0.02705	0.01549	0.51374	0.01070	0.03001	0.00862	0.08191	0.06943	0.00952	0.15373	0.00917	0.03762	0.00668	0.00423	0.00387	0.00125	0.00516	0.00354	0.00247	0.00585
8	0.00676	0.00468	0.00653	0.00723	0.00819	0.00472	0.00629	0.00853	0.00908	0.04114	0.03887	0.04191	0.02201	0.01046	0.00553	0.00177	0.02454	0.74441	0.00362	0.00374
9	0.01048	0.86458	0.02054	0.00671	0.01006	0.01551	0.00671	0.01174	0.00797	0.00922	0.00545	0.00629	0.00503	0.00335	0.00252	0.00084	0.00419	0.00210	0.00168	0.00503
10	0.00498	0.00396	0.00450	0.00470	0.00566	0.00354	0.00339	0.00635	0.03607	0.01139	0.15405	0.28210	0.44492	0.01019	0.00472	0.00139	0.00209	0.00883	0.00375	0.00343
11	0.00570	0.00380	0.00428	0.00428	0.00428	0.00380	0.00238	0.00570	0.00570	0.00760	0.01235	0.02566	0.01425	0.86222	0.01995	0.00380	0.00380	0.00570	0.00238	0.00238
12	0.04714	0.01072	0.01146	0.00882	0.01192	0.01184	0.00728	0.76996	0.01778	0.04962	0.00945	0.00942	0.00667	0.00467	0.00387	0.00118	0.00424	0.00349	0.00390	0.00658
13	0.00870	0.00465	0.00617	0.00611	0.00728	0.00431	0.00456	0.01020	0.04426	0.24042	0.05585	0.48543	0.02106	0.00962	0.00468	0.00148	0.00269	0.07418	0.00402	0.00434
14	0.88991	0.00758	0.00576	0.00516	0.00758	0.00879	0.00425	0.01152	0.00667	0.01759	0.00546	0.00637	0.00425	0.00364	0.00243	0.00121	0.00303	0.00212	0.00243	0.00425
15	0.00731	0.00365	0.00365	0.00365	0.00457	0.00365	0.00274	0.00913	0.00822	0.01462	0.01279	0.01462	0.01005	0.00457	0.00274	0.00091	0.00183	0.00365	0.88399	0.00365
16	0.00732	0.00434	0.00500	0.00465	0.00582	0.00421	0.00355	0.03429	0.03427	0.06004	0.33883	0.02159	0.07162	0.00630	0.00374	0.00110	0.00204	0.00533	0.38199	0.00398
17	0.00474	0.00395	0.00409	0.00409	0.00531	0.00335	0.00303	0.00575	0.00895	0.01085	0.09561	0.05681	0.73276	0.03701	0.00513	0.00140	0.00204	0.00818	0.00365	0.00330
18	0.04553	0.00645	0.00857	0.00668	0.00943	0.00569	0.00542	0.01769	0.01059	0.74075	0.01486	0.01418	0.00992	0.07935	0.00528	0.00144	0.00337	0.00403	0.00456	0.00622
19	0.00786	0.02028	0.84191	0.01117	0.01697	0.00910	0.01448	0.01242	0.00828	0.01242	0.00704	0.00828	0.00497	0.00372	0.00372	0.00124	0.00579	0.00290	0.00166	0.00579
20	0.00485	0.00363	0.00453	0.00520	0.00576	0.00331	0.00366	0.00569	0.00798	0.01028	0.02617	0.59254	0.23268	0.01158	0.00494	0.00154	0.00229	0.06650	0.00364	0.00325
21	0.00568	0.00394	0.00517	0.00518	0.00550	0.00420	0.00351	0.00624	0.00614	0.00849	0.03786	0.04541	0.01319	0.43659	0.35019	0.04596	0.00636	0.00520	0.00233	0.00286
22	0.01051	0.00812	0.00862	0.00804	0.03570	0.09869	0.01777	0.21963	0.07590	0.09057	0.01458	0.24465	0.01406	0.00726	0.00427	0.00133	0.00372	0.08133	0.05027	0.00497
23	0.02637	0.29008	0.54570	0.00960	0.01447	0.02812	0.01165	0.01225	0.00820	0.01144	0.00648	0.00758	0.00497	0.00361	0.00331	0.00111	0.00525	0.00262	0.00169	0.00549
24	0.84210	0.02705	0.00620	0.00525	0.00772	0.00885	0.00435	0.01177	0.00685	0.04363	0.00578	0.00659	0.00444	0.00367	0.00248	0.00120	0.00307	0.00218	0.00249	0.00434

[dist]
# distance from previous block
# <min> <max>
0	1

[block]
# block no. 9 follows, 69 sequences, length 15
# corresponding to MSA columns:
# 517-531
name=unknown_J
#
# <colnr> <probs for GDERKNQSTAVLIFYWHMCP>
#	G	D	E	R	K	N	Q	S	T	A	V	L	I	F	Y	W	H	M	C	P
0	0.00888	0.02400	0.26341	0.09507	0.04236	0.05547	0.03719	0.06376	0.09496	0.05350	0.02287	0.10199	0.04438	0.00662	0.04688	0.00154	0.02486	0.00450	0.00261	0.00514
1	0.03050	0.00710	0.00819	0.00611	0.00917	0.00606	0.00491	0.08886	0.00922	0.04096	0.03115	0.00943	0.00712	0.00354	0.00336	0.00075	0.02890	0.00274	0.06189	0.64006
2	0.00624	0.00511	0.00569	0.00565	0.00693	0.00513	0.00420	0.00999	0.23388	0.01234	0.06556	0.26367	0.30458	0.00910	0.00454	0.00139	0.00242	0.02557	0.00374	0.02427
3	0.00570	0.00380	0.00428	0.00428	0.00428	0.00380	0.00238	0.00570	0.00570	0.00760	0.01235	0.02566	0.01425	0.86222	0.01995	0.00380	0.00380	0.00570	0.00238	0.00238
4	0.01205	0.04390	0.01039	0.00879	0.01108	0.30614	0.00684	0.10295	0.42531	0.01460	0.01138	0.01110	0.00871	0.00473	0.00377	0.00118	0.00467	0.00358	0.00320	0.00562
5	0.00482	0.00343	0.00454	0.00540	0.00562	0.00321	0.00358	0.00547	0.00742	0.00990	0.02118	0.82088	0.02539	0.05181	0.00570	0.00169	0.00235	0.01089	0.00358	0.00315
6	0.01456	0.00996	0.01101	0.00840	0.01156	0.01054	0.00692	0.62682	0.01634	0.13661	0.00999	0.00982	0.00700	0.00454	0.00382	0.00112	0.00403	0.00346	0.00388	0.09963
7	0.03478	0.09514	0.10221	0.01471	0.01875	0.01035	0.64082	0.01243	0.00896	0.01236	0.00753	0.00981	0.00571	0.00336	0.00427	0.00126	0.00619	0.00414	0.00193	0.00528
8	0.00488	0.00356	0.00462	0.00543	0.00583	0.00330	0.00377	0.00568	0.00778	0.01021	0.02358	0.70420	0.11685	0.01191	0.00499	0.00158	0.00235	0.07262	0.00364	0.00323
9	0.00569	0.00386	0.00457	0.00457	0.00468	0.00396	0.00275	0.00589	0.00579	0.00782	0.01208	0.02415	0.01360	0.73993	0.14135	0.00417	0.00478	0.00548	0.00234	0.00254
10	0.02895	0.00913	0.01502	0.18186	0.61191	0.03218	0.04063	0.01175	0.00874	0.01228	0.00724	0.00973	0.00594	0.00359	0.00387	0.00119	0.00487	0.00347	0.00192	0.00573
11	0.00561	0.00417	0.00614	0.00614	0.00678	0.00481	0.00470	0.00690	0.00625	0.00898	0.01065	0.01622	0.01016	0.09585	0.78073	0.00610	0.00997	0.00432	0.00212	0.00341
12	0.00844	0.00792	0.01344	0.11165	0.49687	0.00801	0.06474	0.01066	0.00889	0.01229	0.04884	0.04620	0.05292	0.00513	0.00420	0.00128	0.00439	0.08648	0.00235	0.00530
13	0.01128	0.01175	0.03072	0.14186	0.31529	0.23351	0.02739	0.08408	0.06193	0.03326	0.00788	0.00947	0.00621	0.00396	0.00382	0.00116	0.00529	0.00332	0.00230	0.00551
14	0.47806	0.03820	0.02134	0.03399	0.06244	0.23043	0.02101	0.05123	0.00869	0.01485	0.00604	0.00713	0.00479	0.00378	0.00299	0.00115	0.00447	0.00248	0.00230	0.00463

[dist]
# distance from previous block
# <min> <max>
9	17

[block]
# block no. 10 follows, 69 sequences, length 27
# corresponding to MSA columns:
