[name]
unknown

[dist]
# distance from previous block
# <min> <max>
0	31

[block]
# block no. 0 follows, 69 sequences, length 7
# corresponding to MSA columns:
# 36-42
name=unknown_A
#
# <colnr> <probs for GDERKNQSTAVLIFYWHMCP>
#	G	D	E	R	K	N	Q	S	T	A	V	L	I	F	Y	W	H	M	C	P
0	0.03439	0.10295	0.12802	0.02712	0.04667	0.06807	0.09219	0.07359	0.11421	0.02874	0.04264	0.04258	0.00983	0.00503	0.00404	0.00121	0.02115	0.07465	0.00268	0.08026
1	0.04368	0.19897	0.15451	0.03542	0.11020	0.08309	0.05724	0.06677	0.05630	0.04446	0.00956	0.03574	0.04549	0.00442	0.00376	0.00114	0.02161	0.00352	0.00235	0.02178
2	0.03817	0.03545	0.03296	0.00635	0.00795	0.00625	0.00517	0.06454	0.04122	0.05362	0.10694	0.01529	0.01209	0.06931	0.31367	0.00317	0.03509	0.00415	0.05484	0.09375
3	0.06865	0.04980	0.05317	0.00852	0.04210	0.05850	0.00687	0.10377	0.16793	0.17625	0.04343	0.01228	0.00930	0.04796	0.02496	0.00151	0.11254	0.00378	0.00322	0.00545
4	0.00875	0.08916	0.09501	0.02794	0.02302	0.00801	0.00659	0.08234	0.13421	0.04750	0.12876	0.07623	0.06524	0.00577	0.00444	0.00118	0.05869	0.00466	0.00309	0.12940
5	0.00660	0.04493	0.00608	0.00535	0.00610	0.00509	0.00363	0.06240	0.04661	0.01031	0.01455	0.28085	0.01632	0.40856	0.01164	0.00249	0.00329	0.00681	0.00291	0.05547
6	0.01062	0.01164	0.16408	0.00876	0.01163	0.12059	0.03054	0.14625	0.13022	0.07113	0.11073	0.01275	0.02597	0.00502	0.00450	0.00120	0.06226	0.00390	0.00305	0.06516

[dist]
# distance from previous block
# <min> <max>
3	6

[block]
# block no. 1 follows, 69 sequences, length 22
# corresponding to MSA columns:
# 49-70
name=unknown_B
#
# <colnr> <probs for GDERKNQSTAVLIFYWHMCP>
#	G	D	E	R	K	N	Q	S	T	A	V	L	I	F	Y	W	H	M	C	P
0	0.00606	0.00424	0.00535	0.00525	0.00621	0.00399	0.00385	0.00807	0.05533	0.03881	0.46447	0.25438	0.04937	0.00869	0.00454	0.00131	0.00211	0.00771	0.04133	0.02891
1	0.01127	0.00930	0.01008	0.03209	0.04413	0.02548	0.00693	0.26614	0.49812	0.01840	0.01328	0.02656	0.01004	0.00511	0.00397	0.00127	0.00365	0.00417	0.00378	0.00622
2	0.00875	0.04272	0.02204	0.11941	0.32923	0.00782	0.00838	0.05858	0.00964	0.03534	0.17125	0.01450	0.02928	0.00483	0.00409	0.00117	0.02431	0.00423	0.08067	0.02378
3	0.01106	0.11350	0.27338	0.02182	0.05546	0.09111	0.15704	0.12487	0.01039	0.09273	0.00807	0.00908	0.00591	0.00387	0.00379	0.00117	0.00538	0.00330	0.00238	0.00570
4	0.00950	0.20565	0.15929	0.01168	0.03256	0.03179	0.24461	0.04340	0.00845	0.01147	0.00658	0.00860	0.00540	0.00428	0.00580	0.00127	0.19928	0.00337	0.00187	0.00514
5	0.00505	0.00395	0.00458	0.00450	0.00557	0.00347	0.00334	0.00640	0.00980	0.01284	0.39308	0.09029	0.42463	0.00924	0.00465	0.00130	0.00194	0.00794	0.00394	0.00347
6	0.00851	0.14211	0.16712	0.02952	0.13659	0.06295	0.00810	0.05029	0.02884	0.02364	0.04057	0.21907	0.05424	0.00632	0.00396	0.00124	0.00408	0.00537	0.00262	0.00485
7	0.03809	0.01334	0.03281	0.03386	0.05656	0.39369	0.06702	0.08032	0.03069	0.09844	0.00790	0.00909	0.00615	0.00532	0.02981	0.02796	0.05828	0.00316	0.00248	0.00501
8	0.00771	0.00377	0.00387	0.00378	0.00478	0.00374	0.00286	0.00952	0.00834	0.04686	0.01289	0.01457	0.01003	0.00458	0.00279	0.00093	0.00189	0.00367	0.84967	0.00377
9	0.01344	0.00918	0.01159	0.09928	0.06936	0.00977	0.04436	0.43634	0.02662	0.17773	0.01141	0.01158	0.03866	0.00471	0.00397	0.00121	0.00421	0.00385	0.01659	0.00615
10	0.00563	0.00397	0.00521	0.00524	0.00556	0.00429	0.00357	0.00629	0.00602	0.00835	0.01175	0.04306	0.01252	0.45770	0.39876	0.00489	0.00683	0.00516	0.00228	0.00291
11	0.01441	0.01108	0.03375	0.00902	0.01217	0.01193	0.00756	0.75512	0.06655	0.02388	0.00974	0.00969	0.00694	0.00472	0.00392	0.00119	0.00428	0.00357	0.00387	0.00662
12	0.01270	0.01226	0.02872	0.05686	0.10015	0.28121	0.05118	0.20635	0.01171	0.08627	0.00832	0.00975	0.00647	0.02450	0.04834	0.00149	0.04232	0.00336	0.00269	0.00535
13	0.00681	0.00340	0.00511	0.00511	0.00511	0.00340	0.00340	0.00511	0.00511	0.00681	0.00681	0.01192	0.00681	0.01362	0.01532	0.88594	0.00340	0.00340	0.00170	0.00170
14	0.00776	0.00584	0.00797	0.00717	0.00839	0.00667	0.02863	0.15591	0.00868	0.02332	0.01013	0.01401	0.00899	0.04022	0.57358	0.00472	0.05138	0.00407	0.02837	0.00419
15	0.03401	0.04471	0.08550	0.03925	0.17499	0.02351	0.03655	0.06578	0.02901	0.05733	0.02608	0.02637	0.00716	0.00426	0.00451	0.01222	0.07891	0.00332	0.00242	0.24413
16	0.00840	0.02965	0.01063	0.05534	0.28786	0.02153	0.03059	0.02351	0.04660	0.06285	0.01334	0.25813	0.03126	0.06591	0.00564	0.00150	0.03368	0.00602	0.00279	0.00479
17	0.00564	0.00383	0.00455	0.00460	0.00471	0.00391	0.00277	0.00586	0.00588	0.00793	0.01262	0.07028	0.01432	0.70683	0.12689	0.00400	0.00459	0.00581	0.00241	0.00257
18	0.04231	0.00965	0.03890	0.04580	0.39093	0.03519	0.15154	0.05839	0.00938	0.03947	0.00803	0.00988	0.01649	0.00368	0.00399	0.00114	0.01891	0.00353	0.00222	0.11058
19	0.15238	0.06807	0.10967	0.02532	0.22204	0.14667	0.01781	0.10456	0.00998	0.07384	0.00767	0.01905	0.00600	0.00396	0.00350	0.00114	0.00474	0.00308	0.00244	0.01807
20	0.00843	0.00838	0.01030	0.01002	0.08231	0.11259	0.03601	0.02302	0.00746	0.01003	0.00936	0.07782	0.03342	0.06160	0.16276	0.00250	0.33328	0.00439	0.00214	0.00419
21	0.00932	0.00744	0.02447	0.00730	0.00915	0.00765	0.00571	0.07662	0.33312	0.05150	0.16929	0.05914	0.13429	0.00793	0.02870	0.00160	0.02972	0.00585	0.02574	0.00545

[dist]
# distance from previous block
# <min> <max>
1	6

[block]
# block no. 2 follows, 69 sequences, length 27
# corresponding to MSA columns:
# 77-103
name=unknown_C
#
# <colnr> <probs for GDERKNQSTAVLIFYWHMCP>
#	G	D	E	R	K	N	Q	S	T	A	V	L	I	F	Y	W	H	M	C	P
0	0.00975	0.02296	0.08773	0.09733	0.39006	0.04711	0.03443	0.08538	0.03023	0.01340	0.00772	0.00982	0.00625	0.00379	0.00387	0.00112	0.01557	0.01353	0.00219	0.11771
1	0.01378	0.00807	0.00964	0.03160	0.01077	0.00822	0.00628	0.31995	0.05564	0.30973	0.05961	0.01258	0.00990	0.00618	0.04945	0.00144	0.00400	0.00389	0.01860	0.06065
2	0.00884	0.00888	0.11986	0.15497	0.20210	0.00787	0.02900	0.01154	0.04717	0.09919	0.08039	0.01502	0.08907	0.00574	0.02318	0.00140	0.07445	0.01354	0.00264	0.00513
3	0.00530	0.00441	0.00515	0.00555	0.05710	0.00392	0.00380	0.00682	0.02764	0.01218	0.24218	0.03331	0.56076	0.00894	0.00457	0.00129	0.00214	0.00759	0.00372	0.00365
4	0.00484	0.00381	0.00427	0.00448	0.00537	0.00335	0.00317	0.00576	0.00851	0.01069	0.10912	0.25218	0.48179	0.07738	0.00593	0.00158	0.00219	0.00871	0.00361	0.00324
5	0.04758	0.00931	0.03305	0.06141	0.49892	0.05008	0.03668	0.05250	0.00936	0.04679	0.01002	0.03550	0.05809	0.00434	0.00400	0.00119	0.01468	0.00392	0.00233	0.02025
6	0.00900	0.04316	0.06064	0.00665	0.01014	0.07746	0.00569	0.03952	0.00875	0.01276	0.00692	0.00802	0.00569	0.00313	0.00303	0.00069	0.00354	0.00241	0.00229	0.69051
7	0.00493	0.00362	0.00463	0.00514	0.00567	0.00332	0.00357	0.00592	0.00851	0.01138	0.20788	0.56352	0.13547	0.01101	0.00487	0.00148	0.00214	0.00985	0.00379	0.00332
8	0.03399	0.00700	0.00810	0.00586	0.00927	0.00542	0.00469	0.01034	0.02292	0.03322	0.00729	0.00832	0.00597	0.00302	0.00293	0.00063	0.00292	0.00239	0.00242	0.82329
9	0.01969	0.17940	0.13284	0.02197	0.09167	0.03403	0.18000	0.07388	0.03891	0.08744	0.00880	0.02966	0.01513	0.00404	0.00383	0.00114	0.01608	0.00357	0.00242	0.05549
10	0.14242	0.03681	0.24976	0.00974	0.05678	0.03741	0.03937	0.19344	0.06271	0.10544	0.00937	0.00980	0.02146	0.00424	0.00363	0.00121	0.00452	0.00329	0.00284	0.00577
11	0.00570	0.00380	0.00428	0.00428	0.00428	0.00380	0.00238	0.00570	0.00570	0.00760	0.01235	0.02566	0.01425	0.86222	0.01995	0.00380	0.00380	0.00570	0.00238	0.00238
12	0.00491	0.00390	0.00443	0.00461	0.00563	0.00342	0.00342	0.00604	0.00903	0.01140	0.16650	0.19245	0.50179	0.01011	0.00475	0.00139	0.00212	0.05698	0.00375	0.00337
13	0.00970	0.18041	0.27495	0.06754	0.08614	0.04703	0.14134	0.04818	0.00901	0.04653	0.00755	0.02581	0.00596	0.00394	0.00396	0.00118	0.02995	0.00334	0.00203	0.00543
14	0.00561	0.00417	0.00613	0.00613	0.00677	0.00481	0.00469	0.00689	0.00625	0.00898	0.01066	0.01626	0.01017	0.09909	0.77751	0.00609	0.00994	0.00433	0.00212	0.00341
15	0.00479	0.00346	0.00453	0.00535	0.00567	0.00321	0.00360	0.00552	0.00769	0.01020	0.04468	0.78638	0.07641	0.01202	0.00497	0.00157	0.00225	0.01086	0.00366	0.00321
16	0.03575	0.01287	0.31927	0.00960	0.04169	0.06903	0.03122	0.13027	0.01917	0.11424	0.01113	0.16751	0.00982	0.00561	0.00400	0.00128	0.00459	0.00469	0.00284	0.00541
17	0.01168	0.02691	0.13294	0.01273	0.06673	0.01049	0.29371	0.31942	0.01264	0.06072	0.00868	0.00983	0.00628	0.00399	0.00411	0.00123	0.00529	0.00382	0.00281	0.00601
18	0.01012	0.74656	0.13536	0.00733	0.01103	0.01462	0.00780	0.01183	0.00801	0.00967	0.00567	0.00657	0.00502	0.00341	0.00268	0.00089	0.00442	0.00221	0.00167	0.00514
19	0.56054	0.06847	0.02601	0.00647	0.00921	0.01017	0.00552	0.22542	0.02830	0.01874	0.00676	0.00739	0.00512	0.00394	0.00289	0.00118	0.00351	0.00256	0.00279	0.00501
20	0.00477	0.00396	0.00404	0.00403	0.00521	0.00337	0.00294	0.00568	0.00868	0.01044	0.05963	0.03629	0.73205	0.09429	0.00615	0.00157	0.00216	0.00799	0.00353	0.00323
21	0.00858	0.00882	0.06695	0.24219	0.34389	0.00893	0.01026	0.03195	0.06010	0.01210	0.02945	0.01208	0.04022	0.02935	0.00517	0.00135	0.07734	0.00385	0.00217	0.00524
22	0.00477	0.00345	0.00451	0.00537	0.00566	0.00319	0.00360	0.00547	0.00759	0.01004	0.02271	0.80953	0.07535	0.01214	0.00498	0.00158	0.00226	0.01097	0.00364	0.00319
23	0.00916	0.00739	0.02009	0.00758	0.07881	0.00585	0.00555	0.03659	0.00882	0.07751	0.02285	0.00909	0.00673	0.00327	0.00314	0.00072	0.00315	0.00268	0.00257	0.68845
24	0.12822	0.05294	0.06095	0.02869	0.08503	0.13520	0.05938	0.10171	0.07330	0.05199	0.01773	0.04956	0.00774	0.00459	0.00393	0.00116	0.03300	0.01865	0.00266	0.08356
25	0.01037	0.24199	0.27421	0.03301	0.03912	0.11775	0.03143	0.07116	0.00949	0.04882	0.03029	0.00886	0.00645	0.01467	0.00363	0.00110	0.00501	0.00293	0.00215	0.04753
26	0.06926	0.11831	0.14718	0.03839	0.12353	0.07626	0.02928	0.12911	0.06173	0.12798	0.00872	0.00940	0.00647	0.00416	0.00391	0.00117	0.03353	0.00321	0.00270	0.00571

[dist]
# distance from previous block
# <min> <max>
1	38

[block]
# block no. 3 follows, 69 sequences, length 15
# corresponding to MSA columns:
# 142-156
name=unknown_D
#
# <colnr> <probs for GDERKNQSTAVLIFYWHMCP>
#	G	D	E	R	K	N	Q	S	T	A	V	L	I	F	Y	W	H	M	C	P
0	0.13828	0.07884	0.03628	0.07395	0.10064	0.16771	0.04168	0.08282	0.00963	0.06287	0.01878	0.02634	0.03962	0.00492	0.02170	0.00124	0.02727	0.00339	0.01144	0.05260
1	0.01171	0.18973	0.06863	0.00839	0.01119	0.23742	0.00724	0.14615	0.11912	0.03012	0.00839	0.00911	0.00667	0.00570	0.05712	0.00137	0.00525	0.00300	0.00258	0.07111
2	0.04815	0.26984	0.13198	0.00866	0.01198	0.08049	0.04284	0.22775	0.05394	0.03832	0.02378	0.01987	0.00684	0.00422	0.00355	0.00110	0.01535	0.00314	0.00263	0.00556
3	0.10872	0.37730	0.12956	0.00733	0.01062	0.06110	0.00720	0.06284	0.00903	0.04789	0.05946	0.00887	0.00741	0.00432	0.01704	0.00108	0.00429	0.00278	0.00228	0.07089
4	0.12552	0.08632	0.06890	0.00999	0.01265	0.51819	0.10060	0.01423	0.00988	0.01112	0.00621	0.00740	0.00504	0.00383	0.00345	0.00107	0.00618	0.00270	0.00201	0.00472
5	0.00901	0.19056	0.46595	0.01053	0.07539	0.01005	0.01120	0.01218	0.00850	0.06139	0.05910	0.00961	0.00737	0.00413	0.00403	0.00118	0.04914	0.00313	0.00204	0.00551
6	0.00695	0.06980	0.06412	0.05695	0.00883	0.00603	0.00565	0.00842	0.00702	0.06221	0.01177	0.01638	0.05242	0.13618	0.46489	0.00432	0.00757	0.00431	0.00231	0.00386
7	0.01286	0.01124	0.11270	0.00889	0.01206	0.01072	0.00799	0.61774	0.01609	0.02177	0.06586	0.01284	0.00953	0.00520	0.00404	0.00123	0.00428	0.05514	0.00365	0.00616
8	0.01075	0.68398	0.07057	0.00735	0.01069	0.07101	0.00726	0.06058	0.00879	0.01037	0.00594	0.00686	0.00523	0.00409	0.02162	0.00102	0.00464	0.00231	0.00184	0.00511
9	0.04450	0.00368	0.00527	0.00525	0.00543	0.00381	0.00361	0.00560	0.00531	0.00753	0.00718	0.01208	0.00704	0.01500	0.11013	0.74714	0.00420	0.00344	0.00178	0.00202
10	0.01038	0.21385	0.42552	0.00955	0.01406	0.01142	0.01077	0.23302	0.01096	0.01501	0.00731	0.00812	0.00544	0.00391	0.00350	0.00113	0.00502	0.00288	0.00228	0.00585
11	0.04659	0.36831	0.15232	0.00894	0.06079	0.03920	0.01918	0.08990	0.06149	0.03546	0.00762	0.00868	0.00619	0.00589	0.07252	0.00148	0.00500	0.00287	0.00222	0.00533
12	0.03598	0.36938	0.12073	0.00857	0.01201	0.04457	0.08420	0.09022	0.07104	0.09160	0.03144	0.00921	0.00711	0.00398	0.00334	0.00107	0.00448	0.00308	0.00250	0.00547
13	0.00972	0.21935	0.37170	0.00984	0.03690	0.01020	0.06756	0.05818	0.00907	0.07476	0.00807	0.01831	0.01641	0.00385	0.00349	0.00110	0.00486	0.00308	0.00216	0.07139
14	0.03423	0.33324	0.19721	0.00839	0.02076	0.04661	0.03082	0.07821	0.00936	0.09282	0.01671	0.02677	0.00648	0.00398	0.00336	0.00104	0.01352	0.00295	0.00233	0.07121

[dist]
# distance from previous block
# <min> <max>
2	25

[block]
# block no. 4 follows, 69 sequences, length 19
# corresponding to MSA columns:
# 182-200
name=unknown_E
#
# <colnr> <probs for GDERKNQSTAVLIFYWHMCP>
#	G	D	E	R	K	N	Q	S	T	A	V	L	I	F	Y	W	H	M	C	P
0	0.00870	0.11373	0.05610	0.02159	0.03582	0.06123	0.06273	0.06450	0.06609	0.05166	0.17957	0.08204	0.10621	0.00637	0.00410	0.00122	0.00364	0.04060	0.00318	0.03092
1	0.01000	0.36799	0.11992	0.01894	0.02768	0.14165	0.00751	0.04790	0.00911	0.01110	0.05285	0.02037	0.04377	0.00519	0.03352	0.00119	0.01814	0.00314	0.00214	0.05789
2	0.00827	0.00703	0.03805	0.00656	0.00935	0.00570	0.04081	0.04590	0.04026	0.05146	0.15619	0.03703	0.01266	0.02293	0.03222	0.00112	0.00333	0.00388	0.00292	0.47432
3	0.00803	0.00709	0.05533	0.00798	0.07702	0.02429	0.00587	0.06284	0.17226	0.04592	0.10867	0.15286	0.11999	0.06038	0.00542	0.00148	0.01888	0.03035	0.03070	0.00464
4	0.03692	0.04898	0.17408	0.01717	0.04794	0.03274	0.03211	0.18083	0.03904	0.14701	0.09201	0.04385	0.04860	0.00512	0.00389	0.00119	0.00407	0.00420	0.00322	0.03704
5	0.07513	0.19225	0.06376	0.03431	0.11076	0.05634	0.07740	0.08979	0.00932	0.06154	0.00863	0.06322	0.00762	0.00482	0.00443	0.00120	0.07978	0.03401	0.00242	0.02326
6	0.00561	0.00376	0.00430	0.00439	0.00442	0.00374	0.00250	0.00568	0.00588	0.00784	0.01328	0.10949	0.01543	0.77679	0.01845	0.00358	0.00365	0.00625	0.00250	0.00246
7	0.00909	0.03712	0.03449	0.04015	0.12406	0.02249	0.08653	0.07482	0.03247	0.02911	0.05518	0.02434	0.03086	0.00405	0.00372	0.00096	0.01636	0.00353	0.00255	0.36814
8	0.02452	0.28455	0.36670	0.00990	0.03712	0.04774	0.05583	0.05386	0.00906	0.06624	0.00720	0.00812	0.00547	0.00371	0.00339	0.00110	0.00508	0.00283	0.00204	0.00556
9	0.00515	0.00366	0.00459	0.00505	0.00539	0.00346	0.00336	0.00587	0.00766	0.01026	0.13203	0.46240	0.07093	0.22895	0.00877	0.00210	0.00263	0.03128	0.00341	0.00307
10	0.00891	0.06724	0.04261	0.01057	0.01138	0.03661	0.07375	0.01013	0.00663	0.00978	0.00548	0.00853	0.00519	0.00615	0.01091	0.00159	0.67493	0.00339	0.00174	0.00448
11	0.01016	0.18763	0.15909	0.04603	0.11144	0.10433	0.17080	0.03738	0.04349	0.02938	0.00738	0.00885	0.00582	0.00376	0.00391	0.00113	0.02912	0.00323	0.00206	0.03500
12	0.00904	0.05003	0.21239	0.10169	0.19776	0.00924	0.20525	0.03621	0.03241	0.03418	0.00816	0.01083	0.00653	0.06326	0.00509	0.00141	0.00528	0.00375	0.00208	0.00540
13	0.00484	0.00385	0.00434	0.00449	0.00549	0.00336	0.00326	0.00592	0.00902	0.01143	0.18675	0.22198	0.50123	0.01010	0.00472	0.00137	0.00203	0.00870	0.00377	0.00336
14	0.01098	0.05201	0.03346	0.05658	0.34412	0.09040	0.07070	0.07766	0.06697	0.03907	0.04874	0.01379	0.06693	0.00504	0.00430	0.00134	0.00486	0.00426	0.00283	0.00598
15	0.03547	0.13708	0.14345	0.06682	0.16944	0.09805	0.07605	0.06958	0.02341	0.10702	0.00872	0.02220	0.01754	0.00407	0.00368	0.00115	0.00490	0.00339	0.00242	0.00555
16	0.05312	0.00638	0.00709	0.00631	0.00787	0.02865	0.00492	0.07601	0.15247	0.09107	0.20874	0.04099	0.10904	0.03163	0.04422	0.00157	0.05525	0.00528	0.06476	0.00462
17	0.00508	0.00393	0.00439	0.00447	0.00536	0.00352	0.00320	0.00602	0.00849	0.01074	0.14417	0.10080	0.44963	0.17893	0.00774	0.00185	0.00244	0.05258	0.00348	0.00319
18	0.04609	0.13755	0.06785	0.14676	0.11829	0.14311	0.07394	0.07417	0.04780	0.08584	0.01783	0.00950	0.00649	0.00398	0.00364	0.00115	0.00498	0.00326	0.00242	0.00534

[dist]
# distance from previous block
# <min> <max>
1	3

[block]
# block no. 5 follows, 69 sequences, length 21
# corresponding to MSA columns:
# 204-224
name=unknown_F
#
# <colnr> <probs for GDERKNQSTAVLIFYWHMCP>
#	G	D	E	R	K	N	Q	S	T	A	V	L	I	F	Y	W	H	M	C	P
0	0.20140	0.00690	0.00632	0.00614	0.00725	0.11678	0.00459	0.02890	0.00757	0.01138	0.01161	0.10235	0.02728	0.19131	0.12500	0.04161	0.01493	0.08255	0.00257	0.00355
1	0.60141	0.03121	0.00897	0.04513	0.08055	0.00967	0.02621	0.07811	0.00875	0.01763	0.00816	0.00972	0.02612	0.00529	0.02639	0.00154	0.00405	0.00306	0.00284	0.00519
2	0.03354	0.00797	0.01130	0.01145	0.19947	0.00776	0.04466	0.11818	0.01057	0.26608	0.03409	0.01206	0.00856	0.00506	0.02389	0.00127	0.04298	0.02499	0.00326	0.13287
3	0.00537	0.00389	0.00503	0.00498	0.00576	0.00359	0.00362	0.00691	0.01018	0.01421	0.62679	0.18954	0.06388	0.03223	0.00512	0.00138	0.00199	0.00788	0.00411	0.00355
4	0.01034	0.00687	0.00787	0.00703	0.00898	0.00728	0.00550	0.05998	0.37307	0.18215	0.01748	0.06661	0.06714	0.08300	0.00563	0.00158	0.00320	0.07696	0.00394	0.00539
5	0.00794	0.00674	0.00789	0.00578	0.00901	0.00520	0.00460	0.00992	0.02898	0.01313	0.08130	0.01018	0.00875	0.00342	0.00308	0.00066	0.00281	0.00280	0.00254	0.78526
6	0.00951	0.00912	0.01557	0.09304	0.77029	0.00926	0.01194	0.01186	0.00884	0.01258	0.00734	0.00977	0.00613	0.00353	0.00388	0.00118	0.00470	0.00349	0.00192	0.00606
7	0.00514	0.00374	0.00484	0.00561	0.00596	0.00362	0.00381	0.00642	0.05365	0.01032	0.02087	0.75056	0.02454	0.04832	0.00560	0.00168	0.00243	0.03597	0.00360	0.00333
8	0.01423	0.01781	0.01092	0.00992	0.01196	0.77517	0.00746	0.01610	0.08096	0.01017	0.00690	0.00771	0.00564	0.00415	0.00357	0.00104	0.00673	0.00269	0.00219	0.00469
9	0.00681	0.00340	0.00511	0.00511	0.00511	0.00340	0.00340	0.00511	0.00511	0.00681	0.00681	0.01192	0.00681	0.01362	0.01532	0.88594	0.00340	0.00340	0.00170	0.00170
10	0.01490	0.01098	0.01177	0.00902	0.01216	0.01216	0.00745	0.82470	0.01843	0.02471	0.00941	0.00941	0.00667	0.00471	0.00392	0.00118	0.00431	0.00353	0.00392	0.00667
11	0.01648	0.00808	0.00992	0.00765	0.01069	0.00790	0.00630	0.27076	0.04145	0.55757	0.01359	0.01216	0.00883	0.00482	0.00394	0.00121	0.00363	0.00383	0.00453	0.00665
12	0.05758	0.00700	0.00800	0.00577	0.00919	0.00543	0.00462	0.00996	0.00805	0.01304	0.00688	0.00803	0.00572	0.00294	0.00288	0.00062	0.00291	0.00231	0.00233	0.83672
13	0.00914	0.00896	0.01593	0.20670	0.55192	0.00926	0.11724	0.01165	0.00873	0.01216	0.00736	0.00998	0.00596	0.00356	0.00399	0.00122	0.00504	0.00364	0.00190	0.00568
14	0.01048	0.86458	0.02054	0.00671	0.01006	0.01551	0.00671	0.01174	0.00797	0.00922	0.00545	0.00629	0.00503	0.00335	0.00252	0.00084	0.00419	0.00210	0.00168	0.00503
15	0.01697	0.00711	0.00932	0.00716	0.01016	0.00646	0.00591	0.11362	0.01207	0.72385	0.03527	0.01328	0.01003	0.00491	0.00396	0.00121	0.00341	0.00397	0.00473	0.00660
16	0.00971	0.00794	0.01004	0.03520	0.19004	0.00861	0.00722	0.08139	0.38849	0.04868	0.11898	0.01527	0.02815	0.00522	0.00402	0.00125	0.00340	0.00450	0.02612	0.00577
17	0.00681	0.00340	0.00511	0.00511	0.00511	0.00340	0.00340	0.00511	0.00511	0.00681	0.00681	0.01192	0.00681	0.01362	0.01532	0.88594	0.00340	0.00340	0.00170	0.00170
18	0.00475	0.00396	0.00417	0.00431	0.00551	0.00338	0.00325	0.00577	0.00882	0.01061	0.03694	0.10905	0.71404	0.01019	0.00472	0.00138	0.00211	0.06008	0.00364	0.00332
19	0.00570	0.00416	0.00536	0.00600	0.00663	0.00405	0.00447	0.04471	0.02309	0.01126	0.02186	0.55617	0.07458	0.01131	0.00501	0.00160	0.00269	0.20418	0.00365	0.00351
20	0.00894	0.00639	0.00759	0.00599	0.00876	0.00531	0.00478	0.01129	0.07455	0.12899	0.04210	0.03713	0.09851	0.00498	0.00357	0.00093	0.00287	0.04837	0.00313	0.49582

[dist]
# distance from previous block
# <min> <max>
0	1

[block]
# block no. 6 follows, 69 sequences, length 27
# corresponding to MSA columns:
# 226-252
name=unknown_G
#
# <colnr> <probs for GDERKNQSTAVLIFYWHMCP>
#	G	D	E	R	K	N	Q	S	T	A	V	L	I	F	Y	W	H	M	C	P
0	0.17485	0.04103	0.02297	0.00887	0.01116	0.52790	0.00693	0.08011	0.06917	0.01279	0.00692	0.00766	0.00552	0.00409	0.00337	0.00108	0.00572	0.00266	0.00237	0.00481
1	0.02809	0.01706	0.01136	0.06394	0.06184	0.71798	0.00801	0.01492	0.01063	0.00994	0.00617	0.00745	0.00512	0.00404	0.00370	0.00105	0.01943	0.00265	0.00200	0.00462
2	0.01128	0.00954	0.00962	0.00823	0.01063	0.06265	0.00650	0.24812	0.50177	0.01829	0.06016	0.01351	0.01145	0.00522	0.00398	0.00126	0.00362	0.00421	0.00386	0.00609
3	0.00659	0.00500	0.00618	0.00654	0.00761	0.00509	0.00524	0.04808	0.11957	0.01248	0.03592	0.23986	0.12040	0.01000	0.00494	0.00159	0.00302	0.35422	0.00370	0.00397
4	0.00871	0.00830	0.01440	0.18113	0.51510	0.00857	0.07526	0.01103	0.00865	0.01200	0.00903	0.06786	0.00822	0.00455	0.00411	0.00127	0.00471	0.04956	0.00211	0.00543
5	0.00741	0.00398	0.00400	0.00395	0.00496	0.00405	0.00297	0.00982	0.06242	0.01464	0.01362	0.01515	0.02929	0.00474	0.00287	0.00095	0.00191	0.00381	0.80564	0.00381
6	0.00926	0.04052	0.03954	0.03563	0.04364	0.08659	0.07143	0.09734	0.17006	0.01316	0.04881	0.02550	0.05233	0.05091	0.09633	0.00196	0.09427	0.01505	0.00279	0.00489
7	0.01047	0.10918	0.33597	0.00954	0.01337	0.07177	0.00994	0.18118	0.15964	0.01499	0.00882	0.00937	0.00661	0.00432	0.00402	0.00120	0.03802	0.00321	0.00258	0.00581
8	0.02460	0.00614	0.00710	0.00604	0.00796	0.02948	0.00474	0.06837	0.07926	0.16124	0.36895	0.02128	0.08017	0.00642	0.00415	0.00117	0.00270	0.01481	0.00398	0.10142
9	0.04329	0.06753	0.06638	0.00942	0.01207	0.44004	0.02360	0.20485	0.01209	0.04129	0.00737	0.00822	0.00575	0.00508	0.03513	0.00127	0.00602	0.00290	0.00253	0.00519
10	0.01017	0.71100	0.14965	0.00749	0.01120	0.03477	0.00795	0.01194	0.00809	0.00974	0.00571	0.00662	0.00502	0.00343	0.00273	0.00091	0.00451	0.00223	0.00168	0.00514
11	0.00515	0.00390	0.00475	0.00478	0.00569	0.00350	0.00351	0.00653	0.00977	0.01309	0.43805	0.18143	0.27397	0.00940	0.00471	0.00133	0.00199	0.02096	0.00398	0.00349
12	0.00558	0.00415	0.00611	0.00614	0.00678	0.00477	0.00470	0.00687	0.00630	0.00903	0.01097	0.04282	0.01060	0.08340	0.76588	0.00599	0.00980	0.00452	0.00217	0.00342
13	0.00483	0.00345	0.00462	0.00552	0.00578	0.00323	0.00374	0.00556	0.00756	0.01007	0.02158	0.82914	0.02580	0.01223	0.00502	0.00160	0.00232	0.04110	0.00364	0.00320
14	0.00487	0.00351	0.00462	0.00542	0.00576	0.00326	0.00370	0.00567	0.00783	0.01043	0.07054	0.74605	0.06395	0.01187	0.00498	0.00157	0.00228	0.03680	0.00368	0.00323
15	0.00482	0.00344	0.00460	0.00551	0.00575	0.00322	0.00371	0.00553	0.00755	0.01005	0.02159	0.83825	0.02584	0.01224	0.00501	0.00160	0.00231	0.03216	0.00364	0.00320
16	0.01239	0.01442	0.01330	0.01646	0.38800	0.46536	0.00960	0.01401	0.01012	0.01106	0.00666	0.00827	0.00558	0.00379	0.00369	0.00108	0.00597	0.00297	0.00198	0.00530
17	0.04889	0.00866	0.01018	0.00783	0.01089	0.00877	0.00647	0.38387	0.01432	0.44015	0.01235	0.01130	0.00812	0.00474	0.00388	0.00120	0.00377	0.00369	0.00434	0.00658
18	0.01490	0.01098	0.01177	0.00902	0.01216	0.01216	0.00745	0.82470	0.01843	0.02471	0.00941	0.00941	0.00667	0.00471	0.00392	0.00118	0.00431	0.00353	0.00392	0.00667
19	0.03181	0.36882	0.01493	0.00844	0.01113	0.39596	0.00710	0.08479	0.01035	0.02520	0.00625	0.00704	0.00525	0.00382	0.00313	0.00096	0.00548	0.00245	0.00210	0.00496
20	0.00667	0.00575	0.00827	0.00766	0.00808	0.00740	0.00613	0.00783	0.00617	0.00917	0.00865	0.01331	0.00829	0.04955	0.52097	0.00458	0.31184	0.00398	0.00197	0.00374
21	0.00531	0.00408	0.00440	0.00426	0.00558	0.00348	0.00322	0.00647	0.00941	0.04439	0.17898	0.03527	0.66263	0.00939	0.00460	0.00130	0.00202	0.00789	0.00381	0.00351
22	0.03126	0.00700	0.00751	0.00696	0.00870	0.08256	0.00562	0.03975	0.14793	0.15871	0.18243	0.02507	0.05637	0.00725	0.00443	0.00138	0.00337	0.21504	0.00387	0.00479
23	0.00870	0.14937	0.01305	0.00945	0.01004	0.01213	0.00803	0.00966	0.00635	0.00938	0.00554	0.00864	0.00542	0.00772	0.06433	0.00186	0.66097	0.00326	0.00173	0.00436
24	0.01048	0.86458	0.02054	0.00671	0.01006	0.01551	0.00671	0.01174	0.00797	0.00922	0.00545	0.00629	0.00503	0.00335	0.00252	0.00084	0.00419	0.00210	0.00168	0.00503
25	0.00485	0.00350	0.00461	0.00547	0.00579	0.00326	0.00374	0.00561	0.00767	0.01013	0.02257	0.77110	0.07068	0.01208	0.00500	0.00159	0.00233	0.05318	0.00364	0.00321
26	0.02329	0.28611	0.12557	0.00875	0.02698	0.01913	0.09820	0.03116	0.07377	0.04686	0.00994	0.12094	0.00912	0.00736	0.08412	0.00165	0.01545	0.00422	0.00240	0.00497

[dist]
# distance from previous block
# <min> <max>
2	26

[block]
# block no. 7 follows, 69 sequences, length 13
# corresponding to MSA columns:
# 280-292
name=unknown_H
#
# <colnr> <probs for GDERKNQSTAVLIFYWHMCP>
#	G	D	E	R	K	N	Q	S	T	A	V	L	I	F	Y	W	H	M	C	P
0	0.03670	0.07511	0.15817	0.03535	0.12612	0.03140	0.06348	0.06739	0.07594	0.02475	0.03779	0.03795	0.05055	0.00510	0.00413	0.00129	0.00456	0.00409	0.00285	0.15728
1	0.05246	0.06821	0.07010	0.14580	0.20382	0.05316	0.02140	0.09176	0.06858	0.01331	0.02386	0.01012	0.00695	0.00562	0.05734	0.00148	0.02733	0.00335	0.00232	0.07304
2	0.00684	0.02240	0.00630	0.00562	0.00692	0.04055	0.01620	0.01903	0.03756	0.04162	0.23582	0.14809	0.14784	0.09783	0.02280	0.00161	0.00294	0.03657	0.01947	0.08399
3	0.03982	0.10143	0.30014	0.01248	0.14611	0.04880	0.09878	0.08867	0.06837	0.02703	0.00792	0.00907	0.00601	0.00382	0.00369	0.00117	0.00506	0.00323	0.00223	0.02617
4	0.00648	0.00522	0.00689	0.00621	0.00727	0.00555	0.00472	0.00758	0.00661	0.00966	0.01036	0.03311	0.02798	0.18831	0.36465	0.00383	0.11086	0.00425	0.00222	0.18825
5	0.00815	0.10300	0.72761	0.01070	0.01602	0.00985	0.01348	0.01223	0.00815	0.01198	0.00680	0.00809	0.00498	0.00381	0.00397	0.00122	0.03979	0.00284	0.00166	0.00566
6	0.00477	0.00344	0.00452	0.00538	0.00566	0.00319	0.00360	0.00547	0.00758	0.01004	0.02260	0.81451	0.07044	0.01215	0.00498	0.00158	0.00226	0.01099	0.00364	0.00319
7	0.00525	0.00400	0.00482	0.00462	0.00567	0.00357	0.00346	0.00682	0.01039	0.01404	0.57504	0.03205	0.29870	0.00864	0.00463	0.00126	0.00189	0.00748	0.00409	0.00357
8	0.00483	0.00346	0.00460	0.00542	0.00570	0.00322	0.00364	0.00560	0.00777	0.01042	0.08083	0.79926	0.02673	0.01197	0.00498	0.00157	0.00224	0.01085	0.00369	0.00322
9	0.00806	0.00758	0.01252	0.61498	0.20867	0.00891	0.01086	0.01112	0.05784	0.01103	0.00760	0.01054	0.00586	0.00391	0.00392	0.00128	0.00497	0.00354	0.00192	0.00488
10	0.00926	0.01201	0.20269	0.04597	0.43479	0.00945	0.18207	0.03341	0.00906	0.01289	0.00745	0.00958	0.00586	0.00355	0.00400	0.00122	0.00533	0.00360	0.00193	0.00588
11	0.00681	0.00340	0.00511	0.00511	0.00511	0.00340	0.00340	0.00511	0.00511	0.00681	0.00681	0.01192	0.00681	0.01362	0.01532	0.88594	0.00340	0.00340	0.00170	0.00170
12	0.00692	0.00603	0.04605	0.02748	0.04135	0.00551	0.06347	0.05281	0.02495	0.02363	0.13147	0.04792	0.14816	0.28693	0.00963	0.00211	0.02219	0.01600	0.03361	0.00378

[dist]
# distance from previous block
# <min> <max>
0	1

[block]
# block no. 8 follows, 69 sequences, length 26
# corresponding to MSA columns:
# 294-319
name=unknown_I
#
# <colnr> <probs for GDERKNQSTAVLIFYWHMCP>
#	G	D	E	R	K	N	Q	S	T	A	V	L	I	F	Y	W	H	M	C	P
0	0.01170	0.49035	0.09168	0.00833	0.01155	0.23589	0.03236	0.01327	0.00905	0.05471	0.00637	0.00719	0.00531	0.00365	0.00304	0.00096	0.00513	0.00246	0.00195	0.00507
1	0.00511	0.00393	0.00442	0.00454	0.00545	0.00353	0.00330	0.00602	0.00844	0.01061	0.11677	0.10436	0.45869	0.15604	0.00753	0.01683	0.00247	0.07533	0.00346	0.00318
2	0.01464	0.01868	0.01111	0.01010	0.01212	0.84648	0.00757	0.01565	0.01111	0.00959	0.00606	0.00707	0.00505	0.00404	0.00353	0.00101	0.00707	0.00252	0.00202	0.00454
3	0.00813	0.00697	0.00813	0.00581	0.00929	0.00523	0.00465	0.00987	0.00813	0.01277	0.00697	0.00813	0.00581	0.00290	0.00290	0.00058	0.00290	0.00232	0.00232	0.88619
4	0.01704	0.00755	0.00964	0.00739	0.01044	0.00706	0.00610	0.18235	0.01268	0.67517	0.01424	0.01255	0.00909	0.00482	0.00394	0.00121	0.00353	0.00386	0.00466	0.00667
5	0.00510	0.00368	0.00492	0.00573	0.00611	0.00354	0.00404	0.00618	0.02382	0.01046	0.04357	0.69605	0.02500	0.01247	0.03488	0.00177	0.00272	0.10303	0.00361	0.00332
6	0.00786	0.02028	0.84191	0.01117	0.01697	0.00910	0.01448	0.01242	0.00828	0.01242	0.00704	0.00828	0.00497	0.00372	0.00372	0.00124	0.00579	0.00290	0.00166	0.00579
7	0.00567	0.00379	0.00428	0.00431	0.00432	0.00378	0.00241	0.00569	0.00575	0.00767	0.01262	0.04991	0.01459	0.83750	0.01952	0.00374	0.00376	0.00586	0.00241	0.00240
8	0.00740	0.00697	0.01176	0.85280	0.02700	0.00871	0.01089	0.01002	0.00784	0.01002	0.00697	0.01045	0.00523	0.00392	0.00392	0.00131	0.00523	0.00348	0.00174	0.00436
9	0.00606	0.00398	0.00483	0.00459	0.00559	0.00369	0.00345	0.00780	0.01023	0.03057	0.55278	0.02672	0.11901	0.00742	0.00420	0.00117	0.00189	0.00641	0.19592	0.00370
10	0.00570	0.00380	0.00428	0.00428	0.00428	0.00380	0.00238	0.00570	0.00570	0.00760	0.01235	0.02566	0.01425	0.86222	0.01995	0.00380	0.00380	0.00570	0.00238	0.00238
11	0.00536	0.00400	0.00498	0.00473	0.00574	0.00362	0.00355	0.00703	0.01065	0.01466	0.67045	0.03104	0.20291	0.00841	0.00463	0.00125	0.00188	0.00734	0.00418	0.00362
12	0.00867	0.00844	0.02636	0.28382	0.47075	0.02091	0.02196	0.01105	0.00847	0.01163	0.00790	0.01150	0.00667	0.00529	0.04862	0.00151	0.00519	0.03399	0.00195	0.00534
13	0.01109	0.49743	0.04379	0.06506	0.01221	0.20408	0.02800	0.02924	0.00882	0.00988	0.00587	0.00712	0.00511	0.00379	0.00357	0.00099	0.05476	0.00248	0.00182	0.00490
14	0.28626	0.00894	0.02199	0.26781	0.07645	0.07225	0.02921	0.09328	0.00902	0.05952	0.00713	0.00882	0.00538	0.00402	0.00375	0.00124	0.03463	0.00303	0.00238	0.00487
15	0.00917	0.01149	0.18691	0.14166	0.29287	0.04153	0.11559	0.02382	0.04167	0.02989	0.00853	0.01098	0.01828	0.00408	0.00423	0.00126	0.02782	0.02262	0.00209	0.00552
16	0.00489	0.00387	0.00436	0.00447	0.00546	0.00338	0.00324	0.00597	0.00902	0.01148	0.20550	0.19440	0.48356	0.03612	0.00517	0.00143	0.00207	0.00850	0.00375	0.00334
17	0.00555	0.00403	0.00468	0.00471	0.00576	0.00358	0.00345	0.01736	0.00923	0.04223	0.20700	0.22099	0.41277	0.00976	0.00480	0.01350	0.00212	0.00831	0.01665	0.00352
18	0.74193	0.00743	0.00633	0.00546	0.00799	0.00828	0.00450	0.01281	0.00744	0.15719	0.00716	0.00755	0.00517	0.00384	0.00268	0.00121	0.00308	0.00243	0.00284	0.00466
19	0.00638	0.00435	0.00521	0.00502	0.02109	0.00382	0.00371	0.00780	0.01002	0.09561	0.35365	0.03142	0.42030	0.00854	0.00455	0.00127	0.00211	0.00728	0.00400	0.00385
20	0.01411	0.01042	0.01114	0.00868	0.01163	0.01155	0.00712	0.71829	0.08663	0.02353	0.01012	0.01010	0.00727	0.00475	0.00387	0.00118	0.00409	0.00361	0.04540	0.00649
21	0.00925	0.01058	0.02313	0.01652	0.02049	0.00991	0.82353	0.01256	0.00925	0.01256	0.00793	0.01058	0.00595	0.00330	0.00463	0.00132	0.00661	0.00463	0.00198	0.00529
22	0.00740	0.00697	0.01176	0.85280	0.02700	0.00871	0.01089	0.01002	0.00784	0.01002	0.00697	0.01045	0.00523	0.00392	0.00392	0.00131	0.00523	0.00348	0.00174	0.00436
23	0.01074	0.83287	0.02012	0.00672	0.01006	0.01515	0.00667	0.01201	0.00809	0.03995	0.00582	0.00655	0.00520	0.00341	0.00257	0.00085	0.00416	0.00216	0.00179	0.00509
24	0.00588	0.03637	0.00611	0.00594	0.00680	0.03404	0.01785	0.01785	0.00815	0.01064	0.03139	0.57608	0.08691	0.01047	0.00471	0.00146	0.00274	0.07587	0.00341	0.05730
25	0.04092	0.01715	0.01112	0.06543	0.03168	0.72380	0.00779	0.03750	0.01091	0.01036	0.00622	0.00739	0.00511	0.00403	0.00354	0.00104	0.00669	0.00263	0.00207	0.00462

[dist]
# distance from previous block
# <min> <max>
0	1

[block]
# block no. 9 follows, 69 sequences, length 9
# corresponding to MSA columns:
# 321-329
name=unknown_J
#
# <colnr> <probs for GDERKNQSTAVLIFYWHMCP>
#	G	D	E	R	K	N	Q	S	T	A	V	L	I	F	Y	W	H	M	C	P
0	0.00693	0.00697	0.08058	0.00835	0.04576	0.00718	0.00677	0.03432	0.00687	0.01003	0.00898	0.01351	0.00839	0.07386	0.47364	0.00431	0.19352	0.00396	0.00205	0.00402
1	0.00560	0.00420	0.00630	0.00630	0.00700	0.00490	0.00490	0.00700	0.00630	0.00910	0.01050	0.01540	0.00980	0.02940	0.84669	0.00630	0.01050	0.00420	0.00210	0.00350
2	0.00921	0.39355	0.15593	0.00822	0.04331	0.05182	0.02748	0.02855	0.03034	0.01106	0.02783	0.01210	0.11540	0.00460	0.00352	0.00105	0.02354	0.00345	0.02535	0.02369
3	0.00565	0.00402	0.00538	0.00538	0.00576	0.00440	0.00375	0.00641	0.00603	0.00842	0.01134	0.02007	0.01183	0.40828	0.47058	0.00516	0.00745	0.00488	0.00223	0.00299
4	0.00478	0.00341	0.00455	0.00546	0.00569	0.00318	0.00364	0.00546	0.00751	0.01001	0.02161	0.85966	0.02593	0.01228	0.00500	0.00159	0.00227	0.01114	0.00364	0.00318
5	0.00905	0.11937	0.27753	0.01042	0.08160	0.03753	0.07528	0.01181	0.03020	0.07109	0.01082	0.06118	0.06416	0.02065	0.00464	0.00125	0.05738	0.00400	0.00232	0.04970
6	0.06016	0.16632	0.17784	0.00856	0.05680	0.03367	0.00781	0.07485	0.04426	0.08009	0.00815	0.02481	0.00644	0.00383	0.00329	0.00099	0.00408	0.00294	0.00247	0.23264
7	0.00479	0.00354	0.00449	0.00517	0.00563	0.00324	0.00353	0.00560	0.00796	0.01043	0.07015	0.66791	0.16999	0.01163	0.00492	0.00152	0.00220	0.01041	0.00368	0.00324
8	0.02348	0.00918	0.08081	0.02750	0.25195	0.00853	0.10901	0.09507	0.08005	0.04712	0.09037	0.06020	0.03210	0.00561	0.02170	0.00137	0.04316	0.00457	0.00278	0.00544

[dist]
# distance from previous block
# <min> <max>
0	2

[block]
# block no. 10 follows, 69 sequences, length 17
# corresponding to MSA columns:
# 332-348
name=unknown_K
#
# <colnr> <probs for GDERKNQSTAVLIFYWHMCP>
#	G	D	E	R	K	N	Q	S	T	A	V	L	I	F	Y	W	H	M	C	P
0	0.04165	0.40335	0.13832	0.00816	0.03101	0.04848	0.02005	0.09143	0.00915	0.01216	0.00684	0.03156	0.00589	0.00384	0.00323	0.00097	0.01850	0.00276	0.00209	0.12056
1	0.00886	0.02319	0.20456	0.06772	0.17960	0.02219	0.14737	0.01390	0.20758	0.01331	0.04073	0.01220	0.03227	0.00434	0.00402	0.00126	0.00476	0.00401	0.00250	0.00562
2	0.00508	0.00366	0.00438	0.00479	0.00516	0.00343	0.00311	0.00563	0.00728	0.00951	0.04904	0.41488	0.16264	0.29165	0.00985	0.00226	0.00271	0.00872	0.00325	0.00296
3	0.00901	0.04851	0.05668	0.13155	0.32030	0.03848	0.01831	0.04059	0.05869	0.02980	0.03666	0.04468	0.04084	0.00565	0.02586	0.00139	0.04010	0.04520	0.00243	0.00525
4	0.05485	0.33743	0.19674	0.00966	0.05582	0.03455	0.07428	0.08053	0.03782	0.04232	0.00772	0.00943	0.00629	0.00397	0.00337	0.00110	0.00470	0.03180	0.00221	0.00541
5	0.04231	0.00876	0.06731	0.04434	0.20729	0.02268	0.02141	0.04172	0.07516	0.06946	0.04747	0.28985	0.01601	0.00799	0.00492	0.00163	0.00415	0.01829	0.00357	0.00569
6	0.00473	0.00391	0.00410	0.00418	0.00533	0.00333	0.00306	0.00570	0.00879	0.01068	0.07587	0.12190	0.68587	0.03853	0.00518	0.00143	0.00207	0.00843	0.00363	0.00328
7	0.06108	0.31880	0.18640	0.00928	0.05158	0.04567	0.06711	0.04640	0.06533	0.03727	0.02904	0.03373	0.00738	0.02076	0.00369	0.00115	0.00455	0.00327	0.00225	0.00526
8	0.03283	0.18272	0.26287	0.04363	0.09041	0.04655	0.05966	0.03265	0.04992	0.05817	0.03488	0.04165	0.00824	0.00450	0.00369	0.00119	0.00474	0.03406	0.00233	0.00534
9	0.00573	0.00382	0.00432	0.00437	0.00445	0.00380	0.00254	0.00586	0.00596	0.00801	0.01324	0.04039	0.02814	0.78351	0.01852	0.00358	0.00369	0.03168	0.02590	0.00248
10	0.00574	0.00442	0.00604	0.00554	0.00631	0.00428	0.05507	0.00683	0.00836	0.01139	0.30621	0.08846	0.11765	0.29832	0.03661	0.00232	0.02320	0.00672	0.00325	0.00328
11	0.02453	0.15796	0.26062	0.00998	0.07256	0.00975	0.03524	0.04128	0.08811	0.04311	0.00853	0.01017	0.00685	0.00848	0.14898	0.00207	0.06099	0.00331	0.00221	0.00526
12	0.00977	0.34917	0.30021	0.00965	0.04759	0.05280	0.02889	0.04207	0.08299	0.01177	0.00725	0.00817	0.00577	0.00383	0.00352	0.00109	0.02519	0.00280	0.00199	0.00547
13	0.00799	0.00840	0.08065	0.00871	0.07183	0.07005	0.05368	0.04228	0.12995	0.01408	0.31537	0.02001	0.08440	0.03326	0.00512	0.00134	0.03957	0.00534	0.00331	0.00466
14	0.00634	0.00407	0.00515	0.00515	0.00603	0.00372	0.00373	0.00750	0.00912	0.08780	0.28929	0.26788	0.14956	0.09618	0.00626	0.00163	0.00240	0.04071	0.00384	0.00363
15	0.00740	0.00624	0.02284	0.04233	0.09006	0.03993	0.04360	0.05518	0.01688	0.04521	0.11235	0.25187	0.16183	0.00813	0.00447	0.00135	0.00321	0.04804	0.03487	0.00421
16	0.03964	0.03844	0.05110	0.00894	0.09890	0.04663	0.02596	0.07251	0.05000	0.04660	0.00855	0.01815	0.02109	0.00375	0.00352	0.00090	0.02162	0.00301	0.00254	0.43816

[dist]
# distance from previous block
# <min> <max>
4	22

[block]
# block no. 11 follows, 69 sequences, length 11
# corresponding to MSA columns:
# 372-382
name=unknown_L
#
# <colnr> <probs for GDERKNQSTAVLIFYWHMCP>
#	G	D	E	R	K	N	Q	S	T	A	V	L	I	F	Y	W	H	M	C	P
0	0.01080	0.15519	0.07716	0.02641	0.15351	0.11469	0.13870	0.14782	0.02404	0.01357	0.00808	0.00945	0.02250	0.00440	0.01964	0.00121	0.01797	0.00335	0.00231	0.04922
1	0.01322	0.12001	0.01299	0.01062	0.10150	0.25910	0.02856	0.30157	0.03773	0.03691	0.00812	0.00882	0.00626	0.00419	0.00361	0.00108	0.00507	0.00312	0.03188	0.00563
2	0.00603	0.00399	0.00498	0.00494	0.00538	0.00407	0.00331	0.00669	0.00671	0.03700	0.06616	0.06698	0.05230	0.45682	0.22260	0.00384	0.00510	0.00569	0.03438	0.00302
3	0.00557	0.00414	0.00497	0.00473	0.00580	0.00382	0.00356	0.00754	0.03945	0.01444	0.56707	0.02999	0.22878	0.00819	0.00450	0.00124	0.00193	0.00709	0.05350	0.00369
4	0.00617	0.00404	0.00489	0.00492	0.00564	0.00382	0.00346	0.00735	0.02321	0.05238	0.20797	0.19329	0.11933	0.22924	0.00851	0.00198	0.00264	0.04690	0.07086	0.00339
5	0.01048	0.86458	0.02054	0.00671	0.01006	0.01551	0.00671	0.01174	0.00797	0.00922	0.00545	0.00629	0.00503	0.00335	0.00252	0.00084	0.00419	0.00210	0.00168	0.00503
6	0.00591	0.00399	0.00513	0.00509	0.00598	0.00363	0.00372	0.00733	0.00988	0.05987	0.47907	0.26118	0.11595	0.00923	0.00469	0.00134	0.00207	0.00817	0.00409	0.00368
7	0.00560	0.00420	0.00630	0.00630	0.00700	0.00490	0.00490	0.00700	0.00630	0.00910	0.01050	0.01540	0.00980	0.02940	0.84669	0.00630	0.01050	0.00420	0.00210	0.00350
8	0.00500	0.00390	0.00445	0.00447	0.00545	0.00345	0.00324	0.00615	0.00920	0.01189	0.27972	0.13667	0.43531	0.06658	0.00570	0.00149	0.00210	0.00810	0.00376	0.00335
9	0.00890	0.11177	0.01056	0.00668	0.01001	0.00734	0.03501	0.06154	0.00872	0.01296	0.00690	0.00809	0.00575	0.00324	0.00336	0.00072	0.03570	0.00250	0.00231	0.65793
10	0.00799	0.00727	0.02753	0.54772	0.15373	0.00811	0.00994	0.02916	0.00842	0.04054	0.01017	0.07265	0.05080	0.00481	0.00403	0.00130	0.00467	0.00429	0.00217	0.00468

[dist]
# distance from previous block
# <min> <max>
0	3

[block]
# block no. 12 follows, 69 sequences, length 17
# corresponding to MSA columns:
# 386-402
name=unknown_M
#
# <colnr> <probs for GDERKNQSTAVLIFYWHMCP>
#	G	D	E	R	K	N	Q	S	T	A	V	L	I	F	Y	W	H	M	C	P
0	0.01107	0.29864	0.09135	0.03373	0.07662	0.20167	0.07585	0.05693	0.06351	0.02099	0.03018	0.00882	0.00668	0.00391	0.00342	0.00106	0.00512	0.00301	0.00218	0.00523
1	0.00959	0.03317	0.01487	0.08080	0.60990	0.02698	0.03339	0.04753	0.00905	0.01260	0.00762	0.01035	0.00648	0.03458	0.03288	0.00144	0.01742	0.00357	0.00203	0.00575
2	0.00609	0.00423	0.00524	0.00510	0.00612	0.00398	0.00385	0.00813	0.04789	0.03932	0.49519	0.11277	0.12619	0.00835	0.00452	0.00129	0.00210	0.04833	0.06751	0.00380
3	0.00703	0.00494	0.00674	0.00735	0.08084	0.01727	0.00475	0.02269	0.06826	0.00921	0.00968	0.02837	0.00940	0.15244	0.23076	0.32527	0.00546	0.00418	0.00218	0.00318
4	0.00484	0.00368	0.00442	0.00486	0.00553	0.00330	0.00338	0.00574	0.00834	0.01077	0.11789	0.46243	0.30229	0.03705	0.00529	0.00153	0.00218	0.00955	0.00368	0.00326
5	0.00490	0.00398	0.00436	0.00438	0.00555	0.00344	0.00330	0.00608	0.00930	0.01163	0.19603	0.07373	0.60358	0.00970	0.00468	0.00134	0.00205	0.04480	0.00377	0.00339
6	0.01048	0.86458	0.02054	0.00671	0.01006	0.01551	0.00671	0.01174	0.00797	0.00922	0.00545	0.00629	0.00503	0.00335	0.00252	0.00084	0.00419	0.00210	0.00168	0.00503
7	0.00511	0.00395	0.00428	0.00426	0.00523	0.00351	0.00305	0.00608	0.00859	0.01090	0.15222	0.03356	0.50534	0.18076	0.00768	0.00181	0.00237	0.02961	0.02850	0.00320
8	0.01464	0.01868	0.01111	0.01010	0.01212	0.84648	0.00757	0.01565	0.01111	0.00959	0.00606	0.00707	0.00505	0.00404	0.00353	0.00101	0.00707	0.00252	0.00202	0.00454
9	0.00839	0.00687	0.00805	0.00587	0.00919	0.00531	0.00469	0.01041	0.03334	0.04202	0.04533	0.00947	0.00755	0.00328	0.00305	0.00066	0.00288	0.00266	0.00255	0.78842
10	0.00578	0.00379	0.00440	0.00440	0.00443	0.00381	0.00253	0.00570	0.00568	0.00759	0.01189	0.02433	0.01357	0.77355	0.04695	0.06743	0.00399	0.00549	0.00232	0.00236
