[name]
unknown

[dist]
# distance from previous block
# <min> <max>
0	881

[block]
# block no. 0 follows, 69 sequences, length 42
# corresponding to MSA columns:
# 891-914,919-936
name=unknown_A
#
# <colnr> <probs for GDERKNQSTAVLIFYWHMCP>
#	G	D	E	R	K	N	Q	S	T	A	V	L	I	F	Y	W	H	M	C	P
0	0.00632	0.00451	0.00632	0.00722	0.00812	0.00451	0.00632	0.00812	0.00902	0.01173	0.02076	0.04422	0.02256	0.01083	0.00541	0.00180	0.00361	0.81138	0.00361	0.00361
1	0.00569	0.00385	0.00453	0.00453	0.00461	0.00394	0.00269	0.00586	0.00578	0.00779	0.01212	0.02438	0.01370	0.75874	0.12268	0.00411	0.00463	0.00551	0.00234	0.00252
2	0.00858	0.00858	0.01201	0.01029	0.01029	0.01201	0.00858	0.00943	0.00600	0.00943	0.00515	0.00858	0.00515	0.00686	0.01287	0.00172	0.85505	0.00343	0.00172	0.00429
3	0.00477	0.00344	0.00452	0.00539	0.00567	0.00319	0.00361	0.00547	0.00757	0.01004	0.02246	0.82085	0.06419	0.01217	0.00499	0.00158	0.00226	0.01101	0.00364	0.00319
4	0.01438	0.00596	0.00803	0.00640	0.00886	0.00521	0.00517	0.01593	0.01103	0.62157	0.19976	0.01767	0.03275	0.02330	0.00444	0.00127	0.00298	0.00477	0.00466	0.00585
5	0.00984	0.00925	0.01574	0.15761	0.37899	0.00958	0.18125	0.12831	0.02082	0.01397	0.00822	0.03353	0.00668	0.00397	0.00408	0.00124	0.00503	0.00396	0.00227	0.00569
6	0.41941	0.04972	0.00940	0.00712	0.00994	0.01076	0.00593	0.41019	0.01250	0.02068	0.00740	0.00786	0.00547	0.00415	0.00316	0.00118	0.00372	0.00281	0.00312	0.00547
7	0.00488	0.00364	0.00455	0.00505	0.00563	0.00330	0.00351	0.00584	0.00845	0.01115	0.17021	0.53843	0.19899	0.01103	0.00486	0.00147	0.00214	0.00982	0.00376	0.00330
8	0.00560	0.00420	0.00630	0.00630	0.00700	0.00490	0.00490	0.00700	0.00630	0.00910	0.01050	0.01540	0.00980	0.02940	0.84669	0.00630	0.01050	0.00420	0.00210	0.00350
9	0.01136	0.06793	0.02464	0.05465	0.09523	0.08783	0.03421	0.13477	0.20347	0.10751	0.01092	0.05659	0.00873	0.00508	0.00466	0.00126	0.07843	0.00402	0.00309	0.00563
10	0.01205	0.01421	0.03384	0.04907	0.07427	0.40666	0.17647	0.07023	0.01031	0.01156	0.00674	0.00849	0.00545	0.00419	0.00486	0.00119	0.10013	0.00325	0.00208	0.00496
11	0.00588	0.00371	0.00520	0.00534	0.00576	0.00380	0.00381	0.00587	0.00636	0.00861	0.01431	0.15071	0.11009	0.01739	0.25578	0.36231	0.00510	0.00546	0.02178	0.00270
12	0.01233	0.01371	0.01054	0.01025	0.07150	0.44027	0.00739	0.05037	0.27976	0.01278	0.01017	0.01144	0.00822	0.00474	0.00381	0.00117	0.00533	0.03815	0.00281	0.00526
13	0.00813	0.00881	0.09055	0.26884	0.36245	0.00824	0.03669	0.01058	0.00840	0.01157	0.00940	0.10593	0.00870	0.00493	0.00409	0.00129	0.00469	0.03947	0.00212	0.00513
14	0.00873	0.00822	0.01397	0.32346	0.45414	0.00887	0.03911	0.01129	0.03323	0.01164	0.00748	0.01025	0.00604	0.00413	0.00442	0.03939	0.00483	0.00355	0.00192	0.00531
15	0.02176	0.05444	0.66294	0.01042	0.03236	0.00885	0.01260	0.01202	0.00823	0.01242	0.00694	0.00817	0.00510	0.00359	0.00354	0.00113	0.00526	0.00278	0.00177	0.12567
16	0.00853	0.01372	0.32069	0.01383	0.01817	0.00939	0.46213	0.01211	0.00874	0.01234	0.01895	0.02730	0.00645	0.00422	0.01775	0.00139	0.03291	0.00412	0.00192	0.00535
17	0.00587	0.00459	0.00681	0.00666	0.00729	0.00554	0.00523	0.00722	0.00627	0.00913	0.01002	0.01479	0.00939	0.02739	0.77223	0.00589	0.08591	0.00413	0.00207	0.00357
18	0.01437	0.08844	0.01228	0.00893	0.01185	0.16582	0.00733	0.55988	0.04055	0.03952	0.00878	0.00895	0.00646	0.00448	0.00373	0.00112	0.00475	0.00325	0.00340	0.00612
19	0.00522	0.00398	0.00469	0.00453	0.00560	0.00354	0.00339	0.00671	0.01012	0.01357	0.48808	0.04560	0.35245	0.00876	0.00459	0.00127	0.00191	0.00754	0.02493	0.00354
20	0.00478	0.00341	0.00455	0.00546	0.00569	0.00318	0.00364	0.00546	0.00751	0.01001	0.02161	0.85966	0.02593	0.01228	0.00500	0.00159	0.00227	0.01114	0.00364	0.00318
21	0.00469	0.00396	0.00406	0.00406	0.00534	0.00333	0.00304	0.00573	0.00904	0.01090	0.08949	0.05411	0.76915	0.00986	0.00464	0.00132	0.00198	0.00826	0.00368	0.00333
22	0.00483	0.00345	0.00461	0.00552	0.00577	0.00323	0.00373	0.00555	0.00756	0.01007	0.02158	0.83149	0.02581	0.01223	0.00502	0.00160	0.00232	0.03880	0.00364	0.00320
23	0.88991	0.00758	0.00576	0.00516	0.00758	0.00879	0.00425	0.01152	0.00667	0.01759	0.00546	0.00637	0.00425	0.00364	0.00243	0.00121	0.00303	0.00212	0.00243	0.00425
24	0.00476	0.00348	0.00448	0.00528	0.00564	0.00320	0.00356	0.00548	0.00768	0.01008	0.02378	0.76125	0.12294	0.01200	0.00496	0.00156	0.00224	0.01080	0.00364	0.00320
25	0.01029	0.80337	0.08010	0.00703	0.01056	0.01505	0.00727	0.01179	0.00799	0.00945	0.00557	0.00643	0.00503	0.00338	0.00260	0.00087	0.00431	0.00215	0.00168	0.00509
26	0.06487	0.05770	0.01140	0.01009	0.03778	0.73246	0.00748	0.01512	0.01064	0.01014	0.00604	0.00708	0.00504	0.00397	0.00343	0.00102	0.00662	0.00251	0.00202	0.00460
27	0.01715	0.00737	0.00953	0.00731	0.01036	0.00680	0.00604	0.14945	0.01239	0.70849	0.01449	0.01271	0.00921	0.00483	0.00394	0.00121	0.00349	0.00388	0.00470	0.00667
28	0.88991	0.00758	0.00576	0.00516	0.00758	0.00879	0.00425	0.01152	0.00667	0.01759	0.00546	0.00637	0.00425	0.00364	0.00243	0.00121	0.00303	0.00212	0.00243	0.00425
29	0.00970	0.00931	0.01591	0.02406	0.83777	0.00931	0.01203	0.01203	0.00893	0.01281	0.00737	0.00970	0.00621	0.00349	0.00388	0.00116	0.00466	0.00349	0.00194	0.00621
30	0.00987	0.00848	0.00893	0.00800	0.01024	0.00981	0.00623	0.03884	0.81249	0.01659	0.01581	0.01451	0.01185	0.00531	0.00399	0.00133	0.00313	0.00441	0.00399	0.00622
31	0.01032	0.00870	0.00919	0.00809	0.01041	0.01002	0.00634	0.10984	0.74075	0.01732	0.01523	0.01405	0.01138	0.00525	0.00398	0.00131	0.00324	0.00433	0.00398	0.00626
32	0.00558	0.00377	0.00439	0.00451	0.00457	0.00376	0.00264	0.00572	0.00596	0.00798	0.01350	0.13506	0.01561	0.71638	0.05165	0.00361	0.00387	0.00636	0.00253	0.00253
33	0.00480	0.00351	0.00446	0.00520	0.00557	0.00323	0.00349	0.00549	0.00762	0.00998	0.02368	0.71117	0.13603	0.04894	0.00560	0.00165	0.00230	0.01052	0.00358	0.00317
34	0.00786	0.02028	0.84191	0.01117	0.01697	0.00910	0.01448	0.01242	0.00828	0.01242	0.00704	0.00828	0.00497	0.00372	0.00372	0.00124	0.00579	0.00290	0.00166	0.00579
35	0.00938	0.00931	0.03145	0.04950	0.18835	0.02703	0.16828	0.04782	0.18650	0.01316	0.00984	0.01293	0.00821	0.00504	0.00580	0.00138	0.16126	0.05683	0.00253	0.00540
36	0.00499	0.00361	0.00455	0.00519	0.00567	0.00335	0.00356	0.00600	0.01961	0.01081	0.08698	0.64515	0.12702	0.01124	0.00482	0.00150	0.00220	0.01006	0.04038	0.00330
37	0.00970	0.00931	0.01591	0.02406	0.83777	0.00931	0.01203	0.01203	0.00893	0.01281	0.00737	0.00970	0.00621	0.00349	0.00388	0.00116	0.00466	0.00349	0.00194	0.00621
38	0.03133	0.00906	0.08492	0.02501	0.25348	0.01857	0.02364	0.17173	0.01064	0.12386	0.01155	0.16693	0.01048	0.03524	0.00462	0.00135	0.00408	0.00497	0.00303	0.00552
39	0.00664	0.03412	0.16019	0.05579	0.07063	0.01746	0.06647	0.00872	0.02023	0.01099	0.03392	0.26821	0.12856	0.03450	0.05485	0.00173	0.00420	0.01582	0.00274	0.00424
40	0.00637	0.00473	0.00652	0.00635	0.00715	0.00537	0.00485	0.07634	0.00739	0.01039	0.01148	0.09101	0.01127	0.09224	0.62235	0.00518	0.02006	0.00487	0.00241	0.00366
41	0.11942	0.01873	0.00939	0.02692	0.03880	0.06581	0.01477	0.25887	0.06723	0.04850	0.02219	0.07857	0.05400	0.01488	0.00419	0.00121	0.02953	0.01405	0.00317	0.10977

[dist]
# distance from previous block
# <min> <max>
0	45

[block]
# block no. 1 follows, 69 sequences, length 22
# corresponding to MSA columns:
# 982-1003
name=unknown_B
#
# <colnr> <probs for GDERKNQSTAVLIFYWHMCP>
#	G	D	E	R	K	N	Q	S	T	A	V	L	I	F	Y	W	H	M	C	P
0	0.06949	0.07814	0.04464	0.05349	0.25922	0.07024	0.02271	0.07076	0.02801	0.05366	0.04638	0.01089	0.02621	0.00539	0.04147	0.00138	0.04991	0.00348	0.00244	0.06210
1	0.01023	0.03919	0.04120	0.00798	0.05816	0.00816	0.00620	0.31193	0.04505	0.06754	0.04699	0.03029	0.20605	0.03697	0.06470	0.00167	0.00403	0.00500	0.00346	0.00520
2	0.00730	0.00655	0.00989	0.06573	0.35184	0.00656	0.00761	0.00959	0.06658	0.01174	0.01813	0.22605	0.18218	0.00715	0.00432	0.00132	0.00344	0.00643	0.00284	0.00475
3	0.01016	0.13212	0.02438	0.04462	0.17600	0.00848	0.00730	0.09883	0.00966	0.08089	0.00848	0.01066	0.00700	0.00389	0.00342	0.00095	0.00380	0.04374	0.00256	0.32306
4	0.09438	0.00673	0.00726	0.00620	0.00827	0.03111	0.00472	0.12451	0.02677	0.05379	0.01259	0.24074	0.02475	0.06731	0.00490	0.00130	0.00314	0.00532	0.00309	0.27311
5	0.04714	0.15372	0.27596	0.01258	0.19829	0.10153	0.01040	0.10170	0.00983	0.04337	0.00725	0.00837	0.00559	0.00379	0.00352	0.00112	0.00505	0.00293	0.00216	0.00569
6	0.00885	0.00789	0.01316	0.47301	0.33829	0.00882	0.01097	0.01148	0.02558	0.05321	0.00774	0.01040	0.00597	0.00383	0.00391	0.00125	0.00487	0.00353	0.00202	0.00523
7	0.00492	0.00418	0.00427	0.00425	0.00557	0.00364	0.00318	0.00643	0.05048	0.01098	0.05657	0.06628	0.74624	0.00974	0.00461	0.00133	0.00205	0.00816	0.00367	0.00346
8	0.00705	0.00557	0.00769	0.00729	0.02198	0.00569	0.06960	0.01034	0.16972	0.04584	0.16552	0.30701	0.06589	0.00860	0.00492	0.00143	0.03239	0.05551	0.00365	0.00429
9	0.00819	0.00702	0.00816	0.00589	0.00932	0.00539	0.00470	0.01028	0.03849	0.01291	0.00730	0.00837	0.00603	0.00299	0.00294	0.00061	0.00291	0.00240	0.00238	0.85371
10	0.00975	0.00842	0.00886	0.00798	0.01019	0.00975	0.00621	0.02083	0.83069	0.01640	0.01596	0.01463	0.01197	0.00532	0.00399	0.00133	0.00310	0.00443	0.00399	0.00621
11	0.00550	0.00404	0.00518	0.00498	0.00595	0.00371	0.00380	0.00726	0.01073	0.01492	0.69817	0.03116	0.11978	0.00840	0.00468	0.00128	0.00198	0.06062	0.00420	0.00365
12	0.88991	0.00758	0.00576	0.00516	0.00758	0.00879	0.00425	0.01152	0.00667	0.01759	0.00546	0.00637	0.00425	0.00364	0.00243	0.00121	0.00303	0.00212	0.00243	0.00425
13	0.00925	0.01058	0.02313	0.01652	0.02049	0.00991	0.82353	0.01256	0.00925	0.01256	0.00793	0.01058	0.00595	0.00330	0.00463	0.00132	0.00661	0.00463	0.00198	0.00529
14	0.01464	0.01868	0.01111	0.01010	0.01212	0.84648	0.00757	0.01565	0.01111	0.00959	0.00606	0.00707	0.00505	0.00404	0.00353	0.00101	0.00707	0.00252	0.00202	0.00454
15	0.00640	0.00491	0.00598	0.00561	0.00680	0.00493	0.00429	0.01007	0.17464	0.01557	0.61873	0.02718	0.05094	0.00764	0.00453	0.00128	0.00218	0.03994	0.00420	0.00419
16	0.13810	0.00736	0.00852	0.00696	0.00962	0.00744	0.00564	0.07142	0.20415	0.43361	0.03161	0.01346	0.03464	0.00500	0.00377	0.00124	0.00323	0.00397	0.00420	0.00606
17	0.00902	0.00827	0.00982	0.03981	0.05254	0.04978	0.05313	0.01580	0.46117	0.01375	0.03224	0.03576	0.03553	0.05279	0.03187	0.00163	0.07465	0.01387	0.00324	0.00531
18	0.00486	0.00394	0.00432	0.00430	0.00546	0.00340	0.00320	0.00605	0.00937	0.01180	0.23174	0.08827	0.59038	0.00961	0.00465	0.00132	0.00197	0.00817	0.00380	0.00340
19	0.00987	0.00874	0.01170	0.06262	0.17214	0.05304	0.08262	0.08421	0.08890	0.04805	0.00906	0.04113	0.00740	0.00400	0.00366	0.00102	0.00409	0.00355	0.00262	0.30160
20	0.00568	0.00406	0.00506	0.00504	0.00586	0.00383	0.00373	0.00694	0.00899	0.02799	0.33442	0.06872	0.18234	0.16406	0.06568	0.00214	0.00307	0.09543	0.00358	0.00340
21	0.03008	0.29001	0.19079	0.02312	0.08896	0.10693	0.06637	0.05739	0.00913	0.02308	0.00701	0.02697	0.00584	0.00387	0.00352	0.00107	0.01859	0.00298	0.00202	0.04228

[dist]
# distance from previous block
# <min> <max>
1	21

[block]
# block no. 2 follows, 69 sequences, length 23
# corresponding to MSA columns:
# 1025-1047
name=unknown_C
#
# <colnr> <probs for GDERKNQSTAVLIFYWHMCP>
#	G	D	E	R	K	N	Q	S	T	A	V	L	I	F	Y	W	H	M	C	P
0	0.00745	0.00600	0.00731	0.01752	0.02544	0.00647	0.02072	0.06722	0.14946	0.01386	0.14987	0.02442	0.21425	0.00739	0.00520	0.00135	0.09100	0.09066	0.09004	0.00438
1	0.00855	0.00884	0.00778	0.02572	0.05395	0.23639	0.00559	0.02677	0.05365	0.01158	0.14240	0.14283	0.18040	0.03076	0.01571	0.00140	0.03456	0.00597	0.00307	0.00411
2	0.00498	0.00343	0.00459	0.00537	0.00561	0.00321	0.00359	0.00543	0.00731	0.00970	0.02073	0.74214	0.05326	0.01234	0.00606	0.09316	0.00238	0.01024	0.00344	0.00304
3	0.00945	0.00906	0.01546	0.11452	0.74927	0.00925	0.01191	0.01181	0.00881	0.01250	0.00733	0.00978	0.00610	0.00354	0.00389	0.00118	0.00472	0.00349	0.00192	0.00601
4	0.00539	0.00382	0.00434	0.00444	0.00480	0.00364	0.00278	0.00580	0.00693	0.00902	0.06802	0.12044	0.18102	0.53261	0.01408	0.00288	0.00315	0.02119	0.00290	0.00275
5	0.00662	0.00366	0.00535	0.05142	0.00633	0.00369	0.00377	0.00543	0.00565	0.00738	0.01023	0.01451	0.09261	0.01271	0.01359	0.74588	0.00336	0.00391	0.00191	0.00201
6	0.01048	0.86458	0.02054	0.00671	0.01006	0.01551	0.00671	0.01174	0.00797	0.00922	0.00545	0.00629	0.00503	0.00335	0.00252	0.00084	0.00419	0.00210	0.00168	0.00503
7	0.00523	0.00380	0.00492	0.00505	0.00576	0.00350	0.00363	0.00663	0.00974	0.01346	0.50858	0.31043	0.08548	0.00958	0.00475	0.00136	0.00200	0.00854	0.00404	0.00350
8	0.72185	0.00823	0.00692	0.00590	0.00846	0.00944	0.00486	0.16772	0.00893	0.01896	0.00622	0.00695	0.00471	0.00384	0.00271	0.00121	0.00328	0.00239	0.00271	0.00471
9	0.88991	0.00758	0.00576	0.00516	0.00758	0.00879	0.00425	0.01152	0.00667	0.01759	0.00546	0.00637	0.00425	0.00364	0.00243	0.00121	0.00303	0.00212	0.00243	0.00425
10	0.00923	0.01050	0.02271	0.01629	0.02010	0.00999	0.79235	0.01244	0.00913	0.01244	0.00782	0.01050	0.00592	0.00344	0.00494	0.00134	0.03907	0.00458	0.00197	0.00525
11	0.00884	0.06383	0.45202	0.04561	0.16823	0.00962	0.03629	0.03632	0.07325	0.02328	0.00803	0.01948	0.00616	0.00401	0.00402	0.00123	0.02868	0.00330	0.00204	0.00575
12	0.01392	0.01034	0.02705	0.08358	0.01323	0.06923	0.02960	0.44160	0.09157	0.16377	0.01055	0.01053	0.00740	0.00462	0.00392	0.00120	0.00439	0.00363	0.00367	0.00622
13	0.00487	0.00345	0.00452	0.00534	0.00554	0.00325	0.00351	0.00548	0.00732	0.00976	0.02065	0.77330	0.02472	0.10030	0.00655	0.00182	0.00243	0.01058	0.00351	0.00310
14	0.00740	0.00697	0.01176	0.85280	0.02700	0.00871	0.01089	0.01002	0.00784	0.01002	0.00697	0.01045	0.00523	0.00392	0.00392	0.00131	0.00523	0.00348	0.00174	0.00436
15	0.01214	0.01086	0.09993	0.10626	0.01341	0.09700	0.00802	0.30694	0.06833	0.11625	0.00977	0.01059	0.00718	0.00702	0.09112	0.00172	0.00528	0.00351	0.00313	0.02156
16	0.00562	0.00400	0.00548	0.00636	0.00693	0.00390	0.00502	0.00687	0.00826	0.01085	0.02090	0.40594	0.02383	0.03505	0.00563	0.00177	0.00302	0.43360	0.00359	0.00339
17	0.00681	0.00340	0.00511	0.00511	0.00511	0.00340	0.00340	0.00511	0.00511	0.00681	0.00681	0.01192	0.00681	0.01362	0.01532	0.88594	0.00340	0.00340	0.00170	0.00170
18	0.01245	0.09910	0.10584	0.00840	0.02550	0.02282	0.00747	0.37913	0.02501	0.11667	0.01104	0.02155	0.05230	0.00465	0.00370	0.00111	0.00409	0.00359	0.00331	0.09227
19	0.01023	0.03300	0.33970	0.15862	0.08968	0.12796	0.01123	0.15862	0.01048	0.01378	0.00731	0.00877	0.00544	0.00395	0.00376	0.00119	0.00547	0.00310	0.00216	0.00554
20	0.00576	0.00444	0.00661	0.00652	0.00718	0.00529	0.00510	0.00713	0.00628	0.00912	0.01021	0.01503	0.00955	0.02817	0.80101	0.00605	0.05676	0.00416	0.00208	0.00354
21	0.00563	0.00407	0.00563	0.00563	0.00610	0.00453	0.00406	0.00657	0.00610	0.00860	0.01112	0.01881	0.01128	0.30619	0.57192	0.00547	0.00827	0.00470	0.00219	0.00313
22	0.01169	0.11847	0.03734	0.07572	0.08957	0.11328	0.00747	0.13753	0.07034	0.13405	0.02606	0.02211	0.02392	0.00444	0.00381	0.00110	0.02127	0.00346	0.00291	0.09545

[dist]
# distance from previous block
# <min> <max>
0	2

[block]
# block no. 3 follows, 69 sequences, length 14
# corresponding to MSA columns:
# 1050-1063
name=unknown_D
#
# <colnr> <probs for GDERKNQSTAVLIFYWHMCP>
#	G	D	E	R	K	N	Q	S	T	A	V	L	I	F	Y	W	H	M	C	P
0	0.01089	0.07484	0.03083	0.01328	0.09438	0.18147	0.31973	0.09349	0.06260	0.01299	0.00832	0.03724	0.00679	0.00415	0.00432	0.00121	0.03190	0.00393	0.00232	0.00531
1	0.00934	0.00485	0.00543	0.00483	0.00634	0.00471	0.00377	0.06401	0.03032	0.16333	0.07319	0.01724	0.08907	0.00539	0.00337	0.00106	0.00231	0.00439	0.50263	0.00443
2	0.00858	0.00858	0.01201	0.01029	0.01029	0.01201	0.00858	0.00943	0.00600	0.00943	0.00515	0.00858	0.00515	0.00686	0.01287	0.00172	0.85505	0.00343	0.00172	0.00429
3	0.52889	0.00690	0.00663	0.00561	0.00807	0.00732	0.00459	0.01354	0.00835	0.27067	0.04254	0.00997	0.00762	0.00425	0.00300	0.00119	0.00300	0.00298	0.05993	0.00493
4	0.00477	0.00400	0.00416	0.00418	0.00545	0.00339	0.00317	0.00586	0.00910	0.01103	0.09980	0.03735	0.74162	0.00982	0.00466	0.00134	0.00204	0.04120	0.00369	0.00335
5	0.00589	0.00417	0.00481	0.00455	0.00584	0.00363	0.00345	0.00724	0.00992	0.07058	0.34152	0.03280	0.47367	0.00884	0.00458	0.00128	0.00203	0.00752	0.00398	0.00369
6	0.00567	0.00390	0.00480	0.00480	0.00498	0.00409	0.00303	0.00604	0.00586	0.00799	0.01187	0.02299	0.01310	0.64577	0.23482	0.00445	0.00554	0.00531	0.00230	0.00267
7	0.00526	0.00401	0.00486	0.00476	0.00579	0.00360	0.00361	0.00678	0.01014	0.01359	0.49623	0.05981	0.30311	0.00895	0.00468	0.00131	0.00201	0.05392	0.00403	0.00355
8	0.00528	0.00404	0.00487	0.00479	0.00586	0.00363	0.00368	0.00680	0.01009	0.01342	0.45906	0.03389	0.33496	0.00900	0.00470	0.00132	0.00207	0.08499	0.00399	0.00354
9	0.01048	0.86458	0.02054	0.00671	0.01006	0.01551	0.00671	0.01174	0.00797	0.00922	0.00545	0.00629	0.00503	0.00335	0.00252	0.00084	0.00419	0.00210	0.00168	0.00503
10	0.01425	0.01065	0.01140	0.00889	0.01191	0.01185	0.00729	0.72220	0.12200	0.02365	0.01025	0.01008	0.00734	0.00478	0.00393	0.00120	0.00416	0.00364	0.00393	0.00661
11	0.01143	0.00852	0.00942	0.06210	0.01127	0.00956	0.00650	0.27731	0.37886	0.06476	0.01289	0.01261	0.00949	0.00492	0.00382	0.00123	0.00350	0.00397	0.10188	0.00598
12	0.00977	0.70270	0.01768	0.00649	0.00928	0.03678	0.00612	0.01086	0.00781	0.00913	0.00717	0.06305	0.00726	0.08667	0.00438	0.00118	0.00411	0.00304	0.00188	0.00464
13	0.06631	0.09081	0.01221	0.25074	0.10380	0.02215	0.04164	0.09800	0.12876	0.03119	0.00854	0.00994	0.00657	0.00396	0.00360	0.00114	0.00429	0.00331	0.00251	0.11054

[dist]
# distance from previous block
# <min> <max>
0	8

[block]
# block no. 4 follows, 69 sequences, length 17
# corresponding to MSA columns:
# 1072-1088
name=unknown_E
#
# <colnr> <probs for GDERKNQSTAVLIFYWHMCP>
#	G	D	E	R	K	N	Q	S	T	A	V	L	I	F	Y	W	H	M	C	P
0	0.02936	0.18939	0.28301	0.06056	0.02911	0.01000	0.02467	0.09191	0.05798	0.11948	0.00904	0.02986	0.00697	0.01932	0.02186	0.00132	0.00473	0.00335	0.00253	0.00557
1	0.00760	0.00719	0.01198	0.75441	0.06506	0.00897	0.01078	0.01007	0.00776	0.01011	0.00686	0.01029	0.00527	0.00410	0.00454	0.00133	0.06401	0.00348	0.00175	0.00444
2	0.00508	0.00373	0.00459	0.00514	0.00566	0.00347	0.00361	0.00585	0.00772	0.00996	0.02412	0.44302	0.20673	0.14754	0.00736	0.00191	0.00261	0.10533	0.00343	0.00313
3	0.02675	0.12691	0.27392	0.01106	0.01482	0.04749	0.23990	0.02352	0.06568	0.01238	0.04346	0.05883	0.00831	0.00444	0.00414	0.00124	0.02569	0.00403	0.00220	0.00523
4	0.00867	0.04057	0.67199	0.06907	0.01695	0.00958	0.01326	0.10112	0.00935	0.01351	0.00725	0.00850	0.00517	0.00384	0.00373	0.00123	0.00555	0.00299	0.00191	0.00577
5	0.00867	0.00450	0.00483	0.00443	0.00565	0.00454	0.00340	0.08220	0.00918	0.07228	0.01237	0.01393	0.00956	0.00506	0.00357	0.04572	0.00223	0.00365	0.70020	0.00403
6	0.02327	0.00720	0.02616	0.09998	0.08998	0.02409	0.09767	0.12332	0.01001	0.01409	0.14558	0.01585	0.05566	0.00922	0.14462	0.00205	0.00501	0.00454	0.09709	0.00461
7	0.01009	0.22986	0.23631	0.09834	0.05766	0.15717	0.09302	0.02835	0.03343	0.01126	0.00688	0.00831	0.00543	0.00372	0.00352	0.00111	0.00547	0.00296	0.00189	0.00523
8	0.00988	0.00862	0.11992	0.00744	0.00995	0.00743	0.00660	0.06065	0.30789	0.15115	0.24693	0.01743	0.01746	0.00576	0.00412	0.00126	0.00321	0.00485	0.00391	0.00554
9	0.00493	0.00347	0.00450	0.00527	0.00546	0.00328	0.00343	0.00550	0.00721	0.00962	0.02010	0.72417	0.02403	0.15037	0.00743	0.00195	0.00252	0.01026	0.00343	0.00305
10	0.01948	0.02271	0.10091	0.13374	0.09529	0.00768	0.11344	0.05890	0.07264	0.01285	0.04119	0.08511	0.06914	0.00631	0.00436	0.00138	0.00430	0.14300	0.00278	0.00479
11	0.02864	0.11007	0.08357	0.03061	0.21648	0.05532	0.02652	0.18791	0.10356	0.08878	0.00975	0.01036	0.02263	0.00424	0.00372	0.00116	0.00444	0.00347	0.00284	0.00593
12	0.00585	0.09851	0.00690	0.08021	0.00806	0.00537	0.00441	0.00741	0.02664	0.01147	0.17618	0.05422	0.45889	0.00833	0.00436	0.00128	0.00257	0.03222	0.00339	0.00373
13	0.00776	0.00501	0.00628	0.00578	0.00719	0.00490	0.00450	0.02196	0.10445	0.12892	0.37972	0.04902	0.11841	0.00963	0.07944	0.00175	0.00314	0.05378	0.00401	0.00436
14	0.00856	0.04625	0.00917	0.00876	0.06633	0.05836	0.00654	0.04140	0.21192	0.02437	0.04396	0.13727	0.04050	0.00746	0.00551	0.00144	0.11520	0.15906	0.00321	0.00473
15	0.01116	0.48054	0.13113	0.00809	0.01147	0.13284	0.00794	0.07850	0.00935	0.03613	0.00641	0.00727	0.00532	0.00376	0.00332	0.00098	0.03133	0.00249	0.00202	0.02994
16	0.00955	0.29406	0.29163	0.00879	0.01257	0.09816	0.04008	0.05313	0.03807	0.01164	0.01046	0.01109	0.09632	0.00440	0.00346	0.00110	0.00485	0.00334	0.00213	0.00518

[dist]
# distance from previous block
# <min> <max>
1	29

[block]
# block no. 5 follows, 69 sequences, length 15
# corresponding to MSA columns:
# 1118-1132
name=unknown_F
#
# <colnr> <probs for GDERKNQSTAVLIFYWHMCP>
#	G	D	E	R	K	N	Q	S	T	A	V	L	I	F	Y	W	H	M	C	P
0	0.00938	0.08965	0.00829	0.03015	0.00852	0.02101	0.00506	0.07411	0.08108	0.16785	0.19039	0.09493	0.14742	0.02988	0.00461	0.00132	0.00299	0.02488	0.00375	0.00472
1	0.00734	0.02576	0.33921	0.00903	0.07384	0.00669	0.00879	0.02758	0.00977	0.03555	0.34728	0.03878	0.04242	0.00589	0.00415	0.00123	0.00378	0.00504	0.00300	0.00486
2	0.37598	0.12242	0.01144	0.00826	0.01088	0.26518	0.09423	0.04842	0.00898	0.01384	0.00608	0.00716	0.00488	0.00373	0.00308	0.00111	0.00486	0.00257	0.00222	0.00466
3	0.00507	0.00406	0.00455	0.00449	0.00563	0.00359	0.00334	0.00658	0.03073	0.01235	0.29477	0.09501	0.49713	0.00937	0.00464	0.00131	0.00199	0.00800	0.00387	0.00350
4	0.00813	0.00697	0.00813	0.00581	0.00929	0.00523	0.00465	0.00987	0.00813	0.01277	0.00697	0.00813	0.00581	0.00290	0.00290	0.00058	0.00290	0.00232	0.00232	0.88619
5	0.00478	0.00398	0.00418	0.00413	0.00539	0.00337	0.00310	0.00592	0.00929	0.01144	0.17110	0.03634	0.70427	0.00961	0.00463	0.00131	0.00196	0.00808	0.00375	0.00337
6	0.00782	0.00420	0.00561	0.00578	0.00670	0.00380	0.00412	0.00871	0.00843	0.20730	0.02068	0.63461	0.04575	0.01045	0.00474	0.00149	0.00252	0.00935	0.00393	0.00402
7	0.00588	0.00435	0.00571	0.00632	0.00732	0.00418	0.00537	0.00751	0.00917	0.01179	0.08897	0.04161	0.20350	0.01041	0.00518	0.00165	0.00311	0.57071	0.00367	0.00355
8	0.00497	0.00363	0.00470	0.00533	0.00582	0.00336	0.00374	0.00593	0.00830	0.01104	0.14642	0.59494	0.11493	0.01129	0.00493	0.00152	0.00226	0.05983	0.00374	0.00330
9	0.04211	0.00599	0.00785	0.00640	0.00886	0.00526	0.00514	0.01564	0.01035	0.61726	0.01857	0.12536	0.10093	0.00632	0.00411	0.00127	0.00304	0.00529	0.00449	0.00578
10	0.01464	0.01868	0.01111	0.01010	0.01212	0.84648	0.00757	0.01565	0.01111	0.00959	0.00606	0.00707	0.00505	0.00404	0.00353	0.00101	0.00707	0.00252	0.00202	0.00454
11	0.00945	0.00906	0.01546	0.11360	0.75017	0.00925	0.01191	0.01181	0.00881	0.01251	0.00733	0.00978	0.00610	0.00354	0.00389	0.00118	0.00472	0.00349	0.00192	0.00601
12	0.01053	0.00961	0.01928	0.01406	0.01765	0.00908	0.60521	0.01412	0.07409	0.14446	0.01014	0.01233	0.00751	0.00393	0.00449	0.00132	0.00573	0.02829	0.00264	0.00553
13	0.01048	0.86458	0.02054	0.00671	0.01006	0.01551	0.00671	0.01174	0.00797	0.00922	0.00545	0.00629	0.00503	0.00335	0.00252	0.00084	0.00419	0.00210	0.00168	0.00503
14	0.00686	0.00619	0.01046	0.26512	0.09108	0.00663	0.11298	0.00876	0.00819	0.01106	0.05531	0.28748	0.02776	0.00713	0.00468	0.00140	0.02816	0.03153	0.02507	0.00418

[dist]
# distance from previous block
# <min> <max>
0	24

[block]
# block no. 6 follows, 69 sequences, length 8
# corresponding to MSA columns:
# 1157-1164
name=unknown_G
#
# <colnr> <probs for GDERKNQSTAVLIFYWHMCP>
#	G	D	E	R	K	N	Q	S	T	A	V	L	I	F	Y	W	H	M	C	P
0	0.01129	0.00672	0.00898	0.12184	0.09447	0.00694	0.00651	0.10028	0.04743	0.24146	0.04750	0.01299	0.00959	0.00468	0.00390	0.00115	0.02766	0.00383	0.21942	0.02336
1	0.00529	0.00385	0.00506	0.00564	0.00627	0.00362	0.00424	0.00651	0.00873	0.01164	0.18917	0.41924	0.10104	0.01085	0.00499	0.00155	0.00248	0.20265	0.00377	0.00340
2	0.00942	0.33710	0.46297	0.00941	0.01396	0.08267	0.01098	0.01244	0.00840	0.01098	0.00636	0.00743	0.00500	0.00361	0.00325	0.00107	0.00530	0.00256	0.00169	0.00540
3	0.00500	0.00378	0.00462	0.00484	0.00563	0.00340	0.00347	0.00618	0.00917	0.01216	0.30978	0.32942	0.26808	0.01011	0.00476	0.00139	0.00204	0.00889	0.00387	0.00340
4	0.00931	0.00912	0.10918	0.00921	0.01186	0.00795	0.17297	0.17141	0.04138	0.05883	0.22597	0.01698	0.04861	0.04624	0.00541	0.00139	0.04095	0.00495	0.00323	0.00505
5	0.01156	0.40709	0.05508	0.00806	0.01121	0.03644	0.04214	0.23506	0.04527	0.04859	0.00855	0.05902	0.00725	0.00444	0.00335	0.00106	0.00429	0.00336	0.00266	0.00552
6	0.00494	0.00376	0.00429	0.00456	0.00526	0.00339	0.00312	0.00570	0.00800	0.01016	0.07751	0.29818	0.37356	0.17048	0.00763	0.00187	0.00241	0.00864	0.00344	0.00312
7	0.00875	0.00831	0.01367	0.02029	0.68157	0.00819	0.01033	0.01083	0.00893	0.01239	0.01344	0.01496	0.16193	0.00470	0.00402	0.00119	0.00416	0.00439	0.00226	0.00567

[dist]
# distance from previous block
# <min> <max>
0	1

[block]
# block no. 7 follows, 69 sequences, length 51
# corresponding to MSA columns:
# 1166-1216
name=unknown_H
#
# <colnr> <probs for GDERKNQSTAVLIFYWHMCP>
#	G	D	E	R	K	N	Q	S	T	A	V	L	I	F	Y	W	H	M	C	P
0	0.16981	0.14982	0.38246	0.00961	0.01392	0.00985	0.10704	0.01280	0.00833	0.09148	0.00740	0.00837	0.00541	0.00371	0.00342	0.00118	0.00490	0.00293	0.00214	0.00541
1	0.00586	0.00490	0.00665	0.05454	0.04886	0.00467	0.04727	0.00764	0.03532	0.01224	0.28002	0.02829	0.32948	0.08955	0.02623	0.00164	0.00292	0.00674	0.00343	0.00375
2	0.00655	0.00521	0.00492	0.00483	0.00502	0.08380	0.00287	0.00665	0.00621	0.00779	0.01176	0.02389	0.01338	0.78075	0.01840	0.00354	0.00411	0.00540	0.00234	0.00258
3	0.01166	0.01346	0.00965	0.03710	0.03703	0.48061	0.00677	0.03879	0.14113	0.01143	0.01393	0.01411	0.15742	0.00531	0.00384	0.00114	0.00529	0.00397	0.00267	0.00469
4	0.00934	0.05846	0.17125	0.07388	0.33558	0.00880	0.09629	0.01203	0.00895	0.06607	0.06115	0.01079	0.00800	0.00388	0.00385	0.00116	0.00472	0.00361	0.00223	0.05998
5	0.00490	0.00376	0.00451	0.00494	0.00570	0.00337	0.00356	0.00590	0.00855	0.01098	0.12002	0.40424	0.33512	0.01082	0.00485	0.00146	0.00220	0.05810	0.00371	0.00332
6	0.01323	0.00575	0.00780	0.00656	0.00877	0.00513	0.00537	0.01480	0.01067	0.53215	0.16541	0.02155	0.01686	0.03364	0.00481	0.00139	0.00312	0.13301	0.00448	0.00551
7	0.00904	0.01383	0.41153	0.01082	0.09178	0.00853	0.03142	0.15906	0.01032	0.03689	0.01241	0.07107	0.09579	0.00524	0.00401	0.00126	0.00470	0.01421	0.00256	0.00553
8	0.00896	0.10249	0.17270	0.03045	0.03236	0.07165	0.04342	0.01942	0.00769	0.01060	0.00735	0.01171	0.00682	0.00573	0.00775	0.00144	0.37290	0.07987	0.00194	0.00473
9	0.00541	0.08524	0.00614	0.00562	0.00619	0.00443	0.00403	0.00619	0.00762	0.00999	0.02021	0.70850	0.03868	0.02630	0.00504	0.00156	0.00254	0.04953	0.00343	0.00337
10	0.11207	0.18860	0.17745	0.00879	0.01198	0.11594	0.00845	0.22517	0.01083	0.01494	0.00685	0.00783	0.00537	0.00423	0.00422	0.00115	0.08554	0.00281	0.00239	0.00539
11	0.01500	0.08769	0.00957	0.00662	0.00935	0.00636	0.00552	0.01654	0.01089	0.63038	0.14499	0.01521	0.01360	0.00521	0.00392	0.00118	0.00318	0.00427	0.00447	0.00604
12	0.00846	0.00796	0.01090	0.40069	0.14902	0.05904	0.00892	0.01994	0.15782	0.01153	0.01019	0.01319	0.03389	0.08579	0.00545	0.00151	0.00461	0.00396	0.00234	0.00480
13	0.00999	0.72816	0.01915	0.14130	0.01276	0.01443	0.00737	0.01147	0.00795	0.00935	0.00569	0.00695	0.00506	0.00344	0.00274	0.00091	0.00436	0.00232	0.00169	0.00492
14	0.01389	0.01021	0.01099	0.00858	0.01140	0.01125	0.00698	0.73837	0.01718	0.02302	0.01017	0.05146	0.00803	0.05397	0.00489	0.00135	0.00419	0.00402	0.00382	0.00625
15	0.00937	0.00951	0.01247	0.49062	0.19694	0.14225	0.01036	0.03959	0.03046	0.01122	0.00723	0.00983	0.00563	0.00391	0.00385	0.00123	0.00531	0.00336	0.00196	0.00491
16	0.00529	0.00389	0.00495	0.00491	0.00575	0.00356	0.00360	0.00682	0.01017	0.01403	0.58675	0.18140	0.13626	0.00903	0.00469	0.00131	0.00194	0.00798	0.00411	0.00356
17	0.00492	0.00347	0.00451	0.00527	0.00546	0.00328	0.00344	0.00550	0.00722	0.00962	0.02014	0.72700	0.02407	0.14748	0.00738	0.00194	0.00252	0.01028	0.00344	0.00306
18	0.00872	0.00758	0.01059	0.00759	0.01113	0.00607	0.13498	0.02056	0.00854	0.04129	0.00744	0.00871	0.00597	0.00306	0.00323	0.00073	0.00352	0.00276	0.00237	0.70514
19	0.00525	0.00422	0.00471	0.00459	0.00580	0.00380	0.00346	0.00707	0.05280	0.01266	0.30894	0.04428	0.49606	0.00908	0.00461	0.00131	0.00203	0.02186	0.00389	0.00360
20	0.01405	0.01042	0.01114	0.00870	0.01165	0.01157	0.00714	0.70552	0.10700	0.02341	0.01026	0.01018	0.00738	0.00477	0.00388	0.00118	0.00409	0.00363	0.03753	0.00650
21	0.01436	0.00664	0.00850	0.00681	0.00939	0.00620	0.00552	0.06594	0.10133	0.55066	0.14521	0.01635	0.03395	0.00552	0.00407	0.00123	0.00310	0.00457	0.00459	0.00607
22	0.00709	0.04796	0.00687	0.03536	0.01719	0.04936	0.00477	0.00932	0.11236	0.05817	0.01948	0.48798	0.08725	0.00997	0.02653	0.00156	0.00311	0.00821	0.00345	0.00402
23	0.01025	0.03316	0.19691	0.01028	0.03488	0.07940	0.09556	0.10266	0.36415	0.01515	0.01112	0.01127	0.00831	0.00448	0.00391	0.00125	0.00460	0.00378	0.00298	0.00590
24	0.53995	0.00962	0.00788	0.01506	0.02298	0.16064	0.03057	0.01204	0.00784	0.01506	0.00593	0.00700	0.00474	0.00358	0.00281	0.00108	0.00391	0.00234	0.00231	0.14466
25	0.00937	0.16070	0.35358	0.01118	0.01531	0.10204	0.18997	0.01275	0.03864	0.01156	0.00725	0.00878	0.00562	0.00455	0.03072	0.00134	0.02622	0.00321	0.00187	0.00532
26	0.75002	0.14390	0.00811	0.00540	0.00798	0.00986	0.00464	0.01156	0.00688	0.01626	0.00546	0.00636	0.00437	0.00359	0.00244	0.00115	0.00322	0.00212	0.00231	0.00437
27	0.00507	0.00380	0.00470	0.00488	0.00567	0.00343	0.00351	0.00632	0.00938	0.01258	0.37232	0.30936	0.22483	0.00990	0.00475	0.00138	0.00202	0.00873	0.00393	0.00343
28	0.00962	0.09023	0.02727	0.12662	0.30334	0.00981	0.16495	0.04014	0.05126	0.04515	0.03599	0.01099	0.00751	0.00409	0.00439	0.00123	0.04696	0.01267	0.00227	0.00550
29	0.03512	0.25209	0.43337	0.01101	0.01561	0.01215	0.05797	0.04818	0.06314	0.01432	0.00928	0.01100	0.00745	0.00506	0.00429	0.00150	0.00570	0.00355	0.00264	0.00657
30	0.01452	0.00774	0.00923	0.00714	0.01001	0.00751	0.00584	0.26878	0.02133	0.39680	0.01236	0.01170	0.00839	0.00457	0.00369	0.00110	0.00343	0.00361	0.09959	0.10266
31	0.00879	0.00530	0.00639	0.00586	0.00742	0.00500	0.00451	0.10400	0.02257	0.18483	0.10716	0.23873	0.23200	0.00865	0.00453	0.00136	0.00268	0.04176	0.00400	0.00446
32	0.00938	0.20570	0.45892	0.01084	0.04319	0.09935	0.07386	0.01283	0.03010	0.01154	0.00689	0.00810	0.00529	0.00368	0.00352	0.00113	0.00553	0.00287	0.00179	0.00548
33	0.00681	0.00340	0.00511	0.00511	0.00511	0.00340	0.00340	0.00511	0.00511	0.00681	0.00681	0.01192	0.00681	0.01362	0.01532	0.88594	0.00340	0.00340	0.00170	0.00170
34	0.00489	0.00361	0.00461	0.00537	0.00584	0.00332	0.00377	0.00573	0.00788	0.01026	0.02459	0.64763	0.16256	0.01175	0.00498	0.00157	0.00235	0.08243	0.00364	0.00324
35	0.01498	0.00562	0.00789	0.14163	0.04927	0.00590	0.03117	0.03066	0.08082	0.03582	0.29757	0.15328	0.08522	0.00740	0.00473	0.00924	0.02472	0.00642	0.00343	0.00424
36	0.00757	0.05788	0.00756	0.00637	0.00801	0.00688	0.00505	0.04147	0.30562	0.01435	0.20593	0.07296	0.15348	0.00747	0.00434	0.00133	0.00274	0.08249	0.00381	0.00469
37	0.00770	0.00754	0.01357	0.71977	0.02597	0.00890	0.14015	0.01042	0.00806	0.01042	0.00712	0.01047	0.00534	0.00382	0.00403	0.00131	0.00545	0.00367	0.00178	0.00450
38	0.00521	0.00359	0.00474	0.00545	0.00586	0.00333	0.00374	0.00604	0.00794	0.03309	0.07681	0.72735	0.05805	0.01166	0.00495	0.00155	0.00230	0.03129	0.00372	0.00333
39	0.00759	0.06755	0.06023	0.04559	0.08929	0.00716	0.17499	0.02585	0.03560	0.02948	0.17960	0.04084	0.20746	0.00620	0.00429	0.00125	0.00380	0.00565	0.00298	0.00460
40	0.00721	0.00859	0.14278	0.43504	0.09745	0.00780	0.01004	0.00977	0.00771	0.01050	0.00855	0.06228	0.00736	0.00899	0.15725	0.00221	0.00604	0.00398	0.00193	0.00453
41	0.01464	0.01868	0.01111	0.01010	0.01212	0.84648	0.00757	0.01565	0.01111	0.00959	0.00606	0.00707	0.00505	0.00404	0.00353	0.00101	0.00707	0.00252	0.00202	0.00454
42	0.01003	0.00930	0.01518	0.05510	0.71498	0.00947	0.01142	0.08900	0.00979	0.01379	0.00803	0.01012	0.01853	0.00372	0.00390	0.00117	0.00461	0.00357	0.00215	0.00614
43	0.06283	0.13362	0.18500	0.04874	0.12300	0.04166	0.09411	0.03662	0.08377	0.10466	0.01619	0.01025	0.00699	0.00404	0.00366	0.00117	0.00468	0.01535	0.00249	0.02117
44	0.02282	0.03559	0.02173	0.00936	0.01127	0.37013	0.00704	0.08184	0.03300	0.05295	0.06140	0.10763	0.03970	0.03776	0.08549	0.00210	0.00622	0.00506	0.00342	0.00552
45	0.00747	0.03503	0.01144	0.49623	0.18551	0.00804	0.00949	0.00970	0.00834	0.01083	0.03856	0.01510	0.13861	0.00490	0.00400	0.00126	0.00445	0.00432	0.00216	0.00456
46	0.00904	0.00693	0.00887	0.02765	0.04334	0.00581	0.02967	0.05084	0.00905	0.08771	0.02482	0.06247	0.00894	0.00434	0.00346	0.00087	0.00323	0.04937	0.00278	0.56080
47	0.00817	0.00709	0.00862	0.00616	0.00966	0.00538	0.03154	0.00996	0.00817	0.01277	0.00700	0.00821	0.00581	0.00292	0.00296	0.00061	0.00303	0.00240	0.00231	0.85726
48	0.00925	0.02737	0.11050	0.02133	0.05871	0.10493	0.10061	0.14855	0.03415	0.01376	0.07049	0.06911	0.15155	0.03407	0.00490	0.00134	0.02659	0.00505	0.00287	0.00486
49	0.00573	0.00440	0.00655	0.04455	0.03023	0.00501	0.00512	0.00709	0.00655	0.00926	0.01182	0.05531	0.03760	0.06632	0.67946	0.00543	0.00912	0.00468	0.00221	0.00354
50	0.00893	0.03643	0.01406	0.27858	0.48166	0.00916	0.01090	0.03344	0.00889	0.01225	0.04983	0.01081	0.00745	0.00394	0.00402	0.00121	0.01733	0.00363	0.00204	0.00545

[dist]
# distance from previous block
# <min> <max>
0	205

# created by:
# /st0/software/busco_prod/Augustus/scripts/msa2prfl.pl ./align_prep/26336.fa
