[name]
unknown

[dist]
# distance from previous block
# <min> <max>
0	92

[block]
# block no. 0 follows, 61 sequences, length 11
# corresponding to MSA columns:
# 154-164
name=unknown_A
#
# <colnr> <probs for GDERKNQSTAVLIFYWHMCP>
#	G	D	E	R	K	N	Q	S	T	A	V	L	I	F	Y	W	H	M	C	P
0	0.03250	0.00674	0.00860	0.07791	0.01094	0.02713	0.05015	0.08930	0.04777	0.04997	0.07289	0.24374	0.12317	0.00885	0.00490	0.00151	0.00363	0.09267	0.00373	0.04392
1	0.07121	0.00803	0.00934	0.02277	0.05174	0.04280	0.00613	0.06123	0.02692	0.23195	0.03809	0.04749	0.05635	0.05208	0.00532	0.00135	0.03163	0.00440	0.00359	0.22759
2	0.07165	0.06678	0.01071	0.00917	0.04041	0.09821	0.00714	0.22264	0.03427	0.03675	0.01369	0.16319	0.01348	0.00758	0.00514	0.00148	0.05732	0.13152	0.00349	0.00536
3	0.00985	0.01049	0.08406	0.20144	0.48158	0.00986	0.01231	0.01330	0.06416	0.01363	0.00859	0.01099	0.00688	0.00406	0.00421	0.00130	0.00514	0.00378	0.00223	0.05213
4	0.05261	0.00529	0.00723	0.00696	0.00787	0.00608	0.00539	0.00822	0.00713	0.01086	0.01152	0.07226	0.01122	0.06518	0.55917	0.00524	0.07975	0.00490	0.02099	0.05212
5	0.00936	0.02366	0.01027	0.03716	0.07946	0.02754	0.05776	0.18605	0.02241	0.01651	0.19222	0.13676	0.10775	0.02459	0.00534	0.00148	0.02040	0.03244	0.00374	0.00510
6	0.00573	0.00424	0.00544	0.00616	0.00691	0.00396	0.00466	0.00696	0.00925	0.01200	0.07164	0.41619	0.19085	0.01227	0.00552	0.00173	0.00281	0.22597	0.00403	0.00369
7	0.01103	0.16748	0.13512	0.01097	0.06845	0.08333	0.08530	0.06540	0.17358	0.02829	0.02578	0.01230	0.04296	0.00474	0.00401	0.00123	0.00493	0.00391	0.00285	0.06834
8	0.00941	0.03472	0.05899	0.20246	0.18595	0.00864	0.00930	0.04015	0.02639	0.02583	0.07689	0.01210	0.00937	0.00443	0.00431	0.00116	0.03187	0.00375	0.00256	0.25174
9	0.00893	0.00766	0.00893	0.00638	0.01021	0.00574	0.00510	0.01085	0.00893	0.01404	0.00766	0.00893	0.00638	0.00319	0.00319	0.00064	0.00319	0.00255	0.00255	0.87495
10	0.06616	0.19943	0.32077	0.02673	0.03403	0.05320	0.03718	0.02563	0.00934	0.06172	0.00883	0.00997	0.03168	0.00448	0.00437	0.00125	0.05650	0.00328	0.00227	0.04317

[dist]
# distance from previous block
# <min> <max>
0	1

[block]
# block no. 1 follows, 61 sequences, length 9
# corresponding to MSA columns:
# 166-174
name=unknown_B
#
# <colnr> <probs for GDERKNQSTAVLIFYWHMCP>
#	G	D	E	R	K	N	Q	S	T	A	V	L	I	F	Y	W	H	M	C	P
0	0.20128	0.25763	0.08017	0.00733	0.01091	0.02982	0.00683	0.06099	0.00951	0.03811	0.03254	0.00888	0.00691	0.00397	0.00320	0.00103	0.00408	0.00278	0.00256	0.23147
1	0.00557	0.00410	0.00522	0.00554	0.00627	0.00375	0.00393	0.00688	0.01005	0.01361	0.34727	0.40877	0.14063	0.01125	0.00527	0.00155	0.00227	0.01002	0.00430	0.00375
2	0.00789	0.00645	0.00915	0.00840	0.00891	0.00816	0.00668	0.00906	0.00707	0.04430	0.01042	0.06425	0.01021	0.07228	0.38994	0.00432	0.32105	0.00485	0.00240	0.00422
3	0.01095	0.00821	0.00955	0.00703	0.01070	0.00691	0.00567	0.10785	0.04199	0.09810	0.00931	0.00996	0.00719	0.00375	0.00349	0.00082	0.00343	0.00298	0.00312	0.64899
4	0.00562	0.00404	0.00551	0.00628	0.00668	0.00400	0.00445	0.00658	0.00807	0.01086	0.02099	0.58454	0.02437	0.05763	0.15326	0.00281	0.00432	0.08282	0.00363	0.00356
5	0.01143	0.14817	0.07362	0.00834	0.01102	0.15703	0.00719	0.09940	0.16085	0.04546	0.08673	0.04970	0.06000	0.00586	0.00407	0.00125	0.00444	0.00460	0.05528	0.00557
6	0.10751	0.24710	0.07220	0.02534	0.07097	0.06803	0.00782	0.06807	0.02557	0.08326	0.03635	0.01044	0.00789	0.02307	0.02800	0.00138	0.03084	0.00328	0.00269	0.08017
7	0.07243	0.15607	0.06394	0.03323	0.08461	0.04730	0.04942	0.09269	0.06330	0.02496	0.02355	0.07933	0.03581	0.03019	0.00509	0.00136	0.05528	0.00440	0.00280	0.07423
8	0.03086	0.09092	0.05183	0.02335	0.07643	0.11746	0.01963	0.16231	0.11558	0.08820	0.02903	0.04311	0.00994	0.02117	0.01856	0.00146	0.03545	0.02996	0.00329	0.03146

[dist]
# distance from previous block
# <min> <max>
0	68

[block]
# block no. 2 follows, 61 sequences, length 14
# corresponding to MSA columns:
# 253-266
name=unknown_C
#
# <colnr> <probs for GDERKNQSTAVLIFYWHMCP>
#	G	D	E	R	K	N	Q	S	T	A	V	L	I	F	Y	W	H	M	C	P
0	0.01024	0.05123	0.22749	0.01325	0.16490	0.04444	0.06627	0.07412	0.05226	0.02718	0.03040	0.01206	0.04254	0.00515	0.01964	0.00136	0.03776	0.00388	0.00257	0.11326
1	0.00997	0.00935	0.02987	0.05748	0.11940	0.09353	0.07517	0.04601	0.03397	0.04809	0.02648	0.13105	0.01122	0.00806	0.06729	0.00176	0.06975	0.01606	0.03254	0.11294
2	0.00715	0.00623	0.02544	0.00672	0.03957	0.00585	0.00501	0.04420	0.15695	0.01503	0.23300	0.03121	0.38965	0.00878	0.00487	0.00141	0.00269	0.00743	0.00415	0.00467
3	0.00615	0.00462	0.00692	0.00692	0.00769	0.00538	0.00538	0.00769	0.00692	0.01000	0.01154	0.01692	0.01077	0.03231	0.83154	0.00692	0.01154	0.00462	0.00231	0.00385
4	0.00893	0.00766	0.00893	0.00638	0.01021	0.00574	0.00510	0.01085	0.00893	0.01404	0.00766	0.00893	0.00638	0.00319	0.00319	0.00064	0.00319	0.00255	0.00255	0.87495
5	0.01152	0.85121	0.02257	0.00737	0.01106	0.01704	0.00737	0.01290	0.00875	0.01013	0.00599	0.00691	0.00553	0.00369	0.00276	0.00092	0.00461	0.00230	0.00184	0.00553
6	0.00624	0.00425	0.00509	0.00509	0.00522	0.00439	0.00310	0.00651	0.00638	0.00864	0.01322	0.02621	0.01480	0.70548	0.16389	0.00466	0.00547	0.00598	0.00256	0.00283
7	0.02408	0.22338	0.13200	0.04076	0.14004	0.04958	0.06871	0.02808	0.02582	0.04519	0.03525	0.01377	0.05041	0.02093	0.00443	0.00130	0.01652	0.03097	0.04318	0.00561
8	0.00898	0.00735	0.00876	0.03263	0.01049	0.00572	0.00524	0.01089	0.00925	0.04172	0.05369	0.01159	0.03619	0.00387	0.00343	0.00075	0.00319	0.00316	0.00280	0.74027
9	0.00748	0.00374	0.00561	0.00561	0.00561	0.00374	0.00374	0.00561	0.00561	0.00748	0.00748	0.01309	0.00748	0.01496	0.01684	0.87467	0.00374	0.00374	0.00187	0.00187
10	0.01119	0.01083	0.08741	0.08877	0.30303	0.01014	0.10576	0.11326	0.03634	0.07500	0.03890	0.01260	0.02868	0.00479	0.00499	0.00137	0.05361	0.00427	0.00280	0.00628
11	0.04070	0.21520	0.05775	0.01071	0.04513	0.01350	0.00914	0.01128	0.00742	0.01094	0.00612	0.00897	0.00577	0.00683	0.03290	0.00172	0.50558	0.00336	0.00192	0.00506
12	0.03260	0.05422	0.01157	0.03591	0.03759	0.05648	0.00767	0.10137	0.38299	0.03542	0.01258	0.02927	0.00991	0.00574	0.00572	0.00143	0.13480	0.00427	0.00349	0.03700
13	0.01027	0.05419	0.06323	0.04081	0.13979	0.02969	0.04543	0.06732	0.17729	0.02799	0.01218	0.04098	0.04442	0.00488	0.00404	0.00118	0.00425	0.00417	0.00301	0.22490

[dist]
# distance from previous block
# <min> <max>
0	37

[block]
# block no. 3 follows, 61 sequences, length 38
# corresponding to MSA columns:
# 304-333,336-343
name=unknown_D
#
# <colnr> <probs for GDERKNQSTAVLIFYWHMCP>
#	G	D	E	R	K	N	Q	S	T	A	V	L	I	F	Y	W	H	M	C	P
0	0.00962	0.04319	0.19328	0.02300	0.09345	0.02016	0.08067	0.04946	0.00999	0.07976	0.04711	0.06426	0.13920	0.00655	0.00566	0.00145	0.10184	0.02292	0.00294	0.00548
1	0.01066	0.19490	0.44120	0.01161	0.01672	0.03272	0.12227	0.03600	0.00980	0.07349	0.00823	0.00939	0.00606	0.00407	0.00397	0.00127	0.00591	0.00335	0.00221	0.00617
2	0.01120	0.58616	0.04141	0.09365	0.12350	0.01472	0.02643	0.01304	0.00903	0.03624	0.00689	0.00828	0.00591	0.00383	0.00326	0.00106	0.00486	0.00281	0.00200	0.00571
3	0.00908	0.01805	0.14326	0.02061	0.12930	0.02239	0.10345	0.07480	0.02183	0.03436	0.09242	0.15939	0.06054	0.00705	0.00494	0.00145	0.02298	0.04640	0.00314	0.02455
4	0.00818	0.04752	0.01781	0.02726	0.05307	0.07950	0.00546	0.04507	0.02895	0.04804	0.10374	0.17102	0.33003	0.00899	0.00478	0.00142	0.00334	0.00761	0.00371	0.00450
5	0.01105	0.03143	0.05219	0.00821	0.01014	0.16551	0.00669	0.01382	0.10776	0.14819	0.01642	0.18969	0.01593	0.06370	0.00587	0.00168	0.00444	0.13857	0.00366	0.00506
6	0.01025	0.00816	0.02779	0.09056	0.02863	0.04425	0.03030	0.10245	0.11076	0.10331	0.12680	0.15239	0.03971	0.03450	0.00573	0.00154	0.04836	0.01327	0.00373	0.01752
7	0.04434	0.03264	0.08032	0.03764	0.02940	0.25256	0.06225	0.18695	0.12754	0.03443	0.03513	0.03020	0.00881	0.00506	0.00429	0.00130	0.01415	0.00395	0.00312	0.00594
8	0.00832	0.00748	0.00813	0.00755	0.00816	0.10547	0.00564	0.02441	0.00763	0.01021	0.01048	0.01767	0.01058	0.27846	0.25965	0.00397	0.17767	0.00470	0.03997	0.00385
9	0.00552	0.00396	0.00520	0.00577	0.00625	0.00369	0.00396	0.00663	0.00935	0.01274	0.25439	0.57283	0.04313	0.03805	0.00588	0.00171	0.00241	0.01072	0.00417	0.00364
10	0.02590	0.05837	0.01630	0.01211	0.01519	0.19518	0.22671	0.19063	0.01265	0.11073	0.00911	0.01030	0.00681	0.00473	0.00526	0.00134	0.08577	0.00390	0.00299	0.00601
11	0.01079	0.01057	0.01707	0.05932	0.75406	0.04571	0.01296	0.01330	0.00986	0.01379	0.00802	0.01057	0.00672	0.00388	0.00425	0.00128	0.00526	0.00379	0.00213	0.00666
12	0.87904	0.00833	0.00633	0.00566	0.00833	0.00966	0.00467	0.01266	0.00733	0.01933	0.00600	0.00700	0.00467	0.00400	0.00267	0.00133	0.00333	0.00233	0.00267	0.00467
13	0.00646	0.00484	0.00684	0.00674	0.00738	0.00558	0.00508	0.02206	0.00707	0.01006	0.01192	0.03751	0.01176	0.17154	0.62612	0.00603	0.04182	0.00503	0.00242	0.00372
14	0.00813	0.00618	0.00693	0.00655	0.00743	0.06111	0.00471	0.07576	0.00865	0.03660	0.05612	0.05617	0.01413	0.30879	0.29810	0.02565	0.00681	0.00547	0.00286	0.00384
15	0.01014	0.01821	0.49916	0.01102	0.01585	0.09643	0.01240	0.06350	0.10738	0.01470	0.02606	0.01036	0.00732	0.00453	0.00433	0.00131	0.02666	0.00346	0.00244	0.06476
16	0.04426	0.00890	0.00977	0.00791	0.01090	0.03977	0.00630	0.14330	0.19232	0.20664	0.01347	0.06836	0.01045	0.00538	0.00407	0.00121	0.00373	0.00435	0.00398	0.21492
17	0.01264	0.00876	0.01013	0.00761	0.01117	0.00800	0.00617	0.20379	0.06646	0.15854	0.01059	0.01075	0.00781	0.00422	0.00374	0.00097	0.00366	0.00333	0.00358	0.45810
18	0.01041	0.00856	0.01390	0.03852	0.22523	0.00856	0.14852	0.03343	0.06436	0.10263	0.07113	0.05259	0.04289	0.00610	0.01950	0.00147	0.05011	0.02476	0.02448	0.05284
19	0.00628	0.00465	0.00589	0.00554	0.00665	0.00439	0.00417	0.00879	0.05394	0.01701	0.73561	0.03184	0.08137	0.00877	0.00504	0.00137	0.00211	0.00771	0.00468	0.00419
20	0.07471	0.01337	0.01218	0.05481	0.01375	0.30936	0.07513	0.13565	0.06628	0.09251	0.00942	0.01060	0.00724	0.03180	0.00459	0.00131	0.00568	0.00355	0.00303	0.07502
21	0.01326	0.01441	0.00987	0.00892	0.01060	0.48873	0.00649	0.06726	0.01095	0.04620	0.00946	0.01446	0.00897	0.26153	0.00942	0.00207	0.00629	0.00398	0.00261	0.00453
22	0.00864	0.02228	0.82630	0.01228	0.01864	0.01000	0.01592	0.01364	0.00909	0.01364	0.00773	0.00909	0.00546	0.00409	0.00409	0.00136	0.00637	0.00318	0.00182	0.00637
23	0.01072	0.00805	0.00928	0.00807	0.01000	0.00893	0.00631	0.32773	0.11794	0.01787	0.01350	0.11697	0.01226	0.07791	0.23075	0.00312	0.00610	0.00542	0.00361	0.00548
24	0.00777	0.00542	0.00680	0.00648	0.00773	0.00555	0.00495	0.07285	0.00966	0.08260	0.03499	0.20619	0.24956	0.01587	0.21905	0.00293	0.04614	0.00752	0.00361	0.00434
25	0.01528	0.01138	0.01223	0.00960	0.01279	0.01260	0.00784	0.69465	0.09133	0.02548	0.01169	0.05450	0.00896	0.00567	0.00438	0.00133	0.00450	0.00440	0.00430	0.00708
26	0.10251	0.00778	0.00986	0.00764	0.01092	0.00718	0.00631	0.07941	0.01244	0.68652	0.01543	0.01359	0.00983	0.00519	0.00417	0.00133	0.00371	0.00410	0.00500	0.00707
27	0.00881	0.00771	0.01290	0.76953	0.05188	0.00941	0.01170	0.01161	0.00885	0.05511	0.00817	0.01163	0.00604	0.00435	0.00431	0.00143	0.00561	0.00386	0.00211	0.00498
28	0.06046	0.01491	0.01259	0.01045	0.01331	0.33557	0.04706	0.33706	0.09488	0.01862	0.00930	0.00978	0.00703	0.00481	0.00410	0.00125	0.00585	0.00352	0.00330	0.00614
29	0.01013	0.00702	0.00816	0.00731	0.00920	0.00708	0.00561	0.23798	0.04696	0.08410	0.01972	0.35041	0.08881	0.00913	0.00483	0.00148	0.00334	0.03083	0.00412	0.06379
30	0.00583	0.00432	0.00552	0.00595	0.00682	0.00401	0.00454	0.00728	0.01002	0.01328	0.24709	0.28197	0.18767	0.01133	0.00540	0.00163	0.00264	0.18668	0.00420	0.00379
31	0.01087	0.01030	0.01682	0.01295	0.01574	0.03815	0.33871	0.13169	0.05007	0.04139	0.01200	0.01552	0.05230	0.00658	0.03315	0.00170	0.14572	0.05783	0.00288	0.00562
32	0.03870	0.03177	0.26733	0.01157	0.03087	0.00956	0.15775	0.04004	0.07152	0.18070	0.03685	0.01195	0.00856	0.00472	0.00483	0.00137	0.05044	0.00405	0.00303	0.03437
33	0.01183	0.00862	0.00964	0.00831	0.01064	0.00931	0.00654	0.29535	0.23820	0.07393	0.05804	0.17830	0.01561	0.00737	0.00464	0.00144	0.00366	0.03150	0.00432	0.02275
34	0.00566	0.00419	0.00568	0.00693	0.05026	0.00395	0.00438	0.00655	0.00851	0.01142	0.07540	0.66588	0.05278	0.06884	0.00650	0.00185	0.00271	0.01099	0.00385	0.00366
35	0.00896	0.00820	0.00882	0.09645	0.03707	0.11132	0.00610	0.02545	0.00876	0.01182	0.03073	0.07696	0.01116	0.20849	0.00906	0.00189	0.07204	0.00470	0.04803	0.21397
36	0.08560	0.00992	0.03977	0.05374	0.17322	0.01861	0.10059	0.18176	0.07669	0.11400	0.01180	0.09432	0.00973	0.00545	0.00437	0.00138	0.00466	0.00481	0.00337	0.00623
37	0.01156	0.03449	0.03085	0.06544	0.05657	0.08017	0.04131	0.24740	0.01331	0.05979	0.13892	0.08480	0.04563	0.00621	0.00443	0.00130	0.00436	0.00522	0.00359	0.06464

[dist]
# distance from previous block
# <min> <max>
0	59

[block]
# block no. 4 follows, 61 sequences, length 15
# corresponding to MSA columns:
# 403-417
name=unknown_E
#
# <colnr> <probs for GDERKNQSTAVLIFYWHMCP>
#	G	D	E	R	K	N	Q	S	T	A	V	L	I	F	Y	W	H	M	C	P
0	0.02651	0.06484	0.21391	0.06297	0.01495	0.05506	0.11489	0.05231	0.02663	0.11890	0.01261	0.13579	0.02372	0.00613	0.00467	0.00142	0.02355	0.03251	0.00298	0.00563
1	0.00524	0.00377	0.00497	0.00593	0.00623	0.00350	0.00397	0.00601	0.00831	0.01102	0.02458	0.81176	0.06199	0.01339	0.00548	0.00174	0.00249	0.01211	0.00400	0.00350
2	0.06677	0.01025	0.01145	0.00891	0.01215	0.01087	0.00732	0.51870	0.01691	0.24041	0.01240	0.04388	0.00889	0.00547	0.00427	0.00132	0.00428	0.00424	0.00448	0.00702
3	0.01096	0.17787	0.17474	0.08049	0.01571	0.06436	0.13254	0.08743	0.02631	0.06511	0.02466	0.03095	0.02951	0.00635	0.05318	0.00161	0.00584	0.00404	0.00261	0.00572
4	0.01048	0.01081	0.04719	0.02713	0.03094	0.12505	0.24387	0.01301	0.04087	0.06386	0.05516	0.01486	0.01018	0.07919	0.06730	0.00209	0.12620	0.02402	0.00264	0.00514
5	0.00593	0.00420	0.00534	0.00593	0.00640	0.00404	0.00422	0.00683	0.00837	0.01104	0.06121	0.35407	0.07749	0.24010	0.01002	0.00242	0.00323	0.18209	0.00365	0.00340
6	0.03146	0.03090	0.00913	0.00757	0.00977	0.00838	0.00596	0.25996	0.11706	0.10593	0.08156	0.19881	0.09950	0.00790	0.00464	0.00143	0.00345	0.00665	0.00426	0.00568
7	0.04857	0.04172	0.11944	0.05725	0.23397	0.16261	0.18872	0.02995	0.01026	0.01345	0.00851	0.01176	0.00705	0.00438	0.00432	0.00133	0.00612	0.04250	0.00226	0.00583
8	0.02604	0.00659	0.00809	0.00681	0.00909	0.00627	0.00540	0.07453	0.08743	0.32709	0.22559	0.05404	0.12998	0.00731	0.00465	0.00138	0.00305	0.00615	0.00474	0.00575
9	0.00604	0.00472	0.00617	0.00672	0.03778	0.00464	0.00488	0.00743	0.00914	0.01204	0.12272	0.15471	0.26022	0.04642	0.16438	0.00271	0.01992	0.12188	0.00360	0.00386
10	0.01024	0.10868	0.02880	0.07334	0.21894	0.06918	0.12536	0.04333	0.02805	0.01298	0.03080	0.03768	0.03916	0.02297	0.02289	0.00153	0.10354	0.00439	0.01260	0.00554
11	0.00806	0.00656	0.00851	0.03280	0.03041	0.00674	0.05181	0.06997	0.10798	0.04098	0.14903	0.12284	0.27641	0.00864	0.00550	0.00148	0.05628	0.00734	0.00388	0.00478
12	0.00832	0.00787	0.01312	0.75377	0.05973	0.00983	0.01185	0.01105	0.00853	0.01109	0.00755	0.01132	0.00578	0.00449	0.00493	0.00146	0.05871	0.00382	0.00192	0.00486
13	0.01131	0.10970	0.38352	0.10546	0.01747	0.19066	0.03229	0.03700	0.01019	0.05254	0.00785	0.00921	0.00585	0.00423	0.00397	0.00127	0.00625	0.00320	0.00217	0.00585
14	0.07130	0.09775	0.31303	0.07039	0.09224	0.06383	0.11439	0.03646	0.00982	0.06519	0.00845	0.02342	0.00646	0.00426	0.00405	0.00131	0.00575	0.00360	0.00232	0.00598

[dist]
# distance from previous block
# <min> <max>
5	33

[block]
# block no. 5 follows, 61 sequences, length 35
# corresponding to MSA columns:
# 453-487
name=unknown_F
#
# <colnr> <probs for GDERKNQSTAVLIFYWHMCP>
#	G	D	E	R	K	N	Q	S	T	A	V	L	I	F	Y	W	H	M	C	P
0	0.38861	0.01023	0.01031	0.00993	0.10960	0.04576	0.00710	0.26593	0.02599	0.05117	0.00833	0.00904	0.00624	0.00443	0.00354	0.00129	0.00420	0.00315	0.00323	0.03191
1	0.05661	0.01115	0.01080	0.00868	0.01154	0.19442	0.04160	0.09153	0.03240	0.03021	0.05259	0.01057	0.00837	0.00495	0.01805	0.00115	0.06587	0.00334	0.00281	0.34338
2	0.29164	0.07525	0.01077	0.02030	0.04370	0.09300	0.02042	0.07210	0.08728	0.09692	0.01083	0.01146	0.05148	0.00540	0.01288	0.00140	0.08303	0.00359	0.00306	0.00548
3	0.00632	0.00437	0.00513	0.00503	0.00533	0.00435	0.00308	0.00665	0.00670	0.00909	0.03657	0.02665	0.03701	0.67796	0.11208	0.00420	0.00486	0.00606	0.00267	0.03589
4	0.01160	0.00970	0.01481	0.15640	0.34056	0.01037	0.05289	0.16545	0.03928	0.06873	0.01925	0.03662	0.00819	0.00484	0.00481	0.00137	0.04167	0.00427	0.00288	0.00633
5	0.00609	0.00480	0.00580	0.00574	0.00708	0.00406	0.00411	0.00721	0.00882	0.01197	0.04099	0.46749	0.18745	0.01046	0.00487	0.00142	0.00258	0.00924	0.00368	0.20614
6	0.00893	0.00766	0.00893	0.00638	0.01021	0.00574	0.00510	0.01085	0.00893	0.01404	0.00766	0.00893	0.00638	0.00319	0.00319	0.00064	0.00319	0.00255	0.00255	0.87495
7	0.01174	0.03386	0.01227	0.01065	0.09793	0.13947	0.05277	0.11240	0.08884	0.03498	0.00907	0.01003	0.00716	0.00405	0.00379	0.00101	0.00462	0.00329	0.00288	0.35919
8	0.00829	0.00782	0.01320	0.78782	0.07888	0.00961	0.01204	0.01114	0.00869	0.01120	0.00768	0.01143	0.00581	0.00428	0.00430	0.00143	0.00570	0.00383	0.00193	0.00491
9	0.00605	0.00441	0.00570	0.00545	0.00648	0.00406	0.00411	0.00800	0.01191	0.01668	0.73204	0.04676	0.08774	0.00912	0.00512	0.00139	0.00211	0.03420	0.00466	0.00403
10	0.01071	0.00925	0.00974	0.00877	0.01120	0.01071	0.00682	0.02289	0.81396	0.01802	0.01753	0.01607	0.01315	0.00584	0.00438	0.00146	0.00341	0.00487	0.00438	0.00682
11	0.00531	0.00379	0.00507	0.00607	0.00635	0.00355	0.00411	0.00611	0.00831	0.01107	0.02371	0.81558	0.02835	0.01343	0.00552	0.00176	0.00255	0.04184	0.00400	0.00352
12	0.01090	0.00935	0.00985	0.00880	0.01127	0.01080	0.00686	0.04913	0.78741	0.01832	0.01729	0.01588	0.01295	0.00582	0.00438	0.00146	0.00345	0.00484	0.00438	0.00684
13	0.01321	0.45348	0.11386	0.00820	0.01202	0.01299	0.00811	0.06774	0.04019	0.20438	0.01009	0.01010	0.01974	0.00441	0.00349	0.00112	0.00452	0.00319	0.00295	0.00619
14	0.01153	0.01108	0.01482	0.01184	0.01396	0.10138	0.18261	0.13039	0.05962	0.04204	0.00923	0.05302	0.00790	0.00595	0.00780	0.00152	0.28960	0.00444	0.00275	0.03852
15	0.00980	0.00936	0.01593	0.30238	0.55251	0.01001	0.01279	0.01247	0.00940	0.01303	0.00795	0.01094	0.00646	0.00400	0.00428	0.00133	0.00533	0.00383	0.00206	0.00613
16	0.00929	0.00883	0.01500	0.46759	0.39132	0.00987	0.01254	0.01202	0.00916	0.01241	0.00786	0.01111	0.00624	0.00409	0.00429	0.00136	0.00546	0.00383	0.00201	0.00572
17	0.00977	0.15257	0.61900	0.01126	0.01684	0.04718	0.01375	0.02867	0.02654	0.02532	0.00780	0.00894	0.00575	0.00412	0.00389	0.00128	0.00602	0.00309	0.00199	0.00622
18	0.01160	0.00768	0.01051	0.00991	0.07689	0.04685	0.08468	0.06633	0.03456	0.23786	0.04557	0.24354	0.05118	0.00791	0.00483	0.00148	0.00398	0.04510	0.00401	0.00553
19	0.00748	0.00374	0.00561	0.00561	0.00561	0.00374	0.00374	0.00561	0.00561	0.00748	0.00748	0.01309	0.00748	0.01496	0.01684	0.87467	0.00374	0.00374	0.00187	0.00187
20	0.00534	0.00383	0.00509	0.00606	0.00638	0.00358	0.00414	0.00616	0.00838	0.01112	0.02422	0.78046	0.04952	0.01334	0.00551	0.00175	0.00257	0.05501	0.00400	0.00353
21	0.01094	0.01246	0.08455	0.13049	0.16734	0.11128	0.30230	0.01403	0.02529	0.04723	0.00850	0.01086	0.00653	0.00420	0.00498	0.00138	0.04539	0.00415	0.00227	0.00583
22	0.01097	0.33146	0.39615	0.01019	0.01491	0.12762	0.01147	0.01400	0.00947	0.02760	0.00711	0.00820	0.00560	0.00401	0.00357	0.00116	0.00585	0.00282	0.00195	0.00588
23	0.00529	0.00384	0.00501	0.00589	0.00627	0.00355	0.00400	0.00613	0.00852	0.01127	0.05004	0.74491	0.08957	0.01312	0.00546	0.00172	0.00249	0.02538	0.00402	0.00354
24	0.05572	0.00988	0.01139	0.00877	0.01213	0.01020	0.00724	0.43726	0.01631	0.36661	0.01298	0.01203	0.00863	0.00519	0.00425	0.00131	0.00422	0.00400	0.00467	0.00721
25	0.01540	0.13067	0.01397	0.01033	0.02666	0.36049	0.00820	0.33704	0.02823	0.01740	0.00826	0.00888	0.00641	0.00465	0.00392	0.00117	0.00599	0.00321	0.00305	0.00607
26	0.01096	0.02907	0.01030	0.00754	0.01103	0.02088	0.02287	0.14588	0.07808	0.06166	0.01048	0.01110	0.03022	0.00455	0.01577	0.00100	0.00378	0.00333	0.00316	0.51832
27	0.01223	0.12566	0.05097	0.03394	0.05604	0.28135	0.03121	0.09442	0.01072	0.02716	0.00820	0.01060	0.00701	0.03588	0.12568	0.00216	0.07563	0.00349	0.00240	0.00526
28	0.00846	0.01805	0.02846	0.01873	0.03403	0.00626	0.00547	0.08307	0.09396	0.07039	0.34041	0.04311	0.20082	0.00851	0.01973	0.00148	0.00304	0.00685	0.00425	0.00493
29	0.01271	0.00996	0.01086	0.00813	0.01174	0.02780	0.00662	0.37668	0.01427	0.03579	0.00905	0.00966	0.00688	0.00417	0.00374	0.00096	0.00401	0.00320	0.00341	0.44036
30	0.00533	0.00383	0.00508	0.00605	0.00637	0.00358	0.00413	0.00615	0.00837	0.01111	0.02422	0.78345	0.04923	0.01334	0.00551	0.00175	0.00257	0.05238	0.00400	0.00353
31	0.02495	0.00912	0.01242	0.08535	0.11053	0.00985	0.06058	0.22951	0.07067	0.11043	0.02435	0.07811	0.02225	0.02160	0.00560	0.00148	0.07255	0.02570	0.00350	0.02144
32	0.01081	0.02793	0.08758	0.08649	0.43532	0.05318	0.13914	0.02670	0.02219	0.04224	0.00909	0.01124	0.02004	0.00411	0.00435	0.00132	0.00562	0.00401	0.00231	0.00631
33	0.00623	0.00462	0.00548	0.00572	0.00678	0.00432	0.00419	0.00820	0.06958	0.03813	0.12652	0.34176	0.30050	0.01113	0.00521	0.00158	0.00251	0.04938	0.00416	0.00401
34	0.16979	0.00943	0.01014	0.00813	0.01106	0.01013	0.00663	0.37643	0.06335	0.17715	0.07412	0.02710	0.01085	0.00545	0.00408	0.00133	0.00390	0.00420	0.02030	0.00644

[dist]
# distance from previous block
# <min> <max>
0	1

[block]
# block no. 6 follows, 61 sequences, length 47
# corresponding to MSA columns:
# 489-535
name=unknown_G
#
# <colnr> <probs for GDERKNQSTAVLIFYWHMCP>
#	G	D	E	R	K	N	Q	S	T	A	V	L	I	F	Y	W	H	M	C	P
0	0.02523	0.02603	0.11514	0.21522	0.34319	0.05021	0.02158	0.05762	0.01029	0.06713	0.02270	0.01103	0.00714	0.00427	0.00421	0.00132	0.00537	0.00377	0.00243	0.00613
1	0.01108	0.00875	0.01191	0.08832	0.22226	0.00955	0.00865	0.12141	0.18416	0.08049	0.01198	0.02707	0.00988	0.09840	0.04395	0.00195	0.04645	0.00453	0.00322	0.00600
2	0.00530	0.00428	0.00472	0.00480	0.00600	0.00370	0.00353	0.00652	0.01004	0.01261	0.18772	0.15398	0.55997	0.01088	0.00515	0.00148	0.00220	0.00929	0.00414	0.00370
3	0.00893	0.00766	0.00893	0.00638	0.01021	0.00574	0.00510	0.01085	0.00893	0.01404	0.00766	0.00893	0.00638	0.00319	0.00319	0.00064	0.00319	0.00255	0.00255	0.87495
4	0.00930	0.00929	0.01335	0.01136	0.01155	0.01276	0.03783	0.01037	0.00674	0.01047	0.00603	0.00984	0.00592	0.00852	0.05066	0.00210	0.77345	0.00385	0.00191	0.00471
5	0.84768	0.00819	0.00626	0.00562	0.00824	0.00945	0.00462	0.01243	0.00742	0.01905	0.00735	0.00823	0.03392	0.00425	0.00275	0.00134	0.00329	0.00258	0.00271	0.00463
6	0.00549	0.00413	0.00493	0.00544	0.00609	0.00380	0.00373	0.00653	0.02422	0.01121	0.05038	0.45885	0.25650	0.11418	0.00736	0.00195	0.00264	0.02520	0.00386	0.00352
7	0.00960	0.00916	0.01558	0.36585	0.49059	0.00996	0.01269	0.01229	0.00931	0.01279	0.00792	0.01101	0.00637	0.00403	0.00428	0.00134	0.00538	0.00383	0.00204	0.00597
8	0.01205	0.01353	0.01309	0.34359	0.09987	0.35378	0.01031	0.04058	0.01053	0.01163	0.00728	0.00971	0.00582	0.00450	0.00460	0.00130	0.04714	0.00339	0.00214	0.00516
9	0.00946	0.00920	0.01467	0.48625	0.33858	0.04430	0.01230	0.01213	0.00923	0.01219	0.00779	0.01101	0.00616	0.00413	0.00427	0.00136	0.00558	0.00379	0.00201	0.00559
10	0.02840	0.00764	0.01299	0.02824	0.04674	0.00767	0.24476	0.03743	0.05231	0.01456	0.20656	0.08393	0.07477	0.00891	0.06817	0.00189	0.03712	0.02971	0.00330	0.00492
11	0.00551	0.00403	0.00519	0.00574	0.00635	0.00372	0.00405	0.00666	0.00947	0.01269	0.22072	0.51540	0.12774	0.01197	0.00537	0.00163	0.00241	0.04351	0.00418	0.00367
12	0.00531	0.00399	0.00493	0.00550	0.00616	0.00360	0.00382	0.00631	0.00915	0.01194	0.12734	0.53366	0.23818	0.01224	0.00534	0.00162	0.00236	0.01087	0.00409	0.00360
13	0.00971	0.31246	0.51091	0.01080	0.01615	0.01251	0.04606	0.01339	0.00902	0.01242	0.00716	0.00843	0.00553	0.00393	0.00367	0.00121	0.00579	0.00295	0.00184	0.00605
14	0.01092	0.01027	0.02003	0.01468	0.01826	0.00996	0.54071	0.06345	0.02625	0.08639	0.03027	0.02765	0.03261	0.00468	0.00532	0.00144	0.04670	0.00513	0.03950	0.00578
15	0.00717	0.00409	0.00453	0.00473	0.00565	0.00398	0.00354	0.00892	0.00928	0.01486	0.08294	0.14990	0.07069	0.00751	0.00391	0.00125	0.00223	0.06071	0.55020	0.00391
16	0.00753	0.00474	0.00569	0.00550	0.00657	0.00503	0.00422	0.04465	0.02614	0.01438	0.08229	0.01856	0.04353	0.02563	0.28376	0.00311	0.00542	0.00477	0.40434	0.00414
17	0.01100	0.01042	0.04443	0.00938	0.02822	0.15251	0.05634	0.11187	0.15156	0.06475	0.03732	0.18187	0.06672	0.00747	0.00468	0.00144	0.00449	0.04646	0.00365	0.00543
18	0.00996	0.00959	0.01558	0.15235	0.49615	0.04105	0.05705	0.01224	0.00928	0.01276	0.00833	0.01181	0.00709	0.00610	0.04448	0.04412	0.03560	0.01849	0.00212	0.00586
19	0.03723	0.01160	0.01720	0.11179	0.11842	0.13731	0.31108	0.08297	0.01091	0.03699	0.02296	0.01210	0.00761	0.05611	0.00558	0.00152	0.00618	0.00434	0.00251	0.00560
20	0.00570	0.00453	0.00513	0.00499	0.00626	0.00405	0.00374	0.00754	0.03781	0.01414	0.35993	0.05832	0.45253	0.00995	0.00507	0.00142	0.00217	0.00850	0.00432	0.00392
21	0.00893	0.00766	0.00893	0.00638	0.01021	0.00574	0.00510	0.01085	0.00893	0.01404	0.00766	0.00893	0.00638	0.00319	0.00319	0.00064	0.00319	0.00255	0.00255	0.87495
22	0.00573	0.00524	0.04488	0.00551	0.00686	0.00424	0.00438	0.00737	0.03333	0.01221	0.06534	0.24109	0.44474	0.01111	0.01754	0.00161	0.00270	0.04189	0.04034	0.00388
23	0.01221	0.02623	0.02462	0.03264	0.12544	0.10625	0.05936	0.11976	0.06144	0.12047	0.01133	0.01283	0.02705	0.03654	0.05215	0.00164	0.01739	0.00399	0.03960	0.10904
24	0.00828	0.00781	0.01319	0.79030	0.07646	0.00961	0.01204	0.01114	0.00868	0.01119	0.00768	0.01144	0.00581	0.00428	0.00430	0.00143	0.00571	0.00383	0.00193	0.00491
25	0.01825	0.00743	0.00987	0.00765	0.01082	0.00663	0.00627	0.05805	0.02958	0.72299	0.04666	0.01541	0.01178	0.02208	0.00471	0.00139	0.00366	0.00449	0.00519	0.00710
26	0.00541	0.00431	0.00485	0.00491	0.00609	0.00376	0.00364	0.00672	0.01025	0.01304	0.24161	0.13564	0.50676	0.01070	0.00516	0.00148	0.00222	0.02553	0.00419	0.00374
27	0.00748	0.00374	0.00561	0.00561	0.00561	0.00374	0.00374	0.00561	0.00561	0.00748	0.00748	0.01309	0.00748	0.01496	0.01684	0.87467	0.00374	0.00374	0.00187	0.00187
28	0.00570	0.00389	0.00486	0.00550	0.00571	0.00373	0.00352	0.00628	0.00767	0.01042	0.02011	0.55149	0.02366	0.27244	0.01048	0.00247	0.00300	0.00999	0.04584	0.00325
29	0.00714	0.00577	0.00627	0.00596	0.00757	0.00576	0.00452	0.01152	0.23783	0.03013	0.16761	0.08165	0.39348	0.00917	0.00490	0.00146	0.00255	0.00777	0.00426	0.00467
30	0.01024	0.01018	0.03855	0.14412	0.68498	0.01013	0.01311	0.01291	0.00962	0.01362	0.00803	0.01074	0.00663	0.00391	0.00427	0.00130	0.00524	0.00382	0.00209	0.00651
31	0.00912	0.00513	0.00525	0.00486	0.00619	0.00533	0.00374	0.10751	0.03105	0.01746	0.01369	0.01536	0.01064	0.00506	0.00320	0.00105	0.00238	0.00402	0.74448	0.00449
32	0.00835	0.00560	0.00633	0.00571	0.00716	0.00567	0.00440	0.12851	0.04112	0.01780	0.33239	0.02353	0.08489	0.00757	0.02118	0.00136	0.00268	0.00591	0.28524	0.00460
33	0.07277	0.00578	0.00683	0.00669	0.00774	0.02388	0.00494	0.09298	0.00901	0.03702	0.01534	0.29152	0.01628	0.11461	0.27060	0.00358	0.00603	0.00704	0.00323	0.00415
34	0.11638	0.00805	0.00902	0.00771	0.00990	0.00881	0.00608	0.24371	0.11394	0.11082	0.01259	0.04696	0.01049	0.09224	0.18111	0.00281	0.00558	0.00458	0.00364	0.00560
35	0.11491	0.00967	0.00834	0.00765	0.00965	0.18083	0.00603	0.14120	0.01172	0.05455	0.01984	0.10093	0.19403	0.00789	0.00454	0.00144	0.00426	0.11408	0.00358	0.00486
36	0.00879	0.06416	0.78569	0.01203	0.01826	0.01036	0.01548	0.01360	0.00908	0.01346	0.00764	0.00898	0.00546	0.00407	0.00403	0.00134	0.00628	0.00314	0.00182	0.00632
37	0.02056	0.00452	0.00654	0.00635	0.00710	0.00427	0.04444	0.00735	0.00787	0.06027	0.04214	0.30351	0.10957	0.01247	0.00965	0.33618	0.00325	0.00749	0.00318	0.00328
38	0.00856	0.00797	0.01273	0.17491	0.32055	0.02055	0.04915	0.01093	0.02803	0.01282	0.05229	0.16748	0.06583	0.00669	0.00491	0.00145	0.02594	0.02116	0.00276	0.00530
39	0.09455	0.00774	0.00992	0.00818	0.01068	0.00778	0.08136	0.14099	0.08816	0.19648	0.08133	0.10841	0.11152	0.00706	0.00456	0.00143	0.00370	0.02632	0.00414	0.00568
40	0.01853	0.00515	0.00618	0.00680	0.01768	0.02518	0.00485	0.07090	0.00965	0.01277	0.03503	0.58839	0.07232	0.01195	0.00533	0.00169	0.00299	0.09669	0.00395	0.00397
41	0.00984	0.00809	0.01259	0.26659	0.20511	0.00874	0.04483	0.02321	0.09063	0.08842	0.04729	0.01768	0.07284	0.00572	0.00479	0.00144	0.02540	0.05821	0.00299	0.00560
42	0.02952	0.00927	0.01258	0.35970	0.13871	0.03924	0.01002	0.17666	0.06670	0.03569	0.03097	0.03210	0.01816	0.00507	0.00434	0.00138	0.00501	0.01625	0.00290	0.00574
43	0.01054	0.01011	0.01726	0.06596	0.78319	0.01020	0.01316	0.01311	0.00975	0.01392	0.00808	0.01070	0.00677	0.00386	0.00427	0.00129	0.00515	0.00384	0.00212	0.00672
44	0.07432	0.00837	0.01163	0.05028	0.03232	0.04039	0.10684	0.06995	0.00965	0.10187	0.03631	0.08066	0.04169	0.02528	0.10608	0.00223	0.17040	0.02367	0.00300	0.00507
45	0.05665	0.05178	0.01718	0.03613	0.19479	0.06698	0.25568	0.07922	0.06595	0.03507	0.02175	0.04314	0.00830	0.00473	0.00486	0.00137	0.04333	0.00446	0.00267	0.00595
46	0.09422	0.04130	0.01196	0.04391	0.01288	0.14802	0.06544	0.19322	0.04024	0.11003	0.02411	0.02643	0.02221	0.01428	0.00431	0.00124	0.01554	0.00382	0.00329	0.12356

[dist]
# distance from previous block
# <min> <max>
2	38

[block]
# block no. 7 follows, 61 sequences, length 24
# corresponding to MSA columns:
# 575-598
name=unknown_H
#
# <colnr> <probs for GDERKNQSTAVLIFYWHMCP>
#	G	D	E	R	K	N	Q	S	T	A	V	L	I	F	Y	W	H	M	C	P
0	0.05854	0.02221	0.01082	0.03957	0.08276	0.07653	0.04699	0.16556	0.07449	0.08810	0.06722	0.07119	0.08523	0.03373	0.02594	0.00159	0.00447	0.02062	0.00356	0.02090
1	0.01007	0.01054	0.04529	0.08641	0.12292	0.05688	0.17458	0.03814	0.13583	0.01356	0.01033	0.07484	0.00896	0.00572	0.00652	0.00150	0.17528	0.00479	0.00263	0.01521
2	0.04559	0.00396	0.00540	0.00573	0.00597	0.00392	0.00387	0.00608	0.00672	0.00936	0.01401	0.31297	0.03160	0.01386	0.01188	0.50366	0.00324	0.00685	0.00272	0.00262
3	0.00552	0.00413	0.00528	0.00581	0.00643	0.00397	0.00408	0.00671	0.02274	0.01143	0.07513	0.49602	0.17154	0.03581	0.12174	0.00245	0.00374	0.01004	0.00378	0.00364
4	0.01047	0.01056	0.01622	0.07203	0.25861	0.09685	0.21265	0.03161	0.01007	0.03380	0.03511	0.05043	0.04844	0.01941	0.00566	0.00145	0.07367	0.00484	0.00251	0.00563
5	0.00900	0.17847	0.62782	0.01099	0.01651	0.01097	0.01363	0.01307	0.00898	0.01283	0.00830	0.05558	0.00676	0.00454	0.00392	0.00130	0.00582	0.00352	0.00195	0.00605
6	0.00748	0.00374	0.00561	0.00561	0.00561	0.00374	0.00374	0.00561	0.00561	0.00748	0.00748	0.01309	0.00748	0.01496	0.01684	0.87467	0.00374	0.00374	0.00187	0.00187
7	0.01122	0.00950	0.01002	0.00887	0.01139	0.01095	0.00694	0.09288	0.74315	0.01883	0.01689	0.01556	0.01263	0.00578	0.00438	0.00145	0.00353	0.00478	0.00438	0.00686
8	0.02228	0.22300	0.21130	0.01180	0.01573	0.05821	0.20692	0.05315	0.03017	0.01314	0.00865	0.02547	0.02208	0.00459	0.00488	0.00131	0.07556	0.00381	0.00223	0.00574
9	0.01237	0.01311	0.01909	0.01445	0.01787	0.18516	0.43285	0.09048	0.06915	0.04597	0.00923	0.01101	0.00699	0.00437	0.00513	0.00138	0.04850	0.00437	0.00266	0.00586
10	0.00628	0.00457	0.00581	0.00590	0.00677	0.00441	0.00445	0.00812	0.03439	0.01400	0.37807	0.09977	0.09121	0.13515	0.02896	0.00208	0.00306	0.15908	0.00409	0.00383
11	0.01033	0.00660	0.00784	0.00693	0.00888	0.00669	0.00538	0.04799	0.23523	0.17609	0.29462	0.07459	0.07247	0.00751	0.00470	0.00140	0.00289	0.00643	0.01786	0.00555
12	0.04243	0.26962	0.09010	0.00808	0.01042	0.04733	0.00733	0.05569	0.02937	0.01208	0.02648	0.09393	0.01026	0.07495	0.11603	0.00226	0.09181	0.00442	0.00249	0.00492
13	0.00609	0.00484	0.00621	0.00609	0.00689	0.00520	0.00458	0.00719	0.00790	0.01052	0.03864	0.05076	0.26816	0.14650	0.32699	0.00403	0.07485	0.01793	0.00298	0.00366
14	0.00569	0.00426	0.00530	0.00579	0.00658	0.00395	0.00426	0.00702	0.02028	0.01238	0.14728	0.37714	0.22123	0.03687	0.00588	0.00172	0.00263	0.12398	0.00407	0.00370
15	0.00867	0.05811	0.50432	0.01040	0.01480	0.00902	0.02543	0.01222	0.00876	0.04884	0.02638	0.05276	0.00872	0.04440	0.11539	0.00224	0.03757	0.00411	0.00225	0.00561
16	0.01026	0.01013	0.01620	0.22615	0.53646	0.05134	0.03641	0.01280	0.00955	0.01302	0.00786	0.01071	0.00645	0.00409	0.00458	0.00133	0.03063	0.00382	0.00208	0.00613
17	0.00574	0.00487	0.04168	0.00575	0.00648	0.00409	0.00420	0.00668	0.00831	0.01097	0.06834	0.39308	0.15143	0.21718	0.02201	0.00234	0.00319	0.03658	0.00358	0.00348
18	0.01057	0.00714	0.00821	0.00707	0.00915	0.00722	0.00561	0.24896	0.03831	0.10948	0.19226	0.09374	0.18935	0.00822	0.00482	0.00142	0.00324	0.04547	0.00441	0.00535
19	0.00863	0.00817	0.05008	0.13892	0.12296	0.03304	0.03767	0.07345	0.00897	0.01197	0.01232	0.04864	0.05057	0.31134	0.01139	0.00242	0.05714	0.00526	0.00258	0.00449
20	0.06431	0.21399	0.44308	0.01081	0.01574	0.07670	0.05185	0.05281	0.00975	0.01360	0.00731	0.00854	0.00558	0.00405	0.00374	0.00124	0.00584	0.00302	0.00205	0.00598
21	0.00692	0.00484	0.00625	0.00664	0.00776	0.00475	0.00548	0.01823	0.00952	0.01319	0.05331	0.08048	0.09306	0.02583	0.08312	0.00219	0.00405	0.40121	0.13032	0.04287
22	0.06672	0.00872	0.00868	0.03836	0.01027	0.08580	0.00590	0.13246	0.15105	0.03002	0.04992	0.05358	0.03724	0.13015	0.00676	0.00170	0.00403	0.03259	0.02949	0.11656
23	0.02599	0.01214	0.05889	0.01378	0.12755	0.15532	0.19521	0.08258	0.07664	0.02684	0.03554	0.05816	0.03448	0.00573	0.01365	0.00145	0.04997	0.01755	0.00283	0.00570

[dist]
# distance from previous block
# <min> <max>
0	91

[block]
# block no. 8 follows, 61 sequences, length 44
# corresponding to MSA columns:
# 712-755
name=unknown_I
#
# <colnr> <probs for GDERKNQSTAVLIFYWHMCP>
#	G	D	E	R	K	N	Q	S	T	A	V	L	I	F	Y	W	H	M	C	P
0	0.00909	0.00842	0.02672	0.03432	0.25849	0.04884	0.06342	0.03789	0.00977	0.03188	0.01452	0.26064	0.03689	0.00727	0.00464	0.00139	0.00427	0.03801	0.00300	0.10052
1	0.07971	0.04698	0.10316	0.04093	0.29389	0.04477	0.09914	0.12276	0.04644	0.04969	0.02621	0.01088	0.00756	0.00433	0.00417	0.00131	0.00521	0.00383	0.00272	0.00633
2	0.01070	0.04053	0.01112	0.06982	0.04345	0.11256	0.05477	0.11616	0.06615	0.06006	0.09811	0.06582	0.07585	0.00781	0.05748	0.00165	0.02002	0.00509	0.00331	0.07954
3	0.00699	0.00415	0.00605	0.03339	0.00691	0.00435	0.00435	0.00663	0.00670	0.00928	0.06104	0.03968	0.02170	0.04721	0.20371	0.49269	0.00541	0.00461	0.03242	0.00273
4	0.00922	0.00861	0.01351	0.21448	0.38549	0.04024	0.02519	0.01145	0.00940	0.01259	0.01155	0.06433	0.02708	0.00614	0.00503	0.03168	0.00499	0.11111	0.00247	0.00543
5	0.08650	0.04511	0.05665	0.06769	0.08432	0.05526	0.04424	0.12685	0.11308	0.04015	0.04898	0.11583	0.01945	0.00739	0.04816	0.00166	0.00479	0.00504	0.00322	0.02562
6	0.02211	0.02190	0.11720	0.28567	0.37665	0.04615	0.04381	0.01274	0.00940	0.01289	0.00782	0.01054	0.00619	0.00404	0.00423	0.00134	0.00564	0.00371	0.00203	0.00594
7	0.00619	0.00461	0.00561	0.00594	0.00683	0.00436	0.00436	0.05282	0.00993	0.01301	0.12963	0.38842	0.21169	0.04009	0.00589	0.00171	0.00272	0.09827	0.00406	0.00385
8	0.07498	0.03975	0.06786	0.00992	0.03065	0.21685	0.01937	0.23113	0.07615	0.15862	0.01049	0.01073	0.00764	0.01307	0.01273	0.00135	0.00533	0.00360	0.00349	0.00628
9	0.00637	0.00493	0.00730	0.00717	0.00788	0.00588	0.00560	0.00784	0.00689	0.00999	0.01118	0.01663	0.01052	0.04592	0.76170	0.00653	0.06688	0.00459	0.00228	0.00388
10	0.00612	0.00492	0.00551	0.00580	0.00644	0.04366	0.00402	0.00699	0.00828	0.01066	0.05586	0.32227	0.17045	0.18289	0.14321	0.00298	0.00448	0.00857	0.00339	0.00350
11	0.00572	0.00440	0.00551	0.03539	0.00740	0.00424	0.00442	0.00735	0.05718	0.01163	0.02688	0.56646	0.19046	0.01211	0.00532	0.00167	0.00266	0.04345	0.00395	0.00379
12	0.05119	0.03486	0.08274	0.17763	0.27213	0.12532	0.02074	0.05455	0.08737	0.03958	0.00893	0.01065	0.00693	0.00434	0.00412	0.00131	0.00542	0.00365	0.00252	0.00602
13	0.00563	0.00407	0.00554	0.00618	0.00659	0.00411	0.00435	0.00658	0.00782	0.01059	0.01995	0.51711	0.03520	0.08704	0.22638	0.00333	0.00509	0.03748	0.00343	0.00354
14	0.00716	0.00513	0.00620	0.00608	0.00725	0.00495	0.00450	0.07648	0.04277	0.04246	0.26870	0.30725	0.16722	0.01028	0.00512	0.00152	0.00260	0.02572	0.00431	0.00429
15	0.42610	0.00881	0.01089	0.03679	0.05333	0.00949	0.12097	0.08657	0.00974	0.09832	0.03675	0.02580	0.00793	0.02849	0.00439	0.00145	0.02207	0.00371	0.00304	0.00536
16	0.01493	0.01517	0.01192	0.01028	0.01260	0.41495	0.00803	0.17206	0.10724	0.07694	0.01914	0.01024	0.00761	0.00520	0.00516	0.00129	0.09479	0.00352	0.00312	0.00580
17	0.00637	0.00401	0.00486	0.00542	0.00600	0.00387	0.00376	0.02252	0.00885	0.01312	0.04539	0.53914	0.02289	0.01048	0.00467	0.00149	0.00237	0.00932	0.28172	0.00375
18	0.00617	0.00453	0.00651	0.00651	0.00713	0.00516	0.00487	0.00743	0.00680	0.00969	0.01192	0.01903	0.01168	0.18470	0.68040	0.00641	0.01016	0.00492	0.00236	0.00362
19	0.00939	0.01948	0.03905	0.01938	0.01781	0.02626	0.00631	0.16669	0.09131	0.04491	0.14792	0.09272	0.15226	0.00904	0.02825	0.00163	0.00377	0.11469	0.00401	0.00512
20	0.00776	0.01595	0.52868	0.02849	0.01530	0.00810	0.03190	0.01147	0.00906	0.01301	0.02212	0.18102	0.02020	0.00683	0.00460	0.00150	0.00528	0.08071	0.00253	0.00546
21	0.10168	0.12557	0.14652	0.09493	0.04586	0.11175	0.04860	0.06846	0.03866	0.05757	0.00892	0.01041	0.00689	0.01508	0.00412	0.00128	0.01713	0.00341	0.08761	0.00557
22	0.00534	0.00383	0.00510	0.00608	0.00639	0.00358	0.00415	0.00617	0.00837	0.01111	0.02400	0.78829	0.04081	0.01336	0.00552	0.00176	0.00258	0.05604	0.00400	0.00353
23	0.00546	0.00408	0.00510	0.00568	0.00638	0.00372	0.00406	0.00656	0.00929	0.01215	0.13615	0.48076	0.21917	0.01212	0.00538	0.00164	0.00248	0.07208	0.00410	0.00364
24	0.01206	0.60585	0.05421	0.02892	0.03145	0.16272	0.00820	0.01360	0.00936	0.01048	0.00627	0.00742	0.00557	0.00395	0.00337	0.00102	0.02564	0.00253	0.00192	0.00546
25	0.00977	0.00938	0.01611	0.25920	0.45019	0.00982	0.08544	0.02995	0.00970	0.01336	0.00930	0.01200	0.03464	0.00421	0.00435	0.00133	0.00533	0.00410	0.00220	0.02961
26	0.03235	0.14044	0.18643	0.05007	0.01432	0.10611	0.03701	0.12673	0.03592	0.10442	0.02373	0.01017	0.00733	0.00439	0.00386	0.00118	0.00514	0.00337	0.00286	0.10418
27	0.00809	0.00662	0.04148	0.00755	0.04706	0.00632	0.00558	0.05039	0.12002	0.05036	0.11202	0.11057	0.13761	0.12900	0.09923	0.00243	0.02209	0.00654	0.03238	0.00464
28	0.00616	0.00416	0.00476	0.00487	0.00495	0.00412	0.00284	0.00630	0.00661	0.00876	0.01542	0.09938	0.03754	0.73714	0.01973	0.00385	0.00398	0.02389	0.00279	0.00274
29	0.00717	0.00638	0.00856	0.00881	0.04639	0.03269	0.02776	0.00827	0.01762	0.01105	0.01720	0.48447	0.03305	0.03459	0.01551	0.00184	0.22258	0.00876	0.00320	0.00410
30	0.05442	0.01083	0.01292	0.02040	0.04030	0.08682	0.07675	0.26468	0.02129	0.07516	0.01003	0.01188	0.02928	0.03642	0.02782	0.00169	0.20629	0.00407	0.00312	0.00582
31	0.04462	0.00522	0.00680	0.00641	0.00709	0.01924	0.02605	0.07935	0.00788	0.01104	0.02488	0.12439	0.01087	0.01235	0.01218	0.54626	0.00370	0.00494	0.04371	0.00300
32	0.00546	0.00411	0.00472	0.00506	0.00599	0.00366	0.00361	0.00658	0.00943	0.01230	0.11644	0.33965	0.38564	0.01125	0.00510	0.00152	0.00227	0.00978	0.06376	0.00366
33	0.00646	0.00449	0.00561	0.00562	0.00661	0.00412	0.00410	0.02459	0.01061	0.04892	0.36260	0.27926	0.17422	0.02562	0.00548	0.00155	0.00239	0.01940	0.00435	0.00400
34	0.01012	0.10799	0.21733	0.16096	0.26231	0.04576	0.02021	0.05088	0.00991	0.01347	0.03534	0.01057	0.00724	0.00431	0.00433	0.00130	0.02619	0.00360	0.00217	0.00599
35	0.00752	0.00576	0.00664	0.00607	0.00687	0.03335	0.03026	0.06535	0.00810	0.01078	0.02334	0.09189	0.02640	0.54654	0.05626	0.00341	0.00455	0.00617	0.00285	0.05790
36	0.02245	0.00424	0.00537	0.00574	0.00639	0.00401	0.00403	0.00725	0.00918	0.03265	0.20910	0.41775	0.07595	0.10301	0.02717	0.00201	0.00287	0.04229	0.01484	0.00369
37	0.12831	0.01062	0.07649	0.17428	0.22721	0.04636	0.03724	0.08766	0.02585	0.11935	0.02088	0.01101	0.00730	0.00441	0.00408	0.00133	0.00499	0.00372	0.00284	0.00606
