[name]
unknown

[dist]
# distance from previous block
# <min> <max>
0	89

[block]
# block no. 0 follows, 66 sequences, length 10
# corresponding to MSA columns:
# 90-99
name=unknown_A
#
# <colnr> <probs for GDERKNQSTAVLIFYWHMCP>
#	G	D	E	R	K	N	Q	S	T	A	V	L	I	F	Y	W	H	M	C	P
0	0.00788	0.00597	0.00820	0.00924	0.07718	0.00624	0.00724	0.09708	0.01027	0.01361	0.01844	0.03748	0.01947	0.00973	0.00560	0.00174	0.03590	0.62083	0.00355	0.00433
1	0.01012	0.00988	0.01483	0.02130	0.65669	0.05941	0.01110	0.01338	0.09825	0.01336	0.01000	0.01172	0.04349	0.00415	0.00404	0.00122	0.00467	0.00388	0.00232	0.00619
2	0.00581	0.00430	0.00629	0.00629	0.00694	0.00495	0.00479	0.00710	0.00645	0.00925	0.01108	0.01709	0.01064	0.12055	0.75190	0.00624	0.01011	0.00452	0.00220	0.00350
3	0.00520	0.00413	0.00468	0.00454	0.00573	0.00360	0.00340	0.00661	0.01021	0.01325	0.38077	0.03528	0.48936	0.00942	0.00479	0.00133	0.00199	0.00803	0.00407	0.00360
4	0.00493	0.00412	0.00429	0.00425	0.00556	0.00348	0.00319	0.00608	0.00956	0.01170	0.15099	0.03783	0.72011	0.01000	0.00479	0.00136	0.00204	0.00839	0.00386	0.00348
5	0.00814	0.02099	0.83640	0.01156	0.01756	0.00942	0.01499	0.01285	0.00857	0.01285	0.00728	0.00857	0.00514	0.00385	0.00385	0.00128	0.00600	0.00300	0.00171	0.00600
6	0.00888	0.00888	0.01243	0.01065	0.01065	0.01243	0.00888	0.00976	0.00621	0.00976	0.00533	0.00888	0.00533	0.00710	0.01331	0.00178	0.84999	0.00355	0.00178	0.00444
7	0.00654	0.00467	0.00654	0.00747	0.00841	0.00467	0.00654	0.00841	0.00934	0.01214	0.02148	0.04576	0.02335	0.01121	0.00560	0.00187	0.00374	0.80480	0.00374	0.00374
8	0.00830	0.07007	0.78870	0.01129	0.01714	0.00981	0.01452	0.01281	0.00855	0.01266	0.00718	0.00845	0.00514	0.00383	0.00378	0.00126	0.00590	0.00295	0.00171	0.00595
9	0.01010	0.08879	0.36215	0.01121	0.01573	0.01011	0.16908	0.10718	0.02849	0.05550	0.00820	0.00940	0.00604	0.00395	0.00411	0.00121	0.02447	0.00341	0.00234	0.07853

[dist]
# distance from previous block
# <min> <max>
0	1

[block]
# block no. 1 follows, 66 sequences, length 19
# corresponding to MSA columns:
# 101-119
name=unknown_B
#
# <colnr> <probs for GDERKNQSTAVLIFYWHMCP>
#	G	D	E	R	K	N	Q	S	T	A	V	L	I	F	Y	W	H	M	C	P
0	0.73116	0.03189	0.05608	0.00581	0.00865	0.00898	0.00513	0.01183	0.00718	0.01720	0.00589	0.00687	0.00461	0.00370	0.00264	0.00119	0.00333	0.00226	0.00243	0.08318
1	0.00589	0.00401	0.00460	0.00468	0.00484	0.00397	0.00286	0.00612	0.00641	0.00843	0.01525	0.02902	0.06410	0.73113	0.01836	0.00360	0.00380	0.07765	0.00265	0.00263
2	0.01459	0.01095	0.01171	0.00917	0.01227	0.01219	0.00751	0.69463	0.14438	0.02423	0.01079	0.01058	0.00775	0.00497	0.00407	0.00124	0.00427	0.00380	0.00407	0.00683
3	0.00880	0.11273	0.59944	0.01067	0.01597	0.00993	0.04763	0.04265	0.00895	0.01300	0.00722	0.00847	0.00534	0.00375	0.00368	0.00117	0.00550	0.00295	0.00188	0.09025
4	0.00705	0.00352	0.00529	0.00529	0.00529	0.00352	0.00352	0.00529	0.00529	0.00705	0.00705	0.01233	0.00705	0.01409	0.01586	0.88196	0.00352	0.00352	0.00176	0.00176
5	0.00589	0.00431	0.00555	0.00521	0.00622	0.00405	0.00392	0.00814	0.03994	0.01629	0.80150	0.02978	0.03738	0.00820	0.00476	0.00128	0.00196	0.00724	0.00445	0.00392
6	0.00729	0.00606	0.00716	0.06645	0.05666	0.00624	0.00536	0.01167	0.25113	0.03430	0.08450	0.07559	0.35585	0.00790	0.00450	0.00137	0.00284	0.00672	0.00372	0.00467
7	0.00494	0.00353	0.00471	0.00565	0.00588	0.00330	0.00377	0.00565	0.00777	0.01036	0.02236	0.85477	0.02683	0.01271	0.00518	0.00165	0.00235	0.01153	0.00377	0.00330
8	0.00814	0.02099	0.83640	0.01156	0.01756	0.00942	0.01499	0.01285	0.00857	0.01285	0.00728	0.00857	0.00514	0.00385	0.00385	0.00128	0.00600	0.00300	0.00171	0.00600
9	0.00580	0.00435	0.00652	0.00652	0.00724	0.00507	0.00507	0.00724	0.00652	0.00942	0.01087	0.01594	0.01014	0.03043	0.84134	0.00652	0.01087	0.00435	0.00217	0.00362
10	0.01302	0.00792	0.00991	0.04046	0.08429	0.00810	0.00674	0.25995	0.05523	0.26091	0.01432	0.12661	0.03079	0.03030	0.00467	0.00137	0.00373	0.00507	0.03065	0.00595
11	0.01110	0.00984	0.01877	0.01540	0.12271	0.00946	0.48053	0.01510	0.11198	0.14666	0.01044	0.01182	0.00760	0.00397	0.00449	0.00133	0.00558	0.00450	0.00279	0.00595
12	0.00498	0.00416	0.00436	0.00444	0.00576	0.00355	0.00341	0.00611	0.00932	0.01122	0.06167	0.03940	0.73571	0.01030	0.00487	0.00141	0.00220	0.07988	0.00378	0.00346
13	0.00656	0.00521	0.00635	0.00576	0.00733	0.00478	0.05226	0.08546	0.01004	0.03850	0.03204	0.17605	0.53528	0.00960	0.00477	0.00140	0.00267	0.00824	0.00373	0.00397
14	0.00928	0.05960	0.01516	0.42266	0.23729	0.03364	0.10262	0.04955	0.00920	0.01208	0.00743	0.01022	0.00582	0.00387	0.00403	0.00127	0.00536	0.00363	0.00200	0.00528
15	0.01007	0.61933	0.25498	0.00827	0.01246	0.01415	0.00925	0.01235	0.00834	0.01049	0.00611	0.00710	0.00519	0.00358	0.00296	0.00099	0.00481	0.00241	0.00173	0.00543
16	0.00544	0.00403	0.00507	0.00504	0.00593	0.00366	0.00369	0.00698	0.01043	0.01431	0.55104	0.18189	0.16862	0.00943	0.00486	0.00136	0.00202	0.00831	0.00422	0.00366
17	0.88607	0.00785	0.00596	0.00534	0.00785	0.00910	0.00439	0.01193	0.00690	0.01820	0.00565	0.00659	0.00439	0.00377	0.00251	0.00126	0.00314	0.00220	0.00251	0.00439
18	0.06431	0.00894	0.01258	0.02827	0.36670	0.02099	0.00895	0.12995	0.01082	0.17673	0.00984	0.03850	0.00767	0.00444	0.00412	0.00120	0.02442	0.00378	0.00301	0.07478

[dist]
# distance from previous block
# <min> <max>
0	1

[block]
# block no. 2 follows, 66 sequences, length 12
# corresponding to MSA columns:
# 121-132
name=unknown_C
#
# <colnr> <probs for GDERKNQSTAVLIFYWHMCP>
#	G	D	E	R	K	N	Q	S	T	A	V	L	I	F	Y	W	H	M	C	P
0	0.01146	0.13990	0.37122	0.01021	0.02815	0.02444	0.02677	0.20405	0.01132	0.09761	0.00845	0.00913	0.00611	0.00424	0.00404	0.00122	0.02976	0.00320	0.00262	0.00612
1	0.09477	0.01708	0.01233	0.01125	0.05115	0.65149	0.07989	0.01535	0.01080	0.01112	0.00645	0.00770	0.00529	0.00405	0.00367	0.00110	0.00677	0.00282	0.00212	0.00482
2	0.00513	0.00361	0.00465	0.00541	0.00559	0.00342	0.00351	0.00570	0.00740	0.00986	0.02046	0.69045	0.02444	0.18030	0.00825	0.00210	0.00267	0.01042	0.00351	0.00313
3	0.00533	0.00419	0.00496	0.00503	0.00594	0.00403	0.00370	0.00633	0.00815	0.01038	0.05492	0.09745	0.41998	0.13068	0.17316	0.00279	0.01921	0.03714	0.00326	0.00336
4	0.00492	0.00362	0.00461	0.00541	0.00582	0.00332	0.00366	0.00568	0.00800	0.01045	0.02531	0.72643	0.15327	0.01233	0.00512	0.00160	0.00231	0.01107	0.00377	0.00332
5	0.01176	0.00917	0.00975	0.00820	0.01070	0.01032	0.00653	0.32115	0.42798	0.02005	0.04039	0.01360	0.01100	0.00529	0.00402	0.00128	0.00354	0.00426	0.07472	0.00630
6	0.01542	0.01136	0.01218	0.00933	0.01258	0.01258	0.00771	0.81858	0.01908	0.02557	0.00974	0.00974	0.00690	0.00487	0.00406	0.00122	0.00446	0.00365	0.00406	0.00690
7	0.00498	0.00362	0.00470	0.00547	0.00586	0.00334	0.00371	0.00579	0.00813	0.01077	0.07301	0.72957	0.10167	0.01222	0.00512	0.00160	0.00230	0.01101	0.00381	0.00334
8	0.00840	0.00721	0.00899	0.00788	0.08539	0.00573	0.00567	0.01026	0.00857	0.01313	0.00852	0.01189	0.00759	0.00379	0.00333	0.00077	0.00324	0.07403	0.00249	0.72312
9	0.01114	0.03184	0.17607	0.01137	0.15409	0.02041	0.03418	0.08638	0.01032	0.16419	0.04635	0.01084	0.00815	0.00416	0.00392	0.00110	0.01620	0.00346	0.00288	0.20293
10	0.31621	0.10307	0.03930	0.00766	0.01057	0.08253	0.00654	0.23864	0.09220	0.05516	0.00844	0.00876	0.00633	0.00431	0.00333	0.00120	0.00412	0.00299	0.00307	0.00558
11	0.00853	0.00713	0.00782	0.00728	0.00907	0.00793	0.00560	0.01661	0.54826	0.01582	0.15533	0.09473	0.05489	0.00704	0.00442	0.00140	0.00288	0.03566	0.00412	0.00547

[dist]
# distance from previous block
# <min> <max>
1	4

[block]
# block no. 3 follows, 66 sequences, length 8
# corresponding to MSA columns:
# 137-144
name=unknown_D
#
# <colnr> <probs for GDERKNQSTAVLIFYWHMCP>
#	G	D	E	R	K	N	Q	S	T	A	V	L	I	F	Y	W	H	M	C	P
0	0.00492	0.00403	0.00435	0.00445	0.00561	0.00345	0.00327	0.00600	0.00927	0.01146	0.12641	0.16092	0.62093	0.01042	0.00485	0.00140	0.00208	0.00887	0.00385	0.00345
1	0.00853	0.00731	0.00847	0.00616	0.00968	0.00573	0.00492	0.01099	0.06432	0.01348	0.00785	0.00887	0.00645	0.00318	0.00308	0.00065	0.00302	0.00255	0.00252	0.82224
2	0.01007	0.04561	0.25114	0.03140	0.22387	0.00936	0.13722	0.06973	0.00979	0.07109	0.00873	0.03794	0.00689	0.00410	0.00401	0.00122	0.00514	0.00378	0.00236	0.06653
3	0.00920	0.01241	0.29165	0.15244	0.15175	0.00867	0.07797	0.05614	0.00942	0.06640	0.01043	0.07050	0.03839	0.00479	0.00413	0.00130	0.00506	0.00425	0.00238	0.02270
4	0.00499	0.00362	0.00462	0.00540	0.00575	0.00335	0.00361	0.00568	0.00781	0.01026	0.02384	0.71035	0.11584	0.06678	0.00613	0.00176	0.00242	0.01084	0.00368	0.00326
5	0.00861	0.00574	0.00784	0.14794	0.06480	0.00573	0.00603	0.02845	0.04572	0.16079	0.07358	0.19786	0.21477	0.00790	0.00453	0.00138	0.00321	0.00686	0.00362	0.00464
6	0.01136	0.36821	0.12532	0.05293	0.10478	0.03079	0.02945	0.14577	0.01039	0.05282	0.00740	0.00847	0.00588	0.00398	0.00367	0.00110	0.02662	0.00296	0.00232	0.00575
7	0.00769	0.00493	0.00616	0.00626	0.00737	0.02725	0.00475	0.00894	0.00920	0.13072	0.11075	0.40956	0.04175	0.01007	0.00490	0.00152	0.00288	0.15455	0.00391	0.04686

[dist]
# distance from previous block
# <min> <max>
0	2

[block]
# block no. 4 follows, 66 sequences, length 12
# corresponding to MSA columns:
# 147-158
name=unknown_E
#
# <colnr> <probs for GDERKNQSTAVLIFYWHMCP>
#	G	D	E	R	K	N	Q	S	T	A	V	L	I	F	Y	W	H	M	C	P
0	0.00584	0.00381	0.00490	0.00545	0.00602	0.00351	0.00377	0.00678	0.00840	0.05363	0.08139	0.63558	0.08763	0.01130	0.00492	0.00153	0.00233	0.01012	0.05953	0.00356
1	0.00950	0.01028	0.01965	0.10917	0.05146	0.03659	0.55090	0.01360	0.10330	0.01317	0.03452	0.01186	0.00777	0.00391	0.00456	0.00135	0.00605	0.00460	0.00234	0.00543
2	0.07107	0.00443	0.00578	0.00563	0.00608	0.00468	0.00392	0.00764	0.09968	0.00900	0.00803	0.01224	0.00747	0.01236	0.01354	0.71686	0.00346	0.00355	0.00209	0.00249
3	0.01055	0.00894	0.00943	0.00835	0.01072	0.01030	0.00653	0.08959	0.75601	0.01771	0.01593	0.01468	0.01192	0.00545	0.00412	0.00136	0.00332	0.00451	0.00412	0.00646
4	0.01014	0.00947	0.06924	0.00862	0.02921	0.00964	0.00704	0.09201	0.54630	0.01681	0.01389	0.01344	0.01048	0.00513	0.00422	0.00129	0.02887	0.00414	0.05821	0.06183
5	0.06378	0.10640	0.06950	0.03786	0.26515	0.00938	0.04123	0.03372	0.13466	0.05581	0.01090	0.09986	0.00946	0.00503	0.00388	0.00125	0.00414	0.00439	0.03795	0.00564
6	0.05457	0.32485	0.32264	0.00911	0.01345	0.04189	0.04385	0.03357	0.00877	0.01219	0.00666	0.00778	0.00531	0.00364	0.00328	0.00105	0.00497	0.00267	0.00192	0.09782
7	0.00554	0.00381	0.00465	0.00499	0.00568	0.00353	0.00353	0.00679	0.00904	0.01270	0.22683	0.39448	0.14368	0.00997	0.00465	0.00140	0.00213	0.00881	0.14428	0.00353
8	0.00946	0.11473	0.01058	0.02385	0.10782	0.05245	0.00653	0.06533	0.23364	0.03762	0.16582	0.03627	0.10711	0.00608	0.00411	0.00125	0.00350	0.00508	0.00346	0.00531
9	0.04532	0.10917	0.18414	0.01319	0.16352	0.10246	0.10455	0.07560	0.04871	0.01342	0.00757	0.00909	0.00600	0.00413	0.00450	0.00122	0.06949	0.00330	0.00221	0.03241
10	0.00606	0.00410	0.00496	0.00512	0.00599	0.00375	0.00362	0.00696	0.00843	0.07049	0.06537	0.32427	0.29729	0.11433	0.05832	0.00208	0.00303	0.00865	0.00364	0.00355
11	0.04955	0.08778	0.12295	0.03612	0.06436	0.08214	0.06227	0.01281	0.05766	0.09123	0.04387	0.03677	0.01738	0.00593	0.03919	0.00145	0.10212	0.00380	0.00258	0.08005

[dist]
# distance from previous block
# <min> <max>
1	26

[block]
# block no. 5 follows, 66 sequences, length 46
# corresponding to MSA columns:
# 185-230
name=unknown_F
#
# <colnr> <probs for GDERKNQSTAVLIFYWHMCP>
#	G	D	E	R	K	N	Q	S	T	A	V	L	I	F	Y	W	H	M	C	P
0	0.04665	0.16715	0.09482	0.04947	0.17262	0.03949	0.15092	0.07652	0.02146	0.03015	0.05525	0.03693	0.00870	0.00441	0.00389	0.00120	0.00488	0.01354	0.00243	0.01952
1	0.04144	0.13589	0.10552	0.05074	0.23213	0.13782	0.03369	0.09663	0.02503	0.02364	0.03469	0.00983	0.00716	0.00463	0.01968	0.00127	0.01652	0.00333	0.01476	0.00560
2	0.22390	0.05217	0.07738	0.02986	0.20348	0.03859	0.09906	0.18735	0.02382	0.01677	0.00764	0.00896	0.00588	0.00397	0.00366	0.00123	0.00470	0.00327	0.00258	0.00574
3	0.00901	0.00959	0.05810	0.50651	0.19800	0.06614	0.05024	0.03310	0.00897	0.01162	0.00736	0.01027	0.00568	0.00395	0.00404	0.00129	0.00549	0.00357	0.00193	0.00512
4	0.00570	0.00414	0.00529	0.00517	0.00613	0.00382	0.00392	0.00745	0.01082	0.01506	0.62399	0.07554	0.12057	0.00887	0.00482	0.00134	0.00209	0.06641	0.02512	0.00375
5	0.00756	0.00378	0.00378	0.00378	0.00473	0.00378	0.00284	0.00945	0.00851	0.01513	0.01324	0.01513	0.01040	0.00473	0.00284	0.00095	0.00189	0.00378	0.87994	0.00378
6	0.00494	0.00353	0.00471	0.00565	0.00588	0.00330	0.00377	0.00565	0.00777	0.01036	0.02236	0.85477	0.02683	0.01271	0.00518	0.00165	0.00235	0.01153	0.00377	0.00330
7	0.00494	0.00353	0.00471	0.00565	0.00588	0.00330	0.00377	0.00565	0.00777	0.01036	0.02236	0.85477	0.02683	0.01271	0.00518	0.00165	0.00235	0.01153	0.00377	0.00330
8	0.01085	0.85986	0.02126	0.00694	0.01041	0.01605	0.00694	0.01215	0.00824	0.00955	0.00564	0.00651	0.00521	0.00347	0.00260	0.00087	0.00434	0.00217	0.00174	0.00521
9	0.00841	0.00721	0.00841	0.00601	0.00961	0.00541	0.00481	0.01022	0.00841	0.01322	0.00721	0.00841	0.00601	0.00300	0.00300	0.00060	0.00300	0.00240	0.00240	0.88222
10	0.06090	0.00781	0.01103	0.44286	0.01959	0.02186	0.00890	0.09501	0.01016	0.24722	0.00983	0.01122	0.00682	0.00447	0.00419	0.00131	0.02475	0.00365	0.00299	0.00543
11	0.10898	0.00714	0.00914	0.00709	0.01016	0.00650	0.00585	0.04357	0.01135	0.72446	0.01473	0.01293	0.00935	0.00489	0.00392	0.00125	0.00345	0.00387	0.00473	0.00664
12	0.00997	0.05998	0.33006	0.01338	0.20948	0.00993	0.01121	0.08891	0.13301	0.03426	0.00910	0.01002	0.00687	0.00410	0.00384	0.00121	0.00484	0.00339	0.00248	0.05394
13	0.04509	0.01076	0.16658	0.01073	0.06992	0.00897	0.13451	0.04454	0.29519	0.01487	0.03774	0.02782	0.10456	0.00538	0.00421	0.00134	0.00427	0.00476	0.00310	0.00566
14	0.02824	0.70341	0.12482	0.00759	0.01132	0.02966	0.00793	0.01249	0.02455	0.01030	0.00608	0.00696	0.00532	0.00358	0.00281	0.00094	0.00456	0.00233	0.00180	0.00531
15	0.00496	0.00357	0.00470	0.00558	0.00587	0.00331	0.00374	0.00570	0.00791	0.01052	0.04187	0.80470	0.05752	0.01252	0.00515	0.00163	0.00233	0.01132	0.00378	0.00331
16	0.00967	0.00880	0.06958	0.01052	0.08096	0.01835	0.15468	0.07821	0.15685	0.08113	0.17985	0.05838	0.02594	0.00570	0.00434	0.00130	0.00400	0.00522	0.04109	0.00544
17	0.00825	0.00675	0.00781	0.00577	0.00896	0.00525	0.00458	0.01022	0.02193	0.01361	0.03979	0.01010	0.00784	0.00344	0.00307	0.00068	0.00285	0.00278	0.09771	0.73864
18	0.03395	0.04999	0.30013	0.02100	0.01463	0.00993	0.10308	0.19697	0.07011	0.11647	0.00996	0.02851	0.00730	0.00448	0.00399	0.00127	0.00495	0.00375	0.01343	0.00610
19	0.01054	0.76634	0.11214	0.00746	0.01121	0.01531	0.00784	0.01223	0.00828	0.00991	0.00582	0.00674	0.00520	0.00351	0.00274	0.00091	0.00452	0.00226	0.00173	0.00529
20	0.04133	0.00809	0.01006	0.02144	0.11139	0.03098	0.00684	0.16523	0.05940	0.31824	0.11930	0.03186	0.03448	0.00552	0.00427	0.00127	0.01568	0.00455	0.00404	0.00604
21	0.01202	0.14133	0.14631	0.03035	0.04817	0.16911	0.09953	0.15736	0.04620	0.06139	0.00836	0.00940	0.00639	0.00491	0.02714	0.00133	0.01911	0.00333	0.00257	0.00570
22	0.01075	0.08024	0.12954	0.03674	0.33021	0.09212	0.09105	0.05973	0.06193	0.04116	0.02303	0.01019	0.00708	0.00401	0.00395	0.00121	0.00519	0.00358	0.00235	0.00595
23	0.00588	0.00402	0.00485	0.00485	0.00500	0.00417	0.00299	0.00618	0.00603	0.00818	0.01239	0.02438	0.01381	0.68808	0.18870	0.00446	0.00535	0.00558	0.00240	0.00270
24	0.01033	0.63122	0.14322	0.00920	0.06789	0.01431	0.03350	0.01250	0.02608	0.01056	0.00634	0.00738	0.00546	0.00358	0.00299	0.00098	0.00467	0.00253	0.00181	0.00544
25	0.00587	0.00425	0.00606	0.00604	0.00672	0.00476	0.00457	0.00715	0.00693	0.00995	0.07207	0.01843	0.02895	0.11044	0.63651	0.02126	0.00889	0.00477	0.03289	0.00349
26	0.00604	0.00395	0.00445	0.00448	0.00459	0.00395	0.00263	0.00625	0.00621	0.00855	0.01312	0.02638	0.01473	0.76514	0.01881	0.00364	0.00378	0.03350	0.06721	0.00260
27	0.00555	0.00410	0.00519	0.00500	0.00597	0.00374	0.00372	0.00726	0.01092	0.01512	0.66410	0.08520	0.15134	0.00887	0.00481	0.00131	0.00196	0.00779	0.00432	0.00374
28	0.00580	0.00389	0.00446	0.00456	0.00458	0.00386	0.00260	0.00587	0.00610	0.00814	0.01382	0.11640	0.01606	0.76578	0.01897	0.00369	0.00376	0.00651	0.00260	0.00255
29	0.88607	0.00785	0.00596	0.00534	0.00785	0.00910	0.00439	0.01193	0.00690	0.01820	0.00565	0.00659	0.00439	0.00377	0.00251	0.00126	0.00314	0.00220	0.00251	0.00439
30	0.88607	0.00785	0.00596	0.00534	0.00785	0.00910	0.00439	0.01193	0.00690	0.01820	0.00565	0.00659	0.00439	0.00377	0.00251	0.00126	0.00314	0.00220	0.00251	0.00439
31	0.00480	0.00411	0.00411	0.00411	0.00548	0.00343	0.00308	0.00582	0.00925	0.01096	0.04110	0.03905	0.83046	0.01028	0.00480	0.00137	0.00206	0.00856	0.00377	0.00343
32	0.00494	0.00353	0.00471	0.00565	0.00588	0.00330	0.00377	0.00565	0.00777	0.01036	0.02236	0.85477	0.02683	0.01271	0.00518	0.00165	0.00235	0.01153	0.00377	0.00330
33	0.88607	0.00785	0.00596	0.00534	0.00785	0.00910	0.00439	0.01193	0.00690	0.01820	0.00565	0.00659	0.00439	0.00377	0.00251	0.00126	0.00314	0.00220	0.00251	0.00439
34	0.01212	0.56838	0.01870	0.00819	0.01159	0.04353	0.04766	0.22130	0.01123	0.01388	0.00685	0.00760	0.00569	0.00386	0.00313	0.00099	0.00460	0.00270	0.00237	0.00564
35	0.00888	0.00888	0.01243	0.01065	0.01065	0.01243	0.00888	0.00976	0.00621	0.00976	0.00533	0.00888	0.00533	0.00710	0.01331	0.00178	0.84999	0.00355	0.00178	0.00444
36	0.00841	0.00721	0.00841	0.00601	0.00961	0.00541	0.00481	0.01022	0.00841	0.01322	0.00721	0.00841	0.00601	0.00300	0.00300	0.00060	0.00300	0.00240	0.00240	0.88222
37	0.00824	0.00721	0.00930	0.20409	0.01393	0.00626	0.00633	0.01025	0.00834	0.01255	0.00721	0.00898	0.00587	0.00325	0.00325	0.00078	0.00357	0.00269	0.00226	0.67565
38	0.00710	0.00656	0.01045	0.62382	0.04746	0.00773	0.00941	0.00943	0.00850	0.01080	0.04513	0.01710	0.16956	0.00543	0.00423	0.00135	0.00460	0.00473	0.00230	0.00433
39	0.01085	0.85986	0.02126	0.00694	0.01041	0.01605	0.00694	0.01215	0.00824	0.00955	0.00564	0.00651	0.00521	0.00347	0.00260	0.00087	0.00434	0.00217	0.00174	0.00521
40	0.00766	0.00721	0.01217	0.84767	0.02794	0.00901	0.01127	0.01037	0.00811	0.01037	0.00721	0.01082	0.00541	0.00406	0.00406	0.00135	0.00541	0.00361	0.00180	0.00451
41	0.01009	0.00872	0.00917	0.00826	0.01055	0.01009	0.00642	0.02156	0.82478	0.01697	0.01651	0.01514	0.01238	0.00550	0.00413	0.00138	0.00321	0.00459	0.00413	0.00642
42	0.42114	0.00911	0.00974	0.05317	0.16126	0.03549	0.00707	0.14684	0.06354	0.04616	0.00787	0.00880	0.00598	0.00411	0.00332	0.00125	0.00393	0.00301	0.00282	0.00542
43	0.00737	0.01700	0.64056	0.00987	0.01474	0.00801	0.01222	0.01122	0.00873	0.01248	0.02904	0.03644	0.16448	0.00539	0.00409	0.00131	0.00507	0.00436	0.00221	0.00539
44	0.00493	0.00358	0.00466	0.00552	0.00585	0.00331	0.00371	0.00566	0.00789	0.01041	0.02388	0.78847	0.09215	0.01251	0.00515	0.00163	0.00233	0.01129	0.00377	0.00331
45	0.00839	0.00769	0.01256	0.39495	0.27876	0.02054	0.02334	0.01076	0.00863	0.02181	0.00967	0.04590	0.00867	0.00614	0.04081	0.00159	0.00520	0.08738	0.00221	0.00500

[dist]
# distance from previous block
# <min> <max>
3	6

[block]
# block no. 6 follows, 66 sequences, length 25
# corresponding to MSA columns:
# 237-261
name=unknown_G
#
# <colnr> <probs for GDERKNQSTAVLIFYWHMCP>
#	G	D	E	R	K	N	Q	S	T	A	V	L	I	F	Y	W	H	M	C	P
0	0.00557	0.00381	0.00473	0.00513	0.00540	0.00372	0.00334	0.00620	0.00729	0.00999	0.06881	0.37819	0.02115	0.34299	0.05190	0.00273	0.00337	0.02702	0.04564	0.00305
1	0.00936	0.00796	0.13086	0.00686	0.00934	0.00591	0.00627	0.05504	0.05080	0.17921	0.34081	0.02199	0.09551	0.00665	0.00437	0.00126	0.00312	0.01729	0.00396	0.04343
2	0.75682	0.00860	0.00677	0.00594	0.00849	0.04128	0.00485	0.07762	0.03185	0.01845	0.00632	0.00712	0.00486	0.00392	0.00273	0.00125	0.00341	0.00240	0.00267	0.00467
3	0.00835	0.00791	0.01341	0.60922	0.26100	0.00920	0.01161	0.01097	0.00844	0.01120	0.00733	0.01059	0.00570	0.00393	0.00404	0.00131	0.00524	0.00361	0.00186	0.00506
4	0.00846	0.00849	0.01211	0.73343	0.02577	0.09308	0.01084	0.01093	0.00839	0.01030	0.00705	0.01039	0.00539	0.00418	0.00435	0.00134	0.03565	0.00350	0.00183	0.00452
5	0.00494	0.00353	0.00471	0.00565	0.00588	0.00330	0.00377	0.00565	0.00777	0.01036	0.02236	0.85477	0.02683	0.01271	0.00518	0.00165	0.00235	0.01153	0.00377	0.00330
6	0.84048	0.05223	0.00676	0.00542	0.00798	0.00946	0.00453	0.01194	0.00697	0.01775	0.00565	0.00659	0.00444	0.00375	0.00252	0.00124	0.00320	0.00220	0.00247	0.00444
7	0.01213	0.30001	0.07741	0.01138	0.16570	0.09478	0.00861	0.14421	0.01081	0.08309	0.00788	0.00876	0.00622	0.00433	0.01558	0.00114	0.00484	0.00299	0.00251	0.03763
8	0.00772	0.00676	0.01067	0.01517	0.41156	0.00672	0.00812	0.00963	0.03750	0.01193	0.01440	0.34741	0.01559	0.05196	0.00539	0.00155	0.00371	0.02646	0.00285	0.00491
9	0.00958	0.01094	0.02394	0.01710	0.02120	0.01026	0.81737	0.01300	0.00958	0.01300	0.00821	0.01094	0.00616	0.00342	0.00479	0.00137	0.00684	0.00479	0.00205	0.00547
10	0.00654	0.00467	0.00654	0.00747	0.00841	0.00467	0.00654	0.00841	0.00934	0.01214	0.02148	0.04576	0.02335	0.01121	0.00560	0.00187	0.00374	0.80480	0.00374	0.00374
11	0.01085	0.00909	0.00960	0.00841	0.01084	0.01045	0.00661	0.13558	0.70952	0.01820	0.01554	0.01436	0.01160	0.00541	0.00412	0.00135	0.00339	0.00445	0.00412	0.00649
12	0.01009	0.00872	0.00917	0.00826	0.01055	0.01009	0.00642	0.02156	0.82478	0.01697	0.01651	0.01514	0.01238	0.00550	0.00413	0.00138	0.00321	0.00459	0.00413	0.00642
13	0.01085	0.85986	0.02126	0.00694	0.01041	0.01605	0.00694	0.01215	0.00824	0.00955	0.00564	0.00651	0.00521	0.00347	0.00260	0.00087	0.00434	0.00217	0.00174	0.00521
14	0.01009	0.00872	0.00917	0.00826	0.01055	0.01009	0.00642	0.02156	0.82478	0.01697	0.01651	0.01514	0.01238	0.00550	0.00413	0.00138	0.00321	0.00459	0.00413	0.00642
15	0.01820	0.00690	0.00942	0.00722	0.01036	0.00596	0.00596	0.01977	0.01161	0.83492	0.01601	0.01381	0.01004	0.00502	0.00408	0.00126	0.00345	0.00408	0.00502	0.00690
16	0.00592	0.00419	0.00481	0.00460	0.00582	0.00371	0.00347	0.00742	0.01018	0.04303	0.36101	0.03231	0.39921	0.00875	0.00458	0.00129	0.00203	0.00745	0.08646	0.00375
17	0.00766	0.00721	0.01217	0.84767	0.02794	0.00901	0.01127	0.01037	0.00811	0.01037	0.00721	0.01082	0.00541	0.00406	0.00406	0.00135	0.00541	0.00361	0.00180	0.00451
18	0.00909	0.00719	0.00785	0.00709	0.00898	0.00799	0.00549	0.03242	0.52557	0.03251	0.20748	0.01858	0.01814	0.00607	0.00416	0.00131	0.00281	0.00513	0.08655	0.00558
19	0.01099	0.00831	0.00907	0.00801	0.01036	0.00933	0.00627	0.02082	0.68974	0.12312	0.04593	0.01551	0.01302	0.00554	0.00415	0.00136	0.00320	0.00462	0.00426	0.00639
20	0.00935	0.01013	0.02071	0.01719	0.15427	0.00988	0.57828	0.01226	0.00908	0.01254	0.00820	0.01140	0.00660	0.03518	0.03455	0.00163	0.05675	0.00454	0.00205	0.00540
21	0.00834	0.00673	0.00935	0.10395	0.10600	0.00654	0.03569	0.02180	0.00967	0.01299	0.02149	0.33056	0.14811	0.01254	0.08997	0.00234	0.00477	0.06038	0.00373	0.00503
22	0.00495	0.00412	0.00433	0.00427	0.00558	0.00349	0.00321	0.00612	0.00962	0.01183	0.17109	0.03761	0.69993	0.00995	0.00479	0.00135	0.00203	0.00836	0.00388	0.00349
23	0.00531	0.00399	0.00469	0.00476	0.00573	0.00356	0.00348	0.00664	0.00974	0.01299	0.32494	0.19349	0.34393	0.00975	0.00477	0.00137	0.00205	0.00846	0.04678	0.00356
24	0.00917	0.13985	0.45377	0.03667	0.13299	0.01046	0.08197	0.01316	0.04856	0.02525	0.00775	0.00915	0.00586	0.00383	0.00380	0.00123	0.00547	0.00323	0.00196	0.00589

[dist]
# distance from previous block
# <min> <max>
0	1

[block]
# block no. 7 follows, 66 sequences, length 32
# corresponding to MSA columns:
# 263-294
name=unknown_H
#
# <colnr> <probs for GDERKNQSTAVLIFYWHMCP>
#	G	D	E	R	K	N	Q	S	T	A	V	L	I	F	Y	W	H	M	C	P
0	0.18289	0.01014	0.01818	0.02928	0.21073	0.02725	0.43662	0.01268	0.00899	0.01398	0.00751	0.00979	0.00584	0.00356	0.00412	0.00130	0.00562	0.00393	0.00213	0.00545
1	0.00762	0.00700	0.00966	0.01022	0.14537	0.02710	0.09111	0.01129	0.17494	0.01311	0.08350	0.11321	0.25887	0.00747	0.00456	0.00137	0.00343	0.02200	0.00338	0.00480
2	0.01048	0.03330	0.09700	0.03231	0.32947	0.01877	0.02154	0.04212	0.02653	0.09838	0.00848	0.00984	0.00660	0.00383	0.00399	0.00108	0.02780	0.00329	0.00249	0.22270
3	0.00566	0.00385	0.00448	0.00468	0.00477	0.00378	0.00276	0.00584	0.00641	0.00850	0.01573	0.20698	0.04220	0.64800	0.01680	0.00336	0.00353	0.00721	0.00278	0.00267
4	0.00925	0.25325	0.53201	0.01074	0.03809	0.01141	0.03708	0.04202	0.00891	0.01241	0.00695	0.00815	0.00529	0.00376	0.00355	0.00117	0.00547	0.00286	0.00182	0.00581
5	0.03248	0.32895	0.13640	0.06316	0.10492	0.14821	0.06398	0.05631	0.00957	0.01186	0.00670	0.00808	0.00548	0.00377	0.00343	0.00109	0.00533	0.00287	0.00199	0.00542
6	0.00482	0.00411	0.00415	0.00414	0.00550	0.00344	0.00310	0.00588	0.00931	0.01111	0.06368	0.03879	0.80778	0.01022	0.00479	0.00137	0.00205	0.00853	0.00379	0.00344
7	0.01006	0.04286	0.12348	0.04729	0.48252	0.04078	0.04066	0.05209	0.03104	0.01347	0.00774	0.00968	0.00626	0.00380	0.00405	0.00119	0.01869	0.00344	0.00213	0.05878
8	0.00588	0.00400	0.00474	0.00474	0.00485	0.00410	0.00285	0.00610	0.00599	0.00810	0.01250	0.02497	0.01406	0.73393	0.14319	0.00432	0.00497	0.00567	0.00242	0.00263
9	0.00502	0.00404	0.00447	0.00459	0.00569	0.00351	0.00338	0.00614	0.00929	0.01163	0.15414	0.16636	0.55156	0.02422	0.00513	0.00145	0.00216	0.02991	0.00385	0.00346
10	0.01085	0.85986	0.02126	0.00694	0.01041	0.01605	0.00694	0.01215	0.00824	0.00955	0.00564	0.00651	0.00521	0.00347	0.00260	0.00087	0.00434	0.00217	0.00174	0.00521
11	0.00580	0.00432	0.00638	0.00638	0.00705	0.00499	0.00489	0.00715	0.00648	0.00931	0.01100	0.01666	0.01046	0.08688	0.78532	0.00634	0.01039	0.00445	0.00219	0.00354
12	0.00841	0.00721	0.00841	0.00601	0.00961	0.00541	0.00481	0.01022	0.00841	0.01322	0.00721	0.00841	0.00601	0.00300	0.00300	0.00060	0.00300	0.00240	0.00240	0.88222
13	0.00814	0.02099	0.83640	0.01156	0.01756	0.00942	0.01499	0.01285	0.00857	0.01285	0.00728	0.00857	0.00514	0.00385	0.00385	0.00128	0.00600	0.00300	0.00171	0.00600
14	0.00535	0.00394	0.00435	0.00448	0.00503	0.00365	0.00288	0.00584	0.00742	0.00938	0.02479	0.14849	0.32315	0.41933	0.01250	0.00265	0.00300	0.00770	0.00314	0.00294
15	0.00818	0.00774	0.01311	0.66782	0.20372	0.00915	0.01153	0.01082	0.00836	0.01100	0.00730	0.01065	0.00563	0.00396	0.00405	0.00132	0.00528	0.00361	0.00185	0.00493
16	0.00592	0.00401	0.00491	0.00491	0.00507	0.00416	0.00306	0.00617	0.00601	0.00817	0.01215	0.02372	0.01346	0.64682	0.19715	0.03839	0.00541	0.00547	0.00237	0.00268
17	0.03913	0.01649	0.01156	0.00996	0.01243	0.55538	0.00770	0.27071	0.01378	0.01512	0.00736	0.00807	0.00573	0.00439	0.00375	0.00111	0.00630	0.00293	0.00273	0.00539
18	0.01019	0.00984	0.03954	0.06103	0.71938	0.00962	0.01211	0.03524	0.02315	0.02932	0.00797	0.01018	0.00653	0.00374	0.00402	0.00122	0.00482	0.00362	0.00214	0.00635
19	0.00970	0.01022	0.00997	0.06176	0.03900	0.25547	0.00739	0.03085	0.00855	0.01033	0.00845	0.01243	0.00773	0.01423	0.30048	0.00317	0.17089	0.03289	0.00215	0.00434
20	0.00814	0.02099	0.83640	0.01156	0.01756	0.00942	0.01499	0.01285	0.00857	0.01285	0.00728	0.00857	0.00514	0.00385	0.00385	0.00128	0.00600	0.00300	0.00171	0.00600
21	0.01717	0.00855	0.01044	0.00800	0.01118	0.00841	0.00661	0.31518	0.01437	0.53561	0.01369	0.01230	0.00888	0.00497	0.00407	0.00124	0.00383	0.00392	0.00467	0.00690
22	0.00972	0.00835	0.00883	0.00797	0.01018	0.00958	0.00619	0.02040	0.76073	0.01673	0.05286	0.01664	0.04218	0.00579	0.00418	0.00137	0.00311	0.00485	0.00413	0.00620
23	0.00814	0.02099	0.83640	0.01156	0.01756	0.00942	0.01499	0.01285	0.00857	0.01285	0.00728	0.00857	0.00514	0.00385	0.00385	0.00128	0.00600	0.00300	0.00171	0.00600
24	0.00654	0.00467	0.00654	0.00747	0.00841	0.00467	0.00654	0.00841	0.00934	0.01214	0.02148	0.04576	0.02335	0.01121	0.00560	0.00187	0.00374	0.80480	0.00374	0.00374
25	0.00841	0.00721	0.00841	0.00601	0.00961	0.00541	0.00481	0.01022	0.00841	0.01322	0.00721	0.00841	0.00601	0.00300	0.00300	0.00060	0.00300	0.00240	0.00240	0.88222
26	0.00590	0.00393	0.00442	0.00442	0.00442	0.00393	0.00246	0.00590	0.00590	0.00787	0.01278	0.02655	0.01475	0.85742	0.02065	0.00393	0.00393	0.00590	0.00246	0.00246
27	0.00766	0.00721	0.01217	0.84767	0.02794	0.00901	0.01127	0.01037	0.00811	0.01037	0.00721	0.01082	0.00541	0.00406	0.00406	0.00135	0.00541	0.00361	0.00180	0.00451
28	0.00580	0.00435	0.00652	0.00652	0.00724	0.00507	0.00507	0.00724	0.00652	0.00942	0.01087	0.01594	0.01014	0.03043	0.84134	0.00652	0.01087	0.00435	0.00217	0.00362
29	0.00544	0.00414	0.00500	0.00479	0.00588	0.00370	0.00359	0.00707	0.01077	0.01457	0.57803	0.03310	0.29127	0.00893	0.00479	0.00131	0.00196	0.00773	0.00424	0.00370
30	0.00618	0.00458	0.00608	0.00702	0.06279	0.00442	0.00466	0.00799	0.06072	0.03147	0.16708	0.45008	0.08227	0.03458	0.00538	0.00158	0.00262	0.05280	0.00379	0.00390
31	0.03835	0.63921	0.04021	0.00813	0.03368	0.16179	0.00739	0.01289	0.00882	0.01007	0.00585	0.00681	0.00522	0.00362	0.00286	0.00093	0.00489	0.00231	0.00183	0.00515

[dist]
# distance from previous block
# <min> <max>
0	2

[block]
# block no. 8 follows, 66 sequences, length 26
# corresponding to MSA columns:
# 297-322
name=unknown_I
#
# <colnr> <probs for GDERKNQSTAVLIFYWHMCP>
#	G	D	E	R	K	N	Q	S	T	A	V	L	I	F	Y	W	H	M	C	P
0	0.01157	0.07621	0.17181	0.01184	0.09561	0.18217	0.09009	0.08269	0.17379	0.05049	0.00952	0.01019	0.00721	0.00429	0.00391	0.00122	0.00532	0.00352	0.00268	0.00586
1	0.57210	0.06497	0.00943	0.00798	0.05455	0.14100	0.04431	0.02910	0.00829	0.02805	0.00621	0.00727	0.00491	0.00383	0.00294	0.00120	0.00417	0.00252	0.00241	0.00475
2	0.00947	0.01233	0.21756	0.11755	0.35523	0.04700	0.03436	0.01330	0.09033	0.02469	0.00946	0.01110	0.03128	0.00416	0.00402	0.00126	0.00509	0.00370	0.00222	0.00590
3	0.00841	0.00721	0.00841	0.00601	0.00961	0.00541	0.00481	0.01022	0.00841	0.01322	0.00721	0.00841	0.00601	0.00300	0.00300	0.00060	0.00300	0.00240	0.00240	0.88222
4	0.00489	0.00411	0.00424	0.00421	0.00554	0.00346	0.00316	0.00600	0.00947	0.01148	0.11866	0.03819	0.75257	0.01008	0.00479	0.00136	0.00204	0.00844	0.00384	0.00346
5	0.00530	0.00375	0.00496	0.00580	0.00611	0.00358	0.00405	0.00611	0.00780	0.01036	0.02115	0.63535	0.02493	0.10727	0.00698	0.00194	0.00275	0.13491	0.00361	0.00327
6	0.00841	0.00721	0.00841	0.00601	0.00961	0.00541	0.00481	0.01022	0.00841	0.01322	0.00721	0.00841	0.00601	0.00300	0.00300	0.00060	0.00300	0.00240	0.00240	0.88222
7	0.00938	0.17360	0.54472	0.01121	0.06066	0.01053	0.03188	0.03176	0.01925	0.04834	0.01850	0.00895	0.00603	0.00391	0.00369	0.00120	0.00541	0.00306	0.00201	0.00590
8	0.88607	0.00785	0.00596	0.00534	0.00785	0.00910	0.00439	0.01193	0.00690	0.01820	0.00565	0.00659	0.00439	0.00377	0.00251	0.00126	0.00314	0.00220	0.00251	0.00439
9	0.00654	0.00467	0.00654	0.00747	0.00841	0.00467	0.00654	0.00841	0.00934	0.01214	0.02148	0.04576	0.02335	0.01121	0.00560	0.00187	0.00374	0.80480	0.00374	0.00374
10	0.00532	0.00392	0.00530	0.06384	0.00739	0.00384	0.00427	0.00623	0.00795	0.01056	0.06540	0.61834	0.04902	0.08584	0.00644	0.00181	0.00273	0.04487	0.00355	0.00336
11	0.00950	0.23439	0.47738	0.01168	0.08979	0.02788	0.04618	0.01291	0.00874	0.03596	0.00716	0.00840	0.00546	0.00376	0.00359	0.00117	0.00545	0.00294	0.00186	0.00581
12	0.00494	0.00353	0.00471	0.00565	0.00588	0.00330	0.00377	0.00565	0.00777	0.01036	0.02236	0.85477	0.02683	0.01271	0.00518	0.00165	0.00235	0.01153	0.00377	0.00330
13	0.00488	0.00414	0.00423	0.00428	0.00563	0.00349	0.00326	0.00595	0.00925	0.01102	0.04012	0.03938	0.79011	0.01032	0.00484	0.00139	0.00214	0.04838	0.00377	0.00344
14	0.00970	0.00986	0.04959	0.09284	0.68575	0.00973	0.01226	0.01214	0.00895	0.01280	0.00745	0.00998	0.00623	0.00385	0.00452	0.00125	0.05139	0.00359	0.00197	0.00614
15	0.01009	0.01022	0.05986	0.09495	0.40268	0.04592	0.09790	0.01241	0.00891	0.05742	0.00799	0.01084	0.00659	0.00445	0.00553	0.00134	0.13357	0.02149	0.00215	0.00571
16	0.01085	0.85986	0.02126	0.00694	0.01041	0.01605	0.00694	0.01215	0.00824	0.00955	0.00564	0.00651	0.00521	0.00347	0.00260	0.00087	0.00434	0.00217	0.00174	0.00521
17	0.03857	0.01065	0.01122	0.00880	0.01187	0.05659	0.00720	0.53976	0.07691	0.17991	0.01115	0.01071	0.00776	0.00488	0.00400	0.00123	0.00430	0.00371	0.00410	0.00668
18	0.00946	0.10804	0.54706	0.01188	0.03872	0.06770	0.10888	0.01324	0.00897	0.03879	0.00744	0.00875	0.00547	0.00382	0.00383	0.00123	0.00590	0.00315	0.00190	0.00580
19	0.00949	0.01032	0.02126	0.09871	0.18931	0.01001	0.57351	0.01263	0.00937	0.01280	0.00799	0.01075	0.00614	0.00352	0.00456	0.00133	0.00628	0.00443	0.00202	0.00558
20	0.07629	0.01163	0.01223	0.00969	0.01287	0.01269	0.00783	0.68851	0.08077	0.02522	0.01105	0.01145	0.00818	0.00556	0.00443	0.00144	0.00465	0.00398	0.00431	0.00723
21	0.00497	0.00372	0.00452	0.00513	0.00567	0.00338	0.00348	0.00572	0.00806	0.01035	0.02699	0.56725	0.25276	0.07050	0.00614	0.00173	0.00238	0.01031	0.00368	0.00327
22	0.01074	0.82763	0.05258	0.00712	0.01069	0.01580	0.00725	0.01218	0.00826	0.00967	0.00570	0.00659	0.00520	0.00349	0.00265	0.00088	0.00440	0.00220	0.00173	0.00524
23	0.03757	0.79645	0.02039	0.00700	0.01043	0.01569	0.00690	0.04787	0.00868	0.01052	0.00582	0.00665	0.00526	0.00354	0.00266	0.00089	0.00431	0.00224	0.00186	0.00526
24	0.00527	0.00443	0.04166	0.00593	0.00647	0.00372	0.00436	0.00619	0.00780	0.01042	0.02121	0.68364	0.03748	0.07535	0.00630	0.00181	0.00273	0.06829	0.00358	0.00339
25	0.00542	0.04163	0.00539	0.00533	0.00581	0.00402	0.00362	0.00613	0.00783	0.01034	0.07734	0.54677	0.08951	0.16210	0.00776	0.00197	0.00267	0.00959	0.00349	0.00328

[dist]
# distance from previous block
# <min> <max>
0	3

# created by:
# /st0/software/busco_prod/Augustus/scripts/msa2prfl.pl ./align_prep/26409.fa
