[name]
unknown

[dist]
# distance from previous block
# <min> <max>
27	270

[block]
# block no. 0 follows, 62 sequences, length 19
# corresponding to MSA columns:
# 423-441
name=unknown_A
#
# <colnr> <probs for GDERKNQSTAVLIFYWHMCP>
#	G	D	E	R	K	N	Q	S	T	A	V	L	I	F	Y	W	H	M	C	P
0	0.03107	0.18897	0.09278	0.02037	0.07200	0.05617	0.04943	0.07459	0.02006	0.05343	0.04026	0.01000	0.00767	0.00413	0.00388	0.00105	0.02648	0.00323	0.00259	0.24185
1	0.04718	0.06237	0.02790	0.01082	0.12040	0.11611	0.05274	0.02150	0.11777	0.07184	0.08008	0.04865	0.03823	0.04636	0.03869	0.00167	0.03776	0.01965	0.01166	0.02862
2	0.06847	0.05702	0.14567	0.04903	0.09461	0.03037	0.02974	0.15523	0.03800	0.03699	0.13485	0.03929	0.01238	0.00536	0.00449	0.00129	0.03540	0.00435	0.00308	0.05439
3	0.00975	0.06259	0.06921	0.05429	0.29925	0.06587	0.05691	0.03739	0.01985	0.01288	0.01089	0.13565	0.02939	0.00579	0.00512	0.00135	0.07536	0.00498	0.00248	0.04100
4	0.00738	0.00615	0.00713	0.00574	0.00833	0.00494	0.00446	0.00930	0.02876	0.01386	0.15795	0.05836	0.19238	0.00632	0.00402	0.00100	0.00271	0.00533	0.00332	0.47258
5	0.00971	0.00788	0.00898	0.00651	0.01022	0.02760	0.00521	0.01156	0.00914	0.06882	0.00816	0.00918	0.00657	0.00333	0.00325	0.00069	0.00330	0.00265	0.00270	0.79458
6	0.00950	0.00965	0.06743	0.24974	0.17745	0.00945	0.07032	0.05072	0.13266	0.01402	0.00997	0.03544	0.00808	0.00466	0.00441	0.00131	0.02023	0.01508	0.00259	0.10731
7	0.00530	0.00382	0.00505	0.00599	0.00634	0.00357	0.00413	0.00614	0.00834	0.01103	0.02430	0.75239	0.06488	0.01310	0.00544	0.00173	0.00256	0.06846	0.00395	0.00350
8	0.07730	0.00876	0.03155	0.04925	0.12849	0.00852	0.07976	0.08693	0.03896	0.32068	0.03171	0.01279	0.00918	0.00489	0.00453	0.00133	0.03750	0.00410	0.05743	0.00630
9	0.04581	0.03165	0.01221	0.01018	0.01075	0.05793	0.00837	0.02994	0.00732	0.01104	0.00637	0.01017	0.00622	0.05246	0.02595	0.00191	0.62678	0.00367	0.00204	0.03920
10	0.28383	0.07049	0.14052	0.02709	0.06960	0.14925	0.05910	0.07792	0.00996	0.03034	0.00789	0.04174	0.00648	0.00448	0.00363	0.00128	0.00509	0.00336	0.00252	0.00542
11	0.00560	0.00414	0.00528	0.00605	0.00652	0.00400	0.00413	0.00721	0.06664	0.01161	0.05310	0.73247	0.05216	0.01253	0.00532	0.00168	0.00251	0.01131	0.00400	0.00372
12	0.01145	0.38327	0.21069	0.01008	0.05134	0.03858	0.02792	0.08283	0.06424	0.05196	0.00815	0.00896	0.00643	0.00420	0.00376	0.00116	0.02352	0.00306	0.00239	0.00601
13	0.00893	0.00819	0.01294	0.59435	0.08282	0.00985	0.02737	0.06130	0.06749	0.01258	0.00853	0.01163	0.00654	0.00536	0.03042	0.00159	0.03880	0.00391	0.00225	0.00516
14	0.00803	0.00522	0.00643	0.00582	0.00724	0.00505	0.00446	0.03619	0.07974	0.08966	0.56262	0.02712	0.05576	0.00777	0.00470	0.00132	0.00235	0.00674	0.07916	0.00462
15	0.00518	0.00370	0.00494	0.00592	0.00617	0.00346	0.00395	0.00592	0.00815	0.01086	0.02345	0.84768	0.02814	0.01333	0.00543	0.00173	0.00247	0.01210	0.00395	0.00346
16	0.00630	0.00450	0.00572	0.00564	0.00587	0.00492	0.00375	0.00682	0.00641	0.00885	0.01241	0.02349	0.01349	0.55458	0.27560	0.00487	0.04571	0.00556	0.00245	0.00306
17	0.01215	0.01278	0.09406	0.01493	0.07622	0.04186	0.37092	0.27410	0.01319	0.01777	0.00887	0.01058	0.00658	0.00425	0.00475	0.00136	0.02228	0.00426	0.00280	0.00630
18	0.00935	0.00854	0.00919	0.00680	0.01034	0.06563	0.00541	0.01115	0.00898	0.01350	0.00743	0.00876	0.00622	0.00338	0.00355	0.00070	0.03079	0.00258	0.00248	0.78523

[dist]
# distance from previous block
# <min> <max>
0	1

[block]
# block no. 1 follows, 62 sequences, length 29
# corresponding to MSA columns:
# 443-471
name=unknown_B
#
# <colnr> <probs for GDERKNQSTAVLIFYWHMCP>
#	G	D	E	R	K	N	Q	S	T	A	V	L	I	F	Y	W	H	M	C	P
0	0.33480	0.01073	0.00869	0.00768	0.01009	0.16876	0.00605	0.09823	0.19481	0.01766	0.05677	0.01130	0.00931	0.00489	0.00358	0.00129	0.00417	0.00351	0.04232	0.00537
1	0.00640	0.00431	0.00544	0.00545	0.00620	0.00402	0.00380	0.00754	0.00939	0.05030	0.30613	0.25738	0.08081	0.18734	0.03192	0.00218	0.00295	0.00837	0.00392	0.01617
2	0.00900	0.00903	0.01418	0.01162	0.01249	0.01149	0.14639	0.01051	0.00763	0.01142	0.07937	0.01203	0.00905	0.00799	0.04840	0.00196	0.58617	0.00434	0.00218	0.00475
3	0.00820	0.00682	0.00900	0.01693	0.05998	0.01628	0.05607	0.04679	0.10462	0.01258	0.01265	0.10836	0.01243	0.22035	0.11786	0.00267	0.00495	0.00535	0.00290	0.17520
4	0.00597	0.00441	0.00597	0.00640	0.00701	0.00422	0.02647	0.04359	0.00916	0.01228	0.09625	0.65867	0.04146	0.02481	0.00558	0.00170	0.00272	0.03563	0.00396	0.00375
5	0.00954	0.00974	0.01853	0.22515	0.24358	0.00998	0.32803	0.01284	0.03493	0.01310	0.00910	0.01301	0.00738	0.00426	0.00462	0.00141	0.00594	0.04090	0.00222	0.00571
6	0.01138	0.85302	0.02230	0.00728	0.01092	0.01684	0.00728	0.01274	0.00865	0.01001	0.00592	0.00683	0.00546	0.00364	0.00273	0.00091	0.00455	0.00228	0.00182	0.00546
7	0.03798	0.00989	0.05649	0.04814	0.06928	0.05064	0.03596	0.11652	0.03399	0.07425	0.00911	0.02471	0.00717	0.00406	0.00371	0.00100	0.00419	0.00333	0.00290	0.40669
8	0.00795	0.00741	0.01240	0.80274	0.02820	0.00921	0.01140	0.01066	0.00840	0.01075	0.00783	0.01208	0.00611	0.04222	0.00503	0.00154	0.00560	0.00389	0.00192	0.00463
9	0.01328	0.01048	0.01114	0.00920	0.01209	0.01184	0.00739	0.40209	0.43236	0.02215	0.01389	0.01315	0.01022	0.00545	0.00429	0.00136	0.00400	0.00434	0.00429	0.00698
10	0.41325	0.01058	0.01021	0.18220	0.05377	0.15421	0.03025	0.04839	0.00909	0.01550	0.00674	0.00850	0.00529	0.00424	0.00377	0.00132	0.03239	0.00295	0.00241	0.00494
11	0.00751	0.00569	0.00750	0.00760	0.06441	0.00582	0.00538	0.02600	0.04457	0.04880	0.45271	0.02784	0.11974	0.04459	0.00647	0.00154	0.08061	0.03471	0.00404	0.00446
12	0.00716	0.00541	0.00746	0.00762	0.04534	0.00606	0.00545	0.06416	0.03437	0.01123	0.01169	0.01783	0.01111	0.16602	0.57303	0.00556	0.00914	0.00476	0.00253	0.00407
13	0.01496	0.01879	0.01145	0.01045	0.01252	0.75637	0.00783	0.01611	0.01197	0.01089	0.06393	0.02863	0.00842	0.00489	0.00396	0.00113	0.00716	0.00330	0.00241	0.00483
14	0.00610	0.00417	0.00503	0.00510	0.00524	0.00428	0.00313	0.00640	0.00643	0.00870	0.01378	0.08329	0.01555	0.65596	0.15542	0.00441	0.00522	0.00633	0.00262	0.00284
15	0.07252	0.21121	0.09509	0.02726	0.02399	0.07542	0.00791	0.12710	0.16311	0.03769	0.00946	0.00991	0.00733	0.00437	0.00361	0.00114	0.00451	0.00324	0.00291	0.11222
16	0.00998	0.01030	0.12149	0.03504	0.12148	0.00772	0.02604	0.07976	0.01004	0.04153	0.00818	0.00951	0.00644	0.00364	0.00362	0.00093	0.00414	0.00304	0.00258	0.49453
17	0.00946	0.02648	0.06885	0.00820	0.05575	0.00734	0.00619	0.13842	0.03302	0.06514	0.01189	0.01776	0.02827	0.27260	0.12117	0.08628	0.03107	0.00473	0.00287	0.00451
18	0.00532	0.00384	0.00503	0.00575	0.00618	0.00356	0.00393	0.00629	0.00888	0.01194	0.15931	0.66985	0.06951	0.01242	0.00534	0.00165	0.00238	0.01120	0.00407	0.00356
19	0.00983	0.01625	0.42268	0.08925	0.12072	0.03889	0.07988	0.09105	0.03569	0.01455	0.00880	0.03745	0.00685	0.00447	0.00423	0.00135	0.00582	0.00384	0.00228	0.00612
20	0.01179	0.15186	0.02804	0.03850	0.12560	0.26062	0.03818	0.05339	0.08567	0.01313	0.07833	0.01278	0.02803	0.00539	0.01556	0.00130	0.02567	0.01804	0.00268	0.00545
21	0.00551	0.00450	0.00496	0.00478	0.00621	0.00382	0.00357	0.00682	0.01002	0.01278	0.20188	0.09500	0.54448	0.00999	0.00492	0.00138	0.00222	0.00849	0.00400	0.06467
22	0.00787	0.00682	0.00734	0.00672	0.02623	0.05879	0.02325	0.01040	0.09374	0.04252	0.06934	0.07301	0.35929	0.00800	0.00454	0.00129	0.00311	0.03069	0.00362	0.16345
23	0.03627	0.03160	0.01219	0.07470	0.14358	0.08133	0.00819	0.15774	0.03455	0.01552	0.00803	0.00959	0.00648	0.00433	0.00473	0.00112	0.08615	0.00325	0.00267	0.27796
24	0.00690	0.05425	0.11208	0.00688	0.00889	0.02049	0.02379	0.00905	0.02770	0.01316	0.24295	0.10938	0.18158	0.03353	0.07752	0.00191	0.01866	0.00671	0.00342	0.04114
25	0.01015	0.20656	0.09911	0.04701	0.10713	0.08465	0.03468	0.03402	0.06034	0.01199	0.00917	0.01343	0.00835	0.07917	0.03348	0.00174	0.10091	0.05051	0.00233	0.00527
26	0.00972	0.35331	0.13244	0.00859	0.01174	0.07873	0.05424	0.01193	0.03438	0.01140	0.01073	0.19501	0.01084	0.00595	0.00382	0.00120	0.00463	0.00488	0.00246	0.05402
27	0.00700	0.03139	0.15673	0.00756	0.04134	0.00594	0.02902	0.00830	0.00732	0.01011	0.01276	0.11617	0.01388	0.48240	0.02679	0.00301	0.00455	0.00595	0.00253	0.02724
28	0.01219	0.27992	0.01563	0.04896	0.15147	0.24361	0.00849	0.03602	0.03376	0.02377	0.02944	0.00951	0.00721	0.00432	0.00388	0.00111	0.02947	0.00314	0.03695	0.02115

[dist]
# distance from previous block
# <min> <max>
3	18

[block]
# block no. 2 follows, 62 sequences, length 20
# corresponding to MSA columns:
# 490-509
name=unknown_C
#
# <colnr> <probs for GDERKNQSTAVLIFYWHMCP>
#	G	D	E	R	K	N	Q	S	T	A	V	L	I	F	Y	W	H	M	C	P
0	0.14789	0.01068	0.09929	0.00845	0.01177	0.03841	0.03083	0.20074	0.06711	0.09915	0.01119	0.04634	0.03141	0.00500	0.00402	0.00122	0.01745	0.00389	0.00334	0.16182
1	0.12824	0.04302	0.07586	0.01021	0.08264	0.08584	0.03615	0.11875	0.11359	0.05341	0.01102	0.06288	0.02490	0.02261	0.00473	0.00135	0.04028	0.00415	0.00305	0.07733
2	0.00617	0.00421	0.00507	0.00507	0.00522	0.00436	0.00312	0.00647	0.00632	0.00857	0.01301	0.02565	0.01452	0.68915	0.18166	0.00466	0.00556	0.00587	0.00252	0.00282
3	0.00697	0.00581	0.00742	0.00735	0.05423	0.00569	0.03680	0.01059	0.15708	0.01516	0.35750	0.04627	0.25576	0.00838	0.00486	0.00139	0.00269	0.00730	0.00415	0.00460
4	0.01055	0.00861	0.00990	0.04110	0.02910	0.00838	0.00642	0.10420	0.27371	0.04258	0.01135	0.01160	0.00871	0.00435	0.00376	0.00103	0.00355	0.00355	0.00336	0.41419
5	0.01127	0.00753	0.00897	0.00692	0.00990	0.00672	0.00555	0.15276	0.01213	0.15970	0.19898	0.01540	0.01508	0.00516	0.00398	0.00103	0.00324	0.00426	0.00381	0.36759
6	0.04251	0.04331	0.03645	0.00996	0.01283	0.05101	0.02641	0.52053	0.01578	0.04269	0.00914	0.00996	0.00684	0.00580	0.02189	0.00146	0.12975	0.00369	0.00353	0.00646
7	0.01030	0.03045	0.04715	0.16597	0.53011	0.01027	0.04978	0.06520	0.01010	0.01405	0.00829	0.02417	0.00684	0.00411	0.00424	0.00130	0.00523	0.00392	0.00222	0.00627
8	0.01111	0.74580	0.02112	0.00778	0.01095	0.01635	0.00754	0.01242	0.00838	0.01004	0.00587	0.00714	0.00548	0.00412	0.00416	0.00103	0.11106	0.00246	0.00183	0.00536
9	0.01092	0.01196	0.15759	0.04473	0.23768	0.03618	0.12918	0.07562	0.06226	0.08007	0.05334	0.02618	0.00926	0.00458	0.00433	0.00131	0.00515	0.00423	0.00280	0.04263
10	0.03985	0.03293	0.01095	0.11771	0.09185	0.06627	0.03678	0.08210	0.13191	0.09055	0.17439	0.01820	0.04858	0.00598	0.00441	0.00135	0.00414	0.03298	0.00356	0.00552
11	0.00576	0.00413	0.00544	0.00629	0.00673	0.00396	0.00445	0.03329	0.00875	0.01163	0.02289	0.72071	0.02699	0.01286	0.00545	0.00174	0.00272	0.10862	0.00396	0.00364
12	0.00740	0.00534	0.00741	0.02768	0.04040	0.00534	0.03366	0.06013	0.02903	0.05055	0.01956	0.53190	0.03390	0.04146	0.00637	0.03470	0.01963	0.03771	0.00368	0.00415
13	0.01103	0.08599	0.23031	0.06480	0.17955	0.09787	0.04843	0.05059	0.07831	0.05957	0.02090	0.01175	0.00786	0.00456	0.00412	0.00130	0.00543	0.02899	0.00256	0.00607
14	0.00729	0.00691	0.03129	0.03126	0.02523	0.09276	0.01737	0.00873	0.00962	0.02316	0.14605	0.30168	0.14250	0.01035	0.02272	0.00165	0.03203	0.08173	0.00360	0.00408
15	0.01639	0.00808	0.00990	0.00790	0.01090	0.00794	0.00642	0.12781	0.17454	0.51229	0.01584	0.01426	0.01060	0.00533	0.00422	0.00132	0.00363	0.00431	0.05136	0.00696
16	0.01087	0.01214	0.12435	0.08865	0.24080	0.07470	0.17995	0.05665	0.03134	0.06253	0.01063	0.01231	0.04982	0.00452	0.00458	0.00134	0.02210	0.00421	0.00252	0.00600
17	0.02331	0.07634	0.20949	0.03214	0.25791	0.02707	0.07726	0.03461	0.07143	0.05596	0.01075	0.07077	0.02439	0.00493	0.00421	0.00132	0.00507	0.00438	0.00258	0.00608
18	0.02354	0.00810	0.05189	0.03589	0.02898	0.03300	0.05592	0.05339	0.03856	0.04164	0.01326	0.11829	0.03560	0.14385	0.03343	0.00213	0.17688	0.05499	0.04610	0.00456
19	0.08611	0.09718	0.05412	0.03225	0.15065	0.21200	0.11974	0.06722	0.01056	0.05623	0.00812	0.02633	0.00660	0.00448	0.00450	0.00127	0.05093	0.00359	0.00246	0.00566

[dist]
# distance from previous block
# <min> <max>
0	29

[block]
# block no. 3 follows, 62 sequences, length 29
# corresponding to MSA columns:
# 539-567
name=unknown_D
#
# <colnr> <probs for GDERKNQSTAVLIFYWHMCP>
#	G	D	E	R	K	N	Q	S	T	A	V	L	I	F	Y	W	H	M	C	P
0	0.01067	0.00861	0.01373	0.05884	0.45207	0.00859	0.03648	0.04449	0.03781	0.11015	0.04547	0.08555	0.05762	0.00552	0.00444	0.00134	0.00440	0.00509	0.00300	0.00611
1	0.01037	0.01073	0.03015	0.13356	0.40780	0.06215	0.17927	0.01385	0.07357	0.01353	0.00878	0.01112	0.00698	0.00402	0.00436	0.00132	0.00560	0.00405	0.01267	0.00610
2	0.00613	0.00436	0.00581	0.00581	0.00621	0.00476	0.00403	0.00694	0.00653	0.00911	0.01234	0.02195	0.01291	0.41671	0.45191	0.00556	0.00798	0.00532	0.00242	0.00323
3	0.00665	0.00487	0.00651	0.00634	0.00725	0.00531	0.00479	0.02859	0.04153	0.02205	0.09544	0.02165	0.07714	0.13437	0.49511	0.00496	0.00800	0.01338	0.01215	0.00390
4	0.08426	0.01130	0.01195	0.00932	0.01258	0.01253	0.00766	0.66813	0.07702	0.04677	0.01057	0.01048	0.00754	0.00507	0.00413	0.00129	0.00445	0.00379	0.00416	0.00699
5	0.01584	0.01166	0.01253	0.00967	0.01298	0.01289	0.00796	0.78493	0.01964	0.02632	0.01062	0.03605	0.00788	0.00536	0.00429	0.00129	0.00461	0.00409	0.00425	0.00712
6	0.01097	0.00933	0.00984	0.00874	0.01121	0.01076	0.00683	0.07695	0.76126	0.01842	0.01683	0.01548	0.01259	0.00573	0.00432	0.00143	0.00346	0.00474	0.00432	0.00677
7	0.01576	0.01161	0.01247	0.00964	0.01293	0.01283	0.00793	0.77944	0.01956	0.02622	0.01071	0.04177	0.00802	0.00542	0.00430	0.00129	0.00460	0.00414	0.00425	0.00709
8	0.01626	0.01133	0.01235	0.00952	0.01288	0.01239	0.00785	0.69929	0.04920	0.10839	0.01116	0.01087	0.00779	0.00515	0.00426	0.00129	0.00452	0.00391	0.00436	0.00722
9	0.00656	0.00472	0.00649	0.00736	0.00829	0.00465	0.00626	0.00836	0.00973	0.01269	0.06164	0.13057	0.06109	0.01173	0.00575	0.00188	0.00360	0.64084	0.00396	0.00386
10	0.01079	0.00924	0.00974	0.00870	0.01114	0.01068	0.00678	0.05139	0.78712	0.01813	0.01706	0.01567	0.01278	0.00575	0.00433	0.00144	0.00342	0.00477	0.00433	0.00675
11	0.31416	0.00934	0.00992	0.00833	0.03630	0.00998	0.02639	0.30828	0.01268	0.07750	0.00960	0.05825	0.00765	0.00493	0.00367	0.00126	0.00392	0.00372	0.00346	0.09064
12	0.00828	0.00554	0.00653	0.00610	0.00763	0.00537	0.00466	0.06046	0.09703	0.10365	0.23021	0.16161	0.21811	0.00902	0.00485	0.00144	0.00266	0.03102	0.03119	0.00466
13	0.00521	0.00372	0.00493	0.00589	0.00613	0.00348	0.00391	0.00593	0.00809	0.01079	0.02316	0.82389	0.02777	0.03763	0.00590	0.00180	0.00252	0.01192	0.00391	0.00343
14	0.01327	0.01000	0.01135	0.00970	0.04664	0.01107	0.00758	0.47286	0.10596	0.05204	0.04751	0.01560	0.07435	0.00614	0.00514	0.00138	0.06699	0.03199	0.00401	0.00643
15	0.01012	0.01053	0.01932	0.01739	0.19293	0.01139	0.36584	0.03749	0.00920	0.01307	0.00760	0.01057	0.00628	0.00486	0.00756	0.00152	0.26223	0.00432	0.00212	0.00567
16	0.00584	0.00408	0.00499	0.00547	0.00576	0.00394	0.00363	0.00640	0.00754	0.00993	0.01992	0.32714	0.06983	0.39673	0.01290	0.00284	0.00338	0.10324	0.00332	0.00312
17	0.00820	0.00768	0.01091	0.00969	0.00995	0.01039	0.00794	0.00934	0.00663	0.01012	0.00757	0.01184	0.00731	0.01582	0.29437	0.00356	0.55829	0.00401	0.00200	0.00436
18	0.00696	0.00537	0.00671	0.03321	0.04017	0.03627	0.00494	0.00785	0.00756	0.02477	0.01496	0.18936	0.01642	0.32362	0.16542	0.00352	0.03367	0.07277	0.00288	0.00357
19	0.00604	0.00399	0.00516	0.00577	0.00612	0.00380	0.00384	0.00670	0.00788	0.04415	0.02063	0.59325	0.02409	0.19927	0.02939	0.00237	0.00314	0.02731	0.00366	0.00344
20	0.00529	0.00379	0.00490	0.00571	0.00605	0.00352	0.00382	0.00599	0.00820	0.01084	0.04210	0.70151	0.09329	0.05381	0.00646	0.02368	0.00254	0.01124	0.00385	0.00340
21	0.01608	0.01478	0.01253	0.01019	0.01318	0.29379	0.00813	0.53853	0.01729	0.02120	0.00897	0.00935	0.00664	0.00486	0.00411	0.00122	0.00571	0.00346	0.00355	0.00645
22	0.09175	0.06779	0.01239	0.03186	0.04034	0.61804	0.00812	0.03957	0.01136	0.01177	0.00664	0.00786	0.00550	0.00438	0.00395	0.00114	0.02743	0.00279	0.00225	0.00505
23	0.00778	0.02902	0.00708	0.00655	0.00727	0.12353	0.00469	0.00860	0.00752	0.00950	0.01192	0.02133	0.01244	0.37741	0.27961	0.00430	0.01816	0.04262	0.01717	0.00350
24	0.02724	0.09238	0.01363	0.51760	0.09349	0.05509	0.01056	0.05898	0.04183	0.01246	0.00835	0.01175	0.00666	0.00449	0.00410	0.00134	0.00536	0.02727	0.00223	0.00519
25	0.06173	0.00878	0.04156	0.05351	0.12190	0.00737	0.03134	0.03839	0.02482	0.02824	0.00799	0.00944	0.00643	0.00354	0.00349	0.00090	0.00385	0.00296	0.00254	0.54122
26	0.02392	0.07331	0.02522	0.02062	0.00912	0.03142	0.00554	0.05229	0.05253	0.12685	0.04992	0.23623	0.09386	0.00862	0.02834	0.01706	0.01763	0.00648	0.03097	0.09008
27	0.01407	0.03868	0.02964	0.02554	0.07273	0.51057	0.04154	0.06093	0.03582	0.05079	0.02486	0.02791	0.00756	0.00569	0.03415	0.00139	0.00673	0.00349	0.00258	0.00534
28	0.10914	0.02487	0.04824	0.00806	0.05723	0.00719	0.00615	0.03237	0.15843	0.04836	0.14424	0.16245	0.09722	0.00791	0.00471	0.00146	0.01907	0.05420	0.00374	0.00497

[dist]
# distance from previous block
# <min> <max>
10	17

[block]
# block no. 4 follows, 62 sequences, length 13
# corresponding to MSA columns:
# 587-599
name=unknown_E
#
# <colnr> <probs for GDERKNQSTAVLIFYWHMCP>
#	G	D	E	R	K	N	Q	S	T	A	V	L	I	F	Y	W	H	M	C	P
0	0.07466	0.00904	0.03091	0.12464	0.12960	0.08377	0.05196	0.04978	0.06097	0.05946	0.04665	0.09523	0.01179	0.00724	0.03176	0.03884	0.00483	0.05969	0.00296	0.02622
1	0.26054	0.00816	0.00837	0.00701	0.00952	0.00879	0.00568	0.22796	0.06877	0.11640	0.10659	0.01546	0.05628	0.00569	0.00388	0.00131	0.00343	0.01956	0.06100	0.00560
2	0.01362	0.00850	0.03727	0.02423	0.02506	0.07288	0.04479	0.03201	0.07167	0.37711	0.01677	0.03059	0.08470	0.02235	0.06090	0.00174	0.00455	0.00476	0.06057	0.00593
3	0.00958	0.10202	0.04492	0.23138	0.23241	0.01047	0.10806	0.03418	0.06808	0.01304	0.02850	0.02774	0.00805	0.00554	0.03670	0.00154	0.02567	0.00411	0.00233	0.00565
4	0.05079	0.00681	0.00792	0.00776	0.03491	0.05147	0.03400	0.11870	0.02504	0.03299	0.09043	0.33058	0.06306	0.06962	0.01853	0.00178	0.00365	0.04380	0.00369	0.00447
5	0.01064	0.00782	0.00920	0.00678	0.01039	0.00641	0.00545	0.04960	0.06221	0.12267	0.00954	0.01010	0.00734	0.00369	0.00343	0.00080	0.00330	0.00296	0.00308	0.66456
6	0.07538	0.00925	0.06579	0.00821	0.01098	0.00890	0.00703	0.19396	0.13118	0.23910	0.09203	0.04684	0.01270	0.00589	0.00475	0.00137	0.04845	0.00464	0.02732	0.00622
7	0.01336	0.00941	0.01015	0.00818	0.01079	0.03598	0.00655	0.43543	0.05255	0.11329	0.13708	0.01731	0.07129	0.05244	0.00537	0.00146	0.00398	0.00498	0.00426	0.00614
8	0.00724	0.00508	0.00619	0.00595	0.00714	0.00493	0.00445	0.03107	0.08691	0.05807	0.36403	0.14973	0.12479	0.07228	0.00625	0.00166	0.00265	0.05303	0.00427	0.00429
9	0.00560	0.00518	0.04865	0.00526	0.00654	0.00409	0.00416	0.00688	0.00937	0.01198	0.15007	0.13594	0.42964	0.11796	0.00719	0.00182	0.00271	0.03949	0.00377	0.00366
10	0.00646	0.00435	0.00555	0.00575	0.00671	0.00397	0.00427	0.00782	0.01002	0.06502	0.26548	0.32125	0.17776	0.01080	0.00520	0.00155	0.00249	0.08736	0.00425	0.00394
11	0.00966	0.01102	0.12143	0.20460	0.20730	0.01016	0.14478	0.04942	0.09078	0.01384	0.00948	0.01273	0.00762	0.00469	0.00494	0.00142	0.05011	0.03777	0.00241	0.00585
12	0.00877	0.00798	0.01143	0.28040	0.17186	0.03074	0.00877	0.01087	0.00878	0.01231	0.00860	0.05630	0.00752	0.00544	0.02862	0.02963	0.00468	0.00380	0.00228	0.30122

[dist]
# distance from previous block
# <min> <max>
2	13

[block]
# block no. 5 follows, 62 sequences, length 32
# corresponding to MSA columns:
# 626-657
name=unknown_F
#
# <colnr> <probs for GDERKNQSTAVLIFYWHMCP>
#	G	D	E	R	K	N	Q	S	T	A	V	L	I	F	Y	W	H	M	C	P
0	0.13182	0.06437	0.02004	0.05413	0.18316	0.04595	0.02233	0.05095	0.15711	0.01517	0.00989	0.01134	0.01644	0.00539	0.03527	0.00140	0.00452	0.01203	0.00278	0.15591
1	0.00678	0.00554	0.00683	0.07133	0.04207	0.00554	0.00513	0.03305	0.07747	0.01447	0.29564	0.03005	0.33436	0.00849	0.00499	0.00139	0.02058	0.00720	0.02475	0.00435
2	0.00661	0.00484	0.00684	0.03207	0.03861	0.00536	0.00510	0.00807	0.03326	0.01026	0.02278	0.01878	0.03399	0.16618	0.48794	0.06331	0.00819	0.00487	0.03922	0.00370
3	0.01646	0.01065	0.01184	0.00911	0.01240	0.01141	0.00752	0.61663	0.01797	0.19139	0.01171	0.01131	0.00806	0.00513	0.00421	0.00127	0.00436	0.00393	0.03751	0.00711
4	0.00539	0.00424	0.00488	0.00496	0.00606	0.00373	0.00366	0.00672	0.01017	0.01312	0.27727	0.16518	0.44213	0.01056	0.00511	0.00146	0.00220	0.02528	0.00417	0.00371
5	0.10989	0.48614	0.08998	0.00863	0.01237	0.01431	0.06203	0.12645	0.03100	0.01418	0.00716	0.00806	0.00587	0.00397	0.00325	0.00110	0.00473	0.00283	0.00234	0.00574
6	0.01570	0.00994	0.02758	0.00863	0.01183	0.02139	0.00719	0.43796	0.01615	0.27032	0.09047	0.01350	0.01134	0.00541	0.00429	0.00127	0.00412	0.00427	0.00447	0.03416
7	0.01119	0.79763	0.07603	0.00760	0.01142	0.01637	0.00784	0.01279	0.00867	0.01024	0.00603	0.00697	0.00546	0.00367	0.00282	0.00094	0.00467	0.00233	0.00182	0.00552
8	0.01045	0.04451	0.01553	0.15009	0.47108	0.03919	0.01145	0.05446	0.00970	0.01342	0.00763	0.01019	0.00636	0.00432	0.00516	0.00131	0.09614	0.00363	0.00217	0.04321
9	0.01434	0.01058	0.01148	0.00910	0.01199	0.01165	0.00737	0.65804	0.04172	0.02406	0.03579	0.06769	0.01019	0.03857	0.02592	0.00156	0.00456	0.00463	0.00414	0.00661
10	0.03730	0.04178	0.00886	0.00720	0.00923	0.03128	0.02558	0.12731	0.07334	0.17549	0.02987	0.14481	0.05205	0.04343	0.06728	0.00186	0.00412	0.00565	0.10826	0.00528
11	0.01220	0.70495	0.02055	0.00783	0.01132	0.09033	0.00744	0.08211	0.00994	0.01150	0.00635	0.00720	0.00562	0.00383	0.00296	0.00096	0.00484	0.00245	0.00206	0.00557
12	0.00962	0.04388	0.06309	0.28100	0.07119	0.05106	0.01755	0.07588	0.11851	0.03009	0.03630	0.04442	0.01062	0.04482	0.03001	0.00169	0.00507	0.05710	0.00283	0.00528
13	0.00892	0.12331	0.64279	0.01092	0.01662	0.01030	0.01356	0.01310	0.00892	0.01309	0.00742	0.00870	0.00549	0.00390	0.00379	0.00122	0.00574	0.00297	0.00188	0.09737
14	0.00695	0.00609	0.00592	0.00574	0.00725	0.05995	0.00442	0.06247	0.03855	0.01292	0.06365	0.07054	0.52587	0.02722	0.00531	0.00152	0.00296	0.08473	0.00386	0.00406
15	0.00562	0.00434	0.00511	0.00524	0.00622	0.00396	0.00379	0.00724	0.03793	0.01308	0.26361	0.23915	0.32349	0.04266	0.00575	0.00159	0.00233	0.02099	0.00413	0.00376
16	0.00518	0.00370	0.00494	0.00592	0.00617	0.00346	0.00395	0.00592	0.00815	0.01086	0.02345	0.84768	0.02814	0.01333	0.00543	0.00173	0.00247	0.01210	0.00395	0.00346
17	0.03367	0.01142	0.01232	0.00951	0.01285	0.01255	0.00784	0.70871	0.05186	0.07962	0.01086	0.01067	0.00764	0.00512	0.00423	0.00129	0.00453	0.00387	0.00429	0.00716
18	0.00996	0.00787	0.10163	0.02465	0.05841	0.00606	0.05733	0.02267	0.01022	0.21885	0.08914	0.21659	0.14270	0.00798	0.00475	0.00144	0.00364	0.00703	0.00385	0.00522
19	0.00568	0.00405	0.00545	0.00640	0.00684	0.00388	0.00469	0.00673	0.00852	0.01128	0.02282	0.59737	0.02666	0.04482	0.00617	0.00188	0.00293	0.22641	0.00389	0.00355
20	0.88052	0.00823	0.00625	0.00560	0.00823	0.00955	0.00461	0.01251	0.00724	0.01909	0.00592	0.00691	0.00461	0.00395	0.00263	0.00132	0.00329	0.00230	0.00263	0.00461
21	0.00910	0.00913	0.01271	0.01086	0.01139	0.04012	0.06144	0.01033	0.00750	0.01092	0.03490	0.01432	0.04871	0.00758	0.01174	0.00178	0.63264	0.05800	0.00223	0.00461
22	0.01126	0.00668	0.00754	0.00650	0.00835	0.00692	0.00503	0.17736	0.09044	0.14815	0.04427	0.05429	0.01265	0.09818	0.02635	0.00168	0.00343	0.00484	0.28082	0.00526
23	0.00592	0.00432	0.00562	0.00644	0.00697	0.00424	0.00466	0.00762	0.06227	0.01160	0.02248	0.60155	0.02592	0.04431	0.00606	0.00185	0.00288	0.16763	0.00392	0.00373
24	0.00853	0.02201	0.82841	0.01213	0.01842	0.00988	0.01572	0.01348	0.00898	0.01348	0.00764	0.00898	0.00539	0.00404	0.00404	0.00135	0.00629	0.00314	0.00180	0.00629
25	0.01131	0.05407	0.10407	0.15188	0.08854	0.03354	0.00886	0.02897	0.15000	0.18510	0.04631	0.08083	0.01163	0.00571	0.00431	0.00137	0.00440	0.01980	0.00340	0.00591
26	0.00638	0.00512	0.00786	0.00761	0.02848	0.00488	0.10556	0.00750	0.00831	0.01109	0.06467	0.33968	0.06705	0.24469	0.00986	0.00233	0.00366	0.06827	0.00333	0.00366
27	0.00523	0.00372	0.00492	0.00587	0.00610	0.00349	0.00389	0.00594	0.00806	0.01074	0.02299	0.81033	0.02757	0.05148	0.00617	0.00184	0.00254	0.01183	0.00389	0.00342
28	0.01038	0.00870	0.00930	0.00836	0.01067	0.00995	0.00650	0.02136	0.73282	0.03451	0.08407	0.01717	0.01519	0.00601	0.00439	0.00143	0.00326	0.00504	0.00438	0.00652
29	0.01131	0.03314	0.04249	0.04641	0.09264	0.16489	0.00838	0.10461	0.21252	0.01514	0.04492	0.02581	0.01107	0.00589	0.00515	0.00139	0.07887	0.06849	0.02120	0.00569
30	0.04783	0.15279	0.17825	0.04191	0.05823	0.02227	0.01920	0.11289	0.11308	0.02577	0.00895	0.00979	0.00692	0.00415	0.00368	0.00113	0.00457	0.00323	0.00269	0.18268
31	0.03232	0.01386	0.30866	0.04062	0.11994	0.00934	0.06471	0.08682	0.02431	0.06574	0.00862	0.00994	0.00642	0.00411	0.00423	0.00122	0.02614	0.00342	0.00251	0.16708

[dist]
# distance from previous block
# <min> <max>
2	51

[block]
# block no. 6 follows, 62 sequences, length 27
# corresponding to MSA columns:
# 709-735
name=unknown_G
#
# <colnr> <probs for GDERKNQSTAVLIFYWHMCP>
#	G	D	E	R	K	N	Q	S	T	A	V	L	I	F	Y	W	H	M	C	P
0	0.05561	0.06435	0.07637	0.00995	0.09244	0.03687	0.06206	0.04968	0.01929	0.11877	0.04842	0.06756	0.02077	0.02756	0.01605	0.00130	0.00429	0.00425	0.00301	0.22140
1	0.03858	0.06122	0.12532	0.01032	0.05515	0.03696	0.10877	0.05330	0.13185	0.10936	0.09974	0.02918	0.02837	0.00514	0.00419	0.00126	0.00444	0.00445	0.00327	0.08914
2	0.09313	0.18809	0.10578	0.04138	0.01339	0.28750	0.00859	0.16017	0.01189	0.04223	0.00755	0.00841	0.00589	0.00431	0.00363	0.00116	0.00571	0.00294	0.00258	0.00566
3	0.01300	0.00850	0.00978	0.00832	0.02312	0.04606	0.00653	0.17253	0.13238	0.23833	0.16111	0.01707	0.02848	0.02517	0.03187	0.00160	0.06102	0.00490	0.00423	0.00602
4	0.00609	0.00451	0.00659	0.00659	0.00727	0.00519	0.00501	0.00744	0.00677	0.00970	0.01162	0.01796	0.01118	0.12335	0.74290	0.00654	0.01058	0.00474	0.00231	0.00366
5	0.01116	0.01203	0.01244	0.05942	0.01263	0.23690	0.00892	0.01227	0.00837	0.03023	0.00723	0.00994	0.02717	0.00646	0.01015	0.00160	0.52260	0.00361	0.00209	0.00477
6	0.00609	0.00452	0.00663	0.00663	0.00732	0.00520	0.00506	0.00746	0.00678	0.00972	0.01159	0.01778	0.01110	0.11023	0.75591	0.00658	0.01070	0.00471	0.00231	0.00368
7	0.01649	0.00985	0.01112	0.00875	0.01186	0.03726	0.00718	0.42323	0.01599	0.32719	0.02803	0.03477	0.01014	0.00564	0.00435	0.00132	0.00425	0.03114	0.00456	0.00689
8	0.04052	0.01001	0.02567	0.03148	0.45130	0.01022	0.04794	0.14128	0.10132	0.02660	0.02296	0.01309	0.02830	0.00470	0.00429	0.00132	0.00471	0.02493	0.00288	0.00648
9	0.00684	0.00511	0.00597	0.00568	0.00690	0.00516	0.00437	0.05978	0.00972	0.02484	0.08530	0.07518	0.36311	0.03385	0.12313	0.00225	0.05297	0.02314	0.10266	0.00402
10	0.47262	0.19652	0.03449	0.00734	0.01047	0.02936	0.03568	0.12020	0.00966	0.04031	0.00697	0.00779	0.00543	0.00407	0.00307	0.00122	0.00409	0.00269	0.00270	0.00532
11	0.01230	0.37004	0.04930	0.03901	0.12320	0.17155	0.03508	0.06179	0.01031	0.03985	0.00724	0.00844	0.00599	0.00396	0.00349	0.00107	0.00532	0.00292	0.00224	0.04689
12	0.00619	0.00413	0.00464	0.00464	0.00464	0.00413	0.00258	0.00619	0.00619	0.00825	0.01341	0.02785	0.01547	0.85046	0.02166	0.00413	0.00413	0.00619	0.00258	0.00258
13	0.00589	0.00413	0.00523	0.00561	0.00639	0.00376	0.00401	0.00705	0.00952	0.04111	0.20791	0.45478	0.17916	0.01146	0.00524	0.00158	0.00239	0.03685	0.00416	0.00376
14	0.00589	0.00429	0.00566	0.00643	0.00708	0.00412	0.00486	0.00740	0.02874	0.01218	0.09400	0.46557	0.07493	0.01211	0.00548	0.00174	0.00287	0.24889	0.00401	0.00373
15	0.00804	0.00756	0.01276	0.84023	0.02931	0.00945	0.01182	0.01087	0.00851	0.01087	0.00756	0.01134	0.00567	0.00425	0.00425	0.00142	0.00567	0.00378	0.00189	0.00473
16	0.01618	0.01192	0.01277	0.00979	0.01320	0.01320	0.00809	0.80973	0.02001	0.02682	0.01022	0.01022	0.00724	0.00511	0.00426	0.00128	0.00468	0.00383	0.00426	0.00724
17	0.01004	0.01148	0.02511	0.01793	0.02224	0.01076	0.80846	0.01363	0.01004	0.01363	0.00861	0.01148	0.00646	0.00359	0.00502	0.00143	0.00717	0.00502	0.00215	0.00574
18	0.00518	0.00372	0.00492	0.00587	0.00616	0.00346	0.00392	0.00593	0.00820	0.01088	0.02414	0.81935	0.05603	0.01324	0.00542	0.00172	0.00246	0.01199	0.00395	0.00346
19	0.01138	0.85302	0.02230	0.00728	0.01092	0.01684	0.00728	0.01274	0.00865	0.01001	0.00592	0.00683	0.00546	0.00364	0.00273	0.00091	0.00455	0.00228	0.00182	0.00546
20	0.01369	0.00583	0.00715	0.00593	0.00813	0.00539	0.00475	0.04073	0.01088	0.41530	0.01519	0.01500	0.01061	0.00511	0.00366	0.00116	0.00287	0.00412	0.41883	0.00568
21	0.00684	0.00556	0.00832	0.00795	0.02490	0.00655	0.03546	0.00811	0.00697	0.01005	0.02845	0.01689	0.01081	0.12579	0.52526	0.02760	0.13364	0.00468	0.00229	0.00386
22	0.01153	0.62490	0.03468	0.00830	0.01134	0.08291	0.00783	0.03529	0.00895	0.01062	0.00608	0.00739	0.00553	0.00430	0.00450	0.00108	0.12492	0.00258	0.00193	0.00537
23	0.01006	0.11560	0.11354	0.00804	0.01206	0.00877	0.03682	0.10574	0.02806	0.01494	0.00793	0.00901	0.00635	0.00363	0.00344	0.00088	0.00405	0.00287	0.00257	0.50564
24	0.01010	0.07286	0.01457	0.39572	0.22424	0.09484	0.02536	0.05033	0.00971	0.01232	0.00794	0.03072	0.00654	0.00442	0.00434	0.00132	0.02332	0.00379	0.00214	0.00541
25	0.00518	0.00372	0.00492	0.00587	0.00616	0.00346	0.00393	0.00593	0.00820	0.01088	0.02410	0.82106	0.05435	0.01325	0.00542	0.00172	0.00246	0.01199	0.00395	0.00346
26	0.00871	0.00744	0.00870	0.00629	0.00996	0.00560	0.00501	0.01056	0.00880	0.01377	0.00807	0.03582	0.00701	0.00348	0.00322	0.00067	0.00313	0.00283	0.00257	0.84837

[dist]
# distance from previous block
# <min> <max>
0	2

[block]
# block no. 7 follows, 62 sequences, length 21
# corresponding to MSA columns:
# 738-758
name=unknown_H
#
# <colnr> <probs for GDERKNQSTAVLIFYWHMCP>
#	G	D	E	R	K	N	Q	S	T	A	V	L	I	F	Y	W	H	M	C	P
0	0.01313	0.01404	0.01133	0.05177	0.04425	0.36538	0.00796	0.08595	0.31331	0.01472	0.01111	0.01144	0.00861	0.00552	0.02168	0.00139	0.00569	0.00374	0.00315	0.00584
1	0.81276	0.00838	0.00711	0.00719	0.07175	0.00959	0.00527	0.01255	0.00743	0.01869	0.00609	0.00719	0.00477	0.00394	0.00276	0.00131	0.00343	0.00242	0.00259	0.00477
2	0.00924	0.00763	0.00835	0.00756	0.00955	0.00843	0.00587	0.05642	0.49864	0.01755	0.23015	0.02199	0.07114	0.00694	0.00458	0.00142	0.00301	0.02134	0.00439	0.00579
3	0.00619	0.00413	0.00464	0.00464	0.00464	0.00413	0.00258	0.00619	0.00619	0.00825	0.01341	0.02785	0.01547	0.85046	0.02166	0.00413	0.00413	0.00619	0.00258	0.00258
4	0.01138	0.85302	0.02230	0.00728	0.01092	0.01684	0.00728	0.01274	0.00865	0.01001	0.00592	0.00683	0.00546	0.00364	0.00273	0.00091	0.00455	0.00228	0.00182	0.00546
5	0.00520	0.00378	0.00491	0.00576	0.00614	0.00349	0.00389	0.00602	0.00844	0.01116	0.05679	0.74388	0.09901	0.01292	0.00538	0.00169	0.00242	0.01165	0.00398	0.00349
6	0.01053	0.01011	0.01727	0.02612	0.82392	0.01011	0.01306	0.01306	0.00969	0.01390	0.00800	0.01053	0.00674	0.00379	0.00421	0.00126	0.00505	0.00379	0.00211	0.00674
7	0.01118	0.00920	0.00978	0.00867	0.01116	0.01054	0.00678	0.06022	0.74718	0.04935	0.01696	0.01555	0.01262	0.00572	0.00432	0.00143	0.00344	0.00474	0.00436	0.00678
8	0.00804	0.00756	0.01276	0.84023	0.02931	0.00945	0.01182	0.01087	0.00851	0.01087	0.00756	0.01134	0.00567	0.00425	0.00425	0.00142	0.00567	0.00378	0.00189	0.00473
9	0.01893	0.00750	0.01004	0.00769	0.01099	0.00664	0.00636	0.06479	0.01262	0.78219	0.01642	0.01424	0.01035	0.00526	0.00428	0.00131	0.00368	0.00425	0.00521	0.00724
10	0.00913	0.00573	0.00717	0.00625	0.00789	0.00553	0.00486	0.09758	0.03752	0.13328	0.59428	0.02649	0.03152	0.00773	0.00481	0.00133	0.00257	0.00670	0.00471	0.00491
11	0.02659	0.00663	0.00763	0.00648	0.00860	0.00669	0.00514	0.12508	0.10230	0.24053	0.06068	0.05173	0.01284	0.00572	0.00388	0.00123	0.00301	0.00467	0.31496	0.00562
12	0.06311	0.00989	0.01047	0.00831	0.01143	0.12294	0.00675	0.15058	0.01320	0.53821	0.01371	0.01243	0.00897	0.00505	0.00413	0.00128	0.00434	0.00389	0.00453	0.00678
13	0.00562	0.00451	0.00504	0.00487	0.00618	0.00402	0.00366	0.00747	0.04115	0.01387	0.34019	0.03649	0.49214	0.00979	0.00500	0.00140	0.00214	0.00833	0.00425	0.00387
14	0.00804	0.00756	0.01276	0.84023	0.02931	0.00945	0.01182	0.01087	0.00851	0.01087	0.00756	0.01134	0.00567	0.00425	0.00425	0.00142	0.00567	0.00378	0.00189	0.00473
15	0.00795	0.00699	0.00999	0.00893	0.00954	0.00893	0.02533	0.04375	0.00733	0.01079	0.00895	0.01368	0.00849	0.05201	0.40726	0.00431	0.35501	0.00426	0.00220	0.00430
16	0.01187	0.69959	0.02049	0.04405	0.01204	0.08905	0.00760	0.05322	0.00952	0.01093	0.00626	0.00727	0.00556	0.00381	0.00297	0.00097	0.00488	0.00246	0.00198	0.00547
17	0.03326	0.00690	0.00915	0.05940	0.02975	0.00706	0.07286	0.19100	0.01140	0.01522	0.02119	0.31013	0.17529	0.00904	0.00488	0.00151	0.00363	0.02992	0.00366	0.00474
18	0.07255	0.04130	0.02471	0.02537	0.09725	0.00889	0.00731	0.16301	0.01176	0.25150	0.04291	0.03556	0.03245	0.02261	0.00517	0.00135	0.06831	0.00424	0.01387	0.06990
19	0.00956	0.10106	0.07813	0.00938	0.03330	0.07085	0.00787	0.09032	0.00885	0.01198	0.00861	0.01264	0.00796	0.09105	0.22015	0.00307	0.22424	0.00390	0.00230	0.00480
20	0.04206	0.04064	0.02756	0.00666	0.00909	0.02959	0.00542	0.03007	0.09513	0.12513	0.31056	0.01967	0.04635	0.00615	0.00420	0.00117	0.00308	0.00514	0.00391	0.18842

[dist]
# distance from previous block
# <min> <max>
0	8

[block]
# block no. 8 follows, 62 sequences, length 27
# corresponding to MSA columns:
# 767-793
name=unknown_I
#
# <colnr> <probs for GDERKNQSTAVLIFYWHMCP>
#	G	D	E	R	K	N	Q	S	T	A	V	L	I	F	Y	W	H	M	C	P
0	0.07791	0.05243	0.16409	0.00984	0.01278	0.35515	0.00884	0.05327	0.01069	0.08491	0.02133	0.01006	0.00702	0.03967	0.02321	0.00148	0.05617	0.00327	0.00255	0.00535
1	0.07298	0.03305	0.08488	0.04016	0.07661	0.07457	0.03926	0.05035	0.02580	0.01274	0.02292	0.03725	0.02207	0.09069	0.21306	0.00292	0.02903	0.00427	0.00249	0.06490
2	0.04933	0.02713	0.01026	0.00885	0.01133	0.14029	0.00692	0.10006	0.53499	0.01727	0.01497	0.01420	0.03472	0.00552	0.00416	0.00136	0.00416	0.00435	0.00385	0.00629
3	0.42952	0.19768	0.01170	0.00741	0.01025	0.06990	0.02981	0.05167	0.09203	0.03255	0.00763	0.00838	0.00605	0.00426	0.00339	0.00124	0.02578	0.00282	0.00269	0.00525
4	0.00608	0.00456	0.00684	0.00684	0.00760	0.00532	0.00532	0.00760	0.00684	0.00988	0.01140	0.01672	0.01064	0.03191	0.83360	0.00684	0.01140	0.00456	0.00228	0.00380
5	0.00973	0.02496	0.22174	0.02808	0.04245	0.01006	0.46233	0.03612	0.00988	0.03347	0.00928	0.04749	0.00738	0.00513	0.03095	0.00158	0.00660	0.00471	0.00227	0.00580
6	0.00518	0.00421	0.00460	0.00484	0.00600	0.00364	0.00357	0.00625	0.00945	0.01160	0.06271	0.21022	0.59409	0.01129	0.00515	0.00152	0.00230	0.04580	0.00397	0.00359
7	0.02476	0.09175	0.03371	0.02142	0.00998	0.16521	0.05784	0.01052	0.03134	0.01091	0.09175	0.05023	0.01220	0.05718	0.03494	0.22327	0.02979	0.03671	0.00253	0.00396
8	0.00995	0.00972	0.01716	0.22965	0.44519	0.01022	0.14251	0.03572	0.00966	0.01336	0.00799	0.01085	0.00641	0.00402	0.00464	0.00135	0.02949	0.00399	0.00211	0.00602
9	0.00847	0.00693	0.00937	0.08939	0.02585	0.03292	0.07550	0.05223	0.12751	0.04926	0.12434	0.26747	0.05064	0.00848	0.00489	0.00151	0.00370	0.05297	0.00373	0.00482
10	0.00926	0.04762	0.01025	0.03083	0.08061	0.11427	0.00698	0.04371	0.07343	0.01211	0.06956	0.07704	0.01238	0.09012	0.15649	0.01746	0.13556	0.00492	0.00272	0.00465
11	0.84287	0.04482	0.00695	0.00567	0.00835	0.00986	0.00472	0.01252	0.00730	0.01870	0.00592	0.00691	0.00465	0.00394	0.00264	0.00130	0.00335	0.00230	0.00260	0.00465
12	0.00958	0.07208	0.13559	0.07528	0.13333	0.05937	0.20392	0.03397	0.04339	0.01333	0.05820	0.08777	0.01064	0.02699	0.00486	0.00141	0.00537	0.00489	0.00253	0.01749
13	0.00612	0.00433	0.00572	0.00577	0.00617	0.00465	0.00400	0.00693	0.00681	0.00944	0.03579	0.05020	0.01470	0.41217	0.37994	0.00511	0.00723	0.02910	0.00259	0.00323
14	0.00853	0.02201	0.82841	0.01213	0.01842	0.00988	0.01572	0.01348	0.00898	0.01348	0.00764	0.00898	0.00539	0.00404	0.00404	0.00135	0.00629	0.00314	0.00180	0.00629
15	0.01618	0.01192	0.01277	0.00979	0.01320	0.01320	0.00809	0.80973	0.02001	0.02682	0.01022	0.01022	0.00724	0.00511	0.00426	0.00128	0.00468	0.00383	0.00426	0.00724
16	0.00614	0.00429	0.00534	0.00546	0.00566	0.00448	0.00355	0.00660	0.00670	0.00908	0.01447	0.12615	0.01630	0.55036	0.16376	0.00418	0.02320	0.03853	0.00273	0.00300
17	0.00941	0.02061	0.71609	0.01213	0.01803	0.03186	0.05334	0.02936	0.00947	0.04918	0.00810	0.00933	0.00570	0.00410	0.00410	0.00134	0.00622	0.00329	0.00202	0.00629
18	0.00851	0.00777	0.01297	0.74180	0.07647	0.00953	0.01167	0.01123	0.00861	0.03182	0.00776	0.01131	0.00586	0.00436	0.00458	0.00142	0.03364	0.00379	0.00199	0.00491
19	0.00853	0.02201	0.82841	0.01213	0.01842	0.00988	0.01572	0.01348	0.00898	0.01348	0.00764	0.00898	0.00539	0.00404	0.00404	0.00135	0.00629	0.00314	0.00180	0.00629
20	0.00624	0.00456	0.00589	0.00634	0.03649	0.00476	0.00405	0.00686	0.00698	0.00947	0.01554	0.15378	0.04903	0.45238	0.17058	0.00392	0.03334	0.02375	0.00278	0.00324
21	0.00795	0.02406	0.03138	0.13365	0.04590	0.04316	0.00631	0.04174	0.02116	0.02505	0.01190	0.04879	0.02448	0.30220	0.19295	0.00352	0.02413	0.00510	0.00253	0.00405
22	0.01022	0.51518	0.35001	0.00925	0.01397	0.01401	0.01071	0.01304	0.00878	0.01142	0.00661	0.00770	0.00543	0.00380	0.00326	0.00109	0.00526	0.00263	0.00181	0.00580
23	0.00596	0.00400	0.00537	0.00619	0.00666	0.00375	0.00437	0.00691	0.00861	0.04466	0.04632	0.70202	0.02737	0.01269	0.00542	0.00173	0.00266	0.09763	0.00402	0.00368
24	0.00779	0.00515	0.00584	0.00539	0.00708	0.00459	0.00419	0.05257	0.01085	0.12575	0.12926	0.05787	0.51456	0.00957	0.00493	0.00143	0.00256	0.04204	0.00424	0.00436
25	0.00833	0.00787	0.01330	0.74364	0.12359	0.00953	0.01196	0.01113	0.00865	0.01123	0.00762	0.01125	0.00580	0.00420	0.00425	0.00140	0.00560	0.00378	0.00192	0.00497
26	0.05019	0.01049	0.01068	0.00889	0.01166	0.04488	0.00711	0.37985	0.33294	0.02124	0.01436	0.03388	0.04320	0.00572	0.00426	0.00135	0.00407	0.00452	0.00411	0.00659

[dist]
# distance from previous block
# <min> <max>
0	1

[block]
# block no. 9 follows, 62 sequences, length 51
# corresponding to MSA columns:
# 795-845
name=unknown_J
#
# <colnr> <probs for GDERKNQSTAVLIFYWHMCP>
#	G	D	E	R	K	N	Q	S	T	A	V	L	I	F	Y	W	H	M	C	P
0	0.06115	0.00787	0.00907	0.00770	0.01030	0.00820	0.00612	0.01956	0.38726	0.29932	0.10503	0.01651	0.01454	0.00577	0.00427	0.00136	0.00330	0.00476	0.00457	0.02334
1	0.00645	0.00438	0.00601	0.00688	0.00757	0.00423	0.00539	0.00779	0.00906	0.04032	0.02279	0.44505	0.02582	0.01231	0.00560	0.00182	0.00319	0.37755	0.00398	0.00380
2	0.04354	0.00402	0.00505	0.00585	0.00625	0.00386	0.00399	0.00639	0.00805	0.01109	0.02220	0.67218	0.04580	0.09078	0.00683	0.00194	0.00273	0.05224	0.00376	0.00345
3	0.01053	0.01011	0.01727	0.02612	0.82392	0.01011	0.01306	0.01306	0.00969	0.01390	0.00800	0.01053	0.00674	0.00379	0.00421	0.00126	0.00505	0.00379	0.00211	0.00674
4	0.00609	0.00453	0.00670	0.00670	0.00741	0.00524	0.00515	0.00751	0.00680	0.00978	0.01152	0.01742	0.01094	0.08335	0.78258	0.00667	0.01094	0.00466	0.00230	0.00372
5	0.15716	0.00967	0.01026	0.00838	0.01117	0.01057	0.00681	0.46787	0.04751	0.08553	0.01221	0.10671	0.01022	0.00610	0.00418	0.00137	0.00404	0.02997	0.00403	0.00625
6	0.00554	0.00385	0.00483	0.00547	0.00563	0.00369	0.00346	0.00602	0.00745	0.00993	0.01987	0.55545	0.02363	0.31173	0.01121	0.00258	0.00306	0.00999	0.00346	0.00314
7	0.01004	0.01148	0.02511	0.01793	0.02224	0.01076	0.80846	0.01363	0.01004	0.01363	0.00861	0.01148	0.00646	0.00359	0.00502	0.00143	0.00717	0.00502	0.00215	0.00574
8	0.01883	0.00738	0.00992	0.00764	0.01091	0.00649	0.00630	0.03606	0.03130	0.79229	0.01667	0.01443	0.01053	0.00528	0.00428	0.00132	0.00364	0.00428	0.00522	0.00723
9	0.00811	0.00764	0.01290	0.81559	0.05336	0.00947	0.01185	0.01094	0.00854	0.01096	0.00758	0.01132	0.00570	0.00424	0.00425	0.00141	0.00565	0.00378	0.00190	0.00479
10	0.00511	0.00427	0.00446	0.00460	0.00590	0.00362	0.00343	0.00618	0.00954	0.01147	0.04033	0.12665	0.71106	0.01108	0.00510	0.00149	0.00225	0.03594	0.00395	0.00359
11	0.88052	0.00823	0.00625	0.00560	0.00823	0.00955	0.00461	0.01251	0.00724	0.01909	0.00592	0.00691	0.00461	0.00395	0.00263	0.00132	0.00329	0.00230	0.00263	0.00461
12	0.01144	0.03663	0.01603	0.11788	0.10344	0.23079	0.25235	0.01372	0.01018	0.04533	0.00912	0.01275	0.00759	0.04131	0.00511	0.00143	0.00620	0.03735	0.03610	0.00527
