[name]
unknown

[dist]
# distance from previous block
# <min> <max>
0	115

[block]
# block no. 0 follows, 72 sequences, length 21
# corresponding to MSA columns:
# 146-166
name=unknown_A
#
# <colnr> <probs for GDERKNQSTAVLIFYWHMCP>
#	G	D	E	R	K	N	Q	S	T	A	V	L	I	F	Y	W	H	M	C	P
0	0.03796	0.03069	0.11230	0.00905	0.06494	0.03334	0.03580	0.14709	0.22897	0.08774	0.02952	0.01181	0.03554	0.00507	0.01527	0.02084	0.02201	0.00369	0.00306	0.06532
1	0.11036	0.06720	0.11527	0.01095	0.16741	0.11937	0.02238	0.14507	0.04000	0.08545	0.01845	0.00949	0.01742	0.00484	0.03292	0.00128	0.00466	0.00315	0.00257	0.02175
2	0.00901	0.04165	0.03201	0.34766	0.22583	0.03581	0.03750	0.09577	0.04957	0.01239	0.01993	0.00987	0.00624	0.00389	0.00393	0.00117	0.02611	0.00338	0.00213	0.03614
3	0.00908	0.04344	0.02047	0.00736	0.04774	0.06693	0.03840	0.02590	0.03744	0.06182	0.01912	0.00974	0.03720	0.00350	0.00315	0.00077	0.00342	0.00286	0.00246	0.55920
4	0.00488	0.00378	0.00448	0.00474	0.00558	0.00341	0.00342	0.00599	0.01879	0.01074	0.13242	0.33421	0.34912	0.02933	0.02271	0.00152	0.00231	0.03970	0.00353	0.01935
5	0.00781	0.00667	0.00778	0.00563	0.00888	0.00510	0.00449	0.00970	0.02655	0.01254	0.03780	0.00876	0.00687	0.00304	0.00289	0.00060	0.00278	0.00246	0.00235	0.83730
6	0.00559	0.00440	0.00580	0.01868	0.10599	0.00410	0.00436	0.00669	0.00826	0.02693	0.12013	0.25601	0.31922	0.06598	0.02905	0.00161	0.00271	0.00766	0.00328	0.00357
7	0.01393	0.01598	0.01053	0.00931	0.01142	0.65752	0.00710	0.13215	0.04047	0.03413	0.00707	0.00777	0.00559	0.00408	0.00348	0.00101	0.00610	0.00271	0.02487	0.00478
8	0.00589	0.00409	0.00518	0.00489	0.00591	0.00378	0.00367	0.00778	0.03633	0.05248	0.63790	0.08322	0.11846	0.00800	0.00445	0.00123	0.00193	0.00702	0.00408	0.00371
9	0.00867	0.01540	0.53455	0.01276	0.14820	0.00862	0.08150	0.01237	0.02279	0.07217	0.00793	0.02694	0.00596	0.00387	0.00392	0.00121	0.02221	0.00331	0.00198	0.00561
10	0.01189	0.00528	0.00710	0.00625	0.00809	0.00473	0.00486	0.03104	0.00958	0.48186	0.01726	0.33352	0.01569	0.00761	0.00425	0.00133	0.00287	0.03751	0.00419	0.00507
11	0.00718	0.00700	0.00617	0.00618	0.00716	0.18531	0.00448	0.00893	0.07110	0.01132	0.19862	0.35885	0.09590	0.00856	0.00435	0.00130	0.00314	0.00740	0.00335	0.00370
12	0.00672	0.09773	0.01001	0.00900	0.10710	0.00686	0.06759	0.00829	0.00678	0.00950	0.00898	0.01281	0.00820	0.02042	0.57883	0.00448	0.02698	0.00378	0.00195	0.00400
13	0.00624	0.00521	0.00772	0.00709	0.00766	0.00633	0.03575	0.00738	0.00628	0.00914	0.04908	0.01472	0.00992	0.09963	0.49292	0.01997	0.20523	0.00416	0.00206	0.00350
14	0.03160	0.02164	0.01139	0.01136	0.20575	0.00730	0.06404	0.03737	0.00982	0.42828	0.04066	0.02689	0.02040	0.00466	0.00441	0.00120	0.06002	0.00393	0.00346	0.00583
15	0.00774	0.00660	0.00773	0.00558	0.00883	0.00498	0.00445	0.00943	0.00800	0.01250	0.04701	0.00885	0.00707	0.00305	0.00289	0.00059	0.00276	0.00247	0.00234	0.84712
16	0.00520	0.00397	0.00532	0.08515	0.00775	0.00396	0.00443	0.00652	0.03649	0.01018	0.03913	0.56023	0.09801	0.03032	0.00504	0.00154	0.00262	0.08746	0.00334	0.00333
17	0.00811	0.00774	0.01303	0.37380	0.37780	0.00842	0.04783	0.01071	0.03521	0.01121	0.00932	0.01167	0.06072	0.00401	0.00385	0.00121	0.00461	0.00376	0.00197	0.00502
18	0.00741	0.00750	0.00705	0.00677	0.00760	0.18342	0.00511	0.00828	0.00820	0.00994	0.07759	0.24413	0.18472	0.00890	0.02628	0.02526	0.15726	0.01818	0.00282	0.00359
19	0.00860	0.00933	0.16598	0.01967	0.08857	0.00630	0.00713	0.02813	0.00835	0.06723	0.00778	0.03228	0.00630	0.00344	0.00320	0.00082	0.00356	0.00284	0.00231	0.52818
20	0.00651	0.00567	0.00835	0.02181	0.14894	0.00515	0.06735	0.00829	0.00932	0.01291	0.32678	0.02235	0.20211	0.00631	0.00410	0.00112	0.00282	0.00563	0.00316	0.13131

[dist]
# distance from previous block
# <min> <max>
3	6

[block]
# block no. 1 follows, 72 sequences, length 12
# corresponding to MSA columns:
# 174-185
name=unknown_B
#
# <colnr> <probs for GDERKNQSTAVLIFYWHMCP>
#	G	D	E	R	K	N	Q	S	T	A	V	L	I	F	Y	W	H	M	C	P
0	0.00914	0.41385	0.10909	0.00806	0.01036	0.04934	0.00772	0.01063	0.00751	0.00978	0.06329	0.00855	0.00704	0.00466	0.00580	0.00115	0.26473	0.00286	0.00182	0.00462
1	0.00684	0.00781	0.11967	0.01189	0.22761	0.00644	0.07613	0.00863	0.00777	0.01087	0.01338	0.40514	0.01460	0.00753	0.00483	0.00137	0.05565	0.00682	0.00259	0.00441
2	0.00666	0.00486	0.00662	0.03923	0.10513	0.00470	0.00489	0.00878	0.04243	0.05292	0.48807	0.02423	0.10718	0.00685	0.00420	0.00119	0.00239	0.02065	0.06496	0.00408
3	0.10330	0.00617	0.00786	0.00621	0.00881	0.00560	0.00509	0.01637	0.01017	0.65183	0.05666	0.01313	0.01026	0.00471	0.00361	0.00115	0.00300	0.00377	0.07647	0.00583
4	0.00930	0.20275	0.30545	0.01011	0.07041	0.02871	0.05422	0.07336	0.16629	0.01297	0.02585	0.00945	0.00701	0.00394	0.00348	0.00112	0.00458	0.00317	0.00229	0.00551
5	0.00474	0.00359	0.00438	0.00485	0.00552	0.00324	0.00346	0.00567	0.00817	0.01056	0.11732	0.46253	0.28896	0.01062	0.00471	0.00143	0.00213	0.05133	0.00359	0.00320
6	0.00884	0.02518	0.04489	0.01152	0.10934	0.05995	0.23179	0.02881	0.25741	0.01308	0.05337	0.07213	0.03590	0.02506	0.00443	0.00130	0.00435	0.00473	0.00280	0.00514
7	0.00514	0.00358	0.00442	0.00481	0.00505	0.00345	0.00313	0.00566	0.00685	0.00914	0.07162	0.37541	0.04045	0.38375	0.01113	0.00245	0.00288	0.05524	0.00303	0.00280
8	0.00862	0.00806	0.01202	0.58515	0.18190	0.06694	0.01026	0.03213	0.00839	0.04053	0.00711	0.00982	0.00542	0.00377	0.00376	0.00121	0.00498	0.00332	0.00190	0.00471
9	0.30483	0.00830	0.00843	0.00676	0.00938	0.00903	0.00556	0.36295	0.01216	0.15448	0.00905	0.00915	0.00641	0.00422	0.00323	0.00114	0.00342	0.00304	0.07302	0.00545
10	0.00561	0.00423	0.00598	0.00588	0.00636	0.00491	0.00440	0.00663	0.00594	0.00849	0.01026	0.01678	0.01020	0.21976	0.60947	0.00527	0.06024	0.00435	0.00207	0.00318
11	0.05310	0.49763	0.19028	0.00737	0.01067	0.05719	0.00768	0.01130	0.02111	0.01008	0.00678	0.00928	0.00615	0.06348	0.00402	0.00116	0.00441	0.03174	0.00182	0.00475

[dist]
# distance from previous block
# <min> <max>
0	1

[block]
# block no. 2 follows, 72 sequences, length 106
# corresponding to MSA columns:
# 187-292
name=unknown_C
#
# <colnr> <probs for GDERKNQSTAVLIFYWHMCP>
#	G	D	E	R	K	N	Q	S	T	A	V	L	I	F	Y	W	H	M	C	P
0	0.00973	0.03922	0.18685	0.01074	0.11799	0.16150	0.02092	0.08125	0.04396	0.02684	0.00916	0.01060	0.05420	0.01624	0.04651	0.00145	0.11571	0.00338	0.00222	0.04153
1	0.00873	0.16132	0.35592	0.06823	0.07166	0.00932	0.06518	0.02136	0.04106	0.06085	0.02855	0.02485	0.00689	0.00498	0.04093	0.00135	0.00502	0.00328	0.00208	0.01842
2	0.01264	0.17844	0.05247	0.00896	0.01136	0.52840	0.00737	0.07162	0.04494	0.01065	0.00668	0.02253	0.00563	0.00405	0.00346	0.00100	0.02027	0.00269	0.00211	0.00473
3	0.00473	0.00344	0.00447	0.00514	0.00554	0.00318	0.00353	0.00558	0.00783	0.01045	0.12446	0.67885	0.09039	0.01116	0.00477	0.00148	0.00215	0.02608	0.00360	0.00316
4	0.00866	0.41507	0.17589	0.00763	0.03126	0.02748	0.00754	0.01074	0.03424	0.02253	0.01169	0.02897	0.13946	0.00482	0.00380	0.00106	0.05879	0.00353	0.00209	0.00474
5	0.00582	0.00437	0.00585	0.19761	0.00932	0.00471	0.00434	0.00654	0.00638	0.00841	0.04149	0.07056	0.02967	0.56265	0.01394	0.00284	0.00380	0.01650	0.00234	0.00286
6	0.00738	0.00438	0.00570	0.00550	0.00633	0.00439	0.00407	0.01822	0.00735	0.13497	0.03517	0.03403	0.03859	0.34297	0.20497	0.00336	0.00496	0.13127	0.00290	0.00348
7	0.15921	0.00736	0.00803	0.00659	0.00899	0.00770	0.00538	0.25379	0.06251	0.23780	0.02416	0.01339	0.04554	0.00496	0.00353	0.00117	0.00321	0.03769	0.10358	0.00540
8	0.00974	0.54669	0.26362	0.00800	0.01188	0.05455	0.00878	0.03946	0.00829	0.01036	0.00588	0.00679	0.00490	0.00343	0.00287	0.00095	0.00466	0.00232	0.00171	0.00512
9	0.00552	0.00368	0.00414	0.00414	0.00414	0.00368	0.00230	0.00552	0.00552	0.00735	0.01195	0.02482	0.01379	0.86672	0.01930	0.00368	0.00368	0.00552	0.00230	0.00230
10	0.01165	0.00545	0.00693	0.00584	0.00797	0.00483	0.00468	0.02135	0.03653	0.46461	0.05000	0.07504	0.24376	0.00686	0.00414	0.00125	0.00276	0.03704	0.00419	0.00511
11	0.02046	0.00488	0.00708	0.00674	0.00791	0.00464	0.07539	0.03941	0.01996	0.12255	0.01858	0.49033	0.04171	0.00943	0.00462	0.00146	0.00296	0.11438	0.00353	0.00395
12	0.00716	0.00674	0.01138	0.85760	0.02612	0.00843	0.01053	0.00969	0.00758	0.00969	0.00674	0.01011	0.00506	0.00379	0.00379	0.00126	0.00506	0.00337	0.00169	0.00421
13	0.01424	0.00618	0.00809	0.00646	0.00895	0.00563	0.00524	0.02783	0.08228	0.61037	0.14189	0.01537	0.01361	0.00519	0.00388	0.00118	0.00296	0.00431	0.03045	0.00589
14	0.42632	0.00674	0.00707	0.00579	0.00836	0.00686	0.00477	0.01465	0.00868	0.42351	0.01033	0.00981	0.00693	0.00413	0.00308	0.00116	0.00303	0.00298	0.04056	0.00523
15	0.00546	0.00389	0.00523	0.00523	0.00561	0.00427	0.00366	0.00622	0.00584	0.00816	0.01095	0.01928	0.01138	0.39851	0.48422	0.00503	0.00730	0.00470	0.00215	0.00291
16	0.00544	0.00404	0.00601	0.00601	0.00666	0.00468	0.00464	0.00670	0.00606	0.00872	0.01015	0.01515	0.00957	0.05423	0.81182	0.02081	0.00984	0.00410	0.00203	0.00332
17	0.00586	0.00363	0.00487	0.00547	0.00597	0.00336	0.00379	0.00663	0.00765	0.09067	0.02031	0.75988	0.02348	0.01115	0.00475	0.00151	0.00233	0.03164	0.00363	0.00342
18	0.72752	0.02709	0.00721	0.03734	0.08783	0.03784	0.00522	0.01129	0.00688	0.01587	0.00553	0.00663	0.00437	0.00352	0.00257	0.00116	0.00332	0.00224	0.00225	0.00432
19	0.00556	0.00398	0.00457	0.00474	0.00587	0.00355	0.00371	0.00672	0.00859	0.04813	0.03939	0.12750	0.48857	0.00946	0.00452	0.00137	0.00231	0.16784	0.06020	0.00342
20	0.00784	0.00646	0.00766	0.01653	0.00890	0.00497	0.00451	0.00954	0.00821	0.03287	0.08772	0.01000	0.00862	0.00335	0.00301	0.00065	0.00275	0.00275	0.00249	0.77119
21	0.00695	0.00436	0.00553	0.00571	0.00675	0.00421	0.00448	0.00888	0.06092	0.09935	0.10416	0.25192	0.09160	0.00895	0.00449	0.00142	0.00261	0.23216	0.09170	0.00384
22	0.04950	0.02307	0.03977	0.00896	0.06884	0.00996	0.00689	0.29387	0.38592	0.01792	0.01275	0.01234	0.04350	0.00485	0.00376	0.00121	0.00357	0.00390	0.00350	0.00592
23	0.60720	0.02559	0.06129	0.02203	0.09508	0.02114	0.00590	0.03797	0.00732	0.01562	0.00603	0.02067	0.00488	0.00370	0.00288	0.00115	0.01664	0.00248	0.00227	0.04016
24	0.00715	0.00595	0.00700	0.00546	0.00806	0.00474	0.00426	0.02023	0.02311	0.01254	0.11430	0.10335	0.05486	0.00481	0.00335	0.00080	0.00259	0.00408	0.00274	0.61061
25	0.00823	0.00784	0.03922	0.05012	0.38325	0.00773	0.04087	0.01160	0.13340	0.02245	0.08823	0.08303	0.03688	0.00536	0.00428	0.00125	0.02711	0.04132	0.00266	0.00518
26	0.00875	0.00719	0.00890	0.00812	0.10953	0.00632	0.00562	0.08459	0.05776	0.03448	0.01943	0.00988	0.00707	0.04029	0.03165	0.00106	0.00342	0.00291	0.00252	0.55049
27	0.00518	0.00403	0.00599	0.00674	0.04497	0.00380	0.04974	0.00613	0.00758	0.01013	0.03613	0.68883	0.04331	0.01875	0.00491	0.00152	0.00261	0.05291	0.00336	0.00336
28	0.00853	0.00850	0.06399	0.01289	0.33524	0.00693	0.00792	0.02181	0.00831	0.01251	0.00693	0.00848	0.00573	0.00311	0.00324	0.00083	0.00367	0.00274	0.00208	0.47655
29	0.00901	0.00792	0.00915	0.02765	0.11563	0.01913	0.00659	0.01746	0.62614	0.01481	0.03877	0.05170	0.02853	0.00534	0.00391	0.00127	0.00319	0.00457	0.00352	0.00569
30	0.00786	0.01189	0.31046	0.35288	0.22109	0.00870	0.01204	0.01099	0.00799	0.01117	0.00686	0.00918	0.00520	0.00362	0.00372	0.00121	0.00512	0.00317	0.00170	0.00515
31	0.00759	0.00708	0.01164	0.52915	0.23668	0.00813	0.00994	0.01010	0.03163	0.01049	0.00875	0.01183	0.04277	0.03529	0.02253	0.00142	0.00477	0.00369	0.00191	0.00460
32	0.00809	0.01421	0.48212	0.21488	0.09157	0.00853	0.02127	0.01187	0.03527	0.04655	0.00775	0.00984	0.00577	0.00387	0.00372	0.00122	0.00515	0.02111	0.00190	0.00530
33	0.00652	0.00559	0.00868	0.46259	0.03477	0.00645	0.00761	0.04416	0.00793	0.01037	0.01250	0.35049	0.01312	0.00704	0.00421	0.00137	0.00387	0.00633	0.00251	0.00390
34	0.00628	0.00374	0.00569	0.05988	0.00683	0.00405	0.00418	0.00578	0.00545	0.00743	0.00764	0.01242	0.00734	0.01704	0.25906	0.57416	0.00542	0.00352	0.00176	0.00232
35	0.00943	0.00815	0.00858	0.00772	0.00986	0.00943	0.00600	0.02015	0.83621	0.01586	0.01544	0.01415	0.01158	0.00515	0.00386	0.00129	0.00300	0.00429	0.00386	0.00600
36	0.00555	0.00407	0.00526	0.00497	0.00587	0.00391	0.00372	0.00765	0.04666	0.01457	0.72427	0.02673	0.03231	0.03713	0.05918	0.00159	0.00244	0.00652	0.00396	0.00363
37	0.00628	0.00636	0.00518	0.00498	0.00641	0.14297	0.00374	0.00765	0.04363	0.01032	0.03210	0.03069	0.66919	0.00848	0.00428	0.00123	0.00278	0.00693	0.00328	0.00352
38	0.00809	0.00769	0.01305	0.50901	0.36745	0.00867	0.01099	0.01050	0.00802	0.01082	0.00690	0.00981	0.00545	0.00362	0.00378	0.00121	0.00483	0.00337	0.00177	0.00496
39	0.05399	0.00916	0.01031	0.00794	0.01091	0.00967	0.00656	0.53846	0.01513	0.28254	0.01078	0.01017	0.00727	0.00455	0.00374	0.00115	0.00382	0.00348	0.00401	0.00635
40	0.00779	0.00670	0.00792	0.00577	0.00891	0.00528	0.00462	0.00945	0.00788	0.01232	0.03643	0.00861	0.00667	0.00315	0.00327	0.00063	0.03864	0.00246	0.00229	0.82121
41	0.00552	0.00368	0.00414	0.00414	0.00414	0.00368	0.00230	0.00552	0.00552	0.00735	0.01195	0.02482	0.01379	0.86672	0.01930	0.00368	0.00368	0.00552	0.00230	0.00230
42	0.01057	0.00504	0.00670	0.00562	0.00745	0.00446	0.00445	0.01218	0.01070	0.38893	0.43371	0.02175	0.05942	0.00646	0.00418	0.00119	0.00244	0.00554	0.00438	0.00486
43	0.00865	0.00924	0.01571	0.01222	0.01393	0.04361	0.35245	0.01049	0.00741	0.01043	0.00685	0.01067	0.00611	0.02882	0.00869	0.00153	0.41544	0.03139	0.00186	0.00449
44	0.01674	0.00690	0.00907	0.00696	0.00990	0.00623	0.00575	0.10446	0.01159	0.75867	0.01434	0.01251	0.00908	0.00468	0.00381	0.00117	0.00333	0.00377	0.00460	0.00645
45	0.00944	0.00911	0.01534	0.02313	0.83393	0.01827	0.01159	0.01168	0.00866	0.01236	0.00712	0.00936	0.00600	0.00338	0.00375	0.00112	0.00453	0.00337	0.00188	0.00599
46	0.01319	0.00999	0.01081	0.00875	0.02790	0.01111	0.00700	0.64163	0.17798	0.02195	0.02401	0.01042	0.00793	0.00470	0.00382	0.00117	0.00391	0.00364	0.00377	0.00631
47	0.00939	0.00901	0.01539	0.02328	0.84306	0.00901	0.01164	0.01164	0.00864	0.01239	0.00713	0.00939	0.00601	0.00338	0.00375	0.00113	0.00451	0.00338	0.00188	0.00601
48	0.00810	0.05442	0.57892	0.01207	0.01708	0.00930	0.24271	0.01202	0.00826	0.01191	0.00698	0.00855	0.00507	0.00347	0.00380	0.00121	0.00576	0.00324	0.00169	0.00543
49	0.01417	0.01808	0.01075	0.00977	0.01172	0.85149	0.00733	0.01514	0.01075	0.00928	0.00586	0.00684	0.00489	0.00391	0.00342	0.00098	0.00684	0.00244	0.00195	0.00440
50	0.00556	0.00367	0.00424	0.00424	0.00427	0.00370	0.00243	0.00553	0.00551	0.00737	0.01165	0.02388	0.01332	0.79902	0.04896	0.04282	0.00389	0.00537	0.00226	0.00231
51	0.00739	0.01423	0.50082	0.01029	0.04385	0.00844	0.03932	0.01045	0.00747	0.01101	0.00855	0.04386	0.03380	0.04088	0.05960	0.00170	0.14796	0.00364	0.00183	0.00491
52	0.00738	0.00696	0.01176	0.77682	0.10522	0.00848	0.01064	0.00988	0.00769	0.00995	0.00678	0.01004	0.00515	0.00375	0.00379	0.00125	0.00500	0.00337	0.00170	0.00439
53	0.00718	0.00642	0.00873	0.10471	0.08406	0.00751	0.00658	0.03012	0.10258	0.01164	0.12056	0.10468	0.14759	0.00697	0.00640	0.00138	0.23042	0.00542	0.00280	0.00425
54	0.00937	0.00852	0.03607	0.00782	0.01008	0.00941	0.00627	0.01989	0.80905	0.01574	0.01515	0.01395	0.01135	0.00509	0.00385	0.00128	0.00309	0.00424	0.00378	0.00599
55	0.00722	0.00664	0.00962	0.10071	0.05157	0.00861	0.00719	0.00832	0.00623	0.00913	0.00768	0.04733	0.00766	0.09468	0.18248	0.00269	0.43248	0.00401	0.00189	0.00387
56	0.15230	0.01004	0.01241	0.03339	0.40092	0.13297	0.03368	0.08843	0.00954	0.06846	0.00733	0.00873	0.00576	0.00372	0.00363	0.00113	0.01669	0.00309	0.00232	0.00545
57	0.00713	0.00666	0.01104	0.64226	0.11039	0.00786	0.02355	0.00946	0.00780	0.01012	0.01002	0.01275	0.08632	0.00480	0.02056	0.00134	0.00477	0.00385	0.01504	0.00430
58	0.02083	0.00641	0.04718	0.04051	0.17056	0.00580	0.11305	0.02052	0.00822	0.01135	0.06482	0.39973	0.03949	0.00786	0.00441	0.00137	0.00348	0.02735	0.00287	0.00417
59	0.00457	0.00362	0.00412	0.00447	0.00530	0.00317	0.00317	0.00544	0.00815	0.01020	0.06154	0.37720	0.47472	0.01047	0.00463	0.00138	0.00203	0.00911	0.00355	0.00317
60	0.00794	0.10750	0.02344	0.30699	0.24522	0.00838	0.00880	0.01029	0.03307	0.02464	0.10424	0.01341	0.06132	0.00505	0.02326	0.00128	0.00425	0.00395	0.00225	0.00474
61	0.00899	0.00461	0.00593	0.00527	0.00678	0.00411	0.00406	0.01044	0.00992	0.27892	0.32744	0.12287	0.12590	0.00729	0.00419	0.00122	0.00231	0.00629	0.05907	0.00439
62	0.00629	0.00417	0.00543	0.00543	0.00576	0.03412	0.00385	0.00611	0.00577	0.00772	0.00915	0.01594	0.00928	0.15833	0.28196	0.39260	0.00568	0.03796	0.00197	0.00248
63	0.01045	0.80303	0.01917	0.00674	0.00989	0.07986	0.00655	0.01165	0.00794	0.00895	0.00532	0.00614	0.00487	0.00330	0.00251	0.00082	0.00427	0.00206	0.00165	0.00483
64	0.01282	0.00754	0.00870	0.00719	0.00966	0.00790	0.00577	0.14529	0.33804	0.32308	0.01403	0.01290	0.00982	0.00483	0.00374	0.00119	0.00317	0.00392	0.07439	0.00604
65	0.01370	0.05076	0.02091	0.00910	0.01130	0.60451	0.00706	0.04489	0.09940	0.09151	0.00787	0.00828	0.00609	0.00411	0.00348	0.00103	0.00585	0.00280	0.00247	0.00488
66	0.00862	0.04330	0.00911	0.00640	0.00959	0.04097	0.03427	0.05327	0.02854	0.01971	0.01635	0.02543	0.00649	0.00328	0.00302	0.00069	0.00321	0.00267	0.00238	0.68268
67	0.00784	0.09852	0.77022	0.01041	0.01579	0.00938	0.01331	0.01195	0.00798	0.01172	0.00666	0.00783	0.00481	0.00357	0.00349	0.00116	0.00546	0.00273	0.00160	0.00554
68	0.00654	0.00429	0.00541	0.00503	0.00618	0.00398	0.00380	0.00856	0.04990	0.09472	0.57611	0.08124	0.12394	0.00781	0.00440	0.00123	0.00203	0.00683	0.00409	0.00390
69	0.00501	0.00371	0.00461	0.00469	0.00545	0.00338	0.00337	0.00626	0.00920	0.01246	0.43510	0.24610	0.18981	0.04705	0.00522	0.00141	0.00200	0.00804	0.00379	0.00332
70	0.00930	0.48254	0.24631	0.00930	0.01327	0.02259	0.14643	0.01171	0.00803	0.01031	0.00610	0.00731	0.00500	0.00334	0.00311	0.00100	0.00490	0.00265	0.00167	0.00510
71	0.00492	0.00362	0.00461	0.00525	0.00573	0.00340	0.00369	0.00598	0.02650	0.01025	0.06557	0.59568	0.12621	0.03986	0.00528	0.00157	0.00233	0.08285	0.00352	0.00320
72	0.00591	0.00340	0.00478	0.00507	0.00519	0.00334	0.00342	0.00527	0.00586	0.00780	0.01187	0.24745	0.01331	0.10150	0.01198	0.50136	0.00305	0.05488	0.00234	0.00222
73	0.00484	0.00350	0.00450	0.00512	0.00552	0.00326	0.00353	0.00566	0.00770	0.01024	0.10923	0.59659	0.09391	0.07498	0.00587	0.00165	0.00232	0.05498	0.00350	0.00311
74	0.07596	0.02007	0.01118	0.00846	0.01147	0.01046	0.04617	0.59094	0.01534	0.15733	0.00968	0.00954	0.00671	0.00442	0.00371	0.00115	0.00404	0.00342	0.00372	0.00620
75	0.00598	0.00489	0.00587	0.00582	0.00648	0.05862	0.00430	0.00720	0.01838	0.00928	0.07809	0.06522	0.03076	0.16766	0.50889	0.00453	0.00744	0.00490	0.00239	0.00329
76	0.00551	0.00398	0.00450	0.00451	0.00562	0.00350	0.00331	0.00670	0.02508	0.06356	0.11451	0.21223	0.49857	0.02496	0.00477	0.00136	0.00210	0.00810	0.00365	0.00346
77	0.01125	0.01173	0.04744	0.08783	0.08442	0.27714	0.02126	0.13891	0.14676	0.03766	0.06240	0.01174	0.00901	0.00461	0.00378	0.00115	0.00484	0.03016	0.00277	0.00514
78	0.00922	0.00890	0.01536	0.08088	0.75703	0.00899	0.04073	0.01152	0.00857	0.01219	0.00713	0.00947	0.00593	0.00340	0.00378	0.00114	0.00461	0.00342	0.00187	0.00585
79	0.00812	0.00821	0.00950	0.00854	0.00907	0.13247	0.00687	0.00916	0.00664	0.00903	0.00698	0.01046	0.00659	0.01410	0.31375	0.00316	0.42814	0.00346	0.00184	0.00391
80	0.09082	0.00865	0.01042	0.00950	0.11740	0.00888	0.00686	0.36280	0.01300	0.27070	0.01017	0.00997	0.00704	0.00426	0.00362	0.00112	0.00375	0.00335	0.00361	0.05409
81	0.00603	0.00496	0.00609	0.00683	0.08717	0.02323	0.00455	0.02769	0.00873	0.01146	0.14513	0.17734	0.26059	0.06831	0.00545	0.00146	0.00271	0.09250	0.00327	0.05651
82	0.01079	0.03474	0.11333	0.02994	0.01074	0.00714	0.02620	0.07009	0.09882	0.23025	0.02065	0.01064	0.00762	0.00494	0.00482	0.08100	0.03170	0.00329	0.00300	0.20030
83	0.62998	0.08052	0.00796	0.00619	0.02178	0.05747	0.01716	0.04076	0.05638	0.04309	0.00643	0.00710	0.00497	0.00368	0.00266	0.00114	0.00339	0.00237	0.00247	0.00450
84	0.00530	0.00383	0.00500	0.00480	0.00565	0.00353	0.00356	0.00698	0.01043	0.01470	0.76504	0.09527	0.04541	0.00811	0.00450	0.00122	0.00182	0.00719	0.00411	0.00353
85	0.54192	0.05467	0.06564	0.00765	0.07948	0.00914	0.00608	0.08413	0.00807	0.06921	0.00649	0.00733	0.00494	0.00379	0.00318	0.00117	0.03735	0.00250	0.00247	0.00477
86	0.00559	0.00404	0.00539	0.02250	0.00681	0.00399	0.00451	0.00696	0.00830	0.02659	0.14436	0.16646	0.16375	0.01311	0.16088	0.00232	0.00398	0.22871	0.01830	0.00344
87	0.00945	0.00993	0.06758	0.05519	0.63169	0.05001	0.01099	0.02615	0.06556	0.01252	0.00783	0.01003	0.00646	0.00368	0.00376	0.00115	0.00459	0.01558	0.00205	0.00580
88	0.02356	0.00514	0.00634	0.00534	0.00715	0.00479	0.00424	0.04856	0.01014	0.34571	0.19622	0.01645	0.01512	0.00526	0.00356	0.00108	0.00248	0.00435	0.28967	0.00484
89	0.01037	0.04846	0.09313	0.01096	0.07090	0.26781	0.12382	0.03371	0.13014	0.01161	0.02619	0.04608	0.00763	0.00463	0.00470	0.00120	0.09776	0.00365	0.00230	0.00493
90	0.00635	0.00549	0.00564	0.00574	0.00669	0.08604	0.00430	0.02271	0.05230	0.01177	0.21598	0.25824	0.15382	0.03569	0.00499	0.00143	0.00280	0.11294	0.00351	0.00359
91	0.00623	0.00484	0.00639	0.00609	0.00672	0.00560	0.00457	0.02860	0.06894	0.00966	0.04184	0.01740	0.02756	0.22774	0.43344	0.00431	0.08972	0.00453	0.00235	0.00347
92	0.00958	0.04480	0.03866	0.01060	0.06602	0.00906	0.21748	0.10098	0.28049	0.04747	0.09599	0.01354	0.02727	0.00470	0.00412	0.00123	0.01511	0.00435	0.00309	0.00546
93	0.00832	0.06297	0.02907	0.38017	0.15237	0.04107	0.06902	0.04694	0.00816	0.01072	0.00723	0.01051	0.00602	0.05331	0.04987	0.00161	0.05270	0.00348	0.00188	0.00459
94	0.00861	0.01638	0.59654	0.01100	0.01574	0.00891	0.11601	0.04878	0.01865	0.05722	0.00775	0.00938	0.00567	0.00394	0.00416	0.00124	0.04310	0.01942	0.00197	0.00552
95	0.18200	0.00888	0.03819	0.00773	0.03382	0.00909	0.00627	0.28907	0.11934	0.05963	0.01768	0.00932	0.00686	0.00419	0.00372	0.00109	0.03934	0.00310	0.00309	0.15759
96	0.00532	0.00363	0.00463	0.00505	0.00567	0.00330	0.00353	0.00624	0.00818	0.05170	0.14910	0.56596	0.15244	0.01054	0.00468	0.00143	0.00214	0.00941	0.00368	0.00334
97	0.07636	0.23837	0.22764	0.02180	0.07041	0.10038	0.05795	0.05915	0.02785	0.03440	0.00688	0.00791	0.00539	0.00360	0.00323	0.00104	0.00474	0.00274	0.01343	0.03675
98	0.09235	0.01762	0.05274	0.01674	0.00726	0.00522	0.01338	0.05140	0.00782	0.03786	0.08245	0.22582	0.04465	0.17036	0.12456	0.00241	0.00407	0.01938	0.00288	0.02102
99	0.07708	0.11922	0.03518	0.00782	0.02757	0.13824	0.04676	0.15016	0.01050	0.09482	0.09917	0.05466	0.04703	0.00508	0.00380	0.00112	0.02569	0.00400	0.04726	0.00483
100	0.00846	0.09165	0.22178	0.02229	0.13135	0.05859	0.07775	0.05402	0.03390	0.01129	0.00899	0.05678	0.00836	0.15675	0.00669	0.01375	0.01164	0.01914	0.00214	0.00470
101	0.03963	0.16885	0.17861	0.04662	0.17884	0.02620	0.03656	0.04468	0.07948	0.04148	0.03745	0.03590	0.06106	0.00446	0.00357	0.00113	0.00421	0.00371	0.00236	0.00520
102	0.01556	0.07324	0.08933	0.00829	0.06877	0.02251	0.04552	0.04049	0.00849	0.03542	0.04201	0.29586	0.02881	0.02227	0.00467	0.00141	0.01521	0.15446	0.00294	0.02473
103	0.11942	0.25277	0.07988	0.00887	0.11009	0.02650	0.01917	0.04448	0.05629	0.11718	0.01963	0.07793	0.03479	0.00488	0.01177	0.00115	0.00384	0.00368	0.00260	0.00507
104	0.02116	0.14309	0.03777	0.02214	0.12892	0.09012	0.08604	0.12122	0.06129	0.09917	0.02015	0.11074	0.00908	0.01525	0.00396	0.00118	0.01032	0.00419	0.00274	0.01148
105	0.02738	0.01649	0.01701	0.00609	0.00777	0.03832	0.01453	0.07726	0.05674	0.06142	0.07513	0.25425	0.12505	0.01816	0.00430	0.00126	0.00291	0.05584	0.00332	0.13678

[dist]
# distance from previous block
# <min> <max>
5	29

[block]
# block no. 3 follows, 72 sequences, length 10
# corresponding to MSA columns:
# 322-331
name=unknown_D
#
# <colnr> <probs for GDERKNQSTAVLIFYWHMCP>
#	G	D	E	R	K	N	Q	S	T	A	V	L	I	F	Y	W	H	M	C	P
0	0.09001	0.11900	0.07575	0.00779	0.03485	0.06932	0.00656	0.21065	0.07694	0.04814	0.04064	0.08176	0.06372	0.00522	0.00375	0.00114	0.02149	0.00407	0.00294	0.03625
1	0.05400	0.03149	0.08064	0.02201	0.03997	0.05000	0.07867	0.12685	0.04070	0.12636	0.04760	0.15280	0.05027	0.00604	0.00417	0.00125	0.02225	0.03860	0.00311	0.02321
2	0.03235	0.21131	0.14726	0.01002	0.06381	0.31501	0.05539	0.03267	0.03540	0.05341	0.00689	0.00778	0.00545	0.00372	0.00332	0.00103	0.00537	0.00272	0.00207	0.00504
3	0.03353	0.36187	0.14965	0.04307	0.07888	0.04433	0.00808	0.08037	0.03816	0.05136	0.02497	0.00829	0.00623	0.00369	0.00311	0.00099	0.00428	0.00273	0.00217	0.05426
4	0.00918	0.07175	0.12705	0.02867	0.01099	0.00670	0.07295	0.01119	0.00851	0.15727	0.04361	0.10189	0.00985	0.00481	0.00378	0.00104	0.02164	0.02769	0.00273	0.27871
5	0.00530	0.00402	0.00497	0.00473	0.00581	0.00356	0.00351	0.00677	0.00963	0.01328	0.50970	0.14218	0.18459	0.00827	0.00439	0.00121	0.00195	0.00724	0.00381	0.07507
6	0.23277	0.00807	0.02300	0.02244	0.02509	0.08861	0.00555	0.10050	0.00953	0.27831	0.01031	0.02789	0.00802	0.08129	0.04599	0.00163	0.00407	0.01876	0.00320	0.00497
7	0.01035	0.03837	0.12311	0.10219	0.19771	0.05061	0.15234	0.04220	0.00920	0.15638	0.02191	0.03977	0.00732	0.00416	0.00410	0.00120	0.02743	0.00379	0.00247	0.00540
8	0.00904	0.00835	0.01416	0.22312	0.49857	0.00899	0.05055	0.01125	0.00824	0.04500	0.00719	0.00965	0.00581	0.00381	0.00456	0.00122	0.07973	0.00344	0.00193	0.00538
9	0.00521	0.00389	0.00493	0.00471	0.00566	0.00360	0.00355	0.00682	0.00998	0.01379	0.62840	0.02873	0.17973	0.00976	0.07294	0.00160	0.00249	0.00684	0.00388	0.00349

[dist]
# distance from previous block
# <min> <max>
0	3

[block]
# block no. 4 follows, 72 sequences, length 10
# corresponding to MSA columns:
# 335-344
name=unknown_E
#
# <colnr> <probs for GDERKNQSTAVLIFYWHMCP>
#	G	D	E	R	K	N	Q	S	T	A	V	L	I	F	Y	W	H	M	C	P
0	0.02881	0.01891	0.07268	0.05479	0.14117	0.00644	0.13966	0.00984	0.00864	0.07661	0.09371	0.18336	0.04338	0.00660	0.00429	0.00133	0.00386	0.09853	0.00287	0.00452
1	0.00801	0.07584	0.59122	0.01115	0.08338	0.00885	0.04496	0.01166	0.00806	0.01187	0.00675	0.00806	0.00504	0.00345	0.00348	0.00110	0.00512	0.00280	0.00171	0.10749
2	0.00475	0.00343	0.00452	0.00534	0.00569	0.00320	0.00371	0.00552	0.00749	0.00987	0.02198	0.73545	0.07868	0.01160	0.00485	0.00154	0.00230	0.08342	0.00352	0.00313
3	0.00611	0.00371	0.00498	0.00552	0.00608	0.00342	0.00386	0.00690	0.00773	0.10610	0.02019	0.73376	0.02315	0.01100	0.00474	0.00151	0.00237	0.04175	0.00365	0.00349
4	0.03548	0.05737	0.13753	0.01312	0.21486	0.21969	0.10429	0.04976	0.00958	0.02609	0.07561	0.00997	0.00792	0.00401	0.00383	0.00112	0.01910	0.00337	0.00218	0.00512
5	0.01179	0.24581	0.07871	0.03236	0.01166	0.08759	0.00746	0.34782	0.09534	0.01606	0.00839	0.02578	0.00660	0.00425	0.00340	0.00107	0.00436	0.00314	0.00280	0.00559
6	0.00810	0.11795	0.23353	0.07805	0.04611	0.00782	0.00800	0.03040	0.00799	0.01160	0.00696	0.00898	0.00579	0.05535	0.00411	0.00105	0.00405	0.00273	0.00198	0.35945
7	0.00838	0.13558	0.17461	0.02136	0.02123	0.00764	0.02953	0.04538	0.06752	0.08829	0.09866	0.14817	0.02669	0.07693	0.00528	0.00142	0.01913	0.01675	0.00284	0.00463
8	0.00663	0.00398	0.00477	0.00454	0.00493	0.00388	0.00283	0.00674	0.00608	0.08016	0.01213	0.02213	0.02993	0.64906	0.05068	0.07647	0.00381	0.00510	0.00247	0.02370
9	0.00992	0.01014	0.06418	0.03272	0.52308	0.08753	0.05127	0.03473	0.04463	0.05019	0.00845	0.05082	0.00713	0.00402	0.00381	0.00116	0.00465	0.00373	0.00221	0.00565

[dist]
# distance from previous block
# <min> <max>
0	76

# created by:
# /st0/software/busco_prod/Augustus/scripts/msa2prfl.pl ./align_prep/26458.fa
