[name]
unknown

[dist]
# distance from previous block
# <min> <max>
6	94

[block]
# block no. 0 follows, 65 sequences, length 55
# corresponding to MSA columns:
# 125-179
name=unknown_A
#
# <colnr> <probs for GDERKNQSTAVLIFYWHMCP>
#	G	D	E	R	K	N	Q	S	T	A	V	L	I	F	Y	W	H	M	C	P
0	0.03391	0.01699	0.55958	0.01286	0.12392	0.00926	0.03800	0.01323	0.03106	0.05928	0.00929	0.01045	0.03463	0.00427	0.00420	0.00131	0.02617	0.00346	0.00214	0.00600
1	0.00775	0.04620	0.00788	0.00704	0.04809	0.04440	0.00513	0.02094	0.11595	0.03026	0.44784	0.02413	0.10130	0.00714	0.00458	0.00125	0.01633	0.00608	0.00389	0.05382
2	0.00687	0.00481	0.02126	0.00548	0.00612	0.00474	0.00381	0.00804	0.04406	0.05577	0.06539	0.02303	0.01482	0.50758	0.20707	0.00409	0.00545	0.00548	0.00276	0.00335
3	0.00990	0.00956	0.07121	0.00836	0.01102	0.00971	0.00697	0.03775	0.66929	0.01663	0.01619	0.01516	0.04000	0.00546	0.00411	0.00134	0.00344	0.00452	0.00388	0.05552
4	0.01129	0.09052	0.03472	0.07240	0.50428	0.09923	0.02000	0.04855	0.00998	0.05912	0.00793	0.00975	0.00638	0.00387	0.00390	0.00119	0.00510	0.00344	0.00226	0.00610
5	0.00559	0.00414	0.00509	0.00562	0.00626	0.00390	0.00391	0.05137	0.00886	0.01158	0.04163	0.63656	0.17654	0.01186	0.00509	0.00158	0.00244	0.01057	0.00384	0.00357
6	0.01478	0.01253	0.01159	0.00955	0.01234	0.17671	0.00754	0.45045	0.15338	0.04762	0.01114	0.01179	0.00849	0.03687	0.00489	0.00142	0.00499	0.00391	0.00385	0.01616
7	0.01128	0.58387	0.08684	0.00930	0.07311	0.07451	0.00829	0.06922	0.00940	0.01139	0.00633	0.00737	0.00548	0.00380	0.00329	0.00100	0.02551	0.00255	0.00197	0.00549
8	0.01040	0.13188	0.33605	0.03408	0.03283	0.08957	0.01034	0.06752	0.13609	0.03839	0.02060	0.00993	0.00719	0.00426	0.00374	0.00119	0.00507	0.00327	0.00250	0.05510
9	0.03897	0.07932	0.07256	0.02902	0.13341	0.39951	0.02504	0.09059	0.01114	0.02453	0.00714	0.00835	0.00573	0.00405	0.00369	0.00110	0.00596	0.00295	0.00230	0.05464
10	0.01107	0.74633	0.01980	0.00707	0.01038	0.01506	0.00685	0.04984	0.00892	0.03381	0.00715	0.05453	0.00672	0.00415	0.00289	0.00095	0.00426	0.00285	0.00208	0.00529
11	0.00943	0.00788	0.00968	0.00836	0.09529	0.00650	0.00592	0.07412	0.00951	0.02966	0.00771	0.00889	0.00627	0.00329	0.00325	0.00073	0.00336	0.00269	0.00257	0.70490
12	0.01142	0.01138	0.05400	0.01529	0.16374	0.08682	0.33544	0.11315	0.01116	0.07929	0.05482	0.01160	0.00836	0.00424	0.00456	0.00129	0.02062	0.00427	0.00268	0.00584
13	0.00845	0.00830	0.01220	0.70715	0.05407	0.07139	0.01081	0.01100	0.00852	0.01072	0.00724	0.01051	0.00553	0.00404	0.00401	0.00130	0.00546	0.00350	0.00189	0.05390
14	0.01181	0.35247	0.14203	0.00895	0.01247	0.16001	0.02457	0.10815	0.03161	0.03168	0.00723	0.00809	0.00583	0.00402	0.00361	0.00106	0.02656	0.00279	0.00228	0.05478
15	0.03221	0.02444	0.07495	0.03083	0.03809	0.00833	0.17472	0.09948	0.03238	0.28277	0.03662	0.03690	0.02790	0.00488	0.00435	0.00127	0.01898	0.00436	0.00348	0.06306
16	0.00577	0.00401	0.00442	0.00442	0.00467	0.00389	0.00260	0.00596	0.00657	0.00851	0.01801	0.02910	0.15893	0.70611	0.01805	0.00352	0.00364	0.00645	0.00272	0.00266
17	0.00597	0.00398	0.00448	0.00448	0.00448	0.00398	0.00249	0.00597	0.00597	0.00796	0.01293	0.02686	0.01492	0.85574	0.02089	0.00398	0.00398	0.00597	0.00249	0.00249
18	0.00995	0.01161	0.08746	0.04448	0.36352	0.04573	0.35010	0.01296	0.00950	0.01303	0.00787	0.01032	0.00620	0.00363	0.00436	0.00129	0.00596	0.00406	0.00202	0.00593
19	0.00586	0.00440	0.00660	0.00660	0.00733	0.00513	0.00513	0.00733	0.00660	0.00953	0.01100	0.01613	0.01026	0.03079	0.83947	0.00660	0.01100	0.00440	0.00220	0.00367
20	0.02824	0.00992	0.01077	0.00897	0.01148	0.01144	0.00723	0.34639	0.40249	0.02008	0.01264	0.01233	0.00944	0.00542	0.00498	0.00136	0.08232	0.00411	0.00390	0.00647
21	0.00713	0.00357	0.00535	0.00535	0.00535	0.00357	0.00357	0.00535	0.00535	0.00713	0.00713	0.01248	0.00713	0.01426	0.01604	0.88057	0.00357	0.00357	0.00178	0.00178
22	0.88473	0.00794	0.00603	0.00540	0.00794	0.00921	0.00445	0.01207	0.00699	0.01842	0.00572	0.00667	0.00445	0.00381	0.00254	0.00127	0.00318	0.00222	0.00254	0.00445
23	0.01318	0.01029	0.01131	0.00917	0.01180	0.01176	0.00746	0.49660	0.23663	0.02144	0.01135	0.01148	0.00846	0.00622	0.03418	0.00152	0.08283	0.00397	0.00384	0.00650
24	0.00713	0.00357	0.00535	0.00535	0.00535	0.00357	0.00357	0.00535	0.00535	0.00713	0.00713	0.01248	0.00713	0.01426	0.01604	0.88057	0.00357	0.00357	0.00178	0.00178
25	0.00517	0.00371	0.00495	0.00587	0.00622	0.00349	0.00410	0.00602	0.00807	0.01069	0.02302	0.74490	0.04745	0.01263	0.00528	0.00168	0.00252	0.09703	0.00381	0.00339
26	0.01009	0.00992	0.03479	0.02108	0.59811	0.02610	0.08087	0.03973	0.04135	0.02123	0.05017	0.01208	0.02739	0.00418	0.00418	0.00125	0.00483	0.00407	0.00238	0.00619
27	0.03162	0.17582	0.01337	0.00981	0.01219	0.66937	0.00769	0.01554	0.01093	0.01014	0.00621	0.00724	0.00527	0.00409	0.00348	0.00103	0.00676	0.00255	0.00206	0.00485
28	0.01122	0.81042	0.02095	0.00723	0.01066	0.06314	0.00708	0.01253	0.00853	0.00968	0.00574	0.00663	0.00527	0.00355	0.00269	0.00089	0.00456	0.00222	0.00178	0.00524
29	0.01149	0.00994	0.08541	0.07976	0.41941	0.01863	0.03108	0.01447	0.05548	0.18675	0.02890	0.01163	0.00813	0.00428	0.00423	0.00127	0.01616	0.00386	0.00281	0.00629
30	0.02251	0.00844	0.10277	0.00953	0.02590	0.00688	0.18039	0.05115	0.02360	0.12158	0.11289	0.21220	0.06055	0.02614	0.00510	0.00147	0.01404	0.00655	0.00338	0.00497
31	0.00859	0.01793	0.60072	0.01304	0.08454	0.02158	0.08268	0.01264	0.00876	0.01280	0.00802	0.01074	0.00626	0.00438	0.00461	0.00135	0.05330	0.04034	0.00189	0.00584
32	0.00992	0.00954	0.01638	0.10337	0.73961	0.00970	0.02639	0.01241	0.00924	0.01313	0.00769	0.01025	0.00640	0.00370	0.00408	0.00124	0.00497	0.00368	0.00201	0.00630
33	0.01215	0.05198	0.25430	0.05463	0.19175	0.00898	0.05944	0.04181	0.01012	0.25952	0.01015	0.01078	0.00711	0.00420	0.00402	0.00126	0.00493	0.00362	0.00291	0.00632
34	0.00979	0.00961	0.01708	0.12922	0.62296	0.00975	0.11621	0.01240	0.00925	0.01300	0.00774	0.01038	0.00633	0.00369	0.00417	0.00126	0.00522	0.00381	0.00201	0.00613
35	0.00775	0.00730	0.01231	0.84587	0.02827	0.00912	0.01140	0.01049	0.00821	0.01049	0.00730	0.01094	0.00547	0.00410	0.00410	0.00137	0.00547	0.00365	0.00182	0.00456
36	0.00788	0.01019	0.20630	0.06407	0.01283	0.00765	0.10002	0.02382	0.15998	0.01340	0.13496	0.01823	0.06226	0.12291	0.03610	0.00189	0.00461	0.00503	0.00293	0.00494
37	0.01021	0.00882	0.00928	0.00835	0.01067	0.01021	0.00650	0.02181	0.82272	0.01717	0.01671	0.01532	0.01253	0.00557	0.00418	0.00139	0.00325	0.00464	0.00418	0.00650
38	0.00857	0.00850	0.04798	0.33659	0.28504	0.00861	0.01035	0.01174	0.06536	0.01270	0.07063	0.01289	0.02904	0.00445	0.00408	0.00126	0.00462	0.00401	0.00235	0.07124
39	0.00597	0.00398	0.00448	0.00448	0.00448	0.00398	0.00249	0.00597	0.00597	0.00796	0.01293	0.02686	0.01492	0.85574	0.02089	0.00398	0.00398	0.00597	0.00249	0.00249
40	0.01560	0.01173	0.01230	0.00948	0.01273	0.03654	0.00781	0.79340	0.01908	0.02541	0.00975	0.00978	0.00693	0.00491	0.00409	0.00123	0.00460	0.00367	0.00405	0.00692
41	0.00501	0.00405	0.00440	0.00453	0.00563	0.00350	0.00329	0.00604	0.00919	0.01137	0.11042	0.17828	0.58870	0.04017	0.00548	0.00152	0.00218	0.00897	0.00383	0.00345
42	0.00912	0.01851	0.58543	0.01214	0.05182	0.08364	0.07220	0.01354	0.04764	0.01303	0.02040	0.00944	0.00623	0.00400	0.00396	0.00126	0.00589	0.00328	0.00199	0.03648
43	0.83972	0.00858	0.02507	0.00569	0.00830	0.03313	0.00479	0.01221	0.00716	0.01805	0.00577	0.00673	0.00449	0.00382	0.00260	0.00126	0.00336	0.00225	0.00251	0.00449
44	0.00617	0.00419	0.00530	0.00581	0.00647	0.00400	0.00405	0.00780	0.06532	0.05448	0.05821	0.64155	0.07321	0.01137	0.00500	0.00157	0.00245	0.01019	0.02907	0.00379
45	0.01285	0.01257	0.01115	0.00952	0.01196	0.29840	0.05767	0.11916	0.27306	0.06902	0.07270	0.01267	0.01072	0.00507	0.00409	0.00124	0.00500	0.00401	0.00340	0.00573
46	0.01148	0.24800	0.07886	0.02547	0.15392	0.01150	0.00850	0.16011	0.12289	0.07399	0.01062	0.04330	0.02466	0.00473	0.00374	0.00118	0.00430	0.00379	0.00293	0.00603
47	0.00590	0.00437	0.00532	0.00529	0.00610	0.00420	0.00375	0.01875	0.04970	0.01318	0.36089	0.19511	0.13234	0.14703	0.02797	0.00195	0.00270	0.00794	0.00388	0.00366
48	0.00538	0.00385	0.00485	0.00539	0.00598	0.00352	0.00374	0.00631	0.00859	0.02675	0.11888	0.55588	0.16790	0.04247	0.00568	0.00165	0.00238	0.02346	0.00387	0.00347
49	0.02090	0.11588	0.07370	0.02580	0.16597	0.31464	0.05470	0.06383	0.02115	0.07692	0.00815	0.00971	0.00650	0.00423	0.00382	0.00116	0.00577	0.01913	0.00244	0.00559
50	0.05460	0.35434	0.12161	0.04692	0.04833	0.06446	0.08143	0.09446	0.04701	0.01307	0.00780	0.03465	0.00655	0.00418	0.00348	0.00113	0.00493	0.00326	0.00227	0.00551
51	0.00548	0.00387	0.00500	0.00568	0.00623	0.00358	0.00402	0.00642	0.00846	0.02768	0.07188	0.59202	0.12677	0.02791	0.00548	0.00167	0.00251	0.08801	0.00385	0.00348
52	0.00824	0.02873	0.02197	0.07194	0.07498	0.11306	0.00684	0.04191	0.00864	0.01124	0.06163	0.07602	0.04411	0.03149	0.31390	0.00333	0.07032	0.00481	0.00251	0.00433
53	0.06519	0.04713	0.10057	0.02267	0.12819	0.03451	0.04121	0.10786	0.10470	0.09822	0.06413	0.07734	0.04588	0.00557	0.00428	0.00129	0.02122	0.00466	0.00319	0.02219
54	0.00996	0.06899	0.09600	0.01231	0.04149	0.00948	0.32981	0.05820	0.07324	0.07171	0.02738	0.10106	0.00986	0.01742	0.00495	0.00138	0.03322	0.00501	0.00275	0.02577

[dist]
# distance from previous block
# <min> <max>
8	22

[block]
# block no. 1 follows, 65 sequences, length 13
# corresponding to MSA columns:
# 210-222
name=unknown_B
#
# <colnr> <probs for GDERKNQSTAVLIFYWHMCP>
#	G	D	E	R	K	N	Q	S	T	A	V	L	I	F	Y	W	H	M	C	P
0	0.01052	0.02211	0.07924	0.03623	0.07959	0.20044	0.00790	0.14474	0.01090	0.01359	0.03621	0.12742	0.07434	0.00693	0.02475	0.00144	0.08847	0.00494	0.00281	0.02743
1	0.02341	0.11790	0.04834	0.03362	0.17161	0.04570	0.02434	0.06616	0.05007	0.11143	0.03645	0.09480	0.01044	0.02526	0.00441	0.00129	0.00425	0.00442	0.00303	0.12307
2	0.01262	0.13374	0.04795	0.02888	0.06929	0.36568	0.03914	0.03256	0.04340	0.06271	0.00835	0.05134	0.00716	0.00485	0.00458	0.00120	0.07545	0.00351	0.00241	0.00520
3	0.29081	0.02884	0.00903	0.04383	0.07701	0.20666	0.00643	0.04649	0.00910	0.01380	0.01028	0.18200	0.02202	0.00602	0.00401	0.00131	0.03048	0.00464	0.00267	0.00458
4	0.01043	0.00774	0.00855	0.00748	0.00959	0.00846	0.00584	0.13753	0.39850	0.08746	0.06649	0.01901	0.08547	0.07180	0.03849	0.00176	0.00365	0.02201	0.00402	0.00571
5	0.00752	0.00574	0.00712	0.00717	0.06075	0.00585	0.00494	0.08691	0.09789	0.01527	0.39468	0.02533	0.05428	0.15514	0.03156	0.00193	0.00319	0.02657	0.00382	0.00436
6	0.01070	0.00785	0.00855	0.00727	0.00938	0.03322	0.00573	0.25557	0.15130	0.08442	0.23656	0.06205	0.09608	0.00689	0.00443	0.00131	0.00327	0.00574	0.00420	0.00547
7	0.00514	0.00366	0.00486	0.00569	0.00599	0.00344	0.00385	0.00594	0.00807	0.01081	0.07269	0.74316	0.02728	0.04575	0.00585	0.00174	0.00246	0.03646	0.00380	0.00335
8	0.02974	0.00826	0.01081	0.06203	0.10642	0.00770	0.04412	0.09696	0.08565	0.05734	0.02815	0.01050	0.00773	0.00388	0.00361	0.00097	0.00376	0.00330	0.00286	0.42621
9	0.01158	0.06194	0.01495	0.01233	0.06452	0.23076	0.13842	0.08744	0.00977	0.01214	0.00669	0.00892	0.00571	0.00516	0.00741	0.00139	0.31011	0.00348	0.00215	0.00513
10	0.01533	0.01956	0.01163	0.01058	0.01269	0.83926	0.00793	0.01639	0.01163	0.01005	0.00635	0.00740	0.00529	0.00423	0.00370	0.00106	0.00740	0.00264	0.00212	0.00476
11	0.00663	0.00506	0.00651	0.00746	0.08073	0.01617	0.00487	0.00853	0.06773	0.03635	0.18641	0.35090	0.13891	0.00993	0.00530	0.03610	0.00271	0.02192	0.00375	0.00405
12	0.01181	0.17235	0.04723	0.00941	0.06075	0.11551	0.01669	0.15448	0.18942	0.06667	0.03081	0.03334	0.05074	0.00523	0.00390	0.00121	0.00438	0.01706	0.00322	0.00580

[dist]
# distance from previous block
# <min> <max>
6	13

[block]
# block no. 2 follows, 65 sequences, length 24
# corresponding to MSA columns:
# 236-259
name=unknown_C
#
# <colnr> <probs for GDERKNQSTAVLIFYWHMCP>
#	G	D	E	R	K	N	Q	S	T	A	V	L	I	F	Y	W	H	M	C	P
0	0.00619	0.04251	0.02536	0.00661	0.04463	0.00496	0.00480	0.02344	0.00946	0.01263	0.23436	0.27316	0.17130	0.04605	0.00567	0.00156	0.01549	0.06426	0.00369	0.00388
1	0.00961	0.07423	0.05221	0.10172	0.07280	0.04625	0.10851	0.13356	0.03022	0.01372	0.04025	0.09627	0.06344	0.00653	0.02441	0.00149	0.11205	0.00491	0.00271	0.00513
2	0.00543	0.00427	0.00497	0.00481	0.00604	0.00371	0.00358	0.00682	0.01003	0.01322	0.34227	0.12124	0.39404	0.00950	0.00479	0.00134	0.00211	0.00818	0.00401	0.04964
3	0.00985	0.00938	0.01363	0.06453	0.46020	0.04747	0.03154	0.01435	0.20191	0.01402	0.05033	0.03095	0.02417	0.00470	0.00417	0.00128	0.00445	0.00432	0.00272	0.00604
4	0.01284	0.01019	0.01405	0.07435	0.03138	0.01090	0.17444	0.35693	0.17281	0.08225	0.01113	0.01158	0.00803	0.00467	0.00427	0.00131	0.00477	0.00415	0.00356	0.00640
5	0.00561	0.00428	0.00528	0.00580	0.00680	0.00395	0.00464	0.00697	0.00924	0.01170	0.06674	0.18102	0.34008	0.01109	0.00524	0.00163	0.00279	0.31971	0.00383	0.00358
6	0.01416	0.02836	0.09426	0.00796	0.01103	0.00789	0.00705	0.18574	0.05523	0.38913	0.08701	0.06923	0.01268	0.00573	0.00421	0.00129	0.00377	0.00470	0.00427	0.00631
7	0.01560	0.01150	0.01232	0.00944	0.01273	0.01273	0.00780	0.81645	0.01930	0.02587	0.00986	0.00986	0.00698	0.00493	0.00411	0.00123	0.00452	0.00370	0.00411	0.00698
8	0.00514	0.00421	0.00470	0.00472	0.00585	0.00382	0.00351	0.00623	0.00897	0.01116	0.09356	0.10056	0.58357	0.03894	0.09108	0.00202	0.01663	0.00821	0.00362	0.00349
9	0.00887	0.00882	0.01237	0.01063	0.01066	0.01232	0.00885	0.00979	0.00630	0.00987	0.00558	0.00923	0.00556	0.00799	0.04176	0.00196	0.81955	0.00362	0.00181	0.00446
10	0.00823	0.02123	0.83447	0.01170	0.01777	0.00953	0.01517	0.01300	0.00867	0.01300	0.00737	0.00867	0.00520	0.00390	0.00390	0.00130	0.00607	0.00303	0.00173	0.00607
11	0.88473	0.00794	0.00603	0.00540	0.00794	0.00921	0.00445	0.01207	0.00699	0.01842	0.00572	0.00667	0.00445	0.00381	0.00254	0.00127	0.00318	0.00222	0.00254	0.00445
12	0.00999	0.00958	0.01635	0.08334	0.77332	0.00971	0.01251	0.01245	0.00927	0.01320	0.00769	0.01022	0.00643	0.00369	0.00407	0.00123	0.00492	0.00366	0.00202	0.00636
13	0.00901	0.00886	0.01243	0.05447	0.01167	0.01224	0.00900	0.02963	0.00671	0.01030	0.00572	0.00926	0.00554	0.00747	0.03029	0.00186	0.76555	0.00361	0.00186	0.00454
14	0.00943	0.00973	0.01251	0.01076	0.01091	0.07085	0.00891	0.01034	0.00666	0.00989	0.00546	0.00887	0.00538	0.00698	0.01278	0.00174	0.78895	0.00353	0.00182	0.00451
15	0.00788	0.00747	0.01234	0.76027	0.02648	0.00947	0.01115	0.01043	0.00801	0.01043	0.00710	0.01074	0.00546	0.00442	0.00506	0.00141	0.09186	0.00364	0.00182	0.00455
16	0.00505	0.00415	0.00444	0.00440	0.00567	0.00355	0.00329	0.00626	0.00978	0.01217	0.20137	0.05830	0.64723	0.01005	0.00486	0.00137	0.00206	0.00849	0.00396	0.00355
17	0.00587	0.00438	0.00650	0.00650	0.00720	0.00508	0.00501	0.00727	0.00657	0.00946	0.01108	0.01661	0.01047	0.06773	0.80281	0.00648	0.01068	0.00447	0.00221	0.00361
18	0.00991	0.00955	0.01648	0.10574	0.72531	0.00971	0.03816	0.01241	0.00925	0.01311	0.00770	0.01027	0.00639	0.00370	0.00409	0.00124	0.00500	0.00369	0.00201	0.00628
19	0.00524	0.00402	0.00474	0.00487	0.00578	0.00359	0.00350	0.00645	0.00958	0.01253	0.28868	0.23156	0.34612	0.04758	0.00565	0.00154	0.00219	0.00887	0.00398	0.00352
20	0.01066	0.33393	0.05806	0.00908	0.01225	0.01235	0.10649	0.11380	0.21708	0.01423	0.01054	0.06594	0.00889	0.00484	0.00372	0.00119	0.00438	0.00400	0.00284	0.00574
21	0.00837	0.00668	0.00753	0.00733	0.00885	0.00735	0.00551	0.01532	0.46857	0.03631	0.01907	0.32164	0.01828	0.00846	0.00463	0.00151	0.00296	0.04233	0.00405	0.00524
22	0.01383	0.04162	0.08612	0.01043	0.03887	0.37110	0.00851	0.22702	0.05980	0.04035	0.02074	0.00931	0.00685	0.00464	0.00430	0.00119	0.04356	0.00325	0.00282	0.00568
23	0.05145	0.04716	0.05757	0.00837	0.01075	0.11805	0.04278	0.05613	0.19496	0.14448	0.03258	0.16166	0.02681	0.00639	0.00437	0.00134	0.02088	0.00530	0.00352	0.00544

[dist]
# distance from previous block
# <min> <max>
0	10

[block]
# block no. 3 follows, 65 sequences, length 14
# corresponding to MSA columns:
# 270-283
name=unknown_D
#
# <colnr> <probs for GDERKNQSTAVLIFYWHMCP>
#	G	D	E	R	K	N	Q	S	T	A	V	L	I	F	Y	W	H	M	C	P
0	0.34430	0.22836	0.10914	0.00775	0.01109	0.07261	0.03875	0.06668	0.00897	0.03039	0.00660	0.00755	0.00523	0.00383	0.00306	0.00113	0.00438	0.00259	0.00234	0.04526
1	0.00995	0.03296	0.05003	0.12111	0.60186	0.03072	0.01188	0.01307	0.06411	0.01311	0.00817	0.01037	0.00667	0.00386	0.00402	0.00124	0.00494	0.00363	0.00213	0.00617
2	0.01280	0.09438	0.17879	0.01026	0.04473	0.03065	0.03867	0.40943	0.02861	0.05034	0.00953	0.01000	0.02022	0.00450	0.00391	0.00120	0.00483	0.00350	0.00317	0.04048
3	0.00564	0.00386	0.00467	0.00499	0.00510	0.00382	0.00305	0.00595	0.00663	0.00888	0.01610	0.30410	0.01882	0.53464	0.05311	0.00332	0.00376	0.00781	0.00292	0.00283
4	0.00598	0.00430	0.00517	0.00489	0.00610	0.00382	0.00369	0.00758	0.01081	0.04828	0.51023	0.03317	0.32294	0.00898	0.00482	0.00132	0.00205	0.00774	0.00429	0.00385
5	0.00500	0.00357	0.00476	0.00572	0.00595	0.00333	0.00381	0.00572	0.00786	0.01048	0.02262	0.85306	0.02715	0.01286	0.00524	0.00167	0.00238	0.01167	0.00381	0.00333
6	0.00775	0.00730	0.01231	0.84587	0.02827	0.00912	0.01140	0.01049	0.00821	0.01049	0.00730	0.01094	0.00547	0.00410	0.00410	0.00137	0.00547	0.00365	0.00182	0.00456
7	0.00496	0.00407	0.00437	0.00449	0.00566	0.00348	0.00329	0.00602	0.00931	0.01145	0.10594	0.16801	0.63349	0.01062	0.00491	0.00142	0.00212	0.00903	0.00387	0.00348
8	0.00851	0.00730	0.00851	0.00608	0.00973	0.00547	0.00486	0.01034	0.00851	0.01338	0.00730	0.00851	0.00608	0.00304	0.00304	0.00061	0.00304	0.00243	0.00243	0.88083
9	0.00586	0.00440	0.00660	0.00660	0.00733	0.00513	0.00513	0.00733	0.00660	0.00953	0.01100	0.01613	0.01026	0.03079	0.83947	0.00660	0.01100	0.00440	0.00220	0.00367
10	0.03677	0.00889	0.01163	0.04296	0.23662	0.05327	0.02174	0.04451	0.04413	0.16846	0.00950	0.01035	0.00716	0.00391	0.00371	0.00104	0.00409	0.00332	0.00292	0.28501
11	0.00587	0.00466	0.00628	0.05250	0.06804	0.00459	0.00499	0.00756	0.05894	0.01123	0.02299	0.56219	0.13647	0.01088	0.00498	0.00157	0.00277	0.02603	0.00359	0.00386
12	0.04344	0.48937	0.23843	0.00825	0.01219	0.05041	0.00892	0.01253	0.02986	0.01119	0.00859	0.00936	0.05409	0.00412	0.00319	0.00106	0.00477	0.00289	0.00198	0.00535
13	0.07062	0.13605	0.03657	0.00901	0.02558	0.10425	0.00751	0.40631	0.07845	0.03818	0.00906	0.00934	0.00679	0.00450	0.00370	0.00115	0.00460	0.00328	0.00329	0.04176

[dist]
# distance from previous block
# <min> <max>
0	3

[block]
# block no. 4 follows, 65 sequences, length 22
# corresponding to MSA columns:
# 290-311
name=unknown_E
#
# <colnr> <probs for GDERKNQSTAVLIFYWHMCP>
#	G	D	E	R	K	N	Q	S	T	A	V	L	I	F	Y	W	H	M	C	P
0	0.02581	0.18739	0.42120	0.01077	0.05453	0.01067	0.05362	0.05283	0.03645	0.03316	0.00883	0.00982	0.03278	0.00410	0.00370	0.00119	0.00517	0.00325	0.00216	0.04258
1	0.00901	0.05257	0.03639	0.04350	0.04989	0.06141	0.00654	0.02015	0.09489	0.07586	0.08394	0.07720	0.02174	0.12318	0.11315	0.00239	0.11568	0.00500	0.00291	0.00461
2	0.01206	0.00724	0.00867	0.00746	0.00965	0.01974	0.00590	0.05269	0.27911	0.28721	0.05375	0.01578	0.01228	0.03844	0.16828	0.00244	0.00493	0.00453	0.00402	0.00584
3	0.00597	0.00536	0.00603	0.00566	0.00713	0.03548	0.04648	0.00786	0.06114	0.01192	0.09334	0.10882	0.55125	0.00959	0.00482	0.00140	0.00267	0.02751	0.00373	0.00384
4	0.04899	0.07095	0.07239	0.01101	0.15075	0.00932	0.00816	0.19449	0.03119	0.30489	0.01131	0.02159	0.00802	0.00460	0.00390	0.00121	0.00416	0.00371	0.00363	0.03572
5	0.00986	0.00986	0.05883	0.12170	0.07316	0.08160	0.12670	0.10060	0.10583	0.02882	0.04072	0.01426	0.00961	0.05253	0.09729	0.00205	0.02637	0.03227	0.00273	0.00522
6	0.00839	0.00790	0.01333	0.53472	0.28788	0.00902	0.01139	0.01092	0.00856	0.01144	0.00824	0.05504	0.00695	0.00442	0.00415	0.00134	0.00512	0.00407	0.00200	0.00513
7	0.00505	0.00399	0.00456	0.00488	0.00584	0.00350	0.00354	0.00609	0.00906	0.01139	0.10156	0.30589	0.46952	0.01107	0.00501	0.00149	0.00223	0.03803	0.00387	0.00347
8	0.00995	0.02464	0.08664	0.12157	0.46597	0.02996	0.10729	0.04524	0.00951	0.01321	0.00763	0.01005	0.00616	0.00392	0.00451	0.00128	0.04072	0.00369	0.00206	0.00599
9	0.01560	0.01150	0.01232	0.00944	0.01273	0.01273	0.00780	0.81645	0.01930	0.02587	0.00986	0.00986	0.00698	0.00493	0.00411	0.00123	0.00452	0.00370	0.00411	0.00698
10	0.00823	0.02123	0.83447	0.01170	0.01777	0.00953	0.01517	0.01300	0.00867	0.01300	0.00737	0.00867	0.00520	0.00390	0.00390	0.00130	0.00607	0.00303	0.00173	0.00607
11	0.00727	0.00452	0.00592	0.00538	0.00663	0.00411	0.00410	0.00913	0.01155	0.11286	0.70333	0.02901	0.06408	0.00807	0.00476	0.00129	0.00213	0.00708	0.00456	0.00423
12	0.01842	0.00699	0.00953	0.00730	0.01048	0.00603	0.00603	0.02000	0.01175	0.83298	0.01619	0.01397	0.01016	0.00508	0.00413	0.00127	0.00349	0.00413	0.00508	0.00699
13	0.01051	0.00897	0.00945	0.00841	0.01079	0.01035	0.00657	0.06611	0.77793	0.01766	0.01633	0.01501	0.01222	0.00553	0.00417	0.00138	0.00332	0.00459	0.00417	0.00652
14	0.00683	0.00552	0.00804	0.04861	0.01001	0.01973	0.07330	0.02012	0.02086	0.01206	0.02078	0.20195	0.06953	0.01029	0.00531	0.00172	0.00381	0.45406	0.00353	0.00396
15	0.01086	0.82403	0.05471	0.00721	0.01083	0.01597	0.00736	0.01232	0.00835	0.00979	0.00577	0.00667	0.00527	0.00353	0.00269	0.00090	0.00446	0.00223	0.00176	0.00530
16	0.00596	0.00402	0.00466	0.00466	0.00472	0.00408	0.00271	0.00609	0.00602	0.00809	0.01277	0.02595	0.01453	0.78527	0.09082	0.00420	0.00458	0.00584	0.00246	0.00259
17	0.00978	0.00490	0.00649	0.00607	0.00752	0.00437	0.00454	0.01101	0.00991	0.29732	0.14830	0.37358	0.08081	0.00928	0.00476	0.00145	0.00268	0.00816	0.00436	0.00470
18	0.02418	0.26271	0.01669	0.05542	0.05461	0.11513	0.13734	0.15149	0.01121	0.10567	0.00827	0.00925	0.00633	0.00412	0.00389	0.00115	0.02083	0.00333	0.00266	0.00573
19	0.00702	0.00644	0.02571	0.00717	0.02383	0.08746	0.00513	0.04576	0.03088	0.01152	0.03102	0.62298	0.02199	0.01074	0.00529	0.00156	0.03863	0.00945	0.00351	0.00391
20	0.01080	0.01057	0.01553	0.02171	0.64455	0.10523	0.03532	0.01306	0.00981	0.04016	0.04771	0.01099	0.00804	0.00399	0.00409	0.00121	0.00504	0.00377	0.00226	0.00616
21	0.00576	0.00391	0.00506	0.00577	0.00619	0.00373	0.00391	0.00693	0.03945	0.03822	0.02152	0.73527	0.02505	0.04747	0.00575	0.00172	0.00251	0.01069	0.02751	0.00356

[dist]
# distance from previous block
# <min> <max>
0	2

[block]
# block no. 5 follows, 65 sequences, length 14
# corresponding to MSA columns:
# 314,315,322-333
name=unknown_F
#
# <colnr> <probs for GDERKNQSTAVLIFYWHMCP>
#	G	D	E	R	K	N	Q	S	T	A	V	L	I	F	Y	W	H	M	C	P
0	0.52178	0.05630	0.00992	0.01018	0.17014	0.10984	0.00676	0.04876	0.00863	0.01628	0.00637	0.00758	0.00511	0.00386	0.00305	0.00121	0.00414	0.00262	0.00242	0.00505
1	0.00619	0.00416	0.00509	0.00539	0.00635	0.00371	0.00393	0.00722	0.00896	0.07921	0.06114	0.41580	0.30639	0.01108	0.00502	0.00153	0.00244	0.05871	0.00394	0.00373
2	0.01243	0.03134	0.01393	0.05390	0.36032	0.31870	0.00993	0.08223	0.03873	0.01313	0.00763	0.00921	0.00622	0.00405	0.00389	0.00115	0.00571	0.00326	0.00230	0.02194
3	0.00615	0.00469	0.00571	0.00537	0.00654	0.00451	0.00405	0.00902	0.09963	0.01578	0.62912	0.03023	0.14685	0.00837	0.00477	0.00132	0.00210	0.00729	0.00438	0.00410
4	0.00851	0.00730	0.00851	0.00608	0.00973	0.00547	0.00486	0.01034	0.00851	0.01338	0.00730	0.00851	0.00608	0.00304	0.00304	0.00061	0.00304	0.00243	0.00243	0.88083
5	0.00985	0.00938	0.01565	0.13051	0.67693	0.00970	0.01208	0.01288	0.05815	0.01326	0.00821	0.01057	0.00673	0.00383	0.00408	0.00125	0.00486	0.00372	0.00213	0.00625
6	0.00579	0.00439	0.00536	0.00508	0.00620	0.00406	0.00382	0.00796	0.04691	0.01531	0.61967	0.03192	0.21082	0.00871	0.00481	0.00132	0.00203	0.00757	0.00435	0.00390
7	0.00579	0.00441	0.00563	0.00581	0.00639	0.02129	0.00417	0.00679	0.00736	0.00996	0.05861	0.21711	0.08204	0.17441	0.36653	0.00416	0.00643	0.00686	0.00288	0.00339
8	0.01414	0.00691	0.00838	0.00679	0.00925	0.00670	0.00554	0.17864	0.01240	0.39641	0.04716	0.01549	0.01132	0.00537	0.00390	0.00121	0.00325	0.03748	0.22373	0.00593
9	0.00589	0.00430	0.00610	0.00610	0.00666	0.00486	0.00451	0.00701	0.00645	0.00916	0.01145	0.01865	0.01136	0.22495	0.64681	0.00598	0.00934	0.00477	0.00227	0.00339
10	0.56371	0.00864	0.00797	0.00660	0.00940	0.00959	0.00544	0.20026	0.01050	0.13191	0.00812	0.00841	0.00582	0.00424	0.00312	0.00126	0.00353	0.00283	0.00325	0.00538
11	0.03487	0.05687	0.02237	0.00697	0.00965	0.02601	0.00576	0.12666	0.05450	0.25236	0.18860	0.01658	0.05091	0.00559	0.00402	0.00116	0.00334	0.00456	0.00398	0.12524
12	0.01234	0.23754	0.08316	0.00917	0.01199	0.32930	0.00798	0.06541	0.12603	0.01231	0.02473	0.00925	0.00719	0.00490	0.01931	0.00122	0.02731	0.00306	0.00245	0.00534
13	0.05119	0.02644	0.03292	0.09304	0.15827	0.06211	0.01785	0.18629	0.02295	0.18161	0.02262	0.01149	0.00795	0.02033	0.05565	0.00160	0.00494	0.00371	0.00319	0.03584

[dist]
# distance from previous block
# <min> <max>
0	1

[block]
# block no. 6 follows, 65 sequences, length 15
# corresponding to MSA columns:
# 335-349
name=unknown_G
#
# <colnr> <probs for GDERKNQSTAVLIFYWHMCP>
#	G	D	E	R	K	N	Q	S	T	A	V	L	I	F	Y	W	H	M	C	P
0	0.02323	0.06529	0.08639	0.00944	0.08028	0.14304	0.00725	0.10188	0.06792	0.03586	0.03461	0.23484	0.03332	0.01695	0.02926	0.00152	0.00450	0.01633	0.00309	0.00499
1	0.05242	0.01869	0.01143	0.01030	0.01249	0.76494	0.00778	0.05388	0.01180	0.01115	0.00648	0.00749	0.00533	0.00424	0.00367	0.00107	0.00709	0.00268	0.00223	0.00485
2	0.00974	0.03317	0.06342	0.00816	0.03352	0.00696	0.07544	0.05571	0.00944	0.07614	0.00884	0.01012	0.01968	0.02234	0.00383	0.00091	0.00378	0.00308	0.00264	0.55308
3	0.00525	0.00390	0.00487	0.00531	0.00597	0.00356	0.00376	0.00634	0.00903	0.01196	0.20764	0.43978	0.19669	0.03542	0.00554	0.00160	0.00232	0.04365	0.00393	0.00348
4	0.25830	0.00999	0.06171	0.24810	0.16016	0.05744	0.10865	0.02678	0.00867	0.01398	0.00704	0.00925	0.00545	0.00387	0.00371	0.00129	0.00502	0.00330	0.00215	0.00513
5	0.01236	0.00985	0.01390	0.01064	0.01365	0.01037	0.20749	0.35030	0.10978	0.07623	0.03709	0.01346	0.05601	0.00535	0.00495	0.02057	0.03387	0.00452	0.00354	0.00607
6	0.00833	0.00709	0.00831	0.00602	0.00949	0.00536	0.00480	0.01016	0.00872	0.01358	0.06236	0.01000	0.00827	0.00340	0.00316	0.00065	0.00297	0.00277	0.00257	0.82199
7	0.00596	0.00402	0.00469	0.00469	0.00477	0.00410	0.00275	0.00611	0.00603	0.00812	0.01274	0.02578	0.01445	0.77235	0.10364	0.00424	0.00469	0.00581	0.00246	0.00261
8	0.00545	0.00454	0.00484	0.00487	0.00625	0.00408	0.00378	0.00734	0.06403	0.01185	0.06982	0.03830	0.64895	0.01010	0.00490	0.00144	0.00235	0.09953	0.00386	0.00372
9	0.00499	0.00362	0.00472	0.00560	0.00592	0.00334	0.00376	0.00573	0.00797	0.01052	0.02403	0.79257	0.08673	0.01268	0.00521	0.00165	0.00236	0.01145	0.00381	0.00334
10	0.00776	0.01060	0.22082	0.01115	0.01426	0.00742	0.23399	0.01074	0.00924	0.01259	0.01489	0.06464	0.03438	0.00731	0.00495	0.00158	0.00513	0.32093	0.00279	0.00482
11	0.00836	0.04763	0.78439	0.01172	0.01765	0.00977	0.03874	0.01298	0.00869	0.01290	0.00734	0.00867	0.00523	0.00387	0.00389	0.00129	0.00604	0.00306	0.00174	0.00603
12	0.00607	0.00447	0.00599	0.00590	0.00626	0.00503	0.00418	0.00685	0.00634	0.00889	0.01179	0.04103	0.01241	0.38735	0.41397	0.00505	0.05767	0.00521	0.00234	0.00319
13	0.00537	0.00448	0.00521	0.00573	0.05685	0.00392	0.00388	0.00664	0.00970	0.01220	0.18534	0.07888	0.58777	0.00973	0.00482	0.00137	0.00224	0.00828	0.00383	0.00372
14	0.00924	0.17560	0.49381	0.01038	0.04343	0.01040	0.01171	0.05464	0.00917	0.01311	0.00719	0.00837	0.00548	0.00375	0.00356	0.00112	0.00520	0.00285	0.00197	0.12903

[dist]
# distance from previous block
# <min> <max>
0	2

[block]
# block no. 7 follows, 65 sequences, length 14
# corresponding to MSA columns:
# 352,353,361-372
name=unknown_H
#
# <colnr> <probs for GDERKNQSTAVLIFYWHMCP>
#	G	D	E	R	K	N	Q	S	T	A	V	L	I	F	Y	W	H	M	C	P
0	0.81434	0.00901	0.07257	0.00590	0.00873	0.00923	0.00531	0.01214	0.00712	0.01798	0.00585	0.00683	0.00451	0.00382	0.00265	0.00127	0.00341	0.00229	0.00248	0.00458
1	0.01055	0.34158	0.13667	0.08772	0.07215	0.01242	0.07896	0.11655	0.03802	0.01334	0.00746	0.00875	0.00596	0.00386	0.00351	0.00110	0.00489	0.00307	0.00223	0.05119
2	0.00637	0.00473	0.00582	0.00628	0.00696	0.00477	0.00440	0.07242	0.08925	0.01238	0.02101	0.70261	0.02409	0.01150	0.00504	0.00160	0.00264	0.01033	0.00387	0.00394
3	0.00592	0.00381	0.00509	0.00582	0.00626	0.00352	0.00396	0.00669	0.00813	0.06673	0.02218	0.79567	0.02599	0.01233	0.00516	0.00164	0.00246	0.01115	0.00390	0.00358
4	0.00653	0.00470	0.00650	0.00740	0.00836	0.00467	0.00645	0.00838	0.00945	0.01223	0.02267	0.04598	0.06172	0.01129	0.00563	0.00187	0.00370	0.76493	0.00378	0.00376
5	0.00938	0.00896	0.01525	0.29068	0.57073	0.00955	0.01221	0.01192	0.00898	0.01247	0.00758	0.01041	0.00617	0.00380	0.00408	0.00127	0.00507	0.00365	0.00196	0.00587
6	0.01105	0.21777	0.05361	0.03864	0.25165	0.13483	0.18393	0.03895	0.00977	0.01224	0.00720	0.00903	0.00589	0.00373	0.00383	0.00116	0.00563	0.00338	0.00203	0.00568
7	0.00713	0.00357	0.00535	0.00535	0.00535	0.00357	0.00357	0.00535	0.00535	0.00713	0.00713	0.01248	0.00713	0.01426	0.01604	0.88057	0.00357	0.00357	0.00178	0.00178
8	0.01326	0.12875	0.04160	0.00958	0.01211	0.33461	0.04625	0.05594	0.06725	0.12311	0.00913	0.01052	0.00725	0.00575	0.03706	0.00141	0.06474	0.02362	0.00272	0.00536
9	0.00851	0.00730	0.00851	0.00608	0.00973	0.00547	0.00486	0.01034	0.00851	0.01338	0.00730	0.00851	0.00608	0.00304	0.00304	0.00061	0.00304	0.00243	0.00243	0.88083
10	0.00575	0.00444	0.00543	0.00630	0.00676	0.03624	0.00457	0.00673	0.00835	0.01085	0.02180	0.64689	0.02554	0.01220	0.00527	0.00169	0.00288	0.18109	0.00374	0.00349
11	0.00863	0.03020	0.19439	0.00737	0.01009	0.00672	0.00716	0.04489	0.10197	0.10289	0.18789	0.05187	0.15815	0.00698	0.00439	0.00134	0.00347	0.04049	0.02604	0.00507
12	0.01102	0.25453	0.15347	0.00941	0.05663	0.07166	0.02873	0.10413	0.02520	0.04973	0.02177	0.00896	0.00663	0.00389	0.00344	0.00101	0.00463	0.00295	0.00244	0.17978
13	0.05686	0.64274	0.03750	0.03195	0.01127	0.01498	0.00740	0.07666	0.00901	0.01153	0.00610	0.00719	0.00538	0.00392	0.00357	0.00101	0.06314	0.00248	0.00199	0.00531

[dist]
# distance from previous block
# <min> <max>
1	17

[block]
# block no. 8 follows, 65 sequences, length 24
# corresponding to MSA columns:
# 390-405,408,409,411-416
name=unknown_I
#
# <colnr> <probs for GDERKNQSTAVLIFYWHMCP>
#	G	D	E	R	K	N	Q	S	T	A	V	L	I	F	Y	W	H	M	C	P
0	0.04573	0.14699	0.32030	0.01138	0.10895	0.01014	0.04397	0.05646	0.02740	0.09717	0.03480	0.01032	0.01614	0.00424	0.00392	0.00121	0.01976	0.00339	0.00248	0.03525
1	0.01033	0.04349	0.09021	0.02644	0.35020	0.04339	0.13108	0.05128	0.04332	0.05467	0.02283	0.01260	0.06397	0.00454	0.00449	0.00128	0.03332	0.00415	0.00249	0.00591
2	0.00512	0.00369	0.00478	0.00552	0.00585	0.00346	0.00370	0.00586	0.00788	0.01047	0.04721	0.68323	0.07804	0.08212	0.03075	0.00197	0.00273	0.01067	0.00368	0.00330
3	0.05216	0.07283	0.04918	0.04590	0.24473	0.19460	0.13354	0.04070	0.00985	0.01263	0.00841	0.04635	0.00743	0.00461	0.00430	0.00126	0.02947	0.03441	0.00225	0.00541
4	0.02925	0.05546	0.13706	0.01444	0.26007	0.13428	0.02133	0.19930	0.04226	0.03123	0.00873	0.03251	0.00699	0.00442	0.00394	0.00122	0.00516	0.00360	0.00266	0.00609
5	0.00628	0.00440	0.00564	0.00526	0.00636	0.00408	0.00397	0.00840	0.03187	0.04352	0.73291	0.03025	0.08479	0.00833	0.00480	0.00130	0.00203	0.00732	0.00449	0.00402
6	0.00499	0.00413	0.00437	0.00438	0.00564	0.00351	0.00326	0.00613	0.00957	0.01176	0.14427	0.08226	0.68105	0.01026	0.00487	0.00139	0.00208	0.00866	0.00390	0.00351
7	0.04855	0.26012	0.18117	0.01126	0.10360	0.15241	0.04607	0.09818	0.02445	0.02790	0.00731	0.00837	0.00580	0.00395	0.00353	0.00112	0.00533	0.00296	0.00224	0.00569
8	0.00874	0.00784	0.01142	0.00883	0.04255	0.00653	0.15966	0.03070	0.00920	0.02934	0.01174	0.01282	0.10221	0.00409	0.00368	0.00090	0.00378	0.00373	0.00260	0.53963
9	0.00521	0.00399	0.00480	0.00512	0.00598	0.00357	0.00372	0.00637	0.00932	0.01211	0.20560	0.33089	0.32498	0.01089	0.00503	0.00149	0.00225	0.05121	0.00396	0.00352
10	0.03244	0.00847	0.01010	0.00813	0.01098	0.00860	0.00676	0.34323	0.01441	0.35398	0.03124	0.01707	0.01125	0.00595	0.00432	0.00134	0.00391	0.11695	0.00444	0.00641
11	0.06409	0.41558	0.15580	0.01105	0.11777	0.07894	0.06575	0.01296	0.00886	0.02576	0.00666	0.00791	0.00552	0.00369	0.00329	0.00107	0.00506	0.00278	0.00194	0.00552
12	0.00577	0.00395	0.00457	0.00472	0.00487	0.00388	0.00283	0.00599	0.00653	0.00862	0.01634	0.14493	0.07092	0.65278	0.02968	0.00348	0.00373	0.02089	0.00278	0.00271
13	0.01027	0.01181	0.03539	0.01554	0.01898	0.08944	0.60185	0.03461	0.00969	0.01278	0.00778	0.01039	0.00604	0.00405	0.00578	0.00140	0.11234	0.00442	0.00209	0.00538
14	0.01358	0.13660	0.03560	0.03746	0.12512	0.05194	0.03523	0.24088	0.04802	0.18870	0.01017	0.01070	0.00747	0.01855	0.00435	0.00125	0.02122	0.00360	0.00330	0.00626
15	0.02017	0.02195	0.05408	0.05560	0.61329	0.02838	0.03744	0.01294	0.03121	0.04456	0.00929	0.01124	0.03339	0.00402	0.00407	0.00124	0.00487	0.00381	0.00225	0.00621
16	0.00578	0.00402	0.00513	0.00562	0.00627	0.00374	0.00397	0.00699	0.02549	0.04117	0.13178	0.53848	0.12561	0.03142	0.00547	0.00163	0.00245	0.04743	0.00393	0.00362
17	0.03886	0.00798	0.00761	0.00707	0.00866	0.15117	0.00532	0.05319	0.04135	0.16950	0.04240	0.30152	0.11296	0.00833	0.00470	0.00140	0.02259	0.00700	0.00372	0.00469
18	0.03401	0.05956	0.20273	0.01050	0.05544	0.01182	0.00959	0.51144	0.01530	0.03690	0.00897	0.00942	0.00645	0.00452	0.00394	0.00123	0.00483	0.00343	0.00331	0.00659
19	0.03099	0.00491	0.00607	0.00569	0.00701	0.00462	0.02330	0.00891	0.06263	0.05978	0.31172	0.12103	0.22252	0.05288	0.00558	0.00152	0.00256	0.04458	0.00399	0.01972
20	0.00921	0.02415	0.31275	0.01163	0.11875	0.00941	0.03041	0.04417	0.27353	0.01488	0.04376	0.01342	0.04879	0.00490	0.00409	0.00130	0.00453	0.00412	0.00288	0.02332
21	0.00590	0.00395	0.00450	0.00457	0.00459	0.00393	0.00258	0.00595	0.00611	0.00814	0.01365	0.08775	0.01582	0.79362	0.01974	0.00381	0.00386	0.00639	0.00258	0.00255
22	0.03778	0.04346	0.03234	0.01185	0.11650	0.50519	0.00839	0.06740	0.11471	0.01268	0.00805	0.00890	0.00645	0.00433	0.00377	0.00114	0.00612	0.00308	0.00248	0.00538
23	0.07880	0.01009	0.03305	0.05400	0.30883	0.06422	0.11389	0.04018	0.04319	0.15065	0.00924	0.01060	0.00696	0.00427	0.00458	0.00129	0.05370	0.00374	0.00272	0.00598

[dist]
# distance from previous block
# <min> <max>
0	5

[block]
# block no. 9 follows, 65 sequences, length 11
# corresponding to MSA columns:
# 422-432
name=unknown_J
#
# <colnr> <probs for GDERKNQSTAVLIFYWHMCP>
#	G	D	E	R	K	N	Q	S	T	A	V	L	I	F	Y	W	H	M	C	P
0	0.02935	0.00520	0.00589	0.00545	0.00616	0.00543	0.00366	0.09196	0.02607	0.03384	0.03424	0.02368	0.06014	0.55867	0.07504	0.00342	0.01991	0.00559	0.00286	0.00343
1	0.88473	0.00794	0.00603	0.00540	0.00794	0.00921	0.00445	0.01207	0.00699	0.01842	0.00572	0.00667	0.00445	0.00381	0.00254	0.00127	0.00318	0.00222	0.00254	0.00445
2	0.01560	0.01150	0.01232	0.00944	0.01273	0.01273	0.00780	0.81645	0.01930	0.02587	0.00986	0.00986	0.00698	0.00493	0.00411	0.00123	0.00452	0.00370	0.00411	0.00698
3	0.00497	0.00371	0.00463	0.00536	0.00586	0.00336	0.00365	0.00576	0.00820	0.01062	0.02693	0.66814	0.20928	0.01230	0.00515	0.00160	0.00231	0.01099	0.00381	0.00336
4	0.00586	0.00440	0.00660	0.00660	0.00733	0.00513	0.00513	0.00733	0.00660	0.00953	0.01100	0.01613	0.01026	0.03079	0.83947	0.00660	0.01100	0.00440	0.00220	0.00367
5	0.00597	0.00398	0.00448	0.00448	0.00448	0.00398	0.00249	0.00597	0.00597	0.00796	0.01293	0.02686	0.01492	0.85574	0.02089	0.00398	0.00398	0.00597	0.00249	0.00249
6	0.03409	0.02374	0.01189	0.02741	0.17303	0.08835	0.04260	0.08623	0.05677	0.25704	0.01109	0.01235	0.00835	0.04880	0.05695	0.00173	0.04649	0.00391	0.00328	0.00590
7	0.01143	0.20286	0.05912	0.01287	0.22398	0.17741	0.02333	0.02919	0.00982	0.07488	0.03820	0.01114	0.04028	0.00558	0.03980	0.00138	0.02733	0.00351	0.00241	0.00549
8	0.01047	0.72137	0.04285	0.04760	0.01186	0.01493	0.04197	0.01207	0.00854	0.01023	0.04142	0.00808	0.00676	0.00376	0.00293	0.00095	0.00449	0.00263	0.00189	0.00521
9	0.03311	0.00593	0.04229	0.00698	0.04684	0.00533	0.02046	0.05926	0.01030	0.05331	0.31984	0.11442	0.09816	0.03866	0.06912	0.00181	0.00345	0.00653	0.05989	0.00432
10	0.01071	0.12677	0.14438	0.04304	0.09599	0.04386	0.03395	0.13628	0.03660	0.05971	0.00921	0.05019	0.00766	0.02935	0.00424	0.00120	0.00455	0.00366	0.00267	0.15598

[dist]
# distance from previous block
# <min> <max>
6	22

[block]
# block no. 10 follows, 65 sequences, length 22
# corresponding to MSA columns:
# 457-478
name=unknown_K
#
# <colnr> <probs for GDERKNQSTAVLIFYWHMCP>
#	G	D	E	R	K	N	Q	S	T	A	V	L	I	F	Y	W	H	M	C	P
0	0.01047	0.12056	0.12779	0.01045	0.12860	0.02516	0.00819	0.12446	0.03942	0.10619	0.04221	0.14289	0.05359	0.00623	0.00431	0.00130	0.01912	0.02037	0.00315	0.00554
1	0.02692	0.04990	0.00571	0.00553	0.00613	0.00433	0.00386	0.00641	0.00797	0.01072	0.06091	0.57053	0.09800	0.08831	0.03328	0.00194	0.00288	0.00970	0.00353	0.00344
2	0.01065	0.14362	0.08012	0.06570	0.28543	0.00984	0.09286	0.03565	0.02695	0.11272	0.05191	0.03942	0.01813	0.00453	0.00401	0.00123	0.00466	0.00409	0.00264	0.00585
3	0.30661	0.18239	0.02899	0.00888	0.05737	0.24664	0.00699	0.08502	0.00983	0.01445	0.00641	0.00741	0.00522	0.00400	0.00328	0.00113	0.01537	0.00258	0.00235	0.00508
4	0.00790	0.00810	0.05247	0.76329	0.06886	0.00917	0.01164	0.01072	0.00829	0.01076	0.00732	0.01079	0.00551	0.00407	0.00409	0.00136	0.00547	0.00362	0.00183	0.00473
5	0.00701	0.00363	0.00537	0.00537	0.00541	0.00367	0.00359	0.00548	0.00544	0.00729	0.00761	0.01336	0.00767	0.05598	0.05849	0.79319	0.00397	0.00372	0.00184	0.00191
6	0.00830	0.00699	0.01108	0.32617	0.20660	0.00763	0.01923	0.01941	0.02604	0.03934	0.16497	0.01585	0.02479	0.02368	0.03369	0.00153	0.00448	0.00458	0.05075	0.00491
7	0.00501	0.00412	0.00441	0.00443	0.00567	0.00352	0.00329	0.00617	0.00960	0.01189	0.16338	0.09871	0.64506	0.01027	0.00488	0.00139	0.00208	0.00869	0.00392	0.00352
8	0.83788	0.00813	0.00637	0.00562	0.00820	0.00940	0.00463	0.05543	0.00765	0.01882	0.00594	0.00684	0.00458	0.00387	0.00262	0.00127	0.00325	0.00230	0.00262	0.00458
9	0.00882	0.00749	0.02414	0.00641	0.00980	0.00590	0.00524	0.05373	0.00901	0.03076	0.00839	0.00976	0.01741	0.00567	0.07469	0.00119	0.00385	0.00280	0.00256	0.71237
10	0.01315	0.00999	0.01075	0.00869	0.01146	0.01107	0.00702	0.53719	0.20451	0.02237	0.05469	0.04777	0.03102	0.00572	0.00423	0.00129	0.00394	0.00456	0.00412	0.00647
11	0.00760	0.00562	0.00722	0.00659	0.00807	0.00565	0.03098	0.01164	0.18706	0.05785	0.48525	0.02765	0.04309	0.00780	0.00475	0.00138	0.00266	0.09021	0.00430	0.00464
12	0.00834	0.05516	0.80151	0.01151	0.01747	0.00981	0.01484	0.01297	0.00865	0.01286	0.00730	0.00858	0.00520	0.00388	0.00385	0.00128	0.00600	0.00300	0.00173	0.00603
13	0.00872	0.00824	0.01318	0.62735	0.19087	0.02891	0.01143	0.04139	0.00894	0.01165	0.00746	0.01066	0.00573	0.00405	0.00409	0.00133	0.00536	0.00363	0.00196	0.00505
14	0.03915	0.00713	0.00869	0.02331	0.00960	0.01730	0.04765	0.17816	0.02193	0.14098	0.15775	0.01570	0.02269	0.00535	0.00399	0.00116	0.01447	0.00442	0.20869	0.07189
15	0.00579	0.00403	0.00508	0.00523	0.00546	0.00418	0.00340	0.00629	0.00644	0.00877	0.01396	0.15541	0.01564	0.50411	0.23432	0.00430	0.00558	0.00646	0.00262	0.00293
16	0.00844	0.00504	0.00657	0.00612	0.00682	0.00530	0.00437	0.10004	0.06284	0.03601	0.00937	0.02618	0.00874	0.07992	0.08083	0.53957	0.00427	0.00405	0.00243	0.00309
17	0.00875	0.00842	0.01376	0.54965	0.29739	0.02961	0.01172	0.01134	0.00867	0.01146	0.00742	0.01059	0.00581	0.00396	0.00408	0.00131	0.00532	0.00363	0.00190	0.00522
18	0.09670	0.07078	0.01425	0.05733	0.20293	0.30890	0.09250	0.04727	0.01014	0.01261	0.00712	0.01875	0.00593	0.00415	0.00411	0.00119	0.03457	0.00327	0.00219	0.00530
19	0.11898	0.00944	0.01518	0.05328	0.69789	0.00966	0.01154	0.01245	0.00901	0.01393	0.00746	0.00975	0.00621	0.00369	0.00388	0.00123	0.00469	0.00348	0.00209	0.00617
20	0.03875	0.08364	0.09995	0.03633	0.12472	0.13781	0.01727	0.22194	0.05581	0.03269	0.02390	0.06022	0.00828	0.00492	0.00408	0.00122	0.01937	0.00388	0.00287	0.02235
21	0.05455	0.07759	0.01122	0.00998	0.11841	0.00819	0.04737	0.06564	0.01758	0.18571	0.03309	0.13874	0.01163	0.06478	0.02647	0.00163	0.08152	0.00506	0.00320	0.03763

[dist]
# distance from previous block
# <min> <max>
3	9

