[name]
unknown

[dist]
# distance from previous block
# <min> <max>
0	73

[block]
# block no. 0 follows, 74 sequences, length 23
# corresponding to MSA columns:
# 79-101
name=unknown_A
#
# <colnr> <probs for GDERKNQSTAVLIFYWHMCP>
#	G	D	E	R	K	N	Q	S	T	A	V	L	I	F	Y	W	H	M	C	P
0	0.00878	0.00903	0.01721	0.06564	0.41812	0.00900	0.33862	0.01130	0.00841	0.01174	0.00740	0.01031	0.00607	0.00355	0.00432	0.00120	0.03836	0.02376	0.00187	0.00530
1	0.00680	0.00573	0.00672	0.00676	0.04870	0.03717	0.01633	0.02779	0.19793	0.01312	0.28872	0.17666	0.09058	0.02280	0.00465	0.00130	0.02328	0.00636	0.01447	0.00414
2	0.00940	0.00494	0.00631	0.00539	0.00709	0.00449	0.00424	0.03432	0.03031	0.30096	0.40605	0.02277	0.13504	0.00666	0.00412	0.00117	0.00235	0.00569	0.00416	0.00456
3	0.00472	0.00349	0.00441	0.00479	0.00537	0.00318	0.00336	0.00575	0.00835	0.01119	0.27134	0.47856	0.16174	0.01005	0.00457	0.00136	0.00199	0.00895	0.00364	0.00318
4	0.00455	0.00374	0.00400	0.00398	0.00512	0.00319	0.00297	0.00561	0.00876	0.01086	0.17870	0.07183	0.66547	0.00918	0.00440	0.00125	0.00187	0.00776	0.00356	0.00319
5	0.01044	0.00736	0.00821	0.00691	0.00905	0.00789	0.00549	0.24294	0.29316	0.12278	0.15078	0.03061	0.07662	0.00568	0.00391	0.00119	0.00300	0.00469	0.00388	0.00541
6	0.89577	0.00718	0.00546	0.00488	0.00718	0.00833	0.00402	0.01091	0.00632	0.01665	0.00517	0.00603	0.00402	0.00345	0.00230	0.00115	0.00287	0.00201	0.00230	0.00402
7	0.58521	0.00697	0.00663	0.00553	0.00804	0.00745	0.00456	0.03208	0.00799	0.29177	0.00838	0.00828	0.00578	0.00385	0.00280	0.00115	0.00299	0.00261	0.00309	0.00483
8	0.01411	0.01040	0.01114	0.00854	0.01151	0.01151	0.00706	0.83402	0.01745	0.02339	0.00891	0.00891	0.00631	0.00446	0.00371	0.00111	0.00408	0.00334	0.00371	0.00631
9	0.00876	0.01001	0.02190	0.01564	0.01940	0.00939	0.83292	0.01189	0.00876	0.01189	0.00751	0.01001	0.00563	0.00313	0.00438	0.00125	0.00626	0.00438	0.00188	0.00501
10	0.89577	0.00718	0.00546	0.00488	0.00718	0.00833	0.00402	0.01091	0.00632	0.01665	0.00517	0.00603	0.00402	0.00345	0.00230	0.00115	0.00287	0.00201	0.00230	0.00402
11	0.00493	0.00346	0.00445	0.00496	0.00547	0.00317	0.00343	0.00579	0.00787	0.03164	0.14795	0.61912	0.12285	0.01057	0.00462	0.00142	0.00209	0.00947	0.00357	0.00319
12	0.89577	0.00718	0.00546	0.00488	0.00718	0.00833	0.00402	0.01091	0.00632	0.01665	0.00517	0.00603	0.00402	0.00345	0.00230	0.00115	0.00287	0.00201	0.00230	0.00402
13	0.01082	0.00669	0.04029	0.07371	0.19199	0.00607	0.00689	0.02385	0.01983	0.33571	0.06653	0.14868	0.01218	0.02272	0.00420	0.00125	0.00340	0.00488	0.01512	0.00519
14	0.01026	0.17021	0.36285	0.00963	0.01374	0.03407	0.11259	0.09910	0.00939	0.13229	0.00785	0.00853	0.00564	0.00367	0.00347	0.00110	0.00486	0.00300	0.00228	0.00547
15	0.00491	0.00351	0.00421	0.00456	0.00488	0.00335	0.00296	0.00539	0.00662	0.00865	0.01919	0.35504	0.14396	0.36026	0.03411	0.00245	0.00295	0.02737	0.00292	0.00274
16	0.12437	0.00642	0.00823	0.00639	0.00919	0.00581	0.00528	0.01721	0.01010	0.74699	0.01348	0.01182	0.00856	0.00445	0.00356	0.00115	0.00312	0.00352	0.00431	0.00604
17	0.00822	0.02574	0.07935	0.17970	0.34243	0.00798	0.05447	0.02259	0.03703	0.03895	0.00946	0.11482	0.01765	0.02019	0.00430	0.00125	0.02442	0.00431	0.00218	0.00497
18	0.00848	0.00812	0.03376	0.16318	0.37742	0.02470	0.12151	0.01082	0.02431	0.04779	0.00887	0.09005	0.00781	0.00557	0.05001	0.00145	0.00483	0.00417	0.00212	0.00503
19	0.00543	0.00392	0.00528	0.00555	0.00592	0.00419	0.00399	0.00627	0.00675	0.02369	0.03654	0.42552	0.01770	0.11657	0.19084	0.00269	0.07175	0.02519	0.03904	0.00317
20	0.00539	0.00401	0.00552	0.00544	0.00597	0.00442	0.00403	0.00640	0.00665	0.00934	0.13302	0.05577	0.05444	0.17615	0.44357	0.02300	0.04624	0.00506	0.00245	0.00312
21	0.03068	0.02920	0.17865	0.03885	0.08697	0.07174	0.16373	0.07812	0.04102	0.05167	0.00913	0.09682	0.00797	0.00485	0.00455	0.00124	0.07555	0.02197	0.00233	0.00495
22	0.02245	0.06246	0.21237	0.09878	0.30107	0.07735	0.09765	0.01184	0.02449	0.03300	0.00725	0.02181	0.00578	0.00361	0.00361	0.00113	0.00495	0.00325	0.00189	0.00527

[dist]
# distance from previous block
# <min> <max>
3	12

[block]
# block no. 1 follows, 74 sequences, length 23
# corresponding to MSA columns:
# 114-136
name=unknown_B
#
# <colnr> <probs for GDERKNQSTAVLIFYWHMCP>
#	G	D	E	R	K	N	Q	S	T	A	V	L	I	F	Y	W	H	M	C	P
0	0.00528	0.00397	0.00484	0.00465	0.00563	0.00370	0.00347	0.00726	0.05345	0.01362	0.57926	0.07697	0.19330	0.00799	0.00434	0.00120	0.00186	0.00697	0.01871	0.00353
1	0.00495	0.00399	0.00448	0.00436	0.00550	0.00363	0.00328	0.00666	0.05298	0.01175	0.28477	0.04805	0.49984	0.00939	0.03853	0.00142	0.00223	0.00719	0.00360	0.00340
2	0.00457	0.00359	0.00414	0.00437	0.00522	0.00315	0.00314	0.00555	0.00835	0.01064	0.16390	0.30908	0.44142	0.00984	0.00450	0.00132	0.00195	0.00855	0.00355	0.00315
3	0.00539	0.00395	0.00499	0.00474	0.00566	0.00367	0.00354	0.03164	0.01027	0.01429	0.68305	0.09188	0.10703	0.00797	0.00439	0.00120	0.00186	0.00701	0.00397	0.00352
4	0.01528	0.00853	0.00998	0.00765	0.01058	0.00874	0.00632	0.46007	0.01432	0.40176	0.01154	0.01062	0.00763	0.00452	0.00372	0.00113	0.00366	0.00352	0.00412	0.00631
5	0.00701	0.00660	0.01113	0.86063	0.02556	0.00825	0.01031	0.00948	0.00742	0.00948	0.00660	0.00990	0.00495	0.00371	0.00371	0.00124	0.00495	0.00330	0.00165	0.00412
6	0.03058	0.00954	0.00980	0.03889	0.01112	0.05914	0.00660	0.38851	0.35677	0.03243	0.01123	0.01086	0.00825	0.00461	0.00369	0.00117	0.00375	0.00362	0.00355	0.00589
7	0.00852	0.03653	0.42651	0.07770	0.08363	0.00794	0.07754	0.01183	0.02298	0.10362	0.08653	0.02330	0.00864	0.00412	0.00372	0.00117	0.00468	0.00357	0.00226	0.00523
8	0.02497	0.06143	0.09937	0.00976	0.08256	0.04080	0.06087	0.30189	0.08480	0.15680	0.02192	0.00992	0.00722	0.00416	0.00363	0.00112	0.00416	0.00338	0.00314	0.01812
9	0.00906	0.00871	0.01401	0.06441	0.71207	0.03474	0.01064	0.02874	0.00861	0.01200	0.00811	0.03961	0.02511	0.00379	0.00372	0.00112	0.00437	0.00363	0.00196	0.00559
10	0.00452	0.00323	0.00431	0.00517	0.00538	0.00301	0.00345	0.00517	0.00711	0.00948	0.02046	0.86713	0.02455	0.01163	0.00474	0.00151	0.00215	0.01055	0.00345	0.00301
11	0.00819	0.02939	0.10672	0.07113	0.21670	0.00804	0.19452	0.05531	0.04513	0.02348	0.03688	0.07751	0.08756	0.00486	0.00409	0.00121	0.01739	0.00458	0.00236	0.00494
12	0.01025	0.06024	0.08176	0.06180	0.12096	0.13994	0.23878	0.02569	0.06648	0.09275	0.00827	0.01995	0.00637	0.00386	0.00406	0.00115	0.03637	0.00354	0.01267	0.00511
13	0.01190	0.00709	0.01132	0.00924	0.05217	0.00667	0.19113	0.04658	0.07216	0.38154	0.11395	0.04273	0.01196	0.00483	0.00397	0.00119	0.00371	0.00447	0.01794	0.00547
14	0.03062	0.00466	0.00549	0.00491	0.00633	0.00441	0.00380	0.04831	0.04049	0.13142	0.37468	0.02380	0.19634	0.00684	0.00399	0.00115	0.00216	0.00580	0.10074	0.00405
15	0.00961	0.05211	0.23975	0.07977	0.14365	0.09100	0.08989	0.05935	0.04749	0.07617	0.00840	0.03508	0.00655	0.00396	0.00361	0.00113	0.00477	0.00341	0.03909	0.00521
16	0.02029	0.17194	0.27689	0.13219	0.07266	0.05963	0.05682	0.04608	0.06451	0.05419	0.00744	0.00861	0.00562	0.00366	0.00341	0.00110	0.00479	0.00296	0.00204	0.00517
17	0.00490	0.00401	0.00427	0.00421	0.00540	0.00359	0.00319	0.00604	0.02280	0.02491	0.05139	0.06991	0.70737	0.00914	0.00463	0.00128	0.03122	0.02203	0.01643	0.00328
18	0.05751	0.00981	0.19620	0.05235	0.08295	0.00786	0.04452	0.09068	0.18502	0.03919	0.06624	0.04185	0.06398	0.00489	0.00371	0.00119	0.00377	0.00413	0.03907	0.00509
19	0.20813	0.07611	0.05635	0.02005	0.20291	0.06271	0.06478	0.12139	0.01960	0.02434	0.03397	0.03972	0.02191	0.00439	0.01404	0.00117	0.00413	0.00336	0.00238	0.01857
20	0.08645	0.09839	0.11005	0.01719	0.08704	0.03719	0.05070	0.06422	0.04479	0.02521	0.07906	0.07997	0.04681	0.08198	0.02571	0.00149	0.00391	0.03313	0.02229	0.00441
21	0.04816	0.02033	0.08119	0.18178	0.09501	0.02855	0.03692	0.05778	0.03010	0.14568	0.03064	0.03560	0.02405	0.00503	0.02576	0.00128	0.07214	0.00361	0.00254	0.07384
22	0.12136	0.04757	0.03999	0.09518	0.07288	0.02011	0.04641	0.05484	0.07410	0.01296	0.13765	0.08830	0.04028	0.02898	0.00433	0.00122	0.03195	0.00444	0.00269	0.07476

[dist]
# distance from previous block
# <min> <max>
1	64

[block]
# block no. 2 follows, 74 sequences, length 24
# corresponding to MSA columns:
# 201-224
name=unknown_C
#
# <colnr> <probs for GDERKNQSTAVLIFYWHMCP>
#	G	D	E	R	K	N	Q	S	T	A	V	L	I	F	Y	W	H	M	C	P
0	0.10032	0.12758	0.10841	0.01904	0.10880	0.10530	0.03673	0.09267	0.15010	0.05589	0.02433	0.00953	0.00707	0.01355	0.00362	0.00113	0.01376	0.00313	0.01385	0.00519
1	0.02917	0.02729	0.02165	0.02272	0.03492	0.12601	0.23209	0.09225	0.09480	0.14418	0.05172	0.01081	0.00818	0.00405	0.00383	0.00111	0.01281	0.00367	0.01360	0.06515
2	0.00791	0.00784	0.06271	0.26083	0.16020	0.02196	0.02581	0.06445	0.11289	0.01188	0.03260	0.03515	0.06482	0.05317	0.02901	0.00147	0.02217	0.00411	0.01637	0.00465
3	0.00548	0.00385	0.00458	0.00467	0.00561	0.00348	0.00339	0.00680	0.03251	0.05754	0.19233	0.30554	0.32417	0.00927	0.00441	0.00131	0.00204	0.00808	0.02150	0.00343
4	0.00844	0.03725	0.07283	0.02655	0.03331	0.02407	0.02717	0.19488	0.04853	0.03698	0.06783	0.13044	0.03052	0.06694	0.13692	0.02221	0.00462	0.02319	0.00288	0.00443
5	0.00587	0.00414	0.00593	0.00581	0.00653	0.00470	0.00445	0.02543	0.00634	0.03316	0.01026	0.01529	0.00961	0.10452	0.71646	0.00540	0.00886	0.00408	0.01979	0.00337
6	0.00701	0.00505	0.00687	0.02697	0.02604	0.00544	0.01749	0.03119	0.00790	0.09076	0.10696	0.06944	0.15865	0.07063	0.20490	0.00256	0.11354	0.03118	0.01366	0.00379
7	0.01098	0.01749	0.00852	0.02755	0.00945	0.00661	0.02035	0.18206	0.04902	0.22865	0.14544	0.01309	0.01182	0.00457	0.00355	0.00100	0.00306	0.00377	0.04452	0.20848
8	0.03132	0.00471	0.00548	0.00474	0.00632	0.00451	0.00375	0.03494	0.00901	0.26829	0.04988	0.01460	0.04577	0.00478	0.00325	0.00100	0.01357	0.00383	0.48583	0.00442
9	0.01015	0.82243	0.01893	0.00654	0.00964	0.06323	0.00640	0.01133	0.00771	0.00875	0.00519	0.00600	0.00476	0.00321	0.00244	0.00080	0.00413	0.00201	0.00161	0.00474
10	0.00582	0.00380	0.00487	0.00506	0.00582	0.00350	0.00362	0.00707	0.02678	0.08149	0.23871	0.46767	0.11246	0.00959	0.00450	0.00136	0.00212	0.00854	0.00372	0.00350
11	0.05529	0.00918	0.01002	0.00783	0.01062	0.00996	0.00643	0.57149	0.08430	0.15621	0.01028	0.00993	0.00718	0.00448	0.00362	0.00113	0.00371	0.00342	0.02883	0.00609
12	0.01007	0.26630	0.06857	0.00958	0.12960	0.18379	0.01571	0.07422	0.00944	0.03023	0.08835	0.04170	0.03229	0.00441	0.00333	0.00101	0.00433	0.00343	0.01887	0.00478
13	0.01958	0.00500	0.02545	0.00618	0.00747	0.00509	0.00500	0.02151	0.00706	0.12930	0.02999	0.01377	0.00938	0.02105	0.60825	0.00454	0.02000	0.00383	0.00244	0.05511
14	0.04734	0.26261	0.26875	0.00917	0.07427	0.04753	0.00880	0.10125	0.02233	0.08373	0.03633	0.00858	0.00650	0.00377	0.00322	0.00104	0.00439	0.00283	0.00225	0.00529
15	0.04983	0.18624	0.14171	0.00962	0.04185	0.05654	0.14760	0.13829	0.00996	0.15423	0.00835	0.02537	0.00628	0.00387	0.00347	0.00109	0.00455	0.00324	0.00256	0.00536
16	0.00741	0.00442	0.00522	0.00474	0.00591	0.00432	0.00361	0.05354	0.04258	0.08614	0.39255	0.02026	0.02121	0.04248	0.00430	0.00117	0.00212	0.00507	0.28903	0.00392
17	0.04560	0.03366	0.36586	0.02444	0.01265	0.01801	0.06744	0.06650	0.03779	0.11264	0.12495	0.02182	0.02884	0.00457	0.00385	0.00118	0.01869	0.00378	0.00262	0.00512
18	0.08022	0.05353	0.08417	0.16315	0.10982	0.14229	0.08314	0.05011	0.05744	0.05477	0.02411	0.02846	0.00686	0.01993	0.00395	0.00119	0.01776	0.00338	0.01092	0.00481
19	0.00540	0.00397	0.00499	0.00548	0.00608	0.02361	0.00406	0.00652	0.00830	0.02601	0.19920	0.46891	0.04521	0.01012	0.00468	0.00145	0.00243	0.16674	0.00356	0.00329
20	0.00588	0.00384	0.00515	0.04792	0.00605	0.00394	0.01290	0.00590	0.00596	0.02186	0.03789	0.09816	0.04533	0.37631	0.06378	0.23265	0.01648	0.00519	0.00228	0.00251
21	0.05946	0.08775	0.19641	0.04977	0.13564	0.08099	0.07642	0.08100	0.03062	0.07769	0.01552	0.00888	0.00602	0.00373	0.00357	0.00109	0.01766	0.00305	0.02177	0.04297
22	0.00791	0.01892	0.13394	0.02063	0.06258	0.02129	0.08196	0.08490	0.13113	0.02630	0.05820	0.13557	0.06874	0.06665	0.01369	0.01626	0.01782	0.00508	0.00279	0.02564
23	0.00488	0.00422	0.03717	0.00520	0.00598	0.00357	0.00390	0.00621	0.04060	0.01021	0.05753	0.54627	0.20792	0.01033	0.00457	0.00142	0.00229	0.04102	0.00341	0.00329

[dist]
# distance from previous block
# <min> <max>
0	5

[block]
# block no. 3 follows, 74 sequences, length 47
# corresponding to MSA columns:
# 230-276
name=unknown_D
#
# <colnr> <probs for GDERKNQSTAVLIFYWHMCP>
#	G	D	E	R	K	N	Q	S	T	A	V	L	I	F	Y	W	H	M	C	P
0	0.03204	0.00618	0.04886	0.08456	0.06047	0.01363	0.06935	0.03799	0.00814	0.05792	0.03446	0.28047	0.09266	0.05484	0.01887	0.00148	0.00347	0.03875	0.00286	0.05300
1	0.00873	0.20321	0.03964	0.00755	0.06006	0.01594	0.03156	0.08914	0.08739	0.05894	0.09838	0.11375	0.07954	0.00549	0.00358	0.00107	0.00329	0.00459	0.00287	0.08524
2	0.00743	0.00615	0.00722	0.00535	0.00828	0.00471	0.00424	0.00902	0.00800	0.02735	0.07517	0.02658	0.05460	0.00370	0.00302	0.00067	0.00262	0.00305	0.00248	0.74037
3	0.00981	0.49245	0.01558	0.00744	0.01029	0.01240	0.05929	0.05042	0.28347	0.01183	0.00877	0.00896	0.00706	0.00384	0.00303	0.00099	0.00378	0.00293	0.00242	0.00522
4	0.00657	0.03506	0.01085	0.03930	0.02662	0.02391	0.26357	0.00829	0.00829	0.01069	0.09988	0.03098	0.27215	0.09848	0.04026	0.00167	0.00409	0.01287	0.00264	0.00384
5	0.00543	0.00406	0.00487	0.00476	0.00572	0.00383	0.00350	0.00745	0.07477	0.02487	0.42572	0.14747	0.22194	0.04278	0.00495	0.00134	0.00203	0.00723	0.00375	0.00352
6	0.00513	0.00370	0.00466	0.00504	0.01320	0.00364	0.00346	0.00585	0.00684	0.00905	0.04583	0.23912	0.12311	0.30666	0.11431	0.00275	0.00372	0.09816	0.00286	0.00289
7	0.00796	0.00487	0.00531	0.00495	0.00608	0.02551	0.01299	0.10508	0.00891	0.06236	0.01364	0.14588	0.02719	0.07181	0.00452	0.00126	0.00253	0.03243	0.45287	0.00383
8	0.00726	0.00380	0.00393	0.00382	0.00481	0.00384	0.00289	0.00947	0.05389	0.03752	0.04153	0.01429	0.01050	0.00449	0.00275	0.00091	0.00184	0.00362	0.78518	0.00368
9	0.01616	0.00621	0.00846	0.00652	0.00931	0.00537	0.00537	0.01761	0.01062	0.81299	0.05044	0.01328	0.01030	0.00472	0.00376	0.00115	0.00310	0.00386	0.00457	0.00620
10	0.89577	0.00718	0.00546	0.00488	0.00718	0.00833	0.00402	0.01091	0.00632	0.01665	0.00517	0.00603	0.00402	0.00345	0.00230	0.00115	0.00287	0.00201	0.00230	0.00402
11	0.41952	0.00785	0.00762	0.00629	0.00871	0.00867	0.00514	0.28947	0.01888	0.09290	0.03568	0.01976	0.03465	0.00493	0.02408	0.00126	0.00340	0.00313	0.00310	0.00494
12	0.01476	0.00886	0.01013	0.00782	0.01071	0.00930	0.00644	0.51071	0.05526	0.30988	0.01121	0.01045	0.00756	0.00453	0.00372	0.00113	0.00371	0.00352	0.00402	0.00629
13	0.00708	0.03061	0.03893	0.05456	0.04159	0.00644	0.00549	0.08345	0.09859	0.02114	0.21952	0.02090	0.21399	0.02166	0.05117	0.00152	0.07067	0.00533	0.00314	0.00420
14	0.00758	0.00635	0.00738	0.00544	0.00845	0.00496	0.00432	0.00957	0.03895	0.01245	0.05342	0.00931	0.00752	0.00317	0.00287	0.00062	0.00266	0.00258	0.04173	0.77064
15	0.26678	0.02394	0.03895	0.04564	0.48432	0.00869	0.03636	0.01137	0.00782	0.03388	0.00661	0.00831	0.00532	0.00339	0.00327	0.00112	0.00404	0.00293	0.00202	0.00523
16	0.00485	0.00352	0.00478	0.00577	0.03338	0.00337	0.00377	0.00557	0.00705	0.00943	0.01891	0.69865	0.02238	0.08568	0.03013	0.00181	0.00264	0.05199	0.00325	0.00307
17	0.00525	0.00359	0.00404	0.00410	0.00422	0.00352	0.00238	0.00538	0.00578	0.00760	0.01452	0.08239	0.08587	0.73730	0.01668	0.00325	0.00335	0.00596	0.00243	0.00238
18	0.04344	0.00683	0.02069	0.05741	0.20155	0.04228	0.03720	0.03829	0.03192	0.10000	0.05629	0.22576	0.08316	0.00636	0.00397	0.00122	0.00342	0.00564	0.00292	0.03166
19	0.03071	0.65497	0.12554	0.00800	0.06202	0.04609	0.00759	0.01135	0.00772	0.00953	0.00549	0.00643	0.00481	0.00326	0.00264	0.00088	0.00427	0.00218	0.00163	0.00489
20	0.00516	0.00399	0.00556	0.00582	0.00636	0.00397	0.04050	0.00634	0.03387	0.00981	0.01911	0.59199	0.07122	0.04348	0.05237	0.00180	0.03304	0.04092	0.02145	0.00325
21	0.01054	0.03098	0.03384	0.00934	0.09467	0.00978	0.00694	0.26015	0.42987	0.01706	0.01173	0.02070	0.00889	0.00460	0.00368	0.00117	0.00351	0.00376	0.00339	0.03540
22	0.21478	0.00777	0.07537	0.01706	0.03302	0.00686	0.03089	0.09251	0.03585	0.15150	0.01198	0.07932	0.08174	0.00485	0.00339	0.00110	0.00326	0.00390	0.00295	0.14191
23	0.01032	0.03349	0.21395	0.07282	0.15971	0.04702	0.07385	0.10760	0.03691	0.13595	0.02400	0.00977	0.00669	0.00423	0.01259	0.00121	0.03861	0.00334	0.00248	0.00546
24	0.00856	0.24164	0.41956	0.00989	0.04135	0.01001	0.09754	0.01980	0.02926	0.03482	0.03380	0.00884	0.00630	0.01901	0.00363	0.00112	0.00483	0.00298	0.00187	0.00518
25	0.00452	0.00333	0.00421	0.00490	0.00529	0.00305	0.00331	0.00520	0.00730	0.00952	0.02322	0.70391	0.16598	0.03121	0.00501	0.00151	0.00214	0.00996	0.00342	0.00302
26	0.01090	0.10718	0.24346	0.01039	0.07056	0.07604	0.12372	0.07518	0.02308	0.18592	0.02388	0.01817	0.00684	0.00391	0.00360	0.00112	0.00472	0.00332	0.00255	0.00545
27	0.04782	0.04083	0.04012	0.04172	0.05130	0.06595	0.19977	0.14864	0.03001	0.10486	0.02841	0.09788	0.03768	0.00515	0.00393	0.00121	0.00433	0.04258	0.00284	0.00495
28	0.81348	0.00750	0.00588	0.00518	0.00751	0.02862	0.00425	0.03768	0.00694	0.04780	0.00566	0.00639	0.00430	0.00353	0.00242	0.00114	0.00301	0.00213	0.00242	0.00419
29	0.00496	0.00382	0.00452	0.00449	0.00549	0.00342	0.00343	0.00628	0.00919	0.01206	0.37091	0.04200	0.37898	0.04091	0.00501	0.00136	0.00206	0.09417	0.00367	0.00328
30	0.01077	0.27288	0.04090	0.05684	0.10612	0.15613	0.08537	0.10919	0.07355	0.03479	0.00727	0.00826	0.00579	0.00370	0.00339	0.00103	0.01377	0.00291	0.00220	0.00512
31	0.00685	0.00560	0.00618	0.00597	0.00739	0.02298	0.00477	0.05870	0.21487	0.01306	0.13360	0.03684	0.25717	0.00790	0.00436	0.00134	0.00273	0.20194	0.00359	0.00414
32	0.01323	0.04299	0.01044	0.00916	0.01107	0.78128	0.00692	0.01422	0.01036	0.00924	0.02685	0.00811	0.03246	0.00407	0.00338	0.00097	0.00634	0.00266	0.00200	0.00426
33	0.00531	0.00397	0.00591	0.00591	0.00656	0.00461	0.00457	0.00659	0.00595	0.00858	0.00999	0.01485	0.00940	0.05149	0.83135	0.00590	0.00976	0.00402	0.00200	0.00328
34	0.03646	0.02883	0.00931	0.02454	0.20413	0.14262	0.00677	0.09097	0.02585	0.02024	0.01199	0.21777	0.01229	0.02889	0.01377	0.00136	0.00399	0.09692	0.01887	0.00443
35	0.01022	0.00838	0.00886	0.00766	0.00992	0.00958	0.00605	0.19367	0.64329	0.01717	0.01371	0.01279	0.01021	0.00489	0.00373	0.00122	0.00315	0.00400	0.02559	0.00591
36	0.01419	0.00637	0.00806	0.00641	0.00890	0.00599	0.00522	0.08731	0.08150	0.57466	0.04831	0.01318	0.01023	0.00471	0.00363	0.00112	0.00300	0.00383	0.10755	0.00583
37	0.00564	0.00369	0.00483	0.00520	0.00583	0.00343	0.00369	0.00670	0.01702	0.07214	0.15660	0.55620	0.07690	0.01065	0.02847	0.00154	0.00241	0.03207	0.00360	0.00340
38	0.00871	0.00931	0.00752	0.00708	0.00806	0.32954	0.00524	0.00959	0.00757	0.00851	0.00850	0.01338	0.00828	0.19757	0.31671	0.00337	0.04193	0.00364	0.00200	0.00349
39	0.00523	0.00380	0.00463	0.00478	0.00533	0.00362	0.00324	0.00638	0.04019	0.01039	0.19831	0.31906	0.07378	0.25402	0.00857	0.00198	0.00253	0.02078	0.00322	0.03018
40	0.02620	0.00708	0.00823	0.00665	0.00895	0.00721	0.00537	0.28740	0.07081	0.26574	0.15893	0.02471	0.07037	0.00548	0.00384	0.00115	0.00306	0.00447	0.02891	0.00542
41	0.00819	0.00824	0.01205	0.01051	0.03959	0.01118	0.05168	0.00917	0.00594	0.00920	0.00509	0.00826	0.00495	0.00621	0.01147	0.00159	0.78755	0.00331	0.00164	0.00417
42	0.03905	0.00646	0.00841	0.00760	0.06513	0.01847	0.03331	0.04690	0.10604	0.35303	0.18599	0.01577	0.03185	0.01543	0.00408	0.00119	0.01274	0.00440	0.03889	0.00525
43	0.25534	0.00602	0.00670	0.00571	0.00783	0.00597	0.00460	0.05769	0.00926	0.33188	0.08724	0.08387	0.08455	0.00571	0.00358	0.00121	0.00282	0.03159	0.00364	0.00480
44	0.00685	0.00442	0.00568	0.02355	0.00669	0.00443	0.00408	0.03956	0.03926	0.10474	0.14071	0.37823	0.03218	0.12610	0.03051	0.00180	0.02937	0.01479	0.00340	0.00366
45	0.00871	0.02647	0.01357	0.20820	0.43281	0.02158	0.07509	0.03991	0.03956	0.01188	0.00764	0.02982	0.00632	0.00369	0.00368	0.00112	0.00446	0.00351	0.01781	0.04416
46	0.00954	0.00794	0.01052	0.09639	0.10870	0.09206	0.06771	0.02900	0.03173	0.13967	0.03744	0.12399	0.01830	0.02450	0.00592	0.00135	0.17551	0.01249	0.00263	0.00461

[dist]
# distance from previous block
# <min> <max>
0	35

[block]
# block no. 4 follows, 74 sequences, length 41
# corresponding to MSA columns:
# 312-352
name=unknown_E
#
# <colnr> <probs for GDERKNQSTAVLIFYWHMCP>
#	G	D	E	R	K	N	Q	S	T	A	V	L	I	F	Y	W	H	M	C	P
0	0.04952	0.04993	0.04231	0.06121	0.22234	0.06181	0.05338	0.06914	0.04424	0.01221	0.00796	0.05306	0.00692	0.00577	0.06542	0.00142	0.04266	0.00345	0.00219	0.14506
1	0.02286	0.02292	0.10397	0.09156	0.21225	0.02340	0.03860	0.08206	0.00890	0.06299	0.03227	0.04455	0.00773	0.00457	0.01551	0.00117	0.04969	0.01209	0.05503	0.10791
2	0.00816	0.00686	0.01058	0.50641	0.09097	0.02022	0.03581	0.04585	0.01733	0.05188	0.00815	0.01054	0.01383	0.00391	0.00375	0.00116	0.02232	0.00338	0.10908	0.02981
3	0.00820	0.00811	0.01108	0.00950	0.00979	0.03061	0.02626	0.02481	0.03035	0.00944	0.00572	0.00881	0.00544	0.00792	0.07620	0.00191	0.71663	0.00334	0.00177	0.00413
4	0.00461	0.00347	0.00426	0.00469	0.00531	0.00313	0.00328	0.00552	0.00806	0.01055	0.16457	0.49137	0.25707	0.01032	0.00458	0.00138	0.00201	0.00914	0.00355	0.00313
5	0.00559	0.00394	0.00478	0.00465	0.00571	0.00355	0.00351	0.00707	0.02216	0.05723	0.40195	0.11459	0.30262	0.00851	0.00440	0.00125	0.00199	0.03918	0.00380	0.00351
6	0.00493	0.00351	0.00428	0.00460	0.00491	0.00340	0.00299	0.00543	0.00655	0.00864	0.03022	0.34403	0.12208	0.35436	0.08087	0.00267	0.00334	0.00756	0.00286	0.00276
7	0.00550	0.00358	0.00400	0.00402	0.00420	0.00354	0.00238	0.00579	0.00596	0.00832	0.03186	0.05178	0.04665	0.68882	0.01566	0.00307	0.00323	0.00547	0.10367	0.00248
8	0.03024	0.01025	0.01098	0.00843	0.01139	0.01132	0.00697	0.80130	0.01710	0.04120	0.00897	0.00894	0.00633	0.00444	0.00369	0.00112	0.00404	0.00333	0.00371	0.00627
9	0.01411	0.01040	0.01114	0.00854	0.01151	0.01151	0.00706	0.83402	0.01745	0.02339	0.00891	0.00891	0.00631	0.00446	0.00371	0.00111	0.00408	0.00334	0.00371	0.00631
10	0.00794	0.00752	0.13844	0.00642	0.00855	0.00585	0.00585	0.10156	0.08158	0.09185	0.44520	0.02024	0.05129	0.00618	0.00406	0.00117	0.00283	0.00527	0.00365	0.00457
11	0.00698	0.00472	0.00578	0.00545	0.00665	0.00465	0.00409	0.01006	0.16346	0.10036	0.39535	0.18611	0.07614	0.00770	0.00427	0.00125	0.00220	0.00675	0.00392	0.00412
12	0.08305	0.00724	0.00891	0.00692	0.00970	0.00703	0.00571	0.17591	0.02954	0.59254	0.01265	0.01136	0.00821	0.00452	0.00376	0.00115	0.01800	0.00353	0.00418	0.00609
13	0.00628	0.00431	0.00489	0.00464	0.00509	0.00437	0.00296	0.07688	0.02462	0.02020	0.08401	0.06627	0.03462	0.62862	0.01478	0.00294	0.00335	0.00561	0.00268	0.00289
14	0.00535	0.00377	0.00494	0.00494	0.00525	0.00408	0.00336	0.00597	0.00566	0.00786	0.01088	0.01978	0.01154	0.47872	0.40705	0.00470	0.00654	0.00474	0.00213	0.00274
15	0.03244	0.00711	0.00812	0.00594	0.00914	0.00597	0.00479	0.11445	0.02430	0.04127	0.00727	0.00808	0.00579	0.00309	0.00291	0.00067	0.00294	0.00243	0.00250	0.71079
16	0.00532	0.00356	0.00407	0.00415	0.00417	0.00354	0.00236	0.00538	0.00556	0.00741	0.01252	0.10340	0.01453	0.78902	0.01756	0.00340	0.00346	0.00588	0.00236	0.00232
17	0.00478	0.00386	0.00410	0.00408	0.00528	0.00335	0.00305	0.00594	0.02295	0.02575	0.07962	0.07828	0.69872	0.00986	0.03239	0.00142	0.00220	0.00765	0.00346	0.00326
18	0.89577	0.00718	0.00546	0.00488	0.00718	0.00833	0.00402	0.01091	0.00632	0.01665	0.00517	0.00603	0.00402	0.00345	0.00230	0.00115	0.00287	0.00201	0.00230	0.00402
19	0.00530	0.00398	0.00597	0.00597	0.00663	0.00464	0.00464	0.00663	0.00597	0.00862	0.00994	0.01458	0.00928	0.02784	0.85484	0.00597	0.00994	0.00398	0.00199	0.00331
20	0.30534	0.00862	0.00880	0.00699	0.00971	0.00941	0.00577	0.41445	0.02352	0.15993	0.00872	0.00865	0.00611	0.00415	0.00325	0.00113	0.00351	0.00298	0.00340	0.00555
21	0.00944	0.00987	0.02038	0.01465	0.01824	0.00945	0.72274	0.07462	0.00943	0.04305	0.00782	0.00998	0.00580	0.00335	0.00447	0.00125	0.02397	0.00425	0.00211	0.00513
22	0.00530	0.00398	0.00597	0.00597	0.00663	0.00464	0.00464	0.00663	0.00597	0.00862	0.00994	0.01458	0.00928	0.02784	0.85484	0.00597	0.00994	0.00398	0.00199	0.00331
23	0.04114	0.00654	0.00860	0.00668	0.00942	0.00598	0.01887	0.06305	0.04152	0.68917	0.01381	0.01230	0.00892	0.00453	0.00364	0.00114	0.00317	0.00367	0.05181	0.00606
24	0.00818	0.00658	0.00775	0.00556	0.00883	0.00498	0.00445	0.00981	0.00785	0.05689	0.00703	0.00796	0.00570	0.00285	0.00280	0.00058	0.00277	0.00228	0.00233	0.84482
25	0.02766	0.00502	0.00639	0.00631	0.00748	0.00500	0.01367	0.11479	0.01937	0.10593	0.04055	0.36692	0.01891	0.00899	0.00449	0.00144	0.00291	0.22545	0.01470	0.00401
26	0.00919	0.00882	0.01507	0.02278	0.84640	0.00882	0.01139	0.01139	0.00845	0.01213	0.00698	0.00919	0.00588	0.00331	0.00367	0.00110	0.00441	0.00331	0.00184	0.00588
27	0.02300	0.00754	0.03509	0.00783	0.01060	0.00695	0.09749	0.13389	0.07279	0.44401	0.10898	0.01343	0.01134	0.00475	0.00386	0.00117	0.00352	0.00408	0.00393	0.00576
28	0.05460	0.00739	0.00911	0.00702	0.00989	0.00711	0.00580	0.22400	0.01216	0.60378	0.01278	0.01140	0.00823	0.00451	0.00366	0.00114	0.00338	0.00356	0.00427	0.00621
29	0.00466	0.00362	0.00424	0.00444	0.00529	0.00320	0.00322	0.00572	0.00855	0.01104	0.22566	0.28315	0.39315	0.00965	0.00450	0.00132	0.00195	0.01986	0.00360	0.00319
30	0.00811	0.02421	0.07270	0.31172	0.36083	0.00840	0.04484	0.02789	0.01703	0.01132	0.02230	0.03558	0.00701	0.00402	0.00377	0.00119	0.00458	0.02755	0.00194	0.00499
31	0.01456	0.00947	0.01020	0.00797	0.01080	0.05748	0.00652	0.50046	0.06278	0.26472	0.01078	0.01017	0.00736	0.00449	0.00370	0.00112	0.00389	0.00345	0.00387	0.00617
32	0.00458	0.00325	0.00429	0.00510	0.00530	0.00305	0.00337	0.00518	0.00700	0.00933	0.01991	0.81487	0.02386	0.06482	0.00562	0.00164	0.00224	0.01023	0.00337	0.00297
33	0.08487	0.00705	0.00794	0.00647	0.00863	0.00730	0.00521	0.31890	0.02393	0.16445	0.26151	0.01646	0.06019	0.00561	0.00383	0.00115	0.00299	0.00456	0.00385	0.00510
34	0.03963	0.31648	0.03133	0.00631	0.00886	0.05543	0.00560	0.09506	0.01947	0.16592	0.04741	0.02782	0.13485	0.01324	0.00345	0.00105	0.00349	0.00379	0.01599	0.00482
35	0.00590	0.00448	0.00484	0.00456	0.00588	0.00419	0.00347	0.06646	0.05517	0.02798	0.16730	0.06696	0.49636	0.00819	0.00419	0.00121	0.00210	0.00689	0.06021	0.00365
36	0.00464	0.00332	0.00443	0.00522	0.00552	0.00311	0.00359	0.00540	0.00737	0.00983	0.05841	0.76827	0.03663	0.01133	0.00474	0.00150	0.00221	0.05796	0.00347	0.00306
37	0.03165	0.00661	0.01098	0.83690	0.02506	0.00825	0.01013	0.00952	0.00739	0.00968	0.00656	0.00979	0.00492	0.00370	0.00367	0.00123	0.00489	0.00326	0.00167	0.00412
38	0.00849	0.00943	0.01960	0.01428	0.01738	0.00933	0.67952	0.01124	0.00845	0.01166	0.05196	0.01071	0.00711	0.00381	0.00541	0.00130	0.11920	0.00436	0.00196	0.00480
39	0.00744	0.01920	0.85032	0.01058	0.01607	0.00862	0.01371	0.01176	0.00784	0.01176	0.00666	0.00784	0.00470	0.00353	0.00353	0.00118	0.00549	0.00274	0.00157	0.00549
40	0.01984	0.00459	0.00557	0.00548	0.00635	0.01830	0.01706	0.03123	0.03455	0.08268	0.02982	0.34470	0.01623	0.06874	0.00534	0.00144	0.03796	0.05184	0.21462	0.00367

[dist]
# distance from previous block
# <min> <max>
1	4

[block]
# block no. 5 follows, 74 sequences, length 49
# corresponding to MSA columns:
# 357-405
name=unknown_F
#
# <colnr> <probs for GDERKNQSTAVLIFYWHMCP>
#	G	D	E	R	K	N	Q	S	T	A	V	L	I	F	Y	W	H	M	C	P
0	0.09812	0.08602	0.04510	0.00914	0.02576	0.48160	0.05917	0.02479	0.01814	0.01045	0.00637	0.01959	0.00539	0.00508	0.04705	0.00127	0.03021	0.00273	0.00197	0.02205
1	0.00663	0.00535	0.00722	0.00663	0.02991	0.02261	0.08041	0.00873	0.07692	0.04921	0.07361	0.02211	0.25023	0.08720	0.17803	0.00239	0.01469	0.03005	0.03352	0.01454
2	0.01792	0.00761	0.01149	0.66036	0.12753	0.05275	0.01004	0.03689	0.02043	0.01042	0.00679	0.00962	0.00519	0.00371	0.00367	0.00120	0.00489	0.00325	0.00179	0.00445
3	0.00494	0.00376	0.00454	0.00440	0.00537	0.00336	0.00328	0.00638	0.00968	0.01306	0.54532	0.07201	0.29363	0.00837	0.00440	0.00121	0.00181	0.00726	0.00385	0.00336
4	0.01254	0.06469	0.07693	0.00830	0.01124	0.01070	0.00727	0.52826	0.11356	0.07056	0.02338	0.00975	0.00729	0.00450	0.00392	0.00114	0.03319	0.00339	0.00341	0.00597
5	0.02245	0.00483	0.00485	0.00457	0.00564	0.03398	0.00350	0.03302	0.07694	0.02686	0.05268	0.02671	0.01060	0.00472	0.00328	0.00097	0.03786	0.00372	0.63896	0.00384
6	0.00550	0.00387	0.00485	0.00457	0.00559	0.00349	0.00344	0.00705	0.01003	0.04565	0.63442	0.04483	0.19700	0.00792	0.00436	0.00119	0.00184	0.00690	0.00396	0.00353
7	0.00531	0.00378	0.00497	0.00497	0.00534	0.00405	0.00344	0.00602	0.00597	0.00828	0.04620	0.03823	0.03038	0.41088	0.40129	0.00449	0.00637	0.00496	0.00226	0.00283
8	0.00815	0.00658	0.00774	0.00555	0.00883	0.00497	0.00445	0.00979	0.00784	0.05432	0.00700	0.00795	0.00568	0.00284	0.00280	0.00058	0.00277	0.00228	0.00232	0.84754
9	0.89577	0.00718	0.00546	0.00488	0.00718	0.00833	0.00402	0.01091	0.00632	0.01665	0.00517	0.00603	0.00402	0.00345	0.00230	0.00115	0.00287	0.00201	0.00230	0.00402
10	0.01368	0.01715	0.01044	0.00946	0.01140	0.80324	0.00712	0.03088	0.04507	0.00963	0.00619	0.00703	0.00508	0.00389	0.00337	0.00097	0.00649	0.00248	0.00202	0.00441
11	0.00555	0.00381	0.00430	0.00430	0.00446	0.00385	0.00257	0.00609	0.04025	0.00779	0.01293	0.02492	0.03820	0.77268	0.01727	0.00335	0.00351	0.03930	0.00240	0.00247
12	0.01011	0.13223	0.14164	0.00992	0.03626	0.00812	0.23496	0.01235	0.00866	0.21958	0.01070	0.08815	0.01864	0.01827	0.01455	0.00127	0.00451	0.02234	0.00267	0.00510
13	0.01376	0.01023	0.01094	0.00847	0.01138	0.01135	0.00697	0.77626	0.07578	0.02284	0.00935	0.00926	0.00667	0.00450	0.00372	0.00112	0.00400	0.00340	0.00372	0.00628
14	0.00768	0.03175	0.81969	0.01043	0.01582	0.00864	0.01343	0.01188	0.00789	0.02974	0.00681	0.00791	0.00480	0.00354	0.00351	0.00117	0.00541	0.00275	0.00163	0.00549
15	0.89577	0.00718	0.00546	0.00488	0.00718	0.00833	0.00402	0.01091	0.00632	0.01665	0.00517	0.00603	0.00402	0.00345	0.00230	0.00115	0.00287	0.00201	0.00230	0.00402
16	0.00535	0.00380	0.00505	0.00505	0.00540	0.00414	0.00350	0.00604	0.00569	0.00794	0.01078	0.01921	0.01129	0.42910	0.45633	0.00484	0.00692	0.00465	0.00211	0.00281
17	0.00946	0.10506	0.22980	0.00733	0.01828	0.00718	0.00724	0.02481	0.08516	0.20926	0.10869	0.08026	0.06968	0.01652	0.00392	0.00119	0.00354	0.00449	0.00309	0.00503
18	0.00652	0.01179	0.41090	0.00887	0.03366	0.01760	0.06771	0.00927	0.00807	0.01133	0.08807	0.22034	0.07777	0.00628	0.00403	0.00126	0.00410	0.00552	0.00243	0.00449
19	0.00744	0.01920	0.85032	0.01058	0.01607	0.00862	0.01371	0.01176	0.00784	0.01176	0.00666	0.00784	0.00470	0.00353	0.00353	0.00118	0.00549	0.00274	0.00157	0.00549
20	0.01017	0.01604	0.31814	0.01122	0.01484	0.32159	0.19661	0.02431	0.00919	0.01094	0.00688	0.00882	0.00540	0.00374	0.00370	0.00112	0.00603	0.02450	0.00184	0.00490
21	0.00707	0.00792	0.11419	0.05426	0.28744	0.00659	0.07096	0.00927	0.02645	0.01120	0.03585	0.27292	0.02519	0.00648	0.00414	0.00129	0.00383	0.04788	0.00250	0.00457
22	0.00949	0.00829	0.02133	0.00766	0.00986	0.00936	0.00606	0.06722	0.77898	0.01593	0.01462	0.01347	0.01094	0.00498	0.00377	0.00125	0.00304	0.00412	0.00374	0.00589
23	0.00919	0.00882	0.01507	0.02278	0.84640	0.00882	0.01139	0.01139	0.00845	0.01213	0.00698	0.00919	0.00588	0.00331	0.00367	0.00110	0.00441	0.00331	0.00184	0.00588
24	0.00770	0.00660	0.00770	0.00550	0.00880	0.00495	0.00440	0.00935	0.00770	0.01210	0.00660	0.00770	0.00550	0.00275	0.00275	0.00055	0.00275	0.00220	0.00220	0.89224
25	0.01065	0.08968	0.32888	0.02185	0.08100	0.00872	0.02831	0.11762	0.03930	0.19380	0.03827	0.00994	0.00730	0.00402	0.00356	0.00113	0.00437	0.00325	0.00269	0.00565
26	0.00441	0.00374	0.00381	0.00384	0.00504	0.00313	0.00286	0.00535	0.00843	0.01009	0.05095	0.07437	0.79242	0.00947	0.00440	0.00126	0.00189	0.00794	0.00346	0.00313
27	0.00923	0.00797	0.00839	0.00755	0.00965	0.00923	0.00588	0.01972	0.83969	0.01553	0.01511	0.01385	0.01133	0.00504	0.00378	0.00126	0.00294	0.00420	0.00378	0.00588
28	0.00901	0.00814	0.01343	0.19914	0.55178	0.00850	0.02271	0.04535	0.02127	0.04113	0.00850	0.01050	0.03657	0.00373	0.00372	0.00114	0.00438	0.00352	0.00206	0.00542
29	0.00820	0.07172	0.24749	0.01079	0.15401	0.01641	0.07476	0.04320	0.06148	0.04965	0.05780	0.05289	0.12568	0.00503	0.00379	0.00117	0.00409	0.00436	0.00249	0.00500
30	0.00443	0.00375	0.00384	0.00388	0.00508	0.00315	0.00291	0.00538	0.00844	0.01010	0.04887	0.06928	0.78618	0.00948	0.00441	0.00127	0.00191	0.02104	0.00346	0.00314
31	0.00744	0.01920	0.85032	0.01058	0.01607	0.00862	0.01371	0.01176	0.00784	0.01176	0.00666	0.00784	0.00470	0.00353	0.00353	0.00118	0.00549	0.00274	0.00157	0.00549
32	0.89577	0.00718	0.00546	0.00488	0.00718	0.00833	0.00402	0.01091	0.00632	0.01665	0.00517	0.00603	0.00402	0.00345	0.00230	0.00115	0.00287	0.00201	0.00230	0.00402
33	0.01034	0.00746	0.00862	0.00635	0.00952	0.00656	0.00516	0.20436	0.01036	0.12119	0.00816	0.00861	0.00616	0.00338	0.00310	0.00076	0.00312	0.00266	0.00286	0.57127
34	0.01411	0.01040	0.01114	0.00854	0.01151	0.01151	0.00706	0.83402	0.01745	0.02339	0.00891	0.00891	0.00631	0.00446	0.00371	0.00111	0.00408	0.00334	0.00371	0.00631
35	0.00933	0.13797	0.09774	0.02279	0.12600	0.06385	0.03463	0.08627	0.04403	0.04432	0.07273	0.01027	0.00825	0.00558	0.05517	0.00135	0.07482	0.00327	0.00234	0.09929
36	0.01123	0.00634	0.00793	0.00591	0.00891	0.00508	0.00478	0.01280	0.00904	0.35408	0.05258	0.01073	0.00851	0.00375	0.00323	0.00083	0.00287	0.00306	0.00327	0.48507
37	0.00469	0.00403	0.00468	0.00448	0.00578	0.00346	0.03748	0.00578	0.00852	0.01033	0.06531	0.05463	0.71821	0.00917	0.00443	0.00128	0.00214	0.04896	0.00340	0.00324
38	0.01145	0.00883	0.00999	0.00770	0.01062	0.00911	0.03039	0.44109	0.13421	0.03633	0.00942	0.02032	0.00710	0.00414	0.00350	0.00099	0.00358	0.00329	0.00328	0.24468
39	0.08360	0.00574	0.00634	0.00535	0.00722	0.00575	0.00425	0.12045	0.06403	0.14434	0.12985	0.01380	0.01199	0.00469	0.00324	0.00101	0.00253	0.00377	0.30105	0.08099
40	0.00970	0.21589	0.38558	0.00902	0.04149	0.00973	0.00964	0.09861	0.00910	0.10784	0.00853	0.03095	0.02238	0.00408	0.00346	0.00109	0.01385	0.01142	0.00226	0.00537
41	0.00880	0.07471	0.35350	0.03059	0.20646	0.04385	0.06993	0.01196	0.03553	0.05695	0.03078	0.03463	0.00694	0.00394	0.00373	0.00115	0.01583	0.00338	0.00203	0.00532
42	0.00726	0.00356	0.00364	0.00357	0.00450	0.00353	0.00269	0.00898	0.00788	0.04284	0.01220	0.01380	0.00950	0.00433	0.00263	0.00087	0.00178	0.00347	0.85940	0.00356
43	0.01144	0.00513	0.00659	0.07805	0.00860	0.00489	0.00463	0.02398	0.00922	0.39516	0.02566	0.01310	0.00933	0.00445	0.00325	0.00103	0.00269	0.00362	0.38430	0.00486
44	0.03163	0.34124	0.16666	0.02738	0.14252	0.14106	0.04388	0.03359	0.02097	0.01069	0.00618	0.00736	0.00509	0.00344	0.00310	0.00099	0.00481	0.00259	0.00179	0.00503
45	0.02509	0.00541	0.00778	0.12511	0.20603	0.00543	0.00625	0.00765	0.00800	0.01052	0.02112	0.09997	0.33816	0.00845	0.05592	0.00155	0.00353	0.05738	0.00271	0.00395
46	0.00459	0.00377	0.00405	0.00398	0.00514	0.00322	0.00298	0.00573	0.00895	0.01119	0.23038	0.03381	0.65139	0.00897	0.00438	0.00123	0.00185	0.00757	0.00360	0.00322
47	0.00525	0.00373	0.00449	0.00463	0.00545	0.00340	0.00336	0.00626	0.00821	0.03974	0.17219	0.25046	0.30273	0.08081	0.03073	0.00165	0.00243	0.05016	0.02108	0.00323
48	0.03121	0.19434	0.01259	0.13654	0.17873	0.13792	0.00767	0.07913	0.04173	0.03412	0.00693	0.00864	0.00570	0.00470	0.00455	0.10145	0.00445	0.00289	0.00206	0.00466

[dist]
# distance from previous block
# <min> <max>
0	1

[block]
# block no. 6 follows, 74 sequences, length 25
# corresponding to MSA columns:
# 407-431
name=unknown_G
#
# <colnr> <probs for GDERKNQSTAVLIFYWHMCP>
#	G	D	E	R	K	N	Q	S	T	A	V	L	I	F	Y	W	H	M	C	P
0	0.04145	0.03349	0.01357	0.07354	0.09044	0.05167	0.24802	0.19923	0.02277	0.04582	0.01669	0.00993	0.00638	0.01320	0.00517	0.10260	0.00469	0.00358	0.01291	0.00486
1	0.00456	0.00330	0.00432	0.00512	0.00543	0.00306	0.00348	0.00526	0.00725	0.00957	0.02168	0.78011	0.08412	0.01142	0.00472	0.00150	0.00217	0.03643	0.00344	0.00304
2	0.03059	0.22506	0.11523	0.04087	0.12844	0.09541	0.08506	0.13024	0.00969	0.07391	0.00715	0.00819	0.00553	0.00369	0.00356	0.00106	0.02591	0.00292	0.00222	0.00526
3	0.01810	0.00754	0.01186	0.20459	0.32993	0.02209	0.04390	0.05991	0.00857	0.07258	0.00865	0.03417	0.00740	0.00546	0.02704	0.05080	0.02783	0.05245	0.00224	0.00489
4	0.89577	0.00718	0.00546	0.00488	0.00718	0.00833	0.00402	0.01091	0.00632	0.01665	0.00517	0.00603	0.00402	0.00345	0.00230	0.00115	0.00287	0.00201	0.00230	0.00402
5	0.03508	0.04403	0.00868	0.00747	0.02717	0.02768	0.09943	0.02209	0.02755	0.01002	0.03232	0.05032	0.00972	0.03160	0.53231	0.00418	0.00778	0.00418	0.01462	0.00377
6	0.00943	0.55600	0.07738	0.00855	0.01186	0.01251	0.17090	0.03910	0.02871	0.01027	0.00671	0.04096	0.00592	0.00361	0.00303	0.00096	0.00444	0.00295	0.00184	0.00487
7	0.00882	0.31309	0.02792	0.00672	0.00896	0.00972	0.00594	0.09514	0.16401	0.02531	0.02812	0.01461	0.04707	0.00862	0.13673	0.00186	0.00455	0.08547	0.00264	0.00471
8	0.00476	0.00377	0.00428	0.00415	0.00524	0.00329	0.00312	0.00605	0.00935	0.01214	0.38770	0.03225	0.49348	0.00861	0.00438	0.00122	0.00182	0.00735	0.00372	0.00329
9	0.00818	0.00689	0.00766	0.00697	0.00862	0.00792	0.00538	0.01564	0.57220	0.01354	0.02303	0.01469	0.02507	0.05912	0.12782	0.00206	0.03903	0.00422	0.02314	0.02880
10	0.00928	0.00795	0.00840	0.00752	0.00962	0.00917	0.00586	0.04258	0.79834	0.01574	0.03293	0.01401	0.01170	0.00507	0.00379	0.00125	0.00294	0.00423	0.00378	0.00584
11	0.00992	0.87178	0.01945	0.00635	0.00953	0.01469	0.00635	0.01111	0.00754	0.00873	0.00516	0.00595	0.00476	0.00318	0.00238	0.00079	0.00397	0.00198	0.00159	0.00476
12	0.00663	0.00482	0.00540	0.00526	0.00588	0.01740	0.00356	0.08375	0.08480	0.01997	0.03301	0.21169	0.01568	0.44647	0.01173	0.00250	0.00325	0.03205	0.00290	0.00328
13	0.00496	0.00422	0.02193	0.00416	0.00553	0.00341	0.00326	0.00613	0.00880	0.03072	0.16157	0.03264	0.66016	0.00871	0.00431	0.00122	0.00199	0.00731	0.00350	0.02547
14	0.84379	0.00722	0.00563	0.00504	0.00732	0.00838	0.00413	0.01143	0.05518	0.01659	0.00575	0.00649	0.00445	0.00354	0.00238	0.00116	0.00288	0.00214	0.00238	0.00413
15	0.00623	0.00332	0.00491	0.00493	0.00500	0.00339	0.00333	0.00506	0.00504	0.00679	0.00741	0.03411	0.00753	0.05339	0.10330	0.73516	0.00392	0.00359	0.00173	0.00186
16	0.00500	0.00365	0.00454	0.00469	0.00534	0.00338	0.00335	0.00609	0.00848	0.01142	0.33808	0.23883	0.15966	0.13202	0.00659	0.00165	0.00224	0.05834	0.00352	0.00314
17	0.00475	0.00348	0.00449	0.00521	0.00557	0.00332	0.00353	0.00589	0.04511	0.00992	0.04317	0.77357	0.05585	0.01113	0.00467	0.00148	0.00217	0.01005	0.00348	0.00316
18	0.23012	0.00724	0.00827	0.00743	0.00924	0.05169	0.06981	0.12994	0.02912	0.03106	0.01214	0.07146	0.01190	0.00654	0.00422	0.00137	0.03271	0.27852	0.00296	0.00427
19	0.10018	0.00711	0.00759	0.00621	0.00838	0.00759	0.00502	0.31822	0.06112	0.14349	0.01078	0.01104	0.00783	0.00437	0.00322	0.00105	0.00301	0.00336	0.28528	0.00515
20	0.04640	0.00563	0.00619	0.00578	0.00714	0.00596	0.00442	0.13557	0.15550	0.03424	0.01652	0.15180	0.09951	0.10698	0.00564	0.00153	0.00285	0.08337	0.12082	0.00417
21	0.01048	0.27783	0.01182	0.00696	0.00931	0.03948	0.00607	0.20728	0.03591	0.09549	0.08859	0.01577	0.01146	0.00595	0.02661	0.00125	0.00385	0.13796	0.00301	0.00492
22	0.00514	0.00386	0.00555	0.00606	0.00667	0.00367	0.04005	0.00623	0.00767	0.01010	0.02044	0.54347	0.06007	0.01075	0.00482	0.00155	0.00270	0.25461	0.00337	0.00323
23	0.79571	0.00758	0.00609	0.02485	0.00799	0.02272	0.00444	0.07156	0.00723	0.01686	0.00549	0.00634	0.00422	0.00353	0.00245	0.00114	0.00307	0.00214	0.00238	0.00420
24	0.05047	0.00532	0.00591	0.00575	0.00664	0.04612	0.00422	0.06224	0.02900	0.05654	0.12538	0.30042	0.04369	0.13868	0.02445	0.00178	0.04211	0.04447	0.00319	0.00362

[dist]
# distance from previous block
# <min> <max>
4	9

[block]
# block no. 7 follows, 74 sequences, length 12
# corresponding to MSA columns:
# 441-452
name=unknown_H
#
# <colnr> <probs for GDERKNQSTAVLIFYWHMCP>
#	G	D	E	R	K	N	Q	S	T	A	V	L	I	F	Y	W	H	M	C	P
0	0.09788	0.00498	0.00553	0.00552	0.00618	0.05784	0.00398	0.00730	0.00656	0.04986	0.01168	0.21428	0.01247	0.12644	0.08757	0.22223	0.02295	0.05127	0.00250	0.00298
