[name]
unknown

[dist]
# distance from previous block
# <min> <max>
0	55

[block]
# block no. 0 follows, 60 sequences, length 46
# corresponding to MSA columns:
# 55-100
name=unknown_A
#
# <colnr> <probs for GDERKNQSTAVLIFYWHMCP>
#	G	D	E	R	K	N	Q	S	T	A	V	L	I	F	Y	W	H	M	C	P
0	0.01384	0.00967	0.01252	0.04088	0.21951	0.03822	0.00885	0.16654	0.10817	0.21637	0.01285	0.01466	0.00978	0.00528	0.00439	0.00134	0.00447	0.05419	0.00379	0.05469
1	0.01023	0.00902	0.01518	0.38230	0.42001	0.00981	0.01238	0.01290	0.00956	0.06444	0.00858	0.01142	0.00667	0.00419	0.00434	0.00137	0.00537	0.00391	0.00227	0.00603
2	0.01099	0.01033	0.01722	0.06664	0.73519	0.01050	0.01304	0.05702	0.01045	0.01482	0.00831	0.01082	0.00688	0.00398	0.00432	0.00130	0.00519	0.00389	0.00227	0.00683
3	0.01042	0.01053	0.01962	0.09773	0.51642	0.01050	0.24291	0.01335	0.00993	0.01389	0.00834	0.01115	0.00672	0.00387	0.00456	0.00136	0.00587	0.00425	0.00215	0.00642
4	0.01177	0.01008	0.01416	0.01696	0.35620	0.02274	0.04726	0.05671	0.32611	0.07258	0.01270	0.01322	0.00969	0.00486	0.00441	0.00138	0.00452	0.00438	0.00339	0.00689
5	0.00864	0.08128	0.27545	0.01183	0.05906	0.03960	0.15809	0.01158	0.00952	0.01302	0.06358	0.22216	0.01399	0.00673	0.00465	0.00144	0.00518	0.00615	0.00269	0.00536
6	0.01057	0.01013	0.01729	0.09857	0.74949	0.01030	0.01327	0.01319	0.00982	0.01397	0.00816	0.01087	0.00681	0.00393	0.00432	0.00131	0.00524	0.00389	0.00214	0.00673
7	0.01066	0.01064	0.02096	0.05854	0.30071	0.01029	0.42714	0.01378	0.01026	0.05123	0.03580	0.01225	0.00802	0.00403	0.00479	0.00140	0.00618	0.00470	0.00241	0.00620
8	0.01040	0.01063	0.02018	0.05357	0.47804	0.01043	0.30254	0.01339	0.01008	0.01411	0.02835	0.01172	0.00760	0.00395	0.00464	0.00137	0.00592	0.00445	0.00223	0.00639
9	0.01166	0.84935	0.02285	0.00746	0.01119	0.01726	0.00746	0.01306	0.00886	0.01026	0.00606	0.00700	0.00560	0.00373	0.00280	0.00093	0.00466	0.00233	0.00187	0.00560
10	0.00634	0.00423	0.00476	0.00476	0.00476	0.00423	0.00264	0.00634	0.00634	0.00846	0.01374	0.02854	0.01586	0.84672	0.02220	0.00423	0.00423	0.00634	0.00264	0.00264
11	0.00841	0.00865	0.05945	0.03846	0.04648	0.00762	0.31086	0.01123	0.02040	0.03131	0.21440	0.13937	0.01974	0.00708	0.00512	0.00151	0.00481	0.05674	0.00330	0.00507
12	0.01069	0.01026	0.01751	0.05986	0.78725	0.01034	0.01333	0.01329	0.00988	0.01412	0.00819	0.01083	0.00686	0.00391	0.00432	0.00130	0.00521	0.00389	0.00215	0.00682
13	0.01119	0.00893	0.01352	0.06333	0.38279	0.00863	0.02113	0.01442	0.08236	0.11969	0.05484	0.01274	0.00973	0.00444	0.00419	0.00121	0.00435	0.00403	0.00300	0.17548
14	0.01065	0.01022	0.01745	0.07150	0.77589	0.01033	0.01331	0.01326	0.00986	0.01408	0.00818	0.01084	0.00685	0.00391	0.00432	0.00130	0.00522	0.00389	0.00215	0.00679
15	0.00531	0.00380	0.00506	0.00607	0.00633	0.00354	0.00405	0.00607	0.00835	0.01113	0.02404	0.84388	0.02885	0.01366	0.00557	0.00177	0.00253	0.01240	0.00405	0.00354
16	0.01038	0.00994	0.01696	0.15678	0.69272	0.01025	0.01318	0.01303	0.00974	0.01375	0.00813	0.01093	0.00673	0.00396	0.00432	0.00132	0.00528	0.00388	0.00212	0.00658
17	0.00617	0.00446	0.00583	0.00549	0.00652	0.00412	0.00412	0.00823	0.01235	0.01749	0.81722	0.03258	0.04115	0.00892	0.00514	0.00137	0.00206	0.00789	0.00480	0.00412
18	0.87753	0.00843	0.00641	0.00574	0.00843	0.00978	0.00472	0.01282	0.00742	0.01957	0.00607	0.00709	0.00472	0.00405	0.00270	0.00135	0.00337	0.00236	0.00270	0.00472
19	0.01079	0.01036	0.01770	0.02677	0.81952	0.01036	0.01339	0.01339	0.00993	0.01425	0.00820	0.01079	0.00691	0.00389	0.00432	0.00130	0.00518	0.00389	0.00216	0.00691
20	0.07675	0.02205	0.03066	0.00832	0.02452	0.00927	0.00664	0.04777	0.40200	0.07475	0.01327	0.01290	0.01000	0.00488	0.00394	0.00122	0.00358	0.00393	0.00373	0.23984
21	0.01294	0.00949	0.01391	0.03595	0.34913	0.05468	0.05394	0.02804	0.03988	0.23188	0.05630	0.04768	0.01087	0.00509	0.00443	0.00133	0.00467	0.00460	0.00339	0.03182
22	0.03431	0.04241	0.04938	0.02343	0.02560	0.04003	0.29356	0.01552	0.05479	0.20788	0.03502	0.01301	0.02366	0.00467	0.00481	0.00133	0.03458	0.00444	0.00321	0.08834
23	0.02400	0.01054	0.01640	0.06317	0.53632	0.06580	0.08173	0.01343	0.01000	0.03983	0.00896	0.04197	0.00763	0.00431	0.00433	0.00129	0.00530	0.00416	0.00237	0.05847
24	0.01325	0.00824	0.01014	0.00751	0.01117	0.02197	0.02696	0.05859	0.01095	0.29273	0.01116	0.01117	0.00799	0.00412	0.00375	0.00096	0.00368	0.00335	0.00363	0.48868
25	0.03362	0.17819	0.01416	0.02497	0.01273	0.07008	0.00774	0.42289	0.04598	0.09063	0.01029	0.02895	0.00782	0.00502	0.00399	0.00123	0.00474	0.00373	0.00367	0.02959
26	0.01629	0.02079	0.01236	0.01124	0.01348	0.82921	0.00843	0.01742	0.01236	0.01067	0.00674	0.00787	0.00562	0.00449	0.00393	0.00112	0.00787	0.00281	0.00225	0.00506
27	0.00922	0.00609	0.00878	0.00760	0.00904	0.00628	0.05769	0.03070	0.01000	0.14928	0.22955	0.06452	0.04921	0.09352	0.16819	0.00282	0.08296	0.00615	0.00369	0.00470
28	0.01085	0.00937	0.00986	0.00888	0.01134	0.01085	0.00690	0.02318	0.81164	0.01824	0.01775	0.01627	0.01331	0.00592	0.00444	0.00148	0.00345	0.00493	0.00444	0.00690
29	0.01271	0.66769	0.02067	0.00812	0.01170	0.07918	0.00765	0.12495	0.01077	0.01272	0.00674	0.00755	0.00586	0.00400	0.00311	0.00100	0.00493	0.00259	0.00225	0.00581
30	0.01073	0.00909	0.00960	0.00864	0.01107	0.01042	0.00672	0.02231	0.75764	0.03269	0.01904	0.01751	0.05273	0.00616	0.00447	0.00148	0.00340	0.00513	0.00444	0.00675
31	0.01639	0.03938	0.04167	0.00985	0.01344	0.01295	0.00839	0.68771	0.01908	0.09110	0.01078	0.01067	0.00757	0.00516	0.00431	0.00130	0.00476	0.00389	0.00428	0.00732
32	0.00634	0.00424	0.00481	0.00481	0.00483	0.00426	0.00271	0.00638	0.00636	0.00849	0.01370	0.02828	0.01574	0.82831	0.04045	0.00429	0.00440	0.00630	0.00264	0.00267
33	0.00968	0.00839	0.01274	0.01389	0.23861	0.00848	0.10268	0.06439	0.14777	0.03413	0.26155	0.01971	0.04656	0.00613	0.00473	0.00138	0.00402	0.00565	0.00365	0.00585
34	0.01761	0.00878	0.01082	0.00850	0.01173	0.00861	0.00703	0.25793	0.03806	0.50661	0.01556	0.01575	0.01076	0.00579	0.00449	0.00138	0.00405	0.05439	0.00497	0.00719
35	0.01009	0.00965	0.01643	0.24899	0.60278	0.01018	0.01304	0.01277	0.00960	0.01340	0.00808	0.01102	0.00661	0.00402	0.00433	0.00134	0.00536	0.00388	0.00210	0.00634
36	0.01209	0.00975	0.01156	0.11836	0.02744	0.01100	0.02791	0.25834	0.36180	0.03292	0.01448	0.01593	0.02085	0.00583	0.00452	0.00145	0.00432	0.05090	0.00398	0.00656
37	0.00519	0.00440	0.00448	0.00449	0.00592	0.00369	0.00336	0.00631	0.00997	0.01193	0.06621	0.06198	0.77515	0.01105	0.00516	0.00148	0.00221	0.00925	0.00407	0.00369
38	0.01471	0.01195	0.01316	0.07659	0.01478	0.06798	0.03505	0.55074	0.06518	0.02268	0.01028	0.02325	0.00771	0.00539	0.00503	0.00137	0.05957	0.00407	0.00379	0.00674
39	0.00538	0.00404	0.00499	0.00557	0.00624	0.00365	0.00387	0.00639	0.00927	0.01210	0.12896	0.53340	0.23553	0.01239	0.00541	0.00164	0.00239	0.01100	0.00414	0.00365
40	0.00944	0.00831	0.01117	0.16951	0.12542	0.00761	0.00780	0.03756	0.03769	0.01420	0.00825	0.01008	0.00667	0.00370	0.00368	0.00094	0.00406	0.00314	0.00252	0.52825
41	0.04958	0.03503	0.01318	0.01159	0.05305	0.49334	0.03494	0.20835	0.03379	0.01558	0.00802	0.00893	0.00631	0.00462	0.00404	0.00120	0.00662	0.00324	0.00282	0.00579
42	0.01072	0.01180	0.02488	0.01782	0.02217	0.01120	0.74988	0.06747	0.01098	0.01488	0.00893	0.01168	0.00667	0.00378	0.00509	0.00146	0.00718	0.00506	0.00235	0.00599
43	0.01113	0.00912	0.01111	0.04019	0.01200	0.01059	0.02823	0.21657	0.21406	0.03586	0.02532	0.12127	0.03878	0.00717	0.00673	0.00155	0.18454	0.00551	0.00366	0.01662
44	0.00767	0.00648	0.00918	0.03815	0.22003	0.00636	0.00694	0.04815	0.03663	0.01344	0.05301	0.32251	0.17422	0.00918	0.00495	0.00150	0.00341	0.00819	0.00351	0.02648
45	0.05075	0.06263	0.07218	0.00789	0.01014	0.07125	0.00671	0.09562	0.07034	0.09354	0.05854	0.16539	0.14510	0.00781	0.00520	0.00145	0.06032	0.00629	0.00363	0.00524

[dist]
# distance from previous block
# <min> <max>
1	34

[block]
# block no. 1 follows, 60 sequences, length 16
# corresponding to MSA columns:
# 135-150
name=unknown_B
#
# <colnr> <probs for GDERKNQSTAVLIFYWHMCP>
#	G	D	E	R	K	N	Q	S	T	A	V	L	I	F	Y	W	H	M	C	P
0	0.02630	0.20784	0.20314	0.01081	0.06043	0.09099	0.03053	0.11998	0.08414	0.01483	0.00947	0.05750	0.00799	0.00496	0.00417	0.00126	0.02451	0.00382	0.00266	0.03467
1	0.04457	0.09681	0.03223	0.01147	0.13008	0.09806	0.05260	0.01580	0.10693	0.19502	0.07331	0.02474	0.05043	0.00553	0.00470	0.00134	0.04238	0.00450	0.00345	0.00603
2	0.01047	0.45485	0.31252	0.00915	0.01369	0.01342	0.01034	0.02805	0.00945	0.03138	0.03585	0.01014	0.03535	0.00438	0.00352	0.00115	0.00512	0.00316	0.00216	0.00587
3	0.00565	0.00419	0.00546	0.00592	0.00658	0.00406	0.00424	0.00678	0.00883	0.01179	0.12119	0.40779	0.15655	0.04407	0.16118	0.00275	0.00424	0.03130	0.00377	0.00368
4	0.01035	0.04282	0.00924	0.03245	0.01020	0.02701	0.02227	0.10212	0.14739	0.12650	0.05498	0.23887	0.10394	0.00849	0.00499	0.00150	0.01973	0.02768	0.00409	0.00537
5	0.01033	0.01024	0.01582	0.09568	0.43821	0.03995	0.02720	0.01238	0.00885	0.01260	0.00731	0.01038	0.00637	0.00518	0.00760	0.00151	0.27856	0.00385	0.00206	0.00593
6	0.00930	0.00928	0.01539	0.35688	0.18623	0.04444	0.13895	0.01189	0.00908	0.01208	0.00849	0.02907	0.00706	0.00694	0.07346	0.00191	0.06783	0.00428	0.00211	0.00533
7	0.00549	0.00397	0.00501	0.00568	0.00611	0.00369	0.00380	0.00630	0.00861	0.01140	0.08933	0.59131	0.11690	0.11189	0.00746	0.00200	0.00266	0.01096	0.00394	0.00350
8	0.01460	0.01060	0.01187	0.00936	0.01251	0.01139	0.02348	0.53861	0.09865	0.07432	0.01258	0.08213	0.00997	0.00587	0.00441	0.00133	0.00435	0.00471	0.00425	0.06501
9	0.00548	0.00397	0.00520	0.00603	0.00648	0.00369	0.00419	0.00644	0.00888	0.01179	0.08575	0.67429	0.08618	0.01301	0.00553	0.00173	0.00257	0.06106	0.00410	0.00363
10	0.00739	0.00508	0.00611	0.00632	0.00731	0.00514	0.00459	0.01063	0.15191	0.04292	0.12859	0.41195	0.02440	0.01004	0.00491	0.00155	0.00264	0.03255	0.13151	0.00445
11	0.00996	0.00951	0.01619	0.29095	0.56186	0.01014	0.01297	0.01265	0.00954	0.01324	0.00806	0.01107	0.00655	0.00404	0.00433	0.00135	0.00539	0.00388	0.00209	0.00624
12	0.00973	0.00966	0.01400	0.01372	0.13092	0.01292	0.01011	0.01092	0.00716	0.01105	0.00609	0.00973	0.00590	0.00708	0.01284	0.00182	0.71550	0.00383	0.00195	0.00509
13	0.00940	0.00916	0.01255	0.01083	0.01109	0.01250	0.00895	0.01130	0.06831	0.01159	0.06490	0.01171	0.00885	0.00760	0.01290	0.00184	0.71514	0.00419	0.00231	0.00489
14	0.01520	0.01330	0.01255	0.01023	0.01322	0.19422	0.03439	0.44217	0.13473	0.04301	0.01126	0.03619	0.00860	0.00538	0.00434	0.00131	0.00527	0.00414	0.00385	0.00665
15	0.01471	0.10204	0.03910	0.00846	0.01189	0.05917	0.00722	0.25830	0.02840	0.23182	0.03235	0.01240	0.03211	0.00500	0.00403	0.00118	0.00433	0.00385	0.00388	0.13978

[dist]
# distance from previous block
# <min> <max>
0	2

[block]
# block no. 2 follows, 60 sequences, length 15
# corresponding to MSA columns:
# 153-165,167,168
name=unknown_C
#
# <colnr> <probs for GDERKNQSTAVLIFYWHMCP>
#	G	D	E	R	K	N	Q	S	T	A	V	L	I	F	Y	W	H	M	C	P
0	0.01166	0.01077	0.01133	0.00986	0.03191	0.15191	0.07754	0.11779	0.27087	0.04468	0.15323	0.01770	0.05928	0.00611	0.00456	0.00137	0.00448	0.00515	0.00387	0.00592
1	0.01149	0.00874	0.00967	0.00835	0.01074	0.00961	0.00662	0.20117	0.38914	0.06036	0.18286	0.01956	0.01809	0.00660	0.00463	0.00143	0.00351	0.03654	0.00453	0.00635
2	0.00849	0.00801	0.01354	0.75522	0.10906	0.00976	0.01224	0.01137	0.00884	0.01145	0.00780	0.01154	0.00592	0.00431	0.00436	0.00144	0.00575	0.00388	0.00196	0.00505
3	0.01063	0.01022	0.01729	0.05518	0.74456	0.01051	0.01312	0.01314	0.00970	0.01392	0.00805	0.01075	0.00680	0.00412	0.00489	0.00134	0.05306	0.00388	0.00214	0.00671
4	0.00875	0.02256	0.82413	0.01243	0.01888	0.01013	0.01611	0.01381	0.00921	0.01381	0.00783	0.00921	0.00552	0.00414	0.00414	0.00138	0.00645	0.00322	0.00184	0.00645
5	0.00881	0.00673	0.00764	0.00695	0.00878	0.00709	0.00535	0.01516	0.35680	0.06153	0.33529	0.02570	0.12089	0.00768	0.00480	0.00143	0.00277	0.00658	0.00459	0.00545
6	0.00540	0.00394	0.00508	0.00582	0.00630	0.00363	0.00398	0.00635	0.00900	0.01197	0.12163	0.65992	0.11528	0.01281	0.00547	0.00169	0.00244	0.01151	0.00414	0.00363
7	0.05995	0.00745	0.00932	0.00819	0.02711	0.06644	0.11112	0.01090	0.04629	0.07668	0.13845	0.09236	0.29882	0.00820	0.00498	0.00144	0.01673	0.00710	0.00375	0.00471
8	0.00886	0.01924	0.06574	0.07201	0.01261	0.02945	0.08789	0.06752	0.04767	0.03220	0.01277	0.03621	0.05884	0.07960	0.25574	0.00337	0.09781	0.00494	0.00269	0.00485
9	0.00574	0.00419	0.00502	0.00536	0.00589	0.00399	0.00359	0.00645	0.00811	0.01054	0.04446	0.29154	0.20818	0.28500	0.07258	0.00289	0.00371	0.02596	0.00348	0.00333
10	0.00960	0.04339	0.18060	0.01399	0.12127	0.00977	0.23808	0.06169	0.08779	0.01463	0.01453	0.07089	0.10268	0.00564	0.00466	0.00142	0.00533	0.00535	0.00280	0.00590
11	0.02524	0.03764	0.04633	0.06376	0.22740	0.04025	0.21744	0.10021	0.08591	0.05689	0.02183	0.01172	0.00792	0.00450	0.00481	0.00138	0.03337	0.00426	0.00280	0.00633
12	0.01059	0.05774	0.03683	0.00905	0.01085	0.10452	0.03428	0.04955	0.03894	0.09060	0.04582	0.04674	0.12229	0.00764	0.00694	0.00155	0.19914	0.10531	0.01655	0.00508
13	0.00562	0.00440	0.00514	0.00536	0.00640	0.00392	0.00385	0.00702	0.02640	0.01272	0.16625	0.33193	0.35659	0.01130	0.00523	0.00154	0.00236	0.00986	0.00414	0.02997
14	0.00987	0.00927	0.05680	0.00869	0.06571	0.00746	0.00676	0.06891	0.09635	0.01557	0.00906	0.01005	0.00724	0.00376	0.00357	0.00087	0.00368	0.00306	0.00284	0.61051

[dist]
# distance from previous block
# <min> <max>
1	10

[block]
# block no. 3 follows, 60 sequences, length 80
# corresponding to MSA columns:
# 180-217,246-287
name=unknown_D
#
# <colnr> <probs for GDERKNQSTAVLIFYWHMCP>
#	G	D	E	R	K	N	Q	S	T	A	V	L	I	F	Y	W	H	M	C	P
0	0.01364	0.07451	0.01335	0.05416	0.03552	0.42219	0.00879	0.07976	0.05163	0.01248	0.00750	0.00918	0.00629	0.00555	0.01674	0.00140	0.17626	0.00329	0.00242	0.00535
1	0.05939	0.01040	0.03523	0.00934	0.04777	0.08089	0.03759	0.13297	0.15253	0.02576	0.01075	0.05378	0.00885	0.00480	0.00393	0.00112	0.00423	0.00391	0.00321	0.31356
2	0.03326	0.00977	0.01260	0.06213	0.15027	0.03444	0.06003	0.28494	0.03486	0.05138	0.04238	0.05084	0.02249	0.07930	0.00596	0.00158	0.00469	0.00472	0.00340	0.05097
3	0.00815	0.00604	0.00782	0.00687	0.00874	0.00561	0.05161	0.06903	0.02071	0.04005	0.07027	0.18960	0.12985	0.02020	0.04629	0.00166	0.00358	0.04962	0.11130	0.15302
4	0.00680	0.00474	0.00654	0.00688	0.00778	0.00489	0.00546	0.00829	0.00862	0.04185	0.03025	0.12135	0.08695	0.07349	0.30922	0.00388	0.00649	0.25920	0.00338	0.00393
5	0.01243	0.15433	0.01528	0.01481	0.27921	0.06218	0.00941	0.12398	0.22089	0.04820	0.01091	0.01151	0.00850	0.00467	0.00407	0.00127	0.00470	0.00385	0.00314	0.00666
6	0.01036	0.11778	0.09685	0.06916	0.03225	0.10370	0.17525	0.01282	0.00974	0.02845	0.00958	0.04335	0.03146	0.00440	0.00403	0.00114	0.00531	0.00392	0.00240	0.23803
7	0.00540	0.00412	0.00500	0.00561	0.00637	0.00371	0.00400	0.00641	0.00915	0.01169	0.05483	0.48291	0.30551	0.01249	0.00544	0.00167	0.00251	0.06547	0.00407	0.00364
8	0.00570	0.00425	0.00534	0.00600	0.00676	0.00393	0.00445	0.00686	0.00930	0.01203	0.07722	0.41552	0.22624	0.02755	0.00583	0.00177	0.00276	0.17074	0.00406	0.00369
9	0.01284	0.01176	0.01271	0.01237	0.12785	0.14621	0.04949	0.17846	0.26801	0.04514	0.01311	0.01341	0.03793	0.00596	0.02355	0.00149	0.02542	0.00434	0.00353	0.00643
10	0.04084	0.01103	0.01382	0.01198	0.08440	0.09273	0.12991	0.27109	0.02437	0.12578	0.04804	0.02941	0.04084	0.00555	0.00488	0.00137	0.03651	0.01756	0.00362	0.00629
11	0.00881	0.00564	0.00631	0.00582	0.00738	0.00558	0.00443	0.07937	0.08504	0.08273	0.12677	0.10925	0.19698	0.02740	0.00485	0.00141	0.00269	0.00672	0.22809	0.00473
12	0.00702	0.00588	0.00759	0.04044	0.11552	0.00583	0.00576	0.01975	0.08892	0.01328	0.09628	0.11610	0.33848	0.02215	0.06687	0.00192	0.00368	0.02124	0.01872	0.00456
13	0.01012	0.00826	0.01010	0.00735	0.01115	0.00675	0.03975	0.06317	0.04088	0.05124	0.00878	0.00979	0.00699	0.00358	0.00348	0.00079	0.00354	0.00295	0.00288	0.70845
14	0.00541	0.00389	0.00516	0.00614	0.00647	0.00363	0.00420	0.00625	0.00850	0.01127	0.02459	0.77328	0.05230	0.01349	0.00558	0.00178	0.00261	0.05785	0.00405	0.00357
15	0.00563	0.00448	0.00498	0.00516	0.00640	0.00395	0.00397	0.00691	0.00992	0.01234	0.09694	0.07719	0.55243	0.04323	0.00593	0.00166	0.00257	0.13349	0.01909	0.00373
16	0.00713	0.00482	0.00523	0.00537	0.00630	0.01827	0.00388	0.00931	0.06686	0.01393	0.06412	0.24858	0.12403	0.04605	0.00530	0.00150	0.01715	0.00738	0.34075	0.00404
17	0.01166	0.84935	0.02285	0.00746	0.01119	0.01726	0.00746	0.01306	0.00886	0.01026	0.00606	0.00700	0.00560	0.00373	0.00280	0.00093	0.00466	0.00233	0.00187	0.00560
18	0.01072	0.14866	0.22681	0.01277	0.01727	0.02631	0.28070	0.08730	0.06199	0.01486	0.01976	0.01058	0.00712	0.00415	0.00427	0.00129	0.00592	0.00393	0.00246	0.05312
19	0.01508	0.20761	0.02972	0.00942	0.01294	0.04483	0.00815	0.56237	0.01710	0.02232	0.00986	0.01011	0.02142	0.00494	0.00399	0.00122	0.00487	0.00360	0.00365	0.00682
20	0.01121	0.00928	0.01550	0.11510	0.40824	0.00934	0.09263	0.04150	0.01045	0.11287	0.03475	0.04136	0.01830	0.00487	0.00466	0.00136	0.01947	0.01511	0.00281	0.03120
21	0.02257	0.07286	0.05362	0.01466	0.10209	0.04792	0.32267	0.15471	0.02369	0.01596	0.02524	0.02327	0.03169	0.00486	0.00491	0.00138	0.03268	0.02566	0.00276	0.01680
22	0.00606	0.00445	0.00567	0.00537	0.00645	0.00407	0.00403	0.00801	0.01208	0.01685	0.73049	0.03363	0.12827	0.00916	0.00515	0.00138	0.00207	0.00804	0.00472	0.00407
23	0.00824	0.00775	0.01308	0.83624	0.03004	0.00969	0.01211	0.01114	0.00872	0.01114	0.00775	0.01163	0.00581	0.00436	0.00436	0.00145	0.00581	0.00388	0.00194	0.00484
24	0.01196	0.16216	0.19393	0.02610	0.04449	0.07654	0.04397	0.08530	0.10697	0.10293	0.01106	0.04869	0.01934	0.00520	0.00455	0.00133	0.04228	0.00407	0.00296	0.00615
25	0.06691	0.08090	0.16278	0.03344	0.01381	0.00926	0.05743	0.08052	0.03713	0.38406	0.02311	0.01233	0.00883	0.00486	0.00416	0.00133	0.00462	0.00394	0.00387	0.00670
26	0.00751	0.00487	0.00613	0.00637	0.00723	0.00474	0.00450	0.04054	0.05973	0.08026	0.09709	0.55004	0.02556	0.05118	0.00603	0.00176	0.00280	0.00997	0.02944	0.00426
27	0.00692	0.00514	0.00707	0.07587	0.03813	0.00496	0.01968	0.00861	0.01986	0.05250	0.16315	0.26670	0.20231	0.01027	0.00523	0.00159	0.00307	0.10073	0.00397	0.00423
28	0.02361	0.15820	0.21943	0.01142	0.10027	0.07132	0.01004	0.15755	0.04466	0.06629	0.01106	0.06532	0.03185	0.00524	0.00409	0.00129	0.00509	0.00414	0.00292	0.00621
29	0.00537	0.00392	0.00507	0.00597	0.00639	0.00362	0.00409	0.00622	0.00860	0.01129	0.02626	0.72127	0.11719	0.01330	0.00554	0.00175	0.00256	0.04399	0.00405	0.00358
30	0.00557	0.00401	0.00491	0.00548	0.00587	0.00375	0.00359	0.00622	0.00819	0.01072	0.04388	0.50007	0.14433	0.22118	0.00965	0.00233	0.00289	0.01030	0.00372	0.00335
31	0.01129	0.24403	0.16359	0.02774	0.19548	0.06360	0.02431	0.06657	0.03206	0.03965	0.06069	0.01094	0.00871	0.00456	0.00421	0.00124	0.02914	0.00360	0.00250	0.00610
32	0.01123	0.03884	0.37819	0.01124	0.06678	0.03342	0.02951	0.02532	0.05184	0.17903	0.05452	0.06483	0.02504	0.00545	0.00436	0.00138	0.00509	0.00453	0.00311	0.00628
33	0.00630	0.00434	0.00482	0.00485	0.00603	0.00388	0.00358	0.00770	0.01001	0.03410	0.16154	0.15207	0.39598	0.00977	0.00478	0.00141	0.00223	0.00832	0.17438	0.00390
34	0.51543	0.00784	0.00769	0.00648	0.00916	0.00837	0.02648	0.04146	0.00933	0.18821	0.02786	0.01308	0.07480	0.02699	0.00394	0.00143	0.00348	0.00373	0.01897	0.00525
35	0.02791	0.08230	0.08800	0.05115	0.18307	0.06841	0.12485	0.10658	0.08715	0.04891	0.01037	0.06186	0.00859	0.00504	0.00459	0.00136	0.02645	0.00442	0.00284	0.00616
36	0.01021	0.00966	0.03369	0.05459	0.17519	0.09086	0.01866	0.03581	0.04205	0.04858	0.03537	0.07682	0.02895	0.00844	0.06379	0.01799	0.18962	0.01909	0.03537	0.00529
37	0.01138	0.27866	0.03153	0.01385	0.08958	0.11709	0.27792	0.01364	0.00965	0.01200	0.00735	0.00950	0.00616	0.00464	0.01724	0.00136	0.08705	0.00368	0.00207	0.00565
38	0.01189	0.02208	0.07782	0.02362	0.01280	0.07612	0.06828	0.09051	0.04398	0.12943	0.04251	0.01156	0.00880	0.00435	0.00392	0.00106	0.00441	0.00360	0.02434	0.33891
39	0.26385	0.03466	0.07743	0.01069	0.03187	0.27346	0.11093	0.06127	0.03354	0.01528	0.00793	0.00996	0.00642	0.00456	0.00399	0.00131	0.01810	0.02679	0.00256	0.00539
40	0.00617	0.00459	0.00564	0.00577	0.00665	0.00435	0.00413	0.02905	0.04051	0.01419	0.32219	0.33670	0.14347	0.04869	0.00603	0.00167	0.00248	0.00948	0.00429	0.00397
41	0.00542	0.00401	0.00510	0.00593	0.00647	0.00369	0.00416	0.00635	0.00877	0.01141	0.02758	0.63573	0.17009	0.01306	0.00553	0.00174	0.00259	0.07472	0.00405	0.00361
42	0.03264	0.14907	0.16837	0.18542	0.13388	0.01017	0.03781	0.01246	0.03816	0.02889	0.08390	0.01496	0.05808	0.00518	0.00420	0.00133	0.00492	0.02243	0.00256	0.00558
43	0.00531	0.00380	0.00506	0.00607	0.00633	0.00354	0.00405	0.00607	0.00835	0.01113	0.02404	0.84388	0.02885	0.01366	0.00557	0.00177	0.00253	0.01240	0.00405	0.00354
44	0.01022	0.01082	0.01368	0.01158	0.01233	0.12448	0.08247	0.01144	0.00784	0.01079	0.00706	0.03181	0.00686	0.03051	0.04267	0.00201	0.57244	0.00412	0.00207	0.00479
45	0.00912	0.00667	0.00919	0.00856	0.04593	0.00686	0.07579	0.09557	0.01068	0.05871	0.04079	0.12658	0.13538	0.00795	0.00544	0.00147	0.07283	0.08716	0.19051	0.00483
46	0.02649	0.08096	0.01394	0.44856	0.08801	0.18631	0.01060	0.05754	0.02431	0.01241	0.00773	0.01030	0.00605	0.00437	0.00411	0.00132	0.00596	0.00351	0.00221	0.00530
47	0.01389	0.00928	0.01094	0.00941	0.05734	0.00952	0.00718	0.35379	0.06499	0.16889	0.09518	0.01607	0.04354	0.00616	0.01465	0.00137	0.00408	0.02483	0.00427	0.08461
48	0.00568	0.00434	0.00496	0.00524	0.00606	0.00399	0.00363	0.00684	0.02978	0.01147	0.07450	0.27746	0.34631	0.17059	0.00852	0.00209	0.00276	0.02839	0.00383	0.00356
49	0.00676	0.00504	0.00609	0.00588	0.00719	0.00478	0.00455	0.02292	0.06841	0.03037	0.44092	0.04933	0.22632	0.00953	0.00517	0.00148	0.00250	0.09397	0.00449	0.00430
50	0.00531	0.00380	0.00506	0.00607	0.00633	0.00354	0.00405	0.00607	0.00835	0.01113	0.02404	0.84388	0.02885	0.01366	0.00557	0.00177	0.00253	0.01240	0.00405	0.00354
51	0.00631	0.00437	0.00550	0.00550	0.00575	0.00463	0.00357	0.00682	0.00656	0.00901	0.01306	0.02479	0.01423	0.57875	0.28794	0.00514	0.00668	0.00579	0.00254	0.00305
52	0.00548	0.00438	0.00488	0.00496	0.00616	0.00382	0.00368	0.00675	0.01019	0.01286	0.19954	0.12564	0.52557	0.03010	0.00562	0.00157	0.00233	0.03857	0.00417	0.00374
53	0.04386	0.01136	0.00990	0.00894	0.01028	0.25766	0.00685	0.10392	0.01058	0.01324	0.02835	0.13854	0.03103	0.07720	0.01849	0.00175	0.17473	0.00522	0.04338	0.00472
54	0.01464	0.01147	0.01170	0.00967	0.01252	0.09059	0.00797	0.55100	0.01740	0.03827	0.01283	0.02865	0.01097	0.00658	0.00465	0.00143	0.00490	0.15416	0.00411	0.00649
55	0.11636	0.00824	0.01014	0.00786	0.01118	0.00784	0.00649	0.13525	0.01309	0.61493	0.01496	0.01332	0.00961	0.00522	0.00419	0.00134	0.00383	0.00409	0.00494	0.00712
56	0.00710	0.00510	0.00708	0.00805	0.00908	0.00513	0.00703	0.00930	0.02486	0.01315	0.02299	0.04859	0.02488	0.01193	0.00599	0.00200	0.00401	0.77565	0.00402	0.00407
57	0.01193	0.00991	0.01047	0.00910	0.01175	0.01135	0.00717	0.17113	0.66192	0.01999	0.01637	0.01517	0.01220	0.00579	0.00442	0.00145	0.00371	0.00474	0.00442	0.00700
58	0.00968	0.00978	0.01334	0.01145	0.01149	0.03035	0.00952	0.01064	0.00680	0.01050	0.00575	0.00951	0.00572	0.00757	0.01410	0.00189	0.82143	0.00380	0.00192	0.00478
59	0.00517	0.00436	0.00448	0.00459	0.00594	0.00367	0.00339	0.00624	0.00978	0.01172	0.04214	0.12318	0.73785	0.01131	0.00520	0.00150	0.00224	0.00953	0.00405	0.00367
60	0.00975	0.02839	0.01233	0.01141	0.11254	0.07516	0.13277	0.09295	0.05404	0.02599	0.20091	0.06218	0.11465	0.01651	0.00516	0.00143	0.01952	0.01550	0.00351	0.00530
61	0.02711	0.00856	0.01040	0.00779	0.01136	0.00758	0.04746	0.10470	0.09398	0.07186	0.00991	0.01087	0.00775	0.02150	0.00405	0.00099	0.00371	0.00332	0.00316	0.54395
62	0.05610	0.15670	0.06658	0.06621	0.01428	0.07425	0.07621	0.12766	0.09252	0.14700	0.01033	0.01080	0.00760	0.00454	0.00395	0.00123	0.00490	0.00362	0.00321	0.07229
63	0.00535	0.00443	0.00469	0.00462	0.00601	0.00376	0.00347	0.00663	0.01040	0.01287	0.19137	0.04018	0.66988	0.01064	0.00515	0.00145	0.00218	0.00895	0.00419	0.00376
64	0.00927	0.00968	0.01904	0.43274	0.05487	0.01033	0.37475	0.01252	0.00948	0.01255	0.00826	0.01166	0.00622	0.00403	0.00472	0.00146	0.00650	0.00446	0.00207	0.00539
65	0.02722	0.01248	0.01291	0.24592	0.01812	0.27635	0.07500	0.05339	0.05137	0.10614	0.00977	0.02533	0.00759	0.00495	0.00455	0.00135	0.02825	0.01549	0.01836	0.00547
66	0.01223	0.61712	0.01960	0.00795	0.01145	0.01566	0.00744	0.09625	0.13132	0.03187	0.00854	0.00893	0.00707	0.00425	0.00324	0.00106	0.00447	0.00294	0.00259	0.00602
67	0.01628	0.01177	0.01265	0.00974	0.01312	0.01298	0.00803	0.75536	0.01986	0.04324	0.01077	0.01081	0.00765	0.00523	0.00431	0.00130	0.00466	0.00394	0.04104	0.00728
68	0.22855	0.00820	0.00816	0.00735	0.00969	0.00922	0.00578	0.02925	0.42564	0.03858	0.07136	0.01761	0.09599	0.00662	0.01843	0.00153	0.00338	0.00489	0.00397	0.00580
69	0.02640	0.00964	0.01466	0.14398	0.47373	0.04791	0.01141	0.03557	0.00978	0.01355	0.00958	0.05001	0.00867	0.00619	0.03669	0.00162	0.04736	0.04491	0.00238	0.00596
70	0.00708	0.00457	0.00525	0.00511	0.00541	0.00456	0.00307	0.00774	0.03794	0.04560	0.05254	0.04181	0.01696	0.72244	0.01962	0.00382	0.00404	0.00638	0.00296	0.00311
71	0.00538	0.00388	0.00511	0.00601	0.00637	0.00361	0.00408	0.00625	0.00865	0.01151	0.06354	0.75240	0.06453	0.01328	0.00554	0.00174	0.00252	0.02792	0.00408	0.00359
72	0.06666	0.12815	0.06241	0.08833	0.15262	0.10610	0.15901	0.06363	0.01057	0.05767	0.00969	0.04110	0.02585	0.00465	0.00418	0.00131	0.00558	0.00411	0.00256	0.00583
73	0.00757	0.00484	0.00558	0.00531	0.00659	0.00465	0.00405	0.01994	0.03431	0.06070	0.23499	0.07395	0.21900	0.00827	0.00472	0.00134	0.02231	0.01994	0.25764	0.00429
74	0.02771	0.00444	0.00549	0.00580	0.00674	0.00406	0.00419	0.00776	0.00962	0.06873	0.14477	0.43857	0.20359	0.01151	0.00528	0.00162	0.00255	0.03938	0.00422	0.00397
75	0.00556	0.00415	0.00519	0.00569	0.00643	0.00378	0.00408	0.00674	0.00964	0.01271	0.19267	0.44417	0.21137	0.01198	0.00541	0.00163	0.00245	0.05840	0.00420	0.00372
76	0.01032	0.14295	0.17348	0.13892	0.25898	0.06335	0.03978	0.03145	0.02186	0.01307	0.00882	0.04068	0.00756	0.00464	0.00415	0.00131	0.00553	0.02496	0.00223	0.00597
77	0.08116	0.01935	0.00946	0.00886	0.03800	0.09384	0.00675	0.03350	0.00831	0.03062	0.01024	0.02812	0.02376	0.03297	0.37404	0.00399	0.16242	0.00423	0.00247	0.02792
78	0.15785	0.00718	0.00769	0.00644	0.00867	0.00751	0.00517	0.15593	0.01143	0.17903	0.01237	0.01333	0.00919	0.02554	0.00429	0.00129	0.02753	0.00383	0.33016	0.02556
79	0.28325	0.06319	0.07851	0.03253	0.01215	0.03962	0.03268	0.12815	0.03084	0.06212	0.00861	0.00962	0.01685	0.00462	0.00441	0.00128	0.07135	0.00322	0.00290	0.11411

[dist]
# distance from previous block
# <min> <max>
0	7

[block]
# block no. 4 follows, 60 sequences, length 21
# corresponding to MSA columns:
# 306-326
name=unknown_E
#
# <colnr> <probs for GDERKNQSTAVLIFYWHMCP>
#	G	D	E	R	K	N	Q	S	T	A	V	L	I	F	Y	W	H	M	C	P
0	0.00688	0.00470	0.00563	0.00534	0.00657	0.00435	0.00402	0.02354	0.02382	0.04437	0.46028	0.07220	0.20283	0.00893	0.00487	0.00137	0.00224	0.00771	0.10615	0.00421
1	0.02333	0.03569	0.01399	0.51445	0.17515	0.07781	0.01143	0.04293	0.00983	0.04293	0.00814	0.01102	0.00623	0.00433	0.00424	0.00137	0.00567	0.00374	0.00224	0.00547
2	0.06671	0.04960	0.03771	0.03944	0.03302	0.15424	0.15092	0.22067	0.01289	0.08388	0.00998	0.05588	0.00802	0.00517	0.00473	0.00135	0.04161	0.00426	0.01393	0.00599
3	0.01317	0.02981	0.01054	0.00858	0.01054	0.06436	0.00691	0.13763	0.01105	0.25296	0.01180	0.01408	0.00932	0.07133	0.18660	0.00285	0.14505	0.00426	0.00349	0.00567
4	0.00711	0.00397	0.00540	0.00540	0.00543	0.00399	0.00344	0.00598	0.00595	0.00796	0.00985	0.01869	0.01056	0.30473	0.04383	0.54446	0.00418	0.00470	0.00217	0.00222
5	0.04710	0.00641	0.00661	0.00609	0.00765	0.07279	0.00464	0.01066	0.03858	0.10053	0.38860	0.06312	0.18445	0.00836	0.00478	0.00138	0.00287	0.00708	0.03377	0.00455
6	0.01060	0.01016	0.01735	0.08820	0.75961	0.01031	0.01329	0.01322	0.00984	0.01401	0.00817	0.01086	0.00683	0.00392	0.00432	0.00131	0.00523	0.00389	0.00214	0.00675
7	0.00708	0.00565	0.00641	0.00648	0.00782	0.00568	0.00490	0.04476	0.17337	0.01384	0.04457	0.27418	0.28185	0.01059	0.00519	0.00161	0.00287	0.09447	0.00415	0.00450
8	0.00575	0.00403	0.00539	0.00626	0.00669	0.00381	0.00446	0.00653	0.00852	0.01121	0.02389	0.60237	0.07588	0.01335	0.00649	0.06791	0.00285	0.13723	0.00388	0.00350
9	0.02890	0.03935	0.01476	0.23858	0.38517	0.09484	0.01124	0.02584	0.02147	0.03849	0.03607	0.02920	0.00824	0.00455	0.00426	0.00133	0.00533	0.00403	0.00241	0.00593
10	0.31533	0.02838	0.01044	0.00865	0.01134	0.23646	0.03114	0.20139	0.01217	0.02916	0.00843	0.03266	0.00676	0.00478	0.00363	0.00127	0.00501	0.00334	0.04418	0.00548
11	0.00618	0.00466	0.00549	0.00573	0.00637	0.02379	0.00402	0.00701	0.00847	0.01105	0.09745	0.22246	0.16980	0.21408	0.10883	0.03884	0.00420	0.05468	0.00344	0.00345
12	0.00664	0.00445	0.00504	0.00511	0.00548	0.00441	0.00322	0.03383	0.00771	0.01057	0.01742	0.14951	0.07053	0.54076	0.01581	0.00323	0.00364	0.02279	0.08669	0.00317
13	0.10514	0.00970	0.01251	0.06375	0.01388	0.07714	0.17748	0.08574	0.15251	0.03418	0.09397	0.01648	0.08189	0.00561	0.00441	0.00137	0.00463	0.00494	0.03374	0.02094
14	0.00562	0.00408	0.00530	0.00576	0.00637	0.00376	0.00403	0.00687	0.00991	0.01350	0.31596	0.49915	0.07994	0.01177	0.00539	0.00161	0.00234	0.01056	0.00432	0.00376
15	0.00589	0.00424	0.00570	0.00667	0.00723	0.00405	0.00503	0.00709	0.00900	0.01182	0.02461	0.53754	0.06260	0.01300	0.00570	0.00184	0.00302	0.27722	0.00404	0.00371
16	0.48782	0.03546	0.00943	0.00777	0.01050	0.17396	0.00628	0.13713	0.01070	0.05616	0.00740	0.00818	0.00565	0.00446	0.00354	0.00130	0.02312	0.00282	0.00295	0.00536
17	0.00752	0.00381	0.00564	0.00564	0.00564	0.00381	0.00373	0.00571	0.00571	0.00762	0.00787	0.01399	0.00797	0.05490	0.01729	0.83158	0.00381	0.00391	0.00193	0.00193
18	0.12881	0.01124	0.03661	0.04698	0.07404	0.08322	0.00802	0.23511	0.17038	0.04783	0.01049	0.01097	0.00788	0.00484	0.00422	0.00129	0.02299	0.00368	0.00343	0.08797
19	0.00778	0.02623	0.00911	0.02712	0.09862	0.00637	0.04818	0.05968	0.05873	0.02662	0.06606	0.42258	0.07519	0.00997	0.00512	0.00159	0.00343	0.03917	0.00375	0.00469
20	0.06005	0.06183	0.17789	0.04216	0.05460	0.11944	0.04963	0.05171	0.12997	0.01442	0.05041	0.04701	0.04690	0.05271	0.00528	0.00152	0.00506	0.02096	0.00291	0.00555

[dist]
# distance from previous block
# <min> <max>
9	38

[block]
# block no. 5 follows, 60 sequences, length 25
# corresponding to MSA columns:
# 376-400
name=unknown_F
#
# <colnr> <probs for GDERKNQSTAVLIFYWHMCP>
#	G	D	E	R	K	N	Q	S	T	A	V	L	I	F	Y	W	H	M	C	P
0	0.03479	0.04832	0.01464	0.05905	0.38987	0.05486	0.02133	0.12135	0.01168	0.11596	0.03771	0.03774	0.02357	0.00491	0.00430	0.00131	0.00485	0.00429	0.00304	0.00645
1	0.05772	0.03594	0.03518	0.04739	0.55640	0.01033	0.04890	0.03083	0.00986	0.03703	0.00913	0.02542	0.02133	0.00441	0.00465	0.00133	0.03875	0.00403	0.00237	0.01900
2	0.01379	0.00878	0.01151	0.05382	0.01283	0.04804	0.07864	0.14040	0.03578	0.29334	0.02944	0.03939	0.01128	0.05320	0.04854	0.00185	0.03920	0.04720	0.00393	0.02901
3	0.00922	0.00847	0.01413	0.37468	0.19495	0.00930	0.09673	0.01281	0.08541	0.03354	0.03780	0.05418	0.03942	0.00521	0.00456	0.00143	0.00515	0.00487	0.00261	0.00553
4	0.01011	0.02012	0.03191	0.01055	0.12269	0.06818	0.05825	0.01220	0.04006	0.13582	0.07129	0.13033	0.16565	0.03359	0.00578	0.00153	0.04921	0.00643	0.02109	0.00521
5	0.13659	0.09477	0.09000	0.00965	0.05275	0.05147	0.07778	0.08289	0.02673	0.06346	0.05719	0.01656	0.13637	0.03340	0.00529	0.00145	0.05051	0.00468	0.00306	0.00539
6	0.03333	0.01203	0.01402	0.01175	0.01303	0.19596	0.11264	0.01264	0.02698	0.01143	0.00810	0.01084	0.03340	0.00707	0.03183	0.00177	0.45208	0.00396	0.00219	0.00497
7	0.00539	0.00393	0.00510	0.00600	0.00642	0.00363	0.00413	0.00625	0.00861	0.01130	0.02613	0.71729	0.11243	0.01330	0.00555	0.00175	0.00257	0.05261	0.00405	0.00358
8	0.03174	0.19712	0.15586	0.04253	0.11693	0.10130	0.13363	0.06968	0.02312	0.04939	0.00935	0.01066	0.03119	0.00436	0.00404	0.00126	0.00569	0.00368	0.00245	0.00602
9	0.01218	0.00774	0.00851	0.00733	0.00947	0.05734	0.00568	0.08031	0.15308	0.24219	0.18254	0.05859	0.06497	0.06551	0.00584	0.00158	0.00353	0.00585	0.02205	0.00571
10	0.00546	0.00392	0.00512	0.00602	0.00637	0.00367	0.00410	0.00627	0.00842	0.01113	0.02449	0.70860	0.07063	0.06049	0.00651	0.00191	0.00269	0.05669	0.00397	0.00353
11	0.01145	0.00909	0.02561	0.04957	0.05738	0.11916	0.00702	0.09492	0.04873	0.13965	0.04910	0.14527	0.01343	0.02276	0.10497	0.00212	0.03269	0.00552	0.05619	0.00535
12	0.01119	0.09218	0.17574	0.13436	0.15689	0.06890	0.10061	0.06286	0.02462	0.07235	0.00942	0.02631	0.00751	0.01966	0.00459	0.00139	0.00567	0.01720	0.00253	0.00603
13	0.00599	0.00409	0.00489	0.00522	0.00534	0.00399	0.00316	0.00631	0.00721	0.00965	0.04328	0.30318	0.02105	0.53906	0.01605	0.00331	0.00359	0.00843	0.00319	0.00299
14	0.00536	0.00416	0.00489	0.00527	0.00616	0.00368	0.00374	0.00645	0.00959	0.01229	0.14226	0.38250	0.37432	0.01187	0.00533	0.00159	0.00233	0.01038	0.00415	0.00368
15	0.01042	0.01312	0.23103	0.17353	0.27724	0.01030	0.05698	0.08330	0.01048	0.04082	0.00884	0.01155	0.00688	0.00448	0.00460	0.00139	0.02429	0.02210	0.00237	0.00628
16	0.02261	0.03350	0.01058	0.02045	0.10744	0.00770	0.04814	0.11375	0.02736	0.17568	0.02952	0.12594	0.06129	0.02726	0.06264	0.00183	0.01709	0.00566	0.09598	0.00560
17	0.64452	0.00911	0.00778	0.00670	0.00950	0.02519	0.00547	0.10635	0.07012	0.06842	0.00815	0.00865	0.00607	0.00442	0.00315	0.00135	0.00365	0.00287	0.00318	0.00537
18	0.00779	0.00443	0.00498	0.00509	0.00607	0.00434	0.00369	0.00983	0.04668	0.05353	0.03534	0.24475	0.05731	0.03517	0.00464	0.00140	0.00240	0.00681	0.46159	0.00415
19	0.02560	0.00686	0.03673	0.02744	0.03212	0.00637	0.11744	0.04423	0.04990	0.03558	0.07431	0.21742	0.08563	0.19811	0.00905	0.01403	0.00402	0.00739	0.00337	0.00439
20	0.06508	0.13927	0.39924	0.04730	0.01551	0.02695	0.02944	0.01321	0.00904	0.05050	0.00808	0.00980	0.00626	0.01980	0.03807	0.00154	0.02796	0.00322	0.00219	0.08756
21	0.01069	0.10578	0.17477	0.03632	0.06839	0.05807	0.06927	0.07552	0.01050	0.06299	0.01113	0.07228	0.04191	0.00504	0.00407	0.00120	0.00489	0.00423	0.00274	0.18022
22	0.01118	0.02666	0.15559	0.05747	0.12213	0.04481	0.04032	0.10807	0.12221	0.07041	0.04699	0.02474	0.01022	0.02045	0.00531	0.00144	0.05668	0.03064	0.00310	0.04158
23	0.05875	0.09254	0.09773	0.09522	0.01351	0.03339	0.02928	0.07752	0.08488	0.15260	0.07971	0.06638	0.02830	0.00589	0.00427	0.00135	0.00433	0.02659	0.00349	0.04428
24	0.01136	0.08622	0.11880	0.05472	0.09712	0.07203	0.07852	0.04250	0.06016	0.13019	0.03329	0.06005	0.05071	0.00649	0.03020	0.00153	0.02404	0.01814	0.00308	0.02086

[dist]
# distance from previous block
# <min> <max>
1	27

[block]
# block no. 6 follows, 60 sequences, length 13
# corresponding to MSA columns:
# 428-440
name=unknown_G
#
# <colnr> <probs for GDERKNQSTAVLIFYWHMCP>
#	G	D	E	R	K	N	Q	S	T	A	V	L	I	F	Y	W	H	M	C	P
0	0.03452	0.05130	0.06697	0.01072	0.03819	0.00951	0.15176	0.07840	0.15666	0.11614	0.01451	0.06656	0.05289	0.00732	0.04608	0.00171	0.04171	0.02661	0.00342	0.02502
1	0.04792	0.03024	0.03430	0.00753	0.00977	0.03857	0.05314	0.08076	0.03987	0.10091	0.10690	0.11335	0.18665	0.02007	0.02321	0.00154	0.02164	0.00638	0.02286	0.05438
2	0.02554	0.03698	0.04908	0.03871	0.01312	0.07556	0.05806	0.07452	0.00910	0.02916	0.00798	0.01049	0.02778	0.00618	0.00943	0.00156	0.44164	0.00379	0.00234	0.07899
3	0.03709	0.03615	0.04057	0.03391	0.02114	0.05098	0.02219	0.10549	0.04844	0.14730	0.02464	0.03110	0.02641	0.04838	0.02335	0.00143	0.03188	0.00399	0.00332	0.26226
4	0.00944	0.00866	0.07978	0.04365	0.01258	0.02831	0.13985	0.04757	0.07596	0.10142	0.01739	0.31150	0.04945	0.03050	0.00539	0.00160	0.00429	0.00746	0.00355	0.02164
5	0.01044	0.00867	0.03446	0.05024	0.01166	0.00920	0.00710	0.17178	0.27530	0.03396	0.01468	0.05712	0.02710	0.04048	0.13522	0.00241	0.02209	0.03629	0.00366	0.04812
6	0.06198	0.06242	0.01188	0.01933	0.07449	0.29038	0.02123	0.07956	0.02955	0.06974	0.04955	0.02734	0.00928	0.00811	0.09645	0.00187	0.03052	0.00382	0.01454	0.03798
7	0.00990	0.00895	0.01468	0.07468	0.31094	0.00869	0.13246	0.01284	0.04913	0.04443	0.03720	0.04086	0.04481	0.00483	0.00450	0.00126	0.01774	0.00458	0.02655	0.15098
8	0.00667	0.00528	0.00769	0.00744	0.00806	0.00641	0.00580	0.00804	0.00692	0.01006	0.01104	0.01691	0.01056	0.08478	0.66768	0.00615	0.11959	0.00467	0.00230	0.00392
9	0.00609	0.00445	0.00622	0.00692	0.00761	0.00425	0.02743	0.00739	0.00904	0.01203	0.02380	0.50408	0.05845	0.01247	0.00560	0.00180	0.00312	0.26284	0.03263	0.00378
10	0.00612	0.00531	0.00533	0.00547	0.00673	0.04050	0.00405	0.00777	0.05242	0.01192	0.03522	0.18928	0.52235	0.03785	0.00573	0.00163	0.00275	0.05174	0.00394	0.00387
11	0.01040	0.00886	0.01024	0.00828	0.05062	0.05119	0.02719	0.05502	0.03181	0.04678	0.00871	0.00983	0.00698	0.00366	0.00351	0.00082	0.00376	0.00298	0.02624	0.63313
12	0.01278	0.14727	0.17256	0.01017	0.01402	0.13236	0.06827	0.14060	0.06619	0.09440	0.02417	0.01122	0.02620	0.00470	0.00404	0.00123	0.00535	0.00368	0.00300	0.05781

[dist]
# distance from previous block
# <min> <max>
0	1

[block]
# block no. 7 follows, 60 sequences, length 18
# corresponding to MSA columns:
# 442-459
name=unknown_H
#
# <colnr> <probs for GDERKNQSTAVLIFYWHMCP>
#	G	D	E	R	K	N	Q	S	T	A	V	L	I	F	Y	W	H	M	C	P
0	0.06008	0.00799	0.00869	0.01855	0.06811	0.06708	0.00632	0.04043	0.21688	0.05025	0.10383	0.03350	0.02732	0.07063	0.07411	0.00208	0.00446	0.06468	0.06976	0.00525
1	0.04227	0.00825	0.00934	0.00704	0.01056	0.00721	0.00565	0.10040	0.08368	0.05632	0.02763	0.01139	0.02809	0.00415	0.00359	0.00089	0.00340	0.00330	0.00318	0.58365
2	0.01059	0.06089	0.04844	0.01567	0.01946	0.09535	0.55836	0.01367	0.01024	0.01320	0.00963	0.03256	0.00813	0.00466	0.00515	0.00145	0.02796	0.05666	0.00233	0.00559
3	0.01099	0.00772	0.00920	0.00691	0.01040	0.00632	0.00552	0.05661	0.03081	0.14799	0.01079	0.06541	0.00888	0.00446	0.00367	0.00089	0.00336	0.00366	0.00329	0.60310
4	0.00627	0.00453	0.00631	0.00631	0.00685	0.00507	0.00458	0.00734	0.00680	0.00961	0.01232	0.02068	0.01244	0.28585	0.57841	0.00614	0.00936	0.00519	0.00243	0.00350
5	0.19676	0.02862	0.11826	0.06407	0.01409	0.00919	0.11317	0.08192	0.02987	0.21380	0.01107	0.03468	0.00837	0.05141	0.00508	0.00154	0.00472	0.00413	0.00333	0.00592
6	0.01114	0.01062	0.01242	0.01026	0.01223	0.13977	0.08350	0.11498	0.01025	0.03560	0.00857	0.01122	0.00729	0.01088	0.17314	0.00252	0.22271	0.00383	0.00258	0.11649
7	0.00536	0.00384	0.00517	0.00612	0.00641	0.00365	0.00413	0.00617	0.00828	0.01108	0.02335	0.79811	0.02785	0.01472	0.05117	0.00206	0.00304	0.01197	0.00395	0.00356
8	0.01159	0.01186	0.01693	0.02453	0.70342	0.12830	0.01267	0.01397	0.01028	0.01373	0.00799	0.01037	0.00672	0.00397	0.00426	0.00127	0.00557	0.00373	0.00217	0.00664
9	0.00531	0.00382	0.00503	0.00601	0.00631	0.00355	0.00402	0.00608	0.00841	0.01116	0.02486	0.81133	0.06086	0.01356	0.00555	0.00176	0.00252	0.01227	0.00405	0.00355
10	0.00654	0.00447	0.00526	0.00524	0.00544	0.00458	0.00321	0.02787	0.00692	0.00932	0.01401	0.07394	0.01579	0.67929	0.11660	0.00434	0.00503	0.00643	0.00273	0.00297
11	0.09072	0.01996	0.04219	0.05624	0.05755	0.03598	0.00662	0.01419	0.18990	0.10171	0.20172	0.02134	0.13081	0.00674	0.00447	0.00139	0.00351	0.00561	0.00391	0.00544
12	0.01096	0.07749	0.01490	0.26973	0.17817	0.14110	0.07695	0.01396	0.07058	0.04029	0.00907	0.01195	0.00737	0.05314	0.00527	0.00149	0.00571	0.00393	0.00240	0.00555
13	0.00874	0.05135	0.44186	0.01096	0.03318	0.00926	0.07280	0.02355	0.07944	0.01379	0.05115	0.01507	0.06103	0.08572	0.00602	0.00164	0.00537	0.00440	0.00251	0.02215
14	0.00773	0.00833	0.11320	0.00718	0.00890	0.05348	0.00608	0.07602	0.03021	0.01297	0.04752	0.27019	0.14943	0.14820	0.00785	0.00199	0.00384	0.03907	0.00348	0.00433
15	0.00993	0.00887	0.02983	0.02101	0.18750	0.04014	0.05383	0.05518	0.02560	0.04943	0.08018	0.06272	0.04797	0.03721	0.00488	0.00126	0.00414	0.00471	0.00303	0.27257
16	0.01223	0.06355	0.01301	0.02870	0.12932	0.08816	0.04457	0.24909	0.06337	0.03388	0.08191	0.01460	0.06786	0.00538	0.00428	0.00124	0.00460	0.00443	0.00341	0.08641
