[name]
unknown

[dist]
# distance from previous block
# <min> <max>
0	60

[block]
# block no. 0 follows, 65 sequences, length 36
# corresponding to MSA columns:
# 70-105
name=unknown_A
#
# <colnr> <probs for GDERKNQSTAVLIFYWHMCP>
#	G	D	E	R	K	N	Q	S	T	A	V	L	I	F	Y	W	H	M	C	P
0	0.00516	0.00375	0.00491	0.00578	0.00619	0.00349	0.00405	0.00603	0.00816	0.01073	0.02419	0.69535	0.09692	0.01248	0.00525	0.00167	0.00250	0.09618	0.00381	0.00339
1	0.00813	0.00616	0.02293	0.00656	0.00811	0.00612	0.00504	0.01285	0.28056	0.08551	0.15022	0.22360	0.11346	0.03621	0.00517	0.00152	0.00280	0.01611	0.00407	0.00484
2	0.00498	0.00364	0.00469	0.00553	0.00590	0.00335	0.00373	0.00574	0.00804	0.01055	0.02494	0.75351	0.12520	0.01256	0.00519	0.00163	0.00234	0.01130	0.00381	0.00335
3	0.01097	0.85821	0.02151	0.00702	0.01054	0.01624	0.00702	0.01229	0.00834	0.00966	0.00571	0.00658	0.00527	0.00351	0.00263	0.00088	0.00439	0.00219	0.00176	0.00527
4	0.00898	0.05083	0.08162	0.00682	0.01063	0.00679	0.00604	0.04986	0.02258	0.01383	0.00750	0.00861	0.00611	0.00327	0.00317	0.00073	0.00345	0.00257	0.00245	0.70417
5	0.01114	0.05040	0.01692	0.19556	0.09297	0.05446	0.29444	0.10561	0.01068	0.09459	0.00907	0.01150	0.00686	0.00417	0.00431	0.00131	0.00564	0.02218	0.00257	0.00563
6	0.00502	0.00361	0.00473	0.00561	0.00590	0.00336	0.00374	0.00573	0.00789	0.01045	0.02336	0.79134	0.06781	0.03328	0.00560	0.00171	0.00241	0.01138	0.00378	0.00332
7	0.01012	0.00950	0.01565	0.12709	0.66171	0.00983	0.01201	0.05163	0.03739	0.01378	0.00808	0.01042	0.00660	0.00384	0.00407	0.00124	0.00488	0.00369	0.00218	0.00628
8	0.00675	0.00475	0.00655	0.00646	0.00738	0.00522	0.00492	0.00888	0.07578	0.05054	0.06024	0.11192	0.03340	0.04235	0.52538	0.02926	0.00791	0.00551	0.00285	0.00395
9	0.00804	0.00544	0.00635	0.00615	0.00636	0.08758	0.00428	0.00668	0.00602	0.00756	0.00696	0.01179	0.00686	0.01290	0.01468	0.74772	0.04712	0.00347	0.00182	0.00222
10	0.00662	0.00439	0.00579	0.00540	0.00651	0.00404	0.00413	0.00853	0.01153	0.06652	0.74186	0.03034	0.03630	0.00832	0.00483	0.00132	0.00212	0.04288	0.00452	0.00406
11	0.00499	0.00361	0.00473	0.00562	0.00593	0.00334	0.00377	0.00573	0.00795	0.01051	0.02374	0.80537	0.07412	0.01272	0.00522	0.00165	0.00236	0.01149	0.00381	0.00334
12	0.00563	0.00384	0.00498	0.00555	0.00599	0.00362	0.00376	0.00642	0.00804	0.03753	0.07060	0.59438	0.07408	0.10606	0.04734	0.00211	0.00297	0.01000	0.00367	0.00342
13	0.00851	0.00730	0.00851	0.00608	0.00973	0.00547	0.00486	0.01034	0.00851	0.01338	0.00730	0.00851	0.00608	0.00304	0.00304	0.00061	0.00304	0.00243	0.00243	0.88083
14	0.00485	0.00416	0.00416	0.00416	0.00554	0.00347	0.00312	0.00589	0.00936	0.01109	0.04158	0.03950	0.82847	0.01040	0.00485	0.00139	0.00208	0.00866	0.00381	0.00347
15	0.01310	0.00983	0.01064	0.00866	0.01130	0.01086	0.00694	0.56529	0.14041	0.02203	0.01274	0.12832	0.01080	0.02374	0.00462	0.00137	0.00401	0.00500	0.00404	0.00631
16	0.00559	0.00418	0.00477	0.00472	0.00576	0.00375	0.00341	0.00669	0.00918	0.03136	0.19944	0.09553	0.43095	0.12715	0.04755	0.00199	0.00280	0.00794	0.00373	0.00350
17	0.00819	0.00486	0.00626	0.00559	0.00704	0.00445	0.00430	0.01033	0.03911	0.16489	0.59561	0.02774	0.08967	0.00784	0.00469	0.00130	0.00228	0.00682	0.00456	0.00450
18	0.00634	0.00460	0.00626	0.00711	0.00805	0.00451	0.00610	0.00807	0.00934	0.01206	0.02377	0.09437	0.10431	0.01134	0.00556	0.00183	0.00353	0.67535	0.00378	0.00372
19	0.00537	0.00410	0.00486	0.00482	0.00581	0.00367	0.00352	0.00674	0.01008	0.01337	0.40479	0.12670	0.33016	0.05074	0.00567	0.00150	0.00214	0.00829	0.00408	0.00359
20	0.00595	0.00389	0.00517	0.00580	0.00633	0.00360	0.00404	0.00686	0.00847	0.06236	0.08092	0.69158	0.04668	0.01193	0.00515	0.00162	0.00246	0.03963	0.00394	0.00362
21	0.00659	0.00468	0.00570	0.00533	0.00642	0.00450	0.00392	0.00903	0.08406	0.04497	0.52684	0.02913	0.12027	0.12244	0.00692	0.00167	0.00240	0.00699	0.00416	0.00399
22	0.78856	0.02540	0.00682	0.00578	0.00823	0.00940	0.00479	0.01227	0.00716	0.04928	0.00610	0.00707	0.00473	0.00403	0.00316	0.00129	0.04641	0.00237	0.00258	0.00456
23	0.00537	0.00401	0.00503	0.00535	0.00614	0.00366	0.00392	0.00666	0.00956	0.01273	0.29050	0.33094	0.21031	0.01071	0.00506	0.00150	0.00229	0.07863	0.00404	0.00358
24	0.00619	0.00415	0.00528	0.00582	0.00649	0.00395	0.00415	0.00763	0.04540	0.05178	0.04342	0.56864	0.08338	0.03094	0.00539	0.00164	0.00257	0.07507	0.04438	0.00372
25	0.00833	0.00792	0.01352	0.64633	0.20642	0.00929	0.02822	0.01101	0.00849	0.01119	0.00741	0.01077	0.00572	0.00399	0.00411	0.00134	0.00537	0.00367	0.00188	0.00501
26	0.01143	0.01185	0.01700	0.05508	0.01664	0.14090	0.33589	0.15819	0.03372	0.01435	0.00794	0.01002	0.00620	0.00460	0.00602	0.00138	0.15687	0.00400	0.00244	0.00547
27	0.00802	0.02801	0.00822	0.00737	0.00864	0.12676	0.03233	0.03737	0.03977	0.01098	0.01288	0.05859	0.06129	0.04020	0.44238	0.00411	0.01861	0.00473	0.04563	0.00411
28	0.00646	0.00475	0.00527	0.00500	0.00644	0.00428	0.00378	0.04876	0.02700	0.06003	0.16854	0.10615	0.51935	0.00959	0.00479	0.00138	0.00231	0.00812	0.00403	0.00397
29	0.01001	0.00841	0.00919	0.00851	0.01042	0.08807	0.03761	0.10473	0.25756	0.04671	0.01696	0.07674	0.02589	0.00772	0.00472	0.00152	0.00405	0.27219	0.00376	0.00522
30	0.09458	0.02132	0.01678	0.00608	0.00752	0.02546	0.02337	0.02269	0.06183	0.02472	0.32902	0.09886	0.13173	0.03134	0.05823	0.00176	0.00330	0.03354	0.00372	0.00415
31	0.00569	0.00429	0.00521	0.00591	0.00633	0.02411	0.00403	0.03266	0.00827	0.01088	0.02151	0.71930	0.04076	0.05564	0.01747	0.00182	0.00280	0.02617	0.00369	0.00346
32	0.00566	0.00426	0.00521	0.00568	0.00642	0.00404	0.00406	0.03325	0.04037	0.01185	0.07773	0.52735	0.19342	0.01144	0.00508	0.00157	0.00247	0.05261	0.00388	0.00366
33	0.22969	0.01002	0.03069	0.03798	0.07116	0.07222	0.13892	0.14068	0.10059	0.03142	0.01008	0.05244	0.00843	0.00498	0.00394	0.00133	0.00459	0.04248	0.00295	0.00542
34	0.10727	0.04887	0.00888	0.00641	0.00951	0.02617	0.00515	0.06704	0.01978	0.03446	0.00901	0.08964	0.00811	0.00434	0.00331	0.00088	0.00328	0.00345	0.00274	0.54170
35	0.05213	0.11415	0.01465	0.02884	0.29967	0.06501	0.04617	0.18339	0.08887	0.03367	0.00916	0.03014	0.00740	0.00438	0.00388	0.00121	0.00469	0.00370	0.00278	0.00610

[dist]
# distance from previous block
# <min> <max>
11	15

[block]
# block no. 1 follows, 65 sequences, length 17
# corresponding to MSA columns:
# 123-139
name=unknown_B
#
# <colnr> <probs for GDERKNQSTAVLIFYWHMCP>
#	G	D	E	R	K	N	Q	S	T	A	V	L	I	F	Y	W	H	M	C	P
0	0.01014	0.02883	0.07184	0.01488	0.01863	0.03460	0.56985	0.05289	0.03582	0.03556	0.00914	0.02934	0.00722	0.00421	0.00502	0.00138	0.04189	0.02083	0.00236	0.00556
1	0.03000	0.00591	0.00770	0.00716	0.00784	0.02615	0.02625	0.00880	0.06472	0.01003	0.01083	0.04324	0.01074	0.21230	0.33215	0.04351	0.14180	0.00476	0.00238	0.00373
2	0.00517	0.00392	0.00480	0.00538	0.00606	0.00359	0.00381	0.00629	0.02270	0.01116	0.06809	0.52168	0.25737	0.01172	0.00511	0.00157	0.00236	0.05186	0.00385	0.00348
3	0.06352	0.03564	0.01449	0.03564	0.15325	0.07263	0.19818	0.12590	0.03508	0.05305	0.02974	0.05214	0.02778	0.00561	0.02199	0.00143	0.03545	0.03018	0.00280	0.00552
4	0.00891	0.00922	0.07219	0.30016	0.37902	0.00917	0.01139	0.03226	0.00883	0.01223	0.00800	0.02633	0.00666	0.00590	0.05324	0.01802	0.02718	0.00380	0.00203	0.00546
5	0.11812	0.00675	0.00821	0.00677	0.00932	0.00638	0.00546	0.06734	0.02723	0.46548	0.03259	0.09878	0.04762	0.00612	0.00407	0.00131	0.00326	0.02684	0.03215	0.02619
6	0.01022	0.00954	0.01471	0.19927	0.04258	0.06234	0.25688	0.11296	0.07242	0.05242	0.02415	0.02681	0.08690	0.00496	0.00441	0.00133	0.00522	0.00471	0.00280	0.00536
7	0.03914	0.00740	0.00813	0.00705	0.00916	0.06922	0.00556	0.09141	0.06890	0.30721	0.08329	0.13826	0.03604	0.00680	0.00427	0.00133	0.00343	0.04156	0.06641	0.00546
8	0.00550	0.00386	0.00474	0.00516	0.00543	0.00373	0.00333	0.00602	0.00724	0.00960	0.03801	0.37601	0.07408	0.37183	0.04125	0.00280	0.00338	0.03180	0.00321	0.00302
9	0.04676	0.00617	0.00913	0.22476	0.15859	0.00661	0.00755	0.00934	0.04260	0.01195	0.03871	0.28380	0.08162	0.00786	0.00455	0.00146	0.00372	0.04742	0.00296	0.00444
10	0.23624	0.00964	0.04086	0.06215	0.12538	0.07300	0.09082	0.03337	0.09150	0.12800	0.02327	0.02487	0.02142	0.01748	0.00404	0.00133	0.00441	0.00378	0.00294	0.00548
11	0.04143	0.01837	0.01154	0.01043	0.01239	0.74808	0.00791	0.01574	0.01106	0.01029	0.00625	0.00751	0.00527	0.00445	0.00444	0.00112	0.07418	0.00271	0.00210	0.00473
12	0.39456	0.00934	0.00806	0.04493	0.00992	0.13286	0.00576	0.10978	0.00927	0.03257	0.00783	0.00999	0.00648	0.05148	0.10167	0.00200	0.02531	0.00310	0.03045	0.00465
13	0.08625	0.00931	0.00990	0.01926	0.08189	0.08595	0.00674	0.26828	0.05098	0.01674	0.07368	0.02352	0.02193	0.08486	0.00694	0.05229	0.06802	0.00417	0.02417	0.00515
14	0.02471	0.01129	0.00867	0.00787	0.00957	0.35672	0.01617	0.03295	0.04786	0.04415	0.23020	0.05136	0.09074	0.03023	0.01850	0.00138	0.00475	0.00514	0.00325	0.00449
15	0.00512	0.00367	0.00479	0.00555	0.00588	0.00342	0.00372	0.00591	0.00813	0.01088	0.09247	0.71233	0.05160	0.05828	0.00605	0.00175	0.00242	0.01090	0.00380	0.00334
16	0.01091	0.01829	0.00972	0.00840	0.02662	0.08854	0.00648	0.24608	0.12584	0.01646	0.03303	0.12010	0.01131	0.00645	0.00521	0.03223	0.06689	0.02347	0.03973	0.10424

[dist]
# distance from previous block
# <min> <max>
0	1

[block]
# block no. 2 follows, 65 sequences, length 17
# corresponding to MSA columns:
# 141-157
name=unknown_C
#
# <colnr> <probs for GDERKNQSTAVLIFYWHMCP>
#	G	D	E	R	K	N	Q	S	T	A	V	L	I	F	Y	W	H	M	C	P
0	0.01051	0.04375	0.17290	0.07829	0.30177	0.00957	0.01070	0.09367	0.04236	0.07923	0.00903	0.02059	0.00710	0.01534	0.02685	0.00142	0.02968	0.00365	0.00252	0.04104
1	0.00988	0.06829	0.28888	0.03591	0.09815	0.02946	0.08580	0.10498	0.09657	0.02260	0.00908	0.02190	0.00711	0.00614	0.05845	0.00164	0.04317	0.00371	0.00244	0.00583
2	0.06132	0.12941	0.24600	0.00971	0.01381	0.01094	0.06152	0.26076	0.01233	0.14199	0.00922	0.00960	0.00654	0.00431	0.00381	0.00122	0.00486	0.00336	0.00304	0.00625
3	0.00591	0.00397	0.00457	0.00462	0.00473	0.00394	0.00271	0.00597	0.00623	0.00826	0.01465	0.06282	0.06051	0.70950	0.04408	0.04217	0.00400	0.00622	0.00258	0.00258
4	0.00989	0.10593	0.23258	0.05757	0.10028	0.07896	0.11303	0.05635	0.05055	0.03705	0.01106	0.06355	0.05553	0.00492	0.00406	0.00127	0.00518	0.00425	0.00245	0.00554
5	0.01104	0.03478	0.03664	0.02887	0.03489	0.14018	0.03780	0.13069	0.05524	0.11277	0.04749	0.05929	0.12195	0.00676	0.00439	0.00134	0.00430	0.10960	0.01680	0.00516
6	0.00821	0.00770	0.01266	0.68920	0.12731	0.00927	0.01123	0.01148	0.06101	0.01129	0.00796	0.01113	0.00606	0.00414	0.00410	0.00135	0.00525	0.00371	0.00200	0.00493
7	0.00875	0.00893	0.01715	0.14270	0.21739	0.00884	0.35285	0.01149	0.00948	0.01293	0.08804	0.04662	0.04611	0.00474	0.00456	0.00134	0.00534	0.00505	0.00240	0.00529
8	0.02341	0.07818	0.21448	0.01164	0.07221	0.06669	0.15169	0.08807	0.05351	0.04688	0.01083	0.12360	0.00964	0.00542	0.00421	0.00132	0.00510	0.02491	0.00267	0.00555
9	0.00725	0.00545	0.00814	0.00756	0.02186	0.00606	0.05427	0.00852	0.00722	0.06296	0.01289	0.04725	0.05547	0.15385	0.42569	0.00445	0.09963	0.00505	0.00252	0.00392
10	0.00547	0.00403	0.00528	0.00579	0.00617	0.00407	0.00404	0.00626	0.00753	0.01008	0.02035	0.48878	0.08085	0.14411	0.11780	0.00267	0.03358	0.04651	0.00332	0.00332
11	0.01038	0.00745	0.00775	0.00672	0.00862	0.07509	0.00524	0.16905	0.03118	0.14257	0.14575	0.08364	0.21192	0.02830	0.01765	0.00146	0.01626	0.00613	0.01990	0.00494
12	0.02647	0.08420	0.27979	0.01308	0.14157	0.06597	0.11843	0.05536	0.05220	0.05596	0.00838	0.00960	0.00632	0.00394	0.00389	0.00120	0.00534	0.00340	0.00234	0.06255
13	0.00883	0.03586	0.07921	0.04139	0.19741	0.04443	0.06108	0.02164	0.06917	0.05263	0.18390	0.10233	0.05932	0.00633	0.00440	0.00132	0.00400	0.01842	0.00315	0.00517
14	0.00531	0.00377	0.00501	0.00569	0.00597	0.00370	0.00385	0.00604	0.00745	0.01002	0.01962	0.59494	0.02301	0.14619	0.11312	0.00266	0.00376	0.03323	0.00340	0.00326
15	0.04947	0.03127	0.03686	0.12003	0.16937	0.12260	0.00881	0.16577	0.10771	0.11810	0.01011	0.02486	0.00766	0.00460	0.00397	0.00125	0.00477	0.00372	0.00308	0.00598
16	0.12334	0.08526	0.25386	0.01036	0.04936	0.07605	0.04060	0.22759	0.04324	0.04082	0.00827	0.00903	0.00612	0.00423	0.00372	0.00123	0.00505	0.00320	0.00272	0.00598

[dist]
# distance from previous block
# <min> <max>
0	2

[block]
# block no. 3 follows, 65 sequences, length 6
# corresponding to MSA columns:
# 160-165
name=unknown_D
#
# <colnr> <probs for GDERKNQSTAVLIFYWHMCP>
#	G	D	E	R	K	N	Q	S	T	A	V	L	I	F	Y	W	H	M	C	P
0	0.00717	0.00502	0.00657	0.00624	0.00702	0.00553	0.00460	0.06460	0.00766	0.04526	0.01301	0.04677	0.04195	0.27159	0.41132	0.00467	0.03952	0.00517	0.00264	0.00370
1	0.00595	0.00434	0.00551	0.00579	0.00638	0.00432	0.00409	0.04803	0.00859	0.01147	0.09133	0.47738	0.12018	0.05905	0.04898	0.05214	0.03028	0.00912	0.00355	0.00350
2	0.01516	0.04993	0.05835	0.01072	0.15125	0.06609	0.00774	0.01704	0.01098	0.50375	0.05708	0.01310	0.01022	0.00481	0.00404	0.00123	0.00411	0.00397	0.00397	0.00644
3	0.00995	0.11180	0.13819	0.04116	0.27583	0.05512	0.09919	0.01246	0.00939	0.05492	0.04137	0.03547	0.02973	0.00452	0.00401	0.00121	0.00494	0.02062	0.00236	0.04775
4	0.03244	0.06814	0.05801	0.04673	0.16643	0.05115	0.04949	0.06729	0.03443	0.11624	0.07462	0.05672	0.08712	0.00561	0.00413	0.00125	0.00416	0.02356	0.00309	0.04939
5	0.05811	0.05208	0.17518	0.00943	0.06321	0.15594	0.02212	0.01278	0.03556	0.07316	0.05249	0.07086	0.04003	0.00501	0.00381	0.00114	0.00458	0.00402	0.00269	0.15780

[dist]
# distance from previous block
# <min> <max>
9	28

[block]
# block no. 4 follows, 65 sequences, length 90
# corresponding to MSA columns:
# 194-283
name=unknown_E
#
# <colnr> <probs for GDERKNQSTAVLIFYWHMCP>
#	G	D	E	R	K	N	Q	S	T	A	V	L	I	F	Y	W	H	M	C	P
0	0.02239	0.00820	0.01057	0.00769	0.01129	0.00699	0.08390	0.11716	0.01025	0.07228	0.00833	0.00929	0.00647	0.00348	0.00342	0.00082	0.00364	0.00295	0.00280	0.60807
1	0.20996	0.01320	0.01106	0.01107	0.12747	0.32176	0.00766	0.16366	0.03251	0.05371	0.00777	0.00859	0.00600	0.00426	0.00360	0.00118	0.00527	0.00301	0.00276	0.00550
2	0.07500	0.00873	0.00908	0.00807	0.01023	0.11416	0.02581	0.11416	0.11144	0.17895	0.02251	0.05758	0.03108	0.02200	0.00471	0.00147	0.00413	0.19179	0.00377	0.00532
3	0.01294	0.01128	0.01037	0.00884	0.01126	0.18195	0.00699	0.34253	0.15685	0.04084	0.01227	0.07979	0.01048	0.02636	0.00461	0.00136	0.00461	0.05279	0.00362	0.02024
4	0.09524	0.52330	0.20280	0.00839	0.01234	0.05113	0.03339	0.01264	0.00847	0.01138	0.00619	0.00724	0.00520	0.00366	0.00303	0.00103	0.00486	0.00249	0.00185	0.00535
5	0.16699	0.00771	0.00897	0.00759	0.02963	0.01519	0.00596	0.09000	0.10205	0.43037	0.02536	0.02740	0.01010	0.03509	0.00449	0.00139	0.00355	0.01781	0.00420	0.00614
6	0.00595	0.00438	0.00576	0.00645	0.00735	0.00419	0.00530	0.00748	0.00929	0.01201	0.07762	0.18853	0.17203	0.01125	0.00539	0.00172	0.00310	0.46470	0.00384	0.00365
7	0.00722	0.00554	0.00753	0.00882	0.08774	0.00567	0.00645	0.01848	0.09573	0.01256	0.04222	0.09553	0.02032	0.10477	0.00699	0.00197	0.00370	0.46102	0.00353	0.00419
8	0.07551	0.05255	0.04286	0.01165	0.04034	0.27644	0.20239	0.12843	0.04789	0.04721	0.00820	0.00932	0.00627	0.00411	0.00394	0.00119	0.00585	0.00346	0.00261	0.02977
9	0.06774	0.00531	0.00684	0.00745	0.00864	0.00545	0.00646	0.05287	0.00982	0.01343	0.02037	0.04144	0.03719	0.01045	0.00535	0.00180	0.00374	0.68795	0.00371	0.00399
10	0.02896	0.00596	0.00798	0.00672	0.00900	0.00528	0.00536	0.01530	0.01083	0.53709	0.10496	0.16510	0.03019	0.00714	0.00445	0.00137	0.00311	0.04074	0.00468	0.00577
11	0.00926	0.00867	0.01421	0.04725	0.62977	0.00871	0.01084	0.01187	0.04100	0.01329	0.04317	0.03999	0.06951	0.00494	0.00424	0.00128	0.00440	0.02922	0.00244	0.00593
12	0.59177	0.00959	0.00778	0.00675	0.00934	0.08432	0.00545	0.13064	0.09157	0.01863	0.00749	0.00807	0.00571	0.00419	0.00304	0.00126	0.00376	0.00272	0.00290	0.00505
13	0.01463	0.01779	0.01332	0.01135	0.01382	0.66239	0.11213	0.08360	0.01203	0.01178	0.00689	0.00808	0.00555	0.00419	0.00388	0.00111	0.00710	0.00302	0.00228	0.00505
14	0.00781	0.00455	0.00582	0.00589	0.00699	0.00415	0.00443	0.00891	0.00905	0.16194	0.04630	0.31562	0.17454	0.08693	0.00644	0.00178	0.00289	0.13799	0.00394	0.00404
15	0.07729	0.00568	0.00729	0.00664	0.00858	0.00528	0.00541	0.01295	0.01018	0.35231	0.08092	0.12882	0.07380	0.00808	0.00462	0.00148	0.00318	0.19811	0.00429	0.00509
16	0.03109	0.01782	0.01147	0.01030	0.01249	0.70303	0.01679	0.08198	0.01204	0.01166	0.00744	0.00964	0.00637	0.00464	0.00383	0.00112	0.00689	0.04413	0.00237	0.00489
17	0.00592	0.00425	0.00568	0.00574	0.00623	0.00458	0.00412	0.00685	0.00676	0.00933	0.03312	0.02343	0.03975	0.34497	0.42075	0.00497	0.00730	0.06049	0.00253	0.00322
18	0.00533	0.00415	0.00465	0.00464	0.00582	0.00359	0.00343	0.00656	0.00977	0.02617	0.23092	0.13419	0.52603	0.01011	0.00488	0.00139	0.00210	0.00864	0.00401	0.00361
19	0.00920	0.00736	0.00864	0.00621	0.00983	0.00565	0.00499	0.02688	0.00891	0.05911	0.00784	0.00884	0.00632	0.00319	0.00312	0.00066	0.00309	0.00255	0.00261	0.81498
20	0.00969	0.01107	0.02422	0.01730	0.02145	0.01038	0.81522	0.01315	0.00969	0.01315	0.00830	0.01107	0.00623	0.00346	0.00484	0.00138	0.00692	0.00484	0.00208	0.00554
21	0.01049	0.00862	0.00924	0.00815	0.01060	0.00968	0.00636	0.02093	0.72724	0.05636	0.01603	0.01478	0.01197	0.00537	0.00410	0.00133	0.00325	0.00446	0.00410	0.06693
22	0.00579	0.00406	0.00509	0.00525	0.00611	0.00367	0.00378	0.00706	0.00971	0.04462	0.32546	0.34929	0.19408	0.01040	0.00497	0.00145	0.00220	0.00919	0.00412	0.00370
23	0.00524	0.00425	0.00471	0.00494	0.00613	0.00375	0.00379	0.00655	0.02101	0.01145	0.06018	0.13114	0.58144	0.01068	0.00501	0.00149	0.00238	0.12847	0.00383	0.00355
24	0.00696	0.00512	0.00687	0.00764	0.00871	0.00526	0.00660	0.00979	0.08831	0.01276	0.02125	0.04330	0.02255	0.01078	0.00552	0.00184	0.00373	0.72514	0.00382	0.00404
25	0.19113	0.00575	0.00654	0.00596	0.00709	0.00616	0.00437	0.09344	0.04662	0.05003	0.00840	0.01219	0.00749	0.06841	0.01120	0.46218	0.00359	0.00354	0.00250	0.00340
26	0.00704	0.00362	0.00543	0.00543	0.00548	0.00367	0.00367	0.00548	0.00543	0.00730	0.00740	0.01273	0.00735	0.01540	0.07294	0.82018	0.00408	0.00362	0.00181	0.00191
27	0.00582	0.00426	0.00549	0.00539	0.00634	0.00398	0.00407	0.00778	0.02709	0.01530	0.63321	0.11169	0.08108	0.00909	0.00492	0.00138	0.00214	0.06279	0.00435	0.00384
28	0.01537	0.01856	0.01172	0.01043	0.01269	0.73636	0.00792	0.11600	0.01259	0.01202	0.00678	0.00771	0.00550	0.00432	0.00375	0.00108	0.00704	0.00277	0.00236	0.00504
29	0.00767	0.00648	0.00874	0.00793	0.00850	0.00813	0.00624	0.05385	0.04039	0.01063	0.00955	0.01498	0.00923	0.14957	0.34771	0.00403	0.29568	0.00434	0.00229	0.00406
30	0.00588	0.00395	0.00454	0.00463	0.00467	0.00394	0.00266	0.00597	0.00616	0.00822	0.01379	0.10317	0.01597	0.76162	0.03538	0.00382	0.00397	0.00647	0.00260	0.00259
31	0.00597	0.00398	0.00448	0.00448	0.00448	0.00398	0.00249	0.00597	0.00597	0.00796	0.01293	0.02686	0.01492	0.85574	0.02089	0.00398	0.00398	0.00597	0.00249	0.00249
32	0.05650	0.00794	0.02612	0.06615	0.04072	0.00756	0.00693	0.09195	0.09042	0.50977	0.02547	0.01387	0.00997	0.00510	0.00409	0.00130	0.00377	0.02155	0.00435	0.00650
33	0.80043	0.00907	0.00658	0.00590	0.00840	0.08969	0.00478	0.01249	0.00744	0.01761	0.00578	0.00674	0.00453	0.00385	0.00265	0.00125	0.00359	0.00226	0.00250	0.00448
34	0.00640	0.00442	0.00530	0.00519	0.00551	0.00462	0.00333	0.04642	0.00682	0.00924	0.01270	0.05020	0.01398	0.62064	0.18432	0.00430	0.00537	0.00572	0.00255	0.00297
35	0.00553	0.00414	0.00513	0.00497	0.00599	0.00374	0.00370	0.00718	0.01084	0.01481	0.59104	0.09095	0.21855	0.00917	0.00487	0.00134	0.00200	0.00801	0.00431	0.00374
36	0.00603	0.00406	0.00507	0.00534	0.00620	0.00365	0.00380	0.00710	0.00915	0.06849	0.16554	0.45120	0.22723	0.01094	0.00500	0.00151	0.00231	0.00967	0.00402	0.00371
37	0.00643	0.00459	0.00636	0.00728	0.00812	0.00456	0.00621	0.00815	0.00918	0.01197	0.02155	0.12717	0.02371	0.03734	0.00609	0.00193	0.00364	0.69827	0.00374	0.00370
38	0.00963	0.00932	0.01620	0.19590	0.61485	0.00966	0.06002	0.01219	0.00913	0.01279	0.00767	0.01038	0.00627	0.00374	0.00412	0.00126	0.00512	0.00373	0.00199	0.00604
39	0.00500	0.00357	0.00476	0.00572	0.00595	0.00333	0.00381	0.00572	0.00786	0.01048	0.02262	0.85306	0.02715	0.01286	0.00524	0.00167	0.00238	0.01167	0.00381	0.00333
40	0.00851	0.00730	0.00851	0.00608	0.00973	0.00547	0.00486	0.01034	0.00851	0.01338	0.00730	0.00851	0.00608	0.00304	0.00304	0.00061	0.00304	0.00243	0.00243	0.88083
41	0.00597	0.00398	0.00448	0.00448	0.00448	0.00398	0.00249	0.00597	0.00597	0.00796	0.01293	0.02686	0.01492	0.85574	0.02089	0.00398	0.00398	0.00597	0.00249	0.00249
42	0.00887	0.00790	0.00918	0.00756	0.06652	0.03513	0.00551	0.01071	0.00868	0.01326	0.00729	0.00859	0.00608	0.00312	0.00313	0.00067	0.00332	0.00252	0.00239	0.78957
43	0.00501	0.00359	0.00476	0.00568	0.00595	0.00334	0.00380	0.00575	0.00794	0.01057	0.03436	0.82717	0.04134	0.01275	0.00523	0.00166	0.00237	0.01156	0.00382	0.00334
44	0.01021	0.00882	0.00928	0.00835	0.01067	0.01021	0.00650	0.02181	0.82272	0.01717	0.01671	0.01532	0.01253	0.00557	0.00418	0.00139	0.00325	0.00464	0.00418	0.00650
45	0.02516	0.12406	0.03780	0.00627	0.00800	0.02297	0.00514	0.07653	0.00965	0.03622	0.09328	0.25527	0.17353	0.00942	0.03033	0.02954	0.00336	0.02187	0.00337	0.02824
46	0.14669	0.00942	0.01260	0.40222	0.20357	0.09597	0.03476	0.02602	0.00887	0.01269	0.00712	0.00971	0.00557	0.00397	0.00383	0.00128	0.00521	0.00336	0.00206	0.00507
47	0.00597	0.00398	0.00448	0.00448	0.00448	0.00398	0.00249	0.00597	0.00597	0.00796	0.01293	0.02686	0.01492	0.85574	0.02089	0.00398	0.00398	0.00597	0.00249	0.00249
48	0.01016	0.00975	0.01666	0.02520	0.83013	0.00975	0.01260	0.01260	0.00935	0.01341	0.00772	0.01016	0.00650	0.00366	0.00406	0.00122	0.00488	0.00366	0.00203	0.00650
49	0.03267	0.02333	0.35527	0.01085	0.01536	0.01947	0.10686	0.23701	0.02787	0.05920	0.00874	0.00960	0.00626	0.00417	0.00398	0.00124	0.00527	0.00345	0.00273	0.06669
50	0.00654	0.00467	0.00651	0.00733	0.00827	0.00464	0.00635	0.00843	0.00966	0.01269	0.09991	0.04479	0.02509	0.01105	0.00559	0.00183	0.00360	0.72541	0.00385	0.00379
51	0.00515	0.00366	0.00481	0.00558	0.00587	0.00343	0.00373	0.00593	0.00809	0.01088	0.10005	0.71623	0.02743	0.07066	0.00628	0.00179	0.00245	0.01086	0.00379	0.00333
52	0.00969	0.01107	0.02422	0.01730	0.02145	0.01038	0.81522	0.01315	0.00969	0.01315	0.00830	0.01107	0.00623	0.00346	0.00484	0.00138	0.00692	0.00484	0.00208	0.00554
53	0.01480	0.01349	0.01242	0.01007	0.01295	0.26767	0.05704	0.40686	0.08984	0.05984	0.00962	0.00988	0.00708	0.00469	0.00403	0.00120	0.00539	0.00355	0.00342	0.00616
54	0.74819	0.00850	0.00702	0.00603	0.00869	0.00976	0.00497	0.13844	0.00892	0.01959	0.00637	0.00717	0.00484	0.00399	0.00279	0.00126	0.00339	0.00245	0.00279	0.00484
55	0.00532	0.00418	0.00481	0.00465	0.00583	0.00367	0.00349	0.00680	0.01047	0.01373	0.42803	0.03516	0.44037	0.00941	0.00485	0.00134	0.00201	0.00805	0.00416	0.00367
56	0.01075	0.04544	0.01083	0.03622	0.01163	0.11286	0.10018	0.05051	0.01042	0.15785	0.02949	0.04415	0.03734	0.00786	0.03019	0.00160	0.00476	0.26562	0.00339	0.02890
57	0.01022	0.00871	0.00917	0.00824	0.01054	0.01006	0.00641	0.03355	0.78706	0.01725	0.01651	0.01523	0.01239	0.00554	0.00414	0.00138	0.00323	0.00460	0.02935	0.00643
58	0.03531	0.05252	0.01124	0.13115	0.01368	0.03956	0.04945	0.10939	0.04266	0.12216	0.00904	0.00996	0.00678	0.00390	0.00360	0.00100	0.00409	0.00319	0.00290	0.34842
59	0.01121	0.79801	0.03050	0.00728	0.01075	0.05532	0.00717	0.02237	0.00864	0.00991	0.00581	0.00669	0.00529	0.00357	0.00272	0.00090	0.00455	0.00224	0.00180	0.00527
60	0.00505	0.00360	0.00481	0.00577	0.00602	0.00337	0.00389	0.00579	0.00790	0.01053	0.02260	0.83074	0.02705	0.01282	0.00525	0.00167	0.00242	0.03355	0.00381	0.00335
61	0.01154	0.75066	0.02026	0.00746	0.01081	0.10734	0.00714	0.02666	0.00889	0.00998	0.00585	0.00673	0.00530	0.00362	0.00278	0.00090	0.00473	0.00227	0.00184	0.00524
62	0.00857	0.00512	0.00662	0.00574	0.00739	0.00459	0.00444	0.01069	0.03358	0.17218	0.58124	0.02518	0.02979	0.00723	0.00453	0.00123	0.00236	0.00630	0.00444	0.07878
63	0.00987	0.00852	0.01262	0.57846	0.05078	0.01008	0.02523	0.21132	0.02720	0.01459	0.00815	0.01074	0.00604	0.00431	0.00412	0.00133	0.00520	0.00370	0.00245	0.00528
64	0.00822	0.00501	0.00691	0.00685	0.00725	0.00506	0.00482	0.00724	0.00683	0.00951	0.01000	0.01574	0.00963	0.02084	0.30672	0.55257	0.00670	0.00435	0.00245	0.00329
65	0.00648	0.00470	0.00593	0.00552	0.00666	0.00453	0.00417	0.00935	0.09027	0.03243	0.73350	0.02885	0.03563	0.00805	0.00476	0.00130	0.00209	0.00709	0.00450	0.00419
66	0.01471	0.01105	0.01181	0.00926	0.01239	0.01231	0.00759	0.68449	0.15272	0.02443	0.01099	0.01076	0.00790	0.00503	0.00412	0.00126	0.00431	0.00385	0.00412	0.00690
67	0.07564	0.01018	0.01109	0.00867	0.01179	0.01104	0.00713	0.54070	0.09500	0.16954	0.01137	0.01090	0.00792	0.00494	0.00401	0.00126	0.00412	0.00376	0.00418	0.00676
68	0.00496	0.00414	0.00434	0.00445	0.00572	0.00352	0.00334	0.00604	0.00930	0.01122	0.05777	0.10107	0.71391	0.01058	0.00492	0.00143	0.00217	0.04381	0.00383	0.00348
69	0.01560	0.01150	0.01232	0.00944	0.01273	0.01273	0.00780	0.81645	0.01930	0.02587	0.00986	0.00986	0.00698	0.00493	0.00411	0.00123	0.00452	0.00370	0.00411	0.00698
70	0.00713	0.00357	0.00535	0.00535	0.00535	0.00357	0.00357	0.00535	0.00535	0.00713	0.00713	0.01248	0.00713	0.01426	0.01604	0.88057	0.00357	0.00357	0.00178	0.00178
71	0.00586	0.00440	0.00660	0.00660	0.00733	0.00513	0.00513	0.00733	0.00660	0.00953	0.01100	0.01613	0.01026	0.03079	0.83947	0.00660	0.01100	0.00440	0.00220	0.00367
72	0.00584	0.00400	0.00456	0.00457	0.00475	0.00394	0.00270	0.00608	0.00661	0.00877	0.05992	0.05311	0.07827	0.70325	0.03439	0.00362	0.00381	0.00640	0.00273	0.00269
73	0.00608	0.00428	0.00498	0.00487	0.00611	0.00374	0.00363	0.00736	0.00995	0.06929	0.25714	0.14733	0.44069	0.00981	0.00485	0.00139	0.00218	0.00842	0.00410	0.00380
74	0.01380	0.01316	0.01061	0.00915	0.01147	0.34160	0.00709	0.28829	0.05791	0.06169	0.02707	0.11846	0.01001	0.00578	0.00411	0.00123	0.00522	0.00445	0.00334	0.00553
75	0.00621	0.00460	0.00587	0.00631	0.00712	0.00458	0.00476	0.02598	0.08312	0.01298	0.17637	0.40974	0.04032	0.01079	0.00513	0.00160	0.00272	0.18390	0.00398	0.00390
76	0.04418	0.00408	0.00510	0.00561	0.00609	0.00405	0.00392	0.00652	0.00760	0.01052	0.03408	0.42822	0.06284	0.19037	0.08930	0.00261	0.00370	0.08458	0.00333	0.00330
77	0.88473	0.00794	0.00603	0.00540	0.00794	0.00921	0.00445	0.01207	0.00699	0.01842	0.00572	0.00667	0.00445	0.00381	0.00254	0.00127	0.00318	0.00222	0.00254	0.00445
78	0.00506	0.00362	0.00481	0.00566	0.00596	0.00337	0.00381	0.00586	0.00814	0.01090	0.07848	0.78704	0.03701	0.01252	0.00521	0.00164	0.00235	0.01134	0.00386	0.00337
79	0.01155	0.15631	0.07156	0.11663	0.17720	0.21739	0.04763	0.04721	0.04593	0.04055	0.02577	0.00970	0.00688	0.00413	0.00379	0.00116	0.00548	0.00331	0.00230	0.00552
80	0.02838	0.00883	0.00999	0.00746	0.01089	0.00830	0.00608	0.31068	0.01286	0.11109	0.00923	0.00960	0.00685	0.00399	0.00355	0.00093	0.00364	0.00309	0.00336	0.44122
81	0.00560	0.00409	0.00508	0.00500	0.00582	0.00376	0.00358	0.00701	0.01012	0.01389	0.51479	0.13128	0.14619	0.11732	0.00694	0.00169	0.00227	0.00793	0.00407	0.00357
82	0.06738	0.00564	0.00672	0.00657	0.00749	0.05252	0.00502	0.02176	0.01889	0.01043	0.01090	0.01683	0.01042	0.12655	0.59061	0.00533	0.00902	0.02185	0.00235	0.00374
83	0.03969	0.01626	0.01150	0.00990	0.01241	0.54373	0.00766	0.22129	0.01347	0.07461	0.00795	0.00849	0.00605	0.00446	0.00380	0.00112	0.00626	0.00301	0.00285	0.00548
84	0.00516	0.00371	0.00490	0.00558	0.00598	0.00345	0.00381	0.00613	0.00864	0.01170	0.18581	0.67312	0.04291	0.01192	0.00515	0.00159	0.00229	0.01076	0.00395	0.00345
85	0.00516	0.00379	0.00465	0.00519	0.00568	0.00349	0.00349	0.00593	0.00817	0.01067	0.08087	0.51481	0.19208	0.12742	0.00727	0.00190	0.00251	0.00997	0.00368	0.00328
86	0.03189	0.00470	0.00582	0.00609	0.00679	0.00476	0.00442	0.06297	0.01693	0.02583	0.03372	0.36795	0.02051	0.19485	0.06655	0.00249	0.00374	0.13293	0.00343	0.00363
87	0.35857	0.06750	0.01938	0.00759	0.03177	0.08536	0.01431	0.10699	0.00928	0.05012	0.00818	0.03351	0.00683	0.00810	0.11945	0.00197	0.02810	0.00323	0.01780	0.02194
88	0.11683	0.29997	0.04922	0.02811	0.01189	0.13240	0.04330	0.17828	0.01901	0.01496	0.06380	0.00952	0.00795	0.00433	0.00343	0.00111	0.00474	0.00314	0.00262	0.00539
89	0.08897	0.12073	0.07941	0.06758	0.04682	0.11497	0.04322	0.17070	0.04626	0.04008	0.00847	0.01036	0.00685	0.06308	0.00495	0.01050	0.00482	0.00335	0.00267	0.06620

[dist]
# distance from previous block
# <min> <max>
11	30

[block]
# block no. 5 follows, 65 sequences, length 25
# corresponding to MSA columns:
# 322-346
name=unknown_F
#
# <colnr> <probs for GDERKNQSTAVLIFYWHMCP>
#	G	D	E	R	K	N	Q	S	T	A	V	L	I	F	Y	W	H	M	C	P
0	0.07308	0.03991	0.03799	0.00847	0.01084	0.12366	0.09384	0.08941	0.01029	0.02727	0.05064	0.10487	0.05308	0.02149	0.00455	0.00135	0.00435	0.12868	0.00303	0.11321
1	0.18944	0.05536	0.07247	0.00796	0.01064	0.04982	0.06060	0.08838	0.02211	0.13558	0.01206	0.05698	0.02515	0.05519	0.00491	0.00147	0.00415	0.10031	0.00316	0.04425
2	0.26665	0.00755	0.00854	0.00758	0.00965	0.06525	0.07775	0.02576	0.00930	0.10230	0.06911	0.09825	0.02832	0.00686	0.00417	0.00142	0.00381	0.17797	0.00331	0.02645
3	0.07540	0.00779	0.01141	0.00859	0.01181	0.00683	0.17278	0.03479	0.00938	0.10258	0.03233	0.06402	0.00936	0.00455	0.00382	0.00104	0.00390	0.03631	0.00290	0.40041
4	0.49491	0.00779	0.00726	0.00613	0.00873	0.04129	0.02790	0.01176	0.00810	0.07718	0.01052	0.05631	0.06908	0.00477	0.00318	0.00118	0.00333	0.00350	0.00285	0.15423
5	0.40973	0.00825	0.02572	0.00759	0.01031	0.02876	0.11067	0.01287	0.04604	0.10235	0.11538	0.01241	0.01060	0.00467	0.00353	0.00125	0.00370	0.01749	0.00307	0.06561
6	0.00899	0.00847	0.03818	0.00784	0.01124	0.04008	0.11099	0.03652	0.00941	0.03696	0.03469	0.01278	0.09058	0.00419	0.00363	0.00089	0.00376	0.00364	0.00268	0.53448
7	0.01136	0.09730	0.01715	0.01445	0.17627	0.02520	0.26782	0.08794	0.09570	0.09716	0.03339	0.01149	0.00821	0.00431	0.00452	0.00128	0.03355	0.00413	0.00281	0.00598
8	0.00909	0.00587	0.00737	0.00605	0.00833	0.00503	0.01780	0.01097	0.01962	0.13871	0.16550	0.04226	0.01541	0.03054	0.02855	0.00127	0.00310	0.04545	0.11766	0.32146
9	0.01046	0.23626	0.30072	0.03523	0.06605	0.01113	0.02434	0.05988	0.00950	0.09296	0.04534	0.00994	0.00746	0.00441	0.00441	0.00122	0.06926	0.00329	0.00237	0.00575
10	0.02068	0.15691	0.01436	0.01502	0.35949	0.03358	0.02317	0.03561	0.00979	0.10453	0.06721	0.01436	0.01042	0.00624	0.04952	0.00151	0.00476	0.06443	0.00271	0.00572
11	0.00711	0.00526	0.00760	0.00695	0.00830	0.00499	0.08497	0.00943	0.07427	0.07259	0.23068	0.30652	0.11444	0.00929	0.00491	0.00147	0.00289	0.04015	0.00394	0.00424
12	0.00664	0.00665	0.11392	0.00697	0.00828	0.00519	0.00622	0.00838	0.01924	0.01090	0.01611	0.03226	0.01719	0.29053	0.05932	0.00276	0.00453	0.36384	0.01738	0.00368
13	0.01025	0.01001	0.04468	0.07475	0.58964	0.03694	0.03763	0.03548	0.00957	0.04090	0.00871	0.05234	0.00749	0.00431	0.00430	0.00127	0.01932	0.00406	0.00226	0.00611
14	0.18949	0.01860	0.01009	0.00873	0.06298	0.06167	0.01809	0.11377	0.05568	0.40216	0.01196	0.01130	0.00811	0.00465	0.00377	0.00125	0.00394	0.00359	0.00394	0.00624
15	0.00708	0.04040	0.34357	0.00847	0.01133	0.04462	0.00884	0.00955	0.00843	0.01154	0.02392	0.36759	0.02384	0.01781	0.02724	0.00162	0.00447	0.03232	0.00277	0.00460
16	0.03880	0.00904	0.07203	0.00778	0.01085	0.05240	0.00673	0.12522	0.01206	0.50161	0.01578	0.05608	0.06154	0.00562	0.00414	0.00128	0.00389	0.00452	0.00432	0.00632
17	0.01223	0.13920	0.29860	0.01037	0.01407	0.40644	0.01026	0.01478	0.02225	0.02613	0.00694	0.00796	0.00545	0.00405	0.00363	0.00112	0.00638	0.00277	0.00202	0.00535
18	0.04038	0.46353	0.06157	0.00826	0.01158	0.16153	0.00763	0.14019	0.01079	0.05038	0.00704	0.00770	0.00574	0.00397	0.00319	0.00102	0.00496	0.00265	0.00237	0.00554
19	0.00562	0.00406	0.00497	0.00539	0.00625	0.00366	0.00396	0.00669	0.00896	0.03742	0.08905	0.39174	0.30561	0.01125	0.00509	0.00155	0.00244	0.09880	0.00390	0.00359
20	0.00915	0.00871	0.07427	0.06201	0.04677	0.00806	0.15897	0.01421	0.24597	0.07453	0.05686	0.08932	0.05757	0.04058	0.00516	0.00151	0.00422	0.03344	0.00331	0.00537
21	0.00522	0.00415	0.00486	0.00502	0.00609	0.00379	0.00379	0.00642	0.00904	0.01146	0.11931	0.15059	0.47100	0.01325	0.11386	0.00213	0.00338	0.05943	0.00368	0.00354
22	0.04651	0.11688	0.00886	0.00627	0.00831	0.00666	0.00501	0.03615	0.02493	0.28951	0.06219	0.18651	0.11355	0.06358	0.00533	0.00149	0.00318	0.00616	0.00389	0.00502
23	0.01864	0.05411	0.04211	0.02921	0.08374	0.07788	0.33541	0.08393	0.11088	0.01418	0.00885	0.01052	0.00686	0.00414	0.00473	0.00128	0.05154	0.00400	0.00249	0.05550
24	0.00905	0.00794	0.01081	0.00988	0.05451	0.02012	0.02040	0.07627	0.00793	0.03367	0.00807	0.01221	0.00754	0.08674	0.17002	0.00275	0.41024	0.00394	0.00227	0.04564

[dist]
# distance from previous block
# <min> <max>
0	1

[block]
# block no. 6 follows, 65 sequences, length 14
# corresponding to MSA columns:
# 348,351-363
name=unknown_G
#
# <colnr> <probs for GDERKNQSTAVLIFYWHMCP>
#	G	D	E	R	K	N	Q	S	T	A	V	L	I	F	Y	W	H	M	C	P
0	0.00919	0.08595	0.40180	0.01412	0.16661	0.00987	0.13931	0.01287	0.02916	0.03079	0.01960	0.01043	0.02287	0.00425	0.00430	0.02183	0.00552	0.00361	0.00206	0.00585
1	0.01277	0.01041	0.08386	0.00859	0.01149	0.01014	0.00746	0.46023	0.04693	0.07189	0.03834	0.01233	0.00898	0.05501	0.03716	0.00160	0.03635	0.00394	0.04466	0.03786
2	0.00745	0.02702	0.03575	0.00534	0.00672	0.00503	0.00430	0.05659	0.00973	0.04051	0.19317	0.05247	0.12284	0.05413	0.08619	0.00186	0.00337	0.00562	0.27781	0.00409
3	0.13781	0.00468	0.00522	0.00542	0.00615	0.00487	0.00376	0.00753	0.03378	0.01112	0.01699	0.28366	0.07245	0.26653	0.09988	0.00281	0.00396	0.02692	0.00306	0.00341
4	0.01141	0.46380	0.08173	0.02974	0.09840	0.10131	0.00831	0.02657	0.05595	0.05885	0.02456	0.00880	0.00682	0.00398	0.00328	0.00104	0.00475	0.00288	0.00225	0.00556
5	0.35743	0.08956	0.06918	0.00955	0.06757	0.17121	0.05831	0.07499	0.02062	0.02627	0.00686	0.00795	0.00538	0.00401	0.00343	0.00120	0.01607	0.00281	0.00243	0.00516
6	0.00522	0.00406	0.00474	0.00480	0.00583	0.00358	0.00351	0.00651	0.00987	0.01286	0.31379	0.18811	0.40213	0.01015	0.00492	0.00141	0.00209	0.00879	0.00406	0.00358
7	0.02500	0.04669	0.58529	0.01063	0.01553	0.00891	0.06070	0.01248	0.02673	0.03163	0.09827	0.02724	0.02373	0.00469	0.00404	0.00130	0.00530	0.00389	0.00228	0.00567
8	0.01093	0.29054	0.25069	0.01151	0.08143	0.04208	0.10867	0.10175	0.01014	0.04501	0.00755	0.00869	0.00585	0.00387	0.00364	0.00115	0.00530	0.00313	0.00221	0.00587
9	0.00797	0.05371	0.09284	0.72025	0.02631	0.00954	0.01153	0.01083	0.00826	0.01069	0.00722	0.01049	0.00543	0.00405	0.00401	0.00134	0.00547	0.00351	0.00181	0.00474
10	0.00546	0.00413	0.00490	0.00478	0.00577	0.00372	0.00348	0.00685	0.01013	0.01353	0.44437	0.07279	0.30342	0.09091	0.00641	0.00160	0.00220	0.00791	0.00405	0.00358
11	0.00539	0.00372	0.00490	0.00565	0.00606	0.00344	0.00384	0.00620	0.00823	0.03242	0.06464	0.74845	0.06714	0.01230	0.00517	0.00162	0.00237	0.01110	0.00388	0.00346
12	0.01079	0.07225	0.23851	0.04276	0.26555	0.10367	0.07480	0.02781	0.00961	0.07408	0.00815	0.01929	0.00637	0.00410	0.00418	0.00124	0.02522	0.00349	0.00222	0.00592
13	0.00829	0.00698	0.02442	0.11560	0.11519	0.00700	0.04957	0.04985	0.07859	0.05411	0.01807	0.15491	0.13684	0.00810	0.02613	0.00157	0.02253	0.09339	0.00320	0.02566

[dist]
# distance from previous block
# <min> <max>
0	9

# created by:
# /st0/software/busco_prod/Augustus/scripts/msa2prfl.pl ./align_prep/26624.fa
