[name]
unknown

[dist]
# distance from previous block
# <min> <max>
0	36

[block]
# block no. 0 follows, 65 sequences, length 6
# corresponding to MSA columns:
# 40-45
name=unknown_A
#
# <colnr> <probs for GDERKNQSTAVLIFYWHMCP>
#	G	D	E	R	K	N	Q	S	T	A	V	L	I	F	Y	W	H	M	C	P
0	0.00807	0.00752	0.01223	0.66097	0.10060	0.00871	0.01067	0.01066	0.00835	0.01113	0.00734	0.01056	0.00565	0.00392	0.00396	0.00126	0.00510	0.00349	0.00192	0.11788
1	0.00596	0.00476	0.00523	0.00531	0.00650	0.00458	0.00389	0.00874	0.14210	0.01249	0.08739	0.24578	0.39469	0.00986	0.00476	0.00143	0.00233	0.00849	0.04173	0.00397
2	0.03792	0.02689	0.02390	0.10036	0.10058	0.04484	0.00749	0.26466	0.05250	0.04924	0.01203	0.09999	0.03809	0.00552	0.00400	0.00123	0.00409	0.00455	0.05715	0.06496
3	0.03704	0.00740	0.00969	0.03494	0.01085	0.00659	0.08069	0.04286	0.03850	0.04018	0.01123	0.10411	0.01049	0.08978	0.02615	0.02855	0.00402	0.00458	0.02241	0.38994
4	0.00990	0.00818	0.01276	0.21615	0.24661	0.00868	0.06777	0.11173	0.04141	0.06443	0.02840	0.12022	0.01022	0.00539	0.00428	0.00133	0.00451	0.00493	0.02760	0.00551
5	0.00859	0.04825	0.00853	0.00727	0.00895	0.11364	0.03314	0.03904	0.09440	0.03771	0.07214	0.26743	0.07238	0.00910	0.04406	0.00158	0.00396	0.04034	0.00336	0.08611

[dist]
# distance from previous block
# <min> <max>
4	9

[block]
# block no. 1 follows, 65 sequences, length 13
# corresponding to MSA columns:
# 56-68
name=unknown_B
#
# <colnr> <probs for GDERKNQSTAVLIFYWHMCP>
#	G	D	E	R	K	N	Q	S	T	A	V	L	I	F	Y	W	H	M	C	P
0	0.00756	0.03127	0.07163	0.04469	0.06544	0.03285	0.08039	0.02017	0.03035	0.02025	0.07192	0.05482	0.26455	0.03349	0.03784	0.00168	0.09019	0.03350	0.00295	0.00447
1	0.01264	0.16821	0.01449	0.06267	0.05349	0.12872	0.05021	0.31314	0.02491	0.01656	0.03729	0.00980	0.00735	0.00471	0.00465	0.00121	0.07787	0.00346	0.00286	0.00577
2	0.00930	0.03962	0.01121	0.17891	0.12547	0.02826	0.01838	0.06049	0.02941	0.03100	0.02974	0.03861	0.01634	0.00453	0.01389	0.00109	0.01350	0.00358	0.00252	0.34414
3	0.03625	0.00530	0.00625	0.09370	0.00884	0.05856	0.00492	0.00768	0.00795	0.03190	0.01712	0.51110	0.01933	0.05236	0.04985	0.04594	0.00366	0.00845	0.02724	0.00360
4	0.00498	0.00366	0.00467	0.00549	0.00589	0.00335	0.00371	0.00574	0.00808	0.01057	0.02540	0.73394	0.14448	0.01250	0.00518	0.00163	0.00234	0.01123	0.00381	0.00335
5	0.03190	0.00762	0.00919	0.03392	0.03985	0.00672	0.00579	0.07619	0.03985	0.09498	0.00978	0.03927	0.02182	0.00413	0.00371	0.00090	0.02486	0.00332	0.00292	0.54329
6	0.00718	0.00568	0.00784	0.04998	0.03963	0.00557	0.02985	0.05863	0.00849	0.01187	0.01380	0.25681	0.01456	0.06466	0.17722	0.01916	0.00499	0.04927	0.00289	0.17190
7	0.00517	0.00367	0.00483	0.00563	0.00591	0.00346	0.00378	0.00594	0.00799	0.01072	0.07467	0.71290	0.02684	0.07982	0.00647	0.00183	0.00251	0.03078	0.00375	0.00331
8	0.00504	0.00363	0.00478	0.00562	0.00595	0.00337	0.00378	0.00583	0.00813	0.01083	0.06702	0.77278	0.06302	0.01251	0.00520	0.00163	0.00234	0.01131	0.00385	0.00337
9	0.05652	0.00757	0.00974	0.15924	0.06284	0.00701	0.00669	0.03820	0.00882	0.05074	0.00782	0.00971	0.00632	0.02441	0.00405	0.00098	0.02483	0.00295	0.00247	0.50910
10	0.04099	0.01065	0.21264	0.00893	0.01253	0.00741	0.06321	0.01598	0.03119	0.41270	0.08812	0.01357	0.01099	0.00500	0.00444	0.00130	0.03278	0.00412	0.00375	0.01971
11	0.01006	0.00777	0.00670	0.00619	0.00771	0.15377	0.00471	0.04608	0.11644	0.05949	0.03774	0.06204	0.01149	0.00538	0.00350	0.00111	0.00329	0.00429	0.44761	0.00462
12	0.03860	0.00826	0.01268	0.52533	0.13653	0.02588	0.02516	0.03106	0.03881	0.01189	0.00757	0.01052	0.00591	0.00429	0.00472	0.00134	0.06902	0.00359	0.00205	0.03679

[dist]
# distance from previous block
# <min> <max>
0	1

[block]
# block no. 2 follows, 65 sequences, length 18
# corresponding to MSA columns:
# 70-87
name=unknown_C
#
# <colnr> <probs for GDERKNQSTAVLIFYWHMCP>
#	G	D	E	R	K	N	Q	S	T	A	V	L	I	F	Y	W	H	M	C	P
0	0.03453	0.05378	0.02608	0.00883	0.01156	0.11088	0.00717	0.24804	0.39945	0.03746	0.01248	0.01199	0.00931	0.00503	0.00397	0.00127	0.00423	0.00390	0.00372	0.00632
1	0.00536	0.00460	0.02560	0.00513	0.00626	0.00387	0.00387	0.00675	0.02855	0.01165	0.11834	0.26826	0.40812	0.04295	0.00552	0.00155	0.00241	0.02766	0.00377	0.01977
2	0.01050	0.18005	0.35598	0.01004	0.01437	0.02867	0.07241	0.07991	0.02763	0.08468	0.03164	0.01003	0.00717	0.01721	0.00420	0.00124	0.02128	0.00334	0.00243	0.03722
3	0.03098	0.06303	0.08526	0.08393	0.01639	0.08715	0.29116	0.05335	0.01026	0.13742	0.03067	0.03174	0.02735	0.00464	0.00437	0.00130	0.01389	0.01889	0.00275	0.00549
4	0.01813	0.00744	0.00981	0.00752	0.01071	0.00671	0.00621	0.10061	0.01251	0.75129	0.01555	0.01355	0.00984	0.00507	0.00413	0.00127	0.00360	0.00408	0.00498	0.00699
5	0.00953	0.00859	0.01386	0.17249	0.26777	0.02629	0.12918	0.06108	0.03608	0.04938	0.04089	0.09346	0.04701	0.00535	0.00454	0.00134	0.02006	0.00499	0.00267	0.00543
6	0.00922	0.00908	0.01448	0.10510	0.02857	0.07097	0.30658	0.02740	0.12149	0.03258	0.07560	0.14395	0.01307	0.00590	0.00461	0.00139	0.00500	0.01700	0.00293	0.00508
7	0.00823	0.02123	0.83447	0.01170	0.01777	0.00953	0.01517	0.01300	0.00867	0.01300	0.00737	0.00867	0.00520	0.00390	0.00390	0.00130	0.00607	0.00303	0.00173	0.00607
8	0.00514	0.00366	0.00484	0.00565	0.00590	0.00350	0.00376	0.00583	0.00761	0.01019	0.02103	0.72601	0.02500	0.09339	0.05570	0.00217	0.00304	0.01070	0.00359	0.00327
9	0.09667	0.00908	0.01374	0.36564	0.20612	0.05175	0.09724	0.04003	0.00904	0.01275	0.00817	0.01077	0.02589	0.00419	0.00432	0.00132	0.03230	0.00371	0.00211	0.00516
10	0.00713	0.00357	0.00535	0.00535	0.00535	0.00357	0.00357	0.00535	0.00535	0.00713	0.00713	0.01248	0.00713	0.01426	0.01604	0.88057	0.00357	0.00357	0.00178	0.00178
11	0.00517	0.00416	0.00466	0.00493	0.00606	0.00365	0.00377	0.00631	0.00922	0.01134	0.06052	0.16317	0.56291	0.01085	0.00503	0.00150	0.00237	0.12705	0.00383	0.00351
12	0.00980	0.01024	0.06276	0.10551	0.27455	0.03257	0.21775	0.05577	0.05390	0.02792	0.04121	0.03002	0.03097	0.00452	0.00455	0.00132	0.02405	0.00441	0.00246	0.00571
13	0.04308	0.10022	0.12914	0.04348	0.09018	0.20978	0.15121	0.05079	0.02106	0.07178	0.00849	0.02243	0.00677	0.00458	0.01377	0.00128	0.00580	0.01825	0.00240	0.00551
14	0.04194	0.03749	0.66841	0.01087	0.01598	0.02974	0.01333	0.01242	0.00846	0.01271	0.00786	0.03913	0.00618	0.00545	0.03844	0.00153	0.03915	0.00336	0.00187	0.00570
15	0.00616	0.00420	0.00530	0.00569	0.00622	0.00410	0.00392	0.02251	0.02550	0.04072	0.07669	0.54831	0.05243	0.11671	0.00716	0.00187	0.02143	0.00950	0.03800	0.00358
16	0.06167	0.02657	0.02869	0.02010	0.05600	0.05541	0.03498	0.08220	0.04197	0.02530	0.03883	0.01046	0.02268	0.00396	0.00359	0.00092	0.01576	0.00317	0.01504	0.45271
17	0.05449	0.14440	0.07415	0.09486	0.11967	0.09593	0.03233	0.11636	0.05333	0.03097	0.03182	0.02867	0.00767	0.00433	0.00370	0.00114	0.00470	0.00347	0.00258	0.09546

[dist]
# distance from previous block
# <min> <max>
0	30

[block]
# block no. 3 follows, 65 sequences, length 10
# corresponding to MSA columns:
# 118-127
name=unknown_D
#
# <colnr> <probs for GDERKNQSTAVLIFYWHMCP>
#	G	D	E	R	K	N	Q	S	T	A	V	L	I	F	Y	W	H	M	C	P
0	0.00993	0.03217	0.10384	0.08148	0.18224	0.03415	0.18401	0.08096	0.02884	0.04669	0.01103	0.04897	0.02265	0.00529	0.00462	0.00137	0.02343	0.09016	0.00262	0.00555
1	0.00659	0.00452	0.00568	0.00554	0.00628	0.00453	0.00398	0.00789	0.09563	0.01133	0.19327	0.08650	0.17579	0.03079	0.00940	0.31668	0.02294	0.00618	0.00320	0.00327
2	0.00923	0.11017	0.03155	0.09560	0.13646	0.05248	0.02285	0.01128	0.05091	0.08047	0.07930	0.12952	0.05382	0.05119	0.00581	0.03583	0.03054	0.00529	0.00288	0.00481
3	0.00998	0.07995	0.08690	0.11199	0.19075	0.07162	0.20204	0.07034	0.00985	0.01290	0.00913	0.03103	0.02460	0.00484	0.00470	0.03822	0.00545	0.02807	0.00225	0.00539
4	0.08214	0.00691	0.00886	0.02612	0.01019	0.00635	0.00577	0.04630	0.01119	0.63895	0.01532	0.01426	0.02848	0.03159	0.00448	0.00134	0.00346	0.00410	0.04783	0.00636
5	0.00818	0.00485	0.00525	0.00484	0.00616	0.00481	0.00371	0.09588	0.01039	0.04357	0.13964	0.04015	0.11778	0.00625	0.00365	0.00112	0.00228	0.00516	0.49212	0.00422
6	0.00904	0.00871	0.03156	0.09882	0.27400	0.08207	0.06676	0.01125	0.03601	0.04141	0.03135	0.15211	0.06486	0.00707	0.02681	0.02611	0.00468	0.01966	0.00269	0.00505
7	0.10297	0.03172	0.05278	0.13115	0.09295	0.00768	0.15977	0.01103	0.00873	0.08588	0.01264	0.24556	0.01237	0.00654	0.00437	0.00141	0.00437	0.02036	0.00284	0.00488
8	0.00744	0.00696	0.01143	0.75533	0.02583	0.00851	0.01051	0.00999	0.00833	0.01055	0.01098	0.01402	0.09400	0.00478	0.00418	0.00137	0.00511	0.00419	0.00204	0.00444
9	0.07465	0.02833	0.01044	0.03636	0.13151	0.04748	0.03248	0.14178	0.01000	0.08851	0.01054	0.04570	0.00941	0.12201	0.14617	0.00254	0.03642	0.01782	0.00285	0.00502

[dist]
# distance from previous block
# <min> <max>
0	1

[block]
# block no. 4 follows, 65 sequences, length 16
# corresponding to MSA columns:
# 129-144
name=unknown_E
#
# <colnr> <probs for GDERKNQSTAVLIFYWHMCP>
#	G	D	E	R	K	N	Q	S	T	A	V	L	I	F	Y	W	H	M	C	P
0	0.00944	0.00968	0.02815	0.32599	0.24375	0.10103	0.06360	0.02475	0.00903	0.01169	0.00817	0.02402	0.00696	0.04034	0.00529	0.00143	0.04655	0.01994	0.01508	0.00511
1	0.14129	0.00752	0.00955	0.03245	0.02208	0.03280	0.04588	0.04351	0.00792	0.02836	0.01136	0.25402	0.01211	0.03806	0.00800	0.00166	0.29056	0.00586	0.00271	0.00432
2	0.00640	0.00634	0.08743	0.02022	0.02364	0.00527	0.00579	0.00900	0.05522	0.01386	0.39622	0.03975	0.06364	0.01306	0.19474	0.00255	0.00469	0.04444	0.00353	0.00421
3	0.00851	0.00730	0.00851	0.00608	0.00973	0.00547	0.00486	0.01034	0.00851	0.01338	0.00730	0.00851	0.00608	0.00304	0.00304	0.00061	0.00304	0.00243	0.00243	0.88083
4	0.00500	0.00357	0.00476	0.00572	0.00595	0.00333	0.00381	0.00572	0.00786	0.01048	0.02262	0.85306	0.02715	0.01286	0.00524	0.00167	0.00238	0.01167	0.00381	0.00333
5	0.00969	0.01107	0.02422	0.01730	0.02145	0.01038	0.81522	0.01315	0.00969	0.01315	0.00830	0.01107	0.00623	0.00346	0.00484	0.00138	0.00692	0.00484	0.00208	0.00554
6	0.00602	0.00462	0.00689	0.00680	0.00750	0.00549	0.00532	0.00745	0.00658	0.00955	0.01072	0.01578	0.01002	0.02963	0.79918	0.00636	0.05184	0.00436	0.00218	0.00371
7	0.00503	0.00412	0.00444	0.00445	0.00568	0.00353	0.00330	0.00621	0.00966	0.01200	0.18056	0.09440	0.63195	0.01021	0.00488	0.00139	0.00207	0.00865	0.00394	0.00353
8	0.00499	0.00362	0.00472	0.00560	0.00592	0.00334	0.00376	0.00573	0.00797	0.01052	0.02401	0.79355	0.08576	0.01268	0.00521	0.00165	0.00236	0.01145	0.00381	0.00334
9	0.70008	0.00819	0.00805	0.05289	0.13909	0.00929	0.00610	0.01207	0.00742	0.01721	0.00612	0.00745	0.00483	0.00380	0.00286	0.00127	0.00357	0.00252	0.00242	0.00478
10	0.01411	0.03402	0.01167	0.00934	0.01216	0.17551	0.00749	0.44350	0.21402	0.02020	0.01073	0.01062	0.00796	0.00491	0.00401	0.00123	0.00477	0.00368	0.00367	0.00638
11	0.00952	0.01078	0.02343	0.01679	0.02080	0.01010	0.78078	0.01292	0.00977	0.01329	0.04311	0.01190	0.00761	0.00367	0.00484	0.00138	0.00671	0.00495	0.00218	0.00547
12	0.00851	0.00730	0.00851	0.00608	0.00973	0.00547	0.00486	0.01034	0.00851	0.01338	0.00730	0.00851	0.00608	0.00304	0.00304	0.00061	0.00304	0.00243	0.00243	0.88083
13	0.00597	0.00398	0.00448	0.00448	0.00448	0.00398	0.00249	0.00597	0.00597	0.00796	0.01293	0.02686	0.01492	0.85574	0.02089	0.00398	0.00398	0.00597	0.00249	0.00249
14	0.81349	0.00855	0.04622	0.00577	0.00850	0.00912	0.00502	0.01238	0.00723	0.04528	0.00614	0.00701	0.00467	0.00386	0.00266	0.00127	0.00333	0.00233	0.00259	0.00461
15	0.04048	0.05792	0.11852	0.03351	0.05330	0.05414	0.00791	0.19228	0.03518	0.09539	0.00994	0.02167	0.02368	0.00508	0.02157	0.00125	0.03255	0.00348	0.03006	0.16210

[dist]
# distance from previous block
# <min> <max>
0	1

[block]
# block no. 5 follows, 65 sequences, length 29
# corresponding to MSA columns:
# 146-174
name=unknown_F
#
# <colnr> <probs for GDERKNQSTAVLIFYWHMCP>
#	G	D	E	R	K	N	Q	S	T	A	V	L	I	F	Y	W	H	M	C	P
0	0.00532	0.00374	0.00489	0.00565	0.00609	0.00346	0.00388	0.00617	0.00827	0.02583	0.06301	0.71361	0.08795	0.01227	0.00518	0.00163	0.00240	0.03334	0.00387	0.00345
1	0.01151	0.34616	0.15096	0.00947	0.03407	0.18165	0.02254	0.07126	0.09773	0.01242	0.00798	0.02283	0.00659	0.00421	0.00345	0.00110	0.00519	0.00304	0.00230	0.00555
2	0.00507	0.00412	0.00450	0.00450	0.00571	0.00354	0.00334	0.00628	0.00973	0.01221	0.21156	0.10342	0.59138	0.01016	0.00488	0.00139	0.00207	0.00864	0.00397	0.00354
3	0.00843	0.03121	0.04098	0.07072	0.20000	0.03389	0.05790	0.04903	0.02032	0.03746	0.05479	0.21048	0.11955	0.00711	0.00455	0.00136	0.01306	0.00633	0.01521	0.01762
4	0.00770	0.00406	0.00413	0.00408	0.00509	0.00411	0.00307	0.01005	0.04522	0.01543	0.04174	0.01584	0.01159	0.00494	0.00300	0.00099	0.00197	0.00399	0.80906	0.00395
5	0.02337	0.00905	0.04934	0.43262	0.25760	0.00950	0.08479	0.01216	0.05828	0.01222	0.00806	0.01083	0.00624	0.00399	0.00413	0.00132	0.00528	0.00377	0.00206	0.00539
6	0.00884	0.00893	0.06595	0.18535	0.14751	0.00765	0.05500	0.03018	0.00892	0.01304	0.00749	0.00948	0.00599	0.00349	0.00361	0.00097	0.00430	0.00309	0.00221	0.42801
7	0.54447	0.01129	0.00861	0.00786	0.03229	0.23414	0.02681	0.03841	0.00878	0.01589	0.00625	0.00735	0.00497	0.00403	0.00323	0.00122	0.02152	0.00254	0.01565	0.00469
8	0.00581	0.00420	0.00549	0.00516	0.00613	0.00387	0.00387	0.00775	0.01162	0.01646	0.82797	0.03066	0.03873	0.00839	0.00484	0.00129	0.00194	0.00742	0.00452	0.00387
9	0.00500	0.00357	0.00476	0.00572	0.00595	0.00333	0.00381	0.00572	0.00786	0.01048	0.02262	0.85306	0.02715	0.01286	0.00524	0.00167	0.00238	0.01167	0.00381	0.00333
10	0.00488	0.00416	0.00420	0.00419	0.00556	0.00348	0.00314	0.00595	0.00942	0.01125	0.06528	0.03924	0.80467	0.01034	0.00485	0.00138	0.00207	0.00863	0.00383	0.00348
11	0.00851	0.00730	0.00851	0.00608	0.00973	0.00547	0.00486	0.01034	0.00851	0.01338	0.00730	0.00851	0.00608	0.00304	0.00304	0.00061	0.00304	0.00243	0.00243	0.88083
12	0.00775	0.00730	0.01231	0.84587	0.02827	0.00912	0.01140	0.01049	0.00821	0.01049	0.00730	0.01094	0.00547	0.00410	0.00410	0.00137	0.00547	0.00365	0.00182	0.00456
13	0.00861	0.00557	0.00638	0.00609	0.00653	0.08510	0.00425	0.04353	0.00676	0.03005	0.00742	0.01191	0.00702	0.01262	0.01399	0.73225	0.00398	0.00350	0.00201	0.00244
14	0.00857	0.12450	0.73417	0.01112	0.01687	0.01036	0.01416	0.01291	0.00863	0.01259	0.00716	0.00841	0.00521	0.00385	0.00374	0.00125	0.00586	0.00293	0.00174	0.00597
15	0.01021	0.00882	0.00928	0.00835	0.01067	0.01021	0.00650	0.02181	0.82272	0.01717	0.01671	0.01532	0.01253	0.00557	0.00418	0.00139	0.00325	0.00464	0.00418	0.00650
16	0.00871	0.08245	0.73731	0.01137	0.01714	0.00996	0.03173	0.01312	0.00874	0.03220	0.00747	0.00869	0.00534	0.00389	0.00383	0.00127	0.00590	0.00304	0.00182	0.00602
17	0.00873	0.08669	0.74789	0.01121	0.01700	0.00997	0.01428	0.01314	0.00873	0.03522	0.00748	0.00865	0.00534	0.00390	0.00381	0.00127	0.00586	0.00300	0.00183	0.00603
18	0.00700	0.00360	0.00527	0.00527	0.00533	0.00357	0.00351	0.00539	0.00553	0.00732	0.00875	0.01407	0.04164	0.04111	0.01573	0.81576	0.00352	0.00385	0.00189	0.00188
19	0.02384	0.00569	0.00667	0.00584	0.00763	0.00564	0.00457	0.02993	0.13758	0.21716	0.20497	0.01833	0.01718	0.00581	0.00386	0.00119	0.00259	0.00484	0.29156	0.00510
20	0.03546	0.00655	0.01991	0.00705	0.00851	0.03429	0.03479	0.05694	0.11872	0.01384	0.09147	0.14910	0.14028	0.00913	0.03354	0.00163	0.04038	0.12436	0.06964	0.00441
21	0.01028	0.22269	0.18065	0.05838	0.22585	0.04181	0.02022	0.03254	0.00903	0.05781	0.00792	0.01032	0.00663	0.06683	0.00521	0.00138	0.03134	0.00334	0.00214	0.00560
22	0.00521	0.00383	0.00487	0.00554	0.00601	0.00358	0.00378	0.00632	0.02790	0.01122	0.10047	0.65405	0.11169	0.02810	0.00543	0.00164	0.00236	0.01067	0.00386	0.00346
23	0.05909	0.00780	0.02568	0.00738	0.02539	0.06782	0.02151	0.09654	0.03076	0.27084	0.10346	0.08853	0.13177	0.00662	0.00424	0.00130	0.00349	0.00549	0.03694	0.00535
24	0.04838	0.12037	0.20829	0.10819	0.06180	0.13245	0.09039	0.03870	0.04372	0.05147	0.00792	0.00939	0.00607	0.00443	0.01425	0.00129	0.03006	0.00329	0.00224	0.01731
25	0.04365	0.00697	0.00917	0.16806	0.12566	0.03584	0.00706	0.03876	0.05600	0.11347	0.05157	0.16028	0.11740	0.03072	0.00481	0.00144	0.00376	0.00592	0.01459	0.00488
26	0.00518	0.00387	0.00471	0.00518	0.00580	0.00355	0.00359	0.00606	0.00839	0.01090	0.09248	0.44161	0.24453	0.09797	0.02674	0.00192	0.00266	0.02781	0.00369	0.00335
27	0.05269	0.00930	0.06604	0.09176	0.16538	0.07498	0.01663	0.05408	0.00965	0.09305	0.02110	0.06985	0.06749	0.03249	0.00466	0.00129	0.01971	0.00438	0.02115	0.12433
28	0.09040	0.06518	0.11435	0.07346	0.20417	0.07119	0.07117	0.06179	0.02445	0.07046	0.04912	0.01071	0.00793	0.00418	0.00382	0.00120	0.00479	0.00355	0.01761	0.05047

[dist]
# distance from previous block
# <min> <max>
0	33

[block]
# block no. 6 follows, 65 sequences, length 20
# corresponding to MSA columns:
# 208-227
name=unknown_G
#
# <colnr> <probs for GDERKNQSTAVLIFYWHMCP>
#	G	D	E	R	K	N	Q	S	T	A	V	L	I	F	Y	W	H	M	C	P
0	0.09263	0.02523	0.04503	0.04619	0.12319	0.08870	0.06185	0.11554	0.07694	0.04541	0.00899	0.01008	0.01806	0.00419	0.00404	0.00113	0.03371	0.00336	0.00272	0.19300
1	0.00578	0.00438	0.00548	0.00611	0.02557	0.00429	0.00414	0.00714	0.05159	0.01068	0.02217	0.44592	0.13303	0.15714	0.01979	0.00207	0.01842	0.05814	0.00348	0.01468
2	0.04709	0.04992	0.02584	0.15830	0.20085	0.04424	0.05081	0.12601	0.07028	0.03666	0.04048	0.01167	0.02715	0.00470	0.00471	0.00129	0.06847	0.00386	0.00267	0.02500
3	0.00658	0.00450	0.00531	0.00510	0.00638	0.00404	0.00384	0.02282	0.01002	0.08206	0.24348	0.11270	0.38626	0.03937	0.02610	0.00161	0.00257	0.02932	0.00403	0.00390
4	0.00660	0.00419	0.00538	0.00553	0.00637	0.00391	0.00403	0.00780	0.02114	0.07009	0.20829	0.33012	0.11848	0.01076	0.01932	0.07161	0.00261	0.04680	0.05327	0.00371
5	0.01087	0.82660	0.05221	0.00720	0.01081	0.01599	0.00733	0.01232	0.00835	0.00978	0.00577	0.00666	0.00527	0.00353	0.00268	0.00089	0.00445	0.00223	0.00176	0.00530
6	0.00760	0.00458	0.00588	0.00598	0.00702	0.00428	0.00435	0.00928	0.05512	0.14536	0.11771	0.47889	0.09408	0.01040	0.00493	0.00152	0.00257	0.03214	0.00412	0.00419
7	0.00758	0.00383	0.00385	0.00385	0.00477	0.00383	0.00285	0.00942	0.00850	0.01500	0.01337	0.01577	0.01070	0.03943	0.00360	0.00108	0.00200	0.00391	0.84286	0.00377
8	0.01119	0.00898	0.00954	0.00830	0.01073	0.01023	0.00653	0.15346	0.63075	0.03837	0.01540	0.01437	0.01145	0.00541	0.00410	0.00134	0.00340	0.00443	0.04555	0.00646
9	0.88473	0.00794	0.00603	0.00540	0.00794	0.00921	0.00445	0.01207	0.00699	0.01842	0.00572	0.00667	0.00445	0.00381	0.00254	0.00127	0.00318	0.00222	0.00254	0.00445
10	0.01206	0.00974	0.01033	0.00873	0.01138	0.01108	0.00695	0.29477	0.54674	0.02016	0.01435	0.01344	0.01062	0.00535	0.00415	0.00134	0.00368	0.00432	0.00415	0.00666
11	0.88473	0.00794	0.00603	0.00540	0.00794	0.00921	0.00445	0.01207	0.00699	0.01842	0.00572	0.00667	0.00445	0.00381	0.00254	0.00127	0.00318	0.00222	0.00254	0.00445
12	0.00765	0.00383	0.00383	0.00383	0.00478	0.00383	0.00287	0.00956	0.00861	0.01530	0.01339	0.01530	0.01052	0.00478	0.00287	0.00096	0.00191	0.00383	0.87853	0.00383
13	0.00502	0.00415	0.00440	0.00438	0.00566	0.00353	0.00327	0.00620	0.00969	0.01197	0.17341	0.06509	0.66878	0.01014	0.00486	0.00138	0.00207	0.00855	0.00393	0.00353
14	0.09537	0.00774	0.00908	0.00691	0.01015	0.00698	0.00562	0.12641	0.01100	0.30460	0.01102	0.03141	0.00801	0.00434	0.00358	0.00102	0.00340	0.00342	0.00364	0.34629
15	0.00561	0.00378	0.00493	0.00563	0.00607	0.00349	0.00382	0.00638	0.00813	0.04554	0.03911	0.72016	0.07781	0.04148	0.00570	0.00170	0.00246	0.01087	0.00383	0.00348
16	0.02810	0.00538	0.00703	0.00681	0.00788	0.00542	0.03347	0.09945	0.02994	0.07605	0.03227	0.53816	0.02074	0.03388	0.03912	0.00182	0.01762	0.00889	0.00374	0.00423
17	0.00539	0.00401	0.00497	0.00556	0.00620	0.00372	0.00397	0.02177	0.00863	0.01119	0.04959	0.51767	0.21000	0.03991	0.00568	0.00168	0.00253	0.09027	0.00379	0.00347
18	0.07848	0.00991	0.04167	0.06766	0.26388	0.06105	0.07168	0.07845	0.02533	0.18221	0.02326	0.01142	0.02140	0.00450	0.00443	0.00128	0.04065	0.00382	0.00295	0.00598
19	0.01016	0.03055	0.13535	0.08026	0.09951	0.02448	0.03612	0.11041	0.05644	0.05292	0.00840	0.01068	0.00681	0.02210	0.05773	0.00179	0.24469	0.00370	0.00244	0.00545

[dist]
# distance from previous block
# <min> <max>
4	14

[block]
# block no. 7 follows, 65 sequences, length 21
# corresponding to MSA columns:
# 242-262
name=unknown_H
#
# <colnr> <probs for GDERKNQSTAVLIFYWHMCP>
#	G	D	E	R	K	N	Q	S	T	A	V	L	I	F	Y	W	H	M	C	P
0	0.01037	0.06129	0.08147	0.11958	0.09023	0.08105	0.10559	0.11582	0.08404	0.03646	0.02994	0.02663	0.04039	0.03890	0.01868	0.00149	0.04577	0.00420	0.00269	0.00541
1	0.04059	0.00454	0.00545	0.00513	0.00632	0.00421	0.00383	0.00820	0.02011	0.06112	0.43115	0.06417	0.20400	0.04905	0.02014	0.02859	0.00246	0.00708	0.01756	0.01630
2	0.03323	0.03718	0.03300	0.00937	0.09247	0.03923	0.02715	0.07109	0.19488	0.02746	0.03166	0.06965	0.08349	0.04440	0.08860	0.01392	0.04763	0.01632	0.03420	0.00507
3	0.35649	0.00748	0.00813	0.00662	0.00943	0.00756	0.00543	0.06322	0.01017	0.43330	0.01199	0.04515	0.00843	0.00489	0.00355	0.00128	0.00338	0.00367	0.00398	0.00584
4	0.02197	0.00425	0.00497	0.00480	0.00572	0.00396	0.00344	0.00743	0.00951	0.03436	0.35735	0.04293	0.21141	0.19135	0.00813	0.00188	0.00250	0.01791	0.06256	0.00356
5	0.01079	0.80095	0.07712	0.00734	0.01103	0.01578	0.00758	0.01234	0.00836	0.00989	0.00582	0.00673	0.00526	0.00354	0.00272	0.00091	0.00450	0.00225	0.00175	0.00532
6	0.00590	0.00415	0.00483	0.03096	0.00622	0.00388	0.00355	0.00733	0.00948	0.01324	0.27580	0.07981	0.27548	0.08448	0.00590	0.00152	0.00230	0.00712	0.17445	0.00360
7	0.01536	0.01122	0.01215	0.00938	0.01255	0.01245	0.00774	0.74808	0.04194	0.05005	0.01013	0.01012	0.00720	0.00501	0.00435	0.00125	0.02631	0.00373	0.00408	0.00690
8	0.05814	0.07567	0.09157	0.05844	0.09104	0.03196	0.07289	0.10676	0.03702	0.02766	0.01852	0.03074	0.01673	0.00412	0.00366	0.00106	0.00434	0.00346	0.00258	0.26363
9	0.01045	0.08377	0.10202	0.05276	0.14915	0.00882	0.02238	0.04974	0.05665	0.14780	0.03437	0.09931	0.02277	0.01796	0.01688	0.00144	0.07613	0.02247	0.00300	0.02213
10	0.01734	0.00700	0.00922	0.00715	0.01014	0.00627	0.00588	0.06874	0.01196	0.71439	0.01557	0.01383	0.00999	0.00505	0.00402	0.00124	0.00342	0.00408	0.07799	0.00672
11	0.00547	0.00485	0.03709	0.00520	0.00639	0.00405	0.00404	0.00704	0.02857	0.01224	0.22060	0.17172	0.36870	0.05286	0.05086	0.00182	0.00286	0.00820	0.00375	0.00368
12	0.07050	0.12058	0.11653	0.08440	0.13496	0.10093	0.02855	0.10069	0.02044	0.14621	0.00886	0.00977	0.00657	0.00424	0.00388	0.00120	0.01772	0.00331	0.01483	0.00583
13	0.00534	0.00372	0.00490	0.00564	0.00604	0.00344	0.00383	0.00619	0.00834	0.02734	0.09695	0.73024	0.05832	0.01220	0.00517	0.00161	0.00235	0.01102	0.00390	0.00346
14	0.01440	0.00698	0.00866	0.00700	0.00951	0.00667	0.00561	0.14919	0.03898	0.45426	0.06278	0.06496	0.04193	0.03892	0.00482	0.00138	0.00335	0.00492	0.06966	0.00604
15	0.03091	0.02122	0.03782	0.13805	0.19806	0.12487	0.09577	0.05149	0.03312	0.05081	0.03406	0.05400	0.02945	0.00570	0.02413	0.00143	0.01801	0.03207	0.01372	0.00530
16	0.00857	0.07337	0.27514	0.08120	0.10740	0.00885	0.10268	0.01148	0.02028	0.03736	0.02558	0.13905	0.00987	0.00572	0.00486	0.02218	0.04006	0.00481	0.01631	0.00524
17	0.01533	0.01956	0.01163	0.01058	0.01269	0.83926	0.00793	0.01639	0.01163	0.01005	0.00635	0.00740	0.00529	0.00423	0.00370	0.00106	0.00740	0.00264	0.00212	0.00476
18	0.00990	0.00746	0.04856	0.04475	0.11871	0.00685	0.03876	0.12518	0.01071	0.14448	0.05433	0.23648	0.07132	0.02642	0.00490	0.00145	0.00370	0.02575	0.01514	0.00515
19	0.03898	0.05957	0.14040	0.07292	0.17253	0.05000	0.06901	0.04272	0.05296	0.08036	0.02835	0.09515	0.04406	0.00540	0.00440	0.00131	0.02902	0.00464	0.00272	0.00550
20	0.00908	0.00848	0.06107	0.16845	0.15524	0.00868	0.02131	0.07748	0.05117	0.05196	0.01289	0.10363	0.07202	0.02415	0.02182	0.00158	0.12583	0.01730	0.00273	0.00512

[dist]
# distance from previous block
# <min> <max>
4	17

[block]
# block no. 8 follows, 65 sequences, length 10
# corresponding to MSA columns:
# 281-290
name=unknown_I
#
# <colnr> <probs for GDERKNQSTAVLIFYWHMCP>
#	G	D	E	R	K	N	Q	S	T	A	V	L	I	F	Y	W	H	M	C	P
0	0.00587	0.00422	0.00496	0.00495	0.00558	0.00405	0.00332	0.00697	0.03088	0.01102	0.17095	0.14293	0.13675	0.35353	0.04869	0.00266	0.00331	0.00717	0.02874	0.02345
1	0.02314	0.03408	0.03588	0.00917	0.08594	0.00684	0.08420	0.03376	0.04159	0.03047	0.12491	0.12428	0.12815	0.04368	0.02437	0.02239	0.06406	0.04019	0.03842	0.00447
2	0.03223	0.00848	0.01464	0.09045	0.22598	0.00860	0.22467	0.05116	0.03755	0.03110	0.06921	0.08219	0.04853	0.00619	0.03282	0.00153	0.02151	0.00515	0.00268	0.00533
3	0.19940	0.02813	0.03627	0.08348	0.04836	0.00837	0.09669	0.03900	0.03602	0.14805	0.03999	0.06445	0.01004	0.03847	0.00522	0.00147	0.05998	0.03303	0.01847	0.00511
4	0.01187	0.68557	0.01948	0.00775	0.01098	0.18566	0.00721	0.01314	0.00902	0.00974	0.00584	0.00675	0.00527	0.00366	0.00285	0.00091	0.00501	0.00229	0.00183	0.00516
5	0.00524	0.00407	0.00477	0.00481	0.00584	0.00360	0.00353	0.00656	0.00995	0.01302	0.33627	0.17853	0.38896	0.01007	0.00492	0.00140	0.00208	0.00872	0.00408	0.00360
6	0.00585	0.00407	0.00516	0.03272	0.00642	0.00402	0.00374	0.00669	0.02608	0.02747	0.01867	0.46274	0.04047	0.29904	0.03561	0.00257	0.00332	0.00886	0.00328	0.00325
7	0.03071	0.24867	0.05540	0.07256	0.08554	0.15099	0.08285	0.07646	0.05932	0.02877	0.00806	0.02409	0.00666	0.00495	0.02597	0.00130	0.02657	0.00336	0.00234	0.00543
8	0.02491	0.09806	0.13632	0.02222	0.06113	0.03837	0.02086	0.06670	0.02161	0.09304	0.02069	0.02994	0.00819	0.04737	0.00536	0.02079	0.05516	0.01549	0.04432	0.16948
9	0.06905	0.12557	0.05046	0.01087	0.10609	0.15904	0.06253	0.12993	0.04218	0.01408	0.00982	0.05291	0.03984	0.00553	0.02516	0.00133	0.03806	0.00384	0.00260	0.05113

[dist]
# distance from previous block
# <min> <max>
1	24

[block]
# block no. 9 follows, 65 sequences, length 17
# corresponding to MSA columns:
# 317-333
name=unknown_J
#
# <colnr> <probs for GDERKNQSTAVLIFYWHMCP>
#	G	D	E	R	K	N	Q	S	T	A	V	L	I	F	Y	W	H	M	C	P
0	0.08193	0.07860	0.06820	0.06810	0.12972	0.00894	0.10807	0.07355	0.00938	0.01386	0.03000	0.05516	0.02342	0.02192	0.01525	0.00129	0.02973	0.00397	0.01388	0.16506
1	0.03932	0.02966	0.06352	0.13428	0.22484	0.05909	0.04732	0.08772	0.04340	0.03150	0.00862	0.01111	0.01792	0.04408	0.00600	0.00144	0.11537	0.00372	0.00238	0.02872
2	0.00602	0.00440	0.00513	0.00492	0.00589	0.00403	0.00348	0.00694	0.00870	0.03232	0.18698	0.09635	0.30144	0.21571	0.00917	0.02705	0.02032	0.00730	0.00349	0.05037
3	0.01107	0.62843	0.10147	0.00797	0.01149	0.07348	0.00795	0.03769	0.04821	0.01089	0.00657	0.00743	0.00567	0.00383	0.00320	0.00099	0.02378	0.00251	0.00197	0.00541
4	0.00522	0.00385	0.00461	0.00511	0.00578	0.00350	0.00357	0.00615	0.00852	0.01117	0.07496	0.45641	0.27016	0.05249	0.00576	0.00165	0.00236	0.03095	0.04438	0.00340
5	0.00515	0.00400	0.00469	0.00488	0.00582	0.00354	0.00352	0.00634	0.00952	0.01235	0.24610	0.27492	0.38332	0.01058	0.00496	0.00144	0.00213	0.00921	0.00400	0.00354
6	0.00860	0.00726	0.00782	0.00719	0.00909	0.00804	0.00553	0.01684	0.55468	0.01598	0.14681	0.05343	0.12751	0.00694	0.00441	0.00139	0.00285	0.00589	0.00417	0.00556
7	0.04499	0.00754	0.00830	0.00674	0.00906	0.00787	0.00543	0.31992	0.01319	0.18149	0.01230	0.01293	0.00898	0.02622	0.00403	0.00121	0.00332	0.00383	0.31700	0.00565
8	0.01533	0.01956	0.01163	0.01058	0.01269	0.83926	0.00793	0.01639	0.01163	0.01005	0.00635	0.00740	0.00529	0.00423	0.00370	0.00106	0.00740	0.00264	0.00212	0.00476
9	0.00851	0.00730	0.00851	0.00608	0.00973	0.00547	0.00486	0.01034	0.00851	0.01338	0.00730	0.00851	0.00608	0.00304	0.00304	0.00061	0.00304	0.00243	0.00243	0.88083
10	0.00851	0.00730	0.00851	0.00608	0.00973	0.00547	0.00486	0.01034	0.00851	0.01338	0.00730	0.00851	0.00608	0.00304	0.00304	0.00061	0.00304	0.00243	0.00243	0.88083
11	0.00586	0.00440	0.00660	0.00660	0.00733	0.00513	0.00513	0.00733	0.00660	0.00953	0.01100	0.01613	0.01026	0.03079	0.83947	0.00660	0.01100	0.00440	0.00220	0.00367
12	0.00493	0.00416	0.00426	0.00424	0.00559	0.00350	0.00318	0.00604	0.00954	0.01152	0.10454	0.03880	0.76525	0.01024	0.00485	0.00138	0.00207	0.00856	0.00387	0.00350
13	0.00969	0.00787	0.00942	0.04866	0.02656	0.00709	0.00593	0.12806	0.03327	0.03637	0.00886	0.05044	0.00748	0.00413	0.00381	0.00088	0.03372	0.00330	0.00280	0.57166
14	0.00941	0.02582	0.08033	0.14076	0.16785	0.02975	0.02598	0.05510	0.05126	0.06390	0.03469	0.07802	0.03506	0.03095	0.02440	0.00155	0.08172	0.03097	0.00271	0.02978
15	0.01080	0.09365	0.18470	0.06529	0.08699	0.06436	0.04885	0.17879	0.03314	0.02986	0.00882	0.05418	0.00734	0.00547	0.02122	0.00141	0.09303	0.00385	0.00256	0.00568
16	0.01032	0.32358	0.12167	0.02820	0.02592	0.04327	0.08694	0.03601	0.11718	0.04514	0.03649	0.02731	0.00850	0.02768	0.02061	0.00135	0.02826	0.00362	0.00249	0.00545

[dist]
# distance from previous block
# <min> <max>
0	9

[block]
# block no. 10 follows, 65 sequences, length 29
# corresponding to MSA columns:
# 343-371
name=unknown_K
#
# <colnr> <probs for GDERKNQSTAVLIFYWHMCP>
#	G	D	E	R	K	N	Q	S	T	A	V	L	I	F	Y	W	H	M	C	P
0	0.00833	0.00569	0.00672	0.00613	0.00766	0.00575	0.00468	0.02457	0.18721	0.09518	0.27154	0.11508	0.08340	0.02240	0.00487	0.00136	0.01985	0.00638	0.08633	0.03687
1	0.01178	0.03687	0.31527	0.04407	0.03957	0.06434	0.03315	0.12501	0.12660	0.14730	0.01038	0.01070	0.00737	0.00447	0.00400	0.00127	0.00505	0.00358	0.00299	0.00623
2	0.00913	0.01991	0.08462	0.17686	0.28183	0.00882	0.05758	0.02247	0.09676	0.03597	0.05753	0.03909	0.02403	0.02745	0.00472	0.00136	0.01433	0.00435	0.00256	0.03062
3	0.01577	0.01123	0.01215	0.00932	0.01260	0.01233	0.00770	0.76938	0.01885	0.07357	0.01023	0.01010	0.00717	0.00494	0.00411	0.00123	0.00446	0.00372	0.00416	0.00698
4	0.00581	0.00420	0.00549	0.00516	0.00613	0.00387	0.00387	0.00775	0.01162	0.01646	0.82797	0.03066	0.03873	0.00839	0.00484	0.00129	0.00194	0.00742	0.00452	0.00387
5	0.00898	0.00840	0.01406	0.38247	0.39327	0.00920	0.02701	0.03280	0.00908	0.01238	0.00870	0.02992	0.02279	0.00424	0.00412	0.00130	0.00501	0.00396	0.01685	0.00547
6	0.00686	0.00601	0.00929	0.10359	0.12428	0.02389	0.07773	0.00843	0.00862	0.01142	0.04207	0.40092	0.04682	0.02955	0.00527	0.00159	0.00373	0.08262	0.00314	0.00418
7	0.00642	0.00513	0.00689	0.00668	0.00721	0.02421	0.00504	0.00751	0.00655	0.00925	0.01071	0.01743	0.01062	0.19972	0.56424	0.00543	0.09662	0.00460	0.00222	0.00353
8	0.00823	0.02123	0.83447	0.01170	0.01777	0.00953	0.01517	0.01300	0.00867	0.01300	0.00737	0.00867	0.00520	0.00390	0.00390	0.00130	0.00607	0.00303	0.00173	0.00607
9	0.00851	0.00730	0.00851	0.00608	0.00973	0.00547	0.00486	0.01034	0.00851	0.01338	0.00730	0.00851	0.00608	0.00304	0.00304	0.00061	0.00304	0.00243	0.00243	0.88083
10	0.00968	0.00943	0.04946	0.23598	0.35152	0.00954	0.09404	0.05839	0.00957	0.03635	0.00898	0.01232	0.01899	0.00444	0.00463	0.00133	0.04154	0.03588	0.00226	0.00568
11	0.00564	0.00460	0.02800	0.00683	0.04208	0.00411	0.00465	0.02530	0.01862	0.01116	0.02164	0.73317	0.04413	0.01186	0.00511	0.00162	0.00266	0.02146	0.00369	0.00368
12	0.01842	0.00699	0.00953	0.00730	0.01048	0.00603	0.00603	0.02000	0.01175	0.83298	0.01619	0.01397	0.01016	0.00508	0.00413	0.00127	0.00349	0.00413	0.00508	0.00699
13	0.00505	0.00361	0.00481	0.00568	0.00596	0.00337	0.00381	0.00584	0.00808	0.01083	0.07022	0.80446	0.02783	0.01260	0.00522	0.00164	0.00236	0.01142	0.00385	0.00337
14	0.00590	0.00514	0.04746	0.00585	0.03001	0.00421	0.00437	0.00731	0.00944	0.02640	0.29228	0.15274	0.25642	0.10886	0.02377	0.00180	0.00279	0.00779	0.00372	0.00375
15	0.81365	0.00796	0.00638	0.00560	0.00820	0.00910	0.00462	0.03056	0.00755	0.06711	0.00643	0.00717	0.00484	0.00391	0.00267	0.00127	0.00322	0.00237	0.00273	0.00465
16	0.12776	0.39253	0.15060	0.00830	0.01166	0.11850	0.00820	0.05210	0.00906	0.01235	0.00641	0.00752	0.00535	0.00401	0.00366	0.00109	0.05304	0.00258	0.02006	0.00523
17	0.04666	0.00682	0.01688	0.00792	0.06587	0.09803	0.00540	0.04271	0.03598	0.01210	0.02655	0.44801	0.03539	0.04356	0.01697	0.00166	0.00355	0.05348	0.02840	0.00408
18	0.00866	0.03381	0.68402	0.01132	0.01687	0.00941	0.04888	0.01313	0.02501	0.03305	0.00775	0.00899	0.00557	0.00393	0.00402	0.00126	0.01822	0.00313	0.00192	0.06105
19	0.00610	0.00414	0.00473	0.00459	0.00485	0.00403	0.00272	0.00638	0.00660	0.00905	0.08001	0.02612	0.01641	0.73033	0.01840	0.00355	0.00373	0.00589	0.02070	0.04165
20	0.00587	0.00438	0.00652	0.00652	0.00723	0.00509	0.00504	0.00728	0.00657	0.00947	0.01107	0.01651	0.01043	0.06065	0.80984	0.00650	0.01074	0.00445	0.00221	0.00362
21	0.00983	0.12385	0.28268	0.08208	0.13905	0.02622	0.04880	0.04758	0.04560	0.05616	0.00934	0.03570	0.02383	0.00481	0.01288	0.00132	0.03851	0.00372	0.00231	0.00574
22	0.01506	0.03065	0.03556	0.02705	0.01290	0.34981	0.07310	0.05792	0.03798	0.28252	0.01042	0.01055	0.00741	0.00515	0.02439	0.00132	0.00574	0.00350	0.00324	0.00574
23	0.00504	0.00366	0.00468	0.00547	0.00582	0.00339	0.00365	0.00575	0.00792	0.01040	0.02424	0.71186	0.11835	0.06143	0.00610	0.00177	0.00244	0.01099	0.00373	0.00330
24	0.00643	0.00426	0.00532	0.00518	0.00624	0.00384	0.00382	0.00788	0.01026	0.07474	0.41522	0.19157	0.19793	0.02525	0.00513	0.00143	0.00221	0.00817	0.02124	0.00389
25	0.02854	0.27028	0.08394	0.11776	0.08373	0.10318	0.08141	0.04568	0.05091	0.02298	0.00748	0.00911	0.00607	0.00463	0.02028	0.00128	0.05202	0.00319	0.00215	0.00538
26	0.00978	0.01002	0.01005	0.03248	0.10548	0.22017	0.03191	0.04481	0.05768	0.01241	0.08991	0.04597	0.10729	0.03302	0.07092	0.00178	0.07632	0.00484	0.03047	0.00468
27	0.00746	0.00467	0.00639	0.00603	0.00676	0.00471	0.02085	0.00822	0.06775	0.05626	0.15088	0.09612	0.08055	0.02799	0.02037	0.38941	0.03378	0.00557	0.00298	0.00326
28	0.00684	0.01818	0.00637	0.02323	0.00749	0.05400	0.01677	0.06259	0.01012	0.01313	0.19414	0.24605	0.23918	0.02567	0.00503	0.00145	0.00285	0.02492	0.03804	0.00392

[dist]
# distance from previous block
# <min> <max>
2	8

[block]
# block no. 11 follows, 65 sequences, length 21
# corresponding to MSA columns:
# 381-401
name=unknown_L
#
# <colnr> <probs for GDERKNQSTAVLIFYWHMCP>
#	G	D	E	R	K	N	Q	S	T	A	V	L	I	F	Y	W	H	M	C	P
0	0.01128	0.00643	0.00754	0.00645	0.00859	0.00638	0.00509	0.04375	0.20969	0.25752	0.12018	0.03142	0.07638	0.00602	0.00405	0.00124	0.00286	0.00501	0.15813	0.03199
1	0.01072	0.22674	0.14123	0.07419	0.21124	0.11192	0.03839	0.03220	0.02199	0.03039	0.00733	0.00884	0.00592	0.00381	0.00360	0.00111	0.00518	0.00306	0.00209	0.06006
2	0.19761	0.00916	0.00948	0.00758	0.01049	0.05854	0.00620	0.26157	0.01292	0.32183	0.01233	0.01173	0.03686	0.00490	0.00377	0.00124	0.00390	0.00366	0.02010	0.00614
3	0.00642	0.00411	0.00480	0.00474	0.00501	0.00401	0.00287	0.00673	0.00691	0.04615	0.08194	0.08460	0.03689	0.66818	0.01733	0.00341	0.00363	0.00647	0.00290	0.00289
4	0.00598	0.00425	0.00531	0.00509	0.00608	0.00389	0.00378	0.00757	0.01062	0.03409	0.56636	0.04711	0.16523	0.08083	0.00623	0.00156	0.00224	0.03583	0.00420	0.00375
5	0.00610	0.00423	0.00546	0.00550	0.00596	0.00457	0.00383	0.00720	0.02494	0.00961	0.01281	0.07115	0.01323	0.35872	0.37159	0.00466	0.00672	0.00543	0.07504	0.00325
6	0.00823	0.02123	0.83447	0.01170	0.01777	0.00953	0.01517	0.01300	0.00867	0.01300	0.00737	0.00867	0.00520	0.00390	0.00390	0.00130	0.00607	0.00303	0.00173	0.00607
7	0.00541	0.00399	0.00505	0.00519	0.00599	0.00364	0.00374	0.00682	0.01008	0.01374	0.45210	0.29286	0.15601	0.01012	0.00497	0.00142	0.00210	0.00896	0.00419	0.00364
8	0.83093	0.00788	0.00625	0.00552	0.00810	0.00901	0.00454	0.01256	0.00728	0.06900	0.00637	0.00712	0.00480	0.00389	0.00264	0.00127	0.00320	0.00234	0.00270	0.00460
9	0.02512	0.29239	0.06923	0.00801	0.01064	0.07997	0.01788	0.13142	0.02917	0.01267	0.00844	0.01053	0.00725	0.01239	0.26458	0.00279	0.00682	0.00330	0.00235	0.00505
10	0.04737	0.02443	0.13187	0.04897	0.04960	0.00703	0.13555	0.02119	0.03320	0.04516	0.04890	0.18501	0.11882	0.01831	0.02518	0.00158	0.00432	0.04580	0.00299	0.00472
11	0.03766	0.13192	0.26395	0.03915	0.09566	0.03063	0.02526	0.15463	0.03448	0.01461	0.02104	0.02250	0.00681	0.00476	0.00490	0.01691	0.08359	0.00343	0.00239	0.00573
12	0.00969	0.01107	0.02422	0.01730	0.02145	0.01038	0.81522	0.01315	0.00969	0.01315	0.00830	0.01107	0.00623	0.00346	0.00484	0.00138	0.00692	0.00484	0.00208	0.00554
13	0.04050	0.00513	0.00612	0.00550	0.00703	0.00487	0.00419	0.04310	0.00994	0.19851	0.15718	0.08612	0.13607	0.07907	0.04514	0.00174	0.00309	0.00596	0.15626	0.00449
14	0.00991	0.14658	0.26238	0.04163	0.06338	0.10764	0.15980	0.01305	0.03486	0.02735	0.00889	0.04168	0.02083	0.00467	0.01325	0.00130	0.01876	0.00378	0.01479	0.00546
15	0.00762	0.05841	0.00867	0.04250	0.00886	0.00678	0.03470	0.01983	0.02182	0.05658	0.01164	0.02914	0.03038	0.19079	0.35891	0.00410	0.08404	0.00467	0.01656	0.00398
16	0.00696	0.00545	0.00625	0.00583	0.00723	0.00556	0.00443	0.01143	0.23568	0.01575	0.44079	0.02713	0.15654	0.00777	0.00457	0.00132	0.00232	0.00669	0.04376	0.00453
17	0.00970	0.00857	0.05271	0.14513	0.15036	0.04691	0.06298	0.04633	0.02473	0.09778	0.07127	0.07614	0.03959	0.00614	0.01482	0.00141	0.04966	0.03948	0.05114	0.00516
18	0.03394	0.12701	0.10202	0.04227	0.09142	0.14840	0.07719	0.12963	0.05504	0.07836	0.00873	0.01006	0.00679	0.02480	0.01795	0.00136	0.03323	0.00345	0.00265	0.00569
19	0.04967	0.00808	0.08094	0.15602	0.14635	0.03870	0.01977	0.01029	0.02249	0.04230	0.01322	0.24392	0.02308	0.02093	0.03285	0.00162	0.02012	0.02773	0.03724	0.00468
20	0.00587	0.00399	0.00484	0.00513	0.00593	0.00362	0.00362	0.00691	0.00889	0.04760	0.13501	0.40172	0.23750	0.04881	0.00559	0.00159	0.00233	0.00923	0.05822	0.00359

[dist]
# distance from previous block
# <min> <max>
1	11

[block]
# block no. 12 follows, 65 sequences, length 12
# corresponding to MSA columns:
# 413-424
name=unknown_M
#
# <colnr> <probs for GDERKNQSTAVLIFYWHMCP>
#	G	D	E	R	K	N	Q	S	T	A	V	L	I	F	Y	W	H	M	C	P
0	0.11351	0.11482	0.05094	0.04915	0.16444	0.06991	0.02487	0.13637	0.04898	0.03302	0.03882	0.04585	0.02530	0.01730	0.00427	0.00126	0.02690	0.00386	0.00274	0.02770
1	0.08071	0.10476	0.05232	0.00928	0.04977	0.12399	0.08479	0.07455	0.04154	0.07829	0.12738	0.07619	0.03793	0.00629	0.02352	0.00138	0.00454	0.01456	0.00309	0.00512
2	0.00704	0.00362	0.00543	0.00543	0.00548	0.00367	0.00367	0.00548	0.00543	0.00729	0.00739	0.01273	0.00734	0.01538	0.07196	0.82122	0.00407	0.00362	0.00181	0.00191
3	0.02878	0.06126	0.11279	0.12847	0.04482	0.10798	0.02494	0.14191	0.05174	0.04915	0.04427	0.04629	0.05992	0.00533	0.00436	0.00127	0.03684	0.00423	0.04033	0.00531
4	0.00807	0.00527	0.00615	0.00555	0.00696	0.00523	0.00425	0.07120	0.08655	0.06805	0.39271	0.02399	0.08141	0.03322	0.00477	0.00132	0.00242	0.00598	0.18243	0.00447
5	0.68192	0.02559	0.00769	0.00696	0.04795	0.00916	0.02755	0.02958	0.00768	0.03796	0.00795	0.02678	0.03633	0.00438	0.00321	0.00129	0.02778	0.00293	0.00264	0.00465
6	0.04548	0.00667	0.02932	0.05527	0.07467	0.00661	0.03351	0.09395	0.06632	0.02516	0.10202	0.13727	0.10378	0.10808	0.04746	0.00195	0.00390	0.03286	0.02122	0.00451
7	0.00730	0.00601	0.00934	0.21846	0.14355	0.00660	0.00773	0.00908	0.02121	0.01117	0.06742	0.06020	0.02580	0.05582	0.12507	0.07855	0.01791	0.12201	0.00258	0.00418
8	0.00831	0.00800	0.04196	0.07991	0.14537	0.07060	0.00752	0.05041	0.03293	0.01190	0.03378	0.06683	0.04822	0.06523	0.21736	0.00285	0.05620	0.02781	0.02023	0.00459
9	0.01097	0.85821	0.02151	0.00702	0.01054	0.01624	0.00702	0.01229	0.00834	0.00966	0.00571	0.00658	0.00527	0.00351	0.00263	0.00088	0.00439	0.00219	0.00176	0.00527
10	0.11106	0.00979	0.01049	0.00834	0.01114	0.01074	0.00678	0.56605	0.01576	0.07388	0.01064	0.05547	0.00842	0.03843	0.04282	0.00161	0.00447	0.00410	0.00383	0.00618
11	0.07065	0.01295	0.01153	0.04535	0.01291	0.33878	0.06206	0.13033	0.02897	0.21370	0.00974	0.01004	0.00700	0.00449	0.00388	0.00119	0.00545	0.00339	0.02194	0.00566

[dist]
# distance from previous block
# <min> <max>
0	1

[block]
# block no. 13 follows, 65 sequences, length 10
# corresponding to MSA columns:
# 426-435
name=unknown_N
#
# <colnr> <probs for GDERKNQSTAVLIFYWHMCP>
#	G	D	E	R	K	N	Q	S	T	A	V	L	I	F	Y	W	H	M	C	P
0	0.02687	0.01217	0.03317	0.09771	0.24774	0.24209	0.12558	0.03089	0.00998	0.01242	0.03557	0.03578	0.00773	0.00448	0.00446	0.00125	0.03960	0.00387	0.02334	0.00532
