[name]
unknown

[dist]
# distance from previous block
# <min> <max>
0	45

[block]
# block no. 0 follows, 60 sequences, length 36
# corresponding to MSA columns:
# 45-51,53-81
name=unknown_A
#
# <colnr> <probs for GDERKNQSTAVLIFYWHMCP>
#	G	D	E	R	K	N	Q	S	T	A	V	L	I	F	Y	W	H	M	C	P
0	0.00703	0.00502	0.00703	0.00803	0.00904	0.00502	0.00703	0.00904	0.01004	0.01305	0.02309	0.04920	0.02510	0.01205	0.00602	0.00201	0.00402	0.79016	0.00402	0.00402
1	0.00813	0.00407	0.00407	0.00407	0.00508	0.00407	0.00305	0.01016	0.00915	0.01626	0.01423	0.01626	0.01118	0.00508	0.00305	0.00102	0.00203	0.00407	0.87093	0.00407
2	0.00516	0.00440	0.00444	0.00448	0.00591	0.00368	0.00334	0.00625	0.00988	0.01176	0.04345	0.07120	0.78899	0.01114	0.00517	0.00148	0.00222	0.00932	0.00405	0.00368
3	0.00651	0.00433	0.00563	0.00627	0.00683	0.00411	0.00430	0.02160	0.03126	0.05731	0.03826	0.72479	0.02695	0.03214	0.00583	0.00178	0.00269	0.01136	0.00412	0.00391
4	0.00553	0.00410	0.00500	0.00560	0.00619	0.00377	0.00388	0.00639	0.00869	0.01123	0.04617	0.47070	0.22499	0.11826	0.00759	0.00201	0.00275	0.05975	0.00389	0.00351
5	0.03160	0.00788	0.00968	0.00787	0.01078	0.00768	0.00635	0.08890	0.16983	0.49381	0.01753	0.06026	0.03326	0.00605	0.00441	0.00139	0.00360	0.00497	0.02727	0.00688
6	0.01298	0.01006	0.01072	0.00901	0.01179	0.01134	0.00718	0.30225	0.46593	0.04192	0.01495	0.01416	0.01103	0.00562	0.00434	0.00139	0.00387	0.00451	0.05003	0.00695
7	0.01129	0.00941	0.01051	0.14830	0.01429	0.06562	0.02149	0.09847	0.37538	0.05945	0.05828	0.01545	0.02420	0.00561	0.00435	0.00139	0.00418	0.00465	0.06160	0.00610
8	0.04152	0.07678	0.12862	0.03618	0.04609	0.11040	0.00861	0.13509	0.01220	0.26847	0.01209	0.06862	0.00923	0.00538	0.00417	0.00131	0.00486	0.00424	0.01980	0.00633
9	0.01003	0.01005	0.01313	0.01128	0.01157	0.04728	0.00933	0.02669	0.04954	0.01124	0.00649	0.00984	0.00615	0.00737	0.01317	0.00184	0.74412	0.00384	0.00210	0.00495
10	0.00947	0.00818	0.01011	0.00877	0.09807	0.00655	0.00616	0.03661	0.00951	0.01464	0.00789	0.00928	0.00654	0.00337	0.00338	0.00074	0.00349	0.00277	0.00259	0.75188
11	0.02759	0.42691	0.11382	0.02656	0.18129	0.05855	0.06432	0.01367	0.00947	0.03088	0.00723	0.00868	0.00604	0.00390	0.00355	0.00113	0.00531	0.00305	0.00207	0.00597
12	0.00624	0.00463	0.00677	0.00677	0.00747	0.00532	0.00516	0.00764	0.00694	0.00995	0.01190	0.01833	0.01142	0.11818	0.74468	0.00672	0.01090	0.00485	0.00237	0.00376
13	0.01089	0.05876	0.12434	0.02789	0.08418	0.00892	0.00827	0.15162	0.01123	0.03704	0.00843	0.00956	0.00659	0.00388	0.00368	0.00097	0.00427	0.00308	0.00277	0.43360
14	0.00569	0.00395	0.00495	0.00560	0.00576	0.00379	0.00354	0.00617	0.00763	0.01017	0.02032	0.54950	0.02416	0.31444	0.01157	0.00266	0.00314	0.01021	0.00354	0.00322
15	0.00538	0.00440	0.00475	0.00472	0.00605	0.00377	0.00352	0.00667	0.01038	0.01298	0.20933	0.07719	0.61427	0.01071	0.00517	0.00146	0.00219	0.00907	0.00421	0.00377
16	0.00614	0.00407	0.00537	0.00609	0.00662	0.00375	0.00419	0.00705	0.00885	0.05559	0.05838	0.71096	0.06825	0.01285	0.00547	0.00172	0.00258	0.02412	0.00415	0.00379
17	0.02868	0.00440	0.00510	0.00538	0.00641	0.00397	0.00386	0.00744	0.00941	0.05490	0.07250	0.38161	0.33309	0.01127	0.00512	0.00156	0.00244	0.00981	0.04917	0.00389
18	0.01658	0.01222	0.01309	0.01003	0.01353	0.01353	0.00829	0.80497	0.02051	0.02749	0.01047	0.01047	0.00742	0.00524	0.00436	0.00131	0.00480	0.00393	0.00436	0.00742
19	0.01629	0.02079	0.01236	0.01124	0.01348	0.82921	0.00843	0.01742	0.01236	0.01067	0.00674	0.00787	0.00562	0.00449	0.00393	0.00112	0.00787	0.00281	0.00225	0.00506
20	0.00824	0.00775	0.01308	0.83624	0.03004	0.00969	0.01211	0.01114	0.00872	0.01114	0.00775	0.01163	0.00581	0.00436	0.00436	0.00145	0.00581	0.00388	0.00194	0.00484
21	0.01166	0.84935	0.02285	0.00746	0.01119	0.01726	0.00746	0.01306	0.00886	0.01026	0.00606	0.00700	0.00560	0.00373	0.00280	0.00093	0.00466	0.00233	0.00187	0.00560
22	0.00875	0.02256	0.82413	0.01243	0.01888	0.01013	0.01611	0.01381	0.00921	0.01381	0.00783	0.00921	0.00552	0.00414	0.00414	0.00138	0.00645	0.00322	0.00184	0.00645
23	0.00635	0.00441	0.00566	0.00566	0.00601	0.00473	0.00381	0.00705	0.00670	0.00937	0.01291	0.02349	0.01368	0.48742	0.35404	0.00528	0.00723	0.00559	0.02740	0.00320
24	0.00611	0.00423	0.00514	0.00531	0.00552	0.00428	0.00333	0.00651	0.00690	0.00927	0.01616	0.16634	0.04294	0.55462	0.14108	0.00414	0.00500	0.00721	0.00288	0.00302
25	0.05590	0.01279	0.20983	0.05735	0.14172	0.03441	0.08563	0.10334	0.02146	0.16412	0.04353	0.03134	0.00910	0.00487	0.00435	0.00137	0.00519	0.00421	0.00313	0.00638
26	0.00824	0.00775	0.01308	0.83624	0.03004	0.00969	0.01211	0.01114	0.00872	0.01114	0.00775	0.01163	0.00581	0.00436	0.00436	0.00145	0.00581	0.00388	0.00194	0.00484
27	0.01041	0.05521	0.08963	0.03567	0.23710	0.00846	0.00896	0.03525	0.00980	0.05844	0.00839	0.00987	0.00670	0.00373	0.00372	0.00099	0.00430	0.00317	0.00254	0.40766
28	0.01138	0.00925	0.00988	0.00881	0.01133	0.01058	0.00687	0.02306	0.76311	0.06708	0.01772	0.01619	0.01316	0.00589	0.00443	0.00147	0.00347	0.00490	0.00450	0.00693
29	0.01120	0.01024	0.06206	0.05571	0.05141	0.01051	0.20915	0.06547	0.01000	0.12362	0.01110	0.01444	0.03748	0.00601	0.00765	0.00159	0.25521	0.04863	0.00283	0.00570
30	0.02424	0.02919	0.09032	0.03469	0.03236	0.05774	0.02332	0.05453	0.08792	0.06509	0.04470	0.17747	0.02806	0.01950	0.00551	0.00143	0.07272	0.02076	0.00326	0.12717
31	0.01608	0.00835	0.01014	0.00825	0.01127	0.00837	0.00666	0.07321	0.28961	0.47519	0.03351	0.01542	0.01207	0.00564	0.00442	0.00139	0.00366	0.00462	0.00499	0.00717
32	0.00999	0.05504	0.10107	0.06494	0.01236	0.00988	0.04138	0.09616	0.11568	0.01537	0.01077	0.01274	0.00857	0.02017	0.00625	0.00143	0.17141	0.00400	0.23743	0.00538
33	0.00674	0.00426	0.00582	0.00582	0.00606	0.00419	0.02475	0.00647	0.00688	0.00919	0.03405	0.14964	0.01594	0.34992	0.01616	0.29716	0.00383	0.04766	0.00272	0.00272
34	0.01017	0.03479	0.01220	0.24951	0.03861	0.13503	0.01911	0.05251	0.02871	0.01173	0.00973	0.02429	0.05073	0.00708	0.02004	0.07891	0.20565	0.00411	0.00232	0.00478
35	0.04740	0.18472	0.10376	0.01087	0.06107	0.07308	0.06392	0.13460	0.04394	0.01500	0.03028	0.05389	0.00852	0.00526	0.00515	0.00131	0.10160	0.00397	0.00269	0.04899

[dist]
# distance from previous block
# <min> <max>
2	86

[block]
# block no. 1 follows, 60 sequences, length 11
# corresponding to MSA columns:
# 169-179
name=unknown_B
#
# <colnr> <probs for GDERKNQSTAVLIFYWHMCP>
#	G	D	E	R	K	N	Q	S	T	A	V	L	I	F	Y	W	H	M	C	P
0	0.00604	0.00499	0.00621	0.03067	0.00779	0.00463	0.03153	0.00805	0.04675	0.01349	0.22708	0.09462	0.43256	0.01059	0.02494	0.00162	0.00283	0.03748	0.00408	0.00405
1	0.00539	0.00387	0.00504	0.00590	0.00622	0.00361	0.00394	0.00616	0.00843	0.01121	0.04929	0.73587	0.06435	0.06047	0.00647	0.00188	0.00260	0.01177	0.00399	0.00352
2	0.06551	0.00936	0.01012	0.03644	0.01153	0.03425	0.00685	0.38558	0.01503	0.14532	0.01254	0.01442	0.00949	0.00553	0.00411	0.00130	0.00410	0.05285	0.16942	0.00625
3	0.00904	0.00775	0.00904	0.00646	0.01034	0.00581	0.00517	0.01098	0.00904	0.01421	0.00775	0.00904	0.00646	0.00323	0.00323	0.00065	0.00323	0.00258	0.00258	0.87339
4	0.00703	0.00506	0.00746	0.02885	0.00862	0.00521	0.05000	0.00872	0.02610	0.05083	0.06906	0.26230	0.04791	0.05816	0.30197	0.00365	0.00627	0.00737	0.04133	0.00412
5	0.01166	0.84935	0.02285	0.00746	0.01119	0.01726	0.00746	0.01306	0.00886	0.01026	0.00606	0.00700	0.00560	0.00373	0.00280	0.00093	0.00466	0.00233	0.00187	0.00560
6	0.00622	0.00463	0.00626	0.00738	0.03739	0.00449	0.00528	0.00789	0.03763	0.01242	0.07145	0.49236	0.05446	0.01221	0.00556	0.00177	0.00302	0.22159	0.00403	0.00395
7	0.11941	0.00839	0.01061	0.00819	0.01154	0.00800	0.03692	0.12010	0.03497	0.53697	0.01431	0.01304	0.00937	0.00507	0.00416	0.00132	0.00392	0.00405	0.00467	0.04499
8	0.00858	0.00764	0.01139	0.43568	0.11766	0.03643	0.00964	0.02829	0.00945	0.03111	0.04112	0.17050	0.03632	0.00644	0.00459	0.00145	0.00480	0.00573	0.00269	0.03051
9	0.07628	0.10370	0.22603	0.03971	0.03305	0.07216	0.06952	0.08529	0.07320	0.05215	0.03381	0.01116	0.02087	0.00455	0.00398	0.00126	0.00516	0.00364	0.00276	0.08171
10	0.03722	0.06810	0.35087	0.02557	0.03924	0.03697	0.03186	0.14687	0.01134	0.07375	0.01115	0.07075	0.03204	0.00535	0.00435	0.00136	0.01734	0.00428	0.02548	0.00612

[dist]
# distance from previous block
# <min> <max>
1	12

[block]
# block no. 2 follows, 60 sequences, length 8
# corresponding to MSA columns:
# 194-201
name=unknown_C
#
# <colnr> <probs for GDERKNQSTAVLIFYWHMCP>
#	G	D	E	R	K	N	Q	S	T	A	V	L	I	F	Y	W	H	M	C	P
0	0.87753	0.00843	0.00641	0.00574	0.00843	0.00978	0.00472	0.01282	0.00742	0.01957	0.00607	0.00709	0.00472	0.00405	0.00270	0.00135	0.00337	0.00236	0.00270	0.00472
1	0.01139	0.00964	0.01017	0.00899	0.01155	0.01110	0.00704	0.09749	0.73643	0.01912	0.01706	0.01572	0.01275	0.00585	0.00443	0.00146	0.00358	0.00484	0.00443	0.00695
2	0.00758	0.00379	0.00568	0.00568	0.00568	0.00379	0.00379	0.00568	0.00568	0.00758	0.00758	0.01326	0.00758	0.01515	0.01705	0.87311	0.00379	0.00379	0.00189	0.00189
3	0.00627	0.00475	0.00505	0.00508	0.00640	0.00435	0.00381	0.03819	0.03388	0.01316	0.03423	0.15240	0.50746	0.01024	0.00489	0.00146	0.00243	0.03537	0.12660	0.00397
4	0.77475	0.00831	0.00685	0.00598	0.00876	0.00938	0.00493	0.01383	0.00803	0.11576	0.00741	0.00801	0.00545	0.00421	0.00290	0.00135	0.00341	0.00260	0.00302	0.00505
5	0.00631	0.00448	0.00538	0.00531	0.00649	0.00400	0.00397	0.00785	0.01081	0.04625	0.35930	0.14070	0.31319	0.01014	0.00514	0.00147	0.00230	0.03303	0.02988	0.00401
6	0.01491	0.05061	0.01228	0.01044	0.01291	0.53746	0.00803	0.09101	0.19285	0.01391	0.00954	0.00996	0.00751	0.00485	0.00404	0.00121	0.00646	0.00337	0.00292	0.00571
7	0.01040	0.03151	0.04237	0.22756	0.24265	0.03437	0.01035	0.05931	0.18085	0.01482	0.01009	0.01174	0.00785	0.00447	0.00419	0.00130	0.00487	0.00388	0.00274	0.09468

[dist]
# distance from previous block
# <min> <max>
0	1

[block]
# block no. 3 follows, 60 sequences, length 15
# corresponding to MSA columns:
# 203-217
name=unknown_D
#
# <colnr> <probs for GDERKNQSTAVLIFYWHMCP>
#	G	D	E	R	K	N	Q	S	T	A	V	L	I	F	Y	W	H	M	C	P
0	0.05687	0.10516	0.07374	0.04496	0.08785	0.13187	0.03987	0.10702	0.09313	0.10302	0.02712	0.01205	0.00861	0.05109	0.00545	0.00147	0.03787	0.00386	0.00305	0.00596
1	0.79555	0.03537	0.00729	0.00605	0.00870	0.01006	0.00503	0.01297	0.00758	0.04060	0.00636	0.00738	0.00495	0.00420	0.00316	0.00136	0.03337	0.00247	0.00272	0.00483
2	0.01003	0.00985	0.01560	0.27530	0.44979	0.04836	0.02922	0.01252	0.00944	0.01280	0.00827	0.03268	0.00701	0.00454	0.00497	0.00139	0.05607	0.00408	0.00213	0.00594
3	0.00566	0.00430	0.00502	0.00509	0.00602	0.00386	0.00361	0.00686	0.00996	0.01305	0.28116	0.17994	0.32954	0.11745	0.00740	0.00185	0.00248	0.00899	0.00411	0.00366
4	0.05146	0.00835	0.01023	0.00795	0.01115	0.00806	0.00654	0.20620	0.01394	0.54269	0.01495	0.01361	0.00979	0.00528	0.00422	0.00132	0.00383	0.00417	0.06919	0.00707
5	0.00786	0.00600	0.00689	0.00633	0.00779	0.02383	0.00481	0.04139	0.14585	0.04035	0.51552	0.04494	0.09873	0.02385	0.00527	0.00145	0.00263	0.00720	0.00457	0.00475
6	0.00557	0.00425	0.00514	0.00558	0.00638	0.00390	0.00393	0.00699	0.03417	0.01253	0.15256	0.45504	0.26423	0.01191	0.00534	0.00161	0.00239	0.01052	0.00418	0.00378
7	0.00565	0.00405	0.00536	0.00584	0.00640	0.00377	0.00407	0.00691	0.00991	0.01361	0.33310	0.52776	0.03364	0.01181	0.00540	0.00162	0.00235	0.01064	0.00434	0.00377
8	0.01629	0.02079	0.01236	0.01124	0.01348	0.82921	0.00843	0.01742	0.01236	0.01067	0.00674	0.00787	0.00562	0.00449	0.00393	0.00112	0.00787	0.00281	0.00225	0.00506
9	0.00608	0.00443	0.00601	0.00640	0.00696	0.00464	0.00458	0.02896	0.00802	0.01097	0.01838	0.40046	0.04042	0.09348	0.33434	0.00405	0.00637	0.00848	0.00325	0.00372
10	0.00958	0.03065	0.01480	0.51041	0.24730	0.01010	0.02994	0.01226	0.00918	0.04415	0.00816	0.01133	0.00632	0.00435	0.00466	0.00141	0.03381	0.00389	0.00214	0.00556
11	0.00876	0.07650	0.40486	0.02341	0.01446	0.05049	0.02334	0.01220	0.03018	0.01289	0.02425	0.13858	0.03450	0.00621	0.00485	0.00140	0.04914	0.02244	0.00248	0.05905
12	0.10186	0.21229	0.06186	0.02404	0.10317	0.14334	0.00793	0.04441	0.02156	0.04350	0.02634	0.01183	0.02858	0.03584	0.00434	0.00126	0.00486	0.02019	0.01686	0.08594
13	0.03412	0.20847	0.05454	0.07381	0.03390	0.05250	0.02958	0.14208	0.03727	0.03580	0.06028	0.01496	0.08130	0.05323	0.01781	0.00147	0.00465	0.00426	0.00298	0.05700
14	0.01174	0.05709	0.09507	0.02639	0.11278	0.07215	0.09916	0.13146	0.09544	0.06385	0.02660	0.01195	0.00851	0.02021	0.04415	0.00158	0.01705	0.00397	0.00299	0.09786

[dist]
# distance from previous block
# <min> <max>
0	34

[block]
# block no. 4 follows, 60 sequences, length 18
# corresponding to MSA columns:
# 252-269
name=unknown_E
#
# <colnr> <probs for GDERKNQSTAVLIFYWHMCP>
#	G	D	E	R	K	N	Q	S	T	A	V	L	I	F	Y	W	H	M	C	P
0	0.03552	0.03856	0.02195	0.02516	0.01093	0.06177	0.04358	0.04476	0.09286	0.20798	0.05541	0.09198	0.03802	0.01728	0.04454	0.00164	0.02896	0.01577	0.04534	0.07800
1	0.07047	0.02760	0.00883	0.03327	0.09503	0.05909	0.00629	0.05999	0.04442	0.02492	0.14805	0.07432	0.16569	0.02339	0.01835	0.00154	0.00377	0.07320	0.00355	0.05823
2	0.19525	0.01112	0.04295	0.04305	0.10409	0.07872	0.00816	0.22118	0.05336	0.05658	0.00905	0.01003	0.00687	0.00472	0.00445	0.00130	0.05401	0.00344	0.02039	0.07127
3	0.03048	0.03136	0.13106	0.11430	0.10402	0.00825	0.04486	0.03778	0.04063	0.05383	0.03958	0.09289	0.01019	0.00513	0.00413	0.00121	0.00444	0.00446	0.00280	0.23859
4	0.00714	0.00623	0.02458	0.12715	0.09049	0.00618	0.02170	0.00914	0.02648	0.01336	0.23859	0.07241	0.15895	0.11211	0.00735	0.00179	0.03553	0.00673	0.02974	0.00437
5	0.01658	0.01222	0.01309	0.01003	0.01353	0.01353	0.00829	0.80497	0.02051	0.02749	0.01047	0.01047	0.00742	0.00524	0.00436	0.00131	0.00480	0.00393	0.00436	0.00742
6	0.00824	0.00775	0.01308	0.83624	0.03004	0.00969	0.01211	0.01114	0.00872	0.01114	0.00775	0.01163	0.00581	0.00436	0.00436	0.00145	0.00581	0.00388	0.00194	0.00484
7	0.87753	0.00843	0.00641	0.00574	0.00843	0.00978	0.00472	0.01282	0.00742	0.01957	0.00607	0.00709	0.00472	0.00405	0.00270	0.00135	0.00337	0.00236	0.00270	0.00472
8	0.03025	0.03248	0.00876	0.03734	0.06286	0.02390	0.00607	0.14231	0.01182	0.07977	0.13814	0.14500	0.17411	0.02583	0.02039	0.00161	0.00364	0.04679	0.00392	0.00501
9	0.00553	0.00415	0.00505	0.00540	0.00617	0.00375	0.00378	0.00665	0.00964	0.01268	0.21726	0.38337	0.25268	0.05559	0.00622	0.00172	0.00242	0.01011	0.00415	0.00367
10	0.00943	0.00800	0.00919	0.00684	0.01045	0.00662	0.00545	0.04033	0.10266	0.01525	0.03325	0.01064	0.00833	0.00378	0.00347	0.00079	0.00328	0.00306	0.00293	0.71627
11	0.00706	0.00562	0.00761	0.03737	0.07530	0.00548	0.02466	0.03691	0.02893	0.01288	0.08635	0.22900	0.15916	0.11406	0.00730	0.00191	0.00344	0.12278	0.00363	0.03056
12	0.01071	0.16678	0.18807	0.10441	0.08779	0.02452	0.06608	0.08734	0.02426	0.05864	0.05008	0.03540	0.02329	0.00515	0.00450	0.00134	0.03014	0.02292	0.00269	0.00589
13	0.00625	0.00442	0.00581	0.00585	0.00622	0.00477	0.00400	0.00700	0.00672	0.00933	0.01316	0.05256	0.01403	0.43928	0.39596	0.00543	0.00762	0.00579	0.00255	0.00326
14	0.00537	0.00384	0.00511	0.00604	0.00634	0.00358	0.00405	0.00621	0.00860	0.01153	0.07372	0.79306	0.02962	0.01337	0.00554	0.00175	0.00250	0.01212	0.00410	0.00358
15	0.01136	0.05192	0.14742	0.07698	0.05833	0.06758	0.04543	0.15813	0.09239	0.06031	0.05689	0.03524	0.02981	0.00596	0.01836	0.00144	0.00499	0.02220	0.04931	0.00596
16	0.04217	0.18714	0.05758	0.03951	0.03017	0.07436	0.02330	0.38471	0.04801	0.03301	0.00934	0.00993	0.00704	0.00471	0.00392	0.00123	0.00498	0.00350	0.02892	0.00647
17	0.03674	0.11087	0.09984	0.17893	0.10009	0.06812	0.01957	0.02346	0.05151	0.07067	0.01077	0.06829	0.02070	0.03760	0.00520	0.00145	0.03543	0.01757	0.00266	0.04051

[dist]
# distance from previous block
# <min> <max>
1	5

[block]
# block no. 5 follows, 60 sequences, length 11
# corresponding to MSA columns:
# 275-285
name=unknown_F
#
# <colnr> <probs for GDERKNQSTAVLIFYWHMCP>
#	G	D	E	R	K	N	Q	S	T	A	V	L	I	F	Y	W	H	M	C	P
0	0.04476	0.05829	0.06982	0.01000	0.04123	0.08039	0.03670	0.33020	0.06592	0.01918	0.01006	0.04251	0.00813	0.02322	0.00445	0.00127	0.00479	0.00391	0.00333	0.14184
1	0.01025	0.16380	0.01159	0.07172	0.04123	0.05200	0.00639	0.07884	0.05903	0.04631	0.04066	0.03205	0.02811	0.16533	0.00789	0.03888	0.00431	0.00433	0.00287	0.13439
2	0.05116	0.18204	0.16346	0.05721	0.13663	0.07466	0.04737	0.09310	0.02701	0.02822	0.03561	0.02733	0.00806	0.00465	0.00413	0.00127	0.02067	0.00370	0.02782	0.00593
3	0.04629	0.16088	0.37349	0.01179	0.05888	0.04506	0.08320	0.05206	0.01015	0.07253	0.00973	0.01074	0.03766	0.00444	0.00401	0.00129	0.00564	0.00358	0.00241	0.00616
4	0.07046	0.00419	0.00561	0.00556	0.00575	0.00428	0.00370	0.00629	0.00590	0.00857	0.00832	0.01493	0.00852	0.12947	0.01672	0.68964	0.00382	0.00404	0.00206	0.00220
5	0.01019	0.14707	0.16898	0.04472	0.06963	0.13746	0.00902	0.01265	0.02975	0.03924	0.02887	0.07693	0.05525	0.00821	0.07965	0.00182	0.03840	0.00450	0.03236	0.00529
6	0.04813	0.13781	0.14716	0.03286	0.08177	0.12152	0.02344	0.19153	0.08943	0.04086	0.00980	0.03941	0.00781	0.00489	0.00403	0.00128	0.00526	0.00379	0.00297	0.00624
7	0.02270	0.03996	0.16153	0.01071	0.06793	0.11501	0.05649	0.04801	0.06359	0.01295	0.04114	0.01413	0.00979	0.08529	0.18063	0.02624	0.03200	0.00423	0.00253	0.00515
8	0.02008	0.05527	0.14439	0.00772	0.02737	0.01835	0.00670	0.02045	0.00947	0.09397	0.07431	0.35389	0.08332	0.05729	0.00584	0.00167	0.00364	0.00800	0.00358	0.00470
9	0.04444	0.02822	0.10260	0.11696	0.26225	0.07734	0.01029	0.10377	0.01087	0.04339	0.01178	0.07341	0.05480	0.00638	0.03342	0.00155	0.00531	0.00461	0.00274	0.00588
10	0.04212	0.07484	0.14573	0.08825	0.09025	0.04870	0.00836	0.05230	0.05308	0.07827	0.01078	0.01589	0.00966	0.25298	0.00939	0.00217	0.00496	0.00437	0.00273	0.00517

[dist]
# distance from previous block
# <min> <max>
3	31

[block]
# block no. 6 follows, 60 sequences, length 13
# corresponding to MSA columns:
# 318-330
name=unknown_G
#
# <colnr> <probs for GDERKNQSTAVLIFYWHMCP>
#	G	D	E	R	K	N	Q	S	T	A	V	L	I	F	Y	W	H	M	C	P
0	0.03460	0.00909	0.05218	0.00754	0.00982	0.08558	0.00620	0.04432	0.25991	0.05878	0.08425	0.02414	0.25324	0.00812	0.02483	0.00156	0.00383	0.02268	0.00394	0.00538
1	0.68744	0.03882	0.00843	0.02557	0.07629	0.00982	0.02527	0.01272	0.00787	0.01829	0.00679	0.00810	0.00536	0.00408	0.00295	0.00132	0.00365	0.00268	0.04962	0.00493
2	0.42161	0.21683	0.05550	0.00706	0.01019	0.03566	0.00637	0.05971	0.00907	0.03855	0.00783	0.05389	0.00676	0.00458	0.00317	0.00122	0.00403	0.00313	0.00267	0.05215
3	0.00622	0.00417	0.00479	0.00492	0.00495	0.00414	0.00282	0.00631	0.00659	0.00879	0.01502	0.12953	0.01747	0.74354	0.02014	0.00392	0.00402	0.00709	0.00282	0.00275
4	0.01493	0.01483	0.01194	0.01020	0.01292	0.33418	0.00797	0.28526	0.22922	0.01839	0.01095	0.01100	0.00829	0.00513	0.00421	0.00128	0.00565	0.00376	0.00355	0.00635
5	0.00579	0.00419	0.00544	0.00613	0.00642	0.00414	0.00420	0.00652	0.00810	0.01079	0.02193	0.57982	0.04570	0.16707	0.00897	0.00224	0.03253	0.07285	0.00371	0.00346
6	0.00605	0.00419	0.00507	0.00539	0.00566	0.00407	0.00347	0.00660	0.00775	0.01034	0.08181	0.25339	0.05002	0.46625	0.01460	0.00308	0.00351	0.06229	0.00334	0.00314
7	0.00632	0.00453	0.00619	0.00616	0.00696	0.00495	0.00465	0.00774	0.00774	0.01112	0.06761	0.02153	0.08480	0.11714	0.53841	0.00530	0.00852	0.00541	0.08118	0.00377
8	0.87753	0.00843	0.00641	0.00574	0.00843	0.00978	0.00472	0.01282	0.00742	0.01957	0.00607	0.00709	0.00472	0.00405	0.00270	0.00135	0.00337	0.00236	0.00270	0.00472
9	0.01115	0.52382	0.04193	0.01086	0.09617	0.02827	0.08655	0.03172	0.03696	0.01201	0.02398	0.00996	0.03098	0.00433	0.00387	0.00113	0.03507	0.00329	0.00221	0.00575
10	0.00683	0.00444	0.00522	0.00535	0.00635	0.00412	0.00385	0.02419	0.00971	0.04052	0.12475	0.32428	0.17632	0.02400	0.00503	0.00149	0.00242	0.00858	0.20052	0.02204
11	0.06300	0.03389	0.05757	0.13434	0.26961	0.04652	0.00979	0.11263	0.02217	0.01537	0.05687	0.05366	0.07338	0.00572	0.00438	0.00137	0.00471	0.02640	0.00288	0.00575
12	0.02877	0.00968	0.07294	0.05366	0.11569	0.07928	0.04319	0.06340	0.07418	0.07636	0.09817	0.07811	0.11218	0.00755	0.03025	0.00158	0.00457	0.02524	0.01974	0.00544

[dist]
# distance from previous block
# <min> <max>
3	33

[block]
# block no. 7 follows, 60 sequences, length 10
# corresponding to MSA columns:
# 364-373
name=unknown_H
#
# <colnr> <probs for GDERKNQSTAVLIFYWHMCP>
#	G	D	E	R	K	N	Q	S	T	A	V	L	I	F	Y	W	H	M	C	P
0	0.00689	0.00581	0.06153	0.00573	0.00738	0.00447	0.00475	0.00864	0.01071	0.07056	0.30506	0.11492	0.32408	0.00947	0.00499	0.00143	0.00258	0.00812	0.03861	0.00428
1	0.00559	0.00434	0.00504	0.00536	0.00637	0.00389	0.00398	0.00676	0.00963	0.01218	0.11431	0.22437	0.41666	0.05882	0.00632	0.00175	0.00260	0.10432	0.00404	0.00368
2	0.01349	0.36347	0.01690	0.06555	0.01351	0.06037	0.00811	0.31496	0.07418	0.01750	0.00878	0.00938	0.00689	0.00455	0.00369	0.00116	0.00488	0.00327	0.00304	0.00631
3	0.01578	0.01624	0.01216	0.01041	0.01302	0.46106	0.00810	0.28996	0.01481	0.04285	0.00873	0.00965	0.00679	0.00679	0.06277	0.00161	0.00694	0.00338	0.00309	0.00587
4	0.00784	0.00687	0.01107	0.33928	0.09079	0.00759	0.06288	0.02424	0.02423	0.01162	0.01334	0.17619	0.04045	0.10474	0.02985	0.03078	0.00495	0.00613	0.00264	0.00452
5	0.48560	0.00899	0.00895	0.06542	0.09053	0.03610	0.00659	0.08562	0.04361	0.05370	0.02824	0.00993	0.00715	0.00449	0.00339	0.00133	0.00391	0.00319	0.04789	0.00536
6	0.02744	0.14611	0.08230	0.04295	0.01379	0.12172	0.09308	0.06379	0.12568	0.03751	0.01039	0.06883	0.00892	0.00663	0.03800	0.00160	0.09852	0.00433	0.00278	0.00563
7	0.04931	0.14191	0.02970	0.03621	0.10604	0.01212	0.02913	0.24122	0.17946	0.01806	0.02291	0.01239	0.03008	0.00601	0.03030	0.00150	0.03995	0.00405	0.00331	0.00635
8	0.13403	0.06012	0.02575	0.06672	0.03440	0.02536	0.02764	0.08246	0.08934	0.01501	0.05065	0.09894	0.01266	0.09894	0.01858	0.00176	0.02952	0.03847	0.00311	0.08653
9	0.01103	0.07444	0.07580	0.06923	0.10372	0.09170	0.00831	0.12536	0.08526	0.03184	0.06038	0.04871	0.01079	0.05715	0.00523	0.00140	0.00467	0.00430	0.00303	0.12765

[dist]
# distance from previous block
# <min> <max>
5	39

[block]
# block no. 8 follows, 60 sequences, length 11
# corresponding to MSA columns:
# 424-434
name=unknown_I
#
# <colnr> <probs for GDERKNQSTAVLIFYWHMCP>
#	G	D	E	R	K	N	Q	S	T	A	V	L	I	F	Y	W	H	M	C	P
0	0.03710	0.05431	0.07009	0.10848	0.10028	0.00936	0.04099	0.11749	0.06555	0.03555	0.01023	0.04289	0.00852	0.00550	0.02315	0.00135	0.02017	0.02460	0.02766	0.19670
1	0.00914	0.00804	0.00927	0.00841	0.00998	0.07178	0.03196	0.06227	0.21554	0.01415	0.08374	0.03476	0.01391	0.03840	0.30624	0.00356	0.05106	0.01948	0.00326	0.00507
2	0.00623	0.00458	0.00575	0.00595	0.00652	0.00461	0.00429	0.00722	0.00855	0.01141	0.12684	0.16574	0.12240	0.27900	0.06325	0.00284	0.03790	0.12992	0.00350	0.00350
3	0.27933	0.00622	0.00650	0.00586	0.00768	0.00646	0.00459	0.03002	0.03582	0.07311	0.41671	0.02205	0.04554	0.00690	0.00422	0.00136	0.00269	0.00564	0.03463	0.00468
4	0.00564	0.00425	0.00524	0.00556	0.00643	0.00385	0.00405	0.00698	0.01013	0.01340	0.27506	0.32168	0.25041	0.01137	0.00535	0.00158	0.00239	0.05856	0.00428	0.00379
5	0.01595	0.01161	0.01242	0.00959	0.01290	0.01282	0.00790	0.74565	0.01966	0.02665	0.01075	0.01090	0.00770	0.00522	0.00426	0.00129	0.00459	0.00394	0.06904	0.00717
6	0.01629	0.02079	0.01236	0.01124	0.01348	0.82921	0.00843	0.01742	0.01236	0.01067	0.00674	0.00787	0.00562	0.00449	0.00393	0.00112	0.00787	0.00281	0.00225	0.00506
7	0.07908	0.26087	0.07583	0.00914	0.01275	0.08087	0.00830	0.35618	0.01425	0.05126	0.00860	0.00906	0.00652	0.00457	0.00372	0.00119	0.00498	0.00321	0.00318	0.00641
8	0.00795	0.00743	0.04456	0.06063	0.05521	0.03014	0.00656	0.04237	0.04884	0.01296	0.05474	0.25873	0.07606	0.07217	0.00685	0.00169	0.07024	0.03154	0.00328	0.10807
9	0.00680	0.00503	0.00621	0.00593	0.00668	0.00523	0.00418	0.04273	0.00810	0.01106	0.06669	0.05365	0.09934	0.36069	0.23464	0.00408	0.03146	0.00617	0.00294	0.03839
10	0.09812	0.19766	0.03326	0.00904	0.03220	0.12863	0.03938	0.01327	0.05045	0.06609	0.01061	0.01267	0.04662	0.04755	0.09325	0.00203	0.09357	0.00380	0.01664	0.00516

[dist]
# distance from previous block
# <min> <max>
0	25

[block]
# block no. 9 follows, 60 sequences, length 19
# corresponding to MSA columns:
# 460-478
name=unknown_J
#
# <colnr> <probs for GDERKNQSTAVLIFYWHMCP>
#	G	D	E	R	K	N	Q	S	T	A	V	L	I	F	Y	W	H	M	C	P
0	0.04787	0.08183	0.20485	0.04390	0.09875	0.06369	0.10184	0.10482	0.03590	0.04489	0.03207	0.01145	0.00791	0.00464	0.00447	0.00131	0.03120	0.01966	0.00266	0.05629
1	0.00959	0.00994	0.10034	0.11049	0.10736	0.00802	0.05788	0.01258	0.04393	0.04236	0.02826	0.01085	0.00761	0.00403	0.00418	0.00106	0.02925	0.00345	0.00257	0.40627
2	0.00758	0.00379	0.00568	0.00568	0.00568	0.00379	0.00379	0.00568	0.00568	0.00758	0.00758	0.01326	0.00758	0.01515	0.01705	0.87311	0.00379	0.00379	0.00189	0.00189
3	0.06459	0.05402	0.10346	0.03879	0.11973	0.07799	0.01971	0.02883	0.03808	0.01422	0.02097	0.02512	0.00737	0.00417	0.00395	0.00106	0.02399	0.00331	0.00251	0.34814
4	0.01079	0.01036	0.01770	0.02677	0.81952	0.01036	0.01339	0.01339	0.00993	0.01425	0.00820	0.01079	0.00691	0.00389	0.00432	0.00130	0.00518	0.00389	0.00216	0.00691
5	0.00643	0.00490	0.00598	0.02448	0.00732	0.00468	0.00439	0.00907	0.07212	0.01598	0.52322	0.03300	0.20810	0.00905	0.00505	0.00141	0.00234	0.03105	0.02718	0.00424
6	0.01034	0.04722	0.15776	0.04853	0.25283	0.03713	0.08780	0.05111	0.05897	0.03546	0.05633	0.01345	0.04554	0.00527	0.00525	0.02324	0.05079	0.00433	0.00263	0.00602
7	0.00756	0.00811	0.09256	0.04068	0.08370	0.04317	0.02136	0.02286	0.06674	0.01279	0.04927	0.32123	0.11928	0.02586	0.03665	0.00181	0.00410	0.03418	0.00342	0.00466
8	0.64330	0.00816	0.00742	0.00629	0.00917	0.00886	0.00518	0.01512	0.00880	0.23879	0.00911	0.00920	0.00638	0.00442	0.00316	0.00135	0.00347	0.00291	0.00344	0.00546
9	0.00996	0.04524	0.27918	0.07361	0.19364	0.02691	0.06410	0.03071	0.06912	0.04526	0.01065	0.02846	0.02887	0.00625	0.05051	0.00167	0.00580	0.00412	0.01983	0.00611
10	0.02115	0.06911	0.13551	0.02638	0.10132	0.09530	0.15475	0.07190	0.03733	0.08567	0.04980	0.03150	0.04585	0.00523	0.00493	0.00137	0.04962	0.00448	0.00288	0.00593
11	0.00770	0.00619	0.03509	0.06911	0.09774	0.00586	0.00665	0.03683	0.00941	0.05968	0.03565	0.48465	0.03817	0.01041	0.00545	0.00165	0.02830	0.05327	0.00366	0.00454
12	0.00552	0.00392	0.00519	0.00610	0.00640	0.00370	0.00415	0.00635	0.00844	0.01126	0.04600	0.71328	0.02808	0.06954	0.00671	0.00194	0.00273	0.06318	0.00397	0.00353
13	0.03027	0.10349	0.14409	0.09594	0.08901	0.10644	0.08465	0.11348	0.01080	0.03817	0.00844	0.03508	0.00691	0.00499	0.00542	0.00138	0.10927	0.00384	0.00248	0.00584
14	0.04948	0.04165	0.24689	0.05682	0.16899	0.09605	0.05579	0.09814	0.04423	0.04578	0.00865	0.01013	0.00658	0.00451	0.00468	0.00135	0.04792	0.00360	0.00252	0.00625
15	0.00641	0.00444	0.00578	0.00636	0.00702	0.00427	0.00462	0.00792	0.03762	0.03884	0.10617	0.48796	0.05144	0.06400	0.02277	0.00199	0.00306	0.13140	0.00406	0.00388
16	0.00681	0.00484	0.00581	0.00556	0.00692	0.00437	0.00420	0.00877	0.03977	0.06173	0.36484	0.11165	0.29034	0.00971	0.00510	0.00145	0.00239	0.03422	0.00442	0.02709
17	0.01132	0.09254	0.13834	0.08760	0.15353	0.04433	0.12668	0.11929	0.05440	0.05111	0.01001	0.05834	0.00820	0.00493	0.00452	0.00136	0.02025	0.00435	0.00274	0.00616
18	0.02430	0.07605	0.21586	0.05580	0.13268	0.13380	0.03065	0.08837	0.08898	0.05124	0.00982	0.01161	0.00765	0.00470	0.00414	0.00131	0.00554	0.02579	0.02556	0.00617

[dist]
# distance from previous block
# <min> <max>
0	16

[block]
# block no. 10 follows, 60 sequences, length 12
# corresponding to MSA columns:
# 498-509
name=unknown_K
#
# <colnr> <probs for GDERKNQSTAVLIFYWHMCP>
#	G	D	E	R	K	N	Q	S	T	A	V	L	I	F	Y	W	H	M	C	P
0	0.03527	0.06308	0.02452	0.03049	0.00981	0.00699	0.04558	0.05954	0.03491	0.12818	0.05865	0.07330	0.08648	0.01189	0.13217	0.12511	0.00494	0.00528	0.04803	0.01578
1	0.05151	0.23646	0.03610	0.04454	0.01346	0.05998	0.04650	0.28167	0.11047	0.04488	0.01002	0.02839	0.00785	0.00487	0.00391	0.00125	0.00484	0.00373	0.00326	0.00632
2	0.00963	0.01540	0.33917	0.08177	0.15667	0.04288	0.17401	0.01346	0.02766	0.01343	0.00879	0.04216	0.00709	0.00460	0.00492	0.00142	0.04457	0.00418	0.00214	0.00605
3	0.01062	0.39385	0.35707	0.01054	0.03317	0.03639	0.03709	0.03531	0.02636	0.01260	0.00732	0.00848	0.00584	0.00401	0.00358	0.00117	0.00558	0.00294	0.00201	0.00605
4	0.01109	0.06234	0.24608	0.01327	0.10134	0.01033	0.15770	0.08391	0.08369	0.09102	0.02257	0.03278	0.02937	0.00502	0.00461	0.00139	0.01933	0.01491	0.00291	0.00633
5	0.00560	0.00408	0.00514	0.00576	0.00630	0.00379	0.00400	0.00655	0.00890	0.01173	0.10695	0.50584	0.14512	0.09791	0.00719	0.00195	0.00271	0.06291	0.00398	0.00356
6	0.00602	0.00457	0.00546	0.03822	0.00725	0.00412	0.00410	0.00749	0.01056	0.03546	0.29414	0.13486	0.41148	0.01025	0.00515	0.00147	0.00238	0.00882	0.00425	0.00395
7	0.01113	0.17444	0.36437	0.01157	0.01634	0.01195	0.11793	0.10962	0.04507	0.05699	0.00879	0.00989	0.00653	0.00439	0.00441	0.00132	0.03288	0.00355	0.00250	0.00634
8	0.01215	0.06553	0.17317	0.04657	0.25890	0.05415	0.06460	0.15771	0.01177	0.06572	0.00881	0.01033	0.00671	0.00446	0.00466	0.00133	0.04052	0.00372	0.00267	0.00653
9	0.04808	0.00433	0.00464	0.00475	0.00576	0.00427	0.00349	0.00946	0.00914	0.03700	0.04756	0.19790	0.05016	0.00731	0.00379	0.00124	0.00226	0.00617	0.54866	0.00406
10	0.00618	0.00416	0.00480	0.00496	0.00500	0.00412	0.00286	0.00630	0.00665	0.00887	0.01532	0.15352	0.01785	0.71903	0.01965	0.00385	0.00397	0.00727	0.00286	0.00278
11	0.02871	0.14697	0.17539	0.03506	0.23013	0.07567	0.08127	0.01425	0.02914	0.07053	0.02916	0.01060	0.00748	0.00441	0.00453	0.00130	0.04318	0.00366	0.00241	0.00615

[dist]
# distance from previous block
# <min> <max>
0	1

[block]
# block no. 11 follows, 60 sequences, length 8
# corresponding to MSA columns:
# 511-518
name=unknown_L
#
# <colnr> <probs for GDERKNQSTAVLIFYWHMCP>
#	G	D	E	R	K	N	Q	S	T	A	V	L	I	F	Y	W	H	M	C	P
0	0.00639	0.00456	0.00549	0.00574	0.00671	0.00419	0.00410	0.04188	0.00996	0.04336	0.11585	0.44133	0.27093	0.01166	0.00530	0.00160	0.00252	0.01025	0.00420	0.00396
1	0.05253	0.00587	0.00757	0.00699	0.00882	0.00544	0.00542	0.03831	0.01056	0.33711	0.02056	0.34754	0.04371	0.00940	0.00495	0.00158	0.00324	0.08054	0.00453	0.00532
2	0.04420	0.01085	0.01162	0.00911	0.01222	0.01191	0.00746	0.64865	0.01829	0.05142	0.01141	0.04297	0.00861	0.00551	0.00423	0.00130	0.00437	0.00423	0.08477	0.00687
3	0.00998	0.08715	0.01090	0.00923	0.05370	0.10662	0.01918	0.05871	0.19420	0.01397	0.06598	0.09524	0.07669	0.05298	0.06030	0.00193	0.06916	0.00553	0.00330	0.00524
4	0.01218	0.18710	0.01438	0.01017	0.06288	0.13553	0.08109	0.15555	0.04980	0.01573	0.00963	0.01091	0.00766	0.00459	0.00398	0.00116	0.02508	0.00358	0.18351	0.02551
5	0.01019	0.07273	0.08397	0.03532	0.01281	0.00995	0.07828	0.13341	0.22448	0.01673	0.11631	0.03651	0.01374	0.00825	0.08116	0.00189	0.01933	0.00487	0.00346	0.03659
6	0.00742	0.10509	0.04706	0.00675	0.00863	0.00659	0.02081	0.00904	0.00869	0.01195	0.06228	0.06827	0.10831	0.10530	0.17672	0.00279	0.00529	0.08212	0.03885	0.11803
7	0.10239	0.18711	0.08513	0.02572	0.06477	0.12668	0.03068	0.03063	0.05600	0.02964	0.03575	0.03200	0.02804	0.00480	0.00408	0.00119	0.03355	0.00361	0.00261	0.11563

[dist]
# distance from previous block
# <min> <max>
5	18

[block]
# block no. 12 follows, 60 sequences, length 16
# corresponding to MSA columns:
# 537-552
name=unknown_M
#
# <colnr> <probs for GDERKNQSTAVLIFYWHMCP>
#	G	D	E	R	K	N	Q	S	T	A	V	L	I	F	Y	W	H	M	C	P
0	0.00847	0.10149	0.08491	0.03065	0.03420	0.05760	0.00649	0.03745	0.03433	0.01222	0.07541	0.12074	0.07129	0.19680	0.02354	0.00210	0.03075	0.01787	0.00296	0.05073
1	0.03648	0.09811	0.17265	0.03822	0.03543	0.04937	0.08510	0.13860	0.06002	0.10257	0.01186	0.06614	0.02616	0.00558	0.00463	0.00138	0.03147	0.02703	0.00312	0.00607
2	0.03442	0.00917	0.11827	0.00789	0.00992	0.07811	0.02663	0.04755	0.01037	0.05632	0.14167	0.23559	0.11105	0.03218	0.00568	0.00158	0.03180	0.03351	0.00360	0.00468
3	0.00855	0.00638	0.00746	0.00711	0.00876	0.00644	0.00536	0.02985	0.24045	0.05963	0.03972	0.29478	0.05773	0.04445	0.00560	0.00163	0.00315	0.06948	0.00404	0.09944
4	0.01068	0.01027	0.05243	0.23773	0.12940	0.08010	0.03045	0.07726	0.10028	0.04403	0.01073	0.01420	0.00871	0.00560	0.02143	0.00146	0.00524	0.05784	0.02278	0.07938
5	0.02274	0.07519	0.17937	0.05845	0.08878	0.20160	0.08318	0.13456	0.01169	0.03710	0.00829	0.00986	0.00641	0.00545	0.03364	0.00150	0.03015	0.00353	0.00252	0.00598
6	0.01433	0.01198	0.01144	0.00953	0.01239	0.12808	0.00758	0.35443	0.30758	0.05281	0.01297	0.01255	0.00955	0.00538	0.00429	0.00134	0.00462	0.00416	0.02818	0.00680
7	0.00534	0.00443	0.00467	0.00461	0.00600	0.00376	0.00346	0.00662	0.01038	0.01282	0.18437	0.04027	0.67691	0.01066	0.00515	0.00145	0.00218	0.00897	0.00419	0.00376
8	0.00632	0.00429	0.00519	0.00524	0.00543	0.00443	0.00327	0.00672	0.00665	0.00914	0.01386	0.06616	0.01540	0.62285	0.17728	0.00455	0.00552	0.00625	0.02847	0.00297
9	0.00572	0.00442	0.00522	0.00507	0.00625	0.00392	0.00379	0.00734	0.01121	0.01491	0.47104	0.06733	0.35809	0.00997	0.00516	0.00143	0.00214	0.00860	0.00447	0.00392
10	0.00943	0.00795	0.00987	0.00759	0.04071	0.00615	0.02820	0.01144	0.00921	0.03652	0.00806	0.00935	0.00660	0.00333	0.00336	0.00071	0.00343	0.00275	0.00264	0.79270
11	0.00980	0.00758	0.00897	0.00659	0.01020	0.00592	0.00526	0.01205	0.03468	0.08192	0.05757	0.01117	0.00912	0.00384	0.00348	0.00077	0.00321	0.00313	0.00301	0.72173
12	0.00602	0.00412	0.00526	0.00583	0.00642	0.00380	0.00402	0.00694	0.00894	0.04170	0.09655	0.56699	0.12174	0.07411	0.00667	0.00187	0.00265	0.02860	0.00406	0.00370
13	0.02783	0.01148	0.18038	0.12864	0.22722	0.03144	0.04265	0.04667	0.01008	0.06053	0.04351	0.08661	0.03601	0.00669	0.03985	0.00164	0.00538	0.00488	0.00270	0.00580
14	0.01041	0.00808	0.00863	0.08545	0.01128	0.07957	0.00621	0.03841	0.20278	0.11729	0.14991	0.04440	0.13278	0.00687	0.00452	0.00136	0.00363	0.00573	0.04419	0.03849
15	0.07130	0.05670	0.06494	0.03896	0.04572	0.06704	0.04831	0.02988	0.04189	0.08243	0.10718	0.04982	0.01258	0.00579	0.01416	0.00130	0.03246	0.02598	0.01875	0.18481

[dist]
# distance from previous block
# <min> <max>
0	48

[block]
# block no. 13 follows, 60 sequences, length 19
# corresponding to MSA columns:
# 601-619
name=unknown_N
#
# <colnr> <probs for GDERKNQSTAVLIFYWHMCP>
#	G	D	E	R	K	N	Q	S	T	A	V	L	I	F	Y	W	H	M	C	P
0	0.01084	0.00837	0.03493	0.02938	0.01107	0.00785	0.01685	0.13028	0.16998	0.10121	0.04668	0.09469	0.04994	0.02315	0.00465	0.00131	0.00363	0.01815	0.01948	0.21754
1	0.08532	0.02927	0.00891	0.00776	0.04399	0.01911	0.04726	0.05526	0.01068	0.15085	0.13866	0.02192	0.14730	0.05938	0.00583	0.00154	0.03469	0.02089	0.10636	0.00503
2	0.77544	0.00899	0.02850	0.00618	0.00906	0.00986	0.00524	0.05678	0.00825	0.01966	0.00642	0.00740	0.00496	0.00409	0.00285	0.00132	0.00353	0.00248	0.00276	0.03622
3	0.02694	0.12177	0.11695	0.09908	0.27511	0.02531	0.04945	0.04350	0.02667	0.01375	0.03997	0.06475	0.00998	0.00532	0.00455	0.00137	0.02682	0.04036	0.00250	0.00586
4	0.00643	0.00478	0.00681	0.00672	0.00729	0.00551	0.00503	0.00757	0.00683	0.00974	0.01173	0.01898	0.01158	0.19382	0.61215	0.02777	0.04631	0.00495	0.00237	0.00363
5	0.00624	0.00465	0.00687	0.00687	0.00760	0.00538	0.00528	0.00770	0.00697	0.01002	0.01181	0.01785	0.01121	0.08352	0.77905	0.00684	0.01122	0.00478	0.00236	0.00382
6	0.87753	0.00843	0.00641	0.00574	0.00843	0.00978	0.00472	0.01282	0.00742	0.01957	0.00607	0.00709	0.00472	0.00405	0.00270	0.00135	0.00337	0.00236	0.00270	0.00472
7	0.01085	0.00937	0.00986	0.00888	0.01134	0.01085	0.00690	0.02318	0.81164	0.01824	0.01775	0.01627	0.01331	0.00592	0.00444	0.00148	0.00345	0.00493	0.00444	0.00690
8	0.00824	0.00775	0.01308	0.83624	0.03004	0.00969	0.01211	0.01114	0.00872	0.01114	0.00775	0.01163	0.00581	0.00436	0.00436	0.00145	0.00581	0.00388	0.00194	0.00484
9	0.01333	0.01060	0.01126	0.00938	0.01229	0.01201	0.00750	0.36202	0.46875	0.02225	0.01460	0.01376	0.01076	0.00562	0.00441	0.00141	0.00404	0.00450	0.00441	0.00713
10	0.01034	0.01156	0.02436	0.01756	0.02180	0.01101	0.73455	0.01477	0.07982	0.01434	0.00960	0.01216	0.00720	0.00387	0.00509	0.00147	0.00701	0.00513	0.00240	0.00597
11	0.00826	0.00707	0.00741	0.00694	0.00888	0.00756	0.00531	0.01543	0.44503	0.01525	0.02858	0.07808	0.33183	0.00843	0.00479	0.00149	0.00290	0.00708	0.00426	0.00542
12	0.00589	0.00445	0.00544	0.00519	0.00634	0.00400	0.00389	0.00769	0.01168	0.01592	0.60401	0.03517	0.25534	0.00950	0.00515	0.00140	0.00210	0.00825	0.00459	0.00400
13	0.00582	0.00482	0.00517	0.00519	0.00661	0.00436	0.00396	0.00793	0.07270	0.01281	0.10245	0.08104	0.59566	0.01068	0.00518	0.00152	0.00244	0.06355	0.00414	0.00398
14	0.00598	0.00409	0.00540	0.00615	0.00668	0.00380	0.00431	0.00697	0.00898	0.03983	0.07916	0.65857	0.07078	0.01279	0.00551	0.00173	0.00263	0.06873	0.00414	0.00376
15	0.00653	0.00456	0.00618	0.00601	0.00697	0.00422	0.02216	0.00817	0.01091	0.04528	0.49089	0.24512	0.05941	0.04024	0.00586	0.00160	0.00249	0.02489	0.00445	0.00406
16	0.06039	0.36522	0.01683	0.02949	0.04784	0.06795	0.00810	0.19305	0.04528	0.03223	0.00793	0.00893	0.00647	0.00468	0.00458	0.00121	0.08802	0.00313	0.00270	0.00598
17	0.01060	0.01129	0.06537	0.17526	0.45634	0.07753	0.02584	0.04263	0.01019	0.01373	0.02365	0.02975	0.00763	0.00450	0.00460	0.00135	0.02726	0.00404	0.00227	0.00616
18	0.02748	0.24495	0.09709	0.01083	0.07807	0.07585	0.04793	0.13514	0.04412	0.01423	0.00889	0.02988	0.00777	0.06289	0.03736	0.00168	0.06380	0.00377	0.00256	0.00571

[dist]
# distance from previous block
# <min> <max>
0	1

[block]
# block no. 14 follows, 60 sequences, length 18
# corresponding to MSA columns:
# 621-638
name=unknown_O
#
# <colnr> <probs for GDERKNQSTAVLIFYWHMCP>
#	G	D	E	R	K	N	Q	S	T	A	V	L	I	F	Y	W	H	M	C	P
0	0.50684	0.00981	0.02565	0.06157	0.07235	0.06777	0.01883	0.03329	0.07397	0.01740	0.00773	0.00896	0.00605	0.00476	0.01878	0.00141	0.00430	0.00297	0.00272	0.05486
1	0.01073	0.01122	0.04857	0.07707	0.13444	0.13648	0.09339	0.04925	0.08634	0.03080	0.05517	0.04419	0.02736	0.00737	0.05683	0.00178	0.11608	0.00463	0.00277	0.00555
2	0.00606	0.00434	0.00551	0.00568	0.00658	0.00396	0.00416	0.00754	0.01057	0.03143	0.37777	0.28871	0.16751	0.01086	0.00531	0.00155	0.00237	0.05176	0.00441	0.00393
3	0.01065	0.01047	0.03429	0.05319	0.11585	0.07935	0.02399	0.04345	0.35329	0.01540	0.04475	0.01509	0.05048	0.00595	0.00584	0.00147	0.12239	0.00466	0.00336	0.00606
4	0.00641	0.00468	0.00633	0.00635	0.00697	0.00514	0.00462	0.00793	0.03815	0.01042	0.04923	0.06512	0.01506	0.25985	0.46719	0.00535	0.00814	0.02665	0.00275	0.00365
5	0.00764	0.00707	0.05575	0.03908	0.02856	0.04617	0.00600	0.00987	0.03945	0.04510	0.23344	0.02578	0.19419	0.02678	0.16341	0.00253	0.02719	0.01983	0.01768	0.00448
6	0.00875	0.02256	0.82413	0.01243	0.01888	0.01013	0.01611	0.01381	0.00921	0.01381	0.00783	0.00921	0.00552	0.00414	0.00414	0.00138	0.00645	0.00322	0.00184	0.00645
7	0.00921	0.00896	0.01486	0.42111	0.19217	0.01078	0.05757	0.01163	0.00858	0.01181	0.00743	0.01096	0.00607	0.00500	0.00677	0.00153	0.20431	0.00394	0.00199	0.00532
8	0.01015	0.13441	0.01045	0.00759	0.00960	0.20630	0.00602	0.02976	0.11608	0.01445	0.29471	0.02126	0.10853	0.00685	0.00440	0.00127	0.00410	0.00551	0.00361	0.00495
9	0.00529	0.00402	0.00488	0.00552	0.00619	0.00361	0.00382	0.00621	0.00901	0.01158	0.06007	0.55661	0.28215	0.01265	0.00542	0.00166	0.00241	0.01121	0.00408	0.00361
10	0.00866	0.00826	0.01214	0.04166	0.01157	0.01094	0.04744	0.00989	0.00698	0.01050	0.00765	0.01239	0.00743	0.05967	0.18477	0.00307	0.54620	0.00421	0.00206	0.00453
11	0.01307	0.27608	0.08093	0.02482	0.01298	0.11868	0.00842	0.24484	0.11679	0.01693	0.03977	0.01055	0.00847	0.00479	0.00384	0.00120	0.00503	0.00350	0.00308	0.00622
12	0.05954	0.03706	0.03057	0.05041	0.11176	0.01214	0.00873	0.51497	0.03615	0.04008	0.01014	0.01076	0.00744	0.00491	0.00416	0.00130	0.00466	0.00381	0.04456	0.00685
13	0.05404	0.74837	0.05585	0.00756	0.01136	0.01625	0.00763	0.01302	0.00881	0.01098	0.00619	0.00715	0.00558	0.00375	0.00286	0.00096	0.00464	0.00238	0.00193	0.03068
14	0.04436	0.17212	0.09685	0.02581	0.04650	0.08687	0.07770	0.12837	0.07617	0.04495	0.02756	0.05709	0.00934	0.03882	0.00542	0.04427	0.00502	0.00423	0.00289	0.00566
