[name]
unknown

[dist]
# distance from previous block
# <min> <max>
0	49

[block]
# block no. 0 follows, 73 sequences, length 22
# corresponding to MSA columns:
# 49-70
name=unknown_A
#
# <colnr> <probs for GDERKNQSTAVLIFYWHMCP>
#	G	D	E	R	K	N	Q	S	T	A	V	L	I	F	Y	W	H	M	C	P
0	0.00605	0.00432	0.00605	0.00691	0.00777	0.00432	0.00605	0.00777	0.00864	0.01123	0.01986	0.04232	0.02159	0.01036	0.00518	0.00173	0.00345	0.81949	0.00345	0.00345
1	0.00458	0.00334	0.00428	0.00502	0.00536	0.00308	0.00337	0.00525	0.00731	0.00959	0.02263	0.74049	0.12727	0.03292	0.00510	0.00154	0.00218	0.01019	0.00345	0.00304
2	0.00473	0.00380	0.00421	0.00414	0.00525	0.00329	0.00309	0.00594	0.00919	0.01173	0.30213	0.05578	0.55560	0.00896	0.00444	0.00125	0.00186	0.00762	0.00370	0.00329
3	0.00494	0.00374	0.00456	0.00453	0.00542	0.00336	0.00333	0.00631	0.00950	0.01279	0.48434	0.15691	0.26895	0.00882	0.00448	0.00126	0.00187	0.00770	0.00384	0.00336
4	0.89465	0.00726	0.00551	0.00493	0.00726	0.00842	0.00406	0.01103	0.00638	0.01683	0.00522	0.00609	0.00406	0.00348	0.00232	0.00116	0.00290	0.00203	0.00232	0.00406
5	0.00457	0.00326	0.00435	0.00522	0.00544	0.00305	0.00348	0.00522	0.00718	0.00958	0.02068	0.86570	0.02481	0.01175	0.00479	0.00152	0.00218	0.01067	0.00348	0.00305
6	0.00933	0.00806	0.00848	0.00764	0.00976	0.00933	0.00594	0.01994	0.83797	0.01569	0.01527	0.01400	0.01145	0.00509	0.00382	0.00127	0.00297	0.00424	0.00382	0.00594
7	0.89465	0.00726	0.00551	0.00493	0.00726	0.00842	0.00406	0.01103	0.00638	0.01683	0.00522	0.00609	0.00406	0.00348	0.00232	0.00116	0.00290	0.00203	0.00232	0.00406
8	0.85497	0.00740	0.00577	0.00510	0.00745	0.00856	0.00420	0.04804	0.00689	0.01714	0.00539	0.00623	0.00417	0.00353	0.00239	0.00116	0.00296	0.00209	0.00239	0.00417
9	0.00443	0.00380	0.00380	0.00380	0.00507	0.00317	0.00285	0.00538	0.00855	0.01014	0.03801	0.03611	0.84322	0.00950	0.00443	0.00127	0.00190	0.00792	0.00348	0.00317
10	0.07367	0.00649	0.00833	0.00648	0.00924	0.00590	0.00534	0.05809	0.01064	0.70494	0.01374	0.01221	0.00882	0.00455	0.00361	0.00114	0.00314	0.00362	0.05398	0.00607
11	0.00996	0.00671	0.00714	0.00616	0.00803	0.00732	0.00486	0.20450	0.26870	0.06266	0.01257	0.01276	0.00942	0.00464	0.00332	0.00107	0.00276	0.00372	0.35863	0.00509
12	0.89465	0.00726	0.00551	0.00493	0.00726	0.00842	0.00406	0.01103	0.00638	0.01683	0.00522	0.00609	0.00406	0.00348	0.00232	0.00116	0.00290	0.00203	0.00232	0.00406
13	0.00929	0.00891	0.01523	0.02303	0.84475	0.00891	0.01151	0.01151	0.00854	0.01226	0.00706	0.00929	0.00594	0.00334	0.00371	0.00111	0.00446	0.00334	0.00186	0.00594
14	0.01426	0.01051	0.01126	0.00863	0.01163	0.01163	0.00713	0.83224	0.01764	0.02364	0.00901	0.00901	0.00638	0.00450	0.00375	0.00113	0.00413	0.00338	0.00375	0.00638
15	0.00959	0.00819	0.00863	0.00769	0.00986	0.00945	0.00600	0.06303	0.79445	0.01612	0.01494	0.01373	0.01118	0.00506	0.00381	0.00126	0.00303	0.00420	0.00381	0.00596
16	0.00609	0.00399	0.00525	0.00488	0.00588	0.00366	0.00368	0.00779	0.01049	0.07346	0.75135	0.06066	0.03313	0.00762	0.00439	0.00119	0.00189	0.00673	0.00414	0.00372
17	0.01418	0.01032	0.01110	0.00855	0.01152	0.01140	0.00705	0.78471	0.04294	0.04594	0.00936	0.00927	0.00662	0.00453	0.00376	0.00113	0.00407	0.00342	0.00378	0.00637
18	0.03272	0.00954	0.09515	0.14352	0.24584	0.04032	0.04719	0.11323	0.08665	0.05248	0.00907	0.04875	0.00738	0.00436	0.00394	0.00120	0.02248	0.01375	0.01712	0.00531
19	0.00710	0.02126	0.11362	0.34109	0.05719	0.02198	0.03922	0.00974	0.04891	0.01038	0.03144	0.04130	0.06729	0.02105	0.10659	0.00187	0.04949	0.00409	0.00209	0.00430
20	0.00469	0.00340	0.00429	0.00494	0.00528	0.00316	0.00331	0.00533	0.00719	0.00941	0.02189	0.63668	0.13154	0.11401	0.00646	0.00175	0.00234	0.02800	0.00334	0.00298
21	0.01039	0.00930	0.07784	0.10377	0.25442	0.02265	0.09855	0.11943	0.00975	0.13219	0.02042	0.02522	0.00722	0.00433	0.00451	0.00122	0.07013	0.02066	0.00254	0.00545

[dist]
# distance from previous block
# <min> <max>
2	9

[block]
# block no. 1 follows, 73 sequences, length 30
# corresponding to MSA columns:
# 81-110
name=unknown_B
#
# <colnr> <probs for GDERKNQSTAVLIFYWHMCP>
#	G	D	E	R	K	N	Q	S	T	A	V	L	I	F	Y	W	H	M	C	P
0	0.17700	0.06407	0.01197	0.09309	0.25379	0.12630	0.02093	0.08485	0.00875	0.01285	0.00631	0.00806	0.00519	0.00396	0.00437	0.00116	0.10744	0.00290	0.00207	0.00493
1	0.00469	0.00364	0.00428	0.00451	0.00532	0.00328	0.00323	0.00567	0.00823	0.01058	0.15816	0.29563	0.39032	0.03871	0.04473	0.00163	0.00240	0.00834	0.00348	0.00317
2	0.00812	0.02085	0.02127	0.00614	0.00882	0.00641	0.00489	0.03887	0.22936	0.01299	0.01047	0.02206	0.03168	0.07071	0.00443	0.00105	0.00297	0.00332	0.00273	0.49286
3	0.00481	0.00380	0.00433	0.00424	0.00531	0.00332	0.00316	0.00610	0.00938	0.01219	0.37749	0.06175	0.47317	0.00881	0.00444	0.00124	0.00185	0.00754	0.00376	0.00332
4	0.00482	0.00382	0.00433	0.00420	0.00530	0.00333	0.00315	0.00613	0.00946	0.01228	0.39031	0.03257	0.48958	0.00870	0.00443	0.00123	0.00184	0.00742	0.00377	0.00333
5	0.01003	0.87041	0.01966	0.00642	0.00963	0.01485	0.00642	0.01123	0.00762	0.00883	0.00522	0.00602	0.00481	0.00321	0.00241	0.00080	0.00401	0.00201	0.00160	0.00481
6	0.01683	0.00638	0.00871	0.00668	0.00958	0.00551	0.00551	0.01828	0.01074	0.84734	0.01480	0.01277	0.00929	0.00464	0.00377	0.00116	0.00319	0.00377	0.00464	0.00638
7	0.01003	0.87041	0.01966	0.00642	0.00963	0.01485	0.00642	0.01123	0.00762	0.00883	0.00522	0.00602	0.00481	0.00321	0.00241	0.00080	0.00401	0.00201	0.00160	0.00481
8	0.00782	0.00606	0.00959	0.01185	0.28521	0.00586	0.05183	0.00964	0.02834	0.09109	0.13618	0.25251	0.03028	0.02230	0.00450	0.00132	0.00328	0.03471	0.00305	0.00458
9	0.00453	0.00379	0.00394	0.00394	0.00513	0.00320	0.00294	0.00555	0.00871	0.01060	0.11736	0.06333	0.73533	0.00940	0.00445	0.00127	0.00190	0.00790	0.00355	0.00320
10	0.01662	0.00672	0.00892	0.00684	0.00975	0.00602	0.00565	0.08536	0.01131	0.77946	0.01432	0.01246	0.00905	0.00463	0.00377	0.00116	0.00327	0.00374	0.00457	0.00638
11	0.00846	0.00773	0.01250	0.72732	0.14292	0.00899	0.01095	0.01062	0.00834	0.01099	0.00777	0.01131	0.00613	0.00438	0.00420	0.00142	0.00526	0.00368	0.00206	0.00497
12	0.00813	0.11318	0.54662	0.02706	0.04697	0.00956	0.15941	0.01191	0.02157	0.01159	0.00686	0.00829	0.00509	0.00347	0.00360	0.00116	0.00542	0.00304	0.00169	0.00537
13	0.00492	0.00382	0.00448	0.00431	0.00537	0.00338	0.00324	0.00633	0.00971	0.01288	0.48729	0.03159	0.39222	0.00848	0.00443	0.00122	0.00183	0.00729	0.00384	0.00338
14	0.00543	0.00405	0.00564	0.00530	0.00623	0.00376	0.03351	0.00716	0.01016	0.01427	0.69697	0.09400	0.03264	0.00800	0.00450	0.00124	0.00207	0.05757	0.00396	0.00355
15	0.00810	0.07162	0.39418	0.05005	0.01402	0.04290	0.10782	0.02997	0.00820	0.04386	0.00891	0.09526	0.00773	0.00678	0.08332	0.00166	0.00549	0.01318	0.00206	0.00490
16	0.00753	0.00637	0.00752	0.00552	0.00856	0.00491	0.00438	0.00913	0.00769	0.01196	0.02641	0.00910	0.00669	0.02873	0.04932	0.00095	0.00317	0.00252	0.00226	0.79729
17	0.73778	0.03818	0.00696	0.00588	0.01942	0.05873	0.02276	0.01120	0.00677	0.01564	0.00544	0.00646	0.00431	0.00360	0.00277	0.00115	0.02976	0.00219	0.01685	0.00415
18	0.00861	0.01058	0.15783	0.17265	0.23085	0.03358	0.16454	0.01266	0.13523	0.01211	0.00832	0.01005	0.00638	0.00372	0.00382	0.00120	0.00490	0.00356	0.01412	0.00530
19	0.02790	0.09036	0.01112	0.09737	0.11744	0.10021	0.03562	0.08609	0.01731	0.03510	0.00743	0.02060	0.00613	0.01702	0.01706	0.00103	0.00414	0.00294	0.01812	0.28698
20	0.07604	0.00653	0.00839	0.00654	0.00932	0.00594	0.00538	0.03482	0.04493	0.69948	0.02634	0.01244	0.00929	0.00459	0.00365	0.00115	0.00313	0.00368	0.01686	0.02150
21	0.00543	0.00410	0.00606	0.00603	0.00665	0.00480	0.00465	0.00669	0.00599	0.00865	0.01001	0.01506	0.00948	0.06881	0.79241	0.00581	0.02995	0.00407	0.00201	0.00331
22	0.01070	0.05058	0.03512	0.07653	0.28824	0.28403	0.10302	0.01267	0.01845	0.04004	0.00730	0.02757	0.00606	0.00421	0.01851	0.00118	0.00546	0.00329	0.00201	0.00504
23	0.03602	0.08736	0.07666	0.16548	0.34234	0.00911	0.13001	0.02222	0.00839	0.05032	0.00760	0.03424	0.00620	0.00372	0.00369	0.00115	0.00469	0.00353	0.00200	0.00525
24	0.00468	0.00381	0.00415	0.00406	0.00522	0.00327	0.00305	0.00587	0.00914	0.01154	0.26850	0.03379	0.61185	0.00898	0.00443	0.00124	0.00186	0.00759	0.00367	0.00327
25	0.00534	0.00384	0.00484	0.00464	0.00558	0.00348	0.00346	0.00689	0.01003	0.03049	0.63453	0.08899	0.16747	0.00820	0.00444	0.00122	0.00185	0.00719	0.00399	0.00350
26	0.01027	0.04962	0.20791	0.13625	0.10711	0.07571	0.05261	0.10958	0.02853	0.12032	0.00892	0.02785	0.01761	0.01486	0.00399	0.00119	0.01647	0.00345	0.00245	0.00530
27	0.00806	0.00616	0.02309	0.04585	0.03399	0.00711	0.00630	0.03465	0.03560	0.11015	0.00929	0.01252	0.00802	0.03934	0.39481	0.00358	0.21118	0.00377	0.00233	0.00420
28	0.00545	0.00365	0.00416	0.00416	0.00419	0.00368	0.00236	0.00550	0.00548	0.00733	0.01176	0.02419	0.01348	0.83691	0.05011	0.00373	0.00388	0.00540	0.00226	0.00231
29	0.27170	0.03953	0.06399	0.04035	0.10893	0.05981	0.13205	0.11286	0.01755	0.06489	0.00834	0.00935	0.03657	0.00392	0.00348	0.00116	0.01490	0.00319	0.00245	0.00498

[dist]
# distance from previous block
# <min> <max>
1	2

[block]
# block no. 2 follows, 73 sequences, length 6
# corresponding to MSA columns:
# 113-118
name=unknown_C
#
# <colnr> <probs for GDERKNQSTAVLIFYWHMCP>
#	G	D	E	R	K	N	Q	S	T	A	V	L	I	F	Y	W	H	M	C	P
0	0.00528	0.00404	0.00487	0.00467	0.00570	0.00375	0.00350	0.00729	0.05683	0.01358	0.55303	0.06663	0.24056	0.00818	0.00441	0.00122	0.00189	0.00710	0.00392	0.00356
1	0.00864	0.07634	0.21970	0.00775	0.01131	0.02708	0.02618	0.03444	0.09029	0.03391	0.00762	0.00851	0.00596	0.00354	0.00360	0.00091	0.04408	0.00272	0.00224	0.38518
2	0.14556	0.36872	0.04032	0.00736	0.01001	0.14850	0.03062	0.01251	0.02825	0.09391	0.00676	0.00759	0.00548	0.00451	0.03006	0.00116	0.04923	0.00253	0.00215	0.00476
3	0.00551	0.00435	0.00612	0.00760	0.11606	0.00401	0.00463	0.00647	0.00742	0.01019	0.01749	0.66780	0.02042	0.00976	0.00445	0.00137	0.00254	0.00886	0.00314	0.09180
4	0.00614	0.00528	0.00583	0.00644	0.06241	0.07446	0.00420	0.00751	0.03788	0.01108	0.22940	0.28490	0.11028	0.12935	0.00644	0.00162	0.00281	0.00724	0.00325	0.00348
5	0.00764	0.08781	0.09230	0.02690	0.00937	0.12013	0.05055	0.03482	0.00834	0.02692	0.03727	0.36676	0.05487	0.02261	0.00465	0.00133	0.03449	0.00650	0.00275	0.00398

[dist]
# distance from previous block
# <min> <max>
1	7

[block]
# block no. 3 follows, 73 sequences, length 15
# corresponding to MSA columns:
# 126-140
name=unknown_D
#
# <colnr> <probs for GDERKNQSTAVLIFYWHMCP>
#	G	D	E	R	K	N	Q	S	T	A	V	L	I	F	Y	W	H	M	C	P
0	0.05343	0.59335	0.01613	0.00717	0.03247	0.14336	0.00633	0.01169	0.03154	0.00964	0.00772	0.00836	0.05805	0.00378	0.00276	0.00090	0.00423	0.00254	0.00188	0.00466
1	0.55051	0.00809	0.00837	0.04105	0.15676	0.05351	0.02793	0.02213	0.01886	0.04863	0.00657	0.01872	0.00526	0.01617	0.00311	0.00119	0.00358	0.00268	0.00233	0.00455
2	0.04441	0.01038	0.07961	0.02328	0.07710	0.07070	0.07375	0.27289	0.12901	0.03314	0.03235	0.01011	0.00747	0.00444	0.00442	0.00118	0.07685	0.00349	0.02225	0.02317
3	0.00458	0.00338	0.00424	0.00491	0.00532	0.00309	0.00332	0.00526	0.00736	0.00958	0.02351	0.67720	0.17567	0.04709	0.00532	0.00156	0.00219	0.00994	0.00343	0.00304
4	0.01315	0.20318	0.01259	0.00896	0.01117	0.67089	0.00707	0.01417	0.00998	0.00910	0.00567	0.00660	0.00483	0.00372	0.00317	0.00093	0.00617	0.00233	0.00186	0.00445
5	0.05514	0.00670	0.01094	0.81288	0.02483	0.00834	0.01008	0.00966	0.00744	0.00998	0.00659	0.00979	0.00495	0.00374	0.00367	0.00125	0.00489	0.00326	0.00170	0.00416
6	0.09094	0.00733	0.02876	0.02547	0.01016	0.00661	0.04895	0.03650	0.09690	0.26011	0.02040	0.02119	0.00775	0.00401	0.00356	0.00099	0.02313	0.00325	0.00314	0.30084
7	0.01384	0.00788	0.04988	0.00863	0.09410	0.05517	0.00653	0.03577	0.05528	0.52499	0.08289	0.01359	0.01093	0.00479	0.00381	0.00116	0.00354	0.01743	0.00393	0.00587
8	0.00457	0.00326	0.00435	0.00522	0.00544	0.00305	0.00348	0.00522	0.00718	0.00958	0.02068	0.86570	0.02481	0.01175	0.00479	0.00152	0.00218	0.01067	0.00348	0.00305
9	0.89465	0.00726	0.00551	0.00493	0.00726	0.00842	0.00406	0.01103	0.00638	0.01683	0.00522	0.00609	0.00406	0.00348	0.00232	0.00116	0.00290	0.00203	0.00232	0.00406
10	0.03429	0.02621	0.01406	0.14040	0.40176	0.03817	0.10958	0.04689	0.00912	0.13110	0.00812	0.00974	0.00616	0.00363	0.00374	0.00115	0.00460	0.00344	0.00232	0.00553
11	0.00851	0.00489	0.00673	0.00607	0.00700	0.00524	0.00462	0.02292	0.02232	0.18446	0.04775	0.01469	0.01002	0.11818	0.25120	0.18727	0.08778	0.00403	0.00264	0.00368
12	0.00557	0.00391	0.00499	0.00467	0.00567	0.00356	0.00352	0.00723	0.01038	0.04042	0.72369	0.02849	0.12821	0.00779	0.00441	0.00119	0.00183	0.00682	0.00407	0.00359
13	0.00546	0.00364	0.00409	0.00409	0.00409	0.00364	0.00227	0.00546	0.00546	0.00727	0.01182	0.02455	0.01364	0.86815	0.01910	0.00364	0.00364	0.00546	0.00227	0.00227
14	0.26340	0.00872	0.05843	0.00817	0.02789	0.02127	0.10041	0.13287	0.04993	0.27853	0.00968	0.00964	0.00668	0.00405	0.00342	0.00117	0.00381	0.00323	0.00323	0.00546

[dist]
# distance from previous block
# <min> <max>
2	6

[block]
# block no. 4 follows, 73 sequences, length 27
# corresponding to MSA columns:
# 147-173
name=unknown_E
#
# <colnr> <probs for GDERKNQSTAVLIFYWHMCP>
#	G	D	E	R	K	N	Q	S	T	A	V	L	I	F	Y	W	H	M	C	P
0	0.02554	0.17030	0.30186	0.07230	0.08069	0.02338	0.05447	0.10048	0.04058	0.06326	0.00754	0.00854	0.00564	0.00368	0.00342	0.00110	0.00469	0.00296	0.00217	0.02740
1	0.00866	0.24288	0.30194	0.09115	0.09580	0.03596	0.04564	0.01120	0.00772	0.01046	0.00614	0.00784	0.00497	0.00383	0.00440	0.00114	0.11079	0.00280	0.00166	0.00502
2	0.00511	0.00399	0.00583	0.18754	0.00980	0.00418	0.00496	0.00616	0.00725	0.00958	0.01769	0.68300	0.02058	0.01005	0.00457	0.00147	0.00278	0.00910	0.00310	0.00329
3	0.04557	0.02106	0.03001	0.09203	0.44752	0.02622	0.11029	0.02199	0.02091	0.07661	0.00836	0.05337	0.00699	0.00400	0.00392	0.00118	0.01857	0.00379	0.00220	0.00540
4	0.00748	0.02152	0.00831	0.05186	0.17584	0.00563	0.01790	0.00958	0.04683	0.08574	0.32374	0.04129	0.07775	0.04355	0.03889	0.00150	0.00324	0.03175	0.00326	0.00436
5	0.00457	0.00326	0.00435	0.00522	0.00544	0.00305	0.00348	0.00522	0.00718	0.00958	0.02068	0.86570	0.02481	0.01175	0.00479	0.00152	0.00218	0.01067	0.00348	0.00305
6	0.01401	0.01788	0.01063	0.00967	0.01160	0.85309	0.00725	0.01498	0.01063	0.00918	0.00580	0.00677	0.00483	0.00387	0.00338	0.00097	0.00677	0.00242	0.00193	0.00435
7	0.24465	0.02560	0.01030	0.02174	0.11118	0.03367	0.04388	0.30171	0.01143	0.11300	0.00865	0.04307	0.00667	0.00429	0.00341	0.00115	0.00385	0.00335	0.00303	0.00540
8	0.00465	0.00376	0.00397	0.00398	0.00501	0.00326	0.00287	0.00555	0.00832	0.01023	0.11052	0.06630	0.63374	0.11383	0.00623	0.00156	0.00211	0.00762	0.00340	0.00309
9	0.00812	0.00660	0.00730	0.00662	0.00835	0.00730	0.00511	0.01555	0.54259	0.03292	0.27518	0.01886	0.03753	0.00599	0.00402	0.00124	0.00257	0.00511	0.00393	0.00513
10	0.00821	0.00821	0.01149	0.00985	0.00985	0.01149	0.00821	0.00903	0.00575	0.00903	0.00492	0.00821	0.00492	0.00657	0.01231	0.00164	0.86128	0.00328	0.00164	0.00410
11	0.05507	0.00688	0.00803	0.00582	0.00909	0.00548	0.01841	0.03639	0.00810	0.02902	0.00684	0.00787	0.00558	0.00291	0.00283	0.00063	0.00290	0.00232	0.00232	0.78351
12	0.01338	0.00849	0.13557	0.08349	0.01236	0.00647	0.05774	0.02815	0.00969	0.53317	0.01205	0.01202	0.00808	0.03917	0.00461	0.01865	0.00393	0.00368	0.00358	0.00572
13	0.00509	0.00383	0.00472	0.00449	0.00547	0.00345	0.00337	0.00666	0.01011	0.01384	0.64525	0.03001	0.23367	0.00812	0.00443	0.00120	0.00180	0.00706	0.00397	0.00345
14	0.00728	0.00685	0.01153	0.63573	0.15497	0.00806	0.02518	0.00963	0.00768	0.01005	0.00834	0.01130	0.04435	0.00492	0.03793	0.00142	0.00500	0.00360	0.00180	0.00439
15	0.00745	0.00660	0.01019	0.11483	0.32812	0.02869	0.00787	0.00884	0.00727	0.01003	0.00901	0.10183	0.00874	0.04088	0.16823	0.08406	0.04678	0.00429	0.00202	0.00427
16	0.00932	0.01399	0.45365	0.09811	0.10824	0.00849	0.04446	0.05288	0.04373	0.11906	0.00830	0.00930	0.00589	0.00379	0.00368	0.00119	0.00492	0.00318	0.00223	0.00559
17	0.00500	0.00405	0.00454	0.00475	0.00593	0.00364	0.00381	0.00642	0.03009	0.01058	0.03244	0.03724	0.59648	0.00962	0.00462	0.00139	0.00235	0.23023	0.00348	0.00332
18	0.00643	0.00387	0.00479	0.00482	0.00541	0.00365	0.00326	0.00712	0.00743	0.09992	0.11286	0.27438	0.05261	0.33524	0.00999	0.00222	0.00280	0.02809	0.03190	0.00320
19	0.00747	0.00684	0.04820	0.16092	0.30351	0.00674	0.00806	0.02032	0.00728	0.01005	0.00881	0.07468	0.02035	0.06538	0.05330	0.16705	0.02086	0.00409	0.00197	0.00414
20	0.02353	0.02153	0.09607	0.09559	0.12046	0.04938	0.39021	0.04636	0.03658	0.02241	0.00832	0.05688	0.00681	0.00393	0.00404	0.00122	0.00535	0.00415	0.00211	0.00507
21	0.00485	0.00387	0.00439	0.00455	0.00556	0.00346	0.00342	0.00618	0.02922	0.01102	0.15475	0.17389	0.49118	0.00957	0.00454	0.00134	0.00209	0.07923	0.00359	0.00330
22	0.05004	0.00396	0.00467	0.00489	0.00555	0.00381	0.00341	0.02753	0.00781	0.02505	0.12223	0.37433	0.13991	0.17445	0.00728	0.00182	0.00251	0.03425	0.00330	0.00318
23	0.05051	0.03275	0.02408	0.08042	0.19158	0.00710	0.05595	0.05040	0.04672	0.02244	0.03074	0.07478	0.03233	0.03322	0.10439	0.09224	0.02662	0.01389	0.02555	0.00431
24	0.01200	0.00705	0.02434	0.00695	0.00900	0.06376	0.01999	0.08106	0.02253	0.37180	0.01205	0.04531	0.00909	0.00977	0.17838	0.01186	0.03508	0.00392	0.07095	0.00510
25	0.00575	0.00419	0.00617	0.00605	0.00654	0.00491	0.00462	0.00653	0.00581	0.00833	0.00919	0.01414	0.00878	0.05795	0.62690	0.14483	0.07038	0.00390	0.00193	0.00309
26	0.00505	0.00365	0.00440	0.00466	0.00533	0.00333	0.00326	0.00592	0.00798	0.02653	0.14953	0.33596	0.26258	0.12964	0.00662	0.00169	0.00230	0.03500	0.00343	0.00313

[dist]
# distance from previous block
# <min> <max>
0	3

[block]
# block no. 5 follows, 73 sequences, length 16
# corresponding to MSA columns:
# 177-192
name=unknown_F
#
# <colnr> <probs for GDERKNQSTAVLIFYWHMCP>
#	G	D	E	R	K	N	Q	S	T	A	V	L	I	F	Y	W	H	M	C	P
0	0.00857	0.00882	0.07874	0.01131	0.17286	0.08968	0.07055	0.05133	0.00809	0.04489	0.00830	0.01106	0.00707	0.01305	0.32171	0.00300	0.08074	0.00356	0.00209	0.00460
1	0.02652	0.05656	0.02801	0.18438	0.28034	0.00933	0.04178	0.20162	0.01032	0.02827	0.00740	0.00904	0.00574	0.00365	0.00357	0.00108	0.00434	0.00318	0.00233	0.09252
2	0.00570	0.00398	0.00519	0.00561	0.00647	0.00374	0.00446	0.00704	0.00869	0.04208	0.15960	0.23043	0.16580	0.00988	0.00478	0.00149	0.00260	0.32542	0.00362	0.00343
3	0.00651	0.00378	0.00439	0.00418	0.00516	0.00358	0.00316	0.00821	0.00923	0.04842	0.37637	0.02137	0.07012	0.00613	0.00356	0.00104	0.00183	0.00520	0.41414	0.00361
4	0.00487	0.00378	0.00444	0.00435	0.00536	0.00334	0.00323	0.00621	0.00948	0.01251	0.43317	0.08971	0.38854	0.00876	0.00445	0.00124	0.00186	0.00755	0.00380	0.00334
5	0.00464	0.00332	0.00443	0.00526	0.00552	0.00310	0.00356	0.00536	0.00734	0.00980	0.04723	0.81379	0.02506	0.01158	0.00479	0.00152	0.00220	0.03493	0.00350	0.00308
6	0.01003	0.87041	0.01966	0.00642	0.00963	0.01485	0.00642	0.01123	0.00762	0.00883	0.00522	0.00602	0.00481	0.00321	0.00241	0.00080	0.00401	0.00201	0.00160	0.00481
7	0.00518	0.00383	0.00484	0.00458	0.00553	0.00348	0.00344	0.00683	0.01031	0.01432	0.72369	0.02922	0.15493	0.00794	0.00443	0.00119	0.00179	0.00695	0.00403	0.00348
8	0.00778	0.00667	0.00778	0.00556	0.00889	0.00500	0.00445	0.00945	0.00778	0.01223	0.00667	0.00778	0.00556	0.00278	0.00278	0.00056	0.00278	0.00222	0.00222	0.89108
9	0.00457	0.00326	0.00435	0.00522	0.00544	0.00305	0.00348	0.00522	0.00718	0.00958	0.02068	0.86570	0.02481	0.01175	0.00479	0.00152	0.00218	0.01067	0.00348	0.00305
10	0.00457	0.00326	0.00435	0.00522	0.00544	0.00305	0.00348	0.00522	0.00718	0.00958	0.02068	0.86570	0.02481	0.01175	0.00479	0.00152	0.00218	0.01067	0.00348	0.00305
11	0.00539	0.00366	0.00432	0.00437	0.00445	0.00371	0.00261	0.00557	0.00562	0.00757	0.01218	0.07544	0.01387	0.72531	0.10755	0.00376	0.00423	0.00562	0.00232	0.00244
12	0.00752	0.01941	0.84871	0.01069	0.01624	0.00871	0.01386	0.01188	0.00792	0.01188	0.00673	0.00792	0.00475	0.00356	0.00356	0.00119	0.00554	0.00277	0.00158	0.00554
13	0.05517	0.00947	0.00988	0.00784	0.01061	0.08337	0.00638	0.39193	0.08138	0.28872	0.01094	0.01031	0.00750	0.00449	0.00367	0.00114	0.00391	0.00343	0.00382	0.00606
14	0.42651	0.06210	0.01007	0.03191	0.19392	0.09565	0.03466	0.02338	0.02332	0.01393	0.00642	0.00829	0.00534	0.00377	0.00323	0.00114	0.02551	0.02404	0.00217	0.00464
15	0.00496	0.00357	0.00468	0.00543	0.00580	0.00342	0.00384	0.00596	0.02535	0.00982	0.02020	0.64430	0.04064	0.06976	0.00580	0.00169	0.00249	0.13577	0.00340	0.00312

[dist]
# distance from previous block
# <min> <max>
0	1

[block]
# block no. 6 follows, 73 sequences, length 10
# corresponding to MSA columns:
# 194-203
name=unknown_G
#
# <colnr> <probs for GDERKNQSTAVLIFYWHMCP>
#	G	D	E	R	K	N	Q	S	T	A	V	L	I	F	Y	W	H	M	C	P
0	0.04182	0.50661	0.05049	0.05933	0.08456	0.04461	0.00744	0.04274	0.00795	0.01019	0.00590	0.00733	0.00517	0.00474	0.04232	0.00121	0.06851	0.00249	0.00177	0.00480
1	0.00801	0.00737	0.00883	0.10049	0.14526	0.12264	0.02763	0.03594	0.02993	0.02583	0.13315	0.14115	0.05065	0.04618	0.01790	0.04870	0.01400	0.02953	0.00270	0.00410
2	0.00493	0.00366	0.00437	0.00462	0.00520	0.00345	0.00320	0.00568	0.00735	0.00951	0.07470	0.24403	0.26819	0.22817	0.07828	0.00234	0.00314	0.04310	0.00310	0.00296
3	0.00699	0.00350	0.00350	0.00350	0.00437	0.00350	0.00262	0.00874	0.00787	0.01399	0.01224	0.01399	0.00962	0.00437	0.00262	0.00087	0.00175	0.00350	0.88898	0.00350
4	0.59638	0.04330	0.00703	0.00578	0.00799	0.06015	0.00473	0.06615	0.03166	0.03925	0.00661	0.00770	0.00525	0.00637	0.09668	0.00167	0.00407	0.00248	0.00244	0.00431
5	0.00737	0.00571	0.00808	0.03503	0.20042	0.00569	0.00599	0.05636	0.04406	0.05416	0.23901	0.14450	0.09104	0.02824	0.03630	0.00148	0.00321	0.02577	0.00323	0.00437
6	0.00879	0.00722	0.00757	0.00672	0.00863	0.02898	0.00524	0.09892	0.45709	0.03846	0.13372	0.01888	0.15164	0.00608	0.00399	0.00123	0.00285	0.00506	0.00377	0.00516
7	0.00510	0.00373	0.00443	0.00445	0.00536	0.00337	0.00330	0.00645	0.00920	0.01255	0.38088	0.14498	0.28605	0.00859	0.00434	0.00124	0.00191	0.02876	0.08196	0.00335
8	0.01040	0.00781	0.00835	0.00708	0.00917	0.02474	0.00561	0.27951	0.30482	0.05052	0.13028	0.03308	0.01311	0.00530	0.00377	0.00117	0.00312	0.00434	0.09241	0.00542
9	0.00561	0.00430	0.00520	0.00489	0.00598	0.00412	0.00369	0.00823	0.10178	0.01432	0.62040	0.02779	0.16410	0.00768	0.00436	0.00120	0.00192	0.00669	0.00399	0.00374

[dist]
# distance from previous block
# <min> <max>
0	1

[block]
# block no. 7 follows, 73 sequences, length 17
# corresponding to MSA columns:
# 205-221
name=unknown_H
#
# <colnr> <probs for GDERKNQSTAVLIFYWHMCP>
#	G	D	E	R	K	N	Q	S	T	A	V	L	I	F	Y	W	H	M	C	P
0	0.02139	0.00627	0.00710	0.00624	0.00796	0.00654	0.00493	0.21713	0.12759	0.05289	0.21623	0.06707	0.15638	0.00773	0.03524	0.00142	0.00304	0.04650	0.00373	0.00463
1	0.00869	0.00536	0.00529	0.00478	0.00612	0.03713	0.00370	0.11945	0.06259	0.04212	0.01184	0.01301	0.00911	0.00442	0.00292	0.00095	0.00238	0.00350	0.65247	0.00416
2	0.02470	0.35280	0.12787	0.00893	0.07896	0.06214	0.00781	0.13261	0.05559	0.04615	0.00733	0.01722	0.00592	0.00379	0.00325	0.00099	0.01741	0.00276	0.00226	0.04149
3	0.00896	0.08095	0.14255	0.09453	0.18492	0.03370	0.17243	0.04455	0.02134	0.03253	0.00784	0.03725	0.00651	0.00399	0.00409	0.00115	0.04145	0.01838	0.00206	0.06081
4	0.02213	0.22409	0.37814	0.00997	0.08401	0.04542	0.01001	0.05645	0.01971	0.05083	0.00738	0.00829	0.01796	0.00372	0.00345	0.00107	0.02112	0.00278	0.00198	0.03151
5	0.00687	0.00631	0.02483	0.02832	0.07292	0.02707	0.04901	0.01054	0.21279	0.01219	0.11889	0.23530	0.13906	0.00747	0.00449	0.00131	0.02851	0.00655	0.00326	0.00431
6	0.00883	0.01038	0.04973	0.01595	0.05478	0.00944	0.76849	0.01199	0.00881	0.01202	0.00754	0.01001	0.00567	0.00318	0.00437	0.00126	0.00622	0.00433	0.00189	0.00511
7	0.00508	0.00397	0.00509	0.04351	0.02904	0.00379	0.00406	0.00642	0.03484	0.01061	0.10348	0.43715	0.23687	0.00990	0.00458	0.00140	0.00234	0.05106	0.00343	0.00337
8	0.02807	0.02436	0.41475	0.04560	0.16756	0.00865	0.07736	0.03020	0.04269	0.09007	0.00807	0.00947	0.00596	0.00380	0.00382	0.00119	0.01863	0.01208	0.00212	0.00555
9	0.00709	0.00667	0.01125	0.85913	0.02584	0.00834	0.01042	0.00959	0.00750	0.00959	0.00667	0.01000	0.00500	0.00375	0.00375	0.00125	0.00500	0.00333	0.00167	0.00417
10	0.00457	0.00337	0.00428	0.00498	0.00539	0.00308	0.00338	0.00530	0.00750	0.00982	0.04698	0.70711	0.15796	0.01127	0.00472	0.00147	0.00212	0.01011	0.00350	0.00308
11	0.00619	0.00504	0.00798	0.13392	0.03562	0.00508	0.09302	0.00788	0.02673	0.03051	0.04823	0.38768	0.06411	0.00850	0.00450	0.00142	0.00327	0.10850	0.01808	0.00374
12	0.01071	0.00857	0.10998	0.00980	0.13271	0.01685	0.03520	0.11687	0.05208	0.23542	0.07680	0.09700	0.05641	0.00549	0.00408	0.00121	0.01744	0.00469	0.00333	0.00537
13	0.00709	0.00667	0.01125	0.85913	0.02584	0.00834	0.01042	0.00959	0.00750	0.00959	0.00667	0.01000	0.00500	0.00375	0.00375	0.00125	0.00500	0.00333	0.00167	0.00417
14	0.01359	0.12554	0.01172	0.00917	0.01129	0.72292	0.00709	0.01460	0.01025	0.03286	0.00598	0.00684	0.00496	0.00381	0.00327	0.00095	0.00632	0.00240	0.00197	0.00447
15	0.07909	0.00735	0.00820	0.00663	0.04240	0.02751	0.00504	0.09557	0.02006	0.03712	0.03464	0.00923	0.02296	0.00343	0.00302	0.00076	0.00306	0.00271	0.00254	0.58868
16	0.06214	0.08822	0.46871	0.00975	0.01378	0.02490	0.07174	0.04574	0.04225	0.02354	0.01956	0.00885	0.00588	0.01987	0.01419	0.00129	0.06944	0.00304	0.00194	0.00517

[dist]
# distance from previous block
# <min> <max>
0	2

[block]
# block no. 8 follows, 73 sequences, length 12
# corresponding to MSA columns:
# 224-235
name=unknown_I
#
# <colnr> <probs for GDERKNQSTAVLIFYWHMCP>
#	G	D	E	R	K	N	Q	S	T	A	V	L	I	F	Y	W	H	M	C	P
0	0.01202	0.03479	0.01033	0.00799	0.01075	0.01044	0.00650	0.48075	0.27647	0.01972	0.01068	0.01040	0.00787	0.00450	0.00365	0.00111	0.00364	0.00351	0.00358	0.08128
1	0.00766	0.01199	0.36581	0.11360	0.10322	0.01959	0.00999	0.03360	0.04401	0.03232	0.06169	0.09154	0.05312	0.00515	0.00400	0.00124	0.01838	0.01583	0.00232	0.00493
2	0.02626	0.06271	0.56233	0.01010	0.03181	0.00883	0.04875	0.05911	0.03046	0.09298	0.00851	0.00924	0.02459	0.00385	0.00358	0.00117	0.00497	0.00309	0.00214	0.00555
3	0.03445	0.47727	0.19577	0.00892	0.01260	0.01195	0.15557	0.01128	0.00786	0.01031	0.00655	0.03981	0.00570	0.00361	0.00310	0.00101	0.00465	0.00293	0.00174	0.00493
4	0.03173	0.00554	0.00726	0.00593	0.00817	0.00490	0.00476	0.01457	0.00998	0.57392	0.08534	0.08779	0.06287	0.00575	0.00383	0.00118	0.00279	0.00480	0.07349	0.00540
5	0.00832	0.03186	0.25517	0.12878	0.13177	0.03580	0.06150	0.04295	0.03898	0.04207	0.00979	0.11806	0.01929	0.00502	0.00420	0.00125	0.03886	0.01911	0.00224	0.00496
6	0.01230	0.05623	0.03639	0.01315	0.23389	0.38608	0.05674	0.07668	0.01029	0.07306	0.00715	0.00824	0.00562	0.00375	0.00355	0.00105	0.00549	0.00294	0.00222	0.00518
7	0.00709	0.00667	0.01125	0.85913	0.02584	0.00834	0.01042	0.00959	0.00750	0.00959	0.00667	0.01000	0.00500	0.00375	0.00375	0.00125	0.00500	0.00333	0.00167	0.00417
8	0.00456	0.00380	0.00399	0.00406	0.00523	0.00323	0.00306	0.00557	0.00859	0.01040	0.07651	0.07890	0.72382	0.00957	0.00449	0.00130	0.00198	0.04426	0.00351	0.00319
9	0.05382	0.09864	0.08903	0.06103	0.22864	0.22095	0.00858	0.02859	0.00925	0.14196	0.00787	0.02173	0.00612	0.00387	0.00345	0.00108	0.00481	0.00304	0.00233	0.00523
10	0.01499	0.00986	0.01048	0.00814	0.01104	0.07210	0.00667	0.53688	0.01513	0.26030	0.01044	0.00993	0.00710	0.00450	0.00373	0.00112	0.00405	0.00342	0.00388	0.00623
11	0.00886	0.01012	0.02214	0.01581	0.01961	0.00949	0.83112	0.01202	0.00886	0.01202	0.00759	0.01012	0.00569	0.00316	0.00443	0.00127	0.00633	0.00443	0.00190	0.00506

[dist]
# distance from previous block
# <min> <max>
0	1

[block]
# block no. 9 follows, 73 sequences, length 18
# corresponding to MSA columns:
# 237-254
name=unknown_J
#
# <colnr> <probs for GDERKNQSTAVLIFYWHMCP>
#	G	D	E	R	K	N	Q	S	T	A	V	L	I	F	Y	W	H	M	C	P
0	0.00565	0.00415	0.00551	0.00622	0.00705	0.00406	0.00517	0.00731	0.02865	0.01090	0.02226	0.18760	0.12880	0.01037	0.00498	0.00162	0.00301	0.54979	0.00347	0.00341
1	0.07707	0.03206	0.01071	0.02297	0.03644	0.01981	0.05446	0.35712	0.16775	0.04430	0.00943	0.00965	0.00700	0.00413	0.00352	0.00108	0.00378	0.00330	0.00319	0.13224
2	0.00962	0.03824	0.00868	0.00769	0.00926	0.30721	0.02157	0.05603	0.06531	0.02232	0.06028	0.08030	0.10874	0.00664	0.00437	0.00125	0.03747	0.14799	0.00285	0.00418
3	0.02249	0.10450	0.39379	0.03560	0.06813	0.03415	0.05942	0.04269	0.03885	0.07531	0.00824	0.04877	0.00654	0.00444	0.01399	0.00123	0.03106	0.00337	0.00214	0.00529
4	0.00778	0.12518	0.52899	0.01014	0.04988	0.00890	0.06113	0.02684	0.00832	0.01178	0.05680	0.03309	0.04674	0.00424	0.00360	0.00115	0.00484	0.00349	0.00195	0.00516
5	0.00783	0.00787	0.04320	0.55295	0.29497	0.00854	0.01091	0.01030	0.00786	0.01055	0.00680	0.00969	0.00530	0.00361	0.00373	0.00120	0.00484	0.00332	0.00173	0.00480
6	0.00802	0.03119	0.06074	0.04096	0.02570	0.10714	0.00544	0.04402	0.05463	0.07571	0.10523	0.02307	0.32014	0.00680	0.00403	0.00120	0.00327	0.04826	0.03025	0.00420
7	0.00944	0.03108	0.13351	0.10519	0.19967	0.02637	0.06808	0.05688	0.00893	0.13137	0.03580	0.01183	0.03980	0.00702	0.10454	0.00174	0.01745	0.00371	0.00245	0.00513
8	0.00708	0.00653	0.01108	0.46524	0.14708	0.00736	0.06264	0.00927	0.00785	0.01040	0.03069	0.10738	0.00963	0.00587	0.02839	0.00143	0.00463	0.07104	0.00213	0.00428
9	0.01514	0.00879	0.01016	0.00782	0.01076	0.00912	0.00645	0.48341	0.03926	0.35199	0.01150	0.01066	0.00769	0.00458	0.00376	0.00114	0.00372	0.00356	0.00411	0.00637
10	0.03826	0.80458	0.01882	0.00650	0.00964	0.03475	0.00638	0.02845	0.00787	0.00940	0.00531	0.00610	0.00482	0.00326	0.00246	0.00082	0.00405	0.00205	0.00168	0.00481
11	0.00553	0.00434	0.00598	0.00633	0.04831	0.00466	0.00448	0.00668	0.00698	0.00958	0.08390	0.05456	0.14936	0.12589	0.39979	0.00380	0.04529	0.02864	0.00254	0.00336
12	0.00552	0.00415	0.00507	0.00486	0.00586	0.00392	0.00363	0.03079	0.04872	0.01385	0.54725	0.12273	0.17305	0.00824	0.00442	0.00124	0.00196	0.00720	0.00392	0.00361
13	0.00457	0.00366	0.00406	0.00425	0.00519	0.00318	0.00306	0.00550	0.00832	0.01037	0.10551	0.24607	0.54366	0.02924	0.00485	0.00138	0.00200	0.00846	0.00351	0.00315
14	0.00920	0.34608	0.22990	0.02266	0.03015	0.04967	0.03768	0.02821	0.04038	0.03785	0.00730	0.00928	0.00614	0.02957	0.02968	0.03999	0.00469	0.02071	0.00194	0.01892
15	0.01401	0.01788	0.01063	0.00967	0.01160	0.85309	0.00725	0.01498	0.01063	0.00918	0.00580	0.00677	0.00483	0.00387	0.00338	0.00097	0.00677	0.00242	0.00193	0.00435
16	0.05870	0.21099	0.03480	0.00837	0.01091	0.40451	0.00695	0.17125	0.02419	0.01248	0.00697	0.00763	0.01912	0.00392	0.00320	0.00099	0.00525	0.00262	0.00228	0.00487
17	0.45252	0.08466	0.02164	0.00794	0.08136	0.03051	0.03854	0.13544	0.02042	0.02559	0.00680	0.02071	0.00549	0.01837	0.00335	0.00117	0.02012	0.00275	0.01790	0.00471

[dist]
# distance from previous block
# <min> <max>
0	1

[block]
# block no. 10 follows, 73 sequences, length 13
# corresponding to MSA columns:
# 256-268
name=unknown_K
#
# <colnr> <probs for GDERKNQSTAVLIFYWHMCP>
#	G	D	E	R	K	N	Q	S	T	A	V	L	I	F	Y	W	H	M	C	P
0	0.06871	0.18180	0.02825	0.00764	0.01033	0.06398	0.00646	0.25086	0.29292	0.01612	0.00983	0.00972	0.00749	0.00428	0.00336	0.00109	0.00379	0.00321	0.00306	0.02710
1	0.00549	0.00457	0.02180	0.00715	0.09762	0.00413	0.00460	0.00673	0.02128	0.01057	0.09169	0.48876	0.09883	0.03690	0.03705	0.00160	0.00281	0.00818	0.00318	0.04707
2	0.00962	0.14459	0.32385	0.02279	0.07776	0.05225	0.03924	0.08639	0.02498	0.07340	0.04112	0.02145	0.00706	0.00393	0.00347	0.00108	0.00460	0.00315	0.00227	0.05701
3	0.00960	0.17240	0.27337	0.02409	0.02652	0.03327	0.02948	0.04688	0.04973	0.08652	0.05624	0.04557	0.02295	0.01743	0.02451	0.00140	0.05500	0.01720	0.00257	0.00527
4	0.00464	0.00329	0.00433	0.00514	0.00534	0.00309	0.00339	0.00524	0.00706	0.00941	0.02003	0.80458	0.02400	0.07398	0.00583	0.00168	0.00228	0.01029	0.00339	0.00299
5	0.07182	0.02388	0.02635	0.02506	0.17802	0.04979	0.04459	0.00903	0.00703	0.01031	0.02014	0.02378	0.00807	0.07441	0.32055	0.00318	0.09411	0.00376	0.00200	0.00414
6	0.12744	0.13441	0.17671	0.09086	0.12380	0.04213	0.05263	0.04561	0.04338	0.03748	0.00816	0.04427	0.02009	0.00446	0.01562	0.00121	0.02129	0.00332	0.00215	0.00497
7	0.01021	0.01063	0.08119	0.04648	0.20050	0.08218	0.25668	0.12952	0.04149	0.05047	0.00850	0.03632	0.00670	0.00393	0.00392	0.00118	0.00506	0.00383	0.01581	0.00539
8	0.00505	0.00392	0.00462	0.00452	0.00553	0.00356	0.00336	0.00673	0.03921	0.01270	0.43115	0.10826	0.34042	0.00865	0.00444	0.00125	0.00190	0.00748	0.00381	0.00344
9	0.00997	0.43311	0.08593	0.02530	0.06156	0.04319	0.06316	0.01215	0.05392	0.08364	0.00853	0.02584	0.03619	0.00404	0.00350	0.00102	0.03871	0.00307	0.00215	0.00501
10	0.08817	0.06421	0.09615	0.00848	0.04180	0.05475	0.04975	0.22938	0.05269	0.11234	0.01042	0.03315	0.03977	0.03478	0.04183	0.00145	0.01798	0.00367	0.01402	0.00522
11	0.00627	0.00411	0.00515	0.00506	0.00595	0.00387	0.00365	0.00795	0.05592	0.08552	0.33159	0.27079	0.10007	0.08963	0.00582	0.00152	0.00227	0.00749	0.00373	0.00363
12	0.00598	0.00423	0.00523	0.00506	0.00613	0.00396	0.00388	0.03272	0.02974	0.04791	0.44644	0.10847	0.19291	0.00839	0.00447	0.00128	0.00215	0.08348	0.00388	0.00367

[dist]
# distance from previous block
# <min> <max>
16	31

[block]
# block no. 11 follows, 73 sequences, length 13
# corresponding to MSA columns:
# 302-314
name=unknown_L
#
# <colnr> <probs for GDERKNQSTAVLIFYWHMCP>
#	G	D	E	R	K	N	Q	S	T	A	V	L	I	F	Y	W	H	M	C	P
0	0.00723	0.00603	0.00708	0.00537	0.00808	0.00467	0.00415	0.00867	0.00762	0.01167	0.03652	0.07983	0.00885	0.07992	0.00444	0.00093	0.00277	0.00335	0.00239	0.71044
1	0.00534	0.00388	0.00451	0.00450	0.00505	0.00378	0.00300	0.00639	0.04608	0.00969	0.14310	0.10535	0.18718	0.38653	0.04975	0.02038	0.00312	0.00648	0.00296	0.00293
2	0.52084	0.00686	0.00734	0.00606	0.00846	0.00724	0.05402	0.01264	0.00784	0.24551	0.04238	0.00933	0.00700	0.00440	0.00351	0.04289	0.00316	0.00291	0.00298	0.00463
3	0.04561	0.00467	0.00553	0.00537	0.00656	0.00452	0.00398	0.00949	0.10013	0.14253	0.09039	0.28297	0.15643	0.07771	0.00546	0.00152	0.00253	0.03539	0.01526	0.00395
4	0.04399	0.00483	0.00583	0.00550	0.00675	0.00468	0.00417	0.07598	0.02492	0.13226	0.20395	0.24339	0.10745	0.05129	0.00503	0.00142	0.00255	0.05561	0.01640	0.00401
5	0.04497	0.00871	0.00949	0.03570	0.01054	0.02885	0.00637	0.52535	0.01417	0.05692	0.05783	0.01367	0.00966	0.04313	0.03421	0.00145	0.00408	0.06614	0.02331	0.00544
6	0.10903	0.00629	0.00801	0.00629	0.00896	0.00564	0.00512	0.01610	0.00980	0.65173	0.01340	0.04200	0.00919	0.03311	0.00410	0.00122	0.00312	0.00379	0.00413	0.05896
7	0.03965	0.00474	0.00563	0.00543	0.00658	0.00459	0.00398	0.07193	0.04326	0.12416	0.07700	0.37173	0.15162	0.06530	0.00530	0.00149	0.00255	0.00754	0.00360	0.00391
8	0.05173	0.00627	0.00720	0.00667	0.03120	0.05433	0.00496	0.09112	0.02883	0.17760	0.01316	0.07198	0.06731	0.10869	0.20574	0.01956	0.02390	0.00454	0.02090	0.00431
9	0.00906	0.00736	0.00738	0.00662	0.00839	0.08612	0.00514	0.06735	0.32018	0.07934	0.14206	0.02894	0.12657	0.00702	0.04057	0.00141	0.00336	0.01678	0.03151	0.00486
10	0.00536	0.00381	0.00489	0.00493	0.00561	0.00374	0.00356	0.00635	0.00767	0.02646	0.19923	0.14170	0.16423	0.15730	0.20543	0.02242	0.00420	0.02690	0.00306	0.00316
11	0.02291	0.00491	0.00584	0.00564	0.00683	0.00489	0.00422	0.03130	0.14413	0.11547	0.07295	0.24583	0.13718	0.06626	0.00578	0.04321	0.00266	0.05982	0.01618	0.00400
12	0.00817	0.02290	0.00870	0.09521	0.07024	0.00687	0.04129	0.19634	0.03267	0.02614	0.16190	0.05669	0.15204	0.07795	0.02501	0.00151	0.00351	0.00529	0.00314	0.00443

[dist]
# distance from previous block
# <min> <max>
0	97

# created by:
# /st0/software/busco_prod/Augustus/scripts/msa2prfl.pl ./align_prep/26684.fa
