[name]
unknown

[dist]
# distance from previous block
# <min> <max>
2	146

[block]
# block no. 0 follows, 67 sequences, length 6
# corresponding to MSA columns:
# 183-188
name=unknown_A
#
# <colnr> <probs for GDERKNQSTAVLIFYWHMCP>
#	G	D	E	R	K	N	Q	S	T	A	V	L	I	F	Y	W	H	M	C	P
0	0.00944	0.00822	0.02839	0.12270	0.19337	0.02193	0.06160	0.11448	0.03567	0.04643	0.04280	0.02949	0.07436	0.02639	0.03255	0.03888	0.02186	0.00431	0.00270	0.08442
1	0.08030	0.04469	0.01108	0.08267	0.17438	0.06013	0.00766	0.19948	0.07487	0.01513	0.01041	0.03665	0.03498	0.07450	0.05530	0.00176	0.02393	0.00403	0.00278	0.00528
2	0.04659	0.00784	0.01061	0.30194	0.08527	0.04812	0.03502	0.05681	0.05352	0.10946	0.01088	0.04035	0.03743	0.07417	0.00528	0.00146	0.00445	0.00414	0.00270	0.06395
3	0.00728	0.00511	0.00645	0.04677	0.00778	0.02172	0.00467	0.03678	0.05475	0.03196	0.04035	0.18307	0.06456	0.07116	0.04519	0.26042	0.02845	0.03939	0.00282	0.04131
4	0.02997	0.04411	0.01103	0.11685	0.16970	0.02699	0.02319	0.12138	0.08382	0.05208	0.09245	0.07187	0.02590	0.03542	0.00482	0.00136	0.01851	0.03089	0.00303	0.03662
5	0.04575	0.00804	0.01173	0.31905	0.21654	0.05153	0.04617	0.03008	0.03882	0.01187	0.01106	0.07814	0.05883	0.04961	0.00494	0.00144	0.00466	0.00457	0.00233	0.00483

[dist]
# distance from previous block
# <min> <max>
17	31

[block]
# block no. 1 follows, 67 sequences, length 23
# corresponding to MSA columns:
# 229-251
name=unknown_B
#
# <colnr> <probs for GDERKNQSTAVLIFYWHMCP>
#	G	D	E	R	K	N	Q	S	T	A	V	L	I	F	Y	W	H	M	C	P
0	0.02648	0.14602	0.14258	0.10988	0.04540	0.04609	0.05193	0.14539	0.03830	0.07165	0.02893	0.01073	0.00743	0.03857	0.02856	0.00145	0.03795	0.00350	0.00258	0.01658
1	0.05065	0.22094	0.10641	0.02905	0.02255	0.07081	0.08569	0.03818	0.07888	0.05267	0.00961	0.05779	0.02551	0.00570	0.02353	0.04467	0.02696	0.00374	0.00244	0.04423
2	0.05019	0.11048	0.11039	0.02854	0.03056	0.07457	0.02075	0.28740	0.03588	0.03795	0.00891	0.00990	0.02284	0.00593	0.04897	0.00147	0.06908	0.00335	0.00281	0.04003
3	0.01082	0.02613	0.07394	0.03164	0.12335	0.10582	0.12366	0.08286	0.13941	0.07635	0.02157	0.06730	0.00898	0.00494	0.00451	0.00126	0.04556	0.00426	0.00285	0.04475
4	0.00967	0.12732	0.22232	0.05467	0.05146	0.03838	0.02134	0.02590	0.10584	0.08553	0.09247	0.01251	0.02755	0.00464	0.00388	0.00116	0.01640	0.00374	0.01613	0.07909
5	0.00733	0.03276	0.35576	0.00828	0.01122	0.02093	0.00868	0.01037	0.05996	0.03572	0.01357	0.29851	0.01387	0.07950	0.02385	0.00172	0.00437	0.00620	0.00271	0.00469
6	0.00505	0.00366	0.00482	0.00560	0.00599	0.00335	0.00377	0.00579	0.00771	0.01037	0.02141	0.81697	0.02557	0.01212	0.00502	0.00158	0.00236	0.01098	0.00366	0.04422
7	0.02881	0.16170	0.02514	0.03664	0.01220	0.11996	0.00747	0.42194	0.04483	0.05980	0.00903	0.02598	0.00692	0.00464	0.00384	0.00115	0.01734	0.00339	0.00323	0.00598
8	0.00940	0.02640	0.05030	0.05848	0.03593	0.07286	0.06636	0.02548	0.02286	0.05107	0.01892	0.04186	0.00732	0.00383	0.00347	0.00089	0.00396	0.00324	0.00249	0.49489
9	0.01019	0.36103	0.18154	0.01838	0.02490	0.12109	0.04374	0.04853	0.03840	0.01143	0.00912	0.05646	0.04061	0.00482	0.01282	0.00115	0.00497	0.00347	0.00216	0.00518
10	0.01872	0.03656	0.14513	0.05231	0.19763	0.00883	0.00932	0.02235	0.04898	0.05731	0.01782	0.01144	0.00758	0.01064	0.20261	0.00254	0.13913	0.00369	0.00225	0.00518
11	0.00583	0.00389	0.00437	0.00437	0.00437	0.00389	0.00243	0.00583	0.00583	0.00778	0.01264	0.02624	0.01458	0.85906	0.02041	0.00389	0.00389	0.00583	0.00243	0.00243
12	0.00905	0.00741	0.00878	0.00811	0.03457	0.00844	0.00617	0.10463	0.28379	0.03977	0.10614	0.09681	0.10918	0.00709	0.00587	0.00142	0.14842	0.00561	0.00360	0.00517
13	0.00956	0.00889	0.03144	0.09847	0.43565	0.00853	0.00972	0.02910	0.08683	0.03024	0.00845	0.01015	0.00677	0.00371	0.00375	0.00109	0.00425	0.00339	0.00235	0.20767
14	0.00580	0.00416	0.00585	0.00585	0.00635	0.00466	0.00427	0.00674	0.00624	0.00882	0.01111	0.01843	0.01113	0.25102	0.59358	0.03726	0.00865	0.00468	0.00221	0.00321
15	0.00758	0.00682	0.02325	0.17262	0.22546	0.00686	0.03647	0.00985	0.03434	0.03281	0.14468	0.08442	0.15719	0.00682	0.01833	0.00140	0.01779	0.00570	0.00290	0.00472
16	0.00498	0.00403	0.00442	0.00441	0.00559	0.00348	0.00327	0.00620	0.00960	0.01210	0.23663	0.08985	0.58175	0.00983	0.00476	0.00135	0.00202	0.00835	0.00390	0.00348
17	0.01216	0.00964	0.01013	0.00849	0.01109	0.02875	0.00677	0.31604	0.46480	0.04460	0.03472	0.01317	0.01068	0.00524	0.00406	0.00129	0.00369	0.00421	0.00405	0.00643
18	0.00749	0.00670	0.01020	0.03970	0.06928	0.02230	0.07437	0.00871	0.00682	0.00973	0.00851	0.01334	0.00807	0.08686	0.31861	0.06247	0.23679	0.00409	0.00200	0.00398
19	0.00999	0.01012	0.01469	0.19775	0.54476	0.10718	0.01143	0.01223	0.00908	0.01202	0.00724	0.00974	0.00597	0.00382	0.00418	0.00122	0.02747	0.00345	0.00195	0.00570
20	0.01922	0.03838	0.16831	0.02519	0.17149	0.02691	0.15401	0.01107	0.00845	0.02521	0.02762	0.03115	0.03546	0.00825	0.11517	0.00201	0.08869	0.03612	0.00220	0.00510
21	0.00977	0.22244	0.15010	0.04675	0.14354	0.02352	0.17857	0.04245	0.03424	0.02573	0.00783	0.01003	0.00642	0.04965	0.00461	0.00129	0.00513	0.00347	0.00210	0.03236
22	0.00498	0.00404	0.00447	0.00448	0.00564	0.00353	0.00333	0.00616	0.00934	0.01174	0.19241	0.09590	0.57979	0.01088	0.04378	0.00159	0.00243	0.00825	0.00379	0.00346

[dist]
# distance from previous block
# <min> <max>
0	2

[block]
# block no. 2 follows, 67 sequences, length 14
# corresponding to MSA columns:
# 254-267
name=unknown_C
#
# <colnr> <probs for GDERKNQSTAVLIFYWHMCP>
#	G	D	E	R	K	N	Q	S	T	A	V	L	I	F	Y	W	H	M	C	P
0	0.09836	0.59968	0.01736	0.00706	0.01028	0.02888	0.00663	0.08830	0.04394	0.05733	0.00698	0.00751	0.00579	0.00377	0.00286	0.00097	0.00414	0.00250	0.00229	0.00536
1	0.02756	0.31236	0.07027	0.05452	0.11579	0.03789	0.09200	0.09579	0.00970	0.02532	0.00771	0.00897	0.02168	0.00377	0.00342	0.00104	0.00465	0.00306	0.00221	0.10230
2	0.01112	0.54401	0.11413	0.00806	0.01156	0.07822	0.02658	0.07727	0.03553	0.02868	0.00694	0.00772	0.00575	0.00377	0.00305	0.00098	0.00466	0.00261	0.02398	0.00538
3	0.00813	0.00769	0.01064	0.00932	0.00946	0.01040	0.00764	0.00912	0.00679	0.01046	0.06902	0.08630	0.00986	0.00748	0.01127	0.00166	0.66805	0.00451	0.04799	0.00421
4	0.00613	0.00569	0.06841	0.00623	0.00725	0.00503	0.03903	0.00747	0.02202	0.00963	0.05549	0.02123	0.05143	0.37452	0.29890	0.00416	0.00631	0.00522	0.00246	0.00340
5	0.00570	0.00383	0.00500	0.00562	0.00615	0.00355	0.00395	0.00658	0.00819	0.04933	0.06104	0.61732	0.08473	0.04530	0.00566	0.00168	0.00251	0.07663	0.00376	0.00346
6	0.00496	0.00389	0.00451	0.00488	0.00577	0.00344	0.00354	0.00597	0.00877	0.01105	0.08714	0.33548	0.43734	0.01095	0.00492	0.00148	0.00223	0.05654	0.00377	0.00338
7	0.00813	0.02015	0.78957	0.01176	0.01757	0.00936	0.06293	0.01271	0.00853	0.01271	0.00725	0.00861	0.00514	0.00378	0.00387	0.00127	0.00598	0.00307	0.00171	0.00590
8	0.00502	0.00362	0.00466	0.00533	0.00570	0.00336	0.00358	0.00580	0.00799	0.01065	0.09935	0.65693	0.08505	0.07531	0.00620	0.00174	0.00238	0.01038	0.00369	0.00325
9	0.01077	0.00948	0.04641	0.03137	0.12660	0.00987	0.03141	0.19785	0.34868	0.03379	0.03642	0.01438	0.03154	0.00527	0.00432	0.00131	0.02153	0.02937	0.00351	0.00610
10	0.07436	0.00742	0.00882	0.06684	0.03855	0.00630	0.00555	0.04291	0.00863	0.01373	0.00713	0.00846	0.00583	0.00320	0.00308	0.00074	0.00327	0.00254	0.00239	0.69026
11	0.00829	0.00775	0.03463	0.02953	0.28662	0.04209	0.00760	0.03152	0.04140	0.02446	0.05813	0.23095	0.05606	0.00657	0.00421	0.00125	0.00367	0.00588	0.00287	0.11652
12	0.02264	0.00862	0.07897	0.07124	0.17392	0.08496	0.02744	0.02098	0.02339	0.02825	0.03782	0.03389	0.02493	0.11594	0.15432	0.04848	0.00571	0.02115	0.01288	0.00447
13	0.02238	0.04321	0.11984	0.18533	0.09213	0.06805	0.02456	0.10287	0.03400	0.03463	0.00859	0.05187	0.00715	0.01578	0.00429	0.00120	0.03141	0.00364	0.00242	0.14666

[dist]
# distance from previous block
# <min> <max>
0	27

[block]
# block no. 3 follows, 67 sequences, length 7
# corresponding to MSA columns:
# 295-301
name=unknown_D
#
# <colnr> <probs for GDERKNQSTAVLIFYWHMCP>
#	G	D	E	R	K	N	Q	S	T	A	V	L	I	F	Y	W	H	M	C	P
0	0.04390	0.05455	0.08352	0.01253	0.08845	0.07927	0.26979	0.11036	0.01022	0.03847	0.00918	0.01093	0.03831	0.02281	0.00477	0.00127	0.04248	0.00385	0.00242	0.07294
1	0.06245	0.00958	0.04213	0.10422	0.23551	0.08888	0.05547	0.06823	0.04975	0.01311	0.01029	0.02905	0.04800	0.00691	0.07484	0.00170	0.04049	0.02514	0.00242	0.03183
2	0.05509	0.00867	0.04744	0.03088	0.23159	0.04395	0.06008	0.05115	0.10339	0.06475	0.12998	0.01630	0.07489	0.00652	0.04434	0.00151	0.00435	0.01676	0.00303	0.00534
3	0.06410	0.09735	0.05786	0.01134	0.08294	0.23826	0.11907	0.16283	0.06066	0.01436	0.00799	0.00921	0.00630	0.00532	0.04397	0.00141	0.00575	0.00330	0.00251	0.00545
4	0.00583	0.00437	0.00548	0.00577	0.00666	0.00419	0.00429	0.02358	0.04025	0.01137	0.06229	0.36756	0.17071	0.01227	0.07265	0.03497	0.00326	0.11529	0.00351	0.04571
5	0.00677	0.00355	0.00508	0.00508	0.00508	0.00355	0.00330	0.00533	0.00533	0.00711	0.00794	0.01461	0.00828	0.15940	0.01649	0.73195	0.00355	0.00389	0.00186	0.00186
6	0.03167	0.26066	0.03381	0.02492	0.12356	0.30562	0.02657	0.05804	0.03335	0.04070	0.00736	0.02313	0.00616	0.00407	0.00345	0.00106	0.00539	0.00297	0.00224	0.00528

[dist]
# distance from previous block
# <min> <max>
2	5

[block]
# block no. 4 follows, 67 sequences, length 28
# corresponding to MSA columns:
# 307-334
name=unknown_E
#
# <colnr> <probs for GDERKNQSTAVLIFYWHMCP>
#	G	D	E	R	K	N	Q	S	T	A	V	L	I	F	Y	W	H	M	C	P
0	0.00926	0.00920	0.01346	0.28735	0.40343	0.08476	0.01071	0.01145	0.00882	0.01163	0.03101	0.01134	0.02079	0.02636	0.00483	0.00132	0.04325	0.00372	0.00203	0.00527
1	0.00505	0.00377	0.00467	0.00526	0.00586	0.00345	0.00371	0.00595	0.00829	0.01073	0.06822	0.50792	0.23203	0.04618	0.00566	0.00165	0.00240	0.07218	0.00370	0.00332
2	0.00691	0.00350	0.00518	0.00518	0.00518	0.00350	0.00343	0.00525	0.00525	0.00701	0.00724	0.01287	0.00734	0.05490	0.01590	0.84068	0.00350	0.00360	0.00177	0.00177
3	0.01537	0.01103	0.01191	0.00913	0.01234	0.01214	0.00754	0.78415	0.01852	0.06227	0.00991	0.00981	0.00696	0.00482	0.00401	0.00121	0.00437	0.00363	0.00406	0.00682
4	0.00550	0.00409	0.00512	0.00486	0.00588	0.00371	0.00365	0.00723	0.01094	0.01509	0.68281	0.03159	0.18757	0.00857	0.00473	0.00128	0.00192	0.00748	0.00428	0.00371
5	0.00839	0.06161	0.65880	0.01181	0.01710	0.00989	0.11091	0.01254	0.00846	0.01240	0.00713	0.00866	0.00521	0.00389	0.00431	0.00128	0.04695	0.00316	0.00174	0.00575
6	0.00516	0.00407	0.00461	0.00448	0.00562	0.00357	0.00334	0.00651	0.00996	0.01293	0.36974	0.03462	0.47598	0.03539	0.00522	0.00139	0.00203	0.00788	0.00397	0.00352
7	0.00975	0.00882	0.01483	0.09151	0.67409	0.00894	0.01142	0.01209	0.00910	0.03972	0.00861	0.01198	0.00732	0.00405	0.00402	0.00123	0.00463	0.04245	0.02946	0.00600
8	0.00946	0.01073	0.02314	0.01700	0.04721	0.01017	0.77323	0.01275	0.00937	0.01278	0.00802	0.01074	0.00607	0.00348	0.00492	0.00136	0.02747	0.00467	0.00202	0.00541
9	0.00850	0.00724	0.00842	0.00603	0.00958	0.00554	0.00483	0.03207	0.00860	0.01340	0.00720	0.00835	0.00596	0.00302	0.00300	0.00061	0.00301	0.00241	0.00242	0.85981
10	0.00939	0.36795	0.36206	0.01046	0.01503	0.01217	0.14692	0.01244	0.00850	0.01137	0.00668	0.00802	0.00528	0.00358	0.00345	0.00111	0.00539	0.00292	0.00176	0.00552
11	0.00492	0.00406	0.00426	0.00428	0.00554	0.00346	0.00322	0.00605	0.00931	0.01144	0.11856	0.05933	0.69887	0.00996	0.00474	0.00136	0.00206	0.02720	0.01796	0.00344
12	0.00888	0.00873	0.01048	0.00960	0.01119	0.16461	0.12778	0.03120	0.00967	0.01186	0.01501	0.04208	0.01553	0.00819	0.00556	0.00159	0.06577	0.44500	0.00301	0.00425
13	0.00547	0.00409	0.00507	0.00483	0.00586	0.00369	0.00362	0.00716	0.01086	0.01491	0.65447	0.03189	0.21603	0.00864	0.00473	0.00128	0.00192	0.00752	0.00426	0.00369
14	0.00770	0.00484	0.00621	0.00557	0.00692	0.00457	0.00428	0.02378	0.05924	0.12353	0.66353	0.02660	0.03217	0.00756	0.00459	0.00126	0.00221	0.00661	0.00446	0.00438
15	0.00757	0.00713	0.01203	0.84942	0.02762	0.00891	0.01114	0.01025	0.00802	0.01025	0.00713	0.01069	0.00535	0.00401	0.00401	0.00134	0.00535	0.00356	0.00178	0.00446
16	0.01316	0.01288	0.01299	0.09332	0.12428	0.28296	0.05681	0.25531	0.01263	0.04566	0.00792	0.00917	0.00607	0.00437	0.00435	0.00120	0.04528	0.00334	0.00270	0.00562
17	0.00573	0.00430	0.00645	0.00645	0.00716	0.00501	0.00501	0.00716	0.00645	0.00931	0.01074	0.01576	0.01003	0.03008	0.84316	0.00645	0.01074	0.00430	0.00215	0.00358
18	0.00998	0.00862	0.00907	0.00816	0.01043	0.00998	0.00635	0.02131	0.82679	0.01678	0.01632	0.01496	0.01224	0.00544	0.00408	0.00136	0.00317	0.00453	0.00408	0.00635
19	0.00832	0.00713	0.00832	0.00594	0.00950	0.00535	0.00475	0.01010	0.00832	0.01307	0.00713	0.00832	0.00594	0.00297	0.00297	0.00059	0.00297	0.00238	0.00238	0.88357
20	0.00490	0.00353	0.00466	0.00552	0.00581	0.00328	0.00370	0.00565	0.00783	0.01042	0.04541	0.80784	0.05187	0.01237	0.00510	0.00161	0.00231	0.01119	0.00374	0.00328
21	0.00832	0.00713	0.00832	0.00594	0.00950	0.00535	0.00475	0.01010	0.00832	0.01307	0.00713	0.00832	0.00594	0.00297	0.00297	0.00059	0.00297	0.00238	0.00238	0.88357
22	0.00511	0.00368	0.00482	0.00556	0.00596	0.00344	0.00387	0.00599	0.00812	0.01079	0.08715	0.64444	0.07292	0.04344	0.00567	0.00169	0.00245	0.07785	0.00373	0.00331
23	0.00721	0.00794	0.12190	0.03164	0.09560	0.00685	0.05711	0.03214	0.02963	0.01155	0.05797	0.04112	0.01108	0.02878	0.38789	0.00371	0.02948	0.03153	0.00238	0.00449
24	0.00687	0.00500	0.00668	0.00655	0.02517	0.00544	0.00477	0.00796	0.00809	0.05721	0.19866	0.10163	0.05985	0.20379	0.11912	0.00267	0.12876	0.04495	0.00312	0.00369
25	0.00946	0.09650	0.03059	0.00777	0.04406	0.06406	0.00620	0.04591	0.02770	0.13219	0.15346	0.10576	0.03422	0.00817	0.02707	0.00151	0.00380	0.19333	0.00354	0.00469
26	0.17642	0.05786	0.11109	0.01331	0.23044	0.02018	0.11027	0.09147	0.03674	0.03687	0.00835	0.04222	0.00682	0.00415	0.00370	0.00121	0.00456	0.00360	0.00247	0.03829
27	0.05742	0.14115	0.06197	0.00850	0.02015	0.15645	0.01842	0.29109	0.02869	0.02802	0.06670	0.01219	0.06941	0.00495	0.00373	0.00114	0.00454	0.00372	0.00305	0.01872

[dist]
# distance from previous block
# <min> <max>
10	36

[block]
# block no. 5 follows, 67 sequences, length 44
# corresponding to MSA columns:
# 375-418
name=unknown_F
#
# <colnr> <probs for GDERKNQSTAVLIFYWHMCP>
#	G	D	E	R	K	N	Q	S	T	A	V	L	I	F	Y	W	H	M	C	P
0	0.07834	0.14540	0.21411	0.06001	0.16589	0.03042	0.00961	0.02648	0.00905	0.14432	0.00902	0.01028	0.01759	0.00488	0.02791	0.00134	0.01449	0.01122	0.01401	0.00563
1	0.15694	0.15173	0.25232	0.00949	0.02316	0.10142	0.05874	0.10558	0.02093	0.01403	0.00715	0.00842	0.00559	0.00520	0.04350	0.00143	0.02388	0.00294	0.00222	0.00533
2	0.77151	0.00848	0.00663	0.00611	0.02640	0.06243	0.00481	0.01243	0.00738	0.05548	0.00614	0.00697	0.00470	0.00380	0.00266	0.00123	0.00342	0.00232	0.00256	0.00452
3	0.04073	0.00855	0.01321	0.11121	0.48846	0.00892	0.01004	0.05369	0.08428	0.03355	0.09816	0.01260	0.01024	0.00440	0.00402	0.00123	0.00426	0.00402	0.00261	0.00582
4	0.00560	0.00394	0.00520	0.00594	0.00635	0.00383	0.00437	0.00653	0.00782	0.01033	0.01993	0.42293	0.02301	0.18065	0.00830	0.00215	0.00309	0.27332	0.00346	0.00324
5	0.00668	0.00458	0.00548	0.00559	0.00651	0.00459	0.00421	0.01819	0.09730	0.02362	0.15428	0.17861	0.07305	0.09259	0.00632	0.02185	0.00269	0.13778	0.15226	0.00381
6	0.00537	0.00373	0.00457	0.00504	0.00524	0.00360	0.00321	0.00580	0.00695	0.00920	0.01843	0.42169	0.04965	0.39676	0.01206	0.00265	0.00307	0.03694	0.00313	0.00290
7	0.00560	0.00421	0.00610	0.00616	0.00689	0.00471	0.00473	0.00697	0.00697	0.00984	0.05795	0.08693	0.05961	0.02632	0.68113	0.00548	0.00908	0.00528	0.00249	0.00355
8	0.00512	0.00399	0.00465	0.00474	0.00575	0.00352	0.00349	0.00639	0.00962	0.01249	0.29790	0.17961	0.40891	0.00996	0.00482	0.00138	0.00208	0.02814	0.00395	0.00350
9	0.00982	0.00942	0.01608	0.06302	0.79649	0.00950	0.01225	0.01221	0.00908	0.01297	0.00752	0.00996	0.00631	0.00359	0.00397	0.00120	0.00479	0.00357	0.00198	0.00626
10	0.00931	0.00973	0.05593	0.23534	0.41718	0.02444	0.11631	0.02987	0.02555	0.01264	0.02077	0.01053	0.00660	0.00382	0.00408	0.00126	0.00519	0.00375	0.00205	0.00566
11	0.00573	0.00430	0.00645	0.00645	0.00716	0.00501	0.00501	0.00716	0.00645	0.00931	0.01074	0.01576	0.01003	0.03008	0.84316	0.00645	0.01074	0.00430	0.00215	0.00358
12	0.16654	0.12508	0.16766	0.02338	0.11652	0.15397	0.05221	0.03522	0.01910	0.04432	0.00709	0.00829	0.00555	0.00384	0.00355	0.00114	0.01556	0.00289	0.00221	0.04590
13	0.01148	0.23982	0.07572	0.01047	0.02451	0.26368	0.14507	0.04763	0.05883	0.01152	0.00734	0.00871	0.00601	0.00502	0.03691	0.00132	0.03552	0.00313	0.00213	0.00517
14	0.88738	0.00776	0.00589	0.00527	0.00776	0.00900	0.00434	0.01179	0.00683	0.01799	0.00558	0.00651	0.00434	0.00372	0.00248	0.00124	0.00310	0.00217	0.00248	0.00434
15	0.00804	0.02074	0.83828	0.01143	0.01736	0.00931	0.01482	0.01270	0.00847	0.01270	0.00720	0.00847	0.00508	0.00381	0.00381	0.00127	0.00593	0.00296	0.00169	0.00593
16	0.00575	0.00413	0.00540	0.00526	0.00613	0.00387	0.00398	0.00749	0.01069	0.01499	0.67522	0.05203	0.03456	0.06128	0.00580	0.00150	0.00222	0.09184	0.00420	0.00368
17	0.01631	0.00878	0.01043	0.00808	0.01117	0.00890	0.00665	0.35354	0.06966	0.44317	0.01327	0.01206	0.00879	0.00493	0.00403	0.00123	0.00381	0.00389	0.00451	0.00679
18	0.00797	0.00753	0.01274	0.71103	0.16292	0.00901	0.01133	0.01059	0.00821	0.01073	0.00720	0.01056	0.00552	0.00394	0.00400	0.00131	0.00525	0.00357	0.00182	0.00477
19	0.00671	0.00365	0.00548	0.00548	0.00563	0.00380	0.00380	0.00563	0.00548	0.00745	0.00775	0.01293	0.00760	0.01730	0.18818	0.70052	0.00500	0.00365	0.00183	0.00212
20	0.00491	0.00373	0.00453	0.00513	0.00577	0.00335	0.00359	0.00577	0.00829	0.01063	0.04885	0.54600	0.28776	0.01163	0.00500	0.00154	0.00226	0.03419	0.00374	0.00333
21	0.01086	0.00910	0.01050	0.05577	0.02967	0.05887	0.03573	0.24604	0.17844	0.02659	0.05122	0.01287	0.00975	0.03828	0.04483	0.00164	0.11215	0.00407	0.05818	0.00544
22	0.10194	0.08974	0.05936	0.10361	0.09779	0.12998	0.04563	0.25139	0.03629	0.01607	0.00776	0.00895	0.00596	0.00421	0.00390	0.00119	0.02476	0.00321	0.00264	0.00561
23	0.00654	0.00552	0.00851	0.19022	0.16217	0.00580	0.00703	0.00822	0.02450	0.01095	0.01608	0.47640	0.01789	0.00889	0.00466	0.00149	0.00348	0.03449	0.00299	0.00416
24	0.02205	0.03218	0.05524	0.00862	0.08418	0.12882	0.00652	0.02129	0.00899	0.02416	0.00712	0.00833	0.00584	0.00331	0.00321	0.00078	0.00398	0.00257	0.00230	0.57052
25	0.00626	0.00699	0.12617	0.00714	0.05653	0.00504	0.00583	0.00852	0.04455	0.02352	0.23341	0.18375	0.24270	0.00839	0.00456	0.00134	0.00286	0.00728	0.00351	0.02165
26	0.61525	0.09799	0.00773	0.00584	0.00810	0.06228	0.00479	0.01127	0.00733	0.01545	0.00753	0.09569	0.00700	0.00559	0.03305	0.00141	0.00368	0.00324	0.00249	0.00431
27	0.01153	0.23525	0.05174	0.02400	0.01156	0.02594	0.01851	0.18828	0.05552	0.08415	0.00812	0.00929	0.00647	0.00560	0.02656	0.00140	0.22468	0.00327	0.00265	0.00550
28	0.00761	0.07340	0.36872	0.04823	0.02957	0.00815	0.04196	0.01148	0.08418	0.01281	0.11117	0.01708	0.15797	0.00558	0.00407	0.00127	0.00437	0.00465	0.00262	0.00512
29	0.00514	0.00392	0.00472	0.00485	0.00574	0.00350	0.00351	0.00640	0.00959	0.01267	0.33690	0.25772	0.31070	0.01007	0.00484	0.00139	0.00206	0.00880	0.00399	0.00350
30	0.00854	0.10756	0.64607	0.01145	0.03489	0.02777	0.06498	0.01254	0.00856	0.01226	0.00740	0.02698	0.00565	0.00394	0.00377	0.00123	0.00573	0.00318	0.00178	0.00574
31	0.00499	0.00374	0.00464	0.00511	0.00575	0.00338	0.00357	0.00599	0.00870	0.01144	0.17350	0.50532	0.22690	0.01118	0.00496	0.00149	0.00218	0.00993	0.00385	0.00338
32	0.00775	0.00722	0.01203	0.82977	0.02727	0.00899	0.01106	0.02920	0.00827	0.01060	0.00719	0.01067	0.00538	0.00403	0.00401	0.00133	0.00532	0.00357	0.00183	0.00451
33	0.88738	0.00776	0.00589	0.00527	0.00776	0.00900	0.00434	0.01179	0.00683	0.01799	0.00558	0.00651	0.00434	0.00372	0.00248	0.00124	0.00310	0.00217	0.00248	0.00434
34	0.00832	0.00713	0.00832	0.00594	0.00950	0.00535	0.00475	0.01010	0.00832	0.01307	0.00713	0.00832	0.00594	0.00297	0.00297	0.00059	0.00297	0.00238	0.00238	0.88357
35	0.00709	0.00621	0.00706	0.00688	0.02622	0.07304	0.00493	0.00814	0.02386	0.00946	0.02749	0.01948	0.07918	0.29560	0.24573	0.00364	0.13360	0.00493	0.01396	0.00352
36	0.00622	0.00535	0.02663	0.00569	0.02491	0.00480	0.00432	0.00909	0.12547	0.02444	0.26450	0.05031	0.39534	0.00843	0.00456	0.00131	0.00236	0.00718	0.00387	0.02521
37	0.00941	0.35843	0.44565	0.00979	0.01453	0.02334	0.04886	0.02676	0.00861	0.01158	0.00662	0.00776	0.00519	0.00366	0.00336	0.00110	0.00530	0.00272	0.00176	0.00559
38	0.00640	0.00467	0.00660	0.00640	0.00702	0.00537	0.00486	0.00755	0.00679	0.03876	0.04954	0.05999	0.01244	0.15352	0.53092	0.00496	0.08322	0.00495	0.00244	0.00358
39	0.00866	0.01412	0.37416	0.05938	0.26643	0.03291	0.06367	0.01215	0.02140	0.01290	0.07022	0.01152	0.02624	0.00422	0.00402	0.00125	0.00520	0.00375	0.00210	0.00570
40	0.00555	0.00385	0.00456	0.00480	0.00504	0.00373	0.00302	0.00596	0.00691	0.00915	0.05554	0.22583	0.07565	0.52209	0.01431	0.00296	0.00329	0.04200	0.00298	0.00281
41	0.02406	0.00781	0.00940	0.02541	0.01066	0.03020	0.05250	0.04809	0.00895	0.01350	0.00809	0.00927	0.02661	0.00333	0.00320	0.00073	0.00341	0.00275	0.00245	0.70959
42	0.00833	0.03725	0.17715	0.03738	0.06287	0.06033	0.00811	0.05764	0.04641	0.01166	0.02842	0.02105	0.00892	0.10806	0.21695	0.00287	0.08270	0.00396	0.00228	0.01766
43	0.01014	0.05591	0.01169	0.00938	0.01079	0.02026	0.05615	0.12501	0.04865	0.03795	0.01293	0.11114	0.07239	0.03221	0.04659	0.00193	0.31109	0.00523	0.00303	0.01752

[dist]
# distance from previous block
# <min> <max>
3	43

[block]
# block no. 6 follows, 67 sequences, length 22
# corresponding to MSA columns:
# 478-499
name=unknown_G
#
# <colnr> <probs for GDERKNQSTAVLIFYWHMCP>
#	G	D	E	R	K	N	Q	S	T	A	V	L	I	F	Y	W	H	M	C	P
0	0.00828	0.31940	0.08965	0.01674	0.02548	0.00938	0.00615	0.03313	0.00778	0.01020	0.00987	0.02711	0.03580	0.21012	0.11681	0.00238	0.00501	0.00385	0.01798	0.04487
1	0.01265	0.37989	0.01605	0.00922	0.02877	0.34035	0.03888	0.07633	0.04300	0.01131	0.00670	0.00758	0.00563	0.00389	0.00327	0.00100	0.00552	0.00266	0.00214	0.00516
2	0.00514	0.00396	0.00471	0.00490	0.00581	0.00362	0.00359	0.00617	0.00867	0.01112	0.13866	0.21227	0.39863	0.03861	0.08125	0.02583	0.00302	0.03709	0.00358	0.00337
3	0.01129	0.02926	0.00938	0.00775	0.00985	0.15422	0.04326	0.10643	0.06087	0.17046	0.17375	0.11618	0.03660	0.00644	0.00424	0.00125	0.00390	0.02047	0.00369	0.03074
4	0.00684	0.00447	0.00539	0.00540	0.00590	0.00452	0.00370	0.00801	0.05626	0.05617	0.01468	0.05257	0.01575	0.55341	0.05355	0.00329	0.00405	0.13991	0.00291	0.00320
5	0.00578	0.00400	0.00497	0.00501	0.00533	0.00417	0.00330	0.00636	0.00635	0.00876	0.01376	0.05712	0.05128	0.50216	0.26557	0.00433	0.00572	0.00564	0.03750	0.00291
6	0.15593	0.00785	0.00853	0.00730	0.00979	0.00848	0.00581	0.05117	0.39718	0.23800	0.04200	0.02886	0.01123	0.00523	0.00384	0.00130	0.00322	0.00419	0.00406	0.00602
7	0.18986	0.00701	0.00863	0.00677	0.00975	0.00651	0.00559	0.01801	0.01056	0.67495	0.01380	0.01224	0.00882	0.00472	0.00373	0.00124	0.00335	0.00367	0.00447	0.00633
8	0.88738	0.00776	0.00589	0.00527	0.00776	0.00900	0.00434	0.01179	0.00683	0.01799	0.00558	0.00651	0.00434	0.00372	0.00248	0.00124	0.00310	0.00217	0.00248	0.00434
9	0.01029	0.00855	0.00908	0.00812	0.01042	0.00982	0.00633	0.02124	0.79521	0.04854	0.01630	0.01491	0.01215	0.00542	0.00408	0.00136	0.00318	0.00451	0.00412	0.00637
10	0.83774	0.00760	0.00590	0.00526	0.00771	0.00875	0.00433	0.01188	0.00698	0.03646	0.00607	0.00696	0.00467	0.00378	0.00253	0.00123	0.00307	0.00227	0.03243	0.00438
11	0.00488	0.00407	0.00426	0.00421	0.00550	0.00345	0.00316	0.00603	0.00947	0.01163	0.16004	0.03729	0.71251	0.00986	0.00474	0.00134	0.00201	0.00828	0.00383	0.00345
12	0.01133	0.00595	0.00758	0.00649	0.00848	0.00566	0.00513	0.03992	0.11351	0.33767	0.31941	0.06152	0.02170	0.00678	0.00440	0.00130	0.00281	0.03048	0.00452	0.00537
13	0.00920	0.00775	0.00867	0.00674	0.00984	0.00711	0.00535	0.08108	0.22831	0.01500	0.01110	0.01138	0.03976	0.00407	0.00342	0.00088	0.00311	0.00329	0.00302	0.54091
14	0.01100	0.00539	0.00686	0.00585	0.00785	0.00466	0.00455	0.01230	0.01001	0.37829	0.10663	0.13136	0.19196	0.04841	0.00513	0.00141	0.00281	0.00628	0.00421	0.05504
15	0.00566	0.00374	0.00495	0.00566	0.00604	0.00350	0.00387	0.00641	0.00779	0.04937	0.02102	0.70927	0.02462	0.07842	0.00629	0.00180	0.00257	0.05195	0.00368	0.00338
16	0.00947	0.01082	0.02366	0.01690	0.02096	0.01014	0.81947	0.01285	0.00947	0.01285	0.00811	0.01082	0.00609	0.00338	0.00473	0.00135	0.00676	0.00473	0.00203	0.00541
17	0.00617	0.00421	0.00538	0.00573	0.00652	0.00396	0.00423	0.01905	0.01758	0.04178	0.13499	0.41998	0.07067	0.04333	0.00547	0.00160	0.00260	0.13519	0.04226	0.02931
18	0.00605	0.00406	0.00524	0.00581	0.00643	0.00385	0.00409	0.00745	0.05082	0.06203	0.03797	0.66427	0.06554	0.01145	0.00499	0.00158	0.00248	0.04838	0.00383	0.00368
19	0.00536	0.00387	0.00512	0.00569	0.00605	0.00391	0.00391	0.00644	0.03190	0.00994	0.01840	0.53896	0.02119	0.13565	0.16728	0.00286	0.00420	0.02270	0.00325	0.00330
20	0.01298	0.01080	0.01165	0.00979	0.03896	0.06786	0.04482	0.42864	0.29418	0.02034	0.01155	0.01136	0.00851	0.00488	0.00404	0.00125	0.00430	0.00391	0.00375	0.00643
21	0.00906	0.05150	0.24989	0.10319	0.14208	0.03961	0.05331	0.01219	0.03613	0.03090	0.02208	0.00960	0.00648	0.00379	0.00384	0.00110	0.01848	0.00320	0.00213	0.20145

[dist]
# distance from previous block
# <min> <max>
3	7

[block]
# block no. 7 follows, 67 sequences, length 12
# corresponding to MSA columns:
# 507-518
name=unknown_H
#
# <colnr> <probs for GDERKNQSTAVLIFYWHMCP>
#	G	D	E	R	K	N	Q	S	T	A	V	L	I	F	Y	W	H	M	C	P
0	0.74670	0.00739	0.00614	0.03773	0.00837	0.00846	0.00453	0.01120	0.00686	0.01669	0.00625	0.00814	0.00519	0.05416	0.02672	0.00152	0.00344	0.00250	0.00244	0.03559
1	0.00886	0.00831	0.02739	0.08807	0.30145	0.04415	0.02738	0.04892	0.03874	0.01166	0.00910	0.01425	0.00853	0.21913	0.03182	0.00208	0.08676	0.00416	0.01441	0.00482
2	0.00553	0.00432	0.00503	0.00500	0.00614	0.00396	0.00383	0.00737	0.04607	0.01300	0.31959	0.05548	0.38083	0.03276	0.00523	0.00145	0.00227	0.09450	0.00395	0.00366
3	0.02723	0.16388	0.02444	0.03404	0.08143	0.13532	0.13216	0.02677	0.06979	0.02219	0.01011	0.11156	0.02061	0.02228	0.00515	0.00132	0.08743	0.01691	0.00243	0.00493
4	0.00608	0.00400	0.00513	0.00542	0.00619	0.00366	0.00391	0.00708	0.00883	0.06655	0.17427	0.41480	0.15970	0.02612	0.00559	0.03301	0.00243	0.05985	0.00384	0.00357
5	0.00654	0.00530	0.00699	0.02635	0.00720	0.00630	0.00489	0.00730	0.00678	0.00959	0.07280	0.07549	0.05143	0.32481	0.13005	0.00311	0.22749	0.00551	0.01870	0.00338
6	0.00734	0.05610	0.00976	0.00814	0.00873	0.00876	0.00667	0.00853	0.00676	0.00990	0.05556	0.01356	0.03240	0.01647	0.35389	0.00360	0.38356	0.00411	0.00212	0.00404
7	0.04909	0.01020	0.01098	0.00858	0.01152	0.01121	0.00702	0.64950	0.05652	0.06065	0.05794	0.01146	0.00909	0.02224	0.00433	0.00127	0.00410	0.00387	0.00399	0.00643
8	0.00929	0.02710	0.00603	0.01731	0.00681	0.00504	0.00407	0.04251	0.02557	0.15217	0.07830	0.10191	0.01367	0.00583	0.00365	0.00112	0.01610	0.00481	0.47426	0.00444
9	0.08262	0.01065	0.06342	0.22911	0.26456	0.11167	0.07565	0.04849	0.00931	0.02554	0.00755	0.02316	0.00607	0.00405	0.00407	0.00125	0.02184	0.00352	0.00213	0.00533
10	0.02322	0.11973	0.02878	0.03027	0.12089	0.15067	0.02840	0.16129	0.19274	0.05897	0.00987	0.01033	0.00755	0.00446	0.00391	0.00118	0.01968	0.00347	0.01874	0.00584
11	0.02222	0.04541	0.10649	0.09178	0.10761	0.00684	0.02319	0.04092	0.00888	0.03187	0.03583	0.09270	0.18878	0.01963	0.05645	0.01440	0.00418	0.00525	0.00272	0.09486

[dist]
# distance from previous block
# <min> <max>
4	6

[block]
# block no. 8 follows, 67 sequences, length 9
# corresponding to MSA columns:
# 526-534
name=unknown_I
#
# <colnr> <probs for GDERKNQSTAVLIFYWHMCP>
#	G	D	E	R	K	N	Q	S	T	A	V	L	I	F	Y	W	H	M	C	P
0	0.00504	0.00360	0.00456	0.00526	0.00554	0.00338	0.00345	0.00564	0.00747	0.00986	0.02189	0.65193	0.08590	0.15734	0.00771	0.00199	0.00257	0.01022	0.00350	0.00313
1	0.07205	0.03342	0.08787	0.03603	0.14959	0.05651	0.06717	0.08056	0.06219	0.07767	0.01169	0.07813	0.05021	0.01872	0.06182	0.00166	0.02661	0.00442	0.00277	0.02092
2	0.03031	0.06938	0.05543	0.24459	0.11274	0.03011	0.00874	0.08681	0.06053	0.03442	0.00796	0.00967	0.00621	0.00401	0.00405	0.00113	0.04251	0.00321	0.00237	0.18584
3	0.00531	0.00378	0.00462	0.00500	0.00531	0.00366	0.00324	0.00583	0.00702	0.00927	0.01961	0.36821	0.11365	0.34551	0.07913	0.00287	0.00359	0.00830	0.00309	0.00297
4	0.00657	0.00580	0.00587	0.00634	0.00705	0.10329	0.00456	0.00805	0.05155	0.01098	0.06151	0.52329	0.06295	0.03205	0.00528	0.00159	0.00310	0.09298	0.00354	0.00364
5	0.00828	0.12961	0.08255	0.02953	0.02330	0.11797	0.00637	0.02401	0.04143	0.01029	0.01148	0.11979	0.03133	0.14044	0.18275	0.00273	0.02673	0.00482	0.00241	0.00419
6	0.03446	0.00725	0.05959	0.06688	0.13748	0.00670	0.09994	0.02637	0.04520	0.01133	0.03153	0.11868	0.02868	0.27410	0.03276	0.00228	0.00445	0.00553	0.00256	0.00424
7	0.00668	0.00441	0.00584	0.05019	0.00758	0.00444	0.00451	0.02788	0.00829	0.07421	0.01943	0.59846	0.04000	0.01037	0.00511	0.00151	0.04127	0.00916	0.07686	0.00378
8	0.01014	0.06241	0.34164	0.01172	0.03707	0.02569	0.19033	0.07467	0.02679	0.09492	0.00946	0.03003	0.00740	0.00449	0.00425	0.00129	0.01916	0.04033	0.00247	0.00573

[dist]
# distance from previous block
# <min> <max>
0	1

[block]
# block no. 9 follows, 67 sequences, length 13
# corresponding to MSA columns:
# 536-548
name=unknown_J
#
# <colnr> <probs for GDERKNQSTAVLIFYWHMCP>
#	G	D	E	R	K	N	Q	S	T	A	V	L	I	F	Y	W	H	M	C	P
0	0.01070	0.12206	0.07704	0.03228	0.38143	0.07972	0.06732	0.07333	0.00976	0.03636	0.00776	0.02652	0.00646	0.00411	0.00430	0.00119	0.04816	0.00351	0.00220	0.00581
1	0.01021	0.00909	0.00936	0.00875	0.04010	0.17580	0.04423	0.08390	0.08963	0.08120	0.02707	0.24147	0.02907	0.00809	0.03953	0.00156	0.06084	0.00587	0.02946	0.00478
2	0.25529	0.23888	0.01273	0.00919	0.10376	0.13853	0.00686	0.10731	0.00961	0.01441	0.00672	0.00781	0.00551	0.00394	0.00329	0.00109	0.02349	0.00266	0.04385	0.00510
3	0.00795	0.00769	0.01176	0.69327	0.07552	0.04799	0.01047	0.01042	0.00831	0.01051	0.00881	0.01183	0.04734	0.00427	0.00400	0.00129	0.00517	0.00374	0.00192	0.02775
4	0.03258	0.00441	0.00520	0.00503	0.00626	0.00396	0.00371	0.00807	0.00936	0.11988	0.19176	0.19981	0.33249	0.05242	0.00545	0.00150	0.00237	0.00792	0.00392	0.00387
5	0.02811	0.08186	0.10379	0.11038	0.19665	0.10425	0.12366	0.05540	0.07682	0.01302	0.03206	0.01026	0.00718	0.00415	0.00424	0.00123	0.03556	0.00360	0.00227	0.00550
6	0.00534	0.00382	0.00497	0.00556	0.00598	0.00369	0.00391	0.00620	0.00776	0.01033	0.06314	0.46631	0.06827	0.15460	0.06660	0.00234	0.00331	0.11122	0.00343	0.00323
7	0.00899	0.03944	0.02377	0.03264	0.12077	0.04172	0.08700	0.03121	0.07414	0.01152	0.02140	0.02663	0.03203	0.02111	0.07583	0.00191	0.33872	0.00408	0.00224	0.00487
8	0.01649	0.00620	0.01537	0.07281	0.02515	0.05703	0.02564	0.02111	0.03825	0.02570	0.05604	0.15451	0.12109	0.04921	0.19723	0.00266	0.04443	0.03379	0.03332	0.00398
9	0.00690	0.00566	0.00683	0.00644	0.00683	0.02687	0.00465	0.03648	0.02207	0.00969	0.01364	0.13224	0.06308	0.36088	0.09620	0.00301	0.18660	0.00590	0.00259	0.00342
10	0.00951	0.01409	0.39425	0.01042	0.01406	0.00847	0.04869	0.02993	0.01020	0.01453	0.09221	0.01971	0.12360	0.03558	0.15099	0.00268	0.00653	0.00531	0.00321	0.00605
11	0.02826	0.28513	0.01458	0.02898	0.01187	0.06222	0.02378	0.37207	0.08435	0.01739	0.00884	0.02962	0.00704	0.00450	0.00355	0.00111	0.00443	0.00334	0.00303	0.00589
12	0.01173	0.16197	0.11462	0.04213	0.09599	0.06198	0.06883	0.20527	0.05326	0.08299	0.00901	0.01047	0.00702	0.05188	0.00468	0.00132	0.00482	0.00349	0.00276	0.00577

[dist]
# distance from previous block
# <min> <max>
1	12

[block]
# block no. 10 follows, 67 sequences, length 12
# corresponding to MSA columns:
# 562-573
name=unknown_K
#
# <colnr> <probs for GDERKNQSTAVLIFYWHMCP>
#	G	D	E	R	K	N	Q	S	T	A	V	L	I	F	Y	W	H	M	C	P
0	0.00922	0.03344	0.02199	0.00843	0.08648	0.06220	0.00599	0.07671	0.14828	0.07936	0.13597	0.10435	0.12647	0.02301	0.00494	0.02516	0.00341	0.03614	0.00356	0.00489
1	0.03901	0.00792	0.04448	0.01970	0.06832	0.04220	0.02487	0.14960	0.02706	0.14697	0.01473	0.17610	0.06362	0.03087	0.00528	0.04780	0.00375	0.03388	0.00338	0.05044
2	0.02524	0.07284	0.10140	0.01721	0.41388	0.04479	0.08496	0.04412	0.05714	0.07019	0.00848	0.00994	0.00662	0.00384	0.00388	0.00119	0.00488	0.00351	0.00236	0.02354
3	0.02311	0.30471	0.02817	0.00731	0.01933	0.03961	0.03310	0.02500	0.02697	0.04300	0.03790	0.25114	0.03429	0.00723	0.01536	0.00131	0.04356	0.02501	0.01769	0.01619
4	0.00510	0.00406	0.00454	0.00452	0.00565	0.00355	0.00337	0.00634	0.00957	0.01220	0.25992	0.07397	0.51703	0.04131	0.00536	0.00145	0.00213	0.03260	0.00387	0.00347
5	0.00938	0.03141	0.02848	0.00834	0.07836	0.04492	0.00617	0.08993	0.05633	0.02699	0.02248	0.05369	0.04285	0.00445	0.00379	0.00093	0.02930	0.00359	0.00273	0.45587
6	0.03629	0.00904	0.06624	0.05119	0.18426	0.00839	0.05373	0.11605	0.11208	0.08049	0.03628	0.02541	0.03021	0.00538	0.02165	0.00132	0.00425	0.04227	0.00300	0.11247
7	0.00879	0.00715	0.00839	0.00617	0.00936	0.00581	0.00489	0.04857	0.00868	0.03794	0.00781	0.00972	0.00664	0.05895	0.00450	0.00089	0.02880	0.00274	0.00252	0.73167
8	0.03554	0.00843	0.04887	0.03402	0.04109	0.03389	0.03691	0.17195	0.09359	0.06366	0.08024	0.01523	0.03902	0.06908	0.07776	0.01974	0.08002	0.01325	0.03268	0.00503
9	0.02686	0.02091	0.09755	0.00873	0.07435	0.02570	0.02232	0.09715	0.08217	0.06185	0.06155	0.08416	0.04639	0.00513	0.00381	0.00108	0.00365	0.00432	0.00302	0.26931
10	0.00896	0.00753	0.04130	0.07733	0.03495	0.02374	0.00648	0.16472	0.03437	0.03986	0.01109	0.06974	0.02095	0.06939	0.22846	0.00275	0.01529	0.01375	0.00279	0.12655
11	0.03992	0.03433	0.06130	0.02737	0.07557	0.25646	0.12436	0.12027	0.02382	0.03875	0.05295	0.02890	0.00821	0.00463	0.00443	0.00120	0.05274	0.00372	0.02089	0.02017

[dist]
# distance from previous block
# <min> <max>
0	128

[block]
# block no. 11 follows, 67 sequences, length 25
# corresponding to MSA columns:
# 709-733
name=unknown_L
#
# <colnr> <probs for GDERKNQSTAVLIFYWHMCP>
#	G	D	E	R	K	N	Q	S	T	A	V	L	I	F	Y	W	H	M	C	P
0	0.04844	0.00891	0.04551	0.05187	0.26337	0.02692	0.08884	0.10445	0.04033	0.03483	0.01250	0.11089	0.07344	0.00576	0.01477	0.00133	0.01529	0.00488	0.00273	0.04493
1	0.03093	0.01989	0.02850	0.03868	0.13940	0.03052	0.04596	0.06391	0.04366	0.06844	0.07485	0.06926	0.16290	0.08765	0.00570	0.00148	0.00367	0.00536	0.00308	0.07617
2	0.07389	0.04263	0.07929	0.07921	0.13338	0.07887	0.04090	0.07674	0.03479	0.03156	0.00936	0.03572	0.02062	0.00523	0.02303	0.00129	0.03455	0.04507	0.00250	0.15135
3	0.00997	0.00724	0.00874	0.04652	0.01050	0.00606	0.00539	0.07704	0.00966	0.12399	0.03406	0.03135	0.00801	0.00384	0.00335	0.00081	0.00321	0.00313	0.00292	0.60419
4	0.01091	0.05493	0.00931	0.00702	0.00928	0.01821	0.02864	0.25962	0.01316	0.14134	0.27664	0.01982	0.10756	0.00638	0.00424	0.00122	0.00325	0.00531	0.01790	0.00526
5	0.00566	0.00407	0.00554	0.00582	0.00632	0.00393	0.03034	0.00667	0.02833	0.02243	0.06032	0.52242	0.04723	0.15631	0.04275	0.02183	0.00314	0.02017	0.00340	0.00333
6	0.01647	0.00882	0.01049	0.00809	0.01121	0.00892	0.00667	0.36935	0.04763	0.44941	0.01314	0.01195	0.00866	0.00492	0.00403	0.00123	0.00384	0.00387	0.00451	0.00680
7	0.00535	0.00378	0.00466	0.00511	0.00561	0.00351	0.00344	0.00606	0.00781	0.02755	0.05307	0.48533	0.17692	0.16356	0.02729	0.00207	0.00275	0.00938	0.00351	0.00324
8	0.00562	0.00410	0.00528	0.00498	0.00596	0.00376	0.00374	0.00745	0.01121	0.01575	0.78211	0.03050	0.08786	0.00832	0.00473	0.00127	0.00190	0.00733	0.00437	0.00376
9	0.00732	0.00377	0.00388	0.00385	0.00479	0.00374	0.00289	0.00919	0.00867	0.01505	0.08462	0.01626	0.01269	0.00498	0.00297	0.00096	0.00187	0.00405	0.80471	0.00374
10	0.88738	0.00776	0.00589	0.00527	0.00776	0.00900	0.00434	0.01179	0.00683	0.01799	0.00558	0.00651	0.00434	0.00372	0.00248	0.00124	0.00310	0.00217	0.00248	0.00434
11	0.00860	0.00730	0.00847	0.00607	0.00962	0.00563	0.00487	0.04304	0.00874	0.01356	0.00723	0.00837	0.00598	0.00305	0.00301	0.00062	0.00303	0.00243	0.00244	0.84794
12	0.02129	0.37159	0.39144	0.00899	0.01347	0.01191	0.01036	0.04520	0.00876	0.03024	0.00686	0.00789	0.00540	0.00421	0.01995	0.00118	0.00509	0.00267	0.00191	0.03160
13	0.58021	0.03254	0.03218	0.03982	0.00996	0.04330	0.00572	0.14884	0.00930	0.03305	0.00663	0.00747	0.00502	0.00393	0.00293	0.00120	0.00370	0.00255	0.00269	0.02895
14	0.00576	0.00419	0.00589	0.00589	0.00642	0.00471	0.00432	0.00681	0.00628	0.00890	0.01125	0.01856	0.01124	0.25191	0.62300	0.00576	0.00891	0.00471	0.00222	0.00327
15	0.00505	0.00406	0.00450	0.00443	0.00562	0.00351	0.00331	0.00634	0.00981	0.01251	0.29607	0.06375	0.54773	0.00961	0.00475	0.00133	0.00200	0.00817	0.00395	0.00351
16	0.03037	0.16858	0.09012	0.03451	0.02919	0.08856	0.00786	0.23726	0.09200	0.16812	0.00993	0.00995	0.00720	0.00442	0.00367	0.00116	0.00450	0.00332	0.00323	0.00605
17	0.00892	0.05722	0.00864	0.00721	0.00883	0.03606	0.00569	0.05780	0.24971	0.06277	0.01246	0.03232	0.01053	0.05348	0.34023	0.00345	0.01892	0.00433	0.01657	0.00486
18	0.00551	0.00411	0.00513	0.00500	0.00602	0.00374	0.00381	0.00717	0.01063	0.01450	0.58140	0.05258	0.21200	0.00894	0.00480	0.00133	0.00206	0.06338	0.00420	0.00368
19	0.01585	0.00855	0.01008	0.00783	0.01080	0.00866	0.00644	0.35822	0.04226	0.41021	0.01303	0.01208	0.00871	0.00490	0.00394	0.00121	0.00373	0.00385	0.06304	0.00660
20	0.88738	0.00776	0.00589	0.00527	0.00776	0.00900	0.00434	0.01179	0.00683	0.01799	0.00558	0.00651	0.00434	0.00372	0.00248	0.00124	0.00310	0.00217	0.00248	0.00434
21	0.04051	0.01786	0.05462	0.05514	0.09387	0.04553	0.00693	0.03916	0.04017	0.18060	0.03315	0.01102	0.00805	0.00404	0.00356	0.00099	0.00378	0.01501	0.00297	0.34302
22	0.00909	0.00837	0.01331	0.14215	0.48992	0.00837	0.01016	0.03420	0.00910	0.01285	0.00932	0.02831	0.03243	0.00426	0.00393	0.00116	0.00439	0.03635	0.00223	0.14010
23	0.02339	0.14887	0.02109	0.00782	0.00940	0.05035	0.06357	0.00990	0.03768	0.02559	0.03472	0.06873	0.05883	0.06763	0.20072	0.00266	0.13783	0.00456	0.00241	0.02424
24	0.10051	0.26637	0.02022	0.01769	0.02445	0.04199	0.00561	0.05926	0.00861	0.02720	0.02321	0.20569	0.04070	0.05836	0.06596	0.00176	0.00419	0.02113	0.00270	0.00438

[dist]
# distance from previous block
# <min> <max>
0	15

[block]
# block no. 12 follows, 67 sequences, length 23
# corresponding to MSA columns:
# 749-771
name=unknown_M
#
# <colnr> <probs for GDERKNQSTAVLIFYWHMCP>
#	G	D	E	R	K	N	Q	S	T	A	V	L	I	F	Y	W	H	M	C	P
0	0.01719	0.06090	0.05367	0.02267	0.11247	0.18551	0.02605	0.05778	0.03033	0.01207	0.05005	0.27097	0.02802	0.02091	0.00448	0.00133	0.00431	0.01490	0.00285	0.02351
1	0.06257	0.20923	0.16854	0.00949	0.03854	0.09962	0.05701	0.09061	0.06964	0.06100	0.01761	0.04124	0.00759	0.00507	0.02183	0.00129	0.01868	0.01246	0.00254	0.00544
2	0.00946	0.08218	0.02015	0.03578	0.04162	0.03000	0.56690	0.01262	0.03731	0.02656	0.05280	0.02438	0.00837	0.00466	0.02758	0.00144	0.00607	0.00460	0.00227	0.00526
3	0.76760	0.00808	0.03037	0.00568	0.00831	0.00878	0.00483	0.01270	0.02937	0.08433	0.00675	0.00738	0.00503	0.00387	0.00269	0.00125	0.00321	0.00241	0.00270	0.00464
4	0.00881	0.03949	0.16355	0.00890	0.06828	0.02949	0.04382	0.01120	0.00857	0.02306	0.00724	0.00854	0.00582	0.00326	0.00329	0.00082	0.00398	0.00269	0.00221	0.55699
5	0.00528	0.00417	0.00477	0.00464	0.00580	0.00371	0.00347	0.00691	0.02930	0.01325	0.38517	0.06221	0.43840	0.00927	0.00473	0.00132	0.00201	0.00794	0.00403	0.00363
6	0.30762	0.05149	0.04473	0.02723	0.12815	0.02593	0.01879	0.10063	0.07908	0.09597	0.00957	0.05875	0.00779	0.00468	0.00348	0.00125	0.00382	0.01136	0.01430	0.00536
7	0.88738	0.00776	0.00589	0.00527	0.00776	0.00900	0.00434	0.01179	0.00683	0.01799	0.00558	0.00651	0.00434	0.00372	0.00248	0.00124	0.00310	0.00217	0.00248	0.00434
8	0.00502	0.00368	0.00478	0.00547	0.00592	0.00347	0.00379	0.00587	0.00790	0.01044	0.05007	0.63066	0.12460	0.02713	0.06727	0.00198	0.00296	0.03207	0.00361	0.00331
9	0.00494	0.00353	0.00472	0.00565	0.00591	0.00331	0.00382	0.00568	0.00773	0.01030	0.02207	0.82776	0.02640	0.01251	0.00513	0.00164	0.00238	0.03953	0.00372	0.00327
