[name]
unknown

[dist]
# distance from previous block
# <min> <max>
0	69

[block]
# block no. 0 follows, 61 sequences, length 6
# corresponding to MSA columns:
# 101-106
name=unknown_A
#
# <colnr> <probs for GDERKNQSTAVLIFYWHMCP>
#	G	D	E	R	K	N	Q	S	T	A	V	L	I	F	Y	W	H	M	C	P
0	0.05433	0.14942	0.05337	0.04472	0.17325	0.04210	0.02120	0.12045	0.07368	0.07096	0.01067	0.07894	0.00918	0.00525	0.00418	0.00128	0.01793	0.01683	0.00298	0.04928
1	0.02989	0.00945	0.01309	0.01090	0.03823	0.03414	0.17609	0.13498	0.21329	0.07031	0.02998	0.08767	0.03785	0.00606	0.00509	0.00143	0.05142	0.00533	0.03884	0.00593
2	0.00582	0.00463	0.00662	0.00659	0.00745	0.00428	0.06921	0.00691	0.00876	0.01143	0.05859	0.47013	0.18419	0.09376	0.00699	0.00190	0.00303	0.04230	0.00374	0.00367
3	0.00911	0.00732	0.00904	0.03723	0.04976	0.00603	0.00566	0.03326	0.00924	0.04729	0.01015	0.10177	0.00939	0.03992	0.00440	0.00101	0.00340	0.00399	0.00283	0.60918
4	0.02416	0.00602	0.02166	0.00615	0.00762	0.00569	0.00461	0.08027	0.04638	0.11575	0.16957	0.09118	0.08863	0.24308	0.02415	0.00225	0.00349	0.00646	0.02598	0.02690
5	0.01119	0.02955	0.03510	0.01114	0.04636	0.07769	0.08328	0.07766	0.14326	0.07055	0.05246	0.01268	0.00965	0.00757	0.05883	0.00185	0.25831	0.00426	0.00297	0.00564

[dist]
# distance from previous block
# <min> <max>
0	1

[block]
# block no. 1 follows, 61 sequences, length 22
# corresponding to MSA columns:
# 108-129
name=unknown_B
#
# <colnr> <probs for GDERKNQSTAVLIFYWHMCP>
#	G	D	E	R	K	N	Q	S	T	A	V	L	I	F	Y	W	H	M	C	P
0	0.04141	0.07259	0.03198	0.00981	0.01230	0.10978	0.00820	0.30421	0.10469	0.03537	0.00923	0.01015	0.00719	0.00546	0.00625	0.00138	0.19104	0.00363	0.00321	0.03213
1	0.04261	0.05577	0.25407	0.08127	0.22281	0.04324	0.03604	0.06324	0.04229	0.02489	0.02750	0.01094	0.00744	0.02411	0.00449	0.00135	0.00532	0.00365	0.00239	0.04658
2	0.05407	0.11769	0.05710	0.02823	0.04245	0.09609	0.00720	0.04289	0.03329	0.10561	0.01073	0.03589	0.01591	0.08752	0.17049	0.00268	0.06902	0.00415	0.01395	0.00507
3	0.07416	0.00964	0.01097	0.00897	0.01177	0.03406	0.06138	0.23506	0.27207	0.11773	0.01369	0.01349	0.02018	0.00586	0.02243	0.00146	0.00425	0.00429	0.07211	0.00642
4	0.00558	0.00412	0.00571	0.00637	0.00688	0.00395	0.01915	0.00661	0.00850	0.01137	0.05415	0.63003	0.05727	0.01464	0.08143	0.00221	0.00350	0.07106	0.00384	0.00364
5	0.06672	0.06293	0.20639	0.00834	0.01243	0.00862	0.00826	0.06838	0.02856	0.04831	0.00828	0.00940	0.00646	0.00449	0.02016	0.00113	0.03167	0.00298	0.00259	0.39389
6	0.03318	0.00875	0.06667	0.00720	0.01088	0.00666	0.00622	0.02671	0.02541	0.12254	0.02923	0.01042	0.00782	0.00393	0.00384	0.00089	0.03097	0.00307	0.00297	0.59265
7	0.01071	0.03329	0.08086	0.03976	0.07481	0.10073	0.39866	0.06636	0.02787	0.01390	0.00925	0.03836	0.00758	0.02169	0.04073	0.00166	0.00664	0.00460	0.00240	0.02014
8	0.01049	0.17564	0.20275	0.05084	0.20240	0.02137	0.11112	0.01425	0.08011	0.03945	0.00865	0.01025	0.00679	0.00426	0.00450	0.00130	0.04376	0.00364	0.00229	0.00615
9	0.00629	0.00553	0.02633	0.00560	0.00714	0.00497	0.00437	0.00937	0.13292	0.01396	0.22185	0.09109	0.43537	0.00965	0.00498	0.00145	0.00246	0.00821	0.00418	0.00428
10	0.00589	0.00423	0.00512	0.00538	0.00631	0.00376	0.00385	0.00705	0.00973	0.04295	0.18875	0.37518	0.30333	0.01136	0.00523	0.00155	0.00234	0.00997	0.00420	0.00380
11	0.05301	0.54540	0.06427	0.05188	0.07899	0.02863	0.07871	0.01295	0.00891	0.01147	0.00658	0.00806	0.00569	0.00387	0.00355	0.00109	0.02656	0.00284	0.00195	0.00559
12	0.00572	0.00396	0.00519	0.00596	0.00642	0.00367	0.00410	0.00661	0.00870	0.03191	0.07273	0.69273	0.07134	0.02615	0.00570	0.00175	0.00256	0.03713	0.00405	0.00364
13	0.00626	0.00420	0.00481	0.00481	0.00485	0.00424	0.00275	0.00634	0.00630	0.00843	0.01347	0.02763	0.01542	0.80778	0.06243	0.00431	0.00454	0.00618	0.00259	0.00267
14	0.01060	0.01149	0.12067	0.01810	0.35826	0.02466	0.13738	0.03966	0.07082	0.05701	0.01054	0.07683	0.00894	0.00499	0.00477	0.00139	0.03024	0.00470	0.00265	0.00629
15	0.02564	0.09099	0.05922	0.04835	0.01292	0.09123	0.14123	0.03346	0.11256	0.02859	0.18403	0.03698	0.07339	0.02371	0.00485	0.00141	0.00455	0.01842	0.00327	0.00518
16	0.01158	0.00801	0.00882	0.02043	0.00999	0.04491	0.02117	0.13957	0.22339	0.12076	0.04149	0.07351	0.02170	0.00656	0.00486	0.04864	0.00357	0.00497	0.18044	0.00563
17	0.00623	0.00413	0.00476	0.00482	0.00491	0.00408	0.00281	0.00620	0.00653	0.00862	0.01537	0.07574	0.05942	0.69564	0.01969	0.06515	0.00394	0.00659	0.00271	0.00267
18	0.06005	0.12866	0.10453	0.10998	0.16125	0.05733	0.09778	0.09459	0.01047	0.01421	0.01101	0.02653	0.07232	0.01618	0.00433	0.00132	0.00518	0.00413	0.00249	0.01766
19	0.02801	0.13980	0.04102	0.03829	0.08964	0.11739	0.07129	0.14110	0.01072	0.02300	0.00833	0.01096	0.00710	0.04517	0.09409	0.00203	0.11067	0.00369	0.00250	0.01520
20	0.00736	0.01137	0.28134	0.00984	0.06870	0.00723	0.03505	0.01028	0.02839	0.01303	0.07706	0.08348	0.25441	0.00768	0.00524	0.00147	0.04951	0.04054	0.00303	0.00501
21	0.00560	0.00486	0.04961	0.00627	0.00687	0.00405	0.00460	0.00656	0.00800	0.01081	0.02101	0.66136	0.02473	0.09681	0.06518	0.00233	0.00351	0.01063	0.00362	0.00359

[dist]
# distance from previous block
# <min> <max>
3	24

[block]
# block no. 2 follows, 61 sequences, length 57
# corresponding to MSA columns:
# 154-210
name=unknown_C
#
# <colnr> <probs for GDERKNQSTAVLIFYWHMCP>
#	G	D	E	R	K	N	Q	S	T	A	V	L	I	F	Y	W	H	M	C	P
0	0.05308	0.23220	0.19287	0.01023	0.05312	0.09492	0.05880	0.04284	0.04973	0.03517	0.04373	0.02671	0.05164	0.00483	0.00384	0.00121	0.00504	0.00381	0.00256	0.03367
1	0.00527	0.00378	0.00501	0.00595	0.00625	0.00352	0.00399	0.00607	0.00840	0.01121	0.04972	0.80382	0.04444	0.01329	0.00548	0.00173	0.00248	0.01204	0.00402	0.00352
2	0.01046	0.02365	0.11122	0.04963	0.05429	0.04274	0.21600	0.12959	0.02421	0.03399	0.01096	0.12563	0.00987	0.00580	0.00529	0.00142	0.06713	0.01711	0.00282	0.05818
3	0.02921	0.14667	0.25268	0.01259	0.09871	0.02333	0.10252	0.17475	0.02558	0.08057	0.00899	0.00996	0.00664	0.00430	0.00405	0.00128	0.00543	0.00357	0.00275	0.00644
4	0.00941	0.09950	0.04819	0.03232	0.02675	0.00930	0.13542	0.06003	0.04026	0.04579	0.03426	0.06791	0.02899	0.11294	0.03457	0.00202	0.11458	0.08992	0.00289	0.00495
5	0.00522	0.00437	0.00454	0.00450	0.00590	0.00369	0.00337	0.00643	0.01012	0.01236	0.14344	0.04026	0.71974	0.01064	0.00509	0.00144	0.00216	0.00892	0.00410	0.00369
6	0.01018	0.01158	0.02519	0.01839	0.04557	0.01087	0.78323	0.01378	0.01016	0.01381	0.00870	0.01159	0.00654	0.00364	0.00506	0.00145	0.00720	0.00505	0.00218	0.00584
7	0.02272	0.06505	0.09632	0.01106	0.08875	0.04309	0.08551	0.17334	0.06687	0.11806	0.08637	0.04978	0.06254	0.00575	0.00440	0.00133	0.00456	0.00491	0.00352	0.00607
8	0.00610	0.00440	0.00576	0.00542	0.00644	0.00406	0.00406	0.00813	0.01219	0.01727	0.81947	0.03218	0.04064	0.00881	0.00508	0.00135	0.00203	0.00779	0.00474	0.00406
9	0.01066	0.01023	0.01748	0.02644	0.82174	0.01023	0.01322	0.01322	0.00981	0.01407	0.00810	0.01066	0.00682	0.00384	0.00426	0.00128	0.00512	0.00384	0.00213	0.00682
10	0.29191	0.01005	0.02715	0.02718	0.03132	0.01083	0.00705	0.31152	0.11580	0.11113	0.01044	0.01049	0.00750	0.00482	0.00379	0.00134	0.00407	0.00354	0.00375	0.00632
11	0.01108	0.53671	0.10897	0.02576	0.01237	0.04256	0.02666	0.06534	0.00960	0.01201	0.00769	0.04818	0.00695	0.00453	0.00373	0.00111	0.03790	0.00321	0.03011	0.00553
12	0.00525	0.00375	0.00500	0.00600	0.00625	0.00350	0.00400	0.00600	0.00825	0.01100	0.02374	0.84580	0.02849	0.01350	0.00550	0.00175	0.00250	0.01225	0.00400	0.00350
13	0.00618	0.00450	0.00632	0.00632	0.00688	0.00506	0.00463	0.00730	0.00674	0.00955	0.01209	0.01998	0.01210	0.25363	0.61203	0.00618	0.00954	0.00506	0.00239	0.00351
14	0.01430	0.14758	0.07760	0.02109	0.03419	0.57563	0.02731	0.01587	0.01117	0.01089	0.00671	0.00798	0.00560	0.00433	0.00398	0.00113	0.02443	0.00285	0.00212	0.00524
15	0.00813	0.00766	0.01292	0.83826	0.02967	0.00957	0.01196	0.01101	0.00861	0.01101	0.00766	0.01148	0.00574	0.00431	0.00431	0.00144	0.00574	0.00383	0.00191	0.00479
16	0.01174	0.53128	0.15241	0.00954	0.02705	0.12809	0.04726	0.01381	0.00943	0.02516	0.00672	0.00781	0.00568	0.00388	0.00330	0.00106	0.00545	0.00271	0.00197	0.00566
17	0.00616	0.00460	0.00687	0.00687	0.00762	0.00536	0.00532	0.00766	0.00691	0.00996	0.01159	0.01719	0.01088	0.05159	0.81242	0.00686	0.01136	0.00465	0.00231	0.00382
18	0.00733	0.00569	0.02240	0.00618	0.00758	0.01855	0.00470	0.03242	0.08226	0.06726	0.05183	0.33688	0.28520	0.01049	0.00506	0.00154	0.00282	0.03040	0.00406	0.01735
19	0.02886	0.03187	0.14429	0.01177	0.14192	0.03818	0.00925	0.13290	0.04852	0.32026	0.01235	0.02428	0.00869	0.00491	0.00419	0.00131	0.00459	0.00400	0.02107	0.00678
20	0.01933	0.00733	0.01000	0.00766	0.01100	0.00633	0.00633	0.02099	0.01233	0.82473	0.01699	0.01466	0.01066	0.00533	0.00433	0.00133	0.00367	0.00433	0.00533	0.00733
21	0.00632	0.00415	0.00474	0.00474	0.00474	0.00415	0.00267	0.00623	0.00623	0.00831	0.01328	0.02745	0.01526	0.80800	0.02168	0.04659	0.00415	0.00614	0.00257	0.00257
22	0.17745	0.44623	0.02864	0.00838	0.02687	0.17816	0.00734	0.06120	0.00989	0.01311	0.00645	0.00741	0.00550	0.00399	0.00311	0.00107	0.00504	0.00254	0.00223	0.00540
23	0.01426	0.20191	0.03690	0.00966	0.01280	0.23169	0.02377	0.30403	0.07476	0.01734	0.00891	0.00944	0.00691	0.00463	0.00384	0.00117	0.00545	0.00331	0.02307	0.00613
24	0.01165	0.52238	0.10023	0.00852	0.01222	0.08144	0.03439	0.02761	0.04061	0.04535	0.01871	0.00886	0.00677	0.01664	0.00356	0.00108	0.00493	0.00288	0.00226	0.04989
25	0.01043	0.27976	0.17896	0.03131	0.02640	0.06243	0.00851	0.05124	0.03271	0.05675	0.02444	0.07587	0.07831	0.02231	0.00422	0.00127	0.00465	0.00434	0.00269	0.04340
26	0.01086	0.01077	0.01679	0.08406	0.70819	0.06736	0.01279	0.01334	0.00989	0.01361	0.00797	0.01052	0.00666	0.00391	0.00424	0.00128	0.00535	0.00376	0.00212	0.00655
27	0.00806	0.00755	0.01271	0.81582	0.02904	0.00941	0.01175	0.01087	0.00860	0.01101	0.00809	0.03398	0.00636	0.00455	0.00434	0.00144	0.00565	0.00406	0.00197	0.00475
28	0.00855	0.03061	0.09120	0.00700	0.00885	0.00670	0.00593	0.04729	0.13671	0.06148	0.14602	0.04398	0.06628	0.22507	0.00914	0.00215	0.00373	0.07547	0.01916	0.00469
29	0.04407	0.00746	0.00995	0.00765	0.01097	0.00657	0.00632	0.03700	0.01235	0.78501	0.01654	0.01435	0.01042	0.00529	0.00428	0.00133	0.00368	0.00426	0.00523	0.00725
30	0.00615	0.00462	0.00692	0.00692	0.00769	0.00538	0.00538	0.00769	0.00692	0.01000	0.01154	0.01692	0.01077	0.03231	0.83154	0.00692	0.01154	0.00462	0.00231	0.00385
31	0.01070	0.00511	0.00609	0.00536	0.00701	0.00481	0.00418	0.02820	0.01075	0.22451	0.18008	0.01890	0.01695	0.00588	0.00380	0.00117	0.00249	0.00487	0.45422	0.00494
32	0.01074	0.00613	0.00680	0.00587	0.00777	0.00610	0.00463	0.14438	0.03682	0.14681	0.06994	0.01981	0.13660	0.00627	0.00393	0.00121	0.00280	0.00509	0.37317	0.00513
33	0.00813	0.00766	0.01292	0.83826	0.02967	0.00957	0.01196	0.01101	0.00861	0.01101	0.00766	0.01148	0.00574	0.00431	0.00431	0.00144	0.00574	0.00383	0.00191	0.00479
34	0.00748	0.00374	0.00561	0.00561	0.00561	0.00374	0.00374	0.00561	0.00561	0.00748	0.00748	0.01309	0.00748	0.01496	0.01684	0.87467	0.00374	0.00374	0.00187	0.00187
35	0.01460	0.01118	0.01193	0.00955	0.01268	0.01253	0.00776	0.56146	0.26907	0.02429	0.01260	0.01214	0.00915	0.00538	0.00433	0.00135	0.00432	0.00419	0.00433	0.00717
36	0.00989	0.00822	0.00945	0.00683	0.01061	0.00672	0.00550	0.11327	0.01039	0.01572	0.00800	0.00911	0.00650	0.00344	0.00333	0.00072	0.00339	0.00272	0.00278	0.76338
37	0.01716	0.01034	0.01182	0.00905	0.01247	0.01077	0.00747	0.51923	0.01725	0.29572	0.01251	0.01176	0.00842	0.00517	0.00428	0.00129	0.00433	0.00399	0.00460	0.03235
38	0.00813	0.00766	0.01292	0.83826	0.02967	0.00957	0.01196	0.01101	0.00861	0.01101	0.00766	0.01148	0.00574	0.00431	0.00431	0.00144	0.00574	0.00383	0.00191	0.00479
39	0.01886	0.00808	0.01046	0.00802	0.01137	0.00744	0.00662	0.14460	0.01357	0.69936	0.01595	0.01398	0.01014	0.00531	0.00433	0.00133	0.00383	0.00426	0.00517	0.00733
40	0.00604	0.00463	0.00562	0.00600	0.00685	0.00450	0.00428	0.00843	0.10487	0.01298	0.15421	0.47110	0.15702	0.01138	0.00524	0.00161	0.00251	0.02456	0.00416	0.00402
41	0.03223	0.00787	0.00997	0.00773	0.01090	0.00735	0.00636	0.14740	0.01329	0.62297	0.01552	0.01394	0.01005	0.00526	0.00420	0.00130	0.00371	0.00420	0.06870	0.00704
42	0.00615	0.00462	0.00692	0.00692	0.00769	0.00538	0.00538	0.00769	0.00692	0.01000	0.01154	0.01692	0.01077	0.03231	0.83154	0.00692	0.01154	0.00462	0.00231	0.00385
43	0.09845	0.00963	0.01083	0.00855	0.01175	0.01012	0.00700	0.34628	0.11725	0.31520	0.01326	0.01233	0.00903	0.00520	0.00417	0.00133	0.00405	0.00402	0.00453	0.00701
44	0.01556	0.01187	0.03419	0.00960	0.01293	0.02881	0.00804	0.67486	0.05692	0.04485	0.01088	0.01091	0.00778	0.00516	0.00424	0.00129	0.00462	0.00390	0.04653	0.00707
45	0.00533	0.00380	0.00503	0.00593	0.00622	0.00355	0.00397	0.00613	0.00842	0.01129	0.07001	0.77631	0.02886	0.03559	0.00591	0.00179	0.00252	0.01182	0.00400	0.00351
46	0.00614	0.00412	0.00473	0.00486	0.00489	0.00409	0.00278	0.00623	0.00651	0.00867	0.01481	0.12766	0.01722	0.74702	0.01993	0.00388	0.00397	0.00699	0.00278	0.00272
47	0.02946	0.00931	0.01075	0.00839	0.01158	0.02905	0.00688	0.31078	0.04395	0.42659	0.01399	0.01291	0.00933	0.00523	0.00422	0.00130	0.00406	0.00410	0.05106	0.00704
48	0.01209	0.01150	0.07654	0.01098	0.01337	0.03562	0.08099	0.28301	0.06730	0.03409	0.00914	0.01106	0.00729	0.02237	0.04009	0.00178	0.26979	0.00402	0.00301	0.00596
49	0.00583	0.00444	0.00650	0.00671	0.00731	0.00418	0.06442	0.00678	0.00827	0.01108	0.02185	0.62739	0.05071	0.10792	0.00728	0.00198	0.00306	0.02700	0.02369	0.00360
50	0.01016	0.12078	0.24452	0.09558	0.10889	0.02447	0.09252	0.02366	0.04586	0.04632	0.00842	0.01001	0.00648	0.00409	0.00419	0.00123	0.02407	0.00346	0.00230	0.12301
51	0.03191	0.05480	0.24203	0.00865	0.02720	0.00799	0.00860	0.03971	0.00947	0.05745	0.00824	0.00941	0.00641	0.00440	0.02398	0.00110	0.00449	0.00293	0.00251	0.44871
52	0.00570	0.00434	0.00515	0.00504	0.00614	0.00387	0.00372	0.00726	0.01089	0.01458	0.45397	0.08896	0.32439	0.02867	0.00546	0.00148	0.00217	0.00848	0.01590	0.00384
53	0.01004	0.00842	0.01252	0.34522	0.18896	0.04494	0.02779	0.03093	0.04488	0.09154	0.03500	0.10173	0.01039	0.00609	0.02176	0.00152	0.00507	0.00494	0.00279	0.00546
54	0.03211	0.16730	0.22459	0.02638	0.08862	0.13143	0.08929	0.05248	0.04758	0.05439	0.00865	0.02053	0.00678	0.00438	0.00409	0.00126	0.01774	0.00351	0.01295	0.00596
55	0.00621	0.00465	0.00569	0.00606	0.02233	0.00440	0.00431	0.02569	0.04262	0.01376	0.22878	0.31765	0.20708	0.01056	0.00510	0.00153	0.00248	0.04061	0.04649	0.00400
56	0.00540	0.00405	0.00482	0.00531	0.00595	0.00368	0.00363	0.00623	0.00869	0.01116	0.06484	0.43363	0.27831	0.12317	0.00753	0.00196	0.00262	0.02172	0.00385	0.00346

[dist]
# distance from previous block
# <min> <max>
3	37

[block]
# block no. 3 follows, 61 sequences, length 30
# corresponding to MSA columns:
# 248-277
name=unknown_D
#
# <colnr> <probs for GDERKNQSTAVLIFYWHMCP>
#	G	D	E	R	K	N	Q	S	T	A	V	L	I	F	Y	W	H	M	C	P
0	0.01151	0.32275	0.05779	0.01069	0.09428	0.07153	0.06307	0.11842	0.06479	0.02512	0.06760	0.01232	0.04388	0.00482	0.00382	0.00118	0.00477	0.00383	0.01199	0.00583
1	0.02314	0.00995	0.01378	0.06462	0.17295	0.04955	0.12718	0.23537	0.03801	0.01721	0.02537	0.10235	0.04034	0.00580	0.00451	0.00136	0.00485	0.01487	0.02663	0.02215
2	0.01268	0.05454	0.10956	0.15246	0.10684	0.29465	0.01035	0.09884	0.01125	0.03673	0.00770	0.00943	0.00606	0.00460	0.00477	0.00129	0.06690	0.00333	0.00238	0.00565
3	0.00639	0.00451	0.00553	0.00523	0.00646	0.00403	0.00394	0.00809	0.01139	0.05259	0.53365	0.05764	0.26579	0.00939	0.00506	0.00139	0.00216	0.00814	0.00453	0.00407
4	0.00533	0.00381	0.00508	0.00605	0.00634	0.00356	0.00410	0.00615	0.00840	0.01122	0.04363	0.79899	0.02867	0.01332	0.00550	0.00175	0.00254	0.03803	0.00402	0.00353
5	0.00893	0.00456	0.00483	0.00458	0.00581	0.00454	0.00349	0.04522	0.00978	0.06436	0.03538	0.04097	0.01215	0.00540	0.00327	0.00107	0.00224	0.00437	0.73469	0.00434
6	0.00556	0.00438	0.00501	0.00486	0.00611	0.00384	0.00364	0.00709	0.01093	0.01426	0.40534	0.03713	0.45665	0.00993	0.00509	0.00141	0.00211	0.00848	0.00435	0.00384
7	0.87904	0.00833	0.00633	0.00566	0.00833	0.00966	0.00467	0.01266	0.00733	0.01933	0.00600	0.00700	0.00467	0.00400	0.00267	0.00133	0.00333	0.00233	0.00267	0.00467
8	0.82409	0.00827	0.00657	0.00579	0.00850	0.00945	0.00477	0.01319	0.00765	0.07081	0.00670	0.00749	0.00505	0.00408	0.00277	0.00133	0.00335	0.00246	0.00284	0.00484
9	0.87904	0.00833	0.00633	0.00566	0.00833	0.00966	0.00467	0.01266	0.00733	0.01933	0.00600	0.00700	0.00467	0.00400	0.00267	0.00133	0.00333	0.00233	0.00267	0.00467
10	0.01933	0.00733	0.01000	0.00766	0.01100	0.00633	0.00633	0.02099	0.01233	0.82473	0.01699	0.01466	0.01066	0.00533	0.00433	0.00133	0.00367	0.00433	0.00533	0.00733
11	0.61894	0.00850	0.00748	0.00636	0.00910	0.00952	0.00522	0.12682	0.00976	0.09723	0.00818	0.00878	0.00602	0.00436	0.00308	0.00131	0.00348	0.00285	0.05777	0.00526
12	0.49013	0.00951	0.00899	0.00734	0.01034	0.01057	0.00605	0.28648	0.01231	0.10882	0.00867	0.00897	0.00623	0.00454	0.00341	0.00132	0.00385	0.00308	0.00352	0.00587
13	0.00864	0.02228	0.82630	0.01228	0.01864	0.01000	0.01592	0.01364	0.00909	0.01364	0.00773	0.00909	0.00546	0.00409	0.00409	0.00136	0.00637	0.00318	0.00182	0.00637
14	0.00541	0.00389	0.00512	0.00591	0.00629	0.00364	0.00403	0.00632	0.00867	0.01163	0.10798	0.68387	0.05195	0.03663	0.01957	0.00186	0.00267	0.02701	0.00401	0.00355
15	0.00634	0.00466	0.00569	0.00536	0.00659	0.00429	0.00404	0.00857	0.04519	0.03376	0.58509	0.03331	0.22280	0.00910	0.00504	0.00138	0.00216	0.00790	0.00456	0.00415
16	0.27371	0.00835	0.00936	0.00741	0.01056	0.00839	0.00612	0.13798	0.01205	0.46484	0.01272	0.01173	0.00838	0.00491	0.00383	0.00133	0.00373	0.00367	0.00439	0.00654
17	0.00586	0.00410	0.00516	0.00577	0.00638	0.00378	0.00403	0.00676	0.00871	0.03596	0.04312	0.53383	0.17360	0.07856	0.00671	0.00188	0.00270	0.06554	0.00394	0.00362
18	0.25088	0.00882	0.00935	0.00751	0.01050	0.03848	0.00615	0.17066	0.01241	0.37362	0.03693	0.01207	0.00914	0.00500	0.00384	0.00131	0.00383	0.00374	0.02943	0.00633
19	0.01681	0.01192	0.01242	0.00964	0.01299	0.06854	0.00791	0.63131	0.01847	0.14945	0.01112	0.01083	0.00772	0.00515	0.00428	0.00129	0.00478	0.00387	0.00432	0.00717
20	0.00621	0.00461	0.00555	0.00567	0.00680	0.00423	0.00432	0.03123	0.01046	0.02759	0.23246	0.20606	0.31196	0.01078	0.00525	0.00155	0.00255	0.11455	0.00422	0.00394
21	0.00672	0.00438	0.00521	0.00511	0.00546	0.00440	0.00320	0.00708	0.00684	0.04296	0.01535	0.02688	0.06617	0.64466	0.13428	0.00427	0.00507	0.00613	0.00277	0.00305
22	0.01137	0.00703	0.00788	0.00687	0.00896	0.00741	0.00540	0.07440	0.28700	0.16191	0.10045	0.01710	0.01455	0.00577	0.00403	0.00128	0.00299	0.00475	0.26504	0.00582
23	0.04559	0.00771	0.01134	0.19465	0.07849	0.00759	0.07931	0.02525	0.03173	0.05136	0.01040	0.06708	0.00910	0.03631	0.02869	0.00146	0.00455	0.02277	0.02871	0.25788
24	0.01191	0.02477	0.01070	0.00875	0.01101	0.00932	0.04968	0.33350	0.08061	0.08052	0.01497	0.20840	0.01409	0.06130	0.00605	0.00164	0.02592	0.03709	0.00397	0.00577
25	0.00858	0.00813	0.01320	0.27952	0.27129	0.02765	0.07201	0.01087	0.00930	0.01241	0.05134	0.10781	0.06190	0.04111	0.00530	0.00153	0.00488	0.00547	0.00254	0.00517
26	0.01016	0.25256	0.25971	0.01070	0.03055	0.03532	0.10915	0.04228	0.02735	0.03146	0.02842	0.05982	0.01990	0.01905	0.00459	0.00132	0.03252	0.00405	0.00237	0.01873
27	0.00841	0.01884	0.04203	0.00793	0.05992	0.01977	0.00563	0.06161	0.02412	0.05489	0.02417	0.10786	0.01408	0.31312	0.13589	0.00323	0.02438	0.02857	0.00297	0.04258
28	0.02974	0.08474	0.01382	0.05380	0.06669	0.22522	0.11538	0.03890	0.06677	0.02885	0.00979	0.02305	0.01759	0.02853	0.07976	0.00188	0.06349	0.01577	0.03099	0.00524
29	0.06699	0.02582	0.10602	0.01046	0.08330	0.05138	0.00850	0.28337	0.03381	0.15673	0.01096	0.01115	0.02300	0.00472	0.00402	0.00123	0.00458	0.00367	0.00355	0.10673

[dist]
# distance from previous block
# <min> <max>
2	49

[block]
# block no. 4 follows, 61 sequences, length 32
# corresponding to MSA columns:
# 327-353,355-359
name=unknown_E
#
# <colnr> <probs for GDERKNQSTAVLIFYWHMCP>
#	G	D	E	R	K	N	Q	S	T	A	V	L	I	F	Y	W	H	M	C	P
0	0.01263	0.05881	0.06909	0.03928	0.13728	0.11522	0.02444	0.09578	0.07494	0.13997	0.01048	0.02577	0.00809	0.01615	0.00424	0.00122	0.00478	0.00374	0.01519	0.14291
1	0.08125	0.02647	0.03113	0.09706	0.13273	0.03958	0.00878	0.27634	0.10328	0.05244	0.00984	0.01075	0.00740	0.00473	0.00439	0.00129	0.03361	0.00369	0.00327	0.07198
2	0.03162	0.01080	0.04441	0.10131	0.15252	0.08405	0.04608	0.17752	0.15604	0.03251	0.01215	0.01307	0.04206	0.00499	0.00420	0.00132	0.00476	0.00417	0.07035	0.00609
3	0.00574	0.00398	0.00519	0.00590	0.00637	0.00370	0.00407	0.00656	0.00860	0.02691	0.06975	0.62861	0.08773	0.04769	0.00641	0.02378	0.00264	0.04885	0.00395	0.00356
4	0.01301	0.08670	0.02410	0.03845	0.13697	0.35274	0.06956	0.04042	0.05932	0.03584	0.01929	0.01007	0.00714	0.00551	0.03188	0.00143	0.05603	0.00350	0.00246	0.00557
5	0.00567	0.00431	0.00524	0.00537	0.00639	0.00389	0.00401	0.00714	0.01049	0.01389	0.35097	0.18673	0.29849	0.01062	0.00523	0.00151	0.00232	0.06964	0.00430	0.00381
6	0.01084	0.13914	0.04066	0.07526	0.11599	0.10039	0.13199	0.01479	0.15497	0.01287	0.00895	0.01071	0.00726	0.00490	0.00587	0.00139	0.15199	0.00384	0.00244	0.00574
7	0.00712	0.00442	0.00564	0.00581	0.00679	0.00398	0.00417	0.00828	0.00976	0.11325	0.17259	0.44898	0.17048	0.01116	0.00520	0.00157	0.00250	0.00988	0.00430	0.00410
8	0.00581	0.00442	0.00537	0.00521	0.00636	0.00397	0.00396	0.00754	0.01131	0.01522	0.52710	0.03603	0.29255	0.00965	0.00513	0.00142	0.00218	0.04840	0.00446	0.00392
9	0.01152	0.85121	0.02257	0.00737	0.01106	0.01704	0.00737	0.01290	0.00875	0.01013	0.00599	0.00691	0.00553	0.00369	0.00276	0.00092	0.00461	0.00230	0.00184	0.00553
10	0.00520	0.00432	0.00452	0.00456	0.00587	0.00367	0.00337	0.00632	0.00980	0.01194	0.09939	0.09563	0.68870	0.03062	0.00551	0.00153	0.00224	0.00914	0.00402	0.00363
11	0.01845	0.00772	0.01014	0.00783	0.01105	0.00703	0.00644	0.10612	0.01295	0.70305	0.01608	0.01451	0.01040	0.02249	0.02366	0.00151	0.00397	0.00433	0.00510	0.00716
12	0.01232	0.66596	0.04389	0.00824	0.01171	0.17484	0.00780	0.01375	0.00943	0.01032	0.00617	0.00714	0.00553	0.00384	0.00302	0.00097	0.00527	0.00242	0.00192	0.00545
13	0.00748	0.00374	0.00561	0.00561	0.00561	0.00374	0.00374	0.00561	0.00561	0.00748	0.00748	0.01309	0.00748	0.01496	0.01684	0.87467	0.00374	0.00374	0.00187	0.00187
14	0.07936	0.09128	0.04291	0.02162	0.02524	0.06412	0.00789	0.40132	0.16539	0.02096	0.01064	0.01079	0.00793	0.00494	0.00398	0.00128	0.00458	0.00370	0.02552	0.00655
15	0.01229	0.07349	0.01211	0.01123	0.12120	0.14055	0.00791	0.07480	0.14936	0.12184	0.02344	0.07291	0.01066	0.00744	0.05243	0.00169	0.07833	0.01920	0.00329	0.00585
16	0.00592	0.00569	0.06539	0.00543	0.00703	0.00432	0.00457	0.00778	0.01086	0.01459	0.40660	0.03386	0.36529	0.00922	0.00494	0.00139	0.00241	0.00788	0.03278	0.00405
17	0.00649	0.00474	0.00577	0.00556	0.00674	0.00443	0.00414	0.02158	0.05065	0.03541	0.47245	0.14155	0.20510	0.00960	0.00507	0.00143	0.00228	0.00838	0.00447	0.00417
18	0.15052	0.11671	0.12555	0.01129	0.06815	0.16079	0.09507	0.08791	0.07994	0.02786	0.00845	0.00969	0.00662	0.01534	0.00422	0.00131	0.01881	0.00339	0.00261	0.00578
19	0.01067	0.06710	0.01476	0.37369	0.21014	0.14201	0.03069	0.04300	0.02851	0.01242	0.00781	0.01042	0.00620	0.00429	0.00433	0.00132	0.02134	0.00362	0.00216	0.00551
20	0.00534	0.00399	0.00498	0.00561	0.00624	0.00362	0.00391	0.00633	0.00905	0.01182	0.10709	0.55764	0.21378	0.01239	0.00537	0.00165	0.00242	0.03112	0.00407	0.00360
21	0.01172	0.11752	0.03885	0.01036	0.05434	0.04913	0.08340	0.10704	0.31561	0.07147	0.04057	0.03812	0.03188	0.00547	0.00427	0.00134	0.00438	0.00463	0.00360	0.00628
22	0.04037	0.12058	0.10242	0.01179	0.11830	0.09748	0.02439	0.18448	0.12315	0.09827	0.01020	0.01066	0.00764	0.00472	0.00427	0.00128	0.02677	0.00363	0.00318	0.00643
23	0.02592	0.00952	0.07213	0.00997	0.03315	0.01921	0.09793	0.19659	0.09533	0.05507	0.03790	0.01445	0.01019	0.04957	0.23787	0.00305	0.01888	0.00449	0.00317	0.00561
24	0.00599	0.00460	0.00526	0.00531	0.00661	0.00412	0.00409	0.00766	0.03247	0.03088	0.18054	0.09764	0.48082	0.01057	0.00519	0.00152	0.00247	0.10617	0.00417	0.00392
25	0.04009	0.03801	0.08859	0.11065	0.26381	0.13887	0.10860	0.07449	0.01057	0.02614	0.00790	0.01001	0.00626	0.00432	0.00477	0.00133	0.05364	0.00368	0.00231	0.00596
26	0.02435	0.15750	0.14930	0.01345	0.17185	0.03087	0.06226	0.11866	0.13866	0.02969	0.00946	0.01052	0.00737	0.00459	0.00459	0.00131	0.05285	0.00367	0.00273	0.00634
27	0.01226	0.01256	0.01248	0.09785	0.17167	0.28642	0.02174	0.07171	0.04652	0.03698	0.02767	0.03071	0.00831	0.00603	0.03619	0.00150	0.05766	0.00388	0.05236	0.00549
28	0.00816	0.00395	0.00586	0.00573	0.00592	0.00389	0.00389	0.00649	0.00600	0.05422	0.00803	0.01318	0.00766	0.01441	0.01612	0.82473	0.00374	0.00377	0.00207	0.00218
29	0.00552	0.00404	0.00518	0.00583	0.00636	0.00378	0.00403	0.00672	0.02417	0.01211	0.14335	0.60361	0.10106	0.02835	0.00570	0.00171	0.00248	0.02825	0.00409	0.00365
30	0.00720	0.05398	0.00917	0.06161	0.06367	0.00719	0.00642	0.00861	0.00720	0.01014	0.01049	0.01650	0.01011	0.14124	0.48533	0.00500	0.08525	0.00454	0.00225	0.00410
31	0.03598	0.23772	0.07919	0.05079	0.12531	0.12637	0.06266	0.08814	0.01057	0.04910	0.00771	0.00914	0.00619	0.00429	0.00434	0.00120	0.05351	0.00324	0.00240	0.04215

[dist]
# distance from previous block
# <min> <max>
0	15

[block]
# block no. 5 follows, 61 sequences, length 17
# corresponding to MSA columns:
# 383-399
name=unknown_F
#
# <colnr> <probs for GDERKNQSTAVLIFYWHMCP>
#	G	D	E	R	K	N	Q	S	T	A	V	L	I	F	Y	W	H	M	C	P
0	0.05774	0.05432	0.04571	0.01779	0.01145	0.02863	0.00697	0.25182	0.04875	0.13036	0.05311	0.01354	0.02200	0.03595	0.00492	0.00131	0.02650	0.02103	0.00362	0.16450
1	0.03129	0.17770	0.16543	0.03985	0.08225	0.08394	0.05041	0.12465	0.01104	0.08166	0.00886	0.03529	0.00709	0.00467	0.00437	0.00125	0.04335	0.00360	0.00266	0.04062
2	0.02727	0.13251	0.02765	0.05245	0.15814	0.05114	0.02936	0.11421	0.05407	0.07236	0.02795	0.01281	0.00896	0.05694	0.10544	0.00208	0.00553	0.00394	0.02469	0.03250
3	0.00589	0.00404	0.00494	0.00531	0.00557	0.00394	0.00338	0.00646	0.00757	0.01029	0.06251	0.34529	0.04174	0.39173	0.04968	0.00302	0.00361	0.00859	0.03328	0.00316
4	0.01346	0.11573	0.07276	0.01242	0.10541	0.37456	0.04786	0.05797	0.04741	0.04348	0.00856	0.01060	0.00707	0.00472	0.00432	0.00123	0.03200	0.03227	0.00251	0.00565
5	0.00857	0.00598	0.00704	0.00632	0.00809	0.00579	0.00490	0.07093	0.11199	0.09106	0.31778	0.06782	0.19418	0.00837	0.00483	0.00139	0.00273	0.03413	0.00440	0.04370
6	0.01234	0.11102	0.11396	0.01407	0.13685	0.19804	0.15600	0.08632	0.06711	0.03199	0.00860	0.00997	0.00671	0.00433	0.00437	0.00127	0.02486	0.00365	0.00251	0.00603
7	0.00741	0.00501	0.00555	0.00523	0.00563	0.00515	0.00322	0.09190	0.00786	0.01064	0.01325	0.02584	0.01460	0.72778	0.01935	0.00375	0.00416	0.00593	0.03457	0.00316
8	0.00822	0.05083	0.03927	0.00886	0.07416	0.00706	0.05677	0.02935	0.13795	0.04698	0.06924	0.16162	0.23722	0.02234	0.00508	0.00151	0.00346	0.03146	0.00368	0.00496
9	0.01169	0.01327	0.04454	0.03342	0.07675	0.31668	0.00857	0.04034	0.00987	0.01187	0.00855	0.06587	0.00792	0.02228	0.02113	0.00154	0.22591	0.00401	0.05830	0.01747
10	0.10070	0.14466	0.05467	0.06637	0.16372	0.10699	0.02707	0.01434	0.05245	0.11110	0.00961	0.04413	0.00787	0.00537	0.02071	0.00140	0.04231	0.00378	0.01702	0.00573
11	0.01191	0.78040	0.02169	0.00769	0.01125	0.08645	0.00745	0.01327	0.00905	0.01017	0.00605	0.00698	0.00553	0.00375	0.00286	0.00094	0.00488	0.00234	0.00187	0.00548
12	0.00614	0.00448	0.00516	0.00493	0.00625	0.00393	0.00372	0.00768	0.01090	0.04409	0.37397	0.03571	0.43155	0.00962	0.00499	0.00139	0.00217	0.00820	0.03115	0.00397
13	0.00524	0.00377	0.00497	0.00593	0.00623	0.00350	0.00397	0.00601	0.00831	0.01102	0.02453	0.81385	0.05994	0.01339	0.00548	0.00174	0.00249	0.01212	0.00400	0.00350
14	0.02726	0.02695	0.04997	0.03722	0.25215	0.06040	0.08099	0.13490	0.16995	0.05234	0.01139	0.02888	0.00913	0.00502	0.00437	0.00136	0.00495	0.03320	0.00314	0.00641
15	0.00934	0.02220	0.03354	0.00879	0.02494	0.02124	0.07331	0.02723	0.07249	0.10418	0.06582	0.08434	0.04450	0.00901	0.03048	0.00171	0.00424	0.27931	0.00372	0.07960
16	0.12271	0.19052	0.03422	0.00938	0.04474	0.14462	0.00761	0.18098	0.12699	0.06032	0.00943	0.00977	0.00724	0.00456	0.00368	0.00120	0.00479	0.00328	0.00310	0.03087

[dist]
# distance from previous block
# <min> <max>
0	11

[block]
# block no. 6 follows, 61 sequences, length 34
# corresponding to MSA columns:
# 411-444
name=unknown_G
#
# <colnr> <probs for GDERKNQSTAVLIFYWHMCP>
#	G	D	E	R	K	N	Q	S	T	A	V	L	I	F	Y	W	H	M	C	P
0	0.02193	0.02980	0.06625	0.00721	0.03538	0.00512	0.00551	0.02642	0.00918	0.01255	0.08897	0.51135	0.08011	0.01088	0.00508	0.00159	0.00302	0.04528	0.00372	0.03065
1	0.09390	0.13838	0.01438	0.02309	0.08063	0.20453	0.09456	0.08876	0.02093	0.03724	0.00937	0.04156	0.02231	0.03576	0.00531	0.00140	0.06350	0.01638	0.00262	0.00539
2	0.00547	0.00396	0.00523	0.00593	0.00631	0.00384	0.00405	0.00632	0.00809	0.01084	0.04216	0.59999	0.06789	0.08149	0.12432	0.00265	0.00389	0.01041	0.00367	0.00350
3	0.11083	0.03481	0.06070	0.00977	0.05731	0.05929	0.05648	0.18718	0.04993	0.08198	0.02505	0.01041	0.00762	0.00433	0.00382	0.00113	0.00444	0.00344	0.00317	0.22830
4	0.02906	0.12496	0.03786	0.03391	0.08523	0.14960	0.09046	0.24687	0.05830	0.04326	0.00900	0.00994	0.00689	0.00451	0.00421	0.00123	0.02029	0.00357	0.00299	0.03785
5	0.00631	0.00451	0.00648	0.04169	0.00826	0.00436	0.03084	0.00750	0.00880	0.04115	0.05936	0.57648	0.03729	0.02466	0.03086	0.00191	0.00327	0.09858	0.00386	0.00385
6	0.01330	0.49349	0.01836	0.00945	0.04145	0.28538	0.00795	0.06440	0.01066	0.01148	0.00656	0.00755	0.00570	0.00403	0.00329	0.00102	0.00568	0.00261	0.00213	0.00551
7	0.00529	0.00378	0.00505	0.00605	0.00631	0.00353	0.00407	0.00607	0.00829	0.01104	0.02372	0.82629	0.02840	0.01346	0.00551	0.00176	0.00254	0.03135	0.00400	0.00351
8	0.00522	0.00435	0.00455	0.00454	0.00591	0.00368	0.00339	0.00641	0.01006	0.01230	0.13773	0.06596	0.69961	0.01073	0.00510	0.00145	0.00217	0.00903	0.00409	0.00368
9	0.01088	0.00933	0.00983	0.00880	0.01126	0.01079	0.00686	0.04529	0.79130	0.01828	0.01733	0.01591	0.01298	0.00582	0.00438	0.00146	0.00345	0.00484	0.00438	0.00683
10	0.00692	0.00502	0.00610	0.00644	0.00724	0.00499	0.00455	0.11497	0.02480	0.01349	0.02263	0.65065	0.06804	0.01185	0.00523	0.00165	0.00279	0.01058	0.02797	0.00410
11	0.00554	0.00391	0.00522	0.00619	0.00655	0.00370	0.00434	0.00648	0.00848	0.01137	0.02336	0.72273	0.02754	0.01306	0.00549	0.00176	0.00267	0.11013	0.02792	0.00357
12	0.00626	0.00418	0.00470	0.00470	0.00470	0.00418	0.00261	0.00626	0.00626	0.00835	0.01357	0.02819	0.01566	0.84862	0.02192	0.00418	0.00418	0.00626	0.00261	0.00261
13	0.01071	0.00925	0.00974	0.00877	0.01120	0.01071	0.00682	0.02289	0.81396	0.01802	0.01753	0.01607	0.01315	0.00584	0.00438	0.00146	0.00341	0.00487	0.00438	0.00682
14	0.01103	0.00918	0.00975	0.00873	0.01119	0.01055	0.00680	0.02282	0.78467	0.04749	0.01751	0.01602	0.01306	0.00583	0.00438	0.00146	0.00342	0.00485	0.00442	0.00684
15	0.01610	0.02032	0.01223	0.01107	0.01332	0.81063	0.00832	0.03719	0.01241	0.01096	0.00675	0.00783	0.00559	0.00446	0.00389	0.00111	0.00769	0.00280	0.00227	0.00505
16	0.00864	0.02228	0.82630	0.01228	0.01864	0.01000	0.01592	0.01364	0.00909	0.01364	0.00773	0.00909	0.00546	0.00409	0.00409	0.00136	0.00637	0.00318	0.00182	0.00637
17	0.00524	0.00377	0.00498	0.00595	0.00623	0.00350	0.00398	0.00600	0.00830	0.01102	0.02435	0.82102	0.05287	0.01342	0.00549	0.00174	0.00249	0.01215	0.00400	0.00350
18	0.00621	0.00418	0.00468	0.00468	0.00475	0.00415	0.00264	0.00626	0.00643	0.00850	0.01494	0.02879	0.05223	0.81053	0.02116	0.00405	0.00409	0.00639	0.00267	0.00266
19	0.01281	0.00812	0.01073	0.00929	0.03555	0.00827	0.07186	0.16327	0.14467	0.22389	0.01591	0.08473	0.01318	0.00663	0.00458	0.00144	0.00397	0.10080	0.07418	0.00612
20	0.00942	0.02060	0.71919	0.01240	0.01843	0.00983	0.07030	0.01412	0.00937	0.06470	0.00838	0.00962	0.00586	0.00414	0.00418	0.00137	0.00626	0.00339	0.00206	0.00639
21	0.01208	0.21557	0.04865	0.01534	0.26266	0.13210	0.06892	0.07405	0.01046	0.03313	0.00758	0.00930	0.00628	0.00436	0.00481	0.00124	0.08178	0.00339	0.00229	0.00601
22	0.00958	0.00913	0.01553	0.37327	0.48335	0.00995	0.01268	0.01227	0.00930	0.01276	0.00791	0.01101	0.00636	0.00404	0.00428	0.00135	0.00538	0.00383	0.00204	0.00595
23	0.02730	0.00825	0.01128	0.01144	0.16429	0.00805	0.01881	0.07180	0.12875	0.38704	0.05496	0.05224	0.01217	0.00558	0.00438	0.00135	0.00388	0.00477	0.00430	0.01932
24	0.08326	0.06642	0.38265	0.02789	0.13626	0.00996	0.04906	0.03706	0.00979	0.11387	0.00879	0.00989	0.00638	0.00415	0.00397	0.00129	0.00536	0.00339	0.00249	0.03807
25	0.01453	0.01026	0.01123	0.00913	0.01216	0.01130	0.00737	0.38122	0.33636	0.13771	0.01417	0.01325	0.01013	0.00546	0.00434	0.00137	0.00405	0.00434	0.00449	0.00712
26	0.00560	0.00454	0.00502	0.00512	0.00638	0.00406	0.00385	0.00730	0.04383	0.01267	0.14418	0.13730	0.53388	0.01079	0.00516	0.00151	0.00236	0.05850	0.00411	0.00383
27	0.00950	0.00878	0.01523	0.41206	0.32426	0.00960	0.07481	0.01220	0.00929	0.03883	0.00880	0.04165	0.00720	0.00445	0.00440	0.00139	0.00544	0.00425	0.00220	0.00567
28	0.00603	0.00408	0.00477	0.00500	0.00506	0.00402	0.00293	0.00620	0.00672	0.00896	0.01592	0.21707	0.01862	0.65569	0.01813	0.00362	0.00379	0.00765	0.00293	0.00282
29	0.00555	0.00388	0.00491	0.00561	0.00579	0.00370	0.00359	0.00608	0.00766	0.01021	0.02071	0.60240	0.02467	0.26211	0.01039	0.00247	0.00300	0.01047	0.00359	0.00323
30	0.01044	0.01184	0.02320	0.01785	0.07961	0.06244	0.65743	0.01370	0.01013	0.01345	0.00880	0.03047	0.00698	0.00403	0.00521	0.00144	0.03007	0.00498	0.00221	0.00575
31	0.01128	0.00957	0.01326	0.16351	0.23868	0.04625	0.04340	0.13299	0.11880	0.06474	0.01185	0.07171	0.01000	0.00552	0.00448	0.00140	0.00483	0.03853	0.00313	0.00608
32	0.00544	0.00385	0.00502	0.00588	0.00612	0.00364	0.00390	0.00613	0.00803	0.01069	0.02231	0.70791	0.02660	0.12866	0.00778	0.00209	0.00278	0.03599	0.00381	0.00339
33	0.03556	0.03105	0.01241	0.01053	0.01314	0.54836	0.00816	0.24561	0.02869	0.01567	0.00789	0.00863	0.00618	0.00465	0.00397	0.00117	0.00666	0.00311	0.00287	0.00570

[dist]
# distance from previous block
# <min> <max>
0	1

[block]
# block no. 7 follows, 61 sequences, length 24
# corresponding to MSA columns:
# 446-469
name=unknown_H
#
# <colnr> <probs for GDERKNQSTAVLIFYWHMCP>
#	G	D	E	R	K	N	Q	S	T	A	V	L	I	F	Y	W	H	M	C	P
0	0.02461	0.07945	0.11968	0.02331	0.03712	0.13143	0.07894	0.07969	0.00958	0.01268	0.00820	0.02997	0.00731	0.04795	0.08293	0.00207	0.21367	0.00392	0.00230	0.00521
1	0.00803	0.00401	0.00401	0.00401	0.00502	0.00401	0.00301	0.01004	0.00903	0.01606	0.01405	0.01606	0.01104	0.00502	0.00301	0.00100	0.00201	0.00401	0.87253	0.00401
2	0.01174	0.00985	0.01528	0.14798	0.29474	0.01047	0.09845	0.17075	0.04936	0.07387	0.01001	0.03737	0.00792	0.00480	0.00480	0.00138	0.03766	0.00433	0.00292	0.00634
3	0.01208	0.02364	0.01406	0.03736	0.21269	0.01022	0.07787	0.26982	0.04480	0.03276	0.00990	0.01105	0.02155	0.00435	0.00411	0.00117	0.00461	0.00379	0.00310	0.20108
4	0.80304	0.00940	0.00685	0.00614	0.00877	0.08203	0.00499	0.01306	0.00776	0.01855	0.00606	0.00707	0.00474	0.00404	0.00277	0.00131	0.00372	0.00237	0.00263	0.00469
5	0.02932	0.00652	0.00701	0.00610	0.00801	0.00684	0.00481	0.14010	0.12298	0.11773	0.01414	0.01479	0.01056	0.00517	0.00356	0.00116	0.00287	0.00412	0.48886	0.00535
6	0.00641	0.00521	0.00740	0.00807	0.04610	0.00587	0.00565	0.00744	0.00777	0.01083	0.01742	0.49512	0.01995	0.01578	0.17270	0.00279	0.14949	0.00885	0.00320	0.00394
7	0.00534	0.00379	0.00497	0.00587	0.00610	0.00356	0.00387	0.00602	0.00806	0.01074	0.02277	0.76806	0.02727	0.09290	0.00706	0.00198	0.00266	0.01168	0.00387	0.00341
8	0.00525	0.00375	0.00500	0.00600	0.00625	0.00350	0.00400	0.00600	0.00825	0.01100	0.02374	0.84580	0.02849	0.01350	0.00550	0.00175	0.00250	0.01225	0.00400	0.00350
9	0.00515	0.00438	0.00445	0.00448	0.00592	0.00368	0.00339	0.00627	0.00982	0.01168	0.04298	0.04168	0.79484	0.01094	0.00512	0.00147	0.00224	0.03388	0.00400	0.00365
10	0.01183	0.00617	0.00792	0.00678	0.00884	0.00582	0.00532	0.03279	0.09876	0.32594	0.34914	0.08279	0.02455	0.00742	0.00473	0.00139	0.00290	0.00639	0.00486	0.00564
11	0.00864	0.02228	0.82630	0.01228	0.01864	0.01000	0.01592	0.01364	0.00909	0.01364	0.00773	0.00909	0.00546	0.00409	0.00409	0.00136	0.00637	0.00318	0.00182	0.00637
12	0.01637	0.01207	0.01293	0.00991	0.01336	0.01336	0.00819	0.80738	0.02025	0.02715	0.01034	0.01034	0.00733	0.00517	0.00431	0.00129	0.00474	0.00388	0.00431	0.00733
13	0.01933	0.00733	0.01000	0.00766	0.01100	0.00633	0.00633	0.02099	0.01233	0.82473	0.01699	0.01466	0.01066	0.00533	0.00433	0.00133	0.00367	0.00433	0.00533	0.00733
14	0.87904	0.00833	0.00633	0.00566	0.00833	0.00966	0.00467	0.01266	0.00733	0.01933	0.00600	0.00700	0.00467	0.00400	0.00267	0.00133	0.00333	0.00233	0.00267	0.00467
15	0.01637	0.01207	0.01293	0.00991	0.01336	0.01336	0.00819	0.80738	0.02025	0.02715	0.01034	0.01034	0.00733	0.00517	0.00431	0.00129	0.00474	0.00388	0.00431	0.00733
16	0.00618	0.00451	0.00639	0.00639	0.00698	0.00510	0.00472	0.00735	0.00677	0.00961	0.01202	0.01961	0.01194	0.22724	0.63821	0.00627	0.00978	0.00501	0.00238	0.00355
17	0.01597	0.01177	0.01264	0.00977	0.01310	0.01300	0.00804	0.77845	0.01982	0.02656	0.01083	0.04051	0.00809	0.00547	0.00435	0.00131	0.00466	0.00418	0.00430	0.00719
18	0.01098	0.03816	0.01327	0.01114	0.01175	0.19657	0.00911	0.01198	0.00792	0.01040	0.00589	0.00897	0.00563	0.00672	0.01149	0.00168	0.62807	0.00350	0.00196	0.00480
19	0.00521	0.00437	0.00453	0.00449	0.00589	0.00369	0.00336	0.00641	0.01009	0.01229	0.13348	0.04038	0.72975	0.01067	0.00509	0.00144	0.00216	0.00894	0.00409	0.00369
20	0.01073	0.01073	0.08419	0.01184	0.10509	0.01058	0.06851	0.07222	0.50887	0.01729	0.01464	0.01528	0.01128	0.00547	0.00445	0.00144	0.00426	0.03277	0.00371	0.00663
21	0.00574	0.00441	0.00526	0.00512	0.00631	0.00394	0.00389	0.00740	0.01115	0.01484	0.47601	0.03661	0.34694	0.00978	0.00513	0.00142	0.00218	0.04554	0.00441	0.00389
22	0.79898	0.00885	0.00672	0.00594	0.00864	0.04641	0.00485	0.01278	0.00763	0.01868	0.00611	0.00712	0.00479	0.00398	0.00275	0.00129	0.00352	0.00236	0.00264	0.04597
23	0.01335	0.05556	0.07636	0.02329	0.06225	0.07244	0.00864	0.35520	0.21550	0.03221	0.01173	0.03445	0.00899	0.00526	0.00423	0.00132	0.00471	0.00414	0.00369	0.00668

[dist]
# distance from previous block
# <min> <max>
0	1

[block]
# block no. 8 follows, 61 sequences, length 18
# corresponding to MSA columns:
# 471-488
name=unknown_I
#
# <colnr> <probs for GDERKNQSTAVLIFYWHMCP>
#	G	D	E	R	K	N	Q	S	T	A	V	L	I	F	Y	W	H	M	C	P
0	0.01030	0.00987	0.01684	0.14111	0.70986	0.01014	0.01304	0.01291	0.00964	0.01364	0.00804	0.01078	0.00667	0.00390	0.00427	0.00130	0.00521	0.00384	0.00210	0.00654
1	0.01031	0.01037	0.03095	0.06320	0.57083	0.03145	0.11153	0.01331	0.03708	0.01411	0.05754	0.01220	0.00894	0.00422	0.00441	0.00132	0.00526	0.00423	0.00236	0.00637
2	0.00626	0.00418	0.00470	0.00470	0.00470	0.00418	0.00261	0.00626	0.00626	0.00835	0.01357	0.02819	0.01566	0.84862	0.02192	0.00418	0.00418	0.00626	0.00261	0.00261
3	0.00893	0.00766	0.00893	0.00638	0.01021	0.00574	0.00510	0.01085	0.00893	0.01404	0.00766	0.00893	0.00638	0.00319	0.00319	0.00064	0.00319	0.00255	0.00255	0.87495
4	0.00548	0.00433	0.00493	0.00489	0.00608	0.00378	0.00363	0.00688	0.01056	0.01366	0.32837	0.10765	0.46373	0.01036	0.00512	0.00144	0.00215	0.00888	0.00427	0.00378
5	0.00994	0.01098	0.02274	0.03416	0.02063	0.01080	0.66152	0.01356	0.04337	0.01344	0.00899	0.01223	0.00706	0.03501	0.00639	0.00159	0.07471	0.00498	0.00226	0.00562
6	0.00626	0.00420	0.00481	0.00481	0.00485	0.00424	0.00275	0.00634	0.00630	0.00844	0.01347	0.02762	0.01541	0.80754	0.06266	0.00431	0.00455	0.00618	0.00259	0.00267
7	0.00524	0.00377	0.00497	0.00593	0.00623	0.00350	0.00397	0.00601	0.00831	0.01102	0.02452	0.81441	0.05939	0.01339	0.00548	0.00174	0.00249	0.01212	0.00400	0.00350
8	0.00522	0.00434	0.00456	0.00456	0.00591	0.00368	0.00340	0.00641	0.01004	0.01229	0.13578	0.07258	0.69491	0.01076	0.00511	0.00145	0.00218	0.00906	0.00409	0.00368
