[name]
unknown

[dist]
# distance from previous block
# <min> <max>
3	296

[block]
# block no. 0 follows, 60 sequences, length 21
# corresponding to MSA columns:
# 296-316
name=unknown_A
#
# <colnr> <probs for GDERKNQSTAVLIFYWHMCP>
#	G	D	E	R	K	N	Q	S	T	A	V	L	I	F	Y	W	H	M	C	P
0	0.00964	0.00804	0.00922	0.00692	0.01050	0.00627	0.00542	0.03369	0.01010	0.01528	0.04629	0.01382	0.07309	0.00470	0.00386	0.00092	0.00343	0.00365	0.00312	0.73203
1	0.00539	0.00387	0.00522	0.00615	0.00644	0.00369	0.00416	0.00621	0.00824	0.01105	0.02306	0.77830	0.02742	0.01517	0.07092	0.00219	0.00326	0.01179	0.00391	0.00357
2	0.01277	0.50641	0.08438	0.00862	0.01241	0.01521	0.00833	0.25432	0.01243	0.01582	0.00799	0.02880	0.00672	0.00447	0.00345	0.00110	0.00480	0.00314	0.00268	0.00617
3	0.00592	0.00410	0.00513	0.00558	0.00578	0.00406	0.00358	0.00642	0.00735	0.00985	0.01821	0.37484	0.02124	0.40508	0.07871	0.00334	0.00409	0.03029	0.00325	0.00316
4	0.00598	0.00436	0.00536	0.00545	0.00600	0.00441	0.00371	0.00672	0.00745	0.00985	0.02029	0.09722	0.18067	0.36914	0.25011	0.00425	0.00582	0.00696	0.00296	0.00329
5	0.01221	0.04935	0.09909	0.00940	0.01251	0.03007	0.00818	0.27415	0.34989	0.01967	0.01404	0.07866	0.01127	0.00599	0.00439	0.00140	0.00430	0.00485	0.00394	0.00665
6	0.10737	0.00827	0.00932	0.00755	0.02507	0.02516	0.00589	0.09535	0.02685	0.15278	0.02440	0.07673	0.00957	0.00500	0.00398	0.00108	0.02036	0.00397	0.00342	0.38788
7	0.03737	0.13985	0.14529	0.00973	0.02880	0.08719	0.05743	0.13686	0.02638	0.12687	0.05233	0.01158	0.00902	0.00470	0.00395	0.00121	0.00489	0.00371	0.05118	0.06167
8	0.06543	0.07280	0.19012	0.03050	0.06273	0.00992	0.02464	0.10777	0.10905	0.04887	0.04169	0.02220	0.00888	0.00470	0.00416	0.00123	0.02132	0.00374	0.00297	0.16727
9	0.02534	0.02085	0.03547	0.05596	0.07201	0.09410	0.06404	0.12713	0.05445	0.09359	0.12022	0.02658	0.05905	0.00564	0.00458	0.00128	0.02358	0.00471	0.00344	0.10799
10	0.04990	0.05316	0.04104	0.10765	0.07357	0.04756	0.04733	0.15010	0.07195	0.02846	0.08471	0.08031	0.05461	0.00592	0.00432	0.00131	0.00438	0.00501	0.00327	0.08544
11	0.02331	0.03206	0.10934	0.04259	0.05911	0.05155	0.03369	0.10577	0.01099	0.05531	0.09888	0.11386	0.08324	0.04060	0.01902	0.00155	0.01990	0.00565	0.02801	0.06557
12	0.01026	0.07939	0.12863	0.02338	0.04177	0.01956	0.03012	0.10000	0.04835	0.08085	0.08471	0.02780	0.05655	0.10923	0.02322	0.00174	0.02257	0.00474	0.02217	0.08495
13	0.01091	0.08326	0.14881	0.00925	0.02498	0.05677	0.04833	0.12335	0.07253	0.05822	0.04019	0.05817	0.02928	0.00614	0.02577	0.00140	0.02022	0.00441	0.09688	0.08112
14	0.02611	0.09122	0.11279	0.07543	0.03438	0.05461	0.00851	0.09510	0.06016	0.04115	0.06764	0.11230	0.03708	0.01909	0.00581	0.01653	0.06443	0.00528	0.00332	0.06905
15	0.06940	0.11144	0.10431	0.03355	0.02911	0.02989	0.03940	0.12581	0.03373	0.04513	0.08721	0.07960	0.15190	0.00711	0.01795	0.00144	0.00424	0.00549	0.00333	0.01997
16	0.04463	0.09826	0.12793	0.08833	0.02663	0.04425	0.08184	0.10100	0.05621	0.02635	0.06764	0.05956	0.07748	0.02539	0.00489	0.00142	0.01679	0.01786	0.00300	0.03053
17	0.10105	0.09422	0.10628	0.02339	0.02665	0.09146	0.06053	0.07891	0.06060	0.01460	0.04530	0.11341	0.02236	0.05897	0.00539	0.00149	0.01593	0.00487	0.00291	0.07169
18	0.05883	0.07128	0.07002	0.00892	0.04103	0.05900	0.03799	0.06423	0.12116	0.07445	0.08643	0.09288	0.07718	0.02474	0.01664	0.00151	0.01661	0.02794	0.00348	0.04570
19	0.01015	0.05336	0.06621	0.06350	0.11817	0.07152	0.03705	0.05985	0.07352	0.05485	0.08521	0.07224	0.05238	0.05161	0.02870	0.00168	0.05178	0.00515	0.01353	0.02955
20	0.02459	0.05928	0.09297	0.04048	0.02313	0.09699	0.07003	0.10636	0.12376	0.05534	0.05443	0.06404	0.04460	0.01844	0.02671	0.00154	0.03261	0.00480	0.01558	0.04434

[dist]
# distance from previous block
# <min> <max>
5	39

[block]
# block no. 1 follows, 60 sequences, length 28
# corresponding to MSA columns:
# 368-395
name=unknown_B
#
# <colnr> <probs for GDERKNQSTAVLIFYWHMCP>
#	G	D	E	R	K	N	Q	S	T	A	V	L	I	F	Y	W	H	M	C	P
0	0.04380	0.12960	0.08256	0.00905	0.04457	0.07641	0.03359	0.09214	0.04078	0.04401	0.04948	0.13832	0.07044	0.02342	0.01993	0.00147	0.01987	0.00536	0.00312	0.07208
1	0.04974	0.18208	0.09437	0.00958	0.05582	0.05492	0.05121	0.06387	0.06964	0.07210	0.04634	0.09807	0.04562	0.05497	0.02067	0.00159	0.01591	0.00497	0.00305	0.00548
2	0.05100	0.19724	0.09648	0.00927	0.05319	0.03738	0.03224	0.07417	0.05132	0.08564	0.06132	0.05406	0.04233	0.02514	0.03253	0.00153	0.02384	0.01681	0.02162	0.03289
3	0.02376	0.16154	0.17776	0.02424	0.01263	0.06740	0.02856	0.02710	0.09418	0.07708	0.03388	0.05354	0.04315	0.00698	0.04444	0.00159	0.03880	0.02598	0.01843	0.03897
4	0.03568	0.22468	0.21364	0.01009	0.05081	0.03658	0.02276	0.12263	0.04107	0.09017	0.01148	0.02338	0.05730	0.02054	0.00445	0.00132	0.02063	0.00386	0.00286	0.00608
5	0.04027	0.22599	0.24411	0.02236	0.01298	0.07926	0.01982	0.04314	0.02540	0.01292	0.03701	0.06293	0.03510	0.02696	0.00496	0.03456	0.01636	0.00403	0.00244	0.04939
6	0.06749	0.24449	0.19677	0.00968	0.03921	0.04253	0.03631	0.11433	0.02915	0.02752	0.02237	0.04776	0.03626	0.01931	0.00412	0.00127	0.00488	0.00385	0.00265	0.05004
7	0.03344	0.35987	0.27374	0.00944	0.03060	0.03052	0.00994	0.04237	0.00974	0.06532	0.02121	0.02141	0.03111	0.00512	0.02191	0.00130	0.00521	0.00333	0.00238	0.02204
8	0.01150	0.36785	0.10520	0.00896	0.01242	0.03371	0.04708	0.14744	0.05432	0.03144	0.04956	0.05506	0.00971	0.00627	0.04035	0.00145	0.00508	0.00395	0.00281	0.00585
9	0.09139	0.19264	0.25660	0.02050	0.01290	0.05978	0.00953	0.02594	0.02155	0.01340	0.06673	0.03492	0.04465	0.00593	0.01784	0.00142	0.08064	0.02131	0.00247	0.01986
10	0.01002	0.31925	0.07009	0.00770	0.01027	0.04400	0.00692	0.05850	0.07601	0.03235	0.06446	0.14983	0.01433	0.07131	0.00546	0.00152	0.00422	0.04556	0.00304	0.00515
11	0.11837	0.00800	0.04490	0.02056	0.02997	0.00776	0.07036	0.10817	0.06943	0.05540	0.17051	0.09803	0.07312	0.04375	0.03573	0.00177	0.01795	0.01741	0.00368	0.00513
12	0.00856	0.00706	0.00843	0.02422	0.00992	0.00589	0.00525	0.01060	0.03191	0.03598	0.03838	0.06974	0.10055	0.00581	0.01825	0.00105	0.03443	0.00437	0.00300	0.57659
13	0.00577	0.00433	0.00503	0.00524	0.00630	0.00382	0.00381	0.00692	0.00980	0.03105	0.14507	0.26659	0.41984	0.03306	0.00572	0.00163	0.00243	0.03567	0.00415	0.00377
14	0.02650	0.17744	0.05654	0.01193	0.01436	0.01319	0.19001	0.06318	0.03900	0.01294	0.00744	0.00990	0.00634	0.00586	0.01984	0.00160	0.33237	0.00383	0.00224	0.00550
15	0.00699	0.00554	0.00625	0.00574	0.00725	0.02426	0.00437	0.02358	0.04434	0.03284	0.38410	0.06023	0.28544	0.00898	0.00510	0.00137	0.01706	0.00764	0.00426	0.06465
16	0.00566	0.00429	0.00556	0.00624	0.00669	0.00422	0.00441	0.00654	0.00854	0.01125	0.02551	0.61669	0.13666	0.03205	0.00641	0.00181	0.04979	0.06015	0.00389	0.00364
17	0.01166	0.84935	0.02285	0.00746	0.01119	0.01726	0.00746	0.01306	0.00886	0.01026	0.00606	0.00700	0.00560	0.00373	0.00280	0.00093	0.00466	0.00233	0.00187	0.00560
18	0.00539	0.00384	0.00510	0.00608	0.00634	0.00360	0.00408	0.00616	0.00833	0.01110	0.02369	0.79844	0.02835	0.03969	0.00610	0.00185	0.00262	0.03171	0.00400	0.00353
19	0.00904	0.00775	0.00904	0.00646	0.01034	0.00581	0.00517	0.01098	0.00904	0.01421	0.00775	0.00904	0.00646	0.00323	0.00323	0.00065	0.00323	0.00258	0.00258	0.87339
20	0.00977	0.00748	0.00939	0.00809	0.00995	0.00791	0.03110	0.17975	0.02787	0.04356	0.02824	0.15992	0.06578	0.02258	0.07495	0.00195	0.10273	0.05522	0.03964	0.11412
21	0.00607	0.00449	0.00555	0.00561	0.00661	0.00410	0.00407	0.00743	0.01011	0.02673	0.28863	0.31310	0.21437	0.01068	0.00535	0.00151	0.01888	0.00934	0.01885	0.03851
22	0.01213	0.01111	0.01701	0.15314	0.04121	0.07666	0.28829	0.14855	0.05536	0.07676	0.00998	0.01218	0.00751	0.00464	0.00491	0.00140	0.03134	0.01801	0.00292	0.02690
23	0.03472	0.00627	0.00763	0.03031	0.02109	0.03528	0.02140	0.03961	0.08076	0.01288	0.01954	0.18721	0.12997	0.01557	0.22521	0.00302	0.02403	0.06557	0.03552	0.00441
24	0.01554	0.00959	0.01295	0.05243	0.18286	0.07822	0.05584	0.05091	0.02955	0.41499	0.01343	0.02800	0.00956	0.00513	0.00443	0.00135	0.00472	0.01978	0.00398	0.00675
25	0.00991	0.07350	0.02931	0.00837	0.05924	0.04029	0.00633	0.06269	0.04625	0.03009	0.01040	0.10301	0.00958	0.02811	0.00425	0.00106	0.00379	0.00409	0.00289	0.46684
26	0.01042	0.00851	0.02247	0.00711	0.01079	0.01834	0.00578	0.07132	0.05787	0.06770	0.00944	0.02488	0.00759	0.00390	0.00353	0.00083	0.00349	0.00313	0.00302	0.65988
27	0.04724	0.05991	0.09154	0.04285	0.07785	0.05441	0.03427	0.08152	0.05996	0.12459	0.08226	0.03072	0.02731	0.05292	0.08790	0.00207	0.00530	0.02847	0.00330	0.00561

[dist]
# distance from previous block
# <min> <max>
0	1

[block]
# block no. 2 follows, 60 sequences, length 20
# corresponding to MSA columns:
# 397-409,411-417
name=unknown_C
#
# <colnr> <probs for GDERKNQSTAVLIFYWHMCP>
#	G	D	E	R	K	N	Q	S	T	A	V	L	I	F	Y	W	H	M	C	P
0	0.00774	0.00492	0.00629	0.00576	0.00715	0.00451	0.00442	0.00988	0.03078	0.10986	0.60227	0.03156	0.12373	0.00875	0.00506	0.00140	0.00234	0.02433	0.00476	0.00451
1	0.00566	0.00428	0.00517	0.00558	0.00639	0.00390	0.00394	0.02519	0.00971	0.01266	0.14825	0.46381	0.26560	0.01198	0.00535	0.00161	0.00242	0.01057	0.00417	0.00376
2	0.00632	0.03159	0.02566	0.00632	0.00723	0.00497	0.00472	0.03771	0.02192	0.01237	0.07868	0.50265	0.13885	0.03792	0.02523	0.00185	0.01848	0.02972	0.00387	0.00395
3	0.03142	0.00746	0.00829	0.00734	0.00946	0.00797	0.00574	0.09847	0.30707	0.12719	0.07890	0.08471	0.03129	0.00665	0.00433	0.00138	0.00318	0.01783	0.15545	0.00588
4	0.00652	0.00473	0.00557	0.00544	0.00656	0.00439	0.00397	0.00845	0.05316	0.04226	0.31912	0.11911	0.27631	0.10375	0.00705	0.00178	0.00256	0.02103	0.00423	0.00402
5	0.00531	0.00380	0.00506	0.00607	0.00633	0.00354	0.00405	0.00607	0.00835	0.01113	0.02404	0.84388	0.02885	0.01366	0.00557	0.00177	0.00253	0.01240	0.00405	0.00354
6	0.00848	0.00783	0.02428	0.16016	0.33184	0.00794	0.02809	0.02418	0.00941	0.01292	0.01498	0.23192	0.06968	0.00715	0.00486	0.00147	0.01787	0.00652	0.02511	0.00531
7	0.00577	0.00416	0.00540	0.00621	0.00665	0.00395	0.00426	0.03456	0.00895	0.01192	0.04220	0.75631	0.04691	0.01315	0.00552	0.00174	0.00263	0.03191	0.00408	0.00371
8	0.00541	0.00387	0.00509	0.00603	0.00633	0.00362	0.00406	0.00619	0.00837	0.01110	0.02419	0.75836	0.05245	0.04920	0.00628	0.00187	0.00264	0.03742	0.00399	0.00352
9	0.03368	0.00971	0.03542	0.20071	0.16914	0.00971	0.11365	0.12175	0.02638	0.21982	0.01088	0.01206	0.00770	0.00458	0.00442	0.00138	0.00514	0.00415	0.00328	0.00644
10	0.00911	0.00757	0.00917	0.02533	0.03601	0.00591	0.00554	0.01101	0.00911	0.03511	0.00907	0.06362	0.00803	0.00401	0.00347	0.00078	0.00332	0.00334	0.00273	0.74776
11	0.04034	0.29225	0.17501	0.02560	0.01343	0.13934	0.00913	0.08243	0.05357	0.06441	0.00864	0.02368	0.00690	0.00446	0.00366	0.00116	0.00528	0.00320	0.00259	0.04490
12	0.01006	0.06676	0.26476	0.02290	0.05899	0.02591	0.13215	0.01478	0.13382	0.06761	0.06704	0.01508	0.05670	0.00521	0.00441	0.00137	0.00512	0.01649	0.00294	0.02790
13	0.03012	0.03688	0.05625	0.01209	0.02747	0.05934	0.32390	0.04514	0.06103	0.01502	0.17784	0.01808	0.07510	0.00663	0.03406	0.00159	0.00546	0.00552	0.00309	0.00537
14	0.00685	0.00514	0.00684	0.02980	0.04119	0.00531	0.00512	0.00892	0.04791	0.01422	0.32015	0.15939	0.06214	0.03580	0.07576	0.02484	0.04440	0.02703	0.07501	0.00418
15	0.01629	0.02079	0.01236	0.01124	0.01348	0.82921	0.00843	0.01742	0.01236	0.01067	0.00674	0.00787	0.00562	0.00449	0.00393	0.00112	0.00787	0.00281	0.00225	0.00506
16	0.00634	0.00423	0.00476	0.00476	0.00476	0.00423	0.00264	0.00634	0.00634	0.00846	0.01374	0.02854	0.01586	0.84672	0.02220	0.00423	0.00423	0.00634	0.00264	0.00264
17	0.28351	0.05796	0.02849	0.01054	0.07916	0.09336	0.08131	0.11348	0.05277	0.07695	0.03985	0.01051	0.00792	0.00472	0.00425	0.00134	0.04150	0.00357	0.00304	0.00576
18	0.08602	0.02864	0.08807	0.02358	0.09475	0.12268	0.09359	0.08801	0.05805	0.05120	0.04980	0.01121	0.00856	0.00457	0.00436	0.00123	0.03104	0.00372	0.00286	0.14805
19	0.08741	0.09444	0.11294	0.04657	0.04226	0.06375	0.03088	0.17932	0.07576	0.07202	0.01973	0.03964	0.02019	0.00512	0.00427	0.00130	0.02655	0.00397	0.02987	0.04403

[dist]
# distance from previous block
# <min> <max>
5	22

[block]
# block no. 3 follows, 60 sequences, length 6
# corresponding to MSA columns:
# 442-447
name=unknown_D
#
# <colnr> <probs for GDERKNQSTAVLIFYWHMCP>
#	G	D	E	R	K	N	Q	S	T	A	V	L	I	F	Y	W	H	M	C	P
0	0.01099	0.04998	0.26098	0.04971	0.06252	0.05718	0.04077	0.13360	0.04775	0.06671	0.01135	0.10453	0.00969	0.02395	0.00469	0.00142	0.00513	0.00468	0.03113	0.02325
1	0.01075	0.08268	0.05088	0.09571	0.56183	0.01120	0.01242	0.05008	0.01001	0.01401	0.00793	0.01039	0.00660	0.00420	0.00476	0.00132	0.05283	0.00372	0.00219	0.00649
2	0.19185	0.11745	0.17870	0.03640	0.01357	0.17239	0.02942	0.09696	0.03118	0.01530	0.00800	0.02654	0.00645	0.00464	0.00407	0.00129	0.03496	0.00328	0.02198	0.00558
3	0.00616	0.00525	0.00548	0.00560	0.00670	0.05130	0.00412	0.00746	0.01032	0.01304	0.22989	0.22384	0.36372	0.01078	0.00521	0.00152	0.00264	0.03899	0.00413	0.00385
4	0.01238	0.11353	0.06134	0.00996	0.04935	0.01096	0.04959	0.18577	0.22845	0.08475	0.01256	0.01255	0.02806	0.00492	0.00409	0.00124	0.00431	0.00401	0.00356	0.11859
5	0.04788	0.03204	0.16095	0.02427	0.04165	0.02019	0.02022	0.06150	0.11060	0.02736	0.05118	0.10296	0.05577	0.00698	0.02288	0.00147	0.03077	0.03953	0.00315	0.13867

[dist]
# distance from previous block
# <min> <max>
0	2

[block]
# block no. 4 follows, 60 sequences, length 9
# corresponding to MSA columns:
# 450-458
name=unknown_E
#
# <colnr> <probs for GDERKNQSTAVLIFYWHMCP>
#	G	D	E	R	K	N	Q	S	T	A	V	L	I	F	Y	W	H	M	C	P
0	0.00755	0.06429	0.00788	0.00672	0.00789	0.03223	0.03248	0.02203	0.00938	0.05484	0.10871	0.33372	0.09830	0.09423	0.06397	0.00219	0.00390	0.04191	0.00367	0.00412
1	0.03298	0.11165	0.26790	0.02805	0.04926	0.08545	0.06785	0.07719	0.04678	0.02837	0.07250	0.02392	0.02680	0.02414	0.02260	0.00151	0.02048	0.00412	0.00266	0.00579
2	0.01206	0.07562	0.21568	0.07007	0.12958	0.05331	0.03374	0.11231	0.05234	0.12544	0.01043	0.03435	0.00807	0.02658	0.00467	0.00139	0.00524	0.00399	0.00295	0.02217
3	0.05015	0.00728	0.00826	0.00736	0.00941	0.00760	0.00567	0.10981	0.22916	0.16038	0.06849	0.18572	0.06750	0.03497	0.00520	0.00156	0.00329	0.00659	0.02591	0.00569
4	0.00798	0.00553	0.00734	0.00817	0.08023	0.00539	0.00547	0.07379	0.01053	0.05751	0.16178	0.32919	0.06568	0.03304	0.00593	0.02821	0.00309	0.06723	0.03944	0.00446
5	0.03643	0.06110	0.11574	0.01125	0.07329	0.12612	0.06975	0.12377	0.08712	0.05203	0.03203	0.03649	0.00885	0.00498	0.00453	0.00127	0.03917	0.00398	0.02162	0.09048
6	0.00721	0.00401	0.00594	0.00594	0.00613	0.00419	0.00412	0.00620	0.00602	0.00821	0.00882	0.01488	0.00874	0.05881	0.20525	0.63135	0.00564	0.00411	0.00203	0.00239
7	0.00684	0.00523	0.00615	0.00636	0.00703	0.03842	0.00452	0.04422	0.00849	0.01147	0.01785	0.34413	0.04607	0.14647	0.23618	0.00350	0.00561	0.00798	0.04969	0.00377
8	0.06399	0.01079	0.05382	0.06512	0.20526	0.07678	0.11739	0.08656	0.08244	0.03043	0.02671	0.05933	0.07578	0.00557	0.00464	0.00139	0.02025	0.00492	0.00294	0.00585

[dist]
# distance from previous block
# <min> <max>
0	3

[block]
# block no. 5 follows, 60 sequences, length 6
# corresponding to MSA columns:
# 462-467
name=unknown_F
#
# <colnr> <probs for GDERKNQSTAVLIFYWHMCP>
#	G	D	E	R	K	N	Q	S	T	A	V	L	I	F	Y	W	H	M	C	P
0	0.15876	0.00958	0.00963	0.00836	0.04420	0.11672	0.03179	0.05358	0.03409	0.01508	0.00970	0.03142	0.02848	0.00655	0.06701	0.00149	0.00474	0.00348	0.03153	0.33381
1	0.01112	0.01115	0.01123	0.23017	0.04424	0.22265	0.00866	0.08733	0.07372	0.01383	0.06034	0.04880	0.01062	0.00663	0.03292	0.00157	0.05100	0.02372	0.04513	0.00518
2	0.02662	0.00891	0.04794	0.00987	0.09477	0.06894	0.03085	0.11180	0.05862	0.04065	0.06459	0.11495	0.03985	0.18166	0.00849	0.00201	0.02283	0.03639	0.00331	0.02695
3	0.06247	0.06868	0.02325	0.07584	0.04506	0.09250	0.00703	0.12944	0.03050	0.05042	0.05843	0.18819	0.05294	0.00806	0.03275	0.00158	0.02970	0.00587	0.00333	0.03396
4	0.00957	0.00726	0.00800	0.03958	0.00971	0.05287	0.00569	0.09918	0.14334	0.07705	0.07972	0.31509	0.04382	0.03461	0.00535	0.00157	0.00347	0.00761	0.02156	0.03495
5	0.04215	0.10454	0.04425	0.10816	0.05222	0.14330	0.07137	0.05820	0.04864	0.01507	0.02937	0.10274	0.04907	0.05808	0.00624	0.00189	0.00571	0.02947	0.02342	0.00610

[dist]
# distance from previous block
# <min> <max>
7	20

[block]
# block no. 6 follows, 60 sequences, length 18
# corresponding to MSA columns:
# 492-509
name=unknown_G
#
# <colnr> <probs for GDERKNQSTAVLIFYWHMCP>
#	G	D	E	R	K	N	Q	S	T	A	V	L	I	F	Y	W	H	M	C	P
0	0.05087	0.03128	0.16958	0.03626	0.13498	0.06589	0.00990	0.09835	0.13905	0.07077	0.04533	0.01196	0.00913	0.00498	0.00478	0.00134	0.05677	0.00389	0.00305	0.05186
1	0.06051	0.04055	0.15108	0.03170	0.08778	0.07572	0.08557	0.16024	0.05455	0.03772	0.02954	0.01113	0.00787	0.02325	0.00484	0.00134	0.03213	0.00376	0.00286	0.09785
2	0.03901	0.25022	0.24624	0.01092	0.03503	0.05403	0.10255	0.07215	0.03825	0.02481	0.02061	0.05777	0.00831	0.00488	0.00398	0.00128	0.00540	0.01619	0.00247	0.00589
3	0.00605	0.00459	0.00640	0.00665	0.00735	0.00463	0.03028	0.00751	0.03340	0.01125	0.03827	0.41048	0.07515	0.08786	0.20707	0.00322	0.00512	0.04746	0.00348	0.00378
4	0.00903	0.00909	0.00753	0.00753	0.00864	0.23125	0.00541	0.02711	0.05380	0.01201	0.07024	0.37056	0.06737	0.07614	0.00631	0.00172	0.00421	0.02434	0.00352	0.00421
5	0.10456	0.02327	0.01224	0.06045	0.04964	0.18065	0.05651	0.15552	0.04612	0.19838	0.02915	0.01237	0.00876	0.00509	0.00435	0.00133	0.01847	0.02347	0.00353	0.00612
6	0.00642	0.00451	0.00662	0.00662	0.00722	0.00511	0.00496	0.00737	0.00677	0.00962	0.01132	0.01769	0.01092	0.10730	0.64353	0.12358	0.00991	0.00471	0.00231	0.00351
7	0.00591	0.00430	0.00591	0.00633	0.00686	0.00450	0.00458	0.00698	0.00770	0.01051	0.01840	0.32480	0.05102	0.12678	0.34655	0.00424	0.00658	0.05126	0.00316	0.00360
8	0.01133	0.01035	0.01002	0.00903	0.01143	0.08967	0.00699	0.04426	0.68254	0.01752	0.01671	0.04557	0.01297	0.00604	0.00443	0.00145	0.00388	0.00497	0.00421	0.00662
9	0.01287	0.01143	0.01342	0.14264	0.16202	0.11182	0.02553	0.26877	0.09740	0.03338	0.01041	0.02538	0.00825	0.00519	0.00471	0.00137	0.03217	0.02370	0.00321	0.00631
10	0.00590	0.00445	0.00508	0.00502	0.00628	0.00388	0.00373	0.00727	0.01057	0.03718	0.27514	0.12700	0.47183	0.01053	0.00517	0.00147	0.00224	0.00902	0.00432	0.00391
11	0.00530	0.00406	0.00486	0.00544	0.00618	0.00362	0.00378	0.00625	0.00913	0.01168	0.07013	0.51131	0.31764	0.01248	0.00540	0.00164	0.00239	0.01101	0.00409	0.00362
12	0.01490	0.01094	0.01369	0.04565	0.14723	0.01177	0.03260	0.49673	0.01652	0.10359	0.01147	0.01193	0.03085	0.00518	0.00466	0.00134	0.02593	0.00415	0.00387	0.00701
13	0.01215	0.01072	0.01234	0.08862	0.15076	0.11606	0.00890	0.23049	0.03392	0.03179	0.00983	0.01268	0.00812	0.03509	0.07984	0.00197	0.09096	0.02043	0.03949	0.00582
14	0.03294	0.08381	0.08503	0.03116	0.01037	0.00766	0.01853	0.03802	0.00844	0.01246	0.01023	0.03795	0.00933	0.06656	0.29717	0.00339	0.03303	0.00412	0.05447	0.15532
15	0.00892	0.05455	0.21749	0.00866	0.01121	0.05701	0.00822	0.10426	0.02521	0.01353	0.01435	0.26901	0.01504	0.11329	0.00715	0.00185	0.02838	0.03385	0.00307	0.00494
16	0.01213	0.06581	0.01274	0.07937	0.14859	0.11830	0.02635	0.15748	0.02802	0.08606	0.04159	0.08372	0.03612	0.02986	0.00506	0.00141	0.02076	0.01503	0.00322	0.02837
17	0.01031	0.00890	0.05273	0.03219	0.01016	0.10561	0.01662	0.12122	0.04687	0.03729	0.06340	0.05282	0.02434	0.02222	0.00929	0.29982	0.02296	0.03130	0.01482	0.01716

[dist]
# distance from previous block
# <min> <max>
1	20

[block]
# block no. 7 follows, 60 sequences, length 32
# corresponding to MSA columns:
# 530-561
name=unknown_H
#
# <colnr> <probs for GDERKNQSTAVLIFYWHMCP>
#	G	D	E	R	K	N	Q	S	T	A	V	L	I	F	Y	W	H	M	C	P
0	0.01053	0.14833	0.19913	0.06896	0.02851	0.02144	0.11120	0.09439	0.14306	0.02857	0.01172	0.05286	0.02454	0.00532	0.00430	0.00137	0.00517	0.03169	0.00288	0.00603
1	0.00564	0.00443	0.00475	0.00478	0.00613	0.00377	0.00354	0.00679	0.00999	0.03432	0.09531	0.13678	0.64646	0.01106	0.00518	0.00150	0.00228	0.00936	0.00414	0.00380
2	0.00716	0.00557	0.00810	0.00811	0.03314	0.00582	0.04900	0.04798	0.00916	0.02542	0.07394	0.37466	0.04562	0.01520	0.16925	0.01662	0.05855	0.03903	0.00347	0.00421
3	0.01164	0.07920	0.03172	0.06292	0.43754	0.07218	0.06823	0.10211	0.04805	0.01510	0.00892	0.01133	0.00732	0.00434	0.00427	0.00130	0.00541	0.01943	0.00251	0.00647
4	0.00818	0.01202	0.29646	0.01006	0.01332	0.00754	0.10219	0.04335	0.00965	0.03912	0.01665	0.28579	0.06803	0.00815	0.00512	0.00156	0.02400	0.04055	0.00306	0.00518
5	0.01575	0.00684	0.00900	0.00728	0.00999	0.00619	0.00587	0.03229	0.05706	0.56415	0.14738	0.05868	0.01671	0.00639	0.00452	0.00137	0.00333	0.00536	0.03529	0.00655
6	0.01618	0.01132	0.01233	0.00955	0.01287	0.01236	0.00785	0.67217	0.04591	0.09507	0.03348	0.01177	0.00891	0.00537	0.00436	0.00131	0.00453	0.00411	0.02332	0.00724
7	0.00744	0.00606	0.00756	0.00777	0.02428	0.04082	0.02725	0.05977	0.00951	0.01264	0.05592	0.44404	0.02254	0.07862	0.00738	0.00190	0.06566	0.10218	0.01455	0.00410
8	0.00779	0.00707	0.01161	0.67173	0.02537	0.00856	0.01053	0.01047	0.00927	0.01213	0.13416	0.05046	0.01229	0.00547	0.00453	0.00145	0.00509	0.00486	0.00247	0.00468
9	0.00550	0.00443	0.00496	0.00525	0.00646	0.00388	0.00402	0.00673	0.00981	0.01207	0.06314	0.15570	0.55838	0.01150	0.00535	0.00159	0.00253	0.13090	0.00407	0.00373
10	0.01602	0.01077	0.01188	0.00933	0.01259	0.01167	0.00763	0.53079	0.14174	0.16295	0.01285	0.01225	0.00900	0.00537	0.00435	0.00134	0.00434	0.00416	0.02371	0.00726
11	0.01043	0.02021	0.69770	0.01171	0.01767	0.00955	0.01461	0.01497	0.00972	0.13941	0.00928	0.01008	0.00634	0.00434	0.00418	0.00138	0.00602	0.00340	0.00239	0.00660
12	0.01390	0.01616	0.01251	0.12481	0.07466	0.52473	0.02349	0.05935	0.01183	0.01230	0.00829	0.02679	0.00703	0.00485	0.00411	0.00123	0.00676	0.02256	0.03943	0.00521
13	0.00899	0.00516	0.00538	0.00501	0.00624	0.00532	0.00376	0.11621	0.01041	0.01690	0.01414	0.05474	0.01187	0.07353	0.00489	0.00135	0.00260	0.00462	0.64451	0.00438
14	0.74406	0.00863	0.00721	0.00622	0.00903	0.00979	0.00513	0.07250	0.00881	0.08506	0.00730	0.00796	0.00541	0.00425	0.00296	0.00135	0.00351	0.00264	0.00304	0.00514
15	0.00836	0.00775	0.01245	0.70737	0.02698	0.00909	0.01103	0.01112	0.00877	0.01162	0.00775	0.01123	0.00591	0.00418	0.00418	0.00133	0.00541	0.00368	0.00204	0.13974
16	0.01294	0.00948	0.01006	0.00878	0.01140	0.04896	0.00695	0.05749	0.54543	0.17738	0.01701	0.01671	0.01268	0.00597	0.00447	0.00145	0.00380	0.03773	0.00450	0.00682
17	0.01713	0.00722	0.00956	0.00767	0.01057	0.00650	0.00618	0.07744	0.01244	0.63713	0.01776	0.14327	0.01335	0.00667	0.00457	0.00141	0.00361	0.00560	0.00511	0.00682
18	0.00955	0.00991	0.01947	0.07334	0.14372	0.00960	0.45888	0.03288	0.01011	0.01363	0.01262	0.04910	0.07217	0.04100	0.00571	0.00158	0.00604	0.02261	0.00251	0.00556
19	0.14395	0.00794	0.00883	0.00658	0.01009	0.00678	0.00530	0.01125	0.00868	0.01487	0.00740	0.00876	0.00616	0.00356	0.00366	0.00081	0.04188	0.00261	0.00257	0.69832
20	0.01415	0.15006	0.15794	0.01015	0.01402	0.10801	0.04697	0.23521	0.06525	0.14121	0.01028	0.01049	0.00744	0.00471	0.00407	0.00126	0.00530	0.00361	0.00332	0.00657
21	0.00752	0.00582	0.00692	0.00723	0.02771	0.00597	0.00542	0.03808	0.15151	0.01322	0.02357	0.08747	0.17193	0.17731	0.00868	0.00220	0.00357	0.24772	0.00379	0.00435
22	0.00979	0.00857	0.00987	0.00905	0.03434	0.02755	0.04243	0.05520	0.46003	0.01667	0.08074	0.04532	0.11521	0.00752	0.02290	0.00160	0.02544	0.01775	0.00407	0.00596
23	0.00833	0.00784	0.01324	0.80807	0.05751	0.00971	0.01216	0.01122	0.00876	0.01125	0.00777	0.01160	0.00585	0.00434	0.00436	0.00145	0.00579	0.00388	0.00195	0.00492
24	0.00963	0.07389	0.10054	0.05527	0.29593	0.00909	0.05035	0.01225	0.01766	0.05384	0.10974	0.03785	0.03141	0.00652	0.02422	0.00154	0.02722	0.07444	0.00285	0.00575
25	0.00585	0.00434	0.00479	0.00474	0.00547	0.00400	0.00313	0.00660	0.00868	0.01116	0.15045	0.03443	0.33389	0.38926	0.01287	0.00271	0.00310	0.00770	0.00353	0.00328
26	0.02820	0.02421	0.13106	0.03769	0.16972	0.03685	0.17152	0.01302	0.06107	0.03020	0.08050	0.06219	0.02443	0.00605	0.01874	0.00153	0.06891	0.01328	0.01516	0.00568
27	0.00548	0.00417	0.00493	0.00536	0.00614	0.00376	0.00376	0.00646	0.00918	0.01177	0.10127	0.37486	0.32265	0.08464	0.00684	0.00185	0.00257	0.03676	0.00399	0.00358
28	0.03056	0.21994	0.18688	0.02249	0.13937	0.09336	0.04166	0.02663	0.02180	0.03415	0.00777	0.00911	0.00623	0.00395	0.00370	0.00112	0.00527	0.00310	0.00226	0.14066
29	0.38987	0.02959	0.00947	0.02971	0.01105	0.31858	0.00659	0.03410	0.00980	0.01505	0.00862	0.01014	0.04324	0.00550	0.02391	0.00143	0.03121	0.01470	0.00258	0.00486
30	0.00578	0.04299	0.00591	0.00602	0.00646	0.00430	0.00413	0.00656	0.00834	0.01105	0.04252	0.66883	0.03927	0.09686	0.00711	0.00197	0.00282	0.03168	0.00382	0.00358
31	0.01186	0.14963	0.17623	0.03012	0.07224	0.04229	0.08053	0.19931	0.01205	0.03991	0.01980	0.01023	0.00709	0.00533	0.03067	0.00142	0.02837	0.00357	0.00273	0.07663

[dist]
# distance from previous block
# <min> <max>
1	11

[block]
# block no. 8 follows, 60 sequences, length 32
# corresponding to MSA columns:
# 578-609
name=unknown_I
#
# <colnr> <probs for GDERKNQSTAVLIFYWHMCP>
#	G	D	E	R	K	N	Q	S	T	A	V	L	I	F	Y	W	H	M	C	P
0	0.03164	0.08766	0.06281	0.00931	0.07222	0.03261	0.01811	0.07993	0.08326	0.03449	0.07568	0.02577	0.03526	0.04305	0.10947	0.00209	0.03569	0.01785	0.03691	0.10621
1	0.00535	0.00436	0.00473	0.00478	0.00605	0.00374	0.00353	0.00659	0.01020	0.01272	0.17778	0.12331	0.59980	0.01094	0.00520	0.00149	0.00222	0.00930	0.00418	0.00374
2	0.00886	0.00949	0.08797	0.02632	0.31127	0.02928	0.06835	0.02474	0.02153	0.01340	0.04595	0.21052	0.01408	0.02242	0.04889	0.00178	0.00501	0.01906	0.00282	0.02825
3	0.00531	0.00383	0.00503	0.00598	0.00630	0.00355	0.00401	0.00608	0.00844	0.01117	0.02511	0.80106	0.07097	0.01352	0.00554	0.00176	0.00251	0.01223	0.00405	0.00355
4	0.00880	0.00841	0.01128	0.08613	0.14561	0.06690	0.00847	0.01031	0.00804	0.01102	0.01054	0.01482	0.05143	0.07038	0.22209	0.00317	0.25120	0.00444	0.00225	0.00472
5	0.00875	0.02256	0.82413	0.01243	0.01888	0.01013	0.01611	0.01381	0.00921	0.01381	0.00783	0.00921	0.00552	0.00414	0.00414	0.00138	0.00645	0.00322	0.00184	0.00645
6	0.00904	0.00775	0.00904	0.00646	0.01034	0.00581	0.00517	0.01098	0.00904	0.01421	0.00775	0.00904	0.00646	0.00323	0.00323	0.00065	0.00323	0.00258	0.00258	0.87339
7	0.06771	0.01006	0.01150	0.00886	0.01226	0.01043	0.00732	0.44182	0.01650	0.34884	0.01294	0.01205	0.00863	0.00523	0.00428	0.00133	0.00428	0.00402	0.00469	0.00726
8	0.00559	0.00399	0.00538	0.00639	0.00676	0.00378	0.00453	0.00655	0.00862	0.01144	0.02389	0.71514	0.02824	0.01340	0.00564	0.00181	0.00277	0.13839	0.00404	0.00362
9	0.01088	0.00924	0.00980	0.00874	0.01118	0.01060	0.00682	0.06417	0.72292	0.01870	0.06372	0.01691	0.01461	0.00605	0.00447	0.00146	0.00344	0.00505	0.00445	0.00677
10	0.07803	0.01281	0.07884	0.00936	0.01261	0.17959	0.00803	0.25268	0.01393	0.24814	0.01115	0.01119	0.00784	0.00642	0.04832	0.00160	0.00553	0.00369	0.00378	0.00647
11	0.01150	0.80507	0.06576	0.00773	0.01161	0.01688	0.00793	0.01310	0.00888	0.01045	0.00616	0.00711	0.00559	0.00375	0.00287	0.00096	0.00476	0.00238	0.00186	0.00564
12	0.01516	0.01844	0.01250	0.01242	0.09597	0.66687	0.00860	0.04551	0.01206	0.01154	0.00744	0.00946	0.00641	0.05330	0.00505	0.00133	0.00726	0.00317	0.00234	0.00519
13	0.00534	0.00385	0.00507	0.00598	0.00632	0.00357	0.00402	0.00617	0.00858	0.01143	0.05799	0.77669	0.06213	0.01336	0.00553	0.00174	0.00250	0.01208	0.00408	0.00357
14	0.87753	0.00843	0.00641	0.00574	0.00843	0.00978	0.00472	0.01282	0.00742	0.01957	0.00607	0.00709	0.00472	0.00405	0.00270	0.00135	0.00337	0.00236	0.00270	0.00472
15	0.00680	0.00534	0.00597	0.00651	0.00687	0.07259	0.00445	0.00704	0.00807	0.01031	0.01868	0.57283	0.02187	0.02926	0.00826	0.17761	0.02125	0.00956	0.00339	0.00334
16	0.01032	0.00987	0.01660	0.02491	0.75175	0.00981	0.01255	0.01279	0.00993	0.01404	0.01120	0.01339	0.07444	0.00448	0.00439	0.00131	0.00493	0.00433	0.00232	0.00664
17	0.01085	0.00937	0.00986	0.00888	0.01134	0.01085	0.00690	0.02318	0.81164	0.01824	0.01775	0.01627	0.01331	0.00592	0.00444	0.00148	0.00345	0.00493	0.00444	0.00690
18	0.00758	0.00379	0.00568	0.00568	0.00568	0.00379	0.00379	0.00568	0.00568	0.00758	0.00758	0.01326	0.00758	0.01515	0.01705	0.87311	0.00379	0.00379	0.00189	0.00189
19	0.87753	0.00843	0.00641	0.00574	0.00843	0.00978	0.00472	0.01282	0.00742	0.01957	0.00607	0.00709	0.00472	0.00405	0.00270	0.00135	0.00337	0.00236	0.00270	0.00472
20	0.04245	0.01055	0.01193	0.00917	0.01260	0.01111	0.00758	0.52792	0.01753	0.28507	0.01253	0.01179	0.00843	0.00525	0.00432	0.00132	0.00441	0.00403	0.00465	0.00734
21	0.01686	0.01176	0.01281	0.00982	0.01330	0.01285	0.00811	0.73076	0.01975	0.10277	0.01111	0.01089	0.00774	0.00525	0.00437	0.00131	0.00470	0.00397	0.00446	0.00742
22	0.00545	0.00385	0.00502	0.00590	0.00612	0.00363	0.00387	0.00611	0.00809	0.01079	0.02270	0.73825	0.02716	0.12158	0.00772	0.00209	0.00275	0.01161	0.00387	0.00343
23	0.00626	0.00641	0.07394	0.00603	0.00780	0.00502	0.00517	0.00803	0.01031	0.01371	0.26232	0.05689	0.38871	0.00931	0.00548	0.00143	0.04743	0.02733	0.00389	0.05453
24	0.00531	0.00380	0.00506	0.00607	0.00633	0.00354	0.00405	0.00607	0.00835	0.01113	0.02404	0.84388	0.02885	0.01366	0.00557	0.00177	0.00253	0.01240	0.00405	0.00354
25	0.10672	0.01059	0.01163	0.00900	0.01238	0.01130	0.00743	0.52057	0.01708	0.23176	0.01175	0.01125	0.00801	0.00515	0.00420	0.00132	0.00437	0.00388	0.00446	0.00714
26	0.01132	0.01301	0.09888	0.09231	0.12490	0.08478	0.33360	0.11099	0.03490	0.01511	0.00873	0.01093	0.00665	0.00426	0.00491	0.00140	0.03051	0.00427	0.00246	0.00609
27	0.00848	0.00821	0.02491	0.42144	0.21072	0.00896	0.05924	0.01101	0.00908	0.01210	0.01184	0.09574	0.05943	0.00603	0.01704	0.00154	0.02154	0.00514	0.00235	0.00520
28	0.00543	0.00403	0.00507	0.00570	0.00631	0.00367	0.00397	0.00645	0.00923	0.01214	0.13322	0.56118	0.18809	0.01248	0.00544	0.00166	0.00243	0.02568	0.00415	0.00366
29	0.00782	0.00486	0.00605	0.00583	0.00708	0.00454	0.00444	0.00937	0.01037	0.10699	0.24148	0.19044	0.16616	0.00936	0.00515	0.00146	0.02671	0.05325	0.11564	0.02301
30	0.05048	0.06115	0.07517	0.09247	0.10708	0.31303	0.07717	0.04760	0.06099	0.02928	0.02429	0.02562	0.00760	0.00465	0.00413	0.00127	0.00614	0.00370	0.00254	0.00565
31	0.04681	0.09933	0.04088	0.03804	0.06755	0.13816	0.03774	0.07439	0.02444	0.04042	0.02873	0.06064	0.08523	0.04879	0.05855	0.00188	0.05009	0.05033	0.00292	0.00511

[dist]
# distance from previous block
# <min> <max>
1	23

[block]
# block no. 9 follows, 60 sequences, length 20
# corresponding to MSA columns:
# 633-652
name=unknown_J
#
# <colnr> <probs for GDERKNQSTAVLIFYWHMCP>
#	G	D	E	R	K	N	Q	S	T	A	V	L	I	F	Y	W	H	M	C	P
0	0.05175	0.03449	0.02327	0.07251	0.13937	0.02023	0.00715	0.05003	0.02234	0.04547	0.04929	0.30200	0.06087	0.02411	0.00535	0.00157	0.02566	0.04232	0.00338	0.01885
1	0.05885	0.06657	0.05159	0.05063	0.20115	0.05226	0.04575	0.03472	0.03580	0.03617	0.02820	0.08845	0.02482	0.02072	0.07547	0.00188	0.03899	0.02737	0.01554	0.04507
2	0.19588	0.03746	0.17733	0.02443	0.09845	0.00844	0.00825	0.01195	0.06837	0.01469	0.04671	0.14508	0.04264	0.03629	0.00493	0.00150	0.01980	0.00519	0.00289	0.04973
3	0.01004	0.03089	0.05312	0.31059	0.11304	0.03615	0.00979	0.08941	0.03547	0.01422	0.00828	0.01048	0.00648	0.00417	0.00416	0.00119	0.01936	0.00346	0.00245	0.23724
4	0.00600	0.00459	0.00552	0.00526	0.00647	0.00418	0.00395	0.00807	0.03492	0.01579	0.56037	0.03494	0.27496	0.00947	0.00513	0.00141	0.00214	0.00820	0.00456	0.00407
5	0.00539	0.00385	0.00515	0.00616	0.00644	0.00361	0.00418	0.00620	0.00842	0.01122	0.02400	0.80969	0.02868	0.01359	0.00559	0.00178	0.00259	0.04586	0.00405	0.00356
6	0.00875	0.02256	0.82413	0.01243	0.01888	0.01013	0.01611	0.01381	0.00921	0.01381	0.00783	0.00921	0.00552	0.00414	0.00414	0.00138	0.00645	0.00322	0.00184	0.00645
7	0.00531	0.00380	0.00506	0.00607	0.00633	0.00354	0.00405	0.00607	0.00835	0.01113	0.02404	0.84388	0.02885	0.01366	0.00557	0.00177	0.00253	0.01240	0.00405	0.00354
8	0.87753	0.00843	0.00641	0.00574	0.00843	0.00978	0.00472	0.01282	0.00742	0.01957	0.00607	0.00709	0.00472	0.00405	0.00270	0.00135	0.00337	0.00236	0.00270	0.00472
9	0.01826	0.00952	0.01142	0.00875	0.01218	0.00952	0.00723	0.36398	0.01599	0.47485	0.01426	0.01293	0.00932	0.00533	0.00438	0.00133	0.00419	0.00419	0.00495	0.00742
10	0.87753	0.00843	0.00641	0.00574	0.00843	0.00978	0.00472	0.01282	0.00742	0.01957	0.00607	0.00709	0.00472	0.00405	0.00270	0.00135	0.00337	0.00236	0.00270	0.00472
11	0.01085	0.00937	0.00986	0.00888	0.01134	0.01085	0.00690	0.02318	0.81164	0.01824	0.01775	0.01627	0.01331	0.00592	0.00444	0.00148	0.00345	0.00493	0.00444	0.00690
12	0.87753	0.00843	0.00641	0.00574	0.00843	0.00978	0.00472	0.01282	0.00742	0.01957	0.00607	0.00709	0.00472	0.00405	0.00270	0.00135	0.00337	0.00236	0.00270	0.00472
13	0.00531	0.00380	0.00506	0.00607	0.00633	0.00354	0.00405	0.00607	0.00835	0.01113	0.02404	0.84388	0.02885	0.01366	0.00557	0.00177	0.00253	0.01240	0.00405	0.00354
14	0.00717	0.00465	0.00596	0.00551	0.00674	0.00425	0.00418	0.00914	0.01204	0.07499	0.67092	0.03106	0.08588	0.00860	0.00498	0.00136	0.00218	0.00752	0.04852	0.00432
15	0.82527	0.00849	0.00662	0.00592	0.00861	0.00985	0.00485	0.01344	0.05591	0.01949	0.00678	0.00764	0.00524	0.00416	0.00280	0.00136	0.00338	0.00252	0.00280	0.00485
16	0.00548	0.00448	0.00489	0.00512	0.00644	0.00390	0.00398	0.00671	0.00986	0.01196	0.03948	0.09042	0.63913	0.01137	0.00532	0.00158	0.00253	0.13959	0.00404	0.00373
17	0.01268	0.00764	0.00899	0.00748	0.00991	0.00772	0.00599	0.19426	0.11809	0.23172	0.21846	0.02129	0.08026	0.00686	0.00463	0.00137	0.00335	0.02094	0.03230	0.00606
18	0.00863	0.00558	0.00688	0.00645	0.00755	0.00573	0.00477	0.14229	0.01031	0.04125	0.09849	0.17821	0.05914	0.05170	0.09966	0.18454	0.00420	0.00644	0.07409	0.00409
19	0.16755	0.00797	0.00873	0.00723	0.00987	0.02848	0.00581	0.14059	0.02708	0.33430	0.02952	0.08018	0.04520	0.00605	0.00409	0.00135	0.00359	0.00480	0.08156	0.00605

[dist]
# distance from previous block
# <min> <max>
6	22

[block]
# block no. 10 follows, 60 sequences, length 21
# corresponding to MSA columns:
# 675-695
name=unknown_K
#
# <colnr> <probs for GDERKNQSTAVLIFYWHMCP>
#	G	D	E	R	K	N	Q	S	T	A	V	L	I	F	Y	W	H	M	C	P
0	0.00724	0.00552	0.00672	0.00653	0.00735	0.00600	0.00479	0.00994	0.13878	0.01190	0.08885	0.02668	0.07515	0.29501	0.13857	0.03022	0.04979	0.08374	0.00326	0.00396
1	0.00631	0.00435	0.00566	0.00625	0.00682	0.00415	0.00437	0.03843	0.00938	0.03326	0.10881	0.64945	0.02838	0.03410	0.00589	0.00177	0.00270	0.04191	0.00414	0.00385
2	0.01119	0.00954	0.01005	0.00894	0.01147	0.01101	0.00699	0.06932	0.76494	0.01879	0.01732	0.01593	0.01297	0.00588	0.00443	0.00147	0.00353	0.00487	0.00443	0.00693
3	0.01166	0.84935	0.02285	0.00746	0.01119	0.01726	0.00746	0.01306	0.00886	0.01026	0.00606	0.00700	0.00560	0.00373	0.00280	0.00093	0.00466	0.00233	0.00187	0.00560
4	0.00531	0.00380	0.00506	0.00607	0.00633	0.00354	0.00405	0.00607	0.00835	0.01113	0.02404	0.84388	0.02885	0.01366	0.00557	0.00177	0.00253	0.01240	0.00405	0.00354
5	0.00961	0.00904	0.06406	0.00728	0.01120	0.02686	0.02664	0.01174	0.00937	0.05303	0.00946	0.01050	0.03435	0.00371	0.00348	0.00079	0.00366	0.00301	0.00270	0.69950
6	0.00892	0.06628	0.69696	0.01207	0.01806	0.01027	0.05158	0.01355	0.00931	0.01373	0.02828	0.00979	0.00651	0.00419	0.00411	0.00134	0.00618	0.00336	0.00196	0.03354
7	0.00515	0.00442	0.00442	0.00442	0.00589	0.00368	0.00331	0.00626	0.00994	0.01178	0.04418	0.04197	0.81775	0.01105	0.00515	0.00147	0.00221	0.00920	0.00405	0.00368
8	0.00607	0.00452	0.00567	0.00564	0.00661	0.00424	0.00413	0.00818	0.04694	0.01542	0.51196	0.21448	0.12959	0.01010	0.00521	0.00148	0.00224	0.00892	0.00453	0.00406
9	0.02563	0.10573	0.05208	0.00796	0.03650	0.03011	0.00658	0.02641	0.08149	0.05047	0.00889	0.00974	0.00710	0.00377	0.00345	0.00088	0.00381	0.00294	0.00277	0.53369
10	0.01629	0.02079	0.01236	0.01124	0.01348	0.82921	0.00843	0.01742	0.01236	0.01067	0.00674	0.00787	0.00562	0.00449	0.00393	0.00112	0.00787	0.00281	0.00225	0.00506
11	0.00531	0.00380	0.00506	0.00607	0.00633	0.00354	0.00405	0.00607	0.00835	0.01113	0.02404	0.84388	0.02885	0.01366	0.00557	0.00177	0.00253	0.01240	0.00405	0.00354
12	0.01093	0.01089	0.05058	0.15115	0.29754	0.04259	0.18350	0.06164	0.03652	0.04892	0.02438	0.01217	0.02072	0.00446	0.00475	0.00138	0.02488	0.00430	0.00254	0.00616
13	0.01122	0.06147	0.09838	0.06019	0.35541	0.06554	0.01115	0.07265	0.03494	0.04565	0.03567	0.01142	0.00813	0.00575	0.03634	0.00156	0.07190	0.00387	0.00254	0.00623
14	0.01629	0.02079	0.01236	0.01124	0.01348	0.82921	0.00843	0.01742	0.01236	0.01067	0.00674	0.00787	0.00562	0.00449	0.00393	0.00112	0.00787	0.00281	0.00225	0.00506
15	0.00639	0.00455	0.00556	0.00534	0.00656	0.00407	0.00403	0.00806	0.01134	0.04861	0.48387	0.07881	0.27919	0.00976	0.00516	0.00144	0.00224	0.02642	0.00453	0.00408
16	0.01021	0.07802	0.31390	0.05698	0.13836	0.02374	0.13589	0.06832	0.03018	0.02872	0.03204	0.02992	0.00827	0.00467	0.00436	0.00137	0.00576	0.02068	0.00244	0.00617
17	0.00622	0.00479	0.00566	0.00611	0.00686	0.02178	0.00431	0.00769	0.04601	0.02892	0.07188	0.54151	0.18732	0.01199	0.00556	0.00166	0.02321	0.01057	0.00405	0.00390
18	0.01629	0.02079	0.01236	0.01124	0.01348	0.82921	0.00843	0.01742	0.01236	0.01067	0.00674	0.00787	0.00562	0.00449	0.00393	0.00112	0.00787	0.00281	0.00225	0.00506
19	0.16894	0.11808	0.06695	0.01203	0.11183	0.29015	0.06596	0.04104	0.01038	0.01383	0.00725	0.00874	0.00591	0.00431	0.00404	0.00123	0.03265	0.00310	0.02809	0.00548
20	0.00657	0.00425	0.00524	0.00555	0.00641	0.00388	0.00395	0.00779	0.00956	0.06066	0.14055	0.43308	0.17459	0.01101	0.00507	0.00155	0.00241	0.00972	0.10423	0.00394

[dist]
# distance from previous block
# <min> <max>
1	35

[block]
# block no. 11 follows, 60 sequences, length 16
# corresponding to MSA columns:
# 731-746
name=unknown_L
#
# <colnr> <probs for GDERKNQSTAVLIFYWHMCP>
#	G	D	E	R	K	N	Q	S	T	A	V	L	I	F	Y	W	H	M	C	P
0	0.01134	0.00655	0.00796	0.00678	0.00881	0.00641	0.00533	0.13314	0.05443	0.21475	0.33047	0.05835	0.05298	0.00732	0.00465	0.00135	0.00297	0.00622	0.07466	0.00552
1	0.00934	0.06946	0.10133	0.05099	0.08599	0.06395	0.05139	0.03023	0.10996	0.01355	0.09608	0.01781	0.11347	0.03825	0.03408	0.00171	0.09916	0.00502	0.00294	0.00530
2	0.03199	0.00591	0.00726	0.00626	0.00817	0.00564	0.00492	0.04212	0.06024	0.24724	0.35120	0.02226	0.02346	0.00681	0.00443	0.00131	0.00274	0.00576	0.15692	0.00535
3	0.01137	0.26770	0.18511	0.00970	0.03212	0.03446	0.00934	0.07097	0.05430	0.08554	0.05599	0.02336	0.00918	0.00582	0.02433	0.00143	0.10692	0.00372	0.00273	0.00590
4	0.00930	0.02734	0.28649	0.00857	0.01198	0.00766	0.00890	0.06598	0.06272	0.08845	0.30995	0.02049	0.06084	0.00655	0.00459	0.00137	0.00403	0.00549	0.00370	0.00561
5	0.00531	0.00380	0.00506	0.00607	0.00633	0.00354	0.00405	0.00607	0.00835	0.01113	0.02404	0.84388	0.02885	0.01366	0.00557	0.00177	0.00253	0.01240	0.00405	0.00354
6	0.01205	0.77965	0.02197	0.00778	0.01139	0.08556	0.00754	0.01343	0.00916	0.01030	0.00612	0.00707	0.00560	0.00380	0.00289	0.00095	0.00493	0.00237	0.00190	0.00555
7	0.00758	0.00379	0.00568	0.00568	0.00568	0.00379	0.00379	0.00568	0.00568	0.00758	0.00758	0.01326	0.00758	0.01515	0.01705	0.87311	0.00379	0.00379	0.00189	0.00189
8	0.01216	0.02926	0.01078	0.06139	0.01261	0.03978	0.00732	0.22677	0.43352	0.01960	0.01423	0.01394	0.01064	0.00546	0.00423	0.00137	0.00401	0.00439	0.08198	0.00656
9	0.01389	0.33752	0.01732	0.02669	0.01343	0.31827	0.08113	0.03695	0.01091	0.07677	0.00779	0.00878	0.00629	0.00423	0.00365	0.00111	0.00600	0.00305	0.02065	0.00557
10	0.00945	0.00807	0.00948	0.00691	0.01056	0.00661	0.00556	0.05091	0.00949	0.01468	0.00778	0.00914	0.00647	0.00357	0.00389	0.00075	0.04864	0.00272	0.00264	0.78269
11	0.03257	0.12699	0.13903	0.01179	0.07999	0.04751	0.07934	0.24637	0.09251	0.03250	0.01012	0.03827	0.00802	0.00535	0.01648	0.00140	0.01825	0.00402	0.00308	0.00641
12	0.07919	0.11849	0.04886	0.03543	0.01259	0.03314	0.00778	0.36123	0.05405	0.05260	0.01025	0.04227	0.00810	0.00571	0.02014	0.00138	0.03012	0.00388	0.02368	0.05110
