[name]
unknown

[dist]
# distance from previous block
# <min> <max>
0	52

[block]
# block no. 0 follows, 58 sequences, length 89
# corresponding to MSA columns:
# 57-145
name=unknown_A
#
# <colnr> <probs for GDERKNQSTAVLIFYWHMCP>
#	G	D	E	R	K	N	Q	S	T	A	V	L	I	F	Y	W	H	M	C	P
0	0.00724	0.00536	0.00756	0.00884	0.05349	0.00531	0.00697	0.00941	0.02209	0.01398	0.12472	0.10105	0.02693	0.01150	0.00591	0.00191	0.00381	0.57548	0.00413	0.00431
1	0.00834	0.00417	0.00417	0.00417	0.00521	0.00417	0.00313	0.01042	0.00938	0.01668	0.01459	0.01668	0.01147	0.00521	0.00313	0.00104	0.00208	0.00417	0.86763	0.00417
2	0.00928	0.00795	0.00928	0.00663	0.01060	0.00596	0.00530	0.01126	0.00928	0.01458	0.00795	0.00928	0.00663	0.00331	0.00331	0.00066	0.00331	0.00265	0.00265	0.87014
3	0.00536	0.00453	0.00463	0.00461	0.00609	0.00381	0.00346	0.00656	0.01037	0.01250	0.09923	0.04237	0.75890	0.01118	0.00529	0.00150	0.00225	0.00935	0.00421	0.00381
4	0.00834	0.00417	0.00417	0.00417	0.00521	0.00417	0.00313	0.01042	0.00938	0.01668	0.01459	0.01668	0.01147	0.00521	0.00313	0.00104	0.00208	0.00417	0.86763	0.00417
5	0.01103	0.01052	0.01762	0.04117	0.75595	0.01064	0.01334	0.01424	0.05438	0.01478	0.00895	0.01140	0.00743	0.00411	0.00444	0.00134	0.00523	0.00404	0.00234	0.00705
6	0.01120	0.00950	0.01007	0.00903	0.01151	0.01091	0.00702	0.07120	0.71660	0.01893	0.01807	0.05888	0.01410	0.00644	0.00461	0.00152	0.00358	0.00539	0.00453	0.00693
7	0.01266	0.72908	0.02204	0.00802	0.01182	0.01717	0.00777	0.12332	0.01076	0.01299	0.00685	0.00767	0.00600	0.00404	0.00309	0.00101	0.00480	0.00262	0.00227	0.00600
8	0.00924	0.00871	0.01443	0.58833	0.22585	0.01017	0.01247	0.01264	0.05051	0.01260	0.00860	0.01196	0.00664	0.00443	0.00447	0.00145	0.00568	0.00403	0.00218	0.00561
9	0.00639	0.00479	0.00719	0.00719	0.00799	0.00559	0.00559	0.00799	0.00719	0.01038	0.01198	0.01757	0.01118	0.03355	0.82507	0.00719	0.01198	0.00479	0.00240	0.00399
10	0.00560	0.00398	0.00528	0.00626	0.00654	0.00375	0.00423	0.00640	0.00854	0.01137	0.02402	0.75407	0.02865	0.05993	0.00668	0.00197	0.00277	0.05229	0.00407	0.00361
11	0.01697	0.01353	0.01334	0.01043	0.01387	0.10631	0.00852	0.71083	0.02008	0.02623	0.01030	0.01044	0.00740	0.00528	0.00442	0.00132	0.00528	0.00390	0.00423	0.00733
12	0.00928	0.00795	0.00928	0.00663	0.01060	0.00596	0.00530	0.01126	0.00928	0.01458	0.00795	0.00928	0.00663	0.00331	0.00331	0.00066	0.00331	0.00265	0.00265	0.87014
13	0.01387	0.46410	0.05190	0.00931	0.01280	0.23767	0.00842	0.12980	0.01183	0.01338	0.00715	0.00803	0.00602	0.00428	0.00348	0.00109	0.00578	0.00280	0.00239	0.00590
14	0.00688	0.00495	0.00678	0.00757	0.00857	0.00485	0.00641	0.00881	0.01049	0.01382	0.13442	0.10632	0.06082	0.01199	0.00598	0.00193	0.00365	0.58745	0.00423	0.00408
15	0.01082	0.01144	0.04885	0.10881	0.47869	0.09693	0.03473	0.01387	0.05076	0.01393	0.02551	0.03914	0.03699	0.00489	0.00450	0.00137	0.00545	0.00448	0.00249	0.00632
16	0.00651	0.00434	0.00488	0.00488	0.00488	0.00434	0.00271	0.00651	0.00651	0.00867	0.01409	0.02927	0.01626	0.84279	0.02277	0.00434	0.00434	0.00651	0.00271	0.00271
17	0.00604	0.00460	0.00656	0.00847	0.09191	0.00437	0.00516	0.00702	0.00874	0.01176	0.02294	0.75229	0.02721	0.01295	0.00557	0.00177	0.00288	0.01179	0.00395	0.00400
18	0.00589	0.00456	0.00537	0.00516	0.00641	0.00403	0.00387	0.00758	0.01162	0.01546	0.48716	0.03750	0.36913	0.01007	0.00528	0.00145	0.00218	0.00866	0.00460	0.00403
19	0.01672	0.02105	0.01270	0.01149	0.01383	0.80042	0.00864	0.04141	0.01293	0.01147	0.00703	0.00815	0.00582	0.00463	0.00405	0.00116	0.00797	0.00292	0.00237	0.00526
20	0.00916	0.00781	0.00909	0.00673	0.01043	0.00610	0.00533	0.01163	0.05047	0.01461	0.00941	0.05576	0.00826	0.00405	0.00351	0.00077	0.00328	0.00333	0.00283	0.77742
21	0.00897	0.02314	0.81962	0.01275	0.01936	0.01039	0.01653	0.01417	0.00944	0.01417	0.00803	0.00944	0.00567	0.00425	0.00425	0.00142	0.00661	0.00331	0.00189	0.00661
22	0.00834	0.00417	0.00417	0.00417	0.00521	0.00417	0.00313	0.01042	0.00938	0.01668	0.01459	0.01668	0.01147	0.00521	0.00313	0.00104	0.00208	0.00417	0.86763	0.00417
23	0.00639	0.00479	0.00719	0.00719	0.00799	0.00559	0.00559	0.00799	0.00719	0.01038	0.01198	0.01757	0.01118	0.03355	0.82507	0.00719	0.01198	0.00479	0.00240	0.00399
24	0.00979	0.00979	0.01370	0.01174	0.01174	0.01370	0.00979	0.01077	0.00685	0.01077	0.00587	0.00979	0.00587	0.00783	0.01468	0.00196	0.83461	0.00391	0.00196	0.00489
25	0.01096	0.01061	0.01767	0.09264	0.73607	0.02582	0.01353	0.01362	0.01013	0.01429	0.00835	0.01108	0.00697	0.00404	0.00442	0.00134	0.00542	0.00396	0.00220	0.00688
26	0.00562	0.00464	0.00499	0.00517	0.00660	0.00401	0.00406	0.00691	0.01021	0.01231	0.04158	0.04433	0.67694	0.01151	0.00544	0.00161	0.00259	0.14350	0.00415	0.00384
27	0.00834	0.00417	0.00417	0.00417	0.00521	0.00417	0.00313	0.01042	0.00938	0.01668	0.01459	0.01668	0.01147	0.00521	0.00313	0.00104	0.00208	0.00417	0.86763	0.00417
28	0.00944	0.08059	0.73789	0.01231	0.01863	0.01101	0.01565	0.03924	0.00979	0.01436	0.00799	0.00933	0.00573	0.00426	0.00416	0.00138	0.00643	0.00326	0.00197	0.00658
29	0.01712	0.01273	0.01326	0.01025	0.01377	0.05100	0.00843	0.73175	0.02031	0.06000	0.01085	0.01080	0.00767	0.00534	0.00446	0.00134	0.00502	0.00399	0.00442	0.00750
30	0.00834	0.00417	0.00417	0.00417	0.00521	0.00417	0.00313	0.01042	0.00938	0.01668	0.01459	0.01668	0.01147	0.00521	0.00313	0.00104	0.00208	0.00417	0.86763	0.00417
31	0.00633	0.00457	0.00598	0.00563	0.00668	0.00422	0.00422	0.00844	0.01266	0.01794	0.81253	0.03341	0.04221	0.00914	0.00528	0.00141	0.00211	0.00809	0.00492	0.00422
32	0.01196	0.84548	0.02344	0.00765	0.01148	0.01770	0.00765	0.01339	0.00909	0.01052	0.00622	0.00718	0.00574	0.00383	0.00287	0.00096	0.00478	0.00239	0.00191	0.00574
33	0.00845	0.00795	0.01342	0.83204	0.03081	0.00994	0.01242	0.01143	0.00894	0.01143	0.00795	0.01193	0.00596	0.00447	0.00447	0.00149	0.00596	0.00398	0.00199	0.00497
34	0.00529	0.00453	0.00453	0.00453	0.00604	0.00378	0.00340	0.00642	0.01020	0.01208	0.04532	0.04305	0.81307	0.01133	0.00529	0.00151	0.00227	0.00944	0.00415	0.00378
35	0.00650	0.00437	0.00507	0.00507	0.00514	0.00444	0.00295	0.00663	0.00656	0.00882	0.01392	0.02829	0.01584	0.77508	0.08990	0.00458	0.00498	0.00636	0.00268	0.00282
36	0.06470	0.01187	0.01274	0.00984	0.01335	0.01304	0.00812	0.67994	0.03655	0.08810	0.01118	0.01102	0.00785	0.00533	0.00438	0.00135	0.00473	0.00400	0.00446	0.00744
37	0.00636	0.00479	0.00674	0.00711	0.00777	0.00460	0.04547	0.05070	0.00936	0.01250	0.02308	0.75106	0.02719	0.01300	0.00562	0.00177	0.00298	0.01185	0.00407	0.00398
38	0.87439	0.00865	0.00657	0.00588	0.00865	0.01003	0.00484	0.01315	0.00761	0.02007	0.00623	0.00727	0.00484	0.00415	0.00277	0.00138	0.00346	0.00242	0.00277	0.00484
39	0.00914	0.00781	0.00913	0.00661	0.01046	0.00588	0.00526	0.01109	0.00925	0.01446	0.00854	0.03868	0.00744	0.00369	0.00340	0.00070	0.00329	0.00301	0.00270	0.83947
40	0.01884	0.00818	0.01056	0.00825	0.01162	0.00760	0.00677	0.07671	0.10300	0.67227	0.01723	0.01508	0.01112	0.00558	0.00450	0.00140	0.00385	0.00453	0.00535	0.00755
41	0.00980	0.00972	0.01698	0.01345	0.07810	0.00861	0.34032	0.01285	0.03402	0.01443	0.00969	0.05692	0.00822	0.00424	0.00440	0.00116	0.00522	0.00449	0.00259	0.36482
42	0.00834	0.00417	0.00417	0.00417	0.00521	0.00417	0.00313	0.01042	0.00938	0.01668	0.01459	0.01668	0.01147	0.00521	0.00313	0.00104	0.00208	0.00417	0.86763	0.00417
43	0.00928	0.00795	0.00928	0.00663	0.01060	0.00596	0.00530	0.01126	0.00928	0.01458	0.00795	0.00928	0.00663	0.00331	0.00331	0.00066	0.00331	0.00265	0.00265	0.87014
44	0.00639	0.00479	0.00719	0.00719	0.00799	0.00559	0.00559	0.00799	0.00719	0.01038	0.01198	0.01757	0.01118	0.03355	0.82507	0.00719	0.01198	0.00479	0.00240	0.00399
45	0.01018	0.01223	0.20953	0.01272	0.16058	0.00827	0.05369	0.01339	0.02912	0.06531	0.03495	0.02353	0.00842	0.00424	0.00406	0.00112	0.00471	0.00370	0.00269	0.33759
46	0.34159	0.01234	0.01180	0.05948	0.20844	0.19685	0.00864	0.08489	0.01068	0.01689	0.00742	0.00895	0.00591	0.00434	0.00371	0.00132	0.00524	0.00314	0.00264	0.00572
47	0.00834	0.00417	0.00417	0.00417	0.00521	0.00417	0.00313	0.01042	0.00938	0.01668	0.01459	0.01668	0.01147	0.00521	0.00313	0.00104	0.00208	0.00417	0.86763	0.00417
48	0.37083	0.34726	0.01444	0.00753	0.01068	0.11631	0.00663	0.03965	0.02788	0.01531	0.00674	0.00766	0.00562	0.00416	0.00307	0.00118	0.00462	0.00258	0.00246	0.00539
49	0.01090	0.01044	0.01775	0.02677	0.79053	0.01042	0.01342	0.01351	0.01019	0.01454	0.00953	0.01203	0.03135	0.00421	0.00445	0.00133	0.00522	0.00415	0.00227	0.00699
50	0.00614	0.00525	0.00537	0.00525	0.00690	0.00483	0.00400	0.00890	0.12107	0.01304	0.04104	0.03955	0.68349	0.01062	0.00521	0.00152	0.00249	0.02687	0.00421	0.00424
51	0.00545	0.00389	0.00519	0.00623	0.00649	0.00363	0.00415	0.00623	0.00856	0.01142	0.02465	0.83987	0.02959	0.01401	0.00571	0.00182	0.00260	0.01272	0.00415	0.00363
52	0.00859	0.00810	0.01368	0.78739	0.07433	0.00998	0.01250	0.01156	0.00901	0.01161	0.00798	0.01188	0.00603	0.00445	0.00447	0.00148	0.00593	0.00398	0.00200	0.00509
53	0.01067	0.01022	0.01743	0.15033	0.69514	0.01052	0.01353	0.01338	0.01000	0.01413	0.00834	0.01120	0.00691	0.00406	0.00444	0.00135	0.00541	0.00398	0.00218	0.00676
54	0.01538	0.01923	0.01214	0.05665	0.01420	0.71598	0.00850	0.01660	0.01215	0.01101	0.00835	0.07272	0.00762	0.00533	0.00419	0.00122	0.00753	0.00370	0.00243	0.00505
55	0.01076	0.01042	0.01810	0.11394	0.68622	0.01059	0.05715	0.01351	0.01007	0.01425	0.00840	0.01122	0.00695	0.00403	0.00448	0.00136	0.00551	0.00406	0.00219	0.00680
56	0.00647	0.00432	0.00489	0.00492	0.00493	0.00432	0.00275	0.00650	0.00657	0.00876	0.01441	0.05368	0.01666	0.81784	0.02225	0.00426	0.00428	0.00669	0.00275	0.00274
57	0.01107	0.01063	0.01816	0.02746	0.81489	0.01063	0.01373	0.01373	0.01019	0.01461	0.00841	0.01107	0.00709	0.00399	0.00443	0.00133	0.00531	0.00399	0.00221	0.00709
58	0.01102	0.01067	0.05946	0.12021	0.15147	0.01073	0.13457	0.02997	0.35514	0.04927	0.01309	0.01385	0.00983	0.00502	0.00462	0.00147	0.00499	0.00464	0.00336	0.00665
59	0.01056	0.01207	0.02640	0.01885	0.02338	0.01131	0.79864	0.01433	0.01056	0.01433	0.00905	0.01207	0.00679	0.00377	0.00528	0.00151	0.00754	0.00528	0.00226	0.00603
60	0.00573	0.00451	0.00518	0.00509	0.00634	0.00395	0.00379	0.00725	0.01112	0.01448	0.36342	0.08866	0.44337	0.01059	0.00531	0.00149	0.00222	0.00908	0.00447	0.00395
61	0.00651	0.00434	0.00488	0.00488	0.00488	0.00434	0.00271	0.00651	0.00651	0.00867	0.01409	0.02927	0.01626	0.84279	0.02277	0.00434	0.00434	0.00651	0.00271	0.00271
62	0.01179	0.60706	0.19133	0.00888	0.01327	0.01567	0.00955	0.05444	0.00988	0.03252	0.00712	0.00804	0.00596	0.00404	0.00329	0.00108	0.00515	0.00272	0.00213	0.00607
63	0.01246	0.75827	0.02230	0.00806	0.01173	0.10311	0.00776	0.01387	0.00947	0.01057	0.00629	0.00727	0.00574	0.00391	0.00299	0.00098	0.00513	0.00244	0.00195	0.00568
64	0.00583	0.00436	0.00541	0.00554	0.00647	0.00394	0.00401	0.00732	0.01089	0.01466	0.40170	0.27060	0.22072	0.01108	0.00540	0.00155	0.00229	0.00976	0.00452	0.00394
65	0.22060	0.05873	0.16118	0.04182	0.05569	0.14807	0.00879	0.03809	0.01044	0.10403	0.05514	0.03889	0.03035	0.00522	0.00397	0.00135	0.00504	0.00392	0.00298	0.00569
66	0.00589	0.00455	0.00536	0.00516	0.00641	0.00403	0.00387	0.00758	0.01161	0.01544	0.48489	0.03753	0.37141	0.01008	0.00528	0.00145	0.00218	0.00867	0.00460	0.00403
67	0.00897	0.02314	0.81962	0.01275	0.01936	0.01039	0.01653	0.01417	0.00944	0.01417	0.00803	0.00944	0.00567	0.00425	0.00425	0.00142	0.00661	0.00331	0.00189	0.00661
68	0.01011	0.00964	0.01641	0.32334	0.52655	0.01037	0.01325	0.01288	0.00973	0.01344	0.00824	0.01139	0.00667	0.00416	0.00444	0.00139	0.00555	0.00398	0.00213	0.00631
69	0.00897	0.02314	0.81962	0.01275	0.01936	0.01039	0.01653	0.01417	0.00944	0.01417	0.00803	0.00944	0.00567	0.00425	0.00425	0.00142	0.00661	0.00331	0.00189	0.00661
70	0.00617	0.00453	0.00544	0.00521	0.00640	0.00409	0.00391	0.00801	0.01173	0.01618	0.53800	0.03498	0.25954	0.00949	0.00513	0.00141	0.00215	0.00820	0.06533	0.00409
71	0.01196	0.84548	0.02344	0.00765	0.01148	0.01770	0.00765	0.01339	0.00909	0.01052	0.00622	0.00718	0.00574	0.00383	0.00287	0.00096	0.00478	0.00239	0.00191	0.00574
72	0.00562	0.00469	0.00492	0.00489	0.00633	0.00408	0.00365	0.00725	0.03860	0.01294	0.12865	0.07451	0.66630	0.01101	0.00528	0.00151	0.00231	0.00927	0.00425	0.00394
73	0.00845	0.00795	0.01342	0.83204	0.03081	0.00994	0.01242	0.01143	0.00894	0.01143	0.00795	0.01193	0.00596	0.00447	0.00447	0.00149	0.00596	0.00398	0.00199	0.00497
74	0.01098	0.01092	0.01678	0.18764	0.59553	0.07357	0.01307	0.01359	0.01013	0.01369	0.00820	0.01101	0.00676	0.00413	0.00441	0.00135	0.00566	0.00390	0.00218	0.00651
75	0.00904	0.00855	0.01448	0.65156	0.20669	0.01009	0.01272	0.01194	0.00922	0.01214	0.00805	0.01173	0.00621	0.00436	0.00446	0.00145	0.00582	0.00398	0.00204	0.00544
76	0.00622	0.00457	0.00582	0.00551	0.00661	0.00417	0.00413	0.00822	0.01239	0.01729	0.72798	0.03448	0.12716	0.00939	0.00528	0.00142	0.00213	0.00824	0.00484	0.00417
77	0.06999	0.00681	0.00816	0.00720	0.00861	0.01866	0.03817	0.12372	0.01000	0.07995	0.01381	0.05576	0.01356	0.33566	0.07538	0.00304	0.02009	0.05566	0.05129	0.00449
78	0.04963	0.01500	0.04196	0.02936	0.18601	0.32806	0.00962	0.13788	0.02760	0.11876	0.00944	0.01029	0.00712	0.00471	0.00422	0.00128	0.00608	0.00356	0.00307	0.00635
79	0.00603	0.00471	0.00548	0.00526	0.00656	0.00424	0.00395	0.00803	0.03567	0.01544	0.45765	0.03706	0.37373	0.00999	0.00526	0.00145	0.00222	0.00858	0.00458	0.00412
80	0.00654	0.00459	0.00599	0.00610	0.00650	0.00489	0.00426	0.00735	0.00717	0.00982	0.01437	0.02728	0.01543	0.45371	0.31659	0.00514	0.00713	0.09105	0.00275	0.00334
81	0.01672	0.02116	0.01269	0.01150	0.01383	0.81043	0.00864	0.03175	0.01282	0.01125	0.00698	0.00811	0.00579	0.00462	0.00404	0.00116	0.00801	0.00290	0.00234	0.00523
82	0.01083	0.01048	0.01818	0.09301	0.71079	0.01061	0.05309	0.01357	0.01010	0.01434	0.00841	0.01119	0.00698	0.00401	0.00447	0.00135	0.00548	0.00405	0.00220	0.00686
83	0.01042	0.02155	0.01127	0.10444	0.08832	0.02473	0.01778	0.01925	0.51603	0.01648	0.01577	0.07879	0.01281	0.00612	0.00455	0.00147	0.00405	0.00527	0.00384	0.03706
84	0.00774	0.01416	0.40439	0.05298	0.01531	0.00787	0.06778	0.01107	0.00932	0.01308	0.01579	0.25541	0.06276	0.00780	0.00489	0.00157	0.00512	0.03480	0.00280	0.00535
85	0.04646	0.25947	0.46200	0.01092	0.02705	0.02464	0.01258	0.06838	0.01019	0.02900	0.00778	0.00889	0.00591	0.00423	0.00381	0.00127	0.00579	0.00308	0.00219	0.00636
86	0.01209	0.77331	0.06414	0.00793	0.01189	0.01693	0.00807	0.01373	0.00924	0.03930	0.00672	0.00758	0.00593	0.00391	0.00300	0.00100	0.00484	0.00251	0.00204	0.00585
87	0.00651	0.00434	0.00488	0.00488	0.00488	0.00434	0.00271	0.00651	0.00651	0.00867	0.01409	0.02927	0.01626	0.84279	0.02277	0.00434	0.00434	0.00651	0.00271	0.00271
88	0.02458	0.32206	0.14145	0.01056	0.07255	0.04413	0.04176	0.05061	0.01058	0.14599	0.00906	0.00974	0.00691	0.00424	0.00373	0.00115	0.00503	0.00324	0.00276	0.08987

[dist]
# distance from previous block
# <min> <max>
0	1

[block]
# block no. 1 follows, 58 sequences, length 20
# corresponding to MSA columns:
# 147-166
name=unknown_B
#
# <colnr> <probs for GDERKNQSTAVLIFYWHMCP>
#	G	D	E	R	K	N	Q	S	T	A	V	L	I	F	Y	W	H	M	C	P
0	0.01297	0.35617	0.06810	0.00996	0.04091	0.16892	0.00862	0.10821	0.13327	0.01439	0.00943	0.01079	0.00781	0.00479	0.00378	0.00120	0.00535	0.02646	0.00277	0.00611
1	0.00690	0.00565	0.00816	0.05323	0.06710	0.00552	0.04281	0.00899	0.06366	0.01252	0.02096	0.55593	0.04374	0.01103	0.00531	0.00166	0.00333	0.02468	0.00375	0.05508
2	0.04167	0.16956	0.17036	0.03110	0.22232	0.04857	0.08209	0.02804	0.01990	0.05614	0.01813	0.02205	0.00738	0.00432	0.00407	0.00126	0.00542	0.00370	0.00245	0.06147
3	0.04081	0.15591	0.37059	0.01074	0.04391	0.01058	0.01143	0.03967	0.01062	0.22881	0.01070	0.01159	0.00768	0.00473	0.00409	0.00134	0.00530	0.02181	0.00304	0.00666
4	0.00669	0.00512	0.00732	0.00716	0.00776	0.00603	0.00544	0.00796	0.00704	0.01012	0.01185	0.01894	0.01162	0.16998	0.62208	0.00628	0.07733	0.00501	0.00241	0.00385
5	0.01550	0.23125	0.01542	0.01054	0.01323	0.61925	0.00839	0.01672	0.01176	0.01084	0.00674	0.00784	0.00576	0.00441	0.00374	0.00110	0.00723	0.00276	0.00221	0.00533
6	0.01231	0.04763	0.03238	0.07134	0.41413	0.03450	0.08053	0.07154	0.01122	0.11894	0.01092	0.04117	0.02346	0.00481	0.00450	0.00136	0.00526	0.00446	0.00289	0.00665
7	0.00640	0.00474	0.00695	0.00695	0.00766	0.00546	0.00529	0.00783	0.00712	0.01020	0.01220	0.01880	0.01172	0.11867	0.74068	0.00689	0.01118	0.00497	0.00243	0.00386
8	0.00550	0.00391	0.00518	0.00617	0.00641	0.00367	0.00409	0.00624	0.00847	0.01129	0.02417	0.80278	0.02898	0.05194	0.00649	0.00193	0.00267	0.01243	0.00409	0.00359
9	0.00897	0.02314	0.81962	0.01275	0.01936	0.01039	0.01653	0.01417	0.00944	0.01417	0.00803	0.00944	0.00567	0.00425	0.00425	0.00142	0.00661	0.00331	0.00189	0.00661
10	0.01108	0.14449	0.43721	0.01261	0.07238	0.09151	0.02590	0.03464	0.02578	0.04513	0.00821	0.00954	0.00624	0.00451	0.00466	0.00135	0.05284	0.00334	0.00223	0.00634
11	0.00626	0.00493	0.00636	0.09229	0.00910	0.00471	0.00492	0.00816	0.01145	0.01533	0.47036	0.03460	0.27341	0.00941	0.00522	0.00147	0.00262	0.03087	0.00436	0.00416
12	0.00897	0.02314	0.81962	0.01275	0.01936	0.01039	0.01653	0.01417	0.00944	0.01417	0.00803	0.00944	0.00567	0.00425	0.00425	0.00142	0.00661	0.00331	0.00189	0.00661
13	0.03799	0.55101	0.10458	0.00878	0.01261	0.10282	0.00862	0.05302	0.06107	0.01262	0.00747	0.00830	0.00631	0.00418	0.00332	0.00109	0.00522	0.00279	0.00227	0.00592
14	0.00589	0.00461	0.00501	0.00499	0.00639	0.00397	0.00377	0.00716	0.01041	0.03201	0.13383	0.07045	0.61569	0.03129	0.00575	0.00160	0.00244	0.04659	0.00424	0.00391
15	0.00605	0.00475	0.00549	0.00527	0.00659	0.00429	0.00396	0.00814	0.04273	0.01535	0.43782	0.03707	0.38626	0.01000	0.00525	0.00146	0.00224	0.00858	0.00456	0.00413
16	0.00643	0.00453	0.00595	0.00597	0.00635	0.00490	0.00407	0.00718	0.00687	0.00953	0.01339	0.04450	0.01427	0.45010	0.39078	0.00558	0.00780	0.00588	0.00260	0.00332
17	0.04338	0.01825	0.09863	0.01503	0.19644	0.48956	0.01050	0.05217	0.01198	0.01322	0.00752	0.00899	0.00611	0.00445	0.00412	0.00124	0.00699	0.00321	0.00236	0.00587
18	0.00550	0.00391	0.00518	0.00616	0.00641	0.00367	0.00408	0.00624	0.00846	0.01129	0.02414	0.80029	0.02894	0.05448	0.00654	0.00194	0.00268	0.01241	0.00408	0.00359
19	0.01207	0.36288	0.01544	0.00801	0.01095	0.07904	0.00697	0.16104	0.06671	0.02836	0.06713	0.05308	0.06577	0.00578	0.00388	0.00120	0.00441	0.00439	0.03711	0.00577

[dist]
# distance from previous block
# <min> <max>
4	9

[block]
# block no. 2 follows, 58 sequences, length 76
# corresponding to MSA columns:
# 179-254
name=unknown_C
#
# <colnr> <probs for GDERKNQSTAVLIFYWHMCP>
#	G	D	E	R	K	N	Q	S	T	A	V	L	I	F	Y	W	H	M	C	P
0	0.00751	0.00518	0.00641	0.00620	0.01908	0.00481	0.00461	0.00994	0.06076	0.07922	0.44327	0.08122	0.21470	0.00948	0.00521	0.00148	0.00250	0.02919	0.00466	0.00457
1	0.01160	0.08697	0.47045	0.01066	0.01574	0.00970	0.02478	0.03349	0.01073	0.18903	0.08418	0.01279	0.01028	0.00496	0.00430	0.00137	0.00541	0.00398	0.00303	0.00655
2	0.01199	0.04285	0.23940	0.02456	0.23397	0.08777	0.06058	0.05870	0.02318	0.10207	0.00998	0.02676	0.00790	0.04456	0.00525	0.00150	0.00575	0.00407	0.00271	0.00645
3	0.01058	0.00928	0.00955	0.00864	0.01094	0.04175	0.00668	0.02112	0.65233	0.01818	0.12731	0.01913	0.03183	0.00653	0.00464	0.00149	0.00350	0.00547	0.00451	0.00655
4	0.00903	0.02188	0.74057	0.01310	0.01942	0.01033	0.07800	0.01402	0.00951	0.01412	0.00844	0.02642	0.00624	0.00441	0.00436	0.00143	0.00660	0.00365	0.00196	0.00651
5	0.01206	0.01605	0.40452	0.04642	0.11932	0.00984	0.04674	0.05077	0.05243	0.18228	0.01077	0.01150	0.00754	0.00462	0.00440	0.00141	0.00564	0.00388	0.00296	0.00686
6	0.01036	0.02843	0.25452	0.12620	0.41737	0.04521	0.02716	0.01374	0.00990	0.01384	0.00815	0.01052	0.00644	0.00415	0.00435	0.00136	0.00593	0.00373	0.00209	0.00655
7	0.00556	0.00400	0.00528	0.00611	0.00650	0.00371	0.00415	0.00653	0.00915	0.01230	0.13026	0.71500	0.04822	0.01331	0.00564	0.00176	0.00252	0.01203	0.00426	0.00371
8	0.01055	0.02735	0.06779	0.26700	0.09047	0.06022	0.04080	0.09964	0.11165	0.02910	0.06397	0.05115	0.01143	0.00575	0.00473	0.00146	0.01557	0.03252	0.00305	0.00580
9	0.01264	0.04257	0.04496	0.01724	0.32985	0.02412	0.08315	0.04747	0.19943	0.13433	0.01212	0.01283	0.00910	0.00475	0.00448	0.00138	0.00494	0.00433	0.00333	0.00698
10	0.00639	0.00479	0.00719	0.00719	0.00799	0.00559	0.00559	0.00799	0.00719	0.01038	0.01198	0.01757	0.01118	0.03355	0.82507	0.00719	0.01198	0.00479	0.00240	0.00399
11	0.00999	0.02126	0.67942	0.01283	0.01897	0.01085	0.06206	0.10490	0.01085	0.01580	0.00840	0.00975	0.00596	0.00435	0.00434	0.00141	0.00647	0.00351	0.00221	0.00669
12	0.01110	0.05490	0.27668	0.01347	0.03629	0.04482	0.26954	0.02540	0.03986	0.10055	0.01262	0.01372	0.07049	0.00486	0.00464	0.00142	0.00608	0.00459	0.00274	0.00625
13	0.00979	0.05524	0.27141	0.00939	0.01269	0.00751	0.03802	0.01246	0.00989	0.14839	0.01666	0.25427	0.02439	0.00829	0.00492	0.00158	0.00457	0.10151	0.00346	0.00552
14	0.01475	0.01805	0.01297	0.01159	0.01324	0.59499	0.00897	0.01585	0.01103	0.01090	0.00662	0.00855	0.00579	0.00552	0.00705	0.00138	0.24228	0.00317	0.00221	0.00510
15	0.01077	0.01060	0.06428	0.21320	0.54589	0.01026	0.01324	0.01361	0.00998	0.05280	0.00873	0.01138	0.00693	0.00419	0.00443	0.00137	0.00547	0.00397	0.00230	0.00659
16	0.04757	0.00926	0.01722	0.04329	0.07353	0.00893	0.39376	0.01260	0.04122	0.04366	0.03524	0.09769	0.13409	0.00631	0.00516	0.00152	0.01408	0.00639	0.00301	0.00548
17	0.00848	0.02879	0.25162	0.00860	0.01135	0.00695	0.00843	0.04428	0.04103	0.07264	0.06470	0.39659	0.01972	0.00927	0.00500	0.00159	0.00405	0.00812	0.00360	0.00520
18	0.00529	0.00453	0.00453	0.00453	0.00604	0.00378	0.00340	0.00642	0.01020	0.01208	0.04532	0.04305	0.81307	0.01133	0.00529	0.00151	0.00227	0.00944	0.00415	0.00378
19	0.00854	0.00811	0.07205	0.00848	0.01006	0.06140	0.03500	0.04745	0.01014	0.05203	0.02044	0.34996	0.06535	0.01056	0.00596	0.00173	0.05335	0.17105	0.00373	0.00462
20	0.01289	0.01325	0.23210	0.01059	0.06085	0.09070	0.00963	0.05500	0.06956	0.23399	0.05270	0.07952	0.04714	0.00612	0.00455	0.00141	0.00489	0.00503	0.00369	0.00638
21	0.01423	0.01725	0.01376	0.07135	0.12540	0.55287	0.05619	0.01588	0.01178	0.01176	0.00986	0.01130	0.05935	0.00491	0.00428	0.00125	0.00713	0.00369	0.00239	0.00539
22	0.01287	0.01294	0.01046	0.00986	0.03994	0.35700	0.02553	0.05632	0.02516	0.08766	0.02919	0.05644	0.13354	0.03785	0.00534	0.00150	0.00557	0.08431	0.00336	0.00516
23	0.00984	0.04852	0.21440	0.01186	0.06456	0.00882	0.09541	0.07915	0.01107	0.04890	0.01511	0.02682	0.01447	0.00762	0.00513	0.00166	0.00527	0.32252	0.00323	0.00565
24	0.00844	0.00787	0.01303	0.61366	0.14027	0.00926	0.01154	0.01112	0.00917	0.01192	0.01132	0.06755	0.05561	0.00543	0.00459	0.00149	0.00543	0.00487	0.00229	0.00512
25	0.01175	0.01504	0.19253	0.04732	0.04552	0.17552	0.15027	0.14665	0.01231	0.01569	0.04570	0.09968	0.01044	0.00568	0.00464	0.00141	0.00608	0.00496	0.00287	0.00591
26	0.01239	0.04168	0.04959	0.09954	0.36778	0.01175	0.01135	0.23006	0.09891	0.01829	0.00997	0.01146	0.00772	0.00464	0.00439	0.00136	0.00512	0.00402	0.00304	0.00695
27	0.01088	0.01224	0.05103	0.07564	0.06017	0.04013	0.57237	0.06087	0.02433	0.01484	0.00942	0.02948	0.00732	0.00423	0.00505	0.00148	0.00698	0.00505	0.00244	0.00606
28	0.01131	0.22829	0.19624	0.04292	0.20849	0.09669	0.09570	0.02369	0.02458	0.01314	0.00792	0.00980	0.00643	0.01149	0.00421	0.00129	0.00596	0.00349	0.00215	0.00622
29	0.01021	0.12208	0.09682	0.00835	0.01067	0.13660	0.00725	0.05821	0.03447	0.05223	0.06928	0.20691	0.05121	0.02384	0.06944	0.00193	0.00516	0.02694	0.00331	0.00508
30	0.01252	0.12985	0.30355	0.01030	0.01464	0.06840	0.02913	0.11131	0.01173	0.14930	0.01247	0.01476	0.04395	0.00547	0.00433	0.00137	0.00543	0.06200	0.00312	0.00636
31	0.01289	0.24157	0.01673	0.01346	0.18734	0.19448	0.03979	0.12342	0.02895	0.01440	0.01042	0.04149	0.04653	0.00504	0.00404	0.00123	0.00553	0.00397	0.00268	0.00604
32	0.00765	0.00581	0.00917	0.00791	0.00899	0.00555	0.14851	0.00866	0.00819	0.04982	0.03571	0.21566	0.01805	0.43396	0.01425	0.00301	0.00443	0.00768	0.00316	0.00381
33	0.01085	0.01535	0.33712	0.01147	0.03450	0.08638	0.09473	0.04304	0.03329	0.10038	0.06087	0.01694	0.09767	0.00579	0.00462	0.00143	0.00555	0.03095	0.00303	0.00605
34	0.01076	0.14941	0.03413	0.11753	0.24013	0.01164	0.29095	0.01364	0.01004	0.03351	0.00904	0.01249	0.00742	0.00431	0.00454	0.00138	0.00603	0.03461	0.00231	0.00612
35	0.00829	0.00753	0.01057	0.28305	0.09008	0.05613	0.01595	0.01075	0.03794	0.01183	0.01318	0.09271	0.03086	0.03430	0.20962	0.00302	0.00687	0.06992	0.00267	0.00474
36	0.01061	0.04117	0.04790	0.09772	0.05576	0.01939	0.54854	0.01401	0.01039	0.04514	0.00996	0.01411	0.00793	0.00445	0.00505	0.00150	0.00682	0.05118	0.00245	0.00592
37	0.01149	0.06580	0.22503	0.04931	0.25752	0.11923	0.12181	0.06073	0.01086	0.01436	0.00816	0.01015	0.00639	0.00425	0.00449	0.00135	0.01668	0.00375	0.00225	0.00641
38	0.01011	0.00552	0.00710	0.02417	0.00820	0.00534	0.00490	0.03462	0.00948	0.20805	0.04555	0.13011	0.01803	0.33315	0.04393	0.00289	0.00423	0.09629	0.00385	0.00449
39	0.00891	0.08610	0.38311	0.03911	0.01639	0.00968	0.10904	0.01299	0.04516	0.01384	0.04236	0.06670	0.01215	0.00629	0.00471	0.00152	0.00561	0.12787	0.00266	0.00577
40	0.01107	0.01413	0.22365	0.05343	0.33200	0.05848	0.12761	0.01433	0.01026	0.06681	0.00950	0.04142	0.00764	0.00455	0.00454	0.00140	0.00596	0.00429	0.00242	0.00652
41	0.00963	0.08258	0.32030	0.25588	0.02116	0.07543	0.08520	0.01319	0.00986	0.01308	0.06504	0.01183	0.00847	0.00461	0.00436	0.00139	0.00615	0.00392	0.00220	0.00572
42	0.00660	0.00511	0.00755	0.04808	0.03890	0.00507	0.03677	0.00808	0.00916	0.01212	0.02211	0.40844	0.05033	0.04318	0.04097	0.00215	0.00396	0.24360	0.00377	0.00405
43	0.01017	0.01127	0.10246	0.23275	0.52841	0.01043	0.01369	0.01318	0.00979	0.01375	0.00825	0.01112	0.00665	0.00414	0.00442	0.00138	0.00562	0.00391	0.00212	0.00649
44	0.00871	0.00896	0.05078	0.14106	0.04607	0.00841	0.28431	0.04436	0.01030	0.01389	0.06143	0.22301	0.01565	0.00740	0.00521	0.00159	0.00529	0.05537	0.00304	0.00517
45	0.00985	0.01703	0.41728	0.04214	0.24598	0.01062	0.16496	0.01399	0.00985	0.01424	0.00833	0.01048	0.00629	0.00409	0.00450	0.00141	0.00640	0.00389	0.00206	0.00659
46	0.01041	0.01003	0.01745	0.17529	0.58459	0.01035	0.06810	0.01318	0.00999	0.01396	0.00893	0.01275	0.00754	0.00437	0.00456	0.00140	0.00555	0.03280	0.00225	0.00651
47	0.00852	0.00838	0.01276	0.38091	0.02996	0.07229	0.12439	0.01082	0.00948	0.01202	0.03367	0.24979	0.01380	0.00723	0.00493	0.00156	0.00529	0.00669	0.00275	0.00476
48	0.01042	0.00975	0.01646	0.10402	0.30739	0.02984	0.18636	0.02547	0.05559	0.04284	0.01257	0.06265	0.02674	0.00575	0.00489	0.00150	0.00545	0.08344	0.00283	0.00605
49	0.00539	0.00412	0.00495	0.00562	0.00633	0.00368	0.00388	0.00630	0.00915	0.01166	0.03207	0.55387	0.31080	0.01305	0.00556	0.00171	0.00248	0.01154	0.00415	0.00368
50	0.01075	0.01523	0.29070	0.01397	0.05310	0.07367	0.27419	0.01428	0.01051	0.08410	0.02088	0.01460	0.09309	0.00502	0.00473	0.00143	0.00623	0.00477	0.00265	0.00609
51	0.00985	0.01051	0.06699	0.26905	0.38588	0.04430	0.03063	0.01254	0.00966	0.01310	0.00953	0.08178	0.00848	0.00511	0.00476	0.00144	0.02347	0.00467	0.00229	0.00596
52	0.00983	0.01342	0.17699	0.03090	0.05809	0.01056	0.51928	0.01353	0.01013	0.01398	0.01071	0.04279	0.03880	0.00465	0.00526	0.00150	0.02606	0.00522	0.00232	0.00597
53	0.00719	0.00607	0.04561	0.00659	0.00829	0.00509	0.00564	0.04335	0.01086	0.04330	0.08230	0.07170	0.38546	0.01079	0.00546	0.00167	0.00323	0.24888	0.00415	0.00435
54	0.00986	0.10436	0.51115	0.02352	0.02600	0.01067	0.02115	0.09795	0.01073	0.02373	0.01192	0.04875	0.07054	0.00532	0.00430	0.00139	0.00567	0.00424	0.00250	0.00626
55	0.00898	0.04839	0.34536	0.01083	0.04317	0.04275	0.06182	0.01896	0.00984	0.04899	0.02884	0.21080	0.06974	0.00736	0.00475	0.00150	0.00508	0.02437	0.00293	0.00554
56	0.00945	0.07875	0.64011	0.01287	0.01886	0.01103	0.09891	0.01460	0.04820	0.01415	0.00850	0.00992	0.00618	0.00426	0.00428	0.00140	0.00643	0.00354	0.00206	0.00651
57	0.01158	0.34422	0.34704	0.01066	0.01547	0.10002	0.04621	0.01464	0.00986	0.05138	0.00771	0.00880	0.00602	0.00416	0.00374	0.00121	0.00595	0.00305	0.00214	0.00614
58	0.00793	0.00699	0.01192	0.20667	0.08024	0.00715	0.14040	0.01003	0.00960	0.03268	0.05908	0.28374	0.08013	0.01510	0.00530	0.00162	0.00448	0.02893	0.00323	0.00478
59	0.01191	0.01613	0.35224	0.01226	0.04980	0.10380	0.08514	0.04826	0.01096	0.13840	0.01137	0.01528	0.00910	0.03122	0.00514	0.00154	0.00599	0.08232	0.00291	0.00624
60	0.01022	0.13696	0.04070	0.00833	0.01012	0.24584	0.02335	0.01142	0.00950	0.01078	0.01342	0.16905	0.04397	0.14181	0.10295	0.00248	0.00613	0.00576	0.00272	0.00447
61	0.01105	0.01211	0.05269	0.13927	0.31752	0.12091	0.17472	0.01396	0.02415	0.02565	0.01076	0.01298	0.05467	0.00460	0.00460	0.00138	0.00607	0.00442	0.00239	0.00609
62	0.00989	0.01549	0.32922	0.09647	0.21641	0.03991	0.12717	0.01401	0.04352	0.01399	0.00939	0.04734	0.00760	0.00466	0.00453	0.00143	0.00611	0.00430	0.00226	0.00632
63	0.00876	0.04096	0.09404	0.00949	0.01155	0.00739	0.14619	0.06573	0.03745	0.01244	0.01242	0.19330	0.01242	0.01125	0.04505	0.27343	0.00498	0.00604	0.00277	0.00434
64	0.04626	0.00931	0.04415	0.01123	0.01447	0.00865	0.24398	0.05736	0.06571	0.23976	0.07107	0.01530	0.01163	0.00942	0.12845	0.00231	0.00617	0.00493	0.00367	0.00616
65	0.01037	0.01168	0.09320	0.13272	0.44414	0.01077	0.17194	0.01346	0.00989	0.01393	0.00834	0.01119	0.00669	0.00418	0.00499	0.00142	0.03829	0.00418	0.00215	0.00646
66	0.00971	0.01026	0.05217	0.16020	0.25135	0.00980	0.27638	0.01274	0.01011	0.01385	0.04571	0.01630	0.01009	0.00525	0.00516	0.01729	0.00595	0.07937	0.00248	0.00584
67	0.01035	0.05779	0.53089	0.07212	0.10226	0.01056	0.04768	0.03145	0.01001	0.07299	0.00878	0.01025	0.00632	0.00432	0.00429	0.00139	0.00614	0.00357	0.00227	0.00657
68	0.00551	0.00433	0.00498	0.00526	0.00629	0.00380	0.00377	0.00668	0.01005	0.01279	0.15985	0.30175	0.43534	0.01186	0.00542	0.00159	0.00235	0.01030	0.00428	0.00380
69	0.00597	0.00463	0.00586	0.00656	0.04217	0.00421	0.00450	0.00736	0.01034	0.01364	0.24659	0.30068	0.27393	0.01133	0.00542	0.00160	0.00255	0.04435	0.00428	0.00401
70	0.01368	0.32112	0.06332	0.07898	0.05345	0.34604	0.00922	0.01542	0.01075	0.03996	0.00727	0.00854	0.00602	0.00429	0.00369	0.00114	0.00632	0.00293	0.00222	0.00563
71	0.01003	0.06247	0.17531	0.19042	0.23398	0.01104	0.22557	0.01347	0.00982	0.01354	0.00828	0.01097	0.00641	0.00407	0.00454	0.00141	0.00627	0.00411	0.00210	0.00618
72	0.00569	0.00407	0.00546	0.00648	0.00686	0.00384	0.00456	0.00665	0.00882	0.01170	0.02475	0.72321	0.03771	0.01376	0.00577	0.00185	0.00280	0.11818	0.00415	0.00370
73	0.01518	0.06010	0.02587	0.01014	0.01353	0.01114	0.08955	0.32508	0.12737	0.20713	0.01368	0.04955	0.01022	0.00570	0.00455	0.00140	0.00464	0.01383	0.00429	0.00703
74	0.01378	0.09971	0.01379	0.01216	0.11762	0.23882	0.01693	0.13614	0.20899	0.04538	0.03290	0.01253	0.00965	0.00519	0.00426	0.00131	0.00540	0.01574	0.00335	0.00638
75	0.13580	0.02385	0.02228	0.00969	0.01315	0.04774	0.05456	0.39877	0.03296	0.20004	0.01144	0.01127	0.00794	0.00509	0.00425	0.00136	0.00476	0.00392	0.00418	0.00697

[dist]
# distance from previous block
# <min> <max>
1	18

[block]
# block no. 3 follows, 58 sequences, length 6
# corresponding to MSA columns:
# 273-278
name=unknown_D
#
# <colnr> <probs for GDERKNQSTAVLIFYWHMCP>
#	G	D	E	R	K	N	Q	S	T	A	V	L	I	F	Y	W	H	M	C	P
0	0.01245	0.45451	0.06800	0.00915	0.01247	0.13317	0.00849	0.06874	0.05562	0.01268	0.00746	0.00857	0.00637	0.00457	0.00450	0.00116	0.08638	0.00294	0.00233	0.04042
1	0.01511	0.00982	0.01088	0.00956	0.06162	0.08809	0.00715	0.13852	0.09562	0.31204	0.06092	0.01543	0.04917	0.00561	0.00440	0.00129	0.00424	0.00453	0.00433	0.10165
2	0.01240	0.14340	0.35370	0.01206	0.06127	0.12782	0.03528	0.06904	0.03795	0.09288	0.00912	0.00997	0.00674	0.00447	0.00410	0.00130	0.00600	0.00343	0.00260	0.00647
3	0.01108	0.18382	0.30898	0.01224	0.08983	0.06217	0.03479	0.09149	0.08662	0.01493	0.00984	0.05711	0.00816	0.00499	0.00414	0.00133	0.00555	0.00399	0.00260	0.00635
4	0.00611	0.00488	0.00553	0.00546	0.00675	0.00449	0.00405	0.00844	0.07490	0.01442	0.28799	0.13357	0.40608	0.01052	0.00527	0.00151	0.00236	0.00905	0.00443	0.00417
5	0.00603	0.00497	0.00575	0.00630	0.04117	0.00452	0.00439	0.00789	0.05186	0.01295	0.09953	0.18241	0.50190	0.01109	0.00532	0.00157	0.00259	0.04150	0.00415	0.00412

[dist]
# distance from previous block
# <min> <max>
0	5

[block]
# block no. 4 follows, 58 sequences, length 21
# corresponding to MSA columns:
# 284-304
name=unknown_E
#
# <colnr> <probs for GDERKNQSTAVLIFYWHMCP>
#	G	D	E	R	K	N	Q	S	T	A	V	L	I	F	Y	W	H	M	C	P
0	0.01378	0.01340	0.18648	0.01607	0.25989	0.07989	0.06918	0.01686	0.02763	0.25568	0.01123	0.01190	0.00798	0.00459	0.00444	0.00137	0.00550	0.00402	0.00320	0.00690
1	0.08698	0.01143	0.01785	0.01555	0.13077	0.08843	0.32921	0.03119	0.06678	0.08499	0.01048	0.04825	0.00841	0.00491	0.00514	0.00146	0.04446	0.00477	0.00287	0.00608
2	0.00906	0.00811	0.01296	0.01028	0.01263	0.03689	0.25071	0.07032	0.01167	0.04054	0.25127	0.10687	0.10172	0.04897	0.00606	0.00162	0.00445	0.00714	0.00372	0.00500
3	0.01171	0.01224	0.05544	0.09060	0.39547	0.10186	0.15239	0.01476	0.03525	0.05372	0.00900	0.01126	0.00709	0.00430	0.00478	0.00138	0.02573	0.00412	0.00243	0.00645
4	0.01344	0.01465	0.06267	0.01307	0.14158	0.32285	0.02814	0.09016	0.08170	0.05061	0.04795	0.01412	0.01019	0.05168	0.00543	0.00149	0.00599	0.03538	0.00303	0.00588
5	0.01148	0.01214	0.08996	0.07707	0.01533	0.12435	0.11091	0.10167	0.20529	0.03602	0.06946	0.03352	0.01294	0.00610	0.00474	0.00148	0.00527	0.07282	0.00348	0.00601
6	0.00826	0.00675	0.00992	0.00922	0.04782	0.00665	0.10991	0.03582	0.10662	0.03464	0.22924	0.11465	0.10680	0.05493	0.00623	0.00172	0.00370	0.09817	0.00402	0.00492
7	0.00864	0.00894	0.05592	0.02214	0.19623	0.07287	0.06682	0.01102	0.04605	0.01298	0.01763	0.34200	0.04754	0.00896	0.00512	0.00159	0.00443	0.06274	0.00328	0.00511
8	0.00929	0.00946	0.07071	0.08912	0.37108	0.00868	0.05424	0.04825	0.01008	0.01399	0.01327	0.25491	0.01352	0.00705	0.00485	0.00150	0.00477	0.00658	0.00285	0.00582
9	0.00954	0.00972	0.05150	0.46768	0.34957	0.01024	0.01314	0.01249	0.00947	0.01285	0.00814	0.01147	0.00641	0.00426	0.00444	0.00142	0.00573	0.00395	0.00208	0.00590
10	0.01290	0.04777	0.01349	0.01383	0.21228	0.04235	0.00903	0.30290	0.16904	0.01972	0.01277	0.10102	0.01087	0.00599	0.00452	0.00140	0.00461	0.00504	0.00370	0.00677
11	0.01485	0.01320	0.05795	0.01159	0.07031	0.09898	0.03056	0.50509	0.05450	0.02267	0.01219	0.03250	0.04373	0.00559	0.00450	0.00136	0.00521	0.00440	0.00386	0.00692
12	0.01330	0.00915	0.01268	0.01176	0.10503	0.00928	0.08839	0.27096	0.01392	0.16700	0.01496	0.14113	0.01332	0.02995	0.00540	0.00158	0.00459	0.07720	0.00406	0.00633
13	0.01102	0.00786	0.01266	0.53179	0.02379	0.00905	0.04202	0.01361	0.00975	0.18060	0.01040	0.01286	0.00745	0.00487	0.00487	0.00146	0.04246	0.00415	0.06381	0.00551
14	0.00950	0.00903	0.01532	0.50870	0.34591	0.01022	0.01295	0.01235	0.00944	0.01271	0.00814	0.01158	0.00641	0.00428	0.00445	0.00143	0.00570	0.00398	0.00208	0.00582
15	0.01027	0.06835	0.01595	0.44294	0.25156	0.01108	0.04064	0.08116	0.01042	0.01384	0.00824	0.01125	0.00644	0.00434	0.00438	0.00139	0.00566	0.00392	0.00227	0.00590
16	0.08578	0.01150	0.06433	0.01954	0.27626	0.01055	0.39411	0.01362	0.01002	0.01477	0.00932	0.05222	0.00778	0.00441	0.00475	0.00145	0.00617	0.00487	0.00236	0.00618
17	0.00571	0.00425	0.00591	0.07831	0.00861	0.00418	0.00487	0.00668	0.00860	0.01142	0.02320	0.76761	0.02752	0.01318	0.00560	0.00179	0.00289	0.01195	0.00396	0.00375
18	0.01031	0.16017	0.27056	0.01503	0.02007	0.01214	0.42006	0.01412	0.00996	0.01362	0.00824	0.01041	0.00626	0.00393	0.00454	0.00138	0.00678	0.00417	0.00209	0.00616
19	0.01083	0.05439	0.27502	0.01410	0.07386	0.04712	0.21568	0.08687	0.10492	0.01561	0.01046	0.05221	0.00837	0.00490	0.00458	0.00143	0.00602	0.00454	0.00269	0.00639
20	0.00704	0.00598	0.03108	0.00626	0.00785	0.00517	0.00481	0.09031	0.01057	0.01379	0.02895	0.35722	0.31726	0.01087	0.00517	0.00154	0.00290	0.00941	0.00399	0.07983

[dist]
# distance from previous block
# <min> <max>
3	4

[block]
# block no. 5 follows, 58 sequences, length 7
# corresponding to MSA columns:
# 309-315
name=unknown_F
#
# <colnr> <probs for GDERKNQSTAVLIFYWHMCP>
#	G	D	E	R	K	N	Q	S	T	A	V	L	I	F	Y	W	H	M	C	P
0	0.00664	0.00437	0.00576	0.00626	0.00692	0.00415	0.00441	0.00766	0.00900	0.06218	0.07310	0.52294	0.07893	0.07156	0.07964	0.00240	0.00364	0.04250	0.00403	0.00392
1	0.01118	0.15343	0.18615	0.08381	0.14740	0.01065	0.03347	0.01511	0.09986	0.11443	0.01177	0.06100	0.00977	0.00541	0.00432	0.00139	0.00502	0.03660	0.00295	0.00629
2	0.06712	0.09259	0.04465	0.07309	0.04492	0.17105	0.21683	0.10251	0.01154	0.06509	0.00856	0.01028	0.00658	0.00460	0.00502	0.00137	0.06171	0.00387	0.00267	0.00594
3	0.01457	0.01475	0.01706	0.04944	0.04668	0.28593	0.24809	0.18166	0.01355	0.07116	0.00921	0.01061	0.00688	0.00455	0.00457	0.00134	0.00676	0.00405	0.00295	0.00618
4	0.01151	0.00745	0.00934	0.00866	0.08087	0.00685	0.00589	0.10355	0.01061	0.17361	0.01274	0.05456	0.01144	0.24159	0.00939	0.00203	0.00403	0.00485	0.00348	0.23755
5	0.03864	0.00997	0.08337	0.00899	0.01090	0.11300	0.05757	0.03373	0.09896	0.01270	0.01267	0.10259	0.01213	0.13087	0.22153	0.00337	0.03594	0.00541	0.00286	0.00481
6	0.01164	0.00929	0.01002	0.00952	0.04962	0.12666	0.03613	0.13162	0.04511	0.11201	0.05102	0.17618	0.02990	0.07785	0.00646	0.00177	0.00455	0.10143	0.00386	0.00535

[dist]
# distance from previous block
# <min> <max>
8	25

[block]
# block no. 6 follows, 58 sequences, length 17
# corresponding to MSA columns:
# 343-359
name=unknown_G
#
# <colnr> <probs for GDERKNQSTAVLIFYWHMCP>
#	G	D	E	R	K	N	Q	S	T	A	V	L	I	F	Y	W	H	M	C	P
0	0.11582	0.03820	0.10268	0.12862	0.25156	0.02379	0.04501	0.04994	0.01031	0.07065	0.03537	0.03498	0.01899	0.01864	0.00463	0.00146	0.00506	0.03552	0.00279	0.00600
1	0.03956	0.27414	0.11093	0.00981	0.05344	0.08909	0.00860	0.10972	0.07264	0.06473	0.07369	0.02588	0.01029	0.00502	0.00390	0.00122	0.00486	0.00380	0.00303	0.03564
2	0.01187	0.19380	0.01468	0.03238	0.16066	0.03138	0.01984	0.09230	0.07741	0.09640	0.05774	0.04203	0.02311	0.00616	0.00483	0.00140	0.04072	0.08390	0.00332	0.00607
3	0.00865	0.00653	0.00789	0.00786	0.05305	0.00648	0.00557	0.01315	0.21618	0.06879	0.23995	0.13111	0.14506	0.00842	0.00492	0.00145	0.00293	0.00730	0.00436	0.06034
4	0.00903	0.00769	0.00902	0.00660	0.01034	0.00581	0.00523	0.01094	0.00923	0.01438	0.00901	0.06217	0.00809	0.00399	0.00347	0.00074	0.00327	0.00329	0.00275	0.81496
5	0.00676	0.00473	0.00557	0.00553	0.00582	0.00494	0.00346	0.00782	0.05762	0.00964	0.01429	0.04587	0.01565	0.64793	0.14214	0.00453	0.00540	0.00630	0.00281	0.00320
6	0.01149	0.11806	0.01199	0.00897	0.01171	0.01210	0.00722	0.05630	0.66914	0.01807	0.01633	0.01520	0.01237	0.00575	0.00433	0.00144	0.00376	0.00467	0.00421	0.00693
7	0.00928	0.00795	0.00928	0.00663	0.01060	0.00596	0.00530	0.01126	0.00928	0.01458	0.00795	0.00928	0.00663	0.00331	0.00331	0.00066	0.00331	0.00265	0.00265	0.87014
8	0.00636	0.00430	0.00503	0.00516	0.00524	0.00431	0.00303	0.00654	0.00680	0.00911	0.01536	0.13376	0.01775	0.69681	0.05881	0.00415	0.00448	0.00723	0.00288	0.00289
9	0.01333	0.05726	0.11862	0.01267	0.07195	0.45118	0.08281	0.01546	0.01151	0.01249	0.05342	0.02854	0.00899	0.00502	0.00428	0.00127	0.00683	0.01925	0.01965	0.00548
10	0.87439	0.00865	0.00657	0.00588	0.00865	0.01003	0.00484	0.01315	0.00761	0.02007	0.00623	0.00727	0.00484	0.00415	0.00277	0.00138	0.00346	0.00242	0.00277	0.00484
11	0.01157	0.73892	0.12662	0.00831	0.01250	0.01675	0.00880	0.01349	0.00914	0.01100	0.00645	0.00747	0.00573	0.00388	0.00305	0.00102	0.00502	0.00251	0.00191	0.00585
12	0.00869	0.01009	0.11820	0.67328	0.08057	0.01004	0.01304	0.01193	0.00909	0.01199	0.00799	0.01155	0.00600	0.00441	0.00444	0.00147	0.00600	0.00389	0.00199	0.00532
13	0.01040	0.48396	0.11752	0.00906	0.01258	0.03250	0.06309	0.01249	0.00905	0.01135	0.00861	0.02809	0.00792	0.00919	0.13511	0.00211	0.00636	0.03297	0.00215	0.00547
14	0.00740	0.03114	0.00717	0.02624	0.00843	0.00582	0.00507	0.01066	0.15195	0.03728	0.13097	0.40844	0.09456	0.01058	0.00519	0.00161	0.00290	0.02138	0.00421	0.02901
