[name]
unknown

[dist]
# distance from previous block
# <min> <max>
0	45

[block]
# block no. 0 follows, 68 sequences, length 77
# corresponding to MSA columns:
# 48-124
name=unknown_A
#
# <colnr> <probs for GDERKNQSTAVLIFYWHMCP>
#	G	D	E	R	K	N	Q	S	T	A	V	L	I	F	Y	W	H	M	C	P
0	0.05000	0.18463	0.03445	0.00900	0.04166	0.20169	0.01840	0.03092	0.02006	0.07957	0.05944	0.04724	0.04927	0.00665	0.02610	0.00147	0.02470	0.06208	0.00303	0.04966
1	0.02202	0.05251	0.03829	0.01670	0.03151	0.01554	0.04453	0.05582	0.04510	0.04803	0.02656	0.09688	0.01008	0.01213	0.24335	0.00258	0.02451	0.00430	0.00263	0.20695
2	0.05072	0.11548	0.04241	0.03496	0.02380	0.32358	0.01550	0.07609	0.05359	0.03316	0.02592	0.01110	0.05986	0.00638	0.06537	0.00146	0.00555	0.00336	0.00249	0.04921
3	0.06272	0.00549	0.00679	0.03183	0.02638	0.00529	0.00480	0.00804	0.01776	0.01171	0.04845	0.31252	0.09213	0.00871	0.04034	0.00146	0.06636	0.00650	0.00297	0.23976
4	0.00601	0.00458	0.00566	0.00515	0.00658	0.00408	0.03746	0.00775	0.03557	0.05442	0.30081	0.03220	0.46760	0.00871	0.00463	0.00130	0.00226	0.00747	0.00391	0.00382
5	0.00933	0.00728	0.00847	0.00626	0.00945	0.00613	0.00504	0.09212	0.00936	0.05401	0.00803	0.00904	0.00640	0.00345	0.00340	0.00074	0.02967	0.00267	0.05878	0.67036
6	0.00579	0.00400	0.00464	0.00463	0.00489	0.00386	0.00277	0.00602	0.00619	0.00839	0.01346	0.14404	0.01550	0.67164	0.02942	0.00335	0.00367	0.00631	0.00258	0.05884
7	0.01002	0.70334	0.07160	0.04963	0.01132	0.02367	0.00740	0.01158	0.00800	0.00957	0.00602	0.00728	0.00539	0.00509	0.05493	0.00124	0.00482	0.00238	0.00173	0.00500
8	0.00906	0.30402	0.06412	0.00790	0.00968	0.01101	0.02665	0.01023	0.00716	0.04639	0.00756	0.01171	0.00733	0.17313	0.03524	0.00192	0.25697	0.00350	0.00201	0.00442
9	0.01012	0.00865	0.00911	0.00812	0.01041	0.00998	0.00634	0.06131	0.78809	0.01701	0.01581	0.01453	0.01183	0.00535	0.00403	0.00134	0.00320	0.00444	0.00403	0.00630
10	0.00645	0.04800	0.00758	0.00669	0.00748	0.00635	0.00523	0.00828	0.05890	0.00964	0.01087	0.05571	0.01049	0.09135	0.55904	0.00488	0.09248	0.00454	0.00228	0.00376
11	0.00516	0.00403	0.00468	0.00454	0.00565	0.00355	0.00340	0.00661	0.01014	0.01337	0.44754	0.04658	0.41237	0.00908	0.00469	0.00130	0.00194	0.00780	0.00403	0.00355
12	0.00542	0.00426	0.00622	0.04870	0.00774	0.00430	0.04084	0.00635	0.00762	0.01022	0.02799	0.68595	0.02290	0.03782	0.00587	0.00166	0.04560	0.02375	0.00338	0.00342
13	0.00567	0.00422	0.00624	0.00624	0.00690	0.00489	0.00479	0.00700	0.00633	0.00911	0.01074	0.01624	0.01020	0.08275	0.79233	0.00621	0.01019	0.00434	0.00214	0.00347
14	0.01087	0.56201	0.01745	0.00884	0.08838	0.12449	0.00719	0.03721	0.00907	0.01070	0.04755	0.00814	0.00691	0.00376	0.00298	0.00092	0.00450	0.00262	0.00200	0.04442
15	0.03240	0.05117	0.01012	0.01775	0.08487	0.02043	0.00600	0.12496	0.00979	0.02247	0.00738	0.00847	0.00597	0.00334	0.00317	0.00078	0.00346	0.00264	0.00252	0.58231
16	0.15182	0.09382	0.03460	0.02948	0.07677	0.23789	0.03295	0.15055	0.05070	0.05607	0.00768	0.00856	0.00596	0.00422	0.00391	0.00116	0.04293	0.00300	0.00260	0.00532
17	0.01095	0.75839	0.01967	0.00714	0.01038	0.03795	0.00692	0.06446	0.00877	0.01036	0.00578	0.00666	0.00520	0.00361	0.00299	0.00090	0.03059	0.00227	0.00185	0.00516
18	0.00623	0.00483	0.00593	0.01545	0.01590	0.00421	0.00417	0.00757	0.00866	0.02799	0.14120	0.17501	0.21653	0.03695	0.05845	0.00162	0.00305	0.04692	0.00330	0.21604
19	0.00519	0.00400	0.00462	0.00483	0.00572	0.00364	0.00345	0.00646	0.04259	0.01113	0.12554	0.29026	0.39354	0.02945	0.00566	0.04598	0.00224	0.00866	0.00365	0.00337
20	0.16927	0.01001	0.01052	0.00820	0.01123	0.01097	0.00677	0.58903	0.01572	0.11569	0.00951	0.00943	0.00666	0.00459	0.00370	0.00120	0.00402	0.00337	0.00381	0.00631
21	0.00600	0.00496	0.03144	0.00619	0.02296	0.00487	0.00446	0.00738	0.04623	0.01005	0.06567	0.21924	0.04362	0.28408	0.14614	0.00305	0.04724	0.04013	0.00288	0.00341
22	0.01865	0.00466	0.00559	0.00507	0.00651	0.00410	0.00379	0.00885	0.00939	0.15475	0.21810	0.10392	0.26968	0.09723	0.00606	0.00153	0.00250	0.00682	0.01398	0.05882
23	0.00921	0.00612	0.00690	0.00626	0.00772	0.00637	0.00480	0.26318	0.01136	0.04477	0.01562	0.25626	0.03700	0.05716	0.00504	0.00144	0.00303	0.04667	0.20654	0.00454
24	0.01209	0.00543	0.00720	0.00596	0.00800	0.00482	0.00475	0.01378	0.01106	0.44367	0.34310	0.02005	0.02089	0.00617	0.00417	0.00121	0.00265	0.00524	0.07446	0.00530
25	0.02941	0.00529	0.00806	0.00716	0.00820	0.00565	0.09931	0.00803	0.00726	0.03587	0.03424	0.10817	0.06871	0.11802	0.27883	0.04781	0.07418	0.00541	0.04672	0.00367
26	0.00661	0.00430	0.00507	0.00503	0.00551	0.00429	0.00331	0.05720	0.00742	0.03250	0.01536	0.17918	0.05671	0.44761	0.03477	0.05244	0.00351	0.02204	0.05405	0.00308
27	0.01452	0.01083	0.01159	0.00901	0.01209	0.01204	0.00740	0.73792	0.10432	0.02410	0.01022	0.01008	0.00731	0.00483	0.00397	0.00121	0.00423	0.00367	0.00397	0.00669
28	0.00483	0.00345	0.00460	0.00552	0.00575	0.00322	0.00368	0.00552	0.00759	0.01012	0.02185	0.85807	0.02622	0.01242	0.00506	0.00161	0.00230	0.01127	0.00368	0.00322
29	0.00610	0.00419	0.00529	0.00557	0.00634	0.00400	0.00398	0.03113	0.03102	0.05318	0.12011	0.49045	0.12149	0.03539	0.04249	0.00177	0.00279	0.02729	0.00374	0.00366
30	0.00822	0.00705	0.00822	0.00587	0.00940	0.00529	0.00470	0.00998	0.00822	0.01292	0.00705	0.00822	0.00587	0.00294	0.00294	0.00059	0.00294	0.00235	0.00235	0.88490
31	0.00564	0.00511	0.00699	0.00595	0.00774	0.00441	0.11122	0.00708	0.00920	0.01154	0.09488	0.03210	0.59348	0.00857	0.00459	0.00129	0.00271	0.02419	0.00343	0.05989
32	0.21776	0.00550	0.01469	0.00579	0.00716	0.00572	0.00442	0.01006	0.04886	0.11452	0.01319	0.21071	0.01288	0.09422	0.17069	0.00257	0.00446	0.00547	0.04723	0.00410
33	0.00511	0.00409	0.00459	0.00465	0.00574	0.00365	0.00342	0.00663	0.03991	0.01196	0.20944	0.18501	0.48191	0.00988	0.00473	0.00137	0.00207	0.00849	0.00384	0.00352
34	0.00538	0.00376	0.00503	0.00591	0.00635	0.00360	0.00436	0.00643	0.00804	0.01082	0.02117	0.59751	0.02450	0.01163	0.00506	0.00163	0.00264	0.22483	0.04797	0.00336
35	0.00609	0.00445	0.00535	0.00514	0.00629	0.00420	0.00396	0.02487	0.04819	0.02333	0.46611	0.03079	0.21807	0.00837	0.00459	0.00130	0.00218	0.07726	0.05560	0.00385
36	0.00636	0.00408	0.00489	0.00487	0.00520	0.00402	0.00316	0.00681	0.00685	0.04598	0.08069	0.02767	0.01698	0.64292	0.02940	0.00332	0.00375	0.09737	0.00281	0.00287
37	0.00588	0.00493	0.02417	0.00669	0.00755	0.00537	0.01601	0.00732	0.00681	0.00961	0.01338	0.04412	0.07757	0.02442	0.63141	0.00514	0.06297	0.04069	0.00233	0.00364
38	0.00737	0.00488	0.00577	0.00571	0.00651	0.00497	0.00391	0.00991	0.16502	0.08907	0.01671	0.30877	0.01760	0.32350	0.01034	0.00235	0.00313	0.00724	0.00339	0.00384
39	0.01406	0.01012	0.01093	0.00860	0.01151	0.01116	0.00703	0.63058	0.12455	0.06439	0.01100	0.02043	0.00798	0.00493	0.00394	0.00121	0.00402	0.00381	0.04327	0.00650
40	0.00750	0.00464	0.04323	0.00596	0.00656	0.00404	0.02975	0.00667	0.00608	0.06071	0.00900	0.09704	0.00891	0.01230	0.01285	0.67233	0.00353	0.00428	0.00213	0.00249
41	0.00568	0.00398	0.00456	0.00457	0.00472	0.00400	0.00275	0.00586	0.00624	0.00823	0.01575	0.08835	0.09748	0.68578	0.01728	0.00336	0.02982	0.00636	0.00261	0.00262
42	0.00499	0.00378	0.00450	0.00482	0.00553	0.00340	0.00336	0.00593	0.00855	0.01110	0.16521	0.37131	0.30121	0.08020	0.00610	0.00164	0.00225	0.00914	0.00369	0.00329
43	0.00948	0.00706	0.00765	0.00655	0.00855	0.00740	0.00517	0.27685	0.13759	0.03769	0.11664	0.05794	0.24123	0.00704	0.00424	0.00127	0.00297	0.00581	0.05382	0.00505
44	0.02679	0.00847	0.00976	0.21076	0.01446	0.02837	0.00745	0.04690	0.56799	0.01521	0.01328	0.01325	0.00996	0.00495	0.00397	0.00132	0.00379	0.00413	0.00341	0.00577
45	0.00749	0.00705	0.01189	0.85113	0.02731	0.00881	0.01101	0.01013	0.00793	0.01013	0.00705	0.01057	0.00529	0.00396	0.00396	0.00132	0.00529	0.00352	0.00176	0.00440
46	0.00807	0.01974	0.78709	0.01109	0.01672	0.00925	0.01412	0.01310	0.06071	0.01281	0.00769	0.00878	0.00547	0.00387	0.00378	0.00126	0.00569	0.00303	0.00182	0.00589
47	0.00637	0.00422	0.00495	0.00496	0.00616	0.00369	0.00371	0.00743	0.00903	0.10525	0.07351	0.23466	0.44751	0.02118	0.00494	0.00145	0.00234	0.05107	0.00384	0.00373
48	0.00809	0.01954	0.75958	0.01183	0.01751	0.00929	0.09421	0.01257	0.00847	0.01257	0.00720	0.00860	0.00512	0.00373	0.00386	0.00126	0.00594	0.00310	0.00171	0.00581
49	0.01245	0.06214	0.00978	0.00698	0.01008	0.00750	0.00572	0.08023	0.15500	0.29396	0.01166	0.01115	0.00833	0.00421	0.00354	0.00100	0.00332	0.00336	0.00360	0.30597
50	0.04560	0.00409	0.00464	0.00452	0.00556	0.00389	0.00338	0.00800	0.00954	0.02591	0.35738	0.08498	0.13664	0.00734	0.00400	0.00118	0.00199	0.00627	0.28137	0.00370
51	0.00511	0.00393	0.00433	0.00441	0.00544	0.00341	0.00319	0.00591	0.00860	0.02046	0.08467	0.14963	0.56959	0.05009	0.00614	0.05784	0.00223	0.00821	0.00356	0.00325
52	0.00562	0.00409	0.00496	0.00518	0.00606	0.00378	0.00385	0.00692	0.02304	0.03012	0.17190	0.22696	0.27539	0.09077	0.00633	0.00169	0.00251	0.12365	0.00371	0.00347
53	0.01359	0.00579	0.00775	0.00627	0.00851	0.00512	0.00497	0.01505	0.01076	0.55319	0.21609	0.01870	0.01705	0.09177	0.00579	0.00150	0.00305	0.00495	0.00452	0.00557
54	0.40406	0.00651	0.00667	0.00577	0.00797	0.00674	0.00463	0.01297	0.00849	0.27697	0.03999	0.03610	0.01953	0.07883	0.00480	0.00149	0.00315	0.04409	0.02643	0.00480
55	0.88866	0.00767	0.00583	0.00521	0.00767	0.00889	0.00429	0.01166	0.00675	0.01779	0.00552	0.00644	0.00429	0.00368	0.00245	0.00123	0.00307	0.00215	0.00245	0.00429
56	0.00905	0.00980	0.01839	0.01391	0.01614	0.01097	0.46005	0.01130	0.00790	0.01130	0.00677	0.00980	0.00566	0.00494	0.00838	0.00151	0.38322	0.00414	0.00189	0.00490
57	0.00536	0.00380	0.00491	0.00510	0.00577	0.00353	0.00364	0.00673	0.00958	0.01339	0.45200	0.34808	0.05667	0.01768	0.00489	0.00140	0.00206	0.00862	0.04330	0.00351
58	0.05217	0.00482	0.00580	0.00549	0.00686	0.00456	0.00427	0.03576	0.00983	0.14313	0.21969	0.13991	0.15031	0.02002	0.00460	0.00137	0.00255	0.09401	0.09068	0.00417
59	0.10609	0.01548	0.01029	0.00910	0.01129	0.56835	0.00698	0.14584	0.01178	0.01336	0.00705	0.00795	0.00561	0.00419	0.00347	0.00106	0.00593	0.00275	0.05858	0.00486
60	0.00855	0.25566	0.57338	0.00978	0.01470	0.01076	0.01196	0.01205	0.00825	0.01154	0.00732	0.04576	0.00599	0.00405	0.00348	0.00116	0.00525	0.00308	0.00177	0.00553
61	0.07029	0.00422	0.00473	0.00475	0.00583	0.00389	0.00349	0.00684	0.00917	0.02655	0.25844	0.20557	0.34829	0.02412	0.00485	0.00140	0.00216	0.00806	0.00378	0.00354
62	0.00749	0.00495	0.00587	0.00563	0.00678	0.00479	0.00412	0.07437	0.05405	0.09702	0.10934	0.26560	0.17970	0.13239	0.00689	0.00176	0.00278	0.02873	0.00374	0.00401
63	0.01483	0.01844	0.01127	0.01015	0.01226	0.79630	0.00765	0.06278	0.01167	0.01059	0.00633	0.00729	0.00520	0.00413	0.00360	0.00103	0.00699	0.00261	0.00215	0.00472
64	0.03780	0.01186	0.03670	0.01179	0.18244	0.30978	0.00785	0.03254	0.00935	0.01133	0.03468	0.01225	0.05570	0.06058	0.04346	0.00160	0.10566	0.00368	0.02623	0.00469
65	0.00510	0.00395	0.00451	0.00450	0.00553	0.00347	0.00330	0.00618	0.00931	0.01196	0.27210	0.10444	0.47303	0.02420	0.00552	0.04572	0.00210	0.00797	0.00376	0.00336
66	0.00554	0.00389	0.00484	0.00504	0.00583	0.00352	0.00359	0.00666	0.00909	0.04250	0.26767	0.36757	0.21239	0.03655	0.00529	0.00150	0.00219	0.00895	0.00389	0.00351
67	0.00981	0.00942	0.01609	0.02434	0.83592	0.00942	0.01217	0.01217	0.00903	0.01295	0.00746	0.00981	0.00628	0.00353	0.00393	0.00118	0.00471	0.00353	0.00196	0.00628
68	0.01129	0.03009	0.01200	0.20337	0.17475	0.34226	0.00890	0.04774	0.01002	0.02228	0.03369	0.01021	0.01721	0.01763	0.00422	0.00119	0.02348	0.00333	0.02143	0.00491
69	0.00589	0.00463	0.00605	0.00584	0.01569	0.00433	0.04482	0.02337	0.02994	0.02624	0.17723	0.24016	0.32171	0.03012	0.01532	0.01879	0.01446	0.00810	0.00363	0.00368
70	0.00532	0.00417	0.00476	0.00480	0.00589	0.00375	0.00360	0.02849	0.00952	0.01218	0.20969	0.15501	0.45262	0.02475	0.00504	0.00143	0.00222	0.05944	0.00382	0.00351
71	0.02658	0.00906	0.01565	0.16783	0.62347	0.00934	0.06646	0.01184	0.00881	0.01254	0.00739	0.00994	0.00605	0.00360	0.00395	0.00121	0.00491	0.00358	0.00194	0.00585
72	0.00903	0.01276	0.23306	0.01339	0.01723	0.02979	0.43372	0.05011	0.00909	0.01259	0.00799	0.01087	0.00633	0.05432	0.03175	0.00163	0.05498	0.00410	0.00202	0.00524
73	0.00946	0.03954	0.11039	0.00792	0.03429	0.09565	0.02539	0.03027	0.02471	0.03613	0.00780	0.00882	0.01568	0.00343	0.00325	0.00081	0.00396	0.00271	0.00235	0.53744
74	0.00749	0.00705	0.01189	0.85113	0.02731	0.00881	0.01101	0.01013	0.00793	0.01013	0.00705	0.01057	0.00529	0.00396	0.00396	0.00132	0.00529	0.00352	0.00176	0.00440
75	0.00822	0.00705	0.00822	0.00587	0.00940	0.00529	0.00470	0.00998	0.00822	0.01292	0.00705	0.00822	0.00587	0.00294	0.00294	0.00059	0.00294	0.00235	0.00235	0.88490
76	0.02127	0.14493	0.05091	0.02995	0.06549	0.04454	0.08414	0.01206	0.08382	0.08540	0.06464	0.03140	0.04738	0.02207	0.07867	0.00175	0.08395	0.03052	0.00270	0.01442

[dist]
# distance from previous block
# <min> <max>
0	46

[block]
# block no. 1 follows, 68 sequences, length 32
# corresponding to MSA columns:
# 186-217
name=unknown_B
#
# <colnr> <probs for GDERKNQSTAVLIFYWHMCP>
#	G	D	E	R	K	N	Q	S	T	A	V	L	I	F	Y	W	H	M	C	P
0	0.25795	0.00862	0.03636	0.32990	0.01664	0.00958	0.00802	0.22699	0.01055	0.01646	0.02513	0.00990	0.01957	0.00428	0.00356	0.00126	0.00431	0.00328	0.00263	0.00501
1	0.00988	0.06892	0.03573	0.00740	0.00943	0.00835	0.00601	0.34487	0.03370	0.01656	0.01431	0.33110	0.01466	0.02171	0.00455	0.00137	0.00352	0.03118	0.00354	0.03321
2	0.44416	0.03894	0.03375	0.00681	0.00949	0.00920	0.02685	0.12948	0.10959	0.09464	0.04471	0.00984	0.00773	0.00435	0.00321	0.00122	0.00344	0.00314	0.01428	0.00519
3	0.00583	0.00429	0.00618	0.00612	0.00666	0.00495	0.00460	0.00687	0.00621	0.00887	0.01058	0.01687	0.01035	0.16245	0.64789	0.04416	0.03724	0.00443	0.00214	0.00330
4	0.88866	0.00767	0.00583	0.00521	0.00767	0.00889	0.00429	0.01166	0.00675	0.01779	0.00552	0.00644	0.00429	0.00368	0.00245	0.00123	0.00307	0.00215	0.00245	0.00429
5	0.00631	0.00449	0.00623	0.00710	0.00795	0.00448	0.00611	0.00801	0.00892	0.01162	0.02064	0.07303	0.02256	0.04925	0.00612	0.00191	0.00361	0.74447	0.00360	0.00358
6	0.00822	0.00705	0.00822	0.00587	0.00940	0.00529	0.00470	0.00998	0.00822	0.01292	0.00705	0.00822	0.00587	0.00294	0.00294	0.00059	0.00294	0.00235	0.00235	0.88490
7	0.01507	0.01111	0.01190	0.00912	0.01230	0.01230	0.00754	0.82270	0.01864	0.02499	0.00952	0.00952	0.00674	0.00476	0.00397	0.00119	0.00436	0.00357	0.00397	0.00674
8	0.01760	0.00705	0.00939	0.00720	0.01027	0.00628	0.00595	0.07515	0.01186	0.78212	0.01522	0.01322	0.00960	0.00490	0.00399	0.00122	0.00344	0.00396	0.00484	0.00675
9	0.00867	0.00867	0.01214	0.01041	0.01041	0.01214	0.00867	0.00954	0.00607	0.00954	0.00520	0.00867	0.00520	0.00694	0.01301	0.00173	0.85340	0.00347	0.00173	0.00434
10	0.01545	0.01049	0.01152	0.00883	0.01199	0.01139	0.00730	0.70973	0.01762	0.13941	0.01038	0.01008	0.00717	0.00478	0.00397	0.00120	0.00422	0.00363	0.00410	0.00674
11	0.00936	0.01070	0.02340	0.01671	0.02072	0.01003	0.82152	0.01270	0.00936	0.01270	0.00802	0.01070	0.00602	0.00334	0.00468	0.00134	0.00668	0.00468	0.00201	0.00535
12	0.00577	0.00384	0.00432	0.00432	0.00432	0.00384	0.00240	0.00577	0.00577	0.00769	0.01249	0.02595	0.01441	0.86066	0.02018	0.00384	0.00384	0.00577	0.00240	0.00240
13	0.00636	0.00461	0.00623	0.00689	0.00784	0.00461	0.00588	0.00844	0.03861	0.01226	0.10375	0.04126	0.04682	0.04073	0.00585	0.00181	0.00341	0.64725	0.00369	0.00370
14	0.74542	0.00794	0.00664	0.00572	0.00828	0.00902	0.00471	0.09090	0.00821	0.07358	0.00659	0.00721	0.00490	0.00387	0.00270	0.00122	0.00321	0.00241	0.00277	0.00470
15	0.00572	0.00387	0.00452	0.00456	0.00463	0.00392	0.00268	0.00588	0.00589	0.00791	0.01265	0.05454	0.01442	0.75421	0.09541	0.00400	0.00441	0.00582	0.00242	0.00254
16	0.00580	0.00392	0.00471	0.00484	0.00503	0.00399	0.00302	0.00633	0.02851	0.00863	0.01376	0.16422	0.01548	0.55716	0.09464	0.04202	0.00414	0.00636	0.02468	0.00276
17	0.06248	0.00635	0.00763	0.00650	0.00856	0.00628	0.00509	0.05689	0.13655	0.35362	0.06020	0.08041	0.01336	0.10278	0.00584	0.00157	0.00319	0.02729	0.05005	0.00536
18	0.11774	0.00686	0.00760	0.00670	0.00881	0.00718	0.00537	0.09155	0.21626	0.18495	0.04908	0.03903	0.10086	0.02036	0.00431	0.00137	0.00312	0.08759	0.03600	0.00526
19	0.00567	0.00422	0.00623	0.00623	0.00689	0.00488	0.00478	0.00699	0.00633	0.00910	0.01075	0.01630	0.01023	0.08762	0.78749	0.00620	0.01015	0.00435	0.00214	0.00346
20	0.00627	0.00456	0.00548	0.00557	0.00606	0.02542	0.00394	0.00726	0.04414	0.00982	0.05888	0.15325	0.05608	0.25610	0.11502	0.11059	0.02521	0.06904	0.03418	0.00313
21	0.05546	0.00651	0.00706	0.00635	0.00813	0.00684	0.00497	0.16982	0.17107	0.04087	0.10686	0.11100	0.18708	0.00736	0.00423	0.00132	0.00286	0.04028	0.05713	0.00480
22	0.00592	0.00371	0.00471	0.00528	0.00582	0.00353	0.00374	0.00700	0.00805	0.03730	0.04541	0.55918	0.02211	0.01061	0.02041	0.00154	0.00246	0.05754	0.19218	0.00348
23	0.00795	0.00690	0.01038	0.23607	0.18958	0.01844	0.03395	0.03223	0.07490	0.01192	0.07902	0.01698	0.10221	0.00659	0.00569	0.11644	0.00408	0.03963	0.00256	0.00450
24	0.00580	0.00433	0.00527	0.00540	0.00633	0.00420	0.00404	0.00762	0.06350	0.02471	0.16032	0.18766	0.24126	0.08196	0.08888	0.00213	0.00332	0.09607	0.00358	0.00361
25	0.00593	0.00404	0.00532	0.00560	0.01864	0.00399	0.00390	0.00673	0.02576	0.02013	0.13282	0.27746	0.12424	0.04298	0.08530	0.16901	0.01936	0.00719	0.03835	0.00322
26	0.00638	0.00466	0.00644	0.01643	0.00720	0.00475	0.04767	0.00813	0.07332	0.03621	0.03794	0.31073	0.01752	0.22340	0.14784	0.00288	0.00443	0.01793	0.02256	0.00359
27	0.01021	0.01022	0.01545	0.17844	0.15233	0.11153	0.24763	0.07558	0.00966	0.03488	0.00785	0.01053	0.00626	0.03513	0.00534	0.00137	0.06609	0.00384	0.01246	0.00517
28	0.03869	0.00422	0.00560	0.00531	0.00610	0.00400	0.00384	0.00718	0.00726	0.06540	0.13406	0.03279	0.07844	0.02662	0.01049	0.46777	0.00304	0.04163	0.00268	0.05488
29	0.05321	0.02535	0.07028	0.09257	0.16095	0.03638	0.00818	0.06424	0.04768	0.05883	0.00834	0.03253	0.00684	0.00478	0.02025	0.00122	0.08835	0.00337	0.00245	0.21416
30	0.20681	0.03507	0.00876	0.02967	0.02300	0.11073	0.00606	0.04999	0.04455	0.02252	0.02662	0.06214	0.01962	0.07863	0.07684	0.00198	0.16144	0.02874	0.00253	0.00431
31	0.00706	0.03653	0.00707	0.02900	0.01841	0.02846	0.01828	0.04474	0.05836	0.03276	0.03720	0.33379	0.08495	0.10396	0.04293	0.00187	0.00347	0.04877	0.00325	0.05913

[dist]
# distance from previous block
# <min> <max>
5	11

[block]
# block no. 2 follows, 68 sequences, length 59
# corresponding to MSA columns:
# 229-273,276-283,285-290
name=unknown_C
#
# <colnr> <probs for GDERKNQSTAVLIFYWHMCP>
#	G	D	E	R	K	N	Q	S	T	A	V	L	I	F	Y	W	H	M	C	P
0	0.07717	0.00513	0.00586	0.00566	0.00691	0.00511	0.00422	0.06107	0.05815	0.06847	0.08234	0.27382	0.10913	0.08105	0.01922	0.00166	0.00287	0.04414	0.05904	0.02899
1	0.33666	0.00738	0.00775	0.08089	0.01019	0.00812	0.00556	0.16650	0.03045	0.10525	0.01167	0.04073	0.07617	0.02578	0.04668	0.02461	0.00384	0.00385	0.00309	0.00482
2	0.02087	0.00593	0.00641	0.00579	0.00739	0.01742	0.00446	0.10933	0.13633	0.06529	0.08595	0.05717	0.21869	0.04106	0.05487	0.00164	0.00320	0.00566	0.14802	0.00451
3	0.07435	0.00531	0.00617	0.00593	0.00724	0.00530	0.00443	0.07516	0.06886	0.10814	0.10221	0.33150	0.10480	0.03965	0.00503	0.00150	0.00273	0.03202	0.01541	0.00427
4	0.12274	0.00572	0.00638	0.00576	0.00733	0.01804	0.00440	0.05636	0.03298	0.18116	0.07936	0.11015	0.11526	0.11497	0.03967	0.02117	0.00333	0.02882	0.04206	0.00435
5	0.00610	0.00395	0.00513	0.00551	0.00619	0.00369	0.00398	0.00716	0.00855	0.06482	0.14492	0.44936	0.07714	0.06869	0.00592	0.00167	0.00253	0.10106	0.03009	0.00354
6	0.05932	0.00530	0.00617	0.00575	0.00718	0.00523	0.00435	0.06128	0.07483	0.12180	0.15326	0.19099	0.17703	0.05683	0.03989	0.00170	0.00300	0.01800	0.00379	0.00430
7	0.09434	0.00535	0.00591	0.00561	0.00692	0.00545	0.00417	0.07029	0.09386	0.05378	0.14982	0.22441	0.14012	0.07663	0.00556	0.00155	0.00266	0.00688	0.04258	0.00413
8	0.04573	0.00635	0.00734	0.00657	0.00827	0.00656	0.00506	0.17377	0.10869	0.13131	0.13112	0.23965	0.01779	0.02133	0.00452	0.00137	0.00295	0.01879	0.05789	0.00492
9	0.12996	0.00818	0.00926	0.00769	0.01023	0.00874	0.02696	0.22432	0.20827	0.19348	0.03882	0.03928	0.01081	0.00543	0.00392	0.00129	0.00353	0.04810	0.01586	0.00586
10	0.06756	0.00538	0.00630	0.00571	0.00722	0.00527	0.00434	0.05646	0.05604	0.17182	0.16287	0.11444	0.13983	0.10987	0.02932	0.00176	0.00304	0.02612	0.02227	0.00438
11	0.15959	0.00525	0.00564	0.00547	0.00682	0.00545	0.00424	0.07568	0.02044	0.04990	0.07316	0.20273	0.04558	0.00728	0.00386	0.00130	0.00264	0.08664	0.23424	0.00410
12	0.00578	0.00427	0.00543	0.00510	0.00612	0.00403	0.00384	0.00808	0.05127	0.01573	0.76221	0.02923	0.06778	0.00805	0.00465	0.00126	0.00194	0.00709	0.00432	0.00385
13	0.03507	0.00581	0.00717	0.00595	0.00812	0.00533	0.00478	0.04844	0.02487	0.34835	0.15222	0.01773	0.04146	0.00561	0.00383	0.00115	0.00280	0.03636	0.17018	0.07475
14	0.09631	0.00527	0.01720	0.00542	0.00638	0.00529	0.00388	0.07360	0.00807	0.05913	0.09665	0.06013	0.02434	0.41760	0.08521	0.00296	0.00410	0.02197	0.00294	0.00355
15	0.01526	0.01081	0.01172	0.00898	0.01215	0.01186	0.00742	0.76806	0.01815	0.08033	0.00994	0.00979	0.00695	0.00477	0.00397	0.00119	0.00430	0.00360	0.00403	0.00674
16	0.00749	0.00705	0.01189	0.85113	0.02731	0.00881	0.01101	0.01013	0.00793	0.01013	0.00705	0.01057	0.00529	0.00396	0.00396	0.00132	0.00529	0.00352	0.00176	0.00440
17	0.00591	0.00413	0.00527	0.00501	0.00604	0.00381	0.00377	0.00750	0.01033	0.04518	0.57408	0.05600	0.17031	0.00997	0.06052	0.01467	0.00257	0.00714	0.00406	0.00373
18	0.00570	0.00431	0.00631	0.00628	0.00704	0.00495	0.00488	0.00729	0.02075	0.00959	0.03791	0.01672	0.03677	0.02801	0.77724	0.00596	0.00994	0.00447	0.00228	0.00359
19	0.00488	0.00347	0.00458	0.00545	0.00567	0.00326	0.00361	0.00553	0.00749	0.00998	0.02132	0.81053	0.02555	0.06088	0.00592	0.00174	0.00239	0.01096	0.00361	0.00317
20	0.24996	0.00823	0.05171	0.00849	0.06538	0.07113	0.04374	0.03082	0.00792	0.01295	0.01037	0.14716	0.01042	0.04943	0.05116	0.01726	0.08207	0.05688	0.02068	0.00425
21	0.00566	0.00425	0.00637	0.00637	0.00708	0.00496	0.00496	0.00708	0.00637	0.00920	0.01062	0.01558	0.00991	0.02974	0.84494	0.00637	0.01062	0.00425	0.00212	0.00354
22	0.00867	0.00867	0.01214	0.01041	0.01041	0.01214	0.00867	0.00954	0.00607	0.00954	0.00520	0.00867	0.00520	0.00694	0.01301	0.00173	0.85340	0.00347	0.00173	0.00434
23	0.01262	0.02159	0.01073	0.00889	0.01139	0.14312	0.00708	0.33004	0.34305	0.01838	0.01143	0.01120	0.00856	0.00497	0.00427	0.00124	0.03799	0.00375	0.00357	0.00610
24	0.02291	0.00485	0.00561	0.01398	0.00665	0.02794	0.00395	0.00796	0.03283	0.05484	0.17903	0.20511	0.17062	0.05375	0.01848	0.09536	0.00279	0.00685	0.01691	0.06957
25	0.05827	0.05216	0.17126	0.01080	0.11392	0.06126	0.09460	0.02448	0.00921	0.12165	0.04538	0.01221	0.01863	0.02338	0.02571	0.00133	0.00471	0.02923	0.00259	0.11921
26	0.00936	0.01070	0.02340	0.01671	0.02072	0.01003	0.82152	0.01270	0.00936	0.01270	0.00802	0.01070	0.00602	0.00334	0.00468	0.00134	0.00668	0.00468	0.00201	0.00535
27	0.00574	0.00426	0.00538	0.00506	0.00609	0.00400	0.00381	0.00798	0.04873	0.01556	0.73970	0.02954	0.09293	0.00812	0.00465	0.00126	0.00194	0.00713	0.00430	0.00383
28	0.00804	0.00512	0.00605	0.00563	0.00699	0.00493	0.00422	0.08739	0.04959	0.12135	0.16340	0.22292	0.19353	0.04984	0.00523	0.00146	0.00259	0.00726	0.05019	0.00427
29	0.00621	0.00419	0.00541	0.00510	0.00617	0.00383	0.00386	0.00794	0.01085	0.06132	0.66849	0.06106	0.10249	0.00833	0.00467	0.00128	0.00203	0.02860	0.00429	0.00385
30	0.88866	0.00767	0.00583	0.00521	0.00767	0.00889	0.00429	0.01166	0.00675	0.01779	0.00552	0.00644	0.00429	0.00368	0.00245	0.00123	0.00307	0.00215	0.00245	0.00429
31	0.00621	0.00433	0.00543	0.00530	0.00615	0.00423	0.00384	0.02430	0.04753	0.03268	0.36986	0.16068	0.08275	0.10263	0.07054	0.03781	0.00304	0.00705	0.02201	0.00364
32	0.00980	0.00644	0.00750	0.00664	0.00843	0.00660	0.00522	0.18959	0.11022	0.12689	0.14658	0.13626	0.08764	0.02569	0.00471	0.00139	0.00302	0.06784	0.04458	0.00497
33	0.00532	0.00390	0.00478	0.00503	0.00562	0.00367	0.00345	0.00654	0.03172	0.01148	0.23597	0.35293	0.14379	0.15840	0.00751	0.00186	0.00244	0.00862	0.00365	0.00332
34	0.88866	0.00767	0.00583	0.00521	0.00767	0.00889	0.00429	0.01166	0.00675	0.01779	0.00552	0.00644	0.00429	0.00368	0.00245	0.00123	0.00307	0.00215	0.00245	0.00429
35	0.12491	0.00658	0.00725	0.00638	0.00830	0.01955	0.00504	0.12835	0.07182	0.17979	0.10455	0.10643	0.08548	0.03883	0.00469	0.00140	0.00310	0.05670	0.03593	0.00490
36	0.03310	0.00458	0.00535	0.00531	0.00605	0.00459	0.00369	0.04159	0.05535	0.04210	0.12733	0.23637	0.03720	0.29067	0.00966	0.00220	0.00296	0.03224	0.05612	0.00355
37	0.00663	0.00536	0.00565	0.00594	0.00656	0.07208	0.00409	0.01735	0.07577	0.02279	0.03244	0.47928	0.04254	0.14726	0.00771	0.04085	0.00310	0.01779	0.00332	0.00350
38	0.81224	0.00770	0.00619	0.00543	0.00794	0.00879	0.00447	0.03294	0.00734	0.06888	0.00625	0.00696	0.00470	0.00378	0.00259	0.00123	0.00312	0.00230	0.00264	0.00451
39	0.01135	0.00795	0.00882	0.00732	0.00955	0.00844	0.00583	0.40980	0.06447	0.08397	0.04469	0.09635	0.12114	0.04114	0.03001	0.00153	0.00372	0.01644	0.02202	0.00545
40	0.16008	0.00665	0.00700	0.00629	0.00807	0.01925	0.00485	0.11911	0.12561	0.10295	0.05556	0.16312	0.03407	0.06788	0.00505	0.00148	0.00310	0.02265	0.06988	0.01736
41	0.00592	0.00427	0.00623	0.00617	0.00670	0.00491	0.00465	0.00681	0.00616	0.00879	0.01018	0.01595	0.00984	0.10912	0.63676	0.10983	0.03813	0.00428	0.00209	0.00324
42	0.00576	0.00401	0.00492	0.00492	0.00507	0.00422	0.00311	0.00610	0.00598	0.00815	0.01240	0.06301	0.01388	0.63628	0.18348	0.00419	0.02373	0.00567	0.00239	0.00271
43	0.00570	0.00447	0.01822	0.02384	0.00680	0.00395	0.02830	0.00688	0.00872	0.03436	0.14844	0.24964	0.30121	0.08660	0.00612	0.00163	0.00260	0.03730	0.02173	0.00352
44	0.02059	0.00443	0.00542	0.00511	0.00630	0.00402	0.00375	0.00880	0.00931	0.15857	0.23469	0.17190	0.19337	0.10893	0.00633	0.00162	0.00249	0.00718	0.04325	0.00395
45	0.04448	0.00588	0.00660	0.00583	0.00746	0.00597	0.00454	0.15443	0.08051	0.04062	0.35727	0.04617	0.16702	0.00729	0.00430	0.00125	0.00255	0.00615	0.04718	0.00452
46	0.23427	0.02588	0.00954	0.02236	0.01036	0.00915	0.05831	0.25869	0.10082	0.05889	0.07438	0.04257	0.01027	0.00505	0.00366	0.00124	0.00360	0.01645	0.04917	0.00534
47	0.00549	0.00410	0.00483	0.00496	0.00589	0.00375	0.00357	0.00661	0.02105	0.02842	0.08446	0.24652	0.34039	0.10673	0.06064	0.00200	0.00297	0.03730	0.00348	0.02684
48	0.00916	0.00475	0.00619	0.00575	0.00721	0.00422	0.00438	0.01044	0.00978	0.27645	0.18230	0.27369	0.14351	0.00876	0.00460	0.00138	0.00256	0.03616	0.00421	0.00449
49	0.00749	0.00705	0.01189	0.85113	0.02731	0.00881	0.01101	0.01013	0.00793	0.01013	0.00705	0.01057	0.00529	0.00396	0.00396	0.00132	0.00529	0.00352	0.00176	0.00440
50	0.00941	0.25651	0.17935	0.06371	0.05931	0.02291	0.03619	0.06491	0.04295	0.03458	0.02470	0.01003	0.00705	0.00764	0.11449	0.02118	0.03452	0.00325	0.00217	0.00514
51	0.00582	0.00440	0.00529	0.00537	0.00632	0.00423	0.00399	0.04417	0.03669	0.01241	0.20329	0.23836	0.24063	0.05744	0.04682	0.00180	0.00285	0.07277	0.00371	0.00364
52	0.85022	0.00779	0.00616	0.00564	0.02137	0.00900	0.00451	0.03398	0.00711	0.01791	0.00566	0.00658	0.00439	0.00371	0.00252	0.00123	0.00313	0.00221	0.00249	0.00439
53	0.00507	0.00384	0.00453	0.00489	0.00557	0.00352	0.00337	0.00611	0.02513	0.01072	0.10376	0.39702	0.29298	0.10675	0.00658	0.00173	0.00235	0.00916	0.00361	0.00328
54	0.00598	0.00459	0.00531	0.00514	0.00630	0.00436	0.00385	0.04481	0.06746	0.01357	0.31707	0.13371	0.31294	0.00908	0.00482	0.01682	0.00223	0.02069	0.01745	0.00381
55	0.02627	0.54923	0.08699	0.08158	0.01266	0.13040	0.01929	0.01254	0.00860	0.03199	0.00617	0.00726	0.00523	0.00362	0.00298	0.00097	0.00487	0.00246	0.00185	0.00506
56	0.00680	0.00367	0.00549	0.04989	0.00634	0.00378	0.00382	0.00551	0.00541	0.00721	0.00755	0.02834	0.00763	0.05946	0.03204	0.75586	0.00369	0.00373	0.00181	0.00197
57	0.00563	0.00398	0.00494	0.00498	0.00585	0.00361	0.00361	0.00692	0.00956	0.03978	0.37909	0.23640	0.21026	0.04812	0.00547	0.00148	0.00217	0.02062	0.00396	0.00356
58	0.00508	0.00369	0.00482	0.00552	0.00594	0.00347	0.00381	0.00618	0.02510	0.01103	0.11933	0.68022	0.05866	0.01161	0.00499	0.00156	0.00230	0.03955	0.00377	0.00337

[dist]
# distance from previous block
# <min> <max>
4	5

[block]
# block no. 3 follows, 68 sequences, length 12
# corresponding to MSA columns:
# 296-307
name=unknown_D
#
# <colnr> <probs for GDERKNQSTAVLIFYWHMCP>
#	G	D	E	R	K	N	Q	S	T	A	V	L	I	F	Y	W	H	M	C	P
0	0.00911	0.00542	0.00636	0.00563	0.00708	0.00535	0.00430	0.13702	0.01072	0.13038	0.20282	0.06922	0.06375	0.11603	0.00612	0.00155	0.00281	0.03136	0.18058	0.00440
1	0.00968	0.07146	0.03734	0.24372	0.31962	0.04495	0.14488	0.04420	0.00921	0.02659	0.00746	0.00982	0.00588	0.00371	0.00394	0.00122	0.00525	0.00357	0.00202	0.00548
2	0.00685	0.01482	0.00699	0.07880	0.02375	0.00482	0.03635	0.00743	0.00709	0.05338	0.02808	0.17429	0.04950	0.13736	0.13951	0.19700	0.00463	0.02343	0.00261	0.00330
3	0.00544	0.00373	0.00467	0.00505	0.00529	0.00361	0.00329	0.00590	0.00710	0.00949	0.07576	0.35349	0.04299	0.34846	0.02638	0.04572	0.00314	0.04452	0.00310	0.00289
4	0.05029	0.00572	0.00799	0.02457	0.00871	0.02063	0.06238	0.07115	0.00781	0.01129	0.01081	0.09460	0.01039	0.01756	0.37379	0.10390	0.04315	0.03173	0.03972	0.00380
5	0.00600	0.00423	0.00536	0.00540	0.00647	0.00389	0.00425	0.00758	0.01004	0.04538	0.38680	0.07856	0.21941	0.00932	0.00486	0.00142	0.00239	0.19088	0.00403	0.00372
6	0.00971	0.00925	0.01543	0.06258	0.74356	0.00942	0.01173	0.01265	0.06251	0.01306	0.00801	0.01017	0.00661	0.00367	0.00393	0.00120	0.00463	0.00359	0.00209	0.00619
7	0.01060	0.86304	0.02078	0.00678	0.01018	0.01569	0.00678	0.01187	0.00806	0.00933	0.00551	0.00636	0.00509	0.00339	0.00254	0.00085	0.00424	0.00212	0.00170	0.00509
8	0.05653	0.01045	0.01085	0.00863	0.01150	0.03323	0.00703	0.59475	0.15771	0.02246	0.03922	0.01092	0.00858	0.00491	0.00392	0.00122	0.00407	0.00376	0.00387	0.00638
9	0.00764	0.03478	0.00628	0.00545	0.00640	0.00534	0.00399	0.06567	0.04150	0.05064	0.02419	0.01821	0.04615	0.24748	0.18543	0.10039	0.00480	0.00459	0.13748	0.00359
10	0.09036	0.02888	0.00829	0.00737	0.00874	0.26539	0.00560	0.02926	0.00861	0.04797	0.04823	0.03029	0.00977	0.13030	0.22282	0.00287	0.04482	0.00391	0.00245	0.00407
11	0.04013	0.01006	0.14416	0.06364	0.04990	0.05485	0.03117	0.01086	0.05040	0.01211	0.01190	0.15563	0.02389	0.07576	0.04181	0.00198	0.17364	0.00531	0.03790	0.00492

[dist]
# distance from previous block
# <min> <max>
0	5

[block]
# block no. 4 follows, 68 sequences, length 13
# corresponding to MSA columns:
# 313-325
name=unknown_E
#
# <colnr> <probs for GDERKNQSTAVLIFYWHMCP>
#	G	D	E	R	K	N	Q	S	T	A	V	L	I	F	Y	W	H	M	C	P
0	0.00522	0.00367	0.00460	0.00506	0.00532	0.00352	0.00328	0.00582	0.00731	0.00981	0.08829	0.46734	0.04602	0.29058	0.03358	0.00244	0.00300	0.00884	0.00328	0.00301
1	0.01012	0.01011	0.12727	0.22650	0.31447	0.00900	0.05562	0.04055	0.00921	0.11828	0.00838	0.01028	0.00628	0.00399	0.00426	0.00126	0.03283	0.00357	0.00231	0.00571
2	0.00982	0.28830	0.37301	0.01012	0.01449	0.06759	0.09732	0.04117	0.00900	0.02781	0.00715	0.00874	0.00566	0.00382	0.00350	0.00113	0.00537	0.01859	0.00192	0.00548
3	0.00827	0.04372	0.68529	0.06786	0.01751	0.03005	0.04853	0.01266	0.02746	0.01233	0.00729	0.00868	0.00525	0.00380	0.00378	0.00125	0.00578	0.00305	0.00176	0.00570
4	0.00684	0.00515	0.00770	0.14368	0.03571	0.00598	0.00601	0.00804	0.00676	0.04099	0.01007	0.04108	0.00956	0.12273	0.40711	0.06355	0.06879	0.00439	0.00219	0.00367
5	0.02086	0.13548	0.28269	0.09613	0.03029	0.08270	0.06860	0.02865	0.00918	0.09213	0.02861	0.03951	0.03149	0.00467	0.00382	0.00122	0.00502	0.03133	0.00237	0.00526
6	0.01106	0.04618	0.05472	0.07134	0.06876	0.03395	0.14275	0.09482	0.06965	0.18207	0.04910	0.05834	0.02470	0.01531	0.00458	0.00132	0.02458	0.03812	0.00318	0.00548
7	0.00729	0.00490	0.00642	0.00614	0.00682	0.02423	0.00456	0.08436	0.00740	0.01006	0.04078	0.01496	0.00979	0.04506	0.32981	0.36185	0.00631	0.02391	0.00227	0.00311
8	0.00732	0.04052	0.10706	0.05303	0.05749	0.02934	0.05407	0.04008	0.02165	0.01183	0.11063	0.23267	0.05254	0.00847	0.01939	0.07386	0.03320	0.03980	0.00287	0.00419
9	0.00945	0.02129	0.10304	0.11687	0.12095	0.03362	0.19510	0.03769	0.09375	0.06940	0.03030	0.08616	0.00957	0.00506	0.00452	0.00132	0.03275	0.02122	0.00263	0.00532
10	0.02981	0.00800	0.05316	0.43817	0.06413	0.03286	0.05140	0.02525	0.04435	0.06717	0.00993	0.08084	0.01811	0.00501	0.00422	0.01783	0.00467	0.00427	0.03612	0.00472
11	0.06780	0.00717	0.00992	0.21335	0.19499	0.01816	0.00781	0.06685	0.06452	0.03052	0.05112	0.05992	0.07928	0.00609	0.03154	0.00142	0.00407	0.00454	0.07607	0.00488
12	0.06951	0.01017	0.11004	0.05476	0.08838	0.09222	0.04469	0.12788	0.03151	0.08696	0.10698	0.05849	0.03907	0.00576	0.01831	0.00133	0.02509	0.00441	0.01926	0.00519

[dist]
# distance from previous block
# <min> <max>
0	38

# created by:
# /st0/software/busco_prod/Augustus/scripts/msa2prfl.pl ./align_prep/26808.fa
