[name]
unknown

[dist]
# distance from previous block
# <min> <max>
0	19

[block]
# block no. 0 follows, 72 sequences, length 20
# corresponding to MSA columns:
# 19-38
name=unknown_A
#
# <colnr> <probs for GDERKNQSTAVLIFYWHMCP>
#	G	D	E	R	K	N	Q	S	T	A	V	L	I	F	Y	W	H	M	C	P
0	0.01192	0.00914	0.01081	0.00921	0.05189	0.02418	0.05874	0.44096	0.15000	0.06252	0.01254	0.04619	0.04815	0.00529	0.00398	0.00122	0.00392	0.03997	0.00357	0.00582
1	0.02360	0.09338	0.17426	0.02287	0.04184	0.00921	0.07498	0.15626	0.13184	0.14054	0.00985	0.02421	0.00730	0.00417	0.00362	0.00112	0.00418	0.00345	0.00291	0.07039
2	0.00563	0.00428	0.00617	0.00598	0.00686	0.00473	0.00463	0.00696	0.00623	0.00905	0.00993	0.01467	0.00931	0.05819	0.74681	0.00553	0.00928	0.00396	0.00206	0.07973
3	0.01252	0.10609	0.04005	0.02394	0.02629	0.02290	0.10380	0.14718	0.01038	0.30844	0.01019	0.01111	0.00746	0.05041	0.02808	0.00144	0.07745	0.00361	0.00316	0.00551
4	0.00890	0.10157	0.23368	0.02417	0.24077	0.01956	0.13271	0.03308	0.05669	0.01236	0.02092	0.00923	0.00629	0.00356	0.00362	0.00110	0.00478	0.00325	0.00202	0.08174
5	0.00631	0.00431	0.00612	0.01930	0.09603	0.00408	0.00478	0.00730	0.00785	0.08211	0.01933	0.61307	0.05182	0.01008	0.00463	0.00146	0.00263	0.05164	0.00342	0.00373
6	0.00520	0.00387	0.00484	0.00459	0.00556	0.00351	0.00345	0.00683	0.01034	0.01427	0.68855	0.02988	0.18888	0.00811	0.00447	0.00121	0.00181	0.00708	0.00405	0.00351
7	0.00970	0.01113	0.20761	0.09964	0.30375	0.00865	0.14764	0.02449	0.00881	0.11717	0.00809	0.00970	0.00601	0.00367	0.00398	0.00120	0.01746	0.00348	0.00218	0.00562
8	0.14458	0.02273	0.02427	0.00807	0.01069	0.13242	0.04689	0.38426	0.01287	0.06147	0.01075	0.01098	0.07794	0.00466	0.00366	0.00114	0.01315	0.00351	0.02063	0.00534
9	0.00530	0.00519	0.07771	0.00610	0.00704	0.00412	0.02502	0.00693	0.05115	0.01047	0.05006	0.64456	0.04271	0.02556	0.00491	0.00151	0.00266	0.02212	0.00334	0.00352
10	0.04324	0.10993	0.03124	0.05427	0.06246	0.03314	0.07807	0.25781	0.25054	0.02623	0.00991	0.01023	0.00746	0.00427	0.00364	0.00116	0.00413	0.00351	0.00303	0.00572
11	0.05433	0.03790	0.09198	0.05729	0.06244	0.01984	0.11752	0.08682	0.00971	0.21384	0.01169	0.01205	0.07845	0.00429	0.00367	0.00110	0.00404	0.00370	0.00291	0.12643
12	0.02135	0.11367	0.35125	0.02442	0.03827	0.10872	0.12004	0.07784	0.00924	0.03319	0.02161	0.02549	0.00616	0.00396	0.00386	0.00115	0.02925	0.00323	0.00204	0.00524
13	0.02109	0.36518	0.19817	0.00950	0.05684	0.13227	0.05553	0.04683	0.00879	0.03829	0.00645	0.00751	0.00522	0.00385	0.01177	0.00106	0.02199	0.00263	0.00190	0.00512
14	0.00475	0.00386	0.00422	0.00423	0.00539	0.00334	0.00321	0.00591	0.00904	0.01130	0.20009	0.05473	0.61541	0.00933	0.00453	0.00129	0.00198	0.05044	0.00365	0.00329
15	0.00528	0.00365	0.00494	0.01613	0.00609	0.00340	0.01604	0.00609	0.00764	0.04367	0.06621	0.69240	0.06418	0.03860	0.00521	0.00156	0.00235	0.00979	0.00352	0.00327
16	0.01091	0.08428	0.20105	0.04698	0.09280	0.05071	0.07456	0.25110	0.07255	0.05419	0.00883	0.00956	0.01718	0.00406	0.00368	0.00115	0.00470	0.00334	0.00265	0.00571
17	0.02346	0.01799	0.12154	0.06306	0.27001	0.02303	0.10701	0.02674	0.07242	0.07974	0.08126	0.06401	0.01039	0.00469	0.00395	0.00121	0.00430	0.01731	0.00258	0.00529
18	0.00574	0.00361	0.00439	0.00437	0.00444	0.00359	0.00262	0.00553	0.00584	0.00786	0.08222	0.02224	0.01412	0.60748	0.01705	0.19573	0.00343	0.00515	0.00232	0.00227
19	0.00844	0.03903	0.00916	0.02223	0.00990	0.02058	0.03804	0.06736	0.03821	0.01283	0.00741	0.00868	0.00609	0.00473	0.05761	0.00104	0.00368	0.00262	0.00235	0.64001

[dist]
# distance from previous block
# <min> <max>
0	9

[block]
# block no. 1 follows, 72 sequences, length 15
# corresponding to MSA columns:
# 48-62
name=unknown_B
#
# <colnr> <probs for GDERKNQSTAVLIFYWHMCP>
#	G	D	E	R	K	N	Q	S	T	A	V	L	I	F	Y	W	H	M	C	P
0	0.00512	0.00382	0.00465	0.00452	0.00538	0.00347	0.00329	0.00648	0.00954	0.01296	0.52145	0.08028	0.22873	0.08660	0.00585	0.00146	0.00202	0.00725	0.00381	0.00334
1	0.00703	0.00663	0.05646	0.00576	0.00755	0.04577	0.00475	0.01071	0.20946	0.04941	0.15497	0.02562	0.38636	0.00738	0.00420	0.00124	0.00268	0.00616	0.00357	0.00428
2	0.00827	0.00711	0.00808	0.00596	0.00914	0.02450	0.00476	0.01042	0.05447	0.02752	0.00731	0.00830	0.00599	0.00309	0.00314	0.00065	0.02419	0.00242	0.00236	0.78233
3	0.00501	0.00351	0.00452	0.00515	0.00563	0.00322	0.00356	0.00581	0.00774	0.03235	0.06325	0.67217	0.13116	0.01116	0.00476	0.00148	0.00220	0.03050	0.00358	0.00322
4	0.01123	0.04640	0.15880	0.03504	0.17789	0.11117	0.10530	0.03708	0.00933	0.18798	0.00849	0.00945	0.00622	0.00392	0.00412	0.00115	0.04575	0.00329	0.00248	0.03492
5	0.01033	0.09861	0.10611	0.07421	0.20128	0.14119	0.07625	0.04360	0.07190	0.05855	0.00781	0.00917	0.00611	0.00397	0.00418	0.00115	0.06133	0.00321	0.01576	0.00527
6	0.00804	0.05520	0.01037	0.28531	0.01493	0.00778	0.08166	0.08482	0.10900	0.04035	0.05270	0.01744	0.20568	0.00552	0.00398	0.00123	0.00385	0.00478	0.00280	0.00456
7	0.01090	0.00835	0.00947	0.00796	0.04571	0.00854	0.00610	0.30334	0.20051	0.05726	0.06016	0.01127	0.00928	0.00437	0.00359	0.00102	0.00337	0.00353	0.00338	0.24188
8	0.32958	0.03827	0.03253	0.00845	0.06634	0.26700	0.00640	0.10112	0.00946	0.06089	0.00679	0.00771	0.00530	0.00487	0.03941	0.00131	0.00481	0.00261	0.00243	0.00474
9	0.00973	0.00770	0.05566	0.12538	0.02962	0.00747	0.00665	0.13970	0.18478	0.12963	0.09201	0.05734	0.07740	0.00548	0.00391	0.00120	0.00343	0.00460	0.00339	0.05493
10	0.00953	0.00720	0.00933	0.04510	0.05689	0.00713	0.02791	0.10995	0.05563	0.10875	0.00983	0.08788	0.00854	0.04168	0.00517	0.00116	0.09557	0.00389	0.00281	0.30606
11	0.01246	0.01008	0.01073	0.12257	0.03025	0.08689	0.00741	0.47320	0.12024	0.04628	0.01035	0.01065	0.03232	0.00460	0.00379	0.00116	0.00429	0.00358	0.00333	0.00580
12	0.01306	0.03586	0.01130	0.00958	0.08681	0.01058	0.00720	0.53219	0.12393	0.07686	0.00994	0.00991	0.00720	0.00442	0.00372	0.00112	0.00392	0.00346	0.00355	0.04539
13	0.06792	0.01054	0.11293	0.02369	0.01135	0.10061	0.02487	0.25226	0.06900	0.17282	0.01048	0.01082	0.02667	0.00662	0.08081	0.00161	0.00486	0.00347	0.00316	0.00552
14	0.17011	0.03604	0.04074	0.00769	0.01041	0.04974	0.00646	0.37001	0.15947	0.06881	0.03717	0.01010	0.00791	0.00448	0.00350	0.00116	0.00378	0.00335	0.00338	0.00568

[dist]
# distance from previous block
# <min> <max>
4	27

[block]
# block no. 2 follows, 72 sequences, length 95
# corresponding to MSA columns:
# 90-149,153-187
name=unknown_C
#
# <colnr> <probs for GDERKNQSTAVLIFYWHMCP>
#	G	D	E	R	K	N	Q	S	T	A	V	L	I	F	Y	W	H	M	C	P
0	0.03194	0.11215	0.16472	0.01076	0.09837	0.15638	0.02129	0.07326	0.09700	0.06245	0.03967	0.07880	0.00993	0.00555	0.00430	0.00137	0.01911	0.00418	0.00297	0.00579
1	0.00622	0.05353	0.02976	0.00521	0.00635	0.00434	0.00407	0.00757	0.00901	0.06999	0.33265	0.27796	0.11948	0.01841	0.01857	0.00139	0.00242	0.00744	0.02193	0.00370
2	0.00565	0.00384	0.00444	0.00452	0.00466	0.00384	0.00273	0.02901	0.00622	0.00828	0.01343	0.15043	0.01549	0.69074	0.01631	0.00323	0.00346	0.02860	0.00256	0.00257
3	0.01132	0.14410	0.20254	0.03652	0.07779	0.13191	0.03260	0.16701	0.05147	0.08780	0.00805	0.00873	0.00601	0.00396	0.00361	0.00110	0.01444	0.00303	0.00249	0.00553
4	0.80210	0.02247	0.00624	0.00534	0.00763	0.00835	0.02759	0.01085	0.00659	0.01632	0.00624	0.05509	0.00536	0.00398	0.00255	0.00119	0.00301	0.00262	0.00239	0.00409
5	0.00789	0.00772	0.01110	0.00956	0.00977	0.01054	0.03135	0.00886	0.00594	0.00917	0.00583	0.00934	0.00567	0.00978	0.13707	0.00231	0.70886	0.00346	0.00172	0.00406
6	0.01045	0.80344	0.01917	0.00674	0.00989	0.07945	0.00655	0.01165	0.00794	0.00895	0.00532	0.00614	0.00487	0.00330	0.00251	0.00082	0.00427	0.00206	0.00165	0.00483
7	0.00787	0.02933	0.74462	0.01074	0.02856	0.00870	0.03160	0.02287	0.00819	0.02335	0.00718	0.02233	0.00529	0.00373	0.00361	0.00118	0.00540	0.00298	0.00173	0.03073
8	0.00766	0.01929	0.82314	0.01072	0.01623	0.00883	0.01378	0.01224	0.03164	0.01212	0.00705	0.00818	0.00500	0.00365	0.00361	0.00120	0.00553	0.00284	0.00167	0.00562
9	0.00895	0.01023	0.02238	0.01598	0.01982	0.00959	0.82928	0.01215	0.00895	0.01215	0.00767	0.01023	0.00575	0.00320	0.00448	0.00128	0.00639	0.00448	0.00192	0.00512
10	0.00449	0.00380	0.00389	0.00396	0.00515	0.00319	0.00294	0.00543	0.00853	0.01020	0.03692	0.10713	0.77185	0.00980	0.00451	0.00130	0.00194	0.00824	0.00352	0.00319
11	0.00828	0.00792	0.01361	0.43526	0.41597	0.00874	0.03442	0.01069	0.00812	0.01105	0.00695	0.00977	0.00553	0.00358	0.00379	0.00120	0.00483	0.00341	0.00178	0.00510
12	0.00462	0.00330	0.00440	0.00528	0.00550	0.00308	0.00352	0.00528	0.00726	0.00968	0.02090	0.86424	0.02508	0.01188	0.00484	0.00154	0.00220	0.01078	0.00352	0.00308
13	0.00611	0.00437	0.00611	0.00698	0.00786	0.00437	0.00611	0.00786	0.00873	0.01135	0.02008	0.04278	0.02183	0.01048	0.00524	0.00175	0.00349	0.81753	0.00349	0.00349
14	0.01086	0.18535	0.24508	0.01026	0.08324	0.30301	0.00919	0.02329	0.00911	0.03162	0.00660	0.00769	0.00526	0.00374	0.00345	0.00103	0.02057	0.00264	0.03299	0.00501
15	0.00761	0.01962	0.84707	0.01081	0.01641	0.00881	0.01401	0.01201	0.00801	0.01201	0.00681	0.00801	0.00480	0.00360	0.00360	0.00120	0.00560	0.00280	0.00160	0.00560
16	0.01033	0.01168	0.00938	0.00854	0.01010	0.44311	0.07605	0.01146	0.00947	0.03386	0.03288	0.26233	0.03607	0.00661	0.00403	0.00120	0.00500	0.02121	0.00262	0.00406
17	0.00707	0.00353	0.00353	0.00353	0.00442	0.00353	0.00265	0.00884	0.00795	0.01414	0.01237	0.01414	0.00972	0.00442	0.00265	0.00088	0.00177	0.00353	0.88777	0.00353
18	0.00451	0.00384	0.00388	0.00387	0.00514	0.00321	0.00290	0.00549	0.00870	0.01039	0.06137	0.03627	0.81848	0.00955	0.00448	0.00128	0.00192	0.00797	0.00354	0.00321
19	0.00562	0.00393	0.00501	0.00470	0.00568	0.00359	0.00354	0.00733	0.01047	0.03523	0.72328	0.02829	0.10828	0.00775	0.00441	0.00119	0.00184	0.00679	0.02948	0.00361
20	0.00487	0.00353	0.00448	0.00506	0.00553	0.00327	0.00348	0.01628	0.00795	0.01064	0.11237	0.64711	0.11785	0.01089	0.00469	0.00145	0.00214	0.00976	0.02543	0.00320
21	0.01031	0.83313	0.01949	0.00663	0.00982	0.05027	0.00652	0.01152	0.00783	0.00894	0.00530	0.00612	0.00487	0.00327	0.00248	0.00082	0.00417	0.00205	0.00164	0.00485
22	0.00654	0.00465	0.00588	0.00581	0.00626	0.06099	0.00425	0.00649	0.00588	0.00782	0.00823	0.01281	0.00784	0.01978	0.41033	0.41154	0.00678	0.00360	0.00185	0.00266
23	0.01178	0.33067	0.13082	0.00868	0.01165	0.40586	0.00795	0.03350	0.00942	0.00989	0.00586	0.00678	0.00491	0.00364	0.00309	0.00095	0.00558	0.00236	0.00183	0.00479
24	0.01014	0.86900	0.01987	0.00649	0.00973	0.01501	0.00649	0.01136	0.00771	0.00892	0.00527	0.00608	0.00487	0.00324	0.00243	0.00081	0.00406	0.00203	0.00162	0.00487
25	0.01002	0.01155	0.07040	0.06597	0.22434	0.26128	0.00844	0.02976	0.10577	0.01183	0.06729	0.01217	0.06309	0.00464	0.00408	0.00115	0.03713	0.00370	0.00240	0.00497
26	0.01024	0.00757	0.07953	0.00632	0.00960	0.00542	0.00556	0.01208	0.00883	0.24764	0.03311	0.01112	0.03150	0.00383	0.00328	0.00084	0.00312	0.01324	0.00299	0.50418
27	0.00487	0.00381	0.00434	0.00431	0.00527	0.00339	0.00314	0.00599	0.00883	0.01139	0.27271	0.08946	0.45130	0.08289	0.03008	0.00162	0.00229	0.00753	0.00357	0.00323
28	0.79356	0.00723	0.00594	0.00519	0.00760	0.00817	0.00427	0.01198	0.00696	0.11151	0.00638	0.00693	0.00471	0.00365	0.00251	0.00117	0.00297	0.00225	0.00261	0.00437
29	0.05839	0.00733	0.00913	0.00706	0.00997	0.00699	0.00582	0.17169	0.03468	0.62768	0.01340	0.01190	0.00864	0.00462	0.00374	0.00117	0.00339	0.00367	0.00439	0.00633
30	0.70555	0.00720	0.00624	0.00537	0.00779	0.00800	0.00442	0.03479	0.00759	0.15126	0.02759	0.00788	0.00581	0.00384	0.00268	0.00117	0.00299	0.00249	0.00281	0.00454
31	0.01037	0.00861	0.00910	0.00791	0.01022	0.00987	0.00623	0.17178	0.68306	0.01737	0.01425	0.01321	0.01062	0.00503	0.00385	0.00126	0.00322	0.00412	0.00385	0.00609
32	0.00939	0.00901	0.01539	0.02328	0.84306	0.00901	0.01164	0.01164	0.00864	0.01239	0.00713	0.00939	0.00601	0.00338	0.00375	0.00113	0.00451	0.00338	0.00188	0.00601
33	0.00939	0.00901	0.01539	0.02328	0.84306	0.00901	0.01164	0.01164	0.00864	0.01239	0.00713	0.00939	0.00601	0.00338	0.00375	0.00113	0.00451	0.00338	0.00188	0.00601
34	0.00643	0.01974	0.00571	0.00575	0.00660	0.00459	0.00415	0.00898	0.14791	0.06100	0.07796	0.55113	0.02176	0.00962	0.00449	0.00142	0.00242	0.02752	0.02894	0.00387
35	0.00686	0.00351	0.00361	0.00368	0.00451	0.00350	0.00273	0.00853	0.00789	0.01376	0.01310	0.08689	0.01104	0.00506	0.00284	0.00094	0.00180	0.00415	0.81210	0.00350
36	0.00830	0.00830	0.01162	0.00996	0.00996	0.01162	0.00830	0.00913	0.00581	0.00913	0.00498	0.00830	0.00498	0.00664	0.01245	0.00166	0.85977	0.00332	0.00166	0.00415
37	0.00460	0.00348	0.00425	0.00483	0.00539	0.00313	0.00333	0.00538	0.00777	0.00999	0.04677	0.59363	0.27158	0.01109	0.00472	0.00145	0.00211	0.00985	0.00354	0.00313
38	0.00611	0.00448	0.00647	0.00713	0.00806	0.00445	0.02958	0.00784	0.00868	0.01129	0.02006	0.07336	0.03508	0.01031	0.00519	0.00172	0.00350	0.74972	0.00345	0.00352
39	0.01025	0.28321	0.24467	0.00919	0.05759	0.05019	0.00886	0.12780	0.10347	0.03699	0.00783	0.00841	0.00604	0.00381	0.00328	0.00105	0.00448	0.00284	0.00231	0.02772
40	0.01417	0.01786	0.01077	0.00974	0.01173	0.82739	0.00732	0.03854	0.01095	0.00970	0.00596	0.00690	0.00493	0.00393	0.00343	0.00098	0.00676	0.00247	0.00201	0.00446
41	0.00448	0.00384	0.00384	0.00384	0.00512	0.00320	0.00288	0.00544	0.00864	0.01025	0.03842	0.03650	0.84152	0.00960	0.00448	0.00128	0.00192	0.00800	0.00352	0.00320
42	0.01115	0.24647	0.23107	0.00950	0.03577	0.33870	0.02289	0.01318	0.00910	0.03107	0.00632	0.00730	0.00507	0.00365	0.00323	0.00100	0.00555	0.00253	0.01151	0.00494
43	0.05571	0.05688	0.07207	0.09507	0.33978	0.01964	0.17790	0.01195	0.00856	0.08327	0.00813	0.03968	0.00657	0.00382	0.00379	0.00118	0.00475	0.00371	0.00216	0.00538
44	0.89350	0.00733	0.00557	0.00499	0.00733	0.00851	0.00411	0.01115	0.00645	0.01702	0.00528	0.00616	0.00411	0.00352	0.00235	0.00117	0.00293	0.00205	0.00235	0.00411
45	0.00593	0.00425	0.00534	0.00615	0.00648	0.00386	0.00409	0.00626	0.00808	0.01089	0.02188	0.84989	0.02589	0.01255	0.00535	0.00176	0.00265	0.01105	0.00392	0.00375
46	0.00464	0.00332	0.00442	0.00527	0.00551	0.00309	0.00352	0.00533	0.00736	0.00984	0.04435	0.84034	0.02539	0.01176	0.00483	0.00153	0.00219	0.01067	0.00354	0.00309
47	0.00830	0.00830	0.01162	0.00996	0.00996	0.01162	0.00830	0.00913	0.00581	0.00913	0.00498	0.00830	0.00498	0.00664	0.01245	0.00166	0.85977	0.00332	0.00166	0.00415
48	0.00716	0.00674	0.01138	0.85760	0.02612	0.00843	0.01053	0.00969	0.00758	0.00969	0.00674	0.01011	0.00506	0.00379	0.00379	0.00126	0.00506	0.00337	0.00169	0.00421
49	0.01702	0.00645	0.00880	0.00675	0.00968	0.00557	0.00557	0.01848	0.01085	0.84568	0.01496	0.01291	0.00939	0.00469	0.00381	0.00117	0.00323	0.00381	0.00469	0.00645
50	0.00552	0.00368	0.00414	0.00414	0.00414	0.00368	0.00230	0.00552	0.00552	0.00735	0.01195	0.02482	0.01379	0.86672	0.01930	0.00368	0.00368	0.00552	0.00230	0.00230
51	0.01442	0.01062	0.01138	0.00873	0.01176	0.01176	0.00721	0.83041	0.01783	0.02390	0.00911	0.00911	0.00645	0.00455	0.00379	0.00114	0.00417	0.00341	0.00379	0.00645
52	0.00545	0.00386	0.00497	0.00469	0.00559	0.00357	0.00352	0.00723	0.01055	0.01508	0.78382	0.02764	0.04514	0.00759	0.00437	0.00118	0.00179	0.00669	0.05370	0.00357
53	0.00552	0.00368	0.00414	0.00414	0.00414	0.00368	0.00230	0.00552	0.00552	0.00735	0.01195	0.02482	0.01379	0.86672	0.01930	0.00368	0.00368	0.00552	0.00230	0.00230
54	0.00488	0.00350	0.00449	0.00513	0.00560	0.00322	0.00356	0.00569	0.00773	0.02067	0.06532	0.64513	0.13995	0.02229	0.00496	0.00152	0.00223	0.04741	0.00355	0.00317
55	0.00552	0.00368	0.00414	0.00414	0.00414	0.00368	0.00230	0.00552	0.00552	0.00735	0.01195	0.02482	0.01379	0.86672	0.01930	0.00368	0.00368	0.00552	0.00230	0.00230
56	0.01357	0.14600	0.01214	0.00925	0.01143	0.70231	0.00720	0.03712	0.01049	0.00963	0.00586	0.00679	0.00493	0.00383	0.00328	0.00096	0.00635	0.00241	0.00196	0.00452
57	0.02600	0.32352	0.26791	0.00859	0.02275	0.04577	0.01711	0.10666	0.02721	0.06790	0.01588	0.00808	0.00582	0.00382	0.00346	0.00105	0.02913	0.00274	0.00219	0.01442
58	0.00932	0.21039	0.25620	0.05726	0.22765	0.07363	0.08042	0.02233	0.00849	0.01124	0.00657	0.00814	0.00525	0.00347	0.00345	0.00108	0.00508	0.00293	0.00176	0.00534
59	0.56284	0.03305	0.03190	0.00710	0.03195	0.25618	0.00561	0.01236	0.00785	0.01427	0.00555	0.00650	0.00443	0.00363	0.00274	0.00111	0.00423	0.00223	0.00218	0.00431
60	0.00857	0.01285	0.31738	0.09525	0.40363	0.02028	0.06452	0.01167	0.00836	0.01195	0.00700	0.00897	0.00545	0.00349	0.00374	0.00117	0.00511	0.00323	0.00176	0.00562
61	0.00463	0.00331	0.00441	0.00527	0.00550	0.00309	0.00352	0.00531	0.00732	0.00977	0.03438	0.85050	0.02526	0.01181	0.00483	0.00153	0.00219	0.01072	0.00353	0.00309
62	0.00464	0.00332	0.00443	0.00531	0.00554	0.00310	0.00356	0.00532	0.00728	0.00971	0.02089	0.85199	0.02504	0.01186	0.00485	0.00154	0.00222	0.02281	0.00352	0.00309
63	0.00462	0.00331	0.00439	0.00525	0.00549	0.00308	0.00350	0.00528	0.00730	0.00970	0.02134	0.84381	0.04524	0.01183	0.00483	0.00153	0.00219	0.01071	0.00352	0.00308
64	0.00895	0.01023	0.02238	0.01598	0.01982	0.00959	0.82928	0.01215	0.00895	0.01215	0.00767	0.01023	0.00575	0.00320	0.00448	0.00128	0.00639	0.00448	0.00192	0.00512
65	0.00896	0.01020	0.02219	0.01618	0.04181	0.00958	0.80744	0.01213	0.00894	0.01215	0.00766	0.01021	0.00576	0.00320	0.00446	0.00127	0.00634	0.00445	0.00192	0.00514
66	0.00716	0.00674	0.01138	0.85760	0.02612	0.00843	0.01053	0.00969	0.00758	0.00969	0.00674	0.01011	0.00506	0.00379	0.00379	0.00126	0.00506	0.00337	0.00169	0.00421
67	0.01679	0.00681	0.00902	0.00692	0.00986	0.00610	0.00571	0.08777	0.01145	0.77556	0.01446	0.01258	0.00914	0.00468	0.00381	0.00117	0.00331	0.00378	0.00462	0.00645
68	0.01131	0.32330	0.04030	0.00848	0.05726	0.01195	0.00707	0.26187	0.18004	0.03917	0.01854	0.00934	0.00726	0.00414	0.00331	0.00105	0.00390	0.00312	0.00287	0.00570
69	0.00768	0.04378	0.82353	0.01069	0.01622	0.00898	0.01380	0.01199	0.00800	0.01192	0.00676	0.00795	0.00481	0.00359	0.00357	0.00119	0.00556	0.00278	0.00160	0.00558
70	0.00939	0.00901	0.01539	0.02328	0.84306	0.00901	0.01164	0.01164	0.00864	0.01239	0.00713	0.00939	0.00601	0.00338	0.00375	0.00113	0.00451	0.00338	0.00188	0.00601
71	0.00448	0.00384	0.00384	0.00384	0.00512	0.00320	0.00288	0.00544	0.00864	0.01025	0.03842	0.03650	0.84152	0.00960	0.00448	0.00128	0.00192	0.00800	0.00352	0.00320
72	0.00943	0.00815	0.00858	0.00772	0.00986	0.00943	0.00600	0.02015	0.83621	0.01586	0.01544	0.01415	0.01158	0.00515	0.00386	0.00129	0.00300	0.00429	0.00386	0.00600
73	0.00552	0.00368	0.00414	0.00414	0.00414	0.00368	0.00230	0.00552	0.00552	0.00735	0.01195	0.02482	0.01379	0.86672	0.01930	0.00368	0.00368	0.00552	0.00230	0.00230
74	0.01027	0.00667	0.00811	0.00591	0.00917	0.00519	0.00478	0.01190	0.00865	0.23170	0.00890	0.00919	0.00661	0.00330	0.00307	0.00072	0.00292	0.00266	0.00289	0.65737
75	0.04297	0.37339	0.07190	0.00813	0.03283	0.18103	0.02473	0.07435	0.00934	0.07753	0.00763	0.05553	0.00656	0.00413	0.00314	0.00100	0.00456	0.00301	0.01327	0.00496
76	0.00542	0.00395	0.00557	0.00631	0.00691	0.00383	0.02080	0.00666	0.00800	0.01053	0.02025	0.45183	0.02314	0.01104	0.00503	0.00163	0.00290	0.39940	0.00348	0.00332
77	0.00659	0.00329	0.00494	0.00494	0.00494	0.00329	0.00329	0.00494	0.00494	0.00659	0.00659	0.01153	0.00659	0.01318	0.01482	0.88966	0.00329	0.00329	0.00165	0.00165
78	0.00943	0.00815	0.00858	0.00772	0.00986	0.00943	0.00600	0.02015	0.83621	0.01586	0.01544	0.01415	0.01158	0.00515	0.00386	0.00129	0.00300	0.00429	0.00386	0.00600
79	0.01417	0.01808	0.01075	0.00977	0.01172	0.85149	0.00733	0.01514	0.01075	0.00928	0.00586	0.00684	0.00489	0.00391	0.00342	0.00098	0.00684	0.00244	0.00195	0.00440
80	0.00943	0.00815	0.00858	0.00772	0.00986	0.00943	0.00600	0.02015	0.83621	0.01586	0.01544	0.01415	0.01158	0.00515	0.00386	0.00129	0.00300	0.00429	0.00386	0.00600
81	0.00707	0.00353	0.00353	0.00353	0.00442	0.00353	0.00265	0.00884	0.00795	0.01414	0.01237	0.01414	0.00972	0.00442	0.00265	0.00088	0.00177	0.00353	0.88777	0.00353
82	0.00707	0.00353	0.00353	0.00353	0.00442	0.00353	0.00265	0.00884	0.00795	0.01414	0.01237	0.01414	0.00972	0.00442	0.00265	0.00088	0.00177	0.00353	0.88777	0.00353
83	0.01442	0.01062	0.01138	0.00873	0.01176	0.01176	0.00721	0.83041	0.01783	0.02390	0.00911	0.00911	0.00645	0.00455	0.00379	0.00114	0.00417	0.00341	0.00379	0.00645
84	0.00830	0.00830	0.01162	0.00996	0.00996	0.01162	0.00830	0.00913	0.00581	0.00913	0.00498	0.00830	0.00498	0.00664	0.01245	0.00166	0.85977	0.00332	0.00166	0.00415
85	0.00786	0.00674	0.00786	0.00562	0.00899	0.00506	0.00449	0.00955	0.00786	0.01236	0.00674	0.00786	0.00562	0.00281	0.00281	0.00056	0.00281	0.00225	0.00225	0.88990
86	0.00462	0.00330	0.00440	0.00528	0.00550	0.00308	0.00352	0.00528	0.00726	0.00968	0.02090	0.86424	0.02508	0.01188	0.00484	0.00154	0.00220	0.01078	0.00352	0.00308
87	0.00995	0.00466	0.00528	0.00462	0.00614	0.00450	0.00363	0.05729	0.00923	0.22095	0.01283	0.01355	0.00945	0.00449	0.00300	0.00097	0.00226	0.00360	0.61917	0.00442
88	0.00518	0.00387	0.00479	0.00456	0.00552	0.00350	0.00341	0.00676	0.01020	0.01400	0.65314	0.03006	0.21130	0.02136	0.00470	0.00125	0.00185	0.00709	0.00400	0.00348
89	0.00945	0.41267	0.03541	0.01731	0.04935	0.01056	0.01741	0.03467	0.03193	0.02938	0.00655	0.00750	0.00552	0.00330	0.00298	0.00081	0.01830	0.00240	0.00204	0.30248
90	0.03306	0.33743	0.03980	0.00787	0.02007	0.03628	0.00695	0.35423	0.05847	0.04841	0.00810	0.01912	0.00633	0.00410	0.00324	0.00103	0.00410	0.00297	0.00283	0.00563
91	0.00761	0.01962	0.84707	0.01081	0.01641	0.00881	0.01401	0.01201	0.00801	0.01201	0.00681	0.00801	0.00480	0.00360	0.00360	0.00120	0.00560	0.00280	0.00160	0.00560
92	0.00494	0.00364	0.00469	0.00537	0.00593	0.00339	0.00395	0.00592	0.00794	0.01034	0.05578	0.51805	0.16481	0.01104	0.00485	0.00153	0.00241	0.17868	0.00354	0.00321
93	0.89350	0.00733	0.00557	0.00499	0.00733	0.00851	0.00411	0.01115	0.00645	0.01702	0.00528	0.00616	0.00411	0.00352	0.00235	0.00117	0.00293	0.00205	0.00235	0.00411
94	0.04864	0.02851	0.01626	0.00607	0.02143	0.01928	0.01376	0.06931	0.01975	0.10499	0.08985	0.27472	0.18430	0.03018	0.02568	0.00148	0.01956	0.00685	0.00341	0.01599

[dist]
# distance from previous block
# <min> <max>
1	12

[block]
# block no. 3 follows, 72 sequences, length 28
# corresponding to MSA columns:
# 200-227
name=unknown_D
#
# <colnr> <probs for GDERKNQSTAVLIFYWHMCP>
#	G	D	E	R	K	N	Q	S	T	A	V	L	I	F	Y	W	H	M	C	P
0	0.00464	0.00333	0.00437	0.00520	0.00546	0.00310	0.00347	0.00529	0.00727	0.00965	0.02132	0.81619	0.05378	0.03085	0.00515	0.00158	0.00222	0.01057	0.00349	0.00307
1	0.00938	0.17855	0.31235	0.01014	0.08851	0.02101	0.05239	0.07960	0.03644	0.05901	0.02101	0.01023	0.05087	0.00402	0.00349	0.00109	0.00453	0.00325	0.00225	0.05187
2	0.04546	0.15214	0.07945	0.00837	0.04075	0.06275	0.01860	0.21724	0.10539	0.17175	0.02955	0.02274	0.00799	0.00439	0.00351	0.00111	0.00400	0.00340	0.01572	0.00566
3	0.02837	0.00894	0.01218	0.03300	0.36552	0.05356	0.00863	0.16206	0.01102	0.26414	0.00973	0.01021	0.00699	0.00403	0.00374	0.00114	0.00417	0.00344	0.00308	0.00606
4	0.00501	0.00386	0.00458	0.00440	0.00545	0.00343	0.00330	0.00647	0.00989	0.01321	0.51830	0.03161	0.35979	0.00850	0.00448	0.00123	0.00184	0.00732	0.00391	0.00343
5	0.02633	0.08291	0.09685	0.04975	0.10500	0.08612	0.16316	0.04680	0.02042	0.12390	0.04027	0.06404	0.00842	0.00487	0.01471	0.00126	0.05360	0.00398	0.00251	0.00510
6	0.89350	0.00733	0.00557	0.00499	0.00733	0.00851	0.00411	0.01115	0.00645	0.01702	0.00528	0.00616	0.00411	0.00352	0.00235	0.00117	0.00293	0.00205	0.00235	0.00411
7	0.01369	0.00598	0.00788	0.00632	0.00873	0.00538	0.00512	0.02986	0.05406	0.58390	0.19505	0.01693	0.03872	0.00552	0.00398	0.00119	0.00288	0.00461	0.00449	0.00571
8	0.00851	0.00834	0.02735	0.11663	0.52509	0.00829	0.08249	0.01103	0.04042	0.01190	0.02202	0.01241	0.07993	0.00431	0.00415	0.02135	0.00440	0.00395	0.00210	0.00533
9	0.00817	0.00751	0.00745	0.02279	0.00861	0.11315	0.01993	0.04130	0.29248	0.01390	0.25805	0.03588	0.11699	0.03134	0.00453	0.00129	0.00315	0.00536	0.00354	0.00456
10	0.01702	0.00645	0.00880	0.00675	0.00968	0.00557	0.00557	0.01848	0.01085	0.84568	0.01496	0.01291	0.00939	0.00469	0.00381	0.00117	0.00323	0.00381	0.00469	0.00645
11	0.01639	0.00644	0.00861	0.00664	0.00947	0.00568	0.00547	0.04583	0.01094	0.77297	0.01462	0.01284	0.00931	0.00467	0.00375	0.00116	0.00318	0.00379	0.05194	0.00630
12	0.00736	0.00699	0.01264	0.03708	0.01252	0.00663	0.34892	0.03434	0.03395	0.02825	0.25133	0.02043	0.17095	0.00584	0.00440	0.00125	0.00398	0.00573	0.00302	0.00438
13	0.00716	0.00674	0.01138	0.85760	0.02612	0.00843	0.01053	0.00969	0.00758	0.00969	0.00674	0.01011	0.00506	0.00379	0.00379	0.00126	0.00506	0.00337	0.00169	0.00421
14	0.00939	0.00901	0.01539	0.02328	0.84306	0.00901	0.01164	0.01164	0.00864	0.01239	0.00713	0.00939	0.00601	0.00338	0.00375	0.00113	0.00451	0.00338	0.00188	0.00601
15	0.00462	0.00330	0.00440	0.00528	0.00550	0.00308	0.00352	0.00528	0.00726	0.00968	0.02090	0.86424	0.02508	0.01188	0.00484	0.00154	0.00220	0.01078	0.00352	0.00308
16	0.02448	0.25269	0.41453	0.00872	0.01256	0.06436	0.02289	0.01117	0.00778	0.01050	0.00706	0.02501	0.00610	0.08130	0.02064	0.00141	0.01917	0.00300	0.00176	0.00488
17	0.00847	0.00882	0.01450	0.01157	0.01260	0.01107	0.22831	0.00994	0.00665	0.00994	0.00570	0.00882	0.00519	0.00572	0.01031	0.00156	0.63108	0.00363	0.00173	0.00441
18	0.00761	0.01962	0.84707	0.01081	0.01641	0.00881	0.01401	0.01201	0.00801	0.01201	0.00681	0.00801	0.00480	0.00360	0.00360	0.00120	0.00560	0.00280	0.00160	0.00560
19	0.00462	0.00330	0.00440	0.00528	0.00550	0.00308	0.00352	0.00528	0.00726	0.00968	0.02090	0.86424	0.02508	0.01188	0.00484	0.00154	0.00220	0.01078	0.00352	0.00308
20	0.89350	0.00733	0.00557	0.00499	0.00733	0.00851	0.00411	0.01115	0.00645	0.01702	0.00528	0.00616	0.00411	0.00352	0.00235	0.00117	0.00293	0.00205	0.00235	0.00411
21	0.00448	0.00384	0.00384	0.00384	0.00512	0.00320	0.00288	0.00544	0.00864	0.01025	0.03842	0.03650	0.84152	0.00960	0.00448	0.00128	0.00192	0.00800	0.00352	0.00320
22	0.00880	0.03839	0.04830	0.02380	0.07501	0.03641	0.02933	0.04017	0.00848	0.04080	0.00728	0.02124	0.00600	0.00329	0.00322	0.00076	0.01456	0.00268	0.00229	0.58920
23	0.00953	0.03754	0.10333	0.00756	0.01030	0.00661	0.07438	0.06132	0.05615	0.17041	0.05168	0.06476	0.03261	0.03314	0.04386	0.00143	0.00394	0.05355	0.00304	0.17485
24	0.03782	0.11720	0.18459	0.04028	0.11720	0.04275	0.11756	0.12149	0.04213	0.07899	0.02670	0.01928	0.00706	0.02575	0.00404	0.00121	0.00468	0.00345	0.00244	0.00540
25	0.00891	0.37462	0.32249	0.00920	0.01319	0.01115	0.11161	0.01153	0.00792	0.02884	0.00670	0.00824	0.00544	0.02203	0.04199	0.00132	0.00517	0.00282	0.00175	0.00508
26	0.00808	0.00590	0.00666	0.00604	0.00762	0.00625	0.00465	0.04583	0.33048	0.06547	0.28208	0.04903	0.07250	0.00638	0.00401	0.00121	0.00246	0.00544	0.08511	0.00476
27	0.03959	0.00906	0.10057	0.04875	0.05749	0.00695	0.03452	0.02430	0.03258	0.02603	0.04043	0.07325	0.04038	0.00517	0.00400	0.00117	0.00387	0.00407	0.00292	0.44491

[dist]
# distance from previous block
# <min> <max>
0	1

[block]
# block no. 4 follows, 72 sequences, length 18
# corresponding to MSA columns:
# 229-246
name=unknown_E
#
# <colnr> <probs for GDERKNQSTAVLIFYWHMCP>
#	G	D	E	R	K	N	Q	S	T	A	V	L	I	F	Y	W	H	M	C	P
0	0.00686	0.00599	0.00819	0.09800	0.20433	0.04013	0.00638	0.00831	0.00836	0.02976	0.07276	0.17360	0.21130	0.03364	0.02629	0.00149	0.01585	0.04183	0.00285	0.00409
1	0.31946	0.14207	0.22279	0.00764	0.03100	0.04628	0.00753	0.03404	0.03244	0.08568	0.00721	0.00788	0.00540	0.00372	0.00298	0.00111	0.00402	0.00259	0.03119	0.00496
2	0.02299	0.19951	0.12232	0.02350	0.22067	0.14087	0.04727	0.08107	0.03575	0.01214	0.00697	0.00830	0.00565	0.00375	0.00368	0.00107	0.03305	0.00293	0.02326	0.00528
3	0.00551	0.00369	0.00421	0.00421	0.00423	0.00371	0.00239	0.00556	0.00554	0.00741	0.01189	0.02446	0.01363	0.83679	0.04902	0.00376	0.00391	0.00546	0.00229	0.00234
4	0.00920	0.03307	0.02715	0.01280	0.16885	0.03821	0.12200	0.05028	0.10362	0.01165	0.00735	0.00966	0.00626	0.01995	0.00770	0.00142	0.36019	0.00357	0.00211	0.00498
5	0.00549	0.00376	0.00457	0.00457	0.00472	0.00391	0.00284	0.00579	0.00564	0.00767	0.01155	0.02263	0.01284	0.68184	0.20288	0.00421	0.00511	0.00520	0.00224	0.00254
6	0.00508	0.00365	0.00473	0.00544	0.00580	0.00349	0.00369	0.04420	0.00776	0.01035	0.02035	0.82390	0.02420	0.01154	0.00479	0.00152	0.00229	0.01043	0.00353	0.00324
7	0.01148	0.01243	0.00951	0.00860	0.01067	0.37301	0.00657	0.01799	0.47980	0.01302	0.01130	0.01099	0.00869	0.00461	0.00367	0.00115	0.00466	0.00349	0.00304	0.00531
8	0.00716	0.00674	0.01138	0.85760	0.02612	0.00843	0.01053	0.00969	0.00758	0.00969	0.00674	0.01011	0.00506	0.00379	0.00379	0.00126	0.00506	0.00337	0.00169	0.00421
9	0.00448	0.00384	0.00384	0.00384	0.00512	0.00320	0.00288	0.00544	0.00864	0.01025	0.03842	0.03650	0.84152	0.00960	0.00448	0.00128	0.00192	0.00800	0.00352	0.00320
10	0.00830	0.00830	0.01162	0.00996	0.00996	0.01162	0.00830	0.00913	0.00581	0.00913	0.00498	0.00830	0.00498	0.00664	0.01245	0.00166	0.85977	0.00332	0.00166	0.00415
11	0.00542	0.00406	0.00610	0.00610	0.00677	0.00474	0.00474	0.00677	0.00610	0.00880	0.01016	0.01490	0.00948	0.02844	0.85169	0.00610	0.01016	0.00406	0.00203	0.00339
12	0.00803	0.00690	0.03011	0.01441	0.38744	0.00660	0.00872	0.01006	0.00881	0.04392	0.03612	0.02526	0.01415	0.00680	0.00445	0.00141	0.00395	0.37529	0.00278	0.00480
13	0.01624	0.00770	0.00957	0.00734	0.01030	0.00742	0.00606	0.26115	0.01294	0.60007	0.01321	0.01177	0.00851	0.00465	0.00381	0.00116	0.00351	0.00369	0.00442	0.00645
14	0.04859	0.00712	0.02608	0.00601	0.00929	0.00560	0.00496	0.03835	0.00867	0.16263	0.00823	0.00874	0.00624	0.00325	0.00302	0.00073	0.00299	0.00257	0.00273	0.64419
15	0.01412	0.01067	0.01105	0.00857	0.01147	0.04830	0.00704	0.76263	0.01714	0.02288	0.00909	0.00920	0.00651	0.00452	0.00373	0.00112	0.00420	0.00338	0.03815	0.00625
16	0.29316	0.05262	0.00947	0.00791	0.01015	0.44857	0.00619	0.07087	0.02953	0.03078	0.00630	0.00705	0.00500	0.00385	0.00308	0.00105	0.00512	0.00244	0.00230	0.00455
17	0.44796	0.28928	0.10684	0.00623	0.00929	0.01046	0.00609	0.01160	0.00726	0.04941	0.00590	0.00667	0.00469	0.00348	0.00259	0.00105	0.00362	0.00221	0.00212	0.02325

[dist]
# distance from previous block
# <min> <max>
1	5

[block]
# block no. 5 follows, 72 sequences, length 14
# corresponding to MSA columns:
# 252-265
name=unknown_F
#
# <colnr> <probs for GDERKNQSTAVLIFYWHMCP>
#	G	D	E	R	K	N	Q	S	T	A	V	L	I	F	Y	W	H	M	C	P
0	0.00659	0.00329	0.00494	0.00494	0.00494	0.00329	0.00329	0.00494	0.00494	0.00659	0.00659	0.01153	0.00659	0.01318	0.01482	0.88966	0.00329	0.00329	0.00165	0.00165
1	0.89350	0.00733	0.00557	0.00499	0.00733	0.00851	0.00411	0.01115	0.00645	0.01702	0.00528	0.00616	0.00411	0.00352	0.00235	0.00117	0.00293	0.00205	0.00235	0.00411
2	0.00761	0.01962	0.84707	0.01081	0.01641	0.00881	0.01401	0.01201	0.00801	0.01201	0.00681	0.00801	0.00480	0.00360	0.00360	0.00120	0.00560	0.00280	0.00160	0.00560
3	0.00830	0.00830	0.01162	0.00996	0.00996	0.01162	0.00830	0.00913	0.00581	0.00913	0.00498	0.00830	0.00498	0.00664	0.01245	0.00166	0.85977	0.00332	0.00166	0.00415
4	0.00761	0.01962	0.84707	0.01081	0.01641	0.00881	0.01401	0.01201	0.00801	0.01201	0.00681	0.00801	0.00480	0.00360	0.00360	0.00120	0.00560	0.00280	0.00160	0.00560
5	0.00459	0.00386	0.00399	0.00400	0.00525	0.00326	0.00303	0.00562	0.00876	0.01055	0.08155	0.03627	0.76936	0.00953	0.00451	0.00129	0.00197	0.03582	0.00356	0.00323
6	0.01014	0.86900	0.01987	0.00649	0.00973	0.01501	0.00649	0.01136	0.00771	0.00892	0.00527	0.00608	0.00487	0.00324	0.00243	0.00081	0.00406	0.00203	0.00162	0.00487
7	0.00542	0.00406	0.00610	0.00610	0.00677	0.00474	0.00474	0.00677	0.00610	0.00880	0.01016	0.01490	0.00948	0.02844	0.85169	0.00610	0.01016	0.00406	0.00203	0.00339
8	0.00448	0.00384	0.00384	0.00384	0.00512	0.00320	0.00288	0.00544	0.00864	0.01025	0.03842	0.03650	0.84152	0.00960	0.00448	0.00128	0.00192	0.00800	0.00352	0.00320
9	0.00486	0.00340	0.00433	0.00497	0.00513	0.00324	0.00319	0.00534	0.00679	0.00905	0.01848	0.63704	0.02203	0.24325	0.00876	0.00212	0.00260	0.00936	0.00319	0.00287
10	0.00496	0.00378	0.00403	0.00401	0.00475	0.00342	0.00268	0.00557	0.00748	0.00933	0.07230	0.03125	0.45674	0.36142	0.01057	0.00226	0.00263	0.00692	0.00306	0.00285
11	0.00570	0.00392	0.00494	0.00505	0.00586	0.00394	0.00374	0.00703	0.02422	0.03614	0.04429	0.20866	0.19252	0.04169	0.27508	0.00289	0.00470	0.00646	0.11977	0.00342
12	0.00886	0.00862	0.01502	0.19401	0.58446	0.00901	0.07697	0.01121	0.00836	0.01172	0.00703	0.00957	0.00576	0.00354	0.00407	0.00118	0.02977	0.00346	0.00183	0.00551
13	0.03708	0.00591	0.00710	0.00623	0.00810	0.00583	0.00485	0.05608	0.17020	0.28920	0.12223	0.17226	0.08505	0.00685	0.00410	0.00127	0.00275	0.00584	0.00404	0.00504

[dist]
# distance from previous block
# <min> <max>
0	7

[block]
# block no. 6 follows, 72 sequences, length 29
# corresponding to MSA columns:
# 273-301
name=unknown_G
#
# <colnr> <probs for GDERKNQSTAVLIFYWHMCP>
#	G	D	E	R	K	N	Q	S	T	A	V	L	I	F	Y	W	H	M	C	P
0	0.01156	0.32424	0.07251	0.00941	0.05407	0.25768	0.04701	0.11842	0.05051	0.01184	0.00675	0.00759	0.00550	0.00373	0.00321	0.00099	0.00507	0.00268	0.00213	0.00511
1	0.00632	0.00464	0.00557	0.00515	0.00667	0.00391	0.00380	0.01856	0.00823	0.05820	0.05406	0.35461	0.20460	0.00828	0.00413	0.00118	0.00237	0.00723	0.00328	0.23922
2	0.00954	0.02085	0.04499	0.03426	0.09139	0.04613	0.00695	0.05260	0.54470	0.02772	0.04524	0.01383	0.03502	0.00498	0.00383	0.00123	0.00348	0.00416	0.00340	0.00570
3	0.00508	0.00378	0.00472	0.00469	0.00552	0.00346	0.00343	0.00646	0.00947	0.01292	0.50203	0.16511	0.18866	0.03628	0.02994	0.00149	0.00219	0.00759	0.00382	0.00338
4	0.01030	0.16564	0.12305	0.01079	0.12248	0.25082	0.05916	0.02565	0.04057	0.02717	0.04479	0.07440	0.00835	0.00453	0.00369	0.00110	0.01680	0.00362	0.00221	0.00489
5	0.05729	0.00635	0.00763	0.00578	0.00869	0.00519	0.00464	0.01172	0.00880	0.24107	0.06251	0.02799	0.03557	0.00407	0.00326	0.00084	0.00283	0.00331	0.00311	0.49935
6	0.01368	0.01656	0.01048	0.00938	0.01138	0.72407	0.00710	0.09087	0.01141	0.01099	0.05438	0.00829	0.00682	0.00419	0.00352	0.00100	0.00630	0.00279	0.00225	0.00454
7	0.00697	0.02510	0.00669	0.00554	0.00738	0.00466	0.00424	0.00840	0.01988	0.05617	0.09382	0.18696	0.04171	0.03256	0.12892	0.01413	0.00372	0.00511	0.00284	0.34520
8	0.01417	0.01808	0.01075	0.00977	0.01172	0.85149	0.00733	0.01514	0.01075	0.00928	0.00586	0.00684	0.00489	0.00391	0.00342	0.00098	0.00684	0.00244	0.00195	0.00440
9	0.00761	0.01962	0.84707	0.01081	0.01641	0.00881	0.01401	0.01201	0.00801	0.01201	0.00681	0.00801	0.00480	0.00360	0.00360	0.00120	0.00560	0.00280	0.00160	0.00560
10	0.00541	0.00388	0.00503	0.00479	0.00569	0.00359	0.00362	0.00718	0.01054	0.01492	0.77215	0.02867	0.05626	0.00781	0.00445	0.00121	0.00185	0.03349	0.02588	0.00356
11	0.04532	0.00852	0.06317	0.43092	0.32608	0.00875	0.02562	0.02667	0.00817	0.01146	0.00689	0.00953	0.00539	0.00362	0.00372	0.00120	0.00480	0.00331	0.00182	0.00502
12	0.01034	0.75194	0.07521	0.00691	0.01026	0.04488	0.00700	0.01177	0.00794	0.03669	0.00572	0.00647	0.00501	0.00334	0.00259	0.00086	0.00424	0.00215	0.00173	0.00495
13	0.00633	0.00477	0.00596	0.00565	0.00643	0.00522	0.00418	0.06149	0.05158	0.01045	0.06501	0.03659	0.11583	0.21834	0.29744	0.02939	0.05158	0.00510	0.01522	0.00345
14	0.00950	0.00831	0.01374	0.10112	0.58671	0.00846	0.02955	0.02788	0.03696	0.06613	0.03232	0.01183	0.00785	0.00401	0.00387	0.00118	0.00434	0.03829	0.00228	0.00567
15	0.00596	0.00369	0.00548	0.00548	0.00582	0.00403	0.00397	0.00588	0.00554	0.00772	0.00860	0.01378	0.00834	0.05746	0.43189	0.41144	0.00673	0.00377	0.00187	0.00254
16	0.00537	0.00388	0.00507	0.00477	0.00567	0.00358	0.00358	0.00716	0.01074	0.01521	0.84106	0.02833	0.03578	0.00775	0.00447	0.00119	0.00179	0.00686	0.00417	0.00358
17	0.03825	0.11317	0.01117	0.00805	0.01070	0.06827	0.00660	0.36040	0.31065	0.01801	0.01059	0.01032	0.00793	0.00453	0.00359	0.00114	0.00388	0.00346	0.00339	0.00589
18	0.01208	0.00719	0.01190	0.01027	0.09318	0.00670	0.18750	0.01401	0.00962	0.38896	0.04590	0.03688	0.01026	0.00491	0.00433	0.00123	0.03441	0.05502	0.03318	0.03248
19	0.04783	0.24616	0.18558	0.00967	0.02143	0.09188	0.15016	0.03507	0.06779	0.05981	0.02077	0.00877	0.00627	0.00381	0.00367	0.00110	0.02981	0.00308	0.00217	0.00517
20	0.03382	0.03412	0.55069	0.03899	0.05181	0.00901	0.08480	0.03491	0.07330	0.04165	0.00784	0.00892	0.00567	0.00374	0.00367	0.00120	0.00517	0.00313	0.00201	0.00556
21	0.00467	0.00332	0.00438	0.00521	0.00542	0.00312	0.00345	0.00529	0.00716	0.00954	0.02036	0.81366	0.02440	0.06339	0.00571	0.00167	0.00229	0.01046	0.00345	0.00303
22	0.00933	0.00912	0.01497	0.05146	0.72789	0.03739	0.03409	0.01153	0.00857	0.01204	0.00715	0.00950	0.00602	0.00418	0.02859	0.00128	0.01586	0.00340	0.00188	0.00576
23	0.01027	0.13463	0.32499	0.01078	0.08459	0.05684	0.08931	0.05899	0.03036	0.12622	0.03218	0.00948	0.00680	0.00387	0.00360	0.00113	0.00486	0.00321	0.00236	0.00553
24	0.00605	0.00440	0.00629	0.00703	0.00790	0.00437	0.02191	0.00774	0.00862	0.01123	0.01990	0.10682	0.02177	0.01045	0.00519	0.00172	0.00345	0.73821	0.00346	0.00349
25	0.00546	0.00369	0.00433	0.00450	0.00460	0.00366	0.00275	0.00568	0.00598	0.00795	0.01365	0.12364	0.01576	0.69743	0.01647	0.00327	0.00349	0.07266	0.00254	0.00249
26	0.01135	0.04085	0.15109	0.01321	0.23186	0.21796	0.06758	0.01363	0.02103	0.14292	0.03038	0.00958	0.00686	0.00394	0.00385	0.00112	0.02175	0.00326	0.00237	0.00541
27	0.01067	0.70086	0.03754	0.00748	0.02970	0.14088	0.00691	0.01195	0.00819	0.00913	0.00544	0.00632	0.00489	0.00336	0.00264	0.00085	0.00452	0.00214	0.00168	0.00484
28	0.05546	0.07430	0.10711	0.00813	0.06480	0.04917	0.00677	0.11651	0.05802	0.01384	0.00736	0.00824	0.00584	0.00342	0.00313	0.00086	0.00373	0.00264	0.00239	0.40829

[dist]
# distance from previous block
# <min> <max>
0	1

[block]
# block no. 7 follows, 72 sequences, length 27
# corresponding to MSA columns:
# 303-329
name=unknown_H
#
# <colnr> <probs for GDERKNQSTAVLIFYWHMCP>
#	G	D	E	R	K	N	Q	S	T	A	V	L	I	F	Y	W	H	M	C	P
0	0.01247	0.06153	0.08724	0.03118	0.14775	0.20766	0.03001	0.24899	0.06658	0.02587	0.00861	0.00989	0.00679	0.01555	0.00429	0.00127	0.02228	0.00338	0.00280	0.00585
1	0.00526	0.00393	0.00504	0.00575	0.02028	0.01431	0.00389	0.02687	0.00748	0.01004	0.01913	0.67161	0.04416	0.04071	0.07222	0.00193	0.01420	0.00934	0.02060	0.00326
2	0.00778	0.02525	0.01120	0.02996	0.33965	0.00703	0.06815	0.03037	0.05812	0.01355	0.29679	0.06722	0.01772	0.00552	0.00410	0.00119	0.00347	0.00513	0.00293	0.00488
3	0.00552	0.00368	0.00414	0.00414	0.00414	0.00368	0.00230	0.00552	0.00552	0.00735	0.01195	0.02482	0.01379	0.86672	0.01930	0.00368	0.00368	0.00552	0.00230	0.00230
4	0.00943	0.00815	0.00858	0.00772	0.00986	0.00943	0.00600	0.02015	0.83621	0.01586	0.01544	0.01415	0.01158	0.00515	0.00386	0.00129	0.00300	0.00429	0.00386	0.00600
5	0.00786	0.00674	0.00786	0.00562	0.00899	0.00506	0.00449	0.00955	0.00786	0.01236	0.00674	0.00786	0.00562	0.00281	0.00281	0.00056	0.00281	0.00225	0.00225	0.88990
6	0.00659	0.00329	0.00494	0.00494	0.00494	0.00329	0.00329	0.00494	0.00494	0.00659	0.00659	0.01153	0.00659	0.01318	0.01482	0.88966	0.00329	0.00329	0.00165	0.00165
7	0.00552	0.00368	0.00414	0.00414	0.00414	0.00368	0.00230	0.00552	0.00552	0.00735	0.01195	0.02482	0.01379	0.86672	0.01930	0.00368	0.00368	0.00552	0.00230	0.00230
8	0.00939	0.00941	0.03401	0.05412	0.77091	0.03182	0.01153	0.01167	0.00864	0.01220	0.00708	0.00931	0.00591	0.00341	0.00374	0.00113	0.00461	0.00334	0.00187	0.00589
9	0.00460	0.00337	0.00432	0.00508	0.00545	0.00310	0.00343	0.00530	0.00745	0.00976	0.02331	0.75036	0.13741	0.01157	0.00479	0.00150	0.00216	0.01040	0.00352	0.00310
10	0.00448	0.00384	0.00384	0.00384	0.00512	0.00320	0.00288	0.00544	0.00864	0.01025	0.03842	0.03650	0.84152	0.00960	0.00448	0.00128	0.00192	0.00800	0.00352	0.00320
11	0.00707	0.00353	0.00353	0.00353	0.00442	0.00353	0.00265	0.00884	0.00795	0.01414	0.01237	0.01414	0.00972	0.00442	0.00265	0.00088	0.00177	0.00353	0.88777	0.00353
12	0.00835	0.09411	0.58894	0.02344	0.03564	0.02550	0.12679	0.03272	0.00842	0.01198	0.00684	0.00821	0.00502	0.00354	0.00363	0.00117	0.00553	0.00300	0.00172	0.00546
13	0.01282	0.02404	0.01118	0.02448	0.01185	0.14313	0.03803	0.45647	0.20543	0.01881	0.00991	0.00993	0.00731	0.00450	0.00376	0.00115	0.00442	0.00348	0.00338	0.00591
