[name]
unknown

[dist]
# distance from previous block
# <min> <max>
0	41

[block]
# block no. 0 follows, 65 sequences, length 46
# corresponding to MSA columns:
# 41-86
name=unknown_A
#
# <colnr> <probs for GDERKNQSTAVLIFYWHMCP>
#	G	D	E	R	K	N	Q	S	T	A	V	L	I	F	Y	W	H	M	C	P
0	0.02504	0.09376	0.21459	0.09805	0.07910	0.04031	0.05202	0.15078	0.05242	0.05088	0.00946	0.01214	0.00754	0.00463	0.00398	0.00126	0.00500	0.05648	0.00266	0.03990
1	0.00637	0.02495	0.00693	0.00720	0.05629	0.01915	0.04142	0.00726	0.00798	0.02571	0.06369	0.44911	0.04136	0.21291	0.00876	0.00212	0.00325	0.00867	0.00329	0.00359
2	0.03137	0.09677	0.05548	0.02510	0.06414	0.08633	0.00640	0.02252	0.02681	0.05799	0.04695	0.31352	0.05079	0.02311	0.01794	0.00150	0.04100	0.00664	0.00307	0.02257
3	0.00807	0.00655	0.00870	0.05414	0.11658	0.02546	0.02710	0.03172	0.08055	0.05791	0.19266	0.14278	0.14401	0.01766	0.00503	0.00138	0.03150	0.00651	0.00351	0.03819
4	0.03988	0.07880	0.17359	0.04691	0.26220	0.03770	0.10059	0.04627	0.07103	0.04748	0.01973	0.01046	0.00710	0.01280	0.00427	0.00127	0.01771	0.00363	0.00238	0.01620
5	0.00961	0.00913	0.01548	0.09864	0.70188	0.00928	0.01190	0.01198	0.00922	0.01306	0.02439	0.05065	0.00802	0.00423	0.00414	0.00126	0.00475	0.00411	0.00215	0.00612
6	0.00888	0.00884	0.01237	0.01065	0.01065	0.01233	0.00885	0.00977	0.00633	0.00989	0.00584	0.03090	0.00595	0.00733	0.01326	0.00179	0.82626	0.00380	0.00185	0.00446
7	0.01748	0.01614	0.10141	0.03575	0.02902	0.02863	0.04813	0.02324	0.02601	0.08721	0.26530	0.09633	0.18385	0.00761	0.00469	0.01120	0.00333	0.00650	0.00361	0.00457
8	0.01058	0.00987	0.01527	0.11175	0.61938	0.05107	0.01162	0.05563	0.00991	0.03670	0.00825	0.02661	0.00686	0.00402	0.00408	0.00124	0.00496	0.00378	0.00225	0.00618
9	0.00613	0.00439	0.00546	0.00544	0.00582	0.01715	0.00370	0.00684	0.00642	0.00894	0.01203	0.02158	0.01264	0.46136	0.36600	0.00493	0.00692	0.00517	0.03601	0.00307
10	0.00596	0.00414	0.00495	0.00512	0.00538	0.00419	0.00335	0.00646	0.00704	0.00958	0.03575	0.19367	0.06273	0.48799	0.01426	0.00293	0.03581	0.05622	0.05149	0.00297
11	0.04310	0.05192	0.18358	0.09757	0.12741	0.11944	0.19113	0.02860	0.04067	0.01291	0.03085	0.02667	0.00730	0.00424	0.00422	0.00128	0.01759	0.00384	0.00220	0.00548
12	0.00728	0.00658	0.01060	0.58980	0.02188	0.00803	0.00955	0.00947	0.00806	0.01050	0.01062	0.14606	0.01023	0.02622	0.00536	0.00154	0.05741	0.05428	0.00227	0.00427
13	0.00828	0.00656	0.00836	0.00745	0.00798	0.00824	0.00594	0.03735	0.02686	0.01248	0.03277	0.05160	0.01001	0.07423	0.00935	0.00164	0.38608	0.00436	0.29628	0.00417
14	0.00537	0.00387	0.00500	0.00578	0.00617	0.00367	0.00393	0.03067	0.00826	0.01096	0.02279	0.76294	0.05848	0.02874	0.00550	0.00169	0.00249	0.02645	0.00379	0.00344
15	0.19276	0.02860	0.02120	0.05272	0.02745	0.10377	0.10165	0.10007	0.04058	0.07700	0.01121	0.08396	0.04252	0.00596	0.01739	0.00142	0.06342	0.02031	0.00292	0.00508
16	0.03917	0.00499	0.00594	0.00600	0.00701	0.00492	0.00441	0.09609	0.00962	0.04856	0.06597	0.40448	0.12454	0.08395	0.00629	0.00175	0.00289	0.07570	0.00377	0.00394
17	0.00519	0.00363	0.00479	0.00564	0.00592	0.00341	0.00379	0.00593	0.00791	0.01068	0.04455	0.75106	0.02623	0.03987	0.00585	0.01585	0.00245	0.02582	0.02809	0.00332
18	0.00851	0.00730	0.00851	0.00608	0.00973	0.00547	0.00486	0.01034	0.00851	0.01338	0.00730	0.00851	0.00608	0.00304	0.00304	0.00061	0.00304	0.00243	0.00243	0.88083
19	0.02974	0.01037	0.03963	0.00870	0.01175	0.03615	0.00731	0.47789	0.01537	0.17391	0.03196	0.02148	0.00851	0.00593	0.03316	0.00141	0.02798	0.00385	0.00391	0.05101
20	0.01120	0.00962	0.02843	0.09398	0.25533	0.01021	0.08709	0.17167	0.07461	0.07293	0.00994	0.01164	0.02324	0.01990	0.00554	0.00139	0.10046	0.00401	0.00282	0.00599
21	0.00956	0.00640	0.00948	0.02617	0.00972	0.00711	0.06500	0.01084	0.00796	0.19075	0.01226	0.05986	0.02955	0.13629	0.21544	0.00313	0.18814	0.00489	0.00289	0.00454
22	0.00955	0.01316	0.22414	0.01477	0.01916	0.00986	0.52124	0.01372	0.05988	0.04073	0.00917	0.02904	0.00695	0.00396	0.00455	0.00137	0.00627	0.00450	0.00226	0.00573
23	0.12763	0.13200	0.08404	0.02515	0.07496	0.03090	0.05020	0.31714	0.02265	0.04551	0.00828	0.00907	0.00623	0.00429	0.00385	0.00119	0.02064	0.00325	0.00295	0.03007
24	0.00961	0.01494	0.32455	0.01135	0.04178	0.14666	0.07455	0.01269	0.03690	0.02338	0.00889	0.01160	0.02452	0.02274	0.05810	0.00175	0.14247	0.02615	0.00212	0.00526
25	0.01067	0.76584	0.11123	0.00754	0.01133	0.01550	0.00792	0.01237	0.00838	0.01003	0.00589	0.00681	0.00526	0.00355	0.00277	0.00092	0.00457	0.00229	0.00175	0.00536
26	0.01197	0.00839	0.00944	0.00742	0.01024	0.02055	0.00598	0.30187	0.05727	0.12634	0.15822	0.01492	0.03638	0.00531	0.00401	0.00111	0.00348	0.00430	0.00389	0.20890
27	0.01484	0.01849	0.01134	0.01027	0.01240	0.76180	0.00773	0.03823	0.03979	0.01076	0.00790	0.00875	0.03131	0.00449	0.00376	0.00108	0.00701	0.00293	0.00229	0.00484
28	0.00942	0.00898	0.01528	0.24270	0.60158	0.00946	0.01211	0.01191	0.00902	0.01258	0.00789	0.02640	0.00662	0.00395	0.00410	0.00127	0.00499	0.00381	0.00201	0.00593
29	0.00548	0.00397	0.00523	0.00608	0.00654	0.00382	0.00439	0.00672	0.03055	0.01098	0.02260	0.62809	0.04876	0.03218	0.00565	0.00175	0.00271	0.16723	0.00378	0.00349
30	0.02755	0.00719	0.00934	0.00732	0.01027	0.00656	0.00601	0.10361	0.01229	0.65418	0.04202	0.03494	0.03441	0.00559	0.00420	0.00129	0.00349	0.01827	0.00484	0.00661
31	0.00506	0.00404	0.00453	0.00478	0.00581	0.00353	0.00350	0.00612	0.00913	0.01138	0.09706	0.23584	0.52530	0.02128	0.00518	0.00150	0.00224	0.04639	0.00385	0.00347
32	0.00661	0.00445	0.00522	0.00489	0.00628	0.00388	0.00371	0.00803	0.01041	0.09758	0.33124	0.04978	0.43448	0.00915	0.00478	0.00134	0.00218	0.00780	0.00421	0.00398
33	0.02093	0.00464	0.00613	0.00600	0.00670	0.00514	0.00439	0.01746	0.04072	0.02685	0.01187	0.01894	0.01159	0.26941	0.50091	0.00520	0.00801	0.00480	0.02674	0.00356
34	0.00599	0.00417	0.00547	0.00547	0.00586	0.00453	0.00378	0.00677	0.00638	0.00901	0.01202	0.02122	0.01250	0.42357	0.41457	0.00512	0.00728	0.00512	0.03805	0.00311
35	0.01375	0.00841	0.00919	0.00739	0.00992	0.03434	0.00598	0.34504	0.03989	0.21573	0.05032	0.01321	0.01019	0.00509	0.00384	0.00118	0.00358	0.00400	0.21296	0.00600
36	0.00506	0.00376	0.00470	0.00536	0.00589	0.00343	0.00368	0.00591	0.00837	0.01091	0.07003	0.60463	0.19980	0.02884	0.00545	0.00164	0.00235	0.02301	0.00382	0.00338
37	0.03008	0.00872	0.09221	0.00818	0.01029	0.02789	0.04950	0.08693	0.08761	0.09039	0.10399	0.06862	0.08936	0.00704	0.02164	0.00148	0.12197	0.01493	0.07412	0.00505
38	0.66371	0.00847	0.00737	0.00626	0.00896	0.00959	0.00515	0.14380	0.02834	0.07519	0.00736	0.00789	0.00544	0.00412	0.00294	0.00127	0.00342	0.00265	0.00301	0.00508
39	0.00555	0.00422	0.00577	0.00617	0.00679	0.00397	0.03716	0.03468	0.00849	0.01119	0.02347	0.70770	0.10541	0.01195	0.00514	0.00161	0.00261	0.01081	0.00375	0.00357
40	0.06644	0.15781	0.08794	0.00936	0.02363	0.04388	0.07179	0.31601	0.03558	0.07909	0.00947	0.02855	0.00723	0.00456	0.00376	0.00119	0.00459	0.00358	0.03955	0.00601
41	0.00740	0.00446	0.00550	0.00558	0.00661	0.00412	0.00404	0.03715	0.00934	0.11796	0.07675	0.44439	0.15517	0.01008	0.00473	0.00146	0.00248	0.00887	0.08987	0.00404
42	0.00562	0.00389	0.00494	0.00561	0.00613	0.00364	0.00388	0.00667	0.02445	0.03370	0.02374	0.65318	0.10989	0.03502	0.00551	0.00167	0.00247	0.03530	0.03115	0.00352
43	0.39491	0.16286	0.03509	0.05162	0.09526	0.10152	0.02063	0.04050	0.00857	0.01471	0.00665	0.01885	0.00552	0.00459	0.02284	0.00131	0.00452	0.00278	0.00230	0.00497
44	0.06715	0.05081	0.08985	0.01196	0.17505	0.01726	0.10430	0.01231	0.05519	0.07854	0.10927	0.01434	0.04407	0.00708	0.07643	0.00169	0.01599	0.00430	0.00280	0.06162
45	0.01888	0.21339	0.05341	0.02289	0.02777	0.01829	0.02001	0.06112	0.05893	0.01224	0.03937	0.30080	0.02745	0.04999	0.00493	0.00142	0.00361	0.00631	0.00298	0.05621

[dist]
# distance from previous block
# <min> <max>
5	18

[block]
# block no. 1 follows, 65 sequences, length 11
# corresponding to MSA columns:
# 106-116
name=unknown_B
#
# <colnr> <probs for GDERKNQSTAVLIFYWHMCP>
#	G	D	E	R	K	N	Q	S	T	A	V	L	I	F	Y	W	H	M	C	P
0	0.07583	0.02473	0.15838	0.03941	0.13903	0.02242	0.13562	0.07043	0.07684	0.06763	0.01051	0.04201	0.03098	0.00461	0.00417	0.00127	0.01838	0.00407	0.01694	0.05674
1	0.10682	0.08832	0.14120	0.00967	0.06701	0.04444	0.04607	0.06554	0.00912	0.07114	0.02805	0.04081	0.02479	0.03674	0.09277	0.00192	0.08340	0.00389	0.00256	0.03574
2	0.01086	0.00827	0.00956	0.00845	0.02357	0.06902	0.00658	0.18526	0.03746	0.10711	0.01113	0.04572	0.02556	0.04620	0.19608	0.04530	0.15156	0.00433	0.00301	0.00497
3	0.00857	0.00730	0.04344	0.07715	0.16562	0.00678	0.03996	0.06861	0.04222	0.08004	0.04760	0.15257	0.22848	0.00737	0.00453	0.00137	0.00362	0.00648	0.00332	0.00497
4	0.07825	0.13951	0.19681	0.01068	0.08915	0.11280	0.03560	0.05809	0.06239	0.07631	0.00835	0.00928	0.00641	0.00452	0.01637	0.00125	0.02645	0.00314	0.00248	0.06217
5	0.00733	0.03377	0.00665	0.02747	0.00681	0.00519	0.00433	0.04122	0.00673	0.00927	0.02969	0.01525	0.00953	0.13807	0.14384	0.43453	0.03557	0.00412	0.03780	0.00283
6	0.00514	0.00405	0.00465	0.00485	0.00587	0.00356	0.00356	0.00631	0.00944	0.01203	0.18802	0.23229	0.45418	0.01063	0.00497	0.00145	0.00219	0.03933	0.00395	0.00352
7	0.00686	0.00581	0.02280	0.15989	0.03339	0.00656	0.00670	0.02110	0.02796	0.01046	0.01191	0.08825	0.04254	0.01803	0.38287	0.05295	0.07421	0.00490	0.01882	0.00400
8	0.01211	0.08133	0.06973	0.05826	0.23634	0.11686	0.05266	0.14681	0.05965	0.08555	0.00943	0.01124	0.00739	0.00444	0.00400	0.00123	0.00507	0.02909	0.00278	0.00603
9	0.00935	0.04025	0.01204	0.02889	0.01128	0.07862	0.05947	0.04974	0.03272	0.01141	0.00890	0.08603	0.00872	0.00777	0.03833	0.00176	0.44472	0.03685	0.02855	0.00461
10	0.00637	0.00505	0.00734	0.00699	0.00780	0.02238	0.06006	0.00762	0.00724	0.01007	0.02648	0.14535	0.01386	0.13086	0.42950	0.02195	0.02415	0.03429	0.02903	0.00360

[dist]
# distance from previous block
# <min> <max>
4	15

[block]
# block no. 2 follows, 65 sequences, length 9
# corresponding to MSA columns:
# 132-140
name=unknown_C
#
# <colnr> <probs for GDERKNQSTAVLIFYWHMCP>
#	G	D	E	R	K	N	Q	S	T	A	V	L	I	F	Y	W	H	M	C	P
0	0.67046	0.00815	0.00709	0.00609	0.00875	0.00916	0.00500	0.07465	0.05342	0.11298	0.00785	0.00823	0.00574	0.00414	0.00293	0.00127	0.00332	0.00269	0.00304	0.00504
1	0.00596	0.00402	0.00466	0.00466	0.00472	0.00408	0.00272	0.00609	0.00602	0.00809	0.01277	0.02593	0.01452	0.78441	0.09167	0.00421	0.00459	0.00583	0.00246	0.00259
2	0.00821	0.00589	0.00876	0.36426	0.01611	0.00645	0.00731	0.01043	0.03029	0.11494	0.16098	0.12347	0.07178	0.02882	0.00485	0.00144	0.00379	0.00583	0.02191	0.00449
3	0.32531	0.00760	0.00774	0.00628	0.00901	0.00771	0.00511	0.13196	0.01034	0.15495	0.05452	0.01260	0.06796	0.00481	0.00342	0.00115	0.00322	0.00359	0.03059	0.15213
4	0.03289	0.01067	0.01060	0.00856	0.01135	0.08241	0.00690	0.47386	0.14850	0.02122	0.04168	0.01156	0.00908	0.00498	0.00394	0.00120	0.00418	0.00381	0.06296	0.04966
5	0.09363	0.02058	0.01942	0.03122	0.02216	0.02232	0.09817	0.14749	0.02293	0.03614	0.02464	0.20105	0.03652	0.03587	0.02170	0.00155	0.03663	0.04264	0.00315	0.08219
6	0.00950	0.00774	0.00817	0.00748	0.00916	0.07621	0.00581	0.12104	0.21139	0.04957	0.03302	0.07338	0.06455	0.05468	0.20449	0.00275	0.00553	0.04714	0.00342	0.00496
7	0.00697	0.00530	0.00711	0.06821	0.05190	0.00553	0.00548	0.00894	0.06887	0.03029	0.03739	0.17372	0.05081	0.19956	0.08089	0.00251	0.02609	0.13023	0.00310	0.03711
8	0.01106	0.14103	0.09850	0.10827	0.11578	0.10837	0.05848	0.09236	0.01019	0.07238	0.02311	0.03983	0.02663	0.00483	0.00466	0.00125	0.07147	0.00381	0.00250	0.00548

[dist]
# distance from previous block
# <min> <max>
2	23

[block]
# block no. 3 follows, 65 sequences, length 21
# corresponding to MSA columns:
# 164-184
name=unknown_D
#
# <colnr> <probs for GDERKNQSTAVLIFYWHMCP>
#	G	D	E	R	K	N	Q	S	T	A	V	L	I	F	Y	W	H	M	C	P
0	0.00730	0.00537	0.00722	0.02663	0.00824	0.02372	0.02400	0.00913	0.03328	0.06953	0.15884	0.05377	0.07194	0.04170	0.37729	0.00375	0.03114	0.00543	0.01775	0.02396
1	0.00986	0.41104	0.02865	0.02540	0.01043	0.05156	0.00638	0.03710	0.06604	0.01182	0.02935	0.05312	0.05871	0.00467	0.00330	0.00098	0.00394	0.00353	0.00245	0.18167
2	0.02961	0.00743	0.00815	0.00732	0.02353	0.02634	0.00558	0.15584	0.20718	0.01641	0.10051	0.10382	0.04340	0.00786	0.05546	0.00157	0.00368	0.01577	0.07428	0.10628
3	0.08167	0.00553	0.00622	0.00548	0.00747	0.00481	0.00420	0.00889	0.00866	0.07449	0.02102	0.14084	0.24730	0.06514	0.00527	0.00139	0.00282	0.04824	0.00331	0.25727
4	0.01444	0.04763	0.01210	0.00979	0.01233	0.36675	0.00776	0.32352	0.09383	0.01680	0.00864	0.00917	0.00665	0.00475	0.00435	0.00119	0.04819	0.00327	0.00305	0.00579
5	0.00564	0.00414	0.00520	0.00583	0.00642	0.00394	0.00411	0.04883	0.00876	0.01149	0.02436	0.65192	0.13016	0.01202	0.00516	0.00162	0.00254	0.06047	0.00382	0.00357
6	0.01362	0.00820	0.00972	0.00757	0.01069	0.00781	0.00620	0.22820	0.06389	0.28941	0.01298	0.01376	0.02515	0.00497	0.00393	0.00113	0.00362	0.04679	0.00397	0.23839
7	0.03632	0.01326	0.01109	0.00919	0.01195	0.36001	0.02076	0.16855	0.01290	0.27952	0.01024	0.01006	0.00720	0.00459	0.00389	0.00116	0.00538	0.00334	0.00347	0.02712
8	0.01033	0.00865	0.00910	0.00813	0.01042	0.00995	0.00634	0.06193	0.73134	0.01750	0.01615	0.01503	0.01212	0.00549	0.00409	0.00136	0.00323	0.00454	0.05793	0.00636
9	0.02568	0.00388	0.00494	0.00550	0.00588	0.00387	0.00374	0.00645	0.00743	0.01053	0.01832	0.51831	0.02096	0.14181	0.12981	0.00267	0.00387	0.00889	0.07414	0.00332
10	0.00622	0.00416	0.00466	0.00460	0.00475	0.00417	0.00267	0.02681	0.00651	0.00876	0.01372	0.04185	0.03394	0.77224	0.01924	0.00371	0.00386	0.00602	0.02943	0.00268
11	0.22571	0.00763	0.00894	0.00704	0.01008	0.00741	0.00581	0.09091	0.01130	0.56404	0.01310	0.01185	0.00850	0.00476	0.00375	0.00127	0.00351	0.00363	0.00438	0.00638
12	0.00558	0.00401	0.00511	0.00579	0.00633	0.00381	0.00401	0.00698	0.05133	0.02671	0.04315	0.68109	0.09492	0.01197	0.00513	0.00162	0.00245	0.03254	0.00387	0.00361
13	0.00785	0.00551	0.00872	0.00757	0.00904	0.00524	0.13927	0.02795	0.00890	0.08550	0.06061	0.25394	0.09055	0.01039	0.06073	0.09035	0.00391	0.02536	0.09454	0.00408
14	0.03759	0.02412	0.00771	0.00648	0.00848	0.05541	0.00512	0.22073	0.10052	0.01682	0.07670	0.02101	0.24658	0.00668	0.00407	0.00124	0.00319	0.00537	0.14723	0.00494
15	0.00539	0.00386	0.00497	0.00575	0.00613	0.00369	0.00391	0.01748	0.02650	0.01089	0.02217	0.73884	0.04337	0.04487	0.00576	0.00173	0.00251	0.02952	0.01922	0.00345
16	0.00747	0.00530	0.00660	0.04462	0.03068	0.02441	0.00500	0.03330	0.02294	0.09255	0.06874	0.36137	0.16566	0.03021	0.02476	0.00168	0.02270	0.04418	0.00370	0.00412
17	0.00784	0.00534	0.00607	0.00584	0.00729	0.00534	0.00456	0.04761	0.13530	0.06418	0.09052	0.10594	0.21705	0.00821	0.00444	0.00138	0.00266	0.10774	0.16827	0.00444
18	0.00511	0.00368	0.00480	0.00566	0.00598	0.00344	0.00384	0.00587	0.00793	0.01048	0.02316	0.73265	0.06974	0.05168	0.00596	0.00177	0.00251	0.04866	0.00375	0.00332
19	0.14419	0.06349	0.16613	0.10872	0.27957	0.06684	0.02759	0.03300	0.00907	0.01365	0.02170	0.00945	0.00628	0.00399	0.00387	0.00124	0.01923	0.00326	0.01317	0.00557
20	0.01171	0.44208	0.12794	0.00888	0.03579	0.05424	0.03406	0.12000	0.01032	0.06732	0.00771	0.00849	0.00613	0.00396	0.00328	0.00105	0.00470	0.00286	0.04380	0.00567

[dist]
# distance from previous block
# <min> <max>
6	12

[block]
# block no. 4 follows, 65 sequences, length 14
# corresponding to MSA columns:
# 202-215
name=unknown_E
#
# <colnr> <probs for GDERKNQSTAVLIFYWHMCP>
#	G	D	E	R	K	N	Q	S	T	A	V	L	I	F	Y	W	H	M	C	P
0	0.01939	0.00782	0.01202	0.43302	0.20782	0.03106	0.01007	0.02354	0.01879	0.01185	0.03329	0.04762	0.01685	0.00542	0.01777	0.01765	0.02318	0.02305	0.01550	0.02431
1	0.03062	0.09843	0.19040	0.09455	0.12116	0.05470	0.04861	0.03721	0.02231	0.06459	0.05948	0.02714	0.00875	0.02106	0.02587	0.00147	0.08200	0.00383	0.00241	0.00539
2	0.13849	0.02885	0.01344	0.06471	0.32777	0.01032	0.03924	0.18977	0.03652	0.04596	0.00834	0.00980	0.00648	0.00419	0.00416	0.00125	0.03421	0.00348	0.00272	0.03030
3	0.00512	0.00406	0.00462	0.00481	0.00585	0.00356	0.00354	0.00627	0.00942	0.01192	0.17126	0.21730	0.48498	0.01063	0.00497	0.00145	0.00219	0.04060	0.00393	0.00352
4	0.12888	0.00531	0.00612	0.04102	0.00815	0.00555	0.00513	0.04590	0.02023	0.03228	0.01712	0.12459	0.05302	0.02265	0.00457	0.00150	0.00312	0.26557	0.20519	0.00408
5	0.02785	0.01108	0.05537	0.27983	0.15812	0.16996	0.04622	0.07417	0.01013	0.06134	0.00869	0.04637	0.00712	0.02103	0.00439	0.00132	0.00544	0.00387	0.00240	0.00529
6	0.00596	0.00399	0.00485	0.00491	0.00503	0.00409	0.00301	0.00612	0.00613	0.00829	0.01288	0.07181	0.01450	0.63871	0.14004	0.05370	0.00490	0.00593	0.00248	0.00267
7	0.00552	0.00403	0.00519	0.00522	0.00604	0.00370	0.00379	0.00707	0.01046	0.01447	0.55528	0.24219	0.10233	0.00971	0.00494	0.00140	0.00206	0.00862	0.00428	0.00370
8	0.07729	0.00996	0.02487	0.06634	0.09181	0.06008	0.09797	0.31039	0.01311	0.03668	0.05384	0.01422	0.08211	0.00522	0.00414	0.00127	0.00454	0.01732	0.02317	0.00567
9	0.01025	0.00909	0.01371	0.18723	0.31877	0.04065	0.06469	0.11739	0.01039	0.04078	0.00967	0.07297	0.00839	0.00496	0.00449	0.00132	0.03035	0.02247	0.02682	0.00562
10	0.00792	0.00419	0.00428	0.00418	0.00522	0.00424	0.00315	0.04861	0.00910	0.01561	0.01361	0.05089	0.01106	0.00514	0.00303	0.00100	0.00206	0.00416	0.79861	0.00396
11	0.00965	0.01097	0.02366	0.01699	0.02094	0.01049	0.77623	0.01299	0.00952	0.01299	0.00816	0.01097	0.00619	0.00364	0.00526	0.00140	0.04761	0.00478	0.00206	0.00549
12	0.00748	0.06825	0.00876	0.10831	0.06569	0.02176	0.02160	0.03655	0.03689	0.02361	0.14896	0.24372	0.07898	0.00838	0.01889	0.01136	0.00343	0.02146	0.06161	0.00431
13	0.02600	0.05142	0.09514	0.04142	0.16382	0.03552	0.05082	0.04979	0.05672	0.05872	0.00919	0.01032	0.02438	0.00388	0.00366	0.00103	0.00427	0.00330	0.00256	0.30804

[dist]
# distance from previous block
# <min> <max>
1	22

[block]
# block no. 5 follows, 65 sequences, length 7
# corresponding to MSA columns:
# 238-244
name=unknown_F
#
# <colnr> <probs for GDERKNQSTAVLIFYWHMCP>
#	G	D	E	R	K	N	Q	S	T	A	V	L	I	F	Y	W	H	M	C	P
0	0.88473	0.00794	0.00603	0.00540	0.00794	0.00921	0.00445	0.01207	0.00699	0.01842	0.00572	0.00667	0.00445	0.00381	0.00254	0.00127	0.00318	0.00222	0.00254	0.00445
1	0.21933	0.00974	0.01056	0.00837	0.01128	0.01070	0.04155	0.46636	0.03499	0.06505	0.00979	0.03298	0.00739	0.00552	0.02573	0.00140	0.00427	0.00369	0.02526	0.00604
2	0.00587	0.00399	0.00445	0.00445	0.00457	0.00394	0.00254	0.00596	0.00626	0.00823	0.01539	0.02794	0.08455	0.78339	0.01952	0.00376	0.00382	0.00620	0.00260	0.00257
3	0.03125	0.00661	0.00901	0.15648	0.08128	0.00690	0.00680	0.06986	0.07277	0.14386	0.27478	0.03605	0.01873	0.00615	0.00432	0.00131	0.00343	0.02529	0.04000	0.00513
4	0.03864	0.00996	0.01099	0.00832	0.01168	0.04948	0.03755	0.38007	0.01378	0.06463	0.00891	0.00942	0.00664	0.00411	0.00367	0.00100	0.00411	0.00320	0.00332	0.33053
5	0.04621	0.00766	0.00769	0.00681	0.00859	0.06881	0.00525	0.16436	0.13774	0.04682	0.12417	0.04106	0.11632	0.09063	0.04269	0.00179	0.00381	0.01918	0.05554	0.00487
6	0.00537	0.00380	0.00495	0.00543	0.00586	0.00360	0.00371	0.00623	0.00840	0.01138	0.19232	0.50021	0.06241	0.09520	0.04013	0.03164	0.00281	0.00952	0.00370	0.00333

[dist]
# distance from previous block
# <min> <max>
0	14

[block]
# block no. 6 follows, 65 sequences, length 22
# corresponding to MSA columns:
# 259-280
name=unknown_G
#
# <colnr> <probs for GDERKNQSTAVLIFYWHMCP>
#	G	D	E	R	K	N	Q	S	T	A	V	L	I	F	Y	W	H	M	C	P
0	0.09591	0.00820	0.01051	0.03196	0.07538	0.00766	0.06213	0.12904	0.01959	0.09650	0.02965	0.01096	0.02863	0.00407	0.00359	0.00100	0.00373	0.00339	0.01593	0.36219
1	0.00664	0.00503	0.00555	0.00539	0.00606	0.02530	0.00363	0.00865	0.11563	0.01117	0.16668	0.06485	0.07771	0.41310	0.03533	0.03276	0.00355	0.00632	0.00321	0.00345
2	0.49746	0.31412	0.04257	0.00646	0.00946	0.05109	0.00593	0.01239	0.00775	0.01468	0.00580	0.00675	0.00481	0.00373	0.00268	0.00112	0.00392	0.00226	0.00221	0.00482
3	0.02428	0.20630	0.30499	0.00916	0.01344	0.01115	0.00977	0.18339	0.02364	0.06478	0.00814	0.00883	0.00609	0.00408	0.00369	0.00112	0.01583	0.00301	0.00257	0.09574
4	0.05034	0.04910	0.04567	0.06510	0.08790	0.14810	0.00808	0.12801	0.13099	0.04127	0.03157	0.01164	0.01721	0.00494	0.00472	0.00125	0.08024	0.02087	0.00287	0.07013
5	0.01097	0.85821	0.02151	0.00702	0.01054	0.01624	0.00702	0.01229	0.00834	0.00966	0.00571	0.00658	0.00527	0.00351	0.00263	0.00088	0.00439	0.00219	0.00176	0.00527
6	0.00588	0.00406	0.00531	0.00600	0.00651	0.00387	0.00422	0.03640	0.00859	0.03251	0.03522	0.70990	0.04045	0.01213	0.00519	0.00165	0.00258	0.07205	0.00386	0.00361
7	0.00775	0.00730	0.01231	0.84587	0.02827	0.00912	0.01140	0.01049	0.00821	0.01049	0.00730	0.01094	0.00547	0.00410	0.00410	0.00137	0.00547	0.00365	0.00182	0.00456
8	0.00691	0.00576	0.00817	0.00741	0.00827	0.02177	0.07111	0.00846	0.03372	0.01046	0.04729	0.06731	0.03119	0.20325	0.28583	0.00375	0.10842	0.03488	0.03227	0.00376
9	0.04401	0.00582	0.00567	0.00519	0.00666	0.03390	0.00401	0.08643	0.09208	0.03723	0.01293	0.01415	0.00997	0.00483	0.00316	0.00105	0.00257	0.00380	0.62203	0.00453
10	0.00618	0.00475	0.00734	0.00726	0.00818	0.00523	0.04167	0.00780	0.00739	0.01031	0.01351	0.04464	0.01343	0.02487	0.59912	0.00521	0.00902	0.17776	0.00258	0.00376
11	0.00616	0.00440	0.00513	0.00529	0.00656	0.00394	0.00421	0.00750	0.00950	0.05402	0.06957	0.08113	0.47224	0.01017	0.00496	0.00150	0.00258	0.20873	0.03863	0.00375
12	0.03954	0.00688	0.00920	0.00711	0.01019	0.00600	0.00586	0.01917	0.01152	0.77577	0.01707	0.01493	0.04663	0.00529	0.00412	0.00128	0.00342	0.00428	0.00496	0.00676
13	0.00950	0.00550	0.00678	0.00610	0.00772	0.00529	0.00472	0.05953	0.07437	0.19462	0.28543	0.13811	0.07583	0.00776	0.00450	0.00134	0.00265	0.02768	0.07775	0.00484
14	0.09938	0.00805	0.00893	0.00749	0.01000	0.00853	0.00598	0.18667	0.23580	0.22696	0.04491	0.06708	0.02946	0.00578	0.00405	0.00131	0.00340	0.00468	0.03548	0.00606
15	0.00548	0.00422	0.00453	0.00450	0.00582	0.00359	0.00335	0.00658	0.00950	0.04409	0.10062	0.10960	0.66327	0.01025	0.00486	0.00140	0.00215	0.00865	0.00392	0.00363
16	0.03543	0.00586	0.00865	0.39554	0.01666	0.00671	0.00751	0.04974	0.00861	0.01176	0.01388	0.35222	0.01454	0.00772	0.00446	0.00146	0.00393	0.00686	0.04432	0.00415
17	0.00817	0.00737	0.01170	0.13923	0.26283	0.01719	0.03471	0.01010	0.01932	0.01109	0.00919	0.01412	0.00838	0.04589	0.21967	0.03774	0.09671	0.03971	0.00214	0.00475
18	0.00560	0.00395	0.00495	0.00553	0.00621	0.00361	0.00395	0.00652	0.00846	0.03862	0.02674	0.52306	0.22406	0.03516	0.00558	0.00167	0.00252	0.08649	0.00381	0.00351
19	0.00587	0.00412	0.00518	0.00568	0.00638	0.00394	0.00415	0.00722	0.02728	0.02721	0.07388	0.46327	0.14299	0.01127	0.01741	0.00163	0.01350	0.10037	0.07505	0.00364
20	0.48315	0.03092	0.00911	0.04986	0.13629	0.04770	0.02773	0.03712	0.00831	0.01599	0.00859	0.04827	0.03195	0.00451	0.00323	0.00126	0.00379	0.00336	0.04404	0.00480
21	0.07704	0.03490	0.00675	0.02704	0.04614	0.02129	0.00472	0.02455	0.00811	0.04051	0.01262	0.07327	0.03230	0.05911	0.20673	0.02530	0.00492	0.00454	0.28612	0.00404

[dist]
# distance from previous block
# <min> <max>
1	48

[block]
# block no. 7 follows, 65 sequences, length 16
# corresponding to MSA columns:
# 329-344
name=unknown_H
#
# <colnr> <probs for GDERKNQSTAVLIFYWHMCP>
#	G	D	E	R	K	N	Q	S	T	A	V	L	I	F	Y	W	H	M	C	P
0	0.00901	0.40687	0.01367	0.00666	0.00873	0.01046	0.00584	0.01019	0.00781	0.05003	0.03675	0.01319	0.02780	0.08901	0.23518	0.02235	0.03610	0.00364	0.00225	0.00447
1	0.00505	0.00415	0.00442	0.00446	0.00569	0.00356	0.00333	0.00617	0.00943	0.01158	0.12242	0.07394	0.65855	0.03566	0.00538	0.00148	0.00219	0.03521	0.00385	0.00348
2	0.01236	0.46844	0.01650	0.00814	0.01097	0.25966	0.00712	0.07455	0.01013	0.01139	0.00672	0.00771	0.00576	0.00400	0.00332	0.00098	0.02415	0.00258	0.06040	0.00513
3	0.00643	0.00562	0.04597	0.00596	0.00730	0.00496	0.00475	0.03038	0.10436	0.01444	0.35323	0.20347	0.14688	0.00901	0.00477	0.00140	0.00251	0.02567	0.01870	0.00419
4	0.06567	0.17322	0.27899	0.03904	0.08452	0.02745	0.06350	0.04615	0.00920	0.02495	0.02677	0.03702	0.02159	0.00428	0.00367	0.00116	0.00488	0.00348	0.00223	0.08223
5	0.05323	0.06249	0.02349	0.08305	0.25406	0.07588	0.01987	0.16563	0.02669	0.04716	0.01000	0.08825	0.00882	0.00510	0.00401	0.00125	0.00458	0.02555	0.00281	0.03807
6	0.00602	0.00392	0.00507	0.00562	0.00620	0.00363	0.00393	0.00697	0.00848	0.05721	0.08136	0.59801	0.07521	0.03886	0.00555	0.00165	0.00248	0.04361	0.04262	0.00360
7	0.00758	0.00745	0.09056	0.03005	0.06956	0.00619	0.06401	0.06396	0.03611	0.03788	0.12583	0.21599	0.14083	0.03980	0.01757	0.00159	0.00367	0.03342	0.00339	0.00456
8	0.05142	0.11337	0.19698	0.03100	0.11520	0.02407	0.08699	0.15731	0.04016	0.09569	0.02537	0.01032	0.00729	0.00425	0.00387	0.00122	0.00488	0.00354	0.02105	0.00602
9	0.00696	0.00563	0.00647	0.00621	0.00670	0.05669	0.00440	0.02865	0.00693	0.00928	0.01121	0.01997	0.01172	0.41350	0.32612	0.00456	0.06438	0.00495	0.00235	0.00332
10	0.00529	0.00429	0.00467	0.00463	0.00586	0.00378	0.00346	0.00678	0.03145	0.01227	0.20106	0.05474	0.57131	0.04118	0.00546	0.00148	0.00221	0.03255	0.00392	0.00360
11	0.00775	0.00759	0.08089	0.05627	0.17265	0.02302	0.00765	0.04808	0.02751	0.02577	0.01633	0.32984	0.03794	0.00898	0.02351	0.00160	0.00395	0.10021	0.01581	0.00467
12	0.07000	0.10543	0.09308	0.00981	0.02805	0.07841	0.07206	0.31200	0.08664	0.07978	0.00958	0.00995	0.00703	0.00447	0.00384	0.00121	0.00477	0.00350	0.01422	0.00615
13	0.00912	0.00870	0.01483	0.19205	0.19943	0.00920	0.20998	0.03506	0.11175	0.01333	0.01096	0.05010	0.03475	0.00478	0.00460	0.00134	0.03161	0.00460	0.04841	0.00542
14	0.00894	0.00731	0.05334	0.08366	0.06487	0.00662	0.12410	0.02076	0.03241	0.12243	0.16547	0.08919	0.07026	0.02282	0.00493	0.00141	0.01690	0.03787	0.06180	0.00489
15	0.07551	0.03810	0.00810	0.00678	0.00868	0.19427	0.00531	0.11061	0.04732	0.06719	0.03350	0.01229	0.00914	0.00531	0.02255	0.00121	0.00401	0.00354	0.34174	0.00483

[dist]
# distance from previous block
# <min> <max>
0	3

[block]
# block no. 8 follows, 65 sequences, length 7
# corresponding to MSA columns:
# 348-354
name=unknown_I
#
# <colnr> <probs for GDERKNQSTAVLIFYWHMCP>
#	G	D	E	R	K	N	Q	S	T	A	V	L	I	F	Y	W	H	M	C	P
0	0.13000	0.20247	0.05197	0.00838	0.01102	0.23523	0.03917	0.07977	0.03373	0.01330	0.05245	0.03271	0.03331	0.02502	0.00402	0.00123	0.00492	0.03376	0.00259	0.00495
1	0.81131	0.00824	0.00656	0.00574	0.00834	0.00951	0.00473	0.08002	0.00803	0.01905	0.00607	0.00694	0.00466	0.00390	0.00267	0.00127	0.00329	0.00235	0.00267	0.00466
2	0.74281	0.00778	0.00661	0.00571	0.00835	0.00869	0.00471	0.01337	0.00777	0.15186	0.00743	0.00786	0.00538	0.00402	0.00280	0.00127	0.00323	0.00253	0.00296	0.00486
3	0.00576	0.00400	0.00477	0.00498	0.00523	0.00396	0.00317	0.00617	0.00678	0.00897	0.01710	0.15806	0.08180	0.54805	0.07547	0.00348	0.00407	0.05247	0.00285	0.00286
4	0.53351	0.00842	0.00778	0.00647	0.00918	0.00934	0.00532	0.19646	0.01047	0.12014	0.00835	0.00875	0.00605	0.00427	0.00311	0.00124	0.00345	0.00288	0.04950	0.00530
5	0.04542	0.07218	0.08465	0.01063	0.04366	0.03239	0.15461	0.18277	0.05814	0.05314	0.01142	0.03132	0.02746	0.02367	0.00505	0.00140	0.04933	0.07941	0.02782	0.00554
6	0.07642	0.00772	0.05486	0.03381	0.00947	0.04549	0.00624	0.06827	0.09641	0.01262	0.03338	0.01459	0.00990	0.10169	0.27603	0.03429	0.08310	0.00415	0.02719	0.00438

[dist]
# distance from previous block
# <min> <max>
0	6

[block]
# block no. 9 follows, 65 sequences, length 18
# corresponding to MSA columns:
# 361-378
name=unknown_J
#
# <colnr> <probs for GDERKNQSTAVLIFYWHMCP>
#	G	D	E	R	K	N	Q	S	T	A	V	L	I	F	Y	W	H	M	C	P
0	0.00823	0.02123	0.83447	0.01170	0.01777	0.00953	0.01517	0.01300	0.00867	0.01300	0.00737	0.00867	0.00520	0.00390	0.00390	0.00130	0.00607	0.00303	0.00173	0.00607
1	0.07482	0.00922	0.01017	0.00775	0.01106	0.00920	0.00634	0.36867	0.04508	0.11773	0.00975	0.00989	0.00710	0.00427	0.00365	0.00104	0.00377	0.00327	0.00357	0.29366
2	0.00901	0.00906	0.01299	0.01101	0.01116	0.01249	0.03816	0.01000	0.00641	0.01000	0.00549	0.00906	0.00542	0.00705	0.01316	0.00178	0.81778	0.00364	0.00181	0.00453
3	0.07002	0.00713	0.00890	0.00713	0.00986	0.00672	0.00578	0.12289	0.01196	0.54514	0.03613	0.09195	0.01172	0.00578	0.00410	0.00129	0.00340	0.00473	0.03909	0.00628
4	0.88473	0.00794	0.00603	0.00540	0.00794	0.00921	0.00445	0.01207	0.00699	0.01842	0.00572	0.00667	0.00445	0.00381	0.00254	0.00127	0.00318	0.00222	0.00254	0.00445
5	0.05346	0.00429	0.00557	0.00587	0.00648	0.00453	0.00427	0.00690	0.00720	0.01029	0.01665	0.26279	0.05924	0.15481	0.32545	0.00390	0.00603	0.05595	0.00291	0.00342
6	0.05779	0.00823	0.00867	0.00775	0.00998	0.00936	0.00605	0.03871	0.64066	0.04342	0.06565	0.01561	0.01339	0.00557	0.00406	0.00135	0.00313	0.00460	0.04990	0.00611
7	0.00990	0.00727	0.00791	0.00677	0.00818	0.02455	0.00496	0.32229	0.01135	0.01516	0.01138	0.01865	0.01111	0.41542	0.10457	0.00314	0.00504	0.00484	0.00308	0.00442
8	0.00759	0.00384	0.00388	0.00387	0.00483	0.00383	0.00290	0.00950	0.00871	0.01534	0.04223	0.01585	0.01152	0.00491	0.00294	0.00097	0.00191	0.00395	0.84758	0.00383
9	0.39466	0.00721	0.00774	0.00633	0.00908	0.00727	0.00520	0.01573	0.00967	0.42404	0.06570	0.01190	0.00958	0.00475	0.00348	0.00127	0.00325	0.00352	0.00394	0.00567
10	0.00593	0.00399	0.00500	0.00541	0.00618	0.00359	0.00380	0.00689	0.00879	0.06592	0.09711	0.53702	0.21233	0.01138	0.00504	0.00154	0.00235	0.01010	0.00396	0.00365
11	0.12084	0.03943	0.01026	0.00780	0.01069	0.05103	0.00639	0.30656	0.03055	0.29589	0.01156	0.01149	0.00811	0.03200	0.00434	0.00131	0.00400	0.00366	0.03786	0.00623
12	0.03738	0.00735	0.00832	0.00702	0.00939	0.00750	0.00560	0.16448	0.18299	0.23578	0.03710	0.04963	0.17062	0.00658	0.00426	0.00132	0.00322	0.01633	0.03937	0.00575
13	0.00517	0.00369	0.00490	0.00565	0.00595	0.00353	0.00381	0.00595	0.00784	0.01056	0.06498	0.69278	0.02577	0.07479	0.06191	0.00214	0.00305	0.01054	0.00365	0.00332
14	0.01151	0.05264	0.03163	0.04225	0.34610	0.02009	0.04092	0.17927	0.01131	0.08234	0.02867	0.01157	0.03140	0.00512	0.01978	0.00137	0.07129	0.00389	0.00278	0.00609
15	0.00574	0.00400	0.00509	0.00572	0.00624	0.00379	0.00394	0.00694	0.04015	0.03701	0.02307	0.64282	0.09125	0.06820	0.00619	0.00178	0.00258	0.03814	0.00378	0.00355
16	0.00604	0.00438	0.00534	0.00577	0.00653	0.00417	0.00408	0.05967	0.02268	0.02746	0.02523	0.59405	0.18103	0.01156	0.00506	0.00158	0.00253	0.02525	0.00386	0.00373
17	0.34447	0.15199	0.07341	0.00864	0.04530	0.15883	0.01775	0.08725	0.00942	0.01504	0.00667	0.01926	0.00548	0.00419	0.00356	0.00119	0.03729	0.00277	0.00238	0.00508

[dist]
# distance from previous block
# <min> <max>
4	14

[block]
# block no. 10 follows, 65 sequences, length 17
# corresponding to MSA columns:
# 393-409
name=unknown_K
#
# <colnr> <probs for GDERKNQSTAVLIFYWHMCP>
#	G	D	E	R	K	N	Q	S	T	A	V	L	I	F	Y	W	H	M	C	P
0	0.00819	0.10715	0.10935	0.05153	0.05788	0.06040	0.05154	0.02333	0.00805	0.01052	0.06628	0.01708	0.01141	0.30401	0.03478	0.06280	0.00483	0.00450	0.00232	0.00405
1	0.00765	0.00572	0.00829	0.09123	0.14406	0.00590	0.00619	0.04049	0.02902	0.03460	0.14208	0.11733	0.04450	0.10256	0.06994	0.13358	0.00414	0.00571	0.00292	0.00409
2	0.01022	0.16154	0.34136	0.03555	0.05826	0.05910	0.06516	0.06496	0.01885	0.04270	0.00751	0.00899	0.00580	0.00444	0.00487	0.01802	0.08170	0.00320	0.00211	0.00567
3	0.01086	0.08302	0.06512	0.10054	0.21612	0.08051	0.07241	0.04554	0.03556	0.10546	0.02596	0.04683	0.01952	0.00498	0.00442	0.01288	0.02093	0.02612	0.00267	0.02057
4	0.00955	0.00802	0.00863	0.00794	0.00994	0.00912	0.00609	0.05593	0.64287	0.01641	0.01742	0.16157	0.01483	0.00681	0.00436	0.00143	0.00316	0.00583	0.00411	0.00597
5	0.00661	0.00551	0.00768	0.03589	0.12154	0.00529	0.03599	0.00873	0.05878	0.02381	0.18185	0.18226	0.27616	0.02501	0.00505	0.00145	0.00292	0.00763	0.00359	0.00427
6	0.01090	0.14345	0.13415	0.13769	0.07368	0.18745	0.03778	0.04548	0.06971	0.02873	0.00803	0.00988	0.00646	0.02886	0.00477	0.00129	0.05084	0.00331	0.01220	0.00532
7	0.00697	0.00362	0.00523	0.00523	0.00523	0.00362	0.00342	0.00543	0.00543	0.00724	0.00793	0.01445	0.00820	0.12984	0.01671	0.76017	0.00362	0.00390	0.00188	0.00188
8	0.00573	0.00415	0.00526	0.00591	0.00641	0.00399	0.00406	0.06206	0.00871	0.01157	0.02248	0.76240	0.05733	0.01221	0.00515	0.00163	0.00252	0.01100	0.00383	0.00359
9	0.00625	0.00447	0.00577	0.00593	0.02313	0.00432	0.00422	0.02840	0.01008	0.02952	0.39051	0.29564	0.08801	0.00952	0.00509	0.00142	0.02801	0.00836	0.04747	0.00388
10	0.00929	0.04235	0.03320	0.01079	0.01208	0.03321	0.12763	0.06346	0.00832	0.01170	0.00869	0.01493	0.00844	0.05009	0.01004	0.00175	0.44034	0.10671	0.00229	0.00469
11	0.00784	0.00741	0.01233	0.78784	0.02706	0.00936	0.01123	0.01045	0.00807	0.01045	0.00716	0.01081	0.00547	0.00432	0.00475	0.00140	0.06403	0.00364	0.00182	0.00456
12	0.00966	0.01098	0.02371	0.01702	0.02099	0.01048	0.78009	0.01301	0.00954	0.01301	0.00818	0.01098	0.00619	0.00362	0.00522	0.00140	0.04358	0.00479	0.00206	0.00549
13	0.00578	0.00440	0.00535	0.00517	0.00627	0.00408	0.00390	0.00790	0.05002	0.01478	0.53486	0.07041	0.22959	0.00904	0.00486	0.00135	0.00211	0.03199	0.00427	0.00387
14	0.02835	0.15277	0.04847	0.02527	0.01155	0.05609	0.03065	0.34387	0.01261	0.01674	0.00903	0.02729	0.00761	0.06289	0.08014	0.02000	0.04298	0.00372	0.01451	0.00547
15	0.03628	0.02793	0.02566	0.00819	0.03259	0.13831	0.00630	0.13137	0.01010	0.12468	0.01088	0.01422	0.02170	0.12420	0.23302	0.00305	0.03973	0.00406	0.00290	0.00484
16	0.04985	0.10949	0.12408	0.00928	0.03052	0.05237	0.10260	0.08392	0.05950	0.01389	0.01073	0.03608	0.05757	0.01794	0.00418	0.00116	0.01788	0.01504	0.00259	0.20132

[dist]
# distance from previous block
# <min> <max>
0	48

[block]
# block no. 11 follows, 65 sequences, length 32
# corresponding to MSA columns:
# 460-491
name=unknown_L
#
# <colnr> <probs for GDERKNQSTAVLIFYWHMCP>
#	G	D	E	R	K	N	Q	S	T	A	V	L	I	F	Y	W	H	M	C	P
0	0.03004	0.08213	0.18324	0.00924	0.02740	0.07966	0.05248	0.05313	0.07970	0.07838	0.01282	0.05632	0.07228	0.00554	0.00442	0.00126	0.04106	0.04315	0.00284	0.08492
1	0.02600	0.24884	0.27437	0.03847	0.01308	0.06703	0.02453	0.05423	0.01832	0.04031	0.01120	0.04004	0.08201	0.01459	0.01961	0.00131	0.00497	0.00378	0.01202	0.00531
2	0.03064	0.72598	0.03870	0.00709	0.01044	0.05517	0.00696	0.01211	0.00854	0.01004	0.00798	0.00870	0.05578	0.00399	0.00285	0.00094	0.00441	0.00263	0.00192	0.00513
3	0.00983	0.13124	0.01148	0.00829	0.01004	0.15893	0.02904	0.02759	0.04293	0.02716	0.02879	0.01582	0.15810	0.02385	0.00664	0.00136	0.21687	0.01677	0.01689	0.05839
4	0.83156	0.00788	0.00625	0.00552	0.00809	0.00901	0.00454	0.01255	0.00728	0.06841	0.00636	0.00712	0.00480	0.00389	0.00264	0.00127	0.00319	0.00234	0.00270	0.00460
5	0.77318	0.00805	0.00663	0.00576	0.00838	0.00915	0.00474	0.05476	0.00799	0.08093	0.00673	0.00739	0.00501	0.00397	0.00274	0.00127	0.00327	0.00245	0.00282	0.00477
6	0.00603	0.00417	0.00479	0.00475	0.00479	0.00428	0.00279	0.00611	0.00613	0.00819	0.01371	0.04870	0.03776	0.77624	0.01973	0.00376	0.03680	0.00611	0.00253	0.00262
7	0.01302	0.01590	0.01594	0.01282	0.01566	0.49542	0.29316	0.01558	0.06073	0.01158	0.00767	0.00919	0.00606	0.00404	0.00413	0.00119	0.00698	0.00354	0.00223	0.00514
8	0.88473	0.00794	0.00603	0.00540	0.00794	0.00921	0.00445	0.01207	0.00699	0.01842	0.00572	0.00667	0.00445	0.00381	0.00254	0.00127	0.00318	0.00222	0.00254	0.00445
9	0.00775	0.00730	0.01231	0.84587	0.02827	0.00912	0.01140	0.01049	0.00821	0.01049	0.00730	0.01094	0.00547	0.00410	0.00410	0.00137	0.00547	0.00365	0.00182	0.00456
10	0.00810	0.07068	0.52179	0.00960	0.01402	0.02360	0.01126	0.01176	0.02432	0.02568	0.09171	0.09498	0.03306	0.00540	0.00404	0.00128	0.00490	0.00444	0.00240	0.03699
11	0.01533	0.01956	0.01163	0.01058	0.01269	0.83926	0.00793	0.01639	0.01163	0.01005	0.00635	0.00740	0.00529	0.00423	0.00370	0.00106	0.00740	0.00264	0.00212	0.00476
12	0.01016	0.00975	0.01666	0.02520	0.83013	0.00975	0.01260	0.01260	0.00935	0.01341	0.00772	0.01016	0.00650	0.00366	0.00406	0.00122	0.00488	0.00366	0.00203	0.00650
13	0.00710	0.04999	0.00700	0.03726	0.00739	0.00536	0.01675	0.02263	0.00729	0.04223	0.01296	0.13792	0.01393	0.41375	0.12120	0.00324	0.00470	0.00584	0.00269	0.08079
14	0.17820	0.00793	0.00932	0.00732	0.01037	0.00780	0.00603	0.14624	0.03170	0.53302	0.01325	0.01199	0.00865	0.00483	0.00383	0.00127	0.00359	0.00372	0.00443	0.00650
15	0.01097	0.85821	0.02151	0.00702	0.01054	0.01624	0.00702	0.01229	0.00834	0.00966	0.00571	0.00658	0.00527	0.00351	0.00263	0.00088	0.00439	0.00219	0.00176	0.00527
16	0.01059	0.00901	0.00950	0.00843	0.01082	0.01039	0.00659	0.07846	0.76544	0.01779	0.01622	0.01493	0.01213	0.00552	0.00417	0.00138	0.00334	0.00457	0.00417	0.00653
17	0.00765	0.00383	0.00383	0.00383	0.00478	0.00383	0.00287	0.00956	0.00861	0.01530	0.01339	0.01530	0.01052	0.00478	0.00287	0.00096	0.00191	0.00383	0.87853	0.00383
18	0.00586	0.00440	0.00660	0.00660	0.00733	0.00513	0.00513	0.00733	0.00660	0.00953	0.01100	0.01613	0.01026	0.03079	0.83947	0.00660	0.01100	0.00440	0.00220	0.00367
19	0.05978	0.00772	0.00888	0.00712	0.00965	0.00786	0.00578	0.28975	0.01362	0.27402	0.13290	0.01483	0.01304	0.00541	0.00396	0.00121	0.00337	0.00432	0.13084	0.00593
20	0.00639	0.00399	0.00483	0.00481	0.00487	0.00402	0.00288	0.00619	0.02597	0.00796	0.01145	0.02266	0.01274	0.60568	0.01916	0.24254	0.00385	0.00528	0.00234	0.00239
21	0.00713	0.00357	0.00535	0.00535	0.00535	0.00357	0.00357	0.00535	0.00535	0.00713	0.00713	0.01248	0.00713	0.01426	0.01604	0.88057	0.00357	0.00357	0.00178	0.00178
22	0.00843	0.00485	0.00528	0.00484	0.00612	0.00491	0.00372	0.09102	0.02517	0.03961	0.17726	0.01781	0.01587	0.00555	0.00345	0.00107	0.00225	0.00456	0.57393	0.00429
23	0.06150	0.00574	0.00661	0.00657	0.00788	0.00598	0.00496	0.06553	0.17146	0.04889	0.05146	0.37453	0.08170	0.00948	0.00473	0.00153	0.00288	0.08016	0.00390	0.00451
24	0.24546	0.01257	0.00969	0.00828	0.01088	0.33240	0.00652	0.09170	0.01116	0.22103	0.00899	0.00910	0.00645	0.00440	0.00354	0.00118	0.00503	0.00301	0.00316	0.00545
25	0.01480	0.01071	0.01156	0.00904	0.01209	0.01180	0.00740	0.69213	0.06769	0.05183	0.01103	0.04071	0.00824	0.00525	0.00412	0.00125	0.00426	0.00406	0.02529	0.00674
26	0.00503	0.00364	0.00477	0.00565	0.00599	0.00338	0.00383	0.00580	0.00801	0.01057	0.02396	0.77373	0.08460	0.01264	0.00522	0.00165	0.00240	0.03195	0.00381	0.00336
27	0.01016	0.01163	0.17847	0.07434	0.13993	0.06167	0.06712	0.13632	0.01035	0.04437	0.02495	0.02756	0.00816	0.06735	0.06490	0.00186	0.04522	0.00401	0.01620	0.00545
28	0.00546	0.00438	0.00495	0.00541	0.00622	0.02727	0.00392	0.00647	0.00874	0.01108	0.05656	0.40484	0.31811	0.01183	0.02851	0.00168	0.00274	0.07210	0.01623	0.00349
29	0.00515	0.00380	0.00474	0.00543	0.00594	0.00350	0.00376	0.00596	0.00815	0.01056	0.02590	0.56824	0.19559	0.07075	0.00627	0.00178	0.00252	0.06489	0.00372	0.00333
30	0.13934	0.23652	0.08903	0.01979	0.08511	0.14558	0.03345	0.06058	0.09170	0.01358	0.00818	0.03137	0.00679	0.00429	0.00344	0.00115	0.00479	0.00320	0.01672	0.00540
31	0.04373	0.07071	0.05057	0.07985	0.13161	0.04450	0.00758	0.07661	0.04365	0.05342	0.07135	0.02942	0.02457	0.03363	0.00460	0.00124	0.02155	0.02956	0.01567	0.16616

[dist]
# distance from previous block
# <min> <max>
3	15

[block]
# block no. 12 follows, 65 sequences, length 12
# corresponding to MSA columns:
# 507-518
name=unknown_M
#
# <colnr> <probs for GDERKNQSTAVLIFYWHMCP>
#	G	D	E	R	K	N	Q	S	T	A	V	L	I	F	Y	W	H	M	C	P
0	0.00738	0.06038	0.06170	0.00568	0.00747	0.00586	0.00481	0.04955	0.07208	0.02966	0.16716	0.05535	0.25956	0.03743	0.00478	0.00135	0.00275	0.00618	0.15655	0.00432
1	0.03201	0.42417	0.03799	0.07113	0.03074	0.18897	0.03841	0.01296	0.03098	0.01067	0.00698	0.00845	0.00598	0.00547	0.05394	0.00136	0.00553	0.00280	0.02643	0.00504
2	0.07257	0.02190	0.07613	0.01924	0.02135	0.04644	0.06829	0.03278	0.12113	0.08355	0.05656	0.07665	0.14306	0.04085	0.00561	0.00148	0.06461	0.02544	0.00324	0.01911
3	0.07087	0.22956	0.14271	0.10301	0.08282	0.08463	0.00894	0.10108	0.02388	0.01342	0.00842	0.02841	0.02742	0.00429	0.00353	0.00113	0.00481	0.00326	0.00231	0.05550
4	0.07788	0.02949	0.03859	0.05684	0.11863	0.00729	0.07872	0.06146	0.00963	0.14256	0.01437	0.20731	0.04505	0.02700	0.00471	0.00142	0.00393	0.03301	0.00322	0.03889
