[name]
unknown

[dist]
# distance from previous block
# <min> <max>
2	218

[block]
# block no. 0 follows, 64 sequences, length 9
# corresponding to MSA columns:
# 281-289
name=unknown_A
#
# <colnr> <probs for GDERKNQSTAVLIFYWHMCP>
#	G	D	E	R	K	N	Q	S	T	A	V	L	I	F	Y	W	H	M	C	P
0	0.16033	0.00858	0.01003	0.23684	0.04309	0.05118	0.00767	0.14493	0.07147	0.10184	0.06463	0.03173	0.04026	0.00517	0.00397	0.00132	0.00425	0.00415	0.00320	0.00536
1	0.10285	0.01039	0.04866	0.11202	0.08708	0.11052	0.05020	0.09161	0.14467	0.08828	0.02493	0.06254	0.00922	0.00505	0.00403	0.00129	0.00460	0.00419	0.00309	0.03478
2	0.24756	0.03063	0.01109	0.04827	0.17949	0.04930	0.03190	0.10305	0.01008	0.09978	0.03306	0.01047	0.00753	0.00450	0.00413	0.00126	0.05025	0.00343	0.06872	0.00549
3	0.00801	0.00550	0.00699	0.08357	0.00929	0.00548	0.00512	0.06988	0.04964	0.09361	0.35139	0.12412	0.13860	0.02386	0.00502	0.00142	0.00281	0.00708	0.00410	0.00450
4	0.00854	0.00449	0.00615	0.00578	0.00625	0.00452	0.00400	0.06743	0.00698	0.06580	0.00860	0.01388	0.00815	0.09089	0.01494	0.67108	0.00371	0.00388	0.00228	0.00263
5	0.01341	0.00930	0.01073	0.06674	0.03683	0.01003	0.00725	0.39836	0.13856	0.14281	0.01481	0.01475	0.08443	0.02705	0.00467	0.00137	0.00405	0.00447	0.00402	0.00636
6	0.01187	0.35174	0.05671	0.06761	0.06706	0.10621	0.03762	0.06640	0.08520	0.07417	0.00843	0.00923	0.00665	0.00410	0.00350	0.00110	0.00487	0.00309	0.00251	0.03194
7	0.00946	0.00700	0.00671	0.00606	0.00707	0.11342	0.00410	0.05495	0.00841	0.11158	0.01247	0.04103	0.01274	0.53832	0.01476	0.00296	0.00437	0.00525	0.00292	0.03640
8	0.02810	0.07594	0.02998	0.01023	0.05176	0.16363	0.03941	0.31725	0.12539	0.08607	0.02513	0.01074	0.00811	0.00475	0.00399	0.00122	0.00491	0.00367	0.00345	0.00625

[dist]
# distance from previous block
# <min> <max>
0	2

[block]
# block no. 1 follows, 64 sequences, length 20
# corresponding to MSA columns:
# 292-298,301-313
name=unknown_B
#
# <colnr> <probs for GDERKNQSTAVLIFYWHMCP>
#	G	D	E	R	K	N	Q	S	T	A	V	L	I	F	Y	W	H	M	C	P
0	0.00865	0.00794	0.01282	0.69898	0.05847	0.00959	0.03107	0.06849	0.04070	0.01217	0.00798	0.01114	0.00598	0.00424	0.00417	0.00137	0.00539	0.00376	0.00212	0.00497
1	0.01380	0.00979	0.01148	0.00934	0.05303	0.00991	0.02218	0.45346	0.01516	0.11912	0.03282	0.01079	0.00810	0.00457	0.00394	0.00111	0.00409	0.00362	0.00375	0.20997
2	0.02545	0.04424	0.10895	0.03617	0.09292	0.00922	0.09015	0.15419	0.06430	0.15996	0.01059	0.01112	0.01864	0.00431	0.00396	0.00117	0.00449	0.00368	0.00316	0.15331
3	0.01557	0.01114	0.01183	0.00925	0.01242	0.04044	0.00757	0.62078	0.09641	0.11468	0.01124	0.01089	0.00791	0.00504	0.00415	0.00126	0.00443	0.00384	0.00420	0.00694
4	0.00520	0.00369	0.00483	0.00565	0.00587	0.00350	0.00372	0.00586	0.00768	0.01026	0.02138	0.72815	0.02551	0.11811	0.02781	0.00210	0.00283	0.01091	0.00365	0.00328
5	0.16381	0.01026	0.03724	0.09557	0.22356	0.05209	0.04011	0.20500	0.03797	0.04764	0.02830	0.02405	0.00757	0.00449	0.00391	0.00128	0.00464	0.00371	0.00290	0.00590
6	0.00517	0.00412	0.00463	0.00471	0.00582	0.00359	0.00345	0.00639	0.00978	0.01244	0.22914	0.16932	0.50593	0.01043	0.00497	0.00143	0.00212	0.00896	0.00403	0.00359
7	0.02984	0.02553	0.01335	0.04875	0.19364	0.08028	0.11016	0.08773	0.03869	0.13318	0.01118	0.03718	0.03814	0.02554	0.00476	0.00130	0.02566	0.00418	0.00295	0.08797
8	0.01421	0.14084	0.01341	0.00948	0.01228	0.28841	0.02680	0.32458	0.03375	0.03407	0.00853	0.00946	0.00670	0.02092	0.03732	0.00141	0.00578	0.00329	0.00299	0.00579
9	0.01082	0.10087	0.24685	0.01187	0.11218	0.03652	0.09226	0.07677	0.01024	0.09449	0.03217	0.01019	0.00729	0.00404	0.00386	0.00115	0.00499	0.00343	0.00255	0.13746
10	0.01215	0.00945	0.07808	0.06807	0.20580	0.02340	0.07400	0.07006	0.01074	0.24578	0.05270	0.04963	0.01009	0.00546	0.02206	0.00139	0.00464	0.00437	0.00328	0.04886
11	0.00665	0.00514	0.00572	0.00560	0.00683	0.02490	0.00418	0.04024	0.05482	0.03629	0.22959	0.18853	0.30970	0.02552	0.00520	0.00148	0.00256	0.03898	0.00404	0.00402
12	0.00990	0.00907	0.01500	0.25068	0.51049	0.02483	0.02655	0.01237	0.00919	0.04794	0.00817	0.01086	0.00656	0.00491	0.03489	0.00148	0.00536	0.00375	0.00214	0.00590
13	0.01090	0.05863	0.12712	0.07020	0.26694	0.06932	0.18403	0.08363	0.03960	0.03735	0.00841	0.01020	0.00649	0.00398	0.00417	0.00127	0.00561	0.00377	0.00235	0.00604
14	0.12816	0.09978	0.00999	0.00728	0.00960	0.05693	0.03363	0.09161	0.05618	0.15797	0.01220	0.01318	0.04377	0.00971	0.15773	0.00220	0.00520	0.00385	0.09581	0.00521
15	0.00519	0.00396	0.00477	0.00512	0.00592	0.00354	0.00363	0.00630	0.00932	0.01216	0.20767	0.39052	0.30459	0.01115	0.00508	0.00150	0.00220	0.00981	0.00402	0.00354
16	0.00555	0.00397	0.00493	0.00553	0.00582	0.00385	0.00360	0.00656	0.04266	0.01022	0.02038	0.57499	0.04007	0.24049	0.00954	0.00230	0.00288	0.00987	0.00351	0.00328
17	0.11484	0.05268	0.20486	0.01111	0.04956	0.21933	0.07882	0.14137	0.01101	0.01480	0.00749	0.00885	0.00581	0.00515	0.03294	0.00142	0.02881	0.00319	0.00239	0.00557
18	0.57340	0.02359	0.02244	0.00872	0.11703	0.02612	0.02141	0.01247	0.00792	0.04328	0.00667	0.00780	0.00523	0.00378	0.00298	0.00119	0.00367	0.00260	0.00253	0.10716
19	0.05229	0.06747	0.00908	0.00751	0.03196	0.06483	0.00577	0.14685	0.15466	0.01595	0.15663	0.03448	0.17691	0.00780	0.03661	0.00151	0.00375	0.01720	0.00365	0.00508

[dist]
# distance from previous block
# <min> <max>
1	8

[block]
# block no. 2 follows, 64 sequences, length 46
# corresponding to MSA columns:
# 322-367
name=unknown_C
#
# <colnr> <probs for GDERKNQSTAVLIFYWHMCP>
#	G	D	E	R	K	N	Q	S	T	A	V	L	I	F	Y	W	H	M	C	P
0	0.07769	0.06770	0.07464	0.02066	0.06865	0.08574	0.15272	0.12197	0.03552	0.02374	0.03251	0.06419	0.01954	0.04671	0.03310	0.00163	0.04282	0.02246	0.00272	0.00526
1	0.75686	0.02923	0.00718	0.00617	0.01932	0.04240	0.00498	0.03796	0.00789	0.04831	0.00636	0.00720	0.00487	0.00395	0.00275	0.00127	0.00349	0.00240	0.00267	0.00473
2	0.00860	0.00745	0.00892	0.03963	0.01063	0.00595	0.00534	0.01045	0.00852	0.01329	0.00731	0.00873	0.00610	0.00327	0.00351	0.00069	0.03438	0.00255	0.00241	0.81228
3	0.05770	0.00724	0.00901	0.00751	0.03841	0.00658	0.00577	0.04579	0.04029	0.28547	0.08632	0.04985	0.01166	0.00509	0.00421	0.00111	0.03623	0.00412	0.00370	0.29393
4	0.01461	0.01096	0.01175	0.00926	0.01234	0.01217	0.00756	0.66957	0.13676	0.02434	0.01144	0.04030	0.00860	0.00536	0.00421	0.00129	0.00431	0.00416	0.00416	0.00686
5	0.00536	0.00418	0.00490	0.00526	0.00613	0.00387	0.00377	0.00674	0.04093	0.01125	0.05644	0.35705	0.36096	0.04504	0.04140	0.00186	0.00278	0.03474	0.00377	0.00357
6	0.03319	0.00934	0.04393	0.12000	0.37674	0.02206	0.02521	0.03459	0.06928	0.07764	0.02501	0.04507	0.02186	0.00483	0.00470	0.00132	0.05330	0.00420	0.00263	0.02511
7	0.01107	0.12133	0.03708	0.27629	0.14656	0.09025	0.00982	0.14415	0.02865	0.03640	0.02507	0.01031	0.00689	0.00441	0.00426	0.00125	0.03467	0.00351	0.00247	0.00558
8	0.00888	0.02403	0.03011	0.33627	0.22158	0.03162	0.03824	0.03753	0.00907	0.01228	0.02075	0.05307	0.00778	0.00595	0.04935	0.00156	0.01909	0.00406	0.00221	0.08655
9	0.04376	0.01058	0.07707	0.04213	0.05934	0.07274	0.00774	0.28913	0.03927	0.15961	0.01136	0.02656	0.00901	0.09378	0.00588	0.00157	0.00457	0.02566	0.01431	0.00593
10	0.03078	0.01299	0.07801	0.05065	0.04334	0.26229	0.04640	0.16342	0.01217	0.11595	0.04949	0.02480	0.04770	0.00560	0.01943	0.00134	0.02304	0.00399	0.00306	0.00556
11	0.00895	0.00823	0.01343	0.57133	0.22420	0.00955	0.01146	0.06699	0.00937	0.01242	0.00791	0.02375	0.00624	0.00424	0.00416	0.00134	0.00527	0.00382	0.00209	0.00525
12	0.01975	0.00608	0.04643	0.05465	0.02639	0.00536	0.02300	0.02235	0.04677	0.11238	0.09642	0.26256	0.19034	0.00947	0.02129	0.00158	0.00327	0.04367	0.00376	0.00447
13	0.05267	0.00900	0.01419	0.09047	0.40720	0.00915	0.06988	0.07201	0.03874	0.12567	0.01082	0.04283	0.02943	0.00461	0.00418	0.00130	0.00462	0.00426	0.00283	0.00614
14	0.00593	0.00445	0.00668	0.00668	0.00742	0.00519	0.00519	0.00742	0.00668	0.00964	0.01113	0.01632	0.01038	0.03115	0.83756	0.00668	0.01113	0.00445	0.00223	0.00371
15	0.01133	0.02316	0.03170	0.06523	0.07665	0.15196	0.07640	0.09526	0.06248	0.05264	0.01948	0.01154	0.02395	0.00556	0.00702	0.00143	0.25751	0.01875	0.00258	0.00536
16	0.01524	0.01124	0.01210	0.00932	0.01261	0.01233	0.00767	0.72612	0.06161	0.03780	0.01033	0.01028	0.00738	0.00494	0.00411	0.00123	0.00442	0.00374	0.00410	0.04340
17	0.00855	0.00733	0.00850	0.00617	0.00974	0.00564	0.00492	0.01071	0.03609	0.01359	0.00880	0.00984	0.03229	0.00340	0.00317	0.00067	0.00305	0.00274	0.00256	0.82223
18	0.00742	0.02045	0.36555	0.00833	0.01186	0.03588	0.00906	0.01017	0.00902	0.02196	0.04657	0.13147	0.20614	0.00691	0.00444	0.00132	0.01628	0.00572	0.00276	0.07869
19	0.31672	0.02008	0.05604	0.00893	0.07745	0.03028	0.00687	0.01210	0.00800	0.11848	0.00921	0.07577	0.00813	0.04219	0.03774	0.00172	0.15871	0.00392	0.00274	0.00492
20	0.00519	0.00414	0.00470	0.00506	0.00612	0.00365	0.00381	0.00628	0.00912	0.01124	0.03469	0.23638	0.52352	0.01125	0.00512	0.00154	0.00241	0.11841	0.00385	0.00352
21	0.01138	0.73280	0.04287	0.00784	0.01142	0.04749	0.03465	0.05101	0.00915	0.01078	0.00613	0.00706	0.00545	0.00366	0.00289	0.00094	0.00470	0.00242	0.00191	0.00542
22	0.02259	0.18301	0.43294	0.01108	0.04584	0.01079	0.07413	0.04517	0.02325	0.05512	0.00790	0.00900	0.00590	0.00391	0.00373	0.00119	0.00537	0.00313	0.00216	0.05379
23	0.00809	0.00595	0.00689	0.00647	0.00810	0.00609	0.00505	0.01288	0.26519	0.07556	0.25376	0.05593	0.17738	0.00819	0.00473	0.00143	0.00272	0.08643	0.00427	0.00488
24	0.00603	0.00409	0.00484	0.00484	0.00495	0.00419	0.00290	0.00624	0.00613	0.00828	0.01281	0.02562	0.01442	0.73550	0.13873	0.00441	0.00505	0.00581	0.00247	0.00269
25	0.01093	0.02572	0.05943	0.04847	0.28842	0.02542	0.09110	0.04868	0.00994	0.10930	0.00875	0.01019	0.00673	0.00378	0.00389	0.00109	0.00461	0.00347	0.00259	0.23749
26	0.03906	0.00714	0.06019	0.00757	0.00941	0.00652	0.04560	0.05502	0.15507	0.07103	0.06343	0.24236	0.07348	0.04216	0.00540	0.00161	0.00344	0.10297	0.00375	0.00479
27	0.01666	0.00771	0.00957	0.00745	0.01041	0.00736	0.00612	0.19778	0.01322	0.54977	0.01459	0.01336	0.00960	0.00507	0.00402	0.00124	0.00357	0.00404	0.11179	0.00668
28	0.00623	0.00493	0.00704	0.00696	0.00765	0.01765	0.00541	0.00763	0.00680	0.00973	0.01136	0.06316	0.01096	0.02817	0.72426	0.00599	0.06524	0.00479	0.00229	0.00376
29	0.01005	0.15737	0.38739	0.01310	0.16037	0.08788	0.02512	0.01372	0.05142	0.02658	0.00812	0.02639	0.00646	0.00416	0.00381	0.00122	0.00551	0.00332	0.00208	0.00593
30	0.00550	0.00440	0.01614	0.00507	0.00595	0.00404	0.00368	0.00646	0.00811	0.01044	0.06631	0.10441	0.34988	0.21971	0.15481	0.00299	0.00426	0.02122	0.00325	0.00335
31	0.00525	0.00378	0.00500	0.00583	0.00623	0.00354	0.00406	0.00618	0.00845	0.01126	0.08774	0.68920	0.05988	0.01243	0.00529	0.00166	0.00247	0.07439	0.00391	0.00346
32	0.00943	0.01750	0.53003	0.01387	0.07570	0.00996	0.19482	0.05674	0.00970	0.03153	0.00802	0.00961	0.00580	0.00391	0.00419	0.00132	0.00611	0.00359	0.00206	0.00612
33	0.01151	0.04584	0.15286	0.01406	0.17996	0.07156	0.15049	0.10877	0.06433	0.09751	0.01021	0.05620	0.00814	0.00468	0.00422	0.00129	0.00524	0.00423	0.00281	0.00609
34	0.00902	0.05020	0.23004	0.26884	0.15423	0.05201	0.09702	0.01211	0.00890	0.01197	0.00818	0.01063	0.02075	0.00495	0.03060	0.00148	0.01804	0.00366	0.00194	0.00544
35	0.02927	0.00877	0.01102	0.00842	0.01170	0.00860	0.03222	0.29057	0.01436	0.51962	0.01380	0.01252	0.00898	0.00502	0.00417	0.00128	0.00399	0.00402	0.00467	0.00699
36	0.02887	0.03751	0.23137	0.01143	0.09137	0.02505	0.06600	0.16684	0.03841	0.23167	0.02409	0.01119	0.00792	0.00453	0.00409	0.00128	0.00486	0.00376	0.00331	0.00646
37	0.02336	0.08873	0.13651	0.09235	0.17578	0.04330	0.09994	0.12536	0.03656	0.07337	0.03191	0.01166	0.03381	0.00446	0.00407	0.00126	0.00506	0.00388	0.00269	0.00594
38	0.00821	0.00711	0.01024	0.01247	0.26013	0.00728	0.03270	0.04449	0.11092	0.01361	0.07627	0.10609	0.14851	0.04091	0.05760	0.00180	0.02229	0.00597	0.02834	0.00507
39	0.00646	0.00497	0.00745	0.00758	0.03811	0.00563	0.01933	0.03317	0.00725	0.01036	0.01122	0.03402	0.01054	0.04653	0.73021	0.00605	0.01028	0.00460	0.00232	0.00392
40	0.04821	0.08358	0.14874	0.04205	0.19993	0.04326	0.02466	0.07992	0.02799	0.19523	0.01026	0.04385	0.00788	0.00468	0.00416	0.00127	0.02139	0.00384	0.00297	0.00614
41	0.01051	0.01076	0.12689	0.05104	0.23375	0.00902	0.20964	0.05850	0.02171	0.11001	0.02223	0.04489	0.03499	0.00548	0.03053	0.00150	0.00539	0.00454	0.00270	0.00593
42	0.00859	0.00504	0.00644	0.00595	0.00751	0.00449	0.02254	0.02625	0.01006	0.20138	0.10438	0.25083	0.29416	0.00950	0.00485	0.00145	0.00270	0.02525	0.00419	0.00446
43	0.01058	0.09927	0.44720	0.01139	0.06361	0.05279	0.02947	0.10211	0.01039	0.07324	0.02704	0.02701	0.00717	0.00444	0.00406	0.00126	0.01703	0.00349	0.00242	0.00605
44	0.05116	0.02306	0.12505	0.11709	0.20861	0.03125	0.11106	0.15881	0.04280	0.04433	0.02427	0.02735	0.00757	0.00442	0.00415	0.00130	0.00512	0.00395	0.00267	0.00599
45	0.00759	0.02681	0.19114	0.00841	0.01093	0.00688	0.07477	0.03850	0.07822	0.03536	0.01909	0.28040	0.14359	0.00902	0.03401	0.00165	0.01858	0.00711	0.00319	0.00477

[dist]
# distance from previous block
# <min> <max>
0	24

[block]
# block no. 3 follows, 64 sequences, length 23
# corresponding to MSA columns:
# 393-415
name=unknown_D
#
# <colnr> <probs for GDERKNQSTAVLIFYWHMCP>
#	G	D	E	R	K	N	Q	S	T	A	V	L	I	F	Y	W	H	M	C	P
0	0.05774	0.03186	0.15743	0.07890	0.17619	0.00929	0.21596	0.02255	0.03796	0.01340	0.03806	0.08967	0.02177	0.00504	0.00455	0.00136	0.02561	0.00478	0.00240	0.00547
1	0.00768	0.02745	0.03667	0.21184	0.27205	0.00750	0.00888	0.00976	0.00895	0.01193	0.05074	0.07650	0.18430	0.00790	0.05856	0.00169	0.00460	0.00550	0.00262	0.00489
2	0.00990	0.15067	0.31526	0.01000	0.02906	0.11674	0.04883	0.03747	0.07581	0.02320	0.05476	0.02858	0.06179	0.00494	0.00392	0.00123	0.00514	0.00394	0.01323	0.00552
3	0.01058	0.05750	0.20198	0.01745	0.35303	0.05217	0.11221	0.03432	0.06011	0.04826	0.00861	0.01020	0.00667	0.00397	0.00409	0.00126	0.00540	0.00366	0.00230	0.00623
4	0.00633	0.00442	0.00600	0.00699	0.04385	0.00429	0.00466	0.02307	0.02838	0.04737	0.02084	0.66966	0.02394	0.01288	0.05199	0.00192	0.00317	0.03264	0.00375	0.00386
5	0.00760	0.00704	0.09821	0.02936	0.03857	0.00548	0.08321	0.00932	0.00881	0.09460	0.01855	0.47711	0.03433	0.00963	0.00495	0.00156	0.00362	0.06014	0.00347	0.00444
6	0.06437	0.00507	0.00603	0.02679	0.00744	0.00481	0.00432	0.00969	0.04553	0.10928	0.39587	0.04909	0.23954	0.00822	0.00463	0.00134	0.00242	0.00700	0.00422	0.00433
7	0.01020	0.08517	0.26044	0.09041	0.24558	0.00999	0.08764	0.04497	0.00963	0.07621	0.00878	0.03703	0.00694	0.00425	0.00406	0.00128	0.00530	0.00380	0.00231	0.00602
8	0.01739	0.00757	0.00978	0.00762	0.01072	0.00702	0.00625	0.09428	0.07637	0.67082	0.03649	0.01429	0.01091	0.00525	0.00420	0.00129	0.00357	0.00426	0.00496	0.00695
9	0.00849	0.04791	0.77079	0.01194	0.01791	0.00990	0.05024	0.01314	0.00880	0.01305	0.00744	0.00881	0.00531	0.00391	0.00395	0.00131	0.00612	0.00312	0.00177	0.00609
10	0.00719	0.02745	0.04055	0.04458	0.05734	0.00581	0.08902	0.02345	0.00963	0.04926	0.13247	0.18070	0.25130	0.00926	0.03269	0.00160	0.00363	0.02627	0.00346	0.00437
11	0.02705	0.07099	0.05277	0.04766	0.08063	0.23809	0.04749	0.02987	0.02887	0.03685	0.00826	0.01075	0.02102	0.04250	0.05247	0.00174	0.19215	0.00357	0.00225	0.00501
12	0.01552	0.01980	0.01177	0.01070	0.01284	0.83735	0.00803	0.01659	0.01177	0.01017	0.00642	0.00749	0.00535	0.00428	0.00375	0.00107	0.00749	0.00268	0.00214	0.00482
13	0.00861	0.00738	0.00861	0.00615	0.00984	0.00554	0.00492	0.01046	0.00861	0.01354	0.00738	0.00861	0.00615	0.00308	0.00308	0.00062	0.00308	0.00246	0.00246	0.87941
14	0.00846	0.02061	0.76389	0.01232	0.01829	0.00972	0.08308	0.01317	0.00886	0.01317	0.00753	0.00898	0.00535	0.00391	0.00403	0.00132	0.00621	0.00322	0.00178	0.00609
15	0.00591	0.00426	0.00559	0.00531	0.00629	0.00395	0.00401	0.00786	0.01168	0.01652	0.79923	0.03155	0.03869	0.00859	0.00493	0.00133	0.00202	0.03382	0.00455	0.00392
16	0.00701	0.00641	0.01157	0.03151	0.05164	0.00611	0.23937	0.00894	0.00918	0.01239	0.10587	0.36096	0.03397	0.00888	0.00509	0.00155	0.00403	0.08790	0.00328	0.00432
17	0.00622	0.00476	0.00690	0.00684	0.00747	0.00559	0.00531	0.00755	0.00678	0.00970	0.01161	0.01882	0.01136	0.10599	0.64758	0.00577	0.06948	0.05628	0.00233	0.00366
18	0.01468	0.01830	0.01230	0.01167	0.06198	0.72024	0.03333	0.01623	0.03439	0.01072	0.00720	0.00886	0.00607	0.00442	0.00386	0.00112	0.00712	0.02031	0.00223	0.00497
19	0.00936	0.00584	0.00699	0.00612	0.00726	0.00601	0.00442	0.09974	0.02671	0.14355	0.11909	0.02295	0.06106	0.39395	0.01268	0.00258	0.05839	0.00564	0.00345	0.00421
20	0.00908	0.01264	0.22974	0.05443	0.06188	0.03642	0.28095	0.03971	0.04356	0.01354	0.06276	0.07743	0.01024	0.00511	0.00481	0.00139	0.03378	0.01459	0.00246	0.00547
21	0.00672	0.00547	0.00628	0.00617	0.00678	0.05904	0.00442	0.00785	0.02620	0.00939	0.01309	0.02106	0.04791	0.33082	0.40002	0.00483	0.02229	0.01579	0.00246	0.00342
22	0.17688	0.03698	0.01081	0.00887	0.01089	0.18066	0.05350	0.08681	0.03281	0.09219	0.01971	0.05266	0.00847	0.03627	0.02184	0.00155	0.13993	0.02127	0.00286	0.00504

[dist]
# distance from previous block
# <min> <max>
0	8

[block]
# block no. 4 follows, 64 sequences, length 53
# corresponding to MSA columns:
# 424-442,447-470,472-481
name=unknown_E
#
# <colnr> <probs for GDERKNQSTAVLIFYWHMCP>
#	G	D	E	R	K	N	Q	S	T	A	V	L	I	F	Y	W	H	M	C	P
0	0.01031	0.02487	0.01121	0.01049	0.09903	0.16918	0.09284	0.12282	0.04739	0.02534	0.11636	0.08424	0.11116	0.04978	0.00527	0.00143	0.00454	0.00551	0.00320	0.00502
1	0.00554	0.00415	0.00483	0.00500	0.00602	0.00368	0.00365	0.00666	0.00933	0.03158	0.15489	0.24386	0.41566	0.03976	0.01878	0.00165	0.00246	0.03496	0.00393	0.00360
2	0.01140	0.80155	0.02111	0.00734	0.01080	0.07037	0.00717	0.01271	0.00866	0.00980	0.00582	0.00672	0.00533	0.00360	0.00274	0.00090	0.00464	0.00225	0.00180	0.00530
3	0.00699	0.00570	0.00869	0.14856	0.10560	0.00623	0.00718	0.00891	0.01768	0.01107	0.02557	0.06686	0.01310	0.05640	0.31644	0.00355	0.00684	0.14920	0.00261	0.03282
4	0.01286	0.07780	0.13951	0.03002	0.01358	0.20735	0.03067	0.20025	0.18018	0.05218	0.01004	0.01034	0.00750	0.00463	0.00395	0.00123	0.00527	0.00352	0.00307	0.00606
5	0.00853	0.00965	0.06197	0.01321	0.01617	0.00892	0.46607	0.01130	0.00959	0.01329	0.15194	0.06282	0.04096	0.00559	0.00585	0.00144	0.09940	0.00564	0.00264	0.00502
6	0.00933	0.00736	0.00869	0.00624	0.00990	0.00558	0.00501	0.01115	0.00885	0.07164	0.00802	0.00901	0.00645	0.00322	0.00315	0.00066	0.00311	0.00258	0.00265	0.81741
7	0.00635	0.00436	0.00563	0.00525	0.00635	0.00398	0.00396	0.00824	0.01160	0.05093	0.73668	0.03093	0.09299	0.00849	0.00487	0.00131	0.00204	0.00746	0.00455	0.00402
8	0.00595	0.00441	0.00645	0.00645	0.00711	0.00507	0.00491	0.00727	0.00661	0.00947	0.01133	0.01747	0.01088	0.11839	0.75101	0.00639	0.01037	0.00462	0.00226	0.00358
9	0.00792	0.00746	0.01259	0.81983	0.05225	0.00925	0.01157	0.01068	0.00834	0.01070	0.00740	0.01105	0.00557	0.00414	0.00415	0.00138	0.00552	0.00369	0.00185	0.00467
10	0.00862	0.00937	0.07686	0.10058	0.11716	0.01064	0.02393	0.01034	0.00735	0.01089	0.01843	0.02704	0.00701	0.00872	0.09400	0.00213	0.45621	0.00392	0.00197	0.00484
11	0.00574	0.00396	0.00531	0.00583	0.00628	0.00391	0.00404	0.00660	0.00772	0.03328	0.03495	0.52798	0.04730	0.10314	0.18042	0.00294	0.00441	0.00929	0.00343	0.00347
12	0.28713	0.00644	0.00713	0.00696	0.03435	0.00665	0.00520	0.03924	0.03307	0.18717	0.01495	0.28085	0.01456	0.00757	0.00411	0.00145	0.00316	0.05146	0.00368	0.00486
13	0.00911	0.01152	0.18527	0.19979	0.42818	0.00943	0.03545	0.01209	0.00901	0.01271	0.00829	0.04537	0.00695	0.00423	0.00416	0.00131	0.00527	0.00394	0.00202	0.00590
14	0.01045	0.04076	0.23525	0.02668	0.26008	0.03352	0.23841	0.01369	0.00959	0.07914	0.00847	0.01026	0.00636	0.00384	0.00424	0.00129	0.00579	0.00383	0.00223	0.00611
15	0.01043	0.07838	0.01575	0.01732	0.37684	0.04720	0.05388	0.01241	0.02105	0.03873	0.00727	0.00973	0.00626	0.00495	0.00713	0.00140	0.27987	0.00361	0.00210	0.00570
16	0.00711	0.00368	0.00551	0.00551	0.00557	0.00374	0.00374	0.00557	0.00551	0.00741	0.00753	0.01292	0.00747	0.01578	0.08256	0.80869	0.00421	0.00368	0.00184	0.00196
17	0.00951	0.01639	0.45314	0.02860	0.24301	0.04496	0.03804	0.05108	0.00950	0.01351	0.00782	0.00994	0.00609	0.03290	0.00475	0.00138	0.01789	0.00344	0.00201	0.00606
18	0.02702	0.07357	0.09287	0.01174	0.12764	0.11121	0.00903	0.40933	0.01456	0.04297	0.00922	0.03546	0.00718	0.00475	0.00398	0.00122	0.00500	0.00367	0.00321	0.00636
19	0.00677	0.00555	0.00820	0.02026	0.04304	0.00673	0.00622	0.01754	0.00691	0.01005	0.01004	0.01494	0.00940	0.03997	0.63317	0.00547	0.14528	0.00430	0.00217	0.00400
20	0.22958	0.32162	0.13050	0.01787	0.04311	0.02138	0.00792	0.10290	0.00970	0.07085	0.00732	0.00807	0.00570	0.00397	0.00318	0.00114	0.00439	0.00273	0.00248	0.00559
21	0.03776	0.00789	0.01480	0.09155	0.11479	0.00776	0.32065	0.01037	0.00894	0.01238	0.01333	0.27577	0.01367	0.00696	0.00482	0.00149	0.00489	0.04465	0.00272	0.00481
22	0.00635	0.00463	0.00624	0.00708	0.00804	0.00452	0.00604	0.00807	0.00944	0.01215	0.02464	0.10160	0.12724	0.01146	0.00560	0.00183	0.00351	0.64398	0.00383	0.00375
23	0.00543	0.00406	0.00547	0.00651	0.04523	0.00378	0.00424	0.00647	0.00877	0.01178	0.15495	0.61356	0.09097	0.01163	0.00515	0.00158	0.00243	0.01048	0.00389	0.00363
24	0.00716	0.00566	0.00663	0.00687	0.00793	0.00603	0.00501	0.02545	0.29163	0.01332	0.02054	0.50705	0.02179	0.01023	0.00493	0.00159	0.00282	0.04679	0.00399	0.00457
25	0.00654	0.00471	0.00648	0.00729	0.00827	0.00465	0.00630	0.00842	0.00973	0.01271	0.08787	0.04525	0.06342	0.01119	0.00563	0.00184	0.00359	0.69840	0.00389	0.00382
26	0.00962	0.01247	0.12414	0.01681	0.02125	0.01040	0.71467	0.01329	0.00968	0.01329	0.00829	0.01090	0.00617	0.00356	0.00478	0.00139	0.00690	0.00468	0.00206	0.00567
27	0.00849	0.00773	0.01246	0.77665	0.02734	0.00952	0.01124	0.07551	0.00921	0.01187	0.00759	0.01099	0.00566	0.00422	0.00415	0.00137	0.00546	0.00370	0.00203	0.00481
28	0.00513	0.00368	0.00480	0.00564	0.00594	0.00343	0.00376	0.00587	0.00805	0.01071	0.04953	0.74966	0.06223	0.05287	0.00603	0.00177	0.00246	0.01126	0.00382	0.00336
29	0.00833	0.02149	0.83250	0.01184	0.01798	0.00965	0.01535	0.01315	0.00877	0.01315	0.00745	0.00877	0.00526	0.00395	0.00395	0.00132	0.00614	0.00307	0.00175	0.00614
30	0.01113	0.01002	0.01409	0.01114	0.01417	0.01082	0.22901	0.15617	0.45915	0.01777	0.01337	0.01336	0.00995	0.00494	0.00440	0.00138	0.00453	0.00459	0.00363	0.00639
31	0.00539	0.00393	0.00530	0.00617	0.00649	0.00384	0.00437	0.00626	0.00810	0.01081	0.02224	0.72607	0.02635	0.01265	0.00561	0.00172	0.02869	0.10876	0.00379	0.00347
32	0.05391	0.00914	0.01226	0.02282	0.10081	0.03248	0.03034	0.09432	0.00965	0.20238	0.00898	0.01052	0.00692	0.00573	0.00810	0.00150	0.36289	0.00373	0.01789	0.00563
33	0.00734	0.00459	0.00603	0.00560	0.00683	0.00421	0.00433	0.00924	0.01152	0.10496	0.65115	0.03029	0.04929	0.00833	0.00485	0.00135	0.00227	0.06568	0.01790	0.00425
34	0.00491	0.00421	0.00421	0.00421	0.00561	0.00351	0.00316	0.00596	0.00947	0.01122	0.04208	0.03997	0.82643	0.01052	0.00491	0.00140	0.00210	0.00877	0.00386	0.00351
35	0.00861	0.00738	0.00861	0.00615	0.00984	0.00554	0.00492	0.01046	0.00861	0.01354	0.00738	0.00861	0.00615	0.00308	0.00308	0.00062	0.00308	0.00246	0.00246	0.87941
36	0.01111	0.85652	0.02177	0.00711	0.01066	0.01644	0.00711	0.01244	0.00844	0.00977	0.00577	0.00666	0.00533	0.00355	0.00267	0.00089	0.00444	0.00222	0.00178	0.00533
37	0.01033	0.00892	0.00939	0.00845	0.01080	0.01033	0.00657	0.02207	0.82061	0.01738	0.01691	0.01550	0.01268	0.00564	0.00423	0.00141	0.00329	0.00470	0.00423	0.00657
38	0.00547	0.00391	0.00529	0.00625	0.00667	0.00373	0.00457	0.00649	0.00836	0.01106	0.02267	0.64985	0.02658	0.01263	0.00541	0.00174	0.00276	0.20924	0.00385	0.00349
39	0.00930	0.00757	0.00904	0.00696	0.03779	0.00591	0.00532	0.03250	0.00908	0.04960	0.00786	0.00895	0.00637	0.00324	0.00319	0.00068	0.00320	0.00261	0.00261	0.78823
40	0.00997	0.00855	0.00908	0.00819	0.01043	0.00981	0.00636	0.02092	0.75529	0.01732	0.08224	0.01675	0.01482	0.00587	0.00428	0.00140	0.00318	0.00492	0.00425	0.00636
41	0.00510	0.00372	0.00475	0.00552	0.00593	0.00343	0.00372	0.00588	0.00820	0.01079	0.04988	0.69476	0.13006	0.04006	0.00576	0.00172	0.00241	0.01110	0.00383	0.00338
42	0.00986	0.30834	0.21137	0.00875	0.02303	0.09903	0.02953	0.01222	0.00974	0.03658	0.18141	0.02252	0.01314	0.00501	0.00375	0.00115	0.00467	0.01213	0.00256	0.00521
43	0.00942	0.00736	0.00870	0.00625	0.00991	0.00558	0.00502	0.01125	0.00888	0.07955	0.00811	0.00906	0.00649	0.00324	0.00317	0.00067	0.00311	0.00260	0.00268	0.80897
44	0.00931	0.01136	0.18136	0.18279	0.39860	0.00932	0.03082	0.01260	0.03571	0.02495	0.03122	0.01112	0.00739	0.00409	0.00409	0.00128	0.00510	0.00375	0.02920	0.00593
45	0.01231	0.00586	0.00758	0.00636	0.00847	0.00540	0.00507	0.02612	0.05393	0.39007	0.30511	0.02090	0.02096	0.00644	0.00434	0.00128	0.00282	0.01969	0.09176	0.00554
46	0.00979	0.39369	0.32640	0.07731	0.03488	0.01273	0.03177	0.01263	0.00860	0.02261	0.00679	0.00819	0.00545	0.00388	0.00371	0.00114	0.03014	0.00283	0.00184	0.00562
47	0.00579	0.00424	0.00543	0.00514	0.00615	0.00388	0.00385	0.00767	0.01156	0.01618	0.75682	0.03182	0.10859	0.00867	0.00490	0.00131	0.00197	0.00762	0.00451	0.00388
48	0.01130	0.01248	0.04493	0.13153	0.22887	0.23125	0.06550	0.06467	0.04486	0.01293	0.02742	0.02421	0.00736	0.00462	0.00485	0.00129	0.07034	0.00375	0.00234	0.00551
49	0.00545	0.00409	0.00507	0.00523	0.00611	0.00371	0.00383	0.00685	0.01006	0.01349	0.37968	0.25916	0.22766	0.01036	0.00505	0.00146	0.00220	0.04273	0.00417	0.00366
50	0.00992	0.01058	0.05050	0.24641	0.45182	0.07655	0.06962	0.01253	0.00933	0.01245	0.00761	0.01027	0.00612	0.00387	0.00414	0.00128	0.00551	0.00367	0.00200	0.00581
51	0.00604	0.00403	0.00453	0.00453	0.00453	0.00403	0.00252	0.00604	0.00604	0.00805	0.01309	0.02718	0.01510	0.85402	0.02114	0.00403	0.00403	0.00604	0.00252	0.00252
52	0.07344	0.00753	0.00846	0.00638	0.00965	0.00640	0.00506	0.05844	0.05423	0.02742	0.00878	0.03652	0.00750	0.03268	0.00387	0.00091	0.00320	0.00309	0.00276	0.64369

[dist]
# distance from previous block
# <min> <max>
3	7

[block]
# block no. 5 follows, 64 sequences, length 28
# corresponding to MSA columns:
# 490-517
name=unknown_F
#
# <colnr> <probs for GDERKNQSTAVLIFYWHMCP>
#	G	D	E	R	K	N	Q	S	T	A	V	L	I	F	Y	W	H	M	C	P
0	0.04605	0.05404	0.09340	0.02811	0.06481	0.38226	0.00863	0.11362	0.01170	0.07658	0.04669	0.00980	0.00759	0.00462	0.00419	0.00119	0.03531	0.00327	0.00267	0.00547
1	0.09732	0.09565	0.01473	0.07036	0.40135	0.04352	0.03284	0.05069	0.10037	0.01426	0.00865	0.02286	0.00713	0.00423	0.00402	0.00125	0.01876	0.00363	0.00243	0.00596
2	0.00827	0.02082	0.00665	0.00645	0.03364	0.00464	0.00435	0.01951	0.03480	0.05740	0.00827	0.01271	0.00764	0.01345	0.04314	0.70583	0.00393	0.00369	0.00215	0.00266
3	0.00529	0.00419	0.00476	0.00468	0.00586	0.00366	0.00349	0.00668	0.01028	0.01331	0.34646	0.07768	0.47918	0.00986	0.00493	0.00138	0.00206	0.00843	0.00414	0.00366
4	0.00887	0.01558	0.47450	0.01006	0.01439	0.02970	0.02671	0.03241	0.15351	0.03176	0.14788	0.01388	0.01249	0.00506	0.00418	0.00132	0.00489	0.00417	0.00281	0.00584
5	0.00900	0.00789	0.00904	0.00654	0.01019	0.02849	0.01760	0.03096	0.00899	0.01376	0.00744	0.00866	0.00616	0.00316	0.00315	0.00066	0.00330	0.00254	0.00249	0.82000
6	0.88336	0.00803	0.00611	0.00546	0.00803	0.00932	0.00450	0.01221	0.00707	0.01864	0.00578	0.00675	0.00450	0.00386	0.00257	0.00129	0.00321	0.00225	0.00257	0.00450
7	0.01070	0.03637	0.40298	0.01104	0.04793	0.02312	0.03933	0.07192	0.19953	0.09969	0.01075	0.01105	0.00773	0.00451	0.00406	0.00131	0.00505	0.00367	0.00288	0.00636
8	0.00626	0.00497	0.00597	0.00630	0.03767	0.00482	0.00443	0.02364	0.08356	0.01301	0.19372	0.18903	0.28298	0.06509	0.00609	0.00163	0.01312	0.04984	0.00386	0.00400
9	0.00526	0.00395	0.00555	0.00612	0.00659	0.00366	0.03399	0.00614	0.00822	0.01094	0.04991	0.75165	0.06764	0.01238	0.00525	0.00165	0.00255	0.01125	0.00381	0.00348
10	0.01299	0.01016	0.01107	0.00839	0.01172	0.02414	0.00686	0.48579	0.01505	0.02084	0.00884	0.00941	0.00666	0.00436	0.00406	0.00103	0.03061	0.00326	0.00344	0.32132
11	0.01462	0.00969	0.01072	0.00855	0.01149	0.01048	0.00695	0.44173	0.19208	0.17390	0.01291	0.01231	0.00912	0.00515	0.00409	0.00127	0.00393	0.00404	0.06021	0.00675
12	0.02461	0.01308	0.04022	0.00905	0.03256	0.39934	0.00674	0.04589	0.00997	0.05234	0.00999	0.04864	0.02274	0.21136	0.00864	0.00190	0.05175	0.00418	0.00254	0.00446
13	0.01156	0.00594	0.00766	0.00649	0.00851	0.00554	0.00511	0.04028	0.07316	0.33888	0.38770	0.05306	0.02426	0.00700	0.00455	0.00132	0.00279	0.00602	0.00473	0.00545
14	0.00954	0.00749	0.00833	0.00746	0.00947	0.00826	0.00579	0.03457	0.52192	0.05866	0.25739	0.01993	0.02033	0.00645	0.00442	0.00137	0.00293	0.00549	0.00437	0.00582
15	0.01370	0.01107	0.06804	0.00997	0.05649	0.03381	0.00809	0.51258	0.03698	0.07032	0.01095	0.03112	0.00845	0.00649	0.04065	0.01216	0.00481	0.02903	0.02891	0.00641
16	0.00805	0.00804	0.06326	0.13970	0.26701	0.00753	0.05817	0.01041	0.01731	0.01228	0.02863	0.12449	0.01349	0.04071	0.02407	0.00170	0.00472	0.16278	0.00268	0.00497
17	0.00896	0.00898	0.11207	0.01758	0.01122	0.00615	0.03324	0.01120	0.00892	0.06048	0.03200	0.04121	0.00807	0.00388	0.00346	0.00084	0.00358	0.00324	0.01410	0.61084
18	0.00861	0.00738	0.00861	0.00615	0.00984	0.00554	0.00492	0.01046	0.00861	0.01354	0.00738	0.00861	0.00615	0.00308	0.00308	0.00062	0.00308	0.00246	0.00246	0.87941
19	0.00998	0.00725	0.00878	0.00759	0.00968	0.00757	0.04188	0.10905	0.27909	0.10730	0.18305	0.08053	0.09802	0.00713	0.00456	0.00139	0.00320	0.02422	0.00422	0.00551
20	0.00535	0.00407	0.00462	0.00474	0.00556	0.00367	0.00328	0.00628	0.00886	0.01139	0.17135	0.17894	0.37024	0.19309	0.00849	0.00200	0.00255	0.00849	0.00369	0.00334
21	0.01007	0.01287	0.20307	0.03116	0.43307	0.03765	0.07152	0.03629	0.07634	0.01388	0.00847	0.01031	0.00669	0.00405	0.00437	0.00129	0.02670	0.00369	0.00222	0.00628
22	0.00517	0.00420	0.00458	0.00453	0.00578	0.00361	0.00338	0.00645	0.01002	0.01263	0.24764	0.06486	0.59250	0.01007	0.00492	0.00139	0.00208	0.00854	0.00405	0.00361
23	0.00901	0.00972	0.01979	0.01449	0.01798	0.00920	0.60566	0.01268	0.06273	0.01377	0.10229	0.01600	0.07640	0.00476	0.00486	0.00139	0.00581	0.00549	0.00265	0.00531
24	0.00885	0.04465	0.75938	0.01164	0.01746	0.06079	0.01467	0.01335	0.00895	0.01288	0.00734	0.00863	0.00527	0.00396	0.00390	0.00129	0.00617	0.00302	0.00178	0.00603
25	0.00601	0.00413	0.00505	0.00505	0.00523	0.00431	0.00317	0.00638	0.00620	0.00844	0.01261	0.02454	0.01395	0.65366	0.21993	0.00467	0.00576	0.00565	0.00245	0.00281
26	0.01012	0.38949	0.31573	0.01127	0.11685	0.03524	0.01079	0.02985	0.00898	0.01182	0.00688	0.00834	0.00567	0.01847	0.00370	0.00115	0.00520	0.00283	0.00188	0.00576
27	0.00976	0.10381	0.21260	0.11740	0.06157	0.05980	0.01959	0.09711	0.05611	0.01344	0.00992	0.08117	0.02547	0.00527	0.00474	0.00130	0.07095	0.00413	0.00247	0.04342

[dist]
# distance from previous block
# <min> <max>
3	6

[block]
# block no. 6 follows, 64 sequences, length 34
# corresponding to MSA columns:
# 528-561
name=unknown_G
#
# <colnr> <probs for GDERKNQSTAVLIFYWHMCP>
#	G	D	E	R	K	N	Q	S	T	A	V	L	I	F	Y	W	H	M	C	P
0	0.07709	0.10172	0.06567	0.03310	0.01730	0.06625	0.41435	0.10854	0.03706	0.02689	0.00830	0.01003	0.00628	0.00390	0.00422	0.00129	0.00593	0.00398	0.00244	0.00567
1	0.00599	0.00526	0.03473	0.02489	0.10351	0.00469	0.03176	0.00718	0.00822	0.01112	0.01984	0.68114	0.02317	0.01114	0.00508	0.00161	0.00304	0.01019	0.00348	0.00394
2	0.00593	0.00445	0.00668	0.00668	0.00742	0.00519	0.00519	0.00742	0.00668	0.00964	0.01113	0.01632	0.01038	0.03115	0.83756	0.00668	0.01113	0.00445	0.00223	0.00371
3	0.01092	0.00913	0.00963	0.00848	0.01091	0.01049	0.00665	0.11532	0.70757	0.01837	0.01601	0.01484	0.01197	0.00554	0.00419	0.00138	0.00341	0.00456	0.02407	0.00657
4	0.00594	0.00430	0.00523	0.00498	0.00615	0.00384	0.00374	0.00757	0.01093	0.03982	0.52900	0.05483	0.29008	0.00916	0.00489	0.00135	0.00207	0.00792	0.00434	0.00387
5	0.00513	0.00369	0.00487	0.00568	0.00603	0.00343	0.00384	0.00598	0.00836	0.01119	0.09811	0.74711	0.05619	0.01251	0.00525	0.00164	0.00236	0.01130	0.00392	0.00343
6	0.00523	0.00410	0.00475	0.00495	0.00596	0.00362	0.00363	0.00644	0.00962	0.01234	0.21217	0.23367	0.42687	0.01070	0.00503	0.00147	0.00221	0.03965	0.00402	0.00358
7	0.00578	0.00422	0.00543	0.00517	0.00616	0.00387	0.00386	0.00763	0.01146	0.01606	0.74201	0.05915	0.09606	0.00879	0.00491	0.00133	0.00199	0.00775	0.00450	0.00387
8	0.01472	0.17072	0.01357	0.01005	0.01245	0.68928	0.00786	0.01584	0.01117	0.01009	0.00630	0.00734	0.00535	0.00415	0.00355	0.00104	0.00694	0.00259	0.00207	0.00491
9	0.00861	0.00738	0.00861	0.00615	0.00984	0.00554	0.00492	0.01046	0.00861	0.01354	0.00738	0.00861	0.00615	0.00308	0.00308	0.00062	0.00308	0.00246	0.00246	0.87941
10	0.01111	0.85652	0.02177	0.00711	0.01066	0.01644	0.00711	0.01244	0.00844	0.00977	0.00577	0.00666	0.00533	0.00355	0.00267	0.00089	0.00444	0.00222	0.00178	0.00533
11	0.00871	0.01177	0.25238	0.00874	0.01183	0.03578	0.00858	0.01542	0.33833	0.01522	0.17018	0.01669	0.02874	0.00714	0.05062	0.00164	0.00443	0.00475	0.00337	0.00566
12	0.00852	0.00728	0.00851	0.00612	0.00972	0.00548	0.00489	0.01037	0.00872	0.01364	0.03439	0.00935	0.00724	0.00325	0.00314	0.00064	0.00304	0.00263	0.00253	0.85053
13	0.01101	0.69333	0.03638	0.00753	0.01074	0.07856	0.00725	0.01242	0.00880	0.01026	0.05146	0.00822	0.00722	0.00404	0.00334	0.00097	0.03866	0.00262	0.00196	0.00520
14	0.00537	0.00398	0.00509	0.00563	0.00628	0.00360	0.00392	0.00636	0.00860	0.01153	0.11015	0.61063	0.11096	0.01167	0.00511	0.00156	0.00240	0.03111	0.00385	0.05218
15	0.01107	0.05283	0.34500	0.01993	0.07469	0.01892	0.01036	0.04310	0.07383	0.19085	0.02676	0.03601	0.03895	0.00499	0.00407	0.00129	0.00471	0.01337	0.00302	0.02624
16	0.01336	0.01309	0.01119	0.05640	0.04029	0.34721	0.02574	0.08501	0.19220	0.10135	0.04356	0.01174	0.00922	0.00552	0.02463	0.00136	0.00554	0.00376	0.00318	0.00564
17	0.01257	0.50385	0.06320	0.00869	0.01187	0.31650	0.00790	0.01400	0.00968	0.01010	0.00610	0.00708	0.00533	0.00384	0.00313	0.00098	0.00565	0.00243	0.00191	0.00519
18	0.06672	0.01087	0.01146	0.00909	0.01217	0.01215	0.00742	0.60607	0.18066	0.02395	0.01112	0.01090	0.00804	0.00505	0.00407	0.00128	0.00423	0.00384	0.00407	0.00681
19	0.00601	0.00413	0.00504	0.00504	0.00522	0.00431	0.00316	0.00637	0.00619	0.00843	0.01262	0.02458	0.01397	0.65731	0.21631	0.00466	0.00572	0.00566	0.00245	0.00280
20	0.06029	0.00999	0.01331	0.05430	0.35374	0.02668	0.00963	0.25460	0.08751	0.01765	0.00932	0.01073	0.00728	0.00529	0.03168	0.00144	0.01818	0.00373	0.01835	0.00631
21	0.01033	0.00892	0.00939	0.00845	0.01080	0.01033	0.00657	0.02207	0.82061	0.01738	0.01691	0.01550	0.01268	0.00564	0.00423	0.00141	0.00329	0.00470	0.00423	0.00657
22	0.01138	0.00916	0.01026	0.00958	0.06577	0.01030	0.00708	0.17909	0.51914	0.04014	0.03678	0.01436	0.01164	0.00575	0.01443	0.00141	0.01377	0.00446	0.02904	0.00648
23	0.00514	0.00367	0.00490	0.00579	0.00609	0.00343	0.00392	0.00595	0.00820	0.01098	0.06754	0.78968	0.02805	0.01273	0.00529	0.00167	0.00241	0.02725	0.00390	0.00341
24	0.01081	0.01051	0.01313	0.01109	0.03365	0.15458	0.14693	0.04425	0.02487	0.05323	0.00881	0.04588	0.00758	0.00574	0.00753	0.00144	0.30807	0.00411	0.10282	0.00497
25	0.00638	0.00411	0.00595	0.00595	0.00634	0.00450	0.00429	0.00655	0.00616	0.00861	0.01010	0.01662	0.00999	0.14168	0.44884	0.29687	0.00762	0.00439	0.00213	0.00291
26	0.66412	0.00771	0.00686	0.00586	0.00854	0.00845	0.00483	0.01398	0.00821	0.20420	0.00840	0.00865	0.00597	0.00417	0.00295	0.00128	0.00326	0.00273	0.02476	0.00507
27	0.00516	0.00370	0.00489	0.00568	0.00604	0.00344	0.00385	0.00603	0.00844	0.01134	0.11983	0.73545	0.04588	0.01242	0.00524	0.00164	0.00235	0.01123	0.00394	0.00344
28	0.01185	0.00835	0.01129	0.02136	0.16138	0.00882	0.03600	0.11987	0.17590	0.17552	0.10396	0.01509	0.01260	0.00548	0.00488	0.00133	0.06108	0.01547	0.04368	0.00608
29	0.01480	0.15520	0.01339	0.01012	0.01249	0.70451	0.00788	0.01592	0.01123	0.01010	0.00632	0.00736	0.00535	0.00416	0.00357	0.00104	0.00700	0.00260	0.00208	0.00490
30	0.00543	0.00411	0.00501	0.00504	0.00599	0.00369	0.00368	0.00687	0.01031	0.01383	0.43232	0.19979	0.26879	0.01001	0.00498	0.00141	0.00209	0.00875	0.00422	0.00369
31	0.00982	0.00964	0.05666	0.02650	0.36853	0.01992	0.04255	0.04036	0.01922	0.02604	0.00825	0.02611	0.00687	0.00377	0.00379	0.00103	0.00436	0.00343	0.00237	0.32078
32	0.00515	0.00387	0.00477	0.00529	0.00594	0.00349	0.00368	0.00614	0.00893	0.01169	0.15080	0.51541	0.23639	0.01167	0.00514	0.00155	0.00226	0.01036	0.00397	0.00349
33	0.05443	0.12674	0.01311	0.00955	0.03739	0.14681	0.00764	0.42351	0.07905	0.04831	0.00934	0.00957	0.00698	0.00464	0.00382	0.00118	0.00484	0.00338	0.00341	0.00629

[dist]
# distance from previous block
# <min> <max>
0	1

[block]
# block no. 7 follows, 64 sequences, length 9
# corresponding to MSA columns:
# 563-571
name=unknown_H
#
# <colnr> <probs for GDERKNQSTAVLIFYWHMCP>
#	G	D	E	R	K	N	Q	S	T	A	V	L	I	F	Y	W	H	M	C	P
0	0.01076	0.01158	0.00889	0.00826	0.00971	0.37201	0.00618	0.06426	0.01022	0.01147	0.07997	0.06321	0.01187	0.09151	0.21871	0.00285	0.00713	0.00446	0.00264	0.00430
1	0.01172	0.08495	0.02914	0.00836	0.01055	0.30930	0.00667	0.09131	0.10437	0.04266	0.16851	0.04765	0.05585	0.00593	0.00411	0.00121	0.00476	0.00463	0.00326	0.00509
2	0.01120	0.57903	0.11947	0.00902	0.01277	0.11623	0.07758	0.01311	0.00901	0.01054	0.00628	0.00741	0.00541	0.00369	0.00315	0.00101	0.00524	0.00261	0.00185	0.00539
3	0.01247	0.01425	0.01009	0.00886	0.01107	0.48513	0.00677	0.05168	0.01088	0.01178	0.01051	0.01155	0.08273	0.00587	0.03632	0.00127	0.03693	0.00341	0.03736	0.15108
4	0.00763	0.00618	0.02416	0.00686	0.03057	0.00610	0.00506	0.05511	0.20181	0.02844	0.09735	0.19514	0.17545	0.07887	0.00603	0.00165	0.00296	0.03133	0.03473	0.00458
5	0.00528	0.00419	0.00474	0.00468	0.00586	0.00365	0.00348	0.00665	0.01022	0.01320	0.33127	0.08552	0.48670	0.00992	0.00493	0.00138	0.00207	0.00848	0.00412	0.00365
6	0.06438	0.54216	0.01815	0.00926	0.08115	0.07262	0.00764	0.05915	0.04059	0.01192	0.00665	0.00771	0.00578	0.00402	0.00365	0.00105	0.05392	0.00265	0.00211	0.00545
7	0.01112	0.00680	0.00822	0.00663	0.00923	0.00612	0.00523	0.05157	0.09238	0.23846	0.07323	0.03337	0.04951	0.07912	0.01893	0.00145	0.00339	0.02651	0.00374	0.27499
8	0.04426	0.09121	0.13438	0.19072	0.15169	0.00972	0.04147	0.08410	0.02991	0.09751	0.00970	0.06549	0.00789	0.00473	0.00400	0.00128	0.00480	0.00404	0.00264	0.02044

[dist]
# distance from previous block
# <min> <max>
2	11

[block]
# block no. 8 follows, 64 sequences, length 31
# corresponding to MSA columns:
# 584-597,599-615
name=unknown_I
#
# <colnr> <probs for GDERKNQSTAVLIFYWHMCP>
#	G	D	E	R	K	N	Q	S	T	A	V	L	I	F	Y	W	H	M	C	P
0	0.00726	0.00959	0.21584	0.00793	0.02790	0.00659	0.02142	0.01140	0.14599	0.01449	0.25370	0.07130	0.15187	0.00717	0.00450	0.00135	0.00344	0.00615	0.02721	0.00491
1	0.00538	0.00388	0.00471	0.00523	0.00564	0.00364	0.00347	0.00602	0.00779	0.01015	0.03409	0.44409	0.15978	0.24592	0.00964	0.00229	0.00285	0.03874	0.00349	0.00318
2	0.01121	0.00689	0.01046	0.01004	0.11994	0.00644	0.09042	0.01348	0.03839	0.28362	0.18937	0.02106	0.12340	0.00639	0.00465	0.00133	0.01581	0.02407	0.01751	0.00553
3	0.02157	0.28195	0.23797	0.01046	0.06805	0.02524	0.04718	0.12753	0.01031	0.02339	0.00738	0.00849	0.00582	0.00391	0.00366	0.00110	0.01744	0.00297	0.00227	0.09331
4	0.00594	0.00444	0.00662	0.00662	0.00735	0.00516	0.00513	0.00738	0.00666	0.00960	0.01118	0.01659	0.01050	0.05174	0.81714	0.00661	0.01095	0.00449	0.00223	0.00368
5	0.00639	0.00663	0.09402	0.00729	0.00880	0.00521	0.06087	0.03071	0.04574	0.01270	0.13239	0.46464	0.07812	0.01003	0.00497	0.00153	0.00315	0.01900	0.00364	0.00416
6	0.00938	0.00736	0.00869	0.00625	0.00990	0.00558	0.00501	0.01120	0.00886	0.07579	0.00807	0.00903	0.00647	0.00323	0.00316	0.00067	0.00311	0.00259	0.00267	0.81298
7	0.00819	0.00644	0.00770	0.00619	0.00889	0.00516	0.00475	0.03195	0.00885	0.04326	0.01211	0.24347	0.01227	0.00597	0.00377	0.00096	0.00295	0.00516	0.00300	0.57897
8	0.00724	0.00568	0.00673	0.00629	0.00767	0.00590	0.00479	0.01218	0.26198	0.01658	0.53098	0.05696	0.03027	0.00783	0.00472	0.00136	0.00242	0.02127	0.00443	0.00472
