[name]
unknown

[dist]
# distance from previous block
# <min> <max>
0	84

[block]
# block no. 0 follows, 59 sequences, length 13
# corresponding to MSA columns:
# 84-96
name=unknown_A
#
# <colnr> <probs for GDERKNQSTAVLIFYWHMCP>
#	G	D	E	R	K	N	Q	S	T	A	V	L	I	F	Y	W	H	M	C	P
0	0.02940	0.09739	0.08545	0.03565	0.16539	0.14869	0.00954	0.11734	0.05526	0.03558	0.03986	0.01625	0.01070	0.00569	0.00436	0.00136	0.00525	0.11018	0.00301	0.02366
1	0.01508	0.23517	0.01559	0.00957	0.01293	0.12512	0.00811	0.43985	0.06339	0.02033	0.00934	0.00966	0.00713	0.00484	0.00394	0.00121	0.00516	0.00345	0.00346	0.00667
2	0.00554	0.00409	0.00518	0.00575	0.00637	0.00373	0.00399	0.00664	0.00956	0.01272	0.19248	0.54182	0.16112	0.01240	0.00548	0.00166	0.00241	0.01107	0.00426	0.00373
3	0.04291	0.00920	0.00968	0.00886	0.04266	0.06446	0.00664	0.08101	0.33472	0.14889	0.04862	0.04229	0.09248	0.00639	0.00446	0.00140	0.00378	0.00524	0.01970	0.02661
4	0.01169	0.22543	0.27582	0.02540	0.01606	0.04524	0.10147	0.16634	0.03055	0.01557	0.00822	0.00948	0.00631	0.00446	0.00444	0.00130	0.03999	0.00346	0.00249	0.00629
5	0.01000	0.00554	0.00749	0.00714	0.00852	0.00521	0.02430	0.04367	0.03835	0.22098	0.02067	0.50898	0.02156	0.01087	0.00573	0.03933	0.00317	0.00928	0.00434	0.00487
6	0.00598	0.00422	0.00500	0.00523	0.00561	0.00402	0.00333	0.00659	0.00819	0.01087	0.12386	0.24799	0.11860	0.41528	0.01369	0.00291	0.00329	0.00861	0.00351	0.00324
7	0.03227	0.06821	0.09010	0.06698	0.28271	0.03602	0.02705	0.22976	0.04316	0.05156	0.00935	0.01069	0.00714	0.00458	0.00444	0.00133	0.02115	0.00380	0.00297	0.00673
8	0.07253	0.08963	0.05876	0.09181	0.24289	0.04870	0.22691	0.08948	0.01087	0.01517	0.00822	0.01041	0.00645	0.00409	0.00432	0.00134	0.00588	0.00395	0.00239	0.00618
9	0.00544	0.00390	0.00508	0.00600	0.00629	0.00364	0.00398	0.00617	0.00840	0.01113	0.02457	0.75709	0.06220	0.06527	0.00666	0.00194	0.00266	0.01204	0.00401	0.00354
10	0.04950	0.12149	0.08130	0.02490	0.06506	0.38946	0.02654	0.05921	0.01159	0.05327	0.04268	0.00992	0.00768	0.00474	0.00433	0.00123	0.03556	0.00334	0.00258	0.00563
11	0.00605	0.00444	0.00558	0.00548	0.00645	0.00408	0.00403	0.00773	0.01130	0.01553	0.55179	0.11374	0.15239	0.06176	0.00635	0.00164	0.00235	0.03082	0.00452	0.00395
12	0.03632	0.03588	0.02763	0.01229	0.08351	0.01088	0.14871	0.21959	0.07750	0.08424	0.01134	0.05454	0.00935	0.04405	0.03404	0.00178	0.09406	0.00477	0.00334	0.00618

[dist]
# distance from previous block
# <min> <max>
6	9

[block]
# block no. 1 follows, 59 sequences, length 11
# corresponding to MSA columns:
# 112-122
name=unknown_B
#
# <colnr> <probs for GDERKNQSTAVLIFYWHMCP>
#	G	D	E	R	K	N	Q	S	T	A	V	L	I	F	Y	W	H	M	C	P
0	0.05168	0.04982	0.22077	0.05241	0.14990	0.01079	0.21901	0.05397	0.02975	0.08062	0.00918	0.01089	0.00682	0.00433	0.00472	0.00140	0.03101	0.00403	0.00255	0.00635
1	0.00950	0.00560	0.00691	0.00616	0.00794	0.00518	0.00476	0.01215	0.08111	0.19904	0.37299	0.05461	0.19922	0.00857	0.00499	0.00143	0.00264	0.00735	0.00478	0.00506
2	0.00940	0.00766	0.10283	0.00770	0.00974	0.00611	0.03379	0.04024	0.00948	0.16046	0.03456	0.15052	0.07760	0.12355	0.20256	0.00319	0.00589	0.00639	0.00346	0.00487
3	0.01208	0.11458	0.18317	0.01363	0.12700	0.05230	0.13014	0.10747	0.08804	0.08317	0.01008	0.01120	0.00759	0.00549	0.03347	0.00153	0.00581	0.00392	0.00286	0.00648
4	0.01058	0.00803	0.00933	0.00893	0.05789	0.03704	0.02322	0.04521	0.31231	0.09915	0.13825	0.05590	0.05107	0.05640	0.02494	0.00172	0.00379	0.00577	0.04468	0.00580
5	0.07253	0.00750	0.00863	0.00802	0.06185	0.00778	0.00590	0.19739	0.02842	0.16236	0.01307	0.01387	0.00966	0.00613	0.03379	0.00143	0.00370	0.00405	0.34813	0.00580
6	0.00742	0.00590	0.00892	0.00939	0.08630	0.00605	0.06465	0.04924	0.00919	0.01283	0.04351	0.24996	0.05042	0.03972	0.26516	0.00338	0.00625	0.02340	0.05387	0.00445
7	0.01050	0.10008	0.24211	0.12538	0.17941	0.06125	0.15438	0.03392	0.02649	0.01363	0.00820	0.01030	0.00634	0.00413	0.00430	0.00135	0.00615	0.00377	0.00215	0.00616
8	0.00735	0.00530	0.00683	0.00744	0.04801	0.00524	0.00516	0.02922	0.06165	0.05967	0.02436	0.34417	0.18220	0.02895	0.13292	0.00253	0.00434	0.03645	0.00382	0.00440
9	0.00561	0.00509	0.05287	0.00623	0.00709	0.00403	0.00470	0.00677	0.00900	0.01191	0.07295	0.61990	0.15233	0.01257	0.00546	0.00170	0.00272	0.01123	0.00401	0.00382
10	0.03184	0.11169	0.10725	0.01366	0.18917	0.06006	0.03715	0.22214	0.03834	0.08822	0.01041	0.05212	0.00834	0.00503	0.00423	0.00131	0.00511	0.00414	0.00318	0.00660

[dist]
# distance from previous block
# <min> <max>
1	4

[block]
# block no. 2 follows, 59 sequences, length 30
# corresponding to MSA columns:
# 127-156
name=unknown_C
#
# <colnr> <probs for GDERKNQSTAVLIFYWHMCP>
#	G	D	E	R	K	N	Q	S	T	A	V	L	I	F	Y	W	H	M	C	P
0	0.05308	0.09290	0.04267	0.01030	0.12734	0.06653	0.02549	0.05258	0.06671	0.03461	0.07150	0.01450	0.02393	0.00712	0.06076	0.00164	0.02409	0.00420	0.21463	0.00539
1	0.01060	0.04250	0.10989	0.00926	0.02788	0.04886	0.07029	0.13814	0.03173	0.04665	0.02268	0.04962	0.04227	0.12664	0.02260	0.00175	0.00483	0.00463	0.00304	0.18615
2	0.10747	0.21051	0.08070	0.01942	0.06004	0.20643	0.01704	0.04029	0.03574	0.01333	0.05161	0.03511	0.00902	0.03820	0.00516	0.00138	0.05696	0.00369	0.00252	0.00538
3	0.01119	0.31865	0.09072	0.02998	0.06547	0.07518	0.00828	0.01320	0.00956	0.04731	0.02485	0.00928	0.00700	0.00409	0.00383	0.00102	0.03329	0.00296	0.00236	0.24177
4	0.11078	0.00900	0.11647	0.05447	0.05157	0.01664	0.00751	0.03606	0.04487	0.10106	0.07166	0.21089	0.03923	0.03145	0.00553	0.00158	0.04499	0.00630	0.02204	0.01792
5	0.04500	0.11520	0.11547	0.05464	0.16234	0.05456	0.04202	0.07067	0.02581	0.12813	0.03105	0.03382	0.02348	0.00493	0.00414	0.00128	0.00492	0.01390	0.00300	0.06563
6	0.01277	0.00662	0.00823	0.00690	0.00922	0.00620	0.00547	0.06691	0.06929	0.34991	0.21208	0.02444	0.14344	0.04047	0.00548	0.00152	0.00320	0.01715	0.00484	0.00585
7	0.00740	0.00566	0.00819	0.04885	0.04176	0.00563	0.06244	0.05302	0.00920	0.02672	0.01906	0.37310	0.04319	0.19543	0.00916	0.00227	0.00384	0.07747	0.00351	0.00410
8	0.03293	0.05544	0.04775	0.24123	0.33699	0.01096	0.10879	0.01303	0.02854	0.01329	0.00813	0.01096	0.00655	0.00435	0.00505	0.00141	0.06249	0.00396	0.00216	0.00601
9	0.01235	0.04434	0.01433	0.03104	0.12470	0.16746	0.11892	0.04080	0.03343	0.11816	0.01202	0.05989	0.04846	0.00662	0.02565	0.01465	0.11387	0.00470	0.00293	0.00569
10	0.03366	0.00503	0.00591	0.00607	0.03743	0.00504	0.00426	0.02237	0.04052	0.04650	0.08521	0.05357	0.08757	0.03291	0.05137	0.08971	0.00321	0.00533	0.38010	0.00422
11	0.00597	0.00418	0.00523	0.00577	0.00638	0.00384	0.00396	0.00688	0.00899	0.03473	0.08520	0.51667	0.16635	0.09858	0.00725	0.00196	0.00271	0.02762	0.00405	0.00368
12	0.04995	0.00618	0.00756	0.07883	0.00981	0.04001	0.03709	0.00966	0.04174	0.01579	0.46663	0.02907	0.17435	0.00826	0.00494	0.00141	0.00303	0.00716	0.00414	0.00440
13	0.01684	0.05148	0.07850	0.05339	0.01354	0.00940	0.00813	0.20476	0.04536	0.45125	0.01398	0.01300	0.00925	0.00520	0.00434	0.00135	0.00440	0.00413	0.00452	0.00718
14	0.00708	0.00463	0.00597	0.00642	0.00718	0.00441	0.00454	0.04659	0.00955	0.06928	0.04980	0.62930	0.05844	0.01306	0.03306	0.00189	0.00306	0.02535	0.01629	0.00411
15	0.00537	0.00443	0.00472	0.00476	0.00609	0.00378	0.00353	0.00659	0.01026	0.01265	0.14622	0.10698	0.64713	0.01111	0.00525	0.00150	0.00224	0.00941	0.00420	0.00378
16	0.01246	0.08215	0.01673	0.01731	0.31021	0.23169	0.09929	0.04546	0.01080	0.01331	0.00777	0.00993	0.00652	0.01358	0.00501	0.00129	0.05783	0.00361	0.00229	0.05275
17	0.00945	0.00982	0.09694	0.01113	0.01379	0.00865	0.21693	0.14608	0.03041	0.01546	0.01514	0.29403	0.01536	0.00807	0.00547	0.00159	0.03767	0.04137	0.01729	0.00535
18	0.05770	0.60111	0.21703	0.00869	0.01308	0.01531	0.00954	0.01340	0.00898	0.01178	0.00658	0.00764	0.00560	0.00390	0.00316	0.00108	0.00509	0.00258	0.00193	0.00583
19	0.01055	0.01013	0.01733	0.10221	0.40786	0.03364	0.18642	0.03787	0.01020	0.02725	0.00958	0.04026	0.00821	0.04974	0.00554	0.00153	0.00561	0.00462	0.02532	0.00610
20	0.00631	0.00471	0.00701	0.00701	0.00777	0.00547	0.00541	0.00783	0.00707	0.01019	0.01191	0.01779	0.01123	0.06422	0.79645	0.00699	0.01154	0.00480	0.00238	0.00389
21	0.01085	0.08542	0.13729	0.01300	0.09144	0.04832	0.16577	0.10024	0.01062	0.04519	0.00995	0.06641	0.00856	0.00818	0.09193	0.00200	0.07301	0.00455	0.00263	0.02466
22	0.01134	0.03038	0.04625	0.07735	0.22703	0.04606	0.14865	0.04563	0.08530	0.09878	0.01165	0.07370	0.00986	0.05051	0.00569	0.00157	0.01624	0.00497	0.00297	0.00609
23	0.08039	0.00742	0.00926	0.00741	0.01039	0.00686	0.00603	0.06874	0.02959	0.56281	0.01913	0.05771	0.08969	0.00633	0.00443	0.00140	0.00357	0.00514	0.01701	0.00669
24	0.03279	0.02571	0.08824	0.01953	0.00885	0.02379	0.00600	0.01711	0.02225	0.02534	0.03025	0.28706	0.09342	0.04767	0.07198	0.06721	0.03221	0.03715	0.04601	0.01742
25	0.02395	0.13705	0.12673	0.07444	0.19536	0.05250	0.10724	0.03452	0.05176	0.02259	0.00940	0.01208	0.01719	0.05112	0.04601	0.00177	0.02406	0.00398	0.00237	0.00587
26	0.00708	0.00459	0.00595	0.00608	0.00699	0.00432	0.00440	0.00852	0.02475	0.07948	0.22878	0.35140	0.09781	0.05620	0.05205	0.01628	0.00320	0.03383	0.00421	0.00410
27	0.00577	0.00436	0.00534	0.00576	0.00630	0.00421	0.00396	0.00657	0.00862	0.01124	0.06041	0.42786	0.21324	0.15689	0.00882	0.00215	0.03786	0.02329	0.00379	0.00355
28	0.02539	0.03744	0.05082	0.06440	0.25821	0.07507	0.10551	0.09099	0.08705	0.04971	0.05337	0.02876	0.00975	0.00501	0.00486	0.00138	0.03870	0.00441	0.00292	0.00627
29	0.01035	0.06123	0.14431	0.07547	0.30232	0.07259	0.13539	0.01344	0.02927	0.01335	0.00953	0.07676	0.00838	0.00494	0.00468	0.00139	0.02365	0.00457	0.00232	0.00607

[dist]
# distance from previous block
# <min> <max>
3	16

[block]
# block no. 3 follows, 59 sequences, length 26
# corresponding to MSA columns:
# 174-199
name=unknown_D
#
# <colnr> <probs for GDERKNQSTAVLIFYWHMCP>
#	G	D	E	R	K	N	Q	S	T	A	V	L	I	F	Y	W	H	M	C	P
0	0.11411	0.12142	0.10712	0.03346	0.07718	0.08893	0.02780	0.09789	0.04839	0.05146	0.02463	0.01365	0.08640	0.00665	0.04770	0.00159	0.00518	0.00405	0.00293	0.03946
1	0.05466	0.04762	0.15411	0.03819	0.07132	0.02827	0.07790	0.16639	0.01186	0.05725	0.04163	0.03811	0.05506	0.01907	0.00512	0.00146	0.03604	0.05645	0.00314	0.03634
2	0.00624	0.00444	0.00545	0.00581	0.00616	0.00447	0.00379	0.00748	0.05459	0.01072	0.04520	0.36961	0.02193	0.35849	0.07271	0.00318	0.00399	0.00885	0.00343	0.00346
3	0.05674	0.00739	0.05259	0.02476	0.03660	0.00655	0.00622	0.06517	0.02435	0.12020	0.14776	0.16177	0.10656	0.00881	0.03469	0.00162	0.02602	0.01484	0.00385	0.09353
4	0.03786	0.00449	0.00564	0.00624	0.00690	0.00432	0.00436	0.00791	0.03881	0.04474	0.06989	0.61821	0.05603	0.03919	0.00596	0.00180	0.00274	0.03684	0.00412	0.00394
5	0.00810	0.01800	0.60780	0.01100	0.01595	0.00880	0.01328	0.01218	0.00885	0.01306	0.01019	0.08989	0.00887	0.03015	0.12231	0.00232	0.00685	0.00443	0.00217	0.00578
6	0.01022	0.01000	0.09469	0.12233	0.31874	0.03509	0.01039	0.01297	0.02831	0.09334	0.09600	0.03573	0.08460	0.00624	0.02106	0.00150	0.00483	0.00502	0.00300	0.00594
7	0.07317	0.00635	0.00879	0.00771	0.00967	0.00598	0.06599	0.03403	0.02426	0.26975	0.07203	0.35108	0.03470	0.00898	0.00493	0.00155	0.00342	0.00797	0.00436	0.00531
8	0.00631	0.00473	0.00710	0.00710	0.00789	0.00552	0.00552	0.00789	0.00710	0.01025	0.01183	0.01735	0.01104	0.03312	0.82728	0.00710	0.01183	0.00473	0.00237	0.00394
9	0.00757	0.00553	0.00680	0.00701	0.06089	0.00515	0.00487	0.01014	0.07708	0.07658	0.32549	0.03261	0.34535	0.00903	0.00504	0.00143	0.00260	0.00774	0.00439	0.00467
10	0.00723	0.00537	0.00734	0.00753	0.03695	0.00595	0.00540	0.06057	0.00826	0.01170	0.01357	0.09115	0.02643	0.14653	0.48957	0.00519	0.02398	0.00563	0.03755	0.00409
11	0.00662	0.00511	0.00782	0.00843	0.06159	0.00585	0.00605	0.00826	0.00729	0.01053	0.01160	0.01692	0.01077	0.03119	0.77268	0.00671	0.01139	0.00468	0.00235	0.00415
12	0.01077	0.01033	0.01764	0.07706	0.76854	0.01045	0.01347	0.01341	0.00998	0.01423	0.00828	0.01098	0.00693	0.00396	0.00438	0.00132	0.00529	0.00393	0.00217	0.00687
13	0.00717	0.00604	0.00698	0.00704	0.00808	0.05022	0.03040	0.03277	0.09611	0.01331	0.10146	0.49884	0.10205	0.01117	0.00529	0.00163	0.00311	0.00995	0.00407	0.00430
14	0.53904	0.03241	0.03936	0.00793	0.01069	0.26685	0.00652	0.02792	0.00941	0.01669	0.00650	0.00756	0.00516	0.00426	0.00321	0.00129	0.00502	0.00259	0.00257	0.00502
15	0.01076	0.13120	0.02750	0.05418	0.24016	0.06504	0.05433	0.10607	0.01077	0.01417	0.01081	0.10727	0.01025	0.00787	0.06422	0.00180	0.03720	0.03795	0.00270	0.00576
16	0.01134	0.07640	0.10573	0.02046	0.05431	0.03745	0.02800	0.14890	0.08470	0.08322	0.12717	0.04319	0.04866	0.02030	0.00560	0.00144	0.07462	0.00499	0.00351	0.02000
17	0.01160	0.14702	0.15831	0.03734	0.27842	0.04040	0.02929	0.02922	0.02956	0.09772	0.00938	0.02978	0.00750	0.00445	0.00418	0.00126	0.01433	0.00375	0.00259	0.06389
18	0.01080	0.03400	0.34609	0.04037	0.16556	0.06703	0.02404	0.09485	0.01092	0.05060	0.01033	0.09326	0.00877	0.00531	0.00437	0.00138	0.00558	0.00446	0.01601	0.00625
19	0.00627	0.00447	0.00529	0.00562	0.00597	0.00443	0.00358	0.00749	0.06077	0.01062	0.03701	0.34627	0.05398	0.41252	0.01363	0.00295	0.00343	0.00888	0.00346	0.00339
20	0.02485	0.04566	0.26253	0.04895	0.05521	0.04760	0.01877	0.02589	0.10808	0.11437	0.04156	0.05303	0.05743	0.02425	0.02430	0.00161	0.03213	0.00472	0.00310	0.00595
21	0.01153	0.05941	0.13149	0.08614	0.29546	0.01091	0.09440	0.10163	0.07298	0.06445	0.02294	0.01166	0.00796	0.00447	0.00438	0.00136	0.00536	0.00407	0.00278	0.00661
22	0.00733	0.03948	0.05694	0.00668	0.00792	0.00509	0.00528	0.00875	0.00970	0.08209	0.17793	0.48937	0.05030	0.01099	0.00539	0.00161	0.01697	0.00974	0.00410	0.00433
23	0.00756	0.00516	0.00715	0.03761	0.00838	0.00558	0.00526	0.04022	0.00871	0.05085	0.13032	0.10312	0.01711	0.10416	0.34928	0.08004	0.02636	0.00600	0.00311	0.00401
24	0.01187	0.16450	0.25233	0.03527	0.11173	0.07286	0.03854	0.10200	0.02390	0.06533	0.00858	0.00993	0.00660	0.00499	0.01640	0.00140	0.06151	0.00348	0.00252	0.00629
25	0.03303	0.07028	0.10955	0.04804	0.07096	0.03765	0.09264	0.14593	0.11306	0.07237	0.08174	0.01492	0.02290	0.06091	0.00559	0.00155	0.00490	0.00458	0.00332	0.00607

[dist]
# distance from previous block
# <min> <max>
1	18

[block]
# block no. 4 follows, 59 sequences, length 34
# corresponding to MSA columns:
# 220-253
name=unknown_E
#
# <colnr> <probs for GDERKNQSTAVLIFYWHMCP>
#	G	D	E	R	K	N	Q	S	T	A	V	L	I	F	Y	W	H	M	C	P
0	0.08483	0.08296	0.06412	0.01748	0.01253	0.04042	0.11307	0.09407	0.08708	0.12039	0.05730	0.02730	0.05515	0.04499	0.03665	0.00169	0.00485	0.00467	0.01326	0.03722
1	0.03094	0.03194	0.12417	0.02832	0.08016	0.04775	0.07628	0.11027	0.04222	0.03530	0.07638	0.18949	0.03664	0.00712	0.00480	0.00144	0.01452	0.01898	0.00331	0.03996
2	0.04382	0.07962	0.07089	0.03111	0.07347	0.17799	0.08226	0.09870	0.02615	0.07105	0.03232	0.11898	0.04368	0.02466	0.00480	0.00142	0.00527	0.00514	0.00309	0.00560
3	0.00877	0.00854	0.03212	0.57219	0.09083	0.02716	0.01104	0.03002	0.05367	0.01262	0.03480	0.01496	0.07473	0.00518	0.00449	0.00145	0.00533	0.00451	0.00244	0.00518
4	0.50453	0.00844	0.00927	0.04111	0.01127	0.00885	0.06131	0.01502	0.00918	0.22049	0.00937	0.00981	0.00663	0.00437	0.00344	0.00133	0.00388	0.00318	0.00335	0.06515
5	0.03070	0.00425	0.00515	0.00562	0.00626	0.00398	0.00387	0.00672	0.00894	0.01202	0.11597	0.44057	0.18064	0.10980	0.00767	0.02155	0.00273	0.02607	0.00393	0.00358
6	0.00839	0.00745	0.03091	0.01168	0.18423	0.05976	0.03556	0.00990	0.00954	0.05658	0.03435	0.46136	0.05276	0.00980	0.00511	0.00158	0.00382	0.00887	0.00353	0.00482
7	0.00991	0.01007	0.01349	0.01159	0.01167	0.04281	0.00962	0.01088	0.00697	0.01064	0.00583	0.00960	0.00579	0.00762	0.01412	0.00190	0.80687	0.00383	0.00194	0.00484
8	0.00597	0.00445	0.00537	0.00531	0.00642	0.00397	0.00392	0.00753	0.01109	0.02654	0.42659	0.15453	0.30139	0.01041	0.00526	0.00148	0.00223	0.00906	0.00450	0.00398
9	0.00822	0.00659	0.01047	0.28610	0.12777	0.00711	0.02287	0.01021	0.00924	0.05767	0.05786	0.26036	0.01630	0.03038	0.04202	0.00188	0.00468	0.03238	0.00309	0.00481
10	0.01902	0.00735	0.00993	0.00767	0.01098	0.00634	0.00632	0.02069	0.01250	0.77601	0.01892	0.01654	0.05501	0.00578	0.00448	0.00137	0.00367	0.00471	0.00539	0.00731
11	0.01042	0.01191	0.02606	0.01862	0.02308	0.01117	0.80119	0.01415	0.01042	0.01415	0.00894	0.01191	0.00670	0.00372	0.00521	0.00149	0.00745	0.00521	0.00223	0.00596
12	0.01061	0.05168	0.04272	0.00773	0.00933	0.06621	0.00606	0.10469	0.08294	0.08344	0.01223	0.01874	0.01152	0.34704	0.04927	0.00283	0.08012	0.00493	0.00311	0.00480
13	0.00829	0.04228	0.00686	0.00607	0.00719	0.00556	0.00463	0.03749	0.00886	0.06650	0.01478	0.15420	0.01394	0.05518	0.26200	0.02353	0.00567	0.00576	0.26693	0.00427
14	0.00628	0.00462	0.00674	0.00680	0.00750	0.00524	0.00516	0.00762	0.00723	0.01028	0.02497	0.06804	0.02575	0.08186	0.68147	0.02842	0.01030	0.00541	0.00254	0.00379
15	0.01046	0.01032	0.01765	0.19442	0.55545	0.02849	0.09223	0.01323	0.00989	0.01366	0.00824	0.01114	0.00671	0.00403	0.00446	0.00136	0.00566	0.00404	0.00215	0.00641
16	0.01103	0.01160	0.04337	0.01023	0.07521	0.25027	0.04200	0.01368	0.08408	0.06649	0.04812	0.07562	0.20084	0.00731	0.00469	0.00140	0.00489	0.04059	0.00339	0.00519
17	0.69480	0.01000	0.08506	0.02634	0.06671	0.00990	0.00670	0.01327	0.00801	0.03641	0.00676	0.00792	0.00518	0.00413	0.00306	0.00137	0.00390	0.00266	0.00266	0.00517
18	0.01137	0.15921	0.11522	0.08872	0.19768	0.10620	0.06175	0.07362	0.01056	0.02787	0.00910	0.02628	0.02043	0.03220	0.01693	0.00148	0.02918	0.00388	0.00239	0.00592
19	0.00812	0.01935	0.00797	0.00725	0.00845	0.08361	0.00548	0.03313	0.03726	0.01155	0.05241	0.01847	0.02626	0.16131	0.41086	0.00461	0.03147	0.00486	0.00270	0.06487
20	0.02503	0.20560	0.27758	0.03019	0.10233	0.03062	0.02816	0.11115	0.02738	0.06498	0.02424	0.01048	0.00740	0.01892	0.00427	0.00131	0.00536	0.00350	0.00261	0.01889
21	0.01011	0.07245	0.39520	0.07094	0.25648	0.01076	0.03162	0.01403	0.02699	0.04122	0.00844	0.01023	0.00642	0.00425	0.00442	0.00136	0.02284	0.00358	0.00216	0.00650
22	0.01834	0.00815	0.01050	0.00820	0.01146	0.00759	0.00678	0.15416	0.01392	0.62579	0.03946	0.01634	0.01188	0.00584	0.00453	0.00139	0.00391	0.03929	0.00521	0.00727
23	0.00656	0.00459	0.00595	0.00634	0.00684	0.00468	0.00439	0.01979	0.03313	0.03226	0.02802	0.46172	0.02218	0.17852	0.13869	0.00309	0.01817	0.01774	0.00357	0.00377
24	0.04289	0.03610	0.30504	0.04967	0.23522	0.02212	0.07201	0.07170	0.02799	0.05256	0.00986	0.01165	0.02543	0.00452	0.00432	0.00137	0.00564	0.01293	0.00251	0.00647
25	0.00601	0.00463	0.00533	0.00554	0.00663	0.00426	0.00402	0.00754	0.04289	0.03208	0.07078	0.32952	0.42498	0.01162	0.00550	0.00160	0.01895	0.01002	0.00414	0.00395
26	0.00711	0.00590	0.00761	0.00748	0.00841	0.05088	0.00581	0.00910	0.04016	0.01063	0.01171	0.01668	0.01077	0.03005	0.73572	0.00646	0.02431	0.00463	0.00244	0.00415
27	0.01044	0.01137	0.07487	0.22424	0.12904	0.06576	0.18633	0.02433	0.00967	0.04076	0.02895	0.01153	0.00729	0.00493	0.00631	0.00150	0.15052	0.00420	0.00229	0.00565
28	0.00957	0.07214	0.22857	0.01252	0.13174	0.03290	0.06033	0.05556	0.00984	0.03148	0.05770	0.04715	0.01056	0.04280	0.14657	0.00247	0.03539	0.00453	0.00256	0.00562
29	0.00537	0.00388	0.00509	0.00606	0.00638	0.00360	0.00406	0.00616	0.00854	0.01131	0.02546	0.79811	0.07228	0.01369	0.00561	0.00178	0.00254	0.01238	0.00410	0.00360
30	0.02319	0.00613	0.00732	0.00647	0.00852	0.00564	0.00501	0.09022	0.01156	0.26596	0.02797	0.19885	0.30670	0.00927	0.00495	0.00150	0.00306	0.00785	0.00454	0.00527
31	0.12130	0.03030	0.06906	0.03071	0.11273	0.03744	0.11427	0.20049	0.09445	0.09004	0.01050	0.02057	0.00786	0.00473	0.00422	0.00135	0.00498	0.00401	0.00332	0.03767
32	0.04878	0.07649	0.04397	0.01000	0.02092	0.13550	0.02275	0.20025	0.12434	0.04694	0.01216	0.01282	0.06411	0.00589	0.00604	0.00142	0.15423	0.00412	0.00325	0.00600
33	0.04942	0.03680	0.01201	0.01035	0.03208	0.44160	0.02183	0.11063	0.07139	0.01477	0.06736	0.01094	0.00921	0.00488	0.00404	0.00117	0.00604	0.00353	0.00292	0.08902

[dist]
# distance from previous block
# <min> <max>
1	22

[block]
# block no. 5 follows, 59 sequences, length 15
# corresponding to MSA columns:
# 276-290
name=unknown_F
#
# <colnr> <probs for GDERKNQSTAVLIFYWHMCP>
#	G	D	E	R	K	N	Q	S	T	A	V	L	I	F	Y	W	H	M	C	P
0	0.04397	0.18379	0.12859	0.01014	0.01340	0.39156	0.00904	0.09918	0.01189	0.01335	0.00870	0.03039	0.02837	0.00483	0.00386	0.00119	0.00633	0.00334	0.00248	0.00559
1	0.03554	0.03320	0.24943	0.01164	0.08612	0.07034	0.04743	0.03737	0.08634	0.07123	0.05303	0.05733	0.03800	0.00642	0.02575	0.00155	0.03968	0.01569	0.00296	0.03095
2	0.04417	0.00572	0.00681	0.00665	0.00796	0.00575	0.00495	0.05271	0.10654	0.08062	0.17407	0.31193	0.07042	0.05349	0.00601	0.00173	0.00299	0.04852	0.00429	0.00467
3	0.01040	0.45424	0.40402	0.00996	0.01505	0.01403	0.01173	0.01359	0.00914	0.01211	0.00699	0.00815	0.00563	0.00398	0.00348	0.00116	0.00558	0.00279	0.00188	0.00608
4	0.00579	0.00419	0.00541	0.00620	0.00667	0.00396	0.00426	0.03092	0.00910	0.01208	0.05206	0.72729	0.07298	0.01323	0.00557	0.00175	0.00263	0.02803	0.00414	0.00375
5	0.03713	0.00719	0.00882	0.02607	0.01025	0.00693	0.00596	0.12663	0.04165	0.35781	0.07478	0.10541	0.11850	0.00735	0.00465	0.00143	0.00346	0.01845	0.03146	0.00608
6	0.00742	0.00448	0.00482	0.00470	0.00586	0.00435	0.00353	0.00977	0.04322	0.01611	0.19871	0.02431	0.14609	0.00701	0.00396	0.00120	0.00215	0.00585	0.50226	0.00419
7	0.01650	0.02105	0.01252	0.01138	0.01365	0.82705	0.00853	0.01764	0.01252	0.01081	0.00683	0.00796	0.00569	0.00455	0.00398	0.00114	0.00796	0.00284	0.00228	0.00512
8	0.00887	0.01980	0.64854	0.01350	0.08247	0.00983	0.05879	0.01345	0.00962	0.01415	0.04771	0.01176	0.03275	0.00460	0.00435	0.00140	0.00613	0.00384	0.00212	0.00633
9	0.00915	0.00887	0.05850	0.57868	0.07589	0.00954	0.02887	0.05547	0.00968	0.03595	0.00944	0.06263	0.00775	0.00571	0.02441	0.00160	0.00574	0.00448	0.00236	0.00527
10	0.01689	0.00718	0.00953	0.00752	0.01046	0.00642	0.00612	0.06238	0.01307	0.61277	0.17935	0.01844	0.01700	0.00618	0.00460	0.00137	0.00348	0.00514	0.00528	0.00683
11	0.01021	0.00634	0.00764	0.00626	0.00873	0.00545	0.00494	0.05130	0.01157	0.19456	0.22031	0.02472	0.21631	0.00725	0.00455	0.00124	0.00291	0.00609	0.00427	0.20534
12	0.00609	0.00439	0.00541	0.00577	0.00658	0.00403	0.00408	0.02275	0.00981	0.02973	0.16471	0.44477	0.20660	0.04229	0.00604	0.00173	0.00257	0.02458	0.00421	0.00385
13	0.06100	0.01011	0.01134	0.00904	0.01214	0.01089	0.00737	0.36898	0.16582	0.23485	0.01349	0.01303	0.00951	0.02147	0.00499	0.00145	0.02866	0.00425	0.00452	0.00710
14	0.02659	0.06229	0.08742	0.01239	0.01574	0.00993	0.32794	0.07041	0.02200	0.08609	0.07020	0.01500	0.01072	0.09699	0.02638	0.00187	0.04457	0.00492	0.00290	0.00564

[dist]
# distance from previous block
# <min> <max>
8	19

[block]
# block no. 6 follows, 59 sequences, length 39
# corresponding to MSA columns:
# 313-351
name=unknown_G
#
# <colnr> <probs for GDERKNQSTAVLIFYWHMCP>
#	G	D	E	R	K	N	Q	S	T	A	V	L	I	F	Y	W	H	M	C	P
0	0.04242	0.09029	0.09364	0.02398	0.07235	0.02266	0.05946	0.16081	0.09998	0.08053	0.03847	0.05241	0.03999	0.00546	0.00440	0.00131	0.01716	0.00451	0.00336	0.08682
1	0.04815	0.11425	0.09641	0.00835	0.03343	0.03468	0.00708	0.06835	0.06695	0.05520	0.05568	0.21114	0.07777	0.01911	0.00496	0.00145	0.02442	0.01879	0.00342	0.05042
2	0.01196	0.13008	0.10553	0.02030	0.03456	0.10228	0.01896	0.13023	0.06549	0.08599	0.03947	0.01481	0.09274	0.00727	0.04816	0.00165	0.07715	0.00438	0.00316	0.00585
3	0.03333	0.19648	0.22958	0.01049	0.05309	0.04915	0.05281	0.05908	0.05302	0.06610	0.03822	0.03098	0.00914	0.05172	0.00500	0.00143	0.00511	0.00393	0.01925	0.03210
4	0.01219	0.36602	0.13413	0.01036	0.05091	0.13403	0.02895	0.09206	0.04743	0.01351	0.00808	0.02591	0.00681	0.00446	0.00381	0.00115	0.01791	0.00323	0.00241	0.03663
5	0.01599	0.01275	0.01261	0.01005	0.01327	0.10462	0.00815	0.59075	0.10735	0.04612	0.01121	0.01121	0.00813	0.00583	0.02008	0.00143	0.00516	0.00399	0.00417	0.00712
6	0.00678	0.00520	0.00757	0.00738	0.00818	0.00617	0.00577	0.02857	0.00742	0.01069	0.01150	0.01701	0.01077	0.05035	0.73980	0.00658	0.05910	0.00470	0.00240	0.00406
7	0.01170	0.81825	0.05142	0.00774	0.01161	0.01722	0.00787	0.01325	0.00899	0.01052	0.00620	0.00716	0.00567	0.00379	0.00288	0.00096	0.00479	0.00239	0.00189	0.00570
8	0.00622	0.00511	0.02322	0.00680	0.00772	0.00466	0.04292	0.00795	0.04926	0.01213	0.04074	0.50993	0.11928	0.05347	0.02671	0.00195	0.00324	0.04446	0.03027	0.00396
9	0.00649	0.00468	0.00618	0.00722	0.04901	0.00442	0.00474	0.03001	0.00933	0.03380	0.06241	0.58395	0.10386	0.04292	0.00608	0.00179	0.00285	0.03224	0.00403	0.00400
10	0.00632	0.00428	0.00502	0.00510	0.00520	0.00430	0.00303	0.00654	0.00680	0.00914	0.03445	0.10117	0.01754	0.69640	0.07334	0.00417	0.00457	0.00690	0.00284	0.00288
11	0.01650	0.02105	0.01252	0.01138	0.01365	0.82705	0.00853	0.01764	0.01252	0.01081	0.00683	0.00796	0.00569	0.00455	0.00398	0.00114	0.00796	0.00284	0.00228	0.00512
12	0.01017	0.15607	0.45264	0.03280	0.08774	0.07161	0.04324	0.03077	0.00978	0.01329	0.00820	0.03147	0.00657	0.00500	0.02127	0.00143	0.00621	0.00353	0.00207	0.00615
13	0.03980	0.00970	0.01149	0.00883	0.01228	0.00978	0.00730	0.36878	0.01613	0.44778	0.01411	0.01287	0.00926	0.00536	0.00439	0.00135	0.00424	0.00418	0.00493	0.00745
14	0.00674	0.00506	0.00585	0.00630	0.00715	0.02681	0.00458	0.02898	0.03070	0.02710	0.03528	0.43900	0.16666	0.06091	0.00640	0.00184	0.00302	0.10482	0.02884	0.00395
15	0.03545	0.00542	0.00634	0.00577	0.00747	0.00499	0.02702	0.02953	0.01045	0.08119	0.09729	0.06152	0.54275	0.01060	0.03038	0.00166	0.02564	0.00814	0.00407	0.00431
16	0.01046	0.00966	0.12605	0.01118	0.09340	0.02647	0.07873	0.02342	0.00974	0.16016	0.01459	0.22561	0.01393	0.04158	0.02817	0.00180	0.07371	0.01885	0.02704	0.00547
17	0.00826	0.00568	0.00661	0.00648	0.00771	0.00570	0.00475	0.12676	0.05202	0.04365	0.06378	0.40450	0.10823	0.02866	0.00536	0.00161	0.00291	0.00891	0.10386	0.00457
18	0.13685	0.00975	0.01144	0.04148	0.03728	0.02868	0.03315	0.28781	0.02605	0.28070	0.01267	0.04174	0.00923	0.00546	0.00427	0.00138	0.00439	0.01673	0.00422	0.00671
19	0.03245	0.02848	0.05877	0.09489	0.16123	0.09879	0.10740	0.03612	0.03767	0.04206	0.02787	0.15145	0.09072	0.00663	0.00467	0.00144	0.00498	0.00593	0.00298	0.00544
20	0.41116	0.06441	0.04773	0.09819	0.07773	0.11477	0.02547	0.03457	0.00928	0.03946	0.00781	0.03763	0.00643	0.00456	0.00353	0.00134	0.00475	0.00329	0.00262	0.00529
21	0.01257	0.17079	0.08540	0.06616	0.09603	0.32040	0.11200	0.01470	0.01059	0.01192	0.00788	0.03328	0.00672	0.00452	0.00419	0.00124	0.01753	0.00359	0.01492	0.00556
22	0.00708	0.00571	0.00727	0.00707	0.00814	0.01951	0.00535	0.00937	0.07925	0.01155	0.01589	0.15606	0.05515	0.07840	0.38559	0.00428	0.04375	0.02489	0.00299	0.07270
23	0.03362	0.23841	0.21316	0.01078	0.05691	0.08831	0.04598	0.05340	0.06310	0.03959	0.04531	0.01193	0.03755	0.01408	0.00445	0.00130	0.02981	0.00375	0.00261	0.00593
24	0.04895	0.01179	0.19814	0.02879	0.18238	0.00891	0.08977	0.07361	0.02707	0.08185	0.03237	0.14711	0.03746	0.00622	0.00461	0.00145	0.00489	0.00557	0.00306	0.00601
25	0.01846	0.00942	0.01139	0.00876	0.01220	0.00935	0.00723	0.32002	0.03388	0.49921	0.01483	0.01337	0.00968	0.00542	0.00443	0.00135	0.00417	0.00428	0.00504	0.00750
26	0.00593	0.00463	0.02756	0.00604	0.00680	0.00394	0.00437	0.00695	0.00899	0.03322	0.05884	0.58867	0.16392	0.03968	0.00603	0.00179	0.00270	0.02210	0.00406	0.00380
27	0.05099	0.12221	0.24772	0.01228	0.07621	0.04329	0.13328	0.07826	0.02083	0.06928	0.06356	0.01262	0.02767	0.01750	0.00452	0.00137	0.00546	0.00411	0.00275	0.00610
28	0.00619	0.01989	0.00622	0.00638	0.00696	0.00481	0.00452	0.01756	0.03007	0.01210	0.11124	0.51175	0.04617	0.06779	0.09870	0.00247	0.02960	0.00992	0.00381	0.00386
29	0.00656	0.00433	0.00568	0.00638	0.00692	0.00408	0.00437	0.03289	0.00909	0.05706	0.02351	0.76864	0.02748	0.01309	0.00553	0.00175	0.00270	0.01182	0.00419	0.00393
30	0.01070	0.11685	0.34335	0.03199	0.16546	0.06489	0.04648	0.03384	0.06911	0.03553	0.02023	0.02565	0.00762	0.00454	0.00417	0.00133	0.00572	0.00376	0.00241	0.00636
31	0.01052	0.01196	0.11375	0.13334	0.38440	0.05348	0.08693	0.06163	0.01055	0.01433	0.01000	0.05202	0.02770	0.00479	0.00450	0.00138	0.00561	0.00447	0.00240	0.00624
32	0.01969	0.00772	0.01037	0.00795	0.01137	0.00679	0.00657	0.05390	0.01298	0.78744	0.01714	0.01485	0.01079	0.00546	0.00444	0.00136	0.00380	0.00442	0.00542	0.00752
33	0.00975	0.00883	0.07353	0.08036	0.11299	0.00847	0.02757	0.13361	0.02016	0.05470	0.01403	0.25143	0.01410	0.05568	0.03957	0.00193	0.07811	0.00660	0.00324	0.00533
34	0.04258	0.11281	0.18231	0.01167	0.05008	0.06850	0.13906	0.12397	0.04251	0.08415	0.03119	0.03175	0.04974	0.00511	0.00431	0.00134	0.00540	0.00435	0.00300	0.00616
35	0.03442	0.00606	0.00851	0.00970	0.11536	0.02437	0.04875	0.00917	0.00966	0.04233	0.09345	0.38529	0.08777	0.01015	0.00518	0.00161	0.00342	0.07522	0.02509	0.00450
36	0.01377	0.00587	0.00727	0.00608	0.00829	0.00538	0.00485	0.01584	0.02495	0.40444	0.05757	0.01663	0.01275	0.00552	0.00388	0.00122	0.00290	0.00449	0.39248	0.00581
37	0.01168	0.02302	0.11404	0.03630	0.14473	0.04682	0.14512	0.08384	0.06505	0.11921	0.04178	0.06342	0.02814	0.00606	0.02066	0.00153	0.03427	0.00494	0.00318	0.00620
38	0.02534	0.06210	0.17684	0.01223	0.07929	0.07443	0.10734	0.09546	0.09947	0.13915	0.02843	0.02699	0.00896	0.00495	0.00454	0.00136	0.02118	0.00417	0.00320	0.02457

[dist]
# distance from previous block
# <min> <max>
2	18

[block]
# block no. 7 follows, 59 sequences, length 22
# corresponding to MSA columns:
# 370-391
name=unknown_H
#
# <colnr> <probs for GDERKNQSTAVLIFYWHMCP>
#	G	D	E	R	K	N	Q	S	T	A	V	L	I	F	Y	W	H	M	C	P
0	0.00890	0.07353	0.01126	0.02751	0.04777	0.03109	0.10459	0.04908	0.02035	0.05460	0.07205	0.18789	0.08625	0.05500	0.11348	0.00232	0.00515	0.00669	0.00329	0.03920
1	0.00957	0.04374	0.29864	0.01008	0.03801	0.01991	0.06140	0.01231	0.00963	0.11595	0.06255	0.14660	0.02700	0.10210	0.00667	0.00178	0.00488	0.02066	0.00307	0.00544
2	0.06653	0.21207	0.11396	0.00923	0.01243	0.11809	0.03450	0.14012	0.03305	0.04329	0.03859	0.09425	0.01098	0.00595	0.00412	0.00132	0.00499	0.04777	0.00304	0.00571
3	0.01043	0.38562	0.44196	0.01033	0.01550	0.04217	0.01219	0.01378	0.00928	0.01229	0.00710	0.00829	0.00563	0.00402	0.00359	0.00119	0.00578	0.00285	0.00189	0.00610
4	0.00659	0.00517	0.00718	0.00730	0.02948	0.00482	0.05824	0.00840	0.04839	0.03484	0.08153	0.42784	0.22768	0.01124	0.00536	0.00163	0.00295	0.02313	0.00403	0.00420
5	0.01157	0.08545	0.01089	0.04111	0.01102	0.13616	0.03431	0.05452	0.06244	0.13699	0.07289	0.12434	0.03743	0.11461	0.00727	0.00177	0.04287	0.00571	0.00349	0.00517
6	0.01183	0.00852	0.01039	0.00804	0.01141	0.00780	0.03863	0.10104	0.14853	0.14335	0.01236	0.05776	0.00980	0.00491	0.00400	0.00108	0.00369	0.00412	0.00365	0.40911
7	0.00529	0.00447	0.00458	0.00461	0.00606	0.00376	0.00347	0.00644	0.01009	0.01209	0.06297	0.06018	0.76239	0.01121	0.00525	0.00151	0.00228	0.02548	0.00412	0.00374
8	0.03236	0.05657	0.16770	0.02860	0.27050	0.03111	0.09253	0.01197	0.00957	0.01335	0.01305	0.14661	0.05310	0.00631	0.00477	0.00145	0.01912	0.03301	0.00260	0.00573
9	0.00548	0.00397	0.00514	0.00592	0.00635	0.00367	0.00401	0.00638	0.00891	0.01186	0.09984	0.67934	0.09425	0.03508	0.00601	0.00180	0.00254	0.01170	0.00413	0.00363
10	0.01065	0.01188	0.05486	0.01619	0.02031	0.01116	0.58638	0.03775	0.17260	0.01540	0.01077	0.01270	0.00805	0.00425	0.00500	0.00148	0.00654	0.00505	0.00274	0.00623
11	0.00828	0.00641	0.02221	0.09146	0.09472	0.00602	0.02545	0.02598	0.03211	0.09410	0.04130	0.20283	0.29283	0.00917	0.00503	0.00153	0.00347	0.02849	0.00377	0.00482
12	0.01853	0.00871	0.01090	0.00839	0.01176	0.00834	0.00692	0.23000	0.01481	0.58030	0.04341	0.01447	0.01109	0.00555	0.00446	0.00136	0.00399	0.00444	0.00516	0.00740
13	0.00631	0.00463	0.00664	0.00666	0.00730	0.00525	0.00497	0.00758	0.00701	0.00997	0.01251	0.03977	0.01239	0.17862	0.66227	0.00646	0.01024	0.00523	0.00246	0.00371
14	0.00694	0.00515	0.00588	0.00560	0.00683	0.03283	0.00419	0.00867	0.01159	0.04859	0.50333	0.08654	0.20994	0.00940	0.00510	0.00142	0.00242	0.00813	0.03323	0.00420
15	0.00838	0.00686	0.00970	0.01000	0.08223	0.00796	0.01840	0.04273	0.06754	0.03181	0.01353	0.19136	0.01350	0.01670	0.27831	0.00346	0.17121	0.00614	0.01537	0.00481
16	0.01002	0.01164	0.05224	0.01674	0.02070	0.02619	0.65943	0.01333	0.01001	0.01352	0.00965	0.04039	0.00802	0.06278	0.00656	0.00169	0.02374	0.00540	0.00231	0.00563
17	0.00738	0.00559	0.00768	0.07396	0.08553	0.00558	0.00606	0.03172	0.04258	0.04310	0.05435	0.42298	0.11431	0.02169	0.00548	0.00168	0.00329	0.05872	0.00384	0.00447
18	0.00997	0.00863	0.04038	0.01116	0.09667	0.02370	0.10446	0.11430	0.10266	0.06201	0.02976	0.24786	0.06737	0.00821	0.00501	0.00155	0.00422	0.05281	0.00373	0.00554
19	0.67256	0.03434	0.00811	0.00683	0.00954	0.11763	0.00555	0.04580	0.00883	0.03148	0.00671	0.00774	0.00526	0.00478	0.01881	0.00143	0.00428	0.00259	0.00275	0.00499
20	0.04672	0.13233	0.13508	0.11210	0.14950	0.18763	0.08588	0.01399	0.01003	0.02377	0.00850	0.02689	0.01924	0.00456	0.00435	0.00130	0.02648	0.00370	0.00222	0.00573
21	0.01064	0.05844	0.05570	0.01330	0.21916	0.11885	0.01704	0.06283	0.14005	0.01455	0.04662	0.03383	0.12082	0.03965	0.01778	0.00156	0.01529	0.00503	0.00310	0.00579

[dist]
# distance from previous block
# <min> <max>
0	1

[block]
# block no. 8 follows, 59 sequences, length 11
# corresponding to MSA columns:
# 393-403
name=unknown_I
#
# <colnr> <probs for GDERKNQSTAVLIFYWHMCP>
#	G	D	E	R	K	N	Q	S	T	A	V	L	I	F	Y	W	H	M	C	P
0	0.02410	0.12291	0.17579	0.01223	0.11792	0.04217	0.06682	0.11679	0.03196	0.13897	0.05363	0.04548	0.02147	0.00521	0.00428	0.00133	0.00503	0.00437	0.00319	0.00636
1	0.02746	0.11632	0.29687	0.05939	0.17091	0.03751	0.04739	0.04510	0.05577	0.08849	0.00930	0.01051	0.00694	0.00436	0.00414	0.00133	0.00557	0.00361	0.00256	0.00648
2	0.05153	0.00947	0.01095	0.00851	0.01175	0.00968	0.00700	0.37265	0.01582	0.36468	0.01365	0.01284	0.00918	0.00531	0.00425	0.00132	0.00410	0.00412	0.07605	0.00713
3	0.00955	0.02615	0.08387	0.06618	0.41148	0.02720	0.04613	0.03345	0.00995	0.01369	0.02770	0.14136	0.04435	0.03322	0.00519	0.00151	0.00490	0.00559	0.00265	0.00588
4	0.01111	0.07774	0.23530	0.05206	0.16549	0.01042	0.05215	0.10848	0.05473	0.06499	0.03200	0.03676	0.00870	0.00477	0.00425	0.00131	0.00516	0.00407	0.00282	0.06767
5	0.00657	0.00522	0.00564	0.00569	0.00674	0.03566	0.00414	0.00763	0.00957	0.03717	0.09720	0.20286	0.37853	0.10352	0.02142	0.00196	0.02549	0.03727	0.00389	0.00384
6	0.00545	0.00391	0.00526	0.00622	0.00651	0.00372	0.00420	0.00627	0.00836	0.01120	0.02346	0.78360	0.02793	0.01520	0.06373	0.00217	0.00322	0.01200	0.00398	0.00361
7	0.01253	0.17335	0.08204	0.05525	0.13880	0.23737	0.02656	0.05836	0.05563	0.03106	0.00898	0.04931	0.00769	0.00497	0.00447	0.00127	0.04020	0.00379	0.00252	0.00584
8	0.09085	0.12741	0.18465	0.03636	0.06266	0.11113	0.03836	0.18424	0.01211	0.03570	0.00893	0.03015	0.00719	0.00477	0.00400	0.00128	0.00544	0.01817	0.00279	0.03381
9	0.00603	0.03502	0.00597	0.00594	0.00675	0.00450	0.00426	0.02634	0.00939	0.01220	0.07861	0.50331	0.19592	0.04211	0.00601	0.00176	0.00273	0.04531	0.00402	0.00382
10	0.01016	0.17682	0.06955	0.00929	0.03719	0.13082	0.04969	0.05788	0.01045	0.03512	0.04065	0.27879	0.03635	0.00790	0.00455	0.00141	0.00461	0.03056	0.00315	0.00505

[dist]
# distance from previous block
# <min> <max>
3	15

[block]
# block no. 9 follows, 59 sequences, length 17
# corresponding to MSA columns:
# 421-437
name=unknown_J
#
# <colnr> <probs for GDERKNQSTAVLIFYWHMCP>
#	G	D	E	R	K	N	Q	S	T	A	V	L	I	F	Y	W	H	M	C	P
0	0.17279	0.42892	0.01710	0.00888	0.04225	0.09214	0.02328	0.11199	0.02512	0.01487	0.02284	0.00854	0.00665	0.00425	0.00330	0.00113	0.00481	0.00289	0.00252	0.00573
1	0.04140	0.07743	0.05666	0.00952	0.03503	0.02998	0.02923	0.33744	0.05913	0.03784	0.01234	0.14306	0.01103	0.02145	0.00466	0.00138	0.00443	0.00512	0.00364	0.07920
2	0.02346	0.00634	0.02584	0.00726	0.01875	0.00561	0.01787	0.03135	0.05937	0.04712	0.10141	0.29197	0.06272	0.00916	0.00489	0.00146	0.00320	0.09999	0.00384	0.17838
3	0.02875	0.00659	0.00652	0.00679	0.00777	0.09237	0.00489	0.00969	0.09235	0.01262	0.07656	0.40498	0.10947	0.06776	0.00637	0.00181	0.00339	0.05330	0.00387	0.00415
4	0.01060	0.06380	0.01448	0.05891	0.30657	0.03252	0.04726	0.08422	0.05449	0.03200	0.04744	0.03040	0.01025	0.00903	0.11744	0.00216	0.04766	0.02204	0.00278	0.00597
5	0.00658	0.00479	0.00622	0.03135	0.00785	0.00464	0.00473	0.03709	0.00931	0.03185	0.06487	0.57691	0.08279	0.01268	0.03669	0.00186	0.01867	0.01035	0.00394	0.04682
6	0.00562	0.00452	0.00503	0.00518	0.00636	0.00403	0.00378	0.00721	0.03965	0.01284	0.14755	0.22589	0.49405	0.01131	0.00529	0.00155	0.00234	0.00972	0.00422	0.00388
7	0.01062	0.00555	0.00700	0.00627	0.00804	0.00506	0.00478	0.01235	0.03662	0.27961	0.13772	0.13947	0.18373	0.07264	0.04579	0.00194	0.00341	0.00725	0.02706	0.00507
8	0.01097	0.01039	0.01418	0.04298	0.35305	0.10172	0.07615	0.05905	0.04884	0.04102	0.01379	0.05250	0.08961	0.05951	0.00572	0.00155	0.00512	0.00507	0.00285	0.00592
9	0.01470	0.01659	0.01150	0.01041	0.01271	0.53004	0.00794	0.06343	0.17664	0.03427	0.01088	0.04259	0.00914	0.00554	0.00426	0.00129	0.00641	0.03297	0.00307	0.00561
10	0.01650	0.02105	0.01252	0.01138	0.01365	0.82705	0.00853	0.01764	0.01252	0.01081	0.00683	0.00796	0.00569	0.00455	0.00398	0.00114	0.00796	0.00284	0.00228	0.00512
11	0.00717	0.00534	0.00726	0.03922	0.05537	0.00551	0.00554	0.03769	0.03316	0.03913	0.02074	0.47725	0.07210	0.04116	0.10167	0.00240	0.03206	0.00930	0.00366	0.00428
12	0.02081	0.00775	0.02128	0.02795	0.22646	0.05066	0.02953	0.01030	0.00933	0.03455	0.06263	0.16006	0.10182	0.03884	0.14581	0.00252	0.03532	0.00641	0.00301	0.00496
13	0.01577	0.01053	0.01168	0.00918	0.01235	0.01133	0.00751	0.54838	0.05748	0.15089	0.01375	0.02879	0.03963	0.00653	0.02790	0.00151	0.00459	0.00449	0.03063	0.00706
14	0.00716	0.00577	0.01789	0.00649	0.00732	0.02472	0.01860	0.05660	0.02811	0.01178	0.03020	0.26216	0.11296	0.29167	0.05464	0.00281	0.02483	0.02906	0.00341	0.00381
15	0.02619	0.07329	0.05257	0.08202	0.14001	0.03385	0.09677	0.10505	0.10281	0.04248	0.06379	0.05402	0.05164	0.00573	0.00477	0.00139	0.03091	0.00495	0.02182	0.00593
16	0.05571	0.35718	0.03789	0.00891	0.04239	0.04212	0.03744	0.08049	0.03012	0.02673	0.01031	0.01127	0.06202	0.00543	0.02731	0.00127	0.02742	0.00343	0.00258	0.12998

[dist]
# distance from previous block
# <min> <max>
1	7

[block]
# block no. 10 follows, 59 sequences, length 18
# corresponding to MSA columns:
# 447-464
name=unknown_K
#
# <colnr> <probs for GDERKNQSTAVLIFYWHMCP>
#	G	D	E	R	K	N	Q	S	T	A	V	L	I	F	Y	W	H	M	C	P
0	0.01201	0.13279	0.08358	0.00917	0.02890	0.06063	0.00782	0.16319	0.21880	0.05830	0.02404	0.03034	0.02650	0.04581	0.03513	0.00165	0.00477	0.00433	0.01592	0.03633
1	0.01596	0.05434	0.03010	0.01176	0.04309	0.70385	0.00883	0.05857	0.01265	0.01189	0.00707	0.00820	0.00583	0.00453	0.00398	0.00115	0.00754	0.00293	0.00236	0.00537
2	0.00828	0.00573	0.00690	0.00618	0.00794	0.00512	0.00462	0.04301	0.02218	0.08184	0.12557	0.17798	0.14196	0.09669	0.02428	0.01913	0.00326	0.02948	0.00380	0.18605
3	0.04515	0.03269	0.01092	0.00930	0.01172	0.44065	0.00714	0.04225	0.01149	0.05297	0.03833	0.05985	0.04312	0.00547	0.00436	0.00117	0.03208	0.00396	0.00284	0.14453
4	0.00584	0.00408	0.00529	0.00597	0.00642	0.00384	0.00406	0.00669	0.00862	0.02627	0.06129	0.61101	0.08271	0.09390	0.03836	0.00219	0.00308	0.02280	0.00396	0.00363
5	0.03914	0.00534	0.00636	0.00621	0.00754	0.00514	0.00464	0.03873	0.06392	0.08377	0.22529	0.28154	0.17497	0.01018	0.00513	0.00155	0.00270	0.02892	0.00440	0.00452
6	0.00755	0.05461	0.09554	0.00780	0.00936	0.00640	0.02680	0.03228	0.00904	0.04707	0.01873	0.46791	0.03527	0.01284	0.08509	0.00218	0.04325	0.03031	0.00349	0.00448
7	0.00907	0.00880	0.01390	0.68133	0.14467	0.04459	0.01230	0.01189	0.00917	0.01172	0.00787	0.01149	0.00604	0.00435	0.00439	0.00143	0.00588	0.00388	0.00201	0.00522
8	0.01066	0.09019	0.46307	0.01339	0.05561	0.04872	0.14043	0.05572	0.02539	0.04355	0.00857	0.00997	0.00629	0.00423	0.00427	0.00135	0.00628	0.00362	0.00227	0.00641
9	0.00542	0.00399	0.00509	0.00591	0.00641	0.00366	0.00405	0.00631	0.00887	0.01160	0.04864	0.67040	0.15791	0.01324	0.00557	0.00174	0.00253	0.03090	0.00412	0.00364
