[name]
unknown

[dist]
# distance from previous block
# <min> <max>
7	341

[block]
# block no. 0 follows, 70 sequences, length 6
# corresponding to MSA columns:
# 399-404
name=unknown_A
#
# <colnr> <probs for GDERKNQSTAVLIFYWHMCP>
#	G	D	E	R	K	N	Q	S	T	A	V	L	I	F	Y	W	H	M	C	P
0	0.00950	0.00882	0.01418	0.18502	0.54982	0.00943	0.01096	0.07384	0.04256	0.01303	0.00762	0.00987	0.00617	0.00383	0.00421	0.00121	0.03860	0.00349	0.00210	0.00574
1	0.03218	0.08924	0.10944	0.01059	0.05539	0.08447	0.21440	0.07340	0.02440	0.08845	0.04915	0.01272	0.04135	0.06565	0.03097	0.00152	0.00506	0.00402	0.00255	0.00505
2	0.00915	0.00472	0.00567	0.00513	0.00654	0.00450	0.00393	0.04787	0.00920	0.20842	0.06269	0.10527	0.09686	0.04850	0.06180	0.00161	0.00301	0.00523	0.30561	0.00430
3	0.00582	0.00423	0.00609	0.00587	0.00675	0.00398	0.05396	0.00709	0.00869	0.04486	0.26962	0.36177	0.08307	0.04920	0.06876	0.00186	0.00308	0.00816	0.00358	0.00357
4	0.03895	0.00904	0.05067	0.01035	0.11966	0.09332	0.09482	0.09418	0.03868	0.16556	0.02897	0.03813	0.10135	0.00757	0.08950	0.00172	0.00490	0.00440	0.00303	0.00520
5	0.01048	0.12612	0.26628	0.09436	0.04322	0.11088	0.03732	0.05455	0.06947	0.09596	0.00818	0.00916	0.00610	0.00410	0.00406	0.00118	0.04770	0.00313	0.00232	0.00542

[dist]
# distance from previous block
# <min> <max>
0	10

[block]
# block no. 1 follows, 70 sequences, length 15
# corresponding to MSA columns:
# 415-429
name=unknown_B
#
# <colnr> <probs for GDERKNQSTAVLIFYWHMCP>
#	G	D	E	R	K	N	Q	S	T	A	V	L	I	F	Y	W	H	M	C	P
0	0.08107	0.57222	0.06100	0.00775	0.03064	0.13966	0.00713	0.04288	0.00867	0.01066	0.00576	0.00664	0.00500	0.00351	0.00278	0.00093	0.00458	0.00227	0.00186	0.00497
1	0.00941	0.04388	0.00957	0.04857	0.01013	0.00834	0.03096	0.22451	0.07243	0.03644	0.01140	0.01401	0.06068	0.09466	0.14989	0.01857	0.08375	0.00407	0.00282	0.06593
2	0.01098	0.13850	0.19518	0.01049	0.02754	0.09009	0.19262	0.05046	0.03592	0.13937	0.01785	0.00956	0.00659	0.00383	0.00371	0.00112	0.00505	0.00336	0.00248	0.05532
3	0.00852	0.00817	0.03346	0.26845	0.29977	0.00860	0.02668	0.02366	0.16644	0.01255	0.02242	0.03345	0.03300	0.00452	0.00395	0.00125	0.00432	0.01687	0.00243	0.02150
4	0.00477	0.00385	0.00424	0.00432	0.00540	0.00333	0.00317	0.00586	0.00902	0.01132	0.18403	0.15909	0.56839	0.00982	0.00463	0.00133	0.00198	0.00839	0.00372	0.00333
5	0.02932	0.24854	0.07105	0.11308	0.04377	0.13105	0.03254	0.03437	0.05239	0.01076	0.02078	0.01003	0.00692	0.03160	0.12873	0.00191	0.02326	0.00316	0.00206	0.00468
6	0.02480	0.02775	0.06836	0.10518	0.31849	0.07636	0.03773	0.03249	0.08032	0.14936	0.00960	0.03627	0.00746	0.00422	0.00383	0.00119	0.00454	0.00371	0.00263	0.00569
7	0.00462	0.00393	0.00398	0.00396	0.00526	0.00329	0.00297	0.00563	0.00892	0.01067	0.07000	0.03699	0.80715	0.00975	0.00458	0.00131	0.00196	0.00814	0.00363	0.00329
8	0.00469	0.00389	0.00407	0.00412	0.00528	0.00331	0.00303	0.00569	0.00881	0.01074	0.09878	0.09592	0.69319	0.03491	0.00505	0.00139	0.00203	0.00822	0.00361	0.00327
9	0.04210	0.35766	0.05305	0.03091	0.09901	0.15020	0.00776	0.08694	0.03994	0.05850	0.00709	0.00796	0.00574	0.00388	0.00350	0.00103	0.03451	0.00272	0.00223	0.00527
10	0.00844	0.04572	0.47721	0.01299	0.04358	0.00958	0.28547	0.01240	0.02606	0.01225	0.00736	0.00906	0.00543	0.00363	0.00415	0.00125	0.02464	0.00347	0.00181	0.00552
11	0.00472	0.00337	0.00450	0.00540	0.00562	0.00315	0.00360	0.00540	0.00742	0.00990	0.02137	0.86122	0.02564	0.01215	0.00495	0.00157	0.00225	0.01102	0.00360	0.00315
12	0.03133	0.00585	0.00668	0.09824	0.00917	0.00647	0.00499	0.09426	0.17345	0.03411	0.01203	0.01330	0.00928	0.00622	0.05931	0.00142	0.00331	0.00374	0.42227	0.00457
13	0.06466	0.07073	0.11768	0.36196	0.09710	0.10075	0.00961	0.01147	0.03703	0.01119	0.00721	0.00946	0.00566	0.00458	0.02656	0.00133	0.02222	0.00314	0.03293	0.00474
14	0.03960	0.38543	0.19302	0.00756	0.01055	0.03107	0.00770	0.01088	0.04004	0.01059	0.00938	0.14624	0.00927	0.00596	0.02642	0.00127	0.02580	0.03230	0.00217	0.00474

[dist]
# distance from previous block
# <min> <max>
0	106

[block]
# block no. 2 follows, 70 sequences, length 24
# corresponding to MSA columns:
# 538-561
name=unknown_C
#
# <colnr> <probs for GDERKNQSTAVLIFYWHMCP>
#	G	D	E	R	K	N	Q	S	T	A	V	L	I	F	Y	W	H	M	C	P
0	0.10089	0.02994	0.03098	0.00604	0.00762	0.00628	0.00479	0.08181	0.15169	0.01432	0.17982	0.22169	0.12297	0.00775	0.00419	0.00132	0.00270	0.01729	0.00358	0.00433
1	0.22697	0.14686	0.04693	0.00819	0.00965	0.01125	0.00719	0.02567	0.00691	0.01191	0.03328	0.00827	0.00593	0.00530	0.00770	0.00139	0.42722	0.00296	0.00199	0.00444
2	0.03408	0.03315	0.02768	0.03556	0.07104	0.00930	0.29984	0.13853	0.12944	0.01463	0.04258	0.02288	0.08813	0.00482	0.00442	0.00127	0.03001	0.00457	0.00279	0.00528
3	0.01109	0.00943	0.00900	0.00713	0.01007	0.16651	0.00563	0.05324	0.11257	0.12854	0.00912	0.00942	0.00694	0.00374	0.00332	0.00086	0.00381	0.00288	0.00287	0.44384
4	0.03554	0.02364	0.00990	0.00847	0.01062	0.16312	0.04251	0.24232	0.12803	0.01581	0.04739	0.02806	0.01206	0.00611	0.00415	0.00130	0.00435	0.19270	0.00329	0.02063
5	0.04064	0.00633	0.00816	0.00643	0.00909	0.00564	0.00523	0.04769	0.01075	0.64624	0.01785	0.01648	0.11962	0.03603	0.00451	0.00130	0.00317	0.00446	0.00445	0.00593
6	0.00802	0.00758	0.01266	0.59750	0.24980	0.00881	0.01092	0.01081	0.03570	0.01088	0.00730	0.01027	0.00566	0.00381	0.00387	0.00125	0.00494	0.00348	0.00185	0.00487
7	0.00962	0.01056	0.00803	0.00787	0.00931	0.37414	0.00621	0.01105	0.02230	0.01039	0.01595	0.02407	0.12899	0.00898	0.06963	0.00171	0.00536	0.26907	0.00278	0.00396
8	0.51683	0.00711	0.00711	0.00587	0.00853	0.00741	0.00484	0.01461	0.00852	0.37076	0.00964	0.00925	0.00651	0.00411	0.00304	0.00120	0.00313	0.00287	0.00343	0.00523
9	0.45019	0.00750	0.00854	0.00897	0.15438	0.00781	0.00604	0.01394	0.00846	0.28673	0.00897	0.00914	0.00631	0.00397	0.00314	0.00119	0.00338	0.00293	0.00310	0.00533
10	0.00470	0.00358	0.00434	0.00490	0.00550	0.00321	0.00339	0.00552	0.00801	0.01029	0.05631	0.56172	0.29210	0.01123	0.00481	0.00147	0.00214	0.00995	0.00362	0.00321
11	0.00698	0.00561	0.00654	0.00665	0.00806	0.00589	0.00546	0.01158	0.27867	0.01286	0.02325	0.03268	0.20522	0.00872	0.00472	0.00152	0.00304	0.36451	0.00370	0.00434
12	0.48880	0.00708	0.00722	0.00593	0.00860	0.00732	0.00489	0.01485	0.00867	0.39722	0.00996	0.00947	0.00668	0.00415	0.00309	0.00120	0.00314	0.00293	0.00350	0.00530
13	0.00483	0.00348	0.00473	0.00551	0.00580	0.00337	0.00376	0.00560	0.00726	0.00978	0.01991	0.74875	0.02352	0.01440	0.11709	0.00219	0.00333	0.01011	0.00340	0.00319
14	0.27915	0.00687	0.00801	0.00636	0.00918	0.00660	0.00525	0.01665	0.00975	0.59514	0.01233	0.01113	0.00798	0.00444	0.00345	0.00120	0.00321	0.00336	0.00408	0.00588
15	0.07146	0.00857	0.00992	0.00770	0.01067	0.00879	0.00634	0.36787	0.04891	0.40088	0.01210	0.01113	0.00805	0.00468	0.00380	0.00119	0.00369	0.00363	0.00421	0.00642
16	0.03700	0.00532	0.00627	0.00558	0.00716	0.00521	0.00433	0.04004	0.12767	0.13610	0.40344	0.02401	0.14549	0.00702	0.00424	0.00123	0.00236	0.00598	0.02703	0.00450
17	0.01399	0.00789	0.00925	0.00734	0.01005	0.00793	0.00603	0.33947	0.03062	0.35230	0.01632	0.01618	0.11912	0.00567	0.00404	0.00123	0.00351	0.03882	0.00420	0.00602
18	0.00487	0.00392	0.00433	0.00427	0.00542	0.00339	0.00319	0.00611	0.00946	0.01204	0.28782	0.05787	0.56512	0.00929	0.00459	0.00129	0.00193	0.00790	0.00381	0.00339
19	0.01704	0.00716	0.00935	0.00717	0.01018	0.00654	0.00592	0.12629	0.01204	0.73352	0.01450	0.01268	0.00920	0.00478	0.00390	0.00119	0.00343	0.00384	0.00468	0.00660
20	0.00476	0.00340	0.00453	0.00537	0.00563	0.00317	0.00360	0.00549	0.00758	0.01015	0.05853	0.82333	0.02614	0.01195	0.00493	0.00156	0.00223	0.01084	0.00363	0.00317
21	0.89114	0.00750	0.00570	0.00510	0.00750	0.00870	0.00420	0.01140	0.00660	0.01739	0.00540	0.00630	0.00420	0.00360	0.00240	0.00120	0.00300	0.00210	0.00240	0.00420
22	0.01128	0.00986	0.01376	0.01034	0.01353	0.03565	0.24148	0.34367	0.07559	0.01754	0.02299	0.01104	0.02302	0.00424	0.00396	0.00113	0.00461	0.01391	0.00303	0.13937
23	0.01004	0.00952	0.00909	0.00911	0.09342	0.21533	0.01924	0.07544	0.12324	0.04215	0.02761	0.03936	0.01022	0.23780	0.03203	0.00202	0.03295	0.00429	0.00269	0.00447

[dist]
# distance from previous block
# <min> <max>
0	1

[block]
# block no. 3 follows, 70 sequences, length 93
# corresponding to MSA columns:
# 563-655
name=unknown_D
#
# <colnr> <probs for GDERKNQSTAVLIFYWHMCP>
#	G	D	E	R	K	N	Q	S	T	A	V	L	I	F	Y	W	H	M	C	P
0	0.00628	0.00465	0.00543	0.00509	0.00628	0.00441	0.00382	0.09448	0.01048	0.02578	0.36370	0.13247	0.27625	0.03714	0.00504	0.00137	0.00227	0.00740	0.00388	0.00379
1	0.09882	0.00702	0.00834	0.00660	0.00933	0.02230	0.00534	0.07956	0.02382	0.45324	0.05460	0.05751	0.01042	0.00492	0.00368	0.00112	0.00322	0.00397	0.00395	0.14227
2	0.00817	0.00836	0.06059	0.13619	0.17263	0.02852	0.13285	0.04924	0.04246	0.01185	0.01890	0.02352	0.03204	0.03942	0.17255	0.00229	0.00592	0.00404	0.00222	0.04824
3	0.00566	0.00417	0.00579	0.00574	0.00620	0.00473	0.00419	0.00660	0.00604	0.00855	0.01078	0.01813	0.01090	0.28467	0.56793	0.00533	0.03470	0.00459	0.00215	0.00314
4	0.00539	0.00358	0.00471	0.00540	0.00583	0.00329	0.00368	0.00613	0.00769	0.05447	0.02200	0.77161	0.06839	0.01163	0.00487	0.00154	0.00229	0.01049	0.00366	0.00334
5	0.01038	0.28773	0.27592	0.05869	0.03763	0.18550	0.00965	0.05276	0.00913	0.01114	0.00636	0.00753	0.00509	0.00370	0.00337	0.00105	0.01355	0.00262	0.00185	0.01634
6	0.00994	0.26148	0.07400	0.08114	0.15502	0.04267	0.02974	0.08950	0.08364	0.03066	0.00873	0.07122	0.00760	0.00454	0.00384	0.00114	0.03384	0.00365	0.00236	0.00530
7	0.00459	0.00392	0.00394	0.00396	0.00524	0.00327	0.00296	0.00556	0.00881	0.01046	0.03888	0.05548	0.82008	0.00987	0.00459	0.00131	0.00197	0.00824	0.00360	0.00327
8	0.00490	0.00380	0.00449	0.00476	0.00564	0.00338	0.00349	0.00601	0.00882	0.01136	0.18845	0.28909	0.38205	0.01022	0.00474	0.00140	0.00212	0.05822	0.00373	0.00333
9	0.00831	0.00768	0.01067	0.07505	0.11886	0.00806	0.02377	0.01020	0.03000	0.01149	0.00679	0.00897	0.00584	0.00492	0.02920	0.00121	0.24456	0.00300	0.00207	0.38937
10	0.00896	0.00698	0.00822	0.00592	0.00933	0.00541	0.00476	0.03415	0.00857	0.07787	0.00762	0.00848	0.00607	0.00307	0.00298	0.00064	0.00294	0.00246	0.00254	0.79302
11	0.00533	0.00401	0.00496	0.00487	0.00588	0.00364	0.00374	0.00692	0.01018	0.01377	0.53640	0.03278	0.24944	0.00873	0.00466	0.00130	0.00205	0.09378	0.00401	0.00355
12	0.00493	0.00348	0.00441	0.00507	0.00528	0.00330	0.00328	0.00546	0.00706	0.00936	0.01987	0.63572	0.05222	0.21156	0.00840	0.00208	0.00259	0.00966	0.00331	0.00297
13	0.01541	0.00674	0.00883	0.01812	0.00993	0.00593	0.00561	0.06472	0.01107	0.64804	0.03286	0.01352	0.03709	0.00481	0.00382	0.00114	0.00326	0.00391	0.00438	0.10082
14	0.00774	0.00464	0.00484	0.00462	0.00573	0.00487	0.00343	0.01116	0.17177	0.03233	0.02443	0.01579	0.01111	0.09683	0.00483	0.00130	0.00230	0.00404	0.58419	0.00405
15	0.00564	0.00376	0.00423	0.00423	0.00423	0.00376	0.00235	0.00564	0.00564	0.00752	0.01222	0.02537	0.01409	0.86375	0.01973	0.00376	0.00376	0.00564	0.00235	0.00235
16	0.53455	0.00775	0.03538	0.14433	0.06008	0.01943	0.00624	0.02406	0.00723	0.02551	0.00654	0.00831	0.00520	0.00641	0.09352	0.00175	0.00440	0.00269	0.00225	0.00438
17	0.01036	0.86609	0.02032	0.00663	0.00995	0.01534	0.00663	0.01161	0.00788	0.00912	0.00539	0.00622	0.00498	0.00332	0.00249	0.00083	0.00415	0.00207	0.00166	0.00498
18	0.00925	0.00967	0.01751	0.01296	0.01635	0.02347	0.51604	0.01426	0.21769	0.01335	0.00972	0.01115	0.00736	0.00374	0.00421	0.00123	0.00527	0.00425	0.00250	0.10002
19	0.01207	0.42514	0.03210	0.00822	0.01090	0.40596	0.00708	0.01326	0.00937	0.00940	0.00672	0.00755	0.02990	0.00384	0.00305	0.00093	0.00545	0.00247	0.00188	0.00471
20	0.01349	0.36349	0.04161	0.00704	0.01029	0.01029	0.00646	0.08110	0.01010	0.36264	0.01002	0.00957	0.00709	0.00404	0.00326	0.00101	0.00379	0.00300	0.00320	0.04853
21	0.00792	0.00833	0.02654	0.34445	0.02006	0.03848	0.32513	0.01049	0.00852	0.01113	0.03683	0.10300	0.00916	0.00485	0.00431	0.00133	0.00530	0.02747	0.00216	0.00452
22	0.00549	0.00396	0.00518	0.00488	0.00579	0.00366	0.00366	0.00732	0.01097	0.01555	0.83752	0.02896	0.03658	0.00793	0.00457	0.00122	0.00183	0.00701	0.00427	0.00366
23	0.00732	0.00689	0.01163	0.85444	0.02670	0.00861	0.01077	0.00991	0.00775	0.00991	0.00689	0.01034	0.00517	0.00388	0.00388	0.00129	0.00517	0.00345	0.00172	0.00431
24	0.00558	0.00398	0.00533	0.00533	0.00572	0.00436	0.00373	0.00635	0.00597	0.00834	0.01120	0.01977	0.01166	0.40264	0.47752	0.00512	0.00742	0.00482	0.00220	0.00296
25	0.00555	0.00412	0.00608	0.00608	0.00672	0.00476	0.00466	0.00683	0.00619	0.00889	0.01052	0.01600	0.01003	0.09235	0.78557	0.00604	0.00988	0.00427	0.00210	0.00338
26	0.01711	0.00705	0.00928	0.00711	0.01012	0.00638	0.00588	0.10549	0.01186	0.75458	0.01465	0.01278	0.00927	0.00478	0.00390	0.00120	0.00340	0.00385	0.00470	0.00660
27	0.00746	0.00384	0.00386	0.00378	0.00475	0.00388	0.00286	0.03449	0.00844	0.01476	0.01254	0.01429	0.00983	0.00452	0.00275	0.00091	0.00188	0.00361	0.85783	0.00371
28	0.00778	0.02005	0.84367	0.01105	0.01678	0.00900	0.01432	0.01228	0.00818	0.01228	0.00696	0.00818	0.00491	0.00368	0.00368	0.00123	0.00573	0.00286	0.00164	0.00573
29	0.01507	0.01033	0.01131	0.00867	0.01176	0.01124	0.00716	0.72648	0.01734	0.12585	0.01005	0.00979	0.00697	0.00467	0.00388	0.00117	0.00415	0.00354	0.00399	0.00659
30	0.00486	0.00347	0.00466	0.00555	0.00584	0.00327	0.00384	0.00563	0.00756	0.01005	0.02129	0.78800	0.02534	0.01202	0.00498	0.00159	0.00237	0.08289	0.00360	0.00319
31	0.00554	0.00414	0.00617	0.00617	0.00684	0.00481	0.00477	0.00688	0.00621	0.00895	0.01044	0.01555	0.00983	0.05506	0.82259	0.00615	0.01018	0.00420	0.00209	0.00343
32	0.01448	0.01848	0.01099	0.00999	0.01199	0.84819	0.00749	0.01548	0.01099	0.00949	0.00599	0.00699	0.00499	0.00400	0.00350	0.00100	0.00699	0.00250	0.00200	0.00449
33	0.00465	0.00393	0.00402	0.00400	0.00528	0.00330	0.00300	0.00569	0.00900	0.01085	0.09891	0.03669	0.77812	0.00968	0.00458	0.00130	0.00195	0.00809	0.00365	0.00330
34	0.01704	0.00696	0.00920	0.00707	0.01007	0.00627	0.00584	0.08193	0.02735	0.76269	0.01484	0.01292	0.00941	0.00480	0.00390	0.00120	0.00337	0.00388	0.00471	0.00659
35	0.00960	0.00921	0.01574	0.02380	0.83957	0.00921	0.01190	0.01190	0.00883	0.01267	0.00729	0.00960	0.00614	0.00345	0.00384	0.00115	0.00461	0.00345	0.00192	0.00614
36	0.00490	0.00394	0.00437	0.00426	0.00543	0.00341	0.00320	0.00618	0.00959	0.01226	0.32090	0.03436	0.55525	0.00915	0.00458	0.00128	0.00192	0.00777	0.00384	0.00341
37	0.01591	0.00645	0.00864	0.00683	0.00954	0.00572	0.00555	0.05485	0.01103	0.71516	0.01567	0.10393	0.01118	0.00558	0.00401	0.00124	0.00323	0.00464	0.00463	0.00623
38	0.00899	0.00860	0.01465	0.24425	0.62384	0.00905	0.01160	0.01137	0.00854	0.01193	0.00719	0.00979	0.00588	0.00357	0.00385	0.00119	0.00475	0.00345	0.00187	0.00565
39	0.89114	0.00750	0.00570	0.00510	0.00750	0.00870	0.00420	0.01140	0.00660	0.01739	0.00540	0.00630	0.00420	0.00360	0.00240	0.00120	0.00300	0.00210	0.00240	0.00420
40	0.00803	0.10303	0.76291	0.01062	0.01611	0.00962	0.01357	0.01221	0.00815	0.01197	0.00680	0.00799	0.00492	0.00365	0.00357	0.00119	0.00557	0.00279	0.00164	0.00566
41	0.00474	0.00397	0.00415	0.00422	0.00548	0.00338	0.00324	0.00581	0.00890	0.01069	0.05701	0.03764	0.75091	0.00985	0.00465	0.00135	0.00209	0.07501	0.00361	0.00331
42	0.00472	0.00337	0.00450	0.00540	0.00562	0.00315	0.00360	0.00540	0.00742	0.00990	0.02137	0.86122	0.02564	0.01215	0.00495	0.00157	0.00225	0.01102	0.00360	0.00315
43	0.00548	0.00425	0.00559	0.03243	0.05104	0.00399	0.00425	0.01750	0.00916	0.01233	0.30290	0.31934	0.18175	0.00933	0.00463	0.00136	0.00231	0.01660	0.00367	0.01209
44	0.00563	0.00428	0.00636	0.00631	0.00697	0.00504	0.00491	0.00697	0.00621	0.00898	0.01026	0.01523	0.00964	0.04560	0.80580	0.00604	0.03608	0.00416	0.00207	0.00346
45	0.00560	0.00378	0.00429	0.00429	0.00435	0.00378	0.00245	0.00568	0.00575	0.00765	0.01291	0.02537	0.03710	0.81200	0.04686	0.00377	0.00393	0.00566	0.00238	0.00241
46	0.01448	0.01848	0.01099	0.00999	0.01199	0.84819	0.00749	0.01548	0.01099	0.00949	0.00599	0.00699	0.00499	0.00400	0.00350	0.00100	0.00699	0.00250	0.00200	0.00449
47	0.00794	0.06827	0.78591	0.01087	0.01643	0.00938	0.02447	0.01224	0.00818	0.01210	0.00688	0.00810	0.00493	0.00366	0.00363	0.00121	0.00565	0.00284	0.00164	0.00568
48	0.00486	0.00392	0.00433	0.00426	0.00542	0.00339	0.00318	0.00610	0.00946	0.01202	0.28422	0.05636	0.57029	0.00930	0.00459	0.00129	0.00193	0.00790	0.00381	0.00339
49	0.00564	0.00376	0.00423	0.00423	0.00423	0.00376	0.00235	0.00564	0.00564	0.00752	0.01222	0.02537	0.01409	0.86375	0.01973	0.00376	0.00376	0.00564	0.00235	0.00235
50	0.01036	0.86609	0.02032	0.00663	0.00995	0.01534	0.00663	0.01161	0.00788	0.00912	0.00539	0.00622	0.00498	0.00332	0.00249	0.00083	0.00415	0.00207	0.00166	0.00498
51	0.00631	0.00450	0.00521	0.00485	0.00607	0.02403	0.00368	0.00782	0.01030	0.07587	0.50195	0.02990	0.28860	0.00820	0.00450	0.00124	0.00211	0.00704	0.00404	0.00378
52	0.00494	0.00367	0.00492	0.00567	0.00588	0.00365	0.00388	0.00562	0.00734	0.00986	0.02044	0.81257	0.02447	0.01184	0.00539	0.00158	0.05100	0.01059	0.00349	0.00321
53	0.00752	0.00390	0.00393	0.00382	0.00481	0.00394	0.00289	0.04083	0.00852	0.01484	0.01252	0.01425	0.00981	0.00452	0.00276	0.00091	0.00190	0.00361	0.85100	0.00373
54	0.00825	0.00755	0.01175	0.10937	0.46512	0.00766	0.00903	0.05377	0.01931	0.01240	0.01531	0.06145	0.19177	0.00547	0.00407	0.00123	0.00392	0.00492	0.00249	0.00517
55	0.00478	0.00363	0.00440	0.00486	0.00552	0.00325	0.00340	0.00570	0.00833	0.01081	0.13181	0.49141	0.28638	0.01086	0.00478	0.00144	0.00210	0.00960	0.00368	0.00325
56	0.01028	0.00751	0.00840	0.00701	0.00911	0.00801	0.00558	0.32074	0.16541	0.05805	0.28717	0.01856	0.06509	0.00615	0.00416	0.00122	0.00306	0.00511	0.00405	0.00535
57	0.01408	0.00708	0.00875	0.00704	0.00963	0.00692	0.00570	0.11495	0.16452	0.48105	0.11320	0.01487	0.01289	0.00524	0.00397	0.00122	0.00318	0.00431	0.01530	0.00612
58	0.01036	0.86609	0.02032	0.00663	0.00995	0.01534	0.00663	0.01161	0.00788	0.00912	0.00539	0.00622	0.00498	0.00332	0.00249	0.00083	0.00415	0.00207	0.00166	0.00498
59	0.01086	0.00885	0.00917	0.00762	0.01009	0.05810	0.00604	0.25078	0.30761	0.04068	0.09223	0.03522	0.01177	0.00510	0.00383	0.00114	0.00348	0.00414	0.00363	0.12965
60	0.00803	0.24573	0.49264	0.00881	0.01319	0.00985	0.01053	0.01115	0.00830	0.01138	0.04860	0.01174	0.09571	0.00444	0.00350	0.00113	0.00472	0.00341	0.00198	0.00517
61	0.01155	0.01073	0.00950	0.00809	0.01035	0.23537	0.01810	0.23581	0.12497	0.04154	0.07794	0.04582	0.06084	0.00545	0.00391	0.00115	0.00432	0.02676	0.00327	0.06453
62	0.04382	0.01178	0.01130	0.00893	0.01184	0.12932	0.00726	0.67291	0.02960	0.02197	0.00881	0.00896	0.00637	0.00454	0.00378	0.00114	0.00459	0.00332	0.00357	0.00621
63	0.00542	0.00396	0.00509	0.00481	0.00575	0.00363	0.00360	0.00718	0.01081	0.01517	0.77777	0.02958	0.09657	0.00807	0.00457	0.00123	0.00184	0.00710	0.00422	0.00363
64	0.00895	0.00859	0.01477	0.25644	0.59022	0.00906	0.03293	0.01135	0.00853	0.01189	0.00719	0.00983	0.00586	0.00357	0.00387	0.00119	0.00481	0.00348	0.00187	0.00560
65	0.32765	0.01317	0.00920	0.00855	0.04200	0.42991	0.00638	0.05108	0.00967	0.06063	0.00651	0.00730	0.00509	0.00391	0.00316	0.00110	0.00514	0.00252	0.00238	0.00467
66	0.27092	0.00686	0.00804	0.00638	0.00920	0.00657	0.00526	0.01672	0.00979	0.60291	0.01242	0.01119	0.00803	0.00445	0.00346	0.00120	0.00321	0.00338	0.00410	0.00590
67	0.01697	0.00659	0.00889	0.00684	0.00979	0.00573	0.00564	0.03155	0.01114	0.80416	0.01592	0.01385	0.03433	0.00495	0.00392	0.00120	0.00327	0.00402	0.00475	0.00650
68	0.03649	0.44822	0.28342	0.00833	0.01236	0.01264	0.00914	0.12629	0.00939	0.01253	0.00644	0.00729	0.00516	0.00363	0.00306	0.00102	0.00464	0.00253	0.00199	0.00542
69	0.00473	0.00366	0.00432	0.00474	0.00548	0.00325	0.00333	0.00564	0.00833	0.01065	0.10254	0.44266	0.36521	0.01079	0.00476	0.00143	0.00209	0.00948	0.00366	0.00325
70	0.00475	0.00339	0.00452	0.00538	0.00563	0.00316	0.00360	0.00546	0.00753	0.01007	0.04578	0.83633	0.02597	0.01202	0.00494	0.00156	0.00224	0.01090	0.00362	0.00316
71	0.01060	0.81849	0.01979	0.00682	0.01006	0.06210	0.00668	0.01183	0.00805	0.00914	0.00542	0.00626	0.00498	0.00335	0.00254	0.00084	0.00431	0.00210	0.00168	0.00495
72	0.03390	0.00705	0.01171	0.77733	0.07672	0.00865	0.01064	0.01007	0.00778	0.01030	0.00687	0.01017	0.00520	0.00384	0.00383	0.00128	0.00507	0.00341	0.00176	0.00442
73	0.00472	0.00337	0.00450	0.00540	0.00562	0.00315	0.00360	0.00540	0.00742	0.00990	0.02137	0.86122	0.02564	0.01215	0.00495	0.00157	0.00225	0.01102	0.00360	0.00315
74	0.00486	0.00399	0.00432	0.00439	0.00561	0.00345	0.00339	0.00603	0.00908	0.01115	0.12439	0.03711	0.66027	0.00971	0.00467	0.00135	0.00213	0.09710	0.00367	0.00335
75	0.00960	0.00921	0.01574	0.02380	0.83957	0.00921	0.01190	0.01190	0.00883	0.01267	0.00729	0.00960	0.00614	0.00345	0.00384	0.00115	0.00461	0.00345	0.00192	0.00614
76	0.01036	0.86609	0.02032	0.00663	0.00995	0.01534	0.00663	0.01161	0.00788	0.00912	0.00539	0.00622	0.00498	0.00332	0.00249	0.00083	0.00415	0.00207	0.00166	0.00498
77	0.00461	0.00393	0.00397	0.00396	0.00525	0.00328	0.00297	0.00562	0.00890	0.01063	0.06356	0.03706	0.81361	0.00976	0.00458	0.00131	0.00196	0.00815	0.00362	0.00328
78	0.00613	0.00432	0.00550	0.00511	0.00618	0.00408	0.00386	0.00848	0.06131	0.04397	0.73632	0.02776	0.05665	0.00771	0.00451	0.00123	0.00196	0.00678	0.00425	0.00390
79	0.04277	0.00819	0.00928	0.00735	0.00994	0.00857	0.00601	0.39037	0.02466	0.25311	0.01427	0.01371	0.09674	0.00528	0.00411	0.00119	0.03006	0.00408	0.06442	0.00588
80	0.01016	0.07380	0.59286	0.00981	0.01474	0.00875	0.01181	0.02585	0.00895	0.19428	0.00872	0.00917	0.00597	0.00392	0.00365	0.00119	0.00507	0.00305	0.00237	0.00588
81	0.00846	0.00768	0.01189	0.19933	0.43775	0.03389	0.00927	0.01042	0.00814	0.01142	0.00838	0.01237	0.00738	0.12450	0.00596	0.00152	0.00441	0.00374	0.08858	0.00491
82	0.13959	0.00722	0.00880	0.00688	0.00977	0.00689	0.00567	0.12034	0.01132	0.60998	0.01323	0.02440	0.00870	0.00472	0.00370	0.00120	0.00336	0.00370	0.00433	0.00621
83	0.01297	0.00885	0.00983	0.00798	0.01063	0.00961	0.00644	0.36194	0.29313	0.16853	0.05844	0.01285	0.01057	0.00507	0.00394	0.00122	0.00355	0.00406	0.00409	0.00628
84	0.01190	0.10372	0.01119	0.03667	0.01144	0.27326	0.00692	0.15525	0.29525	0.01435	0.01034	0.01048	0.01662	0.00501	0.01977	0.00123	0.00482	0.00340	0.00296	0.00543
85	0.00592	0.00472	0.00697	0.00675	0.00735	0.00577	0.00532	0.00724	0.00619	0.00904	0.00969	0.01434	0.00909	0.02615	0.73864	0.00564	0.12153	0.00405	0.00203	0.00356
86	0.00607	0.00503	0.03327	0.00517	0.00651	0.00440	0.00413	0.07115	0.01093	0.01491	0.55277	0.02874	0.22630	0.00798	0.00449	0.00124	0.00218	0.00688	0.00399	0.00386
87	0.01378	0.00996	0.01081	0.00847	0.01134	0.01095	0.00693	0.64831	0.10822	0.06527	0.05760	0.01120	0.00904	0.00492	0.00393	0.00119	0.00394	0.00381	0.00396	0.00637
88	0.00561	0.00416	0.00506	0.05308	0.00687	0.00381	0.00382	0.00692	0.00928	0.04599	0.27894	0.11875	0.38962	0.03370	0.00500	0.00138	0.00226	0.01849	0.00371	0.00355
89	0.00498	0.00372	0.00464	0.00493	0.00564	0.00338	0.00353	0.00615	0.00898	0.01200	0.30530	0.37719	0.20875	0.01015	0.00475	0.00140	0.00207	0.02525	0.00383	0.00336
90	0.01111	0.01221	0.01347	0.01132	0.04051	0.30310	0.19037	0.02921	0.07366	0.03449	0.00755	0.00926	0.00613	0.00527	0.03367	0.00139	0.16785	0.00342	0.00221	0.04377
91	0.01041	0.03378	0.01268	0.05605	0.05456	0.29152	0.18064	0.03950	0.04607	0.02445	0.02976	0.12518	0.00981	0.00556	0.01298	0.00127	0.01616	0.02970	0.00248	0.01745
92	0.08124	0.40967	0.04593	0.02138	0.05377	0.08169	0.13660	0.01198	0.02122	0.01104	0.00636	0.00766	0.00535	0.00377	0.01498	0.00105	0.00473	0.00271	0.00190	0.07696

[dist]
# distance from previous block
# <min> <max>
23	64

[block]
# block no. 4 follows, 70 sequences, length 58
# corresponding to MSA columns:
# 731-788
name=unknown_E
#
# <colnr> <probs for GDERKNQSTAVLIFYWHMCP>
#	G	D	E	R	K	N	Q	S	T	A	V	L	I	F	Y	W	H	M	C	P
0	0.01010	0.01068	0.10802	0.03019	0.09198	0.11765	0.11445	0.08013	0.05425	0.07062	0.04214	0.05162	0.01896	0.00460	0.00403	0.00113	0.02201	0.01803	0.00265	0.14678
1	0.00824	0.00697	0.00991	0.04045	0.26298	0.00713	0.01560	0.10459	0.07749	0.01329	0.04446	0.26517	0.01383	0.03109	0.01164	0.00139	0.01617	0.00593	0.00293	0.06073
2	0.01630	0.00694	0.00904	0.00708	0.00998	0.00639	0.00580	0.04120	0.11973	0.71086	0.01519	0.01326	0.00981	0.00486	0.00390	0.00121	0.00329	0.00395	0.00466	0.00654
3	0.00552	0.00378	0.00419	0.00419	0.00435	0.00370	0.00242	0.00563	0.00601	0.00786	0.01535	0.02676	0.10970	0.76467	0.01797	0.00347	0.00355	0.00593	0.00249	0.00246
4	0.01367	0.01052	0.01181	0.06059	0.03736	0.03276	0.02890	0.68535	0.01655	0.02205	0.00936	0.03624	0.00704	0.00475	0.00392	0.00118	0.00440	0.00373	0.00358	0.00624
5	0.00486	0.00347	0.00466	0.00555	0.00584	0.00327	0.00384	0.00564	0.00756	0.01005	0.02129	0.78765	0.02534	0.01202	0.00498	0.00159	0.00237	0.08324	0.00360	0.00319
6	0.00909	0.05986	0.04566	0.02560	0.02129	0.02834	0.04270	0.02374	0.00862	0.07091	0.02916	0.00902	0.00673	0.00331	0.00314	0.00076	0.00344	0.00271	0.00244	0.60348
7	0.00964	0.03144	0.01536	0.08648	0.72849	0.02494	0.01150	0.01190	0.00879	0.02411	0.00730	0.00957	0.00606	0.00351	0.00380	0.00115	0.00466	0.00341	0.00194	0.00595
8	0.00564	0.00376	0.00423	0.00423	0.00423	0.00376	0.00235	0.00564	0.00564	0.00752	0.01222	0.02537	0.01409	0.86375	0.01973	0.00376	0.00376	0.00564	0.00235	0.00235
9	0.00478	0.00397	0.00421	0.00423	0.00548	0.00339	0.00323	0.00590	0.00906	0.01106	0.11915	0.03688	0.70310	0.00968	0.00463	0.00133	0.00206	0.06085	0.00367	0.00333
10	0.00788	0.00675	0.00785	0.00566	0.00900	0.00508	0.00452	0.00957	0.00808	0.01253	0.00840	0.00940	0.04445	0.00319	0.00295	0.00061	0.00283	0.00257	0.00236	0.84633
11	0.00612	0.00476	0.00567	0.00603	0.00683	0.00493	0.00428	0.02318	0.21370	0.01174	0.02035	0.60862	0.04816	0.01022	0.00467	0.00149	0.00248	0.00914	0.00369	0.00396
12	0.00472	0.00337	0.00450	0.00540	0.00562	0.00315	0.00360	0.00540	0.00742	0.00990	0.02137	0.86122	0.02564	0.01215	0.00495	0.00157	0.00225	0.01102	0.00360	0.00315
13	0.00808	0.00649	0.00880	0.00940	0.11348	0.00674	0.04823	0.10886	0.16219	0.02682	0.01644	0.31912	0.02742	0.00808	0.00451	0.00143	0.00335	0.11243	0.00342	0.00471
14	0.00784	0.03966	0.82458	0.01095	0.01662	0.00915	0.01415	0.01226	0.00818	0.01220	0.00692	0.00814	0.00491	0.00367	0.00366	0.00122	0.00569	0.00285	0.00164	0.00571
15	0.00732	0.00689	0.01163	0.85444	0.02670	0.00861	0.01077	0.00991	0.00775	0.00991	0.00689	0.01034	0.00517	0.00388	0.00388	0.00129	0.00517	0.00345	0.00172	0.00431
16	0.00513	0.00409	0.00470	0.00500	0.00615	0.00366	0.00403	0.00638	0.00887	0.01089	0.04242	0.05334	0.55061	0.01012	0.00484	0.00147	0.00249	0.26882	0.00360	0.00337
17	0.00626	0.00531	0.00750	0.00706	0.00791	0.04208	0.04322	0.00767	0.00655	0.00918	0.00980	0.01440	0.00911	0.03620	0.71499	0.00549	0.05753	0.00408	0.00205	0.00362
18	0.01224	0.00696	0.00834	0.00691	0.00924	0.00702	0.00553	0.11039	0.23396	0.33460	0.18358	0.01690	0.03552	0.00567	0.00406	0.00123	0.00302	0.00472	0.00432	0.00579
19	0.00724	0.00696	0.00615	0.00585	0.00731	0.13706	0.00446	0.02699	0.11993	0.01210	0.13684	0.05867	0.40218	0.00806	0.00436	0.00128	0.00302	0.04408	0.00349	0.00398
20	0.01283	0.29019	0.05483	0.00896	0.01157	0.54012	0.00755	0.01408	0.00985	0.00951	0.00585	0.00680	0.00498	0.00376	0.00318	0.00096	0.00602	0.00238	0.00187	0.00471
21	0.02412	0.00822	0.00849	0.00637	0.00960	0.08164	0.00506	0.05663	0.03823	0.01322	0.00724	0.00822	0.00591	0.00317	0.00301	0.00068	0.00333	0.00245	0.00242	0.71199
22	0.00882	0.21178	0.00992	0.00637	0.00776	0.16729	0.00489	0.03957	0.01872	0.00920	0.00912	0.01532	0.00934	0.34785	0.11623	0.00272	0.00531	0.00391	0.00216	0.00373
23	0.01120	0.00780	0.00870	0.00756	0.00988	0.00856	0.00595	0.03372	0.60441	0.19300	0.05378	0.01478	0.01241	0.00527	0.00396	0.00128	0.00308	0.00439	0.00414	0.00613
24	0.00813	0.00772	0.01309	0.55820	0.31660	0.00883	0.01117	0.01062	0.00814	0.01089	0.00703	0.01007	0.00551	0.00373	0.00386	0.00124	0.00497	0.00345	0.00179	0.00496
25	0.00693	0.00571	0.00839	0.01076	0.22908	0.00563	0.00678	0.00917	0.04669	0.01287	0.21102	0.05843	0.08611	0.00785	0.00463	0.00142	0.00324	0.27762	0.00331	0.00435
26	0.00564	0.00376	0.00423	0.00423	0.00423	0.00376	0.00235	0.00564	0.00564	0.00752	0.01222	0.02537	0.01409	0.86375	0.01973	0.00376	0.00376	0.00564	0.00235	0.00235
27	0.00485	0.00350	0.00461	0.00546	0.00581	0.00327	0.00379	0.00564	0.00764	0.01008	0.02242	0.73853	0.07650	0.01187	0.00496	0.00158	0.00235	0.08036	0.00360	0.00319
28	0.00531	0.00388	0.00502	0.00511	0.00591	0.00359	0.00382	0.00681	0.00983	0.01352	0.51749	0.21186	0.10235	0.00926	0.00473	0.00136	0.00209	0.08056	0.00400	0.00351
29	0.07447	0.10941	0.01196	0.00831	0.01126	0.03352	0.00694	0.61423	0.03706	0.02122	0.00896	0.02936	0.00680	0.00461	0.00363	0.00114	0.00416	0.00341	0.00347	0.00609
30	0.00673	0.00337	0.00505	0.00505	0.00505	0.00337	0.00337	0.00505	0.00505	0.00673	0.00673	0.01178	0.00673	0.01347	0.01515	0.88721	0.00337	0.00337	0.00168	0.00168
31	0.00469	0.00366	0.00427	0.00474	0.00549	0.00324	0.00335	0.00554	0.00813	0.01021	0.02989	0.44950	0.41317	0.01100	0.00478	0.00145	0.00214	0.02792	0.00360	0.00322
32	0.02998	0.05725	0.28888	0.10446	0.10462	0.01871	0.16083	0.04420	0.08356	0.01283	0.02233	0.01081	0.03612	0.00405	0.00387	0.00123	0.00507	0.00366	0.00217	0.00539
33	0.00516	0.00373	0.00489	0.00521	0.00579	0.00350	0.00367	0.00656	0.02510	0.01256	0.38753	0.47122	0.03028	0.01012	0.00476	0.00141	0.00208	0.00909	0.00391	0.00344
34	0.00494	0.00348	0.00442	0.00508	0.00528	0.00330	0.00328	0.00546	0.00703	0.00934	0.01965	0.63760	0.04507	0.21698	0.00850	0.00209	0.00260	0.00965	0.00330	0.00296
35	0.01018	0.46712	0.13676	0.00770	0.01076	0.15468	0.00750	0.01179	0.00848	0.03251	0.00798	0.11316	0.00767	0.00462	0.00318	0.00102	0.00460	0.00342	0.00204	0.00482
36	0.01292	0.24999	0.01432	0.01022	0.10742	0.20474	0.00769	0.30337	0.01246	0.03132	0.00734	0.00803	0.00578	0.00399	0.00340	0.00103	0.00488	0.00287	0.00262	0.00561
37	0.00588	0.00448	0.00458	0.00444	0.00576	0.01434	0.00335	0.01674	0.06363	0.03128	0.07564	0.05234	0.56065	0.00847	0.00424	0.00125	0.00213	0.00706	0.13007	0.00366
38	0.00835	0.00708	0.00821	0.00589	0.00932	0.00549	0.00472	0.04775	0.00851	0.01318	0.00700	0.00810	0.00578	0.00295	0.00292	0.00060	0.00294	0.00235	0.00237	0.84648
39	0.12435	0.39613	0.03390	0.00753	0.01052	0.14862	0.00674	0.16798	0.01035	0.05206	0.00673	0.00731	0.00540	0.00380	0.00300	0.00099	0.00448	0.00252	0.00238	0.00520
40	0.00521	0.00375	0.00484	0.00555	0.00593	0.00359	0.00377	0.04569	0.00797	0.01062	0.02104	0.80732	0.03664	0.01174	0.00489	0.00155	0.00234	0.01061	0.00361	0.00332
41	0.02575	0.05777	0.68066	0.01035	0.01544	0.02064	0.01272	0.01324	0.10383	0.01265	0.00786	0.00877	0.00570	0.00385	0.00363	0.00122	0.00531	0.00298	0.00193	0.00569
42	0.00476	0.00340	0.00454	0.00544	0.00568	0.00318	0.00366	0.00546	0.00746	0.00993	0.02135	0.84326	0.02557	0.01211	0.00496	0.00158	0.00228	0.02865	0.00360	0.00316
43	0.00488	0.00393	0.00435	0.00426	0.00542	0.00340	0.00319	0.00613	0.00951	0.01212	0.29999	0.04652	0.56422	0.00923	0.00458	0.00128	0.00192	0.00784	0.00382	0.00340
44	0.01194	0.00936	0.01024	0.04648	0.01167	0.01058	0.00691	0.42969	0.34254	0.01978	0.01183	0.01169	0.00877	0.00600	0.04318	0.00147	0.00411	0.00388	0.00372	0.00616
45	0.00557	0.00402	0.00555	0.00555	0.00600	0.00448	0.00399	0.00648	0.00603	0.00849	0.01101	0.01869	0.01119	0.31360	0.56591	0.00539	0.00813	0.00466	0.00217	0.00308
46	0.00478	0.00342	0.00456	0.00543	0.00569	0.00319	0.00367	0.00551	0.00754	0.01007	0.03991	0.82093	0.02580	0.01201	0.00495	0.00157	0.00227	0.03190	0.00361	0.00317
47	0.00819	0.00698	0.00812	0.00582	0.00925	0.00533	0.00466	0.02868	0.00828	0.01291	0.00695	0.00807	0.00576	0.00291	0.00289	0.00059	0.00290	0.00232	0.00233	0.86705
48	0.01234	0.01095	0.07725	0.00828	0.01071	0.16834	0.00692	0.23712	0.14069	0.12488	0.01003	0.01092	0.00762	0.03474	0.00578	0.10407	0.01741	0.00350	0.00313	0.00530
49	0.00549	0.00371	0.00428	0.00440	0.00448	0.00366	0.00256	0.00564	0.00606	0.00808	0.03307	0.14166	0.03024	0.71119	0.01707	0.00335	0.00347	0.00646	0.00259	0.00251
50	0.00475	0.00347	0.00441	0.00514	0.00551	0.00319	0.00345	0.00543	0.00754	0.00987	0.02344	0.70808	0.13820	0.05099	0.00558	0.00164	0.00228	0.01038	0.00354	0.00313
51	0.32643	0.04459	0.15020	0.00944	0.09439	0.12153	0.02515	0.10618	0.00929	0.03509	0.00673	0.00771	0.00515	0.00375	0.00318	0.00113	0.00442	0.00268	0.00236	0.04060
52	0.47649	0.00716	0.00697	0.00560	0.00842	0.00713	0.00458	0.01221	0.00781	0.15935	0.00756	0.00801	0.00560	0.00359	0.00280	0.00101	0.00301	0.00247	0.00279	0.26743
53	0.00476	0.00347	0.00446	0.00521	0.00558	0.00320	0.00353	0.00548	0.00761	0.01000	0.03433	0.72364	0.11973	0.03234	0.00526	0.00159	0.00226	0.02079	0.00358	0.00316
54	0.00503	0.00371	0.00430	0.00461	0.00513	0.00342	0.00307	0.00564	0.00744	0.00954	0.04798	0.30353	0.27074	0.27768	0.00946	0.00217	0.00265	0.02770	0.00323	0.00296
55	0.02922	0.00899	0.01086	0.09647	0.09977	0.10182	0.08203	0.10779	0.21762	0.03664	0.02077	0.13085	0.02897	0.00558	0.00405	0.00127	0.00419	0.00487	0.00304	0.00520
56	0.00561	0.00387	0.00480	0.00480	0.00499	0.00407	0.00306	0.00600	0.00581	0.00794	0.01169	0.02249	0.01284	0.62627	0.25550	0.00446	0.00564	0.00522	0.00227	0.00267
57	0.00475	0.00340	0.00447	0.00532	0.00557	0.00317	0.00354	0.00541	0.00741	0.00984	0.02160	0.81026	0.04918	0.03929	0.00541	0.00164	0.00229	0.01077	0.00356	0.00313

[dist]
# distance from previous block
# <min> <max>
4	6

[block]
# block no. 5 follows, 70 sequences, length 26
# corresponding to MSA columns:
# 796-821
name=unknown_F
#
# <colnr> <probs for GDERKNQSTAVLIFYWHMCP>
#	G	D	E	R	K	N	Q	S	T	A	V	L	I	F	Y	W	H	M	C	P
0	0.01050	0.02816	0.04344	0.02553	0.39142	0.04844	0.02395	0.19887	0.06726	0.01510	0.02167	0.06632	0.00822	0.00462	0.00416	0.00120	0.02870	0.00400	0.00263	0.00580
1	0.01015	0.65210	0.17593	0.00761	0.01138	0.01393	0.00814	0.06275	0.00858	0.01068	0.00593	0.00679	0.00506	0.00347	0.00280	0.00093	0.00445	0.00231	0.00179	0.00522
2	0.00527	0.00395	0.00488	0.00465	0.00566	0.00356	0.00349	0.00689	0.01046	0.01432	0.64417	0.03098	0.23070	0.00838	0.00457	0.00124	0.00186	0.00729	0.00411	0.00356
3	0.02305	0.00805	0.01166	0.61599	0.11164	0.06439	0.01013	0.01151	0.08464	0.01089	0.00767	0.01035	0.00586	0.00396	0.00383	0.00126	0.00500	0.00345	0.00198	0.00469
4	0.00745	0.00875	0.13965	0.00688	0.00892	0.08710	0.00615	0.03569	0.13397	0.01356	0.28070	0.09458	0.13414	0.00704	0.00426	0.00126	0.00329	0.01878	0.00341	0.00443
5	0.00761	0.03366	0.19753	0.00692	0.00938	0.00561	0.03351	0.00984	0.00962	0.11749	0.30759	0.07760	0.13561	0.00688	0.00427	0.00126	0.00321	0.02447	0.00343	0.00450
6	0.01024	0.00796	0.00864	0.00763	0.00984	0.00895	0.00597	0.04421	0.67698	0.09311	0.06997	0.01515	0.01311	0.00537	0.00398	0.00129	0.00304	0.00448	0.00404	0.00603
7	0.00922	0.01048	0.10149	0.02869	0.03825	0.08318	0.16420	0.03036	0.08477	0.03525	0.02223	0.05092	0.03498	0.00550	0.00691	0.00140	0.28081	0.00417	0.00231	0.00487
8	0.05270	0.01243	0.03598	0.03712	0.03842	0.28243	0.00733	0.26127	0.10709	0.09401	0.00921	0.00974	0.00690	0.02330	0.00404	0.00120	0.00494	0.00327	0.00306	0.00554
9	0.00607	0.00377	0.00485	0.00530	0.00588	0.00350	0.00369	0.00693	0.00788	0.07969	0.04549	0.58529	0.06266	0.06991	0.00573	0.00164	0.00243	0.03702	0.05882	0.00345
10	0.00481	0.00351	0.00456	0.00535	0.00575	0.00325	0.00371	0.00560	0.00769	0.01008	0.02333	0.71152	0.11714	0.01178	0.00494	0.00156	0.00231	0.06632	0.00360	0.00319
11	0.03650	0.46846	0.06136	0.00884	0.05785	0.26280	0.00752	0.01308	0.03346	0.01005	0.00607	0.00700	0.00523	0.00361	0.00297	0.00094	0.00504	0.00239	0.00186	0.00495
12	0.18842	0.00679	0.02497	0.00622	0.00777	0.05760	0.01839	0.09182	0.05283	0.01441	0.17426	0.25581	0.06258	0.01581	0.00419	0.00133	0.00301	0.00629	0.00335	0.00414
13	0.00534	0.00370	0.00467	0.00520	0.00544	0.00361	0.00351	0.00591	0.00694	0.00920	0.01751	0.39137	0.02042	0.35813	0.01102	0.00250	0.00307	0.13649	0.00309	0.00289
14	0.00472	0.00337	0.00450	0.00540	0.00562	0.00315	0.00360	0.00540	0.00742	0.00990	0.02137	0.86122	0.02564	0.01215	0.00495	0.00157	0.00225	0.01102	0.00360	0.00315
15	0.00888	0.00950	0.06179	0.02746	0.23600	0.03365	0.15758	0.04233	0.01888	0.01188	0.03261	0.07970	0.00827	0.00532	0.00659	0.00138	0.24669	0.00432	0.00216	0.00504
16	0.00778	0.02005	0.84367	0.01105	0.01678	0.00900	0.01432	0.01228	0.00818	0.01228	0.00696	0.00818	0.00491	0.00368	0.00368	0.00123	0.00573	0.00286	0.00164	0.00573
17	0.00569	0.00442	0.00495	0.00471	0.00600	0.00407	0.00357	0.00792	0.08711	0.03274	0.32188	0.03160	0.45395	0.00859	0.00450	0.00127	0.00205	0.00730	0.00390	0.00376
18	0.00876	0.05086	0.12718	0.06632	0.34250	0.03683	0.10525	0.01147	0.03522	0.01216	0.04737	0.01171	0.00817	0.06083	0.00485	0.00133	0.00467	0.00376	0.05552	0.00523
19	0.03207	0.00971	0.09905	0.42459	0.07001	0.08222	0.03159	0.05193	0.02582	0.07358	0.00782	0.01002	0.00585	0.00481	0.03002	0.00140	0.02909	0.00337	0.00217	0.00490
20	0.00507	0.00423	0.00496	0.00553	0.06063	0.00372	0.00371	0.00625	0.00905	0.01137	0.16290	0.11063	0.57956	0.00931	0.00457	0.00131	0.00214	0.00795	0.00360	0.00351
21	0.09393	0.00993	0.06514	0.00829	0.01087	0.05249	0.01717	0.31822	0.09591	0.11743	0.01067	0.01105	0.03455	0.00634	0.05520	0.00154	0.07872	0.00361	0.00328	0.00564
22	0.00922	0.07258	0.21607	0.06172	0.22458	0.02034	0.14445	0.01346	0.13868	0.03038	0.00859	0.00999	0.00660	0.00388	0.00403	0.00122	0.02281	0.00354	0.00221	0.00565
23	0.00493	0.00379	0.00451	0.00465	0.00553	0.00337	0.00337	0.00612	0.00919	0.01207	0.30979	0.25512	0.34399	0.00979	0.00468	0.00135	0.00199	0.00854	0.00383	0.00337
24	0.00915	0.00928	0.01729	0.12637	0.47195	0.00937	0.25690	0.01175	0.00873	0.01217	0.00736	0.00992	0.00592	0.00352	0.00426	0.00123	0.02356	0.00379	0.00190	0.00559
25	0.00932	0.02036	0.06590	0.10587	0.17672	0.04152	0.06208	0.02814	0.11201	0.10777	0.01326	0.03249	0.09081	0.02928	0.07376	0.00172	0.00474	0.01639	0.00276	0.00512

[dist]
# distance from previous block
# <min> <max>
8	190

[block]
# block no. 6 follows, 70 sequences, length 12
# corresponding to MSA columns:
# 1052-1063
name=unknown_G
#
# <colnr> <probs for GDERKNQSTAVLIFYWHMCP>
#	G	D	E	R	K	N	Q	S	T	A	V	L	I	F	Y	W	H	M	C	P
0	0.04382	0.15365	0.14588	0.01910	0.03627	0.10454	0.04636	0.12846	0.07463	0.05179	0.04793	0.03762	0.00858	0.02532	0.04097	0.00141	0.00478	0.00359	0.00262	0.02269
1	0.00986	0.13487	0.11644	0.02860	0.05258	0.04403	0.03884	0.18124	0.04078	0.04702	0.06502	0.10821	0.03070	0.01570	0.01714	0.00129	0.03204	0.00445	0.00284	0.02834
2	0.03447	0.07266	0.07117	0.20282	0.03024	0.06050	0.02393	0.07505	0.03923	0.07777	0.02652	0.08669	0.05388	0.00586	0.02365	0.00135	0.06743	0.00426	0.00260	0.03993
3	0.03054	0.26728	0.17747	0.00880	0.04570	0.15984	0.02431	0.06519	0.00920	0.01147	0.04290	0.04653	0.02771	0.05116	0.01531	0.00128	0.00484	0.00346	0.00218	0.00485
4	0.48971	0.14967	0.10635	0.00716	0.02614	0.04799	0.02017	0.07022	0.02804	0.01539	0.00621	0.00708	0.00487	0.00369	0.00282	0.00113	0.00387	0.00242	0.00230	0.00479
5	0.20026	0.22465	0.34623	0.00855	0.01263	0.01072	0.03251	0.08376	0.00874	0.03018	0.00663	0.00756	0.00504	0.00367	0.00316	0.00112	0.00459	0.00263	0.00208	0.00529
6	0.00705	0.03450	0.26545	0.00780	0.01045	0.04142	0.04559	0.02791	0.02870	0.02365	0.09930	0.22624	0.13853	0.00729	0.00426	0.00132	0.00379	0.01943	0.00289	0.00443
7	0.00551	0.00404	0.00562	0.00559	0.00619	0.00444	0.00413	0.00664	0.00668	0.00939	0.09211	0.01958	0.04773	0.19901	0.55994	0.00503	0.00783	0.00491	0.00241	0.00324
8	0.00598	0.00486	0.00533	0.00515	0.00632	0.01619	0.00386	0.04844	0.07007	0.01228	0.15759	0.15710	0.40282	0.02454	0.01565	0.00143	0.02917	0.00750	0.02200	0.00373
9	0.00887	0.02342	0.02847	0.00695	0.02247	0.11637	0.00548	0.04475	0.03254	0.01247	0.05786	0.03951	0.02509	0.03468	0.00427	0.00095	0.03921	0.00332	0.00250	0.49082
10	0.77946	0.02884	0.00684	0.05608	0.04422	0.00888	0.00498	0.01133	0.00679	0.01654	0.00557	0.00668	0.00436	0.00360	0.00255	0.00119	0.00322	0.00224	0.00232	0.00431
11	0.00894	0.01080	0.08173	0.01487	0.01888	0.00927	0.68232	0.01214	0.00897	0.01243	0.00768	0.01004	0.00580	0.00326	0.00434	0.00123	0.00610	0.00422	0.00197	0.09502

[dist]
# distance from previous block
# <min> <max>
0	2

[block]
