[name]
unknown

[dist]
# distance from previous block
# <min> <max>
0	53

[block]
# block no. 0 follows, 74 sequences, length 7
# corresponding to MSA columns:
# 60-66
name=unknown_A
#
# <colnr> <probs for GDERKNQSTAVLIFYWHMCP>
#	G	D	E	R	K	N	Q	S	T	A	V	L	I	F	Y	W	H	M	C	P
0	0.00552	0.00400	0.00480	0.00509	0.00614	0.00363	0.00407	0.00669	0.00835	0.04711	0.02791	0.11350	0.41894	0.03906	0.00514	0.00151	0.00255	0.28920	0.00345	0.00333
1	0.00479	0.00349	0.00476	0.04868	0.00651	0.00340	0.00392	0.00558	0.00715	0.00949	0.01930	0.72578	0.02282	0.05007	0.00536	0.00160	0.00245	0.06847	0.00330	0.00307
2	0.00876	0.01001	0.02190	0.01564	0.01940	0.00939	0.83292	0.01189	0.00876	0.01189	0.00751	0.01001	0.00563	0.00313	0.00438	0.00125	0.00626	0.00438	0.00188	0.00501
3	0.01603	0.00676	0.00882	0.00682	0.00966	0.00618	0.00562	0.08874	0.05581	0.73275	0.01417	0.01238	0.00905	0.00461	0.00373	0.00115	0.00323	0.00372	0.00447	0.00629
4	0.00737	0.00696	0.01178	0.72206	0.16132	0.00834	0.01049	0.00980	0.00759	0.00992	0.00666	0.00978	0.00510	0.00364	0.00371	0.00121	0.00486	0.00330	0.00168	0.00441
5	0.00822	0.00830	0.01587	0.25512	0.01894	0.00850	0.42968	0.07100	0.00899	0.01190	0.00971	0.01377	0.04337	0.00428	0.00421	0.00128	0.00529	0.07480	0.00215	0.00463
6	0.00684	0.00611	0.03147	0.00678	0.00794	0.00644	0.02902	0.01122	0.30679	0.01175	0.03980	0.32019	0.04132	0.07003	0.00604	0.00155	0.08266	0.00662	0.00323	0.00423

[dist]
# distance from previous block
# <min> <max>
1	47

[block]
# block no. 1 follows, 74 sequences, length 19
# corresponding to MSA columns:
# 115-133
name=unknown_B
#
# <colnr> <probs for GDERKNQSTAVLIFYWHMCP>
#	G	D	E	R	K	N	Q	S	T	A	V	L	I	F	Y	W	H	M	C	P
0	0.24029	0.06044	0.01101	0.02770	0.17634	0.10933	0.03433	0.21008	0.04345	0.02815	0.00717	0.00807	0.00554	0.00375	0.00323	0.00109	0.00414	0.00285	0.00252	0.02050
1	0.05868	0.01180	0.36929	0.07624	0.09521	0.00741	0.00956	0.02252	0.04099	0.10767	0.03938	0.02514	0.00769	0.00453	0.00398	0.03618	0.00426	0.01759	0.05688	0.00503
2	0.00451	0.00328	0.00426	0.00504	0.00535	0.00303	0.00339	0.00518	0.00723	0.00953	0.02203	0.79110	0.09957	0.01143	0.00471	0.00148	0.00213	0.01030	0.00345	0.00303
3	0.00519	0.00373	0.00497	0.00503	0.00561	0.00385	0.00365	0.00597	0.00674	0.00913	0.09409	0.10521	0.15207	0.13616	0.35684	0.08499	0.00557	0.00566	0.00257	0.00297
4	0.00634	0.00374	0.00430	0.00410	0.00510	0.00352	0.00310	0.00798	0.00907	0.04738	0.34743	0.02195	0.11944	0.00624	0.00357	0.00104	0.00181	0.00529	0.39504	0.00355
5	0.89577	0.00718	0.00546	0.00488	0.00718	0.00833	0.00402	0.01091	0.00632	0.01665	0.00517	0.00603	0.00402	0.00345	0.00230	0.00115	0.00287	0.00201	0.00230	0.00402
6	0.00507	0.00374	0.00474	0.00459	0.00546	0.00341	0.00340	0.00660	0.00991	0.01372	0.65726	0.10560	0.14631	0.00821	0.00441	0.00121	0.00181	0.00722	0.00394	0.00341
7	0.00812	0.00812	0.01137	0.00975	0.00975	0.01137	0.00812	0.00893	0.00568	0.00893	0.00487	0.00812	0.00487	0.00650	0.01218	0.00162	0.86276	0.00325	0.00162	0.00406
8	0.01358	0.01322	0.01064	0.00888	0.01133	0.36187	0.00700	0.42258	0.08609	0.01676	0.00813	0.00842	0.00611	0.00424	0.00357	0.00106	0.00507	0.00302	0.00297	0.00544
9	0.00992	0.87178	0.01945	0.00635	0.00953	0.01469	0.00635	0.01111	0.00754	0.00873	0.00516	0.00595	0.00476	0.00318	0.00238	0.00079	0.00397	0.00198	0.00159	0.00476
10	0.00906	0.03369	0.55678	0.07178	0.03766	0.02413	0.03118	0.01266	0.02543	0.13346	0.00794	0.00884	0.00557	0.00377	0.00375	0.00117	0.02261	0.00300	0.00208	0.00545
11	0.00940	0.39742	0.38165	0.00849	0.01267	0.01106	0.03369	0.01203	0.00798	0.08446	0.00672	0.00749	0.00515	0.00345	0.00306	0.00101	0.00463	0.00254	0.00185	0.00522
12	0.00439	0.00376	0.00376	0.00376	0.00501	0.00313	0.00282	0.00533	0.00846	0.01003	0.03760	0.03572	0.84489	0.00940	0.00439	0.00125	0.00188	0.00783	0.00345	0.00313
13	0.00849	0.00773	0.13685	0.03963	0.02485	0.02340	0.03566	0.01124	0.10231	0.16935	0.01451	0.28482	0.01400	0.01787	0.02267	0.00146	0.01603	0.06143	0.00316	0.00457
14	0.00745	0.00628	0.03513	0.00884	0.09445	0.00653	0.06333	0.00869	0.00717	0.08083	0.03522	0.12670	0.05349	0.13859	0.11260	0.00227	0.18619	0.01977	0.00248	0.00398
15	0.01296	0.01618	0.01065	0.00959	0.01120	0.72160	0.00732	0.01389	0.00976	0.00906	0.00560	0.00692	0.00480	0.00425	0.00474	0.00106	0.14176	0.00253	0.00187	0.00426
16	0.00919	0.00882	0.01507	0.02278	0.84640	0.00882	0.01139	0.01139	0.00845	0.01213	0.00698	0.00919	0.00588	0.00331	0.00367	0.00110	0.00441	0.00331	0.00184	0.00588
17	0.82282	0.02743	0.00610	0.00520	0.00744	0.03650	0.00429	0.01099	0.00647	0.01602	0.00518	0.00611	0.00408	0.00353	0.00259	0.00115	0.02575	0.00205	0.00225	0.00405
18	0.18652	0.00716	0.00780	0.03104	0.00930	0.00692	0.00503	0.11613	0.07965	0.12146	0.00856	0.00897	0.00641	0.00362	0.00302	0.00091	0.00304	0.00275	0.03618	0.35553

[dist]
# distance from previous block
# <min> <max>
0	1

[block]
# block no. 2 follows, 74 sequences, length 19
# corresponding to MSA columns:
# 135-153
name=unknown_C
#
# <colnr> <probs for GDERKNQSTAVLIFYWHMCP>
#	G	D	E	R	K	N	Q	S	T	A	V	L	I	F	Y	W	H	M	C	P
0	0.00741	0.00612	0.00707	0.00566	0.00807	0.00544	0.00444	0.01090	0.17880	0.01351	0.20719	0.01388	0.01381	0.00441	0.00334	0.00085	0.00252	0.00372	0.02859	0.47427
1	0.00525	0.00379	0.00496	0.00467	0.00555	0.00350	0.00350	0.00700	0.01051	0.01488	0.84444	0.02773	0.03502	0.00759	0.00438	0.00117	0.00175	0.00671	0.00409	0.00350
2	0.00591	0.00425	0.00588	0.00670	0.00757	0.00422	0.00584	0.00758	0.00854	0.01106	0.02046	0.04159	0.05834	0.01022	0.00509	0.00169	0.00335	0.78488	0.00342	0.00341
3	0.01110	0.01141	0.02838	0.05300	0.14839	0.26780	0.04922	0.07936	0.12649	0.05896	0.00827	0.00967	0.00656	0.00438	0.00467	0.00117	0.10809	0.01560	0.00242	0.00506
4	0.02752	0.00828	0.20631	0.00760	0.00967	0.00572	0.07477	0.06182	0.02542	0.02741	0.01480	0.48318	0.01606	0.00808	0.00426	0.00136	0.00346	0.00726	0.00289	0.00412
5	0.00899	0.22749	0.16457	0.06520	0.06378	0.03998	0.08048	0.03487	0.00833	0.06322	0.02249	0.08115	0.00757	0.00433	0.00354	0.01415	0.00424	0.00353	0.01279	0.08931
6	0.00744	0.01920	0.85032	0.01058	0.01607	0.00862	0.01371	0.01176	0.00784	0.01176	0.00666	0.00784	0.00470	0.00353	0.00353	0.00118	0.00549	0.00274	0.00157	0.00549
7	0.00701	0.00660	0.01113	0.86063	0.02556	0.00825	0.01031	0.00948	0.00742	0.00948	0.00660	0.00990	0.00495	0.00371	0.00371	0.00124	0.00495	0.00330	0.00165	0.00412
8	0.00585	0.00479	0.03783	0.00592	0.00701	0.00457	0.02243	0.03075	0.00768	0.02308	0.09873	0.09378	0.10958	0.01689	0.38475	0.00339	0.00594	0.08156	0.05191	0.00355
9	0.04668	0.00836	0.15992	0.00798	0.06176	0.00656	0.00683	0.02279	0.15279	0.18505	0.04025	0.05759	0.05683	0.04829	0.09011	0.00181	0.00416	0.03422	0.00307	0.00493
10	0.01174	0.00775	0.03412	0.00838	0.00985	0.00880	0.00708	0.03008	0.04317	0.35066	0.00941	0.01020	0.00692	0.00554	0.00798	0.00139	0.43538	0.00347	0.00296	0.00514
11	0.00695	0.00499	0.00588	0.00537	0.00675	0.00498	0.00412	0.01066	0.21113	0.07784	0.44875	0.02452	0.15925	0.00704	0.00418	0.00120	0.00217	0.00606	0.00395	0.00423
12	0.00931	0.14863	0.23025	0.19184	0.03517	0.03805	0.06869	0.08731	0.02845	0.07360	0.00810	0.03902	0.00641	0.00406	0.00354	0.00114	0.00470	0.01447	0.00219	0.00505
13	0.11398	0.00807	0.00939	0.02128	0.01022	0.03266	0.02833	0.27254	0.01181	0.36586	0.01070	0.01059	0.00737	0.02718	0.00426	0.00121	0.03508	0.00341	0.02038	0.00568
14	0.00896	0.00879	0.00619	0.00585	0.00715	0.31894	0.00437	0.01025	0.00897	0.01136	0.03682	0.03613	0.14945	0.00526	0.00328	0.00099	0.00361	0.00406	0.36587	0.00371
15	0.00801	0.00762	0.01294	0.47580	0.40258	0.00851	0.01081	0.01036	0.00790	0.01070	0.00677	0.00957	0.00538	0.00353	0.00369	0.00118	0.00470	0.00330	0.00174	0.00493
16	0.00645	0.00322	0.00484	0.00484	0.00484	0.00322	0.00322	0.00484	0.00484	0.00645	0.00645	0.01128	0.00645	0.01289	0.01451	0.89201	0.00322	0.00322	0.00161	0.00161
17	0.00840	0.00518	0.00570	0.00508	0.00650	0.00535	0.00395	0.13465	0.09177	0.06582	0.15439	0.03951	0.03698	0.00533	0.00336	0.00104	0.00231	0.00440	0.41598	0.00429
18	0.03417	0.11210	0.01026	0.00762	0.00989	0.06545	0.00616	0.17032	0.46445	0.01540	0.01151	0.01142	0.00886	0.02738	0.00416	0.00123	0.02726	0.00360	0.00324	0.00553

[dist]
# distance from previous block
# <min> <max>
0	2

[block]
# block no. 3 follows, 74 sequences, length 14
# corresponding to MSA columns:
# 156-169
name=unknown_D
#
# <colnr> <probs for GDERKNQSTAVLIFYWHMCP>
#	G	D	E	R	K	N	Q	S	T	A	V	L	I	F	Y	W	H	M	C	P
0	0.08218	0.01081	0.22486	0.06694	0.23026	0.00841	0.10849	0.02254	0.02717	0.07937	0.01887	0.02412	0.00646	0.00443	0.02223	0.00130	0.05077	0.00342	0.00214	0.00522
1	0.00822	0.00490	0.00610	0.00533	0.00692	0.00450	0.00417	0.04214	0.04260	0.19032	0.40916	0.03635	0.12524	0.00678	0.00410	0.00116	0.00231	0.02887	0.01778	0.05306
2	0.00491	0.00377	0.00453	0.00439	0.00538	0.00339	0.00329	0.00631	0.00948	0.01270	0.49070	0.05538	0.33393	0.00911	0.03499	0.00138	0.00211	0.00714	0.00375	0.00334
3	0.00851	0.01059	0.24248	0.04047	0.13981	0.00724	0.03105	0.05979	0.03854	0.05230	0.00907	0.03065	0.03897	0.00384	0.00344	0.00099	0.00399	0.00325	0.00228	0.27272
4	0.08902	0.30084	0.01313	0.00816	0.03062	0.34172	0.00664	0.09801	0.00967	0.03274	0.00614	0.00699	0.00508	0.00409	0.01738	0.00104	0.01949	0.00242	0.00209	0.00471
5	0.01562	0.00626	0.00841	0.00652	0.00923	0.00552	0.00536	0.04826	0.01087	0.74861	0.08297	0.01374	0.01121	0.00484	0.00379	0.00115	0.00308	0.00396	0.00452	0.00608
6	0.00770	0.00660	0.00770	0.00550	0.00880	0.00495	0.00440	0.00935	0.00770	0.01210	0.00660	0.00770	0.00550	0.00275	0.00275	0.00055	0.00275	0.00220	0.00220	0.89224
7	0.00530	0.00398	0.00597	0.00597	0.00663	0.00464	0.00464	0.00663	0.00597	0.00862	0.00994	0.01458	0.00928	0.02784	0.85484	0.00597	0.00994	0.00398	0.00199	0.00331
8	0.00525	0.00379	0.00496	0.00467	0.00555	0.00350	0.00350	0.00700	0.01051	0.01488	0.84444	0.02773	0.03502	0.00759	0.00438	0.00117	0.00175	0.00671	0.00409	0.00350
9	0.00923	0.00797	0.00839	0.00755	0.00965	0.00923	0.00588	0.01972	0.83969	0.01553	0.01511	0.01385	0.01133	0.00504	0.00378	0.00126	0.00294	0.00420	0.00378	0.00588
10	0.00955	0.40536	0.17308	0.00947	0.01309	0.01164	0.19586	0.06557	0.00859	0.03402	0.00674	0.00830	0.00548	0.00354	0.00340	0.00103	0.02057	0.01773	0.00191	0.00506
11	0.00776	0.00640	0.00789	0.00591	0.00879	0.00512	0.02534	0.00931	0.00770	0.04216	0.00819	0.09121	0.00746	0.00382	0.00335	0.00072	0.03339	0.00316	0.00238	0.71994
12	0.01018	0.20736	0.16407	0.04137	0.16954	0.04277	0.06146	0.06887	0.00909	0.12449	0.00918	0.02708	0.04067	0.00401	0.00345	0.00108	0.00439	0.00333	0.00233	0.00529
13	0.00566	0.00390	0.00519	0.00493	0.00546	0.00393	0.00356	0.00646	0.00829	0.01166	0.49441	0.02261	0.02406	0.13126	0.03360	0.17315	0.05015	0.00558	0.00315	0.00299

[dist]
# distance from previous block
# <min> <max>
0	1

[block]
# block no. 4 follows, 74 sequences, length 55
# corresponding to MSA columns:
# 171-225
name=unknown_E
#
# <colnr> <probs for GDERKNQSTAVLIFYWHMCP>
#	G	D	E	R	K	N	Q	S	T	A	V	L	I	F	Y	W	H	M	C	P
0	0.00540	0.00388	0.00529	0.00605	0.00670	0.00377	0.00488	0.00674	0.00820	0.01081	0.07945	0.31593	0.04464	0.01050	0.00492	0.00159	0.00284	0.47166	0.00348	0.00328
1	0.01089	0.67356	0.01739	0.00722	0.02968	0.12909	0.00654	0.02244	0.00827	0.05738	0.00588	0.00655	0.00507	0.00337	0.00264	0.00085	0.00431	0.00219	0.00184	0.00484
2	0.02645	0.12294	0.14595	0.15299	0.20152	0.00934	0.07722	0.05431	0.00865	0.11456	0.00758	0.00904	0.00572	0.00374	0.00392	0.00114	0.04432	0.00316	0.00217	0.00527
3	0.00657	0.00471	0.00690	0.00645	0.00720	0.00551	0.01842	0.00776	0.00630	0.06887	0.00972	0.01413	0.00891	0.07625	0.59588	0.01473	0.11470	0.00395	0.01947	0.00357
4	0.52048	0.01856	0.03255	0.05757	0.02955	0.06122	0.05729	0.01078	0.00703	0.03602	0.00683	0.06099	0.00590	0.00480	0.02510	0.00132	0.05456	0.00301	0.00225	0.00418
5	0.00692	0.00346	0.00346	0.00346	0.00432	0.00346	0.00259	0.00865	0.00778	0.01384	0.01211	0.01384	0.00951	0.00432	0.00259	0.00086	0.00173	0.00346	0.89016	0.00346
6	0.00822	0.00905	0.09207	0.08450	0.41549	0.01892	0.12533	0.01052	0.00808	0.01135	0.00809	0.04942	0.00714	0.01465	0.03960	0.01870	0.00483	0.02624	0.00194	0.04588
7	0.00531	0.00393	0.00574	0.00574	0.00633	0.00452	0.00436	0.00649	0.00590	0.00845	0.01014	0.01570	0.00977	0.12505	0.75829	0.00569	0.00921	0.00414	0.00202	0.00319
8	0.00573	0.00390	0.00511	0.00475	0.00571	0.00358	0.00358	0.00747	0.01051	0.04959	0.80991	0.02710	0.03395	0.00746	0.00435	0.00117	0.00181	0.00659	0.00411	0.00362
9	0.00518	0.00375	0.00489	0.00469	0.00552	0.00346	0.00348	0.00684	0.01022	0.01439	0.76815	0.08801	0.05163	0.00792	0.00440	0.00119	0.00178	0.00701	0.00403	0.00346
10	0.00812	0.00812	0.01137	0.00975	0.00975	0.01137	0.00812	0.00893	0.00568	0.00893	0.00487	0.00812	0.00487	0.00650	0.01218	0.00162	0.86276	0.00325	0.00162	0.00406
11	0.89577	0.00718	0.00546	0.00488	0.00718	0.00833	0.00402	0.01091	0.00632	0.01665	0.00517	0.00603	0.00402	0.00345	0.00230	0.00115	0.00287	0.00201	0.00230	0.00402
12	0.00992	0.87178	0.01945	0.00635	0.00953	0.01469	0.00635	0.01111	0.00754	0.00873	0.00516	0.00595	0.00476	0.00318	0.00238	0.00079	0.00397	0.00198	0.00159	0.00476
13	0.00992	0.87178	0.01945	0.00635	0.00953	0.01469	0.00635	0.01111	0.00754	0.00873	0.00516	0.00595	0.00476	0.00318	0.00238	0.00079	0.00397	0.00198	0.00159	0.00476
14	0.00444	0.00372	0.00385	0.00390	0.00506	0.00314	0.00290	0.00539	0.00846	0.01021	0.07364	0.09489	0.74874	0.00948	0.00441	0.00127	0.00189	0.00798	0.00348	0.00314
15	0.00914	0.00773	0.00823	0.00735	0.00939	0.00885	0.00573	0.06106	0.72393	0.01588	0.08769	0.01481	0.01315	0.00523	0.00383	0.00124	0.00289	0.00437	0.00380	0.00569
16	0.00782	0.00648	0.00698	0.01933	0.00834	0.02353	0.00505	0.02307	0.50349	0.01353	0.01606	0.25895	0.01473	0.00683	0.00396	0.00129	0.00274	0.00591	0.06709	0.00483
17	0.01007	0.83229	0.01895	0.00638	0.00953	0.01435	0.00632	0.01147	0.02607	0.02863	0.00560	0.00629	0.00501	0.00325	0.00244	0.00081	0.00393	0.00207	0.00171	0.00482
18	0.01598	0.00683	0.02076	0.00745	0.04328	0.00602	0.00593	0.05833	0.01077	0.75065	0.01380	0.01218	0.00879	0.00455	0.00385	0.00115	0.01540	0.00368	0.00436	0.00626
19	0.01230	0.21744	0.03502	0.00883	0.01111	0.51325	0.01820	0.05764	0.02823	0.01001	0.00598	0.00695	0.00502	0.00386	0.00365	0.00098	0.05254	0.00247	0.00195	0.00458
20	0.89577	0.00718	0.00546	0.00488	0.00718	0.00833	0.00402	0.01091	0.00632	0.01665	0.00517	0.00603	0.00402	0.00345	0.00230	0.00115	0.00287	0.00201	0.00230	0.00402
21	0.00892	0.01578	0.46449	0.01178	0.12078	0.16052	0.04543	0.03119	0.00855	0.01141	0.01925	0.00865	0.00566	0.01511	0.03293	0.00133	0.02832	0.00298	0.00179	0.00514
22	0.01012	0.82882	0.01900	0.00651	0.00962	0.05694	0.00639	0.01130	0.00769	0.00875	0.00519	0.00599	0.00476	0.00321	0.00243	0.00080	0.00411	0.00201	0.00160	0.00474
23	0.00738	0.00368	0.00378	0.00368	0.00466	0.00367	0.00279	0.00929	0.02627	0.04863	0.01228	0.01379	0.00954	0.00435	0.00267	0.00089	0.00182	0.00349	0.83373	0.00363
24	0.00530	0.00398	0.00597	0.00597	0.00663	0.00464	0.00464	0.00663	0.00597	0.00862	0.00994	0.01458	0.00928	0.02784	0.85484	0.00597	0.00994	0.00398	0.00199	0.00331
25	0.07675	0.04860	0.01673	0.12931	0.11681	0.00910	0.42857	0.01172	0.03959	0.03983	0.00758	0.00973	0.00582	0.00406	0.02565	0.00132	0.01813	0.00376	0.00202	0.00492
26	0.04964	0.01937	0.19366	0.00872	0.07914	0.06703	0.07107	0.00993	0.04107	0.02248	0.20383	0.04390	0.14642	0.00566	0.00389	0.00117	0.00369	0.00487	0.00274	0.02174
27	0.00557	0.00394	0.00525	0.00536	0.00623	0.00376	0.00431	0.00730	0.00974	0.01356	0.53228	0.03199	0.02940	0.00837	0.00456	0.00134	0.00232	0.28311	0.03815	0.00347
28	0.00862	0.00821	0.01390	0.16133	0.66754	0.00847	0.01086	0.01083	0.00828	0.01161	0.00801	0.01079	0.02754	0.00370	0.00373	0.00114	0.00441	0.02368	0.00189	0.00546
29	0.00968	0.56272	0.11632	0.00981	0.13225	0.05742	0.04458	0.01146	0.00792	0.00974	0.00574	0.00686	0.00496	0.00327	0.00284	0.00091	0.00446	0.00239	0.00165	0.00500
30	0.00615	0.00585	0.07950	0.00694	0.00832	0.01463	0.08189	0.00780	0.01798	0.04031	0.04368	0.38505	0.07157	0.00896	0.00453	0.00143	0.00315	0.18096	0.02759	0.00370
31	0.69674	0.06746	0.00724	0.00572	0.00794	0.10640	0.00471	0.01129	0.00686	0.01492	0.00522	0.00619	0.00419	0.00360	0.00284	0.00112	0.03917	0.00210	0.00218	0.00410
32	0.00698	0.00646	0.01080	0.73690	0.06641	0.00786	0.00988	0.00933	0.00753	0.00972	0.00787	0.03987	0.00664	0.00435	0.00383	0.00127	0.00474	0.05359	0.00183	0.00414
33	0.00535	0.00359	0.00412	0.00417	0.00420	0.00359	0.00238	0.00542	0.00551	0.00737	0.01215	0.07214	0.01401	0.79741	0.04110	0.00354	0.00369	0.00565	0.00231	0.00232
34	0.00619	0.00530	0.00819	0.10382	0.20997	0.00528	0.02599	0.00775	0.00837	0.01139	0.18928	0.27537	0.09643	0.00747	0.00426	0.00128	0.00302	0.02370	0.00296	0.00399
35	0.00530	0.00443	0.04118	0.00502	0.00606	0.00370	0.00404	0.00697	0.00964	0.01345	0.56607	0.11116	0.10612	0.00810	0.00439	0.00124	0.00209	0.06936	0.02820	0.00350
36	0.00525	0.00379	0.00496	0.00467	0.00555	0.00350	0.00350	0.00700	0.01051	0.01488	0.84444	0.02773	0.03502	0.00759	0.00438	0.00117	0.00175	0.00671	0.00409	0.00350
37	0.00915	0.02658	0.01506	0.04405	0.80795	0.00893	0.01126	0.01134	0.00841	0.01199	0.00693	0.00914	0.00583	0.00331	0.00365	0.00110	0.00441	0.00328	0.00183	0.00581
38	0.00701	0.00660	0.01113	0.86063	0.02556	0.00825	0.01031	0.00948	0.00742	0.00948	0.00660	0.00990	0.00495	0.00371	0.00371	0.00124	0.00495	0.00330	0.00165	0.00412
39	0.00923	0.00797	0.00839	0.00755	0.00965	0.00923	0.00588	0.01972	0.83969	0.01553	0.01511	0.01385	0.01133	0.00504	0.00378	0.00126	0.00294	0.00420	0.00378	0.00588
40	0.01742	0.02774	0.28092	0.00773	0.02958	0.01534	0.01769	0.01064	0.00789	0.07272	0.00815	0.01788	0.01854	0.00515	0.06210	0.00124	0.00426	0.00286	0.02565	0.36651
41	0.51674	0.01123	0.00753	0.00677	0.00890	0.33436	0.00529	0.03168	0.00828	0.01386	0.02296	0.00681	0.00501	0.00370	0.00278	0.00107	0.00435	0.00229	0.00222	0.00417
42	0.00489	0.00378	0.00446	0.00429	0.00532	0.00335	0.00322	0.00631	0.00965	0.01286	0.50814	0.03106	0.37259	0.00834	0.00438	0.00120	0.00180	0.00718	0.00382	0.00335
43	0.01374	0.01012	0.01088	0.00841	0.01128	0.01119	0.00692	0.80226	0.01706	0.02286	0.00935	0.04179	0.00701	0.00473	0.00375	0.00113	0.00401	0.00362	0.00370	0.00619
44	0.00923	0.00797	0.00839	0.00755	0.00965	0.00923	0.00588	0.01972	0.83969	0.01553	0.01511	0.01385	0.01133	0.00504	0.00378	0.00126	0.00294	0.00420	0.00378	0.00588
45	0.00949	0.00810	0.00854	0.00761	0.00975	0.00935	0.00594	0.06294	0.79605	0.01594	0.01478	0.01359	0.01106	0.00501	0.00377	0.00125	0.00300	0.00415	0.00377	0.00590
46	0.04606	0.58704	0.26130	0.00752	0.01134	0.01265	0.00840	0.01129	0.00758	0.00994	0.00560	0.00651	0.00471	0.00329	0.00271	0.00092	0.00437	0.00221	0.00161	0.00494
47	0.00446	0.00349	0.00404	0.00448	0.00520	0.00307	0.00314	0.00525	0.00777	0.00974	0.02882	0.46169	0.42460	0.01054	0.00457	0.00138	0.00202	0.00923	0.00345	0.00307
48	0.00474	0.00377	0.00425	0.00413	0.00523	0.00328	0.00310	0.00601	0.00929	0.01200	0.36482	0.03248	0.51644	0.00867	0.00438	0.00122	0.00183	0.00738	0.00371	0.00328
49	0.34095	0.05026	0.01172	0.00900	0.01091	0.05811	0.18053	0.01074	0.00694	0.01245	0.00560	0.00755	0.00470	0.00433	0.00586	0.00129	0.26991	0.00291	0.00194	0.00429
50	0.00701	0.00660	0.01113	0.86063	0.02556	0.00825	0.01031	0.00948	0.00742	0.00948	0.00660	0.00990	0.00495	0.00371	0.00371	0.00124	0.00495	0.00330	0.00165	0.00412
51	0.00509	0.00393	0.00478	0.00524	0.00621	0.00362	0.00426	0.00634	0.00836	0.01044	0.02810	0.12045	0.40565	0.00999	0.00474	0.00148	0.00258	0.36205	0.00343	0.00325
52	0.00452	0.00323	0.00431	0.00517	0.00538	0.00301	0.00345	0.00517	0.00711	0.00948	0.02046	0.86713	0.02455	0.01163	0.00474	0.00151	0.00215	0.01055	0.00345	0.00301
53	0.03093	0.08380	0.02620	0.03780	0.00904	0.08990	0.00554	0.07502	0.23889	0.01265	0.05633	0.27876	0.01465	0.00685	0.00391	0.00125	0.00331	0.01755	0.00314	0.00449
54	0.23933	0.04195	0.04680	0.00729	0.03868	0.07177	0.02530	0.02851	0.03611	0.04286	0.01043	0.04182	0.02619	0.03543	0.02233	0.00140	0.04465	0.15221	0.01235	0.07459

[dist]
# distance from previous block
# <min> <max>
7	46

[block]
# block no. 5 follows, 74 sequences, length 28
# corresponding to MSA columns:
# 273-300
name=unknown_F
#
# <colnr> <probs for GDERKNQSTAVLIFYWHMCP>
#	G	D	E	R	K	N	Q	S	T	A	V	L	I	F	Y	W	H	M	C	P
0	0.04113	0.21218	0.21130	0.01858	0.02120	0.02728	0.00738	0.05008	0.00859	0.06211	0.08317	0.02472	0.05251	0.00430	0.00343	0.00100	0.02127	0.00331	0.00235	0.14411
1	0.01117	0.11683	0.05431	0.00834	0.03629	0.22949	0.00676	0.08551	0.13996	0.10658	0.02769	0.02050	0.03286	0.02620	0.00438	0.00117	0.05304	0.02157	0.00274	0.01463
2	0.00625	0.01774	0.05881	0.04317	0.05463	0.00507	0.00524	0.04297	0.04420	0.03025	0.15008	0.34720	0.10937	0.01931	0.01671	0.00142	0.02073	0.01977	0.00322	0.00385
3	0.00952	0.18254	0.28454	0.01042	0.10932	0.06114	0.05857	0.06864	0.02154	0.06462	0.03171	0.02141	0.02216	0.00389	0.00342	0.00106	0.00459	0.00316	0.00217	0.03560
4	0.00760	0.01718	0.17188	0.21177	0.15891	0.00728	0.06314	0.02009	0.03317	0.04179	0.03278	0.16237	0.01009	0.00548	0.00418	0.02181	0.00425	0.01930	0.00229	0.00463
5	0.00497	0.00350	0.00435	0.00475	0.00507	0.00339	0.00316	0.00558	0.00676	0.00906	0.04257	0.39987	0.08749	0.28247	0.07110	0.00245	0.00317	0.03169	0.02576	0.00284
6	0.02463	0.01116	0.21395	0.07441	0.23064	0.04118	0.07588	0.06567	0.08129	0.10503	0.03412	0.01016	0.00719	0.00389	0.00370	0.00116	0.00455	0.00343	0.00243	0.00550
7	0.00891	0.06063	0.02867	0.19280	0.14930	0.06661	0.08430	0.09158	0.00897	0.05001	0.00972	0.08929	0.00900	0.07314	0.00504	0.00139	0.00443	0.05923	0.00238	0.00459
8	0.00531	0.00382	0.00537	0.00544	0.00594	0.00426	0.00400	0.00633	0.00601	0.00858	0.01123	0.08674	0.01138	0.19239	0.59160	0.00496	0.00778	0.00478	0.03100	0.00308
9	0.05452	0.00715	0.00870	0.00676	0.00947	0.00695	0.00557	0.22220	0.01192	0.53750	0.01258	0.01150	0.00826	0.00449	0.00357	0.00112	0.00326	0.00354	0.07496	0.00599
10	0.01031	0.00808	0.00913	0.03659	0.04701	0.00902	0.00629	0.26013	0.39956	0.04281	0.03883	0.05780	0.01078	0.02772	0.01767	0.00135	0.00347	0.00430	0.00355	0.00560
11	0.23669	0.36141	0.01207	0.00602	0.00868	0.03121	0.00536	0.05119	0.00832	0.17338	0.00766	0.00825	0.00594	0.02590	0.00314	0.00105	0.00350	0.00256	0.04287	0.00481
12	0.00906	0.01065	0.23723	0.04144	0.10419	0.02994	0.04200	0.11155	0.01838	0.08308	0.06305	0.02123	0.04194	0.00565	0.05385	0.00137	0.00452	0.00361	0.00252	0.11475
13	0.02296	0.45172	0.01458	0.00733	0.00994	0.15643	0.00641	0.07683	0.16556	0.01133	0.00768	0.02267	0.00646	0.00395	0.00316	0.00097	0.02207	0.00275	0.00226	0.00496
14	0.79370	0.00708	0.00582	0.00508	0.00745	0.00799	0.00419	0.01174	0.00682	0.11329	0.00627	0.00680	0.00462	0.00358	0.00246	0.00115	0.00290	0.00221	0.00256	0.00429
15	0.00682	0.00665	0.06249	0.07696	0.14398	0.01647	0.00673	0.03872	0.00746	0.01039	0.05054	0.20854	0.01255	0.10299	0.12166	0.00221	0.11307	0.00539	0.00239	0.00397
16	0.04916	0.11195	0.06191	0.03059	0.11841	0.08511	0.02079	0.24376	0.09929	0.08437	0.00878	0.02484	0.00676	0.00424	0.00377	0.00111	0.03359	0.00327	0.00280	0.00549
17	0.00827	0.01754	0.00893	0.06348	0.12549	0.02163	0.01332	0.04384	0.00844	0.05796	0.02674	0.08041	0.05823	0.00435	0.00346	0.00089	0.01316	0.00370	0.00250	0.43767
18	0.23753	0.00633	0.00741	0.02434	0.03044	0.03751	0.00540	0.00838	0.00603	0.01047	0.00664	0.02921	0.00623	0.01064	0.15488	0.19179	0.21824	0.00319	0.00192	0.00343
19	0.00955	0.05425	0.00707	0.00546	0.00722	0.02749	0.00438	0.20291	0.03242	0.07352	0.08581	0.01305	0.01058	0.00456	0.00314	0.00097	0.00269	0.00362	0.41971	0.03160
20	0.19540	0.04587	0.00760	0.00621	0.00778	0.04923	0.03605	0.05959	0.02078	0.07797	0.03082	0.04009	0.02605	0.07484	0.17266	0.10092	0.01838	0.00369	0.00248	0.02359
21	0.00519	0.00379	0.00488	0.00460	0.00551	0.00348	0.00345	0.00689	0.01036	0.01454	0.78694	0.02830	0.09273	0.00772	0.00438	0.00117	0.00176	0.00679	0.00404	0.00348
22	0.00582	0.02390	0.00548	0.00511	0.00553	0.00442	0.00359	0.00630	0.00582	0.02557	0.01089	0.03415	0.02431	0.37883	0.34345	0.08228	0.02494	0.00463	0.00215	0.00282
23	0.04540	0.15540	0.06233	0.02084	0.04358	0.04204	0.05486	0.00983	0.02991	0.07675	0.08691	0.09721	0.08185	0.06497	0.06829	0.00167	0.01610	0.02181	0.01604	0.00421
24	0.15440	0.02552	0.05251	0.04377	0.09639	0.18317	0.05148	0.03842	0.02350	0.02918	0.02161	0.03189	0.02341	0.02666	0.11213	0.02941	0.03567	0.01438	0.00220	0.00432
25	0.02738	0.18620	0.01105	0.03727	0.07273	0.05674	0.03024	0.06831	0.20661	0.02665	0.03055	0.09727	0.07417	0.02207	0.01400	0.00125	0.02558	0.00439	0.00277	0.00478
26	0.07849	0.07915	0.03306	0.02560	0.04008	0.06784	0.02560	0.06113	0.03768	0.04967	0.02664	0.19460	0.07793	0.14510	0.00616	0.00157	0.00346	0.00533	0.00274	0.03817
27	0.08053	0.32740	0.08959	0.00864	0.06012	0.06549	0.03908	0.17283	0.02478	0.05988	0.00724	0.02305	0.00582	0.00384	0.00324	0.00102	0.01707	0.00283	0.00235	0.00518

[dist]
# distance from previous block
# <min> <max>
9	25

[block]
# block no. 6 follows, 74 sequences, length 27
# corresponding to MSA columns:
# 333-359
name=unknown_G
#
# <colnr> <probs for GDERKNQSTAVLIFYWHMCP>
#	G	D	E	R	K	N	Q	S	T	A	V	L	I	F	Y	W	H	M	C	P
0	0.05874	0.04722	0.08929	0.01686	0.10768	0.10420	0.10099	0.12514	0.04858	0.02668	0.04710	0.02121	0.09663	0.00516	0.00445	0.05464	0.01644	0.00387	0.00251	0.02262
1	0.09661	0.07673	0.03393	0.09216	0.13974	0.09727	0.03654	0.05491	0.02323	0.05894	0.11938	0.01240	0.03381	0.00671	0.08701	0.00157	0.00459	0.00367	0.00250	0.01832
2	0.02489	0.00445	0.00526	0.00500	0.00606	0.00443	0.00375	0.03943	0.06223	0.05307	0.19899	0.07292	0.18199	0.10027	0.10663	0.01949	0.00329	0.02767	0.07656	0.00361
3	0.00593	0.00477	0.00545	0.00540	0.02176	0.05490	0.00394	0.00727	0.00894	0.02466	0.40193	0.06452	0.16383	0.03236	0.13461	0.01781	0.01060	0.00611	0.02175	0.00346
4	0.00641	0.04345	0.02675	0.02284	0.00767	0.09546	0.01918	0.00765	0.00700	0.00907	0.02862	0.11835	0.06518	0.06159	0.45920	0.00386	0.00713	0.00486	0.00227	0.00348
5	0.00567	0.04270	0.05625	0.00502	0.00656	0.00455	0.00418	0.00769	0.05516	0.01236	0.32906	0.08258	0.28639	0.00750	0.00410	0.00116	0.00227	0.00640	0.02336	0.05703
6	0.00889	0.34223	0.17435	0.02044	0.01090	0.04953	0.02766	0.06322	0.04044	0.01124	0.05406	0.05739	0.01722	0.00456	0.00360	0.00105	0.03676	0.03152	0.00218	0.04277
7	0.66891	0.07725	0.00736	0.09628	0.00937	0.00875	0.00501	0.01054	0.00650	0.01471	0.00552	0.00686	0.00443	0.00458	0.03967	0.00135	0.02445	0.00226	0.00214	0.00406
8	0.27883	0.28719	0.03820	0.00667	0.00941	0.04220	0.00599	0.17485	0.03912	0.03611	0.00725	0.00877	0.00596	0.00398	0.00290	0.00105	0.00373	0.04046	0.00248	0.00487
9	0.00540	0.00357	0.00408	0.00411	0.00412	0.00357	0.00232	0.00537	0.00544	0.00725	0.01184	0.05297	0.01366	0.81364	0.01827	0.03081	0.00354	0.00551	0.00227	0.00226
10	0.00992	0.87178	0.01945	0.00635	0.00953	0.01469	0.00635	0.01111	0.00754	0.00873	0.00516	0.00595	0.00476	0.00318	0.00238	0.00079	0.00397	0.00198	0.00159	0.00476
11	0.00468	0.00334	0.00449	0.00535	0.00563	0.00315	0.00372	0.00544	0.00726	0.00965	0.02037	0.77926	0.02421	0.01148	0.00478	0.00153	0.00229	0.09689	0.00344	0.00306
12	0.00537	0.00361	0.00418	0.00430	0.00436	0.00360	0.00256	0.00552	0.00571	0.00759	0.01279	0.08502	0.01475	0.75721	0.01706	0.00334	0.00349	0.05477	0.00240	0.00237
13	0.00992	0.01107	0.01085	0.00946	0.01022	0.28749	0.02318	0.01106	0.03113	0.00914	0.00583	0.00864	0.00546	0.04758	0.00922	0.00148	0.49923	0.00312	0.00182	0.00412
14	0.00873	0.00563	0.00693	0.00578	0.00800	0.00487	0.00469	0.03443	0.03476	0.17691	0.14832	0.01997	0.08964	0.00578	0.00378	0.00105	0.00274	0.13125	0.00337	0.30337
15	0.81670	0.00702	0.00554	0.00496	0.00714	0.00811	0.00404	0.02908	0.00652	0.01622	0.00564	0.00703	0.00458	0.03709	0.02728	0.00138	0.00313	0.00222	0.00232	0.00398
16	0.00874	0.15207	0.01381	0.00981	0.01083	0.04827	0.09698	0.00987	0.00654	0.00923	0.00524	0.00790	0.00493	0.00547	0.00933	0.00142	0.59049	0.00312	0.00166	0.00429
17	0.00441	0.00374	0.00381	0.00384	0.00504	0.00313	0.00286	0.00535	0.00843	0.01008	0.05047	0.07418	0.79310	0.00947	0.00440	0.00126	0.00189	0.00794	0.00346	0.00313
18	0.00845	0.11192	0.52441	0.01019	0.04052	0.02559	0.05924	0.05629	0.04190	0.02658	0.01485	0.01744	0.01531	0.00396	0.00355	0.00115	0.00497	0.02640	0.00197	0.00532
19	0.00852	0.00682	0.04663	0.07819	0.06176	0.00610	0.19725	0.01049	0.00890	0.15875	0.18945	0.04042	0.06168	0.08500	0.00545	0.00142	0.00381	0.00498	0.01990	0.00447
20	0.00454	0.00327	0.00427	0.00505	0.00533	0.00304	0.00338	0.00518	0.00714	0.00945	0.02127	0.79548	0.07377	0.03335	0.00508	0.00155	0.00217	0.01026	0.00342	0.00300
21	0.00952	0.00975	0.14671	0.23634	0.27342	0.00838	0.08568	0.05256	0.00884	0.12108	0.00797	0.00967	0.00588	0.00366	0.00373	0.00117	0.00471	0.00337	0.00220	0.00536
22	0.01600	0.02387	0.09876	0.07762	0.17376	0.05136	0.09559	0.03869	0.03214	0.05424	0.01957	0.12777	0.05257	0.00777	0.09479	0.00173	0.00485	0.02183	0.00243	0.00465
23	0.00563	0.00380	0.00478	0.00485	0.00569	0.00347	0.00351	0.00689	0.02391	0.06373	0.30393	0.33160	0.18482	0.00929	0.00470	0.02220	0.00207	0.00801	0.00370	0.00343
24	0.03611	0.00814	0.01318	0.20109	0.42597	0.02213	0.06259	0.03702	0.00830	0.04049	0.00738	0.02076	0.00606	0.00488	0.04301	0.00140	0.05092	0.00346	0.00199	0.00514
25	0.02778	0.09462	0.31397	0.01873	0.09633	0.03620	0.12874	0.07232	0.02943	0.06389	0.01656	0.04201	0.00856	0.00533	0.00454	0.00151	0.01210	0.01827	0.00284	0.00626
26	0.02034	0.06009	0.11620	0.11589	0.16935	0.01468	0.06487	0.05053	0.01597	0.08524	0.02130	0.09715	0.06592	0.00578	0.03074	0.00133	0.01026	0.01959	0.01330	0.02147

[dist]
# distance from previous block
# <min> <max>
3	19

[block]
# block no. 7 follows, 74 sequences, length 7
# corresponding to MSA columns:
# 379-385
name=unknown_H
#
# <colnr> <probs for GDERKNQSTAVLIFYWHMCP>
#	G	D	E	R	K	N	Q	S	T	A	V	L	I	F	Y	W	H	M	C	P
0	0.00492	0.00369	0.00459	0.00472	0.00554	0.00336	0.00351	0.00622	0.00907	0.01214	0.39083	0.22173	0.23554	0.00917	0.00452	0.00131	0.00200	0.07013	0.00373	0.00329
1	0.00626	0.00455	0.00510	0.00510	0.00607	0.00408	0.00366	0.00711	0.00911	0.01241	0.21657	0.12007	0.34122	0.07574	0.03867	0.00179	0.00276	0.02679	0.10911	0.00381
2	0.00652	0.00396	0.00500	0.00471	0.00576	0.00362	0.00354	0.00804	0.00964	0.10340	0.49315	0.11672	0.10174	0.00748	0.00414	0.00117	0.00196	0.00653	0.10923	0.00371
3	0.59430	0.00737	0.00671	0.00576	0.00794	0.00839	0.00471	0.14159	0.00853	0.05753	0.05434	0.03559	0.00709	0.00429	0.00323	0.00118	0.04137	0.00290	0.00274	0.00444
4	0.00480	0.00370	0.00441	0.00459	0.00548	0.00331	0.00342	0.00597	0.00876	0.01138	0.26042	0.21154	0.36844	0.00944	0.00452	0.00132	0.00204	0.07959	0.00362	0.00324
5	0.11764	0.00870	0.04070	0.06874	0.05701	0.06495	0.09468	0.06442	0.10768	0.01217	0.00779	0.00998	0.00647	0.02281	0.11242	0.00191	0.19175	0.00340	0.00221	0.00456
6	0.00857	0.23801	0.03798	0.02310	0.05117	0.02368	0.01964	0.06522	0.16626	0.02653	0.05016	0.14158	0.05538	0.00565	0.00393	0.00114	0.04173	0.00459	0.01566	0.02003

[dist]
# distance from previous block
# <min> <max>
2	14

[block]
# block no. 8 follows, 74 sequences, length 29
# corresponding to MSA columns:
# 400-428
name=unknown_I
#
# <colnr> <probs for GDERKNQSTAVLIFYWHMCP>
#	G	D	E	R	K	N	Q	S	T	A	V	L	I	F	Y	W	H	M	C	P
0	0.05011	0.13269	0.05895	0.00857	0.06664	0.10927	0.03966	0.04588	0.05635	0.01095	0.03045	0.01111	0.02908	0.01948	0.22588	0.00239	0.07126	0.00338	0.00215	0.02574
1	0.00818	0.02824	0.00711	0.00578	0.00780	0.03850	0.00459	0.03999	0.13408	0.03977	0.06164	0.02872	0.03514	0.00477	0.00353	0.00096	0.02697	0.04956	0.19466	0.28001
2	0.00548	0.00421	0.00483	0.00462	0.00578	0.00398	0.00350	0.04557	0.02229	0.02658	0.16452	0.04201	0.46596	0.04779	0.13413	0.00205	0.00331	0.00665	0.00332	0.00344
3	0.00707	0.00613	0.00661	0.00721	0.00821	0.12191	0.00615	0.00868	0.00882	0.01083	0.01773	0.03700	0.01907	0.00936	0.00488	0.00160	0.00387	0.70811	0.00321	0.00354
4	0.01171	0.08271	0.01049	0.00833	0.01059	0.31523	0.00656	0.14225	0.34588	0.01385	0.00996	0.00986	0.00766	0.00436	0.00350	0.00109	0.00455	0.00323	0.00291	0.00528
5	0.00544	0.00412	0.00536	0.00574	0.02756	0.00381	0.01865	0.03566	0.00784	0.02049	0.03072	0.54269	0.15361	0.03593	0.01594	0.00150	0.00252	0.02326	0.00328	0.05589
6	0.00726	0.00691	0.05948	0.12289	0.20223	0.02069	0.01960	0.05496	0.01784	0.02139	0.03852	0.15905	0.07254	0.14841	0.01257	0.00167	0.00380	0.02349	0.00252	0.00419
7	0.00755	0.01845	0.78237	0.01099	0.01634	0.00868	0.08091	0.01177	0.00791	0.01177	0.00673	0.00802	0.00478	0.00349	0.00360	0.00118	0.00555	0.00288	0.00159	0.00545
8	0.00699	0.00658	0.01098	0.79316	0.04537	0.00814	0.01003	0.00938	0.00745	0.00956	0.00767	0.01076	0.03464	0.00395	0.00389	0.00124	0.02090	0.00346	0.00172	0.00413
9	0.03526	0.00623	0.00728	0.00615	0.00808	0.00629	0.00490	0.20905	0.05461	0.21390	0.18087	0.07480	0.05835	0.00601	0.00385	0.00117	0.00282	0.02790	0.08755	0.00492
10	0.00464	0.00330	0.00438	0.00512	0.00534	0.00315	0.00341	0.00527	0.00690	0.00924	0.01915	0.74999	0.02278	0.08296	0.05372	0.00193	0.00271	0.00976	0.00327	0.00297
11	0.08423	0.00782	0.00762	0.00630	0.00833	0.05552	0.00506	0.39588	0.01235	0.01828	0.00968	0.01048	0.00729	0.00429	0.00314	0.00101	0.00321	0.00322	0.35141	0.00489
12	0.00509	0.00373	0.00478	0.00465	0.00548	0.00341	0.00344	0.00665	0.00994	0.01384	0.67985	0.12661	0.10225	0.00821	0.00442	0.00121	0.00181	0.00726	0.00396	0.00341
13	0.00466	0.00334	0.00445	0.00522	0.00553	0.00313	0.00359	0.00546	0.00747	0.01001	0.08805	0.75191	0.02523	0.01122	0.00473	0.00149	0.00219	0.05574	0.00350	0.00308
14	0.01208	0.01014	0.01530	0.01128	0.01455	0.01052	0.33115	0.49049	0.01387	0.03998	0.00851	0.00944	0.00612	0.00394	0.00398	0.00117	0.00491	0.00376	0.00302	0.00580
15	0.00752	0.00416	0.00434	0.00409	0.00515	0.00430	0.00314	0.08819	0.00861	0.01447	0.01168	0.01340	0.00919	0.00566	0.05064	0.00118	0.00242	0.00348	0.75464	0.00373
16	0.00929	0.05781	0.03216	0.25867	0.41588	0.02784	0.01008	0.09220	0.00906	0.03010	0.00715	0.00923	0.00566	0.00359	0.00359	0.00112	0.00452	0.00321	0.01356	0.00529
17	0.00570	0.00425	0.00604	0.00587	0.00662	0.00471	0.00449	0.00690	0.00643	0.02456	0.05015	0.09655	0.01179	0.07290	0.58118	0.00458	0.04699	0.00468	0.00229	0.05333
18	0.00512	0.00378	0.00479	0.00456	0.00547	0.00344	0.00341	0.00674	0.01016	0.01412	0.71982	0.04698	0.14196	0.00792	0.00439	0.00119	0.00178	0.00694	0.00399	0.00344
19	0.01020	0.79580	0.03034	0.00660	0.00976	0.03792	0.00651	0.04972	0.00809	0.00947	0.00537	0.00614	0.00484	0.00326	0.00249	0.00082	0.00407	0.00207	0.00170	0.00483
20	0.57332	0.02814	0.00703	0.02948	0.00851	0.00785	0.00478	0.02426	0.02424	0.23339	0.00792	0.00809	0.00561	0.00385	0.00295	0.00115	0.01924	0.00258	0.00290	0.00471
21	0.00490	0.00371	0.00452	0.00448	0.00537	0.00333	0.00330	0.00626	0.00944	0.01272	0.49556	0.14788	0.26763	0.00868	0.00443	0.00124	0.00184	0.00758	0.00381	0.00333
22	0.00482	0.00374	0.00440	0.00438	0.00535	0.00331	0.00326	0.00611	0.00923	0.01215	0.39259	0.11436	0.38482	0.00884	0.00444	0.00125	0.00189	0.02803	0.00373	0.00329
23	0.00459	0.00354	0.00420	0.00455	0.00529	0.00315	0.00324	0.00553	0.00816	0.01047	0.14011	0.39480	0.36512	0.01013	0.00455	0.00136	0.00201	0.02253	0.00353	0.00314
24	0.29216	0.08329	0.11163	0.00918	0.08376	0.22398	0.04636	0.02362	0.00827	0.04348	0.00627	0.00738	0.00495	0.00415	0.02205	0.00119	0.01900	0.00257	0.00208	0.00464
25	0.02163	0.03074	0.00819	0.02560	0.00916	0.00566	0.00495	0.03931	0.03002	0.27700	0.07773	0.03286	0.00967	0.00411	0.00331	0.00088	0.00292	0.00337	0.00320	0.40972
26	0.00926	0.09621	0.08254	0.02273	0.03982	0.00818	0.07407	0.14811	0.04513	0.03743	0.04785	0.00977	0.00745	0.02363	0.00392	0.00099	0.02892	0.00310	0.00250	0.30841
27	0.01019	0.01587	0.00898	0.00859	0.06251	0.02680	0.00613	0.12099	0.06903	0.08132	0.02803	0.11333	0.06008	0.05622	0.14976	0.02028	0.04162	0.03661	0.01840	0.06524
28	0.07096	0.06823	0.05107	0.10892	0.10113	0.04541	0.03616	0.11780	0.12595	0.04371	0.06801	0.02249	0.05921	0.00534	0.02753	0.00129	0.01860	0.00385	0.01943	0.00491

[dist]
# distance from previous block
# <min> <max>
8	67

[block]
# block no. 9 follows, 74 sequences, length 28
# corresponding to MSA columns:
# 503-530
name=unknown_J
#
# <colnr> <probs for GDERKNQSTAVLIFYWHMCP>
#	G	D	E	R	K	N	Q	S	T	A	V	L	I	F	Y	W	H	M	C	P
0	0.06051	0.25640	0.08178	0.04060	0.05513	0.08527	0.05215	0.12410	0.04432	0.11728	0.02694	0.00882	0.00656	0.00390	0.00343	0.00105	0.02112	0.00296	0.00250	0.00520
1	0.04174	0.14309	0.04421	0.02416	0.00880	0.08386	0.01452	0.02500	0.04187	0.00995	0.03441	0.01170	0.00825	0.01597	0.42801	0.00351	0.05147	0.00343	0.00206	0.00399
2	0.00547	0.00403	0.00503	0.00546	0.00616	0.00388	0.00403	0.06614	0.00845	0.01109	0.06009	0.51102	0.14187	0.01037	0.00466	0.00146	0.00244	0.14150	0.00349	0.00336
3	0.01111	0.08614	0.01078	0.00893	0.04861	0.25942	0.02729	0.15099	0.26640	0.01365	0.01027	0.07215	0.00856	0.00477	0.00360	0.00112	0.00442	0.00376	0.00286	0.00516
4	0.00959	0.03119	0.01147	0.07798	0.28646	0.00893	0.02228	0.09323	0.28338	0.04263	0.02328	0.01111	0.00823	0.00418	0.00379	0.00115	0.01798	0.00362	0.02112	0.03841
5	0.06425	0.05622	0.32649	0.06247	0.06250	0.05856	0.10646	0.07223	0.00893	0.09649	0.00748	0.00859	0.00545	0.00370	0.00372	0.00114	0.02471	0.00304	0.00217	0.02543
6	0.07406	0.01674	0.05217	0.02300	0.02065	0.05301	0.00504	0.02395	0.17035	0.06391	0.22817	0.04562	0.06666	0.11537	0.02406	0.00159	0.00322	0.00498	0.00321	0.00423
7	0.00441	0.00375	0.00380	0.00382	0.00503	0.00314	0.00285	0.00536	0.00847	0.01012	0.05462	0.05638	0.80683	0.00942	0.00440	0.00126	0.00188	0.00788	0.00346	0.00314
8	0.00633	0.00504	0.02884	0.00637	0.05363	0.00444	0.03526	0.03566	0.00985	0.05526	0.44899	0.07451	0.18962	0.00747	0.00430	0.00121	0.00240	0.02329	0.00365	0.00388
9	0.04859	0.26631	0.11043	0.01091	0.15323	0.17241	0.05870	0.03843	0.00882	0.07123	0.00669	0.00773	0.00534	0.00359	0.00339	0.00102	0.02338	0.00272	0.00202	0.00508
10	0.00701	0.00660	0.01113	0.86063	0.02556	0.00825	0.01031	0.00948	0.00742	0.00948	0.00660	0.00990	0.00495	0.00371	0.00371	0.00124	0.00495	0.00330	0.00165	0.00412
11	0.00482	0.00378	0.00436	0.00422	0.00528	0.00332	0.00316	0.00617	0.00949	0.01247	0.44297	0.03171	0.43800	0.00849	0.00438	0.00121	0.00182	0.00727	0.00377	0.00332
12	0.00710	0.02254	0.11464	0.02540	0.02556	0.07689	0.09477	0.02779	0.05298	0.02732	0.03589	0.37893	0.07004	0.00766	0.00423	0.00131	0.00362	0.01639	0.00287	0.00407
13	0.04226	0.17110	0.03021	0.03982	0.07701	0.07914	0.08057	0.15659	0.02183	0.20093	0.03525	0.00969	0.00723	0.00407	0.00370	0.00108	0.02804	0.00324	0.00284	0.00538
14	0.01112	0.09222	0.06376	0.03303	0.01357	0.35451	0.20408	0.04313	0.00927	0.02878	0.00639	0.00795	0.00515	0.00394	0.00460	0.00112	0.10773	0.00304	0.00194	0.00467
15	0.00739	0.00693	0.01161	0.61172	0.19177	0.00821	0.01013	0.00969	0.00753	0.00999	0.00700	0.01045	0.00561	0.00497	0.04482	0.00145	0.02793	0.01664	0.00173	0.00443
16	0.02293	0.35589	0.20764	0.02531	0.05039	0.03810	0.08676	0.03716	0.00840	0.06740	0.02315	0.04737	0.00670	0.00390	0.00323	0.00103	0.00447	0.00313	0.00205	0.00501
17	0.00953	0.01883	0.04815	0.08582	0.01056	0.00679	0.03896	0.01898	0.02566	0.24578	0.09935	0.10255	0.05890	0.00649	0.01444	0.00136	0.16846	0.03162	0.00314	0.00463
18	0.00531	0.00395	0.00581	0.00581	0.00642	0.00455	0.00444	0.00653	0.00592	0.00850	0.01009	0.01538	0.00963	0.09735	0.78580	0.00577	0.00942	0.00409	0.00201	0.00323
19	0.00668	0.01084	0.37383	0.00731	0.01043	0.00605	0.00806	0.00982	0.05428	0.04458	0.19323	0.01990	0.21003	0.00605	0.00397	0.00121	0.00357	0.02282	0.00282	0.00452
20	0.01064	0.03857	0.40877	0.02768	0.07447	0.00781	0.04426	0.02444	0.02373	0.27262	0.02523	0.01000	0.00694	0.00394	0.00363	0.00116	0.00452	0.00326	0.00266	0.00568
21	0.00701	0.00660	0.01113	0.86063	0.02556	0.00825	0.01031	0.00948	0.00742	0.00948	0.00660	0.00990	0.00495	0.00371	0.00371	0.00124	0.00495	0.00330	0.00165	0.00412
22	0.01158	0.01425	0.01561	0.01228	0.01502	0.47638	0.37671	0.01351	0.00973	0.01034	0.00653	0.00818	0.00516	0.00351	0.00381	0.00109	0.00650	0.00328	0.00190	0.00462
23	0.00812	0.00707	0.02522	0.27912	0.30549	0.00725	0.02712	0.01028	0.01973	0.07594	0.02956	0.03947	0.11467	0.00488	0.00389	0.00121	0.00405	0.02979	0.00236	0.00478
24	0.00911	0.00832	0.01343	0.28545	0.48730	0.03959	0.02936	0.01133	0.00834	0.06166	0.00729	0.00955	0.00574	0.00353	0.00369	0.00115	0.00463	0.00332	0.00195	0.00527
