[name]
unknown

[dist]
# distance from previous block
# <min> <max>
3	33

[block]
# block no. 0 follows, 64 sequences, length 15
# corresponding to MSA columns:
# 34-48
name=unknown_A
#
# <colnr> <probs for GDERKNQSTAVLIFYWHMCP>
#	G	D	E	R	K	N	Q	S	T	A	V	L	I	F	Y	W	H	M	C	P
0	0.07603	0.05532	0.02491	0.03047	0.01094	0.20359	0.01700	0.08600	0.09314	0.02642	0.01052	0.11298	0.00962	0.02479	0.05710	0.00160	0.02745	0.00430	0.00284	0.12497
1	0.00945	0.00826	0.09873	0.00692	0.00891	0.00710	0.00573	0.18315	0.05374	0.05809	0.04453	0.01924	0.02444	0.38379	0.01169	0.00247	0.00414	0.00491	0.00312	0.06161
2	0.00508	0.00409	0.00453	0.00468	0.00578	0.00354	0.00341	0.00620	0.00950	0.01191	0.15490	0.20133	0.54905	0.01072	0.00499	0.00145	0.00214	0.00919	0.00396	0.00354
3	0.00910	0.01645	0.48393	0.07779	0.16536	0.02883	0.01315	0.01424	0.12521	0.01357	0.00884	0.01016	0.00659	0.00417	0.00403	0.00131	0.00550	0.00346	0.00218	0.00613
4	0.01015	0.09693	0.26603	0.10136	0.15176	0.04918	0.02226	0.11487	0.02876	0.01385	0.00797	0.00995	0.00631	0.01998	0.03523	0.00152	0.05245	0.00342	0.00224	0.00579
5	0.06442	0.00874	0.00975	0.04465	0.02626	0.12281	0.06829	0.07192	0.03565	0.01371	0.01052	0.08015	0.00933	0.02402	0.04688	0.00163	0.13540	0.00437	0.21688	0.00462
6	0.07066	0.00405	0.00481	0.00547	0.00607	0.00386	0.00375	0.00630	0.00808	0.01123	0.02446	0.63300	0.15539	0.03564	0.00548	0.00168	0.00247	0.01044	0.00372	0.00346
7	0.00525	0.00372	0.00484	0.00558	0.00584	0.00350	0.00369	0.00597	0.00799	0.01073	0.08160	0.68336	0.02675	0.12156	0.00732	0.00196	0.00259	0.01074	0.00374	0.00330
8	0.01336	0.01013	0.01118	0.00985	0.06276	0.02878	0.00745	0.39332	0.27832	0.07776	0.05351	0.01308	0.01066	0.00529	0.00421	0.00130	0.00404	0.00425	0.00409	0.00667
9	0.00932	0.00874	0.01450	0.45448	0.25729	0.00993	0.06169	0.07139	0.00948	0.01277	0.00767	0.01068	0.00600	0.00419	0.00463	0.00135	0.04461	0.00377	0.00209	0.00542
10	0.04684	0.00979	0.00947	0.00773	0.01021	0.09782	0.00621	0.40605	0.01453	0.08380	0.01096	0.01149	0.00806	0.00484	0.00369	0.00115	0.00400	0.00364	0.25392	0.00581
11	0.06359	0.00698	0.03933	0.00764	0.04127	0.00713	0.00573	0.13726	0.02905	0.05293	0.01165	0.06166	0.01112	0.23384	0.21706	0.00339	0.04509	0.00488	0.01597	0.00445
12	0.01127	0.19411	0.09980	0.04702	0.07268	0.09887	0.00830	0.13908	0.08186	0.04054	0.00944	0.01062	0.02182	0.01781	0.05612	0.00151	0.00518	0.00338	0.00267	0.07792
13	0.03025	0.20126	0.01296	0.06074	0.01210	0.26507	0.00713	0.14920	0.04168	0.01332	0.00864	0.01059	0.02166	0.06862	0.02531	0.00143	0.00541	0.00328	0.00255	0.05879
14	0.08120	0.07420	0.11940	0.00816	0.01167	0.08595	0.02970	0.07762	0.01021	0.12267	0.03973	0.01001	0.00764	0.00413	0.00374	0.00104	0.02094	0.00314	0.00284	0.28598

[dist]
# distance from previous block
# <min> <max>
6	19

[block]
# block no. 1 follows, 64 sequences, length 19
# corresponding to MSA columns:
# 68-86
name=unknown_B
#
# <colnr> <probs for GDERKNQSTAVLIFYWHMCP>
#	G	D	E	R	K	N	Q	S	T	A	V	L	I	F	Y	W	H	M	C	P
0	0.03875	0.03489	0.01540	0.01157	0.01414	0.00772	0.41264	0.01023	0.00914	0.01257	0.06988	0.20537	0.07217	0.03573	0.02884	0.00168	0.00507	0.00677	0.00282	0.00463
1	0.01037	0.04050	0.01618	0.09793	0.46267	0.10529	0.11245	0.01299	0.03427	0.01270	0.00863	0.05129	0.00747	0.00429	0.00418	0.00127	0.00536	0.00411	0.00220	0.00587
2	0.01075	0.08542	0.12490	0.00985	0.07052	0.11342	0.03719	0.07491	0.01001	0.04244	0.00765	0.00885	0.00609	0.00381	0.00385	0.00098	0.03226	0.00293	0.00243	0.35174
3	0.00924	0.00788	0.00843	0.00791	0.02881	0.06703	0.00588	0.09455	0.26839	0.01414	0.03561	0.01711	0.04345	0.11932	0.20193	0.00293	0.02926	0.00472	0.02843	0.00499
4	0.00554	0.00424	0.00574	0.00710	0.06482	0.00397	0.00461	0.00653	0.00841	0.01105	0.02461	0.60689	0.14478	0.01186	0.00519	0.00163	0.00266	0.07299	0.00373	0.00366
5	0.00631	0.00475	0.00610	0.00598	0.00688	0.00470	0.00444	0.04306	0.00988	0.01369	0.33423	0.27502	0.06440	0.03699	0.06522	0.00190	0.03950	0.03320	0.00385	0.03989
6	0.00536	0.00387	0.00481	0.00527	0.00574	0.00360	0.00354	0.00620	0.00844	0.01124	0.15846	0.46429	0.12692	0.16292	0.00803	0.00201	0.00259	0.00967	0.00374	0.00333
7	0.03647	0.00921	0.06047	0.03788	0.14970	0.09016	0.05359	0.03543	0.08274	0.08668	0.06395	0.17678	0.03409	0.00687	0.00448	0.00140	0.00426	0.05737	0.00325	0.00522
8	0.00966	0.00837	0.01000	0.00861	0.07762	0.05614	0.02772	0.03990	0.00908	0.03655	0.00765	0.00926	0.00634	0.00431	0.00465	0.06349	0.03522	0.00286	0.00247	0.58009
9	0.01012	0.00829	0.00903	0.06741	0.01138	0.02660	0.00643	0.05945	0.50566	0.06026	0.04864	0.01802	0.11200	0.00607	0.00428	0.00136	0.00342	0.00504	0.00397	0.03258
10	0.06289	0.27918	0.16440	0.00954	0.08837	0.01038	0.03140	0.01255	0.02826	0.09271	0.09747	0.01328	0.03718	0.05028	0.00459	0.00132	0.00432	0.00383	0.00265	0.00539
11	0.44042	0.00923	0.00979	0.03950	0.14058	0.05225	0.02744	0.08268	0.05310	0.05995	0.00810	0.00949	0.00630	0.00423	0.00337	0.00127	0.00403	0.01670	0.00281	0.02875
12	0.24869	0.12506	0.07251	0.03307	0.08440	0.02886	0.04889	0.02560	0.02920	0.07819	0.02952	0.01042	0.02021	0.00607	0.06293	0.00156	0.00467	0.00328	0.00261	0.08427
13	0.00968	0.00907	0.11084	0.02418	0.06726	0.02203	0.04202	0.10577	0.11948	0.09783	0.07845	0.13989	0.11084	0.00768	0.02823	0.00153	0.00406	0.01222	0.00355	0.00538
14	0.08834	0.02614	0.15019	0.03460	0.09590	0.08260	0.03149	0.10180	0.08705	0.09143	0.03351	0.01219	0.03122	0.02602	0.03107	0.00149	0.01532	0.00379	0.00293	0.05291
15	0.02176	0.00952	0.03269	0.06619	0.20848	0.05905	0.03127	0.11729	0.11565	0.06486	0.07531	0.01402	0.05473	0.00494	0.00410	0.00121	0.00425	0.00423	0.00313	0.10731
16	0.02558	0.01174	0.15957	0.11770	0.23038	0.06931	0.08745	0.04657	0.00984	0.05584	0.03253	0.03763	0.02327	0.00451	0.00422	0.00126	0.01381	0.00401	0.00243	0.06234
17	0.05299	0.02624	0.11108	0.13962	0.14930	0.03160	0.06269	0.01135	0.03169	0.07070	0.01307	0.24668	0.02228	0.00666	0.00438	0.00141	0.00440	0.00597	0.00282	0.00508
18	0.01042	0.01049	0.09294	0.09908	0.20418	0.03665	0.02172	0.06408	0.14052	0.01502	0.05272	0.01592	0.02747	0.08734	0.00618	0.00170	0.00479	0.01454	0.00311	0.09113

[dist]
# distance from previous block
# <min> <max>
6	32

[block]
# block no. 2 follows, 64 sequences, length 33
# corresponding to MSA columns:
# 124-136,147-166
name=unknown_C
#
# <colnr> <probs for GDERKNQSTAVLIFYWHMCP>
#	G	D	E	R	K	N	Q	S	T	A	V	L	I	F	Y	W	H	M	C	P
0	0.05382	0.10624	0.03993	0.03994	0.01292	0.29397	0.10488	0.05087	0.01052	0.03899	0.02425	0.01307	0.09057	0.00491	0.00389	0.00116	0.00541	0.02315	0.00257	0.07894
1	0.00894	0.02902	0.00941	0.06581	0.04644	0.13227	0.00679	0.04909	0.09210	0.01175	0.01073	0.01373	0.02400	0.01714	0.39208	0.00378	0.04606	0.00404	0.01873	0.01812
2	0.01013	0.00906	0.03065	0.26858	0.32800	0.02634	0.05708	0.03454	0.03345	0.08000	0.00936	0.04802	0.00760	0.00444	0.00419	0.00130	0.00497	0.00412	0.00246	0.03570
3	0.01003	0.02002	0.09574	0.08083	0.04859	0.04209	0.09195	0.10153	0.12751	0.06849	0.02140	0.05324	0.03069	0.04074	0.06135	0.00186	0.02509	0.07036	0.00308	0.00539
4	0.00844	0.00798	0.00931	0.25440	0.06843	0.09592	0.00740	0.06451	0.06082	0.01308	0.10941	0.02148	0.24906	0.00662	0.00441	0.00133	0.00410	0.00555	0.00308	0.00465
5	0.03041	0.05043	0.01352	0.04711	0.27370	0.31092	0.02061	0.06052	0.03871	0.03488	0.00834	0.04049	0.00707	0.00450	0.00410	0.00119	0.02117	0.00357	0.00243	0.02634
6	0.00978	0.04345	0.01352	0.04877	0.36860	0.02792	0.04891	0.05728	0.00960	0.04976	0.02471	0.09776	0.05765	0.00677	0.03604	0.01831	0.06815	0.00490	0.00261	0.00551
7	0.01298	0.01493	0.01263	0.06066	0.13934	0.46887	0.04177	0.05880	0.05220	0.01211	0.00850	0.06142	0.00744	0.00488	0.00426	0.00121	0.02663	0.00374	0.00242	0.00522
8	0.01350	0.00931	0.01033	0.00848	0.01134	0.01007	0.00681	0.25864	0.38828	0.17717	0.01431	0.01327	0.01024	0.00523	0.00414	0.00130	0.00371	0.00421	0.00430	0.04535
9	0.00890	0.00846	0.01436	0.49043	0.37400	0.00951	0.01206	0.01154	0.00880	0.01189	0.00757	0.01073	0.00599	0.00396	0.00414	0.00132	0.00528	0.00370	0.00194	0.00546
10	0.02036	0.00884	0.02421	0.03976	0.08365	0.13699	0.04805	0.04285	0.07218	0.05056	0.17346	0.10416	0.10279	0.00763	0.02502	0.00148	0.02211	0.02770	0.00336	0.00483
11	0.03427	0.02839	0.26201	0.00981	0.01351	0.02205	0.03451	0.05973	0.03339	0.27167	0.07516	0.02790	0.03924	0.00673	0.02295	0.00166	0.02373	0.02289	0.00385	0.00656
12	0.00543	0.00382	0.00494	0.00564	0.00591	0.00365	0.00379	0.00615	0.00783	0.01046	0.05485	0.57703	0.02504	0.19271	0.00871	0.00219	0.00285	0.07215	0.00360	0.00325
13	0.01052	0.00997	0.01500	0.20981	0.49217	0.05291	0.01161	0.09424	0.01024	0.01388	0.00778	0.01025	0.00629	0.00409	0.00443	0.00128	0.03365	0.00365	0.00222	0.00602
14	0.01235	0.08219	0.18436	0.07268	0.10055	0.13823	0.08267	0.07458	0.02787	0.07761	0.02638	0.04831	0.02226	0.00557	0.00480	0.00149	0.02451	0.00435	0.00298	0.00627
15	0.00597	0.00431	0.00596	0.00596	0.00646	0.00480	0.00430	0.00696	0.00646	0.00911	0.01178	0.01994	0.01195	0.30514	0.56572	0.00579	0.00876	0.00498	0.00232	0.00331
16	0.00513	0.00428	0.00442	0.00443	0.00572	0.00369	0.00326	0.00638	0.02654	0.01143	0.07473	0.07429	0.70175	0.04855	0.00565	0.00153	0.00222	0.00863	0.00384	0.00354
17	0.01195	0.01242	0.01339	0.04987	0.29293	0.26341	0.04663	0.06756	0.09646	0.03019	0.02461	0.02883	0.03393	0.00470	0.00412	0.00123	0.00542	0.00396	0.00265	0.00574
18	0.07902	0.05989	0.08444	0.07188	0.18436	0.10953	0.02910	0.15200	0.13069	0.04550	0.00935	0.01027	0.00712	0.00438	0.00390	0.00125	0.00492	0.00353	0.00284	0.00604
19	0.01268	0.00882	0.00909	0.00767	0.01005	0.06125	0.00608	0.22390	0.24213	0.14507	0.01379	0.03379	0.01031	0.00531	0.00391	0.00124	0.00361	0.00424	0.19104	0.00601
20	0.00845	0.00855	0.02643	0.15336	0.17913	0.09460	0.07748	0.01067	0.03586	0.01178	0.01477	0.23030	0.06829	0.00716	0.00472	0.00143	0.01616	0.04331	0.00276	0.00478
21	0.01153	0.00998	0.01273	0.06571	0.26208	0.10194	0.03313	0.08689	0.10738	0.10134	0.02346	0.04188	0.02380	0.00573	0.02231	0.00144	0.06675	0.01307	0.00297	0.00588
22	0.01433	0.01075	0.01035	0.00901	0.02653	0.21784	0.00696	0.13244	0.02663	0.28324	0.01245	0.11233	0.01018	0.00664	0.02482	0.00145	0.08006	0.00461	0.00364	0.00573
23	0.02370	0.00947	0.01695	0.02334	0.01607	0.02409	0.43750	0.09150	0.03814	0.08770	0.10497	0.01570	0.06881	0.00498	0.00465	0.00135	0.00527	0.00518	0.01512	0.00550
24	0.02114	0.02408	0.10108	0.25072	0.21456	0.03999	0.06755	0.07337	0.02985	0.06743	0.02220	0.04121	0.00773	0.00456	0.00430	0.00132	0.01669	0.00405	0.00249	0.00568
25	0.02649	0.02043	0.07436	0.11355	0.34798	0.04720	0.07583	0.02448	0.05521	0.07478	0.00994	0.06281	0.00836	0.00513	0.01696	0.00140	0.01440	0.01233	0.00254	0.00586
26	0.01081	0.00531	0.00684	0.00624	0.00798	0.00479	0.00480	0.01242	0.03356	0.33634	0.05664	0.26924	0.13146	0.00865	0.00465	0.00144	0.00286	0.04170	0.04928	0.00502
27	0.00883	0.00909	0.07514	0.07817	0.27790	0.06224	0.02619	0.01116	0.02649	0.04537	0.12136	0.07929	0.13330	0.00627	0.00458	0.00133	0.01966	0.00549	0.00291	0.00520
28	0.05959	0.02785	0.02991	0.18104	0.42857	0.02056	0.04844	0.04211	0.02577	0.02862	0.00797	0.01038	0.00642	0.00468	0.02301	0.00142	0.04195	0.00366	0.00221	0.00585
29	0.00797	0.00712	0.01033	0.10761	0.30347	0.02275	0.00796	0.02287	0.02949	0.02436	0.09107	0.09288	0.24139	0.00699	0.00451	0.00135	0.00371	0.00617	0.00305	0.00497
30	0.02310	0.00506	0.00627	0.00591	0.00746	0.00457	0.00453	0.02977	0.01004	0.22358	0.08297	0.26033	0.25090	0.00951	0.00483	0.00147	0.00274	0.05818	0.00422	0.00454
31	0.01092	0.01115	0.05089	0.09126	0.13420	0.09051	0.16077	0.15243	0.07782	0.01477	0.00899	0.02427	0.00723	0.00600	0.04477	0.00161	0.10005	0.00405	0.00259	0.00569
32	0.03455	0.05625	0.21706	0.06292	0.24064	0.00983	0.06085	0.07915	0.02880	0.12324	0.00918	0.01042	0.00679	0.00420	0.00417	0.00127	0.02025	0.00359	0.02064	0.00619

[dist]
# distance from previous block
# <min> <max>
7	43

[block]
# block no. 3 follows, 64 sequences, length 10
# corresponding to MSA columns:
# 211-220
name=unknown_D
#
# <colnr> <probs for GDERKNQSTAVLIFYWHMCP>
#	G	D	E	R	K	N	Q	S	T	A	V	L	I	F	Y	W	H	M	C	P
0	0.00787	0.00670	0.03974	0.05949	0.04959	0.00613	0.03333	0.04313	0.03596	0.04123	0.03487	0.21471	0.03229	0.06249	0.05871	0.00187	0.01994	0.09305	0.00312	0.15578
1	0.00878	0.15411	0.15177	0.00971	0.08257	0.00878	0.04714	0.04736	0.02100	0.03638	0.02818	0.18176	0.06782	0.00688	0.02065	0.00138	0.03380	0.00539	0.00274	0.08384
2	0.02679	0.02762	0.13365	0.00807	0.04378	0.02156	0.03190	0.02541	0.03221	0.10835	0.07823	0.17001	0.20658	0.00790	0.00475	0.00141	0.02246	0.02804	0.01647	0.00480
3	0.03100	0.03162	0.03225	0.03438	0.06278	0.00644	0.07161	0.00851	0.00726	0.01048	0.01094	0.06125	0.01095	0.21717	0.17703	0.08666	0.05405	0.02114	0.06070	0.00379
4	0.02623	0.06422	0.10862	0.05361	0.16330	0.10047	0.06842	0.05380	0.03125	0.03528	0.00866	0.01110	0.00717	0.01021	0.18803	0.00246	0.05585	0.00369	0.00229	0.00534
5	0.07258	0.03430	0.06481	0.06789	0.24943	0.09619	0.09215	0.20177	0.01191	0.05726	0.00842	0.00983	0.00640	0.00417	0.00402	0.00125	0.00524	0.00357	0.00271	0.00611
6	0.00508	0.00397	0.00461	0.00498	0.00585	0.00350	0.00353	0.00610	0.00910	0.01157	0.12198	0.37534	0.40696	0.01133	0.00507	0.00151	0.00221	0.00989	0.00394	0.00350
7	0.00807	0.00680	0.00803	0.00610	0.00926	0.00520	0.00476	0.00974	0.00851	0.01308	0.00977	0.13804	0.00943	0.00460	0.00342	0.00078	0.00297	0.00390	0.00268	0.74486
8	0.00995	0.01019	0.03287	0.20709	0.25220	0.10632	0.11938	0.01246	0.02285	0.03683	0.04032	0.02704	0.02645	0.00481	0.00485	0.00134	0.05487	0.02243	0.00234	0.00539
9	0.00663	0.00487	0.00632	0.00641	0.03167	0.00522	0.00440	0.05549	0.00748	0.01025	0.01392	0.02168	0.06984	0.34904	0.38349	0.00477	0.00713	0.00531	0.00257	0.00352

[dist]
# distance from previous block
# <min> <max>
0	2

[block]
# block no. 4 follows, 64 sequences, length 7
# corresponding to MSA columns:
# 223-229
name=unknown_E
#
# <colnr> <probs for GDERKNQSTAVLIFYWHMCP>
#	G	D	E	R	K	N	Q	S	T	A	V	L	I	F	Y	W	H	M	C	P
0	0.02841	0.23779	0.33469	0.01110	0.08616	0.02756	0.04069	0.06821	0.05260	0.01348	0.02584	0.01043	0.03727	0.00431	0.00371	0.00120	0.00509	0.00338	0.00226	0.00583
1	0.02568	0.22656	0.11743	0.03586	0.10366	0.01063	0.13622	0.02660	0.09499	0.03439	0.06721	0.06071	0.03267	0.00500	0.00398	0.00124	0.00463	0.00440	0.00263	0.00552
2	0.00733	0.00532	0.00676	0.00636	0.00691	0.00522	0.04233	0.00759	0.00750	0.01023	0.04745	0.02650	0.05382	0.58030	0.16365	0.00430	0.00564	0.00622	0.00297	0.00361
3	0.00783	0.00903	0.13517	0.02620	0.06932	0.03195	0.08140	0.06020	0.04865	0.01360	0.12708	0.17496	0.12606	0.02922	0.02055	0.00157	0.00411	0.02512	0.00322	0.00477
4	0.03285	0.02307	0.02953	0.03492	0.10074	0.04438	0.06683	0.05084	0.05723	0.06489	0.00856	0.00977	0.00674	0.00385	0.00401	0.00099	0.03914	0.00317	0.00266	0.41581
5	0.00620	0.00456	0.00602	0.00681	0.00764	0.00449	0.00549	0.00813	0.04724	0.01199	0.02373	0.29847	0.09231	0.01160	0.00546	0.00177	0.00321	0.44724	0.00386	0.00379
6	0.01053	0.01102	0.01000	0.00898	0.01008	0.27430	0.00695	0.06894	0.00907	0.01089	0.00833	0.01255	0.00786	0.11771	0.19768	0.00292	0.22171	0.00382	0.00227	0.00437

[dist]
# distance from previous block
# <min> <max>
0	1

[block]
# block no. 5 follows, 64 sequences, length 15
# corresponding to MSA columns:
# 231-245
name=unknown_F
#
# <colnr> <probs for GDERKNQSTAVLIFYWHMCP>
#	G	D	E	R	K	N	Q	S	T	A	V	L	I	F	Y	W	H	M	C	P
0	0.05413	0.12340	0.27057	0.01305	0.15754	0.07152	0.07957	0.01383	0.06446	0.04790	0.00908	0.01090	0.01897	0.00436	0.00411	0.00127	0.02364	0.02359	0.00231	0.00582
1	0.00528	0.00379	0.00500	0.00588	0.00625	0.00357	0.00410	0.00613	0.00814	0.01075	0.02334	0.69166	0.06398	0.04227	0.00589	0.00178	0.00262	0.10237	0.00381	0.00340
2	0.00722	0.00361	0.00541	0.00541	0.00541	0.00361	0.00361	0.00541	0.00541	0.00722	0.00722	0.01263	0.00722	0.01443	0.01623	0.87915	0.00361	0.00361	0.00180	0.00180
3	0.00894	0.00960	0.04828	0.01053	0.05860	0.13804	0.21200	0.02378	0.01033	0.01348	0.17271	0.06733	0.11190	0.00617	0.00445	0.00129	0.00456	0.00566	0.08764	0.00470
4	0.13456	0.13063	0.06368	0.01087	0.12644	0.15018	0.02479	0.13107	0.04097	0.03002	0.00776	0.00874	0.00613	0.00402	0.00352	0.00111	0.00480	0.00300	0.00258	0.11513
5	0.00593	0.00445	0.00668	0.00668	0.00742	0.00519	0.00519	0.00742	0.00668	0.00964	0.01113	0.01632	0.01038	0.03115	0.83756	0.00668	0.01113	0.00445	0.00223	0.00371
6	0.00706	0.00476	0.00575	0.00576	0.00717	0.00433	0.00464	0.00875	0.02835	0.09668	0.12099	0.05847	0.38818	0.00996	0.00506	0.00153	0.00276	0.23165	0.00407	0.00408
7	0.02821	0.00920	0.01552	0.24689	0.20762	0.04015	0.21645	0.01223	0.05246	0.01263	0.02633	0.06059	0.02316	0.00475	0.00461	0.00137	0.02554	0.00463	0.00232	0.00533
8	0.01031	0.36748	0.37632	0.00957	0.01410	0.06890	0.01079	0.04057	0.04444	0.01217	0.00718	0.00814	0.00568	0.00391	0.00342	0.00112	0.00535	0.00278	0.00198	0.00576
9	0.00588	0.00401	0.00515	0.00569	0.00629	0.00373	0.00396	0.00696	0.02194	0.04699	0.09533	0.59481	0.10747	0.04319	0.00576	0.00170	0.00250	0.03108	0.00393	0.00363
10	0.00508	0.00368	0.00479	0.00564	0.00600	0.00340	0.00380	0.00587	0.00820	0.01086	0.05128	0.75734	0.09343	0.01266	0.00526	0.00165	0.00237	0.01142	0.00388	0.00340
11	0.13357	0.03807	0.04089	0.00939	0.07407	0.21601	0.05375	0.04263	0.00902	0.01211	0.02214	0.01475	0.00920	0.22454	0.06558	0.00231	0.00559	0.01954	0.00242	0.00441
12	0.05737	0.00682	0.00769	0.00661	0.00863	0.05301	0.05737	0.05711	0.03042	0.02684	0.08079	0.13450	0.28307	0.02329	0.00469	0.00132	0.00322	0.00656	0.00342	0.14729
13	0.04573	0.17792	0.04133	0.00943	0.05709	0.12999	0.03451	0.14553	0.03755	0.05072	0.00812	0.00903	0.00642	0.00412	0.00384	0.00105	0.03310	0.00304	0.01998	0.18152
14	0.13348	0.08055	0.12606	0.02684	0.06836	0.11507	0.07667	0.04838	0.04666	0.08058	0.04210	0.04054	0.00858	0.01563	0.01355	0.00133	0.02125	0.00377	0.00270	0.04790

[dist]
# distance from previous block
# <min> <max>
2	21

[block]
# block no. 6 follows, 64 sequences, length 49
# corresponding to MSA columns:
# 268-316
name=unknown_G
#
# <colnr> <probs for GDERKNQSTAVLIFYWHMCP>
#	G	D	E	R	K	N	Q	S	T	A	V	L	I	F	Y	W	H	M	C	P
0	0.03052	0.04399	0.04671	0.01009	0.01298	0.15152	0.13638	0.21368	0.08160	0.03489	0.03322	0.05579	0.02862	0.00551	0.00426	0.00129	0.00501	0.05498	0.00318	0.04580
1	0.01158	0.01054	0.01105	0.00931	0.01161	0.21537	0.10774	0.10325	0.06652	0.09783	0.14851	0.02772	0.04888	0.00627	0.00448	0.00132	0.00475	0.09224	0.00349	0.01752
2	0.01038	0.00559	0.00689	0.00615	0.00798	0.00520	0.00482	0.04901	0.04606	0.26941	0.11142	0.13139	0.19418	0.00852	0.02125	0.00148	0.00299	0.04567	0.06662	0.00499
3	0.03132	0.00451	0.00579	0.00627	0.00707	0.00436	0.00452	0.00868	0.05713	0.09587	0.02131	0.61992	0.02386	0.01137	0.00508	0.00164	0.00273	0.08058	0.00397	0.00402
4	0.03333	0.00772	0.00957	0.00789	0.01034	0.03739	0.07423	0.09257	0.10847	0.10566	0.07993	0.13981	0.02355	0.02571	0.00463	0.00130	0.00365	0.03717	0.00355	0.19350
5	0.01008	0.00966	0.01649	0.09424	0.76096	0.00982	0.01265	0.01257	0.00936	0.01332	0.00778	0.01035	0.00649	0.00374	0.00412	0.00125	0.00499	0.00370	0.00204	0.00641
6	0.00505	0.00366	0.00478	0.00567	0.00600	0.00338	0.00381	0.00580	0.00806	0.01065	0.02425	0.79386	0.08405	0.01284	0.00527	0.00167	0.00239	0.01159	0.00386	0.00338
7	0.01500	0.01036	0.01136	0.00889	0.01198	0.01124	0.00728	0.59156	0.09376	0.12516	0.03629	0.01256	0.03430	0.00534	0.00421	0.00127	0.00417	0.00415	0.00429	0.00682
8	0.01109	0.00841	0.00929	0.00830	0.01047	0.03291	0.00687	0.32383	0.11660	0.03815	0.01753	0.03838	0.07235	0.00780	0.00477	0.00151	0.00400	0.27824	0.00399	0.00551
9	0.01720	0.00671	0.00905	0.00713	0.01006	0.00587	0.00589	0.01885	0.01153	0.72743	0.01645	0.01588	0.01099	0.00544	0.00416	0.00129	0.00343	0.04407	0.07191	0.00666
10	0.01076	0.75198	0.12326	0.00770	0.01158	0.01559	0.00814	0.01253	0.00848	0.01020	0.00598	0.00693	0.00532	0.00360	0.00283	0.00094	0.00465	0.00233	0.00177	0.00543
11	0.00592	0.00422	0.00568	0.00578	0.00620	0.00457	0.00407	0.00677	0.00661	0.00917	0.01318	0.09265	0.01404	0.35198	0.42503	0.00509	0.00741	0.02592	0.00252	0.00322
12	0.01295	0.01568	0.01060	0.00962	0.01136	0.58734	0.00731	0.01429	0.02507	0.01108	0.10162	0.01269	0.06596	0.00551	0.00497	0.00120	0.09181	0.00377	0.00254	0.00463
13	0.88336	0.00803	0.00611	0.00546	0.00803	0.00932	0.00450	0.01221	0.00707	0.01864	0.00578	0.00675	0.00450	0.00386	0.00257	0.00129	0.00321	0.00225	0.00257	0.00450
14	0.01264	0.00642	0.00736	0.00609	0.00821	0.00639	0.00488	0.17863	0.01189	0.26022	0.01366	0.01395	0.00980	0.00496	0.00354	0.00112	0.00295	0.00394	0.43787	0.00548
15	0.00666	0.00522	0.01695	0.03900	0.11301	0.00513	0.00534	0.02086	0.00785	0.02093	0.01680	0.36568	0.04319	0.22114	0.04142	0.02770	0.01976	0.01656	0.00305	0.00376
16	0.00512	0.00383	0.00468	0.00531	0.00587	0.00348	0.00363	0.00593	0.00835	0.01078	0.04630	0.55936	0.23615	0.06259	0.00614	0.00175	0.00243	0.02113	0.00379	0.00338
17	0.00989	0.01033	0.08709	0.12702	0.27658	0.03616	0.01004	0.03501	0.26239	0.01449	0.01935	0.01256	0.00883	0.00473	0.00441	0.00133	0.03031	0.01360	0.02985	0.00602
18	0.00586	0.00424	0.00552	0.00520	0.00619	0.00391	0.00390	0.00780	0.01171	0.01653	0.80799	0.03123	0.05720	0.00854	0.00490	0.00131	0.00196	0.00754	0.00456	0.00391
19	0.00855	0.00695	0.03048	0.00742	0.03398	0.00689	0.00562	0.10125	0.22862	0.04663	0.15907	0.18604	0.14518	0.00814	0.00464	0.00141	0.00299	0.00701	0.00405	0.00507
20	0.01022	0.06616	0.05838	0.03268	0.42309	0.02960	0.13067	0.04500	0.02574	0.01323	0.00782	0.01019	0.00647	0.00492	0.02828	0.00146	0.09418	0.00376	0.00214	0.00598
21	0.01563	0.01070	0.01167	0.00900	0.01218	0.01164	0.00742	0.68358	0.01810	0.11123	0.01086	0.01073	0.00761	0.00499	0.00409	0.00123	0.00431	0.00379	0.05435	0.00688
22	0.01108	0.01095	0.06208	0.33214	0.20708	0.07306	0.02211	0.09629	0.06072	0.01495	0.05663	0.01335	0.00940	0.00523	0.00465	0.00151	0.00553	0.00426	0.00286	0.00612
23	0.01441	0.04195	0.01112	0.00978	0.01184	0.70383	0.00739	0.01579	0.02657	0.01089	0.00741	0.00852	0.00609	0.00435	0.00363	0.00106	0.00670	0.00284	0.10109	0.00476
24	0.00992	0.00861	0.04260	0.11332	0.19943	0.02064	0.01807	0.03997	0.09146	0.08604	0.01115	0.04341	0.03126	0.04785	0.02093	0.00145	0.03710	0.00415	0.00280	0.16983
25	0.05850	0.08512	0.03592	0.00951	0.01199	0.44255	0.00763	0.17077	0.03805	0.01417	0.02058	0.04596	0.00741	0.00488	0.00396	0.00116	0.02185	0.00341	0.01130	0.00528
26	0.00825	0.00775	0.00737	0.00742	0.00859	0.17120	0.01674	0.03050	0.03654	0.01245	0.10806	0.25809	0.05240	0.00982	0.02069	0.00162	0.00402	0.20700	0.02740	0.00409
27	0.00605	0.00513	0.02920	0.04018	0.02498	0.00454	0.00454	0.00819	0.04464	0.01411	0.37505	0.06275	0.30255	0.00864	0.00471	0.00134	0.00241	0.00743	0.04954	0.00402
28	0.83024	0.00875	0.00645	0.00578	0.00833	0.06000	0.00471	0.01248	0.00736	0.01812	0.00582	0.00679	0.00455	0.00388	0.00264	0.00127	0.00347	0.00228	0.00254	0.00452
29	0.00749	0.00551	0.00701	0.00790	0.09330	0.00529	0.00529	0.01004	0.10525	0.08093	0.07072	0.21618	0.28763	0.00931	0.00484	0.00148	0.00286	0.07061	0.00386	0.00451
30	0.01952	0.01304	0.26873	0.17788	0.08131	0.04678	0.11866	0.03659	0.06287	0.06864	0.01720	0.01099	0.00704	0.00423	0.00410	0.00131	0.00541	0.00375	0.04625	0.00570
31	0.88336	0.00803	0.00611	0.00546	0.00803	0.00932	0.00450	0.01221	0.00707	0.01864	0.00578	0.00675	0.00450	0.00386	0.00257	0.00129	0.00321	0.00225	0.00257	0.00450
32	0.00491	0.00420	0.00422	0.00424	0.00562	0.00350	0.00317	0.00596	0.00944	0.01121	0.04170	0.05603	0.81062	0.01057	0.00492	0.00141	0.00211	0.00883	0.00386	0.00350
33	0.00583	0.00424	0.00548	0.00517	0.00618	0.00390	0.00388	0.00774	0.01164	0.01638	0.78606	0.03148	0.07922	0.00859	0.00490	0.00131	0.00197	0.00758	0.00454	0.00390
34	0.00637	0.00429	0.00520	0.00526	0.00636	0.00380	0.00386	0.00758	0.00968	0.08226	0.19974	0.29196	0.32100	0.01044	0.00499	0.00147	0.00233	0.02542	0.00412	0.00386
35	0.00696	0.00375	0.00557	0.00558	0.00573	0.00385	0.00385	0.00584	0.00582	0.00796	0.02243	0.03151	0.00874	0.01668	0.14032	0.69826	0.00467	0.00398	0.01630	0.00220
36	0.01031	0.61821	0.25314	0.00846	0.01275	0.01450	0.00946	0.01264	0.00853	0.01074	0.00625	0.00726	0.00531	0.00367	0.00303	0.00101	0.00493	0.00246	0.00177	0.00556
37	0.05336	0.00937	0.01058	0.00830	0.01132	0.00984	0.00678	0.41691	0.07665	0.28606	0.01259	0.01221	0.00874	0.02692	0.00450	0.00134	0.00399	0.00395	0.02991	0.00671
38	0.00980	0.01096	0.02334	0.04036	0.11117	0.01040	0.70312	0.01317	0.00973	0.01326	0.00831	0.01110	0.00631	0.00354	0.00479	0.00138	0.00673	0.00474	0.00209	0.00568
39	0.01018	0.00954	0.01363	0.01590	0.32783	0.03856	0.03177	0.08739	0.06554	0.01340	0.00838	0.01133	0.00729	0.04497	0.05720	0.00186	0.24335	0.00390	0.00237	0.00561
40	0.01302	0.06488	0.01138	0.00891	0.01127	0.20424	0.00709	0.33078	0.09815	0.01725	0.01005	0.02859	0.00824	0.05230	0.05513	0.00170	0.03726	0.00383	0.03026	0.00566
41	0.00600	0.00403	0.00452	0.00452	0.00457	0.00401	0.00254	0.00604	0.00617	0.00818	0.01420	0.02767	0.04625	0.82164	0.02052	0.00393	0.00395	0.00615	0.00257	0.00255
42	0.00518	0.00422	0.00460	0.00471	0.00590	0.00367	0.00349	0.00647	0.02121	0.01192	0.13327	0.14892	0.58791	0.01057	0.00498	0.00144	0.00219	0.03182	0.00395	0.00359
43	0.00574	0.00432	0.00543	0.00588	0.00686	0.00401	0.00468	0.00720	0.00963	0.01245	0.16003	0.17547	0.27439	0.01095	0.00527	0.00162	0.00275	0.29569	0.00396	0.00367
44	0.00618	0.00433	0.00521	0.00505	0.00617	0.00396	0.00379	0.00799	0.02492	0.03568	0.44587	0.08420	0.23476	0.00889	0.00473	0.00134	0.00213	0.02577	0.08514	0.00390
45	0.00794	0.00705	0.07694	0.02409	0.00876	0.00622	0.00560	0.02836	0.20016	0.03947	0.32236	0.02256	0.08878	0.00679	0.00431	0.00129	0.00281	0.00578	0.13588	0.00486
46	0.03397	0.00951	0.06246	0.07665	0.19433	0.04993	0.01783	0.02203	0.00916	0.03874	0.00780	0.00939	0.00626	0.00356	0.00353	0.00094	0.00417	0.00300	0.01470	0.43205
47	0.33825	0.00895	0.01087	0.25668	0.05959	0.05180	0.07068	0.05361	0.03003	0.01515	0.00722	0.00913	0.00556	0.00398	0.00352	0.00127	0.00457	0.00314	0.00239	0.06360
48	0.08861	0.07795	0.04518	0.08302	0.16650	0.14825	0.00841	0.06975	0.08116	0.07125	0.02545	0.07752	0.00905	0.00507	0.00400	0.00125	0.01280	0.00408	0.00281	0.01787

[dist]
# distance from previous block
# <min> <max>
0	27

[block]
# block no. 7 follows, 64 sequences, length 21
# corresponding to MSA columns:
# 347-367
name=unknown_H
#
# <colnr> <probs for GDERKNQSTAVLIFYWHMCP>
#	G	D	E	R	K	N	Q	S	T	A	V	L	I	F	Y	W	H	M	C	P
0	0.08913	0.02558	0.03894	0.02455	0.08232	0.00673	0.10225	0.03123	0.04514	0.03145	0.02566	0.30187	0.06618	0.00814	0.00457	0.00147	0.00368	0.06747	0.03907	0.00458
1	0.00580	0.00441	0.00538	0.00533	0.00636	0.00414	0.00397	0.00783	0.05133	0.01410	0.42756	0.13847	0.22149	0.02753	0.02874	0.00161	0.00248	0.03547	0.00416	0.00385
2	0.50241	0.37861	0.01294	0.00618	0.00918	0.01243	0.00564	0.01231	0.00767	0.01477	0.00578	0.00671	0.00486	0.00372	0.00261	0.00111	0.00375	0.00224	0.00222	0.00486
3	0.50186	0.04098	0.19695	0.02044	0.02201	0.00993	0.02985	0.05347	0.06333	0.01704	0.00725	0.00819	0.00548	0.00404	0.00319	0.00129	0.00416	0.00279	0.00252	0.00523
4	0.00514	0.00390	0.00470	0.00523	0.00591	0.00352	0.00365	0.00606	0.00866	0.01114	0.07973	0.47913	0.29040	0.04422	0.00577	0.00167	0.00238	0.03150	0.00385	0.00343
5	0.00935	0.00892	0.01518	0.33798	0.52289	0.00962	0.01229	0.01193	0.00902	0.01244	0.00765	0.01058	0.00618	0.00387	0.00413	0.00129	0.00516	0.00370	0.00198	0.00583
6	0.00644	0.00440	0.00493	0.00490	0.00611	0.00405	0.00376	0.02851	0.00987	0.03201	0.15350	0.09024	0.35900	0.00894	0.00452	0.00135	0.00231	0.07392	0.19738	0.00384
7	0.00507	0.00413	0.00448	0.00457	0.00575	0.00355	0.00336	0.00621	0.00959	0.01192	0.15219	0.14731	0.60630	0.01056	0.00496	0.00143	0.00212	0.00899	0.00396	0.00355
8	0.01068	0.03796	0.07854	0.00797	0.01156	0.10448	0.03189	0.10164	0.01038	0.05018	0.00828	0.02713	0.00671	0.00384	0.00349	0.00088	0.00419	0.00303	0.00267	0.49452
9	0.01028	0.00987	0.01686	0.02550	0.82811	0.00987	0.01275	0.01275	0.00946	0.01357	0.00781	0.01028	0.00658	0.00370	0.00411	0.00123	0.00493	0.00370	0.00206	0.00658
10	0.01070	0.01016	0.01599	0.11711	0.55249	0.04346	0.06202	0.09660	0.01050	0.01438	0.00822	0.01092	0.00674	0.00403	0.00418	0.00127	0.00518	0.01754	0.00229	0.00622
11	0.59062	0.00962	0.00833	0.00839	0.08477	0.11334	0.00605	0.01279	0.00797	0.04080	0.00650	0.00780	0.00519	0.00489	0.02666	0.00143	0.05494	0.00264	0.00249	0.00479
12	0.01160	0.00928	0.00986	0.00852	0.01105	0.01054	0.00672	0.18189	0.61269	0.04215	0.01539	0.01434	0.01142	0.00547	0.00417	0.00136	0.00352	0.00446	0.02896	0.00661
13	0.00642	0.00500	0.00671	0.10471	0.03498	0.00504	0.00536	0.00867	0.06551	0.02476	0.24038	0.26360	0.14232	0.00937	0.00490	0.00148	0.00286	0.06004	0.00380	0.00409
14	0.00604	0.00403	0.00453	0.00453	0.00453	0.00403	0.00252	0.00604	0.00604	0.00805	0.01309	0.02718	0.01510	0.85402	0.02114	0.00403	0.00403	0.00604	0.00252	0.00252
15	0.22794	0.02919	0.13226	0.02864	0.04156	0.05375	0.07246	0.08742	0.11158	0.11444	0.01097	0.02902	0.03394	0.00475	0.00380	0.00130	0.00444	0.00378	0.00307	0.00569
16	0.00585	0.00402	0.00459	0.00465	0.00485	0.00392	0.00277	0.00612	0.00685	0.00907	0.06519	0.10045	0.08796	0.65681	0.01738	0.00343	0.00360	0.00687	0.00287	0.00276
17	0.00993	0.22625	0.26334	0.07034	0.05121	0.02800	0.06111	0.06170	0.06930	0.02420	0.02978	0.01014	0.00725	0.00533	0.03672	0.00144	0.03261	0.00340	0.00228	0.00568
18	0.00539	0.00415	0.00493	0.00489	0.00595	0.00369	0.00361	0.00683	0.01037	0.01374	0.41360	0.13745	0.35069	0.00986	0.00495	0.00139	0.00207	0.00855	0.00420	0.00369
19	0.02847	0.06668	0.04300	0.00682	0.02581	0.00657	0.01622	0.03546	0.00932	0.03190	0.06924	0.03262	0.09517	0.00468	0.00355	0.00089	0.00325	0.00383	0.00281	0.51370
20	0.00640	0.05429	0.00639	0.00565	0.00678	0.03092	0.00423	0.00828	0.06125	0.01283	0.24125	0.25208	0.22043	0.00972	0.00502	0.01976	0.00259	0.02585	0.02239	0.00390

[dist]
# distance from previous block
# <min> <max>
0	42

[block]
# block no. 8 follows, 64 sequences, length 32
# corresponding to MSA columns:
# 410-441
name=unknown_I
#
# <colnr> <probs for GDERKNQSTAVLIFYWHMCP>
#	G	D	E	R	K	N	Q	S	T	A	V	L	I	F	Y	W	H	M	C	P
0	0.04505	0.16862	0.32849	0.02136	0.01480	0.08953	0.07423	0.08898	0.03744	0.03258	0.00785	0.00917	0.00604	0.01354	0.01343	0.00132	0.03635	0.00321	0.00226	0.00574
1	0.01085	0.00890	0.14169	0.00742	0.01014	0.00696	0.00686	0.13161	0.03493	0.18691	0.09542	0.03645	0.04950	0.00820	0.08697	0.00178	0.00435	0.00461	0.13792	0.02853
2	0.00564	0.00446	0.02077	0.02858	0.00717	0.00404	0.00448	0.00682	0.00863	0.02556	0.06816	0.40904	0.22857	0.01319	0.08377	0.00206	0.00341	0.06832	0.00367	0.00365
3	0.18519	0.05645	0.16188	0.02682	0.01446	0.02855	0.22570	0.02748	0.00909	0.05865	0.01022	0.01148	0.06472	0.00438	0.00414	0.00127	0.02793	0.00381	0.00246	0.07533
4	0.00600	0.00415	0.00516	0.00514	0.00540	0.00432	0.00331	0.00652	0.00660	0.00906	0.06812	0.02460	0.01551	0.58068	0.23390	0.00453	0.00575	0.00572	0.00258	0.00292
5	0.01088	0.03038	0.10740	0.00897	0.01170	0.02493	0.00782	0.19720	0.38772	0.01768	0.03716	0.07033	0.01163	0.00589	0.00474	0.00138	0.04965	0.00471	0.00368	0.00617
6	0.00503	0.00409	0.00441	0.00458	0.00569	0.00352	0.00331	0.00602	0.00917	0.01127	0.07704	0.19761	0.60354	0.03893	0.00552	0.00154	0.00222	0.00921	0.00385	0.00347
7	0.00627	0.00521	0.00537	0.00554	0.00661	0.06065	0.00408	0.00741	0.00955	0.03282	0.13820	0.27625	0.35892	0.01047	0.00497	0.00148	0.00268	0.05590	0.00387	0.00372
8	0.88336	0.00803	0.00611	0.00546	0.00803	0.00932	0.00450	0.01221	0.00707	0.01864	0.00578	0.00675	0.00450	0.00386	0.00257	0.00129	0.00321	0.00225	0.00257	0.00450
9	0.01352	0.36159	0.01603	0.00868	0.01185	0.15150	0.00752	0.30852	0.05608	0.01627	0.00802	0.00849	0.00636	0.00431	0.00348	0.00108	0.00494	0.00299	0.00284	0.00595
10	0.00784	0.00738	0.01246	0.84404	0.02861	0.00923	0.01154	0.01061	0.00831	0.01061	0.00738	0.01107	0.00554	0.00415	0.00415	0.00138	0.00554	0.00369	0.00185	0.00461
11	0.00585	0.00402	0.00461	0.00475	0.00493	0.00393	0.00287	0.00609	0.00668	0.00877	0.01704	0.12422	0.08743	0.65540	0.01739	0.00346	0.00367	0.03333	0.00283	0.00275
12	0.00942	0.01305	0.24703	0.01493	0.21774	0.06501	0.13961	0.05472	0.00982	0.01340	0.01058	0.12229	0.00979	0.00549	0.00441	0.00137	0.00537	0.04791	0.00243	0.00563
13	0.00573	0.00434	0.00570	0.00574	0.00642	0.00459	0.00420	0.00677	0.00734	0.00990	0.03415	0.10128	0.18280	0.17941	0.39961	0.00441	0.02501	0.00637	0.00281	0.00343
14	0.00808	0.00763	0.01289	0.76368	0.10710	0.00929	0.01165	0.01082	0.00842	0.01090	0.00743	0.01100	0.00564	0.00411	0.00415	0.00137	0.00548	0.00369	0.00187	0.00481
15	0.07497	0.01070	0.01150	0.00896	0.01215	0.01173	0.00737	0.61587	0.07764	0.11062	0.01089	0.01061	0.00765	0.00497	0.00405	0.00127	0.00427	0.00376	0.00416	0.00685
16	0.01044	0.00750	0.00872	0.00738	0.00932	0.02875	0.00585	0.23507	0.04087	0.09006	0.26652	0.06239	0.01887	0.00929	0.09250	0.00186	0.04460	0.00540	0.00391	0.05070
17	0.01066	0.72228	0.15210	0.00787	0.01184	0.01534	0.00843	0.01255	0.00849	0.01032	0.00604	0.00700	0.00532	0.00362	0.00287	0.00096	0.00471	0.00236	0.00177	0.00546
18	0.00784	0.00738	0.01246	0.84404	0.02861	0.00923	0.01154	0.01061	0.00831	0.01061	0.00738	0.01107	0.00554	0.00415	0.00415	0.00138	0.00554	0.00369	0.00185	0.00461
19	0.01675	0.00850	0.01036	0.00803	0.01113	0.00838	0.00660	0.28537	0.03802	0.49374	0.05816	0.01370	0.01084	0.00529	0.00421	0.00128	0.00379	0.00423	0.00475	0.00688
20	0.56229	0.01063	0.00809	0.00703	0.00963	0.17569	0.00563	0.08296	0.00949	0.08511	0.00715	0.00779	0.00537	0.00415	0.00308	0.00124	0.00422	0.00262	0.00283	0.00500
21	0.00894	0.00850	0.01444	0.47548	0.38859	0.00952	0.01208	0.01157	0.00882	0.01194	0.00758	0.01072	0.00601	0.00395	0.00413	0.00132	0.00527	0.00370	0.00194	0.00550
22	0.01028	0.00987	0.01686	0.02550	0.82811	0.00987	0.01275	0.01275	0.00946	0.01357	0.00781	0.01028	0.00658	0.00370	0.00411	0.00123	0.00493	0.00370	0.00206	0.00658
23	0.00597	0.00400	0.00455	0.00462	0.00463	0.00398	0.00261	0.00602	0.00617	0.00823	0.01376	0.08350	0.01595	0.79655	0.02006	0.00387	0.00392	0.00643	0.00261	0.00258
24	0.01028	0.00987	0.01686	0.02550	0.82811	0.00987	0.01275	0.01275	0.00946	0.01357	0.00781	0.01028	0.00658	0.00370	0.00411	0.00123	0.00493	0.00370	0.00206	0.00658
25	0.04803	0.01383	0.01150	0.00946	0.01232	0.31327	0.00751	0.37264	0.02593	0.09803	0.00914	0.00937	0.00670	0.00463	0.00391	0.00116	0.00541	0.00330	0.00339	0.04047
26	0.00889	0.00868	0.01333	0.27852	0.15343	0.01113	0.01048	0.01065	0.00750	0.01079	0.00646	0.00992	0.00567	0.00568	0.00902	0.00158	0.43783	0.00366	0.00187	0.00491
27	0.02951	0.02754	0.01169	0.24248	0.03746	0.28650	0.00857	0.11741	0.02443	0.13860	0.00904	0.01021	0.00665	0.00447	0.00393	0.00122	0.00555	0.00340	0.02590	0.00544
28	0.00632	0.00414	0.00501	0.00480	0.00580	0.00388	0.00360	0.00822	0.01079	0.01600	0.55780	0.02738	0.08036	0.00763	0.00436	0.00122	0.00196	0.00661	0.24023	0.00388
29	0.01108	0.51616	0.10439	0.05037	0.10067	0.05557	0.02948	0.06748	0.00954	0.01181	0.00663	0.00787	0.00561	0.00377	0.00324	0.00104	0.00495	0.00273	0.00200	0.00561
30	0.01087	0.82295	0.02110	0.00706	0.01048	0.01592	0.00698	0.01218	0.00842	0.00981	0.00645	0.03991	0.00620	0.00393	0.00277	0.00092	0.00436	0.00260	0.00186	0.00525
31	0.00530	0.00397	0.00498	0.00568	0.00635	0.00365	0.00415	0.00631	0.00863	0.01108	0.02783	0.49922	0.23901	0.01209	0.00527	0.00165	0.00257	0.14492	0.00385	0.00349

[dist]
# distance from previous block
# <min> <max>
0	13

# created by:
# /st0/software/busco_prod/Augustus/scripts/msa2prfl.pl ./align_prep/27126.fa
