[name]
unknown

[dist]
# distance from previous block
# <min> <max>
0	23

[block]
# block no. 0 follows, 73 sequences, length 8
# corresponding to MSA columns:
# 24-31
name=unknown_A
#
# <colnr> <probs for GDERKNQSTAVLIFYWHMCP>
#	G	D	E	R	K	N	Q	S	T	A	V	L	I	F	Y	W	H	M	C	P
0	0.00817	0.00569	0.00779	0.05815	0.07749	0.00593	0.02427	0.01036	0.07537	0.14088	0.15086	0.05518	0.14863	0.04184	0.01698	0.00142	0.08961	0.01798	0.05904	0.00436
1	0.00736	0.00707	0.01231	0.74219	0.07962	0.00846	0.07040	0.00989	0.00767	0.00994	0.00676	0.00996	0.00511	0.00368	0.00380	0.00124	0.00506	0.00341	0.00170	0.00435
2	0.24155	0.00884	0.03419	0.00841	0.01084	0.06668	0.16459	0.14186	0.03339	0.07506	0.00879	0.05354	0.00721	0.03963	0.00444	0.00129	0.03848	0.00366	0.05280	0.00475
3	0.00534	0.00359	0.00412	0.00423	0.00426	0.00356	0.00243	0.00543	0.00567	0.00756	0.01293	0.13007	0.01504	0.76072	0.01730	0.00337	0.00345	0.00611	0.00243	0.00237
4	0.01247	0.00955	0.01069	0.00849	0.01080	0.01094	0.00695	0.60967	0.05398	0.01992	0.00885	0.00996	0.00681	0.04165	0.03375	0.00148	0.13146	0.00351	0.00332	0.00575
5	0.02961	0.00832	0.00970	0.02984	0.02751	0.02485	0.04727	0.21770	0.33989	0.05244	0.03875	0.01285	0.00978	0.06202	0.00527	0.00138	0.05135	0.00399	0.02205	0.00543
6	0.06352	0.00909	0.00957	0.00774	0.01029	0.03248	0.00626	0.44993	0.19730	0.08385	0.08145	0.01179	0.01002	0.00484	0.00373	0.00116	0.00360	0.00379	0.00374	0.00585
7	0.07829	0.00950	0.03921	0.04237	0.01171	0.04272	0.06252	0.35605	0.14001	0.09377	0.00984	0.01002	0.00712	0.00427	0.00360	0.00113	0.00396	0.00341	0.03609	0.04441

[dist]
# distance from previous block
# <min> <max>
0	2

[block]
# block no. 1 follows, 73 sequences, length 28
# corresponding to MSA columns:
# 34-61
name=unknown_B
#
# <colnr> <probs for GDERKNQSTAVLIFYWHMCP>
#	G	D	E	R	K	N	Q	S	T	A	V	L	I	F	Y	W	H	M	C	P
0	0.02243	0.00643	0.00754	0.02488	0.01672	0.03549	0.01754	0.11551	0.12257	0.19074	0.09688	0.21566	0.05991	0.00684	0.00406	0.00125	0.00301	0.01268	0.02400	0.01584
1	0.11733	0.00765	0.02068	0.05251	0.02763	0.09667	0.07484	0.10850	0.00896	0.04689	0.01065	0.17042	0.01001	0.02001	0.06827	0.01287	0.02370	0.00465	0.10495	0.01282
2	0.04750	0.00851	0.01392	0.15536	0.63797	0.00888	0.01078	0.03258	0.02620	0.01240	0.00714	0.00936	0.00584	0.00348	0.00366	0.00114	0.00444	0.00330	0.00194	0.00559
3	0.06546	0.00739	0.00842	0.00699	0.02697	0.03582	0.00548	0.14651	0.10148	0.30208	0.11304	0.01289	0.01125	0.00468	0.00360	0.00108	0.00319	0.00377	0.02418	0.11571
4	0.37543	0.00798	0.00853	0.00824	0.10372	0.03009	0.00591	0.11908	0.05936	0.22401	0.00892	0.00901	0.00635	0.00403	0.00326	0.00116	0.01358	0.00295	0.00310	0.00527
5	0.00621	0.00398	0.00471	0.00459	0.00555	0.00409	0.00352	0.03644	0.00800	0.01221	0.08685	0.01875	0.14397	0.01264	0.25972	0.00253	0.00436	0.00463	0.37373	0.00351
6	0.01448	0.01038	0.01101	0.00849	0.01145	0.03791	0.00699	0.73437	0.01681	0.09587	0.00942	0.00927	0.00659	0.00450	0.00374	0.00112	0.00413	0.00338	0.00377	0.00632
7	0.00610	0.00500	0.00585	0.00571	0.00696	0.00501	0.02461	0.03154	0.19303	0.01186	0.05187	0.23109	0.31435	0.01966	0.00461	0.00139	0.00252	0.07140	0.00353	0.00391
8	0.00557	0.00423	0.00581	0.05843	0.04328	0.00406	0.00429	0.00738	0.01028	0.01445	0.73247	0.02632	0.05453	0.00729	0.00435	0.00118	0.00209	0.00645	0.00386	0.00367
9	0.00933	0.01087	0.12171	0.01554	0.38963	0.10746	0.04840	0.01148	0.00837	0.02612	0.00713	0.03078	0.00605	0.00391	0.00445	0.00111	0.08787	0.00328	0.00194	0.10456
10	0.00778	0.00667	0.00778	0.00556	0.00889	0.00500	0.00445	0.00945	0.00778	0.01223	0.00667	0.00778	0.00556	0.00278	0.00278	0.00056	0.00278	0.00222	0.00222	0.89108
11	0.00564	0.00422	0.00529	0.00499	0.00598	0.00407	0.00375	0.00820	0.08941	0.01479	0.71366	0.05558	0.05483	0.00761	0.00438	0.00120	0.00190	0.00671	0.00406	0.00374
12	0.00821	0.00821	0.01149	0.00985	0.00985	0.01149	0.00821	0.00903	0.00575	0.00903	0.00492	0.00821	0.00492	0.00657	0.01231	0.00164	0.86128	0.00328	0.00164	0.00410
13	0.00821	0.00821	0.01149	0.00985	0.00985	0.01149	0.00821	0.00903	0.00575	0.00903	0.00492	0.00821	0.00492	0.00657	0.01231	0.00164	0.86128	0.00328	0.00164	0.00410
14	0.00575	0.00470	0.00648	0.13855	0.06005	0.00490	0.00524	0.00788	0.09347	0.01061	0.04653	0.48568	0.09769	0.00896	0.00442	0.00139	0.00279	0.00803	0.00316	0.00372
15	0.00552	0.00585	0.11396	0.00547	0.00698	0.00422	0.00486	0.00753	0.00989	0.01392	0.62653	0.02557	0.10265	0.00819	0.04117	0.00140	0.00263	0.00625	0.00365	0.00376
16	0.00880	0.00847	0.01362	0.23049	0.55974	0.03039	0.01068	0.01133	0.03631	0.01162	0.00719	0.00950	0.00585	0.00350	0.00368	0.00113	0.00454	0.00331	0.00189	0.03795
17	0.00491	0.00384	0.00458	0.00453	0.00547	0.00363	0.00336	0.00603	0.00811	0.01053	0.18793	0.02855	0.41889	0.08718	0.20303	0.00256	0.00392	0.00658	0.00316	0.00321
18	0.03774	0.30290	0.08517	0.10224	0.21427	0.07676	0.02770	0.03783	0.00846	0.01092	0.00815	0.00947	0.05591	0.00381	0.00325	0.00103	0.00446	0.00303	0.00191	0.00498
19	0.00958	0.00947	0.01494	0.02220	0.79312	0.06122	0.01125	0.01173	0.00867	0.01207	0.00698	0.00913	0.00587	0.00338	0.00369	0.00111	0.00460	0.00329	0.00186	0.00584
20	0.01307	0.00980	0.01080	0.10722	0.05063	0.14582	0.04021	0.27351	0.03361	0.21898	0.00966	0.01793	0.00693	0.00452	0.00400	0.02394	0.00444	0.00342	0.00320	0.01833
21	0.00894	0.00713	0.01159	0.09589	0.28117	0.01813	0.10652	0.01082	0.00877	0.13359	0.08915	0.08094	0.07648	0.02662	0.00462	0.00128	0.02590	0.00482	0.00272	0.00490
22	0.00461	0.00331	0.00438	0.00517	0.00545	0.00308	0.00348	0.00534	0.00742	0.00993	0.07192	0.79935	0.03972	0.01146	0.00476	0.00150	0.00215	0.01038	0.00352	0.00308
23	0.04047	0.00934	0.01178	0.04145	0.18769	0.01010	0.03616	0.48843	0.03189	0.01891	0.00939	0.01196	0.00753	0.00466	0.00384	0.00119	0.00418	0.07203	0.00315	0.00583
24	0.00868	0.05774	0.05969	0.00674	0.02901	0.00678	0.00564	0.09570	0.04829	0.01336	0.00725	0.00814	0.00584	0.00315	0.00298	0.00071	0.00320	0.00249	0.00238	0.63224
25	0.06126	0.03912	0.02172	0.45050	0.10309	0.00878	0.00896	0.09260	0.03807	0.08908	0.01886	0.01001	0.00619	0.00402	0.00390	0.00121	0.03214	0.00332	0.00231	0.00486
26	0.00656	0.00465	0.00548	0.00535	0.00585	0.03307	0.00370	0.00748	0.03564	0.05894	0.01238	0.10295	0.01309	0.44045	0.19633	0.00351	0.03270	0.02621	0.00253	0.00312
27	0.00883	0.13071	0.08286	0.06247	0.08895	0.00818	0.14652	0.01136	0.04420	0.05925	0.00795	0.03654	0.00650	0.00358	0.00338	0.00095	0.00409	0.00323	0.00221	0.28824

[dist]
# distance from previous block
# <min> <max>
0	3

[block]
# block no. 2 follows, 73 sequences, length 56
# corresponding to MSA columns:
# 65-120
name=unknown_C
#
# <colnr> <probs for GDERKNQSTAVLIFYWHMCP>
#	G	D	E	R	K	N	Q	S	T	A	V	L	I	F	Y	W	H	M	C	P
0	0.00812	0.00799	0.01229	0.01502	0.38671	0.07092	0.12067	0.00991	0.00839	0.01128	0.02580	0.24096	0.02443	0.00578	0.00407	0.00122	0.00413	0.00549	0.00238	0.03444
1	0.00555	0.00436	0.00538	0.00541	0.00624	0.00457	0.00399	0.00773	0.11159	0.01041	0.07667	0.20698	0.19462	0.08433	0.23269	0.00279	0.02348	0.00663	0.00304	0.00351
2	0.00936	0.06936	0.14689	0.00798	0.04679	0.01848	0.00709	0.10535	0.00904	0.06620	0.00741	0.01758	0.00588	0.00365	0.00378	0.00089	0.06247	0.00275	0.00236	0.40669
3	0.00935	0.00879	0.03740	0.05176	0.52677	0.00846	0.00969	0.07222	0.03008	0.02597	0.00738	0.00914	0.00600	0.00351	0.00380	0.00105	0.02815	0.00317	0.00213	0.15518
4	0.03209	0.19649	0.01174	0.01940	0.01042	0.35592	0.00652	0.11507	0.09517	0.01162	0.00760	0.02742	0.00646	0.01974	0.02585	0.03417	0.01439	0.00296	0.00232	0.00466
5	0.01040	0.77203	0.03335	0.00671	0.00994	0.01443	0.00662	0.09095	0.00860	0.01032	0.00561	0.00634	0.00497	0.00334	0.00256	0.00084	0.00405	0.00215	0.00181	0.00498
6	0.00485	0.00409	0.00427	0.00411	0.00547	0.00351	0.00310	0.00627	0.03947	0.01092	0.11571	0.03321	0.69461	0.00885	0.00434	0.00123	0.00197	0.00741	0.00350	0.04308
7	0.00760	0.00862	0.10851	0.53782	0.13565	0.00845	0.05085	0.01072	0.05466	0.01068	0.00757	0.02904	0.00594	0.00390	0.00378	0.00123	0.00488	0.00354	0.00186	0.00469
8	0.01423	0.01052	0.01114	0.00861	0.01151	0.03723	0.00709	0.75555	0.01688	0.05657	0.00906	0.00907	0.00642	0.00454	0.00393	0.00113	0.02320	0.00336	0.00369	0.00627
9	0.00795	0.00717	0.00821	0.00698	0.04277	0.05651	0.00526	0.03648	0.02073	0.01237	0.13322	0.02721	0.04268	0.00457	0.00442	0.00090	0.10829	0.00353	0.00255	0.46820
10	0.30745	0.00743	0.00947	0.06453	0.24702	0.00791	0.00699	0.05250	0.00842	0.15196	0.00846	0.04074	0.00665	0.00412	0.00347	0.00117	0.02453	0.00325	0.03890	0.00504
11	0.00542	0.00379	0.00485	0.00485	0.00511	0.00405	0.00322	0.00594	0.00568	0.00784	0.01113	0.02072	0.01197	0.53988	0.34509	0.00457	0.00614	0.00489	0.00217	0.00269
12	0.00811	0.00768	0.01227	0.26946	0.44731	0.02982	0.00981	0.01024	0.00837	0.01136	0.07015	0.01286	0.04252	0.02535	0.00420	0.00123	0.00434	0.01791	0.00207	0.00495
13	0.00778	0.00667	0.00778	0.00556	0.00889	0.00500	0.00445	0.00945	0.00778	0.01223	0.00667	0.00778	0.00556	0.00278	0.00278	0.00056	0.00278	0.00222	0.00222	0.89108
14	0.00759	0.00662	0.02707	0.02987	0.05152	0.00678	0.08722	0.03382	0.23967	0.03250	0.19599	0.11607	0.02673	0.03624	0.05509	0.00164	0.03230	0.00548	0.00324	0.00458
15	0.01003	0.14469	0.25201	0.03216	0.01156	0.05439	0.00814	0.04864	0.05932	0.17067	0.05168	0.04531	0.02690	0.00590	0.04975	0.00140	0.01596	0.00366	0.00269	0.00516
16	0.00749	0.00631	0.00678	0.00626	0.00792	0.00688	0.00479	0.01426	0.49893	0.01415	0.15437	0.04184	0.18586	0.02179	0.00434	0.00130	0.00255	0.00559	0.00376	0.00485
17	0.02877	0.08563	0.04333	0.15471	0.01210	0.02787	0.03774	0.03342	0.00752	0.04395	0.03528	0.01061	0.00716	0.03416	0.02566	0.00145	0.28520	0.00341	0.11778	0.00426
18	0.02684	0.00975	0.01922	0.01426	0.04519	0.03688	0.64907	0.01184	0.00883	0.02674	0.02684	0.01014	0.00638	0.00329	0.00416	0.00118	0.00572	0.00411	0.00204	0.08752
19	0.01019	0.83853	0.01935	0.00650	0.00970	0.01473	0.00645	0.04167	0.00799	0.00938	0.00536	0.00613	0.00487	0.00326	0.00246	0.00081	0.00402	0.00206	0.00168	0.00487
20	0.00709	0.00667	0.01125	0.85913	0.02584	0.00834	0.01042	0.00959	0.00750	0.00959	0.00667	0.01000	0.00500	0.00375	0.00375	0.00125	0.00500	0.00333	0.00167	0.00417
21	0.02731	0.00390	0.00488	0.00483	0.00564	0.00367	0.00353	0.02086	0.00960	0.01349	0.54780	0.21773	0.08693	0.02695	0.00476	0.00132	0.00198	0.00754	0.00385	0.00344
22	0.02312	0.01945	0.10913	0.13688	0.05571	0.07484	0.14794	0.05765	0.03533	0.15194	0.04181	0.03114	0.03221	0.00490	0.01652	0.00931	0.04060	0.00390	0.00261	0.00502
23	0.01886	0.26186	0.57801	0.00938	0.01411	0.03504	0.01143	0.01178	0.00790	0.01099	0.00626	0.00732	0.00476	0.00347	0.00321	0.00107	0.00511	0.00253	0.00161	0.00528
24	0.00762	0.00733	0.01032	0.00902	0.00915	0.01006	0.00743	0.00852	0.00579	0.00893	0.00602	0.00976	0.00593	0.02795	0.16948	0.00250	0.68507	0.00346	0.00172	0.00393
25	0.00552	0.00419	0.00618	0.00610	0.00671	0.00493	0.00473	0.00670	0.00602	0.00865	0.01032	0.01497	0.02725	0.04436	0.74610	0.03508	0.05279	0.00407	0.00202	0.00330
26	0.00819	0.04682	0.10635	0.05021	0.03919	0.10722	0.05254	0.04656	0.03857	0.02260	0.01028	0.11759	0.03274	0.03611	0.15679	0.00219	0.11503	0.00443	0.00227	0.00430
27	0.01363	0.02416	0.01105	0.01803	0.01185	0.69643	0.03475	0.06166	0.02877	0.03935	0.00655	0.00742	0.00525	0.00398	0.00363	0.00101	0.02309	0.00265	0.00216	0.00459
28	0.01000	0.00821	0.00882	0.00769	0.00985	0.00940	0.00606	0.14069	0.64473	0.03177	0.05043	0.01371	0.01156	0.00514	0.00403	0.00125	0.02280	0.00419	0.00379	0.00587
29	0.00476	0.00351	0.00446	0.00486	0.00543	0.00321	0.00340	0.00577	0.00837	0.01121	0.25592	0.50057	0.15424	0.01025	0.00463	0.00139	0.00202	0.00914	0.00367	0.00321
30	0.00966	0.00977	0.06408	0.03380	0.16256	0.00873	0.51157	0.01248	0.00898	0.10810	0.02695	0.01056	0.00675	0.00350	0.00417	0.00122	0.00546	0.00410	0.00223	0.00534
31	0.01214	0.02090	0.01057	0.00792	0.01094	0.02402	0.02297	0.54598	0.01424	0.01949	0.00828	0.01634	0.00624	0.00408	0.00363	0.00098	0.01781	0.00311	0.00320	0.24718
32	0.01026	0.82080	0.01913	0.00661	0.00974	0.06362	0.00647	0.01145	0.00780	0.00885	0.00525	0.00606	0.00482	0.00325	0.00246	0.00081	0.00417	0.00203	0.00162	0.00479
33	0.00481	0.00345	0.00462	0.00547	0.00582	0.00326	0.00389	0.00565	0.00746	0.00987	0.02096	0.70878	0.04397	0.01147	0.00485	0.00155	0.00238	0.14514	0.00348	0.00312
34	0.00479	0.00342	0.00460	0.00547	0.00578	0.00323	0.00386	0.00559	0.00739	0.00982	0.02056	0.74608	0.02435	0.01155	0.00485	0.00155	0.00236	0.12817	0.00348	0.00311
35	0.00457	0.00326	0.00435	0.00522	0.00544	0.00305	0.00348	0.00522	0.00718	0.00958	0.02068	0.86570	0.02481	0.01175	0.00479	0.00152	0.00218	0.01067	0.00348	0.00305
36	0.00658	0.00547	0.00650	0.00617	0.00731	0.04057	0.02380	0.00778	0.00834	0.05602	0.02504	0.04031	0.40614	0.00865	0.00574	0.00142	0.13307	0.20429	0.00316	0.00365
37	0.03230	0.01231	0.00879	0.00801	0.00971	0.47263	0.00599	0.02066	0.08801	0.09803	0.00978	0.09466	0.00879	0.07709	0.03559	0.00148	0.00533	0.00385	0.00260	0.00439
38	0.00588	0.00417	0.00606	0.00594	0.00661	0.00477	0.00455	0.00708	0.00615	0.04135	0.01030	0.01554	0.00972	0.11462	0.71337	0.00549	0.02877	0.00414	0.00213	0.00337
39	0.00963	0.12149	0.13120	0.07780	0.12635	0.04863	0.12845	0.13686	0.01004	0.04668	0.07353	0.01177	0.04548	0.00429	0.00372	0.00113	0.00454	0.01081	0.00245	0.00515
40	0.00827	0.02668	0.01150	0.00967	0.00979	0.02559	0.00806	0.00911	0.00588	0.00902	0.00509	0.00832	0.00505	0.00705	0.03551	0.00174	0.80469	0.00326	0.00166	0.00410
41	0.23469	0.16883	0.12161	0.03605	0.06182	0.21504	0.00744	0.04981	0.02272	0.04147	0.00639	0.00730	0.00503	0.00365	0.00303	0.00105	0.00462	0.00250	0.00212	0.00480
42	0.04640	0.02171	0.20438	0.00944	0.02341	0.02005	0.15590	0.06409	0.01754	0.30551	0.01012	0.01079	0.00710	0.02285	0.01873	0.00129	0.00453	0.00998	0.00297	0.04321
43	0.02424	0.04304	0.21880	0.06575	0.14115	0.00906	0.18292	0.05019	0.14448	0.03575	0.02752	0.01083	0.00740	0.00397	0.00382	0.00120	0.00474	0.01738	0.00235	0.00541
44	0.02263	0.05054	0.03551	0.05470	0.01945	0.02599	0.00522	0.01909	0.21914	0.01332	0.27686	0.01878	0.07230	0.06212	0.00483	0.00129	0.00291	0.00487	0.00324	0.08721
45	0.00701	0.00739	0.08925	0.02971	0.17158	0.00622	0.08175	0.00984	0.09143	0.03021	0.12679	0.05799	0.26269	0.00634	0.00413	0.00123	0.00335	0.00563	0.00294	0.00452
46	0.00729	0.02922	0.21998	0.04282	0.11510	0.00643	0.01852	0.00965	0.00825	0.02163	0.12021	0.07278	0.04301	0.00545	0.03000	0.00118	0.00387	0.00406	0.00239	0.23815
47	0.84070	0.00720	0.00571	0.00504	0.00740	0.00824	0.00415	0.01147	0.00665	0.06788	0.00581	0.00650	0.00438	0.00355	0.00241	0.00116	0.00292	0.00214	0.00246	0.00421
48	0.00918	0.00898	0.02883	0.03917	0.02741	0.24349	0.03863	0.01061	0.01801	0.08779	0.09805	0.23435	0.04176	0.00699	0.02282	0.00128	0.00414	0.00550	0.00289	0.07012
49	0.00893	0.00886	0.04208	0.03102	0.71776	0.00846	0.01077	0.02178	0.00866	0.01234	0.02879	0.01076	0.04086	0.00371	0.00373	0.00111	0.00428	0.00356	0.00200	0.03054
50	0.00834	0.00809	0.01168	0.27159	0.23656	0.08112	0.05739	0.01057	0.03708	0.01934	0.00809	0.03037	0.00705	0.05941	0.06067	0.00166	0.04458	0.01456	0.00200	0.02984
51	0.00711	0.00714	0.03949	0.77462	0.02470	0.00825	0.04076	0.00968	0.00766	0.00991	0.03105	0.01046	0.00590	0.00384	0.00379	0.00125	0.00497	0.00346	0.00174	0.00423
52	0.01758	0.03557	0.33529	0.03441	0.04941	0.02130	0.10356	0.17594	0.02768	0.04662	0.00767	0.00874	0.00564	0.00379	0.00386	0.00113	0.02976	0.00312	0.00231	0.08664
53	0.00636	0.00341	0.00500	0.02913	0.00552	0.00341	0.00344	0.00512	0.00537	0.00709	0.03293	0.01346	0.06203	0.01238	0.01339	0.78144	0.00318	0.00367	0.00182	0.00186
54	0.18160	0.57295	0.03035	0.00677	0.03314	0.01262	0.00619	0.05148	0.00798	0.03056	0.00575	0.00652	0.00490	0.00335	0.00256	0.00090	0.00378	0.00218	0.00195	0.03447
55	0.40589	0.00793	0.02568	0.00613	0.00806	0.09822	0.00496	0.01159	0.12280	0.01404	0.05677	0.02737	0.00943	0.04491	0.05596	0.00160	0.00382	0.06304	0.00265	0.02917

[dist]
# distance from previous block
# <min> <max>
0	1

[block]
# block no. 3 follows, 73 sequences, length 16
# corresponding to MSA columns:
# 122-135,138,139
name=unknown_D
#
# <colnr> <probs for GDERKNQSTAVLIFYWHMCP>
#	G	D	E	R	K	N	Q	S	T	A	V	L	I	F	Y	W	H	M	C	P
0	0.01225	0.28427	0.03192	0.00779	0.01076	0.03963	0.00683	0.38294	0.11812	0.05714	0.00872	0.00878	0.00658	0.00413	0.00332	0.00104	0.00402	0.00303	0.00301	0.00574
1	0.01403	0.01163	0.01105	0.00876	0.01155	0.15008	0.00710	0.66546	0.04903	0.02095	0.00873	0.00884	0.00633	0.00442	0.00369	0.00111	0.00452	0.00325	0.00346	0.00603
2	0.00808	0.00694	0.00829	0.00600	0.00929	0.00549	0.02597	0.03808	0.03540	0.01273	0.00705	0.00809	0.00578	0.00292	0.00289	0.00062	0.00292	0.00239	0.00232	0.80876
3	0.00583	0.00474	0.00613	0.00608	0.00676	0.05022	0.00464	0.00705	0.00623	0.00862	0.00996	0.01506	0.00946	0.09131	0.74357	0.00557	0.00938	0.00404	0.00203	0.00332
4	0.03184	0.00773	0.01167	0.01143	0.13866	0.00945	0.06929	0.00992	0.00696	0.07145	0.00801	0.10837	0.00775	0.00620	0.00864	0.00147	0.48028	0.00424	0.00215	0.00450
5	0.00475	0.00374	0.00438	0.00460	0.00550	0.00327	0.00329	0.00568	0.00804	0.01034	0.08596	0.37793	0.38368	0.01033	0.02197	0.00143	0.00222	0.00859	0.00343	0.05088
6	0.03812	0.01286	0.00922	0.00843	0.01001	0.51032	0.00645	0.05622	0.00939	0.01005	0.00714	0.00920	0.00620	0.01093	0.24709	0.00245	0.03676	0.00295	0.00205	0.00416
7	0.00727	0.00690	0.01171	0.69287	0.11973	0.00819	0.03711	0.00969	0.00772	0.01000	0.00826	0.01119	0.04580	0.00396	0.00380	0.00124	0.00483	0.00359	0.00178	0.00435
8	0.04051	0.00932	0.05710	0.02197	0.05329	0.06360	0.04687	0.14593	0.14509	0.03014	0.00851	0.00921	0.00658	0.00380	0.00365	0.00097	0.03170	0.00302	0.00266	0.31607
9	0.00798	0.02007	0.00876	0.08975	0.13539	0.00580	0.03314	0.03834	0.02149	0.10008	0.03037	0.30526	0.01386	0.00697	0.00433	0.02452	0.00328	0.03281	0.00293	0.11486
10	0.03379	0.00809	0.01285	0.40954	0.29408	0.00902	0.04377	0.12106	0.00923	0.01266	0.00711	0.00953	0.00550	0.00369	0.00373	0.00119	0.00470	0.00335	0.00204	0.00509
11	0.00964	0.00875	0.01257	0.02732	0.51828	0.06423	0.00922	0.04662	0.04536	0.05157	0.07284	0.02203	0.00876	0.00403	0.00384	0.00109	0.01822	0.00362	0.00238	0.06961
12	0.00786	0.00622	0.00757	0.00566	0.00856	0.00484	0.01980	0.00948	0.00821	0.06201	0.07484	0.04736	0.04547	0.00396	0.00316	0.00073	0.00273	0.00332	0.00262	0.67562
13	0.00844	0.00710	0.01166	0.18632	0.32003	0.00744	0.06142	0.04045	0.00838	0.06494	0.05342	0.02282	0.00877	0.07067	0.11011	0.00196	0.00505	0.00395	0.00226	0.00481
14	0.82345	0.00719	0.00585	0.02819	0.00779	0.00841	0.00435	0.01080	0.00636	0.01617	0.00528	0.00638	0.00417	0.00379	0.00294	0.01955	0.03091	0.00213	0.00227	0.00402
15	0.06906	0.00905	0.04325	0.01029	0.14774	0.02751	0.03713	0.34425	0.04412	0.04095	0.11958	0.04316	0.01081	0.00481	0.00376	0.00114	0.00380	0.00401	0.00318	0.03241

[dist]
# distance from previous block
# <min> <max>
0	1

[block]
# block no. 4 follows, 73 sequences, length 31
# corresponding to MSA columns:
# 141-171
name=unknown_E
#
# <colnr> <probs for GDERKNQSTAVLIFYWHMCP>
#	G	D	E	R	K	N	Q	S	T	A	V	L	I	F	Y	W	H	M	C	P
0	0.06625	0.03402	0.04939	0.03125	0.13908	0.02407	0.00658	0.06674	0.16406	0.11713	0.11363	0.04318	0.08147	0.00581	0.02046	0.00128	0.00347	0.01268	0.00319	0.01629
1	0.07227	0.00606	0.00832	0.23589	0.01277	0.00644	0.02301	0.06476	0.04286	0.17322	0.28719	0.01660	0.02434	0.00535	0.00390	0.00120	0.00329	0.00458	0.00335	0.00460
2	0.00930	0.01016	0.18606	0.00908	0.01280	0.00717	0.17796	0.05297	0.03146	0.11022	0.00849	0.02865	0.00649	0.00359	0.00352	0.00098	0.00420	0.00328	0.00245	0.33115
3	0.00813	0.00672	0.00798	0.03069	0.03416	0.00748	0.02184	0.09065	0.39027	0.01368	0.01504	0.19987	0.03125	0.05335	0.05388	0.00171	0.01948	0.00563	0.00335	0.00485
4	0.03216	0.00693	0.00976	0.09915	0.15795	0.00626	0.04358	0.01007	0.02578	0.03708	0.00850	0.09039	0.00761	0.00398	0.00335	0.00090	0.00343	0.00353	0.00232	0.44727
5	0.03707	0.60046	0.01672	0.00722	0.01012	0.12896	0.02885	0.01281	0.10768	0.01003	0.00657	0.00719	0.00562	0.00353	0.00276	0.00090	0.00429	0.00240	0.00195	0.00487
6	0.00513	0.00440	0.00550	0.08640	0.03122	0.00412	0.02031	0.00653	0.01808	0.01077	0.12077	0.04931	0.56764	0.00888	0.02262	0.00137	0.00257	0.02763	0.00328	0.00346
7	0.00862	0.00820	0.02512	0.04885	0.34410	0.03762	0.01775	0.01055	0.03019	0.03597	0.02558	0.01105	0.00726	0.00758	0.10740	0.00187	0.24095	0.02441	0.00203	0.00488
8	0.00777	0.00625	0.00747	0.02513	0.00882	0.00488	0.00448	0.00945	0.00826	0.04826	0.10829	0.01117	0.02962	0.00363	0.00308	0.00069	0.00270	0.00300	0.00257	0.70448
9	0.00564	0.00497	0.00694	0.20863	0.02400	0.00522	0.02651	0.00719	0.00838	0.01078	0.16126	0.02490	0.38711	0.00837	0.04837	0.00151	0.04762	0.00603	0.00292	0.00362
10	0.05467	0.06121	0.01078	0.02741	0.18968	0.04460	0.00728	0.06719	0.45501	0.02535	0.01143	0.01140	0.00875	0.00440	0.00361	0.00118	0.00362	0.00365	0.00307	0.00571
11	0.00817	0.04712	0.02855	0.00604	0.00745	0.06804	0.00471	0.04036	0.02500	0.04573	0.02001	0.01135	0.02977	0.02225	0.07151	0.36976	0.02736	0.00325	0.00214	0.16142
12	0.01697	0.09042	0.08878	0.04780	0.43090	0.03942	0.00993	0.03544	0.01906	0.02507	0.00753	0.03529	0.00660	0.00427	0.00465	0.00118	0.10649	0.02289	0.00200	0.00532
13	0.01401	0.01788	0.01063	0.00967	0.01160	0.85309	0.00725	0.01498	0.01063	0.00918	0.00580	0.00677	0.00483	0.00387	0.00338	0.00097	0.00677	0.00242	0.00193	0.00435
14	0.00476	0.00378	0.00428	0.00422	0.00529	0.00330	0.00314	0.00600	0.00923	0.01190	0.33150	0.08293	0.49846	0.00897	0.00445	0.00125	0.00187	0.00767	0.00372	0.00330
15	0.00778	0.00667	0.00778	0.00556	0.00889	0.00500	0.00445	0.00945	0.00778	0.01223	0.00667	0.00778	0.00556	0.00278	0.00278	0.00056	0.00278	0.00222	0.00222	0.89108
16	0.07661	0.05641	0.24682	0.10073	0.13057	0.02897	0.10963	0.02254	0.00837	0.06391	0.04449	0.01120	0.02749	0.01739	0.00410	0.01021	0.01333	0.02009	0.00216	0.00499
17	0.00458	0.00355	0.00411	0.00449	0.00520	0.00315	0.00313	0.00538	0.00785	0.00992	0.05925	0.40498	0.40371	0.05621	0.00537	0.00150	0.00211	0.00897	0.00344	0.00308
18	0.00795	0.03135	0.47509	0.00987	0.05955	0.00834	0.01038	0.05332	0.15877	0.01298	0.03748	0.09962	0.00923	0.00486	0.00376	0.00122	0.00444	0.00404	0.00240	0.00534
19	0.17615	0.05342	0.01112	0.02212	0.10016	0.08045	0.03171	0.38024	0.01252	0.08533	0.00803	0.00851	0.00589	0.00403	0.00341	0.00111	0.00415	0.00304	0.00301	0.00558
20	0.00486	0.00378	0.00441	0.00433	0.00535	0.00334	0.00322	0.00618	0.00944	0.01242	0.41825	0.08898	0.40441	0.00879	0.00445	0.00124	0.00186	0.00757	0.00379	0.00334
21	0.00867	0.03029	0.04536	0.00671	0.00854	0.04364	0.00551	0.08624	0.24590	0.06698	0.31979	0.01809	0.03482	0.00637	0.01655	0.01429	0.02895	0.00490	0.00361	0.00479
22	0.00476	0.00368	0.00434	0.00447	0.00534	0.00326	0.00324	0.00590	0.00888	0.01160	0.29731	0.24520	0.36960	0.00948	0.00452	0.00130	0.00193	0.00825	0.00370	0.00326
23	0.01219	0.01448	0.03898	0.00987	0.01192	0.50587	0.07976	0.10727	0.01053	0.01134	0.02930	0.00881	0.02598	0.00444	0.00470	0.00112	0.11360	0.00307	0.00219	0.00460
24	0.00934	0.00539	0.00585	0.00515	0.00666	0.00558	0.00402	0.17167	0.05636	0.09540	0.01256	0.06714	0.01002	0.00493	0.00316	0.00101	0.00245	0.00400	0.52485	0.00445
25	0.00555	0.00399	0.00548	0.00549	0.00604	0.00439	0.00406	0.00669	0.02499	0.00882	0.03372	0.01903	0.02991	0.22482	0.51288	0.03847	0.00730	0.04259	0.01269	0.00309
26	0.00992	0.05606	0.00807	0.00653	0.00823	0.21592	0.00510	0.03810	0.03074	0.14471	0.39689	0.01830	0.03437	0.00587	0.00392	0.00111	0.00347	0.00481	0.00349	0.00440
27	0.00966	0.00967	0.05144	0.15566	0.50147	0.07485	0.01040	0.06296	0.00910	0.03369	0.00719	0.00915	0.00575	0.00354	0.00365	0.00111	0.00466	0.00321	0.00202	0.04081
28	0.02912	0.17549	0.34146	0.01013	0.06080	0.07321	0.07735	0.01200	0.03530	0.04499	0.00736	0.02906	0.00591	0.00435	0.01638	0.01392	0.03500	0.00307	0.00194	0.02318
29	0.03449	0.00646	0.00808	0.00641	0.00895	0.00604	0.00523	0.10419	0.04762	0.55761	0.05251	0.01466	0.06879	0.00508	0.00375	0.00115	0.00304	0.00412	0.05602	0.00579
30	0.00839	0.00775	0.01059	0.11608	0.34166	0.08192	0.00810	0.03275	0.04698	0.02984	0.08542	0.19048	0.01267	0.00573	0.00399	0.00122	0.00390	0.00515	0.00259	0.00479

[dist]
# distance from previous block
# <min> <max>
0	1

[block]
# block no. 5 follows, 73 sequences, length 75
# corresponding to MSA columns:
# 173-247
name=unknown_F
#
# <colnr> <probs for GDERKNQSTAVLIFYWHMCP>
#	G	D	E	R	K	N	Q	S	T	A	V	L	I	F	Y	W	H	M	C	P
0	0.00756	0.15923	0.34563	0.00827	0.01151	0.00818	0.04588	0.02282	0.00840	0.03022	0.14262	0.12870	0.01290	0.00552	0.00402	0.00119	0.03030	0.01997	0.00241	0.00468
1	0.01224	0.08766	0.11597	0.00920	0.01157	0.53586	0.00784	0.04029	0.00976	0.03551	0.00642	0.00778	0.00532	0.02584	0.02047	0.00120	0.05784	0.00266	0.00200	0.00458
2	0.02148	0.02261	0.05002	0.07011	0.10975	0.00804	0.15265	0.09888	0.02888	0.07248	0.02110	0.00946	0.00645	0.00369	0.00402	0.00103	0.05151	0.00325	0.00242	0.26216
3	0.01664	0.06476	0.09160	0.00672	0.02085	0.08805	0.00551	0.02122	0.01589	0.05380	0.01714	0.18296	0.01128	0.06298	0.11542	0.18871	0.00457	0.02595	0.00240	0.00356
4	0.03940	0.00614	0.00713	0.03604	0.06597	0.09548	0.02090	0.00799	0.00761	0.03994	0.01509	0.47378	0.02995	0.03180	0.01204	0.01971	0.07002	0.01447	0.00289	0.00366
5	0.01206	0.02367	0.00908	0.00739	0.00961	0.19972	0.02418	0.02189	0.03091	0.30042	0.05169	0.01147	0.00884	0.00770	0.12283	0.00174	0.03629	0.00343	0.00308	0.11398
6	0.00477	0.00388	0.00401	0.00398	0.00524	0.00330	0.00299	0.00586	0.01842	0.02625	0.06814	0.06282	0.75869	0.00936	0.00443	0.00127	0.00194	0.00784	0.00354	0.00327
7	0.06818	0.00907	0.00946	0.00763	0.01029	0.04005	0.00616	0.37556	0.22531	0.08993	0.03117	0.01070	0.00837	0.00450	0.00359	0.00111	0.00359	0.00349	0.00356	0.08830
8	0.01420	0.00744	0.00921	0.00733	0.00998	0.03778	0.03565	0.08597	0.15940	0.51956	0.05226	0.01334	0.02048	0.00483	0.00383	0.00118	0.00339	0.00399	0.00418	0.00601
9	0.01936	0.00731	0.01152	0.19344	0.18772	0.00743	0.07944	0.05963	0.02227	0.26364	0.01122	0.03734	0.01979	0.00468	0.00393	0.00123	0.00413	0.05759	0.00297	0.00534
10	0.00646	0.00380	0.00508	0.00540	0.00609	0.00348	0.00382	0.00737	0.00810	0.13249	0.11124	0.63804	0.02369	0.01024	0.00460	0.00143	0.00230	0.01904	0.00372	0.00359
11	0.00763	0.00804	0.01655	0.01253	0.01528	0.00755	0.56316	0.01012	0.00853	0.01144	0.01237	0.16071	0.04141	0.00570	0.00458	0.00136	0.00512	0.10104	0.00241	0.00446
12	0.00464	0.00343	0.00435	0.00500	0.00546	0.00314	0.00346	0.00545	0.00768	0.01006	0.07393	0.64070	0.16968	0.01106	0.00472	0.00146	0.00215	0.03698	0.00352	0.00311
13	0.01047	0.00922	0.01860	0.01346	0.01694	0.00867	0.61279	0.04746	0.00948	0.16975	0.00909	0.01073	0.00652	0.00435	0.03324	0.00140	0.00577	0.00425	0.00250	0.00531
14	0.00870	0.00967	0.02034	0.01471	0.01817	0.00929	0.72535	0.01209	0.05012	0.01223	0.04480	0.01104	0.00727	0.00357	0.00467	0.00127	0.03513	0.00448	0.00208	0.00500
15	0.00467	0.00394	0.00408	0.00413	0.00534	0.00343	0.00309	0.00600	0.04139	0.01033	0.03536	0.10111	0.72856	0.00952	0.00445	0.00130	0.00200	0.02454	0.00350	0.00327
16	0.00933	0.00806	0.00848	0.00764	0.00976	0.00933	0.00594	0.01994	0.83797	0.01569	0.01527	0.01400	0.01145	0.00509	0.00382	0.00127	0.00297	0.00424	0.00382	0.00594
17	0.47312	0.01212	0.00798	0.00717	0.00934	0.38702	0.00558	0.03790	0.00863	0.01361	0.00560	0.00648	0.00448	0.00369	0.00284	0.00107	0.00467	0.00225	0.00219	0.00426
18	0.00702	0.00523	0.02172	0.02340	0.03464	0.03546	0.00430	0.03372	0.04116	0.04064	0.44855	0.02101	0.03971	0.00617	0.00383	0.00110	0.00234	0.00529	0.22076	0.00395
19	0.00949	0.00881	0.01514	0.04287	0.76407	0.00880	0.04114	0.01173	0.00861	0.04251	0.00735	0.00946	0.00603	0.00339	0.00374	0.00112	0.00449	0.00340	0.00196	0.00588
20	0.00898	0.00657	0.00785	0.00569	0.00891	0.00504	0.00457	0.01062	0.00825	0.12816	0.02640	0.00892	0.00674	0.00315	0.00295	0.00065	0.00281	0.00254	0.00260	0.74859
21	0.00919	0.00919	0.03808	0.08665	0.38076	0.04407	0.13282	0.04642	0.09182	0.02285	0.03678	0.01075	0.01359	0.00448	0.02307	0.00129	0.03686	0.00371	0.00224	0.00538
22	0.00902	0.00839	0.04080	0.04703	0.03205	0.06594	0.11998	0.08831	0.04599	0.05827	0.05216	0.03873	0.07437	0.00494	0.01435	0.00111	0.03801	0.01173	0.00267	0.24617
23	0.00509	0.00384	0.00454	0.00466	0.00557	0.00349	0.00338	0.00652	0.03860	0.02508	0.24567	0.28453	0.33642	0.00946	0.00451	0.00132	0.00201	0.00825	0.00369	0.00338
24	0.00578	0.00453	0.00673	0.06893	0.05818	0.00512	0.00518	0.00709	0.00655	0.00927	0.06801	0.03517	0.01147	0.13354	0.53103	0.00452	0.02883	0.00444	0.00218	0.00345
25	0.06021	0.00884	0.00902	0.00729	0.00974	0.11400	0.00587	0.29115	0.01281	0.27931	0.15023	0.01295	0.01185	0.00495	0.00375	0.00113	0.00370	0.00388	0.00379	0.00553
26	0.00896	0.00842	0.01393	0.21661	0.59600	0.00889	0.01091	0.04126	0.03622	0.01216	0.00731	0.00960	0.00592	0.00354	0.00373	0.00115	0.00452	0.00337	0.00195	0.00555
27	0.01113	0.04084	0.03803	0.02349	0.06334	0.08078	0.00692	0.23766	0.24149	0.08126	0.06729	0.02952	0.01020	0.00497	0.00408	0.00119	0.03514	0.01379	0.00332	0.00556
28	0.01226	0.26478	0.01285	0.00813	0.01056	0.42765	0.00665	0.07064	0.03780	0.04126	0.03978	0.00804	0.00656	0.00390	0.00317	0.00094	0.00519	0.00264	0.00222	0.03498
29	0.00593	0.09890	0.00656	0.00491	0.00619	0.00500	0.00389	0.03720	0.00978	0.01306	0.45751	0.05438	0.23263	0.00814	0.02160	0.00128	0.00235	0.02343	0.00360	0.00367
30	0.00681	0.00583	0.00775	0.00637	0.00845	0.00511	0.05427	0.00829	0.00789	0.01154	0.07483	0.17890	0.04697	0.00598	0.00429	0.00102	0.06265	0.06163	0.00269	0.43871
31	0.01102	0.00988	0.02499	0.00966	0.08432	0.13240	0.05415	0.16007	0.22747	0.07644	0.01033	0.03941	0.00808	0.00449	0.00391	0.00111	0.02833	0.00365	0.00301	0.10729
32	0.00663	0.00362	0.00514	0.00514	0.00531	0.00365	0.00355	0.03536	0.00574	0.00763	0.00838	0.04811	0.00867	0.05828	0.01345	0.71352	0.00328	0.06057	0.00194	0.00202
33	0.06576	0.00886	0.01308	0.09748	0.58180	0.06784	0.00997	0.01133	0.02398	0.01185	0.00724	0.00977	0.00614	0.03312	0.03509	0.00139	0.00472	0.00331	0.00193	0.00533
34	0.00490	0.00350	0.00448	0.00486	0.00541	0.00323	0.00341	0.00599	0.00843	0.01157	0.28407	0.48916	0.09773	0.00993	0.00455	0.00136	0.00200	0.00887	0.04331	0.00323
35	0.00721	0.00680	0.01148	0.81189	0.07211	0.00837	0.01048	0.00969	0.00756	0.00974	0.00669	0.00996	0.00505	0.00373	0.00375	0.00124	0.00497	0.00333	0.00168	0.00427
36	0.00786	0.00737	0.05897	0.22599	0.25206	0.00689	0.00838	0.01002	0.00851	0.05408	0.14190	0.01364	0.04385	0.00530	0.03479	0.00129	0.00407	0.00395	0.00241	0.10867
37	0.82873	0.00793	0.00591	0.00527	0.00758	0.05761	0.00430	0.02496	0.00682	0.01650	0.00532	0.00618	0.00415	0.00352	0.00241	0.00115	0.00315	0.00208	0.00232	0.00412
38	0.00908	0.00782	0.00985	0.10799	0.13331	0.07371	0.02119	0.10125	0.11811	0.04123	0.03539	0.01717	0.01069	0.00734	0.05966	0.02365	0.05368	0.16139	0.00277	0.00473
39	0.00780	0.00700	0.01125	0.05406	0.10147	0.00674	0.17466	0.00967	0.00828	0.04649	0.06945	0.05541	0.10088	0.00517	0.00470	0.00113	0.08646	0.03168	0.00250	0.21521
40	0.00589	0.00397	0.00503	0.00552	0.00639	0.00386	0.00456	0.00746	0.00851	0.01184	0.08060	0.09186	0.12217	0.00888	0.00446	0.00143	0.00269	0.42919	0.19229	0.00341
41	0.89465	0.00726	0.00551	0.00493	0.00726	0.00842	0.00406	0.01103	0.00638	0.01683	0.00522	0.00609	0.00406	0.00348	0.00232	0.00116	0.00290	0.00203	0.00232	0.00406
42	0.18736	0.00637	0.00768	0.00609	0.00871	0.00599	0.00501	0.02708	0.00974	0.60391	0.01264	0.01152	0.00826	0.00439	0.00339	0.00114	0.00303	0.00340	0.07861	0.00569
43	0.00912	0.00870	0.01495	0.04985	0.67008	0.00884	0.07150	0.02436	0.00862	0.01826	0.01922	0.01056	0.00674	0.00375	0.00414	0.00117	0.03584	0.02667	0.00197	0.00565
44	0.00647	0.00434	0.00543	0.00496	0.00614	0.00405	0.00378	0.03615	0.02898	0.07833	0.62488	0.03529	0.13162	0.00754	0.00434	0.00119	0.00201	0.00656	0.00406	0.00386
45	0.00849	0.07420	0.45959	0.02916	0.07348	0.03959	0.01069	0.01229	0.07591	0.05150	0.06415	0.01069	0.00803	0.00427	0.00403	0.00119	0.04536	0.01995	0.00216	0.00527
46	0.00461	0.00333	0.00427	0.00503	0.00538	0.00307	0.00340	0.00532	0.00735	0.00974	0.02235	0.75747	0.11244	0.01135	0.00470	0.00148	0.00214	0.01021	0.02330	0.00307
47	0.03594	0.00890	0.05209	0.03261	0.30737	0.05849	0.03560	0.02082	0.22529	0.01241	0.01948	0.01237	0.00848	0.11026	0.01627	0.00155	0.03067	0.00380	0.00246	0.00514
48	0.82669	0.07357	0.00660	0.00505	0.00744	0.00891	0.00424	0.01104	0.00648	0.01622	0.00522	0.00609	0.00412	0.00346	0.00233	0.00113	0.00299	0.00203	0.00227	0.00412
49	0.00737	0.00739	0.07891	0.46310	0.04931	0.00742	0.04130	0.02570	0.00764	0.03864	0.00824	0.02021	0.01477	0.03942	0.14336	0.00208	0.00564	0.00362	0.00195	0.03392
50	0.00947	0.36736	0.09144	0.01458	0.06898	0.04345	0.00686	0.01120	0.00801	0.05608	0.00659	0.00759	0.00547	0.00385	0.02390	0.00095	0.00404	0.00241	0.00199	0.26578
51	0.00758	0.00515	0.00752	0.00904	0.12993	0.00502	0.00654	0.00927	0.00878	0.10381	0.01813	0.07478	0.04794	0.00874	0.00477	0.00155	0.00345	0.54054	0.00336	0.00411
52	0.01236	0.01004	0.01034	0.00843	0.01078	0.08650	0.00682	0.48885	0.14448	0.03340	0.00957	0.01003	0.00721	0.00650	0.06899	0.00155	0.07163	0.00348	0.00332	0.00572
53	0.00890	0.06758	0.02175	0.03246	0.01907	0.00982	0.75915	0.01192	0.00875	0.01175	0.00741	0.00984	0.00562	0.00318	0.00428	0.00123	0.00614	0.00424	0.00187	0.00503
54	0.00546	0.00364	0.00409	0.00409	0.00409	0.00364	0.00227	0.00546	0.00546	0.00727	0.01182	0.02455	0.01364	0.86815	0.01910	0.00364	0.00364	0.00546	0.00227	0.00227
55	0.00469	0.00342	0.00438	0.00506	0.00545	0.00317	0.00347	0.00544	0.00745	0.00979	0.04953	0.65610	0.12325	0.05382	0.00546	0.00160	0.00226	0.04915	0.00344	0.00306
56	0.01205	0.00831	0.00925	0.00759	0.00996	0.00896	0.00607	0.45135	0.14618	0.12267	0.02674	0.14227	0.01980	0.00583	0.00394	0.00122	0.00346	0.00479	0.00384	0.00572
57	0.00947	0.00810	0.00855	0.00764	0.00978	0.00935	0.00595	0.04929	0.79896	0.01598	0.02427	0.01397	0.01154	0.00510	0.00382	0.00127	0.00300	0.00424	0.00382	0.00593
58	0.00460	0.00329	0.00438	0.00520	0.00545	0.00307	0.00348	0.00530	0.00732	0.00979	0.05334	0.83242	0.02523	0.01159	0.00477	0.00151	0.00216	0.01051	0.00351	0.00307
59	0.01030	0.00940	0.00882	0.00784	0.00994	0.13224	0.00613	0.10738	0.54893	0.02330	0.04140	0.01420	0.02535	0.00518	0.00382	0.00122	0.00361	0.03185	0.00354	0.00555
60	0.00743	0.01891	0.82290	0.01053	0.01591	0.00854	0.01354	0.01168	0.00790	0.01181	0.00716	0.03414	0.00537	0.00381	0.00360	0.00120	0.00544	0.00301	0.00164	0.00547
61	0.00458	0.00355	0.00418	0.00461	0.00533	0.00315	0.00326	0.00545	0.00801	0.01019	0.07942	0.44270	0.37796	0.01051	0.00462	0.00139	0.00205	0.02239	0.00352	0.00314
62	0.00525	0.00383	0.00493	0.00466	0.00557	0.00351	0.00349	0.00696	0.01048	0.01470	0.78667	0.02859	0.09171	0.00780	0.00443	0.00119	0.00178	0.00686	0.00408	0.00351
63	0.00472	0.00334	0.00438	0.00516	0.00537	0.00316	0.00344	0.00534	0.00704	0.00938	0.01967	0.74482	0.02347	0.10628	0.00638	0.00176	0.00238	0.03759	0.00335	0.00298
64	0.00778	0.00667	0.00778	0.00556	0.00889	0.00500	0.00445	0.00945	0.00778	0.01223	0.00667	0.00778	0.00556	0.00278	0.00278	0.00056	0.00278	0.00222	0.00222	0.89108
65	0.00743	0.00702	0.01187	0.72868	0.15361	0.00843	0.01059	0.00989	0.00766	0.01000	0.00673	0.00989	0.00515	0.00369	0.00375	0.00123	0.00492	0.00334	0.00170	0.00444
66	0.00680	0.09977	0.00676	0.00510	0.01458	0.03628	0.00402	0.03495	0.04553	0.06010	0.09421	0.02772	0.52180	0.00777	0.00409	0.00119	0.00254	0.01956	0.00335	0.00387
67	0.00734	0.00870	0.13363	0.59668	0.11582	0.00828	0.01070	0.01015	0.02062	0.01034	0.00799	0.01063	0.03561	0.00391	0.00375	0.00123	0.00488	0.00343	0.00178	0.00456
68	0.04183	0.12563	0.33962	0.00861	0.01221	0.08716	0.00909	0.03397	0.14891	0.08652	0.00899	0.00987	0.00682	0.00525	0.04551	0.00137	0.00487	0.01605	0.00240	0.00531
69	0.00541	0.00374	0.00467	0.00468	0.00489	0.00393	0.00301	0.00582	0.00566	0.00774	0.01148	0.03882	0.01262	0.60404	0.26374	0.00430	0.00549	0.00514	0.00222	0.00261
70	0.00978	0.01032	0.05680	0.06062	0.49612	0.10745	0.05428	0.04245	0.07879	0.01870	0.00778	0.00952	0.00626	0.00410	0.01991	0.00122	0.00487	0.00336	0.00210	0.00557
71	0.89465	0.00726	0.00551	0.00493	0.00726	0.00842	0.00406	0.01103	0.00638	0.01683	0.00522	0.00609	0.00406	0.00348	0.00232	0.00116	0.00290	0.00203	0.00232	0.00406
72	0.00454	0.00375	0.00398	0.00404	0.00516	0.00319	0.00299	0.00555	0.00863	0.01059	0.12036	0.12012	0.67505	0.00954	0.00447	0.00128	0.00191	0.00808	0.00355	0.00319
73	0.01087	0.03089	0.04025	0.09839	0.14195	0.03081	0.07080	0.35356	0.02282	0.01649	0.00812	0.00966	0.00627	0.00450	0.02267	0.00119	0.00450	0.01651	0.00271	0.10703
74	0.02048	0.03804	0.17566	0.02697	0.02161	0.47834	0.00817	0.03319	0.02821	0.03913	0.02670	0.00910	0.01612	0.02461	0.00384	0.00110	0.00569	0.01038	0.00213	0.03052

[dist]
# distance from previous block
# <min> <max>
0	2

[block]
# block no. 6 follows, 73 sequences, length 62
# corresponding to MSA columns:
# 250-311
name=unknown_G
#
# <colnr> <probs for GDERKNQSTAVLIFYWHMCP>
#	G	D	E	R	K	N	Q	S	T	A	V	L	I	F	Y	W	H	M	C	P
0	0.05064	0.00952	0.01052	0.00829	0.01099	0.03815	0.03901	0.56829	0.03577	0.10033	0.01040	0.08245	0.00818	0.00503	0.00380	0.00117	0.00397	0.00401	0.00362	0.00587
1	0.78425	0.00696	0.00564	0.00500	0.00725	0.00791	0.00410	0.01109	0.00692	0.05790	0.06866	0.00807	0.00668	0.00386	0.00255	0.00116	0.00283	0.00248	0.00257	0.00414
2	0.01118	0.62788	0.01715	0.00726	0.01019	0.18811	0.00665	0.07508	0.00902	0.01004	0.00563	0.00640	0.00494	0.00345	0.00271	0.00086	0.00459	0.00220	0.00184	0.00484
3	0.11405	0.00817	0.01110	0.35980	0.14228	0.06558	0.04192	0.03097	0.05904	0.01178	0.00737	0.01007	0.00593	0.00401	0.00400	0.00120	0.04773	0.02433	0.00206	0.04861
4	0.01926	0.00899	0.00799	0.00836	0.09155	0.25715	0.00550	0.04981	0.04077	0.00990	0.00961	0.05281	0.00955	0.27131	0.13900	0.00262	0.00556	0.00417	0.00228	0.00382
5	0.89465	0.00726	0.00551	0.00493	0.00726	0.00842	0.00406	0.01103	0.00638	0.01683	0.00522	0.00609	0.00406	0.00348	0.00232	0.00116	0.00290	0.00203	0.00232	0.00406
6	0.16148	0.05868	0.01021	0.00841	0.01050	0.46585	0.02276	0.05888	0.04921	0.04481	0.02135	0.00789	0.00588	0.00408	0.00368	0.00106	0.04775	0.00269	0.01024	0.00457
7	0.00455	0.00370	0.00399	0.00413	0.00513	0.00318	0.00299	0.00546	0.00831	0.01023	0.08307	0.18868	0.61278	0.04048	0.00502	0.00139	0.00201	0.00827	0.00348	0.00314
8	0.01270	0.00917	0.01024	0.00816	0.01087	0.01002	0.02699	0.48177	0.23322	0.10441	0.01236	0.01181	0.04101	0.00484	0.00382	0.00118	0.00369	0.00385	0.00380	0.00610
9	0.00529	0.00360	0.00425	0.00447	0.00458	0.00355	0.00274	0.00553	0.00603	0.00801	0.01452	0.19723	0.03062	0.63196	0.01517	0.00306	0.00330	0.05098	0.00261	0.00251
10	0.76167	0.00762	0.02727	0.00566	0.00797	0.00849	0.02501	0.03160	0.00673	0.01616	0.00560	0.00673	0.00442	0.00459	0.03636	0.00137	0.03403	0.00227	0.00229	0.00416
11	0.00467	0.00333	0.00445	0.00531	0.00557	0.00313	0.00362	0.00538	0.00725	0.00965	0.02053	0.80668	0.02449	0.02155	0.00498	0.00156	0.00227	0.05906	0.00347	0.00306
12	0.01026	0.06594	0.07582	0.03744	0.05759	0.05631	0.00729	0.17322	0.42536	0.01561	0.01195	0.01170	0.02561	0.00462	0.00367	0.00118	0.00380	0.00371	0.00320	0.00572
13	0.02133	0.00854	0.06374	0.00735	0.02703	0.01963	0.00618	0.19901	0.01078	0.22410	0.00919	0.00932	0.00660	0.00379	0.00350	0.00092	0.01907	0.00295	0.00311	0.35385
14	0.00894	0.16284	0.58420	0.00976	0.01450	0.04255	0.02596	0.05719	0.00863	0.04240	0.00687	0.00783	0.00504	0.00360	0.00339	0.00111	0.00518	0.00273	0.00184	0.00544
15	0.00972	0.61881	0.09182	0.00780	0.01092	0.02514	0.05758	0.03127	0.02042	0.00978	0.00572	0.00684	0.00501	0.00361	0.00360	0.00096	0.08200	0.00241	0.00171	0.00488
16	0.00541	0.00400	0.00493	0.00474	0.00573	0.00373	0.00360	0.00737	0.04267	0.01397	0.59812	0.04056	0.16731	0.00793	0.00438	0.00122	0.00192	0.04269	0.03618	0.00356
17	0.00949	0.00849	0.02794	0.21089	0.39081	0.00871	0.08158	0.09639	0.02501	0.06032	0.00851	0.03004	0.01697	0.00392	0.00383	0.00118	0.00454	0.00370	0.00226	0.00542
18	0.02053	0.00505	0.00542	0.00533	0.00567	0.06969	0.00360	0.00667	0.00615	0.00815	0.01125	0.09856	0.01239	0.47441	0.18328	0.02659	0.04699	0.00520	0.00226	0.00282
19	0.00546	0.00364	0.00409	0.00409	0.00409	0.00364	0.00227	0.00546	0.00546	0.00727	0.01182	0.02455	0.01364	0.86815	0.01910	0.00364	0.00364	0.00546	0.00227	0.00227
