[name]
unknown

[dist]
# distance from previous block
# <min> <max>
0	0

[block]
# block no. 0 follows, 59 sequences, length 10
# corresponding to MSA columns:
# 0-9
name=unknown_A
#
# <colnr> <probs for GDERKNQSTAVLIFYWHMCP>
#	G	D	E	R	K	N	Q	S	T	A	V	L	I	F	Y	W	H	M	C	P
0	0.00712	0.00508	0.00712	0.00813	0.00915	0.00508	0.00712	0.00915	0.01017	0.01322	0.02338	0.04982	0.02542	0.01220	0.00610	0.00203	0.00407	0.78750	0.00407	0.00407
1	0.01234	0.35661	0.26383	0.00984	0.01438	0.01419	0.01047	0.23976	0.01246	0.01649	0.00796	0.00878	0.00617	0.00434	0.00370	0.00119	0.00531	0.00310	0.00261	0.00646
2	0.00638	0.00447	0.00575	0.00575	0.00607	0.00479	0.00384	0.00702	0.00670	0.00925	0.01307	0.02420	0.01401	0.51408	0.35039	0.00543	0.00736	0.00573	0.00255	0.00319
3	0.00626	0.00461	0.00667	0.00674	0.00740	0.00523	0.00506	0.00758	0.00711	0.01011	0.01298	0.07737	0.01296	0.13394	0.66759	0.00637	0.01022	0.00550	0.00253	0.00376
4	0.06285	0.01185	0.01270	0.00978	0.01326	0.01302	0.00808	0.70925	0.01953	0.07927	0.01081	0.01071	0.00759	0.00525	0.00433	0.00133	0.00471	0.00392	0.00440	0.00737
5	0.01664	0.01688	0.01287	0.01079	0.01367	0.43586	0.00847	0.39513	0.01648	0.01900	0.00864	0.00923	0.00657	0.00491	0.00419	0.00123	0.00647	0.00339	0.00331	0.00627
6	0.00537	0.00389	0.00507	0.00602	0.00637	0.00360	0.00404	0.00616	0.00858	0.01133	0.02593	0.77980	0.09029	0.01363	0.00560	0.00177	0.00254	0.01230	0.00410	0.00360
7	0.01219	0.31858	0.01537	0.00799	0.01166	0.06847	0.00696	0.17358	0.01169	0.01541	0.00771	0.00861	0.00636	0.00396	0.00339	0.00093	0.00445	0.00282	0.00269	0.31717
8	0.04046	0.00879	0.01031	0.00818	0.01131	0.00877	0.00666	0.22382	0.11812	0.36551	0.03872	0.01599	0.06796	0.00585	0.00441	0.00135	0.00382	0.00468	0.00473	0.05057
9	0.05920	0.01096	0.01172	0.12625	0.01491	0.06931	0.00818	0.37530	0.14315	0.07653	0.03200	0.01299	0.02892	0.00542	0.00435	0.00137	0.00472	0.00423	0.00392	0.00657

[dist]
# distance from previous block
# <min> <max>
3	20

[block]
# block no. 1 follows, 59 sequences, length 28
# corresponding to MSA columns:
# 30-57
name=unknown_B
#
# <colnr> <probs for GDERKNQSTAVLIFYWHMCP>
#	G	D	E	R	K	N	Q	S	T	A	V	L	I	F	Y	W	H	M	C	P
0	0.00898	0.00771	0.00988	0.06685	0.05396	0.02659	0.03039	0.04075	0.27064	0.01439	0.06269	0.01720	0.02316	0.03924	0.28721	0.00347	0.02329	0.00496	0.00326	0.00537
1	0.00916	0.00785	0.00916	0.00654	0.01047	0.00589	0.00523	0.01112	0.00916	0.01439	0.00785	0.00916	0.00654	0.00327	0.00327	0.00065	0.00327	0.00262	0.00262	0.87178
2	0.01099	0.00949	0.00999	0.00899	0.01148	0.01099	0.00699	0.02347	0.80925	0.01848	0.01798	0.01648	0.01348	0.00599	0.00449	0.00150	0.00350	0.00499	0.00449	0.00699
3	0.00538	0.00410	0.00495	0.00554	0.00627	0.00367	0.00385	0.00634	0.00925	0.01188	0.07789	0.52009	0.29961	0.01264	0.00547	0.00167	0.00242	0.01118	0.00415	0.00367
4	0.00642	0.00431	0.00494	0.00494	0.00498	0.00435	0.00282	0.00650	0.00646	0.00865	0.01381	0.02830	0.01579	0.80231	0.06459	0.00443	0.00468	0.00633	0.00266	0.00274
5	0.00886	0.02285	0.82190	0.01259	0.01912	0.01026	0.01632	0.01399	0.00932	0.01399	0.00793	0.00932	0.00559	0.00420	0.00420	0.00140	0.00653	0.00326	0.00186	0.00653
6	0.00566	0.00452	0.00513	0.00515	0.00642	0.00390	0.00377	0.00693	0.01014	0.01303	0.18622	0.21156	0.45483	0.01093	0.00521	0.00149	0.00233	0.00941	0.00417	0.04920
7	0.00597	0.00445	0.00511	0.00521	0.00635	0.00391	0.00380	0.00717	0.01007	0.03707	0.17298	0.20506	0.43881	0.04913	0.00609	0.00167	0.00246	0.02664	0.00421	0.00385
8	0.01679	0.01237	0.01325	0.01016	0.01370	0.01370	0.00839	0.80251	0.02077	0.02783	0.01060	0.01060	0.00751	0.00530	0.00442	0.00133	0.00486	0.00398	0.00442	0.00751
9	0.01758	0.00960	0.01129	0.00874	0.01206	0.00978	0.00719	0.37671	0.03869	0.39428	0.01417	0.01313	0.00947	0.00539	0.00436	0.00133	0.00416	0.00423	0.05051	0.00732
10	0.02469	0.12492	0.05743	0.01318	0.06303	0.27063	0.19346	0.12476	0.03047	0.03282	0.00836	0.00974	0.00653	0.00440	0.00436	0.00127	0.01770	0.00367	0.00261	0.00599
11	0.00947	0.05342	0.53812	0.01428	0.02004	0.01084	0.26332	0.01401	0.00966	0.01389	0.00817	0.01005	0.00595	0.00403	0.00446	0.00141	0.00674	0.00384	0.00198	0.00631
12	0.00552	0.00426	0.00506	0.00558	0.00639	0.00386	0.00391	0.00679	0.02978	0.01207	0.07778	0.48368	0.31457	0.01239	0.00543	0.00165	0.00244	0.01092	0.00416	0.00376
13	0.01078	0.44782	0.35264	0.01003	0.01495	0.01416	0.03126	0.04945	0.00969	0.01276	0.00715	0.00829	0.00575	0.00402	0.00353	0.00116	0.00554	0.00288	0.00200	0.00611
14	0.06526	0.08819	0.19365	0.01112	0.06115	0.09507	0.02117	0.19883	0.02709	0.14660	0.00983	0.01035	0.00712	0.00481	0.00452	0.00133	0.04059	0.00357	0.00321	0.00655
15	0.00538	0.00384	0.00512	0.00615	0.00641	0.00359	0.00410	0.00615	0.00846	0.01127	0.02434	0.84190	0.02921	0.01384	0.00564	0.00179	0.00256	0.01256	0.00410	0.00359
16	0.00544	0.00394	0.00511	0.00596	0.00635	0.00364	0.00402	0.00628	0.00874	0.01160	0.06701	0.72095	0.08888	0.03211	0.00596	0.00181	0.00255	0.01193	0.00411	0.00361
17	0.01349	0.01002	0.01105	0.00861	0.01199	0.01025	0.00697	0.35903	0.16636	0.07252	0.01175	0.01173	0.00868	0.00486	0.00407	0.00116	0.00401	0.00381	0.02527	0.25437
18	0.01092	0.02751	0.00980	0.00705	0.01069	0.00684	0.00570	0.06451	0.02773	0.11396	0.00960	0.01051	0.00751	0.00531	0.04662	0.00115	0.00392	0.00309	0.00310	0.62450
19	0.01679	0.01237	0.01325	0.01016	0.01370	0.01370	0.00839	0.80251	0.02077	0.02783	0.01060	0.01060	0.00751	0.00530	0.00442	0.00133	0.00486	0.00398	0.00442	0.00751
20	0.00560	0.00422	0.00519	0.00552	0.00635	0.00380	0.00392	0.00687	0.01013	0.01342	0.27132	0.37895	0.24534	0.01165	0.00539	0.00159	0.00233	0.01029	0.00433	0.00380
21	0.00845	0.00796	0.01344	0.80087	0.06288	0.00984	0.01232	0.01138	0.00888	0.01141	0.00787	0.01174	0.00593	0.00440	0.00441	0.00147	0.00586	0.00393	0.00197	0.00499
22	0.00633	0.00463	0.00660	0.00660	0.00722	0.00525	0.00490	0.00757	0.00695	0.00988	0.01229	0.01987	0.01214	0.21033	0.65157	0.00648	0.01018	0.00510	0.00243	0.00367
23	0.00536	0.00437	0.00473	0.00487	0.00611	0.00375	0.00357	0.00652	0.01006	0.01244	0.12331	0.17380	0.60299	0.01139	0.00529	0.00153	0.00227	0.00971	0.00418	0.00375
24	0.00569	0.00419	0.00535	0.00590	0.00652	0.00390	0.00410	0.00706	0.02670	0.01303	0.21451	0.55166	0.11049	0.01226	0.00547	0.00166	0.00244	0.01098	0.00429	0.00381
25	0.01083	0.00660	0.00802	0.00701	0.00905	0.00657	0.00547	0.01560	0.22783	0.21565	0.37073	0.02449	0.05863	0.00742	0.00483	0.00142	0.00288	0.00636	0.00488	0.00574
26	0.01198	0.01352	0.01245	0.01121	0.02798	0.33237	0.02663	0.01342	0.02974	0.01093	0.00754	0.01079	0.00692	0.04548	0.08349	0.00216	0.34257	0.00372	0.00222	0.00489
27	0.00647	0.00497	0.00714	0.00715	0.00789	0.00575	0.00549	0.00821	0.03092	0.01063	0.01389	0.11287	0.02924	0.04281	0.64184	0.00593	0.04642	0.00573	0.00265	0.00400

[dist]
# distance from previous block
# <min> <max>
5	7

[block]
# block no. 2 follows, 59 sequences, length 16
# corresponding to MSA columns:
# 65-80
name=unknown_C
#
# <colnr> <probs for GDERKNQSTAVLIFYWHMCP>
#	G	D	E	R	K	N	Q	S	T	A	V	L	I	F	Y	W	H	M	C	P
0	0.03643	0.00849	0.01318	0.47998	0.16640	0.03438	0.02463	0.03161	0.00910	0.01226	0.00816	0.01178	0.00656	0.00703	0.06052	0.05852	0.01982	0.00392	0.00213	0.00511
1	0.00679	0.00505	0.00733	0.00713	0.00794	0.00548	0.03407	0.00830	0.03228	0.02537	0.01511	0.16908	0.03565	0.11996	0.44209	0.03881	0.02638	0.00644	0.00285	0.00390
2	0.04245	0.00632	0.00735	0.00766	0.02946	0.00673	0.00538	0.06013	0.23190	0.01459	0.02011	0.46950	0.02136	0.04835	0.00586	0.00177	0.00314	0.00902	0.00406	0.00487
3	0.00533	0.00402	0.00494	0.00567	0.00628	0.00363	0.00389	0.00620	0.00892	0.01146	0.03018	0.61306	0.25428	0.01308	0.00552	0.00171	0.00247	0.01163	0.00410	0.00363
4	0.03567	0.00914	0.01554	0.28421	0.25298	0.00961	0.13460	0.04187	0.00999	0.05673	0.00965	0.05844	0.00800	0.00490	0.00469	0.01402	0.00541	0.00455	0.00251	0.03750
5	0.00622	0.00444	0.00527	0.00532	0.00635	0.00397	0.00381	0.00744	0.01013	0.04519	0.24351	0.22536	0.32172	0.08282	0.00677	0.00177	0.00251	0.00928	0.00424	0.00387
6	0.01428	0.01267	0.01025	0.00906	0.01135	0.32935	0.00695	0.07410	0.09769	0.18423	0.06570	0.11048	0.04166	0.00656	0.00448	0.00134	0.00516	0.00518	0.00379	0.00571
7	0.01485	0.01820	0.01191	0.01128	0.03607	0.65954	0.00832	0.01660	0.05113	0.01142	0.00913	0.05759	0.00833	0.00555	0.00447	0.00126	0.02782	0.03885	0.00256	0.00512
8	0.00964	0.00902	0.01071	0.21975	0.07570	0.13943	0.00839	0.04832	0.00907	0.01140	0.00884	0.01274	0.00769	0.01409	0.23386	0.12898	0.04163	0.00396	0.00225	0.00452
9	0.00642	0.00430	0.00493	0.00493	0.00497	0.00434	0.00282	0.00650	0.00646	0.00865	0.01381	0.02832	0.01580	0.80376	0.06315	0.00442	0.00466	0.00634	0.00266	0.00274
10	0.01125	0.67791	0.08811	0.00872	0.03135	0.01586	0.02905	0.01302	0.00895	0.01091	0.00666	0.00822	0.00604	0.02816	0.00389	0.00112	0.02404	0.00270	0.00194	0.02209
11	0.04689	0.02222	0.78614	0.01229	0.01865	0.01024	0.01581	0.01394	0.00925	0.01424	0.00785	0.00923	0.00556	0.00419	0.00413	0.00140	0.00639	0.00323	0.00190	0.00645
12	0.00631	0.00399	0.00523	0.00557	0.00599	0.00374	0.00378	0.00604	0.00764	0.00986	0.02170	0.30145	0.19289	0.04347	0.01086	0.35424	0.00307	0.00809	0.00317	0.00291
13	0.01139	0.01261	0.00885	0.00829	0.00949	0.41081	0.00586	0.01211	0.00950	0.00984	0.01020	0.01740	0.01043	0.34791	0.09449	0.00301	0.00686	0.00448	0.00245	0.00401
14	0.04580	0.02650	0.02858	0.02970	0.01030	0.05182	0.07777	0.03962	0.02526	0.08950	0.07645	0.44026	0.02119	0.00967	0.00504	0.00158	0.00375	0.00867	0.00381	0.00471
15	0.00759	0.00472	0.00601	0.00609	0.00706	0.00440	0.00434	0.00914	0.03908	0.11077	0.18968	0.41202	0.09337	0.07636	0.00664	0.00182	0.00275	0.00959	0.00433	0.00425

[dist]
# distance from previous block
# <min> <max>
0	1

[block]
# block no. 3 follows, 59 sequences, length 32
# corresponding to MSA columns:
# 82-113
name=unknown_D
#
# <colnr> <probs for GDERKNQSTAVLIFYWHMCP>
#	G	D	E	R	K	N	Q	S	T	A	V	L	I	F	Y	W	H	M	C	P
0	0.02781	0.00519	0.00618	0.00623	0.00734	0.00506	0.00445	0.01013	0.10888	0.08967	0.07815	0.38475	0.14043	0.09626	0.00695	0.00189	0.00291	0.00919	0.00415	0.00438
1	0.00945	0.00866	0.01440	0.46187	0.27192	0.00976	0.02868	0.04410	0.00968	0.01295	0.00886	0.01334	0.00731	0.00507	0.00499	0.03455	0.00552	0.04113	0.00224	0.00553
2	0.46492	0.00816	0.00765	0.00681	0.00917	0.00907	0.00539	0.12278	0.06765	0.06634	0.01153	0.13059	0.01051	0.04390	0.00456	0.00157	0.00357	0.01716	0.00347	0.00521
3	0.02955	0.00522	0.00623	0.00598	0.00701	0.00506	0.00417	0.04555	0.02662	0.12622	0.07395	0.25106	0.06993	0.28242	0.01068	0.00244	0.00337	0.00781	0.03252	0.00419
4	0.00558	0.00443	0.00501	0.00498	0.00621	0.00386	0.00369	0.00699	0.01075	0.01381	0.30095	0.10722	0.48950	0.01069	0.00525	0.00148	0.00221	0.00915	0.00436	0.00386
5	0.00892	0.02243	0.79162	0.01282	0.01927	0.01029	0.04618	0.01399	0.00937	0.01399	0.00796	0.00942	0.00564	0.00418	0.00423	0.00140	0.00656	0.00334	0.00188	0.00651
6	0.03752	0.00588	0.00800	0.00727	0.00824	0.00641	0.02724	0.10851	0.00852	0.03130	0.01010	0.03466	0.00946	0.06437	0.23860	0.34506	0.03808	0.00446	0.00258	0.00372
7	0.00840	0.00774	0.01078	0.09307	0.06693	0.05998	0.04024	0.02408	0.00814	0.01121	0.00971	0.01411	0.00878	0.02042	0.44985	0.00455	0.15080	0.00434	0.00226	0.00462
8	0.00836	0.00741	0.00997	0.00877	0.00941	0.03242	0.05286	0.02784	0.02906	0.01071	0.01034	0.01776	0.01050	0.28175	0.18746	0.00370	0.28016	0.00495	0.00242	0.00415
9	0.00549	0.00400	0.00510	0.00589	0.00633	0.00370	0.00400	0.00634	0.00873	0.01148	0.05466	0.64550	0.12828	0.06185	0.00656	0.00189	0.00264	0.02994	0.00404	0.00358
10	0.01129	0.04131	0.04628	0.11303	0.38006	0.03062	0.04112	0.12733	0.09163	0.01595	0.01021	0.01207	0.02176	0.00549	0.03152	0.00154	0.00543	0.00411	0.00273	0.00652
11	0.01047	0.01095	0.04000	0.12208	0.15734	0.15391	0.00941	0.02819	0.10952	0.01285	0.00978	0.01244	0.00817	0.01093	0.17719	0.00260	0.09886	0.00401	0.01585	0.00546
12	0.00742	0.00428	0.00632	0.00624	0.00641	0.00461	0.00438	0.00643	0.00610	0.00837	0.00872	0.01471	0.00863	0.05137	0.18811	0.61963	0.03961	0.00413	0.00204	0.00249
13	0.01464	0.12394	0.01610	0.02764	0.01517	0.56122	0.13746	0.01626	0.01155	0.01130	0.00708	0.00860	0.00586	0.00437	0.00424	0.00119	0.02264	0.00321	0.00221	0.00532
14	0.29199	0.01021	0.01045	0.00833	0.01155	0.01116	0.00686	0.38555	0.04970	0.15695	0.01064	0.01050	0.00747	0.00497	0.00389	0.00135	0.00415	0.00359	0.00406	0.00662
15	0.04137	0.01032	0.01085	0.00924	0.01205	0.01176	0.00734	0.25738	0.54560	0.02133	0.01537	0.01440	0.01140	0.00572	0.00441	0.00144	0.00390	0.00460	0.00441	0.00707
16	0.00642	0.00428	0.00482	0.00482	0.00482	0.00428	0.00268	0.00642	0.00642	0.00856	0.01392	0.02890	0.01606	0.84478	0.02248	0.00428	0.00428	0.00642	0.00268	0.00268
17	0.00807	0.00641	0.00694	0.00642	0.00828	0.00653	0.00493	0.01347	0.29856	0.04834	0.16486	0.03039	0.36207	0.00871	0.00492	0.00147	0.00273	0.00734	0.00443	0.00513
18	0.00978	0.27912	0.57366	0.01102	0.01670	0.01250	0.01360	0.01375	0.00922	0.01287	0.00737	0.00863	0.00562	0.00407	0.00377	0.00126	0.00597	0.00298	0.00187	0.00626
19	0.01233	0.01354	0.01503	0.09698	0.41245	0.28578	0.01123	0.01441	0.01076	0.01291	0.03988	0.01085	0.00779	0.00452	0.00461	0.00129	0.03363	0.00373	0.00229	0.00598
20	0.00642	0.00430	0.00489	0.00489	0.00492	0.00432	0.00277	0.00647	0.00645	0.00862	0.01385	0.02852	0.01589	0.81800	0.04904	0.00437	0.00453	0.00637	0.00267	0.00272
21	0.00631	0.00473	0.00710	0.00710	0.00789	0.00552	0.00552	0.00789	0.00710	0.01025	0.01183	0.01735	0.01104	0.03312	0.82728	0.00710	0.01183	0.00473	0.00237	0.00394
22	0.87598	0.00854	0.00649	0.00581	0.00854	0.00991	0.00478	0.01298	0.00752	0.01982	0.00615	0.00717	0.00478	0.00410	0.00273	0.00137	0.00342	0.00239	0.00273	0.00478
23	0.00540	0.00391	0.00511	0.00606	0.00642	0.00363	0.00410	0.00622	0.00861	0.01136	0.02588	0.76633	0.08923	0.01360	0.00561	0.00177	0.00257	0.02647	0.00410	0.00361
24	0.01074	0.01076	0.01973	0.04746	0.60681	0.01064	0.20059	0.01363	0.01011	0.01428	0.00844	0.01119	0.00690	0.00390	0.00457	0.00136	0.00579	0.00424	0.00219	0.00669
25	0.00853	0.00800	0.01348	0.71263	0.11874	0.00966	0.01212	0.01136	0.00896	0.01164	0.00850	0.04180	0.00686	0.00470	0.00446	0.00147	0.00569	0.00424	0.00207	0.00510
26	0.00684	0.00507	0.00648	0.00591	0.00703	0.00480	0.03913	0.00873	0.04803	0.03146	0.34304	0.03129	0.17902	0.23734	0.00984	0.00220	0.00305	0.00740	0.01937	0.00396
27	0.01497	0.01605	0.01275	0.08403	0.01500	0.44040	0.03170	0.22494	0.05576	0.01583	0.00904	0.02577	0.00728	0.02161	0.00460	0.00132	0.00653	0.00368	0.00297	0.00578
28	0.09217	0.03364	0.01394	0.01118	0.04005	0.11642	0.17122	0.14995	0.08739	0.12386	0.02440	0.05508	0.03309	0.00543	0.00441	0.00137	0.00511	0.00471	0.02048	0.00609
29	0.01195	0.02555	0.02364	0.09134	0.07085	0.04625	0.00807	0.20798	0.18239	0.07586	0.03185	0.13248	0.02650	0.00670	0.00498	0.00146	0.03669	0.00553	0.00379	0.00615
30	0.05503	0.15488	0.01352	0.01001	0.05787	0.28696	0.02290	0.03029	0.03394	0.04598	0.00820	0.02516	0.00688	0.00438	0.00388	0.00107	0.02155	0.00315	0.00257	0.21176
31	0.00926	0.01999	0.02616	0.07889	0.12877	0.04762	0.02650	0.07076	0.06827	0.04614	0.03554	0.28081	0.09223	0.00834	0.00504	0.00150	0.01978	0.00731	0.00349	0.02358

[dist]
# distance from previous block
# <min> <max>
2	21

[block]
# block no. 4 follows, 59 sequences, length 46
# corresponding to MSA columns:
# 135-180
name=unknown_E
#
# <colnr> <probs for GDERKNQSTAVLIFYWHMCP>
#	G	D	E	R	K	N	Q	S	T	A	V	L	I	F	Y	W	H	M	C	P
0	0.05184	0.02064	0.07573	0.01143	0.12793	0.02294	0.04910	0.10961	0.04526	0.01563	0.03599	0.11594	0.04999	0.00811	0.02242	0.00163	0.00454	0.16892	0.00336	0.05900
1	0.00674	0.00461	0.00589	0.00602	0.02305	0.00441	0.00418	0.03176	0.00903	0.01188	0.15755	0.10471	0.24081	0.05022	0.06141	0.26029	0.00356	0.00708	0.00338	0.00341
2	0.02153	0.10910	0.40634	0.03599	0.01537	0.02448	0.01127	0.01293	0.00922	0.02636	0.00817	0.02999	0.00654	0.00426	0.00408	0.00117	0.02626	0.00325	0.00221	0.24149
3	0.00978	0.05679	0.19190	0.05231	0.08939	0.03813	0.07830	0.04314	0.04864	0.06410	0.01466	0.17905	0.06179	0.00666	0.00458	0.00142	0.00482	0.00586	0.00302	0.04568
4	0.17752	0.00937	0.06605	0.23964	0.05437	0.02927	0.04126	0.05274	0.02584	0.04032	0.01090	0.09930	0.02915	0.00545	0.00412	0.00136	0.00463	0.00456	0.00278	0.10137
5	0.00762	0.00670	0.01085	0.28552	0.12064	0.00724	0.05005	0.00993	0.02941	0.01240	0.05052	0.31687	0.01734	0.00839	0.00502	0.00160	0.00435	0.04774	0.00308	0.00473
6	0.00977	0.01824	0.01698	0.39472	0.11551	0.01029	0.22488	0.03359	0.02694	0.03035	0.01911	0.01241	0.00724	0.00447	0.00491	0.00145	0.02999	0.01363	0.00233	0.02318
7	0.00540	0.00387	0.00510	0.00607	0.00635	0.00361	0.00405	0.00616	0.00844	0.01122	0.02458	0.80162	0.04817	0.03489	0.00606	0.00185	0.00260	0.01232	0.00406	0.00357
8	0.01280	0.01086	0.01199	0.05897	0.07870	0.04769	0.00838	0.25783	0.40746	0.02007	0.01363	0.01346	0.01021	0.00550	0.00463	0.00142	0.02108	0.00442	0.00399	0.00690
9	0.09150	0.01107	0.01505	0.11895	0.27443	0.08818	0.10235	0.10598	0.06136	0.04786	0.00966	0.01135	0.01709	0.00447	0.00429	0.00135	0.00538	0.00397	0.00279	0.02292
10	0.10764	0.00761	0.03013	0.02957	0.11108	0.02213	0.04411	0.07702	0.02606	0.01477	0.09780	0.25976	0.02730	0.03209	0.01904	0.04854	0.03031	0.00692	0.00334	0.00479
11	0.01044	0.01187	0.02583	0.01886	0.04604	0.01115	0.77842	0.01413	0.01041	0.01416	0.00892	0.01189	0.00671	0.00373	0.00519	0.00148	0.00738	0.00518	0.00223	0.00599
12	0.00876	0.00774	0.01162	0.22938	0.22551	0.00812	0.02598	0.06000	0.02809	0.02358	0.06866	0.02217	0.23683	0.00669	0.00472	0.00143	0.00432	0.01797	0.00309	0.00532
13	0.02381	0.00591	0.00787	0.10929	0.04593	0.00612	0.00594	0.07836	0.00981	0.06235	0.06255	0.20974	0.09197	0.10757	0.04872	0.06966	0.00411	0.02688	0.01905	0.00436
14	0.11655	0.00571	0.00677	0.00599	0.00783	0.00536	0.00465	0.01169	0.01115	0.21478	0.33943	0.04685	0.15384	0.02328	0.00532	0.02199	0.00278	0.00663	0.00450	0.00490
15	0.01220	0.00896	0.01006	0.00829	0.01069	0.00966	0.00664	0.40052	0.07294	0.04704	0.22085	0.06144	0.07058	0.00721	0.00506	0.00141	0.03003	0.00588	0.00446	0.00608
16	0.00576	0.00409	0.00502	0.00551	0.00595	0.00382	0.00364	0.00635	0.00835	0.01095	0.06936	0.43515	0.15701	0.20364	0.00998	0.04551	0.00294	0.00992	0.00371	0.00335
17	0.00693	0.00443	0.00528	0.00536	0.00599	0.00415	0.00353	0.00762	0.00842	0.06670	0.07451	0.24842	0.13827	0.36005	0.01244	0.00271	0.00327	0.00839	0.02996	0.00355
18	0.00950	0.07437	0.42406	0.01293	0.01780	0.04742	0.21796	0.01333	0.00969	0.01342	0.03450	0.03187	0.00846	0.04410	0.00532	0.00154	0.00632	0.01930	0.00221	0.00588
19	0.00858	0.00782	0.01137	0.01490	0.33536	0.03096	0.02889	0.02345	0.04388	0.01412	0.12031	0.15904	0.16773	0.00773	0.00487	0.00144	0.00389	0.00695	0.00334	0.00538
20	0.00705	0.00565	0.00645	0.00613	0.00761	0.00564	0.00466	0.01124	0.19848	0.01588	0.35930	0.06397	0.25644	0.00919	0.00508	0.00147	0.00252	0.02405	0.00451	0.00468
21	0.32245	0.00595	0.00567	0.00549	0.00721	0.00611	0.00421	0.00938	0.00918	0.03441	0.11691	0.14477	0.26249	0.02626	0.00474	0.00155	0.00281	0.02253	0.00369	0.00422
22	0.03280	0.00516	0.00630	0.00602	0.00729	0.00492	0.00446	0.01965	0.05531	0.09444	0.34608	0.18136	0.12440	0.06902	0.00634	0.00170	0.00270	0.02317	0.00443	0.00444
23	0.01163	0.02559	0.01007	0.00719	0.01097	0.00714	0.00584	0.09935	0.02307	0.13329	0.00966	0.01024	0.00737	0.00386	0.00358	0.00085	0.00355	0.00306	0.00324	0.62045
24	0.00632	0.00470	0.00694	0.00694	0.00767	0.00543	0.00532	0.00778	0.00705	0.01013	0.01198	0.01816	0.01139	0.09031	0.77058	0.00690	0.01130	0.00485	0.00239	0.00385
25	0.00589	0.00437	0.00529	0.00561	0.00642	0.00402	0.00395	0.02652	0.00978	0.01281	0.16972	0.39329	0.25282	0.04354	0.00642	0.02905	0.00255	0.01010	0.00412	0.00374
26	0.05209	0.01069	0.01339	0.10774	0.25522	0.07034	0.00974	0.20987	0.07747	0.09541	0.02772	0.03156	0.00897	0.00504	0.00435	0.00136	0.00492	0.00422	0.00335	0.00656
27	0.01054	0.07513	0.38115	0.01066	0.01497	0.09407	0.02821	0.05395	0.12861	0.03562	0.03706	0.03792	0.04560	0.00538	0.00449	0.00138	0.02210	0.00424	0.00279	0.00613
28	0.01079	0.01048	0.01729	0.11344	0.71226	0.03117	0.01329	0.01341	0.00999	0.01400	0.00822	0.01095	0.00684	0.00400	0.00437	0.00132	0.00538	0.00391	0.00216	0.00672
29	0.00556	0.00395	0.00506	0.00588	0.00620	0.00370	0.00391	0.00629	0.00835	0.01110	0.02418	0.67505	0.07493	0.11183	0.00757	0.00206	0.00276	0.02070	0.01742	0.00350
30	0.02468	0.59627	0.03043	0.00883	0.01237	0.14505	0.04056	0.05495	0.02993	0.01189	0.00691	0.00787	0.00599	0.00404	0.00325	0.00104	0.00533	0.00272	0.00217	0.00572
31	0.00765	0.07197	0.14340	0.03428	0.01092	0.00726	0.03696	0.00973	0.00901	0.03565	0.10915	0.19161	0.06283	0.03048	0.17793	0.00273	0.04413	0.00658	0.00306	0.00466
32	0.00756	0.00525	0.00734	0.07624	0.00958	0.00530	0.03402	0.02508	0.03613	0.05622	0.08402	0.30574	0.09225	0.01250	0.08517	0.07382	0.00405	0.00794	0.06759	0.00419
33	0.00786	0.00742	0.03110	0.00945	0.01022	0.00895	0.04479	0.00932	0.00720	0.01066	0.00962	0.03565	0.00926	0.04159	0.40828	0.00446	0.33291	0.00463	0.00223	0.00441
34	0.03852	0.12677	0.40907	0.03251	0.03963	0.07598	0.03205	0.15267	0.01153	0.01580	0.00865	0.00979	0.01911	0.00446	0.00405	0.00131	0.00591	0.00339	0.00243	0.00634
35	0.00959	0.00903	0.01444	0.08738	0.40775	0.02560	0.06957	0.02626	0.04099	0.01431	0.10110	0.07180	0.05284	0.00638	0.02201	0.00153	0.02537	0.00537	0.00282	0.00589
36	0.00621	0.00403	0.00538	0.00599	0.00642	0.00379	0.00409	0.00655	0.00816	0.03154	0.02251	0.55832	0.09905	0.01433	0.03669	0.16663	0.00313	0.01011	0.00366	0.00340
37	0.00753	0.00607	0.00772	0.02743	0.04805	0.02627	0.00579	0.06953	0.03049	0.01313	0.08623	0.21960	0.09966	0.03820	0.25460	0.00331	0.02831	0.02027	0.00339	0.00440
38	0.07083	0.00871	0.00991	0.02826	0.01141	0.03190	0.00655	0.11135	0.12833	0.25088	0.04724	0.01493	0.03165	0.00546	0.00444	0.00127	0.02552	0.02454	0.00407	0.18275
39	0.02641	0.01069	0.05144	0.16391	0.27452	0.03154	0.16529	0.04491	0.04246	0.05115	0.00945	0.03302	0.00758	0.00463	0.00496	0.00141	0.04229	0.00435	0.00253	0.02746
40	0.03420	0.00807	0.00942	0.00838	0.02661	0.04257	0.00648	0.19997	0.02834	0.15131	0.05933	0.05361	0.04071	0.04396	0.23229	0.00308	0.02733	0.01509	0.00372	0.00555
41	0.00860	0.02601	0.00687	0.00638	0.00779	0.00527	0.00476	0.02336	0.07472	0.14365	0.07829	0.35474	0.18767	0.02813	0.00551	0.00164	0.00289	0.02473	0.00432	0.00467
42	0.00771	0.00569	0.00708	0.00696	0.00798	0.00587	0.02556	0.01110	0.17642	0.03629	0.08734	0.21708	0.02163	0.24684	0.01016	0.00241	0.00357	0.11216	0.00383	0.00433
43	0.12105	0.05446	0.01345	0.11242	0.03853	0.31015	0.08277	0.08538	0.03031	0.03971	0.02822	0.02673	0.00760	0.00485	0.00434	0.00131	0.02683	0.00370	0.00270	0.00548
44	0.03439	0.11004	0.11711	0.05688	0.03348	0.10548	0.22305	0.08477	0.11552	0.04932	0.00974	0.01101	0.00736	0.00450	0.00449	0.00136	0.01855	0.00401	0.00277	0.00615
45	0.02403	0.03005	0.06313	0.08707	0.01155	0.06566	0.02684	0.03393	0.04568	0.02524	0.05159	0.32538	0.09928	0.00893	0.00515	0.00151	0.03023	0.00769	0.00341	0.05365

[dist]
# distance from previous block
# <min> <max>
0	27

[block]
# block no. 5 follows, 59 sequences, length 62
# corresponding to MSA columns:
# 214-275
name=unknown_F
#
# <colnr> <probs for GDERKNQSTAVLIFYWHMCP>
#	G	D	E	R	K	N	Q	S	T	A	V	L	I	F	Y	W	H	M	C	P
0	0.00966	0.05388	0.04797	0.06162	0.16190	0.05762	0.03908	0.04094	0.13310	0.02755	0.02781	0.08151	0.11471	0.07846	0.02703	0.00180	0.02118	0.00562	0.00311	0.00544
1	0.04701	0.00840	0.08764	0.06627	0.10658	0.02557	0.04959	0.03968	0.00892	0.06021	0.01285	0.13779	0.02996	0.12839	0.04904	0.12410	0.00493	0.00565	0.00281	0.00461
2	0.00649	0.00474	0.00609	0.00680	0.04093	0.00449	0.00451	0.00784	0.04020	0.02291	0.10386	0.39287	0.12277	0.11531	0.00803	0.04266	0.00299	0.03805	0.00381	0.02466
3	0.01064	0.09458	0.03057	0.15195	0.37517	0.01076	0.11617	0.01316	0.00968	0.05388	0.00940	0.01215	0.02434	0.02938	0.00530	0.00145	0.03884	0.00414	0.00233	0.00612
4	0.01921	0.03044	0.03646	0.27081	0.13799	0.05935	0.02957	0.02236	0.02879	0.04153	0.04089	0.04892	0.01863	0.00986	0.13222	0.02189	0.03880	0.00457	0.00253	0.00519
5	0.00809	0.00550	0.00800	0.03857	0.12306	0.00540	0.00595	0.00909	0.00899	0.08056	0.09773	0.19266	0.11306	0.03317	0.10594	0.14517	0.00444	0.00697	0.00334	0.00428
6	0.00626	0.00432	0.00496	0.00499	0.00522	0.00427	0.00300	0.00654	0.00704	0.00932	0.03650	0.05991	0.09496	0.66304	0.06853	0.00402	0.00442	0.00687	0.00290	0.00293
7	0.00642	0.00552	0.02566	0.04715	0.00914	0.00506	0.05731	0.00836	0.02933	0.01368	0.26678	0.25529	0.15224	0.03609	0.04726	0.00192	0.00350	0.02120	0.00394	0.00415
8	0.01036	0.01189	0.11263	0.06921	0.48636	0.03086	0.07604	0.01331	0.02262	0.01372	0.00867	0.03550	0.00737	0.00465	0.00532	0.00141	0.07726	0.00420	0.00221	0.00640
9	0.02541	0.00437	0.00538	0.00564	0.00640	0.00421	0.00400	0.00684	0.00868	0.01162	0.10202	0.27020	0.23410	0.09346	0.13932	0.05836	0.00418	0.00864	0.00359	0.00357
10	0.00631	0.00472	0.00701	0.00701	0.00777	0.00547	0.00541	0.00783	0.00707	0.01019	0.01191	0.01778	0.01123	0.06341	0.79725	0.00699	0.01155	0.00480	0.00238	0.00390
11	0.00916	0.00785	0.00916	0.00654	0.01047	0.00589	0.00523	0.01112	0.00916	0.01439	0.00785	0.00916	0.00654	0.00327	0.00327	0.00065	0.00327	0.00262	0.00262	0.87178
12	0.00774	0.00555	0.00705	0.02434	0.03638	0.00561	0.00519	0.03339	0.08242	0.06820	0.07725	0.21621	0.18129	0.06414	0.16172	0.00276	0.00472	0.00776	0.00377	0.00451
13	0.00696	0.00457	0.00570	0.00572	0.00662	0.00425	0.00405	0.00826	0.03029	0.06696	0.24088	0.26772	0.15965	0.10374	0.00795	0.05709	0.00275	0.00879	0.00411	0.00391
14	0.01098	0.01085	0.01782	0.04249	0.47528	0.04670	0.16903	0.04652	0.06412	0.01479	0.00991	0.05325	0.00843	0.00463	0.00460	0.00138	0.00555	0.00465	0.00254	0.00650
15	0.01255	0.00984	0.01371	0.06518	0.32709	0.01034	0.00993	0.25498	0.04621	0.07388	0.01169	0.05966	0.00992	0.03972	0.00527	0.00151	0.00476	0.03379	0.00337	0.00659
16	0.08472	0.00607	0.00679	0.00632	0.00796	0.00607	0.00478	0.09948	0.04711	0.10280	0.09194	0.24053	0.16338	0.03007	0.00515	0.00155	0.00297	0.00761	0.07993	0.00481
17	0.00661	0.00458	0.00571	0.00584	0.00643	0.00465	0.00408	0.00789	0.04391	0.01193	0.12017	0.22587	0.07656	0.18476	0.08334	0.08369	0.02445	0.01800	0.07793	0.00359
18	0.00966	0.00823	0.01104	0.16343	0.15332	0.05289	0.02674	0.02942	0.10619	0.05342	0.01272	0.05178	0.02941	0.18263	0.06762	0.00244	0.02594	0.00512	0.00288	0.00513
19	0.02249	0.00539	0.00656	0.00647	0.00770	0.00522	0.00469	0.03401	0.08576	0.13310	0.05548	0.41025	0.11358	0.06761	0.00652	0.01427	0.00299	0.00911	0.00423	0.00459
20	0.06423	0.00634	0.00760	0.00691	0.00867	0.00621	0.00526	0.12345	0.01145	0.20246	0.07713	0.30304	0.07587	0.05380	0.00586	0.00169	0.00329	0.02722	0.00436	0.00515
21	0.01503	0.13288	0.01407	0.01078	0.01335	0.59642	0.03116	0.01761	0.10556	0.01175	0.00810	0.00896	0.00663	0.00459	0.00392	0.00116	0.00698	0.00310	0.00248	0.00544
22	0.00567	0.00412	0.00520	0.00583	0.00635	0.00383	0.00402	0.00661	0.00897	0.01185	0.10931	0.51230	0.13510	0.10554	0.00744	0.00200	0.00275	0.05551	0.00402	0.00359
23	0.05384	0.00517	0.00619	0.00597	0.00727	0.00486	0.00434	0.01007	0.03867	0.14610	0.14719	0.26917	0.16304	0.10918	0.00711	0.00187	0.00291	0.00841	0.00422	0.00443
24	0.00809	0.00602	0.00680	0.00645	0.00780	0.00624	0.00472	0.03382	0.22908	0.03835	0.17244	0.14180	0.12667	0.14572	0.00777	0.00195	0.00304	0.00735	0.04114	0.00474
25	0.01074	0.00994	0.01594	0.08307	0.37078	0.01059	0.10837	0.05418	0.13967	0.02834	0.01054	0.01261	0.01588	0.00617	0.04671	0.00171	0.06127	0.00436	0.00272	0.00641
26	0.00606	0.00421	0.00536	0.00594	0.00664	0.00384	0.00418	0.00710	0.00935	0.04371	0.10309	0.56223	0.16785	0.01252	0.00549	0.00169	0.00256	0.04010	0.00423	0.00384
27	0.02980	0.00602	0.00725	0.00745	0.02707	0.02254	0.00534	0.11449	0.01023	0.04779	0.03012	0.38556	0.02055	0.10880	0.08479	0.00248	0.00431	0.07724	0.00377	0.00440
28	0.00636	0.00452	0.00604	0.00604	0.00646	0.00495	0.00420	0.00721	0.00678	0.00947	0.01280	0.02271	0.01337	0.40987	0.45372	0.00579	0.00833	0.00552	0.00251	0.00336
29	0.00538	0.00390	0.00507	0.00600	0.00635	0.00361	0.00402	0.00617	0.00855	0.01128	0.02576	0.76821	0.08963	0.02596	0.00586	0.00181	0.00256	0.01222	0.00408	0.00358
30	0.05454	0.01019	0.01099	0.00895	0.01178	0.01121	0.00719	0.44412	0.17939	0.07653	0.01316	0.01521	0.01035	0.09053	0.00624	0.00169	0.00435	0.03267	0.00424	0.00666
31	0.69279	0.03426	0.00908	0.00838	0.07452	0.03137	0.03694	0.04261	0.00850	0.01895	0.00662	0.00781	0.00519	0.00412	0.00306	0.00135	0.00393	0.00270	0.00270	0.00514
32	0.03389	0.02206	0.02771	0.18040	0.35112	0.05275	0.01092	0.07774	0.06622	0.06336	0.03965	0.02000	0.00886	0.00502	0.01251	0.00142	0.01312	0.00415	0.00280	0.00628
33	0.01113	0.00925	0.00958	0.00834	0.01058	0.03933	0.00648	0.18443	0.39117	0.01842	0.05891	0.01935	0.09764	0.07542	0.00629	0.00168	0.02542	0.00538	0.01512	0.00610
34	0.35336	0.01058	0.01200	0.04522	0.30033	0.08636	0.00887	0.05791	0.02971	0.04603	0.00800	0.00947	0.00629	0.00426	0.00370	0.00133	0.00468	0.00327	0.00270	0.00592
35	0.01703	0.01126	0.01252	0.00965	0.01308	0.01214	0.00796	0.63614	0.01887	0.17213	0.01189	0.01161	0.00824	0.00616	0.02890	0.00150	0.00487	0.00408	0.00455	0.00741
36	0.00838	0.00688	0.00818	0.00698	0.00918	0.00659	0.00546	0.01183	0.14239	0.02265	0.14201	0.04012	0.07748	0.05369	0.03663	0.00161	0.05667	0.05012	0.00350	0.30966
37	0.01555	0.01210	0.01253	0.00996	0.01323	0.04492	0.00810	0.60707	0.18719	0.02519	0.01202	0.01174	0.00870	0.00542	0.00442	0.00135	0.00469	0.00415	0.00435	0.00731
38	0.00559	0.00411	0.00493	0.00544	0.00597	0.00379	0.00362	0.00633	0.00856	0.01108	0.05410	0.44918	0.21718	0.18840	0.00908	0.00223	0.00283	0.01032	0.00383	0.00345
39	0.04209	0.03586	0.00614	0.00603	0.00698	0.00463	0.00436	0.00785	0.00919	0.06228	0.06058	0.53354	0.16112	0.01184	0.00526	0.00165	0.00271	0.02978	0.00408	0.00402
40	0.01079	0.35885	0.08664	0.01032	0.01394	0.01326	0.14661	0.01584	0.21703	0.01364	0.01099	0.01338	0.00918	0.00494	0.00401	0.00129	0.00499	0.05552	0.00277	0.00603
41	0.00692	0.00503	0.00685	0.00685	0.00754	0.02152	0.00511	0.00801	0.00742	0.03274	0.01372	0.12911	0.02141	0.10758	0.52433	0.05554	0.02797	0.00588	0.00270	0.00379
42	0.00556	0.00397	0.00508	0.00592	0.00634	0.00369	0.00402	0.00643	0.00867	0.01157	0.03587	0.67912	0.10389	0.03928	0.00604	0.00182	0.00260	0.03124	0.03529	0.00361
43	0.00665	0.00456	0.00533	0.00551	0.00580	0.00456	0.00349	0.03063	0.02392	0.01041	0.01684	0.22323	0.01920	0.54370	0.01629	0.00335	0.00380	0.04326	0.02624	0.00323
44	0.04973	0.01492	0.01449	0.07151	0.33028	0.36721	0.01061	0.05012	0.01136	0.01339	0.00760	0.00950	0.00626	0.00437	0.00432	0.00126	0.02143	0.00339	0.00233	0.00593
45	0.00577	0.00474	0.00515	0.00524	0.00666	0.00422	0.00407	0.00750	0.04144	0.01269	0.08698	0.06029	0.61335	0.01105	0.00532	0.00157	0.00253	0.11336	0.00416	0.00392
46	0.06607	0.03614	0.22713	0.01298	0.07189	0.23098	0.10921	0.14596	0.01223	0.03473	0.00830	0.00956	0.00625	0.00441	0.00420	0.00131	0.00637	0.00351	0.00261	0.00617
47	0.00632	0.00467	0.00680	0.00680	0.00749	0.00536	0.00516	0.00770	0.00701	0.01004	0.01210	0.01884	0.01169	0.13747	0.72381	0.00674	0.01086	0.00495	0.00241	0.00378
48	0.01485	0.00997	0.01115	0.00911	0.01213	0.01079	0.00739	0.33708	0.28044	0.18366	0.03577	0.01544	0.01172	0.00591	0.00453	0.00142	0.00408	0.03279	0.00465	0.00713
49	0.00847	0.00793	0.01308	0.79238	0.02946	0.00987	0.01200	0.01190	0.04936	0.01165	0.00836	0.01201	0.00627	0.00450	0.00442	0.00147	0.00577	0.00398	0.00209	0.00501
50	0.00724	0.00470	0.00627	0.00701	0.02836	0.00438	0.00505	0.00845	0.00945	0.08689	0.04411	0.45528	0.11494	0.03351	0.00596	0.00181	0.00304	0.16526	0.00415	0.00414
51	0.02546	0.01238	0.01159	0.03006	0.03416	0.22532	0.04432	0.16972	0.23280	0.01714	0.06161	0.05508	0.03300	0.00608	0.00450	0.00138	0.00507	0.02073	0.00363	0.00599
52	0.03425	0.00920	0.02837	0.07666	0.07505	0.00900	0.23066	0.12667	0.03857	0.01568	0.05989	0.10825	0.02366	0.07168	0.00612	0.00163	0.00501	0.00567	0.00307	0.07091
53	0.00821	0.00617	0.00787	0.00715	0.02528	0.00599	0.00524	0.05688	0.00871	0.03644	0.01218	0.09243	0.01199	0.16478	0.27687	0.00361	0.02068	0.00509	0.00285	0.24155
54	0.01030	0.57432	0.01771	0.00730	0.01011	0.01348	0.00665	0.05125	0.00943	0.01152	0.01135	0.23569	0.01220	0.00661	0.00368	0.00120	0.00414	0.00523	0.00262	0.00519
55	0.00822	0.00906	0.10940	0.00933	0.01134	0.04509	0.07207	0.04807	0.00861	0.01206	0.01056	0.03159	0.00950	0.02157	0.48637	0.00475	0.06770	0.00451	0.00240	0.02781
56	0.03272	0.11086	0.16781	0.01358	0.13927	0.07106	0.11146	0.14409	0.02049	0.04490	0.00965	0.03598	0.00790	0.00553	0.02563	0.00147	0.00574	0.02336	0.00275	0.02575
57	0.04831	0.00868	0.05706	0.20363	0.22046	0.00856	0.02940	0.04503	0.05757	0.01390	0.01333	0.21946	0.01318	0.00702	0.00471	0.00152	0.00460	0.03526	0.00292	0.00543
58	0.01380	0.12618	0.04470	0.01055	0.01350	0.29298	0.07651	0.14172	0.02909	0.05751	0.03352	0.01114	0.03171	0.00505	0.00477	0.00125	0.05975	0.00371	0.00289	0.03966
59	0.04920	0.18216	0.33913	0.02963	0.02676	0.01097	0.03054	0.03567	0.07431	0.09486	0.01112	0.04189	0.02554	0.00510	0.00407	0.00134	0.00515	0.02364	0.00275	0.00617
60	0.02760	0.02952	0.01248	0.05191	0.07734	0.00916	0.09912	0.13031	0.11790	0.02939	0.01298	0.06788	0.04874	0.02884	0.03476	0.00157	0.02562	0.00481	0.00320	0.18688
61	0.05387	0.00926	0.01307	0.20268	0.17793	0.03020	0.05895	0.12158	0.06686	0.01576	0.04068	0.05250	0.00966	0.00647	0.04558	0.00163	0.00524	0.00448	0.00288	0.08071

[dist]
# distance from previous block
# <min> <max>
3	23

[block]
# block no. 6 follows, 59 sequences, length 9
# corresponding to MSA columns:
# 299-307
name=unknown_G
#
# <colnr> <probs for GDERKNQSTAVLIFYWHMCP>
#	G	D	E	R	K	N	Q	S	T	A	V	L	I	F	Y	W	H	M	C	P
0	0.01428	0.05839	0.05981	0.18130	0.01701	0.42424	0.00952	0.04927	0.01157	0.09633	0.00830	0.00969	0.00635	0.00469	0.00441	0.00127	0.03214	0.00331	0.00258	0.00553
1	0.03960	0.00759	0.00994	0.04003	0.14332	0.01949	0.00692	0.01060	0.00905	0.01350	0.03636	0.05641	0.04064	0.03089	0.09534	0.00184	0.03168	0.03612	0.00273	0.36794
2	0.00937	0.00760	0.00948	0.00791	0.03321	0.00691	0.02082	0.08711	0.02798	0.02673	0.03182	0.02720	0.02712	0.03624	0.12703	0.00200	0.02411	0.03460	0.00297	0.44980
3	0.01371	0.00982	0.01081	0.00932	0.03408	0.04139	0.00725	0.25963	0.24674	0.14873	0.06089	0.04281	0.01299	0.00611	0.00452	0.00139	0.00408	0.03273	0.00438	0.04863
4	0.02518	0.00670	0.02394	0.00726	0.02306	0.02794	0.02099	0.02371	0.10689	0.11623	0.07775	0.23994	0.11054	0.12348	0.00730	0.00188	0.00344	0.00756	0.00393	0.04230
5	0.08655	0.00771	0.05558	0.08267	0.07099	0.02009	0.02025	0.05848	0.05613	0.04466	0.05335	0.25559	0.06881	0.05193	0.00623	0.04189	0.00388	0.00700	0.00341	0.00480
6	0.03385	0.04771	0.29102	0.05940	0.05771	0.10738	0.04576	0.10047	0.02828	0.05690	0.00901	0.01115	0.00706	0.04812	0.02420	0.00165	0.05805	0.00372	0.00256	0.00600
7	0.03724	0.00830	0.04964	0.04344	0.06910	0.03758	0.03802	0.14154	0.01107	0.01517	0.10226	0.17905	0.05156	0.04813	0.07742	0.03732	0.02269	0.02221	0.00337	0.00490
8	0.00696	0.00467	0.00568	0.00592	0.00679	0.00445	0.00426	0.02346	0.03432	0.04764	0.09254	0.33413	0.15263	0.10270	0.00740	0.02305	0.00289	0.06993	0.06663	0.00395

[dist]
# distance from previous block
# <min> <max>
0	5

[block]
# block no. 7 follows, 59 sequences, length 45
# corresponding to MSA columns:
# 313-357
name=unknown_H
#
# <colnr> <probs for GDERKNQSTAVLIFYWHMCP>
#	G	D	E	R	K	N	Q	S	T	A	V	L	I	F	Y	W	H	M	C	P
0	0.02526	0.02228	0.02656	0.12025	0.14047	0.08743	0.09808	0.12568	0.07390	0.04995	0.01184	0.09489	0.01033	0.00651	0.02529	0.00157	0.01821	0.02924	0.02640	0.00585
1	0.03119	0.03350	0.05639	0.11441	0.07090	0.18554	0.06630	0.07035	0.03132	0.08910	0.08404	0.04121	0.01171	0.00671	0.03530	0.00160	0.02546	0.03632	0.00307	0.00558
2	0.09616	0.00695	0.00788	0.00786	0.04923	0.05055	0.02300	0.07408	0.02403	0.05483	0.08450	0.20887	0.13111	0.04963	0.04613	0.06610	0.00398	0.00702	0.00358	0.00451
3	0.05264	0.00668	0.00792	0.01900	0.00924	0.00690	0.01575	0.08067	0.15890	0.12213	0.03699	0.22654	0.09592	0.07203	0.03529	0.01372	0.00371	0.02673	0.00408	0.00515
4	0.03806	0.01120	0.03068	0.12498	0.18562	0.08400	0.03758	0.22550	0.06545	0.04530	0.01032	0.04725	0.00835	0.00596	0.02645	0.00154	0.03806	0.00431	0.00312	0.00628
5	0.02513	0.02785	0.01080	0.04334	0.09426	0.03436	0.02556	0.06206	0.05571	0.03678	0.02280	0.05084	0.03986	0.03082	0.00446	0.00113	0.00394	0.00405	0.00297	0.42328
6	0.00889	0.00621	0.00730	0.00693	0.00841	0.00626	0.00522	0.14229	0.07876	0.06872	0.09422	0.32687	0.13418	0.03969	0.00578	0.00168	0.00315	0.04631	0.00429	0.00485
7	0.09931	0.02254	0.04968	0.08847	0.18207	0.03389	0.07070	0.06553	0.00970	0.05016	0.02508	0.08694	0.00951	0.00718	0.00663	0.15616	0.00473	0.00462	0.00269	0.02440
8	0.04168	0.04316	0.01471	0.09225	0.28250	0.10262	0.03331	0.22694	0.01307	0.03441	0.04205	0.01152	0.00838	0.00548	0.02764	0.00147	0.00552	0.00395	0.00297	0.00638
9	0.04856	0.00668	0.00760	0.00691	0.00862	0.00684	0.00527	0.15593	0.08408	0.07984	0.14013	0.19124	0.12840	0.07454	0.00630	0.00173	0.00327	0.03477	0.00424	0.00503
10	0.02969	0.00615	0.00693	0.00652	0.00807	0.03096	0.00490	0.06161	0.05636	0.12962	0.15083	0.25327	0.18441	0.03217	0.00551	0.00160	0.00305	0.01923	0.00433	0.00477
11	0.04254	0.00824	0.01127	0.06313	0.18751	0.03005	0.03747	0.13766	0.02882	0.05397	0.01396	0.19925	0.01377	0.03396	0.00616	0.05846	0.00440	0.06070	0.00332	0.00538
12	0.00864	0.04551	0.00938	0.00850	0.05572	0.01866	0.05398	0.07235	0.06582	0.03722	0.03255	0.13738	0.07021	0.24254	0.09624	0.00285	0.00494	0.02971	0.00328	0.00454
13	0.07989	0.00709	0.00781	0.00704	0.00900	0.00737	0.00545	0.12471	0.16554	0.09179	0.10850	0.15051	0.15925	0.03210	0.00527	0.00157	0.00322	0.02428	0.00428	0.00533
14	0.29702	0.00726	0.00741	0.00689	0.00883	0.00786	0.00529	0.10439	0.09446	0.06944	0.05037	0.29179	0.01628	0.00803	0.00431	0.00152	0.00327	0.00666	0.00385	0.00508
15	0.22579	0.06679	0.03372	0.00935	0.01262	0.09408	0.04422	0.34203	0.07099	0.04597	0.00943	0.00985	0.00698	0.00478	0.00390	0.00131	0.00484	0.00349	0.00350	0.00635
16	0.01150	0.01083	0.01603	0.01306	0.04803	0.03645	0.27219	0.12512	0.33478	0.01746	0.01289	0.01372	0.00977	0.00649	0.04952	0.00176	0.00566	0.00480	0.00345	0.00649
17	0.00769	0.00488	0.00587	0.00574	0.00686	0.00450	0.00419	0.02038	0.00977	0.10498	0.13209	0.13759	0.23936	0.21144	0.00941	0.00222	0.00314	0.08185	0.00402	0.00404
18	0.00615	0.00417	0.00490	0.00517	0.00523	0.00410	0.00305	0.00635	0.00695	0.00927	0.01664	0.24147	0.01950	0.62753	0.01808	0.00363	0.00383	0.00803	0.00305	0.00291
19	0.00965	0.00783	0.00921	0.00660	0.01050	0.00592	0.00529	0.01160	0.00932	0.05170	0.00829	0.00943	0.00675	0.00337	0.00333	0.00069	0.00329	0.00270	0.00275	0.83177
20	0.02473	0.00704	0.00868	0.00745	0.00980	0.00687	0.00592	0.05892	0.15531	0.33543	0.15879	0.09030	0.06123	0.00746	0.00478	0.00146	0.00331	0.04157	0.00484	0.00611
21	0.01343	0.00750	0.00886	0.00731	0.00936	0.00754	0.00555	0.22599	0.01235	0.26808	0.01440	0.02024	0.01242	0.33079	0.01147	0.00250	0.00427	0.02833	0.00406	0.00554
22	0.00544	0.00451	0.00480	0.00493	0.00630	0.00387	0.00377	0.00667	0.01010	0.01225	0.07214	0.07622	0.67903	0.01131	0.00532	0.00155	0.00241	0.08149	0.00413	0.00377
23	0.00642	0.00428	0.00482	0.00482	0.00482	0.00428	0.00268	0.00642	0.00642	0.00856	0.01392	0.02890	0.01606	0.84478	0.02248	0.00428	0.00428	0.00642	0.00268	0.00268
24	0.06929	0.00638	0.00743	0.00734	0.00880	0.00668	0.00571	0.10070	0.12741	0.03769	0.07913	0.30356	0.04683	0.01005	0.00514	0.00166	0.00331	0.16384	0.00418	0.00486
25	0.00538	0.00384	0.00512	0.00615	0.00641	0.00359	0.00410	0.00615	0.00846	0.01127	0.02434	0.84190	0.02921	0.01384	0.00564	0.00179	0.00256	0.01256	0.00410	0.00359
26	0.01006	0.00960	0.01635	0.29932	0.55185	0.01026	0.01312	0.01279	0.00964	0.01337	0.00815	0.01122	0.00662	0.00410	0.00439	0.00137	0.00546	0.00393	0.00211	0.00629
27	0.00626	0.00438	0.00514	0.00503	0.00550	0.00420	0.00323	0.00704	0.00874	0.01187	0.28040	0.03144	0.09467	0.49637	0.01528	0.00308	0.00338	0.00719	0.00352	0.00326
28	0.00648	0.00433	0.00585	0.00632	0.00684	0.00433	0.00443	0.00741	0.00808	0.04814	0.01945	0.46235	0.02195	0.13981	0.20598	0.00342	0.00515	0.03240	0.00354	0.00374
29	0.00947	0.01861	0.51357	0.01492	0.02065	0.01061	0.32039	0.01405	0.00975	0.01405	0.00832	0.01033	0.00602	0.00401	0.00459	0.00143	0.00688	0.00402	0.00201	0.00631
