[name]
unknown

[dist]
# distance from previous block
# <min> <max>
0	90

[block]
# block no. 0 follows, 70 sequences, length 49
# corresponding to MSA columns:
# 95-143
name=unknown_A
#
# <colnr> <probs for GDERKNQSTAVLIFYWHMCP>
#	G	D	E	R	K	N	Q	S	T	A	V	L	I	F	Y	W	H	M	C	P
0	0.00907	0.00902	0.04951	0.02515	0.34919	0.02272	0.16221	0.02023	0.03683	0.04121	0.04077	0.05326	0.02710	0.00461	0.00452	0.00122	0.05100	0.02380	0.00236	0.06620
1	0.03369	0.00719	0.01195	0.54882	0.02146	0.00826	0.10877	0.02849	0.03980	0.04009	0.05088	0.01178	0.00758	0.01890	0.02895	0.00145	0.00502	0.00382	0.00217	0.02090
2	0.00531	0.00420	0.00481	0.02030	0.00609	0.00380	0.00353	0.03468	0.00979	0.01266	0.31270	0.08773	0.46239	0.00903	0.00457	0.00129	0.00208	0.00772	0.00381	0.00353
3	0.01197	0.00967	0.01006	0.00839	0.01097	0.03097	0.00670	0.37023	0.45933	0.01962	0.01273	0.01205	0.00939	0.00497	0.00391	0.00124	0.00368	0.00395	0.00387	0.00629
4	0.03027	0.47185	0.01484	0.00700	0.00959	0.15399	0.00618	0.01237	0.02264	0.09298	0.03092	0.01024	0.03818	0.05851	0.00430	0.00115	0.02497	0.00299	0.00227	0.00478
5	0.01027	0.83515	0.05042	0.00679	0.01020	0.01511	0.00691	0.01163	0.00789	0.00924	0.00545	0.00629	0.00497	0.00333	0.00253	0.00084	0.00420	0.00210	0.00166	0.00500
6	0.01002	0.75317	0.13020	0.00722	0.01086	0.01449	0.00766	0.01170	0.00792	0.00954	0.00560	0.00648	0.00497	0.00337	0.00265	0.00088	0.00436	0.00218	0.00166	0.00508
7	0.00471	0.00341	0.00446	0.00529	0.00560	0.00316	0.00355	0.00541	0.00752	0.00994	0.02263	0.80296	0.08309	0.01198	0.00492	0.00156	0.00223	0.01082	0.00360	0.00316
8	0.00555	0.00412	0.00605	0.00605	0.00668	0.00475	0.00462	0.00681	0.00618	0.00887	0.01055	0.01613	0.01008	0.10307	0.77493	0.00601	0.00980	0.00429	0.00210	0.00336
9	0.00732	0.00689	0.01163	0.85444	0.02670	0.00861	0.01077	0.00991	0.00775	0.00991	0.00689	0.01034	0.00517	0.00388	0.00388	0.00129	0.00517	0.00345	0.00172	0.00431
10	0.00947	0.00984	0.01242	0.30882	0.01728	0.15537	0.08416	0.02465	0.05566	0.02226	0.00696	0.00948	0.00565	0.00480	0.00648	0.00136	0.25534	0.00343	0.00199	0.00458
11	0.04485	0.01062	0.01129	0.00874	0.01177	0.01179	0.00720	0.75945	0.05719	0.02379	0.00949	0.00945	0.00676	0.00465	0.00383	0.00117	0.00416	0.00349	0.00383	0.00649
12	0.01245	0.00972	0.01035	0.00846	0.01115	0.01096	0.00682	0.46514	0.38345	0.02075	0.01221	0.01162	0.00894	0.00493	0.00391	0.00123	0.00373	0.00389	0.00391	0.00639
13	0.00915	0.01046	0.02288	0.01634	0.02026	0.00980	0.82549	0.01242	0.00915	0.01242	0.00784	0.01046	0.00588	0.00327	0.00458	0.00131	0.00654	0.00458	0.00196	0.00523
14	0.00556	0.00407	0.00579	0.00579	0.00634	0.00461	0.00430	0.00664	0.00610	0.00868	0.01078	0.01744	0.01065	0.21097	0.66780	0.00569	0.00894	0.00448	0.00214	0.00322
15	0.02934	0.00883	0.10484	0.58991	0.05190	0.00884	0.07841	0.01113	0.05814	0.01104	0.00750	0.01023	0.00561	0.00387	0.00388	0.00128	0.00514	0.00350	0.00189	0.00471
16	0.00593	0.00473	0.00605	0.00715	0.08388	0.02243	0.00462	0.00712	0.02582	0.01045	0.07005	0.33082	0.11294	0.15959	0.02405	0.00196	0.01520	0.10052	0.00318	0.00350
17	0.00673	0.00337	0.00505	0.00505	0.00505	0.00337	0.00337	0.00505	0.00505	0.00673	0.00673	0.01178	0.00673	0.01347	0.01515	0.88721	0.00337	0.00337	0.00168	0.00168
18	0.01474	0.01086	0.01163	0.00892	0.01202	0.01202	0.00737	0.82664	0.01823	0.02443	0.00931	0.00931	0.00659	0.00465	0.00388	0.00116	0.00427	0.00349	0.00388	0.00659
19	0.00564	0.00383	0.00457	0.00459	0.00472	0.00393	0.00281	0.00589	0.00582	0.00784	0.01219	0.02446	0.01371	0.72151	0.13630	0.00405	0.00469	0.02855	0.00235	0.00254
20	0.00992	0.00857	0.00919	0.04681	0.02342	0.02413	0.00651	0.07699	0.69830	0.01633	0.02683	0.01392	0.01132	0.00514	0.00394	0.00129	0.00332	0.00427	0.00378	0.00602
21	0.00995	0.00936	0.08246	0.05436	0.25750	0.00826	0.06133	0.12087	0.00995	0.06958	0.03393	0.01037	0.00727	0.00392	0.00397	0.00107	0.03043	0.01260	0.00252	0.21029
22	0.02175	0.22734	0.39382	0.01005	0.04948	0.01073	0.04538	0.05499	0.08285	0.02441	0.00760	0.00852	0.00581	0.00380	0.00356	0.00112	0.01687	0.00293	0.00206	0.02693
23	0.03730	0.04504	0.16687	0.09281	0.06172	0.04990	0.26918	0.12119	0.02866	0.03088	0.00868	0.01078	0.00673	0.00455	0.00481	0.00143	0.04710	0.00392	0.00257	0.00590
24	0.00474	0.00339	0.00448	0.00535	0.00559	0.00316	0.00357	0.00541	0.00742	0.00987	0.02153	0.83207	0.04007	0.02668	0.00519	0.00161	0.00227	0.01088	0.00358	0.00314
25	0.01056	0.10038	0.14792	0.09389	0.09982	0.03133	0.12819	0.05584	0.03193	0.16829	0.01024	0.03962	0.02271	0.00496	0.02229	0.00132	0.00482	0.01779	0.00265	0.00545
26	0.00961	0.12046	0.26579	0.04774	0.07994	0.03714	0.21459	0.04945	0.02213	0.05717	0.00792	0.02770	0.00617	0.00395	0.00412	0.00121	0.03380	0.00356	0.00211	0.00543
27	0.00834	0.00656	0.00942	0.09012	0.22645	0.00664	0.01841	0.03883	0.09703	0.08553	0.04287	0.13627	0.17454	0.00670	0.00425	0.00130	0.00343	0.03531	0.00313	0.00486
28	0.00790	0.00748	0.01267	0.64296	0.23366	0.00877	0.01105	0.01041	0.00803	0.01061	0.00699	0.01015	0.00542	0.00377	0.00387	0.00126	0.00502	0.00345	0.00177	0.00477
29	0.00806	0.02315	0.11842	0.14323	0.09507	0.00746	0.05615	0.04404	0.09049	0.05037	0.10549	0.04391	0.13435	0.00587	0.00439	0.00129	0.02831	0.03225	0.00287	0.00483
30	0.01017	0.10369	0.20921	0.02648	0.13423	0.07086	0.10455	0.12554	0.03877	0.04586	0.02899	0.02941	0.02104	0.00437	0.00393	0.00119	0.01628	0.01749	0.00243	0.00550
31	0.00917	0.00597	0.00685	0.00614	0.00790	0.01811	0.00474	0.02640	0.23485	0.18912	0.17942	0.10433	0.17648	0.00720	0.00427	0.00129	0.00266	0.00613	0.00406	0.00489
32	0.01430	0.01714	0.01083	0.00974	0.01173	0.74647	0.00737	0.03324	0.01092	0.05266	0.00660	0.00756	0.00536	0.00460	0.01976	0.00113	0.03113	0.00265	0.00218	0.00462
33	0.01092	0.05274	0.26213	0.01121	0.12857	0.00811	0.07457	0.04207	0.03733	0.23832	0.02565	0.07258	0.00881	0.00468	0.00390	0.00122	0.00443	0.00407	0.00291	0.00577
34	0.02483	0.02845	0.03826	0.20510	0.28610	0.06812	0.05684	0.10471	0.00965	0.03361	0.02430	0.02476	0.01683	0.00427	0.00440	0.00122	0.05734	0.00365	0.00225	0.00530
35	0.46774	0.00705	0.00704	0.00588	0.00839	0.00742	0.00481	0.04146	0.03620	0.29364	0.05898	0.01100	0.02667	0.00448	0.00318	0.00121	0.00305	0.00325	0.00344	0.00510
36	0.02665	0.00617	0.00855	0.16521	0.05433	0.00641	0.02979	0.05086	0.08013	0.14714	0.19152	0.07565	0.09371	0.00618	0.00423	0.00126	0.01304	0.00534	0.02910	0.00473
37	0.02015	0.09743	0.08845	0.03181	0.17219	0.04739	0.07980	0.02221	0.05145	0.21227	0.03464	0.05069	0.04950	0.00487	0.00387	0.00120	0.00421	0.01943	0.00295	0.00549
38	0.00923	0.00727	0.01036	0.11645	0.23312	0.02678	0.02153	0.06233	0.06026	0.10248	0.11617	0.05089	0.06685	0.03713	0.01255	0.00140	0.02699	0.03020	0.00299	0.00502
39	0.00905	0.00542	0.00673	0.03679	0.00814	0.00527	0.00469	0.04023	0.10176	0.21535	0.23105	0.04957	0.17922	0.03934	0.04828	0.00161	0.00308	0.00587	0.00392	0.00463
40	0.00991	0.06883	0.20947	0.05649	0.16704	0.05898	0.04153	0.02453	0.07903	0.04455	0.02428	0.08512	0.04761	0.00601	0.01499	0.00148	0.04714	0.00455	0.00273	0.00570
41	0.02377	0.03633	0.33939	0.04281	0.10836	0.05492	0.20011	0.03158	0.04676	0.04990	0.00908	0.02160	0.00705	0.00449	0.00433	0.00140	0.00577	0.00386	0.00244	0.00604
42	0.01778	0.12760	0.04434	0.21276	0.31381	0.06643	0.03470	0.02736	0.04172	0.01176	0.04118	0.02862	0.00750	0.00404	0.00370	0.00116	0.00469	0.00354	0.00209	0.00522
43	0.00541	0.00393	0.00499	0.00524	0.00568	0.00383	0.01333	0.00607	0.00731	0.02223	0.05097	0.40585	0.13076	0.24188	0.02347	0.00220	0.03243	0.02813	0.00319	0.00310
44	0.00983	0.04663	0.12382	0.11226	0.15242	0.07904	0.11308	0.09075	0.03418	0.06721	0.01008	0.09758	0.02122	0.01954	0.00424	0.00127	0.00479	0.00433	0.00250	0.00522
45	0.01044	0.11240	0.20240	0.02444	0.13222	0.06257	0.08036	0.13256	0.03873	0.06663	0.03424	0.01082	0.01847	0.01431	0.00420	0.00121	0.02965	0.01632	0.00249	0.00554
46	0.00907	0.00567	0.00674	0.00664	0.04715	0.03432	0.00447	0.02844	0.08181	0.19054	0.04105	0.15251	0.02340	0.31730	0.03173	0.00232	0.00361	0.00577	0.00329	0.00417
47	0.03759	0.09474	0.02123	0.08930	0.13604	0.02310	0.00603	0.00845	0.00791	0.01073	0.04844	0.17193	0.12957	0.09236	0.04968	0.00172	0.00381	0.00562	0.00260	0.05914
48	0.02068	0.08929	0.25693	0.01009	0.10462	0.05305	0.00892	0.11374	0.02208	0.11988	0.02232	0.07777	0.00859	0.04927	0.00455	0.00130	0.00446	0.00390	0.00267	0.02589

[dist]
# distance from previous block
# <min> <max>
3	31

[block]
# block no. 1 follows, 70 sequences, length 20
# corresponding to MSA columns:
# 177-194,196,197
name=unknown_B
#
# <colnr> <probs for GDERKNQSTAVLIFYWHMCP>
#	G	D	E	R	K	N	Q	S	T	A	V	L	I	F	Y	W	H	M	C	P
0	0.02225	0.04913	0.06541	0.05841	0.19642	0.03303	0.08556	0.03595	0.01778	0.01184	0.02918	0.12683	0.04609	0.06426	0.00523	0.00147	0.00415	0.10859	0.01791	0.02049
1	0.00965	0.03292	0.00688	0.00583	0.00745	0.04146	0.00449	0.03103	0.04011	0.25100	0.09229	0.14797	0.16530	0.08871	0.00570	0.00152	0.00298	0.03321	0.02701	0.00447
2	0.02528	0.07951	0.21781	0.00902	0.05032	0.01908	0.08228	0.07016	0.04171	0.01340	0.16108	0.09945	0.06900	0.00580	0.00401	0.00122	0.00397	0.01235	0.00279	0.03177
3	0.09003	0.00584	0.00704	0.02177	0.05824	0.00538	0.00476	0.00854	0.02198	0.01174	0.01303	0.20625	0.07186	0.06825	0.03083	0.00141	0.02930	0.00515	0.00267	0.33592
4	0.00498	0.00369	0.00464	0.00494	0.00561	0.00336	0.00350	0.00613	0.00898	0.01207	0.32362	0.40596	0.17792	0.01018	0.00474	0.00140	0.00204	0.00903	0.00384	0.00336
5	0.01165	0.03227	0.01026	0.00841	0.01086	0.07157	0.00672	0.28433	0.46122	0.01805	0.01238	0.01185	0.00925	0.00496	0.00409	0.00124	0.02729	0.00387	0.00366	0.00608
6	0.00848	0.00554	0.02520	0.00654	0.03301	0.00499	0.00501	0.01068	0.06775	0.17180	0.24116	0.09039	0.03408	0.07096	0.04498	0.00168	0.00322	0.09041	0.00366	0.08045
7	0.00873	0.26966	0.40806	0.00993	0.05128	0.01097	0.02592	0.01223	0.06388	0.01138	0.00798	0.00904	0.03091	0.00405	0.00399	0.00115	0.06061	0.00299	0.00188	0.00537
8	0.00787	0.05155	0.81301	0.01089	0.01652	0.00924	0.01404	0.01225	0.00817	0.01216	0.00690	0.00811	0.00491	0.00367	0.00364	0.00121	0.00567	0.00284	0.00164	0.00570
9	0.00782	0.01866	0.74346	0.01129	0.01666	0.00890	0.08514	0.01207	0.00818	0.01213	0.00721	0.00896	0.00530	0.03248	0.00430	0.00132	0.00573	0.00311	0.00169	0.00557
10	0.00718	0.00597	0.00903	0.05481	0.05293	0.01772	0.12218	0.06265	0.03997	0.03549	0.07028	0.38547	0.06061	0.01876	0.03682	0.00161	0.00369	0.00749	0.00319	0.00416
11	0.00904	0.03033	0.03696	0.03854	0.34971	0.03388	0.12305	0.01977	0.10966	0.03903	0.01137	0.13720	0.02430	0.00522	0.00410	0.00126	0.00434	0.01431	0.00256	0.00537
12	0.00500	0.00376	0.00485	0.00530	0.00591	0.00366	0.00383	0.00594	0.00749	0.00982	0.02255	0.39917	0.20755	0.05052	0.19756	0.00268	0.00417	0.05381	0.00320	0.00324
13	0.00510	0.00382	0.00473	0.00477	0.00562	0.00345	0.00348	0.00646	0.00965	0.01305	0.46172	0.22173	0.22353	0.00934	0.00466	0.00132	0.00196	0.00821	0.00396	0.00345
14	0.02800	0.07042	0.04388	0.00876	0.01102	0.29398	0.04125	0.13347	0.13091	0.02668	0.02655	0.07522	0.03414	0.00566	0.02068	0.00127	0.03634	0.00398	0.00278	0.00500
15	0.00587	0.00397	0.00524	0.00528	0.00569	0.00421	0.00363	0.00657	0.00626	0.03487	0.01257	0.11368	0.01340	0.39401	0.36290	0.00446	0.00634	0.00556	0.00245	0.00304
16	0.00581	0.00442	0.00628	0.00617	0.00668	0.00517	0.00468	0.00689	0.00617	0.00881	0.01064	0.01758	0.01059	0.19242	0.59281	0.00525	0.07529	0.02890	0.00215	0.00331
17	0.03241	0.00648	0.00785	0.00640	0.00880	0.00623	0.00516	0.09777	0.09316	0.44864	0.01620	0.03889	0.07520	0.00537	0.00378	0.00118	0.00301	0.00436	0.13338	0.00570
18	0.04016	0.00910	0.03376	0.34862	0.15444	0.02776	0.23254	0.06206	0.03074	0.01242	0.00753	0.01003	0.00574	0.00371	0.00400	0.00125	0.00531	0.00370	0.00204	0.00508
19	0.03493	0.00993	0.01427	0.08992	0.43929	0.11243	0.09898	0.05671	0.00950	0.01270	0.00833	0.01220	0.00722	0.00422	0.00397	0.00122	0.00501	0.07159	0.00218	0.00543

[dist]
# distance from previous block
# <min> <max>
0	1

[block]
# block no. 2 follows, 70 sequences, length 35
# corresponding to MSA columns:
# 199-233
name=unknown_C
#
# <colnr> <probs for GDERKNQSTAVLIFYWHMCP>
#	G	D	E	R	K	N	Q	S	T	A	V	L	I	F	Y	W	H	M	C	P
0	0.00676	0.00434	0.00510	0.00478	0.00607	0.00395	0.00367	0.02994	0.00992	0.09156	0.30841	0.04981	0.30913	0.00799	0.00430	0.00124	0.00215	0.03449	0.11253	0.00386
1	0.00836	0.00884	0.06878	0.03344	0.10207	0.00790	0.31184	0.05580	0.07080	0.02498	0.04475	0.10055	0.10781	0.00541	0.00431	0.00128	0.00455	0.00534	0.00268	0.03050
2	0.10991	0.17921	0.05027	0.02310	0.05205	0.03401	0.08247	0.11499	0.08378	0.03540	0.12240	0.03089	0.01109	0.00482	0.00384	0.00116	0.02545	0.01874	0.00280	0.01360
3	0.00575	0.00443	0.00499	0.00510	0.00593	0.00438	0.00358	0.00799	0.13151	0.01076	0.05440	0.23438	0.24646	0.21458	0.00822	0.00197	0.00268	0.03534	0.01408	0.00348
4	0.10343	0.00645	0.00767	0.00616	0.00859	0.00621	0.00502	0.10843	0.01079	0.45895	0.03264	0.01271	0.00942	0.00467	0.00349	0.00113	0.00301	0.00368	0.20194	0.00561
5	0.12363	0.01156	0.01320	0.01144	0.07917	0.24012	0.20512	0.07389	0.07281	0.08260	0.00847	0.02371	0.00658	0.00415	0.00400	0.00119	0.02706	0.00353	0.00257	0.00519
6	0.00808	0.00669	0.00910	0.03848	0.15266	0.00756	0.00643	0.11607	0.00835	0.01158	0.03250	0.04568	0.02878	0.27761	0.05411	0.00238	0.16872	0.01861	0.00246	0.00416
7	0.00541	0.00372	0.00456	0.00496	0.00514	0.00364	0.00322	0.00584	0.00661	0.00878	0.01620	0.30147	0.01886	0.48325	0.01318	0.00281	0.00324	0.10346	0.00290	0.00276
8	0.01164	0.01346	0.03432	0.06396	0.27918	0.37344	0.05614	0.04519	0.00988	0.01135	0.00666	0.00844	0.00549	0.00397	0.00431	0.00114	0.06119	0.00309	0.00200	0.00515
9	0.00525	0.00374	0.00505	0.00591	0.00635	0.00360	0.00440	0.00626	0.00784	0.01035	0.02073	0.56327	0.02410	0.04608	0.00568	0.00173	0.00274	0.27014	0.00354	0.00325
10	0.00888	0.00761	0.00848	0.00618	0.00955	0.03021	0.00495	0.08982	0.00912	0.01370	0.00710	0.00813	0.00580	0.00308	0.00299	0.00064	0.00313	0.00242	0.00244	0.77577
11	0.01128	0.00894	0.00954	0.00813	0.01059	0.01014	0.00645	0.23641	0.58544	0.04761	0.01403	0.01304	0.01035	0.00508	0.00393	0.00127	0.00340	0.00413	0.00396	0.00627
12	0.00844	0.01441	0.38461	0.01405	0.06193	0.00925	0.39543	0.01214	0.00861	0.01225	0.00751	0.00957	0.00560	0.00435	0.03320	0.00143	0.00621	0.00375	0.00182	0.00544
13	0.00649	0.00436	0.00554	0.00506	0.00622	0.00404	0.00385	0.03497	0.01105	0.06913	0.69142	0.02797	0.09946	0.00777	0.00451	0.00122	0.00202	0.00679	0.00423	0.00391
14	0.02736	0.00724	0.01087	0.26673	0.24550	0.00779	0.00859	0.03616	0.08655	0.09201	0.10052	0.01406	0.04905	0.00473	0.00392	0.00122	0.00397	0.00417	0.02441	0.00514
15	0.03072	0.00683	0.00877	0.00692	0.00960	0.00633	0.00561	0.12514	0.01148	0.62430	0.01464	0.07495	0.01046	0.03999	0.00459	0.00133	0.00336	0.00440	0.00445	0.00613
16	0.00977	0.00839	0.00884	0.00792	0.01013	0.00970	0.00617	0.04136	0.81160	0.01643	0.01561	0.01433	0.01170	0.00524	0.00394	0.00131	0.00310	0.00436	0.00394	0.00615
17	0.05503	0.00711	0.00915	0.00704	0.01003	0.00653	0.00582	0.10809	0.01169	0.71581	0.01420	0.01247	0.00903	0.00473	0.00383	0.00120	0.00339	0.00378	0.00459	0.00649
18	0.00586	0.00414	0.00480	0.00468	0.00593	0.00362	0.00358	0.00713	0.00945	0.07282	0.22947	0.08219	0.47887	0.00919	0.00460	0.00133	0.00216	0.06272	0.00385	0.00362
19	0.01337	0.00898	0.01001	0.00798	0.01068	0.00962	0.00652	0.51225	0.08529	0.15192	0.04118	0.03639	0.04841	0.00550	0.00402	0.00122	0.00374	0.03280	0.00401	0.00610
20	0.00562	0.00382	0.00452	0.00452	0.00463	0.00392	0.00272	0.00583	0.00573	0.00774	0.01194	0.02387	0.01344	0.74019	0.14240	0.00412	0.00474	0.00542	0.00231	0.00251
21	0.00539	0.00367	0.00429	0.00450	0.00459	0.00360	0.00267	0.00558	0.00616	0.00817	0.01516	0.22879	0.03873	0.63420	0.01574	0.00316	0.00334	0.00701	0.00269	0.00257
22	0.00804	0.00756	0.01275	0.38757	0.35592	0.00832	0.03004	0.01031	0.00809	0.01096	0.00845	0.01172	0.03090	0.04002	0.05206	0.00161	0.00511	0.00375	0.00191	0.00492
23	0.00866	0.00825	0.01404	0.36647	0.50423	0.00896	0.01143	0.01108	0.00838	0.01153	0.00713	0.00990	0.00574	0.00363	0.00385	0.00121	0.00484	0.00345	0.00184	0.00538
24	0.00563	0.00378	0.00431	0.00431	0.00434	0.00380	0.00246	0.00569	0.00566	0.00758	0.01214	0.02494	0.01391	0.82816	0.05507	0.00386	0.00404	0.00557	0.00234	0.00240
25	0.00557	0.00402	0.00553	0.00553	0.00598	0.00447	0.00398	0.00648	0.00602	0.00848	0.01102	0.01876	0.01123	0.31977	0.55979	0.00537	0.00808	0.00467	0.00217	0.00307
26	0.00471	0.00342	0.00445	0.00527	0.00559	0.00316	0.00354	0.00541	0.00755	0.00995	0.02293	0.78937	0.09648	0.01194	0.00492	0.00155	0.00222	0.01077	0.00360	0.00316
27	0.00799	0.01847	0.17513	0.03643	0.01023	0.01885	0.00703	0.13979	0.04161	0.02446	0.30934	0.01992	0.08214	0.00714	0.03424	0.00143	0.02434	0.03347	0.00331	0.00469
28	0.01243	0.01526	0.02373	0.01005	0.02960	0.58996	0.01838	0.01349	0.00957	0.00951	0.00632	0.00847	0.00561	0.04293	0.03498	0.00144	0.15904	0.00291	0.00195	0.00438
29	0.01474	0.01086	0.01163	0.00892	0.01202	0.01202	0.00737	0.82664	0.01823	0.02443	0.00931	0.00931	0.00659	0.00465	0.00388	0.00116	0.00427	0.00349	0.00388	0.00659
30	0.00619	0.00429	0.00538	0.00498	0.00610	0.00400	0.00377	0.00834	0.04525	0.04415	0.66654	0.02693	0.07456	0.00749	0.00438	0.00119	0.00196	0.00655	0.05271	0.02523
31	0.00631	0.00454	0.00616	0.00690	0.00781	0.00454	0.00588	0.03600	0.00907	0.01182	0.02085	0.13497	0.04907	0.01063	0.00523	0.00172	0.00339	0.66790	0.00358	0.00362
32	0.00863	0.21016	0.48053	0.01060	0.03751	0.02165	0.08578	0.01215	0.02822	0.01164	0.02910	0.00869	0.00607	0.00380	0.00379	0.00115	0.03027	0.00302	0.00181	0.00542
33	0.00534	0.00403	0.00533	0.00537	0.00602	0.00425	0.00395	0.00637	0.00698	0.00947	0.06278	0.09679	0.16683	0.16407	0.41798	0.00414	0.01850	0.00591	0.00266	0.00323
34	0.00898	0.11266	0.05115	0.03838	0.01089	0.03340	0.00808	0.04929	0.00734	0.01926	0.02613	0.00906	0.00616	0.00670	0.04316	0.00163	0.52344	0.00327	0.00194	0.03907

[dist]
# distance from previous block
# <min> <max>
0	1

[block]
# block no. 3 follows, 70 sequences, length 29
# corresponding to MSA columns:
# 235-263
name=unknown_D
#
# <colnr> <probs for GDERKNQSTAVLIFYWHMCP>
#	G	D	E	R	K	N	Q	S	T	A	V	L	I	F	Y	W	H	M	C	P
0	0.00804	0.00689	0.00804	0.00574	0.00919	0.00517	0.00459	0.00976	0.00804	0.01263	0.00689	0.00804	0.00574	0.00287	0.00287	0.00057	0.00287	0.00230	0.00230	0.88745
1	0.02890	0.00881	0.01544	0.04788	0.61702	0.00879	0.11974	0.01144	0.00881	0.01264	0.04026	0.04659	0.00805	0.00399	0.00398	0.00120	0.00464	0.00403	0.00209	0.00569
2	0.01099	0.03876	0.12140	0.01019	0.05876	0.36922	0.02704	0.03585	0.05502	0.02041	0.00819	0.06139	0.00728	0.02509	0.05045	0.00151	0.08794	0.00355	0.00221	0.00475
3	0.00504	0.00396	0.00458	0.00461	0.00566	0.00353	0.00344	0.00645	0.02153	0.01221	0.29880	0.13040	0.43257	0.00944	0.00465	0.00133	0.00204	0.04251	0.00382	0.00344
4	0.00532	0.00382	0.00497	0.00552	0.00607	0.00364	0.00409	0.00640	0.00826	0.01098	0.14741	0.37105	0.08645	0.10549	0.00661	0.00180	0.00266	0.21266	0.00356	0.00325
5	0.00627	0.00518	0.00727	0.00695	0.00726	0.00637	0.00534	0.00713	0.00627	0.00904	0.01101	0.17108	0.01173	0.10967	0.34158	0.02803	0.24874	0.00535	0.00227	0.00346
6	0.01012	0.00838	0.00890	0.00790	0.01016	0.00961	0.00617	0.05479	0.77072	0.04396	0.01549	0.01420	0.01154	0.00522	0.00394	0.00130	0.00313	0.00433	0.00397	0.00617
7	0.00877	0.00535	0.00567	0.00516	0.00665	0.00562	0.00400	0.06295	0.19551	0.07061	0.02649	0.01534	0.04947	0.00501	0.00326	0.00106	0.00235	0.00406	0.51812	0.00455
8	0.00486	0.00371	0.00443	0.00478	0.00552	0.00333	0.00339	0.00582	0.00844	0.01089	0.14596	0.37864	0.32811	0.04381	0.00535	0.00152	0.00218	0.03238	0.00365	0.00325
9	0.00563	0.00379	0.00437	0.00437	0.00442	0.00384	0.00253	0.00573	0.00568	0.00762	0.01208	0.02464	0.01378	0.80395	0.07910	0.00394	0.00423	0.00553	0.00233	0.00243
10	0.00482	0.00342	0.00447	0.00527	0.00547	0.00322	0.00346	0.00542	0.00722	0.00963	0.02035	0.76844	0.02436	0.10668	0.00659	0.00182	0.00242	0.01042	0.00346	0.00306
11	0.01708	0.00710	0.00931	0.00713	0.01015	0.00644	0.00589	0.11365	0.01193	0.74632	0.01459	0.01274	0.00924	0.00478	0.00390	0.00120	0.00341	0.00385	0.00469	0.00660
12	0.01233	0.00566	0.00682	0.00570	0.00775	0.00541	0.00455	0.03743	0.09375	0.39345	0.01408	0.01374	0.00988	0.00472	0.00341	0.00109	0.00269	0.00382	0.36839	0.00532
13	0.00960	0.00921	0.01574	0.02380	0.83957	0.00921	0.01190	0.01190	0.00883	0.01267	0.00729	0.00960	0.00614	0.00345	0.00384	0.00115	0.00461	0.00345	0.00192	0.00614
14	0.01362	0.00921	0.01025	0.00807	0.01079	0.00989	0.00658	0.57280	0.04621	0.13543	0.09421	0.04336	0.01092	0.00530	0.00399	0.00119	0.00377	0.00421	0.00404	0.00615
15	0.00788	0.05528	0.80939	0.01087	0.01649	0.00927	0.01400	0.01225	0.00817	0.01215	0.00689	0.00810	0.00491	0.00367	0.00363	0.00121	0.00566	0.00283	0.00164	0.00570
16	0.01448	0.01848	0.01099	0.00999	0.01199	0.84819	0.00749	0.01548	0.01099	0.00949	0.00599	0.00699	0.00499	0.00400	0.00350	0.00100	0.00699	0.00250	0.00200	0.00449
17	0.00751	0.00674	0.00804	0.00743	0.00816	0.08431	0.00586	0.04312	0.00715	0.00991	0.00885	0.01305	0.00825	0.05657	0.46995	0.00416	0.20847	0.00384	0.03478	0.00383
18	0.00564	0.00376	0.00423	0.00423	0.00423	0.00376	0.00235	0.00564	0.00564	0.00752	0.01222	0.02537	0.01409	0.86375	0.01973	0.00376	0.00376	0.00564	0.00235	0.00235
19	0.00471	0.00392	0.00407	0.00412	0.00532	0.00334	0.00307	0.00570	0.00876	0.01057	0.06684	0.05939	0.72808	0.04311	0.00521	0.00142	0.00209	0.03345	0.00358	0.00326
20	0.37068	0.00954	0.00929	0.00797	0.04642	0.03456	0.00621	0.41609	0.01263	0.02034	0.00748	0.00800	0.00553	0.00411	0.00324	0.00116	0.00381	0.00287	0.00310	0.02697
21	0.00539	0.00406	0.00446	0.00429	0.00558	0.00348	0.00324	0.00659	0.00944	0.05032	0.22529	0.03423	0.61163	0.00914	0.00455	0.00128	0.00199	0.00771	0.00381	0.00352
22	0.03085	0.27448	0.27676	0.01044	0.09804	0.14740	0.00968	0.04862	0.02914	0.03132	0.00684	0.00782	0.00541	0.00370	0.00330	0.00106	0.00509	0.00270	0.00198	0.00537
23	0.01273	0.04811	0.04647	0.00943	0.04254	0.03037	0.03930	0.47714	0.17521	0.04134	0.01019	0.01025	0.00747	0.00466	0.00398	0.01280	0.00420	0.00359	0.00349	0.01675
24	0.00563	0.00379	0.00440	0.00440	0.00446	0.00385	0.00256	0.00575	0.00569	0.00764	0.01206	0.02451	0.01372	0.79272	0.09026	0.00397	0.00432	0.00551	0.00233	0.00244
25	0.01242	0.00669	0.00789	0.00643	0.00868	0.00667	0.00518	0.19780	0.06902	0.31087	0.10975	0.01520	0.03650	0.00525	0.00375	0.00114	0.00299	0.00427	0.18397	0.00552
26	0.04775	0.00980	0.06332	0.02968	0.56873	0.00928	0.05371	0.08511	0.02673	0.05687	0.00799	0.00969	0.00630	0.00368	0.00382	0.00117	0.00458	0.00347	0.00229	0.00603
27	0.01130	0.00794	0.01185	0.09729	0.36040	0.02653	0.00873	0.03327	0.03993	0.23843	0.01046	0.04667	0.00812	0.00531	0.03677	0.00137	0.00434	0.00388	0.00290	0.04449
28	0.00807	0.00519	0.00610	0.00573	0.00726	0.00501	0.00439	0.01112	0.16898	0.16379	0.08623	0.18841	0.27330	0.00837	0.00444	0.00136	0.00254	0.04134	0.00393	0.00445

[dist]
# distance from previous block
# <min> <max>
1	5

[block]
# block no. 4 follows, 70 sequences, length 40
# corresponding to MSA columns:
# 269-308
name=unknown_E
#
# <colnr> <probs for GDERKNQSTAVLIFYWHMCP>
#	G	D	E	R	K	N	Q	S	T	A	V	L	I	F	Y	W	H	M	C	P
0	0.00990	0.04687	0.09734	0.02898	0.07603	0.05215	0.04642	0.06969	0.40285	0.03931	0.05556	0.02437	0.01059	0.00483	0.00388	0.00123	0.00393	0.00407	0.00321	0.01881
1	0.00925	0.00821	0.04029	0.09093	0.17989	0.02709	0.00729	0.01200	0.07701	0.07295	0.00830	0.00946	0.00651	0.00348	0.00337	0.00090	0.00369	0.00296	0.00245	0.43396
2	0.00944	0.11043	0.45420	0.01166	0.12395	0.01961	0.02456	0.07731	0.04291	0.05494	0.00818	0.03148	0.00630	0.00403	0.00365	0.00118	0.00499	0.00326	0.00217	0.00574
3	0.04340	0.18729	0.04525	0.00813	0.01103	0.03333	0.01770	0.32855	0.03671	0.15922	0.00957	0.01927	0.01628	0.00460	0.00416	0.00115	0.06197	0.00334	0.00321	0.00582
4	0.00474	0.00391	0.00416	0.00415	0.00535	0.00333	0.00310	0.00585	0.00913	0.01130	0.17227	0.07395	0.66613	0.00961	0.00460	0.00131	0.00195	0.00812	0.00371	0.00333
5	0.00472	0.00338	0.00449	0.00537	0.00562	0.00315	0.00359	0.00540	0.00745	0.00991	0.02172	0.84520	0.04144	0.01210	0.00494	0.00157	0.00224	0.01097	0.00360	0.00315
6	0.04918	0.15166	0.10342	0.05430	0.34030	0.03413	0.09660	0.08925	0.00944	0.01311	0.00725	0.00927	0.00591	0.00370	0.00363	0.00114	0.00483	0.01521	0.00208	0.00560
7	0.03932	0.00525	0.00622	0.00634	0.00688	0.05850	0.00468	0.00716	0.00698	0.00967	0.01408	0.36589	0.01563	0.06411	0.28674	0.00321	0.08637	0.00684	0.00270	0.00344
8	0.00778	0.02005	0.84367	0.01105	0.01678	0.00900	0.01432	0.01228	0.00818	0.01228	0.00696	0.00818	0.00491	0.00368	0.00368	0.00123	0.00573	0.00286	0.00164	0.00573
9	0.00562	0.00385	0.00467	0.00467	0.00483	0.00400	0.00290	0.00592	0.00577	0.00785	0.01181	0.02312	0.01312	0.67890	0.20325	0.00431	0.00523	0.00531	0.00229	0.00260
10	0.00804	0.06634	0.04926	0.02809	0.20414	0.02689	0.05664	0.02019	0.08129	0.02572	0.07952	0.09724	0.13647	0.00594	0.00402	0.00120	0.00364	0.02600	0.00281	0.07656
11	0.00488	0.00376	0.00446	0.00467	0.00552	0.00334	0.00336	0.00600	0.00898	0.01171	0.25741	0.30082	0.35107	0.01004	0.00470	0.00137	0.00202	0.00877	0.00379	0.00334
12	0.00553	0.00382	0.00498	0.00565	0.00615	0.00364	0.00396	0.00681	0.04584	0.04089	0.03119	0.70175	0.04569	0.01135	0.00488	0.00155	0.00241	0.06681	0.00366	0.00345
13	0.00858	0.03250	0.42013	0.01313	0.03912	0.02428	0.33117	0.01267	0.04667	0.01238	0.00785	0.01970	0.00590	0.00369	0.00404	0.00125	0.00584	0.00370	0.00191	0.00549
14	0.04475	0.01007	0.01078	0.00842	0.01136	0.02460	0.00691	0.61686	0.07919	0.11629	0.02497	0.01035	0.00776	0.00473	0.00384	0.00118	0.00402	0.00360	0.00391	0.00639
15	0.00488	0.00348	0.00467	0.00557	0.00586	0.00328	0.00386	0.00566	0.00757	0.01007	0.02128	0.77975	0.02531	0.01200	0.00499	0.00160	0.00238	0.09099	0.00360	0.00319
16	0.00985	0.00965	0.01493	0.05545	0.47700	0.06716	0.11653	0.07424	0.00945	0.01291	0.00798	0.04683	0.00687	0.00417	0.00447	0.00122	0.05544	0.00387	0.01641	0.00558
17	0.00564	0.00376	0.00423	0.00423	0.00423	0.00376	0.00235	0.00564	0.00564	0.00752	0.01222	0.02537	0.01409	0.86375	0.01973	0.00376	0.00376	0.00564	0.00235	0.00235
18	0.01136	0.00887	0.00947	0.00803	0.01049	0.01002	0.00639	0.25748	0.53857	0.04956	0.01377	0.01290	0.01015	0.00504	0.00389	0.00125	0.00339	0.00408	0.02905	0.00622
19	0.00472	0.00337	0.00450	0.00540	0.00562	0.00315	0.00360	0.00540	0.00742	0.00990	0.02137	0.86122	0.02564	0.01215	0.00495	0.00157	0.00225	0.01102	0.00360	0.00315
20	0.00649	0.00459	0.00614	0.00651	0.00735	0.00455	0.02105	0.04360	0.04732	0.04014	0.01945	0.41691	0.02159	0.04315	0.00552	0.00168	0.00302	0.29364	0.00358	0.00372
21	0.03970	0.00815	0.00676	0.00619	0.00762	0.22648	0.00470	0.02151	0.02364	0.06469	0.32639	0.02678	0.03290	0.00585	0.00378	0.00110	0.00337	0.00475	0.18152	0.00414
22	0.00837	0.00841	0.01265	0.06334	0.01200	0.01124	0.08153	0.00956	0.00635	0.00963	0.00563	0.00901	0.00532	0.00706	0.04031	0.00179	0.69823	0.00353	0.00173	0.00431
23	0.00893	0.00887	0.01184	0.01012	0.01031	0.03562	0.00840	0.04528	0.00662	0.01000	0.00530	0.00848	0.00515	0.00661	0.01207	0.00165	0.79523	0.00337	0.00180	0.00435
24	0.03423	0.00676	0.00799	0.00584	0.00910	0.00528	0.00469	0.01091	0.00851	0.12156	0.03915	0.00945	0.00736	0.00333	0.00306	0.00070	0.00289	0.00268	0.00270	0.71379
25	0.00561	0.00407	0.00532	0.00531	0.00580	0.00439	0.00375	0.00660	0.02307	0.00868	0.01334	0.02123	0.06793	0.36517	0.42612	0.00473	0.00688	0.01659	0.00235	0.00305
26	0.00914	0.00922	0.01373	0.35221	0.35274	0.09108	0.05623	0.01186	0.04468	0.01140	0.00741	0.00990	0.00588	0.00374	0.00387	0.00121	0.00510	0.00346	0.00194	0.00520
27	0.01062	0.00709	0.00850	0.00622	0.00954	0.00575	0.00503	0.06718	0.00942	0.20194	0.00896	0.00930	0.00668	0.00343	0.00317	0.00076	0.00306	0.00274	0.00297	0.62763
28	0.00480	0.00345	0.00457	0.00542	0.00572	0.00322	0.00370	0.00556	0.00761	0.01010	0.03656	0.77843	0.05545	0.01192	0.00495	0.00157	0.00229	0.04789	0.00361	0.00318
29	0.00702	0.00633	0.00907	0.00822	0.00856	0.00839	0.00668	0.00814	0.00608	0.00917	0.00772	0.01183	0.00737	0.01785	0.42755	0.00395	0.43656	0.00377	0.00189	0.00385
30	0.89114	0.00750	0.00570	0.00510	0.00750	0.00870	0.00420	0.01140	0.00660	0.01739	0.00540	0.00630	0.00420	0.00360	0.00240	0.00120	0.00300	0.00210	0.00240	0.00420
31	0.00563	0.00377	0.00430	0.00430	0.00433	0.00380	0.00244	0.00568	0.00566	0.00757	0.01215	0.02500	0.01393	0.83317	0.05009	0.00385	0.00400	0.00558	0.00234	0.00239
32	0.00562	0.00385	0.00467	0.00467	0.00482	0.00400	0.00290	0.00592	0.00577	0.00784	0.01181	0.02313	0.01312	0.67977	0.20239	0.00430	0.00522	0.00531	0.00229	0.00259
33	0.00478	0.00340	0.00452	0.00536	0.00558	0.00321	0.00357	0.00544	0.00732	0.00977	0.02076	0.80880	0.02484	0.05050	0.02064	0.00176	0.00246	0.01066	0.00352	0.00312
34	0.01036	0.86609	0.02032	0.00663	0.00995	0.01534	0.00663	0.01161	0.00788	0.00912	0.00539	0.00622	0.00498	0.00332	0.00249	0.00083	0.00415	0.00207	0.00166	0.00498
35	0.00501	0.00397	0.00423	0.00428	0.00527	0.00353	0.00306	0.01699	0.00830	0.01018	0.04557	0.08966	0.57181	0.17424	0.00754	0.00181	0.00241	0.03561	0.00337	0.00315
36	0.00915	0.01046	0.02288	0.01634	0.02026	0.00980	0.82549	0.01242	0.00915	0.01242	0.00784	0.01046	0.00588	0.00327	0.00458	0.00131	0.00654	0.00458	0.00196	0.00523
37	0.01219	0.04624	0.03463	0.00913	0.04776	0.14094	0.06322	0.12287	0.10145	0.21045	0.07955	0.03774	0.01058	0.00586	0.03488	0.00138	0.02827	0.00406	0.00333	0.00548
38	0.00622	0.00520	0.03946	0.00546	0.00680	0.00461	0.00438	0.04393	0.06256	0.02702	0.44829	0.08043	0.18572	0.00904	0.04345	0.00150	0.00266	0.01544	0.00385	0.00396
39	0.00486	0.00348	0.00454	0.00534	0.00563	0.00327	0.00362	0.00556	0.00744	0.00984	0.02148	0.71941	0.06213	0.07397	0.00603	0.00173	0.00242	0.05262	0.00351	0.00312

[dist]
# distance from previous block
# <min> <max>
5	15

[block]
# block no. 5 follows, 70 sequences, length 15
# corresponding to MSA columns:
# 324-338
name=unknown_F
#
# <colnr> <probs for GDERKNQSTAVLIFYWHMCP>
#	G	D	E	R	K	N	Q	S	T	A	V	L	I	F	Y	W	H	M	C	P
0	0.00747	0.00793	0.08734	0.14085	0.05557	0.00758	0.11504	0.01135	0.15822	0.01161	0.03286	0.04488	0.00951	0.01220	0.26281	0.00281	0.02058	0.00431	0.00241	0.00467
1	0.00521	0.00379	0.00486	0.00549	0.00606	0.00358	0.00406	0.00619	0.00798	0.01040	0.05216	0.41759	0.14723	0.09224	0.00639	0.00178	0.00267	0.21560	0.00350	0.00322
2	0.64542	0.00952	0.08624	0.00630	0.00907	0.06480	0.00564	0.05159	0.00792	0.07418	0.00646	0.00715	0.00481	0.00377	0.00277	0.00119	0.00361	0.00239	0.00254	0.00465
3	0.02813	0.01068	0.05646	0.05849	0.14196	0.10773	0.18134	0.11169	0.15823	0.05314	0.02333	0.02534	0.00787	0.00431	0.00407	0.00123	0.01383	0.00390	0.00272	0.00556
4	0.02004	0.05203	0.00627	0.00551	0.00668	0.03538	0.00419	0.03028	0.01837	0.06561	0.20625	0.29089	0.16135	0.00884	0.00442	0.00133	0.00258	0.04675	0.02940	0.00383
5	0.00586	0.00466	0.00684	0.00668	0.00725	0.00564	0.00523	0.00712	0.00628	0.00911	0.01054	0.08004	0.01033	0.02483	0.67310	0.00527	0.12094	0.00459	0.00215	0.00354
6	0.01098	0.47210	0.07837	0.00776	0.01093	0.07636	0.00730	0.12902	0.14905	0.01276	0.00787	0.00826	0.00636	0.00391	0.00310	0.00100	0.00431	0.00276	0.00238	0.00542
7	0.06381	0.02566	0.02313	0.12788	0.19422	0.17648	0.11091	0.07855	0.01952	0.07667	0.00801	0.02879	0.00637	0.00416	0.00415	0.00120	0.03938	0.00351	0.00237	0.00523
8	0.06598	0.00634	0.00780	0.00625	0.00874	0.00597	0.00509	0.06361	0.04597	0.53461	0.01382	0.01289	0.00927	0.00468	0.00356	0.00114	0.00301	0.00373	0.19173	0.00580
9	0.00884	0.00835	0.01369	0.30130	0.48766	0.00905	0.01097	0.01206	0.08678	0.01208	0.00796	0.01031	0.00636	0.00377	0.00386	0.00121	0.00465	0.00354	0.00205	0.00552
10	0.05949	0.10617	0.10517	0.08156	0.34382	0.06707	0.02078	0.04879	0.02759	0.01236	0.00690	0.00876	0.00566	0.00395	0.00443	0.00119	0.08578	0.00313	0.00199	0.00543
11	0.00675	0.00507	0.00726	0.14780	0.09491	0.00531	0.00556	0.03062	0.02269	0.01953	0.05041	0.14099	0.09462	0.14665	0.03896	0.16751	0.00375	0.00557	0.00256	0.00348
12	0.00647	0.00413	0.00498	0.00491	0.00606	0.00363	0.00362	0.00759	0.00912	0.12052	0.17713	0.26623	0.35216	0.00947	0.00459	0.00135	0.00220	0.00821	0.00388	0.00375
13	0.01145	0.09309	0.01110	0.00912	0.04195	0.29047	0.02559	0.13378	0.18739	0.01356	0.02658	0.05352	0.02397	0.00526	0.00382	0.00117	0.00475	0.05543	0.00290	0.00512
14	0.01994	0.25817	0.38070	0.05125	0.08020	0.05808	0.03510	0.01195	0.00830	0.02134	0.00710	0.03836	0.00586	0.00389	0.00341	0.00111	0.00507	0.00304	0.00182	0.00529

[dist]
# distance from previous block
# <min> <max>
0	1

[block]
# block no. 6 follows, 70 sequences, length 40
# corresponding to MSA columns:
# 340-379
name=unknown_G
#
# <colnr> <probs for GDERKNQSTAVLIFYWHMCP>
#	G	D	E	R	K	N	Q	S	T	A	V	L	I	F	Y	W	H	M	C	P
0	0.05407	0.00735	0.00891	0.00711	0.00970	0.00729	0.00575	0.20756	0.05599	0.45256	0.03030	0.03761	0.01001	0.04721	0.03905	0.00154	0.00375	0.00411	0.00415	0.00597
1	0.00508	0.00371	0.00479	0.00545	0.00592	0.00352	0.00385	0.01876	0.00784	0.01034	0.03911	0.60813	0.10973	0.03750	0.04364	0.00183	0.00277	0.08126	0.00351	0.00325
2	0.00501	0.00357	0.00445	0.00499	0.00530	0.00337	0.00329	0.00562	0.00730	0.00966	0.05979	0.52042	0.09494	0.22539	0.00862	0.00209	0.00261	0.02726	0.00332	0.00299
3	0.01221	0.00956	0.01019	0.00837	0.01100	0.01076	0.00673	0.43930	0.39291	0.02047	0.02880	0.01207	0.00960	0.00500	0.00392	0.00123	0.00367	0.00397	0.00392	0.00632
4	0.01026	0.83345	0.05208	0.00680	0.01021	0.01510	0.00693	0.01163	0.00789	0.00924	0.00545	0.00629	0.00497	0.00333	0.00253	0.00084	0.00421	0.00210	0.00166	0.00500
5	0.01150	0.00545	0.00714	0.00596	0.00798	0.00491	0.00473	0.01351	0.04785	0.42422	0.33212	0.03453	0.07045	0.00644	0.00422	0.00123	0.00263	0.00549	0.00446	0.00519
6	0.03486	0.00678	0.03664	0.00672	0.00876	0.03068	0.04675	0.08578	0.01955	0.17862	0.30454	0.05758	0.07749	0.00634	0.00431	0.00120	0.01999	0.00540	0.01791	0.05010
7	0.00560	0.00392	0.00507	0.00507	0.00536	0.00422	0.00340	0.00618	0.00589	0.00814	0.01144	0.02110	0.01224	0.51246	0.36849	0.00480	0.00655	0.00501	0.00223	0.00282
8	0.00562	0.00446	0.00604	0.00619	0.00647	0.00489	0.01683	0.00631	0.00695	0.00948	0.01710	0.49970	0.04368	0.14767	0.04085	0.00211	0.14441	0.02498	0.00300	0.00326
9	0.00559	0.00393	0.00511	0.00511	0.00541	0.00424	0.00345	0.00620	0.00590	0.00817	0.01141	0.02092	0.01216	0.49715	0.38369	0.00484	0.00667	0.00499	0.00223	0.00284
10	0.01064	0.00865	0.00921	0.00799	0.01036	0.00983	0.00629	0.14540	0.67051	0.04177	0.01464	0.01354	0.01087	0.00512	0.00392	0.00128	0.00326	0.00420	0.00394	0.01859
11	0.00804	0.00689	0.00804	0.00574	0.00919	0.00517	0.00459	0.00976	0.00804	0.01263	0.00689	0.00804	0.00574	0.00287	0.00287	0.00057	0.00287	0.00230	0.00230	0.88745
12	0.00834	0.00707	0.00820	0.00588	0.00931	0.00547	0.00472	0.04631	0.00849	0.01316	0.00700	0.00810	0.00578	0.00295	0.00292	0.00060	0.00293	0.00235	0.00237	0.84804
13	0.00909	0.01028	0.02187	0.01577	0.01934	0.00999	0.75048	0.01213	0.00886	0.01213	0.00759	0.01028	0.00581	0.00359	0.00532	0.00134	0.08459	0.00447	0.00194	0.00514
14	0.00461	0.00393	0.00397	0.00396	0.00526	0.00329	0.00297	0.00563	0.00891	0.01065	0.06732	0.03702	0.80984	0.00975	0.00458	0.00131	0.00196	0.00814	0.00362	0.00329
15	0.01427	0.00749	0.00905	0.00738	0.01008	0.00755	0.00595	0.06158	0.32773	0.48169	0.01517	0.01348	0.01030	0.00497	0.00392	0.00124	0.00326	0.00406	0.00442	0.00642
16	0.00472	0.00337	0.00450	0.00540	0.00562	0.00315	0.00360	0.00540	0.00742	0.00990	0.02137	0.86122	0.02564	0.01215	0.00495	0.00157	0.00225	0.01102	0.00360	0.00315
17	0.04329	0.00694	0.00909	0.00699	0.00998	0.00626	0.00578	0.07875	0.01149	0.75679	0.01455	0.01270	0.00921	0.00475	0.00385	0.00120	0.00336	0.00381	0.00466	0.00653
18	0.03001	0.00574	0.00712	0.00587	0.00805	0.00531	0.00473	0.05107	0.03162	0.43989	0.09264	0.01718	0.08643	0.00554	0.00377	0.00116	0.00278	0.01492	0.18083	0.00533
19	0.00560	0.00377	0.00508	0.00575	0.00623	0.00362	0.00418	0.00648	0.00767	0.03926	0.01994	0.55442	0.03429	0.05677	0.04373	0.02183	0.00302	0.17161	0.00346	0.00330
20	0.00671	0.00458	0.00648	0.03608	0.04444	0.00477	0.00501	0.04234	0.00762	0.05212	0.01445	0.27059	0.02537	0.03713	0.25973	0.09985	0.00530	0.07102	0.00283	0.00359
21	0.00780	0.16782	0.12401	0.01765	0.05059	0.00738	0.03609	0.00988	0.03184	0.06255	0.01739	0.14301	0.16148	0.00701	0.00406	0.00128	0.00358	0.11316	0.02894	0.00447
22	0.00886	0.02080	0.30388	0.00776	0.01094	0.00700	0.00810	0.07443	0.07373	0.11761	0.15901	0.05385	0.07930	0.00568	0.00396	0.00122	0.00373	0.00471	0.05026	0.00514
23	0.01119	0.69520	0.01843	0.00731	0.01036	0.18325	0.00681	0.01239	0.00850	0.00920	0.00551	0.00637	0.00498	0.00345	0.00269	0.00086	0.00472	0.00216	0.00173	0.00488
24	0.00911	0.07975	0.40504	0.05672	0.18034	0.05737	0.02396	0.06069	0.00903	0.01255	0.00717	0.01875	0.00559	0.00375	0.00362	0.00114	0.00515	0.00306	0.00192	0.05530
25	0.03371	0.02665	0.16432	0.15887	0.03941	0.00774	0.10964	0.03359	0.03271	0.23665	0.08852	0.02319	0.00987	0.00452	0.00394	0.00123	0.00438	0.00399	0.00298	0.01409
26	0.00510	0.00366	0.00455	0.00501	0.00566	0.00331	0.00350	0.00601	0.00829	0.03150	0.12501	0.53577	0.22667	0.01088	0.00479	0.00146	0.00215	0.00966	0.00371	0.00333
27	0.00799	0.00620	0.00686	0.00636	0.00805	0.00661	0.00498	0.02461	0.39045	0.04797	0.15115	0.02349	0.17263	0.00695	0.00422	0.00131	0.00267	0.07497	0.04765	0.00488
28	0.00845	0.15461	0.20000	0.00873	0.05202	0.02041	0.00811	0.05681	0.15859	0.01272	0.01373	0.07660	0.06053	0.00614	0.00398	0.00129	0.00402	0.14545	0.00279	0.00502
29	0.00886	0.03373	0.01335	0.40948	0.31132	0.02397	0.03454	0.04742	0.00877	0.02972	0.00780	0.03981	0.00640	0.00404	0.00387	0.00123	0.00483	0.00370	0.00203	0.00512
30	0.00554	0.00415	0.00623	0.00623	0.00692	0.00485	0.00485	0.00692	0.00623	0.00900	0.01038	0.01523	0.00969	0.02908	0.84839	0.00623	0.01038	0.00415	0.00208	0.00346
31	0.00481	0.00343	0.00460	0.00550	0.00576	0.00322	0.00375	0.00555	0.00751	0.00999	0.02132	0.81549	0.02545	0.01207	0.00497	0.00159	0.00232	0.05591	0.00360	0.00317
32	0.03591	0.02306	0.28930	0.07978	0.24727	0.02257	0.08240	0.06904	0.00931	0.06328	0.00818	0.01045	0.00634	0.00397	0.00385	0.00122	0.00504	0.03118	0.00219	0.00565
33	0.00669	0.00581	0.00902	0.21798	0.16575	0.00614	0.02500	0.00879	0.04106	0.01142	0.10215	0.26943	0.06580	0.00739	0.00439	0.00137	0.00352	0.04120	0.00287	0.00423
34	0.00946	0.00906	0.01544	0.04757	0.80233	0.00910	0.01173	0.01176	0.00883	0.01263	0.02090	0.00993	0.00661	0.00354	0.00385	0.00116	0.00458	0.00351	0.00195	0.00605
35	0.00565	0.00380	0.00440	0.00446	0.00453	0.00382	0.00265	0.00580	0.00586	0.00781	0.01276	0.03848	0.01460	0.78241	0.04080	0.00368	0.00390	0.04971	0.00243	0.00246
36	0.19275	0.00846	0.06218	0.02614	0.04356	0.07065	0.00616	0.11227	0.03159	0.04189	0.01135	0.23366	0.01124	0.00631	0.00413	0.00127	0.03968	0.02009	0.00289	0.07373
37	0.14726	0.07297	0.03860	0.01137	0.20398	0.07936	0.05546	0.07916	0.02558	0.03418	0.04490	0.07240	0.03396	0.02939	0.01785	0.00133	0.02391	0.00403	0.00254	0.02178
38	0.02028	0.09768	0.11394	0.04299	0.16245	0.13055	0.08264	0.03453	0.05128	0.01185	0.04399	0.04911	0.01821	0.05614	0.00484	0.00129	0.01959	0.00385	0.00227	0.05251
39	0.01870	0.13884	0.14858	0.08649	0.10491	0.05792	0.04101	0.07959	0.02915	0.05412	0.02796	0.04001	0.03096	0.00441	0.00394	0.00112	0.03695	0.00354	0.00237	0.08941

[dist]
# distance from previous block
# <min> <max>
0	114

[block]
# block no. 7 follows, 70 sequences, length 18
# corresponding to MSA columns:
# 502-519
name=unknown_H
#
# <colnr> <probs for GDERKNQSTAVLIFYWHMCP>
#	G	D	E	R	K	N	Q	S	T	A	V	L	I	F	Y	W	H	M	C	P
0	0.00981	0.08071	0.04165	0.01010	0.02433	0.15522	0.17372	0.06192	0.04575	0.03087	0.01072	0.07463	0.05208	0.00596	0.02122	0.00138	0.13405	0.04042	0.00245	0.02301
1	0.03467	0.00475	0.00681	0.00648	0.00732	0.00507	0.04771	0.02785	0.00719	0.04929	0.01356	0.26405	0.01429	0.12028	0.33841	0.00362	0.03608	0.00625	0.00272	0.00361
2	0.01046	0.21920	0.26110	0.02785	0.04157	0.08953	0.05667	0.10379	0.06049	0.05189	0.00827	0.00905	0.01946	0.00394	0.00349	0.00110	0.00491	0.00306	0.00229	0.02189
3	0.00860	0.02858	0.02304	0.07566	0.37967	0.00828	0.05630	0.03257	0.13583	0.01290	0.05348	0.10446	0.02217	0.02470	0.00442	0.00131	0.00405	0.01605	0.00262	0.00532
4	0.00493	0.00363	0.00466	0.00541	0.00585	0.00342	0.00375	0.00599	0.03049	0.01023	0.02305	0.70361	0.11051	0.01163	0.00491	0.00155	0.00232	0.05718	0.00361	0.00327
