[name]
unknown

[dist]
# distance from previous block
# <min> <max>
0	41

[block]
# block no. 0 follows, 66 sequences, length 19
# corresponding to MSA columns:
# 59-77
name=unknown_A
#
# <colnr> <probs for GDERKNQSTAVLIFYWHMCP>
#	G	D	E	R	K	N	Q	S	T	A	V	L	I	F	Y	W	H	M	C	P
0	0.02715	0.00861	0.05524	0.00682	0.01033	0.03124	0.00576	0.03427	0.09109	0.05672	0.00862	0.00935	0.00678	0.00351	0.00326	0.00079	0.00339	0.00278	0.00271	0.63157
1	0.00846	0.07278	0.35037	0.07734	0.03601	0.00926	0.20938	0.02965	0.00935	0.01312	0.11221	0.03454	0.01027	0.00455	0.00417	0.00129	0.00537	0.00423	0.00227	0.00538
2	0.00533	0.00413	0.00485	0.00467	0.00581	0.00365	0.00350	0.00685	0.01051	0.01395	0.48478	0.03413	0.38492	0.00916	0.00479	0.00132	0.00198	0.00787	0.00416	0.00365
3	0.00667	0.00569	0.00620	0.00612	0.02831	0.00576	0.00448	0.01086	0.25096	0.01311	0.09145	0.05296	0.45360	0.02410	0.00503	0.00142	0.01793	0.00711	0.00382	0.00442
4	0.00977	0.09118	0.42142	0.01137	0.06086	0.07111	0.06671	0.03279	0.11513	0.04035	0.03519	0.01029	0.00750	0.00422	0.00388	0.00124	0.00533	0.00345	0.00235	0.00586
5	0.01516	0.01934	0.01150	0.01045	0.01254	0.84113	0.00784	0.01620	0.01150	0.00993	0.00627	0.00732	0.00523	0.00418	0.00366	0.00105	0.00732	0.00261	0.00209	0.00470
6	0.05687	0.04290	0.06340	0.02086	0.03649	0.04209	0.01984	0.03903	0.00943	0.16001	0.00871	0.00934	0.00656	0.00363	0.00335	0.00089	0.00373	0.00287	0.00282	0.46719
7	0.01085	0.85986	0.02126	0.00694	0.01041	0.01605	0.00694	0.01215	0.00824	0.00955	0.00564	0.00651	0.00521	0.00347	0.00260	0.00087	0.00434	0.00217	0.00174	0.00521
8	0.88607	0.00785	0.00596	0.00534	0.00785	0.00910	0.00439	0.01193	0.00690	0.01820	0.00565	0.00659	0.00439	0.00377	0.00251	0.00126	0.00314	0.00220	0.00251	0.00439
9	0.01142	0.00938	0.00992	0.00853	0.01106	0.01071	0.00674	0.22085	0.62331	0.01912	0.01482	0.01379	0.01101	0.00535	0.00411	0.00134	0.00352	0.00435	0.00411	0.00654
10	0.00991	0.00950	0.01623	0.07117	0.78689	0.00960	0.01238	0.01233	0.00917	0.01309	0.00761	0.01008	0.00637	0.00364	0.00402	0.00121	0.00485	0.00361	0.00200	0.00632
11	0.01076	0.00905	0.00992	0.00860	0.01103	0.01030	0.02886	0.14125	0.66061	0.01800	0.01541	0.03488	0.01174	0.00553	0.00416	0.00136	0.00348	0.00462	0.00405	0.00639
12	0.00535	0.00413	0.00488	0.00469	0.00582	0.00366	0.00352	0.00690	0.01056	0.01408	0.50414	0.03392	0.36547	0.00911	0.00479	0.00131	0.00197	0.00784	0.00418	0.00366
13	0.00513	0.00412	0.00457	0.00446	0.00568	0.00357	0.00334	0.00646	0.01003	0.01282	0.31713	0.03599	0.55328	0.00958	0.00479	0.00134	0.00201	0.00813	0.00401	0.00357
14	0.01348	0.01059	0.01123	0.03949	0.01251	0.03265	0.00744	0.52158	0.26850	0.02195	0.01166	0.01139	0.00851	0.00502	0.00407	0.00127	0.00418	0.00391	0.00395	0.00661
15	0.00592	0.00436	0.00607	0.00602	0.00650	0.00496	0.00440	0.00692	0.00632	0.00896	0.01127	0.01892	0.01138	0.27909	0.56819	0.00559	0.03478	0.00479	0.00225	0.00330
16	0.00876	0.00830	0.01378	0.45431	0.34843	0.00943	0.01146	0.01163	0.04127	0.01177	0.00768	0.01061	0.00609	0.00405	0.00438	0.00131	0.03578	0.00365	0.00198	0.00535
17	0.00640	0.00571	0.02940	0.06519	0.02713	0.00542	0.01675	0.00949	0.13712	0.01265	0.12684	0.14596	0.29972	0.00914	0.01713	0.00151	0.00300	0.07361	0.00363	0.00420
18	0.03020	0.12280	0.29136	0.01102	0.03536	0.37463	0.05442	0.01421	0.00985	0.01129	0.00666	0.00789	0.00526	0.00392	0.00364	0.00113	0.00633	0.00282	0.00192	0.00528

[dist]
# distance from previous block
# <min> <max>
0	2

[block]
# block no. 1 follows, 66 sequences, length 38
# corresponding to MSA columns:
# 80-117
name=unknown_B
#
# <colnr> <probs for GDERKNQSTAVLIFYWHMCP>
#	G	D	E	R	K	N	Q	S	T	A	V	L	I	F	Y	W	H	M	C	P
0	0.05061	0.24356	0.04270	0.01101	0.10192	0.25103	0.08461	0.02645	0.05140	0.03936	0.00826	0.05644	0.00718	0.00441	0.00360	0.00112	0.00529	0.00348	0.00232	0.00525
1	0.81609	0.00855	0.00673	0.00592	0.00845	0.05420	0.02574	0.01219	0.00722	0.01762	0.00575	0.00674	0.00448	0.00378	0.00263	0.00125	0.00346	0.00229	0.00248	0.00444
2	0.00960	0.01083	0.08779	0.02073	0.48628	0.00963	0.26130	0.01250	0.00936	0.01324	0.03382	0.01084	0.00724	0.00372	0.00427	0.00126	0.00545	0.00404	0.00207	0.00601
3	0.01004	0.00958	0.01602	0.02389	0.78219	0.00967	0.01208	0.01300	0.05879	0.01348	0.00817	0.01035	0.00679	0.00373	0.00402	0.00122	0.00472	0.00367	0.00214	0.00643
4	0.00559	0.00415	0.00547	0.00541	0.00622	0.00414	0.00401	0.00701	0.00894	0.01236	0.35058	0.08313	0.12875	0.08265	0.26973	0.00318	0.00494	0.00673	0.00345	0.00357
5	0.00968	0.00927	0.01582	0.14947	0.71036	0.00954	0.01227	0.01214	0.00907	0.01282	0.00757	0.01016	0.00627	0.00368	0.00402	0.00123	0.00491	0.00361	0.00198	0.00614
6	0.00581	0.00446	0.00549	0.05831	0.00738	0.00417	0.00412	0.00735	0.01017	0.03400	0.39336	0.04619	0.37307	0.00885	0.00487	0.00133	0.01579	0.00755	0.00396	0.00378
7	0.01009	0.00847	0.00892	0.00788	0.01018	0.00958	0.00617	0.11541	0.62856	0.01727	0.01870	0.01740	0.11144	0.00601	0.00420	0.00136	0.00322	0.00496	0.00408	0.00611
8	0.00929	0.01034	0.02208	0.04368	0.05363	0.00979	0.70659	0.01255	0.00964	0.01313	0.06032	0.01213	0.00818	0.00376	0.00473	0.00135	0.00640	0.00486	0.00220	0.00538
9	0.00961	0.00915	0.01505	0.11933	0.62431	0.00964	0.01156	0.01251	0.06070	0.01291	0.00861	0.01090	0.02119	0.00410	0.00457	0.00127	0.05265	0.00376	0.00214	0.00603
10	0.00517	0.00412	0.00463	0.00450	0.00571	0.00358	0.00338	0.00655	0.01013	0.01306	0.35326	0.03559	0.51699	0.00949	0.00479	0.00133	0.00200	0.00808	0.00404	0.00358
11	0.00924	0.00882	0.01501	0.30349	0.55981	0.00943	0.01205	0.01175	0.00886	0.01228	0.00749	0.01030	0.00608	0.00376	0.00403	0.00125	0.00502	0.00361	0.00194	0.00578
12	0.00836	0.06008	0.61852	0.01035	0.01522	0.06180	0.01248	0.01235	0.02923	0.01232	0.01032	0.06834	0.05360	0.00487	0.00393	0.00128	0.00545	0.00387	0.00206	0.00555
13	0.00624	0.00524	0.00706	0.00689	0.05400	0.00493	0.05590	0.00873	0.07587	0.01406	0.38589	0.02981	0.31339	0.00820	0.00469	0.00132	0.00255	0.00718	0.00390	0.00415
14	0.00946	0.00862	0.01326	0.04248	0.52117	0.00885	0.00991	0.06336	0.08661	0.01426	0.07709	0.01486	0.08763	0.00495	0.00433	0.00126	0.01885	0.00447	0.00269	0.00587
15	0.00601	0.00423	0.00537	0.00503	0.00612	0.00384	0.00379	0.00779	0.01117	0.04215	0.69230	0.03100	0.14902	0.00847	0.00476	0.00129	0.00198	0.00740	0.00439	0.00387
16	0.00939	0.00866	0.01254	0.03508	0.20327	0.00919	0.12440	0.02980	0.37859	0.01487	0.03627	0.04177	0.06713	0.00534	0.00429	0.00134	0.00405	0.00491	0.00325	0.00587
17	0.00825	0.02029	0.78951	0.01138	0.01716	0.00946	0.01450	0.01334	0.05483	0.01308	0.00780	0.00894	0.00555	0.00395	0.00387	0.00129	0.00584	0.00309	0.00185	0.00602
18	0.01004	0.00985	0.04869	0.14577	0.53602	0.00987	0.02683	0.08151	0.05102	0.01398	0.00815	0.01033	0.00654	0.00395	0.00421	0.00125	0.01998	0.00366	0.00224	0.00611
19	0.00574	0.00415	0.00542	0.00510	0.00606	0.00383	0.00383	0.00766	0.01148	0.01627	0.82997	0.03031	0.03828	0.00829	0.00479	0.00128	0.00191	0.00734	0.00447	0.00383
20	0.01098	0.07372	0.01173	0.00955	0.01077	0.31574	0.00764	0.02501	0.00891	0.01045	0.04119	0.06320	0.02133	0.00611	0.00765	0.00138	0.34750	0.00383	0.00221	0.02113
21	0.01004	0.00909	0.01203	0.06902	0.31095	0.06066	0.00841	0.05749	0.00958	0.03492	0.00768	0.00931	0.00623	0.00353	0.00357	0.00095	0.00419	0.00305	0.00236	0.37694
22	0.05600	0.02252	0.03280	0.00749	0.00985	0.04973	0.00610	0.26471	0.02572	0.20456	0.02922	0.19270	0.01252	0.00651	0.00411	0.00129	0.00367	0.00537	0.05954	0.00557
23	0.00547	0.00414	0.00505	0.00482	0.00590	0.00371	0.00362	0.00713	0.01085	0.01476	0.60505	0.03280	0.26415	0.00886	0.00479	0.00130	0.00195	0.00769	0.00427	0.00371
24	0.01820	0.00690	0.00942	0.00722	0.01036	0.00596	0.00596	0.01977	0.01161	0.83492	0.01601	0.01381	0.01004	0.00502	0.00408	0.00126	0.00345	0.00408	0.00502	0.00690
25	0.01051	0.05354	0.23585	0.03601	0.06454	0.00835	0.13103	0.05805	0.01002	0.17500	0.03463	0.06361	0.03555	0.00539	0.00426	0.00133	0.00476	0.05897	0.00297	0.00564
26	0.00766	0.00721	0.01217	0.84767	0.02794	0.00901	0.01127	0.01037	0.00811	0.01037	0.00721	0.01082	0.00541	0.00406	0.00406	0.00135	0.00541	0.00361	0.00180	0.00451
27	0.00952	0.00887	0.01464	0.32124	0.48948	0.00960	0.01172	0.06287	0.00946	0.01299	0.00761	0.01030	0.00609	0.00385	0.00403	0.00126	0.00501	0.00361	0.00206	0.00576
28	0.03177	0.01156	0.01391	0.03675	0.31492	0.21250	0.08338	0.06396	0.02060	0.06435	0.00878	0.05750	0.00747	0.00464	0.00453	0.00125	0.05013	0.00393	0.00247	0.00560
29	0.00705	0.00352	0.00529	0.00529	0.00529	0.00352	0.00352	0.00529	0.00529	0.00705	0.00705	0.01233	0.00705	0.01409	0.01586	0.88196	0.00352	0.00352	0.00176	0.00176
30	0.01400	0.00880	0.01169	0.02394	0.19398	0.02378	0.00805	0.14334	0.10093	0.33352	0.01197	0.01186	0.00843	0.00484	0.00474	0.00128	0.06813	0.00387	0.00372	0.01914
31	0.00981	0.00940	0.01604	0.10660	0.75226	0.00958	0.01233	0.01224	0.00913	0.01297	0.00759	0.01012	0.00633	0.00366	0.00402	0.00122	0.00488	0.00361	0.00199	0.00624
32	0.00584	0.00415	0.00554	0.00554	0.00593	0.00454	0.00385	0.00662	0.00623	0.00869	0.01176	0.02089	0.01229	0.41640	0.45831	0.00531	0.00763	0.00507	0.00231	0.00308
33	0.88607	0.00785	0.00596	0.00534	0.00785	0.00910	0.00439	0.01193	0.00690	0.01820	0.00565	0.00659	0.00439	0.00377	0.00251	0.00126	0.00314	0.00220	0.00251	0.00439
34	0.01142	0.03695	0.15449	0.04718	0.23196	0.02665	0.05535	0.04878	0.00997	0.21893	0.01140	0.10896	0.00939	0.00514	0.00414	0.00128	0.00456	0.00455	0.00299	0.00592
35	0.00846	0.11962	0.74055	0.01102	0.01672	0.01020	0.01404	0.01277	0.00853	0.01246	0.00709	0.00832	0.00515	0.00381	0.00371	0.00124	0.00580	0.00290	0.00172	0.00590
36	0.01027	0.00912	0.02861	0.07698	0.54654	0.00895	0.06883	0.03935	0.00961	0.08114	0.00979	0.06445	0.01899	0.00446	0.00416	0.00126	0.00471	0.00430	0.00245	0.00604
37	0.27670	0.18363	0.01201	0.00863	0.03573	0.33078	0.00682	0.03132	0.00924	0.01279	0.00602	0.00717	0.00505	0.00409	0.00370	0.00113	0.05573	0.00251	0.00217	0.00480

[dist]
# distance from previous block
# <min> <max>
0	1

[block]
# block no. 2 follows, 66 sequences, length 8
# corresponding to MSA columns:
# 119-126
name=unknown_C
#
# <colnr> <probs for GDERKNQSTAVLIFYWHMCP>
#	G	D	E	R	K	N	Q	S	T	A	V	L	I	F	Y	W	H	M	C	P
0	0.01390	0.00965	0.01074	0.00931	0.05513	0.03636	0.00715	0.37912	0.18972	0.16670	0.01258	0.01284	0.00919	0.00512	0.00406	0.00126	0.00400	0.02723	0.03946	0.00648
1	0.04235	0.00766	0.00944	0.03799	0.06833	0.00681	0.00605	0.04671	0.08578	0.16883	0.00981	0.01025	0.00735	0.00380	0.00345	0.00091	0.00339	0.00310	0.00308	0.47490
2	0.00994	0.00769	0.06629	0.00646	0.00980	0.00556	0.00558	0.01187	0.00937	0.17874	0.08101	0.01303	0.05409	0.00431	0.00353	0.00088	0.00316	0.00354	0.00313	0.52201
3	0.88607	0.00785	0.00596	0.00534	0.00785	0.00910	0.00439	0.01193	0.00690	0.01820	0.00565	0.00659	0.00439	0.00377	0.00251	0.00126	0.00314	0.00220	0.00251	0.00439
4	0.00841	0.00721	0.00841	0.00601	0.00961	0.00541	0.00481	0.01022	0.00841	0.01322	0.00721	0.00841	0.00601	0.00300	0.00300	0.00060	0.00300	0.00240	0.00240	0.88222
5	0.01232	0.52338	0.01804	0.00855	0.01169	0.21774	0.04649	0.09800	0.01025	0.01149	0.00635	0.00726	0.00544	0.00379	0.00312	0.00097	0.00520	0.00256	0.00208	0.00527
6	0.00901	0.06731	0.00932	0.03364	0.00977	0.04077	0.03021	0.01301	0.22332	0.07763	0.04475	0.09691	0.08375	0.04913	0.07174	0.00184	0.04988	0.01822	0.00327	0.06652
7	0.01166	0.00940	0.01210	0.20475	0.12090	0.03410	0.03063	0.36017	0.01349	0.04265	0.05160	0.01345	0.04188	0.00505	0.00418	0.00128	0.00460	0.02912	0.00319	0.00579

[dist]
# distance from previous block
# <min> <max>
0	1

[block]
# block no. 3 follows, 66 sequences, length 24
# corresponding to MSA columns:
# 128-151
name=unknown_D
#
# <colnr> <probs for GDERKNQSTAVLIFYWHMCP>
#	G	D	E	R	K	N	Q	S	T	A	V	L	I	F	Y	W	H	M	C	P
0	0.01045	0.00863	0.00918	0.00821	0.01054	0.00991	0.00640	0.02148	0.78839	0.05357	0.01649	0.01508	0.01228	0.00548	0.00413	0.00137	0.00322	0.00456	0.00417	0.00644
1	0.00954	0.00909	0.01624	0.05088	0.08175	0.00916	0.37364	0.06851	0.11989	0.03563	0.01206	0.01543	0.04414	0.00658	0.06057	0.00173	0.01532	0.06169	0.00273	0.00542
2	0.00521	0.00379	0.00493	0.00547	0.00595	0.00353	0.00375	0.00615	0.00832	0.01124	0.15237	0.58681	0.07122	0.05102	0.04179	0.00187	0.00272	0.00995	0.00372	0.02018
3	0.66327	0.16228	0.00906	0.00582	0.00855	0.01030	0.00502	0.03337	0.00769	0.05590	0.00625	0.00700	0.00488	0.00380	0.00264	0.00118	0.00341	0.00232	0.00253	0.00473
4	0.00854	0.10181	0.69862	0.01088	0.01637	0.01012	0.01360	0.01340	0.06615	0.01282	0.00777	0.00883	0.00566	0.00393	0.00375	0.00125	0.00564	0.00303	0.00189	0.00595
5	0.01023	0.06143	0.36238	0.01124	0.10646	0.09255	0.01060	0.01388	0.06659	0.09033	0.03014	0.01031	0.01585	0.00416	0.00377	0.00116	0.00501	0.00330	0.00243	0.09816
6	0.00554	0.00424	0.00511	0.00506	0.00610	0.00390	0.00378	0.00738	0.04025	0.01381	0.43357	0.13583	0.27622	0.00944	0.00484	0.00137	0.00212	0.03358	0.00413	0.00373
7	0.00863	0.14458	0.23140	0.00953	0.01294	0.02023	0.12504	0.01201	0.07474	0.02442	0.08627	0.06903	0.01090	0.00652	0.05422	0.00153	0.02908	0.00430	0.00249	0.07212
8	0.00511	0.00363	0.00474	0.00547	0.00574	0.00341	0.00363	0.00584	0.00788	0.01058	0.08890	0.69555	0.02648	0.10436	0.00683	0.00187	0.00249	0.01057	0.00368	0.00325
9	0.00849	0.02435	0.02432	0.36152	0.20087	0.04959	0.06741	0.02240	0.00904	0.01182	0.06371	0.03955	0.06731	0.00498	0.00443	0.00131	0.02724	0.00445	0.00228	0.00492
10	0.00508	0.00359	0.00467	0.00548	0.00568	0.00338	0.00359	0.00568	0.00751	0.01001	0.02104	0.74038	0.02516	0.12937	0.00732	0.00196	0.00257	0.01076	0.00359	0.00318
11	0.43293	0.03508	0.00903	0.00795	0.06440	0.03781	0.00600	0.18048	0.03078	0.11558	0.00946	0.00976	0.03642	0.00442	0.00329	0.00123	0.00370	0.00312	0.00315	0.00540
12	0.00910	0.00914	0.12354	0.19765	0.01473	0.00796	0.00811	0.05869	0.18828	0.06468	0.04192	0.10388	0.01091	0.00539	0.00403	0.00125	0.00401	0.00459	0.00303	0.13911
13	0.07329	0.03534	0.07188	0.02422	0.15713	0.19179	0.05512	0.26045	0.01266	0.06772	0.00832	0.00922	0.00624	0.00423	0.00385	0.00119	0.00525	0.00332	0.00285	0.00594
14	0.00901	0.03276	0.03978	0.00630	0.00733	0.00555	0.00484	0.11769	0.00800	0.06913	0.00900	0.06552	0.00837	0.01136	0.01183	0.58017	0.00370	0.00403	0.00243	0.00320
15	0.00898	0.04041	0.01440	0.20869	0.53108	0.00907	0.01103	0.01125	0.00885	0.01218	0.00977	0.06765	0.04002	0.00458	0.00408	0.00126	0.00466	0.00428	0.00214	0.00562
16	0.03333	0.02707	0.21101	0.01606	0.24020	0.00947	0.26197	0.01247	0.01928	0.02217	0.04219	0.01994	0.00758	0.00402	0.00441	0.00128	0.02780	0.00399	0.00215	0.03361
17	0.00949	0.06584	0.03245	0.09538	0.09845	0.01858	0.01272	0.04118	0.04206	0.14802	0.10508	0.10854	0.11624	0.00671	0.00429	0.00130	0.00358	0.04872	0.00340	0.03796
18	0.00892	0.01703	0.58193	0.05338	0.15782	0.00906	0.01348	0.01285	0.00886	0.06041	0.00888	0.01017	0.03105	0.00409	0.00393	0.00128	0.00550	0.00337	0.00202	0.00597
19	0.00966	0.01586	0.43747	0.02183	0.16700	0.06475	0.08464	0.03531	0.02291	0.05232	0.00865	0.04584	0.00681	0.00429	0.00403	0.00128	0.00557	0.00372	0.00218	0.00589
20	0.01011	0.05528	0.43521	0.01406	0.17744	0.00943	0.10579	0.01365	0.00919	0.11914	0.00851	0.00971	0.00615	0.00389	0.00396	0.00126	0.00545	0.00343	0.00224	0.00610
21	0.00952	0.06903	0.40676	0.13582	0.11815	0.00927	0.04680	0.01294	0.00904	0.09998	0.03909	0.01042	0.00715	0.00410	0.00392	0.00126	0.00527	0.00347	0.00223	0.00577
22	0.01029	0.01210	0.30573	0.01001	0.06739	0.00791	0.03049	0.05254	0.10114	0.17369	0.10109	0.03413	0.04821	0.00577	0.02017	0.00139	0.00445	0.00445	0.00321	0.00582
23	0.00930	0.01408	0.35268	0.04694	0.20908	0.00923	0.17828	0.02497	0.00932	0.05087	0.04062	0.02022	0.00747	0.00406	0.00416	0.00129	0.00553	0.00386	0.00217	0.00587

[dist]
# distance from previous block
# <min> <max>
4	11

[block]
# block no. 4 follows, 66 sequences, length 12
# corresponding to MSA columns:
# 163-174
name=unknown_E
#
# <colnr> <probs for GDERKNQSTAVLIFYWHMCP>
#	G	D	E	R	K	N	Q	S	T	A	V	L	I	F	Y	W	H	M	C	P
0	0.11378	0.01102	0.11924	0.01024	0.10182	0.05051	0.00813	0.20907	0.17758	0.07748	0.07177	0.01207	0.00993	0.00483	0.00390	0.00126	0.00417	0.00384	0.00336	0.00600
1	0.05178	0.10183	0.09730	0.01147	0.16170	0.02740	0.05609	0.07195	0.15668	0.07024	0.08348	0.01393	0.03919	0.00493	0.00395	0.00123	0.00417	0.01907	0.00303	0.02059
2	0.04295	0.01035	0.01621	0.04292	0.25764	0.03639	0.24126	0.16931	0.09247	0.03623	0.00917	0.01066	0.00698	0.00406	0.00419	0.00127	0.00517	0.00398	0.00272	0.00607
3	0.09065	0.00704	0.00813	0.13367	0.02493	0.03600	0.00620	0.05005	0.20995	0.05087	0.09975	0.17476	0.03336	0.03076	0.00472	0.00146	0.00348	0.02595	0.00346	0.00482
4	0.00510	0.00406	0.00466	0.00474	0.00578	0.00367	0.00349	0.00622	0.00893	0.01133	0.14294	0.14098	0.49359	0.04060	0.10336	0.00208	0.00317	0.00820	0.00363	0.00345
5	0.00961	0.00833	0.01172	0.09122	0.24561	0.00893	0.03880	0.10749	0.22790	0.01582	0.13935	0.01628	0.01372	0.00538	0.00428	0.00131	0.00398	0.04129	0.00326	0.00574
6	0.00756	0.00378	0.00378	0.00378	0.00473	0.00378	0.00284	0.00945	0.00851	0.01513	0.01324	0.01513	0.01040	0.00473	0.00284	0.00095	0.00189	0.00378	0.87994	0.00378
7	0.00766	0.00721	0.01217	0.84767	0.02794	0.00901	0.01127	0.01037	0.00811	0.01037	0.00721	0.01082	0.00541	0.00406	0.00406	0.00135	0.00541	0.00361	0.00180	0.00451
8	0.00710	0.00586	0.00681	0.02777	0.00833	0.00636	0.00505	0.01203	0.31107	0.01316	0.06709	0.25709	0.15359	0.01036	0.06764	0.00184	0.02324	0.00730	0.00372	0.00459
9	0.00756	0.00378	0.00378	0.00378	0.00473	0.00378	0.00284	0.00945	0.00851	0.01513	0.01324	0.01513	0.01040	0.00473	0.00284	0.00095	0.00189	0.00378	0.87994	0.00378
10	0.63357	0.03812	0.03034	0.00881	0.08990	0.00961	0.09316	0.03141	0.00780	0.01690	0.00626	0.00752	0.00489	0.00373	0.00298	0.00125	0.00385	0.00267	0.00240	0.00484
11	0.58713	0.01002	0.00710	0.00650	0.00876	0.19554	0.00517	0.01229	0.00822	0.01555	0.00904	0.01086	0.06429	0.00466	0.00307	0.00124	0.00403	0.03959	0.00256	0.00436

[dist]
# distance from previous block
# <min> <max>
0	1

[block]
# block no. 5 follows, 66 sequences, length 19
# corresponding to MSA columns:
# 176-194
name=unknown_F
#
# <colnr> <probs for GDERKNQSTAVLIFYWHMCP>
#	G	D	E	R	K	N	Q	S	T	A	V	L	I	F	Y	W	H	M	C	P
0	0.07436	0.37359	0.09153	0.00817	0.01158	0.13119	0.03654	0.03089	0.00945	0.13933	0.00776	0.00829	0.00601	0.00387	0.00322	0.00103	0.00472	0.00275	0.00245	0.05328
1	0.00888	0.00888	0.01243	0.01065	0.01065	0.01243	0.00888	0.00976	0.00621	0.00976	0.00533	0.00888	0.00533	0.00710	0.01331	0.00178	0.84999	0.00355	0.00178	0.00444
2	0.00588	0.00413	0.00535	0.00539	0.00571	0.00442	0.00367	0.00654	0.00629	0.00866	0.01237	0.02310	0.01326	0.49297	0.34737	0.00488	0.00669	0.03795	0.00240	0.00297
3	0.01065	0.00899	0.00949	0.00837	0.01076	0.01035	0.00656	0.10492	0.74051	0.01787	0.01580	0.01457	0.01181	0.00544	0.00412	0.00136	0.00334	0.00449	0.00412	0.00647
4	0.01205	0.00807	0.00945	0.00825	0.01056	0.00858	0.00690	0.32456	0.11532	0.13326	0.01556	0.02354	0.01376	0.00718	0.00461	0.00147	0.00391	0.28313	0.00409	0.00574
5	0.01056	0.01076	0.01503	0.05647	0.51069	0.11846	0.03165	0.03681	0.00930	0.01249	0.00714	0.00955	0.00605	0.00431	0.00550	0.00129	0.14261	0.00350	0.00204	0.00578
6	0.00756	0.00378	0.00378	0.00378	0.00473	0.00378	0.00284	0.00945	0.00851	0.01513	0.01324	0.01513	0.01040	0.00473	0.00284	0.00095	0.00189	0.00378	0.87994	0.00378
7	0.00841	0.00721	0.00841	0.00601	0.00961	0.00541	0.00481	0.01022	0.00841	0.01322	0.00721	0.00841	0.00601	0.00300	0.00300	0.00060	0.00300	0.00240	0.00240	0.88222
8	0.00590	0.00406	0.00498	0.00502	0.00522	0.00422	0.00321	0.00630	0.00618	0.00839	0.01271	0.02497	0.01407	0.63786	0.20347	0.00443	0.00548	0.03833	0.00245	0.00277
9	0.00961	0.00919	0.01556	0.08843	0.73081	0.00930	0.01192	0.01198	0.00915	0.01292	0.00915	0.01144	0.04449	0.00396	0.00406	0.00122	0.00474	0.00384	0.00207	0.00614
10	0.07682	0.46010	0.15920	0.00813	0.01184	0.03465	0.00825	0.13032	0.05332	0.01351	0.00712	0.00782	0.00576	0.00389	0.00313	0.00105	0.00457	0.00267	0.00226	0.00558
11	0.00873	0.00730	0.00837	0.04456	0.01020	0.00800	0.02839	0.04453	0.45740	0.03343	0.02147	0.03931	0.20720	0.00777	0.03870	0.00159	0.00349	0.02037	0.00380	0.00539
12	0.00513	0.00366	0.00492	0.00586	0.00617	0.00345	0.00408	0.00596	0.00795	0.01056	0.02226	0.76221	0.02643	0.01254	0.00523	0.00167	0.00251	0.10229	0.00376	0.00335
13	0.53136	0.00936	0.00805	0.00678	0.00943	0.09446	0.02310	0.12437	0.00957	0.06995	0.00832	0.00889	0.03450	0.00423	0.00310	0.00121	0.00381	0.00285	0.00287	0.04380
14	0.05189	0.18300	0.19619	0.00904	0.04519	0.01032	0.00855	0.16097	0.04724	0.16643	0.05576	0.01081	0.00860	0.00447	0.00367	0.00117	0.00432	0.00344	0.00308	0.02586
15	0.01067	0.15844	0.04222	0.00801	0.04300	0.03518	0.01787	0.08279	0.11002	0.15546	0.01669	0.11260	0.11764	0.00649	0.00408	0.00127	0.00369	0.04708	0.00344	0.02337
16	0.05774	0.11064	0.05805	0.00796	0.01118	0.03449	0.00694	0.27877	0.07490	0.17266	0.02792	0.01114	0.02535	0.00463	0.00371	0.00113	0.00400	0.00353	0.00352	0.10172
17	0.13210	0.00873	0.08118	0.00772	0.02477	0.00760	0.00662	0.10665	0.07661	0.37507	0.01393	0.04224	0.04535	0.00515	0.00387	0.00125	0.00363	0.00409	0.00393	0.04951
18	0.05634	0.07303	0.02595	0.00692	0.00907	0.04593	0.00557	0.11636	0.08184	0.13693	0.07028	0.22501	0.05781	0.00709	0.00415	0.00128	0.00336	0.00594	0.00364	0.06349

[dist]
# distance from previous block
# <min> <max>
4	28

[block]
# block no. 6 follows, 66 sequences, length 19
# corresponding to MSA columns:
# 223-241
name=unknown_G
#
# <colnr> <probs for GDERKNQSTAVLIFYWHMCP>
#	G	D	E	R	K	N	Q	S	T	A	V	L	I	F	Y	W	H	M	C	P
0	0.14165	0.04703	0.09284	0.00723	0.01040	0.00752	0.01540	0.07621	0.02638	0.23513	0.07220	0.01322	0.02058	0.00476	0.00367	0.00113	0.00360	0.03362	0.00340	0.18404
1	0.19896	0.04063	0.14458	0.00743	0.01069	0.00784	0.00701	0.07375	0.02091	0.26945	0.05805	0.03771	0.00977	0.00490	0.00368	0.00122	0.00376	0.02143	0.00343	0.07480
2	0.21703	0.05216	0.06446	0.00711	0.02447	0.01822	0.00597	0.03876	0.07758	0.14952	0.03673	0.11066	0.02188	0.00549	0.00365	0.00121	0.00343	0.02305	0.00324	0.13540
3	0.10445	0.11601	0.05293	0.00732	0.01004	0.03729	0.00633	0.11768	0.14692	0.12206	0.07046	0.02649	0.06710	0.00550	0.00382	0.00122	0.00365	0.03894	0.00344	0.05836
4	0.24211	0.01000	0.07676	0.00813	0.04728	0.10926	0.00661	0.05293	0.09064	0.19407	0.03859	0.01329	0.08379	0.00506	0.00369	0.00125	0.00396	0.00384	0.00333	0.00542
5	0.18151	0.02882	0.00946	0.00778	0.04783	0.01900	0.00596	0.16282	0.08574	0.10532	0.00943	0.02486	0.00725	0.00418	0.00341	0.00104	0.00353	0.00320	0.00316	0.28570
6	0.48536	0.00860	0.00851	0.11330	0.01169	0.00994	0.00624	0.20361	0.05962	0.01871	0.02212	0.00885	0.00622	0.00430	0.00339	0.00127	0.01727	0.00298	0.00291	0.00512
7	0.08716	0.00885	0.01311	0.14881	0.38080	0.00941	0.02537	0.09539	0.08084	0.06716	0.03762	0.01124	0.00799	0.00424	0.00395	0.00126	0.00444	0.00376	0.00269	0.00591
8	0.00580	0.00431	0.00635	0.00635	0.00702	0.00498	0.00487	0.00714	0.00647	0.00930	0.01102	0.01678	0.01051	0.09573	0.77654	0.00632	0.01032	0.00447	0.00220	0.00353
9	0.00554	0.00414	0.00515	0.00490	0.00594	0.00374	0.00367	0.00727	0.01102	0.01516	0.66518	0.03213	0.20376	0.00871	0.00479	0.00130	0.00194	0.00759	0.00432	0.00374
10	0.00954	0.00756	0.00879	0.00636	0.00991	0.00606	0.00512	0.08084	0.00951	0.05758	0.00789	0.00881	0.00630	0.00327	0.00315	0.00069	0.00315	0.00260	0.00269	0.76018
11	0.00829	0.00696	0.00884	0.14976	0.01248	0.00591	0.00586	0.01025	0.00868	0.03120	0.07243	0.01067	0.00855	0.00365	0.00335	0.00080	0.00334	0.00304	0.00252	0.64343
12	0.02829	0.00925	0.01142	0.00949	0.01078	0.01158	0.00785	0.27424	0.02989	0.01537	0.01014	0.01188	0.07756	0.00654	0.00912	0.00154	0.46308	0.00402	0.00276	0.00520
13	0.00645	0.00559	0.00921	0.27869	0.03692	0.00599	0.07715	0.00815	0.00817	0.01077	0.01580	0.43993	0.01738	0.00878	0.00478	0.00153	0.00387	0.05392	0.00294	0.00399
14	0.00766	0.00721	0.01217	0.84767	0.02794	0.00901	0.01127	0.01037	0.00811	0.01037	0.00721	0.01082	0.00541	0.00406	0.00406	0.00135	0.00541	0.00361	0.00180	0.00451
15	0.06064	0.00933	0.03303	0.14306	0.11676	0.11933	0.00790	0.03209	0.01027	0.30892	0.03046	0.02574	0.01954	0.00472	0.00393	0.00122	0.00444	0.01454	0.00329	0.05080
16	0.41563	0.18827	0.01168	0.15322	0.11524	0.01054	0.00717	0.01199	0.00782	0.03710	0.00645	0.00793	0.00515	0.00377	0.00303	0.00118	0.00400	0.00266	0.00223	0.00491
17	0.20321	0.00799	0.00908	0.00788	0.03869	0.06551	0.02126	0.01649	0.02314	0.47272	0.01314	0.01441	0.00948	0.00516	0.00386	0.00130	0.00379	0.07303	0.00399	0.00588
18	0.10091	0.01060	0.10265	0.19282	0.15298	0.08313	0.00912	0.08159	0.00968	0.04671	0.00810	0.00971	0.01778	0.00396	0.00366	0.00114	0.00469	0.00319	0.00238	0.15518

[dist]
# distance from previous block
# <min> <max>
1	14

[block]
# block no. 7 follows, 66 sequences, length 25
# corresponding to MSA columns:
# 260-284
name=unknown_H
#
# <colnr> <probs for GDERKNQSTAVLIFYWHMCP>
#	G	D	E	R	K	N	Q	S	T	A	V	L	I	F	Y	W	H	M	C	P
0	0.01986	0.02568	0.04157	0.15457	0.09548	0.00920	0.12679	0.21674	0.01122	0.07587	0.00980	0.04009	0.00804	0.06919	0.05992	0.00181	0.00525	0.00422	0.00282	0.02188
1	0.05322	0.01014	0.18081	0.41859	0.05427	0.01883	0.01038	0.06011	0.00907	0.01268	0.07196	0.02872	0.00881	0.04026	0.00470	0.00142	0.00496	0.00394	0.00224	0.00487
2	0.02057	0.16766	0.46493	0.00974	0.01435	0.06305	0.01117	0.04736	0.02545	0.09648	0.00925	0.00987	0.03451	0.00422	0.00367	0.00119	0.00524	0.00318	0.00230	0.00580
3	0.00809	0.04323	0.01266	0.65584	0.08791	0.00929	0.01066	0.01057	0.00814	0.01071	0.00709	0.01033	0.00551	0.00407	0.00436	0.00129	0.04446	0.00347	0.00185	0.06047
4	0.01056	0.77161	0.10702	0.00743	0.01116	0.01536	0.00779	0.01222	0.00828	0.00989	0.00581	0.00672	0.00520	0.00351	0.00273	0.00091	0.00451	0.00226	0.00173	0.00529
5	0.01046	0.74116	0.13660	0.00760	0.01142	0.01512	0.00808	0.01225	0.00829	0.01001	0.00587	0.00680	0.00520	0.00353	0.00278	0.00093	0.00457	0.00229	0.00173	0.00532
6	0.01370	0.01070	0.09795	0.00895	0.01211	0.01007	0.00800	0.49521	0.01539	0.14082	0.01217	0.03075	0.00970	0.00576	0.00426	0.00132	0.00434	0.10856	0.00390	0.00632
7	0.06618	0.00754	0.00887	0.03158	0.08984	0.00801	0.00632	0.11246	0.24337	0.08194	0.01318	0.04950	0.01065	0.00535	0.00383	0.00124	0.00335	0.04345	0.15207	0.06130
8	0.01061	0.00860	0.00919	0.00819	0.01054	0.00983	0.00639	0.02145	0.77309	0.06896	0.01648	0.01505	0.01224	0.00547	0.00413	0.00137	0.00323	0.00455	0.00419	0.00645
9	0.00498	0.00363	0.00470	0.00546	0.00586	0.00334	0.00370	0.00579	0.00815	0.01079	0.07561	0.72297	0.10568	0.01219	0.00512	0.00160	0.00230	0.01098	0.00381	0.00334
10	0.00868	0.00825	0.01401	0.49606	0.37160	0.00928	0.01177	0.01126	0.00859	0.01160	0.00739	0.01049	0.00584	0.00387	0.00404	0.00129	0.00516	0.00361	0.00189	0.00533
11	0.00527	0.00408	0.00470	0.00461	0.00565	0.00362	0.00337	0.00656	0.00982	0.01284	0.35719	0.07588	0.40557	0.07562	0.00605	0.00155	0.00216	0.00801	0.00395	0.00351
12	0.01147	0.00885	0.00974	0.00845	0.01083	0.00986	0.00685	0.31083	0.35884	0.03353	0.01499	0.03462	0.01251	0.00639	0.00438	0.00141	0.00375	0.14258	0.00404	0.00608
13	0.01122	0.01321	0.02031	0.01512	0.01866	0.23340	0.57989	0.03388	0.01033	0.01249	0.00773	0.00994	0.00592	0.00366	0.00447	0.00128	0.00691	0.00418	0.00211	0.00530
14	0.00498	0.00364	0.00469	0.00544	0.00585	0.00335	0.00369	0.00581	0.00820	0.01084	0.08170	0.70537	0.11725	0.01213	0.00511	0.00159	0.00229	0.01090	0.00382	0.00335
15	0.04399	0.01734	0.01119	0.00988	0.01220	0.67257	0.00752	0.10033	0.01195	0.01207	0.00668	0.00762	0.00542	0.00416	0.00362	0.00104	0.00660	0.00270	0.00233	0.06081
16	0.00925	0.01739	0.58437	0.01050	0.01553	0.00950	0.01239	0.12776	0.06955	0.01492	0.00869	0.03130	0.00654	0.00430	0.00388	0.00125	0.00529	0.00339	0.00232	0.06189
17	0.00999	0.07365	0.09688	0.00826	0.01032	0.31128	0.02690	0.02335	0.00979	0.01114	0.10087	0.07518	0.07908	0.10337	0.00611	0.00153	0.01835	0.02696	0.00265	0.00434
18	0.01205	0.00556	0.00737	0.00611	0.00822	0.00489	0.00486	0.01372	0.01138	0.43544	0.35130	0.02253	0.08555	0.00677	0.00442	0.00127	0.00271	0.00576	0.00470	0.00537
19	0.01084	0.60767	0.07042	0.00764	0.01095	0.09443	0.00738	0.01344	0.09832	0.01065	0.00799	0.00858	0.02908	0.00398	0.00301	0.00098	0.00454	0.00271	0.00209	0.00529
20	0.00853	0.07569	0.75776	0.01123	0.01694	0.03550	0.01424	0.01291	0.00864	0.01254	0.00714	0.00839	0.00515	0.00384	0.00377	0.00125	0.00593	0.00293	0.00173	0.00590
21	0.01085	0.23326	0.10470	0.01055	0.01366	0.23839	0.17549	0.01304	0.01884	0.01115	0.01852	0.01248	0.02671	0.00468	0.00404	0.00119	0.02202	0.07324	0.00218	0.00502
22	0.00882	0.15035	0.06297	0.03695	0.01064	0.03141	0.00711	0.03829	0.23866	0.01364	0.06619	0.02376	0.03168	0.00701	0.00435	0.00142	0.00386	0.25453	0.00333	0.00503
23	0.00502	0.00367	0.00461	0.00529	0.00571	0.00338	0.00356	0.00576	0.00797	0.01044	0.04965	0.63414	0.15484	0.07802	0.00631	0.00177	0.00242	0.01049	0.00369	0.00327
24	0.09364	0.00762	0.01226	0.59354	0.13154	0.00896	0.03308	0.01100	0.00829	0.02828	0.00771	0.01132	0.00605	0.00417	0.00396	0.00134	0.00506	0.02536	0.00202	0.00480

[dist]
# distance from previous block
# <min> <max>
0	1

[block]
# block no. 8 follows, 66 sequences, length 7
# corresponding to MSA columns:
# 286,287,290-294
name=unknown_I
#
# <colnr> <probs for GDERKNQSTAVLIFYWHMCP>
#	G	D	E	R	K	N	Q	S	T	A	V	L	I	F	Y	W	H	M	C	P
0	0.00852	0.01737	0.59726	0.06591	0.09070	0.00935	0.04599	0.04714	0.00898	0.01310	0.00764	0.00939	0.00566	0.00530	0.04905	0.00156	0.00608	0.00327	0.00189	0.00583
1	0.00511	0.00373	0.00484	0.00559	0.00606	0.00346	0.00392	0.00603	0.00832	0.01098	0.07951	0.63854	0.11907	0.01201	0.00514	0.00161	0.00240	0.07648	0.00381	0.00338
2	0.00551	0.00372	0.00453	0.00501	0.00517	0.00360	0.00314	0.00597	0.00698	0.00951	0.01762	0.44211	0.02058	0.38645	0.01190	0.00262	0.00303	0.00862	0.05097	0.00295
3	0.16661	0.00816	0.05594	0.06972	0.03883	0.00783	0.07924	0.06239	0.05186	0.20767	0.01077	0.01350	0.00856	0.14325	0.04043	0.00193	0.02106	0.00399	0.00309	0.00516
4	0.02854	0.00864	0.01181	0.17537	0.12771	0.07066	0.09107	0.01125	0.00882	0.03123	0.00890	0.01076	0.04093	0.00406	0.00398	0.02185	0.00444	0.00339	0.00228	0.33431
5	0.00607	0.00438	0.00556	0.00544	0.00565	0.00482	0.00364	0.00654	0.00610	0.00844	0.01174	0.02232	0.01280	0.56222	0.25775	0.00454	0.06145	0.00530	0.00233	0.00293
6	0.59967	0.05061	0.04776	0.00657	0.00932	0.02566	0.03099	0.01234	0.00765	0.06846	0.00694	0.00840	0.00548	0.00408	0.00323	0.00123	0.03159	0.02157	0.00257	0.05586

[dist]
# distance from previous block
# <min> <max>
1	3

[block]
# block no. 9 follows, 66 sequences, length 52
# corresponding to MSA columns:
# 298-349
name=unknown_J
#
# <colnr> <probs for GDERKNQSTAVLIFYWHMCP>
#	G	D	E	R	K	N	Q	S	T	A	V	L	I	F	Y	W	H	M	C	P
0	0.00956	0.00989	0.08966	0.05827	0.05047	0.03985	0.23850	0.02745	0.04778	0.06854	0.10284	0.01252	0.01021	0.00422	0.00407	0.00114	0.00470	0.00407	0.00270	0.21356
1	0.00817	0.00773	0.01309	0.67114	0.20047	0.00915	0.01152	0.01081	0.00835	0.01099	0.00730	0.01065	0.00563	0.00396	0.00405	0.00132	0.00528	0.00361	0.00185	0.00492
2	0.00728	0.00441	0.00571	0.00526	0.00644	0.00404	0.00399	0.00908	0.01105	0.11097	0.62053	0.06853	0.04352	0.00789	0.00457	0.00127	0.00212	0.00691	0.07230	0.00415
3	0.00967	0.00834	0.00856	0.00765	0.00920	0.11042	0.00593	0.05138	0.24279	0.06309	0.18544	0.01761	0.03362	0.05609	0.08011	0.00194	0.09486	0.00488	0.00347	0.00497
4	0.00541	0.00402	0.00504	0.00503	0.00592	0.00365	0.00368	0.00691	0.01032	0.01410	0.52197	0.19816	0.18173	0.00955	0.00487	0.00137	0.00203	0.00841	0.00420	0.00365
5	0.00676	0.00436	0.00568	0.00526	0.00640	0.00397	0.00398	0.00854	0.01122	0.08808	0.68220	0.06532	0.07602	0.00830	0.00474	0.00130	0.00208	0.00730	0.00445	0.00406
6	0.00828	0.00779	0.01304	0.60372	0.22663	0.00912	0.01130	0.01111	0.02996	0.01124	0.00764	0.01085	0.00594	0.00454	0.02151	0.00142	0.00532	0.00365	0.00192	0.00502
7	0.01348	0.23894	0.05529	0.03173	0.01264	0.56176	0.00805	0.01482	0.01041	0.00999	0.00618	0.00726	0.00522	0.00398	0.00340	0.00102	0.00642	0.00254	0.00197	0.00489
8	0.00810	0.00762	0.01268	0.66330	0.16102	0.00892	0.01110	0.01071	0.00832	0.01101	0.00728	0.01055	0.00561	0.00392	0.00399	0.00129	0.00518	0.00354	0.00187	0.05401
9	0.00823	0.09415	0.71793	0.01086	0.01633	0.00969	0.01371	0.01244	0.00853	0.01245	0.00796	0.03881	0.00629	0.00428	0.00383	0.00127	0.00567	0.01994	0.00183	0.00578
10	0.01009	0.00872	0.00917	0.00826	0.01055	0.01009	0.00642	0.02156	0.82478	0.01697	0.01651	0.01514	0.01238	0.00550	0.00413	0.00138	0.00321	0.00459	0.00413	0.00642
11	0.74372	0.00916	0.00690	0.04486	0.00932	0.10631	0.00511	0.01235	0.00750	0.01687	0.00579	0.00687	0.00454	0.00383	0.00272	0.00124	0.00373	0.00231	0.00243	0.00444
12	0.00811	0.02041	0.19057	0.45825	0.10953	0.00910	0.08132	0.01121	0.00859	0.01164	0.03662	0.01127	0.01763	0.00414	0.00409	0.00132	0.00542	0.00376	0.00195	0.00508
13	0.01440	0.01076	0.01163	0.00885	0.01215	0.01154	0.00729	0.70099	0.01752	0.02377	0.00937	0.00955	0.00677	0.00460	0.00391	0.00113	0.00425	0.00347	0.00382	0.13423
14	0.00846	0.00803	0.01362	0.57084	0.29851	0.00922	0.01167	0.01107	0.00849	0.01134	0.00735	0.01056	0.00575	0.00391	0.00404	0.00130	0.00521	0.00361	0.00187	0.00515
15	0.88607	0.00785	0.00596	0.00534	0.00785	0.00910	0.00439	0.01193	0.00690	0.01820	0.00565	0.00659	0.00439	0.00377	0.00251	0.00126	0.00314	0.00220	0.00251	0.00439
16	0.00558	0.00402	0.00476	0.00489	0.00537	0.00388	0.00322	0.00645	0.02350	0.01027	0.13076	0.19454	0.15345	0.37578	0.05348	0.00277	0.00337	0.00756	0.00323	0.00311
17	0.06881	0.00709	0.00929	0.00717	0.01027	0.00634	0.00592	0.04253	0.01155	0.76369	0.01522	0.01327	0.00962	0.00494	0.00399	0.00125	0.00346	0.00396	0.00485	0.00676
18	0.00585	0.00414	0.00549	0.00549	0.00586	0.00451	0.00379	0.00658	0.00622	0.00866	0.01181	0.02115	0.01241	0.43691	0.43796	0.00525	0.00746	0.00511	0.00231	0.00305
19	0.00593	0.00421	0.00537	0.00504	0.00610	0.00383	0.00379	0.00773	0.01123	0.03521	0.71835	0.03093	0.13017	0.00845	0.00477	0.00129	0.00197	0.00740	0.00440	0.00385
20	0.01169	0.01002	0.05999	0.00902	0.01189	0.01035	0.04331	0.19960	0.50491	0.07254	0.01404	0.01326	0.01029	0.00514	0.00412	0.00133	0.00384	0.00426	0.00393	0.00649
21	0.00587	0.00400	0.00480	0.00481	0.00494	0.00412	0.00293	0.00613	0.00604	0.00817	0.01259	0.03702	0.01413	0.70042	0.16375	0.00435	0.00512	0.00571	0.00243	0.00267
22	0.01212	0.04150	0.13107	0.00842	0.01144	0.06344	0.03775	0.09550	0.07077	0.25959	0.03870	0.01662	0.06373	0.00687	0.04600	0.00155	0.00458	0.06793	0.00356	0.01885
23	0.01166	0.05334	0.06594	0.00877	0.01154	0.06696	0.00738	0.24610	0.41401	0.01804	0.01296	0.04445	0.01005	0.00530	0.00402	0.00129	0.00405	0.00423	0.00368	0.00623
24	0.00789	0.01550	0.52185	0.04422	0.04671	0.00812	0.03997	0.01161	0.00898	0.01321	0.11344	0.01227	0.02888	0.00446	0.00394	0.00121	0.00500	0.00373	0.00222	0.10678
25	0.01020	0.09174	0.29101	0.08083	0.04548	0.07090	0.15111	0.11489	0.02714	0.02338	0.00838	0.01078	0.00656	0.00428	0.00411	0.00127	0.01437	0.03563	0.00229	0.00566
26	0.00937	0.03885	0.06549	0.00893	0.04548	0.09799	0.06458	0.11636	0.03899	0.04179	0.05289	0.08636	0.20085	0.00708	0.00498	0.00135	0.05894	0.05171	0.00317	0.00484
27	0.01820	0.00690	0.00942	0.00722	0.01036	0.00596	0.00596	0.01977	0.01161	0.83492	0.01601	0.01381	0.01004	0.00502	0.00408	0.00126	0.00345	0.00408	0.00502	0.00690
28	0.00958	0.01531	0.40968	0.01326	0.01810	0.00952	0.33167	0.01387	0.04998	0.07633	0.00878	0.01024	0.00628	0.00385	0.00426	0.00132	0.00600	0.00387	0.00222	0.00588
29	0.00984	0.00940	0.04488	0.23160	0.21938	0.03825	0.13304	0.03978	0.09939	0.06171	0.01005	0.03904	0.00816	0.00462	0.00424	0.00132	0.00503	0.03218	0.00255	0.00556
30	0.01820	0.00690	0.00942	0.00722	0.01036	0.00596	0.00596	0.01977	0.01161	0.83492	0.01601	0.01381	0.01004	0.00502	0.00408	0.00126	0.00345	0.00408	0.00502	0.00690
31	0.00563	0.00419	0.00575	0.05528	0.04053	0.00408	0.00473	0.00680	0.00838	0.01132	0.07562	0.54255	0.07858	0.01084	0.00494	0.00156	0.00269	0.08552	0.04740	0.00360
32	0.01009	0.22148	0.21782	0.08815	0.17706	0.11374	0.02951	0.01256	0.00879	0.01131	0.00669	0.00848	0.00548	0.00401	0.00431	0.00118	0.06902	0.00301	0.00184	0.00547
33	0.02987	0.08104	0.03814	0.12228	0.01105	0.02322	0.00611	0.02245	0.05178	0.19111	0.04597	0.15006	0.01328	0.16744	0.00746	0.00182	0.02361	0.00542	0.00322	0.00467
34	0.00525	0.00372	0.00491	0.00576	0.00606	0.00354	0.00399	0.00603	0.00778	0.01033	0.02127	0.66652	0.02516	0.09844	0.00681	0.00191	0.00269	0.11294	0.00363	0.00327
35	0.01306	0.32405	0.04601	0.00923	0.01188	0.47450	0.00783	0.01432	0.00998	0.00989	0.00604	0.00714	0.00522	0.00404	0.00370	0.00102	0.04274	0.00251	0.00193	0.00492
36	0.76903	0.00823	0.00692	0.06252	0.03820	0.03550	0.00524	0.01198	0.00721	0.01724	0.00584	0.00702	0.00456	0.00379	0.00270	0.00125	0.00348	0.00235	0.00243	0.00448
37	0.00842	0.00792	0.01297	0.45403	0.26132	0.00924	0.01084	0.01112	0.03679	0.01134	0.00776	0.01093	0.00626	0.00598	0.06077	0.00169	0.07189	0.00369	0.00197	0.00507
38	0.88607	0.00785	0.00596	0.00534	0.00785	0.00910	0.00439	0.01193	0.00690	0.01820	0.00565	0.00659	0.00439	0.00377	0.00251	0.00126	0.00314	0.00220	0.00251	0.00439
39	0.00585	0.00413	0.00542	0.00542	0.00577	0.00448	0.00370	0.00654	0.00620	0.00861	0.01187	0.02150	0.01256	0.46349	0.41157	0.00517	0.00724	0.00516	0.00232	0.00301
40	0.00812	0.10444	0.05218	0.00974	0.06484	0.02006	0.00804	0.00975	0.00813	0.01109	0.01268	0.05026	0.01330	0.00840	0.01942	0.00170	0.26808	0.32271	0.00264	0.00441
41	0.01526	0.01620	0.01176	0.01001	0.01256	0.51533	0.00779	0.33171	0.01448	0.01608	0.00764	0.00827	0.00588	0.00445	0.00382	0.00111	0.00619	0.00302	0.00286	0.00557
42	0.00505	0.00359	0.00474	0.00554	0.00581	0.00337	0.00370	0.00580	0.00791	0.01061	0.07583	0.75322	0.02692	0.05975	0.00602	0.00175	0.00241	0.01094	0.00374	0.00328
43	0.00490	0.00410	0.00429	0.00440	0.00567	0.00349	0.00332	0.00596	0.00915	0.01099	0.03875	0.09397	0.73149	0.01049	0.00487	0.00142	0.00217	0.05338	0.00377	0.00343
44	0.00509	0.00372	0.00482	0.00565	0.00609	0.00345	0.00396	0.00595	0.00811	0.01061	0.02457	0.67260	0.12513	0.01226	0.00517	0.00164	0.00246	0.09162	0.00376	0.00336
45	0.01007	0.01048	0.01347	0.19619	0.14015	0.14041	0.05510	0.04399	0.00862	0.01127	0.00657	0.00939	0.00561	0.00515	0.00752	0.00144	0.32415	0.00350	0.00197	0.00495
46	0.00728	0.00441	0.00571	0.00543	0.00659	0.00398	0.00405	0.00879	0.01046	0.13347	0.45464	0.21058	0.11088	0.00899	0.00477	0.00136	0.00225	0.00791	0.00432	0.00412
47	0.02984	0.24626	0.59735	0.01017	0.01541	0.01120	0.01257	0.01264	0.00844	0.01209	0.00680	0.00797	0.00514	0.00375	0.00349	0.00117	0.00548	0.00276	0.00174	0.00575
48	0.00688	0.00405	0.00572	0.01745	0.00586	0.00434	0.00382	0.00586	0.00557	0.00754	0.00831	0.01527	0.00868	0.19512	0.04825	0.58853	0.06053	0.00407	0.00193	0.00220
49	0.01532	0.01107	0.01194	0.00918	0.01240	0.01215	0.00757	0.75746	0.03525	0.05772	0.01009	0.00999	0.00713	0.00486	0.00404	0.00121	0.00438	0.00367	0.00407	0.02049
50	0.04055	0.00945	0.01601	0.07903	0.72801	0.00960	0.03338	0.01231	0.00909	0.01323	0.00755	0.01000	0.00628	0.00364	0.00399	0.00122	0.00485	0.00360	0.00201	0.00620
51	0.00901	0.00817	0.01183	0.06486	0.33615	0.00730	0.00823	0.01111	0.00872	0.01306	0.00738	0.00920	0.00614	0.00331	0.00347	0.00089	0.00387	0.00296	0.00221	0.48213

[dist]
# distance from previous block
# <min> <max>
0	7

# created by:
# /st0/software/busco_prod/Augustus/scripts/msa2prfl.pl ./align_prep/27342.fa
