[name]
unknown

[dist]
# distance from previous block
# <min> <max>
0	242

[block]
# block no. 0 follows, 66 sequences, length 29
# corresponding to MSA columns:
# 258-286
name=unknown_A
#
# <colnr> <probs for GDERKNQSTAVLIFYWHMCP>
#	G	D	E	R	K	N	Q	S	T	A	V	L	I	F	Y	W	H	M	C	P
0	0.00976	0.30327	0.33083	0.01015	0.05908	0.01144	0.03776	0.07028	0.02196	0.03047	0.00889	0.04040	0.02659	0.00442	0.00359	0.00116	0.00492	0.01721	0.00219	0.00563
1	0.01174	0.00946	0.01517	0.02921	0.43715	0.00942	0.10832	0.14321	0.01121	0.12454	0.03351	0.01118	0.00787	0.00411	0.00412	0.00122	0.00471	0.00391	0.00282	0.02711
2	0.00574	0.00408	0.00543	0.00553	0.00591	0.00438	0.00383	0.00652	0.00650	0.00901	0.02849	0.11348	0.01443	0.36921	0.39429	0.00481	0.00689	0.00584	0.00251	0.00311
3	0.01086	0.71631	0.07234	0.00766	0.01126	0.01486	0.03680	0.01282	0.03639	0.03943	0.00658	0.00735	0.00565	0.00362	0.00287	0.00094	0.00446	0.00247	0.00194	0.00537
4	0.01788	0.00741	0.00973	0.00746	0.01061	0.00672	0.00616	0.11116	0.01247	0.74232	0.01529	0.01334	0.00968	0.00500	0.00408	0.00125	0.00357	0.00403	0.00491	0.00690
5	0.04558	0.00844	0.01024	0.00787	0.01103	0.00830	0.00650	0.28935	0.01398	0.53487	0.01355	0.01220	0.00880	0.00493	0.00402	0.00124	0.00378	0.00387	0.00461	0.00682
6	0.00518	0.00360	0.00474	0.00562	0.00594	0.00339	0.00384	0.00601	0.00789	0.01073	0.02176	0.76437	0.02566	0.01215	0.00506	0.00162	0.00239	0.04939	0.05730	0.00335
7	0.01090	0.60491	0.14450	0.03841	0.01232	0.05166	0.00837	0.04357	0.00895	0.03499	0.00644	0.00735	0.00541	0.00368	0.00299	0.00098	0.00474	0.00248	0.00194	0.00539
8	0.00495	0.00359	0.00467	0.00551	0.00585	0.00332	0.00371	0.00570	0.00797	0.01053	0.04029	0.77056	0.09355	0.01242	0.00514	0.00162	0.00232	0.01120	0.00378	0.00332
9	0.00507	0.00363	0.00470	0.00550	0.00578	0.00340	0.00367	0.00575	0.00768	0.01017	0.02221	0.71255	0.06189	0.09912	0.00676	0.00187	0.00254	0.03085	0.00363	0.00323
10	0.02907	0.00724	0.01174	0.72140	0.05484	0.00886	0.01059	0.03413	0.00841	0.01123	0.00756	0.01094	0.00576	0.00486	0.02889	0.00148	0.00536	0.00360	0.02943	0.00460
11	0.00766	0.00709	0.01187	0.81771	0.02712	0.00883	0.01097	0.01033	0.00813	0.01053	0.00742	0.01097	0.00559	0.00408	0.00401	0.00134	0.00528	0.00361	0.03297	0.00448
12	0.00497	0.00355	0.00473	0.00563	0.00589	0.00331	0.00377	0.00571	0.00787	0.01052	0.04502	0.83164	0.02715	0.01259	0.00517	0.00164	0.00234	0.01142	0.00379	0.00331
13	0.01163	0.67765	0.01917	0.00771	0.01083	0.17538	0.00716	0.01288	0.00882	0.00962	0.00575	0.00672	0.00521	0.00369	0.00306	0.00092	0.02461	0.00229	0.00181	0.00509
14	0.00881	0.00706	0.00833	0.00606	0.00952	0.00536	0.00483	0.01057	0.00856	0.05726	0.00823	0.03896	0.00697	0.00346	0.00314	0.00067	0.00301	0.00282	0.00259	0.80378
15	0.01005	0.06976	0.06789	0.12135	0.25927	0.05928	0.07535	0.05430	0.17333	0.01371	0.02507	0.01143	0.01771	0.00436	0.00416	0.00126	0.01954	0.00383	0.00254	0.00579
16	0.01203	0.03471	0.05086	0.05492	0.21032	0.28208	0.05572	0.08660	0.04261	0.04261	0.00808	0.00982	0.00651	0.01979	0.03188	0.00142	0.03875	0.00341	0.00239	0.00548
17	0.00524	0.00415	0.00474	0.00483	0.00589	0.00372	0.00353	0.00678	0.03741	0.01235	0.23147	0.21370	0.43133	0.01015	0.00485	0.00141	0.00212	0.00877	0.00395	0.00360
18	0.02630	0.01190	0.16318	0.04037	0.11379	0.02575	0.06660	0.24436	0.16185	0.03299	0.03410	0.01121	0.00830	0.00452	0.00403	0.00125	0.00464	0.00381	0.00308	0.03799
19	0.01145	0.03773	0.17221	0.04371	0.18378	0.03918	0.06313	0.13040	0.10280	0.12238	0.02249	0.02355	0.00803	0.00451	0.00416	0.00126	0.01631	0.00384	0.00293	0.00613
20	0.01391	0.03565	0.01224	0.01062	0.01247	0.66773	0.03336	0.01501	0.01054	0.00999	0.00617	0.00766	0.00527	0.00460	0.00518	0.00117	0.13889	0.00282	0.00203	0.00470
21	0.00499	0.00361	0.00472	0.00552	0.00587	0.00334	0.00373	0.00580	0.00812	0.01082	0.08136	0.74614	0.07648	0.01225	0.00513	0.00160	0.00230	0.01105	0.00382	0.00334
22	0.04543	0.06764	0.05114	0.01121	0.06121	0.24680	0.15085	0.12146	0.06960	0.06762	0.01046	0.02068	0.04865	0.00459	0.00397	0.00120	0.00543	0.00381	0.00276	0.00550
23	0.01409	0.05411	0.01331	0.02422	0.07076	0.36059	0.08388	0.17911	0.04976	0.09855	0.00871	0.00938	0.00656	0.00432	0.00389	0.00115	0.00576	0.00333	0.00285	0.00567
24	0.00493	0.00387	0.00447	0.00484	0.00570	0.00340	0.00343	0.00590	0.00880	0.01114	0.09716	0.38268	0.42699	0.01114	0.00496	0.00148	0.00217	0.00972	0.00382	0.00340
25	0.00607	0.00396	0.00396	0.00396	0.00513	0.00359	0.00297	0.00750	0.00891	0.01289	0.02822	0.02799	0.45141	0.00771	0.00389	0.00117	0.00198	0.00635	0.40876	0.00359
26	0.02526	0.01098	0.12733	0.09006	0.14391	0.02528	0.07755	0.15041	0.14125	0.13632	0.01050	0.01118	0.00762	0.00447	0.00423	0.00129	0.01932	0.00382	0.00308	0.00616
27	0.00496	0.00361	0.00468	0.00548	0.00585	0.00333	0.00370	0.00574	0.00804	0.01063	0.05291	0.74622	0.10529	0.01232	0.00513	0.00161	0.00231	0.01110	0.00379	0.00333
28	0.00871	0.07399	0.32903	0.00942	0.01306	0.06184	0.09676	0.01154	0.00938	0.06695	0.09976	0.07355	0.11732	0.00579	0.00418	0.00128	0.00469	0.00494	0.00269	0.00511

[dist]
# distance from previous block
# <min> <max>
0	13

[block]
# block no. 1 follows, 66 sequences, length 20
# corresponding to MSA columns:
# 300-319
name=unknown_B
#
# <colnr> <probs for GDERKNQSTAVLIFYWHMCP>
#	G	D	E	R	K	N	Q	S	T	A	V	L	I	F	Y	W	H	M	C	P
0	0.00908	0.05040	0.12397	0.00754	0.01137	0.00707	0.04447	0.03231	0.04305	0.04098	0.02259	0.00935	0.00686	0.00348	0.00333	0.00083	0.00370	0.00285	0.00250	0.57429
1	0.05791	0.18332	0.35456	0.00968	0.01400	0.05935	0.03618	0.12319	0.03116	0.08238	0.00813	0.00882	0.00598	0.00406	0.00361	0.00118	0.00513	0.00305	0.00245	0.00587
2	0.00500	0.00363	0.00473	0.00556	0.00593	0.00336	0.00380	0.00580	0.00803	0.01060	0.04277	0.74054	0.09518	0.01235	0.00515	0.00162	0.00236	0.03645	0.00378	0.00333
3	0.01470	0.00688	0.00877	0.00702	0.00966	0.00643	0.00569	0.08912	0.07700	0.52742	0.15754	0.01726	0.04228	0.00579	0.00423	0.00127	0.00321	0.00480	0.00473	0.00622
4	0.05191	0.07938	0.46251	0.01101	0.01583	0.00965	0.13503	0.04774	0.00940	0.09198	0.02115	0.00957	0.00635	0.00396	0.00386	0.00124	0.00541	0.00336	0.00228	0.02837
5	0.04306	0.70455	0.12026	0.00746	0.01119	0.01474	0.00781	0.01241	0.00832	0.03063	0.00610	0.00694	0.00529	0.00357	0.00279	0.00094	0.00448	0.00232	0.00184	0.00532
6	0.00494	0.00355	0.00468	0.00559	0.00587	0.00330	0.00374	0.00566	0.00783	0.01038	0.02311	0.82226	0.05886	0.01261	0.00516	0.00164	0.00234	0.01142	0.00377	0.00330
7	0.00494	0.00353	0.00471	0.00565	0.00588	0.00330	0.00377	0.00565	0.00777	0.01036	0.02236	0.85477	0.02683	0.01271	0.00518	0.00165	0.00235	0.01153	0.00377	0.00330
8	0.01539	0.01115	0.01162	0.00909	0.01219	0.06078	0.00743	0.62759	0.06908	0.11796	0.01069	0.01041	0.00751	0.00489	0.00404	0.00122	0.00444	0.00370	0.00406	0.00674
9	0.01510	0.06110	0.01228	0.00893	0.01213	0.01202	0.00743	0.64913	0.06523	0.09975	0.01048	0.01025	0.00742	0.00484	0.00398	0.00121	0.00429	0.00366	0.00401	0.00677
10	0.00560	0.00425	0.00517	0.00492	0.00602	0.00387	0.00369	0.00751	0.03085	0.01488	0.60061	0.03225	0.24791	0.00875	0.00477	0.00130	0.00198	0.00759	0.00427	0.00378
11	0.01085	0.85986	0.02126	0.00694	0.01041	0.01605	0.00694	0.01215	0.00824	0.00955	0.00564	0.00651	0.00521	0.00347	0.00260	0.00087	0.00434	0.00217	0.00174	0.00521
12	0.00853	0.00727	0.00957	0.00855	0.03639	0.00767	0.09654	0.01499	0.39299	0.03376	0.21783	0.04815	0.08717	0.00653	0.00445	0.00135	0.00323	0.00581	0.00389	0.00533
13	0.00841	0.00721	0.00841	0.00601	0.00961	0.00541	0.00481	0.01022	0.00841	0.01322	0.00721	0.00841	0.00601	0.00300	0.00300	0.00060	0.00300	0.00240	0.00240	0.88222
14	0.00494	0.00353	0.00471	0.00565	0.00588	0.00330	0.00377	0.00565	0.00777	0.01036	0.02236	0.85477	0.02683	0.01271	0.00518	0.00165	0.00235	0.01153	0.00377	0.00330
15	0.04760	0.02116	0.10012	0.03644	0.23614	0.02126	0.14498	0.13149	0.17434	0.01581	0.02434	0.01118	0.00794	0.00428	0.00409	0.00128	0.00483	0.00392	0.00277	0.00607
16	0.00684	0.00512	0.00605	0.00561	0.00694	0.00502	0.00426	0.05327	0.11256	0.03183	0.47623	0.07390	0.18005	0.00831	0.00467	0.00132	0.00230	0.00719	0.00424	0.00427
17	0.01118	0.00873	0.01406	0.06267	0.37233	0.02220	0.10782	0.05539	0.02315	0.16720	0.02481	0.06132	0.04081	0.00484	0.00423	0.00128	0.00454	0.00456	0.00292	0.00595
18	0.01030	0.00963	0.01472	0.17173	0.34928	0.04951	0.09984	0.08281	0.07101	0.03327	0.02133	0.01142	0.00743	0.00429	0.00445	0.00129	0.03328	0.01618	0.00244	0.00579
19	0.00960	0.37148	0.01162	0.00534	0.00750	0.00918	0.00478	0.01122	0.00858	0.06134	0.01014	0.01135	0.00815	0.00421	0.00281	0.00093	0.00303	0.00311	0.45106	0.00458

[dist]
# distance from previous block
# <min> <max>
2	5

[block]
# block no. 2 follows, 66 sequences, length 27
# corresponding to MSA columns:
# 325-351
name=unknown_C
#
# <colnr> <probs for GDERKNQSTAVLIFYWHMCP>
#	G	D	E	R	K	N	Q	S	T	A	V	L	I	F	Y	W	H	M	C	P
0	0.00957	0.00913	0.01544	0.18839	0.65237	0.00953	0.01207	0.01225	0.02843	0.01277	0.00776	0.01032	0.00637	0.00375	0.00403	0.00124	0.00490	0.00364	0.00202	0.00604
1	0.00957	0.13468	0.34772	0.02358	0.08756	0.03105	0.07115	0.05739	0.05231	0.02778	0.00847	0.03091	0.00679	0.00418	0.00378	0.00118	0.00509	0.01473	0.00223	0.07986
2	0.00586	0.00411	0.00532	0.00532	0.00563	0.00442	0.00358	0.00647	0.00617	0.00853	0.01196	0.02201	0.01278	0.50395	0.37143	0.00504	0.00690	0.00524	0.00234	0.00296
3	0.00494	0.00353	0.00471	0.00565	0.00588	0.00330	0.00377	0.00565	0.00777	0.01036	0.02236	0.85477	0.02683	0.01271	0.00518	0.00165	0.00235	0.01153	0.00377	0.00330
4	0.00856	0.00487	0.00508	0.00477	0.00609	0.00505	0.00365	0.02845	0.13698	0.05468	0.01451	0.01556	0.03135	0.00501	0.00317	0.00104	0.00223	0.00404	0.66050	0.00440
5	0.00756	0.00378	0.00378	0.00378	0.00473	0.00378	0.00284	0.00945	0.00851	0.01513	0.01324	0.01513	0.01040	0.00473	0.00284	0.00095	0.00189	0.00378	0.87994	0.00378
6	0.01085	0.85986	0.02126	0.00694	0.01041	0.01605	0.00694	0.01215	0.00824	0.00955	0.00564	0.00651	0.00521	0.00347	0.00260	0.00087	0.00434	0.00217	0.00174	0.00521
7	0.00580	0.00435	0.00652	0.00652	0.00724	0.00507	0.00507	0.00724	0.00652	0.00942	0.01087	0.01594	0.01014	0.03043	0.84134	0.00652	0.01087	0.00435	0.00217	0.00362
8	0.01516	0.01934	0.01150	0.01045	0.01254	0.84113	0.00784	0.01620	0.01150	0.00993	0.00627	0.00732	0.00523	0.00418	0.00366	0.00105	0.00732	0.00261	0.00209	0.00470
9	0.00766	0.00721	0.01217	0.84767	0.02794	0.00901	0.01127	0.01037	0.00811	0.01037	0.00721	0.01082	0.00541	0.00406	0.00406	0.00135	0.00541	0.00361	0.00180	0.00451
10	0.01085	0.85986	0.02126	0.00694	0.01041	0.01605	0.00694	0.01215	0.00824	0.00955	0.00564	0.00651	0.00521	0.00347	0.00260	0.00087	0.00434	0.00217	0.00174	0.00521
11	0.50211	0.00636	0.00555	0.00513	0.00717	0.00679	0.00409	0.01013	0.00802	0.06243	0.03125	0.06213	0.24880	0.00642	0.00350	0.00132	0.00279	0.01868	0.00314	0.00418
12	0.01110	0.81023	0.02068	0.00715	0.01054	0.06477	0.00699	0.01239	0.00844	0.00957	0.00568	0.00656	0.00521	0.00351	0.00267	0.00088	0.00451	0.00220	0.00176	0.00518
13	0.01490	0.01115	0.01164	0.00912	0.01214	0.04927	0.00744	0.71342	0.01788	0.04724	0.01048	0.05757	0.00804	0.00529	0.00410	0.00124	0.00444	0.00406	0.00398	0.00660
14	0.00677	0.00571	0.00812	0.00756	0.00798	0.00723	0.00595	0.00787	0.00635	0.00935	0.00936	0.01497	0.00918	0.11888	0.48838	0.00474	0.27149	0.00428	0.00208	0.00374
15	0.00780	0.00735	0.01242	0.79908	0.07543	0.00905	0.01134	0.01049	0.00818	0.01054	0.00724	0.01077	0.00547	0.00403	0.00405	0.00134	0.00537	0.00361	0.00181	0.00462
16	0.01542	0.01136	0.01218	0.00933	0.01258	0.01258	0.00771	0.81858	0.01908	0.02557	0.00974	0.00974	0.00690	0.00487	0.00406	0.00122	0.00446	0.00365	0.00406	0.00690
17	0.00841	0.00721	0.00841	0.00601	0.00961	0.00541	0.00481	0.01022	0.00841	0.01322	0.00721	0.00841	0.00601	0.00300	0.00300	0.00060	0.00300	0.00240	0.00240	0.88222
18	0.00692	0.00358	0.00514	0.00514	0.00517	0.00358	0.00338	0.00547	0.00544	0.00736	0.00789	0.01411	0.00806	0.11467	0.01609	0.75395	0.00353	0.00381	0.02481	0.00190
19	0.01468	0.04940	0.01228	0.00912	0.01228	0.01249	0.00755	0.70141	0.10023	0.02397	0.01024	0.01014	0.00738	0.00487	0.00400	0.00122	0.00433	0.00368	0.00396	0.00677
20	0.11397	0.01803	0.01087	0.00987	0.01201	0.74673	0.00745	0.01572	0.01098	0.01087	0.00620	0.00723	0.00513	0.00413	0.00353	0.00107	0.00684	0.00257	0.00214	0.00467
21	0.00880	0.05269	0.26879	0.04952	0.23304	0.02031	0.09326	0.01259	0.07350	0.01339	0.11069	0.01289	0.02361	0.00453	0.00409	0.00126	0.00489	0.00408	0.00240	0.00566
22	0.00580	0.00433	0.00646	0.00646	0.00716	0.00504	0.00499	0.00720	0.00650	0.00937	0.01093	0.01627	0.01029	0.05620	0.81577	0.00644	0.01065	0.00440	0.00218	0.00359
23	0.00601	0.03100	0.03699	0.00588	0.00681	0.00501	0.00461	0.00731	0.00786	0.01084	0.17794	0.05302	0.08630	0.18812	0.31518	0.00377	0.02095	0.02597	0.00288	0.00355
24	0.05601	0.02563	0.00861	0.00612	0.00959	0.00606	0.00493	0.01104	0.04524	0.02874	0.00768	0.00868	0.00627	0.00321	0.00304	0.00069	0.00306	0.00252	0.00252	0.76038
25	0.01162	0.04358	0.20264	0.02973	0.08713	0.03258	0.06480	0.07286	0.02067	0.21079	0.05025	0.01131	0.00846	0.00452	0.00449	0.00122	0.05453	0.00367	0.00297	0.08219
26	0.00718	0.04886	0.04468	0.00663	0.00806	0.02648	0.02621	0.02580	0.07182	0.04764	0.11637	0.44036	0.05835	0.00929	0.00463	0.00142	0.00298	0.00823	0.00360	0.04141

[dist]
# distance from previous block
# <min> <max>
0	11

[block]
# block no. 3 follows, 66 sequences, length 30
# corresponding to MSA columns:
# 363-392
name=unknown_D
#
# <colnr> <probs for GDERKNQSTAVLIFYWHMCP>
#	G	D	E	R	K	N	Q	S	T	A	V	L	I	F	Y	W	H	M	C	P
0	0.00917	0.29875	0.44946	0.00927	0.01394	0.01101	0.01088	0.01230	0.00849	0.03126	0.00754	0.04174	0.00621	0.00404	0.00343	0.00111	0.00501	0.00304	0.00193	0.07143
1	0.06548	0.00887	0.01009	0.00792	0.01094	0.00902	0.00654	0.38888	0.01415	0.22537	0.01174	0.02477	0.00888	0.00515	0.00395	0.00120	0.00385	0.06130	0.00395	0.12794
2	0.00822	0.00698	0.00824	0.00609	0.00940	0.00548	0.00485	0.01025	0.03027	0.01311	0.02447	0.00958	0.00714	0.00515	0.06344	0.00106	0.00355	0.00270	0.00248	0.77754
3	0.00680	0.00478	0.00620	0.00632	0.03536	0.00512	0.00421	0.00815	0.05467	0.04058	0.03424	0.02150	0.01325	0.43970	0.26827	0.00423	0.02563	0.01494	0.00260	0.00345
4	0.00825	0.00704	0.00824	0.00599	0.00944	0.00531	0.00476	0.01000	0.00838	0.01309	0.00793	0.04834	0.00699	0.00346	0.00311	0.00065	0.00297	0.00283	0.00247	0.84075
5	0.01495	0.01113	0.01191	0.00924	0.01240	0.01236	0.00760	0.74746	0.09097	0.02480	0.01034	0.01022	0.00739	0.00493	0.00406	0.00123	0.00435	0.00374	0.00406	0.00686
6	0.02169	0.23127	0.21421	0.03749	0.08907	0.05792	0.00940	0.09099	0.02222	0.14503	0.00858	0.00920	0.00637	0.00404	0.00356	0.00112	0.00478	0.00307	0.00260	0.03740
7	0.01904	0.08020	0.12464	0.00902	0.06435	0.03632	0.00761	0.11712	0.08149	0.11774	0.02620	0.04930	0.09686	0.01695	0.00470	0.00126	0.05380	0.00435	0.00311	0.08593
8	0.00508	0.00372	0.00479	0.00550	0.00594	0.00346	0.00375	0.00609	0.02121	0.01103	0.09460	0.69614	0.09967	0.01199	0.00509	0.00159	0.00230	0.01079	0.00383	0.00340
9	0.00766	0.00721	0.01217	0.84767	0.02794	0.00901	0.01127	0.01037	0.00811	0.01037	0.00721	0.01082	0.00541	0.00406	0.00406	0.00135	0.00541	0.00361	0.00180	0.00451
10	0.00936	0.03590	0.23213	0.09557	0.18193	0.00926	0.20888	0.02121	0.01989	0.05898	0.00923	0.07094	0.00763	0.00449	0.00434	0.00132	0.01674	0.00431	0.00226	0.00564
11	0.00595	0.00406	0.00535	0.00596	0.00649	0.00396	0.00419	0.00731	0.04593	0.04696	0.03243	0.63747	0.02384	0.03840	0.06578	0.00204	0.00317	0.05339	0.00369	0.00363
12	0.00814	0.02099	0.83640	0.01156	0.01756	0.00942	0.01499	0.01285	0.00857	0.01285	0.00728	0.00857	0.00514	0.00385	0.00385	0.00128	0.00600	0.00300	0.00171	0.00600
13	0.00605	0.00615	0.08344	0.00689	0.06652	0.00468	0.00528	0.00788	0.02196	0.02485	0.23092	0.12482	0.36559	0.00884	0.00468	0.00136	0.00269	0.01969	0.00365	0.00407
14	0.00762	0.00610	0.00925	0.01127	0.22269	0.00605	0.04456	0.00936	0.04411	0.05314	0.01649	0.31246	0.06663	0.12775	0.02384	0.00189	0.02212	0.00717	0.00305	0.00446
15	0.01523	0.00616	0.00818	0.00659	0.00905	0.00545	0.00528	0.01664	0.01055	0.62644	0.01575	0.03587	0.01145	0.10068	0.00591	0.00156	0.00336	0.03255	0.07735	0.00595
16	0.01516	0.01934	0.01150	0.01045	0.01254	0.84113	0.00784	0.01620	0.01150	0.00993	0.00627	0.00732	0.00523	0.00418	0.00366	0.00105	0.00732	0.00261	0.00209	0.00470
17	0.01081	0.59534	0.17563	0.00849	0.03105	0.04636	0.00866	0.04803	0.00899	0.02531	0.00638	0.00728	0.00538	0.00366	0.00301	0.00098	0.00477	0.00248	0.00191	0.00547
18	0.01584	0.01070	0.01177	0.00902	0.01225	0.01160	0.00745	0.69990	0.01797	0.14582	0.01067	0.01035	0.00737	0.00489	0.00406	0.00122	0.00431	0.00372	0.00420	0.00690
19	0.00588	0.00398	0.00458	0.00464	0.00477	0.00395	0.00279	0.00609	0.00638	0.00847	0.03321	0.04433	0.04043	0.74342	0.01857	0.00362	0.00379	0.05584	0.00265	0.00261
20	0.01050	0.75253	0.12555	0.00753	0.01133	0.01521	0.00797	0.01224	0.00828	0.00997	0.00585	0.00677	0.00520	0.00352	0.00276	0.00092	0.00455	0.00228	0.00173	0.00531
21	0.00533	0.00431	0.00477	0.00468	0.00591	0.00385	0.00350	0.00710	0.04830	0.01277	0.27121	0.08096	0.51363	0.00960	0.00478	0.00136	0.00208	0.00818	0.00399	0.00368
22	0.00580	0.00435	0.00652	0.00652	0.00724	0.00507	0.00507	0.00724	0.00652	0.00942	0.01087	0.01594	0.01014	0.03043	0.84134	0.00652	0.01087	0.00435	0.00217	0.00362
23	0.00790	0.00746	0.01261	0.76384	0.10987	0.00908	0.01139	0.01058	0.00823	0.01066	0.00725	0.01074	0.00551	0.00401	0.00405	0.00134	0.00535	0.00361	0.00182	0.00470
24	0.01060	0.78495	0.09405	0.00735	0.01105	0.01546	0.00766	0.01221	0.00827	0.00984	0.00579	0.00669	0.00520	0.00351	0.00271	0.00090	0.00449	0.00224	0.00173	0.00528
25	0.00506	0.00361	0.00484	0.00578	0.00607	0.00339	0.00397	0.00585	0.00788	0.01049	0.02230	0.79651	0.02658	0.01260	0.00521	0.00166	0.00245	0.06866	0.00376	0.00333
26	0.00580	0.00435	0.00652	0.00652	0.00724	0.00507	0.00507	0.00724	0.00652	0.00942	0.01087	0.01594	0.01014	0.03043	0.84134	0.00652	0.01087	0.00435	0.00217	0.00362
27	0.00580	0.00433	0.00643	0.00643	0.00712	0.00502	0.00496	0.00719	0.00649	0.00935	0.01095	0.01641	0.01035	0.06679	0.80526	0.00641	0.01056	0.00442	0.00219	0.00357
28	0.00826	0.05922	0.79924	0.01135	0.01723	0.00972	0.01462	0.01282	0.00855	0.01270	0.00721	0.00847	0.00514	0.00384	0.00380	0.00127	0.00592	0.00296	0.00171	0.00596
29	0.77868	0.00840	0.00750	0.00638	0.00900	0.03439	0.06308	0.01229	0.00733	0.03435	0.00607	0.00707	0.00466	0.00378	0.00274	0.00126	0.00354	0.00243	0.00252	0.00453

[dist]
# distance from previous block
# <min> <max>
0	1

[block]
# block no. 4 follows, 66 sequences, length 12
# corresponding to MSA columns:
# 394-405
name=unknown_E
#
# <colnr> <probs for GDERKNQSTAVLIFYWHMCP>
#	G	D	E	R	K	N	Q	S	T	A	V	L	I	F	Y	W	H	M	C	P
0	0.82133	0.00811	0.00643	0.00563	0.00820	0.00936	0.00464	0.07191	0.00781	0.01875	0.00595	0.00682	0.00458	0.00385	0.00263	0.00125	0.00324	0.00231	0.00263	0.00458
1	0.00571	0.00433	0.00516	0.00508	0.00620	0.00404	0.00380	0.00743	0.04118	0.03060	0.26995	0.11924	0.36417	0.01195	0.10072	0.00196	0.00313	0.00778	0.00383	0.00375
2	0.01514	0.01098	0.01184	0.00917	0.01234	0.01212	0.00754	0.72632	0.07888	0.05816	0.01050	0.01031	0.00744	0.00492	0.00406	0.00123	0.00433	0.00374	0.00410	0.00686
3	0.01542	0.01136	0.01218	0.00933	0.01258	0.01258	0.00771	0.81858	0.01908	0.02557	0.00974	0.00974	0.00690	0.00487	0.00406	0.00122	0.00446	0.00365	0.00406	0.00690
4	0.00678	0.00459	0.00574	0.00532	0.00649	0.00439	0.00403	0.00937	0.07189	0.05588	0.64912	0.02746	0.05286	0.00771	0.00456	0.00126	0.00209	0.00674	0.06955	0.00416
5	0.00580	0.00435	0.00652	0.00652	0.00724	0.00507	0.00507	0.00724	0.00652	0.00942	0.01087	0.01594	0.01014	0.03043	0.84134	0.00652	0.01087	0.00435	0.00217	0.00362
6	0.00534	0.00377	0.00496	0.00576	0.00607	0.00361	0.00402	0.00613	0.00774	0.01028	0.02081	0.60347	0.02450	0.13695	0.00753	0.00202	0.00281	0.13744	0.00357	0.00324
7	0.00705	0.00352	0.00529	0.00529	0.00529	0.00352	0.00352	0.00529	0.00529	0.00705	0.00705	0.01233	0.00705	0.01409	0.01586	0.88196	0.00352	0.00352	0.00176	0.00176
8	0.01066	0.68511	0.14772	0.00779	0.01164	0.01484	0.00824	0.05419	0.00886	0.01089	0.00611	0.00700	0.00528	0.00360	0.00287	0.00095	0.00460	0.00238	0.00185	0.00542
9	0.02454	0.00763	0.00915	0.00810	0.00990	0.05700	0.08953	0.04712	0.30619	0.01464	0.13195	0.22291	0.03922	0.00744	0.00450	0.00140	0.00346	0.00661	0.00371	0.00499
10	0.09084	0.29882	0.20688	0.00824	0.01205	0.06822	0.00843	0.04240	0.00952	0.18633	0.00844	0.00876	0.00622	0.00400	0.00333	0.00110	0.00461	0.00286	0.00262	0.02633
11	0.00923	0.31226	0.47398	0.00959	0.01427	0.04414	0.01132	0.01244	0.00859	0.01158	0.02963	0.00861	0.00623	0.00459	0.02656	0.00127	0.00549	0.00285	0.00182	0.00554

[dist]
# distance from previous block
# <min> <max>
0	23

[block]
# block no. 5 follows, 66 sequences, length 12
# corresponding to MSA columns:
# 429-440
name=unknown_F
#
# <colnr> <probs for GDERKNQSTAVLIFYWHMCP>
#	G	D	E	R	K	N	Q	S	T	A	V	L	I	F	Y	W	H	M	C	P
0	0.38629	0.32560	0.10375	0.00701	0.01029	0.03445	0.00681	0.06321	0.00848	0.01465	0.00610	0.00700	0.00496	0.00375	0.00282	0.00111	0.00410	0.00238	0.00222	0.00504
1	0.00583	0.00393	0.00454	0.00460	0.00465	0.00394	0.00266	0.00594	0.00605	0.00810	0.01333	0.08083	0.01534	0.76462	0.05630	0.00390	0.00414	0.00620	0.00253	0.00257
2	0.01756	0.05476	0.01031	0.00738	0.01055	0.00709	0.00617	0.08718	0.01206	0.72025	0.01490	0.01306	0.00951	0.00492	0.00400	0.00123	0.00359	0.00394	0.00476	0.00681
3	0.88607	0.00785	0.00596	0.00534	0.00785	0.00910	0.00439	0.01193	0.00690	0.01820	0.00565	0.00659	0.00439	0.00377	0.00251	0.00126	0.00314	0.00220	0.00251	0.00439
4	0.00641	0.00428	0.00554	0.00514	0.00622	0.00392	0.00388	0.00828	0.01132	0.05882	0.73472	0.02930	0.06431	0.00809	0.00469	0.00127	0.00200	0.00710	0.03074	0.00397
5	0.00660	0.00436	0.00559	0.00516	0.00633	0.00395	0.00391	0.00839	0.01124	0.07900	0.67875	0.03001	0.12472	0.00826	0.00473	0.00128	0.00205	0.00722	0.00443	0.00402
6	0.00494	0.00353	0.00471	0.00565	0.00588	0.00330	0.00377	0.00565	0.00777	0.01036	0.02236	0.85477	0.02683	0.01271	0.00518	0.00165	0.00235	0.01153	0.00377	0.00330
7	0.00549	0.00381	0.00449	0.00481	0.00500	0.00368	0.00294	0.00581	0.00679	0.00894	0.01821	0.30444	0.08299	0.50832	0.01423	0.00297	0.00326	0.00799	0.00300	0.00281
8	0.01031	0.00972	0.01626	0.02414	0.79171	0.00978	0.01222	0.05219	0.00972	0.01386	0.00774	0.01003	0.00645	0.00368	0.00402	0.00121	0.00480	0.00362	0.00211	0.00645
9	0.01030	0.01014	0.01621	0.02416	0.79015	0.05221	0.01222	0.01264	0.00935	0.01308	0.00756	0.00990	0.00637	0.00364	0.00400	0.00120	0.00495	0.00356	0.00201	0.00634
10	0.19077	0.03895	0.19437	0.01143	0.13655	0.05301	0.04419	0.13194	0.06244	0.08640	0.00863	0.00940	0.00637	0.00414	0.00366	0.00124	0.00467	0.00325	0.00274	0.00586
11	0.04851	0.10737	0.09590	0.00826	0.01095	0.04848	0.06061	0.09140	0.22121	0.03311	0.07314	0.08402	0.08817	0.00598	0.00406	0.00128	0.00391	0.00499	0.00327	0.00534

[dist]
# distance from previous block
# <min> <max>
1	8

[block]
# block no. 6 follows, 66 sequences, length 15
# corresponding to MSA columns:
# 452-466
name=unknown_G
#
# <colnr> <probs for GDERKNQSTAVLIFYWHMCP>
#	G	D	E	R	K	N	Q	S	T	A	V	L	I	F	Y	W	H	M	C	P
0	0.04508	0.06476	0.03874	0.04280	0.15940	0.02884	0.07087	0.29640	0.03102	0.01703	0.02807	0.10402	0.00938	0.00538	0.00446	0.00128	0.03919	0.00451	0.00301	0.00575
1	0.34129	0.01061	0.02992	0.00782	0.01076	0.08029	0.00653	0.36789	0.01305	0.08349	0.00834	0.00864	0.00602	0.00439	0.00344	0.00122	0.00417	0.00304	0.00333	0.00576
2	0.06203	0.03084	0.02817	0.03097	0.19326	0.10118	0.02415	0.28191	0.01245	0.06502	0.00906	0.03836	0.00723	0.00477	0.00450	0.00124	0.06075	0.00371	0.03452	0.00588
3	0.00705	0.00352	0.00529	0.00529	0.00529	0.00352	0.00352	0.00529	0.00529	0.00705	0.00705	0.01233	0.00705	0.01409	0.01586	0.88196	0.00352	0.00352	0.00176	0.00176
4	0.01126	0.77870	0.02032	0.00728	0.01062	0.09572	0.00703	0.01254	0.00856	0.00958	0.00570	0.00659	0.00521	0.00354	0.00271	0.00088	0.00463	0.00221	0.00177	0.00516
5	0.07203	0.01068	0.01149	0.00886	0.01205	0.01168	0.00732	0.68418	0.01752	0.10839	0.01012	0.00996	0.00706	0.00481	0.00396	0.00122	0.00427	0.00360	0.00406	0.00674
6	0.00486	0.00411	0.00420	0.00418	0.00552	0.00345	0.00314	0.00596	0.00941	0.01134	0.09811	0.03841	0.77321	0.01013	0.00479	0.00136	0.00204	0.00847	0.00382	0.00345
7	0.00888	0.00888	0.01243	0.01065	0.01065	0.01243	0.00888	0.00976	0.00621	0.00976	0.00533	0.00888	0.00533	0.00710	0.01331	0.00178	0.84999	0.00355	0.00178	0.00444
8	0.00568	0.00414	0.00534	0.00504	0.00602	0.00380	0.00378	0.00754	0.01134	0.01593	0.77894	0.03087	0.08953	0.00842	0.00479	0.00128	0.00192	0.00742	0.00442	0.00380
9	0.00556	0.00394	0.00452	0.00460	0.00499	0.00375	0.00289	0.00606	0.00738	0.00970	0.11250	0.13216	0.16729	0.50137	0.01403	0.00288	0.00316	0.00725	0.00309	0.00289
10	0.00873	0.05809	0.74657	0.01121	0.01692	0.00992	0.01416	0.06480	0.00923	0.01352	0.00737	0.00855	0.00526	0.00390	0.00381	0.00126	0.00582	0.00300	0.00187	0.00602
11	0.00872	0.00482	0.00622	0.00549	0.00701	0.00431	0.00423	0.01038	0.01107	0.21836	0.50729	0.02716	0.12699	0.03353	0.00509	0.00136	0.00237	0.00664	0.00446	0.00450
12	0.02489	0.07234	0.09321	0.00737	0.00943	0.04911	0.04058	0.01157	0.18819	0.01293	0.10033	0.22136	0.13712	0.00772	0.00438	0.00136	0.00343	0.00665	0.00337	0.00466
13	0.01069	0.00969	0.02704	0.02544	0.07751	0.07551	0.13972	0.09191	0.07499	0.07582	0.04122	0.01130	0.00828	0.02377	0.00512	0.00121	0.07914	0.00373	0.00279	0.21512
14	0.06489	0.10649	0.25372	0.02960	0.02857	0.09645	0.05921	0.10090	0.08691	0.04973	0.02063	0.02980	0.04648	0.00469	0.00382	0.00123	0.00493	0.00373	0.00264	0.00558

[dist]
# distance from previous block
# <min> <max>
2	10

[block]
# block no. 7 follows, 66 sequences, length 16
# corresponding to MSA columns:
# 477-492
name=unknown_H
#
# <colnr> <probs for GDERKNQSTAVLIFYWHMCP>
#	G	D	E	R	K	N	Q	S	T	A	V	L	I	F	Y	W	H	M	C	P
0	0.01055	0.06652	0.12410	0.05183	0.12358	0.04920	0.11478	0.16605	0.09428	0.02909	0.03682	0.03095	0.00891	0.01880	0.02441	0.00144	0.01727	0.02293	0.00278	0.00571
1	0.02924	0.00566	0.00740	0.00632	0.00807	0.00544	0.00490	0.05611	0.00985	0.33510	0.13931	0.01815	0.02923	0.10940	0.14551	0.07234	0.00453	0.00481	0.00378	0.00485
2	0.00959	0.03051	0.05469	0.00859	0.03260	0.09556	0.02073	0.06835	0.35411	0.01492	0.09288	0.11968	0.04558	0.00648	0.00449	0.00134	0.02557	0.00540	0.00354	0.00540
3	0.00580	0.00435	0.00652	0.00652	0.00724	0.00507	0.00507	0.00724	0.00652	0.00942	0.01087	0.01594	0.01014	0.03043	0.84134	0.00652	0.01087	0.00435	0.00217	0.00362
4	0.00955	0.00898	0.01409	0.38370	0.40485	0.04656	0.01146	0.02931	0.00912	0.03289	0.00764	0.01035	0.00603	0.00390	0.00402	0.00126	0.00515	0.00358	0.00204	0.00553
5	0.00548	0.00397	0.00486	0.00507	0.00593	0.00356	0.00364	0.00665	0.00937	0.03443	0.25593	0.35181	0.27342	0.01052	0.00492	0.00145	0.00217	0.00925	0.00400	0.00358
6	0.01009	0.00872	0.00917	0.00826	0.01055	0.01009	0.00642	0.02156	0.82478	0.01697	0.01651	0.01514	0.01238	0.00550	0.00413	0.00138	0.00321	0.00459	0.00413	0.00642
7	0.01270	0.01001	0.01064	0.00878	0.01155	0.01131	0.00705	0.41213	0.42996	0.02118	0.01319	0.01249	0.00970	0.00519	0.00409	0.00130	0.00383	0.00413	0.00409	0.00666
8	0.01142	0.00937	0.00992	0.00852	0.01106	0.01071	0.00674	0.21982	0.62436	0.01911	0.01483	0.01379	0.01102	0.00535	0.00411	0.00134	0.00352	0.00435	0.00411	0.00654
9	0.00536	0.00427	0.00483	0.00466	0.00588	0.00380	0.00350	0.00708	0.03489	0.01342	0.37838	0.03458	0.46626	0.00928	0.00477	0.00133	0.00203	0.00792	0.00408	0.00369
10	0.00486	0.00407	0.00422	0.00426	0.00554	0.00344	0.00317	0.00591	0.00928	0.01122	0.08430	0.09084	0.73437	0.01032	0.00482	0.00138	0.00207	0.00868	0.00381	0.00344
11	0.00494	0.00353	0.00471	0.00565	0.00588	0.00330	0.00377	0.00565	0.00777	0.01036	0.02236	0.85477	0.02683	0.01271	0.00518	0.00165	0.00235	0.01153	0.00377	0.00330
12	0.01061	0.42274	0.03213	0.04818	0.01210	0.11161	0.04680	0.01202	0.00822	0.02387	0.00619	0.00801	0.00551	0.00523	0.02889	0.00132	0.20689	0.00285	0.00187	0.00494
13	0.00504	0.00362	0.00480	0.00563	0.00596	0.00338	0.00383	0.00588	0.00811	0.01084	0.08003	0.75297	0.04731	0.01229	0.00515	0.00162	0.00236	0.03402	0.00381	0.00335
14	0.05461	0.17466	0.15062	0.02672	0.06812	0.05889	0.16678	0.11010	0.04169	0.02904	0.03237	0.01051	0.02823	0.00428	0.00406	0.00121	0.02648	0.00362	0.00244	0.00556
15	0.01312	0.05297	0.03296	0.02630	0.18595	0.24532	0.04067	0.20866	0.05707	0.05924	0.00854	0.00949	0.00657	0.00436	0.00418	0.00119	0.03137	0.00338	0.00278	0.00588

[dist]
# distance from previous block
# <min> <max>
2	14

[block]
# block no. 8 follows, 66 sequences, length 18
# corresponding to MSA columns:
# 507-524
name=unknown_I
#
# <colnr> <probs for GDERKNQSTAVLIFYWHMCP>
#	G	D	E	R	K	N	Q	S	T	A	V	L	I	F	Y	W	H	M	C	P
0	0.08127	0.11425	0.09255	0.03284	0.10313	0.06224	0.08516	0.14233	0.10858	0.05622	0.00933	0.03351	0.00737	0.00447	0.00399	0.00122	0.02314	0.00365	0.00278	0.03198
1	0.00643	0.00458	0.00567	0.00600	0.00685	0.00446	0.00444	0.04762	0.04714	0.03607	0.06642	0.41552	0.13077	0.05935	0.00593	0.00171	0.00279	0.14067	0.00379	0.00380
2	0.07106	0.07807	0.03649	0.03419	0.10042	0.04405	0.03163	0.33545	0.10510	0.04267	0.00975	0.01096	0.00752	0.00560	0.03393	0.00143	0.02139	0.02106	0.00320	0.00603
3	0.00498	0.00360	0.00471	0.00552	0.00587	0.00333	0.00372	0.00577	0.00807	0.01073	0.06870	0.75401	0.08140	0.01230	0.00513	0.00161	0.00231	0.01110	0.00381	0.00333
4	0.08279	0.01036	0.01125	0.00868	0.01185	0.01123	0.00717	0.62592	0.01692	0.15739	0.01045	0.01016	0.00722	0.00481	0.00394	0.00123	0.00420	0.00361	0.00410	0.00671
5	0.88607	0.00785	0.00596	0.00534	0.00785	0.00910	0.00439	0.01193	0.00690	0.01820	0.00565	0.00659	0.00439	0.00377	0.00251	0.00126	0.00314	0.00220	0.00251	0.00439
6	0.01475	0.01760	0.01153	0.01052	0.03100	0.68183	0.00784	0.10155	0.06371	0.01211	0.00732	0.00813	0.00588	0.00432	0.00374	0.00109	0.00670	0.00287	0.00243	0.00508
7	0.00504	0.00362	0.00481	0.00572	0.00604	0.00339	0.00393	0.00583	0.00791	0.01049	0.02284	0.77898	0.04974	0.01254	0.00519	0.00165	0.00243	0.06273	0.00376	0.00333
8	0.00980	0.00854	0.00962	0.00843	0.01076	0.00967	0.04634	0.03477	0.70963	0.01662	0.03645	0.01638	0.05338	0.00569	0.00421	0.00137	0.00333	0.00484	0.00401	0.00617
9	0.00782	0.00737	0.01246	0.79252	0.08184	0.00906	0.01135	0.01051	0.00819	0.01056	0.00724	0.01076	0.00548	0.00403	0.00405	0.00134	0.00537	0.00361	0.00182	0.00464
10	0.00949	0.01156	0.07408	0.01676	0.02098	0.01021	0.76785	0.01299	0.00951	0.01299	0.00815	0.01080	0.00609	0.00345	0.00473	0.00136	0.00679	0.00468	0.00203	0.00550
11	0.00875	0.00718	0.00762	0.00715	0.00870	0.04649	0.00538	0.01472	0.39885	0.05453	0.06786	0.19728	0.06898	0.05503	0.00561	0.00156	0.02897	0.00642	0.00383	0.00506
12	0.00917	0.06644	0.65165	0.01143	0.01682	0.04043	0.06119	0.07267	0.00949	0.01351	0.00739	0.00863	0.00534	0.00389	0.00385	0.00125	0.00589	0.00309	0.00192	0.00594
13	0.00975	0.00905	0.01471	0.13109	0.46673	0.00943	0.07498	0.07038	0.08332	0.01418	0.05471	0.02572	0.00895	0.00433	0.00416	0.00127	0.00469	0.00414	0.00249	0.00593
14	0.01058	0.09034	0.14355	0.01019	0.07435	0.01069	0.03006	0.16073	0.35821	0.01654	0.01289	0.01276	0.04128	0.00493	0.00397	0.00127	0.00416	0.00403	0.00328	0.00618
15	0.04217	0.00676	0.03452	0.00920	0.05618	0.00605	0.18510	0.00992	0.00953	0.08736	0.19575	0.12888	0.13547	0.04719	0.01667	0.00155	0.00379	0.01603	0.00336	0.00451
16	0.01203	0.00948	0.05545	0.02295	0.15767	0.01851	0.04877	0.18351	0.14446	0.16214	0.06513	0.03580	0.01064	0.00503	0.00425	0.00126	0.01549	0.00429	0.00352	0.03961
17	0.00622	0.00451	0.00590	0.03102	0.03928	0.00435	0.00439	0.00762	0.02796	0.04134	0.17461	0.28409	0.13958	0.11494	0.06255	0.00209	0.00328	0.02610	0.00354	0.01665

[dist]
# distance from previous block
# <min> <max>
1	12

[block]
# block no. 9 follows, 66 sequences, length 36
# corresponding to MSA columns:
# 537-572
name=unknown_J
#
# <colnr> <probs for GDERKNQSTAVLIFYWHMCP>
#	G	D	E	R	K	N	Q	S	T	A	V	L	I	F	Y	W	H	M	C	P
0	0.02565	0.18720	0.04088	0.04055	0.00888	0.00752	0.00550	0.04104	0.05377	0.02348	0.05931	0.32974	0.07861	0.02918	0.03109	0.00156	0.00348	0.00691	0.00313	0.02252
1	0.03350	0.06319	0.25483	0.05307	0.03936	0.05307	0.02602	0.11321	0.00967	0.01360	0.05187	0.06681	0.00881	0.01506	0.00567	0.00135	0.14596	0.00398	0.00240	0.03857
2	0.03445	0.00671	0.00776	0.00689	0.00863	0.03061	0.02646	0.05155	0.20424	0.08334	0.17752	0.05000	0.13168	0.02391	0.03885	0.03103	0.02560	0.03308	0.00374	0.02396
3	0.04880	0.02150	0.00983	0.00780	0.01023	0.05465	0.02177	0.27206	0.06461	0.25016	0.01138	0.01249	0.00849	0.06653	0.00669	0.11578	0.00409	0.00386	0.00368	0.00561
4	0.00885	0.00937	0.04593	0.01069	0.01093	0.01230	0.00912	0.00989	0.00631	0.00989	0.00541	0.00886	0.00532	0.00697	0.01293	0.00176	0.81568	0.00353	0.00177	0.00450
5	0.00572	0.00443	0.00511	0.00514	0.00621	0.00410	0.00376	0.04968	0.02636	0.01288	0.21088	0.27261	0.35794	0.01016	0.00485	0.00142	0.00226	0.00881	0.00395	0.00372
6	0.01170	0.00754	0.00853	0.00710	0.00950	0.00775	0.00568	0.21170	0.19195	0.20387	0.09458	0.02006	0.18933	0.00652	0.00430	0.00130	0.00320	0.00535	0.00427	0.00576
7	0.01506	0.01883	0.01176	0.01053	0.01271	0.78973	0.02333	0.05051	0.01179	0.01066	0.00646	0.00749	0.00532	0.00420	0.00370	0.00106	0.00719	0.00270	0.00217	0.00481
8	0.00495	0.00370	0.00460	0.00525	0.00579	0.00335	0.00360	0.00579	0.00832	0.01081	0.06834	0.61349	0.22347	0.01189	0.00506	0.00156	0.00226	0.01059	0.00380	0.00335
9	0.88607	0.00785	0.00596	0.00534	0.00785	0.00910	0.00439	0.01193	0.00690	0.01820	0.00565	0.00659	0.00439	0.00377	0.00251	0.00126	0.00314	0.00220	0.00251	0.00439
10	0.01264	0.01040	0.01314	0.01047	0.02502	0.03344	0.14795	0.35775	0.26620	0.05007	0.02288	0.01199	0.00896	0.00483	0.00421	0.00129	0.00450	0.00418	0.00369	0.00640
11	0.00607	0.00427	0.00577	0.00621	0.00690	0.00410	0.01995	0.00731	0.02435	0.04800	0.04476	0.54345	0.08952	0.02316	0.00550	0.00166	0.01887	0.13274	0.00376	0.00366
12	0.00525	0.00413	0.00475	0.00459	0.00576	0.00362	0.00344	0.00671	0.01033	0.01353	0.42267	0.03482	0.44729	0.00932	0.00479	0.00132	0.00199	0.00797	0.00411	0.00362
13	0.00814	0.02099	0.83640	0.01156	0.01756	0.00942	0.01499	0.01285	0.00857	0.01285	0.00728	0.00857	0.00514	0.00385	0.00385	0.00128	0.00600	0.00300	0.00171	0.00600
14	0.01062	0.46890	0.14330	0.01186	0.19447	0.05898	0.00942	0.01282	0.01967	0.02673	0.00671	0.00791	0.00566	0.00366	0.00322	0.00103	0.00483	0.00271	0.00191	0.00562
15	0.00802	0.00559	0.00649	0.00581	0.00744	0.00539	0.00457	0.14689	0.01186	0.07483	0.30608	0.04335	0.29217	0.00838	0.00467	0.00134	0.00263	0.05592	0.00415	0.00443
16	0.00814	0.02099	0.83640	0.01156	0.01756	0.00942	0.01499	0.01285	0.00857	0.01285	0.00728	0.00857	0.00514	0.00385	0.00385	0.00128	0.00600	0.00300	0.00171	0.00600
17	0.03776	0.00895	0.00970	0.00805	0.01035	0.03213	0.00647	0.45545	0.06167	0.01909	0.01212	0.02426	0.05255	0.03378	0.20600	0.00258	0.00580	0.00423	0.00345	0.00560
18	0.01128	0.01264	0.01784	0.02914	0.24839	0.22353	0.33152	0.03496	0.02732	0.01266	0.00775	0.00981	0.00613	0.00376	0.00424	0.00123	0.00623	0.00385	0.00214	0.00559
19	0.00588	0.00453	0.00615	0.00653	0.00751	0.00431	0.03380	0.00751	0.02688	0.01164	0.04852	0.27167	0.19484	0.01095	0.00523	0.00165	0.00303	0.34199	0.00372	0.00367
20	0.00766	0.00721	0.01217	0.84767	0.02794	0.00901	0.01127	0.01037	0.00811	0.01037	0.00721	0.01082	0.00541	0.00406	0.00406	0.00135	0.00541	0.00361	0.00180	0.00451
21	0.03121	0.02889	0.01107	0.00979	0.01197	0.64347	0.00744	0.05904	0.11094	0.01181	0.00869	0.00929	0.03006	0.00454	0.00373	0.00111	0.00639	0.00307	0.00250	0.00499
22	0.00645	0.00512	0.00816	0.00782	0.00894	0.00489	0.11996	0.02286	0.00886	0.02371	0.04215	0.44323	0.03891	0.01055	0.00519	0.00164	0.00341	0.23073	0.00356	0.00386
23	0.00494	0.00353	0.00471	0.00565	0.00588	0.00330	0.00377	0.00565	0.00777	0.01036	0.02236	0.85477	0.02683	0.01271	0.00518	0.00165	0.00235	0.01153	0.00377	0.00330
24	0.00933	0.03436	0.37828	0.01402	0.01884	0.04459	0.39846	0.02967	0.00938	0.01299	0.00770	0.00963	0.00567	0.00367	0.00427	0.00130	0.00639	0.00383	0.00194	0.00569
25	0.00842	0.05284	0.36643	0.00896	0.01266	0.00805	0.04184	0.03014	0.10100	0.05357	0.21653	0.01651	0.05483	0.00551	0.00416	0.00128	0.00427	0.00463	0.00300	0.00538
26	0.00571	0.00415	0.00538	0.00507	0.00604	0.00381	0.00380	0.00759	0.01141	0.01609	0.80290	0.03061	0.06547	0.00836	0.00479	0.00128	0.00192	0.00738	0.00444	0.00381
27	0.00580	0.00435	0.00652	0.00652	0.00724	0.00507	0.00507	0.00724	0.00652	0.00942	0.01087	0.01594	0.01014	0.03043	0.84134	0.00652	0.01087	0.00435	0.00217	0.00362
28	0.00590	0.00393	0.00442	0.00442	0.00442	0.00393	0.00246	0.00590	0.00590	0.00787	0.01278	0.02655	0.01475	0.85742	0.02065	0.00393	0.00393	0.00590	0.00246	0.00246
29	0.18256	0.41841	0.23386	0.00800	0.01193	0.01272	0.00862	0.06114	0.00872	0.01309	0.00633	0.00727	0.00513	0.00372	0.00301	0.00108	0.00455	0.00248	0.00202	0.00536
30	0.01004	0.00964	0.01647	0.02490	0.83211	0.00964	0.01245	0.01245	0.00924	0.01325	0.00763	0.01004	0.00643	0.00361	0.00402	0.00120	0.00482	0.00361	0.00201	0.00643
31	0.00949	0.00755	0.00829	0.00765	0.00954	0.00844	0.00584	0.06871	0.54327	0.04699	0.01748	0.21921	0.01546	0.00720	0.00438	0.00143	0.00309	0.00620	0.00407	0.00571
32	0.00869	0.00808	0.01347	0.37958	0.38858	0.00888	0.01113	0.02668	0.00887	0.01204	0.00886	0.05677	0.00780	0.00464	0.00416	0.00132	0.00489	0.03810	0.00213	0.00532
33	0.01117	0.79666	0.02053	0.00721	0.01057	0.07809	0.00701	0.01245	0.00849	0.00957	0.00569	0.00657	0.00521	0.00352	0.00268	0.00088	0.00456	0.00220	0.00176	0.00517
34	0.00491	0.00411	0.00427	0.00423	0.00555	0.00347	0.00317	0.00605	0.00952	0.01161	0.13730	0.03798	0.73386	0.01003	0.00479	0.00136	0.00204	0.00841	0.00385	0.00347
35	0.00562	0.00416	0.00536	0.00557	0.00629	0.00417	0.00416	0.00675	0.00796	0.01058	0.09567	0.12114	0.18049	0.16910	0.23422	0.00332	0.00505	0.12385	0.00316	0.00337

[dist]
# distance from previous block
# <min> <max>
0	1

[block]
# block no. 10 follows, 66 sequences, length 7
# corresponding to MSA columns:
# 574-580
name=unknown_K
#
# <colnr> <probs for GDERKNQSTAVLIFYWHMCP>
#	G	D	E	R	K	N	Q	S	T	A	V	L	I	F	Y	W	H	M	C	P
0	0.16774	0.00967	0.01207	0.16816	0.11953	0.09352	0.04762	0.03018	0.03787	0.01264	0.00677	0.00917	0.00564	0.00491	0.00652	0.00141	0.25623	0.00333	0.00213	0.00490
1	0.01012	0.30235	0.22553	0.01015	0.01399	0.08734	0.15702	0.01268	0.00918	0.04405	0.05743	0.03648	0.00824	0.00427	0.00369	0.00115	0.00524	0.00358	0.00218	0.00533
2	0.00646	0.00503	0.00563	0.00594	0.00677	0.04052	0.00422	0.00864	0.10269	0.03319	0.10757	0.51294	0.09970	0.01040	0.00482	0.00150	0.00261	0.00922	0.02826	0.00389
3	0.00791	0.00737	0.01232	0.62251	0.17058	0.00865	0.01080	0.01049	0.00862	0.01143	0.08264	0.01246	0.00860	0.00437	0.00412	0.00132	0.00498	0.00395	0.00208	0.00479
4	0.01219	0.12500	0.09534	0.03660	0.08777	0.19374	0.00857	0.22670	0.10477	0.01544	0.00930	0.04996	0.00762	0.00474	0.00382	0.00118	0.00505	0.00364	0.00282	0.00576
5	0.04575	0.10804	0.02519	0.03664	0.01048	0.06768	0.03696	0.17411	0.04747	0.08352	0.07607	0.11830	0.08803	0.03275	0.00460	0.00134	0.00389	0.01624	0.00336	0.01959
6	0.13175	0.04413	0.03307	0.00891	0.04225	0.13002	0.03427	0.22673	0.07932	0.10427	0.05247	0.04834	0.03678	0.00520	0.00387	0.00123	0.00432	0.00408	0.00337	0.00562

[dist]
# distance from previous block
# <min> <max>
4	10

[block]
# block no. 11 follows, 66 sequences, length 12
# corresponding to MSA columns:
# 591-602
name=unknown_L
#
# <colnr> <probs for GDERKNQSTAVLIFYWHMCP>
#	G	D	E	R	K	N	Q	S	T	A	V	L	I	F	Y	W	H	M	C	P
0	0.01030	0.11144	0.04183	0.24588	0.32584	0.10727	0.03141	0.05651	0.00960	0.01229	0.00724	0.00948	0.00584	0.00386	0.00383	0.00119	0.00529	0.00334	0.00203	0.00554
1	0.03587	0.08850	0.22038	0.01146	0.11959	0.00911	0.08583	0.07823	0.04668	0.09704	0.01141	0.13490	0.02138	0.00546	0.00419	0.00130	0.01555	0.00473	0.00278	0.00561
2	0.01060	0.00857	0.01339	0.14554	0.33513	0.03704	0.07681	0.02836	0.04637	0.14017	0.02410	0.09606	0.00961	0.00500	0.00422	0.00130	0.00458	0.00465	0.00280	0.00572
3	0.00911	0.00977	0.01830	0.01387	0.01612	0.01087	0.44359	0.01141	0.00826	0.01180	0.04482	0.01097	0.00729	0.00518	0.00834	0.00153	0.35738	0.00439	0.00205	0.00497
4	0.03986	0.01247	0.17245	0.05169	0.12805	0.03854	0.09119	0.29383	0.03271	0.08600	0.00914	0.01002	0.00661	0.00429	0.00403	0.00125	0.00503	0.00361	0.00298	0.00624
