[name]
unknown

[dist]
# distance from previous block
# <min> <max>
0	70

[block]
# block no. 0 follows, 74 sequences, length 25
# corresponding to MSA columns:
# 86-110
name=unknown_A
#
# <colnr> <probs for GDERKNQSTAVLIFYWHMCP>
#	G	D	E	R	K	N	Q	S	T	A	V	L	I	F	Y	W	H	M	C	P
0	0.01940	0.05021	0.10925	0.10281	0.06154	0.03845	0.03944	0.05298	0.13754	0.02286	0.02209	0.01700	0.11562	0.00552	0.00426	0.00123	0.04590	0.10272	0.00264	0.04855
1	0.00937	0.04643	0.06351	0.00848	0.06906	0.08783	0.00653	0.03359	0.39682	0.04453	0.01239	0.07098	0.02630	0.00488	0.00361	0.00112	0.00354	0.00403	0.00305	0.10393
2	0.00834	0.07927	0.30834	0.03002	0.17850	0.02786	0.17420	0.03598	0.00845	0.01170	0.00822	0.06010	0.00709	0.00419	0.00379	0.00118	0.00500	0.04067	0.00195	0.00515
3	0.00972	0.09934	0.22732	0.01254	0.20229	0.14060	0.06752	0.06052	0.10294	0.01230	0.02539	0.00909	0.00654	0.00377	0.00353	0.00110	0.00488	0.00314	0.00213	0.00534
4	0.00833	0.00670	0.00856	0.03823	0.10541	0.00566	0.00550	0.04702	0.00832	0.05755	0.00846	0.08745	0.00751	0.00384	0.00317	0.00078	0.00305	0.00327	0.00245	0.58875
5	0.00453	0.00367	0.00398	0.00415	0.00514	0.00317	0.00303	0.00543	0.00818	0.01004	0.06290	0.18857	0.60999	0.04053	0.00499	0.00139	0.00203	0.03174	0.00343	0.00310
6	0.00453	0.00376	0.00406	0.00408	0.00521	0.00329	0.00306	0.00554	0.00830	0.01017	0.08343	0.06883	0.68355	0.01108	0.08275	0.00169	0.00263	0.00753	0.00335	0.00317
7	0.00566	0.00403	0.00470	0.00466	0.00482	0.00425	0.00289	0.00640	0.05425	0.00801	0.01235	0.10036	0.01389	0.68050	0.03676	0.00324	0.04249	0.00567	0.00241	0.00264
8	0.01627	0.00788	0.00888	0.00701	0.00975	0.12214	0.00569	0.01764	0.01061	0.73356	0.01342	0.01182	0.00858	0.00449	0.00368	0.00112	0.00364	0.00355	0.00423	0.00604
9	0.00819	0.00745	0.00854	0.00733	0.08612	0.05487	0.00520	0.00985	0.00793	0.01192	0.00658	0.00778	0.00549	0.00286	0.00287	0.00062	0.00313	0.00231	0.00215	0.75879
10	0.00861	0.01195	0.31682	0.01297	0.26875	0.00768	0.02744	0.01160	0.02464	0.05869	0.00737	0.00865	0.00565	0.00336	0.00343	0.00101	0.00435	0.00291	0.00202	0.21212
11	0.00992	0.00782	0.00841	0.00747	0.00964	0.00888	0.00584	0.01957	0.76331	0.09231	0.01506	0.01374	0.01113	0.00500	0.00377	0.00125	0.00296	0.00415	0.00385	0.00592
12	0.00616	0.00665	0.12266	0.00738	0.03812	0.00586	0.00625	0.03149	0.00659	0.00953	0.00917	0.01352	0.00845	0.07374	0.58197	0.00459	0.05832	0.00381	0.00197	0.00377
13	0.00876	0.01001	0.02190	0.01564	0.01940	0.00939	0.83292	0.01189	0.00876	0.01189	0.00751	0.01001	0.00563	0.00313	0.00438	0.00125	0.00626	0.00438	0.00188	0.00501
14	0.00530	0.00398	0.00597	0.00597	0.00663	0.00464	0.00464	0.00663	0.00597	0.00862	0.00994	0.01458	0.00928	0.02784	0.85484	0.00597	0.00994	0.00398	0.00199	0.00331
15	0.05794	0.34887	0.07501	0.00861	0.06969	0.12319	0.01732	0.01395	0.22844	0.01151	0.00814	0.00856	0.00655	0.00380	0.00307	0.00101	0.00417	0.00280	0.00227	0.00509
16	0.00879	0.08787	0.01484	0.01916	0.64152	0.00885	0.05809	0.01081	0.00828	0.01156	0.00841	0.07581	0.02160	0.00403	0.00369	0.00112	0.00426	0.00389	0.00197	0.00546
17	0.34022	0.11365	0.01649	0.00566	0.00765	0.02452	0.00463	0.05338	0.00762	0.13520	0.00854	0.02659	0.00736	0.13516	0.09723	0.00199	0.00407	0.00322	0.00258	0.00423
18	0.01086	0.01009	0.11552	0.00960	0.03880	0.00976	0.07383	0.24149	0.20395	0.09634	0.00982	0.01026	0.00726	0.00467	0.00509	0.00125	0.13919	0.00357	0.00301	0.00564
19	0.00452	0.00323	0.00431	0.00517	0.00538	0.00301	0.00345	0.00517	0.00711	0.00948	0.02046	0.86713	0.02455	0.01163	0.00474	0.00151	0.00215	0.01055	0.00345	0.00301
20	0.05735	0.27986	0.03435	0.00811	0.03007	0.21035	0.02417	0.13606	0.02403	0.02965	0.00648	0.00767	0.00538	0.00466	0.00454	0.08309	0.04480	0.00264	0.00214	0.00463
21	0.00706	0.05509	0.51442	0.06062	0.01354	0.00768	0.01036	0.01044	0.02138	0.01183	0.12911	0.01319	0.05768	0.00464	0.00382	0.00116	0.01946	0.02203	0.00214	0.03434
22	0.04969	0.08826	0.10985	0.01772	0.06755	0.06113	0.05598	0.35930	0.05032	0.06093	0.00852	0.00905	0.01505	0.00413	0.00375	0.00112	0.02599	0.00320	0.00285	0.00562
23	0.00936	0.35207	0.17520	0.01063	0.04224	0.01146	0.25291	0.06769	0.02438	0.01148	0.00664	0.00797	0.00528	0.00335	0.00335	0.00104	0.00494	0.00302	0.00186	0.00514
24	0.00494	0.00363	0.00450	0.00465	0.00542	0.00331	0.00339	0.00619	0.00893	0.01213	0.38050	0.27258	0.20199	0.00912	0.00445	0.00129	0.00195	0.03502	0.03272	0.00328

[dist]
# distance from previous block
# <min> <max>
1	3

[block]
# block no. 1 follows, 74 sequences, length 15
# corresponding to MSA columns:
# 114-128
name=unknown_B
#
# <colnr> <probs for GDERKNQSTAVLIFYWHMCP>
#	G	D	E	R	K	N	Q	S	T	A	V	L	I	F	Y	W	H	M	C	P
0	0.01077	0.05290	0.12420	0.02990	0.19910	0.08512	0.07514	0.17933	0.03016	0.07923	0.00792	0.00888	0.00597	0.00369	0.00354	0.00105	0.00453	0.00312	0.00247	0.09297
1	0.01100	0.55872	0.01658	0.04130	0.01100	0.16003	0.02705	0.11583	0.00934	0.01076	0.00585	0.00671	0.00499	0.00347	0.00282	0.00089	0.00455	0.00234	0.00192	0.00486
2	0.00770	0.00660	0.00770	0.00550	0.00880	0.00495	0.00440	0.00935	0.00770	0.01210	0.00660	0.00770	0.00550	0.00275	0.00275	0.00055	0.00275	0.00220	0.00220	0.89224
3	0.00462	0.00426	0.03746	0.00432	0.00544	0.00337	0.00332	0.00556	0.00793	0.00976	0.03102	0.18720	0.58991	0.08216	0.00564	0.00150	0.00222	0.00793	0.00327	0.00313
4	0.02050	0.16268	0.30625	0.00847	0.05787	0.00815	0.00841	0.01098	0.07062	0.04532	0.13354	0.05842	0.04051	0.00518	0.00365	0.00116	0.00388	0.04709	0.00251	0.00481
5	0.00827	0.00985	0.06551	0.01434	0.01784	0.00872	0.70634	0.01122	0.00855	0.01164	0.00874	0.09435	0.00745	0.00399	0.00437	0.00127	0.00581	0.00490	0.00201	0.00484
6	0.00540	0.00360	0.00405	0.00405	0.00405	0.00360	0.00225	0.00540	0.00540	0.00720	0.01170	0.02429	0.01349	0.86955	0.01889	0.00360	0.00360	0.00540	0.00225	0.00225
7	0.00931	0.02617	0.09880	0.00966	0.05338	0.12516	0.03838	0.03089	0.29133	0.01218	0.02369	0.03066	0.00813	0.00507	0.00582	0.00128	0.21888	0.00366	0.00254	0.00501
8	0.02027	0.00915	0.05411	0.08893	0.49483	0.05644	0.04080	0.01204	0.05568	0.06416	0.02244	0.03044	0.00744	0.00398	0.00374	0.00115	0.00441	0.02234	0.00221	0.00543
9	0.00645	0.00322	0.00484	0.00484	0.00484	0.00322	0.00322	0.00484	0.00484	0.00645	0.00645	0.01128	0.00645	0.01289	0.01451	0.89201	0.00322	0.00322	0.00161	0.00161
10	0.00539	0.00362	0.00416	0.00416	0.00419	0.00366	0.00238	0.00547	0.00543	0.00728	0.01160	0.02374	0.01326	0.82185	0.06626	0.00373	0.00396	0.00532	0.00223	0.00231
11	0.01117	0.20535	0.11951	0.02383	0.23473	0.10219	0.04954	0.09693	0.02754	0.06506	0.00787	0.00921	0.00629	0.00408	0.00381	0.00117	0.02049	0.00315	0.00238	0.00570
12	0.00848	0.21681	0.46115	0.01006	0.01443	0.02893	0.13655	0.01164	0.00804	0.02804	0.02298	0.00831	0.00563	0.00393	0.01877	0.00118	0.00524	0.00293	0.00175	0.00516
13	0.01615	0.00621	0.00845	0.00652	0.00930	0.00537	0.00537	0.01760	0.01062	0.81196	0.05146	0.01330	0.01033	0.00473	0.00376	0.00115	0.00310	0.00386	0.00457	0.00619
14	0.00828	0.00813	0.01472	0.13012	0.29528	0.00822	0.26687	0.02818	0.05386	0.01181	0.00949	0.07527	0.02265	0.01839	0.00425	0.00126	0.00469	0.01730	0.01625	0.00498

[dist]
# distance from previous block
# <min> <max>
1	6

[block]
# block no. 2 follows, 74 sequences, length 34
# corresponding to MSA columns:
# 135-168
name=unknown_C
#
# <colnr> <probs for GDERKNQSTAVLIFYWHMCP>
#	G	D	E	R	K	N	Q	S	T	A	V	L	I	F	Y	W	H	M	C	P
0	0.11332	0.06346	0.06096	0.08092	0.05290	0.04440	0.00706	0.23174	0.22326	0.02776	0.02046	0.04093	0.00800	0.00451	0.00350	0.00116	0.00381	0.00355	0.00297	0.00534
1	0.02186	0.15351	0.54066	0.00898	0.01336	0.00931	0.01069	0.08710	0.00872	0.01231	0.02208	0.02942	0.05815	0.00417	0.00344	0.00112	0.00471	0.00322	0.00198	0.00519
2	0.00905	0.08869	0.00884	0.00664	0.01901	0.00716	0.01587	0.12239	0.13621	0.08692	0.05628	0.01805	0.10553	0.02719	0.00409	0.00116	0.00313	0.10775	0.00318	0.17285
3	0.00480	0.00396	0.00461	0.00466	0.00571	0.00355	0.02229	0.00618	0.04614	0.01034	0.05526	0.25753	0.53029	0.00961	0.00446	0.00133	0.00212	0.02042	0.00344	0.00329
4	0.00780	0.00636	0.00751	0.00547	0.00856	0.00485	0.00436	0.00946	0.00802	0.04057	0.07353	0.00946	0.00797	0.00320	0.00291	0.00062	0.00268	0.00261	0.00243	0.79162
5	0.00756	0.05815	0.81236	0.01039	0.01577	0.00890	0.01338	0.01173	0.00782	0.01162	0.00659	0.00775	0.00470	0.00351	0.00347	0.00116	0.00542	0.00271	0.00157	0.00545
6	0.01468	0.00761	0.00911	0.00708	0.00978	0.00758	0.00581	0.33134	0.01296	0.44992	0.01237	0.02982	0.00844	0.00467	0.00366	0.00112	0.00339	0.00371	0.07092	0.00603
7	0.00683	0.00489	0.00562	0.00527	0.00657	0.00495	0.00404	0.01056	0.21385	0.05064	0.32962	0.04875	0.13967	0.00689	0.00401	0.00119	0.00219	0.03387	0.11645	0.00413
8	0.01153	0.01230	0.00928	0.00828	0.01027	0.40375	0.00634	0.08154	0.29742	0.02630	0.07336	0.01148	0.02266	0.00468	0.00363	0.00110	0.00468	0.00352	0.00293	0.00496
9	0.00524	0.00357	0.00418	0.00427	0.00442	0.00349	0.00257	0.00553	0.00624	0.00839	0.10054	0.14818	0.03291	0.63781	0.01503	0.00299	0.00316	0.00634	0.00264	0.00251
10	0.01500	0.00862	0.00998	0.00766	0.01055	0.00892	0.00633	0.48955	0.01452	0.35597	0.01128	0.01051	0.00753	0.00451	0.00370	0.00112	0.00367	0.00350	0.02082	0.00626
11	0.01031	0.00851	0.00900	0.00777	0.01006	0.00974	0.00614	0.20016	0.65750	0.01727	0.01373	0.01275	0.01022	0.00491	0.00376	0.00123	0.00319	0.00401	0.00376	0.00597
12	0.01532	0.00593	0.00791	0.00617	0.00877	0.00518	0.00506	0.01680	0.01024	0.73468	0.01430	0.01280	0.00923	0.00456	0.00358	0.00111	0.00296	0.00370	0.12578	0.00593
13	0.00911	0.01392	0.37414	0.24355	0.01754	0.09798	0.03278	0.14428	0.00958	0.01273	0.00693	0.00851	0.00506	0.00375	0.00361	0.00116	0.00526	0.00300	0.00198	0.00511
14	0.00486	0.00355	0.00461	0.00532	0.00569	0.00343	0.00364	0.00615	0.05760	0.01005	0.04759	0.77321	0.02404	0.01107	0.00467	0.00148	0.00221	0.02411	0.00349	0.00321
15	0.00830	0.00695	0.00802	0.00578	0.00905	0.00556	0.00465	0.08672	0.00861	0.01316	0.00681	0.00781	0.00557	0.00291	0.00284	0.00060	0.00287	0.00231	0.00234	0.80912
16	0.02813	0.01013	0.02643	0.00835	0.01122	0.01100	0.00694	0.71034	0.09400	0.02202	0.00964	0.02792	0.00711	0.00463	0.00371	0.00114	0.00394	0.00354	0.00365	0.00615
17	0.89577	0.00718	0.00546	0.00488	0.00718	0.00833	0.00402	0.01091	0.00632	0.01665	0.00517	0.00603	0.00402	0.00345	0.00230	0.00115	0.00287	0.00201	0.00230	0.00402
18	0.00732	0.00689	0.01154	0.74284	0.12219	0.00834	0.01034	0.00993	0.02588	0.00993	0.00683	0.00990	0.00520	0.00369	0.00371	0.00122	0.00484	0.00332	0.00172	0.00437
19	0.00515	0.00379	0.00482	0.00456	0.00548	0.00346	0.00342	0.00681	0.01027	0.01431	0.74957	0.02867	0.13025	0.00780	0.00438	0.00118	0.00177	0.00684	0.00401	0.00346
20	0.01411	0.01040	0.01114	0.00854	0.01151	0.01151	0.00706	0.83402	0.01745	0.02339	0.00891	0.00891	0.00631	0.00446	0.00371	0.00111	0.00408	0.00334	0.00371	0.00631
21	0.01385	0.01111	0.01035	0.00830	0.01093	0.18079	0.00669	0.53999	0.02761	0.09518	0.00905	0.00913	0.00650	0.00434	0.00359	0.00107	0.00439	0.00320	0.04816	0.00576
22	0.00701	0.00660	0.01113	0.86063	0.02556	0.00825	0.01031	0.00948	0.00742	0.00948	0.00660	0.00990	0.00495	0.00371	0.00371	0.00124	0.00495	0.00330	0.00165	0.00412
23	0.00532	0.00412	0.00491	0.00466	0.00574	0.00388	0.00352	0.00754	0.07667	0.01341	0.52764	0.02868	0.26757	0.00829	0.02052	0.00129	0.00204	0.00678	0.00384	0.00358
24	0.00495	0.00356	0.00469	0.00488	0.00548	0.00330	0.00348	0.00623	0.00908	0.01262	0.49875	0.37988	0.03063	0.00928	0.00453	0.00131	0.00192	0.00832	0.00382	0.00330
25	0.00452	0.00323	0.00431	0.00517	0.00538	0.00301	0.00345	0.00517	0.00711	0.00948	0.02046	0.86713	0.02455	0.01163	0.00474	0.00151	0.00215	0.01055	0.00345	0.00301
26	0.00510	0.00349	0.00423	0.00459	0.00471	0.00341	0.00286	0.00542	0.00618	0.00822	0.01532	0.33917	0.01797	0.51077	0.01299	0.00273	0.00305	0.04443	0.00275	0.00259
27	0.00919	0.00882	0.01507	0.02278	0.84640	0.00882	0.01139	0.01139	0.00845	0.01213	0.00698	0.00919	0.00588	0.00331	0.00367	0.00110	0.00441	0.00331	0.00184	0.00588
28	0.00750	0.01878	0.81247	0.01081	0.01622	0.00866	0.05114	0.01176	0.00788	0.01176	0.00670	0.00794	0.00474	0.00351	0.00357	0.00118	0.00552	0.00282	0.00158	0.00546
29	0.00451	0.00328	0.00426	0.00504	0.00535	0.00303	0.00339	0.00518	0.00723	0.00953	0.02207	0.78913	0.10152	0.01142	0.00470	0.00148	0.00213	0.01030	0.00345	0.00303
30	0.00992	0.87178	0.01945	0.00635	0.00953	0.01469	0.00635	0.01111	0.00754	0.00873	0.00516	0.00595	0.00476	0.00318	0.00238	0.00079	0.00397	0.00198	0.00159	0.00476
31	0.00898	0.11068	0.06161	0.02645	0.18132	0.01000	0.00826	0.03128	0.08093	0.04227	0.02038	0.00907	0.00635	0.00471	0.00651	0.00123	0.31123	0.00316	0.00210	0.07349
32	0.00752	0.02101	0.02441	0.50256	0.11961	0.03385	0.01996	0.00970	0.01691	0.00978	0.00702	0.02309	0.00581	0.00622	0.07955	0.00167	0.10183	0.00343	0.00176	0.00431
33	0.89577	0.00718	0.00546	0.00488	0.00718	0.00833	0.00402	0.01091	0.00632	0.01665	0.00517	0.00603	0.00402	0.00345	0.00230	0.00115	0.00287	0.00201	0.00230	0.00402

[dist]
# distance from previous block
# <min> <max>
0	1

[block]
# block no. 3 follows, 74 sequences, length 74
# corresponding to MSA columns:
# 170-243
name=unknown_D
#
# <colnr> <probs for GDERKNQSTAVLIFYWHMCP>
#	G	D	E	R	K	N	Q	S	T	A	V	L	I	F	Y	W	H	M	C	P
0	0.00537	0.00360	0.00410	0.00411	0.00416	0.00358	0.00235	0.00548	0.00571	0.00767	0.05664	0.04523	0.01492	0.80212	0.01776	0.00342	0.00346	0.00560	0.00238	0.00234
1	0.00603	0.00484	0.00541	0.00518	0.00643	0.00488	0.00390	0.00977	0.23201	0.01299	0.26647	0.11326	0.27234	0.00777	0.00420	0.00124	0.00215	0.00668	0.03047	0.00398
2	0.00473	0.00375	0.00424	0.00416	0.00523	0.00327	0.00311	0.00597	0.00920	0.01189	0.34892	0.06170	0.50311	0.00878	0.00440	0.00123	0.00184	0.00750	0.00369	0.00327
3	0.00531	0.00393	0.00572	0.00572	0.00629	0.00451	0.00433	0.00647	0.00589	0.00843	0.01017	0.01584	0.00982	0.13656	0.74686	0.00566	0.00912	0.00416	0.00202	0.00318
4	0.01411	0.01040	0.01114	0.00854	0.01151	0.01151	0.00706	0.83402	0.01745	0.02339	0.00891	0.00891	0.00631	0.00446	0.00371	0.00111	0.00408	0.00334	0.00371	0.00631
5	0.01387	0.01769	0.01052	0.00956	0.01148	0.85465	0.00717	0.01482	0.01052	0.00908	0.00574	0.00669	0.00478	0.00383	0.00335	0.00096	0.00669	0.00239	0.00191	0.00430
6	0.00641	0.00324	0.00481	0.00481	0.00481	0.00324	0.00319	0.00485	0.00485	0.00647	0.00661	0.01169	0.00667	0.03964	0.01464	0.86426	0.00324	0.00329	0.00163	0.00163
7	0.27340	0.17410	0.20493	0.03866	0.06303	0.05513	0.05103	0.06964	0.00823	0.01327	0.00624	0.00758	0.00493	0.00356	0.00302	0.00109	0.00432	0.01098	0.00201	0.00484
8	0.02177	0.03830	0.02278	0.00874	0.04905	0.03448	0.04357	0.09279	0.61193	0.01546	0.01294	0.01233	0.00975	0.00467	0.00371	0.00121	0.00344	0.00391	0.00341	0.00576
9	0.01395	0.01028	0.01103	0.00848	0.01141	0.01137	0.00700	0.82037	0.01728	0.02316	0.00910	0.02305	0.00661	0.00457	0.00373	0.00112	0.00405	0.00346	0.00371	0.00626
10	0.05528	0.00822	0.01363	0.20534	0.61287	0.00863	0.01070	0.01102	0.00814	0.02136	0.00689	0.00922	0.00562	0.00342	0.00361	0.00113	0.00443	0.00324	0.00185	0.00540
11	0.00919	0.00882	0.01507	0.02278	0.84640	0.00882	0.01139	0.01139	0.00845	0.01213	0.00698	0.00919	0.00588	0.00331	0.00367	0.00110	0.00441	0.00331	0.00184	0.00588
12	0.09312	0.00822	0.03924	0.00753	0.03456	0.05885	0.00614	0.13463	0.01106	0.55017	0.01192	0.01088	0.00779	0.00435	0.00357	0.00113	0.00360	0.00339	0.00391	0.00595
13	0.02116	0.04460	0.05500	0.13543	0.26184	0.02701	0.12975	0.03893	0.00859	0.11882	0.00817	0.01063	0.00648	0.02299	0.00475	0.00125	0.07280	0.02440	0.00225	0.00516
14	0.00990	0.85448	0.01950	0.00654	0.00973	0.01458	0.02295	0.01113	0.00757	0.00880	0.00521	0.00604	0.00478	0.00317	0.00242	0.00080	0.00402	0.00203	0.00159	0.00477
15	0.00483	0.00370	0.00425	0.00427	0.00507	0.00339	0.00302	0.00574	0.00798	0.01029	0.18713	0.10382	0.39619	0.17718	0.06495	0.00203	0.00276	0.00712	0.00324	0.00304
16	0.00962	0.03255	0.17101	0.14264	0.26755	0.06945	0.07072	0.06215	0.02450	0.07701	0.03228	0.00972	0.00663	0.00376	0.00368	0.00114	0.00476	0.00333	0.00219	0.00532
17	0.01195	0.00932	0.00992	0.00810	0.01069	0.01050	0.00653	0.47353	0.38146	0.01991	0.01165	0.01110	0.00853	0.00471	0.00374	0.00118	0.00358	0.00372	0.00374	0.00612
18	0.01387	0.01769	0.01052	0.00956	0.01148	0.85465	0.00717	0.01482	0.01052	0.00908	0.00574	0.00669	0.00478	0.00383	0.00335	0.00096	0.00669	0.00239	0.00191	0.00430
19	0.00874	0.00765	0.01032	0.01142	0.28416	0.02551	0.00689	0.02206	0.00821	0.04141	0.00699	0.00836	0.00574	0.00311	0.00327	0.00079	0.01763	0.00265	0.00217	0.52291
20	0.00758	0.00737	0.01014	0.02734	0.01004	0.09901	0.12830	0.00875	0.00673	0.00904	0.00751	0.01120	0.00688	0.02724	0.32159	0.08178	0.22034	0.00362	0.00184	0.00371
21	0.06779	0.00609	0.00804	0.00635	0.00895	0.00543	0.00523	0.01640	0.01029	0.70264	0.08284	0.01446	0.01142	0.00496	0.00375	0.00117	0.00303	0.03094	0.00438	0.00585
22	0.03882	0.00724	0.00904	0.00696	0.00981	0.00691	0.00575	0.20742	0.01206	0.62267	0.01303	0.01161	0.00839	0.00453	0.00367	0.00114	0.00334	0.00359	0.01781	0.00621
23	0.00461	0.00347	0.00430	0.00489	0.00545	0.00315	0.00346	0.00545	0.00769	0.00992	0.05251	0.55651	0.24654	0.01080	0.00466	0.00144	0.00215	0.06645	0.00347	0.00309
24	0.01040	0.01015	0.00875	0.00784	0.00984	0.22378	0.00604	0.04436	0.51746	0.03084	0.08000	0.01297	0.01138	0.00491	0.00371	0.00117	0.00384	0.00390	0.00334	0.00531
25	0.00543	0.00359	0.00408	0.00408	0.00408	0.00359	0.00228	0.00538	0.00538	0.00717	0.01152	0.02385	0.01325	0.84022	0.01874	0.03401	0.00359	0.00532	0.00223	0.00223
26	0.00541	0.00359	0.00415	0.00417	0.00419	0.00361	0.00239	0.00542	0.00543	0.00727	0.01163	0.04058	0.01332	0.79275	0.04768	0.03473	0.00378	0.00538	0.00224	0.00228
27	0.00650	0.00337	0.00503	0.00498	0.00498	0.00346	0.00337	0.00496	0.00486	0.00652	0.00640	0.01119	0.00640	0.01271	0.01444	0.86580	0.02852	0.00322	0.00161	0.00168
28	0.00883	0.00825	0.01327	0.08748	0.54275	0.00804	0.03838	0.03696	0.00850	0.01225	0.00695	0.00894	0.00573	0.00325	0.00350	0.00100	0.00415	0.00311	0.00196	0.19670
29	0.04182	0.18239	0.09024	0.00900	0.02791	0.29396	0.03162	0.05874	0.02922	0.01074	0.02471	0.02052	0.00607	0.00465	0.01669	0.00117	0.14106	0.00288	0.00200	0.00461
30	0.00584	0.00414	0.00514	0.00542	0.00614	0.00401	0.00391	0.08372	0.00858	0.03031	0.07631	0.55704	0.10596	0.02760	0.00487	0.00147	0.00241	0.06017	0.00351	0.00345
31	0.00859	0.01097	0.11423	0.01487	0.01869	0.00937	0.71241	0.01177	0.00855	0.01177	0.00732	0.00970	0.00550	0.00329	0.00456	0.00126	0.03612	0.00416	0.00183	0.00503
32	0.00705	0.00663	0.01120	0.84652	0.03938	0.00826	0.01033	0.00952	0.00744	0.00953	0.00660	0.00988	0.00496	0.00370	0.00371	0.00123	0.00494	0.00330	0.00165	0.00415
33	0.00876	0.01001	0.02190	0.01564	0.01940	0.00939	0.83292	0.01189	0.00876	0.01189	0.00751	0.01001	0.00563	0.00313	0.00438	0.00125	0.00626	0.00438	0.00188	0.00501
34	0.00521	0.00379	0.00490	0.00462	0.00552	0.00348	0.00347	0.00691	0.01040	0.01462	0.80123	0.02815	0.07839	0.00769	0.00438	0.00117	0.00176	0.00677	0.00405	0.00348
35	0.00701	0.00660	0.01113	0.86063	0.02556	0.00825	0.01031	0.00948	0.00742	0.00948	0.00660	0.00990	0.00495	0.00371	0.00371	0.00124	0.00495	0.00330	0.00165	0.00412
36	0.00502	0.00379	0.00464	0.00443	0.00540	0.00340	0.00332	0.00656	0.00996	0.01359	0.62954	0.02986	0.25073	0.00807	0.00438	0.00119	0.00179	0.00701	0.00392	0.00340
37	0.00752	0.04526	0.82492	0.01045	0.01587	0.00881	0.01349	0.01174	0.00783	0.01166	0.00662	0.00778	0.00470	0.00352	0.00349	0.00116	0.00544	0.00272	0.00157	0.00546
38	0.89577	0.00718	0.00546	0.00488	0.00718	0.00833	0.00402	0.01091	0.00632	0.01665	0.00517	0.00603	0.00402	0.00345	0.00230	0.00115	0.00287	0.00201	0.00230	0.00402
39	0.00695	0.00579	0.00741	0.02047	0.11113	0.01674	0.03233	0.02608	0.02814	0.01192	0.15959	0.09940	0.27854	0.13386	0.00691	0.00173	0.02430	0.00654	0.00330	0.01888
40	0.00770	0.00567	0.00669	0.00639	0.00783	0.00600	0.00508	0.02400	0.31299	0.06745	0.19172	0.05320	0.04667	0.03759	0.00481	0.00143	0.00280	0.20376	0.00373	0.00450
41	0.00751	0.01858	0.80221	0.01082	0.03448	0.00872	0.01347	0.01165	0.00778	0.01166	0.00661	0.00788	0.00473	0.00363	0.00383	0.00119	0.03546	0.00277	0.00158	0.00544
42	0.00725	0.00595	0.00860	0.06837	0.15006	0.00682	0.00620	0.00814	0.00648	0.03853	0.00910	0.06525	0.00935	0.27437	0.05747	0.03178	0.21538	0.00439	0.00210	0.02440
43	0.00509	0.00371	0.00479	0.00468	0.00549	0.00341	0.00345	0.00663	0.00987	0.01377	0.67105	0.15194	0.08563	0.00830	0.00443	0.00122	0.00182	0.00735	0.00395	0.00341
44	0.01233	0.10348	0.01104	0.00815	0.01070	0.20197	0.00660	0.31242	0.21563	0.04369	0.00944	0.00939	0.00710	0.00428	0.00348	0.00107	0.00432	0.00317	0.00308	0.02866
45	0.00724	0.00694	0.03840	0.58998	0.08604	0.00778	0.00941	0.00969	0.02297	0.02223	0.00725	0.01028	0.00570	0.00639	0.09846	0.00172	0.01874	0.00333	0.00181	0.04563
46	0.00823	0.03382	0.70665	0.01055	0.01565	0.00876	0.06593	0.04103	0.01686	0.04810	0.00720	0.00825	0.00508	0.00359	0.00358	0.00117	0.00533	0.00291	0.00182	0.00551
47	0.00839	0.00984	0.18027	0.00809	0.01076	0.00848	0.02581	0.01644	0.56216	0.01416	0.02965	0.06486	0.02221	0.00526	0.00384	0.00126	0.00346	0.01633	0.00326	0.00549
48	0.01356	0.01037	0.01067	0.00837	0.01115	0.06160	0.00683	0.69109	0.06341	0.04032	0.03860	0.00980	0.00758	0.00456	0.00372	0.00112	0.00407	0.00346	0.00364	0.00607
49	0.00801	0.03076	0.45239	0.03998	0.01662	0.02772	0.28683	0.02354	0.00835	0.01176	0.02335	0.03941	0.00633	0.00378	0.00385	0.00120	0.00552	0.00365	0.00183	0.00513
50	0.00737	0.00800	0.09072	0.64517	0.02194	0.03281	0.00980	0.00982	0.00765	0.02821	0.00833	0.01089	0.04856	0.00403	0.00385	0.00121	0.02107	0.00342	0.00183	0.03534
51	0.00530	0.00398	0.00597	0.00597	0.00663	0.00464	0.00464	0.00663	0.00597	0.00862	0.00994	0.01458	0.00928	0.02784	0.85484	0.00597	0.00994	0.00398	0.00199	0.00331
52	0.00538	0.00365	0.00432	0.00432	0.00441	0.00375	0.00259	0.00557	0.00548	0.00740	0.01145	0.02292	0.01290	0.75058	0.13705	0.00393	0.00450	0.00520	0.00221	0.00240
53	0.04329	0.14033	0.02845	0.06606	0.25241	0.15942	0.10250	0.08841	0.00943	0.04801	0.00692	0.00836	0.00551	0.00362	0.00363	0.00107	0.02227	0.00303	0.00211	0.00517
54	0.00903	0.00816	0.03770	0.00751	0.00967	0.00891	0.00603	0.03869	0.73929	0.01546	0.05195	0.02833	0.01226	0.00519	0.00381	0.00125	0.00299	0.00434	0.00371	0.00572
55	0.00701	0.00660	0.01113	0.86063	0.02556	0.00825	0.01031	0.00948	0.00742	0.00948	0.00660	0.00990	0.00495	0.00371	0.00371	0.00124	0.00495	0.00330	0.00165	0.00412
56	0.00772	0.00648	0.00754	0.00549	0.00864	0.00498	0.00438	0.00958	0.02979	0.02608	0.02395	0.00930	0.03562	0.00316	0.00288	0.00061	0.00271	0.00256	0.00236	0.80614
57	0.00717	0.00677	0.01141	0.79182	0.08166	0.00833	0.01035	0.00961	0.00747	0.00966	0.00660	0.00982	0.00501	0.00372	0.00382	0.00123	0.01635	0.00330	0.00166	0.00424
58	0.79834	0.05770	0.04067	0.00525	0.00772	0.01847	0.00458	0.01100	0.00650	0.01591	0.00524	0.00611	0.00410	0.00344	0.00236	0.00113	0.00309	0.00204	0.00222	0.00413
59	0.01394	0.01027	0.01102	0.00848	0.01140	0.01136	0.00699	0.81939	0.01727	0.02315	0.00912	0.02406	0.00663	0.00458	0.00373	0.00112	0.00405	0.00347	0.00371	0.00625
60	0.00889	0.00870	0.01539	0.11928	0.65619	0.00882	0.10550	0.01123	0.00837	0.01179	0.00700	0.00936	0.00574	0.00333	0.00376	0.00114	0.00468	0.00343	0.00182	0.00558
61	0.00449	0.00375	0.00391	0.00391	0.00508	0.00317	0.00292	0.00550	0.00863	0.01053	0.12426	0.06411	0.72844	0.00928	0.00440	0.00125	0.00188	0.00781	0.00352	0.00317
62	0.89577	0.00718	0.00546	0.00488	0.00718	0.00833	0.00402	0.01091	0.00632	0.01665	0.00517	0.00603	0.00402	0.00345	0.00230	0.00115	0.00287	0.00201	0.00230	0.00402
63	0.01665	0.00632	0.00861	0.00660	0.00948	0.00546	0.00546	0.01809	0.01062	0.84897	0.01464	0.01263	0.00919	0.00459	0.00373	0.00115	0.00316	0.00373	0.00459	0.00632
64	0.00646	0.00350	0.00515	0.00506	0.00510	0.00365	0.00347	0.00507	0.00501	0.00670	0.00745	0.01197	0.03571	0.01243	0.01403	0.81350	0.04887	0.00339	0.00168	0.00180
65	0.01522	0.00833	0.00982	0.00756	0.01046	0.00848	0.00624	0.41090	0.03728	0.42806	0.01190	0.01088	0.00786	0.00454	0.00372	0.00114	0.00360	0.00356	0.00415	0.00630
66	0.01411	0.01040	0.01114	0.00854	0.01151	0.01151	0.00706	0.83402	0.01745	0.02339	0.00891	0.00891	0.00631	0.00446	0.00371	0.00111	0.00408	0.00334	0.00371	0.00631
67	0.00769	0.00698	0.03160	0.02335	0.03860	0.00523	0.00501	0.00943	0.00771	0.01200	0.00680	0.01941	0.00574	0.00293	0.00285	0.00061	0.00292	0.00239	0.00217	0.80658
68	0.00876	0.01001	0.02190	0.01564	0.01940	0.00939	0.83292	0.01189	0.00876	0.01189	0.00751	0.01001	0.00563	0.00313	0.00438	0.00125	0.00626	0.00438	0.00188	0.00501
69	0.01411	0.01040	0.01114	0.00854	0.01151	0.01151	0.00706	0.83402	0.01745	0.02339	0.00891	0.00891	0.00631	0.00446	0.00371	0.00111	0.00408	0.00334	0.00371	0.00631
70	0.01033	0.02668	0.03048	0.01284	0.10799	0.01702	0.34819	0.16944	0.04636	0.07878	0.03775	0.01040	0.00724	0.00404	0.00467	0.00122	0.07473	0.00390	0.00256	0.00536
71	0.00661	0.00628	0.08132	0.03016	0.04144	0.00503	0.01898	0.02715	0.04850	0.03676	0.44156	0.02141	0.10425	0.00622	0.00401	0.00111	0.00263	0.00540	0.00338	0.10782
72	0.00450	0.00364	0.00401	0.00421	0.00518	0.00315	0.00306	0.00544	0.00828	0.01026	0.09190	0.23776	0.57501	0.00982	0.00448	0.00132	0.00196	0.01939	0.00349	0.00314
73	0.02157	0.01988	0.10457	0.01565	0.38837	0.02006	0.11176	0.08914	0.01760	0.12035	0.00815	0.00943	0.00616	0.00363	0.00380	0.00112	0.01610	0.00336	0.00237	0.03693

[dist]
# distance from previous block
# <min> <max>
0	1

[block]
# block no. 4 follows, 74 sequences, length 17
# corresponding to MSA columns:
# 245-261
name=unknown_E
#
# <colnr> <probs for GDERKNQSTAVLIFYWHMCP>
#	G	D	E	R	K	N	Q	S	T	A	V	L	I	F	Y	W	H	M	C	P
0	0.08269	0.25554	0.04756	0.00785	0.01061	0.22727	0.00681	0.27185	0.01135	0.01434	0.00673	0.00736	0.00531	0.00381	0.00309	0.00098	0.00462	0.00259	0.02458	0.00507
1	0.00701	0.00660	0.01113	0.86063	0.02556	0.00825	0.01031	0.00948	0.00742	0.00948	0.00660	0.00990	0.00495	0.00371	0.00371	0.00124	0.00495	0.00330	0.00165	0.00412
2	0.03153	0.23110	0.24779	0.00995	0.08679	0.05477	0.06586	0.03149	0.02661	0.15402	0.00785	0.00850	0.00582	0.00369	0.00346	0.00107	0.01920	0.00290	0.00227	0.00535
3	0.00839	0.11953	0.59232	0.01030	0.04488	0.00901	0.05399	0.01191	0.00815	0.06566	0.03736	0.00880	0.00619	0.00367	0.00348	0.00113	0.00502	0.00296	0.00188	0.00537
4	0.00458	0.00325	0.00429	0.00510	0.00530	0.00305	0.00337	0.00518	0.00700	0.00934	0.01992	0.81553	0.02387	0.06415	0.00560	0.00164	0.00224	0.01024	0.00337	0.00297
5	0.00950	0.34939	0.30998	0.00974	0.05729	0.10020	0.06357	0.04096	0.00844	0.01074	0.00613	0.00724	0.00492	0.00342	0.00313	0.00100	0.00497	0.00257	0.00172	0.00510
6	0.01975	0.11203	0.27658	0.03002	0.14136	0.05964	0.09566	0.09472	0.04045	0.02250	0.04022	0.02346	0.00697	0.00393	0.00369	0.00112	0.01718	0.00331	0.00214	0.00526
7	0.00610	0.00520	0.00647	0.05398	0.09853	0.05036	0.00502	0.00757	0.03819	0.02180	0.06562	0.39150	0.15243	0.00987	0.05431	0.00161	0.00325	0.02147	0.00307	0.00368
8	0.00671	0.04216	0.00694	0.00662	0.05392	0.07225	0.00475	0.00853	0.04678	0.03225	0.29790	0.08438	0.08461	0.01228	0.22061	0.00239	0.00460	0.00547	0.00305	0.00382
9	0.01052	0.14155	0.12663	0.03173	0.25978	0.07996	0.10226	0.08646	0.02198	0.09306	0.00765	0.00880	0.00585	0.00360	0.00352	0.00108	0.00472	0.00313	0.00223	0.00547
10	0.00950	0.05295	0.30254	0.01353	0.24289	0.02036	0.09847	0.04967	0.03641	0.09480	0.00801	0.00941	0.00605	0.02208	0.00409	0.00120	0.01708	0.00327	0.00216	0.00554
11	0.00959	0.01001	0.00907	0.09621	0.03825	0.31544	0.03577	0.03603	0.04125	0.03848	0.07179	0.01335	0.06327	0.04345	0.15974	0.00208	0.00587	0.00381	0.00239	0.00415
12	0.00887	0.01450	0.48171	0.02408	0.06992	0.03455	0.05559	0.04304	0.10862	0.07482	0.02952	0.02289	0.00709	0.00402	0.00367	0.00118	0.00481	0.00336	0.00228	0.00548
13	0.01008	0.08188	0.24796	0.01342	0.28681	0.04000	0.03574	0.04738	0.02038	0.13711	0.02244	0.00987	0.02273	0.00382	0.00357	0.00111	0.00450	0.00326	0.00233	0.00558
14	0.00830	0.00970	0.12942	0.25889	0.43986	0.00867	0.06979	0.01093	0.00810	0.01131	0.00687	0.00926	0.00543	0.00344	0.00371	0.00116	0.00484	0.00330	0.00175	0.00526
15	0.00539	0.00363	0.00420	0.00420	0.00425	0.00368	0.00244	0.00550	0.00544	0.00731	0.01156	0.02352	0.01316	0.80310	0.08489	0.00379	0.00410	0.00529	0.00223	0.00233
16	0.02802	0.08271	0.27383	0.06100	0.34562	0.00904	0.05678	0.02622	0.00839	0.04941	0.02064	0.00897	0.00595	0.00353	0.00355	0.00112	0.00470	0.00313	0.00193	0.00547

[dist]
# distance from previous block
# <min> <max>
2	5

[block]
# block no. 5 follows, 74 sequences, length 38
# corresponding to MSA columns:
# 267-304
name=unknown_F
#
# <colnr> <probs for GDERKNQSTAVLIFYWHMCP>
#	G	D	E	R	K	N	Q	S	T	A	V	L	I	F	Y	W	H	M	C	P
0	0.00923	0.37888	0.34283	0.00966	0.07054	0.02382	0.04420	0.03925	0.00823	0.03285	0.00635	0.00737	0.00502	0.00341	0.00310	0.00101	0.00471	0.00257	0.00176	0.00522
1	0.00463	0.00377	0.00409	0.00401	0.00516	0.00324	0.00301	0.00579	0.00903	0.01137	0.26089	0.03351	0.62077	0.00890	0.00438	0.00123	0.00184	0.00752	0.00362	0.00324
2	0.00786	0.02705	0.06926	0.01902	0.02234	0.00567	0.00536	0.02550	0.00790	0.01217	0.00662	0.00775	0.00544	0.00287	0.00284	0.00063	0.00306	0.00229	0.00216	0.76422
3	0.00692	0.00352	0.00366	0.00363	0.00451	0.00348	0.00272	0.00862	0.00797	0.02796	0.06158	0.03783	0.01143	0.00472	0.00278	0.00091	0.00177	0.00385	0.79864	0.00350
4	0.00770	0.00660	0.00770	0.00550	0.00880	0.00495	0.00440	0.00935	0.00770	0.01210	0.00660	0.00770	0.00550	0.00275	0.00275	0.00055	0.00275	0.00220	0.00220	0.89224
5	0.00843	0.30263	0.36487	0.00890	0.04081	0.01006	0.04204	0.01112	0.00777	0.01082	0.00619	0.00731	0.00494	0.00325	0.00305	0.00094	0.00450	0.00248	0.00170	0.15820
6	0.03014	0.00481	0.00645	0.00673	0.05571	0.01680	0.00463	0.00695	0.00600	0.00866	0.00987	0.03546	0.01010	0.28504	0.40796	0.00422	0.09081	0.00438	0.00207	0.00323
7	0.00645	0.00322	0.00484	0.00484	0.00484	0.00322	0.00322	0.00484	0.00484	0.00645	0.00645	0.01128	0.00645	0.01289	0.01451	0.89201	0.00322	0.00322	0.00161	0.00161
8	0.89577	0.00718	0.00546	0.00488	0.00718	0.00833	0.00402	0.01091	0.00632	0.01665	0.00517	0.00603	0.00402	0.00345	0.00230	0.00115	0.00287	0.00201	0.00230	0.00402
9	0.89577	0.00718	0.00546	0.00488	0.00718	0.00833	0.00402	0.01091	0.00632	0.01665	0.00517	0.00603	0.00402	0.00345	0.00230	0.00115	0.00287	0.00201	0.00230	0.00402
10	0.00526	0.00390	0.00519	0.00524	0.00611	0.00355	0.03140	0.00645	0.00857	0.03269	0.23378	0.33088	0.22219	0.00948	0.00456	0.00136	0.00226	0.08018	0.00358	0.00335
11	0.00771	0.00670	0.01118	0.76452	0.06750	0.00811	0.01007	0.01011	0.00767	0.06104	0.00711	0.01003	0.00526	0.00374	0.00371	0.00122	0.00481	0.00333	0.00184	0.00435
12	0.00478	0.00380	0.00430	0.00424	0.00530	0.00335	0.00315	0.00614	0.02223	0.01181	0.32377	0.08999	0.48623	0.00884	0.00440	0.00124	0.00187	0.00756	0.00368	0.00330
13	0.00561	0.00632	0.13518	0.00604	0.03369	0.00441	0.00524	0.00766	0.00977	0.01370	0.58688	0.02509	0.13201	0.00706	0.00423	0.00118	0.00243	0.00614	0.00355	0.00384
14	0.00770	0.00660	0.00770	0.00550	0.00880	0.00495	0.00440	0.00935	0.00770	0.01210	0.00660	0.00770	0.00550	0.00275	0.00275	0.00055	0.00275	0.00220	0.00220	0.89224
15	0.00509	0.08011	0.00577	0.00531	0.00585	0.00415	0.00380	0.00588	0.00729	0.00965	0.05546	0.70765	0.02268	0.01123	0.03390	0.00159	0.00259	0.02556	0.00326	0.00321
16	0.00771	0.01595	0.62835	0.04929	0.03174	0.00844	0.02358	0.03311	0.00803	0.02739	0.00790	0.02050	0.01588	0.00449	0.01401	0.00129	0.05776	0.03757	0.00183	0.00520
17	0.00486	0.00369	0.00416	0.00410	0.00510	0.00322	0.00302	0.00560	0.00836	0.01051	0.19813	0.03061	0.55993	0.00953	0.00583	0.12805	0.00205	0.00695	0.00332	0.00299
18	0.00744	0.01920	0.85032	0.01058	0.01607	0.00862	0.01371	0.01176	0.00784	0.01176	0.00666	0.00784	0.00470	0.00353	0.00353	0.00118	0.00549	0.00274	0.00157	0.00549
19	0.00540	0.00360	0.00405	0.00405	0.00405	0.00360	0.00225	0.00540	0.00540	0.00720	0.01170	0.02429	0.01349	0.86955	0.01889	0.00360	0.00360	0.00540	0.00225	0.00225
20	0.00638	0.00325	0.00479	0.00479	0.00479	0.00325	0.00316	0.00487	0.00487	0.00649	0.00677	0.01208	0.00688	0.06536	0.01478	0.83759	0.00325	0.00336	0.00165	0.00165
21	0.00876	0.01001	0.02190	0.01564	0.01940	0.00939	0.83292	0.01189	0.00876	0.01189	0.00751	0.01001	0.00563	0.00313	0.00438	0.00125	0.00626	0.00438	0.00188	0.00501
22	0.89577	0.00718	0.00546	0.00488	0.00718	0.00833	0.00402	0.01091	0.00632	0.01665	0.00517	0.00603	0.00402	0.00345	0.00230	0.00115	0.00287	0.00201	0.00230	0.00402
23	0.18951	0.00672	0.00997	0.68491	0.02179	0.00826	0.00902	0.00978	0.00720	0.01096	0.00630	0.00910	0.00476	0.00366	0.00342	0.00122	0.00452	0.00303	0.00178	0.00410
24	0.00824	0.06446	0.09108	0.00750	0.04007	0.05289	0.04055	0.02012	0.01713	0.05913	0.08893	0.09727	0.01105	0.00487	0.00370	0.00098	0.02401	0.04050	0.00257	0.32495
25	0.06283	0.01042	0.01054	0.00823	0.01104	0.06001	0.00675	0.71410	0.01612	0.02188	0.00862	0.00878	0.00620	0.00436	0.00358	0.00110	0.00409	0.00322	0.03216	0.00598
26	0.00701	0.00660	0.01113	0.86063	0.02556	0.00825	0.01031	0.00948	0.00742	0.00948	0.00660	0.00990	0.00495	0.00371	0.00371	0.00124	0.00495	0.00330	0.00165	0.00412
27	0.00465	0.00333	0.00442	0.00508	0.00541	0.00310	0.00346	0.00548	0.00768	0.01039	0.16017	0.72480	0.02633	0.01094	0.00468	0.00145	0.00209	0.00990	0.00355	0.00310
28	0.00812	0.00812	0.01137	0.00975	0.00975	0.01137	0.00812	0.00893	0.00568	0.00893	0.00487	0.00812	0.00487	0.00650	0.01218	0.00162	0.86276	0.00325	0.00162	0.00406
29	0.00992	0.87178	0.01945	0.00635	0.00953	0.01469	0.00635	0.01111	0.00754	0.00873	0.00516	0.00595	0.00476	0.00318	0.00238	0.00079	0.00397	0.00198	0.00159	0.00476
30	0.00701	0.00660	0.01113	0.86063	0.02556	0.00825	0.01031	0.00948	0.00742	0.00948	0.00660	0.00990	0.00495	0.00371	0.00371	0.00124	0.00495	0.00330	0.00165	0.00412
31	0.00480	0.00367	0.00415	0.00426	0.00499	0.00334	0.00296	0.00560	0.00769	0.00981	0.12207	0.14900	0.39489	0.21574	0.03621	0.00200	0.00261	0.02006	0.00319	0.00296
32	0.00759	0.00583	0.00667	0.00594	0.00744	0.00612	0.00459	0.14688	0.20444	0.01595	0.42437	0.05877	0.06474	0.00670	0.00412	0.00120	0.00244	0.00575	0.01597	0.00448
33	0.00534	0.00384	0.00528	0.00528	0.00571	0.00427	0.00378	0.00619	0.00576	0.00811	0.01057	0.01805	0.01079	0.32893	0.55581	0.00512	0.00767	0.00449	0.00208	0.00293
34	0.00820	0.06112	0.06704	0.43662	0.10788	0.00898	0.03846	0.05797	0.13155	0.01177	0.02941	0.01043	0.00684	0.00394	0.00366	0.00119	0.00448	0.00344	0.00216	0.00484
35	0.00714	0.00673	0.01137	0.80931	0.07584	0.00828	0.01037	0.00960	0.00749	0.00965	0.00662	0.00985	0.00501	0.00369	0.00371	0.00123	0.00492	0.00330	0.00166	0.00423
36	0.03057	0.16455	0.36842	0.01187	0.16243	0.06652	0.06095	0.02364	0.00839	0.05950	0.00690	0.00805	0.00525	0.00349	0.00338	0.00108	0.00494	0.00284	0.00188	0.00535
37	0.08312	0.05044	0.03573	0.03599	0.03796	0.11721	0.00698	0.36209	0.17424	0.01726	0.01960	0.00946	0.00707	0.00434	0.00368	0.00113	0.02188	0.00324	0.00306	0.00553

[dist]
# distance from previous block
# <min> <max>
0	4

[block]
# block no. 6 follows, 74 sequences, length 10
# corresponding to MSA columns:
# 309-318
name=unknown_G
#
# <colnr> <probs for GDERKNQSTAVLIFYWHMCP>
#	G	D	E	R	K	N	Q	S	T	A	V	L	I	F	Y	W	H	M	C	P
0	0.07638	0.33161	0.17315	0.00849	0.04489	0.03963	0.04520	0.07027	0.04145	0.07204	0.00704	0.00777	0.00550	0.00360	0.00323	0.00100	0.02183	0.00265	0.00215	0.04211
1	0.02190	0.07776	0.19834	0.03246	0.17065	0.05799	0.04754	0.03906	0.03790	0.03753	0.04409	0.00925	0.00691	0.00358	0.00337	0.00099	0.00424	0.00301	0.00216	0.20128
2	0.00637	0.00325	0.00478	0.00478	0.00478	0.00325	0.00315	0.00488	0.00488	0.00650	0.00685	0.01227	0.00698	0.07798	0.01484	0.82451	0.00325	0.00339	0.00166	0.00166
3	0.00966	0.03482	0.37474	0.05993	0.13884	0.08790	0.04639	0.05172	0.06126	0.08780	0.00798	0.00896	0.00584	0.00374	0.00359	0.00114	0.00497	0.00309	0.00217	0.00546
4	0.00525	0.00412	0.00497	0.02562	0.02513	0.00378	0.00385	0.00674	0.02600	0.01153	0.20715	0.12084	0.37090	0.00852	0.00432	0.00127	0.00222	0.09285	0.03974	0.03517
5	0.00728	0.00656	0.03320	0.03079	0.02957	0.05619	0.02608	0.09742	0.03825	0.01343	0.35661	0.10883	0.04694	0.06155	0.00570	0.00138	0.06720	0.00574	0.00326	0.00401
6	0.00701	0.00660	0.01113	0.86063	0.02556	0.00825	0.01031	0.00948	0.00742	0.00948	0.00660	0.00990	0.00495	0.00371	0.00371	0.00124	0.00495	0.00330	0.00165	0.00412
7	0.00476	0.00378	0.00449	0.03478	0.00611	0.00351	0.00352	0.00602	0.04129	0.01010	0.04806	0.42155	0.37858	0.01002	0.00450	0.00137	0.00215	0.00877	0.00341	0.00323
8	0.01593	0.00665	0.00867	0.00668	0.00948	0.00605	0.00551	0.11012	0.01127	0.71837	0.01388	0.01227	0.00888	0.00457	0.00368	0.00113	0.00320	0.00368	0.04379	0.00619
9	0.00811	0.00684	0.00792	0.00570	0.00897	0.00537	0.00457	0.06281	0.00833	0.01283	0.00675	0.00778	0.00555	0.00286	0.00281	0.00059	0.00284	0.00227	0.00230	0.83481

[dist]
# distance from previous block
# <min> <max>
0	0

# created by:
# /st0/software/busco_prod/Augustus/scripts/msa2prfl.pl ./align_prep/27435.fa
