[name]
unknown

[dist]
# distance from previous block
# <min> <max>
0	222

[block]
# block no. 0 follows, 75 sequences, length 29
# corresponding to MSA columns:
# 356-384
name=unknown_A
#
# <colnr> <probs for GDERKNQSTAVLIFYWHMCP>
#	G	D	E	R	K	N	Q	S	T	A	V	L	I	F	Y	W	H	M	C	P
0	0.00693	0.19239	0.35783	0.00725	0.01053	0.00782	0.00813	0.00947	0.00837	0.01142	0.19580	0.01602	0.14333	0.00521	0.00357	0.00109	0.00374	0.00421	0.00240	0.00448
1	0.02530	0.03162	0.19022	0.11510	0.11138	0.17322	0.01966	0.01225	0.04139	0.11988	0.03790	0.02464	0.07285	0.00443	0.00361	0.00112	0.00455	0.00360	0.00241	0.00487
2	0.01991	0.11028	0.33284	0.10056	0.01506	0.00901	0.15190	0.03908	0.04076	0.04973	0.00770	0.02793	0.00602	0.02030	0.01554	0.00126	0.02628	0.00332	0.00199	0.02055
3	0.04596	0.00704	0.02848	0.08004	0.21045	0.00665	0.00723	0.01401	0.00918	0.43847	0.04518	0.02262	0.00886	0.02369	0.00429	0.00121	0.03408	0.00370	0.00331	0.00554
4	0.00483	0.00352	0.00467	0.00522	0.00562	0.00349	0.00366	0.00581	0.02249	0.00939	0.03671	0.55067	0.05826	0.07240	0.16045	0.00242	0.00367	0.04057	0.00309	0.00307
5	0.00907	0.05991	0.13779	0.06203	0.01126	0.09390	0.06485	0.06966	0.03554	0.11382	0.02315	0.22686	0.01810	0.00592	0.00384	0.00119	0.00397	0.01699	0.00277	0.03939
6	0.00884	0.07515	0.28222	0.06037	0.08063	0.06272	0.10216	0.02874	0.10474	0.04923	0.00852	0.04470	0.00687	0.00441	0.01087	0.00121	0.05045	0.01091	0.00216	0.00509
7	0.00487	0.00348	0.00472	0.00557	0.00596	0.00333	0.00410	0.00580	0.00742	0.00982	0.02002	0.64008	0.02342	0.01113	0.00479	0.00155	0.00248	0.23496	0.00340	0.00309
8	0.02330	0.24729	0.01219	0.00729	0.01007	0.12284	0.00616	0.26596	0.09163	0.01445	0.00815	0.00851	0.02295	0.00386	0.00312	0.00093	0.00398	0.00279	0.00261	0.14194
9	0.00853	0.07077	0.13488	0.00666	0.00990	0.00704	0.00619	0.13756	0.02751	0.02333	0.00947	0.04854	0.05523	0.00398	0.00317	0.00085	0.00335	0.00318	0.00246	0.43739
10	0.00888	0.21063	0.29585	0.00865	0.02274	0.17000	0.04410	0.01119	0.00839	0.01042	0.03561	0.01114	0.06669	0.00422	0.00335	0.00104	0.00475	0.03514	0.00195	0.04525
11	0.00864	0.04708	0.62830	0.01036	0.01519	0.00900	0.08002	0.10358	0.00898	0.04463	0.00715	0.00816	0.00508	0.00359	0.00355	0.00115	0.00520	0.00292	0.00193	0.00549
12	0.00838	0.00926	0.01949	0.16441	0.05810	0.00906	0.65236	0.01132	0.00842	0.01136	0.00725	0.00985	0.00547	0.00321	0.00419	0.00123	0.00588	0.00410	0.00182	0.00484
13	0.00729	0.01143	0.34474	0.00814	0.01095	0.05568	0.07202	0.03748	0.03909	0.01040	0.00980	0.01455	0.03784	0.28161	0.04184	0.00211	0.00486	0.00396	0.00205	0.00418
14	0.00634	0.00478	0.00597	0.03934	0.00734	0.03330	0.00452	0.07594	0.00777	0.03782	0.01509	0.37426	0.04705	0.02658	0.29268	0.00293	0.00520	0.00670	0.00285	0.00354
15	0.00526	0.00388	0.00561	0.00561	0.00616	0.00443	0.00422	0.00637	0.00582	0.00831	0.01011	0.01592	0.00983	0.15827	0.72653	0.00554	0.00886	0.00415	0.00201	0.00312
16	0.00672	0.00578	0.00824	0.14042	0.22677	0.03281	0.00620	0.00783	0.00682	0.00913	0.01033	0.11600	0.01091	0.34280	0.05199	0.00235	0.00422	0.00492	0.00214	0.00365
17	0.00893	0.00919	0.01872	0.01371	0.01693	0.00887	0.64996	0.05897	0.00906	0.03973	0.00877	0.02565	0.00720	0.00403	0.00464	0.00128	0.03945	0.06784	0.00218	0.00488
18	0.36005	0.00751	0.00788	0.00631	0.00895	0.00789	0.00521	0.20351	0.01040	0.33392	0.00952	0.00910	0.00644	0.00407	0.00313	0.00113	0.00323	0.00294	0.00346	0.00536
19	0.00815	0.01170	0.28182	0.16005	0.39565	0.00860	0.05933	0.01110	0.00801	0.01143	0.00677	0.00883	0.00528	0.00340	0.00364	0.00114	0.00490	0.00315	0.00170	0.00535
20	0.04393	0.25958	0.39772	0.04727	0.01294	0.00979	0.00954	0.03952	0.00817	0.09730	0.00748	0.03829	0.00586	0.00382	0.00320	0.00106	0.00447	0.00289	0.00203	0.00513
21	0.00531	0.00370	0.00470	0.00470	0.00494	0.00394	0.00309	0.00579	0.00555	0.00763	0.01094	0.02053	0.01183	0.56299	0.32454	0.00442	0.00585	0.00483	0.00213	0.00261
22	0.00488	0.00409	0.00557	0.00534	0.00638	0.00366	0.07435	0.00592	0.00792	0.01000	0.05570	0.31006	0.41353	0.04002	0.00499	0.00142	0.00243	0.03726	0.00326	0.00321
23	0.00854	0.03662	0.19404	0.14766	0.36479	0.02529	0.05333	0.02023	0.04166	0.02864	0.00783	0.02126	0.01816	0.00372	0.00371	0.00114	0.01282	0.00336	0.00192	0.00527
24	0.03645	0.00806	0.02140	0.04827	0.01228	0.07076	0.23251	0.03681	0.11637	0.16001	0.01200	0.15786	0.01053	0.00549	0.00420	0.00126	0.02311	0.03490	0.00294	0.00480
25	0.01309	0.01600	0.01036	0.00930	0.01109	0.72114	0.00707	0.06477	0.01037	0.00984	0.00595	0.00710	0.00497	0.00475	0.03103	0.00116	0.06315	0.00253	0.00199	0.00433
26	0.02529	0.03281	0.00799	0.00560	0.00871	0.02202	0.00451	0.00937	0.00759	0.01180	0.00662	0.02080	0.00565	0.00297	0.00292	0.00061	0.01878	0.00232	0.00216	0.80146
27	0.00680	0.00564	0.00683	0.00543	0.00780	0.00471	0.00427	0.00837	0.01888	0.01092	0.00967	0.01237	0.05526	0.05096	0.18083	0.00188	0.00421	0.02394	0.00226	0.57899
28	0.00776	0.11305	0.00774	0.00626	0.01829	0.16826	0.00462	0.00861	0.00777	0.04692	0.04294	0.27297	0.04166	0.14256	0.06796	0.00191	0.00408	0.03044	0.00266	0.00356

[dist]
# distance from previous block
# <min> <max>
6	33

[block]
# block no. 1 follows, 75 sequences, length 20
# corresponding to MSA columns:
# 418-437
name=unknown_B
#
# <colnr> <probs for GDERKNQSTAVLIFYWHMCP>
#	G	D	E	R	K	N	Q	S	T	A	V	L	I	F	Y	W	H	M	C	P
0	0.03089	0.00934	0.03248	0.01019	0.01305	0.00948	0.26814	0.40507	0.01231	0.04823	0.00813	0.00945	0.00605	0.00489	0.00513	0.09688	0.01866	0.00359	0.00280	0.00523
1	0.00923	0.00950	0.04649	0.01163	0.01466	0.02401	0.41781	0.03769	0.32495	0.03568	0.01041	0.01122	0.00777	0.00396	0.00414	0.00123	0.01749	0.00411	0.00268	0.00534
2	0.00862	0.00852	0.04764	0.10464	0.13202	0.13169	0.01842	0.03966	0.00850	0.02020	0.01187	0.21311	0.02446	0.07203	0.05146	0.00180	0.05650	0.01981	0.02462	0.00443
3	0.00663	0.09890	0.01153	0.04259	0.01099	0.00655	0.25055	0.00843	0.02256	0.01032	0.01489	0.33964	0.05396	0.00743	0.00430	0.00134	0.00378	0.09903	0.00268	0.00390
4	0.00827	0.00568	0.00656	0.00604	0.00725	0.03664	0.00458	0.13912	0.03963	0.10660	0.01399	0.13161	0.05347	0.18223	0.18148	0.00267	0.00467	0.06253	0.00301	0.00396
5	0.00434	0.00372	0.00372	0.00372	0.00496	0.00310	0.00279	0.00527	0.00837	0.00992	0.03721	0.03535	0.84652	0.00930	0.00434	0.00124	0.00186	0.00775	0.00341	0.00310
6	0.00885	0.05246	0.21610	0.04558	0.10837	0.07306	0.40615	0.02396	0.00857	0.01148	0.00692	0.00885	0.00526	0.00330	0.00385	0.00116	0.00566	0.00352	0.00179	0.00508
7	0.00745	0.04870	0.82294	0.01032	0.01567	0.00874	0.01332	0.01161	0.00774	0.01153	0.00654	0.00769	0.00465	0.00348	0.00345	0.00115	0.00538	0.00269	0.00155	0.00540
8	0.00834	0.01290	0.35148	0.08495	0.42634	0.02926	0.01201	0.01135	0.00809	0.01157	0.00672	0.00855	0.00525	0.00340	0.00357	0.00113	0.00489	0.00302	0.00170	0.00548
9	0.85646	0.00706	0.00554	0.00491	0.00721	0.00811	0.00404	0.01112	0.00645	0.05476	0.00554	0.00627	0.00421	0.00346	0.00234	0.00114	0.00285	0.00207	0.00238	0.00408
10	0.00937	0.00477	0.00611	0.00525	0.00696	0.00423	0.00415	0.01096	0.02387	0.32971	0.33143	0.02351	0.19251	0.00678	0.00410	0.00118	0.00234	0.02419	0.00408	0.00448
11	0.04551	0.00912	0.04424	0.06644	0.08401	0.10661	0.04480	0.17043	0.02870	0.08422	0.00842	0.01855	0.00692	0.03624	0.05346	0.02868	0.11911	0.02367	0.01610	0.00475
12	0.01648	0.00625	0.00852	0.00653	0.00938	0.00540	0.00540	0.01790	0.01051	0.85056	0.01449	0.01250	0.00909	0.00455	0.00369	0.00114	0.00313	0.00369	0.00455	0.00625
13	0.00623	0.00326	0.00479	0.00479	0.00483	0.00330	0.00320	0.00493	0.00489	0.00656	0.00697	0.01232	0.00707	0.07770	0.06457	0.77416	0.00361	0.00339	0.00166	0.00174
14	0.00809	0.07445	0.68121	0.01021	0.01516	0.00918	0.04969	0.06955	0.02701	0.01233	0.00687	0.00794	0.00496	0.00355	0.00347	0.00114	0.00521	0.00281	0.00176	0.00542
15	0.00528	0.00354	0.00402	0.00408	0.00410	0.00352	0.00231	0.00533	0.00546	0.00728	0.01218	0.08324	0.01412	0.81068	0.01771	0.00342	0.00346	0.00570	0.00231	0.00228
16	0.00760	0.06842	0.04398	0.04258	0.10959	0.00771	0.29413	0.02415	0.05027	0.01203	0.15515	0.06777	0.07651	0.00508	0.00416	0.00119	0.01767	0.00494	0.00253	0.00455
17	0.00850	0.00764	0.03796	0.01818	0.17859	0.02047	0.02507	0.04143	0.06674	0.04329	0.02070	0.02500	0.00737	0.02730	0.00368	0.00093	0.00340	0.02120	0.00240	0.44018
18	0.01009	0.51324	0.01493	0.00694	0.00953	0.16504	0.00617	0.04470	0.02711	0.00974	0.00673	0.06699	0.00635	0.00401	0.00312	0.00090	0.03206	0.00279	0.00194	0.06763
19	0.00953	0.00714	0.00842	0.00670	0.00906	0.02142	0.04134	0.22994	0.06045	0.07621	0.07037	0.05298	0.05042	0.05370	0.01304	0.00118	0.00330	0.01689	0.02313	0.24478

[dist]
# distance from previous block
# <min> <max>
1	22

[block]
# block no. 2 follows, 75 sequences, length 17
# corresponding to MSA columns:
# 473-489
name=unknown_C
#
# <colnr> <probs for GDERKNQSTAVLIFYWHMCP>
#	G	D	E	R	K	N	Q	S	T	A	V	L	I	F	Y	W	H	M	C	P
0	0.05347	0.01353	0.01867	0.00904	0.03457	0.53084	0.04632	0.03913	0.00969	0.02887	0.02368	0.01013	0.07160	0.02334	0.00415	0.00109	0.04358	0.00313	0.00218	0.03302
1	0.01095	0.28120	0.06906	0.06927	0.01212	0.27531	0.06188	0.01247	0.00867	0.08545	0.00734	0.00830	0.02807	0.00387	0.00366	0.00101	0.05192	0.00277	0.00201	0.00465
2	0.01014	0.18122	0.13211	0.00749	0.01025	0.05632	0.00689	0.14949	0.21616	0.07648	0.01078	0.03018	0.03199	0.05943	0.00438	0.00125	0.00388	0.00356	0.00283	0.00519
3	0.00510	0.00360	0.00423	0.00433	0.00517	0.00328	0.00319	0.00638	0.00866	0.01202	0.29168	0.19061	0.26306	0.00836	0.00414	0.00121	0.00189	0.03190	0.14793	0.00326
4	0.00599	0.04797	0.00679	0.02199	0.06761	0.02918	0.02285	0.00736	0.03367	0.00995	0.03634	0.24292	0.16511	0.11688	0.02329	0.00172	0.00317	0.15080	0.00294	0.00347
5	0.00483	0.00374	0.00440	0.00424	0.00526	0.00331	0.00318	0.00622	0.00953	0.01267	0.50012	0.03082	0.38190	0.00828	0.00434	0.00119	0.00179	0.00712	0.00377	0.00331
6	0.00779	0.04891	0.31811	0.00924	0.06592	0.07061	0.05461	0.01093	0.06921	0.03790	0.11711	0.10243	0.06109	0.00529	0.00379	0.00117	0.00415	0.00452	0.00249	0.00472
7	0.05281	0.14189	0.05908	0.00866	0.01103	0.51253	0.02125	0.02759	0.00958	0.08682	0.00648	0.00723	0.00513	0.00381	0.00347	0.00099	0.03243	0.00251	0.00211	0.00460
8	0.04621	0.00811	0.01342	0.21863	0.57932	0.00869	0.01056	0.01069	0.00790	0.01143	0.00664	0.00907	0.00548	0.00352	0.00398	0.00115	0.04496	0.00321	0.00178	0.00525
9	0.00886	0.00743	0.00785	0.00703	0.00890	0.02162	0.00545	0.08720	0.59306	0.01470	0.01457	0.01468	0.04603	0.05130	0.07263	0.00171	0.00358	0.00423	0.02390	0.00527
10	0.00764	0.11307	0.76019	0.01001	0.01518	0.00919	0.01277	0.01156	0.00772	0.01130	0.00643	0.00755	0.00466	0.00345	0.00336	0.00112	0.00526	0.00263	0.00155	0.00535
11	0.00452	0.00350	0.00412	0.00444	0.00519	0.00310	0.00315	0.00543	0.00808	0.01035	0.14168	0.38901	0.38432	0.00999	0.00449	0.00134	0.00196	0.00874	0.00350	0.00310
12	0.01022	0.01190	0.11434	0.02351	0.01157	0.25804	0.07053	0.05219	0.23883	0.04245	0.01111	0.01149	0.06205	0.00522	0.02834	0.00128	0.03582	0.00359	0.00262	0.00493
13	0.00534	0.00356	0.00401	0.00401	0.00401	0.00356	0.00223	0.00534	0.00534	0.00712	0.01157	0.02403	0.01335	0.87092	0.01869	0.00356	0.00356	0.00534	0.00223	0.00223
14	0.00651	0.00544	0.00645	0.00712	0.07196	0.05273	0.00467	0.04639	0.04654	0.00999	0.01437	0.38067	0.01609	0.19788	0.03068	0.00198	0.06093	0.03330	0.00281	0.00349
15	0.03573	0.11600	0.01293	0.01120	0.13660	0.42381	0.08266	0.06141	0.00967	0.01083	0.00615	0.00739	0.00507	0.00358	0.00344	0.00098	0.01896	0.00268	0.00196	0.04893
16	0.07333	0.03463	0.04440	0.04764	0.05816	0.10973	0.00618	0.13877	0.09068	0.05218	0.00956	0.01191	0.02201	0.08776	0.17045	0.00225	0.00522	0.00350	0.01444	0.01722

[dist]
# distance from previous block
# <min> <max>
0	14

[block]
# block no. 3 follows, 75 sequences, length 13
# corresponding to MSA columns:
# 504-516
name=unknown_D
#
# <colnr> <probs for GDERKNQSTAVLIFYWHMCP>
#	G	D	E	R	K	N	Q	S	T	A	V	L	I	F	Y	W	H	M	C	P
0	0.00809	0.25235	0.40884	0.00856	0.01259	0.00965	0.04579	0.01148	0.06257	0.01129	0.06297	0.00903	0.00721	0.00368	0.00323	0.00102	0.00443	0.00289	0.00193	0.07238
1	0.00808	0.00454	0.00538	0.02336	0.00653	0.00445	0.00383	0.04051	0.06475	0.14667	0.15698	0.11335	0.07339	0.00607	0.00355	0.00109	0.00223	0.00515	0.32599	0.00409
2	0.01252	0.00901	0.00972	0.00770	0.01024	0.00990	0.00635	0.67556	0.01547	0.02114	0.00993	0.01162	0.00764	0.00478	0.00363	0.00111	0.00370	0.05823	0.11606	0.00570
3	0.00651	0.00470	0.00543	0.00495	0.00624	0.00459	0.00380	0.06884	0.09535	0.04036	0.41956	0.02513	0.22311	0.00713	0.00408	0.00116	0.00209	0.00609	0.06697	0.00391
4	0.00817	0.00797	0.02680	0.01110	0.01374	0.00761	0.42984	0.07248	0.05879	0.02407	0.02664	0.02833	0.05806	0.00597	0.02802	0.01510	0.00488	0.15028	0.01757	0.00457
5	0.01037	0.00798	0.00861	0.00749	0.00973	0.00901	0.00590	0.10604	0.67257	0.09790	0.01425	0.01307	0.01048	0.00488	0.00373	0.00122	0.00305	0.00402	0.00381	0.00590
6	0.01351	0.01684	0.01033	0.00934	0.01127	0.79073	0.00703	0.04034	0.04913	0.00972	0.00620	0.00702	0.00508	0.00386	0.00334	0.00096	0.00637	0.00248	0.00203	0.00439
7	0.00453	0.00328	0.00428	0.00500	0.00530	0.00309	0.00337	0.00520	0.00701	0.00929	0.02069	0.73622	0.08386	0.04543	0.04313	0.00175	0.00251	0.00975	0.00330	0.00298
8	0.00762	0.00653	0.00762	0.00544	0.00870	0.00490	0.00435	0.00925	0.00762	0.01197	0.00653	0.00762	0.00544	0.00272	0.00272	0.00054	0.00272	0.00218	0.00218	0.89338
9	0.00463	0.00373	0.00417	0.00436	0.00539	0.00326	0.00333	0.00569	0.00838	0.01037	0.09559	0.13784	0.57470	0.00954	0.00448	0.00132	0.00208	0.11454	0.00346	0.00315
10	0.00810	0.00740	0.00784	0.00576	0.00891	0.07256	0.00457	0.00968	0.00784	0.01173	0.00646	0.00754	0.00538	0.00280	0.00277	0.00058	0.00303	0.00219	0.00215	0.82270
11	0.00789	0.00746	0.01040	0.18814	0.27860	0.08069	0.03064	0.01013	0.04655	0.01088	0.02161	0.05115	0.04892	0.02387	0.05373	0.00151	0.00449	0.07031	0.04857	0.00447
12	0.00831	0.00754	0.02929	0.03027	0.18160	0.04481	0.10332	0.06139	0.06561	0.06108	0.06363	0.14083	0.11657	0.00599	0.00456	0.00124	0.06130	0.00525	0.00278	0.00463

[dist]
# distance from previous block
# <min> <max>
1	5

[block]
# block no. 4 follows, 75 sequences, length 15
# corresponding to MSA columns:
# 524-538
name=unknown_E
#
# <colnr> <probs for GDERKNQSTAVLIFYWHMCP>
#	G	D	E	R	K	N	Q	S	T	A	V	L	I	F	Y	W	H	M	C	P
0	0.00842	0.25969	0.22669	0.21290	0.13111	0.01020	0.00970	0.02921	0.04504	0.01062	0.00661	0.00823	0.00524	0.00364	0.00341	0.01526	0.00454	0.00279	0.00176	0.00493
1	0.00555	0.00419	0.00518	0.00486	0.00588	0.00403	0.00366	0.00813	0.09747	0.01445	0.70102	0.02656	0.09023	0.00737	0.00427	0.00117	0.00187	0.00646	0.00397	0.00369
2	0.00546	0.00430	0.00630	0.00615	0.00677	0.00514	0.00483	0.00671	0.00599	0.00862	0.01060	0.01477	0.04617	0.02479	0.74058	0.00530	0.08815	0.00404	0.00200	0.00334
3	0.00525	0.00394	0.00590	0.00590	0.00656	0.00459	0.00459	0.00656	0.00590	0.00853	0.00984	0.01443	0.00918	0.02755	0.85637	0.00590	0.00984	0.00394	0.00197	0.00328
4	0.00571	0.00355	0.00428	0.00428	0.00464	0.00361	0.00284	0.00621	0.00623	0.00914	0.05574	0.03498	0.03331	0.39057	0.13247	0.10080	0.00386	0.00472	0.19038	0.00266
5	0.00737	0.01900	0.85189	0.01047	0.01590	0.00853	0.01357	0.01163	0.00775	0.01163	0.00659	0.00775	0.00465	0.00349	0.00349	0.00116	0.00543	0.00271	0.00155	0.00543
6	0.00911	0.00518	0.00596	0.00518	0.00650	0.00525	0.00387	0.13813	0.03365	0.15733	0.06246	0.01640	0.01151	0.24074	0.03833	0.00189	0.00315	0.00421	0.24704	0.00409
7	0.00909	0.00873	0.01491	0.02254	0.84801	0.00873	0.01127	0.01127	0.00836	0.01200	0.00691	0.00909	0.00582	0.00327	0.00364	0.00109	0.00436	0.00327	0.00182	0.00582
8	0.00461	0.00374	0.00413	0.00430	0.00537	0.00326	0.00329	0.00566	0.00838	0.01031	0.08434	0.11459	0.61254	0.00950	0.00447	0.00132	0.00207	0.11155	0.00345	0.00315
9	0.00537	0.00389	0.00516	0.00514	0.00545	0.00431	0.00358	0.00602	0.00569	0.00793	0.01097	0.06254	0.01170	0.41498	0.39107	0.00442	0.04194	0.00489	0.00215	0.00281
10	0.00970	0.16756	0.37351	0.02459	0.01314	0.02455	0.02568	0.20497	0.02072	0.03199	0.00709	0.00803	0.00532	0.00422	0.01706	0.00118	0.05031	0.00284	0.00217	0.00535
11	0.00526	0.00406	0.00549	0.00670	0.08220	0.00391	0.00424	0.00664	0.05385	0.01029	0.07274	0.58169	0.09410	0.00995	0.00472	0.02278	0.00237	0.02232	0.00328	0.00341
12	0.00976	0.11701	0.05337	0.00751	0.03579	0.22193	0.00611	0.02673	0.03612	0.02385	0.00669	0.00764	0.00548	0.00333	0.00312	0.00079	0.01887	0.00241	0.02180	0.39169
13	0.06673	0.14122	0.12260	0.00828	0.02029	0.20007	0.03193	0.09331	0.11493	0.02253	0.03084	0.00925	0.02219	0.00442	0.01565	0.00112	0.04017	0.00300	0.00235	0.04912
14	0.03654	0.10671	0.01057	0.05806	0.02452	0.08273	0.04404	0.08736	0.05687	0.09139	0.02238	0.00882	0.00648	0.00359	0.00335	0.00089	0.02433	0.00281	0.00250	0.32606

[dist]
# distance from previous block
# <min> <max>
0	76

[block]
# block no. 5 follows, 75 sequences, length 42
# corresponding to MSA columns:
# 618-659
name=unknown_F
#
# <colnr> <probs for GDERKNQSTAVLIFYWHMCP>
#	G	D	E	R	K	N	Q	S	T	A	V	L	I	F	Y	W	H	M	C	P
0	0.01769	0.02758	0.23192	0.00820	0.01123	0.01729	0.02275	0.07628	0.43991	0.01443	0.03830	0.01240	0.03684	0.00462	0.00365	0.00118	0.00370	0.00378	0.00301	0.02525
1	0.00584	0.00458	0.00551	0.00575	0.01891	0.00464	0.00421	0.00894	0.18674	0.01196	0.18582	0.29294	0.12741	0.02788	0.00471	0.00140	0.00238	0.09307	0.00355	0.00377
2	0.00477	0.00373	0.00416	0.00412	0.00519	0.00324	0.00307	0.00589	0.00879	0.02116	0.25184	0.08276	0.54096	0.02807	0.00468	0.00129	0.00191	0.01759	0.00357	0.00321
3	0.01412	0.01003	0.01087	0.00833	0.01126	0.01101	0.00688	0.78450	0.01684	0.07501	0.00917	0.00905	0.00642	0.00442	0.00368	0.00110	0.00398	0.00333	0.00373	0.00625
4	0.00480	0.00363	0.00416	0.00424	0.00497	0.00329	0.00296	0.00566	0.00791	0.01021	0.19287	0.14278	0.35829	0.20750	0.00771	0.00180	0.00230	0.02869	0.00327	0.00296
5	0.86930	0.00720	0.00557	0.00494	0.00724	0.00834	0.00407	0.03655	0.00659	0.01669	0.00523	0.00606	0.00405	0.00344	0.00232	0.00114	0.00288	0.00203	0.00232	0.00405
6	0.00460	0.00332	0.00432	0.00505	0.00538	0.00310	0.00346	0.00533	0.00723	0.00956	0.04245	0.70459	0.08461	0.04471	0.00522	0.00156	0.00223	0.05689	0.00338	0.00300
7	0.13556	0.00787	0.00853	0.00680	0.00932	0.00837	0.00556	0.36760	0.06548	0.22429	0.01048	0.01023	0.00733	0.00433	0.00335	0.00109	0.00329	0.00329	0.11165	0.00556
8	0.00874	0.00720	0.00773	0.00691	0.00884	0.00810	0.00539	0.04611	0.62584	0.04183	0.06340	0.01673	0.11141	0.00563	0.00398	0.00124	0.01722	0.00466	0.00370	0.00536
9	0.00951	0.00814	0.01167	0.05168	0.40641	0.03349	0.02506	0.17503	0.02132	0.02956	0.00896	0.05137	0.00784	0.04936	0.04197	0.00146	0.00436	0.02201	0.03561	0.00520
10	0.00762	0.00653	0.00762	0.00544	0.00870	0.00490	0.00435	0.00925	0.00762	0.01197	0.00653	0.00762	0.00544	0.00272	0.00272	0.00054	0.00272	0.00218	0.00218	0.89338
11	0.00525	0.00394	0.00590	0.00590	0.00656	0.00459	0.00459	0.00656	0.00590	0.00853	0.00984	0.01443	0.00918	0.02755	0.85637	0.00590	0.00984	0.00394	0.00197	0.00328
12	0.00762	0.00653	0.00762	0.00544	0.00870	0.00490	0.00435	0.00925	0.00762	0.01197	0.00653	0.00762	0.00544	0.00272	0.00272	0.00054	0.00272	0.00218	0.00218	0.89338
13	0.03494	0.04550	0.00670	0.00576	0.00673	0.00556	0.00436	0.08793	0.04932	0.03082	0.00961	0.06645	0.00912	0.07873	0.30375	0.22495	0.00554	0.00402	0.00230	0.01791
14	0.00588	0.00398	0.00445	0.00428	0.00447	0.00405	0.00252	0.05739	0.00609	0.00813	0.01140	0.02308	0.01291	0.81661	0.01775	0.00341	0.00359	0.00521	0.00232	0.00248
15	0.00733	0.00674	0.01145	0.74608	0.02367	0.00812	0.06150	0.03002	0.00782	0.02489	0.03299	0.01037	0.00597	0.00379	0.00373	0.00122	0.00483	0.00345	0.00182	0.00421
16	0.00447	0.00320	0.00426	0.00511	0.00533	0.00298	0.00341	0.00511	0.00703	0.00938	0.02024	0.86853	0.02429	0.01151	0.00469	0.00149	0.00213	0.01044	0.00341	0.00298
17	0.00762	0.00653	0.00762	0.00544	0.00870	0.00490	0.00435	0.00925	0.00762	0.01197	0.00653	0.00762	0.00544	0.00272	0.00272	0.00054	0.00272	0.00218	0.00218	0.89338
18	0.89687	0.00710	0.00540	0.00483	0.00710	0.00824	0.00398	0.01080	0.00625	0.01648	0.00511	0.00597	0.00398	0.00341	0.00227	0.00114	0.00284	0.00199	0.00227	0.00398
19	0.00695	0.00651	0.01118	0.66913	0.05649	0.00778	0.06123	0.00927	0.00736	0.00958	0.00734	0.01138	0.00596	0.02331	0.06478	0.00162	0.00523	0.02906	0.00174	0.00409
20	0.00817	0.00831	0.01112	0.00955	0.00973	0.05016	0.02144	0.00905	0.00591	0.00888	0.00515	0.00831	0.00504	0.00728	0.05278	0.00178	0.76847	0.00323	0.00164	0.00401
21	0.00797	0.00680	0.00979	0.24759	0.03866	0.00824	0.00757	0.03653	0.01801	0.06388	0.01725	0.09561	0.02950	0.00572	0.00674	0.00133	0.31160	0.01455	0.00222	0.07046
22	0.00726	0.00671	0.00925	0.00813	0.00857	0.02564	0.03060	0.02550	0.02017	0.00911	0.00766	0.01158	0.02331	0.06827	0.24472	0.02270	0.46154	0.00367	0.00187	0.00373
23	0.01380	0.01021	0.01093	0.00842	0.01133	0.01132	0.00694	0.80890	0.04439	0.02289	0.00902	0.00898	0.00641	0.00443	0.00368	0.00111	0.00400	0.00333	0.00368	0.00623
24	0.00508	0.00374	0.00454	0.00442	0.00538	0.00334	0.00328	0.00645	0.00943	0.02912	0.49428	0.10997	0.29070	0.00840	0.00436	0.00121	0.00184	0.00730	0.00379	0.00336
25	0.10049	0.00750	0.00874	0.00682	0.00950	0.00755	0.00561	0.29125	0.01222	0.43462	0.02567	0.01094	0.00809	0.00443	0.00350	0.00111	0.00331	0.00343	0.04936	0.00584
26	0.00525	0.00391	0.00578	0.00578	0.00640	0.00453	0.00444	0.00648	0.00587	0.00844	0.00995	0.01503	0.00944	0.08041	0.80386	0.00576	0.00944	0.00402	0.00198	0.00321
27	0.00955	0.71900	0.11708	0.00679	0.01009	0.03885	0.00706	0.01111	0.00759	0.00916	0.00551	0.00638	0.00485	0.00324	0.00253	0.00084	0.00412	0.00211	0.02940	0.00474
28	0.01396	0.01029	0.01102	0.00845	0.01139	0.01139	0.00698	0.83577	0.01727	0.02315	0.00882	0.00882	0.00625	0.00441	0.00367	0.00110	0.00404	0.00331	0.00367	0.00625
29	0.02081	0.19463	0.02880	0.00812	0.01036	0.40277	0.00659	0.05402	0.17593	0.01103	0.00825	0.04810	0.00700	0.00427	0.00327	0.00101	0.00491	0.00306	0.00235	0.00472
30	0.89687	0.00710	0.00540	0.00483	0.00710	0.00824	0.00398	0.01080	0.00625	0.01648	0.00511	0.00597	0.00398	0.00341	0.00227	0.00114	0.00284	0.00199	0.00227	0.00398
31	0.06741	0.14633	0.03570	0.02466	0.00935	0.02242	0.02648	0.07745	0.02646	0.15438	0.05222	0.01106	0.00827	0.03343	0.11804	0.00185	0.14638	0.00339	0.03009	0.00460
32	0.00730	0.00693	0.01178	0.71582	0.12704	0.00828	0.03603	0.00988	0.02263	0.00989	0.00676	0.00978	0.00515	0.00363	0.00369	0.00121	0.00483	0.00331	0.00170	0.00435
33	0.00694	0.00653	0.01102	0.86210	0.02530	0.00816	0.01020	0.00938	0.00734	0.00938	0.00653	0.00979	0.00490	0.00367	0.00367	0.00122	0.00490	0.00326	0.00163	0.00408
34	0.00682	0.00638	0.00698	0.00659	0.00707	0.10261	0.00498	0.00756	0.00678	0.00881	0.02899	0.13190	0.08445	0.20504	0.10219	0.00239	0.23300	0.04183	0.00234	0.00330
35	0.01381	0.01701	0.01036	0.00935	0.01129	0.81328	0.00704	0.02926	0.01053	0.03693	0.00602	0.00686	0.00490	0.00382	0.00333	0.00096	0.00646	0.00243	0.00201	0.00436
36	0.00982	0.23793	0.04226	0.01111	0.01427	0.13030	0.37482	0.04910	0.04804	0.01120	0.00732	0.00940	0.00596	0.00358	0.00361	0.00108	0.00530	0.02802	0.00199	0.00486
37	0.01016	0.00803	0.00898	0.00665	0.00978	0.00750	0.00541	0.34033	0.01148	0.01645	0.00745	0.00810	0.00576	0.00340	0.00310	0.00077	0.00325	0.00263	0.00278	0.53801
38	0.00530	0.00354	0.00402	0.00406	0.00407	0.00353	0.00228	0.00533	0.00542	0.00723	0.01198	0.06352	0.01386	0.83074	0.01804	0.00346	0.00349	0.00558	0.00228	0.00226
39	0.00890	0.02113	0.15932	0.01197	0.23576	0.10991	0.02986	0.04463	0.01613	0.01165	0.00719	0.03536	0.00615	0.02513	0.00416	0.00105	0.04520	0.00309	0.00201	0.22142
40	0.05485	0.05867	0.00601	0.00521	0.00620	0.00465	0.01295	0.02822	0.00746	0.03656	0.05511	0.40387	0.06805	0.14221	0.00635	0.00163	0.00267	0.02955	0.00301	0.06677
41	0.03239	0.07513	0.12631	0.03476	0.03537	0.07300	0.00689	0.15784	0.11341	0.03802	0.08282	0.02605	0.04217	0.00446	0.00345	0.00103	0.00374	0.00355	0.00276	0.13685

[dist]
# distance from previous block
# <min> <max>
0	63

[block]
# block no. 6 follows, 75 sequences, length 37
# corresponding to MSA columns:
# 723-759
name=unknown_G
#
# <colnr> <probs for GDERKNQSTAVLIFYWHMCP>
#	G	D	E	R	K	N	Q	S	T	A	V	L	I	F	Y	W	H	M	C	P
0	0.08059	0.04904	0.01044	0.00951	0.12861	0.08537	0.03189	0.15284	0.09081	0.06001	0.00840	0.03270	0.00685	0.02414	0.00420	0.00109	0.05551	0.00322	0.00261	0.16217
1	0.00683	0.00497	0.00612	0.00549	0.00700	0.00470	0.01285	0.05744	0.03717	0.07314	0.07269	0.17922	0.21331	0.01040	0.13328	0.00187	0.01854	0.00591	0.00310	0.14597
2	0.15736	0.00413	0.00427	0.00426	0.00467	0.00430	0.00265	0.00625	0.00567	0.00896	0.01138	0.10983	0.01290	0.63246	0.01442	0.00293	0.00329	0.00531	0.00236	0.00260
3	0.00750	0.00643	0.00764	0.03678	0.00921	0.00496	0.00454	0.00913	0.00759	0.01180	0.00692	0.03258	0.00597	0.00301	0.00281	0.00060	0.00278	0.00245	0.00219	0.83509
4	0.00883	0.00796	0.03794	0.15204	0.22316	0.00777	0.07744	0.05362	0.13258	0.05436	0.02565	0.01067	0.01816	0.00381	0.00356	0.00106	0.00392	0.00345	0.02683	0.14718
5	0.00524	0.00341	0.00413	0.00450	0.00493	0.00328	0.00307	0.00600	0.00699	0.00995	0.04310	0.38199	0.08186	0.16105	0.03464	0.03447	0.00258	0.02374	0.18214	0.00293
6	0.00794	0.01184	0.31222	0.01136	0.10460	0.03222	0.18660	0.03667	0.03912	0.02872	0.06612	0.03749	0.07995	0.00502	0.02274	0.00129	0.00478	0.00415	0.00225	0.00494
7	0.00827	0.01080	0.19901	0.09195	0.37744	0.00867	0.16191	0.01102	0.00810	0.01153	0.02568	0.00944	0.00608	0.00385	0.01477	0.00123	0.03977	0.00342	0.00179	0.00526
8	0.84851	0.00719	0.00565	0.00499	0.00729	0.00828	0.00411	0.03769	0.00670	0.03540	0.00544	0.00621	0.00417	0.00347	0.00235	0.00114	0.00289	0.00207	0.00237	0.00410
9	0.00982	0.87313	0.01925	0.00628	0.00943	0.01453	0.00628	0.01100	0.00746	0.00864	0.00511	0.00589	0.00471	0.00314	0.00236	0.00079	0.00393	0.00196	0.00157	0.00471
10	0.00514	0.00377	0.00483	0.00463	0.00554	0.00346	0.00351	0.00678	0.01007	0.01399	0.71182	0.02905	0.12630	0.00785	0.00437	0.00119	0.00183	0.04852	0.00394	0.00342
11	0.00470	0.00374	0.00422	0.00413	0.00522	0.00326	0.00312	0.00596	0.00915	0.01178	0.34602	0.03245	0.51826	0.00863	0.00435	0.00122	0.00184	0.02504	0.00365	0.00325
12	0.89687	0.00710	0.00540	0.00483	0.00710	0.00824	0.00398	0.01080	0.00625	0.01648	0.00511	0.00597	0.00398	0.00341	0.00227	0.00114	0.00284	0.00199	0.00227	0.00398
13	0.00496	0.00372	0.00433	0.00418	0.00520	0.00331	0.00313	0.00636	0.00940	0.01271	0.46513	0.02977	0.36218	0.00803	0.00422	0.00117	0.00178	0.00689	0.06020	0.00331
14	0.89687	0.00710	0.00540	0.00483	0.00710	0.00824	0.00398	0.01080	0.00625	0.01648	0.00511	0.00597	0.00398	0.00341	0.00227	0.00114	0.00284	0.00199	0.00227	0.00398
15	0.00519	0.00390	0.00564	0.00563	0.00629	0.00441	0.00432	0.00642	0.00614	0.00869	0.03106	0.01660	0.06462	0.07034	0.73693	0.00537	0.00880	0.00432	0.00212	0.00322
16	0.00743	0.00689	0.01138	0.74860	0.10115	0.00835	0.01017	0.04393	0.00785	0.01020	0.00666	0.00969	0.00504	0.00367	0.00367	0.00121	0.00481	0.00327	0.00173	0.00433
17	0.00823	0.00659	0.00746	0.03256	0.02946	0.00688	0.00512	0.09581	0.32271	0.01479	0.14167	0.01520	0.05496	0.00501	0.00357	0.00106	0.00273	0.00419	0.09362	0.14838
18	0.00840	0.00817	0.01096	0.58603	0.03470	0.12898	0.03839	0.02026	0.00811	0.04378	0.03237	0.01004	0.00611	0.00447	0.02498	0.00130	0.02350	0.00331	0.00190	0.00424
19	0.01318	0.00990	0.01058	0.00829	0.01109	0.01103	0.00679	0.70424	0.15006	0.02189	0.00981	0.00961	0.00705	0.00450	0.00368	0.00113	0.00386	0.00344	0.00368	0.00618
20	0.75443	0.00747	0.00627	0.10685	0.00944	0.04350	0.00485	0.01079	0.00655	0.01532	0.00531	0.00645	0.00412	0.00346	0.00248	0.00114	0.00324	0.00216	0.00218	0.00400
21	0.00947	0.00800	0.00828	0.00742	0.00949	0.03458	0.00577	0.01896	0.75875	0.04988	0.03746	0.01381	0.01157	0.00500	0.00374	0.00123	0.00300	0.00415	0.00372	0.00572
22	0.00492	0.00374	0.00451	0.00432	0.00529	0.00335	0.00322	0.00636	0.00964	0.01302	0.56815	0.02992	0.29659	0.02520	0.00462	0.00123	0.00181	0.00697	0.00380	0.00332
23	0.00534	0.00356	0.00401	0.00401	0.00401	0.00356	0.00223	0.00534	0.00534	0.00712	0.01157	0.02403	0.01335	0.87092	0.01869	0.00356	0.00356	0.00534	0.00223	0.00223
24	0.00538	0.00355	0.00404	0.00404	0.00404	0.00355	0.00226	0.00532	0.00532	0.00709	0.01136	0.02351	0.01307	0.83621	0.01852	0.03955	0.00355	0.00525	0.00220	0.00220
25	0.00914	0.00789	0.00830	0.00747	0.00955	0.00914	0.00581	0.01952	0.84138	0.01536	0.01495	0.01370	0.01121	0.00498	0.00374	0.00125	0.00291	0.00415	0.00374	0.00581
26	0.00733	0.00696	0.01157	0.67299	0.13701	0.00850	0.01016	0.00960	0.00734	0.00970	0.00643	0.00954	0.00502	0.00386	0.00439	0.00124	0.07914	0.00326	0.00166	0.00431
27	0.01372	0.01750	0.01041	0.00946	0.01135	0.85618	0.00710	0.01467	0.01041	0.00899	0.00568	0.00662	0.00473	0.00378	0.00331	0.00095	0.00662	0.00237	0.00189	0.00426
28	0.89687	0.00710	0.00540	0.00483	0.00710	0.00824	0.00398	0.01080	0.00625	0.01648	0.00511	0.00597	0.00398	0.00341	0.00227	0.00114	0.00284	0.00199	0.00227	0.00398
29	0.00907	0.00876	0.01507	0.02197	0.79817	0.00876	0.04542	0.01144	0.02365	0.01205	0.00708	0.00921	0.00591	0.00330	0.00367	0.00110	0.00441	0.00333	0.00185	0.00578
30	0.00892	0.00855	0.01460	0.08844	0.78344	0.00868	0.01119	0.01112	0.00828	0.01179	0.00688	0.00915	0.00575	0.00330	0.00364	0.00110	0.00441	0.00327	0.00180	0.00568
31	0.00460	0.00339	0.00431	0.00481	0.00531	0.00310	0.00333	0.00551	0.00792	0.01055	0.19158	0.57321	0.14816	0.01036	0.00456	0.00139	0.00201	0.00927	0.00354	0.00310
32	0.01219	0.06643	0.07074	0.03789	0.11911	0.12594	0.00792	0.42551	0.01302	0.04235	0.00777	0.00839	0.00579	0.00395	0.00349	0.00105	0.00448	0.00302	0.00281	0.03816
33	0.00756	0.08560	0.78696	0.01014	0.01539	0.00900	0.01300	0.01158	0.00773	0.01140	0.00648	0.00761	0.00466	0.00346	0.00340	0.00113	0.00531	0.00266	0.00155	0.00537
34	0.02666	0.03341	0.01080	0.01901	0.24366	0.00843	0.00736	0.25067	0.02123	0.12619	0.08235	0.05294	0.00991	0.01394	0.03192	0.00133	0.04784	0.00397	0.00301	0.00537
35	0.02567	0.00922	0.10810	0.03497	0.32758	0.00825	0.00876	0.16521	0.03243	0.07621	0.07413	0.02757	0.02726	0.00435	0.00389	0.00113	0.02666	0.00371	0.00263	0.03226
36	0.00557	0.00448	0.00541	0.00512	0.00602	0.00462	0.00395	0.00660	0.00813	0.03806	0.15863	0.12492	0.43446	0.00853	0.00564	0.00131	0.14904	0.00690	0.01919	0.00341

[dist]
# distance from previous block
# <min> <max>
4	13

[block]
# block no. 7 follows, 75 sequences, length 37
# corresponding to MSA columns:
# 773-809
name=unknown_H
#
# <colnr> <probs for GDERKNQSTAVLIFYWHMCP>
#	G	D	E	R	K	N	Q	S	T	A	V	L	I	F	Y	W	H	M	C	P
0	0.00814	0.00859	0.01148	0.01031	0.07416	0.17899	0.21440	0.00986	0.00778	0.00980	0.01895	0.03703	0.00783	0.01369	0.35560	0.00310	0.02032	0.00389	0.00198	0.00409
1	0.00450	0.00336	0.00419	0.00476	0.00526	0.00305	0.00327	0.00529	0.00759	0.00991	0.08668	0.61441	0.21298	0.01070	0.00458	0.00141	0.00204	0.00954	0.00346	0.00305
2	0.00530	0.00380	0.00528	0.00528	0.00572	0.00424	0.00382	0.00614	0.00570	0.00804	0.01031	0.01737	0.01043	0.29148	0.57580	0.02425	0.00773	0.00436	0.00204	0.00291
3	0.00762	0.00653	0.00762	0.00544	0.00870	0.00490	0.00435	0.00925	0.00762	0.01197	0.00653	0.00762	0.00544	0.00272	0.00272	0.00054	0.00272	0.00218	0.00218	0.89338
4	0.00629	0.00513	0.00534	0.00500	0.00649	0.00518	0.00383	0.03337	0.25740	0.01248	0.07376	0.02602	0.46281	0.00739	0.00400	0.00120	0.00222	0.00615	0.07188	0.00405
5	0.00474	0.00374	0.00427	0.00414	0.00521	0.00327	0.00310	0.00604	0.00931	0.01216	0.41358	0.03166	0.46875	0.00847	0.00434	0.00120	0.00180	0.00724	0.00370	0.00327
6	0.89687	0.00710	0.00540	0.00483	0.00710	0.00824	0.00398	0.01080	0.00625	0.01648	0.00511	0.00597	0.00398	0.00341	0.00227	0.00114	0.00284	0.00199	0.00227	0.00398
7	0.01518	0.00782	0.00943	0.00729	0.01013	0.00779	0.00600	0.31941	0.05457	0.50383	0.01242	0.01120	0.00815	0.00452	0.00369	0.00113	0.00345	0.00357	0.00418	0.00623
8	0.01291	0.01550	0.00997	0.00897	0.01092	0.67991	0.00679	0.07102	0.09357	0.01063	0.00807	0.00862	0.03905	0.00417	0.00342	0.00100	0.00589	0.00282	0.00226	0.00450
9	0.12541	0.01003	0.00732	0.00682	0.00835	0.35260	0.00523	0.02080	0.01885	0.01148	0.15535	0.02848	0.13799	0.01451	0.00396	0.00116	0.01790	0.06721	0.00271	0.00385
10	0.00706	0.00639	0.02389	0.03748	0.05643	0.03041	0.00497	0.00862	0.00793	0.01155	0.07982	0.12683	0.04869	0.00482	0.00335	0.00085	0.00287	0.01633	0.00251	0.51919
11	0.00685	0.00342	0.00342	0.00342	0.00428	0.00342	0.00257	0.00856	0.00770	0.01369	0.01198	0.01369	0.00941	0.00428	0.00257	0.00086	0.00171	0.00342	0.89131	0.00342
12	0.01057	0.00880	0.01234	0.08176	0.34286	0.02567	0.04328	0.27406	0.04424	0.04594	0.05349	0.01041	0.00780	0.00403	0.00370	0.00112	0.00414	0.00354	0.01665	0.00560
13	0.00472	0.00367	0.00429	0.00427	0.00523	0.00324	0.00315	0.00595	0.00907	0.01188	0.37639	0.13152	0.40585	0.00881	0.00438	0.00123	0.00184	0.00760	0.00368	0.00324
14	0.00852	0.04308	0.01217	0.00979	0.01041	0.05031	0.07344	0.03484	0.00666	0.00968	0.02901	0.00861	0.00576	0.00588	0.01017	0.00149	0.67095	0.00331	0.00177	0.00418
15	0.00579	0.00385	0.00500	0.00468	0.00560	0.00355	0.00350	0.00743	0.01008	0.05573	0.73192	0.05145	0.03173	0.03063	0.00464	0.00122	0.00186	0.00648	0.03132	0.00355
16	0.01372	0.01750	0.01041	0.00946	0.01135	0.85618	0.00710	0.01467	0.01041	0.00899	0.00568	0.00662	0.00473	0.00378	0.00331	0.00095	0.00662	0.00237	0.00189	0.00426
17	0.00505	0.00351	0.00418	0.00445	0.00466	0.00339	0.00281	0.00544	0.00635	0.00841	0.04781	0.26330	0.07283	0.50032	0.01264	0.00265	0.00297	0.04389	0.00276	0.00260
18	0.89687	0.00710	0.00540	0.00483	0.00710	0.00824	0.00398	0.01080	0.00625	0.01648	0.00511	0.00597	0.00398	0.00341	0.00227	0.00114	0.00284	0.00199	0.00227	0.00398
19	0.00941	0.00918	0.01563	0.01178	0.01472	0.00949	0.43654	0.11576	0.26285	0.01418	0.00985	0.01091	0.00740	0.00398	0.00434	0.00123	0.03808	0.00410	0.01526	0.00532
20	0.03302	0.00514	0.00705	0.10307	0.00950	0.00556	0.00564	0.06783	0.00819	0.12537	0.01264	0.05523	0.02039	0.01356	0.28746	0.00285	0.01662	0.17265	0.04419	0.00403
21	0.89687	0.00710	0.00540	0.00483	0.00710	0.00824	0.00398	0.01080	0.00625	0.01648	0.00511	0.00597	0.00398	0.00341	0.00227	0.00114	0.00284	0.00199	0.00227	0.00398
22	0.00532	0.00364	0.00440	0.00440	0.00453	0.00377	0.00271	0.00559	0.00546	0.00741	0.01122	0.02206	0.01250	0.69775	0.19069	0.00404	0.00485	0.00505	0.00217	0.00244
23	0.00518	0.00374	0.00489	0.00463	0.00548	0.00345	0.00346	0.00689	0.01032	0.01461	0.82763	0.04622	0.03442	0.00760	0.00434	0.00116	0.00174	0.00673	0.00403	0.00345
24	0.00530	0.00371	0.00474	0.00474	0.00499	0.00396	0.00314	0.00581	0.00556	0.00766	0.01090	0.02032	0.01174	0.54461	0.34280	0.00447	0.00599	0.00480	0.00213	0.00263
25	0.00446	0.00380	0.00384	0.00382	0.00506	0.00323	0.00287	0.00559	0.02408	0.01017	0.06169	0.03470	0.80583	0.00917	0.00433	0.00124	0.00188	0.00765	0.00344	0.00316
26	0.00772	0.01850	0.81924	0.01032	0.01564	0.00841	0.01325	0.01187	0.00786	0.04411	0.00690	0.00794	0.00482	0.00353	0.00350	0.00116	0.00534	0.00275	0.00167	0.00546
27	0.23903	0.00647	0.00773	0.00610	0.00880	0.00612	0.00504	0.01610	0.00943	0.63971	0.01212	0.01085	0.00780	0.00426	0.00333	0.00114	0.00305	0.00326	0.00397	0.00568
28	0.01372	0.01750	0.01041	0.00946	0.01135	0.85618	0.00710	0.01467	0.01041	0.00899	0.00568	0.00662	0.00473	0.00378	0.00331	0.00095	0.00662	0.00237	0.00189	0.00426
29	0.00583	0.00426	0.00532	0.00487	0.00591	0.00406	0.00370	0.07063	0.01082	0.01512	0.73893	0.02642	0.07534	0.00736	0.00428	0.00116	0.00192	0.00644	0.00398	0.00366
30	0.00922	0.00902	0.01465	0.04037	0.79765	0.04152	0.01109	0.01136	0.00842	0.01183	0.00685	0.00901	0.00576	0.00330	0.00362	0.00109	0.00446	0.00324	0.00182	0.00572
31	0.00931	0.00905	0.01459	0.02152	0.78328	0.03950	0.01097	0.02496	0.00852	0.01200	0.00684	0.00897	0.00576	0.00339	0.00383	0.00110	0.02560	0.00324	0.00185	0.00572
32	0.00638	0.00319	0.00478	0.00478	0.00478	0.00319	0.00319	0.00478	0.00478	0.00638	0.00638	0.01116	0.00638	0.01276	0.01435	0.89314	0.00319	0.00319	0.00159	0.00159
33	0.80001	0.00703	0.00595	0.07795	0.00871	0.00816	0.00454	0.01085	0.00645	0.03576	0.00546	0.00645	0.00418	0.00346	0.00243	0.00114	0.00302	0.00214	0.00227	0.00404
34	0.00517	0.00370	0.00502	0.00514	0.00551	0.00401	0.00362	0.00594	0.00587	0.00817	0.01190	0.13818	0.01274	0.31279	0.45067	0.00448	0.00661	0.00533	0.00226	0.00288
35	0.21038	0.00674	0.00798	0.00631	0.00901	0.00652	0.00520	0.06806	0.03496	0.58912	0.01208	0.01086	0.00785	0.00430	0.00338	0.00114	0.00311	0.00331	0.00396	0.00574
36	0.00867	0.00775	0.01028	0.01153	0.28981	0.02961	0.00694	0.07388	0.02448	0.01273	0.00748	0.04058	0.00643	0.00344	0.00321	0.00083	0.00346	0.00298	0.00224	0.45367

[dist]
# distance from previous block
# <min> <max>
0	1

[block]
# block no. 8 follows, 75 sequences, length 21
# corresponding to MSA columns:
# 811-831
name=unknown_I
#
# <colnr> <probs for GDERKNQSTAVLIFYWHMCP>
#	G	D	E	R	K	N	Q	S	T	A	V	L	I	F	Y	W	H	M	C	P
0	0.00820	0.00610	0.00731	0.03236	0.07249	0.03377	0.00528	0.13598	0.07499	0.08434	0.07489	0.28747	0.10145	0.00745	0.00413	0.00126	0.00297	0.03227	0.00336	0.02393
1	0.00917	0.01432	0.34060	0.03863	0.01368	0.19765	0.08333	0.02105	0.02748	0.02736	0.01764	0.00857	0.00562	0.00507	0.03903	0.00138	0.13977	0.00304	0.00185	0.00478
2	0.86638	0.00707	0.00551	0.00489	0.00718	0.00814	0.00403	0.01104	0.00640	0.04537	0.00544	0.00619	0.00415	0.00345	0.00232	0.00114	0.00285	0.00205	0.00235	0.00406
3	0.00978	0.04831	0.00897	0.00819	0.04909	0.24116	0.00612	0.11390	0.17692	0.01268	0.04416	0.09896	0.05538	0.00600	0.00385	0.00119	0.00407	0.10371	0.00295	0.00459
4	0.25388	0.00769	0.04969	0.09569	0.33553	0.00762	0.03321	0.01000	0.00745	0.01254	0.00851	0.14614	0.00812	0.00467	0.00345	0.00119	0.00374	0.00407	0.00217	0.00464
5	0.00781	0.00505	0.00643	0.00584	0.02677	0.00424	0.00430	0.00904	0.00812	0.15860	0.05008	0.31107	0.05481	0.00684	0.00381	0.00108	0.00256	0.02947	0.00319	0.30088
6	0.00902	0.00648	0.00776	0.00561	0.00881	0.00498	0.00452	0.01062	0.00808	0.14509	0.00779	0.00839	0.00602	0.00301	0.00287	0.00064	0.00278	0.00242	0.00255	0.75255
7	0.00731	0.00620	0.00729	0.00541	0.00838	0.00471	0.00426	0.00885	0.00756	0.01172	0.00786	0.09132	0.00727	0.00357	0.00291	0.00064	0.00266	0.00298	0.00230	0.80681
8	0.00762	0.00653	0.00762	0.00544	0.00870	0.00490	0.00435	0.00925	0.00762	0.01197	0.00653	0.00762	0.00544	0.00272	0.00272	0.00054	0.00272	0.00218	0.00218	0.89338
9	0.01154	0.05253	0.07077	0.01937	0.00991	0.00730	0.00607	0.22968	0.01103	0.26207	0.03258	0.10678	0.01992	0.00499	0.00359	0.00106	0.00338	0.00408	0.00339	0.13996
10	0.00525	0.00394	0.00590	0.00590	0.00656	0.00459	0.00459	0.00656	0.00590	0.00853	0.00984	0.01443	0.00918	0.02755	0.85637	0.00590	0.00984	0.00394	0.00197	0.00328
11	0.16882	0.15546	0.15106	0.00919	0.06556	0.21424	0.05059	0.03810	0.07652	0.02855	0.00683	0.00766	0.00536	0.00363	0.00312	0.00105	0.00468	0.00265	0.00210	0.00484
12	0.01012	0.15331	0.10463	0.05206	0.25067	0.10201	0.01975	0.05481	0.06791	0.08523	0.02682	0.00958	0.00687	0.02572	0.00378	0.00111	0.00438	0.00313	0.00228	0.01583
13	0.00703	0.00619	0.08393	0.02476	0.00774	0.00569	0.00518	0.09235	0.00758	0.04799	0.06402	0.01655	0.01109	0.27840	0.28170	0.00343	0.04600	0.00431	0.00241	0.00365
14	0.14421	0.10651	0.01169	0.02734	0.04866	0.31360	0.08429	0.09921	0.04888	0.03088	0.01781	0.00828	0.01612	0.00388	0.00346	0.00105	0.02430	0.00286	0.00227	0.00469
15	0.07651	0.09850	0.02605	0.03651	0.12505	0.10434	0.25900	0.10718	0.00935	0.05484	0.00706	0.00858	0.00548	0.00369	0.00415	0.00113	0.06210	0.00328	0.00218	0.00503
16	0.01016	0.73483	0.01767	0.00655	0.00952	0.05336	0.00626	0.06688	0.02673	0.00975	0.00576	0.00673	0.00517	0.02404	0.00291	0.00089	0.00403	0.00220	0.00179	0.00476
17	0.00638	0.00456	0.00541	0.00520	0.00635	0.00443	0.00392	0.04703	0.10152	0.05957	0.26869	0.19182	0.20813	0.02662	0.00461	0.00132	0.00227	0.04465	0.00368	0.00381
18	0.00450	0.00328	0.00425	0.00502	0.00535	0.00303	0.00342	0.00520	0.00720	0.00947	0.02190	0.76349	0.10538	0.01125	0.00466	0.00147	0.00214	0.03256	0.00341	0.00301
19	0.00449	0.00326	0.00425	0.00499	0.00531	0.00301	0.00337	0.00520	0.00726	0.00962	0.05359	0.77467	0.08505	0.01119	0.00465	0.00146	0.00210	0.01010	0.00343	0.00301
20	0.04882	0.10783	0.64862	0.00973	0.01445	0.00893	0.04754	0.01123	0.00766	0.01144	0.00704	0.04789	0.00559	0.00381	0.00341	0.00114	0.00503	0.00303	0.00169	0.00515

[dist]
# distance from previous block
# <min> <max>
0	381

# created by:
