[name]
unknown

[dist]
# distance from previous block
# <min> <max>
0	97

[block]
# block no. 0 follows, 58 sequences, length 9
# corresponding to MSA columns:
# 132-140
name=unknown_A
#
# <colnr> <probs for GDERKNQSTAVLIFYWHMCP>
#	G	D	E	R	K	N	Q	S	T	A	V	L	I	F	Y	W	H	M	C	P
0	0.00880	0.04486	0.03664	0.04389	0.09290	0.04590	0.04594	0.05812	0.02507	0.02502	0.02967	0.16932	0.16056	0.06662	0.05330	0.00204	0.06442	0.01886	0.00322	0.00488
1	0.07746	0.07348	0.03383	0.04168	0.04076	0.08279	0.06111	0.01150	0.00927	0.07673	0.03425	0.10062	0.08473	0.12539	0.05444	0.00217	0.06065	0.00562	0.01873	0.00480
2	0.05314	0.35863	0.03759	0.03866	0.01134	0.01135	0.05314	0.01114	0.00897	0.03362	0.01346	0.25443	0.03849	0.00737	0.00469	0.00138	0.04871	0.00605	0.00281	0.00503
3	0.01120	0.03996	0.03886	0.01249	0.12905	0.03306	0.03070	0.17845	0.04468	0.01606	0.01089	0.10288	0.01016	0.00666	0.00698	0.00150	0.20511	0.03375	0.00303	0.08453
4	0.01134	0.04702	0.10361	0.03503	0.09511	0.03296	0.06017	0.14102	0.09957	0.05380	0.01099	0.04804	0.00902	0.00789	0.07266	0.02986	0.04014	0.00435	0.00307	0.09435
5	0.00756	0.00400	0.00593	0.00593	0.00601	0.00409	0.00401	0.00609	0.00601	0.00810	0.00853	0.01479	0.00855	0.05763	0.10482	0.73483	0.00478	0.00411	0.00203	0.00220
6	0.01025	0.00909	0.00976	0.00723	0.01103	0.05618	0.00576	0.05830	0.04090	0.01531	0.00845	0.00957	0.00690	0.00362	0.00347	0.00076	0.00370	0.00284	0.00281	0.73406
7	0.03324	0.02605	0.04712	0.04140	0.23940	0.10682	0.09115	0.06965	0.12163	0.02690	0.01065	0.05977	0.00897	0.00518	0.00485	0.00137	0.03992	0.00448	0.00288	0.05857
8	0.04164	0.09276	0.06704	0.04707	0.14245	0.12450	0.00963	0.20130	0.03458	0.03294	0.00991	0.05630	0.00852	0.00565	0.00529	0.00140	0.08620	0.02368	0.00299	0.00616

[dist]
# distance from previous block
# <min> <max>
0	11

[block]
# block no. 1 follows, 58 sequences, length 10
# corresponding to MSA columns:
# 153-162
name=unknown_B
#
# <colnr> <probs for GDERKNQSTAVLIFYWHMCP>
#	G	D	E	R	K	N	Q	S	T	A	V	L	I	F	Y	W	H	M	C	P
0	0.01322	0.01116	0.01126	0.00960	0.01244	0.05826	0.00760	0.25859	0.52356	0.02114	0.01530	0.01440	0.01137	0.00577	0.00450	0.00144	0.00422	0.00462	0.00440	0.00713
1	0.01013	0.00792	0.00936	0.00673	0.01067	0.00601	0.00540	0.01209	0.00955	0.07798	0.00872	0.00975	0.00698	0.00349	0.00341	0.00072	0.00335	0.00280	0.00288	0.80207
2	0.00674	0.00527	0.00767	0.00745	0.00813	0.00628	0.00579	0.00822	0.00742	0.01075	0.05589	0.01829	0.01263	0.07373	0.65225	0.00617	0.09580	0.00498	0.00251	0.00403
3	0.01086	0.17871	0.47759	0.01197	0.01741	0.01238	0.08465	0.12801	0.01116	0.01552	0.00817	0.00943	0.00606	0.00429	0.00411	0.00133	0.00610	0.00341	0.00230	0.00654
4	0.00624	0.00490	0.00551	0.00534	0.00669	0.00443	0.00400	0.04827	0.01138	0.01470	0.28311	0.11592	0.45217	0.01059	0.00528	0.00150	0.00239	0.00905	0.00441	0.00410
5	0.00619	0.00420	0.00497	0.00528	0.00536	0.00413	0.00314	0.00642	0.00712	0.00949	0.01725	0.27131	0.02024	0.59533	0.01767	0.00358	0.00382	0.00836	0.00314	0.00299
6	0.38979	0.07987	0.04869	0.00951	0.01262	0.16518	0.11430	0.03499	0.00969	0.04539	0.00752	0.00889	0.00590	0.00518	0.02772	0.00150	0.02212	0.00315	0.00262	0.00537
7	0.00624	0.05112	0.00654	0.00644	0.03452	0.00489	0.00436	0.00718	0.00895	0.01156	0.06423	0.37122	0.21574	0.15101	0.00826	0.00209	0.00305	0.03504	0.00376	0.00379
8	0.03083	0.07417	0.03654	0.02681	0.13639	0.05247	0.03157	0.11303	0.14566	0.10297	0.03240	0.04140	0.01010	0.00562	0.01878	0.00137	0.00464	0.00427	0.00343	0.12754
9	0.03825	0.10055	0.11585	0.03943	0.07384	0.11399	0.06364	0.12120	0.02536	0.04296	0.02599	0.01080	0.00768	0.00608	0.04976	0.00154	0.01955	0.00360	0.00276	0.13717

[dist]
# distance from previous block
# <min> <max>
3	11

[block]
# block no. 2 follows, 58 sequences, length 23
# corresponding to MSA columns:
# 180-202
name=unknown_C
#
# <colnr> <probs for GDERKNQSTAVLIFYWHMCP>
#	G	D	E	R	K	N	Q	S	T	A	V	L	I	F	Y	W	H	M	C	P
0	0.03415	0.05094	0.05370	0.07756	0.19921	0.13487	0.02954	0.03775	0.05035	0.12218	0.01109	0.03845	0.02519	0.02332	0.00499	0.00138	0.03152	0.00417	0.00296	0.06666
1	0.01168	0.02839	0.01564	0.17702	0.44816	0.03127	0.01174	0.11037	0.01153	0.05711	0.03203	0.01248	0.02347	0.00463	0.00444	0.00136	0.00522	0.00417	0.00273	0.00655
2	0.01035	0.04912	0.08148	0.01059	0.09299	0.00854	0.06088	0.12196	0.03517	0.08946	0.03783	0.14183	0.15296	0.03466	0.00581	0.00158	0.03826	0.01732	0.00359	0.00560
3	0.00557	0.00401	0.00529	0.00618	0.00657	0.00373	0.00422	0.00651	0.00901	0.01203	0.08901	0.72046	0.05987	0.01347	0.00567	0.00178	0.00259	0.03611	0.00421	0.00370
4	0.01071	0.01026	0.01751	0.13785	0.70731	0.01053	0.01355	0.01341	0.01002	0.01418	0.00835	0.01119	0.00693	0.00405	0.00443	0.00135	0.00540	0.00398	0.00218	0.00680
5	0.01173	0.03382	0.01681	0.09924	0.50171	0.01074	0.05435	0.11117	0.01149	0.05071	0.00978	0.02528	0.00812	0.00468	0.00452	0.00138	0.00529	0.02974	0.00270	0.00673
6	0.00975	0.00913	0.03039	0.30810	0.27372	0.00976	0.04485	0.01335	0.08688	0.03581	0.01199	0.03947	0.05195	0.00527	0.00494	0.00146	0.03603	0.00471	0.01658	0.00588
7	0.00655	0.00490	0.00701	0.00693	0.00755	0.00568	0.00521	0.00782	0.00705	0.01007	0.01214	0.01948	0.01194	0.18609	0.64064	0.00644	0.04320	0.00508	0.00244	0.00379
8	0.00898	0.00834	0.01186	0.03668	0.03253	0.02702	0.06364	0.04137	0.00856	0.01223	0.07696	0.07407	0.01238	0.09449	0.09580	0.00258	0.37986	0.00533	0.00262	0.00469
9	0.02407	0.01256	0.14851	0.06661	0.26298	0.05729	0.08956	0.05891	0.01084	0.13470	0.00995	0.01194	0.00759	0.02523	0.03273	0.00166	0.03154	0.00408	0.00280	0.00647
10	0.00605	0.00432	0.00575	0.00629	0.00672	0.00437	0.00442	0.00699	0.00809	0.01092	0.03522	0.38565	0.03826	0.19185	0.19338	0.00356	0.00518	0.07593	0.00347	0.00358
11	0.01337	0.00611	0.00810	0.00672	0.00902	0.00540	0.00535	0.01523	0.01250	0.42675	0.34014	0.02407	0.06557	0.00729	0.00481	0.00139	0.00299	0.00620	0.03307	0.00593
12	0.01082	0.01032	0.01758	0.06624	0.75081	0.01042	0.01346	0.01347	0.01013	0.01442	0.00888	0.01237	0.00763	0.00428	0.00449	0.00136	0.00531	0.02888	0.00226	0.00689
13	0.00560	0.00419	0.00523	0.00594	0.00662	0.00382	0.00422	0.00663	0.00931	0.01205	0.06541	0.53450	0.22859	0.01297	0.00562	0.00174	0.00262	0.07700	0.00418	0.00374
14	0.00639	0.00479	0.00719	0.00719	0.00799	0.00559	0.00559	0.00799	0.00719	0.01038	0.01198	0.01757	0.01118	0.03355	0.82507	0.00719	0.01198	0.00479	0.00240	0.00399
15	0.00979	0.00979	0.01370	0.01174	0.01174	0.01370	0.00979	0.01077	0.00685	0.01077	0.00587	0.00979	0.00587	0.00783	0.01468	0.00196	0.83461	0.00391	0.00196	0.00489
16	0.00928	0.00795	0.00928	0.00663	0.01060	0.00596	0.00530	0.01126	0.00928	0.01458	0.00795	0.00928	0.00663	0.00331	0.00331	0.00066	0.00331	0.00265	0.00265	0.87014
17	0.01196	0.84548	0.02344	0.00765	0.01148	0.01770	0.00765	0.01339	0.00909	0.01052	0.00622	0.00718	0.00574	0.00383	0.00287	0.00096	0.00478	0.00239	0.00191	0.00574
18	0.00871	0.00743	0.00847	0.05445	0.01033	0.02703	0.00622	0.09691	0.15875	0.01510	0.06607	0.14014	0.25201	0.00907	0.00610	0.00159	0.09419	0.02852	0.00390	0.00504
19	0.03159	0.03474	0.01261	0.01048	0.06316	0.05339	0.00806	0.45563	0.02843	0.13995	0.01145	0.01165	0.00822	0.00529	0.00464	0.00133	0.03455	0.00398	0.07389	0.00696
20	0.12063	0.03830	0.02879	0.00998	0.06289	0.06375	0.03818	0.16482	0.12008	0.06610	0.04863	0.13004	0.01278	0.00740	0.03085	0.00162	0.02761	0.00533	0.01632	0.00589
21	0.08497	0.05221	0.01222	0.01078	0.05789	0.34026	0.03005	0.10672	0.04835	0.03500	0.04463	0.05179	0.00979	0.03779	0.02617	0.00158	0.03720	0.00416	0.00297	0.00549
22	0.00844	0.03562	0.08415	0.06310	0.10637	0.02358	0.00773	0.04864	0.03901	0.02507	0.09962	0.12808	0.21280	0.02785	0.00604	0.00157	0.06708	0.00683	0.00339	0.00504

[dist]
# distance from previous block
# <min> <max>
1	31

[block]
# block no. 3 follows, 58 sequences, length 36
# corresponding to MSA columns:
# 234-269
name=unknown_D
#
# <colnr> <probs for GDERKNQSTAVLIFYWHMCP>
#	G	D	E	R	K	N	Q	S	T	A	V	L	I	F	Y	W	H	M	C	P
0	0.02899	0.07191	0.04773	0.03636	0.13175	0.06696	0.07908	0.09951	0.07329	0.09222	0.11415	0.05043	0.05915	0.00605	0.00476	0.00139	0.02163	0.00517	0.00346	0.00600
1	0.02432	0.00741	0.06997	0.03840	0.03231	0.00633	0.02835	0.03781	0.06720	0.05620	0.15730	0.15873	0.11159	0.05541	0.01564	0.00170	0.00362	0.03385	0.04361	0.05027
2	0.00564	0.00410	0.00538	0.00627	0.00674	0.00384	0.00440	0.00662	0.00894	0.01179	0.04426	0.65642	0.10098	0.01394	0.02408	0.00192	0.00291	0.08392	0.00413	0.00371
3	0.02910	0.07095	0.02897	0.00934	0.01235	0.01227	0.00769	0.32566	0.37112	0.02141	0.01430	0.05375	0.01117	0.00595	0.00442	0.00142	0.00419	0.00475	0.00422	0.00697
4	0.01176	0.06974	0.15927	0.08767	0.05690	0.06905	0.05889	0.10473	0.07450	0.09330	0.02852	0.03764	0.03863	0.00535	0.00438	0.00134	0.00515	0.01934	0.00314	0.07070
5	0.01205	0.18287	0.20653	0.05120	0.09244	0.05299	0.07776	0.07539	0.03856	0.09670	0.02391	0.01118	0.01680	0.00472	0.00457	0.00133	0.03816	0.00378	0.00273	0.00633
6	0.01007	0.11946	0.33003	0.01167	0.03377	0.01033	0.11107	0.01367	0.03898	0.07379	0.01194	0.09128	0.02284	0.00597	0.00509	0.00147	0.05237	0.04751	0.00269	0.00597
7	0.01031	0.00988	0.01703	0.13237	0.61809	0.01009	0.04996	0.01294	0.00993	0.01396	0.00950	0.06800	0.00846	0.00473	0.00456	0.00139	0.00532	0.00464	0.00232	0.00652
8	0.00836	0.06596	0.04793	0.18934	0.03744	0.03231	0.03524	0.06312	0.00999	0.01301	0.03124	0.32022	0.06170	0.00880	0.00520	0.00158	0.02495	0.03561	0.00322	0.00478
9	0.01070	0.09168	0.21327	0.10824	0.14871	0.02572	0.11662	0.08492	0.01063	0.03286	0.00938	0.04422	0.00777	0.00546	0.01921	0.00152	0.04379	0.01668	0.00247	0.00615
10	0.00845	0.00795	0.01342	0.83204	0.03081	0.00994	0.01242	0.01143	0.00894	0.01143	0.00795	0.01193	0.00596	0.00447	0.00447	0.00149	0.00596	0.00398	0.00199	0.00497
11	0.00650	0.00435	0.00494	0.00494	0.00497	0.00437	0.00279	0.00655	0.00652	0.00872	0.01404	0.02895	0.01612	0.82018	0.04519	0.00442	0.00455	0.00646	0.00270	0.00275
12	0.01094	0.19355	0.01926	0.09929	0.49016	0.01224	0.06204	0.01339	0.00975	0.01328	0.00786	0.01033	0.00663	0.00409	0.00444	0.00129	0.02916	0.00372	0.00212	0.00646
13	0.00728	0.02469	0.08834	0.04678	0.04897	0.00654	0.04804	0.00973	0.04204	0.01347	0.12876	0.21756	0.15933	0.00955	0.00555	0.00162	0.03219	0.10127	0.00364	0.00466
14	0.00611	0.00469	0.00533	0.00529	0.00664	0.00414	0.00402	0.00771	0.02219	0.03204	0.24075	0.08693	0.48766	0.01078	0.00534	0.00153	0.00241	0.05802	0.00439	0.00404
15	0.01282	0.01171	0.01495	0.01260	0.05808	0.09835	0.18453	0.27102	0.14204	0.01887	0.01280	0.09915	0.01091	0.00604	0.00479	0.00145	0.00538	0.02451	0.00360	0.00638
16	0.01211	0.07820	0.27400	0.01202	0.03405	0.09122	0.11216	0.05568	0.06204	0.11700	0.01004	0.01141	0.00753	0.02169	0.02827	0.00162	0.05796	0.00391	0.00279	0.00629
17	0.01929	0.00801	0.01058	0.00817	0.01155	0.00728	0.00674	0.10012	0.01344	0.71016	0.01675	0.01485	0.01073	0.00649	0.03279	0.00158	0.00420	0.00446	0.00532	0.00749
18	0.00639	0.00479	0.00719	0.00719	0.00799	0.00559	0.00559	0.00799	0.00719	0.01038	0.01198	0.01757	0.01118	0.03355	0.82507	0.00719	0.01198	0.00479	0.00240	0.00399
19	0.01189	0.17791	0.30303	0.01179	0.04759	0.01193	0.08507	0.07962	0.09241	0.10266	0.01005	0.01080	0.00741	0.00461	0.00440	0.00134	0.02434	0.00372	0.00282	0.00661
20	0.00592	0.00453	0.00564	0.00644	0.03746	0.00417	0.00441	0.00715	0.00955	0.01253	0.08545	0.36310	0.30371	0.01263	0.03799	0.00185	0.00297	0.04575	0.04483	0.00392
21	0.00545	0.00389	0.00519	0.00623	0.00649	0.00363	0.00415	0.00623	0.00856	0.01142	0.02465	0.83987	0.02959	0.01401	0.00571	0.00182	0.00260	0.01272	0.00415	0.00363
22	0.04194	0.00993	0.01400	0.19913	0.35047	0.05558	0.01092	0.08662	0.05572	0.01527	0.02469	0.05779	0.00964	0.00532	0.00449	0.00142	0.00512	0.03140	0.01443	0.00610
23	0.01279	0.59030	0.04767	0.00860	0.01224	0.10659	0.00811	0.08688	0.06657	0.01289	0.00761	0.00835	0.00647	0.00423	0.00331	0.00107	0.00514	0.00281	0.00238	0.00597
24	0.07060	0.07734	0.02464	0.05549	0.03910	0.00900	0.00703	0.10746	0.04767	0.10477	0.00979	0.01097	0.00760	0.00433	0.00389	0.00106	0.01577	0.01486	0.00317	0.38546
25	0.02542	0.03674	0.01409	0.32691	0.13684	0.06909	0.02328	0.17287	0.01222	0.09705	0.00940	0.01132	0.00696	0.00468	0.00448	0.00137	0.01625	0.00388	0.00293	0.02421
26	0.01062	0.00917	0.01490	0.26062	0.37322	0.00991	0.02634	0.03284	0.03298	0.06941	0.04053	0.04098	0.00928	0.00505	0.00503	0.00144	0.04432	0.00453	0.00266	0.00616
27	0.01019	0.00972	0.01495	0.34021	0.37480	0.04241	0.01201	0.04337	0.01018	0.01365	0.00966	0.01242	0.03749	0.00451	0.00441	0.00136	0.00545	0.00409	0.00231	0.04682
28	0.02398	0.04257	0.03702	0.18873	0.01600	0.08777	0.02256	0.20185	0.08943	0.04846	0.09618	0.01585	0.05961	0.01870	0.00509	0.00145	0.03073	0.00472	0.00345	0.00584
29	0.04220	0.00874	0.04802	0.00949	0.03019	0.02795	0.08194	0.07946	0.08075	0.25368	0.03721	0.16488	0.04692	0.00754	0.00487	0.00153	0.00419	0.06021	0.00422	0.00602
30	0.00694	0.00501	0.00714	0.00702	0.00788	0.00573	0.00541	0.03833	0.00775	0.01120	0.01200	0.01761	0.01115	0.06357	0.69417	0.03631	0.01065	0.00477	0.04333	0.00402
31	0.01199	0.53528	0.05044	0.03923	0.03126	0.12090	0.02319	0.02284	0.04135	0.01144	0.00733	0.00872	0.00640	0.00560	0.04246	0.00139	0.02946	0.00292	0.00214	0.00568
32	0.01021	0.00888	0.01277	0.28064	0.07294	0.04596	0.08655	0.07437	0.07392	0.05215	0.02725	0.05900	0.04760	0.03493	0.00563	0.00160	0.02980	0.04376	0.02659	0.00545
33	0.04955	0.00694	0.00845	0.00861	0.06309	0.03432	0.00601	0.05793	0.06153	0.03569	0.01375	0.04000	0.04382	0.20394	0.28220	0.00404	0.05472	0.01791	0.00294	0.00456
34	0.11619	0.04309	0.03391	0.22195	0.12555	0.09021	0.15090	0.04536	0.03830	0.04604	0.00891	0.02409	0.00700	0.00459	0.00456	0.00141	0.02556	0.00404	0.00255	0.00577
35	0.03280	0.04257	0.01121	0.04701	0.01249	0.03679	0.04459	0.18083	0.26666	0.04567	0.02689	0.09943	0.05160	0.00716	0.00474	0.00151	0.00422	0.07370	0.00403	0.00610

[dist]
# distance from previous block
# <min> <max>
5	39

[block]
# block no. 4 follows, 58 sequences, length 10
# corresponding to MSA columns:
# 311-320
name=unknown_E
#
# <colnr> <probs for GDERKNQSTAVLIFYWHMCP>
#	G	D	E	R	K	N	Q	S	T	A	V	L	I	F	Y	W	H	M	C	P
0	0.05405	0.10679	0.01451	0.07325	0.08942	0.09941	0.07173	0.07933	0.05401	0.11018	0.00965	0.01132	0.00759	0.01922	0.03703	0.00161	0.09629	0.00382	0.00292	0.05786
1	0.09001	0.04735	0.02763	0.00840	0.01056	0.08161	0.06386	0.12068	0.03206	0.03505	0.01100	0.01638	0.01011	0.20274	0.15686	0.00305	0.00626	0.01638	0.00292	0.05708
2	0.01107	0.10601	0.12943	0.03370	0.05785	0.12702	0.06703	0.05937	0.05359	0.03408	0.04503	0.01410	0.00983	0.08519	0.04848	0.00196	0.08901	0.01903	0.00267	0.00554
3	0.06577	0.04057	0.07298	0.13062	0.07234	0.13003	0.07381	0.11494	0.03789	0.08355	0.00945	0.01120	0.00725	0.00682	0.06253	0.00179	0.05291	0.00384	0.00285	0.01884
4	0.01335	0.30934	0.05378	0.04749	0.01393	0.18450	0.02852	0.14103	0.05505	0.02894	0.00815	0.00927	0.00662	0.00479	0.00471	0.00124	0.07743	0.00326	0.00263	0.00597
5	0.00974	0.01151	0.14906	0.00981	0.01240	0.08524	0.03718	0.08514	0.00970	0.01343	0.00931	0.01243	0.00798	0.01509	0.29522	0.00341	0.12089	0.00394	0.00246	0.10604
6	0.06436	0.01255	0.17260	0.13966	0.11185	0.04702	0.08869	0.07676	0.02878	0.17039	0.01082	0.01283	0.00799	0.00486	0.00444	0.00142	0.00550	0.02997	0.00309	0.00638
7	0.00701	0.00563	0.00680	0.00677	0.00742	0.05457	0.00492	0.00810	0.00738	0.00998	0.01274	0.05075	0.01296	0.25729	0.52091	0.00583	0.00926	0.00545	0.00254	0.00369
8	0.05982	0.04501	0.00708	0.00620	0.00680	0.00555	0.00446	0.02688	0.00681	0.00976	0.00918	0.01527	0.00906	0.10397	0.17685	0.49239	0.00559	0.00418	0.00222	0.00293
9	0.01330	0.01490	0.01249	0.05110	0.03142	0.42055	0.04874	0.08915	0.01154	0.01266	0.00849	0.01136	0.00735	0.04944	0.12893	0.00233	0.07484	0.00373	0.00250	0.00517

[dist]
# distance from previous block
# <min> <max>
0	3

[block]
# block no. 5 follows, 58 sequences, length 11
# corresponding to MSA columns:
# 324-334
name=unknown_F
#
# <colnr> <probs for GDERKNQSTAVLIFYWHMCP>
#	G	D	E	R	K	N	Q	S	T	A	V	L	I	F	Y	W	H	M	C	P
0	0.01769	0.00782	0.01035	0.00869	0.04733	0.00718	0.00661	0.09436	0.01270	0.60548	0.01612	0.01634	0.01120	0.10899	0.00675	0.00174	0.00405	0.00468	0.00493	0.00698
1	0.58093	0.01189	0.08622	0.00769	0.01086	0.11101	0.00681	0.07906	0.00973	0.05032	0.00731	0.00817	0.00551	0.00437	0.00328	0.00136	0.00447	0.00278	0.00288	0.00539
2	0.05161	0.09228	0.11154	0.00942	0.01260	0.05369	0.00831	0.03783	0.53598	0.01723	0.01449	0.01386	0.01095	0.00545	0.00424	0.00142	0.00430	0.00433	0.00377	0.00670
3	0.00777	0.00389	0.00583	0.00583	0.00583	0.00389	0.00389	0.00583	0.00583	0.00777	0.00777	0.01360	0.00777	0.01554	0.01748	0.86985	0.00389	0.00389	0.00194	0.00194
4	0.09267	0.04557	0.62627	0.01237	0.01821	0.03972	0.07638	0.01419	0.00946	0.01452	0.00784	0.00932	0.00568	0.00420	0.00414	0.00140	0.00638	0.00333	0.00202	0.00632
5	0.01241	0.70560	0.05886	0.00837	0.01214	0.11718	0.00819	0.01398	0.00955	0.01074	0.00639	0.00739	0.00574	0.00394	0.00308	0.00100	0.00527	0.00249	0.00196	0.00571
6	0.00833	0.00623	0.00826	0.00749	0.00886	0.00668	0.02856	0.10650	0.01048	0.04109	0.13065	0.04568	0.12304	0.07065	0.29224	0.00369	0.05270	0.04082	0.00347	0.00459
7	0.01181	0.01289	0.05683	0.03317	0.01403	0.23503	0.11273	0.06082	0.10914	0.03501	0.01027	0.01249	0.00837	0.01157	0.19273	0.00272	0.06798	0.00414	0.00275	0.00552
8	0.09645	0.12950	0.05856	0.06780	0.06322	0.22206	0.10875	0.14583	0.02597	0.02957	0.00826	0.00960	0.00642	0.00445	0.00406	0.00128	0.00604	0.00349	0.00270	0.00599
9	0.00701	0.00559	0.00774	0.00774	0.00869	0.00586	0.02855	0.00836	0.00899	0.01205	0.02188	0.22562	0.12021	0.03192	0.05949	0.02736	0.10678	0.25928	0.00354	0.04334
10	0.14161	0.01149	0.01452	0.15100	0.21348	0.11902	0.08192	0.11160	0.01102	0.01573	0.00806	0.01034	0.00643	0.00523	0.02262	0.00153	0.06221	0.00374	0.00254	0.00590

[dist]
# distance from previous block
# <min> <max>
0	33

[block]
# block no. 6 follows, 58 sequences, length 26
# corresponding to MSA columns:
# 371-396
name=unknown_G
#
# <colnr> <probs for GDERKNQSTAVLIFYWHMCP>
#	G	D	E	R	K	N	Q	S	T	A	V	L	I	F	Y	W	H	M	C	P
0	0.10824	0.09373	0.13765	0.03645	0.27171	0.04012	0.09496	0.04510	0.02285	0.06132	0.00866	0.01028	0.00672	0.00419	0.00410	0.00131	0.00539	0.00365	0.00253	0.04104
1	0.03894	0.04950	0.17613	0.01363	0.15462	0.25241	0.04308	0.03547	0.01103	0.03568	0.04209	0.03725	0.00908	0.00503	0.00426	0.00129	0.00599	0.02786	0.00259	0.05404
2	0.01106	0.03154	0.09116	0.13557	0.40485	0.07879	0.04462	0.05442	0.01069	0.01444	0.03248	0.01132	0.00769	0.00439	0.00456	0.00134	0.02044	0.00393	0.00236	0.03435
3	0.00698	0.00595	0.03231	0.12373	0.07398	0.00583	0.00653	0.00838	0.00851	0.01141	0.04810	0.17651	0.09380	0.15323	0.13307	0.04315	0.00522	0.05619	0.00304	0.00407
4	0.06460	0.11548	0.01458	0.01350	0.20114	0.08814	0.04856	0.17904	0.07472	0.01697	0.01310	0.01467	0.08423	0.00541	0.00427	0.00132	0.00492	0.02779	0.00313	0.02442
5	0.03174	0.00653	0.00713	0.00623	0.00818	0.03030	0.00479	0.03408	0.01013	0.07908	0.06469	0.06575	0.33452	0.07731	0.00674	0.00160	0.05066	0.01535	0.00370	0.16148
6	0.00691	0.03044	0.00680	0.00739	0.05442	0.00464	0.00475	0.00683	0.00765	0.01020	0.01657	0.41731	0.01900	0.04119	0.01043	0.31939	0.00339	0.02634	0.00311	0.00327
7	0.04732	0.03361	0.00994	0.03545	0.01091	0.03503	0.02643	0.06925	0.17957	0.17611	0.11735	0.05536	0.03446	0.05444	0.03880	0.03082	0.02997	0.00542	0.00404	0.00572
8	0.22911	0.00666	0.00737	0.00739	0.04561	0.00684	0.00540	0.05448	0.02917	0.09491	0.11833	0.15909	0.11737	0.03814	0.00522	0.00163	0.00328	0.06121	0.00392	0.00488
9	0.00718	0.00468	0.00568	0.00566	0.00666	0.00431	0.00403	0.00853	0.02194	0.07909	0.21267	0.23289	0.19819	0.14643	0.00812	0.00201	0.00281	0.01893	0.02616	0.00405
10	0.04242	0.00532	0.00636	0.00611	0.00761	0.00497	0.00461	0.03795	0.01047	0.14297	0.09471	0.25240	0.25440	0.01153	0.05164	0.00187	0.00331	0.02266	0.03410	0.00460
11	0.03061	0.00561	0.00725	0.00661	0.00791	0.00557	0.00491	0.05932	0.03504	0.17847	0.01436	0.10309	0.03994	0.03368	0.07331	0.31786	0.00423	0.00531	0.06265	0.00427
12	0.00835	0.00534	0.00659	0.00623	0.00746	0.00512	0.00469	0.03573	0.03729	0.10016	0.28952	0.04584	0.10728	0.20158	0.00931	0.00219	0.00325	0.11544	0.00425	0.00437
13	0.10952	0.00582	0.00657	0.00605	0.00769	0.00572	0.00461	0.03867	0.02704	0.16017	0.10562	0.11920	0.10897	0.10254	0.00654	0.00176	0.00310	0.03810	0.13752	0.00478
14	0.35353	0.00804	0.00804	0.00694	0.00948	0.00862	0.00559	0.12219	0.05766	0.15386	0.04538	0.06009	0.06114	0.01683	0.00419	0.00146	0.00352	0.02840	0.03943	0.00559
15	0.00710	0.00477	0.00599	0.00625	0.00716	0.00448	0.00452	0.04006	0.01015	0.06276	0.14029	0.43467	0.13273	0.05685	0.00642	0.00182	0.00285	0.06272	0.00428	0.00413
16	0.11878	0.00581	0.00681	0.00641	0.00778	0.00598	0.00476	0.04722	0.03301	0.09955	0.13737	0.16199	0.05842	0.14498	0.13857	0.00287	0.00466	0.00679	0.00376	0.00450
17	0.06223	0.00654	0.00760	0.00671	0.00862	0.00652	0.00520	0.06924	0.10869	0.16684	0.23731	0.04069	0.12054	0.08655	0.00650	0.00173	0.00319	0.03426	0.01577	0.00527
18	0.13508	0.00606	0.00628	0.00578	0.00756	0.00625	0.00448	0.03654	0.09751	0.09787	0.06116	0.07136	0.10245	0.00664	0.00393	0.00131	0.00276	0.00539	0.33665	0.00496
19	0.03254	0.00445	0.00534	0.00565	0.00648	0.00413	0.00398	0.00728	0.00962	0.02725	0.18129	0.36396	0.20839	0.09376	0.00711	0.00190	0.00268	0.02623	0.00414	0.00381
20	0.00991	0.01499	0.27633	0.01664	0.06946	0.01052	0.45352	0.01372	0.00989	0.01389	0.00861	0.01127	0.00651	0.00466	0.00565	0.05491	0.00688	0.00449	0.00212	0.00603
21	0.24637	0.00599	0.00610	0.00582	0.00750	0.00614	0.00450	0.03436	0.00990	0.06542	0.12428	0.14611	0.14366	0.02126	0.00462	0.00150	0.00289	0.04261	0.11646	0.00451
22	0.01054	0.00715	0.00846	0.00776	0.00961	0.00757	0.00608	0.07399	0.26625	0.11453	0.08344	0.05348	0.05383	0.05487	0.03530	0.07416	0.00392	0.11938	0.00421	0.00547
23	0.03263	0.00847	0.00964	0.00827	0.01027	0.07831	0.00655	0.10052	0.02008	0.27764	0.08547	0.08158	0.01431	0.02534	0.03256	0.07317	0.08720	0.03834	0.00404	0.00562
24	0.00943	0.00546	0.00682	0.00651	0.00781	0.00518	0.00473	0.05874	0.02231	0.17698	0.05833	0.34771	0.10366	0.12850	0.03455	0.00218	0.00350	0.00871	0.00424	0.00466
25	0.00584	0.00447	0.00551	0.00624	0.00674	0.02337	0.00430	0.00682	0.00905	0.01195	0.09268	0.64536	0.08356	0.01437	0.05526	0.00207	0.00323	0.01138	0.00407	0.00375

[dist]
# distance from previous block
# <min> <max>
3	10

[block]
# block no. 7 follows, 58 sequences, length 6
# corresponding to MSA columns:
# 407-412
name=unknown_H
#
# <colnr> <probs for GDERKNQSTAVLIFYWHMCP>
#	G	D	E	R	K	N	Q	S	T	A	V	L	I	F	Y	W	H	M	C	P
0	0.05488	0.07167	0.30373	0.01323	0.06522	0.11005	0.13543	0.10106	0.01131	0.05657	0.00860	0.00998	0.00640	0.00446	0.00455	0.00137	0.02896	0.00366	0.00254	0.00634
1	0.01112	0.18964	0.36607	0.01242	0.05752	0.03442	0.08646	0.04368	0.04391	0.05944	0.00871	0.00997	0.00659	0.00448	0.00462	0.00134	0.04733	0.00352	0.00238	0.00639
2	0.03666	0.05094	0.01154	0.04452	0.03956	0.04806	0.05427	0.17270	0.14156	0.06559	0.04535	0.01821	0.05264	0.09556	0.07198	0.00218	0.00517	0.03415	0.00359	0.00575
3	0.00775	0.00761	0.04899	0.03494	0.00969	0.08166	0.03652	0.03803	0.02954	0.01264	0.06009	0.37181	0.09727	0.07517	0.03574	0.00203	0.00419	0.03841	0.00361	0.00430
4	0.04681	0.05820	0.01014	0.14376	0.01314	0.06641	0.00714	0.09681	0.07213	0.06556	0.06031	0.21238	0.06423	0.00800	0.00502	0.00152	0.02834	0.03133	0.00360	0.00518
5	0.05138	0.03498	0.09009	0.06792	0.15040	0.03601	0.18585	0.03701	0.01217	0.08680	0.05000	0.05927	0.04033	0.00739	0.00634	0.00197	0.04742	0.02356	0.00382	0.00730

[dist]
# distance from previous block
# <min> <max>
0	5

[block]
# block no. 8 follows, 58 sequences, length 20
# corresponding to MSA columns:
# 419-438
name=unknown_I
#
# <colnr> <probs for GDERKNQSTAVLIFYWHMCP>
#	G	D	E	R	K	N	Q	S	T	A	V	L	I	F	Y	W	H	M	C	P
0	0.13812	0.06010	0.05541	0.10374	0.02926	0.04710	0.07678	0.04683	0.06574	0.04120	0.04679	0.04111	0.02809	0.04204	0.01665	0.00169	0.14667	0.00449	0.00283	0.00535
1	0.00884	0.05382	0.04984	0.07162	0.11261	0.00785	0.06642	0.04497	0.02746	0.03982	0.01525	0.14901	0.05352	0.16553	0.05324	0.00235	0.01676	0.04249	0.00303	0.01558
2	0.01003	0.09457	0.01084	0.06319	0.04670	0.04382	0.00721	0.04010	0.21570	0.04692	0.07026	0.07791	0.05987	0.00747	0.00471	0.00148	0.00401	0.13689	0.00374	0.05459
3	0.01218	0.01440	0.08993	0.01199	0.01380	0.23889	0.05910	0.03212	0.03704	0.03394	0.00742	0.00983	0.00633	0.00616	0.00929	0.00161	0.40453	0.00371	0.00231	0.00542
4	0.09773	0.28032	0.16263	0.00855	0.03800	0.01041	0.00800	0.01115	0.00901	0.01288	0.04725	0.22519	0.01419	0.03340	0.00470	0.00147	0.00429	0.02292	0.00279	0.00511
5	0.01066	0.16155	0.23227	0.13100	0.13908	0.03002	0.08840	0.04076	0.05593	0.03155	0.00917	0.01164	0.00727	0.00453	0.00425	0.00136	0.00575	0.02621	0.00239	0.00622
6	0.01251	0.00924	0.00978	0.00828	0.01075	0.04426	0.00660	0.28097	0.18043	0.08179	0.12279	0.03840	0.07465	0.00686	0.00463	0.00141	0.00383	0.03172	0.06488	0.00621
7	0.03659	0.04696	0.37737	0.03109	0.08497	0.04163	0.04762	0.03546	0.01010	0.01421	0.01205	0.04735	0.01115	0.00637	0.00469	0.00154	0.00568	0.17672	0.00263	0.00582
8	0.01177	0.01059	0.09452	0.10232	0.12861	0.03604	0.03788	0.10258	0.07289	0.13119	0.09425	0.02398	0.02081	0.03003	0.02145	0.00164	0.06520	0.00474	0.00339	0.00613
9	0.03594	0.43793	0.09879	0.00913	0.01295	0.06447	0.05350	0.01451	0.00975	0.10771	0.00809	0.00898	0.00648	0.00426	0.00396	0.00113	0.04123	0.00302	0.00247	0.07570
10	0.00577	0.00548	0.07092	0.00673	0.00754	0.00420	0.00515	0.00697	0.00881	0.01193	0.05774	0.73764	0.02821	0.01301	0.00557	0.00177	0.00290	0.01176	0.00400	0.00390
11	0.04593	0.02309	0.07255	0.02476	0.02904	0.15187	0.05529	0.05988	0.04064	0.04701	0.05679	0.16357	0.10106	0.06851	0.00608	0.00168	0.00473	0.03914	0.00338	0.00500
12	0.01006	0.10015	0.08286	0.07046	0.06441	0.05280	0.21660	0.08039	0.01077	0.01403	0.01407	0.13639	0.07539	0.00649	0.00501	0.00147	0.02622	0.02408	0.00283	0.00552
13	0.01632	0.00936	0.01105	0.00867	0.01169	0.00968	0.00711	0.36382	0.01603	0.31528	0.09309	0.01495	0.01248	0.00588	0.00484	0.00137	0.03270	0.00461	0.05408	0.00698
14	0.00769	0.00638	0.00890	0.04305	0.01023	0.02549	0.03251	0.03662	0.02822	0.01178	0.01151	0.04154	0.01061	0.02480	0.56716	0.00535	0.04660	0.00475	0.00255	0.07423
15	0.01093	0.17906	0.09143	0.00873	0.01174	0.10322	0.02901	0.04798	0.13184	0.04913	0.04753	0.08543	0.06660	0.01701	0.00451	0.00135	0.00457	0.03130	0.00325	0.07540
16	0.08826	0.01951	0.01327	0.01164	0.01416	0.69077	0.07205	0.01718	0.01208	0.01199	0.00703	0.00832	0.00577	0.00450	0.00403	0.00120	0.00764	0.00304	0.00234	0.00523
17	0.04441	0.03877	0.00726	0.00668	0.00750	0.00590	0.00503	0.00803	0.00728	0.01060	0.01288	0.08505	0.01304	0.16834	0.55225	0.00576	0.00925	0.00553	0.00259	0.00385
18	0.75878	0.04915	0.00785	0.00625	0.00913	0.01042	0.00521	0.04726	0.00849	0.05475	0.00692	0.00776	0.00528	0.00425	0.00292	0.00136	0.00360	0.00258	0.00292	0.00513
19	0.04536	0.03032	0.17542	0.00888	0.01119	0.00693	0.06865	0.04140	0.00936	0.01322	0.01695	0.35767	0.01841	0.05990	0.04090	0.00205	0.00463	0.08080	0.00327	0.00470

[dist]
# distance from previous block
# <min> <max>
0	5

[block]
# block no. 9 follows, 58 sequences, length 20
# corresponding to MSA columns:
# 445-464
name=unknown_J
#
# <colnr> <probs for GDERKNQSTAVLIFYWHMCP>
#	G	D	E	R	K	N	Q	S	T	A	V	L	I	F	Y	W	H	M	C	P
0	0.01010	0.07156	0.03412	0.05098	0.03572	0.05314	0.09730	0.06224	0.22558	0.01464	0.01363	0.13083	0.01226	0.01009	0.11059	0.00223	0.05052	0.00557	0.00324	0.00567
1	0.01365	0.31144	0.06573	0.00967	0.01334	0.05606	0.03415	0.29504	0.12682	0.01834	0.00977	0.01014	0.00756	0.00476	0.00390	0.00123	0.00502	0.00353	0.00323	0.00663
2	0.01005	0.04399	0.15554	0.16587	0.40155	0.01038	0.05176	0.01315	0.00970	0.01371	0.00825	0.01085	0.00662	0.00462	0.01994	0.00144	0.00574	0.00380	0.00214	0.06090
3	0.00977	0.00657	0.05501	0.00736	0.00905	0.00545	0.05865	0.01080	0.00934	0.18143	0.09244	0.11305	0.07912	0.16789	0.02055	0.14261	0.00402	0.01886	0.00361	0.00444
4	0.02764	0.22315	0.06664	0.00996	0.01357	0.02547	0.07388	0.31497	0.07452	0.05835	0.03922	0.03359	0.00933	0.00517	0.00416	0.00129	0.00491	0.00411	0.00348	0.00659
5	0.03408	0.00949	0.01353	0.63092	0.10617	0.08361	0.01184	0.01264	0.03216	0.01216	0.00815	0.01150	0.00624	0.00447	0.00438	0.00144	0.00595	0.00386	0.00213	0.00526
6	0.00566	0.00434	0.00522	0.00562	0.00653	0.00393	0.00407	0.00684	0.00978	0.01261	0.13886	0.33678	0.33423	0.02665	0.02881	0.00185	0.00279	0.05747	0.00418	0.00379
7	0.00995	0.04297	0.01412	0.61803	0.09486	0.12221	0.01183	0.01259	0.00957	0.01160	0.00778	0.01114	0.00602	0.00442	0.00435	0.00141	0.00615	0.00376	0.00205	0.00521
8	0.00868	0.00819	0.01384	0.75940	0.10159	0.01000	0.01254	0.01164	0.00906	0.01172	0.00799	0.01185	0.00606	0.00443	0.00447	0.00148	0.00590	0.00398	0.00201	0.00516
9	0.00651	0.00434	0.00488	0.00488	0.00488	0.00434	0.00271	0.00651	0.00651	0.00867	0.01409	0.02927	0.01626	0.84279	0.02277	0.00434	0.00434	0.00651	0.00271	0.00271
10	0.00545	0.00389	0.00519	0.00623	0.00649	0.00363	0.00415	0.00623	0.00856	0.01142	0.02465	0.83987	0.02959	0.01401	0.00571	0.00182	0.00260	0.01272	0.00415	0.00363
11	0.00740	0.00430	0.00579	0.00582	0.00632	0.00414	0.00403	0.00708	0.03197	0.03050	0.06242	0.12873	0.14249	0.01375	0.01254	0.51732	0.00334	0.00624	0.00293	0.00289
12	0.06162	0.00753	0.00798	0.00714	0.00829	0.08187	0.04344	0.10434	0.00935	0.01255	0.01358	0.06348	0.04171	0.41423	0.06766	0.03737	0.00518	0.00577	0.00294	0.00396
13	0.00845	0.00795	0.01342	0.83204	0.03081	0.00994	0.01242	0.01143	0.00894	0.01143	0.00795	0.01193	0.00596	0.00447	0.00447	0.00149	0.00596	0.00398	0.00199	0.00497
14	0.01100	0.00991	0.04466	0.37237	0.08033	0.01093	0.01059	0.14087	0.19522	0.03757	0.01100	0.01270	0.00821	0.00507	0.00478	0.00147	0.02988	0.00422	0.00308	0.00617
15	0.00990	0.00687	0.00802	0.00724	0.00870	0.00731	0.00540	0.20531	0.08224	0.04007	0.01625	0.14412	0.06368	0.13846	0.09975	0.11610	0.00473	0.00624	0.02488	0.00475
16	0.34129	0.01051	0.00932	0.00810	0.01082	0.09732	0.00644	0.11975	0.22169	0.08486	0.01166	0.04084	0.00903	0.00533	0.00385	0.00140	0.00416	0.00392	0.00369	0.00602
17	0.00657	0.02549	0.07500	0.00722	0.00846	0.00520	0.00604	0.00842	0.03296	0.01229	0.02363	0.40916	0.09204	0.05268	0.00641	0.00192	0.00347	0.21506	0.00384	0.00413
18	0.02354	0.03102	0.03996	0.05868	0.10752	0.02898	0.03188	0.01022	0.00884	0.05428	0.03246	0.11989	0.05579	0.08218	0.25424	0.00345	0.01763	0.03181	0.00292	0.00473
19	0.03522	0.04939	0.01145	0.19992	0.05841	0.06802	0.00832	0.19530	0.04566	0.01605	0.01443	0.16573	0.05307	0.00776	0.02486	0.00162	0.00489	0.03109	0.00332	0.00548

[dist]
# distance from previous block
# <min> <max>
6	25

[block]
# block no. 10 follows, 58 sequences, length 11
# corresponding to MSA columns:
# 498-508
name=unknown_K
#
# <colnr> <probs for GDERKNQSTAVLIFYWHMCP>
#	G	D	E	R	K	N	Q	S	T	A	V	L	I	F	Y	W	H	M	C	P
0	0.01440	0.23706	0.09486	0.01147	0.05979	0.44029	0.00944	0.06029	0.01175	0.01234	0.00714	0.00829	0.00593	0.00438	0.00380	0.00115	0.00673	0.00292	0.00228	0.00572
1	0.07232	0.07437	0.40714	0.02619	0.03196	0.11961	0.02524	0.04530	0.05524	0.01454	0.00926	0.01212	0.00747	0.00500	0.00446	0.00141	0.02749	0.05240	0.00242	0.00607
2	0.01142	0.11892	0.17143	0.07264	0.30550	0.02413	0.02968	0.06366	0.03672	0.06940	0.03400	0.01196	0.02190	0.00460	0.00426	0.00133	0.00530	0.00395	0.00266	0.00655
3	0.00693	0.00546	0.00731	0.10118	0.03352	0.00538	0.00595	0.04153	0.00981	0.01295	0.04191	0.38418	0.14103	0.01085	0.00532	0.00165	0.00336	0.11932	0.00378	0.05857
4	0.00688	0.00486	0.00688	0.00680	0.00786	0.00445	0.04999	0.00825	0.01003	0.06368	0.18015	0.44474	0.13393	0.01152	0.00549	0.00166	0.00288	0.04148	0.00428	0.00417
5	0.01045	0.05221	0.05394	0.16272	0.10508	0.06871	0.14251	0.03107	0.08878	0.03909	0.02760	0.03915	0.02096	0.00608	0.02350	0.00154	0.00558	0.05816	0.00284	0.06004
6	0.01101	0.11880	0.17910	0.13785	0.22160	0.07776	0.05001	0.04810	0.03690	0.02972	0.00999	0.01172	0.03907	0.00459	0.00425	0.00133	0.00571	0.00388	0.00241	0.00620
7	0.00681	0.00458	0.00620	0.00648	0.00723	0.00462	0.00473	0.00798	0.00852	0.05757	0.05113	0.32254	0.07473	0.09719	0.27555	0.00376	0.00594	0.04697	0.00355	0.00395
8	0.06743	0.06475	0.06678	0.03604	0.16996	0.07344	0.09044	0.04091	0.01090	0.21150	0.01201	0.02630	0.02453	0.02275	0.00509	0.00146	0.03017	0.03602	0.00325	0.00626
9	0.10199	0.10611	0.08439	0.12789	0.16172	0.07436	0.11542	0.02887	0.08228	0.02714	0.02915	0.01133	0.00789	0.00448	0.00417	0.00135	0.00545	0.00388	0.01616	0.00597
10	0.09707	0.10814	0.04016	0.07382	0.27494	0.04384	0.12465	0.03139	0.02340	0.06908	0.00869	0.01053	0.00683	0.00425	0.00439	0.00132	0.02523	0.00376	0.00255	0.04596

[dist]
# distance from previous block
# <min> <max>
0	79

# created by:
# /st0/software/busco_prod/Augustus/scripts/msa2prfl.pl ./align_prep/27505.fa
