[name]
unknown

[dist]
# distance from previous block
# <min> <max>
0	238

[block]
# block no. 0 follows, 69 sequences, length 14
# corresponding to MSA columns:
# 238-251
name=unknown_A
#
# <colnr> <probs for GDERKNQSTAVLIFYWHMCP>
#	G	D	E	R	K	N	Q	S	T	A	V	L	I	F	Y	W	H	M	C	P
0	0.04410	0.10308	0.22171	0.00993	0.05828	0.04600	0.08129	0.12039	0.04680	0.04427	0.02306	0.04476	0.02374	0.00457	0.00373	0.00116	0.00456	0.02903	0.00256	0.08699
1	0.04301	0.19893	0.07658	0.09573	0.03436	0.12955	0.04051	0.21095	0.05522	0.02791	0.00809	0.03159	0.00650	0.00431	0.00372	0.00113	0.02069	0.00327	0.00255	0.00539
2	0.00641	0.00569	0.00619	0.09278	0.00867	0.09495	0.00484	0.02434	0.00826	0.01037	0.04779	0.50408	0.07701	0.04941	0.03886	0.00175	0.00350	0.00840	0.00318	0.00353
3	0.00713	0.00716	0.09558	0.01741	0.07035	0.00547	0.03546	0.00934	0.02638	0.03770	0.19238	0.07046	0.12808	0.00670	0.00421	0.00121	0.00321	0.10119	0.00315	0.17744
4	0.00961	0.04994	0.14193	0.09593	0.05656	0.02965	0.06459	0.09184	0.06164	0.05445	0.02100	0.02161	0.00700	0.00396	0.00379	0.00105	0.02179	0.00330	0.00250	0.25789
5	0.00700	0.02879	0.00580	0.00521	0.00585	0.03857	0.00349	0.00862	0.10306	0.02758	0.01413	0.05113	0.06041	0.53159	0.01396	0.00281	0.02650	0.00544	0.05677	0.00329
6	0.00508	0.00518	0.09037	0.00595	0.00682	0.00380	0.00471	0.00618	0.00768	0.01029	0.02133	0.71728	0.07808	0.01125	0.00485	0.00154	0.00262	0.01011	0.00344	0.00346
7	0.01871	0.09649	0.24568	0.02465	0.15236	0.08955	0.03089	0.08496	0.04383	0.08103	0.03790	0.00998	0.00731	0.00450	0.01413	0.00124	0.03560	0.00333	0.01225	0.00561
8	0.02620	0.04535	0.20149	0.01005	0.01394	0.08510	0.07387	0.08425	0.01084	0.04724	0.00969	0.02238	0.00793	0.00500	0.00433	0.00133	0.00515	0.00363	0.00305	0.33917
9	0.00569	0.00441	0.00651	0.09278	0.00871	0.00505	0.00518	0.00707	0.00665	0.00924	0.01268	0.05084	0.06624	0.07681	0.61788	0.00511	0.00864	0.00477	0.00225	0.00349
10	0.00541	0.09180	0.00619	0.00549	0.00614	0.00451	0.00395	0.00620	0.00768	0.00998	0.02127	0.66315	0.09166	0.02802	0.00503	0.00154	0.00252	0.03269	0.00341	0.00338
11	0.00843	0.04010	0.09431	0.03304	0.01077	0.03978	0.00604	0.01044	0.00825	0.01239	0.00688	0.00811	0.00564	0.00308	0.00303	0.00070	0.00349	0.00242	0.00220	0.70090
12	0.02796	0.05325	0.12056	0.09877	0.06008	0.07768	0.07161	0.06093	0.11966	0.05816	0.01797	0.02700	0.02837	0.00445	0.00418	0.00117	0.04566	0.00363	0.00258	0.11635
13	0.03725	0.07118	0.12238	0.03667	0.10847	0.12862	0.05989	0.09155	0.04558	0.05955	0.00920	0.03609	0.01518	0.09220	0.00535	0.00140	0.00473	0.00369	0.00249	0.06852

[dist]
# distance from previous block
# <min> <max>
0	70

[block]
# block no. 1 follows, 69 sequences, length 20
# corresponding to MSA columns:
# 322-341
name=unknown_B
#
# <colnr> <probs for GDERKNQSTAVLIFYWHMCP>
#	G	D	E	R	K	N	Q	S	T	A	V	L	I	F	Y	W	H	M	C	P
0	0.02306	0.03171	0.02711	0.19833	0.32006	0.12639	0.01779	0.01144	0.03013	0.01152	0.03472	0.06048	0.00812	0.00512	0.02083	0.02327	0.00487	0.00386	0.00215	0.03907
1	0.00740	0.00624	0.00723	0.02777	0.01934	0.01985	0.00452	0.00907	0.01823	0.02195	0.10491	0.03527	0.12726	0.04447	0.00425	0.00098	0.00285	0.00415	0.00279	0.53149
2	0.00608	0.00448	0.00556	0.00544	0.00562	0.00493	0.00364	0.02317	0.00632	0.00867	0.01258	0.13980	0.01423	0.53706	0.10703	0.00347	0.10054	0.00600	0.00248	0.00292
3	0.00589	0.00473	0.00642	0.00742	0.12295	0.00438	0.00470	0.00757	0.01016	0.01390	0.50264	0.05536	0.22309	0.00797	0.00453	0.00126	0.00229	0.00700	0.00380	0.00394
4	0.00916	0.00799	0.00902	0.12683	0.01231	0.00928	0.00670	0.01854	0.67315	0.01521	0.01589	0.01521	0.05272	0.00535	0.00401	0.00133	0.00335	0.00449	0.00365	0.00580
5	0.00621	0.00452	0.00555	0.00588	0.00658	0.00447	0.00415	0.12096	0.00919	0.01223	0.03791	0.68564	0.05957	0.01102	0.00483	0.00151	0.00254	0.00986	0.00369	0.00369
6	0.00927	0.00787	0.00851	0.00787	0.00990	0.00901	0.00622	0.01904	0.71489	0.01574	0.01663	0.01880	0.01346	0.00610	0.00419	0.00140	0.00317	0.11815	0.00394	0.00584
7	0.00603	0.00638	0.12388	0.00681	0.00813	0.00532	0.00602	0.00754	0.00645	0.00930	0.00974	0.01444	0.00900	0.05383	0.62203	0.08653	0.00895	0.00400	0.00201	0.00362
8	0.14052	0.00680	0.00863	0.00672	0.00967	0.00619	0.00555	0.01804	0.01058	0.72452	0.01406	0.01236	0.00894	0.00468	0.00373	0.00121	0.00329	0.00369	0.00451	0.00633
9	0.00930	0.01163	0.13754	0.01511	0.01923	0.00950	0.66025	0.01268	0.00916	0.04181	0.00819	0.01045	0.00604	0.00345	0.00443	0.00130	0.00626	0.00433	0.02396	0.00537
10	0.01490	0.01098	0.01177	0.00902	0.01216	0.01216	0.00745	0.82470	0.01843	0.02471	0.00941	0.00941	0.00667	0.00471	0.00392	0.00118	0.00431	0.00353	0.00392	0.00667
11	0.00481	0.00354	0.00452	0.00526	0.00569	0.00325	0.00361	0.00559	0.00784	0.01025	0.04004	0.69241	0.15409	0.01179	0.00495	0.00155	0.00226	0.03167	0.00365	0.00323
12	0.01048	0.86458	0.02054	0.00671	0.01006	0.01551	0.00671	0.01174	0.00797	0.00922	0.00545	0.00629	0.00503	0.00335	0.00252	0.00084	0.00419	0.00210	0.00168	0.00503
13	0.07038	0.00936	0.01052	0.00811	0.01117	0.00986	0.00670	0.51149	0.01535	0.29004	0.01114	0.01050	0.00751	0.00469	0.00384	0.00119	0.00392	0.00358	0.00413	0.00652
14	0.00778	0.00735	0.01243	0.71808	0.15880	0.00881	0.01107	0.01034	0.00802	0.01047	0.00703	0.01033	0.00539	0.00385	0.00391	0.00128	0.00513	0.00349	0.00177	0.00466
15	0.00471	0.00397	0.00408	0.00405	0.00534	0.00334	0.00304	0.00578	0.00912	0.01103	0.10830	0.03700	0.76732	0.00976	0.00463	0.00132	0.00197	0.00817	0.00370	0.00334
16	0.07808	0.00850	0.00996	0.00769	0.01072	0.00860	0.00635	0.34887	0.01386	0.44791	0.01228	0.01124	0.00807	0.00471	0.00383	0.00120	0.00372	0.00364	0.00430	0.00650
17	0.05146	0.00735	0.01078	0.03008	0.25001	0.00713	0.02865	0.06045	0.00997	0.33514	0.01306	0.06044	0.04601	0.02464	0.04567	0.00153	0.00413	0.00436	0.00339	0.00575
18	0.32829	0.00768	0.00983	0.14201	0.09585	0.00817	0.05741	0.05331	0.00898	0.20942	0.00977	0.01048	0.03461	0.00420	0.00345	0.00123	0.00386	0.00334	0.00293	0.00518
19	0.00827	0.00773	0.03377	0.10142	0.19720	0.00701	0.00735	0.02204	0.00818	0.01209	0.02077	0.01072	0.01712	0.06429	0.00515	0.00114	0.05765	0.00320	0.00219	0.41271

[dist]
# distance from previous block
# <min> <max>
0	1

[block]
# block no. 2 follows, 69 sequences, length 43
# corresponding to MSA columns:
# 343-385
name=unknown_C
#
# <colnr> <probs for GDERKNQSTAVLIFYWHMCP>
#	G	D	E	R	K	N	Q	S	T	A	V	L	I	F	Y	W	H	M	C	P
0	0.00725	0.00915	0.17704	0.00949	0.07914	0.00688	0.09789	0.01117	0.15522	0.01288	0.10773	0.13071	0.16557	0.00669	0.00432	0.00132	0.00371	0.00596	0.00305	0.00481
1	0.00812	0.00820	0.01537	0.54408	0.09216	0.00911	0.24440	0.01091	0.00834	0.01098	0.00728	0.01043	0.00551	0.00371	0.00412	0.00130	0.00558	0.00381	0.00183	0.00478
2	0.00975	0.00842	0.00886	0.00798	0.01019	0.00975	0.00621	0.02083	0.83069	0.01640	0.01596	0.01463	0.01197	0.00532	0.00399	0.00133	0.00310	0.00443	0.00399	0.00621
3	0.00912	0.00717	0.00973	0.01084	0.20851	0.01614	0.02521	0.03131	0.18676	0.09012	0.20725	0.03714	0.04575	0.01965	0.00434	0.00123	0.00329	0.00490	0.00340	0.07814
4	0.00465	0.00390	0.00405	0.00416	0.00535	0.00329	0.00306	0.00560	0.00875	0.01052	0.03739	0.14326	0.73215	0.01023	0.00468	0.00136	0.00202	0.00864	0.00364	0.00329
5	0.01490	0.01098	0.01177	0.00902	0.01216	0.01216	0.00745	0.82470	0.01843	0.02471	0.00941	0.00941	0.00667	0.00471	0.00392	0.00118	0.00431	0.00353	0.00392	0.00667
6	0.09772	0.02317	0.01151	0.00966	0.01009	0.01175	0.00806	0.04355	0.00662	0.01089	0.00536	0.00835	0.00512	0.00639	0.01127	0.00163	0.71932	0.00328	0.00188	0.00440
7	0.02509	0.00729	0.09698	0.00726	0.02131	0.00550	0.06423	0.03803	0.00864	0.06001	0.02962	0.28558	0.09148	0.02298	0.00440	0.00125	0.00329	0.00624	0.00301	0.21781
8	0.00830	0.01939	0.77956	0.01119	0.01681	0.00900	0.04258	0.01269	0.00843	0.04579	0.00741	0.00856	0.00519	0.00376	0.00377	0.00124	0.00572	0.00300	0.00180	0.00581
9	0.01008	0.00858	0.00905	0.00804	0.01032	0.00990	0.00628	0.07149	0.77950	0.01692	0.01554	0.01430	0.01163	0.00528	0.00398	0.00132	0.00318	0.00438	0.00398	0.00623
10	0.01010	0.00975	0.01556	0.02291	0.77245	0.04192	0.01167	0.04492	0.00939	0.01316	0.00741	0.00959	0.00618	0.00356	0.00387	0.00116	0.00474	0.00346	0.00202	0.00616
11	0.00962	0.02176	0.04761	0.04437	0.04517	0.02184	0.07444	0.03736	0.55139	0.02733	0.04646	0.01384	0.01124	0.00497	0.00399	0.00129	0.00369	0.00430	0.02349	0.00585
12	0.00630	0.00450	0.00629	0.00717	0.00807	0.00449	0.00625	0.00811	0.00907	0.01183	0.04020	0.04387	0.02291	0.01076	0.00540	0.00179	0.00357	0.79219	0.00363	0.00361
13	0.00975	0.00842	0.00886	0.00798	0.01019	0.00975	0.00621	0.02083	0.83069	0.01640	0.01596	0.01463	0.01197	0.00532	0.00399	0.00133	0.00310	0.00443	0.00399	0.00621
14	0.00862	0.00870	0.01270	0.01068	0.01093	0.01188	0.05964	0.00963	0.00621	0.00963	0.00532	0.00870	0.00520	0.00664	0.01235	0.00169	0.80189	0.00351	0.00173	0.00435
15	0.00567	0.00410	0.00591	0.00591	0.00646	0.00465	0.00441	0.00670	0.00615	0.00875	0.01066	0.01699	0.01043	0.16959	0.67234	0.04241	0.00907	0.00442	0.00213	0.00324
16	0.00487	0.00363	0.00492	0.00556	0.00599	0.00335	0.02243	0.00564	0.00769	0.01012	0.02310	0.75811	0.10634	0.01184	0.00496	0.00156	0.00235	0.01071	0.00360	0.00325
17	0.00740	0.00697	0.01176	0.85280	0.02700	0.00871	0.01089	0.01002	0.00784	0.01002	0.00697	0.01045	0.00523	0.00392	0.00392	0.00131	0.00523	0.00348	0.00174	0.00436
18	0.01109	0.00711	0.00873	0.00737	0.00933	0.00770	0.00591	0.29696	0.02421	0.16199	0.01126	0.02686	0.00907	0.04246	0.33780	0.00331	0.01630	0.00407	0.00329	0.00519
19	0.00915	0.00931	0.02265	0.06181	0.30245	0.06114	0.03882	0.01078	0.00762	0.01083	0.00655	0.00954	0.00586	0.01591	0.03552	0.00160	0.37043	0.00349	0.01155	0.00498
20	0.00837	0.00824	0.01148	0.00989	0.00990	0.01143	0.00817	0.00919	0.00599	0.00933	0.00564	0.00964	0.00573	0.05454	0.02741	0.00191	0.79364	0.00357	0.00176	0.00417
21	0.01070	0.80044	0.02019	0.00708	0.01044	0.01501	0.03396	0.02332	0.00824	0.03253	0.00587	0.00667	0.00521	0.00341	0.00265	0.00087	0.00425	0.00225	0.00181	0.00511
22	0.44643	0.00711	0.00729	0.00599	0.00863	0.00735	0.00493	0.03958	0.00906	0.37231	0.01023	0.00985	0.00694	0.00424	0.00314	0.00120	0.00315	0.00302	0.04421	0.00534
23	0.00463	0.00397	0.00397	0.00397	0.00530	0.00331	0.00298	0.00563	0.00894	0.01059	0.03971	0.03773	0.83618	0.00993	0.00463	0.00132	0.00199	0.00827	0.00364	0.00331
24	0.00510	0.00364	0.00487	0.00563	0.00603	0.00344	0.00400	0.00606	0.00810	0.01087	0.11501	0.63287	0.02651	0.02741	0.00530	0.00162	0.00244	0.12412	0.00369	0.00329
25	0.00523	0.00396	0.00481	0.00467	0.00568	0.00355	0.00347	0.00675	0.01024	0.01383	0.54656	0.07779	0.28149	0.00884	0.00465	0.00128	0.00191	0.00768	0.00407	0.00355
26	0.87052	0.00756	0.00584	0.00520	0.00764	0.00873	0.00428	0.01169	0.00677	0.03589	0.00568	0.00652	0.00437	0.00367	0.00246	0.00121	0.00304	0.00216	0.00248	0.00430
27	0.00836	0.00613	0.00650	0.00579	0.00738	0.03952	0.00447	0.14233	0.06775	0.06103	0.17522	0.04084	0.23230	0.03619	0.04672	0.00155	0.00317	0.00578	0.10458	0.00439
28	0.58049	0.01036	0.00838	0.01860	0.04457	0.19618	0.03954	0.03915	0.00827	0.01553	0.00593	0.00699	0.00467	0.00375	0.00290	0.00117	0.00422	0.00244	0.00234	0.00452
29	0.00975	0.00842	0.00886	0.00798	0.01019	0.00975	0.00621	0.02083	0.83069	0.01640	0.01596	0.01463	0.01197	0.00532	0.00399	0.00133	0.00310	0.00443	0.00399	0.00621
30	0.00904	0.00472	0.00609	0.00540	0.00676	0.00427	0.00403	0.01033	0.00981	0.25788	0.34734	0.08102	0.06876	0.15840	0.00716	0.00171	0.00267	0.00625	0.00405	0.00429
31	0.00531	0.00414	0.00569	0.00634	0.03358	0.00391	0.03175	0.00664	0.04024	0.01080	0.06547	0.63134	0.11807	0.01092	0.00485	0.00151	0.00248	0.00987	0.00358	0.00351
32	0.01391	0.02959	0.07765	0.00709	0.01001	0.00658	0.00624	0.06711	0.06361	0.51368	0.07387	0.01591	0.08602	0.00542	0.00400	0.00122	0.00338	0.00443	0.00425	0.00601
33	0.01048	0.86458	0.02054	0.00671	0.01006	0.01551	0.00671	0.01174	0.00797	0.00922	0.00545	0.00629	0.00503	0.00335	0.00252	0.00084	0.00419	0.00210	0.00168	0.00503
34	0.01167	0.62351	0.01785	0.00767	0.01065	0.25233	0.00696	0.01285	0.00886	0.00933	0.00562	0.00651	0.00504	0.00355	0.00281	0.00089	0.00501	0.00222	0.00177	0.00489
35	0.00813	0.00697	0.00813	0.00581	0.00929	0.00523	0.00465	0.00987	0.00813	0.01277	0.00697	0.00813	0.00581	0.00290	0.00290	0.00058	0.00290	0.00232	0.00232	0.88619
36	0.56887	0.00908	0.00884	0.01006	0.19606	0.07835	0.00646	0.05800	0.00821	0.01625	0.00617	0.00735	0.00489	0.00370	0.00293	0.00118	0.00381	0.00255	0.00237	0.00485
37	0.00478	0.00341	0.00455	0.00546	0.00569	0.00318	0.00364	0.00546	0.00751	0.01001	0.02161	0.85966	0.02593	0.01228	0.00500	0.00159	0.00227	0.01114	0.00364	0.00318
38	0.01440	0.01813	0.01116	0.01009	0.01204	0.79756	0.00761	0.02923	0.01102	0.00985	0.00608	0.00717	0.00508	0.00417	0.00393	0.00104	0.04224	0.00258	0.00204	0.00457
39	0.00727	0.00377	0.00384	0.00382	0.00470	0.00378	0.00282	0.02156	0.00822	0.01426	0.01295	0.03754	0.01065	0.05296	0.00379	0.00110	0.00199	0.00397	0.79742	0.00362
40	0.00864	0.00826	0.01414	0.40501	0.44973	0.00905	0.02661	0.01111	0.00843	0.01152	0.00720	0.01006	0.00575	0.00369	0.00391	0.00123	0.00496	0.00351	0.00185	0.00534
41	0.00643	0.00429	0.00596	0.00601	0.02156	0.00463	0.00422	0.04019	0.00652	0.00896	0.01085	0.05337	0.03545	0.15045	0.33419	0.27844	0.01877	0.00457	0.00220	0.00294
42	0.09825	0.03873	0.04972	0.04343	0.04033	0.10584	0.01509	0.10420	0.05346	0.04204	0.04650	0.01243	0.03804	0.04338	0.09502	0.05072	0.03385	0.00365	0.01125	0.07407

[dist]
# distance from previous block
# <min> <max>
0	63

[block]
# block no. 3 follows, 69 sequences, length 14
# corresponding to MSA columns:
# 449-462
name=unknown_D
#
# <colnr> <probs for GDERKNQSTAVLIFYWHMCP>
#	G	D	E	R	K	N	Q	S	T	A	V	L	I	F	Y	W	H	M	C	P
0	0.02550	0.01017	0.02555	0.07326	0.09516	0.08814	0.05072	0.15220	0.04037	0.03177	0.01028	0.03092	0.02778	0.01920	0.04022	0.00177	0.21150	0.00420	0.05570	0.00559
1	0.01221	0.00999	0.01140	0.05480	0.07803	0.05557	0.03234	0.44408	0.10938	0.01890	0.01004	0.02461	0.00795	0.03689	0.00468	0.00130	0.01803	0.02219	0.00332	0.04432
2	0.00675	0.00575	0.00651	0.00516	0.00773	0.00446	0.00402	0.00818	0.00837	0.01188	0.01899	0.06431	0.29174	0.00582	0.00361	0.00089	0.00255	0.00484	0.00285	0.53560
3	0.00747	0.00690	0.01112	0.61926	0.06966	0.00820	0.02488	0.01058	0.07092	0.01114	0.06877	0.02784	0.03776	0.00464	0.00403	0.00130	0.00465	0.00414	0.00221	0.00452
4	0.00813	0.00697	0.00813	0.00581	0.00929	0.00523	0.00465	0.00987	0.00813	0.01277	0.00697	0.00813	0.00581	0.00290	0.00290	0.00058	0.00290	0.00232	0.00232	0.88619
5	0.00494	0.00398	0.00440	0.00429	0.00548	0.00344	0.00322	0.00622	0.00966	0.01230	0.30548	0.03491	0.56934	0.00929	0.00463	0.00129	0.00194	0.00788	0.00387	0.00344
6	0.00493	0.00395	0.00441	0.00436	0.00550	0.00343	0.00324	0.00618	0.00955	0.01220	0.29331	0.07954	0.53669	0.00944	0.00465	0.00131	0.00196	0.00805	0.00386	0.00343
7	0.00487	0.00372	0.00448	0.00492	0.00565	0.00333	0.00350	0.00583	0.00849	0.01094	0.12363	0.44080	0.31774	0.01089	0.00484	0.00146	0.00216	0.03572	0.00372	0.00330
8	0.01080	0.80032	0.01983	0.00697	0.01022	0.07864	0.00677	0.01204	0.00820	0.00925	0.00550	0.00635	0.00503	0.00341	0.00259	0.00085	0.00441	0.00213	0.00170	0.00499
9	0.04295	0.00691	0.00816	0.05187	0.00996	0.00606	0.00517	0.05399	0.03569	0.01325	0.02717	0.05632	0.00827	0.02716	0.00394	0.00091	0.02509	0.01789	0.00256	0.59668
10	0.01053	0.01009	0.01190	0.07791	0.12737	0.15139	0.07420	0.14574	0.08773	0.02697	0.00977	0.09726	0.00868	0.01784	0.02364	0.00144	0.10539	0.00435	0.00266	0.00514
11	0.17995	0.00602	0.00843	0.06108	0.00960	0.00627	0.13163	0.00928	0.00740	0.05117	0.02239	0.08474	0.01122	0.26436	0.00883	0.00206	0.02183	0.03345	0.07650	0.00380
12	0.00958	0.00923	0.01537	0.18469	0.51934	0.02491	0.09351	0.05594	0.02563	0.01289	0.00761	0.00997	0.00611	0.00367	0.00396	0.00121	0.00496	0.00361	0.00206	0.00575
13	0.00674	0.00380	0.00521	0.00519	0.00550	0.00378	0.00358	0.02933	0.02054	0.00833	0.01155	0.07106	0.08443	0.02662	0.01274	0.65342	0.00320	0.02226	0.02047	0.00226

[dist]
# distance from previous block
# <min> <max>
3	10

[block]
# block no. 4 follows, 69 sequences, length 8
# corresponding to MSA columns:
# 473-480
name=unknown_E
#
# <colnr> <probs for GDERKNQSTAVLIFYWHMCP>
#	G	D	E	R	K	N	Q	S	T	A	V	L	I	F	Y	W	H	M	C	P
0	0.33540	0.05851	0.07098	0.00943	0.10509	0.09924	0.03299	0.13991	0.00977	0.06629	0.00738	0.00860	0.00573	0.03074	0.00376	0.00125	0.00428	0.00290	0.00260	0.00516
1	0.01293	0.00955	0.01032	0.00821	0.01085	0.01047	0.00665	0.63376	0.06507	0.02151	0.01235	0.05435	0.06502	0.00598	0.00466	0.05036	0.00393	0.00428	0.00377	0.00596
2	0.01001	0.01036	0.01438	0.10256	0.35697	0.13943	0.12813	0.01344	0.11800	0.01241	0.00901	0.01186	0.00746	0.00420	0.00403	0.00123	0.00512	0.04361	0.00229	0.00550
3	0.00576	0.00396	0.00518	0.00581	0.00653	0.00371	0.00442	0.00686	0.00833	0.04651	0.02389	0.45631	0.14945	0.01117	0.00502	0.00160	0.00267	0.24567	0.00368	0.00348
4	0.00852	0.03744	0.10456	0.13261	0.10435	0.03403	0.08445	0.01057	0.00836	0.06781	0.02826	0.06050	0.08658	0.00636	0.03434	0.01424	0.10031	0.00446	0.06755	0.00469
5	0.00993	0.03094	0.11714	0.09500	0.25503	0.04317	0.11055	0.05884	0.04948	0.07526	0.00919	0.03097	0.00725	0.00473	0.02406	0.00132	0.00488	0.00378	0.06297	0.00552
6	0.00787	0.00721	0.00644	0.00642	0.00753	0.17539	0.00466	0.00964	0.07332	0.05221	0.10699	0.38142	0.12773	0.00893	0.00448	0.00136	0.00328	0.00770	0.00347	0.00394
7	0.05266	0.00532	0.00671	0.02356	0.02060	0.02333	0.01837	0.01009	0.00820	0.14995	0.10077	0.01639	0.01251	0.10566	0.21715	0.00273	0.03486	0.00434	0.18267	0.00414

[dist]
# distance from previous block
# <min> <max>
0	26

[block]
# block no. 5 follows, 69 sequences, length 17
# corresponding to MSA columns:
# 507-523
name=unknown_F
#
# <colnr> <probs for GDERKNQSTAVLIFYWHMCP>
#	G	D	E	R	K	N	Q	S	T	A	V	L	I	F	Y	W	H	M	C	P
0	0.41740	0.02399	0.05096	0.03586	0.14542	0.14290	0.01869	0.02337	0.00823	0.02499	0.00714	0.00884	0.01979	0.00404	0.00340	0.00119	0.02594	0.01947	0.00228	0.01610
1	0.04676	0.04848	0.11843	0.03069	0.16354	0.02009	0.15101	0.04082	0.05217	0.06159	0.05569	0.06992	0.06045	0.00536	0.00422	0.00128	0.01426	0.04738	0.00269	0.00517
2	0.78308	0.00759	0.00621	0.00545	0.00789	0.00869	0.00448	0.04821	0.00741	0.05724	0.00626	0.00710	0.00478	0.00449	0.02707	0.00136	0.00332	0.00233	0.00260	0.00445
3	0.00851	0.00761	0.04840	0.03049	0.35293	0.00700	0.05805	0.03780	0.00894	0.06841	0.02899	0.29887	0.01367	0.00671	0.00432	0.00133	0.00387	0.00624	0.00281	0.00507
4	0.03516	0.00873	0.06456	0.00939	0.11716	0.02008	0.00703	0.11583	0.01066	0.31476	0.01036	0.01033	0.00727	0.00400	0.00359	0.00103	0.00372	0.00325	0.00335	0.24973
5	0.00896	0.00712	0.00833	0.00601	0.00945	0.00554	0.00483	0.04392	0.00873	0.06116	0.00756	0.00848	0.00607	0.00309	0.00301	0.00064	0.00299	0.00247	0.00253	0.79913
6	0.00527	0.00390	0.00463	0.00462	0.00546	0.00363	0.00332	0.00596	0.00794	0.01016	0.12216	0.05193	0.40900	0.11240	0.12023	0.11294	0.00350	0.00676	0.00312	0.00307
7	0.00551	0.00403	0.00463	0.00449	0.00550	0.00359	0.00325	0.00666	0.00924	0.03761	0.30820	0.05841	0.39219	0.13140	0.00682	0.00165	0.00225	0.00745	0.00373	0.00341
8	0.00521	0.00393	0.00475	0.00467	0.00560	0.00354	0.00342	0.00660	0.00985	0.01326	0.48106	0.11466	0.27006	0.04935	0.00539	0.00142	0.00202	0.00778	0.00396	0.00347
9	0.00605	0.00454	0.00523	0.00498	0.00616	0.00440	0.00376	0.00889	0.12024	0.01429	0.42428	0.04524	0.23205	0.00787	0.00436	0.00124	0.00206	0.00677	0.09367	0.00392
10	0.08367	0.12936	0.02157	0.08419	0.11759	0.06162	0.00710	0.14332	0.05531	0.08377	0.01040	0.11744	0.00921	0.02809	0.00410	0.00126	0.00401	0.00424	0.02859	0.00516
11	0.05507	0.09602	0.25838	0.03783	0.14090	0.07449	0.03708	0.04625	0.04100	0.06693	0.02513	0.02383	0.00956	0.00652	0.02598	0.00179	0.00588	0.01486	0.00322	0.02929
12	0.11268	0.09832	0.13752	0.03297	0.04146	0.06705	0.01783	0.14686	0.08140	0.04775	0.02359	0.11199	0.02105	0.01741	0.00415	0.00127	0.02450	0.00422	0.00282	0.00517
13	0.02200	0.00608	0.00777	0.00676	0.03053	0.00566	0.03843	0.03365	0.08484	0.04504	0.18846	0.05986	0.05716	0.00660	0.02870	0.01955	0.01769	0.02802	0.05186	0.26135
14	0.02606	0.07204	0.12471	0.04611	0.05650	0.09843	0.01548	0.05478	0.06179	0.06758	0.05341	0.01456	0.06152	0.06306	0.08974	0.00185	0.01625	0.01936	0.02140	0.03536
15	0.00817	0.07027	0.09836	0.00869	0.08465	0.06619	0.04077	0.04517	0.00911	0.03354	0.07761	0.15246	0.12726	0.00688	0.01735	0.02006	0.01416	0.00537	0.00280	0.11112
16	0.03989	0.07545	0.06795	0.07870	0.20278	0.05499	0.00829	0.14789	0.04091	0.03356	0.05781	0.06877	0.01936	0.00487	0.00396	0.00117	0.02227	0.00402	0.01438	0.05298

[dist]
# distance from previous block
# <min> <max>
4	17

[block]
# block no. 6 follows, 69 sequences, length 6
# corresponding to MSA columns:
# 543-548
name=unknown_G
#
# <colnr> <probs for GDERKNQSTAVLIFYWHMCP>
#	G	D	E	R	K	N	Q	S	T	A	V	L	I	F	Y	W	H	M	C	P
0	0.03102	0.12997	0.08728	0.04537	0.14704	0.09793	0.04593	0.08835	0.13311	0.07184	0.05188	0.03533	0.00901	0.00453	0.00374	0.00117	0.00445	0.00374	0.00276	0.00553
1	0.00544	0.00403	0.00546	0.00546	0.00615	0.00422	0.00405	0.00666	0.00759	0.01050	0.18358	0.08232	0.10825	0.12259	0.42109	0.00407	0.00639	0.00592	0.00287	0.00336
2	0.00629	0.04587	0.02907	0.00540	0.00655	0.00436	0.00424	0.00753	0.00880	0.06474	0.15816	0.29764	0.20825	0.03578	0.00506	0.00147	0.00254	0.07306	0.03149	0.00371
3	0.00793	0.00812	0.09959	0.11299	0.07544	0.00704	0.05984	0.06189	0.04164	0.03506	0.10181	0.04651	0.10732	0.00747	0.06924	0.00161	0.03158	0.02007	0.00277	0.10208
4	0.00690	0.00414	0.00526	0.00541	0.00633	0.00382	0.00401	0.00802	0.00863	0.11757	0.10141	0.34914	0.12742	0.06730	0.00568	0.00160	0.00256	0.10502	0.06604	0.00373
5	0.02730	0.10291	0.07424	0.03282	0.06678	0.07179	0.03825	0.06016	0.03863	0.05174	0.06417	0.01010	0.00815	0.00393	0.00364	0.00096	0.02540	0.00313	0.00252	0.31339

[dist]
# distance from previous block
# <min> <max>
1	25

[block]
# block no. 7 follows, 69 sequences, length 11
# corresponding to MSA columns:
# 574-584
name=unknown_H
#
# <colnr> <probs for GDERKNQSTAVLIFYWHMCP>
#	G	D	E	R	K	N	Q	S	T	A	V	L	I	F	Y	W	H	M	C	P
0	0.02048	0.04665	0.02558	0.01914	0.00740	0.04752	0.01900	0.02701	0.00830	0.03737	0.07886	0.11914	0.17933	0.17526	0.10779	0.00240	0.00419	0.06793	0.00301	0.00364
1	0.03217	0.30803	0.01477	0.00923	0.04227	0.32608	0.04883	0.08108	0.01016	0.02884	0.00691	0.03013	0.00593	0.00399	0.00328	0.00100	0.00528	0.00285	0.00218	0.03702
2	0.00658	0.00352	0.00509	0.00517	0.00530	0.00348	0.00355	0.00536	0.00564	0.00743	0.00999	0.03845	0.05195	0.03799	0.01398	0.73320	0.00333	0.05604	0.00200	0.00197
3	0.02506	0.05810	0.08661	0.05948	0.12974	0.05774	0.04130	0.09199	0.00930	0.03653	0.02043	0.09710	0.01954	0.04434	0.00527	0.00133	0.06850	0.03772	0.01738	0.09257
4	0.00846	0.14959	0.13496	0.04535	0.05022	0.02546	0.01745	0.04524	0.07828	0.05154	0.04811	0.14540	0.11247	0.00634	0.00412	0.00124	0.01991	0.02345	0.00285	0.02957
5	0.00480	0.00372	0.00438	0.00484	0.00560	0.00331	0.00344	0.00571	0.00835	0.01058	0.06693	0.43571	0.38085	0.01101	0.00484	0.00147	0.00217	0.03536	0.00367	0.00328
6	0.00540	0.00379	0.00464	0.00503	0.00530	0.00369	0.00326	0.00615	0.02675	0.00950	0.05898	0.38437	0.03899	0.37745	0.01140	0.00252	0.00298	0.04369	0.00314	0.00296
7	0.02098	0.13690	0.11846	0.10691	0.17233	0.04095	0.04600	0.05643	0.04843	0.03262	0.04409	0.08577	0.02062	0.00504	0.00416	0.00123	0.03454	0.01699	0.00242	0.00516
8	0.03287	0.00824	0.06417	0.12875	0.18755	0.02810	0.06198	0.03508	0.03929	0.12281	0.03914	0.06369	0.03422	0.03440	0.08602	0.00183	0.01966	0.00442	0.00269	0.00508
9	0.00476	0.00347	0.00449	0.00532	0.00565	0.00320	0.00358	0.00547	0.00764	0.01006	0.02336	0.78033	0.10414	0.01206	0.00497	0.00157	0.00225	0.01087	0.00364	0.00320
10	0.00954	0.04184	0.05016	0.08129	0.31937	0.02161	0.04314	0.11740	0.00937	0.02541	0.00813	0.02251	0.00694	0.03324	0.10290	0.00191	0.09394	0.00371	0.00224	0.00533

[dist]
# distance from previous block
# <min> <max>
3	5

[block]
# block no. 8 follows, 69 sequences, length 19
# corresponding to MSA columns:
# 590-608
name=unknown_I
#
# <colnr> <probs for GDERKNQSTAVLIFYWHMCP>
#	G	D	E	R	K	N	Q	S	T	A	V	L	I	F	Y	W	H	M	C	P
0	0.00489	0.00381	0.00447	0.00484	0.00567	0.00343	0.00350	0.00585	0.00832	0.01052	0.06279	0.32907	0.41048	0.03510	0.03917	0.00171	0.00257	0.05695	0.00357	0.00328
1	0.02236	0.08512	0.12742	0.04426	0.32961	0.13662	0.02039	0.03753	0.03454	0.03691	0.00734	0.00895	0.00592	0.00395	0.00426	0.00116	0.06142	0.00315	0.00210	0.02700
2	0.01428	0.01065	0.01168	0.06352	0.01306	0.01187	0.00764	0.74988	0.04015	0.02353	0.00943	0.00962	0.00672	0.00467	0.00392	0.00119	0.00434	0.00355	0.00378	0.00650
3	0.00514	0.00394	0.00461	0.00460	0.00555	0.00353	0.00337	0.00638	0.00935	0.01226	0.33689	0.10399	0.36405	0.08395	0.00603	0.00155	0.00217	0.03547	0.00378	0.00338
4	0.00632	0.00451	0.00632	0.00722	0.00812	0.00451	0.00632	0.00812	0.00902	0.01173	0.02076	0.04422	0.02256	0.01083	0.00541	0.00180	0.00361	0.81138	0.00361	0.00361
5	0.00555	0.00407	0.00484	0.00460	0.00576	0.00360	0.00347	0.00703	0.01022	0.03909	0.48449	0.03225	0.36334	0.00870	0.00461	0.00127	0.00195	0.00748	0.00406	0.00363
6	0.00786	0.02028	0.84191	0.01117	0.01697	0.00910	0.01448	0.01242	0.00828	0.01242	0.00704	0.00828	0.00497	0.00372	0.00372	0.00124	0.00579	0.00290	0.00166	0.00579
7	0.88991	0.00758	0.00576	0.00516	0.00758	0.00879	0.00425	0.01152	0.00667	0.01759	0.00546	0.00637	0.00425	0.00364	0.00243	0.00121	0.00303	0.00212	0.00243	0.00425
8	0.88991	0.00758	0.00576	0.00516	0.00758	0.00879	0.00425	0.01152	0.00667	0.01759	0.00546	0.00637	0.00425	0.00364	0.00243	0.00121	0.00303	0.00212	0.00243	0.00425
9	0.08885	0.00688	0.00891	0.00689	0.00987	0.00620	0.00569	0.04290	0.01107	0.74846	0.01446	0.01265	0.00917	0.00475	0.00382	0.00121	0.00334	0.00378	0.00463	0.00647
10	0.00866	0.02178	0.04915	0.10182	0.09497	0.07212	0.01878	0.08181	0.13319	0.01308	0.09220	0.04021	0.08679	0.05640	0.03670	0.00162	0.05470	0.02838	0.00288	0.00477
11	0.00523	0.00399	0.00480	0.00460	0.00566	0.00356	0.00345	0.00678	0.01035	0.01395	0.56016	0.03221	0.31364	0.00868	0.00463	0.00126	0.00190	0.00750	0.00408	0.00356
12	0.00464	0.00394	0.00400	0.00404	0.00531	0.00330	0.00301	0.00562	0.00887	0.01056	0.03885	0.07681	0.79765	0.01004	0.00465	0.00134	0.00200	0.00841	0.00364	0.00330
13	0.04504	0.01791	0.04095	0.01050	0.03659	0.74549	0.02434	0.01522	0.01075	0.01013	0.00615	0.00724	0.00507	0.00398	0.00353	0.00104	0.00680	0.00260	0.00202	0.00464
14	0.01047	0.24089	0.19431	0.03343	0.05828	0.02358	0.17539	0.13136	0.00998	0.04616	0.00741	0.00871	0.00570	0.00383	0.00395	0.00115	0.03438	0.00323	0.00221	0.00556
15	0.00526	0.00380	0.00492	0.00562	0.00607	0.00361	0.00393	0.03462	0.00817	0.01086	0.04985	0.71371	0.05806	0.01168	0.00497	0.00157	0.00241	0.06387	0.00367	0.00336
16	0.00477	0.00345	0.00451	0.00535	0.00566	0.00319	0.00359	0.00547	0.00761	0.01005	0.02293	0.79982	0.08492	0.01211	0.00498	0.00157	0.00225	0.01094	0.00364	0.00319
17	0.00948	0.03062	0.10356	0.00943	0.03337	0.05797	0.13069	0.13978	0.06350	0.05745	0.05045	0.13076	0.05679	0.00640	0.00430	0.00133	0.00425	0.08812	0.01675	0.00501
18	0.00876	0.00848	0.07673	0.23796	0.08860	0.03940	0.04971	0.08800	0.03938	0.04167	0.03797	0.02429	0.03372	0.08429	0.05491	0.00178	0.02786	0.00413	0.04764	0.00472

[dist]
# distance from previous block
# <min> <max>
0	13

[block]
# block no. 9 follows, 69 sequences, length 25
# corresponding to MSA columns:
# 622-646
name=unknown_J
#
# <colnr> <probs for GDERKNQSTAVLIFYWHMCP>
#	G	D	E	R	K	N	Q	S	T	A	V	L	I	F	Y	W	H	M	C	P
0	0.08812	0.22991	0.09561	0.00890	0.06964	0.09687	0.00747	0.08232	0.04412	0.04378	0.01675	0.00896	0.00643	0.02698	0.01989	0.00123	0.05542	0.00291	0.00233	0.09235
1	0.00556	0.00397	0.00487	0.00511	0.00580	0.00369	0.00358	0.00640	0.00803	0.03998	0.08585	0.41127	0.21828	0.11891	0.00689	0.00175	0.02160	0.02138	0.00350	0.02358
2	0.00589	0.00434	0.00513	0.00479	0.00596	0.00397	0.00361	0.04195	0.01047	0.03148	0.47797	0.03089	0.31107	0.03894	0.00513	0.00135	0.00210	0.00723	0.00401	0.00371
3	0.02928	0.65634	0.01791	0.00719	0.01021	0.13963	0.00670	0.01250	0.00850	0.03980	0.00606	0.00688	0.00530	0.00360	0.00289	0.00090	0.01844	0.00228	0.02063	0.00496
4	0.01457	0.01045	0.01120	0.00871	0.01171	0.02749	0.00715	0.67182	0.06969	0.09127	0.02924	0.01048	0.00792	0.00482	0.00394	0.00119	0.00415	0.00368	0.00398	0.00653
5	0.00521	0.00394	0.00517	0.00608	0.04115	0.00371	0.00400	0.00643	0.03190	0.01107	0.12100	0.60297	0.12086	0.01092	0.00484	0.00149	0.00231	0.00980	0.00366	0.00348
6	0.00485	0.00398	0.00427	0.00420	0.00543	0.00340	0.00315	0.00605	0.00945	0.01181	0.22949	0.03572	0.64564	0.00947	0.00463	0.00130	0.00195	0.00799	0.00380	0.00340
7	0.00497	0.00396	0.00445	0.00438	0.00551	0.00344	0.00327	0.00626	0.00965	0.01241	0.32576	0.06961	0.51377	0.00934	0.00465	0.00130	0.00195	0.00797	0.00388	0.00344
8	0.00975	0.00842	0.00886	0.00798	0.01019	0.00975	0.00621	0.02083	0.83069	0.01640	0.01596	0.01463	0.01197	0.00532	0.00399	0.00133	0.00310	0.00443	0.00399	0.00621
9	0.00487	0.00395	0.00431	0.00429	0.00545	0.00340	0.00319	0.00605	0.00939	0.01183	0.23503	0.07857	0.59681	0.00958	0.00465	0.00132	0.00197	0.00813	0.00381	0.00340
10	0.69112	0.00737	0.00652	0.00557	0.00813	0.00810	0.00459	0.01325	0.00771	0.20512	0.00774	0.00796	0.00549	0.00392	0.00277	0.00121	0.00310	0.00254	0.00298	0.00480
11	0.01154	0.00799	0.00926	0.00686	0.01018	0.00716	0.00558	0.22860	0.01140	0.15615	0.00906	0.00935	0.00670	0.00371	0.00335	0.00085	0.00335	0.00292	0.00318	0.50281
12	0.00720	0.00617	0.00730	0.00788	0.10498	0.04163	0.00525	0.01086	0.18062	0.01450	0.40599	0.02397	0.14092	0.00697	0.00433	0.00124	0.00268	0.00604	0.01697	0.00449
13	0.00563	0.00400	0.00525	0.00525	0.00562	0.00432	0.00361	0.00633	0.00607	0.00840	0.01214	0.02099	0.03266	0.43771	0.41981	0.00495	0.00700	0.00504	0.00227	0.00294
14	0.00478	0.00341	0.00455	0.00546	0.00569	0.00318	0.00364	0.00546	0.00751	0.01001	0.02161	0.85966	0.02593	0.01228	0.00500	0.00159	0.00227	0.01114	0.00364	0.00318
15	0.88991	0.00758	0.00576	0.00516	0.00758	0.00879	0.00425	0.01152	0.00667	0.01759	0.00546	0.00637	0.00425	0.00364	0.00243	0.00121	0.00303	0.00212	0.00243	0.00425
16	0.01035	0.08732	0.10903	0.08658	0.23492	0.09471	0.03623	0.11741	0.01021	0.05268	0.01059	0.02277	0.07200	0.00448	0.00378	0.00116	0.00466	0.00375	0.03197	0.00542
17	0.01136	0.13331	0.19582	0.01124	0.05600	0.21406	0.14279	0.10488	0.01038	0.05066	0.00776	0.03006	0.00616	0.00405	0.00373	0.00114	0.00559	0.00334	0.00227	0.00539
18	0.81377	0.00750	0.00605	0.00531	0.00779	0.00853	0.00438	0.01219	0.00707	0.08942	0.00633	0.00698	0.00472	0.00375	0.00256	0.00121	0.00306	0.00228	0.00264	0.00446
19	0.00560	0.00411	0.00527	0.00500	0.00595	0.00384	0.00374	0.00764	0.03462	0.01532	0.74855	0.05884	0.07037	0.00817	0.00462	0.00125	0.00191	0.00721	0.00425	0.00374
20	0.04699	0.03734	0.46238	0.01082	0.01534	0.00926	0.13734	0.07255	0.06358	0.06905	0.00881	0.03388	0.00660	0.00415	0.00386	0.00125	0.00521	0.00357	0.00233	0.00570
21	0.00633	0.00418	0.00549	0.00506	0.00612	0.00383	0.00383	0.00815	0.01111	0.06897	0.78274	0.02826	0.03523	0.00781	0.00458	0.00123	0.00195	0.00689	0.00435	0.00389
22	0.01421	0.01034	0.01134	0.00887	0.01174	0.01154	0.00729	0.65376	0.09590	0.07119	0.01016	0.01010	0.00727	0.00489	0.00443	0.00122	0.05175	0.00364	0.00386	0.00649
23	0.00813	0.00697	0.00813	0.00581	0.00929	0.00523	0.00465	0.00987	0.00813	0.01277	0.00697	0.00813	0.00581	0.00290	0.00290	0.00058	0.00290	0.00232	0.00232	0.88619
24	0.04157	0.05388	0.01091	0.02814	0.06012	0.07935	0.00695	0.10693	0.06004	0.14343	0.02204	0.06882	0.01104	0.00737	0.04034	0.02091	0.00469	0.03465	0.01344	0.18540

[dist]
# distance from previous block
# <min> <max>
3	12

[block]
# block no. 10 follows, 69 sequences, length 11
# corresponding to MSA columns:
# 660-670
name=unknown_K
#
# <colnr> <probs for GDERKNQSTAVLIFYWHMCP>
#	G	D	E	R	K	N	Q	S	T	A	V	L	I	F	Y	W	H	M	C	P
0	0.03564	0.16898	0.10599	0.04785	0.07572	0.16057	0.05769	0.03320	0.07252	0.05257	0.02215	0.03144	0.08625	0.00499	0.00398	0.02459	0.00466	0.00380	0.00246	0.00498
1	0.00516	0.00385	0.00515	0.04303	0.00695	0.00362	0.00412	0.00605	0.00766	0.01027	0.02053	0.71084	0.04724	0.01120	0.00483	0.00152	0.00249	0.04342	0.00347	0.05860
2	0.04174	0.11274	0.09705	0.07662	0.18721	0.05426	0.06367	0.05820	0.10157	0.01305	0.04659	0.01245	0.03220	0.00579	0.04870	0.00146	0.00482	0.02414	0.01249	0.00525
3	0.03103	0.38253	0.04246	0.00921	0.06005	0.28439	0.01891	0.04452	0.00940	0.02663	0.00639	0.00768	0.00550	0.02017	0.01598	0.00112	0.02447	0.00260	0.00199	0.00496
4	0.00544	0.00398	0.00496	0.00480	0.00577	0.00363	0.00361	0.00708	0.01040	0.01442	0.60742	0.06742	0.17564	0.00849	0.00460	0.00127	0.00194	0.02957	0.03597	0.00360
5	0.01082	0.07622	0.04938	0.05519	0.21704	0.08389	0.04267	0.09834	0.23220	0.04854	0.00988	0.01063	0.00761	0.00435	0.00414	0.00121	0.03569	0.00360	0.00278	0.00582
6	0.00735	0.00445	0.00552	0.00545	0.00559	0.06123	0.00369	0.00583	0.00552	0.00700	0.00676	0.01158	0.00669	0.01296	0.01451	0.82524	0.00366	0.00334	0.00172	0.00190
7	0.00795	0.04971	0.00631	0.00537	0.00591	0.00435	0.00383	0.00706	0.00622	0.09052	0.03701	0.01416	0.00897	0.07013	0.01319	0.63612	0.00342	0.02503	0.00220	0.00254
8	0.01065	0.00924	0.01312	0.06553	0.25969	0.03128	0.09224	0.11513	0.23034	0.06392	0.02344	0.01153	0.00834	0.00446	0.00440	0.00126	0.04266	0.00392	0.00293	0.00592
9	0.75532	0.00718	0.00581	0.00517	0.00746	0.00813	0.00418	0.01142	0.00698	0.06556	0.00780	0.00908	0.03870	0.04972	0.00354	0.00136	0.00305	0.00267	0.00262	0.00425
10	0.10720	0.01909	0.08148	0.01921	0.03037	0.00759	0.01876	0.09264	0.23429	0.01497	0.08738	0.09754	0.16068	0.00652	0.00404	0.00130	0.00321	0.00543	0.00339	0.00492

[dist]
# distance from previous block
# <min> <max>
0	1

[block]
# block no. 11 follows, 69 sequences, length 8
# corresponding to MSA columns:
# 672-679
name=unknown_L
#
# <colnr> <probs for GDERKNQSTAVLIFYWHMCP>
#	G	D	E	R	K	N	Q	S	T	A	V	L	I	F	Y	W	H	M	C	P
0	0.01048	0.86458	0.02054	0.00671	0.01006	0.01551	0.00671	0.01174	0.00797	0.00922	0.00545	0.00629	0.00503	0.00335	0.00252	0.00084	0.00419	0.00210	0.00168	0.00503
1	0.03664	0.00843	0.00946	0.00756	0.01017	0.00894	0.00615	0.39346	0.11044	0.19989	0.09750	0.01321	0.01127	0.00512	0.00389	0.00119	0.00350	0.00407	0.06306	0.00604
2	0.00534	0.00400	0.00495	0.00471	0.00573	0.00361	0.00353	0.00699	0.01060	0.01454	0.65235	0.03123	0.22107	0.00846	0.00463	0.00125	0.00188	0.00736	0.00416	0.00361
3	0.00550	0.00401	0.00531	0.00602	0.00672	0.00382	0.00474	0.00680	0.00861	0.01126	0.08360	0.34022	0.12274	0.01104	0.00511	0.00163	0.00280	0.36296	0.00368	0.00342
4	0.04836	0.00508	0.00592	0.00527	0.00690	0.00492	0.00417	0.05434	0.00959	0.24224	0.03649	0.07184	0.01201	0.00557	0.00347	0.00113	0.00255	0.04925	0.42626	0.00464
5	0.08500	0.00717	0.00876	0.00687	0.00961	0.00687	0.00560	0.15287	0.01163	0.55335	0.01336	0.01288	0.00903	0.05248	0.00466	0.00134	0.00343	0.00381	0.04520	0.00610
6	0.00860	0.00861	0.03301	0.42958	0.12883	0.07360	0.03938	0.04127	0.04999	0.01144	0.02799	0.02799	0.00770	0.03897	0.00495	0.00139	0.03538	0.02443	0.00216	0.00473
7	0.00650	0.00584	0.00703	0.00741	0.06247	0.07393	0.04350	0.00761	0.00831	0.01080	0.06134	0.45405	0.10481	0.04075	0.00509	0.00144	0.00310	0.00809	0.00318	0.08476

[dist]
# distance from previous block
# <min> <max>
0	11

# created by:
# /st0/software/busco_prod/Augustus/scripts/msa2prfl.pl ./align_prep/27535.fa
