[name]
unknown

[dist]
# distance from previous block
# <min> <max>
0	10

[block]
# block no. 0 follows, 72 sequences, length 30
# corresponding to MSA columns:
# 10-39
name=unknown_A
#
# <colnr> <probs for GDERKNQSTAVLIFYWHMCP>
#	G	D	E	R	K	N	Q	S	T	A	V	L	I	F	Y	W	H	M	C	P
0	0.00618	0.00478	0.00604	0.00623	0.02747	0.02240	0.03105	0.04000	0.02137	0.01001	0.02824	0.26405	0.05004	0.31524	0.01005	0.00227	0.01894	0.12945	0.00295	0.00325
1	0.00771	0.05994	0.78614	0.01042	0.01579	0.00897	0.01337	0.01190	0.00799	0.01192	0.00687	0.00807	0.00493	0.00361	0.00352	0.00117	0.00543	0.00278	0.02394	0.00552
2	0.00489	0.00374	0.00426	0.00449	0.00519	0.00341	0.00308	0.00584	0.02525	0.00998	0.08417	0.28859	0.35523	0.17563	0.00744	0.00182	0.00236	0.00822	0.00334	0.00308
3	0.00539	0.00402	0.00597	0.00601	0.00665	0.00465	0.00463	0.00668	0.00613	0.00880	0.01064	0.04944	0.01023	0.05008	0.79537	0.00585	0.00966	0.00437	0.00210	0.00334
4	0.01437	0.01192	0.01127	0.00891	0.01175	0.15742	0.00723	0.68900	0.01660	0.02137	0.00854	0.00871	0.00618	0.00444	0.00373	0.00111	0.00464	0.00325	0.00347	0.00609
5	0.00919	0.00780	0.00868	0.00638	0.00964	0.04488	0.01731	0.11469	0.00934	0.03010	0.00718	0.00811	0.00577	0.00312	0.00301	0.00068	0.00323	0.00247	0.00247	0.70595
6	0.00789	0.05745	0.70390	0.01127	0.01654	0.00919	0.11762	0.01200	0.00811	0.01189	0.00685	0.00820	0.00493	0.00353	0.00366	0.00119	0.00563	0.00298	0.00164	0.00551
7	0.89350	0.00733	0.00557	0.00499	0.00733	0.00851	0.00411	0.01115	0.00645	0.01702	0.00528	0.00616	0.00411	0.00352	0.00235	0.00117	0.00293	0.00205	0.00235	0.00411
8	0.00471	0.00341	0.00448	0.00530	0.00563	0.00317	0.00365	0.00546	0.00745	0.00983	0.02200	0.75484	0.07852	0.01164	0.00484	0.00154	0.00227	0.06462	0.00352	0.00312
9	0.00716	0.00674	0.01138	0.85760	0.02612	0.00843	0.01053	0.00969	0.00758	0.00969	0.00674	0.01011	0.00506	0.00379	0.00379	0.00126	0.00506	0.00337	0.00169	0.00421
10	0.00593	0.00413	0.00515	0.00502	0.00613	0.00373	0.01456	0.00738	0.02432	0.07174	0.28490	0.18701	0.30238	0.00898	0.00453	0.00132	0.00219	0.05319	0.00379	0.00362
11	0.01014	0.86900	0.01987	0.00649	0.00973	0.01501	0.00649	0.01136	0.00771	0.00892	0.00527	0.00608	0.00487	0.00324	0.00243	0.00081	0.00406	0.00203	0.00162	0.00487
12	0.89350	0.00733	0.00557	0.00499	0.00733	0.00851	0.00411	0.01115	0.00645	0.01702	0.00528	0.00616	0.00411	0.00352	0.00235	0.00117	0.00293	0.00205	0.00235	0.00411
13	0.00716	0.00674	0.01138	0.85760	0.02612	0.00843	0.01053	0.00969	0.00758	0.00969	0.00674	0.01011	0.00506	0.00379	0.00379	0.00126	0.00506	0.00337	0.00169	0.00421
14	0.00716	0.00674	0.01138	0.85760	0.02612	0.00843	0.01053	0.00969	0.00758	0.00969	0.00674	0.01011	0.00506	0.00379	0.00379	0.00126	0.00506	0.00337	0.00169	0.00421
15	0.00779	0.00558	0.00596	0.00572	0.00613	0.11192	0.00397	0.04429	0.00636	0.00787	0.00716	0.01196	0.00703	0.07701	0.04697	0.63261	0.00409	0.00339	0.00185	0.00234
16	0.01306	0.01627	0.01007	0.00922	0.01098	0.74348	0.00689	0.01402	0.01013	0.00916	0.00649	0.00829	0.00565	0.04271	0.07616	0.00153	0.00699	0.00271	0.00198	0.00422
17	0.00761	0.01962	0.84707	0.01081	0.01641	0.00881	0.01401	0.01201	0.00801	0.01201	0.00681	0.00801	0.00480	0.00360	0.00360	0.00120	0.00560	0.00280	0.00160	0.00560
18	0.00465	0.00337	0.00440	0.00515	0.00548	0.00311	0.00348	0.00539	0.00754	0.01001	0.06477	0.76238	0.08325	0.01151	0.00480	0.00150	0.00216	0.01038	0.00355	0.00311
19	0.00757	0.00716	0.01212	0.70308	0.17742	0.00853	0.01074	0.01005	0.00778	0.01019	0.00681	0.00998	0.00523	0.00372	0.00378	0.00124	0.00495	0.00337	0.00172	0.00455
20	0.00974	0.00984	0.01202	0.47440	0.03154	0.19706	0.07035	0.05716	0.00903	0.04432	0.00700	0.00935	0.00533	0.00397	0.00415	0.00121	0.04370	0.00326	0.00200	0.00456
21	0.00543	0.00366	0.00415	0.00420	0.00425	0.00363	0.00239	0.00550	0.00571	0.00758	0.01320	0.08008	0.03524	0.78928	0.01799	0.00348	0.00354	0.00592	0.00241	0.00237
22	0.00868	0.10335	0.54045	0.02805	0.07467	0.07424	0.05603	0.02531	0.02410	0.01171	0.00688	0.00819	0.00516	0.00387	0.01259	0.00120	0.00547	0.00289	0.00175	0.00541
23	0.00937	0.00545	0.00580	0.00505	0.00658	0.00570	0.00398	0.19830	0.02924	0.06494	0.01181	0.01292	0.00899	0.00488	0.01694	0.00105	0.00257	0.00355	0.59847	0.00443
24	0.05102	0.00931	0.01251	0.16983	0.12484	0.01026	0.08181	0.40212	0.04049	0.02971	0.00831	0.00951	0.00615	0.00415	0.00397	0.00119	0.02279	0.00347	0.00288	0.00568
25	0.00483	0.00403	0.00424	0.00431	0.00548	0.00358	0.00318	0.00637	0.06053	0.01059	0.04667	0.15620	0.65743	0.00963	0.00450	0.00132	0.00203	0.00816	0.00355	0.00337
26	0.01336	0.01584	0.01041	0.00934	0.01140	0.64753	0.00709	0.07223	0.15442	0.01143	0.00775	0.00826	0.00615	0.00417	0.00352	0.00104	0.00599	0.00283	0.00241	0.00482
27	0.00956	0.00821	0.00865	0.00774	0.00991	0.00949	0.00603	0.04126	0.81489	0.01607	0.01527	0.01402	0.01144	0.00513	0.00386	0.00128	0.00303	0.00427	0.00386	0.00601
28	0.00853	0.00830	0.01122	0.01002	0.03789	0.01115	0.00801	0.01112	0.14994	0.01041	0.00686	0.00935	0.00616	0.00627	0.01067	0.00158	0.68247	0.00349	0.00205	0.00453
29	0.01127	0.00833	0.00993	0.00741	0.01059	0.03563	0.05642	0.22664	0.02265	0.14127	0.00875	0.00915	0.00647	0.00364	0.00336	0.00087	0.00359	0.00296	0.00301	0.42804

[dist]
# distance from previous block
# <min> <max>
0	7

[block]
# block no. 1 follows, 72 sequences, length 27
# corresponding to MSA columns:
# 47-73
name=unknown_B
#
# <colnr> <probs for GDERKNQSTAVLIFYWHMCP>
#	G	D	E	R	K	N	Q	S	T	A	V	L	I	F	Y	W	H	M	C	P
0	0.01140	0.02362	0.01067	0.00999	0.06543	0.44004	0.00735	0.04812	0.05731	0.01070	0.03384	0.01028	0.05688	0.00502	0.00554	0.00118	0.19254	0.00331	0.00223	0.00454
1	0.01426	0.00905	0.01007	0.00789	0.01067	0.02935	0.00645	0.49059	0.05298	0.25078	0.05126	0.02964	0.00928	0.00492	0.00385	0.00116	0.00376	0.00387	0.00402	0.00617
2	0.01462	0.00882	0.01135	0.00860	0.01162	0.00898	0.09283	0.41683	0.01401	0.33102	0.01124	0.01079	0.00757	0.00446	0.00384	0.00116	0.00398	0.00368	0.02834	0.00623
3	0.01055	0.73281	0.01838	0.00679	0.00995	0.01437	0.00654	0.09787	0.05305	0.01087	0.00622	0.00683	0.00539	0.00348	0.00265	0.00087	0.00401	0.00229	0.00197	0.00509
4	0.76981	0.00832	0.00635	0.00559	0.00795	0.06829	0.00455	0.06881	0.00755	0.01695	0.00559	0.00642	0.00433	0.00362	0.00252	0.00116	0.00330	0.00218	0.00242	0.00429
5	0.01372	0.01027	0.01099	0.00858	0.01149	0.01143	0.00704	0.71642	0.13297	0.02277	0.01000	0.00982	0.00717	0.00464	0.00380	0.00116	0.00401	0.00354	0.00380	0.00639
6	0.01408	0.00970	0.01063	0.00831	0.01121	0.01058	0.00681	0.60389	0.13200	0.13666	0.01081	0.01034	0.00758	0.00466	0.00381	0.00116	0.00388	0.00359	0.00393	0.00639
7	0.00539	0.00405	0.00599	0.00598	0.00669	0.00466	0.00465	0.00674	0.00632	0.00905	0.03743	0.01598	0.03566	0.02721	0.79896	0.00579	0.00964	0.00427	0.00215	0.00339
8	0.00493	0.00362	0.00463	0.00491	0.00556	0.00332	0.00350	0.00611	0.00889	0.01204	0.35841	0.40031	0.13657	0.00987	0.00465	0.00137	0.00202	0.02219	0.00379	0.00331
9	0.00835	0.01684	0.59987	0.01191	0.01693	0.00918	0.20666	0.06287	0.00884	0.01278	0.00715	0.00860	0.00513	0.00357	0.00382	0.00122	0.00570	0.00324	0.00181	0.00554
10	0.00835	0.00837	0.01709	0.01290	0.01579	0.00795	0.55863	0.01092	0.00878	0.03901	0.01155	0.03433	0.03270	0.00540	0.00499	0.02220	0.01904	0.17496	0.00240	0.00463
11	0.89350	0.00733	0.00557	0.00499	0.00733	0.00851	0.00411	0.01115	0.00645	0.01702	0.00528	0.00616	0.00411	0.00352	0.00235	0.00117	0.00293	0.00205	0.00235	0.00411
12	0.01294	0.01568	0.01242	0.01056	0.01275	0.63664	0.14239	0.01429	0.01020	0.03633	0.00679	0.02428	0.00564	0.00442	0.01730	0.00114	0.02660	0.00303	0.00206	0.00453
13	0.01232	0.01286	0.00999	0.00878	0.01099	0.37393	0.00678	0.15527	0.34062	0.01438	0.01022	0.01013	0.00781	0.00451	0.00366	0.00113	0.00486	0.00334	0.00302	0.00538
14	0.00939	0.00901	0.01539	0.02328	0.84306	0.00901	0.01164	0.01164	0.00864	0.01239	0.00713	0.00939	0.00601	0.00338	0.00375	0.00113	0.00451	0.00338	0.00188	0.00601
15	0.00506	0.00393	0.00462	0.00445	0.00551	0.00352	0.00334	0.00665	0.02438	0.01309	0.48357	0.04639	0.36466	0.00854	0.00447	0.00124	0.00187	0.00735	0.00389	0.00346
16	0.00487	0.00375	0.00445	0.00472	0.00558	0.00337	0.00349	0.00596	0.00860	0.01106	0.17890	0.25423	0.37638	0.02837	0.00497	0.00143	0.00217	0.09083	0.00361	0.00325
17	0.00787	0.00512	0.00548	0.00510	0.00644	0.00545	0.00391	0.02434	0.25331	0.03475	0.12988	0.01603	0.01388	0.00511	0.00331	0.00106	0.00221	0.00423	0.46814	0.00438
18	0.00670	0.00611	0.00594	0.00620	0.00712	0.11902	0.00457	0.00885	0.11024	0.01089	0.05739	0.41938	0.11126	0.00937	0.00452	0.00141	0.00303	0.10094	0.00338	0.00370
19	0.00516	0.00385	0.00480	0.00460	0.00555	0.00349	0.00343	0.00675	0.01020	0.01402	0.65063	0.05738	0.19963	0.00827	0.00449	0.00122	0.00183	0.00722	0.00402	0.00349
20	0.01020	0.12148	0.02954	0.08789	0.16900	0.19813	0.16109	0.03111	0.05761	0.01949	0.00842	0.00992	0.03853	0.00400	0.00401	0.00113	0.03791	0.00343	0.00209	0.00500
21	0.89350	0.00733	0.00557	0.00499	0.00733	0.00851	0.00411	0.01115	0.00645	0.01702	0.00528	0.00616	0.00411	0.00352	0.00235	0.00117	0.00293	0.00205	0.00235	0.00411
22	0.00786	0.00674	0.00786	0.00562	0.00899	0.00506	0.00449	0.00955	0.00786	0.01236	0.00674	0.00786	0.00562	0.00281	0.00281	0.00056	0.00281	0.00225	0.00225	0.88990
23	0.01838	0.00751	0.01213	0.05075	0.21562	0.00778	0.14551	0.07582	0.02442	0.03815	0.04833	0.01945	0.06431	0.00592	0.00494	0.00135	0.07037	0.18174	0.00270	0.00483
24	0.00776	0.07237	0.79569	0.01054	0.01600	0.00919	0.01355	0.01197	0.00799	0.01182	0.00671	0.00789	0.00481	0.00358	0.00353	0.00118	0.00551	0.00275	0.00160	0.00556
25	0.00819	0.00709	0.00858	0.00627	0.00951	0.00580	0.03290	0.03377	0.05959	0.01284	0.00735	0.00838	0.00600	0.00309	0.00314	0.00067	0.01924	0.00250	0.00237	0.76272
26	0.02664	0.04275	0.07476	0.04008	0.08871	0.04339	0.01588	0.11326	0.22994	0.07998	0.01212	0.11018	0.02500	0.00526	0.00391	0.00119	0.01738	0.00438	0.00308	0.06210

[dist]
# distance from previous block
# <min> <max>
4	12

[block]
# block no. 2 follows, 72 sequences, length 22
# corresponding to MSA columns:
# 86-107
name=unknown_C
#
# <colnr> <probs for GDERKNQSTAVLIFYWHMCP>
#	G	D	E	R	K	N	Q	S	T	A	V	L	I	F	Y	W	H	M	C	P
0	0.05539	0.00833	0.01108	0.01740	0.01136	0.04414	0.16951	0.15707	0.14537	0.04726	0.10084	0.05115	0.02644	0.02059	0.00442	0.00122	0.02842	0.00438	0.00307	0.09257
1	0.01116	0.18157	0.10925	0.00958	0.05228	0.20067	0.05641	0.12386	0.14477	0.03746	0.00870	0.03263	0.00697	0.00421	0.00350	0.00109	0.00479	0.00327	0.00252	0.00531
2	0.10239	0.02001	0.06991	0.18128	0.35388	0.00917	0.09121	0.06008	0.00862	0.01280	0.00707	0.00950	0.00569	0.00376	0.00402	0.00120	0.03859	0.01358	0.00200	0.00525
3	0.08072	0.00674	0.00847	0.00651	0.00941	0.00603	0.00534	0.06481	0.01049	0.58534	0.03611	0.01185	0.00900	0.00440	0.00357	0.00108	0.00316	0.00351	0.00408	0.13939
4	0.00923	0.00827	0.00812	0.00743	0.02126	0.10809	0.00567	0.12360	0.32795	0.01456	0.09039	0.06569	0.09648	0.00711	0.04262	0.00146	0.02470	0.01441	0.01798	0.00497
5	0.00466	0.00352	0.00432	0.00487	0.00546	0.00318	0.00340	0.00551	0.00791	0.01021	0.07255	0.54684	0.26948	0.01093	0.00472	0.00145	0.00213	0.03213	0.00356	0.00316
6	0.01117	0.08784	0.17053	0.03551	0.05936	0.11791	0.01747	0.26211	0.14607	0.02449	0.00939	0.00980	0.02300	0.00427	0.00362	0.00113	0.00460	0.00330	0.00277	0.00564
7	0.00521	0.00396	0.00481	0.00462	0.00563	0.00362	0.00346	0.00698	0.03173	0.01372	0.57848	0.05995	0.24721	0.00832	0.00447	0.00123	0.00187	0.00723	0.00397	0.00352
8	0.01327	0.01386	0.04508	0.00983	0.05508	0.40242	0.00754	0.23219	0.11531	0.05619	0.00848	0.00884	0.00642	0.00423	0.00362	0.00109	0.00530	0.00306	0.00280	0.00538
9	0.00483	0.00369	0.00443	0.00459	0.00542	0.00329	0.00331	0.00598	0.00895	0.01178	0.30847	0.27974	0.32252	0.00965	0.00459	0.00133	0.00196	0.00844	0.00375	0.00329
10	0.01258	0.04968	0.01053	0.00914	0.03122	0.53143	0.00689	0.11280	0.05640	0.02134	0.03275	0.02308	0.05623	0.00466	0.00379	0.00106	0.02599	0.00329	0.00247	0.00470
11	0.00519	0.00431	0.00583	0.00544	0.00665	0.00391	0.06453	0.00655	0.00888	0.01147	0.21563	0.12042	0.40733	0.00996	0.04719	0.00156	0.00278	0.06544	0.00348	0.00345
12	0.01105	0.00728	0.00840	0.00696	0.00948	0.00733	0.00551	0.06965	0.35585	0.22505	0.01354	0.06820	0.01040	0.00497	0.00370	0.00112	0.00304	0.00413	0.00373	0.18058
13	0.01020	0.00939	0.01164	0.08602	0.24634	0.09297	0.02457	0.17407	0.01031	0.01406	0.00722	0.00869	0.00576	0.00359	0.00363	0.00097	0.01980	0.00298	0.00236	0.26542
14	0.00551	0.00370	0.00425	0.00425	0.00429	0.00374	0.00244	0.00559	0.00555	0.00744	0.01184	0.02423	0.01353	0.81709	0.06858	0.00382	0.00406	0.00543	0.00228	0.00236
15	0.01471	0.00925	0.01044	0.00804	0.01096	0.00979	0.00663	0.58304	0.01570	0.23830	0.04618	0.01092	0.00847	0.00473	0.00383	0.00115	0.00382	0.00367	0.00405	0.00633
16	0.04649	0.02472	0.01124	0.02837	0.29846	0.03338	0.00796	0.10242	0.32243	0.02850	0.01068	0.01166	0.00842	0.04337	0.00441	0.00130	0.00385	0.00372	0.00291	0.00571
17	0.00707	0.00617	0.02521	0.00585	0.00698	0.08344	0.00448	0.00937	0.11498	0.03509	0.13898	0.06615	0.14170	0.21492	0.00796	0.00189	0.00328	0.11958	0.00321	0.00369
18	0.00872	0.05771	0.59769	0.02616	0.01505	0.09989	0.02230	0.04724	0.02778	0.01217	0.03080	0.00863	0.00595	0.00387	0.00374	0.00117	0.02096	0.00295	0.00187	0.00537
19	0.00761	0.00673	0.01126	0.81902	0.02538	0.00830	0.01031	0.01009	0.00773	0.04760	0.00711	0.01024	0.00525	0.00383	0.00379	0.00126	0.00497	0.00339	0.00182	0.00431
20	0.01109	0.00973	0.01311	0.05953	0.37037	0.04851	0.03878	0.29248	0.06966	0.01623	0.00905	0.01020	0.02564	0.00409	0.00380	0.00115	0.00443	0.00356	0.00270	0.00589
21	0.00972	0.00886	0.01395	0.06292	0.60762	0.02476	0.02559	0.06072	0.06856	0.03636	0.03813	0.01050	0.00753	0.00380	0.00380	0.00115	0.00435	0.00359	0.00229	0.00582

[dist]
# distance from previous block
# <min> <max>
1	5

[block]
# block no. 3 follows, 72 sequences, length 79
# corresponding to MSA columns:
# 113-191
name=unknown_D
#
# <colnr> <probs for GDERKNQSTAVLIFYWHMCP>
#	G	D	E	R	K	N	Q	S	T	A	V	L	I	F	Y	W	H	M	C	P
0	0.04058	0.01005	0.01034	0.00889	0.02099	0.18091	0.03843	0.17654	0.04285	0.01350	0.04886	0.04911	0.00884	0.00553	0.00597	0.00126	0.22096	0.04559	0.00262	0.06818
1	0.00853	0.00800	0.01337	0.23529	0.47345	0.00846	0.04586	0.03473	0.03448	0.01189	0.00858	0.08442	0.00761	0.00431	0.00389	0.00121	0.00447	0.00410	0.00209	0.00526
2	0.01328	0.01566	0.01039	0.00911	0.01134	0.63998	0.00694	0.09310	0.04261	0.01130	0.00664	0.00746	0.00538	0.00389	0.00340	0.00096	0.00597	0.00258	0.00224	0.10780
3	0.00898	0.37181	0.46358	0.00893	0.01342	0.02606	0.01057	0.03698	0.00823	0.01105	0.00622	0.00722	0.00488	0.00349	0.00312	0.00103	0.00494	0.00249	0.00168	0.00530
4	0.00858	0.00803	0.01337	0.40753	0.43008	0.00886	0.01094	0.04630	0.00855	0.01164	0.00704	0.00971	0.00559	0.00362	0.00377	0.00119	0.00474	0.00338	0.00187	0.00520
5	0.00768	0.00760	0.01276	0.70495	0.05004	0.03736	0.10583	0.01022	0.00788	0.01005	0.00683	0.00999	0.00516	0.00371	0.00386	0.00125	0.00526	0.00347	0.00173	0.00438
6	0.00574	0.00457	0.00527	0.00534	0.00642	0.00451	0.00400	0.00868	0.16619	0.01212	0.16817	0.23766	0.27833	0.00907	0.00451	0.00137	0.00229	0.06830	0.00370	0.00379
7	0.00716	0.00624	0.01081	0.00883	0.01067	0.00593	0.26767	0.04408	0.03674	0.04416	0.11396	0.31640	0.08411	0.00760	0.00454	0.00136	0.00364	0.01877	0.00315	0.00418
8	0.00764	0.01941	0.82918	0.01092	0.01649	0.00882	0.03169	0.01201	0.00803	0.01201	0.00682	0.00806	0.00482	0.00359	0.00362	0.00120	0.00562	0.00284	0.00161	0.00559
9	0.00531	0.00367	0.00489	0.00553	0.00604	0.00349	0.00414	0.00598	0.00751	0.00977	0.02081	0.40265	0.12520	0.01138	0.00636	0.13121	0.00269	0.23712	0.00324	0.00300
10	0.03964	0.01023	0.11146	0.04193	0.17227	0.05539	0.26315	0.07268	0.00942	0.04520	0.02920	0.01091	0.02530	0.00388	0.00382	0.00116	0.00484	0.00378	0.09057	0.00515
11	0.00895	0.00696	0.00737	0.00660	0.00841	0.02997	0.00507	0.05037	0.43606	0.08451	0.05916	0.01891	0.14730	0.08087	0.03098	0.00161	0.00321	0.00499	0.00365	0.00504
12	0.01113	0.00927	0.10624	0.00762	0.01025	0.03452	0.00666	0.21171	0.21590	0.16837	0.03002	0.05958	0.07193	0.03384	0.00441	0.00130	0.00363	0.00447	0.00359	0.00556
13	0.00464	0.00348	0.00431	0.00493	0.00545	0.00315	0.00341	0.00543	0.00775	0.01003	0.05127	0.61333	0.23217	0.01115	0.00475	0.00147	0.00214	0.02449	0.00354	0.00313
14	0.00778	0.01029	0.21900	0.05901	0.16690	0.00758	0.15379	0.01110	0.05962	0.02457	0.19986	0.02256	0.03155	0.00477	0.00404	0.00121	0.00433	0.00446	0.00255	0.00501
15	0.00827	0.00838	0.01260	0.57709	0.12933	0.08621	0.06657	0.01059	0.00803	0.01015	0.00670	0.00965	0.00521	0.00383	0.00418	0.00124	0.04237	0.00336	0.00175	0.00452
16	0.00812	0.00635	0.00701	0.00661	0.00819	0.00699	0.00502	0.01489	0.49714	0.04596	0.05326	0.20327	0.04803	0.00691	0.00407	0.00132	0.00267	0.01425	0.05494	0.00499
17	0.00543	0.00364	0.00416	0.00424	0.00426	0.00362	0.00241	0.00549	0.00568	0.00757	0.01279	0.10386	0.01485	0.78623	0.01794	0.00348	0.00354	0.00601	0.00241	0.00237
18	0.00827	0.01669	0.59235	0.01116	0.02827	0.05220	0.11455	0.04813	0.00870	0.01230	0.00793	0.04650	0.00635	0.00415	0.00381	0.00122	0.00548	0.02467	0.00189	0.00536
19	0.00906	0.07531	0.17785	0.01703	0.36645	0.02213	0.22757	0.01213	0.03362	0.01205	0.00731	0.00920	0.00578	0.00343	0.00382	0.00116	0.00517	0.00347	0.00188	0.00559
20	0.01240	0.00990	0.00892	0.00755	0.00980	0.20977	0.00594	0.21446	0.10314	0.18500	0.02694	0.05032	0.11642	0.00550	0.00384	0.00116	0.00405	0.00432	0.01528	0.00526
21	0.00490	0.00380	0.00439	0.00435	0.00537	0.00335	0.00322	0.00619	0.00937	0.01230	0.36653	0.10854	0.42135	0.00896	0.00448	0.00126	0.00189	0.00771	0.01868	0.00335
22	0.00525	0.00401	0.00526	0.00556	0.00645	0.00372	0.02161	0.00655	0.00865	0.01123	0.14785	0.23852	0.25034	0.01002	0.00480	0.00147	0.00255	0.25921	0.00358	0.00336
23	0.01907	0.00513	0.00630	0.00661	0.03912	0.00520	0.00475	0.08295	0.10190	0.05961	0.04658	0.39148	0.06593	0.00878	0.00439	0.00139	0.00270	0.09001	0.05398	0.00412
24	0.00956	0.04746	0.09809	0.01344	0.22081	0.14364	0.05167	0.02132	0.00792	0.01059	0.00614	0.00845	0.00534	0.00513	0.02242	0.00139	0.31676	0.00316	0.00180	0.00490
25	0.00754	0.00717	0.00670	0.00710	0.03870	0.17082	0.00490	0.05846	0.05495	0.01103	0.03001	0.50883	0.06084	0.00900	0.00438	0.00136	0.00334	0.00785	0.00320	0.00383
26	0.00585	0.00472	0.00636	0.00627	0.00695	0.03747	0.00485	0.00711	0.00624	0.00877	0.00991	0.01481	0.00935	0.06323	0.75659	0.00565	0.03639	0.00404	0.00203	0.00340
27	0.00861	0.00708	0.00819	0.00591	0.00924	0.00565	0.00475	0.08155	0.00879	0.02913	0.00710	0.00807	0.00576	0.00300	0.00291	0.00062	0.00294	0.00238	0.00243	0.79588
28	0.00747	0.00705	0.01193	0.74275	0.13858	0.00851	0.01068	0.00996	0.00773	0.01006	0.00679	0.01001	0.00519	0.00373	0.00379	0.00124	0.00498	0.00337	0.00171	0.00446
29	0.01037	0.00872	0.00909	0.00792	0.01022	0.02180	0.00623	0.16097	0.68217	0.01717	0.01420	0.01317	0.01059	0.00502	0.00384	0.00126	0.00326	0.00411	0.00382	0.00606
30	0.00775	0.00742	0.04745	0.00791	0.00983	0.07193	0.15729	0.04471	0.05373	0.05308	0.17925	0.16934	0.13582	0.01982	0.00456	0.00131	0.00359	0.01775	0.00321	0.00425
31	0.00448	0.00384	0.00384	0.00384	0.00512	0.00320	0.00288	0.00544	0.00864	0.01025	0.03842	0.03650	0.84152	0.00960	0.00448	0.00128	0.00192	0.00800	0.00352	0.00320
32	0.01016	0.32755	0.13365	0.02685	0.02666	0.08967	0.06060	0.10381	0.03771	0.04416	0.04955	0.01056	0.05534	0.00422	0.00335	0.00104	0.00443	0.00327	0.00235	0.00507
33	0.00495	0.00385	0.00436	0.00423	0.00534	0.00338	0.00318	0.00629	0.00953	0.01252	0.38518	0.03226	0.46651	0.00864	0.00442	0.00123	0.00186	0.00737	0.03154	0.00338
34	0.01244	0.04578	0.11271	0.01054	0.02505	0.35885	0.13529	0.15584	0.02217	0.06353	0.00748	0.00839	0.00566	0.00394	0.00379	0.00110	0.01677	0.00309	0.00240	0.00519
35	0.00500	0.00384	0.00459	0.00469	0.00557	0.00350	0.00341	0.00649	0.03453	0.01213	0.33366	0.25126	0.29872	0.00938	0.00455	0.00132	0.00198	0.00819	0.00378	0.00340
36	0.00842	0.00802	0.01181	0.02232	0.01135	0.00957	0.15497	0.03234	0.22098	0.01179	0.02056	0.01248	0.03365	0.05176	0.04492	0.00176	0.33204	0.00412	0.00247	0.00469
37	0.00540	0.00390	0.00496	0.00468	0.00565	0.00356	0.00351	0.00708	0.01047	0.02502	0.72817	0.02918	0.13834	0.00795	0.00447	0.00120	0.00182	0.00697	0.00410	0.00357
38	0.00467	0.00339	0.00441	0.00513	0.00548	0.00313	0.00347	0.00544	0.00764	0.01016	0.08592	0.73317	0.09124	0.01138	0.00478	0.00149	0.00215	0.01026	0.00357	0.00313
39	0.01244	0.00943	0.04442	0.01101	0.01431	0.04425	0.34880	0.11610	0.02088	0.29234	0.01044	0.01095	0.00719	0.00398	0.00402	0.00120	0.00485	0.00394	0.03379	0.00567
40	0.00827	0.00906	0.01867	0.02598	0.02558	0.02327	0.64171	0.01097	0.00870	0.01166	0.01005	0.14131	0.00921	0.00478	0.00452	0.00133	0.00563	0.03236	0.00221	0.00473
41	0.01014	0.86900	0.01987	0.00649	0.00973	0.01501	0.00649	0.01136	0.00771	0.00892	0.00527	0.00608	0.00487	0.00324	0.00243	0.00081	0.00406	0.00203	0.00162	0.00487
42	0.89350	0.00733	0.00557	0.00499	0.00733	0.00851	0.00411	0.01115	0.00645	0.01702	0.00528	0.00616	0.00411	0.00352	0.00235	0.00117	0.00293	0.00205	0.00235	0.00411
43	0.85308	0.00749	0.00584	0.00516	0.00754	0.00866	0.00425	0.04882	0.00698	0.01733	0.00546	0.00630	0.00421	0.00357	0.00241	0.00117	0.00299	0.00212	0.00241	0.00421
44	0.00491	0.00363	0.00464	0.00521	0.00581	0.00336	0.00380	0.00593	0.00816	0.01070	0.12273	0.48609	0.17692	0.01075	0.00479	0.00148	0.00229	0.13198	0.00360	0.00323
45	0.00486	0.00351	0.00464	0.00538	0.00578	0.00333	0.00381	0.00571	0.00755	0.00999	0.04306	0.63969	0.07990	0.03057	0.03407	0.00174	0.00263	0.10720	0.00346	0.00314
46	0.22279	0.00783	0.00917	0.00712	0.01001	0.00787	0.04132	0.20746	0.01117	0.36241	0.01041	0.00995	0.00703	0.00419	0.00342	0.00113	0.00349	0.00322	0.00364	0.06637
47	0.05848	0.00775	0.00886	0.00702	0.00963	0.00799	0.00574	0.31149	0.07666	0.33104	0.01204	0.01145	0.00827	0.00458	0.00358	0.00113	0.00334	0.00358	0.12145	0.00591
48	0.00567	0.00373	0.00430	0.00459	0.00544	0.00350	0.00349	0.00699	0.00825	0.01181	0.07021	0.18786	0.22680	0.02066	0.00430	0.00131	0.00220	0.13994	0.28561	0.00334
49	0.00621	0.00483	0.00514	0.00493	0.00635	0.00470	0.00376	0.00943	0.19027	0.03707	0.06834	0.06539	0.48264	0.00813	0.00422	0.00127	0.00222	0.02317	0.06797	0.00396
50	0.01417	0.01808	0.01075	0.00977	0.01172	0.85149	0.00733	0.01514	0.01075	0.00928	0.00586	0.00684	0.00489	0.00391	0.00342	0.00098	0.00684	0.00244	0.00195	0.00440
51	0.24142	0.00681	0.00765	0.00614	0.00870	0.00679	0.00504	0.10667	0.01017	0.44298	0.01151	0.01089	0.00774	0.00434	0.00330	0.00114	0.00309	0.00328	0.10685	0.00551
52	0.00686	0.00458	0.00520	0.00486	0.00637	0.00413	0.00379	0.00878	0.07164	0.13097	0.13069	0.03082	0.51022	0.00839	0.00439	0.00128	0.00227	0.05704	0.00379	0.00394
53	0.01006	0.00832	0.00878	0.00770	0.00992	0.00954	0.00605	0.13574	0.68717	0.01695	0.01441	0.01343	0.01077	0.00503	0.00380	0.00125	0.00312	0.00413	0.03784	0.00597
54	0.00462	0.00338	0.00436	0.00513	0.00549	0.00311	0.00348	0.00533	0.00744	0.00977	0.02293	0.75785	0.12014	0.01160	0.00480	0.00151	0.00218	0.02025	0.00352	0.00310
55	0.01697	0.00653	0.00885	0.00678	0.00972	0.00569	0.00560	0.03341	0.01098	0.83058	0.01485	0.01284	0.00933	0.00469	0.00381	0.00117	0.00324	0.00381	0.00468	0.00645
56	0.00476	0.00337	0.00444	0.00525	0.00553	0.00316	0.00356	0.00549	0.00738	0.00989	0.03329	0.76651	0.04251	0.02884	0.00509	0.00157	0.00226	0.04142	0.02257	0.00310
57	0.00470	0.00390	0.00415	0.00424	0.00545	0.00335	0.00327	0.00579	0.00875	0.01059	0.07219	0.03684	0.71366	0.00962	0.00457	0.00133	0.00209	0.09871	0.00355	0.00325
58	0.01061	0.76988	0.01881	0.00687	0.00997	0.11244	0.00659	0.01180	0.00806	0.00896	0.00534	0.00617	0.00487	0.00332	0.00255	0.00083	0.00438	0.00208	0.00166	0.00481
59	0.01650	0.01984	0.00928	0.00715	0.01000	0.09280	0.00585	0.05881	0.01115	0.70699	0.01360	0.01200	0.00872	0.00459	0.00375	0.00115	0.00366	0.00363	0.00433	0.00622
60	0.79111	0.00772	0.00625	0.00542	0.00785	0.00889	0.00447	0.10658	0.00778	0.01782	0.00573	0.00650	0.00438	0.00364	0.00252	0.00117	0.00308	0.00221	0.00252	0.00438
61	0.00463	0.00383	0.00406	0.00404	0.00522	0.00326	0.00301	0.00572	0.00894	0.01103	0.16781	0.06113	0.68548	0.00938	0.00449	0.00127	0.00191	0.00791	0.00363	0.00326
62	0.01438	0.00774	0.01076	0.00806	0.01118	0.00717	0.10170	0.17395	0.01159	0.48050	0.01190	0.01120	0.00790	0.00425	0.00376	0.00110	0.00372	0.00361	0.00388	0.12165
63	0.00573	0.00416	0.00563	0.00634	0.00719	0.00406	0.00534	0.00728	0.00867	0.01127	0.06892	0.13264	0.10792	0.01039	0.00507	0.00164	0.00309	0.59769	0.00354	0.00342
64	0.00559	0.00419	0.00608	0.00603	0.00675	0.00482	0.00466	0.00725	0.03823	0.00934	0.05309	0.01569	0.01095	0.04226	0.74548	0.02049	0.00921	0.00423	0.00221	0.00345
65	0.01000	0.82299	0.06468	0.00672	0.01010	0.01467	0.00690	0.01139	0.00772	0.00909	0.00536	0.00619	0.00486	0.00326	0.00250	0.00083	0.00414	0.00207	0.00162	0.00491
66	0.00531	0.00401	0.00572	0.00572	0.00642	0.00450	0.00438	0.00654	0.00636	0.00889	0.01356	0.01800	0.10665	0.07564	0.70396	0.00539	0.00882	0.00461	0.00222	0.00330
67	0.00502	0.00386	0.00459	0.00441	0.00545	0.00343	0.00330	0.00648	0.00991	0.01325	0.52495	0.03155	0.35311	0.00848	0.00448	0.00123	0.00184	0.00731	0.00392	0.00343
68	0.01379	0.00985	0.01064	0.00830	0.01115	0.01084	0.00681	0.67505	0.09152	0.06921	0.01015	0.01000	0.00722	0.00461	0.00375	0.00114	0.00391	0.00352	0.04225	0.00628
69	0.27579	0.00730	0.00804	0.00641	0.00909	0.00742	0.00528	0.15688	0.01062	0.41661	0.01095	0.01031	0.00733	0.00431	0.00332	0.00115	0.00323	0.00321	0.04714	0.00561
70	0.00599	0.00389	0.00459	0.00439	0.00544	0.00357	0.00333	0.00759	0.00959	0.04215	0.42565	0.02651	0.20209	0.00732	0.00404	0.00115	0.00190	0.02379	0.21344	0.00358
71	0.01372	0.01115	0.01080	0.00863	0.01138	0.12463	0.00698	0.59638	0.11447	0.03562	0.00958	0.00955	0.00695	0.00454	0.00373	0.00113	0.00434	0.00340	0.01693	0.00608
72	0.00853	0.00480	0.00589	0.00517	0.00670	0.00448	0.00403	0.04174	0.03856	0.19855	0.38088	0.02302	0.13666	0.00670	0.00405	0.00116	0.00226	0.00570	0.11677	0.00435
73	0.79114	0.00723	0.00595	0.00519	0.00761	0.00817	0.00428	0.01200	0.00697	0.11380	0.00641	0.00695	0.00472	0.00366	0.00252	0.00117	0.00297	0.00226	0.00262	0.00438
74	0.00487	0.00351	0.00456	0.00519	0.00563	0.00326	0.00364	0.00571	0.00783	0.01039	0.11571	0.59119	0.10654	0.02328	0.00523	0.02214	0.00227	0.07239	0.00353	0.00314
75	0.00571	0.00441	0.00616	0.00599	0.00649	0.00509	0.00453	0.00680	0.00662	0.00943	0.10761	0.05495	0.02334	0.16419	0.46049	0.00431	0.10180	0.01639	0.00239	0.00330
76	0.04079	0.73602	0.01830	0.00680	0.00990	0.08402	0.00651	0.04316	0.00830	0.00980	0.00547	0.00627	0.00490	0.00336	0.00256	0.00085	0.00425	0.00212	0.00176	0.00486
77	0.02221	0.01047	0.04217	0.04834	0.03008	0.10301	0.31378	0.05525	0.30569	0.01370	0.01021	0.01105	0.00770	0.00409	0.00400	0.00123	0.00495	0.00397	0.00269	0.00540
78	0.00933	0.00903	0.04594	0.00942	0.08232	0.06981	0.04214	0.04401	0.48749	0.01435	0.02139	0.01510	0.02641	0.02114	0.01682	0.00137	0.00380	0.05351	0.02116	0.00546

[dist]
# distance from previous block
# <min> <max>
0	1

[block]
# block no. 4 follows, 72 sequences, length 25
# corresponding to MSA columns:
# 193-217
name=unknown_E
#
# <colnr> <probs for GDERKNQSTAVLIFYWHMCP>
#	G	D	E	R	K	N	Q	S	T	A	V	L	I	F	Y	W	H	M	C	P
0	0.00846	0.00626	0.00751	0.00563	0.00852	0.00494	0.00445	0.01002	0.00811	0.10269	0.03880	0.01093	0.02623	0.04505	0.04673	0.00109	0.00321	0.00296	0.00260	0.65580
1	0.00462	0.00332	0.00438	0.00523	0.00549	0.00308	0.00350	0.00529	0.00731	0.00970	0.02156	0.83324	0.05566	0.01180	0.00483	0.00153	0.00219	0.01068	0.00352	0.00308
2	0.00462	0.00332	0.00438	0.00523	0.00549	0.00308	0.00350	0.00529	0.00731	0.00970	0.02147	0.83767	0.05129	0.01181	0.00483	0.00153	0.00219	0.01069	0.00352	0.00308
3	0.01005	0.83868	0.04940	0.00664	0.00997	0.01479	0.00676	0.01138	0.00772	0.00903	0.00533	0.00615	0.00486	0.00326	0.00248	0.00083	0.00411	0.00206	0.00162	0.00489
4	0.00547	0.00405	0.00511	0.00541	0.00617	0.00376	0.00385	0.03223	0.02418	0.01121	0.10567	0.58381	0.05110	0.01007	0.00455	0.00139	0.00233	0.04515	0.01612	0.07834
5	0.01419	0.01746	0.01080	0.00968	0.01173	0.78270	0.00732	0.08193	0.01133	0.01048	0.00613	0.00702	0.00501	0.00396	0.00345	0.00099	0.00662	0.00252	0.00210	0.00456
6	0.02251	0.00936	0.00996	0.07631	0.01162	0.09421	0.00696	0.27519	0.21701	0.04440	0.00999	0.01079	0.00767	0.00715	0.08860	0.00172	0.09451	0.00358	0.00307	0.00538
7	0.00540	0.00400	0.00526	0.00561	0.00621	0.00382	0.02059	0.05643	0.00837	0.01117	0.09573	0.65456	0.07236	0.01072	0.00472	0.00147	0.00238	0.02425	0.00356	0.00339
8	0.00761	0.01962	0.84707	0.01081	0.01641	0.00881	0.01401	0.01201	0.00801	0.01201	0.00681	0.00801	0.00480	0.00360	0.00360	0.00120	0.00560	0.00280	0.00160	0.00560
9	0.00761	0.01962	0.84707	0.01081	0.01641	0.00881	0.01401	0.01201	0.00801	0.01201	0.00681	0.00801	0.00480	0.00360	0.00360	0.00120	0.00560	0.00280	0.00160	0.00560
10	0.02102	0.01301	0.01232	0.06268	0.03177	0.40404	0.14986	0.08275	0.08486	0.02193	0.00871	0.04135	0.02366	0.00440	0.00394	0.00114	0.02179	0.00358	0.00238	0.00481
11	0.01138	0.36005	0.10267	0.00678	0.00974	0.00969	0.00648	0.03946	0.00896	0.26247	0.05291	0.01144	0.00876	0.08808	0.00477	0.00127	0.00382	0.00329	0.00282	0.00516
12	0.00542	0.00390	0.00527	0.00591	0.00659	0.00375	0.00468	0.00677	0.00856	0.01137	0.15499	0.31872	0.05988	0.01047	0.00495	0.00157	0.00271	0.37754	0.00361	0.00335
13	0.03287	0.00944	0.01023	0.00789	0.01086	0.01002	0.00646	0.56968	0.07521	0.05486	0.00938	0.00943	0.00680	0.00428	0.00358	0.00105	0.00376	0.00327	0.01696	0.15395
14	0.01020	0.00727	0.00771	0.00648	0.00813	0.02963	0.00493	0.33463	0.07253	0.04425	0.01097	0.01504	0.00957	0.26142	0.02682	0.00198	0.01344	0.00412	0.12625	0.00463
15	0.09168	0.00404	0.00480	0.00491	0.00575	0.00388	0.00355	0.00685	0.00875	0.02563	0.35750	0.33085	0.10089	0.02776	0.00472	0.00138	0.00213	0.00785	0.00367	0.00343
16	0.00972	0.00876	0.00871	0.00784	0.00998	0.06126	0.00608	0.01984	0.78540	0.01546	0.01485	0.01370	0.01117	0.00507	0.00383	0.00127	0.00324	0.00417	0.00374	0.00590
17	0.00481	0.00370	0.00442	0.00471	0.00553	0.00331	0.00344	0.00588	0.00860	0.01112	0.19293	0.31884	0.34948	0.01007	0.00465	0.00138	0.00209	0.05816	0.00365	0.00325
18	0.66209	0.00710	0.00643	0.00545	0.00795	0.00773	0.00449	0.01308	0.00762	0.23581	0.00784	0.00794	0.00550	0.00383	0.00273	0.00117	0.00301	0.00252	0.00297	0.00473
19	0.00555	0.00424	0.00514	0.00485	0.00593	0.00402	0.00366	0.00796	0.08272	0.01431	0.61325	0.02867	0.18967	0.00788	0.00442	0.00122	0.00192	0.00686	0.00402	0.00372
20	0.00503	0.00388	0.00461	0.00452	0.00556	0.00346	0.00343	0.00645	0.00969	0.01283	0.44771	0.05080	0.36562	0.00876	0.00453	0.00127	0.00195	0.05264	0.00385	0.00341
21	0.89350	0.00733	0.00557	0.00499	0.00733	0.00851	0.00411	0.01115	0.00645	0.01702	0.00528	0.00616	0.00411	0.00352	0.00235	0.00117	0.00293	0.00205	0.00235	0.00411
22	0.10258	0.06598	0.05224	0.04654	0.58388	0.06195	0.01031	0.01174	0.00841	0.01235	0.00671	0.00863	0.00558	0.00344	0.00349	0.00111	0.00453	0.00307	0.00190	0.00555
23	0.06412	0.00998	0.01053	0.00833	0.01116	0.01115	0.00681	0.63510	0.16680	0.02204	0.01004	0.00986	0.00725	0.00460	0.00372	0.00117	0.00389	0.00350	0.00372	0.00623
24	0.00825	0.15644	0.60262	0.04058	0.03355	0.00972	0.01199	0.03477	0.00823	0.01178	0.00662	0.00782	0.00493	0.00354	0.00339	0.00111	0.00514	0.00270	0.00170	0.04510

[dist]
# distance from previous block
# <min> <max>
0	7

[block]
# block no. 5 follows, 72 sequences, length 47
# corresponding to MSA columns:
# 225-271
name=unknown_F
#
# <colnr> <probs for GDERKNQSTAVLIFYWHMCP>
#	G	D	E	R	K	N	Q	S	T	A	V	L	I	F	Y	W	H	M	C	P
0	0.01002	0.01024	0.01499	0.04475	0.64874	0.11989	0.05708	0.02695	0.00907	0.01210	0.00702	0.00911	0.00583	0.00347	0.00375	0.00112	0.00493	0.00332	0.00192	0.00570
1	0.00522	0.00366	0.00461	0.00499	0.00566	0.00332	0.00354	0.00620	0.00836	0.04093	0.17834	0.48949	0.19096	0.01035	0.00467	0.00141	0.00214	0.02913	0.00369	0.00333
2	0.03850	0.00946	0.00970	0.00769	0.01036	0.09235	0.00625	0.43071	0.01399	0.23875	0.01055	0.01031	0.00733	0.00448	0.00361	0.00111	0.00391	0.00340	0.09165	0.00589
3	0.00484	0.00345	0.00460	0.00543	0.00573	0.00326	0.00378	0.00562	0.00744	0.00990	0.03514	0.72714	0.02453	0.03915	0.00535	0.00163	0.00239	0.10403	0.00349	0.00311
4	0.00484	0.00350	0.00460	0.00534	0.00568	0.00332	0.00364	0.00590	0.03123	0.01030	0.08218	0.76177	0.02544	0.01135	0.00479	0.00151	0.00222	0.02558	0.00358	0.00321
5	0.00650	0.00512	0.00702	0.05455	0.00862	0.00520	0.05672	0.10034	0.04807	0.01197	0.03420	0.48788	0.06848	0.02047	0.00478	0.00147	0.00298	0.06846	0.00336	0.00383
6	0.00569	0.00402	0.00494	0.00518	0.00590	0.00387	0.00379	0.05071	0.00874	0.01194	0.17822	0.35719	0.11294	0.06739	0.00552	0.00154	0.00240	0.09399	0.07264	0.00340
7	0.00808	0.01845	0.71698	0.05890	0.04301	0.06565	0.01329	0.01208	0.00819	0.01171	0.00675	0.00809	0.00486	0.00363	0.00361	0.00119	0.00562	0.00283	0.00164	0.00546
8	0.01021	0.63082	0.01697	0.03574	0.01043	0.07034	0.00664	0.03590	0.10030	0.01026	0.00713	0.00857	0.00628	0.00382	0.00284	0.00093	0.00414	0.03171	0.00202	0.00494
9	0.00866	0.00847	0.01375	0.16026	0.55729	0.03547	0.04916	0.01083	0.00854	0.01161	0.01016	0.01216	0.08882	0.00408	0.00386	0.00117	0.00451	0.00386	0.00201	0.00533
10	0.00507	0.00373	0.00460	0.00500	0.00562	0.00348	0.00363	0.00601	0.00795	0.01035	0.11508	0.30716	0.21337	0.14381	0.00704	0.00181	0.00254	0.14725	0.00340	0.00311
11	0.05040	0.00702	0.00841	0.00609	0.00940	0.00561	0.03424	0.03679	0.00823	0.03114	0.00696	0.00802	0.00566	0.00295	0.00290	0.00065	0.00300	0.00239	0.00234	0.76779
12	0.00499	0.00375	0.00536	0.00586	0.00632	0.00353	0.04137	0.00586	0.00745	0.00989	0.02033	0.69501	0.04361	0.04203	0.00537	0.00162	0.00256	0.08851	0.00340	0.00319
13	0.01047	0.82816	0.01935	0.00650	0.00973	0.01456	0.00645	0.01169	0.00786	0.04854	0.00573	0.00641	0.00508	0.00331	0.00250	0.00083	0.00402	0.00211	0.00177	0.00494
14	0.00836	0.00751	0.01066	0.39804	0.12911	0.06031	0.02255	0.07141	0.01423	0.03807	0.01004	0.14852	0.01969	0.00555	0.01161	0.00132	0.02558	0.01058	0.00234	0.00452
15	0.00475	0.00344	0.00451	0.00530	0.00566	0.00321	0.00368	0.00554	0.00752	0.00993	0.03584	0.71461	0.08438	0.01943	0.00497	0.00155	0.00229	0.07674	0.00352	0.00312
16	0.00836	0.10252	0.65735	0.01028	0.01536	0.00919	0.05298	0.01216	0.00815	0.04974	0.00707	0.00814	0.00509	0.00357	0.00351	0.00114	0.00529	0.00284	0.00178	0.03548
17	0.09910	0.01010	0.05760	0.03433	0.13512	0.07574	0.00747	0.29952	0.05407	0.04086	0.00903	0.00966	0.03063	0.00411	0.00350	0.00107	0.00409	0.00320	0.00286	0.11793
18	0.00602	0.00396	0.00506	0.00489	0.00571	0.00367	0.00355	0.00734	0.00936	0.06490	0.49875	0.12267	0.06799	0.14202	0.00681	0.00164	0.00229	0.03611	0.00378	0.00348
19	0.00505	0.00366	0.00479	0.00555	0.00604	0.00347	0.00410	0.00600	0.00771	0.01008	0.02201	0.52257	0.10452	0.05026	0.00557	0.00167	0.00259	0.22774	0.00346	0.00317
20	0.07563	0.02602	0.07636	0.00788	0.01083	0.03211	0.05298	0.14194	0.01102	0.42221	0.01236	0.01396	0.00900	0.00494	0.00383	0.00122	0.00387	0.08436	0.00373	0.00576
21	0.00616	0.00423	0.00485	0.00470	0.00596	0.00377	0.00351	0.00770	0.04812	0.09752	0.14521	0.17195	0.46427	0.00901	0.00444	0.00130	0.00214	0.00770	0.00375	0.00370
22	0.58657	0.00752	0.00701	0.00584	0.00840	0.00821	0.00481	0.10906	0.00881	0.21041	0.00798	0.00807	0.00561	0.00391	0.00286	0.00117	0.00315	0.00262	0.00306	0.00493
23	0.00467	0.00379	0.00416	0.00427	0.00534	0.00328	0.00317	0.00573	0.00874	0.01085	0.13964	0.14528	0.59933	0.00970	0.00456	0.00132	0.00200	0.03733	0.00361	0.00324
24	0.01399	0.01018	0.10364	0.00960	0.06760	0.09800	0.07045	0.13334	0.01124	0.41333	0.02319	0.01095	0.00785	0.00431	0.00380	0.00116	0.00432	0.00356	0.00352	0.00596
25	0.89350	0.00733	0.00557	0.00499	0.00733	0.00851	0.00411	0.01115	0.00645	0.01702	0.00528	0.00616	0.00411	0.00352	0.00235	0.00117	0.00293	0.00205	0.00235	0.00411
26	0.07799	0.00622	0.00673	0.00564	0.00758	0.00646	0.00452	0.20133	0.04678	0.17604	0.01171	0.01213	0.00856	0.00447	0.00317	0.00104	0.00275	0.00348	0.40848	0.00492
27	0.00901	0.00891	0.01139	0.01010	0.03817	0.06512	0.00809	0.05591	0.00697	0.01026	0.00560	0.00849	0.00526	0.00616	0.01074	0.00154	0.69764	0.00328	0.03302	0.00434
28	0.00851	0.00725	0.01111	0.43490	0.06160	0.00835	0.05985	0.06652	0.11543	0.05186	0.08380	0.01230	0.00913	0.00447	0.00420	0.00125	0.03509	0.00390	0.01570	0.00478
29	0.00473	0.00375	0.00426	0.00447	0.00539	0.00331	0.00322	0.00586	0.02086	0.01088	0.14945	0.28340	0.46705	0.00995	0.00458	0.00135	0.00200	0.00862	0.00362	0.00326
30	0.00799	0.00766	0.01323	0.54031	0.29749	0.00868	0.04967	0.01045	0.00800	0.01070	0.00692	0.00988	0.00541	0.00363	0.00381	0.00122	0.00494	0.00343	0.00176	0.00485
31	0.00900	0.44779	0.36002	0.00906	0.01333	0.01200	0.07871	0.01169	0.00793	0.01046	0.00610	0.00722	0.00492	0.00339	0.00309	0.00101	0.00489	0.00255	0.00164	0.00519
32	0.00486	0.00381	0.00516	0.00545	0.00615	0.00347	0.04111	0.00579	0.00786	0.01018	0.05246	0.55787	0.23079	0.01072	0.00474	0.00146	0.00235	0.03905	0.00347	0.00324
33	0.00598	0.00431	0.00594	0.00677	0.00765	0.00427	0.00587	0.00766	0.00869	0.01125	0.02113	0.06268	0.06814	0.01046	0.00519	0.00171	0.00337	0.75198	0.00349	0.00347
34	0.00958	0.72050	0.03139	0.00646	0.00945	0.01345	0.00630	0.01145	0.05474	0.00999	0.08892	0.00878	0.00832	0.00381	0.00274	0.00088	0.00380	0.00265	0.00200	0.00482
35	0.01070	0.05560	0.09225	0.03402	0.24606	0.13303	0.08651	0.07312	0.03888	0.10391	0.00991	0.03548	0.03511	0.00438	0.00380	0.00116	0.00473	0.02345	0.00251	0.00539
36	0.00844	0.01455	0.45953	0.01163	0.01605	0.00864	0.25436	0.02099	0.03296	0.05193	0.06278	0.01044	0.00757	0.00391	0.00409	0.00123	0.01977	0.00367	0.00210	0.00536
37	0.00524	0.00382	0.00494	0.00491	0.00569	0.00356	0.00359	0.00691	0.02460	0.01380	0.61426	0.21909	0.05792	0.00871	0.00455	0.00128	0.00191	0.00774	0.00400	0.00350
38	0.00806	0.00718	0.01207	0.65120	0.18947	0.00841	0.01053	0.01048	0.00794	0.04836	0.00719	0.01009	0.00544	0.00375	0.00379	0.00123	0.00486	0.00339	0.00186	0.00468
39	0.01905	0.08488	0.05443	0.19379	0.32311	0.05242	0.02443	0.03178	0.00882	0.10535	0.00906	0.03785	0.03044	0.00412	0.00368	0.00115	0.00448	0.00361	0.00227	0.00527
40	0.00820	0.00718	0.01008	0.03655	0.04774	0.00908	0.01464	0.03558	0.00733	0.04826	0.02745	0.01639	0.05033	0.03090	0.02101	0.00168	0.49051	0.13056	0.00233	0.00420
41	0.63057	0.00902	0.00693	0.00605	0.00842	0.13959	0.00487	0.03894	0.00798	0.10839	0.00657	0.00711	0.00489	0.00374	0.00272	0.00114	0.00361	0.00235	0.00259	0.00449
42	0.03435	0.00982	0.11897	0.05628	0.24329	0.10294	0.03942	0.02521	0.02612	0.07595	0.01342	0.09528	0.12554	0.00536	0.00397	0.00121	0.01079	0.00462	0.00253	0.00494
43	0.00940	0.07719	0.09632	0.05195	0.14134	0.14879	0.04651	0.07069	0.02491	0.02488	0.01860	0.08079	0.05921	0.00547	0.00453	0.00123	0.07045	0.06058	0.00240	0.00478
44	0.00730	0.00677	0.01126	0.53188	0.21238	0.00778	0.00972	0.00950	0.00779	0.01031	0.00925	0.09486	0.03190	0.00534	0.02720	0.00139	0.00470	0.00426	0.00197	0.00447
45	0.00667	0.00445	0.00606	0.00622	0.03063	0.00418	0.02768	0.04544	0.00887	0.09311	0.16408	0.49027	0.07185	0.01598	0.00467	0.00141	0.00250	0.00847	0.00366	0.00380
46	0.01719	0.02664	0.16695	0.00825	0.05206	0.00732	0.01980	0.16392	0.03196	0.22143	0.06174	0.03352	0.13650	0.00610	0.02822	0.00133	0.00387	0.00447	0.00335	0.00537

[dist]
# distance from previous block
# <min> <max>
0	10

# created by:
# /st0/software/busco_prod/Augustus/scripts/msa2prfl.pl ./align_prep/27533.fa
