[name]
unknown

[dist]
# distance from previous block
# <min> <max>
0	62

[block]
# block no. 0 follows, 74 sequences, length 8
# corresponding to MSA columns:
# 66-73
name=unknown_A
#
# <colnr> <probs for GDERKNQSTAVLIFYWHMCP>
#	G	D	E	R	K	N	Q	S	T	A	V	L	I	F	Y	W	H	M	C	P
0	0.00474	0.00346	0.00444	0.00514	0.00558	0.00323	0.00364	0.00554	0.00741	0.00966	0.02234	0.59846	0.13905	0.05297	0.00543	0.00160	0.00235	0.11853	0.00338	0.00305
1	0.00791	0.16515	0.59358	0.00917	0.01396	0.00918	0.01119	0.01132	0.00777	0.01128	0.00639	0.00749	0.00482	0.00336	0.00322	0.00103	0.00486	0.00254	0.00166	0.12414
2	0.01048	0.01234	0.32471	0.07158	0.18241	0.03576	0.02627	0.05420	0.00912	0.20607	0.00863	0.00943	0.00610	0.00385	0.00382	0.00116	0.02280	0.00319	0.00245	0.00563
3	0.00809	0.01203	0.29224	0.15234	0.21668	0.00868	0.19121	0.01142	0.02839	0.01158	0.00743	0.00994	0.00579	0.00362	0.00382	0.00120	0.00520	0.02329	0.00181	0.00521
4	0.00509	0.00377	0.00506	0.00518	0.00573	0.00401	0.00376	0.00601	0.00635	0.00865	0.01547	0.13932	0.12418	0.18777	0.45771	0.00424	0.00652	0.00570	0.00244	0.00304
5	0.03308	0.05343	0.24439	0.02237	0.06269	0.02870	0.10809	0.10250	0.02796	0.18870	0.02523	0.05509	0.00776	0.00437	0.00384	0.00117	0.01878	0.00372	0.00272	0.00541
6	0.00728	0.12158	0.00875	0.00668	0.04453	0.04321	0.04503	0.05209	0.00984	0.03320	0.44089	0.04584	0.06881	0.02918	0.02599	0.00131	0.00303	0.00545	0.00329	0.00403
7	0.00926	0.17450	0.21182	0.01143	0.16589	0.08893	0.03301	0.02503	0.04528	0.02386	0.02148	0.00843	0.00595	0.00397	0.00451	0.00111	0.11961	0.00292	0.00192	0.04108

[dist]
# distance from previous block
# <min> <max>
0	13

[block]
# block no. 1 follows, 74 sequences, length 14
# corresponding to MSA columns:
# 87-100
name=unknown_B
#
# <colnr> <probs for GDERKNQSTAVLIFYWHMCP>
#	G	D	E	R	K	N	Q	S	T	A	V	L	I	F	Y	W	H	M	C	P
0	0.00831	0.03261	0.03037	0.00691	0.03549	0.15488	0.00513	0.06243	0.08899	0.02569	0.12176	0.09409	0.08644	0.15602	0.00664	0.00156	0.02411	0.00499	0.00285	0.05073
1	0.18587	0.12140	0.03331	0.00731	0.02811	0.15472	0.00592	0.15982	0.03949	0.01362	0.01003	0.08567	0.04715	0.00649	0.05757	0.00143	0.00436	0.03060	0.00259	0.00454
2	0.00541	0.00368	0.00454	0.00483	0.00526	0.00355	0.00331	0.00602	0.00681	0.03397	0.01832	0.28057	0.11726	0.34429	0.05429	0.00253	0.00325	0.09629	0.00294	0.00289
3	0.01011	0.66641	0.12970	0.00712	0.01054	0.04333	0.00736	0.04191	0.00816	0.03792	0.00584	0.00657	0.00496	0.00334	0.00266	0.00087	0.00425	0.00221	0.00178	0.00495
4	0.01115	0.01147	0.01220	0.06747	0.08807	0.30468	0.14117	0.08509	0.04816	0.05587	0.00810	0.01008	0.00648	0.00420	0.00419	0.00113	0.05709	0.02898	0.04961	0.00481
5	0.00548	0.00377	0.00493	0.00492	0.00534	0.00408	0.00345	0.00631	0.00603	0.00868	0.03632	0.01890	0.01181	0.37023	0.41272	0.00441	0.00638	0.00460	0.07874	0.00290
6	0.00536	0.00384	0.00475	0.00453	0.00553	0.00345	0.00339	0.00685	0.00983	0.03966	0.57722	0.07114	0.23442	0.00814	0.00438	0.00121	0.00185	0.00709	0.00391	0.00348
7	0.00498	0.00375	0.00460	0.00445	0.00539	0.00338	0.00331	0.00645	0.00977	0.01327	0.57948	0.07462	0.25637	0.00830	0.00440	0.00121	0.00181	0.00722	0.00388	0.00338
8	0.00597	0.00388	0.00485	0.00453	0.00555	0.00356	0.00343	0.00762	0.00998	0.05814	0.61945	0.02606	0.11165	0.00722	0.00413	0.00114	0.00184	0.00628	0.11112	0.00361
9	0.01034	0.67120	0.01707	0.00679	0.00969	0.10364	0.00634	0.03461	0.07305	0.00981	0.00625	0.00690	0.00542	0.00345	0.00263	0.00086	0.00414	0.00227	0.02074	0.00482
10	0.89577	0.00718	0.00546	0.00488	0.00718	0.00833	0.00402	0.01091	0.00632	0.01665	0.00517	0.00603	0.00402	0.00345	0.00230	0.00115	0.00287	0.00201	0.00230	0.00402
11	0.01437	0.00584	0.00781	0.00623	0.00869	0.00513	0.00505	0.01594	0.02726	0.67829	0.05965	0.06639	0.05018	0.00540	0.00383	0.00117	0.00293	0.00450	0.02561	0.00574
12	0.00770	0.00660	0.00770	0.00550	0.00880	0.00495	0.00440	0.00935	0.00770	0.01210	0.00660	0.00770	0.00550	0.00275	0.00275	0.00055	0.00275	0.00220	0.00220	0.89224
13	0.00524	0.00432	0.00545	0.00616	0.09565	0.00389	0.00401	0.00664	0.00927	0.01217	0.35211	0.02972	0.43572	0.00803	0.00431	0.00120	0.00210	0.00691	0.00353	0.00357

[dist]
# distance from previous block
# <min> <max>
0	1

[block]
# block no. 2 follows, 74 sequences, length 24
# corresponding to MSA columns:
# 102-125
name=unknown_C
#
# <colnr> <probs for GDERKNQSTAVLIFYWHMCP>
#	G	D	E	R	K	N	Q	S	T	A	V	L	I	F	Y	W	H	M	C	P
0	0.01234	0.00550	0.00713	0.00580	0.00804	0.00484	0.00467	0.01403	0.03753	0.53519	0.14495	0.01936	0.17230	0.00598	0.00396	0.00118	0.00269	0.00498	0.00427	0.00527
1	0.00801	0.00669	0.00777	0.00567	0.00887	0.00527	0.00453	0.01028	0.06715	0.03094	0.00738	0.00825	0.00600	0.00295	0.00284	0.00061	0.00277	0.00238	0.00236	0.80929
2	0.00814	0.01602	0.62954	0.01049	0.04965	0.00816	0.04607	0.04547	0.00857	0.05852	0.04425	0.02326	0.02723	0.00404	0.00366	0.00118	0.00499	0.00333	0.00203	0.00538
3	0.02903	0.00808	0.00977	0.00799	0.04238	0.00816	0.00630	0.33222	0.05520	0.44310	0.01201	0.01102	0.00798	0.00450	0.00370	0.00114	0.00355	0.00356	0.00407	0.00624
4	0.00919	0.00882	0.01507	0.02278	0.84640	0.00882	0.01139	0.01139	0.00845	0.01213	0.00698	0.00919	0.00588	0.00331	0.00367	0.00110	0.00441	0.00331	0.00184	0.00588
5	0.00816	0.00479	0.00664	0.00575	0.00713	0.00449	0.03854	0.00964	0.00967	0.21403	0.42791	0.07956	0.08172	0.04325	0.00518	0.00132	0.03818	0.00604	0.00385	0.00415
6	0.02546	0.06863	0.06790	0.00708	0.04447	0.04453	0.00584	0.05227	0.00864	0.10581	0.00747	0.00818	0.00580	0.00321	0.00299	0.00076	0.00339	0.00250	0.00243	0.53264
7	0.00867	0.00467	0.00625	0.00590	0.03317	0.00421	0.00439	0.01015	0.00983	0.26316	0.36839	0.11606	0.09455	0.00729	0.00424	0.00123	0.00239	0.04712	0.00401	0.00433
8	0.00452	0.00323	0.00431	0.00517	0.00538	0.00301	0.00345	0.00517	0.00711	0.00948	0.02046	0.86713	0.02455	0.01163	0.00474	0.00151	0.00215	0.01055	0.00345	0.00301
9	0.00942	0.00890	0.05376	0.04675	0.16095	0.02780	0.11756	0.09544	0.28207	0.04876	0.02646	0.01318	0.07250	0.00463	0.00396	0.00120	0.01418	0.00412	0.00292	0.00542
10	0.00939	0.00934	0.01389	0.05107	0.67863	0.08615	0.01049	0.01179	0.04311	0.01181	0.00761	0.03612	0.00656	0.00370	0.00368	0.00111	0.00451	0.00349	0.00197	0.00558
11	0.00669	0.00410	0.00537	0.00488	0.00596	0.00375	0.00368	0.00832	0.01027	0.11919	0.69858	0.02566	0.03070	0.05038	0.00502	0.00129	0.00202	0.00627	0.00406	0.00379
12	0.00463	0.00334	0.00439	0.00513	0.00547	0.00311	0.00352	0.00540	0.00746	0.00994	0.07684	0.73459	0.06621	0.01119	0.00471	0.00148	0.00217	0.04386	0.00349	0.00307
13	0.06648	0.00924	0.01105	0.15207	0.26354	0.11007	0.00835	0.05575	0.25950	0.01322	0.00920	0.01019	0.00714	0.00402	0.00359	0.00116	0.00421	0.00338	0.00253	0.00530
14	0.09712	0.00891	0.01391	0.02033	0.72171	0.02856	0.01045	0.03331	0.00853	0.01280	0.00682	0.00881	0.00568	0.00336	0.00353	0.00110	0.00430	0.00316	0.00193	0.00567
15	0.00491	0.00363	0.00482	0.00578	0.04732	0.00342	0.00365	0.00565	0.00728	0.00973	0.07612	0.60377	0.07824	0.11970	0.00643	0.00171	0.00240	0.00909	0.00326	0.00310
16	0.00517	0.00354	0.00408	0.00425	0.00437	0.00346	0.00252	0.00535	0.00591	0.00781	0.01489	0.19013	0.06311	0.65231	0.01529	0.00305	0.00322	0.00655	0.00255	0.00245
17	0.10929	0.01021	0.01039	0.00856	0.03710	0.06066	0.00677	0.60445	0.06916	0.03395	0.00875	0.00886	0.00633	0.00431	0.00354	0.00112	0.00403	0.00320	0.00341	0.00590
18	0.02124	0.00928	0.04605	0.01338	0.22142	0.00898	0.20904	0.13863	0.15756	0.07715	0.00937	0.01026	0.00701	0.00382	0.00380	0.00115	0.00439	0.00367	0.00270	0.05108
19	0.01103	0.00520	0.00678	0.00566	0.00752	0.00479	0.00452	0.02198	0.02220	0.41237	0.25629	0.01834	0.06228	0.00651	0.03208	0.00130	0.02050	0.00480	0.09096	0.00489
20	0.84504	0.00715	0.00578	0.05372	0.00823	0.00832	0.00438	0.01083	0.00638	0.01624	0.00525	0.00625	0.00407	0.00346	0.00238	0.00115	0.00299	0.00208	0.00226	0.00403
21	0.00870	0.01235	0.29574	0.04613	0.28359	0.05909	0.01859	0.03621	0.05714	0.01232	0.00750	0.00893	0.00582	0.00355	0.00348	0.00107	0.00458	0.00302	0.03927	0.09292
22	0.00504	0.00395	0.00489	0.00512	0.04066	0.00355	0.00357	0.00643	0.00941	0.01256	0.44745	0.08845	0.33861	0.00837	0.00438	0.00122	0.00194	0.00726	0.00371	0.00343
23	0.00699	0.00621	0.05309	0.04101	0.11971	0.00567	0.02413	0.02360	0.11183	0.04297	0.39471	0.07784	0.05524	0.00664	0.01279	0.00125	0.00288	0.00567	0.00339	0.00437

[dist]
# distance from previous block
# <min> <max>
0	8

[block]
# block no. 3 follows, 74 sequences, length 6
# corresponding to MSA columns:
# 134-139
name=unknown_D
#
# <colnr> <probs for GDERKNQSTAVLIFYWHMCP>
#	G	D	E	R	K	N	Q	S	T	A	V	L	I	F	Y	W	H	M	C	P
0	0.34786	0.28757	0.04553	0.00665	0.00940	0.11636	0.00596	0.12072	0.00877	0.01386	0.00579	0.00654	0.00469	0.00354	0.00269	0.00101	0.00397	0.00226	0.00218	0.00466
1	0.00508	0.00383	0.00458	0.00489	0.00570	0.00355	0.00375	0.00612	0.00799	0.01015	0.08080	0.11558	0.33800	0.14926	0.00699	0.00178	0.00262	0.24294	0.00329	0.00309
2	0.00764	0.07353	0.16891	0.00786	0.00982	0.11759	0.04369	0.00932	0.00744	0.00964	0.03264	0.01409	0.09730	0.09775	0.15868	0.00230	0.13178	0.00393	0.00205	0.00402
3	0.00513	0.00375	0.00471	0.00520	0.00583	0.00355	0.00393	0.00612	0.00772	0.00999	0.06256	0.26027	0.18798	0.15063	0.00708	0.00184	0.00271	0.26463	0.00327	0.00306
4	0.00866	0.00657	0.00780	0.00562	0.00887	0.00500	0.00451	0.01028	0.00801	0.10174	0.00746	0.00823	0.00589	0.00295	0.00285	0.00061	0.00279	0.00236	0.00246	0.79734
5	0.00563	0.00410	0.00491	0.00505	0.00594	0.00390	0.00367	0.00755	0.08993	0.04297	0.16656	0.33742	0.22771	0.03857	0.00495	0.00143	0.00223	0.04036	0.00359	0.00353

[dist]
# distance from previous block
# <min> <max>
2	4

[block]
# block no. 4 follows, 74 sequences, length 48
# corresponding to MSA columns:
# 144-191
name=unknown_E
#
# <colnr> <probs for GDERKNQSTAVLIFYWHMCP>
#	G	D	E	R	K	N	Q	S	T	A	V	L	I	F	Y	W	H	M	C	P
0	0.60582	0.00828	0.02584	0.00897	0.16937	0.03984	0.01838	0.02876	0.04119	0.01542	0.00609	0.00714	0.00479	0.00352	0.00275	0.00114	0.00344	0.00244	0.00226	0.00456
1	0.00903	0.00835	0.01350	0.05824	0.56359	0.00859	0.05362	0.04716	0.10527	0.01292	0.02533	0.01148	0.00771	0.00393	0.00377	0.00115	0.00420	0.03379	0.02280	0.00557
2	0.01081	0.00876	0.00928	0.00787	0.01025	0.00997	0.00626	0.28380	0.57304	0.01808	0.01310	0.01225	0.00970	0.00485	0.00376	0.00121	0.00331	0.00392	0.00376	0.00602
3	0.00900	0.00854	0.01437	0.03480	0.76794	0.00861	0.01095	0.01144	0.03379	0.01214	0.00783	0.01090	0.00677	0.00370	0.00375	0.00114	0.00433	0.04231	0.00197	0.00573
4	0.89577	0.00718	0.00546	0.00488	0.00718	0.00833	0.00402	0.01091	0.00632	0.01665	0.00517	0.00603	0.00402	0.00345	0.00230	0.00115	0.00287	0.00201	0.00230	0.00402
5	0.00578	0.00431	0.00562	0.00545	0.00583	0.00489	0.00387	0.00687	0.04699	0.00831	0.01053	0.01833	0.01087	0.40123	0.35784	0.02158	0.07200	0.00455	0.00216	0.00299
6	0.00638	0.00374	0.00491	0.00520	0.00591	0.00342	0.00367	0.00729	0.00798	0.12663	0.09714	0.60804	0.04569	0.00988	0.00446	0.00139	0.00223	0.00885	0.04364	0.00354
7	0.00531	0.00361	0.00402	0.00402	0.00413	0.00356	0.00230	0.00539	0.00565	0.00743	0.01386	0.02525	0.08304	0.79760	0.01768	0.00340	0.00345	0.00560	0.00235	0.00232
8	0.00528	0.00383	0.00465	0.00446	0.00549	0.00342	0.00334	0.00670	0.00965	0.03876	0.51021	0.07768	0.29627	0.00831	0.00438	0.00121	0.00186	0.00720	0.00386	0.00344
9	0.05634	0.01554	0.54312	0.04076	0.01684	0.00881	0.24282	0.01167	0.00800	0.01198	0.00682	0.00842	0.00493	0.00342	0.00371	0.00120	0.00554	0.00318	0.00170	0.00522
10	0.00562	0.00372	0.00468	0.00472	0.00513	0.00395	0.00328	0.00644	0.00612	0.00898	0.01153	0.03459	0.01175	0.38659	0.30957	0.00388	0.00548	0.02772	0.15336	0.00288
11	0.09901	0.10484	0.27276	0.01251	0.25285	0.04946	0.00980	0.04717	0.02482	0.07053	0.00728	0.00851	0.00561	0.01532	0.00355	0.00113	0.00451	0.00289	0.00209	0.00537
12	0.01152	0.08583	0.05991	0.00843	0.02226	0.10775	0.00703	0.31835	0.30856	0.01683	0.01027	0.01010	0.00769	0.00441	0.00357	0.00112	0.00405	0.00338	0.00319	0.00574
13	0.03801	0.02245	0.04879	0.00729	0.05085	0.01904	0.01926	0.06932	0.01695	0.28209	0.07317	0.01235	0.04077	0.00429	0.00345	0.00097	0.00323	0.01192	0.00322	0.27259
14	0.02273	0.09708	0.24499	0.00893	0.02861	0.05250	0.09557	0.04883	0.02715	0.16794	0.06927	0.06430	0.02265	0.00473	0.00370	0.00115	0.00428	0.01915	0.00271	0.01374
15	0.07834	0.20474	0.06205	0.00768	0.01026	0.02284	0.07871	0.14653	0.00980	0.09719	0.02734	0.03264	0.03267	0.01706	0.00386	0.00122	0.00391	0.15556	0.00281	0.00479
16	0.07907	0.00628	0.00807	0.00634	0.00896	0.00571	0.00520	0.04567	0.01984	0.66180	0.08872	0.01374	0.02376	0.00485	0.00370	0.00115	0.00302	0.00393	0.00432	0.00584
17	0.01000	0.24216	0.08933	0.11184	0.23318	0.08529	0.01730	0.02439	0.04847	0.07959	0.00757	0.02193	0.00609	0.00372	0.00332	0.00105	0.00446	0.00302	0.00210	0.00519
18	0.00976	0.00943	0.13521	0.04803	0.40131	0.02076	0.00948	0.02046	0.05803	0.15163	0.01071	0.05620	0.04361	0.00439	0.00375	0.00116	0.00410	0.00391	0.00254	0.00554
19	0.01366	0.00583	0.00755	0.00602	0.00851	0.00511	0.00490	0.01538	0.04554	0.63061	0.01967	0.01772	0.19136	0.00566	0.00388	0.00118	0.00287	0.00465	0.00431	0.00560
20	0.00525	0.00388	0.00430	0.00415	0.00536	0.00334	0.00313	0.00642	0.00903	0.05284	0.23271	0.05040	0.57466	0.00869	0.00433	0.00123	0.00192	0.00735	0.01764	0.00338
21	0.00926	0.00872	0.01479	0.06131	0.68938	0.00882	0.06029	0.02256	0.04978	0.02789	0.00757	0.00956	0.00616	0.00344	0.00373	0.00113	0.00445	0.00342	0.00200	0.00576
22	0.02303	0.00740	0.01181	0.02778	0.15000	0.00733	0.19032	0.12617	0.03771	0.11099	0.02577	0.16531	0.05243	0.00580	0.00413	0.00126	0.00396	0.04091	0.00297	0.00495
23	0.00484	0.00338	0.00430	0.00487	0.00504	0.00327	0.00314	0.00532	0.00655	0.00876	0.01737	0.56586	0.02056	0.27955	0.03748	0.00231	0.00288	0.01871	0.00302	0.00279
24	0.01191	0.01443	0.01081	0.00962	0.01089	0.56711	0.00750	0.01281	0.00887	0.00903	0.00544	0.00718	0.00481	0.00474	0.00636	0.00118	0.29859	0.00268	0.00181	0.00422
25	0.68793	0.00862	0.00680	0.00656	0.04946	0.11393	0.00494	0.01174	0.04101	0.01529	0.00573	0.00663	0.00452	0.00361	0.00275	0.00114	0.02060	0.00224	0.00227	0.00422
26	0.00896	0.00854	0.01452	0.03628	0.79226	0.00856	0.01100	0.01115	0.00853	0.01221	0.04688	0.01008	0.00725	0.00352	0.00371	0.00111	0.00429	0.00347	0.00194	0.00574
27	0.00876	0.00865	0.01354	0.23419	0.48382	0.06062	0.04991	0.01096	0.00829	0.01123	0.00703	0.00973	0.00581	0.00352	0.00367	0.00111	0.00467	0.01726	0.00184	0.05538
28	0.00459	0.00326	0.00429	0.00508	0.00528	0.00306	0.00335	0.00519	0.00697	0.00929	0.01976	0.79965	0.02366	0.08032	0.00587	0.00167	0.00227	0.01014	0.00335	0.00295
29	0.00992	0.87178	0.01945	0.00635	0.00953	0.01469	0.00635	0.01111	0.00754	0.00873	0.00516	0.00595	0.00476	0.00318	0.00238	0.00079	0.00397	0.00198	0.00159	0.00476
30	0.00918	0.00692	0.01004	0.00948	0.10771	0.07111	0.14332	0.01092	0.00946	0.18367	0.24220	0.15012	0.01743	0.00608	0.00414	0.00121	0.00355	0.00559	0.00329	0.00459
31	0.01036	0.01035	0.01425	0.01913	0.60807	0.13555	0.04103	0.09332	0.00966	0.01278	0.00701	0.00882	0.00575	0.00349	0.00366	0.00109	0.00479	0.00321	0.00204	0.00565
32	0.00812	0.00812	0.01137	0.00975	0.00975	0.01137	0.00812	0.00893	0.00568	0.00893	0.00487	0.00812	0.00487	0.00650	0.01218	0.00162	0.86276	0.00325	0.00162	0.00406
33	0.00775	0.00738	0.01152	0.59877	0.06567	0.02510	0.06031	0.01162	0.15259	0.01082	0.00814	0.01049	0.00615	0.00389	0.00375	0.00123	0.00468	0.00350	0.00205	0.00458
34	0.00457	0.00328	0.00426	0.00503	0.00528	0.00306	0.00334	0.00519	0.00707	0.00936	0.02077	0.77389	0.06453	0.06448	0.00559	0.00162	0.00223	0.01010	0.00337	0.00297
35	0.00581	0.00431	0.00620	0.00687	0.07425	0.00421	0.04339	0.01882	0.00690	0.02416	0.01506	0.42066	0.01719	0.26498	0.04338	0.02701	0.00335	0.00744	0.00280	0.00320
36	0.00503	0.00370	0.00471	0.00463	0.00545	0.00338	0.00341	0.00651	0.00973	0.01345	0.61794	0.15644	0.13494	0.00843	0.00443	0.00123	0.00183	0.00744	0.00391	0.00338
37	0.01222	0.05605	0.01017	0.00880	0.01056	0.66993	0.00670	0.01325	0.00960	0.00899	0.00643	0.00800	0.00555	0.00788	0.14825	0.00180	0.00712	0.00264	0.00191	0.00416
38	0.04846	0.00867	0.01222	0.13347	0.38196	0.00939	0.00912	0.19791	0.13456	0.01500	0.00850	0.00978	0.00658	0.00389	0.00364	0.00115	0.00412	0.00339	0.00254	0.00565
39	0.00489	0.00344	0.00454	0.00527	0.00556	0.00328	0.00367	0.00559	0.00713	0.00948	0.03221	0.61416	0.02260	0.11621	0.00668	0.01639	0.00253	0.13013	0.00328	0.00297
40	0.05437	0.03417	0.01108	0.06732	0.12219	0.11981	0.00745	0.36466	0.09541	0.05862	0.00867	0.00916	0.00644	0.00412	0.00355	0.00110	0.00428	0.00319	0.00299	0.02142
41	0.00998	0.78663	0.06235	0.00672	0.00996	0.05439	0.00677	0.01132	0.00770	0.00891	0.00527	0.00609	0.00476	0.00322	0.00249	0.00082	0.00418	0.00204	0.00160	0.00478
42	0.00509	0.00385	0.00476	0.00484	0.00580	0.00352	0.00378	0.00652	0.00930	0.01234	0.38571	0.07539	0.28518	0.00889	0.00455	0.00132	0.00214	0.16995	0.00372	0.00335
43	0.00755	0.10708	0.72198	0.00980	0.01484	0.00898	0.01241	0.01137	0.00784	0.01136	0.00804	0.00902	0.04635	0.00378	0.00345	0.00114	0.00515	0.00292	0.00166	0.00529
44	0.00860	0.00977	0.11721	0.19712	0.53740	0.02360	0.01125	0.01128	0.02692	0.01155	0.00702	0.00923	0.00564	0.00347	0.00366	0.00114	0.00466	0.00324	0.00181	0.00543
45	0.00529	0.00385	0.00535	0.00537	0.00585	0.00429	0.00391	0.00623	0.00588	0.00827	0.01124	0.03259	0.02954	0.26122	0.58842	0.00512	0.00786	0.00457	0.00212	0.00301
46	0.43446	0.00824	0.00694	0.00612	0.00820	0.12560	0.01731	0.03371	0.10007	0.08126	0.05457	0.03317	0.00808	0.00430	0.00299	0.00113	0.00336	0.00311	0.06296	0.00443
47	0.02221	0.08542	0.06540	0.03068	0.00971	0.04136	0.00611	0.22282	0.08697	0.10641	0.08850	0.07677	0.06128	0.01466	0.00389	0.00118	0.00347	0.02933	0.03885	0.00498

[dist]
# distance from previous block
# <min> <max>
1	6

[block]
# block no. 5 follows, 74 sequences, length 24
# corresponding to MSA columns:
# 199-222
name=unknown_F
#
# <colnr> <probs for GDERKNQSTAVLIFYWHMCP>
#	G	D	E	R	K	N	Q	S	T	A	V	L	I	F	Y	W	H	M	C	P
0	0.01137	0.12234	0.10001	0.00877	0.03081	0.21225	0.02942	0.20374	0.08189	0.03938	0.01620	0.00851	0.00625	0.00393	0.00351	0.00101	0.01884	0.00290	0.00254	0.09632
1	0.04108	0.18735	0.12562	0.00776	0.01813	0.03511	0.00710	0.17427	0.25112	0.03083	0.06006	0.01090	0.01765	0.00440	0.00341	0.00109	0.00376	0.00340	0.00290	0.01403
2	0.02364	0.06645	0.59158	0.01002	0.02374	0.00917	0.04178	0.03385	0.14075	0.01257	0.00799	0.00878	0.00584	0.00375	0.00352	0.00117	0.00493	0.00300	0.00200	0.00549
3	0.00577	0.00390	0.00464	0.00457	0.00479	0.00402	0.00288	0.03605	0.00597	0.00804	0.01133	0.02234	0.01257	0.66573	0.12356	0.04714	0.00440	0.02748	0.00227	0.00253
4	0.00800	0.00838	0.08538	0.08089	0.22004	0.02947	0.10009	0.03219	0.03365	0.03373	0.20792	0.01500	0.05382	0.00502	0.00459	0.00120	0.06888	0.00442	0.00258	0.00475
5	0.00824	0.01700	0.69332	0.01040	0.03937	0.00825	0.02387	0.02526	0.00820	0.06656	0.00724	0.00823	0.00512	0.00355	0.00351	0.00113	0.00512	0.00282	0.00185	0.06098
6	0.00770	0.00660	0.00770	0.00550	0.00880	0.00495	0.00440	0.00935	0.00770	0.01210	0.00660	0.00770	0.00550	0.00275	0.00275	0.00055	0.00275	0.00220	0.00220	0.89224
7	0.00844	0.02804	0.34559	0.01120	0.16875	0.02249	0.01896	0.01162	0.04828	0.07797	0.12533	0.02537	0.01022	0.00442	0.00402	0.00115	0.03829	0.00367	0.00238	0.04381
8	0.00537	0.00466	0.03396	0.00573	0.02573	0.00408	0.02860	0.00708	0.04943	0.01140	0.23825	0.26083	0.19491	0.07666	0.00558	0.00150	0.00248	0.03691	0.00339	0.00347
9	0.00792	0.00989	0.20624	0.00752	0.04088	0.03082	0.00698	0.01039	0.02702	0.02181	0.00702	0.00822	0.00563	0.00402	0.03563	0.00096	0.00385	0.00251	0.00209	0.56062
10	0.02286	0.08231	0.25585	0.00980	0.13371	0.03584	0.00846	0.02620	0.02358	0.01197	0.00670	0.00789	0.00534	0.00321	0.00313	0.00088	0.00405	0.00256	0.00196	0.35370
11	0.00565	0.00408	0.00498	0.00470	0.00528	0.00392	0.01424	0.00613	0.00603	0.00829	0.01222	0.06816	0.03395	0.57714	0.09974	0.00322	0.00405	0.02817	0.00234	0.10770
12	0.00786	0.00806	0.09132	0.01907	0.17692	0.01492	0.13747	0.01059	0.06604	0.05300	0.20614	0.01627	0.06820	0.04074	0.00486	0.00127	0.03125	0.00463	0.00274	0.03867
13	0.01063	0.02200	0.22061	0.00840	0.02753	0.03011	0.00800	0.31151	0.02258	0.05557	0.00792	0.00847	0.00583	0.00373	0.00338	0.00097	0.00409	0.00287	0.00271	0.24309
14	0.00936	0.00807	0.01010	0.05341	0.01105	0.00946	0.05948	0.16946	0.34400	0.01452	0.01132	0.02651	0.02536	0.02792	0.04212	0.00156	0.16410	0.00402	0.00300	0.00517
15	0.32789	0.18970	0.14685	0.00752	0.04209	0.03048	0.00694	0.13644	0.01849	0.01466	0.00624	0.00705	0.00488	0.00355	0.00285	0.00104	0.00385	0.00242	0.00223	0.04483
16	0.00718	0.02069	0.05475	0.00691	0.00805	0.00680	0.00576	0.08288	0.03255	0.03373	0.04234	0.03916	0.03996	0.07918	0.36542	0.00346	0.16063	0.00423	0.00237	0.00394
17	0.00459	0.00332	0.00437	0.00514	0.00546	0.00306	0.00345	0.00527	0.00715	0.00955	0.02052	0.82808	0.04273	0.01137	0.00468	0.00148	0.00216	0.01029	0.00342	0.02388
18	0.00883	0.09814	0.01460	0.24788	0.40661	0.04832	0.07218	0.01107	0.01740	0.01086	0.00671	0.00902	0.00548	0.00351	0.00378	0.00113	0.02437	0.00322	0.00178	0.00510
19	0.01316	0.03721	0.01138	0.00901	0.04148	0.07153	0.02844	0.64623	0.01530	0.02014	0.00831	0.00885	0.00613	0.00483	0.00434	0.05710	0.00428	0.00325	0.00327	0.00577
20	0.00645	0.00322	0.00484	0.00484	0.00484	0.00322	0.00322	0.00484	0.00484	0.00645	0.00645	0.01128	0.00645	0.01289	0.01451	0.89201	0.00322	0.00322	0.00161	0.00161
21	0.00452	0.00325	0.00428	0.00511	0.00537	0.00302	0.00342	0.00518	0.00716	0.00950	0.02119	0.83162	0.05958	0.01153	0.00472	0.00150	0.00214	0.01044	0.00345	0.00302
22	0.00787	0.00771	0.03698	0.01148	0.06031	0.00711	0.39062	0.02183	0.05761	0.05016	0.03396	0.24815	0.01258	0.00602	0.00436	0.00132	0.00443	0.03028	0.00267	0.00456
23	0.01014	0.77808	0.04684	0.00674	0.00990	0.07831	0.00666	0.01142	0.00778	0.00886	0.00525	0.00607	0.00476	0.00324	0.00249	0.00082	0.00423	0.00204	0.00161	0.00475

[dist]
# distance from previous block
# <min> <max>
0	2

[block]
# block no. 6 follows, 74 sequences, length 10
# corresponding to MSA columns:
# 225-234
name=unknown_G
#
# <colnr> <probs for GDERKNQSTAVLIFYWHMCP>
#	G	D	E	R	K	N	Q	S	T	A	V	L	I	F	Y	W	H	M	C	P
0	0.61938	0.00723	0.00618	0.00540	0.00759	0.03526	0.00437	0.06800	0.00792	0.09336	0.05346	0.03757	0.00725	0.00417	0.00277	0.00114	0.00299	0.00287	0.02876	0.00432
1	0.00705	0.00657	0.01100	0.74028	0.08424	0.00796	0.00992	0.00945	0.00771	0.01005	0.06442	0.01107	0.00709	0.00395	0.00375	0.00122	0.00469	0.00353	0.00183	0.00421
2	0.00959	0.75644	0.13186	0.00692	0.01041	0.01387	0.00735	0.01120	0.00758	0.00914	0.00536	0.00621	0.00476	0.00322	0.00254	0.00085	0.00417	0.00209	0.00159	0.00486
3	0.00876	0.01001	0.02190	0.01564	0.01940	0.00939	0.83292	0.01189	0.00876	0.01189	0.00751	0.01001	0.00563	0.00313	0.00438	0.00125	0.00626	0.00438	0.00188	0.00501
4	0.00570	0.00377	0.00457	0.00459	0.00496	0.00374	0.00301	0.00617	0.00635	0.04005	0.04335	0.08612	0.07578	0.54116	0.11022	0.00327	0.00400	0.04784	0.00261	0.00275
5	0.02403	0.00436	0.00534	0.00509	0.00617	0.00415	0.00383	0.04841	0.02476	0.07525	0.38228	0.16871	0.14235	0.04521	0.00497	0.00136	0.00226	0.04401	0.00376	0.00371
6	0.00521	0.00386	0.00491	0.00548	0.00605	0.00377	0.00399	0.00688	0.07223	0.01060	0.08309	0.52135	0.07535	0.03533	0.00509	0.00154	0.00242	0.14604	0.00348	0.00333
7	0.00886	0.00962	0.05634	0.01162	0.01367	0.03939	0.31641	0.08302	0.00817	0.01144	0.00668	0.00928	0.00558	0.00629	0.06591	0.00169	0.33578	0.00368	0.00194	0.00464
8	0.00825	0.06442	0.01023	0.05901	0.21999	0.07149	0.02139	0.05207	0.03237	0.02108	0.03255	0.01623	0.06561	0.14801	0.05938	0.00188	0.05003	0.05935	0.00234	0.00434
9	0.26566	0.22640	0.03010	0.00734	0.00990	0.16122	0.02543	0.14483	0.00935	0.03617	0.00620	0.00701	0.00495	0.00379	0.00335	0.00105	0.04778	0.00247	0.00228	0.00475

[dist]
# distance from previous block
# <min> <max>
0	2

[block]
# block no. 7 follows, 74 sequences, length 10
# corresponding to MSA columns:
# 237-246
name=unknown_H
#
# <colnr> <probs for GDERKNQSTAVLIFYWHMCP>
#	G	D	E	R	K	N	Q	S	T	A	V	L	I	F	Y	W	H	M	C	P
0	0.00922	0.35119	0.30394	0.00937	0.04222	0.10761	0.06942	0.01166	0.00823	0.01042	0.04061	0.00800	0.00610	0.00355	0.00316	0.00100	0.00489	0.00271	0.00175	0.00496
1	0.00798	0.08439	0.05837	0.00773	0.05546	0.01913	0.00615	0.08682	0.23689	0.01317	0.05596	0.13832	0.07527	0.00679	0.00404	0.00129	0.00325	0.13111	0.00320	0.00467
2	0.00842	0.00630	0.00710	0.00628	0.00797	0.00672	0.00487	0.11733	0.31931	0.06228	0.27794	0.04918	0.07743	0.02655	0.00439	0.00127	0.00263	0.00536	0.00384	0.00483
3	0.44620	0.00763	0.00822	0.03848	0.00978	0.00851	0.07155	0.09338	0.17264	0.05582	0.00891	0.04899	0.00706	0.00428	0.00313	0.00120	0.00333	0.00329	0.00283	0.00476
4	0.00535	0.00379	0.00473	0.00462	0.00554	0.00342	0.00341	0.00675	0.00956	0.04165	0.51919	0.15485	0.20639	0.00848	0.00441	0.00124	0.00189	0.00743	0.00387	0.00345
5	0.00676	0.00478	0.00549	0.00530	0.00598	0.05431	0.00379	0.00763	0.00701	0.07288	0.09611	0.03750	0.01391	0.33648	0.26581	0.00352	0.00537	0.03050	0.03364	0.00322
6	0.00635	0.00327	0.00485	0.00485	0.00488	0.00330	0.00324	0.00493	0.00491	0.00657	0.00682	0.01197	0.00686	0.04969	0.05013	0.81713	0.00352	0.00335	0.00165	0.00171
7	0.01213	0.01411	0.00957	0.00867	0.01041	0.59401	0.00659	0.09423	0.01031	0.01042	0.00724	0.00958	0.00632	0.03559	0.13173	0.00183	0.00674	0.02410	0.00215	0.00426
8	0.01000	0.02813	0.01314	0.16083	0.31505	0.08596	0.07532	0.15004	0.07991	0.01352	0.00793	0.00953	0.00619	0.00377	0.00367	0.00113	0.00461	0.00336	0.02255	0.00536
9	0.05096	0.00895	0.01214	0.10576	0.40114	0.11682	0.03499	0.01145	0.02341	0.04944	0.00864	0.04349	0.00769	0.00450	0.00409	0.00119	0.03873	0.06940	0.00219	0.00502

[dist]
# distance from previous block
# <min> <max>
4	8

[block]
# block no. 8 follows, 74 sequences, length 10
# corresponding to MSA columns:
# 255-264
name=unknown_I
#
# <colnr> <probs for GDERKNQSTAVLIFYWHMCP>
#	G	D	E	R	K	N	Q	S	T	A	V	L	I	F	Y	W	H	M	C	P
0	0.00708	0.00621	0.10515	0.00682	0.06287	0.00464	0.00542	0.00893	0.00940	0.11252	0.40948	0.13952	0.05610	0.00694	0.00413	0.00119	0.00262	0.00608	0.02037	0.02452
1	0.02315	0.02995	0.00571	0.00486	0.00628	0.02755	0.00376	0.00880	0.02647	0.13984	0.32883	0.02569	0.29029	0.03506	0.00457	0.00125	0.00231	0.00611	0.02561	0.00389
2	0.09419	0.03696	0.46880	0.00793	0.01167	0.00723	0.00919	0.01090	0.00789	0.06760	0.05620	0.01146	0.03491	0.05176	0.00420	0.00125	0.00418	0.00332	0.09175	0.01859
3	0.01003	0.12088	0.01055	0.02723	0.08306	0.11335	0.00607	0.09435	0.03426	0.07167	0.06280	0.00950	0.00780	0.00370	0.00318	0.00086	0.00370	0.00290	0.00253	0.33157
4	0.00746	0.00739	0.01041	0.69151	0.02218	0.09314	0.00932	0.00960	0.00770	0.00944	0.00786	0.09300	0.00684	0.00449	0.00377	0.00124	0.00485	0.00391	0.00185	0.00403
5	0.00957	0.05770	0.12314	0.04215	0.18868	0.11531	0.04513	0.08527	0.03693	0.05171	0.03367	0.02437	0.00755	0.00633	0.08641	0.00155	0.00508	0.01340	0.00231	0.06375
6	0.15804	0.01104	0.01202	0.11071	0.13247	0.27404	0.13471	0.01211	0.00848	0.02991	0.00647	0.00843	0.00526	0.02277	0.00432	0.00119	0.05848	0.00302	0.00198	0.00455
7	0.00600	0.00340	0.00474	0.00481	0.00496	0.00336	0.00325	0.00532	0.00584	0.00786	0.09057	0.07344	0.01247	0.16142	0.01312	0.54258	0.00309	0.04949	0.00218	0.00210
8	0.00988	0.00786	0.00852	0.00727	0.00938	0.00877	0.00575	0.25648	0.43372	0.01771	0.17767	0.01515	0.01455	0.00537	0.00388	0.00120	0.00304	0.00444	0.00382	0.00553
9	0.01061	0.12816	0.29270	0.00916	0.01280	0.11521	0.03339	0.23566	0.10130	0.01459	0.00790	0.00845	0.00591	0.00392	0.00346	0.00109	0.00480	0.00297	0.00244	0.00550

[dist]
# distance from previous block
# <min> <max>
0	1

[block]
# block no. 9 follows, 74 sequences, length 29
# corresponding to MSA columns:
# 266-294
name=unknown_J
#
# <colnr> <probs for GDERKNQSTAVLIFYWHMCP>
#	G	D	E	R	K	N	Q	S	T	A	V	L	I	F	Y	W	H	M	C	P
0	0.12758	0.02589	0.01004	0.00975	0.13105	0.13141	0.02973	0.08729	0.18435	0.16954	0.01032	0.04128	0.00792	0.00443	0.00360	0.00115	0.01271	0.00354	0.00305	0.00536
1	0.00656	0.00544	0.00676	0.00593	0.00736	0.02985	0.03384	0.02112	0.06259	0.01013	0.02750	0.01598	0.06108	0.17987	0.31343	0.00324	0.00571	0.00413	0.00236	0.19711
2	0.00762	0.00474	0.00597	0.00537	0.00689	0.00430	0.00419	0.00965	0.05805	0.15857	0.35796	0.08428	0.11158	0.00715	0.00416	0.00119	0.00234	0.07169	0.00380	0.09050
3	0.00877	0.00847	0.02927	0.25087	0.48386	0.02834	0.04694	0.02894	0.00837	0.02843	0.00717	0.00959	0.00576	0.00436	0.03418	0.00132	0.00488	0.00335	0.00189	0.00524
4	0.00566	0.00352	0.00430	0.00430	0.00431	0.00353	0.00256	0.00529	0.00527	0.00705	0.01034	0.02079	0.01163	0.63337	0.04049	0.22490	0.00368	0.00482	0.00208	0.00212
5	0.01358	0.01013	0.01084	0.00843	0.01131	0.01126	0.00693	0.74557	0.10676	0.02254	0.00958	0.00945	0.00686	0.00452	0.00372	0.00113	0.00396	0.00343	0.00372	0.00626
6	0.01063	0.00860	0.00965	0.00739	0.01076	0.00697	0.00568	0.09523	0.01017	0.01538	0.00911	0.01094	0.00772	0.00445	0.00385	0.00104	0.00369	0.00309	0.00312	0.77252
7	0.00875	0.00865	0.01253	0.06729	0.49048	0.09027	0.04086	0.01085	0.03797	0.01113	0.00882	0.10548	0.00834	0.04866	0.00485	0.00130	0.03244	0.00420	0.00210	0.00502
8	0.89577	0.00718	0.00546	0.00488	0.00718	0.00833	0.00402	0.01091	0.00632	0.01665	0.00517	0.00603	0.00402	0.00345	0.00230	0.00115	0.00287	0.00201	0.00230	0.00402
9	0.01084	0.00889	0.01002	0.00862	0.03376	0.00999	0.03878	0.29101	0.50976	0.01792	0.01252	0.01192	0.00928	0.00472	0.00378	0.00121	0.00349	0.00389	0.00363	0.00599
10	0.00530	0.00390	0.00562	0.00564	0.00619	0.00443	0.00423	0.00639	0.00591	0.00842	0.01052	0.04064	0.01038	0.15899	0.69966	0.00547	0.00873	0.00439	0.00207	0.00314
11	0.00491	0.00339	0.00451	0.00525	0.00557	0.00318	0.00361	0.00565	0.00731	0.02592	0.04537	0.73970	0.02396	0.04260	0.00525	0.00158	0.00230	0.06341	0.00344	0.00309
12	0.00577	0.00374	0.00432	0.00427	0.00472	0.00356	0.00272	0.00623	0.00676	0.05158	0.08330	0.09956	0.14433	0.52357	0.01301	0.00266	0.00298	0.00619	0.02793	0.00280
13	0.01370	0.01019	0.01091	0.00846	0.01135	0.01132	0.00696	0.76545	0.08669	0.02273	0.00943	0.00933	0.00674	0.00450	0.00372	0.00113	0.00399	0.00341	0.00372	0.00628
14	0.00528	0.00396	0.00500	0.00524	0.00599	0.00393	0.00398	0.00669	0.03737	0.01017	0.09295	0.15115	0.19838	0.12541	0.15780	0.00252	0.00392	0.17394	0.00309	0.00322
15	0.00776	0.00754	0.01050	0.00909	0.00913	0.01040	0.00747	0.00853	0.00568	0.00878	0.00568	0.00975	0.00579	0.07717	0.05571	0.00200	0.74998	0.00346	0.00169	0.00388
16	0.00875	0.10780	0.04292	0.07101	0.14112	0.08566	0.01845	0.01127	0.07739	0.01150	0.02882	0.01662	0.00675	0.00356	0.00336	0.00089	0.02128	0.00287	0.00216	0.33783
17	0.02243	0.09319	0.01867	0.02878	0.01632	0.02997	0.58728	0.01111	0.00831	0.01119	0.00780	0.04138	0.00657	0.04771	0.00490	0.00130	0.01652	0.00422	0.00194	0.04044
18	0.80933	0.00713	0.00585	0.00522	0.00732	0.00839	0.00430	0.01064	0.00627	0.01589	0.00531	0.00645	0.00425	0.00447	0.03211	0.00134	0.05732	0.00216	0.00224	0.00400
19	0.00640	0.00407	0.00512	0.00471	0.00589	0.00364	0.00359	0.00792	0.01002	0.11171	0.56097	0.04386	0.20253	0.00770	0.00431	0.00119	0.00195	0.00667	0.00400	0.00375
20	0.00948	0.00846	0.01578	0.01324	0.12000	0.00827	0.41954	0.02765	0.07460	0.11144	0.06475	0.01306	0.00920	0.00425	0.00445	0.00124	0.03615	0.04040	0.01290	0.00514
21	0.01203	0.00728	0.00843	0.00693	0.00916	0.00750	0.00556	0.36074	0.03697	0.23474	0.02952	0.14259	0.05278	0.00602	0.00390	0.00120	0.00325	0.02312	0.04285	0.00540
22	0.00690	0.00418	0.00541	0.00529	0.00539	0.04702	0.00364	0.00553	0.00516	0.00669	0.00634	0.01091	0.00629	0.01215	0.01383	0.80714	0.04144	0.00318	0.00163	0.00186
23	0.83219	0.00723	0.00575	0.00506	0.00740	0.00829	0.00417	0.03426	0.00682	0.05368	0.00569	0.00640	0.00431	0.00352	0.00240	0.00115	0.00292	0.00212	0.00244	0.00419
24	0.87287	0.00716	0.00560	0.02693	0.00765	0.00832	0.00418	0.01087	0.00635	0.01647	0.00521	0.00613	0.00404	0.00345	0.00233	0.00115	0.00292	0.00204	0.00228	0.00402
25	0.01075	0.09078	0.10660	0.04171	0.06803	0.00759	0.01471	0.09989	0.01708	0.20800	0.00870	0.00909	0.00634	0.00359	0.00326	0.00092	0.00365	0.00288	0.00275	0.29366
26	0.03663	0.21062	0.11391	0.01184	0.17952	0.12323	0.08266	0.10454	0.03320	0.01219	0.00668	0.00797	0.00541	0.00372	0.00382	0.00107	0.05288	0.00290	0.00203	0.00518
27	0.00544	0.00364	0.00433	0.00446	0.00457	0.00365	0.00277	0.00562	0.00579	0.00771	0.01268	0.06838	0.01446	0.68857	0.03936	0.03518	0.00367	0.08492	0.00239	0.00241
28	0.03758	0.23079	0.25707	0.01074	0.11417	0.03150	0.09288	0.05339	0.00862	0.06442	0.03141	0.00861	0.00619	0.00371	0.00364	0.00108	0.03396	0.00298	0.00204	0.00521

[dist]
# distance from previous block
# <min> <max>
0	1

[block]
# block no. 10 follows, 74 sequences, length 31
# corresponding to MSA columns:
# 296-326
name=unknown_K
#
# <colnr> <probs for GDERKNQSTAVLIFYWHMCP>
#	G	D	E	R	K	N	Q	S	T	A	V	L	I	F	Y	W	H	M	C	P
0	0.00849	0.00767	0.02769	0.44554	0.04228	0.03807	0.00827	0.17558	0.00957	0.01252	0.00932	0.06250	0.04108	0.03355	0.00423	0.00125	0.00435	0.00389	0.00232	0.06184
1	0.00490	0.00380	0.00465	0.00522	0.02154	0.00352	0.00367	0.00619	0.03915	0.01042	0.08206	0.43151	0.28986	0.01012	0.00457	0.00140	0.00220	0.06845	0.00347	0.00328
2	0.08125	0.01990	0.02052	0.20949	0.23536	0.08346	0.01778	0.07648	0.05085	0.06251	0.00789	0.00995	0.00623	0.00408	0.00408	0.00117	0.05848	0.01924	0.02630	0.00499
3	0.00773	0.07870	0.01300	0.59716	0.17905	0.00893	0.04382	0.01008	0.00768	0.01002	0.00659	0.00944	0.00514	0.00357	0.00362	0.00118	0.00482	0.00324	0.00169	0.00454
4	0.00546	0.00375	0.00444	0.00439	0.00446	0.00391	0.00265	0.00562	0.00546	0.00739	0.01134	0.02286	0.01283	0.75956	0.10600	0.00380	0.02627	0.00519	0.00221	0.00241
5	0.00719	0.00515	0.00673	0.00594	0.00713	0.00524	0.02671	0.05567	0.00788	0.08029	0.07920	0.08073	0.10254	0.17785	0.16290	0.00253	0.07535	0.01565	0.00279	0.09253
6	0.00814	0.00817	0.01166	0.00991	0.01001	0.01131	0.03115	0.00902	0.00577	0.00902	0.00495	0.00817	0.00489	0.00640	0.01196	0.00161	0.83885	0.00328	0.00163	0.00409
7	0.00825	0.00771	0.00897	0.00783	0.07834	0.08232	0.03529	0.01925	0.00783	0.01130	0.00702	0.00931	0.00617	0.06560	0.03940	0.00116	0.04686	0.00275	0.00212	0.55253
8	0.13121	0.15261	0.05685	0.01040	0.02452	0.26391	0.25183	0.04611	0.00906	0.01165	0.00628	0.00765	0.00500	0.00347	0.00338	0.00106	0.00540	0.00293	0.00196	0.00471
9	0.00686	0.00434	0.00560	0.00507	0.00625	0.00406	0.00387	0.00907	0.05743	0.11582	0.69714	0.02512	0.03056	0.00708	0.00427	0.00117	0.00199	0.00621	0.00413	0.00398
10	0.00805	0.00777	0.05365	0.44682	0.21035	0.00805	0.03287	0.04243	0.02660	0.04249	0.00986	0.01192	0.07498	0.00415	0.00377	0.00120	0.00449	0.00372	0.00208	0.00474
11	0.00821	0.00531	0.00699	0.04063	0.07722	0.02279	0.00521	0.01030	0.09413	0.18054	0.01668	0.41263	0.03279	0.00889	0.03618	0.00152	0.00315	0.02910	0.00342	0.00431
12	0.00660	0.00466	0.00537	0.00504	0.00629	0.00448	0.00382	0.10749	0.00933	0.06182	0.10399	0.15507	0.35635	0.04527	0.07521	0.00174	0.00301	0.01774	0.02300	0.00372
13	0.01083	0.47740	0.01681	0.04011	0.01172	0.01250	0.10601	0.17664	0.00978	0.06077	0.00679	0.00766	0.00545	0.00367	0.00342	0.00098	0.03937	0.00275	0.00223	0.00514
14	0.00519	0.00371	0.00431	0.00426	0.00476	0.00351	0.00283	0.00590	0.00747	0.00994	0.24100	0.02802	0.17863	0.44283	0.01173	0.00243	0.00277	0.03493	0.00301	0.00280
15	0.01411	0.01040	0.01114	0.00854	0.01151	0.01151	0.00706	0.83402	0.01745	0.02339	0.00891	0.00891	0.00631	0.00446	0.00371	0.00111	0.00408	0.00334	0.00371	0.00631
16	0.00871	0.00769	0.00823	0.00633	0.02674	0.07554	0.00490	0.03909	0.00837	0.03482	0.00683	0.00782	0.00557	0.00296	0.00288	0.00063	0.00317	0.00232	0.00229	0.74512
17	0.01124	0.11593	0.01042	0.00819	0.02835	0.33237	0.00632	0.07857	0.25992	0.01262	0.00938	0.00968	0.00735	0.00420	0.00332	0.00103	0.00450	0.00308	0.08859	0.00494
18	0.03194	0.01851	0.75811	0.01031	0.01545	0.05028	0.01291	0.03947	0.00825	0.01215	0.00665	0.00777	0.00474	0.00357	0.00349	0.00116	0.00543	0.00273	0.00168	0.00542
19	0.00963	0.00955	0.01409	0.09147	0.65253	0.09204	0.01068	0.04240	0.00887	0.01198	0.00687	0.00898	0.00570	0.00348	0.00376	0.00111	0.01617	0.00322	0.00190	0.00557
20	0.00533	0.00389	0.00551	0.00551	0.00601	0.00439	0.00407	0.00633	0.00583	0.00828	0.01036	0.01690	0.01029	0.22917	0.65489	0.00540	0.00842	0.00432	0.00205	0.00306
21	0.00476	0.00340	0.00458	0.00544	0.00575	0.00322	0.00385	0.00557	0.00734	0.00974	0.02033	0.73499	0.02404	0.01141	0.00480	0.00154	0.00236	0.14039	0.00344	0.00308
22	0.00521	0.00378	0.00484	0.00458	0.00544	0.00348	0.00340	0.00682	0.01012	0.01420	0.75216	0.02806	0.08466	0.05092	0.00511	0.00129	0.00185	0.00672	0.00395	0.00342
23	0.00959	0.00815	0.00859	0.00763	0.00979	0.00940	0.00596	0.07943	0.77940	0.01610	0.01465	0.01349	0.01096	0.00499	0.00377	0.00125	0.00302	0.00413	0.00377	0.00591
24	0.00560	0.00357	0.00458	0.00487	0.00517	0.00348	0.00319	0.00599	0.00647	0.05053	0.01553	0.41310	0.01777	0.32681	0.07320	0.04356	0.00336	0.00750	0.00287	0.00286
25	0.01411	0.01040	0.01114	0.00854	0.01151	0.01151	0.00706	0.83402	0.01745	0.02339	0.00891	0.00891	0.00631	0.00446	0.00371	0.00111	0.00408	0.00334	0.00371	0.00631
26	0.00924	0.05935	0.00912	0.04914	0.01015	0.05105	0.00541	0.10814	0.02658	0.05006	0.00778	0.00947	0.00639	0.00350	0.00308	0.00077	0.00335	0.03441	0.00249	0.55052
27	0.00901	0.14767	0.27370	0.00833	0.01158	0.07437	0.03493	0.10445	0.11855	0.02195	0.06118	0.05909	0.05003	0.00478	0.00358	0.00113	0.00426	0.00385	0.00252	0.00504
28	0.02611	0.00654	0.00758	0.00548	0.00869	0.00498	0.00437	0.00929	0.00766	0.01213	0.00687	0.02662	0.00589	0.00296	0.00278	0.00058	0.00274	0.00238	0.00223	0.85414
29	0.00440	0.00370	0.00382	0.00392	0.00506	0.00312	0.00289	0.00531	0.00830	0.00996	0.03563	0.13145	0.75044	0.00966	0.00443	0.00128	0.00191	0.00815	0.00345	0.00312
30	0.04580	0.02725	0.09267	0.00888	0.05608	0.09557	0.08259	0.13641	0.10483	0.05004	0.14495	0.01434	0.04090	0.00492	0.00377	0.00114	0.00394	0.03352	0.00295	0.04945

[dist]
# distance from previous block
# <min> <max>
1	12

[block]
# block no. 11 follows, 74 sequences, length 33
# corresponding to MSA columns:
# 339-371
name=unknown_L
#
# <colnr> <probs for GDERKNQSTAVLIFYWHMCP>
#	G	D	E	R	K	N	Q	S	T	A	V	L	I	F	Y	W	H	M	C	P
0	0.02133	0.24011	0.13674	0.00927	0.07085	0.06270	0.06760	0.12714	0.02327	0.07210	0.02174	0.00954	0.01325	0.02699	0.06538	0.00147	0.02003	0.00312	0.00231	0.00506
1	0.07129	0.00488	0.00532	0.00489	0.00582	0.00516	0.00350	0.11566	0.03331	0.01222	0.06855	0.01790	0.03511	0.31852	0.06935	0.04216	0.00348	0.00443	0.17504	0.00341
2	0.00740	0.00622	0.00733	0.00553	0.00843	0.00479	0.00440	0.00896	0.00765	0.01175	0.00810	0.03245	0.00746	0.03990	0.00365	0.00079	0.00282	0.06173	0.00232	0.76833
3	0.00540	0.00360	0.00405	0.00405	0.00405	0.00360	0.00225	0.00540	0.00540	0.00720	0.01170	0.02429	0.01349	0.86955	0.01889	0.00360	0.00360	0.00540	0.00225	0.00225
4	0.37340	0.07024	0.00891	0.00808	0.10464	0.00912	0.00578	0.09629	0.20475	0.01562	0.00852	0.02849	0.00678	0.00405	0.00303	0.00112	0.00324	0.00301	0.00271	0.04221
5	0.00878	0.00927	0.12296	0.01051	0.17916	0.03742	0.04919	0.02480	0.05931	0.05978	0.02079	0.03065	0.01986	0.00369	0.00338	0.00093	0.00378	0.00320	0.00235	0.35018
6	0.00887	0.04077	0.40766	0.05155	0.19310	0.00881	0.05813	0.03357	0.08460	0.06564	0.00807	0.00917	0.00595	0.00368	0.00362	0.00116	0.00481	0.00317	0.00210	0.00557
7	0.01291	0.24585	0.01321	0.00824	0.01096	0.25712	0.00690	0.37330	0.01275	0.01527	0.00697	0.00747	0.00545	0.00393	0.00325	0.00098	0.00481	0.00270	0.00261	0.00531
8	0.00819	0.05525	0.38540	0.02704	0.01283	0.08439	0.07704	0.01103	0.00853	0.05871	0.12558	0.01236	0.03644	0.00632	0.07346	0.00154	0.00517	0.00370	0.00224	0.00479
9	0.85876	0.00762	0.00567	0.00508	0.00736	0.04385	0.00415	0.01108	0.00649	0.01634	0.00519	0.00606	0.00405	0.00346	0.00234	0.00114	0.00303	0.00203	0.00228	0.00403
10	0.00898	0.00940	0.01181	0.01166	0.13405	0.11435	0.00849	0.01002	0.00669	0.00943	0.00529	0.00810	0.00501	0.00570	0.00984	0.00146	0.63052	0.00315	0.00169	0.00436
11	0.00959	0.01012	0.01777	0.03561	0.26887	0.07054	0.42872	0.07124	0.00933	0.01247	0.00725	0.00940	0.00566	0.00341	0.00419	0.00118	0.02358	0.00379	0.00199	0.00527
12	0.00453	0.00345	0.00417	0.00466	0.00527	0.00309	0.00324	0.00536	0.00782	0.01007	0.08915	0.52564	0.29900	0.01058	0.00459	0.00140	0.00203	0.00935	0.00349	0.00309
