[name]
unknown

[dist]
# distance from previous block
# <min> <max>
0	127

[block]
# block no. 0 follows, 67 sequences, length 191
# corresponding to MSA columns:
# 131-321
name=unknown_A
#
# <colnr> <probs for GDERKNQSTAVLIFYWHMCP>
#	G	D	E	R	K	N	Q	S	T	A	V	L	I	F	Y	W	H	M	C	P
0	0.01975	0.00955	0.01358	0.25854	0.34751	0.09574	0.04684	0.03164	0.05001	0.01233	0.00833	0.01157	0.00691	0.01708	0.00425	0.00128	0.00508	0.03188	0.00217	0.02597
1	0.01379	0.01704	0.04962	0.01024	0.01252	0.61739	0.02407	0.06511	0.09072	0.01162	0.00743	0.00833	0.00597	0.00441	0.00416	0.00113	0.04614	0.00294	0.00235	0.00501
2	0.01072	0.01092	0.08959	0.06405	0.01627	0.01037	0.29531	0.18689	0.22827	0.02955	0.01059	0.01149	0.00780	0.00434	0.00427	0.00131	0.00509	0.00420	0.00300	0.00597
3	0.00560	0.00405	0.00503	0.00481	0.00562	0.00376	0.00344	0.00704	0.01005	0.01391	0.58772	0.03019	0.12009	0.17232	0.00775	0.00178	0.00229	0.00711	0.00396	0.00348
4	0.01235	0.07998	0.07776	0.02050	0.09762	0.06004	0.07399	0.14288	0.16495	0.17728	0.04408	0.01188	0.00920	0.00461	0.00396	0.00122	0.00440	0.00387	0.00334	0.00608
5	0.00505	0.00381	0.00467	0.00501	0.00575	0.00343	0.00355	0.00616	0.00906	0.01195	0.24112	0.40826	0.25612	0.01073	0.00491	0.00145	0.00213	0.00948	0.00391	0.00343
6	0.00983	0.00980	0.01780	0.02302	0.66616	0.00966	0.17896	0.01242	0.00920	0.01305	0.00766	0.01011	0.00630	0.00353	0.00413	0.00122	0.00518	0.00381	0.00199	0.00616
7	0.00530	0.00408	0.00484	0.00465	0.00576	0.00362	0.00349	0.00684	0.01047	0.01398	0.51491	0.03342	0.35616	0.00898	0.00473	0.00130	0.00195	0.00774	0.00414	0.00362
8	0.76617	0.00763	0.00637	0.00553	0.00810	0.00856	0.00456	0.01287	0.00747	0.13215	0.00701	0.00751	0.00512	0.00390	0.00270	0.00124	0.00315	0.00243	0.00283	0.00469
9	0.00498	0.00357	0.00467	0.00551	0.00580	0.00334	0.00371	0.00569	0.00768	0.01018	0.02232	0.74977	0.05971	0.06027	0.00598	0.00175	0.00245	0.03574	0.00365	0.00323
10	0.00500	0.00401	0.00446	0.00447	0.00561	0.00347	0.00331	0.00620	0.00956	0.01212	0.24255	0.12157	0.54377	0.00990	0.00478	0.00136	0.00203	0.00846	0.00390	0.00347
11	0.88738	0.00776	0.00589	0.00527	0.00776	0.00900	0.00434	0.01179	0.00683	0.01799	0.00558	0.00651	0.00434	0.00372	0.00248	0.00124	0.00310	0.00217	0.00248	0.00434
12	0.01098	0.81056	0.02043	0.00707	0.01042	0.06586	0.00692	0.01225	0.00834	0.00946	0.00561	0.00648	0.00515	0.00347	0.00264	0.00087	0.00447	0.00217	0.00174	0.00512
13	0.01679	0.00865	0.05681	0.00787	0.01116	0.00762	0.00680	0.20708	0.01304	0.59986	0.01388	0.01241	0.00892	0.00486	0.00402	0.00123	0.00379	0.00387	0.00456	0.00677
14	0.01004	0.01168	0.02238	0.01622	0.02007	0.09690	0.73491	0.01318	0.00966	0.01253	0.00791	0.01044	0.00599	0.00346	0.00462	0.00132	0.00681	0.00451	0.00203	0.00533
15	0.00534	0.00409	0.00490	0.00469	0.00579	0.00364	0.00352	0.00692	0.01056	0.01420	0.54880	0.03305	0.32213	0.00890	0.00473	0.00129	0.00194	0.00769	0.00417	0.00364
16	0.88738	0.00776	0.00589	0.00527	0.00776	0.00900	0.00434	0.01179	0.00683	0.01799	0.00558	0.00651	0.00434	0.00372	0.00248	0.00124	0.00310	0.00217	0.00248	0.00434
17	0.00993	0.00953	0.01628	0.02462	0.83404	0.00953	0.01231	0.01231	0.00913	0.01310	0.00754	0.00993	0.00635	0.00357	0.00397	0.00119	0.00476	0.00357	0.00199	0.00635
18	0.00998	0.00862	0.00907	0.00816	0.01043	0.00998	0.00635	0.02131	0.82679	0.01678	0.01632	0.01496	0.01224	0.00544	0.00408	0.00136	0.00317	0.00453	0.00408	0.00635
19	0.01492	0.01107	0.01185	0.00916	0.01231	0.01229	0.00754	0.77186	0.06819	0.02476	0.01004	0.00995	0.00715	0.00485	0.00402	0.00121	0.00434	0.00367	0.00402	0.00679
20	0.00489	0.00349	0.00465	0.00558	0.00582	0.00326	0.00372	0.00558	0.00768	0.01024	0.02210	0.85644	0.02653	0.01256	0.00512	0.00163	0.00233	0.01140	0.00372	0.00326
21	0.00646	0.00462	0.00646	0.00739	0.00831	0.00462	0.00646	0.00831	0.00923	0.01200	0.02123	0.04524	0.02308	0.01108	0.00554	0.00185	0.00369	0.80704	0.00369	0.00369
22	0.00605	0.00431	0.00545	0.00520	0.00622	0.00412	0.00397	0.00837	0.04980	0.01570	0.66729	0.02907	0.04818	0.00798	0.00459	0.00127	0.00206	0.05208	0.07439	0.00389
23	0.00993	0.00953	0.01628	0.02462	0.83404	0.00953	0.01231	0.01231	0.00913	0.01310	0.00754	0.00993	0.00635	0.00357	0.00397	0.00119	0.00476	0.00357	0.00199	0.00635
24	0.00573	0.00430	0.00645	0.00645	0.00716	0.00501	0.00501	0.00716	0.00645	0.00931	0.01074	0.01576	0.01003	0.03008	0.84316	0.00645	0.01074	0.00430	0.00215	0.00358
25	0.00613	0.00420	0.00550	0.00512	0.00615	0.00386	0.00386	0.00801	0.01136	0.04603	0.80214	0.02936	0.03682	0.00808	0.00470	0.00126	0.00195	0.00714	0.00443	0.00390
26	0.01013	0.01735	0.39425	0.01282	0.01726	0.20891	0.25641	0.01354	0.00946	0.01205	0.00724	0.00888	0.00540	0.00376	0.00404	0.00124	0.00649	0.00341	0.00188	0.00546
27	0.26798	0.03368	0.00995	0.00857	0.01091	0.46157	0.00666	0.09322	0.04955	0.01402	0.00682	0.00761	0.00542	0.00413	0.00332	0.00112	0.00550	0.00265	0.00246	0.00486
28	0.03026	0.00696	0.00754	0.00646	0.00838	0.01803	0.00510	0.24440	0.09411	0.05349	0.20366	0.03154	0.13543	0.00695	0.01953	0.00132	0.00310	0.00535	0.11340	0.00500
29	0.00581	0.00397	0.00478	0.00478	0.00492	0.00411	0.00294	0.00609	0.00595	0.00808	0.01227	0.02419	0.01369	0.69697	0.18128	0.00439	0.00523	0.00553	0.00238	0.00266
30	0.01100	0.80571	0.02038	0.00709	0.01043	0.07062	0.00692	0.01227	0.00836	0.00946	0.00562	0.00649	0.00515	0.00348	0.00264	0.00087	0.00448	0.00217	0.00174	0.00511
31	0.00887	0.13899	0.59813	0.01096	0.05267	0.01018	0.01266	0.05092	0.00894	0.01287	0.00709	0.00829	0.00528	0.00375	0.00360	0.00117	0.00540	0.00287	0.00186	0.05550
32	0.00936	0.26951	0.40835	0.00904	0.01331	0.03370	0.01030	0.01283	0.05498	0.05114	0.03964	0.02589	0.03693	0.00440	0.00355	0.00115	0.00484	0.00336	0.00221	0.00551
33	0.00573	0.00430	0.00645	0.00645	0.00716	0.00501	0.00501	0.00716	0.00645	0.00931	0.01074	0.01576	0.01003	0.03008	0.84316	0.00645	0.01074	0.00430	0.00215	0.00358
34	0.00817	0.00716	0.00836	0.00905	0.12353	0.00763	0.00605	0.01468	0.42809	0.01432	0.04265	0.02228	0.27789	0.00678	0.00429	0.00133	0.00299	0.00574	0.00368	0.00533
35	0.00953	0.01064	0.02263	0.01798	0.13432	0.01006	0.70694	0.01277	0.00942	0.01288	0.00803	0.01069	0.00612	0.00341	0.00463	0.00133	0.00648	0.00457	0.00202	0.00554
36	0.00998	0.00862	0.00907	0.00816	0.01043	0.00998	0.00635	0.02131	0.82679	0.01678	0.01632	0.01496	0.01224	0.00544	0.00408	0.00136	0.00317	0.00453	0.00408	0.00635
37	0.00496	0.00354	0.00474	0.00567	0.00594	0.00332	0.00385	0.00571	0.00775	0.01032	0.02206	0.81780	0.02636	0.01249	0.00514	0.00164	0.00239	0.04930	0.00372	0.00328
38	0.88738	0.00776	0.00589	0.00527	0.00776	0.00900	0.00434	0.01179	0.00683	0.01799	0.00558	0.00651	0.00434	0.00372	0.00248	0.00124	0.00310	0.00217	0.00248	0.00434
39	0.00593	0.00416	0.00536	0.00503	0.00606	0.00380	0.00378	0.00773	0.01113	0.03832	0.73633	0.04018	0.10040	0.00832	0.00472	0.00127	0.00195	0.00731	0.00437	0.00383
40	0.01389	0.01730	0.01153	0.01037	0.01207	0.69696	0.00793	0.01490	0.01045	0.00979	0.00603	0.00750	0.00518	0.00464	0.00529	0.00116	0.15566	0.00275	0.00201	0.00460
41	0.00623	0.00442	0.00549	0.00534	0.00558	0.00489	0.00362	0.00679	0.00627	0.00900	0.01182	0.04088	0.01266	0.51365	0.17768	0.00384	0.08746	0.00524	0.08616	0.00299
42	0.00564	0.00403	0.00552	0.00645	0.00701	0.00391	0.00503	0.00689	0.00842	0.01108	0.02169	0.46839	0.02488	0.01185	0.00532	0.00173	0.00298	0.39201	0.00371	0.00347
43	0.00947	0.14339	0.42070	0.01374	0.18484	0.01064	0.07686	0.07108	0.00939	0.01322	0.00727	0.00873	0.00556	0.00374	0.00375	0.00119	0.00540	0.00315	0.00195	0.00592
44	0.00904	0.00863	0.01468	0.33464	0.53092	0.00930	0.01187	0.01153	0.00871	0.01203	0.00739	0.01021	0.00597	0.00374	0.00399	0.00125	0.00498	0.00357	0.00191	0.00564
45	0.01109	0.00993	0.01382	0.05597	0.45444	0.04961	0.01984	0.17286	0.10648	0.02805	0.00994	0.01122	0.02995	0.00428	0.00401	0.00122	0.00458	0.00380	0.00272	0.00619
46	0.00532	0.00570	0.08557	0.00505	0.00674	0.00407	0.00440	0.00693	0.00969	0.01246	0.25545	0.03328	0.53296	0.00900	0.00465	0.00132	0.00237	0.00760	0.00372	0.00374
47	0.01097	0.01277	0.12777	0.08577	0.04400	0.18671	0.11632	0.14268	0.13555	0.01449	0.03802	0.03381	0.00855	0.01950	0.00434	0.00129	0.00529	0.00396	0.00273	0.00547
48	0.00489	0.00378	0.00447	0.00496	0.00571	0.00336	0.00350	0.00579	0.00846	0.01072	0.05462	0.45959	0.37275	0.01136	0.00496	0.00151	0.00222	0.03027	0.00374	0.00334
49	0.28383	0.00799	0.01122	0.35264	0.23178	0.00917	0.00927	0.01126	0.00790	0.01341	0.00672	0.00914	0.00529	0.00387	0.00370	0.00128	0.02144	0.00313	0.00205	0.00491
50	0.01321	0.05761	0.01134	0.00897	0.01150	0.23738	0.00717	0.35891	0.13705	0.01739	0.00960	0.01021	0.00741	0.00711	0.08546	0.00167	0.00560	0.00346	0.00319	0.00575
51	0.01176	0.00895	0.00947	0.00819	0.01067	0.03388	0.00646	0.10349	0.60795	0.12978	0.01527	0.01401	0.01116	0.00527	0.00405	0.00132	0.00345	0.00431	0.00414	0.00641
52	0.01073	0.44989	0.13779	0.00873	0.01218	0.11868	0.05731	0.02331	0.08762	0.02115	0.01592	0.00867	0.01580	0.00396	0.00335	0.00105	0.01352	0.00289	0.00212	0.00533
53	0.00481	0.00407	0.00416	0.00414	0.00546	0.00342	0.00310	0.00590	0.00931	0.01125	0.10273	0.03792	0.77005	0.01000	0.00474	0.00135	0.00202	0.00837	0.00378	0.00342
54	0.00752	0.00636	0.00777	0.05561	0.07750	0.00679	0.00585	0.01277	0.32178	0.01380	0.11332	0.16440	0.14777	0.00768	0.00447	0.00139	0.00297	0.03370	0.00368	0.00486
55	0.00577	0.00389	0.00449	0.00451	0.00459	0.00387	0.00262	0.00594	0.00625	0.00840	0.05940	0.06808	0.01641	0.75169	0.03523	0.00368	0.00383	0.00616	0.00260	0.00257
56	0.01284	0.00960	0.01052	0.00851	0.01112	0.01064	0.00688	0.58404	0.10182	0.02158	0.02567	0.07419	0.00970	0.00793	0.08414	0.00175	0.00469	0.00442	0.00383	0.00614
57	0.00480	0.00395	0.00422	0.00439	0.00551	0.00338	0.00320	0.00579	0.00894	0.01091	0.06498	0.19435	0.65063	0.01055	0.00481	0.00140	0.00208	0.00898	0.00375	0.00338
58	0.00733	0.00551	0.00641	0.00666	0.00729	0.08574	0.00516	0.00763	0.00747	0.00943	0.01287	0.04940	0.01345	0.01419	0.12600	0.33999	0.00490	0.28497	0.00257	0.00301
59	0.01072	0.86147	0.02102	0.00686	0.01029	0.01587	0.00686	0.01201	0.00815	0.00944	0.00558	0.00643	0.00515	0.00343	0.00257	0.00086	0.00429	0.00214	0.00172	0.00515
60	0.00497	0.00355	0.00473	0.00553	0.00584	0.00331	0.00373	0.00579	0.00806	0.01085	0.10646	0.77034	0.02770	0.01211	0.00508	0.00159	0.00228	0.01097	0.00379	0.00331
61	0.88738	0.00776	0.00589	0.00527	0.00776	0.00900	0.00434	0.01179	0.00683	0.01799	0.00558	0.00651	0.00434	0.00372	0.00248	0.00124	0.00310	0.00217	0.00248	0.00434
62	0.88738	0.00776	0.00589	0.00527	0.00776	0.00900	0.00434	0.01179	0.00683	0.01799	0.00558	0.00651	0.00434	0.00372	0.00248	0.00124	0.00310	0.00217	0.00248	0.00434
63	0.01021	0.01185	0.11451	0.01514	0.01928	0.01014	0.61479	0.09722	0.01040	0.04317	0.00844	0.01053	0.00618	0.00363	0.00453	0.00132	0.00630	0.00439	0.00230	0.00566
64	0.00911	0.00802	0.01334	0.46329	0.26740	0.00880	0.03926	0.02209	0.00877	0.06094	0.00784	0.01050	0.00600	0.00387	0.00397	0.00124	0.00496	0.00357	0.00210	0.05493
65	0.00804	0.02074	0.83828	0.01143	0.01736	0.00931	0.01482	0.01270	0.00847	0.01270	0.00720	0.00847	0.00508	0.00381	0.00381	0.00127	0.00593	0.00296	0.00169	0.00593
66	0.00583	0.00389	0.00437	0.00437	0.00437	0.00389	0.00243	0.00583	0.00583	0.00778	0.01264	0.02624	0.01458	0.85906	0.02041	0.00389	0.00389	0.00583	0.00243	0.00243
67	0.00560	0.00487	0.00595	0.05291	0.00784	0.00453	0.04273	0.00764	0.06877	0.01178	0.10634	0.06374	0.58455	0.00906	0.00466	0.00136	0.00253	0.00772	0.00362	0.00379
68	0.01480	0.01882	0.01138	0.03065	0.01277	0.82276	0.00783	0.01587	0.01128	0.00983	0.00622	0.00732	0.00517	0.00413	0.00363	0.00104	0.00719	0.00261	0.00206	0.00464
69	0.00646	0.00462	0.00646	0.00739	0.00831	0.00462	0.00646	0.00831	0.00923	0.01200	0.02123	0.04524	0.02308	0.01108	0.00554	0.00185	0.00369	0.80704	0.00369	0.00369
70	0.00546	0.00396	0.00504	0.00572	0.00617	0.00378	0.00391	0.05167	0.00838	0.01112	0.02228	0.76960	0.06380	0.01201	0.00504	0.00159	0.00243	0.01082	0.00374	0.00347
71	0.00919	0.00731	0.00855	0.00616	0.00969	0.00571	0.00495	0.04924	0.00900	0.06022	0.00774	0.00868	0.00621	0.00317	0.00308	0.00066	0.00306	0.00253	0.00260	0.79224
72	0.00485	0.00363	0.00451	0.00521	0.00572	0.00329	0.00356	0.00563	0.00803	0.01038	0.02662	0.65717	0.22288	0.01198	0.00503	0.00156	0.00225	0.01069	0.00372	0.00329
73	0.01083	0.00537	0.00709	0.00600	0.00787	0.00486	0.00473	0.01292	0.04015	0.34933	0.47183	0.02281	0.02561	0.00679	0.00442	0.00126	0.00255	0.00585	0.00463	0.00511
74	0.01436	0.00984	0.01081	0.00857	0.01151	0.01073	0.00698	0.50748	0.19399	0.14732	0.01211	0.01151	0.00855	0.00497	0.00401	0.00124	0.00394	0.00388	0.02156	0.00666
75	0.03298	0.04431	0.19849	0.00995	0.05840	0.30010	0.00865	0.05109	0.05298	0.01278	0.10759	0.05460	0.02270	0.00524	0.00393	0.00120	0.00520	0.02220	0.00260	0.00502
76	0.34980	0.45819	0.01438	0.04325	0.01016	0.03222	0.00611	0.02716	0.00791	0.01309	0.00574	0.00673	0.00488	0.00361	0.00265	0.00104	0.00395	0.00225	0.00207	0.00483
77	0.01739	0.00779	0.00991	0.00759	0.01072	0.00733	0.00627	0.19542	0.01310	0.65866	0.01446	0.01277	0.00925	0.00493	0.00403	0.00123	0.00363	0.00394	0.00475	0.00682
78	0.00803	0.00578	0.00748	0.01708	0.07697	0.00573	0.00527	0.13421	0.01178	0.05631	0.46257	0.09097	0.06686	0.00803	0.02358	0.00140	0.00288	0.00651	0.00400	0.00456
79	0.06554	0.00651	0.00855	0.00672	0.00950	0.00579	0.00550	0.01755	0.01113	0.68086	0.10567	0.01508	0.01271	0.00525	0.00399	0.00124	0.00319	0.00428	0.02466	0.00628
80	0.00492	0.00402	0.00435	0.00443	0.00560	0.00345	0.00330	0.00603	0.00928	0.01148	0.14105	0.12469	0.62416	0.01018	0.00480	0.00138	0.00208	0.02755	0.00381	0.00343
81	0.00501	0.00388	0.00457	0.00481	0.00569	0.00344	0.00345	0.00613	0.00918	0.01189	0.22345	0.31090	0.37224	0.01050	0.00486	0.00142	0.00210	0.00916	0.00389	0.00344
82	0.00578	0.00394	0.00470	0.00474	0.00485	0.00404	0.00287	0.00603	0.00599	0.00810	0.01268	0.05384	0.01430	0.70177	0.14642	0.00420	0.00489	0.00579	0.00243	0.00264
83	0.00583	0.00423	0.00565	0.00642	0.00708	0.00417	0.00499	0.00757	0.04755	0.01161	0.06725	0.43377	0.02506	0.01136	0.00522	0.00169	0.00291	0.34025	0.00377	0.00361
84	0.00583	0.00389	0.00437	0.00437	0.00437	0.00389	0.00243	0.00583	0.00583	0.00778	0.01264	0.02624	0.01458	0.85906	0.02041	0.00389	0.00389	0.00583	0.00243	0.00243
85	0.01072	0.86147	0.02102	0.00686	0.01029	0.01587	0.00686	0.01201	0.00815	0.00944	0.00558	0.00643	0.00515	0.00343	0.00257	0.00086	0.00429	0.00214	0.00172	0.00515
86	0.00489	0.00349	0.00465	0.00558	0.00582	0.00326	0.00372	0.00558	0.00768	0.01024	0.02210	0.85644	0.02653	0.01256	0.00512	0.00163	0.00233	0.01140	0.00372	0.00326
87	0.01023	0.00876	0.00938	0.00859	0.02950	0.01008	0.00655	0.05960	0.76905	0.01710	0.01580	0.01459	0.01185	0.00537	0.00407	0.00135	0.00327	0.00447	0.00403	0.00637
88	0.00835	0.05918	0.01300	0.69496	0.06454	0.00958	0.02645	0.05632	0.00872	0.01124	0.00721	0.01034	0.00548	0.00399	0.00394	0.00129	0.00523	0.00350	0.00192	0.00474
89	0.00887	0.00880	0.05854	0.01428	0.36488	0.00730	0.00854	0.01104	0.00865	0.01296	0.00784	0.03891	0.00679	0.00362	0.00352	0.00093	0.00389	0.00324	0.00222	0.42517
90	0.01096	0.11413	0.37753	0.01048	0.03478	0.01108	0.03934	0.30211	0.01219	0.01678	0.00829	0.02952	0.00630	0.00432	0.00381	0.00121	0.00511	0.00338	0.00260	0.00608
91	0.01052	0.00889	0.00937	0.00827	0.01064	0.01023	0.00648	0.10389	0.74333	0.01765	0.01563	0.01441	0.01168	0.00538	0.00407	0.00134	0.00330	0.00444	0.00407	0.00640
92	0.00489	0.00349	0.00465	0.00558	0.00582	0.00326	0.00372	0.00558	0.00768	0.01024	0.02210	0.85644	0.02653	0.01256	0.00512	0.00163	0.00233	0.01140	0.00372	0.00326
93	0.01290	0.05560	0.04244	0.05919	0.11037	0.45662	0.02858	0.08073	0.09272	0.01234	0.00775	0.00881	0.00618	0.00418	0.00374	0.00112	0.00600	0.00308	0.00237	0.00527
94	0.01498	0.05968	0.01251	0.00915	0.01231	0.05219	0.00759	0.73662	0.01789	0.02364	0.00924	0.00933	0.00665	0.00470	0.00391	0.00118	0.00454	0.00348	0.00379	0.00662
95	0.00489	0.00404	0.00429	0.00429	0.00553	0.00344	0.00319	0.00603	0.00942	0.01163	0.16329	0.07621	0.66996	0.00997	0.00476	0.00135	0.00202	0.00841	0.00383	0.00344
96	0.00965	0.00930	0.01604	0.11611	0.71824	0.00948	0.03809	0.01210	0.00902	0.01278	0.00752	0.01004	0.00623	0.00362	0.00400	0.00121	0.00489	0.00361	0.00196	0.00611
97	0.00893	0.17027	0.64364	0.01055	0.01581	0.06007	0.01298	0.01277	0.00858	0.01195	0.00685	0.00803	0.00510	0.00376	0.00358	0.00118	0.00571	0.00280	0.00172	0.00571
98	0.00695	0.00349	0.00521	0.00521	0.00521	0.00349	0.00347	0.00523	0.00523	0.00698	0.00704	0.01237	0.00706	0.02486	0.01574	0.87195	0.00349	0.00351	0.00175	0.00175
99	0.00603	0.00467	0.00674	0.00657	0.00713	0.00556	0.00504	0.00723	0.00634	0.00915	0.01046	0.01644	0.01016	0.13424	0.65845	0.00567	0.09006	0.00442	0.00215	0.00351
100	0.00821	0.00731	0.01212	0.70310	0.10014	0.00878	0.01083	0.01099	0.02714	0.04162	0.00803	0.01164	0.00618	0.00420	0.00404	0.00133	0.00513	0.02243	0.00202	0.00474
101	0.00883	0.00980	0.02101	0.01533	0.01885	0.00918	0.70574	0.01183	0.00922	0.01248	0.01006	0.12871	0.00893	0.00466	0.00479	0.00139	0.00614	0.00566	0.00226	0.00511
102	0.01535	0.00650	0.00864	0.00684	0.00951	0.00582	0.00556	0.03779	0.04100	0.63448	0.16697	0.01662	0.01511	0.00558	0.00416	0.00125	0.00315	0.00464	0.00481	0.00624
103	0.00882	0.00875	0.01165	0.44765	0.09940	0.09829	0.00967	0.01179	0.08625	0.01095	0.00818	0.02153	0.00671	0.02489	0.03497	0.00158	0.09837	0.00372	0.00210	0.00474
104	0.76539	0.00774	0.00627	0.00551	0.00800	0.00881	0.00452	0.05751	0.00778	0.04693	0.00784	0.00847	0.04413	0.00413	0.00273	0.00124	0.00314	0.00262	0.00272	0.00453
105	0.00640	0.00465	0.00580	0.00564	0.00614	0.00469	0.03210	0.05281	0.04636	0.01012	0.01536	0.27639	0.01736	0.48282	0.01351	0.00284	0.00351	0.00730	0.00298	0.00322
106	0.01498	0.01911	0.01137	0.01033	0.01240	0.84295	0.00775	0.01601	0.01137	0.00982	0.00620	0.00723	0.00517	0.00413	0.00362	0.00103	0.00723	0.00258	0.00207	0.00465
107	0.00951	0.12216	0.20954	0.11808	0.25698	0.05562	0.08002	0.01280	0.05502	0.01211	0.00758	0.00941	0.00599	0.00386	0.00402	0.00121	0.02510	0.00334	0.00198	0.00564
108	0.02229	0.02920	0.01143	0.05778	0.09233	0.03853	0.06194	0.11105	0.45519	0.01624	0.02935	0.01389	0.01053	0.00506	0.00408	0.00131	0.00399	0.02636	0.00345	0.00600
109	0.01793	0.00693	0.00937	0.00718	0.01029	0.00605	0.00593	0.03800	0.01165	0.81812	0.01568	0.01356	0.00986	0.00496	0.00403	0.00124	0.00344	0.00402	0.00494	0.00683
110	0.00492	0.00404	0.00434	0.00434	0.00555	0.00345	0.00322	0.00609	0.00947	0.01178	0.18774	0.08451	0.63676	0.00993	0.00476	0.00135	0.00202	0.00841	0.00385	0.00345
111	0.00921	0.00759	0.00870	0.00632	0.00978	0.00624	0.00509	0.11707	0.00971	0.01472	0.00760	0.00864	0.00616	0.00325	0.00310	0.00068	0.00313	0.00257	0.02318	0.74724
112	0.00532	0.00393	0.00451	0.00477	0.00537	0.00365	0.00325	0.00599	0.00768	0.00977	0.03585	0.19838	0.29614	0.31898	0.01057	0.00237	0.00290	0.07427	0.00326	0.00304
113	0.00489	0.00349	0.00465	0.00558	0.00582	0.00326	0.00372	0.00558	0.00768	0.01024	0.02210	0.85644	0.02653	0.01256	0.00512	0.00163	0.00233	0.01140	0.00372	0.00326
114	0.00559	0.00410	0.00524	0.00496	0.00594	0.00375	0.00372	0.00740	0.01115	0.01561	0.76062	0.03074	0.10944	0.00838	0.00473	0.00127	0.00190	0.00736	0.00435	0.00375
115	0.88738	0.00776	0.00589	0.00527	0.00776	0.00900	0.00434	0.01179	0.00683	0.01799	0.00558	0.00651	0.00434	0.00372	0.00248	0.00124	0.00310	0.00217	0.00248	0.00434
116	0.00998	0.00862	0.00907	0.00816	0.01043	0.00998	0.00635	0.02131	0.82679	0.01678	0.01632	0.01496	0.01224	0.00544	0.00408	0.00136	0.00317	0.00453	0.00408	0.00635
117	0.00993	0.00953	0.01628	0.02462	0.83404	0.00953	0.01231	0.01231	0.00913	0.01310	0.00754	0.00993	0.00635	0.00357	0.00397	0.00119	0.00476	0.00357	0.00199	0.00635
118	0.00574	0.00426	0.00624	0.00624	0.00688	0.00490	0.00475	0.00703	0.00638	0.00916	0.01093	0.01681	0.01049	0.11378	0.76009	0.00619	0.01005	0.00445	0.00218	0.00346
119	0.01072	0.86147	0.02102	0.00686	0.01029	0.01587	0.00686	0.01201	0.00815	0.00944	0.00558	0.00643	0.00515	0.00343	0.00257	0.00086	0.00429	0.00214	0.00172	0.00515
120	0.00629	0.00642	0.07537	0.00934	0.09479	0.00529	0.09225	0.00799	0.02128	0.01124	0.02703	0.56039	0.02031	0.00973	0.00485	0.00152	0.00340	0.03520	0.00321	0.00409
121	0.00598	0.00403	0.00459	0.00460	0.00470	0.00404	0.00267	0.02593	0.00632	0.00843	0.01341	0.10028	0.01546	0.76206	0.01864	0.00362	0.00376	0.00628	0.00259	0.00261
122	0.00551	0.00407	0.00481	0.00479	0.00586	0.00361	0.00354	0.00679	0.00965	0.03818	0.29962	0.17488	0.38753	0.01015	0.02140	0.00147	0.00225	0.00834	0.00396	0.00361
123	0.02832	0.43253	0.24062	0.00902	0.01287	0.17001	0.03276	0.01297	0.00885	0.01066	0.00621	0.00726	0.00514	0.00367	0.00317	0.00102	0.00534	0.00253	0.00180	0.00526
124	0.00550	0.00395	0.00526	0.00610	0.00657	0.00384	0.00450	0.00675	0.02826	0.01078	0.02128	0.56880	0.02465	0.05070	0.00591	0.00179	0.00280	0.23546	0.00366	0.00342
125	0.01072	0.43368	0.02577	0.00716	0.01059	0.01193	0.01463	0.15674	0.01013	0.01341	0.00702	0.01932	0.00598	0.00368	0.00302	0.00087	0.00395	0.00264	0.00235	0.25643
126	0.00871	0.07859	0.09645	0.02299	0.11033	0.02298	0.03707	0.05033	0.02807	0.02242	0.04460	0.05270	0.00966	0.06970	0.04135	0.00148	0.01404	0.02411	0.00250	0.26192
127	0.01001	0.08677	0.41876	0.03254	0.05077	0.02660	0.14118	0.07119	0.00968	0.08018	0.01921	0.00956	0.00627	0.00398	0.00403	0.00124	0.01656	0.00341	0.00224	0.00582
128	0.00741	0.23444	0.10753	0.00712	0.00916	0.00848	0.00661	0.00927	0.01886	0.01002	0.02962	0.03981	0.00941	0.03540	0.43131	0.00387	0.02138	0.00389	0.00211	0.00429
129	0.00944	0.01073	0.02329	0.01663	0.02068	0.01002	0.79936	0.01278	0.00944	0.01285	0.00809	0.01076	0.00608	0.00337	0.00469	0.00133	0.00667	0.00467	0.00204	0.02709
130	0.03056	0.03728	0.43699	0.01974	0.01329	0.02483	0.01021	0.02958	0.08278	0.08556	0.04045	0.06743	0.08541	0.00544	0.00401	0.00129	0.00458	0.01240	0.00270	0.00546
131	0.00934	0.01651	0.44248	0.01280	0.07318	0.11570	0.16696	0.02579	0.00905	0.01225	0.00758	0.00989	0.00594	0.05219	0.00510	0.00141	0.02297	0.00348	0.00191	0.00548
132	0.00502	0.00406	0.00447	0.00451	0.00569	0.00352	0.00340	0.00623	0.00951	0.01192	0.19857	0.08534	0.58577	0.00995	0.00480	0.00138	0.00210	0.04643	0.00386	0.00347
133	0.01257	0.00999	0.01094	0.00896	0.01148	0.01149	0.00726	0.43332	0.32364	0.02043	0.01171	0.01156	0.00871	0.00528	0.00499	0.00132	0.09221	0.00395	0.00380	0.00639
134	0.01951	0.00989	0.03107	0.26566	0.18140	0.07319	0.17037	0.08756	0.03288	0.01311	0.00807	0.02051	0.00637	0.00415	0.00443	0.00128	0.03752	0.00382	0.02391	0.00530
135	0.00879	0.00865	0.01546	0.01185	0.01466	0.00865	0.40851	0.02941	0.19006	0.02467	0.04437	0.07626	0.07150	0.00657	0.04469	0.00162	0.02073	0.00547	0.00290	0.00519
136	0.01654	0.00817	0.00999	0.00774	0.01078	0.00801	0.00637	0.26114	0.05247	0.53420	0.01391	0.01253	0.00911	0.00493	0.00400	0.00123	0.00367	0.00392	0.02453	0.00673
137	0.00782	0.00686	0.01084	0.05772	0.24753	0.00698	0.07098	0.01072	0.08846	0.01247	0.01579	0.14041	0.04149	0.00757	0.00472	0.00150	0.00403	0.25627	0.00301	0.00482
138	0.00882	0.02021	0.07468	0.21939	0.44625	0.03000	0.02251	0.01124	0.00872	0.01196	0.00895	0.09267	0.00813	0.00467	0.00408	0.00128	0.00483	0.01404	0.00210	0.00546
139	0.00576	0.00412	0.00555	0.00555	0.00598	0.00452	0.00391	0.00659	0.00623	0.00870	0.01201	0.02048	0.02527	0.37392	0.48797	0.00530	0.00776	0.00500	0.00229	0.00310
140	0.13951	0.00753	0.00918	0.00715	0.01018	0.00718	0.00590	0.12259	0.01179	0.61654	0.01358	0.01213	0.00874	0.00477	0.00381	0.00124	0.00350	0.00372	0.00449	0.00648
141	0.00975	0.01112	0.10292	0.09559	0.27183	0.02943	0.31387	0.03486	0.01811	0.03204	0.00792	0.01021	0.00612	0.00378	0.00456	0.00129	0.03489	0.00394	0.00209	0.00569
142	0.01424	0.00600	0.00806	0.00646	0.00893	0.00524	0.00523	0.01586	0.01135	0.58919	0.22802	0.01894	0.05230	0.00602	0.00424	0.00125	0.00296	0.00506	0.00477	0.00589
143	0.00637	0.00455	0.00636	0.00728	0.00817	0.00454	0.00631	0.00816	0.00914	0.01190	0.02128	0.09110	0.02328	0.01116	0.00552	0.00183	0.00362	0.76206	0.00369	0.00367
144	0.04968	0.26107	0.01618	0.03175	0.32995	0.18164	0.02883	0.03531	0.00945	0.01184	0.00667	0.00823	0.00566	0.00369	0.00344	0.00107	0.00511	0.00292	0.00200	0.00552
145	0.01714	0.00786	0.00991	0.00763	0.01072	0.00746	0.00629	0.21548	0.01323	0.62675	0.01439	0.02427	0.00940	0.00503	0.00404	0.00124	0.00364	0.00403	0.00471	0.00677
146	0.01041	0.00857	0.00943	0.00696	0.01039	0.02761	0.00563	0.23666	0.01133	0.01640	0.00780	0.00866	0.00617	0.00351	0.00328	0.00077	0.00348	0.00273	0.00283	0.61738
147	0.00509	0.00367	0.00482	0.00538	0.00585	0.00340	0.00371	0.00612	0.00871	0.01182	0.23857	0.60612	0.05920	0.01131	0.00500	0.00152	0.00220	0.01019	0.00391	0.00340
148	0.00507	0.00408	0.00451	0.00440	0.00562	0.00352	0.00330	0.00639	0.00991	0.01266	0.31577	0.03559	0.55613	0.00948	0.00474	0.00132	0.00198	0.00804	0.00396	0.00352
149	0.00583	0.00389	0.00437	0.00437	0.00437	0.00389	0.00243	0.00583	0.00583	0.00778	0.01264	0.02624	0.01458	0.85906	0.02041	0.00389	0.00389	0.00583	0.00243	0.00243
150	0.00955	0.00601	0.00629	0.00557	0.00719	0.00645	0.00436	0.16387	0.14599	0.03317	0.01302	0.01393	0.00995	0.00483	0.00327	0.00106	0.00259	0.00385	0.55423	0.00481
151	0.01525	0.01123	0.01204	0.00923	0.01244	0.01244	0.00762	0.82067	0.01886	0.02528	0.00963	0.00963	0.00682	0.00481	0.00401	0.00120	0.00441	0.00361	0.00401	0.00682
152	0.01110	0.00923	0.00943	0.00829	0.01068	0.04962	0.00649	0.08601	0.67611	0.06350	0.01527	0.01409	0.01133	0.00530	0.00405	0.00133	0.00348	0.00434	0.00403	0.00633
153	0.01565	0.00968	0.01141	0.00872	0.01189	0.01012	0.03517	0.52496	0.01601	0.27631	0.01222	0.01160	0.02710	0.00494	0.00406	0.00122	0.00413	0.00389	0.00423	0.00669
154	0.01165	0.09827	0.04405	0.01151	0.13656	0.03986	0.02340	0.09578	0.00952	0.16852	0.00869	0.01057	0.00693	0.00582	0.02584	0.00148	0.27394	0.01940	0.00269	0.00553
155	0.05000	0.01109	0.01179	0.00907	0.01225	0.01230	0.00749	0.78843	0.01838	0.02499	0.00947	0.00950	0.00672	0.00477	0.00395	0.00121	0.00436	0.00355	0.00395	0.00672
156	0.00478	0.00406	0.00412	0.00410	0.00544	0.00340	0.00308	0.00583	0.00924	0.01106	0.07433	0.03823	0.79857	0.01007	0.00474	0.00135	0.00203	0.00841	0.00375	0.00340
157	0.01483	0.01886	0.01139	0.01034	0.01235	0.82244	0.00777	0.01586	0.01124	0.00981	0.00618	0.00727	0.00517	0.00420	0.00385	0.00105	0.02808	0.00261	0.00206	0.00464
158	0.00534	0.00409	0.00490	0.00470	0.00579	0.00364	0.00352	0.00692	0.01057	0.01422	0.55066	0.03303	0.32027	0.00889	0.00473	0.00129	0.00194	0.00768	0.00417	0.00364
159	0.00951	0.01069	0.02295	0.01765	0.10005	0.01008	0.74096	0.01279	0.00943	0.01287	0.00806	0.01073	0.00611	0.00340	0.00466	0.00134	0.00657	0.00462	0.00202	0.00550
160	0.00941	0.00897	0.01506	0.03214	0.74416	0.00893	0.01141	0.01168	0.00916	0.01294	0.02452	0.01257	0.07287	0.00418	0.00405	0.00121	0.00450	0.00403	0.00216	0.00605
161	0.00488	0.00403	0.00429	0.00431	0.00553	0.00343	0.00320	0.00600	0.00935	0.01152	0.14965	0.09482	0.66505	0.01005	0.00477	0.00136	0.00203	0.00850	0.00382	0.00343
162	0.00582	0.00390	0.00443	0.00441	0.00447	0.00388	0.00251	0.00593	0.00614	0.00825	0.05896	0.02645	0.01590	0.81095	0.01953	0.00374	0.00378	0.00591	0.00254	0.00251
163	0.00993	0.00953	0.01628	0.02462	0.83404	0.00953	0.01231	0.01231	0.00913	0.01310	0.00754	0.00993	0.00635	0.00357	0.00397	0.00119	0.00476	0.00357	0.00199	0.00635
164	0.00493	0.00407	0.00433	0.00426	0.00554	0.00347	0.00320	0.00613	0.00960	0.01191	0.20328	0.03682	0.66908	0.00975	0.00474	0.00134	0.00200	0.00822	0.00387	0.00347
165	0.00741	0.00450	0.00540	0.00506	0.00649	0.00392	0.00383	0.00867	0.00987	0.16372	0.21188	0.14609	0.38978	0.00910	0.00466	0.00135	0.00229	0.00779	0.00411	0.00409
166	0.00508	0.00397	0.00464	0.00500	0.00583	0.00360	0.00354	0.00640	0.03751	0.01128	0.10828	0.41034	0.35826	0.01090	0.00489	0.00147	0.00219	0.00955	0.00380	0.00347
167	0.01631	0.00882	0.01041	0.00802	0.01109	0.00894	0.00661	0.40197	0.01490	0.42008	0.01277	0.01177	0.00846	0.00488	0.00398	0.00121	0.00384	0.00382	0.03540	0.00671
168	0.01010	0.00962	0.01631	0.02389	0.78539	0.00965	0.03169	0.04081	0.00948	0.01353	0.00763	0.00994	0.00636	0.00361	0.00399	0.00120	0.00480	0.00360	0.00206	0.00635
169	0.01316	0.00591	0.00761	0.00628	0.00864	0.00521	0.00502	0.02871	0.02693	0.51448	0.06339	0.09056	0.19268	0.00691	0.00431	0.00130	0.00295	0.00579	0.00453	0.00561
170	0.00582	0.00393	0.00457	0.00457	0.00464	0.00400	0.00268	0.00596	0.00589	0.00792	0.01246	0.02524	0.01415	0.78000	0.09888	0.00413	0.00454	0.00569	0.00240	0.00254
171	0.08200	0.46430	0.03936	0.01818	0.02088	0.26280	0.00731	0.03437	0.00928	0.01080	0.00595	0.00694	0.00515	0.00376	0.00311	0.00098	0.01549	0.00239	0.00195	0.00500
172	0.00488	0.00352	0.00462	0.00551	0.00580	0.00326	0.00369	0.00559	0.00775	0.01027	0.02307	0.81399	0.06835	0.01244	0.00510	0.00161	0.00231	0.01125	0.00372	0.00326
173	0.00969	0.07716	0.01449	0.10437	0.25511	0.01022	0.12202	0.01556	0.31995	0.01386	0.01076	0.01177	0.00835	0.00429	0.00401	0.00127	0.00446	0.00399	0.00274	0.00592
174	0.00556	0.00388	0.00500	0.00569	0.00624	0.00365	0.00403	0.00671	0.02796	0.03366	0.03384	0.63604	0.09925	0.01164	0.00503	0.00159	0.00247	0.08646	0.01782	0.00350
175	0.06054	0.01016	0.01053	0.12704	0.10048	0.14511	0.00773	0.10769	0.29038	0.03116	0.04104	0.01256	0.02853	0.00486	0.00392	0.00126	0.00437	0.00392	0.00313	0.00560
176	0.00618	0.00424	0.00488	0.00478	0.00604	0.00367	0.00355	0.00734	0.00948	0.09037	0.16536	0.17332	0.48670	0.00975	0.00474	0.00137	0.00219	0.00834	0.00396	0.00376
177	0.00964	0.06884	0.06845	0.00789	0.02560	0.00764	0.06176	0.10988	0.00977	0.03297	0.00760	0.00867	0.00604	0.00337	0.00329	0.00081	0.00374	0.00277	0.00251	0.55876
178	0.00804	0.02074	0.83828	0.01143	0.01736	0.00931	0.01482	0.01270	0.00847	0.01270	0.00720	0.00847	0.00508	0.00381	0.00381	0.00127	0.00593	0.00296	0.00169	0.00593
179	0.00479	0.00405	0.00419	0.00423	0.00550	0.00344	0.00315	0.00582	0.00901	0.01082	0.04917	0.07371	0.75793	0.01093	0.03387	0.00154	0.00235	0.00843	0.00368	0.00339
180	0.02139	0.01044	0.03200	0.02259	0.20179	0.10387	0.01768	0.07723	0.25133	0.04569	0.13328	0.03721	0.01426	0.00601	0.00459	0.00146	0.00443	0.00486	0.00366	0.00625
181	0.01228	0.09245	0.10475	0.01143	0.01451	0.36425	0.19779	0.03453	0.03969	0.04785	0.00754	0.00881	0.00588	0.00407	0.00421	0.00117	0.03809	0.00328	0.00222	0.00521
182	0.00567	0.00455	0.00513	0.00495	0.00623	0.00424	0.00376	0.00807	0.09213	0.01342	0.33113	0.03323	0.42893	0.00899	0.00470	0.00134	0.00215	0.03354	0.00402	0.00384
183	0.88738	0.00776	0.00589	0.00527	0.00776	0.00900	0.00434	0.01179	0.00683	0.01799	0.00558	0.00651	0.00434	0.00372	0.00248	0.00124	0.00310	0.00217	0.00248	0.00434
184	0.00930	0.40635	0.44829	0.00943	0.01418	0.01234	0.02595	0.01239	0.00834	0.01121	0.00647	0.00758	0.00513	0.00363	0.00326	0.00108	0.00519	0.00262	0.00171	0.00556
185	0.00832	0.00713	0.00832	0.00594	0.00950	0.00535	0.00475	0.01010	0.00832	0.01307	0.00713	0.00832	0.00594	0.00297	0.00297	0.00059	0.00297	0.00238	0.00238	0.88357
186	0.00484	0.00368	0.00446	0.00507	0.00568	0.00330	0.00350	0.00564	0.00817	0.01044	0.02831	0.58261	0.29635	0.01176	0.00499	0.00154	0.00223	0.01042	0.00372	0.00330
187	0.00491	0.00351	0.00468	0.00561	0.00585	0.00328	0.00376	0.00563	0.00770	0.01026	0.02209	0.84415	0.02647	0.01254	0.00513	0.00163	0.00235	0.02345	0.00372	0.00326
188	0.00486	0.00392	0.00433	0.00460	0.00562	0.00339	0.00334	0.00583	0.00881	0.01088	0.06321	0.26644	0.55982	0.01078	0.00486	0.00144	0.00215	0.02858	0.00375	0.00337
189	0.00591	0.00453	0.00668	0.00658	0.00723	0.00537	0.00511	0.00724	0.00640	0.00926	0.01052	0.01583	0.00996	0.06592	0.75937	0.00607	0.05798	0.00432	0.00214	0.00357
190	0.01019	0.01046	0.01716	0.07116	0.50021	0.07442	0.19716	0.03336	0.00952	0.01287	0.00756	0.00994	0.00613	0.00369	0.00427	0.00123	0.01899	0.00376	0.00204	0.00587

[dist]
# distance from previous block
# <min> <max>
0	83

# created by:
# /st0/software/busco_prod/Augustus/scripts/msa2prfl.pl ./align_prep/27558.fa
