[name]
unknown

[dist]
# distance from previous block
# <min> <max>
2	40

[block]
# block no. 0 follows, 60 sequences, length 10
# corresponding to MSA columns:
# 43-52
name=unknown_A
#
# <colnr> <probs for GDERKNQSTAVLIFYWHMCP>
#	G	D	E	R	K	N	Q	S	T	A	V	L	I	F	Y	W	H	M	C	P
0	0.05382	0.00553	0.00556	0.00564	0.00681	0.04363	0.00412	0.00820	0.04524	0.01257	0.10203	0.18384	0.35891	0.09658	0.00681	0.00181	0.00294	0.04827	0.00383	0.00387
1	0.12612	0.05250	0.01186	0.00909	0.01180	0.01119	0.05651	0.32904	0.16195	0.01980	0.01063	0.01164	0.00820	0.00764	0.05494	0.08174	0.02190	0.00393	0.00350	0.00601
2	0.01127	0.01010	0.08582	0.20739	0.11330	0.05955	0.04822	0.01456	0.07193	0.16156	0.05003	0.01457	0.02984	0.00575	0.02483	0.00149	0.00511	0.02137	0.00310	0.06022
3	0.00856	0.00727	0.00850	0.00630	0.00977	0.00554	0.00498	0.01043	0.00924	0.01416	0.05414	0.04515	0.04543	0.00431	0.00351	0.00077	0.00309	0.00356	0.00283	0.75247
4	0.00809	0.00677	0.00994	0.08335	0.04974	0.00749	0.05702	0.08189	0.00980	0.01341	0.08459	0.23832	0.04169	0.01133	0.08306	0.02152	0.11865	0.06550	0.00325	0.00457
5	0.00673	0.00546	0.00699	0.00694	0.00784	0.04712	0.00537	0.00828	0.00813	0.01113	0.10186	0.02124	0.05103	0.04533	0.60287	0.00554	0.00948	0.04196	0.00277	0.00395
6	0.00718	0.00518	0.00625	0.00607	0.00702	0.00527	0.00445	0.00851	0.03923	0.06908	0.02564	0.16859	0.29045	0.18033	0.06078	0.00247	0.08027	0.02570	0.00357	0.00396
7	0.05450	0.01119	0.05149	0.03842	0.10059	0.04924	0.02233	0.30127	0.17878	0.08022	0.05831	0.01302	0.01041	0.00525	0.00432	0.00135	0.00456	0.00425	0.00382	0.00667
8	0.04272	0.22076	0.29422	0.06242	0.01571	0.03304	0.02978	0.16186	0.01106	0.01523	0.00766	0.00903	0.00593	0.00452	0.00460	0.00130	0.06848	0.00323	0.00238	0.00608
9	0.07991	0.13938	0.06194	0.16346	0.06373	0.03001	0.00858	0.08351	0.10505	0.04538	0.00984	0.04791	0.00807	0.00484	0.00408	0.00125	0.02098	0.00382	0.00282	0.11542

[dist]
# distance from previous block
# <min> <max>
0	3

[block]
# block no. 1 follows, 60 sequences, length 9
# corresponding to MSA columns:
# 56-64
name=unknown_B
#
# <colnr> <probs for GDERKNQSTAVLIFYWHMCP>
#	G	D	E	R	K	N	Q	S	T	A	V	L	I	F	Y	W	H	M	C	P
0	0.03037	0.19323	0.06597	0.06471	0.19438	0.05688	0.03907	0.04594	0.02585	0.01274	0.00723	0.00949	0.00619	0.00501	0.00658	0.00139	0.22362	0.00347	0.00215	0.00574
1	0.00813	0.00407	0.00407	0.00407	0.00508	0.00407	0.00305	0.01016	0.00915	0.01626	0.01423	0.01626	0.01118	0.00508	0.00305	0.00102	0.00203	0.00407	0.87093	0.00407
2	0.87753	0.00843	0.00641	0.00574	0.00843	0.00978	0.00472	0.01282	0.00742	0.01957	0.00607	0.00709	0.00472	0.00405	0.00270	0.00135	0.00337	0.00236	0.00270	0.00472
3	0.00623	0.00467	0.00701	0.00701	0.00779	0.00545	0.00545	0.00779	0.00701	0.01012	0.01168	0.01713	0.01090	0.03271	0.82944	0.00701	0.01168	0.00467	0.00234	0.00389
4	0.00813	0.00407	0.00407	0.00407	0.00508	0.00407	0.00305	0.01016	0.00915	0.01626	0.01423	0.01626	0.01118	0.00508	0.00305	0.00102	0.00203	0.00407	0.87093	0.00407
5	0.05344	0.06700	0.01484	0.06550	0.26689	0.11924	0.01026	0.09370	0.01016	0.01389	0.00728	0.00965	0.00620	0.00517	0.00687	0.00143	0.23678	0.00355	0.00232	0.00581
6	0.58308	0.13399	0.00989	0.00675	0.00931	0.01081	0.03131	0.01250	0.00780	0.01700	0.00674	0.00812	0.00548	0.00436	0.00378	0.00131	0.07253	0.00270	0.06769	0.00485
7	0.02965	0.01159	0.07471	0.05012	0.35346	0.03615	0.12695	0.15612	0.04272	0.01658	0.00949	0.03113	0.00763	0.00451	0.00439	0.00134	0.00537	0.00422	0.02742	0.00647
8	0.01086	0.01131	0.05624	0.02438	0.70451	0.04759	0.01289	0.01347	0.00996	0.01406	0.00810	0.01050	0.00676	0.00389	0.00424	0.00126	0.00527	0.00374	0.00217	0.04880

[dist]
# distance from previous block
# <min> <max>
2	6

[block]
# block no. 2 follows, 60 sequences, length 10
# corresponding to MSA columns:
# 71-80
name=unknown_C
#
# <colnr> <probs for GDERKNQSTAVLIFYWHMCP>
#	G	D	E	R	K	N	Q	S	T	A	V	L	I	F	Y	W	H	M	C	P
0	0.03982	0.00835	0.00984	0.03758	0.06348	0.07766	0.00705	0.12573	0.01007	0.06617	0.01073	0.03576	0.00946	0.05570	0.32806	0.00371	0.07493	0.00439	0.00284	0.02865
1	0.06709	0.00552	0.00723	0.00663	0.00763	0.00582	0.04158	0.03102	0.00761	0.01115	0.01360	0.06525	0.04920	0.31684	0.26440	0.01817	0.02844	0.00560	0.00269	0.04452
2	0.13561	0.00858	0.01004	0.00780	0.01108	0.00838	0.00642	0.19712	0.01327	0.45129	0.01338	0.01240	0.00889	0.00501	0.00403	0.00128	0.00383	0.00386	0.02806	0.06964
3	0.00746	0.00615	0.00697	0.00766	0.04581	0.04949	0.00519	0.04758	0.10277	0.01342	0.06860	0.50910	0.06659	0.01074	0.00511	0.00160	0.00310	0.00954	0.02872	0.00441
4	0.03123	0.13023	0.34280	0.07013	0.10572	0.04410	0.10231	0.01328	0.00942	0.01323	0.00801	0.01037	0.00636	0.00415	0.00404	0.00127	0.00580	0.02214	0.00208	0.07333
5	0.06471	0.01098	0.01185	0.00935	0.01254	0.01212	0.00766	0.58400	0.09841	0.08009	0.01149	0.01152	0.00828	0.00672	0.04848	0.00164	0.00488	0.00401	0.00424	0.00702
6	0.03386	0.00577	0.00919	0.00801	0.00923	0.00572	0.11766	0.03712	0.00813	0.06690	0.02435	0.10142	0.01187	0.05071	0.07800	0.37362	0.00483	0.04726	0.00274	0.00363
7	0.02176	0.00833	0.03917	0.12239	0.12094	0.00817	0.04078	0.07621	0.02542	0.05309	0.02211	0.02697	0.02099	0.02214	0.12357	0.03716	0.04181	0.03327	0.00276	0.15297
8	0.03603	0.18053	0.09067	0.03145	0.13216	0.07681	0.08577	0.06567	0.04364	0.08941	0.00976	0.01241	0.00798	0.00565	0.02703	0.00148	0.04909	0.04574	0.00272	0.00598
9	0.03393	0.06027	0.10636	0.04100	0.09479	0.06574	0.03636	0.05801	0.05614	0.07135	0.03044	0.13876	0.02740	0.03965	0.03178	0.00172	0.08089	0.00532	0.00300	0.01709

[dist]
# distance from previous block
# <min> <max>
1	50

[block]
# block no. 3 follows, 60 sequences, length 57
# corresponding to MSA columns:
# 131-139,141-188
name=unknown_D
#
# <colnr> <probs for GDERKNQSTAVLIFYWHMCP>
#	G	D	E	R	K	N	Q	S	T	A	V	L	I	F	Y	W	H	M	C	P
0	0.01025	0.08439	0.15469	0.04211	0.06873	0.05682	0.09820	0.04953	0.06971	0.04271	0.00996	0.03762	0.00835	0.03709	0.08713	0.00195	0.03782	0.00410	0.00260	0.09622
1	0.00899	0.00760	0.03748	0.03585	0.06485	0.00676	0.01631	0.10105	0.02134	0.03572	0.10332	0.06682	0.12629	0.07406	0.00588	0.00144	0.01661	0.00544	0.03039	0.23380
2	0.02982	0.03791	0.12721	0.07545	0.07059	0.22232	0.19592	0.05740	0.09327	0.02478	0.00900	0.01051	0.00688	0.00436	0.00432	0.00132	0.00631	0.00384	0.00253	0.01626
3	0.01529	0.01452	0.01277	0.01105	0.04147	0.28952	0.00851	0.36804	0.06490	0.03507	0.00925	0.00996	0.00706	0.00522	0.00520	0.00132	0.08759	0.00361	0.00335	0.00631
4	0.00896	0.00621	0.00673	0.00605	0.00769	0.02164	0.00471	0.13622	0.04895	0.03923	0.22901	0.02470	0.16329	0.00792	0.02129	0.00141	0.00297	0.02181	0.23644	0.00478
5	0.05398	0.00908	0.00933	0.00834	0.01072	0.02680	0.00654	0.08356	0.57506	0.01827	0.04632	0.01834	0.06730	0.00634	0.00443	0.00145	0.00351	0.02584	0.01844	0.00636
6	0.00561	0.00435	0.00514	0.00543	0.00648	0.00389	0.00407	0.00692	0.01005	0.01289	0.18767	0.22709	0.39191	0.01135	0.00535	0.00158	0.00246	0.09980	0.00419	0.00377
7	0.78159	0.00824	0.00663	0.00593	0.00841	0.00960	0.00487	0.01241	0.00752	0.01876	0.00760	0.00867	0.03353	0.00450	0.00337	0.00137	0.04498	0.00272	0.02463	0.00467
8	0.03833	0.00553	0.00621	0.00607	0.00709	0.00573	0.00438	0.07559	0.08808	0.01407	0.07278	0.17682	0.04529	0.24252	0.00953	0.00225	0.00331	0.06726	0.12501	0.00414
9	0.01151	0.01051	0.01750	0.01348	0.03401	0.02450	0.34941	0.16027	0.03823	0.05598	0.00978	0.01263	0.00781	0.05834	0.03968	0.00185	0.11399	0.00461	0.00285	0.03306
10	0.00884	0.00543	0.00665	0.00598	0.00755	0.00516	0.00460	0.04714	0.05538	0.13094	0.43924	0.05746	0.11283	0.00814	0.00479	0.00136	0.00252	0.00701	0.08418	0.00481
11	0.05242	0.01704	0.53538	0.01069	0.01542	0.00928	0.01251	0.03798	0.04171	0.04251	0.01044	0.04383	0.02413	0.00699	0.05136	0.02413	0.03189	0.02396	0.00241	0.00590
12	0.00977	0.00968	0.04067	0.01112	0.03355	0.07958	0.20259	0.13661	0.01122	0.01471	0.03984	0.28116	0.03256	0.00863	0.03101	0.00169	0.04014	0.00710	0.00325	0.00513
13	0.00694	0.00497	0.00641	0.00699	0.00805	0.00487	0.00578	0.00902	0.04149	0.02545	0.06004	0.08829	0.14182	0.06663	0.00674	0.00198	0.00352	0.48110	0.02589	0.00402
14	0.04022	0.03751	0.01144	0.00908	0.01210	0.09699	0.00727	0.29356	0.29857	0.01996	0.01205	0.01186	0.00906	0.00506	0.00410	0.00125	0.00439	0.00390	0.00381	0.11781
15	0.00852	0.00546	0.00635	0.00567	0.00730	0.00518	0.00438	0.06342	0.03636	0.06747	0.31162	0.03853	0.09340	0.00717	0.00432	0.00124	0.00252	0.01586	0.24285	0.07237
16	0.01119	0.08703	0.31720	0.04616	0.05209	0.02273	0.18355	0.11568	0.01108	0.07162	0.00900	0.01052	0.00662	0.00513	0.03002	0.00152	0.00619	0.00383	0.00253	0.00630
17	0.00874	0.09515	0.09598	0.03603	0.02843	0.03054	0.15066	0.01203	0.08027	0.01348	0.07860	0.02281	0.14195	0.00692	0.00517	0.00147	0.04510	0.11149	0.03005	0.00512
18	0.00623	0.00467	0.00701	0.00701	0.00779	0.00545	0.00545	0.00779	0.00701	0.01012	0.01168	0.01713	0.01090	0.03271	0.82944	0.00701	0.01168	0.00467	0.00234	0.00389
19	0.03167	0.62211	0.15612	0.00837	0.01239	0.01515	0.00886	0.03766	0.00931	0.01176	0.00735	0.00958	0.00659	0.00427	0.00323	0.00108	0.00490	0.04184	0.00207	0.00570
20	0.00978	0.10703	0.26627	0.18399	0.13189	0.03849	0.04310	0.05474	0.02638	0.01348	0.01002	0.03310	0.03460	0.00486	0.00423	0.00136	0.00557	0.02296	0.00231	0.00585
21	0.00564	0.00399	0.00512	0.00590	0.00619	0.00379	0.00396	0.00635	0.00812	0.01075	0.02251	0.59500	0.05046	0.18234	0.00896	0.00228	0.00297	0.06849	0.00376	0.00340
22	0.00692	0.00431	0.00469	0.00485	0.00597	0.00407	0.00376	0.00863	0.00963	0.01438	0.06145	0.05515	0.25468	0.00826	0.00426	0.00133	0.00238	0.11486	0.42650	0.00393
23	0.01583	0.08136	0.01344	0.01107	0.01351	0.72683	0.02509	0.04150	0.01231	0.01124	0.00685	0.00796	0.00569	0.00444	0.00389	0.00112	0.00752	0.00286	0.00228	0.00519
24	0.00802	0.00685	0.01113	0.10891	0.07971	0.00695	0.12771	0.04148	0.03044	0.02194	0.01820	0.26618	0.04633	0.00914	0.00526	0.00167	0.00434	0.19761	0.00339	0.00473
25	0.87753	0.00843	0.00641	0.00574	0.00843	0.00978	0.00472	0.01282	0.00742	0.01957	0.00607	0.00709	0.00472	0.00405	0.00270	0.00135	0.00337	0.00236	0.00270	0.00472
26	0.00639	0.00428	0.00518	0.00518	0.00530	0.00441	0.00316	0.00655	0.00642	0.00869	0.01309	0.02589	0.01462	0.67067	0.15538	0.04804	0.00544	0.00594	0.00255	0.00281
27	0.00824	0.00775	0.01308	0.83624	0.03004	0.00969	0.01211	0.01114	0.00872	0.01114	0.00775	0.01163	0.00581	0.00436	0.00436	0.00145	0.00581	0.00388	0.00194	0.00484
28	0.00824	0.00775	0.01308	0.83624	0.03004	0.00969	0.01211	0.01114	0.00872	0.01114	0.00775	0.01163	0.00581	0.00436	0.00436	0.00145	0.00581	0.00388	0.00194	0.00484
29	0.01598	0.01177	0.01266	0.00982	0.01314	0.01299	0.00806	0.76240	0.01986	0.02662	0.01119	0.05488	0.00856	0.00568	0.00443	0.00133	0.00468	0.00438	0.00435	0.00721
30	0.87753	0.00843	0.00641	0.00574	0.00843	0.00978	0.00472	0.01282	0.00742	0.01957	0.00607	0.00709	0.00472	0.00405	0.00270	0.00135	0.00337	0.00236	0.00270	0.00472
31	0.01197	0.10344	0.01337	0.09400	0.13522	0.12817	0.00873	0.12347	0.25065	0.01586	0.01181	0.02610	0.02271	0.00515	0.00430	0.00132	0.01669	0.00411	0.01675	0.00618
32	0.00627	0.00423	0.00493	0.00500	0.00507	0.00427	0.00293	0.00642	0.00652	0.00875	0.01427	0.08070	0.01636	0.73671	0.07657	0.00426	0.00463	0.00662	0.00271	0.00279
33	0.00650	0.00484	0.00586	0.00643	0.00717	0.00440	0.00449	0.00752	0.02679	0.01305	0.11583	0.53758	0.18821	0.01286	0.00579	0.00183	0.00281	0.03942	0.00442	0.00420
34	0.00623	0.00467	0.00701	0.00701	0.00779	0.00545	0.00545	0.00779	0.00701	0.01012	0.01168	0.01713	0.01090	0.03271	0.82944	0.00701	0.01168	0.00467	0.00234	0.00389
35	0.01048	0.01002	0.01698	0.12679	0.70599	0.01029	0.01310	0.01330	0.02530	0.01394	0.00833	0.01100	0.00690	0.00398	0.00433	0.00132	0.00523	0.00390	0.00218	0.00665
36	0.08783	0.00825	0.00974	0.00783	0.01076	0.02411	0.04563	0.06249	0.11696	0.09047	0.04444	0.03467	0.01100	0.01839	0.00446	0.00121	0.02081	0.05286	0.01991	0.32817
37	0.01159	0.82827	0.04328	0.00759	0.01139	0.01708	0.00768	0.01308	0.00887	0.01035	0.00611	0.00705	0.00560	0.00374	0.00283	0.00094	0.00471	0.00235	0.00187	0.00562
38	0.00755	0.00578	0.00726	0.00744	0.00861	0.04576	0.03026	0.00895	0.00940	0.05099	0.02073	0.41860	0.02311	0.01113	0.00537	0.00169	0.00353	0.25424	0.00384	0.07578
39	0.00533	0.00382	0.00507	0.00602	0.00632	0.00356	0.00403	0.00613	0.00848	0.01130	0.04332	0.80722	0.04623	0.01349	0.00555	0.00176	0.00251	0.01222	0.00407	0.00356
40	0.00838	0.00790	0.01334	0.79060	0.07455	0.00973	0.01218	0.01127	0.00879	0.01132	0.00778	0.01158	0.00588	0.00433	0.00436	0.00144	0.00578	0.00388	0.00195	0.00496
41	0.15610	0.01615	0.01104	0.00985	0.01231	0.49004	0.00756	0.08696	0.14266	0.01484	0.00876	0.00934	0.00689	0.00472	0.00385	0.00123	0.00614	0.00318	0.00286	0.00551
42	0.00813	0.00407	0.00407	0.00407	0.00508	0.00407	0.00305	0.01016	0.00915	0.01626	0.01423	0.01626	0.01118	0.00508	0.00305	0.00102	0.00203	0.00407	0.87093	0.00407
43	0.00813	0.00407	0.00407	0.00407	0.00508	0.00407	0.00305	0.01016	0.00915	0.01626	0.01423	0.01626	0.01118	0.00508	0.00305	0.00102	0.00203	0.00407	0.87093	0.00407
44	0.00838	0.00790	0.01334	0.79172	0.07346	0.00973	0.01218	0.01127	0.00879	0.01131	0.00778	0.01158	0.00587	0.00433	0.00436	0.00144	0.00578	0.00388	0.00195	0.00496
45	0.00616	0.00467	0.00673	0.00744	0.02106	0.00456	0.03563	0.00767	0.02817	0.01182	0.02205	0.55125	0.02529	0.01380	0.05818	0.00213	0.00369	0.18196	0.00384	0.00389
46	0.00625	0.00461	0.00671	0.00671	0.00739	0.00529	0.00508	0.00760	0.00692	0.00990	0.01195	0.01864	0.01156	0.14005	0.72300	0.00664	0.01070	0.00489	0.00238	0.00373
47	0.01093	0.00939	0.00991	0.00883	0.01136	0.01076	0.00688	0.04170	0.76734	0.01834	0.01726	0.01591	0.01296	0.00582	0.00440	0.00145	0.00348	0.00483	0.00438	0.03408
48	0.00515	0.00442	0.00442	0.00442	0.00589	0.00368	0.00331	0.00626	0.00994	0.01178	0.04418	0.04197	0.81775	0.01105	0.00515	0.00147	0.00221	0.00920	0.00405	0.00368
49	0.00824	0.00775	0.01308	0.83624	0.03004	0.00969	0.01211	0.01114	0.00872	0.01114	0.00775	0.01163	0.00581	0.00436	0.00436	0.00145	0.00581	0.00388	0.00194	0.00484
50	0.01109	0.00962	0.01080	0.00940	0.01201	0.01098	0.04673	0.05891	0.73502	0.01846	0.01697	0.01578	0.01271	0.00577	0.00447	0.00147	0.00371	0.00490	0.00432	0.00688
51	0.05668	0.06867	0.01266	0.08356	0.05324	0.26407	0.02578	0.14327	0.16351	0.04109	0.01014	0.01085	0.00777	0.00480	0.00403	0.00127	0.00545	0.00363	0.03361	0.00593
52	0.00783	0.00636	0.02163	0.00842	0.08094	0.00562	0.00587	0.04754	0.02050	0.02514	0.05468	0.29057	0.07228	0.02326	0.00532	0.01980	0.00331	0.09075	0.00350	0.20666
53	0.02941	0.29367	0.13488	0.01053	0.06772	0.05242	0.03390	0.18212	0.03088	0.08488	0.00891	0.00981	0.00690	0.01925	0.00408	0.00124	0.00506	0.00333	0.00284	0.01818
54	0.05206	0.00934	0.06783	0.04581	0.05680	0.03182	0.26752	0.01124	0.00909	0.01282	0.01181	0.07376	0.01115	0.01020	0.11531	0.04388	0.03451	0.11484	0.01529	0.00491
55	0.00637	0.00410	0.00492	0.00528	0.00581	0.00396	0.00362	0.00747	0.00860	0.01250	0.10273	0.31799	0.04739	0.19286	0.02312	0.00218	0.00294	0.03503	0.20958	0.00356
56	0.01098	0.01051	0.02707	0.03357	0.58839	0.02419	0.07372	0.03293	0.06588	0.03258	0.02872	0.01177	0.00817	0.00432	0.00468	0.00134	0.02788	0.00414	0.00250	0.00666

[dist]
# distance from previous block
# <min> <max>
0	3

[block]
# block no. 4 follows, 60 sequences, length 21
# corresponding to MSA columns:
# 193-213
name=unknown_E
#
# <colnr> <probs for GDERKNQSTAVLIFYWHMCP>
#	G	D	E	R	K	N	Q	S	T	A	V	L	I	F	Y	W	H	M	C	P
0	0.00658	0.00494	0.00598	0.00597	0.00725	0.00447	0.00449	0.00824	0.03601	0.02703	0.11920	0.24005	0.21149	0.07389	0.00642	0.00173	0.00288	0.12485	0.00389	0.10464
1	0.04637	0.02910	0.01084	0.00903	0.01169	0.08642	0.00715	0.24933	0.38576	0.03537	0.01469	0.05786	0.02511	0.00596	0.00434	0.00139	0.00421	0.00475	0.00408	0.00655
2	0.01079	0.01036	0.01770	0.02677	0.81952	0.01036	0.01339	0.01339	0.00993	0.01425	0.00820	0.01079	0.00691	0.00389	0.00432	0.00130	0.00518	0.00389	0.00216	0.00691
3	0.01010	0.15493	0.52640	0.01252	0.07488	0.01128	0.04142	0.05138	0.00990	0.03916	0.00833	0.01010	0.00633	0.00429	0.00403	0.00131	0.00588	0.01926	0.00216	0.00635
4	0.00735	0.00655	0.00964	0.00886	0.00938	0.00776	0.06559	0.00841	0.00779	0.01096	0.01562	0.35883	0.03275	0.07703	0.02776	0.00211	0.30291	0.03358	0.00300	0.00411
5	0.00946	0.00900	0.01528	0.45048	0.40627	0.01001	0.01272	0.01221	0.00930	0.01262	0.00797	0.01123	0.00634	0.00413	0.00434	0.00138	0.00551	0.00388	0.00204	0.00583
6	0.01159	0.01038	0.01531	0.04869	0.30093	0.01120	0.09759	0.16687	0.18422	0.01722	0.01091	0.01282	0.00863	0.00501	0.00515	0.00142	0.06073	0.02163	0.00309	0.00661
7	0.01012	0.03958	0.00774	0.00647	0.00830	0.04723	0.00507	0.06107	0.18881	0.07134	0.15361	0.01859	0.03861	0.00604	0.00398	0.00123	0.00302	0.00494	0.31901	0.00523
8	0.00578	0.00437	0.00531	0.00531	0.00634	0.00394	0.00393	0.00731	0.01084	0.01450	0.42394	0.14660	0.27811	0.02989	0.00563	0.00155	0.00229	0.03613	0.00439	0.00387
9	0.01367	0.01512	0.01395	0.06656	0.26829	0.39136	0.01009	0.07998	0.07398	0.01378	0.00842	0.00988	0.00678	0.00446	0.00415	0.00124	0.00630	0.00347	0.00254	0.00596
10	0.00891	0.00846	0.01418	0.60207	0.21346	0.01005	0.01227	0.01163	0.00889	0.01183	0.00775	0.01132	0.00606	0.00443	0.00489	0.00144	0.05118	0.00388	0.00199	0.00532
11	0.00634	0.00423	0.00476	0.00476	0.00476	0.00423	0.00264	0.00634	0.00634	0.00846	0.01374	0.02854	0.01586	0.84672	0.02220	0.00423	0.00423	0.00634	0.00264	0.00264
12	0.00932	0.00869	0.01078	0.14013	0.21817	0.10259	0.00831	0.02566	0.03770	0.03273	0.11085	0.07182	0.15934	0.00682	0.00461	0.00138	0.00433	0.01951	0.02210	0.00516
13	0.01089	0.01051	0.01597	0.19610	0.54132	0.05925	0.01239	0.05613	0.02947	0.01419	0.00837	0.01091	0.00678	0.00414	0.00431	0.00132	0.00541	0.00385	0.00229	0.00639
14	0.02600	0.01079	0.14176	0.18807	0.04997	0.06388	0.02472	0.01311	0.04446	0.12144	0.01049	0.02982	0.00888	0.14378	0.00838	0.00191	0.10021	0.00437	0.00270	0.00527
15	0.00582	0.00478	0.00518	0.00514	0.00650	0.00434	0.00382	0.00799	0.07740	0.01323	0.17119	0.11819	0.53981	0.01052	0.00513	0.00149	0.00232	0.00894	0.00421	0.00401
16	0.20044	0.01081	0.04093	0.00868	0.02647	0.13704	0.03467	0.12646	0.14318	0.03348	0.02603	0.06899	0.01002	0.00548	0.00390	0.00132	0.00434	0.00427	0.10792	0.00555
17	0.09414	0.13454	0.03444	0.02239	0.01120	0.03826	0.00659	0.10881	0.10728	0.10769	0.02978	0.01295	0.06200	0.00492	0.00377	0.00114	0.00393	0.00377	0.00334	0.20905
18	0.05338	0.08452	0.24748	0.01109	0.06841	0.04690	0.06180	0.08070	0.10352	0.06163	0.03628	0.01322	0.06134	0.00499	0.00415	0.00130	0.00498	0.00408	0.00293	0.04729
19	0.07478	0.10822	0.15100	0.03324	0.13120	0.06862	0.04663	0.03100	0.04607	0.06153	0.01137	0.10084	0.02708	0.00594	0.01806	0.00140	0.00496	0.01431	0.00276	0.06099
20	0.10329	0.15833	0.05550	0.00909	0.05013	0.07931	0.02021	0.11802	0.04864	0.03929	0.03316	0.02867	0.02359	0.04840	0.08342	0.00192	0.01872	0.01701	0.00289	0.06040

[dist]
# distance from previous block
# <min> <max>
2	50

[block]
# block no. 5 follows, 60 sequences, length 6
# corresponding to MSA columns:
# 277-282
name=unknown_F
#
# <colnr> <probs for GDERKNQSTAVLIFYWHMCP>
#	G	D	E	R	K	N	Q	S	T	A	V	L	I	F	Y	W	H	M	C	P
0	0.04804	0.00446	0.00552	0.00592	0.00650	0.00450	0.00409	0.00733	0.03678	0.01128	0.04366	0.40810	0.08330	0.13548	0.11556	0.05957	0.00408	0.00882	0.00345	0.00356
1	0.02296	0.09893	0.02834	0.03694	0.07759	0.05699	0.00633	0.03210	0.04175	0.02749	0.18353	0.06775	0.19988	0.04776	0.00575	0.00152	0.03038	0.02581	0.00346	0.00473
2	0.06594	0.13334	0.13561	0.14630	0.15744	0.03883	0.08855	0.09405	0.03524	0.01491	0.04357	0.01099	0.00787	0.00441	0.00409	0.00131	0.00536	0.00376	0.00249	0.00595
3	0.00850	0.05728	0.28729	0.01008	0.05964	0.00748	0.03724	0.01110	0.00928	0.07646	0.01646	0.30807	0.05364	0.00812	0.00474	0.00151	0.00443	0.03032	0.00311	0.00525
4	0.00644	0.00473	0.00585	0.00627	0.03061	0.00437	0.00445	0.00803	0.03190	0.04813	0.14650	0.26449	0.32009	0.01209	0.04958	0.00185	0.00305	0.04340	0.00408	0.00408
5	0.00880	0.02972	0.16846	0.05172	0.06121	0.06058	0.02862	0.02615	0.01007	0.05284	0.14363	0.12911	0.05863	0.00907	0.07237	0.00184	0.00487	0.00586	0.07143	0.00502

[dist]
# distance from previous block
# <min> <max>
2	9

[block]
# block no. 6 follows, 60 sequences, length 33
# corresponding to MSA columns:
# 292-324
name=unknown_G
#
# <colnr> <probs for GDERKNQSTAVLIFYWHMCP>
#	G	D	E	R	K	N	Q	S	T	A	V	L	I	F	Y	W	H	M	C	P
0	0.02350	0.14011	0.02888	0.05861	0.18184	0.05409	0.10220	0.11186	0.01121	0.10039	0.02352	0.01193	0.02181	0.00641	0.06023	0.00164	0.00554	0.00394	0.02300	0.02930
1	0.03577	0.01175	0.01245	0.01055	0.06017	0.06070	0.00812	0.56894	0.06153	0.07664	0.01100	0.01108	0.00791	0.00513	0.00425	0.00130	0.00472	0.00391	0.03705	0.00703
2	0.07331	0.10244	0.05575	0.01072	0.09772	0.08113	0.00818	0.16063	0.21693	0.02840	0.01157	0.01188	0.03035	0.00494	0.00415	0.00126	0.01913	0.00381	0.00327	0.07445
3	0.01110	0.12876	0.01427	0.27775	0.13624	0.08005	0.00978	0.13358	0.08144	0.01460	0.01083	0.01291	0.04654	0.00494	0.00417	0.00132	0.00516	0.01805	0.00271	0.00577
4	0.00623	0.00418	0.00479	0.00490	0.00493	0.00415	0.00280	0.00631	0.00656	0.00875	0.01487	0.11770	0.01728	0.75562	0.02038	0.00396	0.00404	0.00700	0.00280	0.00274
5	0.00873	0.00819	0.02705	0.07994	0.26156	0.00891	0.05860	0.01083	0.00857	0.01245	0.04736	0.01386	0.00956	0.02436	0.21924	0.00293	0.14619	0.00438	0.04207	0.00521
6	0.01086	0.00879	0.00936	0.00834	0.01078	0.00988	0.00651	0.04837	0.64859	0.06111	0.02052	0.01896	0.10574	0.00646	0.00452	0.00147	0.00337	0.00536	0.00444	0.00658
7	0.00853	0.00810	0.02444	0.38267	0.18779	0.03277	0.02138	0.01108	0.00994	0.01340	0.19337	0.01682	0.03250	0.00551	0.00468	0.00139	0.01792	0.00489	0.01771	0.00511
8	0.00621	0.00430	0.00512	0.00515	0.00539	0.00437	0.00320	0.00657	0.00677	0.00906	0.01587	0.05600	0.07109	0.62474	0.15433	0.00441	0.00527	0.00648	0.00274	0.00295
9	0.07372	0.02117	0.74214	0.01184	0.01790	0.01012	0.01503	0.01398	0.02965	0.01436	0.00795	0.00923	0.00566	0.00418	0.00404	0.00138	0.00614	0.00320	0.00197	0.00633
10	0.00946	0.03977	0.00961	0.00668	0.01039	0.00656	0.00538	0.02684	0.04189	0.02856	0.00869	0.02877	0.00732	0.00368	0.00336	0.00074	0.00332	0.00295	0.00275	0.75330
11	0.01687	0.00872	0.01053	0.00810	0.01139	0.00841	0.00665	0.26363	0.01443	0.44433	0.01402	0.01304	0.00936	0.00512	0.00418	0.00125	0.00389	0.00405	0.06367	0.08835
12	0.07290	0.02769	0.04716	0.03608	0.15542	0.07434	0.00749	0.01205	0.08406	0.02745	0.20626	0.06804	0.08034	0.02173	0.00505	0.00146	0.01850	0.04543	0.00342	0.00512
13	0.00667	0.00441	0.00541	0.00534	0.00561	0.00456	0.00337	0.00707	0.00666	0.03065	0.01337	0.02561	0.01461	0.64138	0.20299	0.00478	0.00589	0.00592	0.00265	0.00305
14	0.01319	0.01053	0.01118	0.00935	0.01223	0.01194	0.00747	0.34310	0.48790	0.02203	0.01477	0.01390	0.01090	0.00564	0.00441	0.00141	0.00400	0.00452	0.00441	0.00711
15	0.01037	0.09660	0.18875	0.04502	0.23100	0.04911	0.12454	0.01405	0.06407	0.02713	0.00960	0.01282	0.00794	0.00457	0.00429	0.00133	0.00555	0.05208	0.00241	0.04877
16	0.00956	0.02084	0.73087	0.04336	0.01871	0.00983	0.01522	0.01428	0.00944	0.07576	0.00854	0.00973	0.00594	0.00425	0.00417	0.00138	0.00621	0.00334	0.00212	0.00646
17	0.01079	0.01036	0.01770	0.02677	0.81952	0.01036	0.01339	0.01339	0.00993	0.01425	0.00820	0.01079	0.00691	0.00389	0.00432	0.00130	0.00518	0.00389	0.00216	0.00691
18	0.00627	0.00454	0.00632	0.00632	0.00685	0.00507	0.00459	0.00734	0.00680	0.00961	0.01232	0.02065	0.01243	0.28342	0.58081	0.00615	0.00939	0.00519	0.00243	0.00351
19	0.01080	0.08038	0.36810	0.03232	0.06688	0.04109	0.18409	0.01458	0.02372	0.09627	0.00927	0.02472	0.00694	0.00439	0.00447	0.00137	0.01806	0.00393	0.00241	0.00623
20	0.00531	0.00380	0.00506	0.00607	0.00633	0.00354	0.00405	0.00607	0.00835	0.01113	0.02404	0.84388	0.02885	0.01366	0.00557	0.00177	0.00253	0.01240	0.00405	0.00354
21	0.00629	0.00442	0.00572	0.00572	0.00606	0.00475	0.00385	0.00696	0.00663	0.00917	0.01286	0.02364	0.01373	0.49687	0.36914	0.00542	0.00743	0.00562	0.00251	0.00318
22	0.01065	0.00775	0.01159	0.02582	0.32819	0.00764	0.00844	0.03500	0.05864	0.13523	0.26270	0.01877	0.01874	0.00590	0.00454	0.00133	0.00374	0.00528	0.04410	0.00597
23	0.01032	0.00991	0.01693	0.12435	0.68640	0.01011	0.02777	0.01293	0.00979	0.01380	0.00914	0.01177	0.02896	0.00414	0.00436	0.00132	0.00522	0.00405	0.00218	0.00655
24	0.00624	0.00465	0.00691	0.00691	0.00766	0.00540	0.00533	0.00772	0.00698	0.01005	0.01177	0.01763	0.01112	0.06839	0.79406	0.00689	0.01136	0.00475	0.00235	0.00384
25	0.01029	0.01176	0.02574	0.01838	0.02279	0.01103	0.80368	0.01397	0.01029	0.01397	0.00882	0.01176	0.00662	0.00368	0.00515	0.00147	0.00735	0.00515	0.00221	0.00588
26	0.02522	0.01406	0.33509	0.04752	0.02752	0.07244	0.02337	0.04013	0.03875	0.03577	0.14340	0.01874	0.08483	0.00622	0.00471	0.00142	0.02098	0.05134	0.00298	0.00551
27	0.01222	0.01073	0.04010	0.06565	0.09345	0.09584	0.07555	0.12272	0.11035	0.11637	0.02485	0.01419	0.04990	0.02810	0.03694	0.00170	0.08763	0.00447	0.00326	0.00597
28	0.00586	0.00445	0.00540	0.00516	0.00633	0.00398	0.00387	0.00763	0.01161	0.01575	0.58217	0.03544	0.27728	0.00956	0.00515	0.00140	0.00210	0.00829	0.00457	0.00398
29	0.00954	0.00954	0.01336	0.01145	0.01145	0.01336	0.00954	0.01050	0.00668	0.01050	0.00573	0.00954	0.00573	0.00763	0.01431	0.00191	0.83874	0.00382	0.00191	0.00477
30	0.05304	0.10178	0.01495	0.01280	0.10104	0.41387	0.07848	0.04524	0.03897	0.01259	0.00741	0.00894	0.00615	0.00462	0.00489	0.00125	0.08285	0.00327	0.00234	0.00550
31	0.01166	0.84935	0.02285	0.00746	0.01119	0.01726	0.00746	0.01306	0.00886	0.01026	0.00606	0.00700	0.00560	0.00373	0.00280	0.00093	0.00466	0.00233	0.00187	0.00560
32	0.00888	0.12930	0.08401	0.01110	0.16417	0.00900	0.00778	0.01115	0.05789	0.02279	0.02237	0.01631	0.01040	0.23520	0.11697	0.00282	0.05774	0.00446	0.00246	0.02520

[dist]
# distance from previous block
# <min> <max>
1	3

[block]
# block no. 7 follows, 60 sequences, length 17
# corresponding to MSA columns:
# 329-345
name=unknown_H
#
# <colnr> <probs for GDERKNQSTAVLIFYWHMCP>
#	G	D	E	R	K	N	Q	S	T	A	V	L	I	F	Y	W	H	M	C	P
0	0.00896	0.00864	0.00851	0.00784	0.00908	0.14447	0.00602	0.02538	0.10635	0.01436	0.29582	0.10891	0.08994	0.00823	0.00633	0.00148	0.13473	0.00656	0.00373	0.00467
1	0.01405	0.04675	0.06195	0.01048	0.03662	0.11477	0.00860	0.38430	0.21171	0.02062	0.01122	0.01133	0.00838	0.00523	0.00459	0.00134	0.03367	0.00392	0.00371	0.00676
2	0.00924	0.01299	0.29663	0.08716	0.06138	0.00832	0.02231	0.04322	0.03887	0.03589	0.04985	0.01388	0.04550	0.00485	0.00414	0.00122	0.00478	0.02915	0.00266	0.22797
3	0.02689	0.02859	0.05213	0.10160	0.41565	0.01047	0.09423	0.08032	0.02189	0.06260	0.00928	0.03110	0.00749	0.00452	0.00472	0.00137	0.03398	0.00418	0.00258	0.00643
4	0.21989	0.01017	0.01256	0.00987	0.01303	0.01089	0.12837	0.36507	0.01420	0.07130	0.01092	0.03933	0.00880	0.00548	0.00424	0.00141	0.00465	0.05996	0.00367	0.00618
5	0.00634	0.00423	0.00476	0.00476	0.00476	0.00423	0.00264	0.00634	0.00634	0.00846	0.01374	0.02854	0.01586	0.84672	0.02220	0.00423	0.00423	0.00634	0.00264	0.00264
6	0.01097	0.04933	0.17595	0.07550	0.41358	0.04625	0.02419	0.01473	0.07639	0.05786	0.00923	0.01093	0.00718	0.00424	0.00423	0.00132	0.00538	0.00377	0.00244	0.00655
7	0.00959	0.06459	0.01460	0.60364	0.07868	0.04225	0.04887	0.06366	0.00979	0.01247	0.00786	0.01105	0.00601	0.00432	0.00428	0.00139	0.00578	0.00380	0.00213	0.00526
8	0.00634	0.00423	0.00476	0.00476	0.00476	0.00423	0.00264	0.00634	0.00634	0.00846	0.01374	0.02854	0.01586	0.84672	0.02220	0.00423	0.00423	0.00634	0.00264	0.00264
9	0.00531	0.00380	0.00506	0.00607	0.00633	0.00354	0.00405	0.00607	0.00835	0.01113	0.02404	0.84388	0.02885	0.01366	0.00557	0.00177	0.00253	0.01240	0.00405	0.00354
10	0.00813	0.00407	0.00407	0.00407	0.00508	0.00407	0.00305	0.01016	0.00915	0.01626	0.01423	0.01626	0.01118	0.00508	0.00305	0.00102	0.00203	0.00407	0.87093	0.00407
11	0.01073	0.30095	0.24273	0.01088	0.05965	0.03922	0.03712	0.04974	0.00959	0.04047	0.00862	0.06824	0.00762	0.00511	0.00489	0.00130	0.09122	0.00379	0.00230	0.00582
12	0.03116	0.03796	0.01189	0.00926	0.01232	0.03731	0.00754	0.44440	0.22763	0.08170	0.01265	0.01231	0.00920	0.00588	0.02088	0.00145	0.00451	0.00413	0.02085	0.00696
13	0.00892	0.00751	0.00873	0.00632	0.00997	0.00570	0.00501	0.01080	0.00896	0.01409	0.00817	0.00995	0.00694	0.03180	0.00386	0.00078	0.00322	0.00276	0.03199	0.81452
14	0.00633	0.00424	0.00482	0.00480	0.00485	0.00422	0.00272	0.00645	0.00667	0.00895	0.05739	0.02876	0.01723	0.80121	0.02127	0.00407	0.00411	0.00643	0.00276	0.00272
15	0.02960	0.03523	0.00977	0.02830	0.01091	0.00798	0.00609	0.13621	0.09682	0.03348	0.01295	0.06727	0.05359	0.00547	0.00414	0.00109	0.01938	0.03500	0.00330	0.40343
16	0.03872	0.10957	0.34988	0.01166	0.05071	0.07806	0.07298	0.07763	0.04531	0.02843	0.00890	0.02390	0.00701	0.00449	0.00405	0.00128	0.00566	0.01679	0.00244	0.06251

[dist]
# distance from previous block
# <min> <max>
7	61

[block]
# block no. 8 follows, 60 sequences, length 101
# corresponding to MSA columns:
# 427-455,457-486,488-515,517-525,530-534
name=unknown_I
#
# <colnr> <probs for GDERKNQSTAVLIFYWHMCP>
#	G	D	E	R	K	N	Q	S	T	A	V	L	I	F	Y	W	H	M	C	P
0	0.04963	0.02815	0.04626	0.08136	0.19062	0.03389	0.04517	0.03361	0.11483	0.02765	0.09770	0.04684	0.01226	0.01801	0.04320	0.00167	0.06489	0.00468	0.00294	0.05664
1	0.00795	0.01773	0.05100	0.04371	0.18252	0.02829	0.00732	0.03132	0.03162	0.01334	0.12650	0.21643	0.09942	0.06637	0.02061	0.00174	0.01948	0.00710	0.00330	0.02426
2	0.02551	0.02169	0.07510	0.06305	0.27698	0.03223	0.03438	0.03011	0.08236	0.01390	0.01394	0.14590	0.06131	0.00631	0.00461	0.00138	0.01488	0.02055	0.00287	0.07295
3	0.00845	0.00775	0.01266	0.58559	0.07566	0.00922	0.03438	0.03197	0.00918	0.01202	0.03868	0.01523	0.02666	0.04679	0.00574	0.00161	0.03592	0.03533	0.00229	0.00488
4	0.00737	0.00632	0.02204	0.00742	0.03995	0.04329	0.02704	0.04085	0.02751	0.02482	0.19916	0.19111	0.17959	0.06706	0.06592	0.00208	0.00388	0.03653	0.00379	0.00428
5	0.87753	0.00843	0.00641	0.00574	0.00843	0.00978	0.00472	0.01282	0.00742	0.01957	0.00607	0.00709	0.00472	0.00405	0.00270	0.00135	0.00337	0.00236	0.00270	0.00472
6	0.01046	0.00781	0.00926	0.00669	0.01050	0.00605	0.00538	0.02895	0.00970	0.11113	0.00894	0.00977	0.00700	0.00353	0.00339	0.00074	0.00332	0.00283	0.00296	0.75160
7	0.01077	0.00700	0.00822	0.00724	0.00934	0.00720	0.00564	0.02921	0.30961	0.18458	0.26584	0.04721	0.07493	0.00729	0.00472	0.00142	0.00299	0.00622	0.00471	0.00585
8	0.00954	0.00954	0.01336	0.01145	0.01145	0.01336	0.00954	0.01050	0.00668	0.01050	0.00573	0.00954	0.00573	0.00763	0.01431	0.00191	0.83874	0.00382	0.00191	0.00477
9	0.00924	0.02112	0.72746	0.01280	0.01896	0.01008	0.08465	0.01407	0.00941	0.04051	0.00822	0.00962	0.00579	0.00414	0.00424	0.00139	0.00643	0.00343	0.00199	0.00643
10	0.00816	0.00423	0.00431	0.00430	0.00533	0.00424	0.00321	0.02703	0.00935	0.01623	0.01467	0.06023	0.01204	0.00554	0.00321	0.00106	0.00212	0.00451	0.80612	0.00411
11	0.00623	0.00467	0.00701	0.00701	0.00779	0.00545	0.00545	0.00779	0.00701	0.01012	0.01168	0.01713	0.01090	0.03271	0.82944	0.00701	0.01168	0.00467	0.00234	0.00389
12	0.00624	0.00465	0.00688	0.00688	0.00761	0.00538	0.00529	0.00770	0.00697	0.01003	0.01180	0.01779	0.01119	0.07955	0.78298	0.00685	0.01125	0.00477	0.00235	0.00382
13	0.00612	0.02246	0.00656	0.00653	0.00707	0.00525	0.00476	0.00708	0.00789	0.01066	0.02033	0.39978	0.10473	0.08550	0.20563	0.00319	0.08074	0.00872	0.00328	0.00372
14	0.01180	0.43674	0.16502	0.01150	0.11405	0.15687	0.00997	0.01396	0.00963	0.01148	0.00676	0.00806	0.00575	0.00402	0.00362	0.00111	0.01909	0.00279	0.00197	0.00581
15	0.34564	0.30190	0.03192	0.00777	0.01087	0.16567	0.00683	0.06193	0.00968	0.01504	0.00650	0.00745	0.00537	0.00410	0.00310	0.00116	0.00481	0.00255	0.00241	0.00529
16	0.01076	0.01074	0.02964	0.05228	0.72064	0.02668	0.05823	0.01343	0.00995	0.01405	0.00819	0.01080	0.00681	0.00391	0.00436	0.00131	0.00540	0.00393	0.00215	0.00674
17	0.00531	0.00380	0.00506	0.00607	0.00633	0.00354	0.00405	0.00607	0.00835	0.01113	0.02404	0.84388	0.02885	0.01366	0.00557	0.00177	0.00253	0.01240	0.00405	0.00354
18	0.00559	0.00450	0.00465	0.00457	0.00606	0.00378	0.00344	0.00677	0.01015	0.03344	0.08798	0.04072	0.75180	0.01077	0.00513	0.00146	0.00224	0.00900	0.00413	0.00381
19	0.01957	0.00742	0.01012	0.00776	0.01113	0.00641	0.00641	0.02126	0.01248	0.82254	0.01721	0.01484	0.01080	0.00540	0.00439	0.00135	0.00371	0.00439	0.00540	0.00742
20	0.00543	0.00429	0.00482	0.00501	0.00606	0.00377	0.00361	0.00654	0.00972	0.01227	0.14674	0.21615	0.47421	0.06161	0.00628	0.00170	0.00241	0.02169	0.00407	0.00366
21	0.12704	0.00947	0.01079	0.00842	0.01172	0.00975	0.00694	0.32297	0.04420	0.38403	0.01321	0.01222	0.00881	0.00518	0.00416	0.00134	0.00408	0.00397	0.00462	0.00706
22	0.00610	0.00444	0.00564	0.00535	0.00636	0.00408	0.00396	0.00795	0.01177	0.01645	0.70183	0.03314	0.10648	0.06002	0.00618	0.00155	0.00220	0.00791	0.00461	0.00399
23	0.00728	0.00560	0.00662	0.00681	0.00785	0.00579	0.00490	0.06662	0.17403	0.01411	0.06289	0.53136	0.06674	0.01110	0.00521	0.00164	0.00284	0.00987	0.00419	0.00454
24	0.01166	0.84935	0.02285	0.00746	0.01119	0.01726	0.00746	0.01306	0.00886	0.01026	0.00606	0.00700	0.00560	0.00373	0.00280	0.00093	0.00466	0.00233	0.00187	0.00560
25	0.00603	0.00425	0.00473	0.00477	0.00514	0.00407	0.00291	0.00637	0.00740	0.00959	0.04476	0.07426	0.19086	0.59732	0.01713	0.00342	0.00364	0.00733	0.00309	0.00296
26	0.00541	0.00386	0.00515	0.00614	0.00643	0.00362	0.00417	0.00621	0.00840	0.01118	0.02386	0.79685	0.02850	0.02475	0.00581	0.00181	0.00262	0.04766	0.00403	0.00355
27	0.00914	0.00781	0.00924	0.00699	0.03001	0.00600	0.00539	0.02262	0.00930	0.01448	0.02528	0.00962	0.00723	0.00340	0.00331	0.00069	0.00328	0.00275	0.00265	0.82081
28	0.04818	0.01223	0.01186	0.00963	0.01268	0.10346	0.00776	0.49620	0.19677	0.02302	0.01159	0.01146	0.00851	0.00526	0.00424	0.00132	0.00473	0.00397	0.02025	0.00687
29	0.73307	0.00889	0.00742	0.00637	0.00920	0.01014	0.00525	0.11573	0.00931	0.05144	0.00707	0.00782	0.00531	0.00425	0.00298	0.00134	0.00357	0.00264	0.00302	0.00518
30	0.00563	0.00438	0.00512	0.00510	0.00625	0.00387	0.00379	0.00710	0.01076	0.01409	0.36106	0.12479	0.39789	0.01047	0.00521	0.00147	0.00221	0.02260	0.00436	0.00385
31	0.01658	0.01222	0.01309	0.01003	0.01353	0.01353	0.00829	0.80497	0.02051	0.02749	0.01047	0.01047	0.00742	0.00524	0.00436	0.00131	0.00480	0.00393	0.00436	0.00742
32	0.01658	0.01222	0.01309	0.01003	0.01353	0.01353	0.00829	0.80497	0.02051	0.02749	0.01047	0.01047	0.00742	0.00524	0.00436	0.00131	0.00480	0.00393	0.00436	0.00742
33	0.00589	0.00445	0.00543	0.00519	0.00634	0.00399	0.00389	0.00768	0.01167	0.01589	0.60037	0.03521	0.25899	0.00951	0.00515	0.00140	0.00210	0.00826	0.00459	0.00399
34	0.00623	0.00467	0.00701	0.00701	0.00779	0.00545	0.00545	0.00779	0.00701	0.01012	0.01168	0.01713	0.01090	0.03271	0.82944	0.00701	0.01168	0.00467	0.00234	0.00389
35	0.00629	0.00420	0.00477	0.00483	0.00484	0.00419	0.00272	0.00633	0.00645	0.00860	0.01430	0.07258	0.01656	0.80173	0.02130	0.00410	0.00414	0.00667	0.00272	0.00269
36	0.00522	0.00442	0.00450	0.00448	0.00593	0.00371	0.00336	0.00638	0.01009	0.01213	0.09069	0.04141	0.77103	0.01092	0.00515	0.00147	0.00220	0.00913	0.00410	0.00371
37	0.00744	0.00388	0.00582	0.00582	0.00590	0.00396	0.00396	0.00590	0.00582	0.00784	0.00799	0.01365	0.00791	0.01694	0.09970	0.78499	0.00459	0.00388	0.00194	0.00210
38	0.01161	0.83130	0.02265	0.00755	0.01120	0.01717	0.00751	0.01300	0.00882	0.01027	0.00606	0.00705	0.00560	0.00382	0.00305	0.00095	0.02259	0.00236	0.00187	0.00558
39	0.00901	0.00770	0.00901	0.00651	0.01029	0.00588	0.00520	0.01109	0.02092	0.01418	0.00799	0.00934	0.00666	0.00395	0.02243	0.00081	0.00343	0.00267	0.00261	0.84032
40	0.02394	0.65667	0.09075	0.00798	0.01181	0.02623	0.00807	0.03220	0.02893	0.05429	0.00733	0.00807	0.00617	0.00398	0.00309	0.00103	0.00472	0.00265	0.01627	0.00580
41	0.00633	0.00471	0.00677	0.00672	0.00735	0.00542	0.00506	0.00760	0.00689	0.00984	0.01190	0.01893	0.01164	0.17282	0.67121	0.00641	0.02939	0.00494	0.00238	0.00370
42	0.03230	0.00876	0.01179	0.07278	0.08831	0.00877	0.01970	0.14623	0.01227	0.36888	0.01225	0.01230	0.00847	0.00535	0.01465	0.00138	0.06659	0.00396	0.00396	0.10129
43	0.01066	0.06142	0.03935	0.10031	0.28961	0.03180	0.01098	0.08093	0.00955	0.01340	0.00739	0.01018	0.00635	0.00579	0.02065	0.00159	0.28825	0.00374	0.00222	0.00583
44	0.00630	0.00381	0.00537	0.00593	0.00609	0.00369	0.00397	0.00595	0.00718	0.00959	0.01672	0.46973	0.01934	0.01476	0.03052	0.37326	0.00329	0.00854	0.00309	0.00285
45	0.15398	0.01124	0.01170	0.00913	0.01246	0.02524	0.00752	0.58280	0.01744	0.11058	0.01043	0.01036	0.00732	0.00505	0.00409	0.00132	0.00451	0.00371	0.00417	0.00695
46	0.00537	0.00383	0.00512	0.00613	0.00641	0.00359	0.00414	0.00616	0.00840	0.01119	0.02401	0.81921	0.02873	0.01361	0.00558	0.00178	0.00258	0.03654	0.00405	0.00356
47	0.87753	0.00843	0.00641	0.00574	0.00843	0.00978	0.00472	0.01282	0.00742	0.01957	0.00607	0.00709	0.00472	0.00405	0.00270	0.00135	0.00337	0.00236	0.00270	0.00472
48	0.01074	0.01006	0.01430	0.01921	0.48291	0.03182	0.01059	0.01666	0.29186	0.01546	0.01290	0.01384	0.04028	0.00489	0.00438	0.00136	0.00453	0.00443	0.00304	0.00673
49	0.00542	0.00401	0.00506	0.00568	0.00628	0.00366	0.00392	0.00644	0.00926	0.01223	0.14963	0.57160	0.17595	0.01245	0.00543	0.00165	0.00240	0.01112	0.00416	0.00366
50	0.01595	0.01174	0.01264	0.00981	0.01312	0.01296	0.00805	0.76012	0.01982	0.02657	0.01123	0.05727	0.00862	0.00571	0.00443	0.00133	0.00467	0.00440	0.00435	0.00720
51	0.32991	0.00792	0.00882	0.00707	0.01017	0.00787	0.00583	0.04809	0.01096	0.48720	0.02685	0.01218	0.00900	0.00496	0.00379	0.00135	0.00360	0.00370	0.00437	0.00639
52	0.00534	0.00391	0.00503	0.00589	0.00632	0.00360	0.00401	0.00619	0.00866	0.01139	0.04469	0.71512	0.12526	0.01321	0.00551	0.00173	0.00250	0.02400	0.00407	0.00358
53	0.00921	0.00903	0.01393	0.63065	0.18156	0.05871	0.01214	0.01195	0.00917	0.01172	0.00778	0.01124	0.00601	0.00428	0.00433	0.00140	0.00581	0.00381	0.00200	0.00526
54	0.00897	0.08460	0.76400	0.01206	0.01830	0.01066	0.01547	0.01376	0.00918	0.01355	0.00769	0.00904	0.00553	0.00411	0.00404	0.00135	0.00631	0.00316	0.00184	0.00638
55	0.00624	0.00436	0.00557	0.00618	0.00701	0.00402	0.00462	0.00743	0.00937	0.04396	0.05944	0.43758	0.19643	0.01224	0.00551	0.00173	0.00281	0.17750	0.00413	0.00385
56	0.01240	0.00900	0.06136	0.00974	0.01268	0.00808	0.14912	0.11047	0.09500	0.23742	0.04782	0.14292	0.03549	0.00660	0.00469	0.00144	0.00428	0.00595	0.03949	0.00606
57	0.00579	0.00429	0.00544	0.00611	0.00685	0.00400	0.00457	0.00699	0.00928	0.01202	0.07393	0.38913	0.20331	0.04528	0.00622	0.00184	0.00287	0.20437	0.00403	0.00369
58	0.00849	0.00606	0.00669	0.00626	0.00776	0.00633	0.00475	0.08943	0.18148	0.01687	0.17041	0.14143	0.09145	0.00778	0.00442	0.00136	0.00270	0.00663	0.23479	0.00490
59	0.01253	0.07051	0.14574	0.02174	0.06204	0.05882	0.15062	0.25389	0.05499	0.03863	0.00941	0.01092	0.00718	0.02428	0.00538	0.00143	0.05857	0.00397	0.00297	0.00637
60	0.00987	0.01176	0.16615	0.14385	0.39832	0.00963	0.07515	0.01290	0.00965	0.04014	0.00996	0.05244	0.02089	0.00474	0.00446	0.00139	0.00544	0.01476	0.00232	0.00619
61	0.00603	0.00492	0.02000	0.00590	0.00690	0.00450	0.00431	0.00825	0.09425	0.01234	0.02879	0.46559	0.26488	0.01154	0.00520	0.00161	0.00258	0.01015	0.03826	0.00401
62	0.37256	0.05010	0.02368	0.00989	0.04893	0.30917	0.05389	0.04886	0.01015	0.01548	0.00679	0.00802	0.00544	0.00427	0.00363	0.00126	0.01734	0.00286	0.00249	0.00519
63	0.00768	0.02717	0.01040	0.24038	0.16056	0.02489	0.00835	0.00949	0.00873	0.01158	0.01444	0.29837	0.01535	0.03510	0.07590	0.00209	0.00498	0.03708	0.00284	0.00462
64	0.16661	0.14469	0.08092	0.01325	0.16239	0.04370	0.14193	0.09162	0.01038	0.01565	0.00768	0.00925	0.00611	0.00397	0.00380	0.00122	0.00513	0.00337	0.00245	0.08590
65	0.00667	0.02033	0.00700	0.00668	0.00729	0.00541	0.00503	0.00742	0.00673	0.00951	0.01081	0.01690	0.01043	0.08980	0.57847	0.17532	0.02592	0.00457	0.00226	0.00346
66	0.00623	0.00467	0.00701	0.00701	0.00779	0.00545	0.00545	0.00779	0.00701	0.01012	0.01168	0.01713	0.01090	0.03271	0.82944	0.00701	0.01168	0.00467	0.00234	0.00389
67	0.00626	0.00469	0.00701	0.00705	0.00784	0.00543	0.00551	0.00784	0.00713	0.01024	0.01213	0.01840	0.01146	0.03189	0.79694	0.00681	0.01138	0.03567	0.00240	0.00390
