[name]
unknown

[dist]
# distance from previous block
# <min> <max>
3	106

[block]
# block no. 0 follows, 72 sequences, length 68
# corresponding to MSA columns:
# 127-194
name=unknown_A
#
# <colnr> <probs for GDERKNQSTAVLIFYWHMCP>
#	G	D	E	R	K	N	Q	S	T	A	V	L	I	F	Y	W	H	M	C	P
0	0.00890	0.03190	0.04023	0.10308	0.14218	0.05451	0.06818	0.04301	0.03871	0.05854	0.01123	0.06404	0.08740	0.00547	0.00581	0.00129	0.19538	0.00427	0.01152	0.02433
1	0.02018	0.00675	0.00835	0.00713	0.06101	0.01754	0.00527	0.01269	0.04703	0.27308	0.01175	0.04744	0.04575	0.00426	0.00340	0.00091	0.00305	0.00353	0.00317	0.41772
2	0.00831	0.00696	0.00807	0.01991	0.00936	0.00582	0.00485	0.07721	0.05908	0.01333	0.00823	0.05446	0.00709	0.00360	0.00308	0.00072	0.00294	0.00294	0.00253	0.70153
3	0.06426	0.05590	0.05710	0.03666	0.07117	0.09130	0.06312	0.12946	0.05656	0.08753	0.04631	0.04049	0.02033	0.01833	0.00502	0.00124	0.11289	0.00374	0.00269	0.03590
4	0.00767	0.02309	0.13279	0.02698	0.03577	0.11033	0.07466	0.03283	0.00857	0.02621	0.06448	0.29667	0.04367	0.03069	0.00500	0.00139	0.04031	0.03198	0.00275	0.00416
5	0.00753	0.00679	0.01103	0.59615	0.13963	0.00788	0.00960	0.01003	0.02636	0.03019	0.04458	0.01255	0.05897	0.00430	0.00384	0.00123	0.00452	0.00382	0.00206	0.01895
6	0.00464	0.00384	0.00399	0.00396	0.00512	0.00327	0.00292	0.00563	0.00867	0.01058	0.12065	0.03492	0.70564	0.06292	0.00541	0.00142	0.00202	0.00773	0.00351	0.00318
7	0.00505	0.00386	0.00463	0.00444	0.00547	0.00344	0.00333	0.00654	0.00998	0.01342	0.55228	0.03127	0.32567	0.00842	0.00448	0.00122	0.00184	0.00727	0.00394	0.00344
8	0.00786	0.00674	0.00786	0.00562	0.00899	0.00506	0.00449	0.00955	0.00786	0.01236	0.00674	0.00786	0.00562	0.00281	0.00281	0.00056	0.00281	0.00225	0.00225	0.88990
9	0.00786	0.00674	0.00786	0.00562	0.00899	0.00506	0.00449	0.00955	0.00786	0.01236	0.00674	0.00786	0.00562	0.00281	0.00281	0.00056	0.00281	0.00225	0.00225	0.88990
10	0.00462	0.00338	0.00432	0.00507	0.00542	0.00311	0.00341	0.00531	0.00739	0.00970	0.02288	0.74120	0.12670	0.03171	0.00514	0.00156	0.00220	0.01031	0.00349	0.00308
11	0.01417	0.01808	0.01075	0.00977	0.01172	0.85149	0.00733	0.01514	0.01075	0.00928	0.00586	0.00684	0.00489	0.00391	0.00342	0.00098	0.00684	0.00244	0.00195	0.00440
12	0.00552	0.00368	0.00414	0.00414	0.00414	0.00368	0.00230	0.00552	0.00552	0.00735	0.01195	0.02482	0.01379	0.86672	0.01930	0.00368	0.00368	0.00552	0.00230	0.00230
13	0.03911	0.00418	0.00426	0.00401	0.00518	0.01600	0.00308	0.01002	0.00825	0.10138	0.01230	0.01363	0.00942	0.00441	0.00277	0.00093	0.00203	0.00350	0.75168	0.00387
14	0.00786	0.00674	0.00786	0.00562	0.00899	0.00506	0.00449	0.00955	0.00786	0.01236	0.00674	0.00786	0.00562	0.00281	0.00281	0.00056	0.00281	0.00225	0.00225	0.88990
15	0.00537	0.00388	0.00507	0.00477	0.00567	0.00358	0.00358	0.00716	0.01074	0.01521	0.84106	0.02833	0.03578	0.00775	0.00447	0.00119	0.00179	0.00686	0.00417	0.00358
16	0.00769	0.01903	0.79558	0.01113	0.01663	0.00886	0.06491	0.01202	0.00807	0.01202	0.00686	0.00815	0.00486	0.00358	0.00366	0.00121	0.00565	0.00291	0.00162	0.00557
17	0.00800	0.00775	0.01253	0.55313	0.22769	0.02907	0.02192	0.01030	0.00780	0.01034	0.00670	0.00972	0.00529	0.00390	0.00445	0.00125	0.07040	0.00336	0.00174	0.00467
18	0.00818	0.00876	0.03337	0.03424	0.03249	0.08495	0.34216	0.02180	0.00794	0.01053	0.00828	0.01203	0.00720	0.07234	0.23845	0.00276	0.06417	0.00406	0.00197	0.00433
19	0.00466	0.00332	0.00439	0.00523	0.00544	0.00311	0.00347	0.00529	0.00719	0.00958	0.02052	0.82861	0.02460	0.04817	0.00545	0.00163	0.00226	0.01056	0.00347	0.00305
20	0.00542	0.00405	0.00601	0.00601	0.00666	0.00470	0.00464	0.00672	0.00607	0.00874	0.01023	0.01532	0.00966	0.06403	0.81635	0.00599	0.00988	0.00413	0.00204	0.00334
21	0.00716	0.00674	0.01138	0.85760	0.02612	0.00843	0.01053	0.00969	0.00758	0.00969	0.00674	0.01011	0.00506	0.00379	0.00379	0.00126	0.00506	0.00337	0.00169	0.00421
22	0.01383	0.01005	0.01075	0.00831	0.01117	0.01110	0.00684	0.76437	0.01704	0.02312	0.00937	0.00951	0.00671	0.00454	0.00370	0.00112	0.00398	0.00342	0.07485	0.00622
23	0.89350	0.00733	0.00557	0.00499	0.00733	0.00851	0.00411	0.01115	0.00645	0.01702	0.00528	0.00616	0.00411	0.00352	0.00235	0.00117	0.00293	0.00205	0.00235	0.00411
24	0.00887	0.01082	0.07386	0.01566	0.01961	0.00954	0.77839	0.01214	0.00889	0.01214	0.00762	0.01009	0.00570	0.00322	0.00442	0.00127	0.00634	0.00437	0.00190	0.00515
25	0.00786	0.00674	0.00786	0.00562	0.00899	0.00506	0.00449	0.00955	0.00786	0.01236	0.00674	0.00786	0.00562	0.00281	0.00281	0.00056	0.00281	0.00225	0.00225	0.88990
26	0.01383	0.01054	0.04005	0.00859	0.01160	0.02417	0.00722	0.65486	0.10061	0.07449	0.00999	0.00979	0.00708	0.00458	0.00379	0.00116	0.00409	0.00349	0.00375	0.00634
27	0.02694	0.00658	0.00736	0.00642	0.03471	0.03887	0.00483	0.02427	0.10272	0.09524	0.07753	0.05267	0.14078	0.00542	0.00364	0.00100	0.00289	0.02900	0.00311	0.33601
28	0.00478	0.00376	0.00431	0.00437	0.00535	0.00330	0.00320	0.00594	0.00905	0.01166	0.28041	0.17588	0.45564	0.00943	0.00454	0.00130	0.00193	0.00813	0.00372	0.00330
29	0.01418	0.01782	0.01077	0.00973	0.01173	0.82222	0.00732	0.04356	0.01099	0.00979	0.00598	0.00692	0.00494	0.00393	0.00343	0.00098	0.00675	0.00248	0.00202	0.00447
30	0.00676	0.00643	0.04371	0.00782	0.00887	0.00637	0.17942	0.00775	0.00639	0.00884	0.00976	0.01848	0.01035	0.51528	0.01445	0.00275	0.13631	0.00484	0.00209	0.00332
31	0.01050	0.00959	0.10091	0.00750	0.01093	0.00803	0.01580	0.32035	0.01172	0.03697	0.00807	0.02191	0.00624	0.00375	0.00334	0.00089	0.00367	0.00295	0.00284	0.41403
32	0.00552	0.00368	0.00414	0.00414	0.00414	0.00368	0.00230	0.00552	0.00552	0.00735	0.01195	0.02482	0.01379	0.86672	0.01930	0.00368	0.00368	0.00552	0.00230	0.00230
33	0.00462	0.00330	0.00440	0.00528	0.00550	0.00308	0.00352	0.00528	0.00726	0.00968	0.02090	0.86424	0.02508	0.01188	0.00484	0.00154	0.00220	0.01078	0.00352	0.00308
34	0.00907	0.01013	0.11530	0.03105	0.09526	0.10346	0.18047	0.11845	0.00972	0.03005	0.01129	0.24575	0.01106	0.00597	0.00416	0.00127	0.00461	0.00549	0.00262	0.00480
35	0.00975	0.14088	0.19078	0.01120	0.04305	0.17554	0.22744	0.02857	0.05935	0.01139	0.00808	0.06198	0.00684	0.00412	0.00373	0.00114	0.00539	0.00368	0.00207	0.00502
36	0.00462	0.00330	0.00440	0.00528	0.00550	0.00308	0.00352	0.00528	0.00726	0.00968	0.02090	0.86424	0.02508	0.01188	0.00484	0.00154	0.00220	0.01078	0.00352	0.00308
37	0.03489	0.02526	0.01214	0.04964	0.15644	0.49735	0.04151	0.01328	0.00941	0.01013	0.00606	0.00772	0.00511	0.00410	0.00461	0.00112	0.11185	0.00282	0.00190	0.00466
38	0.00461	0.00333	0.00437	0.00519	0.00548	0.00309	0.00348	0.00529	0.00735	0.00972	0.02200	0.81257	0.07605	0.01174	0.00482	0.00152	0.00218	0.01061	0.00352	0.00309
39	0.00883	0.00844	0.01438	0.23345	0.63727	0.00886	0.01136	0.01115	0.00837	0.01171	0.00703	0.00957	0.00577	0.00348	0.00376	0.00116	0.00464	0.00338	0.00183	0.00556
40	0.01004	0.00843	0.00866	0.00762	0.00978	0.03397	0.00597	0.12713	0.64174	0.01663	0.02492	0.01345	0.01090	0.00502	0.00377	0.00123	0.00318	0.00411	0.05762	0.00583
41	0.00456	0.00384	0.00394	0.00392	0.00517	0.00323	0.00294	0.00559	0.00882	0.01066	0.10574	0.03581	0.77394	0.00945	0.00448	0.00127	0.00191	0.00791	0.00358	0.00323
42	0.00472	0.00372	0.00426	0.00440	0.00534	0.00326	0.00319	0.00579	0.00878	0.01122	0.21471	0.23757	0.46010	0.00975	0.00457	0.00132	0.00196	0.00843	0.00367	0.00326
43	0.00659	0.00329	0.00494	0.00494	0.00494	0.00329	0.00329	0.00494	0.00494	0.00659	0.00659	0.01153	0.00659	0.01318	0.01482	0.88966	0.00329	0.00329	0.00165	0.00165
44	0.00462	0.00330	0.00440	0.00528	0.00550	0.00308	0.00352	0.00528	0.00726	0.00968	0.02090	0.86424	0.02508	0.01188	0.00484	0.00154	0.00220	0.01078	0.00352	0.00308
45	0.01663	0.00721	0.00917	0.00706	0.00998	0.02284	0.00581	0.12107	0.01173	0.72549	0.01404	0.01231	0.00893	0.00466	0.00380	0.00117	0.00342	0.00374	0.00453	0.00641
46	0.01218	0.01164	0.00935	0.00801	0.01016	0.33180	0.00624	0.24455	0.06042	0.06679	0.10713	0.01365	0.09126	0.00521	0.00380	0.00111	0.00458	0.00396	0.00316	0.00499
47	0.00761	0.01962	0.84707	0.01081	0.01641	0.00881	0.01401	0.01201	0.00801	0.01201	0.00681	0.00801	0.00480	0.00360	0.00360	0.00120	0.00560	0.00280	0.00160	0.00560
48	0.00869	0.38303	0.49315	0.00896	0.01356	0.01146	0.01079	0.01173	0.00788	0.01069	0.00615	0.00718	0.00483	0.00345	0.00310	0.00103	0.00494	0.00247	0.00161	0.00529
49	0.00786	0.00674	0.00786	0.00562	0.00899	0.00506	0.00449	0.00955	0.00786	0.01236	0.00674	0.00786	0.00562	0.00281	0.00281	0.00056	0.00281	0.00225	0.00225	0.88990
50	0.00949	0.01023	0.06714	0.01301	0.06717	0.05199	0.42627	0.12009	0.02993	0.02445	0.03504	0.04099	0.04673	0.00442	0.00442	0.00125	0.02514	0.01467	0.00244	0.00513
51	0.00981	0.75978	0.12624	0.00704	0.01059	0.01421	0.00746	0.01144	0.00774	0.00932	0.00547	0.00633	0.00486	0.00329	0.00258	0.00086	0.00426	0.00213	0.00162	0.00496
52	0.01202	0.11794	0.17895	0.00857	0.01186	0.10472	0.02513	0.15339	0.15621	0.17866	0.01005	0.00992	0.00722	0.00423	0.00358	0.00113	0.00440	0.00327	0.00303	0.00575
53	0.00520	0.00355	0.00423	0.00453	0.00461	0.00347	0.00272	0.00543	0.00612	0.00816	0.01506	0.31668	0.01772	0.56950	0.01427	0.00293	0.00316	0.00735	0.00272	0.00257
54	0.00468	0.00349	0.00466	0.00531	0.00571	0.00321	0.01809	0.00542	0.00745	0.00979	0.02268	0.75398	0.11856	0.01147	0.00479	0.00151	0.00224	0.01035	0.00349	0.00313
55	0.01016	0.14264	0.40695	0.03820	0.07814	0.00903	0.02912	0.01331	0.02595	0.18927	0.01726	0.00933	0.00638	0.00384	0.00352	0.00114	0.00469	0.00308	0.00237	0.00564
56	0.00549	0.00378	0.00467	0.00467	0.00486	0.00397	0.00297	0.00586	0.00567	0.00775	0.01146	0.02210	0.01261	0.63667	0.24773	0.00434	0.00546	0.00512	0.00222	0.00260
57	0.00801	0.00431	0.00474	0.00442	0.00568	0.00421	0.00341	0.01932	0.06039	0.10913	0.07410	0.01805	0.10487	0.00544	0.00326	0.00103	0.00209	0.02181	0.54169	0.00402
58	0.01034	0.51770	0.13515	0.00770	0.01105	0.06496	0.01988	0.09654	0.04667	0.02183	0.00701	0.03307	0.00601	0.00384	0.00299	0.00097	0.00438	0.00273	0.00207	0.00513
59	0.01022	0.22487	0.14716	0.02814	0.01988	0.09929	0.02040	0.08022	0.04459	0.10319	0.01004	0.08690	0.00893	0.01673	0.02039	0.00128	0.01261	0.05761	0.00259	0.00497
60	0.01126	0.01332	0.05084	0.03002	0.02412	0.38131	0.05772	0.06999	0.00921	0.01061	0.00607	0.00799	0.00518	0.00521	0.02153	0.00134	0.28477	0.00300	0.00196	0.00456
61	0.03831	0.25430	0.07840	0.02461	0.03166	0.32601	0.03371	0.11367	0.01020	0.03618	0.00651	0.00740	0.00523	0.00379	0.00334	0.00101	0.01593	0.00262	0.00214	0.00498
62	0.00465	0.00394	0.00402	0.00398	0.00526	0.00337	0.00299	0.00588	0.02800	0.01066	0.08322	0.03552	0.77672	0.00940	0.00447	0.00128	0.00194	0.00785	0.00357	0.00329
63	0.01160	0.04947	0.05384	0.04351	0.06019	0.34171	0.12623	0.10463	0.08035	0.03245	0.03687	0.00974	0.00717	0.02087	0.00401	0.00115	0.00545	0.00334	0.00242	0.00501
64	0.00483	0.00359	0.00428	0.00462	0.00518	0.00328	0.00314	0.00560	0.00776	0.01011	0.12448	0.38845	0.24858	0.15971	0.00722	0.00180	0.00233	0.00862	0.00339	0.00304
65	0.00782	0.01179	0.27792	0.05717	0.01541	0.02806	0.30017	0.01063	0.00781	0.01088	0.00792	0.01162	0.00669	0.12040	0.06590	0.00192	0.04748	0.00389	0.00185	0.00466
66	0.00598	0.00451	0.00577	0.00550	0.00566	0.00520	0.00381	0.00645	0.00574	0.00810	0.01043	0.01976	0.01134	0.52733	0.19703	0.00381	0.14480	0.00480	0.02113	0.00286
67	0.01091	0.00692	0.00729	0.00640	0.00815	0.11761	0.00493	0.05643	0.01043	0.30284	0.21045	0.17593	0.05190	0.00685	0.00414	0.00122	0.00317	0.00580	0.00389	0.00474

[dist]
# distance from previous block
# <min> <max>
6	99

[block]
# block no. 1 follows, 72 sequences, length 88
# corresponding to MSA columns:
# 296-326,328-384
name=unknown_B
#
# <colnr> <probs for GDERKNQSTAVLIFYWHMCP>
#	G	D	E	R	K	N	Q	S	T	A	V	L	I	F	Y	W	H	M	C	P
0	0.03286	0.32783	0.01251	0.00684	0.00934	0.12082	0.00590	0.12327	0.03438	0.09337	0.05979	0.02405	0.10549	0.00499	0.00337	0.00104	0.00388	0.02261	0.00278	0.00487
1	0.01417	0.01808	0.01075	0.00977	0.01172	0.85149	0.00733	0.01514	0.01075	0.00928	0.00586	0.00684	0.00489	0.00391	0.00342	0.00098	0.00684	0.00244	0.00195	0.00440
2	0.00882	0.00731	0.00838	0.00607	0.00939	0.00603	0.00489	0.12894	0.00931	0.01404	0.00708	0.00804	0.00574	0.00306	0.00295	0.00065	0.00301	0.00242	0.00247	0.76141
3	0.00659	0.00329	0.00494	0.00494	0.00494	0.00329	0.00329	0.00494	0.00494	0.00659	0.00659	0.01153	0.00659	0.01318	0.01482	0.88966	0.00329	0.00329	0.00165	0.00165
4	0.01014	0.86900	0.01987	0.00649	0.00973	0.01501	0.00649	0.01136	0.00771	0.00892	0.00527	0.00608	0.00487	0.00324	0.00243	0.00081	0.00406	0.00203	0.00162	0.00487
5	0.52979	0.07814	0.00930	0.00677	0.00946	0.00959	0.06707	0.16318	0.02681	0.05888	0.00687	0.00751	0.00515	0.00376	0.00289	0.00115	0.00353	0.00262	0.00267	0.00484
6	0.00461	0.00334	0.00436	0.00516	0.00547	0.00309	0.00347	0.00529	0.00737	0.00973	0.02233	0.79699	0.09142	0.01170	0.00481	0.00152	0.00218	0.01056	0.00352	0.00309
7	0.01154	0.05929	0.01027	0.00829	0.01065	0.18570	0.00657	0.19395	0.44042	0.01584	0.01150	0.01108	0.00869	0.00465	0.00367	0.00116	0.00411	0.00359	0.00332	0.00570
8	0.00791	0.12038	0.74894	0.01030	0.01562	0.00954	0.01312	0.01193	0.00797	0.01164	0.00662	0.00778	0.00481	0.00356	0.00346	0.00115	0.00542	0.00271	0.00160	0.00552
9	0.01907	0.01915	0.02114	0.09126	0.07028	0.11777	0.02673	0.08758	0.08598	0.03834	0.02555	0.01007	0.00699	0.00685	0.07509	0.00168	0.25150	0.00342	0.00233	0.03922
10	0.01265	0.00960	0.01026	0.00825	0.01096	0.01070	0.00669	0.54200	0.27236	0.03565	0.01195	0.01146	0.02998	0.00487	0.00383	0.00119	0.00373	0.00381	0.00382	0.00623
11	0.00448	0.00384	0.00384	0.00384	0.00512	0.00320	0.00288	0.00544	0.00864	0.01025	0.03842	0.03650	0.84152	0.00960	0.00448	0.00128	0.00192	0.00800	0.00352	0.00320
12	0.01818	0.00675	0.01008	0.06746	0.34100	0.00676	0.01926	0.02267	0.06963	0.04777	0.14990	0.01875	0.18333	0.01683	0.00423	0.00123	0.00340	0.00501	0.00288	0.00486
13	0.01230	0.01123	0.04032	0.05027	0.15652	0.20563	0.14470	0.10687	0.02011	0.17557	0.00868	0.00960	0.00637	0.00401	0.00407	0.00115	0.03105	0.00342	0.00267	0.00547
14	0.01647	0.00665	0.00886	0.00682	0.00970	0.00593	0.00562	0.07295	0.01132	0.76412	0.04050	0.01314	0.01002	0.00478	0.00383	0.00117	0.00325	0.00388	0.00462	0.00636
15	0.00462	0.00331	0.00439	0.00526	0.00549	0.00308	0.00351	0.00528	0.00729	0.00969	0.02121	0.84978	0.03934	0.01184	0.00483	0.00154	0.00220	0.01073	0.00352	0.00308
16	0.00857	0.06466	0.44519	0.02961	0.05668	0.05216	0.23483	0.01217	0.02125	0.01170	0.00702	0.00865	0.00524	0.00357	0.00396	0.00120	0.02317	0.00327	0.00176	0.00534
17	0.00647	0.00530	0.00584	0.00567	0.00697	0.00549	0.00423	0.02004	0.29646	0.01276	0.11876	0.20604	0.26031	0.02232	0.00458	0.00137	0.00240	0.00709	0.00370	0.00422
18	0.00458	0.00377	0.00403	0.00416	0.00525	0.00322	0.00307	0.00555	0.00855	0.01044	0.07768	0.16155	0.66172	0.00987	0.00455	0.00132	0.00198	0.02195	0.00356	0.00321
19	0.00674	0.00430	0.00539	0.00514	0.00618	0.00410	0.00390	0.05208	0.01009	0.07018	0.45401	0.16216	0.04040	0.00781	0.00427	0.00124	0.00216	0.04566	0.11036	0.00383
20	0.01137	0.44966	0.02776	0.03257	0.02773	0.30264	0.01668	0.02302	0.04239	0.00969	0.00606	0.00701	0.00520	0.00365	0.00315	0.00094	0.02144	0.00241	0.00186	0.00477
21	0.00980	0.00884	0.02514	0.10997	0.50850	0.01909	0.08391	0.05340	0.03418	0.07135	0.02508	0.01052	0.01528	0.00377	0.00385	0.00117	0.00455	0.00363	0.00227	0.00568
22	0.00999	0.17322	0.21526	0.14344	0.07847	0.06430	0.05893	0.15343	0.03501	0.02271	0.00728	0.00857	0.00555	0.00377	0.00351	0.00111	0.00492	0.00303	0.00216	0.00534
23	0.01319	0.01552	0.01082	0.07860	0.02152	0.62679	0.00761	0.11145	0.01112	0.01114	0.00669	0.00842	0.00556	0.00423	0.00381	0.00106	0.03082	0.02485	0.00218	0.00461
24	0.00570	0.00447	0.00663	0.00647	0.00708	0.00541	0.00509	0.00700	0.00607	0.00884	0.00966	0.01426	0.00904	0.02633	0.77033	0.00567	0.09252	0.00399	0.00200	0.00346
25	0.00786	0.00674	0.00786	0.00562	0.00899	0.00506	0.00449	0.00955	0.00786	0.01236	0.00674	0.00786	0.00562	0.00281	0.00281	0.00056	0.00281	0.00225	0.00225	0.88990
26	0.00481	0.00346	0.00453	0.00520	0.00561	0.00322	0.00361	0.00570	0.00785	0.01053	0.12113	0.66061	0.07394	0.01108	0.00477	0.00149	0.00220	0.05225	0.01484	0.00318
27	0.00474	0.00339	0.00454	0.00542	0.00569	0.00318	0.00373	0.00549	0.00738	0.00982	0.02084	0.79750	0.02482	0.01177	0.00487	0.00156	0.00231	0.07633	0.00352	0.00311
28	0.00526	0.00387	0.00491	0.00465	0.00560	0.00353	0.00349	0.00694	0.01047	0.01458	0.73949	0.02936	0.13774	0.00799	0.00447	0.00120	0.00181	0.00700	0.00409	0.00353
29	0.00707	0.00353	0.00353	0.00353	0.00442	0.00353	0.00265	0.00884	0.00795	0.01414	0.01237	0.01414	0.00972	0.00442	0.00265	0.00088	0.00177	0.00353	0.88777	0.00353
30	0.00707	0.00353	0.00353	0.00353	0.00442	0.00353	0.00265	0.00884	0.00795	0.01414	0.01237	0.01414	0.00972	0.00442	0.00265	0.00088	0.00177	0.00353	0.88777	0.00353
31	0.89350	0.00733	0.00557	0.00499	0.00733	0.00851	0.00411	0.01115	0.00645	0.01702	0.00528	0.00616	0.00411	0.00352	0.00235	0.00117	0.00293	0.00205	0.00235	0.00411
32	0.00611	0.00437	0.00611	0.00698	0.00786	0.00437	0.00611	0.00786	0.00873	0.01135	0.02008	0.04278	0.02183	0.01048	0.00524	0.00175	0.00349	0.81753	0.00349	0.00349
33	0.89350	0.00733	0.00557	0.00499	0.00733	0.00851	0.00411	0.01115	0.00645	0.01702	0.00528	0.00616	0.00411	0.00352	0.00235	0.00117	0.00293	0.00205	0.00235	0.00411
34	0.00716	0.00674	0.01138	0.85760	0.02612	0.00843	0.01053	0.00969	0.00758	0.00969	0.00674	0.01011	0.00506	0.00379	0.00379	0.00126	0.00506	0.00337	0.00169	0.00421
35	0.00830	0.00830	0.01162	0.00996	0.00996	0.01162	0.00830	0.00913	0.00581	0.00913	0.00498	0.00830	0.00498	0.00664	0.01245	0.00166	0.85977	0.00332	0.00166	0.00415
36	0.00716	0.00674	0.01138	0.85760	0.02612	0.00843	0.01053	0.00969	0.00758	0.00969	0.00674	0.01011	0.00506	0.00379	0.00379	0.00126	0.00506	0.00337	0.00169	0.00421
37	0.00957	0.00821	0.00865	0.00775	0.00991	0.00950	0.00604	0.04220	0.81394	0.01608	0.01526	0.01401	0.01144	0.00513	0.00386	0.00128	0.00303	0.00426	0.00386	0.00602
38	0.89350	0.00733	0.00557	0.00499	0.00733	0.00851	0.00411	0.01115	0.00645	0.01702	0.00528	0.00616	0.00411	0.00352	0.00235	0.00117	0.00293	0.00205	0.00235	0.00411
39	0.00995	0.00803	0.00859	0.00765	0.00985	0.00917	0.00597	0.02004	0.77980	0.07258	0.01540	0.01406	0.01143	0.00511	0.00386	0.00128	0.00302	0.00426	0.00392	0.00603
40	0.00527	0.00387	0.00494	0.00467	0.00561	0.00354	0.00350	0.00698	0.01051	0.01469	0.75646	0.02919	0.12071	0.00795	0.00447	0.00120	0.00180	0.00698	0.00411	0.00354
41	0.00468	0.00385	0.00412	0.00405	0.00525	0.00329	0.00304	0.00583	0.00912	0.01136	0.21947	0.03466	0.65977	0.00919	0.00448	0.00126	0.00189	0.00775	0.00367	0.00329
42	0.89350	0.00733	0.00557	0.00499	0.00733	0.00851	0.00411	0.01115	0.00645	0.01702	0.00528	0.00616	0.00411	0.00352	0.00235	0.00117	0.00293	0.00205	0.00235	0.00411
43	0.00707	0.00353	0.00353	0.00353	0.00442	0.00353	0.00265	0.00884	0.00795	0.01414	0.01237	0.01414	0.00972	0.00442	0.00265	0.00088	0.00177	0.00353	0.88777	0.00353
44	0.00462	0.00330	0.00440	0.00528	0.00550	0.00308	0.00352	0.00528	0.00726	0.00968	0.02090	0.86424	0.02508	0.01188	0.00484	0.00154	0.00220	0.01078	0.00352	0.00308
45	0.00716	0.00674	0.01138	0.85760	0.02612	0.00843	0.01053	0.00969	0.00758	0.00969	0.00674	0.01011	0.00506	0.00379	0.00379	0.00126	0.00506	0.00337	0.00169	0.00421
46	0.00773	0.00732	0.01240	0.64454	0.23474	0.00858	0.01082	0.01019	0.00785	0.01038	0.00684	0.00993	0.00530	0.00369	0.00378	0.00123	0.00492	0.00337	0.00173	0.00467
47	0.00458	0.00346	0.00423	0.00485	0.00539	0.00312	0.00333	0.00533	0.00768	0.00985	0.02619	0.61446	0.27145	0.01119	0.00473	0.00146	0.00212	0.00994	0.00352	0.00312
48	0.00790	0.00806	0.01635	0.01265	0.01539	0.00765	0.52413	0.01056	0.00887	0.01185	0.01227	0.02230	0.01171	0.00590	0.00476	0.00145	0.00532	0.30588	0.00250	0.00451
49	0.73079	0.00872	0.00660	0.00604	0.02058	0.11381	0.00477	0.01170	0.00707	0.02782	0.00551	0.00646	0.00434	0.00368	0.00283	0.00116	0.02943	0.00219	0.00230	0.00421
50	0.00659	0.00329	0.00494	0.00494	0.00494	0.00329	0.00329	0.00494	0.00494	0.00659	0.00659	0.01153	0.00659	0.01318	0.01482	0.88966	0.00329	0.00329	0.00165	0.00165
51	0.01419	0.01747	0.01080	0.00969	0.01173	0.78326	0.00732	0.08138	0.01132	0.01047	0.00613	0.00702	0.00501	0.00396	0.00345	0.00099	0.00662	0.00252	0.00210	0.00456
52	0.00476	0.00340	0.00444	0.00522	0.00545	0.00322	0.00346	0.00551	0.01880	0.00958	0.02010	0.78406	0.02398	0.08124	0.00600	0.00171	0.00233	0.01026	0.00343	0.00306
53	0.01677	0.00726	0.00899	0.00698	0.00986	0.05542	0.00573	0.04277	0.01106	0.77181	0.01425	0.01244	0.00904	0.00464	0.00379	0.00116	0.00347	0.00372	0.00451	0.00633
54	0.01442	0.01062	0.01138	0.00873	0.01176	0.01176	0.00721	0.83041	0.01783	0.02390	0.00911	0.00911	0.00645	0.00455	0.00379	0.00114	0.00417	0.00341	0.00379	0.00645
55	0.00539	0.00380	0.00486	0.00469	0.00554	0.00352	0.00348	0.00705	0.01017	0.01447	0.68231	0.09559	0.06713	0.00793	0.00438	0.00120	0.00183	0.00699	0.06614	0.00352
56	0.02838	0.01002	0.01077	0.00834	0.01119	0.01104	0.00686	0.74983	0.01706	0.02308	0.07664	0.01062	0.00879	0.00480	0.00382	0.00114	0.00396	0.00367	0.00380	0.00618
57	0.00781	0.08863	0.77986	0.01046	0.01587	0.00931	0.01340	0.01196	0.00798	0.01176	0.00668	0.00785	0.00481	0.00357	0.00351	0.00117	0.00548	0.00274	0.00160	0.00554
58	0.00761	0.01962	0.84707	0.01081	0.01641	0.00881	0.01401	0.01201	0.00801	0.01201	0.00681	0.00801	0.00480	0.00360	0.00360	0.00120	0.00560	0.00280	0.00160	0.00560
59	0.00542	0.00406	0.00610	0.00610	0.00677	0.00474	0.00474	0.00677	0.00610	0.00880	0.01016	0.01490	0.00948	0.02844	0.85169	0.00610	0.01016	0.00406	0.00203	0.00339
60	0.07918	0.00679	0.01090	0.78833	0.02459	0.00843	0.01001	0.00981	0.00749	0.01029	0.00662	0.00979	0.00498	0.00377	0.00367	0.00126	0.00488	0.00326	0.00174	0.00420
61	0.00716	0.00674	0.01138	0.85760	0.02612	0.00843	0.01053	0.00969	0.00758	0.00969	0.00674	0.01011	0.00506	0.00379	0.00379	0.00126	0.00506	0.00337	0.00169	0.00421
62	0.00551	0.00369	0.00419	0.00419	0.00421	0.00371	0.00237	0.00555	0.00553	0.00740	0.01190	0.02453	0.01366	0.84211	0.04374	0.00375	0.00387	0.00547	0.00229	0.00233
63	0.01082	0.00781	0.00861	0.00749	0.00976	0.00866	0.00590	0.05612	0.62626	0.15974	0.04516	0.01422	0.01185	0.00514	0.00387	0.00126	0.00305	0.00426	0.00401	0.00601
64	0.89350	0.00733	0.00557	0.00499	0.00733	0.00851	0.00411	0.01115	0.00645	0.01702	0.00528	0.00616	0.00411	0.00352	0.00235	0.00117	0.00293	0.00205	0.00235	0.00411
65	0.01319	0.02397	0.00987	0.00752	0.01029	0.02304	0.00616	0.46280	0.01433	0.19243	0.09456	0.01233	0.03075	0.00486	0.00377	0.00110	0.00361	0.00382	0.00382	0.07780
66	0.00750	0.00709	0.01199	0.73064	0.15043	0.00852	0.01070	0.00999	0.00774	0.01010	0.00680	0.01000	0.00520	0.00373	0.00379	0.00124	0.00497	0.00337	0.00171	0.00449
67	0.89350	0.00733	0.00557	0.00499	0.00733	0.00851	0.00411	0.01115	0.00645	0.01702	0.00528	0.00616	0.00411	0.00352	0.00235	0.00117	0.00293	0.00205	0.00235	0.00411
68	0.82153	0.00833	0.07394	0.00546	0.00807	0.00853	0.00491	0.01122	0.00658	0.01661	0.00540	0.00631	0.00416	0.00353	0.00245	0.00118	0.00315	0.00211	0.00229	0.00423
69	0.00716	0.00674	0.01138	0.85760	0.02612	0.00843	0.01053	0.00969	0.00758	0.00969	0.00674	0.01011	0.00506	0.00379	0.00379	0.00126	0.00506	0.00337	0.00169	0.00421
70	0.00497	0.00392	0.00416	0.00406	0.00533	0.00332	0.00306	0.00606	0.00900	0.03546	0.14908	0.03467	0.70531	0.00920	0.00446	0.00127	0.00194	0.00772	0.00365	0.00335
71	0.00557	0.00409	0.00542	0.00586	0.00641	0.00398	0.02159	0.07258	0.00822	0.01096	0.01963	0.74240	0.02302	0.01104	0.00476	0.00151	0.00250	0.04354	0.00351	0.00341
72	0.00530	0.00387	0.00498	0.00470	0.00563	0.00355	0.00353	0.00703	0.01058	0.01484	0.78067	0.02894	0.09640	0.00789	0.00447	0.00120	0.00180	0.00694	0.00413	0.00355
73	0.00761	0.01962	0.84707	0.01081	0.01641	0.00881	0.01401	0.01201	0.00801	0.01201	0.00681	0.00801	0.00480	0.00360	0.00360	0.00120	0.00560	0.00280	0.00160	0.00560
74	0.00474	0.00339	0.00454	0.00542	0.00569	0.00318	0.00373	0.00549	0.00738	0.00982	0.02084	0.79750	0.02482	0.01177	0.00487	0.00156	0.00231	0.07633	0.00352	0.00311
75	0.00528	0.00414	0.00584	0.00709	0.07389	0.00420	0.00454	0.00609	0.00726	0.00986	0.01859	0.73039	0.02202	0.01080	0.00532	0.00152	0.06691	0.00962	0.00325	0.00340
76	0.00448	0.00384	0.00384	0.00384	0.00512	0.00320	0.00288	0.00544	0.00864	0.01025	0.03842	0.03650	0.84152	0.00960	0.00448	0.00128	0.00192	0.00800	0.00352	0.00320
77	0.00761	0.01962	0.84707	0.01081	0.01641	0.00881	0.01401	0.01201	0.00801	0.01201	0.00681	0.00801	0.00480	0.00360	0.00360	0.00120	0.00560	0.00280	0.00160	0.00560
78	0.11995	0.00813	0.02198	0.00806	0.02528	0.03143	0.07287	0.15071	0.02076	0.48401	0.01175	0.01097	0.00775	0.00435	0.00367	0.00117	0.00376	0.00354	0.00386	0.00598
79	0.00552	0.00368	0.00414	0.00414	0.00414	0.00368	0.00230	0.00552	0.00552	0.00735	0.01195	0.02482	0.01379	0.86672	0.01930	0.00368	0.00368	0.00552	0.00230	0.00230
80	0.01043	0.80733	0.01921	0.00673	0.00988	0.07563	0.00655	0.01163	0.00793	0.00895	0.00532	0.00614	0.00487	0.00329	0.00250	0.00082	0.00426	0.00206	0.00165	0.00483
81	0.00740	0.00610	0.00718	0.03136	0.06014	0.00644	0.00518	0.01273	0.34916	0.02960	0.23665	0.02197	0.18795	0.00657	0.00413	0.00124	0.00261	0.00562	0.00369	0.01428
82	0.07847	0.08553	0.01233	0.04733	0.13966	0.18253	0.03220	0.28445	0.02068	0.02458	0.00755	0.02236	0.00601	0.00418	0.00384	0.00112	0.03607	0.00315	0.00261	0.00537
83	0.00977	0.00740	0.00843	0.03235	0.02209	0.00805	0.00580	0.32452	0.18309	0.02951	0.09892	0.21567	0.02440	0.00676	0.00413	0.00128	0.00321	0.00575	0.00370	0.00515
84	0.00504	0.00386	0.00462	0.00443	0.00547	0.00344	0.00332	0.00653	0.00997	0.01338	0.54607	0.03133	0.33191	0.00843	0.00448	0.00123	0.00184	0.00728	0.00393	0.00344
85	0.00949	0.07197	0.23247	0.02168	0.20285	0.05586	0.12913	0.05666	0.05226	0.04297	0.00856	0.00987	0.03042	0.00397	0.00413	0.00117	0.04464	0.00343	0.00215	0.01630
86	0.03116	0.00416	0.00452	0.00439	0.00563	0.00376	0.00334	0.01830	0.02052	0.02172	0.20579	0.03232	0.55209	0.02270	0.02717	0.00143	0.00228	0.03168	0.00359	0.00343
87	0.02044	0.49759	0.05453	0.01925	0.02786	0.18154	0.00670	0.01153	0.00820	0.01877	0.02001	0.00868	0.00630	0.07439	0.02908	0.00128	0.00480	0.00264	0.00185	0.00456

[dist]
# distance from previous block
# <min> <max>
0	2

[block]
# block no. 2 follows, 72 sequences, length 7
# corresponding to MSA columns:
# 387-393
name=unknown_C
#
# <colnr> <probs for GDERKNQSTAVLIFYWHMCP>
#	G	D	E	R	K	N	Q	S	T	A	V	L	I	F	Y	W	H	M	C	P
0	0.00885	0.07911	0.02659	0.07694	0.35165	0.05509	0.03608	0.04808	0.07012	0.01202	0.03213	0.11468	0.02581	0.02329	0.00434	0.00124	0.02207	0.00444	0.00237	0.00508
1	0.15897	0.00603	0.00733	0.00611	0.00841	0.00566	0.00492	0.01413	0.03100	0.45719	0.08105	0.10717	0.01271	0.00567	0.00374	0.00121	0.00293	0.03387	0.00395	0.04795
2	0.00895	0.00738	0.00845	0.00613	0.00945	0.00617	0.00494	0.14562	0.00952	0.01427	0.00713	0.00807	0.00576	0.00310	0.00297	0.00066	0.00303	0.00244	0.00250	0.74345
3	0.04193	0.21728	0.25389	0.04235	0.01305	0.02551	0.05335	0.17126	0.03322	0.03387	0.02213	0.02202	0.00636	0.00402	0.00362	0.00110	0.02613	0.00308	0.00232	0.02349
4	0.00632	0.00354	0.00499	0.00514	0.00528	0.00354	0.00359	0.00552	0.00567	0.00751	0.00976	0.01903	0.01037	0.16181	0.01402	0.58773	0.00339	0.13865	0.00207	0.00207
5	0.00691	0.00397	0.00516	0.00535	0.00617	0.00368	0.00383	0.00780	0.00789	0.14838	0.01994	0.50421	0.08798	0.05896	0.04621	0.00177	0.00283	0.03181	0.04349	0.00365
6	0.00771	0.00672	0.00895	0.17541	0.12729	0.04958	0.02390	0.04673	0.07353	0.03618	0.05238	0.19809	0.10394	0.03059	0.00481	0.00137	0.02766	0.01798	0.00284	0.00435

[dist]
# distance from previous block
# <min> <max>
0	29

# created by:
# /st0/software/busco_prod/Augustus/scripts/msa2prfl.pl ./align_prep/27703.fa
