[name]
unknown

[dist]
# distance from previous block
# <min> <max>
0	16

[block]
# block no. 0 follows, 76 sequences, length 15
# corresponding to MSA columns:
# 18-32
name=unknown_A
#
# <colnr> <probs for GDERKNQSTAVLIFYWHMCP>
#	G	D	E	R	K	N	Q	S	T	A	V	L	I	F	Y	W	H	M	C	P
0	0.08178	0.03839	0.16118	0.00855	0.02650	0.24230	0.01903	0.08974	0.14490	0.06485	0.00874	0.01027	0.00694	0.03243	0.00405	0.00119	0.01986	0.03190	0.00251	0.00491
1	0.04170	0.08543	0.18217	0.00743	0.02859	0.07934	0.00694	0.05797	0.07964	0.19696	0.02765	0.01115	0.00800	0.00422	0.00328	0.00106	0.00372	0.02332	0.14642	0.00501
2	0.01177	0.10266	0.01075	0.00791	0.01037	0.13053	0.00642	0.38987	0.23032	0.01690	0.00987	0.03965	0.00772	0.00454	0.00350	0.00109	0.00399	0.00347	0.00317	0.00552
3	0.00446	0.00325	0.00422	0.00498	0.00531	0.00301	0.00340	0.00516	0.00714	0.00939	0.02168	0.75724	0.10643	0.01112	0.00462	0.00146	0.00213	0.03864	0.00337	0.00298
4	0.00802	0.10128	0.60999	0.00974	0.01444	0.00905	0.05384	0.05687	0.03600	0.01199	0.00681	0.00785	0.00500	0.00346	0.00336	0.00109	0.00497	0.00275	0.00177	0.05172
5	0.00884	0.05831	0.16503	0.03495	0.02738	0.03655	0.39410	0.05245	0.09176	0.03623	0.00865	0.05360	0.00690	0.00389	0.00388	0.00118	0.00510	0.00399	0.00219	0.00502
6	0.00443	0.00316	0.00422	0.00506	0.00527	0.00295	0.00337	0.00506	0.00696	0.00928	0.02003	0.86990	0.02404	0.01139	0.00464	0.00148	0.00211	0.01033	0.00337	0.00295
7	0.00720	0.00680	0.01151	0.73039	0.15554	0.00816	0.01026	0.00958	0.00743	0.00970	0.00652	0.00958	0.00499	0.00357	0.00363	0.00119	0.00476	0.00323	0.00164	0.00431
8	0.01043	0.70240	0.01748	0.00725	0.05333	0.01326	0.00648	0.08118	0.00844	0.06225	0.00603	0.00665	0.00512	0.00331	0.00259	0.00084	0.00387	0.00223	0.00193	0.00494
9	0.00608	0.00439	0.00518	0.00480	0.00602	0.00419	0.00371	0.00792	0.06313	0.08056	0.30397	0.02782	0.39535	0.00781	0.00460	0.00122	0.04630	0.01968	0.00361	0.00367
10	0.00443	0.00316	0.00422	0.00506	0.00527	0.00295	0.00337	0.00506	0.00696	0.00928	0.02003	0.86990	0.02404	0.01139	0.00464	0.00148	0.00211	0.01033	0.00337	0.00295
11	0.00532	0.00394	0.00452	0.00450	0.00546	0.00374	0.00332	0.00738	0.08380	0.01217	0.28298	0.17243	0.27064	0.00802	0.00408	0.00120	0.00192	0.00693	0.11421	0.00344
12	0.01339	0.06184	0.01080	0.00912	0.01114	0.75059	0.00697	0.07535	0.01065	0.00992	0.00582	0.00668	0.00479	0.00376	0.00325	0.00094	0.00622	0.00239	0.00199	0.00438
13	0.00945	0.00953	0.10275	0.02778	0.53759	0.03734	0.00989	0.03854	0.02650	0.08059	0.02072	0.01012	0.03139	0.00368	0.00358	0.00108	0.00420	0.00334	0.00218	0.03977
14	0.01256	0.14082	0.05331	0.00812	0.01099	0.10582	0.00700	0.49077	0.07848	0.04460	0.00837	0.00849	0.00618	0.00411	0.00340	0.00104	0.00422	0.00302	0.00306	0.00566

[dist]
# distance from previous block
# <min> <max>
0	2

[block]
# block no. 1 follows, 76 sequences, length 21
# corresponding to MSA columns:
# 35-55
name=unknown_B
#
# <colnr> <probs for GDERKNQSTAVLIFYWHMCP>
#	G	D	E	R	K	N	Q	S	T	A	V	L	I	F	Y	W	H	M	C	P
0	0.00878	0.00778	0.07891	0.00672	0.00883	0.02439	0.00572	0.16910	0.24687	0.05969	0.26717	0.01748	0.07163	0.00569	0.00387	0.00116	0.00297	0.00475	0.00358	0.00491
1	0.00924	0.04797	0.10225	0.01493	0.42847	0.00783	0.04438	0.02218	0.02208	0.10200	0.03763	0.02226	0.02263	0.00374	0.00352	0.00104	0.00399	0.00341	0.00227	0.09820
2	0.00449	0.00321	0.00429	0.00513	0.00537	0.00301	0.00349	0.00517	0.00702	0.00935	0.02000	0.83254	0.02390	0.01133	0.00466	0.00148	0.00216	0.04706	0.00337	0.00297
3	0.04891	0.00695	0.00869	0.00676	0.00952	0.00662	0.00556	0.14684	0.06492	0.63572	0.01313	0.01163	0.00850	0.00446	0.00360	0.00113	0.00321	0.00356	0.00423	0.00607
4	0.01119	0.06171	0.01022	0.03315	0.04234	0.53632	0.00678	0.02842	0.00930	0.00941	0.01942	0.06511	0.05515	0.00482	0.00428	0.00106	0.09174	0.00337	0.00206	0.00415
5	0.00686	0.00646	0.01090	0.86353	0.02503	0.00807	0.01009	0.00929	0.00727	0.00929	0.00646	0.00969	0.00484	0.00363	0.00363	0.00121	0.00484	0.00323	0.00161	0.00404
6	0.00528	0.00355	0.00409	0.00409	0.00413	0.00359	0.00236	0.00536	0.00532	0.00714	0.01134	0.02316	0.01294	0.81663	0.07377	0.00368	0.00393	0.00519	0.00219	0.00227
7	0.00686	0.00646	0.01090	0.86353	0.02503	0.00807	0.01009	0.00929	0.00727	0.00929	0.00646	0.00969	0.00484	0.00363	0.00363	0.00121	0.00484	0.00323	0.00161	0.00404
8	0.01623	0.00631	0.00851	0.00653	0.00934	0.00553	0.00539	0.04427	0.01062	0.82525	0.01416	0.01225	0.00891	0.00449	0.00365	0.00112	0.00312	0.00364	0.00447	0.00619
9	0.00443	0.00316	0.00422	0.00506	0.00527	0.00295	0.00337	0.00506	0.00696	0.00928	0.02003	0.86990	0.02404	0.01139	0.00464	0.00148	0.00211	0.01033	0.00337	0.00295
10	0.00529	0.00352	0.00396	0.00396	0.00396	0.00352	0.00220	0.00529	0.00529	0.00705	0.01145	0.02378	0.01321	0.87227	0.01850	0.00352	0.00352	0.00529	0.00220	0.00220
11	0.01226	0.04686	0.00998	0.00852	0.01028	0.58904	0.00650	0.08341	0.01001	0.03377	0.00688	0.02535	0.00603	0.06212	0.03373	0.00133	0.04468	0.00288	0.00213	0.00425
12	0.00443	0.00316	0.00422	0.00506	0.00527	0.00295	0.00337	0.00506	0.00696	0.00928	0.02003	0.86990	0.02404	0.01139	0.00464	0.00148	0.00211	0.01033	0.00337	0.00295
13	0.00900	0.00864	0.01475	0.02231	0.84960	0.00864	0.01115	0.01115	0.00828	0.01187	0.00684	0.00900	0.00576	0.00324	0.00360	0.00108	0.00432	0.00324	0.00180	0.00576
14	0.10121	0.03061	0.00794	0.00638	0.00836	0.05082	0.00515	0.31497	0.07842	0.04056	0.00956	0.01020	0.00722	0.00428	0.00343	0.00103	0.03588	0.00317	0.27598	0.00484
15	0.00569	0.00405	0.00497	0.00479	0.00579	0.00383	0.00364	0.00688	0.00868	0.07053	0.28415	0.13077	0.33907	0.00906	0.03347	0.00141	0.04763	0.02863	0.00351	0.00345
16	0.49605	0.00658	0.00666	0.00550	0.00796	0.00682	0.00453	0.01361	0.00810	0.37580	0.03042	0.00922	0.00688	0.00396	0.00291	0.00113	0.00290	0.00281	0.00326	0.00489
17	0.03124	0.01309	0.40855	0.00935	0.04882	0.00833	0.00968	0.15180	0.08313	0.18661	0.00920	0.00935	0.00637	0.00394	0.00352	0.00114	0.00435	0.00312	0.00271	0.00569
18	0.00814	0.23175	0.54029	0.00961	0.04578	0.02619	0.02469	0.01127	0.00771	0.02282	0.00674	0.03721	0.00542	0.00365	0.00323	0.00106	0.00485	0.00282	0.00167	0.00511
19	0.14976	0.05340	0.00643	0.00523	0.00622	0.01882	0.01452	0.10107	0.00708	0.01063	0.00963	0.03160	0.02665	0.39584	0.05001	0.08256	0.02094	0.00413	0.00229	0.00319
20	0.01028	0.07170	0.28546	0.00996	0.09508	0.05784	0.04864	0.09047	0.04730	0.16463	0.03183	0.00994	0.02198	0.00393	0.00350	0.00108	0.00436	0.00322	0.00255	0.03624

[dist]
# distance from previous block
# <min> <max>
0	6

[block]
# block no. 2 follows, 76 sequences, length 11
# corresponding to MSA columns:
# 62-72
name=unknown_C
#
# <colnr> <probs for GDERKNQSTAVLIFYWHMCP>
#	G	D	E	R	K	N	Q	S	T	A	V	L	I	F	Y	W	H	M	C	P
0	0.00953	0.16004	0.09125	0.06531	0.11912	0.16316	0.05303	0.06160	0.02758	0.02489	0.00747	0.06978	0.00666	0.00489	0.02119	0.00121	0.10319	0.00340	0.00203	0.00468
1	0.04297	0.00812	0.07012	0.05427	0.46062	0.00763	0.00888	0.01110	0.11729	0.01198	0.02419	0.13247	0.02503	0.00484	0.00372	0.00117	0.00376	0.00441	0.00233	0.00509
2	0.01631	0.00619	0.00843	0.00647	0.00928	0.00534	0.00534	0.01771	0.01040	0.85211	0.01434	0.01237	0.00900	0.00450	0.00365	0.00112	0.00309	0.00365	0.00450	0.00619
3	0.00568	0.00443	0.00498	0.00473	0.00597	0.00424	0.00358	0.00844	0.14882	0.03339	0.30406	0.06339	0.37893	0.00787	0.00419	0.00121	0.00201	0.00672	0.00367	0.00371
4	0.00887	0.24562	0.18236	0.03585	0.14557	0.06610	0.12775	0.02297	0.02863	0.01068	0.02320	0.00887	0.00605	0.00400	0.01604	0.00113	0.04322	0.01635	0.00182	0.00492
5	0.00557	0.00411	0.00596	0.00583	0.00652	0.00472	0.00453	0.00682	0.00622	0.03105	0.04384	0.01560	0.04644	0.04640	0.70475	0.00508	0.04691	0.00416	0.00215	0.00333
6	0.00452	0.00373	0.00401	0.00416	0.00529	0.00322	0.00322	0.00554	0.00824	0.00995	0.03368	0.06796	0.69919	0.00941	0.00441	0.00130	0.00206	0.12362	0.00337	0.00310
7	0.14549	0.00700	0.00778	0.00624	0.00871	0.05932	0.00508	0.07370	0.01003	0.52772	0.03571	0.01130	0.00853	0.00434	0.00335	0.00109	0.00318	0.00336	0.07263	0.00543
8	0.00833	0.05313	0.63144	0.01054	0.01537	0.00854	0.12656	0.01202	0.00802	0.08193	0.00723	0.00828	0.00510	0.00347	0.00354	0.00114	0.00522	0.00296	0.00183	0.00534
9	0.18405	0.00593	0.00623	0.00533	0.00724	0.00622	0.00426	0.09570	0.10798	0.20309	0.01112	0.01131	0.00809	0.00422	0.00298	0.00103	0.00260	0.00324	0.32470	0.00468
10	0.00520	0.00349	0.00399	0.00408	0.00410	0.00346	0.00232	0.00526	0.00546	0.00728	0.01234	0.11126	0.01433	0.78327	0.01707	0.00331	0.00338	0.00581	0.00232	0.00228

[dist]
# distance from previous block
# <min> <max>
0	1

[block]
# block no. 3 follows, 76 sequences, length 33
# corresponding to MSA columns:
# 74-106
name=unknown_D
#
# <colnr> <probs for GDERKNQSTAVLIFYWHMCP>
#	G	D	E	R	K	N	Q	S	T	A	V	L	I	F	Y	W	H	M	C	P
0	0.23267	0.04434	0.01071	0.04140	0.22265	0.15028	0.05363	0.02108	0.00850	0.13978	0.02679	0.00900	0.01673	0.00373	0.00323	0.00108	0.00414	0.00297	0.00241	0.00487
1	0.00945	0.77864	0.11248	0.00668	0.01005	0.01372	0.00703	0.01095	0.00742	0.00888	0.00522	0.00604	0.00466	0.00315	0.00246	0.00082	0.00405	0.00203	0.00155	0.00474
2	0.00989	0.29243	0.14860	0.00888	0.08457	0.04792	0.01892	0.17445	0.02910	0.01285	0.00666	0.00749	0.00532	0.00343	0.00303	0.00091	0.00413	0.00257	0.00214	0.13670
3	0.01356	0.00999	0.01076	0.00829	0.01113	0.01107	0.00684	0.81286	0.01676	0.02248	0.00876	0.00889	0.00627	0.00504	0.02895	0.00123	0.00417	0.00329	0.00359	0.00609
4	0.00760	0.05426	0.79880	0.01010	0.01531	0.00862	0.01294	0.01163	0.00773	0.03105	0.00664	0.00771	0.00471	0.00346	0.00341	0.00113	0.00526	0.00268	0.00160	0.00536
5	0.00443	0.00316	0.00422	0.00506	0.00527	0.00295	0.00337	0.00506	0.00696	0.00928	0.02003	0.86990	0.02404	0.01139	0.00464	0.00148	0.00211	0.01033	0.00337	0.00295
6	0.00443	0.00316	0.00422	0.00506	0.00527	0.00295	0.00337	0.00506	0.00696	0.00928	0.02003	0.86990	0.02404	0.01139	0.00464	0.00148	0.00211	0.01033	0.00337	0.00295
7	0.00900	0.00864	0.01475	0.02231	0.84960	0.00864	0.01115	0.01115	0.00828	0.01187	0.00684	0.00900	0.00576	0.00324	0.00360	0.00108	0.00432	0.00324	0.00180	0.00576
8	0.00795	0.00795	0.01113	0.00954	0.00954	0.01113	0.00795	0.00875	0.00557	0.00875	0.00477	0.00795	0.00477	0.00636	0.01193	0.00159	0.86562	0.00318	0.00159	0.00398
9	0.00729	0.01880	0.85344	0.01036	0.01573	0.00844	0.01343	0.01151	0.00767	0.01151	0.00652	0.00767	0.00460	0.00345	0.00345	0.00115	0.00537	0.00269	0.00153	0.00537
10	0.00502	0.00367	0.00473	0.00463	0.00545	0.00337	0.00346	0.00655	0.00969	0.01348	0.66163	0.11979	0.09945	0.00810	0.00435	0.00121	0.00183	0.03640	0.00386	0.00334
11	0.01600	0.00610	0.00827	0.00637	0.00912	0.00528	0.00525	0.01742	0.01031	0.82548	0.01426	0.01241	0.00901	0.00449	0.00362	0.00112	0.00305	0.00365	0.03270	0.00610
12	0.00519	0.00389	0.00584	0.00584	0.00649	0.00454	0.00454	0.00649	0.00584	0.00844	0.00974	0.01428	0.00909	0.02726	0.85787	0.00584	0.00974	0.00389	0.00195	0.00325
13	0.00528	0.00369	0.00473	0.00447	0.00533	0.00343	0.00335	0.00700	0.01006	0.01449	0.77578	0.02598	0.03215	0.00716	0.00414	0.00112	0.00171	0.00630	0.08042	0.00343
14	0.00447	0.00319	0.00427	0.00511	0.00534	0.00299	0.00345	0.00513	0.00700	0.00933	0.02001	0.84506	0.02394	0.01135	0.00465	0.00148	0.00215	0.03475	0.00337	0.00296
15	0.89794	0.00703	0.00534	0.00478	0.00703	0.00815	0.00394	0.01068	0.00619	0.01631	0.00506	0.00590	0.00394	0.00337	0.00225	0.00112	0.00281	0.00197	0.00225	0.00394
16	0.00858	0.00980	0.02145	0.01532	0.01900	0.00919	0.83640	0.01164	0.00858	0.01164	0.00735	0.00980	0.00551	0.00306	0.00429	0.00123	0.00613	0.00429	0.00184	0.00490
17	0.00847	0.00701	0.00735	0.00666	0.00852	0.00795	0.00517	0.03012	0.66738	0.01470	0.01618	0.01525	0.07980	0.00520	0.00362	0.00119	0.00268	0.00431	0.10319	0.00527
18	0.07025	0.00837	0.01342	0.06020	0.63736	0.00892	0.01015	0.02621	0.00793	0.01189	0.00649	0.00869	0.00548	0.00365	0.00448	0.00115	0.10503	0.00314	0.00183	0.00535
19	0.01266	0.09375	0.01160	0.02166	0.02233	0.67575	0.03680	0.03003	0.00984	0.00928	0.00568	0.00678	0.00476	0.00378	0.00361	0.00097	0.04209	0.00245	0.00186	0.00433
20	0.00534	0.04018	0.00571	0.00606	0.03629	0.00412	0.00438	0.00655	0.02411	0.01008	0.06288	0.45913	0.05668	0.04524	0.00512	0.00153	0.00262	0.21746	0.00323	0.00328
21	0.00792	0.06208	0.10346	0.01615	0.05621	0.00781	0.01567	0.04535	0.05526	0.06979	0.06154	0.05537	0.02081	0.02621	0.18325	0.00226	0.20017	0.00398	0.00236	0.00435
22	0.12206	0.00658	0.00797	0.00626	0.00886	0.00630	0.00515	0.12305	0.01054	0.57484	0.01228	0.01121	0.00804	0.00432	0.00339	0.00110	0.00306	0.00338	0.07593	0.00569
23	0.01306	0.00707	0.00818	0.00710	0.04383	0.07598	0.00540	0.09158	0.03854	0.46527	0.08895	0.04362	0.01119	0.00488	0.00362	0.00110	0.00323	0.00399	0.07803	0.00539
24	0.00834	0.01967	0.04607	0.00947	0.12493	0.00668	0.11811	0.04254	0.04762	0.02470	0.00721	0.00843	0.00576	0.00305	0.00316	0.00080	0.00357	0.00277	0.00219	0.51493
25	0.00684	0.00501	0.00667	0.04216	0.04442	0.00513	0.01458	0.00848	0.05460	0.08908	0.05351	0.12045	0.16905	0.10046	0.13267	0.00215	0.06712	0.01381	0.00282	0.06102
26	0.00443	0.00316	0.00422	0.00506	0.00527	0.00295	0.00337	0.00506	0.00696	0.00928	0.02003	0.86990	0.02404	0.01139	0.00464	0.00148	0.00211	0.01033	0.00337	0.00295
27	0.00709	0.00703	0.04133	0.63474	0.08847	0.00774	0.05446	0.00945	0.00757	0.02384	0.00916	0.01169	0.07418	0.00404	0.00371	0.00120	0.00462	0.00364	0.00183	0.00423
28	0.03675	0.27201	0.28587	0.00982	0.06849	0.09747	0.08158	0.02935	0.00815	0.03336	0.00663	0.00773	0.01555	0.00353	0.00341	0.00103	0.02983	0.00270	0.00179	0.00495
29	0.00575	0.00383	0.00478	0.00449	0.00543	0.00360	0.00338	0.00764	0.02968	0.03629	0.65880	0.02460	0.05107	0.00686	0.00399	0.00110	0.00178	0.00599	0.13739	0.00354
30	0.00507	0.00367	0.00482	0.00549	0.00595	0.00359	0.00403	0.00641	0.04551	0.01002	0.05094	0.54247	0.02243	0.06094	0.00549	0.00162	0.00252	0.21253	0.00334	0.00315
31	0.00862	0.00702	0.11891	0.00827	0.11097	0.00541	0.00626	0.02186	0.05343	0.21510	0.02602	0.31573	0.07296	0.00703	0.00402	0.00126	0.00309	0.00617	0.00324	0.00461
32	0.01047	0.71050	0.01741	0.00676	0.00969	0.12448	0.00637	0.06096	0.00835	0.00946	0.00535	0.00610	0.00476	0.00327	0.00253	0.00082	0.00424	0.00208	0.00172	0.00470

[dist]
# distance from previous block
# <min> <max>
1	2

[block]
# block no. 4 follows, 76 sequences, length 33
# corresponding to MSA columns:
# 109-141
name=unknown_E
#
# <colnr> <probs for GDERKNQSTAVLIFYWHMCP>
#	G	D	E	R	K	N	Q	S	T	A	V	L	I	F	Y	W	H	M	C	P
0	0.06139	0.10075	0.06835	0.01024	0.08913	0.35151	0.08124	0.06920	0.00960	0.09217	0.00689	0.00778	0.00533	0.00372	0.00355	0.00103	0.02833	0.00277	0.00219	0.00484
1	0.00854	0.01010	0.04896	0.01515	0.01889	0.00917	0.80919	0.01164	0.00855	0.01164	0.00733	0.00973	0.00548	0.00308	0.00426	0.00122	0.00610	0.00424	0.00183	0.00492
2	0.00880	0.03856	0.04202	0.01433	0.01799	0.00934	0.72944	0.04986	0.00889	0.01206	0.00730	0.00951	0.00549	0.00313	0.00413	0.00119	0.00585	0.00407	0.00191	0.02613
3	0.00705	0.00492	0.04413	0.00450	0.00611	0.00406	0.00371	0.00894	0.02385	0.06002	0.14946	0.01602	0.07409	0.00486	0.00311	0.00091	0.00214	0.00402	0.42759	0.15051
4	0.00578	0.00416	0.00576	0.00655	0.00741	0.00413	0.00571	0.00742	0.00836	0.01083	0.02006	0.04072	0.05929	0.01000	0.00499	0.00165	0.00328	0.78722	0.00335	0.00333
5	0.00514	0.00372	0.00486	0.00457	0.00543	0.00343	0.00343	0.00686	0.01029	0.01457	0.84768	0.02715	0.03429	0.00743	0.00429	0.00114	0.00171	0.00657	0.00400	0.00343
6	0.00686	0.00646	0.01090	0.86353	0.02503	0.00807	0.01009	0.00929	0.00727	0.00929	0.00646	0.00969	0.00484	0.00363	0.00363	0.00121	0.00484	0.00323	0.00161	0.00404
7	0.00795	0.00795	0.01113	0.00954	0.00954	0.01113	0.00795	0.00875	0.00557	0.00875	0.00477	0.00795	0.00477	0.00636	0.01193	0.00159	0.86562	0.00318	0.00159	0.00398
8	0.00729	0.01880	0.85344	0.01036	0.01573	0.00844	0.01343	0.01151	0.00767	0.01151	0.00652	0.00767	0.00460	0.00345	0.00345	0.00115	0.00537	0.00269	0.00153	0.00537
9	0.01631	0.00619	0.00843	0.00647	0.00928	0.00534	0.00534	0.01771	0.01040	0.85211	0.01434	0.01237	0.00900	0.00450	0.00365	0.00112	0.00309	0.00365	0.00450	0.00619
10	0.01613	0.00647	0.00861	0.00660	0.00942	0.00577	0.00545	0.07625	0.01088	0.79290	0.01394	0.01211	0.00880	0.00449	0.00365	0.00112	0.00316	0.00363	0.00444	0.00619
11	0.00729	0.01880	0.85344	0.01036	0.01573	0.00844	0.01343	0.01151	0.00767	0.01151	0.00652	0.00767	0.00460	0.00345	0.00345	0.00115	0.00537	0.00269	0.00153	0.00537
12	0.09392	0.00626	0.00816	0.00632	0.00908	0.00559	0.00522	0.01709	0.01003	0.77853	0.01352	0.01180	0.00855	0.00440	0.00353	0.00112	0.00307	0.00351	0.00430	0.00599
13	0.00453	0.00325	0.00432	0.00514	0.00542	0.00304	0.00354	0.00524	0.00709	0.00941	0.02040	0.78930	0.04454	0.01123	0.00466	0.00148	0.00219	0.06885	0.00337	0.00298
14	0.89794	0.00703	0.00534	0.00478	0.00703	0.00815	0.00394	0.01068	0.00619	0.01631	0.00506	0.00590	0.00394	0.00337	0.00225	0.00112	0.00281	0.00197	0.00225	0.00394
15	0.01631	0.00619	0.00843	0.00647	0.00928	0.00534	0.00534	0.01771	0.01040	0.85211	0.01434	0.01237	0.00900	0.00450	0.00365	0.00112	0.00309	0.00365	0.00450	0.00619
16	0.00441	0.00323	0.00415	0.00488	0.00522	0.00297	0.00329	0.00508	0.00714	0.00935	0.02227	0.75873	0.13376	0.01110	0.00459	0.00144	0.00207	0.00998	0.00337	0.00297
17	0.77323	0.00788	0.05017	0.00522	0.00759	0.03803	0.00453	0.01087	0.00654	0.03068	0.00590	0.00670	0.01586	0.00351	0.00241	0.00112	0.00305	0.00216	0.02053	0.00404
18	0.00987	0.80020	0.01827	0.00639	0.00934	0.01389	0.00627	0.01103	0.00741	0.03937	0.00538	0.00617	0.00483	0.00332	0.00285	0.00083	0.04617	0.00207	0.00166	0.00469
19	0.00969	0.02267	0.07734	0.01278	0.29775	0.00776	0.06686	0.13600	0.03268	0.11633	0.11078	0.03153	0.03430	0.00496	0.02129	0.00122	0.00396	0.00403	0.00278	0.00529
20	0.08298	0.28867	0.29951	0.00802	0.01156	0.12312	0.00852	0.06669	0.00859	0.03038	0.03686	0.00768	0.00587	0.00361	0.00302	0.00100	0.00457	0.00255	0.00194	0.00488
21	0.01364	0.00937	0.01025	0.00790	0.01068	0.01018	0.00651	0.70196	0.01590	0.11132	0.03066	0.00974	0.00729	0.00445	0.00362	0.00109	0.00377	0.00340	0.03225	0.00602
22	0.00447	0.00324	0.00423	0.00497	0.00529	0.00300	0.00338	0.00519	0.00721	0.00955	0.05171	0.75727	0.08878	0.01104	0.00461	0.00145	0.00210	0.02613	0.00340	0.00299
23	0.02951	0.35260	0.16276	0.00719	0.02543	0.03453	0.00704	0.01175	0.04053	0.09558	0.00699	0.00757	0.00550	0.00332	0.00284	0.00086	0.00383	0.00241	0.00209	0.19764
24	0.00689	0.07747	0.00641	0.00547	0.00655	0.00468	0.00422	0.02324	0.00810	0.12451	0.05622	0.42184	0.11844	0.00897	0.00437	0.00134	0.01365	0.10059	0.00338	0.00369
25	0.00443	0.00316	0.00422	0.00506	0.00527	0.00295	0.00337	0.00506	0.00696	0.00928	0.02003	0.86990	0.02404	0.01139	0.00464	0.00148	0.00211	0.01033	0.00337	0.00295
26	0.00843	0.01401	0.40417	0.03121	0.13647	0.10081	0.10293	0.03387	0.04052	0.01194	0.07430	0.00984	0.00756	0.00381	0.00363	0.00113	0.00499	0.00330	0.00198	0.00510
27	0.00856	0.09935	0.12654	0.08839	0.38211	0.00931	0.10106	0.02053	0.05299	0.01133	0.00704	0.00893	0.00569	0.00395	0.01933	0.00120	0.04340	0.00320	0.00184	0.00523
28	0.00730	0.00472	0.00620	0.00574	0.00684	0.00516	0.00449	0.10550	0.00792	0.07675	0.04068	0.01411	0.00980	0.04333	0.51447	0.00397	0.00693	0.00387	0.12838	0.00382
29	0.00616	0.00423	0.00597	0.08627	0.00765	0.00445	0.02545	0.00698	0.00642	0.06657	0.01245	0.18665	0.01322	0.32480	0.18028	0.01296	0.01874	0.02512	0.00249	0.00313
30	0.00890	0.06743	0.17711	0.06338	0.43583	0.06367	0.03064	0.01131	0.00831	0.03636	0.03812	0.00931	0.00657	0.00354	0.00349	0.00107	0.00452	0.00315	0.02203	0.00527
31	0.00957	0.12642	0.38230	0.01023	0.07204	0.24490	0.01000	0.01249	0.04707	0.01050	0.00642	0.00750	0.00502	0.00365	0.00360	0.00106	0.03790	0.00262	0.00175	0.00495
32	0.00946	0.77690	0.04546	0.00629	0.00948	0.01342	0.00630	0.01076	0.00741	0.00891	0.00521	0.00603	0.00472	0.00309	0.00240	0.00077	0.00384	0.00198	0.00160	0.07596

[dist]
# distance from previous block
# <min> <max>
0	1

[block]
# block no. 5 follows, 76 sequences, length 23
# corresponding to MSA columns:
# 143-165
name=unknown_F
#
# <colnr> <probs for GDERKNQSTAVLIFYWHMCP>
#	G	D	E	R	K	N	Q	S	T	A	V	L	I	F	Y	W	H	M	C	P
0	0.00786	0.00777	0.09315	0.00615	0.00959	0.00532	0.02414	0.00977	0.00768	0.04326	0.00678	0.00778	0.00544	0.00284	0.00284	0.00064	0.00305	0.00231	0.00217	0.75143
1	0.00851	0.03890	0.06949	0.00728	0.00876	0.00746	0.00618	0.19308	0.00942	0.06854	0.03207	0.28400	0.01324	0.00733	0.00561	0.00135	0.17010	0.06134	0.00297	0.00436
2	0.00549	0.00731	0.20039	0.00595	0.00798	0.00451	0.00567	0.00727	0.00794	0.01093	0.13590	0.27983	0.19715	0.00760	0.00403	0.00120	0.00281	0.00659	0.00291	0.09853
3	0.00981	0.01337	0.50632	0.00855	0.01267	0.00696	0.00990	0.01289	0.00874	0.26923	0.07981	0.01130	0.02569	0.00422	0.00360	0.00114	0.00430	0.00341	0.00269	0.00541
4	0.00466	0.00370	0.00418	0.00406	0.00513	0.00322	0.00305	0.00592	0.00914	0.01185	0.38330	0.03163	0.50037	0.00845	0.00429	0.00119	0.00179	0.00720	0.00364	0.00322
5	0.00704	0.00666	0.01142	0.69910	0.09690	0.00792	0.05017	0.00943	0.00759	0.00993	0.05381	0.01061	0.00661	0.00378	0.00370	0.00120	0.00468	0.00347	0.00178	0.00420
6	0.00832	0.01159	0.18625	0.01434	0.01835	0.00904	0.67338	0.01162	0.00840	0.01162	0.00719	0.00938	0.00533	0.00314	0.00412	0.00121	0.00598	0.00397	0.00178	0.00499
7	0.00904	0.00781	0.00822	0.00740	0.00945	0.00904	0.00575	0.01931	0.84303	0.01520	0.01479	0.01356	0.01109	0.00493	0.00370	0.00123	0.00288	0.00411	0.00370	0.00575
8	0.00842	0.00415	0.00448	0.00408	0.00530	0.00411	0.00316	0.05939	0.00855	0.12127	0.01199	0.01311	0.00909	0.00428	0.00275	0.00090	0.00201	0.00341	0.72565	0.00391
9	0.00734	0.01845	0.82072	0.01055	0.01586	0.00847	0.04579	0.01152	0.00771	0.01152	0.00656	0.00776	0.00464	0.00344	0.00349	0.00115	0.00540	0.00275	0.00155	0.00535
10	0.00443	0.00316	0.00422	0.00506	0.00527	0.00295	0.00337	0.00506	0.00696	0.00928	0.02003	0.86990	0.02404	0.01139	0.00464	0.00148	0.00211	0.01033	0.00337	0.00295
11	0.01631	0.00619	0.00843	0.00647	0.00928	0.00534	0.00534	0.01771	0.01040	0.85211	0.01434	0.01237	0.00900	0.00450	0.00365	0.00112	0.00309	0.00365	0.00450	0.00619
12	0.00528	0.00385	0.00412	0.00400	0.00529	0.00325	0.00302	0.00624	0.00844	0.07669	0.05682	0.07723	0.71517	0.00890	0.00426	0.00123	0.00195	0.00746	0.00348	0.00332
13	0.09723	0.13081	0.33151	0.00796	0.01168	0.05759	0.00854	0.03269	0.00869	0.26712	0.00855	0.00864	0.00592	0.00375	0.00324	0.00108	0.00426	0.00280	0.00258	0.00533
14	0.00697	0.00657	0.01110	0.82032	0.06739	0.00810	0.01015	0.00938	0.00732	0.00942	0.00648	0.00965	0.00489	0.00361	0.00363	0.00120	0.00482	0.00323	0.00162	0.00413
15	0.00430	0.00368	0.00368	0.00368	0.00491	0.00307	0.00276	0.00522	0.00828	0.00982	0.03682	0.03498	0.84812	0.00920	0.00430	0.00123	0.00184	0.00767	0.00338	0.00307
16	0.00936	0.01081	0.07204	0.06191	0.36060	0.19592	0.07483	0.01133	0.00858	0.01098	0.07094	0.00977	0.00748	0.00395	0.00431	0.00112	0.07590	0.00334	0.00194	0.00490
17	0.00626	0.00319	0.00479	0.00479	0.00483	0.00323	0.00323	0.00483	0.00479	0.00642	0.00649	0.01121	0.00646	0.01338	0.05754	0.84862	0.00349	0.00319	0.00160	0.00166
18	0.00889	0.01414	0.48257	0.01077	0.02913	0.00822	0.17779	0.04689	0.03919	0.11021	0.00838	0.03304	0.00617	0.00381	0.00370	0.00117	0.00500	0.00342	0.00216	0.00536
19	0.01031	0.01057	0.01124	0.01077	0.11169	0.23490	0.04411	0.05406	0.10683	0.04478	0.00755	0.00902	0.01696	0.00484	0.00647	0.00125	0.30457	0.00321	0.00219	0.00469
20	0.10028	0.00982	0.01030	0.00799	0.01081	0.01091	0.00659	0.73737	0.03534	0.02208	0.00851	0.00856	0.00608	0.00428	0.00350	0.00110	0.00386	0.00316	0.00350	0.00595
21	0.16564	0.12414	0.30311	0.00878	0.06125	0.05322	0.02170	0.05073	0.04882	0.05874	0.00699	0.00776	0.00527	0.00351	0.00309	0.00104	0.00424	0.00262	0.00211	0.06725
22	0.02195	0.00812	0.10756	0.01024	0.18096	0.00668	0.02396	0.08616	0.02250	0.33008	0.02974	0.13509	0.01019	0.00513	0.00377	0.00117	0.00357	0.00445	0.00326	0.00542

[dist]
# distance from previous block
# <min> <max>
0	2

[block]
# block no. 6 follows, 76 sequences, length 23
# corresponding to MSA columns:
# 168-190
name=unknown_G
#
# <colnr> <probs for GDERKNQSTAVLIFYWHMCP>
#	G	D	E	R	K	N	Q	S	T	A	V	L	I	F	Y	W	H	M	C	P
0	0.02695	0.05231	0.10282	0.04163	0.54437	0.03542	0.03828	0.03555	0.02832	0.04942	0.00723	0.00886	0.00576	0.00341	0.00351	0.00108	0.00443	0.00314	0.00198	0.00553
1	0.00975	0.02044	0.09045	0.05560	0.16414	0.03557	0.03991	0.13356	0.29371	0.05273	0.03849	0.01108	0.00851	0.00430	0.00385	0.00116	0.02476	0.00361	0.00287	0.00549
2	0.00729	0.01880	0.85344	0.01036	0.01573	0.00844	0.01343	0.01151	0.00767	0.01151	0.00652	0.00767	0.00460	0.00345	0.00345	0.00115	0.00537	0.00269	0.00153	0.00537
3	0.00932	0.00900	0.02815	0.06600	0.19427	0.16384	0.04421	0.05295	0.08458	0.06743	0.09270	0.03921	0.10401	0.00503	0.00394	0.00113	0.02260	0.00424	0.00267	0.00472
4	0.00442	0.00318	0.00420	0.00501	0.00526	0.00296	0.00335	0.00507	0.00700	0.00930	0.02060	0.84169	0.05188	0.01131	0.00463	0.00147	0.00210	0.01024	0.00337	0.00296
5	0.02966	0.01291	0.31797	0.01312	0.01734	0.00889	0.50470	0.01173	0.02584	0.01178	0.00716	0.00903	0.00527	0.00325	0.00393	0.00120	0.00571	0.00366	0.00178	0.00506
6	0.00880	0.06937	0.18490	0.01434	0.29405	0.03766	0.16118	0.01240	0.11212	0.02488	0.00798	0.02052	0.00632	0.00358	0.00360	0.00111	0.00464	0.00338	0.00205	0.02712
7	0.01380	0.01069	0.01086	0.00843	0.01127	0.07123	0.00692	0.77918	0.01661	0.02191	0.00851	0.00857	0.00607	0.00432	0.00361	0.00108	0.00418	0.00321	0.00351	0.00604
8	0.00658	0.00410	0.00561	0.00568	0.00645	0.00392	0.02175	0.02373	0.00785	0.13066	0.05437	0.60439	0.04367	0.00965	0.00470	0.00140	0.03161	0.02682	0.00347	0.00359
9	0.00521	0.00381	0.00539	0.00539	0.00589	0.00430	0.00398	0.00620	0.00571	0.00811	0.01015	0.01655	0.01007	0.22914	0.65733	0.00529	0.00825	0.00423	0.00201	0.00300
10	0.01136	0.01033	0.12106	0.00816	0.01105	0.00989	0.00728	0.49451	0.18841	0.01886	0.00985	0.00999	0.00723	0.00535	0.04045	0.00133	0.00412	0.00340	0.03161	0.00577
11	0.01382	0.01018	0.01091	0.00836	0.01127	0.01127	0.00691	0.83748	0.01709	0.02291	0.00873	0.00873	0.00618	0.00436	0.00364	0.00109	0.00400	0.00327	0.00364	0.00618
12	0.00480	0.00399	0.00422	0.00411	0.00534	0.00358	0.00310	0.00655	0.07077	0.01105	0.17651	0.03202	0.64397	0.00858	0.00425	0.00121	0.00190	0.00721	0.00351	0.00333
13	0.00972	0.87446	0.01905	0.00622	0.00933	0.01438	0.00622	0.01088	0.00738	0.00855	0.00505	0.00583	0.00466	0.00311	0.00233	0.00078	0.00389	0.00194	0.00155	0.00466
14	0.00754	0.00646	0.00754	0.00538	0.00861	0.00484	0.00431	0.00915	0.00754	0.01184	0.00646	0.00754	0.00538	0.00269	0.00269	0.00054	0.00269	0.00215	0.00215	0.89449
15	0.01631	0.00619	0.00843	0.00647	0.00928	0.00534	0.00534	0.01771	0.01040	0.85211	0.01434	0.01237	0.00900	0.00450	0.00365	0.00112	0.00309	0.00365	0.00450	0.00619
16	0.00754	0.00646	0.00754	0.00538	0.00861	0.00484	0.00431	0.00915	0.00754	0.01184	0.00646	0.00754	0.00538	0.00269	0.00269	0.00054	0.00269	0.00215	0.00215	0.89449
17	0.00754	0.00646	0.00754	0.00538	0.00861	0.00484	0.00431	0.00915	0.00754	0.01184	0.00646	0.00754	0.00538	0.00269	0.00269	0.00054	0.00269	0.00215	0.00215	0.89449
18	0.00463	0.00330	0.00441	0.00523	0.00551	0.00312	0.00364	0.00537	0.00708	0.00941	0.01969	0.74473	0.02335	0.03560	0.00508	0.00156	0.00230	0.10968	0.00334	0.00298
19	0.01175	0.05593	0.00916	0.00651	0.00944	0.02074	0.00535	0.15999	0.07074	0.27917	0.00986	0.00960	0.00703	0.00376	0.00323	0.00089	0.00319	0.00296	0.00323	0.32746
20	0.00658	0.00527	0.00605	0.00624	0.02721	0.02423	0.00443	0.09168	0.16554	0.01191	0.03026	0.46336	0.09555	0.00938	0.03316	0.00149	0.00282	0.00758	0.00335	0.00393
21	0.00948	0.44538	0.22060	0.00910	0.05785	0.09640	0.06868	0.01169	0.02005	0.02189	0.00601	0.00702	0.00493	0.00331	0.00295	0.00094	0.00468	0.00246	0.00169	0.00491
22	0.02886	0.07142	0.07629	0.01287	0.24607	0.07753	0.14520	0.05387	0.12822	0.03855	0.04756	0.01106	0.03822	0.00401	0.00363	0.00111	0.00434	0.00363	0.00239	0.00517

[dist]
# distance from previous block
# <min> <max>
1	18

[block]
# block no. 7 follows, 76 sequences, length 43
# corresponding to MSA columns:
# 209-251
name=unknown_H
#
# <colnr> <probs for GDERKNQSTAVLIFYWHMCP>
#	G	D	E	R	K	N	Q	S	T	A	V	L	I	F	Y	W	H	M	C	P
0	0.02242	0.10170	0.03658	0.01593	0.47470	0.09153	0.01988	0.08358	0.08683	0.02145	0.00749	0.00879	0.00604	0.00355	0.00343	0.00105	0.00434	0.00308	0.00214	0.00549
1	0.00544	0.00385	0.00451	0.00428	0.00543	0.00337	0.00323	0.00673	0.00923	0.06699	0.37796	0.05320	0.42611	0.00821	0.00426	0.00119	0.00188	0.00702	0.00371	0.00342
2	0.02158	0.11117	0.39190	0.00861	0.02561	0.02557	0.02507	0.05073	0.00867	0.18091	0.00801	0.00846	0.00569	0.00357	0.00328	0.00102	0.00435	0.00278	0.00233	0.11068
3	0.00846	0.04689	0.29581	0.01606	0.38884	0.01939	0.12139	0.02411	0.00828	0.01177	0.02107	0.00881	0.00578	0.00338	0.00360	0.00111	0.00487	0.00319	0.00177	0.00542
4	0.00448	0.00321	0.00432	0.00511	0.00535	0.00306	0.00345	0.00515	0.00689	0.00922	0.01936	0.81385	0.02306	0.01243	0.06053	0.00176	0.00261	0.00991	0.00328	0.00297
5	0.06696	0.00908	0.01740	0.03393	0.29515	0.00891	0.45538	0.01168	0.04267	0.01212	0.00732	0.00943	0.00571	0.00323	0.00389	0.00117	0.00515	0.00376	0.00192	0.00514
6	0.01069	0.06602	0.09356	0.05337	0.21850	0.07197	0.08125	0.09043	0.04325	0.16862	0.03066	0.02036	0.00727	0.00418	0.01191	0.00115	0.01546	0.00342	0.00258	0.00535
7	0.00467	0.00374	0.00433	0.00472	0.01958	0.00338	0.00332	0.00590	0.03789	0.01012	0.07040	0.32824	0.45452	0.00965	0.00440	0.00132	0.00204	0.02521	0.00339	0.00319
8	0.00447	0.00319	0.00426	0.00511	0.00533	0.00299	0.00344	0.00513	0.00700	0.00932	0.02001	0.84713	0.02395	0.01135	0.00465	0.00148	0.00214	0.03272	0.00337	0.00296
9	0.01202	0.01470	0.00975	0.06504	0.02860	0.67246	0.00691	0.01329	0.02577	0.00942	0.03556	0.04612	0.00707	0.00434	0.00343	0.00101	0.00583	0.01848	0.01604	0.00415
10	0.01046	0.71085	0.01739	0.00679	0.00969	0.15178	0.00637	0.03429	0.00813	0.00900	0.00525	0.00603	0.00471	0.00325	0.00252	0.00081	0.00432	0.00204	0.00166	0.00463
11	0.01948	0.00963	0.03212	0.02616	0.04586	0.00902	0.70959	0.01195	0.05496	0.01188	0.00768	0.00985	0.00579	0.00318	0.00415	0.00120	0.00574	0.00413	0.00195	0.02569
12	0.02001	0.29853	0.26006	0.02085	0.09367	0.05506	0.00897	0.15802	0.00949	0.03413	0.00659	0.00745	0.00513	0.00352	0.00311	0.00100	0.00450	0.00260	0.00204	0.00525
13	0.00910	0.00987	0.16936	0.05613	0.37312	0.00792	0.08972	0.01209	0.05857	0.10733	0.04647	0.02809	0.00783	0.00388	0.00370	0.00114	0.00432	0.00363	0.00230	0.00541
14	0.00871	0.00708	0.00810	0.00594	0.00907	0.00602	0.00478	0.13585	0.04625	0.02770	0.00731	0.00807	0.00582	0.00308	0.00290	0.00066	0.00291	0.00244	0.00249	0.70484
15	0.00451	0.00324	0.00429	0.00510	0.00539	0.00303	0.00350	0.00521	0.00709	0.00939	0.02066	0.78738	0.05683	0.01122	0.00465	0.00148	0.00217	0.05849	0.00337	0.00298
16	0.00529	0.00352	0.00396	0.00396	0.00396	0.00352	0.00220	0.00529	0.00529	0.00705	0.01145	0.02378	0.01321	0.87227	0.01850	0.00352	0.00352	0.00529	0.00220	0.00220
17	0.00771	0.03336	0.59145	0.01132	0.10050	0.04613	0.05356	0.01117	0.00792	0.01131	0.02254	0.02058	0.01849	0.00392	0.00373	0.00116	0.02133	0.02693	0.00174	0.00514
18	0.00686	0.00646	0.01090	0.86353	0.02503	0.00807	0.01009	0.00929	0.00727	0.00929	0.00646	0.00969	0.00484	0.00363	0.00363	0.00121	0.00484	0.00323	0.00161	0.00404
19	0.00519	0.00389	0.00584	0.00584	0.00649	0.00454	0.00454	0.00649	0.00584	0.00844	0.00974	0.01428	0.00909	0.02726	0.85787	0.00584	0.00974	0.00389	0.00195	0.00325
20	0.00686	0.00646	0.01090	0.86353	0.02503	0.00807	0.01009	0.00929	0.00727	0.00929	0.00646	0.00969	0.00484	0.00363	0.00363	0.00121	0.00484	0.00323	0.00161	0.00404
21	0.01631	0.00619	0.00843	0.00647	0.00928	0.00534	0.00534	0.01771	0.01040	0.85211	0.01434	0.01237	0.00900	0.00450	0.00365	0.00112	0.00309	0.00365	0.00450	0.00619
22	0.00586	0.00418	0.00586	0.00669	0.00753	0.00418	0.00586	0.00753	0.00837	0.01088	0.01924	0.04100	0.02092	0.01004	0.00502	0.00167	0.00335	0.82513	0.00335	0.00335
23	0.00529	0.00352	0.00396	0.00396	0.00396	0.00352	0.00220	0.00529	0.00529	0.00705	0.01145	0.02378	0.01321	0.87227	0.01850	0.00352	0.00352	0.00529	0.00220	0.00220
24	0.00705	0.00656	0.01090	0.84023	0.02466	0.00816	0.01001	0.03186	0.00754	0.00966	0.00652	0.00966	0.00488	0.00365	0.00363	0.00121	0.00482	0.00323	0.00167	0.00410
25	0.00443	0.00316	0.00422	0.00506	0.00527	0.00295	0.00337	0.00506	0.00696	0.00928	0.02003	0.86990	0.02404	0.01139	0.00464	0.00148	0.00211	0.01033	0.00337	0.00295
26	0.00686	0.00646	0.01090	0.86353	0.02503	0.00807	0.01009	0.00929	0.00727	0.00929	0.00646	0.00969	0.00484	0.00363	0.00363	0.00121	0.00484	0.00323	0.00161	0.00404
27	0.00972	0.87446	0.01905	0.00622	0.00933	0.01438	0.00622	0.01088	0.00738	0.00855	0.00505	0.00583	0.00466	0.00311	0.00233	0.00078	0.00389	0.00194	0.00155	0.00466
28	0.00449	0.00360	0.00402	0.00428	0.00520	0.00315	0.00316	0.00542	0.00801	0.00991	0.06204	0.23100	0.54792	0.02227	0.00464	0.00135	0.00204	0.07106	0.00338	0.00306
29	0.78380	0.03262	0.00612	0.00507	0.00738	0.02370	0.00419	0.02110	0.00672	0.07424	0.00576	0.00640	0.00435	0.00346	0.00238	0.00111	0.00295	0.00211	0.00240	0.00415
30	0.00996	0.00901	0.00869	0.00769	0.00981	0.09617	0.00599	0.09700	0.67881	0.01529	0.01327	0.01238	0.00997	0.00476	0.00365	0.00119	0.00336	0.00385	0.00351	0.00564
31	0.02846	0.60286	0.07255	0.00714	0.03270	0.05324	0.00672	0.01222	0.05132	0.09337	0.00666	0.00713	0.00544	0.00341	0.00269	0.00088	0.00397	0.00233	0.00199	0.00491
32	0.00766	0.06102	0.71980	0.06599	0.01587	0.00864	0.02414	0.01151	0.00772	0.03544	0.00668	0.00788	0.00476	0.00347	0.00343	0.00114	0.00521	0.00273	0.00163	0.00526
33	0.01613	0.00647	0.00861	0.00660	0.00942	0.00577	0.00545	0.07632	0.01088	0.79283	0.01394	0.01211	0.00880	0.00449	0.00365	0.00112	0.00316	0.00363	0.00444	0.00619
34	0.00699	0.00371	0.00417	0.00394	0.00498	0.00353	0.00300	0.00861	0.00854	0.08180	0.21506	0.01819	0.07236	0.00536	0.00317	0.00097	0.00182	0.00447	0.54572	0.00360
35	0.00561	0.05143	0.06153	0.00641	0.04288	0.00473	0.00475	0.03629	0.00732	0.00985	0.01621	0.58390	0.01873	0.06390	0.03296	0.00166	0.01815	0.02733	0.00295	0.00343
36	0.01572	0.00701	0.06378	0.00672	0.00970	0.00554	0.00587	0.01731	0.01022	0.79705	0.01383	0.01206	0.00871	0.00443	0.00364	0.00113	0.00324	0.00359	0.00430	0.00613
37	0.00443	0.00316	0.00422	0.00506	0.00527	0.00295	0.00337	0.00506	0.00696	0.00928	0.02003	0.86990	0.02404	0.01139	0.00464	0.00148	0.00211	0.01033	0.00337	0.00295
38	0.01532	0.00593	0.00796	0.00618	0.00882	0.00515	0.00508	0.01672	0.01016	0.77228	0.01495	0.01321	0.03762	0.00464	0.00361	0.00111	0.00296	0.00378	0.05860	0.00591
39	0.01162	0.02430	0.00967	0.00774	0.01019	0.00990	0.00624	0.47793	0.28773	0.04061	0.01154	0.06677	0.00901	0.00499	0.00370	0.00116	0.00348	0.00400	0.00362	0.00580
40	0.81586	0.00695	0.00563	0.00494	0.00724	0.00789	0.00407	0.01134	0.00658	0.09413	0.00592	0.00651	0.00441	0.00348	0.00238	0.00112	0.00284	0.00213	0.00246	0.00415
41	0.00520	0.00349	0.00399	0.00407	0.00409	0.00347	0.00231	0.00526	0.00544	0.00726	0.01226	0.10326	0.01423	0.79140	0.01720	0.00333	0.00339	0.00576	0.00231	0.00227
42	0.01076	0.48294	0.04825	0.00816	0.06693	0.12519	0.00692	0.07878	0.00881	0.07369	0.01592	0.00746	0.00562	0.01329	0.00332	0.00095	0.03362	0.00248	0.00204	0.00488

[dist]
# distance from previous block
# <min> <max>
0	1

[block]
# block no. 8 follows, 76 sequences, length 66
# corresponding to MSA columns:
# 253-318
name=unknown_I
#
# <colnr> <probs for GDERKNQSTAVLIFYWHMCP>
#	G	D	E	R	K	N	Q	S	T	A	V	L	I	F	Y	W	H	M	C	P
0	0.00990	0.82864	0.03428	0.00630	0.00945	0.01396	0.00632	0.01113	0.00749	0.03758	0.00540	0.00609	0.00481	0.00316	0.00240	0.00080	0.00389	0.00202	0.00166	0.00473
1	0.00802	0.06716	0.07632	0.00661	0.03388	0.00629	0.01605	0.04691	0.01768	0.01213	0.00659	0.00762	0.00539	0.00290	0.00283	0.00066	0.00314	0.00231	0.00213	0.67538
2	0.01382	0.01018	0.01091	0.00836	0.01127	0.01127	0.00691	0.83748	0.01709	0.02291	0.00873	0.00873	0.00618	0.00436	0.00364	0.00109	0.00400	0.00327	0.00364	0.00618
3	0.01607	0.00633	0.00850	0.00651	0.00933	0.00554	0.00538	0.04572	0.01058	0.80899	0.01401	0.01216	0.00884	0.00446	0.00364	0.00111	0.00312	0.00362	0.00443	0.02167
4	0.00443	0.00316	0.00422	0.00506	0.00527	0.00295	0.00337	0.00506	0.00696	0.00928	0.02003	0.86990	0.02404	0.01139	0.00464	0.00148	0.00211	0.01033	0.00337	0.00295
5	0.00523	0.00350	0.00398	0.00403	0.00404	0.00349	0.00227	0.00527	0.00539	0.00718	0.01198	0.07572	0.01388	0.81943	0.01765	0.00340	0.00344	0.00560	0.00227	0.00225
6	0.00865	0.00829	0.01413	0.15719	0.71739	0.00855	0.01098	0.01085	0.00811	0.01146	0.00678	0.00911	0.00561	0.00330	0.00360	0.00110	0.00440	0.00324	0.00177	0.00548
7	0.00795	0.00795	0.01113	0.00954	0.00954	0.01113	0.00795	0.00875	0.00557	0.00875	0.00477	0.00795	0.00477	0.00636	0.01193	0.00159	0.86562	0.00318	0.00159	0.00398
8	0.00729	0.01880	0.85344	0.01036	0.01573	0.00844	0.01343	0.01151	0.00767	0.01151	0.00652	0.00767	0.00460	0.00345	0.00345	0.00115	0.00537	0.00269	0.00153	0.00537
9	0.00435	0.00368	0.00377	0.00376	0.00495	0.00309	0.00281	0.00532	0.00840	0.01013	0.09058	0.04610	0.78243	0.00912	0.00430	0.00123	0.00184	0.00763	0.00342	0.00309
10	0.01631	0.00619	0.00843	0.00647	0.00928	0.00534	0.00534	0.01771	0.01040	0.85211	0.01434	0.01237	0.00900	0.00450	0.00365	0.00112	0.00309	0.00365	0.00450	0.00619
11	0.00519	0.00389	0.00584	0.00584	0.00649	0.00454	0.00454	0.00649	0.00584	0.00844	0.00974	0.01428	0.00909	0.02726	0.85787	0.00584	0.00974	0.00389	0.00195	0.00325
12	0.00509	0.00371	0.00479	0.00452	0.00540	0.00341	0.00339	0.00676	0.01017	0.01429	0.79871	0.02762	0.08344	0.00754	0.00429	0.00115	0.00172	0.00664	0.00396	0.00341
13	0.00528	0.00353	0.00401	0.00405	0.00408	0.00352	0.00232	0.00533	0.00540	0.00719	0.01184	0.04488	0.01366	0.83124	0.01785	0.00343	0.00348	0.02439	0.00226	0.00225
14	0.89794	0.00703	0.00534	0.00478	0.00703	0.00815	0.00394	0.01068	0.00619	0.01631	0.00506	0.00590	0.00394	0.00337	0.00225	0.00112	0.00281	0.00197	0.00225	0.00394
15	0.00858	0.00980	0.02145	0.01532	0.01900	0.00919	0.83640	0.01164	0.00858	0.01164	0.00735	0.00980	0.00551	0.00306	0.00429	0.00123	0.00613	0.00429	0.00184	0.00490
16	0.00479	0.00361	0.00450	0.00502	0.00574	0.00332	0.00381	0.00583	0.00791	0.01014	0.07140	0.35687	0.27808	0.01015	0.00461	0.00143	0.00231	0.21396	0.00340	0.00311
17	0.39557	0.00599	0.00537	0.00474	0.00651	0.00665	0.00380	0.13415	0.00842	0.01616	0.00843	0.00950	0.00650	0.00388	0.00258	0.00100	0.00253	0.00275	0.37142	0.00405
18	0.01318	0.09247	0.01109	0.00897	0.01104	0.69796	0.00692	0.08280	0.02489	0.01014	0.00598	0.00679	0.00491	0.00376	0.00323	0.00094	0.00604	0.00241	0.00202	0.00444
19	0.00796	0.00660	0.00767	0.00555	0.00873	0.00516	0.00445	0.03199	0.03397	0.03179	0.00696	0.00787	0.00567	0.00285	0.00277	0.00059	0.00274	0.00228	0.00230	0.82212
20	0.00667	0.01990	0.00562	0.04964	0.00683	0.00405	0.00393	0.00828	0.00961	0.11092	0.53620	0.05269	0.08401	0.00681	0.00401	0.00113	0.00210	0.00592	0.07793	0.00376
21	0.00944	0.00670	0.00756	0.00649	0.00842	0.00715	0.00512	0.15064	0.33885	0.11864	0.23420	0.01737	0.06226	0.00568	0.00387	0.00117	0.00273	0.00476	0.00385	0.00512
22	0.00514	0.00372	0.00486	0.00457	0.00543	0.00343	0.00343	0.00686	0.01029	0.01457	0.84768	0.02715	0.03429	0.00743	0.00429	0.00114	0.00171	0.00657	0.00400	0.00343
23	0.00785	0.00682	0.00770	0.00556	0.00875	0.02516	0.00444	0.03234	0.00787	0.01208	0.00650	0.00755	0.00539	0.00276	0.00273	0.00056	0.00282	0.00219	0.00219	0.84874
24	0.01220	0.02495	0.01015	0.03964	0.08298	0.04631	0.00671	0.30525	0.04126	0.21451	0.03527	0.01057	0.00777	0.02457	0.00468	0.00118	0.08258	0.00344	0.01874	0.02724
25	0.00443	0.00316	0.00422	0.00506	0.00527	0.00295	0.00337	0.00506	0.00696	0.00928	0.02003	0.86990	0.02404	0.01139	0.00464	0.00148	0.00211	0.01033	0.00337	0.00295
26	0.00509	0.00425	0.00507	0.00505	0.03371	0.00387	0.02166	0.00693	0.06191	0.01166	0.27077	0.02992	0.51068	0.00808	0.00423	0.00120	0.00205	0.00690	0.00349	0.00347
27	0.00818	0.06128	0.43457	0.03101	0.30188	0.01870	0.04976	0.01154	0.02836	0.01150	0.00678	0.00829	0.00521	0.00339	0.00349	0.00111	0.00491	0.00295	0.00170	0.00541
28	0.00525	0.00382	0.00490	0.00467	0.00556	0.00357	0.00354	0.00712	0.02798	0.01421	0.74442	0.02753	0.06617	0.00750	0.00427	0.00117	0.00182	0.04249	0.02055	0.00346
