[name]
unknown

[dist]
# distance from previous block
# <min> <max>
0	0

[block]
# block no. 0 follows, 75 sequences, length 137
# corresponding to MSA columns:
# 0-136
name=unknown_A
#
# <colnr> <probs for GDERKNQSTAVLIFYWHMCP>
#	G	D	E	R	K	N	Q	S	T	A	V	L	I	F	Y	W	H	M	C	P
0	0.00592	0.00423	0.00592	0.00676	0.00761	0.00423	0.00592	0.00761	0.00845	0.01099	0.01945	0.04143	0.02114	0.01015	0.00507	0.00169	0.00338	0.82329	0.00338	0.00338
1	0.89687	0.00710	0.00540	0.00483	0.00710	0.00824	0.00398	0.01080	0.00625	0.01648	0.00511	0.00597	0.00398	0.00341	0.00227	0.00114	0.00284	0.00199	0.00227	0.00398
2	0.01099	0.00860	0.01382	0.01707	0.50405	0.03958	0.10001	0.03319	0.00921	0.20460	0.01746	0.01006	0.00681	0.00364	0.00372	0.00111	0.00433	0.00349	0.00252	0.00575
3	0.05577	0.00746	0.01085	0.01273	0.33377	0.00724	0.00764	0.05529	0.04866	0.38154	0.03450	0.01116	0.00826	0.00410	0.00362	0.00112	0.00359	0.00353	0.00328	0.00587
4	0.01103	0.00632	0.00814	0.00668	0.00885	0.00620	0.03973	0.05593	0.20499	0.33115	0.24072	0.01645	0.01619	0.00535	0.00388	0.00116	0.00286	0.00458	0.00401	0.02580
5	0.01396	0.01029	0.01102	0.00845	0.01139	0.01139	0.00698	0.83577	0.01727	0.02315	0.00882	0.00882	0.00625	0.00441	0.00367	0.00110	0.00404	0.00331	0.00367	0.00625
6	0.00909	0.00865	0.01431	0.02117	0.77180	0.00876	0.01078	0.01202	0.08408	0.01230	0.00764	0.00951	0.00631	0.00343	0.00365	0.00110	0.00423	0.00335	0.00199	0.00582
7	0.00451	0.00322	0.00430	0.00515	0.00538	0.00301	0.00347	0.00518	0.00707	0.00942	0.02022	0.84820	0.02421	0.01147	0.00470	0.00150	0.00216	0.03042	0.00341	0.00299
8	0.01333	0.01052	0.01063	0.00840	0.01115	0.07411	0.00684	0.67111	0.12117	0.02110	0.00936	0.00927	0.00676	0.00444	0.00366	0.00111	0.00409	0.00334	0.00355	0.00604
9	0.00978	0.00974	0.01402	0.04218	0.63237	0.10515	0.02993	0.05426	0.02936	0.01218	0.00703	0.00893	0.00580	0.00349	0.00377	0.00110	0.02016	0.00322	0.00196	0.00556
10	0.00922	0.60279	0.25990	0.00758	0.01135	0.03565	0.00841	0.01128	0.00763	0.00952	0.00555	0.00645	0.00470	0.00326	0.00271	0.00090	0.00443	0.00219	0.00157	0.00491
11	0.00922	0.65716	0.21463	0.00743	0.01112	0.01303	0.02296	0.01116	0.00755	0.00940	0.00550	0.00640	0.00471	0.00322	0.00266	0.00088	0.00432	0.00218	0.00157	0.00489
12	0.00448	0.00338	0.00411	0.00465	0.00519	0.00305	0.00320	0.00523	0.00751	0.00967	0.05310	0.56774	0.27263	0.03183	0.00492	0.00146	0.00207	0.00938	0.00340	0.00302
13	0.01066	0.00966	0.03279	0.03976	0.18197	0.07760	0.11052	0.16676	0.22478	0.06819	0.00970	0.01031	0.00729	0.00413	0.00397	0.00116	0.02877	0.00358	0.00282	0.00557
14	0.01066	0.04294	0.16845	0.02866	0.06180	0.00991	0.08897	0.31698	0.10324	0.04560	0.00865	0.00937	0.00639	0.00417	0.00417	0.00116	0.05917	0.00335	0.02074	0.00559
15	0.00447	0.00320	0.00426	0.00511	0.00533	0.00298	0.00341	0.00511	0.00703	0.00938	0.02024	0.86853	0.02429	0.01151	0.00469	0.00149	0.00213	0.01044	0.00341	0.00298
16	0.00816	0.00791	0.01384	0.37200	0.43714	0.00854	0.07824	0.01053	0.00796	0.01089	0.00679	0.00945	0.00541	0.00342	0.00371	0.00116	0.00474	0.00336	0.00174	0.00502
17	0.00907	0.08453	0.08739	0.03065	0.19520	0.03033	0.44973	0.04635	0.00881	0.01191	0.00705	0.00908	0.00547	0.00325	0.00388	0.00115	0.00544	0.00366	0.00187	0.00518
18	0.01190	0.00983	0.12356	0.06212	0.07769	0.02706	0.02806	0.29046	0.04656	0.20808	0.01051	0.02189	0.02855	0.00473	0.01555	0.00121	0.01984	0.00357	0.00317	0.00567
19	0.00914	0.00789	0.00830	0.00747	0.00955	0.00914	0.00581	0.01952	0.84138	0.01536	0.01495	0.01370	0.01121	0.00498	0.00374	0.00125	0.00291	0.00415	0.00374	0.00581
20	0.00604	0.00499	0.00769	0.03290	0.13198	0.00571	0.00592	0.00745	0.00641	0.00923	0.02340	0.05174	0.00934	0.02064	0.59025	0.00446	0.07201	0.00410	0.00201	0.00372
21	0.00534	0.00356	0.00401	0.00401	0.00401	0.00356	0.00223	0.00534	0.00534	0.00712	0.01157	0.02403	0.01335	0.87092	0.01869	0.00356	0.00356	0.00534	0.00223	0.00223
22	0.00992	0.69948	0.05991	0.00692	0.01005	0.01364	0.01881	0.07280	0.03756	0.01016	0.00583	0.00659	0.00507	0.00341	0.00285	0.00087	0.02718	0.00225	0.00181	0.00489
23	0.00897	0.00802	0.01230	0.37995	0.34697	0.03833	0.00993	0.05461	0.03994	0.05468	0.00750	0.00964	0.00578	0.00365	0.00365	0.00115	0.00454	0.00329	0.00205	0.00506
24	0.00716	0.00676	0.01142	0.77460	0.11104	0.00822	0.01031	0.00958	0.00745	0.00966	0.00657	0.00972	0.00499	0.00363	0.00367	0.00121	0.00484	0.00326	0.00165	0.00426
25	0.00737	0.01900	0.85189	0.01047	0.01590	0.00853	0.01357	0.01163	0.00775	0.01163	0.00659	0.00775	0.00465	0.00349	0.00349	0.00116	0.00543	0.00271	0.00155	0.00543
26	0.00442	0.00340	0.00405	0.00457	0.00518	0.00303	0.00317	0.00518	0.00755	0.00959	0.02686	0.54366	0.34489	0.01065	0.00455	0.00139	0.00203	0.00939	0.00341	0.00303
27	0.00848	0.00937	0.01947	0.02939	0.08939	0.00917	0.65383	0.01122	0.00831	0.01142	0.00758	0.03826	0.00614	0.00368	0.00491	0.00126	0.07700	0.00434	0.00188	0.00487
28	0.00889	0.00989	0.02101	0.01506	0.01871	0.00937	0.78676	0.04488	0.02387	0.01228	0.00762	0.00993	0.00570	0.00318	0.00430	0.00123	0.00605	0.00429	0.00196	0.00502
29	0.00638	0.00319	0.00478	0.00478	0.00478	0.00319	0.00319	0.00478	0.00478	0.00638	0.00638	0.01116	0.00638	0.01276	0.01435	0.89314	0.00319	0.00319	0.00159	0.00159
30	0.00602	0.00507	0.00738	0.00694	0.00741	0.00644	0.00555	0.00719	0.00583	0.00861	0.00845	0.01266	0.00797	0.02169	0.62239	0.00471	0.24661	0.00374	0.00187	0.00348
31	0.00909	0.00873	0.01491	0.02254	0.84801	0.00873	0.01127	0.01127	0.00836	0.01200	0.00691	0.00909	0.00582	0.00327	0.00364	0.00109	0.00436	0.00327	0.00182	0.00582
32	0.83838	0.04360	0.00610	0.00500	0.00730	0.02902	0.00415	0.01090	0.00640	0.01597	0.00513	0.00598	0.00403	0.00341	0.00230	0.00112	0.00298	0.00200	0.00223	0.00402
33	0.00534	0.00356	0.00401	0.00401	0.00401	0.00356	0.00223	0.00534	0.00534	0.00712	0.01157	0.02403	0.01335	0.87092	0.01869	0.00356	0.00356	0.00534	0.00223	0.00223
34	0.00526	0.00417	0.00610	0.02702	0.09168	0.00403	0.02689	0.00640	0.02076	0.00999	0.03145	0.63288	0.05933	0.00993	0.00453	0.00143	0.00259	0.04896	0.00318	0.00343
35	0.00713	0.00673	0.01137	0.78617	0.09970	0.00821	0.01030	0.00955	0.00744	0.00962	0.00656	0.00973	0.00498	0.00364	0.00367	0.00121	0.00485	0.00326	0.00165	0.00424
36	0.00976	0.85247	0.03939	0.00639	0.00958	0.01439	0.00646	0.01101	0.00747	0.00871	0.00514	0.00594	0.00471	0.00315	0.00238	0.00079	0.00396	0.00198	0.00157	0.00473
37	0.00661	0.00344	0.00358	0.00358	0.00440	0.00341	0.00266	0.00825	0.00783	0.01348	0.07448	0.04505	0.01190	0.02248	0.00310	0.00096	0.00177	0.00395	0.77569	0.00339
38	0.00783	0.00691	0.00771	0.00558	0.00880	0.03489	0.00445	0.00944	0.00771	0.01186	0.00650	0.00758	0.00541	0.00276	0.00274	0.00056	0.00286	0.00218	0.00217	0.86205
39	0.04416	0.01102	0.01115	0.00885	0.01154	0.15091	0.06568	0.52704	0.08198	0.02669	0.00877	0.01996	0.00653	0.00432	0.00363	0.00110	0.00446	0.00334	0.00321	0.00567
40	0.89687	0.00710	0.00540	0.00483	0.00710	0.00824	0.00398	0.01080	0.00625	0.01648	0.00511	0.00597	0.00398	0.00341	0.00227	0.00114	0.00284	0.00199	0.00227	0.00398
41	0.02922	0.00957	0.05287	0.01313	0.04501	0.02956	0.53097	0.03934	0.05095	0.02484	0.00794	0.01028	0.00621	0.01703	0.07370	0.00164	0.04683	0.00400	0.00205	0.00486
42	0.00455	0.00326	0.00434	0.00518	0.00544	0.00305	0.00353	0.00525	0.00713	0.00947	0.02050	0.80976	0.03883	0.01139	0.00470	0.00150	0.00219	0.05350	0.00341	0.00301
43	0.01098	0.03026	0.00977	0.00843	0.04135	0.07398	0.00646	0.25648	0.47816	0.02598	0.01192	0.01137	0.00889	0.00461	0.00365	0.00116	0.00360	0.00368	0.00346	0.00580
44	0.00807	0.01071	0.22249	0.24568	0.40460	0.00853	0.02584	0.01086	0.00794	0.01120	0.00674	0.00896	0.00527	0.00343	0.00362	0.00115	0.00480	0.00315	0.00170	0.00524
45	0.00802	0.16141	0.60540	0.00964	0.01435	0.00947	0.04549	0.02279	0.03430	0.01822	0.01867	0.00805	0.00541	0.00353	0.00334	0.00109	0.00499	0.00276	0.00174	0.02134
46	0.00824	0.30133	0.54657	0.00898	0.01353	0.01054	0.01089	0.01170	0.03703	0.01077	0.00639	0.00735	0.00490	0.00343	0.00312	0.00104	0.00484	0.00252	0.00163	0.00520
47	0.00532	0.00355	0.00401	0.00403	0.00404	0.00355	0.00226	0.00534	0.00538	0.00718	0.01179	0.04571	0.01363	0.84886	0.01833	0.00351	0.00352	0.00547	0.00226	0.00224
48	0.00769	0.00544	0.00730	0.02806	0.00825	0.00528	0.07304	0.04306	0.08879	0.13364	0.21695	0.02352	0.29584	0.00682	0.00432	0.00121	0.02315	0.01287	0.01055	0.00423
49	0.03184	0.00925	0.04362	0.09359	0.68839	0.04680	0.01088	0.01126	0.00829	0.01174	0.00676	0.00891	0.00560	0.00334	0.00358	0.00110	0.00451	0.00318	0.00181	0.00554
50	0.00465	0.00381	0.00411	0.00402	0.00518	0.00330	0.00302	0.00596	0.02402	0.01126	0.24593	0.03291	0.62146	0.00876	0.00433	0.00122	0.00185	0.00740	0.00358	0.00324
51	0.00568	0.00450	0.00643	0.00619	0.00665	0.00545	0.00477	0.00673	0.00578	0.00837	0.00933	0.01486	0.00913	0.14760	0.60617	0.00491	0.13822	0.00403	0.00195	0.00324
52	0.00934	0.00888	0.01467	0.06394	0.70837	0.02028	0.04384	0.06380	0.00892	0.01253	0.00702	0.00911	0.00577	0.00337	0.00366	0.00110	0.00447	0.00330	0.00193	0.00570
53	0.00863	0.00983	0.02141	0.03596	0.01934	0.00926	0.81473	0.01171	0.00864	0.01171	0.00741	0.00990	0.00556	0.00311	0.00432	0.00124	0.00616	0.00431	0.00185	0.00493
54	0.00534	0.00358	0.00411	0.00411	0.00415	0.00362	0.00236	0.00541	0.00537	0.00720	0.01148	0.02350	0.01312	0.82398	0.06532	0.00369	0.00391	0.00526	0.00221	0.00228
55	0.00533	0.00360	0.00421	0.00421	0.00429	0.00367	0.00249	0.00547	0.00540	0.00728	0.01138	0.02298	0.01289	0.77830	0.11069	0.00382	0.00425	0.00519	0.00220	0.00234
56	0.00762	0.00653	0.00762	0.00544	0.00870	0.00490	0.00435	0.00925	0.00762	0.01197	0.00653	0.00762	0.00544	0.00272	0.00272	0.00054	0.00272	0.00218	0.00218	0.89338
57	0.00534	0.00356	0.00401	0.00401	0.00401	0.00356	0.00223	0.00534	0.00534	0.00712	0.01157	0.02403	0.01335	0.87092	0.01869	0.00356	0.00356	0.00534	0.00223	0.00223
58	0.89687	0.00710	0.00540	0.00483	0.00710	0.00824	0.00398	0.01080	0.00625	0.01648	0.00511	0.00597	0.00398	0.00341	0.00227	0.00114	0.00284	0.00199	0.00227	0.00398
59	0.01044	0.56305	0.06430	0.00695	0.01001	0.01239	0.01430	0.14047	0.01751	0.06388	0.00678	0.00752	0.00558	0.00500	0.05657	0.00121	0.00436	0.00249	0.00214	0.00501
60	0.00856	0.00691	0.00800	0.00579	0.00901	0.00559	0.00466	0.09586	0.00872	0.03984	0.00702	0.00790	0.00564	0.00295	0.00285	0.00062	0.00287	0.00234	0.00241	0.77246
61	0.03228	0.06228	0.22875	0.00879	0.04484	0.02448	0.00816	0.15110	0.30946	0.02631	0.02235	0.01107	0.03170	0.00443	0.00369	0.00116	0.01728	0.00350	0.00286	0.00551
62	0.00903	0.32331	0.42590	0.00872	0.02034	0.01060	0.01844	0.04633	0.02838	0.05328	0.00697	0.00809	0.00541	0.00359	0.00314	0.00103	0.00462	0.01570	0.00189	0.00522
63	0.00532	0.00365	0.00448	0.00448	0.00464	0.00382	0.00281	0.00564	0.00548	0.00747	0.01114	0.02164	0.01231	0.66082	0.22738	0.00414	0.00512	0.00499	0.00216	0.00249
64	0.01335	0.00671	0.00798	0.00631	0.00869	0.00664	0.00515	0.25214	0.01177	0.40275	0.01222	0.01173	0.00835	0.00444	0.00341	0.00106	0.00304	0.00351	0.22521	0.00554
65	0.02618	0.03452	0.11373	0.00897	0.01111	0.25269	0.00783	0.14825	0.06458	0.07011	0.00729	0.00832	0.00571	0.00462	0.00558	0.00119	0.21907	0.00297	0.00237	0.00491
66	0.00601	0.00504	0.00724	0.00682	0.00724	0.00635	0.00539	0.00708	0.00584	0.00857	0.00896	0.04992	0.00883	0.06719	0.53437	0.00437	0.25132	0.00409	0.00194	0.00342
67	0.00667	0.00405	0.00520	0.00507	0.00608	0.00371	0.00373	0.00814	0.03267	0.13886	0.32171	0.31795	0.11471	0.00857	0.00434	0.00128	0.00213	0.00757	0.00382	0.00375
68	0.00534	0.00356	0.00401	0.00401	0.00401	0.00356	0.00223	0.00534	0.00534	0.00712	0.01157	0.02403	0.01335	0.87092	0.01869	0.00356	0.00356	0.00534	0.00223	0.00223
69	0.00978	0.06536	0.13448	0.18535	0.12423	0.16430	0.03354	0.13101	0.03854	0.01220	0.00750	0.04291	0.00615	0.00409	0.00375	0.00112	0.02533	0.00329	0.00213	0.00493
70	0.00790	0.00505	0.00659	0.00567	0.00712	0.01971	0.03731	0.06183	0.01058	0.15310	0.54374	0.04890	0.04931	0.00670	0.00415	0.00116	0.00239	0.00587	0.01879	0.00415
71	0.00532	0.00355	0.00401	0.00404	0.00404	0.00354	0.00226	0.00533	0.00539	0.00719	0.01182	0.04807	0.01366	0.84647	0.01830	0.00350	0.00352	0.00549	0.00226	0.00225
72	0.00982	0.87313	0.01925	0.00628	0.00943	0.01453	0.00628	0.01100	0.00746	0.00864	0.00511	0.00589	0.00471	0.00314	0.00236	0.00079	0.00393	0.00196	0.00157	0.00471
73	0.00821	0.02248	0.03192	0.04162	0.24250	0.02936	0.10589	0.03148	0.18686	0.01998	0.06216	0.08953	0.04418	0.00579	0.02700	0.00134	0.01556	0.02654	0.00267	0.00494
74	0.01048	0.68946	0.04124	0.00700	0.00997	0.17118	0.00664	0.01170	0.00802	0.00879	0.00525	0.00608	0.00471	0.00327	0.00257	0.00083	0.00447	0.00206	0.00163	0.00465
75	0.05911	0.09796	0.03736	0.03164	0.16524	0.46587	0.01647	0.02608	0.00928	0.01696	0.00597	0.00725	0.00496	0.00371	0.00359	0.00101	0.03841	0.00258	0.00189	0.00465
76	0.01291	0.06795	0.01150	0.02726	0.07956	0.35977	0.00734	0.34716	0.01272	0.01497	0.00726	0.02143	0.00575	0.00408	0.00345	0.00103	0.00511	0.00294	0.00261	0.00520
77	0.54433	0.06166	0.02610	0.02887	0.18403	0.04957	0.00624	0.04015	0.00741	0.01467	0.00571	0.00687	0.00456	0.00343	0.00272	0.00110	0.00355	0.00236	0.00214	0.00453
78	0.00762	0.00604	0.05081	0.00657	0.02693	0.00594	0.00512	0.05228	0.15700	0.08026	0.06822	0.05649	0.01210	0.15594	0.23548	0.00286	0.02942	0.00453	0.03221	0.00415
79	0.00450	0.00373	0.00394	0.00389	0.00506	0.00317	0.00292	0.00558	0.00875	0.01082	0.18909	0.03386	0.69408	0.00896	0.00434	0.00122	0.00184	0.00754	0.00353	0.00317
80	0.00992	0.74211	0.06898	0.00681	0.00996	0.04965	0.00682	0.03457	0.00784	0.00925	0.00532	0.00616	0.00476	0.00330	0.00271	0.00084	0.02250	0.00209	0.00164	0.00477
81	0.00534	0.00357	0.00404	0.00404	0.00405	0.00358	0.00226	0.00536	0.00535	0.00714	0.01154	0.02388	0.01329	0.85743	0.03209	0.00360	0.00366	0.00532	0.00222	0.00224
82	0.00909	0.00903	0.04317	0.09812	0.62257	0.02296	0.02971	0.06090	0.00871	0.01222	0.00698	0.00915	0.00574	0.00396	0.02126	0.00122	0.02450	0.00328	0.00190	0.00553
83	0.00799	0.03815	0.75972	0.01023	0.01535	0.03291	0.01283	0.05979	0.00838	0.01216	0.00666	0.00774	0.00475	0.00354	0.00347	0.00114	0.00535	0.00272	0.00168	0.00543
84	0.00534	0.00357	0.00405	0.00405	0.00407	0.00359	0.00228	0.00537	0.00535	0.00716	0.01153	0.02380	0.01325	0.85030	0.03918	0.00362	0.00371	0.00531	0.00222	0.00225
85	0.00436	0.00372	0.00375	0.00374	0.00497	0.00311	0.00281	0.00531	0.00842	0.01004	0.05699	0.03515	0.82667	0.00926	0.00434	0.00124	0.00186	0.00772	0.00343	0.00311
86	0.00725	0.00593	0.00681	0.00725	0.08803	0.02663	0.00498	0.04302	0.24016	0.02077	0.11056	0.09482	0.19881	0.00672	0.00395	0.00121	0.00267	0.04128	0.08478	0.00437
87	0.07048	0.00636	0.00800	0.00632	0.00882	0.00594	0.00516	0.10863	0.01095	0.56874	0.13053	0.01423	0.02914	0.00497	0.00370	0.00114	0.00299	0.00404	0.00421	0.00565
88	0.00450	0.00323	0.00423	0.00502	0.00526	0.00301	0.00334	0.00513	0.00701	0.00930	0.02047	0.80653	0.05168	0.04583	0.00524	0.00157	0.00218	0.01015	0.00336	0.00296
89	0.01396	0.01029	0.01102	0.00845	0.01139	0.01139	0.00698	0.83577	0.01727	0.02315	0.00882	0.00882	0.00625	0.00441	0.00367	0.00110	0.00404	0.00331	0.00367	0.00625
90	0.00560	0.00467	0.00527	0.00502	0.00631	0.00454	0.01754	0.00870	0.18580	0.01194	0.17905	0.10933	0.42609	0.00816	0.00424	0.00125	0.00216	0.00698	0.00357	0.00376
91	0.01029	0.00772	0.00841	0.00737	0.00957	0.00867	0.00579	0.04024	0.70366	0.13273	0.01473	0.01341	0.01079	0.00491	0.00373	0.00123	0.00297	0.00407	0.00385	0.00589
92	0.01412	0.01003	0.01086	0.00833	0.01126	0.01101	0.00688	0.78399	0.01684	0.07553	0.00918	0.00905	0.00643	0.00442	0.00368	0.00110	0.00398	0.00333	0.00373	0.00625
93	0.00694	0.00653	0.01102	0.86210	0.02530	0.00816	0.01020	0.00938	0.00734	0.00938	0.00653	0.00979	0.00490	0.00367	0.00367	0.00122	0.00490	0.00326	0.00163	0.00408
94	0.89687	0.00710	0.00540	0.00483	0.00710	0.00824	0.00398	0.01080	0.00625	0.01648	0.00511	0.00597	0.00398	0.00341	0.00227	0.00114	0.00284	0.00199	0.00227	0.00398
95	0.01113	0.07507	0.01037	0.00812	0.02855	0.02246	0.00644	0.33595	0.42733	0.01771	0.01151	0.01101	0.00858	0.00456	0.00360	0.00115	0.00351	0.00361	0.00348	0.00588
96	0.00548	0.01713	0.08517	0.00615	0.01939	0.00447	0.02179	0.00746	0.06640	0.01089	0.11446	0.41757	0.12870	0.00904	0.00440	0.00137	0.00265	0.07061	0.00325	0.00362
97	0.00830	0.15300	0.61993	0.00994	0.01468	0.06194	0.04829	0.02344	0.00805	0.01117	0.00637	0.00750	0.00473	0.00345	0.00334	0.00109	0.00528	0.00265	0.00162	0.00523
98	0.00793	0.09867	0.56519	0.01132	0.01610	0.00929	0.21743	0.01160	0.00795	0.01138	0.00666	0.00811	0.00489	0.00336	0.00359	0.00115	0.00547	0.00305	0.00163	0.00524
99	0.00909	0.00873	0.01491	0.02254	0.84801	0.00873	0.01127	0.01127	0.00836	0.01200	0.00691	0.00909	0.00582	0.00327	0.00364	0.00109	0.00436	0.00327	0.00182	0.00582
100	0.00452	0.00328	0.00428	0.00501	0.00534	0.00303	0.00340	0.00525	0.00732	0.00971	0.06338	0.75463	0.08380	0.01113	0.00465	0.00146	0.00211	0.02125	0.00344	0.00302
101	0.00861	0.12376	0.09274	0.04064	0.10677	0.10632	0.00667	0.01978	0.05089	0.07380	0.22324	0.05480	0.05725	0.00532	0.00368	0.00110	0.00360	0.00443	0.01208	0.00453
102	0.00631	0.00322	0.00477	0.00477	0.00478	0.00323	0.00317	0.00484	0.00483	0.00645	0.00667	0.01180	0.00674	0.05182	0.02850	0.83820	0.00332	0.00330	0.00163	0.00165
103	0.02990	0.00812	0.00946	0.00738	0.01015	0.00835	0.00606	0.37135	0.08968	0.39009	0.01188	0.01092	0.00797	0.00450	0.00365	0.00113	0.00348	0.00354	0.01627	0.00613
104	0.00534	0.00357	0.00404	0.00404	0.00405	0.00358	0.00227	0.00536	0.00535	0.00715	0.01154	0.02387	0.01328	0.85626	0.03326	0.00360	0.00367	0.00532	0.00222	0.00224
105	0.00868	0.05292	0.05494	0.17614	0.23250	0.05300	0.32089	0.01122	0.00830	0.01107	0.00685	0.00914	0.00538	0.00330	0.00379	0.00114	0.00525	0.00350	0.00179	0.03021
106	0.00479	0.00346	0.00455	0.00527	0.00569	0.00327	0.00380	0.00566	0.00741	0.00976	0.04007	0.59577	0.08329	0.04539	0.00529	0.00159	0.00240	0.16613	0.00337	0.00305
107	0.00525	0.00394	0.00590	0.00590	0.00656	0.00459	0.00459	0.00656	0.00590	0.00853	0.00984	0.01443	0.00918	0.02755	0.85637	0.00590	0.00984	0.00394	0.00197	0.00328
108	0.00982	0.87313	0.01925	0.00628	0.00943	0.01453	0.00628	0.01100	0.00746	0.00864	0.00511	0.00589	0.00471	0.00314	0.00236	0.00079	0.00393	0.00196	0.00157	0.00471
109	0.00529	0.00440	0.00615	0.12268	0.00876	0.01613	0.03287	0.00636	0.00716	0.00934	0.01857	0.42507	0.15132	0.04689	0.09298	0.00194	0.03038	0.00760	0.00284	0.00327
110	0.01105	0.34512	0.01424	0.11006	0.07772	0.36541	0.00748	0.01236	0.00875	0.00914	0.00565	0.00691	0.00483	0.00348	0.00301	0.00093	0.00520	0.00239	0.00173	0.00453
111	0.05735	0.05793	0.02754	0.15169	0.24648	0.15039	0.03426	0.03095	0.00801	0.01072	0.00606	0.00822	0.00510	0.00411	0.00523	0.00119	0.18526	0.00299	0.00181	0.00471
112	0.00996	0.59553	0.08736	0.00721	0.02402	0.07314	0.00690	0.02418	0.08055	0.02942	0.00660	0.00722	0.00553	0.00346	0.00272	0.00089	0.00409	0.00236	0.02397	0.00488
113	0.83324	0.00789	0.02664	0.00519	0.00752	0.04814	0.00436	0.01100	0.00648	0.01601	0.00518	0.00604	0.00403	0.00343	0.00235	0.00113	0.00308	0.00202	0.00224	0.00403
114	0.00766	0.00738	0.06391	0.04609	0.24031	0.00699	0.06812	0.09318	0.00844	0.01176	0.06321	0.04250	0.02211	0.10592	0.17313	0.00237	0.01747	0.01269	0.00229	0.00447
115	0.00444	0.00368	0.00388	0.00392	0.00504	0.00313	0.00291	0.00542	0.00847	0.01036	0.11692	0.10182	0.69876	0.00930	0.00437	0.00125	0.00187	0.00786	0.00347	0.00313
116	0.07002	0.03365	0.00975	0.03989	0.01073	0.04413	0.00639	0.40220	0.24281	0.03254	0.01011	0.01026	0.00755	0.00585	0.05625	0.00143	0.00412	0.00342	0.00330	0.00559
117	0.00547	0.00419	0.00619	0.02622	0.00689	0.00477	0.02564	0.00657	0.00588	0.00835	0.00991	0.01602	0.00973	0.20105	0.61608	0.00506	0.03263	0.00420	0.00200	0.00314
118	0.01039	0.46520	0.09920	0.00928	0.08277	0.09664	0.07391	0.06148	0.00870	0.05232	0.00634	0.00725	0.00518	0.00339	0.00298	0.00094	0.00453	0.00255	0.00192	0.00502
119	0.00842	0.35245	0.51454	0.00882	0.01330	0.02323	0.01063	0.01143	0.00768	0.01043	0.00600	0.00701	0.00468	0.00336	0.00304	0.00101	0.00486	0.00242	0.00156	0.00513
120	0.00577	0.00411	0.00553	0.00614	0.00700	0.00402	0.00515	0.00740	0.02139	0.02494	0.07816	0.13760	0.09933	0.00987	0.00486	0.00157	0.00296	0.56733	0.00346	0.00340
121	0.00451	0.00322	0.00431	0.00512	0.00536	0.00303	0.00343	0.00518	0.00708	0.00947	0.03802	0.83276	0.02421	0.01175	0.02208	0.00157	0.00228	0.01023	0.00339	0.00300
122	0.01011	0.00711	0.01961	0.01944	0.02116	0.00725	0.00553	0.07811	0.37584	0.17795	0.01442	0.08009	0.04435	0.00523	0.00368	0.00115	0.00297	0.00437	0.02471	0.09691
123	0.00470	0.00373	0.00421	0.00409	0.00518	0.00325	0.00307	0.00596	0.00921	0.01192	0.37304	0.03206	0.50944	0.00856	0.00434	0.00120	0.00181	0.00729	0.00367	0.00325
124	0.00506	0.00380	0.00469	0.00449	0.00544	0.00347	0.00336	0.00673	0.02364	0.01356	0.63675	0.05277	0.20671	0.00796	0.00433	0.00118	0.00179	0.00694	0.00389	0.00341
125	0.01042	0.00924	0.05407	0.11760	0.10571	0.02077	0.04721	0.25003	0.28757	0.04332	0.01032	0.01068	0.00764	0.00427	0.00371	0.00117	0.00399	0.00360	0.00304	0.00565
126	0.01514	0.00840	0.00986	0.00756	0.01045	0.00859	0.00624	0.45404	0.01411	0.40932	0.01147	0.01054	0.00757	0.00447	0.00368	0.00112	0.00361	0.00349	0.00408	0.00625
127	0.00557	0.00447	0.00477	0.00452	0.00587	0.00417	0.00344	0.03661	0.10388	0.02699	0.14551	0.05024	0.57386	0.00835	0.00424	0.00123	0.00207	0.00702	0.00357	0.00363
128	0.00525	0.00394	0.00590	0.00590	0.00656	0.00459	0.00459	0.00656	0.00590	0.00853	0.00984	0.01443	0.00918	0.02755	0.85637	0.00590	0.00984	0.00394	0.00197	0.00328
129	0.00925	0.00890	0.01487	0.04110	0.76305	0.02941	0.04300	0.01144	0.00844	0.02518	0.00701	0.00913	0.00581	0.00331	0.00366	0.00110	0.00448	0.00330	0.00186	0.00571
130	0.00596	0.00428	0.00595	0.00677	0.00764	0.00429	0.00592	0.00777	0.01957	0.01105	0.01939	0.04106	0.02100	0.01008	0.00506	0.00169	0.00338	0.81236	0.00339	0.00341
131	0.00508	0.00390	0.00460	0.00461	0.00560	0.00355	0.00354	0.02099	0.00904	0.01178	0.30534	0.06190	0.37035	0.04935	0.00512	0.00139	0.00217	0.12485	0.00357	0.00328
132	0.84500	0.02304	0.03994	0.00508	0.00750	0.00836	0.00441	0.01083	0.00633	0.01614	0.00517	0.00604	0.00402	0.00341	0.00232	0.00113	0.00297	0.00202	0.00223	0.00405
133	0.01150	0.00901	0.00976	0.00801	0.03979	0.03880	0.00623	0.44071	0.11117	0.03882	0.00926	0.03229	0.00713	0.00420	0.00347	0.00099	0.00362	0.00330	0.00321	0.21873
134	0.00651	0.00480	0.00670	0.00775	0.05679	0.00485	0.00626	0.05048	0.00892	0.01171	0.02564	0.03774	0.01960	0.00943	0.00491	0.00162	0.00346	0.72585	0.00331	0.00367
135	0.00618	0.00418	0.00534	0.00495	0.00596	0.00396	0.00375	0.03128	0.02940	0.05926	0.66904	0.02618	0.02998	0.06236	0.00521	0.00133	0.00209	0.04197	0.00391	0.00367
136	0.00940	0.00938	0.12115	0.01447	0.37599	0.03396	0.05785	0.03640	0.05391	0.11166	0.07161	0.04585	0.03305	0.00439	0.00377	0.00114	0.00409	0.00399	0.00254	0.00537

[dist]
# distance from previous block
# <min> <max>
0	8

[block]
# block no. 1 follows, 75 sequences, length 24
# corresponding to MSA columns:
# 145-168
name=unknown_B
#
# <colnr> <probs for GDERKNQSTAVLIFYWHMCP>
#	G	D	E	R	K	N	Q	S	T	A	V	L	I	F	Y	W	H	M	C	P
0	0.00551	0.00458	0.00480	0.00533	0.00571	0.08169	0.00360	0.00618	0.00729	0.00939	0.04528	0.64500	0.02122	0.10406	0.00601	0.00164	0.00268	0.00882	0.02816	0.00305
1	0.00987	0.08425	0.19422	0.00811	0.03049	0.12322	0.00756	0.14545	0.00965	0.03449	0.00687	0.00773	0.00534	0.00344	0.00324	0.00088	0.01389	0.00256	0.00224	0.30648
2	0.00909	0.21029	0.45521	0.00898	0.03211	0.00959	0.01007	0.05393	0.03541	0.07798	0.00727	0.00797	0.00539	0.00354	0.00322	0.00104	0.00456	0.00268	0.00202	0.05967
3	0.01008	0.62102	0.13722	0.00725	0.01065	0.04856	0.00744	0.10107	0.00870	0.01066	0.00575	0.00651	0.00487	0.00336	0.00270	0.00088	0.00427	0.00223	0.00181	0.00496
4	0.00815	0.06889	0.68886	0.01035	0.01524	0.08702	0.04848	0.01188	0.00802	0.01122	0.00646	0.00763	0.00470	0.00348	0.00344	0.00112	0.00548	0.00271	0.00160	0.00526
5	0.01132	0.00697	0.01061	0.06128	0.15280	0.00674	0.09348	0.09988	0.01006	0.32262	0.06347	0.09697	0.03667	0.00512	0.00390	0.00118	0.00364	0.00459	0.00336	0.00532
6	0.00980	0.02921	0.00974	0.00805	0.01037	0.00959	0.05492	0.13296	0.65691	0.01608	0.01341	0.01261	0.01003	0.00475	0.00373	0.00121	0.00328	0.00399	0.00357	0.00580
7	0.00762	0.00653	0.00762	0.00544	0.00870	0.00490	0.00435	0.00925	0.00762	0.01197	0.00653	0.00762	0.00544	0.00272	0.00272	0.00054	0.00272	0.00218	0.00218	0.89338
8	0.00767	0.10151	0.72863	0.01032	0.01544	0.00915	0.05478	0.01158	0.00777	0.01135	0.00649	0.00768	0.00471	0.00344	0.00342	0.00113	0.00532	0.00272	0.00157	0.00533
9	0.00821	0.00583	0.00872	0.03607	0.10082	0.00574	0.08347	0.10621	0.00908	0.12035	0.01501	0.40692	0.01562	0.00775	0.00428	0.00134	0.00327	0.05377	0.00321	0.00434
10	0.00712	0.00672	0.01136	0.78865	0.09727	0.00821	0.01029	0.00955	0.00743	0.00961	0.00656	0.00973	0.00498	0.00364	0.00367	0.00121	0.00485	0.00326	0.00165	0.00423
11	0.00906	0.00493	0.00633	0.00546	0.00705	0.00463	0.00427	0.02497	0.07787	0.26372	0.49984	0.02128	0.02415	0.00630	0.00405	0.00115	0.00228	0.00544	0.02269	0.00453
12	0.04288	0.21513	0.17345	0.02993	0.14625	0.02068	0.13139	0.02270	0.09806	0.07383	0.00786	0.00882	0.00603	0.00357	0.00337	0.00108	0.00446	0.00308	0.00216	0.00526
13	0.00884	0.00968	0.09158	0.09707	0.67775	0.02808	0.01129	0.01121	0.00826	0.01166	0.00682	0.00897	0.00560	0.00334	0.00362	0.00111	0.00456	0.00320	0.00178	0.00559
14	0.00457	0.00361	0.00404	0.00419	0.00508	0.00320	0.00302	0.00534	0.00773	0.00958	0.04952	0.19139	0.54609	0.05646	0.05608	0.03365	0.00252	0.00772	0.00321	0.00300
15	0.00551	0.00350	0.00414	0.00414	0.00414	0.00350	0.00239	0.00525	0.00525	0.00700	0.01071	0.02189	0.01219	0.72805	0.01797	0.15167	0.00350	0.00498	0.00212	0.00212
16	0.00947	0.01829	0.04528	0.13896	0.20921	0.09233	0.08968	0.09974	0.07004	0.05336	0.09956	0.02945	0.00960	0.00435	0.00387	0.00115	0.01426	0.00385	0.00253	0.00502
17	0.13726	0.00557	0.00739	0.02682	0.12541	0.00570	0.03308	0.06054	0.01770	0.04237	0.01521	0.35381	0.06765	0.00811	0.02516	0.00143	0.00316	0.05666	0.00295	0.00401
18	0.00557	0.00383	0.00523	0.00581	0.00642	0.00379	0.00453	0.00671	0.00756	0.03429	0.03124	0.32319	0.03760	0.07064	0.09852	0.00217	0.00360	0.34288	0.00320	0.00323
19	0.22191	0.51775	0.04682	0.00665	0.00945	0.06736	0.02231	0.01112	0.00731	0.01072	0.00523	0.00621	0.00456	0.00342	0.00296	0.00094	0.04686	0.00213	0.00177	0.00451
20	0.00933	0.00867	0.01485	0.02185	0.80126	0.00863	0.02972	0.01150	0.00844	0.03997	0.00717	0.00922	0.00592	0.00331	0.00365	0.00110	0.00436	0.00331	0.00191	0.00581
21	0.01060	0.38112	0.03880	0.00967	0.10204	0.22761	0.05451	0.02651	0.09717	0.01031	0.00673	0.00759	0.00560	0.00354	0.00305	0.00095	0.00473	0.00262	0.00196	0.00489
22	0.11460	0.02031	0.16985	0.04032	0.24348	0.00748	0.06184	0.02251	0.00778	0.01200	0.00914	0.13477	0.02476	0.00469	0.00373	0.00114	0.02192	0.00409	0.00214	0.09348
23	0.01027	0.47706	0.07895	0.00945	0.11144	0.09417	0.02888	0.09828	0.00887	0.01092	0.00593	0.00698	0.00503	0.00350	0.00324	0.00094	0.03677	0.00247	0.00186	0.00500

[dist]
# distance from previous block
# <min> <max>
0	4

[block]
# block no. 2 follows, 75 sequences, length 29
# corresponding to MSA columns:
# 173-201
name=unknown_C
#
# <colnr> <probs for GDERKNQSTAVLIFYWHMCP>
#	G	D	E	R	K	N	Q	S	T	A	V	L	I	F	Y	W	H	M	C	P
0	0.37886	0.33294	0.08482	0.03174	0.01004	0.01981	0.05144	0.01119	0.00716	0.03568	0.00567	0.00661	0.00458	0.00334	0.00261	0.00101	0.00376	0.00226	0.00196	0.00450
1	0.00677	0.00708	0.11119	0.04772	0.11858	0.00615	0.02165	0.02629	0.09065	0.01085	0.05256	0.05110	0.01146	0.12836	0.21584	0.00271	0.00531	0.06855	0.01305	0.00412
2	0.00437	0.00359	0.00385	0.00406	0.00505	0.00307	0.00294	0.00523	0.00804	0.00979	0.03302	0.24083	0.64374	0.00985	0.00443	0.00130	0.00193	0.00841	0.00341	0.00307
3	0.01131	0.10783	0.02694	0.00822	0.02827	0.14200	0.00661	0.28707	0.27401	0.01602	0.04751	0.01051	0.00864	0.00445	0.00351	0.00109	0.00400	0.00341	0.00312	0.00548
4	0.00534	0.00414	0.00564	0.00688	0.09203	0.00409	0.00437	0.00624	0.00726	0.00982	0.01922	0.49913	0.11930	0.06813	0.00575	0.00155	0.04176	0.05292	0.04311	0.00333
5	0.01010	0.35443	0.22778	0.00872	0.01236	0.09090	0.10198	0.02402	0.00840	0.09389	0.00683	0.00764	0.00528	0.00343	0.00312	0.00098	0.00471	0.00266	0.00197	0.03082
6	0.00812	0.28260	0.59492	0.00918	0.01390	0.01038	0.01132	0.01144	0.00766	0.01071	0.00613	0.00718	0.00467	0.00338	0.00314	0.00105	0.00496	0.00248	0.00156	0.00521
7	0.00538	0.00355	0.00410	0.00414	0.00417	0.00355	0.00240	0.00537	0.00544	0.00725	0.01176	0.04586	0.01352	0.78732	0.01778	0.04400	0.00350	0.02643	0.00226	0.00225
8	0.00871	0.00761	0.01216	0.22362	0.33293	0.00805	0.06575	0.06596	0.06826	0.05057	0.05543	0.01270	0.04217	0.00427	0.00381	0.00117	0.00417	0.02521	0.00239	0.00508
9	0.00889	0.14754	0.24714	0.18712	0.11552	0.08625	0.06693	0.03554	0.00837	0.03226	0.00736	0.00890	0.02528	0.00364	0.00344	0.00109	0.00493	0.00302	0.00184	0.00493
10	0.30159	0.00517	0.00542	0.02096	0.00681	0.00549	0.00403	0.00849	0.00730	0.08457	0.03792	0.23388	0.16781	0.00823	0.05067	0.00153	0.03779	0.00567	0.00296	0.00371
11	0.04952	0.00815	0.00901	0.04248	0.05585	0.05647	0.00611	0.32810	0.05773	0.14724	0.10299	0.03892	0.01064	0.00485	0.00363	0.00111	0.00351	0.00390	0.06451	0.00530
12	0.00985	0.01077	0.03557	0.08907	0.53422	0.19246	0.05231	0.01188	0.00872	0.01111	0.00663	0.00862	0.00546	0.00341	0.00360	0.00108	0.00502	0.00311	0.00181	0.00528
13	0.00596	0.00484	0.01831	0.00580	0.01646	0.03831	0.01963	0.00738	0.02975	0.04066	0.25107	0.33519	0.10176	0.03153	0.00501	0.00139	0.02749	0.05255	0.00341	0.00351
14	0.04604	0.70481	0.06348	0.00667	0.00988	0.01363	0.00666	0.09365	0.00841	0.01058	0.00556	0.00629	0.00483	0.00330	0.00255	0.00085	0.00398	0.00214	0.00181	0.00488
15	0.05774	0.00747	0.00810	0.00614	0.00908	0.03100	0.00491	0.16895	0.02198	0.02651	0.00774	0.04712	0.00649	0.00358	0.00302	0.00076	0.00308	0.00282	0.00258	0.58096
16	0.05504	0.09663	0.04596	0.00905	0.05695	0.03210	0.04862	0.44305	0.07143	0.09198	0.00885	0.00903	0.00642	0.00410	0.00350	0.00109	0.00406	0.00320	0.00315	0.00578
17	0.00467	0.00375	0.00419	0.00425	0.00528	0.00330	0.00316	0.00593	0.02372	0.01103	0.21177	0.14182	0.52454	0.00914	0.00439	0.00127	0.00193	0.02909	0.00355	0.00322
18	0.00624	0.00441	0.00577	0.00595	0.04594	0.00413	0.01950	0.00798	0.05431	0.08315	0.22965	0.23629	0.22959	0.00885	0.02657	0.00140	0.00249	0.02048	0.00354	0.00375
19	0.15929	0.03532	0.06639	0.00843	0.01095	0.20602	0.05203	0.23558	0.06901	0.04162	0.00781	0.00899	0.00607	0.00423	0.00384	0.00113	0.05173	0.02388	0.00264	0.00501
20	0.01525	0.00718	0.00900	0.00696	0.00967	0.00690	0.00571	0.23846	0.01203	0.58059	0.01251	0.01143	0.00817	0.00496	0.00427	0.04984	0.00338	0.00356	0.00415	0.00599
21	0.00455	0.00326	0.00427	0.00501	0.00527	0.00304	0.00334	0.00523	0.00717	0.00958	0.06534	0.76561	0.04303	0.04999	0.00529	0.00156	0.00217	0.00994	0.00339	0.00298
22	0.05272	0.01452	0.03171	0.00906	0.01931	0.55723	0.02981	0.10276	0.08175	0.03342	0.00726	0.00791	0.00568	0.00394	0.00337	0.00101	0.00557	0.00274	0.02555	0.00469
23	0.02632	0.00559	0.02788	0.00585	0.00720	0.00538	0.00452	0.17716	0.04473	0.05175	0.06449	0.39983	0.14767	0.00851	0.00424	0.00131	0.00264	0.00739	0.00349	0.00405
24	0.00525	0.00394	0.00590	0.00590	0.00656	0.00459	0.00459	0.00656	0.00590	0.00853	0.00984	0.01443	0.00918	0.02755	0.85637	0.00590	0.00984	0.00394	0.00197	0.00328
25	0.01051	0.31664	0.20702	0.00915	0.03536	0.17678	0.05631	0.12639	0.00956	0.01168	0.00626	0.00719	0.00500	0.00352	0.00314	0.00098	0.00496	0.00257	0.00194	0.00505
26	0.60966	0.26696	0.00967	0.00538	0.00790	0.03058	0.00474	0.01095	0.00671	0.01395	0.00513	0.00596	0.00422	0.00334	0.00232	0.00103	0.00326	0.00199	0.00205	0.00420
27	0.00454	0.00323	0.00428	0.00510	0.00531	0.00303	0.00341	0.00517	0.00698	0.00931	0.01984	0.81412	0.02374	0.05023	0.00533	0.00159	0.00222	0.02626	0.00336	0.00296
28	0.00497	0.00373	0.00461	0.00442	0.00536	0.00336	0.00330	0.00648	0.00981	0.01342	0.62813	0.05372	0.22907	0.00805	0.00434	0.00119	0.00177	0.00702	0.00387	0.00336

[dist]
# distance from previous block
# <min> <max>
0	0

# created by:
# /st0/software/busco_prod/Augustus/scripts/msa2prfl.pl ./align_prep/27755.fa
