[name]
unknown

[dist]
# distance from previous block
# <min> <max>
0	44

[block]
# block no. 0 follows, 67 sequences, length 20
# corresponding to MSA columns:
# 44-63
name=unknown_A
#
# <colnr> <probs for GDERKNQSTAVLIFYWHMCP>
#	G	D	E	R	K	N	Q	S	T	A	V	L	I	F	Y	W	H	M	C	P
0	0.01019	0.00948	0.01628	0.02376	0.77934	0.00942	0.03818	0.01258	0.00922	0.04151	0.00785	0.01008	0.00647	0.00362	0.00400	0.00120	0.00478	0.00363	0.00209	0.00634
1	0.04291	0.01212	0.00940	0.00849	0.01044	0.32919	0.00641	0.05281	0.33956	0.01337	0.01122	0.01270	0.00920	0.09865	0.02490	0.00162	0.00504	0.00380	0.00302	0.00515
2	0.00508	0.00381	0.00471	0.00506	0.00577	0.00344	0.00357	0.00620	0.00910	0.01208	0.26117	0.41660	0.22735	0.01071	0.00491	0.00146	0.00213	0.00948	0.00392	0.00344
3	0.01455	0.01043	0.01178	0.00908	0.01215	0.01136	0.04074	0.66052	0.05022	0.07568	0.01042	0.01043	0.00739	0.00478	0.00398	0.00120	0.00426	0.00373	0.05071	0.00658
4	0.00513	0.00406	0.00462	0.00452	0.00567	0.00355	0.00337	0.00650	0.01000	0.01297	0.36559	0.06106	0.47987	0.00943	0.00475	0.00132	0.00198	0.00806	0.00401	0.00355
5	0.01378	0.00960	0.01107	0.02702	0.07629	0.01037	0.00735	0.48161	0.11560	0.12593	0.01167	0.01156	0.01975	0.00486	0.00396	0.00122	0.00400	0.00385	0.05406	0.00645
6	0.00744	0.00674	0.01105	0.51237	0.15180	0.00774	0.00954	0.00981	0.00879	0.01177	0.15850	0.06489	0.01271	0.00522	0.00420	0.00132	0.00444	0.00471	0.00241	0.00457
7	0.00866	0.00712	0.00835	0.00598	0.00953	0.00537	0.00479	0.01043	0.00843	0.04223	0.00744	0.00851	0.00608	0.00304	0.00301	0.00062	0.00299	0.00243	0.00247	0.85254
8	0.00493	0.00406	0.00426	0.00422	0.00543	0.00347	0.00311	0.00601	0.00925	0.01137	0.14761	0.03668	0.67491	0.06014	0.00567	0.00149	0.00212	0.00814	0.00374	0.00338
9	0.00503	0.00392	0.00458	0.00486	0.00578	0.00348	0.00355	0.00615	0.00909	0.01163	0.17207	0.28365	0.41146	0.01059	0.00489	0.00144	0.00218	0.04839	0.00384	0.00343
10	0.00578	0.00436	0.00634	0.00629	0.00700	0.00501	0.00486	0.00703	0.00660	0.00933	0.01285	0.01744	0.07455	0.04306	0.71055	0.03612	0.03250	0.00460	0.00225	0.00350
11	0.88738	0.00776	0.00589	0.00527	0.00776	0.00900	0.00434	0.01179	0.00683	0.01799	0.00558	0.00651	0.00434	0.00372	0.00248	0.00124	0.00310	0.00217	0.00248	0.00434
12	0.01498	0.01911	0.01137	0.01033	0.01240	0.84295	0.00775	0.01601	0.01137	0.00982	0.00620	0.00723	0.00517	0.00413	0.00362	0.00103	0.00723	0.00258	0.00207	0.00465
13	0.01040	0.00952	0.00961	0.00851	0.01037	0.10516	0.00672	0.10256	0.42770	0.01568	0.09096	0.01537	0.01282	0.00593	0.00534	0.00137	0.11533	0.03749	0.00355	0.00559
14	0.01768	0.00733	0.00962	0.00738	0.01049	0.00665	0.00609	0.11180	0.01233	0.74336	0.01511	0.01319	0.00957	0.00495	0.00403	0.00124	0.00353	0.00398	0.00485	0.00682
15	0.00837	0.00794	0.03640	0.02613	0.37192	0.00765	0.05701	0.02813	0.07605	0.01398	0.21223	0.01709	0.05778	0.00679	0.05355	0.00155	0.00429	0.00490	0.00288	0.00532
16	0.00906	0.00843	0.01317	0.14762	0.44488	0.00827	0.00981	0.01127	0.00864	0.01256	0.00730	0.00954	0.00605	0.00355	0.00391	0.00105	0.02511	0.00322	0.00206	0.26451
17	0.00532	0.00381	0.00488	0.00557	0.00599	0.00362	0.00394	0.00614	0.00778	0.01019	0.02202	0.49346	0.09718	0.15649	0.00777	0.00203	0.00281	0.15431	0.00350	0.00321
18	0.39159	0.04179	0.03378	0.00786	0.05588	0.00951	0.00615	0.08408	0.21360	0.10442	0.00986	0.00990	0.00729	0.00436	0.00330	0.00125	0.00349	0.00318	0.00319	0.00551
19	0.02262	0.16853	0.32377	0.00867	0.01296	0.04557	0.00933	0.07057	0.00941	0.06448	0.00753	0.00839	0.00573	0.00369	0.00338	0.00101	0.00464	0.00275	0.00227	0.22471

[dist]
# distance from previous block
# <min> <max>
1	4

[block]
# block no. 1 follows, 67 sequences, length 23
# corresponding to MSA columns:
# 68-71,78-96
name=unknown_B
#
# <colnr> <probs for GDERKNQSTAVLIFYWHMCP>
#	G	D	E	R	K	N	Q	S	T	A	V	L	I	F	Y	W	H	M	C	P
0	0.00891	0.00844	0.01241	0.46649	0.19468	0.07918	0.03474	0.01119	0.00875	0.04328	0.00965	0.05532	0.04069	0.00464	0.00408	0.00129	0.00506	0.00414	0.00216	0.00489
1	0.00981	0.00919	0.00967	0.00885	0.09326	0.11066	0.00622	0.04747	0.15107	0.01367	0.00892	0.01010	0.00728	0.02969	0.00392	0.00097	0.00380	0.00305	0.00267	0.46973
2	0.00985	0.02717	0.10892	0.00773	0.04983	0.00644	0.00657	0.03028	0.00914	0.12866	0.03106	0.00974	0.00729	0.00357	0.00333	0.00083	0.00350	0.00289	0.00272	0.55047
3	0.08861	0.08404	0.04040	0.04024	0.11363	0.36802	0.00796	0.05374	0.08037	0.04476	0.00864	0.02182	0.02236	0.00437	0.00361	0.00113	0.00541	0.00320	0.00248	0.00520
4	0.01277	0.00660	0.00810	0.00680	0.00919	0.00637	0.00547	0.02919	0.20002	0.41520	0.08240	0.01971	0.11802	0.00624	0.00423	0.00130	0.00306	0.03924	0.02024	0.00585
5	0.00903	0.00783	0.00868	0.00632	0.00981	0.03477	0.00506	0.06666	0.00915	0.01380	0.00727	0.00837	0.00597	0.00314	0.00306	0.00065	0.00322	0.00247	0.00248	0.79226
6	0.00967	0.03171	0.06275	0.05320	0.04461	0.00683	0.03844	0.07549	0.04298	0.13120	0.19561	0.02663	0.03977	0.00518	0.00394	0.00110	0.00345	0.00443	0.00333	0.21967
7	0.00956	0.41406	0.42420	0.00925	0.01386	0.04432	0.01082	0.01250	0.00843	0.01106	0.00640	0.00747	0.00511	0.00365	0.00322	0.00107	0.00521	0.00257	0.00172	0.00551
8	0.00877	0.00877	0.01228	0.01053	0.01053	0.01228	0.00877	0.00965	0.00614	0.00965	0.00526	0.00877	0.00526	0.00702	0.01316	0.00175	0.85172	0.00351	0.00175	0.00439
9	0.01020	0.00873	0.00919	0.00821	0.01051	0.01008	0.00640	0.05527	0.79247	0.01714	0.01604	0.01474	0.01201	0.00541	0.00408	0.00135	0.00323	0.00449	0.00408	0.00637
10	0.00877	0.00877	0.01228	0.01053	0.01053	0.01228	0.00877	0.00965	0.00614	0.00965	0.00526	0.00877	0.00526	0.00702	0.01316	0.00175	0.85172	0.00351	0.00175	0.00439
11	0.00811	0.00941	0.15846	0.05068	0.07265	0.02246	0.03905	0.08683	0.09806	0.01345	0.03181	0.16598	0.10573	0.00723	0.00471	0.00141	0.02869	0.08730	0.00306	0.00491
12	0.00697	0.00348	0.00522	0.00522	0.00522	0.00348	0.00348	0.00522	0.00522	0.00697	0.00697	0.01219	0.00697	0.01393	0.01567	0.88332	0.00348	0.00348	0.00174	0.00174
13	0.00993	0.00888	0.01092	0.01030	0.08146	0.00995	0.07582	0.01983	0.68784	0.01613	0.01488	0.01418	0.01122	0.00511	0.00413	0.00135	0.00361	0.00447	0.00373	0.00627
14	0.00518	0.00406	0.00468	0.00457	0.00570	0.00357	0.00341	0.00659	0.01011	0.01324	0.40528	0.06188	0.43876	0.00933	0.00475	0.00132	0.00198	0.00800	0.00404	0.00357
15	0.00583	0.00391	0.00447	0.00447	0.00450	0.00394	0.00255	0.00589	0.00586	0.00785	0.01255	0.02576	0.01437	0.82046	0.05872	0.00401	0.00421	0.00576	0.00242	0.00248
16	0.00549	0.00399	0.00497	0.00489	0.00566	0.00369	0.00349	0.00686	0.00985	0.01353	0.51874	0.12606	0.13446	0.13221	0.00705	0.00170	0.00225	0.00768	0.00396	0.00348
17	0.00947	0.00825	0.01334	0.31960	0.38276	0.00894	0.01081	0.06736	0.00950	0.04573	0.00903	0.01333	0.00758	0.00451	0.00412	0.00130	0.00481	0.07174	0.00232	0.00549
18	0.27476	0.24581	0.01185	0.00664	0.00977	0.01073	0.00578	0.16570	0.00988	0.02872	0.00684	0.00758	0.00547	0.00371	0.00293	0.00099	0.00366	0.00251	0.00258	0.19410
19	0.00795	0.00630	0.00755	0.00579	0.00862	0.00493	0.00454	0.00967	0.00898	0.04408	0.16763	0.06707	0.01357	0.00467	0.00349	0.00081	0.00274	0.00396	0.00295	0.62471
20	0.00953	0.00931	0.01087	0.05086	0.02108	0.16999	0.14483	0.01321	0.18159	0.05012	0.04635	0.21235	0.03889	0.00694	0.01423	0.00141	0.00452	0.00595	0.00314	0.00483
21	0.39859	0.08064	0.02779	0.00736	0.04079	0.17768	0.00576	0.01197	0.00838	0.01419	0.03037	0.04189	0.03076	0.00435	0.00309	0.00111	0.00406	0.00303	0.00242	0.10578
22	0.02886	0.23585	0.30103	0.01202	0.13834	0.17820	0.02825	0.01311	0.00905	0.01145	0.00662	0.00792	0.00531	0.00373	0.00347	0.00111	0.00555	0.00279	0.00184	0.00549

[dist]
# distance from previous block
# <min> <max>
0	31

[block]
# block no. 2 follows, 67 sequences, length 26
# corresponding to MSA columns:
# 128-153
name=unknown_C
#
# <colnr> <probs for GDERKNQSTAVLIFYWHMCP>
#	G	D	E	R	K	N	Q	S	T	A	V	L	I	F	Y	W	H	M	C	P
0	0.01040	0.69683	0.01863	0.00699	0.01008	0.02675	0.00666	0.04077	0.00850	0.01024	0.00688	0.06282	0.00666	0.00418	0.00315	0.00094	0.02986	0.00287	0.00197	0.04483
1	0.00559	0.09188	0.03152	0.00551	0.00654	0.00479	0.00423	0.00661	0.00830	0.01070	0.07022	0.50830	0.21016	0.01056	0.00471	0.00145	0.00254	0.00929	0.00350	0.00359
2	0.03603	0.00934	0.01006	0.00832	0.01086	0.01036	0.00665	0.46587	0.22860	0.03659	0.01305	0.12327	0.01085	0.00598	0.00414	0.00130	0.00376	0.00485	0.00397	0.00616
3	0.03567	0.08844	0.00971	0.00764	0.03820	0.05860	0.00593	0.12755	0.02042	0.01299	0.00883	0.01134	0.00764	0.01431	0.34034	0.00313	0.00675	0.00338	0.00245	0.19667
4	0.00544	0.00386	0.00470	0.00496	0.00529	0.00381	0.00323	0.00596	0.00686	0.00906	0.01847	0.24979	0.11643	0.41373	0.11524	0.00326	0.00408	0.01998	0.00292	0.00293
5	0.00482	0.00405	0.00419	0.00418	0.00548	0.00342	0.00313	0.00591	0.00930	0.01127	0.10811	0.05576	0.74660	0.01004	0.00475	0.00135	0.00203	0.00842	0.00378	0.00342
6	0.00982	0.00975	0.03659	0.04386	0.79462	0.00951	0.01234	0.01227	0.00909	0.01302	0.00753	0.00991	0.00630	0.00359	0.00397	0.00120	0.00481	0.00356	0.00197	0.00630
7	0.01001	0.00948	0.01565	0.09897	0.64133	0.02192	0.05140	0.05813	0.00962	0.01351	0.00776	0.01010	0.00635	0.00371	0.00398	0.00120	0.00487	0.00362	0.02235	0.00607
8	0.00558	0.00410	0.00523	0.00495	0.00593	0.00374	0.00371	0.00738	0.01113	0.01555	0.75104	0.03084	0.11906	0.00840	0.00473	0.00127	0.00191	0.00738	0.00434	0.00374
9	0.00742	0.00601	0.00749	0.00664	0.00822	0.00623	0.04161	0.03395	0.26725	0.01622	0.48873	0.02414	0.05548	0.00709	0.00451	0.00130	0.00259	0.00623	0.00417	0.00473
10	0.00582	0.00391	0.00448	0.00447	0.00452	0.00393	0.00257	0.00593	0.00600	0.00805	0.03315	0.02593	0.01499	0.80504	0.05240	0.00392	0.00411	0.00581	0.00247	0.00251
11	0.00993	0.00953	0.01628	0.02462	0.83404	0.00953	0.01231	0.01231	0.00913	0.01310	0.00754	0.00993	0.00635	0.00357	0.00397	0.00119	0.00476	0.00357	0.00199	0.00635
12	0.00489	0.00349	0.00465	0.00558	0.00582	0.00326	0.00372	0.00558	0.00768	0.01024	0.02210	0.85644	0.02653	0.01256	0.00512	0.00163	0.00233	0.01140	0.00372	0.00326
13	0.00877	0.00877	0.01228	0.01053	0.01053	0.01228	0.00877	0.00965	0.00614	0.00965	0.00526	0.00877	0.00526	0.00702	0.01316	0.00175	0.85172	0.00351	0.00175	0.00439
14	0.00943	0.45713	0.41407	0.00906	0.01369	0.01272	0.01069	0.01234	0.00830	0.01101	0.00636	0.00741	0.00511	0.00361	0.00317	0.00106	0.00508	0.00254	0.00170	0.00552
15	0.01051	0.00888	0.00937	0.00827	0.01063	0.01023	0.00648	0.10302	0.74421	0.01765	0.01564	0.01442	0.01169	0.00538	0.00407	0.00134	0.00330	0.00444	0.00407	0.00640
16	0.00568	0.00429	0.00634	0.00634	0.00708	0.00494	0.00492	0.00710	0.00657	0.00938	0.01210	0.01679	0.04727	0.02918	0.80519	0.00621	0.01035	0.00449	0.00222	0.00357
17	0.00976	0.08210	0.11620	0.00858	0.02800	0.05661	0.08992	0.01216	0.02427	0.07228	0.00786	0.00891	0.00615	0.00343	0.00338	0.00088	0.00416	0.00287	0.00239	0.46011
18	0.01376	0.01648	0.01083	0.00957	0.01188	0.63948	0.00726	0.04654	0.08012	0.01139	0.00730	0.00811	0.00592	0.00413	0.00359	0.00101	0.00627	0.00276	0.00235	0.11126
19	0.01147	0.00830	0.00940	0.00702	0.01033	0.02987	0.00568	0.18208	0.01107	0.14347	0.00895	0.00940	0.00671	0.00377	0.00355	0.00085	0.01828	0.00292	0.00310	0.52378
20	0.00770	0.00614	0.00696	0.00640	0.00795	0.00651	0.00489	0.06539	0.30598	0.01597	0.34428	0.09244	0.09802	0.00752	0.00448	0.00133	0.00257	0.00649	0.00415	0.00483
21	0.00757	0.00713	0.01203	0.84942	0.02762	0.00891	0.01114	0.01025	0.00802	0.01025	0.00713	0.01069	0.00535	0.00401	0.00401	0.00134	0.00535	0.00356	0.00178	0.00446
22	0.01100	0.00856	0.00927	0.00787	0.01022	0.00950	0.00624	0.26085	0.41487	0.04176	0.12911	0.01629	0.04495	0.00580	0.00417	0.00130	0.00333	0.00477	0.00412	0.00603
23	0.00518	0.00405	0.00467	0.00457	0.00567	0.00356	0.00339	0.00654	0.00998	0.01305	0.38633	0.07355	0.43126	0.02421	0.00503	0.00137	0.00202	0.00803	0.00400	0.00354
24	0.00861	0.09213	0.72809	0.01099	0.01651	0.05093	0.01379	0.01281	0.00858	0.01228	0.00701	0.00823	0.00509	0.00379	0.00370	0.00122	0.00585	0.00288	0.00171	0.00580
25	0.02632	0.00925	0.08454	0.02136	0.11128	0.00850	0.01938	0.17604	0.05737	0.29148	0.01144	0.01185	0.00818	0.00755	0.09894	0.00185	0.04128	0.00381	0.00350	0.00610

[dist]
# distance from previous block
# <min> <max>
1	12

[block]
# block no. 3 follows, 67 sequences, length 23
# corresponding to MSA columns:
# 167-189
name=unknown_D
#
# <colnr> <probs for GDERKNQSTAVLIFYWHMCP>
#	G	D	E	R	K	N	Q	S	T	A	V	L	I	F	Y	W	H	M	C	P
0	0.08828	0.00719	0.00810	0.00588	0.00935	0.00568	0.00471	0.01025	0.00818	0.01352	0.00699	0.00815	0.00579	0.00304	0.00293	0.00065	0.00298	0.00236	0.00239	0.80359
1	0.00581	0.00399	0.00487	0.00487	0.00504	0.00416	0.00305	0.00615	0.00598	0.00814	0.01218	0.02374	0.01349	0.66147	0.21651	0.00450	0.00552	0.00547	0.00236	0.00270
2	0.00829	0.01616	0.51150	0.01284	0.03397	0.00908	0.24551	0.01224	0.00879	0.01263	0.00877	0.03947	0.00715	0.00439	0.00422	0.00134	0.00590	0.05020	0.00198	0.00557
3	0.00535	0.00389	0.00503	0.00516	0.00589	0.00358	0.00371	0.00678	0.00997	0.01376	0.50546	0.30700	0.08989	0.00980	0.00486	0.00139	0.00205	0.00873	0.00413	0.00358
4	0.00990	0.00986	0.08451	0.00844	0.01101	0.02690	0.00710	0.03898	0.69185	0.01644	0.03970	0.01454	0.01209	0.00533	0.00406	0.00134	0.00350	0.00441	0.00383	0.00621
5	0.00840	0.02024	0.80822	0.01128	0.01710	0.00919	0.01449	0.01295	0.00858	0.04258	0.00751	0.00866	0.00526	0.00385	0.00382	0.00127	0.00584	0.00300	0.00181	0.00596
6	0.01026	0.00876	0.00923	0.00822	0.01054	0.01011	0.00642	0.06446	0.78318	0.01724	0.01596	0.01468	0.01195	0.00541	0.00408	0.00135	0.00324	0.00448	0.00408	0.00637
7	0.88738	0.00776	0.00589	0.00527	0.00776	0.00900	0.00434	0.01179	0.00683	0.01799	0.00558	0.00651	0.00434	0.00372	0.00248	0.00124	0.00310	0.00217	0.00248	0.00434
8	0.00697	0.00348	0.00522	0.00522	0.00522	0.00348	0.00348	0.00522	0.00522	0.00697	0.00697	0.01219	0.00697	0.01393	0.01567	0.88332	0.00348	0.00348	0.00174	0.00174
9	0.88738	0.00776	0.00589	0.00527	0.00776	0.00900	0.00434	0.01179	0.00683	0.01799	0.00558	0.00651	0.00434	0.00372	0.00248	0.00124	0.00310	0.00217	0.00248	0.00434
10	0.00804	0.02074	0.83828	0.01143	0.01736	0.00931	0.01482	0.01270	0.00847	0.01270	0.00720	0.00847	0.00508	0.00381	0.00381	0.00127	0.00593	0.00296	0.00169	0.00593
11	0.00583	0.00389	0.00437	0.00437	0.00437	0.00389	0.00243	0.00583	0.00583	0.00778	0.01264	0.02624	0.01458	0.85906	0.02041	0.00389	0.00389	0.00583	0.00243	0.00243
12	0.00834	0.11251	0.74907	0.01093	0.01659	0.01003	0.01395	0.01263	0.00843	0.01234	0.00702	0.00825	0.00509	0.00377	0.00368	0.00123	0.00575	0.00287	0.00170	0.00584
13	0.00485	0.00407	0.00421	0.00417	0.00548	0.00343	0.00313	0.00596	0.00939	0.01143	0.13029	0.03762	0.74238	0.00994	0.00474	0.00134	0.00202	0.00833	0.00380	0.00343
14	0.19355	0.01106	0.00795	0.00720	0.00921	0.31782	0.00554	0.04874	0.05216	0.03287	0.04659	0.01680	0.22346	0.00589	0.00377	0.00120	0.00438	0.00439	0.00293	0.00446
15	0.00492	0.00405	0.00432	0.00429	0.00554	0.00346	0.00320	0.00609	0.00951	0.01180	0.18811	0.05930	0.66182	0.00986	0.00475	0.00134	0.00201	0.00832	0.00385	0.00346
16	0.00971	0.00931	0.01588	0.10148	0.75889	0.00947	0.01220	0.01212	0.00903	0.01284	0.00751	0.01000	0.00626	0.00361	0.00397	0.00120	0.00482	0.00357	0.00197	0.00618
17	0.00482	0.00400	0.00421	0.00430	0.00550	0.00340	0.00317	0.00585	0.00911	0.01109	0.08770	0.13309	0.68933	0.01031	0.00478	0.00138	0.00206	0.00873	0.00377	0.00340
18	0.00731	0.00660	0.00868	0.00792	0.00832	0.03901	0.00626	0.00836	0.00667	0.00961	0.04804	0.01457	0.00981	0.11856	0.33768	0.00379	0.34862	0.00424	0.00213	0.00382
19	0.00583	0.00389	0.00437	0.00437	0.00437	0.00389	0.00243	0.00583	0.00583	0.00778	0.01264	0.02624	0.01458	0.85906	0.02041	0.00389	0.00389	0.00583	0.00243	0.00243
20	0.00901	0.00748	0.01019	0.00840	0.00999	0.05768	0.10974	0.02359	0.00966	0.11004	0.25105	0.01941	0.11945	0.00674	0.00653	0.00137	0.20485	0.00535	0.00326	0.02621
21	0.02414	0.31665	0.09234	0.00826	0.01177	0.07079	0.04874	0.12595	0.04930	0.04331	0.00764	0.00837	0.00607	0.00378	0.00327	0.00098	0.00445	0.00282	0.00244	0.16894
22	0.31961	0.08244	0.31941	0.00800	0.01181	0.00926	0.00868	0.05383	0.00877	0.06663	0.05787	0.00977	0.02008	0.00424	0.00333	0.00122	0.00425	0.00306	0.00249	0.00524

[dist]
# distance from previous block
# <min> <max>
0	4

[block]
# block no. 4 follows, 67 sequences, length 21
# corresponding to MSA columns:
# 194-214
name=unknown_E
#
# <colnr> <probs for GDERKNQSTAVLIFYWHMCP>
#	G	D	E	R	K	N	Q	S	T	A	V	L	I	F	Y	W	H	M	C	P
0	0.01341	0.00744	0.00874	0.00704	0.00963	0.00733	0.00573	0.26013	0.03196	0.33909	0.03495	0.01866	0.17353	0.00619	0.00418	0.00126	0.00336	0.02728	0.03419	0.00588
1	0.14692	0.01492	0.01106	0.00953	0.01196	0.49736	0.05218	0.09850	0.05093	0.05948	0.00760	0.00830	0.00587	0.00421	0.00359	0.00113	0.00588	0.00292	0.00259	0.00507
2	0.00817	0.06155	0.79861	0.01121	0.01701	0.00963	0.01443	0.01267	0.00845	0.01254	0.00712	0.00837	0.00508	0.00379	0.00375	0.00125	0.00585	0.00292	0.00169	0.00589
3	0.00993	0.00953	0.01628	0.02462	0.83404	0.00953	0.01231	0.01231	0.00913	0.01310	0.00754	0.00993	0.00635	0.00357	0.00397	0.00119	0.00476	0.00357	0.00199	0.00635
4	0.01080	0.01192	0.00900	0.00833	0.01005	0.39563	0.00639	0.01282	0.07664	0.01107	0.03390	0.02966	0.02698	0.07367	0.03318	0.00159	0.02500	0.13151	0.00267	0.08919
5	0.00515	0.00382	0.00451	0.00481	0.00541	0.00350	0.00325	0.00595	0.00818	0.01063	0.13027	0.33074	0.25921	0.19625	0.00830	0.00200	0.00253	0.00880	0.00353	0.00318
6	0.01219	0.01153	0.01478	0.01142	0.01443	0.14137	0.26094	0.31617	0.06806	0.01733	0.04217	0.03519	0.00881	0.00478	0.00427	0.00126	0.00533	0.02114	0.00309	0.00572
7	0.00535	0.00387	0.00452	0.00485	0.00529	0.00364	0.00321	0.00591	0.00735	0.00947	0.02240	0.26500	0.20851	0.36472	0.01143	0.00252	0.00300	0.06278	0.00318	0.00297
8	0.00575	0.00420	0.00593	0.00593	0.00647	0.00473	0.00437	0.00683	0.00629	0.00893	0.01121	0.01837	0.01116	0.23655	0.63824	0.00581	0.00904	0.00468	0.00222	0.00329
9	0.00877	0.00877	0.01228	0.01053	0.01053	0.01228	0.00877	0.00965	0.00614	0.00965	0.00526	0.00877	0.00526	0.00702	0.01316	0.00175	0.85172	0.00351	0.00175	0.00439
10	0.09094	0.00854	0.01109	0.09786	0.01207	0.03391	0.00803	0.02507	0.00747	0.10124	0.00685	0.00925	0.00576	0.00583	0.00922	0.00151	0.50615	0.00336	0.00226	0.05359
11	0.00489	0.00349	0.00465	0.00558	0.00582	0.00326	0.00372	0.00558	0.00768	0.01024	0.02210	0.85644	0.02653	0.01256	0.00512	0.00163	0.00233	0.01140	0.00372	0.00326
12	0.00846	0.00803	0.01354	0.47636	0.36439	0.00899	0.01136	0.01096	0.00852	0.01146	0.00841	0.01129	0.03303	0.00403	0.00402	0.00128	0.00499	0.00373	0.00193	0.00521
13	0.00489	0.00349	0.00465	0.00558	0.00582	0.00326	0.00372	0.00558	0.00768	0.01024	0.02210	0.85644	0.02653	0.01256	0.00512	0.00163	0.00233	0.01140	0.00372	0.00326
14	0.00877	0.00877	0.01228	0.01053	0.01053	0.01228	0.00877	0.00965	0.00614	0.00965	0.00526	0.00877	0.00526	0.00702	0.01316	0.00175	0.85172	0.00351	0.00175	0.00439
15	0.00890	0.00822	0.04936	0.00739	0.05138	0.00628	0.00584	0.07126	0.00916	0.01397	0.00734	0.00850	0.00599	0.00318	0.00314	0.00070	0.00331	0.00256	0.00245	0.73106
16	0.00574	0.00424	0.00616	0.00616	0.00677	0.00486	0.00465	0.00698	0.00636	0.00910	0.01101	0.01722	0.01066	0.14585	0.72826	0.00609	0.00979	0.00451	0.00219	0.00342
17	0.21213	0.06112	0.03150	0.03585	0.05273	0.20489	0.01990	0.01248	0.03867	0.05513	0.04554	0.01129	0.03703	0.01868	0.08519	0.00175	0.06551	0.00343	0.00249	0.00468
18	0.00972	0.04341	0.02936	0.02237	0.03341	0.18868	0.02997	0.03399	0.04840	0.02372	0.01056	0.10162	0.03007	0.04988	0.00506	0.00122	0.04545	0.02573	0.00259	0.26479
19	0.06814	0.05921	0.08571	0.02184	0.05007	0.00821	0.15787	0.06214	0.06440	0.02961	0.06805	0.01308	0.07065	0.00446	0.00379	0.00110	0.00411	0.00396	0.00270	0.22090
20	0.07960	0.05612	0.05885	0.00958	0.03008	0.11827	0.13875	0.04272	0.02124	0.10393	0.03804	0.09483	0.02385	0.00544	0.00462	0.00126	0.06389	0.03019	0.00280	0.07595

[dist]
# distance from previous block
# <min> <max>
1	35

[block]
# block no. 5 follows, 67 sequences, length 31
# corresponding to MSA columns:
# 259-289
name=unknown_F
#
# <colnr> <probs for GDERKNQSTAVLIFYWHMCP>
#	G	D	E	R	K	N	Q	S	T	A	V	L	I	F	Y	W	H	M	C	P
0	0.07535	0.15866	0.24222	0.01183	0.12181	0.07842	0.02336	0.04690	0.02141	0.02533	0.03590	0.01121	0.00819	0.00491	0.00415	0.00137	0.00527	0.00351	0.00274	0.11747
1	0.08180	0.11737	0.05778	0.01000	0.07272	0.30096	0.03978	0.05632	0.06842	0.01267	0.00870	0.01043	0.02716	0.00435	0.00357	0.00109	0.00517	0.03214	0.00240	0.08716
2	0.27726	0.18583	0.03969	0.06017	0.02453	0.08605	0.05225	0.04865	0.05060	0.09210	0.00792	0.02135	0.00621	0.00413	0.00340	0.00117	0.01770	0.00300	0.00257	0.01543
3	0.00819	0.04021	0.48694	0.02236	0.01412	0.05782	0.02321	0.01178	0.03278	0.01237	0.04950	0.03373	0.04385	0.02339	0.00447	0.00131	0.02218	0.04174	0.00222	0.06783
4	0.00545	0.00406	0.00507	0.00488	0.00587	0.00368	0.00364	0.00710	0.01072	0.01474	0.63264	0.07637	0.19334	0.00882	0.00475	0.00130	0.00194	0.00772	0.00424	0.00368
5	0.01046	0.03158	0.21291	0.04200	0.15322	0.03242	0.05110	0.18938	0.03477	0.02814	0.02774	0.01007	0.00695	0.00516	0.02292	0.00141	0.12795	0.00356	0.00249	0.00577
6	0.01524	0.01069	0.01164	0.00897	0.01210	0.01169	0.00739	0.73573	0.01799	0.09203	0.01043	0.02939	0.00753	0.00500	0.00404	0.00122	0.00428	0.00382	0.00408	0.00674
7	0.00653	0.00497	0.00576	0.00534	0.00662	0.00483	0.00406	0.09271	0.03256	0.01427	0.33828	0.02966	0.29007	0.07071	0.05071	0.00177	0.00291	0.03046	0.00385	0.00393
8	0.00603	0.00486	0.00679	0.00644	0.00717	0.02456	0.07614	0.00701	0.00746	0.00996	0.06208	0.26806	0.05281	0.26548	0.15762	0.00308	0.00478	0.02342	0.00291	0.00334
9	0.00575	0.00420	0.00595	0.00595	0.00650	0.00474	0.00440	0.00684	0.00630	0.00894	0.01119	0.01826	0.01111	0.22794	0.64679	0.00584	0.00911	0.00466	0.00222	0.00331
10	0.01064	0.83686	0.04494	0.00700	0.01050	0.01568	0.00710	0.01203	0.00816	0.00953	0.00562	0.00649	0.00514	0.00344	0.00261	0.00087	0.00434	0.00217	0.00171	0.00517
11	0.00804	0.02074	0.83828	0.01143	0.01736	0.00931	0.01482	0.01270	0.00847	0.01270	0.00720	0.00847	0.00508	0.00381	0.00381	0.00127	0.00593	0.00296	0.00169	0.00593
12	0.00493	0.00389	0.00441	0.00466	0.00558	0.00341	0.00333	0.00593	0.00887	0.01121	0.13235	0.28814	0.46241	0.03562	0.00532	0.00150	0.00216	0.00914	0.00377	0.00337
13	0.00560	0.00410	0.00525	0.00496	0.00594	0.00375	0.00372	0.00741	0.01116	0.01563	0.76383	0.03070	0.10621	0.00837	0.00473	0.00127	0.00190	0.00736	0.00436	0.00375
14	0.00583	0.00389	0.00437	0.00437	0.00437	0.00389	0.00243	0.00583	0.00583	0.00778	0.01264	0.02624	0.01458	0.85906	0.02041	0.00389	0.00389	0.00583	0.00243	0.00243
15	0.01416	0.01778	0.01236	0.01081	0.01304	0.73212	0.08770	0.01546	0.01109	0.01024	0.00676	0.00835	0.00564	0.00418	0.00374	0.00108	0.00703	0.01614	0.01761	0.00469
16	0.00804	0.02074	0.83828	0.01143	0.01736	0.00931	0.01482	0.01270	0.00847	0.01270	0.00720	0.00847	0.00508	0.00381	0.00381	0.00127	0.00593	0.00296	0.00169	0.00593
17	0.00832	0.00713	0.00832	0.00594	0.00950	0.00535	0.00475	0.01010	0.00832	0.01307	0.00713	0.00832	0.00594	0.00297	0.00297	0.00059	0.00297	0.00238	0.00238	0.88357
18	0.01115	0.01161	0.00950	0.00864	0.01062	0.29640	0.00663	0.03524	0.39894	0.01351	0.02601	0.01255	0.00981	0.00846	0.12102	0.00195	0.00563	0.00385	0.00312	0.00534
19	0.00869	0.05513	0.69839	0.01053	0.01590	0.00903	0.01320	0.01279	0.00871	0.07159	0.00955	0.01038	0.05019	0.00422	0.00382	0.00125	0.00547	0.00330	0.00204	0.00582
20	0.01126	0.20578	0.06630	0.05908	0.16498	0.02087	0.14870	0.07682	0.05564	0.12386	0.00915	0.02454	0.00708	0.00410	0.00381	0.00118	0.00479	0.00365	0.00261	0.00581
21	0.00632	0.00432	0.00527	0.00541	0.00591	0.00430	0.00378	0.00758	0.04844	0.02895	0.11385	0.11260	0.02000	0.44552	0.01292	0.00276	0.00341	0.16225	0.00318	0.00322
22	0.00579	0.00387	0.00439	0.00443	0.00444	0.00386	0.00249	0.00582	0.00592	0.00789	0.01308	0.06495	0.01514	0.81959	0.01970	0.00378	0.00382	0.00609	0.00249	0.00247
23	0.03533	0.01375	0.30918	0.02773	0.22912	0.03194	0.14039	0.02735	0.06776	0.04336	0.00832	0.00985	0.00628	0.00395	0.00424	0.00127	0.02855	0.00356	0.00219	0.00589
24	0.00615	0.00535	0.00701	0.00784	0.11044	0.00520	0.02259	0.00799	0.04865	0.01196	0.12211	0.09779	0.43282	0.00904	0.01585	0.00145	0.04867	0.03162	0.00344	0.00405
25	0.00535	0.00363	0.00485	0.00566	0.00599	0.00345	0.00397	0.00607	0.00772	0.01046	0.02043	0.65858	0.02385	0.01207	0.00580	0.06487	0.00254	0.10041	0.05106	0.00322
26	0.00771	0.00627	0.00717	0.00710	0.00858	0.00681	0.00557	0.01382	0.39800	0.01410	0.06015	0.16142	0.08026	0.00843	0.00468	0.00151	0.00301	0.19661	0.00392	0.00487
27	0.02105	0.00997	0.05772	0.06772	0.11832	0.05008	0.07854	0.25759	0.07099	0.08334	0.01148	0.07701	0.00970	0.00547	0.00422	0.00131	0.00455	0.06193	0.00323	0.00577
28	0.00988	0.01059	0.07408	0.11626	0.47595	0.05474	0.05904	0.03325	0.08360	0.01311	0.00823	0.01024	0.00659	0.00394	0.00420	0.00124	0.02332	0.00363	0.00218	0.00592
29	0.00915	0.00766	0.00875	0.00645	0.00987	0.00643	0.00517	0.09298	0.07408	0.01460	0.00811	0.00897	0.00653	0.00335	0.00316	0.00072	0.00313	0.00267	0.00268	0.72554
30	0.56761	0.00917	0.02760	0.00628	0.00862	0.11336	0.00514	0.06045	0.00861	0.02864	0.05197	0.04695	0.04234	0.00476	0.00310	0.00124	0.00363	0.00330	0.00275	0.00449

[dist]
# distance from previous block
# <min> <max>
0	1

[block]
# block no. 6 follows, 67 sequences, length 6
# corresponding to MSA columns:
# 291-296
name=unknown_G
#
# <colnr> <probs for GDERKNQSTAVLIFYWHMCP>
#	G	D	E	R	K	N	Q	S	T	A	V	L	I	F	Y	W	H	M	C	P
0	0.00535	0.00406	0.00521	0.04820	0.00705	0.00392	0.00419	0.00642	0.00825	0.01074	0.08756	0.34987	0.21020	0.09007	0.05404	0.00203	0.00314	0.09286	0.00347	0.00338
1	0.00511	0.00377	0.00478	0.00544	0.00598	0.00348	0.00386	0.00604	0.00825	0.01077	0.06897	0.54198	0.17311	0.04225	0.00563	0.00166	0.00246	0.09942	0.00371	0.00333
2	0.00854	0.00689	0.00840	0.03910	0.00976	0.00593	0.00513	0.01007	0.00801	0.05383	0.00803	0.01072	0.00703	0.09919	0.00586	0.00112	0.07365	0.00299	0.00244	0.63333
3	0.01037	0.00938	0.09737	0.00996	0.09088	0.00861	0.04006	0.20722	0.12843	0.07119	0.01152	0.01303	0.03101	0.03413	0.17017	0.00232	0.00555	0.00401	0.00306	0.05172
4	0.01104	0.04351	0.04519	0.01277	0.19557	0.30268	0.03741	0.03015	0.08862	0.01214	0.05646	0.07958	0.00981	0.00517	0.00448	0.00122	0.05242	0.00413	0.00251	0.00516
5	0.04888	0.00919	0.01171	0.01468	0.35865	0.07891	0.00850	0.13942	0.05039	0.01456	0.01189	0.12366	0.05409	0.00603	0.02264	0.00135	0.00437	0.00476	0.00278	0.03354

[dist]
# distance from previous block
# <min> <max>
1	13

[block]
# block no. 7 follows, 67 sequences, length 38
# corresponding to MSA columns:
# 310-347
name=unknown_H
#
# <colnr> <probs for GDERKNQSTAVLIFYWHMCP>
#	G	D	E	R	K	N	Q	S	T	A	V	L	I	F	Y	W	H	M	C	P
0	0.02541	0.31360	0.05145	0.01183	0.14992	0.07257	0.11757	0.10485	0.02139	0.01304	0.03472	0.02618	0.00777	0.00427	0.00362	0.00112	0.00483	0.02810	0.00232	0.00545
1	0.00879	0.00757	0.01184	0.00990	0.04673	0.00803	0.20387	0.07959	0.06205	0.01425	0.08207	0.01416	0.03330	0.00625	0.04278	0.00149	0.12771	0.00440	0.20174	0.03347
2	0.00795	0.00984	0.19995	0.00879	0.07493	0.03310	0.02206	0.03020	0.03055	0.03566	0.21840	0.04769	0.09029	0.00583	0.00409	0.00117	0.00368	0.01502	0.00302	0.15781
3	0.00581	0.00398	0.00485	0.00485	0.00502	0.00415	0.00302	0.00614	0.00597	0.00813	0.01220	0.02383	0.01353	0.66826	0.20977	0.00448	0.00547	0.00548	0.00237	0.00269
4	0.01283	0.00957	0.01027	0.00822	0.01091	0.01046	0.00666	0.59714	0.07909	0.02190	0.03007	0.06312	0.09140	0.00591	0.00414	0.00125	0.00386	0.00470	0.02239	0.00611
5	0.00840	0.00877	0.06787	0.30322	0.34733	0.00862	0.03709	0.01121	0.03532	0.01200	0.02719	0.04866	0.03330	0.00506	0.01988	0.00139	0.00490	0.01235	0.00217	0.00528
6	0.00911	0.01200	0.17463	0.01396	0.03859	0.00944	0.47558	0.02603	0.08393	0.01333	0.00967	0.01142	0.03288	0.00387	0.00434	0.00128	0.00577	0.00428	0.00226	0.06764
7	0.00761	0.16478	0.00894	0.00657	0.00795	0.01742	0.00521	0.03472	0.11253	0.03257	0.04064	0.40971	0.01934	0.00911	0.00447	0.00144	0.00311	0.10615	0.00343	0.00429
8	0.00825	0.02046	0.82111	0.01134	0.01721	0.00924	0.01463	0.01284	0.00853	0.02977	0.00738	0.00857	0.00518	0.00383	0.00381	0.00127	0.00587	0.00299	0.00176	0.00595
9	0.00975	0.00937	0.01329	0.16349	0.01596	0.10964	0.23324	0.07677	0.07805	0.04932	0.01309	0.08880	0.07520	0.00591	0.01706	0.00141	0.00513	0.02676	0.00278	0.00497
10	0.00907	0.31441	0.50025	0.01018	0.01511	0.01166	0.06334	0.01247	0.00842	0.01157	0.00669	0.00791	0.00517	0.00365	0.00344	0.00113	0.00541	0.00279	0.00172	0.00562
11	0.00814	0.04970	0.81012	0.01127	0.01711	0.00954	0.01454	0.01268	0.00846	0.01259	0.00714	0.00840	0.00508	0.00380	0.00377	0.00126	0.00587	0.00294	0.00169	0.00590
12	0.00491	0.00383	0.00454	0.01570	0.00593	0.00342	0.00353	0.00584	0.00855	0.01087	0.08137	0.43612	0.37880	0.01113	0.00491	0.00148	0.00221	0.00976	0.00374	0.00336
13	0.04014	0.51297	0.07282	0.00735	0.01052	0.03568	0.00708	0.03194	0.02235	0.13029	0.03236	0.00915	0.00720	0.02083	0.01565	0.00115	0.03195	0.00286	0.00241	0.00532
14	0.00763	0.00718	0.01212	0.83107	0.04556	0.00892	0.01116	0.01029	0.00804	0.01031	0.00714	0.01068	0.00537	0.00400	0.00401	0.00133	0.00533	0.00356	0.00179	0.00450
15	0.00495	0.00383	0.00451	0.00500	0.00579	0.00342	0.00359	0.00586	0.00842	0.01059	0.03026	0.41567	0.39057	0.02583	0.00524	0.00156	0.00232	0.06558	0.00370	0.00333
16	0.01100	0.24835	0.18505	0.02469	0.12904	0.11045	0.05203	0.12416	0.03017	0.01322	0.00723	0.00845	0.00576	0.00397	0.00383	0.00113	0.03060	0.00302	0.00218	0.00566
17	0.00925	0.04320	0.04707	0.00816	0.05630	0.09699	0.04204	0.04118	0.01005	0.11904	0.11939	0.06045	0.24539	0.00713	0.00479	0.00130	0.04636	0.03391	0.00335	0.00465
18	0.47425	0.00705	0.00728	0.02033	0.00881	0.00773	0.02205	0.04679	0.00824	0.16506	0.00885	0.01002	0.00672	0.00871	0.15246	0.00216	0.00465	0.00308	0.03101	0.00477
19	0.00591	0.00488	0.00582	0.00569	0.00694	0.01999	0.04148	0.02068	0.04418	0.02235	0.02995	0.25575	0.43810	0.00999	0.00479	0.00144	0.00263	0.05805	0.01764	0.00372
20	0.08746	0.06506	0.21323	0.04101	0.15956	0.05877	0.03129	0.15423	0.02900	0.05802	0.00831	0.02169	0.00643	0.00479	0.02159	0.00133	0.02658	0.00337	0.00252	0.00576
21	0.01087	0.02608	0.11369	0.03735	0.50974	0.03723	0.06283	0.01385	0.07075	0.03168	0.02565	0.01189	0.00818	0.00460	0.00455	0.00141	0.01652	0.00400	0.00256	0.00656
22	0.00603	0.00420	0.00525	0.00496	0.00607	0.00378	0.00373	0.00769	0.01078	0.05340	0.60226	0.05944	0.20020	0.00860	0.00471	0.00129	0.00201	0.00749	0.00427	0.00383
23	0.00937	0.32570	0.08977	0.07740	0.18095	0.04998	0.04927	0.01138	0.00855	0.01093	0.01974	0.04325	0.02844	0.00600	0.05701	0.00146	0.00511	0.01855	0.00204	0.00514
24	0.04950	0.08877	0.31892	0.03249	0.19449	0.05802	0.09644	0.02346	0.03558	0.02371	0.00772	0.02141	0.00608	0.00398	0.00400	0.00123	0.02310	0.00337	0.00204	0.00568
25	0.00860	0.01705	0.54036	0.01302	0.04433	0.03495	0.21815	0.01262	0.00887	0.01263	0.00807	0.01080	0.00623	0.00405	0.00412	0.00131	0.00604	0.04124	0.00189	0.00567
26	0.00493	0.00409	0.00437	0.00440	0.00562	0.00355	0.00327	0.00615	0.01945	0.01129	0.11008	0.10168	0.65935	0.01075	0.03156	0.00153	0.00233	0.00840	0.00374	0.00346
27	0.00965	0.10030	0.39674	0.03741	0.07822	0.11826	0.06085	0.02905	0.03583	0.02608	0.00827	0.02632	0.00669	0.00471	0.01806	0.00131	0.00566	0.02897	0.00208	0.00552
28	0.00950	0.05850	0.19474	0.05373	0.23743	0.11287	0.07216	0.01204	0.00934	0.03594	0.07677	0.03931	0.04772	0.00476	0.00415	0.00123	0.01801	0.00412	0.00233	0.00535
29	0.00681	0.00624	0.01101	0.01002	0.05776	0.00607	0.23006	0.00897	0.04575	0.01141	0.01658	0.38731	0.04705	0.01092	0.09479	0.00203	0.00467	0.03533	0.00300	0.00423
30	0.00936	0.00944	0.06561	0.23159	0.47545	0.00930	0.01143	0.03253	0.04472	0.02668	0.02725	0.01076	0.00707	0.00400	0.00414	0.00125	0.01782	0.00367	0.00216	0.00577
31	0.03009	0.12999	0.27544	0.05144	0.09439	0.10770	0.11644	0.04196	0.02192	0.05245	0.02836	0.00949	0.00658	0.00398	0.00387	0.00119	0.01366	0.00332	0.00218	0.00555
32	0.02247	0.01108	0.15754	0.12437	0.31016	0.02097	0.17616	0.02374	0.01925	0.01264	0.00853	0.04557	0.00716	0.00482	0.02461	0.00141	0.00546	0.01641	0.00208	0.00556
33	0.00515	0.00389	0.00491	0.00524	0.00590	0.00377	0.00372	0.00609	0.00777	0.01019	0.05449	0.33809	0.23964	0.09075	0.19834	0.00284	0.00430	0.00833	0.00327	0.00331
34	0.01028	0.01031	0.09181	0.01557	0.33636	0.05674	0.07326	0.05978	0.06880	0.07099	0.02571	0.03445	0.00940	0.02325	0.00481	0.00136	0.03078	0.06795	0.00267	0.00572
35	0.02262	0.12629	0.34914	0.01145	0.09259	0.03309	0.08582	0.08491	0.01713	0.01354	0.05922	0.03161	0.02239	0.00495	0.01887	0.00131	0.00517	0.01207	0.00229	0.00554
36	0.01586	0.04144	0.04755	0.02264	0.09929	0.00550	0.02977	0.00859	0.02996	0.06051	0.01743	0.53028	0.01941	0.03528	0.00514	0.00156	0.00319	0.01910	0.00330	0.00418
37	0.00737	0.01297	0.39598	0.01004	0.02742	0.00751	0.11089	0.01101	0.05534	0.01252	0.05154	0.13437	0.10939	0.00625	0.00433	0.00136	0.00463	0.02945	0.00259	0.00505

[dist]
# distance from previous block
# <min> <max>
0	19

# created by:
# /st0/software/busco_prod/Augustus/scripts/msa2prfl.pl ./align_prep/27769.fa
