[name]
unknown

[dist]
# distance from previous block
# <min> <max>
0	140

[block]
# block no. 0 follows, 73 sequences, length 90
# corresponding to MSA columns:
# 140-229
name=unknown_A
#
# <colnr> <probs for GDERKNQSTAVLIFYWHMCP>
#	G	D	E	R	K	N	Q	S	T	A	V	L	I	F	Y	W	H	M	C	P
0	0.01356	0.00912	0.01014	0.00803	0.01080	0.00982	0.00659	0.52717	0.13133	0.16586	0.01133	0.01177	0.00824	0.00483	0.00381	0.00117	0.00375	0.03845	0.00388	0.02034
1	0.01046	0.08338	0.22168	0.00853	0.02024	0.00819	0.06918	0.10695	0.07732	0.20014	0.05627	0.04287	0.05856	0.00487	0.00386	0.00118	0.01383	0.00405	0.00304	0.00541
2	0.00821	0.02777	0.05005	0.00964	0.04680	0.02769	0.19952	0.01975	0.00811	0.10392	0.01290	0.33518	0.01320	0.00708	0.00531	0.00137	0.10999	0.00634	0.00278	0.00438
3	0.00460	0.00338	0.00441	0.01873	0.00573	0.00314	0.00353	0.00531	0.00733	0.00964	0.02229	0.76418	0.11115	0.01139	0.00473	0.00149	0.00219	0.01026	0.00345	0.00308
4	0.00846	0.00799	0.01258	0.46987	0.33061	0.04223	0.01047	0.01100	0.03130	0.02940	0.00720	0.00978	0.00562	0.00366	0.00372	0.00119	0.00477	0.00334	0.00188	0.00494
5	0.00916	0.06109	0.32069	0.07558	0.13663	0.07057	0.16771	0.02955	0.00859	0.04603	0.00711	0.00874	0.00536	0.00364	0.00399	0.00117	0.03402	0.00322	0.00189	0.00529
6	0.01192	0.00742	0.00870	0.00736	0.00977	0.00788	0.01776	0.01902	0.51787	0.31137	0.02885	0.01374	0.01100	0.00495	0.00382	0.00123	0.00308	0.00412	0.00409	0.00604
7	0.00546	0.00364	0.00409	0.00409	0.00409	0.00364	0.00227	0.00546	0.00546	0.00727	0.01182	0.02455	0.01364	0.86815	0.01910	0.00364	0.00364	0.00546	0.00227	0.00227
8	0.01247	0.08579	0.11949	0.00759	0.01060	0.00728	0.05030	0.04183	0.08714	0.42259	0.03125	0.05375	0.04306	0.00494	0.00375	0.00117	0.00362	0.00411	0.00361	0.00567
9	0.00973	0.09662	0.01446	0.24342	0.26644	0.17578	0.10920	0.01178	0.00864	0.01969	0.00667	0.00879	0.00536	0.00354	0.00361	0.00111	0.00523	0.00316	0.00183	0.00493
10	0.01320	0.00532	0.00678	0.00550	0.00766	0.00477	0.00445	0.01476	0.00968	0.53992	0.01386	0.01322	0.00941	0.00454	0.00335	0.00106	0.00266	0.00367	0.33088	0.00532
11	0.00913	0.00881	0.02454	0.10397	0.72554	0.00883	0.03073	0.01143	0.00847	0.02234	0.00712	0.00940	0.00587	0.00340	0.00373	0.00113	0.00455	0.00337	0.00187	0.00575
12	0.01106	0.08522	0.08166	0.09556	0.27644	0.05619	0.03847	0.09874	0.00977	0.17133	0.00886	0.03503	0.00683	0.00403	0.00365	0.00113	0.00441	0.00347	0.00258	0.00556
13	0.00765	0.01851	0.76860	0.01119	0.01656	0.00879	0.09307	0.01189	0.00801	0.01189	0.00682	0.00813	0.00484	0.00353	0.00365	0.00120	0.00562	0.00293	0.00161	0.00550
14	0.48893	0.02674	0.05675	0.00815	0.06177	0.25203	0.03395	0.01228	0.00794	0.01375	0.00567	0.00673	0.00451	0.00357	0.00286	0.00110	0.00440	0.00235	0.00211	0.00440
15	0.00709	0.00667	0.01125	0.85913	0.02584	0.00834	0.01042	0.00959	0.00750	0.00959	0.00667	0.01000	0.00500	0.00375	0.00375	0.00125	0.00500	0.00333	0.00167	0.00417
16	0.01260	0.01380	0.01043	0.04860	0.04809	0.49988	0.00712	0.10804	0.04936	0.04263	0.00713	0.00798	0.00563	0.00389	0.00351	0.00098	0.01431	0.00273	0.00235	0.11095
17	0.01624	0.00630	0.00855	0.00661	0.00941	0.00549	0.00544	0.01784	0.02318	0.79987	0.04959	0.01343	0.01042	0.00478	0.00380	0.00116	0.00313	0.00391	0.00461	0.00626
18	0.00462	0.00329	0.00437	0.00518	0.00541	0.00308	0.00345	0.00529	0.00725	0.00970	0.04817	0.81462	0.02487	0.03486	0.00516	0.00157	0.00220	0.01039	0.00347	0.00304
19	0.00518	0.00383	0.00484	0.00459	0.00553	0.00349	0.00344	0.00684	0.01032	0.01434	0.72781	0.02918	0.15079	0.00793	0.00443	0.00119	0.00179	0.00695	0.00404	0.00349
20	0.01049	0.00986	0.00896	0.00799	0.01014	0.16073	0.00619	0.04776	0.63327	0.03219	0.01324	0.01242	0.00997	0.00481	0.00372	0.00120	0.00369	0.00385	0.00348	0.01604
21	0.00546	0.00364	0.00409	0.00409	0.00409	0.00364	0.00227	0.00546	0.00546	0.00727	0.01182	0.02455	0.01364	0.86815	0.01910	0.00364	0.00364	0.00546	0.00227	0.00227
22	0.00532	0.00408	0.00499	0.00525	0.00627	0.00382	0.00421	0.00699	0.03492	0.01165	0.19444	0.08704	0.32237	0.00942	0.00469	0.00142	0.00245	0.28361	0.00362	0.00342
23	0.00933	0.00806	0.00848	0.00764	0.00976	0.00933	0.00594	0.01994	0.83797	0.01569	0.01527	0.01400	0.01145	0.00509	0.00382	0.00127	0.00297	0.00424	0.00382	0.00594
24	0.01577	0.00610	0.00821	0.00638	0.00907	0.00531	0.00524	0.01726	0.01052	0.76147	0.03661	0.01327	0.01001	0.00470	0.00370	0.00114	0.00304	0.00383	0.07228	0.00609
25	0.85649	0.00711	0.00549	0.00494	0.00718	0.00823	0.00404	0.01082	0.00636	0.01645	0.00547	0.00668	0.00438	0.02267	0.02084	0.00132	0.00307	0.00215	0.00231	0.00401
26	0.00548	0.00406	0.00569	0.00563	0.00610	0.00463	0.00415	0.00644	0.00586	0.00833	0.01036	0.01718	0.01039	0.25525	0.59910	0.00523	0.03658	0.00438	0.00207	0.00308
27	0.00778	0.00667	0.00778	0.00556	0.00889	0.00500	0.00445	0.00945	0.00778	0.01223	0.00667	0.00778	0.00556	0.00278	0.00278	0.00056	0.00278	0.00222	0.00222	0.89108
28	0.03952	0.00837	0.00918	0.10025	0.03429	0.03012	0.00665	0.09318	0.60146	0.01555	0.01297	0.01253	0.00972	0.00476	0.00374	0.00124	0.00343	0.00392	0.00343	0.00569
29	0.00549	0.00446	0.02302	0.00466	0.00599	0.00376	0.00366	0.02317	0.00952	0.02930	0.36157	0.06091	0.37864	0.00820	0.00433	0.00121	0.00207	0.01982	0.00367	0.04654
30	0.00826	0.11329	0.65191	0.01097	0.06390	0.03784	0.03001	0.01197	0.00807	0.02104	0.00666	0.00785	0.00490	0.00353	0.00346	0.00113	0.00534	0.00276	0.00166	0.00545
31	0.01057	0.59440	0.12123	0.00761	0.02930	0.01308	0.00750	0.11459	0.00909	0.05289	0.00640	0.00704	0.00525	0.00349	0.00282	0.00092	0.00419	0.00239	0.00203	0.00521
32	0.00957	0.00818	0.00862	0.00768	0.00985	0.00944	0.00600	0.05957	0.79794	0.01608	0.01496	0.01375	0.01121	0.00506	0.00381	0.00127	0.00303	0.00420	0.00381	0.00596
33	0.00489	0.00379	0.00445	0.00434	0.00536	0.00335	0.00324	0.00625	0.00956	0.01265	0.45369	0.07021	0.38739	0.00866	0.00445	0.00123	0.00185	0.00746	0.00382	0.00335
34	0.03227	0.09783	0.02739	0.00598	0.00930	0.01975	0.01561	0.02056	0.00792	0.01208	0.00651	0.00758	0.00542	0.00290	0.00279	0.00063	0.00310	0.00225	0.00216	0.71796
35	0.00456	0.00381	0.00399	0.00405	0.00525	0.00324	0.00307	0.00558	0.00860	0.01038	0.06994	0.06408	0.73866	0.00955	0.00449	0.00130	0.00199	0.05078	0.00351	0.00319
36	0.00480	0.00343	0.00462	0.00549	0.00581	0.00325	0.00389	0.00563	0.00741	0.00984	0.02055	0.73565	0.02430	0.01153	0.00485	0.00156	0.00238	0.13841	0.00348	0.00311
37	0.00855	0.00872	0.04609	0.05871	0.51092	0.00839	0.13416	0.01101	0.02863	0.01173	0.00849	0.04854	0.00761	0.04104	0.00475	0.00131	0.02255	0.03145	0.00203	0.00530
38	0.71060	0.00798	0.00647	0.00560	0.00799	0.05402	0.00457	0.06942	0.00777	0.08764	0.00634	0.00690	0.00471	0.00367	0.00260	0.00115	0.00322	0.00230	0.00260	0.00444
39	0.00533	0.00370	0.00470	0.00518	0.00548	0.00365	0.00363	0.00599	0.00678	0.00898	0.01644	0.28502	0.01887	0.37416	0.03465	0.00259	0.00333	0.20579	0.00292	0.00283
40	0.00882	0.01037	0.04457	0.01567	0.01952	0.00947	0.80894	0.01201	0.00883	0.01201	0.00757	0.01006	0.00567	0.00317	0.00440	0.00126	0.00630	0.00438	0.00189	0.00507
41	0.01021	0.40048	0.21526	0.02251	0.07539	0.09220	0.02644	0.01251	0.02682	0.07633	0.00683	0.00765	0.00541	0.00353	0.00308	0.00099	0.00465	0.00259	0.00195	0.00517
42	0.73871	0.00736	0.00624	0.00537	0.00780	0.00829	0.00442	0.06334	0.00759	0.11258	0.00656	0.00704	0.00481	0.00368	0.00258	0.00116	0.00301	0.00232	0.00268	0.00447
43	0.89465	0.00726	0.00551	0.00493	0.00726	0.00842	0.00406	0.01103	0.00638	0.01683	0.00522	0.00609	0.00406	0.00348	0.00232	0.00116	0.00290	0.00203	0.00232	0.00406
44	0.00803	0.00492	0.00623	0.00544	0.00686	0.00469	0.00422	0.07818	0.03350	0.15037	0.61695	0.02359	0.02811	0.00685	0.00425	0.00117	0.00223	0.00594	0.00417	0.00430
45	0.03475	0.84628	0.01926	0.00638	0.00956	0.01467	0.00635	0.01123	0.00759	0.00905	0.00522	0.00602	0.00479	0.00322	0.00240	0.00081	0.00398	0.00201	0.00162	0.00479
46	0.00494	0.00382	0.00450	0.00433	0.00538	0.00338	0.00325	0.00636	0.00975	0.01297	0.50244	0.03144	0.37702	0.00844	0.00443	0.00122	0.00183	0.00726	0.00386	0.00338
47	0.00448	0.00380	0.00386	0.00385	0.00509	0.00319	0.00288	0.00547	0.00865	0.01038	0.07794	0.03571	0.80314	0.00941	0.00443	0.00126	0.00189	0.00786	0.00352	0.00319
48	0.00752	0.01941	0.84871	0.01069	0.01624	0.00871	0.01386	0.01188	0.00792	0.01188	0.00673	0.00792	0.00475	0.00356	0.00356	0.00119	0.00554	0.00277	0.00158	0.00554
49	0.00458	0.00330	0.00434	0.00516	0.00543	0.00306	0.00346	0.00526	0.00729	0.00969	0.03513	0.81883	0.05740	0.01160	0.00477	0.00151	0.00216	0.01049	0.00349	0.00306
50	0.89465	0.00726	0.00551	0.00493	0.00726	0.00842	0.00406	0.01103	0.00638	0.01683	0.00522	0.00609	0.00406	0.00348	0.00232	0.00116	0.00290	0.00203	0.00232	0.00406
51	0.00510	0.00383	0.00482	0.00521	0.00604	0.00354	0.00405	0.00637	0.00866	0.01129	0.18854	0.23214	0.25378	0.00992	0.00473	0.00144	0.00239	0.24124	0.00360	0.00330
52	0.00778	0.00667	0.00778	0.00556	0.00889	0.00500	0.00445	0.00945	0.00778	0.01223	0.00667	0.00778	0.00556	0.00278	0.00278	0.00056	0.00278	0.00222	0.00222	0.89108
53	0.00546	0.00364	0.00409	0.00409	0.00409	0.00364	0.00227	0.00546	0.00546	0.00727	0.01182	0.02455	0.01364	0.86815	0.01910	0.00364	0.00364	0.00546	0.00227	0.00227
54	0.01367	0.01021	0.01092	0.00851	0.01141	0.01136	0.00699	0.73423	0.11661	0.02269	0.00976	0.00961	0.00699	0.00457	0.00376	0.00114	0.00399	0.00348	0.00376	0.00633
55	0.01003	0.87041	0.01966	0.00642	0.00963	0.01485	0.00642	0.01123	0.00762	0.00883	0.00522	0.00602	0.00481	0.00321	0.00241	0.00080	0.00401	0.00201	0.00160	0.00481
56	0.00817	0.00666	0.00782	0.00560	0.00892	0.00502	0.00449	0.00982	0.00791	0.04794	0.00702	0.00799	0.00572	0.00286	0.00282	0.00058	0.00280	0.00229	0.00233	0.85325
57	0.00459	0.00379	0.00404	0.00406	0.00521	0.00323	0.00304	0.00565	0.00877	0.01080	0.14633	0.07705	0.67658	0.00938	0.00446	0.00128	0.00193	0.02304	0.00357	0.00322
58	0.05329	0.00642	0.00857	0.00660	0.00948	0.00563	0.00545	0.01798	0.01056	0.81285	0.01440	0.01249	0.00907	0.00460	0.00371	0.00116	0.00318	0.00370	0.00455	0.00629
59	0.01003	0.87041	0.01966	0.00642	0.00963	0.01485	0.00642	0.01123	0.00762	0.00883	0.00522	0.00602	0.00481	0.00321	0.00241	0.00080	0.00401	0.00201	0.00160	0.00481
60	0.89465	0.00726	0.00551	0.00493	0.00726	0.00842	0.00406	0.01103	0.00638	0.01683	0.00522	0.00609	0.00406	0.00348	0.00232	0.00116	0.00290	0.00203	0.00232	0.00406
61	0.00791	0.00666	0.00779	0.00557	0.00890	0.00501	0.00446	0.00958	0.00782	0.02458	0.00679	0.00785	0.00561	0.00281	0.00279	0.00056	0.00278	0.00225	0.00226	0.87800
62	0.00903	0.00752	0.00808	0.00727	0.00926	0.00857	0.00565	0.01839	0.72219	0.03414	0.11263	0.01562	0.01422	0.00538	0.00389	0.00126	0.00283	0.00453	0.00387	0.00567
63	0.00447	0.00380	0.00385	0.00384	0.00509	0.00318	0.00288	0.00546	0.00864	0.01035	0.07243	0.03576	0.80867	0.00942	0.00443	0.00126	0.00189	0.00787	0.00351	0.00318
64	0.00886	0.01012	0.02214	0.01581	0.01961	0.00949	0.83112	0.01202	0.00886	0.01202	0.00759	0.01012	0.00569	0.00316	0.00443	0.00127	0.00633	0.00443	0.00190	0.00506
65	0.00914	0.00718	0.04307	0.00771	0.05267	0.06230	0.03003	0.01210	0.12547	0.16781	0.30485	0.03308	0.02885	0.00689	0.04152	0.00142	0.05278	0.00493	0.00349	0.00472
66	0.01629	0.00726	0.00925	0.00709	0.01001	0.00681	0.00586	0.19010	0.01220	0.67347	0.01358	0.01198	0.00867	0.00461	0.00377	0.00115	0.00339	0.00369	0.00446	0.00638
67	0.01403	0.01757	0.01066	0.00962	0.01160	0.81710	0.00724	0.04993	0.01093	0.00980	0.00594	0.00686	0.00490	0.00389	0.00340	0.00097	0.00665	0.00246	0.00201	0.00444
68	0.00993	0.00972	0.00901	0.00797	0.01001	0.18137	0.03377	0.04691	0.51103	0.01423	0.07619	0.01425	0.04880	0.00515	0.00382	0.00120	0.00376	0.00420	0.00337	0.00529
69	0.00694	0.04249	0.00832	0.00914	0.18974	0.00573	0.01749	0.00933	0.07304	0.03760	0.37765	0.04077	0.14226	0.00658	0.00414	0.00119	0.00270	0.01718	0.00337	0.00434
70	0.01669	0.00662	0.00885	0.00679	0.00970	0.00587	0.00561	0.06503	0.01113	0.80004	0.01447	0.01255	0.00912	0.00464	0.00377	0.00116	0.00325	0.00375	0.00459	0.00638
71	0.00455	0.00333	0.00428	0.00505	0.00539	0.00306	0.00340	0.00524	0.00735	0.00965	0.02285	0.76174	0.12737	0.01147	0.00474	0.00149	0.00214	0.01032	0.00348	0.00306
72	0.00992	0.14886	0.26042	0.05299	0.14764	0.10147	0.11528	0.04539	0.00894	0.06438	0.00715	0.00845	0.00545	0.00357	0.00353	0.00110	0.00513	0.00303	0.00199	0.00532
73	0.04516	0.01705	0.03918	0.00975	0.01191	0.74579	0.04257	0.01466	0.01031	0.02200	0.00602	0.00701	0.00490	0.00382	0.00340	0.00100	0.00651	0.00252	0.00197	0.00444
74	0.86816	0.00760	0.02075	0.00509	0.00747	0.01852	0.00428	0.01109	0.00646	0.01665	0.00526	0.00614	0.00408	0.00349	0.00236	0.00116	0.00300	0.00205	0.00230	0.00409
75	0.00557	0.00402	0.00490	0.00469	0.00574	0.00372	0.00357	0.00743	0.03795	0.03033	0.53350	0.03874	0.21749	0.00796	0.00435	0.00122	0.00194	0.04137	0.04192	0.00358
76	0.00979	0.05448	0.00924	0.00772	0.00987	0.08359	0.00606	0.03613	0.68735	0.01481	0.01388	0.02980	0.01068	0.00500	0.00372	0.00122	0.00337	0.00407	0.00353	0.00569
77	0.00599	0.00451	0.00556	0.00565	0.00666	0.00452	0.00443	0.00888	0.13480	0.01305	0.31103	0.13824	0.09211	0.00851	0.00450	0.00137	0.00243	0.20874	0.03522	0.00379
78	0.04526	0.06508	0.05196	0.02530	0.10791	0.03912	0.05976	0.09980	0.05390	0.06302	0.07662	0.01928	0.04714	0.00452	0.00422	0.00108	0.07064	0.00364	0.00264	0.15911
79	0.02651	0.02559	0.01422	0.03699	0.37626	0.00868	0.18343	0.03044	0.12721	0.01284	0.04046	0.01279	0.05449	0.00425	0.00401	0.00120	0.01365	0.01925	0.00239	0.00535
80	0.00744	0.00516	0.00575	0.00533	0.00666	0.00544	0.00408	0.01204	0.27614	0.03718	0.29357	0.01870	0.01890	0.00572	0.00365	0.00111	0.00219	0.00485	0.28172	0.00437
81	0.00457	0.00332	0.00430	0.00507	0.00538	0.00307	0.00340	0.00524	0.00728	0.00959	0.02215	0.77105	0.10225	0.02777	0.00503	0.00154	0.00218	0.01031	0.00346	0.00304
82	0.02424	0.43250	0.31496	0.00886	0.03003	0.02707	0.05459	0.01189	0.00799	0.04753	0.00636	0.00731	0.00505	0.00342	0.00304	0.00100	0.00469	0.00253	0.00177	0.00516
83	0.00541	0.00375	0.00490	0.00547	0.00608	0.00354	0.00403	0.01728	0.00796	0.03857	0.05112	0.53788	0.11160	0.01110	0.02166	0.00159	0.00258	0.15863	0.00351	0.00332
84	0.00513	0.00371	0.00484	0.00481	0.00556	0.00342	0.00351	0.00663	0.00982	0.01373	0.64338	0.21199	0.05217	0.00861	0.00450	0.00126	0.00186	0.00766	0.00397	0.00342
85	0.01834	0.00813	0.03306	0.39092	0.31119	0.00869	0.01919	0.07364	0.03213	0.05743	0.00766	0.00985	0.00584	0.00374	0.00373	0.00119	0.00459	0.00337	0.00212	0.00517
86	0.00885	0.04285	0.10946	0.04196	0.20090	0.03973	0.38093	0.01152	0.00862	0.03492	0.00903	0.05058	0.03481	0.00395	0.00404	0.00120	0.00528	0.00420	0.00204	0.00512
87	0.01683	0.00638	0.00871	0.00668	0.00958	0.00551	0.00551	0.01828	0.01074	0.84734	0.01480	0.01277	0.00929	0.00464	0.00377	0.00116	0.00319	0.00377	0.00464	0.00638
88	0.00709	0.00667	0.01125	0.85913	0.02584	0.00834	0.01042	0.00959	0.00750	0.00959	0.00667	0.01000	0.00500	0.00375	0.00375	0.00125	0.00500	0.00333	0.00167	0.00417
89	0.01282	0.16189	0.14425	0.00966	0.11623	0.04182	0.00799	0.10615	0.01024	0.33776	0.00986	0.00972	0.00686	0.00401	0.00347	0.00108	0.00411	0.00315	0.00307	0.00584

[dist]
# distance from previous block
# <min> <max>
0	1

[block]
# block no. 1 follows, 73 sequences, length 77
# corresponding to MSA columns:
# 231-307
name=unknown_B
#
# <colnr> <probs for GDERKNQSTAVLIFYWHMCP>
#	G	D	E	R	K	N	Q	S	T	A	V	L	I	F	Y	W	H	M	C	P
0	0.02829	0.01210	0.29675	0.01104	0.08098	0.00845	0.13680	0.09461	0.04861	0.19737	0.00941	0.02140	0.00673	0.00407	0.00400	0.00120	0.02629	0.00353	0.00269	0.00569
1	0.89465	0.00726	0.00551	0.00493	0.00726	0.00842	0.00406	0.01103	0.00638	0.01683	0.00522	0.00609	0.00406	0.00348	0.00232	0.00116	0.00290	0.00203	0.00232	0.00406
2	0.00513	0.00380	0.00478	0.00459	0.00549	0.00346	0.00341	0.00670	0.01006	0.01389	0.66293	0.07065	0.16450	0.01837	0.00462	0.00124	0.00183	0.00714	0.00397	0.00344
3	0.00942	0.00812	0.00898	0.02775	0.03201	0.01854	0.00631	0.09151	0.59584	0.01537	0.04344	0.01375	0.02150	0.01846	0.00473	0.00131	0.06968	0.00418	0.00350	0.00560
4	0.00527	0.00387	0.00482	0.00463	0.00558	0.00353	0.00345	0.00691	0.01993	0.02364	0.60813	0.08584	0.19398	0.00824	0.00444	0.00122	0.00185	0.00720	0.00396	0.00350
5	0.00778	0.00667	0.00778	0.00556	0.00889	0.00500	0.00445	0.00945	0.00778	0.01223	0.00667	0.00778	0.00556	0.00278	0.00278	0.00056	0.00278	0.00222	0.00222	0.89108
6	0.00455	0.00376	0.00399	0.00402	0.00516	0.00320	0.00298	0.00558	0.00870	0.01069	0.13421	0.09748	0.68383	0.00945	0.00446	0.00128	0.00191	0.00799	0.00356	0.00320
7	0.00468	0.00373	0.00420	0.00430	0.00531	0.00325	0.00318	0.00576	0.00875	0.01107	0.19725	0.16939	0.52523	0.00952	0.00451	0.00130	0.00196	0.02977	0.00361	0.00323
8	0.00459	0.00327	0.00435	0.00520	0.00541	0.00306	0.00345	0.00523	0.00714	0.00952	0.02045	0.84448	0.02453	0.03336	0.00515	0.00158	0.00221	0.01053	0.00345	0.00303
9	0.00605	0.00432	0.00605	0.00691	0.00777	0.00432	0.00605	0.00777	0.00864	0.01123	0.01986	0.04232	0.02159	0.01036	0.00518	0.00173	0.00345	0.81949	0.00345	0.00345
10	0.89465	0.00726	0.00551	0.00493	0.00726	0.00842	0.00406	0.01103	0.00638	0.01683	0.00522	0.00609	0.00406	0.00348	0.00232	0.00116	0.00290	0.00203	0.00232	0.00406
11	0.00536	0.00402	0.00603	0.00603	0.00670	0.00469	0.00469	0.00670	0.00603	0.00871	0.01005	0.01474	0.00938	0.02814	0.85328	0.00603	0.01005	0.00402	0.00201	0.00335
12	0.00566	0.00407	0.00603	0.00598	0.00669	0.00468	0.00463	0.00696	0.00613	0.03052	0.01023	0.01501	0.00952	0.05551	0.80334	0.00582	0.00966	0.00406	0.00209	0.00339
13	0.01401	0.01788	0.01063	0.00967	0.01160	0.85309	0.00725	0.01498	0.01063	0.00918	0.00580	0.00677	0.00483	0.00387	0.00338	0.00097	0.00677	0.00242	0.00193	0.00435
14	0.00778	0.00667	0.00778	0.00556	0.00889	0.00500	0.00445	0.00945	0.00778	0.01223	0.00667	0.00778	0.00556	0.00278	0.00278	0.00056	0.00278	0.00222	0.00222	0.89108
15	0.00456	0.00382	0.00398	0.00400	0.00521	0.00324	0.00303	0.00559	0.00868	0.01051	0.09242	0.04766	0.74420	0.00944	0.00447	0.00128	0.00196	0.03923	0.00353	0.00320
16	0.00491	0.00352	0.00479	0.00552	0.00581	0.00345	0.00389	0.00562	0.00714	0.00956	0.01913	0.68743	0.02252	0.01243	0.05087	0.03672	0.02152	0.08881	0.00329	0.00307
17	0.01176	0.01132	0.01244	0.02584	0.21232	0.26484	0.09117	0.10033	0.04455	0.10225	0.00896	0.01073	0.01925	0.00428	0.00405	0.00114	0.03381	0.03318	0.00254	0.00524
18	0.00537	0.00399	0.00589	0.00589	0.00651	0.00461	0.00452	0.00661	0.00599	0.00861	0.01018	0.01544	0.00969	0.08852	0.79331	0.00586	0.00959	0.00412	0.00203	0.00327
19	0.89465	0.00726	0.00551	0.00493	0.00726	0.00842	0.00406	0.01103	0.00638	0.01683	0.00522	0.00609	0.00406	0.00348	0.00232	0.00116	0.00290	0.00203	0.00232	0.00406
20	0.00753	0.05852	0.77682	0.01028	0.01551	0.00878	0.01311	0.01159	0.00788	0.01165	0.00721	0.04153	0.00554	0.00387	0.00356	0.00118	0.00534	0.00305	0.00166	0.00541
21	0.00816	0.01626	0.58456	0.02282	0.03834	0.02900	0.16082	0.02326	0.00839	0.03125	0.00820	0.00948	0.03478	0.00374	0.00376	0.00120	0.00548	0.00330	0.00183	0.00537
22	0.00910	0.00908	0.04918	0.10619	0.57539	0.00870	0.11732	0.01153	0.00857	0.03963	0.02462	0.00991	0.00649	0.00350	0.00382	0.00115	0.00470	0.00354	0.00197	0.00560
23	0.00542	0.00373	0.00455	0.00488	0.00514	0.00368	0.00331	0.00592	0.00651	0.00858	0.01566	0.16420	0.03775	0.52109	0.01338	0.00282	0.00332	0.18462	0.00276	0.00268
24	0.00477	0.00385	0.00426	0.00425	0.00535	0.00338	0.00317	0.00609	0.02453	0.01141	0.23248	0.09928	0.55516	0.00916	0.00446	0.00127	0.00193	0.01825	0.00365	0.00330
25	0.00879	0.02040	0.20597	0.09653	0.37964	0.01883	0.12201	0.04362	0.00862	0.01213	0.00729	0.00930	0.01358	0.00363	0.00406	0.00118	0.03370	0.00338	0.00186	0.00546
26	0.01001	0.59119	0.13974	0.03863	0.05832	0.01262	0.01823	0.01182	0.00796	0.07201	0.00634	0.00718	0.00522	0.00339	0.00283	0.00093	0.00427	0.00240	0.00185	0.00508
27	0.01469	0.00675	0.00845	0.00665	0.00926	0.00642	0.00544	0.14337	0.05889	0.56383	0.03251	0.01273	0.00959	0.00469	0.00366	0.00113	0.00314	0.00378	0.09904	0.00598
28	0.02436	0.00769	0.02799	0.10369	0.17737	0.02382	0.01721	0.05865	0.01018	0.49256	0.01152	0.01125	0.00771	0.00421	0.00374	0.00116	0.00384	0.00356	0.00354	0.00595
29	0.00961	0.14899	0.33587	0.03169	0.12652	0.02636	0.01940	0.02372	0.01713	0.13849	0.04922	0.02169	0.02703	0.00412	0.00353	0.00112	0.00446	0.00335	0.00235	0.00538
30	0.01534	0.00610	0.00828	0.00649	0.00912	0.00535	0.00531	0.02562	0.01061	0.73315	0.08187	0.03098	0.01168	0.00562	0.02528	0.00129	0.00324	0.00416	0.00450	0.00601
31	0.89465	0.00726	0.00551	0.00493	0.00726	0.00842	0.00406	0.01103	0.00638	0.01683	0.00522	0.00609	0.00406	0.00348	0.00232	0.00116	0.00290	0.00203	0.00232	0.00406
32	0.02545	0.00577	0.00773	0.00617	0.00854	0.00511	0.00500	0.01537	0.02248	0.61362	0.22439	0.01656	0.01586	0.00540	0.00392	0.00117	0.00283	0.00452	0.00447	0.00563
33	0.01381	0.06562	0.01121	0.00937	0.01149	0.71669	0.00719	0.10090	0.01120	0.01069	0.00610	0.00696	0.00499	0.00390	0.00337	0.00097	0.00633	0.00249	0.00211	0.00459
34	0.89465	0.00726	0.00551	0.00493	0.00726	0.00842	0.00406	0.01103	0.00638	0.01683	0.00522	0.00609	0.00406	0.00348	0.00232	0.00116	0.00290	0.00203	0.00232	0.00406
35	0.00540	0.00366	0.00433	0.00437	0.00446	0.00372	0.00261	0.00558	0.00561	0.00756	0.01210	0.06888	0.01376	0.72696	0.11260	0.00379	0.00428	0.00558	0.00231	0.00244
36	0.00445	0.00373	0.00388	0.00400	0.00512	0.00315	0.00294	0.00536	0.00836	0.01006	0.03560	0.15138	0.72950	0.00981	0.00448	0.00130	0.00194	0.00830	0.00348	0.00315
37	0.00484	0.00380	0.00439	0.00434	0.00538	0.00334	0.00325	0.00613	0.00932	0.01214	0.36612	0.08238	0.44196	0.00891	0.00447	0.00126	0.00190	0.02898	0.00375	0.00332
38	0.00536	0.00383	0.00497	0.00469	0.00557	0.00354	0.00351	0.00713	0.01054	0.01502	0.81929	0.02763	0.03467	0.00758	0.00437	0.00117	0.00177	0.00669	0.02914	0.00354
39	0.01003	0.87041	0.01966	0.00642	0.00963	0.01485	0.00642	0.01123	0.00762	0.00883	0.00522	0.00602	0.00481	0.00321	0.00241	0.00080	0.00401	0.00201	0.00160	0.00481
40	0.00459	0.00327	0.00435	0.00520	0.00541	0.00306	0.00345	0.00523	0.00714	0.00952	0.02047	0.84630	0.02456	0.03150	0.00512	0.00157	0.00221	0.01055	0.00345	0.00303
41	0.00765	0.00653	0.00765	0.00554	0.00876	0.00492	0.00441	0.00928	0.00776	0.01212	0.00722	0.04148	0.00631	0.00313	0.00286	0.00059	0.00275	0.00255	0.00227	0.85620
42	0.00778	0.00667	0.00778	0.00556	0.00889	0.00500	0.00445	0.00945	0.00778	0.01223	0.00667	0.00778	0.00556	0.00278	0.00278	0.00056	0.00278	0.00222	0.00222	0.89108
43	0.00764	0.03558	0.78952	0.01088	0.01628	0.00887	0.05620	0.01188	0.00796	0.01183	0.00675	0.00800	0.00480	0.00354	0.00359	0.00118	0.00556	0.00284	0.00160	0.00551
44	0.00819	0.10412	0.70469	0.01028	0.01542	0.00923	0.04017	0.01207	0.00803	0.04440	0.00693	0.00799	0.00497	0.00356	0.00349	0.00115	0.00532	0.00279	0.00172	0.00549
45	0.01678	0.00647	0.00876	0.00671	0.00962	0.00564	0.00555	0.03465	0.01088	0.83079	0.01468	0.01269	0.00923	0.00464	0.00377	0.00116	0.00321	0.00376	0.00463	0.00638
46	0.00507	0.00386	0.00487	0.00491	0.00566	0.00366	0.00362	0.00634	0.00907	0.01231	0.41585	0.24903	0.19363	0.00912	0.00485	0.00132	0.03570	0.02405	0.00372	0.00336
47	0.00938	0.04294	0.02567	0.06398	0.61135	0.02663	0.07189	0.01188	0.03628	0.03015	0.00736	0.00939	0.00602	0.00353	0.00394	0.00114	0.02744	0.00338	0.00196	0.00566
48	0.00526	0.00366	0.00430	0.00432	0.00463	0.00354	0.00272	0.00576	0.00689	0.00926	0.17617	0.10674	0.08886	0.53563	0.02448	0.00279	0.00307	0.00640	0.00285	0.00268
49	0.00721	0.00679	0.01147	0.81259	0.07143	0.00837	0.01048	0.00969	0.00756	0.00973	0.00669	0.00996	0.00505	0.00373	0.00375	0.00124	0.00497	0.00333	0.00168	0.00427
50	0.28237	0.05551	0.00944	0.00789	0.02910	0.25398	0.00613	0.15327	0.13099	0.01499	0.00754	0.00804	0.00585	0.00403	0.00327	0.00110	0.01626	0.00274	0.00261	0.00490
51	0.00640	0.00526	0.03002	0.01717	0.00697	0.02628	0.00445	0.02563	0.10270	0.03068	0.04923	0.19563	0.05417	0.18888	0.22575	0.00302	0.00489	0.01644	0.00284	0.00360
52	0.00636	0.00360	0.00404	0.00399	0.00484	0.00350	0.00299	0.00807	0.00871	0.01411	0.27185	0.05219	0.01841	0.00577	0.00330	0.00101	0.00179	0.01533	0.56664	0.00349
53	0.04628	0.02570	0.01092	0.07860	0.06181	0.08752	0.08007	0.15179	0.17228	0.14157	0.04964	0.02323	0.02176	0.00464	0.00399	0.00119	0.02663	0.00385	0.00314	0.00537
54	0.00964	0.08889	0.14329	0.08792	0.32634	0.04403	0.04493	0.06947	0.03483	0.05959	0.00791	0.02209	0.00631	0.00461	0.03310	0.00129	0.00483	0.00333	0.00216	0.00544
55	0.01005	0.01161	0.11858	0.00893	0.02693	0.26062	0.04028	0.07902	0.00907	0.04898	0.02507	0.01101	0.02000	0.05920	0.13895	0.00207	0.10768	0.00342	0.01405	0.00447
56	0.73877	0.04243	0.01713	0.00545	0.00788	0.00852	0.01682	0.03325	0.00702	0.06257	0.00604	0.00685	0.00462	0.00421	0.02489	0.00128	0.00327	0.00226	0.00244	0.00430
57	0.00476	0.00340	0.00456	0.00541	0.00571	0.00321	0.00378	0.00556	0.00743	0.00990	0.04032	0.75071	0.02470	0.01150	0.00483	0.00154	0.00231	0.10378	0.00349	0.00311
58	0.01417	0.01046	0.01121	0.00861	0.01160	0.01159	0.00711	0.81690	0.03313	0.02349	0.00913	0.00910	0.00648	0.00451	0.00375	0.00113	0.00411	0.00339	0.00375	0.00637
59	0.00501	0.00366	0.00517	0.00556	0.00599	0.00389	0.00402	0.00597	0.00652	0.00903	0.01496	0.40074	0.01659	0.06431	0.42562	0.00386	0.00615	0.00710	0.00269	0.00316
60	0.00491	0.00382	0.00446	0.00430	0.00536	0.00337	0.00323	0.00631	0.00968	0.01281	0.47664	0.03170	0.40292	0.00850	0.00443	0.00122	0.00183	0.00730	0.00384	0.00337
61	0.00778	0.00667	0.00778	0.00556	0.00889	0.00500	0.00445	0.00945	0.00778	0.01223	0.00667	0.00778	0.00556	0.00278	0.00278	0.00056	0.00278	0.00222	0.00222	0.89108
62	0.00457	0.00326	0.00435	0.00522	0.00544	0.00305	0.00348	0.00522	0.00718	0.00958	0.02068	0.86570	0.02481	0.01175	0.00479	0.00152	0.00218	0.01067	0.00348	0.00305
63	0.00523	0.00383	0.00490	0.00463	0.00555	0.00351	0.00348	0.00692	0.01043	0.01459	0.76782	0.02878	0.11063	0.00784	0.00443	0.00119	0.00178	0.00689	0.00407	0.00351
64	0.01649	0.00636	0.00863	0.00665	0.00950	0.00553	0.00548	0.01809	0.02343	0.81803	0.03127	0.01309	0.00984	0.00471	0.00379	0.00116	0.00316	0.00384	0.00462	0.00632
65	0.00778	0.00667	0.00778	0.00556	0.00889	0.00500	0.00445	0.00945	0.00778	0.01223	0.00667	0.00778	0.00556	0.00278	0.00278	0.00056	0.00278	0.00222	0.00222	0.89108
66	0.01441	0.00885	0.01005	0.00778	0.01061	0.00932	0.00640	0.52910	0.03305	0.26220	0.03850	0.01097	0.00838	0.00466	0.00375	0.00113	0.00369	0.00363	0.02733	0.00620
67	0.00933	0.00806	0.00848	0.00764	0.00976	0.00933	0.00594	0.01994	0.83797	0.01569	0.01527	0.01400	0.01145	0.00509	0.00382	0.00127	0.00297	0.00424	0.00382	0.00594
68	0.00977	0.00830	0.00870	0.00764	0.00985	0.01935	0.00599	0.10623	0.70018	0.01637	0.03636	0.01362	0.01134	0.00503	0.00380	0.00124	0.00310	0.00415	0.00376	0.02522
69	0.01024	0.66582	0.11342	0.00732	0.01063	0.11953	0.00738	0.01178	0.00804	0.00922	0.00546	0.00633	0.00481	0.00333	0.00266	0.00087	0.00453	0.00215	0.00164	0.00484
70	0.00975	0.16630	0.40466	0.01029	0.04667	0.00968	0.09542	0.04892	0.00872	0.12381	0.00769	0.00857	0.00559	0.00374	0.00379	0.00113	0.03463	0.00301	0.00214	0.00548
71	0.00709	0.00667	0.01125	0.85913	0.02584	0.00834	0.01042	0.00959	0.00750	0.00959	0.00667	0.01000	0.00500	0.00375	0.00375	0.00125	0.00500	0.00333	0.00167	0.00417
72	0.00461	0.00329	0.00440	0.00527	0.00550	0.00308	0.00355	0.00529	0.00722	0.00962	0.02066	0.84424	0.02473	0.01172	0.00480	0.00153	0.00221	0.03175	0.00348	0.00306
73	0.04315	0.05453	0.30209	0.01420	0.29603	0.02116	0.06487	0.02250	0.00866	0.12600	0.00788	0.00902	0.00583	0.00361	0.00360	0.00114	0.00473	0.00315	0.00217	0.00566
74	0.00535	0.00445	0.02752	0.00562	0.00638	0.00411	0.02062	0.00707	0.06131	0.01139	0.22884	0.46655	0.06004	0.04331	0.00534	0.00148	0.02525	0.00841	0.00349	0.00347
75	0.00465	0.00331	0.00437	0.00520	0.00541	0.00311	0.00347	0.00529	0.00712	0.00948	0.02017	0.80184	0.02413	0.05940	0.00559	0.00165	0.00228	0.02711	0.00341	0.00301
76	0.30884	0.00896	0.00933	0.00761	0.01039	0.00934	0.00611	0.28244	0.03986	0.25987	0.01083	0.01098	0.00777	0.00503	0.00382	0.00138	0.00383	0.00348	0.00393	0.00620

[dist]
# distance from previous block
# <min> <max>
0	1

[block]
# block no. 2 follows, 73 sequences, length 21
# corresponding to MSA columns:
# 309-329
name=unknown_C
#
# <colnr> <probs for GDERKNQSTAVLIFYWHMCP>
#	G	D	E	R	K	N	Q	S	T	A	V	L	I	F	Y	W	H	M	C	P
0	0.06121	0.08621	0.21486	0.02454	0.14993	0.02414	0.16496	0.07188	0.03903	0.02474	0.00711	0.00870	0.00554	0.00389	0.00454	0.00120	0.09698	0.00324	0.00203	0.00526
1	0.00454	0.00372	0.00401	0.00411	0.00518	0.00319	0.00302	0.00553	0.00854	0.01054	0.11507	0.16412	0.63609	0.00967	0.00449	0.00130	0.00193	0.00823	0.00355	0.00319
2	0.01629	0.00671	0.00884	0.00684	0.00971	0.00607	0.00563	0.06570	0.05464	0.75571	0.01449	0.01262	0.00923	0.00466	0.00377	0.00116	0.00324	0.00377	0.00455	0.00636
3	0.03959	0.72550	0.01782	0.00664	0.00968	0.04995	0.00635	0.02634	0.07036	0.00988	0.00606	0.00671	0.00532	0.00341	0.00258	0.00086	0.00402	0.00222	0.00185	0.00488
4	0.01432	0.01008	0.01095	0.00843	0.01140	0.01104	0.00695	0.73625	0.04369	0.09382	0.00971	0.00949	0.00679	0.00453	0.00376	0.00113	0.00401	0.00344	0.00383	0.00637
5	0.00546	0.00364	0.00409	0.00409	0.00409	0.00364	0.00227	0.00546	0.00546	0.00727	0.01182	0.02455	0.01364	0.86815	0.01910	0.00364	0.00364	0.00546	0.00227	0.00227
6	0.00470	0.00382	0.00418	0.00417	0.00531	0.00330	0.00316	0.00586	0.00897	0.01124	0.21185	0.05379	0.61183	0.00919	0.00447	0.00127	0.00195	0.04405	0.00362	0.00326
7	0.00536	0.00402	0.00603	0.00603	0.00670	0.00469	0.00469	0.00670	0.00603	0.00871	0.01005	0.01474	0.00938	0.02814	0.85328	0.00603	0.01005	0.00402	0.00201	0.00335
8	0.00531	0.00383	0.00501	0.00472	0.00560	0.00354	0.00354	0.00708	0.01062	0.01504	0.84277	0.02802	0.03540	0.00767	0.00442	0.00118	0.00177	0.00678	0.00413	0.00354
9	0.00573	0.00393	0.00515	0.00479	0.00575	0.00361	0.00361	0.00749	0.01062	0.04552	0.81245	0.02747	0.03444	0.00756	0.00440	0.00118	0.00182	0.00667	0.00415	0.00364
10	0.01426	0.01051	0.01126	0.00863	0.01163	0.01163	0.00713	0.83224	0.01764	0.02364	0.00901	0.00901	0.00638	0.00450	0.00375	0.00113	0.00413	0.00338	0.00375	0.00638
11	0.00738	0.00697	0.01178	0.74727	0.13540	0.00841	0.01057	0.00984	0.00764	0.00994	0.00672	0.00991	0.00513	0.00370	0.00375	0.00123	0.00493	0.00334	0.00169	0.00441
12	0.00605	0.00432	0.00605	0.00691	0.00777	0.00432	0.00605	0.00777	0.00864	0.01123	0.01986	0.04232	0.02159	0.01036	0.00518	0.00173	0.00345	0.81949	0.00345	0.00345
13	0.83995	0.00720	0.00571	0.00504	0.00740	0.00824	0.00415	0.01148	0.00666	0.06858	0.00582	0.00651	0.00439	0.00355	0.00241	0.00116	0.00292	0.00214	0.00247	0.00421
14	0.00923	0.00785	0.00837	0.00739	0.00956	0.00885	0.00577	0.05192	0.70909	0.01577	0.05799	0.01414	0.01214	0.00506	0.00378	0.00122	0.00294	0.00421	0.00373	0.06098
15	0.00933	0.00806	0.00848	0.00764	0.00976	0.00933	0.00594	0.01994	0.83797	0.01569	0.01527	0.01400	0.01145	0.00509	0.00382	0.00127	0.00297	0.00424	0.00382	0.00594
16	0.89465	0.00726	0.00551	0.00493	0.00726	0.00842	0.00406	0.01103	0.00638	0.01683	0.00522	0.00609	0.00406	0.00348	0.00232	0.00116	0.00290	0.00203	0.00232	0.00406
17	0.01434	0.02417	0.00842	0.00649	0.00900	0.00577	0.00533	0.07100	0.01096	0.61474	0.13062	0.01571	0.01315	0.02046	0.00415	0.00122	0.00309	0.03124	0.00437	0.00578
18	0.02277	0.00925	0.01326	0.11821	0.01487	0.06460	0.24850	0.19003	0.15240	0.05225	0.01016	0.06879	0.00813	0.00456	0.00399	0.00123	0.00467	0.00426	0.00284	0.00524
19	0.17670	0.00911	0.02926	0.00781	0.03701	0.11112	0.02070	0.10961	0.24988	0.05446	0.06674	0.01274	0.06151	0.00491	0.00383	0.00119	0.03147	0.00379	0.00311	0.00505
20	0.05813	0.01063	0.09052	0.01033	0.10796	0.05148	0.04489	0.38253	0.10008	0.06046	0.03937	0.01013	0.00768	0.00432	0.00370	0.00115	0.00421	0.00348	0.00315	0.00582

[dist]
# distance from previous block
# <min> <max>
0	3

[block]
# block no. 3 follows, 73 sequences, length 17
# corresponding to MSA columns:
# 333-349
name=unknown_D
#
# <colnr> <probs for GDERKNQSTAVLIFYWHMCP>
#	G	D	E	R	K	N	Q	S	T	A	V	L	I	F	Y	W	H	M	C	P
0	0.00589	0.00470	0.00525	0.00515	0.00609	0.05638	0.00387	0.00735	0.00980	0.02716	0.51992	0.13869	0.12938	0.00831	0.00444	0.00126	0.00228	0.05677	0.00380	0.00352
1	0.01280	0.01102	0.15270	0.00843	0.01173	0.02975	0.00775	0.40068	0.10901	0.17305	0.01027	0.01000	0.00717	0.00437	0.00369	0.00114	0.00408	0.00339	0.00346	0.03554
2	0.01148	0.17591	0.05265	0.00836	0.02960	0.14358	0.02248	0.20847	0.16080	0.07300	0.02772	0.05224	0.00840	0.00460	0.00352	0.00109	0.00422	0.00357	0.00294	0.00538
3	0.18121	0.37075	0.03378	0.00719	0.00998	0.08090	0.02177	0.12846	0.04134	0.04871	0.00667	0.00733	0.00536	0.00378	0.00324	0.00102	0.03874	0.00252	0.00230	0.00496
4	0.00464	0.00352	0.00428	0.00469	0.00535	0.00316	0.00329	0.00556	0.00814	0.01059	0.15111	0.47418	0.28710	0.01042	0.00462	0.00139	0.00203	0.00920	0.00358	0.00316
5	0.16815	0.14335	0.03968	0.02790	0.04230	0.07135	0.02025	0.12752	0.04909	0.08004	0.00754	0.00815	0.00579	0.00363	0.00306	0.00097	0.00379	0.00268	0.00255	0.19220
6	0.00958	0.07460	0.35421	0.00927	0.01313	0.02139	0.09441	0.10375	0.03165	0.11280	0.06596	0.02939	0.02595	0.00433	0.00370	0.00114	0.00453	0.00364	0.00256	0.03399
7	0.00461	0.00330	0.00444	0.00527	0.00551	0.00313	0.00354	0.00530	0.00712	0.00953	0.02013	0.82199	0.02402	0.01260	0.04837	0.00176	0.00258	0.01032	0.00341	0.00306
8	0.00585	0.00380	0.00440	0.00437	0.00525	0.00363	0.00323	0.00771	0.03931	0.01348	0.33436	0.13071	0.10955	0.00715	0.00383	0.00113	0.00187	0.00617	0.31068	0.00351
9	0.02525	0.14565	0.07257	0.00933	0.08470	0.07109	0.04991	0.08017	0.06757	0.32320	0.01021	0.01006	0.00720	0.00413	0.00370	0.00111	0.02203	0.00328	0.00313	0.00571
10	0.00739	0.00704	0.01157	0.68436	0.08247	0.00880	0.01020	0.00965	0.00734	0.00970	0.00646	0.00971	0.00506	0.00410	0.00490	0.00129	0.12065	0.00333	0.00168	0.00429
11	0.00519	0.00383	0.00485	0.00460	0.00553	0.00349	0.00345	0.00685	0.01034	0.01438	0.73365	0.02912	0.14493	0.00792	0.00443	0.00119	0.00179	0.00694	0.00404	0.00349
12	0.00733	0.00691	0.01169	0.76737	0.11571	0.00840	0.01054	0.00980	0.00762	0.00988	0.00671	0.00992	0.00510	0.00371	0.00375	0.00124	0.00494	0.00334	0.00169	0.00436
13	0.01005	0.01025	0.08815	0.03564	0.53413	0.02544	0.02892	0.16048	0.03191	0.01421	0.00754	0.00921	0.00600	0.00368	0.00386	0.00114	0.01797	0.00333	0.00222	0.00587
14	0.00577	0.00411	0.00552	0.00543	0.00588	0.00452	0.00390	0.00659	0.00626	0.03056	0.04541	0.07505	0.03024	0.31230	0.39268	0.00426	0.05099	0.00510	0.00236	0.00308
15	0.01104	0.00778	0.00865	0.00734	0.00959	0.00849	0.00584	0.20144	0.41288	0.14314	0.07324	0.01504	0.02549	0.02606	0.00425	0.00128	0.00319	0.02562	0.00390	0.00574
16	0.52554	0.00802	0.00902	0.01087	0.26292	0.02559	0.00667	0.01108	0.00713	0.01466	0.00582	0.00726	0.00475	0.00362	0.00340	0.00115	0.05687	0.00252	0.00213	0.03098

[dist]
# distance from previous block
# <min> <max>
0	1

[block]
# block no. 4 follows, 73 sequences, length 39
# corresponding to MSA columns:
# 351-389
name=unknown_E
#
# <colnr> <probs for GDERKNQSTAVLIFYWHMCP>
#	G	D	E	R	K	N	Q	S	T	A	V	L	I	F	Y	W	H	M	C	P
0	0.11634	0.45190	0.13138	0.00871	0.08501	0.05331	0.00776	0.06574	0.00836	0.01152	0.00586	0.00687	0.00492	0.00350	0.00306	0.00098	0.02554	0.00238	0.00187	0.00499
1	0.00777	0.00647	0.00719	0.00705	0.05184	0.00688	0.00516	0.06190	0.38798	0.02454	0.05973	0.02256	0.29082	0.00675	0.00409	0.00127	0.00273	0.03683	0.00361	0.00484
2	0.00802	0.00710	0.00789	0.00571	0.00900	0.03761	0.00455	0.00966	0.00789	0.01211	0.00663	0.00774	0.00553	0.00282	0.00280	0.00057	0.00293	0.00223	0.00221	0.85699
3	0.00460	0.00342	0.00430	0.00496	0.00544	0.00312	0.00343	0.00537	0.00758	0.00983	0.03696	0.64831	0.20080	0.01116	0.00472	0.00147	0.00215	0.03579	0.00349	0.00309
4	0.01649	0.00631	0.00860	0.00662	0.00946	0.00546	0.00546	0.01795	0.01073	0.82290	0.03912	0.01322	0.01005	0.00473	0.00379	0.00116	0.00315	0.00386	0.00463	0.00630
5	0.00531	0.00383	0.00501	0.00472	0.00560	0.00354	0.00354	0.00708	0.01062	0.01504	0.84277	0.02802	0.03540	0.00767	0.00442	0.00118	0.00177	0.00678	0.00413	0.00354
6	0.89465	0.00726	0.00551	0.00493	0.00726	0.00842	0.00406	0.01103	0.00638	0.01683	0.00522	0.00609	0.00406	0.00348	0.00232	0.00116	0.00290	0.00203	0.00232	0.00406
7	0.00546	0.00364	0.00409	0.00409	0.00409	0.00364	0.00227	0.00546	0.00546	0.00727	0.01182	0.02455	0.01364	0.86815	0.01910	0.00364	0.00364	0.00546	0.00227	0.00227
8	0.89465	0.00726	0.00551	0.00493	0.00726	0.00842	0.00406	0.01103	0.00638	0.01683	0.00522	0.00609	0.00406	0.00348	0.00232	0.00116	0.00290	0.00203	0.00232	0.00406
9	0.00518	0.00383	0.00484	0.00458	0.00553	0.00348	0.00344	0.00683	0.01031	0.01432	0.72363	0.02922	0.15499	0.00794	0.00443	0.00119	0.00179	0.00695	0.00403	0.00348
10	0.01420	0.01012	0.01096	0.00846	0.01141	0.01112	0.00697	0.74019	0.05581	0.07771	0.00969	0.00949	0.00681	0.00454	0.00376	0.00114	0.00401	0.00344	0.00381	0.00636
11	0.00959	0.00869	0.00898	0.00853	0.04982	0.05966	0.00632	0.01906	0.73527	0.01503	0.01414	0.01325	0.01069	0.00496	0.00393	0.00125	0.01737	0.00407	0.00358	0.00581
12	0.00743	0.00706	0.01204	0.70357	0.11664	0.00834	0.04425	0.00990	0.00768	0.01007	0.00675	0.00986	0.00515	0.00365	0.00374	0.00121	0.00492	0.00334	0.00172	0.03267
13	0.00815	0.06873	0.67150	0.01092	0.01602	0.00907	0.11140	0.01207	0.00811	0.03982	0.00702	0.00823	0.00502	0.00353	0.00361	0.00117	0.00547	0.00296	0.00173	0.00547
14	0.00828	0.02324	0.01237	0.01020	0.01052	0.01141	0.06523	0.00927	0.00599	0.00923	0.00511	0.00830	0.00498	0.00627	0.01159	0.00160	0.78719	0.00334	0.00166	0.00418
15	0.00543	0.00371	0.00443	0.00440	0.00457	0.00377	0.00270	0.00576	0.00597	0.00812	0.08178	0.02353	0.01491	0.68307	0.12947	0.00375	0.00434	0.00538	0.00239	0.00252
16	0.00737	0.12997	0.12557	0.00807	0.07307	0.04171	0.02731	0.00948	0.05698	0.03732	0.02364	0.36579	0.03709	0.00726	0.00396	0.00126	0.00343	0.00634	0.03013	0.00427
17	0.01010	0.12949	0.06924	0.00914	0.05043	0.03095	0.11062	0.11914	0.23851	0.07715	0.03061	0.01239	0.02844	0.06164	0.00469	0.00131	0.00404	0.00384	0.00293	0.00533
18	0.00520	0.00380	0.00485	0.00464	0.00552	0.00349	0.00345	0.00681	0.01017	0.01419	0.71436	0.06334	0.11239	0.02549	0.00474	0.00125	0.00184	0.00703	0.00400	0.00346
19	0.76146	0.00723	0.00606	0.00525	0.00766	0.00813	0.00432	0.03232	0.00722	0.12235	0.00653	0.00701	0.00478	0.00366	0.00254	0.00116	0.00297	0.00229	0.00265	0.00442
20	0.01193	0.02045	0.15542	0.01086	0.14529	0.00906	0.02834	0.27508	0.08117	0.17359	0.00975	0.00993	0.00693	0.00411	0.00368	0.00113	0.00415	0.00338	0.00312	0.04263
21	0.00924	0.04570	0.00815	0.00661	0.00824	0.05649	0.03129	0.10731	0.02714	0.15581	0.24150	0.16164	0.05953	0.00692	0.00451	0.00124	0.04365	0.01696	0.00358	0.00449
22	0.01602	0.00769	0.00952	0.00730	0.01023	0.00746	0.00603	0.27646	0.01293	0.58607	0.01296	0.01158	0.00837	0.00460	0.00377	0.00115	0.00349	0.00365	0.00436	0.00638
23	0.01005	0.81811	0.04774	0.00665	0.00991	0.03746	0.00670	0.01136	0.00772	0.00894	0.00528	0.00610	0.00481	0.00324	0.00247	0.00082	0.00414	0.00204	0.00161	0.00483
24	0.86519	0.00723	0.00562	0.00499	0.00733	0.00832	0.00411	0.01127	0.00653	0.04470	0.00555	0.00632	0.00424	0.00352	0.00237	0.00116	0.00291	0.00209	0.00240	0.00414
25	0.00593	0.00398	0.00518	0.00479	0.00581	0.00364	0.00362	0.00765	0.01054	0.06248	0.76213	0.02749	0.06728	0.00757	0.00439	0.00118	0.00186	0.00666	0.00413	0.00369
26	0.00561	0.00391	0.00507	0.00473	0.00570	0.00358	0.00357	0.00733	0.01053	0.03926	0.78055	0.02796	0.07267	0.00767	0.00441	0.00118	0.00182	0.00675	0.00411	0.00361
27	0.00448	0.00380	0.00386	0.00384	0.00509	0.00318	0.00288	0.00546	0.00865	0.01037	0.07590	0.03573	0.80518	0.00942	0.00443	0.00126	0.00189	0.00786	0.00351	0.00318
28	0.87020	0.00723	0.00560	0.00498	0.00732	0.00834	0.00410	0.01123	0.00651	0.03996	0.00549	0.00628	0.00421	0.00351	0.00236	0.00116	0.00291	0.00208	0.00239	0.00413
29	0.01426	0.01051	0.01126	0.00863	0.01163	0.01163	0.00713	0.83224	0.01764	0.02364	0.00901	0.00901	0.00638	0.00450	0.00375	0.00113	0.00413	0.00338	0.00375	0.00638
30	0.00910	0.00880	0.01466	0.07534	0.73692	0.02588	0.02162	0.01131	0.00844	0.01190	0.00711	0.00947	0.00597	0.00421	0.03230	0.00129	0.00475	0.00336	0.00185	0.00570
31	0.00460	0.00366	0.00409	0.00429	0.00519	0.00319	0.00308	0.00553	0.00832	0.01044	0.12281	0.25479	0.50775	0.03871	0.00502	0.00140	0.00202	0.00844	0.00352	0.00315
