[name]
unknown

[dist]
# distance from previous block
# <min> <max>
0	66

[block]
# block no. 0 follows, 52 sequences, length 12
# corresponding to MSA columns:
# 66-77
name=unknown_A
#
# <colnr> <probs for GDERKNQSTAVLIFYWHMCP>
#	G	D	E	R	K	N	Q	S	T	A	V	L	I	F	Y	W	H	M	C	P
0	0.01063	0.09674	0.06901	0.01027	0.07035	0.03959	0.03419	0.05116	0.01192	0.08647	0.12608	0.10140	0.12397	0.00866	0.00551	0.00160	0.02652	0.09893	0.02132	0.00567
1	0.01204	0.08026	0.02935	0.00883	0.01056	0.31391	0.00662	0.01377	0.05573	0.01201	0.03334	0.06766	0.03354	0.26897	0.01093	0.00242	0.00600	0.00548	0.02379	0.00477
2	0.06028	0.02870	0.05712	0.00906	0.04960	0.00775	0.02628	0.08934	0.03995	0.03603	0.15663	0.18369	0.07796	0.04153	0.00678	0.03648	0.02434	0.02178	0.04143	0.00528
3	0.06325	0.15021	0.16783	0.01192	0.06572	0.03806	0.08227	0.05567	0.05779	0.01591	0.01044	0.07131	0.00907	0.00533	0.00455	0.00134	0.02097	0.00439	0.00284	0.16114
4	0.00621	0.00444	0.00552	0.00618	0.00658	0.00417	0.00405	0.00697	0.00917	0.01213	0.06844	0.51584	0.10751	0.20709	0.01048	0.00256	0.00319	0.01155	0.00418	0.00375
5	0.00776	0.00560	0.00672	0.00645	0.00789	0.00532	0.00482	0.01083	0.09830	0.05511	0.38918	0.14743	0.21484	0.01065	0.00566	0.00163	0.00266	0.00926	0.00501	0.00489
6	0.01329	0.11786	0.17743	0.06840	0.13349	0.09497	0.04275	0.12157	0.03982	0.06177	0.01015	0.02533	0.00796	0.00524	0.00507	0.00146	0.04365	0.00413	0.01881	0.00686
7	0.00703	0.00476	0.00562	0.00562	0.00574	0.00488	0.00335	0.00726	0.00715	0.00964	0.01496	0.03001	0.01688	0.72330	0.13005	0.00511	0.00581	0.00680	0.00289	0.00312
8	0.00615	0.00454	0.00568	0.00644	0.00709	0.00419	0.00453	0.00719	0.00982	0.01276	0.05672	0.51246	0.19125	0.06896	0.00736	0.00209	0.00300	0.08137	0.00442	0.00397
9	0.03295	0.00559	0.00689	0.00774	0.05142	0.00530	0.00526	0.03025	0.03059	0.02914	0.10189	0.37352	0.24781	0.01222	0.00576	0.00177	0.00304	0.03979	0.00446	0.00460
10	0.01094	0.15942	0.34916	0.01300	0.05310	0.04060	0.08898	0.05327	0.03149	0.01517	0.01212	0.01542	0.04679	0.00660	0.03139	0.00170	0.00651	0.05516	0.00264	0.00655
11	0.01381	0.01517	0.01438	0.03610	0.09561	0.34460	0.08404	0.08467	0.01254	0.01425	0.01141	0.01491	0.04238	0.05219	0.08530	0.00224	0.04513	0.02268	0.00283	0.00577

[dist]
# distance from previous block
# <min> <max>
1	4

[block]
# block no. 1 follows, 52 sequences, length 20
# corresponding to MSA columns:
# 89-108
name=unknown_B
#
# <colnr> <probs for GDERKNQSTAVLIFYWHMCP>
#	G	D	E	R	K	N	Q	S	T	A	V	L	I	F	Y	W	H	M	C	P
0	0.00769	0.00826	0.12015	0.00822	0.01013	0.00618	0.02587	0.03854	0.04663	0.01521	0.11745	0.38421	0.08251	0.01127	0.00566	0.00177	0.00369	0.05866	0.04298	0.00494
1	0.08288	0.08766	0.05649	0.03580	0.06428	0.06891	0.08149	0.10966	0.03266	0.20012	0.01152	0.02698	0.00865	0.00571	0.00595	0.00154	0.10490	0.00436	0.00361	0.00684
2	0.01105	0.08398	0.09013	0.03171	0.02661	0.01004	0.02519	0.06386	0.14657	0.05047	0.04555	0.03132	0.02521	0.04593	0.06337	0.00197	0.04227	0.01771	0.00344	0.18361
3	0.00994	0.00861	0.01060	0.10603	0.01415	0.00698	0.00668	0.01222	0.01001	0.01538	0.00861	0.01040	0.00709	0.00374	0.00374	0.00083	0.00394	0.00305	0.00278	0.75522
4	0.00726	0.00562	0.00658	0.00640	0.00778	0.00543	0.00478	0.03936	0.07653	0.01595	0.26608	0.14653	0.29411	0.01290	0.05738	0.02548	0.00340	0.00917	0.00462	0.00463
5	0.01368	0.06060	0.01399	0.18192	0.03864	0.16827	0.03199	0.22003	0.01414	0.03446	0.01159	0.05451	0.00989	0.00768	0.04667	0.00181	0.00641	0.04162	0.03590	0.00619
6	0.75945	0.00886	0.00720	0.00655	0.00928	0.01028	0.00535	0.01356	0.00819	0.02046	0.00751	0.00923	0.00609	0.00838	0.10144	0.00227	0.00487	0.00294	0.00295	0.00514
7	0.01276	0.10988	0.10010	0.14260	0.10951	0.16945	0.10940	0.06629	0.02848	0.01492	0.00913	0.01134	0.00722	0.00490	0.00499	0.00143	0.03868	0.00402	0.04859	0.00631
8	0.00626	0.00477	0.00616	0.03277	0.02403	0.00446	0.00486	0.00744	0.01009	0.01320	0.10128	0.50327	0.19395	0.03853	0.00655	0.00192	0.00296	0.02894	0.00441	0.00413
9	0.02606	0.11168	0.10695	0.09793	0.07867	0.04965	0.03192	0.03084	0.02476	0.07809	0.06309	0.01408	0.01056	0.00796	0.03605	0.10472	0.04926	0.00434	0.05103	0.02238
10	0.01159	0.32849	0.04658	0.00958	0.05102	0.05904	0.02508	0.03913	0.09407	0.04360	0.06792	0.04356	0.14845	0.00672	0.00441	0.00136	0.00465	0.00533	0.00337	0.00605
11	0.00655	0.00491	0.00569	0.00587	0.00717	0.00432	0.00438	0.00794	0.01117	0.03699	0.15735	0.21355	0.44002	0.01243	0.00587	0.00173	0.00269	0.06243	0.00467	0.00428
12	0.06381	0.00839	0.04713	0.04516	0.06921	0.03026	0.00748	0.02272	0.02237	0.01321	0.01410	0.04551	0.05088	0.19367	0.14894	0.00340	0.13196	0.03070	0.04629	0.00480
13	0.06621	0.00942	0.01003	0.01940	0.03525	0.06036	0.00677	0.18133	0.08254	0.09781	0.10562	0.08394	0.07467	0.04630	0.00634	0.03339	0.00424	0.00606	0.01991	0.05042
14	0.00838	0.00580	0.00719	0.00721	0.00839	0.00566	0.00533	0.10274	0.01216	0.04534	0.17583	0.40420	0.09443	0.01235	0.00621	0.02400	0.00318	0.06216	0.00469	0.00475
15	0.00695	0.00489	0.00621	0.00621	0.00660	0.00518	0.00414	0.00765	0.00749	0.01024	0.01576	0.02754	0.04663	0.49886	0.31934	0.00574	0.00772	0.00648	0.00287	0.00351
16	0.01396	0.01168	0.01345	0.03412	0.09675	0.16287	0.08263	0.10105	0.01316	0.15050	0.07990	0.06437	0.05500	0.02376	0.02553	0.00172	0.03512	0.00564	0.02253	0.00627
17	0.05799	0.04530	0.11285	0.05268	0.13732	0.02752	0.01016	0.10357	0.07316	0.04804	0.01619	0.04659	0.05091	0.00852	0.03492	0.00188	0.00540	0.15711	0.00357	0.00630
18	0.03567	0.04938	0.04560	0.03345	0.04731	0.03906	0.04692	0.08478	0.03666	0.06710	0.03449	0.01906	0.04064	0.16308	0.17873	0.02978	0.03442	0.00527	0.00322	0.00536
19	0.03639	0.01041	0.02508	0.06879	0.02685	0.12526	0.05794	0.09909	0.01168	0.04081	0.01402	0.11525	0.01331	0.04998	0.05744	0.00215	0.07004	0.06978	0.10032	0.00543

[dist]
# distance from previous block
# <min> <max>
1	26

[block]
# block no. 2 follows, 52 sequences, length 12
# corresponding to MSA columns:
# 135-139,141-147
name=unknown_C
#
# <colnr> <probs for GDERKNQSTAVLIFYWHMCP>
#	G	D	E	R	K	N	Q	S	T	A	V	L	I	F	Y	W	H	M	C	P
0	0.03564	0.10222	0.04036	0.03131	0.07490	0.04556	0.04819	0.20586	0.21109	0.02003	0.01222	0.01277	0.00935	0.00525	0.00446	0.00137	0.00501	0.00424	0.03350	0.09667
1	0.00862	0.04624	0.00973	0.04525	0.04404	0.02628	0.03624	0.01033	0.05047	0.02536	0.01677	0.11704	0.06181	0.21373	0.14126	0.06762	0.03447	0.03713	0.00316	0.00445
2	0.05065	0.13997	0.23227	0.01178	0.04117	0.08450	0.05886	0.06109	0.06130	0.10897	0.01168	0.04900	0.00941	0.00610	0.01844	0.00156	0.00597	0.02245	0.00318	0.02164
3	0.04230	0.14935	0.21973	0.06046	0.08775	0.03793	0.07699	0.03374	0.11775	0.09316	0.02826	0.01254	0.00906	0.00503	0.00452	0.00146	0.00579	0.00418	0.00309	0.00692
4	0.00693	0.00466	0.00538	0.00546	0.00555	0.00462	0.00317	0.00712	0.00758	0.01016	0.05385	0.10835	0.02035	0.71206	0.02198	0.00428	0.00440	0.00778	0.00320	0.00311
5	0.00850	0.03512	0.00959	0.06919	0.04916	0.00712	0.03134	0.03587	0.02687	0.01382	0.10722	0.10799	0.14072	0.01216	0.05161	0.16050	0.04902	0.03868	0.04102	0.00452
6	0.05166	0.18432	0.09970	0.09462	0.11161	0.15706	0.05701	0.11360	0.01223	0.01563	0.00839	0.01030	0.00675	0.00510	0.00503	0.02177	0.03250	0.00368	0.00262	0.00641
7	0.01052	0.30506	0.07903	0.00905	0.02636	0.01134	0.03798	0.01279	0.03012	0.05564	0.02779	0.08946	0.03222	0.05504	0.14038	0.00262	0.00619	0.02959	0.03323	0.00559
8	0.00597	0.00441	0.00558	0.00635	0.00696	0.00403	0.00436	0.00702	0.01003	0.01320	0.10659	0.60912	0.17036	0.01414	0.00606	0.00186	0.00270	0.01265	0.00458	0.00403
9	0.04290	0.04969	0.01399	0.06400	0.09056	0.12279	0.10981	0.03963	0.02934	0.03043	0.10425	0.05826	0.07635	0.00739	0.00574	0.00159	0.05229	0.07509	0.02023	0.00566
10	0.01135	0.10916	0.17123	0.04495	0.06544	0.03617	0.11799	0.05212	0.08049	0.06295	0.06865	0.07432	0.04167	0.01750	0.02339	0.00170	0.00571	0.00553	0.00330	0.00639
11	0.00615	0.00474	0.00531	0.00557	0.00654	0.00425	0.00388	0.00714	0.01000	0.01258	0.07653	0.21590	0.40986	0.17571	0.00963	0.00233	0.00303	0.03275	0.00423	0.00386

[dist]
# distance from previous block
# <min> <max>
0	4

[block]
# block no. 3 follows, 52 sequences, length 9
# corresponding to MSA columns:
# 152-155,163-167
name=unknown_D
#
# <colnr> <probs for GDERKNQSTAVLIFYWHMCP>
#	G	D	E	R	K	N	Q	S	T	A	V	L	I	F	Y	W	H	M	C	P
0	0.01429	0.04507	0.06553	0.01136	0.05763	0.13891	0.05254	0.14543	0.01377	0.15416	0.06181	0.01807	0.11381	0.00714	0.01955	0.00160	0.04853	0.00524	0.01909	0.00649
1	0.04319	0.12091	0.20101	0.05062	0.05584	0.12389	0.06284	0.03644	0.04008	0.05342	0.04358	0.03612	0.03311	0.02981	0.02062	0.00168	0.02214	0.01556	0.00292	0.00622
2	0.00731	0.00520	0.00602	0.00597	0.00738	0.00470	0.00441	0.00929	0.04567	0.06113	0.19713	0.20570	0.37635	0.01160	0.00567	0.00166	0.00265	0.01000	0.02760	0.00457
3	0.12263	0.10254	0.01240	0.00869	0.01186	0.01191	0.00723	0.31170	0.07963	0.10589	0.05380	0.01393	0.01111	0.00574	0.00428	0.00139	0.00429	0.00434	0.11975	0.00689
4	0.20133	0.02765	0.03776	0.02810	0.04857	0.08139	0.05051	0.04692	0.03419	0.03612	0.00875	0.01022	0.00698	0.00455	0.00453	0.00123	0.04786	0.00337	0.00294	0.31704
5	0.40701	0.05568	0.01156	0.08085	0.04896	0.13097	0.04274	0.05116	0.01023	0.01773	0.00831	0.01064	0.00683	0.03405	0.04344	0.00185	0.00562	0.00347	0.02335	0.00554
6	0.01445	0.08021	0.01101	0.00790	0.01073	0.00973	0.00651	0.26984	0.01523	0.16528	0.04799	0.01794	0.07967	0.00638	0.00442	0.00136	0.00389	0.00503	0.23591	0.00655
7	0.00629	0.00575	0.04765	0.00629	0.00757	0.00456	0.00488	0.00770	0.01045	0.01353	0.12943	0.30489	0.32568	0.07201	0.00723	0.00197	0.00302	0.03255	0.00436	0.00419
8	0.07230	0.03851	0.15086	0.01161	0.05988	0.06506	0.09005	0.08061	0.03149	0.01639	0.10058	0.07441	0.05957	0.06635	0.03172	0.00197	0.03373	0.00582	0.00329	0.00582

[dist]
# distance from previous block
# <min> <max>
4	18

[block]
# block no. 4 follows, 52 sequences, length 24
# corresponding to MSA columns:
# 193-216
name=unknown_E
#
# <colnr> <probs for GDERKNQSTAVLIFYWHMCP>
#	G	D	E	R	K	N	Q	S	T	A	V	L	I	F	Y	W	H	M	C	P
0	0.17982	0.19825	0.10118	0.05975	0.04484	0.04919	0.03599	0.02674	0.04465	0.03343	0.01047	0.06167	0.00951	0.07277	0.00595	0.00169	0.01864	0.01527	0.00284	0.02736
1	0.01171	0.08151	0.15763	0.05160	0.08327	0.08835	0.05292	0.01437	0.01094	0.07549	0.07694	0.01397	0.01094	0.03907	0.00576	0.01907	0.01893	0.00424	0.00295	0.18034
2	0.01022	0.04529	0.04581	0.14684	0.16403	0.00960	0.04508	0.05492	0.09943	0.03407	0.06511	0.06062	0.11821	0.02105	0.03440	0.00182	0.00509	0.00604	0.02630	0.00606
3	0.00644	0.00500	0.00575	0.00604	0.00717	0.00454	0.00433	0.04098	0.01103	0.01405	0.09636	0.37036	0.38439	0.01302	0.00588	0.00176	0.00272	0.01134	0.00458	0.00425
4	0.01120	0.06124	0.23323	0.01064	0.05003	0.02407	0.01004	0.10708	0.09660	0.06610	0.18230	0.02058	0.09272	0.00688	0.00495	0.00150	0.00476	0.00567	0.00390	0.00651
5	0.00809	0.02552	0.00762	0.00704	0.00762	0.02319	0.00506	0.02471	0.00822	0.01126	0.05860	0.06415	0.01502	0.22056	0.23499	0.20197	0.04736	0.00590	0.01944	0.00367
6	0.00628	0.00539	0.00649	0.00612	0.00767	0.00484	0.03686	0.00771	0.01110	0.01382	0.13138	0.10934	0.58445	0.01177	0.00611	0.00167	0.03032	0.00997	0.00443	0.00428
7	0.03402	0.34405	0.04475	0.01116	0.04474	0.29200	0.00927	0.05947	0.01170	0.01316	0.00762	0.00939	0.00667	0.02548	0.00527	0.00135	0.06822	0.00321	0.00244	0.00604
8	0.02189	0.02931	0.10563	0.05276	0.03778	0.00741	0.02901	0.02889	0.07219	0.01635	0.26857	0.04250	0.14277	0.04284	0.03245	0.02485	0.00420	0.00695	0.02840	0.00524
9	0.03371	0.06556	0.07812	0.00970	0.02855	0.02275	0.08884	0.01295	0.08808	0.05316	0.09401	0.09109	0.07600	0.09649	0.10331	0.00263	0.00565	0.02360	0.00356	0.02221
10	0.07530	0.07292	0.01257	0.10103	0.05936	0.08725	0.00827	0.09402	0.11384	0.13165	0.01554	0.04514	0.06990	0.00622	0.00459	0.00144	0.00485	0.01712	0.00381	0.07517
11	0.00600	0.00440	0.00564	0.00643	0.00699	0.00404	0.00440	0.00708	0.01007	0.01337	0.12845	0.62638	0.13063	0.01414	0.00607	0.00187	0.00270	0.01268	0.00461	0.00404
12	0.06477	0.06127	0.06494	0.10543	0.30163	0.02676	0.05116	0.02967	0.01061	0.05818	0.02398	0.07134	0.00988	0.00677	0.03240	0.00175	0.06525	0.00493	0.00281	0.00649
13	0.00771	0.00637	0.02967	0.02566	0.00907	0.00575	0.00562	0.05766	0.04237	0.03435	0.05972	0.18850	0.37199	0.01273	0.04092	0.00201	0.00369	0.08707	0.00439	0.00475
14	0.00622	0.00448	0.00583	0.00672	0.00721	0.00420	0.00469	0.00727	0.00973	0.01291	0.07742	0.59884	0.07956	0.06496	0.00732	0.00211	0.00304	0.08905	0.00445	0.00398
15	0.00936	0.00912	0.03008	0.08126	0.10186	0.04379	0.13971	0.01157	0.00983	0.02358	0.03470	0.14305	0.04447	0.02845	0.17239	0.00302	0.08867	0.01680	0.00297	0.00534
16	0.04921	0.15326	0.16781	0.03553	0.10378	0.16867	0.02420	0.06369	0.01138	0.01478	0.00976	0.06505	0.00862	0.00672	0.03432	0.00165	0.04402	0.00427	0.02709	0.00620
17	0.00999	0.00948	0.04829	0.29412	0.12863	0.00966	0.06877	0.07181	0.04640	0.01603	0.08839	0.06381	0.04815	0.00649	0.00506	0.00158	0.00526	0.02257	0.04960	0.00590
18	0.00747	0.00549	0.00691	0.00698	0.00783	0.00555	0.00505	0.03028	0.02666	0.02724	0.14759	0.37248	0.09345	0.09196	0.02171	0.00216	0.05873	0.02793	0.02974	0.02479
19	0.03135	0.04703	0.04663	0.06061	0.09813	0.07954	0.04557	0.07842	0.06400	0.01610	0.11944	0.05175	0.07815	0.02684	0.04326	0.00194	0.07905	0.02293	0.00344	0.00581
20	0.20313	0.04860	0.02988	0.05002	0.04568	0.07876	0.05550	0.09892	0.04376	0.02923	0.01103	0.01512	0.00937	0.00554	0.00428	0.00140	0.00497	0.07971	0.03700	0.14811
21	0.15941	0.03921	0.01303	0.09368	0.16471	0.02920	0.04588	0.07524	0.02971	0.07276	0.03750	0.08363	0.01191	0.04121	0.02386	0.00179	0.00508	0.02641	0.00336	0.04241
22	0.04285	0.02466	0.06529	0.03740	0.05494	0.06171	0.11274	0.12725	0.04198	0.08600	0.04590	0.01583	0.01103	0.02134	0.07985	0.00211	0.03950	0.03790	0.00344	0.08827
23	0.05499	0.05097	0.06584	0.06153	0.03056	0.03606	0.02635	0.10647	0.05828	0.04885	0.04226	0.07901	0.10719	0.04412	0.10885	0.00242	0.00570	0.00587	0.00356	0.06113

[dist]
# distance from previous block
# <min> <max>
14	82

[block]
# block no. 5 follows, 52 sequences, length 54
# corresponding to MSA columns:
# 366-419
name=unknown_F
#
# <colnr> <probs for GDERKNQSTAVLIFYWHMCP>
#	G	D	E	R	K	N	Q	S	T	A	V	L	I	F	Y	W	H	M	C	P
0	0.02651	0.12874	0.11547	0.04064	0.02889	0.07575	0.02462	0.10412	0.05465	0.08251	0.02982	0.13859	0.03473	0.00852	0.03891	0.02557	0.00544	0.00570	0.00350	0.02732
1	0.02938	0.06467	0.09666	0.01047	0.05099	0.09657	0.03962	0.08614	0.05939	0.12205	0.03016	0.11890	0.10590	0.02322	0.02505	0.00173	0.00515	0.00619	0.02159	0.00616
2	0.03299	0.07582	0.15729	0.02846	0.06934	0.10259	0.03433	0.07282	0.08877	0.09051	0.06374	0.10989	0.03924	0.00682	0.00485	0.00152	0.00531	0.00567	0.00360	0.00644
3	0.01192	0.03558	0.02989	0.04718	0.06187	0.07742	0.05331	0.13541	0.16853	0.01787	0.04587	0.10342	0.04542	0.00697	0.00543	0.00151	0.04490	0.00580	0.02583	0.07586
4	0.05132	0.02300	0.06844	0.00911	0.03499	0.06369	0.01730	0.07246	0.06439	0.06212	0.08878	0.11515	0.05566	0.00751	0.00544	0.04615	0.00430	0.00575	0.00371	0.20074
5	0.03623	0.03930	0.05066	0.08698	0.01392	0.23580	0.00816	0.06695	0.08628	0.03190	0.07232	0.09969	0.03595	0.08180	0.00675	0.00178	0.01623	0.00566	0.00342	0.02022
6	0.07319	0.07970	0.06349	0.08157	0.20176	0.05992	0.06834	0.10061	0.02990	0.08104	0.02311	0.01275	0.00861	0.00577	0.02099	0.00159	0.03866	0.01572	0.00309	0.03020
7	0.03175	0.07134	0.05673	0.02119	0.04919	0.05589	0.11272	0.07892	0.03514	0.03105	0.04198	0.10749	0.06642	0.06133	0.03630	0.00197	0.05190	0.01666	0.02164	0.05038
8	0.02580	0.19556	0.05197	0.03610	0.02064	0.04640	0.02227	0.03431	0.07220	0.03226	0.03551	0.21423	0.05059	0.03371	0.03541	0.00182	0.00466	0.00675	0.07438	0.00543
9	0.00842	0.03258	0.00897	0.00878	0.04382	0.00646	0.02908	0.06837	0.01057	0.03613	0.04644	0.42025	0.02307	0.04923	0.11577	0.00271	0.00495	0.04382	0.00398	0.03663
10	0.03004	0.11261	0.13667	0.02395	0.07611	0.08324	0.07667	0.11186	0.07659	0.09513	0.01351	0.05571	0.04517	0.00583	0.00467	0.00144	0.00560	0.00484	0.00342	0.03694
11	0.01038	0.00933	0.01513	0.25155	0.16956	0.01019	0.10384	0.03273	0.07956	0.03683	0.05205	0.05463	0.04012	0.03427	0.00642	0.00175	0.05000	0.03251	0.00311	0.00604
12	0.00618	0.00445	0.00573	0.00659	0.00717	0.00413	0.00462	0.00730	0.00995	0.01326	0.08238	0.60557	0.11765	0.01409	0.00606	0.00190	0.00284	0.06761	0.02846	0.00405
13	0.01188	0.11056	0.21232	0.07031	0.07290	0.16398	0.09623	0.03403	0.03302	0.01410	0.02426	0.03376	0.02542	0.02626	0.02558	0.02550	0.00676	0.00443	0.00257	0.00613
14	0.03152	0.05944	0.12840	0.02520	0.14234	0.10534	0.10857	0.11360	0.05143	0.06953	0.01075	0.03792	0.00861	0.00618	0.02386	0.00166	0.06120	0.00454	0.00309	0.00681
15	0.00768	0.00598	0.00692	0.00708	0.00813	0.02985	0.01758	0.02561	0.07251	0.03147	0.04805	0.39871	0.17106	0.10807	0.00805	0.00215	0.00345	0.03889	0.00432	0.00447
16	0.00588	0.00432	0.00552	0.00647	0.00696	0.00396	0.00438	0.00678	0.00954	0.01248	0.03008	0.70911	0.14729	0.01474	0.00612	0.00192	0.00276	0.01324	0.00450	0.00396
17	0.04264	0.07677	0.07498	0.07913	0.05661	0.17829	0.04647	0.17240	0.07989	0.11234	0.01103	0.01181	0.00817	0.00529	0.00482	0.00144	0.02344	0.00407	0.00350	0.00691
18	0.01051	0.01098	0.10453	0.08846	0.17277	0.00998	0.05533	0.03064	0.19354	0.03351	0.09092	0.03782	0.03329	0.00848	0.06529	0.00203	0.01697	0.00549	0.02294	0.00652
19	0.01087	0.02763	0.16310	0.05204	0.24135	0.04224	0.03250	0.01448	0.04687	0.01572	0.03937	0.01232	0.00899	0.00456	0.00440	0.00126	0.00531	0.00395	0.02364	0.24938
20	0.01146	0.00937	0.01030	0.00863	0.01167	0.00957	0.00676	0.12633	0.32938	0.01944	0.03202	0.08585	0.04138	0.00659	0.00465	0.00136	0.00377	0.00549	0.02367	0.25230
21	0.08934	0.00893	0.01184	0.00957	0.02880	0.00843	0.04207	0.05864	0.07162	0.56246	0.03217	0.01645	0.01209	0.00599	0.00481	0.00153	0.00432	0.01789	0.00534	0.00773
22	0.03352	0.01038	0.01238	0.10486	0.05193	0.01131	0.00861	0.38796	0.03785	0.08649	0.01365	0.04832	0.01154	0.11220	0.00750	0.00196	0.00509	0.04351	0.00419	0.00676
23	0.00969	0.00874	0.03179	0.02917	0.03811	0.03753	0.00720	0.04580	0.20463	0.01546	0.11069	0.02203	0.05518	0.13638	0.14466	0.00314	0.08471	0.00593	0.00367	0.00549
24	0.01075	0.01086	0.07938	0.13142	0.11536	0.01021	0.14663	0.07857	0.06471	0.04178	0.09830	0.04355	0.08816	0.00663	0.00581	0.00161	0.05070	0.00593	0.00340	0.00625
25	0.00590	0.00422	0.00562	0.00675	0.00703	0.00394	0.00450	0.00675	0.00928	0.01237	0.02671	0.82653	0.03205	0.01518	0.00619	0.00197	0.00281	0.01378	0.00450	0.00394
26	0.30810	0.01056	0.01089	0.00899	0.01204	0.05706	0.02474	0.15231	0.04850	0.20812	0.01166	0.01210	0.00844	0.00748	0.05729	0.00193	0.04523	0.00395	0.00402	0.00660
27	0.01043	0.00960	0.01618	0.34396	0.32969	0.01044	0.04944	0.01328	0.01052	0.03602	0.02941	0.03732	0.05199	0.00552	0.00524	0.00156	0.02540	0.00508	0.00263	0.00629
28	0.01061	0.04202	0.62992	0.01488	0.05560	0.01155	0.09643	0.03461	0.01079	0.03605	0.00913	0.01074	0.00654	0.00459	0.00471	0.00153	0.00703	0.00386	0.00228	0.00715
29	0.01012	0.00976	0.01579	0.56754	0.18649	0.03652	0.03946	0.01317	0.01011	0.01329	0.00885	0.01268	0.00687	0.00482	0.00506	0.00157	0.02451	0.00432	0.02319	0.00587
30	0.01693	0.00733	0.00966	0.00792	0.01079	0.00652	0.00633	0.04677	0.01334	0.53345	0.09481	0.12281	0.06640	0.00791	0.00514	0.00156	0.00368	0.00667	0.02497	0.00701
31	0.01166	0.01136	0.04713	0.20316	0.34140	0.01130	0.14322	0.07786	0.01190	0.03385	0.03718	0.01406	0.00915	0.00494	0.00503	0.00154	0.00616	0.01951	0.00276	0.00683
32	0.00911	0.01002	0.10949	0.05611	0.12538	0.02503	0.05397	0.05291	0.01066	0.01459	0.05132	0.27853	0.04292	0.03086	0.04334	0.00207	0.05635	0.01847	0.00339	0.00549
33	0.01057	0.00939	0.01125	0.04451	0.10006	0.04676	0.03139	0.02814	0.29694	0.03268	0.02140	0.07747	0.14549	0.06586	0.00717	0.00186	0.05239	0.00658	0.00396	0.00613
34	0.02906	0.01005	0.04736	0.00921	0.01196	0.01042	0.00746	0.02168	0.56293	0.04625	0.07123	0.04574	0.04826	0.02387	0.00536	0.00167	0.00382	0.00594	0.00468	0.03305
35	0.01130	0.00996	0.04626	0.06326	0.08695	0.03593	0.00804	0.04930	0.05982	0.07070	0.05072	0.05851	0.02569	0.00547	0.00455	0.00119	0.01589	0.00456	0.00340	0.38852
36	0.00969	0.00998	0.07643	0.09253	0.19584	0.00933	0.06276	0.04339	0.01114	0.01562	0.15696	0.03996	0.05719	0.04652	0.02871	0.00190	0.08341	0.01998	0.00321	0.03544
37	0.01502	0.01230	0.06587	0.01639	0.22731	0.03180	0.03555	0.12886	0.04745	0.15123	0.03894	0.01989	0.08905	0.00812	0.02631	0.00198	0.05111	0.02076	0.00430	0.00776
38	0.03179	0.03431	0.15302	0.01076	0.07360	0.05989	0.00918	0.06240	0.01137	0.06349	0.00932	0.01052	0.00726	0.00423	0.00404	0.00107	0.00490	0.00332	0.00296	0.44256
39	0.00697	0.00487	0.00610	0.00609	0.00645	0.00511	0.00399	0.00762	0.00759	0.01039	0.03884	0.02825	0.03859	0.53109	0.27237	0.00550	0.00719	0.00660	0.00294	0.00346
40	0.00687	0.00567	0.00668	0.00646	0.00778	0.00560	0.00489	0.00859	0.03706	0.01315	0.07034	0.09898	0.40128	0.07125	0.11424	0.00269	0.06252	0.02741	0.00395	0.04459
41	0.01169	0.03342	0.13404	0.01121	0.05671	0.04930	0.03955	0.10387	0.02694	0.01687	0.00898	0.01057	0.00719	0.00462	0.00515	0.00118	0.07486	0.00352	0.00287	0.39746
42	0.00866	0.00690	0.00779	0.03152	0.02544	0.03206	0.00567	0.03627	0.12259	0.03917	0.32553	0.04331	0.23907	0.00948	0.00545	0.00158	0.00316	0.02700	0.02415	0.00521
43	0.00903	0.00452	0.00452	0.00452	0.00565	0.00452	0.00339	0.01129	0.01016	0.01807	0.01581	0.01807	0.01242	0.00565	0.00339	0.00113	0.00226	0.00452	0.85659	0.00452
44	0.09409	0.08965	0.07021	0.04820	0.06176	0.22853	0.04461	0.13626	0.07533	0.06722	0.01030	0.01165	0.00797	0.00525	0.00460	0.00142	0.01774	0.01534	0.00325	0.00661
45	0.01483	0.40469	0.03814	0.01015	0.01355	0.29663	0.00887	0.08190	0.01233	0.01348	0.02528	0.00949	0.00744	0.00567	0.02615	0.00137	0.01819	0.00319	0.00255	0.00610
46	0.03272	0.09878	0.03660	0.06903	0.07657	0.01125	0.04667	0.13719	0.06164	0.01729	0.04580	0.07368	0.01127	0.00679	0.02496	0.00156	0.07665	0.00487	0.00326	0.16340
47	0.01330	0.05435	0.17198	0.04331	0.14947	0.15561	0.10643	0.09726	0.06232	0.03528	0.00998	0.02184	0.00784	0.00516	0.00528	0.00149	0.04517	0.00426	0.00285	0.00683
48	0.01101	0.01124	0.01494	0.01323	0.03685	0.05379	0.01067	0.01214	0.00784	0.01180	0.00650	0.01055	0.00640	0.00818	0.01500	0.00206	0.75607	0.00419	0.00215	0.00539
49	0.04505	0.01041	0.01100	0.03308	0.01246	0.06501	0.00727	0.27130	0.07013	0.19854	0.04327	0.01818	0.06802	0.07197	0.00636	0.00173	0.00464	0.00520	0.04959	0.00679
50	0.01306	0.01241	0.04054	0.04979	0.10141	0.05838	0.17639	0.23127	0.05064	0.01914	0.02795	0.06696	0.01092	0.00642	0.00621	0.00162	0.08247	0.03426	0.00345	0.00671
51	0.00778	0.03239	0.00810	0.00789	0.03574	0.00638	0.00580	0.02575	0.02832	0.03343	0.14926	0.23994	0.23076	0.01215	0.02866	0.00193	0.06846	0.06826	0.00429	0.00472
52	0.00707	0.00515	0.00643	0.00708	0.00775	0.00504	0.00489	0.06907	0.02981	0.01398	0.02588	0.69873	0.05599	0.03026	0.00640	0.00196	0.00306	0.01256	0.00451	0.00436
53	0.04543	0.00999	0.01205	0.00998	0.03246	0.01009	0.00799	0.29783	0.03137	0.37209	0.01655	0.04550	0.01232	0.00676	0.00499	0.00156	0.00457	0.06559	0.00520	0.00767

[dist]
# distance from previous block
# <min> <max>
0	50

[block]
# block no. 6 follows, 52 sequences, length 19
# corresponding to MSA columns:
# 500-518
name=unknown_G
#
# <colnr> <probs for GDERKNQSTAVLIFYWHMCP>
#	G	D	E	R	K	N	Q	S	T	A	V	L	I	F	Y	W	H	M	C	P
0	0.26971	0.20358	0.23343	0.02316	0.04836	0.01289	0.06113	0.01503	0.04154	0.01667	0.02912	0.01026	0.00744	0.00464	0.00390	0.00142	0.00540	0.00346	0.00259	0.00627
1	0.00742	0.00755	0.09390	0.00704	0.00865	0.02364	0.00580	0.00935	0.03310	0.03036	0.14369	0.25264	0.19328	0.15095	0.00889	0.00221	0.00365	0.00930	0.00409	0.00449
2	0.00924	0.00754	0.03037	0.03112	0.03272	0.00710	0.03468	0.03745	0.05375	0.03152	0.15632	0.12386	0.15012	0.08413	0.17048	0.00336	0.00599	0.02049	0.00429	0.00546
3	0.01294	0.02788	0.19843	0.05706	0.17840	0.11108	0.20597	0.04083	0.01174	0.07850	0.00976	0.01176	0.00733	0.00470	0.00514	0.00151	0.02302	0.00437	0.00269	0.00690
4	0.00903	0.00452	0.00452	0.00452	0.00565	0.00452	0.00339	0.01129	0.01016	0.01807	0.01581	0.01807	0.01242	0.00565	0.00339	0.00113	0.00226	0.00452	0.85659	0.00452
5	0.01047	0.00720	0.00913	0.00809	0.00979	0.00728	0.03423	0.16166	0.01313	0.08852	0.17518	0.23341	0.07006	0.10284	0.00806	0.00202	0.02844	0.02061	0.00454	0.00534
6	0.01234	0.01301	0.06230	0.03512	0.14597	0.07257	0.29363	0.14387	0.01297	0.01722	0.01177	0.10799	0.01045	0.01987	0.00576	0.00163	0.01805	0.00586	0.00307	0.00656
7	0.01496	0.02916	0.08762	0.03757	0.05870	0.15828	0.07405	0.28289	0.14100	0.02051	0.01126	0.01209	0.00848	0.00550	0.00520	0.00149	0.03611	0.00432	0.00362	0.00717
8	0.01249	0.01275	0.01815	0.06092	0.57767	0.11329	0.01363	0.01497	0.01091	0.01471	0.00858	0.01147	0.00729	0.00489	0.00599	0.00150	0.09722	0.00416	0.00237	0.00705
9	0.00749	0.07421	0.00848	0.00776	0.06800	0.00663	0.00550	0.00998	0.07094	0.01442	0.11576	0.03790	0.50059	0.01037	0.00542	0.00159	0.00311	0.04271	0.00426	0.00488
10	0.01056	0.01044	0.01445	0.01226	0.01262	0.01415	0.01020	0.01171	0.00764	0.01200	0.00655	0.01056	0.00643	0.00808	0.01489	0.00200	0.75334	0.00413	0.00218	0.07582
11	0.00759	0.00582	0.00673	0.00661	0.00697	0.03915	0.00442	0.00821	0.00757	0.01014	0.01394	0.02616	0.01508	0.52466	0.26365	0.00541	0.03534	0.00622	0.00279	0.00355
12	0.00641	0.00511	0.00630	0.00651	0.00738	0.00500	0.00475	0.00766	0.01052	0.01383	0.17229	0.35746	0.28582	0.01271	0.00675	0.00179	0.07014	0.01090	0.00445	0.00422
13	0.01046	0.00886	0.01027	0.00737	0.01166	0.00688	0.00591	0.05011	0.01067	0.01652	0.00876	0.01013	0.00723	0.00370	0.00365	0.00075	0.00367	0.00294	0.00297	0.81748
14	0.01212	0.01405	0.00961	0.00918	0.01106	0.41125	0.00688	0.01336	0.01220	0.01246	0.02412	0.11996	0.26409	0.00900	0.00515	0.00151	0.00578	0.04985	0.00349	0.00486
15	0.00654	0.00509	0.00645	0.00731	0.04040	0.00478	0.00498	0.02307	0.01039	0.01353	0.08212	0.39233	0.27223	0.01498	0.07235	0.00229	0.00372	0.02882	0.00432	0.00431
16	0.01166	0.01177	0.01655	0.01993	0.37489	0.10720	0.09800	0.01517	0.08526	0.01503	0.03583	0.01585	0.04636	0.04180	0.05739	0.00203	0.03082	0.00501	0.00287	0.00656
17	0.06216	0.01207	0.01188	0.01052	0.07241	0.14439	0.00766	0.10494	0.09209	0.03915	0.01013	0.01103	0.00798	0.00456	0.00410	0.00111	0.00487	0.00350	0.00331	0.39213
18	0.01243	0.01349	0.01980	0.01572	0.03672	0.13781	0.32717	0.04394	0.07562	0.01507	0.03805	0.01294	0.00898	0.00582	0.00796	0.00168	0.21289	0.00495	0.00277	0.00619

[dist]
# distance from previous block
# <min> <max>
1	3

[block]
# block no. 7 follows, 52 sequences, length 14
# corresponding to MSA columns:
# 542-555
name=unknown_H
#
# <colnr> <probs for GDERKNQSTAVLIFYWHMCP>
#	G	D	E	R	K	N	Q	S	T	A	V	L	I	F	Y	W	H	M	C	P
0	0.00915	0.00743	0.01066	0.30426	0.04584	0.00798	0.00882	0.02409	0.05201	0.03469	0.11274	0.22117	0.06718	0.00920	0.00560	0.00178	0.00458	0.03374	0.00386	0.03521
1	0.03915	0.01011	0.01085	0.00969	0.02618	0.08309	0.00749	0.25385	0.06449	0.04040	0.01250	0.01570	0.01047	0.05280	0.33614	0.00419	0.00858	0.00473	0.00356	0.00603
2	0.00658	0.00477	0.00616	0.00695	0.00752	0.00449	0.00474	0.03950	0.00987	0.01326	0.02543	0.76306	0.03016	0.01437	0.00604	0.00190	0.00295	0.01299	0.00445	0.03481
3	0.56298	0.00910	0.00815	0.00666	0.01012	0.00932	0.00542	0.01353	0.00888	0.01964	0.00741	0.00864	0.00593	0.00418	0.00321	0.00122	0.00369	0.00271	0.00295	0.30626
4	0.01190	0.49800	0.02093	0.29391	0.01996	0.05940	0.01017	0.01402	0.01000	0.01177	0.00744	0.00964	0.00631	0.00444	0.00379	0.00125	0.00583	0.00322	0.00212	0.00589
5	0.00908	0.00596	0.00805	0.29124	0.01542	0.00672	0.00694	0.01168	0.01000	0.01606	0.01327	0.01625	0.01032	0.00536	0.00390	0.00130	0.00374	0.00444	0.55545	0.00482
6	0.01401	0.01028	0.01140	0.00960	0.01221	0.01112	0.00755	0.50961	0.01802	0.02414	0.01695	0.29884	0.01663	0.00912	0.00532	0.00164	0.00444	0.00768	0.00472	0.00672
7	0.00697	0.00502	0.00691	0.00691	0.00747	0.00558	0.00496	0.00809	0.00753	0.01060	0.01379	0.02350	0.01405	0.31596	0.53353	0.00670	0.01006	0.00585	0.00272	0.00384
8	0.00756	0.00647	0.00887	0.00885	0.00904	0.00778	0.00665	0.00848	0.00862	0.01212	0.01954	0.53896	0.02300	0.01282	0.00961	0.00202	0.29112	0.01042	0.00366	0.00442
9	0.01264	0.54283	0.02031	0.00885	0.01250	0.01667	0.00807	0.01847	0.28506	0.01453	0.01131	0.01141	0.00924	0.00500	0.00375	0.00125	0.00471	0.00361	0.00308	0.00673
10	0.00989	0.00823	0.00908	0.00876	0.01064	0.00919	0.00655	0.01905	0.51530	0.01749	0.02219	0.30301	0.02088	0.00961	0.00537	0.00176	0.00347	0.00840	0.00478	0.00635
11	0.00787	0.00466	0.00466	0.00466	0.00596	0.00437	0.00349	0.00976	0.01047	0.01631	0.02754	0.02814	0.28912	0.00798	0.00421	0.00131	0.00233	0.00653	0.55628	0.00437
12	0.01060	0.01060	0.01484	0.01272	0.01272	0.01484	0.01060	0.01166	0.00742	0.01166	0.00636	0.01060	0.00636	0.00848	0.01590	0.00212	0.82082	0.00424	0.00212	0.00530
13	0.01233	0.30090	0.02169	0.02218	0.52208	0.01421	0.01255	0.01474	0.01062	0.01427	0.00828	0.01051	0.00716	0.00426	0.00420	0.00130	0.00555	0.00371	0.00228	0.00716

[dist]
# distance from previous block
# <min> <max>
0	6

[block]
# block no. 8 follows, 52 sequences, length 17
# corresponding to MSA columns:
# 562-578
name=unknown_I
#
# <colnr> <probs for GDERKNQSTAVLIFYWHMCP>
#	G	D	E	R	K	N	Q	S	T	A	V	L	I	F	Y	W	H	M	C	P
0	0.01511	0.01200	0.01242	0.01027	0.01342	0.04477	0.00825	0.40437	0.30233	0.02487	0.04426	0.01589	0.01250	0.00636	0.00488	0.00152	0.00468	0.02040	0.03411	0.00759
1	0.00903	0.00452	0.00452	0.00452	0.00565	0.00452	0.00339	0.01129	0.01016	0.01807	0.01581	0.01807	0.01242	0.00565	0.00339	0.00113	0.00226	0.00452	0.85659	0.00452
2	0.00942	0.00888	0.01501	0.74441	0.10494	0.01084	0.01359	0.01261	0.00982	0.01270	0.00866	0.01283	0.00657	0.00480	0.00484	0.00160	0.00639	0.00431	0.00218	0.00560
3	0.00692	0.00519	0.00779	0.00779	0.00865	0.00606	0.00606	0.00865	0.00779	0.01125	0.01298	0.01904	0.01211	0.03634	0.81049	0.00779	0.01298	0.00519	0.00260	0.00433
4	0.00857	0.00597	0.00736	0.00756	0.00860	0.00536	0.00537	0.00967	0.01245	0.04515	0.33751	0.37229	0.10503	0.01322	0.00656	0.00203	0.00324	0.03345	0.00538	0.00523
5	0.01060	0.01060	0.01484	0.01272	0.01272	0.01484	0.01060	0.01166	0.00742	0.01166	0.00636	0.01060	0.00636	0.00848	0.01590	0.00212	0.82082	0.00424	0.00212	0.00530
6	0.00693	0.00516	0.00762	0.00762	0.00842	0.00596	0.00584	0.00854	0.00774	0.01112	0.01314	0.01991	0.01249	0.09087	0.75648	0.00758	0.01241	0.00532	0.00262	0.00423
7	0.03059	0.00554	0.00760	0.00799	0.03756	0.00564	0.03325	0.00878	0.03425	0.01250	0.04770	0.29736	0.05742	0.20050	0.18712	0.00377	0.00580	0.00881	0.00358	0.00422
8	0.01156	0.04160	0.06744	0.07176	0.04852	0.01210	0.33832	0.04823	0.24522	0.01730	0.03871	0.01487	0.01073	0.00519	0.00519	0.00159	0.00619	0.00530	0.00332	0.00686
9	0.00702	0.00537	0.00755	0.00773	0.00827	0.00612	0.00577	0.00831	0.00835	0.01187	0.01748	0.31440	0.01901	0.05188	0.37660	0.00472	0.09454	0.00828	0.03249	0.00425
10	0.01127	0.01121	0.00917	0.00848	0.01041	0.23670	0.00646	0.06695	0.06874	0.02950	0.13504	0.04659	0.22097	0.04196	0.03491	0.00187	0.00514	0.04544	0.00400	0.00520
11	0.01060	0.00860	0.01011	0.00725	0.01153	0.00649	0.00581	0.01274	0.01023	0.05316	0.00911	0.01035	0.00741	0.00370	0.00365	0.00075	0.00361	0.00297	0.00302	0.81891
12	0.01011	0.04311	0.24602	0.03356	0.02747	0.02359	0.07327	0.08458	0.04024	0.01605	0.04386	0.11001	0.08105	0.00751	0.00585	0.00163	0.06243	0.04521	0.01815	0.02627
13	0.05319	0.08813	0.06967	0.03722	0.08664	0.01148	0.10202	0.21330	0.03878	0.05049	0.02502	0.04359	0.08185	0.01872	0.00504	0.00151	0.00513	0.00520	0.03617	0.02683
14	0.01023	0.00761	0.02744	0.03745	0.11452	0.00728	0.04358	0.03105	0.08201	0.11761	0.01976	0.30484	0.04481	0.09041	0.03663	0.00223	0.00453	0.00839	0.00402	0.00560
15	0.02932	0.02653	0.10626	0.05119	0.09564	0.05247	0.08369	0.01518	0.11388	0.08129	0.09057	0.12931	0.02703	0.00733	0.00513	0.00158	0.00499	0.03870	0.00370	0.03621
16	0.01207	0.05749	0.11355	0.03611	0.08818	0.11216	0.23310	0.06860	0.08516	0.01650	0.07976	0.03094	0.01216	0.00563	0.00507	0.00153	0.00638	0.02600	0.00312	0.00650

[dist]
# distance from previous block
# <min> <max>
4	81

[block]
# block no. 9 follows, 52 sequences, length 11
# corresponding to MSA columns:
# 662-672
name=unknown_J
#
# <colnr> <probs for GDERKNQSTAVLIFYWHMCP>
#	G	D	E	R	K	N	Q	S	T	A	V	L	I	F	Y	W	H	M	C	P
0	0.04192	0.09318	0.05579	0.05093	0.09075	0.19368	0.08485	0.10498	0.05032	0.03446	0.00941	0.01132	0.00753	0.00611	0.00603	0.09365	0.00619	0.00391	0.00287	0.05212
1	0.01058	0.01191	0.16695	0.11833	0.11024	0.00930	0.09439	0.06822	0.01146	0.06028	0.05873	0.08674	0.04406	0.03063	0.03227	0.00182	0.00569	0.00571	0.02010	0.05259
2	0.01139	0.02689	0.02952	0.14026	0.17920	0.04328	0.05575	0.06977	0.05599	0.05818	0.05427	0.08028	0.03857	0.00694	0.00575	0.01359	0.04201	0.04515	0.00336	0.03984
3	0.04227	0.11510	0.01047	0.00793	0.03814	0.02344	0.02180	0.02808	0.05987	0.07608	0.09229	0.05446	0.31401	0.00963	0.03082	0.00169	0.00392	0.02095	0.00405	0.04501
4	0.04800	0.00919	0.01030	0.00831	0.01123	0.00924	0.00663	0.24731	0.02761	0.04234	0.01396	0.08960	0.04309	0.00665	0.00532	0.02001	0.04818	0.00502	0.09615	0.25187
5	0.00830	0.10699	0.16666	0.00797	0.01044	0.00773	0.00732	0.01009	0.00893	0.01232	0.01519	0.23037	0.01653	0.24865	0.02837	0.00256	0.00481	0.00711	0.00305	0.09661
6	0.00716	0.00499	0.00727	0.00727	0.00791	0.00563	0.00542	0.00812	0.00748	0.01061	0.01258	0.01991	0.01223	0.12786	0.60108	0.13209	0.01071	0.00527	0.00256	0.00384
7	0.01185	0.01018	0.01044	0.00948	0.01201	0.04206	0.00741	0.04819	0.61588	0.01967	0.03788	0.02059	0.03275	0.00702	0.00496	0.00162	0.00396	0.04782	0.04910	0.00712
8	0.00864	0.00776	0.01111	0.12033	0.01351	0.00888	0.05413	0.02844	0.00969	0.01331	0.07220	0.12802	0.13551	0.08818	0.01011	0.00204	0.22559	0.00703	0.00323	0.05230
9	0.63406	0.01310	0.00892	0.00803	0.01090	0.22811	0.00637	0.01563	0.00974	0.01906	0.00695	0.00811	0.00552	0.00463	0.00337	0.00143	0.00510	0.00276	0.00286	0.00535
10	0.13541	0.09920	0.21031	0.01011	0.01362	0.10265	0.05492	0.02560	0.02319	0.01493	0.03124	0.12529	0.04035	0.04782	0.04348	0.00196	0.00589	0.00546	0.00293	0.00564

[dist]
# distance from previous block
# <min> <max>
2	4

[block]
# block no. 10 follows, 52 sequences, length 25
# corresponding to MSA columns:
# 677-701
name=unknown_K
#
# <colnr> <probs for GDERKNQSTAVLIFYWHMCP>
#	G	D	E	R	K	N	Q	S	T	A	V	L	I	F	Y	W	H	M	C	P
0	0.03509	0.00801	0.04025	0.00861	0.02763	0.02065	0.01611	0.10761	0.02755	0.11986	0.06494	0.08336	0.05773	0.11005	0.22188	0.00359	0.00663	0.01715	0.01785	0.00548
1	0.01093	0.00883	0.01196	0.04523	0.18417	0.00923	0.03046	0.18355	0.03729	0.01770	0.07199	0.10505	0.06626	0.14984	0.00870	0.00210	0.01806	0.00657	0.02617	0.00589
2	0.01066	0.00976	0.01645	0.42870	0.33102	0.01083	0.03186	0.01389	0.02452	0.03362	0.00970	0.01351	0.00770	0.00483	0.00485	0.00155	0.00601	0.01674	0.01741	0.00639
3	0.01303	0.02922	0.17170	0.01289	0.09057	0.03302	0.05099	0.23771	0.07784	0.02017	0.02050	0.01234	0.00865	0.00502	0.00457	0.00133	0.00543	0.01332	0.00341	0.18828
4	0.00951	0.01049	0.11013	0.01465	0.20946	0.00844	0.09040	0.01296	0.05879	0.02878	0.13342	0.07610	0.14226	0.00728	0.00517	0.00151	0.00465	0.00659	0.00352	0.06589
5	0.00879	0.00718	0.01128	0.01094	0.06612	0.00696	0.13303	0.04123	0.06367	0.04672	0.03344	0.46223	0.06610	0.01105	0.00579	0.00179	0.00409	0.01023	0.00413	0.00524
6	0.01128	0.00915	0.01157	0.06604	0.08517	0.00776	0.00739	0.05817	0.01106	0.05856	0.00940	0.01086	0.00749	0.00400	0.00393	0.00093	0.00412	0.00330	0.00306	0.62676
7	0.01404	0.00903	0.02361	0.00839	0.02953	0.00720	0.00671	0.04736	0.01177	0.25944	0.01199	0.01215	0.00870	0.00446	0.00408	0.00102	0.00393	0.00359	0.00389	0.52908
8	0.01021	0.01119	0.02349	0.01726	0.02127	0.01044	0.61123	0.01362	0.01113	0.01490	0.01556	0.12039	0.08262	0.00625	0.00578	0.00168	0.00696	0.00716	0.00290	0.00598
9	0.11927	0.00524	0.00687	0.00653	0.00726	0.00533	0.00461	0.00891	0.00725	0.08261	0.00918	0.01401	0.00834	0.01427	0.01561	0.67087	0.00414	0.00407	0.00257	0.00307
10	0.00583	0.00491	0.00505	0.00502	0.00661	0.00413	0.00376	0.00715	0.01129	0.01367	0.11733	0.04568	0.72890	0.01206	0.00573	0.00163	0.00244	0.01009	0.00458	0.00413
11	0.01420	0.01553	0.01690	0.09464	0.11155	0.30834	0.16865	0.07651	0.06717	0.01553	0.00993	0.01185	0.00777	0.00492	0.00476	0.00142	0.00706	0.00426	0.05269	0.00631
12	0.00884	0.00456	0.00469	0.00466	0.00579	0.00452	0.00349	0.01110	0.01048	0.01819	0.08645	0.01971	0.01543	0.00603	0.00360	0.00116	0.00226	0.00490	0.77960	0.00452
13	0.01296	0.83261	0.02539	0.00829	0.01244	0.01917	0.00829	0.01451	0.00985	0.01140	0.00674	0.00777	0.00622	0.00415	0.00311	0.00104	0.00518	0.00259	0.00207	0.00622
14	0.00645	0.00487	0.00596	0.00582	0.00703	0.00438	0.00432	0.00831	0.01257	0.01701	0.51714	0.11061	0.25570	0.01105	0.00576	0.00160	0.00238	0.00963	0.00502	0.00438
15	0.00941	0.00878	0.01421	0.74495	0.03150	0.01088	0.01293	0.01359	0.08033	0.01310	0.00962	0.01339	0.00721	0.00500	0.00485	0.00162	0.00622	0.00441	0.00240	0.00559
16	0.01074	0.01007	0.01665	0.04642	0.45379	0.01075	0.05707	0.01371	0.04258	0.01470	0.01040	0.03019	0.00908	0.01015	0.13245	0.00254	0.09562	0.00478	0.02170	0.00661
17	0.00674	0.00467	0.00569	0.00597	0.00639	0.00466	0.00392	0.00747	0.00826	0.01127	0.02080	0.22537	0.09051	0.37993	0.14362	0.00404	0.00522	0.00854	0.05333	0.00360
18	0.01232	0.63042	0.02200	0.00890	0.04311	0.01625	0.00802	0.01405	0.00993	0.01248	0.00722	0.00841	0.00647	0.00404	0.00327	0.00099	0.00488	0.00272	0.00225	0.18227
19	0.00691	0.00464	0.00533	0.00546	0.00549	0.00461	0.00312	0.00701	0.00731	0.00975	0.01661	0.12505	0.01931	0.73405	0.02250	0.00438	0.00448	0.00784	0.00312	0.00305
20	0.04012	0.21102	0.01644	0.06831	0.04749	0.11328	0.00907	0.29212	0.06420	0.01971	0.01007	0.02414	0.00802	0.00523	0.00427	0.00132	0.00554	0.00387	0.00343	0.05237
21	0.00823	0.00665	0.00779	0.00863	0.08029	0.00590	0.00566	0.00963	0.02642	0.01607	0.18181	0.09313	0.48626	0.01182	0.00619	0.00186	0.00330	0.00976	0.02526	0.00534
22	0.00588	0.00440	0.00547	0.00628	0.00692	0.00399	0.00430	0.00685	0.00981	0.01271	0.05033	0.61759	0.21915	0.01435	0.00606	0.00188	0.00271	0.01279	0.00452	0.00399
23	0.67682	0.01078	0.05660	0.00972	0.06655	0.01106	0.07752	0.01447	0.00885	0.02039	0.00731	0.00877	0.00566	0.00445	0.00347	0.00151	0.00449	0.00308	0.00285	0.00565
24	0.01183	0.01240	0.07380	0.02659	0.65392	0.01156	0.03438	0.01591	0.08150	0.01619	0.01006	0.01245	0.00820	0.00454	0.00482	0.00147	0.00574	0.00441	0.00260	0.00761

[dist]
# distance from previous block
# <min> <max>
0	2

[block]
# block no. 11 follows, 52 sequences, length 35
# corresponding to MSA columns:
# 704-722,727-742
name=unknown_L
#
# <colnr> <probs for GDERKNQSTAVLIFYWHMCP>
#	G	D	E	R	K	N	Q	S	T	A	V	L	I	F	Y	W	H	M	C	P
0	0.00738	0.00505	0.00595	0.00585	0.00610	0.00522	0.00360	0.03126	0.00765	0.01033	0.01481	0.02917	0.01649	0.68400	0.14316	0.00507	0.00597	0.00668	0.00294	0.00331
1	0.11215	0.01294	0.01263	0.01007	0.01361	0.13046	0.00818	0.35908	0.01719	0.25678	0.01271	0.01224	0.00873	0.00560	0.00458	0.00144	0.00531	0.00414	0.00464	0.00752
2	0.01490	0.00672	0.00883	0.00728	0.00990	0.00590	0.00582	0.01684	0.01338	0.44431	0.26506	0.02601	0.10874	0.00789	0.00518	0.00151	0.00330	0.00666	0.03525	0.00651
3	0.00652	0.00494	0.00601	0.00574	0.00703	0.00443	0.00431	0.00849	0.01292	0.01755	0.57449	0.03930	0.26932	0.01061	0.00572	0.00156	0.00234	0.00920	0.00509	0.00443
4	0.00591	0.00490	0.00517	0.00514	0.00667	0.00416	0.00384	0.00730	0.01143	0.01407	0.16648	0.06256	0.66173	0.01197	0.00574	0.00163	0.00244	0.01008	0.00463	0.00416
5	0.02093	0.00955	0.01205	0.00924	0.01302	0.00906	0.00763	0.20979	0.01605	0.61356	0.01728	0.01530	0.01108	0.00595	0.00487	0.00149	0.00442	0.00475	0.00572	0.00825
6	0.01296	0.83261	0.02539	0.00829	0.01244	0.01917	0.00829	0.01451	0.00985	0.01140	0.00674	0.00777	0.00622	0.00415	0.00311	0.00104	0.00518	0.00259	0.00207	0.00622
7	0.01005	0.00861	0.01005	0.00718	0.01148	0.00646	0.00574	0.01220	0.01005	0.01579	0.00861	0.01005	0.00718	0.00359	0.00359	0.00072	0.00359	0.00287	0.00287	0.85932
8	0.01964	0.00889	0.01143	0.00868	0.01253	0.00789	0.00715	0.10529	0.01428	0.60104	0.01674	0.01500	0.01087	0.00562	0.00468	0.00138	0.00418	0.00452	0.00541	0.13479
