[name]
unknown

[dist]
# distance from previous block
# <min> <max>
0	887

[block]
# block no. 0 follows, 64 sequences, length 29
# corresponding to MSA columns:
# 1404-1432
name=unknown_A
#
# <colnr> <probs for GDERKNQSTAVLIFYWHMCP>
#	G	D	E	R	K	N	Q	S	T	A	V	L	I	F	Y	W	H	M	C	P
0	0.01128	0.06789	0.07279	0.05831	0.12055	0.07397	0.00833	0.21707	0.07496	0.04731	0.04117	0.04819	0.01840	0.00737	0.07172	0.01772	0.00512	0.00415	0.00304	0.03066
1	0.04296	0.05440	0.06184	0.05628	0.17476	0.08529	0.07572	0.13575	0.05167	0.04278	0.07572	0.06142	0.01952	0.00542	0.00423	0.00130	0.00471	0.03766	0.00297	0.00562
2	0.03868	0.12068	0.01246	0.04093	0.03665	0.13544	0.04877	0.21502	0.04059	0.05250	0.06475	0.01445	0.05154	0.00529	0.00400	0.00120	0.00460	0.04842	0.00317	0.06087
3	0.06554	0.04070	0.07497	0.00838	0.02917	0.04554	0.00702	0.19766	0.11898	0.12637	0.05301	0.04421	0.01038	0.02749	0.02368	0.00140	0.00417	0.00409	0.00350	0.11372
4	0.02141	0.16519	0.19858	0.05497	0.07390	0.07599	0.07248	0.10288	0.05585	0.03130	0.04015	0.01077	0.01932	0.00491	0.02150	0.00131	0.00524	0.00355	0.00251	0.03821
5	0.02842	0.13036	0.02067	0.00730	0.00919	0.07200	0.01806	0.11241	0.10591	0.04087	0.02283	0.19074	0.06635	0.11564	0.00656	0.00167	0.02265	0.00587	0.00323	0.01926
6	0.01048	0.21047	0.15575	0.02401	0.03934	0.03920	0.02968	0.13140	0.08363	0.04295	0.05833	0.07992	0.02484	0.01855	0.00416	0.00125	0.00443	0.00432	0.00290	0.03440
7	0.05685	0.09689	0.13065	0.00907	0.07766	0.03009	0.02872	0.02846	0.03702	0.04613	0.07185	0.24444	0.02917	0.00688	0.00417	0.00130	0.00383	0.00592	0.00301	0.08790
8	0.02896	0.32828	0.24698	0.03934	0.09869	0.02556	0.05835	0.04685	0.04423	0.01267	0.00738	0.00864	0.00590	0.00385	0.00352	0.00113	0.00510	0.00301	0.00207	0.02948
9	0.01001	0.29240	0.24966	0.04661	0.05641	0.04575	0.00965	0.05663	0.05468	0.02731	0.03670	0.02942	0.04068	0.00477	0.00370	0.00119	0.00482	0.02163	0.00239	0.00558
10	0.02690	0.16731	0.38116	0.00983	0.02271	0.03836	0.02824	0.08661	0.03551	0.03213	0.00909	0.01044	0.02859	0.02363	0.04723	0.00154	0.00552	0.00334	0.00230	0.03957
11	0.01243	0.40619	0.09122	0.00933	0.03313	0.26435	0.00830	0.06610	0.05225	0.01175	0.00702	0.00787	0.00585	0.00401	0.00332	0.00104	0.00548	0.00270	0.00217	0.00546
12	0.00639	0.00519	0.04944	0.00640	0.00726	0.00458	0.00494	0.00789	0.03738	0.04273	0.01825	0.41730	0.02027	0.13606	0.13848	0.00279	0.00442	0.08313	0.00336	0.00375
13	0.02639	0.01037	0.01093	0.00870	0.01168	0.07226	0.00706	0.41296	0.10810	0.22741	0.05194	0.01246	0.00993	0.00520	0.00415	0.00127	0.00424	0.00405	0.00426	0.00665
14	0.01100	0.03221	0.03558	0.00801	0.00997	0.02647	0.00665	0.20122	0.02311	0.13926	0.07280	0.01442	0.01102	0.03223	0.27271	0.00310	0.08742	0.00429	0.00327	0.00527
15	0.00512	0.00364	0.00480	0.00571	0.00593	0.00341	0.00378	0.00580	0.00784	0.01045	0.02230	0.80181	0.02673	0.06353	0.00625	0.00183	0.00251	0.01146	0.00378	0.00332
16	0.00603	0.00405	0.00464	0.00464	0.00468	0.00409	0.00266	0.00611	0.00607	0.00814	0.01299	0.02662	0.01486	0.81144	0.06339	0.00416	0.00439	0.00596	0.00250	0.00258
17	0.00514	0.00418	0.00459	0.00460	0.00582	0.00363	0.00342	0.00636	0.00971	0.01218	0.19200	0.09288	0.59138	0.01099	0.03301	0.00158	0.00240	0.00859	0.00394	0.00358
18	0.00728	0.00622	0.00829	0.20100	0.06355	0.00666	0.00663	0.02918	0.13886	0.01350	0.16517	0.05201	0.23557	0.00786	0.02081	0.00149	0.00352	0.02436	0.00344	0.00461
19	0.01816	0.00784	0.01011	0.00775	0.01099	0.00724	0.00641	0.15382	0.01317	0.69559	0.01531	0.01344	0.00974	0.00512	0.00417	0.00128	0.00371	0.00410	0.00498	0.00707
20	0.00692	0.00569	0.00607	0.00612	0.00735	0.03734	0.00450	0.01025	0.18504	0.02998	0.07119	0.32267	0.25877	0.00990	0.00485	0.00149	0.00273	0.02092	0.00394	0.00428
21	0.00898	0.00869	0.01240	0.03008	0.07196	0.01166	0.00899	0.02821	0.00697	0.01061	0.00636	0.00998	0.00608	0.00934	0.09717	0.00225	0.65995	0.00373	0.00193	0.00467
22	0.04311	0.01050	0.02910	0.00967	0.05440	0.04212	0.02940	0.41720	0.01483	0.16293	0.01022	0.01032	0.00726	0.00453	0.00394	0.00116	0.00435	0.00355	0.00373	0.13767
23	0.00604	0.00403	0.00453	0.00453	0.00453	0.00403	0.00252	0.00604	0.00604	0.00805	0.01309	0.02718	0.01510	0.85402	0.02114	0.00403	0.00403	0.00604	0.00252	0.00252
24	0.01196	0.64575	0.01911	0.00783	0.01103	0.17781	0.00722	0.03483	0.00949	0.01048	0.02813	0.00757	0.00629	0.00387	0.00298	0.00095	0.00498	0.00249	0.00199	0.00524
25	0.01507	0.00906	0.01115	0.00983	0.09041	0.00912	0.00727	0.33747	0.03296	0.30782	0.06289	0.01283	0.01023	0.00503	0.00414	0.00123	0.00395	0.00407	0.00422	0.06125
26	0.01235	0.08358	0.08456	0.05056	0.02445	0.13233	0.11905	0.26962	0.12191	0.01697	0.00989	0.03857	0.00777	0.00477	0.00410	0.00126	0.00526	0.00396	0.00304	0.00600
27	0.01224	0.02943	0.06632	0.00912	0.01212	0.01090	0.02941	0.32302	0.34781	0.04197	0.03137	0.01404	0.02541	0.00543	0.00422	0.00133	0.00406	0.02132	0.00394	0.00652
28	0.00607	0.00437	0.00554	0.00614	0.00667	0.00427	0.00424	0.08202	0.00904	0.01207	0.02168	0.77198	0.02555	0.01226	0.00519	0.00165	0.00261	0.01105	0.00388	0.00372

[dist]
# distance from previous block
# <min> <max>
0	2

[block]
# block no. 1 follows, 64 sequences, length 52
# corresponding to MSA columns:
# 1435,1436,1465-1495,1497-1505,1507-1516
name=unknown_B
#
# <colnr> <probs for GDERKNQSTAVLIFYWHMCP>
#	G	D	E	R	K	N	Q	S	T	A	V	L	I	F	Y	W	H	M	C	P
0	0.04693	0.03279	0.44165	0.01403	0.20052	0.00965	0.03020	0.03930	0.04914	0.04346	0.00831	0.00959	0.00620	0.00399	0.00391	0.00126	0.00529	0.00331	0.00222	0.04825
1	0.01261	0.19147	0.23785	0.00955	0.01344	0.11405	0.00954	0.24970	0.01243	0.07237	0.00880	0.03439	0.00684	0.00457	0.00377	0.00118	0.00520	0.00338	0.00281	0.00606
2	0.01099	0.82176	0.05551	0.00730	0.01097	0.01615	0.00745	0.01247	0.00845	0.00991	0.00584	0.00675	0.00533	0.00357	0.00272	0.00091	0.00451	0.00226	0.00178	0.00536
3	0.01375	0.00882	0.02256	0.02249	0.10832	0.05464	0.00716	0.17167	0.05420	0.31485	0.06516	0.01670	0.09710	0.00575	0.00428	0.00129	0.00394	0.01705	0.00407	0.00619
4	0.04340	0.01180	0.08219	0.03128	0.01330	0.05985	0.02882	0.45552	0.05323	0.16268	0.01074	0.01066	0.00749	0.00482	0.00409	0.00127	0.00468	0.00372	0.00384	0.00664
5	0.00506	0.00421	0.00442	0.00437	0.00570	0.00357	0.00327	0.00625	0.00982	0.01206	0.16331	0.03859	0.70467	0.01021	0.00491	0.00139	0.00208	0.00857	0.00397	0.00357
6	0.00774	0.00387	0.00387	0.00387	0.00484	0.00387	0.00290	0.00968	0.00871	0.01549	0.01355	0.01549	0.01065	0.00484	0.00290	0.00097	0.00194	0.00387	0.87708	0.00387
7	0.00505	0.00364	0.00479	0.00571	0.00601	0.00338	0.00382	0.00579	0.00802	0.01063	0.02375	0.81489	0.06333	0.01290	0.00528	0.00167	0.00240	0.01167	0.00386	0.00338
8	0.01527	0.03014	0.01245	0.00931	0.01266	0.01254	0.00771	0.75027	0.01866	0.02509	0.00973	0.00982	0.00697	0.00484	0.00406	0.00120	0.00448	0.00363	0.00401	0.05716
9	0.00604	0.00403	0.00453	0.00453	0.00453	0.00403	0.00252	0.00604	0.00604	0.00805	0.01309	0.02718	0.01510	0.85402	0.02114	0.00403	0.00403	0.00604	0.00252	0.00252
10	0.01055	0.25609	0.35913	0.02389	0.07862	0.09369	0.04943	0.03972	0.00950	0.03289	0.00725	0.00849	0.00563	0.00389	0.00364	0.00117	0.00561	0.00298	0.00200	0.00582
11	0.01002	0.00976	0.04915	0.03264	0.62901	0.00928	0.04698	0.01245	0.00946	0.04445	0.03066	0.01249	0.04318	0.01812	0.00469	0.00132	0.02374	0.00410	0.00231	0.00620
12	0.18797	0.28386	0.04945	0.00868	0.02431	0.31317	0.00737	0.03000	0.00956	0.01224	0.00632	0.00744	0.00534	0.00459	0.02183	0.00121	0.01698	0.00255	0.00213	0.00502
13	0.01063	0.70336	0.15358	0.00809	0.01208	0.01521	0.02508	0.01257	0.00852	0.01040	0.00610	0.00710	0.00534	0.00362	0.00292	0.00097	0.00477	0.00241	0.00178	0.00547
14	0.00563	0.00413	0.00507	0.00519	0.00611	0.00373	0.00379	0.00694	0.00983	0.02797	0.31991	0.25873	0.26070	0.02423	0.01895	0.00158	0.00238	0.02734	0.00409	0.00368
15	0.04014	0.00683	0.00913	0.00710	0.01010	0.00599	0.00583	0.01896	0.01166	0.73576	0.06504	0.01501	0.01189	0.00530	0.00414	0.00128	0.00338	0.00432	0.03142	0.00671
16	0.00603	0.00405	0.00462	0.00462	0.00466	0.00406	0.00264	0.00613	0.00619	0.00830	0.03192	0.02692	0.01551	0.80794	0.04698	0.00405	0.00421	0.00602	0.00256	0.00259
17	0.00651	0.00492	0.00610	0.00575	0.00690	0.00487	0.00432	0.00989	0.13519	0.01641	0.65458	0.07733	0.03444	0.00832	0.00482	0.00134	0.00219	0.00734	0.00448	0.00429
18	0.00867	0.00847	0.01192	0.01034	0.01044	0.01172	0.00857	0.00965	0.00640	0.00995	0.00621	0.01005	0.00611	0.01044	0.12299	0.00246	0.73556	0.00374	0.00187	0.00443
19	0.01281	0.01047	0.01000	0.00865	0.01112	0.13913	0.00677	0.14173	0.41044	0.12848	0.02969	0.04917	0.01148	0.00562	0.00419	0.00132	0.00411	0.00452	0.00400	0.00626
20	0.00564	0.00431	0.00520	0.00509	0.00615	0.00393	0.00377	0.00749	0.03514	0.01442	0.48410	0.12357	0.26693	0.00950	0.00493	0.00138	0.00209	0.00827	0.00427	0.00382
21	0.01083	0.77291	0.10295	0.00758	0.01139	0.01576	0.00793	0.01251	0.00847	0.01011	0.00594	0.00687	0.00532	0.00359	0.00279	0.00093	0.00461	0.00231	0.00177	0.00541
22	0.00946	0.18431	0.53661	0.01099	0.05023	0.01087	0.01249	0.02662	0.04957	0.03432	0.00788	0.00891	0.00589	0.00396	0.00370	0.00121	0.00542	0.00303	0.00204	0.03248
23	0.01579	0.01163	0.01247	0.00956	0.01288	0.01288	0.00789	0.81426	0.01953	0.02618	0.00997	0.00997	0.00706	0.00499	0.00416	0.00125	0.00457	0.00374	0.00416	0.00706
24	0.88336	0.00803	0.00611	0.00546	0.00803	0.00932	0.00450	0.01221	0.00707	0.01864	0.00578	0.00675	0.00450	0.00386	0.00257	0.00129	0.00321	0.00225	0.00257	0.00450
25	0.00722	0.00361	0.00541	0.00541	0.00541	0.00361	0.00361	0.00541	0.00541	0.00722	0.00722	0.01263	0.00722	0.01443	0.01623	0.87915	0.00361	0.00361	0.00180	0.00180
26	0.85550	0.00815	0.00631	0.00559	0.00819	0.00943	0.00461	0.03797	0.00747	0.01888	0.00592	0.00685	0.00458	0.00389	0.00262	0.00128	0.00326	0.00230	0.00262	0.00458
27	0.00833	0.02149	0.83250	0.01184	0.01798	0.00965	0.01535	0.01315	0.00877	0.01315	0.00745	0.00877	0.00526	0.00395	0.00395	0.00132	0.00614	0.00307	0.00175	0.00614
28	0.00588	0.00425	0.00555	0.00523	0.00621	0.00392	0.00392	0.00784	0.01176	0.01666	0.82592	0.03103	0.03919	0.00849	0.00490	0.00131	0.00196	0.00751	0.00457	0.00392
29	0.01000	0.00863	0.00907	0.00819	0.01048	0.00991	0.00636	0.02108	0.77046	0.01700	0.01846	0.01701	0.06298	0.00594	0.00427	0.00141	0.00321	0.00495	0.00420	0.00638
30	0.00520	0.00374	0.00496	0.00588	0.00623	0.00350	0.00407	0.00604	0.00815	0.01079	0.02358	0.74925	0.05910	0.01278	0.00532	0.00170	0.00252	0.07992	0.00385	0.00342
31	0.00519	0.00409	0.00468	0.00481	0.00585	0.00358	0.00350	0.00640	0.00971	0.01246	0.23581	0.21623	0.45183	0.01056	0.00499	0.00144	0.00213	0.00912	0.00404	0.00358
32	0.01086	0.10856	0.13955	0.09685	0.28317	0.12493	0.02699	0.08695	0.01032	0.01339	0.00795	0.03473	0.00663	0.00423	0.00391	0.00120	0.00536	0.00354	0.00223	0.02868
33	0.02627	0.03536	0.01131	0.00931	0.01194	0.24627	0.00736	0.29266	0.26054	0.01816	0.03184	0.01135	0.00903	0.00502	0.00402	0.00124	0.00492	0.00376	0.00353	0.00611
34	0.03818	0.00675	0.02794	0.05028	0.02324	0.04288	0.15440	0.00863	0.00846	0.01145	0.02603	0.44139	0.01866	0.06531	0.00615	0.00172	0.01747	0.04389	0.00312	0.00405
35	0.00982	0.05309	0.09344	0.08284	0.38746	0.00983	0.19069	0.02279	0.00945	0.03312	0.00895	0.05017	0.00761	0.00432	0.00429	0.00131	0.00536	0.01730	0.00222	0.00593
36	0.00806	0.00754	0.01239	0.77268	0.04882	0.00931	0.01127	0.01135	0.05654	0.01109	0.00796	0.01132	0.00599	0.00423	0.00416	0.00138	0.00539	0.00375	0.00199	0.00478
37	0.88336	0.00803	0.00611	0.00546	0.00803	0.00932	0.00450	0.01221	0.00707	0.01864	0.00578	0.00675	0.00450	0.00386	0.00257	0.00129	0.00321	0.00225	0.00257	0.00450
38	0.00722	0.00361	0.00541	0.00541	0.00541	0.00361	0.00361	0.00541	0.00541	0.00722	0.00722	0.01263	0.00722	0.01443	0.01623	0.87915	0.00361	0.00361	0.00180	0.00180
39	0.00563	0.00424	0.00520	0.00496	0.00605	0.00381	0.00372	0.00735	0.01116	0.01524	0.62115	0.03336	0.24485	0.00902	0.00490	0.00133	0.00200	0.00784	0.00439	0.00381
40	0.00861	0.00738	0.00861	0.00615	0.00984	0.00554	0.00492	0.01046	0.00861	0.01354	0.00738	0.00861	0.00615	0.00308	0.00308	0.00062	0.00308	0.00246	0.00246	0.87941
41	0.00615	0.00433	0.00551	0.00605	0.00660	0.00426	0.00459	0.00716	0.00806	0.01052	0.02011	0.12878	0.07424	0.32564	0.01138	0.00264	0.00363	0.36376	0.00334	0.00327
42	0.01552	0.01980	0.01177	0.01070	0.01284	0.83735	0.00803	0.01659	0.01177	0.01017	0.00642	0.00749	0.00535	0.00428	0.00375	0.00107	0.00749	0.00268	0.00214	0.00482
43	0.00601	0.00451	0.00663	0.00659	0.00726	0.00525	0.00506	0.00736	0.00662	0.00952	0.01117	0.01704	0.01066	0.09672	0.75542	0.00637	0.02740	0.00456	0.00224	0.00363
44	0.00604	0.00403	0.00453	0.00453	0.00453	0.00403	0.00252	0.00604	0.00604	0.00805	0.01309	0.02718	0.01510	0.85402	0.02114	0.00403	0.00403	0.00604	0.00252	0.00252
45	0.03605	0.00973	0.04220	0.11564	0.07951	0.01010	0.02352	0.23756	0.22934	0.15447	0.01216	0.01220	0.00872	0.00488	0.00414	0.00132	0.00427	0.00402	0.00371	0.00646
46	0.01014	0.44583	0.04308	0.00707	0.00989	0.01160	0.00654	0.05035	0.02968	0.06224	0.03067	0.07412	0.08245	0.02533	0.00424	0.00120	0.02940	0.03109	0.00268	0.04241
47	0.02165	0.00648	0.00780	0.00686	0.00890	0.00650	0.00543	0.05779	0.18283	0.26206	0.10549	0.08747	0.05835	0.00755	0.02615	0.00150	0.00327	0.05546	0.08292	0.00553
48	0.00548	0.00426	0.00499	0.00489	0.00601	0.00380	0.00363	0.00711	0.02311	0.01391	0.42067	0.09574	0.37212	0.00965	0.00492	0.00138	0.00208	0.00832	0.00421	0.00374
49	0.05359	0.04222	0.04760	0.05801	0.35396	0.05620	0.00957	0.05457	0.10332	0.05470	0.02324	0.01207	0.03333	0.02160	0.00449	0.00130	0.02047	0.00384	0.00268	0.04325
50	0.03002	0.09967	0.15749	0.00911	0.03338	0.09478	0.02281	0.10372	0.13044	0.05096	0.02289	0.02083	0.02468	0.01502	0.02919	0.00134	0.00475	0.00362	0.01537	0.12992
51	0.06809	0.15818	0.16036	0.01930	0.04216	0.04691	0.00806	0.11405	0.10570	0.02531	0.04291	0.07070	0.06120	0.00547	0.00397	0.00124	0.01485	0.00431	0.01560	0.03164

[dist]
# distance from previous block
# <min> <max>
2	52

[block]
# block no. 2 follows, 64 sequences, length 25
# corresponding to MSA columns:
# 1569-1584,1590-1598
name=unknown_C
#
# <colnr> <probs for GDERKNQSTAVLIFYWHMCP>
#	G	D	E	R	K	N	Q	S	T	A	V	L	I	F	Y	W	H	M	C	P
0	0.07285	0.12522	0.07917	0.03480	0.06351	0.03132	0.03145	0.09283	0.06981	0.11693	0.04206	0.03648	0.03276	0.02034	0.03717	0.00146	0.01541	0.00399	0.02269	0.06974
1	0.04173	0.01649	0.05754	0.04800	0.07012	0.02028	0.02809	0.06967	0.04894	0.09058	0.03680	0.28384	0.06016	0.03814	0.06853	0.00192	0.00422	0.00682	0.00337	0.00478
2	0.04042	0.00578	0.00624	0.00584	0.00747	0.03474	0.00445	0.04194	0.04535	0.14923	0.06288	0.19356	0.35284	0.00915	0.00469	0.00142	0.00281	0.02269	0.00402	0.00446
3	0.01007	0.08677	0.15794	0.02531	0.11484	0.06799	0.06605	0.04044	0.00951	0.06819	0.00992	0.07795	0.00883	0.03076	0.00462	0.00127	0.01794	0.03306	0.00256	0.16600
4	0.01373	0.04307	0.02562	0.02023	0.01223	0.16326	0.00756	0.43402	0.12763	0.01950	0.01022	0.01106	0.00786	0.03380	0.04995	0.00161	0.00530	0.00372	0.00348	0.00614
5	0.01065	0.00936	0.01310	0.43838	0.17174	0.05154	0.01056	0.18164	0.01117	0.03554	0.00819	0.01055	0.00618	0.00426	0.00411	0.00130	0.00523	0.00364	0.00248	0.02039
6	0.02112	0.00863	0.03433	0.13341	0.14051	0.00911	0.07103	0.09218	0.04680	0.06394	0.05882	0.08427	0.02858	0.00584	0.00582	0.00140	0.14001	0.00480	0.00285	0.04655
7	0.00775	0.00642	0.00789	0.00622	0.00892	0.00537	0.00488	0.00941	0.00796	0.01220	0.00869	0.01162	0.00774	0.05151	0.23340	0.00244	0.00534	0.00318	0.00240	0.59666
8	0.00522	0.00376	0.00498	0.00590	0.00626	0.00352	0.00411	0.00607	0.00818	0.01081	0.02361	0.73718	0.06057	0.01276	0.00533	0.00170	0.00254	0.09024	0.00385	0.00342
9	0.03311	0.01120	0.18541	0.04625	0.29824	0.00866	0.06725	0.02335	0.03925	0.14379	0.01048	0.05483	0.00843	0.03213	0.00470	0.00139	0.00482	0.00423	0.01645	0.00604
10	0.00927	0.06923	0.01179	0.03695	0.20913	0.00774	0.03429	0.03532	0.03621	0.04243	0.01093	0.11045	0.03000	0.00554	0.02292	0.00119	0.00398	0.00435	0.00268	0.31560
11	0.00514	0.00365	0.00482	0.00570	0.00595	0.00342	0.00378	0.00585	0.00794	0.01061	0.04250	0.78492	0.02708	0.05965	0.00617	0.00181	0.00249	0.01138	0.00380	0.00334
12	0.00543	0.00378	0.00477	0.00537	0.00554	0.00365	0.00342	0.00592	0.00725	0.00968	0.01913	0.53919	0.02266	0.30877	0.03358	0.00264	0.00322	0.00958	0.00334	0.00308
13	0.01213	0.04307	0.01253	0.04388	0.04515	0.07188	0.04997	0.29847	0.05753	0.05164	0.03593	0.01271	0.05940	0.00602	0.01757	0.00144	0.16757	0.00415	0.00319	0.00576
14	0.01591	0.03453	0.01120	0.00888	0.03482	0.04703	0.00707	0.28751	0.04842	0.38102	0.03026	0.01240	0.00929	0.00560	0.01975	0.00137	0.03002	0.00397	0.00428	0.00667
15	0.01235	0.00693	0.00773	0.00639	0.00854	0.00713	0.00512	0.25097	0.02912	0.18316	0.02804	0.01386	0.01007	0.00503	0.00360	0.00113	0.00307	0.00398	0.40828	0.00552
16	0.39393	0.00766	0.00821	0.00663	0.00957	0.00775	0.00547	0.04599	0.01008	0.44869	0.01155	0.01078	0.00765	0.00458	0.00348	0.00128	0.00343	0.00332	0.00399	0.00595
17	0.00966	0.00949	0.01665	0.16598	0.44193	0.00990	0.15834	0.01295	0.06494	0.01313	0.00866	0.01160	0.00705	0.00414	0.00461	0.00133	0.03255	0.01895	0.00220	0.00594
18	0.00604	0.00404	0.00459	0.00459	0.00461	0.00406	0.00259	0.00608	0.00606	0.00810	0.01303	0.02688	0.01497	0.83113	0.04386	0.00410	0.00422	0.00600	0.00251	0.00255
19	0.00507	0.00367	0.00476	0.00563	0.00595	0.00340	0.00377	0.00580	0.00802	0.01059	0.02416	0.76654	0.09007	0.03414	0.00567	0.00172	0.00243	0.01142	0.00382	0.00336
20	0.00739	0.00546	0.00677	0.05283	0.00869	0.00557	0.00514	0.12431	0.04310	0.02759	0.12060	0.41209	0.09369	0.01006	0.00495	0.00153	0.00296	0.05909	0.00391	0.00427
21	0.01270	0.03487	0.08201	0.01080	0.01301	0.45588	0.05590	0.05680	0.01048	0.01141	0.00724	0.02950	0.00627	0.00612	0.04127	0.00150	0.15373	0.00336	0.00219	0.00497
22	0.00897	0.00760	0.00920	0.02737	0.01062	0.00616	0.02938	0.06293	0.00938	0.01426	0.00875	0.00993	0.03066	0.00350	0.00328	0.00073	0.00330	0.00287	0.02224	0.72889
23	0.00879	0.03360	0.01523	0.02463	0.04900	0.01766	0.35862	0.03499	0.03436	0.04560	0.04727	0.21989	0.05340	0.01699	0.00501	0.00147	0.00484	0.02071	0.00298	0.00496
24	0.03891	0.26841	0.04798	0.03185	0.04528	0.09315	0.02315	0.31363	0.02931	0.01707	0.03298	0.00950	0.00730	0.00442	0.00362	0.00113	0.00477	0.00326	0.01835	0.00593

[dist]
# distance from previous block
# <min> <max>
0	17

[block]
# block no. 3 follows, 64 sequences, length 18
# corresponding to MSA columns:
# 1627-1644
name=unknown_D
#
# <colnr> <probs for GDERKNQSTAVLIFYWHMCP>
#	G	D	E	R	K	N	Q	S	T	A	V	L	I	F	Y	W	H	M	C	P
0	0.26634	0.06703	0.08032	0.03790	0.15066	0.02272	0.08437	0.07353	0.04514	0.07141	0.00866	0.03716	0.00692	0.00444	0.00392	0.00129	0.02635	0.00357	0.00268	0.00558
1	0.02513	0.01954	0.03241	0.04916	0.09955	0.00654	0.00645	0.03383	0.05940	0.01211	0.03041	0.03646	0.09221	0.06820	0.28387	0.00326	0.00623	0.05270	0.00274	0.07980
2	0.04075	0.01065	0.09244	0.01032	0.06117	0.01046	0.05373	0.15747	0.45409	0.01806	0.03748	0.01348	0.01075	0.00514	0.00418	0.00135	0.00406	0.00432	0.00367	0.00641
3	0.00676	0.00444	0.00536	0.00557	0.03245	0.00427	0.00332	0.00713	0.00696	0.05336	0.01561	0.12977	0.05645	0.60655	0.01632	0.00326	0.00370	0.00662	0.00288	0.02924
4	0.01260	0.29558	0.01517	0.01889	0.03553	0.13082	0.02944	0.23840	0.01209	0.04193	0.00874	0.05977	0.00753	0.00544	0.02337	0.00126	0.03009	0.00359	0.00278	0.02696
5	0.00609	0.00529	0.00547	0.00539	0.00656	0.04405	0.00395	0.00766	0.04777	0.01183	0.12127	0.18269	0.42469	0.05304	0.00593	0.00155	0.02716	0.00824	0.00371	0.02766
6	0.04195	0.07280	0.19103	0.13574	0.22564	0.08605	0.06110	0.04187	0.03181	0.04751	0.00810	0.00988	0.00625	0.00446	0.01745	0.00134	0.00553	0.00345	0.00224	0.00580
7	0.00896	0.07187	0.00867	0.00698	0.00844	0.03196	0.00556	0.06309	0.06722	0.08347	0.10127	0.09120	0.02738	0.01394	0.24936	0.00289	0.06638	0.00513	0.08159	0.00464
8	0.00518	0.00416	0.00445	0.00446	0.00558	0.00362	0.00321	0.00621	0.00930	0.01154	0.14258	0.07518	0.58739	0.11058	0.00685	0.00171	0.00233	0.00842	0.00379	0.00344
9	0.01552	0.01980	0.01177	0.01070	0.01284	0.83735	0.00803	0.01659	0.01177	0.01017	0.00642	0.00749	0.00535	0.00428	0.00375	0.00107	0.00749	0.00268	0.00214	0.00482
10	0.27965	0.10324	0.05607	0.04298	0.01273	0.05654	0.10301	0.16904	0.02673	0.07405	0.00858	0.02680	0.00668	0.00443	0.00360	0.00126	0.00456	0.01164	0.00289	0.00552
11	0.00512	0.00424	0.00450	0.00451	0.00584	0.00362	0.00344	0.00632	0.00974	0.01191	0.13101	0.03932	0.69191	0.01034	0.00495	0.00142	0.00218	0.05210	0.00394	0.00357
12	0.00904	0.00850	0.01395	0.51972	0.09096	0.00978	0.11172	0.05640	0.11306	0.01291	0.00891	0.01153	0.00672	0.00427	0.00425	0.00137	0.00533	0.00398	0.00233	0.00529
13	0.01117	0.61410	0.04179	0.00992	0.11398	0.06390	0.02031	0.01292	0.02165	0.02723	0.00694	0.02690	0.00622	0.00391	0.00310	0.00100	0.00469	0.00280	0.00199	0.00549
14	0.77424	0.00830	0.00679	0.00589	0.00855	0.00950	0.00485	0.08162	0.00833	0.05159	0.00657	0.00732	0.00495	0.00400	0.00277	0.00128	0.00334	0.00245	0.00281	0.00482
15	0.00563	0.00422	0.00523	0.00502	0.00607	0.00381	0.00375	0.00735	0.01111	0.01523	0.62241	0.06155	0.21513	0.00910	0.00492	0.00134	0.00201	0.00794	0.00439	0.00381
16	0.00964	0.00946	0.01490	0.33738	0.47790	0.05508	0.01203	0.01214	0.00914	0.01225	0.00757	0.01043	0.00611	0.00391	0.00411	0.00128	0.00531	0.00364	0.00198	0.00573
17	0.01012	0.00842	0.02124	0.04703	0.18427	0.00877	0.07365	0.15768	0.08531	0.05011	0.04317	0.06794	0.05219	0.04978	0.04109	0.00173	0.04613	0.02318	0.02269	0.00552

[dist]
# distance from previous block
# <min> <max>
0	13

[block]
# block no. 4 follows, 64 sequences, length 33
# corresponding to MSA columns:
# 1658-1690
name=unknown_E
#
# <colnr> <probs for GDERKNQSTAVLIFYWHMCP>
#	G	D	E	R	K	N	Q	S	T	A	V	L	I	F	Y	W	H	M	C	P
0	0.00517	0.00400	0.00462	0.00495	0.00580	0.00356	0.00350	0.00613	0.00889	0.01130	0.10480	0.32403	0.39560	0.07345	0.00626	0.00170	0.00238	0.02660	0.00382	0.00343
1	0.00576	0.00424	0.00539	0.00511	0.00614	0.00387	0.00383	0.00762	0.01149	0.01601	0.73311	0.03209	0.13240	0.00873	0.00490	0.00132	0.00198	0.00766	0.00449	0.00387
2	0.01024	0.00904	0.01562	0.05333	0.26422	0.00899	0.23843	0.01420	0.13115	0.09102	0.05636	0.03596	0.04224	0.00486	0.00447	0.00134	0.00483	0.00485	0.00293	0.00591
3	0.01226	0.01055	0.01471	0.05728	0.36737	0.08231	0.07863	0.14692	0.05485	0.10069	0.00978	0.02893	0.00764	0.00442	0.00420	0.00127	0.00502	0.00400	0.00288	0.00631
4	0.01003	0.00955	0.01479	0.24126	0.48577	0.04906	0.02251	0.05566	0.00984	0.01340	0.02284	0.01086	0.00696	0.00403	0.00410	0.00126	0.00510	0.00374	0.02337	0.00587
5	0.00978	0.02306	0.04192	0.00733	0.01065	0.03946	0.03457	0.08538	0.03916	0.05270	0.03030	0.03371	0.04058	0.00494	0.02429	0.00104	0.00382	0.00353	0.00288	0.51090
6	0.00782	0.03639	0.00751	0.01687	0.00826	0.04788	0.02220	0.06143	0.06249	0.04075	0.22539	0.12635	0.23767	0.00828	0.00461	0.00133	0.00298	0.02485	0.00382	0.05313
7	0.00543	0.00417	0.00496	0.00489	0.00596	0.00371	0.00362	0.00692	0.01051	0.01398	0.44655	0.11488	0.33998	0.00971	0.00494	0.00138	0.00206	0.00841	0.00423	0.00371
8	0.00837	0.00792	0.01341	0.66781	0.20074	0.00937	0.01180	0.01107	0.00855	0.01125	0.00748	0.01090	0.00576	0.00406	0.00414	0.00135	0.00541	0.00369	0.00189	0.00504
9	0.01007	0.00943	0.01564	0.20331	0.60585	0.00991	0.01220	0.05915	0.00980	0.01366	0.00785	0.01044	0.00638	0.00387	0.00412	0.00127	0.00504	0.00370	0.00213	0.00618
10	0.03581	0.00705	0.00824	0.00714	0.00935	0.00719	0.00574	0.14875	0.13712	0.22962	0.04006	0.06595	0.10626	0.00786	0.03637	0.00158	0.00362	0.07907	0.05763	0.00560
11	0.00784	0.00738	0.01246	0.84404	0.02861	0.00923	0.01154	0.01061	0.00831	0.01061	0.00738	0.01107	0.00554	0.00415	0.00415	0.00138	0.00554	0.00369	0.00185	0.00461
12	0.01028	0.00987	0.01686	0.02550	0.82811	0.00987	0.01275	0.01275	0.00946	0.01357	0.00781	0.01028	0.00658	0.00370	0.00411	0.00123	0.00493	0.00370	0.00206	0.00658
13	0.01120	0.00912	0.01295	0.13905	0.31515	0.02915	0.01960	0.19207	0.01971	0.07513	0.03958	0.06317	0.03478	0.00523	0.00428	0.00131	0.00455	0.01499	0.00302	0.00596
14	0.00517	0.00368	0.00487	0.00575	0.00601	0.00346	0.00385	0.00591	0.00798	0.01065	0.04087	0.76808	0.02698	0.05860	0.00616	0.00181	0.00252	0.03050	0.00380	0.00335
15	0.00515	0.00368	0.00492	0.00589	0.00617	0.00345	0.00401	0.00594	0.00804	0.01070	0.02284	0.80757	0.02728	0.01293	0.00533	0.00170	0.00249	0.05468	0.00385	0.00340
16	0.03271	0.00764	0.01063	0.14744	0.01396	0.02699	0.03878	0.04861	0.01113	0.54997	0.01358	0.01316	0.00898	0.00627	0.04948	0.00159	0.00455	0.00405	0.00415	0.00631
17	0.06216	0.68500	0.09987	0.00762	0.01133	0.03282	0.00780	0.03351	0.00875	0.01106	0.00606	0.00698	0.00532	0.00366	0.00285	0.00097	0.00460	0.00236	0.00189	0.00540
18	0.00722	0.00361	0.00541	0.00541	0.00541	0.00361	0.00361	0.00541	0.00541	0.00722	0.00722	0.01263	0.00722	0.01443	0.01623	0.87915	0.00361	0.00361	0.00180	0.00180
19	0.00717	0.00484	0.00688	0.00663	0.00754	0.00541	0.00510	0.04222	0.00742	0.05823	0.01130	0.01644	0.01038	0.08183	0.65489	0.05340	0.00953	0.00446	0.00247	0.00387
20	0.01371	0.16813	0.08019	0.01042	0.04482	0.41036	0.00854	0.14724	0.05498	0.01349	0.00758	0.00839	0.00606	0.00429	0.00367	0.00111	0.00603	0.00295	0.00248	0.00555
21	0.00513	0.00369	0.00487	0.00569	0.00603	0.00343	0.00384	0.00597	0.00833	0.01115	0.09414	0.75743	0.04980	0.01255	0.00526	0.00165	0.00236	0.01135	0.00392	0.00343
22	0.00755	0.00548	0.00695	0.00728	0.00861	0.00552	0.00619	0.06395	0.06339	0.03225	0.04279	0.04022	0.13462	0.01030	0.00536	0.00173	0.00355	0.54608	0.00393	0.00426
23	0.05769	0.00526	0.00688	0.02927	0.06003	0.00506	0.03644	0.02747	0.00955	0.02176	0.16981	0.19651	0.28935	0.02713	0.02321	0.00160	0.00301	0.02230	0.00363	0.00403
24	0.01039	0.01016	0.01648	0.05880	0.76296	0.04238	0.01251	0.01281	0.00950	0.01331	0.00774	0.01020	0.00649	0.00374	0.00410	0.00123	0.00506	0.00366	0.00205	0.00643
25	0.04381	0.00781	0.01010	0.00794	0.01113	0.00685	0.00642	0.03985	0.01244	0.75210	0.01752	0.01583	0.03526	0.00588	0.00456	0.00146	0.00384	0.00455	0.00529	0.00735
26	0.01153	0.47740	0.01798	0.04277	0.09462	0.12690	0.04856	0.01316	0.00939	0.05537	0.02927	0.01018	0.00742	0.00422	0.00339	0.00107	0.00494	0.03425	0.00221	0.00537
27	0.01037	0.12192	0.24534	0.01161	0.06927	0.01136	0.07955	0.17431	0.01051	0.01463	0.00786	0.00973	0.00627	0.00681	0.07450	0.00177	0.13259	0.00350	0.00234	0.00576
28	0.00611	0.00456	0.00655	0.00648	0.00710	0.00529	0.00493	0.00738	0.00662	0.00957	0.01123	0.01749	0.01084	0.14115	0.67629	0.00600	0.04203	0.00462	0.02216	0.00358
29	0.00987	0.00950	0.01521	0.08623	0.65153	0.04167	0.01174	0.01220	0.00940	0.01302	0.00920	0.04808	0.00835	0.00461	0.00425	0.00130	0.00491	0.05067	0.00222	0.00606
30	0.33155	0.03743	0.01027	0.06303	0.04234	0.14789	0.02896	0.01196	0.00796	0.01343	0.00662	0.00885	0.00566	0.00740	0.09057	0.00190	0.17432	0.00304	0.00221	0.00462
31	0.01127	0.00956	0.01003	0.00894	0.02437	0.02611	0.00691	0.14418	0.66871	0.01854	0.01549	0.01441	0.01158	0.00548	0.00420	0.00137	0.00359	0.00449	0.00414	0.00662
32	0.01057	0.00832	0.00928	0.00814	0.01982	0.00907	0.01739	0.24580	0.30989	0.02705	0.06401	0.02089	0.11760	0.03991	0.00513	0.00150	0.00358	0.07228	0.00403	0.00577

[dist]
# distance from previous block
# <min> <max>
0	1

[block]
# block no. 5 follows, 64 sequences, length 38
# corresponding to MSA columns:
# 1692-1729
name=unknown_F
#
# <colnr> <probs for GDERKNQSTAVLIFYWHMCP>
#	G	D	E	R	K	N	Q	S	T	A	V	L	I	F	Y	W	H	M	C	P
0	0.01376	0.21962	0.02889	0.02055	0.01256	0.26218	0.03595	0.25809	0.01306	0.04623	0.00918	0.01006	0.03277	0.00461	0.00374	0.00113	0.00542	0.01366	0.00284	0.00570
1	0.00977	0.07070	0.11575	0.00783	0.01045	0.04195	0.02092	0.15154	0.05518	0.04159	0.05485	0.06740	0.02856	0.13407	0.05095	0.00190	0.01409	0.00462	0.00300	0.11488
2	0.02390	0.03682	0.16968	0.04309	0.17451	0.10747	0.04474	0.11422	0.09546	0.06378	0.04763	0.01134	0.00856	0.00490	0.01686	0.00133	0.00516	0.00375	0.00280	0.02400
3	0.01073	0.03001	0.01522	0.14015	0.50526	0.14713	0.01142	0.01289	0.00945	0.01226	0.00732	0.00977	0.00612	0.00409	0.00465	0.00126	0.06091	0.00349	0.00202	0.00584
4	0.00512	0.00417	0.00452	0.00462	0.00581	0.00360	0.00343	0.00625	0.00952	0.01177	0.12762	0.12132	0.61349	0.02422	0.00524	0.00148	0.00221	0.03816	0.00392	0.00354
5	0.03126	0.07821	0.41852	0.01108	0.04093	0.06960	0.06679	0.05479	0.08445	0.03201	0.01023	0.03880	0.03593	0.00467	0.00400	0.00129	0.00539	0.00381	0.00241	0.00584
6	0.00825	0.00750	0.00845	0.00933	0.12174	0.06167	0.00616	0.01301	0.26917	0.01378	0.09341	0.09332	0.20560	0.00899	0.05923	0.00172	0.00384	0.00623	0.00357	0.00504
7	0.00506	0.00361	0.00482	0.00578	0.00602	0.00337	0.00386	0.00578	0.00795	0.01060	0.02289	0.85131	0.02747	0.01301	0.00530	0.00169	0.00241	0.01181	0.00386	0.00337
8	0.00869	0.00922	0.06862	0.01152	0.07587	0.02155	0.22294	0.01375	0.22687	0.01430	0.09541	0.04879	0.10723	0.00620	0.00464	0.00141	0.00440	0.04999	0.00324	0.00538
9	0.04199	0.05415	0.03792	0.02490	0.08280	0.11606	0.06862	0.07901	0.05832	0.04271	0.01399	0.31801	0.01436	0.00752	0.00460	0.00140	0.01901	0.00655	0.00313	0.00493
10	0.00576	0.00413	0.00555	0.00644	0.00701	0.00398	0.00494	0.00695	0.00859	0.01128	0.02284	0.46093	0.05441	0.04478	0.00608	0.00186	0.00304	0.33410	0.00379	0.00353
11	0.00682	0.00522	0.00619	0.00585	0.00715	0.00521	0.00441	0.01063	0.18231	0.02780	0.47854	0.09166	0.13512	0.00845	0.00478	0.00137	0.00232	0.00736	0.00436	0.00443
12	0.00621	0.00474	0.00596	0.00602	0.00651	0.03236	0.00428	0.00712	0.00675	0.00922	0.01269	0.09581	0.01334	0.30159	0.46300	0.00516	0.00785	0.00559	0.00247	0.00332
13	0.01039	0.01255	0.14526	0.03969	0.07803	0.04084	0.44575	0.04479	0.04515	0.05067	0.00879	0.01081	0.00656	0.00400	0.00487	0.00137	0.03804	0.00428	0.00234	0.00582
14	0.00573	0.00417	0.00539	0.00524	0.00615	0.00383	0.00387	0.00749	0.01117	0.01562	0.68569	0.13347	0.07830	0.00916	0.00495	0.00136	0.00202	0.00811	0.00445	0.00383
15	0.00633	0.00460	0.00560	0.00592	0.00678	0.00447	0.00421	0.02443	0.09665	0.03794	0.10534	0.52085	0.13901	0.01100	0.00503	0.00156	0.00249	0.00978	0.00401	0.00398
16	0.02287	0.05561	0.03151	0.42666	0.13861	0.05324	0.08345	0.04717	0.00909	0.01191	0.00741	0.01037	0.00585	0.00459	0.00496	0.03940	0.03658	0.00363	0.00202	0.00505
17	0.00890	0.00857	0.01494	0.36639	0.35656	0.00925	0.08906	0.01152	0.00901	0.01218	0.00941	0.01307	0.03552	0.00439	0.00429	0.00134	0.00525	0.03278	0.00210	0.00545
18	0.18576	0.00820	0.00946	0.00742	0.01049	0.00817	0.00612	0.19279	0.01257	0.48047	0.01286	0.01181	0.00846	0.00485	0.00384	0.00127	0.00367	0.00370	0.02158	0.00651
19	0.00637	0.00467	0.00551	0.00540	0.00605	0.00484	0.00379	0.00794	0.06176	0.01119	0.11061	0.07586	0.13817	0.33227	0.07551	0.00281	0.04534	0.02642	0.07200	0.00348
20	0.01247	0.05412	0.05963	0.02174	0.01934	0.07260	0.03520	0.12676	0.14468	0.21407	0.05708	0.09082	0.01219	0.00630	0.02060	0.00140	0.00422	0.00481	0.03610	0.00587
21	0.00604	0.00403	0.00453	0.00453	0.00453	0.00403	0.00252	0.00604	0.00604	0.00805	0.01309	0.02718	0.01510	0.85402	0.02114	0.00403	0.00403	0.00604	0.00252	0.00252
22	0.00568	0.00405	0.00543	0.00574	0.00610	0.00425	0.00396	0.00647	0.00691	0.00949	0.01558	0.29434	0.01741	0.26975	0.32102	0.00425	0.00615	0.00734	0.00285	0.00324
23	0.01088	0.18179	0.19161	0.05666	0.07506	0.20437	0.06062	0.02410	0.02408	0.02630	0.05724	0.01037	0.00804	0.00481	0.01996	0.00127	0.00565	0.00338	0.02844	0.00537
24	0.00759	0.00550	0.00618	0.00571	0.00736	0.00534	0.00437	0.01126	0.18767	0.08878	0.22937	0.04250	0.36532	0.00849	0.00470	0.00137	0.00246	0.00719	0.00423	0.00460
25	0.00722	0.00361	0.00541	0.00541	0.00541	0.00361	0.00361	0.00541	0.00541	0.00722	0.00722	0.01263	0.00722	0.01443	0.01623	0.87915	0.00361	0.00361	0.00180	0.00180
26	0.15674	0.00923	0.00997	0.05171	0.01156	0.03096	0.00669	0.35849	0.03350	0.15173	0.04331	0.02838	0.00917	0.03449	0.01774	0.01612	0.01660	0.00396	0.00374	0.00592
27	0.00799	0.00714	0.02672	0.03113	0.09369	0.04326	0.03571	0.04003	0.09703	0.03772	0.09060	0.17050	0.21115	0.05106	0.00582	0.00155	0.03392	0.00692	0.00344	0.00462
28	0.00877	0.06882	0.68801	0.01120	0.01667	0.01014	0.01389	0.04122	0.02953	0.01350	0.02770	0.00941	0.00635	0.00422	0.00423	0.00131	0.03380	0.00321	0.00197	0.00603
29	0.01187	0.00978	0.01321	0.07795	0.28656	0.04448	0.03960	0.26892	0.01294	0.06206	0.06363	0.04080	0.03924	0.00511	0.00427	0.00128	0.00459	0.00444	0.00317	0.00611
30	0.00949	0.08774	0.09955	0.06915	0.13826	0.02226	0.17241	0.04718	0.06028	0.04844	0.02621	0.14984	0.02709	0.00581	0.00438	0.00136	0.00480	0.01757	0.00276	0.00543
31	0.01125	0.05985	0.18190	0.04215	0.04332	0.04319	0.09079	0.11154	0.13433	0.11970	0.01176	0.06881	0.00950	0.00534	0.00443	0.00135	0.02270	0.02900	0.00313	0.00595
32	0.02579	0.05119	0.00713	0.00609	0.00714	0.00533	0.03938	0.00759	0.00811	0.02544	0.08094	0.14571	0.18139	0.18876	0.15317	0.00289	0.02096	0.03621	0.00311	0.00366
33	0.02544	0.10410	0.25178	0.01051	0.09639	0.05107	0.04744	0.07097	0.01005	0.03067	0.06030	0.04265	0.15171	0.02373	0.00448	0.00133	0.00461	0.00475	0.00270	0.00531
34	0.01197	0.01273	0.07639	0.05257	0.30257	0.17919	0.02510	0.17693	0.05471	0.01534	0.00910	0.04793	0.00754	0.00464	0.00411	0.00125	0.00534	0.00389	0.00267	0.00603
35	0.03483	0.01510	0.43062	0.17452	0.08909	0.03509	0.01240	0.03907	0.01969	0.02831	0.00948	0.04215	0.02748	0.00469	0.00408	0.00134	0.00545	0.01882	0.00218	0.00563
36	0.01053	0.07014	0.12330	0.08248	0.27300	0.05057	0.01019	0.06740	0.04438	0.06656	0.02455	0.02966	0.02378	0.00488	0.00450	0.00128	0.04342	0.03261	0.00260	0.03416
37	0.01163	0.05584	0.11794	0.06517	0.06622	0.09605	0.10890	0.07385	0.10167	0.13337	0.02781	0.04853	0.00893	0.00496	0.00456	0.00130	0.04094	0.00418	0.00299	0.02515

[dist]
# distance from previous block
# <min> <max>
2	42

[block]
# block no. 6 follows, 64 sequences, length 79
# corresponding to MSA columns:
# 1778-1822,1827-1860
name=unknown_G
#
# <colnr> <probs for GDERKNQSTAVLIFYWHMCP>
#	G	D	E	R	K	N	Q	S	T	A	V	L	I	F	Y	W	H	M	C	P
0	0.02409	0.00811	0.06028	0.03688	0.11166	0.01449	0.07208	0.08304	0.08110	0.04937	0.07565	0.18222	0.03711	0.04937	0.00535	0.00152	0.00394	0.04768	0.00329	0.05278
1	0.01143	0.04950	0.08089	0.02316	0.05486	0.05028	0.08520	0.18989	0.08286	0.09880	0.04204	0.02382	0.04388	0.02419	0.06332	0.00174	0.03638	0.01813	0.00323	0.01642
2	0.01252	0.11211	0.03820	0.06492	0.06949	0.07940	0.03791	0.23002	0.04248	0.12346	0.03725	0.05403	0.01964	0.00546	0.00431	0.01958	0.00454	0.01855	0.02032	0.00581
3	0.03817	0.15531	0.03662	0.04761	0.07631	0.06353	0.04151	0.16566	0.05543	0.03581	0.08324	0.05088	0.04586	0.04289	0.00500	0.00136	0.02831	0.00444	0.00301	0.01904
4	0.01962	0.07668	0.05430	0.05417	0.07520	0.06493	0.04304	0.10347	0.02481	0.02733	0.04819	0.17160	0.01327	0.01641	0.00514	0.00139	0.06015	0.07169	0.00297	0.06564
5	0.05697	0.03822	0.03611	0.03472	0.04966	0.19866	0.06558	0.11373	0.06661	0.04598	0.06004	0.09947	0.02094	0.04339	0.00519	0.00143	0.02622	0.02893	0.00304	0.00513
6	0.05614	0.12644	0.02597	0.02462	0.05607	0.29292	0.02680	0.09381	0.04564	0.05588	0.03041	0.04987	0.00817	0.00470	0.00373	0.00112	0.00519	0.00354	0.00272	0.08626
7	0.00614	0.00473	0.00588	0.00581	0.00687	0.00467	0.02040	0.03098	0.03996	0.01203	0.08396	0.17550	0.28201	0.06659	0.13694	0.00245	0.01190	0.05538	0.04399	0.00379
8	0.00908	0.00768	0.02452	0.05102	0.06045	0.01701	0.04913	0.04221	0.06315	0.05895	0.12259	0.07917	0.01308	0.00557	0.01427	0.00115	0.02862	0.00452	0.00308	0.34477
9	0.00717	0.00566	0.00671	0.00681	0.01749	0.05693	0.00507	0.01720	0.04804	0.02342	0.02522	0.17880	0.03054	0.03653	0.38561	0.00387	0.02344	0.02302	0.09451	0.00398
10	0.00506	0.00361	0.00482	0.00578	0.00602	0.00337	0.00386	0.00578	0.00795	0.01060	0.02289	0.85131	0.02747	0.01301	0.00530	0.00169	0.00241	0.01181	0.00386	0.00337
11	0.03089	0.08867	0.08394	0.04917	0.14402	0.06751	0.02479	0.15920	0.08124	0.05756	0.00941	0.03444	0.00750	0.00449	0.00400	0.00117	0.01919	0.00361	0.00285	0.12636
12	0.01131	0.06665	0.18561	0.03988	0.08131	0.03397	0.04965	0.14841	0.21469	0.07011	0.01102	0.02758	0.00837	0.00484	0.00434	0.00131	0.02768	0.00395	0.00310	0.00623
13	0.01040	0.00791	0.01000	0.00736	0.01083	0.00670	0.05787	0.09993	0.02193	0.10190	0.04282	0.01102	0.02097	0.00391	0.00355	0.00086	0.00349	0.00328	0.00304	0.57224
14	0.00861	0.00738	0.00861	0.00615	0.00984	0.00554	0.00492	0.01046	0.00861	0.01354	0.00738	0.00861	0.00615	0.00308	0.00308	0.00062	0.00308	0.00246	0.00246	0.87941
15	0.00829	0.00692	0.00813	0.00762	0.02225	0.05328	0.04171	0.09995	0.08151	0.01254	0.01609	0.14411	0.07049	0.22579	0.05593	0.01316	0.04635	0.07853	0.00315	0.00420
16	0.01758	0.00694	0.00937	0.00729	0.01035	0.00603	0.00597	0.01934	0.02525	0.75684	0.03154	0.04316	0.01137	0.00544	0.00421	0.00129	0.00345	0.00447	0.00501	0.02509
17	0.00975	0.00788	0.01157	0.02622	0.25966	0.00798	0.05457	0.11967	0.05962	0.05869	0.10648	0.03308	0.09204	0.02331	0.01933	0.00152	0.00416	0.09565	0.00333	0.00550
18	0.04674	0.05422	0.04435	0.02335	0.03996	0.06160	0.22625	0.09281	0.02380	0.13554	0.01128	0.03926	0.03526	0.00756	0.09494	0.00185	0.00575	0.00434	0.00292	0.04822
19	0.00784	0.00738	0.01246	0.84404	0.02861	0.00923	0.01154	0.01061	0.00831	0.01061	0.00738	0.01107	0.00554	0.00415	0.00415	0.00138	0.00554	0.00369	0.00185	0.00461
20	0.00520	0.00387	0.00485	0.00535	0.00598	0.00351	0.00373	0.00625	0.00905	0.01198	0.19310	0.51709	0.19171	0.01157	0.00514	0.00155	0.00225	0.01030	0.00400	0.00351
21	0.01299	0.03110	0.01266	0.01107	0.04211	0.40659	0.07702	0.04069	0.22764	0.02567	0.00963	0.01032	0.00757	0.00478	0.00465	0.00125	0.06243	0.00355	0.00277	0.00551
22	0.00844	0.02083	0.78933	0.01166	0.01760	0.00968	0.01489	0.01362	0.05135	0.01338	0.00795	0.00912	0.00565	0.00403	0.00396	0.00132	0.00599	0.00315	0.00188	0.00616
23	0.00522	0.00417	0.00468	0.00466	0.00583	0.00362	0.00345	0.00652	0.01004	0.01284	0.28113	0.11004	0.51290	0.01012	0.00494	0.00140	0.00209	0.00865	0.00408	0.00362
24	0.00989	0.01062	0.01126	0.01019	0.02929	0.22789	0.04331	0.01116	0.00811	0.01016	0.00761	0.01097	0.00698	0.01346	0.25967	0.00306	0.31618	0.00369	0.00204	0.00446
25	0.21790	0.22650	0.04478	0.00900	0.05367	0.23806	0.00728	0.05049	0.02465	0.01329	0.00688	0.00812	0.00573	0.00527	0.04037	0.00137	0.02290	0.00273	0.01594	0.00508
26	0.00608	0.00508	0.00725	0.00694	0.00783	0.00525	0.06021	0.00742	0.01762	0.01132	0.08238	0.32968	0.18774	0.02724	0.09325	0.00216	0.09135	0.04402	0.00339	0.00379
27	0.00561	0.00407	0.00518	0.00588	0.00636	0.00388	0.00402	0.04820	0.00866	0.01146	0.02345	0.75482	0.07797	0.01243	0.00522	0.00165	0.00250	0.01119	0.00387	0.00358
28	0.00656	0.00478	0.00548	0.00534	0.00595	0.01282	0.00361	0.05908	0.00780	0.01023	0.01777	0.05517	0.14465	0.47205	0.14389	0.00367	0.00484	0.03019	0.00287	0.00325
29	0.03909	0.01055	0.01172	0.03450	0.01282	0.06604	0.06644	0.36111	0.24353	0.03566	0.01234	0.05065	0.00969	0.00545	0.00424	0.00133	0.00443	0.02034	0.00377	0.00628
30	0.00593	0.00445	0.00668	0.00668	0.00742	0.00519	0.00519	0.00742	0.00668	0.00964	0.01113	0.01632	0.01038	0.03115	0.83756	0.00668	0.01113	0.00445	0.00223	0.00371
31	0.00597	0.00433	0.00510	0.00535	0.00620	0.00403	0.00375	0.02877	0.03033	0.03462	0.07180	0.39938	0.27668	0.09582	0.00666	0.00178	0.00256	0.00941	0.00382	0.00365
32	0.50997	0.00801	0.00761	0.00634	0.00905	0.00870	0.00521	0.12217	0.00996	0.20355	0.00929	0.00946	0.00658	0.00437	0.00317	0.00126	0.00338	0.00300	0.06354	0.00538
33	0.00512	0.00370	0.00485	0.00572	0.00608	0.00344	0.00390	0.00592	0.00818	0.01081	0.03871	0.75502	0.08312	0.01271	0.00528	0.00167	0.00242	0.03608	0.00387	0.00341
34	0.00504	0.00419	0.00438	0.00445	0.00572	0.00357	0.00332	0.00611	0.00941	0.01139	0.07410	0.08365	0.70611	0.03003	0.00533	0.00149	0.00221	0.03215	0.00386	0.00350
35	0.00689	0.00468	0.00580	0.00607	0.00710	0.00441	0.00458	0.05555	0.00959	0.06850	0.03486	0.40640	0.21115	0.01110	0.00513	0.00160	0.00278	0.14589	0.00396	0.00396
36	0.88336	0.00803	0.00611	0.00546	0.00803	0.00932	0.00450	0.01221	0.00707	0.01864	0.00578	0.00675	0.00450	0.00386	0.00257	0.00129	0.00321	0.00225	0.00257	0.00450
37	0.00784	0.00738	0.01246	0.84404	0.02861	0.00923	0.01154	0.01061	0.00831	0.01061	0.00738	0.01107	0.00554	0.00415	0.00415	0.00138	0.00554	0.00369	0.00185	0.00461
38	0.00524	0.00380	0.00498	0.00586	0.00629	0.00355	0.00413	0.00613	0.00828	0.01087	0.02449	0.68502	0.09800	0.01261	0.00532	0.00169	0.00255	0.10390	0.00385	0.00344
