[name]
unknown

[dist]
# distance from previous block
# <min> <max>
0	0

[block]
# block no. 0 follows, 73 sequences, length 72
# corresponding to MSA columns:
# 0-71
name=unknown_A
#
# <colnr> <probs for GDERKNQSTAVLIFYWHMCP>
#	G	D	E	R	K	N	Q	S	T	A	V	L	I	F	Y	W	H	M	C	P
0	0.00605	0.00432	0.00605	0.00691	0.00777	0.00432	0.00605	0.00777	0.00864	0.01123	0.01986	0.04232	0.02159	0.01036	0.00518	0.00173	0.00345	0.81949	0.00345	0.00345
1	0.00990	0.82528	0.06362	0.00665	0.00998	0.01452	0.00681	0.01127	0.00764	0.00899	0.00530	0.00612	0.00481	0.00323	0.00247	0.00082	0.00409	0.00205	0.00160	0.00485
2	0.00609	0.00425	0.00467	0.00441	0.00582	0.00371	0.00336	0.00757	0.04306	0.10341	0.11108	0.05647	0.61512	0.00867	0.00435	0.00125	0.00208	0.00728	0.00369	0.00367
3	0.00506	0.00391	0.00471	0.00471	0.00573	0.00348	0.01975	0.00629	0.02272	0.02899	0.16847	0.25981	0.43375	0.00950	0.00450	0.00132	0.00209	0.00825	0.00359	0.00335
4	0.00466	0.00333	0.00430	0.00504	0.00528	0.00312	0.00332	0.00526	0.00705	0.00935	0.02047	0.73567	0.06008	0.10636	0.00636	0.00175	0.00233	0.00997	0.00335	0.00297
5	0.87718	0.00732	0.00563	0.00501	0.00734	0.00848	0.00412	0.02732	0.00661	0.01697	0.00530	0.00615	0.00411	0.00350	0.00235	0.00116	0.00293	0.00206	0.00235	0.00411
6	0.00446	0.00373	0.00389	0.00401	0.00513	0.00316	0.00295	0.00538	0.00839	0.01012	0.04565	0.15149	0.71920	0.00979	0.00448	0.00130	0.00194	0.00829	0.00349	0.00316
7	0.00798	0.00749	0.01257	0.47267	0.26562	0.00844	0.05853	0.01093	0.06097	0.01109	0.00762	0.01022	0.00592	0.00371	0.00374	0.00120	0.00465	0.00347	0.03836	0.00483
8	0.00643	0.00505	0.00596	0.00563	0.00683	0.00523	0.00424	0.01074	0.26037	0.01456	0.48901	0.10718	0.04913	0.00735	0.00428	0.00124	0.00218	0.00643	0.00395	0.00421
9	0.02787	0.01017	0.10278	0.04053	0.29708	0.00893	0.29701	0.06327	0.01957	0.07501	0.00810	0.01823	0.00620	0.00359	0.00394	0.00119	0.00505	0.00375	0.00221	0.00553
10	0.04335	0.62725	0.01724	0.00813	0.06993	0.16101	0.00684	0.01190	0.00817	0.00943	0.00545	0.00639	0.00487	0.00334	0.00267	0.00087	0.00449	0.00218	0.00171	0.00479
11	0.08667	0.01082	0.19886	0.00800	0.01123	0.00889	0.00771	0.33242	0.02948	0.15727	0.00949	0.00969	0.00667	0.00427	0.00367	0.00114	0.02152	0.00322	0.08332	0.00568
12	0.00662	0.00521	0.00615	0.00567	0.00696	0.00543	0.00432	0.01127	0.28029	0.01526	0.57305	0.02345	0.02759	0.00683	0.00423	0.00121	0.00216	0.00596	0.00403	0.00432
13	0.00448	0.00370	0.00393	0.00409	0.00515	0.00315	0.00299	0.00539	0.00833	0.01013	0.05130	0.19443	0.67020	0.00989	0.00450	0.00131	0.00195	0.00842	0.00350	0.00315
14	0.00470	0.00355	0.00435	0.00473	0.00539	0.00320	0.00334	0.00568	0.00831	0.01089	0.19657	0.44289	0.26316	0.01024	0.00462	0.00138	0.00203	0.01816	0.00362	0.00319
15	0.01504	0.00599	0.00813	0.00637	0.00896	0.00521	0.00521	0.01655	0.01072	0.71817	0.14330	0.01514	0.01334	0.00511	0.00387	0.00116	0.00297	0.00424	0.00456	0.00594
16	0.01029	0.00831	0.00886	0.00773	0.01000	0.00948	0.00608	0.12752	0.69523	0.05095	0.01442	0.01329	0.01069	0.00499	0.00381	0.00125	0.00313	0.00411	0.00384	0.00602
17	0.01426	0.01051	0.01126	0.00863	0.01163	0.01163	0.00713	0.83224	0.01764	0.02364	0.00901	0.00901	0.00638	0.00450	0.00375	0.00113	0.00413	0.00338	0.00375	0.00638
18	0.00884	0.00851	0.01408	0.19482	0.63727	0.02549	0.01106	0.01109	0.00837	0.01162	0.00729	0.01025	0.00614	0.00362	0.00375	0.00116	0.00459	0.02472	0.00186	0.00548
19	0.01644	0.00800	0.00898	0.00709	0.00986	0.12441	0.00576	0.01782	0.01072	0.72977	0.01354	0.01193	0.00866	0.00453	0.00372	0.00113	0.00369	0.00358	0.00426	0.00610
20	0.00968	0.00475	0.00610	0.00524	0.00667	0.00430	0.00391	0.01080	0.00914	0.32909	0.25563	0.02174	0.06564	0.24108	0.00817	0.00185	0.00283	0.00534	0.00378	0.00426
21	0.01030	0.00755	0.00836	0.00731	0.00946	0.00836	0.00576	0.07211	0.58072	0.13273	0.08483	0.01526	0.01305	0.00531	0.00389	0.00125	0.00299	0.02105	0.00395	0.00578
22	0.00714	0.00672	0.01135	0.83914	0.04542	0.00835	0.01045	0.00963	0.00753	0.00965	0.00668	0.00999	0.00502	0.00374	0.00375	0.00125	0.00499	0.00333	0.00167	0.00421
23	0.89465	0.00726	0.00551	0.00493	0.00726	0.00842	0.00406	0.01103	0.00638	0.01683	0.00522	0.00609	0.00406	0.00348	0.00232	0.00116	0.00290	0.00203	0.00232	0.00406
24	0.00453	0.00380	0.00394	0.00390	0.00513	0.00321	0.00293	0.00557	0.00878	0.01068	0.12810	0.03520	0.75279	0.00930	0.00443	0.00126	0.00189	0.00779	0.00356	0.00321
25	0.01406	0.01041	0.01115	0.00859	0.01156	0.01154	0.00708	0.79883	0.05138	0.02332	0.00927	0.00921	0.00659	0.00453	0.00376	0.00113	0.00408	0.00341	0.00376	0.00636
26	0.00493	0.00382	0.00448	0.00432	0.00537	0.00338	0.00324	0.00634	0.00971	0.01289	0.48923	0.03158	0.39028	0.00847	0.00443	0.00122	0.00183	0.00728	0.00385	0.00338
27	0.00477	0.00345	0.00455	0.00537	0.00574	0.00323	0.00380	0.00559	0.00748	0.00985	0.02170	0.69598	0.07785	0.01141	0.00482	0.00154	0.00234	0.12394	0.00348	0.00311
28	0.02256	0.01027	0.01447	0.02066	0.69666	0.13744	0.02005	0.01204	0.00883	0.01185	0.00685	0.00887	0.00574	0.00342	0.00365	0.00109	0.00481	0.00320	0.00188	0.00566
29	0.01126	0.36827	0.03408	0.00733	0.00975	0.02823	0.00661	0.04167	0.03678	0.21042	0.04520	0.00945	0.00754	0.00450	0.00480	0.00110	0.16227	0.00303	0.00261	0.00510
30	0.03466	0.20503	0.01345	0.00927	0.04790	0.09152	0.10604	0.12273	0.30377	0.01400	0.00970	0.00995	0.00751	0.00412	0.00348	0.00111	0.00419	0.00337	0.00277	0.00543
31	0.01003	0.87041	0.01966	0.00642	0.00963	0.01485	0.00642	0.01123	0.00762	0.00883	0.00522	0.00602	0.00481	0.00321	0.00241	0.00080	0.00401	0.00201	0.00160	0.00481
32	0.01002	0.71145	0.01848	0.04125	0.09517	0.05138	0.00713	0.01137	0.00785	0.00922	0.00549	0.00654	0.00494	0.00327	0.00264	0.00086	0.00422	0.00221	0.00165	0.00488
33	0.00929	0.00891	0.01523	0.02303	0.84475	0.00891	0.01151	0.01151	0.00854	0.01226	0.00706	0.00929	0.00594	0.00334	0.00371	0.00111	0.00446	0.00334	0.00186	0.00594
34	0.00892	0.00734	0.00807	0.00729	0.00919	0.00840	0.00568	0.04171	0.64009	0.03481	0.05125	0.01455	0.01203	0.00841	0.12300	0.00193	0.00395	0.00429	0.00360	0.00549
35	0.00652	0.00594	0.00947	0.64804	0.02073	0.00708	0.00859	0.00869	0.00781	0.01000	0.04937	0.03548	0.13963	0.00504	0.00389	0.00125	0.00423	0.00439	0.01989	0.00394
36	0.00852	0.05958	0.07168	0.03592	0.09196	0.05083	0.24583	0.02939	0.02516	0.03434	0.07743	0.03827	0.03235	0.00513	0.00459	0.00125	0.05762	0.09434	0.00244	0.03337
37	0.00458	0.00332	0.00433	0.00511	0.00542	0.00307	0.00344	0.00528	0.00737	0.00976	0.04342	0.78701	0.08105	0.01149	0.00475	0.00150	0.00215	0.01038	0.00350	0.00307
38	0.02416	0.01263	0.01042	0.00871	0.01115	0.32445	0.00687	0.38990	0.08348	0.05513	0.00887	0.03143	0.00683	0.00450	0.00363	0.00109	0.00490	0.00329	0.00310	0.00547
39	0.00970	0.21332	0.15649	0.00868	0.06883	0.00923	0.03586	0.05684	0.09181	0.08485	0.00809	0.00870	0.00623	0.00355	0.00319	0.00094	0.00391	0.00282	0.00238	0.22458
40	0.02639	0.00896	0.01115	0.01093	0.11235	0.10741	0.00802	0.00980	0.00668	0.00954	0.00584	0.00898	0.00555	0.02450	0.07760	0.00188	0.55512	0.00327	0.00176	0.00426
41	0.01074	0.01077	0.00844	0.00749	0.00939	0.31318	0.00576	0.13509	0.18052	0.02176	0.06866	0.01446	0.11886	0.00525	0.00368	0.00110	0.00420	0.00404	0.07189	0.00472
42	0.00655	0.00382	0.00509	0.00541	0.00613	0.00349	0.00383	0.00743	0.00803	0.14002	0.07736	0.64282	0.04017	0.01029	0.00461	0.00144	0.00232	0.02386	0.00371	0.00361
43	0.00554	0.00406	0.00538	0.00600	0.00685	0.00391	0.00499	0.00701	0.00862	0.01119	0.09644	0.13922	0.15850	0.01015	0.00494	0.00158	0.00289	0.51584	0.00352	0.00337
44	0.16803	0.00735	0.00863	0.00676	0.00957	0.00725	0.00558	0.17015	0.02855	0.53140	0.01206	0.01093	0.00788	0.00443	0.00352	0.00116	0.00331	0.00341	0.00406	0.00597
45	0.00529	0.00376	0.00457	0.00457	0.00492	0.00385	0.00300	0.00578	0.00604	0.00806	0.01502	0.02356	0.12887	0.52400	0.23919	0.00394	0.00510	0.00542	0.00237	0.00269
46	0.03016	0.00853	0.00898	0.00759	0.00988	0.02750	0.00603	0.27924	0.42558	0.03935	0.10434	0.01358	0.01211	0.00511	0.00382	0.00120	0.00330	0.00415	0.00378	0.00575
47	0.89465	0.00726	0.00551	0.00493	0.00726	0.00842	0.00406	0.01103	0.00638	0.01683	0.00522	0.00609	0.00406	0.00348	0.00232	0.00116	0.00290	0.00203	0.00232	0.00406
48	0.00757	0.03617	0.83237	0.01061	0.01611	0.00883	0.01372	0.01187	0.00792	0.01182	0.00670	0.00788	0.00475	0.00356	0.00354	0.00118	0.00551	0.00276	0.00158	0.00553
49	0.01503	0.00796	0.00958	0.00731	0.01029	0.00777	0.00602	0.32313	0.01306	0.46056	0.01187	0.01089	0.00785	0.00442	0.00367	0.00109	0.00351	0.00348	0.00408	0.08844
50	0.89465	0.00726	0.00551	0.00493	0.00726	0.00842	0.00406	0.01103	0.00638	0.01683	0.00522	0.00609	0.00406	0.00348	0.00232	0.00116	0.00290	0.00203	0.00232	0.00406
51	0.01003	0.87041	0.01966	0.00642	0.00963	0.01485	0.00642	0.01123	0.00762	0.00883	0.00522	0.00602	0.00481	0.00321	0.00241	0.00080	0.00401	0.00201	0.00160	0.00481
52	0.00976	0.00800	0.00879	0.00769	0.00988	0.00907	0.02226	0.07112	0.69833	0.05006	0.05161	0.01418	0.01199	0.00511	0.00385	0.00125	0.00307	0.00428	0.00382	0.00586
53	0.00736	0.00485	0.00601	0.00537	0.00672	0.00470	0.00414	0.04638	0.09541	0.10736	0.59924	0.02436	0.05910	0.00700	0.00426	0.00119	0.00216	0.00608	0.00411	0.00421
54	0.00924	0.01060	0.01993	0.01460	0.01781	0.08511	0.66647	0.01195	0.00867	0.01143	0.00714	0.00961	0.00553	0.00360	0.00521	0.00128	0.10092	0.00412	0.00187	0.00489
55	0.00546	0.00364	0.00409	0.00409	0.00409	0.00364	0.00227	0.00546	0.00546	0.00727	0.01182	0.02455	0.01364	0.86815	0.01910	0.00364	0.00364	0.00546	0.00227	0.00227
56	0.01664	0.00669	0.00889	0.00682	0.00973	0.00596	0.00563	0.07820	0.01125	0.78671	0.01437	0.01249	0.00907	0.00463	0.00377	0.00116	0.00326	0.00374	0.00458	0.00638
57	0.00859	0.03049	0.74361	0.01019	0.01540	0.00845	0.01283	0.01258	0.00823	0.10423	0.00760	0.00843	0.00525	0.00368	0.00357	0.00118	0.00526	0.00287	0.00192	0.00563
58	0.00539	0.00407	0.00605	0.00605	0.00668	0.00475	0.00469	0.00668	0.00605	0.00872	0.01031	0.04159	0.00984	0.03768	0.80097	0.00578	0.02508	0.00423	0.00205	0.00334
59	0.00483	0.00386	0.00411	0.00408	0.00530	0.00329	0.00308	0.00590	0.00881	0.02772	0.12991	0.05187	0.69390	0.00926	0.00445	0.00127	0.00196	0.02953	0.00358	0.00328
60	0.00886	0.00975	0.02047	0.01686	0.16645	0.00924	0.66245	0.01181	0.00879	0.01204	0.00783	0.01085	0.00617	0.00339	0.00432	0.00125	0.00591	0.02645	0.00193	0.00517
61	0.03427	0.00637	0.00860	0.00662	0.00948	0.00555	0.00546	0.01800	0.01065	0.82019	0.02507	0.01283	0.00951	0.00466	0.00375	0.00116	0.00317	0.00378	0.00459	0.00630
62	0.01401	0.01788	0.01063	0.00967	0.01160	0.85309	0.00725	0.01498	0.01063	0.00918	0.00580	0.00677	0.00483	0.00387	0.00338	0.00097	0.00677	0.00242	0.00193	0.00435
63	0.00550	0.00425	0.00490	0.00482	0.00602	0.00395	0.00376	0.00755	0.07379	0.02654	0.27017	0.03242	0.41934	0.00865	0.00447	0.00130	0.00217	0.11310	0.00372	0.00359
64	0.00951	0.00951	0.01974	0.05331	0.11028	0.00903	0.63322	0.01239	0.00892	0.08355	0.00811	0.01025	0.00600	0.00334	0.00426	0.00124	0.00579	0.00420	0.00212	0.00523
65	0.00457	0.00326	0.00435	0.00522	0.00544	0.00305	0.00348	0.00522	0.00718	0.00958	0.02068	0.86570	0.02481	0.01175	0.00479	0.00152	0.00218	0.01067	0.00348	0.00305
66	0.00568	0.00443	0.00641	0.00623	0.00675	0.00531	0.00480	0.00681	0.00593	0.00858	0.00969	0.01514	0.00938	0.12123	0.66669	0.00528	0.10225	0.00410	0.00200	0.00331
67	0.19135	0.02030	0.16105	0.00774	0.01075	0.04313	0.00723	0.25235	0.09979	0.08747	0.01013	0.03324	0.02726	0.00464	0.00349	0.00118	0.00391	0.02661	0.00303	0.00536
68	0.00648	0.00596	0.00575	0.00603	0.00712	0.12289	0.00480	0.00782	0.01923	0.01046	0.03180	0.13670	0.29513	0.00924	0.00461	0.00143	0.00322	0.31461	0.00327	0.00347
69	0.00788	0.00709	0.01125	0.76507	0.02427	0.00870	0.01006	0.10056	0.00862	0.01114	0.00693	0.00989	0.00515	0.00383	0.00375	0.00124	0.00490	0.00334	0.00190	0.00441
70	0.00796	0.01624	0.58210	0.00966	0.01367	0.09691	0.01121	0.01114	0.00772	0.01079	0.00717	0.00986	0.00589	0.10016	0.03111	0.00161	0.06710	0.00311	0.00171	0.00489
71	0.16641	0.08953	0.03242	0.00819	0.01061	0.41761	0.01837	0.06466	0.04400	0.10444	0.00728	0.00776	0.00557	0.00390	0.00322	0.00104	0.00510	0.00264	0.00245	0.00480

[dist]
# distance from previous block
# <min> <max>
2	25

[block]
# block no. 1 follows, 73 sequences, length 36
# corresponding to MSA columns:
# 97-132
name=unknown_B
#
# <colnr> <probs for GDERKNQSTAVLIFYWHMCP>
#	G	D	E	R	K	N	Q	S	T	A	V	L	I	F	Y	W	H	M	C	P
0	0.00502	0.00365	0.00485	0.00555	0.00606	0.00339	0.00400	0.00593	0.00748	0.01003	0.01974	0.66776	0.02314	0.01100	0.00475	0.00151	0.00244	0.15708	0.00341	0.05323
1	0.01275	0.04482	0.06798	0.06914	0.01273	0.03374	0.00768	0.60873	0.05160	0.02026	0.00867	0.00902	0.00627	0.00430	0.00366	0.00112	0.00427	0.00326	0.00329	0.02669
2	0.00849	0.00709	0.00802	0.00603	0.00908	0.00611	0.00482	0.10281	0.09808	0.01376	0.00962	0.01018	0.05354	0.00360	0.00309	0.00074	0.00290	0.00289	0.00264	0.64651
3	0.00951	0.00935	0.01476	0.02571	0.42970	0.05492	0.15697	0.07091	0.04100	0.01257	0.00766	0.02417	0.00639	0.00451	0.02574	0.00130	0.07627	0.00364	0.00210	0.02282
4	0.01561	0.00923	0.06596	0.00752	0.01047	0.12868	0.00645	0.07704	0.01104	0.60934	0.01253	0.01130	0.00812	0.00445	0.00370	0.00113	0.00394	0.00348	0.00398	0.00603
5	0.00650	0.00504	0.00622	0.00562	0.00707	0.00491	0.04067	0.00976	0.17580	0.05282	0.29286	0.07357	0.28921	0.00763	0.00430	0.00125	0.00235	0.00661	0.00375	0.00408
6	0.01589	0.00786	0.00947	0.00732	0.01021	0.02712	0.00602	0.24943	0.02893	0.57748	0.01295	0.01159	0.00840	0.00459	0.00376	0.00115	0.00354	0.00364	0.00431	0.00633
7	0.01389	0.01100	0.01112	0.00876	0.01144	0.10178	0.00717	0.65886	0.01581	0.04889	0.00857	0.00884	0.00621	0.00459	0.00432	0.00115	0.06488	0.00328	0.00344	0.00600
8	0.00544	0.00368	0.00432	0.00432	0.00439	0.00376	0.00255	0.00560	0.00552	0.00744	0.01162	0.02341	0.01315	0.77061	0.11596	0.00392	0.00438	0.00529	0.00224	0.00240
9	0.00591	0.00454	0.00549	0.00513	0.00625	0.00448	0.00388	0.00909	0.14948	0.01471	0.63159	0.02639	0.10376	0.00740	0.00432	0.00120	0.00198	0.00646	0.00402	0.00391
10	0.00709	0.00667	0.01125	0.85913	0.02584	0.00834	0.01042	0.00959	0.00750	0.00959	0.00667	0.01000	0.00500	0.00375	0.00375	0.00125	0.00500	0.00333	0.00167	0.00417
11	0.02382	0.01175	0.01348	0.01169	0.07613	0.28760	0.23003	0.09149	0.06041	0.01211	0.00845	0.08097	0.00738	0.00461	0.00446	0.00119	0.06331	0.00398	0.00232	0.00482
12	0.00798	0.01543	0.52367	0.01174	0.01637	0.00885	0.24282	0.01245	0.07936	0.01219	0.00804	0.02986	0.00608	0.00378	0.00386	0.00123	0.00546	0.00356	0.00191	0.00538
13	0.00457	0.00326	0.00435	0.00522	0.00544	0.00305	0.00348	0.00522	0.00718	0.00958	0.02068	0.86570	0.02481	0.01175	0.00479	0.00152	0.00218	0.01067	0.00348	0.00305
14	0.01683	0.00638	0.00871	0.00668	0.00958	0.00551	0.00551	0.01828	0.01074	0.84734	0.01480	0.01277	0.00929	0.00464	0.00377	0.00116	0.00319	0.00377	0.00464	0.00638
15	0.00983	0.05755	0.01306	0.04423	0.42525	0.02589	0.02045	0.09351	0.24420	0.01399	0.00944	0.01040	0.00742	0.00396	0.00368	0.00115	0.00407	0.00352	0.00258	0.00582
16	0.01454	0.01006	0.01098	0.00842	0.01141	0.01097	0.00696	0.74430	0.01689	0.11263	0.00963	0.00941	0.00669	0.00452	0.00376	0.00113	0.00403	0.00342	0.00385	0.00638
17	0.00452	0.00348	0.00414	0.00466	0.00529	0.00309	0.00323	0.00529	0.00772	0.00980	0.02752	0.53820	0.34790	0.01086	0.00465	0.00142	0.00207	0.00958	0.00348	0.00309
18	0.00709	0.00667	0.01125	0.85913	0.02584	0.00834	0.01042	0.00959	0.00750	0.00959	0.00667	0.01000	0.00500	0.00375	0.00375	0.00125	0.00500	0.00333	0.00167	0.00417
19	0.01388	0.01032	0.01104	0.00855	0.01149	0.01146	0.00704	0.76887	0.08163	0.02302	0.00950	0.00940	0.00678	0.00455	0.00376	0.00114	0.00404	0.00345	0.00376	0.00635
20	0.00709	0.00667	0.01125	0.85913	0.02584	0.00834	0.01042	0.00959	0.00750	0.00959	0.00667	0.01000	0.00500	0.00375	0.00375	0.00125	0.00500	0.00333	0.00167	0.00417
21	0.00949	0.00890	0.01469	0.05022	0.74741	0.00906	0.01108	0.05798	0.03137	0.01290	0.00738	0.00942	0.00608	0.00347	0.00372	0.00112	0.00442	0.00337	0.00201	0.00591
22	0.00778	0.00667	0.00778	0.00556	0.00889	0.00500	0.00445	0.00945	0.00778	0.01223	0.00667	0.00778	0.00556	0.00278	0.00278	0.00056	0.00278	0.00222	0.00222	0.89108
23	0.00538	0.00395	0.00568	0.00568	0.00622	0.00450	0.00425	0.00647	0.00592	0.00845	0.01037	0.01653	0.01016	0.18183	0.70065	0.00559	0.00888	0.00428	0.00206	0.00315
24	0.00909	0.01047	0.02162	0.01554	0.01925	0.04749	0.79401	0.01215	0.00894	0.01189	0.00751	0.00997	0.00565	0.00319	0.00438	0.00125	0.00634	0.00434	0.00190	0.00503
25	0.00577	0.00394	0.00516	0.00480	0.00576	0.00362	0.00362	0.00752	0.01062	0.04808	0.80990	0.02742	0.03436	0.00755	0.00440	0.00118	0.00183	0.00667	0.00415	0.00365
26	0.01340	0.01684	0.01201	0.01038	0.01255	0.73883	0.10538	0.02801	0.01053	0.00976	0.00607	0.00720	0.00496	0.00379	0.00351	0.00100	0.00667	0.00267	0.00196	0.00447
27	0.00563	0.00383	0.00487	0.00480	0.00568	0.00354	0.00360	0.00716	0.00966	0.03799	0.52797	0.14178	0.10428	0.00822	0.00437	0.00124	0.00197	0.05295	0.06694	0.00351
28	0.00463	0.00339	0.00436	0.00510	0.00549	0.00312	0.00351	0.00538	0.00749	0.00983	0.04036	0.71104	0.12776	0.01133	0.00475	0.00149	0.00218	0.04220	0.00350	0.00309
29	0.00466	0.00379	0.00432	0.00452	0.00539	0.00345	0.00328	0.00557	0.00815	0.01022	0.07976	0.29434	0.50870	0.00999	0.00482	0.00136	0.03251	0.00855	0.00346	0.00319
30	0.53707	0.00690	0.00681	0.00564	0.00820	0.00723	0.00465	0.01398	0.00816	0.35515	0.00913	0.00881	0.00619	0.00396	0.00291	0.00116	0.00302	0.00274	0.00327	0.00501
31	0.89465	0.00726	0.00551	0.00493	0.00726	0.00842	0.00406	0.01103	0.00638	0.01683	0.00522	0.00609	0.00406	0.00348	0.00232	0.00116	0.00290	0.00203	0.00232	0.00406
32	0.02577	0.00431	0.00587	0.00570	0.00652	0.00469	0.00428	0.00795	0.03612	0.07982	0.03824	0.07295	0.01189	0.16122	0.51220	0.00450	0.00722	0.00473	0.00251	0.00352
33	0.01005	0.69221	0.03614	0.00746	0.03669	0.04719	0.00688	0.02626	0.03734	0.00954	0.00574	0.00666	0.00512	0.00354	0.00319	0.00090	0.05619	0.00226	0.00174	0.00487
34	0.08757	0.10017	0.06065	0.00848	0.08927	0.04874	0.00651	0.07000	0.24592	0.05869	0.07407	0.02415	0.05159	0.00474	0.00352	0.00112	0.00348	0.00381	0.00299	0.05453
35	0.09680	0.09098	0.01279	0.08543	0.36740	0.04228	0.02338	0.04016	0.04548	0.04844	0.05442	0.00998	0.00753	0.00400	0.00401	0.00114	0.05499	0.00332	0.00225	0.00521

[dist]
# distance from previous block
# <min> <max>
0	25

[block]
# block no. 2 follows, 73 sequences, length 77
# corresponding to MSA columns:
# 158-234
name=unknown_C
#
# <colnr> <probs for GDERKNQSTAVLIFYWHMCP>
#	G	D	E	R	K	N	Q	S	T	A	V	L	I	F	Y	W	H	M	C	P
0	0.00457	0.00326	0.00435	0.00522	0.00544	0.00305	0.00348	0.00522	0.00718	0.00958	0.02068	0.86570	0.02481	0.01175	0.00479	0.00152	0.00218	0.01067	0.00348	0.00305
1	0.00982	0.00940	0.00837	0.00759	0.00907	0.26747	0.00589	0.12558	0.02310	0.04366	0.00883	0.01141	0.00758	0.02388	0.40792	0.00344	0.01695	0.00344	0.00236	0.00424
2	0.00698	0.00550	0.01000	0.00841	0.00973	0.00534	0.23546	0.01686	0.00708	0.00945	0.01080	0.06386	0.02417	0.01018	0.04460	0.36404	0.00437	0.15777	0.00222	0.00316
3	0.00450	0.00379	0.00390	0.00389	0.00511	0.00319	0.00291	0.00550	0.00868	0.01048	0.09523	0.04863	0.77258	0.00941	0.00444	0.00126	0.00190	0.00788	0.00353	0.00319
4	0.01003	0.87041	0.01966	0.00642	0.00963	0.01485	0.00642	0.01123	0.00762	0.00883	0.00522	0.00602	0.00481	0.00321	0.00241	0.00080	0.00401	0.00201	0.00160	0.00481
5	0.00536	0.00402	0.00603	0.00603	0.00670	0.00469	0.00469	0.00670	0.00603	0.00871	0.01005	0.01474	0.00938	0.02814	0.85328	0.00603	0.01005	0.00402	0.00201	0.00335
6	0.00457	0.00328	0.00434	0.00519	0.00543	0.00305	0.00347	0.00523	0.00722	0.00959	0.02115	0.84335	0.04686	0.01169	0.00478	0.00152	0.00217	0.01059	0.00348	0.00305
7	0.76595	0.00713	0.00598	0.00519	0.00760	0.00799	0.00428	0.01209	0.00702	0.13860	0.00663	0.00707	0.00483	0.00365	0.00253	0.00116	0.00294	0.00229	0.00266	0.00440
8	0.01031	0.00820	0.00877	0.00764	0.00990	0.00929	0.00601	0.12401	0.66929	0.06400	0.02269	0.01364	0.01901	0.00506	0.00382	0.00125	0.00311	0.00416	0.00386	0.00597
9	0.00915	0.00933	0.01356	0.13643	0.26934	0.12706	0.17021	0.04509	0.00910	0.01164	0.00924	0.04110	0.00842	0.00474	0.00405	0.00124	0.00500	0.11823	0.00220	0.00487
10	0.00637	0.00416	0.00533	0.00490	0.00598	0.00388	0.00372	0.00841	0.03975	0.07638	0.70476	0.02589	0.04223	0.00723	0.00428	0.00117	0.00192	0.00634	0.04349	0.00383
11	0.00887	0.19100	0.46478	0.01073	0.09032	0.01013	0.03774	0.06913	0.03919	0.02309	0.01764	0.00834	0.00571	0.00365	0.00341	0.00110	0.00489	0.00288	0.00193	0.00547
12	0.00519	0.00422	0.00675	0.00657	0.00733	0.00394	0.11313	0.00626	0.00768	0.01031	0.08002	0.67820	0.03508	0.01028	0.00471	0.00146	0.00269	0.00951	0.00332	0.00335
13	0.00778	0.00667	0.00778	0.00556	0.00889	0.00500	0.00445	0.00945	0.00778	0.01223	0.00667	0.00778	0.00556	0.00278	0.00278	0.00056	0.00278	0.00222	0.00222	0.89108
14	0.00536	0.00402	0.00603	0.00603	0.00670	0.00469	0.00469	0.00670	0.00603	0.00871	0.01005	0.01474	0.00938	0.02814	0.85328	0.00603	0.01005	0.00402	0.00201	0.00335
15	0.14565	0.00590	0.00727	0.00588	0.00823	0.00549	0.00478	0.01473	0.00986	0.53111	0.14519	0.01429	0.01269	0.00493	0.00358	0.00114	0.00282	0.00397	0.06712	0.00538
16	0.01531	0.00605	0.00822	0.00642	0.00905	0.00525	0.00525	0.01680	0.01072	0.73707	0.12450	0.01479	0.01275	0.00504	0.00386	0.00116	0.00300	0.00417	0.00458	0.00601
17	0.00829	0.00846	0.01290	0.01064	0.01114	0.01123	0.11723	0.00942	0.00616	0.00942	0.00528	0.00846	0.00503	0.00612	0.01127	0.00159	0.74801	0.00343	0.00168	0.00423
18	0.89465	0.00726	0.00551	0.00493	0.00726	0.00842	0.00406	0.01103	0.00638	0.01683	0.00522	0.00609	0.00406	0.00348	0.00232	0.00116	0.00290	0.00203	0.00232	0.00406
19	0.00546	0.00417	0.00623	0.00617	0.00682	0.00494	0.00482	0.00679	0.00602	0.00872	0.00986	0.01450	0.00922	0.02735	0.82238	0.00587	0.04133	0.00399	0.00200	0.00338
20	0.01636	0.00715	0.00918	0.00704	0.00996	0.00665	0.00581	0.16918	0.01202	0.69464	0.01373	0.01207	0.00875	0.00462	0.00377	0.00115	0.00337	0.00370	0.00448	0.00638
21	0.26530	0.00704	0.00805	0.00637	0.00912	0.00694	0.00526	0.09628	0.01018	0.53103	0.01152	0.01051	0.00752	0.00430	0.00336	0.00116	0.00320	0.00324	0.00390	0.00573
22	0.00544	0.00371	0.00445	0.00445	0.00458	0.00383	0.00272	0.00569	0.00556	0.00754	0.01149	0.02273	0.01285	0.71233	0.17384	0.00408	0.00483	0.00519	0.00222	0.00247
23	0.00536	0.00402	0.00603	0.00603	0.00670	0.00469	0.00469	0.00670	0.00603	0.00871	0.01005	0.01474	0.00938	0.02814	0.85328	0.00603	0.01005	0.00402	0.00201	0.00335
24	0.00991	0.00677	0.00747	0.00660	0.00859	0.00736	0.00516	0.01695	0.51162	0.15565	0.04603	0.01516	0.04403	0.00517	0.00368	0.00119	0.00274	0.00429	0.13617	0.00545
25	0.00636	0.00477	0.00560	0.00578	0.00649	0.01514	0.00426	0.03275	0.12719	0.01063	0.03155	0.18797	0.01766	0.29995	0.00954	0.00223	0.00323	0.22235	0.00312	0.00343
26	0.01444	0.01022	0.01108	0.00849	0.01149	0.01120	0.00702	0.77495	0.01715	0.08162	0.00942	0.00927	0.00658	0.00451	0.00375	0.00113	0.00406	0.00341	0.00382	0.00638
27	0.00495	0.00366	0.00468	0.00540	0.00578	0.00355	0.00367	0.00641	0.07391	0.01008	0.02046	0.78685	0.03406	0.01119	0.00471	0.00150	0.00224	0.01012	0.00351	0.00328
28	0.00468	0.00333	0.00441	0.00523	0.00546	0.00313	0.00352	0.00534	0.00715	0.00952	0.02016	0.78519	0.02406	0.05895	0.00559	0.00165	0.00231	0.04388	0.00341	0.00302
29	0.01003	0.87041	0.01966	0.00642	0.00963	0.01485	0.00642	0.01123	0.00762	0.00883	0.00522	0.00602	0.00481	0.00321	0.00241	0.00080	0.00401	0.00201	0.00160	0.00481
30	0.00774	0.00749	0.01174	0.44813	0.10054	0.00961	0.00967	0.00956	0.00693	0.00963	0.00603	0.00924	0.00506	0.00480	0.00706	0.00139	0.33607	0.00332	0.00168	0.00432
31	0.00804	0.00788	0.01106	0.00954	0.00957	0.01096	0.00791	0.00880	0.00573	0.00893	0.00518	0.00857	0.00515	0.00762	0.04509	0.03077	0.80024	0.00331	0.00166	0.00399
32	0.00606	0.00431	0.00639	0.00621	0.00690	0.00503	0.00485	0.00721	0.00615	0.04334	0.00976	0.01410	0.00897	0.02511	0.72444	0.05388	0.05785	0.00393	0.00208	0.00342
33	0.00761	0.00721	0.01220	0.65899	0.22186	0.00847	0.01068	0.01005	0.00775	0.01023	0.00676	0.00983	0.00523	0.00365	0.00374	0.00122	0.00487	0.00334	0.00171	0.00459
34	0.00900	0.05951	0.08899	0.01054	0.20388	0.00760	0.00739	0.05553	0.09548	0.04582	0.04200	0.00977	0.00755	0.00361	0.00331	0.00091	0.00357	0.00304	0.00246	0.34003
35	0.12938	0.56809	0.03257	0.00692	0.00981	0.16913	0.00640	0.01203	0.01907	0.01012	0.00549	0.00631	0.00480	0.00340	0.00262	0.00089	0.00439	0.00213	0.00179	0.00466
36	0.00551	0.00395	0.00536	0.00615	0.00680	0.00386	0.00498	0.00680	0.00807	0.01052	0.02060	0.29010	0.05878	0.04488	0.00558	0.00172	0.00301	0.50664	0.00342	0.00327
37	0.01097	0.05618	0.01026	0.00873	0.05412	0.06359	0.00662	0.21668	0.48531	0.02836	0.01216	0.01162	0.00912	0.00467	0.00369	0.00118	0.00363	0.00374	0.00347	0.00589
38	0.00632	0.00712	0.13247	0.02605	0.02791	0.00557	0.05384	0.00939	0.13051	0.01193	0.17213	0.30693	0.02770	0.05835	0.00516	0.00146	0.00316	0.00678	0.00313	0.00410
39	0.00825	0.17179	0.62048	0.01007	0.01498	0.00988	0.05578	0.02220	0.02425	0.01948	0.00678	0.00787	0.00501	0.00353	0.00341	0.00112	0.00522	0.00277	0.00170	0.00541
40	0.00826	0.21573	0.56548	0.01012	0.01490	0.01022	0.08736	0.01189	0.02248	0.01125	0.00661	0.00779	0.00497	0.00347	0.00338	0.00111	0.00522	0.00277	0.00166	0.00534
41	0.87306	0.00723	0.00559	0.00498	0.00731	0.00835	0.00410	0.01121	0.00649	0.03726	0.00546	0.00626	0.00419	0.00351	0.00236	0.00116	0.00291	0.00207	0.00238	0.00412
42	0.00483	0.00349	0.00468	0.00552	0.02125	0.00327	0.00372	0.00562	0.00759	0.01015	0.09509	0.68291	0.06053	0.01110	0.00496	0.02108	0.00225	0.04536	0.00347	0.00314
43	0.01961	0.13645	0.28764	0.09619	0.27886	0.04060	0.01083	0.02223	0.01876	0.02172	0.01990	0.00869	0.00580	0.00361	0.00356	0.00111	0.01426	0.00298	0.00184	0.00535
44	0.00456	0.00333	0.00429	0.00506	0.00540	0.00306	0.00341	0.00524	0.00734	0.00964	0.02270	0.76895	0.12026	0.01149	0.00475	0.00149	0.00214	0.01035	0.00348	0.00306
45	0.00646	0.00390	0.00524	0.00566	0.00639	0.00362	0.00419	0.00747	0.00808	0.11963	0.05364	0.55096	0.04469	0.01035	0.00470	0.00149	0.00251	0.15378	0.00366	0.00358
46	0.00970	0.06568	0.04248	0.07428	0.57001	0.00904	0.08242	0.01197	0.00860	0.07888	0.00757	0.00943	0.00601	0.00346	0.00369	0.00112	0.00456	0.00337	0.00205	0.00570
47	0.00627	0.00541	0.03317	0.06656	0.06765	0.00503	0.08316	0.00785	0.00800	0.02749	0.01676	0.36929	0.01844	0.00900	0.00467	0.00150	0.00343	0.25948	0.00305	0.00378
48	0.02017	0.00389	0.00391	0.00377	0.00477	0.00397	0.00286	0.04903	0.00832	0.01450	0.01198	0.01363	0.00938	0.00436	0.00267	0.00089	0.00188	0.00347	0.83291	0.00365
49	0.00622	0.00525	0.04285	0.00539	0.00662	0.02101	0.00429	0.04891	0.00945	0.04709	0.30546	0.20310	0.23675	0.00843	0.00463	0.00128	0.02873	0.00723	0.00360	0.00372
50	0.02022	0.06939	0.19323	0.02637	0.38431	0.01993	0.07050	0.04439	0.01579	0.10863	0.00790	0.00920	0.00599	0.00359	0.00364	0.00113	0.00464	0.00324	0.00220	0.00572
51	0.00752	0.01941	0.84871	0.01069	0.01624	0.00871	0.01386	0.01188	0.00792	0.01188	0.00673	0.00792	0.00475	0.00356	0.00356	0.00119	0.00554	0.00277	0.00158	0.00554
52	0.00455	0.00336	0.00426	0.00498	0.00538	0.00307	0.00338	0.00525	0.00741	0.00967	0.02361	0.72531	0.16331	0.01137	0.00473	0.00148	0.00213	0.01020	0.00348	0.00307
53	0.00987	0.10086	0.23458	0.03945	0.06393	0.20460	0.21590	0.03196	0.03034	0.01135	0.01863	0.00863	0.00573	0.00361	0.00366	0.00112	0.00563	0.00319	0.00191	0.00505
54	0.00795	0.00697	0.01000	0.18351	0.23593	0.00764	0.00787	0.01243	0.25707	0.02180	0.01248	0.17544	0.01147	0.00576	0.00400	0.00128	0.00364	0.02700	0.00279	0.00497
55	0.00709	0.00667	0.01125	0.85913	0.02584	0.00834	0.01042	0.00959	0.00750	0.00959	0.00667	0.01000	0.00500	0.00375	0.00375	0.00125	0.00500	0.00333	0.00167	0.00417
56	0.00574	0.00415	0.00566	0.00641	0.00724	0.00407	0.00543	0.00730	0.00856	0.01113	0.05482	0.12419	0.08735	0.01033	0.00505	0.00165	0.00313	0.64091	0.00349	0.00339
57	0.00778	0.00667	0.00778	0.00556	0.00889	0.00500	0.00445	0.00945	0.00778	0.01223	0.00667	0.00778	0.00556	0.00278	0.00278	0.00056	0.00278	0.00222	0.00222	0.89108
58	0.00647	0.00421	0.00497	0.00476	0.00609	0.00371	0.00373	0.00772	0.00918	0.12206	0.18369	0.03206	0.45832	0.02596	0.00474	0.00134	0.00228	0.11129	0.00373	0.00368
59	0.01079	0.66023	0.06746	0.00703	0.01029	0.04841	0.00692	0.08721	0.00885	0.05411	0.00618	0.00679	0.00519	0.00345	0.00271	0.00088	0.00419	0.00229	0.00197	0.00506
60	0.00536	0.00365	0.00418	0.00418	0.00433	0.00358	0.00246	0.00559	0.00613	0.00820	0.08958	0.06018	0.04981	0.71875	0.01656	0.00323	0.00333	0.00589	0.00254	0.00246
61	0.12659	0.00869	0.01394	0.02063	0.73379	0.00885	0.01053	0.01145	0.00826	0.01286	0.00681	0.00886	0.00569	0.00336	0.00353	0.00112	0.00425	0.00317	0.00192	0.00569
62	0.77745	0.12161	0.00739	0.00513	0.00757	0.00927	0.00438	0.01106	0.00655	0.01577	0.00522	0.00608	0.00416	0.00345	0.00233	0.00111	0.00305	0.00203	0.00223	0.00416
63	0.00523	0.00370	0.00465	0.00463	0.00542	0.00341	0.00339	0.00672	0.00956	0.01349	0.54627	0.18412	0.10506	0.00832	0.00434	0.00123	0.00186	0.00734	0.07785	0.00341
64	0.00716	0.15423	0.00984	0.01950	0.00876	0.07935	0.07849	0.00867	0.02575	0.00952	0.01299	0.13414	0.08351	0.03755	0.28544	0.00285	0.00597	0.03013	0.00235	0.00382
65	0.00510	0.00383	0.00472	0.00450	0.00548	0.00345	0.00337	0.00667	0.01012	0.01387	0.64978	0.02996	0.22912	0.00811	0.00443	0.00120	0.00180	0.00706	0.00398	0.00345
66	0.00847	0.00793	0.01320	0.05011	0.63631	0.00811	0.01001	0.01056	0.00857	0.01226	0.11781	0.01198	0.00991	0.00508	0.03933	0.00135	0.03767	0.00382	0.00215	0.00538
67	0.00536	0.00406	0.00500	0.00466	0.00579	0.00367	0.01885	0.00706	0.02801	0.02475	0.49212	0.02963	0.31730	0.00804	0.00436	0.00121	0.00195	0.00695	0.02770	0.00353
68	0.00542	0.00382	0.00492	0.00476	0.00564	0.00349	0.00352	0.00697	0.01000	0.03441	0.64690	0.13930	0.10017	0.00829	0.00446	0.00123	0.00187	0.00732	0.00400	0.00351
69	0.08210	0.57496	0.01626	0.00690	0.00994	0.03929	0.00640	0.19098	0.02128	0.01282	0.00620	0.00681	0.00519	0.00356	0.00274	0.00091	0.00402	0.00235	0.00217	0.00510
70	0.00979	0.01000	0.06913	0.04686	0.62210	0.07321	0.01071	0.01201	0.00871	0.05539	0.00731	0.00915	0.00591	0.00346	0.00365	0.00109	0.00459	0.00321	0.00200	0.04173
71	0.01036	0.62639	0.10405	0.00733	0.01062	0.09533	0.00730	0.05591	0.03426	0.01019	0.00595	0.00670	0.00510	0.00344	0.00274	0.00089	0.00441	0.00227	0.00182	0.00496
72	0.77733	0.00752	0.00708	0.00704	0.08468	0.00851	0.03836	0.01111	0.00668	0.01622	0.00549	0.00655	0.00430	0.00346	0.00254	0.00116	0.00318	0.00225	0.00226	0.00428
73	0.00561	0.00409	0.00468	0.00435	0.00566	0.00353	0.00330	0.00695	0.00931	0.04868	0.32253	0.02946	0.42838	0.00799	0.00422	0.00117	0.00196	0.00678	0.04391	0.05745
74	0.04364	0.00710	0.01141	0.53656	0.12700	0.00818	0.04133	0.02839	0.00788	0.01090	0.02552	0.03500	0.00642	0.00405	0.00401	0.00120	0.03605	0.00355	0.00192	0.05990
75	0.00833	0.14022	0.18132	0.04407	0.14751	0.00873	0.08209	0.07071	0.04412	0.01255	0.10314	0.03062	0.06236	0.01971	0.00395	0.00116	0.00414	0.00400	0.00239	0.02888
76	0.00635	0.00593	0.07599	0.00639	0.00803	0.00479	0.08054	0.00810	0.00922	0.06330	0.34772	0.11994	0.20204	0.00756	0.00465	0.00126	0.03424	0.00661	0.00344	0.00390

[dist]
# distance from previous block
# <min> <max>
0	27

# created by:
# /st0/software/busco_prod/Augustus/scripts/msa2prfl.pl ./align_prep/27869.fa
