[name]
unknown

[dist]
# distance from previous block
# <min> <max>
0	2

[block]
# block no. 0 follows, 69 sequences, length 56
# corresponding to MSA columns:
# 2-57
name=unknown_A
#
# <colnr> <probs for GDERKNQSTAVLIFYWHMCP>
#	G	D	E	R	K	N	Q	S	T	A	V	L	I	F	Y	W	H	M	C	P
0	0.00684	0.00478	0.00643	0.00701	0.00802	0.00478	0.00601	0.04312	0.00937	0.03059	0.04082	0.04061	0.04310	0.05097	0.00597	0.00183	0.00356	0.67884	0.00361	0.00374
1	0.00519	0.00385	0.00433	0.00440	0.00503	0.00354	0.00292	0.00589	0.00783	0.01010	0.13942	0.12718	0.31275	0.33832	0.01058	0.00230	0.00270	0.00745	0.00325	0.00299
2	0.00483	0.00353	0.00453	0.00522	0.00563	0.00325	0.00354	0.00563	0.00793	0.01048	0.08628	0.68296	0.12521	0.02473	0.00516	0.00157	0.00223	0.01040	0.00367	0.00323
3	0.00935	0.02864	0.14532	0.04304	0.07525	0.05802	0.47267	0.03153	0.00923	0.02404	0.00822	0.03795	0.00655	0.00449	0.02659	0.00141	0.00614	0.00424	0.00206	0.00529
4	0.00591	0.00384	0.00493	0.00530	0.00601	0.00348	0.00372	0.00685	0.00847	0.07928	0.12622	0.56458	0.14507	0.01079	0.00481	0.00148	0.00227	0.00962	0.00382	0.00355
5	0.00481	0.00350	0.00454	0.00530	0.00566	0.00323	0.00359	0.00559	0.00785	0.01041	0.07396	0.73924	0.09421	0.01182	0.00495	0.00155	0.00222	0.01065	0.00368	0.00323
6	0.01538	0.01022	0.01130	0.00866	0.01178	0.01103	0.00715	0.68303	0.01716	0.16816	0.01048	0.01010	0.00720	0.00473	0.00393	0.00118	0.00414	0.00360	0.00409	0.00667
7	0.00554	0.00404	0.00555	0.00556	0.00630	0.00426	0.00420	0.00671	0.00748	0.01035	0.14963	0.05539	0.12591	0.05660	0.44878	0.05548	0.00665	0.02345	0.01476	0.00335
8	0.00776	0.00454	0.00563	0.00521	0.00652	0.00411	0.00390	0.00931	0.03141	0.17648	0.29173	0.14423	0.20570	0.06680	0.00555	0.00147	0.00240	0.00709	0.01603	0.00410
9	0.88991	0.00758	0.00576	0.00516	0.00758	0.00879	0.00425	0.01152	0.00667	0.01759	0.00546	0.00637	0.00425	0.00364	0.00243	0.00121	0.00303	0.00212	0.00243	0.00425
10	0.00891	0.00689	0.00733	0.00654	0.00844	0.02666	0.00513	0.13242	0.26178	0.06630	0.09790	0.04465	0.26207	0.00722	0.00430	0.00131	0.00294	0.04034	0.00389	0.00497
11	0.04091	0.00459	0.00545	0.00515	0.00633	0.00436	0.00387	0.05846	0.01038	0.04788	0.42882	0.15283	0.18610	0.00847	0.00450	0.00129	0.00220	0.00733	0.01720	0.00387
12	0.09767	0.00523	0.00594	0.00565	0.00681	0.00534	0.00412	0.07334	0.06927	0.07497	0.15702	0.26695	0.03479	0.14608	0.00679	0.00175	0.00281	0.00678	0.02467	0.00402
13	0.85257	0.00754	0.00590	0.00523	0.00769	0.00866	0.00431	0.01185	0.00687	0.05282	0.00589	0.00667	0.00448	0.00369	0.00249	0.00121	0.00305	0.00220	0.00253	0.00435
14	0.00565	0.00378	0.00429	0.00434	0.00435	0.00377	0.00244	0.00569	0.00580	0.00773	0.01284	0.06951	0.01487	0.81753	0.01917	0.00368	0.00372	0.00599	0.00244	0.00242
15	0.00513	0.00378	0.00457	0.00478	0.00558	0.00342	0.00343	0.00635	0.00913	0.01232	0.29731	0.31347	0.24968	0.00980	0.00465	0.00136	0.00203	0.00861	0.05118	0.00342
16	0.00755	0.00456	0.00539	0.00512	0.00573	0.00451	0.00333	0.04420	0.03417	0.11066	0.01413	0.15059	0.01507	0.56152	0.01448	0.00295	0.00351	0.00618	0.00299	0.00334
17	0.00516	0.00360	0.00469	0.00533	0.00578	0.00331	0.00365	0.00601	0.00810	0.03059	0.11267	0.68703	0.08658	0.01146	0.00491	0.00152	0.00223	0.01031	0.00374	0.00333
18	0.00873	0.00736	0.00798	0.00723	0.00915	0.00830	0.00559	0.01759	0.63441	0.01616	0.20074	0.01826	0.02951	0.00599	0.00414	0.00131	0.00280	0.00509	0.00406	0.00560
19	0.03417	0.00375	0.00478	0.00554	0.00592	0.00361	0.00376	0.02734	0.00777	0.01065	0.02075	0.80909	0.02471	0.01180	0.00489	0.00157	0.00235	0.01065	0.00361	0.00331
20	0.01568	0.00895	0.01038	0.00802	0.01103	0.00924	0.00661	0.44603	0.04193	0.36253	0.01221	0.01133	0.00818	0.00478	0.00391	0.00119	0.00381	0.00373	0.02388	0.00659
21	0.00478	0.00403	0.00416	0.00419	0.00545	0.00345	0.00312	0.00599	0.02630	0.01084	0.06392	0.09589	0.73452	0.00994	0.00465	0.00134	0.00203	0.00836	0.00367	0.00337
22	0.01759	0.00667	0.00910	0.00698	0.01001	0.00576	0.00576	0.01911	0.01122	0.84048	0.01547	0.01334	0.00970	0.00485	0.00394	0.00121	0.00334	0.00394	0.00485	0.00667
23	0.01455	0.00969	0.01073	0.00836	0.01126	0.01043	0.00685	0.63106	0.01642	0.15112	0.01115	0.05907	0.00834	0.00516	0.00396	0.00120	0.00398	0.00404	0.02626	0.00639
24	0.84295	0.00753	0.00594	0.00525	0.00771	0.00863	0.00433	0.01193	0.00692	0.06189	0.00600	0.00674	0.00454	0.00370	0.00251	0.00121	0.00305	0.00222	0.00256	0.00438
25	0.00478	0.00341	0.00455	0.00546	0.00569	0.00318	0.00364	0.00546	0.00751	0.01001	0.02161	0.85966	0.02593	0.01228	0.00500	0.00159	0.00227	0.01114	0.00364	0.00318
26	0.00560	0.00419	0.00625	0.00625	0.00694	0.00487	0.00484	0.00697	0.00629	0.00907	0.01054	0.01564	0.00991	0.04913	0.82710	0.00624	0.01034	0.00424	0.00211	0.00347
27	0.00560	0.00418	0.00621	0.00621	0.00688	0.00485	0.00479	0.00694	0.00627	0.00904	0.01058	0.01584	0.00999	0.06505	0.81130	0.00619	0.01021	0.00426	0.00211	0.00345
28	0.00478	0.00375	0.00428	0.00461	0.00545	0.00330	0.00326	0.00567	0.00842	0.01059	0.08116	0.35165	0.44949	0.03856	0.00528	0.00150	0.00215	0.00922	0.00364	0.00326
29	0.01490	0.01098	0.01177	0.00902	0.01216	0.01216	0.00745	0.82470	0.01843	0.02471	0.00941	0.00941	0.00667	0.00471	0.00392	0.00118	0.00431	0.00353	0.00392	0.00667
30	0.00786	0.02028	0.84191	0.01117	0.01697	0.00910	0.01448	0.01242	0.00828	0.01242	0.00704	0.00828	0.00497	0.00372	0.00372	0.00124	0.00579	0.00290	0.00166	0.00579
31	0.00515	0.00412	0.00589	0.00597	0.00677	0.00377	0.06560	0.00617	0.00816	0.01066	0.06909	0.56257	0.19865	0.01084	0.00488	0.00150	0.00254	0.02072	0.00355	0.00340
32	0.00544	0.00400	0.00509	0.00482	0.00579	0.00365	0.00361	0.00719	0.01084	0.01512	0.74177	0.03028	0.13130	0.00824	0.00462	0.00124	0.00187	0.00723	0.00424	0.00365
33	0.00786	0.02028	0.84191	0.01117	0.01697	0.00910	0.01448	0.01242	0.00828	0.01242	0.00704	0.00828	0.00497	0.00372	0.00372	0.00124	0.00579	0.00290	0.00166	0.00579
34	0.00829	0.01908	0.75488	0.01081	0.01626	0.00915	0.01363	0.07049	0.00910	0.01341	0.03446	0.00905	0.00614	0.00394	0.00377	0.00124	0.00556	0.00308	0.00191	0.00579
35	0.00906	0.00939	0.01168	0.01088	0.06966	0.11739	0.02752	0.01017	0.00698	0.00973	0.00619	0.00941	0.00584	0.00915	0.12078	0.00218	0.55434	0.00345	0.00183	0.00438
36	0.01163	0.00890	0.00956	0.00806	0.01052	0.00998	0.00641	0.29936	0.45627	0.05480	0.01373	0.04037	0.01041	0.00529	0.00395	0.00127	0.00346	0.00429	0.03555	0.00620
37	0.00817	0.01589	0.57470	0.02206	0.01495	0.00828	0.05573	0.03876	0.03098	0.04119	0.14029	0.01217	0.01055	0.00450	0.00394	0.00124	0.00500	0.00377	0.00234	0.00548
38	0.00731	0.00574	0.00679	0.00548	0.00768	0.00472	0.00408	0.01722	0.00768	0.02903	0.01112	0.10591	0.03733	0.18145	0.04698	0.00167	0.00338	0.00431	0.00258	0.50956
39	0.01036	0.00829	0.00888	0.00790	0.01018	0.00944	0.00617	0.02070	0.76745	0.07999	0.01592	0.01453	0.01179	0.00528	0.00399	0.00132	0.00312	0.00439	0.00406	0.00624
40	0.02604	0.00846	0.01417	0.22557	0.58719	0.00891	0.01120	0.01140	0.00859	0.01230	0.00747	0.01004	0.00610	0.00365	0.00381	0.00119	0.00464	0.00347	0.04020	0.00561
41	0.00788	0.00745	0.01262	0.68194	0.19416	0.00883	0.01112	0.01043	0.00806	0.01059	0.00705	0.01030	0.00543	0.00383	0.00391	0.00128	0.00511	0.00349	0.00178	0.00474
42	0.00573	0.00401	0.00466	0.00470	0.00515	0.00388	0.00305	0.03293	0.00768	0.01032	0.13558	0.18299	0.11473	0.43033	0.01219	0.00257	0.00299	0.00709	0.02643	0.00300
43	0.00477	0.00344	0.00452	0.00538	0.00566	0.00319	0.00360	0.00547	0.00759	0.01004	0.02261	0.81399	0.07095	0.01215	0.00498	0.00158	0.00226	0.01099	0.00364	0.00319
44	0.05187	0.00947	0.04473	0.04295	0.16106	0.05128	0.03989	0.12876	0.29090	0.03638	0.03807	0.01216	0.00932	0.00619	0.05816	0.00157	0.00452	0.00390	0.00309	0.00573
45	0.00813	0.00785	0.01306	0.59113	0.21106	0.02698	0.04573	0.01064	0.00819	0.01073	0.00716	0.01032	0.00558	0.00435	0.02226	0.00138	0.00531	0.00353	0.00181	0.00480
46	0.01005	0.00581	0.00713	0.00650	0.00817	0.00571	0.00499	0.08992	0.11948	0.24374	0.05404	0.31605	0.06867	0.00818	0.00444	0.00139	0.00288	0.03383	0.00408	0.00493
47	0.00478	0.00406	0.00413	0.00410	0.00542	0.00345	0.00308	0.00601	0.02517	0.01095	0.07723	0.03687	0.78186	0.00975	0.00462	0.00132	0.00200	0.00814	0.00368	0.00339
48	0.00606	0.00469	0.00673	0.04352	0.03879	0.01683	0.01617	0.00730	0.00687	0.02087	0.01329	0.11059	0.06259	0.07896	0.52352	0.02424	0.00780	0.00523	0.00239	0.00356
49	0.24376	0.00728	0.00767	0.00641	0.00872	0.00769	0.00514	0.16743	0.09256	0.19758	0.10298	0.01438	0.05156	0.04067	0.00428	0.00132	0.00317	0.00406	0.02812	0.00523
50	0.00526	0.00487	0.02668	0.00464	0.00604	0.02040	0.00363	0.00688	0.04580	0.01146	0.13006	0.06844	0.63336	0.00932	0.00457	0.00132	0.00223	0.00783	0.00365	0.00357
51	0.00646	0.00532	0.02402	0.00521	0.00681	0.00477	0.00420	0.09866	0.03078	0.02813	0.13368	0.03229	0.52838	0.00882	0.00456	0.00133	0.00249	0.06639	0.00374	0.00395
52	0.24553	0.00593	0.00639	0.00556	0.00758	0.00589	0.00441	0.02014	0.04567	0.24327	0.14756	0.05465	0.16118	0.01646	0.00399	0.00128	0.00272	0.00507	0.01199	0.00470
53	0.00648	0.00483	0.00566	0.00557	0.00678	0.00478	0.00418	0.00947	0.15966	0.05166	0.16447	0.21121	0.25741	0.01026	0.05640	0.00168	0.00286	0.02880	0.00378	0.00406
54	0.00611	0.03309	0.00710	0.00655	0.00694	0.00588	0.01538	0.00690	0.00667	0.00927	0.01366	0.32533	0.01541	0.17060	0.18273	0.00296	0.17256	0.00681	0.00262	0.00341
55	0.00614	0.00441	0.00536	0.00513	0.00624	0.00415	0.00383	0.00841	0.07738	0.04896	0.47684	0.11983	0.18942	0.02031	0.00480	0.00133	0.00212	0.00740	0.00408	0.00388

[dist]
# distance from previous block
# <min> <max>
0	1

[block]
# block no. 1 follows, 69 sequences, length 59
# corresponding to MSA columns:
# 59-117
name=unknown_B
#
# <colnr> <probs for GDERKNQSTAVLIFYWHMCP>
#	G	D	E	R	K	N	Q	S	T	A	V	L	I	F	Y	W	H	M	C	P
0	0.00486	0.00342	0.00452	0.00540	0.00565	0.00320	0.00361	0.00559	0.00753	0.01017	0.02130	0.83023	0.02538	0.01201	0.00493	0.00157	0.00226	0.01088	0.03430	0.00320
1	0.00560	0.00372	0.00504	0.00538	0.00581	0.00360	0.00383	0.00614	0.00774	0.01048	0.18343	0.31335	0.04678	0.06022	0.06026	0.18835	0.00314	0.08093	0.00320	0.00299
2	0.00521	0.00382	0.00472	0.00501	0.00571	0.00347	0.00352	0.00622	0.00852	0.01921	0.19889	0.40078	0.19427	0.07685	0.00597	0.00161	0.00230	0.02898	0.00367	0.02128
3	0.01629	0.00378	0.00448	0.00466	0.00493	0.00367	0.00292	0.00594	0.00702	0.00954	0.12683	0.23596	0.05304	0.48864	0.01330	0.00277	0.00307	0.00732	0.00301	0.00282
4	0.01048	0.86458	0.02054	0.00671	0.01006	0.01551	0.00671	0.01174	0.00797	0.00922	0.00545	0.00629	0.00503	0.00335	0.00252	0.00084	0.00419	0.00210	0.00168	0.00503
5	0.51299	0.02110	0.00911	0.05695	0.10527	0.01852	0.01856	0.17636	0.00948	0.01765	0.00661	0.00770	0.00508	0.00390	0.00318	0.00121	0.01603	0.00270	0.00260	0.00500
6	0.00567	0.00381	0.00440	0.00452	0.00458	0.00379	0.00267	0.00581	0.00601	0.00799	0.01346	0.08649	0.01553	0.75653	0.01812	0.00354	0.00368	0.04838	0.00253	0.00250
7	0.00837	0.00711	0.00826	0.00592	0.00939	0.00547	0.00474	0.03825	0.00849	0.01319	0.00705	0.00817	0.00584	0.00297	0.00294	0.00060	0.00295	0.00236	0.00238	0.85556
8	0.00543	0.00388	0.00448	0.00467	0.01732	0.00366	0.00292	0.00579	0.00703	0.00905	0.05467	0.10797	0.24756	0.44615	0.01308	0.05078	0.00305	0.00685	0.00289	0.00279
9	0.00847	0.00735	0.01217	0.01762	0.54770	0.00734	0.00923	0.00990	0.00810	0.01136	0.00953	0.07521	0.00929	0.03502	0.00650	0.14683	0.00417	0.06713	0.00217	0.00492
10	0.00508	0.00384	0.00529	0.05050	0.03602	0.00370	0.00428	0.00594	0.00766	0.01014	0.02139	0.73764	0.07106	0.01140	0.00489	0.00155	0.00250	0.01031	0.00348	0.00336
11	0.01081	0.00862	0.00914	0.00781	0.01016	0.00971	0.00619	0.25577	0.49262	0.01848	0.03538	0.01448	0.04745	0.00537	0.00395	0.00126	0.00331	0.00436	0.04911	0.00602
12	0.00638	0.00406	0.00512	0.00526	0.00609	0.00376	0.00378	0.02104	0.00897	0.08022	0.20467	0.39986	0.11180	0.04122	0.00520	0.00149	0.00233	0.02783	0.05727	0.00367
13	0.00559	0.00381	0.00446	0.00459	0.00472	0.00379	0.00279	0.00582	0.00616	0.00818	0.01450	0.11514	0.04231	0.67672	0.04939	0.00350	0.00383	0.03951	0.00259	0.00259
14	0.05362	0.01037	0.01115	0.00863	0.01167	0.01138	0.00711	0.70474	0.03226	0.08206	0.00996	0.02186	0.00715	0.00479	0.00387	0.00119	0.00414	0.00362	0.00392	0.00650
15	0.00485	0.00388	0.00435	0.00459	0.00561	0.00339	0.00340	0.00589	0.00880	0.01095	0.09934	0.22220	0.53742	0.01036	0.00477	0.00141	0.00214	0.05964	0.00369	0.00333
16	0.14738	0.00518	0.00595	0.00530	0.00671	0.00504	0.00388	0.01050	0.00836	0.23752	0.12197	0.07954	0.05036	0.27700	0.00895	0.00206	0.00309	0.00532	0.01177	0.00412
17	0.01241	0.00929	0.01002	0.00810	0.01067	0.01027	0.00654	0.53279	0.17594	0.02129	0.07050	0.04977	0.01089	0.00539	0.00398	0.00122	0.00369	0.00430	0.04688	0.00606
18	0.00802	0.00804	0.00977	0.00866	0.00971	0.14343	0.07729	0.00941	0.00727	0.00955	0.00841	0.01217	0.00770	0.01819	0.45815	0.00403	0.19041	0.00380	0.00199	0.00399
19	0.01699	0.00396	0.00513	0.00521	0.00584	0.00389	0.00373	0.00667	0.00797	0.02776	0.21874	0.19437	0.09265	0.14815	0.15059	0.06512	0.00393	0.03282	0.00322	0.00324
20	0.00515	0.00394	0.00472	0.00464	0.00564	0.00351	0.00344	0.00658	0.00998	0.01334	0.47272	0.11403	0.31988	0.00911	0.00466	0.00130	0.00194	0.00791	0.00401	0.00351
21	0.00567	0.00430	0.00643	0.00639	0.00707	0.00506	0.00498	0.00705	0.00629	0.00911	0.01038	0.01525	0.00970	0.02891	0.82841	0.00620	0.02902	0.00418	0.00209	0.00352
22	0.00583	0.00444	0.00607	0.05021	0.00767	0.01994	0.01690	0.00690	0.00731	0.02945	0.01686	0.41727	0.04948	0.05333	0.26173	0.00308	0.01826	0.01882	0.00296	0.00347
23	0.00917	0.00996	0.04845	0.12471	0.08213	0.00930	0.56897	0.01220	0.00903	0.04433	0.00849	0.03924	0.00666	0.00378	0.00443	0.00131	0.00598	0.00453	0.00210	0.00524
24	0.01420	0.05562	0.01141	0.00984	0.01193	0.76576	0.00746	0.01575	0.05399	0.00994	0.00655	0.00743	0.00541	0.00408	0.00351	0.00102	0.00673	0.00261	0.00211	0.00465
25	0.00501	0.00358	0.00482	0.00573	0.00606	0.00339	0.00405	0.00587	0.00774	0.01027	0.02148	0.73471	0.02541	0.01206	0.00507	0.00162	0.00248	0.13377	0.00363	0.00325
26	0.00940	0.04112	0.03866	0.09417	0.58008	0.04423	0.02397	0.01175	0.01892	0.01226	0.03664	0.01069	0.02150	0.00397	0.00420	0.00119	0.03589	0.00362	0.00204	0.00570
27	0.02293	0.00855	0.01334	0.23091	0.32070	0.00962	0.05323	0.02756	0.14917	0.01259	0.00852	0.01060	0.00678	0.00432	0.00497	0.00130	0.10353	0.00368	0.00226	0.00544
28	0.00570	0.00380	0.00428	0.00428	0.00428	0.00380	0.00238	0.00570	0.00570	0.00760	0.01235	0.02566	0.01425	0.86222	0.01995	0.00380	0.00380	0.00570	0.00238	0.00238
29	0.00813	0.00697	0.00813	0.00581	0.00929	0.00523	0.00465	0.00987	0.00813	0.01277	0.00697	0.00813	0.00581	0.00290	0.00290	0.00058	0.00290	0.00232	0.00232	0.88619
30	0.00659	0.00518	0.00589	0.00575	0.00638	0.05252	0.00409	0.04984	0.00735	0.00975	0.04124	0.06097	0.03508	0.34834	0.31776	0.00410	0.00626	0.02710	0.00253	0.00328
31	0.00494	0.00396	0.00441	0.00435	0.00550	0.00343	0.00324	0.00620	0.00958	0.01225	0.29995	0.07137	0.53820	0.00941	0.00465	0.00131	0.00195	0.00801	0.00386	0.00343
32	0.01215	0.06669	0.13843	0.01807	0.02503	0.14352	0.13704	0.32662	0.04468	0.01660	0.00814	0.00905	0.00609	0.00420	0.00408	0.00118	0.02652	0.00339	0.00274	0.00578
33	0.00486	0.00348	0.00449	0.00527	0.00553	0.00325	0.00349	0.00549	0.00741	0.00981	0.02169	0.73861	0.06736	0.09156	0.00638	0.00178	0.00240	0.01049	0.00352	0.00312
34	0.03741	0.04696	0.01058	0.00926	0.07278	0.01036	0.00691	0.22714	0.45535	0.06125	0.01282	0.01223	0.00951	0.00486	0.00385	0.00125	0.00359	0.00393	0.00371	0.00624
35	0.18493	0.13350	0.01177	0.00806	0.01096	0.10965	0.00673	0.45491	0.01378	0.01933	0.00768	0.00810	0.00577	0.00423	0.00338	0.00112	0.00437	0.00293	0.00309	0.00571
36	0.03773	0.00669	0.00779	0.00594	0.00894	0.00549	0.00476	0.03269	0.02800	0.03387	0.04518	0.01186	0.03334	0.00499	0.04057	0.00100	0.00325	0.03280	0.00264	0.65247
37	0.00868	0.00717	0.04437	0.00726	0.04075	0.02657	0.00563	0.04142	0.26786	0.09587	0.14964	0.03002	0.18819	0.01982	0.03559	0.00151	0.00329	0.01766	0.00372	0.00498
38	0.00565	0.00378	0.00429	0.00434	0.00435	0.00377	0.00244	0.00569	0.00579	0.00772	0.01282	0.06746	0.01484	0.81962	0.01920	0.00369	0.00372	0.00597	0.00244	0.00242
39	0.00484	0.00373	0.00444	0.00486	0.00562	0.00333	0.00346	0.00580	0.00848	0.01085	0.10806	0.42387	0.35209	0.01088	0.00483	0.00146	0.00216	0.03425	0.00370	0.00330
40	0.06691	0.00552	0.00666	0.00609	0.00766	0.00537	0.00462	0.09795	0.02554	0.23154	0.06084	0.34761	0.05803	0.02040	0.00452	0.00139	0.00281	0.00702	0.03490	0.00464
41	0.01470	0.01066	0.01149	0.00888	0.01196	0.01176	0.00731	0.74493	0.06712	0.05590	0.01004	0.00988	0.00710	0.00475	0.00393	0.00119	0.00420	0.00360	0.00396	0.00664
42	0.00730	0.00388	0.00405	0.00398	0.00500	0.00378	0.00299	0.01997	0.00858	0.03982	0.04081	0.05467	0.09327	0.00555	0.00314	0.00101	0.00194	0.00455	0.69196	0.00374
43	0.07700	0.00452	0.00528	0.00491	0.00622	0.00420	0.00372	0.00838	0.00983	0.10074	0.40432	0.06849	0.23552	0.03192	0.00480	0.00134	0.00221	0.00678	0.01592	0.00389
44	0.05260	0.00409	0.00500	0.00542	0.00611	0.00397	0.00381	0.02290	0.02035	0.06232	0.03201	0.62139	0.02153	0.01015	0.00450	0.00145	0.00237	0.00904	0.10738	0.00363
45	0.00790	0.00488	0.00623	0.00560	0.00699	0.00464	0.00432	0.01061	0.09215	0.14721	0.60971	0.02555	0.02992	0.00729	0.00447	0.00125	0.00224	0.02029	0.00436	0.00442
46	0.02882	0.00418	0.00506	0.00495	0.00599	0.00382	0.00364	0.00752	0.00933	0.08020	0.31393	0.19382	0.23404	0.06769	0.00565	0.00151	0.00228	0.02004	0.00386	0.00366
47	0.05330	0.00444	0.00543	0.00552	0.00656	0.00417	0.00404	0.03087	0.00880	0.12204	0.08241	0.46160	0.15261	0.00989	0.00462	0.00145	0.00247	0.03210	0.00379	0.00387
48	0.01466	0.01828	0.01114	0.01004	0.01212	0.80269	0.00757	0.05812	0.01149	0.01039	0.00624	0.00719	0.00513	0.00407	0.00356	0.00102	0.00693	0.00258	0.00212	0.00466
49	0.00858	0.00858	0.01201	0.01029	0.01029	0.01201	0.00858	0.00943	0.00600	0.00943	0.00515	0.00858	0.00515	0.00686	0.01287	0.00172	0.85505	0.00343	0.00172	0.00429
50	0.00563	0.00408	0.00567	0.00567	0.00616	0.00454	0.00412	0.00662	0.00624	0.00881	0.03067	0.01878	0.01177	0.27655	0.58082	0.00544	0.00830	0.00472	0.00223	0.00317
51	0.00498	0.00350	0.00453	0.00526	0.00546	0.00332	0.00344	0.00555	0.00718	0.00958	0.01982	0.68713	0.02364	0.17480	0.00787	0.00202	0.00259	0.02290	0.00340	0.00304
52	0.00681	0.00340	0.00511	0.00511	0.00511	0.00340	0.00340	0.00511	0.00511	0.00681	0.00681	0.01192	0.00681	0.01362	0.01532	0.88594	0.00340	0.00340	0.00170	0.00170
53	0.00564	0.00379	0.00437	0.00442	0.00446	0.00381	0.00255	0.00574	0.00583	0.00780	0.01283	0.07443	0.01477	0.77981	0.05114	0.00377	0.00397	0.00596	0.00244	0.00247
54	0.01079	0.04589	0.02672	0.16443	0.21812	0.08342	0.16664	0.16540	0.01071	0.03463	0.00773	0.00962	0.00596	0.00394	0.00420	0.00121	0.02914	0.00358	0.00235	0.00554
55	0.00730	0.00664	0.00935	0.00838	0.00862	0.00883	0.00675	0.00826	0.00608	0.00915	0.00764	0.01246	0.00757	0.09207	0.29946	0.00348	0.48831	0.00390	0.00191	0.00384
56	0.00570	0.00380	0.00428	0.00428	0.00428	0.00380	0.00238	0.00570	0.00570	0.00760	0.01235	0.02566	0.01425	0.86222	0.01995	0.00380	0.00380	0.00570	0.00238	0.00238
57	0.03432	0.01420	0.01117	0.00959	0.01164	0.42697	0.00753	0.23462	0.04732	0.02519	0.00737	0.00832	0.00584	0.00470	0.00505	0.00118	0.13415	0.00303	0.00262	0.00517
58	0.01276	0.24448	0.03947	0.02226	0.07109	0.44893	0.00786	0.04572	0.02787	0.02747	0.00656	0.00753	0.00544	0.00390	0.00343	0.00101	0.01454	0.00262	0.00208	0.00499

[dist]
# distance from previous block
# <min> <max>
0	6

[block]
# block no. 2 follows, 69 sequences, length 14
# corresponding to MSA columns:
# 124-137
name=unknown_C
#
# <colnr> <probs for GDERKNQSTAVLIFYWHMCP>
#	G	D	E	R	K	N	Q	S	T	A	V	L	I	F	Y	W	H	M	C	P
0	0.00941	0.06937	0.00976	0.00744	0.05353	0.00732	0.00563	0.14188	0.04262	0.02804	0.00903	0.08155	0.00794	0.00419	0.00333	0.00085	0.00328	0.00343	0.00273	0.50866
1	0.00755	0.00618	0.00818	0.00678	0.00886	0.00574	0.06375	0.00984	0.07870	0.05188	0.04702	0.15220	0.13598	0.00752	0.04440	0.00137	0.06029	0.00541	0.00300	0.29536
2	0.01153	0.08477	0.16064	0.04312	0.01546	0.01029	0.24390	0.22466	0.03907	0.11433	0.00908	0.00997	0.00651	0.00402	0.00397	0.00122	0.00510	0.00369	0.00280	0.00587
3	0.00653	0.00826	0.18641	0.08025	0.06994	0.00600	0.00709	0.02107	0.00794	0.01083	0.06920	0.04813	0.15819	0.18321	0.10879	0.00240	0.01395	0.00524	0.00251	0.00406
4	0.05395	0.00651	0.01038	0.56565	0.07032	0.00784	0.00918	0.00943	0.00760	0.01047	0.00866	0.08917	0.00769	0.00774	0.10473	0.00192	0.01830	0.00420	0.00201	0.00425
5	0.00785	0.00672	0.00714	0.05155	0.00875	0.10151	0.00528	0.12590	0.00961	0.01237	0.08663	0.26085	0.03619	0.06886	0.15057	0.00238	0.00481	0.04595	0.00310	0.00397
6	0.05664	0.26805	0.06902	0.05336	0.07589	0.04824	0.03139	0.08482	0.04770	0.03628	0.00798	0.01038	0.00687	0.07931	0.06602	0.00171	0.04587	0.00325	0.00226	0.00496
7	0.08503	0.09520	0.00963	0.00656	0.00953	0.08734	0.00536	0.05415	0.00878	0.04301	0.00725	0.00844	0.00597	0.00511	0.05955	0.00115	0.01553	0.00257	0.00239	0.48746
8	0.08451	0.12716	0.01904	0.00754	0.02117	0.21879	0.00594	0.09392	0.02076	0.01243	0.00877	0.07969	0.00833	0.07813	0.00490	0.00126	0.01225	0.02411	0.00248	0.16881
9	0.00694	0.10441	0.00819	0.00652	0.00758	0.07810	0.00514	0.00819	0.00686	0.00904	0.00968	0.01443	0.00919	0.08851	0.61355	0.00503	0.00896	0.00393	0.00207	0.00368
10	0.00745	0.00734	0.05154	0.04842	0.16906	0.00684	0.12710	0.01031	0.07572	0.02159	0.12359	0.02709	0.13300	0.00968	0.14108	0.00210	0.00502	0.02564	0.00277	0.00469
11	0.00844	0.00736	0.03427	0.06392	0.01166	0.00596	0.10315	0.01046	0.00865	0.06458	0.06928	0.04674	0.00945	0.00408	0.00353	0.00089	0.00352	0.01867	0.00261	0.52280
12	0.15167	0.00819	0.00939	0.08362	0.06770	0.07855	0.05241	0.01062	0.00831	0.01286	0.00926	0.01079	0.06560	0.00388	0.00329	0.00094	0.00376	0.01318	0.00233	0.40366
13	0.00889	0.00919	0.05223	0.27390	0.14740	0.07652	0.06378	0.03826	0.01902	0.02348	0.07816	0.01143	0.00845	0.00518	0.02634	0.00139	0.10993	0.00375	0.00220	0.04048

[dist]
# distance from previous block
# <min> <max>
0	1

[block]
# block no. 3 follows, 69 sequences, length 38
# corresponding to MSA columns:
# 139-176
name=unknown_D
#
# <colnr> <probs for GDERKNQSTAVLIFYWHMCP>
#	G	D	E	R	K	N	Q	S	T	A	V	L	I	F	Y	W	H	M	C	P
0	0.00663	0.00565	0.00842	0.35080	0.04213	0.00639	0.00712	0.00838	0.00804	0.03230	0.04479	0.06601	0.22608	0.01986	0.10820	0.00198	0.04524	0.00541	0.00257	0.00398
1	0.01163	0.00665	0.00827	0.00635	0.00932	0.00558	0.00511	0.01377	0.05684	0.33078	0.01151	0.04152	0.00861	0.00517	0.03582	0.00113	0.00333	0.00348	0.01819	0.41693
2	0.01229	0.01068	0.03053	0.00846	0.01126	0.09685	0.00689	0.38871	0.24257	0.01888	0.01084	0.02959	0.00827	0.00476	0.00381	0.00115	0.00410	0.00370	0.00351	0.10317
3	0.00567	0.00379	0.00429	0.00432	0.00433	0.00378	0.00242	0.00569	0.00577	0.00769	0.01269	0.05604	0.01468	0.83126	0.01941	0.00372	0.00375	0.00590	0.00242	0.00240
4	0.01230	0.00753	0.00893	0.02488	0.01019	0.00763	0.00595	0.15454	0.22511	0.27542	0.08416	0.02540	0.02135	0.00534	0.00398	0.00120	0.00329	0.02891	0.00405	0.08982
5	0.00813	0.01842	0.68470	0.01220	0.01764	0.00926	0.16982	0.01244	0.00846	0.01244	0.00721	0.00872	0.00515	0.00364	0.00390	0.00126	0.00595	0.00323	0.00172	0.00570
6	0.00526	0.00400	0.00485	0.00463	0.00568	0.00358	0.00347	0.00685	0.01042	0.01412	0.58774	0.03191	0.28594	0.00861	0.00463	0.00126	0.00189	0.00746	0.00411	0.00358
7	0.01485	0.00684	0.00847	0.00673	0.00934	0.00653	0.00548	0.13080	0.06386	0.52363	0.01416	0.01310	0.00948	0.00481	0.00372	0.00116	0.00319	0.00386	0.16388	0.00609
8	0.01487	0.01083	0.01165	0.00895	0.01207	0.01196	0.00739	0.79063	0.03331	0.04397	0.00968	0.00960	0.00684	0.00472	0.00392	0.00118	0.00427	0.00356	0.00395	0.00666
9	0.00570	0.00382	0.00435	0.00435	0.00437	0.00384	0.00247	0.00575	0.00572	0.00766	0.01229	0.02529	0.01409	0.83227	0.04969	0.00389	0.00404	0.00565	0.00237	0.00242
10	0.00568	0.00379	0.00428	0.00431	0.00431	0.00378	0.00241	0.00569	0.00575	0.00767	0.01260	0.04811	0.01457	0.83934	0.01955	0.00374	0.00376	0.00585	0.00241	0.00240
11	0.71981	0.00720	0.00608	0.00532	0.00771	0.00806	0.00436	0.01223	0.00745	0.11888	0.03681	0.00834	0.00630	0.00398	0.00270	0.00120	0.00299	0.00258	0.03351	0.00450
12	0.00480	0.00374	0.00432	0.00470	0.00550	0.00331	0.00333	0.00568	0.00832	0.01049	0.06589	0.37967	0.41946	0.04054	0.00534	0.00153	0.00219	0.02430	0.00363	0.00325
13	0.01908	0.00371	0.00398	0.00412	0.00494	0.00368	0.00304	0.00848	0.00827	0.01393	0.05936	0.14714	0.01423	0.00610	0.00326	0.00106	0.00196	0.02553	0.66455	0.00359
14	0.00517	0.00399	0.00471	0.00453	0.00562	0.00354	0.00340	0.00666	0.01019	0.01358	0.50300	0.03281	0.37103	0.00881	0.00463	0.00127	0.00191	0.00758	0.00403	0.00354
15	0.00681	0.00340	0.00511	0.00511	0.00511	0.00340	0.00340	0.00511	0.00511	0.00681	0.00681	0.01192	0.00681	0.01362	0.01532	0.88594	0.00340	0.00340	0.00170	0.00170
16	0.00571	0.00377	0.00460	0.00492	0.00512	0.00366	0.00311	0.00608	0.00666	0.03076	0.01621	0.33038	0.01878	0.48933	0.01339	0.00283	0.00322	0.04566	0.00296	0.00284
17	0.00524	0.00399	0.00475	0.00459	0.00562	0.00358	0.00342	0.00669	0.01002	0.01341	0.49419	0.03243	0.32512	0.04907	0.00536	0.00140	0.00202	0.02162	0.00397	0.00349
18	0.00813	0.00697	0.00813	0.00581	0.00929	0.00523	0.00465	0.00987	0.00813	0.01277	0.00697	0.00813	0.00581	0.00290	0.00290	0.00058	0.00290	0.00232	0.00232	0.88619
19	0.00570	0.00380	0.00428	0.00428	0.00428	0.00380	0.00238	0.00570	0.00570	0.00760	0.01235	0.02566	0.01425	0.86222	0.01995	0.00380	0.00380	0.00570	0.00238	0.00238
20	0.05255	0.00770	0.00951	0.00738	0.01037	0.00743	0.00608	0.18833	0.05385	0.59347	0.01381	0.01229	0.00895	0.00480	0.00388	0.00121	0.00352	0.00381	0.00451	0.00655
21	0.00480	0.00342	0.00454	0.00542	0.00565	0.00320	0.00360	0.00547	0.00745	0.00994	0.02134	0.83563	0.02559	0.03678	0.00543	0.00166	0.00232	0.01099	0.00360	0.00316
22	0.00570	0.00380	0.00428	0.00428	0.00428	0.00380	0.00238	0.00570	0.00570	0.00760	0.01235	0.02566	0.01425	0.86222	0.01995	0.00380	0.00380	0.00570	0.00238	0.00238
23	0.00519	0.00399	0.00475	0.00456	0.00564	0.00355	0.00342	0.00671	0.01026	0.01374	0.52803	0.03255	0.34590	0.00875	0.00463	0.00127	0.00190	0.00755	0.00405	0.00355
24	0.01490	0.01098	0.01177	0.00902	0.01216	0.01216	0.00745	0.82470	0.01843	0.02471	0.00941	0.00941	0.00667	0.00471	0.00392	0.00118	0.00431	0.00353	0.00392	0.00667
25	0.00477	0.00345	0.00451	0.00536	0.00566	0.00319	0.00359	0.00547	0.00760	0.01005	0.02285	0.80324	0.08155	0.01212	0.00498	0.00157	0.00225	0.01095	0.00364	0.00319
26	0.01474	0.01090	0.01167	0.00899	0.01210	0.01208	0.00741	0.79931	0.04408	0.02445	0.00962	0.00958	0.00683	0.00473	0.00392	0.00118	0.00428	0.00356	0.00392	0.00665
27	0.01746	0.00688	0.00922	0.00707	0.01011	0.00606	0.00584	0.05712	0.01156	0.80198	0.01518	0.01316	0.00956	0.00485	0.00394	0.00121	0.00338	0.00392	0.00481	0.00667
28	0.37970	0.01072	0.00909	0.00779	0.00988	0.19088	0.00628	0.15600	0.00972	0.03672	0.00649	0.00760	0.00513	0.00447	0.00468	0.00124	0.14354	0.00272	0.00255	0.00481
29	0.00966	0.60069	0.27726	0.00810	0.01222	0.01351	0.00914	0.01195	0.00806	0.01022	0.00595	0.00691	0.00501	0.00347	0.00289	0.00096	0.00469	0.00235	0.00167	0.00527
30	0.01194	0.01435	0.00996	0.00915	0.01082	0.58687	0.02753	0.01308	0.00981	0.00961	0.00809	0.04284	0.00744	0.02257	0.17521	0.00218	0.00743	0.02474	0.00214	0.00424
31	0.04804	0.00475	0.00574	0.02366	0.00704	0.00474	0.00423	0.00912	0.11032	0.04541	0.35052	0.22096	0.10911	0.00882	0.01703	0.00142	0.00246	0.01877	0.00388	0.00400
32	0.00478	0.00341	0.00455	0.00546	0.00569	0.00318	0.00364	0.00546	0.00751	0.01001	0.02161	0.85966	0.02593	0.01228	0.00500	0.00159	0.00227	0.01114	0.00364	0.00318
33	0.00846	0.00696	0.00816	0.00585	0.00932	0.00524	0.00468	0.01019	0.00824	0.04161	0.00726	0.00831	0.00594	0.00297	0.00294	0.00060	0.00292	0.00238	0.00241	0.85554
34	0.00983	0.00813	0.00995	0.00855	0.01034	0.00941	0.04422	0.14498	0.34123	0.04148	0.04494	0.07600	0.02513	0.00632	0.00585	0.00141	0.16390	0.03945	0.00345	0.00542
35	0.01178	0.00911	0.01005	0.00843	0.01046	0.05735	0.00680	0.20473	0.26342	0.13091	0.02972	0.01288	0.04416	0.00560	0.00576	0.00133	0.17420	0.00406	0.00352	0.00572
36	0.04131	0.00871	0.01806	0.01656	0.01828	0.13329	0.03860	0.16820	0.09447	0.02992	0.06746	0.13901	0.04491	0.01614	0.00450	0.00138	0.00400	0.14711	0.00337	0.00473
37	0.10809	0.09974	0.28167	0.00926	0.02272	0.04777	0.03963	0.14304	0.02329	0.09254	0.02843	0.00921	0.00660	0.00422	0.00402	0.00119	0.04900	0.00313	0.00256	0.02392

[dist]
# distance from previous block
# <min> <max>
2	31

[block]
# block no. 4 follows, 69 sequences, length 33
# corresponding to MSA columns:
# 208-240
name=unknown_E
#
# <colnr> <probs for GDERKNQSTAVLIFYWHMCP>
#	G	D	E	R	K	N	Q	S	T	A	V	L	I	F	Y	W	H	M	C	P
0	0.04015	0.04922	0.01607	0.02445	0.12220	0.09371	0.03313	0.05345	0.07888	0.05928	0.11971	0.12790	0.01451	0.10094	0.00596	0.00153	0.01796	0.02195	0.00301	0.01598
1	0.02492	0.00753	0.01175	0.38109	0.21080	0.00844	0.03441	0.03956	0.10068	0.01269	0.09219	0.03980	0.01013	0.00466	0.00402	0.00127	0.00439	0.00421	0.00246	0.00500
2	0.04752	0.00855	0.01355	0.22031	0.37334	0.03906	0.07554	0.01162	0.00869	0.05902	0.04234	0.01119	0.00752	0.03039	0.00471	0.00131	0.03416	0.00373	0.00219	0.00528
3	0.00872	0.00833	0.01405	0.35998	0.47223	0.00919	0.01142	0.01110	0.00836	0.01153	0.00711	0.00996	0.00576	0.00381	0.00429	0.00125	0.04220	0.00349	0.00185	0.00537
4	0.14973	0.00890	0.00971	0.07512	0.07436	0.08737	0.00696	0.15875	0.08193	0.21869	0.01116	0.01322	0.00855	0.00494	0.00379	0.00125	0.00407	0.07253	0.00340	0.00557
5	0.00905	0.00853	0.05406	0.00868	0.05867	0.08487	0.07884	0.10064	0.10439	0.05348	0.27101	0.01973	0.11912	0.00615	0.00425	0.00123	0.00363	0.00532	0.00347	0.00488
6	0.53785	0.00952	0.00779	0.00670	0.00920	0.10580	0.00540	0.15773	0.08247	0.03435	0.00736	0.00786	0.00556	0.00405	0.00299	0.00119	0.00374	0.00266	0.00283	0.00493
7	0.00481	0.00349	0.00456	0.00539	0.00573	0.00324	0.00367	0.00556	0.00768	0.01011	0.02313	0.76314	0.09517	0.01203	0.00499	0.00158	0.00229	0.03659	0.00364	0.00321
8	0.08652	0.00561	0.00700	0.00595	0.00794	0.00523	0.00470	0.01316	0.04470	0.37088	0.29079	0.07154	0.05653	0.00651	0.00414	0.00125	0.00268	0.00550	0.00430	0.00508
9	0.00887	0.00846	0.01440	0.32488	0.54348	0.00910	0.01162	0.01130	0.00853	0.01179	0.00723	0.00997	0.00585	0.00365	0.00390	0.00122	0.00486	0.00349	0.00187	0.00554
10	0.00692	0.00494	0.00680	0.00615	0.00723	0.00499	0.03278	0.03072	0.00988	0.06613	0.44771	0.08057	0.08609	0.00918	0.04350	0.03736	0.07474	0.03669	0.00371	0.00392
11	0.00585	0.00399	0.00505	0.00498	0.00587	0.00363	0.00362	0.00721	0.00976	0.05409	0.46275	0.21236	0.14946	0.04689	0.00535	0.00144	0.00212	0.00794	0.00401	0.00362
12	0.00483	0.00395	0.00424	0.00422	0.00540	0.00338	0.00313	0.00595	0.00922	0.01146	0.18571	0.07282	0.63837	0.02381	0.00490	0.00136	0.00200	0.00814	0.00374	0.00336
13	0.18321	0.20191	0.05070	0.00808	0.03313	0.15067	0.04307	0.06241	0.03218	0.06906	0.06069	0.01072	0.03339	0.02870	0.00392	0.00119	0.01626	0.00327	0.00257	0.00490
14	0.05250	0.03844	0.01039	0.10567	0.10046	0.10481	0.03205	0.15747	0.07235	0.02958	0.03427	0.05972	0.06799	0.06076	0.02550	0.00149	0.01094	0.00437	0.00283	0.02841
15	0.02625	0.00458	0.00540	0.00515	0.00640	0.00427	0.00386	0.05368	0.00977	0.10172	0.21001	0.22402	0.24984	0.00869	0.00442	0.00131	0.00231	0.00749	0.06685	0.00396
16	0.00756	0.00681	0.01123	0.48668	0.13696	0.00785	0.03552	0.01010	0.04484	0.01080	0.03237	0.05138	0.00856	0.00640	0.04372	0.04990	0.00494	0.03780	0.00213	0.00444
17	0.11816	0.15570	0.37149	0.02179	0.06488	0.03797	0.03678	0.03925	0.00865	0.05217	0.02500	0.00861	0.00599	0.00393	0.00375	0.00117	0.03429	0.00294	0.00208	0.00540
18	0.03550	0.00610	0.00866	0.05611	0.14439	0.02398	0.02166	0.01705	0.06779	0.01065	0.01024	0.03701	0.00952	0.09290	0.38701	0.02981	0.02276	0.01243	0.00228	0.00415
19	0.00587	0.00399	0.00466	0.00457	0.00534	0.00368	0.00315	0.00667	0.00818	0.04779	0.18794	0.09111	0.26557	0.27983	0.02475	0.02576	0.00280	0.00696	0.01817	0.00320
20	0.00876	0.00843	0.08059	0.03177	0.06452	0.08118	0.05807	0.04994	0.03562	0.07847	0.02885	0.06373	0.02382	0.06266	0.27000	0.00300	0.03904	0.00446	0.00257	0.00455
21	0.05332	0.05138	0.07337	0.00965	0.07657	0.05227	0.08305	0.19624	0.04445	0.09547	0.02978	0.11655	0.03970	0.04319	0.00471	0.00136	0.00418	0.01638	0.00312	0.00527
22	0.00677	0.00432	0.00519	0.00506	0.00603	0.00403	0.00362	0.03164	0.02060	0.09015	0.17919	0.22827	0.19514	0.13785	0.00705	0.01804	0.00253	0.00745	0.04341	0.00366
23	0.09337	0.00665	0.00761	0.00657	0.00855	0.00678	0.00509	0.15680	0.10043	0.23987	0.02579	0.18442	0.05631	0.07710	0.00538	0.00151	0.00319	0.00561	0.00385	0.00513
24	0.09446	0.00942	0.03399	0.48432	0.04078	0.12646	0.06879	0.02871	0.00874	0.05765	0.00730	0.00966	0.00546	0.00392	0.00377	0.00124	0.00525	0.00331	0.00209	0.00470
25	0.03367	0.00636	0.00801	0.03568	0.07567	0.04262	0.02880	0.04716	0.06090	0.11435	0.25164	0.10124	0.08011	0.01751	0.00457	0.00135	0.00319	0.07896	0.00365	0.00457
26	0.03090	0.00428	0.00491	0.04203	0.00608	0.02139	0.00341	0.00643	0.00680	0.00928	0.03244	0.23792	0.04334	0.46419	0.01274	0.00270	0.00335	0.03164	0.03327	0.00291
27	0.69378	0.04554	0.00733	0.02985	0.00883	0.00947	0.00496	0.09119	0.05213	0.01764	0.00645	0.00722	0.00496	0.00383	0.00270	0.00120	0.00327	0.00242	0.00260	0.00462
28	0.05330	0.00453	0.00584	0.04706	0.00734	0.00487	0.00441	0.03284	0.00724	0.01013	0.01651	0.07802	0.17623	0.09568	0.36150	0.07700	0.00617	0.00540	0.00257	0.00337
29	0.10133	0.09261	0.26331	0.12082	0.13222	0.05709	0.08667	0.05218	0.03512	0.01299	0.00719	0.00878	0.00551	0.00375	0.00362	0.00119	0.00511	0.00312	0.00203	0.00537
30	0.12220	0.05401	0.00759	0.08598	0.02119	0.01418	0.03106	0.02576	0.05662	0.02211	0.03884	0.25785	0.08490	0.10380	0.00619	0.02340	0.00329	0.03420	0.00297	0.00387
31	0.02521	0.38025	0.05728	0.05362	0.03412	0.03513	0.01869	0.11696	0.00964	0.05304	0.03048	0.02768	0.00831	0.02899	0.00413	0.00117	0.03000	0.06155	0.00244	0.02133
32	0.09708	0.03801	0.02402	0.12671	0.09316	0.00766	0.00668	0.08917	0.05933	0.04010	0.00908	0.06549	0.00787	0.04545	0.00425	0.00117	0.00367	0.00362	0.00260	0.27489

[dist]
# distance from previous block
# <min> <max>
0	14

# created by:
# /st0/software/busco_prod/Augustus/scripts/msa2prfl.pl ./align_prep/27927.fa
