[name]
unknown

[dist]
# distance from previous block
# <min> <max>
0	52

[block]
# block no. 0 follows, 57 sequences, length 15
# corresponding to MSA columns:
# 61-75
name=unknown_A
#
# <colnr> <probs for GDERKNQSTAVLIFYWHMCP>
#	G	D	E	R	K	N	Q	S	T	A	V	L	I	F	Y	W	H	M	C	P
0	0.00730	0.00522	0.00730	0.00835	0.00939	0.00522	0.00730	0.00939	0.01043	0.01356	0.02399	0.05111	0.02608	0.01252	0.00626	0.00209	0.00417	0.78199	0.00417	0.00417
1	0.12716	0.01051	0.01337	0.10694	0.07585	0.01124	0.06297	0.34199	0.01495	0.17427	0.01100	0.01155	0.00772	0.00499	0.00437	0.00140	0.00491	0.00404	0.00389	0.00688
2	0.01030	0.00922	0.01478	0.52977	0.14544	0.01063	0.05272	0.09148	0.04843	0.03014	0.00915	0.01213	0.00689	0.00461	0.00457	0.00147	0.00576	0.00416	0.00251	0.00583
3	0.00613	0.00472	0.00564	0.00599	0.00709	0.00434	0.00461	0.00774	0.02578	0.01321	0.13773	0.18127	0.34756	0.04451	0.00632	0.00181	0.00286	0.18447	0.00425	0.00396
4	0.18285	0.00921	0.01004	0.00804	0.01113	0.00964	0.00658	0.26269	0.05655	0.28449	0.01313	0.01267	0.00907	0.00528	0.00406	0.00136	0.00394	0.00399	0.09852	0.00676
5	0.03540	0.01331	0.01212	0.01022	0.01286	0.22239	0.02342	0.34296	0.07727	0.03129	0.01136	0.01444	0.00938	0.04234	0.04182	0.00179	0.03129	0.05648	0.00363	0.00623
6	0.01091	0.01144	0.02230	0.01604	0.02032	0.01074	0.57445	0.07068	0.01113	0.01548	0.00900	0.01155	0.00688	0.00397	0.00520	0.00137	0.03003	0.00474	0.00252	0.16126
7	0.01620	0.00746	0.00962	0.00780	0.01069	0.00696	0.00629	0.01984	0.14281	0.53336	0.16849	0.01917	0.01764	0.00639	0.00472	0.00143	0.00349	0.00534	0.00533	0.00697
8	0.00787	0.00577	0.00762	0.00832	0.00958	0.00588	0.00718	0.04318	0.05788	0.01445	0.02408	0.04707	0.05929	0.01180	0.00605	0.00200	0.00409	0.66919	0.00422	0.00448
9	0.00544	0.00455	0.00474	0.00478	0.00620	0.00385	0.00355	0.00664	0.01040	0.01263	0.10002	0.09432	0.70436	0.01149	0.00538	0.00154	0.00231	0.00968	0.00426	0.00385
10	0.00566	0.00412	0.00534	0.00616	0.00665	0.00381	0.00425	0.00665	0.00930	0.01234	0.10234	0.65594	0.10593	0.01340	0.00572	0.00178	0.00261	0.03997	0.00428	0.00377
11	0.01206	0.01013	0.01069	0.00938	0.01209	0.01164	0.00736	0.12708	0.70001	0.02023	0.01744	0.01610	0.01302	0.00605	0.00460	0.00151	0.00377	0.00498	0.00460	0.00724
12	0.01617	0.00982	0.01122	0.00898	0.01219	0.01027	0.00729	0.31031	0.19386	0.29128	0.01721	0.01589	0.06226	0.00605	0.00461	0.00142	0.00412	0.00483	0.00489	0.00734
13	0.13451	0.00963	0.01051	0.00824	0.01161	0.05105	0.00673	0.19205	0.01362	0.38080	0.01302	0.01231	0.00881	0.00508	0.00412	0.00129	0.00418	0.00386	0.02753	0.10106
14	0.10024	0.02052	0.00936	0.00780	0.01011	0.07060	0.00613	0.22334	0.07620	0.08902	0.12541	0.01876	0.05057	0.09226	0.01790	0.00177	0.00421	0.01578	0.05433	0.00570

[dist]
# distance from previous block
# <min> <max>
0	42

[block]
# block no. 1 follows, 57 sequences, length 37
# corresponding to MSA columns:
# 118-133,136-156
name=unknown_B
#
# <colnr> <probs for GDERKNQSTAVLIFYWHMCP>
#	G	D	E	R	K	N	Q	S	T	A	V	L	I	F	Y	W	H	M	C	P
0	0.00631	0.00440	0.00562	0.00606	0.00636	0.00444	0.00409	0.00701	0.00773	0.01040	0.01830	0.28339	0.02093	0.37976	0.13287	0.00378	0.00495	0.08692	0.00330	0.00337
1	0.00967	0.00945	0.01443	0.26973	0.13163	0.01225	0.01132	0.01154	0.00808	0.01167	0.00697	0.01078	0.00615	0.00632	0.01017	0.00174	0.45678	0.00399	0.00203	0.00530
2	0.87276	0.00876	0.00666	0.00596	0.00876	0.01017	0.00491	0.01332	0.00771	0.02033	0.00631	0.00736	0.00491	0.00421	0.00280	0.00140	0.00351	0.00245	0.00280	0.00491
3	0.00701	0.00477	0.00647	0.00696	0.00789	0.00455	0.00550	0.00874	0.01076	0.04383	0.26148	0.26527	0.03166	0.01175	0.00579	0.00179	0.00311	0.30399	0.00448	0.00420
4	0.01109	0.00954	0.01009	0.00909	0.01160	0.01101	0.00706	0.02350	0.77471	0.01893	0.04803	0.01754	0.01491	0.00626	0.00464	0.00153	0.00353	0.00524	0.00462	0.00706
5	0.00649	0.00435	0.00556	0.00615	0.00689	0.00396	0.00432	0.00750	0.00946	0.06091	0.06248	0.59030	0.16468	0.01293	0.00563	0.00175	0.00267	0.03563	0.00432	0.00399
6	0.14918	0.01196	0.01238	0.00968	0.01314	0.01333	0.00798	0.64262	0.05322	0.02687	0.01050	0.01060	0.00754	0.00528	0.00427	0.00137	0.00470	0.00387	0.00427	0.00725
7	0.01723	0.01269	0.01360	0.01043	0.01405	0.01405	0.00861	0.79738	0.02131	0.02856	0.01088	0.01088	0.00771	0.00544	0.00453	0.00136	0.00499	0.00408	0.00453	0.00771
8	0.00724	0.00482	0.00632	0.00614	0.00730	0.00452	0.00480	0.00935	0.01223	0.04880	0.59989	0.03491	0.03683	0.00941	0.00533	0.00151	0.00254	0.13532	0.05835	0.00439
9	0.01196	0.00831	0.00902	0.00779	0.01012	0.00906	0.00614	0.16612	0.32585	0.08088	0.08481	0.01712	0.01442	0.00602	0.00429	0.00136	0.00337	0.00492	0.22209	0.00632
10	0.01723	0.01269	0.01360	0.01043	0.01405	0.01405	0.00861	0.79738	0.02131	0.02856	0.01088	0.01088	0.00771	0.00544	0.00453	0.00136	0.00499	0.00408	0.00453	0.00771
11	0.00556	0.00396	0.00525	0.00626	0.00651	0.00371	0.00415	0.00632	0.00859	0.01146	0.02456	0.80634	0.02944	0.04636	0.00646	0.00194	0.00270	0.01264	0.00415	0.00364
12	0.01644	0.01087	0.01195	0.00934	0.01261	0.01173	0.00765	0.55520	0.05883	0.14624	0.01275	0.01253	0.00897	0.00548	0.00439	0.00134	0.00443	0.00422	0.09771	0.00730
13	0.00599	0.00446	0.00558	0.00579	0.00667	0.00410	0.00416	0.00765	0.02450	0.01476	0.37896	0.32691	0.17094	0.01138	0.00549	0.00160	0.00237	0.01008	0.00456	0.00403
14	0.01195	0.01259	0.03838	0.01428	0.20636	0.22541	0.02554	0.09816	0.01125	0.01389	0.01042	0.06156	0.00979	0.08320	0.07775	0.00219	0.06269	0.02630	0.00272	0.00558
15	0.00940	0.00805	0.00940	0.00671	0.01074	0.00604	0.00537	0.01141	0.00940	0.01477	0.00805	0.00940	0.00671	0.00336	0.00336	0.00067	0.00336	0.00268	0.00268	0.86845
16	0.01052	0.05361	0.05454	0.15163	0.14390	0.01996	0.09275	0.07015	0.10176	0.04966	0.02311	0.01584	0.05461	0.04229	0.07212	0.00204	0.01858	0.01409	0.00296	0.00591
17	0.00944	0.00810	0.00942	0.00677	0.01076	0.00617	0.00541	0.01172	0.02909	0.01487	0.00831	0.00958	0.00689	0.00342	0.00339	0.00069	0.00336	0.00275	0.00273	0.84712
18	0.00640	0.00471	0.00661	0.02364	0.03808	0.00463	0.00572	0.00772	0.00922	0.01223	0.02314	0.50432	0.02661	0.02754	0.03229	0.00211	0.00362	0.25343	0.00400	0.00399
19	0.00567	0.00427	0.00527	0.00578	0.00654	0.00386	0.00408	0.00683	0.00991	0.01299	0.17412	0.46334	0.24060	0.01254	0.00560	0.00169	0.00248	0.02624	0.00435	0.00384
20	0.01060	0.01285	0.08094	0.01827	0.02291	0.01129	0.71308	0.02825	0.01077	0.01470	0.00942	0.02755	0.00725	0.00408	0.00527	0.00152	0.00743	0.00533	0.00234	0.00613
21	0.00659	0.00439	0.00494	0.00494	0.00494	0.00439	0.00275	0.00659	0.00659	0.00879	0.01428	0.02965	0.01647	0.84075	0.02306	0.00439	0.00439	0.00659	0.00275	0.00275
22	0.01693	0.02160	0.01284	0.01167	0.01401	0.82256	0.00876	0.01809	0.01284	0.01109	0.00700	0.00817	0.00584	0.00467	0.00409	0.00117	0.00817	0.00292	0.00233	0.00525
23	0.00559	0.00402	0.00531	0.00622	0.00658	0.00374	0.00419	0.00651	0.00908	0.01216	0.09391	0.74912	0.04935	0.01370	0.00574	0.00180	0.00258	0.01240	0.00427	0.00374
24	0.01015	0.01090	0.02141	0.05192	0.03500	0.01144	0.49869	0.01311	0.00972	0.01347	0.00956	0.01483	0.00820	0.00553	0.00760	0.00168	0.20041	0.06837	0.00236	0.00566
25	0.00772	0.00592	0.00758	0.00880	0.07361	0.00551	0.00565	0.00912	0.04533	0.01461	0.16327	0.49686	0.11191	0.01252	0.00602	0.00191	0.00324	0.01089	0.00460	0.00493
26	0.00940	0.00805	0.00940	0.00671	0.01074	0.00604	0.00537	0.01141	0.00940	0.01477	0.00805	0.00940	0.00671	0.00336	0.00336	0.00067	0.00336	0.00268	0.00268	0.86845
27	0.01723	0.01269	0.01360	0.01043	0.01405	0.01405	0.00861	0.79738	0.02131	0.02856	0.01088	0.01088	0.00771	0.00544	0.00453	0.00136	0.00499	0.00408	0.00453	0.00771
28	0.00778	0.00500	0.00641	0.02128	0.00721	0.00516	0.00438	0.00858	0.00786	0.08297	0.01693	0.07740	0.07226	0.41159	0.20543	0.00427	0.02575	0.02284	0.00313	0.00376
29	0.01153	0.00986	0.01039	0.00927	0.01188	0.01139	0.00724	0.05790	0.77005	0.01938	0.01811	0.01664	0.01356	0.00612	0.00461	0.00153	0.00365	0.00508	0.00461	0.00720
30	0.01730	0.01257	0.01352	0.01037	0.01399	0.01387	0.00857	0.77850	0.02110	0.04772	0.01105	0.01099	0.00779	0.00544	0.00453	0.00136	0.00496	0.00409	0.00456	0.00771
31	0.01136	0.15046	0.19280	0.06491	0.09941	0.06229	0.13639	0.06547	0.09598	0.03132	0.01086	0.01212	0.03730	0.00473	0.00435	0.00136	0.00579	0.00410	0.00266	0.00634
32	0.01354	0.01191	0.12541	0.00987	0.03858	0.08984	0.00841	0.17160	0.09085	0.18644	0.06289	0.05855	0.01262	0.06061	0.03667	0.00182	0.00511	0.00497	0.00392	0.00637
33	0.00551	0.00398	0.00522	0.00620	0.00654	0.00369	0.00416	0.00632	0.00878	0.01161	0.02627	0.78862	0.07831	0.01403	0.00576	0.00182	0.00261	0.01268	0.00421	0.00369
34	0.01025	0.00978	0.01351	0.03113	0.01223	0.01337	0.00964	0.05955	0.00784	0.01189	0.00639	0.01019	0.00614	0.00803	0.01410	0.03956	0.72529	0.00397	0.00214	0.00500
35	0.01223	0.10835	0.14858	0.04579	0.21155	0.02504	0.05618	0.12445	0.04271	0.09171	0.01118	0.04775	0.00922	0.00532	0.00447	0.00140	0.00530	0.03911	0.00305	0.00661
36	0.01029	0.00970	0.01034	0.06507	0.01169	0.14157	0.00754	0.04200	0.06482	0.02967	0.01212	0.05841	0.02737	0.09883	0.11536	0.00265	0.21938	0.03868	0.02970	0.00483

[dist]
# distance from previous block
# <min> <max>
0	2

[block]
# block no. 2 follows, 57 sequences, length 27
# corresponding to MSA columns:
# 159-185
name=unknown_C
#
# <colnr> <probs for GDERKNQSTAVLIFYWHMCP>
#	G	D	E	R	K	N	Q	S	T	A	V	L	I	F	Y	W	H	M	C	P
0	0.18086	0.03833	0.11020	0.07055	0.21581	0.15185	0.07523	0.06198	0.01072	0.01566	0.00787	0.00970	0.00621	0.00429	0.00407	0.00134	0.00580	0.00349	0.00246	0.02357
1	0.00793	0.00655	0.00945	0.03507	0.10570	0.00716	0.02577	0.05529	0.00910	0.01247	0.01691	0.08817	0.12185	0.07440	0.30446	0.01971	0.07292	0.01958	0.00291	0.00460
2	0.00627	0.00427	0.00510	0.00546	0.00557	0.00419	0.00332	0.00657	0.00735	0.00978	0.01789	0.28457	0.02097	0.55928	0.01719	0.00353	0.00383	0.02853	0.00324	0.00308
3	0.10180	0.00761	0.00978	0.00764	0.01093	0.00686	0.00629	0.02057	0.01226	0.69270	0.01658	0.01473	0.01063	0.00545	0.00431	0.00138	0.00372	0.00433	0.05517	0.00724
4	0.00564	0.00435	0.00511	0.00544	0.00637	0.00387	0.00386	0.00680	0.01004	0.01294	0.17290	0.33958	0.35649	0.03778	0.00606	0.00172	0.00246	0.01047	0.00430	0.00382
5	0.00991	0.00991	0.01388	0.01190	0.01190	0.01388	0.00991	0.01091	0.00694	0.01091	0.00595	0.00991	0.00595	0.00793	0.01487	0.00198	0.83246	0.00397	0.00198	0.00496
6	0.00641	0.00487	0.00628	0.00643	0.00733	0.00458	0.02762	0.04415	0.01007	0.01326	0.12373	0.44628	0.18316	0.06663	0.00672	0.00187	0.00292	0.02952	0.00416	0.00399
7	0.00610	0.00436	0.00593	0.00698	0.00749	0.00418	0.00522	0.00732	0.00925	0.01222	0.02465	0.58019	0.02870	0.01365	0.00594	0.00192	0.00313	0.26473	0.00420	0.00384
8	0.04894	0.01001	0.01192	0.06231	0.18267	0.07620	0.00815	0.06203	0.03876	0.03428	0.00928	0.03554	0.00775	0.00433	0.00392	0.00107	0.00446	0.00359	0.00282	0.39197
9	0.00974	0.00826	0.00958	0.00687	0.01088	0.00639	0.00551	0.04590	0.00992	0.01537	0.00818	0.00946	0.00676	0.00345	0.00341	0.00070	0.00343	0.00275	0.00277	0.83068
10	0.01248	0.10920	0.07290	0.03228	0.01328	0.21707	0.00841	0.03858	0.37755	0.01551	0.02876	0.03263	0.01088	0.00557	0.00430	0.00137	0.00517	0.00431	0.00345	0.00631
11	0.01171	0.05921	0.16035	0.01230	0.08232	0.05279	0.10287	0.09034	0.05561	0.08934	0.01205	0.04700	0.03544	0.00608	0.02171	0.00151	0.05416	0.01843	0.00305	0.08374
12	0.01274	0.04999	0.13448	0.12076	0.14473	0.10695	0.07264	0.06122	0.05903	0.06735	0.03903	0.01378	0.00971	0.00713	0.04887	0.00191	0.03539	0.00447	0.00313	0.00670
13	0.01749	0.01166	0.01285	0.00988	0.01341	0.01259	0.00815	0.65104	0.01964	0.15495	0.01211	0.01178	0.00838	0.00546	0.00450	0.00136	0.00473	0.00416	0.02826	0.00761
14	0.00870	0.00558	0.00725	0.00738	0.06193	0.00511	0.00520	0.01077	0.02609	0.13212	0.38966	0.03166	0.21547	0.00882	0.00512	0.00145	0.00274	0.03487	0.03518	0.00491
15	0.01098	0.06740	0.14456	0.11741	0.19329	0.06090	0.01082	0.05980	0.02726	0.05577	0.01007	0.03362	0.00869	0.06325	0.02092	0.02237	0.06059	0.02381	0.00262	0.00589
16	0.00570	0.00419	0.00539	0.00629	0.00675	0.00393	0.00431	0.00686	0.02778	0.01187	0.02673	0.71723	0.10184	0.01369	0.00573	0.00181	0.00267	0.03921	0.00421	0.00379
17	0.13732	0.00805	0.00973	0.00769	0.01085	0.00769	0.00631	0.10508	0.01295	0.53072	0.05241	0.01531	0.02860	0.00567	0.00431	0.00139	0.00375	0.00447	0.04076	0.00693
18	0.00967	0.00959	0.01504	0.59231	0.17575	0.06079	0.04818	0.01255	0.00960	0.01228	0.00813	0.01168	0.00628	0.00441	0.00453	0.00146	0.00612	0.00402	0.00209	0.00550
19	0.00946	0.00794	0.00961	0.08684	0.03218	0.06854	0.05510	0.02877	0.14388	0.07333	0.07383	0.21105	0.16353	0.00868	0.00506	0.00155	0.00396	0.00759	0.00392	0.00520
20	0.00659	0.00439	0.00494	0.00494	0.00494	0.00439	0.00275	0.00659	0.00659	0.00879	0.01428	0.02965	0.01647	0.84075	0.02306	0.00439	0.00439	0.00659	0.00275	0.00275
21	0.01850	0.01064	0.01233	0.00945	0.01303	0.01101	0.00781	0.47835	0.01788	0.35243	0.01376	0.01275	0.00915	0.00551	0.00454	0.00138	0.00452	0.00428	0.00498	0.00771
22	0.05400	0.01059	0.01704	0.12441	0.50408	0.01099	0.06796	0.10760	0.01144	0.03557	0.00891	0.01127	0.00706	0.00430	0.00448	0.00139	0.00545	0.00407	0.00260	0.00680
23	0.77997	0.00924	0.00731	0.00649	0.00917	0.03903	0.00532	0.01362	0.00800	0.04128	0.00663	0.00773	0.00516	0.00443	0.00345	0.00142	0.04134	0.00260	0.00283	0.00500
24	0.05222	0.00721	0.00902	0.05911	0.02499	0.00705	0.00628	0.04436	0.10520	0.32572	0.16113	0.02200	0.12735	0.00697	0.00471	0.00144	0.00346	0.00580	0.01985	0.00613
25	0.00963	0.00920	0.01278	0.11431	0.27067	0.07197	0.04109	0.02612	0.04389	0.01394	0.06156	0.07580	0.10820	0.00711	0.00529	0.00152	0.03414	0.08415	0.00307	0.00555
26	0.02646	0.04617	0.01258	0.12007	0.15960	0.00920	0.05987	0.04724	0.12315	0.01470	0.06019	0.07004	0.10432	0.00877	0.07128	0.00193	0.02948	0.00564	0.00317	0.02615

[dist]
# distance from previous block
# <min> <max>
0	65

[block]
# block no. 3 follows, 57 sequences, length 10
# corresponding to MSA columns:
# 251-260
name=unknown_D
#
# <colnr> <probs for GDERKNQSTAVLIFYWHMCP>
#	G	D	E	R	K	N	Q	S	T	A	V	L	I	F	Y	W	H	M	C	P
0	0.07403	0.01319	0.29483	0.00934	0.01295	0.03433	0.03167	0.06096	0.06361	0.01634	0.16484	0.04249	0.09839	0.00678	0.00464	0.00146	0.00458	0.03544	0.02454	0.00560
1	0.05538	0.00784	0.01017	0.05877	0.03552	0.00753	0.02754	0.04623	0.00997	0.01484	0.01242	0.02134	0.01199	0.00652	0.00526	0.00133	0.06955	0.22075	0.00307	0.37398
2	0.01133	0.00907	0.00975	0.00868	0.01103	0.01026	0.00668	0.06042	0.62123	0.05408	0.05029	0.01845	0.01485	0.08553	0.00639	0.00179	0.00369	0.00531	0.00449	0.00668
3	0.01051	0.01088	0.07019	0.15964	0.23561	0.01075	0.12542	0.04769	0.17647	0.01551	0.02946	0.01433	0.00963	0.00513	0.00506	0.00149	0.03357	0.02936	0.00289	0.00640
4	0.00940	0.00805	0.00940	0.00671	0.01074	0.00604	0.00537	0.01141	0.00940	0.01477	0.00805	0.00940	0.00671	0.00336	0.00336	0.00067	0.00336	0.00268	0.00268	0.86845
5	0.00659	0.00439	0.00494	0.00494	0.00494	0.00439	0.00275	0.00659	0.00659	0.00879	0.01428	0.02965	0.01647	0.84075	0.02306	0.00439	0.00439	0.00659	0.00275	0.00275
6	0.01098	0.02578	0.10022	0.02546	0.15204	0.03649	0.03886	0.10171	0.15174	0.05362	0.05226	0.04747	0.06899	0.00675	0.00511	0.00152	0.02888	0.08239	0.00355	0.00620
7	0.12167	0.17714	0.09082	0.05234	0.04054	0.08717	0.02420	0.07698	0.02410	0.07237	0.01115	0.08274	0.03079	0.00710	0.04416	0.00165	0.04208	0.00438	0.00291	0.00569
8	0.00554	0.00405	0.00522	0.00608	0.00653	0.00373	0.00412	0.00644	0.00907	0.01197	0.06548	0.70458	0.12327	0.01363	0.00571	0.00178	0.00257	0.01226	0.00424	0.00373
9	0.01230	0.09337	0.13180	0.03290	0.14077	0.05410	0.04530	0.09725	0.07356	0.10366	0.04247	0.01336	0.02381	0.00508	0.00452	0.00132	0.02007	0.01801	0.00317	0.08318

[dist]
# distance from previous block
# <min> <max>
1	3

[block]
# block no. 4 follows, 57 sequences, length 6
# corresponding to MSA columns:
# 264-269
name=unknown_E
#
# <colnr> <probs for GDERKNQSTAVLIFYWHMCP>
#	G	D	E	R	K	N	Q	S	T	A	V	L	I	F	Y	W	H	M	C	P
0	0.01173	0.43869	0.17332	0.00959	0.01330	0.01481	0.00977	0.04280	0.05355	0.05168	0.00800	0.00918	0.00660	0.00486	0.00527	0.00128	0.13397	0.00315	0.00236	0.00609
1	0.00682	0.00456	0.00654	0.00654	0.00701	0.00503	0.00474	0.00731	0.00684	0.00959	0.01152	0.01899	0.01144	0.17460	0.49073	0.20826	0.00883	0.00495	0.00238	0.00333
2	0.01180	0.09541	0.16354	0.08388	0.07672	0.03976	0.02913	0.16024	0.08369	0.06265	0.01242	0.03111	0.04182	0.03047	0.02535	0.00164	0.02130	0.01966	0.00314	0.00628
3	0.00846	0.00819	0.06329	0.00827	0.03333	0.05188	0.00640	0.03729	0.16861	0.01382	0.03982	0.20949	0.09002	0.13282	0.03464	0.00222	0.00424	0.07865	0.00372	0.00485
4	0.00760	0.00659	0.00977	0.00881	0.00954	0.00797	0.05286	0.00892	0.00752	0.01079	0.01273	0.05268	0.05111	0.11791	0.37959	0.00461	0.23884	0.00542	0.00250	0.00424
5	0.03431	0.11198	0.06257	0.06272	0.16655	0.08555	0.05173	0.10475	0.07572	0.02966	0.01131	0.03115	0.02757	0.00597	0.02446	0.00148	0.00539	0.04193	0.00293	0.06225

[dist]
# distance from previous block
# <min> <max>
1	99

[block]
# block no. 5 follows, 57 sequences, length 18
# corresponding to MSA columns:
# 372-376,378-390
name=unknown_F
#
# <colnr> <probs for GDERKNQSTAVLIFYWHMCP>
#	G	D	E	R	K	N	Q	S	T	A	V	L	I	F	Y	W	H	M	C	P
0	0.01176	0.08655	0.13369	0.04993	0.09596	0.08351	0.09580	0.11619	0.01220	0.07647	0.12544	0.03324	0.02408	0.00635	0.02774	0.00154	0.00551	0.00478	0.00320	0.00607
1	0.00561	0.00443	0.00506	0.00527	0.00637	0.00388	0.00381	0.00687	0.01040	0.01327	0.19592	0.24999	0.44956	0.01174	0.00547	0.00159	0.00235	0.01016	0.00437	0.00388
2	0.00940	0.00805	0.00940	0.00671	0.01074	0.00604	0.00537	0.01141	0.00940	0.01477	0.00805	0.00940	0.00671	0.00336	0.00336	0.00067	0.00336	0.00268	0.00268	0.86845
3	0.00577	0.00455	0.00529	0.00537	0.00656	0.00407	0.00400	0.00717	0.01056	0.01359	0.23453	0.14904	0.43863	0.01266	0.05430	0.00191	0.00294	0.03083	0.00430	0.00394
4	0.00551	0.00399	0.00521	0.00619	0.00654	0.00369	0.00415	0.00632	0.00879	0.01161	0.02642	0.78302	0.08381	0.01401	0.00575	0.00182	0.00261	0.01265	0.00421	0.00369
5	0.01299	0.01197	0.03384	0.04871	0.35854	0.12173	0.02434	0.08971	0.10799	0.08981	0.01227	0.01331	0.04434	0.00501	0.00451	0.00137	0.00533	0.00432	0.00314	0.00675
6	0.05317	0.05391	0.16894	0.01152	0.03312	0.34531	0.02874	0.06669	0.01132	0.01351	0.00900	0.03358	0.01984	0.00625	0.02904	0.00155	0.08720	0.01921	0.00249	0.00562
7	0.01539	0.00778	0.00957	0.00775	0.01047	0.00754	0.00624	0.18255	0.02802	0.38941	0.13093	0.06979	0.01631	0.00663	0.00461	0.00139	0.00359	0.00549	0.08996	0.00660
8	0.00978	0.07387	0.67353	0.03644	0.01923	0.05954	0.03790	0.01445	0.00976	0.01385	0.00798	0.00949	0.00579	0.00429	0.00424	0.00139	0.00668	0.00334	0.00195	0.00649
9	0.00881	0.00782	0.01219	0.48781	0.10075	0.00909	0.01042	0.04397	0.05631	0.01401	0.13244	0.05637	0.01357	0.00636	0.02002	0.00160	0.00514	0.00518	0.00286	0.00528
10	0.00769	0.00526	0.00637	0.00591	0.00740	0.00489	0.00449	0.01034	0.07376	0.08519	0.46262	0.05656	0.23335	0.00941	0.00523	0.00147	0.00245	0.00813	0.00479	0.00467
11	0.00612	0.00431	0.00516	0.00559	0.00594	0.00413	0.00363	0.00666	0.00801	0.01048	0.02245	0.31256	0.11824	0.40036	0.01384	0.00301	0.00351	0.05917	0.00352	0.00329
12	0.00574	0.00470	0.00508	0.00507	0.00644	0.00412	0.00377	0.00738	0.03438	0.01345	0.18041	0.10877	0.58248	0.01115	0.00537	0.00154	0.00233	0.00947	0.00436	0.00399
13	0.00845	0.00422	0.00422	0.00422	0.00528	0.00422	0.00317	0.01056	0.00950	0.01689	0.01478	0.01689	0.01161	0.00528	0.00317	0.00106	0.00211	0.00422	0.86591	0.00422
14	0.01093	0.01387	0.20956	0.05529	0.31165	0.02474	0.18227	0.04651	0.01065	0.03764	0.00916	0.01161	0.00712	0.01856	0.00491	0.00146	0.00609	0.00420	0.02721	0.00658
15	0.06319	0.01013	0.01469	0.01989	0.49292	0.03035	0.01086	0.03134	0.13580	0.06725	0.02948	0.01287	0.00937	0.00471	0.00436	0.00137	0.00471	0.00423	0.04567	0.00682
16	0.00963	0.02955	0.02647	0.09611	0.29806	0.02708	0.02592	0.02777	0.04806	0.03108	0.05781	0.05695	0.11748	0.05307	0.00618	0.00163	0.03966	0.02365	0.01820	0.00566
17	0.01119	0.20598	0.11296	0.07740	0.13914	0.08900	0.15267	0.01380	0.00984	0.01280	0.00765	0.00985	0.00629	0.00438	0.00505	0.00131	0.07736	0.00363	0.00214	0.05756

[dist]
# distance from previous block
# <min> <max>
0	2

[block]
# block no. 6 follows, 57 sequences, length 20
# corresponding to MSA columns:
# 393,395-413
name=unknown_G
#
# <colnr> <probs for GDERKNQSTAVLIFYWHMCP>
#	G	D	E	R	K	N	Q	S	T	A	V	L	I	F	Y	W	H	M	C	P
0	0.00988	0.02896	0.00865	0.00740	0.00909	0.07917	0.00576	0.09025	0.09392	0.05118	0.39362	0.05413	0.04233	0.00779	0.00530	0.00141	0.04120	0.00647	0.05831	0.00518
1	0.00645	0.00439	0.00500	0.00504	0.00520	0.00431	0.00295	0.00667	0.00725	0.00963	0.05764	0.07838	0.06485	0.70097	0.02010	0.00392	0.00405	0.00722	0.00303	0.00294
2	0.01026	0.01329	0.19200	0.17353	0.15879	0.06480	0.11349	0.01411	0.06331	0.02715	0.03007	0.04463	0.00877	0.00504	0.00498	0.00145	0.03686	0.00447	0.00250	0.03049
3	0.00634	0.00475	0.00589	0.00558	0.00677	0.00436	0.00419	0.00855	0.03147	0.01710	0.65049	0.03523	0.18323	0.00960	0.00533	0.00145	0.00220	0.00837	0.00484	0.00426
4	0.30217	0.25906	0.05108	0.00850	0.01169	0.04206	0.08793	0.01333	0.00895	0.04477	0.00834	0.02724	0.00710	0.02366	0.06537	0.00178	0.00528	0.00341	0.02294	0.00535
5	0.03551	0.48660	0.01951	0.00980	0.03155	0.22684	0.03306	0.08620	0.01129	0.01287	0.00704	0.00808	0.00604	0.00424	0.00347	0.00109	0.00579	0.00283	0.00232	0.00586
6	0.00991	0.00991	0.01388	0.01190	0.01190	0.01388	0.00991	0.01091	0.00694	0.01091	0.00595	0.00991	0.00595	0.00793	0.01487	0.00198	0.83246	0.00397	0.00198	0.00496
7	0.00910	0.02337	0.81238	0.01295	0.01964	0.01053	0.02156	0.01435	0.00957	0.01435	0.00814	0.00958	0.00575	0.00430	0.00431	0.00144	0.00670	0.00336	0.00192	0.00669
8	0.00550	0.00454	0.00483	0.00489	0.00624	0.00387	0.00362	0.00674	0.01048	0.01291	0.13865	0.11609	0.64307	0.01145	0.00539	0.00155	0.00231	0.00970	0.00430	0.00387
9	0.00787	0.00394	0.00590	0.00590	0.00590	0.00394	0.00394	0.00590	0.00590	0.00787	0.00787	0.01377	0.00787	0.01574	0.01771	0.86816	0.00394	0.00394	0.00197	0.00197
10	0.00752	0.00501	0.00612	0.00568	0.00709	0.00458	0.00431	0.00974	0.03749	0.07996	0.50945	0.03334	0.21552	0.00921	0.00516	0.00143	0.00236	0.00795	0.04355	0.00453
11	0.38146	0.00706	0.00712	0.00619	0.00856	0.00731	0.00496	0.01368	0.01033	0.19572	0.20355	0.01745	0.04333	0.00606	0.00392	0.00139	0.00311	0.00467	0.06885	0.00529
12	0.03462	0.05747	0.26090	0.09070	0.15028	0.03861	0.12722	0.08528	0.01104	0.01536	0.03033	0.02334	0.02040	0.00492	0.00453	0.00143	0.00595	0.02884	0.00253	0.00626
13	0.00632	0.00463	0.00592	0.00560	0.00671	0.00423	0.00420	0.00836	0.01260	0.01763	0.74007	0.03474	0.11312	0.00947	0.00535	0.00143	0.00215	0.00832	0.00492	0.00423
14	0.00874	0.09376	0.19985	0.05381	0.08215	0.04772	0.04648	0.01155	0.03200	0.01321	0.06476	0.16025	0.13293	0.00747	0.00497	0.00148	0.02419	0.00636	0.00299	0.00534
15	0.01162	0.58656	0.16201	0.01026	0.04162	0.04336	0.06351	0.01394	0.00953	0.01173	0.00692	0.00818	0.00592	0.00398	0.00341	0.00111	0.00549	0.00286	0.00198	0.00602
16	0.00609	0.00492	0.00517	0.00501	0.00654	0.00436	0.00379	0.02753	0.03138	0.01391	0.15956	0.03960	0.62283	0.01062	0.00523	0.00149	0.00237	0.00890	0.03661	0.00409
17	0.00612	0.00484	0.00613	0.03436	0.04681	0.00453	0.00476	0.00762	0.02700	0.01292	0.11535	0.38386	0.29111	0.01160	0.00542	0.00164	0.00272	0.01021	0.01891	0.00410
18	0.01113	0.02399	0.11100	0.03403	0.02629	0.16890	0.08062	0.10562	0.06760	0.02486	0.09229	0.04131	0.12580	0.03641	0.00566	0.00153	0.02867	0.00544	0.00330	0.00556
19	0.05018	0.03860	0.04206	0.07690	0.03601	0.37874	0.00832	0.02746	0.01097	0.01286	0.00809	0.01075	0.00696	0.03260	0.00481	0.00125	0.02355	0.02317	0.00247	0.20425

[dist]
# distance from previous block
# <min> <max>
2	24

[block]
# block no. 7 follows, 57 sequences, length 20
# corresponding to MSA columns:
# 438-457
name=unknown_H
#
# <colnr> <probs for GDERKNQSTAVLIFYWHMCP>
#	G	D	E	R	K	N	Q	S	T	A	V	L	I	F	Y	W	H	M	C	P
0	0.06837	0.07032	0.19304	0.02781	0.18321	0.04693	0.06405	0.10837	0.05788	0.04368	0.02469	0.01215	0.00825	0.00486	0.00454	0.00138	0.02329	0.02498	0.00283	0.02937
1	0.01054	0.03076	0.01347	0.01521	0.28809	0.04146	0.07094	0.05742	0.07153	0.05757	0.17071	0.02034	0.11977	0.00635	0.00479	0.00140	0.00439	0.00570	0.00352	0.00603
2	0.01279	0.02907	0.04601	0.00987	0.01287	0.02735	0.02729	0.26463	0.40071	0.02073	0.01584	0.01596	0.04319	0.00613	0.00488	0.00148	0.02581	0.02421	0.00422	0.00696
3	0.87276	0.00876	0.00666	0.00596	0.00876	0.01017	0.00491	0.01332	0.00771	0.02033	0.00631	0.00736	0.00491	0.00421	0.00280	0.00140	0.00351	0.00245	0.00280	0.00491
4	0.83653	0.00893	0.00695	0.00615	0.00899	0.01033	0.00506	0.04652	0.00829	0.02068	0.00650	0.00751	0.00503	0.00426	0.00288	0.00140	0.00357	0.00252	0.00288	0.00503
5	0.00558	0.00404	0.00528	0.00615	0.00656	0.00374	0.00416	0.00650	0.00911	0.01213	0.08798	0.72409	0.08066	0.01364	0.00572	0.00179	0.00257	0.01230	0.00427	0.00374
6	0.00567	0.00410	0.00540	0.00631	0.00674	0.00382	0.00436	0.00664	0.00911	0.01210	0.07059	0.70169	0.07126	0.01367	0.00577	0.00182	0.00268	0.06028	0.00425	0.00375
7	0.00728	0.00610	0.00830	0.00802	0.00878	0.03682	0.00630	0.00881	0.00745	0.01059	0.01118	0.01647	0.01046	0.02968	0.69256	0.00640	0.11355	0.00467	0.00237	0.00420
8	0.00794	0.00481	0.00544	0.00528	0.00607	0.00501	0.00371	0.04858	0.00876	0.01372	0.01398	0.02103	0.01301	0.29103	0.14367	0.00321	0.00466	0.00512	0.39111	0.00387
9	0.01583	0.15060	0.01502	0.01126	0.01388	0.63615	0.03246	0.03392	0.01226	0.01150	0.00702	0.00825	0.00591	0.00461	0.00418	0.00117	0.02529	0.00296	0.00231	0.00541
10	0.05280	0.00893	0.01545	0.59279	0.12027	0.01033	0.11078	0.01231	0.00934	0.01277	0.00816	0.01176	0.00622	0.00437	0.00454	0.00149	0.00604	0.00411	0.00212	0.00541
11	0.19764	0.02626	0.10316	0.11325	0.20203	0.10528	0.06472	0.04184	0.01009	0.03739	0.00818	0.01047	0.00651	0.02489	0.00486	0.00147	0.02992	0.00363	0.00249	0.00591
12	0.00658	0.00441	0.00501	0.00499	0.00505	0.00439	0.00283	0.00670	0.00695	0.00933	0.06007	0.02989	0.01799	0.79291	0.02204	0.00422	0.00426	0.00668	0.00287	0.00283
13	0.00911	0.00866	0.01238	0.05120	0.04394	0.01159	0.00905	0.01032	0.00722	0.01091	0.00771	0.01257	0.00754	0.05919	0.15624	0.00300	0.56820	0.00428	0.00212	0.00477
14	0.02756	0.01042	0.02819	0.05531	0.34981	0.03411	0.05171	0.12869	0.09573	0.02687	0.03112	0.02769	0.08252	0.00566	0.00467	0.00143	0.00492	0.02390	0.00318	0.00651
15	0.00576	0.00440	0.00530	0.00564	0.00659	0.00395	0.00410	0.00705	0.01033	0.01344	0.21350	0.32111	0.31946	0.01198	0.00555	0.00164	0.00247	0.04945	0.00439	0.00390
16	0.77623	0.00921	0.00744	0.00646	0.00936	0.01060	0.00533	0.10178	0.00925	0.02126	0.00683	0.00776	0.00522	0.00435	0.00300	0.00140	0.00367	0.00264	0.00300	0.00522
17	0.14293	0.17680	0.14044	0.01092	0.05772	0.07925	0.04765	0.17982	0.06740	0.02911	0.00891	0.00976	0.00684	0.00457	0.00390	0.00129	0.00527	0.00342	0.00293	0.02107
18	0.02765	0.02846	0.12211	0.02920	0.17309	0.03098	0.05174	0.09082	0.04046	0.04462	0.03894	0.03841	0.05109	0.00558	0.00548	0.00138	0.09077	0.00452	0.01759	0.10711
19	0.00598	0.00582	0.05293	0.00666	0.00809	0.00459	0.04839	0.00739	0.00968	0.01242	0.06221	0.38593	0.34960	0.01174	0.00548	0.00166	0.00298	0.01037	0.00400	0.00407

[dist]
# distance from previous block
# <min> <max>
0	15

# created by:
# /st0/software/busco_prod/Augustus/scripts/msa2prfl.pl ./align_prep/27928.fa
