[name]
unknown

[dist]
# distance from previous block
# <min> <max>
1	450

[block]
# block no. 0 follows, 66 sequences, length 31
# corresponding to MSA columns:
# 451-481
name=unknown_A
#
# <colnr> <probs for GDERKNQSTAVLIFYWHMCP>
#	G	D	E	R	K	N	Q	S	T	A	V	L	I	F	Y	W	H	M	C	P
0	0.06062	0.08782	0.12840	0.02716	0.01129	0.11913	0.04017	0.09320	0.06620	0.04987	0.02640	0.07110	0.00972	0.12728	0.02281	0.00172	0.02435	0.00426	0.00271	0.02580
1	0.07546	0.11611	0.06978	0.00898	0.02297	0.12696	0.06799	0.15423	0.06475	0.05491	0.04103	0.06464	0.00933	0.04117	0.00477	0.00132	0.02753	0.00402	0.00289	0.04119
2	0.01977	0.11185	0.11059	0.00782	0.03344	0.01869	0.02113	0.05013	0.10927	0.01284	0.07689	0.30522	0.05440	0.01768	0.00464	0.00139	0.01586	0.00673	0.00319	0.01849
3	0.00996	0.09079	0.06464	0.00726	0.02201	0.03315	0.00603	0.08421	0.08620	0.14256	0.06874	0.12045	0.08356	0.06866	0.04270	0.00168	0.00391	0.01527	0.00343	0.04480
4	0.07058	0.07906	0.25843	0.04084	0.05917	0.03171	0.08887	0.03274	0.05276	0.13790	0.00986	0.05160	0.00779	0.02152	0.02015	0.00143	0.02347	0.00387	0.00264	0.00561
5	0.02173	0.16291	0.18110	0.01104	0.06140	0.02368	0.14092	0.17632	0.05114	0.03750	0.03954	0.04394	0.00840	0.00495	0.01674	0.00130	0.00502	0.00392	0.00268	0.00576
6	0.00600	0.00447	0.00621	0.00613	0.00673	0.00507	0.00456	0.00740	0.02876	0.00955	0.04305	0.01871	0.01222	0.21489	0.58257	0.00549	0.02757	0.00480	0.00237	0.00346
7	0.04123	0.07658	0.21356	0.04813	0.02751	0.12688	0.10978	0.13178	0.04880	0.08610	0.00863	0.00965	0.00639	0.00464	0.01657	0.00132	0.03073	0.00342	0.00260	0.00573
8	0.00985	0.03293	0.06923	0.13559	0.28484	0.04372	0.11056	0.04864	0.04181	0.05342	0.02278	0.07028	0.01993	0.00474	0.00429	0.00128	0.01783	0.00436	0.00247	0.02145
9	0.02858	0.00612	0.01830	0.02904	0.00874	0.01598	0.01810	0.07062	0.02326	0.15262	0.01793	0.17353	0.12995	0.07890	0.13160	0.00240	0.05794	0.02855	0.00339	0.00447
10	0.01291	0.01086	0.01126	0.01011	0.06921	0.13165	0.03422	0.31253	0.19664	0.07409	0.01297	0.02522	0.04819	0.00532	0.00413	0.00127	0.00447	0.02524	0.00362	0.00609
11	0.01303	0.20000	0.06326	0.01071	0.06451	0.44045	0.03592	0.04285	0.01045	0.03326	0.00694	0.02055	0.00584	0.00421	0.00386	0.00109	0.03285	0.00292	0.00215	0.00513
12	0.01091	0.20054	0.16000	0.05385	0.06247	0.08287	0.24486	0.06325	0.00989	0.06250	0.00780	0.00928	0.00595	0.00380	0.00388	0.00119	0.00564	0.00347	0.00222	0.00562
13	0.01481	0.01135	0.03036	0.00929	0.01252	0.01230	0.00776	0.73299	0.08715	0.02456	0.01026	0.01017	0.00733	0.00490	0.00406	0.00123	0.00439	0.00372	0.00401	0.00684
14	0.00494	0.00353	0.00471	0.00565	0.00588	0.00330	0.00377	0.00565	0.00777	0.01036	0.02236	0.85477	0.02683	0.01271	0.00518	0.00165	0.00235	0.01153	0.00377	0.00330
15	0.00569	0.00451	0.00622	0.02375	0.06469	0.01945	0.02279	0.00659	0.00790	0.01050	0.01998	0.70663	0.02357	0.05014	0.00575	0.00170	0.00285	0.01025	0.00348	0.00358
16	0.00705	0.00352	0.00529	0.00529	0.00529	0.00352	0.00352	0.00529	0.00529	0.00705	0.00705	0.01233	0.00705	0.01409	0.01586	0.88196	0.00352	0.00352	0.00176	0.00176
17	0.55537	0.00836	0.00742	0.00628	0.00896	0.06651	0.00512	0.01466	0.00869	0.27132	0.00891	0.00888	0.00621	0.00419	0.00308	0.00124	0.00353	0.00281	0.00326	0.00520
18	0.00945	0.00718	0.00852	0.00614	0.00969	0.00547	0.00493	0.01123	0.00875	0.10025	0.00814	0.00898	0.00644	0.00322	0.00312	0.00067	0.00305	0.00258	0.00268	0.78951
19	0.00580	0.00435	0.00652	0.00652	0.00724	0.00507	0.00507	0.00724	0.00652	0.00942	0.01087	0.01594	0.01014	0.03043	0.84134	0.00652	0.01087	0.00435	0.00217	0.00362
20	0.00790	0.00760	0.01215	0.82112	0.02745	0.03540	0.01116	0.01055	0.00822	0.01035	0.00718	0.01071	0.00540	0.00406	0.00404	0.00134	0.00547	0.00357	0.00181	0.00451
21	0.01417	0.01021	0.01121	0.00853	0.01182	0.01070	0.00701	0.59284	0.03165	0.07960	0.00982	0.00987	0.00705	0.00454	0.00386	0.00110	0.00409	0.00346	0.00381	0.17467
22	0.12208	0.01559	0.01083	0.00951	0.01176	0.55955	0.01844	0.05279	0.01103	0.10323	0.00742	0.00818	0.00575	0.00437	0.00403	0.00114	0.04387	0.00284	0.00254	0.00501
23	0.00755	0.00493	0.00535	0.03198	0.00687	0.03967	0.00405	0.02109	0.04510	0.04964	0.01686	0.33712	0.02765	0.00787	0.00397	0.00127	0.00258	0.00682	0.37570	0.00395
24	0.00580	0.00435	0.00652	0.00652	0.00724	0.00507	0.00507	0.00724	0.00652	0.00942	0.01087	0.01594	0.01014	0.03043	0.84134	0.00652	0.01087	0.00435	0.00217	0.00362
25	0.00563	0.00391	0.00464	0.00486	0.00513	0.00378	0.00308	0.00610	0.00717	0.00954	0.08873	0.20805	0.07703	0.50497	0.01416	0.00294	0.00327	0.04108	0.00306	0.00288
26	0.84719	0.00800	0.00624	0.00551	0.00806	0.00926	0.00454	0.04795	0.00745	0.01853	0.00583	0.00673	0.00451	0.00382	0.00258	0.00125	0.00320	0.00226	0.00258	0.00451
27	0.00520	0.00406	0.00462	0.00464	0.00566	0.00359	0.00338	0.00640	0.00953	0.01230	0.27414	0.11928	0.44083	0.06938	0.00596	0.00156	0.00220	0.01992	0.00389	0.00347
28	0.00807	0.00759	0.01257	0.70548	0.12857	0.00914	0.01119	0.01114	0.04563	0.01103	0.00769	0.01092	0.00586	0.00407	0.00405	0.00133	0.00523	0.00365	0.00194	0.00484
29	0.00910	0.00719	0.00848	0.00609	0.00967	0.00545	0.00489	0.01089	0.00864	0.07088	0.00783	0.00879	0.00629	0.00315	0.00308	0.00065	0.00304	0.00252	0.00259	0.82080
30	0.00841	0.00829	0.01252	0.71207	0.10198	0.06746	0.01114	0.01097	0.00846	0.01061	0.00718	0.01050	0.00549	0.00402	0.00402	0.00132	0.00549	0.00354	0.00184	0.00470

[dist]
# distance from previous block
# <min> <max>
4	6

[block]
# block no. 1 follows, 66 sequences, length 15
# corresponding to MSA columns:
# 488-502
name=unknown_B
#
# <colnr> <probs for GDERKNQSTAVLIFYWHMCP>
#	G	D	E	R	K	N	Q	S	T	A	V	L	I	F	Y	W	H	M	C	P
0	0.00541	0.00371	0.00466	0.00520	0.00539	0.00356	0.00334	0.00578	0.00708	0.00939	0.01884	0.48563	0.04599	0.30386	0.01104	0.04652	0.00298	0.02547	0.00321	0.00294
1	0.00620	0.00474	0.00608	0.00617	0.00725	0.00452	0.02654	0.06201	0.00974	0.01269	0.11653	0.28884	0.23089	0.01046	0.00505	0.00155	0.00281	0.19033	0.00381	0.00379
2	0.01050	0.00735	0.00859	0.00773	0.00960	0.00780	0.00627	0.31182	0.06416	0.06611	0.03600	0.13511	0.01607	0.05624	0.00562	0.00163	0.00374	0.23662	0.00391	0.00515
3	0.88607	0.00785	0.00596	0.00534	0.00785	0.00910	0.00439	0.01193	0.00690	0.01820	0.00565	0.00659	0.00439	0.00377	0.00251	0.00126	0.00314	0.00220	0.00251	0.00439
4	0.00550	0.00375	0.00487	0.00554	0.00603	0.00344	0.00379	0.00634	0.00825	0.04407	0.06350	0.70077	0.10511	0.01195	0.00508	0.00159	0.00235	0.01074	0.00385	0.00348
5	0.00632	0.00451	0.00615	0.00697	0.00777	0.00447	0.00587	0.00791	0.00889	0.01157	0.02116	0.09925	0.04201	0.09415	0.00703	0.00204	0.00362	0.65313	0.00361	0.00357
6	0.00705	0.00352	0.00529	0.00529	0.00529	0.00352	0.00352	0.00529	0.00529	0.00705	0.00705	0.01233	0.00705	0.01409	0.01586	0.88196	0.00352	0.00352	0.00176	0.00176
7	0.00612	0.00422	0.00494	0.00500	0.00522	0.00432	0.00317	0.00685	0.03890	0.00874	0.01368	0.02739	0.01524	0.69311	0.06499	0.00377	0.00428	0.08462	0.00263	0.00281
8	0.01288	0.27926	0.03501	0.00933	0.01222	0.39786	0.04806	0.07135	0.02406	0.01146	0.00667	0.00765	0.00555	0.00391	0.00339	0.00100	0.00579	0.00269	0.00216	0.05971
9	0.01283	0.00895	0.00943	0.00786	0.01032	0.07636	0.00633	0.28064	0.11607	0.18839	0.10890	0.01795	0.07337	0.00613	0.00428	0.00129	0.00381	0.05713	0.00411	0.00585
10	0.04629	0.29278	0.05625	0.02249	0.02511	0.04215	0.00724	0.19241	0.08875	0.05590	0.01077	0.04630	0.04120	0.00547	0.01870	0.00126	0.02096	0.01750	0.00290	0.00556
11	0.06060	0.20039	0.03438	0.04760	0.05905	0.12935	0.04002	0.22179	0.07292	0.01544	0.02857	0.02609	0.00750	0.00457	0.00399	0.00117	0.03480	0.00343	0.00275	0.00559
12	0.00876	0.00688	0.02288	0.00740	0.00913	0.04171	0.05339	0.06460	0.06217	0.09318	0.10251	0.05291	0.06446	0.06888	0.22953	0.00286	0.03058	0.01783	0.00315	0.05720
13	0.02590	0.15993	0.15656	0.03288	0.02664	0.14314	0.17507	0.06136	0.04253	0.08003	0.02183	0.01982	0.00699	0.00423	0.00409	0.00121	0.02628	0.00355	0.00244	0.00552
14	0.50442	0.00870	0.00789	0.00658	0.00928	0.05295	0.00537	0.10798	0.02308	0.15705	0.00820	0.00852	0.00595	0.00417	0.00326	0.00121	0.01763	0.00279	0.00310	0.06188

[dist]
# distance from previous block
# <min> <max>
0	11

[block]
# block no. 2 follows, 66 sequences, length 11
# corresponding to MSA columns:
# 514-524
name=unknown_C
#
# <colnr> <probs for GDERKNQSTAVLIFYWHMCP>
#	G	D	E	R	K	N	Q	S	T	A	V	L	I	F	Y	W	H	M	C	P
0	0.00567	0.00409	0.00490	0.00502	0.00591	0.00371	0.00364	0.00681	0.00919	0.03466	0.23275	0.20823	0.29318	0.10608	0.00670	0.00172	0.00244	0.05795	0.00383	0.00351
1	0.24594	0.03354	0.03110	0.03930	0.02274	0.08629	0.10278	0.12934	0.09257	0.08070	0.02982	0.02239	0.00764	0.00464	0.00423	0.00129	0.05380	0.00357	0.00295	0.00537
2	0.03248	0.02732	0.01444	0.08950	0.27895	0.13410	0.10771	0.14444	0.05182	0.03900	0.00888	0.03707	0.00719	0.00435	0.00405	0.00124	0.00518	0.00387	0.00260	0.00580
3	0.03283	0.00441	0.00529	0.00557	0.00657	0.00412	0.00413	0.00784	0.03529	0.07210	0.04627	0.36337	0.25457	0.03640	0.00539	0.00161	0.00260	0.10407	0.00381	0.00377
4	0.00801	0.00757	0.01280	0.72755	0.14534	0.00911	0.01144	0.01067	0.00828	0.01079	0.00727	0.01070	0.00556	0.00399	0.00405	0.00133	0.00532	0.00361	0.00183	0.00479
5	0.00926	0.04487	0.01275	0.01049	0.01073	0.05208	0.00875	0.01017	0.00655	0.00976	0.00538	0.00870	0.00532	0.00681	0.01241	0.00170	0.77456	0.00345	0.00179	0.00448
6	0.00773	0.00619	0.06154	0.00660	0.02936	0.00544	0.03450	0.05104	0.02432	0.06963	0.03524	0.04471	0.01356	0.54060	0.05010	0.00317	0.00437	0.00546	0.00276	0.00366
7	0.00715	0.00431	0.00559	0.00530	0.00635	0.00431	0.00406	0.00891	0.00937	0.07442	0.33401	0.02122	0.02127	0.01313	0.23151	0.00261	0.00445	0.00536	0.23269	0.00399
8	0.01028	0.31207	0.33363	0.03478	0.03401	0.06706	0.02507	0.07694	0.04791	0.01264	0.00729	0.00831	0.00571	0.00389	0.00346	0.00112	0.00522	0.00287	0.00206	0.00568
9	0.00893	0.03641	0.03204	0.01324	0.01660	0.02977	0.50815	0.01198	0.03387	0.01267	0.01179	0.03852	0.04968	0.00498	0.00461	0.00134	0.00561	0.09862	0.00246	0.07872
10	0.36626	0.13179	0.05932	0.00809	0.01085	0.11509	0.06004	0.08218	0.00906	0.03738	0.00675	0.00810	0.00542	0.02135	0.00418	0.00127	0.06267	0.00281	0.00242	0.00496

[dist]
# distance from previous block
# <min> <max>
3	4

[block]
# block no. 3 follows, 66 sequences, length 20
# corresponding to MSA columns:
# 530-542,544-550
name=unknown_D
#
# <colnr> <probs for GDERKNQSTAVLIFYWHMCP>
#	G	D	E	R	K	N	Q	S	T	A	V	L	I	F	Y	W	H	M	C	P
0	0.06720	0.10730	0.11068	0.03495	0.22157	0.05125	0.15715	0.04416	0.04824	0.10137	0.00947	0.01105	0.00733	0.00447	0.00423	0.00137	0.00533	0.00382	0.00276	0.00628
1	0.15456	0.00948	0.01387	0.07508	0.50618	0.02680	0.02518	0.07200	0.02902	0.01470	0.00756	0.00955	0.00614	0.00392	0.00405	0.00124	0.02908	0.00341	0.00228	0.00589
2	0.00888	0.00480	0.00642	0.00590	0.00698	0.00486	0.00435	0.00992	0.00763	0.20723	0.01282	0.01878	0.01160	0.28700	0.34126	0.00418	0.00648	0.00475	0.04210	0.00405
3	0.49652	0.01106	0.00829	0.00724	0.00974	0.21933	0.00575	0.09188	0.03884	0.06766	0.00724	0.00783	0.00548	0.00412	0.00311	0.00120	0.00434	0.00265	0.00277	0.00494
4	0.00694	0.00359	0.00539	0.00539	0.00545	0.00366	0.00366	0.00545	0.00539	0.00725	0.00737	0.01264	0.00731	0.01549	0.08637	0.80718	0.00415	0.00359	0.00180	0.00192
5	0.00770	0.04616	0.31521	0.00859	0.01172	0.02506	0.03220	0.02485	0.07722	0.01361	0.21522	0.06838	0.08292	0.00631	0.00471	0.00132	0.04567	0.00523	0.00295	0.00498
6	0.00959	0.00882	0.04957	0.05463	0.16091	0.04858	0.07577	0.13020	0.04236	0.04590	0.10533	0.09229	0.07307	0.00664	0.01481	0.02168	0.02851	0.02309	0.00309	0.00518
7	0.00623	0.00497	0.00649	0.00644	0.00714	0.04223	0.00488	0.00748	0.00667	0.00925	0.01089	0.01683	0.01048	0.12888	0.70511	0.00596	0.00987	0.00446	0.00220	0.00353
8	0.01102	0.82525	0.02086	0.00709	0.01050	0.05003	0.00698	0.01232	0.00838	0.00956	0.00567	0.00654	0.00521	0.00350	0.00265	0.00088	0.00446	0.00219	0.00175	0.00519
9	0.00910	0.00736	0.00859	0.00622	0.00976	0.00577	0.00499	0.03422	0.03243	0.05075	0.00795	0.00889	0.00640	0.00322	0.00312	0.00067	0.00307	0.00258	0.00262	0.79228
10	0.00850	0.00779	0.01270	0.83769	0.02832	0.00946	0.01155	0.01096	0.00865	0.01117	0.00804	0.01192	0.00619	0.00460	0.00441	0.00150	0.00567	0.00387	0.00209	0.00494
11	0.00658	0.02957	0.00637	0.00578	0.00695	0.00510	0.02000	0.05760	0.05672	0.02625	0.08825	0.24090	0.25417	0.09990	0.06510	0.00204	0.00336	0.01794	0.00354	0.00388
12	0.88607	0.00785	0.00596	0.00534	0.00785	0.00910	0.00439	0.01193	0.00690	0.01820	0.00565	0.00659	0.00439	0.00377	0.00251	0.00126	0.00314	0.00220	0.00251	0.00439
13	0.88607	0.00785	0.00596	0.00534	0.00785	0.00910	0.00439	0.01193	0.00690	0.01820	0.00565	0.00659	0.00439	0.00377	0.00251	0.00126	0.00314	0.00220	0.00251	0.00439
14	0.00815	0.00780	0.02945	0.47373	0.22912	0.00863	0.01052	0.01085	0.02971	0.01167	0.03320	0.02562	0.03787	0.00466	0.00432	0.00132	0.02507	0.01606	0.02729	0.00497
15	0.00883	0.01441	0.33272	0.01428	0.01878	0.00978	0.44503	0.01253	0.00897	0.01270	0.00824	0.04076	0.00649	0.00409	0.00483	0.00136	0.04439	0.00430	0.00197	0.00555
16	0.00681	0.00576	0.01930	0.07241	0.00872	0.03060	0.00494	0.02077	0.10475	0.02679	0.36708	0.06134	0.21294	0.02194	0.00487	0.00138	0.00274	0.01879	0.00387	0.00419
17	0.00498	0.00410	0.00430	0.00433	0.00554	0.00352	0.00320	0.00601	0.00911	0.01108	0.08573	0.06250	0.67871	0.06884	0.00593	0.00156	0.00223	0.03121	0.00372	0.00339
18	0.00827	0.05710	0.07183	0.04396	0.13706	0.01780	0.03903	0.07851	0.02734	0.02736	0.04339	0.06854	0.27730	0.00694	0.00509	0.00134	0.07560	0.00572	0.00297	0.00483
19	0.01085	0.85986	0.02126	0.00694	0.01041	0.01605	0.00694	0.01215	0.00824	0.00955	0.00564	0.00651	0.00521	0.00347	0.00260	0.00087	0.00434	0.00217	0.00174	0.00521

[dist]
# distance from previous block
# <min> <max>
0	1

[block]
# block no. 4 follows, 66 sequences, length 13
# corresponding to MSA columns:
# 552-564
name=unknown_E
#
# <colnr> <probs for GDERKNQSTAVLIFYWHMCP>
#	G	D	E	R	K	N	Q	S	T	A	V	L	I	F	Y	W	H	M	C	P
0	0.07715	0.11538	0.08916	0.06195	0.09141	0.08630	0.04874	0.09931	0.06028	0.05067	0.08829	0.06856	0.01082	0.00506	0.00386	0.00121	0.00442	0.00418	0.00283	0.03042
1	0.06088	0.16119	0.39129	0.01118	0.08530	0.06576	0.04672	0.01319	0.00898	0.07709	0.01953	0.02701	0.00659	0.00411	0.00366	0.00120	0.00523	0.00324	0.00217	0.00568
2	0.01111	0.01117	0.00911	0.00816	0.00961	0.32143	0.02231	0.09565	0.01024	0.01262	0.00995	0.06118	0.00908	0.08060	0.00626	0.00144	0.09974	0.02337	0.19255	0.00441
3	0.08725	0.09483	0.01312	0.01246	0.16653	0.33356	0.00858	0.01319	0.00909	0.01119	0.00619	0.00807	0.00540	0.00467	0.00585	0.00125	0.20883	0.00295	0.00200	0.00499
4	0.00525	0.00398	0.00481	0.00512	0.00591	0.00363	0.00365	0.00653	0.02414	0.01200	0.21500	0.36188	0.26784	0.03572	0.00542	0.00155	0.00226	0.02792	0.00390	0.00350
5	0.01172	0.21625	0.06583	0.04723	0.10216	0.32226	0.04401	0.02837	0.05175	0.01131	0.02219	0.04417	0.00728	0.00440	0.00364	0.00111	0.00558	0.00336	0.00221	0.00517
6	0.00495	0.00376	0.00452	0.00507	0.00570	0.00338	0.00349	0.00579	0.00834	0.01068	0.05623	0.52115	0.30033	0.03988	0.00555	0.00162	0.00229	0.01019	0.00375	0.00333
7	0.00935	0.00886	0.04539	0.00846	0.04440	0.04531	0.00655	0.05969	0.47491	0.01547	0.05271	0.01833	0.14112	0.00689	0.02888	0.00149	0.01779	0.00506	0.00370	0.00566
8	0.00746	0.00573	0.00628	0.00581	0.00740	0.00576	0.00442	0.05476	0.20921	0.05022	0.13361	0.06818	0.35583	0.04605	0.01960	0.00156	0.00276	0.00692	0.00393	0.00451
9	0.00958	0.38347	0.13581	0.00841	0.03246	0.01183	0.00794	0.07557	0.04466	0.01172	0.00828	0.04386	0.00745	0.02451	0.12413	0.00194	0.05764	0.00340	0.00219	0.00514
10	0.00591	0.00392	0.00455	0.00458	0.00461	0.00394	0.00264	0.00592	0.00596	0.00797	0.01276	0.05035	0.01462	0.76525	0.05239	0.03962	0.00414	0.00591	0.00246	0.00250
11	0.00764	0.00498	0.00621	0.00558	0.00692	0.00473	0.00425	0.05297	0.04137	0.09982	0.59118	0.02735	0.08127	0.04131	0.00528	0.00139	0.00234	0.00672	0.00437	0.00432
12	0.01004	0.00958	0.01598	0.02379	0.77714	0.00967	0.01205	0.01306	0.06380	0.01350	0.00823	0.01038	0.00683	0.00374	0.00402	0.00122	0.00471	0.00368	0.00215	0.00643

[dist]
# distance from previous block
# <min> <max>
3	6

[block]
# block no. 5 follows, 66 sequences, length 11
# corresponding to MSA columns:
# 571-581
name=unknown_F
#
# <colnr> <probs for GDERKNQSTAVLIFYWHMCP>
#	G	D	E	R	K	N	Q	S	T	A	V	L	I	F	Y	W	H	M	C	P
0	0.01499	0.01690	0.01171	0.01017	0.01248	0.59732	0.00784	0.22254	0.01325	0.01395	0.00713	0.00800	0.00566	0.00447	0.00412	0.00112	0.03759	0.00292	0.00259	0.00526
1	0.00705	0.00352	0.00529	0.00529	0.00529	0.00352	0.00352	0.00529	0.00529	0.00705	0.00705	0.01233	0.00705	0.01409	0.01586	0.88196	0.00352	0.00352	0.00176	0.00176
2	0.36769	0.00729	0.00777	0.00636	0.00905	0.00741	0.00521	0.06251	0.01008	0.37944	0.06778	0.01244	0.03100	0.00487	0.00351	0.00126	0.00324	0.00363	0.00388	0.00559
3	0.00698	0.00465	0.00587	0.00564	0.00670	0.00448	0.00417	0.00927	0.07873	0.08127	0.42454	0.17481	0.05959	0.06985	0.02808	0.00169	0.00265	0.02284	0.00411	0.00408
4	0.00876	0.00842	0.01436	0.44566	0.32754	0.00945	0.05684	0.01159	0.03145	0.01176	0.00763	0.01060	0.00602	0.00398	0.00435	0.00131	0.02927	0.00370	0.00196	0.00533
5	0.00547	0.00411	0.00506	0.00487	0.00590	0.00370	0.00363	0.00711	0.01077	0.01467	0.59525	0.06339	0.24324	0.00897	0.00480	0.00131	0.00197	0.00781	0.00426	0.00370
6	0.01012	0.01062	0.09013	0.11459	0.26706	0.05779	0.02438	0.13078	0.04883	0.01414	0.02626	0.01200	0.02930	0.00547	0.02510	0.00145	0.10327	0.02061	0.00247	0.00562
7	0.68156	0.00825	0.00716	0.00608	0.00875	0.00929	0.00501	0.12581	0.00906	0.09677	0.00721	0.00772	0.00528	0.00404	0.00288	0.00125	0.00335	0.00258	0.00297	0.00498
8	0.00899	0.08583	0.14523	0.03191	0.18070	0.00877	0.07634	0.04528	0.10364	0.03366	0.15388	0.01581	0.06823	0.00522	0.00411	0.00125	0.00418	0.00459	0.01692	0.00546
9	0.00941	0.00712	0.00848	0.02513	0.00995	0.00588	0.00516	0.03209	0.06000	0.09433	0.04694	0.03700	0.00895	0.00398	0.00338	0.00081	0.00308	0.00328	0.00293	0.63210
10	0.00709	0.02322	0.00879	0.06213	0.06504	0.02533	0.02116	0.00873	0.04668	0.01085	0.01811	0.28309	0.15230	0.02258	0.00702	0.00158	0.20480	0.02444	0.00294	0.00413

[dist]
# distance from previous block
# <min> <max>
3	9

[block]
# block no. 6 follows, 66 sequences, length 15
# corresponding to MSA columns:
# 591-605
name=unknown_G
#
# <colnr> <probs for GDERKNQSTAVLIFYWHMCP>
#	G	D	E	R	K	N	Q	S	T	A	V	L	I	F	Y	W	H	M	C	P
0	0.03799	0.05286	0.01057	0.00960	0.10575	0.02262	0.01945	0.22150	0.16181	0.05180	0.15962	0.03923	0.06340	0.00590	0.00431	0.00127	0.01815	0.00488	0.00365	0.00563
1	0.01123	0.00866	0.01138	0.05603	0.24675	0.02357	0.00818	0.13814	0.20099	0.11744	0.08125	0.01481	0.05307	0.00518	0.00416	0.00127	0.00391	0.00445	0.00347	0.00606
2	0.09309	0.00860	0.03799	0.00756	0.00999	0.03500	0.00618	0.07451	0.33379	0.13613	0.01621	0.04896	0.09411	0.00585	0.00434	0.00131	0.03430	0.00465	0.00374	0.04369
3	0.01541	0.01104	0.01194	0.00919	0.01240	0.01215	0.00758	0.75121	0.04291	0.06927	0.01028	0.01012	0.00724	0.00490	0.00406	0.00122	0.00437	0.00370	0.00411	0.00689
4	0.00531	0.00401	0.00467	0.00487	0.00566	0.00365	0.00347	0.00627	0.00864	0.01110	0.14452	0.19442	0.33880	0.17512	0.00801	0.00195	0.00259	0.07003	0.00361	0.00329
5	0.00551	0.00413	0.00503	0.00481	0.00582	0.00373	0.00356	0.00709	0.01060	0.01444	0.58172	0.03236	0.24142	0.05523	0.00566	0.00145	0.00206	0.00757	0.00418	0.00365
6	0.00599	0.00401	0.00520	0.00548	0.00588	0.00399	0.00381	0.00660	0.02979	0.00978	0.06691	0.22584	0.06229	0.22175	0.07483	0.17359	0.00373	0.08455	0.00298	0.00299
7	0.00580	0.00435	0.00652	0.00652	0.00724	0.00507	0.00507	0.00724	0.00652	0.00942	0.01087	0.01594	0.01014	0.03043	0.84134	0.00652	0.01087	0.00435	0.00217	0.00362
8	0.01016	0.00652	0.00783	0.00718	0.00885	0.00669	0.00573	0.20075	0.05438	0.13406	0.01723	0.14111	0.03869	0.11521	0.00675	0.00182	0.00362	0.22470	0.00386	0.00485
9	0.43325	0.01169	0.00971	0.00893	0.05916	0.23298	0.03696	0.13745	0.01025	0.01663	0.00666	0.00764	0.00519	0.00403	0.00323	0.00119	0.00470	0.00271	0.00259	0.00502
10	0.00773	0.00770	0.01480	0.01169	0.01406	0.00737	0.41339	0.01066	0.06943	0.01226	0.01477	0.32970	0.01519	0.00743	0.00492	0.00150	0.00474	0.04509	0.00293	0.00464
11	0.01120	0.01879	0.42439	0.01156	0.01585	0.30653	0.09505	0.01434	0.00984	0.04489	0.00737	0.00858	0.00547	0.00397	0.00389	0.00121	0.00645	0.00309	0.00202	0.00552
12	0.63056	0.00860	0.03869	0.00622	0.00885	0.00925	0.00529	0.11717	0.05354	0.01864	0.04630	0.00937	0.02490	0.00436	0.00301	0.00126	0.00334	0.00293	0.00289	0.00484
13	0.11759	0.16968	0.32727	0.01067	0.11862	0.01004	0.00998	0.01241	0.05295	0.01299	0.00870	0.01011	0.03564	0.02937	0.00397	0.00124	0.00465	0.00316	0.00212	0.05883
14	0.18863	0.07344	0.11908	0.05306	0.11448	0.04650	0.07498	0.05760	0.06752	0.10271	0.00885	0.01012	0.00672	0.00414	0.00363	0.00122	0.00453	0.01587	0.00268	0.04427

[dist]
# distance from previous block
# <min> <max>
8	40

[block]
# block no. 7 follows, 66 sequences, length 16
# corresponding to MSA columns:
# 647-662
name=unknown_H
#
# <colnr> <probs for GDERKNQSTAVLIFYWHMCP>
#	G	D	E	R	K	N	Q	S	T	A	V	L	I	F	Y	W	H	M	C	P
0	0.26833	0.04694	0.03230	0.06310	0.09580	0.02102	0.07973	0.05472	0.03746	0.02845	0.04261	0.11449	0.02833	0.00585	0.02216	0.00139	0.00406	0.00444	0.00274	0.04610
1	0.06860	0.11605	0.02841	0.04744	0.03389	0.10911	0.00620	0.04900	0.05281	0.01247	0.10465	0.09385	0.01285	0.04378	0.15731	0.00228	0.01682	0.00462	0.00272	0.03715
2	0.11368	0.17640	0.13454	0.02761	0.11948	0.07420	0.00863	0.11133	0.03221	0.04511	0.00841	0.02167	0.00698	0.00475	0.01369	0.00124	0.02160	0.03596	0.00250	0.04002
3	0.24955	0.18222	0.09006	0.00972	0.07915	0.21080	0.02565	0.02405	0.03900	0.01318	0.00661	0.00776	0.00540	0.00400	0.00361	0.00115	0.03812	0.00270	0.00218	0.00508
4	0.02599	0.17014	0.04839	0.02996	0.05781	0.12167	0.00741	0.10732	0.12369	0.03667	0.06644	0.03691	0.02197	0.01937	0.00478	0.00124	0.07285	0.00386	0.00283	0.04068
5	0.00624	0.00513	0.00581	0.00611	0.02954	0.03785	0.00431	0.00828	0.07302	0.01268	0.25265	0.22011	0.20311	0.06508	0.00585	0.00159	0.00268	0.05235	0.00379	0.00383
6	0.02288	0.01080	0.08002	0.05060	0.35382	0.07913	0.11144	0.06129	0.04625	0.01357	0.02592	0.01321	0.04483	0.00504	0.01878	0.00137	0.01689	0.03604	0.00241	0.00568
7	0.00530	0.00374	0.00465	0.00518	0.00542	0.00359	0.00333	0.00581	0.00716	0.00950	0.01971	0.48890	0.06926	0.30246	0.04473	0.00261	0.00323	0.00914	0.00325	0.00303
8	0.08834	0.03529	0.06982	0.02885	0.13084	0.02570	0.03982	0.08903	0.10338	0.06717	0.08692	0.08918	0.03462	0.04628	0.00531	0.00144	0.04480	0.00486	0.00309	0.00525
9	0.88607	0.00785	0.00596	0.00534	0.00785	0.00910	0.00439	0.01193	0.00690	0.01820	0.00565	0.00659	0.00439	0.00377	0.00251	0.00126	0.00314	0.00220	0.00251	0.00439
10	0.01857	0.02200	0.00856	0.01902	0.06124	0.01872	0.05375	0.07052	0.02380	0.02322	0.15217	0.08000	0.06503	0.16289	0.14099	0.00264	0.04170	0.02798	0.00304	0.00415
11	0.01471	0.01043	0.01110	0.00878	0.01175	0.04411	0.00721	0.58640	0.04871	0.12363	0.01246	0.01318	0.04194	0.00539	0.00415	0.00126	0.00427	0.03995	0.00408	0.00651
12	0.07369	0.10596	0.19052	0.02641	0.15639	0.04304	0.02050	0.06016	0.06290	0.03665	0.00952	0.02292	0.03106	0.00434	0.00366	0.00115	0.00449	0.02107	0.00246	0.12312
13	0.05683	0.13204	0.48421	0.05079	0.05247	0.01000	0.04552	0.01276	0.02729	0.03645	0.03210	0.00940	0.00654	0.00396	0.00369	0.00122	0.00524	0.00316	0.00204	0.02429
14	0.00514	0.00369	0.00478	0.00557	0.00592	0.00347	0.00381	0.00589	0.00782	0.01031	0.02270	0.66323	0.07999	0.08830	0.00657	0.00185	0.00258	0.07145	0.00365	0.00326
15	0.76150	0.02948	0.00800	0.00723	0.05856	0.00937	0.05097	0.01202	0.00723	0.01739	0.00591	0.00704	0.00464	0.00373	0.00273	0.00125	0.00348	0.00243	0.00243	0.00460

[dist]
# distance from previous block
# <min> <max>
0	1

[block]
# block no. 8 follows, 66 sequences, length 10
# corresponding to MSA columns:
# 664-673
name=unknown_I
#
# <colnr> <probs for GDERKNQSTAVLIFYWHMCP>
#	G	D	E	R	K	N	Q	S	T	A	V	L	I	F	Y	W	H	M	C	P
0	0.13044	0.10784	0.13539	0.02296	0.11805	0.05934	0.02639	0.05328	0.02042	0.13164	0.02349	0.06371	0.02203	0.02866	0.00439	0.00130	0.02312	0.00389	0.00276	0.02091
1	0.00585	0.00414	0.00547	0.00547	0.00583	0.00450	0.00376	0.00657	0.00621	0.00864	0.01183	0.02125	0.01245	0.44441	0.43052	0.00523	0.00740	0.00512	0.00232	0.00304
2	0.02840	0.23870	0.27012	0.01015	0.04274	0.06068	0.05553	0.04037	0.14548	0.01289	0.00873	0.02864	0.00702	0.00434	0.00390	0.00120	0.02976	0.00336	0.00232	0.00566
3	0.00516	0.00398	0.00473	0.00495	0.00587	0.00355	0.00362	0.00636	0.00941	0.01222	0.24041	0.26850	0.36157	0.01049	0.00494	0.00145	0.00218	0.04317	0.00395	0.00351
4	0.01076	0.13106	0.12562	0.03548	0.09817	0.01057	0.05837	0.21428	0.10648	0.03568	0.05124	0.06779	0.00988	0.00511	0.00417	0.00125	0.02102	0.00425	0.00299	0.00583
5	0.00512	0.00411	0.00451	0.00455	0.00569	0.00358	0.00339	0.00627	0.00940	0.01177	0.17831	0.07837	0.56413	0.05581	0.00571	0.00153	0.00223	0.04825	0.00382	0.00345
6	0.05225	0.01066	0.06196	0.03538	0.07358	0.16276	0.00720	0.11595	0.15931	0.08143	0.04134	0.01407	0.04563	0.07756	0.02299	0.02077	0.00464	0.00410	0.00312	0.00530
7	0.01058	0.57951	0.08444	0.05440	0.08695	0.05877	0.00834	0.01285	0.05120	0.01060	0.00664	0.00772	0.00570	0.00369	0.00305	0.00099	0.00467	0.00259	0.00191	0.00538
8	0.28761	0.03238	0.07613	0.00807	0.04384	0.18582	0.00653	0.03997	0.05947	0.02764	0.08054	0.02436	0.06401	0.00547	0.02014	0.00131	0.00438	0.00368	0.00277	0.02586
9	0.05569	0.05150	0.02224	0.02792	0.16803	0.07600	0.00714	0.09603	0.03225	0.03016	0.03029	0.03058	0.02506	0.03934	0.05763	0.00152	0.00453	0.02199	0.00265	0.21944

[dist]
# distance from previous block
# <min> <max>
5	27

[block]
# block no. 9 follows, 66 sequences, length 36
# corresponding to MSA columns:
# 703-738
name=unknown_J
#
# <colnr> <probs for GDERKNQSTAVLIFYWHMCP>
#	G	D	E	R	K	N	Q	S	T	A	V	L	I	F	Y	W	H	M	C	P
0	0.02558	0.00742	0.00858	0.00663	0.00964	0.00666	0.00536	0.13038	0.05630	0.12827	0.02713	0.01224	0.00876	0.00430	0.00349	0.00093	0.00321	0.03620	0.07653	0.44240
1	0.01346	0.04602	0.05367	0.08010	0.08113	0.02834	0.02444	0.49153	0.03822	0.06549	0.00944	0.01006	0.00687	0.00487	0.01244	0.00128	0.01922	0.00361	0.00341	0.00639
2	0.02911	0.00867	0.01361	0.16627	0.39435	0.04286	0.07182	0.02718	0.02738	0.01253	0.01025	0.09520	0.02377	0.00590	0.03300	0.00149	0.00499	0.02393	0.00233	0.00538
3	0.01078	0.00838	0.00894	0.00773	0.01015	0.03456	0.00607	0.08131	0.47727	0.10057	0.03012	0.04993	0.04609	0.00574	0.00409	0.00128	0.00334	0.01597	0.00395	0.09374
4	0.01105	0.00908	0.01225	0.07236	0.02448	0.01116	0.04162	0.18423	0.05920	0.08657	0.02837	0.01064	0.00737	0.00595	0.00859	0.00152	0.41360	0.00383	0.00277	0.00536
5	0.00894	0.00821	0.01148	0.00990	0.01016	0.01114	0.00820	0.00993	0.00665	0.05074	0.01987	0.01064	0.02148	0.00919	0.08780	0.00217	0.70320	0.00380	0.00205	0.00446
6	0.00608	0.00417	0.00547	0.00583	0.00656	0.00399	0.00432	0.00744	0.02137	0.04571	0.18070	0.36331	0.07878	0.05789	0.05748	0.00200	0.00314	0.13833	0.00379	0.00365
7	0.03075	0.01142	0.02893	0.00927	0.01256	0.01234	0.00777	0.77385	0.01851	0.03927	0.00973	0.00973	0.00687	0.00483	0.00403	0.00122	0.00445	0.00362	0.00400	0.00684
8	0.00533	0.00381	0.00503	0.00586	0.00626	0.00363	0.00419	0.00623	0.00799	0.01054	0.02212	0.59853	0.05433	0.07822	0.00646	0.00186	0.00274	0.16988	0.00366	0.00332
9	0.01042	0.00998	0.01087	0.17803	0.04814	0.16510	0.03362	0.02323	0.24788	0.05391	0.08113	0.01377	0.01942	0.00527	0.00484	0.00132	0.07100	0.01377	0.00300	0.00527
10	0.00616	0.00426	0.00539	0.00504	0.00612	0.00387	0.00378	0.00789	0.01104	0.05068	0.66667	0.03066	0.14241	0.03190	0.00519	0.00136	0.00206	0.00732	0.00434	0.00387
11	0.00887	0.04945	0.00908	0.00610	0.00968	0.00595	0.00495	0.01064	0.00851	0.04130	0.00744	0.00850	0.00611	0.00310	0.00302	0.00064	0.00309	0.00245	0.00246	0.80866
12	0.12221	0.52672	0.06480	0.00734	0.01051	0.09709	0.00700	0.01277	0.05186	0.01131	0.00754	0.00835	0.02967	0.00455	0.02276	0.00113	0.00461	0.00263	0.00207	0.00507
13	0.15372	0.36937	0.17774	0.00848	0.03531	0.03134	0.00832	0.06987	0.02347	0.03715	0.00685	0.00775	0.00550	0.00389	0.00339	0.00109	0.02861	0.00264	0.00219	0.02331
14	0.01199	0.03666	0.16930	0.04610	0.01498	0.34870	0.11528	0.08182	0.05101	0.01254	0.00747	0.00886	0.00584	0.00434	0.00460	0.00123	0.06850	0.00325	0.00224	0.00530
15	0.00662	0.00470	0.00587	0.00557	0.00673	0.00452	0.00422	0.02890	0.06484	0.04779	0.51586	0.10370	0.11486	0.00935	0.03350	0.00152	0.00254	0.03060	0.00422	0.00410
16	0.00705	0.00352	0.00529	0.00529	0.00529	0.00352	0.00352	0.00529	0.00529	0.00705	0.00705	0.01233	0.00705	0.01409	0.01586	0.88196	0.00352	0.00352	0.00176	0.00176
17	0.00927	0.00900	0.01529	0.21524	0.43624	0.02474	0.11413	0.03009	0.00925	0.01260	0.00920	0.03350	0.02370	0.00439	0.00422	0.00130	0.00510	0.03499	0.00216	0.00559
18	0.05833	0.00727	0.00928	0.00721	0.01025	0.02329	0.00593	0.04234	0.01160	0.73650	0.03483	0.01362	0.01027	0.00502	0.00401	0.00125	0.00351	0.00403	0.00480	0.00667
19	0.02290	0.03828	0.01399	0.35309	0.34132	0.04446	0.01097	0.04087	0.02873	0.01225	0.00748	0.01012	0.00600	0.00408	0.00443	0.00128	0.04877	0.00352	0.00204	0.00542
20	0.06440	0.70065	0.12403	0.00743	0.01116	0.01478	0.00781	0.01222	0.00820	0.01050	0.00585	0.00678	0.00515	0.00354	0.00276	0.00094	0.00448	0.00228	0.00178	0.00526
21	0.00505	0.00411	0.00453	0.00449	0.00570	0.00359	0.00336	0.00628	0.00954	0.01199	0.20667	0.06407	0.59380	0.01094	0.04625	0.00161	0.00247	0.00820	0.00384	0.00352
22	0.00588	0.00399	0.00473	0.00477	0.00491	0.00405	0.00291	0.00616	0.00629	0.00848	0.04110	0.04261	0.01557	0.70454	0.10225	0.00400	0.00453	0.02799	0.00256	0.00267
23	0.02909	0.00758	0.01311	0.01132	0.05920	0.03630	0.30373	0.00993	0.00908	0.01213	0.04912	0.11845	0.07939	0.02060	0.00568	0.04670	0.00467	0.17668	0.00285	0.00438
24	0.01066	0.00903	0.03256	0.00908	0.05136	0.00972	0.00698	0.18039	0.48436	0.02740	0.06863	0.03633	0.01324	0.00581	0.00423	0.00135	0.00354	0.03523	0.00395	0.00616
25	0.00521	0.00386	0.00493	0.00568	0.00628	0.00358	0.00415	0.00620	0.00836	0.01082	0.02600	0.53670	0.18948	0.01193	0.00518	0.00163	0.00255	0.16028	0.00376	0.00340
26	0.00510	0.00375	0.00480	0.00551	0.00603	0.00346	0.00388	0.00602	0.00837	0.01098	0.07875	0.61016	0.15302	0.01192	0.00513	0.00160	0.00238	0.07196	0.00381	0.00338
27	0.08097	0.00951	0.01588	0.07380	0.09244	0.00973	0.32887	0.14907	0.06976	0.04274	0.04376	0.03113	0.00882	0.00452	0.00431	0.00133	0.00511	0.01982	0.00282	0.00561
28	0.00931	0.39089	0.42861	0.00957	0.01425	0.01224	0.03876	0.01237	0.00844	0.01134	0.00694	0.02776	0.00572	0.00388	0.00337	0.00111	0.00521	0.00290	0.00178	0.00557
29	0.01416	0.01160	0.03225	0.04364	0.01274	0.08835	0.00767	0.61845	0.03321	0.02192	0.00961	0.01058	0.00721	0.04700	0.00482	0.00134	0.00470	0.00367	0.02080	0.00628
30	0.00543	0.00412	0.00477	0.00470	0.00584	0.00362	0.00349	0.00678	0.01001	0.02893	0.34239	0.11231	0.43376	0.00964	0.00481	0.00136	0.00206	0.00828	0.00406	0.00364
31	0.03886	0.01159	0.09324	0.05140	0.18905	0.06178	0.34625	0.05367	0.05376	0.04759	0.00860	0.01045	0.00650	0.00384	0.00426	0.00129	0.00573	0.00401	0.00235	0.00578
32	0.01093	0.22654	0.15230	0.06450	0.17243	0.05850	0.10312	0.07377	0.02608	0.06338	0.00788	0.00921	0.00612	0.00387	0.00371	0.00116	0.00516	0.00328	0.00227	0.00579
33	0.00588	0.00439	0.00549	0.00569	0.00644	0.00435	0.00421	0.00685	0.00827	0.03846	0.04570	0.32628	0.27201	0.06605	0.05576	0.00200	0.06398	0.07115	0.00350	0.00355
34	0.00860	0.00693	0.02921	0.02726	0.01913	0.00664	0.12216	0.06928	0.10981	0.08301	0.16220	0.13612	0.08808	0.00794	0.01904	0.00151	0.00372	0.09087	0.00367	0.00483
35	0.02870	0.08759	0.30571	0.01135	0.07801	0.01903	0.07992	0.11321	0.07105	0.09396	0.02763	0.02009	0.00755	0.00444	0.00424	0.00126	0.03401	0.00363	0.00266	0.00597

[dist]
# distance from previous block
# <min> <max>
4	8

[block]
# block no. 10 follows, 66 sequences, length 11
# corresponding to MSA columns:
# 748-754,763-766
name=unknown_K
#
# <colnr> <probs for GDERKNQSTAVLIFYWHMCP>
#	G	D	E	R	K	N	Q	S	T	A	V	L	I	F	Y	W	H	M	C	P
0	0.02390	0.16175	0.10924	0.04663	0.08544	0.11129	0.07438	0.07775	0.08731	0.02385	0.03176	0.02982	0.00788	0.00534	0.02885	0.00137	0.06154	0.00362	0.00245	0.02584
1	0.05780	0.04741	0.13283	0.04677	0.10853	0.07686	0.05654	0.04794	0.04362	0.07069	0.01013	0.05815	0.02258	0.00521	0.02082	0.00127	0.00464	0.02647	0.00262	0.15913
2	0.02160	0.05355	0.01832	0.03457	0.00828	0.04348	0.00481	0.06774	0.03853	0.04212	0.08621	0.14730	0.20399	0.11707	0.00640	0.00161	0.00325	0.01791	0.00332	0.07997
3	0.00933	0.06352	0.03887	0.00735	0.01005	0.00758	0.03036	0.15212	0.01012	0.03292	0.02262	0.14899	0.01034	0.01997	0.03466	0.00129	0.04267	0.00449	0.00289	0.34983
4	0.00836	0.00630	0.00711	0.00599	0.00823	0.03503	0.00462	0.01012	0.03676	0.09243	0.07491	0.11656	0.11884	0.05721	0.00497	0.00124	0.00303	0.04530	0.00326	0.35976
5	0.01017	0.05955	0.15957	0.00800	0.01153	0.00779	0.03498	0.07216	0.00949	0.11737	0.00947	0.01036	0.03053	0.00437	0.00440	0.02388	0.05359	0.00319	0.02112	0.34849
6	0.01262	0.04118	0.03837	0.01077	0.01381	0.10449	0.19638	0.33617	0.02662	0.05869	0.04685	0.03409	0.00862	0.00504	0.00470	0.02205	0.02644	0.00414	0.00317	0.00580
7	0.08023	0.00520	0.00627	0.00605	0.00736	0.00508	0.00453	0.04190	0.04033	0.16450	0.09231	0.33294	0.06600	0.06947	0.00575	0.00164	0.00288	0.05932	0.00389	0.00434
8	0.00603	0.00454	0.00619	0.00618	0.00676	0.00460	0.04460	0.00747	0.05881	0.01003	0.01644	0.31786	0.01836	0.30753	0.11646	0.00304	0.00434	0.05432	0.00304	0.00338
9	0.00954	0.00822	0.00985	0.00839	0.01058	0.04560	0.09370	0.11810	0.31342	0.03283	0.07149	0.07910	0.13605	0.00676	0.00444	0.00137	0.00366	0.03778	0.00375	0.00537
10	0.00554	0.00398	0.00485	0.00519	0.00604	0.00357	0.00374	0.00661	0.00900	0.04025	0.14465	0.39701	0.29796	0.01092	0.00497	0.00150	0.00229	0.04445	0.00391	0.00356

[dist]
# distance from previous block
# <min> <max>
6	8

[block]
# block no. 11 follows, 66 sequences, length 12
# corresponding to MSA columns:
# 775-786
name=unknown_L
#
# <colnr> <probs for GDERKNQSTAVLIFYWHMCP>
#	G	D	E	R	K	N	Q	S	T	A	V	L	I	F	Y	W	H	M	C	P
0	0.81673	0.00813	0.00646	0.00565	0.00822	0.00938	0.00466	0.07617	0.00787	0.01879	0.00598	0.00684	0.00459	0.00385	0.00263	0.00125	0.00324	0.00231	0.00263	0.00459
1	0.01452	0.01789	0.01194	0.03799	0.07830	0.71798	0.00831	0.04541	0.01149	0.01079	0.00654	0.00773	0.00539	0.00416	0.00371	0.00107	0.00695	0.00276	0.00215	0.00492
2	0.00551	0.00382	0.00473	0.00512	0.00536	0.00368	0.00330	0.00609	0.00745	0.01004	0.11331	0.36960	0.02281	0.37882	0.01186	0.00260	0.00304	0.03657	0.00328	0.00301
3	0.00893	0.00904	0.01333	0.01116	0.01148	0.01226	0.07250	0.01002	0.00648	0.01002	0.00555	0.00904	0.00539	0.00681	0.01264	0.00174	0.78364	0.00365	0.00180	0.00452
4	0.00580	0.00403	0.00497	0.00506	0.00531	0.00416	0.00328	0.00627	0.00637	0.00860	0.01414	0.07512	0.04153	0.56590	0.20257	0.00422	0.00532	0.03194	0.00256	0.00284
5	0.00529	0.00409	0.00483	0.00473	0.00581	0.00362	0.00352	0.00676	0.01029	0.01365	0.44651	0.09363	0.36377	0.00943	0.00482	0.00134	0.00200	0.00815	0.00413	0.00362
6	0.00950	0.01151	0.06961	0.01679	0.02100	0.01021	0.77227	0.01299	0.00952	0.01299	0.00816	0.01081	0.00610	0.00344	0.00474	0.00136	0.00679	0.00469	0.00203	0.00550
7	0.01001	0.00996	0.01645	0.06189	0.66294	0.04820	0.08557	0.01242	0.00929	0.01287	0.00794	0.02943	0.00677	0.00385	0.00410	0.00123	0.00509	0.00386	0.00205	0.00610
8	0.00920	0.00786	0.00818	0.00743	0.00938	0.03224	0.00575	0.05692	0.52947	0.01587	0.09221	0.02032	0.10370	0.04664	0.00508	0.00149	0.00320	0.03558	0.00396	0.00555
9	0.00588	0.00403	0.00490	0.00490	0.00507	0.00419	0.00305	0.00621	0.00604	0.00822	0.01235	0.02414	0.01370	0.66946	0.20718	0.00452	0.00551	0.00555	0.00239	0.00272
10	0.00975	0.31831	0.17587	0.01022	0.02981	0.02756	0.17032	0.05746	0.04468	0.01260	0.05243	0.01151	0.05393	0.00435	0.00371	0.00115	0.00493	0.00371	0.00230	0.00540
11	0.53292	0.00764	0.00630	0.00583	0.00787	0.05530	0.00460	0.04592	0.03495	0.01593	0.01241	0.08708	0.09965	0.03724	0.00396	0.00141	0.00330	0.03052	0.00290	0.00429

[dist]
# distance from previous block
# <min> <max>
0	5

[block]
# block no. 12 follows, 66 sequences, length 13
# corresponding to MSA columns:
# 792-804
name=unknown_M
#
# <colnr> <probs for GDERKNQSTAVLIFYWHMCP>
#	G	D	E	R	K	N	Q	S	T	A	V	L	I	F	Y	W	H	M	C	P
0	0.12438	0.06639	0.17404	0.05487	0.09172	0.03432	0.00866	0.08294	0.00958	0.10810	0.00807	0.00909	0.00607	0.00404	0.00396	0.00113	0.04453	0.00302	0.00257	0.16252
1	0.00768	0.00427	0.00492	0.00465	0.00520	0.00415	0.00295	0.00820	0.00705	0.10933	0.01325	0.02302	0.01342	0.60600	0.01555	0.00309	0.00352	0.00531	0.15523	0.00323
2	0.00845	0.01894	0.68069	0.01274	0.05645	0.00955	0.10644	0.01310	0.03220	0.01300	0.00767	0.00910	0.00553	0.00384	0.00398	0.00129	0.00596	0.00328	0.00184	0.00597
3	0.00577	0.00395	0.00458	0.00464	0.00480	0.00393	0.00278	0.00602	0.00642	0.00856	0.04232	0.08259	0.05674	0.68111	0.06631	0.00371	0.00407	0.00637	0.00266	0.00268
4	0.01082	0.66336	0.08070	0.00746	0.01085	0.05794	0.00742	0.02983	0.00863	0.02812	0.00648	0.00776	0.00575	0.02459	0.03465	0.00121	0.00484	0.00250	0.00191	0.00519
5	0.00525	0.00420	0.00462	0.00457	0.00573	0.00372	0.00339	0.00665	0.02642	0.01221	0.23200	0.05663	0.53035	0.06253	0.00579	0.00152	0.00220	0.02482	0.00386	0.00353
6	0.00578	0.00468	0.00514	0.00518	0.00634	0.00448	0.00377	0.00835	0.13336	0.01205	0.10094	0.21077	0.41821	0.05539	0.00563	0.00156	0.00238	0.00835	0.00381	0.00384
7	0.00585	0.00413	0.00542	0.00542	0.00576	0.00447	0.00369	0.00654	0.00619	0.00860	0.01188	0.02153	0.01257	0.46618	0.40890	0.00516	0.00721	0.00517	0.00232	0.00301
8	0.01394	0.04930	0.04096	0.01097	0.05645	0.65316	0.00821	0.01602	0.07548	0.01075	0.00715	0.00813	0.00586	0.00428	0.00388	0.00110	0.02433	0.00284	0.00221	0.00499
9	0.01155	0.03680	0.05160	0.01304	0.20577	0.21634	0.05113	0.12968	0.05338	0.03923	0.06911	0.06039	0.02234	0.00509	0.00419	0.00122	0.01657	0.00423	0.00281	0.00553
10	0.02212	0.06854	0.15739	0.07588	0.12604	0.00791	0.00862	0.05606	0.01016	0.20588	0.09694	0.07029	0.02985	0.00565	0.00413	0.00129	0.00411	0.04035	0.00323	0.00557
11	0.18109	0.07071	0.11874	0.04111	0.07560	0.09997	0.04517	0.03631	0.02882	0.05265	0.02737	0.11565	0.02046	0.05436	0.00484	0.00143	0.01382	0.00440	0.00263	0.00488
12	0.04386	0.02346	0.02370	0.00896	0.03144	0.04367	0.00713	0.34343	0.30319	0.09234	0.02851	0.01216	0.00953	0.00504	0.00400	0.00127	0.00398	0.00397	0.00392	0.00644

[dist]
# distance from previous block
# <min> <max>
6	10

[block]
# block no. 13 follows, 66 sequences, length 24
# corresponding to MSA columns:
# 815-838
name=unknown_N
#
# <colnr> <probs for GDERKNQSTAVLIFYWHMCP>
#	G	D	E	R	K	N	Q	S	T	A	V	L	I	F	Y	W	H	M	C	P
0	0.00598	0.00416	0.00496	0.00507	0.00601	0.00376	0.00361	0.00718	0.02330	0.06060	0.16045	0.30821	0.30238	0.07788	0.00613	0.00165	0.00239	0.00881	0.00386	0.00363
1	0.04073	0.16152	0.04780	0.02328	0.07605	0.11509	0.04923	0.13748	0.17415	0.02690	0.00914	0.00983	0.00715	0.00439	0.00410	0.00117	0.04415	0.00335	0.00277	0.06172
2	0.06444	0.03470	0.14908	0.01025	0.06245	0.09595	0.04360	0.14347	0.09015	0.10152	0.01006	0.02271	0.01897	0.04512	0.00561	0.00142	0.08821	0.00376	0.00289	0.00564
3	0.02709	0.00618	0.02708	0.12513	0.18428	0.00621	0.00723	0.02215	0.00845	0.01174	0.05074	0.39795	0.01757	0.00919	0.02927	0.00163	0.02673	0.03406	0.00299	0.00435
4	0.00567	0.00443	0.00477	0.00463	0.00599	0.00389	0.00348	0.02899	0.02183	0.03482	0.14774	0.08229	0.61753	0.00977	0.00477	0.00137	0.00217	0.00824	0.00391	0.00371
5	0.04013	0.14149	0.08665	0.01145	0.13752	0.05919	0.06123	0.15242	0.10179	0.05975	0.04677	0.01103	0.00848	0.01942	0.00438	0.00125	0.03011	0.00364	0.00284	0.02049
6	0.02450	0.04712	0.11274	0.10628	0.08238	0.02556	0.05131	0.14194	0.07139	0.04155	0.00914	0.04368	0.00754	0.00638	0.02013	0.11268	0.04943	0.00385	0.00259	0.03981
7	0.02933	0.00871	0.00931	0.04452	0.01098	0.08514	0.00644	0.13211	0.21535	0.23983	0.10545	0.01615	0.01326	0.00565	0.00415	0.00129	0.00379	0.04397	0.01872	0.00587
8	0.00627	0.00557	0.03858	0.01955	0.02041	0.02977	0.00512	0.03673	0.01863	0.01153	0.04282	0.43527	0.13981	0.03362	0.00557	0.00163	0.01960	0.12222	0.00353	0.00377
