[name]
unknown

[dist]
# distance from previous block
# <min> <max>
0	271

[block]
# block no. 0 follows, 72 sequences, length 25
# corresponding to MSA columns:
# 452-476
name=unknown_A
#
# <colnr> <probs for GDERKNQSTAVLIFYWHMCP>
#	G	D	E	R	K	N	Q	S	T	A	V	L	I	F	Y	W	H	M	C	P
0	0.00766	0.01855	0.77133	0.01065	0.01607	0.00860	0.03803	0.01187	0.00803	0.01204	0.00683	0.00807	0.00488	0.00354	0.00358	0.00116	0.00546	0.00282	0.00165	0.05918
1	0.07136	0.00683	0.00767	0.00582	0.00867	0.00595	0.00463	0.10768	0.01997	0.03078	0.07126	0.01113	0.03170	0.03987	0.00379	0.00089	0.00293	0.00308	0.00269	0.56330
2	0.04777	0.00700	0.00982	0.00947	0.14416	0.00652	0.00659	0.01688	0.03321	0.63262	0.01306	0.01199	0.00858	0.00451	0.00401	0.00118	0.02870	0.00368	0.00404	0.00621
3	0.00943	0.00815	0.00858	0.00772	0.00986	0.00943	0.00600	0.02015	0.83621	0.01586	0.01544	0.01415	0.01158	0.00515	0.00386	0.00129	0.00300	0.00429	0.00386	0.00600
4	0.00482	0.00356	0.00431	0.00470	0.00537	0.00322	0.00331	0.00580	0.00827	0.01096	0.16082	0.44776	0.26261	0.01020	0.00458	0.00138	0.00203	0.00900	0.04410	0.00322
5	0.00552	0.00368	0.00414	0.00414	0.00414	0.00368	0.00230	0.00552	0.00552	0.00735	0.01195	0.02482	0.01379	0.86672	0.01930	0.00368	0.00368	0.00552	0.00230	0.00230
6	0.00579	0.00397	0.00521	0.00484	0.00581	0.00365	0.00365	0.00757	0.01074	0.04553	0.81089	0.02777	0.03482	0.00764	0.00445	0.00119	0.00184	0.00675	0.00419	0.00368
7	0.89350	0.00733	0.00557	0.00499	0.00733	0.00851	0.00411	0.01115	0.00645	0.01702	0.00528	0.00616	0.00411	0.00352	0.00235	0.00117	0.00293	0.00205	0.00235	0.00411
8	0.04448	0.00669	0.01066	0.74509	0.02360	0.00823	0.00969	0.03392	0.00786	0.01069	0.00709	0.01016	0.00534	0.00384	0.00366	0.00123	0.00474	0.00333	0.05547	0.00423
9	0.00460	0.00337	0.00433	0.00511	0.00546	0.00309	0.00344	0.00530	0.00743	0.00975	0.02300	0.76525	0.12272	0.01161	0.00480	0.00151	0.00217	0.01045	0.00352	0.00309
10	0.01386	0.00979	0.01073	0.00818	0.01125	0.01042	0.00674	0.66088	0.01603	0.09476	0.00934	0.00929	0.00661	0.00436	0.00368	0.00107	0.00393	0.00331	0.00369	0.11210
11	0.00659	0.00329	0.00494	0.00494	0.00494	0.00329	0.00329	0.00494	0.00494	0.00659	0.00659	0.01153	0.00659	0.01318	0.01482	0.88966	0.00329	0.00329	0.00165	0.00165
12	0.02999	0.01377	0.01081	0.00901	0.01152	0.40407	0.00710	0.37954	0.01384	0.07269	0.00792	0.00825	0.00588	0.00424	0.00359	0.00107	0.00533	0.00296	0.00297	0.00545
13	0.00482	0.00379	0.00435	0.00435	0.00536	0.00332	0.00321	0.00604	0.00923	0.01196	0.32393	0.13256	0.45517	0.00921	0.00452	0.00128	0.00191	0.00793	0.00376	0.00332
14	0.01014	0.86900	0.01987	0.00649	0.00973	0.01501	0.00649	0.01136	0.00771	0.00892	0.00527	0.00608	0.00487	0.00324	0.00243	0.00081	0.00406	0.00203	0.00162	0.00487
15	0.06851	0.71019	0.11784	0.00691	0.01037	0.01383	0.00723	0.01142	0.00766	0.00983	0.00546	0.00632	0.00481	0.00331	0.00257	0.00088	0.00417	0.00212	0.00167	0.00490
16	0.00943	0.18774	0.47420	0.00954	0.01410	0.00959	0.06688	0.02387	0.00848	0.11079	0.00756	0.00836	0.00549	0.00361	0.00342	0.00109	0.00492	0.00286	0.00206	0.04601
17	0.00695	0.00414	0.00649	0.04631	0.10614	0.00421	0.00462	0.00596	0.00550	0.00742	0.00666	0.01121	0.00645	0.01157	0.01299	0.74258	0.00352	0.00331	0.00168	0.00229
18	0.00462	0.00330	0.00440	0.00528	0.00550	0.00308	0.00352	0.00528	0.00726	0.00968	0.02090	0.86424	0.02508	0.01188	0.00484	0.00154	0.00220	0.01078	0.00352	0.00308
19	0.02233	0.00799	0.01317	0.05303	0.52324	0.00803	0.04915	0.01212	0.04327	0.11177	0.00937	0.05005	0.00784	0.00562	0.05524	0.00148	0.00461	0.01371	0.00240	0.00559
20	0.00971	0.11329	0.10156	0.24514	0.11274	0.09060	0.02047	0.10648	0.13912	0.01275	0.00818	0.00953	0.00629	0.00396	0.00359	0.00115	0.00470	0.00323	0.00230	0.00522
21	0.00740	0.06914	0.69616	0.00989	0.01470	0.00850	0.01230	0.01117	0.00790	0.01154	0.00840	0.11028	0.00723	0.00457	0.00368	0.00122	0.00510	0.00371	0.00183	0.00526
22	0.00552	0.00368	0.00414	0.00414	0.00414	0.00368	0.00230	0.00552	0.00552	0.00735	0.01195	0.02482	0.01379	0.86672	0.01930	0.00368	0.00368	0.00552	0.00230	0.00230
23	0.00920	0.06144	0.57067	0.01067	0.01551	0.00940	0.09922	0.11021	0.00942	0.05818	0.00753	0.00854	0.00535	0.00371	0.00367	0.00118	0.00531	0.00307	0.00206	0.00566
24	0.00999	0.04465	0.02146	0.00855	0.02066	0.01001	0.00707	0.21203	0.02767	0.03136	0.00691	0.00854	0.00573	0.00493	0.00705	0.00121	0.35417	0.00306	0.00244	0.21251

[dist]
# distance from previous block
# <min> <max>
0	2

[block]
# block no. 1 follows, 72 sequences, length 13
# corresponding to MSA columns:
# 479-491
name=unknown_B
#
# <colnr> <probs for GDERKNQSTAVLIFYWHMCP>
#	G	D	E	R	K	N	Q	S	T	A	V	L	I	F	Y	W	H	M	C	P
0	0.75653	0.03273	0.03035	0.00532	0.00786	0.00840	0.00456	0.01151	0.00684	0.06143	0.00591	0.00665	0.00450	0.00355	0.00249	0.00114	0.00305	0.00218	0.00243	0.04258
1	0.74404	0.04223	0.11568	0.00580	0.00861	0.00880	0.00549	0.01127	0.00670	0.01605	0.00548	0.00640	0.00423	0.00352	0.00251	0.00116	0.00332	0.00215	0.00222	0.00433
2	0.00586	0.00401	0.00507	0.00473	0.00580	0.00363	0.00357	0.00749	0.01040	0.05950	0.66602	0.02882	0.16504	0.00789	0.00444	0.00121	0.00189	0.00688	0.00410	0.00367
3	0.00524	0.00423	0.00505	0.00481	0.00598	0.00388	0.02120	0.00717	0.06352	0.01244	0.33051	0.09578	0.40894	0.00867	0.00447	0.00127	0.00206	0.00748	0.00375	0.00356
4	0.29804	0.04589	0.00977	0.00735	0.01016	0.01061	0.00611	0.49915	0.01345	0.05348	0.00794	0.00818	0.00574	0.00417	0.00327	0.00114	0.00373	0.00293	0.00327	0.00563
5	0.01668	0.00700	0.00914	0.00701	0.00995	0.00638	0.00579	0.12418	0.01176	0.73870	0.01420	0.01241	0.00901	0.00468	0.00381	0.00117	0.00335	0.00376	0.00458	0.00645
6	0.00716	0.00674	0.01138	0.85760	0.02612	0.00843	0.01053	0.00969	0.00758	0.00969	0.00674	0.01011	0.00506	0.00379	0.00379	0.00126	0.00506	0.00337	0.00169	0.00421
7	0.00537	0.00388	0.00507	0.00477	0.00567	0.00358	0.00358	0.00716	0.01074	0.01521	0.84106	0.02833	0.03578	0.00775	0.00447	0.00119	0.00179	0.00686	0.00417	0.00358
8	0.00484	0.00394	0.00433	0.00446	0.00564	0.00343	0.00350	0.00600	0.00882	0.01083	0.09876	0.03694	0.63553	0.00961	0.00461	0.00135	0.00218	0.14837	0.00357	0.00328
9	0.00658	0.00511	0.00647	0.00650	0.00754	0.00566	0.00511	0.01029	0.22401	0.01119	0.01504	0.07864	0.03061	0.05757	0.30878	0.02253	0.00564	0.18579	0.00297	0.00398
10	0.00809	0.18041	0.69048	0.00999	0.01515	0.00998	0.01259	0.01189	0.00795	0.01143	0.00652	0.00764	0.00482	0.00354	0.00338	0.00113	0.00531	0.00266	0.00161	0.00547
11	0.07803	0.00785	0.01120	0.65564	0.09158	0.07310	0.00987	0.01039	0.00782	0.01046	0.00659	0.00949	0.00505	0.00374	0.00365	0.00122	0.00498	0.00320	0.00177	0.00437
12	0.25052	0.08219	0.08567	0.00673	0.00951	0.00776	0.03219	0.07668	0.00952	0.25252	0.10794	0.01238	0.04187	0.00464	0.00340	0.00115	0.00339	0.00360	0.00325	0.00510

[dist]
# distance from previous block
# <min> <max>
0	3

[block]
# block no. 2 follows, 72 sequences, length 45
# corresponding to MSA columns:
# 495-539
name=unknown_C
#
# <colnr> <probs for GDERKNQSTAVLIFYWHMCP>
#	G	D	E	R	K	N	Q	S	T	A	V	L	I	F	Y	W	H	M	C	P
0	0.55301	0.23886	0.02761	0.00586	0.00856	0.01053	0.00523	0.07659	0.02189	0.01527	0.00579	0.00655	0.00464	0.00356	0.00254	0.00108	0.00339	0.00221	0.00228	0.00456
1	0.00803	0.00763	0.01294	0.53252	0.34443	0.00865	0.01096	0.01045	0.00799	0.01074	0.00689	0.00983	0.00543	0.00363	0.00378	0.00121	0.00484	0.00337	0.00176	0.00491
2	0.01442	0.01062	0.01138	0.00873	0.01176	0.01176	0.00721	0.83041	0.01783	0.02390	0.00911	0.00911	0.00645	0.00455	0.00379	0.00114	0.00417	0.00341	0.00379	0.00645
3	0.00763	0.00722	0.01222	0.68233	0.19774	0.00855	0.01077	0.01010	0.00780	0.01026	0.00682	0.00996	0.00526	0.00371	0.00378	0.00124	0.00494	0.00337	0.00173	0.00459
4	0.89350	0.00733	0.00557	0.00499	0.00733	0.00851	0.00411	0.01115	0.00645	0.01702	0.00528	0.00616	0.00411	0.00352	0.00235	0.00117	0.00293	0.00205	0.00235	0.00411
5	0.00543	0.00402	0.00587	0.00587	0.00647	0.00462	0.00446	0.00663	0.00603	0.00864	0.01036	0.01602	0.00997	0.12344	0.75736	0.00582	0.00942	0.00423	0.00206	0.00326
6	0.89350	0.00733	0.00557	0.00499	0.00733	0.00851	0.00411	0.01115	0.00645	0.01702	0.00528	0.00616	0.00411	0.00352	0.00235	0.00117	0.00293	0.00205	0.00235	0.00411
7	0.00542	0.00406	0.00610	0.00610	0.00677	0.00474	0.00474	0.00677	0.00610	0.00880	0.01016	0.01490	0.00948	0.02844	0.85169	0.00610	0.01016	0.00406	0.00203	0.00339
8	0.00532	0.00387	0.00500	0.00472	0.00564	0.00356	0.00354	0.00706	0.01062	0.01494	0.79699	0.02878	0.08002	0.00785	0.00447	0.00120	0.00180	0.00692	0.00414	0.00356
9	0.01014	0.86900	0.01987	0.00649	0.00973	0.01501	0.00649	0.01136	0.00771	0.00892	0.00527	0.00608	0.00487	0.00324	0.00243	0.00081	0.00406	0.00203	0.00162	0.00487
10	0.00552	0.00368	0.00414	0.00414	0.00414	0.00368	0.00230	0.00552	0.00552	0.00735	0.01195	0.02482	0.01379	0.86672	0.01930	0.00368	0.00368	0.00552	0.00230	0.00230
11	0.01001	0.15954	0.42507	0.01046	0.09010	0.00983	0.01063	0.09575	0.03496	0.10711	0.00800	0.00866	0.00582	0.00379	0.00347	0.00112	0.00475	0.00295	0.00227	0.00571
12	0.03301	0.25450	0.01334	0.00807	0.01093	0.12906	0.00685	0.40096	0.07973	0.01682	0.00799	0.00827	0.00614	0.00412	0.00333	0.00104	0.00439	0.00293	0.00290	0.00563
13	0.06084	0.00904	0.05618	0.01817	0.55848	0.00853	0.05127	0.05636	0.00907	0.04157	0.01891	0.02948	0.03113	0.00414	0.00381	0.00118	0.00432	0.02967	0.00225	0.00562
14	0.01322	0.04253	0.16750	0.00905	0.04578	0.00951	0.00814	0.38075	0.03288	0.22729	0.01011	0.01005	0.00701	0.01394	0.00389	0.00118	0.00418	0.00339	0.00344	0.00616
15	0.01019	0.08400	0.00950	0.00715	0.00896	0.05007	0.04528	0.09048	0.00907	0.21075	0.04369	0.04234	0.01002	0.06898	0.25607	0.00279	0.03900	0.00410	0.00293	0.00464
16	0.01702	0.00645	0.00880	0.00675	0.00968	0.00557	0.00557	0.01848	0.01085	0.84568	0.01496	0.01291	0.00939	0.00469	0.00381	0.00117	0.00323	0.00381	0.00469	0.00645
17	0.00809	0.05173	0.60811	0.01189	0.06168	0.00921	0.12864	0.01240	0.05042	0.01212	0.00732	0.00863	0.00535	0.00360	0.00370	0.00120	0.00546	0.00312	0.00178	0.00555
18	0.00941	0.00910	0.01521	0.04588	0.80680	0.02309	0.01154	0.01164	0.00864	0.01226	0.00710	0.00936	0.00596	0.00340	0.00375	0.00113	0.00456	0.00336	0.00187	0.00593
19	0.01644	0.00628	0.00849	0.00656	0.00938	0.00546	0.00540	0.01792	0.01069	0.79732	0.01481	0.01298	0.00941	0.00468	0.00375	0.00116	0.00314	0.00380	0.05606	0.00628
20	0.00499	0.00358	0.00450	0.00483	0.00545	0.00329	0.00341	0.00612	0.00864	0.01185	0.29703	0.42945	0.13488	0.00979	0.00455	0.00135	0.00200	0.00871	0.05229	0.00329
21	0.01057	0.08777	0.18478	0.01507	0.35974	0.05332	0.05287	0.01301	0.00896	0.15404	0.01928	0.00957	0.00656	0.00371	0.00365	0.00112	0.00466	0.00327	0.00232	0.00574
22	0.00783	0.04833	0.75229	0.01065	0.01594	0.00908	0.03629	0.01241	0.05028	0.01210	0.00722	0.00832	0.00518	0.00366	0.00360	0.00119	0.00544	0.00290	0.00173	0.00559
23	0.00590	0.00420	0.00581	0.00644	0.00716	0.00429	0.00535	0.00733	0.00790	0.01043	0.01765	0.05826	0.01913	0.12477	0.12563	0.00260	0.00442	0.57627	0.00313	0.00331
24	0.00918	0.01031	0.01897	0.01448	0.04518	0.06810	0.56424	0.01167	0.00837	0.01129	0.00694	0.00954	0.00553	0.00401	0.00613	0.00134	0.19391	0.00404	0.00186	0.00488
25	0.79693	0.05808	0.04934	0.00537	0.00794	0.00890	0.00475	0.01120	0.00661	0.01629	0.00536	0.00625	0.00419	0.00351	0.00242	0.00115	0.00314	0.00209	0.00227	0.00423
26	0.00885	0.00815	0.01378	0.17804	0.60672	0.00850	0.01076	0.01106	0.00830	0.03109	0.00747	0.01002	0.00617	0.00540	0.06831	0.00153	0.00501	0.00344	0.00192	0.00548
27	0.00764	0.01936	0.82450	0.01095	0.01651	0.00883	0.03632	0.01201	0.00803	0.01201	0.00683	0.00807	0.00483	0.00359	0.00363	0.00120	0.00563	0.00285	0.00161	0.00559
28	0.00457	0.00379	0.00400	0.00407	0.00520	0.00322	0.00300	0.00556	0.00866	0.01057	0.09926	0.12296	0.69268	0.00970	0.00452	0.00130	0.00194	0.00821	0.00357	0.00322
29	0.01007	0.84509	0.04315	0.00661	0.00992	0.01483	0.00670	0.01137	0.00771	0.00901	0.00532	0.00614	0.00487	0.00325	0.00247	0.00082	0.00410	0.00205	0.00162	0.00489
30	0.89350	0.00733	0.00557	0.00499	0.00733	0.00851	0.00411	0.01115	0.00645	0.01702	0.00528	0.00616	0.00411	0.00352	0.00235	0.00117	0.00293	0.00205	0.00235	0.00411
31	0.00716	0.00674	0.01138	0.85760	0.02612	0.00843	0.01053	0.00969	0.00758	0.00969	0.00674	0.01011	0.00506	0.00379	0.00379	0.00126	0.00506	0.00337	0.00169	0.00421
32	0.00898	0.00838	0.10665	0.00659	0.01003	0.00605	0.00590	0.01199	0.10186	0.10134	0.00861	0.00913	0.00660	0.00337	0.00313	0.00078	0.00320	0.00271	0.00261	0.59209
33	0.00460	0.00380	0.00404	0.00408	0.00522	0.00324	0.00302	0.00563	0.00877	0.01079	0.13343	0.10920	0.67190	0.00958	0.00451	0.00129	0.00193	0.00811	0.00360	0.00324
34	0.01340	0.01684	0.01082	0.10234	0.01330	0.75944	0.00768	0.01455	0.01040	0.00933	0.00596	0.00720	0.00490	0.00390	0.00346	0.00101	0.00664	0.00254	0.00192	0.00438
35	0.00550	0.00356	0.00442	0.00466	0.00529	0.00337	0.00332	0.00683	0.00866	0.01275	0.30848	0.35651	0.02502	0.00856	0.00416	0.00125	0.00195	0.00758	0.22474	0.00337
36	0.01014	0.86900	0.01987	0.00649	0.00973	0.01501	0.00649	0.01136	0.00771	0.00892	0.00527	0.00608	0.00487	0.00324	0.00243	0.00081	0.00406	0.00203	0.00162	0.00487
37	0.00543	0.00399	0.00525	0.00597	0.00675	0.00382	0.00485	0.00675	0.00833	0.01072	0.02362	0.25543	0.17128	0.01068	0.00500	0.00161	0.00287	0.46080	0.00350	0.00333
38	0.01442	0.01062	0.01138	0.00873	0.01176	0.01176	0.00721	0.83041	0.01783	0.02390	0.00911	0.00911	0.00645	0.00455	0.00379	0.00114	0.00417	0.00341	0.00379	0.00645
39	0.01028	0.00969	0.00898	0.00805	0.01019	0.13431	0.00623	0.04323	0.68980	0.01513	0.01383	0.01292	0.01043	0.00494	0.00379	0.00124	0.00360	0.00399	0.00357	0.00578
40	0.21019	0.00954	0.00943	0.00753	0.01026	0.05879	0.00615	0.45604	0.02814	0.07304	0.00846	0.00881	0.00619	0.00514	0.03634	0.00130	0.00413	0.00306	0.00327	0.05419
41	0.00891	0.00910	0.05695	0.07896	0.69598	0.00864	0.01122	0.01126	0.00865	0.01235	0.05559	0.01047	0.00761	0.00367	0.00379	0.00114	0.00444	0.00355	0.00198	0.00572
42	0.00813	0.00678	0.00861	0.12789	0.01162	0.00562	0.01719	0.00995	0.00796	0.04435	0.00707	0.00842	0.00569	0.00303	0.00301	0.00070	0.00320	0.00250	0.00226	0.71601
43	0.01158	0.00858	0.05846	0.03152	0.14757	0.00821	0.13138	0.01389	0.04258	0.30233	0.00985	0.01062	0.00709	0.00447	0.00541	0.00125	0.15870	0.00365	0.00290	0.03997
44	0.19972	0.00760	0.00949	0.00757	0.01025	0.00778	0.09168	0.07177	0.18916	0.28184	0.04354	0.01161	0.00904	0.00442	0.00357	0.00118	0.00344	0.00364	0.00355	0.03914

[dist]
# distance from previous block
# <min> <max>
2	8

[block]
# block no. 3 follows, 72 sequences, length 98
# corresponding to MSA columns:
# 548-645
name=unknown_D
#
# <colnr> <probs for GDERKNQSTAVLIFYWHMCP>
#	G	D	E	R	K	N	Q	S	T	A	V	L	I	F	Y	W	H	M	C	P
0	0.01029	0.71279	0.05370	0.00772	0.05486	0.03570	0.00708	0.02102	0.02964	0.02903	0.00599	0.00676	0.00522	0.00338	0.00266	0.00087	0.00417	0.00226	0.00180	0.00503
1	0.00716	0.00674	0.01138	0.85760	0.02612	0.00843	0.01053	0.00969	0.00758	0.00969	0.00674	0.01011	0.00506	0.00379	0.00379	0.00126	0.00506	0.00337	0.00169	0.00421
2	0.01681	0.00666	0.00908	0.00695	0.00989	0.00586	0.01655	0.04934	0.01110	0.80333	0.01464	0.01273	0.00923	0.00467	0.00382	0.00117	0.00331	0.00381	0.00462	0.00644
3	0.01046	0.00969	0.05872	0.10120	0.48367	0.02216	0.03442	0.16267	0.01035	0.05838	0.00785	0.00950	0.00608	0.00372	0.00378	0.00115	0.00458	0.00339	0.00235	0.00586
4	0.00925	0.00908	0.01680	0.09742	0.51819	0.00903	0.23880	0.01177	0.00868	0.03299	0.00744	0.00978	0.00593	0.00340	0.00396	0.00118	0.00505	0.00369	0.00194	0.00561
5	0.00548	0.00381	0.00482	0.00482	0.00505	0.00405	0.00315	0.00595	0.00572	0.00786	0.01133	0.02138	0.01229	0.57579	0.30819	0.00452	0.00593	0.00501	0.00221	0.00268
6	0.87057	0.00761	0.00571	0.00511	0.00745	0.03049	0.00419	0.01125	0.00657	0.01681	0.00530	0.00618	0.00413	0.00353	0.00237	0.00117	0.00304	0.00206	0.00234	0.00411
7	0.01014	0.86900	0.01987	0.00649	0.00973	0.01501	0.00649	0.01136	0.00771	0.00892	0.00527	0.00608	0.00487	0.00324	0.00243	0.00081	0.00406	0.00203	0.00162	0.00487
8	0.00890	0.00682	0.00883	0.00768	0.03006	0.00711	0.07373	0.11795	0.25201	0.07333	0.30697	0.02751	0.03969	0.00601	0.00416	0.00123	0.00303	0.01618	0.00379	0.00503
9	0.00784	0.00694	0.00925	0.02847	0.03837	0.00576	0.07624	0.01012	0.05247	0.01232	0.01774	0.06371	0.00754	0.00365	0.00322	0.00077	0.00319	0.00322	0.00238	0.64680
10	0.03900	0.01053	0.01122	0.00862	0.01164	0.01167	0.00712	0.80751	0.01751	0.02371	0.00900	0.00902	0.00638	0.00452	0.00375	0.00114	0.00414	0.00338	0.00375	0.00638
11	0.01026	0.01324	0.34774	0.01099	0.05504	0.05289	0.16217	0.01347	0.02816	0.18083	0.00878	0.00955	0.00620	0.00372	0.00374	0.00114	0.00498	0.00331	0.00243	0.08135
12	0.00793	0.00669	0.00783	0.00563	0.00895	0.00504	0.00449	0.00960	0.00789	0.02254	0.00703	0.01958	0.00593	0.00296	0.00285	0.00058	0.00281	0.00238	0.00229	0.86699
13	0.01452	0.01046	0.01128	0.00865	0.01168	0.01153	0.00715	0.79947	0.01757	0.05522	0.00933	0.00925	0.00656	0.00456	0.00379	0.00114	0.00414	0.00343	0.00383	0.00645
14	0.01019	0.67716	0.09617	0.00713	0.01052	0.01388	0.00722	0.07482	0.05302	0.01074	0.00626	0.00693	0.00534	0.00348	0.00272	0.00090	0.00415	0.00233	0.00191	0.00512
15	0.00943	0.00815	0.00858	0.00772	0.00986	0.00943	0.00600	0.02015	0.83621	0.01586	0.01544	0.01415	0.01158	0.00515	0.00386	0.00129	0.00300	0.00429	0.00386	0.00600
16	0.00462	0.00331	0.00439	0.00524	0.00549	0.00308	0.00350	0.00528	0.00730	0.00970	0.02134	0.84347	0.04557	0.01182	0.00483	0.00153	0.00219	0.01071	0.00352	0.00308
17	0.00552	0.00368	0.00414	0.00414	0.00414	0.00368	0.00230	0.00552	0.00552	0.00735	0.01195	0.02482	0.01379	0.86672	0.01930	0.00368	0.00368	0.00552	0.00230	0.00230
18	0.00474	0.00356	0.00440	0.00481	0.00544	0.00322	0.00337	0.00572	0.00835	0.01099	0.19823	0.47745	0.23506	0.01043	0.00467	0.00140	0.00204	0.00925	0.00366	0.00322
19	0.89350	0.00733	0.00557	0.00499	0.00733	0.00851	0.00411	0.01115	0.00645	0.01702	0.00528	0.00616	0.00411	0.00352	0.00235	0.00117	0.00293	0.00205	0.00235	0.00411
20	0.01417	0.01808	0.01075	0.00977	0.01172	0.85149	0.00733	0.01514	0.01075	0.00928	0.00586	0.00684	0.00489	0.00391	0.00342	0.00098	0.00684	0.00244	0.00195	0.00440
21	0.00462	0.00330	0.00440	0.00528	0.00550	0.00308	0.00352	0.00528	0.00726	0.00968	0.02090	0.86424	0.02508	0.01188	0.00484	0.00154	0.00220	0.01078	0.00352	0.00308
22	0.01407	0.01011	0.01098	0.00839	0.01144	0.01093	0.00692	0.72608	0.01672	0.06720	0.00925	0.00922	0.00655	0.00443	0.00372	0.00110	0.00402	0.00335	0.00373	0.07179
23	0.00552	0.00368	0.00414	0.00414	0.00414	0.00368	0.00230	0.00552	0.00552	0.00735	0.01195	0.02482	0.01379	0.86672	0.01930	0.00368	0.00368	0.00552	0.00230	0.00230
24	0.06903	0.15640	0.07422	0.00954	0.01220	0.46976	0.09200	0.01397	0.04993	0.01054	0.00645	0.00746	0.00524	0.00374	0.00333	0.00102	0.00580	0.00267	0.00199	0.00470
25	0.01392	0.00631	0.00805	0.00647	0.00896	0.00585	0.00524	0.04406	0.10844	0.56743	0.08957	0.01562	0.05662	0.00527	0.00387	0.00118	0.00298	0.00434	0.03998	0.00585
26	0.01035	0.44945	0.18640	0.00831	0.01170	0.18025	0.02689	0.02186	0.04329	0.01017	0.00642	0.01758	0.00542	0.00365	0.00302	0.00097	0.00492	0.00254	0.00183	0.00497
27	0.00725	0.00683	0.01154	0.82383	0.05919	0.00845	0.01058	0.00977	0.00763	0.00980	0.00676	0.01008	0.00509	0.00378	0.00379	0.00126	0.00503	0.00337	0.00169	0.00429
28	0.01021	0.85485	0.01972	0.00654	0.00977	0.02891	0.00650	0.01142	0.00776	0.00893	0.00528	0.00610	0.00487	0.00326	0.00245	0.00081	0.00410	0.00203	0.00163	0.00486
29	0.07429	0.04553	0.08899	0.01012	0.07050	0.27731	0.05989	0.11436	0.15896	0.05098	0.00861	0.00913	0.00655	0.00408	0.00356	0.00112	0.00497	0.00314	0.00262	0.00530
30	0.00469	0.00356	0.00433	0.00476	0.00541	0.00319	0.00333	0.00562	0.00822	0.01069	0.15066	0.47983	0.28091	0.01055	0.00467	0.00141	0.00205	0.00932	0.00362	0.00319
31	0.00655	0.00467	0.00563	0.01743	0.01707	0.00500	0.00362	0.07914	0.03488	0.00946	0.01116	0.02040	0.01181	0.55968	0.16397	0.02417	0.01501	0.00490	0.00240	0.00307
32	0.04219	0.04698	0.64272	0.03450	0.02733	0.08206	0.01234	0.02477	0.03132	0.01209	0.00689	0.00804	0.00502	0.00367	0.00352	0.00117	0.00543	0.00279	0.00176	0.00541
33	0.00692	0.00469	0.00557	0.00549	0.00667	0.00455	0.00414	0.00942	0.13271	0.10091	0.09392	0.21440	0.23104	0.07035	0.00554	0.00154	0.00256	0.09198	0.00366	0.00394
34	0.00552	0.00368	0.00414	0.00414	0.00414	0.00368	0.00230	0.00552	0.00552	0.00735	0.01195	0.02482	0.01379	0.86672	0.01930	0.00368	0.00368	0.00552	0.00230	0.00230
35	0.37753	0.00944	0.06753	0.00732	0.02169	0.00952	0.00630	0.33747	0.01158	0.10636	0.00795	0.00821	0.00567	0.00406	0.00318	0.00116	0.00367	0.00285	0.00311	0.00542
36	0.00907	0.02692	0.44440	0.01370	0.20695	0.05190	0.09132	0.02367	0.00869	0.05479	0.01740	0.00896	0.00582	0.00363	0.00371	0.00116	0.00524	0.00317	0.00194	0.01754
37	0.00637	0.00538	0.00756	0.00702	0.00737	0.00680	0.00549	0.00733	0.00590	0.00867	0.00877	0.01441	0.00874	0.16175	0.43926	0.00425	0.28546	0.00406	0.00196	0.00345
38	0.89350	0.00733	0.00557	0.00499	0.00733	0.00851	0.00411	0.01115	0.00645	0.01702	0.00528	0.00616	0.00411	0.00352	0.00235	0.00117	0.00293	0.00205	0.00235	0.00411
39	0.01142	0.01499	0.27018	0.00948	0.01292	0.24869	0.01964	0.18786	0.10903	0.03754	0.00829	0.00880	0.00615	0.00407	0.00361	0.00111	0.00519	0.00304	0.00255	0.03543
40	0.00512	0.00387	0.00473	0.00451	0.00551	0.00347	0.00338	0.00668	0.01015	0.01382	0.61721	0.03061	0.26050	0.00827	0.00448	0.00122	0.00183	0.00718	0.00399	0.00347
41	0.00553	0.00471	0.00647	0.00635	0.05163	0.00430	0.06724	0.00724	0.02993	0.01221	0.28645	0.07436	0.39711	0.00822	0.00446	0.00127	0.00243	0.02289	0.00352	0.00369
42	0.15841	0.01002	0.01036	0.00809	0.01099	0.01117	0.00667	0.67497	0.03731	0.02256	0.00864	0.00875	0.00620	0.00440	0.00356	0.00115	0.00394	0.00321	0.00356	0.00605
43	0.00574	0.00383	0.00465	0.00443	0.00539	0.00355	0.00333	0.00741	0.00991	0.02430	0.56242	0.02631	0.13206	0.00728	0.00410	0.00114	0.00182	0.00630	0.18248	0.00356
44	0.00716	0.00674	0.01138	0.85760	0.02612	0.00843	0.01053	0.00969	0.00758	0.00969	0.00674	0.01011	0.00506	0.00379	0.00379	0.00126	0.00506	0.00337	0.00169	0.00421
45	0.00461	0.00359	0.00419	0.00458	0.00534	0.00317	0.00323	0.00549	0.00815	0.01033	0.08626	0.42123	0.40527	0.01054	0.00465	0.00140	0.00204	0.00922	0.00357	0.00317
46	0.00786	0.00674	0.00786	0.00562	0.00899	0.00506	0.00449	0.00955	0.00786	0.01236	0.00674	0.00786	0.00562	0.00281	0.00281	0.00056	0.00281	0.00225	0.00225	0.88990
47	0.00943	0.00815	0.00858	0.00772	0.00986	0.00943	0.00600	0.02015	0.83621	0.01586	0.01544	0.01415	0.01158	0.00515	0.00386	0.00129	0.00300	0.00429	0.00386	0.00600
48	0.00890	0.00930	0.01153	0.00994	0.01014	0.09794	0.00820	0.00975	0.00632	0.00914	0.00507	0.00815	0.00497	0.00636	0.01152	0.00159	0.77211	0.00323	0.00169	0.00417
49	0.00768	0.00659	0.00765	0.00552	0.00878	0.00496	0.00441	0.00933	0.00791	0.01224	0.00844	0.00940	0.05053	0.00317	0.00290	0.00060	0.00276	0.00256	0.00232	0.84226
50	0.00841	0.28800	0.58569	0.00944	0.01430	0.01077	0.01164	0.01180	0.00791	0.01103	0.00632	0.00740	0.00482	0.00349	0.00323	0.00108	0.00512	0.00256	0.00161	0.00537
51	0.00989	0.00838	0.00884	0.00781	0.01004	0.00965	0.00611	0.09518	0.76042	0.01661	0.01485	0.01368	0.01110	0.00509	0.00385	0.00127	0.00311	0.00421	0.00385	0.00604
52	0.05613	0.01607	0.49762	0.01187	0.01651	0.06933	0.24480	0.02188	0.00850	0.01226	0.00693	0.00847	0.00506	0.00352	0.00377	0.00120	0.00576	0.00322	0.00178	0.00531
53	0.00879	0.01056	0.06615	0.05684	0.01995	0.00949	0.74547	0.01202	0.00883	0.01202	0.00758	0.01010	0.00567	0.00325	0.00440	0.00127	0.00629	0.00433	0.00189	0.00510
54	0.00753	0.00639	0.00751	0.00558	0.00863	0.00485	0.00439	0.00912	0.00780	0.01209	0.00818	0.09500	0.00760	0.00373	0.00302	0.00066	0.00275	0.00312	0.00238	0.79967
55	0.00928	0.00890	0.01520	0.06405	0.80313	0.00898	0.01159	0.01154	0.00858	0.01226	0.00711	0.00942	0.00596	0.00340	0.00376	0.00113	0.00453	0.00338	0.00187	0.00592
56	0.89350	0.00733	0.00557	0.00499	0.00733	0.00851	0.00411	0.01115	0.00645	0.01702	0.00528	0.00616	0.00411	0.00352	0.00235	0.00117	0.00293	0.00205	0.00235	0.00411
57	0.00552	0.00368	0.00414	0.00414	0.00414	0.00368	0.00230	0.00552	0.00552	0.00735	0.01195	0.02482	0.01379	0.86672	0.01930	0.00368	0.00368	0.00552	0.00230	0.00230
58	0.89350	0.00733	0.00557	0.00499	0.00733	0.00851	0.00411	0.01115	0.00645	0.01702	0.00528	0.00616	0.00411	0.00352	0.00235	0.00117	0.00293	0.00205	0.00235	0.00411
59	0.00542	0.00406	0.00610	0.00610	0.00677	0.00474	0.00474	0.00677	0.00610	0.00880	0.01016	0.01490	0.00948	0.02844	0.85169	0.00610	0.01016	0.00406	0.00203	0.00339
60	0.00537	0.00388	0.00507	0.00477	0.00567	0.00358	0.00358	0.00716	0.01074	0.01521	0.84106	0.02833	0.03578	0.00775	0.00447	0.00119	0.00179	0.00686	0.00417	0.00358
61	0.00878	0.01146	0.13005	0.01531	0.01938	0.00949	0.72285	0.01213	0.00883	0.01213	0.00756	0.00994	0.00563	0.00325	0.00436	0.00127	0.00629	0.00426	0.00188	0.00518
62	0.00549	0.00387	0.00506	0.00508	0.00541	0.00417	0.00349	0.00614	0.00586	0.00810	0.01135	0.02083	0.01206	0.46990	0.39164	0.00471	0.00657	0.02524	0.00221	0.00282
63	0.39786	0.00882	0.02466	0.00688	0.00961	0.00954	0.00576	0.33458	0.05163	0.10451	0.00830	0.00843	0.00595	0.00413	0.00316	0.00117	0.00351	0.00289	0.00322	0.00539
64	0.01343	0.10994	0.01202	0.00849	0.01135	0.10893	0.00703	0.56597	0.09269	0.01974	0.00888	0.00897	0.00657	0.00438	0.00360	0.00110	0.00436	0.00322	0.00334	0.00599
65	0.00512	0.00391	0.00471	0.00457	0.00557	0.00353	0.00342	0.00673	0.02266	0.01333	0.52424	0.07074	0.29177	0.00853	0.00449	0.00124	0.00189	0.01614	0.00392	0.00347
66	0.00947	0.50383	0.32338	0.00823	0.01231	0.02341	0.00930	0.05167	0.00835	0.01079	0.00603	0.00695	0.00492	0.00345	0.00294	0.00097	0.00467	0.00239	0.00173	0.00521
67	0.00939	0.24298	0.49301	0.00926	0.01380	0.01963	0.01085	0.09705	0.02118	0.03951	0.00702	0.00785	0.00524	0.00367	0.00332	0.00109	0.00494	0.00271	0.00197	0.00552
68	0.01692	0.00661	0.00890	0.00682	0.00976	0.00581	0.00564	0.04975	0.01112	0.81403	0.01474	0.01276	0.00927	0.00469	0.00381	0.00117	0.00326	0.00380	0.00466	0.00645
69	0.00928	0.00923	0.01643	0.01971	0.54172	0.00921	0.21972	0.01270	0.09931	0.01271	0.00818	0.01012	0.00655	0.00353	0.00395	0.00118	0.00482	0.00376	0.00210	0.00578
70	0.04671	0.01921	0.01124	0.01258	0.29907	0.04498	0.00774	0.02611	0.00997	0.46650	0.01127	0.01102	0.00772	0.00414	0.00370	0.00114	0.00384	0.00351	0.00345	0.00610
71	0.06411	0.00650	0.00863	0.00665	0.00956	0.00573	0.00550	0.01809	0.01062	0.80116	0.01444	0.01255	0.00910	0.00463	0.00374	0.00117	0.00321	0.00372	0.00457	0.00633
72	0.00496	0.00355	0.00459	0.00520	0.00538	0.00348	0.00344	0.00550	0.00687	0.00919	0.01845	0.63498	0.02193	0.20146	0.00828	0.00202	0.02681	0.02779	0.00320	0.00295
73	0.00882	0.20886	0.56272	0.00971	0.01440	0.06697	0.02228	0.01236	0.02742	0.02385	0.00673	0.00774	0.00506	0.00359	0.00335	0.00110	0.00526	0.00268	0.00173	0.00537
74	0.13603	0.00739	0.00860	0.00697	0.02120	0.05466	0.00560	0.03073	0.03224	0.63743	0.01293	0.01156	0.00837	0.00448	0.00359	0.00116	0.00342	0.00350	0.00414	0.00600
75	0.00479	0.00339	0.00451	0.00537	0.00566	0.00319	0.00370	0.00556	0.00739	0.00991	0.02064	0.78163	0.02448	0.01160	0.00482	0.00154	0.00229	0.07235	0.02406	0.00312
76	0.01157	0.01383	0.01578	0.05794	0.01596	0.41411	0.35905	0.04464	0.01008	0.01109	0.00681	0.00855	0.00533	0.00362	0.00391	0.00113	0.00645	0.00340	0.00199	0.00477
77	0.89350	0.00733	0.00557	0.00499	0.00733	0.00851	0.00411	0.01115	0.00645	0.01702	0.00528	0.00616	0.00411	0.00352	0.00235	0.00117	0.00293	0.00205	0.00235	0.00411
78	0.00828	0.01514	0.52231	0.01033	0.01442	0.00907	0.06355	0.02506	0.11096	0.03552	0.00811	0.00936	0.00606	0.00512	0.03707	0.00146	0.10749	0.00324	0.00205	0.00540
79	0.00676	0.02990	0.05866	0.00662	0.00802	0.00589	0.00559	0.06469	0.00727	0.03123	0.00963	0.01334	0.00860	0.02241	0.64285	0.00485	0.02054	0.00378	0.00219	0.04719
80	0.00463	0.00376	0.00421	0.00437	0.00537	0.00333	0.00320	0.00561	0.00825	0.01025	0.07118	0.19811	0.56867	0.01160	0.07824	0.00175	0.00269	0.00816	0.00342	0.00321
81	0.01060	0.35883	0.19437	0.00831	0.01171	0.11950	0.05212	0.03385	0.00882	0.09948	0.00773	0.04055	0.00633	0.00396	0.00320	0.00102	0.00465	0.00298	0.02691	0.00508
82	0.47515	0.02562	0.00818	0.00721	0.00939	0.39656	0.00563	0.01299	0.00845	0.01333	0.00555	0.00647	0.00448	0.00369	0.00284	0.00108	0.00475	0.00223	0.00215	0.00425
83	0.00716	0.00674	0.01138	0.85760	0.02612	0.00843	0.01053	0.00969	0.00758	0.00969	0.00674	0.01011	0.00506	0.00379	0.00379	0.00126	0.00506	0.00337	0.00169	0.00421
84	0.01067	0.00723	0.00839	0.00620	0.00940	0.02926	0.00500	0.06223	0.00928	0.21581	0.00886	0.00914	0.00657	0.00341	0.00313	0.00076	0.00311	0.00271	0.00293	0.59593
85	0.00562	0.00380	0.00459	0.00439	0.00530	0.00353	0.00326	0.00724	0.00974	0.01414	0.55289	0.02624	0.11931	0.04002	0.00467	0.00123	0.00187	0.00626	0.18241	0.00348
86	0.00716	0.00674	0.01138	0.85760	0.02612	0.00843	0.01053	0.00969	0.00758	0.00969	0.00674	0.01011	0.00506	0.00379	0.00379	0.00126	0.00506	0.00337	0.00169	0.00421
87	0.00462	0.00331	0.00439	0.00524	0.00549	0.00308	0.00350	0.00528	0.00730	0.00970	0.02135	0.84311	0.04592	0.01182	0.00483	0.00153	0.00219	0.01071	0.00352	0.00308
88	0.01014	0.86900	0.01987	0.00649	0.00973	0.01501	0.00649	0.01136	0.00771	0.00892	0.00527	0.00608	0.00487	0.00324	0.00243	0.00081	0.00406	0.00203	0.00162	0.00487
89	0.00547	0.00386	0.00507	0.00507	0.00539	0.00418	0.00346	0.00611	0.00579	0.00804	0.01110	0.02011	0.01175	0.46922	0.41401	0.00482	0.00675	0.00483	0.00217	0.00281
90	0.01423	0.01053	0.01127	0.00869	0.01169	0.01167	0.00716	0.79954	0.04902	0.02360	0.00935	0.00930	0.00665	0.00458	0.00380	0.00114	0.00413	0.00345	0.00380	0.00643
91	0.01090	0.00850	0.00948	0.00803	0.01039	0.04994	0.05019	0.09755	0.50962	0.13028	0.03614	0.01401	0.03748	0.00507	0.00389	0.00124	0.00345	0.00424	0.00377	0.00583
92	0.00786	0.00674	0.00786	0.00562	0.00899	0.00506	0.00449	0.00955	0.00786	0.01236	0.00674	0.00786	0.00562	0.00281	0.00281	0.00056	0.00281	0.00225	0.00225	0.88990
93	0.00792	0.00752	0.01275	0.57253	0.30525	0.00863	0.01091	0.01036	0.00794	0.01061	0.00688	0.00986	0.00538	0.00365	0.00378	0.00122	0.00487	0.00337	0.00175	0.00483
94	0.00928	0.32701	0.06529	0.00694	0.01037	0.00937	0.05038	0.01128	0.03069	0.05592	0.00693	0.00778	0.00566	0.00321	0.00289	0.00079	0.00367	0.00246	0.00213	0.38794
95	0.05840	0.07672	0.01103	0.04698	0.01163	0.34758	0.06349	0.01266	0.00915	0.05278	0.00668	0.00775	0.00536	0.00349	0.00321	0.00089	0.00491	0.00258	0.00216	0.27255
96	0.06945	0.03013	0.01150	0.01928	0.01196	0.38965	0.08778	0.20804	0.05359	0.03169	0.00766	0.00878	0.00603	0.03179	0.00406	0.00116	0.00541	0.00307	0.00257	0.01639
97	0.16237	0.15517	0.05252	0.06398	0.01202	0.19630	0.06255	0.08468	0.03767	0.11717	0.00765	0.00832	0.00575	0.00384	0.00327	0.00108	0.00464	0.00284	0.00250	0.01569

[dist]
# distance from previous block
# <min> <max>
31	69

[block]
# block no. 4 follows, 72 sequences, length 10
# corresponding to MSA columns:
# 720-729
name=unknown_E
#
# <colnr> <probs for GDERKNQSTAVLIFYWHMCP>
#	G	D	E	R	K	N	Q	S	T	A	V	L	I	F	Y	W	H	M	C	P
0	0.04920	0.00660	0.00808	0.00688	0.00905	0.00624	0.00536	0.09446	0.06991	0.40522	0.05962	0.21229	0.01456	0.00686	0.00427	0.00136	0.00318	0.00568	0.00428	0.02688
1	0.05015	0.03923	0.21718	0.00756	0.01070	0.02266	0.02043	0.14389	0.04052	0.12282	0.01577	0.01556	0.20099	0.00536	0.00393	0.00117	0.02184	0.00424	0.00297	0.05305
2	0.00759	0.00530	0.00583	0.00521	0.00591	0.00556	0.00344	0.19780	0.00839	0.01121	0.01129	0.02116	0.01208	0.66575	0.01569	0.00309	0.00379	0.00503	0.00265	0.00327
3	0.00925	0.00896	0.04417	0.27163	0.22803	0.00896	0.23391	0.05921	0.02865	0.05830	0.00789	0.01008	0.00595	0.00364	0.00397	0.00122	0.00510	0.00370	0.00213	0.00526
4	0.68700	0.01020	0.20172	0.00634	0.00945	0.00858	0.00642	0.01135	0.00682	0.01585	0.00564	0.00659	0.00427	0.00354	0.00264	0.00118	0.00356	0.00223	0.00217	0.00446
5	0.00964	0.00917	0.01217	0.20945	0.15124	0.08109	0.09428	0.09050	0.25805	0.01364	0.02604	0.01120	0.00796	0.00423	0.00386	0.00121	0.00449	0.00376	0.00266	0.00535
6	0.00887	0.00848	0.01446	0.21776	0.65263	0.00887	0.01138	0.01118	0.00839	0.01176	0.00704	0.00956	0.00579	0.00348	0.00376	0.00116	0.00463	0.00338	0.00183	0.00559
7	0.00800	0.00729	0.01163	0.04447	0.51171	0.00738	0.00889	0.01053	0.07543	0.01187	0.01213	0.21056	0.03306	0.00585	0.00407	0.00126	0.00377	0.02447	0.00250	0.00513
8	0.00815	0.00690	0.00788	0.00797	0.05909	0.00769	0.00567	0.01565	0.56000	0.01419	0.04912	0.21258	0.01535	0.00671	0.00411	0.00133	0.00286	0.00585	0.00367	0.00523
9	0.00552	0.00368	0.00414	0.00414	0.00414	0.00368	0.00230	0.00552	0.00552	0.00735	0.01195	0.02482	0.01379	0.86672	0.01930	0.00368	0.00368	0.00552	0.00230	0.00230

[dist]
# distance from previous block
# <min> <max>
0	1

# created by:
# /st0/software/busco_prod/Augustus/scripts/msa2prfl.pl ./align_prep/28029.fa
