[name]
unknown

[dist]
# distance from previous block
# <min> <max>
9	876

[block]
# block no. 0 follows, 74 sequences, length 10
# corresponding to MSA columns:
# 897-906
name=unknown_A
#
# <colnr> <probs for GDERKNQSTAVLIFYWHMCP>
#	G	D	E	R	K	N	Q	S	T	A	V	L	I	F	Y	W	H	M	C	P
0	0.79145	0.00751	0.00739	0.00615	0.00862	0.00845	0.10151	0.01103	0.00660	0.01609	0.00544	0.00650	0.00421	0.00341	0.00254	0.00116	0.00327	0.00229	0.00225	0.00414
1	0.00959	0.01073	0.02590	0.10403	0.09530	0.27469	0.10443	0.02528	0.08460	0.01094	0.04292	0.04457	0.08380	0.00492	0.00436	0.00117	0.06190	0.00403	0.00233	0.00452
2	0.00471	0.00337	0.00452	0.00518	0.00544	0.00330	0.00351	0.00540	0.00679	0.00915	0.01816	0.66896	0.02137	0.09205	0.12711	0.00233	0.00339	0.00915	0.00313	0.00299
3	0.00813	0.00791	0.01260	0.50594	0.33692	0.04453	0.01059	0.01044	0.00795	0.01047	0.00671	0.00949	0.00529	0.00356	0.00368	0.00117	0.00482	0.00326	0.00173	0.00480
4	0.00977	0.03031	0.06058	0.04123	0.26826	0.02218	0.00843	0.11902	0.14933	0.06117	0.04135	0.02505	0.00821	0.00452	0.00467	0.00119	0.10491	0.00362	0.00264	0.03358
5	0.12259	0.00727	0.00955	0.07792	0.07466	0.02482	0.08822	0.09312	0.10915	0.09981	0.11242	0.02466	0.08640	0.00546	0.01900	0.00127	0.01962	0.00428	0.00303	0.01675
6	0.03264	0.01038	0.04146	0.03329	0.13853	0.15495	0.09641	0.17155	0.03634	0.09852	0.00816	0.00908	0.00615	0.00420	0.01977	0.00113	0.00466	0.00315	0.00261	0.12701
7	0.00869	0.02044	0.03960	0.25441	0.38368	0.04025	0.04476	0.05301	0.03315	0.01176	0.02069	0.01037	0.02713	0.00417	0.01593	0.00123	0.02017	0.00348	0.00200	0.00511
8	0.10073	0.03175	0.01321	0.07900	0.39810	0.06384	0.07627	0.09997	0.00924	0.05102	0.00719	0.00888	0.00569	0.00377	0.00389	0.01585	0.02089	0.00319	0.00219	0.00532
9	0.01004	0.02149	0.13278	0.06281	0.30381	0.03327	0.03057	0.18463	0.02236	0.06651	0.03565	0.03170	0.02823	0.00452	0.01432	0.00120	0.00440	0.00366	0.00254	0.00551

[dist]
# distance from previous block
# <min> <max>
3	23

[block]
# block no. 1 follows, 74 sequences, length 33
# corresponding to MSA columns:
# 930-962
name=unknown_B
#
# <colnr> <probs for GDERKNQSTAVLIFYWHMCP>
#	G	D	E	R	K	N	Q	S	T	A	V	L	I	F	Y	W	H	M	C	P
0	0.09775	0.39403	0.20723	0.00814	0.02931	0.08928	0.01799	0.08633	0.00873	0.02208	0.00608	0.00693	0.00491	0.00348	0.00291	0.00098	0.00450	0.00240	0.00192	0.00500
1	0.09150	0.24888	0.23586	0.00881	0.06673	0.07358	0.02700	0.01164	0.02672	0.05701	0.05912	0.02676	0.01952	0.00406	0.00336	0.00106	0.01929	0.00308	0.00213	0.01386
2	0.04052	0.20071	0.31754	0.04921	0.05138	0.08365	0.07078	0.02093	0.02655	0.05775	0.00723	0.02701	0.00570	0.00371	0.00333	0.00107	0.00482	0.00295	0.00196	0.02319
3	0.14440	0.21640	0.17684	0.02311	0.08043	0.02182	0.06875	0.06816	0.00874	0.12539	0.01573	0.00832	0.00581	0.00363	0.00318	0.00106	0.00422	0.00283	0.00232	0.01886
4	0.00809	0.15325	0.60653	0.00983	0.01459	0.00963	0.04679	0.02196	0.06001	0.01166	0.00701	0.00802	0.00520	0.00355	0.00339	0.00111	0.00506	0.00278	0.00176	0.01979
5	0.24520	0.11509	0.23752	0.00799	0.04145	0.04879	0.00768	0.01228	0.10030	0.05181	0.01597	0.00902	0.00628	0.03880	0.02134	0.00132	0.02925	0.00285	0.00224	0.00481
6	0.00547	0.02191	0.02731	0.00518	0.00579	0.00440	0.00383	0.00639	0.00632	0.00879	0.09411	0.01968	0.02671	0.35400	0.38949	0.00425	0.00627	0.00480	0.00230	0.00300
7	0.00478	0.00366	0.00443	0.00456	0.00540	0.00331	0.00334	0.00596	0.00874	0.01152	0.30486	0.23634	0.32212	0.00994	0.03138	0.00145	0.00220	0.02915	0.00362	0.00324
8	0.01023	0.80491	0.01875	0.00660	0.00968	0.08045	0.00642	0.01140	0.00778	0.00876	0.00521	0.00601	0.00476	0.00323	0.00246	0.00081	0.00418	0.00202	0.00161	0.00473
9	0.01550	0.04642	0.00978	0.00711	0.01002	0.00753	0.00592	0.24172	0.01231	0.56981	0.01250	0.01122	0.00813	0.00446	0.00365	0.00111	0.00344	0.00352	0.00418	0.02166
10	0.03679	0.00761	0.01157	0.04962	0.27583	0.00749	0.06826	0.06086	0.06391	0.31176	0.05985	0.01180	0.00905	0.00421	0.00376	0.00115	0.00381	0.00376	0.00319	0.00573
11	0.05377	0.00789	0.01031	0.00819	0.01074	0.00819	0.10409	0.21258	0.16216	0.25380	0.02167	0.03540	0.03554	0.00500	0.00409	0.00122	0.02904	0.02712	0.00361	0.00561
12	0.01349	0.01009	0.01079	0.00842	0.01128	0.01122	0.00691	0.73098	0.12150	0.02240	0.00970	0.00954	0.00695	0.00453	0.00372	0.00113	0.00394	0.00345	0.00372	0.00626
13	0.02312	0.00703	0.01144	0.69980	0.11584	0.00842	0.01010	0.04867	0.00804	0.02285	0.00684	0.00974	0.00516	0.00371	0.00368	0.00121	0.00479	0.00329	0.00182	0.00445
14	0.00877	0.00839	0.01431	0.18440	0.68806	0.00871	0.01118	0.01102	0.00825	0.01162	0.00691	0.00932	0.00570	0.00339	0.00368	0.00113	0.00451	0.00331	0.00180	0.00554
15	0.00447	0.00376	0.00387	0.00385	0.00506	0.00317	0.00289	0.00549	0.00866	0.01049	0.11455	0.03496	0.76766	0.00923	0.00439	0.00125	0.00187	0.00773	0.00351	0.00317
16	0.00452	0.00323	0.00431	0.00517	0.00538	0.00301	0.00345	0.00517	0.00711	0.00948	0.02046	0.86713	0.02455	0.01163	0.00474	0.00151	0.00215	0.01055	0.00345	0.00301
17	0.00931	0.09535	0.02012	0.01466	0.08115	0.03460	0.61466	0.04934	0.02101	0.01209	0.00736	0.00946	0.00565	0.00326	0.00406	0.00118	0.00576	0.00395	0.00196	0.00510
18	0.00467	0.00336	0.00447	0.00531	0.00562	0.00315	0.00370	0.00544	0.00730	0.00966	0.02082	0.75748	0.04580	0.01142	0.00477	0.00152	0.00228	0.09672	0.00344	0.00306
19	0.01665	0.00632	0.00861	0.00660	0.00948	0.00546	0.00546	0.01809	0.01062	0.84897	0.01464	0.01263	0.00919	0.00459	0.00373	0.00115	0.00316	0.00373	0.00459	0.00632
20	0.00832	0.00793	0.01349	0.35774	0.51824	0.00859	0.01096	0.01063	0.00804	0.01107	0.00683	0.00947	0.00551	0.00347	0.00369	0.00116	0.00462	0.00330	0.00176	0.00518
21	0.00827	0.09939	0.65588	0.01009	0.03185	0.00903	0.02343	0.03781	0.00833	0.04665	0.03136	0.00853	0.00587	0.00367	0.00347	0.00114	0.00508	0.00288	0.00185	0.00542
22	0.00876	0.01001	0.02190	0.01564	0.01940	0.00939	0.83292	0.01189	0.00876	0.01189	0.00751	0.01001	0.00563	0.00313	0.00438	0.00125	0.00626	0.00438	0.00188	0.00501
23	0.00845	0.00946	0.02037	0.01505	0.04167	0.00888	0.74650	0.01136	0.00863	0.01171	0.00848	0.07533	0.00708	0.00378	0.00439	0.00127	0.00589	0.00482	0.00200	0.00488
24	0.00950	0.23464	0.31466	0.02424	0.02802	0.03675	0.16925	0.06197	0.00875	0.05935	0.00699	0.00814	0.00528	0.00352	0.00351	0.00108	0.01420	0.00297	0.00195	0.00524
25	0.00744	0.01920	0.85032	0.01058	0.01607	0.00862	0.01371	0.01176	0.00784	0.01176	0.00666	0.00784	0.00470	0.00353	0.00353	0.00118	0.00549	0.00274	0.00157	0.00549
26	0.00466	0.00432	0.04392	0.00468	0.00575	0.00339	0.00365	0.00572	0.00808	0.01022	0.07557	0.32161	0.45894	0.00981	0.00448	0.00134	0.00217	0.02507	0.00339	0.00323
27	0.00914	0.08159	0.45182	0.04481	0.03498	0.03032	0.01784	0.02131	0.00830	0.14321	0.01828	0.01093	0.00695	0.05619	0.02370	0.00140	0.00486	0.02698	0.00223	0.00516
28	0.04024	0.14263	0.32777	0.05111	0.03743	0.04283	0.07608	0.04677	0.00839	0.07152	0.00853	0.03054	0.02110	0.05746	0.00443	0.00128	0.00469	0.02015	0.00211	0.00494
29	0.00750	0.05945	0.77065	0.01020	0.01536	0.00871	0.01300	0.01153	0.00786	0.01158	0.00720	0.00935	0.00549	0.00383	0.00355	0.00118	0.00532	0.04126	0.00166	0.00535
30	0.05016	0.09613	0.59273	0.02393	0.01472	0.06927	0.04805	0.01187	0.00801	0.02904	0.00680	0.02097	0.00513	0.00364	0.00341	0.00113	0.00523	0.00284	0.00174	0.00520
31	0.06419	0.06361	0.22146	0.03772	0.01255	0.25391	0.05919	0.04728	0.06051	0.06775	0.00897	0.02898	0.03288	0.00428	0.00352	0.00112	0.00502	0.01989	0.00230	0.00488
32	0.13086	0.03170	0.07061	0.06070	0.11276	0.03635	0.06269	0.04710	0.06388	0.14803	0.08254	0.02999	0.04001	0.03057	0.02627	0.00136	0.01298	0.00391	0.00282	0.00488

[dist]
# distance from previous block
# <min> <max>
29	82

[block]
# block no. 2 follows, 74 sequences, length 20
# corresponding to MSA columns:
# 1045-1064
name=unknown_C
#
# <colnr> <probs for GDERKNQSTAVLIFYWHMCP>
#	G	D	E	R	K	N	Q	S	T	A	V	L	I	F	Y	W	H	M	C	P
0	0.00770	0.18110	0.50457	0.05901	0.01448	0.00929	0.06281	0.01091	0.00793	0.01100	0.03065	0.01029	0.06684	0.00398	0.00346	0.00112	0.00485	0.00321	0.00180	0.00501
1	0.05882	0.03318	0.30942	0.00772	0.01058	0.06826	0.05152	0.00953	0.00840	0.01181	0.17809	0.04478	0.10504	0.05407	0.02212	0.00141	0.00413	0.01435	0.00249	0.00428
2	0.00773	0.04317	0.20190	0.00622	0.00855	0.00536	0.00607	0.00966	0.00867	0.15092	0.16438	0.10393	0.15944	0.05138	0.00468	0.00131	0.00310	0.00543	0.05380	0.00430
3	0.00767	0.11521	0.49530	0.00898	0.01284	0.03486	0.05038	0.01058	0.00758	0.02429	0.00814	0.05907	0.00719	0.11375	0.02739	0.00158	0.00503	0.00355	0.00185	0.00475
4	0.07003	0.00487	0.05292	0.00496	0.00622	0.00403	0.00407	0.00693	0.00898	0.01268	0.37663	0.13454	0.23998	0.00818	0.00427	0.00126	0.00222	0.05022	0.00353	0.00349
5	0.01067	0.57465	0.06522	0.00742	0.01037	0.21221	0.00695	0.01248	0.05248	0.00935	0.00591	0.00666	0.00511	0.00345	0.00275	0.00088	0.00465	0.00224	0.00178	0.00476
6	0.02963	0.06331	0.40690	0.00840	0.01263	0.00792	0.01852	0.07184	0.00880	0.11411	0.00767	0.00834	0.00555	0.00351	0.00329	0.00099	0.00430	0.00273	0.00226	0.21928
7	0.02628	0.08317	0.44866	0.03427	0.15254	0.07969	0.02766	0.07467	0.00888	0.02099	0.00676	0.00801	0.00509	0.00356	0.00346	0.00111	0.00511	0.00284	0.00186	0.00539
8	0.00942	0.62492	0.23337	0.00751	0.01127	0.01302	0.00827	0.03715	0.00793	0.00997	0.00567	0.00653	0.00480	0.00331	0.00272	0.00090	0.00436	0.00222	0.00165	0.00500
9	0.01268	0.02722	0.14533	0.05629	0.01159	0.00662	0.04551	0.06242	0.01004	0.47142	0.03937	0.02984	0.05505	0.00476	0.00377	0.00117	0.00372	0.00397	0.00359	0.00563
10	0.01254	0.00898	0.15979	0.07433	0.10403	0.00683	0.00808	0.05729	0.00985	0.43919	0.01183	0.01313	0.00844	0.00460	0.00379	0.00119	0.00392	0.06308	0.00339	0.00574
11	0.00490	0.00359	0.00467	0.00537	0.00592	0.00336	0.00400	0.00589	0.00778	0.01016	0.05285	0.51291	0.13924	0.01082	0.00477	0.00151	0.00242	0.21323	0.00346	0.00315
12	0.00531	0.00362	0.00434	0.00439	0.00453	0.00367	0.00268	0.00561	0.00588	0.00797	0.05971	0.08765	0.01509	0.66007	0.11120	0.00357	0.00410	0.00571	0.00242	0.00250
13	0.00918	0.17321	0.48600	0.00996	0.01439	0.06457	0.09272	0.04231	0.00855	0.05596	0.00692	0.00793	0.00511	0.00353	0.00341	0.00110	0.00519	0.00282	0.00186	0.00530
14	0.00960	0.02057	0.08512	0.09494	0.26763	0.07769	0.14083	0.10925	0.09436	0.01315	0.00849	0.01090	0.00683	0.00399	0.00381	0.00117	0.00480	0.03924	0.00229	0.00534
15	0.00527	0.00384	0.00545	0.00551	0.00600	0.00430	0.00406	0.00627	0.00593	0.00838	0.01107	0.07876	0.01127	0.20184	0.61887	0.00515	0.00805	0.00475	0.00215	0.00307
16	0.00508	0.00348	0.00419	0.00448	0.00460	0.00339	0.00274	0.00540	0.00627	0.00840	0.05816	0.32306	0.01853	0.52073	0.01312	0.00273	0.00299	0.00729	0.00277	0.00259
17	0.09454	0.05565	0.09046	0.03842	0.28202	0.13907	0.09925	0.01235	0.00861	0.08356	0.00717	0.00853	0.00557	0.00348	0.00344	0.00107	0.00471	0.00301	0.00211	0.05696
18	0.10877	0.05950	0.11606	0.02837	0.18813	0.03301	0.14213	0.10468	0.10346	0.05894	0.00822	0.00923	0.00622	0.00372	0.00354	0.00114	0.00443	0.00328	0.00243	0.01474
19	0.08630	0.07319	0.05026	0.01007	0.10961	0.11047	0.08139	0.23239	0.02186	0.08979	0.05672	0.00971	0.00760	0.00404	0.00350	0.00107	0.00430	0.00327	0.00278	0.04167

[dist]
# distance from previous block
# <min> <max>
0	13

[block]
# block no. 3 follows, 74 sequences, length 21
# corresponding to MSA columns:
# 1078-1098
name=unknown_D
#
# <colnr> <probs for GDERKNQSTAVLIFYWHMCP>
#	G	D	E	R	K	N	Q	S	T	A	V	L	I	F	Y	W	H	M	C	P
0	0.36359	0.01962	0.06079	0.00853	0.05488	0.03369	0.14214	0.07616	0.02175	0.01443	0.00783	0.09166	0.00689	0.00425	0.00324	0.00114	0.00382	0.00352	0.00238	0.07969
1	0.16531	0.00889	0.00959	0.00755	0.01031	0.01970	0.03420	0.41664	0.09994	0.06797	0.02574	0.00941	0.00706	0.00418	0.00341	0.00108	0.00362	0.00320	0.00329	0.09893
2	0.00531	0.00557	0.10444	0.00550	0.00669	0.00436	0.00466	0.00660	0.00698	0.00946	0.06961	0.09823	0.18510	0.19171	0.27576	0.00323	0.00522	0.00569	0.00256	0.00330
3	0.01295	0.01505	0.01005	0.00895	0.01098	0.61464	0.00682	0.11792	0.10536	0.01166	0.00863	0.00908	0.04334	0.00429	0.00349	0.00102	0.00572	0.00296	0.00242	0.00468
4	0.00452	0.00323	0.00431	0.00517	0.00538	0.00301	0.00345	0.00517	0.00711	0.00948	0.02046	0.86713	0.02455	0.01163	0.00474	0.00151	0.00215	0.01055	0.00345	0.00301
5	0.12852	0.00651	0.00827	0.00643	0.00923	0.00595	0.00531	0.03444	0.01022	0.72554	0.01332	0.01171	0.00847	0.00444	0.00355	0.00115	0.00314	0.00351	0.00428	0.00602
6	0.01033	0.78758	0.01864	0.00657	0.00972	0.01438	0.00642	0.09156	0.00851	0.01017	0.00553	0.00624	0.00491	0.00330	0.00251	0.00083	0.00398	0.00212	0.00180	0.00491
7	0.00915	0.00894	0.01573	0.02209	0.76555	0.00887	0.09170	0.01144	0.00848	0.01210	0.00703	0.00927	0.00586	0.00329	0.00374	0.00112	0.00459	0.00341	0.00184	0.00579
8	0.00448	0.00376	0.00389	0.00386	0.00507	0.00317	0.00290	0.00551	0.00869	0.01057	0.12770	0.03483	0.75446	0.00920	0.00439	0.00124	0.00187	0.00771	0.00352	0.00317
9	0.00540	0.00386	0.00532	0.00618	0.00678	0.00378	0.00498	0.00669	0.00798	0.01046	0.01997	0.36830	0.02262	0.01080	0.00497	0.00163	0.00292	0.50068	0.00343	0.00326
10	0.01497	0.04053	0.07843	0.00767	0.01065	0.13710	0.03369	0.01661	0.01021	0.59320	0.01204	0.01100	0.00787	0.00429	0.00363	0.00111	0.00402	0.00340	0.00374	0.00584
11	0.01057	0.00907	0.03801	0.14384	0.39604	0.00931	0.00961	0.23995	0.03545	0.05979	0.00810	0.00950	0.00616	0.00381	0.00369	0.00114	0.00432	0.00335	0.00253	0.00575
12	0.00444	0.00370	0.00387	0.00397	0.00508	0.00313	0.00292	0.00537	0.00837	0.01014	0.06553	0.13745	0.71408	0.00961	0.00443	0.00128	0.00191	0.00813	0.00347	0.00313
13	0.00896	0.00920	0.08831	0.28191	0.17783	0.03911	0.15600	0.01136	0.00813	0.08715	0.00746	0.00967	0.00568	0.00425	0.01980	0.00131	0.07345	0.00346	0.00200	0.00493
14	0.00805	0.01487	0.55647	0.01042	0.03961	0.00779	0.10741	0.01150	0.00824	0.08086	0.01077	0.03098	0.08781	0.00432	0.00376	0.00120	0.00492	0.00371	0.00209	0.00522
15	0.00871	0.00789	0.01277	0.04486	0.57029	0.00800	0.02927	0.03774	0.02452	0.03551	0.01097	0.04601	0.08895	0.02379	0.00444	0.00122	0.03339	0.00413	0.00223	0.00530
16	0.00836	0.01651	0.62912	0.01176	0.07106	0.00865	0.11310	0.03521	0.00840	0.05285	0.00724	0.00846	0.00516	0.00354	0.00366	0.00118	0.00536	0.00305	0.00183	0.00552
17	0.00907	0.02917	0.09803	0.00967	0.09227	0.03125	0.07597	0.11326	0.06669	0.08825	0.01362	0.06909	0.02966	0.00640	0.00421	0.00134	0.00400	0.25021	0.00302	0.00482
18	0.04060	0.04191	0.31531	0.03791	0.13282	0.03230	0.18341	0.02252	0.02430	0.01191	0.01601	0.02480	0.01463	0.01201	0.00388	0.00120	0.00497	0.04321	0.00197	0.03432
19	0.00889	0.06917	0.05384	0.02851	0.13225	0.00816	0.13598	0.10914	0.08039	0.05489	0.03795	0.11101	0.03015	0.00569	0.00441	0.01051	0.03476	0.07664	0.00276	0.00489
20	0.03487	0.03059	0.26962	0.01087	0.08525	0.05656	0.14957	0.06229	0.02040	0.09660	0.00945	0.10423	0.00804	0.00464	0.00389	0.00119	0.01374	0.01577	0.00240	0.02002

[dist]
# distance from previous block
# <min> <max>
0	21

[block]
# block no. 4 follows, 74 sequences, length 97
# corresponding to MSA columns:
# 1120-1216
name=unknown_E
#
# <colnr> <probs for GDERKNQSTAVLIFYWHMCP>
#	G	D	E	R	K	N	Q	S	T	A	V	L	I	F	Y	W	H	M	C	P
0	0.16284	0.08969	0.09502	0.03693	0.05190	0.05097	0.07831	0.06030	0.04451	0.13161	0.04420	0.01087	0.02439	0.00418	0.00352	0.00111	0.01846	0.02395	0.00264	0.06460
1	0.09746	0.05386	0.21506	0.05912	0.07498	0.09738	0.02323	0.04103	0.03302	0.06646	0.03707	0.06915	0.00796	0.00435	0.00344	0.00109	0.00424	0.01038	0.00235	0.09840
2	0.07398	0.06483	0.12938	0.30507	0.08005	0.01897	0.04358	0.06858	0.01618	0.07309	0.00808	0.03102	0.00645	0.00409	0.00356	0.00117	0.00444	0.03131	0.00221	0.03398
3	0.02001	0.00781	0.03056	0.14083	0.05559	0.03550	0.08132	0.06369	0.02290	0.02006	0.06230	0.00983	0.00751	0.00356	0.00344	0.00089	0.01439	0.00308	0.00231	0.41444
4	0.15348	0.09964	0.09173	0.03358	0.04261	0.02095	0.13937	0.05751	0.06966	0.03247	0.09471	0.01186	0.04339	0.00425	0.00345	0.00109	0.00388	0.01042	0.00252	0.08342
5	0.02038	0.34161	0.34335	0.04101	0.01308	0.07280	0.02393	0.05204	0.00848	0.04261	0.00643	0.00737	0.00500	0.00350	0.00310	0.00101	0.00480	0.00254	0.00184	0.00512
6	0.50908	0.00711	0.00766	0.01732	0.11031	0.00751	0.00543	0.01315	0.00791	0.27032	0.00830	0.00848	0.00584	0.00378	0.00292	0.00114	0.00317	0.00271	0.00294	0.00495
7	0.00574	0.00401	0.00521	0.00477	0.00583	0.00364	0.00361	0.00748	0.01037	0.04165	0.77676	0.02626	0.03275	0.00726	0.00428	0.00114	0.00185	0.00640	0.00401	0.04700
8	0.00988	0.00650	0.08272	0.00717	0.02032	0.00521	0.04608	0.02644	0.00876	0.31314	0.01499	0.21954	0.01394	0.05708	0.04680	0.00169	0.00370	0.10793	0.00346	0.00465
9	0.00462	0.00328	0.00431	0.00506	0.00528	0.00308	0.00335	0.00526	0.00711	0.00951	0.05367	0.76423	0.02408	0.08103	0.00587	0.00166	0.00225	0.00998	0.00337	0.00297
10	0.00770	0.00660	0.00770	0.00550	0.00880	0.00495	0.00440	0.00935	0.00770	0.01210	0.00660	0.00770	0.00550	0.00275	0.00275	0.00055	0.00275	0.00220	0.00220	0.89224
11	0.00775	0.02033	0.16301	0.00652	0.01017	0.00587	0.00620	0.01943	0.01691	0.01215	0.00684	0.00813	0.00558	0.00302	0.00293	0.00069	0.00329	0.01082	0.00212	0.68822
12	0.00873	0.00835	0.01414	0.12073	0.71503	0.00852	0.01091	0.01092	0.00833	0.01173	0.00820	0.01036	0.04031	0.00361	0.00371	0.00112	0.00437	0.00349	0.00188	0.00556
13	0.00519	0.00378	0.00487	0.00462	0.00551	0.00347	0.00346	0.00686	0.01031	0.01448	0.77813	0.04577	0.08406	0.00778	0.00439	0.00118	0.00177	0.00686	0.00403	0.00347
14	0.00450	0.00376	0.00390	0.00387	0.00506	0.00318	0.00289	0.00551	0.00865	0.01053	0.12690	0.03468	0.74339	0.02111	0.00459	0.00128	0.00189	0.00768	0.00350	0.00316
15	0.00971	0.00992	0.19952	0.16078	0.16076	0.00760	0.09825	0.02541	0.00876	0.19096	0.02114	0.04033	0.00781	0.00433	0.00384	0.00121	0.00452	0.03737	0.00252	0.00526
16	0.01422	0.00578	0.00783	0.00619	0.00864	0.00504	0.00504	0.01572	0.01060	0.67070	0.19199	0.01586	0.01471	0.00523	0.00387	0.00115	0.00286	0.00437	0.00449	0.00572
17	0.00530	0.00398	0.00597	0.00597	0.00663	0.00464	0.00464	0.00663	0.00597	0.00862	0.00994	0.01458	0.00928	0.02784	0.85484	0.00597	0.00994	0.00398	0.00199	0.00331
18	0.05068	0.01133	0.26199	0.00874	0.01195	0.00874	0.06293	0.12330	0.30476	0.01495	0.05610	0.04877	0.00982	0.00473	0.00374	0.00121	0.00397	0.00397	0.00291	0.00542
19	0.02024	0.00811	0.01241	0.01496	0.39384	0.00831	0.08737	0.01387	0.24084	0.07943	0.01193	0.01287	0.05887	0.00434	0.00382	0.00118	0.00389	0.01538	0.00273	0.00561
20	0.00489	0.00376	0.00448	0.00434	0.00534	0.00334	0.00324	0.00629	0.00959	0.01281	0.50254	0.06534	0.34372	0.00845	0.00440	0.00121	0.00182	0.00730	0.00382	0.00334
21	0.83015	0.00734	0.00650	0.00556	0.00795	0.00835	0.05445	0.01107	0.00652	0.02741	0.00544	0.00636	0.00419	0.00344	0.00244	0.00115	0.00308	0.00218	0.00230	0.00411
22	0.00899	0.01038	0.15112	0.01105	0.02201	0.00878	0.31385	0.14575	0.14617	0.01423	0.04017	0.08065	0.00932	0.00466	0.00407	0.00124	0.00469	0.01500	0.00266	0.00521
23	0.00552	0.00435	0.00476	0.00470	0.00585	0.00404	0.00348	0.09650	0.00915	0.01151	0.05715	0.25720	0.50349	0.00940	0.00441	0.00130	0.00219	0.00804	0.00350	0.00346
24	0.00459	0.00328	0.00438	0.00524	0.00548	0.00307	0.00356	0.00528	0.00717	0.00955	0.02042	0.83110	0.02441	0.01157	0.00475	0.00152	0.00221	0.04595	0.00344	0.00303
25	0.01168	0.00915	0.01201	0.06874	0.23591	0.00989	0.02957	0.38054	0.10663	0.06883	0.00919	0.00985	0.00681	0.00418	0.00388	0.00115	0.01954	0.00348	0.00305	0.00593
26	0.00953	0.00789	0.00913	0.17612	0.01289	0.02256	0.00680	0.07949	0.54370	0.05550	0.02769	0.01277	0.00990	0.00473	0.00376	0.00123	0.00347	0.00395	0.00337	0.00552
27	0.00599	0.00351	0.00521	0.00521	0.00545	0.00375	0.00370	0.00551	0.00527	0.00726	0.00791	0.01297	0.00774	0.05070	0.31883	0.53771	0.00567	0.00358	0.00177	0.00225
28	0.00847	0.00761	0.01015	0.30134	0.11798	0.00884	0.00807	0.01520	0.45269	0.01304	0.01120	0.01192	0.00848	0.00437	0.00374	0.00123	0.00381	0.00378	0.00281	0.00528
29	0.00954	0.00878	0.01130	0.02320	0.01042	0.02682	0.00790	0.19260	0.00842	0.01216	0.00581	0.00830	0.00519	0.00595	0.01000	0.00149	0.64219	0.00325	0.00209	0.00457
30	0.89577	0.00718	0.00546	0.00488	0.00718	0.00833	0.00402	0.01091	0.00632	0.01665	0.00517	0.00603	0.00402	0.00345	0.00230	0.00115	0.00287	0.00201	0.00230	0.00402
31	0.00893	0.00856	0.01460	0.12178	0.74941	0.00875	0.01126	0.01117	0.00833	0.01181	0.00694	0.00927	0.00577	0.00335	0.00368	0.00112	0.00447	0.00331	0.00182	0.00567
32	0.00453	0.00324	0.00432	0.00516	0.00539	0.00302	0.00345	0.00520	0.00717	0.00957	0.03464	0.85268	0.02473	0.01156	0.00473	0.00150	0.00215	0.01049	0.00346	0.00302
33	0.00770	0.00660	0.00770	0.00550	0.00880	0.00495	0.00440	0.00935	0.00770	0.01210	0.00660	0.00770	0.00550	0.00275	0.00275	0.00055	0.00275	0.00220	0.00220	0.89224
34	0.00910	0.00874	0.01492	0.05447	0.81536	0.00880	0.01135	0.01132	0.00841	0.01203	0.00697	0.00921	0.00584	0.00332	0.00368	0.00111	0.00443	0.00331	0.00183	0.00581
35	0.00691	0.00386	0.00514	0.00539	0.00618	0.00350	0.00382	0.00773	0.00786	0.17538	0.02002	0.66406	0.05529	0.01015	0.00452	0.00143	0.00234	0.00909	0.00367	0.00367
36	0.00540	0.00360	0.00405	0.00405	0.00405	0.00360	0.00225	0.00540	0.00540	0.00720	0.01170	0.02429	0.01349	0.86955	0.01889	0.00360	0.00360	0.00540	0.00225	0.00225
37	0.00919	0.00882	0.01507	0.02278	0.84640	0.00882	0.01139	0.01139	0.00845	0.01213	0.00698	0.00919	0.00588	0.00331	0.00367	0.00110	0.00441	0.00331	0.00184	0.00588
38	0.00501	0.00390	0.00478	0.03958	0.00618	0.00356	0.00354	0.00650	0.00964	0.01291	0.51963	0.02987	0.32519	0.00808	0.00435	0.00120	0.00193	0.00698	0.00376	0.00340
39	0.00447	0.00352	0.00404	0.00442	0.00520	0.00309	0.00312	0.00530	0.00789	0.00989	0.04941	0.41450	0.45126	0.01037	0.00455	0.00137	0.00200	0.00905	0.00346	0.00309
40	0.00770	0.00660	0.00770	0.00550	0.00880	0.00495	0.00440	0.00935	0.00770	0.01210	0.00660	0.00770	0.00550	0.00275	0.00275	0.00055	0.00275	0.00220	0.00220	0.89224
41	0.01223	0.00922	0.00988	0.00797	0.01058	0.01024	0.00645	0.51301	0.27999	0.04695	0.01226	0.01172	0.04253	0.00485	0.00376	0.00117	0.00360	0.00381	0.00375	0.00604
42	0.00464	0.00395	0.03910	0.00525	0.00579	0.00327	0.00381	0.00549	0.00732	0.00972	0.03658	0.74014	0.09912	0.01102	0.00465	0.00146	0.00226	0.00991	0.00338	0.00314
43	0.00973	0.01010	0.01261	0.21071	0.40970	0.19307	0.00973	0.04282	0.00909	0.01140	0.04117	0.00956	0.00664	0.00373	0.00364	0.00110	0.00491	0.00325	0.00197	0.00505
44	0.01365	0.01734	0.01054	0.03637	0.01192	0.82799	0.00727	0.01465	0.01042	0.00910	0.00576	0.00679	0.00479	0.00382	0.00336	0.00097	0.00664	0.00242	0.00190	0.00430
45	0.00645	0.00322	0.00484	0.00484	0.00484	0.00322	0.00322	0.00484	0.00484	0.00645	0.00645	0.01128	0.00645	0.01289	0.01451	0.89201	0.00322	0.00322	0.00161	0.00161
46	0.00799	0.01437	0.43564	0.04482	0.01769	0.00884	0.37277	0.01165	0.00825	0.01176	0.01537	0.00907	0.00543	0.00339	0.00391	0.00120	0.00573	0.00351	0.00174	0.01687
47	0.01011	0.81743	0.01908	0.00659	0.00976	0.01446	0.01817	0.05132	0.00804	0.00949	0.00538	0.00616	0.00485	0.00324	0.00248	0.00082	0.00401	0.00209	0.00170	0.00484
48	0.00505	0.00371	0.00473	0.00464	0.00546	0.00339	0.00342	0.00654	0.00976	0.01352	0.62958	0.15552	0.12407	0.00840	0.00443	0.00123	0.00183	0.00742	0.00392	0.00339
49	0.00456	0.00332	0.00431	0.00503	0.00539	0.00307	0.00342	0.00531	0.00742	0.00981	0.06230	0.73736	0.10188	0.01120	0.00469	0.00147	0.00212	0.02080	0.00348	0.00306
50	0.00527	0.00391	0.00556	0.00556	0.00614	0.00440	0.00417	0.00637	0.00600	0.00846	0.01157	0.01714	0.05076	0.15959	0.68156	0.00536	0.00855	0.00439	0.00210	0.00314
51	0.00516	0.00375	0.00486	0.00467	0.00551	0.00345	0.00347	0.00679	0.01015	0.01425	0.74441	0.09612	0.06752	0.00799	0.00441	0.00120	0.00179	0.00707	0.00401	0.00345
52	0.00895	0.00768	0.00814	0.00741	0.00939	0.00885	0.00573	0.01884	0.78905	0.01516	0.01543	0.06575	0.01213	0.00544	0.00384	0.00127	0.00289	0.00458	0.00376	0.00570
53	0.01247	0.07022	0.01378	0.01079	0.02387	0.52141	0.19988	0.05398	0.01023	0.03971	0.00660	0.00777	0.00522	0.00367	0.00356	0.00103	0.00614	0.00293	0.00206	0.00469
54	0.00770	0.00660	0.00770	0.00550	0.00880	0.00495	0.00440	0.00935	0.00770	0.01210	0.00660	0.00770	0.00550	0.00275	0.00275	0.00055	0.00275	0.00220	0.00220	0.89224
55	0.00845	0.12022	0.55251	0.00996	0.01463	0.02965	0.08597	0.01196	0.01766	0.04654	0.00696	0.00804	0.00511	0.00347	0.00342	0.00109	0.00509	0.00281	0.00180	0.06466
56	0.05700	0.06832	0.18628	0.03771	0.06234	0.03507	0.05429	0.18138	0.12395	0.12668	0.00945	0.01019	0.00696	0.00415	0.00357	0.00115	0.00426	0.01885	0.00283	0.00557
57	0.00645	0.00322	0.00484	0.00484	0.00484	0.00322	0.00322	0.00484	0.00484	0.00645	0.00645	0.01128	0.00645	0.01289	0.01451	0.89201	0.00322	0.00322	0.00161	0.00161
58	0.01158	0.00914	0.00972	0.00803	0.01055	0.01033	0.00644	0.41242	0.44316	0.01932	0.01212	0.01147	0.00891	0.00476	0.00375	0.00119	0.00349	0.00378	0.00375	0.00609
59	0.00810	0.00714	0.00789	0.00580	0.00898	0.03740	0.00462	0.02133	0.05317	0.01232	0.00706	0.00801	0.00580	0.00294	0.00284	0.00061	0.00293	0.00233	0.00229	0.79843
60	0.00942	0.01047	0.01349	0.01099	0.01220	0.18189	0.18750	0.01077	0.00733	0.00961	0.00562	0.00824	0.00502	0.00522	0.00869	0.00141	0.50274	0.00332	0.00174	0.00432
61	0.01077	0.00523	0.00683	0.00572	0.00758	0.00474	0.00453	0.05225	0.01064	0.39196	0.35409	0.06273	0.05424	0.00636	0.00407	0.00118	0.00253	0.00544	0.00424	0.00487
62	0.00594	0.00432	0.00504	0.00476	0.00585	0.00424	0.00360	0.00878	0.12435	0.01415	0.49188	0.02477	0.13861	0.00698	0.00402	0.00115	0.00193	0.00602	0.13983	0.00377
63	0.00530	0.00390	0.00569	0.00573	0.00632	0.00446	0.00435	0.00649	0.00600	0.00862	0.01063	0.05701	0.01038	0.09631	0.73149	0.00548	0.00891	0.00441	0.01531	0.00321
64	0.00751	0.01875	0.80986	0.01083	0.01623	0.00866	0.05372	0.01176	0.00788	0.01176	0.00670	0.00794	0.00475	0.00351	0.00357	0.00118	0.00552	0.00282	0.00158	0.00546
65	0.13278	0.00643	0.00820	0.00638	0.00917	0.00583	0.00527	0.01714	0.01006	0.73902	0.01339	0.01176	0.00851	0.00444	0.00354	0.00115	0.00312	0.00351	0.00429	0.00601
66	0.00923	0.00797	0.00839	0.00755	0.00965	0.00923	0.00588	0.01972	0.83969	0.01553	0.01511	0.01385	0.01133	0.00504	0.00378	0.00126	0.00294	0.00420	0.00378	0.00588
67	0.00907	0.00870	0.01486	0.06704	0.80304	0.00879	0.01133	0.01129	0.00840	0.01199	0.00696	0.00922	0.00583	0.00333	0.00368	0.00111	0.00444	0.00331	0.00183	0.00579
68	0.00459	0.00327	0.00434	0.00517	0.00539	0.00307	0.00346	0.00524	0.00708	0.00943	0.02011	0.81499	0.02405	0.04424	0.00529	0.00159	0.00224	0.03008	0.00340	0.00300
69	0.00540	0.00360	0.00405	0.00405	0.00405	0.00360	0.00225	0.00540	0.00540	0.00720	0.01170	0.02429	0.01349	0.86955	0.01889	0.00360	0.00360	0.00540	0.00225	0.00225
70	0.00522	0.00379	0.00492	0.00464	0.00553	0.00349	0.00348	0.00694	0.01043	0.01470	0.81374	0.02803	0.06584	0.00766	0.00438	0.00117	0.00176	0.00676	0.00406	0.00349
71	0.01411	0.01040	0.01114	0.00854	0.01151	0.01151	0.00706	0.83402	0.01745	0.02339	0.00891	0.00891	0.00631	0.00446	0.00371	0.00111	0.00408	0.00334	0.00371	0.00631
72	0.01370	0.01709	0.01046	0.00945	0.01141	0.79529	0.00712	0.04143	0.04229	0.00979	0.00620	0.00704	0.00508	0.00389	0.00338	0.00097	0.00647	0.00249	0.00204	0.00443
73	0.00475	0.00347	0.00482	0.00547	0.00580	0.00327	0.02371	0.00549	0.00716	0.00953	0.01971	0.76002	0.02341	0.04940	0.00538	0.00161	0.00239	0.05819	0.00335	0.00305
74	0.08242	0.04473	0.01281	0.03726	0.03430	0.04729	0.21175	0.18151	0.18398	0.01509	0.00887	0.00966	0.00673	0.00384	0.00360	0.00110	0.00428	0.00344	0.00270	0.10463
75	0.01511	0.00724	0.00907	0.00691	0.00985	0.00673	0.00569	0.19594	0.01180	0.57627	0.01251	0.01128	0.00815	0.00436	0.00362	0.00108	0.00332	0.00348	0.00414	0.10347
76	0.01070	0.04329	0.01320	0.07529	0.45314	0.18670	0.00945	0.06923	0.00945	0.05209	0.00709	0.00869	0.00571	0.00361	0.00366	0.00107	0.01703	0.00306	0.00210	0.02545
77	0.07666	0.05497	0.50026	0.01223	0.10704	0.00904	0.16497	0.01165	0.00795	0.01206	0.00667	0.00816	0.00495	0.00341	0.00355	0.00116	0.00524	0.00302	0.00171	0.00529
78	0.01642	0.00670	0.00885	0.00678	0.00967	0.00602	0.00560	0.09421	0.01126	0.77194	0.01411	0.01229	0.00892	0.00458	0.00373	0.00115	0.00324	0.00370	0.00451	0.00632
79	0.00923	0.01104	0.15047	0.01366	0.01752	0.00894	0.59013	0.01281	0.05517	0.08049	0.00838	0.01010	0.00609	0.00342	0.00416	0.00123	0.00570	0.00406	0.00216	0.00524
80	0.00893	0.00816	0.01370	0.14141	0.63120	0.00835	0.02134	0.01124	0.02198	0.04340	0.01848	0.01070	0.03711	0.00371	0.00373	0.00113	0.00432	0.00356	0.00203	0.00550
81	0.00539	0.00361	0.00412	0.00412	0.00415	0.00364	0.00234	0.00544	0.00542	0.00725	0.01163	0.02392	0.01334	0.83772	0.05050	0.00369	0.00384	0.00534	0.00224	0.00229
82	0.00486	0.00372	0.00446	0.00440	0.00534	0.00332	0.00325	0.00620	0.00940	0.01255	0.46505	0.12242	0.32422	0.00868	0.00442	0.00124	0.00184	0.00753	0.00379	0.00332
83	0.01061	0.01509	0.24155	0.00968	0.01260	0.36277	0.06016	0.08245	0.02552	0.01134	0.00811	0.00926	0.04197	0.00532	0.04555	0.00134	0.04677	0.00308	0.00206	0.00476
84	0.05720	0.04444	0.04751	0.00707	0.02817	0.10519	0.02424	0.06050	0.04603	0.06398	0.01725	0.19687	0.14515	0.00739	0.00408	0.00129	0.00348	0.13296	0.00306	0.00414
85	0.00509	0.00379	0.00474	0.00450	0.00545	0.00343	0.00338	0.00669	0.01013	0.01398	0.69470	0.02921	0.18532	0.00792	0.00438	0.00118	0.00178	0.00692	0.00397	0.00343
86	0.00455	0.00325	0.00434	0.00520	0.00543	0.00304	0.00350	0.00522	0.00714	0.00951	0.02044	0.84987	0.02448	0.01160	0.00475	0.00151	0.00218	0.02751	0.00345	0.00302
87	0.00459	0.00329	0.00445	0.00524	0.00549	0.00315	0.00355	0.00529	0.00701	0.00940	0.01957	0.79514	0.02326	0.01300	0.07652	0.00188	0.00281	0.01000	0.00332	0.00304
88	0.00810	0.20625	0.39153	0.00802	0.01226	0.00885	0.00907	0.01098	0.01926	0.01124	0.00642	0.00745	0.00505	0.00323	0.00303	0.00090	0.00426	0.00242	0.00180	0.27988
89	0.00729	0.00688	0.01164	0.75281	0.13120	0.00832	0.01045	0.00973	0.00755	0.00982	0.00665	0.00980	0.00507	0.00366	0.00371	0.00122	0.00488	0.00330	0.00167	0.00435
90	0.00538	0.00363	0.00419	0.00414	0.00428	0.00358	0.00244	0.00565	0.00619	0.00838	0.14001	0.02482	0.01681	0.73673	0.01666	0.00322	0.00331	0.00560	0.00253	0.00244
91	0.00712	0.00668	0.01127	0.72253	0.07520	0.00810	0.02724	0.00949	0.00753	0.00976	0.00741	0.02494	0.00607	0.00415	0.00396	0.00126	0.02118	0.04014	0.00177	0.00420
92	0.00941	0.20101	0.22277	0.01749	0.04664	0.03199	0.09249	0.04432	0.13618	0.07662	0.02769	0.03146	0.00779	0.00465	0.02130	0.00122	0.00449	0.01483	0.00242	0.00523
93	0.01120	0.26563	0.17927	0.00878	0.01201	0.24458	0.03936	0.16174	0.01027	0.01228	0.00649	0.00734	0.00514	0.00367	0.00319	0.00099	0.00510	0.00261	0.01530	0.00505
94	0.00450	0.00374	0.00392	0.00392	0.00509	0.00317	0.00293	0.00552	0.00865	0.01059	0.13341	0.06640	0.71686	0.00927	0.00440	0.00125	0.00188	0.00780	0.00352	0.00317
95	0.00886	0.04931	0.65166	0.03744	0.02394	0.00864	0.01209	0.05249	0.00859	0.10186	0.00757	0.00841	0.00528	0.00368	0.00352	0.00116	0.00508	0.00287	0.00200	0.00555
96	0.00934	0.26102	0.24980	0.00800	0.01140	0.04079	0.00818	0.09322	0.18603	0.01254	0.00843	0.00935	0.00671	0.04162	0.00390	0.00115	0.00422	0.00297	0.00232	0.03900

[dist]
# distance from previous block
# <min> <max>
0	9

[block]
# block no. 5 follows, 74 sequences, length 32
# corresponding to MSA columns:
# 1226-1257
name=unknown_F
#
# <colnr> <probs for GDERKNQSTAVLIFYWHMCP>
#	G	D	E	R	K	N	Q	S	T	A	V	L	I	F	Y	W	H	M	C	P
0	0.01030	0.48976	0.04305	0.00915	0.10197	0.12556	0.04256	0.01226	0.05134	0.03401	0.00644	0.00732	0.00542	0.00340	0.00290	0.00090	0.00440	0.00249	0.00190	0.04486
1	0.00854	0.00864	0.01192	0.01180	0.14230	0.04713	0.00860	0.00957	0.00633	0.00945	0.00524	0.00823	0.00503	0.00588	0.01046	0.00151	0.69013	0.00322	0.00167	0.00436
2	0.01114	0.08892	0.01164	0.01067	0.17811	0.03609	0.00733	0.38212	0.09563	0.01743	0.10312	0.01167	0.00997	0.00457	0.00367	0.00111	0.00383	0.01424	0.00313	0.00562
3	0.00461	0.00330	0.00439	0.00511	0.00540	0.00308	0.00345	0.00540	0.00754	0.01016	0.12448	0.76116	0.02587	0.01112	0.00469	0.00146	0.00210	0.01007	0.00353	0.00308
4	0.01369	0.06065	0.01106	0.00927	0.01138	0.70520	0.00712	0.11791	0.01124	0.01087	0.00611	0.00694	0.00497	0.00387	0.00334	0.00097	0.00622	0.00249	0.00212	0.00458
5	0.00567	0.00446	0.00681	0.00649	0.00736	0.00510	0.04195	0.00756	0.05067	0.00913	0.01011	0.01434	0.00923	0.02551	0.77110	0.00550	0.00940	0.00401	0.00208	0.00353
6	0.00812	0.00812	0.01137	0.00975	0.00975	0.01137	0.00812	0.00893	0.00568	0.00893	0.00487	0.00812	0.00487	0.00650	0.01218	0.00162	0.86276	0.00325	0.00162	0.00406
7	0.00490	0.00396	0.00439	0.00454	0.00554	0.00363	0.00330	0.00660	0.07570	0.01077	0.10471	0.26011	0.47952	0.00949	0.00443	0.00132	0.00203	0.00818	0.00353	0.00336
8	0.00530	0.00398	0.00597	0.00597	0.00663	0.00464	0.00464	0.00663	0.00597	0.00862	0.00994	0.01458	0.00928	0.02784	0.85484	0.00597	0.00994	0.00398	0.00199	0.00331
9	0.00741	0.00728	0.01168	0.77719	0.02460	0.04636	0.05415	0.00985	0.00763	0.00959	0.00661	0.00976	0.00498	0.00369	0.00373	0.00123	0.00510	0.00332	0.00167	0.00418
10	0.01598	0.00740	0.00929	0.00712	0.01002	0.00707	0.00588	0.23499	0.01244	0.62950	0.01312	0.01164	0.00842	0.00456	0.00373	0.00114	0.00340	0.00363	0.00436	0.00632
11	0.00466	0.00340	0.00440	0.00511	0.00553	0.00315	0.00358	0.00547	0.00753	0.00990	0.05732	0.66464	0.12344	0.01108	0.00471	0.00148	0.00221	0.07583	0.00347	0.00308
12	0.00884	0.00840	0.01426	0.08989	0.73498	0.00853	0.01101	0.01104	0.00837	0.01186	0.00763	0.01099	0.00663	0.00371	0.00376	0.00115	0.00440	0.04705	0.00191	0.00561
13	0.00919	0.00882	0.01507	0.02278	0.84640	0.00882	0.01139	0.01139	0.00845	0.01213	0.00698	0.00919	0.00588	0.00331	0.00367	0.00110	0.00441	0.00331	0.00184	0.00588
14	0.01437	0.00998	0.01088	0.00834	0.01130	0.01089	0.00689	0.74969	0.01675	0.10872	0.00950	0.00930	0.00661	0.00447	0.00372	0.00112	0.00399	0.00338	0.00380	0.00631
15	0.00452	0.00325	0.00428	0.00510	0.00537	0.00302	0.00342	0.00518	0.00717	0.00950	0.02123	0.82950	0.06168	0.01153	0.00472	0.00150	0.00214	0.01043	0.00345	0.00302
16	0.00530	0.00398	0.00597	0.00597	0.00663	0.00464	0.00464	0.00663	0.00597	0.00862	0.00994	0.01458	0.00928	0.02784	0.85484	0.00597	0.00994	0.00398	0.00199	0.00331
17	0.00919	0.00882	0.01507	0.02278	0.84640	0.00882	0.01139	0.01139	0.00845	0.01213	0.00698	0.00919	0.00588	0.00331	0.00367	0.00110	0.00441	0.00331	0.00184	0.00588
18	0.00770	0.00660	0.00770	0.00550	0.00880	0.00495	0.00440	0.00935	0.00770	0.01210	0.00660	0.00770	0.00550	0.00275	0.00275	0.00055	0.00275	0.00220	0.00220	0.89224
19	0.18912	0.00767	0.00866	0.00676	0.00957	0.00772	0.00557	0.24911	0.01157	0.40414	0.01071	0.01000	0.00715	0.00423	0.00339	0.00111	0.00334	0.00320	0.00376	0.05323
20	0.05435	0.00635	0.00848	0.00653	0.00938	0.00558	0.00539	0.01778	0.01044	0.81328	0.01424	0.01235	0.00897	0.00454	0.00367	0.00115	0.00315	0.00366	0.00450	0.00622
21	0.00539	0.00361	0.00411	0.00411	0.00413	0.00363	0.00233	0.00544	0.00542	0.00724	0.01164	0.02397	0.01335	0.84145	0.04680	0.00368	0.00381	0.00535	0.00224	0.00228
22	0.00540	0.00360	0.00405	0.00405	0.00405	0.00360	0.00225	0.00540	0.00540	0.00720	0.01170	0.02429	0.01349	0.86955	0.01889	0.00360	0.00360	0.00540	0.00225	0.00225
23	0.00903	0.00873	0.01511	0.07567	0.75823	0.00881	0.04714	0.01129	0.00840	0.01195	0.00698	0.00927	0.00581	0.00333	0.00371	0.00112	0.00452	0.00335	0.00183	0.00573
24	0.89577	0.00718	0.00546	0.00488	0.00718	0.00833	0.00402	0.01091	0.00632	0.01665	0.00517	0.00603	0.00402	0.00345	0.00230	0.00115	0.00287	0.00201	0.00230	0.00402
25	0.00540	0.00360	0.00405	0.00405	0.00405	0.00360	0.00225	0.00540	0.00540	0.00720	0.01170	0.02429	0.01349	0.86955	0.01889	0.00360	0.00360	0.00540	0.00225	0.00225
26	0.00452	0.00323	0.00431	0.00517	0.00538	0.00301	0.00345	0.00517	0.00711	0.00948	0.02046	0.86713	0.02455	0.01163	0.00474	0.00151	0.00215	0.01055	0.00345	0.00301
27	0.00524	0.00357	0.00426	0.00445	0.00455	0.00357	0.00272	0.00549	0.00584	0.00782	0.01348	0.18380	0.01557	0.63471	0.06325	0.00328	0.00368	0.02972	0.00249	0.00249
28	0.00773	0.00671	0.00816	0.00583	0.00914	0.00509	0.03115	0.00943	0.00773	0.01209	0.00663	0.00777	0.00550	0.00276	0.00280	0.00057	0.00286	0.00227	0.00219	0.86360
29	0.00452	0.00323	0.00431	0.00517	0.00538	0.00301	0.00345	0.00517	0.00711	0.00948	0.02046	0.86713	0.02455	0.01163	0.00474	0.00151	0.00215	0.01055	0.00345	0.00301
30	0.00611	0.00390	0.00500	0.00474	0.00571	0.00357	0.00354	0.00767	0.00985	0.07760	0.58886	0.11608	0.07740	0.00768	0.00425	0.00119	0.00191	0.00674	0.06458	0.00364
31	0.00807	0.16814	0.66671	0.00991	0.01487	0.03195	0.02823	0.01173	0.00787	0.01116	0.00639	0.00752	0.00473	0.00347	0.00334	0.00110	0.00527	0.00263	0.00159	0.00532

[dist]
# distance from previous block
# <min> <max>
0	3

[block]
# block no. 6 follows, 74 sequences, length 33
# corresponding to MSA columns:
# 1261-1293
name=unknown_G
#
# <colnr> <probs for GDERKNQSTAVLIFYWHMCP>
#	G	D	E	R	K	N	Q	S	T	A	V	L	I	F	Y	W	H	M	C	P
0	0.37932	0.02778	0.04908	0.04513	0.01048	0.05807	0.08155	0.07526	0.05682	0.01406	0.00683	0.00842	0.00549	0.01541	0.06795	0.00158	0.08718	0.00288	0.00227	0.00444
1	0.00686	0.00347	0.00351	0.00350	0.00436	0.00346	0.00262	0.00859	0.00787	0.01387	0.03960	0.01430	0.01036	0.00443	0.00265	0.00087	0.00173	0.00357	0.86089	0.00346
2	0.01233	0.01201	0.00998	0.00854	0.01085	0.29430	0.00668	0.27584	0.30053	0.01585	0.00999	0.00988	0.00754	0.00445	0.00361	0.00111	0.00456	0.00332	0.00313	0.00548
3	0.03413	0.00456	0.00560	0.00558	0.03348	0.00438	0.00401	0.04678	0.04127	0.05326	0.41423	0.16359	0.15913	0.00789	0.00427	0.00123	0.00218	0.00687	0.00374	0.00381
4	0.00713	0.00672	0.01134	0.81618	0.06912	0.00828	0.01037	0.00958	0.00748	0.00962	0.00662	0.00986	0.00500	0.00369	0.00371	0.00123	0.00492	0.00330	0.00166	0.00422
5	0.00744	0.01920	0.85032	0.01058	0.01607	0.00862	0.01371	0.01176	0.00784	0.01176	0.00666	0.00784	0.00470	0.00353	0.00353	0.00118	0.00549	0.00274	0.00157	0.00549
6	0.01655	0.00649	0.00872	0.00668	0.00956	0.00571	0.00552	0.05175	0.01091	0.81491	0.01441	0.01248	0.00907	0.00459	0.00373	0.00115	0.00320	0.00372	0.00456	0.00632
7	0.00721	0.00599	0.00662	0.00634	0.00788	0.00648	0.00496	0.01326	0.43965	0.01340	0.08811	0.07797	0.17415	0.00726	0.00420	0.00133	0.00266	0.12425	0.00367	0.00462
8	0.00440	0.00373	0.00380	0.00385	0.00504	0.00313	0.00286	0.00532	0.00837	0.00999	0.03650	0.08907	0.79225	0.00954	0.00441	0.00127	0.00190	0.00801	0.00345	0.00313
9	0.02714	0.00569	0.00753	0.00607	0.00834	0.00511	0.00490	0.01493	0.04386	0.56833	0.24720	0.01681	0.01644	0.00543	0.00389	0.00116	0.00275	0.00456	0.00438	0.00547
10	0.53814	0.00730	0.00703	0.00581	0.00835	0.00786	0.00479	0.10838	0.00886	0.25930	0.00836	0.00828	0.00579	0.00390	0.00288	0.00114	0.00310	0.00266	0.00313	0.00495
11	0.01411	0.01040	0.01114	0.00854	0.01151	0.01151	0.00706	0.83402	0.01745	0.02339	0.00891	0.00891	0.00631	0.00446	0.00371	0.00111	0.00408	0.00334	0.00371	0.00631
12	0.00500	0.00378	0.00461	0.00440	0.00539	0.00339	0.00330	0.00651	0.00990	0.01345	0.60664	0.03008	0.27372	0.00812	0.00438	0.00119	0.00179	0.00704	0.00390	0.00339
13	0.00455	0.00325	0.00433	0.00515	0.00539	0.00303	0.00345	0.00524	0.00723	0.00967	0.05083	0.83619	0.02494	0.01148	0.00472	0.00149	0.00214	0.01041	0.00347	0.00303
14	0.01371	0.00790	0.00968	0.00815	0.04759	0.00806	0.01904	0.25211	0.16945	0.37793	0.03805	0.01206	0.00936	0.00465	0.00376	0.00116	0.00344	0.00379	0.00401	0.00611
15	0.00899	0.00862	0.01471	0.09855	0.77217	0.00877	0.01129	0.01122	0.00836	0.01189	0.00695	0.00925	0.00580	0.00334	0.00368	0.00111	0.00446	0.00331	0.00182	0.00572
16	0.00560	0.00434	0.00499	0.00472	0.00577	0.02256	0.00356	0.00772	0.06153	0.01380	0.57824	0.02730	0.18905	0.00754	0.00424	0.00117	0.00196	0.00653	0.04579	0.00359
17	0.01411	0.01040	0.01114	0.00854	0.01151	0.01151	0.00706	0.83402	0.01745	0.02339	0.00891	0.00891	0.00631	0.00446	0.00371	0.00111	0.00408	0.00334	0.00371	0.00631
18	0.00495	0.00378	0.00454	0.00435	0.00536	0.00337	0.00327	0.00642	0.00980	0.01320	0.56441	0.03050	0.31611	0.00822	0.00438	0.00120	0.00180	0.00710	0.00386	0.00337
19	0.00770	0.00660	0.00770	0.00550	0.00880	0.00495	0.00440	0.00935	0.00770	0.01210	0.00660	0.00770	0.00550	0.00275	0.00275	0.00055	0.00275	0.00220	0.00220	0.89224
20	0.01049	0.00550	0.00729	0.00598	0.00795	0.00503	0.02177	0.05226	0.03642	0.34423	0.39472	0.01914	0.02073	0.00586	0.00400	0.00113	0.00260	0.00504	0.00413	0.04575
