[name]
unknown

[dist]
# distance from previous block
# <min> <max>
0	28

[block]
# block no. 0 follows, 69 sequences, length 28
# corresponding to MSA columns:
# 28-55
name=unknown_A
#
# <colnr> <probs for GDERKNQSTAVLIFYWHMCP>
#	G	D	E	R	K	N	Q	S	T	A	V	L	I	F	Y	W	H	M	C	P
0	0.01054	0.18108	0.07701	0.00900	0.01200	0.05558	0.09066	0.15113	0.25325	0.01485	0.01071	0.01252	0.00865	0.00471	0.00376	0.00119	0.00433	0.05768	0.00294	0.03841
1	0.00640	0.00424	0.00570	0.05032	0.03386	0.00405	0.00425	0.00725	0.00772	0.08040	0.03357	0.50581	0.05456	0.15570	0.00731	0.00187	0.00285	0.00857	0.00336	0.02220
2	0.00864	0.00695	0.00818	0.00587	0.00933	0.00525	0.00471	0.01037	0.00829	0.05712	0.00742	0.00841	0.00602	0.00301	0.00296	0.00061	0.00293	0.00241	0.00246	0.83907
3	0.00708	0.00804	0.14929	0.00896	0.08545	0.00569	0.06288	0.00894	0.00803	0.03544	0.01371	0.34976	0.01461	0.05310	0.00508	0.00141	0.00363	0.02122	0.00278	0.15490
4	0.00976	0.01056	0.01181	0.05539	0.01156	0.18250	0.00850	0.01074	0.00715	0.00950	0.00543	0.00837	0.00513	0.00613	0.01048	0.00155	0.63609	0.00325	0.00178	0.00434
5	0.00664	0.00447	0.00578	0.00614	0.00712	0.00430	0.00485	0.02554	0.03397	0.06891	0.08537	0.28981	0.12540	0.01024	0.00495	0.00157	0.00284	0.30454	0.00378	0.00380
6	0.00892	0.00581	0.00738	0.00660	0.00802	0.00634	0.00522	0.14872	0.03535	0.10599	0.06841	0.04619	0.01167	0.01597	0.36806	0.00341	0.03502	0.00443	0.10396	0.00453
7	0.00473	0.00396	0.00412	0.00412	0.00537	0.00335	0.00308	0.00581	0.00911	0.01111	0.12256	0.06459	0.72503	0.00981	0.00464	0.00132	0.00198	0.00825	0.00371	0.00335
8	0.00740	0.00697	0.01176	0.85280	0.02700	0.00871	0.01089	0.01002	0.00784	0.01002	0.00697	0.01045	0.00523	0.00392	0.00392	0.00131	0.00523	0.00348	0.00174	0.00436
9	0.00813	0.00697	0.00813	0.00581	0.00929	0.00523	0.00465	0.00987	0.00813	0.01277	0.00697	0.00813	0.00581	0.00290	0.00290	0.00058	0.00290	0.00232	0.00232	0.88619
10	0.00481	0.00345	0.00457	0.00541	0.00569	0.00321	0.00363	0.00554	0.00768	0.01026	0.05607	0.80897	0.04206	0.01206	0.00498	0.00157	0.00225	0.01092	0.00367	0.00321
11	0.04213	0.00891	0.00798	0.00736	0.00925	0.14369	0.00565	0.03759	0.42474	0.01400	0.01842	0.07685	0.15461	0.00645	0.00407	0.00130	0.00354	0.02486	0.00352	0.00510
12	0.00616	0.00481	0.00564	0.03885	0.00722	0.00460	0.00413	0.09215	0.00999	0.01305	0.19932	0.19155	0.34731	0.00942	0.02256	0.00143	0.00259	0.00765	0.00367	0.02789
13	0.00900	0.01473	0.47484	0.03527	0.01426	0.05039	0.03414	0.04435	0.00873	0.08724	0.00855	0.01047	0.00654	0.03656	0.12649	0.00203	0.00613	0.00334	0.00217	0.02478
14	0.01048	0.86458	0.02054	0.00671	0.01006	0.01551	0.00671	0.01174	0.00797	0.00922	0.00545	0.00629	0.00503	0.00335	0.00252	0.00084	0.00419	0.00210	0.00168	0.00503
15	0.00773	0.00490	0.01767	0.01677	0.00717	0.00446	0.00433	0.02579	0.05759	0.15332	0.13987	0.31231	0.17438	0.00895	0.00468	0.01542	0.00252	0.00768	0.03030	0.00417
16	0.01045	0.30239	0.18843	0.01027	0.03911	0.05282	0.15029	0.02308	0.01841	0.08890	0.00744	0.00856	0.00578	0.00380	0.00393	0.00111	0.04792	0.00306	0.00213	0.03211
17	0.01004	0.03078	0.08359	0.01554	0.11654	0.00941	0.53798	0.02437	0.00940	0.09370	0.00875	0.02596	0.00663	0.00370	0.00435	0.00128	0.00582	0.00433	0.00228	0.00555
18	0.00694	0.00437	0.00512	0.00475	0.00591	0.00418	0.00361	0.04352	0.02229	0.04807	0.42471	0.02394	0.10572	0.00684	0.00398	0.00114	0.00204	0.00584	0.27311	0.00393
19	0.01769	0.06158	0.00740	0.02975	0.00791	0.04483	0.01894	0.07679	0.03132	0.02440	0.28541	0.18492	0.11325	0.00788	0.00433	0.00128	0.00285	0.03415	0.04124	0.00408
20	0.02984	0.14213	0.28487	0.02009	0.10610	0.03884	0.02675	0.05943	0.00961	0.14024	0.07106	0.03637	0.00900	0.00446	0.00370	0.00117	0.00455	0.00362	0.00261	0.00557
21	0.00478	0.00341	0.00455	0.00546	0.00569	0.00318	0.00364	0.00546	0.00751	0.01001	0.02161	0.85966	0.02593	0.01228	0.00500	0.00159	0.00227	0.01114	0.00364	0.00318
22	0.00786	0.02028	0.84191	0.01117	0.01697	0.00910	0.01448	0.01242	0.00828	0.01242	0.00704	0.00828	0.00497	0.00372	0.00372	0.00124	0.00579	0.00290	0.00166	0.00579
23	0.06809	0.03667	0.07453	0.03421	0.03447	0.07614	0.03877	0.17943	0.09563	0.21778	0.02250	0.01289	0.04798	0.00488	0.00383	0.00121	0.00413	0.02161	0.01953	0.00572
24	0.00904	0.02289	0.08381	0.13036	0.15742	0.03409	0.14596	0.02833	0.00895	0.09218	0.03794	0.16821	0.02025	0.00568	0.00455	0.00132	0.03619	0.00521	0.00262	0.00500
25	0.64459	0.00703	0.00603	0.00530	0.00761	0.00784	0.00432	0.01250	0.03808	0.11669	0.00795	0.00852	0.00590	0.00396	0.00271	0.00118	0.00293	0.00261	0.10973	0.00454
26	0.00570	0.00380	0.00428	0.00428	0.00428	0.00380	0.00238	0.00570	0.00570	0.00760	0.01235	0.02566	0.01425	0.86222	0.01995	0.00380	0.00380	0.00570	0.00238	0.00238
27	0.00895	0.03252	0.00920	0.00650	0.00984	0.00658	0.01939	0.09011	0.04183	0.01392	0.00751	0.00851	0.00610	0.00326	0.00323	0.00071	0.01764	0.00258	0.00251	0.70911

[dist]
# distance from previous block
# <min> <max>
0	1

[block]
# block no. 1 follows, 69 sequences, length 31
# corresponding to MSA columns:
# 57-87
name=unknown_B
#
# <colnr> <probs for GDERKNQSTAVLIFYWHMCP>
#	G	D	E	R	K	N	Q	S	T	A	V	L	I	F	Y	W	H	M	C	P
0	0.00868	0.01153	0.27687	0.00840	0.04102	0.00708	0.00826	0.05453	0.02909	0.03333	0.00804	0.00902	0.01807	0.00349	0.00333	0.00089	0.00397	0.00279	0.00230	0.46930
1	0.05893	0.06625	0.23263	0.00928	0.01257	0.21061	0.00894	0.16159	0.01077	0.08723	0.00773	0.00865	0.00583	0.01444	0.00443	0.00119	0.06696	0.00298	0.00251	0.02648
2	0.00801	0.01935	0.76903	0.01205	0.06092	0.00914	0.04279	0.01240	0.00835	0.01244	0.00708	0.00843	0.00507	0.00370	0.00376	0.00124	0.00576	0.00299	0.00168	0.00580
3	0.00751	0.00711	0.01214	0.81166	0.04755	0.00875	0.03033	0.01013	0.00790	0.01015	0.00700	0.01044	0.00527	0.00389	0.00394	0.00130	0.00524	0.00351	0.00175	0.00442
4	0.03908	0.00580	0.00739	0.00594	0.00833	0.00521	0.00482	0.01583	0.01021	0.57057	0.01501	0.01406	0.02880	0.00486	0.00358	0.00113	0.00288	0.00391	0.24688	0.00569
5	0.08081	0.00980	0.01035	0.00827	0.01114	0.01085	0.00673	0.50511	0.22268	0.03983	0.01080	0.01053	0.00785	0.00470	0.00378	0.00119	0.00383	0.00361	0.00378	0.04437
6	0.00809	0.00891	0.15037	0.14217	0.13588	0.00690	0.00833	0.04639	0.00876	0.04583	0.01194	0.16360	0.04981	0.00561	0.00394	0.00118	0.00395	0.01896	0.00256	0.17682
7	0.00930	0.10567	0.56445	0.01059	0.04246	0.00927	0.03764	0.02704	0.00876	0.10223	0.00844	0.04228	0.00642	0.00414	0.00371	0.00121	0.00518	0.00334	0.00214	0.00572
8	0.03202	0.00944	0.01274	0.04711	0.47503	0.08895	0.00954	0.02743	0.14410	0.01337	0.04948	0.01278	0.03140	0.00446	0.00393	0.00121	0.00437	0.02445	0.00253	0.00568
9	0.00575	0.00415	0.00481	0.00492	0.00580	0.00386	0.00351	0.00711	0.04722	0.04197	0.09717	0.22391	0.32058	0.16335	0.00746	0.00184	0.00255	0.04709	0.00353	0.00342
10	0.02019	0.06248	0.18689	0.09974	0.26831	0.03506	0.12667	0.05209	0.03661	0.06285	0.00804	0.00965	0.00611	0.00377	0.00386	0.00120	0.00511	0.00346	0.00220	0.00571
11	0.00563	0.00408	0.00570	0.00570	0.00619	0.00457	0.00415	0.00662	0.00612	0.00866	0.01105	0.01844	0.01112	0.27612	0.60177	0.00556	0.00852	0.00464	0.00218	0.00317
12	0.00740	0.00697	0.01176	0.85280	0.02700	0.00871	0.01089	0.01002	0.00784	0.01002	0.00697	0.01045	0.00523	0.00392	0.00392	0.00131	0.00523	0.00348	0.00174	0.00436
13	0.00477	0.00344	0.00452	0.00539	0.00567	0.00319	0.00361	0.00547	0.00757	0.01003	0.02245	0.82147	0.06358	0.01217	0.00499	0.00158	0.00226	0.01101	0.00364	0.00319
14	0.03333	0.00908	0.01042	0.04583	0.16318	0.07050	0.00748	0.10244	0.34247	0.05089	0.01330	0.03832	0.05284	0.00521	0.00428	0.00127	0.03594	0.00427	0.00325	0.00571
15	0.01042	0.00707	0.02070	0.00677	0.00873	0.05710	0.00539	0.02731	0.22012	0.22442	0.30909	0.01935	0.01985	0.00678	0.02674	0.00138	0.00322	0.01623	0.00411	0.00522
16	0.00868	0.00418	0.00448	0.00417	0.00538	0.00410	0.00320	0.02997	0.00882	0.11058	0.01302	0.01434	0.00993	0.00460	0.00291	0.00095	0.00206	0.00368	0.76085	0.00408
17	0.00841	0.00713	0.00828	0.00594	0.00941	0.00551	0.00476	0.04340	0.00855	0.01327	0.00707	0.00818	0.00584	0.00298	0.00295	0.00061	0.00296	0.00237	0.00239	0.85000
18	0.00786	0.02028	0.84191	0.01117	0.01697	0.00910	0.01448	0.01242	0.00828	0.01242	0.00704	0.00828	0.00497	0.00372	0.00372	0.00124	0.00579	0.00290	0.00166	0.00579
19	0.00478	0.00341	0.00455	0.00546	0.00569	0.00318	0.00364	0.00546	0.00751	0.01001	0.02161	0.85966	0.02593	0.01228	0.00500	0.00159	0.00227	0.01114	0.00364	0.00318
20	0.00901	0.00527	0.00548	0.00489	0.00631	0.00553	0.00382	0.16293	0.04325	0.03050	0.01233	0.01362	0.00948	0.00463	0.00303	0.00098	0.00237	0.00367	0.66853	0.00437
21	0.01342	0.00973	0.01056	0.00836	0.01102	0.01065	0.00675	0.67939	0.01647	0.03957	0.01096	0.09806	0.00912	0.05128	0.00489	0.00136	0.00406	0.00444	0.00383	0.00608
22	0.88991	0.00758	0.00576	0.00516	0.00758	0.00879	0.00425	0.01152	0.00667	0.01759	0.00546	0.00637	0.00425	0.00364	0.00243	0.00121	0.00303	0.00212	0.00243	0.00425
23	0.00490	0.00353	0.00466	0.00542	0.00578	0.00329	0.00372	0.00575	0.00795	0.01063	0.09919	0.72106	0.05578	0.01174	0.00497	0.00156	0.00227	0.04083	0.00370	0.00325
24	0.00570	0.00380	0.00428	0.00428	0.00428	0.00380	0.00238	0.00570	0.00570	0.00760	0.01235	0.02566	0.01425	0.86222	0.01995	0.00380	0.00380	0.00570	0.00238	0.00238
25	0.00497	0.00406	0.00455	0.00471	0.02234	0.00355	0.00337	0.00612	0.00912	0.01147	0.18718	0.07992	0.58310	0.02982	0.02690	0.00151	0.00229	0.00795	0.00366	0.00342
26	0.00753	0.00705	0.01160	0.80769	0.02610	0.00877	0.01064	0.01059	0.05178	0.01036	0.00745	0.01067	0.00559	0.00399	0.00392	0.00131	0.00511	0.00353	0.00186	0.00445
27	0.00951	0.22056	0.40148	0.01054	0.06035	0.07369	0.04652	0.05589	0.03115	0.01235	0.03824	0.00891	0.00659	0.00388	0.00352	0.00113	0.00518	0.00302	0.00200	0.00550
28	0.00581	0.00427	0.00550	0.00530	0.00585	0.00446	0.00374	0.00672	0.00720	0.01009	0.18180	0.03575	0.03950	0.34792	0.24760	0.00366	0.04020	0.00550	0.00272	0.03640
29	0.05602	0.15251	0.33714	0.01010	0.08223	0.08047	0.00980	0.04525	0.06701	0.03316	0.03685	0.01085	0.05376	0.00434	0.00357	0.00116	0.00474	0.00335	0.00229	0.00539
30	0.19770	0.06846	0.04898	0.01825	0.04079	0.02043	0.01393	0.11691	0.03830	0.04851	0.02619	0.03218	0.00789	0.00818	0.12825	0.01981	0.00467	0.01452	0.00266	0.14339

[dist]
# distance from previous block
# <min> <max>
0	100

[block]
# block no. 2 follows, 69 sequences, length 19
# corresponding to MSA columns:
# 205-223
name=unknown_C
#
# <colnr> <probs for GDERKNQSTAVLIFYWHMCP>
#	G	D	E	R	K	N	Q	S	T	A	V	L	I	F	Y	W	H	M	C	P
0	0.03571	0.01027	0.07125	0.01096	0.14304	0.01936	0.01628	0.40645	0.08198	0.05679	0.02763	0.04763	0.02489	0.00491	0.00392	0.00120	0.00413	0.00400	0.00336	0.02623
1	0.01029	0.02839	0.25672	0.00983	0.04953	0.00942	0.04333	0.17253	0.23357	0.06590	0.01281	0.01278	0.06759	0.00483	0.00394	0.00125	0.00431	0.00397	0.00309	0.00593
2	0.00627	0.06729	0.04470	0.00534	0.00687	0.00522	0.00441	0.04919	0.02734	0.01363	0.39019	0.05965	0.27047	0.02653	0.00473	0.00130	0.00245	0.00678	0.00371	0.00393
3	0.00807	0.00727	0.02853	0.11598	0.27325	0.00731	0.03019	0.05210	0.08775	0.01349	0.13900	0.11809	0.05043	0.00588	0.00415	0.00126	0.00367	0.00530	0.04331	0.00497
4	0.19466	0.04524	0.09596	0.03297	0.30391	0.02519	0.01834	0.13481	0.05164	0.03531	0.00773	0.00898	0.00601	0.00393	0.00368	0.00119	0.01917	0.00315	0.00247	0.00567
5	0.00786	0.02028	0.84191	0.01117	0.01697	0.00910	0.01448	0.01242	0.00828	0.01242	0.00704	0.00828	0.00497	0.00372	0.00372	0.00124	0.00579	0.00290	0.00166	0.00579
6	0.00944	0.00898	0.03151	0.06337	0.37372	0.00937	0.03380	0.01564	0.36527	0.01415	0.01169	0.01240	0.02410	0.00443	0.00396	0.00125	0.00405	0.00401	0.00284	0.00601
7	0.00479	0.00345	0.00454	0.00538	0.00567	0.00320	0.00361	0.00552	0.00767	0.01020	0.04533	0.79862	0.06340	0.01205	0.00498	0.00157	0.00225	0.01090	0.00366	0.00320
8	0.00476	0.00398	0.00415	0.00411	0.00537	0.00336	0.00308	0.00587	0.00924	0.01130	0.15055	0.03655	0.72489	0.00966	0.00463	0.00131	0.00197	0.00811	0.00373	0.00336
9	0.78252	0.00747	0.00617	0.00538	0.00788	0.00842	0.00443	0.01246	0.00723	0.11889	0.00669	0.00723	0.00492	0.00379	0.00261	0.00121	0.00307	0.00235	0.00272	0.00454
10	0.00855	0.00822	0.01177	0.01001	0.01024	0.01111	0.03964	0.00947	0.00628	0.02848	0.00633	0.03402	0.00634	0.05038	0.01248	0.00179	0.73491	0.00383	0.00189	0.00425
11	0.00487	0.00399	0.00426	0.00423	0.00544	0.00342	0.00317	0.00600	0.00922	0.01141	0.17473	0.03611	0.65390	0.03407	0.00509	0.00139	0.00206	0.02956	0.00372	0.00336
12	0.00502	0.00392	0.00457	0.00499	0.00585	0.00355	0.00368	0.00615	0.02247	0.01054	0.02969	0.32618	0.40842	0.03634	0.00531	0.00155	0.00237	0.11246	0.00360	0.00333
13	0.45251	0.00729	0.00753	0.00614	0.00888	0.00751	0.00507	0.04552	0.00922	0.39954	0.01025	0.00972	0.00687	0.00424	0.00319	0.00121	0.00322	0.00302	0.00361	0.00546
14	0.01008	0.00835	0.00887	0.00794	0.01019	0.00958	0.00619	0.02076	0.79583	0.05145	0.01594	0.01457	0.01187	0.00530	0.00399	0.00132	0.00311	0.00441	0.00403	0.00623
15	0.00967	0.00941	0.01643	0.02352	0.77877	0.00936	0.07062	0.01207	0.00895	0.01279	0.00741	0.00977	0.00619	0.00348	0.00393	0.00118	0.00480	0.00357	0.00194	0.00614
16	0.00685	0.00508	0.00556	0.00528	0.00672	0.00498	0.00411	0.06775	0.11246	0.03076	0.10819	0.05865	0.37816	0.00818	0.00433	0.00130	0.00243	0.07383	0.11129	0.00409
17	0.03184	0.10035	0.00969	0.00719	0.02484	0.07492	0.01520	0.06893	0.02506	0.10675	0.01973	0.07441	0.00914	0.05246	0.13079	0.00194	0.02679	0.00387	0.00273	0.21336
18	0.14166	0.12709	0.03364	0.03449	0.08910	0.01883	0.00704	0.20596	0.15152	0.07197	0.02362	0.01087	0.03064	0.00454	0.00367	0.00118	0.01856	0.00346	0.01654	0.00562

[dist]
# distance from previous block
# <min> <max>
7	78

[block]
# block no. 3 follows, 69 sequences, length 61
# corresponding to MSA columns:
# 302-362
name=unknown_D
#
# <colnr> <probs for GDERKNQSTAVLIFYWHMCP>
#	G	D	E	R	K	N	Q	S	T	A	V	L	I	F	Y	W	H	M	C	P
0	0.00888	0.21110	0.05931	0.04130	0.11124	0.03142	0.01477	0.02656	0.01643	0.04252	0.03113	0.02852	0.01120	0.00620	0.02320	0.00131	0.00413	0.20129	0.04402	0.08547
1	0.20854	0.02419	0.03280	0.02769	0.16858	0.01869	0.08371	0.09279	0.13976	0.03062	0.01709	0.02009	0.01370	0.00409	0.00353	0.00116	0.00396	0.00343	0.00271	0.10284
2	0.03810	0.00671	0.02386	0.17562	0.12274	0.00681	0.02052	0.08919	0.01999	0.10184	0.04992	0.17389	0.09226	0.03338	0.01469	0.00145	0.00375	0.00565	0.01493	0.00471
3	0.63110	0.00761	0.01858	0.00584	0.00812	0.02330	0.02024	0.03002	0.05404	0.03272	0.08567	0.02745	0.01893	0.00457	0.00300	0.00124	0.00312	0.01724	0.00281	0.00441
4	0.00869	0.00879	0.01234	0.01049	0.01064	0.02419	0.03413	0.00962	0.00618	0.00954	0.00525	0.00862	0.00517	0.00671	0.01247	0.00169	0.81598	0.00346	0.00173	0.00432
5	0.00809	0.20453	0.01072	0.00661	0.00853	0.02609	0.07197	0.02592	0.00955	0.05968	0.27537	0.02074	0.15817	0.03531	0.00487	0.00126	0.03776	0.00530	0.02524	0.00430
6	0.00864	0.13596	0.67842	0.01050	0.01572	0.06125	0.01300	0.01252	0.00841	0.01181	0.00676	0.00793	0.00498	0.00369	0.00355	0.00117	0.00565	0.00276	0.00168	0.00561
7	0.09254	0.00990	0.03567	0.00844	0.01122	0.04910	0.03290	0.33368	0.17737	0.15310	0.01101	0.01098	0.00795	0.02000	0.00433	0.00128	0.02719	0.00366	0.00364	0.00605
8	0.29535	0.00959	0.00961	0.00764	0.01050	0.01066	0.00629	0.51675	0.01418	0.05681	0.00860	0.02219	0.00633	0.00449	0.00346	0.00120	0.00383	0.00322	0.00348	0.00584
9	0.03083	0.09682	0.01189	0.39501	0.01819	0.11831	0.00862	0.11531	0.08732	0.01261	0.00811	0.02783	0.00644	0.00429	0.00380	0.00119	0.01537	0.00341	0.00234	0.03233
10	0.00914	0.00811	0.00818	0.00740	0.00911	0.08287	0.00568	0.06486	0.42919	0.01443	0.09600	0.01651	0.03577	0.07239	0.10235	0.00205	0.02281	0.00462	0.00344	0.00512
11	0.00476	0.00398	0.00414	0.00410	0.00537	0.00336	0.00308	0.00587	0.00923	0.01129	0.14795	0.03658	0.72750	0.00967	0.00463	0.00131	0.00197	0.00811	0.00373	0.00336
12	0.55122	0.00706	0.00674	0.00567	0.00821	0.00750	0.00466	0.01389	0.00826	0.28936	0.00918	0.00914	0.00638	0.00409	0.00295	0.00120	0.00306	0.00281	0.05359	0.00501
13	0.00478	0.00394	0.00421	0.00422	0.00541	0.00336	0.00313	0.00589	0.00917	0.01134	0.16030	0.09346	0.65763	0.00980	0.00466	0.00133	0.00198	0.00829	0.00374	0.00336
14	0.00854	0.00913	0.05102	0.01033	0.01061	0.01187	0.00885	0.00957	0.00611	0.00957	0.00524	0.00856	0.00514	0.00671	0.01244	0.00169	0.81512	0.00341	0.00171	0.00436
15	0.09104	0.01020	0.01095	0.00846	0.01152	0.01115	0.00698	0.66413	0.01661	0.11532	0.00975	0.00959	0.00680	0.00463	0.00379	0.00118	0.00409	0.00345	0.00390	0.00646
16	0.00514	0.00377	0.00482	0.00501	0.00572	0.00345	0.00359	0.00643	0.00945	0.01288	0.42319	0.34906	0.13320	0.00989	0.00477	0.00138	0.00203	0.00880	0.00397	0.00345
17	0.00756	0.00443	0.00572	0.00514	0.00644	0.00401	0.00394	0.00930	0.01083	0.15208	0.60423	0.02655	0.08818	0.00746	0.00442	0.00122	0.00210	0.00649	0.04571	0.00416
18	0.00489	0.00398	0.00433	0.00424	0.00545	0.00342	0.00318	0.00612	0.00954	0.01202	0.26190	0.03537	0.61310	0.00939	0.00463	0.00130	0.00195	0.00794	0.00383	0.00342
19	0.01123	0.33808	0.02590	0.00855	0.02699	0.06098	0.00738	0.04313	0.05544	0.12594	0.00760	0.00867	0.00619	0.00479	0.00596	0.00121	0.25142	0.00299	0.00237	0.00518
20	0.00871	0.00808	0.03541	0.00730	0.02635	0.02142	0.06006	0.05781	0.00887	0.01336	0.00730	0.01616	0.00602	0.00318	0.00315	0.00071	0.00343	0.00267	0.00237	0.70762
21	0.00942	0.27723	0.39746	0.01117	0.07994	0.06121	0.07688	0.02332	0.00862	0.01148	0.00662	0.00791	0.00519	0.00359	0.00343	0.00110	0.00534	0.00283	0.00176	0.00549
22	0.00623	0.00453	0.00644	0.00622	0.00658	0.00532	0.00464	0.00672	0.00593	0.00844	0.00945	0.01568	0.00943	0.17016	0.43748	0.17251	0.11494	0.00422	0.00202	0.00306
23	0.00857	0.00922	0.01874	0.31651	0.02254	0.00954	0.50888	0.01156	0.00865	0.01156	0.00751	0.01047	0.00567	0.00363	0.00460	0.00133	0.03003	0.00418	0.00189	0.00492
24	0.46164	0.00854	0.01008	0.07047	0.29016	0.02440	0.00760	0.06145	0.00832	0.01574	0.00646	0.00798	0.00514	0.00368	0.00313	0.00120	0.00389	0.00277	0.00230	0.00507
25	0.00907	0.00790	0.01312	0.05036	0.48319	0.01742	0.06435	0.01112	0.00889	0.06281	0.01134	0.13044	0.01090	0.00562	0.00426	0.00131	0.00431	0.09567	0.00254	0.00538
26	0.09661	0.01466	0.01147	0.03475	0.15858	0.51877	0.00815	0.01419	0.00990	0.03621	0.00649	0.00785	0.00533	0.00410	0.00408	0.00111	0.05801	0.00278	0.00210	0.00486
27	0.00479	0.00353	0.00455	0.00528	0.00569	0.00328	0.00360	0.00556	0.00766	0.01005	0.02377	0.69712	0.14570	0.01275	0.04509	0.00178	0.00262	0.01039	0.00357	0.00322
28	0.42487	0.00710	0.00754	0.00613	0.00887	0.00718	0.00505	0.01557	0.00910	0.45628	0.01079	0.01009	0.00716	0.00429	0.00323	0.00121	0.00319	0.00309	0.00372	0.00554
29	0.01109	0.00851	0.00919	0.00789	0.01021	0.00955	0.00620	0.20176	0.52805	0.07172	0.01445	0.04013	0.01116	0.04607	0.00476	0.00141	0.00340	0.00446	0.00394	0.00606
30	0.00591	0.00432	0.00535	0.00575	0.00639	0.00428	0.00403	0.05689	0.07206	0.01155	0.05942	0.61535	0.06957	0.01101	0.00531	0.04369	0.00248	0.00943	0.00362	0.00359
31	0.00499	0.00361	0.00477	0.00563	0.00602	0.00339	0.00399	0.00586	0.00781	0.01029	0.02257	0.69151	0.07389	0.01193	0.00504	0.00161	0.00245	0.12776	0.00363	0.00325
32	0.00507	0.00369	0.00484	0.00557	0.00603	0.00350	0.00399	0.00599	0.00786	0.01036	0.04442	0.58058	0.10247	0.03346	0.04553	0.00187	0.00286	0.12511	0.00355	0.00327
33	0.00960	0.00938	0.01179	0.05290	0.24834	0.08650	0.00866	0.01403	0.24986	0.01279	0.04874	0.01161	0.00897	0.00510	0.00601	0.00134	0.20256	0.00384	0.00260	0.00540
34	0.01033	0.81635	0.06746	0.00696	0.01046	0.01515	0.00715	0.01178	0.00798	0.00941	0.00554	0.00640	0.00503	0.00338	0.00258	0.00086	0.00428	0.00214	0.00168	0.00507
35	0.00570	0.00415	0.00605	0.00605	0.00673	0.00478	0.00466	0.00706	0.00638	0.00935	0.01072	0.01584	0.01002	0.06714	0.75961	0.00588	0.00969	0.00424	0.05249	0.00346
36	0.00516	0.00417	0.00463	0.00475	0.00586	0.00378	0.00354	0.00684	0.05923	0.01147	0.12318	0.18572	0.50952	0.00990	0.00470	0.00139	0.00217	0.04674	0.00374	0.00352
37	0.00917	0.01096	0.06893	0.01638	0.06983	0.00993	0.68876	0.01237	0.00902	0.01242	0.00771	0.01030	0.00587	0.00351	0.00492	0.00133	0.04691	0.00440	0.00195	0.00533
38	0.00950	0.00893	0.01490	0.18560	0.63982	0.00933	0.01159	0.05024	0.00917	0.01283	0.00739	0.00984	0.00604	0.00363	0.00389	0.00119	0.00475	0.00349	0.00200	0.00587
39	0.00535	0.00384	0.00511	0.00593	0.00643	0.00368	0.00446	0.00640	0.00799	0.01049	0.02165	0.49210	0.06275	0.06022	0.00598	0.00178	0.00281	0.28618	0.00356	0.00329
40	0.01457	0.01101	0.01107	0.00871	0.01156	0.09530	0.00706	0.62187	0.03125	0.09082	0.00984	0.01037	0.00722	0.04539	0.00465	0.00129	0.00446	0.00358	0.00374	0.00624
41	0.01225	0.01421	0.01331	0.01106	0.01354	0.45040	0.19489	0.05361	0.12119	0.01204	0.00888	0.01128	0.00734	0.00449	0.00398	0.00118	0.00609	0.05283	0.00246	0.00498
42	0.00886	0.00989	0.02100	0.01528	0.01871	0.00952	0.70975	0.01181	0.00892	0.01217	0.00883	0.07662	0.00746	0.00422	0.00516	0.00137	0.05821	0.00506	0.00210	0.00506
43	0.00997	0.24164	0.26092	0.01065	0.07517	0.01076	0.10229	0.10819	0.00952	0.05168	0.00775	0.00935	0.00613	0.02858	0.04981	0.00147	0.00528	0.00320	0.00218	0.00549
44	0.00562	0.00430	0.00536	0.00531	0.00624	0.00415	0.00402	0.00754	0.04879	0.01349	0.44575	0.15252	0.17858	0.00904	0.00496	0.00136	0.02808	0.06724	0.00395	0.00368
45	0.48513	0.00700	0.00707	0.00587	0.00845	0.00726	0.00482	0.01432	0.00877	0.34825	0.06031	0.01058	0.00844	0.00439	0.00317	0.00121	0.00308	0.00316	0.00352	0.00519
46	0.05220	0.52552	0.07601	0.01475	0.02717	0.06337	0.05897	0.09214	0.02119	0.01881	0.00676	0.00764	0.01333	0.00368	0.00302	0.00098	0.00456	0.00263	0.00206	0.00523
47	0.05082	0.00877	0.01447	0.29755	0.40582	0.02841	0.09175	0.01171	0.03070	0.01210	0.00740	0.00995	0.00589	0.00369	0.00389	0.00123	0.00498	0.00354	0.00196	0.00537
48	0.00505	0.00397	0.00451	0.00440	0.00550	0.00348	0.00327	0.00636	0.00970	0.01261	0.36682	0.04823	0.46745	0.03511	0.00510	0.00137	0.00199	0.00776	0.00388	0.00344
49	0.00992	0.00561	0.00689	0.00584	0.00767	0.00531	0.00460	0.10875	0.02343	0.23958	0.35514	0.02315	0.14038	0.01674	0.00447	0.00126	0.00261	0.00583	0.02801	0.00483
50	0.00470	0.00373	0.00423	0.00462	0.00547	0.00325	0.00327	0.00555	0.00831	0.01033	0.03176	0.39880	0.48024	0.01096	0.00480	0.00144	0.00211	0.00954	0.00364	0.00325
51	0.00469	0.00382	0.00415	0.00438	0.00541	0.00328	0.00317	0.00561	0.00860	0.01053	0.04912	0.25494	0.60765	0.01052	0.00473	0.00139	0.00206	0.00901	0.00365	0.00328
52	0.01525	0.00695	0.00860	0.00681	0.00945	0.02985	0.00554	0.08531	0.03298	0.59076	0.07490	0.01416	0.01142	0.00504	0.00387	0.00118	0.00327	0.00409	0.08447	0.00611
53	0.00888	0.00882	0.01284	0.06951	0.23176	0.03367	0.00951	0.01024	0.00708	0.01039	0.00626	0.02853	0.00591	0.00582	0.00945	0.00152	0.52959	0.00360	0.00183	0.00479
54	0.01982	0.16020	0.49965	0.01159	0.12209	0.02819	0.01180	0.01229	0.00840	0.02806	0.00693	0.00817	0.00528	0.00361	0.00347	0.00112	0.00514	0.00281	0.00182	0.05959
55	0.01936	0.13538	0.18099	0.05728	0.13003	0.04556	0.03790	0.07949	0.01643	0.02879	0.00726	0.00874	0.00578	0.00442	0.02601	0.00119	0.04000	0.00297	0.00215	0.17027
56	0.00522	0.00397	0.00495	0.00567	0.00605	0.02641	0.00394	0.00609	0.00791	0.01050	0.08628	0.69095	0.02533	0.01246	0.04493	0.00178	0.00282	0.04787	0.00358	0.00330
57	0.00620	0.00425	0.00519	0.00495	0.00606	0.00390	0.00370	0.00803	0.03916	0.06439	0.46475	0.10460	0.21656	0.02083	0.00477	0.00132	0.00208	0.00733	0.02812	0.00381
58	0.00913	0.00774	0.00889	0.00708	0.04913	0.03208	0.00532	0.07133	0.00910	0.03261	0.00734	0.00839	0.00596	0.00315	0.00307	0.00068	0.00323	0.00251	0.00247	0.73080
59	0.00566	0.00378	0.00429	0.00433	0.00434	0.00377	0.00244	0.00569	0.00579	0.00772	0.01279	0.06544	0.01481	0.82168	0.01924	0.00370	0.00373	0.00596	0.00244	0.00241
60	0.00560	0.00420	0.00630	0.00630	0.00700	0.00490	0.00490	0.00700	0.00630	0.00910	0.01050	0.01540	0.00980	0.02940	0.84669	0.00630	0.01050	0.00420	0.00210	0.00350

[dist]
# distance from previous block
# <min> <max>
0	1

[block]
# block no. 4 follows, 69 sequences, length 12
# corresponding to MSA columns:
# 364-375
name=unknown_E
#
# <colnr> <probs for GDERKNQSTAVLIFYWHMCP>
#	G	D	E	R	K	N	Q	S	T	A	V	L	I	F	Y	W	H	M	C	P
0	0.00887	0.06077	0.60960	0.03720	0.01581	0.05525	0.03371	0.03624	0.00898	0.04531	0.04686	0.00947	0.00677	0.00400	0.00374	0.00121	0.00546	0.00316	0.00201	0.00559
1	0.08206	0.00872	0.01248	0.40976	0.26742	0.05384	0.01019	0.08689	0.00923	0.01283	0.00714	0.00961	0.00557	0.00385	0.00376	0.00123	0.00489	0.00333	0.00208	0.00513
2	0.00559	0.00482	0.00496	0.00512	0.00603	0.06244	0.00369	0.00668	0.00911	0.01151	0.21549	0.30979	0.32074	0.00986	0.00468	0.00137	0.00241	0.00856	0.00368	0.00344
3	0.78617	0.00848	0.06203	0.00582	0.00835	0.00898	0.00515	0.01148	0.00675	0.01683	0.00555	0.00661	0.00434	0.00381	0.00304	0.00124	0.04645	0.00224	0.00234	0.00435
4	0.00570	0.00380	0.00428	0.00428	0.00428	0.00380	0.00238	0.00570	0.00570	0.00760	0.01235	0.02566	0.01425	0.86222	0.01995	0.00380	0.00380	0.00570	0.00238	0.00238
5	0.00915	0.00964	0.08665	0.06598	0.15339	0.11143	0.10173	0.01149	0.03688	0.07543	0.06916	0.03565	0.13775	0.01942	0.03091	0.00145	0.03160	0.00473	0.00268	0.00488
6	0.01017	0.28679	0.01269	0.00780	0.02255	0.21156	0.02575	0.04384	0.05477	0.02230	0.09125	0.10794	0.04870	0.00596	0.01801	0.00119	0.01716	0.00434	0.00261	0.00463
7	0.00779	0.04423	0.06546	0.05075	0.12650	0.04853	0.05263	0.00954	0.00870	0.03753	0.12177	0.17563	0.08323	0.00688	0.00504	0.00132	0.08407	0.02112	0.04486	0.00443
8	0.81738	0.00751	0.00604	0.00531	0.00778	0.00854	0.00437	0.01215	0.00705	0.08602	0.00629	0.00695	0.00470	0.00374	0.00255	0.00121	0.00306	0.00227	0.00263	0.00445
9	0.00741	0.04547	0.40499	0.00929	0.05231	0.00756	0.02172	0.01084	0.04789	0.01260	0.11633	0.05385	0.09939	0.00535	0.00406	0.00121	0.01747	0.00444	0.00248	0.07533
10	0.01481	0.01368	0.01154	0.00940	0.01214	0.30496	0.00749	0.54077	0.01586	0.01940	0.00824	0.00859	0.00610	0.00447	0.00379	0.00112	0.00528	0.00318	0.00325	0.00592
11	0.01022	0.05264	0.21614	0.03836	0.21917	0.07953	0.06881	0.07783	0.08124	0.05808	0.05328	0.01072	0.00809	0.00416	0.00386	0.00119	0.00489	0.00359	0.00248	0.00572

[dist]
# distance from previous block
# <min> <max>
5	11

[block]
# block no. 5 follows, 69 sequences, length 14
# corresponding to MSA columns:
# 388-401
name=unknown_F
#
# <colnr> <probs for GDERKNQSTAVLIFYWHMCP>
#	G	D	E	R	K	N	Q	S	T	A	V	L	I	F	Y	W	H	M	C	P
0	0.07864	0.02377	0.27893	0.00908	0.03167	0.03014	0.02492	0.16209	0.11269	0.04591	0.14085	0.01268	0.01142	0.00485	0.00396	0.00123	0.01477	0.00388	0.00298	0.00552
1	0.06562	0.01015	0.13617	0.01208	0.22081	0.00898	0.00864	0.12826	0.21284	0.03161	0.09311	0.01261	0.01064	0.00467	0.00384	0.00122	0.00392	0.00393	0.02513	0.00578
2	0.00681	0.00340	0.00511	0.00511	0.00511	0.00340	0.00340	0.00511	0.00511	0.00681	0.00681	0.01192	0.00681	0.01362	0.01532	0.88594	0.00340	0.00340	0.00170	0.00170
3	0.00629	0.00503	0.00667	0.03458	0.00747	0.00586	0.00499	0.00748	0.00726	0.01039	0.04873	0.06066	0.16440	0.07147	0.24296	0.00293	0.18381	0.01604	0.10938	0.00360
4	0.01095	0.76844	0.01947	0.00709	0.01030	0.10996	0.00681	0.01218	0.00832	0.00927	0.00552	0.00638	0.00503	0.00343	0.00263	0.00086	0.00452	0.00214	0.00172	0.00498
5	0.00560	0.00398	0.00540	0.00625	0.00679	0.00388	0.00488	0.00679	0.00813	0.01070	0.02058	0.40275	0.02350	0.06775	0.00619	0.00184	0.00303	0.40508	0.00354	0.00334
6	0.01007	0.00733	0.07282	0.00726	0.00929	0.00664	0.02662	0.11338	0.03012	0.20066	0.25210	0.01713	0.01656	0.02443	0.09320	0.03561	0.06353	0.00476	0.00357	0.00492
7	0.00679	0.00493	0.00670	0.21649	0.02223	0.00509	0.00550	0.00832	0.00836	0.07370	0.02170	0.10317	0.29982	0.02805	0.06603	0.00172	0.00363	0.01975	0.09413	0.00389
8	0.00967	0.27216	0.23781	0.04226	0.03731	0.01034	0.00870	0.07036	0.03736	0.04186	0.00732	0.00825	0.00574	0.00360	0.00322	0.00098	0.00435	0.00271	0.00217	0.19382
9	0.00485	0.00352	0.00451	0.00522	0.00558	0.00325	0.00351	0.00559	0.00775	0.01024	0.06439	0.68968	0.11185	0.05328	0.00567	0.00165	0.00230	0.01037	0.00361	0.00318
10	0.00744	0.09758	0.06533	0.02539	0.00893	0.03422	0.04682	0.03881	0.06058	0.02985	0.35669	0.02275	0.15949	0.02372	0.00452	0.00126	0.00311	0.00574	0.00343	0.00433
11	0.05534	0.07590	0.01207	0.01174	0.20796	0.07250	0.00782	0.03300	0.04877	0.10674	0.00791	0.00922	0.00634	0.00437	0.00530	0.00115	0.17239	0.00313	0.00245	0.15588
12	0.05343	0.10532	0.38527	0.00923	0.01319	0.00910	0.05733	0.07527	0.03989	0.03059	0.07826	0.01090	0.00863	0.00627	0.07307	0.00160	0.00523	0.00345	0.00233	0.03163
13	0.00961	0.35137	0.41051	0.00948	0.01388	0.09510	0.03648	0.01248	0.00847	0.01089	0.00634	0.00745	0.00503	0.00360	0.00326	0.00106	0.00532	0.00260	0.00171	0.00535

[dist]
# distance from previous block
# <min> <max>
0	36

# created by:
# /st0/software/busco_prod/Augustus/scripts/msa2prfl.pl ./align_prep/28051.fa
