[name]
unknown

[dist]
# distance from previous block
# <min> <max>
8	134

[block]
# block no. 0 follows, 75 sequences, length 18
# corresponding to MSA columns:
# 168-185
name=unknown_A
#
# <colnr> <probs for GDERKNQSTAVLIFYWHMCP>
#	G	D	E	R	K	N	Q	S	T	A	V	L	I	F	Y	W	H	M	C	P
0	0.33490	0.05157	0.02204	0.00670	0.00903	0.06569	0.02218	0.11610	0.23081	0.01554	0.03191	0.03699	0.00786	0.00431	0.00312	0.00113	0.00337	0.00322	0.00284	0.03069
1	0.00672	0.06732	0.26329	0.00751	0.00973	0.01649	0.00753	0.02539	0.00771	0.02525	0.03224	0.27621	0.02462	0.00810	0.03782	0.00152	0.07005	0.10582	0.00255	0.00413
2	0.01116	0.03186	0.00854	0.02793	0.00933	0.00729	0.00568	0.04621	0.26676	0.31640	0.01392	0.13782	0.01126	0.00581	0.00457	0.00126	0.08050	0.00471	0.00367	0.00534
3	0.01218	0.09088	0.01080	0.00749	0.01029	0.01012	0.00626	0.54835	0.01393	0.04280	0.00840	0.00876	0.00623	0.00410	0.00356	0.00099	0.02513	0.00304	0.05761	0.12907
4	0.01071	0.40885	0.01479	0.00817	0.03113	0.19996	0.05332	0.07007	0.09163	0.02450	0.00730	0.01877	0.00620	0.00435	0.02300	0.00107	0.00467	0.01456	0.00213	0.00482
5	0.00882	0.00944	0.05852	0.01180	0.01424	0.00974	0.37665	0.08948	0.08605	0.01224	0.00763	0.00975	0.00608	0.00544	0.04556	0.00154	0.23622	0.00382	0.00213	0.00485
6	0.00471	0.00356	0.00406	0.00423	0.00497	0.00319	0.00296	0.00535	0.00756	0.00952	0.08405	0.20854	0.43884	0.11726	0.02117	0.06408	0.00235	0.00756	0.00316	0.00289
7	0.89687	0.00710	0.00540	0.00483	0.00710	0.00824	0.00398	0.01080	0.00625	0.01648	0.00511	0.00597	0.00398	0.00341	0.00227	0.00114	0.00284	0.00199	0.00227	0.00398
8	0.00525	0.00394	0.00590	0.00590	0.00656	0.00459	0.00459	0.00656	0.00590	0.00853	0.00984	0.01443	0.00918	0.02755	0.85637	0.00590	0.00984	0.00394	0.00197	0.00328
9	0.00479	0.00337	0.00439	0.00509	0.00533	0.00322	0.00346	0.00542	0.00687	0.00913	0.01855	0.62326	0.02193	0.17036	0.00732	0.00190	0.00253	0.09699	0.00319	0.00289
10	0.01044	0.06209	0.11380	0.01321	0.15613	0.12383	0.26817	0.11378	0.00977	0.06290	0.00741	0.00882	0.00562	0.00359	0.00392	0.00112	0.02459	0.00337	0.00218	0.00526
11	0.01374	0.01061	0.01141	0.00877	0.01169	0.05029	0.03916	0.76585	0.01662	0.02205	0.00862	0.00876	0.00615	0.00433	0.00368	0.00110	0.00424	0.00330	0.00352	0.00610
12	0.00452	0.00361	0.00405	0.00418	0.00513	0.00314	0.00304	0.00552	0.00843	0.01063	0.17321	0.21728	0.52537	0.00948	0.00442	0.00128	0.00190	0.00815	0.00352	0.00314
13	0.79735	0.07403	0.00664	0.00511	0.00743	0.03882	0.00427	0.01095	0.00649	0.01561	0.00513	0.00598	0.00406	0.00340	0.00232	0.00110	0.00306	0.00200	0.00221	0.00404
14	0.00491	0.00356	0.00473	0.00552	0.00601	0.00338	0.00414	0.00590	0.00758	0.00992	0.02130	0.54767	0.08650	0.01091	0.00478	0.00153	0.00250	0.26264	0.00340	0.00312
15	0.06706	0.00623	0.00793	0.00631	0.00882	0.00579	0.00514	0.03875	0.07423	0.61340	0.09936	0.01366	0.01151	0.00481	0.00366	0.00114	0.00295	0.00392	0.01959	0.00575
16	0.07743	0.12095	0.15400	0.02487	0.19034	0.09401	0.25074	0.01184	0.02107	0.01151	0.00664	0.00830	0.00523	0.00333	0.00352	0.00110	0.00511	0.00315	0.00182	0.00504
17	0.26482	0.00902	0.00907	0.00743	0.00976	0.02994	0.00607	0.39605	0.12058	0.01854	0.00811	0.00852	0.00608	0.00438	0.00407	0.00117	0.08506	0.00301	0.00304	0.00528

[dist]
# distance from previous block
# <min> <max>
1	4

[block]
# block no. 1 follows, 75 sequences, length 64
# corresponding to MSA columns:
# 191-254
name=unknown_B
#
# <colnr> <probs for GDERKNQSTAVLIFYWHMCP>
#	G	D	E	R	K	N	Q	S	T	A	V	L	I	F	Y	W	H	M	C	P
0	0.19281	0.00426	0.00516	0.01663	0.00577	0.00458	0.00358	0.00674	0.03981	0.00894	0.00652	0.01021	0.00610	0.01056	0.02308	0.64489	0.00322	0.00299	0.00183	0.00233
1	0.00715	0.00603	0.00712	0.00539	0.00820	0.00461	0.00421	0.00863	0.00753	0.01158	0.00858	0.13612	0.00825	0.00403	0.00301	0.00069	0.00263	0.00341	0.00236	0.76047
2	0.04002	0.00766	0.00864	0.00713	0.03490	0.00752	0.00551	0.16408	0.24008	0.07792	0.00984	0.00987	0.00742	0.00383	0.00326	0.00092	0.00310	0.00307	0.00305	0.36217
3	0.06156	0.53063	0.05120	0.00672	0.00978	0.03908	0.00639	0.08705	0.00873	0.11009	0.00669	0.00715	0.00536	0.00350	0.00286	0.00090	0.01594	0.00236	0.00219	0.04182
4	0.00583	0.00424	0.00500	0.00510	0.00598	0.00415	0.00365	0.00809	0.13224	0.04567	0.11732	0.34551	0.19121	0.09039	0.00572	0.00155	0.00234	0.01899	0.00347	0.00355
5	0.00481	0.00371	0.00408	0.00414	0.00515	0.00329	0.00310	0.00589	0.00830	0.01066	0.12940	0.07406	0.53085	0.05045	0.02639	0.00147	0.00223	0.05863	0.07025	0.00314
6	0.00832	0.01149	0.18975	0.01378	0.01767	0.00897	0.60297	0.01198	0.05208	0.01187	0.00798	0.03127	0.00615	0.00349	0.00414	0.00123	0.00576	0.00415	0.00193	0.00505
7	0.00920	0.01010	0.01315	0.15126	0.02414	0.18597	0.19279	0.01134	0.05114	0.00998	0.00651	0.00888	0.00541	0.00497	0.02259	0.00138	0.28161	0.00336	0.00185	0.00439
8	0.00540	0.00402	0.00477	0.00485	0.00578	0.00381	0.00358	0.01618	0.06667	0.02803	0.18663	0.25867	0.28172	0.02365	0.03564	0.00151	0.00241	0.04138	0.02186	0.00344
9	0.00469	0.00333	0.00439	0.00516	0.00541	0.00316	0.00352	0.00537	0.00700	0.00930	0.01931	0.70863	0.02292	0.09626	0.00611	0.00171	0.00239	0.08510	0.00329	0.00295
10	0.00737	0.01900	0.85189	0.01047	0.01590	0.00853	0.01357	0.01163	0.00775	0.01163	0.00659	0.00775	0.00465	0.00349	0.00349	0.00116	0.00543	0.00271	0.00155	0.00543
11	0.00653	0.00469	0.00693	0.00642	0.00742	0.00490	0.06012	0.01452	0.00742	0.08326	0.05652	0.20078	0.09441	0.03375	0.27683	0.00287	0.06554	0.05200	0.01147	0.00364
12	0.00673	0.00666	0.10372	0.00623	0.00805	0.00546	0.03345	0.02723	0.15706	0.03902	0.38348	0.02229	0.11484	0.03577	0.00459	0.00127	0.00273	0.02569	0.01152	0.00422
13	0.00798	0.00795	0.01114	0.00957	0.00958	0.01112	0.00797	0.00879	0.00563	0.00883	0.00492	0.00816	0.00491	0.00685	0.02901	0.00169	0.84704	0.00323	0.00161	0.00400
14	0.00563	0.00385	0.00502	0.00467	0.00561	0.00354	0.00351	0.00731	0.01030	0.04760	0.78789	0.02696	0.04919	0.01733	0.00447	0.00118	0.00181	0.00653	0.00403	0.00355
15	0.00591	0.00436	0.00588	0.00571	0.00641	0.00492	0.00428	0.05559	0.03586	0.00935	0.01043	0.02560	0.01011	0.19846	0.59454	0.00493	0.00788	0.00427	0.00220	0.00332
16	0.04277	0.00771	0.00834	0.00721	0.00929	0.00856	0.00566	0.25534	0.38873	0.06307	0.01352	0.13952	0.01131	0.00570	0.00379	0.00123	0.00312	0.00473	0.01496	0.00544
17	0.83037	0.04843	0.00622	0.00503	0.00728	0.00862	0.00420	0.01075	0.00629	0.01590	0.00511	0.00602	0.00404	0.00348	0.00254	0.00113	0.02633	0.00202	0.00222	0.00401
18	0.00520	0.00352	0.00468	0.00537	0.00585	0.00329	0.00387	0.00606	0.00747	0.04452	0.02068	0.65873	0.06236	0.01089	0.00469	0.00150	0.00236	0.14231	0.00345	0.00319
19	0.00799	0.00709	0.00949	0.00737	0.04988	0.00572	0.08910	0.03468	0.00805	0.01229	0.00671	0.00796	0.00550	0.00284	0.00296	0.00066	0.00319	0.00248	0.00217	0.73388
20	0.00638	0.00319	0.00478	0.00478	0.00478	0.00319	0.00319	0.00478	0.00478	0.00638	0.00638	0.01116	0.00638	0.01276	0.01435	0.89314	0.00319	0.00319	0.00159	0.00159
21	0.13926	0.00380	0.00491	0.00483	0.00519	0.00399	0.00335	0.00574	0.00504	0.00796	0.00630	0.01049	0.00611	0.01184	0.03954	0.73156	0.00335	0.00303	0.00171	0.00200
22	0.43445	0.00683	0.00696	0.00582	0.00823	0.00719	0.00474	0.05269	0.06473	0.32326	0.01003	0.04477	0.00730	0.00432	0.00306	0.00116	0.00298	0.00317	0.00332	0.00500
23	0.01063	0.00771	0.00847	0.00735	0.00960	0.00859	0.00579	0.05615	0.65918	0.16140	0.01459	0.01327	0.01062	0.00488	0.00373	0.00122	0.00300	0.00403	0.00388	0.00591
24	0.00434	0.00372	0.00372	0.00372	0.00496	0.00310	0.00279	0.00527	0.00837	0.00992	0.03721	0.03535	0.84652	0.00930	0.00434	0.00124	0.00186	0.00775	0.00341	0.00310
25	0.00711	0.00428	0.00510	0.00471	0.00601	0.00394	0.00363	0.01680	0.04038	0.13566	0.29133	0.05054	0.24051	0.00714	0.00398	0.00116	0.00210	0.03262	0.13915	0.00387
26	0.07573	0.00543	0.00638	0.00566	0.00723	0.00547	0.00435	0.03259	0.16580	0.19662	0.27814	0.08827	0.02623	0.06459	0.00488	0.00135	0.00256	0.00528	0.01895	0.00450
27	0.02051	0.00659	0.00743	0.00654	0.00844	0.00711	0.00511	0.04309	0.45305	0.15291	0.15917	0.04453	0.01504	0.00550	0.00379	0.00120	0.00269	0.00463	0.04742	0.00526
28	0.01031	0.00775	0.00843	0.00738	0.00959	0.00870	0.00580	0.04693	0.69909	0.13060	0.01468	0.01337	0.01075	0.00490	0.00373	0.00123	0.00298	0.00406	0.00385	0.00589
29	0.00484	0.00360	0.00434	0.00448	0.00527	0.00323	0.00321	0.00592	0.00857	0.02136	0.29577	0.28355	0.29813	0.03469	0.00486	0.00136	0.00197	0.00808	0.00360	0.00320
30	0.22892	0.00523	0.00575	0.00540	0.00696	0.00526	0.00417	0.02071	0.04371	0.19192	0.03736	0.27115	0.10680	0.00723	0.00379	0.00128	0.00260	0.04420	0.00340	0.00414
31	0.09628	0.00419	0.00492	0.00470	0.00578	0.00403	0.00354	0.00749	0.00885	0.06182	0.40644	0.09979	0.15695	0.04433	0.04533	0.00152	0.00247	0.01771	0.02036	0.00352
32	0.00726	0.00686	0.01160	0.73678	0.14810	0.00824	0.01036	0.00967	0.00750	0.00977	0.00658	0.00969	0.00503	0.00361	0.00367	0.00120	0.00482	0.00327	0.00166	0.00434
33	0.00635	0.00419	0.00530	0.00535	0.00621	0.00405	0.00396	0.02515	0.06277	0.07803	0.24063	0.32914	0.04726	0.06178	0.00529	0.00148	0.00239	0.09009	0.01696	0.00363
34	0.00753	0.00408	0.00534	0.00526	0.00629	0.00368	0.00385	0.00854	0.00841	0.21261	0.13062	0.43880	0.08434	0.03145	0.00472	0.00139	0.00235	0.02178	0.01512	0.00384
35	0.00519	0.00380	0.00498	0.00571	0.00623	0.00373	0.00426	0.00673	0.05840	0.01019	0.01979	0.54948	0.03372	0.02385	0.00495	0.00156	0.00256	0.24818	0.00340	0.00326
36	0.00510	0.00350	0.00413	0.00430	0.00447	0.00341	0.00262	0.00542	0.00625	0.00837	0.08480	0.21877	0.04437	0.57294	0.01380	0.00281	0.00302	0.00670	0.00269	0.00253
37	0.00762	0.00653	0.00762	0.00544	0.00870	0.00490	0.00435	0.00925	0.00762	0.01197	0.00653	0.00762	0.00544	0.00272	0.00272	0.00054	0.00272	0.00218	0.00218	0.89338
38	0.00509	0.00341	0.00453	0.00523	0.00561	0.00318	0.00362	0.00582	0.00726	0.04430	0.02012	0.73702	0.04166	0.03239	0.00501	0.00154	0.00229	0.06537	0.00343	0.00313
39	0.00612	0.00450	0.00652	0.00612	0.00701	0.00489	0.04388	0.00785	0.05697	0.04388	0.01178	0.01733	0.03878	0.16369	0.53077	0.00451	0.00743	0.03223	0.00232	0.00346
40	0.00510	0.00381	0.00479	0.00485	0.00577	0.00350	0.00378	0.00658	0.00938	0.01260	0.45394	0.07340	0.22306	0.00864	0.00450	0.00130	0.00210	0.16583	0.00373	0.00334
41	0.00940	0.00856	0.01433	0.09240	0.68614	0.00871	0.03148	0.05241	0.00880	0.04182	0.00725	0.00928	0.00587	0.00340	0.00366	0.00111	0.00439	0.00331	0.00199	0.00568
42	0.04970	0.00856	0.01169	0.00888	0.01175	0.00878	0.15634	0.37225	0.01264	0.24753	0.01004	0.01028	0.00701	0.00570	0.06017	0.00146	0.00451	0.00359	0.00341	0.00572
43	0.01329	0.00950	0.01150	0.06677	0.04106	0.01028	0.05622	0.61080	0.01502	0.11450	0.00916	0.00937	0.00642	0.00426	0.00371	0.00112	0.00413	0.00341	0.00346	0.00601
44	0.01055	0.59416	0.05603	0.00672	0.00974	0.05660	0.00646	0.05882	0.02532	0.09357	0.02180	0.00825	0.03103	0.00370	0.00279	0.00089	0.00395	0.00257	0.00214	0.00492
45	0.01036	0.01002	0.02952	0.00755	0.00941	0.26684	0.00599	0.03911	0.23895	0.09264	0.14687	0.02614	0.02488	0.00541	0.00394	0.00116	0.01895	0.05436	0.00317	0.00475
46	0.05222	0.00640	0.00777	0.00688	0.00871	0.02077	0.03882	0.15446	0.08647	0.13992	0.08960	0.04540	0.08172	0.01781	0.00434	0.00134	0.00326	0.22597	0.00355	0.00460
47	0.09172	0.00610	0.00762	0.00617	0.00852	0.00574	0.00495	0.02202	0.08584	0.56855	0.05332	0.04265	0.01084	0.06336	0.00465	0.00132	0.00302	0.00406	0.00405	0.00549
48	0.00806	0.00787	0.01243	0.51010	0.32972	0.04881	0.01045	0.01034	0.00787	0.01033	0.00663	0.00938	0.00523	0.00353	0.00364	0.00116	0.00478	0.00322	0.00171	0.00473
49	0.00974	0.00899	0.00948	0.00842	0.01024	0.19172	0.09027	0.15088	0.07715	0.04132	0.01298	0.09996	0.01256	0.00660	0.00419	0.00131	0.00432	0.25238	0.00302	0.00447
50	0.01430	0.00889	0.01101	0.00841	0.01133	0.04457	0.08970	0.37187	0.03384	0.35084	0.01096	0.01042	0.00737	0.00432	0.00373	0.00113	0.00397	0.00355	0.00376	0.00602
51	0.00944	0.00882	0.05089	0.13519	0.37608	0.04817	0.07073	0.02227	0.00846	0.09934	0.00853	0.01018	0.03431	0.00385	0.00412	0.00113	0.05214	0.00342	0.00216	0.05077
52	0.00645	0.00407	0.00472	0.00437	0.00558	0.00359	0.00323	0.00749	0.00867	0.13370	0.20558	0.02859	0.42329	0.13683	0.00639	0.00155	0.00227	0.00656	0.00354	0.00351
53	0.00933	0.00941	0.01555	0.01909	0.55523	0.07241	0.18944	0.01158	0.00862	0.02529	0.00759	0.01053	0.00640	0.00359	0.00383	0.00114	0.00487	0.03876	0.00194	0.00541
54	0.00834	0.00701	0.00865	0.03614	0.10134	0.02171	0.00545	0.01032	0.03460	0.05193	0.00720	0.00826	0.00581	0.00299	0.00294	0.00069	0.00307	0.00247	0.00228	0.67879
55	0.00790	0.01537	0.54365	0.01212	0.06765	0.00864	0.21028	0.03897	0.00835	0.01201	0.00792	0.00932	0.03351	0.00361	0.00374	0.00118	0.00538	0.00333	0.00178	0.00529
56	0.00677	0.00491	0.00619	0.00608	0.00711	0.00493	0.02694	0.11831	0.05831	0.04053	0.03284	0.43171	0.08334	0.04490	0.00505	0.00149	0.00277	0.11062	0.00342	0.00379
57	0.00959	0.49898	0.14553	0.01005	0.15722	0.07673	0.00832	0.01168	0.03320	0.00992	0.00599	0.00703	0.00510	0.00332	0.00287	0.00092	0.00441	0.00241	0.00170	0.00501
58	0.00909	0.02033	0.13450	0.02932	0.24445	0.00744	0.12653	0.01141	0.00849	0.11977	0.06147	0.01087	0.02521	0.00386	0.00389	0.00106	0.03171	0.00351	0.00235	0.14475
59	0.00525	0.00391	0.00474	0.00488	0.00576	0.00373	0.00362	0.04026	0.00812	0.02236	0.08493	0.29223	0.31351	0.01226	0.13159	0.00201	0.00328	0.03525	0.01900	0.00331
60	0.02166	0.03135	0.03686	0.07520	0.01163	0.22251	0.08640	0.02498	0.12370	0.06205	0.01179	0.07795	0.01093	0.00582	0.00397	0.00126	0.00450	0.18026	0.00273	0.00444
61	0.01044	0.13111	0.08500	0.03482	0.23851	0.06079	0.08680	0.05925	0.01470	0.15550	0.01720	0.04596	0.00764	0.00421	0.00360	0.00111	0.00433	0.03126	0.00249	0.00528
62	0.00824	0.10564	0.31106	0.07643	0.17581	0.00915	0.13786	0.02752	0.05163	0.01164	0.02234	0.03240	0.00648	0.00375	0.00360	0.00114	0.00483	0.00340	0.00191	0.00519
63	0.00613	0.00395	0.00511	0.00545	0.00628	0.00372	0.00411	0.00744	0.03326	0.09504	0.04834	0.43263	0.14030	0.01017	0.01937	0.00152	0.00258	0.16757	0.00352	0.00351

[dist]
# distance from previous block
# <min> <max>
2	9

[block]
# block no. 2 follows, 75 sequences, length 21
# corresponding to MSA columns:
# 264-284
name=unknown_C
#
# <colnr> <probs for GDERKNQSTAVLIFYWHMCP>
#	G	D	E	R	K	N	Q	S	T	A	V	L	I	F	Y	W	H	M	C	P
0	0.06359	0.53726	0.06049	0.00701	0.00996	0.09622	0.00660	0.06225	0.10578	0.01097	0.00662	0.00716	0.00552	0.00353	0.00275	0.00092	0.00410	0.00238	0.00202	0.00488
1	0.00739	0.00674	0.00885	0.04675	0.01000	0.08142	0.12977	0.00987	0.09346	0.03117	0.11059	0.19175	0.04431	0.01975	0.00434	0.00126	0.00354	0.09784	0.00294	0.09825
2	0.03712	0.00818	0.07761	0.03403	0.01175	0.03076	0.19417	0.08170	0.05361	0.16842	0.12126	0.04340	0.03321	0.02632	0.00436	0.00128	0.00399	0.06092	0.00308	0.00483
3	0.00821	0.08425	0.40493	0.01075	0.09071	0.07969	0.05926	0.01111	0.02200	0.01087	0.00753	0.07520	0.00652	0.00432	0.00425	0.00116	0.07843	0.00342	0.00183	0.03555
4	0.12463	0.00721	0.01127	0.09353	0.10695	0.01402	0.19006	0.04481	0.04586	0.08808	0.02295	0.01357	0.03827	0.04392	0.09368	0.00180	0.00480	0.04752	0.00249	0.00458
5	0.03909	0.00833	0.01550	0.01178	0.01454	0.03287	0.49218	0.03417	0.02912	0.04704	0.03922	0.04308	0.00979	0.00582	0.04328	0.00150	0.00530	0.12036	0.00243	0.00460
6	0.01778	0.02679	0.04084	0.12910	0.26347	0.06238	0.11159	0.01811	0.02571	0.02764	0.07323	0.09085	0.03515	0.00509	0.00392	0.00120	0.00423	0.05590	0.00236	0.00466
7	0.02804	0.00510	0.00683	0.00714	0.08702	0.00484	0.00498	0.04404	0.00922	0.20120	0.17521	0.15336	0.12583	0.00840	0.05129	0.00151	0.00308	0.07506	0.00354	0.00430
8	0.02556	0.00645	0.00979	0.05003	0.01103	0.01747	0.13946	0.03014	0.05799	0.28964	0.03441	0.05070	0.01287	0.00620	0.00422	0.00133	0.00376	0.24069	0.00344	0.00483
9	0.00721	0.00689	0.09660	0.05332	0.05930	0.00593	0.07109	0.02523	0.04471	0.07236	0.07560	0.26998	0.02236	0.00741	0.00471	0.00136	0.04963	0.11919	0.00296	0.00419
10	0.00848	0.03191	0.22015	0.10240	0.36804	0.00863	0.10125	0.01161	0.04466	0.02967	0.00771	0.01012	0.00617	0.00366	0.00370	0.00116	0.00475	0.02867	0.00192	0.00536
11	0.00654	0.00611	0.01029	0.56889	0.03546	0.00704	0.07581	0.00867	0.00768	0.00991	0.04780	0.09854	0.09196	0.00513	0.00392	0.00125	0.00428	0.00466	0.00211	0.00395
12	0.00922	0.00895	0.01319	0.15877	0.51958	0.07755	0.02629	0.06620	0.02336	0.01200	0.00761	0.04673	0.00650	0.00384	0.00368	0.00113	0.00453	0.00355	0.00202	0.00529
13	0.03388	0.03017	0.06740	0.09940	0.37411	0.04367	0.12746	0.01136	0.02264	0.05734	0.03628	0.03806	0.00757	0.00399	0.00386	0.00116	0.01754	0.01686	0.00213	0.00514
14	0.00454	0.00335	0.00425	0.00483	0.00529	0.00306	0.00331	0.00536	0.00765	0.01010	0.12104	0.63153	0.16090	0.01067	0.00459	0.00141	0.00204	0.00955	0.00348	0.00306
15	0.00666	0.00587	0.00711	0.00868	0.13111	0.08573	0.00577	0.00819	0.03371	0.01029	0.01573	0.32813	0.01731	0.02549	0.05389	0.00172	0.00375	0.24418	0.00293	0.00373
16	0.01027	0.00881	0.06922	0.04474	0.42279	0.02260	0.05915	0.06094	0.02297	0.16482	0.02730	0.05333	0.00793	0.00413	0.00375	0.00114	0.00417	0.00381	0.00256	0.00556
17	0.00917	0.18685	0.26727	0.01408	0.32024	0.00987	0.05177	0.04786	0.00848	0.04130	0.00683	0.00819	0.00537	0.00340	0.00337	0.00106	0.00463	0.00291	0.00187	0.00547
18	0.01038	0.01155	0.02258	0.00871	0.00995	0.36528	0.00694	0.05744	0.00857	0.02573	0.00763	0.00956	0.04066	0.00805	0.11945	0.00184	0.27635	0.00315	0.00202	0.00417
19	0.68494	0.13853	0.00793	0.00546	0.00783	0.08433	0.00460	0.01117	0.00680	0.01463	0.00516	0.00601	0.00416	0.00340	0.00238	0.00107	0.00334	0.00202	0.00213	0.00411
20	0.00471	0.00368	0.00423	0.00419	0.00516	0.00324	0.00308	0.00589	0.00892	0.01160	0.34038	0.10327	0.44245	0.03687	0.00483	0.00131	0.00189	0.00748	0.00361	0.00320

[dist]
# distance from previous block
# <min> <max>
0	3

[block]
# block no. 3 follows, 75 sequences, length 8
# corresponding to MSA columns:
# 288-295
name=unknown_D
#
# <colnr> <probs for GDERKNQSTAVLIFYWHMCP>
#	G	D	E	R	K	N	Q	S	T	A	V	L	I	F	Y	W	H	M	C	P
0	0.01017	0.03586	0.01454	0.01725	0.49455	0.00974	0.08792	0.20716	0.01032	0.01433	0.00723	0.00894	0.00580	0.00371	0.00418	0.00113	0.05589	0.00334	0.00224	0.00570
1	0.00786	0.00742	0.00782	0.00739	0.00869	0.14466	0.04666	0.01115	0.18771	0.01137	0.07946	0.07584	0.01497	0.05564	0.07053	0.00182	0.03118	0.22282	0.00297	0.00406
2	0.05245	0.00701	0.00931	0.28108	0.06852	0.00795	0.00736	0.18203	0.11280	0.03156	0.01063	0.12034	0.00943	0.00624	0.03896	0.00143	0.00408	0.04138	0.00274	0.00470
3	0.00879	0.00640	0.00862	0.08655	0.06917	0.04269	0.00628	0.05013	0.00738	0.13018	0.00837	0.01145	0.00714	0.04958	0.19315	0.13221	0.17215	0.00351	0.00226	0.00400
4	0.00750	0.00596	0.00830	0.00751	0.00897	0.00611	0.10098	0.16558	0.07651	0.01331	0.04410	0.31262	0.01725	0.00820	0.00446	0.00140	0.00331	0.20043	0.00332	0.00417
5	0.00643	0.00406	0.00507	0.00515	0.00585	0.00392	0.00373	0.00759	0.03817	0.09156	0.08393	0.19885	0.06737	0.29867	0.00928	0.00214	0.00292	0.15887	0.00318	0.00327
6	0.02747	0.00451	0.00598	0.00601	0.04197	0.00425	0.00422	0.00912	0.00810	0.22054	0.10143	0.24501	0.07956	0.12146	0.08111	0.00199	0.00332	0.02663	0.00339	0.00394
7	0.00911	0.00704	0.00816	0.00594	0.00913	0.00585	0.00479	0.12647	0.00917	0.06984	0.00739	0.00811	0.00580	0.00308	0.00292	0.00066	0.00293	0.00244	0.00255	0.70864

[dist]
# distance from previous block
# <min> <max>
0	1

[block]
# block no. 4 follows, 75 sequences, length 20
# corresponding to MSA columns:
# 297-316
name=unknown_E
#
# <colnr> <probs for GDERKNQSTAVLIFYWHMCP>
#	G	D	E	R	K	N	Q	S	T	A	V	L	I	F	Y	W	H	M	C	P
0	0.02493	0.00404	0.00500	0.00508	0.00604	0.00375	0.00390	0.00733	0.00833	0.08933	0.15817	0.17594	0.20979	0.09771	0.00593	0.00159	0.00253	0.18370	0.00347	0.00342
1	0.00712	0.00429	0.00531	0.00527	0.00630	0.00409	0.00385	0.00908	0.09254	0.14577	0.10814	0.41122	0.09111	0.01948	0.00439	0.00133	0.00229	0.00752	0.06701	0.00388
2	0.03909	0.01051	0.01860	0.01368	0.01698	0.10702	0.62967	0.06391	0.00932	0.01229	0.00767	0.01045	0.00602	0.00352	0.00413	0.00121	0.00589	0.03312	0.00204	0.00487
3	0.00629	0.00414	0.00509	0.00506	0.00600	0.00388	0.00375	0.04617	0.00868	0.08424	0.17407	0.26347	0.19457	0.09489	0.00585	0.00155	0.00244	0.08286	0.00352	0.00350
4	0.00824	0.00635	0.00743	0.00559	0.00841	0.00520	0.00442	0.03407	0.05964	0.07533	0.05953	0.01089	0.02740	0.03864	0.00366	0.00082	0.00275	0.00297	0.00264	0.63601
5	0.00487	0.00363	0.00438	0.00451	0.00511	0.00348	0.00314	0.00566	0.00717	0.00938	0.10471	0.18000	0.25858	0.23733	0.13706	0.00260	0.00357	0.01895	0.00295	0.00292
6	0.14873	0.00654	0.00789	0.00626	0.00878	0.00628	0.00508	0.07844	0.03957	0.56707	0.01243	0.01215	0.00850	0.07010	0.00462	0.00132	0.00318	0.00355	0.00393	0.00558
7	0.00476	0.00366	0.00451	0.00471	0.00550	0.00348	0.00348	0.00570	0.00750	0.00967	0.07445	0.21142	0.35931	0.03870	0.19018	0.02276	0.00379	0.04029	0.00306	0.00309
8	0.76751	0.00757	0.00622	0.00536	0.00773	0.00870	0.00442	0.13166	0.00786	0.01746	0.00566	0.00638	0.00431	0.00356	0.00248	0.00113	0.00302	0.00218	0.00248	0.00431
9	0.00635	0.00456	0.00514	0.00491	0.00559	0.00464	0.00339	0.09811	0.04149	0.01031	0.05095	0.04839	0.11502	0.49718	0.01246	0.00259	0.00325	0.07979	0.00281	0.00310
10	0.00534	0.00358	0.00409	0.00409	0.00412	0.00361	0.00233	0.00539	0.00537	0.00718	0.01150	0.02362	0.01317	0.83410	0.05527	0.00366	0.00383	0.00528	0.00221	0.00227
11	0.06734	0.00794	0.00971	0.07823	0.01106	0.08003	0.11718	0.15908	0.08971	0.09096	0.01022	0.05690	0.00895	0.18848	0.00689	0.00168	0.00415	0.00419	0.00278	0.00451
12	0.49612	0.00734	0.00721	0.00590	0.00845	0.00788	0.00487	0.14113	0.00924	0.26719	0.00850	0.00837	0.00586	0.00390	0.00292	0.00113	0.00311	0.00270	0.00317	0.00501
13	0.00458	0.00362	0.00415	0.00453	0.00531	0.00327	0.00320	0.00572	0.03850	0.00986	0.02823	0.43487	0.42060	0.01020	0.00449	0.00136	0.00203	0.00891	0.00342	0.00314
14	0.00732	0.00752	0.04494	0.72980	0.02317	0.03660	0.00996	0.01006	0.04287	0.00969	0.00679	0.00970	0.00515	0.00383	0.00398	0.00123	0.03821	0.00325	0.00173	0.00421
15	0.06857	0.01100	0.18070	0.09067	0.16141	0.05982	0.13328	0.03223	0.07955	0.02971	0.00733	0.00898	0.00569	0.00396	0.00465	0.00121	0.11091	0.00326	0.00203	0.00503
16	0.00584	0.00416	0.00577	0.00659	0.00737	0.00415	0.00567	0.00742	0.00827	0.01077	0.01917	0.07558	0.02097	0.04358	0.00558	0.00176	0.00334	0.75735	0.00334	0.00332
17	0.04741	0.00592	0.00730	0.00588	0.00818	0.00558	0.00477	0.06347	0.05450	0.52250	0.01321	0.01239	0.00892	0.00445	0.00337	0.00107	0.00281	0.00356	0.21924	0.00545
18	0.04941	0.01351	0.11939	0.00914	0.04654	0.41748	0.00749	0.04506	0.00967	0.13763	0.00858	0.05544	0.02088	0.00447	0.00382	0.00108	0.03998	0.00324	0.00243	0.00474
19	0.00761	0.00480	0.00666	0.00651	0.04097	0.00504	0.00478	0.00878	0.00755	0.16806	0.08760	0.10423	0.09012	0.06911	0.29164	0.00298	0.08163	0.00514	0.00290	0.00391

[dist]
# distance from previous block
# <min> <max>
0	1

[block]
# block no. 5 follows, 75 sequences, length 35
# corresponding to MSA columns:
# 318-352
name=unknown_F
#
# <colnr> <probs for GDERKNQSTAVLIFYWHMCP>
#	G	D	E	R	K	N	Q	S	T	A	V	L	I	F	Y	W	H	M	C	P
0	0.02491	0.07754	0.00894	0.00631	0.03439	0.06795	0.00491	0.00988	0.00780	0.01157	0.00634	0.00742	0.00531	0.00286	0.00275	0.00062	0.00315	0.00220	0.00210	0.71305
1	0.00570	0.00389	0.00511	0.00483	0.00579	0.00359	0.00370	0.00741	0.01023	0.04930	0.73877	0.02793	0.04780	0.00760	0.00436	0.00119	0.00191	0.06330	0.00401	0.00357
2	0.00907	0.33475	0.21537	0.00801	0.01149	0.00997	0.07476	0.04747	0.00825	0.05840	0.00765	0.01027	0.00652	0.03010	0.00364	0.00107	0.00425	0.05747	0.00206	0.09942
3	0.83521	0.06730	0.00636	0.00493	0.00726	0.00868	0.00414	0.01081	0.00633	0.01593	0.00511	0.00596	0.00403	0.00339	0.00228	0.00111	0.00292	0.00199	0.00222	0.00403
4	0.00524	0.00356	0.00424	0.00447	0.00459	0.00352	0.00280	0.00552	0.00595	0.00790	0.01390	0.17793	0.01608	0.63244	0.01485	0.00301	0.00329	0.08570	0.00255	0.00247
5	0.02256	0.08489	0.13037	0.00909	0.06930	0.00949	0.03030	0.22658	0.23136	0.10132	0.03051	0.01053	0.00810	0.00426	0.00355	0.00112	0.00383	0.00345	0.00309	0.01629
6	0.01018	0.21192	0.01116	0.00742	0.00965	0.18554	0.00605	0.06093	0.35690	0.01285	0.08184	0.01132	0.01009	0.00449	0.00337	0.00106	0.00388	0.00344	0.00287	0.00506
7	0.14202	0.01010	0.07563	0.01354	0.01715	0.00908	0.65409	0.01161	0.00824	0.01246	0.00703	0.00917	0.00527	0.00317	0.00397	0.00122	0.00564	0.00387	0.00190	0.00484
8	0.89687	0.00710	0.00540	0.00483	0.00710	0.00824	0.00398	0.01080	0.00625	0.01648	0.00511	0.00597	0.00398	0.00341	0.00227	0.00114	0.00284	0.00199	0.00227	0.00398
9	0.00802	0.00472	0.00581	0.00537	0.00665	0.02134	0.00409	0.00937	0.04923	0.20283	0.07935	0.09895	0.20869	0.03731	0.13965	0.08849	0.00377	0.01923	0.00326	0.00386
10	0.03640	0.00480	0.00635	0.00581	0.00719	0.00462	0.00441	0.03967	0.00829	0.31082	0.01476	0.29752	0.01401	0.04851	0.15292	0.02623	0.00400	0.00597	0.00344	0.00428
11	0.00638	0.00319	0.00478	0.00478	0.00478	0.00319	0.00319	0.00478	0.00478	0.00638	0.00638	0.01116	0.00638	0.01276	0.01435	0.89314	0.00319	0.00319	0.00159	0.00159
12	0.00534	0.00356	0.00401	0.00401	0.00401	0.00356	0.00223	0.00534	0.00534	0.00712	0.01157	0.02403	0.01335	0.87092	0.01869	0.00356	0.00356	0.00534	0.00223	0.00223
13	0.00890	0.01086	0.18932	0.02072	0.06193	0.02660	0.19794	0.04367	0.25850	0.03169	0.00950	0.01025	0.00713	0.00390	0.00390	0.00115	0.02401	0.00356	0.00250	0.08398
14	0.01072	0.60395	0.01614	0.00700	0.00970	0.23840	0.00633	0.01186	0.00826	0.00897	0.00558	0.00646	0.00494	0.00337	0.00262	0.00083	0.00454	0.00214	0.04367	0.00453
15	0.00447	0.00320	0.00426	0.00511	0.00533	0.00298	0.00341	0.00511	0.00703	0.00938	0.02024	0.86853	0.02429	0.01151	0.00469	0.00149	0.00213	0.01044	0.00341	0.00298
16	0.01067	0.00782	0.00847	0.00715	0.00933	0.02419	0.00569	0.26124	0.33519	0.10259	0.05389	0.02683	0.05092	0.00622	0.04401	0.00139	0.00351	0.00418	0.03123	0.00548
17	0.01067	0.02580	0.11776	0.00969	0.06971	0.04496	0.16601	0.02365	0.00919	0.29162	0.04663	0.11071	0.03567	0.00512	0.00392	0.00119	0.00407	0.01544	0.00307	0.00512
18	0.01039	0.00588	0.00767	0.00687	0.06636	0.00521	0.00502	0.03921	0.03371	0.31809	0.22204	0.01637	0.06577	0.00515	0.00370	0.00103	0.00273	0.00436	0.00365	0.17679
19	0.00982	0.87313	0.01925	0.00628	0.00943	0.01453	0.00628	0.01100	0.00746	0.00864	0.00511	0.00589	0.00471	0.00314	0.00236	0.00079	0.00393	0.00196	0.00157	0.00471
20	0.00769	0.00667	0.00806	0.00581	0.00905	0.00516	0.02942	0.00964	0.03353	0.01207	0.00682	0.00787	0.00562	0.00280	0.00280	0.00059	0.00283	0.00230	0.00221	0.83904
21	0.00526	0.00389	0.00568	0.00568	0.00627	0.00447	0.00432	0.00642	0.00584	0.00836	0.01004	0.01553	0.00966	0.12442	0.76015	0.00563	0.00912	0.00410	0.00200	0.00316
22	0.00462	0.00330	0.00422	0.00488	0.00527	0.00307	0.00333	0.00539	0.00729	0.00980	0.04719	0.69266	0.11013	0.01112	0.02255	0.00152	0.00223	0.00954	0.04885	0.00304
23	0.78195	0.00674	0.00539	0.00482	0.00698	0.00766	0.00394	0.01054	0.00672	0.03847	0.06487	0.00860	0.03398	0.00392	0.00252	0.00114	0.00274	0.00255	0.00249	0.00397
24	0.00454	0.00324	0.00434	0.00519	0.00543	0.00304	0.00353	0.00523	0.00710	0.00945	0.02021	0.82947	0.02414	0.01144	0.00471	0.00150	0.00219	0.04883	0.00341	0.00300
25	0.00897	0.00971	0.01987	0.01433	0.01776	0.00940	0.70229	0.06879	0.00906	0.01239	0.00735	0.00965	0.00557	0.00337	0.00468	0.00123	0.05527	0.00413	0.00198	0.03423
26	0.02919	0.00401	0.00481	0.00467	0.00569	0.00372	0.00346	0.00778	0.01759	0.10265	0.25839	0.17527	0.18467	0.06584	0.00507	0.00138	0.00218	0.02708	0.09299	0.00356
27	0.00511	0.00378	0.00424	0.00430	0.00532	0.00332	0.00313	0.01638	0.00830	0.04621	0.08721	0.23171	0.52015	0.03785	0.00486	0.00136	0.00205	0.00801	0.00347	0.00324
28	0.01191	0.00886	0.00961	0.00775	0.01038	0.00969	0.00626	0.41917	0.32132	0.07702	0.01132	0.01080	0.00823	0.00451	0.00363	0.00112	0.00347	0.00357	0.00365	0.06775
29	0.01545	0.00677	0.00869	0.00676	0.00952	0.00632	0.00555	0.10862	0.07624	0.67786	0.01385	0.01221	0.00895	0.00456	0.00367	0.00114	0.00318	0.00368	0.02081	0.00616
30	0.07696	0.00579	0.00704	0.00582	0.00797	0.00543	0.00467	0.07805	0.01966	0.44266	0.05487	0.06820	0.12502	0.02406	0.00405	0.00122	0.00283	0.01619	0.04444	0.00507
31	0.00830	0.00497	0.00619	0.00564	0.00705	0.00480	0.00440	0.08960	0.04528	0.17322	0.29554	0.15952	0.07110	0.00741	0.00419	0.00124	0.00248	0.07339	0.03141	0.00426
32	0.00494	0.00364	0.00439	0.00447	0.00502	0.00353	0.00306	0.00567	0.00698	0.00920	0.11033	0.13762	0.22761	0.30122	0.15345	0.00283	0.00380	0.00653	0.00284	0.00286
33	0.00692	0.00477	0.00577	0.00559	0.00687	0.00466	0.00448	0.08460	0.03383	0.07843	0.09476	0.07914	0.26371	0.03572	0.06175	0.00172	0.00318	0.21684	0.00345	0.00381
34	0.12561	0.00619	0.00701	0.00602	0.00794	0.00628	0.00474	0.18461	0.03681	0.21939	0.09360	0.18136	0.09230	0.00647	0.00382	0.00121	0.00283	0.00538	0.00367	0.00474

[dist]
# distance from previous block
# <min> <max>
7	21

[block]
# block no. 6 follows, 75 sequences, length 12
# corresponding to MSA columns:
# 377-388
name=unknown_G
#
# <colnr> <probs for GDERKNQSTAVLIFYWHMCP>
#	G	D	E	R	K	N	Q	S	T	A	V	L	I	F	Y	W	H	M	C	P
0	0.02491	0.00909	0.01321	0.01019	0.01284	0.11836	0.31606	0.05607	0.08385	0.17581	0.03506	0.07742	0.00914	0.02365	0.00428	0.00123	0.00464	0.00438	0.00285	0.01695
1	0.00604	0.00423	0.00522	0.00534	0.00596	0.00425	0.00395	0.07012	0.00777	0.01028	0.06282	0.13398	0.06368	0.30524	0.02863	0.04352	0.00329	0.22969	0.00294	0.00306
2	0.07966	0.01014	0.00995	0.00814	0.02680	0.12457	0.00646	0.45320	0.05520	0.13796	0.00910	0.00903	0.00648	0.00420	0.00348	0.00107	0.00406	0.00313	0.00335	0.04401
3	0.08113	0.00697	0.00878	0.00706	0.05661	0.00584	0.05126	0.03260	0.00804	0.06136	0.00701	0.00801	0.00558	0.00298	0.00291	0.00071	0.00308	0.00246	0.00232	0.64529
4	0.12055	0.00673	0.00867	0.00814	0.07175	0.02333	0.08096	0.05702	0.10131	0.07550	0.05301	0.05920	0.04765	0.04066	0.00440	0.00130	0.00340	0.13494	0.00296	0.09853
5	0.00590	0.00429	0.00576	0.00639	0.00723	0.00433	0.00539	0.00786	0.05006	0.01100	0.05422	0.07422	0.04010	0.05874	0.02465	0.00183	0.00335	0.62793	0.00333	0.00342
6	0.00859	0.00839	0.01497	0.04778	0.61374	0.00833	0.14213	0.01084	0.00839	0.01183	0.03299	0.04497	0.00764	0.00384	0.00384	0.00115	0.00449	0.01874	0.00198	0.00539
7	0.00914	0.00905	0.01454	0.08975	0.66665	0.05354	0.05684	0.01155	0.03170	0.01171	0.00707	0.00919	0.00582	0.00337	0.00366	0.00111	0.00459	0.00331	0.00186	0.00554
8	0.00551	0.00381	0.00473	0.00461	0.00545	0.00353	0.00336	0.00670	0.00868	0.04957	0.38758	0.10014	0.19180	0.13192	0.05444	0.00182	0.00261	0.02696	0.00349	0.00329
9	0.04379	0.00391	0.00480	0.00521	0.00573	0.00390	0.00388	0.00638	0.00696	0.00946	0.01697	0.15866	0.06447	0.33589	0.01001	0.00232	0.00315	0.30872	0.00290	0.00289
10	0.00761	0.00650	0.00806	0.05582	0.02698	0.00727	0.03741	0.01387	0.44736	0.01290	0.03368	0.03138	0.06577	0.00900	0.12373	0.00195	0.00410	0.09866	0.00320	0.00478
11	0.04467	0.00399	0.00480	0.00461	0.00556	0.00382	0.00340	0.00681	0.00799	0.05635	0.24238	0.04976	0.25690	0.11431	0.13240	0.04647	0.00339	0.00598	0.00315	0.00325

[dist]
# distance from previous block
# <min> <max>
0	1

[block]
# block no. 7 follows, 75 sequences, length 52
# corresponding to MSA columns:
# 390-441
name=unknown_H
#
# <colnr> <probs for GDERKNQSTAVLIFYWHMCP>
#	G	D	E	R	K	N	Q	S	T	A	V	L	I	F	Y	W	H	M	C	P
0	0.00522	0.00354	0.00469	0.00523	0.00573	0.00331	0.00375	0.00615	0.00776	0.04158	0.12685	0.57329	0.04700	0.03904	0.00511	0.00152	0.00231	0.11123	0.00349	0.00320
1	0.00762	0.00653	0.00762	0.00544	0.00870	0.00490	0.00435	0.00925	0.00762	0.01197	0.00653	0.00762	0.00544	0.00272	0.00272	0.00054	0.00272	0.00218	0.00218	0.89338
2	0.00487	0.00356	0.00417	0.00441	0.00492	0.00332	0.00294	0.00557	0.02233	0.00920	0.06792	0.30293	0.25383	0.24993	0.00881	0.03523	0.00248	0.00766	0.00305	0.00283
3	0.03909	0.00401	0.00489	0.00487	0.00589	0.00365	0.00355	0.00752	0.00829	0.13490	0.14100	0.36302	0.22597	0.03013	0.00466	0.00137	0.00222	0.00780	0.00360	0.00358
4	0.09691	0.00954	0.01007	0.00791	0.01069	0.01057	0.00650	0.62975	0.10799	0.05901	0.00941	0.00926	0.00671	0.00438	0.00355	0.00112	0.00376	0.00329	0.00359	0.00598
5	0.00448	0.00370	0.00385	0.00385	0.00495	0.00316	0.00282	0.00541	0.00829	0.01011	0.10169	0.05433	0.70118	0.06945	0.00535	0.00140	0.00198	0.00756	0.00338	0.00307
6	0.00710	0.00533	0.00636	0.00515	0.00725	0.00431	0.00386	0.00831	0.00752	0.06085	0.05211	0.14801	0.03420	0.13356	0.00558	0.00123	0.00270	0.00441	0.00264	0.49951
7	0.00833	0.00438	0.00549	0.00502	0.00625	0.00395	0.00370	0.00927	0.00836	0.25847	0.11328	0.14272	0.17453	0.20356	0.00748	0.00178	0.00269	0.03334	0.00355	0.00387
8	0.00911	0.00752	0.00807	0.00733	0.00932	0.00859	0.00571	0.01848	0.74912	0.04563	0.01529	0.04656	0.01199	0.00540	0.00382	0.00127	0.00290	0.03451	0.00374	0.00563
9	0.00664	0.00519	0.00779	0.00953	0.15285	0.00523	0.02350	0.00856	0.03873	0.01100	0.01592	0.03192	0.01674	0.02390	0.01891	0.04696	0.00369	0.56617	0.00296	0.00381
10	0.05386	0.05501	0.03492	0.01016	0.09847	0.45902	0.00741	0.16631	0.01079	0.01231	0.00650	0.00770	0.00530	0.01920	0.01564	0.00113	0.02658	0.00270	0.00221	0.00478
11	0.00491	0.00344	0.00440	0.00495	0.00521	0.00330	0.00335	0.00554	0.00689	0.00920	0.06099	0.50042	0.02144	0.25162	0.00863	0.00207	0.00264	0.09506	0.00311	0.00284
12	0.02646	0.04078	0.01004	0.00744	0.01031	0.04021	0.00612	0.45853	0.03034	0.12868	0.00898	0.00910	0.00650	0.00467	0.02668	0.00112	0.00388	0.00307	0.00330	0.17381
13	0.01519	0.00832	0.00981	0.00752	0.01041	0.00847	0.00621	0.43751	0.01398	0.42606	0.01158	0.01061	0.00763	0.00448	0.00368	0.00112	0.00360	0.00350	0.00410	0.00625
14	0.35382	0.00689	0.00746	0.00600	0.00860	0.00698	0.00495	0.08718	0.00943	0.44406	0.01035	0.00969	0.00688	0.00409	0.00313	0.00113	0.00307	0.00300	0.01795	0.00533
15	0.00531	0.00397	0.00495	0.00473	0.00567	0.00375	0.00354	0.00742	0.06115	0.01394	0.66040	0.07761	0.11814	0.00778	0.00432	0.00119	0.00184	0.00683	0.00392	0.00354
16	0.00588	0.00386	0.00499	0.00486	0.00579	0.00356	0.00369	0.00741	0.00960	0.06429	0.54621	0.12947	0.07641	0.00798	0.00432	0.00123	0.00200	0.07094	0.04397	0.00355
17	0.00462	0.00334	0.00433	0.00490	0.00528	0.00310	0.00333	0.00544	0.00760	0.01021	0.15917	0.64121	0.07530	0.04744	0.00521	0.00151	0.00211	0.00942	0.00346	0.00304
18	0.00554	0.00434	0.00601	0.00593	0.00652	0.02261	0.00454	0.00669	0.00593	0.00841	0.00973	0.01497	0.00933	0.10885	0.72495	0.00541	0.04102	0.00401	0.00198	0.00322
19	0.00509	0.00354	0.00403	0.00414	0.00435	0.00342	0.00249	0.00534	0.00609	0.00799	0.03871	0.14143	0.11872	0.62260	0.01460	0.00292	0.00310	0.00638	0.00258	0.00247
20	0.02922	0.00645	0.00796	0.00642	0.00876	0.00623	0.00512	0.07818	0.14262	0.52082	0.01357	0.01355	0.00958	0.09567	0.00521	0.00140	0.00315	0.00387	0.03661	0.00561
21	0.00834	0.00499	0.00609	0.00539	0.00692	0.00478	0.00417	0.01119	0.14275	0.20776	0.35533	0.02290	0.13806	0.04854	0.00480	0.00130	0.00237	0.01601	0.00393	0.00437
22	0.01358	0.01637	0.01040	0.00928	0.01129	0.73364	0.00704	0.10366	0.04172	0.01075	0.00636	0.00712	0.00513	0.00390	0.00337	0.00097	0.00621	0.00253	0.00215	0.00453
23	0.36955	0.00807	0.00811	0.00656	0.00916	0.00881	0.00539	0.29460	0.06026	0.18270	0.00881	0.00868	0.00619	0.00407	0.00312	0.00113	0.00331	0.00290	0.00329	0.00531
24	0.00647	0.00426	0.00514	0.00504	0.00607	0.00402	0.00369	0.03284	0.05875	0.09814	0.17032	0.29710	0.21064	0.05642	0.00511	0.00142	0.00230	0.01719	0.01140	0.00367
25	0.00658	0.00412	0.00468	0.00459	0.00528	0.00413	0.00319	0.06152	0.02556	0.03756	0.04055	0.15793	0.04216	0.31011	0.00891	0.00199	0.00272	0.03566	0.23950	0.00325
26	0.04762	0.00971	0.01047	0.00814	0.01097	0.01066	0.00674	0.72653	0.01613	0.06974	0.00940	0.01014	0.00688	0.00459	0.00367	0.00113	0.00392	0.03386	0.00366	0.00605
27	0.00556	0.00399	0.00485	0.00485	0.00564	0.00380	0.00351	0.02709	0.03918	0.02926	0.30284	0.20857	0.15864	0.13355	0.00648	0.00162	0.00232	0.05143	0.00350	0.00333
28	0.02768	0.00411	0.00469	0.00468	0.00572	0.00384	0.00344	0.00732	0.06585	0.05534	0.14471	0.21776	0.35505	0.05908	0.00514	0.00142	0.00220	0.02502	0.00349	0.00346
29	0.00892	0.00969	0.02007	0.01446	0.01797	0.00926	0.73190	0.06233	0.03975	0.01247	0.00790	0.01035	0.00602	0.02577	0.00464	0.00129	0.00587	0.00429	0.00205	0.00499
30	0.12327	0.00883	0.00912	0.00750	0.01002	0.02854	0.00605	0.35068	0.30313	0.09811	0.01097	0.01047	0.00793	0.00448	0.00351	0.00116	0.00346	0.00345	0.00356	0.00577
31	0.00779	0.00555	0.00723	0.08569	0.02717	0.03918	0.03415	0.04194	0.05739	0.12056	0.05927	0.30010	0.01615	0.08321	0.02709	0.00164	0.00341	0.07531	0.00317	0.00399
32	0.00542	0.00381	0.00479	0.00509	0.00580	0.00360	0.00369	0.00685	0.04619	0.04217	0.17963	0.41556	0.13702	0.04490	0.00510	0.00147	0.00226	0.07978	0.00354	0.00335
33	0.00464	0.00330	0.00423	0.00487	0.00512	0.00310	0.00321	0.00524	0.00697	0.00929	0.05755	0.66845	0.05234	0.14522	0.00684	0.00179	0.00233	0.00938	0.00325	0.00289
34	0.00771	0.00732	0.01241	0.56085	0.32050	0.00836	0.01058	0.01006	0.00771	0.01032	0.00666	0.00954	0.00523	0.00353	0.00366	0.00118	0.00470	0.00327	0.00170	0.00470
35	0.01297	0.01392	0.01039	0.00899	0.01102	0.50344	0.01461	0.22604	0.02711	0.03006	0.00736	0.00899	0.00603	0.01825	0.00427	0.00111	0.05816	0.03005	0.00248	0.00477
36	0.05238	0.03970	0.03101	0.01350	0.36528	0.05203	0.01648	0.05412	0.05983	0.09195	0.00792	0.00897	0.00619	0.00348	0.00334	0.00098	0.00388	0.00299	0.00237	0.18359
37	0.02164	0.00602	0.00779	0.00754	0.07485	0.00620	0.00535	0.09253	0.12256	0.19772	0.03660	0.02041	0.01658	0.07175	0.04999	0.17237	0.02682	0.04157	0.00303	0.01868
38	0.00597	0.00400	0.00472	0.00459	0.00514	0.00394	0.00307	0.00720	0.05821	0.04688	0.19309	0.06258	0.06276	0.47184	0.01202	0.00249	0.00293	0.03584	0.00970	0.00302
39	0.00694	0.00653	0.01102	0.86210	0.02530	0.00816	0.01020	0.00938	0.00734	0.00938	0.00653	0.00979	0.00490	0.00367	0.00367	0.00122	0.00490	0.00326	0.00163	0.00408
40	0.02026	0.00935	0.04750	0.12054	0.53170	0.05930	0.07136	0.03034	0.01577	0.01184	0.02865	0.00949	0.00634	0.00355	0.00380	0.00112	0.01847	0.00335	0.00191	0.00533
41	0.00739	0.00531	0.00803	0.00976	0.20970	0.00519	0.02761	0.00864	0.02236	0.09275	0.01443	0.19180	0.06738	0.09862	0.05643	0.07326	0.00369	0.09092	0.00275	0.00397
42	0.00689	0.00400	0.00529	0.02628	0.00650	0.00382	0.00390	0.00793	0.02198	0.15066	0.05156	0.47815	0.01901	0.10570	0.04761	0.00184	0.00291	0.02174	0.03068	0.00358
43	0.42573	0.02353	0.00919	0.04149	0.19798	0.20416	0.00664	0.01192	0.00785	0.03304	0.00592	0.00711	0.00473	0.00350	0.00291	0.00108	0.00416	0.00245	0.00210	0.00453
44	0.00493	0.00376	0.00458	0.00500	0.00581	0.00348	0.00387	0.00600	0.00791	0.01001	0.04273	0.21041	0.34225	0.06320	0.02762	0.00169	0.00267	0.24766	0.00330	0.00312
45	0.01083	0.00753	0.05200	0.00784	0.04480	0.00665	0.04840	0.07370	0.05060	0.27300	0.00990	0.01062	0.00732	0.02782	0.06183	0.00140	0.05731	0.00328	0.00299	0.24218
46	0.00799	0.17924	0.21654	0.00746	0.03178	0.00783	0.02570	0.01021	0.00768	0.01120	0.00683	0.00788	0.01968	0.00313	0.00292	0.00078	0.00372	0.00244	0.00191	0.44509
47	0.00569	0.00460	0.00590	0.00677	0.10980	0.00433	0.00429	0.01482	0.03988	0.01123	0.20019	0.11437	0.27958	0.11805	0.00606	0.00152	0.00253	0.03413	0.00317	0.03310
48	0.00687	0.00538	0.01600	0.01872	0.01564	0.02351	0.02853	0.01922	0.03184	0.06074	0.33888	0.11654	0.06874	0.00642	0.00391	0.00107	0.00253	0.02459	0.01439	0.19648
49	0.00887	0.03444	0.02262	0.06692	0.26646	0.02308	0.02122	0.06152	0.17479	0.02999	0.06832	0.01126	0.01593	0.00427	0.01052	0.00109	0.02453	0.00352	0.00257	0.14810
50	0.00789	0.00698	0.00907	0.08903	0.07616	0.04869	0.03535	0.00971	0.03791	0.04724	0.04924	0.10192	0.04376	0.00543	0.01769	0.00114	0.12921	0.00408	0.00241	0.27709
51	0.01895	0.02804	0.10740	0.03862	0.10587	0.01995	0.03722	0.03541	0.00878	0.17039	0.07350	0.01083	0.02157	0.00391	0.00360	0.00096	0.02510	0.00325	0.00266	0.28402

[dist]
# distance from previous block
# <min> <max>
5	22

[block]
# block no. 8 follows, 75 sequences, length 20
# corresponding to MSA columns:
# 468-487
name=unknown_I
#
# <colnr> <probs for GDERKNQSTAVLIFYWHMCP>
#	G	D	E	R	K	N	Q	S	T	A	V	L	I	F	Y	W	H	M	C	P
0	0.00558	0.00382	0.00483	0.00520	0.03203	0.00369	0.00344	0.00609	0.00692	0.02036	0.10739	0.09708	0.11525	0.36815	0.01136	0.08702	0.00300	0.11323	0.00277	0.00279
