[name]
unknown

[dist]
# distance from previous block
# <min> <max>
0	73

[block]
# block no. 0 follows, 59 sequences, length 34
# corresponding to MSA columns:
# 84-108,110-118
name=unknown_A
#
# <colnr> <probs for GDERKNQSTAVLIFYWHMCP>
#	G	D	E	R	K	N	Q	S	T	A	V	L	I	F	Y	W	H	M	C	P
0	0.00631	0.00473	0.00710	0.00710	0.00789	0.00552	0.00552	0.00789	0.00710	0.01025	0.01183	0.01735	0.01104	0.03312	0.82728	0.00710	0.01183	0.00473	0.00237	0.00394
1	0.04712	0.18190	0.47291	0.01078	0.01596	0.01141	0.03755	0.06013	0.01022	0.06830	0.03862	0.01022	0.00743	0.00443	0.00397	0.00130	0.00562	0.00341	0.00242	0.00630
2	0.00665	0.00527	0.00609	0.03670	0.00790	0.00506	0.00451	0.00958	0.11273	0.02793	0.28116	0.08305	0.37763	0.00965	0.00511	0.00148	0.00253	0.00826	0.00433	0.00438
3	0.00538	0.00384	0.00512	0.00615	0.00641	0.00359	0.00410	0.00615	0.00846	0.01127	0.02434	0.84190	0.02921	0.01384	0.00564	0.00179	0.00256	0.01256	0.00410	0.00359
4	0.59892	0.01287	0.24935	0.00811	0.01201	0.01004	0.02593	0.01331	0.00812	0.01796	0.00674	0.00792	0.00507	0.00412	0.00322	0.00138	0.00443	0.00271	0.00246	0.00533
5	0.00593	0.00445	0.00550	0.00535	0.00643	0.00401	0.00397	0.00767	0.01157	0.01578	0.56301	0.10627	0.22391	0.00996	0.00525	0.00145	0.00216	0.00870	0.00461	0.00401
6	0.03767	0.22902	0.21254	0.00995	0.03783	0.01213	0.00969	0.14006	0.10589	0.14808	0.01059	0.01071	0.00774	0.00467	0.00392	0.00127	0.00486	0.00354	0.00321	0.00664
7	0.01186	0.01124	0.09280	0.18288	0.09536	0.01085	0.04183	0.30635	0.06274	0.01910	0.06073	0.01325	0.02819	0.00515	0.00445	0.00136	0.00500	0.00433	0.00331	0.03922
8	0.02780	0.26050	0.07052	0.02296	0.03123	0.12019	0.00870	0.30439	0.08208	0.01804	0.00907	0.00961	0.00703	0.00467	0.00386	0.00121	0.00522	0.00336	0.00311	0.00645
9	0.01891	0.00773	0.01020	0.00787	0.01120	0.00688	0.00648	0.07748	0.01311	0.72465	0.01822	0.01601	0.04863	0.00572	0.00448	0.00137	0.00377	0.00464	0.00533	0.00734
10	0.01318	0.05330	0.01186	0.00937	0.01230	0.02703	0.00754	0.29799	0.47569	0.02123	0.01457	0.01377	0.01084	0.00561	0.00437	0.00140	0.00412	0.00446	0.00429	0.00707
11	0.02292	0.11436	0.15221	0.01184	0.01566	0.04689	0.20190	0.18482	0.03051	0.04515	0.04458	0.02262	0.00879	0.02323	0.00523	0.00142	0.04289	0.00425	0.00292	0.01782
12	0.04802	0.15593	0.06105	0.00899	0.01205	0.00985	0.10796	0.11265	0.06436	0.11277	0.13206	0.04721	0.09620	0.00624	0.00441	0.00135	0.00422	0.00531	0.00363	0.00577
13	0.00961	0.15117	0.67599	0.01168	0.01770	0.01129	0.01469	0.01407	0.00936	0.03450	0.00790	0.00912	0.00575	0.00416	0.00399	0.00133	0.00617	0.00315	0.00196	0.00642
14	0.00529	0.00445	0.00460	0.00462	0.00603	0.00375	0.00344	0.00646	0.01015	0.01227	0.09295	0.07960	0.72896	0.01117	0.00524	0.00150	0.00224	0.00939	0.00415	0.00375
15	0.01036	0.00991	0.01689	0.20650	0.64234	0.01034	0.01327	0.01305	0.00978	0.01373	0.00821	0.01112	0.00675	0.00404	0.00438	0.00135	0.00539	0.00393	0.00214	0.00653
16	0.01045	0.00996	0.01671	0.17571	0.63634	0.01039	0.01303	0.01357	0.04478	0.01402	0.00865	0.01133	0.00707	0.00411	0.00439	0.00135	0.00529	0.00398	0.00225	0.00661
17	0.01863	0.00775	0.01089	0.00835	0.01171	0.00686	0.04394	0.03620	0.02872	0.72029	0.04684	0.01550	0.01187	0.00553	0.00451	0.00138	0.00389	0.00461	0.00525	0.00731
18	0.00631	0.00472	0.00704	0.00704	0.00781	0.00549	0.00545	0.00785	0.00708	0.01021	0.01188	0.01763	0.01116	0.05305	0.80752	0.00703	0.01164	0.00477	0.00237	0.00391
19	0.00849	0.00800	0.01351	0.78911	0.07435	0.00985	0.01234	0.01141	0.00890	0.01146	0.00788	0.01173	0.00595	0.00439	0.00441	0.00146	0.00585	0.00393	0.00198	0.00502
20	0.01070	0.01051	0.01753	0.14176	0.63783	0.03504	0.05538	0.01338	0.00997	0.01385	0.00823	0.01102	0.00678	0.00401	0.00441	0.00134	0.00554	0.00397	0.00216	0.00658
21	0.00587	0.00418	0.00590	0.00658	0.00704	0.00389	0.02898	0.00676	0.00861	0.03022	0.02370	0.79678	0.02808	0.01333	0.00560	0.00177	0.00274	0.01214	0.00407	0.00375
22	0.01982	0.00752	0.01025	0.00786	0.01127	0.00649	0.00649	0.02152	0.01264	0.82029	0.01742	0.01503	0.01093	0.00547	0.00444	0.00137	0.00376	0.00444	0.00547	0.00752
23	0.00538	0.00384	0.00512	0.00615	0.00641	0.00359	0.00410	0.00615	0.00846	0.01127	0.02434	0.84190	0.02921	0.01384	0.00564	0.00179	0.00256	0.01256	0.00410	0.00359
24	0.01033	0.01036	0.04794	0.16034	0.29309	0.01006	0.22677	0.06058	0.01060	0.03006	0.02750	0.04956	0.00907	0.00488	0.00473	0.00144	0.00573	0.02835	0.00255	0.00608
25	0.00785	0.00669	0.00947	0.00869	0.00930	0.00852	0.00698	0.03862	0.00748	0.01101	0.00978	0.01473	0.00923	0.04054	0.50311	0.00507	0.29185	0.00444	0.00230	0.00435
26	0.00966	0.00966	0.01353	0.01160	0.01160	0.01353	0.00966	0.01063	0.00676	0.01063	0.00580	0.00966	0.00580	0.00773	0.01449	0.00193	0.83670	0.00387	0.00193	0.00483
27	0.00916	0.00785	0.00916	0.00654	0.01047	0.00589	0.00523	0.01112	0.00916	0.01439	0.00785	0.00916	0.00654	0.00327	0.00327	0.00065	0.00327	0.00262	0.00262	0.87178
28	0.01181	0.84744	0.02314	0.00756	0.01134	0.01748	0.00756	0.01323	0.00897	0.01039	0.00614	0.00708	0.00567	0.00378	0.00283	0.00094	0.00472	0.00236	0.00189	0.00567
29	0.01093	0.01049	0.01793	0.02711	0.81723	0.01049	0.01355	0.01355	0.01006	0.01443	0.00831	0.01093	0.00700	0.00394	0.00437	0.00131	0.00525	0.00394	0.00219	0.00700
30	0.00849	0.00551	0.00675	0.00606	0.00757	0.01888	0.00465	0.04277	0.01247	0.12024	0.56141	0.03004	0.12139	0.00913	0.02358	0.00152	0.00275	0.00735	0.00474	0.00470
31	0.02750	0.00940	0.01104	0.03226	0.01225	0.02524	0.04427	0.29306	0.10793	0.13999	0.07905	0.03729	0.07977	0.00612	0.00450	0.00134	0.00410	0.00505	0.00420	0.07564
32	0.03549	0.35767	0.36212	0.00994	0.01467	0.02924	0.01124	0.02735	0.04716	0.03793	0.00789	0.00886	0.00618	0.00425	0.00384	0.00122	0.02363	0.00301	0.00219	0.00613
33	0.02367	0.17967	0.45581	0.01132	0.02840	0.03485	0.04701	0.02955	0.04726	0.01373	0.00804	0.00932	0.00615	0.00424	0.00418	0.00127	0.02750	0.00323	0.00214	0.06269

[dist]
# distance from previous block
# <min> <max>
0	6

[block]
# block no. 1 follows, 59 sequences, length 34
# corresponding to MSA columns:
# 125-158
name=unknown_B
#
# <colnr> <probs for GDERKNQSTAVLIFYWHMCP>
#	G	D	E	R	K	N	Q	S	T	A	V	L	I	F	Y	W	H	M	C	P
0	0.05367	0.08836	0.39919	0.01103	0.02944	0.01003	0.07487	0.08806	0.01044	0.01510	0.04703	0.11842	0.02405	0.00580	0.00436	0.00141	0.00532	0.00489	0.00265	0.00589
1	0.00914	0.06284	0.01493	0.60145	0.20384	0.01046	0.01225	0.01191	0.00911	0.01192	0.00784	0.01128	0.00612	0.00427	0.00430	0.00140	0.00567	0.00383	0.00201	0.00542
2	0.02087	0.11821	0.49198	0.01053	0.01554	0.01022	0.01229	0.04433	0.01000	0.09163	0.02948	0.06313	0.00860	0.00506	0.00429	0.00134	0.01824	0.00398	0.00257	0.03773
3	0.01017	0.02733	0.37719	0.01062	0.02514	0.00899	0.05817	0.09484	0.03455	0.08798	0.08727	0.06838	0.04731	0.01854	0.02252	0.00158	0.00525	0.00499	0.00310	0.00605
4	0.01668	0.01221	0.01183	0.00944	0.01263	0.17017	0.00761	0.36134	0.01575	0.23450	0.01155	0.01141	0.00813	0.00604	0.03310	0.00146	0.00531	0.00382	0.00409	0.06292
5	0.00905	0.07628	0.77014	0.01226	0.01861	0.01072	0.01575	0.01394	0.00930	0.01375	0.00781	0.00918	0.00560	0.00417	0.00411	0.00137	0.00641	0.00321	0.00187	0.00647
6	0.00805	0.00564	0.00693	0.00630	0.00807	0.00518	0.03350	0.04056	0.04878	0.10434	0.14905	0.08441	0.41185	0.00971	0.00515	0.00151	0.00288	0.05914	0.00433	0.00461
7	0.01043	0.06414	0.01712	0.15025	0.56869	0.01077	0.02820	0.01314	0.02263	0.01361	0.00867	0.01210	0.00738	0.00438	0.00460	0.00136	0.02562	0.02828	0.00222	0.00642
8	0.00642	0.00428	0.00482	0.00482	0.00482	0.00428	0.00268	0.00642	0.00642	0.00856	0.01392	0.02890	0.01606	0.84478	0.02248	0.00428	0.00428	0.00642	0.00268	0.00268
9	0.01093	0.01049	0.01793	0.02711	0.81723	0.01049	0.01355	0.01355	0.01006	0.01443	0.00831	0.01093	0.00700	0.00394	0.00437	0.00131	0.00525	0.00394	0.00219	0.00700
10	0.00981	0.06123	0.68682	0.01272	0.05360	0.01060	0.01510	0.04290	0.00988	0.04553	0.00832	0.00955	0.00594	0.00425	0.00416	0.00137	0.00622	0.00332	0.00211	0.00658
11	0.00550	0.00449	0.00491	0.00483	0.00619	0.00390	0.00363	0.00687	0.01053	0.01323	0.22489	0.03929	0.60204	0.01153	0.03703	0.00168	0.00257	0.00883	0.00421	0.00384
12	0.01470	0.01035	0.01131	0.00916	0.01222	0.01133	0.00741	0.39999	0.28023	0.12779	0.01520	0.01435	0.03832	0.00576	0.00445	0.00139	0.00412	0.00456	0.02021	0.00715
13	0.02296	0.00986	0.09225	0.02215	0.01263	0.00913	0.05052	0.07230	0.06315	0.33397	0.02356	0.01415	0.00975	0.06246	0.02388	0.00180	0.16095	0.00442	0.00379	0.00629
14	0.01982	0.00752	0.01025	0.00786	0.01127	0.00649	0.00649	0.02152	0.01264	0.82029	0.01742	0.01503	0.01093	0.00547	0.00444	0.00137	0.00376	0.00444	0.00547	0.00752
15	0.00631	0.00473	0.00710	0.00710	0.00789	0.00552	0.00552	0.00789	0.00710	0.01025	0.01183	0.01735	0.01104	0.03312	0.82728	0.00710	0.01183	0.00473	0.00237	0.00394
16	0.00938	0.04994	0.69944	0.01286	0.01902	0.01050	0.08901	0.01417	0.00950	0.03432	0.00820	0.00963	0.00584	0.00417	0.00425	0.00139	0.00648	0.00344	0.00199	0.00647
17	0.00578	0.00465	0.00517	0.00510	0.00641	0.00415	0.00380	0.00763	0.04336	0.01389	0.27354	0.09248	0.49730	0.01050	0.00522	0.00148	0.00226	0.00896	0.00435	0.00398
18	0.00538	0.00384	0.00512	0.00615	0.00641	0.00359	0.00410	0.00615	0.00846	0.01127	0.02434	0.84190	0.02921	0.01384	0.00564	0.00179	0.00256	0.01256	0.00410	0.00359
19	0.02662	0.00995	0.01052	0.00844	0.01133	0.01073	0.00685	0.52241	0.06642	0.02285	0.01967	0.01908	0.21109	0.00680	0.00457	0.00137	0.00402	0.00536	0.02552	0.00640
20	0.01249	0.69131	0.02134	0.00885	0.04100	0.14036	0.00792	0.01391	0.00955	0.01060	0.00632	0.00736	0.00572	0.00390	0.00306	0.00099	0.00524	0.00249	0.00196	0.00563
21	0.06676	0.10168	0.51957	0.01174	0.06585	0.01037	0.01297	0.01407	0.00942	0.06632	0.00826	0.00941	0.00606	0.00414	0.00391	0.00128	0.00562	0.00318	0.00224	0.07714
22	0.03193	0.17648	0.34416	0.01148	0.03039	0.02796	0.10430	0.07412	0.05225	0.05362	0.04598	0.01098	0.00822	0.00452	0.00411	0.00131	0.00560	0.00372	0.00259	0.00627
23	0.00998	0.00941	0.03430	0.13997	0.46453	0.00955	0.01135	0.06130	0.03923	0.01433	0.01065	0.09939	0.00968	0.00713	0.05836	0.00177	0.00543	0.00492	0.00258	0.00615
24	0.00891	0.00865	0.01308	0.66718	0.08809	0.06011	0.01160	0.01166	0.00939	0.01192	0.06063	0.01286	0.00830	0.00469	0.00444	0.00143	0.00572	0.00412	0.00219	0.00503
25	0.06740	0.05468	0.12405	0.06471	0.04302	0.06562	0.07632	0.13468	0.02052	0.22964	0.01126	0.03418	0.00827	0.00560	0.02084	0.00148	0.02381	0.00410	0.00344	0.00639
26	0.01114	0.07146	0.27147	0.04671	0.06307	0.13475	0.04779	0.02789	0.01771	0.06648	0.00926	0.06150	0.00781	0.00590	0.01945	0.00152	0.12375	0.00409	0.00244	0.00581
27	0.00637	0.00472	0.00693	0.00699	0.00774	0.00540	0.00541	0.00786	0.00725	0.01032	0.01274	0.02034	0.01236	0.09275	0.71307	0.00656	0.01075	0.05608	0.00250	0.00386
28	0.06513	0.74153	0.07438	0.00778	0.01167	0.01653	0.00796	0.01326	0.00891	0.01121	0.00626	0.00724	0.00561	0.00383	0.00292	0.00100	0.00476	0.00242	0.00194	0.00567
29	0.00953	0.00976	0.07825	0.06042	0.03431	0.04611	0.14339	0.08090	0.11909	0.02505	0.01549	0.19954	0.03349	0.02143	0.03721	0.00182	0.01946	0.05606	0.00331	0.00538
30	0.02881	0.00781	0.09367	0.02424	0.08545	0.00708	0.03519	0.01028	0.05737	0.01176	0.01137	0.01645	0.01034	0.10278	0.47178	0.00491	0.00895	0.00463	0.00246	0.00467
31	0.59949	0.08074	0.00937	0.00792	0.06057	0.00995	0.03640	0.01231	0.00795	0.01726	0.00794	0.06234	0.00707	0.00658	0.05709	0.00173	0.00430	0.00341	0.00267	0.00491
32	0.01211	0.20700	0.10709	0.02406	0.01357	0.06371	0.06788	0.06982	0.23603	0.08706	0.02522	0.01287	0.00962	0.00572	0.02430	0.00146	0.00505	0.01786	0.00326	0.00631
33	0.06861	0.08749	0.04561	0.00854	0.03038	0.06117	0.00683	0.06962	0.23856	0.13141	0.04118	0.01634	0.01193	0.12816	0.02120	0.00188	0.00441	0.01713	0.00367	0.00587

[dist]
# distance from previous block
# <min> <max>
7	39

[block]
# block no. 2 follows, 59 sequences, length 8
# corresponding to MSA columns:
# 202-209
name=unknown_C
#
# <colnr> <probs for GDERKNQSTAVLIFYWHMCP>
#	G	D	E	R	K	N	Q	S	T	A	V	L	I	F	Y	W	H	M	C	P
0	0.01510	0.15524	0.05372	0.04083	0.01416	0.50644	0.00887	0.13023	0.01284	0.01338	0.00735	0.00841	0.00595	0.00451	0.00388	0.00116	0.00684	0.00299	0.00249	0.00562
1	0.00740	0.00598	0.00583	0.00572	0.00603	0.08550	0.00357	0.00769	0.00710	0.00897	0.01299	0.02556	0.01448	0.67200	0.10988	0.00428	0.00548	0.00588	0.00260	0.00306
2	0.10330	0.00643	0.05639	0.00608	0.00678	0.00619	0.00444	0.00803	0.00676	0.01035	0.01188	0.02339	0.01315	0.61711	0.01837	0.00355	0.08635	0.00553	0.00256	0.00336
3	0.11227	0.19699	0.01527	0.06436	0.01424	0.24825	0.08575	0.05646	0.11604	0.01400	0.00851	0.00963	0.00682	0.00456	0.00413	0.00126	0.02986	0.00336	0.00261	0.00563
4	0.33601	0.07167	0.05162	0.03299	0.01229	0.15387	0.09021	0.04486	0.00938	0.01520	0.00804	0.03093	0.00699	0.06121	0.03392	0.00173	0.02794	0.00356	0.00254	0.00503
5	0.15689	0.02921	0.02973	0.00821	0.01012	0.11196	0.07808	0.01112	0.03095	0.01312	0.01613	0.02446	0.10150	0.14569	0.06025	0.00233	0.00515	0.15768	0.00301	0.00440
6	0.13091	0.03083	0.01220	0.02807	0.01289	0.25745	0.10432	0.06512	0.01096	0.09680	0.02759	0.01176	0.00819	0.04312	0.08592	0.00195	0.00633	0.00376	0.00289	0.05893
7	0.21487	0.12812	0.01286	0.04135	0.01279	0.18547	0.04992	0.11992	0.09979	0.01642	0.00883	0.01016	0.00706	0.00461	0.00373	0.00125	0.00508	0.01766	0.00290	0.05720

[dist]
# distance from previous block
# <min> <max>
2	23

[block]
# block no. 3 follows, 59 sequences, length 45
# corresponding to MSA columns:
# 246-290
name=unknown_D
#
# <colnr> <probs for GDERKNQSTAVLIFYWHMCP>
#	G	D	E	R	K	N	Q	S	T	A	V	L	I	F	Y	W	H	M	C	P
0	0.10851	0.06930	0.08281	0.20767	0.10185	0.06129	0.02209	0.06262	0.04334	0.04488	0.00874	0.01108	0.00695	0.02801	0.03001	0.01783	0.02599	0.00361	0.00255	0.06087
1	0.03290	0.02441	0.10331	0.09277	0.08102	0.05002	0.05795	0.15331	0.06744	0.12087	0.07273	0.01299	0.01025	0.00500	0.00447	0.00131	0.01770	0.00416	0.00336	0.08402
2	0.08285	0.05617	0.01349	0.10711	0.09625	0.09166	0.06903	0.16277	0.09064	0.08298	0.02051	0.01221	0.00839	0.00572	0.02998	0.00150	0.00528	0.01774	0.00321	0.04250
3	0.00959	0.00875	0.01383	0.43184	0.24096	0.01002	0.01144	0.05930	0.05822	0.01378	0.04249	0.01277	0.00840	0.00565	0.03165	0.00161	0.02735	0.00419	0.00246	0.00569
4	0.01265	0.04586	0.01155	0.00965	0.02565	0.06672	0.00753	0.19108	0.53821	0.01958	0.01497	0.01415	0.01123	0.00562	0.00437	0.00141	0.00417	0.00450	0.00418	0.00692
5	0.01087	0.12061	0.26422	0.01258	0.15697	0.00974	0.02326	0.02766	0.00992	0.10115	0.00953	0.04470	0.00766	0.00446	0.00397	0.00119	0.00493	0.00370	0.00261	0.18027
6	0.01263	0.72448	0.02150	0.00797	0.01159	0.09366	0.00762	0.02651	0.00963	0.04102	0.00670	0.00752	0.00590	0.00394	0.00303	0.00098	0.00500	0.00251	0.00210	0.00571
7	0.03428	0.00698	0.00857	0.00705	0.00959	0.00655	0.00564	0.09830	0.04254	0.38787	0.15312	0.03845	0.15384	0.02059	0.00497	0.00145	0.00330	0.00598	0.00485	0.00607
8	0.00986	0.04985	0.15509	0.05646	0.10248	0.06468	0.09026	0.03057	0.03494	0.01311	0.05334	0.03772	0.04359	0.00650	0.02238	0.00162	0.21500	0.00454	0.00246	0.00553
9	0.00563	0.00436	0.00508	0.00519	0.00624	0.00387	0.00377	0.00694	0.01033	0.01340	0.26751	0.19418	0.38878	0.04585	0.00603	0.00164	0.00237	0.02079	0.00427	0.00379
10	0.01154	0.19157	0.18124	0.00968	0.04102	0.11321	0.00902	0.06249	0.03875	0.04157	0.00824	0.00921	0.00652	0.00405	0.00365	0.00105	0.00503	0.00300	0.00252	0.25662
11	0.00597	0.00448	0.00559	0.00586	0.00668	0.00427	0.00420	0.00769	0.04310	0.01331	0.24373	0.33725	0.16809	0.04900	0.06418	0.00210	0.00317	0.02329	0.00414	0.00391
12	0.01152	0.17093	0.14416	0.08533	0.25183	0.06517	0.02367	0.10222	0.05705	0.01482	0.00852	0.01009	0.00676	0.00428	0.00403	0.00126	0.00543	0.00351	0.00246	0.02697
13	0.00593	0.00431	0.00557	0.00584	0.00662	0.00400	0.00425	0.00741	0.01055	0.01440	0.39416	0.31675	0.10144	0.03348	0.00589	0.00166	0.00247	0.06697	0.00441	0.00388
14	0.01258	0.01034	0.01138	0.01043	0.06184	0.01170	0.00778	0.23757	0.54260	0.02081	0.01535	0.01452	0.01144	0.00567	0.00447	0.00144	0.00398	0.00465	0.00433	0.00713
15	0.00697	0.00537	0.00659	0.00712	0.00810	0.00552	0.00538	0.01055	0.17939	0.01330	0.02390	0.43699	0.06862	0.01164	0.00548	0.00177	0.00309	0.19161	0.00418	0.00443
16	0.02518	0.01493	0.30662	0.03299	0.23355	0.01039	0.14508	0.06336	0.03204	0.07955	0.00936	0.01093	0.00691	0.00427	0.00444	0.00139	0.00587	0.00395	0.00254	0.00665
17	0.01080	0.45684	0.28886	0.01058	0.01535	0.01411	0.10670	0.01374	0.00933	0.02658	0.00728	0.00856	0.00586	0.00394	0.00360	0.00117	0.00564	0.00304	0.00199	0.00602
18	0.00553	0.00388	0.00504	0.00597	0.00632	0.00362	0.00401	0.00638	0.00856	0.01158	0.02463	0.76476	0.06007	0.01326	0.00548	0.00174	0.00252	0.01197	0.05104	0.00362
19	0.00632	0.00468	0.00684	0.00684	0.00754	0.00538	0.00520	0.00772	0.00702	0.01006	0.01206	0.01864	0.01160	0.12385	0.73732	0.00678	0.01099	0.00492	0.00240	0.00380
20	0.01189	0.01312	0.01178	0.08071	0.16855	0.35316	0.00881	0.02645	0.02330	0.01233	0.03267	0.07986	0.03296	0.04128	0.00528	0.00149	0.00589	0.08258	0.00275	0.00515
21	0.87598	0.00854	0.00649	0.00581	0.00854	0.00991	0.00478	0.01298	0.00752	0.01982	0.00615	0.00717	0.00478	0.00410	0.00273	0.00137	0.00342	0.00239	0.00273	0.00478
22	0.01056	0.01012	0.01726	0.14147	0.70574	0.01040	0.01337	0.01323	0.00988	0.01398	0.00824	0.01105	0.00684	0.00400	0.00438	0.00133	0.00534	0.00393	0.00215	0.00670
23	0.00932	0.00796	0.00898	0.00901	0.07095	0.03864	0.00636	0.04791	0.34450	0.01741	0.29018	0.05674	0.05887	0.00735	0.00479	0.00144	0.00327	0.00632	0.00432	0.00569
24	0.00585	0.00440	0.00519	0.00514	0.00610	0.00399	0.00366	0.00718	0.01039	0.01380	0.36373	0.10928	0.29402	0.13839	0.00790	0.00190	0.00252	0.00861	0.00420	0.00374
25	0.01038	0.01015	0.01660	0.24304	0.48260	0.03596	0.06511	0.01365	0.05356	0.01367	0.00871	0.01144	0.00699	0.00418	0.00443	0.00137	0.00556	0.00404	0.00226	0.00630
26	0.00722	0.00540	0.00631	0.00658	0.04022	0.00550	0.00423	0.03013	0.09575	0.01140	0.03074	0.05100	0.13074	0.47603	0.03362	0.00320	0.00404	0.05087	0.00325	0.00376
27	0.03976	0.06837	0.04326	0.01371	0.09311	0.06178	0.24510	0.05987	0.27427	0.03764	0.01173	0.01253	0.00889	0.00471	0.00448	0.00140	0.00538	0.00443	0.00316	0.00643
28	0.01377	0.00962	0.01054	0.00873	0.01128	0.03473	0.00693	0.45602	0.01590	0.10923	0.01508	0.19043	0.03130	0.02421	0.03935	0.00172	0.00456	0.00603	0.00427	0.00627
29	0.01183	0.01016	0.01398	0.04322	0.35701	0.01099	0.01019	0.11411	0.30117	0.04247	0.01231	0.01303	0.00947	0.00500	0.00467	0.00140	0.02430	0.00434	0.00339	0.00696
30	0.00842	0.00793	0.01339	0.81009	0.05389	0.00983	0.01230	0.01135	0.00887	0.01138	0.00786	0.01175	0.00592	0.00440	0.00441	0.00147	0.00587	0.00393	0.00197	0.00497
31	0.01435	0.11533	0.01572	0.01425	0.16304	0.46373	0.06613	0.05242	0.03171	0.01265	0.00762	0.00903	0.00628	0.00436	0.00404	0.00119	0.00679	0.00327	0.00236	0.00575
32	0.00645	0.00521	0.00669	0.03256	0.09522	0.00482	0.00502	0.00816	0.01077	0.01437	0.29804	0.05339	0.37744	0.00920	0.00499	0.00142	0.00262	0.00792	0.05143	0.00429
33	0.00570	0.00448	0.00544	0.00595	0.03167	0.00401	0.00410	0.00700	0.01019	0.01324	0.22770	0.27875	0.36337	0.01122	0.00532	0.00155	0.00239	0.00979	0.00423	0.00390
34	0.00823	0.00412	0.00412	0.00412	0.00515	0.00412	0.00309	0.01029	0.00926	0.01647	0.01441	0.01647	0.01132	0.00515	0.00309	0.00103	0.00206	0.00412	0.86930	0.00412
35	0.07202	0.06114	0.07877	0.01115	0.10667	0.08499	0.03313	0.08173	0.15676	0.04042	0.05547	0.01296	0.02449	0.01683	0.00473	0.00132	0.03585	0.00402	0.00313	0.11444
36	0.04445	0.00912	0.01353	0.22317	0.15764	0.02557	0.07179	0.05165	0.08891	0.01411	0.04736	0.07719	0.01039	0.00595	0.00615	0.00153	0.13831	0.00491	0.00273	0.00554
37	0.00823	0.00412	0.00412	0.00412	0.00515	0.00412	0.00309	0.01029	0.00926	0.01647	0.01441	0.01647	0.01132	0.00515	0.00309	0.00103	0.00206	0.00412	0.86930	0.00412
38	0.06592	0.09286	0.21162	0.01513	0.22077	0.03588	0.07913	0.04270	0.02549	0.02948	0.03744	0.03147	0.00823	0.00488	0.00511	0.00139	0.07997	0.00399	0.00243	0.00612
39	0.85351	0.00851	0.00659	0.00586	0.00861	0.00982	0.00483	0.01321	0.00765	0.04083	0.00645	0.00738	0.00494	0.00414	0.00278	0.00137	0.00343	0.00245	0.00280	0.00485
40	0.01243	0.01081	0.03867	0.00982	0.04277	0.06546	0.00763	0.31283	0.24726	0.02008	0.04864	0.12418	0.02625	0.00675	0.00461	0.00143	0.00428	0.00557	0.00409	0.00642
41	0.84350	0.00838	0.00640	0.00574	0.00841	0.00969	0.00472	0.01288	0.00758	0.01969	0.00646	0.00752	0.00503	0.00414	0.00275	0.00135	0.00337	0.00246	0.03516	0.00476
42	0.04205	0.00515	0.00673	0.00620	0.00757	0.00476	0.00460	0.01078	0.00941	0.23048	0.10326	0.16269	0.10544	0.01068	0.00837	0.24828	0.00318	0.00651	0.01954	0.00431
43	0.00917	0.00869	0.01474	0.57700	0.28114	0.01003	0.01268	0.01201	0.00922	0.01229	0.00800	0.01151	0.00624	0.00426	0.00440	0.00142	0.00568	0.00393	0.00203	0.00557
44	0.01149	0.00983	0.01476	0.16392	0.39995	0.01014	0.01104	0.13244	0.03575	0.04777	0.00917	0.01114	0.00717	0.00427	0.00426	0.00127	0.00494	0.00383	0.00274	0.11412

[dist]
# distance from previous block
# <min> <max>
1	11

[block]
# block no. 4 follows, 59 sequences, length 23
# corresponding to MSA columns:
# 302-324
name=unknown_E
#
# <colnr> <probs for GDERKNQSTAVLIFYWHMCP>
#	G	D	E	R	K	N	Q	S	T	A	V	L	I	F	Y	W	H	M	C	P
0	0.01348	0.00779	0.01062	0.14440	0.06459	0.00737	0.00742	0.04551	0.03823	0.33264	0.04169	0.01395	0.01014	0.02929	0.00470	0.00131	0.00404	0.00411	0.02664	0.19205
1	0.00973	0.00819	0.01025	0.03435	0.08972	0.05317	0.00705	0.01152	0.00996	0.06975	0.19660	0.01704	0.01564	0.03047	0.00663	0.00136	0.15323	0.02518	0.00317	0.24697
2	0.01113	0.02576	0.15786	0.00880	0.01212	0.00765	0.04248	0.08270	0.02978	0.16750	0.05089	0.10503	0.03610	0.00669	0.00498	0.02667	0.01456	0.05073	0.00355	0.15501
3	0.00897	0.00788	0.01057	0.08896	0.23287	0.03135	0.00802	0.03809	0.08295	0.03203	0.05993	0.04858	0.24354	0.00721	0.00472	0.00141	0.00393	0.03871	0.00336	0.04691
4	0.01043	0.04577	0.15725	0.05478	0.14486	0.04840	0.07690	0.05896	0.10879	0.05138	0.09319	0.03965	0.02653	0.01847	0.03434	0.00162	0.00524	0.00478	0.00305	0.01561
5	0.00823	0.00412	0.00412	0.00412	0.00515	0.00412	0.00309	0.01029	0.00926	0.01647	0.01441	0.01647	0.01132	0.00515	0.00309	0.00103	0.00206	0.00412	0.86930	0.00412
6	0.20266	0.02410	0.10977	0.01126	0.11321	0.02106	0.03336	0.15558	0.13697	0.08444	0.02123	0.01121	0.00817	0.00473	0.00398	0.00134	0.00450	0.00373	0.00335	0.04535
7	0.05929	0.05731	0.01289	0.04632	0.15686	0.01005	0.06399	0.16896	0.11076	0.02723	0.09550	0.05884	0.06878	0.00623	0.00476	0.00141	0.02417	0.01721	0.00349	0.00596
8	0.00823	0.00412	0.00412	0.00412	0.00515	0.00412	0.00309	0.01029	0.00926	0.01647	0.01441	0.01647	0.01132	0.00515	0.00309	0.00103	0.00206	0.00412	0.86930	0.00412
9	0.04273	0.15816	0.16270	0.01277	0.10216	0.21136	0.06181	0.06243	0.01067	0.03937	0.00765	0.00918	0.00614	0.00462	0.00501	0.00130	0.09038	0.00332	0.00234	0.00591
10	0.84519	0.00850	0.00663	0.00588	0.00864	0.00979	0.00484	0.01329	0.00770	0.04861	0.00656	0.00746	0.00500	0.00415	0.00279	0.00137	0.00343	0.00247	0.00283	0.00488
11	0.01114	0.02868	0.20528	0.06223	0.11662	0.03037	0.24227	0.08664	0.03244	0.06070	0.00956	0.03202	0.00741	0.00469	0.00512	0.00144	0.05016	0.00437	0.00260	0.00627
12	0.87598	0.00854	0.00649	0.00581	0.00854	0.00991	0.00478	0.01298	0.00752	0.01982	0.00615	0.00717	0.00478	0.00410	0.00273	0.00137	0.00342	0.00239	0.00273	0.00478
13	0.00833	0.00634	0.00818	0.00764	0.02380	0.00686	0.02358	0.12816	0.04281	0.01420	0.12099	0.04677	0.03869	0.19439	0.26191	0.00381	0.03010	0.02567	0.00329	0.00448
14	0.00941	0.00824	0.01227	0.05748	0.32683	0.00846	0.02795	0.01374	0.16621	0.03092	0.20567	0.02007	0.07084	0.00620	0.00470	0.00140	0.00399	0.01621	0.00348	0.00594
15	0.00946	0.01505	0.32751	0.13724	0.07874	0.03553	0.19666	0.01380	0.05511	0.01382	0.02941	0.01303	0.03118	0.00468	0.00458	0.00144	0.00615	0.01832	0.00233	0.00599
16	0.00969	0.00975	0.03975	0.35070	0.38672	0.02800	0.03690	0.01249	0.00967	0.01311	0.02972	0.01298	0.00795	0.00454	0.00448	0.00141	0.00555	0.02849	0.00222	0.00590
17	0.00602	0.00490	0.00591	0.02795	0.03257	0.00466	0.00454	0.00794	0.06209	0.01237	0.06602	0.28429	0.39190	0.01246	0.05390	0.00191	0.00317	0.00940	0.00394	0.00406
18	0.00945	0.00861	0.01385	0.32482	0.21408	0.00945	0.07094	0.05457	0.07573	0.01423	0.07118	0.03956	0.01134	0.02554	0.00507	0.00152	0.00510	0.03655	0.00276	0.00562
19	0.03508	0.00827	0.01423	0.59834	0.02622	0.00978	0.11676	0.01174	0.02519	0.01210	0.00888	0.01349	0.00711	0.00573	0.03244	0.00170	0.02851	0.03723	0.00218	0.00502
20	0.00672	0.03039	0.00636	0.00599	0.00704	0.00478	0.00447	0.00860	0.04286	0.03823	0.31984	0.24887	0.13873	0.05237	0.00613	0.00169	0.00268	0.06584	0.00430	0.00413
21	0.43037	0.00881	0.00862	0.00706	0.01010	0.03091	0.00579	0.09603	0.01079	0.27966	0.01132	0.01107	0.02762	0.00482	0.00358	0.00133	0.00376	0.00341	0.00381	0.04113
22	0.13856	0.00780	0.00873	0.03115	0.01057	0.00655	0.00530	0.01146	0.00888	0.03423	0.00807	0.00988	0.00675	0.03765	0.00403	0.00095	0.00342	0.00282	0.00269	0.66051

[dist]
# distance from previous block
# <min> <max>
0	3

[block]
# block no. 5 follows, 59 sequences, length 20
# corresponding to MSA columns:
# 328-347
name=unknown_F
#
# <colnr> <probs for GDERKNQSTAVLIFYWHMCP>
#	G	D	E	R	K	N	Q	S	T	A	V	L	I	F	Y	W	H	M	C	P
0	0.00614	0.00433	0.00547	0.00590	0.00632	0.00426	0.00409	0.00696	0.00814	0.01086	0.06451	0.27270	0.06132	0.32483	0.07744	0.00314	0.00412	0.12260	0.00347	0.00339
1	0.00859	0.00555	0.00749	0.00671	0.00830	0.00520	0.03356	0.04189	0.01200	0.12148	0.44595	0.03129	0.11053	0.02663	0.02803	0.00168	0.00315	0.09271	0.00455	0.00471
2	0.01235	0.00882	0.00981	0.00843	0.01088	0.00969	0.00660	0.14336	0.43884	0.13033	0.05825	0.01725	0.01379	0.07417	0.03555	0.00187	0.00404	0.00502	0.00441	0.00654
3	0.01034	0.01014	0.01716	0.21425	0.09854	0.04974	0.29559	0.03732	0.08050	0.03772	0.09340	0.01423	0.01086	0.00480	0.00477	0.00143	0.00579	0.00487	0.00279	0.00576
4	0.01002	0.12010	0.36333	0.01302	0.03724	0.01130	0.20314	0.05699	0.03983	0.01412	0.00878	0.01109	0.00689	0.04097	0.02505	0.00163	0.02421	0.00393	0.00225	0.00610
5	0.00939	0.00807	0.01059	0.18089	0.06921	0.06354	0.02187	0.01254	0.11620	0.05012	0.01185	0.03249	0.02594	0.02367	0.21176	0.05209	0.05784	0.01322	0.00274	0.02599
6	0.00725	0.00590	0.02957	0.02441	0.02775	0.00541	0.00527	0.04547	0.05843	0.02694	0.48961	0.07988	0.13669	0.00895	0.00511	0.00145	0.00270	0.03020	0.00445	0.00458
7	0.01057	0.19838	0.16938	0.02624	0.05200	0.01078	0.09204	0.06843	0.05562	0.04693	0.07658	0.03547	0.01074	0.00499	0.00410	0.00124	0.00484	0.01963	0.00284	0.10918
8	0.00823	0.00412	0.00412	0.00412	0.00515	0.00412	0.00309	0.01029	0.00926	0.01647	0.01441	0.01647	0.01132	0.00515	0.00309	0.00103	0.00206	0.00412	0.86930	0.00412
9	0.02583	0.17272	0.12420	0.05847	0.10267	0.02057	0.02854	0.14759	0.10637	0.05808	0.02713	0.01128	0.00825	0.00514	0.00465	0.04220	0.00484	0.00372	0.00297	0.04479
10	0.02692	0.05597	0.02748	0.07630	0.14461	0.07692	0.04280	0.06490	0.21649	0.07928	0.01207	0.02810	0.00970	0.00626	0.02761	0.00159	0.06336	0.03019	0.00324	0.00620
11	0.00823	0.00412	0.00412	0.00412	0.00515	0.00412	0.00309	0.01029	0.00926	0.01647	0.01441	0.01647	0.01132	0.00515	0.00309	0.00103	0.00206	0.00412	0.86930	0.00412
12	0.06036	0.12421	0.04713	0.04168	0.32343	0.07233	0.03828	0.05570	0.01003	0.03311	0.00858	0.03684	0.00753	0.03503	0.00575	0.00145	0.08620	0.00394	0.00242	0.00600
13	0.75885	0.00865	0.00712	0.00621	0.00902	0.00985	0.00511	0.04546	0.03000	0.07567	0.00743	0.00811	0.00555	0.00429	0.00297	0.00137	0.00350	0.00267	0.00304	0.00514
14	0.00993	0.00961	0.04644	0.09386	0.35502	0.03154	0.01013	0.02585	0.16151	0.02591	0.05369	0.09821	0.04717	0.00601	0.00459	0.00142	0.00452	0.00539	0.00308	0.00612
15	0.83516	0.00851	0.00681	0.04478	0.00957	0.00990	0.00514	0.01290	0.00758	0.01941	0.00623	0.00739	0.00484	0.00411	0.00281	0.00137	0.00353	0.00246	0.00270	0.00479
16	0.01068	0.01111	0.08067	0.08660	0.54284	0.01040	0.03540	0.05369	0.06206	0.01508	0.01995	0.01262	0.00820	0.00449	0.00446	0.00137	0.00526	0.02597	0.00249	0.00667
17	0.00701	0.00606	0.01855	0.03585	0.00873	0.02953	0.01911	0.01883	0.06800	0.01288	0.10649	0.08409	0.26356	0.02541	0.20950	0.00291	0.02309	0.01834	0.03778	0.00429
18	0.00742	0.00566	0.00767	0.10113	0.01019	0.00631	0.00584	0.03131	0.04924	0.02797	0.09422	0.08098	0.05545	0.17011	0.26099	0.00377	0.04546	0.02900	0.00309	0.00418
19	0.01143	0.00935	0.01372	0.40165	0.20308	0.04099	0.01101	0.08932	0.01086	0.10787	0.00929	0.01157	0.00691	0.00446	0.00433	0.00135	0.00534	0.00388	0.00270	0.05087

[dist]
# distance from previous block
# <min> <max>
0	4

[block]
# block no. 6 follows, 59 sequences, length 12
# corresponding to MSA columns:
# 352-363
name=unknown_G
#
# <colnr> <probs for GDERKNQSTAVLIFYWHMCP>
#	G	D	E	R	K	N	Q	S	T	A	V	L	I	F	Y	W	H	M	C	P
0	0.01261	0.03721	0.14331	0.01025	0.05864	0.02564	0.00881	0.17084	0.21351	0.11787	0.01297	0.01284	0.02796	0.00504	0.00421	0.00128	0.00445	0.00404	0.00366	0.12486
1	0.01168	0.04881	0.09652	0.03914	0.54342	0.01071	0.01242	0.09040	0.01115	0.06164	0.02652	0.01130	0.00781	0.00430	0.00431	0.00131	0.00517	0.00392	0.00260	0.00686
2	0.01343	0.56342	0.01953	0.00881	0.01213	0.25347	0.00789	0.05508	0.01061	0.01141	0.00657	0.00752	0.00577	0.00408	0.00325	0.00102	0.00568	0.00259	0.00213	0.00560
3	0.02519	0.00881	0.01305	0.16163	0.30632	0.05680	0.04847	0.01187	0.02467	0.02962	0.02634	0.06358	0.01085	0.11619	0.04918	0.00208	0.00549	0.03194	0.00258	0.00536
4	0.00823	0.00412	0.00412	0.00412	0.00515	0.00412	0.00309	0.01029	0.00926	0.01647	0.01441	0.01647	0.01132	0.00515	0.00309	0.00103	0.00206	0.00412	0.86930	0.00412
5	0.04566	0.00979	0.01582	0.05603	0.62846	0.00967	0.01184	0.01293	0.00975	0.01443	0.00857	0.03277	0.00740	0.00414	0.00420	0.00125	0.00488	0.00394	0.00230	0.11616
6	0.01088	0.12701	0.01601	0.05721	0.39717	0.02395	0.02612	0.03206	0.02580	0.04937	0.00981	0.08224	0.00886	0.00517	0.00493	0.00132	0.06260	0.00444	0.00255	0.05250
7	0.00823	0.00412	0.00412	0.00412	0.00515	0.00412	0.00309	0.01029	0.00926	0.01647	0.01441	0.01647	0.01132	0.00515	0.00309	0.00103	0.00206	0.00412	0.86930	0.00412
8	0.05784	0.04219	0.07975	0.04579	0.12739	0.07627	0.05399	0.06100	0.04818	0.08136	0.03187	0.03760	0.05830	0.00595	0.00638	0.00148	0.17152	0.00449	0.00289	0.00576
9	0.78911	0.00879	0.00702	0.00619	0.00896	0.01016	0.00508	0.05574	0.04611	0.02018	0.00695	0.00780	0.00534	0.00425	0.00291	0.00137	0.00350	0.00260	0.00291	0.00503
10	0.01147	0.03845	0.06723	0.01704	0.35044	0.04634	0.03793	0.10789	0.14428	0.03464	0.05391	0.03428	0.01052	0.00556	0.01939	0.00146	0.00502	0.00448	0.00308	0.00658
11	0.36467	0.00782	0.00931	0.18660	0.11685	0.00882	0.00752	0.01250	0.03097	0.03461	0.00969	0.03199	0.00811	0.00500	0.00368	0.00139	0.00404	0.04384	0.10751	0.00507

[dist]
# distance from previous block
# <min> <max>
0	3

[block]
# block no. 7 follows, 59 sequences, length 18
# corresponding to MSA columns:
# 367-384
name=unknown_H
#
# <colnr> <probs for GDERKNQSTAVLIFYWHMCP>
#	G	D	E	R	K	N	Q	S	T	A	V	L	I	F	Y	W	H	M	C	P
0	0.00653	0.00488	0.00605	0.00622	0.00719	0.00478	0.00458	0.00929	0.10269	0.01488	0.33073	0.31208	0.08249	0.01060	0.00529	0.00158	0.00255	0.05946	0.02387	0.00426
1	0.00712	0.00664	0.05167	0.00711	0.02214	0.00581	0.04134	0.01063	0.13117	0.01523	0.31457	0.07326	0.22742	0.03931	0.00564	0.00155	0.00298	0.00752	0.02425	0.00465
2	0.01093	0.04134	0.35457	0.01344	0.10940	0.03256	0.09149	0.13121	0.03566	0.03257	0.04293	0.01118	0.00809	0.00450	0.00430	0.00132	0.00566	0.00384	0.00266	0.06236
3	0.00874	0.03928	0.67935	0.01270	0.06957	0.00986	0.01479	0.01327	0.00943	0.01375	0.01116	0.01230	0.07713	0.00479	0.00427	0.00139	0.00602	0.00382	0.00208	0.00629
4	0.02918	0.04035	0.12068	0.03133	0.09273	0.08662	0.02292	0.17672	0.28166	0.03785	0.02768	0.01261	0.00963	0.00514	0.00431	0.00137	0.00490	0.00414	0.00351	0.00667
5	0.01125	0.06878	0.08584	0.02203	0.57069	0.01107	0.03880	0.08496	0.01088	0.01538	0.00854	0.01070	0.00695	0.00410	0.00425	0.00129	0.00526	0.00382	0.02861	0.00679
6	0.00809	0.02759	0.02716	0.00765	0.02469	0.02529	0.07443	0.06996	0.07918	0.01476	0.11491	0.02836	0.39060	0.00812	0.00480	0.00137	0.00341	0.00692	0.00377	0.07893
7	0.00571	0.00435	0.00591	0.00628	0.00699	0.00400	0.03864	0.00674	0.00895	0.01184	0.05464	0.59118	0.16711	0.03229	0.00585	0.00175	0.00273	0.01110	0.03022	0.00373
8	0.01040	0.01586	0.36339	0.01094	0.03266	0.06705	0.01115	0.07239	0.26315	0.01615	0.03858	0.05699	0.01071	0.00554	0.00441	0.00143	0.00516	0.00450	0.00313	0.00642
9	0.00667	0.00451	0.00554	0.00531	0.00606	0.00424	0.00365	0.00789	0.01005	0.04043	0.42653	0.05232	0.08597	0.30881	0.01139	0.00244	0.00295	0.00752	0.00402	0.00370
10	0.01031	0.03179	0.17343	0.00927	0.01204	0.12946	0.00858	0.14485	0.03766	0.01461	0.03328	0.02970	0.04035	0.01496	0.28605	0.00330	0.00777	0.00439	0.00282	0.00537
11	0.00561	0.00446	0.00498	0.00490	0.00615	0.00389	0.00363	0.00700	0.01071	0.01373	0.30052	0.06303	0.50660	0.03814	0.00580	0.00156	0.00226	0.00888	0.00431	0.00384
12	0.00980	0.00877	0.05350	0.00911	0.08678	0.00676	0.01828	0.04030	0.00993	0.05307	0.03576	0.05713	0.00920	0.00435	0.00375	0.00091	0.00369	0.00368	0.00289	0.58233
13	0.00928	0.00869	0.01411	0.45376	0.27629	0.00943	0.01161	0.01198	0.00927	0.01275	0.00799	0.01111	0.00634	0.00409	0.00423	0.00130	0.00529	0.00373	0.00213	0.13662
14	0.87598	0.00854	0.00649	0.00581	0.00854	0.00991	0.00478	0.01298	0.00752	0.01982	0.00615	0.00717	0.00478	0.00410	0.00273	0.00137	0.00342	0.00239	0.00273	0.00478
15	0.01492	0.01063	0.01201	0.00962	0.01245	0.01186	0.00785	0.51539	0.08060	0.10197	0.01230	0.06166	0.00960	0.00710	0.03467	0.00163	0.08003	0.00464	0.00421	0.00686
16	0.00966	0.00941	0.04050	0.26153	0.09360	0.02300	0.09899	0.06540	0.00992	0.01382	0.00912	0.04111	0.00774	0.01499	0.00526	0.00135	0.06714	0.01937	0.01921	0.18884
17	0.03928	0.16981	0.03905	0.01005	0.01226	0.20015	0.04503	0.10369	0.01050	0.03371	0.00796	0.01092	0.00708	0.08670	0.00814	0.00165	0.20258	0.00362	0.00249	0.00532

[dist]
# distance from previous block
# <min> <max>
0	1

[block]
# block no. 8 follows, 59 sequences, length 17
# corresponding to MSA columns:
# 386-402
name=unknown_I
#
# <colnr> <probs for GDERKNQSTAVLIFYWHMCP>
#	G	D	E	R	K	N	Q	S	T	A	V	L	I	F	Y	W	H	M	C	P
0	0.41995	0.13561	0.02724	0.00831	0.03960	0.08861	0.00674	0.07354	0.03824	0.03831	0.02470	0.02154	0.00698	0.00473	0.00392	0.00132	0.04933	0.00312	0.00281	0.00539
1	0.24078	0.41057	0.12030	0.00805	0.01159	0.06324	0.00797	0.01323	0.00871	0.01338	0.00666	0.00797	0.00567	0.00537	0.04006	0.00142	0.02480	0.00266	0.00216	0.00541
2	0.01006	0.00957	0.05745	0.10798	0.13654	0.01888	0.02829	0.10836	0.23709	0.01654	0.07007	0.04343	0.09681	0.00643	0.00467	0.00146	0.00429	0.03250	0.00356	0.00600
3	0.00572	0.00524	0.04132	0.00526	0.00668	0.00415	0.00416	0.00717	0.01031	0.01324	0.23413	0.10099	0.47652	0.05793	0.00619	0.00164	0.00253	0.00881	0.00411	0.00389
4	0.00760	0.00609	0.00790	0.12965	0.03263	0.00638	0.00606	0.01144	0.15000	0.03121	0.35580	0.02716	0.16519	0.00882	0.03333	0.00163	0.00338	0.00681	0.00409	0.00482
5	0.00749	0.00589	0.00820	0.00896	0.08714	0.00582	0.04042	0.09073	0.01016	0.01367	0.07271	0.44538	0.07227	0.07272	0.03532	0.00201	0.00368	0.00927	0.00375	0.00443
6	0.01094	0.06263	0.11188	0.02783	0.38707	0.05412	0.01109	0.02364	0.03687	0.04999	0.03037	0.01138	0.00809	0.00560	0.04059	0.00151	0.02682	0.00377	0.00250	0.09331
7	0.58562	0.01129	0.06988	0.00932	0.06916	0.09677	0.05207	0.01360	0.00851	0.01747	0.00666	0.00803	0.00524	0.00422	0.00355	0.00136	0.02673	0.00282	0.00253	0.00518
8	0.00890	0.01628	0.45897	0.01405	0.12999	0.00927	0.09806	0.01269	0.00932	0.01343	0.01020	0.01576	0.00891	0.09276	0.00642	0.00176	0.00597	0.07912	0.00225	0.00589
9	0.16017	0.00929	0.01055	0.00829	0.01159	0.00950	0.00682	0.26374	0.04935	0.40545	0.01346	0.01241	0.00896	0.00521	0.00415	0.00136	0.00403	0.00398	0.00464	0.00704
10	0.01230	0.76104	0.02203	0.00796	0.01158	0.10212	0.00766	0.01369	0.00934	0.01043	0.00621	0.00718	0.00567	0.00386	0.00295	0.00096	0.00506	0.00241	0.00193	0.00561
11	0.01016	0.01619	0.43306	0.01298	0.01794	0.00940	0.20677	0.01417	0.01005	0.09823	0.01123	0.01595	0.00907	0.00528	0.00472	0.00150	0.00614	0.10838	0.00263	0.00616
12	0.00930	0.08716	0.35353	0.09594	0.01550	0.00923	0.01093	0.02821	0.03539	0.06418	0.01102	0.05073	0.00955	0.07101	0.09273	0.00223	0.00610	0.03914	0.00255	0.00558
13	0.00792	0.00624	0.00764	0.00639	0.00882	0.00518	0.00488	0.00950	0.00893	0.03436	0.04118	0.17951	0.05708	0.03004	0.11686	0.00194	0.00424	0.00557	0.00311	0.46062
14	0.63055	0.06954	0.03135	0.05893	0.09501	0.02645	0.00674	0.01307	0.00811	0.01772	0.00654	0.00791	0.00518	0.00409	0.00308	0.00133	0.00402	0.00268	0.00254	0.00514
15	0.03842	0.00912	0.01438	0.02035	0.53209	0.00932	0.01109	0.03421	0.05881	0.01475	0.01190	0.03810	0.01107	0.00700	0.04130	0.00171	0.00510	0.13229	0.00277	0.00624
16	0.01073	0.01361	0.20725	0.06360	0.15018	0.09503	0.06904	0.07620	0.08459	0.03191	0.04548	0.02232	0.05914	0.02282	0.00482	0.00142	0.00540	0.00447	0.00284	0.02916

[dist]
# distance from previous block
# <min> <max>
0	1

[block]
# block no. 9 follows, 59 sequences, length 12
# corresponding to MSA columns:
# 404-412,418-420
name=unknown_J
#
# <colnr> <probs for GDERKNQSTAVLIFYWHMCP>
#	G	D	E	R	K	N	Q	S	T	A	V	L	I	F	Y	W	H	M	C	P
0	0.01195	0.00848	0.00951	0.00803	0.01078	0.00884	0.00633	0.05571	0.43262	0.14532	0.06151	0.01577	0.01321	0.00558	0.00426	0.00131	0.00341	0.00461	0.04961	0.14316
1	0.87598	0.00854	0.00649	0.00581	0.00854	0.00991	0.00478	0.01298	0.00752	0.01982	0.00615	0.00717	0.00478	0.00410	0.00273	0.00137	0.00342	0.00239	0.00273	0.00478
2	0.01271	0.71569	0.02135	0.00799	0.01159	0.10643	0.00761	0.01411	0.00954	0.04940	0.00676	0.00756	0.00592	0.00395	0.00304	0.00099	0.00504	0.00252	0.00210	0.00570
3	0.00642	0.00442	0.00557	0.00567	0.00664	0.00400	0.00410	0.00784	0.01063	0.05422	0.35159	0.31398	0.18657	0.01094	0.00532	0.00155	0.00236	0.00965	0.00448	0.00405
4	0.00609	0.00496	0.00615	0.03101	0.05658	0.00451	0.00458	0.00776	0.01104	0.01447	0.36243	0.03569	0.41938	0.00964	0.00514	0.00144	0.00247	0.00828	0.00424	0.00415
5	0.00641	0.00430	0.00524	0.00555	0.00600	0.00409	0.00366	0.00705	0.00822	0.03734	0.06795	0.31799	0.09747	0.35842	0.01256	0.00277	0.00333	0.04465	0.00360	0.00341
6	0.01018	0.13804	0.11555	0.04298	0.10498	0.02509	0.03880	0.02860	0.24092	0.01494	0.09657	0.01459	0.02754	0.00558	0.00515	0.00140	0.07548	0.00447	0.00310	0.00605
7	0.00579	0.00445	0.00548	0.00554	0.00650	0.00427	0.00406	0.00706	0.00927	0.01219	0.16955	0.13061	0.31730	0.08691	0.20756	0.00312	0.00477	0.00811	0.00369	0.00375
8	0.01067	0.11835	0.12125	0.05424	0.14392	0.03851	0.08528	0.03771	0.13183	0.03576	0.03162	0.02607	0.03084	0.00533	0.00557	0.00142	0.10856	0.00429	0.00273	0.00604
9	0.00884	0.01386	0.37625	0.00992	0.01384	0.00827	0.07440	0.03611	0.06455	0.01518	0.04636	0.04497	0.01039	0.00655	0.04502	0.00162	0.00520	0.00440	0.20865	0.00562
10	0.05303	0.14235	0.11746	0.01647	0.30391	0.04193	0.09793	0.01348	0.00988	0.04887	0.03754	0.01228	0.04470	0.00467	0.00457	0.00132	0.03701	0.00404	0.00245	0.00613
11	0.01213	0.11233	0.11616	0.01171	0.09728	0.03483	0.07860	0.15315	0.10195	0.07474	0.02351	0.01190	0.02512	0.00467	0.00414	0.00123	0.00486	0.00390	0.00315	0.12464

[dist]
# distance from previous block
# <min> <max>
9	19

[block]
# block no. 10 follows, 59 sequences, length 18
# corresponding to MSA columns:
# 443-460
name=unknown_K
#
# <colnr> <probs for GDERKNQSTAVLIFYWHMCP>
#	G	D	E	R	K	N	Q	S	T	A	V	L	I	F	Y	W	H	M	C	P
0	0.01242	0.69313	0.02124	0.00823	0.01169	0.10483	0.00778	0.04323	0.00971	0.01110	0.00637	0.00742	0.00574	0.00408	0.00348	0.00102	0.03833	0.00253	0.00203	0.00564
1	0.00546	0.00388	0.00510	0.00605	0.00629	0.00364	0.00400	0.00617	0.00831	0.01108	0.02358	0.78243	0.02825	0.07462	0.00687	0.00198	0.00269	0.01211	0.00400	0.00352
2	0.00671	0.00535	0.00734	0.00712	0.00781	0.00618	0.00552	0.00800	0.00778	0.01082	0.05064	0.02378	0.11469	0.12735	0.41553	0.00471	0.12529	0.05868	0.00279	0.00390
3	0.01077	0.00778	0.00854	0.00790	0.00993	0.04043	0.00629	0.03931	0.32233	0.12176	0.05675	0.05564	0.06931	0.00820	0.02103	0.00164	0.00374	0.14234	0.06055	0.00577
4	0.01142	0.07062	0.08174	0.01688	0.34264	0.08725	0.01071	0.08677	0.09137	0.01474	0.00938	0.01169	0.00782	0.03965	0.04096	0.00171	0.06186	0.00391	0.00260	0.00628
