[name]
unknown

[dist]
# distance from previous block
# <min> <max>
0	230

[block]
# block no. 0 follows, 68 sequences, length 64
# corresponding to MSA columns:
# 243-306
name=unknown_A
#
# <colnr> <probs for GDERKNQSTAVLIFYWHMCP>
#	G	D	E	R	K	N	Q	S	T	A	V	L	I	F	Y	W	H	M	C	P
0	0.01302	0.00742	0.00877	0.00729	0.00971	0.00762	0.00579	0.11113	0.28244	0.34644	0.04989	0.01599	0.02219	0.07302	0.00535	0.00148	0.00337	0.01882	0.00425	0.00602
1	0.02273	0.01878	0.02543	0.08546	0.29001	0.08464	0.03969	0.15977	0.05622	0.09889	0.02460	0.01118	0.02415	0.00466	0.00435	0.03256	0.00461	0.00371	0.00280	0.00575
2	0.78161	0.00753	0.00648	0.00567	0.00811	0.00854	0.03003	0.01177	0.00708	0.05531	0.00679	0.04455	0.00557	0.00411	0.00271	0.00125	0.00316	0.00272	0.00261	0.00439
3	0.01173	0.00542	0.00716	0.00595	0.00801	0.00477	0.00473	0.01335	0.01107	0.43526	0.33759	0.02224	0.10235	0.00667	0.00433	0.00125	0.00265	0.00566	0.00457	0.00524
4	0.05309	0.00892	0.00982	0.00872	0.04696	0.00992	0.01496	0.29363	0.37051	0.01897	0.03849	0.03819	0.01061	0.00521	0.00392	0.00125	0.00354	0.00424	0.03770	0.02131
5	0.00715	0.00482	0.00566	0.00540	0.00604	0.01712	0.00368	0.05445	0.00771	0.06799	0.04515	0.14437	0.06562	0.43675	0.08498	0.00305	0.02746	0.00628	0.00296	0.00337
6	0.00505	0.00367	0.00479	0.00563	0.00595	0.00351	0.00380	0.00621	0.04390	0.01041	0.02160	0.82079	0.02560	0.01211	0.00502	0.00160	0.00234	0.01097	0.00370	0.00336
7	0.00605	0.00434	0.00529	0.00556	0.00673	0.00397	0.00452	0.00744	0.00924	0.05088	0.08236	0.06411	0.39060	0.02192	0.00519	0.00156	0.00274	0.32012	0.00375	0.00364
8	0.12015	0.00473	0.00548	0.00557	0.00655	0.00469	0.00409	0.02378	0.00806	0.08779	0.03119	0.29800	0.08292	0.18070	0.00767	0.00197	0.00300	0.11660	0.00339	0.00366
9	0.38703	0.00773	0.00785	0.00665	0.00900	0.01694	0.03323	0.12635	0.11120	0.08277	0.12644	0.02811	0.03140	0.00507	0.00349	0.00125	0.00324	0.00390	0.00336	0.00500
10	0.00987	0.01108	0.02231	0.01606	0.01995	0.04704	0.74690	0.05129	0.00988	0.01315	0.00801	0.01048	0.00601	0.00344	0.00460	0.00132	0.00659	0.00453	0.00210	0.00538
11	0.00639	0.00433	0.00533	0.00541	0.00625	0.00413	0.00388	0.00810	0.06512	0.06585	0.19246	0.30579	0.12446	0.13543	0.00705	0.00180	0.00260	0.04822	0.00374	0.00369
12	0.00611	0.00412	0.00487	0.00494	0.00542	0.00399	0.00323	0.03404	0.00760	0.03595	0.07247	0.24257	0.10199	0.42824	0.01236	0.00263	0.00313	0.02009	0.00315	0.00310
13	0.05024	0.00827	0.00882	0.00758	0.00991	0.00917	0.00597	0.16903	0.47051	0.08937	0.01602	0.01557	0.07242	0.04331	0.00471	0.00141	0.00333	0.00451	0.00393	0.00592
14	0.00976	0.00937	0.01600	0.04304	0.81763	0.00941	0.01214	0.01212	0.00900	0.01289	0.00745	0.00983	0.00626	0.00354	0.00393	0.00118	0.00472	0.00353	0.00196	0.00624
15	0.03285	0.00411	0.00513	0.00540	0.00626	0.00380	0.00392	0.00734	0.00872	0.08069	0.14233	0.44244	0.16226	0.02123	0.00499	0.00151	0.00240	0.05712	0.00383	0.00366
16	0.00662	0.00462	0.00561	0.00556	0.00648	0.00451	0.00412	0.07007	0.02225	0.03308	0.22828	0.20561	0.10719	0.14116	0.00711	0.00179	0.00275	0.10590	0.03359	0.00371
17	0.01054	0.00944	0.00931	0.00829	0.01057	0.07217	0.00645	0.06774	0.72033	0.01657	0.01500	0.01391	0.01127	0.00525	0.00400	0.00131	0.00351	0.00429	0.00388	0.00618
18	0.00577	0.00384	0.00432	0.00432	0.00432	0.00384	0.00240	0.00577	0.00577	0.00769	0.01249	0.02595	0.01441	0.86066	0.02018	0.00384	0.00384	0.00577	0.00240	0.00240
19	0.04274	0.00504	0.00590	0.00564	0.00688	0.00500	0.00418	0.01019	0.13894	0.09444	0.22576	0.18428	0.13126	0.09633	0.00611	0.00162	0.00261	0.02504	0.00385	0.00417
20	0.00617	0.00445	0.00560	0.00600	0.00670	0.00439	0.00438	0.08827	0.00910	0.01211	0.06669	0.54461	0.05136	0.04862	0.00564	0.00167	0.00274	0.12420	0.00369	0.00363
21	0.01468	0.01867	0.01126	0.01022	0.01222	0.82637	0.00768	0.01569	0.01112	0.00970	0.00611	0.00718	0.00511	0.00415	0.00378	0.00104	0.02582	0.00257	0.00204	0.00459
22	0.01073	0.01170	0.01904	0.01416	0.01757	0.13208	0.53810	0.09135	0.08434	0.01374	0.00857	0.01040	0.00649	0.00383	0.00453	0.00128	0.02005	0.00423	0.00238	0.00544
23	0.00573	0.00404	0.00509	0.00548	0.00616	0.00382	0.00392	0.00714	0.04206	0.03655	0.14449	0.44623	0.12515	0.06957	0.00596	0.00167	0.00249	0.07719	0.00374	0.00353
24	0.00487	0.00356	0.00458	0.00531	0.00572	0.00327	0.00361	0.00568	0.00801	0.01059	0.08099	0.70620	0.11933	0.01185	0.00499	0.00155	0.00224	0.01065	0.00373	0.00327
25	0.00516	0.00397	0.00470	0.00485	0.00579	0.00356	0.00360	0.00640	0.00932	0.01212	0.26758	0.18179	0.36252	0.03853	0.00533	0.00148	0.00222	0.07382	0.00384	0.00343
26	0.03944	0.00744	0.01220	0.59147	0.05902	0.00877	0.07091	0.03826	0.03082	0.02566	0.00789	0.03119	0.00623	0.00456	0.00454	0.03098	0.02018	0.00378	0.00205	0.00461
27	0.00667	0.00525	0.00646	0.03263	0.00734	0.03361	0.00461	0.05431	0.00737	0.00998	0.03223	0.08154	0.03310	0.27977	0.34146	0.00412	0.04835	0.00526	0.00249	0.00345
28	0.00538	0.00401	0.00475	0.00501	0.00593	0.00362	0.00364	0.00669	0.02939	0.03159	0.14502	0.33864	0.35174	0.01043	0.00482	0.00144	0.00222	0.03833	0.00382	0.00352
29	0.02894	0.05108	0.01195	0.00891	0.01194	0.01179	0.02756	0.59635	0.15443	0.04067	0.01048	0.01033	0.00758	0.00475	0.00390	0.00120	0.00416	0.00367	0.00382	0.00651
30	0.00914	0.00710	0.00838	0.00603	0.00951	0.00547	0.00485	0.02721	0.00869	0.08057	0.00780	0.00868	0.00621	0.00313	0.00304	0.00065	0.00300	0.00251	0.00259	0.79543
31	0.00998	0.03622	0.14557	0.26529	0.13283	0.03491	0.02013	0.09166	0.14719	0.06340	0.00933	0.01066	0.00694	0.00422	0.00389	0.00125	0.00478	0.00357	0.00257	0.00562
32	0.04148	0.00621	0.04585	0.02102	0.00788	0.00555	0.00481	0.11062	0.04231	0.06087	0.22508	0.04701	0.35041	0.00784	0.00440	0.00129	0.00268	0.00656	0.00379	0.00435
33	0.00554	0.00382	0.00441	0.00459	0.00478	0.00373	0.00280	0.00581	0.00647	0.00849	0.01674	0.15882	0.08983	0.62085	0.01589	0.00320	0.00343	0.03538	0.00276	0.00266
34	0.87189	0.00765	0.00589	0.00525	0.00772	0.00884	0.00432	0.01180	0.00684	0.03360	0.00572	0.00658	0.00440	0.00370	0.00248	0.00123	0.00307	0.00218	0.00250	0.00434
35	0.00666	0.00478	0.02594	0.00501	0.00644	0.00399	0.00391	0.00805	0.02388	0.11168	0.13686	0.12693	0.45058	0.04682	0.00531	0.00146	0.00242	0.02159	0.00382	0.00387
36	0.01172	0.01004	0.00929	0.00815	0.01028	0.17669	0.00642	0.12814	0.29996	0.10103	0.04286	0.01535	0.04124	0.00561	0.00431	0.00127	0.03258	0.05200	0.03752	0.00553
37	0.01374	0.00799	0.00913	0.00742	0.00997	0.03820	0.00598	0.20920	0.12228	0.35470	0.07580	0.01572	0.05511	0.02515	0.01904	0.00139	0.00367	0.01528	0.00423	0.00601
38	0.00620	0.00499	0.00785	0.00698	0.00782	0.00522	0.11207	0.00730	0.00680	0.00943	0.04086	0.07984	0.01308	0.32549	0.32505	0.00416	0.02566	0.00545	0.00239	0.00337
39	0.00489	0.00358	0.00451	0.00523	0.00562	0.00330	0.00352	0.00559	0.00770	0.01006	0.02398	0.66724	0.14821	0.07063	0.00605	0.00173	0.00238	0.01901	0.00359	0.00319
40	0.02134	0.15115	0.67158	0.01040	0.01570	0.01024	0.01298	0.01273	0.03661	0.01227	0.00715	0.00825	0.00527	0.00376	0.00357	0.00119	0.00547	0.00285	0.00177	0.00573
41	0.00572	0.00382	0.00434	0.00439	0.00440	0.00381	0.00247	0.00575	0.00586	0.00781	0.01298	0.06897	0.01503	0.81680	0.01940	0.00373	0.00376	0.00605	0.00247	0.00244
42	0.00519	0.00387	0.00483	0.00530	0.00589	0.00366	0.00371	0.00646	0.03576	0.01105	0.12676	0.49607	0.15696	0.05797	0.03556	0.00181	0.00264	0.02947	0.00365	0.00339
43	0.04840	0.00541	0.00678	0.01997	0.00772	0.02850	0.05481	0.03872	0.00937	0.01296	0.22479	0.17959	0.20615	0.00942	0.04490	0.00159	0.03246	0.02098	0.04363	0.00384
44	0.12568	0.04087	0.02416	0.00911	0.04771	0.14158	0.00716	0.44985	0.01430	0.04738	0.00988	0.01014	0.04559	0.00466	0.00369	0.00117	0.00452	0.00341	0.00329	0.00584
45	0.01064	0.00862	0.00923	0.00801	0.01028	0.00981	0.00631	0.20339	0.55220	0.01781	0.01431	0.01455	0.01103	0.03657	0.03532	0.00158	0.00370	0.01891	0.02168	0.00605
46	0.02023	0.00501	0.00592	0.00538	0.00679	0.00481	0.00413	0.06716	0.05351	0.07876	0.43460	0.05735	0.19506	0.00785	0.00446	0.00127	0.00229	0.00673	0.03447	0.00423
47	0.00483	0.00347	0.00458	0.00547	0.00574	0.00322	0.00366	0.00553	0.00764	0.01014	0.02243	0.83229	0.05163	0.01235	0.00505	0.00160	0.00229	0.01118	0.00368	0.00322
48	0.00644	0.00439	0.00494	0.00474	0.00500	0.00450	0.00286	0.06516	0.00672	0.00900	0.01221	0.02440	0.01371	0.77057	0.04670	0.00374	0.00411	0.00556	0.00251	0.00276
49	0.00561	0.00384	0.00444	0.00451	0.00466	0.00382	0.00269	0.00581	0.00618	0.00818	0.01508	0.09626	0.07138	0.68621	0.06225	0.00362	0.00395	0.00633	0.00258	0.00260
50	0.01493	0.01064	0.01148	0.00883	0.01192	0.01168	0.00729	0.75556	0.01793	0.06338	0.00993	0.00990	0.00701	0.00476	0.00392	0.00118	0.00423	0.00359	0.03520	0.00663
51	0.00749	0.00705	0.01189	0.85113	0.02731	0.00881	0.01101	0.01013	0.00793	0.01013	0.00705	0.01057	0.00529	0.00396	0.00396	0.00132	0.00529	0.00352	0.00176	0.00440
52	0.00812	0.07520	0.78693	0.01101	0.01671	0.00963	0.01414	0.01251	0.00835	0.01235	0.00701	0.00824	0.00503	0.00374	0.00369	0.00123	0.00575	0.00288	0.00168	0.00581
53	0.17067	0.00773	0.00907	0.00707	0.01006	0.00755	0.00583	0.16628	0.01177	0.51130	0.01239	0.01131	0.00812	0.00459	0.00367	0.00120	0.00349	0.00352	0.00420	0.04020
54	0.02595	0.00647	0.11269	0.00547	0.00742	0.00458	0.00494	0.02068	0.00959	0.05079	0.19838	0.04243	0.47061	0.00841	0.00449	0.00131	0.00262	0.01559	0.00360	0.00399
55	0.00749	0.00705	0.01189	0.85113	0.02731	0.00881	0.01101	0.01013	0.00793	0.01013	0.00705	0.01057	0.00529	0.00396	0.00396	0.00132	0.00529	0.00352	0.00176	0.00440
56	0.00509	0.00386	0.00470	0.00540	0.00585	0.01667	0.00372	0.00586	0.00787	0.01018	0.02395	0.63484	0.15053	0.05225	0.00572	0.00168	0.00248	0.05252	0.00359	0.00325
57	0.01537	0.00896	0.01036	0.00804	0.01100	0.00929	0.00660	0.44680	0.04417	0.32620	0.04223	0.01204	0.00928	0.00496	0.00397	0.00120	0.00380	0.00389	0.02529	0.00655
58	0.00820	0.00603	0.00641	0.00586	0.00747	0.03204	0.00449	0.06130	0.18694	0.07550	0.16367	0.07985	0.23495	0.00737	0.00423	0.00127	0.00264	0.00620	0.10102	0.00458
59	0.00801	0.00894	0.04777	0.01325	0.01623	0.00802	0.55388	0.01060	0.00878	0.01191	0.01185	0.24791	0.01165	0.00602	0.00487	0.01128	0.00539	0.00645	0.00246	0.00473
60	0.00789	0.00704	0.01179	0.81855	0.02664	0.00869	0.01081	0.01049	0.00806	0.04211	0.00738	0.01068	0.00546	0.00400	0.00396	0.00132	0.00521	0.00354	0.00188	0.00449
61	0.00682	0.00533	0.02088	0.00598	0.00762	0.00475	0.05786	0.00908	0.07915	0.08234	0.14828	0.09923	0.40925	0.00861	0.00462	0.00136	0.00266	0.03830	0.00377	0.00412
62	0.01168	0.01837	0.04963	0.05226	0.25480	0.15308	0.04399	0.13554	0.13217	0.06358	0.00927	0.01019	0.00708	0.00416	0.00387	0.00117	0.00486	0.00350	0.00275	0.03803
63	0.04832	0.15969	0.04663	0.00836	0.03901	0.15514	0.00675	0.11314	0.08023	0.06815	0.03813	0.13547	0.01047	0.00557	0.00399	0.00117	0.02967	0.00436	0.00290	0.04286

[dist]
# distance from previous block
# <min> <max>
0	52

[block]
# block no. 1 follows, 68 sequences, length 26
# corresponding to MSA columns:
# 360-385
name=unknown_B
#
# <colnr> <probs for GDERKNQSTAVLIFYWHMCP>
#	G	D	E	R	K	N	Q	S	T	A	V	L	I	F	Y	W	H	M	C	P
0	0.00764	0.06700	0.03143	0.06987	0.00903	0.02445	0.00531	0.07451	0.00916	0.07296	0.05791	0.36330	0.10756	0.02683	0.05287	0.00172	0.00357	0.00740	0.00333	0.00414
1	0.00918	0.01033	0.02225	0.04922	0.04398	0.00978	0.74526	0.01240	0.00925	0.01254	0.00833	0.03283	0.00652	0.00361	0.00464	0.00134	0.00646	0.00477	0.00204	0.00528
2	0.01166	0.00962	0.06104	0.01150	0.17053	0.01895	0.03007	0.24908	0.16918	0.11182	0.02599	0.04070	0.05196	0.00520	0.00408	0.00126	0.00403	0.01378	0.00347	0.00608
3	0.00732	0.00459	0.00551	0.00511	0.00649	0.00415	0.00387	0.00908	0.04382	0.13940	0.29401	0.08207	0.31267	0.03527	0.00504	0.00139	0.00231	0.01588	0.01794	0.00409
4	0.00545	0.00418	0.00485	0.00474	0.00585	0.00379	0.00355	0.00706	0.03217	0.02173	0.34793	0.05821	0.39370	0.04406	0.01772	0.00150	0.00226	0.03375	0.00390	0.00359
5	0.01481	0.01890	0.01124	0.01021	0.01226	0.84474	0.00766	0.01583	0.01124	0.00970	0.00613	0.00715	0.00511	0.00409	0.00358	0.00102	0.00715	0.00255	0.00204	0.00460
6	0.00569	0.00393	0.00458	0.00477	0.00495	0.00390	0.00293	0.00624	0.02937	0.00865	0.01550	0.18905	0.03921	0.61550	0.01579	0.00319	0.00347	0.03775	0.00278	0.00274
7	0.39196	0.00813	0.00836	0.00673	0.00956	0.00861	0.00555	0.19766	0.01102	0.30143	0.00990	0.00956	0.00674	0.00435	0.00332	0.00122	0.00347	0.00310	0.00364	0.00569
8	0.00613	0.00486	0.00646	0.02497	0.00730	0.02190	0.00484	0.01648	0.00692	0.00954	0.03169	0.06527	0.05854	0.16085	0.47316	0.00458	0.06594	0.02469	0.00242	0.00346
9	0.00502	0.00383	0.00444	0.00468	0.00556	0.00340	0.00336	0.00613	0.00896	0.01168	0.18544	0.30119	0.38545	0.01022	0.00473	0.00139	0.00207	0.00889	0.04017	0.00340
10	0.05917	0.00799	0.00899	0.00665	0.01001	0.00713	0.00540	0.19715	0.01072	0.06587	0.00805	0.00874	0.00622	0.00352	0.00321	0.00080	0.00330	0.00272	0.00288	0.58149
11	0.00508	0.00378	0.00458	0.00499	0.00561	0.00346	0.00348	0.00596	0.00825	0.01072	0.11679	0.39167	0.24871	0.11819	0.00684	0.00179	0.00244	0.05085	0.00359	0.00323
12	0.00745	0.00451	0.00571	0.01452	0.00681	0.00430	0.00427	0.03575	0.00902	0.10999	0.12792	0.19968	0.11638	0.09237	0.01873	0.04671	0.00292	0.12035	0.06881	0.00380
13	0.00489	0.00387	0.00433	0.00457	0.00551	0.00340	0.00328	0.00584	0.00866	0.01082	0.09302	0.25164	0.50368	0.05416	0.00559	0.00154	0.00220	0.02604	0.00367	0.00330
14	0.61813	0.00741	0.00653	0.00570	0.00803	0.00832	0.00464	0.09000	0.00837	0.08228	0.00790	0.03647	0.00627	0.00525	0.03573	0.00142	0.00341	0.00291	0.05661	0.00462
15	0.04821	0.00476	0.00550	0.00522	0.00645	0.00456	0.00387	0.03544	0.04971	0.07722	0.26097	0.15694	0.23367	0.08258	0.00587	0.00155	0.00246	0.00726	0.00383	0.00393
16	0.00809	0.00656	0.00770	0.00571	0.00877	0.00505	0.00449	0.00974	0.00844	0.03878	0.06844	0.01182	0.03558	0.04808	0.00405	0.00085	0.00289	0.00312	0.00262	0.71921
17	0.00497	0.00376	0.00450	0.00493	0.00560	0.00339	0.00344	0.00586	0.00837	0.01080	0.11237	0.42271	0.29537	0.06837	0.00593	0.00164	0.00229	0.02876	0.00367	0.00327
18	0.03619	0.00832	0.00922	0.00768	0.00989	0.02437	0.00612	0.34605	0.10722	0.13425	0.03943	0.11089	0.01167	0.04546	0.00517	0.00141	0.03681	0.02073	0.03350	0.00562
19	0.06816	0.00523	0.00579	0.00555	0.00691	0.00515	0.00415	0.08277	0.06061	0.04432	0.04069	0.26085	0.26107	0.03766	0.00517	0.02035	0.00266	0.02604	0.02362	0.03326
20	0.08096	0.00479	0.00547	0.00509	0.00644	0.00447	0.00378	0.00853	0.03158	0.07454	0.26688	0.12747	0.18584	0.08991	0.00580	0.00151	0.00246	0.00663	0.02107	0.06678
21	0.03620	0.00467	0.00546	0.00554	0.00651	0.00456	0.00401	0.05595	0.04955	0.04385	0.08931	0.36951	0.17657	0.08893	0.00613	0.00168	0.00264	0.04150	0.00366	0.00376
22	0.15971	0.00544	0.00590	0.00552	0.00695	0.00559	0.00418	0.03195	0.07658	0.09527	0.08330	0.07968	0.15362	0.14353	0.04708	0.01310	0.00330	0.04726	0.02798	0.00407
23	0.07209	0.00563	0.00704	0.00659	0.01828	0.00603	0.00509	0.05704	0.08660	0.09296	0.08642	0.03922	0.03077	0.01634	0.37256	0.00348	0.00631	0.01597	0.03944	0.03214
24	0.00689	0.00418	0.00551	0.00549	0.00587	0.00426	0.00376	0.04667	0.05193	0.00914	0.01191	0.16490	0.03930	0.09289	0.02778	0.50575	0.00339	0.00530	0.00245	0.00264
25	0.00876	0.00958	0.02018	0.01479	0.01813	0.00923	0.65828	0.01173	0.00903	0.01235	0.03654	0.01309	0.00808	0.00624	0.07779	0.00181	0.03927	0.03796	0.00215	0.00503

[dist]
# distance from previous block
# <min> <max>
6	15

[block]
# block no. 2 follows, 68 sequences, length 57
# corresponding to MSA columns:
# 401-404,407-430,432-460
name=unknown_C
#
# <colnr> <probs for GDERKNQSTAVLIFYWHMCP>
#	G	D	E	R	K	N	Q	S	T	A	V	L	I	F	Y	W	H	M	C	P
0	0.00654	0.00535	0.00666	0.00640	0.00682	0.03203	0.00469	0.00757	0.03240	0.00910	0.01210	0.09102	0.03561	0.28469	0.28011	0.02232	0.14560	0.00526	0.00238	0.00336
1	0.00737	0.00536	0.00660	0.02058	0.02471	0.01854	0.00439	0.05646	0.00741	0.04939	0.03798	0.05209	0.02819	0.45056	0.12566	0.00333	0.09002	0.00528	0.00262	0.00346
2	0.04793	0.00946	0.01287	0.11981	0.16251	0.06705	0.12689	0.11710	0.15592	0.02873	0.01163	0.01271	0.06915	0.00473	0.00437	0.00128	0.03551	0.00411	0.00277	0.00548
3	0.00671	0.00443	0.00568	0.00572	0.00652	0.00433	0.00418	0.03962	0.04258	0.04202	0.08188	0.27290	0.09232	0.05333	0.04709	0.18242	0.00323	0.07714	0.00324	0.02467
4	0.02802	0.00892	0.02950	0.00782	0.01051	0.00919	0.00647	0.41117	0.10487	0.16920	0.08135	0.03397	0.02536	0.00537	0.00398	0.00122	0.00363	0.00429	0.04909	0.00608
5	0.00562	0.00411	0.00471	0.00462	0.00577	0.00361	0.00343	0.00683	0.00946	0.04854	0.25008	0.09857	0.46012	0.05152	0.00547	0.00147	0.00218	0.02650	0.00386	0.00355
6	0.07794	0.00580	0.00703	0.00657	0.02486	0.03163	0.04335	0.04549	0.03334	0.09010	0.16350	0.16516	0.06151	0.15957	0.02242	0.00187	0.00334	0.02545	0.02703	0.00408
7	0.00576	0.00394	0.00491	0.00527	0.00602	0.00363	0.00380	0.00688	0.01589	0.04755	0.12426	0.42297	0.18519	0.04720	0.00549	0.00158	0.00240	0.07118	0.03256	0.00351
8	0.00567	0.00450	0.00499	0.00494	0.00601	0.02151	0.00367	0.03053	0.00926	0.01196	0.19405	0.11371	0.39215	0.05846	0.07291	0.00188	0.00302	0.03122	0.02605	0.00352
9	0.06972	0.00459	0.00596	0.00552	0.00640	0.00455	0.02149	0.01811	0.03300	0.08628	0.08405	0.04372	0.07494	0.06400	0.01036	0.41174	0.00315	0.00458	0.04473	0.00313
10	0.05059	0.00488	0.00569	0.00555	0.00680	0.00470	0.00413	0.05151	0.04231	0.11095	0.07500	0.31065	0.21003	0.04188	0.00512	0.00150	0.00260	0.03136	0.03070	0.00406
11	0.03849	0.00953	0.01061	0.00832	0.01122	0.01020	0.00680	0.56689	0.02809	0.18666	0.01165	0.07348	0.00882	0.00534	0.00401	0.00123	0.00396	0.00420	0.00409	0.00641
12	0.01605	0.00517	0.00571	0.00523	0.00683	0.00487	0.00406	0.09789	0.03495	0.07879	0.13236	0.06793	0.46061	0.00859	0.00450	0.00132	0.00246	0.03101	0.02750	0.00415
13	0.00551	0.00413	0.00482	0.00502	0.00601	0.00375	0.00373	0.00687	0.03091	0.03115	0.12741	0.22381	0.38928	0.04864	0.00552	0.00155	0.00238	0.09224	0.00374	0.00351
14	0.00577	0.00393	0.00488	0.00512	0.00585	0.00361	0.00364	0.00679	0.00865	0.04903	0.18821	0.35374	0.17707	0.10457	0.00652	0.00172	0.00244	0.04703	0.01798	0.00345
15	0.00808	0.06074	0.80099	0.01109	0.01683	0.00952	0.01427	0.01252	0.00836	0.01240	0.00704	0.00827	0.00503	0.00375	0.00371	0.00124	0.00578	0.00289	0.00168	0.00582
16	0.00485	0.00348	0.00461	0.00550	0.00578	0.00324	0.00370	0.00557	0.00766	0.01017	0.02239	0.82088	0.05063	0.01233	0.00506	0.00161	0.00231	0.02332	0.00368	0.00323
17	0.03395	0.00485	0.00607	0.00591	0.00709	0.00462	0.00439	0.05864	0.00932	0.17867	0.07454	0.40945	0.04624	0.04648	0.00524	0.00154	0.00274	0.04940	0.04663	0.00423
18	0.03135	0.00879	0.00953	0.00765	0.01019	0.03460	0.00619	0.44497	0.02632	0.14677	0.11713	0.04443	0.05934	0.00574	0.00406	0.00122	0.00366	0.00459	0.02764	0.00584
19	0.00795	0.02051	0.84011	0.01130	0.01716	0.00921	0.01465	0.01256	0.00837	0.01256	0.00712	0.00837	0.00502	0.00377	0.00377	0.00126	0.00586	0.00293	0.00167	0.00586
20	0.00812	0.00691	0.00805	0.00581	0.00918	0.00522	0.00460	0.00980	0.00812	0.01269	0.00728	0.00899	0.00624	0.03987	0.00368	0.00073	0.00298	0.00250	0.00235	0.84689
21	0.03381	0.00408	0.00478	0.00488	0.00543	0.00401	0.00330	0.00676	0.00717	0.03567	0.03948	0.16081	0.12396	0.38784	0.07701	0.00288	0.00368	0.04457	0.04677	0.00310
22	0.00568	0.00409	0.00561	0.00563	0.00608	0.00452	0.00403	0.00658	0.00619	0.00870	0.01158	0.04182	0.01192	0.31931	0.53450	0.00536	0.00803	0.00497	0.00226	0.00313
23	0.02726	0.00768	0.00677	0.00622	0.00778	0.18594	0.00471	0.01097	0.01003	0.15197	0.17413	0.11824	0.17315	0.00714	0.00414	0.00122	0.00336	0.00590	0.08906	0.00431
24	0.00577	0.00391	0.00501	0.00522	0.00599	0.00356	0.00373	0.00696	0.00923	0.05646	0.30316	0.41932	0.13637	0.01022	0.00482	0.00143	0.00217	0.00909	0.00398	0.00360
25	0.01255	0.01394	0.01001	0.00908	0.01087	0.51631	0.00693	0.01470	0.09254	0.06283	0.02635	0.01023	0.00759	0.00862	0.13960	0.00197	0.04546	0.00325	0.00247	0.00470
26	0.00922	0.01040	0.02258	0.01626	0.02012	0.00977	0.78260	0.01249	0.00935	0.01266	0.00864	0.01232	0.00682	0.00371	0.00472	0.00136	0.00654	0.04310	0.00208	0.00527
27	0.00647	0.00475	0.00653	0.00609	0.00669	0.00508	0.04289	0.00753	0.03142	0.03500	0.01297	0.07879	0.03489	0.40861	0.24551	0.00393	0.05147	0.00553	0.00252	0.00330
28	0.00889	0.05302	0.08437	0.03813	0.06999	0.05706	0.23038	0.03238	0.02566	0.04827	0.01280	0.11729	0.02521	0.02568	0.00483	0.00145	0.00485	0.15223	0.00271	0.00482
29	0.00495	0.00356	0.00473	0.00562	0.00594	0.00333	0.00388	0.00574	0.00776	0.01028	0.02236	0.76612	0.05145	0.01223	0.00508	0.00162	0.00240	0.07600	0.00368	0.00326
30	0.01308	0.15965	0.03850	0.05062	0.03906	0.55497	0.05449	0.02560	0.01038	0.01023	0.00629	0.00754	0.00522	0.00390	0.00351	0.00104	0.00639	0.00270	0.00198	0.00483
31	0.00574	0.00416	0.00541	0.00539	0.00573	0.00450	0.00371	0.00643	0.00636	0.00879	0.03770	0.06580	0.03794	0.42121	0.32965	0.00445	0.03604	0.00552	0.00244	0.00301
32	0.18251	0.03154	0.03971	0.14308	0.32492	0.05142	0.02173	0.04583	0.03368	0.04708	0.00772	0.00972	0.00616	0.02249	0.01552	0.00133	0.00460	0.00328	0.00229	0.00538
33	0.00957	0.00776	0.01108	0.06164	0.32186	0.00804	0.00819	0.07087	0.16551	0.07467	0.10003	0.06765	0.06477	0.00554	0.00415	0.00127	0.00370	0.00492	0.00317	0.00559
34	0.00754	0.00711	0.01200	0.83089	0.04710	0.00882	0.01104	0.01018	0.00796	0.01020	0.00706	0.01055	0.00531	0.00395	0.00396	0.00132	0.00527	0.00352	0.00177	0.00445
35	0.01511	0.00989	0.01101	0.00856	0.01162	0.01064	0.00703	0.56470	0.10223	0.20006	0.01154	0.01093	0.00797	0.00486	0.00398	0.00121	0.00402	0.00376	0.00418	0.00669
36	0.00984	0.00959	0.04411	0.10319	0.38425	0.00926	0.22355	0.04539	0.03584	0.05257	0.00872	0.03210	0.00699	0.00395	0.00415	0.00125	0.00511	0.00407	0.01032	0.00577
37	0.00611	0.00405	0.00476	0.00467	0.00526	0.00390	0.00310	0.00674	0.00732	0.04906	0.08512	0.06337	0.17754	0.44740	0.08984	0.00307	0.00380	0.00636	0.02544	0.00308
38	0.00795	0.02051	0.84011	0.01130	0.01716	0.00921	0.01465	0.01256	0.00837	0.01256	0.00712	0.00837	0.00502	0.00377	0.00377	0.00126	0.00586	0.00293	0.00167	0.00586
39	0.21111	0.00986	0.01017	0.00803	0.01098	0.01091	0.00661	0.53642	0.05855	0.08525	0.00944	0.00941	0.00671	0.00456	0.00363	0.00121	0.00393	0.00333	0.00370	0.00617
40	0.04693	0.00493	0.00555	0.00542	0.00667	0.00479	0.00403	0.04782	0.07562	0.06362	0.08032	0.23433	0.30182	0.06038	0.01465	0.00160	0.00266	0.03120	0.00370	0.00395
41	0.12726	0.00769	0.00929	0.00722	0.01023	0.00745	0.00596	0.17138	0.01216	0.58001	0.01320	0.01185	0.00853	0.00472	0.00379	0.00122	0.00352	0.00368	0.00442	0.00644
42	0.00689	0.00507	0.00584	0.00554	0.00676	0.02921	0.00420	0.05051	0.03439	0.05767	0.40282	0.13744	0.18610	0.00863	0.00464	0.00133	0.00243	0.04249	0.00404	0.00401
43	0.00803	0.00571	0.00650	0.00604	0.00732	0.00597	0.00439	0.03139	0.26539	0.07959	0.12920	0.12148	0.07726	0.22406	0.00839	0.00198	0.00301	0.00620	0.00367	0.00442
44	0.05640	0.00576	0.00671	0.00614	0.00766	0.01883	0.00469	0.06194	0.08067	0.18065	0.16067	0.16447	0.07251	0.09563	0.00602	0.00162	0.00299	0.05823	0.00387	0.00454
45	0.18196	0.00876	0.01146	0.29266	0.21122	0.05339	0.00903	0.09694	0.00952	0.07765	0.00772	0.00952	0.00582	0.00397	0.00364	0.00123	0.00457	0.00325	0.00243	0.00526
46	0.03550	0.00471	0.00435	0.00422	0.00531	0.04037	0.00320	0.02092	0.03219	0.01485	0.01246	0.01412	0.00977	0.00459	0.00285	0.00095	0.00219	0.00362	0.77996	0.00387
47	0.00577	0.00409	0.00501	0.00508	0.00592	0.00378	0.00364	0.00722	0.03309	0.04157	0.29648	0.27093	0.19457	0.08546	0.00614	0.00161	0.00232	0.01991	0.00385	0.00357
48	0.00789	0.00542	0.00652	0.00587	0.00731	0.00536	0.00451	0.09684	0.09031	0.08125	0.45832	0.07494	0.09737	0.02126	0.00477	0.00133	0.00248	0.01960	0.00419	0.00446
49	0.01187	0.01314	0.01163	0.00994	0.01230	0.36850	0.10745	0.03658	0.32502	0.01322	0.02640	0.01162	0.02516	0.00470	0.00394	0.00120	0.00528	0.00378	0.00293	0.00534
50	0.00568	0.00386	0.00447	0.00450	0.00467	0.00381	0.00270	0.00599	0.00656	0.00886	0.09638	0.07529	0.04296	0.66970	0.03727	0.00341	0.00364	0.00625	0.01136	0.00266
51	0.12229	0.00594	0.00672	0.00609	0.00779	0.00598	0.00472	0.12932	0.02820	0.14772	0.11833	0.22726	0.12114	0.00783	0.00426	0.00135	0.00284	0.03186	0.01575	0.00461
52	0.02146	0.00533	0.00616	0.00566	0.00710	0.00523	0.00434	0.09501	0.06203	0.09189	0.20009	0.09193	0.21155	0.07563	0.00568	0.00152	0.00270	0.05561	0.04682	0.00426
53	0.00598	0.00467	0.00539	0.00509	0.00632	0.00446	0.00383	0.03364	0.08997	0.01415	0.41797	0.05653	0.30440	0.02394	0.00489	0.00134	0.00217	0.00731	0.00403	0.00391
54	0.00641	0.00446	0.00590	0.00590	0.00678	0.00457	0.00449	0.02721	0.03046	0.04528	0.15932	0.14055	0.08100	0.08231	0.26756	0.01749	0.00520	0.09816	0.00325	0.00369
55	0.06305	0.00557	0.00617	0.00585	0.00690	0.04850	0.00429	0.07087	0.00861	0.06941	0.09011	0.16868	0.09759	0.08843	0.09517	0.15421	0.00397	0.00590	0.00307	0.00364
56	0.05198	0.00571	0.00678	0.00606	0.00734	0.00600	0.00453	0.09066	0.07241	0.12945	0.06668	0.02785	0.03774	0.25609	0.11295	0.03762	0.02689	0.02226	0.02681	0.00419

[dist]
# distance from previous block
# <min> <max>
0	30

[block]
# block no. 3 follows, 68 sequences, length 30
# corresponding to MSA columns:
# 491-520
name=unknown_D
#
# <colnr> <probs for GDERKNQSTAVLIFYWHMCP>
#	G	D	E	R	K	N	Q	S	T	A	V	L	I	F	Y	W	H	M	C	P
0	0.00948	0.18143	0.34274	0.05039	0.03265	0.09166	0.03403	0.04617	0.02148	0.01194	0.00735	0.03528	0.00604	0.00414	0.00396	0.00114	0.04364	0.00313	0.00198	0.07137
1	0.58720	0.11626	0.00875	0.00650	0.03274	0.04910	0.00520	0.05701	0.00807	0.06165	0.00660	0.00772	0.00524	0.03014	0.00327	0.00125	0.00357	0.00250	0.00254	0.00468
2	0.03549	0.00591	0.03522	0.00687	0.05211	0.00531	0.02317	0.03191	0.05811	0.08276	0.06031	0.11492	0.28556	0.02056	0.08139	0.02665	0.00359	0.00626	0.01974	0.04418
3	0.07846	0.00625	0.00802	0.00649	0.00892	0.00571	0.00518	0.02850	0.01006	0.55019	0.03828	0.06266	0.01137	0.08104	0.04688	0.00171	0.00364	0.00446	0.00418	0.03800
4	0.00507	0.00401	0.00457	0.00447	0.00560	0.00351	0.00334	0.00643	0.00989	0.01284	0.36786	0.06262	0.47707	0.00932	0.00469	0.00131	0.00196	0.00797	0.00396	0.00351
5	0.00586	0.00384	0.00484	0.00522	0.00576	0.00360	0.00361	0.00674	0.00806	0.04747	0.11173	0.44903	0.07541	0.15427	0.00740	0.00189	0.00259	0.04912	0.05021	0.00335
6	0.06189	0.00795	0.00974	0.00751	0.01057	0.00770	0.00620	0.23196	0.01305	0.58066	0.01350	0.01208	0.00872	0.00481	0.00390	0.00122	0.00362	0.00378	0.00453	0.00662
7	0.00575	0.00391	0.00464	0.00464	0.00474	0.00401	0.00279	0.00597	0.00586	0.00792	0.01221	0.02436	0.01373	0.73390	0.14599	0.00423	0.00488	0.00553	0.00236	0.00258
8	0.03157	0.00661	0.00824	0.00667	0.00916	0.00622	0.00544	0.12914	0.01164	0.48058	0.05532	0.04020	0.05787	0.00575	0.00400	0.00124	0.00319	0.03930	0.09204	0.00583
9	0.02662	0.00459	0.00564	0.00565	0.00659	0.00443	0.00408	0.06268	0.02036	0.07811	0.17889	0.41978	0.07623	0.06056	0.00561	0.00158	0.00256	0.01906	0.01312	0.00387
10	0.68873	0.00814	0.00702	0.00596	0.00857	0.00920	0.00491	0.13844	0.00894	0.07921	0.00689	0.00744	0.00508	0.00394	0.00280	0.00122	0.00329	0.00250	0.00287	0.00486
11	0.00942	0.01006	0.01918	0.01857	0.31506	0.03706	0.45057	0.01217	0.00919	0.01253	0.00861	0.06263	0.00733	0.00400	0.00439	0.00129	0.00571	0.00460	0.00209	0.00553
12	0.00544	0.00370	0.00463	0.00505	0.00529	0.00354	0.00324	0.00599	0.00727	0.02203	0.08803	0.46084	0.02249	0.33145	0.01071	0.00241	0.00286	0.00874	0.00328	0.00301
13	0.05701	0.00643	0.00764	0.00640	0.00853	0.00633	0.00506	0.10217	0.10055	0.31512	0.15882	0.04591	0.06603	0.05266	0.00494	0.00139	0.00302	0.00505	0.04158	0.00535
14	0.00659	0.00557	0.00821	0.03549	0.03595	0.00693	0.00622	0.00791	0.00642	0.00940	0.00914	0.01383	0.00863	0.04452	0.56750	0.00485	0.21295	0.00405	0.00202	0.00382
15	0.04780	0.00997	0.01105	0.00850	0.01162	0.01067	0.00702	0.60703	0.01652	0.21298	0.01079	0.01033	0.00736	0.00475	0.00392	0.00120	0.00409	0.00361	0.00413	0.00665
16	0.05251	0.00501	0.00604	0.00580	0.00703	0.00488	0.00432	0.04177	0.05631	0.13846	0.15041	0.27225	0.09072	0.09257	0.00608	0.00165	0.00277	0.05343	0.00382	0.00417
17	0.00947	0.00695	0.00779	0.00689	0.00881	0.00744	0.00537	0.10697	0.35918	0.08625	0.17593	0.04531	0.10390	0.00685	0.00465	0.03147	0.00292	0.01451	0.00403	0.00529
18	0.00587	0.00473	0.00531	0.00567	0.00639	0.03837	0.00399	0.03287	0.04666	0.01106	0.05108	0.52430	0.15931	0.03986	0.04343	0.00179	0.00297	0.00922	0.00355	0.00356
19	0.00657	0.00425	0.00520	0.00535	0.00591	0.00420	0.00360	0.03327	0.03791	0.05865	0.03995	0.39247	0.01938	0.28886	0.03435	0.00239	0.00318	0.00789	0.04320	0.00343
20	0.09291	0.00610	0.00672	0.00598	0.00771	0.00625	0.00464	0.13865	0.08306	0.11048	0.13187	0.12451	0.13762	0.03536	0.00462	0.00136	0.00282	0.01340	0.08129	0.00467
21	0.09793	0.00520	0.00632	0.03462	0.00779	0.00527	0.02919	0.06353	0.00907	0.08963	0.04179	0.25513	0.04051	0.01592	0.00412	0.00132	0.00280	0.05000	0.23571	0.00416
22	0.00567	0.00423	0.00628	0.00628	0.00696	0.00491	0.00484	0.00702	0.00634	0.00914	0.01071	0.01605	0.01012	0.06742	0.80754	0.00626	0.01031	0.00432	0.00214	0.00349
23	0.01867	0.00507	0.00663	0.00624	0.00722	0.00533	0.02382	0.08618	0.00841	0.03948	0.04617	0.16251	0.10115	0.13755	0.24178	0.03925	0.02913	0.02872	0.00297	0.00373
24	0.02156	0.00581	0.00743	0.10264	0.03392	0.03178	0.00561	0.06106	0.02005	0.02167	0.07309	0.13682	0.03237	0.13516	0.15429	0.04106	0.05736	0.03287	0.02164	0.00383
25	0.06074	0.31235	0.01384	0.03157	0.01084	0.13845	0.04336	0.12983	0.03604	0.03545	0.00859	0.06244	0.00782	0.07911	0.00492	0.00132	0.01233	0.00358	0.00249	0.00493
26	0.02652	0.02467	0.00663	0.02722	0.00717	0.00562	0.00444	0.07323	0.00769	0.02603	0.07119	0.01900	0.01280	0.30891	0.34603	0.00418	0.01773	0.00480	0.00257	0.00357
27	0.02761	0.00656	0.00896	0.07684	0.12114	0.03961	0.05003	0.06261	0.02133	0.04707	0.02899	0.23494	0.04528	0.10507	0.05340	0.02971	0.01173	0.02200	0.00289	0.00426
28	0.02188	0.00865	0.03009	0.16881	0.21770	0.03094	0.07973	0.12387	0.06334	0.04297	0.02825	0.03751	0.01578	0.05119	0.03617	0.00159	0.00482	0.01696	0.01445	0.00529
29	0.02933	0.07393	0.16069	0.10311	0.05704	0.11626	0.02674	0.08573	0.06645	0.01239	0.00847	0.01163	0.00721	0.06578	0.02435	0.03703	0.05821	0.02817	0.00229	0.02517

[dist]
# distance from previous block
# <min> <max>
4	92

[block]
# block no. 4 follows, 68 sequences, length 80
# corresponding to MSA columns:
# 615-694
name=unknown_E
#
# <colnr> <probs for GDERKNQSTAVLIFYWHMCP>
#	G	D	E	R	K	N	Q	S	T	A	V	L	I	F	Y	W	H	M	C	P
0	0.07716	0.05363	0.09097	0.01865	0.14240	0.13196	0.02616	0.11259	0.16394	0.08219	0.01963	0.01127	0.03597	0.00455	0.00384	0.00120	0.01166	0.00361	0.00292	0.00570
1	0.08659	0.08342	0.11990	0.05503	0.13570	0.09608	0.08260	0.07882	0.04869	0.04376	0.05229	0.01786	0.02609	0.00509	0.02907	0.00133	0.00489	0.00363	0.00251	0.02661
2	0.08476	0.05646	0.04887	0.03319	0.07684	0.00828	0.02009	0.15489	0.09453	0.02202	0.05016	0.05290	0.00990	0.04495	0.10420	0.02327	0.00459	0.00403	0.00284	0.10321
3	0.00746	0.00564	0.02928	0.00627	0.00738	0.04057	0.00487	0.02403	0.00752	0.07929	0.05933	0.01753	0.01190	0.17617	0.42901	0.03462	0.00724	0.01599	0.00258	0.03333
4	0.00580	0.00428	0.00628	0.02148	0.02008	0.00482	0.00483	0.00695	0.00648	0.00916	0.01160	0.05157	0.02260	0.09999	0.64074	0.04630	0.00889	0.02251	0.00224	0.00340
5	0.00552	0.00374	0.00440	0.00464	0.00471	0.00368	0.00274	0.00570	0.00625	0.00834	0.01500	0.24887	0.01758	0.63342	0.01613	0.00325	0.00343	0.00724	0.00274	0.00262
6	0.01012	0.41171	0.16129	0.02148	0.01420	0.06805	0.19602	0.02843	0.00884	0.01111	0.00655	0.00793	0.00535	0.00351	0.00337	0.00105	0.00526	0.00293	0.00185	0.03095
7	0.01082	0.01775	0.04332	0.02316	0.08930	0.08934	0.06005	0.18411	0.08163	0.02892	0.01566	0.00958	0.00684	0.00395	0.00382	0.00101	0.02340	0.00321	0.00275	0.30139
8	0.03178	0.23859	0.18885	0.03955	0.09607	0.05363	0.07027	0.06603	0.04807	0.07197	0.02937	0.00942	0.00689	0.00394	0.00353	0.00111	0.00476	0.00317	0.00236	0.03062
9	0.00741	0.00540	0.00603	0.00556	0.00713	0.00526	0.00425	0.06155	0.14823	0.07775	0.16994	0.09832	0.37103	0.00838	0.00451	0.00133	0.00245	0.00710	0.00397	0.00438
10	0.00636	0.00472	0.00592	0.03081	0.03319	0.00473	0.00438	0.06144	0.05219	0.01192	0.10487	0.36991	0.09823	0.11989	0.00705	0.03013	0.00283	0.02752	0.02023	0.00368
11	0.05606	0.01172	0.09232	0.08705	0.08747	0.13962	0.14879	0.15236	0.04610	0.05670	0.01968	0.02128	0.01983	0.00443	0.00433	0.00125	0.03920	0.00374	0.00262	0.00546
12	0.00680	0.00613	0.00865	0.04214	0.00906	0.00749	0.02994	0.00794	0.00737	0.01035	0.07299	0.15826	0.11866	0.03400	0.09799	0.00215	0.34103	0.03257	0.00263	0.00385
13	0.00788	0.00429	0.00556	0.00523	0.00586	0.00417	0.00356	0.02228	0.00713	0.12686	0.05771	0.05968	0.03697	0.32321	0.05459	0.26025	0.00377	0.00514	0.00278	0.00310
14	0.05099	0.00772	0.01232	0.14703	0.43921	0.00805	0.02585	0.03011	0.00862	0.01242	0.01041	0.07917	0.04401	0.03434	0.04346	0.00157	0.00460	0.00442	0.03053	0.00518
15	0.12886	0.00990	0.01163	0.03961	0.25883	0.06500	0.00828	0.27063	0.09484	0.01737	0.00985	0.02919	0.02971	0.00455	0.00378	0.00121	0.00427	0.00369	0.00296	0.00584
16	0.00590	0.00418	0.00510	0.00515	0.00604	0.00387	0.00375	0.02911	0.00939	0.03861	0.27798	0.24123	0.21217	0.08732	0.00619	0.00163	0.00241	0.05258	0.00382	0.00357
17	0.04183	0.00407	0.00506	0.00505	0.00536	0.00432	0.00334	0.00632	0.00595	0.00849	0.01126	0.03511	0.01215	0.48731	0.25465	0.09398	0.00568	0.00504	0.00228	0.00275
18	0.02763	0.00436	0.00512	0.00501	0.00577	0.00420	0.00345	0.04258	0.00859	0.04526	0.19602	0.19712	0.13348	0.29244	0.00980	0.00219	0.00283	0.00730	0.00344	0.00340
19	0.00963	0.01098	0.02239	0.01614	0.01999	0.04863	0.76002	0.02474	0.00956	0.01271	0.00815	0.02269	0.00628	0.00353	0.00462	0.00132	0.00661	0.00466	0.00206	0.00530
20	0.00660	0.00512	0.00664	0.00683	0.00790	0.00519	0.03131	0.03639	0.12561	0.01223	0.02129	0.29927	0.09431	0.03218	0.00537	0.00166	0.00312	0.29136	0.00364	0.00398
21	0.00618	0.00410	0.00448	0.00447	0.00551	0.00386	0.00334	0.03312	0.00914	0.01311	0.12889	0.09906	0.29328	0.03724	0.00461	0.00131	0.00217	0.03928	0.30326	0.00359
22	0.00568	0.00381	0.00435	0.00444	0.00446	0.00378	0.00252	0.00574	0.00594	0.00792	0.01338	0.10526	0.01554	0.77981	0.01874	0.00363	0.00370	0.00629	0.00252	0.00248
23	0.00981	0.00942	0.01609	0.02434	0.83592	0.00942	0.01217	0.01217	0.00903	0.01295	0.00746	0.00981	0.00628	0.00353	0.00393	0.00118	0.00471	0.00353	0.00196	0.00628
24	0.00870	0.00899	0.01401	0.01140	0.01239	0.03527	0.18739	0.01015	0.00701	0.01024	0.00672	0.03770	0.00635	0.00757	0.05888	0.00189	0.56496	0.00401	0.00189	0.00448
25	0.00536	0.00370	0.00464	0.00506	0.00540	0.00356	0.00337	0.00611	0.00760	0.01041	0.11878	0.42722	0.03941	0.24898	0.02946	0.00227	0.00288	0.02686	0.04582	0.00310
26	0.00483	0.00345	0.00460	0.00552	0.00575	0.00322	0.00368	0.00552	0.00759	0.01012	0.02185	0.85807	0.02622	0.01242	0.00506	0.00161	0.00230	0.01127	0.00368	0.00322
27	0.01001	0.00859	0.00905	0.00810	0.01037	0.00993	0.00631	0.04446	0.80512	0.01683	0.01594	0.01464	0.01195	0.00536	0.00403	0.00134	0.00317	0.00446	0.00403	0.00629
28	0.00795	0.02051	0.84011	0.01130	0.01716	0.00921	0.01465	0.01256	0.00837	0.01256	0.00712	0.00837	0.00502	0.00377	0.00377	0.00126	0.00586	0.00293	0.00167	0.00586
29	0.85305	0.00781	0.00608	0.00537	0.00786	0.00903	0.00443	0.04472	0.00723	0.01808	0.00568	0.00657	0.00439	0.00372	0.00252	0.00123	0.00312	0.00220	0.00252	0.00439
30	0.01151	0.85145	0.02126	0.00743	0.01086	0.01610	0.00717	0.01252	0.00867	0.01026	0.00648	0.00769	0.00599	0.00402	0.00297	0.00103	0.00456	0.00245	0.00202	0.00557
31	0.00947	0.00901	0.01476	0.12493	0.62349	0.00951	0.01134	0.01257	0.08046	0.01276	0.00806	0.01029	0.00661	0.00391	0.00438	0.00124	0.04554	0.00361	0.00211	0.00595
32	0.00504	0.00359	0.00456	0.00523	0.00551	0.00338	0.00346	0.00566	0.00741	0.00980	0.03059	0.62209	0.07390	0.17302	0.00791	0.00202	0.00260	0.02769	0.00345	0.00309
33	0.00496	0.00383	0.00454	0.00493	0.00576	0.00342	0.00358	0.00598	0.00871	0.01112	0.11899	0.36133	0.37495	0.01083	0.00488	0.00147	0.00222	0.06138	0.00375	0.00336
34	0.00555	0.00437	0.00478	0.00471	0.00602	0.00391	0.00359	0.00733	0.05768	0.03193	0.15697	0.06159	0.57430	0.00948	0.00468	0.00136	0.00219	0.05206	0.00383	0.00367
35	0.04393	0.01588	0.01128	0.00968	0.01212	0.53476	0.00751	0.28923	0.01360	0.01515	0.00726	0.00793	0.00563	0.00430	0.00367	0.00109	0.00607	0.00288	0.00271	0.00531
36	0.00958	0.00721	0.00947	0.00844	0.03532	0.00796	0.04384	0.27606	0.02202	0.04425	0.01133	0.10878	0.01025	0.01529	0.32947	0.00327	0.04476	0.00478	0.00300	0.00491
37	0.00527	0.00374	0.00486	0.00555	0.00589	0.00360	0.00387	0.00604	0.00749	0.00992	0.02020	0.52238	0.04860	0.17521	0.03096	0.00219	0.00303	0.13468	0.00339	0.00314
38	0.00695	0.00390	0.00410	0.00411	0.00486	0.00388	0.00289	0.02781	0.00803	0.01310	0.01457	0.08315	0.04576	0.17484	0.00650	0.00158	0.00235	0.00488	0.58329	0.00346
39	0.01152	0.07896	0.01084	0.00816	0.01089	0.02390	0.00661	0.27414	0.42558	0.01826	0.01228	0.01178	0.00922	0.00480	0.00380	0.00119	0.00366	0.00380	0.00366	0.07695
40	0.00533	0.00414	0.00490	0.00483	0.00591	0.00370	0.00356	0.00689	0.02838	0.01295	0.36056	0.17285	0.32280	0.00930	0.00467	0.00132	0.00206	0.00808	0.00392	0.03384
41	0.00985	0.05537	0.53590	0.00994	0.01460	0.03083	0.01157	0.07951	0.04529	0.10379	0.03519	0.01007	0.00718	0.00491	0.02774	0.00137	0.00531	0.00329	0.00243	0.00584
42	0.00902	0.16731	0.53180	0.01115	0.01616	0.01064	0.12832	0.05824	0.00904	0.01271	0.00710	0.00841	0.00527	0.00370	0.00369	0.00119	0.00561	0.00307	0.00185	0.00570
43	0.00921	0.01048	0.02278	0.01631	0.02023	0.00981	0.79558	0.01248	0.00935	0.01264	0.00904	0.01157	0.03227	0.00355	0.00468	0.00134	0.00654	0.00480	0.00206	0.00528
44	0.86962	0.00765	0.00590	0.00525	0.00772	0.00883	0.00433	0.01182	0.00685	0.03574	0.00574	0.00660	0.00441	0.00371	0.00249	0.00123	0.00307	0.00219	0.00251	0.00435
45	0.00568	0.00439	0.00505	0.00488	0.00613	0.00406	0.00372	0.00766	0.06078	0.02944	0.28984	0.03227	0.43698	0.01026	0.05617	0.00163	0.00264	0.03081	0.00385	0.00375
46	0.00567	0.00422	0.00622	0.00622	0.00688	0.00487	0.00477	0.00698	0.00633	0.00909	0.01076	0.01635	0.01025	0.09157	0.78357	0.00618	0.01012	0.00436	0.00214	0.00346
47	0.01629	0.00933	0.01067	0.00822	0.01131	0.02950	0.00677	0.44069	0.01517	0.39178	0.01220	0.01126	0.00809	0.00481	0.00397	0.00120	0.00398	0.00373	0.00434	0.00669
48	0.00509	0.00373	0.00478	0.00517	0.00577	0.00342	0.00363	0.00623	0.00903	0.01222	0.30998	0.47464	0.12039	0.01064	0.00488	0.00145	0.00212	0.00950	0.00392	0.00342
49	0.00597	0.00408	0.00506	0.00516	0.00614	0.00367	0.00383	0.00722	0.00941	0.06591	0.25973	0.26911	0.26342	0.00990	0.00480	0.00142	0.00226	0.06530	0.00395	0.00367
50	0.03872	0.01028	0.02568	0.00821	0.01076	0.11462	0.00665	0.40651	0.06840	0.10548	0.05520	0.08457	0.01053	0.00552	0.00397	0.00122	0.00413	0.00436	0.02937	0.00580
51	0.01481	0.01890	0.01124	0.01021	0.01226	0.84474	0.00766	0.01583	0.01124	0.00970	0.00613	0.00715	0.00511	0.00409	0.00358	0.00102	0.00715	0.00255	0.00204	0.00460
52	0.00566	0.00425	0.00637	0.00637	0.00708	0.00496	0.00496	0.00708	0.00637	0.00920	0.01062	0.01558	0.00991	0.02974	0.84494	0.00637	0.01062	0.00425	0.00212	0.00354
53	0.88866	0.00767	0.00583	0.00521	0.00767	0.00889	0.00429	0.01166	0.00675	0.01779	0.00552	0.00644	0.00429	0.00368	0.00245	0.00123	0.00307	0.00215	0.00245	0.00429
54	0.01507	0.01111	0.01190	0.00912	0.01230	0.01230	0.00754	0.82270	0.01864	0.02499	0.00952	0.00952	0.00674	0.00476	0.00397	0.00119	0.00436	0.00357	0.00397	0.00674
55	0.00500	0.00371	0.00470	0.00542	0.00598	0.00342	0.00388	0.00590	0.00810	0.01047	0.02569	0.57791	0.19984	0.01172	0.00503	0.00158	0.00241	0.11225	0.00368	0.00330
56	0.00511	0.00391	0.00453	0.00475	0.00571	0.00344	0.00346	0.00618	0.00897	0.02318	0.14898	0.27796	0.44310	0.01042	0.00481	0.00142	0.00215	0.03471	0.00380	0.00343
57	0.01457	0.00732	0.00901	0.00737	0.01008	0.00724	0.00593	0.01963	0.30857	0.51726	0.03818	0.01441	0.01140	0.00517	0.00402	0.00127	0.00325	0.00425	0.00458	0.00649
58	0.00749	0.00705	0.01189	0.85113	0.02731	0.00881	0.01101	0.01013	0.00793	0.01013	0.00705	0.01057	0.00529	0.00396	0.00396	0.00132	0.00529	0.00352	0.00176	0.00440
59	0.00501	0.00367	0.00472	0.00549	0.00594	0.00341	0.00387	0.00586	0.00792	0.01034	0.02404	0.62976	0.13723	0.03397	0.00545	0.00166	0.00246	0.10231	0.00364	0.00327
