[name]
unknown

[dist]
# distance from previous block
# <min> <max>
0	88

[block]
# block no. 0 follows, 66 sequences, length 17
# corresponding to MSA columns:
# 90-106
name=unknown_A
#
# <colnr> <probs for GDERKNQSTAVLIFYWHMCP>
#	G	D	E	R	K	N	Q	S	T	A	V	L	I	F	Y	W	H	M	C	P
0	0.01126	0.00933	0.01078	0.00953	0.05058	0.11836	0.08129	0.01610	0.26537	0.14452	0.01249	0.01391	0.00973	0.00718	0.07954	0.00170	0.00489	0.03991	0.00331	0.11023
1	0.00517	0.00410	0.00465	0.00457	0.00572	0.00357	0.00340	0.00652	0.01004	0.01298	0.34444	0.07472	0.48649	0.00963	0.00481	0.00135	0.00201	0.00823	0.00404	0.00357
2	0.01542	0.01136	0.01218	0.00933	0.01258	0.01258	0.00771	0.81858	0.01908	0.02557	0.00974	0.00974	0.00690	0.00487	0.00406	0.00122	0.00446	0.00365	0.00406	0.00690
3	0.09248	0.01638	0.01235	0.01068	0.01280	0.59720	0.08967	0.01483	0.01035	0.01097	0.00631	0.00778	0.00526	0.00436	0.00466	0.00117	0.09302	0.00289	0.00209	0.00473
4	0.00494	0.00353	0.00471	0.00565	0.00588	0.00330	0.00377	0.00565	0.00777	0.01036	0.02236	0.85477	0.02683	0.01271	0.00518	0.00165	0.00235	0.01153	0.00377	0.00330
5	0.01542	0.01136	0.01218	0.00933	0.01258	0.01258	0.00771	0.81858	0.01908	0.02557	0.00974	0.00974	0.00690	0.00487	0.00406	0.00122	0.00446	0.00365	0.00406	0.00690
6	0.01591	0.01144	0.01113	0.00928	0.03509	0.18630	0.00725	0.33141	0.04731	0.28651	0.01127	0.01078	0.00778	0.00476	0.00398	0.00120	0.00470	0.00361	0.00390	0.00640
7	0.32703	0.00724	0.00819	0.00655	0.00946	0.00708	0.00540	0.01698	0.00994	0.54430	0.01232	0.01124	0.00803	0.00457	0.00352	0.00126	0.00334	0.00341	0.00413	0.00601
8	0.00494	0.00353	0.00471	0.00565	0.00588	0.00330	0.00377	0.00565	0.00777	0.01036	0.02236	0.85477	0.02683	0.01271	0.00518	0.00165	0.00235	0.01153	0.00377	0.00330
9	0.00996	0.00825	0.01321	0.35210	0.27448	0.00917	0.02944	0.01314	0.08244	0.10736	0.00912	0.01121	0.00691	0.00431	0.00458	0.00132	0.05119	0.00378	0.00245	0.00558
10	0.01252	0.01232	0.01635	0.01248	0.01559	0.15688	0.31159	0.28719	0.04956	0.01670	0.00857	0.00995	0.00647	0.00438	0.00487	0.00129	0.06073	0.00393	0.00282	0.00580
11	0.00577	0.00566	0.08009	0.00549	0.00698	0.00425	0.00468	0.00776	0.01077	0.01489	0.59737	0.03010	0.19438	0.00829	0.00470	0.00130	0.00231	0.00719	0.00408	0.00394
12	0.01342	0.01447	0.01270	0.03479	0.08695	0.40296	0.04115	0.19371	0.02643	0.01395	0.00733	0.00869	0.00589	0.00465	0.00510	0.00122	0.11553	0.00321	0.00251	0.00537
13	0.08436	0.00408	0.00466	0.00520	0.00595	0.00385	0.00364	0.00626	0.00809	0.01123	0.02598	0.55532	0.24447	0.01124	0.00483	0.00154	0.00234	0.00988	0.00365	0.00343
14	0.27472	0.04249	0.01170	0.03517	0.01229	0.13124	0.11228	0.15089	0.07828	0.06109	0.00827	0.00914	0.00625	0.00434	0.00403	0.00126	0.04513	0.00325	0.00284	0.00535
15	0.07348	0.24892	0.05076	0.00999	0.01307	0.29128	0.13543	0.07597	0.01034	0.02946	0.00696	0.00815	0.00563	0.00437	0.01880	0.00119	0.00583	0.00296	0.00221	0.00519
16	0.10560	0.03770	0.06282	0.03484	0.01483	0.11023	0.21665	0.28569	0.01250	0.03411	0.00811	0.00934	0.00605	0.00427	0.00435	0.00126	0.03954	0.00359	0.00280	0.00573

[dist]
# distance from previous block
# <min> <max>
8	148

[block]
# block no. 1 follows, 66 sequences, length 16
# corresponding to MSA columns:
# 265-280
name=unknown_B
#
# <colnr> <probs for GDERKNQSTAVLIFYWHMCP>
#	G	D	E	R	K	N	Q	S	T	A	V	L	I	F	Y	W	H	M	C	P
0	0.00908	0.03446	0.10478	0.00992	0.08538	0.05371	0.05792	0.03634	0.09732	0.05622	0.01392	0.10444	0.05214	0.03708	0.01746	0.00151	0.03945	0.10173	0.00295	0.08418
1	0.05741	0.03921	0.02416	0.00922	0.03684	0.17103	0.03599	0.23158	0.11349	0.11700	0.01069	0.02967	0.01970	0.00472	0.00383	0.00116	0.00458	0.00367	0.00332	0.08274
2	0.06337	0.02570	0.16632	0.01024	0.02454	0.00834	0.18590	0.05091	0.04867	0.05999	0.03505	0.02477	0.00890	0.00465	0.00424	0.00121	0.02676	0.06321	0.00266	0.18455
3	0.00900	0.12102	0.09535	0.00862	0.01137	0.04665	0.13087	0.02265	0.08011	0.06331	0.13850	0.04548	0.12744	0.00595	0.00437	0.00124	0.02322	0.01375	0.00306	0.04805
4	0.01055	0.18274	0.18470	0.00956	0.01326	0.01020	0.12531	0.10195	0.08406	0.08687	0.05993	0.03224	0.00923	0.00451	0.00383	0.00117	0.00458	0.00384	0.00281	0.06867
5	0.04523	0.00838	0.03228	0.03693	0.01178	0.06919	0.17032	0.08983	0.04978	0.01407	0.14205	0.11886	0.03154	0.00871	0.08806	0.00186	0.03750	0.00550	0.03346	0.00468
6	0.01359	0.19819	0.01363	0.00864	0.01172	0.08167	0.00728	0.48034	0.06320	0.01945	0.00918	0.02996	0.00718	0.00467	0.00370	0.00113	0.00450	0.00345	0.00333	0.03521
7	0.00786	0.00806	0.05264	0.74582	0.08717	0.00908	0.01154	0.01064	0.00822	0.01070	0.00725	0.01065	0.00547	0.00401	0.00404	0.00134	0.00539	0.00358	0.00181	0.00472
8	0.00491	0.00403	0.00432	0.00442	0.00559	0.00345	0.00325	0.00598	0.00926	0.01139	0.11470	0.15124	0.64258	0.01042	0.00485	0.00140	0.00208	0.00886	0.00383	0.00345
9	0.05597	0.00889	0.01049	0.07759	0.05894	0.00969	0.00729	0.22137	0.29572	0.19116	0.01289	0.01243	0.00920	0.00493	0.00401	0.00129	0.00385	0.00399	0.00391	0.00639
10	0.00945	0.01089	0.12674	0.08802	0.24945	0.02269	0.20997	0.04187	0.00919	0.02978	0.00870	0.06209	0.00739	0.00463	0.00512	0.00134	0.08547	0.00430	0.01736	0.00554
11	0.00581	0.00402	0.00502	0.00508	0.00530	0.00421	0.00326	0.00626	0.00619	0.00845	0.01287	0.07664	0.01425	0.57491	0.24634	0.00450	0.00575	0.00583	0.00246	0.00283
12	0.00646	0.00483	0.00645	0.12880	0.06933	0.00510	0.00448	0.00704	0.00647	0.00863	0.01159	0.02303	0.01277	0.66967	0.01700	0.00335	0.00421	0.00540	0.00233	0.00305
13	0.01116	0.06265	0.05215	0.03721	0.03716	0.05659	0.37829	0.06915	0.02773	0.13555	0.01053	0.08432	0.00855	0.00470	0.00437	0.00131	0.00545	0.00476	0.00279	0.00557
14	0.01437	0.03651	0.03348	0.01045	0.01263	0.72670	0.02178	0.01591	0.03934	0.01029	0.00664	0.00773	0.00549	0.00430	0.00405	0.00109	0.03955	0.00276	0.00213	0.00481
15	0.05790	0.00801	0.01516	0.01162	0.01434	0.00761	0.42501	0.01062	0.00873	0.01268	0.01155	0.15595	0.01095	0.00745	0.06666	0.00174	0.00544	0.04481	0.05648	0.06730

[dist]
# distance from previous block
# <min> <max>
1	2

[block]
# block no. 2 follows, 66 sequences, length 63
# corresponding to MSA columns:
# 284-324,327-348
name=unknown_C
#
# <colnr> <probs for GDERKNQSTAVLIFYWHMCP>
#	G	D	E	R	K	N	Q	S	T	A	V	L	I	F	Y	W	H	M	C	P
0	0.00921	0.14675	0.09276	0.00854	0.03946	0.03918	0.00737	0.02384	0.22569	0.04112	0.03467	0.07331	0.02929	0.00669	0.00440	0.00137	0.02016	0.17329	0.00320	0.01969
1	0.00915	0.15528	0.57575	0.01057	0.01555	0.02063	0.02416	0.06725	0.00914	0.01295	0.00720	0.00852	0.00541	0.00462	0.02426	0.00136	0.03753	0.00298	0.00190	0.00579
2	0.88607	0.00785	0.00596	0.00534	0.00785	0.00910	0.00439	0.01193	0.00690	0.01820	0.00565	0.00659	0.00439	0.00377	0.00251	0.00126	0.00314	0.00220	0.00251	0.00439
3	0.00561	0.00422	0.00563	0.00563	0.00634	0.00452	0.00416	0.00670	0.00696	0.00944	0.01743	0.02270	0.17909	0.18462	0.51283	0.00497	0.00773	0.00551	0.00255	0.00336
4	0.01055	0.00894	0.00943	0.00835	0.01072	0.01030	0.00653	0.08965	0.75594	0.01771	0.01593	0.01468	0.01192	0.00545	0.00412	0.00136	0.00332	0.00451	0.00412	0.00646
5	0.00494	0.00355	0.00469	0.00560	0.00587	0.00330	0.00375	0.00565	0.00781	0.01037	0.02291	0.83102	0.05023	0.01264	0.00517	0.00164	0.00235	0.01145	0.00377	0.00330
6	0.00580	0.00395	0.00440	0.00440	0.00452	0.00389	0.00251	0.00589	0.00619	0.00813	0.01523	0.02763	0.08511	0.78435	0.01928	0.00371	0.00377	0.00613	0.00257	0.00254
7	0.01516	0.01123	0.01203	0.00928	0.01248	0.01246	0.00765	0.77881	0.05928	0.02514	0.01008	0.01001	0.00717	0.00490	0.00406	0.00123	0.00440	0.00370	0.00406	0.00688
8	0.00888	0.00888	0.01243	0.01065	0.01065	0.01243	0.00888	0.00976	0.00621	0.00976	0.00533	0.00888	0.00533	0.00710	0.01331	0.00178	0.84999	0.00355	0.00178	0.00444
9	0.00794	0.00736	0.01217	0.81795	0.02740	0.00914	0.01114	0.03901	0.00850	0.01090	0.00730	0.01078	0.00546	0.00409	0.00406	0.00135	0.00537	0.00361	0.00188	0.00459
10	0.01542	0.01136	0.01218	0.00933	0.01258	0.01258	0.00771	0.81858	0.01908	0.02557	0.00974	0.00974	0.00690	0.00487	0.00406	0.00122	0.00446	0.00365	0.00406	0.00690
11	0.01820	0.00690	0.00942	0.00722	0.01036	0.00596	0.00596	0.01977	0.01161	0.83492	0.01601	0.01381	0.01004	0.00502	0.00408	0.00126	0.00345	0.00408	0.00502	0.00690
12	0.00841	0.00721	0.00841	0.00601	0.00961	0.00541	0.00481	0.01022	0.00841	0.01322	0.00721	0.00841	0.00601	0.00300	0.00300	0.00060	0.00300	0.00240	0.00240	0.88222
13	0.01516	0.01934	0.01150	0.01045	0.01254	0.84113	0.00784	0.01620	0.01150	0.00993	0.00627	0.00732	0.00523	0.00418	0.00366	0.00105	0.00732	0.00261	0.00209	0.00470
14	0.86950	0.00783	0.00603	0.00537	0.00789	0.00904	0.00442	0.01208	0.00699	0.03380	0.00585	0.00673	0.00450	0.00379	0.00254	0.00126	0.00314	0.00223	0.00256	0.00444
15	0.00589	0.00396	0.00456	0.00456	0.00460	0.00400	0.00262	0.00598	0.00594	0.00796	0.01266	0.02588	0.01446	0.80552	0.07215	0.00410	0.00437	0.00580	0.00244	0.00253
16	0.01004	0.00964	0.01647	0.02490	0.83211	0.00964	0.01245	0.01245	0.00924	0.01325	0.00763	0.01004	0.00643	0.00361	0.00402	0.00120	0.00482	0.00361	0.00201	0.00643
17	0.00554	0.00414	0.00515	0.00490	0.00594	0.00374	0.00367	0.00727	0.01102	0.01516	0.66460	0.03214	0.20434	0.00871	0.00479	0.00130	0.00194	0.00759	0.00432	0.00374
18	0.01797	0.00728	0.00965	0.00740	0.01054	0.00652	0.00611	0.08663	0.01224	0.76718	0.01548	0.01347	0.00978	0.00501	0.00408	0.00125	0.00354	0.00404	0.00494	0.00690
19	0.00500	0.00412	0.00429	0.00427	0.00558	0.00350	0.00322	0.00615	0.00947	0.01164	0.12310	0.03766	0.71165	0.00995	0.00476	0.00136	0.00207	0.02325	0.02549	0.00348
20	0.00594	0.00453	0.00520	0.00494	0.00623	0.00415	0.00373	0.00814	0.06950	0.03417	0.39649	0.03272	0.39153	0.00890	0.00472	0.00132	0.00211	0.00761	0.00414	0.00391
21	0.00520	0.00372	0.00489	0.00574	0.00605	0.00352	0.00386	0.02570	0.00805	0.01073	0.02205	0.83393	0.02634	0.01252	0.00515	0.00164	0.00241	0.01134	0.00377	0.00338
22	0.01480	0.01099	0.01178	0.00917	0.01228	0.01218	0.00752	0.74408	0.07352	0.02460	0.01052	0.03127	0.00777	0.00511	0.00409	0.00124	0.00433	0.00391	0.00406	0.00678
23	0.00814	0.02099	0.83640	0.01156	0.01756	0.00942	0.01499	0.01285	0.00857	0.01285	0.00728	0.00857	0.00514	0.00385	0.00385	0.00128	0.00600	0.00300	0.00171	0.00600
24	0.00498	0.00356	0.00475	0.00570	0.00595	0.00333	0.00384	0.00572	0.00781	0.01040	0.02234	0.83393	0.02674	0.01267	0.00519	0.00165	0.00239	0.03197	0.00377	0.00331
25	0.29820	0.07684	0.03638	0.00946	0.06221	0.43142	0.00716	0.01417	0.00953	0.01290	0.00614	0.00723	0.00503	0.00395	0.00324	0.00112	0.00554	0.00252	0.00218	0.00479
26	0.00573	0.00413	0.00531	0.00579	0.00628	0.00410	0.00404	0.04386	0.00808	0.01082	0.03065	0.53237	0.05092	0.12164	0.10777	0.00250	0.00372	0.04544	0.00343	0.00343
27	0.01042	0.06066	0.01311	0.01185	0.16495	0.17295	0.09191	0.02218	0.00933	0.01235	0.00707	0.00869	0.00588	0.00361	0.00391	0.00095	0.03831	0.00297	0.00219	0.35673
28	0.00582	0.00424	0.00599	0.00599	0.00653	0.00478	0.00441	0.00690	0.00636	0.00902	0.01135	0.01863	0.01131	0.24056	0.63281	0.00586	0.00911	0.00474	0.00225	0.00333
29	0.01278	0.02436	0.01301	0.13775	0.08696	0.47701	0.05826	0.06287	0.01074	0.01140	0.00679	0.00855	0.00552	0.00430	0.00449	0.00118	0.06381	0.00310	0.00213	0.00499
30	0.01022	0.00898	0.00923	0.00831	0.01060	0.03059	0.00646	0.02143	0.80472	0.01680	0.01626	0.01494	0.01221	0.00547	0.00412	0.00137	0.00331	0.00454	0.00408	0.00638
31	0.00509	0.00406	0.00434	0.00435	0.00539	0.00355	0.00309	0.00604	0.00887	0.01102	0.12552	0.07377	0.56634	0.15188	0.00746	0.00180	0.00237	0.00811	0.00363	0.00330
32	0.00600	0.00422	0.00513	0.00508	0.00519	0.00449	0.00319	0.00627	0.00607	0.00827	0.01249	0.05428	0.01407	0.66760	0.13551	0.00411	0.04707	0.00577	0.00243	0.00275
33	0.00494	0.00353	0.00471	0.00565	0.00588	0.00330	0.00377	0.00565	0.00777	0.01036	0.02236	0.85477	0.02683	0.01271	0.00518	0.00165	0.00235	0.01153	0.00377	0.00330
34	0.01080	0.84464	0.03605	0.00703	0.01054	0.01593	0.00709	0.01216	0.00825	0.00961	0.00567	0.00655	0.00521	0.00348	0.00263	0.00088	0.00437	0.00218	0.00174	0.00522
35	0.00583	0.00391	0.00444	0.00451	0.00452	0.00389	0.00255	0.00588	0.00603	0.00804	0.01343	0.08281	0.01557	0.80004	0.01960	0.00378	0.00383	0.00628	0.00255	0.00252
36	0.01481	0.01743	0.01240	0.01113	0.03932	0.67850	0.06286	0.04433	0.01157	0.06050	0.00716	0.00813	0.00568	0.00419	0.00379	0.00109	0.00687	0.00292	0.00233	0.00502
37	0.00944	0.01791	0.01087	0.06986	0.26285	0.13993	0.00804	0.06160	0.02989	0.02399	0.02297	0.23205	0.06101	0.00678	0.00452	0.00133	0.02328	0.00587	0.00281	0.00498
38	0.67447	0.00953	0.00819	0.02312	0.00987	0.10711	0.06028	0.04282	0.00811	0.01700	0.00608	0.00717	0.00473	0.00384	0.00289	0.00124	0.00397	0.00250	0.00247	0.00460
39	0.00827	0.06284	0.79572	0.01133	0.01720	0.00975	0.01459	0.01281	0.00855	0.01268	0.00720	0.00846	0.00514	0.00384	0.00379	0.00126	0.00591	0.00296	0.00171	0.00596
40	0.00963	0.01057	0.01782	0.01370	0.01578	0.06769	0.39211	0.01173	0.00817	0.01131	0.00676	0.00975	0.00571	0.00516	0.00862	0.00153	0.39302	0.00407	0.00193	0.00495
41	0.00782	0.00738	0.01246	0.79178	0.08256	0.00906	0.01135	0.01051	0.00819	0.01056	0.00724	0.01076	0.00548	0.00403	0.00405	0.00134	0.00537	0.00361	0.00182	0.00464
42	0.01663	0.00761	0.00963	0.00752	0.01048	0.00719	0.00616	0.17659	0.03126	0.60203	0.01505	0.05502	0.01032	0.00538	0.00411	0.00127	0.00357	0.00437	0.01914	0.00666
43	0.00841	0.00721	0.00841	0.00601	0.00961	0.00541	0.00481	0.01022	0.00841	0.01322	0.00721	0.00841	0.00601	0.00300	0.00300	0.00060	0.00300	0.00240	0.00240	0.88222
44	0.00898	0.09462	0.55796	0.01065	0.01548	0.02972	0.05253	0.04283	0.00894	0.03901	0.00790	0.00944	0.00594	0.00663	0.09045	0.00178	0.00628	0.00320	0.00198	0.00568
45	0.00588	0.00400	0.00479	0.00479	0.00491	0.00413	0.00291	0.00613	0.00601	0.00814	0.01245	0.02471	0.01395	0.71418	0.16280	0.00438	0.00513	0.00563	0.00241	0.00266
46	0.00622	0.00436	0.00557	0.00529	0.00633	0.00407	0.00395	0.00833	0.04164	0.04457	0.65407	0.10078	0.08222	0.00857	0.00477	0.00132	0.00206	0.00755	0.00437	0.00397
47	0.03021	0.01030	0.09707	0.02327	0.01302	0.00941	0.08993	0.23658	0.16486	0.25052	0.01245	0.02466	0.00879	0.00486	0.00412	0.00129	0.00430	0.00409	0.00383	0.00643
48	0.00514	0.00407	0.00466	0.00482	0.00590	0.00359	0.00362	0.00636	0.00945	0.01198	0.18828	0.16515	0.48605	0.01035	0.00492	0.00144	0.00221	0.07460	0.00390	0.00351
49	0.01516	0.01934	0.01150	0.01045	0.01254	0.84113	0.00784	0.01620	0.01150	0.00993	0.00627	0.00732	0.00523	0.00418	0.00366	0.00105	0.00732	0.00261	0.00209	0.00470
50	0.00841	0.00721	0.00841	0.00601	0.00961	0.00541	0.00481	0.01022	0.00841	0.01322	0.00721	0.00841	0.00601	0.00300	0.00300	0.00060	0.00300	0.00240	0.00240	0.88222
51	0.01516	0.01934	0.01150	0.01045	0.01254	0.84113	0.00784	0.01620	0.01150	0.00993	0.00627	0.00732	0.00523	0.00418	0.00366	0.00105	0.00732	0.00261	0.00209	0.00470
52	0.12571	0.00702	0.00899	0.00699	0.01005	0.00635	0.00577	0.01880	0.01103	0.73375	0.01472	0.01291	0.00934	0.00487	0.00389	0.00126	0.00341	0.00385	0.00471	0.00659
53	0.00766	0.00721	0.01217	0.84767	0.02794	0.00901	0.01127	0.01037	0.00811	0.01037	0.00721	0.01082	0.00541	0.00406	0.00406	0.00135	0.00541	0.00361	0.00180	0.00451
54	0.00569	0.00411	0.00537	0.00514	0.00605	0.00379	0.00382	0.00752	0.01123	0.01587	0.77511	0.08631	0.03750	0.00859	0.00481	0.00130	0.00194	0.00762	0.00442	0.00379
55	0.00841	0.00721	0.00841	0.00601	0.00961	0.00541	0.00481	0.01022	0.00841	0.01322	0.00721	0.00841	0.00601	0.00300	0.00300	0.00060	0.00300	0.00240	0.00240	0.88222
56	0.01752	0.00718	0.00949	0.00736	0.01044	0.00648	0.00605	0.04556	0.07135	0.74908	0.01584	0.01378	0.01011	0.00505	0.00408	0.00126	0.00347	0.00410	0.00493	0.00687
57	0.00492	0.00362	0.00462	0.00542	0.00582	0.00332	0.00366	0.00568	0.00799	0.01045	0.02521	0.73069	0.14907	0.01234	0.00512	0.00161	0.00231	0.01108	0.00377	0.00332
58	0.00487	0.00412	0.00422	0.00423	0.00557	0.00347	0.00319	0.00595	0.00933	0.01119	0.07031	0.03888	0.78116	0.01022	0.00481	0.00138	0.00209	0.02775	0.00379	0.00345
59	0.01085	0.85986	0.02126	0.00694	0.01041	0.01605	0.00694	0.01215	0.00824	0.00955	0.00564	0.00651	0.00521	0.00347	0.00260	0.00087	0.00434	0.00217	0.00174	0.00521
60	0.00888	0.00888	0.01243	0.01065	0.01065	0.01243	0.00888	0.00976	0.00621	0.00976	0.00533	0.00888	0.00533	0.00710	0.01331	0.00178	0.84999	0.00355	0.00178	0.00444
61	0.08917	0.15759	0.01147	0.00784	0.01028	0.15261	0.00640	0.21447	0.06822	0.07010	0.00935	0.01097	0.00760	0.06512	0.08324	0.00182	0.00517	0.00340	0.01985	0.00531
62	0.01058	0.01104	0.00838	0.00815	0.00957	0.37452	0.00623	0.02397	0.01030	0.04281	0.06331	0.19508	0.01575	0.00768	0.00442	0.00136	0.00485	0.16357	0.03417	0.00425

[dist]
# distance from previous block
# <min> <max>
0	4

[block]
# block no. 3 follows, 66 sequences, length 20
# corresponding to MSA columns:
# 392-411
name=unknown_D
#
# <colnr> <probs for GDERKNQSTAVLIFYWHMCP>
#	G	D	E	R	K	N	Q	S	T	A	V	L	I	F	Y	W	H	M	C	P
0	0.01424	0.13407	0.01323	0.01008	0.01242	0.63040	0.02861	0.06348	0.01129	0.01089	0.00641	0.00749	0.00535	0.00420	0.00387	0.00106	0.03315	0.00270	0.00215	0.00492
1	0.00635	0.00508	0.00627	0.00636	0.00709	0.00545	0.00463	0.00911	0.14992	0.01225	0.13812	0.42890	0.07169	0.04153	0.00626	0.00163	0.08307	0.00857	0.00369	0.00400
2	0.05227	0.00984	0.01047	0.00820	0.01122	0.05944	0.00670	0.43144	0.01502	0.25514	0.01294	0.01233	0.05674	0.00509	0.00398	0.00121	0.00410	0.00390	0.00408	0.03589
3	0.00511	0.00404	0.00461	0.00472	0.00579	0.00354	0.00349	0.00633	0.00955	0.01219	0.22922	0.17259	0.47719	0.01023	0.00488	0.00141	0.00213	0.03553	0.00394	0.00351
4	0.00705	0.00352	0.00529	0.00529	0.00529	0.00352	0.00352	0.00529	0.00529	0.00705	0.00705	0.01233	0.00705	0.01409	0.01586	0.88196	0.00352	0.00352	0.00176	0.00176
5	0.00814	0.02099	0.83640	0.01156	0.01756	0.00942	0.01499	0.01285	0.00857	0.01285	0.00728	0.00857	0.00514	0.00385	0.00385	0.00128	0.00600	0.00300	0.00171	0.00600
6	0.01542	0.01136	0.01218	0.00933	0.01258	0.01258	0.00771	0.81858	0.01908	0.02557	0.00974	0.00974	0.00690	0.00487	0.00406	0.00122	0.00446	0.00365	0.00406	0.00690
7	0.88607	0.00785	0.00596	0.00534	0.00785	0.00910	0.00439	0.01193	0.00690	0.01820	0.00565	0.00659	0.00439	0.00377	0.00251	0.00126	0.00314	0.00220	0.00251	0.00439
8	0.01790	0.00740	0.00972	0.00745	0.01060	0.00669	0.00616	0.10790	0.01244	0.74563	0.01531	0.01336	0.00970	0.00500	0.00408	0.00125	0.00356	0.00403	0.00492	0.00690
9	0.00490	0.00414	0.00425	0.00431	0.00565	0.00350	0.00329	0.00598	0.00925	0.01103	0.03993	0.03945	0.78226	0.01033	0.00484	0.00140	0.00216	0.05611	0.00377	0.00344
10	0.00528	0.00424	0.00477	0.00496	0.00610	0.00380	0.00377	0.00676	0.03325	0.01175	0.11749	0.15306	0.51314	0.01038	0.00493	0.00146	0.00232	0.10512	0.00385	0.00357
11	0.00501	0.00370	0.00472	0.00550	0.00597	0.00340	0.00382	0.00584	0.00811	0.01056	0.02544	0.66976	0.16109	0.01221	0.00514	0.00161	0.00239	0.05861	0.00376	0.00334
12	0.00698	0.00609	0.00879	0.00811	0.00856	0.00790	0.00654	0.00821	0.00640	0.00955	0.00873	0.01322	0.00829	0.02145	0.52267	0.00469	0.33380	0.00404	0.00202	0.00394
13	0.00499	0.00356	0.00475	0.00562	0.00589	0.00332	0.00377	0.00576	0.00797	0.01068	0.06627	0.80994	0.02746	0.01247	0.00516	0.00163	0.00233	0.01131	0.00380	0.00332
14	0.00671	0.00418	0.00520	0.00488	0.00593	0.00391	0.00368	0.00860	0.01078	0.05082	0.60112	0.02599	0.03045	0.00731	0.00429	0.00120	0.00197	0.00635	0.21268	0.00395
15	0.01332	0.01533	0.05031	0.04723	0.01508	0.41578	0.16827	0.17339	0.03763	0.01398	0.00774	0.00896	0.00597	0.00419	0.00400	0.00118	0.00639	0.00337	0.00251	0.00539
16	0.00954	0.00913	0.01565	0.11761	0.68598	0.00931	0.03110	0.01194	0.00906	0.01280	0.00823	0.04617	0.00717	0.00405	0.00409	0.00124	0.00483	0.00398	0.00206	0.00605
17	0.00901	0.00639	0.00878	0.00900	0.09594	0.03318	0.02287	0.06001	0.00850	0.12129	0.01115	0.01546	0.00977	0.09158	0.42543	0.00414	0.03165	0.01724	0.01404	0.00456
18	0.15600	0.00505	0.00616	0.00602	0.00720	0.00532	0.00459	0.00911	0.00777	0.10999	0.03308	0.23472	0.03869	0.02790	0.24742	0.03122	0.01719	0.02629	0.02227	0.00400
19	0.00938	0.00903	0.01411	0.22691	0.37390	0.04804	0.07444	0.01174	0.00902	0.02583	0.00877	0.01105	0.03524	0.00391	0.00396	0.00117	0.00488	0.00368	0.00213	0.12279

[dist]
# distance from previous block
# <min> <max>
0	7

[block]
# block no. 4 follows, 66 sequences, length 6
# corresponding to MSA columns:
# 419-424
name=unknown_E
#
# <colnr> <probs for GDERKNQSTAVLIFYWHMCP>
#	G	D	E	R	K	N	Q	S	T	A	V	L	I	F	Y	W	H	M	C	P
0	0.01021	0.18264	0.29303	0.00965	0.03395	0.07540	0.05392	0.06488	0.04384	0.05770	0.05351	0.01111	0.02504	0.00440	0.00368	0.00116	0.00485	0.00349	0.06201	0.00552
1	0.00876	0.00559	0.00620	0.00505	0.00722	0.00492	0.00396	0.04926	0.00913	0.05347	0.01092	0.01227	0.00856	0.00410	0.00302	0.00084	0.00251	0.00327	0.46507	0.33588
2	0.00950	0.09967	0.03703	0.00783	0.02787	0.00796	0.03799	0.15969	0.06600	0.05428	0.04428	0.26026	0.01408	0.00679	0.00411	0.00123	0.00351	0.00586	0.00332	0.14875
3	0.00491	0.00367	0.00456	0.00527	0.00578	0.00333	0.00360	0.00569	0.00814	0.01051	0.02702	0.65176	0.22683	0.01210	0.00508	0.00158	0.00228	0.01079	0.00377	0.00333
4	0.00682	0.00367	0.00551	0.00551	0.00564	0.00381	0.00381	0.00564	0.00551	0.00748	0.00775	0.01299	0.00761	0.01708	0.16666	0.72202	0.00487	0.00367	0.00184	0.00210
5	0.01501	0.01075	0.01167	0.00899	0.01220	0.01169	0.00740	0.68982	0.05630	0.07732	0.01035	0.01020	0.00732	0.00482	0.00401	0.00120	0.00427	0.00366	0.00405	0.04898

[dist]
# distance from previous block
# <min> <max>
0	1

[block]
# block no. 5 follows, 66 sequences, length 73
# corresponding to MSA columns:
# 426-498
name=unknown_F
#
# <colnr> <probs for GDERKNQSTAVLIFYWHMCP>
#	G	D	E	R	K	N	Q	S	T	A	V	L	I	F	Y	W	H	M	C	P
0	0.02583	0.66002	0.09823	0.00775	0.01132	0.08343	0.00778	0.04609	0.00897	0.01071	0.00602	0.00691	0.00526	0.00363	0.00287	0.00094	0.00473	0.00235	0.00187	0.00530
1	0.01356	0.30368	0.03213	0.00924	0.01193	0.50674	0.00768	0.05109	0.01068	0.01057	0.00624	0.00718	0.00529	0.00396	0.00332	0.00100	0.00615	0.00252	0.00205	0.00500
2	0.00537	0.00399	0.00505	0.00552	0.00620	0.00361	0.00386	0.00628	0.00813	0.01088	0.05912	0.57332	0.11328	0.05692	0.00581	0.00165	0.00251	0.05340	0.00362	0.07149
3	0.05541	0.00684	0.00833	0.00691	0.00916	0.04064	0.04880	0.05178	0.05099	0.30308	0.15619	0.05602	0.17517	0.00675	0.00433	0.00130	0.00324	0.00570	0.00413	0.00524
4	0.00888	0.25177	0.61214	0.01029	0.01559	0.01125	0.01278	0.01266	0.00848	0.01194	0.00683	0.00800	0.00516	0.00375	0.00351	0.00117	0.00554	0.00277	0.00172	0.00578
5	0.00959	0.01092	0.02378	0.01727	0.03858	0.01025	0.80013	0.01298	0.00957	0.01300	0.00820	0.01092	0.00616	0.00342	0.00477	0.00136	0.00680	0.00476	0.00205	0.00549
6	0.01620	0.00991	0.01125	0.00865	0.01184	0.01045	0.00714	0.55197	0.03160	0.28063	0.01184	0.01112	0.00799	0.00493	0.00407	0.00123	0.00412	0.00380	0.00436	0.00689
7	0.01017	0.01070	0.02207	0.01643	0.05370	0.01030	0.68252	0.05648	0.01001	0.04076	0.00841	0.01086	0.00630	0.00370	0.00502	0.00136	0.03874	0.00461	0.00225	0.00560
8	0.00481	0.00411	0.00413	0.00413	0.00549	0.00343	0.00309	0.00585	0.00928	0.01105	0.05395	0.03890	0.81756	0.01024	0.00479	0.00137	0.00205	0.00854	0.00378	0.00343
9	0.01317	0.05404	0.01099	0.00914	0.01139	0.38744	0.00711	0.20183	0.12103	0.02469	0.01046	0.09874	0.00918	0.00550	0.00396	0.00120	0.00534	0.01642	0.00304	0.00533
10	0.02869	0.01019	0.01139	0.00875	0.01196	0.01087	0.00722	0.60650	0.01703	0.22854	0.01125	0.01072	0.00765	0.00489	0.00404	0.00123	0.00419	0.00374	0.00428	0.00686
11	0.00700	0.00354	0.00525	0.00525	0.00525	0.00354	0.00348	0.00531	0.00531	0.00708	0.00729	0.01292	0.00737	0.04917	0.01606	0.84544	0.00354	0.00362	0.00179	0.00179
12	0.00501	0.00366	0.00473	0.00547	0.00589	0.00337	0.00374	0.00586	0.00824	0.01091	0.08737	0.69309	0.11234	0.01209	0.00511	0.00159	0.00231	0.02205	0.00382	0.00336
13	0.00590	0.00393	0.00442	0.00442	0.00442	0.00393	0.00246	0.00590	0.00590	0.00787	0.01278	0.02655	0.01475	0.85742	0.02065	0.00393	0.00393	0.00590	0.00246	0.00246
14	0.00589	0.00397	0.00463	0.00463	0.00469	0.00404	0.00271	0.00603	0.00596	0.00801	0.01260	0.02554	0.01431	0.77846	0.09900	0.00418	0.00460	0.00575	0.00243	0.00257
15	0.00958	0.01094	0.02394	0.01710	0.02120	0.01026	0.81737	0.01300	0.00958	0.01300	0.00821	0.01094	0.00616	0.00342	0.00479	0.00137	0.00684	0.00479	0.00205	0.00547
16	0.01088	0.00842	0.00913	0.00805	0.01040	0.00948	0.00630	0.04331	0.68568	0.10020	0.05010	0.01548	0.01307	0.00555	0.00415	0.00136	0.00322	0.00462	0.00423	0.00638
17	0.01517	0.01124	0.01203	0.00928	0.01248	0.01246	0.00765	0.78064	0.05743	0.02516	0.01006	0.01000	0.00716	0.00490	0.00406	0.00123	0.00440	0.00370	0.00406	0.00688
18	0.88607	0.00785	0.00596	0.00534	0.00785	0.00910	0.00439	0.01193	0.00690	0.01820	0.00565	0.00659	0.00439	0.00377	0.00251	0.00126	0.00314	0.00220	0.00251	0.00439
19	0.00869	0.00862	0.01206	0.01041	0.01042	0.01199	0.00863	0.00957	0.00629	0.00979	0.00614	0.04915	0.00635	0.00737	0.01293	0.00177	0.80964	0.00393	0.00187	0.00438
20	0.01805	0.00715	0.00957	0.00733	0.01048	0.00632	0.00606	0.06333	0.01202	0.79079	0.01566	0.01359	0.00987	0.00501	0.00408	0.00125	0.00351	0.00406	0.00497	0.00690
21	0.00848	0.00727	0.00844	0.00610	0.00965	0.00560	0.00487	0.01069	0.04237	0.01338	0.00760	0.00869	0.00627	0.00311	0.00305	0.00063	0.00301	0.00249	0.00248	0.84579
22	0.00648	0.00465	0.00645	0.00735	0.00830	0.00463	0.00642	0.00831	0.00934	0.01210	0.02218	0.04553	0.05196	0.01117	0.00558	0.00185	0.00368	0.77658	0.00374	0.00372
23	0.00491	0.00411	0.00429	0.00435	0.00564	0.00349	0.00328	0.00599	0.00927	0.01119	0.06979	0.07335	0.73261	0.01034	0.00484	0.00140	0.00213	0.04176	0.00379	0.00345
24	0.88607	0.00785	0.00596	0.00534	0.00785	0.00910	0.00439	0.01193	0.00690	0.01820	0.00565	0.00659	0.00439	0.00377	0.00251	0.00126	0.00314	0.00220	0.00251	0.00439
25	0.00958	0.01094	0.02394	0.01710	0.02120	0.01026	0.81737	0.01300	0.00958	0.01300	0.00821	0.01094	0.00616	0.00342	0.00479	0.00137	0.00684	0.00479	0.00205	0.00547
26	0.01820	0.00690	0.00942	0.00722	0.01036	0.00596	0.00596	0.01977	0.01161	0.83492	0.01601	0.01381	0.01004	0.00502	0.00408	0.00126	0.00345	0.00408	0.00502	0.00690
27	0.00494	0.00353	0.00471	0.00565	0.00588	0.00330	0.00377	0.00565	0.00777	0.01036	0.02236	0.85477	0.02683	0.01271	0.00518	0.00165	0.00235	0.01153	0.00377	0.00330
28	0.00888	0.00888	0.01243	0.01065	0.01065	0.01243	0.00888	0.00976	0.00621	0.00976	0.00533	0.00888	0.00533	0.00710	0.01331	0.00178	0.84999	0.00355	0.00178	0.00444
29	0.00590	0.00393	0.00442	0.00442	0.00442	0.00393	0.00246	0.00590	0.00590	0.00787	0.01278	0.02655	0.01475	0.85742	0.02065	0.00393	0.00393	0.00590	0.00246	0.00246
30	0.00830	0.00798	0.02670	0.66678	0.16727	0.00923	0.01143	0.03365	0.00863	0.01134	0.00736	0.01061	0.00562	0.00400	0.00405	0.00132	0.00529	0.00360	0.00190	0.00493
31	0.00580	0.00433	0.00645	0.00645	0.00715	0.00503	0.00498	0.00720	0.00650	0.00937	0.01093	0.01629	0.01030	0.05780	0.81418	0.00643	0.01064	0.00440	0.00218	0.00358
32	0.00590	0.00393	0.00442	0.00442	0.00442	0.00393	0.00246	0.00590	0.00590	0.00787	0.01278	0.02655	0.01475	0.85742	0.02065	0.00393	0.00393	0.00590	0.00246	0.00246
33	0.00888	0.00888	0.01243	0.01065	0.01065	0.01243	0.00888	0.00976	0.00621	0.00976	0.00533	0.00888	0.00533	0.00710	0.01331	0.00178	0.84999	0.00355	0.00178	0.00444
34	0.01364	0.04102	0.03901	0.00891	0.01212	0.01169	0.00751	0.57295	0.15385	0.02228	0.01049	0.01041	0.00765	0.00477	0.00394	0.00119	0.00420	0.00365	0.00380	0.06694
35	0.00897	0.01047	0.11259	0.01263	0.01607	0.02396	0.45943	0.02866	0.04574	0.01375	0.04819	0.01347	0.04280	0.00432	0.00431	0.00128	0.00535	0.00463	0.13822	0.00517
36	0.01018	0.00959	0.01305	0.03849	0.32228	0.07286	0.06517	0.08880	0.08345	0.01447	0.05318	0.03366	0.00905	0.00433	0.00395	0.00113	0.00444	0.00390	0.00265	0.16538
37	0.00537	0.00413	0.00490	0.00471	0.00583	0.00367	0.00353	0.00693	0.01060	0.01417	0.51868	0.03375	0.35087	0.00908	0.00479	0.00131	0.00197	0.00782	0.00419	0.00367
38	0.00933	0.07285	0.03893	0.00829	0.03872	0.00710	0.10339	0.01139	0.00875	0.05884	0.00772	0.00893	0.00618	0.00325	0.00331	0.00079	0.00375	0.00283	0.00242	0.60323
39	0.01542	0.01136	0.01218	0.00933	0.01258	0.01258	0.00771	0.81858	0.01908	0.02557	0.00974	0.00974	0.00690	0.00487	0.00406	0.00122	0.00446	0.00365	0.00406	0.00690
40	0.01820	0.00690	0.00942	0.00722	0.01036	0.00596	0.00596	0.01977	0.01161	0.83492	0.01601	0.01381	0.01004	0.00502	0.00408	0.00126	0.00345	0.00408	0.00502	0.00690
41	0.00547	0.00412	0.00506	0.00485	0.00590	0.00371	0.00363	0.00712	0.01081	0.01472	0.60187	0.04993	0.25009	0.00892	0.00480	0.00131	0.00196	0.00775	0.00426	0.00371
42	0.00989	0.20899	0.53807	0.01016	0.01521	0.01079	0.02451	0.04720	0.00920	0.07898	0.00773	0.00861	0.00564	0.00390	0.00361	0.00119	0.00536	0.00295	0.00209	0.00592
43	0.00766	0.00721	0.01217	0.84767	0.02794	0.00901	0.01127	0.01037	0.00811	0.01037	0.00721	0.01082	0.00541	0.00406	0.00406	0.00135	0.00541	0.00361	0.00180	0.00451
44	0.00580	0.00435	0.00652	0.00652	0.00724	0.00507	0.00507	0.00724	0.00652	0.00942	0.01087	0.01594	0.01014	0.03043	0.84134	0.00652	0.01087	0.00435	0.00217	0.00362
45	0.00946	0.00867	0.04354	0.00799	0.01028	0.00928	0.00645	0.01945	0.68988	0.01663	0.10510	0.01686	0.02685	0.00581	0.00420	0.00136	0.00317	0.00488	0.00406	0.00608
46	0.01127	0.64323	0.07674	0.00773	0.01111	0.04955	0.00764	0.04658	0.00891	0.04977	0.00643	0.00730	0.00551	0.00386	0.00344	0.00099	0.05011	0.00247	0.00201	0.00535
47	0.00814	0.02099	0.83640	0.01156	0.01756	0.00942	0.01499	0.01285	0.00857	0.01285	0.00728	0.00857	0.00514	0.00385	0.00385	0.00128	0.00600	0.00300	0.00171	0.00600
48	0.00574	0.00415	0.00542	0.00510	0.00606	0.00383	0.00383	0.00766	0.01148	0.01627	0.82997	0.03031	0.03828	0.00829	0.00479	0.00128	0.00191	0.00734	0.00447	0.00383
49	0.00766	0.00721	0.01217	0.84767	0.02794	0.00901	0.01127	0.01037	0.00811	0.01037	0.00721	0.01082	0.00541	0.00406	0.00406	0.00135	0.00541	0.00361	0.00180	0.00451
50	0.00766	0.00721	0.01217	0.84767	0.02794	0.00901	0.01127	0.01037	0.00811	0.01037	0.00721	0.01082	0.00541	0.00406	0.00406	0.00135	0.00541	0.00361	0.00180	0.00451
51	0.00564	0.00412	0.00530	0.00506	0.00601	0.00378	0.00377	0.00743	0.01115	0.01562	0.73726	0.07016	0.09223	0.00864	0.00480	0.00130	0.00194	0.00762	0.00438	0.00378
52	0.00580	0.00435	0.00652	0.00652	0.00724	0.00507	0.00507	0.00724	0.00652	0.00942	0.01087	0.01594	0.01014	0.03043	0.84134	0.00652	0.01087	0.00435	0.00217	0.00362
53	0.74769	0.00817	0.00680	0.00586	0.00848	0.00930	0.00483	0.09724	0.00844	0.06298	0.00664	0.00731	0.00496	0.00395	0.00276	0.00125	0.00329	0.00245	0.00281	0.00479
54	0.00574	0.00415	0.00542	0.00510	0.00606	0.00383	0.00383	0.00766	0.01148	0.01627	0.82997	0.03031	0.03828	0.00829	0.00479	0.00128	0.00191	0.00734	0.00447	0.00383
55	0.00540	0.00406	0.00499	0.00491	0.00589	0.00366	0.00363	0.00693	0.01044	0.01415	0.52387	0.13507	0.24343	0.00936	0.00484	0.00135	0.00201	0.00818	0.00420	0.00366
56	0.00814	0.02099	0.83640	0.01156	0.01756	0.00942	0.01499	0.01285	0.00857	0.01285	0.00728	0.00857	0.00514	0.00385	0.00385	0.00128	0.00600	0.00300	0.00171	0.00600
57	0.00651	0.00465	0.00650	0.00740	0.00833	0.00464	0.00645	0.00838	0.00941	0.01227	0.04677	0.04528	0.02382	0.01112	0.00558	0.00185	0.00368	0.77985	0.00376	0.00374
58	0.01662	0.00699	0.00976	0.11495	0.01262	0.00647	0.00666	0.01862	0.03413	0.70616	0.01489	0.01346	0.00952	0.00491	0.00408	0.00127	0.00370	0.00403	0.00458	0.00658
59	0.00494	0.00353	0.00471	0.00565	0.00588	0.00330	0.00377	0.00565	0.00777	0.01036	0.02236	0.85477	0.02683	0.01271	0.00518	0.00165	0.00235	0.01153	0.00377	0.00330
60	0.01811	0.00705	0.00950	0.00729	0.01043	0.00618	0.00602	0.04548	0.01185	0.80888	0.01580	0.01368	0.00994	0.00502	0.00408	0.00125	0.00348	0.00407	0.00499	0.00690
61	0.00808	0.01999	0.77845	0.01145	0.01718	0.00921	0.03718	0.01263	0.00872	0.01300	0.04197	0.00955	0.00656	0.00403	0.00392	0.00129	0.00585	0.00323	0.00184	0.00589
62	0.00866	0.00848	0.01322	0.59530	0.22968	0.05401	0.01138	0.01121	0.00858	0.01107	0.00727	0.01043	0.00565	0.00395	0.00402	0.00130	0.00536	0.00355	0.00187	0.00500
63	0.00766	0.00721	0.01217	0.84767	0.02794	0.00901	0.01127	0.01037	0.00811	0.01037	0.00721	0.01082	0.00541	0.00406	0.00406	0.00135	0.00541	0.00361	0.00180	0.00451
64	0.00814	0.02099	0.83640	0.01156	0.01756	0.00942	0.01499	0.01285	0.00857	0.01285	0.00728	0.00857	0.00514	0.00385	0.00385	0.00128	0.00600	0.00300	0.00171	0.00600
65	0.01715	0.00745	0.01115	0.00840	0.01166	0.00657	0.10043	0.03239	0.01150	0.72567	0.01499	0.01341	0.00954	0.00483	0.00416	0.00127	0.00386	0.00416	0.00466	0.00674
66	0.00513	0.00367	0.00490	0.00572	0.00607	0.00344	0.00396	0.00603	0.00824	0.01105	0.10078	0.71923	0.02771	0.01218	0.00517	0.00163	0.00241	0.06547	0.00383	0.00338
67	0.00547	0.00493	0.00466	0.00457	0.00593	0.04861	0.00343	0.00660	0.00963	0.01153	0.13277	0.03630	0.69206	0.00971	0.00473	0.00134	0.00232	0.00810	0.00376	0.00354
68	0.00701	0.00472	0.00653	0.00721	0.00826	0.00466	0.00621	0.00877	0.00930	0.05626	0.02170	0.06403	0.06059	0.01168	0.04068	0.00200	0.00390	0.66888	0.00374	0.00388
69	0.00907	0.30833	0.55719	0.00998	0.01511	0.01169	0.01223	0.01261	0.00846	0.01172	0.00672	0.00786	0.00516	0.00372	0.00343	0.00114	0.00543	0.00271	0.00172	0.00573
70	0.00540	0.00394	0.00540	0.05126	0.00742	0.00386	0.00457	0.00637	0.00796	0.01054	0.02094	0.63499	0.02452	0.05232	0.00593	0.00178	0.00282	0.14298	0.00359	0.00339
71	0.01124	0.81390	0.02062	0.00696	0.01041	0.01551	0.00689	0.01256	0.00843	0.05402	0.00620	0.00690	0.00547	0.00355	0.00268	0.00089	0.00429	0.00227	0.00191	0.00530
72	0.01012	0.10697	0.01025	0.04779	0.01055	0.00944	0.00623	0.17551	0.29377	0.03828	0.15579	0.04458	0.06154	0.00605	0.00412	0.00127	0.00339	0.00499	0.00377	0.00557

[dist]
# distance from previous block
# <min> <max>
0	5

[block]
# block no. 6 follows, 66 sequences, length 7
# corresponding to MSA columns:
# 504-510
name=unknown_G
#
# <colnr> <probs for GDERKNQSTAVLIFYWHMCP>
#	G	D	E	R	K	N	Q	S	T	A	V	L	I	F	Y	W	H	M	C	P
0	0.00722	0.00524	0.00672	0.00631	0.00719	0.00582	0.00469	0.12408	0.00815	0.01130	0.01127	0.01815	0.01102	0.26897	0.47997	0.00500	0.00791	0.00470	0.00253	0.00375
1	0.01406	0.00953	0.01078	0.05760	0.01238	0.01031	0.00715	0.46807	0.13296	0.16484	0.01351	0.01301	0.05639	0.00526	0.00412	0.00126	0.00402	0.00415	0.00409	0.00649
2	0.01203	0.00687	0.00818	0.00729	0.00924	0.03975	0.00578	0.15275	0.01145	0.30059	0.01718	0.26379	0.01614	0.00811	0.00460	0.00144	0.00350	0.12182	0.00418	0.00530
3	0.88607	0.00785	0.00596	0.00534	0.00785	0.00910	0.00439	0.01193	0.00690	0.01820	0.00565	0.00659	0.00439	0.00377	0.00251	0.00126	0.00314	0.00220	0.00251	0.00439
4	0.01038	0.00985	0.00935	0.04578	0.01131	0.12967	0.00667	0.01925	0.61789	0.01523	0.01500	0.06831	0.01198	0.00572	0.00413	0.00134	0.00385	0.00471	0.00371	0.00589
5	0.01103	0.00918	0.00970	0.00845	0.01091	0.01053	0.00665	0.16166	0.68316	0.01848	0.01532	0.01419	0.01142	0.00539	0.00412	0.00135	0.00343	0.00442	0.00412	0.00651
6	0.01020	0.00737	0.00946	0.00685	0.01040	0.00578	0.05074	0.01205	0.00904	0.15764	0.00881	0.00950	0.00673	0.00338	0.00329	0.00076	0.00330	0.00283	0.00284	0.67902

[dist]
# distance from previous block
# <min> <max>
0	19

[block]
# block no. 7 follows, 66 sequences, length 66
# corresponding to MSA columns:
# 530-595
name=unknown_H
#
# <colnr> <probs for GDERKNQSTAVLIFYWHMCP>
#	G	D	E	R	K	N	Q	S	T	A	V	L	I	F	Y	W	H	M	C	P
0	0.00553	0.07151	0.00613	0.00579	0.00643	0.00443	0.00420	0.00641	0.00804	0.01049	0.02231	0.66090	0.08272	0.01168	0.00498	0.00158	0.00261	0.07715	0.00360	0.00349
1	0.01519	0.01141	0.01204	0.00931	0.01250	0.02887	0.00766	0.76937	0.05263	0.02490	0.00996	0.00992	0.00710	0.00488	0.00405	0.00122	0.00447	0.00367	0.00402	0.00684
2	0.00972	0.07882	0.08714	0.07586	0.01997	0.02077	0.57865	0.04314	0.02099	0.01301	0.00801	0.01036	0.00605	0.00360	0.00444	0.00131	0.00634	0.00428	0.00209	0.00548
3	0.01481	0.01104	0.01218	0.07575	0.01380	0.01230	0.00799	0.75455	0.01821	0.02436	0.00954	0.00983	0.00678	0.00481	0.00406	0.00123	0.00454	0.00365	0.00388	0.00671
4	0.00837	0.07523	0.01372	0.62193	0.18209	0.00969	0.01115	0.01091	0.00834	0.01086	0.00717	0.01033	0.00559	0.00392	0.00393	0.00129	0.00521	0.00349	0.00184	0.00493
5	0.00585	0.00413	0.00541	0.00541	0.00575	0.00447	0.00369	0.00653	0.00619	0.00860	0.01188	0.02156	0.01258	0.46830	0.40680	0.00515	0.00720	0.00517	0.00232	0.00301
6	0.00590	0.00393	0.00442	0.00442	0.00442	0.00393	0.00246	0.00590	0.00590	0.00787	0.01278	0.02655	0.01475	0.85742	0.02065	0.00393	0.00393	0.00590	0.00246	0.00246
7	0.01073	0.82491	0.05522	0.00713	0.01071	0.01578	0.00728	0.01218	0.00826	0.00968	0.00571	0.00659	0.00520	0.00349	0.00266	0.00089	0.00441	0.00220	0.00173	0.00524
8	0.00686	0.00738	0.12064	0.00764	0.00923	0.00664	0.00680	0.02982	0.07193	0.01091	0.01050	0.01434	0.00930	0.02294	0.59563	0.00501	0.05371	0.00412	0.00229	0.00429
9	0.00841	0.00721	0.00841	0.00601	0.00961	0.00541	0.00481	0.01022	0.00841	0.01322	0.00721	0.00841	0.00601	0.00300	0.00300	0.00060	0.00300	0.00240	0.00240	0.88222
10	0.00569	0.00415	0.00536	0.00505	0.00603	0.00381	0.00379	0.00756	0.01137	0.01599	0.78905	0.03076	0.07937	0.00840	0.00479	0.00128	0.00192	0.00740	0.00443	0.00381
11	0.00705	0.00352	0.00529	0.00529	0.00529	0.00352	0.00352	0.00529	0.00529	0.00705	0.00705	0.01233	0.00705	0.01409	0.01586	0.88196	0.00352	0.00352	0.00176	0.00176
12	0.00494	0.00353	0.00471	0.00565	0.00588	0.00330	0.00377	0.00565	0.00777	0.01036	0.02236	0.85477	0.02683	0.01271	0.00518	0.00165	0.00235	0.01153	0.00377	0.00330
13	0.00575	0.00413	0.00534	0.00505	0.00593	0.00384	0.00372	0.00752	0.01104	0.01560	0.76523	0.03001	0.03642	0.07557	0.00604	0.00149	0.00207	0.00722	0.00431	0.00372
14	0.80623	0.00817	0.00653	0.00570	0.00828	0.00942	0.00470	0.08590	0.00802	0.01888	0.00602	0.00688	0.00462	0.00387	0.00265	0.00125	0.00326	0.00233	0.00265	0.00462
15	0.08011	0.57510	0.15770	0.00791	0.01161	0.08771	0.00819	0.01261	0.00848	0.01083	0.00598	0.00694	0.00513	0.00362	0.00290	0.00099	0.00479	0.00235	0.00182	0.00523
16	0.00919	0.00908	0.01338	0.46261	0.20914	0.07328	0.03233	0.03332	0.02545	0.01156	0.00736	0.01027	0.00582	0.00425	0.00481	0.00133	0.07615	0.00358	0.00198	0.00509
17	0.00799	0.00464	0.00527	0.00496	0.00648	0.00416	0.00382	0.00956	0.03045	0.16205	0.02810	0.10123	0.40085	0.00834	0.00432	0.00131	0.00239	0.03264	0.17724	0.00421
18	0.01086	0.00910	0.00961	0.00841	0.01084	0.01045	0.00661	0.13664	0.70845	0.01821	0.01554	0.01436	0.01159	0.00541	0.00412	0.00135	0.00339	0.00445	0.00412	0.00649
19	0.00525	0.00413	0.00474	0.00459	0.00576	0.00362	0.00344	0.00670	0.01032	0.01351	0.41985	0.03485	0.45012	0.00932	0.00479	0.00132	0.00199	0.00797	0.00410	0.00362
20	0.01820	0.00690	0.00942	0.00722	0.01036	0.00596	0.00596	0.01977	0.01161	0.83492	0.01601	0.01381	0.01004	0.00502	0.00408	0.00126	0.00345	0.00408	0.00502	0.00690
21	0.01085	0.85986	0.02126	0.00694	0.01041	0.01605	0.00694	0.01215	0.00824	0.00955	0.00564	0.00651	0.00521	0.00347	0.00260	0.00087	0.00434	0.00217	0.00174	0.00521
22	0.00493	0.00356	0.00467	0.00556	0.00586	0.00330	0.00373	0.00566	0.00785	0.01039	0.02344	0.80787	0.07303	0.01257	0.00516	0.00163	0.00234	0.01136	0.00377	0.00330
23	0.01533	0.00959	0.01072	0.00831	0.01131	0.01018	0.00683	0.55266	0.01631	0.21610	0.01156	0.01122	0.00798	0.00489	0.00395	0.00120	0.00398	0.00377	0.08752	0.00660
24	0.00590	0.00393	0.00442	0.00442	0.00442	0.00393	0.00246	0.00590	0.00590	0.00787	0.01278	0.02655	0.01475	0.85742	0.02065	0.00393	0.00393	0.00590	0.00246	0.00246
25	0.00570	0.00411	0.00538	0.00514	0.00605	0.00380	0.00382	0.00754	0.01127	0.01593	0.78413	0.07710	0.03763	0.00854	0.00481	0.00130	0.00194	0.00758	0.00443	0.00380
26	0.00885	0.00760	0.00861	0.00659	0.00986	0.00662	0.00523	0.01315	0.21989	0.01419	0.00962	0.01015	0.00766	0.00365	0.00330	0.00080	0.00306	0.00297	0.00285	0.65535
27	0.00705	0.00352	0.00529	0.00529	0.00529	0.00352	0.00352	0.00529	0.00529	0.00705	0.00705	0.01233	0.00705	0.01409	0.01586	0.88196	0.00352	0.00352	0.00176	0.00176
28	0.01516	0.01934	0.01150	0.01045	0.01254	0.84113	0.00784	0.01620	0.01150	0.00993	0.00627	0.00732	0.00523	0.00418	0.00366	0.00105	0.00732	0.00261	0.00209	0.00470
29	0.01373	0.01653	0.01131	0.01015	0.01194	0.63172	0.00777	0.06021	0.01091	0.01076	0.00666	0.00824	0.00567	0.00639	0.06222	0.00152	0.11446	0.00291	0.00217	0.00472
30	0.00574	0.00415	0.00542	0.00510	0.00606	0.00383	0.00383	0.00766	0.01148	0.01627	0.82997	0.03031	0.03828	0.00829	0.00479	0.00128	0.00191	0.00734	0.00447	0.00383
