[name]
unknown

[dist]
# distance from previous block
# <min> <max>
0	39

[block]
# block no. 0 follows, 70 sequences, length 47
# corresponding to MSA columns:
# 39-85
name=unknown_A
#
# <colnr> <probs for GDERKNQSTAVLIFYWHMCP>
#	G	D	E	R	K	N	Q	S	T	A	V	L	I	F	Y	W	H	M	C	P
0	0.00714	0.00569	0.00752	0.00771	0.00892	0.04354	0.04821	0.04782	0.00958	0.01236	0.05987	0.03795	0.02065	0.00959	0.00512	0.00167	0.00382	0.65553	0.00347	0.00385
1	0.01331	0.01022	0.01216	0.00938	0.01234	0.01112	0.08823	0.65631	0.05377	0.02193	0.01023	0.06442	0.00799	0.00503	0.00402	0.00121	0.00431	0.00412	0.00367	0.00622
2	0.01109	0.66698	0.01802	0.00731	0.01033	0.16820	0.00677	0.01277	0.05003	0.00955	0.00602	0.00678	0.00532	0.00354	0.00275	0.00088	0.00461	0.00227	0.00184	0.00495
3	0.00791	0.00681	0.00807	0.00595	0.00907	0.00541	0.00474	0.00954	0.00790	0.01234	0.00746	0.04697	0.00662	0.00349	0.00346	0.00068	0.04589	0.00275	0.00233	0.80259
4	0.01278	0.00921	0.01059	0.00827	0.01078	0.02178	0.05315	0.54471	0.01456	0.07999	0.01020	0.01284	0.00825	0.17670	0.00709	0.00169	0.00426	0.00400	0.00350	0.00563
5	0.01251	0.01100	0.10677	0.00866	0.01176	0.01061	0.00767	0.58110	0.08948	0.02092	0.01168	0.04991	0.04966	0.00520	0.00395	0.00121	0.00412	0.00408	0.00360	0.00613
6	0.00478	0.00407	0.00435	0.04684	0.00628	0.00357	0.00332	0.00582	0.00867	0.01040	0.04990	0.03526	0.74488	0.04843	0.00524	0.00142	0.00220	0.00781	0.00346	0.00329
7	0.01358	0.01708	0.01037	0.00945	0.01136	0.76708	0.00709	0.01462	0.01089	0.00984	0.04944	0.00948	0.04458	0.00446	0.00360	0.00102	0.00650	0.00298	0.00219	0.00440
8	0.89114	0.00750	0.00570	0.00510	0.00750	0.00870	0.00420	0.01140	0.00660	0.01739	0.00540	0.00630	0.00420	0.00360	0.00240	0.00120	0.00300	0.00210	0.00240	0.00420
9	0.86441	0.00739	0.00564	0.00506	0.00743	0.00853	0.00416	0.01122	0.00667	0.01719	0.00642	0.00723	0.02933	0.00379	0.00246	0.00120	0.00297	0.00228	0.00244	0.00417
10	0.01152	0.00715	0.00811	0.00663	0.00897	0.00718	0.00533	0.28797	0.05368	0.22343	0.05811	0.03467	0.25743	0.00654	0.00415	0.00123	0.00313	0.00533	0.00404	0.00539
11	0.01092	0.00507	0.00666	0.00561	0.00743	0.00455	0.00444	0.01260	0.01068	0.37771	0.37618	0.02027	0.02149	0.00614	0.00405	0.00117	0.00247	0.00523	0.11238	0.00494
12	0.00549	0.00396	0.00518	0.00488	0.00579	0.00366	0.00366	0.00732	0.01097	0.01555	0.83752	0.02896	0.03658	0.00793	0.00457	0.00122	0.00183	0.00701	0.00427	0.00366
13	0.01739	0.00660	0.00900	0.00690	0.00990	0.00570	0.00570	0.01889	0.01110	0.84226	0.01529	0.01320	0.00960	0.00480	0.00390	0.00120	0.00330	0.00390	0.00480	0.00660
14	0.00625	0.00446	0.00625	0.00714	0.00803	0.00446	0.00625	0.00803	0.00892	0.01160	0.02053	0.04373	0.02231	0.01071	0.00535	0.00178	0.00357	0.81348	0.00357	0.00357
15	0.00873	0.00603	0.00702	0.00636	0.00798	0.00594	0.00483	0.01265	0.23181	0.11578	0.40908	0.02501	0.12686	0.00753	0.00464	0.00139	0.00264	0.00628	0.00440	0.00504
16	0.89114	0.00750	0.00570	0.00510	0.00750	0.00870	0.00420	0.01140	0.00660	0.01739	0.00540	0.00630	0.00420	0.00360	0.00240	0.00120	0.00300	0.00210	0.00240	0.00420
17	0.00960	0.00921	0.01574	0.02380	0.83957	0.00921	0.01190	0.01190	0.00883	0.01267	0.00729	0.00960	0.00614	0.00345	0.00384	0.00115	0.00461	0.00345	0.00192	0.00614
18	0.01014	0.79381	0.09065	0.00701	0.01053	0.01480	0.00729	0.01167	0.00790	0.00939	0.00552	0.00639	0.00497	0.00335	0.00259	0.00086	0.00428	0.00214	0.00166	0.00504
19	0.00723	0.00361	0.00361	0.00361	0.00452	0.00361	0.00271	0.00903	0.00813	0.01445	0.01265	0.01445	0.00994	0.00452	0.00271	0.00090	0.00181	0.00361	0.88528	0.00361
20	0.00523	0.00394	0.00484	0.00463	0.00564	0.00355	0.00347	0.00681	0.01034	0.01409	0.60986	0.04662	0.24975	0.00851	0.00458	0.00125	0.00187	0.00740	0.00408	0.00355
21	0.01739	0.00660	0.00900	0.00690	0.00990	0.00570	0.00570	0.01889	0.01110	0.84226	0.01529	0.01320	0.00960	0.00480	0.00390	0.00120	0.00330	0.00390	0.00480	0.00660
22	0.00458	0.00393	0.00393	0.00393	0.00524	0.00327	0.00295	0.00556	0.00884	0.01047	0.03927	0.03731	0.83800	0.00982	0.00458	0.00131	0.00196	0.00818	0.00360	0.00327
23	0.08627	0.00667	0.00874	0.00676	0.00971	0.00593	0.00558	0.01830	0.01074	0.77724	0.01451	0.01265	0.00917	0.00470	0.00378	0.00120	0.00328	0.00376	0.00461	0.00641
24	0.02549	0.00612	0.00635	0.00543	0.00710	0.00654	0.00431	0.28438	0.01150	0.01787	0.01139	0.01258	0.00871	0.00455	0.00310	0.00100	0.00266	0.00355	0.57278	0.00463
25	0.01036	0.86609	0.02032	0.00663	0.00995	0.01534	0.00663	0.01161	0.00788	0.00912	0.00539	0.00622	0.00498	0.00332	0.00249	0.00083	0.00415	0.00207	0.00166	0.00498
26	0.00500	0.00360	0.00479	0.00565	0.00599	0.00343	0.00396	0.00601	0.02436	0.01022	0.02116	0.74875	0.02497	0.01184	0.00498	0.00159	0.00242	0.10440	0.00360	0.00326
27	0.00732	0.00689	0.01163	0.85444	0.02670	0.00861	0.01077	0.00991	0.00775	0.00991	0.00689	0.01034	0.00517	0.00388	0.00388	0.00129	0.00517	0.00345	0.00172	0.00431
28	0.00481	0.00344	0.00460	0.00550	0.00576	0.00322	0.00375	0.00555	0.00751	0.00999	0.02132	0.81435	0.02545	0.01206	0.00497	0.00159	0.00232	0.05703	0.00360	0.00317
29	0.89114	0.00750	0.00570	0.00510	0.00750	0.00870	0.00420	0.01140	0.00660	0.01739	0.00540	0.00630	0.00420	0.00360	0.00240	0.00120	0.00300	0.00210	0.00240	0.00420
30	0.01264	0.01155	0.01185	0.00958	0.01216	0.20490	0.10185	0.41938	0.01412	0.01774	0.04900	0.04670	0.00934	0.00518	0.00404	0.00120	0.00492	0.05517	0.00321	0.00548
31	0.00932	0.01047	0.02253	0.01611	0.02001	0.00987	0.80010	0.03768	0.00943	0.01279	0.00789	0.01042	0.00590	0.00331	0.00455	0.00130	0.00647	0.00454	0.00202	0.00527
32	0.03805	0.01036	0.01122	0.00862	0.01170	0.01132	0.00712	0.72662	0.01723	0.10381	0.00979	0.00961	0.00682	0.00464	0.00384	0.00117	0.00414	0.00349	0.00393	0.00653
33	0.00475	0.00340	0.00453	0.00538	0.00563	0.00317	0.00360	0.00548	0.00757	0.01013	0.05459	0.82735	0.02609	0.01197	0.00493	0.00156	0.00223	0.01086	0.00363	0.00317
34	0.83274	0.00755	0.00590	0.00528	0.00767	0.00876	0.00433	0.01201	0.06132	0.01732	0.00609	0.00684	0.00470	0.00371	0.00250	0.00121	0.00300	0.00225	0.00250	0.00433
35	0.00523	0.00382	0.00492	0.00493	0.00571	0.00350	0.00359	0.00671	0.00994	0.01378	0.57676	0.23299	0.09546	0.00910	0.00467	0.00131	0.00194	0.00808	0.00405	0.00350
36	0.01523	0.00933	0.01061	0.00820	0.01118	0.00982	0.00674	0.55557	0.01572	0.27227	0.01150	0.03730	0.00810	0.00493	0.00392	0.00119	0.00391	0.00385	0.00415	0.00649
37	0.05017	0.01803	0.01077	0.00979	0.01180	0.81402	0.00736	0.01531	0.01081	0.00981	0.00597	0.00696	0.00496	0.00398	0.00345	0.00101	0.00683	0.00248	0.00201	0.00448
38	0.01264	0.16061	0.01345	0.02262	0.15750	0.52171	0.00819	0.01393	0.00988	0.00999	0.00610	0.00741	0.00520	0.00387	0.00368	0.00102	0.03280	0.00263	0.00191	0.00486
39	0.00564	0.00376	0.00423	0.00423	0.00423	0.00376	0.00235	0.00564	0.00564	0.00752	0.01222	0.02537	0.01409	0.86375	0.01973	0.00376	0.00376	0.00564	0.00235	0.00235
40	0.00779	0.01958	0.81350	0.01086	0.01651	0.00887	0.01397	0.01219	0.00818	0.01229	0.00695	0.00818	0.00494	0.00365	0.00365	0.00120	0.00563	0.00284	0.00166	0.03756
41	0.00960	0.00921	0.01574	0.02380	0.83957	0.00921	0.01190	0.01190	0.00883	0.01267	0.00729	0.00960	0.00614	0.00345	0.00384	0.00115	0.00461	0.00345	0.00192	0.00614
42	0.00498	0.00408	0.00441	0.00430	0.00554	0.00358	0.00323	0.00650	0.03532	0.01199	0.24955	0.03438	0.60015	0.00917	0.00456	0.00129	0.00196	0.00775	0.00379	0.00346
43	0.00574	0.00399	0.00477	0.00470	0.00478	0.00420	0.00289	0.00594	0.00572	0.00777	0.01172	0.02350	0.01322	0.73029	0.11888	0.00397	0.03771	0.00537	0.00229	0.00256
44	0.02079	0.01312	0.08080	0.02391	0.02638	0.26200	0.30104	0.03390	0.02059	0.01139	0.00683	0.00883	0.00548	0.00420	0.00550	0.00126	0.15321	0.00350	0.00198	0.01530
45	0.00550	0.00402	0.00560	0.00566	0.00620	0.00443	0.00417	0.00655	0.00641	0.00898	0.03384	0.06000	0.03810	0.21222	0.55831	0.00508	0.00790	0.02146	0.00235	0.00320
46	0.69824	0.06675	0.01747	0.00579	0.00820	0.08508	0.00482	0.02567	0.00733	0.01594	0.00604	0.03333	0.00505	0.00390	0.00263	0.00117	0.00347	0.00245	0.00237	0.00430

[dist]
# distance from previous block
# <min> <max>
1	2

[block]
# block no. 1 follows, 70 sequences, length 66
# corresponding to MSA columns:
# 88-153
name=unknown_B
#
# <colnr> <probs for GDERKNQSTAVLIFYWHMCP>
#	G	D	E	R	K	N	Q	S	T	A	V	L	I	F	Y	W	H	M	C	P
0	0.00711	0.00546	0.00642	0.00590	0.00727	0.00569	0.00450	0.01197	0.28480	0.03000	0.53599	0.02362	0.02743	0.00693	0.00432	0.00125	0.00227	0.00603	0.01853	0.00453
1	0.00564	0.00382	0.00452	0.00454	0.00465	0.00391	0.00274	0.00585	0.00578	0.00779	0.01214	0.02444	0.01369	0.74072	0.12504	0.00403	0.00460	0.02124	0.00234	0.00251
2	0.00510	0.00361	0.00462	0.00530	0.00573	0.00335	0.00367	0.00586	0.00764	0.02373	0.02268	0.62360	0.12181	0.07408	0.00600	0.00171	0.00245	0.07234	0.00352	0.00319
3	0.76984	0.00737	0.00616	0.00535	0.00783	0.00828	0.00441	0.01244	0.00722	0.13191	0.00677	0.00726	0.00495	0.00377	0.00261	0.00120	0.00304	0.00235	0.00273	0.00453
4	0.00484	0.00349	0.00445	0.00516	0.00548	0.00325	0.00345	0.00550	0.00744	0.00980	0.03310	0.67661	0.09867	0.09986	0.00644	0.00177	0.00239	0.02172	0.00348	0.00309
5	0.00963	0.00820	0.00863	0.00775	0.00991	0.00946	0.00603	0.03186	0.79161	0.01627	0.01557	0.01439	0.01169	0.00522	0.00390	0.00130	0.00304	0.00434	0.03513	0.00605
6	0.89114	0.00750	0.00570	0.00510	0.00750	0.00870	0.00420	0.01140	0.00660	0.01739	0.00540	0.00630	0.00420	0.00360	0.00240	0.00120	0.00300	0.00210	0.00240	0.00420
7	0.00472	0.00337	0.00450	0.00540	0.00562	0.00315	0.00360	0.00540	0.00742	0.00990	0.02137	0.86122	0.02564	0.01215	0.00495	0.00157	0.00225	0.01102	0.00360	0.00315
8	0.04831	0.00663	0.00888	0.00683	0.00981	0.00580	0.00564	0.01863	0.01094	0.81307	0.01494	0.01295	0.00941	0.00476	0.00385	0.00120	0.00329	0.00383	0.00471	0.00651
9	0.01021	0.00861	0.00909	0.00800	0.01030	0.00991	0.00627	0.11023	0.74202	0.01713	0.01506	0.01389	0.01125	0.00519	0.00394	0.00130	0.00320	0.00428	0.00394	0.00619
10	0.01036	0.86609	0.02032	0.00663	0.00995	0.01534	0.00663	0.01161	0.00788	0.00912	0.00539	0.00622	0.00498	0.00332	0.00249	0.00083	0.00415	0.00207	0.00166	0.00498
11	0.00659	0.00448	0.00571	0.00524	0.00639	0.00426	0.00398	0.00911	0.07517	0.06948	0.71974	0.02680	0.03289	0.00751	0.00448	0.00123	0.00202	0.00660	0.00428	0.00404
12	0.00690	0.00608	0.00797	0.00712	0.00878	0.00621	0.10134	0.01152	0.29246	0.01254	0.02303	0.23009	0.25400	0.00805	0.00445	0.00138	0.00295	0.00715	0.00352	0.00446
13	0.00973	0.00837	0.00882	0.00791	0.01012	0.00969	0.00616	0.03498	0.81804	0.01636	0.01566	0.01437	0.01174	0.00525	0.00394	0.00131	0.00309	0.00437	0.00394	0.00614
14	0.00481	0.00344	0.00458	0.00534	0.00564	0.00321	0.00361	0.00562	0.00784	0.01056	0.11767	0.76302	0.02693	0.01165	0.00490	0.00153	0.00220	0.01055	0.00368	0.00321
15	0.01283	0.01104	0.01150	0.03633	0.09449	0.13812	0.00779	0.48240	0.01420	0.01842	0.00861	0.02894	0.00678	0.00606	0.05109	0.00146	0.05755	0.00354	0.00309	0.00576
16	0.00865	0.04013	0.70448	0.01029	0.01551	0.00877	0.01285	0.03306	0.00868	0.07727	0.00884	0.00965	0.03669	0.00402	0.00371	0.00122	0.00532	0.00314	0.00201	0.00571
17	0.00782	0.12569	0.08161	0.00677	0.00871	0.03419	0.00583	0.05309	0.17997	0.01349	0.22095	0.19372	0.03021	0.00701	0.00409	0.00126	0.00314	0.01448	0.00336	0.00460
18	0.00557	0.00375	0.00435	0.00449	0.00455	0.00373	0.00266	0.00573	0.00598	0.00795	0.01355	0.11261	0.01567	0.73581	0.01753	0.00344	0.00359	0.04401	0.00254	0.00249
19	0.00780	0.00734	0.01217	0.67824	0.15957	0.00876	0.01074	0.01073	0.04654	0.01065	0.00737	0.01041	0.00564	0.00387	0.00387	0.00127	0.00498	0.00349	0.00186	0.00469
20	0.00649	0.00514	0.02006	0.00715	0.05192	0.00537	0.01958	0.05921	0.02112	0.01024	0.01181	0.08568	0.01194	0.21095	0.42077	0.00429	0.00702	0.03517	0.00244	0.00364
21	0.00956	0.00931	0.01629	0.02321	0.77557	0.00926	0.07546	0.01194	0.00885	0.01265	0.00734	0.00966	0.00612	0.00344	0.00390	0.00116	0.00476	0.00354	0.00192	0.00607
22	0.01026	0.00924	0.00956	0.00845	0.01023	0.09336	0.00667	0.02799	0.53149	0.05301	0.02684	0.01271	0.01013	0.00544	0.00557	0.00135	0.16471	0.00402	0.00337	0.00560
23	0.01449	0.01819	0.01101	0.00995	0.01199	0.81670	0.00749	0.04602	0.01126	0.01005	0.00612	0.00708	0.00505	0.00402	0.00351	0.00100	0.00689	0.00253	0.00207	0.00457
24	0.00489	0.00349	0.00469	0.00558	0.00588	0.00329	0.00388	0.00568	0.00758	0.01008	0.02128	0.77365	0.02528	0.01199	0.00499	0.00160	0.00239	0.09699	0.00360	0.00319
25	0.00554	0.00415	0.00623	0.00623	0.00692	0.00485	0.00485	0.00692	0.00623	0.00900	0.01038	0.01523	0.00969	0.02908	0.84839	0.00623	0.01038	0.00415	0.00208	0.00346
26	0.00963	0.01028	0.07355	0.02244	0.75446	0.03707	0.01192	0.01204	0.00885	0.01253	0.00723	0.00941	0.00602	0.00349	0.00382	0.00115	0.00476	0.00338	0.00190	0.00606
27	0.00499	0.00357	0.00483	0.00570	0.00605	0.00342	0.00406	0.00587	0.00762	0.01013	0.02085	0.70269	0.02455	0.01252	0.03486	0.00177	0.00274	0.13701	0.00354	0.00323
28	0.00844	0.00790	0.01346	0.48740	0.35767	0.00883	0.02579	0.01090	0.00827	0.02422	0.00720	0.01008	0.00565	0.00371	0.00387	0.00123	0.00493	0.00348	0.00186	0.00511
29	0.00781	0.01951	0.80473	0.01101	0.01647	0.00914	0.01405	0.01214	0.00808	0.01214	0.00687	0.00820	0.00492	0.00383	0.00411	0.00125	0.04556	0.00289	0.00164	0.00566
30	0.04308	0.29205	0.45004	0.00928	0.01367	0.10811	0.01067	0.01240	0.00835	0.01113	0.00628	0.00734	0.00491	0.00360	0.00323	0.00107	0.00526	0.00254	0.00171	0.00529
31	0.00731	0.00686	0.01139	0.76182	0.02474	0.00864	0.01035	0.00973	0.00757	0.00983	0.00694	0.01045	0.00537	0.00524	0.04397	0.00155	0.05878	0.00348	0.00174	0.00426
32	0.10137	0.02658	0.09798	0.04042	0.04187	0.07084	0.05494	0.09617	0.04677	0.11191	0.00982	0.07324	0.00824	0.02248	0.03153	0.00136	0.01667	0.01545	0.00278	0.12958
33	0.00467	0.00396	0.00405	0.00410	0.00539	0.00334	0.00313	0.00570	0.00884	0.01053	0.03825	0.03766	0.79329	0.00987	0.00462	0.00134	0.00205	0.05232	0.00360	0.00329
34	0.00792	0.01906	0.75885	0.01160	0.01714	0.00909	0.09815	0.01229	0.00828	0.01229	0.00705	0.00842	0.00501	0.00364	0.00378	0.00124	0.00581	0.00304	0.00167	0.00568
35	0.00804	0.00689	0.00804	0.00574	0.00919	0.00517	0.00459	0.00976	0.00804	0.01263	0.00689	0.00804	0.00574	0.00287	0.00287	0.00057	0.00287	0.00230	0.00230	0.88745
36	0.00879	0.05978	0.49097	0.04393	0.12073	0.02457	0.08563	0.06791	0.01796	0.01286	0.00757	0.02835	0.00584	0.00389	0.00377	0.00121	0.00537	0.00332	0.00194	0.00563
37	0.00952	0.00793	0.00851	0.00775	0.02352	0.00894	0.00594	0.06307	0.65921	0.03444	0.03815	0.01654	0.08799	0.00567	0.00401	0.00130	0.00303	0.00472	0.00390	0.00585
38	0.00542	0.00368	0.00437	0.00464	0.00474	0.00363	0.00282	0.00567	0.00623	0.00829	0.01492	0.24407	0.01742	0.60951	0.01533	0.00311	0.00336	0.03746	0.00272	0.00260
39	0.01510	0.00716	0.00896	0.00719	0.00996	0.00692	0.00583	0.04719	0.22648	0.58663	0.01553	0.01371	0.02092	0.00498	0.00392	0.00123	0.00325	0.00407	0.00453	0.00643
40	0.01264	0.01571	0.01509	0.01218	0.01484	0.55853	0.29010	0.01442	0.01035	0.01050	0.00663	0.00819	0.00530	0.00374	0.00387	0.00111	0.00683	0.00321	0.00198	0.00475
41	0.00479	0.00342	0.00458	0.00548	0.00574	0.00321	0.00372	0.00552	0.00749	0.00998	0.02133	0.82295	0.02549	0.01208	0.00497	0.00158	0.00231	0.04859	0.00360	0.00317
42	0.00535	0.00396	0.00500	0.00474	0.00571	0.00360	0.00355	0.00706	0.01066	0.01480	0.71958	0.03019	0.15500	0.00821	0.00457	0.00123	0.00185	0.00718	0.00417	0.00360
43	0.01474	0.01086	0.01163	0.00892	0.01202	0.01202	0.00737	0.82664	0.01823	0.02443	0.00931	0.00931	0.00659	0.00465	0.00388	0.00116	0.00427	0.00349	0.00388	0.00659
44	0.01371	0.01040	0.01135	0.00891	0.01167	0.01176	0.00732	0.67706	0.10389	0.02238	0.00967	0.00979	0.00703	0.00488	0.00458	0.00122	0.07073	0.00358	0.00371	0.00636
45	0.01142	0.00922	0.01028	0.00946	0.07550	0.01034	0.00699	0.31907	0.44660	0.01885	0.01284	0.03170	0.00976	0.00505	0.00393	0.00125	0.00361	0.00413	0.00375	0.00624
46	0.00472	0.00337	0.00450	0.00540	0.00562	0.00315	0.00360	0.00540	0.00742	0.00990	0.02137	0.86122	0.02564	0.01215	0.00495	0.00157	0.00225	0.01102	0.00360	0.00315
47	0.00554	0.00415	0.00623	0.00623	0.00692	0.00485	0.00485	0.00692	0.00623	0.00900	0.01038	0.01523	0.00969	0.02908	0.84839	0.00623	0.01038	0.00415	0.00208	0.00346
48	0.00847	0.01899	0.74849	0.01094	0.01638	0.00931	0.02811	0.09111	0.00917	0.01346	0.00720	0.00833	0.00509	0.00377	0.00372	0.00122	0.00560	0.00296	0.00186	0.00580
49	0.00866	0.00826	0.01404	0.36593	0.50475	0.00896	0.01143	0.01108	0.00838	0.01153	0.00713	0.00990	0.00574	0.00363	0.00385	0.00121	0.00484	0.00345	0.00184	0.00539
50	0.00732	0.00689	0.01163	0.85444	0.02670	0.00861	0.01077	0.00991	0.00775	0.00991	0.00689	0.01034	0.00517	0.00388	0.00388	0.00129	0.00517	0.00345	0.00172	0.00431
51	0.00564	0.00376	0.00423	0.00423	0.00423	0.00376	0.00235	0.00564	0.00564	0.00752	0.01222	0.02537	0.01409	0.86375	0.01973	0.00376	0.00376	0.00564	0.00235	0.00235
52	0.89114	0.00750	0.00570	0.00510	0.00750	0.00870	0.00420	0.01140	0.00660	0.01739	0.00540	0.00630	0.00420	0.00360	0.00240	0.00120	0.00300	0.00210	0.00240	0.00420
53	0.00804	0.00689	0.00804	0.00574	0.00919	0.00517	0.00459	0.00976	0.00804	0.01263	0.00689	0.00804	0.00574	0.00287	0.00287	0.00057	0.00287	0.00230	0.00230	0.88745
54	0.00575	0.00401	0.00599	0.00599	0.00655	0.00457	0.00455	0.00657	0.00601	0.00858	0.00977	0.01479	0.00924	0.03968	0.68869	0.16104	0.00904	0.00404	0.00201	0.00313
55	0.00564	0.00376	0.00423	0.00423	0.00423	0.00376	0.00235	0.00564	0.00564	0.00752	0.01222	0.02537	0.01409	0.86375	0.01973	0.00376	0.00376	0.00564	0.00235	0.00235
56	0.00695	0.00518	0.00616	0.00554	0.00687	0.00518	0.00426	0.10682	0.08694	0.01628	0.58803	0.02560	0.08903	0.00736	0.00440	0.00122	0.00224	0.00637	0.02136	0.00421
57	0.64127	0.00808	0.00700	0.00603	0.00852	0.00925	0.00492	0.13311	0.10757	0.03198	0.00739	0.00784	0.00556	0.00397	0.00283	0.00121	0.00320	0.00261	0.00284	0.00482
58	0.00804	0.00689	0.00804	0.00574	0.00919	0.00517	0.00459	0.00976	0.00804	0.01263	0.00689	0.00804	0.00574	0.00287	0.00287	0.00057	0.00287	0.00230	0.00230	0.88745
59	0.00506	0.00392	0.00461	0.00450	0.00555	0.00347	0.00335	0.00647	0.00988	0.01310	0.45654	0.07640	0.37528	0.00895	0.00460	0.00128	0.00191	0.00772	0.00395	0.00347
60	0.00549	0.00396	0.00518	0.00488	0.00579	0.00366	0.00366	0.00732	0.01097	0.01555	0.83752	0.02896	0.03658	0.00793	0.00457	0.00122	0.00183	0.00701	0.00427	0.00366
61	0.04831	0.00663	0.00888	0.00683	0.00981	0.00580	0.00564	0.01863	0.01094	0.81307	0.01494	0.01295	0.00941	0.00476	0.00385	0.00120	0.00329	0.00383	0.00471	0.00651
62	0.89114	0.00750	0.00570	0.00510	0.00750	0.00870	0.00420	0.01140	0.00660	0.01739	0.00540	0.00630	0.00420	0.00360	0.00240	0.00120	0.00300	0.00210	0.00240	0.00420
63	0.00465	0.00364	0.00422	0.00469	0.00544	0.00321	0.00328	0.00548	0.00811	0.01018	0.03002	0.46289	0.41838	0.01102	0.00477	0.00145	0.00211	0.00965	0.00360	0.00321
64	0.04268	0.10288	0.07545	0.00943	0.01193	0.52856	0.00784	0.12218	0.01108	0.01191	0.00639	0.00735	0.00517	0.00408	0.00377	0.00105	0.03852	0.00263	0.00219	0.00490
65	0.02836	0.07762	0.03336	0.00960	0.06126	0.01187	0.00768	0.65704	0.01608	0.02169	0.00883	0.01910	0.00656	0.00456	0.00389	0.00115	0.01816	0.00343	0.00347	0.00630

[dist]
# distance from previous block
# <min> <max>
0	7

[block]
# block no. 2 follows, 70 sequences, length 90
# corresponding to MSA columns:
# 161-250
name=unknown_C
#
# <colnr> <probs for GDERKNQSTAVLIFYWHMCP>
#	G	D	E	R	K	N	Q	S	T	A	V	L	I	F	Y	W	H	M	C	P
0	0.02747	0.07447	0.04704	0.00815	0.01078	0.02902	0.00679	0.19193	0.52571	0.01714	0.01281	0.01214	0.00959	0.00485	0.00377	0.00123	0.00361	0.00387	0.00358	0.00606
1	0.47993	0.01143	0.08851	0.00790	0.04708	0.19992	0.00648	0.07146	0.00881	0.01535	0.02803	0.00760	0.00556	0.00388	0.00300	0.00115	0.00430	0.00256	0.00237	0.00466
2	0.00979	0.01015	0.07936	0.02157	0.68719	0.02129	0.05779	0.01227	0.00891	0.04347	0.00758	0.00963	0.00614	0.00352	0.00387	0.00117	0.00479	0.00348	0.00201	0.00605
3	0.00804	0.00689	0.00804	0.00574	0.00919	0.00517	0.00459	0.00976	0.00804	0.01263	0.00689	0.00804	0.00574	0.00287	0.00287	0.00057	0.00287	0.00230	0.00230	0.88745
4	0.00561	0.00388	0.00482	0.00482	0.00503	0.00408	0.00309	0.00602	0.00581	0.00796	0.01167	0.02236	0.01279	0.61602	0.26568	0.00449	0.00573	0.00520	0.00227	0.00268
5	0.00469	0.00393	0.00408	0.00404	0.00530	0.00332	0.00303	0.00577	0.00909	0.01108	0.13457	0.03631	0.74232	0.00959	0.00458	0.00130	0.00195	0.00804	0.00368	0.00332
6	0.01137	0.00508	0.00601	0.00509	0.00688	0.00480	0.00405	0.05335	0.00973	0.32179	0.01346	0.01373	0.00964	0.00463	0.00321	0.00103	0.00248	0.00371	0.51508	0.00487
7	0.79811	0.00785	0.00633	0.00550	0.00798	0.00905	0.00454	0.09793	0.00783	0.01814	0.00581	0.00662	0.00445	0.00371	0.00256	0.00120	0.00313	0.00225	0.00256	0.00445
8	0.00564	0.00376	0.00423	0.00423	0.00423	0.00376	0.00235	0.00564	0.00564	0.00752	0.01222	0.02537	0.01409	0.86375	0.01973	0.00376	0.00376	0.00564	0.00235	0.00235
9	0.01036	0.86609	0.02032	0.00663	0.00995	0.01534	0.00663	0.01161	0.00788	0.00912	0.00539	0.00622	0.00498	0.00332	0.00249	0.00083	0.00415	0.00207	0.00166	0.00498
10	0.00781	0.00554	0.00648	0.00627	0.00738	0.00573	0.00464	0.23685	0.01055	0.01440	0.01707	0.51340	0.01867	0.02015	0.00465	0.00143	0.00284	0.03145	0.08053	0.00416
11	0.00458	0.00393	0.00393	0.00393	0.00524	0.00327	0.00295	0.00556	0.00884	0.01047	0.03927	0.03731	0.83800	0.00982	0.00458	0.00131	0.00196	0.00818	0.00360	0.00327
12	0.89114	0.00750	0.00570	0.00510	0.00750	0.00870	0.00420	0.01140	0.00660	0.01739	0.00540	0.00630	0.00420	0.00360	0.00240	0.00120	0.00300	0.00210	0.00240	0.00420
13	0.00723	0.00361	0.00361	0.00361	0.00452	0.00361	0.00271	0.00903	0.00813	0.01445	0.01265	0.01445	0.00994	0.00452	0.00271	0.00090	0.00181	0.00361	0.88528	0.00361
14	0.00458	0.00393	0.00393	0.00393	0.00524	0.00327	0.00295	0.00556	0.00884	0.01047	0.03927	0.03731	0.83800	0.00982	0.00458	0.00131	0.00196	0.00818	0.00360	0.00327
15	0.01034	0.79085	0.06852	0.00699	0.01041	0.03994	0.00711	0.01176	0.00799	0.00932	0.00550	0.00636	0.00497	0.00336	0.00259	0.00086	0.00432	0.00213	0.00167	0.00501
16	0.00735	0.00994	0.30325	0.00725	0.00959	0.00612	0.00731	0.00925	0.00703	0.07251	0.01017	0.01672	0.00974	0.37420	0.10749	0.00289	0.02862	0.00429	0.00223	0.00405
17	0.01675	0.00745	0.00950	0.00730	0.01031	0.00698	0.00603	0.17447	0.02659	0.67057	0.01415	0.01247	0.00906	0.00478	0.00390	0.00119	0.00348	0.00383	0.00461	0.00659
18	0.00948	0.00928	0.01506	0.06675	0.66831	0.03254	0.02370	0.01161	0.00851	0.01205	0.00700	0.00945	0.00594	0.00386	0.00483	0.00122	0.09932	0.00344	0.00189	0.00577
19	0.01036	0.86609	0.02032	0.00663	0.00995	0.01534	0.00663	0.01161	0.00788	0.00912	0.00539	0.00622	0.00498	0.00332	0.00249	0.00083	0.00415	0.00207	0.00166	0.00498
20	0.00564	0.00376	0.00423	0.00423	0.00423	0.00376	0.00235	0.00564	0.00564	0.00752	0.01222	0.02537	0.01409	0.86375	0.01973	0.00376	0.00376	0.00564	0.00235	0.00235
21	0.00577	0.00414	0.00457	0.00435	0.00571	0.00354	0.00330	0.00696	0.00943	0.07691	0.19415	0.03377	0.61544	0.00905	0.00453	0.00128	0.00204	0.00762	0.00383	0.00361
22	0.00549	0.00396	0.00518	0.00488	0.00579	0.00366	0.00366	0.00732	0.01097	0.01555	0.83752	0.02896	0.03658	0.00793	0.00457	0.00122	0.00183	0.00701	0.00427	0.00366
23	0.04054	0.01010	0.01091	0.00844	0.01138	0.01107	0.00695	0.70906	0.01706	0.06392	0.06342	0.01069	0.00862	0.00484	0.00388	0.00117	0.00402	0.00370	0.00390	0.00633
24	0.89114	0.00750	0.00570	0.00510	0.00750	0.00870	0.00420	0.01140	0.00660	0.01739	0.00540	0.00630	0.00420	0.00360	0.00240	0.00120	0.00300	0.00210	0.00240	0.00420
25	0.00964	0.00833	0.00877	0.00789	0.01008	0.00964	0.00614	0.02060	0.83257	0.01622	0.01578	0.01446	0.01183	0.00526	0.00394	0.00131	0.00307	0.00438	0.00394	0.00614
26	0.03158	0.00674	0.00902	0.00693	0.00992	0.00594	0.00572	0.04299	0.01124	0.80427	0.01495	0.01297	0.00942	0.00477	0.00387	0.00120	0.00332	0.00386	0.00473	0.00656
27	0.01406	0.01045	0.01120	0.00875	0.01172	0.01161	0.00717	0.70279	0.13254	0.03402	0.01030	0.01008	0.00737	0.00474	0.00389	0.00119	0.00409	0.00362	0.00390	0.00653
28	0.01017	0.70656	0.15014	0.00734	0.01103	0.01405	0.00782	0.01193	0.00802	0.03460	0.00593	0.00674	0.00510	0.00342	0.00272	0.00090	0.00437	0.00225	0.00175	0.00514
29	0.00899	0.01014	0.02198	0.01585	0.01960	0.00952	0.78147	0.01218	0.00914	0.01237	0.00852	0.01225	0.00677	0.00367	0.00462	0.00133	0.00638	0.04804	0.00205	0.00514
30	0.00472	0.00337	0.00450	0.00540	0.00562	0.00315	0.00360	0.00540	0.00742	0.00990	0.02137	0.86122	0.02564	0.01215	0.00495	0.00157	0.00225	0.01102	0.00360	0.00315
31	0.00559	0.00395	0.00520	0.00520	0.00553	0.00429	0.00356	0.00626	0.00593	0.00824	0.01133	0.02045	0.01196	0.45908	0.42148	0.00496	0.00697	0.00492	0.00222	0.00289
32	0.89114	0.00750	0.00570	0.00510	0.00750	0.00870	0.00420	0.01140	0.00660	0.01739	0.00540	0.00630	0.00420	0.00360	0.00240	0.00120	0.00300	0.00210	0.00240	0.00420
33	0.00627	0.00452	0.00623	0.00707	0.00799	0.00453	0.00615	0.00820	0.02449	0.01166	0.02095	0.04300	0.04453	0.01058	0.00531	0.00176	0.00352	0.77606	0.00358	0.00361
34	0.00723	0.00361	0.00361	0.00361	0.00452	0.00361	0.00271	0.00903	0.00813	0.01445	0.01265	0.01445	0.00994	0.00452	0.00271	0.00090	0.00181	0.00361	0.88528	0.00361
35	0.00778	0.02005	0.84367	0.01105	0.01678	0.00900	0.01432	0.01228	0.00818	0.01228	0.00696	0.00818	0.00491	0.00368	0.00368	0.00123	0.00573	0.00286	0.00164	0.00573
36	0.11782	0.01009	0.01069	0.00830	0.01129	0.01110	0.00685	0.65506	0.02870	0.08781	0.00942	0.00934	0.00663	0.00455	0.00371	0.00117	0.00402	0.00337	0.00378	0.00631
37	0.00472	0.00337	0.00450	0.00540	0.00562	0.00315	0.00360	0.00540	0.00742	0.00990	0.02137	0.86122	0.02564	0.01215	0.00495	0.00157	0.00225	0.01102	0.00360	0.00315
38	0.00568	0.00406	0.00609	0.00609	0.00670	0.00467	0.00467	0.00670	0.00609	0.00873	0.00995	0.01482	0.00934	0.02721	0.74884	0.11149	0.00955	0.00406	0.00203	0.00325
39	0.00785	0.01954	0.79957	0.01133	0.01697	0.00905	0.05791	0.01229	0.00824	0.01229	0.00700	0.00831	0.00496	0.00366	0.00373	0.00123	0.00577	0.00296	0.00165	0.00570
40	0.00804	0.00689	0.00804	0.00574	0.00919	0.00517	0.00459	0.00976	0.00804	0.01263	0.00689	0.00804	0.00574	0.00287	0.00287	0.00057	0.00287	0.00230	0.00230	0.88745
41	0.04111	0.23817	0.01324	0.00896	0.01132	0.60546	0.00716	0.01435	0.01004	0.00964	0.00582	0.00677	0.00496	0.00381	0.00320	0.00096	0.00613	0.00237	0.00192	0.00461
42	0.00483	0.00354	0.00493	0.00566	0.00597	0.00331	0.02295	0.00556	0.00746	0.00996	0.02105	0.84119	0.02518	0.01194	0.00494	0.00157	0.00235	0.01087	0.00356	0.00320
43	0.02506	0.01947	0.79620	0.01085	0.01642	0.00911	0.01387	0.04292	0.00853	0.01283	0.00702	0.00819	0.00496	0.00372	0.00367	0.00122	0.00562	0.00287	0.00174	0.00573
44	0.01092	0.00722	0.00862	0.00636	0.00961	0.00605	0.00515	0.10513	0.00996	0.20601	0.02422	0.00976	0.00729	0.00361	0.00325	0.00080	0.00311	0.00289	0.00309	0.56693
45	0.00829	0.18951	0.67875	0.01017	0.01541	0.01027	0.01278	0.01214	0.00812	0.01165	0.00664	0.00779	0.00492	0.00361	0.00344	0.00115	0.00541	0.00271	0.00164	0.00558
46	0.01020	0.80606	0.06739	0.00702	0.01048	0.01490	0.01826	0.01166	0.00791	0.00935	0.00551	0.00639	0.00498	0.00334	0.00258	0.00086	0.00427	0.00215	0.00166	0.00502
47	0.00472	0.00337	0.00450	0.00540	0.00562	0.00315	0.00360	0.00540	0.00742	0.00990	0.02137	0.86122	0.02564	0.01215	0.00495	0.00157	0.00225	0.01102	0.00360	0.00315
48	0.00564	0.00376	0.00423	0.00423	0.00423	0.00376	0.00235	0.00564	0.00564	0.00752	0.01222	0.02537	0.01409	0.86375	0.01973	0.00376	0.00376	0.00564	0.00235	0.00235
49	0.00814	0.01997	0.79893	0.01099	0.01652	0.05409	0.01396	0.01245	0.00834	0.01213	0.00691	0.00812	0.00492	0.00370	0.00367	0.00122	0.00580	0.00284	0.00166	0.00566
50	0.00957	0.00819	0.00861	0.00776	0.00992	0.00947	0.00604	0.02026	0.80833	0.01617	0.01569	0.01446	0.01178	0.00524	0.00391	0.00130	0.00303	0.00436	0.02985	0.00606
51	0.00473	0.00389	0.00393	0.00395	0.00521	0.00329	0.00295	0.00575	0.00876	0.01067	0.03731	0.06079	0.76915	0.00960	0.00449	0.00130	0.00196	0.00802	0.05097	0.00329
52	0.01474	0.01086	0.01163	0.00892	0.01202	0.01202	0.00737	0.82664	0.01823	0.02443	0.00931	0.00931	0.00659	0.00465	0.00388	0.00116	0.00427	0.00349	0.00388	0.00659
53	0.00915	0.01046	0.02288	0.01634	0.02026	0.00980	0.82549	0.01242	0.00915	0.01242	0.00784	0.01046	0.00588	0.00327	0.00458	0.00131	0.00654	0.00458	0.00196	0.00523
54	0.01647	0.00675	0.00891	0.00689	0.00976	0.00605	0.00567	0.07992	0.01156	0.72680	0.04570	0.01352	0.01039	0.00490	0.00389	0.00119	0.00328	0.00398	0.02797	0.00641
55	0.00472	0.00337	0.00450	0.00540	0.00562	0.00315	0.00360	0.00540	0.00742	0.00990	0.02137	0.86122	0.02564	0.01215	0.00495	0.00157	0.00225	0.01102	0.00360	0.00315
56	0.00485	0.00346	0.00464	0.00554	0.00582	0.00326	0.00381	0.00561	0.00754	0.01004	0.02130	0.79484	0.02537	0.01203	0.00498	0.00159	0.00236	0.07619	0.00360	0.00318
57	0.01410	0.01738	0.01062	0.00960	0.01159	0.76968	0.00723	0.04727	0.01112	0.01035	0.00648	0.00748	0.00532	0.00405	0.00347	0.00100	0.00660	0.00260	0.04953	0.00453
58	0.03431	0.00672	0.00899	0.00691	0.00990	0.00591	0.00571	0.03777	0.01118	0.80697	0.01496	0.01297	0.00942	0.00477	0.00387	0.00120	0.00332	0.00385	0.00473	0.00655
59	0.01182	0.00639	0.00815	0.00677	0.00885	0.05684	0.04210	0.01348	0.01074	0.40111	0.29530	0.03621	0.01935	0.00620	0.00422	0.00123	0.00315	0.04854	0.01441	0.00514
60	0.01036	0.86609	0.02032	0.00663	0.00995	0.01534	0.00663	0.01161	0.00788	0.00912	0.00539	0.00622	0.00498	0.00332	0.00249	0.00083	0.00415	0.00207	0.00166	0.00498
61	0.00732	0.00689	0.01163	0.85444	0.02670	0.00861	0.01077	0.00991	0.00775	0.00991	0.00689	0.01034	0.00517	0.00388	0.00388	0.00129	0.00517	0.00345	0.00172	0.00431
62	0.01036	0.86609	0.02032	0.00663	0.00995	0.01534	0.00663	0.01161	0.00788	0.00912	0.00539	0.00622	0.00498	0.00332	0.00249	0.00083	0.00415	0.00207	0.00166	0.00498
63	0.01675	0.00664	0.00894	0.00685	0.00986	0.00574	0.00565	0.01843	0.02543	0.78310	0.01485	0.01294	0.00943	0.00470	0.00384	0.00117	0.00327	0.00382	0.00465	0.05392
64	0.00476	0.00346	0.00450	0.00531	0.00566	0.00320	0.00362	0.00550	0.00761	0.01001	0.02312	0.75307	0.10623	0.01187	0.00492	0.00155	0.00226	0.03656	0.00360	0.00317
65	0.06183	0.01068	0.01132	0.00871	0.01178	0.01184	0.00720	0.78284	0.01760	0.02405	0.00910	0.00915	0.00646	0.00460	0.00380	0.00117	0.00420	0.00342	0.00380	0.00646
66	0.89114	0.00750	0.00570	0.00510	0.00750	0.00870	0.00420	0.01140	0.00660	0.01739	0.00540	0.00630	0.00420	0.00360	0.00240	0.00120	0.00300	0.00210	0.00240	0.00420
67	0.00673	0.00337	0.00505	0.00505	0.00505	0.00337	0.00337	0.00505	0.00505	0.00673	0.00673	0.01178	0.00673	0.01347	0.01515	0.88721	0.00337	0.00337	0.00168	0.00168
68	0.89114	0.00750	0.00570	0.00510	0.00750	0.00870	0.00420	0.01140	0.00660	0.01739	0.00540	0.00630	0.00420	0.00360	0.00240	0.00120	0.00300	0.00210	0.00240	0.00420
69	0.08035	0.00658	0.00862	0.00668	0.00958	0.00586	0.00551	0.01809	0.01069	0.76070	0.01451	0.01273	0.00922	0.00470	0.00376	0.00119	0.00324	0.00376	0.02788	0.00635
70	0.00751	0.00441	0.00572	0.00513	0.00643	0.00398	0.00394	0.00923	0.01079	0.15741	0.62543	0.02648	0.08402	0.00744	0.00442	0.00121	0.00209	0.00648	0.02373	0.00414
71	0.00549	0.00396	0.00518	0.00488	0.00579	0.00366	0.00366	0.00732	0.01097	0.01555	0.83752	0.02896	0.03658	0.00793	0.00457	0.00122	0.00183	0.00701	0.00427	0.00366
72	0.00568	0.00423	0.00632	0.00627	0.00691	0.00495	0.00486	0.00689	0.00616	0.00889	0.01005	0.01487	0.00941	0.02765	0.78155	0.05345	0.03236	0.00409	0.00205	0.00339
73	0.00489	0.00395	0.00437	0.00439	0.00555	0.00343	0.00334	0.00610	0.00926	0.01162	0.20940	0.06314	0.58541	0.00955	0.00464	0.00133	0.00205	0.06048	0.00374	0.00337
74	0.00480	0.00393	0.00424	0.00418	0.00538	0.00336	0.00313	0.00598	0.00932	0.01167	0.22850	0.05121	0.63202	0.00941	0.00459	0.00129	0.00194	0.00796	0.00376	0.00336
75	0.00964	0.00922	0.04744	0.01257	0.22709	0.00956	0.04453	0.03537	0.52749	0.01513	0.01269	0.01263	0.00967	0.00462	0.00393	0.00126	0.00377	0.00406	0.00323	0.00609
76	0.00960	0.00921	0.01574	0.02380	0.83957	0.00921	0.01190	0.01190	0.00883	0.01267	0.00729	0.00960	0.00614	0.00345	0.00384	0.00115	0.00461	0.00345	0.00192	0.00614
77	0.01026	0.78121	0.08328	0.00705	0.01052	0.03446	0.00724	0.01175	0.00797	0.00937	0.00552	0.00639	0.00497	0.00336	0.00260	0.00086	0.00433	0.00214	0.00166	0.00502
78	0.00973	0.01002	0.05367	0.03522	0.70416	0.03122	0.05051	0.03584	0.00913	0.01285	0.00732	0.00951	0.00604	0.00351	0.00386	0.00116	0.00481	0.00346	0.00196	0.00602
79	0.00563	0.00400	0.00518	0.00486	0.00583	0.00367	0.00365	0.00741	0.01087	0.02855	0.78297	0.02914	0.07766	0.00797	0.00456	0.00122	0.00186	0.00702	0.00424	0.00369
80	0.00623	0.00496	0.00565	0.00527	0.00660	0.00490	0.00401	0.02584	0.17465	0.01431	0.41374	0.02821	0.27500	0.00790	0.00444	0.00126	0.00217	0.00677	0.00399	0.00409
81	0.00949	0.00911	0.01555	0.06080	0.80336	0.00918	0.01185	0.01181	0.00878	0.01254	0.00727	0.00963	0.00610	0.00347	0.00384	0.00116	0.00463	0.00345	0.00191	0.00606
82	0.00782	0.00734	0.01207	0.67169	0.15050	0.00877	0.01064	0.01091	0.06164	0.01074	0.00753	0.01049	0.00575	0.00390	0.00387	0.00127	0.00494	0.00351	0.00190	0.00471
83	0.00593	0.00476	0.00619	0.00612	0.00685	0.03242	0.00465	0.00753	0.02951	0.01091	0.20775	0.14638	0.01819	0.01908	0.43438	0.00384	0.04328	0.00579	0.00286	0.00360
84	0.00472	0.00337	0.00450	0.00540	0.00562	0.00315	0.00360	0.00540	0.00742	0.00990	0.02137	0.86122	0.02564	0.01215	0.00495	0.00157	0.00225	0.01102	0.00360	0.00315
85	0.00930	0.00891	0.01521	0.13085	0.73481	0.00913	0.01175	0.01164	0.00869	0.01231	0.00724	0.00969	0.00602	0.00351	0.00384	0.00117	0.00468	0.00345	0.00189	0.00590
86	0.01042	0.00853	0.00915	0.00804	0.01031	0.00970	0.00640	0.18753	0.59261	0.01754	0.01484	0.01588	0.01164	0.00560	0.00405	0.00132	0.00336	0.07318	0.00390	0.00601
87	0.00732	0.00689	0.01163	0.85444	0.02670	0.00861	0.01077	0.00991	0.00775	0.00991	0.00689	0.01034	0.00517	0.00388	0.00388	0.00129	0.00517	0.00345	0.00172	0.00431
88	0.00915	0.01046	0.02288	0.01634	0.02026	0.00980	0.82549	0.01242	0.00915	0.01242	0.00784	0.01046	0.00588	0.00327	0.00458	0.00131	0.00654	0.00458	0.00196	0.00523
89	0.01036	0.86609	0.02032	0.00663	0.00995	0.01534	0.00663	0.01161	0.00788	0.00912	0.00539	0.00622	0.00498	0.00332	0.00249	0.00083	0.00415	0.00207	0.00166	0.00498

[dist]
# distance from previous block
# <min> <max>
0	0

# created by:
# /st0/software/busco_prod/Augustus/scripts/msa2prfl.pl ./align_prep/28212.fa
