[name]
unknown

[dist]
# distance from previous block
# <min> <max>
0	44

[block]
# block no. 0 follows, 62 sequences, length 23
# corresponding to MSA columns:
# 44-66
name=unknown_A
#
# <colnr> <probs for GDERKNQSTAVLIFYWHMCP>
#	G	D	E	R	K	N	Q	S	T	A	V	L	I	F	Y	W	H	M	C	P
0	0.00946	0.02197	0.04729	0.25543	0.37641	0.00966	0.05396	0.02681	0.06323	0.01326	0.00970	0.04976	0.00833	0.00477	0.00436	0.00137	0.00511	0.03092	0.00236	0.00584
1	0.00978	0.00565	0.00695	0.00617	0.00800	0.00518	0.00475	0.04765	0.04764	0.22229	0.21861	0.15875	0.19442	0.00853	0.00477	0.00139	0.00275	0.00732	0.00445	0.03494
2	0.00568	0.00447	0.00515	0.00495	0.00620	0.00400	0.00372	0.00753	0.03361	0.01446	0.43165	0.03566	0.40837	0.00960	0.00500	0.00139	0.00212	0.00822	0.00433	0.00389
3	0.00917	0.00972	0.01947	0.37943	0.04760	0.01017	0.43639	0.01240	0.00936	0.01243	0.00813	0.01139	0.00612	0.00389	0.00466	0.00142	0.00646	0.00444	0.00204	0.00532
4	0.01355	0.03977	0.09665	0.05842	0.01661	0.03515	0.24176	0.21239	0.02881	0.19773	0.01070	0.01140	0.00748	0.00449	0.00440	0.00133	0.00545	0.00414	0.00335	0.00643
5	0.01058	0.00914	0.00962	0.00866	0.01106	0.01058	0.00673	0.02261	0.81623	0.01780	0.01732	0.01588	0.01299	0.00577	0.00433	0.00144	0.00337	0.00481	0.00433	0.00673
6	0.01138	0.85302	0.02230	0.00728	0.01092	0.01684	0.00728	0.01274	0.00865	0.01001	0.00592	0.00683	0.00546	0.00364	0.00273	0.00091	0.00455	0.00228	0.00182	0.00546
7	0.01892	0.00499	0.00655	0.00658	0.00721	0.00552	0.00482	0.03442	0.03633	0.01115	0.03815	0.26873	0.02773	0.14481	0.30629	0.00389	0.05995	0.00712	0.00303	0.00380
8	0.01138	0.85302	0.02230	0.00728	0.01092	0.01684	0.00728	0.01274	0.00865	0.01001	0.00592	0.00683	0.00546	0.00364	0.00273	0.00091	0.00455	0.00228	0.00182	0.00546
9	0.01909	0.00724	0.00987	0.00757	0.01086	0.00625	0.00625	0.02074	0.01218	0.82687	0.01679	0.01448	0.01053	0.00527	0.00428	0.00132	0.00362	0.00428	0.00527	0.00724
10	0.00529	0.00377	0.00488	0.00572	0.00598	0.00354	0.00377	0.00596	0.00797	0.01058	0.02296	0.72561	0.05375	0.10981	0.00729	0.00199	0.00265	0.01131	0.00379	0.00336
11	0.04532	0.01072	0.01164	0.00910	0.01221	0.01169	0.00743	0.62890	0.04191	0.10200	0.01146	0.03923	0.00861	0.03387	0.00483	0.00140	0.00440	0.00421	0.00423	0.00685
12	0.01014	0.00616	0.00646	0.00564	0.00729	0.00653	0.00444	0.22934	0.01191	0.01871	0.01281	0.01434	0.00989	0.00571	0.02534	0.00122	0.00297	0.00394	0.61229	0.00486
13	0.00916	0.00871	0.01480	0.47299	0.38775	0.00975	0.01238	0.01186	0.00904	0.01224	0.00776	0.01098	0.00615	0.00405	0.00424	0.00135	0.00539	0.00379	0.00199	0.00563
14	0.00635	0.03505	0.00656	0.00623	0.00703	0.00516	0.00467	0.00771	0.02662	0.02191	0.07749	0.26061	0.12448	0.10488	0.18747	0.00301	0.03791	0.06974	0.00336	0.00377
15	0.01600	0.01072	0.01139	0.00891	0.01199	0.05513	0.00726	0.53509	0.01693	0.19014	0.01168	0.01178	0.00827	0.02875	0.00465	0.00134	0.00445	0.00394	0.05475	0.00679
16	0.01523	0.00664	0.00844	0.00685	0.00950	0.00606	0.00558	0.04461	0.04826	0.53636	0.01839	0.01787	0.07551	0.00589	0.00418	0.00130	0.00327	0.03149	0.14829	0.00628
17	0.00872	0.00937	0.04376	0.00746	0.00914	0.19222	0.02585	0.01049	0.03724	0.02733	0.12086	0.05021	0.28840	0.04903	0.03349	0.00169	0.05292	0.02420	0.00330	0.00432
18	0.01148	0.01007	0.02367	0.09173	0.12221	0.10326	0.08542	0.17218	0.03216	0.07948	0.04628	0.12381	0.03897	0.00642	0.01390	0.00143	0.02335	0.00530	0.00324	0.00564
19	0.01093	0.00987	0.01553	0.07777	0.57412	0.03436	0.02653	0.02657	0.05188	0.06141	0.01960	0.01157	0.00773	0.01930	0.00489	0.00136	0.03379	0.00396	0.00246	0.00639
20	0.47712	0.03316	0.01017	0.03452	0.09656	0.06175	0.03954	0.08772	0.00922	0.01715	0.00751	0.03380	0.00634	0.00466	0.00396	0.00134	0.05197	0.01570	0.00265	0.00513
21	0.00619	0.00473	0.00706	0.00699	0.00773	0.00560	0.00546	0.00769	0.00683	0.00989	0.01119	0.01645	0.01046	0.03103	0.80416	0.00666	0.04125	0.00453	0.00226	0.00383
22	0.00574	0.00435	0.00523	0.00581	0.00627	0.02034	0.00395	0.00670	0.02417	0.01062	0.02264	0.53395	0.10586	0.14295	0.06372	0.00240	0.00344	0.02480	0.00360	0.00346

[dist]
# distance from previous block
# <min> <max>
13	111

[block]
# block no. 1 follows, 62 sequences, length 27
# corresponding to MSA columns:
# 198-224
name=unknown_B
#
# <colnr> <probs for GDERKNQSTAVLIFYWHMCP>
#	G	D	E	R	K	N	Q	S	T	A	V	L	I	F	Y	W	H	M	C	P
0	0.02717	0.01005	0.01196	0.06913	0.05406	0.09085	0.07558	0.21197	0.06522	0.05825	0.02017	0.08786	0.02974	0.00598	0.01599	0.00137	0.04602	0.00465	0.00324	0.11077
1	0.06310	0.00967	0.01412	0.04078	0.46963	0.01000	0.01034	0.17372	0.02835	0.05005	0.00994	0.06890	0.00846	0.00484	0.00420	0.00130	0.00459	0.00431	0.00288	0.02083
2	0.00752	0.00575	0.00797	0.00743	0.00855	0.00576	0.07286	0.11247	0.00958	0.01286	0.01749	0.36729	0.01943	0.18084	0.04710	0.00237	0.00407	0.08756	0.00345	0.01965
3	0.00882	0.00756	0.00882	0.00630	0.01008	0.00567	0.00504	0.01071	0.00882	0.01387	0.00756	0.00882	0.00630	0.00315	0.00315	0.00063	0.00315	0.00252	0.00252	0.87647
4	0.00568	0.00417	0.00511	0.00528	0.00620	0.00374	0.00381	0.00699	0.01005	0.02766	0.31295	0.30934	0.26185	0.01080	0.00515	0.00150	0.00223	0.00949	0.00423	0.00376
5	0.00579	0.00454	0.00533	0.00572	0.00693	0.00413	0.00465	0.00719	0.00963	0.01189	0.03401	0.04335	0.48005	0.03688	0.00588	0.00173	0.00292	0.32180	0.00390	0.00369
6	0.01590	0.01999	0.01208	0.01092	0.01316	0.80453	0.00822	0.04487	0.01234	0.01099	0.00671	0.00776	0.00554	0.00441	0.00385	0.00110	0.00757	0.00278	0.00226	0.00501
7	0.00722	0.00645	0.00984	0.42906	0.02909	0.01898	0.00852	0.00930	0.00813	0.01062	0.01328	0.01695	0.11141	0.03376	0.24417	0.00305	0.02886	0.00471	0.00229	0.00429
8	0.88052	0.00823	0.00625	0.00560	0.00823	0.00955	0.00461	0.01251	0.00724	0.01909	0.00592	0.00691	0.00461	0.00395	0.00263	0.00132	0.00329	0.00230	0.00263	0.00461
9	0.01142	0.00955	0.01009	0.00883	0.01138	0.01097	0.00694	0.13988	0.69761	0.01914	0.01626	0.01503	0.01213	0.00567	0.00432	0.00142	0.00356	0.00466	0.00432	0.00681
10	0.00625	0.00445	0.00651	0.00651	0.00717	0.00508	0.00495	0.00742	0.00676	0.00976	0.01128	0.01707	0.01068	0.07991	0.69384	0.07564	0.01006	0.00457	0.02852	0.00357
11	0.00538	0.00392	0.00489	0.00547	0.00604	0.00359	0.00376	0.00636	0.00890	0.01185	0.13379	0.54498	0.16817	0.04140	0.00581	0.00169	0.00240	0.01053	0.02755	0.00354
12	0.00804	0.00756	0.01276	0.84023	0.02931	0.00945	0.01182	0.01087	0.00851	0.01087	0.00756	0.01134	0.00567	0.00425	0.00425	0.00142	0.00567	0.00378	0.00189	0.00473
13	0.01058	0.00880	0.00967	0.00856	0.01074	0.01017	0.00673	0.06075	0.62091	0.03892	0.09078	0.01655	0.01462	0.00612	0.00509	0.00145	0.06405	0.00494	0.00420	0.00637
14	0.00788	0.00749	0.04848	0.12416	0.16307	0.02767	0.01721	0.01049	0.04923	0.02357	0.26099	0.09809	0.06869	0.01854	0.01629	0.00152	0.01811	0.03035	0.00334	0.00485
15	0.03755	0.00864	0.01022	0.00805	0.01104	0.00870	0.00657	0.31330	0.03133	0.38877	0.03980	0.04946	0.02705	0.00574	0.00428	0.00131	0.00382	0.00460	0.03306	0.00672
16	0.00527	0.00430	0.00467	0.00468	0.00596	0.00370	0.00351	0.00653	0.01007	0.01255	0.18922	0.08015	0.61364	0.01054	0.00507	0.00145	0.00219	0.02876	0.00409	0.00367
17	0.01183	0.68367	0.02001	0.00767	0.01108	0.05560	0.00726	0.07746	0.05076	0.01174	0.00704	0.00805	0.00620	0.02215	0.00340	0.00105	0.00464	0.00264	0.00218	0.00558
18	0.00819	0.04219	0.06572	0.07498	0.04847	0.00730	0.08739	0.05432	0.03698	0.03354	0.12483	0.19036	0.07685	0.02351	0.00534	0.00151	0.03127	0.04853	0.03396	0.00477
19	0.00839	0.00851	0.14763	0.02105	0.01003	0.02309	0.02186	0.04041	0.03997	0.10054	0.21684	0.20696	0.12084	0.00833	0.00478	0.00144	0.00346	0.00723	0.00382	0.00485
20	0.00575	0.00437	0.00516	0.00517	0.00623	0.00399	0.00380	0.00756	0.03809	0.01403	0.35824	0.18212	0.30110	0.01002	0.00501	0.00143	0.00219	0.00871	0.03316	0.00386
21	0.01003	0.14631	0.25161	0.02307	0.06258	0.09236	0.05187	0.03124	0.03131	0.03674	0.02120	0.09038	0.03756	0.00566	0.00498	0.00135	0.07957	0.01424	0.00246	0.00549
22	0.04795	0.05219	0.20245	0.06273	0.19167	0.02603	0.09946	0.13620	0.02615	0.01556	0.00938	0.05679	0.00772	0.00469	0.00414	0.00131	0.00520	0.00412	0.04027	0.00599
23	0.00629	0.00435	0.00529	0.00560	0.03175	0.00441	0.00326	0.00653	0.00647	0.00870	0.01370	0.04614	0.02924	0.69204	0.10100	0.01890	0.00480	0.00610	0.00258	0.00286
24	0.00555	0.00403	0.00499	0.00549	0.00617	0.00366	0.00384	0.00655	0.00906	0.02496	0.13098	0.49177	0.21938	0.03928	0.00580	0.00168	0.00244	0.02675	0.00402	0.00360
25	0.04552	0.10213	0.18889	0.05497	0.15442	0.05478	0.06018	0.07982	0.03974	0.11010	0.03136	0.01137	0.02332	0.00456	0.00422	0.00129	0.02073	0.00375	0.00276	0.00609
26	0.06641	0.03321	0.17010	0.06885	0.13806	0.06939	0.09021	0.12620	0.06551	0.07423	0.01049	0.01154	0.03357	0.00457	0.00413	0.00131	0.00520	0.00387	0.01708	0.00608

[dist]
# distance from previous block
# <min> <max>
2	8

[block]
# block no. 2 follows, 62 sequences, length 20
# corresponding to MSA columns:
# 233-252
name=unknown_C
#
# <colnr> <probs for GDERKNQSTAVLIFYWHMCP>
#	G	D	E	R	K	N	Q	S	T	A	V	L	I	F	Y	W	H	M	C	P
0	0.01028	0.02911	0.09626	0.10980	0.27400	0.04387	0.06327	0.03162	0.03074	0.05487	0.02851	0.01122	0.00766	0.01604	0.01804	0.00133	0.01918	0.00371	0.00246	0.14803
1	0.00791	0.00506	0.00597	0.00573	0.01975	0.00495	0.00419	0.04554	0.05641	0.05993	0.31565	0.06721	0.08409	0.06345	0.00548	0.00146	0.00251	0.00635	0.23399	0.00436
2	0.00989	0.01118	0.02418	0.07988	0.02277	0.01066	0.74845	0.01342	0.00993	0.01342	0.00853	0.01147	0.00640	0.00364	0.00496	0.00143	0.00706	0.00493	0.00213	0.00566
3	0.00540	0.00432	0.00482	0.00470	0.00597	0.00375	0.00352	0.00682	0.01057	0.01356	0.33241	0.03754	0.53160	0.01000	0.00503	0.00140	0.00210	0.00850	0.00422	0.00375
4	0.00558	0.00423	0.00517	0.00529	0.00626	0.00381	0.00391	0.00703	0.01037	0.01380	0.36916	0.20823	0.27842	0.01049	0.00516	0.00148	0.00225	0.05134	0.00426	0.00376
5	0.01557	0.04714	0.01261	0.01002	0.01289	0.34886	0.00798	0.43262	0.01603	0.01904	0.00947	0.00990	0.02899	0.00491	0.00405	0.00119	0.00583	0.00347	0.00331	0.00612
6	0.00517	0.00374	0.00490	0.00582	0.00614	0.00347	0.00390	0.00594	0.00825	0.01090	0.02477	0.79362	0.08135	0.01316	0.00540	0.00171	0.00245	0.01189	0.00395	0.00347
7	0.88052	0.00823	0.00625	0.00560	0.00823	0.00955	0.00461	0.01251	0.00724	0.01909	0.00592	0.00691	0.00461	0.00395	0.00263	0.00132	0.00329	0.00230	0.00263	0.00461
8	0.14324	0.00767	0.00829	0.00676	0.00927	0.00796	0.00549	0.23621	0.01260	0.22873	0.01242	0.01260	0.00885	0.00493	0.00362	0.00120	0.00335	0.00376	0.27723	0.00582
9	0.88052	0.00823	0.00625	0.00560	0.00823	0.00955	0.00461	0.01251	0.00724	0.01909	0.00592	0.00691	0.00461	0.00395	0.00263	0.00132	0.00329	0.00230	0.00263	0.00461
10	0.01600	0.01217	0.01265	0.00980	0.01313	0.04539	0.00805	0.75599	0.04251	0.02591	0.01028	0.01028	0.00733	0.00510	0.00424	0.00127	0.00476	0.00382	0.00418	0.00713
11	0.01128	0.82468	0.04979	0.00745	0.01118	0.01660	0.00757	0.01277	0.00866	0.01013	0.00597	0.00690	0.00546	0.00365	0.00278	0.00093	0.00461	0.00230	0.00182	0.00549
12	0.00821	0.00673	0.00759	0.00752	0.00898	0.00741	0.00562	0.01516	0.44800	0.01474	0.02006	0.35204	0.01970	0.00913	0.00486	0.00159	0.00304	0.05021	0.00415	0.00527
13	0.00815	0.00768	0.01296	0.80389	0.06478	0.00948	0.01187	0.01097	0.00856	0.01101	0.00758	0.01131	0.00572	0.00423	0.00425	0.00141	0.00564	0.00378	0.00190	0.00482
14	0.10187	0.00592	0.00706	0.00649	0.00840	0.00565	0.00528	0.02799	0.00960	0.14330	0.04195	0.06080	0.01518	0.05267	0.02360	0.00164	0.00350	0.22497	0.11938	0.13476
15	0.00639	0.00432	0.00499	0.00501	0.00543	0.00422	0.00319	0.00716	0.02640	0.02572	0.09324	0.10098	0.09227	0.53957	0.01548	0.00315	0.00351	0.02880	0.02702	0.00314
16	0.02405	0.00957	0.01330	0.15379	0.12147	0.07894	0.11773	0.08996	0.02890	0.01356	0.00908	0.01313	0.00779	0.02888	0.02946	0.04856	0.06297	0.04690	0.00248	0.09947
17	0.00554	0.00407	0.00523	0.00567	0.00624	0.00394	0.00398	0.00652	0.00837	0.01116	0.10219	0.40388	0.14358	0.10929	0.13889	0.00273	0.00402	0.02759	0.00360	0.00350
18	0.00578	0.00416	0.00548	0.02453	0.00698	0.00402	0.00433	0.03284	0.00875	0.01167	0.06263	0.67669	0.04266	0.03479	0.00596	0.01546	0.00271	0.04307	0.00388	0.00361
19	0.01156	0.05197	0.26194	0.02820	0.06550	0.08019	0.04631	0.17506	0.01170	0.06138	0.00910	0.02769	0.00708	0.00448	0.00401	0.00121	0.00524	0.01464	0.00274	0.12999

[dist]
# distance from previous block
# <min> <max>
3	17

[block]
# block no. 3 follows, 62 sequences, length 24
# corresponding to MSA columns:
# 273-296
name=unknown_D
#
# <colnr> <probs for GDERKNQSTAVLIFYWHMCP>
#	G	D	E	R	K	N	Q	S	T	A	V	L	I	F	Y	W	H	M	C	P
0	0.00959	0.00905	0.04223	0.16115	0.26782	0.02496	0.00969	0.05628	0.11163	0.02950	0.08907	0.03146	0.05600	0.00570	0.00501	0.00140	0.05558	0.02529	0.00293	0.00567
1	0.00628	0.00438	0.00632	0.00631	0.00693	0.00489	0.00473	0.00727	0.00696	0.00994	0.05153	0.01825	0.02354	0.09794	0.58712	0.11749	0.00897	0.00479	0.02289	0.00346
2	0.00642	0.00531	0.00661	0.00628	0.00715	0.00572	0.00482	0.00799	0.03168	0.01270	0.22575	0.11218	0.27189	0.04496	0.04422	0.00187	0.15545	0.02050	0.02456	0.00395
3	0.00968	0.35602	0.50441	0.01018	0.01540	0.01268	0.01233	0.01318	0.00885	0.01208	0.00694	0.00812	0.00542	0.00388	0.00352	0.00117	0.00559	0.00279	0.00181	0.00596
4	0.00540	0.00413	0.00480	0.00503	0.00596	0.00371	0.00360	0.00653	0.00938	0.01217	0.16330	0.26926	0.38197	0.04760	0.03106	0.00177	0.00258	0.00927	0.02888	0.00360
5	0.01125	0.81752	0.05673	0.00749	0.01124	0.01654	0.00764	0.01277	0.00866	0.01016	0.00599	0.00692	0.00546	0.00366	0.00279	0.00093	0.00462	0.00231	0.00182	0.00550
6	0.00616	0.00421	0.00508	0.00507	0.00524	0.00435	0.00313	0.00650	0.00646	0.00878	0.03336	0.02584	0.01518	0.67482	0.17446	0.00457	0.00544	0.00592	0.00257	0.00284
7	0.02851	0.04356	0.14834	0.03722	0.15270	0.02408	0.03069	0.07231	0.01061	0.18998	0.02257	0.01085	0.00764	0.00425	0.00404	0.00116	0.01507	0.00351	0.00301	0.18990
8	0.00957	0.12991	0.44986	0.01073	0.03072	0.02775	0.04366	0.04599	0.07286	0.02777	0.05955	0.01178	0.03154	0.00463	0.00401	0.00127	0.00530	0.00371	0.00244	0.02696
9	0.01459	0.01084	0.01208	0.00954	0.01267	0.01195	0.03402	0.54508	0.20191	0.06006	0.01219	0.01190	0.00878	0.00521	0.00426	0.00131	0.00434	0.00412	0.02814	0.00698
10	0.00835	0.00559	0.00664	0.00608	0.00760	0.00557	0.00465	0.02521	0.16574	0.09270	0.39777	0.06521	0.09340	0.00779	0.00463	0.00135	0.00250	0.00672	0.08767	0.00483
11	0.00994	0.03375	0.08214	0.21545	0.32798	0.00959	0.02976	0.06063	0.02341	0.04684	0.00991	0.02819	0.02811	0.04119	0.02047	0.00156	0.01868	0.00416	0.00242	0.00580
12	0.00591	0.00473	0.00643	0.02263	0.06140	0.00441	0.02553	0.00716	0.00920	0.01204	0.12486	0.35743	0.24175	0.05013	0.00594	0.00168	0.00283	0.04833	0.00377	0.00385
13	0.01053	0.01011	0.01727	0.02612	0.82392	0.01011	0.01306	0.01306	0.00969	0.01390	0.00800	0.01053	0.00674	0.00379	0.00421	0.00126	0.00505	0.00379	0.00211	0.00674
14	0.05108	0.01023	0.01379	0.07721	0.33524	0.07204	0.03005	0.12757	0.02847	0.16406	0.01048	0.01155	0.02205	0.00457	0.00438	0.00130	0.02257	0.00389	0.00308	0.00640
15	0.02340	0.05391	0.05205	0.05439	0.19477	0.05007	0.01735	0.03945	0.00949	0.09717	0.02084	0.19635	0.01278	0.05517	0.04668	0.01628	0.00459	0.00571	0.04441	0.00514
16	0.01115	0.00628	0.00751	0.00644	0.00860	0.00592	0.00508	0.07286	0.08989	0.28047	0.14505	0.06661	0.26067	0.00788	0.00468	0.00139	0.00293	0.00662	0.00455	0.00542
17	0.00522	0.00409	0.00478	0.00514	0.00605	0.00365	0.00367	0.00627	0.00917	0.01166	0.10180	0.35506	0.40850	0.01250	0.04058	0.00177	0.00266	0.00990	0.00394	0.00358
18	0.02931	0.03101	0.03606	0.10816	0.12828	0.02017	0.02925	0.04459	0.01858	0.04378	0.04350	0.26936	0.04624	0.02283	0.00579	0.05936	0.00395	0.05205	0.00313	0.00462
19	0.06334	0.05807	0.07723	0.10833	0.09820	0.18488	0.07726	0.13936	0.06250	0.03060	0.00943	0.02812	0.02080	0.00472	0.00424	0.00129	0.01941	0.00380	0.00270	0.00574
20	0.01367	0.15416	0.02476	0.01014	0.02955	0.22748	0.02138	0.27725	0.05760	0.01639	0.00852	0.02213	0.00689	0.00497	0.00489	0.00123	0.09024	0.00344	0.00292	0.02239
21	0.03126	0.06434	0.18226	0.02239	0.07000	0.03598	0.02284	0.13412	0.03116	0.06268	0.01038	0.05467	0.02840	0.00471	0.00388	0.00114	0.00449	0.00382	0.00285	0.22861
22	0.03478	0.00951	0.10360	0.06047	0.13361	0.01810	0.07737	0.03952	0.15206	0.03956	0.08377	0.07825	0.04025	0.05010	0.02879	0.00167	0.00453	0.00522	0.01508	0.02376
23	0.02972	0.00433	0.00586	0.00647	0.02201	0.00416	0.03056	0.00663	0.00793	0.01081	0.02070	0.58972	0.04055	0.16855	0.00835	0.00215	0.00304	0.03145	0.00356	0.00348

[dist]
# distance from previous block
# <min> <max>
2	74

[block]
# block no. 4 follows, 62 sequences, length 16
# corresponding to MSA columns:
# 371-385,387
name=unknown_E
#
# <colnr> <probs for GDERKNQSTAVLIFYWHMCP>
#	G	D	E	R	K	N	Q	S	T	A	V	L	I	F	Y	W	H	M	C	P
0	0.00668	0.03499	0.00645	0.00609	0.00709	0.00511	0.00449	0.06164	0.02269	0.02623	0.06687	0.38678	0.17001	0.04374	0.11320	0.00233	0.00389	0.02405	0.00370	0.00398
1	0.00917	0.11201	0.01226	0.02990	0.07326	0.04418	0.02488	0.05138	0.00887	0.01206	0.07259	0.03053	0.08238	0.05118	0.06454	0.00196	0.28393	0.00462	0.00254	0.02777
2	0.03289	0.00967	0.01083	0.06538	0.01291	0.02422	0.02865	0.20618	0.45827	0.05540	0.01413	0.01372	0.01046	0.00575	0.01693	0.00146	0.00412	0.00438	0.01812	0.00654
3	0.03938	0.30164	0.17730	0.06048	0.03681	0.05752	0.02459	0.09346	0.01019	0.04046	0.00751	0.00863	0.00594	0.00395	0.00349	0.00109	0.00496	0.00292	0.00233	0.11734
4	0.01072	0.02621	0.01337	0.43275	0.11294	0.20996	0.03336	0.05666	0.01031	0.01227	0.03654	0.01095	0.00708	0.00441	0.00417	0.00130	0.00593	0.00368	0.00222	0.00516
5	0.00609	0.00453	0.00669	0.00669	0.00740	0.00524	0.00513	0.00750	0.00679	0.00977	0.01153	0.01747	0.01097	0.08742	0.77854	0.00665	0.01090	0.00467	0.00230	0.00372
6	0.00908	0.01781	0.03176	0.05300	0.13451	0.03219	0.00790	0.06513	0.00950	0.02426	0.12419	0.08816	0.01367	0.02284	0.04065	0.00173	0.22921	0.00509	0.08441	0.00491
7	0.00540	0.00389	0.00516	0.00611	0.00650	0.00365	0.00430	0.00631	0.00843	0.01113	0.02418	0.70853	0.06175	0.01301	0.00547	0.00175	0.00264	0.11433	0.00395	0.00352
8	0.00770	0.00607	0.00846	0.03823	0.04894	0.00656	0.03085	0.03094	0.02417	0.05262	0.13978	0.22946	0.12399	0.01981	0.03833	0.00179	0.14106	0.02877	0.01807	0.00440
9	0.21896	0.00930	0.04264	0.00745	0.01080	0.00879	0.00632	0.20999	0.02970	0.15106	0.00967	0.00993	0.00702	0.00430	0.00354	0.00112	0.00375	0.00318	0.01991	0.24258
10	0.11957	0.00514	0.00586	0.00562	0.00692	0.00520	0.02129	0.03317	0.00904	0.04681	0.05453	0.13925	0.10039	0.03944	0.04605	0.03297	0.00321	0.05187	0.26961	0.00407
11	0.01200	0.73821	0.02089	0.00779	0.01123	0.12941	0.00741	0.01333	0.00912	0.01007	0.00601	0.00694	0.00546	0.00374	0.00288	0.00094	0.00498	0.00234	0.00187	0.00539
12	0.00518	0.00373	0.00491	0.00584	0.00615	0.00346	0.00391	0.00593	0.00822	0.01089	0.02444	0.80717	0.06802	0.01320	0.00541	0.00171	0.00245	0.01194	0.00395	0.00346
13	0.01130	0.01165	0.01319	0.42550	0.13006	0.22072	0.01064	0.10248	0.01087	0.01295	0.00767	0.01017	0.00594	0.00432	0.00414	0.00130	0.00599	0.00352	0.00226	0.00533
14	0.02633	0.21467	0.10823	0.03707	0.12890	0.16120	0.04228	0.05172	0.06804	0.01280	0.00903	0.03870	0.02316	0.00479	0.00443	0.00124	0.05575	0.00365	0.00237	0.00564
15	0.04800	0.00508	0.00608	0.00630	0.02471	0.00499	0.00456	0.00886	0.06888	0.04230	0.17979	0.25982	0.22655	0.02607	0.00553	0.00158	0.02478	0.04800	0.00398	0.00414

[dist]
# distance from previous block
# <min> <max>
3	19

[block]
# block no. 5 follows, 62 sequences, length 35
# corresponding to MSA columns:
# 407-441
name=unknown_F
#
# <colnr> <probs for GDERKNQSTAVLIFYWHMCP>
#	G	D	E	R	K	N	Q	S	T	A	V	L	I	F	Y	W	H	M	C	P
0	0.18218	0.02445	0.07014	0.02179	0.06326	0.02278	0.00630	0.02176	0.00813	0.02745	0.04207	0.08222	0.06522	0.14548	0.09227	0.00240	0.08327	0.00502	0.02942	0.00438
1	0.00802	0.03992	0.00738	0.00654	0.00802	0.02376	0.00493	0.03917	0.23087	0.02857	0.08541	0.17250	0.17182	0.10349	0.00663	0.00176	0.00314	0.03661	0.01680	0.00466
2	0.02697	0.44701	0.04379	0.02165	0.05719	0.14231	0.02049	0.06132	0.03151	0.03163	0.02094	0.01006	0.04183	0.00496	0.02100	0.00120	0.00512	0.00316	0.00235	0.00550
3	0.03789	0.01940	0.05057	0.04182	0.07818	0.00789	0.02813	0.09960	0.07102	0.08571	0.02689	0.03764	0.02372	0.10454	0.00622	0.00149	0.02276	0.00418	0.00308	0.24928
4	0.01289	0.26574	0.12744	0.01069	0.07714	0.12680	0.02172	0.15725	0.07412	0.07439	0.00890	0.00947	0.00684	0.00436	0.00373	0.00117	0.00517	0.00324	0.00278	0.00615
5	0.00719	0.00521	0.00699	0.02461	0.07728	0.00513	0.00514	0.00894	0.02855	0.05780	0.29317	0.21280	0.12024	0.04479	0.00596	0.00156	0.03793	0.00777	0.04465	0.00429
6	0.00932	0.00793	0.00990	0.00768	0.04306	0.00630	0.03647	0.02701	0.02553	0.02990	0.00805	0.00927	0.00656	0.00333	0.00333	0.00073	0.00343	0.00277	0.00261	0.75681
7	0.01064	0.00894	0.00950	0.00856	0.01092	0.01028	0.00665	0.02210	0.77461	0.03704	0.01748	0.03881	0.01335	0.00597	0.00436	0.00145	0.00335	0.00500	0.00434	0.00666
8	0.00522	0.00387	0.00488	0.00558	0.00611	0.00352	0.00382	0.00612	0.00873	0.01144	0.08639	0.63556	0.17822	0.01251	0.00532	0.00164	0.00238	0.01118	0.00400	0.00352
9	0.00565	0.00431	0.00510	0.00493	0.00601	0.00386	0.00363	0.00716	0.01072	0.01431	0.46608	0.05056	0.32573	0.06587	0.00614	0.00157	0.00221	0.00815	0.00426	0.00375
10	0.00519	0.00407	0.00465	0.00501	0.00590	0.00359	0.00353	0.00615	0.00909	0.01143	0.07877	0.35154	0.43690	0.04686	0.00588	0.00166	0.00235	0.00999	0.00394	0.00352
11	0.03048	0.01065	0.01140	0.00916	0.01219	0.01185	0.00743	0.50964	0.25598	0.05827	0.01261	0.01214	0.00912	0.00529	0.00422	0.00132	0.00416	0.00412	0.02300	0.00697
12	0.00853	0.02201	0.82841	0.01213	0.01842	0.00988	0.01572	0.01348	0.00898	0.01348	0.00764	0.00898	0.00539	0.00404	0.00404	0.00135	0.00629	0.00314	0.00180	0.00629
13	0.00809	0.00404	0.00415	0.00414	0.00516	0.00400	0.00310	0.01002	0.00897	0.03584	0.01435	0.05071	0.01162	0.00532	0.00311	0.00103	0.00204	0.00431	0.81596	0.00403
14	0.00747	0.00473	0.00588	0.00557	0.00673	0.00452	0.00426	0.04256	0.01139	0.05731	0.48984	0.08228	0.02987	0.00814	0.00463	0.00133	0.00234	0.05333	0.17357	0.00426
15	0.00555	0.00403	0.00513	0.00588	0.00627	0.00386	0.00396	0.00675	0.04201	0.01108	0.03718	0.67249	0.05829	0.09242	0.00691	0.00193	0.00267	0.02621	0.00385	0.00353
16	0.00793	0.00397	0.00397	0.00397	0.00496	0.00397	0.00297	0.00991	0.00892	0.01586	0.01388	0.01586	0.01091	0.00496	0.00297	0.00099	0.00198	0.00397	0.87408	0.00397
17	0.00608	0.00456	0.00684	0.00684	0.00760	0.00532	0.00532	0.00760	0.00684	0.00988	0.01140	0.01672	0.01064	0.03191	0.83360	0.00684	0.01140	0.00456	0.00228	0.00380
18	0.00637	0.00444	0.00592	0.00667	0.00738	0.00430	0.00510	0.00801	0.03652	0.03524	0.05988	0.46873	0.04087	0.01204	0.00549	0.00176	0.00300	0.28039	0.00402	0.00386
19	0.04162	0.04739	0.18164	0.02801	0.08719	0.02690	0.04500	0.20835	0.06241	0.05301	0.00913	0.01006	0.00685	0.00438	0.00424	0.00121	0.03048	0.00347	0.00291	0.14574
20	0.01036	0.16022	0.07071	0.03158	0.02843	0.02233	0.07294	0.11331	0.04701	0.02787	0.00952	0.07085	0.00829	0.01625	0.00399	0.00110	0.00430	0.00384	0.00274	0.29436
21	0.01127	0.14538	0.19314	0.01154	0.10826	0.06905	0.03877	0.13227	0.04488	0.05553	0.02475	0.03951	0.03444	0.00529	0.01483	0.00132	0.02859	0.00394	0.00275	0.03450
22	0.01087	0.19168	0.29833	0.02381	0.07718	0.02585	0.06629	0.04005	0.06476	0.09384	0.03775	0.01069	0.00792	0.00439	0.00406	0.00125	0.01702	0.00355	0.00257	0.01814
23	0.01464	0.01088	0.01086	0.00885	0.01159	0.12213	0.00711	0.39452	0.06413	0.14848	0.04540	0.01257	0.00969	0.00744	0.07294	0.00172	0.00517	0.00404	0.04152	0.00633
24	0.01328	0.10682	0.12964	0.02563	0.08459	0.16926	0.24011	0.06958	0.02638	0.02528	0.02736	0.01287	0.00877	0.01615	0.00540	0.00164	0.02321	0.00441	0.00296	0.00665
25	0.01150	0.06408	0.09755	0.11990	0.07640	0.10533	0.14101	0.06455	0.02352	0.12522	0.05574	0.06660	0.01029	0.00520	0.00435	0.00133	0.00529	0.01353	0.00294	0.00568
26	0.00574	0.00436	0.00533	0.00563	0.00646	0.00411	0.00401	0.00764	0.06323	0.01312	0.24279	0.41318	0.18643	0.01107	0.00517	0.00155	0.00234	0.00981	0.00417	0.00385
27	0.00525	0.00414	0.00472	0.00502	0.00601	0.00364	0.00363	0.00631	0.00938	0.01181	0.11041	0.29153	0.46282	0.02554	0.00546	0.00158	0.00232	0.03284	0.00400	0.00358
28	0.04117	0.14298	0.04996	0.03948	0.16533	0.12999	0.11882	0.11610	0.01106	0.07552	0.00839	0.01005	0.00662	0.02067	0.00480	0.00131	0.04566	0.00358	0.00259	0.00591
29	0.02200	0.00762	0.05863	0.00749	0.03365	0.03142	0.00569	0.09927	0.10736	0.05284	0.02427	0.05502	0.04489	0.26852	0.11098	0.01978	0.00495	0.00530	0.03576	0.00457
30	0.00608	0.00403	0.00507	0.00521	0.00572	0.00379	0.00355	0.00630	0.00806	0.01060	0.14510	0.17050	0.18305	0.16967	0.01124	0.22869	0.00299	0.02409	0.00326	0.00300
31	0.00989	0.00906	0.02220	0.07152	0.16602	0.08647	0.05279	0.07134	0.08838	0.04514	0.08735	0.04148	0.12151	0.00698	0.02097	0.00149	0.02004	0.05585	0.01618	0.00535
32	0.06879	0.08602	0.07826	0.04721	0.08526	0.09565	0.04250	0.31590	0.05844	0.05435	0.00923	0.00997	0.00688	0.00461	0.00415	0.00127	0.01849	0.00355	0.00317	0.00632
33	0.01046	0.00938	0.04618	0.03864	0.05680	0.11799	0.01957	0.10783	0.06992	0.07935	0.01413	0.07877	0.06398	0.16529	0.07978	0.00235	0.02627	0.00523	0.00313	0.00496
34	0.04225	0.00452	0.00562	0.00570	0.00631	0.00468	0.00396	0.01831	0.00752	0.03360	0.03181	0.20820	0.04441	0.30157	0.23567	0.00386	0.00552	0.00690	0.02611	0.00349

[dist]
# distance from previous block
# <min> <max>
3	9

[block]
# block no. 6 follows, 62 sequences, length 11
# corresponding to MSA columns:
# 451-461
name=unknown_G
#
# <colnr> <probs for GDERKNQSTAVLIFYWHMCP>
#	G	D	E	R	K	N	Q	S	T	A	V	L	I	F	Y	W	H	M	C	P
0	0.16304	0.00886	0.06159	0.00795	0.02254	0.00874	0.00663	0.15429	0.13205	0.12692	0.03613	0.07177	0.03810	0.00640	0.01697	0.00146	0.04238	0.01674	0.07175	0.00568
1	0.00618	0.00404	0.00505	0.00513	0.00566	0.00382	0.00351	0.00616	0.00761	0.00983	0.07669	0.09533	0.23582	0.17957	0.03258	0.28852	0.00334	0.02532	0.00300	0.00285
2	0.00624	0.00456	0.00547	0.00554	0.00658	0.00423	0.00403	0.03425	0.03111	0.03470	0.24612	0.31853	0.26153	0.01064	0.00510	0.00150	0.00238	0.00932	0.00420	0.00396
3	0.00958	0.00728	0.00779	0.00686	0.00877	0.03115	0.00540	0.26833	0.01332	0.03349	0.13595	0.10980	0.26130	0.00852	0.00477	0.00141	0.00328	0.05252	0.02552	0.00496
4	0.00608	0.00456	0.00684	0.00684	0.00760	0.00532	0.00532	0.00760	0.00684	0.00988	0.01140	0.01672	0.01064	0.03191	0.83360	0.00684	0.01140	0.00456	0.00228	0.00380
5	0.00991	0.42433	0.43814	0.00978	0.01479	0.01325	0.01163	0.01312	0.00882	0.01180	0.00680	0.00794	0.00542	0.00385	0.00341	0.00114	0.00545	0.00272	0.00181	0.00589
6	0.00882	0.00756	0.00882	0.00630	0.01008	0.00567	0.00504	0.01071	0.00882	0.01387	0.00756	0.00882	0.00630	0.00315	0.00315	0.00063	0.00315	0.00252	0.00252	0.87647
7	0.00568	0.00445	0.00520	0.00558	0.00673	0.00403	0.00444	0.00698	0.00948	0.01172	0.03385	0.09536	0.47588	0.04648	0.00603	0.00174	0.00283	0.26599	0.00388	0.00365
8	0.53796	0.00931	0.00855	0.00708	0.00998	0.01048	0.00583	0.25382	0.03832	0.07097	0.00827	0.00867	0.00604	0.00444	0.00328	0.00131	0.00373	0.00297	0.00334	0.00563
9	0.48085	0.00692	0.00640	0.00613	0.00797	0.00772	0.00473	0.06051	0.04012	0.01656	0.01241	0.27447	0.01280	0.00815	0.03580	0.00166	0.00343	0.00569	0.00321	0.00446
10	0.10373	0.12883	0.14002	0.02670	0.05677	0.23181	0.03179	0.14187	0.01151	0.02929	0.02183	0.00901	0.00648	0.00429	0.00372	0.00118	0.00555	0.00312	0.00256	0.03996

[dist]
# distance from previous block
# <min> <max>
0	34

[block]
# block no. 7 follows, 62 sequences, length 12
# corresponding to MSA columns:
# 496-507
name=unknown_H
#
# <colnr> <probs for GDERKNQSTAVLIFYWHMCP>
#	G	D	E	R	K	N	Q	S	T	A	V	L	I	F	Y	W	H	M	C	P
0	0.06648	0.67943	0.01991	0.00808	0.03919	0.03629	0.00734	0.04076	0.04827	0.01169	0.00671	0.00754	0.00588	0.00384	0.00293	0.00099	0.00451	0.00252	0.00210	0.00556
1	0.05322	0.01128	0.05973	0.23435	0.09496	0.12927	0.06595	0.12197	0.02891	0.11572	0.00970	0.01201	0.00737	0.00469	0.00422	0.00134	0.00543	0.03125	0.00287	0.00577
2	0.00617	0.00418	0.00492	0.00492	0.00502	0.00428	0.00293	0.00637	0.00627	0.00846	0.01315	0.02643	0.01485	0.74634	0.12494	0.00447	0.00505	0.00598	0.00254	0.00273
3	0.79905	0.00822	0.00647	0.00573	0.00835	0.00944	0.00471	0.04980	0.00796	0.01910	0.00786	0.00865	0.04275	0.00432	0.00282	0.00132	0.00330	0.00269	0.00277	0.00468
4	0.01193	0.03164	0.21114	0.08616	0.09570	0.05569	0.05442	0.14218	0.08892	0.12468	0.02314	0.02490	0.02055	0.00484	0.00424	0.00133	0.00512	0.00405	0.00309	0.00627
5	0.00670	0.00549	0.00657	0.00617	0.00769	0.00536	0.02711	0.01029	0.16241	0.01462	0.28236	0.03313	0.32578	0.00906	0.00497	0.00145	0.00264	0.07958	0.00420	0.00441
6	0.00686	0.00490	0.00686	0.00784	0.00882	0.00490	0.00686	0.00882	0.00980	0.01273	0.02253	0.04800	0.02449	0.01175	0.00588	0.00196	0.00392	0.79528	0.00392	0.00392
7	0.01035	0.00917	0.05855	0.02386	0.03040	0.05728	0.18970	0.03083	0.09370	0.13755	0.14653	0.07823	0.07292	0.00720	0.03270	0.00157	0.00470	0.00579	0.00355	0.00542
8	0.01185	0.10626	0.10276	0.07037	0.08593	0.08046	0.14460	0.09580	0.05770	0.10683	0.00988	0.03473	0.00774	0.00542	0.02609	0.00146	0.03934	0.00404	0.00280	0.00594
9	0.01589	0.02028	0.01206	0.01096	0.01315	0.83338	0.00822	0.01699	0.01206	0.01041	0.00658	0.00767	0.00548	0.00438	0.00384	0.00110	0.00767	0.00274	0.00219	0.00493
10	0.00518	0.00370	0.00494	0.00592	0.00617	0.00346	0.00395	0.00592	0.00815	0.01086	0.02345	0.84768	0.02814	0.01333	0.00543	0.00173	0.00247	0.01210	0.00395	0.00346
11	0.03094	0.00800	0.01163	0.18231	0.07521	0.00837	0.08686	0.16632	0.01148	0.11416	0.01570	0.09469	0.10922	0.00665	0.00489	0.02442	0.00443	0.03599	0.00334	0.00540

[dist]
# distance from previous block
# <min> <max>
0	1

[block]
# block no. 8 follows, 62 sequences, length 23
# corresponding to MSA columns:
# 509-531
name=unknown_I
#
# <colnr> <probs for GDERKNQSTAVLIFYWHMCP>
#	G	D	E	R	K	N	Q	S	T	A	V	L	I	F	Y	W	H	M	C	P
0	0.05743	0.01147	0.02660	0.05261	0.04548	0.13789	0.07332	0.27661	0.12180	0.02742	0.01152	0.03757	0.01869	0.02162	0.00459	0.00139	0.00498	0.03844	0.02463	0.00592
1	0.00804	0.00756	0.01276	0.84023	0.02931	0.00945	0.01182	0.01087	0.00851	0.01087	0.00756	0.01134	0.00567	0.00425	0.00425	0.00142	0.00567	0.00378	0.00189	0.00473
2	0.48153	0.03311	0.01105	0.02185	0.04377	0.16187	0.10369	0.04440	0.00909	0.01626	0.00663	0.00803	0.00525	0.00414	0.00369	0.00130	0.03392	0.00290	0.00248	0.00502
3	0.00511	0.00400	0.00463	0.00513	0.00596	0.00352	0.00360	0.00601	0.00891	0.01117	0.03313	0.45056	0.41902	0.01207	0.00523	0.00158	0.00231	0.01056	0.00395	0.00352
4	0.01170	0.14382	0.27372	0.01112	0.05498	0.16441	0.03132	0.14592	0.02479	0.01444	0.00809	0.00975	0.00645	0.03780	0.00483	0.00134	0.02900	0.00331	0.01735	0.00585
5	0.00581	0.00421	0.00562	0.00652	0.00715	0.00402	0.00500	0.00704	0.00890	0.01163	0.02471	0.47624	0.09191	0.01252	0.00557	0.00179	0.00300	0.31078	0.00394	0.00364
6	0.00882	0.00783	0.01107	0.00834	0.01159	0.00666	0.12790	0.04213	0.00928	0.01379	0.00975	0.08903	0.00895	0.00571	0.03819	0.00119	0.02197	0.02056	0.00267	0.55457
7	0.01182	0.00993	0.01017	0.00890	0.01144	0.04617	0.00701	0.14813	0.61789	0.03697	0.01582	0.01531	0.01195	0.00573	0.00433	0.00141	0.00378	0.02233	0.00424	0.00669
8	0.00591	0.00413	0.00513	0.00566	0.00594	0.00402	0.00371	0.02847	0.00786	0.01046	0.01951	0.50158	0.02294	0.30796	0.01113	0.00257	0.00318	0.04309	0.00347	0.00327
9	0.00897	0.02921	0.05090	0.00900	0.01068	0.13527	0.07173	0.05172	0.02765	0.01249	0.01640	0.20170	0.03606	0.04621	0.00623	0.00171	0.04988	0.22648	0.00321	0.00449
10	0.00990	0.04333	0.11314	0.05813	0.30549	0.00894	0.02797	0.03479	0.05320	0.07310	0.06863	0.01673	0.07948	0.02293	0.00504	0.00141	0.03189	0.03719	0.00287	0.00583
11	0.00634	0.00478	0.00613	0.00613	0.00663	0.02569	0.00437	0.00728	0.00677	0.00933	0.01231	0.04203	0.01271	0.32616	0.49821	0.00558	0.00845	0.00530	0.00243	0.00338
12	0.10728	0.01174	0.00979	0.03190	0.01144	0.26484	0.00631	0.05626	0.01027	0.03381	0.00760	0.00904	0.00624	0.02590	0.00391	0.00102	0.00477	0.00281	0.00258	0.39250
13	0.01301	0.19179	0.01355	0.00894	0.01190	0.09494	0.00742	0.26229	0.31782	0.01817	0.01162	0.01138	0.00886	0.00497	0.00392	0.00124	0.00446	0.00376	0.00356	0.00644
14	0.00661	0.00560	0.02847	0.00860	0.11252	0.00491	0.00554	0.00816	0.02700	0.02354	0.06848	0.48091	0.11113	0.01018	0.00494	0.00150	0.00293	0.00912	0.00361	0.07624
15	0.01064	0.14629	0.31335	0.02627	0.05031	0.03138	0.06410	0.04260	0.04755	0.10391	0.01037	0.05849	0.01915	0.00511	0.00438	0.02564	0.00512	0.00399	0.00262	0.02873
16	0.01404	0.02289	0.01258	0.02657	0.20625	0.02599	0.00854	0.30396	0.06563	0.18790	0.01280	0.05291	0.02962	0.00536	0.00430	0.00131	0.00437	0.00446	0.00382	0.00670
17	0.00797	0.00794	0.03371	0.27520	0.05562	0.00834	0.21188	0.01056	0.00836	0.01142	0.00923	0.01321	0.00770	0.01399	0.30219	0.00336	0.00810	0.00436	0.00210	0.00478
18	0.01089	0.00812	0.02599	0.01054	0.11689	0.03079	0.06057	0.10082	0.03462	0.16321	0.07825	0.11496	0.09575	0.02064	0.04608	0.00170	0.04841	0.00580	0.00360	0.02235
19	0.01191	0.04595	0.16180	0.03185	0.11672	0.04759	0.15122	0.19750	0.01230	0.08167	0.06030	0.02250	0.00908	0.00477	0.00457	0.00132	0.02560	0.00418	0.00298	0.00620
20	0.00744	0.00649	0.01016	0.53728	0.02069	0.00783	0.00880	0.00934	0.00775	0.01010	0.00964	0.03791	0.00910	0.23903	0.03250	0.00234	0.03272	0.00468	0.00214	0.00407
21	0.00590	0.00394	0.00490	0.00529	0.00541	0.00387	0.00330	0.00608	0.00691	0.00924	0.01672	0.34397	0.01953	0.42764	0.04152	0.07796	0.00368	0.00821	0.00304	0.00290
22	0.01070	0.03737	0.14625	0.07252	0.16799	0.02710	0.09359	0.08789	0.08631	0.06507	0.05076	0.01239	0.02237	0.00475	0.00469	0.00131	0.04440	0.00408	0.00282	0.05762

[dist]
# distance from previous block
# <min> <max>
2	19

[block]
# block no. 9 follows, 62 sequences, length 9
# corresponding to MSA columns:
# 552-560
name=unknown_J
#
# <colnr> <probs for GDERKNQSTAVLIFYWHMCP>
#	G	D	E	R	K	N	Q	S	T	A	V	L	I	F	Y	W	H	M	C	P
0	0.00903	0.00622	0.00746	0.02305	0.00882	0.00622	0.00526	0.06710	0.15525	0.10999	0.24870	0.10539	0.12672	0.00871	0.02912	0.00155	0.00314	0.03160	0.00425	0.04243
1	0.02427	0.02698	0.03166	0.10469	0.18389	0.03765	0.05559	0.07420	0.01000	0.07390	0.05241	0.05271	0.08276	0.03083	0.02786	0.03998	0.07764	0.00490	0.00285	0.00524
2	0.05144	0.00548	0.00626	0.00592	0.00743	0.00529	0.00452	0.08265	0.03024	0.09496	0.12961	0.21634	0.24881	0.00928	0.00476	0.00145	0.00273	0.03640	0.05197	0.00447
3	0.03206	0.03810	0.05242	0.04293	0.08720	0.02850	0.06892	0.13861	0.24338	0.14051	0.03243	0.05406	0.01079	0.00540	0.00430	0.00136	0.00434	0.00462	0.00369	0.00636
4	0.01211	0.39079	0.01635	0.00955	0.06585	0.14339	0.00766	0.08369	0.18176	0.01347	0.00995	0.01034	0.02928	0.00454	0.00354	0.00112	0.00477	0.00330	0.00270	0.00584
5	0.00702	0.06174	0.00751	0.00714	0.00830	0.00565	0.00598	0.03144	0.02688	0.01279	0.05443	0.18811	0.08883	0.01098	0.00540	0.00175	0.00349	0.46465	0.00383	0.00407
6	0.03331	0.05411	0.04428	0.00910	0.08425	0.03242	0.00670	0.13820	0.00990	0.08934	0.01048	0.03551	0.00937	0.00997	0.03761	0.31191	0.00450	0.07167	0.00285	0.00451
7	0.00930	0.14283	0.19799	0.02287	0.01278	0.06895	0.08436	0.02698	0.07485	0.01236	0.04726	0.05125	0.01023	0.08410	0.06497	0.02060	0.04399	0.00436	0.01487	0.00509
8	0.00597	0.00484	0.00670	0.00624	0.00747	0.00461	0.05797	0.00749	0.00943	0.01246	0.21282	0.06588	0.30268	0.06219	0.17277	0.00269	0.00453	0.04583	0.00359	0.00383

[dist]
# distance from previous block
# <min> <max>
1	12

[block]
# block no. 10 follows, 62 sequences, length 34
# corresponding to MSA columns:
# 573-606
name=unknown_K
#
# <colnr> <probs for GDERKNQSTAVLIFYWHMCP>
#	G	D	E	R	K	N	Q	S	T	A	V	L	I	F	Y	W	H	M	C	P
0	0.01264	0.04040	0.12861	0.03164	0.02873	0.19168	0.09229	0.09958	0.08327	0.10607	0.02248	0.01071	0.00765	0.00465	0.00462	0.00125	0.05061	0.00365	0.00292	0.07655
1	0.02175	0.08498	0.07454	0.02409	0.05521	0.02207	0.06014	0.08228	0.00816	0.01097	0.00762	0.01137	0.00684	0.01013	0.01110	0.49487	0.00448	0.00359	0.00212	0.00371
2	0.00544	0.00433	0.00480	0.00491	0.00600	0.00387	0.00354	0.00684	0.03305	0.01215	0.14832	0.18690	0.48819	0.06482	0.00615	0.00165	0.00235	0.00907	0.00398	0.00365
3	0.04711	0.13052	0.07667	0.00979	0.01332	0.07156	0.03010	0.25484	0.07825	0.03491	0.01135	0.02712	0.02174	0.00558	0.00443	0.00140	0.00502	0.00401	0.00362	0.16866
4	0.07239	0.16410	0.11656	0.02983	0.03162	0.02969	0.07523	0.10099	0.04303	0.08176	0.02978	0.01149	0.01722	0.01748	0.00432	0.00123	0.02681	0.01763	0.00282	0.12603
5	0.01041	0.17674	0.26934	0.01106	0.07504	0.04821	0.05987	0.08902	0.03341	0.04101	0.06068	0.04922	0.03078	0.00499	0.00402	0.00125	0.00504	0.00410	0.00263	0.02316
6	0.02927	0.11002	0.66502	0.01109	0.01671	0.01048	0.01383	0.01356	0.04330	0.01336	0.00879	0.00987	0.02808	0.00426	0.00391	0.00131	0.00579	0.00326	0.00199	0.00611
7	0.00848	0.00749	0.01192	0.06641	0.30399	0.02250	0.06247	0.01048	0.00946	0.02957	0.04437	0.19800	0.04196	0.00773	0.00502	0.00152	0.01699	0.14352	0.00302	0.00510
8	0.02262	0.02267	0.04854	0.10300	0.15966	0.10523	0.18189	0.06828	0.04633	0.09883	0.02646	0.04581	0.00898	0.00494	0.00456	0.00136	0.01745	0.02472	0.00284	0.00583
9	0.00854	0.00784	0.01320	0.73387	0.11611	0.00946	0.01184	0.01131	0.00871	0.02790	0.00780	0.01132	0.00589	0.00422	0.00425	0.00140	0.00556	0.00379	0.00198	0.00500
10	0.00524	0.00404	0.00478	0.00518	0.00602	0.00359	0.00366	0.00629	0.00932	0.01198	0.14136	0.40267	0.35734	0.01164	0.00521	0.00155	0.00228	0.01021	0.00405	0.00359
11	0.03089	0.04276	0.01426	0.09234	0.25264	0.19112	0.02207	0.21862	0.03464	0.01611	0.00827	0.00981	0.00653	0.00449	0.00445	0.00126	0.03741	0.00353	0.00271	0.00610
12	0.06696	0.00948	0.01340	0.27768	0.17416	0.02948	0.05267	0.15521	0.06611	0.08708	0.00949	0.01118	0.00705	0.00450	0.00432	0.00135	0.01717	0.00385	0.00288	0.00597
13	0.00524	0.00374	0.00488	0.00580	0.00612	0.00347	0.00389	0.00603	0.00824	0.01101	0.02418	0.78956	0.06617	0.01301	0.00536	0.00170	0.00244	0.01176	0.02392	0.00347
14	0.00908	0.01817	0.53556	0.01424	0.01981	0.01020	0.30472	0.01353	0.00937	0.01353	0.00799	0.00989	0.00578	0.00388	0.00440	0.00138	0.00661	0.00383	0.00193	0.00609
15	0.00611	0.00425	0.00516	0.02795	0.00609	0.00423	0.00358	0.00657	0.00712	0.00939	0.01703	0.16499	0.04748	0.56196	0.01608	0.00331	0.00380	0.09895	0.00299	0.00297
16	0.00523	0.00388	0.00489	0.00562	0.00615	0.00354	0.00387	0.00612	0.00867	0.01132	0.06502	0.63253	0.18567	0.01257	0.00534	0.00166	0.00242	0.02798	0.00398	0.00352
17	0.01138	0.85302	0.02230	0.00728	0.01092	0.01684	0.00728	0.01274	0.00865	0.01001	0.00592	0.00683	0.00546	0.00364	0.00273	0.00091	0.00455	0.00228	0.00182	0.00546
18	0.00853	0.02201	0.82841	0.01213	0.01842	0.00988	0.01572	0.01348	0.00898	0.01348	0.00764	0.00898	0.00539	0.00404	0.00404	0.00135	0.00629	0.00314	0.00180	0.00629
19	0.00572	0.00458	0.00561	0.05084	0.00753	0.00440	0.00429	0.00725	0.02716	0.01266	0.21765	0.23668	0.34196	0.02459	0.00559	0.00154	0.02533	0.00889	0.00394	0.00380
20	0.00853	0.02201	0.82841	0.01213	0.01842	0.00988	0.01572	0.01348	0.00898	0.01348	0.00764	0.00898	0.00539	0.00404	0.00404	0.00135	0.00629	0.00314	0.00180	0.00629
21	0.00853	0.02201	0.82841	0.01213	0.01842	0.00988	0.01572	0.01348	0.00898	0.01348	0.00764	0.00898	0.00539	0.00404	0.00404	0.00135	0.00629	0.00314	0.00180	0.00629
22	0.00541	0.00395	0.00479	0.00533	0.00594	0.00361	0.00367	0.00618	0.00849	0.01101	0.04519	0.46922	0.25521	0.07404	0.00688	0.03526	0.00255	0.02539	0.02448	0.00340
23	0.01113	0.05974	0.12112	0.14436	0.27403	0.15383	0.04814	0.03042	0.01017	0.05179	0.03390	0.02623	0.00773	0.00441	0.00414	0.00127	0.00562	0.00380	0.00235	0.00582
24	0.00526	0.00391	0.00491	0.00553	0.00611	0.00355	0.00382	0.00623	0.00895	0.01178	0.12911	0.58477	0.18604	0.01224	0.00530	0.00162	0.00235	0.01092	0.00404	0.00355
25	0.00554	0.00412	0.00523	0.00596	0.00666	0.00382	0.00443	0.00665	0.00895	0.01156	0.04545	0.46727	0.21074	0.01229	0.00543	0.00170	0.00271	0.18394	0.00396	0.00360
26	0.00817	0.00776	0.00981	0.00876	0.01013	0.12373	0.14817	0.02667	0.00933	0.02513	0.04575	0.44202	0.01956	0.08646	0.00656	0.00177	0.00425	0.00849	0.00331	0.00416
27	0.01219	0.02430	0.14243	0.10324	0.14514	0.02811	0.03649	0.29204	0.08779	0.04736	0.01023	0.03375	0.00783	0.00484	0.00425	0.00133	0.00503	0.00404	0.00315	0.00646
