[name]
unknown

[dist]
# distance from previous block
# <min> <max>
0	62

[block]
# block no. 0 follows, 70 sequences, length 19
# corresponding to MSA columns:
# 62-80
name=unknown_A
#
# <colnr> <probs for GDERKNQSTAVLIFYWHMCP>
#	G	D	E	R	K	N	Q	S	T	A	V	L	I	F	Y	W	H	M	C	P
0	0.00968	0.04003	0.00976	0.02463	0.10710	0.08524	0.00737	0.19949	0.04477	0.01457	0.01404	0.02520	0.01381	0.00722	0.00447	0.00143	0.00420	0.37894	0.00322	0.00483
1	0.01332	0.32213	0.01447	0.00811	0.01110	0.15318	0.00699	0.33155	0.01270	0.08026	0.00780	0.00810	0.00597	0.00407	0.00331	0.00102	0.00460	0.00284	0.00283	0.00565
2	0.01096	0.28078	0.10493	0.03920	0.01175	0.03020	0.00742	0.21928	0.01075	0.04837	0.00733	0.00809	0.00573	0.00377	0.00337	0.00096	0.01944	0.00273	0.00249	0.18247
3	0.00484	0.00342	0.00446	0.00524	0.00544	0.00323	0.00343	0.00543	0.00719	0.00958	0.02015	0.75040	0.02411	0.12506	0.00691	0.00186	0.00245	0.01031	0.00343	0.00304
4	0.01035	0.02558	0.04058	0.00730	0.00922	0.04199	0.00586	0.31631	0.01203	0.09573	0.01473	0.37335	0.01485	0.00778	0.00429	0.00133	0.00348	0.00665	0.00364	0.00497
5	0.01398	0.12274	0.06121	0.00905	0.04365	0.02661	0.07104	0.19888	0.04522	0.35165	0.01108	0.01067	0.00761	0.00434	0.00374	0.00115	0.00414	0.00353	0.00357	0.00614
6	0.10167	0.10028	0.01643	0.01176	0.01480	0.28254	0.35132	0.05373	0.00981	0.01224	0.00681	0.00842	0.00536	0.00361	0.00375	0.00114	0.00596	0.00334	0.00208	0.00493
7	0.00501	0.00380	0.00505	0.00571	0.00596	0.00384	0.00395	0.00571	0.00736	0.00988	0.02083	0.76102	0.05715	0.01163	0.00554	0.00157	0.06899	0.01031	0.00345	0.00324
8	0.01332	0.01366	0.01185	0.01004	0.02438	0.41320	0.09096	0.23649	0.01248	0.05539	0.00877	0.07506	0.00738	0.00477	0.00385	0.00113	0.00561	0.00373	0.00277	0.00517
9	0.01593	0.00833	0.02841	0.00866	0.05431	0.03965	0.03527	0.15311	0.01203	0.58289	0.01307	0.01191	0.00850	0.00460	0.00390	0.00119	0.00384	0.00375	0.00422	0.00643
10	0.00549	0.00373	0.00424	0.00433	0.00442	0.00367	0.00251	0.00561	0.00599	0.00792	0.01457	0.11166	0.05844	0.73175	0.01742	0.00341	0.00351	0.00632	0.00254	0.00248
11	0.00912	0.00866	0.01469	0.05654	0.74097	0.00871	0.01120	0.01131	0.00867	0.01234	0.00838	0.07616	0.00762	0.00415	0.00393	0.00119	0.00444	0.00405	0.00204	0.00583
12	0.01257	0.05486	0.01274	0.01260	0.19346	0.33537	0.03975	0.13383	0.09548	0.04743	0.00818	0.00904	0.00641	0.00412	0.00382	0.00111	0.01803	0.00318	0.00255	0.00547
13	0.00977	0.00909	0.01489	0.13351	0.57932	0.00945	0.05158	0.09144	0.03847	0.01355	0.00776	0.00988	0.00624	0.00368	0.00389	0.00119	0.00469	0.00354	0.00216	0.00589
14	0.00494	0.00375	0.00456	0.00475	0.00556	0.00336	0.00341	0.00611	0.00910	0.01203	0.30945	0.31359	0.28541	0.00995	0.00470	0.00137	0.00201	0.00874	0.00383	0.00336
15	0.00921	0.00993	0.05720	0.30919	0.43033	0.09498	0.01118	0.01160	0.00864	0.01136	0.00700	0.00951	0.00562	0.00367	0.00381	0.00119	0.00510	0.00332	0.00184	0.00532
16	0.01275	0.01112	0.01023	0.05051	0.01171	0.20978	0.00687	0.31999	0.13529	0.07454	0.07299	0.01129	0.00938	0.00473	0.00381	0.00114	0.00447	0.00363	0.00336	0.04241
17	0.14462	0.00882	0.01007	0.00922	0.09533	0.05034	0.02632	0.18095	0.12962	0.22974	0.01062	0.01046	0.00756	0.00431	0.00360	0.00115	0.00378	0.00341	0.00345	0.06662
18	0.02793	0.00805	0.00901	0.00685	0.01000	0.00754	0.00552	0.21097	0.12210	0.05596	0.00906	0.00943	0.00693	0.00374	0.00330	0.00086	0.00326	0.00294	0.00303	0.49352

[dist]
# distance from previous block
# <min> <max>
28	154

[block]
# block no. 1 follows, 70 sequences, length 26
# corresponding to MSA columns:
# 257-282
name=unknown_B
#
# <colnr> <probs for GDERKNQSTAVLIFYWHMCP>
#	G	D	E	R	K	N	Q	S	T	A	V	L	I	F	Y	W	H	M	C	P
0	0.10651	0.03131	0.05007	0.07851	0.02900	0.03914	0.08772	0.02992	0.12218	0.18788	0.01175	0.05772	0.01703	0.03845	0.03903	0.00157	0.02493	0.03915	0.00306	0.00509
1	0.14467	0.07652	0.09945	0.07467	0.01229	0.15088	0.04181	0.10114	0.10995	0.05248	0.00955	0.03806	0.02736	0.00514	0.02614	0.00130	0.00468	0.00347	0.00264	0.01783
2	0.07327	0.11270	0.12576	0.02058	0.07869	0.10860	0.04192	0.12877	0.09886	0.07907	0.00854	0.00913	0.00645	0.00395	0.00348	0.00109	0.00448	0.00308	0.00265	0.08894
3	0.09377	0.00589	0.00653	0.00606	0.00751	0.04754	0.00474	0.00973	0.01946	0.14235	0.08798	0.16354	0.17722	0.00866	0.03904	0.00154	0.06327	0.07115	0.00340	0.04064
4	0.08103	0.14938	0.01135	0.00771	0.02223	0.06012	0.00632	0.31932	0.09134	0.05005	0.04093	0.01958	0.03089	0.00454	0.00348	0.00107	0.00385	0.00342	0.00315	0.09024
5	0.43197	0.00991	0.05792	0.02200	0.06969	0.11834	0.01497	0.11125	0.00913	0.04942	0.00776	0.06769	0.00654	0.00443	0.00319	0.00120	0.00399	0.00321	0.00261	0.00480
6	0.10021	0.00937	0.01044	0.07164	0.07024	0.02750	0.00719	0.41847	0.14017	0.04807	0.01032	0.05140	0.00802	0.00486	0.00378	0.00122	0.00397	0.00384	0.00342	0.00587
7	0.00897	0.00877	0.01128	0.03026	0.01056	0.06042	0.02237	0.04294	0.00706	0.01976	0.00619	0.02223	0.00594	0.04093	0.01082	0.00161	0.61797	0.00350	0.00194	0.06649
8	0.00619	0.08925	0.00667	0.04683	0.00730	0.00478	0.00435	0.00702	0.00768	0.05833	0.01886	0.64205	0.04365	0.01041	0.00483	0.02317	0.00266	0.00908	0.00334	0.00355
9	0.01422	0.01134	0.01108	0.00882	0.01165	0.12065	0.00714	0.61966	0.06507	0.05241	0.00982	0.03300	0.00733	0.00482	0.00386	0.00116	0.00446	0.00364	0.00366	0.00620
10	0.00923	0.00764	0.00826	0.00749	0.00947	0.00861	0.00586	0.09752	0.57804	0.01605	0.05008	0.07683	0.04752	0.00630	0.00414	0.00134	0.00306	0.05306	0.00389	0.00560
11	0.00951	0.01008	0.01658	0.14538	0.33113	0.09893	0.27560	0.01201	0.00900	0.01179	0.00775	0.01094	0.00637	0.00378	0.00410	0.00123	0.00554	0.03300	0.00197	0.00530
12	0.00481	0.00352	0.00454	0.00533	0.00574	0.00326	0.00370	0.00560	0.00771	0.01009	0.02365	0.69731	0.13155	0.01174	0.00493	0.00155	0.00230	0.06587	0.00360	0.00319
13	0.00668	0.00679	0.06623	0.00758	0.00835	0.04049	0.00633	0.00793	0.00764	0.01046	0.05475	0.34785	0.01761	0.00928	0.00700	0.00158	0.23943	0.14734	0.00290	0.00379
14	0.00651	0.03771	0.09973	0.00690	0.00806	0.00623	0.00582	0.00847	0.08972	0.01041	0.01597	0.38227	0.07216	0.00937	0.00677	0.08925	0.13092	0.00703	0.00287	0.00383
15	0.01692	0.00692	0.00914	0.00706	0.01003	0.00623	0.00581	0.06692	0.04467	0.76036	0.01496	0.01302	0.00951	0.00481	0.00390	0.00120	0.00335	0.00389	0.00471	0.00658
16	0.00850	0.00658	0.00737	0.00641	0.00818	0.00696	0.00502	0.19927	0.20658	0.01715	0.35721	0.02199	0.11920	0.00677	0.00427	0.00124	0.00270	0.00572	0.00402	0.00488
17	0.00840	0.22438	0.64482	0.00998	0.01513	0.01053	0.01247	0.01212	0.00811	0.01152	0.00658	0.00771	0.00493	0.00359	0.00339	0.00113	0.00535	0.00267	0.00164	0.00555
18	0.00577	0.00434	0.00609	0.00600	0.00667	0.00494	0.00454	0.00738	0.03998	0.00956	0.06899	0.01742	0.01219	0.14015	0.62564	0.00525	0.02476	0.00455	0.00234	0.00345
19	0.00463	0.00385	0.00404	0.00416	0.00531	0.00327	0.00306	0.00559	0.00869	0.01052	0.05758	0.15500	0.70078	0.01010	0.00463	0.00134	0.00200	0.00856	0.00362	0.00327
20	0.00938	0.00939	0.01722	0.06241	0.60641	0.00932	0.20414	0.01192	0.00885	0.01247	0.00740	0.00983	0.00603	0.00343	0.00401	0.00120	0.00509	0.00372	0.00192	0.00584
21	0.02445	0.02435	0.20425	0.06336	0.26273	0.00972	0.18826	0.11653	0.04335	0.01404	0.00786	0.00956	0.00599	0.00372	0.00393	0.00121	0.00517	0.00356	0.00219	0.00575
22	0.00889	0.00835	0.01399	0.15154	0.16020	0.02485	0.20837	0.05414	0.00887	0.04204	0.05388	0.01240	0.04136	0.00638	0.06483	0.00166	0.12690	0.00415	0.00228	0.00492
23	0.21035	0.42175	0.05443	0.00687	0.00961	0.03240	0.00645	0.02284	0.00798	0.06115	0.04834	0.00818	0.00671	0.00408	0.00373	0.00107	0.08443	0.00263	0.00219	0.00481
24	0.05525	0.09096	0.11600	0.16339	0.20470	0.03323	0.09997	0.01174	0.01828	0.05680	0.00751	0.00975	0.00600	0.02223	0.02939	0.00141	0.06283	0.00337	0.00204	0.00514
25	0.00970	0.00869	0.07075	0.00666	0.01002	0.06309	0.00573	0.04747	0.00915	0.10504	0.03918	0.00940	0.00726	0.00349	0.00320	0.00077	0.00343	0.00276	0.00265	0.59156

[dist]
# distance from previous block
# <min> <max>
0	5

[block]
# block no. 2 follows, 70 sequences, length 12
# corresponding to MSA columns:
# 288-299
name=unknown_C
#
# <colnr> <probs for GDERKNQSTAVLIFYWHMCP>
#	G	D	E	R	K	N	Q	S	T	A	V	L	I	F	Y	W	H	M	C	P
0	0.00526	0.00390	0.00491	0.00477	0.00568	0.00354	0.00353	0.00684	0.01027	0.01414	0.62407	0.11193	0.16949	0.00866	0.00461	0.00127	0.00189	0.00760	0.00409	0.00354
1	0.01091	0.00859	0.00984	0.02229	0.05387	0.05330	0.02436	0.27258	0.03394	0.07400	0.01031	0.11822	0.00896	0.00502	0.00388	0.00106	0.01904	0.00412	0.00313	0.26260
2	0.00514	0.00398	0.00456	0.00459	0.00552	0.00362	0.00331	0.00649	0.03187	0.01160	0.24515	0.14245	0.38333	0.10601	0.00634	0.00161	0.00223	0.02523	0.00365	0.00334
3	0.04887	0.15588	0.09401	0.05447	0.05907	0.22363	0.00774	0.13712	0.02129	0.06440	0.00844	0.03314	0.01772	0.03907	0.00413	0.00119	0.00489	0.00325	0.00248	0.01920
4	0.00983	0.15303	0.30500	0.01336	0.19555	0.02920	0.10722	0.07386	0.02179	0.04465	0.00749	0.00879	0.00572	0.00367	0.00365	0.00115	0.00511	0.00317	0.00207	0.00571
5	0.00472	0.00354	0.00439	0.00501	0.00554	0.00320	0.00344	0.00552	0.00793	0.01029	0.06201	0.62226	0.22529	0.01139	0.00484	0.00149	0.00216	0.01015	0.00363	0.00320
6	0.00843	0.01054	0.19158	0.03090	0.05936	0.00803	0.29104	0.06189	0.02821	0.03302	0.01177	0.12883	0.03116	0.00553	0.00434	0.00134	0.00493	0.06900	0.01508	0.00502
7	0.07219	0.14764	0.03179	0.05625	0.05798	0.12330	0.11771	0.27035	0.04507	0.01562	0.00767	0.00870	0.00591	0.00403	0.00375	0.00113	0.01962	0.00320	0.00261	0.00548
8	0.00662	0.00537	0.00733	0.00694	0.00778	0.00642	0.00551	0.04150	0.07173	0.01039	0.01187	0.01599	0.05454	0.02145	0.55796	0.00459	0.13016	0.02757	0.00237	0.00390
9	0.00484	0.00353	0.00459	0.00539	0.00579	0.00328	0.00376	0.00565	0.00771	0.01011	0.02323	0.70049	0.11324	0.01177	0.00494	0.00156	0.00233	0.08099	0.00360	0.00320
10	0.06573	0.01039	0.01128	0.01010	0.10258	0.07280	0.00743	0.50395	0.01487	0.14812	0.00954	0.00959	0.00675	0.00443	0.00376	0.00116	0.00428	0.00339	0.00358	0.00625
11	0.01986	0.00527	0.06434	0.00552	0.00649	0.00443	0.00430	0.02239	0.03505	0.02194	0.04199	0.25479	0.11634	0.26303	0.02697	0.00222	0.00325	0.06788	0.03053	0.00340

[dist]
# distance from previous block
# <min> <max>
3	36

[block]
# block no. 3 follows, 70 sequences, length 16
# corresponding to MSA columns:
# 336-351
name=unknown_D
#
# <colnr> <probs for GDERKNQSTAVLIFYWHMCP>
#	G	D	E	R	K	N	Q	S	T	A	V	L	I	F	Y	W	H	M	C	P
0	0.01008	0.00858	0.01043	0.01138	0.20380	0.10544	0.04196	0.06355	0.12601	0.09635	0.05045	0.13900	0.01180	0.03904	0.00461	0.00130	0.00397	0.00487	0.00303	0.06435
1	0.00531	0.00602	0.12995	0.00603	0.00729	0.00413	0.00516	0.00680	0.00832	0.01137	0.17598	0.51356	0.08550	0.00990	0.00466	0.00144	0.00267	0.00883	0.00343	0.00364
2	0.00555	0.00450	0.00609	0.00766	0.13010	0.00419	0.00466	0.00665	0.00829	0.01087	0.09146	0.36709	0.25991	0.04968	0.00535	0.00151	0.00258	0.02688	0.00334	0.00365
3	0.02088	0.03335	0.08917	0.01199	0.23854	0.02297	0.05272	0.03052	0.02826	0.01287	0.00725	0.00870	0.00589	0.00327	0.00335	0.00089	0.00396	0.00287	0.00217	0.42038
4	0.00588	0.00453	0.00544	0.04052	0.00718	0.03994	0.00446	0.02734	0.00817	0.01087	0.03260	0.58807	0.02214	0.01050	0.00472	0.00151	0.00277	0.11847	0.06148	0.00344
5	0.00640	0.00428	0.00543	0.00575	0.00645	0.00413	0.00405	0.08125	0.00880	0.05981	0.05367	0.68067	0.04267	0.01081	0.00477	0.00149	0.00247	0.00969	0.00372	0.00369
6	0.01000	0.00906	0.01450	0.04716	0.49425	0.02439	0.09957	0.05604	0.10486	0.05172	0.00935	0.04521	0.00770	0.00415	0.00398	0.00121	0.00453	0.00400	0.00246	0.00587
7	0.07028	0.02821	0.25340	0.01313	0.21145	0.16442	0.06476	0.05028	0.00927	0.01255	0.00890	0.04606	0.04192	0.00432	0.00374	0.00118	0.00515	0.00359	0.00212	0.00527
8	0.00620	0.00500	0.00728	0.05570	0.00872	0.00494	0.07945	0.00755	0.00854	0.04662	0.10395	0.25165	0.27216	0.00895	0.00520	0.00142	0.06009	0.05947	0.00333	0.00374
9	0.01058	0.42785	0.15412	0.06504	0.01283	0.10593	0.03206	0.04772	0.05677	0.04385	0.00705	0.00792	0.00566	0.00372	0.00315	0.00102	0.00477	0.00268	0.00206	0.00521
10	0.00911	0.13692	0.01443	0.35337	0.26570	0.06617	0.04189	0.01169	0.04372	0.01096	0.00714	0.00946	0.00573	0.00371	0.00366	0.00116	0.00493	0.00326	0.00189	0.00508
11	0.00536	0.00437	0.00483	0.00450	0.00595	0.00368	0.00339	0.00652	0.00875	0.01130	0.13731	0.04967	0.50082	0.06722	0.00540	0.00138	0.00227	0.03849	0.00341	0.13536
12	0.02468	0.00942	0.04630	0.10132	0.29149	0.04473	0.15064	0.09382	0.04681	0.01325	0.01121	0.01279	0.09297	0.00503	0.02428	0.00134	0.01808	0.00411	0.00237	0.00533
13	0.00557	0.00410	0.00563	0.00557	0.00611	0.00453	0.00408	0.00659	0.00649	0.00910	0.06742	0.01967	0.04648	0.25165	0.51907	0.00495	0.02256	0.00490	0.00235	0.00318
14	0.01101	0.50021	0.01701	0.01010	0.13433	0.18990	0.00768	0.01256	0.02668	0.00989	0.00602	0.00717	0.00531	0.00369	0.00341	0.00096	0.04472	0.00248	0.00182	0.00504
15	0.02810	0.02904	0.06729	0.13448	0.06641	0.00680	0.01468	0.04166	0.00864	0.07468	0.01687	0.06773	0.00819	0.00440	0.00364	0.00100	0.01517	0.03658	0.00252	0.37211

[dist]
# distance from previous block
# <min> <max>
0	2

[block]
# block no. 4 follows, 70 sequences, length 77
# corresponding to MSA columns:
# 354-430
name=unknown_E
#
# <colnr> <probs for GDERKNQSTAVLIFYWHMCP>
#	G	D	E	R	K	N	Q	S	T	A	V	L	I	F	Y	W	H	M	C	P
0	0.17377	0.04504	0.01195	0.07284	0.12482	0.30529	0.06668	0.09711	0.01002	0.02191	0.00678	0.00833	0.00544	0.00396	0.00367	0.00113	0.02425	0.00982	0.00226	0.00495
1	0.03809	0.00815	0.00864	0.00764	0.00978	0.00928	0.00597	0.11275	0.61733	0.03345	0.01459	0.01512	0.01138	0.06123	0.00496	0.00146	0.00327	0.02731	0.00379	0.00582
2	0.00585	0.00378	0.00475	0.00503	0.00545	0.00360	0.00332	0.00645	0.00725	0.05977	0.05766	0.41500	0.06487	0.29588	0.04127	0.00242	0.00308	0.00819	0.00323	0.00313
3	0.00805	0.01390	0.41411	0.01289	0.12136	0.00845	0.18049	0.01180	0.03404	0.01272	0.08059	0.01315	0.00937	0.00444	0.00408	0.00127	0.00519	0.05653	0.00217	0.00537
4	0.00554	0.00415	0.00623	0.00623	0.00692	0.00485	0.00485	0.00692	0.00623	0.00900	0.01038	0.01523	0.00969	0.02908	0.84839	0.00623	0.01038	0.00415	0.00208	0.00346
5	0.00611	0.00504	0.00574	0.02618	0.00706	0.05893	0.00446	0.00781	0.02556	0.01307	0.42170	0.17149	0.09063	0.00881	0.00466	0.00136	0.00262	0.13134	0.00378	0.00365
6	0.01439	0.01027	0.01118	0.00854	0.01166	0.01108	0.00704	0.71034	0.01697	0.07681	0.00951	0.00946	0.00672	0.00452	0.00380	0.00112	0.00409	0.00342	0.00381	0.07524
7	0.00565	0.00459	0.00560	0.00637	0.05820	0.00444	0.00424	0.00789	0.11397	0.01123	0.05006	0.38324	0.29804	0.01004	0.01660	0.00148	0.00251	0.00852	0.00354	0.00378
8	0.00696	0.00621	0.00882	0.00800	0.00832	0.00816	0.00644	0.00800	0.00605	0.00907	0.00795	0.01262	0.00775	0.07052	0.39466	0.00390	0.41702	0.00388	0.00191	0.00377
9	0.03865	0.29004	0.01468	0.01049	0.10503	0.43814	0.02876	0.01363	0.00956	0.01004	0.00598	0.00711	0.00512	0.00368	0.00320	0.00098	0.00567	0.00251	0.00189	0.00485
10	0.00483	0.00394	0.00427	0.00418	0.00539	0.00338	0.00314	0.00604	0.00941	0.01184	0.25430	0.03506	0.62212	0.00931	0.00458	0.00128	0.00193	0.00787	0.00378	0.00338
11	0.01809	0.00889	0.01243	0.22841	0.25188	0.08035	0.00968	0.02080	0.00783	0.01070	0.00663	0.00954	0.00569	0.00615	0.05753	0.00164	0.25373	0.00338	0.00185	0.00480
12	0.01315	0.03692	0.01102	0.00869	0.01141	0.11189	0.00702	0.47960	0.24434	0.01988	0.01060	0.01038	0.00781	0.00470	0.00381	0.00118	0.00426	0.00358	0.00360	0.00616
13	0.13639	0.00838	0.05857	0.00885	0.09505	0.00756	0.00680	0.11524	0.04074	0.42525	0.01151	0.01091	0.00775	0.00434	0.00362	0.00117	0.00362	0.00344	0.00372	0.04708
14	0.01969	0.24496	0.33370	0.01066	0.06780	0.04991	0.08804	0.05958	0.00914	0.07150	0.00731	0.00831	0.00553	0.00368	0.00346	0.00111	0.00508	0.00294	0.00207	0.00554
15	0.03101	0.54577	0.25062	0.00836	0.01236	0.01292	0.05273	0.01197	0.00806	0.02635	0.00615	0.00713	0.00508	0.00345	0.00296	0.00098	0.00467	0.00246	0.00175	0.00521
16	0.00475	0.00338	0.00449	0.00537	0.00559	0.00316	0.00357	0.00540	0.00738	0.00984	0.02115	0.84101	0.02536	0.03274	0.00531	0.00163	0.00229	0.01089	0.00357	0.00313
17	0.00485	0.00353	0.00460	0.00541	0.00581	0.00328	0.00378	0.00566	0.00771	0.01012	0.02317	0.69890	0.11046	0.01177	0.00495	0.00157	0.00234	0.08531	0.00360	0.00320
18	0.04601	0.01255	0.11557	0.10307	0.16494	0.24159	0.06777	0.02066	0.07332	0.07297	0.00854	0.00977	0.01947	0.00409	0.00394	0.00118	0.02369	0.00332	0.00231	0.00524
19	0.00553	0.00395	0.00493	0.00512	0.00549	0.00402	0.00341	0.00665	0.04646	0.00968	0.10014	0.26741	0.01901	0.35917	0.13875	0.00312	0.00409	0.00706	0.00295	0.00307
20	0.00492	0.00357	0.00467	0.00550	0.00580	0.00340	0.00370	0.00599	0.03967	0.01014	0.02115	0.82813	0.02510	0.01188	0.00491	0.00156	0.00228	0.01076	0.00361	0.00327
21	0.00797	0.06365	0.03598	0.57814	0.19573	0.00905	0.01063	0.01038	0.00798	0.01047	0.00732	0.01024	0.01677	0.00395	0.00393	0.01298	0.00493	0.00341	0.00178	0.00473
22	0.01232	0.02232	0.02032	0.10763	0.06581	0.13050	0.02079	0.35252	0.10419	0.05880	0.02041	0.02000	0.02595	0.00463	0.00384	0.00117	0.00453	0.00367	0.00318	0.01743
23	0.00904	0.01027	0.02240	0.01606	0.01988	0.00963	0.80425	0.01224	0.00911	0.01235	0.00819	0.03244	0.00639	0.00350	0.00458	0.00131	0.00643	0.00474	0.00200	0.00518
24	0.00886	0.00703	0.03290	0.00687	0.03439	0.00618	0.00537	0.04168	0.16584	0.09079	0.21176	0.01493	0.01478	0.00484	0.00367	0.00099	0.00288	0.00408	0.00335	0.33880
25	0.01015	0.00805	0.00865	0.00767	0.00989	0.00910	0.00600	0.04447	0.70374	0.07878	0.03447	0.01518	0.03557	0.00540	0.00397	0.00130	0.00306	0.00449	0.00400	0.00605
26	0.00610	0.00399	0.00476	0.00466	0.00489	0.00407	0.00288	0.01541	0.00604	0.03449	0.01201	0.02331	0.01322	0.70361	0.14139	0.00401	0.00473	0.00534	0.00240	0.00270
27	0.00993	0.00914	0.01510	0.05547	0.63071	0.00931	0.06029	0.05463	0.07166	0.03353	0.00825	0.01012	0.00662	0.00369	0.00390	0.00118	0.00458	0.00360	0.00224	0.00604
28	0.89114	0.00750	0.00570	0.00510	0.00750	0.00870	0.00420	0.01140	0.00660	0.01739	0.00540	0.00630	0.00420	0.00360	0.00240	0.00120	0.00300	0.00210	0.00240	0.00420
29	0.00566	0.00465	0.00511	0.00519	0.00640	0.00449	0.00390	0.00847	0.15883	0.01157	0.04587	0.21055	0.44347	0.00951	0.00459	0.00140	0.00233	0.06055	0.00367	0.00380
30	0.01339	0.00993	0.01078	0.00826	0.01130	0.01059	0.00677	0.66288	0.01617	0.03143	0.00933	0.02841	0.00705	0.01869	0.00401	0.00113	0.00399	0.00352	0.00362	0.13875
31	0.00617	0.00393	0.00482	0.00456	0.00552	0.00368	0.00342	0.00793	0.01011	0.03313	0.57457	0.02510	0.05169	0.01937	0.00430	0.00118	0.00189	0.00609	0.22886	0.00368
32	0.00963	0.00913	0.01539	0.06842	0.77075	0.00926	0.01170	0.03613	0.00905	0.01287	0.00733	0.00963	0.00610	0.00351	0.00384	0.00116	0.00463	0.00345	0.00197	0.00605
33	0.00855	0.20853	0.54933	0.01099	0.04019	0.01051	0.09643	0.01213	0.00823	0.01160	0.00671	0.00802	0.00506	0.00355	0.00351	0.00114	0.00542	0.00288	0.00168	0.00552
34	0.00472	0.00337	0.00450	0.00540	0.00562	0.00315	0.00360	0.00540	0.00742	0.00990	0.02137	0.86122	0.02564	0.01215	0.00495	0.00157	0.00225	0.01102	0.00360	0.00315
35	0.00927	0.00888	0.01515	0.14285	0.72307	0.00913	0.01174	0.01161	0.00867	0.01227	0.00723	0.00970	0.00600	0.00351	0.00384	0.00117	0.00469	0.00345	0.00189	0.00588
36	0.01036	0.86609	0.02032	0.00663	0.00995	0.01534	0.00663	0.01161	0.00788	0.00912	0.00539	0.00622	0.00498	0.00332	0.00249	0.00083	0.00415	0.00207	0.00166	0.00498
37	0.89114	0.00750	0.00570	0.00510	0.00750	0.00870	0.00420	0.01140	0.00660	0.01739	0.00540	0.00630	0.00420	0.00360	0.00240	0.00120	0.00300	0.00210	0.00240	0.00420
38	0.00673	0.00337	0.00505	0.00505	0.00505	0.00337	0.00337	0.00505	0.00505	0.00673	0.00673	0.01178	0.00673	0.01347	0.01515	0.88721	0.00337	0.00337	0.00168	0.00168
39	0.01172	0.01007	0.00948	0.00753	0.01032	0.19887	0.00597	0.12182	0.01857	0.12964	0.00836	0.01876	0.00649	0.00396	0.00380	0.00091	0.04501	0.00290	0.00279	0.38304
40	0.33770	0.04586	0.02688	0.01196	0.14752	0.02008	0.24167	0.06231	0.04624	0.01504	0.00715	0.00862	0.00555	0.00362	0.00346	0.00121	0.00450	0.00324	0.00231	0.00511
41	0.00749	0.00372	0.00386	0.00380	0.00476	0.00372	0.00287	0.00927	0.00816	0.03967	0.01266	0.01444	0.00992	0.00530	0.02947	0.00108	0.00212	0.00364	0.83036	0.00370
42	0.00746	0.10468	0.01981	0.00631	0.00767	0.11632	0.00492	0.01709	0.09287	0.01088	0.05489	0.25471	0.15347	0.05565	0.02308	0.00155	0.00351	0.05807	0.00310	0.00394
43	0.00957	0.16180	0.29813	0.01803	0.01384	0.00929	0.13627	0.01994	0.05049	0.10264	0.00922	0.01000	0.03252	0.00387	0.00359	0.00110	0.00470	0.00330	0.00231	0.10940
44	0.01245	0.00720	0.00854	0.00710	0.00946	0.00739	0.00565	0.10704	0.29060	0.33027	0.13550	0.01579	0.01409	0.02541	0.00438	0.00130	0.00312	0.00452	0.00427	0.00591
45	0.00469	0.00383	0.00414	0.00427	0.00535	0.00329	0.00312	0.00569	0.00878	0.01083	0.10797	0.17960	0.62487	0.01005	0.00464	0.00135	0.00200	0.00857	0.00366	0.00329
46	0.01204	0.29010	0.12819	0.00878	0.01178	0.35769	0.01700	0.02277	0.03074	0.06048	0.00710	0.02391	0.00585	0.00397	0.00328	0.00101	0.00545	0.00274	0.00211	0.00499
47	0.00875	0.12650	0.47988	0.05620	0.07410	0.01003	0.11014	0.05699	0.00885	0.01245	0.00718	0.00892	0.00545	0.00372	0.00369	0.00119	0.00541	0.01318	0.00185	0.00555
48	0.00475	0.00339	0.00452	0.00542	0.00566	0.00317	0.00364	0.00544	0.00744	0.00992	0.02136	0.84935	0.02559	0.01212	0.00495	0.00158	0.00227	0.02267	0.00360	0.00316
49	0.00782	0.03397	0.83012	0.01098	0.01667	0.00911	0.01420	0.01227	0.00818	0.01223	0.00693	0.00815	0.00491	0.00368	0.00366	0.00122	0.00570	0.00285	0.00164	0.00572
50	0.01046	0.01201	0.24004	0.01432	0.27885	0.05028	0.06147	0.05010	0.02803	0.13825	0.00966	0.01994	0.00764	0.00438	0.00395	0.00123	0.00482	0.05626	0.00254	0.00578
51	0.00908	0.08883	0.41406	0.03897	0.14288	0.00993	0.09612	0.07662	0.06285	0.01322	0.00772	0.00903	0.00580	0.00376	0.00373	0.00119	0.00520	0.00323	0.00204	0.00573
52	0.21003	0.04100	0.03426	0.00912	0.01158	0.36906	0.06755	0.14651	0.01062	0.01398	0.00650	0.00755	0.00514	0.00407	0.00383	0.00113	0.04809	0.00277	0.00236	0.00486
53	0.00884	0.07505	0.01435	0.15569	0.52007	0.00901	0.03110	0.02393	0.00859	0.01183	0.00861	0.09934	0.00795	0.00444	0.00388	0.00120	0.00446	0.00417	0.00208	0.00542
54	0.00477	0.00386	0.00423	0.00429	0.00539	0.00333	0.00316	0.00587	0.00905	0.01134	0.18483	0.14094	0.58586	0.00976	0.00463	0.00133	0.00198	0.00833	0.00372	0.00333
55	0.00467	0.00360	0.00427	0.00480	0.00547	0.00320	0.00333	0.00547	0.00800	0.01013	0.02864	0.52643	0.35574	0.01120	0.00480	0.00147	0.00213	0.00987	0.00360	0.00320
56	0.00576	0.00429	0.00539	0.00506	0.00609	0.00409	0.00381	0.00824	0.07303	0.01535	0.73707	0.02826	0.07315	0.00781	0.00453	0.00123	0.00193	0.00687	0.00421	0.00383
57	0.00583	0.00445	0.00599	0.00623	0.00686	0.00458	0.02546	0.05043	0.05060	0.01094	0.01828	0.62170	0.02086	0.01310	0.10931	0.00211	0.02725	0.00905	0.00335	0.00361
58	0.00730	0.00680	0.01140	0.72729	0.08668	0.00825	0.01031	0.00972	0.00781	0.01011	0.00802	0.07465	0.00679	0.00447	0.00395	0.00130	0.00490	0.00402	0.00188	0.00436
59	0.01124	0.01035	0.00945	0.00871	0.03408	0.18524	0.00655	0.01915	0.57462	0.07720	0.01345	0.01266	0.01007	0.00491	0.00384	0.00124	0.00395	0.00392	0.00354	0.00583
60	0.00956	0.00931	0.01628	0.02323	0.77759	0.00926	0.07345	0.01194	0.00885	0.01265	0.00733	0.00966	0.00612	0.00344	0.00389	0.00116	0.00475	0.00354	0.00192	0.00607
61	0.00948	0.00904	0.01515	0.02243	0.77675	0.00891	0.01135	0.01174	0.00877	0.01266	0.00726	0.00948	0.00611	0.00341	0.00376	0.00111	0.00447	0.00337	0.00195	0.07281
62	0.00927	0.50860	0.36822	0.00850	0.01284	0.01266	0.00988	0.01189	0.00801	0.01045	0.00605	0.00705	0.00495	0.00347	0.00299	0.00100	0.00482	0.00241	0.00165	0.00529
63	0.05394	0.01588	0.01117	0.06183	0.06864	0.63826	0.00791	0.01425	0.01006	0.01008	0.00604	0.00745	0.00505	0.00414	0.00419	0.00109	0.07081	0.00267	0.00197	0.00456
64	0.01179	0.00769	0.00972	0.00803	0.01038	0.01932	0.06825	0.12689	0.24784	0.25517	0.03338	0.09701	0.03652	0.00589	0.00436	0.00130	0.02643	0.02041	0.00390	0.00571
65	0.00896	0.00686	0.00813	0.00586	0.00926	0.00522	0.00470	0.01066	0.00834	0.09447	0.00772	0.00855	0.00612	0.00306	0.00297	0.00064	0.00291	0.00245	0.00254	0.80056
66	0.00711	0.00667	0.01105	0.79009	0.02508	0.00821	0.01017	0.00958	0.00783	0.00995	0.00934	0.01238	0.06817	0.00433	0.00393	0.00129	0.00493	0.00380	0.00186	0.00423
67	0.00560	0.00430	0.00598	0.07003	0.00769	0.00474	0.00466	0.00651	0.00683	0.00932	0.01508	0.37161	0.01701	0.16690	0.18335	0.00293	0.06920	0.04221	0.00277	0.00326
68	0.00533	0.00396	0.00498	0.00479	0.00576	0.00360	0.00361	0.00699	0.01045	0.01440	0.65240	0.04915	0.17768	0.00844	0.00461	0.00126	0.00192	0.03297	0.00411	0.00358
69	0.00661	0.00344	0.00512	0.00512	0.00517	0.00349	0.00345	0.00521	0.00516	0.00693	0.00717	0.01243	0.00717	0.03885	0.07832	0.79541	0.00391	0.00349	0.00173	0.00184
70	0.01095	0.00646	0.00792	0.06190	0.00972	0.06905	0.00558	0.01236	0.00879	0.32764	0.01259	0.09909	0.01041	0.02412	0.25036	0.00269	0.00564	0.00447	0.00326	0.06700
71	0.08080	0.01765	0.01059	0.00962	0.01165	0.78468	0.00724	0.01517	0.01065	0.01009	0.00595	0.00694	0.00493	0.00397	0.00341	0.00101	0.00669	0.00247	0.00203	0.00447
72	0.00888	0.00868	0.03370	0.02019	0.04749	0.19149	0.02690	0.04369	0.06020	0.04479	0.13173	0.18073	0.01609	0.11780	0.01582	0.00165	0.01156	0.03138	0.00302	0.00419
73	0.65586	0.04857	0.00695	0.00553	0.00787	0.00869	0.00453	0.07303	0.00772	0.06329	0.00681	0.00835	0.00549	0.06035	0.02252	0.00146	0.00338	0.00258	0.00260	0.00442
74	0.65974	0.00766	0.00690	0.06123	0.02759	0.00877	0.00506	0.10177	0.00804	0.01718	0.00636	0.00773	0.00501	0.02764	0.00319	0.00126	0.00331	0.00251	0.02532	0.01373
75	0.00886	0.08076	0.19114	0.00958	0.11405	0.04572	0.00794	0.07374	0.00896	0.04203	0.01007	0.09471	0.02464	0.06146	0.02816	0.00140	0.00433	0.02196	0.00243	0.16807
76	0.00608	0.00505	0.00679	0.00677	0.03047	0.02291	0.06628	0.04939	0.00879	0.01150	0.07452	0.45359	0.17661	0.00970	0.00468	0.00142	0.00282	0.03589	0.00342	0.02331

[dist]
# distance from previous block
# <min> <max>
0	51

[block]
# block no. 5 follows, 70 sequences, length 17
# corresponding to MSA columns:
# 489-505
name=unknown_F
#
# <colnr> <probs for GDERKNQSTAVLIFYWHMCP>
#	G	D	E	R	K	N	Q	S	T	A	V	L	I	F	Y	W	H	M	C	P
0	0.47854	0.07162	0.00937	0.03701	0.06774	0.12571	0.03151	0.04314	0.00803	0.01458	0.00655	0.04295	0.00562	0.00415	0.00337	0.00118	0.03927	0.00285	0.00230	0.00452
1	0.10231	0.00774	0.04034	0.08695	0.01135	0.03130	0.07798	0.07343	0.16582	0.05051	0.04595	0.05291	0.02400	0.06959	0.05481	0.00176	0.02211	0.04422	0.03222	0.00471
2	0.00487	0.00390	0.00436	0.00433	0.00544	0.00338	0.00321	0.00610	0.00941	0.01202	0.28779	0.09240	0.53035	0.00939	0.00460	0.00130	0.00194	0.00801	0.00381	0.00338
3	0.03322	0.68768	0.10658	0.00718	0.01071	0.01404	0.00739	0.04968	0.00846	0.03639	0.00605	0.00679	0.00517	0.00347	0.00272	0.00091	0.00426	0.00228	0.00188	0.00516
4	0.03260	0.21426	0.46060	0.00934	0.01368	0.03665	0.04207	0.01182	0.02188	0.01172	0.04924	0.00914	0.00688	0.00473	0.03414	0.00129	0.00520	0.00298	0.00189	0.02986
5	0.00827	0.24639	0.54679	0.00931	0.01396	0.01023	0.01130	0.01165	0.00835	0.01172	0.08103	0.00952	0.00777	0.00397	0.00344	0.00112	0.00495	0.00302	0.00188	0.00534
6	0.00564	0.00376	0.00423	0.00423	0.00423	0.00376	0.00235	0.00564	0.00564	0.00752	0.01222	0.02537	0.01409	0.86375	0.01973	0.00376	0.00376	0.00564	0.00235	0.00235
7	0.00625	0.00506	0.00735	0.05799	0.15752	0.00498	0.00555	0.00804	0.00960	0.01340	0.43918	0.05226	0.11459	0.00883	0.07100	0.00162	0.00323	0.00612	0.02334	0.00407
8	0.00999	0.21915	0.16356	0.01289	0.26317	0.05800	0.00940	0.03485	0.05952	0.05855	0.00877	0.03149	0.02232	0.00475	0.02654	0.00124	0.00470	0.00334	0.00223	0.00552
9	0.00644	0.00466	0.00627	0.02411	0.00814	0.00471	0.00582	0.02055	0.04695	0.02385	0.03232	0.13117	0.06174	0.01054	0.01996	0.00176	0.00345	0.58029	0.00356	0.00373
10	0.00673	0.00337	0.00505	0.00505	0.00505	0.00337	0.00337	0.00505	0.00505	0.00673	0.00673	0.01178	0.00673	0.01347	0.01515	0.88721	0.00337	0.00337	0.00168	0.00168
11	0.02830	0.06575	0.30108	0.09159	0.01470	0.17177	0.04334	0.11158	0.03257	0.03628	0.04738	0.02304	0.00735	0.00425	0.00370	0.00117	0.00524	0.00333	0.00233	0.00526
12	0.01150	0.14710	0.03364	0.07778	0.16631	0.27874	0.07033	0.05926	0.06360	0.03256	0.00742	0.00870	0.00593	0.00390	0.00371	0.00110	0.01793	0.00307	0.00220	0.00522
13	0.00646	0.00426	0.00504	0.00471	0.00592	0.00394	0.00358	0.00843	0.04448	0.06857	0.42442	0.02742	0.23794	0.00761	0.00424	0.00120	0.00201	0.00652	0.12943	0.00385
14	0.00945	0.00905	0.01589	0.08928	0.57392	0.00921	0.12841	0.01180	0.00868	0.03277	0.00742	0.00978	0.00605	0.00365	0.00438	0.00120	0.04837	0.00360	0.00198	0.02512
15	0.00518	0.00382	0.00478	0.00520	0.00581	0.00356	0.00364	0.03376	0.00863	0.01148	0.16790	0.55900	0.15128	0.01079	0.00479	0.00146	0.00220	0.00962	0.00373	0.00338
16	0.00804	0.00689	0.00804	0.00574	0.00919	0.00517	0.00459	0.00976	0.00804	0.01263	0.00689	0.00804	0.00574	0.00287	0.00287	0.00057	0.00287	0.00230	0.00230	0.88745

[dist]
# distance from previous block
# <min> <max>
0	2

[block]
# block no. 6 follows, 70 sequences, length 24
# corresponding to MSA columns:
# 508-531
name=unknown_G
#
# <colnr> <probs for GDERKNQSTAVLIFYWHMCP>
#	G	D	E	R	K	N	Q	S	T	A	V	L	I	F	Y	W	H	M	C	P
0	0.08812	0.42017	0.09597	0.00775	0.01116	0.01216	0.04128	0.14827	0.02054	0.10163	0.00750	0.00797	0.00580	0.00378	0.00309	0.00102	0.00420	0.00272	0.00247	0.01441
1	0.00996	0.26795	0.33631	0.00883	0.01270	0.10194	0.00953	0.10346	0.00969	0.02327	0.04766	0.02691	0.01763	0.00419	0.00341	0.00109	0.00489	0.00311	0.00217	0.00529
2	0.00477	0.00346	0.00452	0.00535	0.00568	0.00321	0.00365	0.00551	0.00758	0.01000	0.02268	0.76923	0.08648	0.01192	0.00494	0.00156	0.00228	0.04042	0.00360	0.00317
3	0.00683	0.00588	0.00846	0.00680	0.00900	0.00525	0.09451	0.00858	0.00805	0.01172	0.11252	0.01530	0.07591	0.01187	0.25466	0.00247	0.00531	0.00414	0.00254	0.35020
4	0.08670	0.00876	0.04160	0.24120	0.16866	0.00879	0.24421	0.04934	0.00884	0.02486	0.00918	0.04241	0.03974	0.00419	0.00400	0.00126	0.00498	0.00411	0.00218	0.00500
5	0.00971	0.02276	0.03922	0.03982	0.31380	0.00787	0.06974	0.08494	0.05344	0.10557	0.03632	0.17683	0.01147	0.00564	0.00412	0.00126	0.00400	0.00518	0.00290	0.00542
6	0.00484	0.00346	0.00464	0.00553	0.00581	0.00325	0.00381	0.00560	0.00754	0.01003	0.02130	0.79718	0.02538	0.01203	0.00498	0.00159	0.00235	0.07388	0.00360	0.00318
7	0.00685	0.00803	0.09704	0.00774	0.00996	0.06631	0.15189	0.02070	0.03115	0.01188	0.12355	0.08777	0.34683	0.00733	0.00441	0.00128	0.00361	0.00647	0.00308	0.00413
8	0.01053	0.51533	0.17535	0.04385	0.03873	0.03976	0.02107	0.01253	0.00840	0.09249	0.00685	0.00766	0.00548	0.00358	0.00302	0.00098	0.00455	0.00256	0.00199	0.00528
9	0.00998	0.01056	0.01170	0.03686	0.01230	0.28470	0.20196	0.01192	0.04082	0.05445	0.04626	0.23643	0.01252	0.00624	0.00424	0.00127	0.00500	0.00562	0.00272	0.00444
10	0.72937	0.00822	0.00693	0.00638	0.03899	0.02671	0.00495	0.11452	0.00824	0.01794	0.00597	0.00681	0.00459	0.00374	0.00266	0.00119	0.00330	0.00233	0.00256	0.00458
11	0.00519	0.00382	0.00511	0.00569	0.00614	0.00362	0.01985	0.03685	0.00792	0.01052	0.02130	0.78165	0.05450	0.01160	0.00489	0.00154	0.00240	0.01050	0.00358	0.00333
12	0.00934	0.00876	0.01440	0.02115	0.70424	0.00888	0.01097	0.01233	0.07854	0.01288	0.00905	0.01268	0.00789	0.00418	0.00397	0.00121	0.00439	0.06699	0.00222	0.00594
13	0.00804	0.00689	0.00804	0.00574	0.00919	0.00517	0.00459	0.00976	0.00804	0.01263	0.00689	0.00804	0.00574	0.00287	0.00287	0.00057	0.00287	0.00230	0.00230	0.88745
14	0.01201	0.00795	0.00895	0.00766	0.01011	0.00865	0.00607	0.05391	0.56999	0.24627	0.01537	0.01390	0.01099	0.00511	0.00393	0.00128	0.00318	0.00421	0.00418	0.00628
15	0.25675	0.01146	0.00986	0.00808	0.01077	0.17924	0.00652	0.43836	0.01356	0.01948	0.00756	0.00801	0.00561	0.00423	0.00339	0.00114	0.00446	0.00291	0.00309	0.00551
16	0.00948	0.00536	0.03152	0.00590	0.00766	0.00461	0.00485	0.01118	0.01028	0.28795	0.36670	0.02357	0.08318	0.00873	0.07047	0.00165	0.00322	0.05496	0.00410	0.00464
17	0.04603	0.75993	0.01894	0.00686	0.01002	0.08555	0.00661	0.01193	0.00809	0.00948	0.00544	0.00629	0.00495	0.00339	0.00257	0.00086	0.00434	0.00211	0.00172	0.00490
18	0.00798	0.00689	0.00834	0.07756	0.01067	0.00546	0.00512	0.00977	0.00801	0.01240	0.00689	0.00823	0.00569	0.00296	0.00296	0.00063	0.00307	0.00239	0.00225	0.81272
19	0.01325	0.04451	0.14708	0.00909	0.01228	0.13341	0.05465	0.21368	0.01183	0.24726	0.01024	0.04396	0.00754	0.00467	0.00407	0.00119	0.02862	0.00366	0.00323	0.00580
20	0.01036	0.08106	0.05791	0.00758	0.00999	0.00905	0.00638	0.18715	0.31851	0.08085	0.04725	0.12858	0.02657	0.00596	0.00396	0.00126	0.00340	0.00495	0.00363	0.00559
21	0.00567	0.00459	0.00585	0.00691	0.10961	0.00414	0.00442	0.00696	0.00906	0.02763	0.16557	0.13898	0.45444	0.00894	0.00454	0.00132	0.00238	0.03171	0.00352	0.00375
22	0.00948	0.00938	0.01437	0.05211	0.68908	0.06733	0.01088	0.01160	0.00894	0.01218	0.00959	0.01152	0.06843	0.00399	0.00387	0.00116	0.00459	0.00374	0.00204	0.00574
23	0.00966	0.00943	0.01404	0.19928	0.46497	0.07034	0.04476	0.04682	0.07887	0.01263	0.00794	0.01000	0.00634	0.00378	0.00386	0.00119	0.00484	0.00351	0.00214	0.00561

[dist]
# distance from previous block
# <min> <max>
2	5

[block]
# block no. 7 follows, 70 sequences, length 26
# corresponding to MSA columns:
# 537-562
name=unknown_H
#
# <colnr> <probs for GDERKNQSTAVLIFYWHMCP>
#	G	D	E	R	K	N	Q	S	T	A	V	L	I	F	Y	W	H	M	C	P
0	0.06357	0.00942	0.01461	0.20346	0.08525	0.06771	0.26838	0.10261	0.04643	0.04759	0.04670	0.01089	0.00750	0.00401	0.00402	0.00124	0.00513	0.00389	0.00246	0.00516
1	0.04590	0.04278	0.13842	0.03108	0.15079	0.00779	0.19914	0.01076	0.02337	0.01334	0.22417	0.01472	0.02412	0.00470	0.00402	0.00118	0.00428	0.00446	0.00258	0.05240
2	0.00890	0.20433	0.51606	0.01081	0.07554	0.01048	0.02387	0.05830	0.00875	0.01232	0.00678	0.00795	0.00515	0.00361	0.00343	0.00111	0.00514	0.00278	0.00182	0.03287
3	0.00846	0.00755	0.01187	0.13248	0.42131	0.02413	0.02257	0.01082	0.02891	0.03966	0.20987	0.01548	0.04050	0.00490	0.00406	0.00120	0.00393	0.00450	0.00266	0.00516
4	0.00960	0.00921	0.01574	0.02380	0.83957	0.00921	0.01190	0.01190	0.00883	0.01267	0.00729	0.00960	0.00614	0.00345	0.00384	0.00115	0.00461	0.00345	0.00192	0.00614
5	0.00953	0.00964	0.01812	0.03813	0.29590	0.00949	0.40717	0.07235	0.04333	0.01339	0.00855	0.04060	0.00695	0.00385	0.00424	0.00125	0.00539	0.00431	0.00222	0.00558
6	0.00913	0.00874	0.01489	0.19399	0.67302	0.00909	0.01167	0.01149	0.00861	0.01210	0.00721	0.00975	0.00594	0.00354	0.00385	0.00118	0.00472	0.00345	0.00188	0.00577
7	0.00929	0.00890	0.01519	0.13431	0.73142	0.00913	0.01175	0.01163	0.00868	0.01230	0.00724	0.00969	0.00601	0.00351	0.00384	0.00117	0.00468	0.00345	0.00189	0.00590
8	0.01233	0.00884	0.01336	0.01084	0.07405	0.05019	0.22902	0.07889	0.03160	0.28056	0.02091	0.01095	0.00763	0.00397	0.00390	0.00111	0.00444	0.00374	0.00316	0.15050
9	0.00754	0.00713	0.01194	0.75857	0.08601	0.00879	0.01076	0.01003	0.00776	0.01009	0.00685	0.01021	0.00524	0.00396	0.00424	0.00130	0.03999	0.00344	0.00174	0.00444
10	0.00789	0.00747	0.01265	0.64689	0.22981	0.00876	0.01105	0.01040	0.00802	0.01059	0.00699	0.01015	0.00541	0.00377	0.00387	0.00126	0.00503	0.00345	0.00177	0.00476
11	0.60360	0.00858	0.00698	0.00615	0.00849	0.07087	0.00495	0.08157	0.11797	0.01718	0.03684	0.00850	0.00663	0.00409	0.00289	0.00120	0.00337	0.00273	0.00277	0.00466
12	0.00893	0.01020	0.12493	0.04177	0.64783	0.00873	0.01153	0.01143	0.00872	0.01238	0.00960	0.01147	0.06733	0.00397	0.00387	0.00118	0.00457	0.00372	0.00200	0.00583
13	0.00485	0.00389	0.00416	0.00415	0.00519	0.00339	0.00299	0.00581	0.00865	0.01075	0.14390	0.06398	0.59009	0.12327	0.00661	0.00163	0.00219	0.00779	0.00352	0.00320
14	0.00964	0.00833	0.00877	0.00789	0.01008	0.00964	0.00614	0.02060	0.83257	0.01622	0.01578	0.01446	0.01183	0.00526	0.00394	0.00131	0.00307	0.00438	0.00394	0.00614
15	0.01448	0.01848	0.01099	0.00999	0.01199	0.84819	0.00749	0.01548	0.01099	0.00949	0.00599	0.00699	0.00499	0.00400	0.00350	0.00100	0.00699	0.00250	0.00200	0.00449
16	0.00881	0.00744	0.00788	0.00717	0.00901	0.00846	0.00545	0.01769	0.66965	0.01482	0.03713	0.01717	0.04483	0.11974	0.00609	0.00164	0.00309	0.00476	0.00373	0.00546
17	0.00809	0.00791	0.01112	0.00965	0.00974	0.01094	0.00800	0.00901	0.00598	0.00929	0.00579	0.00938	0.00570	0.00975	0.12392	0.00230	0.74405	0.00349	0.00175	0.00414
18	0.00594	0.00427	0.00600	0.00677	0.00755	0.00433	0.00569	0.00752	0.00836	0.01102	0.01929	0.15449	0.02110	0.01335	0.11748	0.00235	0.00429	0.59334	0.00338	0.00350
19	0.03136	0.02732	0.01130	0.04709	0.26423	0.11972	0.00793	0.04623	0.09112	0.23348	0.01242	0.01261	0.06876	0.00460	0.00382	0.00117	0.00419	0.00383	0.00309	0.00571
20	0.75692	0.02433	0.00826	0.00662	0.00924	0.00897	0.11353	0.01154	0.00696	0.01657	0.00572	0.00685	0.00444	0.00355	0.00269	0.00121	0.00349	0.00243	0.00233	0.00435
21	0.00494	0.00398	0.00437	0.00455	0.01809	0.00350	0.00322	0.00590	0.00852	0.01056	0.10349	0.08154	0.57156	0.12334	0.00663	0.00166	0.00230	0.03515	0.00347	0.00323
22	0.00554	0.11820	0.00658	0.00548	0.00610	0.00482	0.00391	0.00624	0.00735	0.00962	0.01857	0.68578	0.02204	0.07381	0.00571	0.00164	0.00261	0.00943	0.00325	0.00333
23	0.00995	0.00909	0.01455	0.10583	0.63097	0.00941	0.01101	0.11999	0.00997	0.01391	0.00813	0.01016	0.02195	0.00378	0.00386	0.00117	0.00457	0.00355	0.00219	0.00596
24	0.01054	0.83280	0.01998	0.00672	0.01003	0.01521	0.00666	0.04333	0.00828	0.00972	0.00554	0.00634	0.00504	0.00337	0.00254	0.00084	0.00415	0.00213	0.00174	0.00504
25	0.00579	0.00447	0.00668	0.11883	0.00920	0.00520	0.00530	0.00715	0.00635	0.00892	0.01016	0.01592	0.00967	0.13589	0.62665	0.00525	0.00882	0.00426	0.00207	0.00343

[dist]
# distance from previous block
# <min> <max>
0	100

# created by:
# /st0/software/busco_prod/Augustus/scripts/msa2prfl.pl ./align_prep/28239.fa
