[name]
unknown

[dist]
# distance from previous block
# <min> <max>
4	61

[block]
# block no. 0 follows, 55 sequences, length 24
# corresponding to MSA columns:
# 68-91
name=unknown_A
#
# <colnr> <probs for GDERKNQSTAVLIFYWHMCP>
#	G	D	E	R	K	N	Q	S	T	A	V	L	I	F	Y	W	H	M	C	P
0	0.01147	0.40127	0.04841	0.00795	0.01204	0.04487	0.00735	0.03325	0.01002	0.01337	0.00745	0.00861	0.00641	0.00384	0.00333	0.00090	0.00454	0.00270	0.00240	0.36981
1	0.02080	0.10503	0.24291	0.01331	0.14664	0.01748	0.04205	0.06205	0.01085	0.06560	0.02844	0.05962	0.00930	0.01618	0.00474	0.00136	0.01775	0.00429	0.00280	0.12881
2	0.01232	0.08908	0.36259	0.01152	0.02524	0.06059	0.01978	0.14414	0.08574	0.06283	0.01029	0.01138	0.00769	0.02142	0.01750	0.00156	0.02848	0.00382	0.00296	0.02106
3	0.00815	0.00632	0.00747	0.00701	0.00872	0.00630	0.02492	0.01256	0.21130	0.05112	0.15268	0.14626	0.28411	0.01034	0.01601	0.01288	0.00311	0.02117	0.00451	0.00508
4	0.00994	0.00995	0.03825	0.23158	0.36538	0.00998	0.12030	0.01281	0.01013	0.01399	0.01133	0.08064	0.03103	0.00536	0.00483	0.00149	0.00565	0.00522	0.02598	0.00616
5	0.01178	0.12507	0.20366	0.03225	0.04527	0.08199	0.07944	0.03609	0.16317	0.07284	0.01321	0.07298	0.03057	0.00577	0.00454	0.00144	0.00548	0.00484	0.00317	0.00644
6	0.01168	0.05015	0.09814	0.01038	0.02979	0.00969	0.10075	0.12773	0.15248	0.10452	0.08516	0.04703	0.12095	0.00693	0.00493	0.00150	0.00453	0.02328	0.00403	0.00635
7	0.00556	0.00472	0.00480	0.00478	0.00632	0.00395	0.00358	0.00680	0.01075	0.01292	0.09135	0.04419	0.76115	0.01165	0.00550	0.00156	0.00235	0.00974	0.00437	0.00395
8	0.03843	0.11810	0.22238	0.00874	0.01192	0.02542	0.00875	0.01342	0.06084	0.07972	0.02281	0.11883	0.02960	0.00716	0.00557	0.05558	0.03610	0.00515	0.12591	0.00556
9	0.01148	0.01102	0.01737	0.06219	0.54675	0.02760	0.05971	0.01639	0.16907	0.01580	0.01078	0.01273	0.00864	0.00460	0.00468	0.00144	0.00539	0.00443	0.00278	0.00716
10	0.01220	0.01096	0.01053	0.00940	0.01191	0.10642	0.00729	0.05293	0.57263	0.03812	0.10025	0.01785	0.01605	0.00643	0.00474	0.00151	0.00415	0.00527	0.00452	0.00685
11	0.01253	0.00617	0.00815	0.00697	0.00909	0.00555	0.00546	0.03237	0.01301	0.33931	0.38301	0.09261	0.04936	0.00838	0.00518	0.00149	0.00302	0.00724	0.00528	0.00584
12	0.17202	0.04294	0.09540	0.00961	0.02755	0.05609	0.03664	0.18626	0.02565	0.07297	0.02631	0.17135	0.02544	0.00703	0.00476	0.00151	0.02316	0.00568	0.00364	0.00598
13	0.00762	0.00821	0.10513	0.01030	0.05923	0.00714	0.07216	0.00989	0.00819	0.01177	0.01162	0.01709	0.01062	0.07257	0.56009	0.00574	0.01055	0.00489	0.00243	0.00477
14	0.00762	0.00513	0.00684	0.05981	0.00890	0.00485	0.00506	0.00956	0.01211	0.07833	0.51887	0.14678	0.09866	0.00981	0.00543	0.00154	0.00268	0.00864	0.00479	0.00459
15	0.01121	0.02231	0.01276	0.06030	0.10852	0.03978	0.10344	0.06748	0.01112	0.13249	0.03795	0.20179	0.05798	0.04077	0.02236	0.00182	0.05169	0.00692	0.00362	0.00567
16	0.01119	0.01176	0.06416	0.32008	0.28882	0.05996	0.08335	0.07781	0.01119	0.01485	0.00871	0.01162	0.00678	0.00449	0.00467	0.00146	0.00621	0.00415	0.00240	0.00635
17	0.01636	0.01980	0.01498	0.01279	0.01548	0.62385	0.10171	0.08156	0.01340	0.01327	0.00774	0.00918	0.00628	0.00489	0.00483	0.00129	0.04090	0.00343	0.00256	0.00569
18	0.64534	0.01032	0.00923	0.05103	0.01179	0.07711	0.05349	0.01478	0.06052	0.01916	0.00763	0.00883	0.00590	0.00448	0.00336	0.00144	0.00439	0.00300	0.00289	0.00530
19	0.01309	0.04425	0.03096	0.03526	0.15066	0.05938	0.00884	0.14033	0.17537	0.10184	0.04274	0.02220	0.04015	0.00564	0.00476	0.00137	0.02316	0.00460	0.00376	0.09165
20	0.03543	0.07998	0.10980	0.00968	0.01325	0.01116	0.04135	0.29728	0.07596	0.09485	0.06378	0.03905	0.09533	0.00642	0.00466	0.00144	0.00464	0.00520	0.00406	0.00669
21	0.00681	0.00487	0.00609	0.00694	0.05818	0.00481	0.00397	0.00724	0.00761	0.01017	0.01767	0.18678	0.05047	0.56755	0.03832	0.00375	0.00434	0.00794	0.00313	0.00338
22	0.01058	0.02042	0.58428	0.01279	0.01878	0.01098	0.06580	0.12553	0.01169	0.01695	0.02856	0.01080	0.00725	0.00463	0.00450	0.00143	0.00639	0.00377	0.00249	0.05237
23	0.01070	0.05735	0.30910	0.02321	0.04906	0.05277	0.15327	0.01535	0.09173	0.05363	0.06271	0.04214	0.02991	0.00551	0.00496	0.00149	0.02301	0.00485	0.00289	0.00637

[dist]
# distance from previous block
# <min> <max>
0	20

[block]
# block no. 1 follows, 55 sequences, length 23
# corresponding to MSA columns:
# 114-136
name=unknown_B
#
# <colnr> <probs for GDERKNQSTAVLIFYWHMCP>
#	G	D	E	R	K	N	Q	S	T	A	V	L	I	F	Y	W	H	M	C	P
0	0.06453	0.16754	0.09468	0.01114	0.04955	0.12624	0.07103	0.07577	0.07766	0.05137	0.03050	0.01100	0.00827	0.00481	0.00453	0.00128	0.03822	0.00368	0.00292	0.10527
1	0.01130	0.07711	0.03681	0.13462	0.34123	0.08274	0.14830	0.01404	0.01050	0.01390	0.00893	0.03479	0.00753	0.00449	0.00457	0.00137	0.00607	0.00431	0.00234	0.05506
2	0.00739	0.00545	0.00651	0.00717	0.06683	0.00550	0.00410	0.00871	0.06836	0.01060	0.01734	0.02923	0.08414	0.63795	0.01920	0.00379	0.00434	0.00671	0.00306	0.00361
3	0.05310	0.09814	0.01344	0.00961	0.02890	0.02674	0.03222	0.28903	0.11510	0.07282	0.02426	0.01246	0.02511	0.00513	0.00422	0.00125	0.00450	0.00402	0.00384	0.17613
4	0.00747	0.00564	0.00629	0.00679	0.05106	0.03891	0.00385	0.00775	0.00728	0.00954	0.01392	0.02797	0.01571	0.72267	0.05342	0.00431	0.00505	0.00639	0.00276	0.00324
5	0.00715	0.04071	0.05239	0.00679	0.00816	0.00538	0.00537	0.00909	0.04456	0.04520	0.13153	0.43623	0.15378	0.01168	0.00550	0.00169	0.00303	0.02298	0.00427	0.00448
6	0.03231	0.10087	0.05033	0.05545	0.08807	0.22562	0.13272	0.03283	0.02543	0.02652	0.01062	0.05045	0.02547	0.03850	0.02378	0.00160	0.00636	0.01600	0.00266	0.05441
7	0.01133	0.06987	0.20449	0.01138	0.07170	0.07699	0.02891	0.07908	0.01101	0.02577	0.02090	0.01061	0.00740	0.01816	0.00500	0.00123	0.05190	0.00346	0.00264	0.28817
8	0.15005	0.16253	0.15963	0.01111	0.05831	0.10643	0.03494	0.09242	0.10514	0.02847	0.01000	0.01195	0.00805	0.00505	0.00408	0.00138	0.00544	0.03577	0.00295	0.00632
9	0.03429	0.44959	0.01886	0.00955	0.01272	0.25203	0.00832	0.04908	0.05565	0.01259	0.00757	0.00861	0.00651	0.00467	0.00422	0.00118	0.05330	0.00296	0.00240	0.00589
10	0.01227	0.01279	0.16223	0.01306	0.13157	0.03722	0.06804	0.10061	0.01187	0.10833	0.03464	0.01237	0.02170	0.00477	0.00469	0.00126	0.02886	0.00401	0.00313	0.22660
11	0.00745	0.00612	0.00827	0.00795	0.00860	0.02896	0.00612	0.00879	0.00749	0.01064	0.01171	0.01848	0.01140	0.13677	0.57701	0.00614	0.12645	0.00504	0.00247	0.00414
12	0.01186	0.01268	0.01214	0.04392	0.05762	0.27145	0.00872	0.04553	0.01005	0.01207	0.00878	0.01264	0.00801	0.05257	0.19521	0.00305	0.22209	0.00407	0.00242	0.00511
13	0.08550	0.17276	0.16600	0.02900	0.04806	0.02590	0.04351	0.07177	0.02819	0.12375	0.01015	0.03421	0.00791	0.00476	0.00403	0.00126	0.00501	0.00375	0.00304	0.13144
14	0.00663	0.00488	0.00706	0.00710	0.00780	0.00556	0.00534	0.00803	0.00743	0.01059	0.01325	0.04947	0.01306	0.14643	0.67743	0.00686	0.01099	0.00553	0.00260	0.00395
15	0.00666	0.00495	0.00729	0.00729	0.00806	0.00571	0.00558	0.00819	0.00742	0.01066	0.01263	0.01921	0.01204	0.09647	0.75704	0.00725	0.01185	0.00512	0.00252	0.00405
16	0.01140	0.01330	0.11627	0.06477	0.18069	0.11655	0.17814	0.04238	0.05629	0.03304	0.02745	0.05399	0.04266	0.00571	0.00492	0.00150	0.00608	0.03576	0.00288	0.00622
17	0.02379	0.00649	0.02776	0.05094	0.02609	0.00667	0.04577	0.03165	0.02086	0.03883	0.01079	0.01770	0.01040	0.19384	0.14356	0.28075	0.05287	0.00487	0.00256	0.00383
18	0.00936	0.00751	0.01066	0.07581	0.18188	0.02378	0.02314	0.07095	0.01087	0.05208	0.05440	0.24478	0.08272	0.03755	0.06329	0.00212	0.00480	0.03542	0.00359	0.00531
19	0.00602	0.00435	0.00576	0.00677	0.02177	0.00409	0.00459	0.00710	0.00945	0.01273	0.08724	0.63871	0.07697	0.01385	0.02033	0.00191	0.00291	0.04246	0.02906	0.00395
20	0.12489	0.10557	0.14829	0.01334	0.12098	0.07976	0.10268	0.07676	0.07712	0.04389	0.03834	0.01172	0.00868	0.00544	0.02198	0.00152	0.00574	0.00398	0.00291	0.00641
21	0.04735	0.05987	0.15659	0.11583	0.03255	0.05327	0.08172	0.09093	0.04040	0.03388	0.02515	0.01175	0.00785	0.00680	0.04250	0.00181	0.16586	0.00409	0.01580	0.00600
22	0.03386	0.05165	0.06173	0.03312	0.06986	0.00788	0.04350	0.03640	0.02313	0.01308	0.03925	0.19900	0.07121	0.14711	0.07034	0.00255	0.06331	0.02506	0.00319	0.00476

[dist]
# distance from previous block
# <min> <max>
2	35

[block]
# block no. 2 follows, 55 sequences, length 14
# corresponding to MSA columns:
# 172-185
name=unknown_C
#
# <colnr> <probs for GDERKNQSTAVLIFYWHMCP>
#	G	D	E	R	K	N	Q	S	T	A	V	L	I	F	Y	W	H	M	C	P
0	0.07743	0.03243	0.14752	0.05437	0.17202	0.07328	0.05417	0.06286	0.07973	0.01599	0.03611	0.05470	0.06494	0.00571	0.00453	0.00142	0.00523	0.00484	0.00299	0.04974
1	0.03656	0.19494	0.09210	0.02573	0.09178	0.03754	0.03358	0.08370	0.03555	0.03882	0.07718	0.08348	0.02802	0.00596	0.00431	0.00131	0.00468	0.01841	0.00314	0.10323
2	0.01115	0.12928	0.18110	0.03225	0.05875	0.05575	0.06611	0.08777	0.08106	0.03138	0.02765	0.05693	0.07408	0.00596	0.00493	0.00141	0.03852	0.00485	0.00303	0.04803
3	0.01033	0.07051	0.15930	0.06723	0.08191	0.02580	0.03622	0.06092	0.10860	0.03887	0.09853	0.05694	0.06864	0.00628	0.00488	0.00142	0.02336	0.00527	0.00332	0.07166
4	0.00792	0.00667	0.03286	0.00648	0.00878	0.00535	0.00512	0.01000	0.03895	0.03860	0.11805	0.13844	0.20173	0.06022	0.00598	0.00152	0.00316	0.02962	0.00381	0.27675
5	0.03428	0.02332	0.12987	0.03719	0.10771	0.04857	0.06111	0.08368	0.04568	0.08129	0.05495	0.02609	0.05768	0.00543	0.00472	0.00132	0.02385	0.00454	0.00324	0.16546
6	0.01123	0.01383	0.26028	0.06361	0.17419	0.02863	0.05878	0.01498	0.04387	0.12122	0.05803	0.04019	0.04541	0.00551	0.00469	0.00144	0.00540	0.00482	0.00308	0.04078
7	0.00974	0.00789	0.00933	0.00687	0.01066	0.00603	0.00545	0.01175	0.00995	0.04493	0.05256	0.04454	0.01004	0.00431	0.00370	0.00081	0.00337	0.00356	0.00306	0.75144
8	0.00989	0.08950	0.04156	0.08568	0.06342	0.00904	0.02254	0.05652	0.01018	0.05618	0.06613	0.07524	0.02825	0.01195	0.16710	0.00258	0.06660	0.00505	0.00302	0.12959
9	0.01163	0.11222	0.21956	0.01041	0.03765	0.01009	0.04294	0.07160	0.01092	0.09324	0.00968	0.03006	0.00762	0.00460	0.00441	0.00118	0.03125	0.00364	0.00288	0.28440
10	0.00645	0.00451	0.00551	0.00592	0.00616	0.00450	0.00375	0.00725	0.03005	0.01059	0.01909	0.35454	0.02211	0.42871	0.06695	0.00356	0.00426	0.00922	0.00346	0.00342
11	0.00947	0.04054	0.21488	0.05428	0.08237	0.00923	0.09602	0.06790	0.02857	0.01635	0.20884	0.08262	0.01798	0.00659	0.00511	0.00148	0.02041	0.00584	0.00329	0.02823
12	0.00693	0.00482	0.00567	0.00556	0.00561	0.00507	0.00335	0.00707	0.00682	0.00923	0.01411	0.02876	0.01608	0.75074	0.06703	0.00455	0.04629	0.00653	0.00276	0.00301
13	0.01051	0.00750	0.00896	0.00855	0.03934	0.00783	0.00628	0.21535	0.04795	0.06219	0.05946	0.25054	0.10183	0.04086	0.04692	0.00201	0.02275	0.02667	0.02903	0.00548

[dist]
# distance from previous block
# <min> <max>
4	12

[block]
# block no. 3 follows, 55 sequences, length 23
# corresponding to MSA columns:
# 199-221
name=unknown_D
#
# <colnr> <probs for GDERKNQSTAVLIFYWHMCP>
#	G	D	E	R	K	N	Q	S	T	A	V	L	I	F	Y	W	H	M	C	P
0	0.03119	0.06081	0.03453	0.02630	0.08641	0.15392	0.00797	0.05226	0.04818	0.06055	0.01999	0.02821	0.03577	0.00651	0.04432	0.00148	0.03622	0.00392	0.00300	0.25844
1	0.00602	0.00474	0.00549	0.00565	0.00692	0.00421	0.00432	0.00753	0.01104	0.01407	0.21440	0.11732	0.45725	0.01167	0.00566	0.00165	0.00261	0.11089	0.00450	0.00407
2	0.06582	0.03060	0.01236	0.00938	0.01286	0.01190	0.01819	0.46946	0.07424	0.04619	0.01163	0.03330	0.00886	0.00542	0.00432	0.00130	0.00449	0.00419	0.03929	0.13621
3	0.01431	0.02952	0.04696	0.06586	0.09933	0.08226	0.10224	0.08719	0.04052	0.23545	0.07028	0.02460	0.01141	0.00535	0.00467	0.00138	0.00519	0.00466	0.00380	0.06502
4	0.00831	0.00752	0.01202	0.18313	0.15291	0.00821	0.06032	0.01033	0.00951	0.01288	0.05306	0.17389	0.08987	0.03300	0.05785	0.00211	0.08615	0.03086	0.00302	0.00504
5	0.01262	0.76610	0.05084	0.00829	0.01236	0.01793	0.00833	0.05656	0.01015	0.01208	0.00679	0.00775	0.00607	0.00408	0.00313	0.00103	0.00505	0.00261	0.00214	0.00611
6	0.00683	0.00529	0.00669	0.00721	0.00763	0.02462	0.00512	0.00777	0.00901	0.02755	0.03907	0.64176	0.04366	0.01352	0.02279	0.00196	0.09410	0.01130	0.02004	0.00408
7	0.01161	0.27819	0.38194	0.01226	0.05885	0.03974	0.04456	0.05372	0.02485	0.04158	0.00846	0.00964	0.00649	0.00440	0.00404	0.00131	0.00605	0.00336	0.00233	0.00664
8	0.00589	0.00472	0.00528	0.00530	0.00665	0.00411	0.00400	0.00736	0.01118	0.01419	0.24369	0.08938	0.52186	0.01140	0.00557	0.00159	0.00243	0.04682	0.00453	0.00406
9	0.00578	0.00469	0.00514	0.00524	0.00660	0.00406	0.00393	0.00712	0.01084	0.01347	0.15558	0.11389	0.58460	0.01175	0.00558	0.00161	0.00246	0.04923	0.00444	0.00400
10	0.01141	0.01113	0.01856	0.06729	0.69352	0.02677	0.03650	0.01412	0.01043	0.01476	0.00859	0.01147	0.00722	0.00436	0.00512	0.00142	0.04380	0.00416	0.00228	0.00708
11	0.00970	0.00695	0.00899	0.02430	0.09004	0.00714	0.00668	0.03247	0.19723	0.09900	0.05123	0.35902	0.03891	0.00992	0.00532	0.00169	0.00350	0.03794	0.00436	0.00560
12	0.01220	0.00944	0.01020	0.00904	0.01166	0.01065	0.00707	0.03935	0.65200	0.08869	0.04913	0.01777	0.01490	0.00634	0.00470	0.00154	0.00362	0.00527	0.03925	0.00719
13	0.02078	0.00807	0.01089	0.00835	0.01195	0.00706	0.00690	0.04552	0.01357	0.78750	0.01814	0.01570	0.01141	0.00575	0.00468	0.00144	0.00399	0.00466	0.00573	0.00792
14	0.00828	0.00699	0.01211	0.01076	0.03300	0.00682	0.20035	0.01005	0.00973	0.05324	0.03483	0.44461	0.03699	0.02384	0.00657	0.00182	0.05322	0.03830	0.00370	0.00480
15	0.00682	0.00497	0.00652	0.00646	0.00690	0.00544	0.00453	0.00770	0.00759	0.01053	0.05335	0.04806	0.03573	0.39177	0.32724	0.00520	0.04551	0.01921	0.00287	0.00359
16	0.00858	0.00535	0.00604	0.00561	0.00711	0.00516	0.00429	0.03353	0.06038	0.06361	0.26970	0.02765	0.16947	0.00797	0.00459	0.00135	0.00249	0.00671	0.30563	0.00478
17	0.01551	0.00688	0.00914	0.00745	0.01015	0.00611	0.00602	0.03460	0.01326	0.50154	0.25010	0.02363	0.06130	0.00733	0.00500	0.00147	0.00340	0.02508	0.00544	0.00659
18	0.00838	0.00733	0.04704	0.05709	0.06654	0.00645	0.08903	0.01060	0.01107	0.06335	0.21081	0.08565	0.21996	0.00852	0.00537	0.00153	0.01858	0.02114	0.05652	0.00502
19	0.01649	0.05064	0.01336	0.01164	0.01395	0.72785	0.00884	0.01772	0.01261	0.01134	0.00738	0.00887	0.00626	0.00626	0.04219	0.00151	0.03230	0.00310	0.00238	0.00535
20	0.44009	0.01363	0.22069	0.01001	0.06040	0.02832	0.00930	0.08486	0.02397	0.04131	0.00847	0.02543	0.00653	0.00474	0.00372	0.00145	0.00481	0.00334	0.00289	0.00603
21	0.04907	0.17337	0.23673	0.01323	0.13130	0.02800	0.04937	0.07195	0.06116	0.01561	0.00938	0.01070	0.01845	0.00456	0.00432	0.00130	0.02146	0.00362	0.00258	0.09385
22	0.02779	0.08324	0.06293	0.02656	0.11694	0.08446	0.04280	0.13879	0.11337	0.01670	0.04173	0.02935	0.07793	0.00739	0.04348	0.00171	0.05160	0.00483	0.00327	0.02511

[dist]
# distance from previous block
# <min> <max>
7	21

[block]
# block no. 4 follows, 55 sequences, length 36
# corresponding to MSA columns:
# 277,278,281-314
name=unknown_E
#
# <colnr> <probs for GDERKNQSTAVLIFYWHMCP>
#	G	D	E	R	K	N	Q	S	T	A	V	L	I	F	Y	W	H	M	C	P
0	0.02895	0.05573	0.02958	0.17128	0.17601	0.07737	0.10259	0.04290	0.05342	0.01399	0.02195	0.06434	0.00997	0.05178	0.05942	0.00203	0.02531	0.00495	0.00268	0.00576
1	0.04436	0.00936	0.08882	0.06026	0.12864	0.00844	0.04787	0.11121	0.01101	0.03489	0.04862	0.13065	0.01358	0.05116	0.13539	0.00260	0.00595	0.00584	0.05580	0.00557
2	0.22568	0.11155	0.04684	0.04482	0.07265	0.07487	0.03205	0.13032	0.03601	0.16800	0.01025	0.01075	0.00747	0.00483	0.00400	0.00137	0.00495	0.00361	0.00346	0.00651
3	0.01206	0.11020	0.15391	0.07799	0.09793	0.18941	0.04969	0.04066	0.01094	0.05109	0.01058	0.10035	0.00948	0.00713	0.04302	0.00169	0.02059	0.00470	0.00268	0.00591
4	0.01298	0.15868	0.02832	0.11761	0.14462	0.15211	0.00996	0.10751	0.06839	0.03432	0.00991	0.01141	0.02511	0.00510	0.00502	0.00135	0.06504	0.00381	0.00281	0.03592
5	0.07235	0.01074	0.09757	0.00886	0.01238	0.03651	0.02487	0.13174	0.01243	0.20662	0.05519	0.04233	0.02616	0.02519	0.01916	0.00148	0.02215	0.00451	0.00385	0.18591
6	0.01002	0.01058	0.02126	0.05887	0.04089	0.01018	0.52955	0.03086	0.04133	0.01469	0.01380	0.13821	0.04479	0.00604	0.00544	0.00161	0.00646	0.00670	0.00286	0.00585
7	0.00663	0.00449	0.00528	0.00540	0.00549	0.00452	0.00320	0.00684	0.00706	0.00948	0.01578	0.12267	0.01815	0.68525	0.07711	0.00441	0.00486	0.00739	0.00297	0.00302
8	0.13371	0.11290	0.26096	0.03223	0.01542	0.02850	0.06172	0.05445	0.01104	0.20431	0.01094	0.03594	0.00806	0.00502	0.00422	0.00141	0.00536	0.00397	0.00324	0.00660
9	0.00677	0.00451	0.00507	0.00507	0.00507	0.00451	0.00282	0.00677	0.00677	0.00902	0.01466	0.03044	0.01691	0.83650	0.02368	0.00451	0.00451	0.00677	0.00282	0.00282
10	0.00609	0.00446	0.00579	0.00670	0.00719	0.00428	0.00466	0.00764	0.04851	0.01255	0.04272	0.70498	0.05005	0.01387	0.00589	0.00187	0.00283	0.06155	0.00435	0.00401
11	0.01317	0.09258	0.04013	0.07384	0.29146	0.29749	0.01102	0.02822	0.01138	0.01329	0.02700	0.03890	0.00825	0.00503	0.00467	0.00133	0.02967	0.00397	0.00245	0.00612
12	0.03141	0.05360	0.12908	0.04914	0.09163	0.02231	0.00900	0.07768	0.04607	0.04961	0.02517	0.04213	0.00901	0.01882	0.00466	0.00124	0.02159	0.00395	0.00298	0.31092
13	0.04765	0.14078	0.04791	0.06291	0.05503	0.15456	0.04684	0.26045	0.08973	0.03569	0.00996	0.01077	0.00759	0.00497	0.00429	0.00134	0.00574	0.00379	0.00331	0.00669
14	0.01037	0.01050	0.01422	0.01221	0.01227	0.03575	0.01015	0.01139	0.00729	0.01120	0.00614	0.01013	0.00610	0.00805	0.01497	0.00201	0.80606	0.00404	0.00205	0.00510
15	0.01608	0.01182	0.01313	0.01056	0.04098	0.01257	0.00835	0.58442	0.04622	0.06016	0.03014	0.01196	0.00899	0.00538	0.00452	0.00131	0.00474	0.00416	0.00439	0.12014
16	0.00606	0.00421	0.00548	0.00632	0.00658	0.00401	0.00421	0.00670	0.00851	0.01133	0.02295	0.61233	0.02720	0.16656	0.00967	0.03216	0.00317	0.05501	0.00396	0.00357
17	0.01189	0.01320	0.01210	0.03064	0.01243	0.30579	0.00865	0.01315	0.00946	0.01114	0.00820	0.01189	0.00757	0.03196	0.19404	0.00301	0.30368	0.00395	0.00229	0.00494
18	0.09037	0.01164	0.10164	0.01306	0.15388	0.01012	0.05740	0.14435	0.04683	0.05274	0.00994	0.02241	0.00778	0.00470	0.00454	0.00127	0.02980	0.00387	0.01534	0.21833
19	0.00677	0.00536	0.00620	0.00630	0.00750	0.00526	0.00459	0.00988	0.13482	0.01430	0.16061	0.27293	0.26996	0.03397	0.03799	0.00196	0.00310	0.00961	0.00441	0.00448
20	0.00670	0.00452	0.00528	0.00533	0.00541	0.00457	0.00313	0.00687	0.00693	0.00931	0.01506	0.07160	0.01723	0.73089	0.08470	0.00460	0.00504	0.00697	0.00287	0.00297
21	0.01073	0.03071	0.03461	0.07654	0.07111	0.05083	0.24090	0.01597	0.19433	0.04281	0.05395	0.04393	0.07014	0.00619	0.00506	0.00154	0.00542	0.03570	0.00340	0.00612
22	0.04670	0.06313	0.03173	0.01402	0.15670	0.07013	0.08858	0.20038	0.06252	0.03722	0.02892	0.05198	0.00999	0.04487	0.00634	0.00161	0.07071	0.00476	0.00327	0.00643
23	0.00649	0.00463	0.00622	0.00644	0.00686	0.00495	0.00447	0.00740	0.00751	0.01039	0.01587	0.18582	0.01731	0.31110	0.37765	0.00532	0.00773	0.00726	0.00297	0.00361
24	0.00636	0.00502	0.00645	0.00654	0.02616	0.00454	0.02299	0.00807	0.01147	0.01519	0.35302	0.13319	0.31577	0.01088	0.00558	0.00159	0.00265	0.05572	0.00455	0.00426
25	0.01364	0.08979	0.10223	0.02654	0.13164	0.34027	0.04477	0.05395	0.05235	0.01376	0.00975	0.03075	0.02635	0.00520	0.00481	0.00135	0.04025	0.00392	0.00260	0.00607
26	0.01111	0.01214	0.02527	0.01817	0.02264	0.01150	0.69422	0.06583	0.01168	0.01572	0.01167	0.01429	0.05243	0.00448	0.00544	0.00156	0.00735	0.00565	0.00262	0.00625
27	0.00665	0.00498	0.00748	0.00748	0.00831	0.00582	0.00582	0.00831	0.00748	0.01080	0.01246	0.01828	0.01163	0.03489	0.81807	0.00748	0.01246	0.00498	0.00249	0.00415
28	0.01122	0.01281	0.10016	0.16121	0.37893	0.09444	0.05549	0.03119	0.03407	0.01444	0.00979	0.04621	0.00832	0.00497	0.00469	0.00145	0.00601	0.01564	0.00247	0.00649
29	0.01027	0.00901	0.01587	0.03482	0.23025	0.00877	0.21474	0.03804	0.02020	0.06575	0.06251	0.17690	0.04075	0.00795	0.02990	0.00175	0.00535	0.01794	0.00330	0.00594
30	0.00626	0.00486	0.00574	0.00580	0.00698	0.00446	0.00429	0.00832	0.04728	0.01501	0.31726	0.18871	0.32225	0.01126	0.00557	0.00161	0.00248	0.03299	0.00463	0.00424
31	0.03079	0.00637	0.02576	0.02378	0.09083	0.00587	0.00609	0.02580	0.02212	0.07368	0.05598	0.24823	0.26638	0.01131	0.03049	0.02459	0.01459	0.02858	0.00398	0.00479
32	0.01311	0.11026	0.11008	0.10737	0.09922	0.08324	0.06211	0.15970	0.06781	0.06936	0.01034	0.02969	0.00807	0.00521	0.00497	0.00143	0.04420	0.00418	0.00308	0.00660
33	0.09714	0.02814	0.06560	0.05302	0.13682	0.05893	0.03903	0.03806	0.02316	0.06243	0.02988	0.13409	0.01189	0.04452	0.01863	0.00170	0.06736	0.00538	0.00306	0.08119
34	0.01070	0.08256	0.18429	0.01360	0.17440	0.01024	0.02464	0.09205	0.07048	0.04307	0.02471	0.06752	0.02469	0.02487	0.10830	0.00228	0.00612	0.02616	0.00304	0.00629
35	0.03244	0.07711	0.10175	0.03367	0.13064	0.04645	0.04959	0.08225	0.03870	0.01438	0.01151	0.07258	0.01071	0.10618	0.14944	0.00283	0.00660	0.00501	0.00280	0.02535

[dist]
# distance from previous block
# <min> <max>
3	24

[block]
# block no. 5 follows, 55 sequences, length 56
# corresponding to MSA columns:
# 341-396
name=unknown_F
#
# <colnr> <probs for GDERKNQSTAVLIFYWHMCP>
#	G	D	E	R	K	N	Q	S	T	A	V	L	I	F	Y	W	H	M	C	P
0	0.10681	0.11688	0.05386	0.03835	0.01198	0.12255	0.01829	0.08916	0.05119	0.01463	0.01201	0.05359	0.04398	0.08858	0.09726	0.00237	0.05215	0.00463	0.00292	0.01882
1	0.01095	0.06292	0.04732	0.09015	0.28422	0.02392	0.10416	0.04938	0.01095	0.03908	0.05054	0.01449	0.04878	0.02519	0.00517	0.00141	0.01663	0.00456	0.00277	0.10742
2	0.00948	0.10036	0.04808	0.02580	0.04481	0.03795	0.02289	0.06048	0.03560	0.01324	0.03256	0.08779	0.02845	0.10807	0.14147	0.00290	0.12189	0.05677	0.01639	0.00502
3	0.07169	0.15620	0.07817	0.01206	0.11485	0.05051	0.03662	0.07902	0.18463	0.03933	0.02876	0.01306	0.02850	0.00611	0.02747	0.00155	0.03668	0.00416	0.00321	0.02742
4	0.00649	0.00467	0.00557	0.00577	0.00674	0.00424	0.00415	0.00769	0.01023	0.03555	0.18064	0.23023	0.28790	0.12752	0.00819	0.00207	0.00288	0.06121	0.00430	0.00396
5	0.00586	0.00423	0.00538	0.00623	0.00664	0.00395	0.00421	0.00668	0.00891	0.01171	0.02653	0.62305	0.10882	0.11016	0.00799	0.00217	0.00295	0.04669	0.00414	0.00370
6	0.03496	0.13170	0.14796	0.12299	0.10701	0.06498	0.06292	0.04502	0.08069	0.01451	0.02567	0.04769	0.01922	0.02530	0.00516	0.00149	0.02861	0.00443	0.00269	0.02700
7	0.01048	0.04215	0.07553	0.42084	0.14252	0.08787	0.02837	0.03659	0.03109	0.01329	0.00949	0.03498	0.01721	0.00505	0.00484	0.00148	0.02576	0.00430	0.00237	0.00579
8	0.01691	0.00801	0.00979	0.00782	0.01075	0.00772	0.00635	0.17695	0.01410	0.44241	0.01642	0.04403	0.01155	0.00596	0.00439	0.00137	0.00375	0.00480	0.19998	0.00696
9	0.00716	0.00535	0.00748	0.02666	0.05962	0.00569	0.01968	0.00809	0.00741	0.01026	0.01322	0.02397	0.01391	0.45199	0.31440	0.00528	0.00761	0.00585	0.00264	0.00373
10	0.01250	0.07241	0.18068	0.06224	0.11095	0.10212	0.19710	0.08546	0.01178	0.06644	0.01012	0.01182	0.02535	0.00475	0.00491	0.00143	0.02650	0.00424	0.00270	0.00651
11	0.00916	0.00832	0.01397	0.78713	0.04772	0.01026	0.01279	0.01222	0.00944	0.03301	0.00854	0.01247	0.00637	0.00467	0.00465	0.00154	0.00613	0.00415	0.00217	0.00529
12	0.02064	0.00830	0.01103	0.00846	0.01207	0.00740	0.00699	0.07978	0.01395	0.75270	0.01782	0.01549	0.01125	0.00575	0.00468	0.00144	0.00404	0.00464	0.00568	0.00792
13	0.01022	0.03170	0.36239	0.07095	0.13189	0.01062	0.16995	0.01421	0.01026	0.04095	0.03841	0.02652	0.00850	0.00483	0.00502	0.00149	0.03082	0.00441	0.02036	0.00647
14	0.00746	0.00561	0.00806	0.00767	0.00835	0.00651	0.01808	0.02709	0.00760	0.01081	0.01170	0.01872	0.01142	0.15188	0.51164	0.09117	0.08471	0.00507	0.00250	0.00395
15	0.01066	0.03956	0.16486	0.03853	0.04876	0.15210	0.07301	0.03221	0.02632	0.04233	0.01634	0.07560	0.10734	0.00915	0.06884	0.00197	0.00619	0.05948	0.02121	0.00555
16	0.02724	0.01674	0.38241	0.01738	0.23889	0.01062	0.09636	0.04600	0.01080	0.04657	0.03622	0.01188	0.00814	0.00529	0.02407	0.00160	0.00633	0.00412	0.00249	0.00685
17	0.00897	0.00797	0.01352	0.04577	0.15613	0.00841	0.14640	0.02464	0.00927	0.02437	0.03110	0.08005	0.01242	0.09956	0.23686	0.00356	0.06491	0.01816	0.00274	0.00518
18	0.01404	0.01363	0.08045	0.01257	0.03428	0.12429	0.12562	0.20376	0.07136	0.09270	0.02472	0.01263	0.02294	0.00576	0.00645	0.00153	0.13885	0.00443	0.00341	0.00659
19	0.01099	0.06418	0.21429	0.04703	0.31900	0.01124	0.11978	0.03267	0.03655	0.03591	0.00990	0.04585	0.00815	0.00484	0.00482	0.00145	0.01956	0.00449	0.00251	0.00678
20	0.00985	0.02603	0.19324	0.02603	0.06681	0.02439	0.05374	0.06250	0.08353	0.05494	0.14240	0.04005	0.14271	0.00731	0.00500	0.00152	0.00460	0.04577	0.00367	0.00590
21	0.00925	0.03926	0.14762	0.07737	0.11449	0.06002	0.06242	0.01207	0.02932	0.03063	0.06132	0.15010	0.11237	0.00789	0.00507	0.00157	0.00494	0.06558	0.00323	0.00548
22	0.01127	0.02831	0.23304	0.10238	0.17547	0.04474	0.07700	0.05387	0.04902	0.06836	0.02982	0.02571	0.03414	0.00575	0.01969	0.00158	0.02600	0.00451	0.00281	0.00652
23	0.01176	0.04755	0.10699	0.07834	0.22029	0.10588	0.11639	0.04123	0.02395	0.06334	0.09230	0.01451	0.02587	0.00587	0.02429	0.00156	0.00599	0.00466	0.00291	0.00631
24	0.01198	0.04152	0.23130	0.07427	0.20733	0.08993	0.10946	0.05029	0.04372	0.05540	0.00940	0.01122	0.00715	0.00465	0.00493	0.00144	0.03271	0.00403	0.00257	0.00669
25	0.01111	0.01311	0.19724	0.03042	0.19893	0.02110	0.19597	0.02409	0.01074	0.09564	0.01250	0.08010	0.02169	0.00641	0.02392	0.00167	0.00610	0.03990	0.00290	0.00645
26	0.01141	0.04825	0.12059	0.09434	0.28418	0.04302	0.13443	0.03221	0.01102	0.06975	0.04309	0.02629	0.03187	0.00515	0.00477	0.00145	0.00581	0.02311	0.00277	0.00649
27	0.02806	0.01385	0.23266	0.09586	0.16759	0.02412	0.11104	0.06153	0.02456	0.10692	0.01161	0.04163	0.02670	0.00592	0.02612	0.00164	0.00604	0.00463	0.00291	0.00660
28	0.01114	0.04226	0.15683	0.05398	0.06848	0.02462	0.11348	0.03983	0.08229	0.12436	0.08696	0.09436	0.06770	0.00665	0.00491	0.00151	0.00497	0.00592	0.00358	0.00618
29	0.01068	0.03680	0.10244	0.08758	0.10284	0.02363	0.05179	0.09206	0.04134	0.08223	0.02539	0.15552	0.06718	0.02986	0.02109	0.00176	0.01861	0.03990	0.00347	0.00584
30	0.00953	0.03268	0.46499	0.05928	0.14780	0.01017	0.03727	0.01348	0.00973	0.02548	0.01028	0.08590	0.00892	0.03478	0.00559	0.00162	0.02911	0.00468	0.00234	0.00637
31	0.01186	0.04247	0.06994	0.14442	0.18533	0.02364	0.09747	0.03075	0.02712	0.14295	0.01232	0.08420	0.01051	0.02581	0.00581	0.00160	0.04769	0.02674	0.00312	0.00625
32	0.00933	0.01199	0.20704	0.11654	0.14529	0.00901	0.07483	0.05559	0.01042	0.01436	0.01370	0.09868	0.02775	0.07929	0.00668	0.00186	0.00552	0.10353	0.00286	0.00571
33	0.01071	0.02727	0.03095	0.20335	0.40207	0.01112	0.19150	0.01398	0.02305	0.01435	0.00916	0.01260	0.00741	0.00438	0.00481	0.00147	0.00617	0.01679	0.00232	0.00654
34	0.00672	0.00499	0.00618	0.00691	0.03815	0.00456	0.00479	0.00826	0.02941	0.04283	0.08343	0.35458	0.31744	0.01216	0.00565	0.00172	0.00282	0.06074	0.00435	0.00429
35	0.01185	0.01215	0.13624	0.14371	0.21347	0.01088	0.11140	0.01505	0.02856	0.12989	0.00993	0.01209	0.00750	0.00513	0.00633	0.00156	0.13068	0.00430	0.00274	0.00655
36	0.00673	0.00465	0.00579	0.00579	0.00603	0.00490	0.00371	0.00722	0.00698	0.00955	0.01401	0.02683	0.01534	0.59832	0.25972	0.00539	0.00687	0.00624	0.00272	0.00322
37	0.03820	0.00950	0.04775	0.00873	0.01221	0.00856	0.00739	0.17089	0.03764	0.52257	0.01597	0.01555	0.01087	0.06508	0.00598	0.00166	0.00434	0.00464	0.00506	0.00742
38	0.01769	0.01143	0.05128	0.02974	0.01447	0.01113	0.04121	0.41444	0.01724	0.30558	0.01373	0.02892	0.00947	0.00567	0.00471	0.00144	0.00488	0.00456	0.00475	0.00765
39	0.00627	0.00500	0.00570	0.00563	0.00691	0.00480	0.00419	0.00808	0.04741	0.01251	0.06614	0.03523	0.46804	0.09510	0.18911	0.00316	0.00488	0.00807	0.01970	0.00406
40	0.01314	0.61127	0.09164	0.00938	0.02971	0.05934	0.02770	0.01507	0.01010	0.08400	0.00787	0.00869	0.00652	0.00423	0.00342	0.00111	0.00531	0.00290	0.00237	0.00623
41	0.00808	0.00404	0.00606	0.00606	0.00606	0.00404	0.00404	0.00606	0.00606	0.00808	0.00808	0.01414	0.00808	0.01616	0.01818	0.86465	0.00404	0.00404	0.00202	0.00202
42	0.01149	0.15727	0.09111	0.01479	0.06686	0.06579	0.28941	0.02991	0.08167	0.01416	0.00956	0.03286	0.00789	0.00506	0.00588	0.00148	0.10153	0.00453	0.00253	0.00621
43	0.01303	0.45988	0.04850	0.01133	0.07419	0.15965	0.06211	0.04102	0.04860	0.01280	0.00865	0.00975	0.02353	0.00448	0.00374	0.00117	0.00578	0.00329	0.00238	0.00611
44	0.00692	0.00480	0.00563	0.00553	0.00557	0.00504	0.00331	0.00705	0.00682	0.00921	0.01414	0.02890	0.01615	0.75896	0.06078	0.00453	0.04434	0.00655	0.00277	0.00299
45	0.01179	0.04793	0.16838	0.03759	0.08413	0.04884	0.02317	0.12200	0.13217	0.06917	0.11755	0.01651	0.04863	0.00611	0.00520	0.00147	0.04435	0.00493	0.00359	0.00649
46	0.00635	0.00489	0.00596	0.00639	0.02381	0.00457	0.00442	0.00826	0.05113	0.01416	0.23563	0.31168	0.23778	0.05521	0.00655	0.00180	0.00268	0.01011	0.00443	0.00419
47	0.00684	0.00478	0.00619	0.00597	0.00709	0.00439	0.00447	0.00880	0.01249	0.03962	0.62924	0.11724	0.09593	0.01017	0.00553	0.00153	0.00236	0.02800	0.00498	0.00439
48	0.33527	0.03812	0.31963	0.00986	0.01443	0.01049	0.03545	0.02794	0.00976	0.12831	0.00902	0.00986	0.00643	0.00464	0.00411	0.00146	0.02274	0.00333	0.00290	0.00626
49	0.01139	0.01011	0.01378	0.03573	0.28295	0.01093	0.03307	0.06439	0.37626	0.01789	0.04005	0.04543	0.01286	0.00593	0.00480	0.00152	0.00450	0.01763	0.00376	0.00704
50	0.00632	0.00475	0.00537	0.00523	0.00647	0.00420	0.00380	0.00768	0.01096	0.03092	0.28008	0.05611	0.43589	0.11257	0.00773	0.00190	0.00261	0.00897	0.00442	0.00402
51	0.02545	0.12561	0.29319	0.01147	0.05008	0.08104	0.02907	0.02787	0.13528	0.03009	0.05974	0.01365	0.03239	0.00650	0.03596	0.00165	0.02752	0.00422	0.00288	0.00633
52	0.00657	0.00462	0.00516	0.00515	0.00554	0.00442	0.00310	0.00687	0.00761	0.00995	0.02048	0.08137	0.14695	0.62747	0.01904	0.00376	0.00402	0.00755	0.00316	0.02721
53	0.02877	0.28088	0.07980	0.03656	0.04394	0.06943	0.00899	0.13680	0.21396	0.01670	0.01127	0.03428	0.00911	0.00525	0.00408	0.00132	0.00502	0.00399	0.00323	0.00661
54	0.01302	0.18968	0.33294	0.01089	0.01574	0.05587	0.04354	0.05254	0.02455	0.16951	0.01129	0.02679	0.02361	0.00501	0.00427	0.00136	0.00573	0.00392	0.00301	0.00672
55	0.02747	0.06656	0.13288	0.00852	0.03318	0.00796	0.02795	0.07789	0.04524	0.06042	0.12730	0.07835	0.27131	0.00832	0.00496	0.00149	0.00387	0.00698	0.00389	0.00546

[dist]
# distance from previous block
# <min> <max>
0	6

[block]
# block no. 6 follows, 55 sequences, length 21
# corresponding to MSA columns:
# 413-433
name=unknown_G
#
# <colnr> <probs for GDERKNQSTAVLIFYWHMCP>
#	G	D	E	R	K	N	Q	S	T	A	V	L	I	F	Y	W	H	M	C	P
0	0.00693	0.03055	0.00649	0.00649	0.00721	0.00488	0.00456	0.03015	0.00941	0.03622	0.04919	0.54211	0.07277	0.08206	0.06745	0.00241	0.00370	0.01068	0.02268	0.00408
1	0.01416	0.02284	0.01197	0.00930	0.03714	0.04743	0.04036	0.14341	0.01294	0.21322	0.03842	0.01237	0.00943	0.00469	0.00417	0.00111	0.00432	0.00383	0.00383	0.36508
2	0.02939	0.03810	0.18618	0.02861	0.08195	0.00824	0.01804	0.04530	0.04468	0.06149	0.12514	0.09235	0.07022	0.00678	0.00468	0.00140	0.00435	0.02264	0.00345	0.12700
3	0.01174	0.00841	0.01001	0.00727	0.01130	0.00665	0.00586	0.04606	0.01073	0.14022	0.00997	0.01068	0.00766	0.00390	0.00369	0.00084	0.00360	0.00312	0.00331	0.69500
4	0.00593	0.00434	0.00564	0.00642	0.00700	0.00398	0.00444	0.00694	0.00938	0.01253	0.07311	0.67154	0.08249	0.01362	0.00581	0.00181	0.00274	0.04391	0.00431	0.03408
5	0.01355	0.34250	0.03375	0.02488	0.04948	0.17514	0.02558	0.13869	0.06481	0.01512	0.02500	0.04323	0.00892	0.00523	0.00401	0.00125	0.00559	0.01419	0.00288	0.00619
6	0.00719	0.00559	0.00776	0.18123	0.05491	0.00594	0.00591	0.00821	0.00808	0.01066	0.01643	0.17827	0.05016	0.42343	0.01446	0.00309	0.00449	0.00742	0.00298	0.00380
7	0.02656	0.28016	0.15709	0.01037	0.03756	0.09501	0.02344	0.08333	0.03201	0.17119	0.03435	0.01123	0.00863	0.00486	0.00405	0.00128	0.00540	0.00364	0.00319	0.00664
8	0.01102	0.19773	0.22221	0.01342	0.11821	0.03605	0.07947	0.07004	0.03046	0.01476	0.03366	0.04711	0.02975	0.00556	0.00503	0.00142	0.05270	0.02249	0.00263	0.00629
9	0.00576	0.00425	0.00541	0.00625	0.00680	0.00390	0.00433	0.00675	0.00946	0.01240	0.06611	0.63265	0.15851	0.01380	0.00587	0.00183	0.00269	0.04502	0.00436	0.00385
10	0.01044	0.01072	0.10825	0.11032	0.13323	0.00943	0.10734	0.11673	0.03960	0.04244	0.07168	0.07904	0.07794	0.00779	0.03972	0.00178	0.00545	0.01873	0.00331	0.00605
11	0.00910	0.00788	0.01249	0.11182	0.09967	0.02246	0.11807	0.04429	0.01846	0.03371	0.03944	0.08116	0.03956	0.07704	0.24067	0.00348	0.02684	0.00582	0.00290	0.00513
12	0.01076	0.00900	0.01367	0.36497	0.20948	0.01004	0.01108	0.05761	0.09972	0.06655	0.01241	0.03905	0.03490	0.03457	0.00539	0.00161	0.00526	0.00485	0.00298	0.00611
13	0.01482	0.01162	0.01430	0.07970	0.11408	0.01260	0.03613	0.44984	0.11274	0.04078	0.01151	0.01213	0.00846	0.00524	0.00462	0.00140	0.00506	0.00428	0.00400	0.05672
14	0.00565	0.00413	0.00532	0.00627	0.00669	0.00380	0.00423	0.00650	0.00911	0.01196	0.02816	0.74096	0.12166	0.01425	0.00589	0.00185	0.00266	0.01283	0.00432	0.00380
15	0.03859	0.06962	0.20568	0.01120	0.01500	0.04727	0.12983	0.01642	0.22813	0.02641	0.03286	0.05822	0.06837	0.00676	0.02381	0.00164	0.00542	0.00528	0.00327	0.00625
16	0.01370	0.01311	0.06251	0.01734	0.23436	0.10829	0.16791	0.12269	0.04085	0.10633	0.01078	0.03226	0.00838	0.00505	0.00516	0.00145	0.03528	0.00457	0.00315	0.00685
17	0.01315	0.06833	0.05074	0.08980	0.36104	0.08108	0.02767	0.13031	0.05961	0.05902	0.00990	0.01153	0.00769	0.00467	0.00449	0.00138	0.00565	0.00403	0.00293	0.00698
18	0.09205	0.01046	0.02977	0.02475	0.05021	0.04487	0.06836	0.26425	0.04846	0.07113	0.04977	0.02895	0.04447	0.11813	0.00716	0.00184	0.00485	0.00502	0.00377	0.03174
19	0.07857	0.07028	0.05976	0.07494	0.25161	0.05292	0.04299	0.08056	0.06288	0.05500	0.04142	0.03225	0.02832	0.00528	0.00471	0.00141	0.02559	0.00444	0.00303	0.02403
20	0.08153	0.19024	0.16296	0.00961	0.03240	0.02981	0.03721	0.07372	0.07960	0.02534	0.05481	0.06903	0.10425	0.00653	0.00439	0.00142	0.00469	0.02336	0.00321	0.00589

[dist]
# distance from previous block
# <min> <max>
5	78

[block]
# block no. 7 follows, 55 sequences, length 25
# corresponding to MSA columns:
# 530-554
name=unknown_H
#
# <colnr> <probs for GDERKNQSTAVLIFYWHMCP>
#	G	D	E	R	K	N	Q	S	T	A	V	L	I	F	Y	W	H	M	C	P
0	0.01333	0.07126	0.12980	0.02567	0.12208	0.09531	0.05781	0.06301	0.08432	0.15104	0.02383	0.02642	0.00970	0.00524	0.00449	0.00136	0.00537	0.02719	0.00337	0.07940
1	0.02646	0.04362	0.12351	0.01244	0.13884	0.07500	0.02118	0.07009	0.11105	0.11982	0.07992	0.03092	0.03842	0.00566	0.00452	0.00136	0.00483	0.00470	0.00357	0.08410
2	0.01184	0.01058	0.05980	0.01111	0.08315	0.08067	0.07376	0.02685	0.13062	0.12977	0.06464	0.05271	0.08625	0.00629	0.00470	0.00137	0.00459	0.01720	0.00374	0.14037
3	0.03985	0.01022	0.03760	0.03558	0.24295	0.03028	0.09530	0.09758	0.05316	0.07953	0.09256	0.07622	0.03784	0.00617	0.00506	0.00147	0.02196	0.00553	0.00347	0.02769
4	0.03974	0.01074	0.07019	0.14443	0.08944	0.05702	0.00927	0.07162	0.05821	0.05772	0.01052	0.03792	0.00870	0.00639	0.03745	0.00156	0.04826	0.02006	0.00298	0.21780
5	0.07967	0.00950	0.01276	0.13021	0.20496	0.00969	0.00925	0.10362	0.08526	0.08338	0.02455	0.03319	0.00919	0.00495	0.00431	0.00131	0.00457	0.00419	0.00329	0.18216
6	0.10478	0.00852	0.01189	0.01455	0.29200	0.00840	0.00858	0.04705	0.03174	0.09529	0.20668	0.01907	0.04353	0.00612	0.00462	0.00139	0.00400	0.01950	0.00370	0.06857
7	0.03197	0.00875	0.01113	0.08734	0.16860	0.04417	0.00778	0.02720	0.01006	0.03625	0.01268	0.07845	0.05635	0.06162	0.00555	0.00139	0.00434	0.00475	0.00293	0.33870
8	0.03258	0.03868	0.01695	0.15283	0.40337	0.04910	0.05795	0.09810	0.01157	0.01598	0.00873	0.01116	0.00701	0.00435	0.00447	0.00135	0.00564	0.00397	0.00257	0.07364
9	0.36379	0.01319	0.01242	0.01322	0.17787	0.22073	0.04690	0.05084	0.01068	0.01716	0.00755	0.00907	0.00605	0.00442	0.00381	0.00135	0.00552	0.00321	0.00269	0.02954
10	0.00722	0.00542	0.00741	0.06094	0.01045	0.00541	0.00709	0.00926	0.01067	0.01370	0.05062	0.04805	0.15703	0.01204	0.00613	0.00199	0.00402	0.57410	0.00417	0.00428
11	0.01197	0.01205	0.01780	0.04538	0.68037	0.09983	0.01340	0.01455	0.01091	0.01479	0.02939	0.01180	0.00814	0.00437	0.00458	0.00137	0.00577	0.00413	0.00238	0.00702
12	0.00570	0.00468	0.00502	0.00501	0.00643	0.00400	0.00373	0.00704	0.01096	0.01361	0.18011	0.08667	0.62785	0.01153	0.00552	0.00157	0.00235	0.00976	0.00446	0.00400
13	0.00965	0.00909	0.01534	0.47140	0.32793	0.01022	0.01293	0.01248	0.00977	0.01316	0.00948	0.06055	0.00810	0.00504	0.00471	0.00151	0.00574	0.00468	0.00229	0.00593
14	0.02907	0.00963	0.03624	0.00980	0.05637	0.00868	0.00772	0.15329	0.05003	0.44544	0.01468	0.01367	0.00986	0.00527	0.00446	0.00133	0.00424	0.00425	0.00474	0.13122
15	0.01892	0.00821	0.01165	0.00891	0.01246	0.00728	0.05307	0.04464	0.01296	0.66061	0.01683	0.01534	0.01094	0.00709	0.04787	0.00173	0.00465	0.00464	0.00521	0.04699
16	0.86937	0.00900	0.00684	0.00612	0.00900	0.01044	0.00504	0.01368	0.00792	0.02087	0.00648	0.00756	0.00504	0.00432	0.00288	0.00144	0.00360	0.00252	0.00288	0.00504
17	0.01095	0.01880	0.50878	0.01179	0.01715	0.01099	0.01350	0.09845	0.17408	0.04321	0.03922	0.01259	0.00934	0.00516	0.00456	0.00149	0.00577	0.00411	0.00305	0.00703
18	0.01401	0.01112	0.01187	0.00996	0.01300	0.01257	0.00799	0.34757	0.44565	0.02343	0.01585	0.01590	0.01196	0.00622	0.00476	0.00152	0.00431	0.03013	0.00469	0.00749
19	0.00889	0.00838	0.01415	0.79342	0.06309	0.01036	0.01297	0.01198	0.00935	0.01202	0.00829	0.01237	0.00625	0.00463	0.00465	0.00154	0.00617	0.00413	0.00208	0.00526
20	0.00600	0.00458	0.00621	0.09223	0.00931	0.00450	0.00510	0.00707	0.00908	0.01188	0.02591	0.64130	0.11296	0.03300	0.00618	0.00188	0.00307	0.01174	0.00405	0.00392
21	0.03309	0.01137	0.01725	0.03921	0.51151	0.06941	0.07988	0.06012	0.01137	0.03100	0.01043	0.04962	0.00920	0.00517	0.00476	0.00145	0.00567	0.04002	0.00271	0.00677
22	0.02638	0.01118	0.01713	0.32468	0.26216	0.08237	0.12027	0.03955	0.01057	0.01397	0.00845	0.01158	0.00669	0.00458	0.00513	0.00148	0.04123	0.00420	0.00231	0.00609
23	0.10681	0.02325	0.04991	0.10262	0.23809	0.07462	0.12941	0.06982	0.03987	0.04102	0.01028	0.04517	0.00858	0.00510	0.00458	0.00146	0.00570	0.02347	0.00284	0.01742
24	0.04897	0.02450	0.02540	0.15357	0.16358	0.10326	0.04654	0.13067	0.08899	0.03649	0.04687	0.04068	0.02386	0.00589	0.01417	0.00151	0.01689	0.00467	0.00320	0.02028

[dist]
# distance from previous block
# <min> <max>
1	19

[block]
# block no. 8 follows, 55 sequences, length 43
# corresponding to MSA columns:
# 580-609,611-623
name=unknown_I
#
# <colnr> <probs for GDERKNQSTAVLIFYWHMCP>
#	G	D	E	R	K	N	Q	S	T	A	V	L	I	F	Y	W	H	M	C	P
0	0.03736	0.03271	0.34429	0.01255	0.07551	0.04190	0.04065	0.14168	0.07685	0.03756	0.03058	0.01484	0.06467	0.00558	0.00460	0.00147	0.00563	0.02179	0.00310	0.00667
1	0.03307	0.03286	0.07448	0.13931	0.24839	0.11162	0.05206	0.02185	0.02004	0.03557	0.01078	0.01275	0.05117	0.00483	0.00468	0.00134	0.02547	0.00410	0.00257	0.11306
2	0.00937	0.03867	0.02763	0.02050	0.06482	0.02517	0.03043	0.03049	0.09353	0.06752	0.03719	0.26302	0.02046	0.04781	0.01854	0.00196	0.02505	0.16875	0.00392	0.00517
3	0.00631	0.00541	0.00657	0.00620	0.00779	0.00489	0.04761	0.00846	0.06353	0.01347	0.09183	0.15735	0.54117	0.01124	0.00551	0.00161	0.00279	0.00968	0.00429	0.00430
4	0.00978	0.01440	0.28170	0.09860	0.28702	0.01007	0.09028	0.01343	0.01039	0.01483	0.07699	0.05053	0.01090	0.00519	0.00477	0.00148	0.00586	0.00482	0.00250	0.00646
5	0.00898	0.00480	0.00494	0.00476	0.00597	0.00484	0.00361	0.04968	0.01059	0.01803	0.06805	0.01821	0.01387	0.00570	0.00347	0.00113	0.00232	0.00460	0.76194	0.00452
6	0.00984	0.00860	0.01059	0.00770	0.01176	0.00684	0.04481	0.01275	0.06275	0.01544	0.00904	0.01031	0.00739	0.00366	0.00363	0.00079	0.00368	0.00306	0.00287	0.76448
7	0.00596	0.00481	0.00527	0.00528	0.00662	0.00412	0.00380	0.00708	0.01002	0.01259	0.07111	0.19290	0.50553	0.07804	0.00691	0.00180	0.00266	0.00969	0.00413	0.06168
8	0.01221	0.01008	0.01063	0.00934	0.01203	0.01154	0.00733	0.12432	0.65363	0.02063	0.01771	0.01655	0.01325	0.00617	0.00464	0.00153	0.00379	0.00507	0.05228	0.00727
