[name]
unknown

[dist]
# distance from previous block
# <min> <max>
0	43

[block]
# block no. 0 follows, 68 sequences, length 27
# corresponding to MSA columns:
# 58-84
name=unknown_A
#
# <colnr> <probs for GDERKNQSTAVLIFYWHMCP>
#	G	D	E	R	K	N	Q	S	T	A	V	L	I	F	Y	W	H	M	C	P
0	0.01248	0.03103	0.02220	0.00929	0.05095	0.01023	0.03078	0.42777	0.14712	0.05960	0.01089	0.02312	0.00836	0.00515	0.01483	0.00124	0.00410	0.02845	0.00358	0.09884
1	0.00784	0.00709	0.02589	0.37669	0.04688	0.00795	0.00815	0.04130	0.17200	0.01243	0.06766	0.07814	0.02815	0.03743	0.03767	0.00161	0.01651	0.00473	0.00271	0.01917
2	0.00762	0.00718	0.01213	0.80371	0.07369	0.00884	0.01108	0.01025	0.00799	0.01029	0.00707	0.01053	0.00534	0.00394	0.00396	0.00131	0.00525	0.00352	0.00177	0.00451
3	0.00676	0.00596	0.02838	0.05576	0.05633	0.03327	0.01815	0.01798	0.00738	0.01019	0.01239	0.17304	0.02558	0.17379	0.22963	0.00310	0.03198	0.00552	0.01620	0.08861
4	0.02817	0.00719	0.02354	0.10383	0.07554	0.03464	0.09840	0.03026	0.07122	0.03650	0.01429	0.22071	0.06271	0.04147	0.05628	0.00181	0.06733	0.01885	0.00281	0.00445
5	0.00807	0.00688	0.00805	0.00582	0.00920	0.00520	0.00464	0.00984	0.00839	0.01309	0.05447	0.00945	0.00768	0.00323	0.00304	0.00063	0.00288	0.00263	0.00246	0.83436
6	0.01481	0.01890	0.01124	0.01021	0.01226	0.84474	0.00766	0.01583	0.01124	0.00970	0.00613	0.00715	0.00511	0.00409	0.00358	0.00102	0.00715	0.00255	0.00204	0.00460
7	0.00475	0.00396	0.00415	0.00423	0.00543	0.00335	0.00312	0.00576	0.00899	0.01091	0.07883	0.12647	0.70603	0.01020	0.00473	0.00136	0.00203	0.00862	0.00372	0.00335
8	0.00475	0.00384	0.00423	0.00450	0.00549	0.00332	0.00323	0.00568	0.00864	0.01065	0.05286	0.28967	0.56784	0.01073	0.00480	0.00142	0.00209	0.00923	0.00370	0.00332
9	0.00494	0.00401	0.00437	0.00432	0.00552	0.00345	0.00323	0.00616	0.00958	0.01208	0.25101	0.05868	0.59964	0.00959	0.00469	0.00132	0.00198	0.00813	0.00386	0.00345
10	0.01051	0.00884	0.00933	0.00820	0.01056	0.01017	0.00643	0.12114	0.72764	0.01763	0.01531	0.01413	0.01143	0.00530	0.00403	0.00133	0.00329	0.00437	0.00403	0.00633
11	0.88866	0.00767	0.00583	0.00521	0.00767	0.00889	0.00429	0.01166	0.00675	0.01779	0.00552	0.00644	0.00429	0.00368	0.00245	0.00123	0.00307	0.00215	0.00245	0.00429
12	0.00986	0.00852	0.00897	0.00807	0.01031	0.00986	0.00628	0.02107	0.82876	0.01659	0.01614	0.01479	0.01210	0.00538	0.00403	0.00134	0.00314	0.00448	0.00403	0.00628
13	0.00822	0.00705	0.00822	0.00587	0.00940	0.00529	0.00470	0.00998	0.00822	0.01292	0.00705	0.00822	0.00587	0.00294	0.00294	0.00059	0.00294	0.00235	0.00235	0.88490
14	0.88866	0.00767	0.00583	0.00521	0.00767	0.00889	0.00429	0.01166	0.00675	0.01779	0.00552	0.00644	0.00429	0.00368	0.00245	0.00123	0.00307	0.00215	0.00245	0.00429
15	0.00808	0.00462	0.00471	0.00446	0.00565	0.00483	0.00341	0.05611	0.09527	0.01554	0.01308	0.01449	0.01018	0.00471	0.00297	0.00098	0.00212	0.00377	0.74088	0.00414
16	0.88866	0.00767	0.00583	0.00521	0.00767	0.00889	0.00429	0.01166	0.00675	0.01779	0.00552	0.00644	0.00429	0.00368	0.00245	0.00123	0.00307	0.00215	0.00245	0.00429
17	0.00981	0.00942	0.01609	0.02434	0.83592	0.00942	0.01217	0.01217	0.00903	0.01295	0.00746	0.00981	0.00628	0.00353	0.00393	0.00118	0.00471	0.00353	0.00196	0.00628
18	0.01237	0.00976	0.01038	0.00858	0.01126	0.01103	0.00688	0.40635	0.43940	0.02062	0.01296	0.01226	0.00953	0.00508	0.00400	0.00127	0.00373	0.00404	0.00400	0.00650
19	0.01324	0.01021	0.01075	0.00871	0.01152	0.02788	0.00704	0.49449	0.31336	0.04201	0.01202	0.01149	0.00874	0.00498	0.00398	0.00124	0.00395	0.00389	0.00398	0.00653
20	0.00889	0.00822	0.01028	0.00905	0.00999	0.01052	0.00731	0.02779	0.31385	0.01251	0.01123	0.06584	0.02828	0.00674	0.00880	0.00156	0.44685	0.00446	0.00280	0.00501
21	0.01291	0.00657	0.00762	0.00619	0.00841	0.00653	0.00500	0.21011	0.01189	0.30676	0.01306	0.01305	0.00921	0.00475	0.00349	0.00109	0.00299	0.00377	0.36109	0.00551
22	0.00885	0.01737	0.60754	0.04691	0.07552	0.00929	0.08819	0.04623	0.00903	0.04333	0.00763	0.00901	0.00546	0.00380	0.00389	0.00126	0.00568	0.00322	0.00194	0.00585
23	0.02137	0.00838	0.04325	0.00853	0.02105	0.07875	0.05144	0.12740	0.03521	0.05140	0.01749	0.42632	0.03487	0.02000	0.01642	0.00173	0.00410	0.02351	0.00377	0.00502
24	0.00486	0.00351	0.00455	0.00537	0.00566	0.00325	0.00358	0.00554	0.00761	0.01006	0.02271	0.76782	0.08078	0.04733	0.00566	0.00168	0.00234	0.01085	0.00363	0.00320
25	0.00891	0.00775	0.03916	0.02274	0.11498	0.00719	0.19582	0.08744	0.02670	0.07131	0.21432	0.06501	0.06320	0.00589	0.00437	0.00128	0.00394	0.01699	0.03800	0.00500
26	0.02727	0.08586	0.13166	0.33930	0.03374	0.03797	0.06140	0.16722	0.02320	0.04381	0.00786	0.00966	0.00582	0.00405	0.00382	0.00123	0.00509	0.00337	0.00236	0.00533

[dist]
# distance from previous block
# <min> <max>
2	22

[block]
# block no. 1 follows, 68 sequences, length 144
# corresponding to MSA columns:
# 107-250
name=unknown_B
#
# <colnr> <probs for GDERKNQSTAVLIFYWHMCP>
#	G	D	E	R	K	N	Q	S	T	A	V	L	I	F	Y	W	H	M	C	P
0	0.18562	0.20803	0.14484	0.02011	0.10934	0.05288	0.04492	0.02641	0.00837	0.03094	0.00660	0.00789	0.00532	0.00373	0.00360	0.00109	0.04137	0.00272	0.00209	0.09413
1	0.00647	0.00443	0.00567	0.00556	0.00628	0.00463	0.00400	0.04941	0.00763	0.03786	0.05143	0.13528	0.06642	0.24707	0.31500	0.00386	0.00584	0.00595	0.03376	0.00346
2	0.01019	0.04407	0.01566	0.06183	0.45552	0.08662	0.12103	0.01345	0.09907	0.02152	0.00830	0.01015	0.00669	0.00387	0.00417	0.00121	0.02498	0.00365	0.00221	0.00581
3	0.00718	0.00653	0.00926	0.00844	0.00871	0.00861	0.00680	0.00822	0.00636	0.00949	0.00904	0.11143	0.00931	0.01544	0.29873	0.00332	0.46243	0.00466	0.00210	0.00393
4	0.00545	0.00401	0.00516	0.00522	0.00580	0.00414	0.00370	0.00634	0.00700	0.00943	0.05786	0.09196	0.15908	0.26916	0.34360	0.00410	0.00599	0.00614	0.00272	0.00315
5	0.01418	0.07650	0.03972	0.00988	0.01236	0.61425	0.02177	0.11973	0.01181	0.02333	0.00673	0.00761	0.00541	0.00410	0.00358	0.00104	0.00643	0.00272	0.00230	0.01657
6	0.00488	0.00402	0.00429	0.00422	0.00548	0.00343	0.00317	0.00607	0.00951	0.01182	0.21038	0.03633	0.66341	0.00963	0.00468	0.00132	0.00198	0.00811	0.00383	0.00343
7	0.01470	0.01119	0.01167	0.00909	0.01216	0.03999	0.00745	0.74010	0.07458	0.02389	0.00986	0.00981	0.00706	0.00478	0.00396	0.00120	0.00437	0.00360	0.00391	0.00664
8	0.00996	0.49805	0.30334	0.00902	0.04013	0.02686	0.00969	0.02314	0.00847	0.02998	0.00643	0.00739	0.00524	0.00359	0.00308	0.00102	0.00485	0.00252	0.00181	0.00545
9	0.00544	0.00386	0.00460	0.00473	0.00510	0.00378	0.00306	0.00597	0.00696	0.00923	0.07309	0.16343	0.13433	0.45629	0.10027	0.00321	0.00390	0.00698	0.00290	0.00288
10	0.01779	0.00675	0.00920	0.00705	0.01012	0.00583	0.00583	0.01932	0.01135	0.83867	0.01564	0.01350	0.00981	0.00491	0.00399	0.00123	0.00337	0.00399	0.00491	0.00675
11	0.00974	0.00952	0.04276	0.10463	0.66895	0.00927	0.04710	0.01222	0.00898	0.03763	0.00768	0.00999	0.00624	0.00362	0.00396	0.00120	0.00485	0.00358	0.00202	0.00606
12	0.00960	0.09394	0.54771	0.02938	0.06063	0.00963	0.03767	0.04530	0.02497	0.09288	0.00811	0.00905	0.00580	0.00389	0.00373	0.00121	0.00531	0.00311	0.00215	0.00589
13	0.01025	0.01165	0.02980	0.29745	0.06870	0.28601	0.01971	0.01197	0.00869	0.01007	0.00661	0.00937	0.00555	0.02081	0.02427	0.00145	0.16794	0.00325	0.00188	0.00456
14	0.14026	0.23633	0.06505	0.02340	0.30220	0.14773	0.00899	0.01261	0.00874	0.01212	0.00642	0.00789	0.00539	0.00363	0.00328	0.00108	0.00482	0.00276	0.00196	0.00535
15	0.00753	0.00385	0.00405	0.00402	0.00502	0.00374	0.00301	0.00922	0.00845	0.05433	0.01547	0.08151	0.06337	0.00558	0.00313	0.00102	0.00197	0.00459	0.71636	0.00379
16	0.00529	0.00408	0.00507	0.00512	0.00590	0.00411	0.00373	0.00624	0.00735	0.00958	0.02275	0.09317	0.31782	0.16410	0.31435	0.00364	0.01501	0.00659	0.00287	0.00326
17	0.00989	0.36230	0.39751	0.00892	0.01335	0.01154	0.01029	0.02244	0.02794	0.07603	0.02160	0.00848	0.00617	0.00383	0.00331	0.00109	0.00485	0.00280	0.00206	0.00560
18	0.56279	0.00978	0.02019	0.00780	0.02493	0.01049	0.00618	0.23763	0.01126	0.05745	0.00860	0.00970	0.00664	0.00498	0.00363	0.00148	0.00401	0.00315	0.00344	0.00588
19	0.00586	0.00443	0.00636	0.02601	0.00716	0.00515	0.00476	0.00700	0.00628	0.00894	0.01066	0.01718	0.01048	0.19087	0.62653	0.00555	0.04675	0.00449	0.00215	0.00337
20	0.01060	0.86304	0.02078	0.00678	0.01018	0.01569	0.00678	0.01187	0.00806	0.00933	0.00551	0.00636	0.00509	0.00339	0.00254	0.00085	0.00424	0.00212	0.00170	0.00509
21	0.00906	0.08681	0.53016	0.01372	0.19280	0.00966	0.03992	0.01273	0.00865	0.04967	0.00747	0.00882	0.00555	0.00372	0.00374	0.00121	0.00539	0.00310	0.00190	0.00591
22	0.12542	0.03051	0.26070	0.02878	0.09249	0.02998	0.00909	0.05536	0.04613	0.17001	0.03790	0.04901	0.00883	0.00482	0.00389	0.00126	0.01471	0.02266	0.00288	0.00559
23	0.00691	0.00626	0.01027	0.66353	0.02250	0.00758	0.00936	0.00911	0.00782	0.01009	0.01017	0.18463	0.00973	0.02005	0.00446	0.00142	0.00465	0.00515	0.00217	0.00413
24	0.01066	0.46349	0.01816	0.01379	0.32612	0.08512	0.00892	0.01233	0.00870	0.01075	0.00631	0.00775	0.00555	0.00351	0.00316	0.00099	0.00467	0.00270	0.00183	0.00550
25	0.01305	0.00986	0.01050	0.00846	0.01121	0.01102	0.00685	0.53565	0.25340	0.02187	0.01167	0.01140	0.00853	0.00493	0.00391	0.00122	0.00384	0.00384	0.06240	0.00640
26	0.05193	0.04733	0.01217	0.00959	0.01094	0.03056	0.03501	0.20030	0.00960	0.05203	0.00699	0.00913	0.00589	0.00647	0.02863	0.01355	0.45898	0.00343	0.00246	0.00503
27	0.00497	0.00403	0.00441	0.00431	0.00553	0.00347	0.00323	0.00624	0.00970	0.01229	0.28196	0.03556	0.59154	0.00945	0.00468	0.00131	0.00197	0.00800	0.00389	0.00347
28	0.00553	0.00405	0.00519	0.00491	0.00588	0.00371	0.00368	0.00733	0.01104	0.01546	0.76661	0.03034	0.10491	0.00827	0.00468	0.00125	0.00188	0.00727	0.00431	0.00371
29	0.01076	0.80887	0.02028	0.00732	0.02871	0.05002	0.00694	0.01204	0.00821	0.00942	0.00558	0.00647	0.00512	0.00342	0.00262	0.00086	0.00437	0.00217	0.00172	0.00509
30	0.00810	0.06863	0.79331	0.01104	0.01676	0.00958	0.01420	0.01252	0.00835	0.01237	0.00702	0.00826	0.00503	0.00375	0.00370	0.00123	0.00577	0.00288	0.00168	0.00582
31	0.01051	0.83484	0.04820	0.00694	0.01041	0.01547	0.00705	0.01190	0.00807	0.00944	0.00557	0.00643	0.00509	0.00340	0.00259	0.00086	0.00429	0.00215	0.00170	0.00511
32	0.00953	0.01000	0.08576	0.10675	0.65609	0.00919	0.01203	0.01207	0.00889	0.03047	0.00773	0.01982	0.00638	0.00373	0.00393	0.00121	0.00481	0.00358	0.00200	0.00603
33	0.00487	0.00348	0.00464	0.00556	0.00581	0.00325	0.00374	0.00558	0.00763	0.01016	0.02183	0.83892	0.02614	0.01239	0.00507	0.00162	0.00233	0.03006	0.00368	0.00323
34	0.00493	0.00349	0.00462	0.00545	0.00573	0.00326	0.00366	0.00570	0.00779	0.01051	0.06162	0.79884	0.02642	0.01204	0.00499	0.00158	0.00227	0.01090	0.02295	0.00326
35	0.01060	0.86304	0.02078	0.00678	0.01018	0.01569	0.00678	0.01187	0.00806	0.00933	0.00551	0.00636	0.00509	0.00339	0.00254	0.00085	0.00424	0.00212	0.00170	0.00509
36	0.03085	0.02145	0.29965	0.06206	0.01342	0.02679	0.00933	0.18879	0.03096	0.10488	0.01093	0.09745	0.01941	0.03395	0.00471	0.00137	0.02253	0.01306	0.00289	0.00552
37	0.00486	0.00355	0.00459	0.00541	0.00578	0.00328	0.00369	0.00562	0.00780	0.01024	0.02388	0.74050	0.11689	0.01211	0.00503	0.00159	0.00231	0.03593	0.00368	0.00325
38	0.00795	0.02051	0.84011	0.01130	0.01716	0.00921	0.01465	0.01256	0.00837	0.01256	0.00712	0.00837	0.00502	0.00377	0.00377	0.00126	0.00586	0.00293	0.00167	0.00586
39	0.01986	0.07465	0.03430	0.00641	0.00978	0.02623	0.00539	0.02694	0.06388	0.03791	0.01787	0.00930	0.01748	0.00344	0.00311	0.00075	0.00326	0.00270	0.00253	0.63421
40	0.00894	0.30839	0.06620	0.00764	0.00981	0.00923	0.02208	0.00990	0.00896	0.01173	0.01572	0.34301	0.04409	0.00855	0.00456	0.00151	0.00393	0.05772	0.00320	0.05484
41	0.00598	0.00391	0.00515	0.00577	0.00630	0.00367	0.00403	0.02578	0.00819	0.06392	0.02142	0.73123	0.03767	0.01165	0.00498	0.00158	0.00248	0.04899	0.00376	0.00355
42	0.00801	0.01288	0.37197	0.43429	0.02180	0.00887	0.01230	0.01142	0.00820	0.03823	0.00750	0.01970	0.00557	0.00406	0.00404	0.00130	0.01955	0.00337	0.00185	0.00510
43	0.02123	0.04278	0.23350	0.06334	0.41413	0.02093	0.06440	0.04386	0.00918	0.02722	0.00767	0.02026	0.00613	0.00380	0.00388	0.00121	0.00510	0.00347	0.00203	0.00590
44	0.88866	0.00767	0.00583	0.00521	0.00767	0.00889	0.00429	0.01166	0.00675	0.01779	0.00552	0.00644	0.00429	0.00368	0.00245	0.00123	0.00307	0.00215	0.00245	0.00429
45	0.73573	0.00842	0.00699	0.00673	0.05288	0.05530	0.00508	0.02292	0.00742	0.04454	0.00605	0.00698	0.00468	0.00381	0.00286	0.00122	0.01901	0.00235	0.00249	0.00453
46	0.01105	0.00749	0.00797	0.00718	0.03611	0.10146	0.01851	0.09819	0.03023	0.22500	0.10049	0.06998	0.16494	0.00644	0.00408	0.00122	0.00337	0.00533	0.09596	0.00499
47	0.00488	0.00395	0.00434	0.00439	0.00551	0.00341	0.00323	0.00602	0.00928	0.01164	0.19161	0.13635	0.58160	0.00996	0.00473	0.00135	0.00202	0.00849	0.00381	0.00341
48	0.00513	0.00403	0.00463	0.00450	0.00563	0.00353	0.00337	0.00654	0.01006	0.01317	0.41696	0.04522	0.44477	0.00915	0.00469	0.00130	0.00195	0.00784	0.00401	0.00353
49	0.01060	0.86304	0.02078	0.00678	0.01018	0.01569	0.00678	0.01187	0.00806	0.00933	0.00551	0.00636	0.00509	0.00339	0.00254	0.00085	0.00424	0.00212	0.00170	0.00509
50	0.00689	0.00344	0.00517	0.00517	0.00517	0.00344	0.00344	0.00517	0.00517	0.00689	0.00689	0.01205	0.00689	0.01377	0.01550	0.88464	0.00344	0.00344	0.00172	0.00172
51	0.00867	0.00867	0.01214	0.01041	0.01041	0.01214	0.00867	0.00954	0.00607	0.00954	0.00520	0.00867	0.00520	0.00694	0.01301	0.00173	0.85340	0.00347	0.00173	0.00434
52	0.00792	0.00417	0.00491	0.00455	0.00572	0.00396	0.00348	0.00974	0.00973	0.10907	0.31444	0.02008	0.02012	0.00593	0.00361	0.00108	0.00203	0.00500	0.46039	0.00406
53	0.01069	0.01046	0.00705	0.00660	0.00802	0.37803	0.00495	0.01217	0.00961	0.01252	0.00991	0.01139	0.00791	0.00438	0.00313	0.00097	0.00421	0.00319	0.49072	0.00410
54	0.01008	0.69656	0.18267	0.00768	0.01156	0.01441	0.00834	0.01201	0.00812	0.00997	0.00583	0.00676	0.00508	0.00347	0.00279	0.00093	0.00456	0.00228	0.00169	0.00524
55	0.00508	0.00401	0.00451	0.00444	0.00557	0.00350	0.00331	0.00630	0.00959	0.01226	0.29474	0.04770	0.52022	0.02311	0.00518	0.02069	0.00205	0.02047	0.00384	0.00343
56	0.00573	0.00383	0.00433	0.00437	0.00438	0.00382	0.00245	0.00576	0.00583	0.00778	0.01285	0.05742	0.01486	0.82857	0.01961	0.00376	0.00379	0.00597	0.00245	0.00243
57	0.00822	0.00705	0.00822	0.00587	0.00940	0.00529	0.00470	0.00998	0.00822	0.01292	0.00705	0.00822	0.00587	0.00294	0.00294	0.00059	0.00294	0.00235	0.00235	0.88490
58	0.00800	0.02025	0.82092	0.01160	0.03623	0.00921	0.01459	0.01255	0.00839	0.01257	0.00712	0.00840	0.00505	0.00376	0.00377	0.00125	0.00583	0.00294	0.00168	0.00587
59	0.00783	0.00723	0.01189	0.81358	0.02664	0.00896	0.01086	0.04636	0.00841	0.01079	0.00716	0.01052	0.00535	0.00400	0.00396	0.00132	0.00524	0.00353	0.00186	0.00451
60	0.00499	0.00345	0.00464	0.00549	0.00571	0.00324	0.00366	0.00549	0.00740	0.00987	0.02070	0.79278	0.02473	0.01253	0.00587	0.06976	0.00239	0.01067	0.00353	0.00310
61	0.00475	0.00402	0.00410	0.00408	0.00539	0.00337	0.00306	0.00581	0.00918	0.01106	0.09340	0.03758	0.78086	0.00991	0.00469	0.00133	0.00200	0.00829	0.00373	0.00337
62	0.01060	0.86304	0.02078	0.00678	0.01018	0.01569	0.00678	0.01187	0.00806	0.00933	0.00551	0.00636	0.00509	0.00339	0.00254	0.00085	0.00424	0.00212	0.00170	0.00509
63	0.00485	0.00346	0.00459	0.00549	0.00572	0.00323	0.00365	0.00553	0.00755	0.01007	0.02164	0.83944	0.02596	0.03142	0.00540	0.00166	0.00233	0.01115	0.00365	0.00320
64	0.00561	0.00405	0.00530	0.00499	0.00592	0.00374	0.00374	0.00748	0.01122	0.01590	0.83383	0.02962	0.03741	0.00811	0.00468	0.00125	0.00187	0.00717	0.00436	0.00374
65	0.00580	0.00412	0.00521	0.00489	0.00595	0.00374	0.00368	0.00753	0.01088	0.03781	0.68632	0.03052	0.16207	0.00832	0.00466	0.00126	0.00193	0.00727	0.00427	0.00376
66	0.00559	0.00405	0.00528	0.00497	0.00591	0.00373	0.00373	0.00745	0.01118	0.01580	0.81927	0.02977	0.05203	0.00814	0.00468	0.00125	0.00187	0.00719	0.00435	0.00373
67	0.00487	0.00349	0.00462	0.00546	0.00575	0.00325	0.00367	0.00563	0.00781	0.01043	0.06395	0.79625	0.04582	0.01214	0.00503	0.00159	0.00227	0.01099	0.00372	0.00325
68	0.00776	0.00731	0.01227	0.75266	0.10880	0.00889	0.01104	0.01053	0.02249	0.01053	0.00725	0.01057	0.00551	0.00395	0.00396	0.00131	0.00519	0.00354	0.00182	0.00463
69	0.00868	0.00563	0.00587	0.00542	0.00690	0.00609	0.00418	0.05000	0.26997	0.03095	0.02837	0.01479	0.01110	0.00493	0.00328	0.00108	0.00240	0.00401	0.53163	0.00471
70	0.06632	0.54222	0.10974	0.00848	0.04795	0.11820	0.00788	0.03972	0.00881	0.01096	0.00599	0.00695	0.00514	0.00359	0.00291	0.00097	0.00474	0.00238	0.00187	0.00517
71	0.01411	0.01714	0.01093	0.00987	0.01198	0.69673	0.00746	0.04353	0.12920	0.01121	0.00768	0.00833	0.00617	0.00429	0.00365	0.00107	0.00648	0.00287	0.00239	0.00491
72	0.09690	0.08842	0.01153	0.00855	0.03013	0.01131	0.00692	0.45449	0.15369	0.08324	0.01032	0.01014	0.00749	0.00462	0.00370	0.00119	0.00395	0.00349	0.00365	0.00627
73	0.03464	0.01800	0.02505	0.00754	0.08724	0.05077	0.01494	0.00936	0.05201	0.04734	0.24560	0.07965	0.26363	0.00760	0.00455	0.00128	0.02187	0.00644	0.01824	0.00425
74	0.00482	0.00348	0.00457	0.00545	0.00573	0.00323	0.00365	0.00553	0.00766	0.01015	0.02267	0.82151	0.06226	0.01232	0.00504	0.00160	0.00229	0.01114	0.00368	0.00323
75	0.00590	0.00455	0.00645	0.00630	0.00685	0.00533	0.00479	0.00703	0.00635	0.00905	0.01162	0.01754	0.04266	0.16095	0.60747	0.00537	0.08159	0.00459	0.00220	0.00342
76	0.01032	0.62960	0.15441	0.00829	0.03091	0.02887	0.01931	0.04027	0.00853	0.01055	0.00600	0.00701	0.00518	0.00360	0.00311	0.00096	0.02362	0.00241	0.00179	0.00528
77	0.00749	0.00705	0.01189	0.85113	0.02731	0.00881	0.01101	0.01013	0.00793	0.01013	0.00705	0.01057	0.00529	0.00396	0.00396	0.00132	0.00529	0.00352	0.00176	0.00440
78	0.00490	0.00350	0.00468	0.00560	0.00586	0.00328	0.00380	0.00564	0.00766	0.01020	0.02181	0.82077	0.02607	0.01235	0.00508	0.00162	0.00236	0.04787	0.00368	0.00324
79	0.01094	0.01126	0.07890	0.01460	0.27656	0.11550	0.07528	0.11566	0.09487	0.04773	0.04673	0.01137	0.00840	0.00453	0.00458	0.00125	0.05872	0.01471	0.00266	0.00576
80	0.03212	0.01153	0.10432	0.01747	0.40148	0.04462	0.06315	0.04903	0.04773	0.15689	0.01082	0.01271	0.00845	0.00498	0.00456	0.00148	0.00517	0.01353	0.00314	0.00683
81	0.00749	0.00705	0.01189	0.85113	0.02731	0.00881	0.01101	0.01013	0.00793	0.01013	0.00705	0.01057	0.00529	0.00396	0.00396	0.00132	0.00529	0.00352	0.00176	0.00440
82	0.54402	0.07203	0.02313	0.00897	0.12709	0.14404	0.00631	0.01243	0.00792	0.01510	0.00592	0.00706	0.00478	0.00371	0.00287	0.00116	0.00409	0.00242	0.00225	0.00471
83	0.00566	0.00425	0.00637	0.00637	0.00708	0.00496	0.00496	0.00708	0.00637	0.00920	0.01062	0.01558	0.00991	0.02974	0.84494	0.00637	0.01062	0.00425	0.00212	0.00354
84	0.01004	0.01010	0.04121	0.01588	0.35561	0.05782	0.00995	0.08626	0.00896	0.01269	0.00676	0.00911	0.00582	0.00483	0.00698	0.00133	0.29719	0.00337	0.00209	0.05401
85	0.03985	0.48472	0.14673	0.00935	0.02296	0.06937	0.12160	0.04361	0.00888	0.01126	0.00633	0.00750	0.00526	0.00355	0.00317	0.00102	0.00500	0.00271	0.00188	0.00526
86	0.03135	0.01108	0.01084	0.00945	0.05804	0.17010	0.00713	0.38615	0.03229	0.16944	0.01057	0.04853	0.00808	0.02345	0.00427	0.00124	0.00458	0.00384	0.00358	0.00599
87	0.00981	0.00942	0.01609	0.02434	0.83592	0.00942	0.01217	0.01217	0.00903	0.01295	0.00746	0.00981	0.00628	0.00353	0.00393	0.00118	0.00471	0.00353	0.00196	0.00628
88	0.00474	0.00396	0.00414	0.00423	0.00542	0.00335	0.00312	0.00575	0.00897	0.01088	0.07330	0.12809	0.71001	0.01022	0.00473	0.00136	0.00203	0.00863	0.00371	0.00335
89	0.00969	0.14500	0.15152	0.02933	0.01731	0.02890	0.43606	0.04823	0.07075	0.01286	0.00810	0.00983	0.00617	0.00366	0.00408	0.00123	0.00579	0.00387	0.00214	0.00548
90	0.00795	0.02051	0.84011	0.01130	0.01716	0.00921	0.01465	0.01256	0.00837	0.01256	0.00712	0.00837	0.00502	0.00377	0.00377	0.00126	0.00586	0.00293	0.00167	0.00586
91	0.01481	0.01890	0.01124	0.01021	0.01226	0.84474	0.00766	0.01583	0.01124	0.00970	0.00613	0.00715	0.00511	0.00409	0.00358	0.00102	0.00715	0.00255	0.00204	0.00460
92	0.00498	0.00378	0.00462	0.00514	0.00584	0.00342	0.00370	0.00597	0.00849	0.01095	0.09652	0.45793	0.28530	0.01117	0.00494	0.00151	0.00228	0.07639	0.00374	0.00334
93	0.01032	0.77527	0.10614	0.00725	0.01090	0.01501	0.00760	0.01194	0.00809	0.00966	0.00568	0.00657	0.00508	0.00343	0.00267	0.00089	0.00441	0.00220	0.00169	0.00517
94	0.01254	0.00529	0.00667	0.00554	0.00756	0.00479	0.00443	0.01423	0.01015	0.43680	0.09428	0.01557	0.01264	0.00511	0.00358	0.00111	0.00263	0.00418	0.34762	0.00526
95	0.00795	0.02051	0.84011	0.01130	0.01716	0.00921	0.01465	0.01256	0.00837	0.01256	0.00712	0.00837	0.00502	0.00377	0.00377	0.00126	0.00586	0.00293	0.00167	0.00586
96	0.00469	0.00402	0.00402	0.00402	0.00536	0.00335	0.00301	0.00569	0.00904	0.01071	0.04017	0.03816	0.83432	0.01004	0.00469	0.00134	0.00201	0.00837	0.00368	0.00335
97	0.00639	0.00456	0.00639	0.00730	0.00821	0.00456	0.00639	0.00821	0.00913	0.01187	0.02099	0.04472	0.02282	0.01095	0.00548	0.00183	0.00365	0.80924	0.00365	0.00365
98	0.33118	0.04851	0.36352	0.00932	0.01347	0.00964	0.09452	0.06331	0.00851	0.01514	0.00671	0.00790	0.00497	0.00374	0.00334	0.00123	0.00476	0.00283	0.00214	0.00526
99	0.00557	0.00405	0.00524	0.00494	0.00590	0.00372	0.00371	0.00740	0.01113	0.01567	0.79844	0.03000	0.07295	0.00819	0.00468	0.00125	0.00188	0.00722	0.00433	0.00372
100	0.00514	0.00397	0.00470	0.00466	0.00567	0.00352	0.00344	0.00652	0.00991	0.01311	0.41519	0.13042	0.36067	0.00940	0.00473	0.00133	0.00198	0.00814	0.00401	0.00352
101	0.00658	0.00425	0.00569	0.00629	0.02481	0.00404	0.00442	0.03515	0.00854	0.07578	0.05651	0.57224	0.04050	0.01104	0.00537	0.03877	0.00267	0.08997	0.00369	0.00369
102	0.00984	0.03032	0.09122	0.01458	0.01838	0.08539	0.57924	0.02804	0.06369	0.01281	0.00849	0.01088	0.00652	0.00373	0.00441	0.00130	0.00628	0.01732	0.00217	0.00538
103	0.00952	0.51891	0.35544	0.00863	0.01303	0.01304	0.01000	0.01215	0.00818	0.01065	0.00617	0.00718	0.00506	0.00355	0.00304	0.00101	0.00490	0.00245	0.00169	0.00540
104	0.01779	0.00675	0.00920	0.00705	0.01012	0.00583	0.00583	0.01932	0.01135	0.83867	0.01564	0.01350	0.00981	0.00491	0.00399	0.00123	0.00337	0.00399	0.00491	0.00675
105	0.00777	0.00673	0.01057	0.26841	0.13685	0.02639	0.06769	0.00984	0.01786	0.04631	0.08373	0.18593	0.02921	0.01586	0.00469	0.00141	0.01484	0.05867	0.00275	0.00449
106	0.04656	0.48209	0.33630	0.00869	0.01301	0.01277	0.02869	0.01215	0.00815	0.01101	0.00619	0.00724	0.00505	0.00355	0.00306	0.00103	0.00487	0.00249	0.00173	0.00536
107	0.05130	0.01132	0.01133	0.00888	0.01190	0.09332	0.00726	0.63539	0.01675	0.09878	0.00959	0.00953	0.00677	0.00466	0.00387	0.00118	0.00449	0.00345	0.00380	0.00643
108	0.00567	0.00423	0.00630	0.00630	0.00699	0.00492	0.00487	0.00704	0.00635	0.00915	0.01068	0.01592	0.01006	0.05755	0.81734	0.00629	0.01039	0.00430	0.00213	0.00350
109	0.01117	0.16159	0.11920	0.00731	0.01022	0.06552	0.02976	0.01301	0.00986	0.26849	0.09834	0.02615	0.15168	0.00567	0.00389	0.00118	0.00381	0.00458	0.00335	0.00522
110	0.00898	0.01070	0.16089	0.02980	0.09219	0.00793	0.19498	0.04761	0.00905	0.02225	0.00751	0.00914	0.00585	0.00340	0.00377	0.00100	0.01395	0.00321	0.00219	0.36559
111	0.02953	0.09455	0.57481	0.06362	0.01630	0.04477	0.02603	0.04846	0.00877	0.01255	0.00693	0.00833	0.00513	0.00393	0.00404	0.00123	0.04067	0.00294	0.00183	0.00558
112	0.00469	0.00402	0.00402	0.00402	0.00536	0.00335	0.00301	0.00569	0.00904	0.01071	0.04017	0.03816	0.83432	0.01004	0.00469	0.00134	0.00201	0.00837	0.00368	0.00335
113	0.00552	0.00405	0.00518	0.00490	0.00587	0.00370	0.00367	0.00731	0.01102	0.01541	0.75933	0.03042	0.11222	0.00829	0.00468	0.00126	0.00188	0.00728	0.00430	0.00370
114	0.00517	0.00404	0.00469	0.00453	0.00565	0.00355	0.00340	0.00663	0.01019	0.01344	0.45822	0.03366	0.41455	0.00902	0.00468	0.00129	0.00194	0.00774	0.00404	0.00355
115	0.00796	0.01884	0.73920	0.01067	0.01616	0.00880	0.01346	0.01245	0.02753	0.01275	0.02579	0.00898	0.00598	0.00384	0.00373	0.00121	0.00549	0.00302	0.00184	0.07229
116	0.00483	0.00345	0.00460	0.00552	0.00575	0.00322	0.00368	0.00552	0.00759	0.01012	0.02185	0.85807	0.02622	0.01242	0.00506	0.00161	0.00230	0.01127	0.00368	0.00322
117	0.02031	0.01171	0.13133	0.11144	0.01817	0.07483	0.38778	0.03976	0.04558	0.03358	0.00846	0.02474	0.00660	0.00411	0.00464	0.00131	0.04221	0.01399	0.00221	0.01723
118	0.01506	0.01160	0.01186	0.00919	0.01229	0.06479	0.00754	0.77182	0.01817	0.02402	0.00931	0.00937	0.00664	0.00472	0.00394	0.00118	0.00454	0.00351	0.00385	0.00661
119	0.01199	0.34006	0.16257	0.00910	0.01234	0.38071	0.00857	0.01374	0.00952	0.01007	0.00607	0.00707	0.00508	0.00377	0.00322	0.00100	0.00581	0.00246	0.00185	0.00501
120	0.01157	0.18892	0.03195	0.00988	0.07403	0.11482	0.03891	0.18845	0.25242	0.01536	0.01022	0.02912	0.00811	0.00457	0.00369	0.00116	0.00443	0.00361	0.00299	0.00581
121	0.00967	0.06248	0.03787	0.00753	0.04479	0.00719	0.00588	0.01425	0.25994	0.16605	0.16194	0.06280	0.08033	0.02012	0.00445	0.00134	0.00310	0.04117	0.00384	0.00526
122	0.01863	0.19283	0.56200	0.01057	0.04436	0.03784	0.01218	0.03011	0.02444	0.02231	0.00708	0.00816	0.00531	0.00376	0.00351	0.00116	0.00538	0.00282	0.00184	0.00570
123	0.01021	0.29800	0.22274	0.01042	0.01430	0.06101	0.17176	0.08587	0.03679	0.01249	0.00723	0.00852	0.00571	0.00415	0.01541	0.00120	0.02357	0.00313	0.00206	0.00545
124	0.00606	0.00447	0.00607	0.00699	0.02595	0.00439	0.00560	0.00781	0.02645	0.01168	0.04958	0.20384	0.09175	0.01079	0.00523	0.00170	0.00320	0.52112	0.00365	0.00366
125	0.00946	0.33697	0.32517	0.01008	0.03311	0.02582	0.10619	0.01243	0.02361	0.03329	0.02552	0.02760	0.00664	0.00392	0.00347	0.00111	0.00506	0.00317	0.00197	0.00542
126	0.01082	0.07222	0.37167	0.01135	0.04187	0.04809	0.13234	0.13604	0.02825	0.09711	0.00852	0.00940	0.00611	0.00398	0.00388	0.00122	0.00536	0.00338	0.00247	0.00592
127	0.01481	0.01890	0.01124	0.01021	0.01226	0.84474	0.00766	0.01583	0.01124	0.00970	0.00613	0.00715	0.00511	0.00409	0.00358	0.00102	0.00715	0.00255	0.00204	0.00460
128	0.00632	0.00448	0.00589	0.00534	0.00646	0.00423	0.02288	0.03831	0.01123	0.02658	0.70777	0.02731	0.04300	0.00761	0.00451	0.00123	0.00210	0.00671	0.06411	0.00392
129	0.02054	0.54440	0.15414	0.00796	0.01162	0.01332	0.02088	0.06817	0.02832	0.06893	0.00704	0.00772	0.00569	0.00378	0.00324	0.00101	0.02304	0.00261	0.00214	0.00545
130	0.00776	0.00733	0.01238	0.75432	0.12199	0.00888	0.01115	0.01037	0.00806	0.01046	0.00710	0.01048	0.00540	0.00391	0.00396	0.00130	0.00522	0.00352	0.00179	0.00462
131	0.00478	0.00400	0.00417	0.00417	0.00543	0.00338	0.00311	0.00586	0.00919	0.01119	0.11660	0.07208	0.72253	0.00995	0.00470	0.00134	0.00201	0.00837	0.00375	0.00338
132	0.03462	0.00759	0.02816	0.00830	0.07418	0.02836	0.02513	0.20631	0.03216	0.11172	0.26046	0.04733	0.09557	0.01674	0.00444	0.00128	0.00332	0.00540	0.00379	0.00513
133	0.04958	0.06234	0.03317	0.01014	0.04940	0.00927	0.15704	0.18586	0.08327	0.28374	0.01149	0.01189	0.00815	0.00452	0.00398	0.00124	0.00434	0.02087	0.00356	0.00614
134	0.00689	0.00344	0.00517	0.00517	0.00517	0.00344	0.00344	0.00517	0.00517	0.00689	0.00689	0.01205	0.00689	0.01377	0.01550	0.88464	0.00344	0.00344	0.00172	0.00172
135	0.00662	0.00636	0.07284	0.01511	0.01695	0.00530	0.05265	0.01810	0.07753	0.03202	0.24247	0.03389	0.27836	0.06074	0.02351	0.00156	0.01220	0.00639	0.03328	0.00414
136	0.00971	0.20812	0.33527	0.01112	0.11469	0.03819	0.02949	0.05523	0.03236	0.04826	0.02821	0.00974	0.01584	0.00513	0.04109	0.00137	0.00522	0.00319	0.00217	0.00560
137	0.01159	0.01169	0.01112	0.01002	0.04042	0.30987	0.09328	0.12424	0.06350	0.04835	0.01199	0.09489	0.02117	0.00607	0.00424	0.00129	0.00518	0.12318	0.00296	0.00494
138	0.00684	0.00346	0.00513	0.00513	0.00513	0.00346	0.00340	0.00519	0.00519	0.00692	0.00714	0.01267	0.00722	0.05154	0.01570	0.84537	0.00346	0.00355	0.00175	0.00175
139	0.00676	0.00577	0.00875	0.10575	0.19919	0.00568	0.02562	0.00848	0.00896	0.01230	0.17710	0.21304	0.11656	0.00746	0.00441	0.00131	0.00322	0.02395	0.02212	0.04356
140	0.00949	0.04718	0.21524	0.02367	0.32523	0.06510	0.01042	0.04889	0.05502	0.03234	0.03588	0.07776	0.02694	0.00481	0.00395	0.00123	0.00467	0.00416	0.00241	0.00564
141	0.01080	0.37414	0.04715	0.03902	0.01475	0.16996	0.26779	0.01285	0.00908	0.01061	0.00654	0.00810	0.00539	0.00354	0.00351	0.00107	0.00566	0.00309	0.00186	0.00508
142	0.01057	0.01146	0.01190	0.01030	0.01098	0.23045	0.00836	0.04745	0.00799	0.01027	0.00564	0.00831	0.00525	0.00609	0.01013	0.00152	0.59366	0.00323	0.00192	0.00451
143	0.00906	0.00916	0.11130	0.01024	0.16830	0.00675	0.00750	0.01125	0.00853	0.06120	0.00759	0.00886	0.00606	0.00336	0.00352	0.00085	0.02356	0.00277	0.00233	0.53781

[dist]
# distance from previous block
# <min> <max>
0	1

[block]
# block no. 2 follows, 68 sequences, length 7
# corresponding to MSA columns:
# 252-258
name=unknown_C
#
# <colnr> <probs for GDERKNQSTAVLIFYWHMCP>
#	G	D	E	R	K	N	Q	S	T	A	V	L	I	F	Y	W	H	M	C	P
0	0.01132	0.24287	0.19246	0.02959	0.08911	0.24560	0.00934	0.04080	0.04508	0.03076	0.00707	0.00812	0.00567	0.00394	0.00362	0.00109	0.02337	0.00280	0.00207	0.00534
1	0.72669	0.16546	0.00859	0.00550	0.00813	0.01015	0.00475	0.01170	0.00699	0.01623	0.00552	0.00643	0.00444	0.00363	0.00247	0.00116	0.00328	0.00214	0.00231	0.00444
2	0.00654	0.00449	0.00624	0.00568	0.00686	0.00428	0.03023	0.00827	0.01007	0.07417	0.51984	0.02606	0.10556	0.01189	0.15963	0.00220	0.00376	0.00643	0.00385	0.00394
3	0.01055	0.06287	0.01089	0.00858	0.01088	0.06299	0.06919	0.21512	0.30947	0.01628	0.01362	0.16771	0.01202	0.00616	0.00413	0.00130	0.00389	0.00525	0.00352	0.00557
4	0.01318	0.01519	0.01129	0.16508	0.01492	0.54528	0.00818	0.10495	0.06293	0.01192	0.00731	0.00853	0.00576	0.00422	0.00372	0.00112	0.00624	0.00297	0.00233	0.00491
5	0.17101	0.04932	0.49069	0.00910	0.01346	0.00894	0.01059	0.06379	0.00900	0.03879	0.07137	0.03076	0.00817	0.00438	0.00360	0.00124	0.00471	0.00336	0.00232	0.00539
6	0.00589	0.00458	0.00555	0.02629	0.00700	0.00451	0.00417	0.04008	0.07178	0.01147	0.04643	0.39554	0.21650	0.03240	0.07931	0.00193	0.00323	0.00840	0.00348	0.03144

[dist]
# distance from previous block
# <min> <max>
0	113

# created by:
# /st0/software/busco_prod/Augustus/scripts/msa2prfl.pl ./align_prep/28258.fa
