[name]
unknown

[dist]
# distance from previous block
# <min> <max>
0	44

[block]
# block no. 0 follows, 72 sequences, length 50
# corresponding to MSA columns:
# 44-93
name=unknown_A
#
# <colnr> <probs for GDERKNQSTAVLIFYWHMCP>
#	G	D	E	R	K	N	Q	S	T	A	V	L	I	F	Y	W	H	M	C	P
0	0.05478	0.00608	0.00721	0.03229	0.06293	0.01598	0.01741	0.13196	0.08662	0.03359	0.03555	0.21106	0.18125	0.06157	0.00513	0.00146	0.00305	0.03336	0.01445	0.00427
1	0.02514	0.00593	0.00778	0.03253	0.03494	0.02684	0.07965	0.05657	0.08849	0.04724	0.09839	0.16348	0.11479	0.13695	0.02739	0.00175	0.00344	0.00603	0.02968	0.01299
2	0.05201	0.00527	0.00654	0.02525	0.00755	0.00524	0.03196	0.09703	0.02932	0.09694	0.07264	0.23289	0.11120	0.13287	0.01508	0.02738	0.00305	0.00636	0.02338	0.01806
3	0.01997	0.00449	0.00560	0.04441	0.00712	0.00439	0.00409	0.05107	0.02877	0.08590	0.13313	0.36466	0.12160	0.09963	0.00602	0.00161	0.00262	0.00770	0.00351	0.00370
4	0.00627	0.00455	0.00572	0.00546	0.00650	0.00438	0.02447	0.05511	0.05518	0.03876	0.26880	0.26857	0.15733	0.04497	0.00526	0.01658	0.00240	0.00751	0.01848	0.00371
5	0.01785	0.00500	0.00591	0.00558	0.00675	0.00499	0.00411	0.07463	0.10179	0.09757	0.13026	0.24001	0.11759	0.11275	0.00644	0.02747	0.00269	0.01780	0.01682	0.00399
6	0.00640	0.00409	0.00499	0.00512	0.00577	0.00396	0.00352	0.04218	0.02602	0.06791	0.06394	0.42531	0.05313	0.19651	0.00766	0.00188	0.00263	0.00784	0.06772	0.00341
7	0.00857	0.00573	0.00643	0.00595	0.00718	0.03511	0.00445	0.14199	0.04170	0.09941	0.06073	0.21336	0.03448	0.14238	0.02668	0.02225	0.00327	0.05224	0.08400	0.00408
8	0.00561	0.00382	0.00470	0.00496	0.00530	0.00376	0.00326	0.03624	0.02127	0.00970	0.06012	0.39404	0.03880	0.28608	0.01022	0.07804	0.00282	0.00765	0.02071	0.00292
9	0.00757	0.00455	0.00556	0.00529	0.00643	0.00429	0.00389	0.04498	0.03853	0.14914	0.14755	0.26772	0.14731	0.09586	0.00586	0.00155	0.00253	0.01680	0.04065	0.00393
10	0.03767	0.00744	0.00950	0.00782	0.00980	0.01869	0.08666	0.17991	0.13299	0.12746	0.05760	0.08811	0.05613	0.03493	0.00540	0.01912	0.07367	0.00479	0.03732	0.00499
11	0.02763	0.00501	0.00623	0.00607	0.01707	0.00502	0.01689	0.08008	0.07973	0.04147	0.19710	0.33393	0.06349	0.02923	0.04287	0.00160	0.00290	0.01834	0.00356	0.02179
12	0.01752	0.00516	0.00608	0.00532	0.00693	0.00498	0.00416	0.07359	0.06970	0.16987	0.30235	0.02199	0.15468	0.00652	0.00397	0.00116	0.00236	0.00549	0.13372	0.00445
13	0.02831	0.02366	0.03936	0.03071	0.03031	0.09423	0.06203	0.21505	0.10633	0.05943	0.09704	0.08106	0.01169	0.03670	0.02940	0.02398	0.01815	0.00447	0.00311	0.00496
14	0.04707	0.00656	0.00868	0.00669	0.00958	0.00582	0.00552	0.04157	0.01086	0.78000	0.01442	0.01258	0.00913	0.00464	0.00374	0.00117	0.00322	0.00374	0.01868	0.00633
15	0.00830	0.00830	0.01162	0.00996	0.00996	0.01162	0.00830	0.00913	0.00581	0.00913	0.00498	0.00830	0.00498	0.00664	0.01245	0.00166	0.85977	0.00332	0.00166	0.00415
16	0.01235	0.01473	0.00973	0.00885	0.01077	0.59916	0.00668	0.01542	0.18533	0.01093	0.03881	0.01069	0.05124	0.00460	0.00361	0.00107	0.00559	0.00328	0.00252	0.00465
17	0.00609	0.00444	0.02738	0.00502	0.00617	0.00382	0.00395	0.00790	0.01061	0.06393	0.74732	0.02712	0.05663	0.00752	0.00441	0.00119	0.00198	0.00661	0.00412	0.00379
18	0.00589	0.00403	0.00578	0.05109	0.00741	0.00393	0.02775	0.00681	0.00766	0.07117	0.04290	0.68963	0.02220	0.01045	0.00485	0.00148	0.02060	0.00943	0.00344	0.00348
19	0.00463	0.00333	0.00439	0.00522	0.00549	0.00310	0.00350	0.00533	0.00739	0.00982	0.03929	0.81488	0.05619	0.01171	0.00482	0.00152	0.00218	0.01059	0.00353	0.00310
20	0.05554	0.00698	0.00854	0.04527	0.01013	0.00588	0.03284	0.04457	0.00832	0.04757	0.00744	0.02767	0.00614	0.00330	0.00312	0.00073	0.01244	0.00268	0.00240	0.66842
21	0.01128	0.00677	0.00830	0.00614	0.00929	0.00553	0.00498	0.05339	0.00945	0.29985	0.02872	0.01013	0.00764	0.00366	0.00324	0.00082	0.00300	0.00295	0.00321	0.52164
22	0.00742	0.00626	0.00833	0.18969	0.01175	0.06706	0.00659	0.00885	0.00693	0.05349	0.00868	0.01243	0.00764	0.02771	0.43168	0.02392	0.11201	0.00370	0.00204	0.00384
23	0.82702	0.00748	0.00610	0.01982	0.02678	0.00863	0.00450	0.04055	0.00693	0.01704	0.00548	0.00641	0.00425	0.00356	0.00246	0.00117	0.00305	0.00215	0.00238	0.00424
24	0.00824	0.00818	0.03058	0.38578	0.40507	0.00865	0.05630	0.01068	0.00818	0.01114	0.00772	0.01036	0.02511	0.00370	0.00382	0.00120	0.00481	0.00353	0.00183	0.00510
25	0.00821	0.00989	0.13982	0.39683	0.02104	0.00901	0.23804	0.06678	0.00875	0.01180	0.02616	0.01013	0.00601	0.00382	0.00420	0.00126	0.02786	0.00367	0.00194	0.00481
26	0.00707	0.00353	0.00353	0.00353	0.00442	0.00353	0.00265	0.00884	0.00795	0.01414	0.01237	0.01414	0.00972	0.00442	0.00265	0.00088	0.00177	0.00353	0.88777	0.00353
27	0.00552	0.00368	0.00414	0.00414	0.00414	0.00368	0.00230	0.00552	0.00552	0.00735	0.01195	0.02482	0.01379	0.86672	0.01930	0.00368	0.00368	0.00552	0.00230	0.00230
28	0.00556	0.00391	0.00479	0.00475	0.00497	0.00413	0.00305	0.00607	0.01657	0.00792	0.01211	0.02229	0.03331	0.61646	0.22022	0.00414	0.01963	0.00517	0.00227	0.00266
29	0.00761	0.01962	0.84707	0.01081	0.01641	0.00881	0.01401	0.01201	0.00801	0.01201	0.00681	0.00801	0.00480	0.00360	0.00360	0.00120	0.00560	0.00280	0.00160	0.00560
30	0.01028	0.24951	0.08066	0.01029	0.11238	0.15665	0.04663	0.03326	0.19834	0.01188	0.02506	0.00939	0.00724	0.00406	0.00364	0.00108	0.02895	0.00313	0.00234	0.00525
31	0.00468	0.00336	0.00446	0.00527	0.00556	0.00313	0.00357	0.00542	0.00745	0.00993	0.05031	0.79452	0.04400	0.01165	0.00483	0.00153	0.00221	0.03145	0.00354	0.00311
32	0.03315	0.01146	0.01270	0.12148	0.36290	0.25588	0.00945	0.09025	0.02338	0.01233	0.00693	0.00867	0.00562	0.00381	0.00385	0.00112	0.02659	0.00309	0.00210	0.00526
33	0.03240	0.00861	0.02623	0.09112	0.43691	0.00843	0.09355	0.04602	0.03597	0.09927	0.01783	0.01005	0.00670	0.00366	0.00375	0.00113	0.00438	0.00348	0.00236	0.06815
34	0.37145	0.02242	0.00969	0.01990	0.04564	0.35656	0.05556	0.05641	0.00910	0.01351	0.00596	0.00703	0.00475	0.00371	0.00307	0.00109	0.00493	0.00250	0.00220	0.00450
35	0.01014	0.86900	0.01987	0.00649	0.00973	0.01501	0.00649	0.01136	0.00771	0.00892	0.00527	0.00608	0.00487	0.00324	0.00243	0.00081	0.00406	0.00203	0.00162	0.00487
36	0.00744	0.01646	0.64780	0.01022	0.01496	0.00818	0.06785	0.01162	0.03847	0.01246	0.09862	0.01130	0.02945	0.00423	0.00379	0.00121	0.00506	0.00354	0.00203	0.00531
37	0.00478	0.00341	0.00445	0.00521	0.00548	0.00321	0.00352	0.00545	0.00721	0.00956	0.02056	0.71277	0.05004	0.09443	0.00625	0.00175	0.00240	0.05307	0.00340	0.00303
38	0.06017	0.00791	0.00952	0.04640	0.01096	0.00804	0.00626	0.26456	0.07742	0.44987	0.01235	0.01138	0.00820	0.00458	0.00374	0.00118	0.00357	0.00362	0.00410	0.00619
39	0.00499	0.00382	0.00457	0.00448	0.00546	0.00340	0.00332	0.00638	0.00970	0.01297	0.48435	0.09953	0.32576	0.00876	0.00451	0.00125	0.00187	0.00759	0.00389	0.00340
40	0.01326	0.01039	0.01071	0.00854	0.01132	0.04978	0.00694	0.60605	0.20631	0.02138	0.01042	0.01017	0.00756	0.00466	0.00379	0.00116	0.00403	0.00357	0.00372	0.00625
41	0.00550	0.00374	0.00445	0.00445	0.00456	0.00385	0.00269	0.00572	0.00561	0.00759	0.01166	0.02322	0.01310	0.73203	0.15304	0.00407	0.00472	0.00528	0.00226	0.00247
42	0.00882	0.00996	0.02163	0.01557	0.01927	0.00935	0.79149	0.01195	0.00894	0.01211	0.00824	0.01172	0.00649	0.00353	0.00451	0.00130	0.00626	0.04180	0.00199	0.00504
43	0.00641	0.00402	0.00500	0.00470	0.00539	0.00384	0.00323	0.00735	0.00821	0.08318	0.34569	0.02512	0.05098	0.37685	0.05192	0.00250	0.00313	0.00592	0.00329	0.00326
44	0.80641	0.00766	0.00615	0.00536	0.00777	0.00883	0.00441	0.09232	0.00758	0.01770	0.00566	0.00645	0.00434	0.00362	0.00249	0.00117	0.00306	0.00219	0.00249	0.00434
45	0.01170	0.52139	0.01624	0.00755	0.01050	0.15382	0.00677	0.18677	0.03214	0.01236	0.00645	0.00707	0.00538	0.00368	0.00293	0.00092	0.00452	0.00245	0.00220	0.00516
46	0.00726	0.00693	0.01196	0.81286	0.02579	0.00849	0.05406	0.00982	0.00766	0.00982	0.00679	0.01012	0.00509	0.00376	0.00383	0.00126	0.00513	0.00343	0.00170	0.00426
47	0.01197	0.34602	0.05824	0.00778	0.01059	0.22235	0.00689	0.10206	0.04796	0.10125	0.02432	0.00872	0.00668	0.02554	0.00357	0.00105	0.00466	0.00280	0.00244	0.00509
48	0.05617	0.00684	0.00836	0.06924	0.03936	0.00598	0.00540	0.06330	0.00873	0.10560	0.00869	0.06581	0.00728	0.00387	0.00320	0.00084	0.00313	0.00318	0.00265	0.53237
49	0.04229	0.11486	0.13700	0.05064	0.04790	0.02798	0.27882	0.07095	0.07129	0.01253	0.00757	0.00929	0.00591	0.00447	0.02448	0.00133	0.08192	0.00351	0.00210	0.00513

[dist]
# distance from previous block
# <min> <max>
0	2

[block]
# block no. 1 follows, 72 sequences, length 15
# corresponding to MSA columns:
# 96-110
name=unknown_B
#
# <colnr> <probs for GDERKNQSTAVLIFYWHMCP>
#	G	D	E	R	K	N	Q	S	T	A	V	L	I	F	Y	W	H	M	C	P
0	0.03108	0.00864	0.02127	0.02091	0.02113	0.00937	0.01752	0.30047	0.26364	0.10330	0.05761	0.01207	0.00978	0.00534	0.01965	0.00130	0.05369	0.00385	0.00358	0.03579
1	0.06432	0.13654	0.36486	0.00962	0.01359	0.02326	0.08111	0.11949	0.05719	0.04544	0.00758	0.00849	0.00564	0.00391	0.00388	0.00116	0.04324	0.00301	0.00222	0.00545
2	0.00946	0.01056	0.02130	0.01533	0.01905	0.04306	0.75080	0.05798	0.00952	0.01269	0.00768	0.01003	0.00576	0.00330	0.00440	0.00126	0.00629	0.00434	0.00202	0.00516
3	0.00536	0.00412	0.00573	0.00592	0.00658	0.00401	0.02747	0.00630	0.00720	0.00987	0.01718	0.55962	0.01981	0.04890	0.09764	0.00205	0.03245	0.05772	0.00309	0.07899
4	0.04488	0.06262	0.07341	0.02340	0.15325	0.07044	0.00765	0.09531	0.27121	0.03284	0.07094	0.01234	0.01003	0.00509	0.01922	0.00127	0.02078	0.01695	0.00293	0.00544
5	0.47289	0.00593	0.00539	0.00483	0.00678	0.00629	0.00387	0.01015	0.00793	0.10046	0.10999	0.01607	0.18123	0.00543	0.00320	0.00118	0.00256	0.00409	0.04765	0.00407
6	0.01037	0.81988	0.01935	0.00668	0.00985	0.06329	0.00654	0.01157	0.00788	0.00894	0.00531	0.00613	0.00487	0.00328	0.00249	0.00082	0.00422	0.00205	0.00164	0.00484
7	0.00543	0.00364	0.00416	0.00425	0.00427	0.00362	0.00242	0.00549	0.00568	0.00758	0.01282	0.10605	0.01488	0.78400	0.01790	0.00347	0.00353	0.00602	0.00242	0.00237
8	0.00616	0.00431	0.00584	0.00553	0.00634	0.00432	0.03067	0.00717	0.03691	0.04162	0.13183	0.09911	0.16282	0.11363	0.14479	0.14954	0.02632	0.01700	0.00287	0.00322
9	0.00485	0.00380	0.00441	0.00450	0.00548	0.00336	0.00335	0.00605	0.00906	0.01168	0.27093	0.15804	0.43918	0.00945	0.00457	0.00132	0.00201	0.05095	0.00371	0.00331
10	0.00762	0.00710	0.00831	0.00762	0.01819	0.10845	0.06626	0.02110	0.15813	0.01085	0.03837	0.04244	0.04324	0.04250	0.37375	0.01549	0.01951	0.00441	0.00254	0.00412
11	0.36798	0.20515	0.02649	0.00660	0.00937	0.01074	0.00576	0.19988	0.08523	0.04015	0.00739	0.00777	0.00566	0.00388	0.00290	0.00109	0.00354	0.00263	0.00270	0.00509
12	0.00932	0.03532	0.00883	0.00638	0.00926	0.00678	0.00519	0.15087	0.00981	0.05850	0.05744	0.01044	0.03482	0.00395	0.00371	0.00082	0.05089	0.00304	0.00274	0.53189
13	0.06601	0.09789	0.05825	0.08857	0.03017	0.13335	0.12633	0.20485	0.04248	0.06079	0.00778	0.00885	0.00587	0.00406	0.00404	0.00115	0.04854	0.00321	0.00254	0.00526
14	0.41245	0.06192	0.02384	0.15397	0.10254	0.10954	0.00694	0.02960	0.02132	0.01366	0.00607	0.00755	0.00483	0.00372	0.00325	0.00115	0.02843	0.00258	0.00212	0.00452

[dist]
# distance from previous block
# <min> <max>
1	2

[block]
# block no. 2 follows, 72 sequences, length 30
# corresponding to MSA columns:
# 113-142
name=unknown_C
#
# <colnr> <probs for GDERKNQSTAVLIFYWHMCP>
#	G	D	E	R	K	N	Q	S	T	A	V	L	I	F	Y	W	H	M	C	P
0	0.00659	0.00512	0.01917	0.00562	0.00720	0.00457	0.04584	0.00898	0.08363	0.07056	0.34754	0.05287	0.26761	0.00744	0.00429	0.00121	0.00239	0.00647	0.00371	0.04916
1	0.00498	0.00428	0.03384	0.02447	0.00639	0.00371	0.00402	0.00611	0.00826	0.01098	0.18846	0.45107	0.20057	0.00998	0.00479	0.00140	0.02105	0.00879	0.00350	0.00334
2	0.00835	0.03888	0.09187	0.10094	0.35024	0.00811	0.02177	0.03939	0.04265	0.02814	0.07676	0.12013	0.01086	0.00515	0.00427	0.00123	0.03917	0.00456	0.00241	0.00511
3	0.01132	0.01047	0.09839	0.02824	0.19039	0.04893	0.06244	0.21661	0.16650	0.09923	0.00997	0.01061	0.00741	0.01740	0.00404	0.00122	0.00436	0.00360	0.00299	0.00589
4	0.00691	0.00719	0.09294	0.08345	0.13677	0.00623	0.05695	0.03265	0.06710	0.01152	0.06949	0.26504	0.03694	0.08898	0.00569	0.00155	0.00364	0.01991	0.00278	0.00427
5	0.00842	0.03458	0.03687	0.26662	0.09434	0.04731	0.01623	0.08461	0.13140	0.01232	0.05424	0.04137	0.02134	0.04191	0.06875	0.00169	0.02673	0.00406	0.00250	0.00470
6	0.13617	0.43215	0.10307	0.00838	0.05489	0.08504	0.04158	0.04910	0.00849	0.02683	0.02018	0.00735	0.00553	0.00355	0.00291	0.00098	0.00437	0.00250	0.00198	0.00495
7	0.00819	0.00542	0.00728	0.00656	0.02448	0.00526	0.04396	0.06141	0.08196	0.13707	0.40568	0.08860	0.05311	0.01665	0.00449	0.00128	0.00265	0.03758	0.00392	0.00444
8	0.01250	0.15934	0.02679	0.00837	0.01138	0.01120	0.04884	0.42748	0.14385	0.07541	0.00967	0.00964	0.00710	0.00430	0.00358	0.00110	0.00401	0.00335	0.00332	0.02878
9	0.00861	0.08316	0.01223	0.00955	0.00994	0.01179	0.00804	0.03610	0.00637	0.00959	0.00523	0.00825	0.00510	0.00667	0.02642	0.00165	0.74209	0.00322	0.00173	0.00427
10	0.86247	0.00730	0.00569	0.00505	0.00742	0.00840	0.00416	0.01141	0.00661	0.04636	0.00562	0.00640	0.00429	0.00356	0.00240	0.00117	0.00294	0.00212	0.00243	0.00419
11	0.00947	0.50874	0.24364	0.00791	0.01159	0.04213	0.00854	0.02689	0.05391	0.01053	0.00695	0.00864	0.00595	0.00379	0.00301	0.00099	0.00450	0.03587	0.00187	0.00509
12	0.00648	0.00817	0.22490	0.00635	0.00866	0.00502	0.00630	0.00863	0.00921	0.05089	0.36639	0.05146	0.13818	0.02205	0.00476	0.03025	0.00301	0.00563	0.00322	0.04045
13	0.01040	0.00925	0.03859	0.09465	0.04432	0.03919	0.10085	0.22705	0.26368	0.03673	0.03637	0.03253	0.00926	0.02529	0.00438	0.00129	0.01341	0.00409	0.00315	0.00553
14	0.00535	0.00401	0.00466	0.00464	0.00567	0.00365	0.00344	0.00680	0.03587	0.03249	0.23829	0.12836	0.39469	0.05795	0.02246	0.00154	0.00232	0.04076	0.00363	0.00342
15	0.00984	0.00919	0.02813	0.08084	0.25203	0.06713	0.01660	0.13426	0.21964	0.01465	0.07146	0.01207	0.01922	0.00452	0.00397	0.00117	0.02029	0.00383	0.00284	0.02832
16	0.01395	0.00588	0.00774	0.00616	0.00864	0.00513	0.00501	0.02886	0.01064	0.62489	0.10643	0.01784	0.13018	0.00571	0.00398	0.00119	0.00290	0.00473	0.00446	0.00569
17	0.00925	0.09169	0.02683	0.00958	0.10976	0.08043	0.08421	0.03792	0.08285	0.02450	0.02707	0.01077	0.00758	0.00382	0.00340	0.00093	0.00394	0.04089	0.00241	0.34217
18	0.00901	0.04358	0.13737	0.00865	0.03036	0.02172	0.05626	0.12198	0.14964	0.05625	0.05128	0.02892	0.02590	0.00926	0.15229	0.00210	0.04701	0.04058	0.00283	0.00502
19	0.04949	0.19284	0.02404	0.01001	0.12979	0.09789	0.02789	0.20854	0.06596	0.05909	0.00794	0.00857	0.00616	0.00382	0.00332	0.00101	0.00423	0.00294	0.00263	0.09386
20	0.89350	0.00733	0.00557	0.00499	0.00733	0.00851	0.00411	0.01115	0.00645	0.01702	0.00528	0.00616	0.00411	0.00352	0.00235	0.00117	0.00293	0.00205	0.00235	0.00411
21	0.00896	0.00868	0.01424	0.20992	0.59247	0.02743	0.02218	0.01143	0.02789	0.01172	0.00717	0.00959	0.00587	0.00359	0.00395	0.00117	0.02293	0.00339	0.00188	0.00552
22	0.00572	0.00438	0.00616	0.00600	0.00645	0.00515	0.00450	0.00670	0.00593	0.00849	0.01009	0.01665	0.01008	0.22800	0.57033	0.00508	0.09070	0.00434	0.00206	0.00320
23	0.04081	0.01286	0.30636	0.01218	0.09778	0.03836	0.20931	0.06059	0.06059	0.01316	0.05289	0.01070	0.02213	0.00432	0.01441	0.00127	0.02136	0.00368	0.00220	0.01503
24	0.00542	0.00404	0.00597	0.00597	0.00660	0.00467	0.00458	0.00669	0.00606	0.00871	0.01027	0.01554	0.00976	0.08259	0.79792	0.00594	0.00974	0.00416	0.00205	0.00332
25	0.00707	0.00353	0.00353	0.00353	0.00442	0.00353	0.00265	0.00884	0.00795	0.01414	0.01237	0.01414	0.00972	0.00442	0.00265	0.00088	0.00177	0.00353	0.88777	0.00353
26	0.00552	0.00368	0.00414	0.00414	0.00414	0.00368	0.00230	0.00552	0.00552	0.00735	0.01195	0.02482	0.01379	0.86672	0.01930	0.00368	0.00368	0.00552	0.00230	0.00230
27	0.03163	0.03026	0.00978	0.00762	0.01011	0.00961	0.00619	0.57514	0.01490	0.05189	0.04219	0.11732	0.06472	0.00585	0.00393	0.00119	0.00363	0.00470	0.00370	0.00563
28	0.01417	0.01808	0.01075	0.00977	0.01172	0.85149	0.00733	0.01514	0.01075	0.00928	0.00586	0.00684	0.00489	0.00391	0.00342	0.00098	0.00684	0.00244	0.00195	0.00440
29	0.02467	0.08501	0.68920	0.03172	0.04051	0.00910	0.01273	0.01168	0.00799	0.01177	0.00745	0.00908	0.01900	0.00381	0.00354	0.00118	0.00528	0.01916	0.00170	0.00541

[dist]
# distance from previous block
# <min> <max>
0	1

[block]
# block no. 3 follows, 72 sequences, length 22
# corresponding to MSA columns:
# 144-165
name=unknown_D
#
# <colnr> <probs for GDERKNQSTAVLIFYWHMCP>
#	G	D	E	R	K	N	Q	S	T	A	V	L	I	F	Y	W	H	M	C	P
0	0.01369	0.01055	0.02826	0.00880	0.01181	0.01143	0.02163	0.71946	0.09829	0.02266	0.00966	0.00960	0.00691	0.00457	0.00381	0.00116	0.00413	0.00351	0.00372	0.00637
1	0.44675	0.10113	0.00922	0.00675	0.00928	0.14609	0.00556	0.18182	0.02181	0.01624	0.00634	0.00702	0.00494	0.00378	0.00286	0.00109	0.00394	0.00243	0.00253	0.02043
2	0.00802	0.00729	0.04396	0.11292	0.01027	0.06953	0.00582	0.13112	0.02922	0.04101	0.10535	0.03984	0.25465	0.04860	0.02862	0.00150	0.02742	0.02757	0.00309	0.00422
3	0.03616	0.11868	0.05372	0.03112	0.13015	0.00798	0.06231	0.05625	0.10197	0.04993	0.23004	0.06200	0.01544	0.00532	0.00383	0.00115	0.00347	0.00464	0.00300	0.02285
4	0.07606	0.14015	0.01085	0.00775	0.01020	0.01037	0.04190	0.06717	0.56122	0.01522	0.01239	0.01184	0.00942	0.00461	0.00355	0.00120	0.00338	0.00373	0.00331	0.00568
5	0.00770	0.00713	0.01146	0.05703	0.52446	0.00706	0.00879	0.00953	0.00848	0.01159	0.03029	0.10443	0.17345	0.00569	0.00405	0.00122	0.00372	0.01654	0.00243	0.00498
6	0.00983	0.76461	0.12153	0.00702	0.01055	0.01424	0.00741	0.01144	0.00774	0.00930	0.00546	0.00632	0.00486	0.00329	0.00258	0.00086	0.00425	0.00212	0.00162	0.00496
7	0.00533	0.00388	0.00502	0.00473	0.00564	0.00356	0.00355	0.00708	0.01064	0.01499	0.80607	0.02869	0.07091	0.00783	0.00447	0.00120	0.00179	0.00691	0.00415	0.00356
8	0.05312	0.00856	0.00904	0.00774	0.01004	0.00968	0.00612	0.28603	0.46420	0.01811	0.01327	0.07580	0.01054	0.00538	0.00384	0.00125	0.00332	0.00438	0.00374	0.00584
9	0.00552	0.00368	0.00414	0.00414	0.00414	0.00368	0.00230	0.00552	0.00552	0.00735	0.01195	0.02482	0.01379	0.86672	0.01930	0.00368	0.00368	0.00552	0.00230	0.00230
10	0.01355	0.01704	0.01084	0.00979	0.01154	0.76288	0.00743	0.01451	0.01023	0.00927	0.00577	0.00699	0.00490	0.00420	0.00437	0.00105	0.09683	0.00254	0.00192	0.00437
11	0.00569	0.00456	0.00517	0.00492	0.00617	0.00439	0.00374	0.00858	0.14281	0.01328	0.37580	0.02954	0.35034	0.00811	0.00439	0.00125	0.00207	0.02153	0.00385	0.00382
12	0.00752	0.00807	0.07518	0.00896	0.00966	0.00939	0.02575	0.00880	0.00659	0.00996	0.09417	0.01153	0.00895	0.01992	0.11898	0.01598	0.55074	0.00380	0.00198	0.00406
13	0.77717	0.00681	0.00540	0.00498	0.00707	0.00781	0.00401	0.01047	0.00658	0.01617	0.00711	0.09690	0.00646	0.00443	0.00262	0.00120	0.00283	0.00301	0.02500	0.00398
14	0.00599	0.00485	0.00594	0.00549	0.00652	0.00506	0.00423	0.00859	0.10882	0.01369	0.49864	0.02609	0.18541	0.00768	0.00524	0.00127	0.09248	0.00640	0.00375	0.00386
15	0.00581	0.00466	0.00645	0.00767	0.13623	0.00437	0.00487	0.00740	0.00955	0.01300	0.41676	0.09383	0.19828	0.00799	0.00445	0.00127	0.00240	0.06760	0.00358	0.00383
16	0.00739	0.00496	0.00697	0.00647	0.00743	0.00563	0.00508	0.05384	0.00728	0.09799	0.02788	0.01442	0.00960	0.05186	0.58238	0.02834	0.07216	0.00404	0.00243	0.00386
17	0.00627	0.00475	0.00562	0.00505	0.00640	0.00445	0.00389	0.09377	0.01081	0.01477	0.50992	0.02726	0.21633	0.00761	0.00432	0.00118	0.00215	0.01856	0.00387	0.05301
18	0.01000	0.75315	0.10687	0.00705	0.01050	0.04014	0.00731	0.01154	0.00783	0.00926	0.00545	0.00631	0.00486	0.00330	0.00259	0.00086	0.00431	0.00212	0.00163	0.00493
19	0.00770	0.00525	0.02697	0.09549	0.00912	0.00472	0.00502	0.02482	0.00913	0.14147	0.26134	0.21547	0.03554	0.00755	0.01414	0.02544	0.00284	0.00617	0.00346	0.09835
20	0.07900	0.25551	0.01283	0.00820	0.01069	0.42626	0.00672	0.07557	0.02596	0.05744	0.00659	0.00722	0.00532	0.00381	0.00312	0.00097	0.00529	0.00248	0.00222	0.00481
21	0.02395	0.59884	0.15338	0.00738	0.01078	0.04652	0.02502	0.01131	0.00811	0.01011	0.06822	0.00818	0.00718	0.00367	0.00286	0.00093	0.00428	0.00259	0.00184	0.00486

[dist]
# distance from previous block
# <min> <max>
1	3

[block]
# block no. 4 follows, 72 sequences, length 74
# corresponding to MSA columns:
# 169-242
name=unknown_E
#
# <colnr> <probs for GDERKNQSTAVLIFYWHMCP>
#	G	D	E	R	K	N	Q	S	T	A	V	L	I	F	Y	W	H	M	C	P
0	0.03051	0.59475	0.09787	0.02449	0.03115	0.14645	0.00750	0.01199	0.00821	0.00956	0.00559	0.00655	0.00488	0.00340	0.00276	0.00090	0.00465	0.00223	0.00170	0.00486
1	0.01164	0.01052	0.05496	0.00829	0.01096	0.10523	0.00687	0.26575	0.37781	0.05228	0.01156	0.01113	0.00854	0.00462	0.00373	0.00117	0.00394	0.00362	0.00347	0.04391
2	0.00465	0.00336	0.00440	0.00517	0.00549	0.00311	0.00349	0.00538	0.00751	0.00998	0.06188	0.77510	0.07336	0.01155	0.00480	0.00151	0.00216	0.01043	0.00355	0.00311
3	0.02230	0.64319	0.19493	0.00740	0.01112	0.01323	0.00802	0.01177	0.00787	0.04198	0.00597	0.00676	0.00502	0.00338	0.00273	0.00091	0.00434	0.00226	0.00175	0.00507
4	0.29221	0.00693	0.00812	0.05605	0.04541	0.00762	0.02762	0.11997	0.04039	0.10616	0.03742	0.01146	0.00807	0.00959	0.18908	0.00227	0.00497	0.01917	0.00280	0.00468
5	0.01460	0.00928	0.11369	0.00816	0.01145	0.00772	0.04496	0.22778	0.01216	0.47694	0.01220	0.02553	0.00816	0.00457	0.00383	0.00118	0.00390	0.00373	0.00393	0.00623
6	0.00506	0.00386	0.00464	0.00445	0.00548	0.00345	0.00334	0.00656	0.01001	0.01348	0.56213	0.03117	0.31579	0.00840	0.00448	0.00122	0.00184	0.00726	0.00395	0.00345
7	0.00891	0.00874	0.01365	0.41825	0.18088	0.07840	0.14200	0.03294	0.02068	0.03335	0.00754	0.02421	0.00592	0.00383	0.00388	0.00122	0.00516	0.00362	0.00198	0.00485
8	0.00875	0.00820	0.01422	0.26445	0.33980	0.00870	0.14138	0.04615	0.01842	0.02900	0.00822	0.04968	0.00692	0.00413	0.00415	0.00123	0.02402	0.01533	0.00208	0.00515
9	0.00468	0.00333	0.00442	0.00526	0.00548	0.00312	0.00351	0.00533	0.00722	0.00962	0.02055	0.81953	0.02460	0.04453	0.00540	0.00163	0.00228	0.02299	0.00347	0.00306
10	0.05364	0.00958	0.01053	0.04117	0.01163	0.06399	0.03819	0.49811	0.01427	0.10410	0.01049	0.05338	0.00841	0.00516	0.00388	0.00120	0.00417	0.05887	0.00351	0.00571
11	0.00861	0.04357	0.15788	0.13797	0.22931	0.02101	0.19208	0.01172	0.04414	0.02997	0.04972	0.01171	0.00792	0.00402	0.00393	0.00121	0.00495	0.03297	0.00212	0.00521
12	0.00504	0.00363	0.00463	0.00528	0.00574	0.00343	0.00362	0.00623	0.04571	0.02270	0.04388	0.72251	0.09108	0.01117	0.00474	0.00149	0.00222	0.01005	0.00357	0.00329
13	0.00742	0.00590	0.00665	0.00614	0.00770	0.00627	0.00476	0.01315	0.38507	0.03510	0.30848	0.02320	0.12362	0.00685	0.00421	0.00127	0.00247	0.04311	0.00393	0.00470
14	0.00928	0.14112	0.03332	0.15675	0.12365	0.09551	0.05260	0.08273	0.00877	0.01132	0.02032	0.01062	0.00679	0.00673	0.08619	0.00167	0.11331	0.03253	0.00206	0.00473
15	0.02129	0.30665	0.44272	0.00957	0.01402	0.02369	0.07741	0.03126	0.02028	0.01134	0.00650	0.00761	0.00503	0.00350	0.00327	0.00107	0.00505	0.00270	0.00173	0.00530
16	0.00526	0.00383	0.00495	0.00477	0.00563	0.00352	0.00354	0.00691	0.01033	0.01449	0.73126	0.10055	0.07435	0.00820	0.00451	0.00123	0.00183	0.00725	0.00409	0.00352
17	0.00894	0.00906	0.04295	0.10799	0.63244	0.00882	0.07942	0.01136	0.00854	0.01204	0.00759	0.01069	0.00642	0.00367	0.00387	0.00118	0.00472	0.03274	0.00191	0.00564
18	0.01355	0.20228	0.01243	0.00847	0.01082	0.45785	0.00686	0.02610	0.00997	0.16699	0.00745	0.00792	0.00576	0.00405	0.00370	0.00101	0.04481	0.00266	0.00241	0.00491
19	0.00763	0.01945	0.83280	0.01090	0.01647	0.00882	0.02811	0.01201	0.00802	0.01201	0.00682	0.00805	0.00482	0.00360	0.00362	0.00120	0.00562	0.00283	0.00161	0.00560
20	0.00877	0.00993	0.02161	0.01552	0.01921	0.00931	0.79382	0.01185	0.00888	0.01204	0.00824	0.04691	0.00658	0.00357	0.00449	0.00129	0.00621	0.00475	0.00199	0.00503
21	0.24468	0.06766	0.06067	0.00848	0.01142	0.12009	0.07981	0.32097	0.02446	0.01733	0.00726	0.00795	0.00544	0.00394	0.00332	0.00112	0.00445	0.00291	0.00273	0.00529
22	0.00542	0.00406	0.00610	0.00610	0.00677	0.00474	0.00474	0.00677	0.00610	0.00880	0.01016	0.01490	0.00948	0.02844	0.85169	0.00610	0.01016	0.00406	0.00203	0.00339
23	0.00470	0.00391	0.00474	0.00479	0.00581	0.00341	0.03467	0.00564	0.00819	0.01013	0.03140	0.31171	0.53714	0.01012	0.00460	0.00137	0.00219	0.00880	0.00346	0.00323
24	0.00534	0.00442	0.03523	0.00493	0.00600	0.00371	0.00389	0.00710	0.01030	0.01441	0.70407	0.06423	0.10624	0.00795	0.00446	0.00122	0.00196	0.00698	0.00400	0.00360
25	0.00478	0.00382	0.00428	0.00427	0.00535	0.00332	0.00318	0.00598	0.00917	0.01171	0.27781	0.09811	0.52577	0.00924	0.00452	0.00128	0.00192	0.01847	0.00372	0.00331
26	0.00716	0.00674	0.01138	0.85760	0.02612	0.00843	0.01053	0.00969	0.00758	0.00969	0.00674	0.01011	0.00506	0.00379	0.00379	0.00126	0.00506	0.00337	0.00169	0.00421
27	0.00761	0.01962	0.84707	0.01081	0.01641	0.00881	0.01401	0.01201	0.00801	0.01201	0.00681	0.00801	0.00480	0.00360	0.00360	0.00120	0.00560	0.00280	0.00160	0.00560
28	0.00724	0.00683	0.01152	0.82666	0.05642	0.00845	0.01057	0.00976	0.00762	0.00979	0.00676	0.01008	0.00509	0.00378	0.00379	0.00126	0.00504	0.00337	0.00169	0.00428
29	0.00910	0.00779	0.00831	0.00755	0.00958	0.00895	0.00590	0.01903	0.76264	0.01564	0.05368	0.01603	0.01313	0.00549	0.00395	0.00130	0.00297	0.03933	0.00386	0.00578
30	0.00830	0.00830	0.01162	0.00996	0.00996	0.01162	0.00830	0.00913	0.00581	0.00913	0.00498	0.00830	0.00498	0.00664	0.01245	0.00166	0.85977	0.00332	0.00166	0.00415
31	0.00716	0.00674	0.01138	0.85760	0.02612	0.00843	0.01053	0.00969	0.00758	0.00969	0.00674	0.01011	0.00506	0.00379	0.00379	0.00126	0.00506	0.00337	0.00169	0.00421
32	0.01417	0.01808	0.01075	0.00977	0.01172	0.85149	0.00733	0.01514	0.01075	0.00928	0.00586	0.00684	0.00489	0.00391	0.00342	0.00098	0.00684	0.00244	0.00195	0.00440
33	0.00943	0.00815	0.00858	0.00772	0.00986	0.00943	0.00600	0.02015	0.83621	0.01586	0.01544	0.01415	0.01158	0.00515	0.00386	0.00129	0.00300	0.00429	0.00386	0.00600
34	0.01702	0.00645	0.00880	0.00675	0.00968	0.00557	0.00557	0.01848	0.01085	0.84568	0.01496	0.01291	0.00939	0.00469	0.00381	0.00117	0.00323	0.00381	0.00469	0.00645
35	0.00761	0.01962	0.84707	0.01081	0.01641	0.00881	0.01401	0.01201	0.00801	0.01201	0.00681	0.00801	0.00480	0.00360	0.00360	0.00120	0.00560	0.00280	0.00160	0.00560
36	0.01442	0.01062	0.01138	0.00873	0.01176	0.01176	0.00721	0.83041	0.01783	0.02390	0.00911	0.00911	0.00645	0.00455	0.00379	0.00114	0.00417	0.00341	0.00379	0.00645
37	0.00943	0.00815	0.00858	0.00772	0.00986	0.00943	0.00600	0.02015	0.83621	0.01586	0.01544	0.01415	0.01158	0.00515	0.00386	0.00129	0.00300	0.00429	0.00386	0.00600
38	0.01417	0.01808	0.01075	0.00977	0.01172	0.85149	0.00733	0.01514	0.01075	0.00928	0.00586	0.00684	0.00489	0.00391	0.00342	0.00098	0.00684	0.00244	0.00195	0.00440
39	0.01257	0.37581	0.03205	0.00773	0.01091	0.01282	0.00697	0.43094	0.01303	0.05191	0.00767	0.00796	0.00587	0.00398	0.00321	0.00100	0.00411	0.00283	0.00286	0.00576
40	0.00716	0.00674	0.01138	0.85760	0.02612	0.00843	0.01053	0.00969	0.00758	0.00969	0.00674	0.01011	0.00506	0.00379	0.00379	0.00126	0.00506	0.00337	0.00169	0.00421
41	0.00537	0.00388	0.00507	0.00477	0.00567	0.00358	0.00358	0.00716	0.01074	0.01521	0.84106	0.02833	0.03578	0.00775	0.00447	0.00119	0.00179	0.00686	0.00417	0.00358
42	0.00939	0.00901	0.01539	0.02328	0.84306	0.00901	0.01164	0.01164	0.00864	0.01239	0.00713	0.00939	0.00601	0.00338	0.00375	0.00113	0.00451	0.00338	0.00188	0.00601
43	0.00635	0.00345	0.00517	0.00517	0.00531	0.00358	0.00358	0.00531	0.00517	0.00703	0.00730	0.01220	0.00717	0.01623	0.18223	0.71291	0.00467	0.00345	0.00172	0.00199
44	0.00659	0.00329	0.00494	0.00494	0.00494	0.00329	0.00329	0.00494	0.00494	0.00659	0.00659	0.01153	0.00659	0.01318	0.01482	0.88966	0.00329	0.00329	0.00165	0.00165
45	0.01441	0.01082	0.01136	0.00875	0.01176	0.03417	0.00721	0.80866	0.01764	0.02351	0.00902	0.00904	0.00641	0.00454	0.00378	0.00113	0.00424	0.00339	0.00374	0.00639
46	0.00538	0.00403	0.00476	0.00461	0.00568	0.00364	0.00344	0.01920	0.02248	0.02856	0.42080	0.10939	0.33672	0.00869	0.00448	0.00126	0.00196	0.00751	0.00387	0.00352
47	0.00542	0.00368	0.00417	0.00424	0.00433	0.00363	0.00247	0.00554	0.00583	0.00770	0.01391	0.07484	0.05506	0.75929	0.01748	0.00340	0.00350	0.02064	0.00245	0.00241
48	0.00895	0.01023	0.02238	0.01598	0.01982	0.00959	0.82928	0.01215	0.00895	0.01215	0.00767	0.01023	0.00575	0.00320	0.00448	0.00128	0.00639	0.00448	0.00192	0.00512
49	0.00464	0.00345	0.00433	0.00496	0.00543	0.00314	0.00340	0.00543	0.00776	0.01015	0.07711	0.64333	0.19071	0.01116	0.00474	0.00147	0.00212	0.00997	0.00356	0.00314
50	0.21822	0.00521	0.00566	0.00518	0.00674	0.00517	0.00395	0.02002	0.01745	0.17656	0.12998	0.16260	0.14404	0.07671	0.00509	0.00146	0.00263	0.00579	0.00347	0.00408
51	0.00529	0.00386	0.00493	0.00468	0.00557	0.00354	0.00348	0.00693	0.01034	0.01446	0.73541	0.03905	0.10236	0.03746	0.00499	0.00129	0.00187	0.00696	0.00405	0.00350
52	0.00529	0.00385	0.00498	0.00474	0.00563	0.00354	0.00354	0.00699	0.01049	0.01473	0.76672	0.06102	0.07823	0.00801	0.00449	0.00121	0.00181	0.00707	0.00411	0.00354
53	0.03546	0.00493	0.00619	0.00533	0.00707	0.00440	0.00417	0.01109	0.00987	0.32825	0.26415	0.03878	0.20057	0.04656	0.00486	0.00133	0.00251	0.01588	0.00407	0.00453
54	0.04921	0.00595	0.00725	0.00606	0.00799	0.00573	0.00474	0.13513	0.01076	0.33139	0.17509	0.08888	0.05845	0.08930	0.00549	0.00145	0.00297	0.00523	0.00397	0.00494
55	0.01366	0.01691	0.01138	0.01002	0.01213	0.73487	0.05675	0.04408	0.04634	0.01026	0.00650	0.00744	0.00528	0.00394	0.00352	0.00101	0.00655	0.00268	0.00210	0.00458
56	0.05168	0.00997	0.01068	0.00830	0.01118	0.01100	0.00683	0.69964	0.05455	0.04970	0.04153	0.01008	0.00781	0.00466	0.00376	0.00115	0.00394	0.00354	0.00378	0.00622
57	0.00535	0.00385	0.00479	0.00509	0.00579	0.00358	0.00360	0.03776	0.00866	0.02656	0.18786	0.50822	0.16421	0.01026	0.00465	0.00140	0.00217	0.00911	0.00368	0.00339
58	0.00552	0.00368	0.00414	0.00414	0.00414	0.00368	0.00230	0.00552	0.00552	0.00735	0.01195	0.02482	0.01379	0.86672	0.01930	0.00368	0.00368	0.00552	0.00230	0.00230
59	0.00895	0.01023	0.02238	0.01598	0.01982	0.00959	0.82928	0.01215	0.00895	0.01215	0.00767	0.01023	0.00575	0.00320	0.00448	0.00128	0.00639	0.00448	0.00192	0.00512
60	0.00472	0.00385	0.00417	0.00409	0.00527	0.00330	0.00307	0.00590	0.00920	0.01156	0.25067	0.03434	0.62845	0.00912	0.00448	0.00126	0.00189	0.00770	0.00369	0.00330
61	0.00542	0.00397	0.00569	0.00571	0.00630	0.00446	0.00430	0.00647	0.00612	0.00864	0.01173	0.03285	0.04849	0.12174	0.67005	0.03961	0.00863	0.00451	0.00214	0.00318
62	0.00543	0.00403	0.00595	0.00595	0.00657	0.00466	0.00456	0.00668	0.00605	0.00869	0.01029	0.01565	0.00981	0.09185	0.78873	0.00591	0.00967	0.00417	0.00205	0.00330
63	0.00462	0.00330	0.00440	0.00528	0.00550	0.00308	0.00352	0.00528	0.00726	0.00968	0.02090	0.86424	0.02508	0.01188	0.00484	0.00154	0.00220	0.01078	0.00352	0.00308
64	0.00889	0.00850	0.01450	0.20978	0.66044	0.00888	0.01139	0.01120	0.00840	0.01179	0.00705	0.00955	0.00579	0.00347	0.00376	0.00116	0.00463	0.00338	0.00183	0.00561
65	0.00742	0.00688	0.01138	0.82706	0.02560	0.00855	0.01041	0.03922	0.00795	0.01020	0.00683	0.01008	0.00511	0.00382	0.00379	0.00126	0.00502	0.00337	0.00176	0.00429
66	0.00552	0.00368	0.00414	0.00414	0.00414	0.00368	0.00230	0.00552	0.00552	0.00735	0.01195	0.02482	0.01379	0.86672	0.01930	0.00368	0.00368	0.00552	0.00230	0.00230
67	0.00552	0.00368	0.00414	0.00414	0.00414	0.00368	0.00230	0.00552	0.00552	0.00735	0.01195	0.02482	0.01379	0.86672	0.01930	0.00368	0.00368	0.00552	0.00230	0.00230
68	0.00761	0.01962	0.84707	0.01081	0.01641	0.00881	0.01401	0.01201	0.00801	0.01201	0.00681	0.00801	0.00480	0.00360	0.00360	0.00120	0.00560	0.00280	0.00160	0.00560
69	0.00537	0.00388	0.00507	0.00477	0.00567	0.00358	0.00358	0.00716	0.01074	0.01521	0.84106	0.02833	0.03578	0.00775	0.00447	0.00119	0.00179	0.00686	0.00417	0.00358
70	0.00928	0.00863	0.01284	0.05264	0.42167	0.00919	0.05562	0.01505	0.34569	0.01367	0.01053	0.01141	0.00822	0.00411	0.00384	0.00121	0.00402	0.00381	0.00268	0.00588
71	0.01368	0.01002	0.01079	0.00846	0.01133	0.01108	0.00693	0.67304	0.13422	0.05429	0.01038	0.02076	0.00753	0.00474	0.00382	0.00117	0.00394	0.00365	0.00383	0.00634
72	0.02025	0.00440	0.00581	0.00552	0.00643	0.00452	0.00419	0.00801	0.02412	0.07640	0.34420	0.09042	0.05855	0.07472	0.19637	0.00254	0.04357	0.02294	0.00335	0.00369
73	0.00527	0.00385	0.00494	0.00472	0.00562	0.00353	0.00352	0.00694	0.01042	0.01457	0.74193	0.06747	0.09686	0.00809	0.00449	0.00122	0.00182	0.00713	0.00409	0.00353

[dist]
# distance from previous block
# <min> <max>
0	0

# created by:
# /st0/software/busco_prod/Augustus/scripts/msa2prfl.pl ./align_prep/28251.fa
