[name]
unknown

[dist]
# distance from previous block
# <min> <max>
0	26

[block]
# block no. 0 follows, 71 sequences, length 16
# corresponding to MSA columns:
# 26-41
name=unknown_A
#
# <colnr> <probs for GDERKNQSTAVLIFYWHMCP>
#	G	D	E	R	K	N	Q	S	T	A	V	L	I	F	Y	W	H	M	C	P
0	0.01177	0.00747	0.08461	0.00718	0.00958	0.03452	0.00641	0.04151	0.02670	0.38451	0.12452	0.02162	0.01542	0.00644	0.00426	0.00133	0.00351	0.19943	0.00395	0.00526
1	0.01294	0.01166	0.16983	0.00868	0.02501	0.11224	0.00790	0.23360	0.04261	0.23988	0.04560	0.01071	0.00822	0.00443	0.00374	0.00113	0.00436	0.00344	0.00334	0.05067
2	0.02313	0.31954	0.25819	0.01018	0.06949	0.01115	0.09967	0.03883	0.05435	0.07035	0.00756	0.00844	0.00582	0.00365	0.00334	0.00108	0.00472	0.00294	0.00211	0.00546
3	0.00584	0.05156	0.00578	0.00550	0.00625	0.00404	0.00390	0.00665	0.00759	0.05221	0.01898	0.71417	0.02209	0.01054	0.00457	0.00143	0.00242	0.00947	0.00343	0.06359
4	0.68909	0.03617	0.11497	0.00587	0.00856	0.00848	0.00549	0.01099	0.00682	0.01578	0.00661	0.06470	0.00571	0.00414	0.00271	0.00120	0.00330	0.00277	0.00233	0.00430
5	0.00543	0.00369	0.00419	0.00429	0.00438	0.00363	0.00248	0.00555	0.00593	0.00783	0.01443	0.11313	0.05851	0.73127	0.01720	0.00336	0.00347	0.00626	0.00252	0.00245
6	0.01025	0.86756	0.02009	0.00656	0.00984	0.01517	0.00656	0.01148	0.00779	0.00902	0.00533	0.00615	0.00492	0.00328	0.00246	0.00082	0.00410	0.00205	0.00164	0.00492
7	0.00796	0.00648	0.00753	0.00583	0.00861	0.00536	0.00453	0.01047	0.09922	0.03573	0.00962	0.08767	0.00870	0.05171	0.00410	0.00093	0.00287	0.00351	0.00264	0.63653
8	0.01166	0.00918	0.00964	0.00808	0.01050	0.03297	0.00643	0.38202	0.35732	0.03507	0.01293	0.08535	0.01033	0.00548	0.00394	0.00124	0.00361	0.00445	0.00381	0.00598
9	0.06525	0.00388	0.00496	0.00594	0.03203	0.00376	0.00399	0.00611	0.00748	0.01051	0.02030	0.69302	0.05656	0.01099	0.00470	0.00152	0.00242	0.05985	0.00342	0.00331
10	0.00931	0.00889	0.01514	0.02284	0.80934	0.00888	0.01145	0.01152	0.00868	0.01242	0.00775	0.04216	0.00681	0.00375	0.00384	0.00115	0.00447	0.00370	0.00196	0.00596
11	0.00949	0.00911	0.01556	0.02353	0.84133	0.00911	0.01177	0.01177	0.00873	0.01253	0.00721	0.00949	0.00607	0.00342	0.00380	0.00114	0.00456	0.00342	0.00190	0.00607
12	0.00949	0.00911	0.01556	0.02353	0.84133	0.00911	0.01177	0.01177	0.00873	0.01253	0.00721	0.00949	0.00607	0.00342	0.00380	0.00114	0.00456	0.00342	0.00190	0.00607
13	0.00949	0.00911	0.01556	0.02353	0.84133	0.00911	0.01177	0.01177	0.00873	0.01253	0.00721	0.00949	0.00607	0.00342	0.00380	0.00114	0.00456	0.00342	0.00190	0.00607
14	0.01044	0.00930	0.01422	0.01948	0.62064	0.00957	0.01044	0.18267	0.03889	0.01503	0.00863	0.01021	0.02519	0.00387	0.00382	0.00115	0.00437	0.00356	0.00241	0.00610
15	0.02912	0.00886	0.01281	0.01646	0.47329	0.00918	0.00926	0.20375	0.06591	0.04394	0.08089	0.01146	0.00925	0.00425	0.00385	0.00116	0.00406	0.00378	0.00279	0.00594

[dist]
# distance from previous block
# <min> <max>
22	69

[block]
# block no. 1 follows, 71 sequences, length 18
# corresponding to MSA columns:
# 119-136
name=unknown_B
#
# <colnr> <probs for GDERKNQSTAVLIFYWHMCP>
#	G	D	E	R	K	N	Q	S	T	A	V	L	I	F	Y	W	H	M	C	P
0	0.04040	0.12003	0.16094	0.00675	0.00931	0.00729	0.00645	0.02854	0.10427	0.07134	0.30948	0.03734	0.03901	0.00571	0.00383	0.00115	0.00319	0.00474	0.00323	0.03699
1	0.01153	0.50593	0.09898	0.00773	0.03671	0.03442	0.00729	0.04615	0.00897	0.17172	0.00766	0.00798	0.00592	0.00366	0.00298	0.00095	0.00415	0.00260	0.00236	0.03229
2	0.14624	0.35252	0.26041	0.00773	0.01150	0.01108	0.00834	0.02811	0.03337	0.09824	0.00719	0.00776	0.00549	0.00367	0.00301	0.00105	0.00427	0.00257	0.00218	0.00525
3	0.00754	0.00505	0.04958	0.00562	0.00699	0.00404	0.00445	0.00880	0.00892	0.18450	0.15210	0.37516	0.15405	0.00903	0.00449	0.00136	0.00251	0.00793	0.00381	0.00406
4	0.08065	0.03661	0.11161	0.00782	0.01092	0.00902	0.00703	0.24279	0.17856	0.19083	0.03223	0.01101	0.00847	0.00450	0.00364	0.00116	0.00372	0.00352	0.00351	0.05238
5	0.05961	0.34401	0.18191	0.00765	0.01123	0.01079	0.00779	0.08280	0.03176	0.21543	0.00864	0.00871	0.00630	0.00389	0.00319	0.00105	0.00413	0.00283	0.00268	0.00559
6	0.03591	0.09150	0.08555	0.00781	0.01075	0.09427	0.00690	0.23830	0.02599	0.26662	0.08866	0.01159	0.00979	0.00466	0.00368	0.00113	0.00404	0.00359	0.00351	0.00574
7	0.05226	0.00388	0.00487	0.00525	0.00583	0.00372	0.00365	0.00675	0.00784	0.05599	0.13524	0.53258	0.02353	0.10709	0.00632	0.00172	0.00247	0.03414	0.00351	0.00335
8	0.50097	0.11334	0.16341	0.00650	0.00970	0.00901	0.00644	0.01199	0.00742	0.08407	0.00652	0.00723	0.00490	0.00360	0.00277	0.00111	0.00362	0.00237	0.00234	0.05268
9	0.08317	0.48093	0.32515	0.00805	0.01214	0.01230	0.00918	0.01171	0.00780	0.01086	0.00591	0.00688	0.00483	0.00344	0.00289	0.00100	0.00459	0.00234	0.00169	0.00513
10	0.00529	0.00380	0.00473	0.00528	0.00560	0.00374	0.00353	0.00648	0.05911	0.00965	0.01837	0.54766	0.02134	0.23509	0.00868	0.00212	0.00273	0.05041	0.00326	0.00311
11	0.11411	0.13214	0.10180	0.01269	0.27098	0.01033	0.00872	0.11827	0.16765	0.01471	0.00855	0.00937	0.00669	0.00393	0.00345	0.00114	0.00409	0.00318	0.00252	0.00570
12	0.00490	0.00346	0.00436	0.00498	0.00519	0.00328	0.00321	0.00541	0.00694	0.00920	0.01955	0.60984	0.05745	0.23331	0.00867	0.00211	0.00260	0.00940	0.00324	0.00291
13	0.09886	0.00861	0.01382	0.02042	0.70388	0.00869	0.01044	0.01132	0.00851	0.01286	0.00902	0.01089	0.05846	0.00383	0.00370	0.00115	0.00423	0.00358	0.00205	0.00570
14	0.00986	0.00908	0.01459	0.03763	0.68822	0.00913	0.01083	0.09457	0.00960	0.01365	0.00738	0.00938	0.00607	0.00351	0.00374	0.00111	0.00442	0.00335	0.00211	0.06174
15	0.00944	0.00924	0.01628	0.02279	0.75790	0.00917	0.09463	0.01182	0.00876	0.01250	0.00727	0.00958	0.00605	0.00340	0.00387	0.00115	0.00475	0.00353	0.00190	0.00598
16	0.00949	0.00911	0.01556	0.02353	0.84133	0.00911	0.01177	0.01177	0.00873	0.01253	0.00721	0.00949	0.00607	0.00342	0.00380	0.00114	0.00456	0.00342	0.00190	0.00607
17	0.00949	0.00911	0.01556	0.02353	0.84133	0.00911	0.01177	0.01177	0.00873	0.01253	0.00721	0.00949	0.00607	0.00342	0.00380	0.00114	0.00456	0.00342	0.00190	0.00607

[dist]
# distance from previous block
# <min> <max>
3	8

[block]
# block no. 2 follows, 71 sequences, length 19
# corresponding to MSA columns:
# 146-164
name=unknown_C
#
# <colnr> <probs for GDERKNQSTAVLIFYWHMCP>
#	G	D	E	R	K	N	Q	S	T	A	V	L	I	F	Y	W	H	M	C	P
0	0.03132	0.20864	0.06928	0.02845	0.01071	0.02264	0.01939	0.16293	0.15840	0.09547	0.09558	0.01181	0.01026	0.01590	0.00372	0.00113	0.00374	0.00359	0.00308	0.04398
1	0.00836	0.05185	0.02859	0.00584	0.00737	0.00513	0.00461	0.02938	0.04518	0.18646	0.18488	0.27408	0.07956	0.02972	0.02558	0.00147	0.00286	0.00682	0.00372	0.01852
2	0.01094	0.60388	0.05406	0.00723	0.01040	0.06613	0.00691	0.09141	0.05130	0.04218	0.00696	0.02099	0.00592	0.00376	0.00287	0.00093	0.00424	0.00257	0.00213	0.00517
3	0.00979	0.57073	0.23789	0.00768	0.01150	0.01265	0.00844	0.01190	0.00813	0.05383	0.03221	0.00773	0.00612	0.00360	0.00291	0.00096	0.00440	0.00250	0.00188	0.00516
4	0.00558	0.00372	0.00418	0.00418	0.00418	0.00372	0.00232	0.00558	0.00558	0.00743	0.01208	0.02509	0.01394	0.86525	0.01952	0.00372	0.00372	0.00558	0.00232	0.00232
5	0.00874	0.36810	0.50633	0.00913	0.01382	0.01148	0.01104	0.01187	0.00797	0.01086	0.00624	0.00730	0.00488	0.00349	0.00316	0.00105	0.00502	0.00251	0.00163	0.00536
6	0.00938	0.00940	0.03492	0.01973	0.52624	0.00901	0.23132	0.01185	0.00881	0.03860	0.00866	0.01074	0.03529	0.00371	0.00423	0.00120	0.02532	0.00388	0.00205	0.00569
7	0.00895	0.01324	0.32327	0.01307	0.01738	0.00881	0.43153	0.01239	0.00876	0.07320	0.00857	0.04754	0.00660	0.00388	0.00417	0.00127	0.00575	0.00414	0.00210	0.00536
8	0.00467	0.00334	0.00445	0.00534	0.00556	0.00311	0.00356	0.00534	0.00734	0.00979	0.02113	0.86275	0.02536	0.01201	0.00489	0.00156	0.00222	0.01090	0.00356	0.00311
9	0.00995	0.01580	0.58432	0.01007	0.01489	0.00804	0.05378	0.01357	0.00889	0.20854	0.02995	0.00990	0.00679	0.00399	0.00376	0.00121	0.00504	0.00327	0.00244	0.00579
10	0.00914	0.01158	0.18434	0.03280	0.49596	0.03847	0.10561	0.02626	0.00886	0.01240	0.00817	0.01007	0.03143	0.00368	0.00386	0.00117	0.00501	0.00354	0.00193	0.00572
11	0.01666	0.00639	0.00870	0.00676	0.00960	0.00553	0.00554	0.01810	0.01082	0.80760	0.01539	0.05012	0.01018	0.00506	0.00390	0.00120	0.00322	0.00416	0.00469	0.00638
12	0.89233	0.00741	0.00564	0.00504	0.00741	0.00860	0.00415	0.01127	0.00653	0.01720	0.00534	0.00623	0.00415	0.00356	0.00237	0.00119	0.00297	0.00208	0.00237	0.00415
13	0.00544	0.00389	0.00482	0.00475	0.00569	0.00350	0.00350	0.00682	0.00971	0.03867	0.47163	0.18108	0.22843	0.00895	0.00457	0.00129	0.00196	0.00784	0.00396	0.00352
14	0.01021	0.22329	0.20546	0.00883	0.04879	0.06848	0.00825	0.10872	0.06783	0.07797	0.03158	0.09337	0.00884	0.00486	0.00368	0.00113	0.01704	0.00381	0.00259	0.00528
15	0.00895	0.15546	0.35253	0.00834	0.01202	0.05762	0.00904	0.02493	0.07466	0.06462	0.13004	0.01223	0.03099	0.00454	0.00359	0.00112	0.00433	0.00358	0.00251	0.03890
16	0.00977	0.20584	0.18218	0.00787	0.01106	0.05502	0.02709	0.08843	0.11247	0.06805	0.09033	0.01253	0.05898	0.00465	0.00355	0.00109	0.00404	0.00367	0.00275	0.05065
17	0.04648	0.19200	0.11506	0.00832	0.04744	0.05645	0.00728	0.08070	0.14722	0.15028	0.02978	0.03623	0.00875	0.00459	0.00351	0.00112	0.00396	0.02401	0.00295	0.03389
18	0.10640	0.07965	0.04530	0.00867	0.07030	0.06555	0.07126	0.07568	0.07371	0.11910	0.04283	0.04708	0.07617	0.00482	0.00361	0.00111	0.00380	0.00398	0.00292	0.09805

[dist]
# distance from previous block
# <min> <max>
1	34

[block]
# block no. 3 follows, 71 sequences, length 32
# corresponding to MSA columns:
# 199-230
name=unknown_D
#
# <colnr> <probs for GDERKNQSTAVLIFYWHMCP>
#	G	D	E	R	K	N	Q	S	T	A	V	L	I	F	Y	W	H	M	C	P
0	0.02605	0.03562	0.14634	0.00842	0.01992	0.07870	0.03191	0.21881	0.07598	0.16027	0.04514	0.05422	0.04105	0.00521	0.00406	0.01932	0.00415	0.00405	0.00324	0.01755
1	0.03401	0.04823	0.04550	0.00662	0.00872	0.02034	0.03372	0.06635	0.13878	0.13190	0.10561	0.13097	0.15295	0.01694	0.00423	0.00126	0.00307	0.00565	0.00351	0.04162
2	0.04137	0.04652	0.08532	0.04997	0.01613	0.03705	0.42265	0.03023	0.09893	0.06125	0.02272	0.03529	0.00751	0.00398	0.00407	0.00123	0.00524	0.00417	0.00242	0.02394
3	0.07298	0.04718	0.07673	0.02248	0.09941	0.01803	0.19197	0.16869	0.12443	0.09401	0.02779	0.02236	0.00783	0.00422	0.00385	0.00121	0.00448	0.00381	0.00289	0.00565
4	0.02262	0.22031	0.19069	0.00881	0.03779	0.07455	0.03380	0.12112	0.08195	0.06444	0.05045	0.02322	0.02136	0.00430	0.00347	0.00109	0.00438	0.00335	0.00258	0.02974
5	0.09899	0.04987	0.06635	0.06196	0.02173	0.04239	0.00583	0.05753	0.05448	0.07862	0.17636	0.09587	0.09477	0.00723	0.04109	0.00143	0.00357	0.01478	0.00316	0.02399
6	0.60286	0.04621	0.03678	0.00602	0.00844	0.00847	0.03968	0.05435	0.02048	0.01593	0.03115	0.05053	0.00690	0.03564	0.00344	0.00127	0.00328	0.00302	0.00251	0.02305
7	0.02006	0.00391	0.00503	0.04201	0.00668	0.00371	0.00390	0.00606	0.00736	0.00997	0.01964	0.57560	0.08266	0.08464	0.02320	0.00174	0.00272	0.03848	0.00324	0.05939
8	0.06262	0.00824	0.00941	0.00797	0.06662	0.03325	0.01745	0.16367	0.08043	0.06441	0.00843	0.00903	0.00649	0.00360	0.00326	0.00087	0.00344	0.00286	0.00281	0.44513
9	0.00548	0.00411	0.00616	0.00616	0.00685	0.00479	0.00479	0.00685	0.00616	0.00890	0.01027	0.01506	0.00959	0.02876	0.85006	0.00616	0.01027	0.00411	0.00205	0.00342
10	0.02601	0.11751	0.35113	0.00971	0.03183	0.03356	0.07551	0.08218	0.06179	0.03883	0.00776	0.00872	0.00585	0.00401	0.01461	0.00114	0.00483	0.00299	0.00220	0.11982
11	0.02948	0.35022	0.22516	0.00980	0.05696	0.06755	0.10732	0.02486	0.00831	0.02168	0.00677	0.00870	0.00571	0.05731	0.00425	0.00120	0.00493	0.00291	0.00184	0.00503
12	0.00474	0.00338	0.00452	0.00541	0.00566	0.00317	0.00367	0.00545	0.00740	0.00986	0.02110	0.82789	0.02522	0.01195	0.00491	0.00157	0.00228	0.04513	0.00356	0.00313
13	0.00467	0.00334	0.00445	0.00534	0.00556	0.00311	0.00356	0.00534	0.00734	0.00979	0.02113	0.86275	0.02536	0.01201	0.00489	0.00156	0.00222	0.01090	0.00356	0.00311
14	0.01344	0.09728	0.01213	0.00854	0.01139	0.01195	0.00714	0.65623	0.05277	0.02131	0.00913	0.02516	0.00688	0.00473	0.00412	0.00116	0.04348	0.00349	0.00351	0.00617
15	0.00724	0.00681	0.01150	0.85604	0.02641	0.00852	0.01065	0.00980	0.00767	0.00980	0.00681	0.01022	0.00511	0.00383	0.00383	0.00128	0.00511	0.00341	0.00170	0.00426
16	0.00558	0.00372	0.00418	0.00418	0.00418	0.00372	0.00232	0.00558	0.00558	0.00743	0.01208	0.02509	0.01394	0.86525	0.01952	0.00372	0.00372	0.00558	0.00232	0.00232
17	0.00557	0.00375	0.00434	0.00434	0.00439	0.00380	0.00252	0.00568	0.00562	0.00755	0.01194	0.02430	0.01360	0.79954	0.08476	0.00391	0.00423	0.00546	0.00230	0.00241
18	0.02939	0.14905	0.09429	0.01242	0.19925	0.15863	0.06113	0.10939	0.12533	0.01331	0.00806	0.00899	0.00635	0.00389	0.00354	0.00110	0.00484	0.00315	0.00236	0.00552
19	0.00486	0.00412	0.00422	0.00416	0.00547	0.00360	0.00313	0.00642	0.05379	0.01099	0.08842	0.03515	0.74369	0.00935	0.00450	0.00129	0.00199	0.00781	0.00362	0.00342
20	0.00467	0.00334	0.00445	0.00534	0.00556	0.00311	0.00356	0.00534	0.00734	0.00979	0.02113	0.86275	0.02536	0.01201	0.00489	0.00156	0.00222	0.01090	0.00356	0.00311
21	0.00852	0.00821	0.01334	0.40700	0.42284	0.03303	0.01100	0.01088	0.00830	0.01115	0.00728	0.01050	0.00595	0.00378	0.00384	0.00121	0.00486	0.02133	0.00185	0.00513
22	0.00955	0.05043	0.27342	0.01125	0.09292	0.00905	0.12572	0.01493	0.24245	0.09300	0.03179	0.01123	0.00831	0.00420	0.00385	0.00122	0.00453	0.00372	0.00271	0.00574
23	0.01368	0.01714	0.01178	0.01134	0.08475	0.74063	0.04262	0.01487	0.01060	0.00978	0.00612	0.00729	0.00508	0.00387	0.00353	0.00101	0.00669	0.00264	0.00197	0.00462
24	0.01432	0.01827	0.01087	0.00988	0.01185	0.84986	0.00741	0.01531	0.01087	0.00938	0.00593	0.00691	0.00494	0.00395	0.00346	0.00099	0.00691	0.00247	0.00198	0.00444
25	0.00795	0.00681	0.00795	0.00568	0.00909	0.00511	0.00454	0.00965	0.00795	0.01249	0.00681	0.00795	0.00568	0.00284	0.00284	0.00057	0.00284	0.00227	0.00227	0.88869
26	0.00769	0.01983	0.84538	0.01093	0.01659	0.00890	0.01417	0.01214	0.00810	0.01214	0.00688	0.00810	0.00486	0.00364	0.00364	0.00121	0.00567	0.00283	0.00162	0.00567
27	0.00474	0.00338	0.00452	0.00541	0.00566	0.00317	0.00367	0.00545	0.00740	0.00986	0.02110	0.82794	0.02522	0.01195	0.00491	0.00157	0.00228	0.04508	0.00356	0.00313
28	0.01697	0.00658	0.00889	0.00685	0.00979	0.00576	0.00565	0.01874	0.03624	0.81858	0.01514	0.01309	0.00956	0.00476	0.00386	0.00119	0.00326	0.00387	0.00472	0.00651
29	0.85305	0.00756	0.00590	0.00521	0.00762	0.00875	0.00429	0.04785	0.00704	0.01751	0.00551	0.00636	0.00426	0.00361	0.00244	0.00118	0.00302	0.00214	0.00244	0.00426
30	0.12070	0.52888	0.18161	0.00739	0.01100	0.03035	0.00780	0.04164	0.00818	0.02404	0.00594	0.00678	0.00494	0.00347	0.00278	0.00097	0.00432	0.00230	0.00186	0.00505
31	0.00818	0.00747	0.01289	0.64168	0.10096	0.00867	0.09195	0.03156	0.00829	0.04116	0.00731	0.01024	0.00547	0.00379	0.00390	0.00126	0.00510	0.00354	0.00191	0.00466

[dist]
# distance from previous block
# <min> <max>
0	1

[block]
# block no. 4 follows, 71 sequences, length 15
# corresponding to MSA columns:
# 232-246
name=unknown_E
#
# <colnr> <probs for GDERKNQSTAVLIFYWHMCP>
#	G	D	E	R	K	N	Q	S	T	A	V	L	I	F	Y	W	H	M	C	P
0	0.57271	0.00815	0.00879	0.00706	0.00977	0.00891	0.10006	0.13163	0.00895	0.10178	0.00718	0.00783	0.00523	0.00379	0.00299	0.00119	0.00358	0.00274	0.00278	0.00486
1	0.00911	0.00771	0.01020	0.00768	0.01070	0.00706	0.12315	0.15334	0.07503	0.03117	0.01257	0.01304	0.11960	0.00436	0.00359	0.00094	0.00350	0.00379	0.00285	0.40059
2	0.00924	0.00886	0.01512	0.11463	0.75216	0.00905	0.01164	0.01155	0.00861	0.01223	0.00717	0.00957	0.00597	0.00346	0.00380	0.00115	0.00462	0.00342	0.00188	0.00587
3	0.00530	0.00366	0.00455	0.00481	0.00498	0.00370	0.00305	0.00569	0.00618	0.00834	0.01448	0.27033	0.01666	0.49120	0.13709	0.00344	0.00424	0.00693	0.00265	0.00272
4	0.00818	0.00778	0.01320	0.50682	0.36825	0.00877	0.01112	0.01062	0.00811	0.01094	0.00698	0.00991	0.00551	0.00366	0.00382	0.00122	0.00488	0.00341	0.00179	0.00502
5	0.00460	0.00389	0.00398	0.00396	0.00522	0.00327	0.00297	0.00564	0.00890	0.01074	0.10049	0.03626	0.77789	0.00957	0.00453	0.00129	0.00193	0.00800	0.00361	0.00327
6	0.00795	0.00681	0.00795	0.00568	0.00909	0.00511	0.00454	0.00965	0.00795	0.01249	0.00681	0.00795	0.00568	0.00284	0.00284	0.00057	0.00284	0.00227	0.00227	0.88869
7	0.00795	0.00681	0.00795	0.00568	0.00909	0.00511	0.00454	0.00965	0.00795	0.01249	0.00681	0.00795	0.00568	0.00284	0.00284	0.00057	0.00284	0.00227	0.00227	0.88869
8	0.00795	0.00681	0.00795	0.00568	0.00909	0.00511	0.00454	0.00965	0.00795	0.01249	0.00681	0.00795	0.00568	0.00284	0.00284	0.00057	0.00284	0.00227	0.00227	0.88869
9	0.00669	0.00723	0.12217	0.09299	0.01039	0.00572	0.04395	0.07323	0.01034	0.01422	0.42543	0.02271	0.13628	0.00665	0.00428	0.00123	0.00310	0.00579	0.00338	0.00421
10	0.00624	0.00370	0.00412	0.00407	0.00497	0.00353	0.00303	0.00790	0.00893	0.01401	0.26683	0.06007	0.10300	0.00637	0.00353	0.00106	0.00183	0.00539	0.48786	0.00353
11	0.00799	0.00894	0.09989	0.01172	0.01463	0.00737	0.43929	0.01050	0.00862	0.05425	0.01289	0.21751	0.03989	0.00601	0.00452	0.00136	0.00491	0.04246	0.00257	0.00466
12	0.00724	0.00681	0.01150	0.85604	0.02641	0.00852	0.01065	0.00980	0.00767	0.00980	0.00681	0.01022	0.00511	0.00383	0.00383	0.00128	0.00511	0.00341	0.00170	0.00426
13	0.00892	0.42808	0.44794	0.00882	0.01334	0.01192	0.01050	0.01182	0.00795	0.01064	0.00613	0.00716	0.00489	0.00347	0.00307	0.00102	0.00491	0.00246	0.00163	0.00531
14	0.80234	0.00735	0.00587	0.00511	0.00759	0.00825	0.00419	0.01111	0.00667	0.01672	0.00549	0.00640	0.00431	0.00349	0.00242	0.00112	0.00295	0.00210	0.00236	0.09416

[dist]
# distance from previous block
# <min> <max>
0	1

[block]
# block no. 5 follows, 71 sequences, length 80
# corresponding to MSA columns:
# 248-327
name=unknown_F
#
# <colnr> <probs for GDERKNQSTAVLIFYWHMCP>
#	G	D	E	R	K	N	Q	S	T	A	V	L	I	F	Y	W	H	M	C	P
0	0.00949	0.00911	0.01556	0.02353	0.84133	0.00911	0.01177	0.01177	0.00873	0.01253	0.00721	0.00949	0.00607	0.00342	0.00380	0.00114	0.00456	0.00342	0.00190	0.00607
1	0.00935	0.00897	0.01531	0.07554	0.79043	0.00907	0.01170	0.01164	0.00866	0.01236	0.00719	0.00954	0.00601	0.00344	0.00380	0.00115	0.00459	0.00342	0.00189	0.00596
2	0.01010	0.00851	0.00899	0.00792	0.01018	0.00980	0.00620	0.11023	0.74364	0.01694	0.01489	0.01374	0.01113	0.00514	0.00389	0.00128	0.00317	0.00424	0.00389	0.00612
3	0.00581	0.00402	0.00473	0.00488	0.00598	0.00355	0.00369	0.00685	0.00862	0.07801	0.04642	0.24392	0.45487	0.00995	0.00466	0.00141	0.00230	0.10313	0.00367	0.00351
4	0.00558	0.00372	0.00418	0.00418	0.00418	0.00372	0.00232	0.00558	0.00558	0.00743	0.01208	0.02509	0.01394	0.86525	0.01952	0.00372	0.00372	0.00558	0.00232	0.00232
5	0.01517	0.00642	0.00835	0.00654	0.00917	0.00583	0.00535	0.08570	0.01129	0.63585	0.07543	0.01399	0.01125	0.00494	0.00379	0.00116	0.00310	0.00402	0.08662	0.00603
6	0.01432	0.01827	0.01087	0.00988	0.01185	0.84986	0.00741	0.01531	0.01087	0.00938	0.00593	0.00691	0.00494	0.00395	0.00346	0.00099	0.00691	0.00247	0.00198	0.00444
7	0.00486	0.00387	0.00435	0.00428	0.00539	0.00337	0.00319	0.00611	0.00944	0.01213	0.32399	0.06889	0.51831	0.00914	0.00454	0.00127	0.00191	0.00780	0.00380	0.00337
8	0.00891	0.01153	0.13884	0.01639	0.12794	0.00951	0.60397	0.01219	0.00887	0.01229	0.00756	0.00991	0.00571	0.00331	0.00430	0.00126	0.00610	0.00414	0.00189	0.00536
9	0.00820	0.19607	0.57850	0.00989	0.01465	0.01001	0.04527	0.01193	0.03029	0.01149	0.00746	0.04615	0.00601	0.00397	0.00349	0.00115	0.00515	0.00314	0.00178	0.00539
10	0.00453	0.00388	0.00388	0.00388	0.00518	0.00324	0.00291	0.00550	0.00874	0.01036	0.03884	0.03690	0.83978	0.00971	0.00453	0.00129	0.00194	0.00809	0.00356	0.00324
11	0.01518	0.00797	0.00946	0.00733	0.01015	0.00800	0.00603	0.34858	0.01358	0.43091	0.01246	0.01160	0.00831	0.00466	0.00374	0.00114	0.00351	0.00366	0.08747	0.00625
12	0.00932	0.12713	0.38666	0.00965	0.01373	0.01006	0.06561	0.08964	0.19586	0.03011	0.00927	0.02079	0.00699	0.00414	0.00364	0.00119	0.00469	0.00337	0.00245	0.00569
13	0.00781	0.00701	0.01139	0.08935	0.46440	0.00705	0.00869	0.00994	0.00941	0.01333	0.31170	0.01656	0.01701	0.00507	0.00406	0.00118	0.00360	0.00470	0.00273	0.00502
14	0.00495	0.00354	0.00477	0.00566	0.00600	0.00336	0.00405	0.00582	0.00762	0.01010	0.02098	0.71076	0.02475	0.01175	0.00497	0.00160	0.00247	0.16013	0.00355	0.00319
15	0.00900	0.01000	0.02000	0.01507	0.04489	0.02109	0.62114	0.01168	0.00841	0.01162	0.00715	0.00987	0.00565	0.00396	0.00615	0.00136	0.18187	0.00422	0.00188	0.00499
16	0.00724	0.00681	0.01150	0.85604	0.02641	0.00852	0.01065	0.00980	0.00767	0.00980	0.00681	0.01022	0.00511	0.00383	0.00383	0.00128	0.00511	0.00341	0.00170	0.00426
17	0.01360	0.01314	0.01079	0.00882	0.01151	0.33607	0.00697	0.40499	0.01392	0.01689	0.00762	0.00815	0.00580	0.00412	0.00356	0.00101	0.00508	0.00292	0.00291	0.12215
18	0.00808	0.00690	0.00795	0.00606	0.00909	0.00585	0.00481	0.01139	0.15370	0.01302	0.02240	0.00972	0.00742	0.00444	0.03889	0.00094	0.00317	0.00279	0.00258	0.68079
19	0.00837	0.13445	0.67664	0.01059	0.03762	0.00988	0.01279	0.04557	0.00848	0.01222	0.00677	0.00791	0.00497	0.00363	0.00349	0.00116	0.00536	0.00277	0.00172	0.00561
20	0.00839	0.00839	0.01174	0.01007	0.01007	0.01174	0.00839	0.00923	0.00587	0.00923	0.00503	0.00839	0.00503	0.00671	0.01258	0.00168	0.85823	0.00336	0.00168	0.00419
21	0.00488	0.00353	0.00462	0.00519	0.00564	0.00327	0.00361	0.00585	0.00826	0.01114	0.21027	0.60906	0.06837	0.01090	0.00480	0.00147	0.00215	0.03005	0.00371	0.00325
22	0.00528	0.00405	0.00425	0.00418	0.00554	0.00341	0.00320	0.00631	0.00886	0.05499	0.03679	0.03589	0.76078	0.00948	0.00453	0.00131	0.00208	0.04202	0.00362	0.00343
23	0.00903	0.01021	0.04295	0.01500	0.01856	0.00956	0.69587	0.04095	0.00919	0.01252	0.00833	0.01191	0.00665	0.00384	0.00488	0.00133	0.04428	0.04777	0.00207	0.00510
24	0.00551	0.00397	0.00548	0.00548	0.00593	0.00442	0.00394	0.00641	0.00596	0.00840	0.01089	0.01851	0.01108	0.31658	0.56428	0.00532	0.00802	0.00461	0.00215	0.00304
25	0.00466	0.00337	0.00442	0.00526	0.00554	0.00312	0.00352	0.00535	0.00742	0.00982	0.02208	0.81858	0.06892	0.01189	0.00487	0.00154	0.00221	0.01075	0.00356	0.00312
26	0.00557	0.00374	0.00430	0.00430	0.00435	0.00378	0.00247	0.00565	0.00561	0.00752	0.01197	0.02448	0.01367	0.81393	0.07047	0.00387	0.00412	0.00549	0.00231	0.00239
27	0.01686	0.00660	0.00889	0.00687	0.00980	0.00581	0.00565	0.01876	0.04778	0.80698	0.01515	0.01311	0.00959	0.00477	0.00386	0.00119	0.00325	0.00388	0.00471	0.00650
28	0.00769	0.01983	0.84538	0.01093	0.01659	0.00890	0.01417	0.01214	0.00810	0.01214	0.00688	0.00810	0.00486	0.00364	0.00364	0.00121	0.00567	0.00283	0.00162	0.00567
29	0.00467	0.00334	0.00445	0.00534	0.00556	0.00311	0.00356	0.00534	0.00734	0.00979	0.02113	0.86275	0.02536	0.01201	0.00489	0.00156	0.00222	0.01090	0.00356	0.00311
30	0.89233	0.00741	0.00564	0.00504	0.00741	0.00860	0.00415	0.01127	0.00653	0.01720	0.00534	0.00623	0.00415	0.00356	0.00237	0.00119	0.00297	0.00208	0.00237	0.00415
31	0.00954	0.00824	0.00867	0.00780	0.00997	0.00954	0.00607	0.02037	0.83441	0.01604	0.01561	0.01431	0.01170	0.00520	0.00390	0.00130	0.00303	0.00433	0.00390	0.00607
32	0.01434	0.01062	0.01137	0.00877	0.01180	0.01178	0.00723	0.79086	0.05610	0.02379	0.00950	0.00944	0.00676	0.00463	0.00384	0.00116	0.00416	0.00349	0.00384	0.00650
33	0.89233	0.00741	0.00564	0.00504	0.00741	0.00860	0.00415	0.01127	0.00653	0.01720	0.00534	0.00623	0.00415	0.00356	0.00237	0.00119	0.00297	0.00208	0.00237	0.00415
34	0.01458	0.01074	0.01151	0.00882	0.01189	0.01189	0.00729	0.82855	0.01803	0.02416	0.00921	0.00921	0.00652	0.00460	0.00384	0.00115	0.00422	0.00345	0.00384	0.00652
35	0.00521	0.00413	0.00471	0.00452	0.00569	0.00375	0.00340	0.00709	0.05387	0.01295	0.40310	0.03192	0.42856	0.00861	0.00449	0.00125	0.00194	0.00736	0.00388	0.00356
36	0.01025	0.86756	0.02009	0.00656	0.00984	0.01517	0.00656	0.01148	0.00779	0.00902	0.00533	0.00615	0.00492	0.00328	0.00246	0.00082	0.00410	0.00205	0.00164	0.00492
37	0.89233	0.00741	0.00564	0.00504	0.00741	0.00860	0.00415	0.01127	0.00653	0.01720	0.00534	0.00623	0.00415	0.00356	0.00237	0.00119	0.00297	0.00208	0.00237	0.00415
38	0.00946	0.01355	0.23942	0.01346	0.01752	0.09005	0.45874	0.04961	0.04627	0.01267	0.00776	0.00954	0.00577	0.00356	0.00413	0.00124	0.00604	0.00382	0.00203	0.00533
39	0.04955	0.05508	0.01485	0.06254	0.58923	0.03193	0.04400	0.04661	0.00909	0.05020	0.00744	0.00932	0.00601	0.00355	0.00369	0.00114	0.00456	0.00332	0.00211	0.00579
40	0.00724	0.00681	0.01150	0.85604	0.02641	0.00852	0.01065	0.00980	0.00767	0.00980	0.00681	0.01022	0.00511	0.00383	0.00383	0.00128	0.00511	0.00341	0.00170	0.00426
41	0.00467	0.00334	0.00445	0.00534	0.00556	0.00311	0.00356	0.00534	0.00734	0.00979	0.02113	0.86275	0.02536	0.01201	0.00489	0.00156	0.00222	0.01090	0.00356	0.00311
42	0.00512	0.00389	0.00471	0.00455	0.00555	0.00348	0.00340	0.00663	0.01008	0.01362	0.56196	0.05865	0.28725	0.00856	0.00454	0.00125	0.00186	0.00743	0.00399	0.00348
43	0.00478	0.00384	0.00430	0.00458	0.00561	0.00336	0.00346	0.00581	0.00852	0.01049	0.04978	0.20122	0.56119	0.01024	0.00470	0.00140	0.00219	0.10771	0.00357	0.00326
44	0.00933	0.00894	0.01527	0.08361	0.78252	0.00907	0.01169	0.01162	0.00865	0.01233	0.00718	0.00954	0.00600	0.00345	0.00380	0.00115	0.00460	0.00342	0.00188	0.00594
45	0.89233	0.00741	0.00564	0.00504	0.00741	0.00860	0.00415	0.01127	0.00653	0.01720	0.00534	0.00623	0.00415	0.00356	0.00237	0.00119	0.00297	0.00208	0.00237	0.00415
46	0.00859	0.00819	0.01393	0.35766	0.51426	0.00887	0.01132	0.01098	0.00830	0.01143	0.00705	0.00978	0.00569	0.00358	0.00381	0.00119	0.00478	0.00341	0.00182	0.00535
47	0.00557	0.00373	0.00427	0.00427	0.00430	0.00377	0.00243	0.00563	0.00560	0.00750	0.01200	0.02464	0.01374	0.82763	0.05687	0.00383	0.00401	0.00551	0.00231	0.00237
48	0.00801	0.00848	0.01763	0.01323	0.01617	0.00799	0.58995	0.01070	0.00890	0.01203	0.04806	0.11406	0.01152	0.00540	0.00467	0.00138	0.00539	0.10934	0.00243	0.00465
49	0.06416	0.00805	0.01098	0.00804	0.01138	0.00722	0.14770	0.13865	0.00986	0.07999	0.00791	0.00886	0.00604	0.00338	0.00334	0.00087	0.00372	0.00296	0.00266	0.47423
50	0.00949	0.00911	0.01556	0.02353	0.84133	0.00911	0.01177	0.01177	0.00873	0.01253	0.00721	0.00949	0.00607	0.00342	0.00380	0.00114	0.00456	0.00342	0.00190	0.00607
51	0.05679	0.01089	0.01999	0.01463	0.01804	0.09450	0.65982	0.01238	0.00894	0.01210	0.00731	0.00968	0.00560	0.00350	0.00470	0.00128	0.04879	0.00413	0.00195	0.00499
52	0.00557	0.00414	0.00538	0.00605	0.00694	0.00395	0.00502	0.00699	0.00860	0.01097	0.02496	0.15269	0.22311	0.01057	0.00505	0.00162	0.00296	0.50847	0.00354	0.00340
53	0.00769	0.01983	0.84538	0.01093	0.01659	0.00890	0.01417	0.01214	0.00810	0.01214	0.00688	0.00810	0.00486	0.00364	0.00364	0.00121	0.00567	0.00283	0.00162	0.00567
54	0.10014	0.01403	0.01064	0.00912	0.01148	0.44631	0.03387	0.20694	0.10584	0.01449	0.00780	0.00834	0.00603	0.00418	0.00353	0.00109	0.00543	0.00294	0.00267	0.00511
55	0.00537	0.00390	0.00507	0.00482	0.00571	0.00359	0.00360	0.00712	0.01067	0.01503	0.78766	0.05962	0.05735	0.00804	0.00454	0.00122	0.00183	0.00711	0.00418	0.00359
56	0.00467	0.00334	0.00445	0.00534	0.00556	0.00311	0.00356	0.00534	0.00734	0.00979	0.02113	0.86275	0.02536	0.01201	0.00489	0.00156	0.00222	0.01090	0.00356	0.00311
57	0.00731	0.00689	0.01163	0.82866	0.05321	0.00854	0.01069	0.00986	0.00770	0.00989	0.00683	0.01020	0.00514	0.00382	0.00383	0.00127	0.00509	0.00341	0.00171	0.00432
58	0.00734	0.00692	0.01168	0.81859	0.06306	0.00855	0.01070	0.00989	0.00771	0.00992	0.00683	0.01019	0.00515	0.00381	0.00383	0.00127	0.00509	0.00341	0.00171	0.00434
59	0.00548	0.00411	0.00616	0.00616	0.00685	0.00479	0.00479	0.00685	0.00616	0.00890	0.01027	0.01506	0.00959	0.02876	0.85006	0.00616	0.01027	0.00411	0.00205	0.00342
60	0.00461	0.00391	0.00399	0.00403	0.00530	0.00329	0.00306	0.00561	0.00874	0.01041	0.03801	0.03718	0.80322	0.00975	0.00457	0.00132	0.00201	0.04419	0.00356	0.00325
61	0.03235	0.00455	0.00605	0.00590	0.00704	0.00428	0.05984	0.00738	0.04552	0.02760	0.06889	0.31305	0.29141	0.00957	0.00463	0.00143	0.00263	0.10080	0.00348	0.00360
62	0.00790	0.08793	0.77909	0.01058	0.01605	0.00941	0.01356	0.01209	0.00807	0.01189	0.00676	0.00794	0.00486	0.00361	0.00355	0.00118	0.00554	0.00277	0.00162	0.00561
63	0.00548	0.00411	0.00616	0.00616	0.00685	0.00479	0.00479	0.00685	0.00616	0.00890	0.01027	0.01506	0.00959	0.02876	0.85006	0.00616	0.01027	0.00411	0.00205	0.00342
64	0.00543	0.00392	0.00513	0.00482	0.00573	0.00362	0.00362	0.00724	0.01085	0.01538	0.83931	0.02864	0.03618	0.00784	0.00452	0.00121	0.00181	0.00693	0.00422	0.00362
65	0.00944	0.00765	0.00817	0.00732	0.00940	0.00858	0.00569	0.06139	0.63571	0.05265	0.01777	0.05435	0.09320	0.00590	0.00400	0.00130	0.00296	0.00493	0.00389	0.00570
66	0.00715	0.00357	0.00357	0.00357	0.00447	0.00357	0.00268	0.00893	0.00804	0.01429	0.01251	0.01429	0.00983	0.00447	0.00268	0.00089	0.00179	0.00357	0.88654	0.00357
67	0.00977	0.00909	0.03141	0.05658	0.74713	0.00890	0.01144	0.01206	0.00879	0.05688	0.00761	0.00968	0.00619	0.00351	0.00380	0.00115	0.00453	0.00343	0.00204	0.00602
68	0.00954	0.00824	0.00867	0.00780	0.00997	0.00954	0.00607	0.02037	0.83441	0.01604	0.01561	0.01431	0.01170	0.00520	0.00390	0.00130	0.00303	0.00433	0.00390	0.00607
69	0.00715	0.00357	0.00357	0.00357	0.00447	0.00357	0.00268	0.00893	0.00804	0.01429	0.01251	0.01429	0.00983	0.00447	0.00268	0.00089	0.00179	0.00357	0.88654	0.00357
70	0.00949	0.00911	0.01556	0.02353	0.84133	0.00911	0.01177	0.01177	0.00873	0.01253	0.00721	0.00949	0.00607	0.00342	0.00380	0.00114	0.00456	0.00342	0.00190	0.00607
71	0.01458	0.01074	0.01151	0.00882	0.01189	0.01189	0.00729	0.82855	0.01803	0.02416	0.00921	0.00921	0.00652	0.00460	0.00384	0.00115	0.00422	0.00345	0.00384	0.00652
72	0.00525	0.00409	0.00492	0.00521	0.00630	0.00376	0.00424	0.00661	0.00889	0.01121	0.10971	0.03769	0.43432	0.01048	0.03262	0.00162	0.00278	0.30334	0.00356	0.00339
73	0.01433	0.01796	0.01089	0.00983	0.01185	0.81441	0.00740	0.04971	0.01117	0.01001	0.00607	0.00701	0.00501	0.00398	0.00347	0.00099	0.00680	0.00251	0.00205	0.00453
74	0.00954	0.00824	0.00867	0.00780	0.00997	0.00954	0.00607	0.02037	0.83441	0.01604	0.01561	0.01431	0.01170	0.00520	0.00390	0.00130	0.00303	0.00433	0.00390	0.00607
75	0.00815	0.10335	0.51846	0.05594	0.05247	0.00954	0.04147	0.01228	0.07222	0.01201	0.03722	0.00939	0.00663	0.00399	0.00400	0.00120	0.04118	0.00316	0.00192	0.00541
76	0.00467	0.00334	0.00445	0.00534	0.00556	0.00311	0.00356	0.00534	0.00734	0.00979	0.02113	0.86275	0.02536	0.01201	0.00489	0.00156	0.00222	0.01090	0.00356	0.00311
77	0.00995	0.00911	0.01395	0.13772	0.57277	0.04661	0.01065	0.04914	0.05335	0.04789	0.00797	0.00987	0.00635	0.00370	0.00380	0.00116	0.00459	0.00344	0.00219	0.00578
78	0.00862	0.00822	0.01399	0.34529	0.52637	0.00888	0.01133	0.01101	0.00832	0.01147	0.00706	0.00977	0.00570	0.00358	0.00381	0.00119	0.00477	0.00341	0.00182	0.00537
79	0.00769	0.01983	0.84538	0.01093	0.01659	0.00890	0.01417	0.01214	0.00810	0.01214	0.00688	0.00810	0.00486	0.00364	0.00364	0.00121	0.00567	0.00283	0.00162	0.00567

[dist]
# distance from previous block
# <min> <max>
0	2

[block]
# block no. 6 follows, 71 sequences, length 32
# corresponding to MSA columns:
# 330-361
name=unknown_G
#
# <colnr> <probs for GDERKNQSTAVLIFYWHMCP>
#	G	D	E	R	K	N	Q	S	T	A	V	L	I	F	Y	W	H	M	C	P
0	0.01432	0.01827	0.01087	0.00988	0.01185	0.84986	0.00741	0.01531	0.01087	0.00938	0.00593	0.00691	0.00494	0.00395	0.00346	0.00099	0.00691	0.00247	0.00198	0.00444
1	0.00724	0.00681	0.01150	0.85604	0.02641	0.00852	0.01065	0.00980	0.00767	0.00980	0.00681	0.01022	0.00511	0.00383	0.00383	0.00128	0.00511	0.00341	0.00170	0.00426
2	0.00466	0.00337	0.00442	0.00525	0.00554	0.00312	0.00352	0.00535	0.00742	0.00982	0.02215	0.81510	0.07235	0.01188	0.00487	0.00154	0.00221	0.01074	0.00356	0.00312
3	0.00673	0.00566	0.00748	0.00683	0.00702	0.00707	0.00513	0.00763	0.03239	0.00864	0.00926	0.01677	0.00979	0.37123	0.16324	0.00331	0.32193	0.00445	0.00209	0.00333
4	0.00558	0.00372	0.00418	0.00418	0.00418	0.00372	0.00232	0.00558	0.00558	0.00743	0.01208	0.02509	0.01394	0.86525	0.01952	0.00372	0.00372	0.00558	0.00232	0.00232
5	0.00475	0.00348	0.00448	0.00525	0.00566	0.00322	0.00364	0.00553	0.00764	0.00998	0.02357	0.69278	0.13964	0.01160	0.00487	0.00153	0.00227	0.06339	0.00356	0.00316
6	0.00793	0.10613	0.05660	0.00617	0.00805	0.00690	0.00529	0.17054	0.01176	0.01619	0.53050	0.02101	0.02488	0.00643	0.00410	0.00115	0.00277	0.00544	0.00370	0.00446
7	0.00715	0.00357	0.00357	0.00357	0.00447	0.00357	0.00268	0.00893	0.00804	0.01429	0.01251	0.01429	0.00983	0.00447	0.00268	0.00089	0.00179	0.00357	0.88654	0.00357
8	0.01068	0.01178	0.03475	0.03427	0.57384	0.23199	0.02343	0.01269	0.00927	0.01163	0.00686	0.00880	0.00572	0.00357	0.00371	0.00111	0.00525	0.00317	0.00191	0.00559
9	0.01555	0.00918	0.01054	0.00808	0.01111	0.00957	0.00667	0.52804	0.01541	0.32837	0.01140	0.01063	0.00762	0.00466	0.00384	0.00116	0.00386	0.00360	0.00417	0.00652
10	0.00715	0.00357	0.00357	0.00357	0.00447	0.00357	0.00268	0.00893	0.00804	0.01429	0.01251	0.01429	0.00983	0.00447	0.00268	0.00089	0.00179	0.00357	0.88654	0.00357
11	0.87026	0.00732	0.00558	0.00501	0.00734	0.00848	0.00412	0.01121	0.00656	0.01713	0.00552	0.00643	0.00429	0.00358	0.00238	0.00118	0.00294	0.00211	0.02442	0.00414
12	0.01458	0.01074	0.01151	0.00882	0.01189	0.01189	0.00729	0.82855	0.01803	0.02416	0.00921	0.00921	0.00652	0.00460	0.00384	0.00115	0.00422	0.00345	0.00384	0.00652
13	0.00921	0.00802	0.00930	0.17578	0.01327	0.00939	0.00701	0.03803	0.65076	0.01500	0.01371	0.01337	0.01027	0.00492	0.00389	0.00129	0.00347	0.00413	0.00346	0.00572
14	0.00763	0.00721	0.01220	0.71187	0.16753	0.00862	0.01084	0.01014	0.00785	0.01027	0.00688	0.01010	0.00528	0.00376	0.00383	0.00125	0.00501	0.00341	0.00174	0.00457
15	0.01458	0.01074	0.01151	0.00882	0.01189	0.01189	0.00729	0.82855	0.01803	0.02416	0.00921	0.00921	0.00652	0.00460	0.00384	0.00115	0.00422	0.00345	0.00384	0.00652
16	0.00543	0.00392	0.00513	0.00482	0.00573	0.00362	0.00362	0.00724	0.01085	0.01538	0.83931	0.02864	0.03618	0.00784	0.00452	0.00121	0.00181	0.00693	0.00422	0.00362
17	0.01375	0.01021	0.01200	0.00922	0.01226	0.01111	0.07566	0.63171	0.09955	0.06965	0.01007	0.01004	0.00716	0.00456	0.00390	0.00118	0.00423	0.00365	0.00374	0.00636
18	0.10921	0.01020	0.01067	0.00834	0.01127	0.01137	0.00686	0.68331	0.07415	0.02284	0.00924	0.00924	0.00663	0.00453	0.00368	0.00117	0.00400	0.00337	0.00368	0.00623
19	0.00453	0.00388	0.00388	0.00388	0.00518	0.00324	0.00291	0.00550	0.00874	0.01036	0.03884	0.03690	0.83978	0.00971	0.00453	0.00129	0.00194	0.00809	0.00356	0.00324
20	0.00934	0.00896	0.01530	0.07710	0.78889	0.00907	0.01170	0.01164	0.00866	0.01235	0.00719	0.00954	0.00601	0.00344	0.00380	0.00115	0.00459	0.00342	0.00189	0.00596
21	0.01043	0.00822	0.00883	0.00777	0.01005	0.00933	0.00609	0.06132	0.72404	0.08570	0.01524	0.01394	0.01126	0.00513	0.00389	0.00128	0.00311	0.00425	0.00397	0.00613
22	0.89233	0.00741	0.00564	0.00504	0.00741	0.00860	0.00415	0.01127	0.00653	0.01720	0.00534	0.00623	0.00415	0.00356	0.00237	0.00119	0.00297	0.00208	0.00237	0.00415
23	0.00556	0.00379	0.00455	0.00455	0.00468	0.00392	0.00278	0.00581	0.00568	0.00771	0.01174	0.02323	0.01313	0.70962	0.17404	0.00417	0.00494	0.00530	0.00227	0.00253
24	0.00935	0.01020	0.02103	0.01517	0.01888	0.00979	0.72560	0.05107	0.07325	0.01313	0.00843	0.01060	0.00631	0.00345	0.00444	0.00129	0.00609	0.00446	0.00218	0.00530
25	0.01622	0.00631	0.00858	0.00665	0.00945	0.00547	0.00547	0.01773	0.01096	0.77469	0.08406	0.01435	0.01172	0.00500	0.00391	0.00119	0.00314	0.00411	0.00470	0.00628
26	0.00849	0.00853	0.01212	0.00980	0.01173	0.06279	0.21757	0.01262	0.22105	0.01244	0.08268	0.01572	0.11810	0.00573	0.00596	0.00135	0.18098	0.00477	0.00279	0.00477
27	0.00545	0.00427	0.00498	0.00474	0.00589	0.00398	0.00357	0.00772	0.07898	0.01365	0.48642	0.03037	0.31925	0.00828	0.00447	0.00125	0.00196	0.00713	0.00396	0.00369
28	0.66304	0.00753	0.00764	0.12749	0.10853	0.00865	0.00597	0.01112	0.00695	0.01560	0.00577	0.00718	0.00451	0.00358	0.00275	0.00119	0.00346	0.00242	0.00222	0.00439
29	0.00857	0.00746	0.01247	0.49782	0.29468	0.00837	0.01047	0.01094	0.00834	0.06456	0.03460	0.01076	0.00672	0.00388	0.00384	0.00122	0.00470	0.00355	0.00205	0.00499
30	0.00880	0.00781	0.01114	0.57155	0.04107	0.03589	0.00949	0.07876	0.00944	0.01236	0.04643	0.01437	0.02288	0.00508	0.00425	0.00139	0.00490	0.05607	0.00247	0.05585
31	0.00850	0.00810	0.01377	0.39047	0.48214	0.00885	0.01127	0.01090	0.00826	0.01132	0.00704	0.00981	0.00565	0.00360	0.00381	0.00120	0.00480	0.00341	0.00181	0.00527

[dist]
# distance from previous block
# <min> <max>
0	4

# created by:
# /st0/software/busco_prod/Augustus/scripts/msa2prfl.pl ./align_prep/28396.fa
