[name]
unknown

[dist]
# distance from previous block
# <min> <max>
0	303

[block]
# block no. 0 follows, 70 sequences, length 9
# corresponding to MSA columns:
# 303-311
name=unknown_A
#
# <colnr> <probs for GDERKNQSTAVLIFYWHMCP>
#	G	D	E	R	K	N	Q	S	T	A	V	L	I	F	Y	W	H	M	C	P
0	0.00579	0.00412	0.00490	0.00504	0.00601	0.00379	0.00365	0.00738	0.05662	0.05869	0.14339	0.35622	0.31017	0.00991	0.00465	0.00139	0.00220	0.00866	0.00378	0.00364
1	0.04667	0.06873	0.08951	0.07842	0.31623	0.02744	0.10129	0.06177	0.03774	0.05457	0.02614	0.00986	0.00679	0.00376	0.00372	0.00114	0.00462	0.00342	0.00229	0.05587
2	0.02933	0.08947	0.03472	0.06446	0.25403	0.00907	0.06061	0.10667	0.07329	0.01402	0.04754	0.01023	0.00775	0.00384	0.00358	0.00105	0.00408	0.00337	0.00246	0.18045
3	0.00497	0.00372	0.00455	0.00488	0.00557	0.00338	0.00347	0.00599	0.00856	0.01125	0.20785	0.36824	0.25074	0.05897	0.00562	0.00156	0.00222	0.04150	0.00368	0.00327
4	0.05411	0.00666	0.00807	0.00651	0.00892	0.00639	0.00525	0.13320	0.05942	0.36150	0.20905	0.01671	0.04595	0.00556	0.00395	0.00117	0.00299	0.00459	0.00419	0.05582
5	0.01044	0.19367	0.11431	0.06116	0.20709	0.08264	0.02950	0.06421	0.05550	0.07453	0.00859	0.04118	0.00714	0.02895	0.00404	0.00120	0.00461	0.00347	0.00235	0.00541
6	0.00927	0.02538	0.00856	0.03004	0.02679	0.00673	0.02375	0.03182	0.02524	0.19966	0.01433	0.15641	0.07184	0.05206	0.12248	0.00217	0.16634	0.00537	0.01726	0.00450
7	0.00483	0.00362	0.00443	0.00495	0.00554	0.00329	0.00345	0.00567	0.00803	0.01039	0.08180	0.50768	0.25412	0.05044	0.00551	0.00158	0.00225	0.03562	0.00359	0.00320
8	0.00974	0.01021	0.04496	0.06139	0.40401	0.10343	0.10738	0.05073	0.07118	0.01271	0.00908	0.08078	0.00796	0.00444	0.00399	0.00121	0.00485	0.00416	0.00230	0.00551

[dist]
# distance from previous block
# <min> <max>
1	8

[block]
# block no. 1 follows, 70 sequences, length 16
# corresponding to MSA columns:
# 320-335
name=unknown_B
#
# <colnr> <probs for GDERKNQSTAVLIFYWHMCP>
#	G	D	E	R	K	N	Q	S	T	A	V	L	I	F	Y	W	H	M	C	P
0	0.15247	0.17079	0.05233	0.01096	0.17412	0.19787	0.02415	0.07377	0.00938	0.01278	0.03552	0.00909	0.00672	0.03280	0.02099	0.00126	0.00486	0.00297	0.00220	0.00497
1	0.02381	0.00765	0.01077	0.04410	0.26601	0.00755	0.00760	0.13395	0.02227	0.22421	0.08263	0.03780	0.01046	0.00467	0.00383	0.00114	0.00366	0.00403	0.03980	0.06404
2	0.00989	0.00994	0.03028	0.06739	0.67864	0.06051	0.03498	0.03902	0.00921	0.01270	0.00727	0.00947	0.00600	0.00355	0.00384	0.00116	0.00485	0.00342	0.00197	0.00592
3	0.00564	0.00401	0.00506	0.00479	0.00581	0.00364	0.00359	0.00729	0.01054	0.03675	0.66261	0.04977	0.16951	0.00826	0.00456	0.00124	0.00190	0.00722	0.00415	0.00366
4	0.00677	0.00528	0.00577	0.00537	0.00686	0.00527	0.00413	0.04295	0.20011	0.02904	0.21994	0.02751	0.35431	0.00778	0.00432	0.00127	0.00233	0.02112	0.04563	0.00424
5	0.00554	0.00375	0.00436	0.00440	0.00453	0.00369	0.00261	0.00581	0.00641	0.00865	0.10807	0.09801	0.01768	0.69159	0.01671	0.00328	0.00341	0.00626	0.00268	0.00257
6	0.00601	0.00403	0.00523	0.00573	0.00622	0.00395	0.00427	0.00692	0.00751	0.03468	0.01774	0.23047	0.01992	0.30154	0.01011	0.00239	0.00331	0.32363	0.00320	0.00314
7	0.00694	0.00608	0.02680	0.00599	0.00730	0.06341	0.01902	0.02405	0.11073	0.01482	0.53887	0.07559	0.02754	0.00718	0.00432	0.00122	0.00258	0.00625	0.04716	0.00411
8	0.89114	0.00750	0.00570	0.00510	0.00750	0.00870	0.00420	0.01140	0.00660	0.01739	0.00540	0.00630	0.00420	0.00360	0.00240	0.00120	0.00300	0.00210	0.00240	0.00420
9	0.01739	0.00660	0.00900	0.00690	0.00990	0.00570	0.00570	0.01889	0.01110	0.84226	0.01529	0.01320	0.00960	0.00480	0.00390	0.00120	0.00330	0.00390	0.00480	0.00660
10	0.89114	0.00750	0.00570	0.00510	0.00750	0.00870	0.00420	0.01140	0.00660	0.01739	0.00540	0.00630	0.00420	0.00360	0.00240	0.00120	0.00300	0.00210	0.00240	0.00420
11	0.00513	0.00410	0.00433	0.00422	0.00554	0.00354	0.00318	0.00647	0.02913	0.03098	0.14266	0.03509	0.69342	0.00934	0.00455	0.00129	0.00200	0.00784	0.00372	0.00347
12	0.01474	0.01086	0.01163	0.00892	0.01202	0.01202	0.00737	0.82664	0.01823	0.02443	0.00931	0.00931	0.00659	0.00465	0.00388	0.00116	0.00427	0.00349	0.00388	0.00659
13	0.01009	0.00823	0.00878	0.00783	0.01007	0.00942	0.00611	0.02050	0.78516	0.06389	0.01575	0.01439	0.01171	0.00523	0.00394	0.00131	0.00308	0.00436	0.00399	0.00616
14	0.10406	0.00976	0.01030	0.00852	0.03932	0.06042	0.00670	0.42634	0.06146	0.18672	0.01013	0.00991	0.00711	0.00446	0.00367	0.00115	0.00400	0.00338	0.00368	0.03893
15	0.01272	0.00607	0.00720	0.00587	0.00802	0.00589	0.00474	0.15003	0.01106	0.36141	0.01319	0.01307	0.00924	0.00466	0.00340	0.00107	0.00284	0.00371	0.37046	0.00536

[dist]
# distance from previous block
# <min> <max>
0	4

[block]
# block no. 2 follows, 70 sequences, length 50
# corresponding to MSA columns:
# 340-389
name=unknown_C
#
# <colnr> <probs for GDERKNQSTAVLIFYWHMCP>
#	G	D	E	R	K	N	Q	S	T	A	V	L	I	F	Y	W	H	M	C	P
0	0.84271	0.00727	0.00563	0.00511	0.00739	0.00839	0.00417	0.01107	0.00664	0.01698	0.00627	0.05301	0.00537	0.00407	0.00254	0.00122	0.00296	0.00259	0.00246	0.00414
1	0.00458	0.00393	0.00393	0.00393	0.00524	0.00327	0.00295	0.00556	0.00884	0.01047	0.03927	0.03731	0.83800	0.00982	0.00458	0.00131	0.00196	0.00818	0.00360	0.00327
2	0.00804	0.00689	0.00804	0.00574	0.00919	0.00517	0.00459	0.00976	0.00804	0.01263	0.00689	0.00804	0.00574	0.00287	0.00287	0.00057	0.00287	0.00230	0.00230	0.88745
3	0.01036	0.86609	0.02032	0.00663	0.00995	0.01534	0.00663	0.01161	0.00788	0.00912	0.00539	0.00622	0.00498	0.00332	0.00249	0.00083	0.00415	0.00207	0.00166	0.00498
4	0.00564	0.00376	0.00423	0.00423	0.00423	0.00376	0.00235	0.00564	0.00564	0.00752	0.01222	0.02537	0.01409	0.86375	0.01973	0.00376	0.00376	0.00564	0.00235	0.00235
5	0.00732	0.00689	0.01163	0.85444	0.02670	0.00861	0.01077	0.00991	0.00775	0.00991	0.00689	0.01034	0.00517	0.00388	0.00388	0.00129	0.00517	0.00345	0.00172	0.00431
6	0.01414	0.01056	0.01130	0.00880	0.01180	0.01174	0.00722	0.73227	0.11357	0.02347	0.01007	0.00991	0.00721	0.00472	0.00389	0.00118	0.00413	0.00359	0.00389	0.00654
7	0.00804	0.00689	0.00804	0.00574	0.00919	0.00517	0.00459	0.00976	0.00804	0.01263	0.00689	0.00804	0.00574	0.00287	0.00287	0.00057	0.00287	0.00230	0.00230	0.88745
8	0.26421	0.09729	0.17458	0.01360	0.32039	0.04509	0.00943	0.01195	0.00805	0.01347	0.00643	0.00792	0.00517	0.00355	0.00324	0.00114	0.00442	0.00277	0.00198	0.00531
9	0.00954	0.00816	0.00865	0.00776	0.00990	0.00939	0.00604	0.03798	0.77219	0.01637	0.05777	0.01509	0.01299	0.00538	0.00398	0.00131	0.00303	0.00450	0.00396	0.00602
10	0.89114	0.00750	0.00570	0.00510	0.00750	0.00870	0.00420	0.01140	0.00660	0.01739	0.00540	0.00630	0.00420	0.00360	0.00240	0.00120	0.00300	0.00210	0.00240	0.00420
11	0.00472	0.00337	0.00450	0.00540	0.00562	0.00315	0.00360	0.00540	0.00742	0.00990	0.02137	0.86122	0.02564	0.01215	0.00495	0.00157	0.00225	0.01102	0.00360	0.00315
12	0.00554	0.00413	0.00612	0.00612	0.00678	0.00479	0.00471	0.00685	0.00620	0.00892	0.01048	0.01578	0.00993	0.07468	0.80312	0.00610	0.01002	0.00423	0.00209	0.00340
13	0.01187	0.13731	0.01215	0.01850	0.01050	0.02270	0.00719	0.17684	0.00994	0.19229	0.00852	0.00970	0.00660	0.00655	0.05291	0.00158	0.30339	0.00335	0.00283	0.00530
14	0.01448	0.01848	0.01099	0.00999	0.01199	0.84819	0.00749	0.01548	0.01099	0.00949	0.00599	0.00699	0.00499	0.00400	0.00350	0.00100	0.00699	0.00250	0.00200	0.00449
15	0.00476	0.00340	0.00453	0.00537	0.00563	0.00318	0.00360	0.00550	0.00760	0.01019	0.06322	0.81855	0.02620	0.01193	0.00493	0.00156	0.00223	0.01082	0.00363	0.00318
16	0.01398	0.00957	0.07334	0.03420	0.11101	0.00878	0.07226	0.27417	0.01264	0.33338	0.01100	0.01086	0.00747	0.00436	0.00392	0.00120	0.00425	0.00368	0.00362	0.00631
17	0.00943	0.00891	0.01495	0.15165	0.68351	0.00922	0.01156	0.04153	0.00901	0.01267	0.00730	0.00970	0.00601	0.00356	0.00385	0.00117	0.00468	0.00345	0.00196	0.00587
18	0.00483	0.00342	0.00447	0.00527	0.00547	0.00322	0.00346	0.00542	0.00722	0.00963	0.02035	0.76827	0.02436	0.10685	0.00659	0.00182	0.00242	0.01042	0.00346	0.00306
19	0.03336	0.19043	0.01364	0.02405	0.12778	0.49224	0.01929	0.03647	0.01007	0.01051	0.00617	0.00734	0.00519	0.00378	0.00334	0.00100	0.00587	0.00261	0.00197	0.00488
20	0.00472	0.00337	0.00450	0.00540	0.00562	0.00315	0.00360	0.00540	0.00742	0.00990	0.02137	0.86122	0.02564	0.01215	0.00495	0.00157	0.00225	0.01102	0.00360	0.00315
21	0.00804	0.00689	0.00804	0.00574	0.00919	0.00517	0.00459	0.00976	0.00804	0.01263	0.00689	0.00804	0.00574	0.00287	0.00287	0.00057	0.00287	0.00230	0.00230	0.88745
22	0.00572	0.00423	0.00584	0.00575	0.00618	0.00483	0.00419	0.00661	0.00602	0.00852	0.01074	0.01830	0.01094	0.30781	0.52948	0.00518	0.04978	0.00461	0.00215	0.00313
23	0.01478	0.00668	0.00873	0.00657	0.00970	0.00555	0.00539	0.01634	0.01024	0.61022	0.01294	0.01175	0.00852	0.00426	0.00361	0.00102	0.00318	0.00345	0.00410	0.25297
24	0.00778	0.02005	0.84367	0.01105	0.01678	0.00900	0.01432	0.01228	0.00818	0.01228	0.00696	0.00818	0.00491	0.00368	0.00368	0.00123	0.00573	0.00286	0.00164	0.00573
25	0.01739	0.00660	0.00900	0.00690	0.00990	0.00570	0.00570	0.01889	0.01110	0.84226	0.01529	0.01320	0.00960	0.00480	0.00390	0.00120	0.00330	0.00390	0.00480	0.00660
26	0.00542	0.00396	0.00510	0.00481	0.00575	0.00363	0.00361	0.00720	0.01083	0.01520	0.78253	0.02953	0.09180	0.00806	0.00457	0.00123	0.00184	0.00709	0.00422	0.00363
27	0.00564	0.00376	0.00423	0.00423	0.00423	0.00376	0.00235	0.00564	0.00564	0.00752	0.01222	0.02537	0.01409	0.86375	0.01973	0.00376	0.00376	0.00564	0.00235	0.00235
28	0.01044	0.75807	0.08961	0.00702	0.01053	0.01440	0.00725	0.01197	0.00804	0.04460	0.00594	0.00668	0.00516	0.00341	0.00265	0.00088	0.00424	0.00222	0.00179	0.00511
29	0.00464	0.00391	0.00403	0.00405	0.00529	0.00329	0.00302	0.00566	0.00890	0.01076	0.08702	0.07261	0.75398	0.00980	0.00460	0.00132	0.00197	0.00823	0.00364	0.00329
30	0.01028	0.56942	0.20743	0.00801	0.01176	0.08434	0.00849	0.04204	0.00859	0.01044	0.00594	0.00685	0.00502	0.00351	0.00290	0.00095	0.00475	0.00234	0.00176	0.00517
31	0.00558	0.00399	0.00538	0.00538	0.00577	0.00438	0.00378	0.00638	0.00598	0.00837	0.01116	0.01955	0.01157	0.38486	0.49517	0.00518	0.00756	0.00479	0.00219	0.00299
32	0.00560	0.00376	0.00434	0.00437	0.00441	0.00379	0.00252	0.00569	0.00573	0.00768	0.01247	0.05619	0.01431	0.79119	0.05954	0.00380	0.00402	0.00577	0.00238	0.00243
33	0.00843	0.01033	0.17190	0.35662	0.22046	0.00886	0.09725	0.02284	0.00848	0.02781	0.00761	0.01055	0.00592	0.00386	0.00394	0.00125	0.00520	0.02162	0.00191	0.00518
34	0.01971	0.04795	0.43901	0.06107	0.19368	0.03281	0.06308	0.07456	0.00918	0.01303	0.00716	0.00871	0.00538	0.00369	0.00373	0.00119	0.00534	0.00313	0.00191	0.00569
35	0.01300	0.14618	0.01263	0.06096	0.05670	0.58530	0.00774	0.02554	0.03881	0.01006	0.00641	0.00750	0.00532	0.00391	0.00340	0.00101	0.00615	0.00262	0.00202	0.00473
36	0.00810	0.00707	0.00880	0.00629	0.00976	0.00541	0.04669	0.00990	0.00810	0.01262	0.00694	0.00816	0.00575	0.00289	0.00296	0.00061	0.00306	0.00241	0.00228	0.84222
37	0.01920	0.02103	0.09427	0.01881	0.52457	0.00881	0.10281	0.01132	0.00864	0.01235	0.02052	0.05052	0.00813	0.00442	0.00431	0.00125	0.03321	0.04814	0.00209	0.00558
38	0.01084	0.00680	0.00833	0.00609	0.00940	0.00533	0.00492	0.01250	0.00896	0.26138	0.00941	0.00959	0.00690	0.00345	0.00318	0.00076	0.00300	0.00278	0.00305	0.62335
39	0.00564	0.00376	0.00423	0.00423	0.00423	0.00376	0.00235	0.00564	0.00564	0.00752	0.01222	0.02537	0.01409	0.86375	0.01973	0.00376	0.00376	0.00564	0.00235	0.00235
40	0.00588	0.00453	0.00631	0.00624	0.00697	0.02140	0.00481	0.02167	0.00651	0.00920	0.01038	0.01552	0.00979	0.07375	0.77151	0.00590	0.00985	0.00419	0.00212	0.00348
41	0.00947	0.00784	0.00846	0.00766	0.00969	0.00895	0.00597	0.03149	0.69277	0.04189	0.01646	0.06183	0.03233	0.00589	0.00421	0.00134	0.01829	0.02572	0.00389	0.00583
42	0.00472	0.00337	0.00450	0.00540	0.00562	0.00315	0.00360	0.00540	0.00742	0.00990	0.02137	0.86122	0.02564	0.01215	0.00495	0.00157	0.00225	0.01102	0.00360	0.00315
43	0.01600	0.00625	0.00832	0.00650	0.00923	0.00550	0.00533	0.01769	0.02400	0.72557	0.01497	0.01337	0.00968	0.00477	0.00375	0.00116	0.00311	0.00387	0.11470	0.00622
44	0.04436	0.11079	0.13277	0.08799	0.34605	0.03742	0.05903	0.04806	0.02336	0.02378	0.00715	0.00897	0.00574	0.00378	0.00406	0.00117	0.04476	0.00321	0.00201	0.00554
45	0.06468	0.05022	0.71383	0.01028	0.01556	0.00904	0.01292	0.01256	0.00823	0.05783	0.00725	0.00826	0.00512	0.00373	0.00357	0.00121	0.00536	0.00284	0.00186	0.00565
46	0.00484	0.00346	0.00464	0.00554	0.00582	0.00325	0.00381	0.00561	0.00754	0.01003	0.02130	0.79605	0.02538	0.01203	0.00498	0.00159	0.00235	0.07500	0.00360	0.00318
47	0.00606	0.00489	0.00656	0.00643	0.00707	0.03673	0.00495	0.00726	0.00633	0.00890	0.01001	0.01522	0.00953	0.08573	0.70051	0.01825	0.05592	0.00414	0.00207	0.00344
48	0.00804	0.00689	0.00804	0.00574	0.00919	0.00517	0.00459	0.00976	0.00804	0.01263	0.00689	0.00804	0.00574	0.00287	0.00287	0.00057	0.00287	0.00230	0.00230	0.88745
49	0.79461	0.00797	0.02121	0.00611	0.03909	0.00890	0.00484	0.05597	0.00734	0.01751	0.00571	0.00662	0.00441	0.00365	0.00256	0.00120	0.00318	0.00224	0.00245	0.00443

[dist]
# distance from previous block
# <min> <max>
0	2

[block]
# block no. 3 follows, 70 sequences, length 71
# corresponding to MSA columns:
# 392,393,395-463
name=unknown_D
#
# <colnr> <probs for GDERKNQSTAVLIFYWHMCP>
#	G	D	E	R	K	N	Q	S	T	A	V	L	I	F	Y	W	H	M	C	P
0	0.01156	0.01302	0.01416	0.03655	0.37889	0.34769	0.08491	0.02706	0.02814	0.01157	0.00703	0.00875	0.00577	0.00373	0.00377	0.00111	0.00572	0.00319	0.00203	0.00536
1	0.00562	0.00382	0.00454	0.00454	0.00465	0.00393	0.00274	0.00584	0.00573	0.00775	0.01193	0.02379	0.01341	0.73365	0.14890	0.00414	0.00479	0.00541	0.00231	0.00252
2	0.00895	0.00872	0.13093	0.03723	0.22926	0.00697	0.05858	0.02041	0.00909	0.12555	0.10211	0.07705	0.06243	0.03460	0.00483	0.00134	0.02214	0.03182	0.00284	0.02516
3	0.00804	0.00689	0.00804	0.00574	0.00919	0.00517	0.00459	0.00976	0.00804	0.01263	0.00689	0.00804	0.00574	0.00287	0.00287	0.00057	0.00287	0.00230	0.00230	0.88745
4	0.01260	0.00979	0.01043	0.00849	0.01121	0.01102	0.00685	0.48775	0.36061	0.02098	0.01203	0.01148	0.00880	0.00491	0.00391	0.00123	0.00376	0.00387	0.00391	0.00640
5	0.00962	0.00900	0.02324	0.10007	0.62205	0.03028	0.01087	0.02094	0.00887	0.04299	0.00794	0.02468	0.00670	0.00386	0.00397	0.00117	0.01683	0.01642	0.00209	0.03841
6	0.00561	0.00375	0.00427	0.00430	0.00431	0.00376	0.00243	0.00565	0.00570	0.00761	0.01245	0.04915	0.01435	0.82544	0.03311	0.00374	0.00383	0.00577	0.00238	0.00239
7	0.00848	0.00848	0.01187	0.01018	0.01018	0.01187	0.00848	0.00933	0.00594	0.00933	0.00509	0.00848	0.00509	0.00679	0.01272	0.00170	0.85666	0.00339	0.00170	0.00424
8	0.02632	0.00612	0.00829	0.00814	0.04384	0.02507	0.04093	0.02139	0.00740	0.01062	0.01136	0.07027	0.01122	0.14746	0.45153	0.00446	0.08287	0.00494	0.01362	0.00414
9	0.00512	0.00357	0.00452	0.00513	0.00533	0.00343	0.00337	0.00565	0.00694	0.00924	0.01836	0.53828	0.02170	0.28713	0.00975	0.00229	0.00282	0.06126	0.00319	0.00292
10	0.00553	0.00410	0.00531	0.00589	0.00676	0.00388	0.00479	0.00693	0.00881	0.01138	0.09675	0.18854	0.21002	0.01052	0.00504	0.00159	0.00281	0.41427	0.00364	0.00343
11	0.00908	0.00836	0.01417	0.29834	0.54516	0.00891	0.01133	0.01145	0.00854	0.03698	0.00740	0.00995	0.00592	0.00363	0.00385	0.00120	0.00475	0.00346	0.00194	0.00555
12	0.00482	0.00345	0.00454	0.00527	0.00560	0.00320	0.00356	0.00555	0.00773	0.01031	0.08720	0.73130	0.06941	0.01171	0.00513	0.02184	0.00223	0.01037	0.00361	0.00316
13	0.00552	0.00377	0.00447	0.00467	0.00498	0.00369	0.00299	0.00627	0.02337	0.00971	0.09934	0.24866	0.04763	0.44039	0.01221	0.00259	0.00297	0.01881	0.05506	0.00289
14	0.00905	0.06525	0.19607	0.01400	0.01793	0.03614	0.52095	0.01222	0.00870	0.01188	0.00726	0.00947	0.00554	0.00362	0.00479	0.00128	0.06486	0.00391	0.00186	0.00523
15	0.01003	0.57106	0.16559	0.01850	0.04783	0.03420	0.00832	0.04643	0.03203	0.01075	0.00650	0.00779	0.00558	0.00365	0.00295	0.00097	0.00450	0.01624	0.00187	0.00522
16	0.00964	0.01014	0.04784	0.05718	0.64283	0.05507	0.08459	0.01203	0.00886	0.01229	0.00721	0.00949	0.00595	0.00354	0.00401	0.00117	0.01692	0.00348	0.00190	0.00585
17	0.42270	0.07652	0.01024	0.02837	0.16911	0.16699	0.01614	0.01252	0.03364	0.01402	0.00625	0.00747	0.00507	0.00371	0.00310	0.00114	0.01348	0.00257	0.00219	0.00476
18	0.00733	0.00648	0.00961	0.27513	0.11249	0.03276	0.04301	0.05577	0.00854	0.01123	0.03786	0.23888	0.04085	0.02049	0.04918	0.02051	0.00437	0.01871	0.00259	0.00420
19	0.00472	0.00337	0.00450	0.00540	0.00562	0.00315	0.00360	0.00540	0.00742	0.00990	0.02137	0.86122	0.02564	0.01215	0.00495	0.00157	0.00225	0.01102	0.00360	0.00315
20	0.00887	0.00840	0.02313	0.15685	0.34133	0.00907	0.09790	0.02437	0.00830	0.03962	0.00894	0.05704	0.03276	0.00485	0.00563	0.00132	0.16020	0.00413	0.00212	0.00515
21	0.00762	0.00688	0.01155	0.82925	0.02620	0.00853	0.01062	0.01017	0.00785	0.03464	0.00714	0.01042	0.00530	0.00390	0.00388	0.00129	0.00511	0.00346	0.00181	0.00437
22	0.00537	0.00392	0.00462	0.00444	0.00548	0.00353	0.00333	0.00692	0.00999	0.01378	0.49490	0.03023	0.29505	0.00820	0.00439	0.00122	0.00187	0.00705	0.09218	0.00353
23	0.00554	0.00413	0.00612	0.00612	0.00677	0.00478	0.00470	0.00685	0.00620	0.00891	0.01049	0.01581	0.00995	0.07717	0.80064	0.00609	0.01000	0.00424	0.00209	0.00340
24	0.00973	0.00837	0.00882	0.00791	0.01011	0.00968	0.00616	0.03459	0.81844	0.01636	0.01567	0.01437	0.01174	0.00525	0.00394	0.00131	0.00309	0.00437	0.00394	0.00614
25	0.00915	0.01046	0.02288	0.01634	0.02026	0.00980	0.82549	0.01242	0.00915	0.01242	0.00784	0.01046	0.00588	0.00327	0.00458	0.00131	0.00654	0.00458	0.00196	0.00523
26	0.01448	0.01848	0.01099	0.00999	0.01199	0.84819	0.00749	0.01548	0.01099	0.00949	0.00599	0.00699	0.00499	0.00400	0.00350	0.00100	0.00699	0.00250	0.00200	0.00449
27	0.00458	0.00393	0.00393	0.00393	0.00524	0.00327	0.00295	0.00556	0.00884	0.01047	0.03927	0.03731	0.83800	0.00982	0.00458	0.00131	0.00196	0.00818	0.00360	0.00327
28	0.01036	0.86609	0.02032	0.00663	0.00995	0.01534	0.00663	0.01161	0.00788	0.00912	0.00539	0.00622	0.00498	0.00332	0.00249	0.00083	0.00415	0.00207	0.00166	0.00498
29	0.00966	0.00816	0.00849	0.00764	0.00976	0.02431	0.00594	0.01957	0.74155	0.03541	0.03043	0.01502	0.02879	0.00534	0.00392	0.00129	0.00306	0.00444	0.03129	0.00594
30	0.00479	0.00342	0.00457	0.00545	0.00571	0.00320	0.00369	0.00553	0.00755	0.01008	0.03945	0.81508	0.02577	0.01200	0.00495	0.00157	0.00228	0.03809	0.00361	0.00317
31	0.00787	0.05209	0.81249	0.01088	0.01652	0.00924	0.01403	0.01225	0.00817	0.01216	0.00690	0.00811	0.00491	0.00367	0.00364	0.00121	0.00567	0.00283	0.00164	0.00570
32	0.00789	0.00715	0.01170	0.75442	0.02497	0.00878	0.02362	0.05158	0.00833	0.02294	0.00731	0.01077	0.00556	0.00408	0.00411	0.00130	0.02399	0.01514	0.00191	0.00446
33	0.00737	0.00790	0.15704	0.00749	0.00977	0.00562	0.08947	0.04722	0.00917	0.08255	0.07472	0.23080	0.19883	0.00780	0.00442	0.00135	0.00344	0.03569	0.01499	0.00436
34	0.01643	0.00684	0.00901	0.00700	0.00989	0.00620	0.00575	0.06456	0.05481	0.72419	0.04281	0.01357	0.01046	0.00492	0.00392	0.00120	0.00329	0.00401	0.00468	0.00647
35	0.79985	0.00791	0.01610	0.00586	0.03016	0.03130	0.00463	0.01154	0.01959	0.01681	0.00600	0.02553	0.00487	0.00382	0.00256	0.00120	0.00317	0.00239	0.00242	0.00428
36	0.00503	0.00398	0.00453	0.00442	0.00554	0.00351	0.00330	0.00648	0.02043	0.01263	0.36862	0.06006	0.46954	0.00905	0.00458	0.00128	0.00193	0.00774	0.00388	0.00347
37	0.02068	0.09268	0.19530	0.07470	0.11425	0.03449	0.01945	0.15512	0.04123	0.02605	0.00822	0.05161	0.00683	0.00456	0.00451	0.00119	0.08530	0.00352	0.00238	0.05792
38	0.04254	0.43453	0.08154	0.03341	0.02468	0.02409	0.01750	0.10023	0.00932	0.08748	0.00709	0.00781	0.00565	0.00369	0.00319	0.00096	0.02017	0.00260	0.00229	0.09121
39	0.00930	0.37309	0.36015	0.01094	0.12926	0.02324	0.01058	0.02247	0.00831	0.01113	0.00636	0.00756	0.00513	0.00351	0.00320	0.00105	0.00491	0.00262	0.00172	0.00547
40	0.00672	0.00532	0.00742	0.01993	0.13755	0.02638	0.00552	0.00815	0.02461	0.02978	0.01210	0.11785	0.02509	0.15938	0.37917	0.00388	0.00665	0.00512	0.01555	0.00383
41	0.00475	0.00388	0.00420	0.00427	0.00540	0.00333	0.00317	0.00583	0.00898	0.01114	0.14965	0.12918	0.62130	0.00983	0.00463	0.00133	0.00200	0.02012	0.00369	0.00332
42	0.00525	0.00394	0.00486	0.00465	0.00565	0.00355	0.00348	0.00684	0.01038	0.01418	0.62324	0.04591	0.23689	0.00847	0.00458	0.00125	0.00187	0.00738	0.00409	0.00355
43	0.00810	0.01960	0.81542	0.01091	0.01655	0.00889	0.01403	0.01250	0.00828	0.04037	0.00724	0.00835	0.00507	0.00372	0.00369	0.00123	0.00565	0.00290	0.00174	0.00576
44	0.01739	0.00660	0.00900	0.00690	0.00990	0.00570	0.00570	0.01889	0.01110	0.84226	0.01529	0.01320	0.00960	0.00480	0.00390	0.00120	0.00330	0.00390	0.00480	0.00660
45	0.00848	0.00848	0.01187	0.01018	0.01018	0.01187	0.00848	0.00933	0.00594	0.00933	0.00509	0.00848	0.00509	0.00679	0.01272	0.00170	0.85666	0.00339	0.00170	0.00424
46	0.89114	0.00750	0.00570	0.00510	0.00750	0.00870	0.00420	0.01140	0.00660	0.01739	0.00540	0.00630	0.00420	0.00360	0.00240	0.00120	0.00300	0.00210	0.00240	0.00420
47	0.01450	0.01087	0.01137	0.00879	0.01179	0.03763	0.00723	0.77668	0.01770	0.02367	0.00931	0.00939	0.00665	0.00463	0.00383	0.00115	0.00428	0.00346	0.03063	0.00644
48	0.00564	0.00376	0.00423	0.00423	0.00423	0.00376	0.00235	0.00564	0.00564	0.00752	0.01222	0.02537	0.01409	0.86375	0.01973	0.00376	0.00376	0.00564	0.00235	0.00235
49	0.01628	0.03271	0.00933	0.02134	0.01002	0.00620	0.00583	0.01778	0.01070	0.74219	0.02931	0.01307	0.00971	0.00486	0.00417	0.00120	0.03488	0.00387	0.02025	0.00632
50	0.04687	0.07689	0.09061	0.09075	0.12910	0.05208	0.00852	0.20413	0.10517	0.05900	0.02533	0.02161	0.00745	0.00452	0.00429	0.00121	0.06062	0.00350	0.00278	0.00559
51	0.01400	0.01696	0.01073	0.00963	0.01160	0.72493	0.00730	0.07370	0.01123	0.01078	0.00650	0.00753	0.00533	0.00415	0.00377	0.00103	0.03241	0.00265	0.04117	0.00460
52	0.00822	0.00844	0.03507	0.08433	0.01155	0.01111	0.00857	0.00931	0.00622	0.00949	0.01753	0.00951	0.00585	0.03595	0.01181	0.00171	0.71584	0.00351	0.00176	0.00422
53	0.00723	0.00361	0.00361	0.00361	0.00452	0.00361	0.00271	0.00903	0.00813	0.01445	0.01265	0.01445	0.00994	0.00452	0.00271	0.00090	0.00181	0.00361	0.88528	0.00361
54	0.00478	0.00401	0.00416	0.00411	0.00539	0.00344	0.00309	0.00605	0.02456	0.01116	0.13014	0.03593	0.73081	0.00952	0.00457	0.00130	0.00197	0.00798	0.00368	0.00337
55	0.05763	0.39050	0.19203	0.01096	0.16016	0.03753	0.02272	0.05469	0.02026	0.01184	0.00647	0.00761	0.00532	0.00355	0.00314	0.00103	0.00462	0.00265	0.00190	0.00539
56	0.00723	0.00361	0.00361	0.00361	0.00452	0.00361	0.00271	0.00903	0.00813	0.01445	0.01265	0.01445	0.00994	0.00452	0.00271	0.00090	0.00181	0.00361	0.88528	0.00361
57	0.12772	0.10852	0.01247	0.04541	0.13011	0.12218	0.02525	0.10463	0.00922	0.06840	0.00690	0.00842	0.00559	0.00455	0.00555	0.00124	0.20343	0.00303	0.00232	0.00507
58	0.00954	0.02319	0.16843	0.03379	0.46603	0.02252	0.02257	0.02568	0.02333	0.07187	0.02565	0.03631	0.01776	0.00432	0.00391	0.00121	0.00457	0.03126	0.00231	0.00575
59	0.00838	0.02627	0.52639	0.02372	0.09369	0.02074	0.05339	0.03651	0.03324	0.02075	0.03058	0.01031	0.01803	0.00401	0.00376	0.00119	0.00512	0.01845	0.00203	0.06343
60	0.00598	0.00415	0.00564	0.00592	0.00655	0.00429	0.00457	0.00715	0.00747	0.02655	0.07245	0.07939	0.01772	0.21822	0.24787	0.00345	0.00534	0.27105	0.00293	0.00329
61	0.01050	0.17827	0.07740	0.00757	0.02627	0.00942	0.00667	0.22400	0.02699	0.03747	0.01862	0.00859	0.00639	0.00366	0.00321	0.00088	0.00375	0.00278	0.00265	0.34491
62	0.05665	0.03434	0.00974	0.06030	0.04867	0.06356	0.07017	0.03747	0.19850	0.01300	0.05609	0.08550	0.08898	0.00642	0.00466	0.00134	0.05567	0.08901	0.00303	0.01691
63	0.00957	0.18757	0.48536	0.01065	0.06618	0.04492	0.02270	0.04673	0.00885	0.06093	0.00720	0.00821	0.00537	0.00375	0.00360	0.00114	0.01685	0.00285	0.00196	0.00561
64	0.00833	0.09841	0.10504	0.02307	0.15654	0.03395	0.00740	0.01176	0.14116	0.03943	0.16258	0.04041	0.04480	0.03704	0.06192	0.00163	0.01423	0.00455	0.00284	0.00492
65	0.00529	0.00367	0.00446	0.00477	0.00499	0.00356	0.00302	0.00575	0.00683	0.00914	0.07639	0.31818	0.04546	0.44603	0.02462	0.00273	0.00313	0.02620	0.00299	0.00280
66	0.00885	0.02926	0.09222	0.10983	0.58424	0.00885	0.02143	0.01131	0.00871	0.01226	0.03656	0.01124	0.04033	0.00392	0.00386	0.00118	0.00458	0.00369	0.00201	0.00567
67	0.01032	0.07465	0.13022	0.04892	0.24510	0.06135	0.07049	0.12247	0.04078	0.06473	0.02285	0.03821	0.03327	0.01483	0.00403	0.00121	0.00465	0.00383	0.00253	0.00557
68	0.00909	0.12566	0.01293	0.03474	0.23071	0.00870	0.08273	0.03444	0.00859	0.07449	0.04389	0.04338	0.05246	0.07357	0.02263	0.00155	0.09053	0.04254	0.00249	0.00488
69	0.00573	0.00404	0.00525	0.00582	0.00664	0.00380	0.00458	0.00699	0.00859	0.03682	0.06791	0.30874	0.18168	0.01068	0.00498	0.00158	0.00272	0.32631	0.00366	0.00347
70	0.03975	0.07129	0.11700	0.01034	0.14277	0.13188	0.02382	0.07339	0.00941	0.07348	0.05051	0.11303	0.01048	0.08286	0.00533	0.00141	0.01347	0.00440	0.00262	0.02278

[dist]
# distance from previous block
# <min> <max>
0	43

[block]
# block no. 4 follows, 70 sequences, length 6
# corresponding to MSA columns:
# 507-512
name=unknown_E
#
# <colnr> <probs for GDERKNQSTAVLIFYWHMCP>
#	G	D	E	R	K	N	Q	S	T	A	V	L	I	F	Y	W	H	M	C	P
0	0.13364	0.10978	0.10549	0.01094	0.19021	0.07456	0.03808	0.05464	0.00847	0.01242	0.00878	0.02800	0.02940	0.09388	0.05978	0.00173	0.00478	0.00355	0.02708	0.00478
1	0.17448	0.14095	0.20468	0.02926	0.13296	0.05101	0.03401	0.03882	0.02678	0.03015	0.06108	0.02720	0.00789	0.00414	0.00339	0.00114	0.00433	0.00326	0.01935	0.00511
2	0.00576	0.00466	0.00609	0.00611	0.04525	0.00448	0.03443	0.00704	0.02880	0.01007	0.05087	0.05559	0.29098	0.21881	0.16959	0.00281	0.00438	0.00612	0.00284	0.04534
3	0.01039	0.00608	0.00754	0.00585	0.00854	0.00496	0.00465	0.01200	0.00925	0.26661	0.09793	0.06068	0.01156	0.00462	0.00347	0.00091	0.00279	0.00386	0.06051	0.41777
4	0.00887	0.00859	0.05052	0.25857	0.23683	0.03644	0.02625	0.05388	0.12644	0.03194	0.03947	0.06007	0.03573	0.00480	0.00398	0.00125	0.00436	0.00426	0.00254	0.00520
5	0.00723	0.00361	0.00361	0.00361	0.00452	0.00361	0.00271	0.00903	0.00813	0.01445	0.01265	0.01445	0.00994	0.00452	0.00271	0.00090	0.00181	0.00361	0.88528	0.00361

[dist]
# distance from previous block
# <min> <max>
0	3

[block]
# block no. 5 follows, 70 sequences, length 29
# corresponding to MSA columns:
# 516,517,519-545
name=unknown_F
#
# <colnr> <probs for GDERKNQSTAVLIFYWHMCP>
#	G	D	E	R	K	N	Q	S	T	A	V	L	I	F	Y	W	H	M	C	P
0	0.05170	0.03900	0.20261	0.03030	0.23627	0.08551	0.02063	0.06823	0.02283	0.05142	0.04882	0.01015	0.00744	0.01900	0.00486	0.00126	0.08892	0.00339	0.00228	0.00540
1	0.00723	0.00361	0.00361	0.00361	0.00452	0.00361	0.00271	0.00903	0.00813	0.01445	0.01265	0.01445	0.00994	0.00452	0.00271	0.00090	0.00181	0.00361	0.88528	0.00361
2	0.15631	0.15423	0.12618	0.01423	0.32184	0.06410	0.05090	0.03356	0.00857	0.01285	0.00658	0.00814	0.00537	0.00360	0.00351	0.00112	0.01863	0.00291	0.00197	0.00540
3	0.76302	0.00839	0.04247	0.00570	0.00829	0.02440	0.00491	0.05427	0.00750	0.04373	0.00600	0.00677	0.00454	0.00370	0.00260	0.00120	0.00327	0.00227	0.00251	0.00447
4	0.00520	0.00385	0.00533	0.00571	0.00614	0.00407	0.00410	0.00615	0.00693	0.00953	0.03599	0.41903	0.03998	0.07370	0.33033	0.00349	0.02662	0.00767	0.00290	0.00326
5	0.00508	0.00395	0.00461	0.00445	0.00554	0.00348	0.00334	0.00652	0.01001	0.01325	0.47635	0.03274	0.39918	0.00878	0.00458	0.00126	0.00189	0.00754	0.00397	0.00348
6	0.00960	0.00921	0.01574	0.02380	0.83957	0.00921	0.01190	0.01190	0.00883	0.01267	0.00729	0.00960	0.00614	0.00345	0.00384	0.00115	0.00461	0.00345	0.00192	0.00614
7	0.00804	0.00689	0.00804	0.00574	0.00919	0.00517	0.00459	0.00976	0.00804	0.01263	0.00689	0.00804	0.00574	0.00287	0.00287	0.00057	0.00287	0.00230	0.00230	0.88745
8	0.01120	0.44849	0.01687	0.04443	0.12959	0.10019	0.04776	0.07736	0.00941	0.05801	0.00689	0.00792	0.00566	0.00364	0.00314	0.00098	0.00459	0.00273	0.01586	0.00528
9	0.00458	0.00393	0.00393	0.00393	0.00524	0.00327	0.00295	0.00556	0.00884	0.01047	0.03927	0.03731	0.83800	0.00982	0.00458	0.00131	0.00196	0.00818	0.00360	0.00327
10	0.00581	0.00431	0.00546	0.00511	0.00613	0.00413	0.00385	0.00836	0.07568	0.01560	0.77280	0.02782	0.03463	0.00772	0.00452	0.00123	0.00193	0.00680	0.00424	0.00385
11	0.00564	0.00376	0.00423	0.00423	0.00423	0.00376	0.00235	0.00564	0.00564	0.00752	0.01222	0.02537	0.01409	0.86375	0.01973	0.00376	0.00376	0.00564	0.00235	0.00235
12	0.00563	0.00378	0.00436	0.00436	0.00441	0.00383	0.00251	0.00572	0.00568	0.00762	0.01209	0.02470	0.01380	0.80833	0.07475	0.00392	0.00420	0.00554	0.00233	0.00242
13	0.89114	0.00750	0.00570	0.00510	0.00750	0.00870	0.00420	0.01140	0.00660	0.01739	0.00540	0.00630	0.00420	0.00360	0.00240	0.00120	0.00300	0.00210	0.00240	0.00420
14	0.00778	0.02005	0.84367	0.01105	0.01678	0.00900	0.01432	0.01228	0.00818	0.01228	0.00696	0.00818	0.00491	0.00368	0.00368	0.00123	0.00573	0.00286	0.00164	0.00573
15	0.32924	0.12444	0.00992	0.00706	0.00964	0.18305	0.00583	0.09323	0.00967	0.16180	0.00804	0.00888	0.00611	0.00414	0.00312	0.00112	0.00417	0.02273	0.00282	0.00501
16	0.00472	0.00337	0.00450	0.00540	0.00562	0.00315	0.00360	0.00540	0.00742	0.00990	0.02137	0.86122	0.02564	0.01215	0.00495	0.00157	0.00225	0.01102	0.00360	0.00315
17	0.00804	0.00689	0.00804	0.00574	0.00919	0.00517	0.00459	0.00976	0.00804	0.01263	0.00689	0.00804	0.00574	0.00287	0.00287	0.00057	0.00287	0.00230	0.00230	0.88745
18	0.02539	0.08951	0.15435	0.05406	0.08392	0.03104	0.02115	0.20245	0.09170	0.08931	0.05593	0.02989	0.00880	0.00459	0.00390	0.00117	0.02010	0.00368	0.00293	0.02614
19	0.00850	0.00855	0.06421	0.36245	0.26280	0.02101	0.01014	0.05683	0.00893	0.02275	0.05254	0.02324	0.03453	0.00440	0.00419	0.00124	0.03140	0.00384	0.00217	0.01631
20	0.00558	0.00374	0.00424	0.00430	0.00431	0.00372	0.00242	0.00562	0.00574	0.00766	0.01275	0.07393	0.01477	0.81428	0.01887	0.00363	0.00367	0.00595	0.00242	0.00240
21	0.00646	0.00454	0.00539	0.00511	0.00538	0.00488	0.00331	0.06180	0.00654	0.00887	0.01121	0.02185	0.01237	0.64791	0.08930	0.03962	0.05514	0.00514	0.00236	0.00282
22	0.01002	0.30024	0.26162	0.00962	0.05287	0.04002	0.03854	0.12446	0.07314	0.01302	0.00772	0.02027	0.00618	0.00445	0.02106	0.00119	0.00486	0.00302	0.00220	0.00550
23	0.00914	0.00725	0.00884	0.01862	0.05299	0.01860	0.04540	0.13962	0.28421	0.03463	0.01474	0.18478	0.01349	0.02557	0.01445	0.00144	0.00346	0.05292	0.06477	0.00509
24	0.00724	0.00381	0.00546	0.00533	0.00559	0.00385	0.00369	0.02760	0.02261	0.03038	0.02200	0.01293	0.00786	0.01297	0.03004	0.76831	0.00350	0.02271	0.00197	0.00215
25	0.00994	0.48765	0.24313	0.00803	0.01179	0.01242	0.00866	0.03985	0.04698	0.05036	0.00727	0.02731	0.00603	0.00390	0.00327	0.00102	0.02229	0.00277	0.00203	0.00531
26	0.02038	0.15686	0.29996	0.01187	0.15263	0.05543	0.05330	0.06655	0.04677	0.01252	0.00872	0.04864	0.02720	0.00431	0.00378	0.00116	0.01884	0.00352	0.00213	0.00543
27	0.01002	0.79467	0.05514	0.00677	0.01007	0.01457	0.00684	0.01139	0.00787	0.00929	0.00611	0.04097	0.00581	0.00369	0.00264	0.00088	0.00414	0.00247	0.00174	0.00493
28	0.03649	0.00555	0.02088	0.00611	0.01855	0.00539	0.01513	0.14321	0.00996	0.05701	0.11239	0.28463	0.05902	0.05138	0.00495	0.00142	0.00278	0.02231	0.13870	0.00415

[dist]
# distance from previous block
# <min> <max>
1	17

[block]
# block no. 6 follows, 70 sequences, length 22
# corresponding to MSA columns:
# 563-584
name=unknown_G
#
# <colnr> <probs for GDERKNQSTAVLIFYWHMCP>
#	G	D	E	R	K	N	Q	S	T	A	V	L	I	F	Y	W	H	M	C	P
0	0.05146	0.28584	0.21966	0.02489	0.11176	0.04400	0.03049	0.07995	0.04160	0.03938	0.01835	0.00847	0.00607	0.00383	0.00348	0.00109	0.01918	0.00290	0.00215	0.00544
1	0.00830	0.08589	0.13433	0.02925	0.08703	0.05756	0.04961	0.02509	0.02120	0.05878	0.23015	0.03686	0.07790	0.00650	0.02568	0.00135	0.01608	0.04084	0.00294	0.00467
2	0.00899	0.27032	0.20375	0.00789	0.01087	0.04023	0.00793	0.03991	0.05701	0.02945	0.01875	0.02199	0.02854	0.02377	0.09099	0.00167	0.07031	0.00327	0.02396	0.04041
3	0.00544	0.00384	0.00472	0.00487	0.00571	0.00345	0.00350	0.00657	0.00899	0.04557	0.26845	0.33353	0.25535	0.02557	0.00496	0.00142	0.00211	0.00865	0.00382	0.00346
4	0.01116	0.00535	0.00690	0.00579	0.00774	0.00487	0.00459	0.01327	0.05399	0.38872	0.30912	0.02051	0.07239	0.00624	0.00409	0.00120	0.00257	0.00528	0.07114	0.00509
5	0.00476	0.00391	0.00414	0.00418	0.00532	0.00335	0.00309	0.00577	0.00881	0.01078	0.10701	0.07857	0.66769	0.04960	0.00532	0.00144	0.00209	0.02731	0.00360	0.00326
6	0.00564	0.00419	0.00528	0.00497	0.00598	0.00394	0.00374	0.00789	0.05413	0.01520	0.73452	0.02882	0.09519	0.00793	0.00454	0.00123	0.00190	0.00696	0.00420	0.00376
7	0.03867	0.00649	0.00855	0.00667	0.00944	0.00579	0.00547	0.04775	0.01114	0.70267	0.07457	0.01406	0.01132	0.00498	0.00387	0.00119	0.00317	0.00405	0.03392	0.00622
8	0.89114	0.00750	0.00570	0.00510	0.00750	0.00870	0.00420	0.01140	0.00660	0.01739	0.00540	0.00630	0.00420	0.00360	0.00240	0.00120	0.00300	0.00210	0.00240	0.00420
9	0.00995	0.00848	0.00894	0.00795	0.01020	0.00979	0.00621	0.06920	0.78346	0.01671	0.01539	0.01415	0.01152	0.00522	0.00394	0.00131	0.00314	0.00433	0.00394	0.00616
10	0.01474	0.01086	0.01163	0.00892	0.01202	0.01202	0.00737	0.82664	0.01823	0.02443	0.00931	0.00931	0.00659	0.00465	0.00388	0.00116	0.00427	0.00349	0.00388	0.00659
11	0.00472	0.00337	0.00450	0.00540	0.00562	0.00315	0.00360	0.00540	0.00742	0.00990	0.02137	0.86122	0.02564	0.01215	0.00495	0.00157	0.00225	0.01102	0.00360	0.00315
12	0.03064	0.00793	0.00955	0.00821	0.02396	0.00853	0.04822	0.07929	0.46116	0.18918	0.05843	0.01484	0.01198	0.00523	0.00400	0.00128	0.00336	0.02428	0.00396	0.00598
13	0.00549	0.00396	0.00518	0.00488	0.00579	0.00366	0.00366	0.00732	0.01097	0.01555	0.83752	0.02896	0.03658	0.00793	0.00457	0.00122	0.00183	0.00701	0.00427	0.00366
14	0.00619	0.00505	0.00761	0.00706	0.00773	0.00592	0.04939	0.00741	0.00637	0.00911	0.01021	0.01679	0.01005	0.15255	0.52231	0.00476	0.12752	0.03835	0.00212	0.00350
15	0.00804	0.00689	0.00804	0.00574	0.00919	0.00517	0.00459	0.00976	0.00804	0.01263	0.00689	0.00804	0.00574	0.00287	0.00287	0.00057	0.00287	0.00230	0.00230	0.88745
16	0.00564	0.00376	0.00423	0.00423	0.00423	0.00376	0.00235	0.00564	0.00564	0.00752	0.01222	0.02537	0.01409	0.86375	0.01973	0.00376	0.00376	0.00564	0.00235	0.00235
17	0.01728	0.00678	0.00911	0.00698	0.00999	0.00596	0.00577	0.05288	0.01140	0.80785	0.01504	0.01303	0.00947	0.00479	0.00390	0.00120	0.00334	0.00388	0.00476	0.00660
18	0.12296	0.01001	0.01044	0.00829	0.01106	0.04289	0.02291	0.55131	0.06319	0.05199	0.00965	0.01074	0.00730	0.03403	0.00428	0.00128	0.00412	0.02405	0.00356	0.00594
19	0.00472	0.00337	0.00450	0.00540	0.00562	0.00315	0.00360	0.00540	0.00742	0.00990	0.02137	0.86122	0.02564	0.01215	0.00495	0.00157	0.00225	0.01102	0.00360	0.00315
20	0.00890	0.00690	0.00822	0.00595	0.00928	0.00538	0.00479	0.01058	0.00826	0.08753	0.00761	0.00852	0.00607	0.00314	0.00320	0.00066	0.02350	0.00247	0.00251	0.78654
21	0.05170	0.06217	0.12169	0.00849	0.01165	0.02094	0.04167	0.26583	0.08889	0.20138	0.01160	0.01238	0.02891	0.00484	0.00393	0.00122	0.01496	0.03842	0.00344	0.00590

[dist]
# distance from previous block
# <min> <max>
2	6

[block]
# block no. 7 follows, 70 sequences, length 16
# corresponding to MSA columns:
# 591-606
name=unknown_H
#
# <colnr> <probs for GDERKNQSTAVLIFYWHMCP>
#	G	D	E	R	K	N	Q	S	T	A	V	L	I	F	Y	W	H	M	C	P
0	0.05345	0.08339	0.04187	0.04035	0.22447	0.11330	0.00843	0.18352	0.08407	0.06756	0.00908	0.00991	0.02281	0.00429	0.00398	0.00116	0.03662	0.00334	0.00271	0.00567
1	0.00848	0.00566	0.00681	0.00596	0.00746	0.00582	0.02664	0.09393	0.12455	0.08193	0.20773	0.03730	0.08605	0.03724	0.00512	0.03483	0.02427	0.00515	0.19064	0.00442
2	0.00811	0.03361	0.01044	0.07668	0.13199	0.05292	0.06757	0.03137	0.07749	0.01186	0.03682	0.17378	0.06148	0.00614	0.00474	0.01433	0.06028	0.00518	0.00265	0.13255
3	0.00732	0.00689	0.01163	0.85444	0.02670	0.00861	0.01077	0.00991	0.00775	0.00991	0.00689	0.01034	0.00517	0.00388	0.00388	0.00129	0.00517	0.00345	0.00172	0.00431
4	0.05119	0.00478	0.00579	0.00530	0.00665	0.00451	0.00403	0.03442	0.03141	0.13501	0.41574	0.11320	0.13860	0.02620	0.00470	0.00132	0.00231	0.00669	0.00403	0.00413
5	0.00472	0.00337	0.00450	0.00540	0.00562	0.00315	0.00360	0.00540	0.00742	0.00990	0.02137	0.86122	0.02564	0.01215	0.00495	0.00157	0.00225	0.01102	0.00360	0.00315
6	0.00528	0.00391	0.00461	0.00464	0.00558	0.00354	0.00347	0.00639	0.00897	0.01178	0.26749	0.07107	0.36243	0.06354	0.00615	0.05083	0.00227	0.08122	0.03356	0.00327
7	0.01448	0.01848	0.01099	0.00999	0.01199	0.84819	0.00749	0.01548	0.01099	0.00949	0.00599	0.00699	0.00499	0.00400	0.00350	0.00100	0.00699	0.00250	0.00200	0.00449
8	0.03859	0.00688	0.00966	0.16890	0.18951	0.06349	0.03832	0.00913	0.00810	0.01086	0.01279	0.23668	0.02515	0.03713	0.05182	0.00172	0.00443	0.08007	0.00255	0.00424
9	0.03840	0.10082	0.62307	0.01065	0.01567	0.03443	0.07004	0.01258	0.03736	0.01221	0.00710	0.00828	0.00521	0.00368	0.00359	0.00119	0.00548	0.00293	0.00178	0.00555
10	0.00790	0.00689	0.01016	0.06830	0.29829	0.01659	0.01912	0.02315	0.08274	0.02454	0.20117	0.10700	0.04908	0.00605	0.00431	0.00124	0.01661	0.01953	0.00298	0.03434
11	0.00682	0.00416	0.00532	0.00489	0.00599	0.00384	0.00372	0.00862	0.01059	0.09139	0.64861	0.02552	0.03044	0.00717	0.00425	0.00117	0.00196	0.00626	0.12536	0.00392
12	0.89114	0.00750	0.00570	0.00510	0.00750	0.00870	0.00420	0.01140	0.00660	0.01739	0.00540	0.00630	0.00420	0.00360	0.00240	0.00120	0.00300	0.00210	0.00240	0.00420
13	0.01085	0.61875	0.04759	0.00736	0.01063	0.01365	0.03453	0.10899	0.04091	0.03804	0.00693	0.00759	0.00576	0.00365	0.00287	0.00093	0.00416	0.00255	0.02901	0.00526
14	0.00559	0.00375	0.00428	0.00431	0.00436	0.00372	0.00246	0.00569	0.00593	0.00794	0.04361	0.06744	0.01552	0.78894	0.01842	0.00355	0.00361	0.00596	0.00248	0.00244
15	0.10770	0.03043	0.11129	0.04537	0.39057	0.03031	0.00956	0.05180	0.00893	0.04137	0.03166	0.06004	0.00781	0.00432	0.00385	0.00118	0.02119	0.00370	0.00230	0.03661

[dist]
# distance from previous block
# <min> <max>
8	30

[block]
# block no. 8 follows, 70 sequences, length 32
# corresponding to MSA columns:
# 651-682
name=unknown_I
#
# <colnr> <probs for GDERKNQSTAVLIFYWHMCP>
#	G	D	E	R	K	N	Q	S	T	A	V	L	I	F	Y	W	H	M	C	P
0	0.00740	0.00763	0.06711	0.02251	0.13641	0.04775	0.08636	0.03941	0.03879	0.01162	0.02598	0.38291	0.03974	0.00782	0.00480	0.00138	0.04373	0.00701	0.01726	0.00438
1	0.44519	0.07524	0.10424	0.02021	0.03869	0.03504	0.02818	0.08556	0.00826	0.01532	0.00695	0.04264	0.00582	0.00467	0.01964	0.00130	0.03991	0.00294	0.01553	0.00469
2	0.02130	0.40985	0.09211	0.00811	0.04468	0.01188	0.00733	0.15100	0.03358	0.03740	0.00763	0.02104	0.00648	0.03164	0.04802	0.00136	0.02596	0.00296	0.00231	0.03536
3	0.00943	0.00573	0.00631	0.00563	0.00726	0.00592	0.00437	0.12858	0.13575	0.11522	0.01605	0.10057	0.07980	0.00589	0.00359	0.00114	0.00259	0.00487	0.35659	0.00471
4	0.01048	0.70823	0.12129	0.00720	0.01079	0.01396	0.00753	0.01214	0.00812	0.06125	0.00620	0.00689	0.00525	0.00345	0.00272	0.00090	0.00429	0.00228	0.00185	0.00517
5	0.02857	0.13424	0.27399	0.03060	0.08607	0.00898	0.03017	0.04355	0.03350	0.03358	0.05803	0.08320	0.02774	0.02362	0.03414	0.00145	0.05708	0.00413	0.00233	0.00501
6	0.02784	0.00475	0.00584	0.00516	0.00662	0.00428	0.00387	0.01003	0.00925	0.25837	0.20158	0.04468	0.21372	0.15663	0.00724	0.02342	0.00271	0.00603	0.00381	0.00416
7	0.01656	0.00687	0.00905	0.00700	0.00992	0.00621	0.00576	0.07989	0.03286	0.72913	0.04435	0.01350	0.01039	0.00491	0.00392	0.00120	0.00331	0.00399	0.00469	0.00648
8	0.02274	0.07922	0.36535	0.02777	0.02572	0.04123	0.07732	0.03678	0.08578	0.03278	0.03682	0.01270	0.07840	0.03418	0.00456	0.00131	0.02602	0.00382	0.00233	0.00519
9	0.00781	0.05215	0.19668	0.04719	0.12993	0.00791	0.08439	0.03050	0.10046	0.01235	0.04842	0.18150	0.04295	0.00607	0.00429	0.00130	0.01999	0.01852	0.00263	0.00495
10	0.00471	0.00343	0.00444	0.00525	0.00558	0.00316	0.00353	0.00542	0.00757	0.00996	0.02319	0.77715	0.10853	0.01191	0.00491	0.00155	0.00222	0.01073	0.00360	0.00316
11	0.01248	0.00575	0.00734	0.00598	0.00823	0.00517	0.00482	0.03754	0.02543	0.44548	0.14778	0.01668	0.02756	0.00537	0.00379	0.00113	0.00279	0.02373	0.15278	0.06019
