[name]
unknown

[dist]
# distance from previous block
# <min> <max>
0	40

[block]
# block no. 0 follows, 75 sequences, length 51
# corresponding to MSA columns:
# 40-90
name=unknown_A
#
# <colnr> <probs for GDERKNQSTAVLIFYWHMCP>
#	G	D	E	R	K	N	Q	S	T	A	V	L	I	F	Y	W	H	M	C	P
0	0.00513	0.02131	0.00472	0.00461	0.00569	0.02027	0.00348	0.00644	0.03626	0.01907	0.08619	0.19481	0.49632	0.00925	0.00438	0.00130	0.00221	0.07186	0.00341	0.00330
1	0.01022	0.07257	0.28109	0.03561	0.01978	0.05669	0.09841	0.11774	0.05928	0.13491	0.01676	0.02152	0.01714	0.00399	0.00357	0.00111	0.00456	0.00333	0.00254	0.03918
2	0.01048	0.01207	0.31890	0.00927	0.04416	0.00842	0.03274	0.24541	0.04660	0.13695	0.02976	0.06361	0.01567	0.00460	0.00371	0.00117	0.00425	0.00377	0.00289	0.00558
3	0.00556	0.03730	0.00575	0.00573	0.04069	0.01426	0.00404	0.00702	0.04640	0.01840	0.06132	0.27510	0.25406	0.02112	0.14667	0.00208	0.01092	0.00698	0.03314	0.00347
4	0.01369	0.00681	0.00991	0.08347	0.06277	0.00640	0.06310	0.06671	0.02118	0.55610	0.01380	0.01298	0.05658	0.00456	0.00377	0.00115	0.00355	0.00389	0.00381	0.00576
5	0.00890	0.00863	0.07289	0.18595	0.15149	0.02874	0.13937	0.04447	0.10655	0.08434	0.01093	0.02329	0.06885	0.00473	0.01716	0.00127	0.03104	0.00395	0.00244	0.00498
6	0.00733	0.03836	0.67432	0.00943	0.01396	0.00803	0.01160	0.04212	0.00810	0.01183	0.04893	0.05758	0.00765	0.03999	0.00420	0.00127	0.00489	0.00345	0.00189	0.00507
7	0.00446	0.00324	0.00421	0.00499	0.00529	0.00299	0.00335	0.00513	0.00715	0.00942	0.02173	0.79529	0.09657	0.01131	0.00466	0.00147	0.00211	0.01020	0.00341	0.00299
8	0.00872	0.00856	0.01331	0.21612	0.56972	0.06132	0.01044	0.01087	0.00834	0.01132	0.04140	0.00986	0.00673	0.00357	0.00365	0.00112	0.00452	0.00335	0.00187	0.00522
9	0.14292	0.00829	0.00928	0.00732	0.01001	0.02527	0.02781	0.33915	0.05910	0.29047	0.01060	0.02339	0.00740	0.00440	0.00349	0.00113	0.00355	0.00341	0.01729	0.00572
10	0.01401	0.00784	0.02127	0.00860	0.08597	0.06730	0.02235	0.07847	0.05009	0.51819	0.04386	0.01189	0.00909	0.00451	0.00392	0.00113	0.02828	0.00365	0.01377	0.00581
11	0.00447	0.00320	0.00426	0.00511	0.00533	0.00298	0.00341	0.00511	0.00703	0.00938	0.02024	0.86853	0.02429	0.01151	0.00469	0.00149	0.00213	0.01044	0.00341	0.00298
12	0.00827	0.00873	0.06468	0.20327	0.21682	0.02638	0.02044	0.01004	0.00703	0.02474	0.00604	0.00874	0.00515	0.00474	0.00718	0.00134	0.36686	0.00321	0.00172	0.00461
13	0.00870	0.00979	0.02097	0.01548	0.05042	0.00926	0.77552	0.01201	0.03660	0.01189	0.00766	0.01000	0.00577	0.00317	0.00429	0.00123	0.00601	0.00429	0.00192	0.00502
14	0.00526	0.00384	0.00538	0.00538	0.00588	0.00430	0.00396	0.00623	0.00580	0.00819	0.01071	0.01721	0.02323	0.24302	0.62886	0.00523	0.00811	0.00435	0.00206	0.00301
15	0.00766	0.00693	0.03883	0.00622	0.02949	0.00516	0.02536	0.00933	0.00757	0.02421	0.00700	0.00881	0.00597	0.05704	0.00382	0.00079	0.00300	0.00250	0.00218	0.74813
16	0.01263	0.25577	0.01287	0.00858	0.01082	0.62181	0.00687	0.01364	0.00959	0.00889	0.00552	0.00642	0.00473	0.00361	0.00305	0.00090	0.00587	0.00225	0.00180	0.00438
17	0.00534	0.00356	0.00401	0.00401	0.00401	0.00356	0.00223	0.00534	0.00534	0.00712	0.01157	0.02403	0.01335	0.87092	0.01869	0.00356	0.00356	0.00534	0.00223	0.00223
18	0.00762	0.00653	0.00762	0.00544	0.00870	0.00490	0.00435	0.00925	0.00762	0.01197	0.00653	0.00762	0.00544	0.00272	0.00272	0.00054	0.00272	0.00218	0.00218	0.89338
19	0.01116	0.00924	0.02160	0.06388	0.10744	0.00987	0.10201	0.40904	0.15431	0.02578	0.04124	0.01060	0.00797	0.00429	0.00378	0.00115	0.00410	0.00369	0.00314	0.00573
20	0.00801	0.01393	0.45269	0.02366	0.28567	0.00828	0.05034	0.01127	0.00798	0.01176	0.00673	0.00830	0.00515	0.00333	0.00351	0.00109	0.00486	0.00293	0.00171	0.08881
21	0.89687	0.00710	0.00540	0.00483	0.00710	0.00824	0.00398	0.01080	0.00625	0.01648	0.00511	0.00597	0.00398	0.00341	0.00227	0.00114	0.00284	0.00199	0.00227	0.00398
22	0.00453	0.00373	0.00399	0.00392	0.00508	0.00318	0.00294	0.00564	0.00882	0.01100	0.21790	0.03358	0.66516	0.00890	0.00434	0.00122	0.00183	0.00750	0.00355	0.00318
23	0.00481	0.00345	0.00450	0.00521	0.00553	0.00328	0.00353	0.03303	0.00746	0.00997	0.04036	0.81879	0.02394	0.01117	0.00464	0.00147	0.00219	0.01011	0.00343	0.00310
24	0.00533	0.00359	0.00415	0.00415	0.00420	0.00364	0.00240	0.00543	0.00538	0.00723	0.01144	0.02331	0.01304	0.80769	0.08150	0.00374	0.00403	0.00524	0.00221	0.00230
25	0.00737	0.01900	0.85189	0.01047	0.01590	0.00853	0.01357	0.01163	0.00775	0.01163	0.00659	0.00775	0.00465	0.00349	0.00349	0.00116	0.00543	0.00271	0.00155	0.00543
26	0.00982	0.87313	0.01925	0.00628	0.00943	0.01453	0.00628	0.01100	0.00746	0.00864	0.00511	0.00589	0.00471	0.00314	0.00236	0.00079	0.00393	0.00196	0.00157	0.00471
27	0.00517	0.00359	0.00396	0.00396	0.00417	0.00348	0.00232	0.00533	0.00586	0.00760	0.01596	0.02597	0.15611	0.72330	0.01623	0.00316	0.00327	0.00575	0.00243	0.00238
28	0.00462	0.00330	0.00443	0.00528	0.00555	0.00311	0.00366	0.00536	0.00717	0.00954	0.02016	0.78609	0.02398	0.01137	0.00473	0.00151	0.00226	0.09146	0.00341	0.00302
29	0.00767	0.00657	0.00764	0.00551	0.00873	0.00504	0.00440	0.00960	0.03587	0.01208	0.00681	0.00782	0.00564	0.00280	0.00275	0.00057	0.00273	0.00224	0.00223	0.86330
30	0.00442	0.00370	0.00385	0.00386	0.00502	0.00313	0.00288	0.00541	0.00849	0.01032	0.10752	0.07337	0.73695	0.00925	0.00436	0.00124	0.00186	0.00778	0.00347	0.00313
31	0.00534	0.00356	0.00401	0.00401	0.00401	0.00356	0.00223	0.00534	0.00534	0.00712	0.01157	0.02403	0.01335	0.87092	0.01869	0.00356	0.00356	0.00534	0.00223	0.00223
32	0.00959	0.00709	0.01142	0.45325	0.04941	0.00784	0.09405	0.02127	0.10094	0.19407	0.00933	0.01079	0.00663	0.00394	0.00375	0.00120	0.00439	0.00357	0.00255	0.00492
33	0.01204	0.17759	0.04159	0.01021	0.12598	0.14839	0.01681	0.37502	0.02159	0.01582	0.00734	0.00802	0.00568	0.00387	0.00335	0.00102	0.00451	0.00289	0.01281	0.00549
34	0.00817	0.00687	0.00810	0.00595	0.00895	0.00576	0.00480	0.06098	0.00812	0.02481	0.00667	0.00779	0.00550	0.00312	0.00346	0.00066	0.06450	0.00234	0.00226	0.76117
35	0.02293	0.23384	0.08664	0.07314	0.17537	0.01002	0.13767	0.06919	0.01681	0.03045	0.04042	0.01013	0.04125	0.00390	0.00372	0.00108	0.03297	0.00336	0.00209	0.00498
36	0.00664	0.00455	0.00605	0.00604	0.00694	0.00448	0.03564	0.05842	0.08044	0.08269	0.01811	0.63604	0.02004	0.00959	0.00445	0.00141	0.00255	0.00865	0.00349	0.00378
37	0.00544	0.00355	0.00397	0.00397	0.00402	0.00355	0.00225	0.00554	0.00549	0.00753	0.01160	0.02339	0.01311	0.81678	0.01769	0.00339	0.00345	0.00522	0.05777	0.00230
38	0.07239	0.01106	0.02371	0.05447	0.16086	0.20113	0.33272	0.03438	0.04065	0.01179	0.00702	0.00881	0.00549	0.00349	0.00386	0.00114	0.01673	0.00342	0.00199	0.00490
39	0.06457	0.00825	0.01281	0.01768	0.58372	0.01618	0.02992	0.04180	0.07131	0.02918	0.04019	0.03205	0.00810	0.00401	0.00366	0.00114	0.00401	0.02367	0.00228	0.00547
40	0.00462	0.00330	0.00442	0.00527	0.00555	0.00310	0.00365	0.00536	0.00717	0.00953	0.02017	0.78805	0.02398	0.01137	0.00473	0.00151	0.00225	0.08954	0.00341	0.00302
41	0.00550	0.00392	0.00456	0.00435	0.00551	0.00345	0.00328	0.00687	0.01899	0.06437	0.35172	0.06498	0.43241	0.00834	0.00430	0.00121	0.00191	0.00713	0.00373	0.00347
42	0.00922	0.32236	0.09335	0.12261	0.16137	0.06069	0.05988	0.01174	0.06072	0.03001	0.03096	0.00870	0.00636	0.00358	0.00322	0.00102	0.00443	0.00292	0.00193	0.00495
43	0.05432	0.00631	0.00823	0.00643	0.00910	0.00571	0.00528	0.04118	0.03868	0.70988	0.06473	0.01306	0.01042	0.00469	0.00367	0.00114	0.00305	0.00380	0.00436	0.00597
44	0.00524	0.00356	0.00410	0.00422	0.00433	0.00351	0.00252	0.00541	0.00575	0.00761	0.01372	0.11173	0.04529	0.71575	0.01617	0.00319	0.00334	0.03973	0.00244	0.00238
45	0.00979	0.00875	0.02553	0.02664	0.61572	0.03919	0.05708	0.01198	0.01756	0.09888	0.01691	0.01887	0.00702	0.00375	0.00373	0.00112	0.00435	0.02531	0.00220	0.00562
46	0.00653	0.04148	0.04006	0.00711	0.05977	0.02223	0.01486	0.07490	0.01669	0.01911	0.01877	0.37906	0.14644	0.00869	0.00460	0.00136	0.03443	0.09703	0.00308	0.00380
47	0.00795	0.00795	0.01147	0.03084	0.01029	0.01091	0.03824	0.00889	0.00579	0.00895	0.00510	0.00833	0.00498	0.00685	0.03585	0.00171	0.78696	0.00328	0.00163	0.00403
48	0.00459	0.00349	0.00412	0.00444	0.00510	0.00314	0.00309	0.00542	0.00782	0.01007	0.13048	0.37834	0.33399	0.08168	0.00568	0.00153	0.00210	0.00852	0.00339	0.00303
49	0.17355	0.03444	0.39037	0.01064	0.06551	0.04569	0.15299	0.02237	0.00801	0.04212	0.00711	0.00833	0.01598	0.00352	0.00340	0.00115	0.00488	0.00297	0.00193	0.00504
50	0.03981	0.10102	0.39321	0.01057	0.08080	0.00920	0.08464	0.07497	0.05167	0.08170	0.00784	0.01720	0.00584	0.00377	0.00365	0.00113	0.02231	0.00309	0.00217	0.00539

[dist]
# distance from previous block
# <min> <max>
1	7

[block]
# block no. 1 follows, 75 sequences, length 113
# corresponding to MSA columns:
# 98-210
name=unknown_B
#
# <colnr> <probs for GDERKNQSTAVLIFYWHMCP>
#	G	D	E	R	K	N	Q	S	T	A	V	L	I	F	Y	W	H	M	C	P
0	0.00918	0.00932	0.05302	0.02060	0.72371	0.01967	0.02219	0.03052	0.05321	0.01237	0.00736	0.00925	0.00605	0.00340	0.00364	0.00110	0.00438	0.00330	0.00195	0.00578
1	0.00475	0.00385	0.00426	0.00407	0.00529	0.00329	0.00307	0.00596	0.00896	0.01149	0.28522	0.03170	0.55967	0.00846	0.00427	0.00118	0.00186	0.00717	0.00355	0.04193
2	0.00987	0.86100	0.01912	0.00633	0.00945	0.02647	0.00630	0.01105	0.00750	0.00865	0.00511	0.00590	0.00471	0.00315	0.00237	0.00079	0.00397	0.00197	0.00158	0.00471
3	0.00525	0.00390	0.00571	0.00568	0.00633	0.00442	0.00436	0.00655	0.00640	0.00918	0.10633	0.01633	0.01229	0.06015	0.72345	0.00526	0.00864	0.00431	0.00222	0.00326
4	0.00459	0.00372	0.00408	0.00402	0.00512	0.00320	0.00300	0.00575	0.00893	0.01131	0.27279	0.05570	0.58723	0.00884	0.00435	0.00122	0.00183	0.00750	0.00360	0.00320
5	0.00501	0.00375	0.00464	0.00442	0.00537	0.00338	0.00331	0.00656	0.00994	0.01365	0.66397	0.02922	0.21744	0.00791	0.00433	0.00117	0.00176	0.00689	0.00390	0.00338
6	0.79536	0.00697	0.00570	0.00500	0.00730	0.00788	0.00411	0.01144	0.00674	0.09953	0.01908	0.00695	0.00496	0.00359	0.00245	0.00114	0.00285	0.00223	0.00253	0.00420
7	0.00449	0.00325	0.00426	0.00505	0.00534	0.00301	0.00341	0.00517	0.00715	0.00944	0.02133	0.79911	0.07785	0.01134	0.00467	0.00148	0.00214	0.02510	0.00341	0.00300
8	0.00760	0.10019	0.77274	0.01007	0.01528	0.00910	0.01288	0.01157	0.00773	0.01135	0.00645	0.00758	0.00466	0.00346	0.00338	0.00113	0.00529	0.00264	0.00155	0.00536
9	0.01482	0.00890	0.01017	0.00779	0.01070	0.00934	0.00644	0.55542	0.01495	0.30676	0.01076	0.01008	0.00722	0.00446	0.00368	0.00111	0.00373	0.00344	0.00397	0.00625
10	0.00704	0.00664	0.01121	0.82007	0.06648	0.00819	0.01025	0.00948	0.00739	0.00951	0.00655	0.00976	0.00494	0.00365	0.00367	0.00122	0.00487	0.00326	0.00164	0.00417
11	0.89687	0.00710	0.00540	0.00483	0.00710	0.00824	0.00398	0.01080	0.00625	0.01648	0.00511	0.00597	0.00398	0.00341	0.00227	0.00114	0.00284	0.00199	0.00227	0.00398
12	0.00534	0.00356	0.00401	0.00401	0.00401	0.00356	0.00223	0.00534	0.00534	0.00712	0.01157	0.02403	0.01335	0.87092	0.01869	0.00356	0.00356	0.00534	0.00223	0.00223
13	0.00447	0.00320	0.00426	0.00511	0.00533	0.00298	0.00341	0.00511	0.00703	0.00938	0.02024	0.86853	0.02429	0.01151	0.00469	0.00149	0.00213	0.01044	0.00341	0.00298
14	0.00529	0.00357	0.00399	0.00399	0.00405	0.00354	0.00225	0.00534	0.00549	0.00726	0.01286	0.02460	0.05506	0.82779	0.01798	0.00344	0.00348	0.00546	0.00228	0.00227
15	0.83035	0.00704	0.00563	0.00496	0.00727	0.00802	0.00408	0.01133	0.00657	0.07950	0.00582	0.00646	0.00436	0.00350	0.00238	0.00114	0.00286	0.00212	0.00244	0.00415
16	0.00746	0.00636	0.00745	0.00542	0.00853	0.00480	0.00430	0.00904	0.00759	0.01184	0.00721	0.05072	0.00638	0.00316	0.00282	0.00059	0.00269	0.00259	0.00224	0.84880
17	0.01205	0.00795	0.00890	0.00740	0.00985	0.00861	0.00593	0.19956	0.43649	0.23070	0.01344	0.01231	0.00955	0.00474	0.00370	0.00118	0.00320	0.00384	0.01461	0.00599
18	0.00457	0.00331	0.00432	0.00496	0.00533	0.00306	0.00338	0.00539	0.00761	0.01020	0.14341	0.69317	0.07613	0.01078	0.00461	0.00143	0.00206	0.00971	0.00350	0.00306
19	0.01648	0.00625	0.00852	0.00653	0.00938	0.00540	0.00540	0.01790	0.01051	0.85056	0.01449	0.01250	0.00909	0.00455	0.00369	0.00114	0.00313	0.00369	0.00455	0.00625
20	0.00450	0.00321	0.00429	0.00514	0.00536	0.00300	0.00345	0.00515	0.00705	0.00940	0.02023	0.85659	0.02425	0.01149	0.00469	0.00149	0.00215	0.02217	0.00341	0.00299
21	0.01418	0.00879	0.15252	0.02512	0.01146	0.00645	0.05551	0.04876	0.01014	0.60925	0.01235	0.01134	0.00793	0.00426	0.00370	0.00115	0.00377	0.00354	0.00379	0.00599
22	0.00465	0.00352	0.00434	0.00490	0.00554	0.00320	0.00357	0.00554	0.00770	0.00985	0.03676	0.47643	0.28294	0.01056	0.00463	0.00144	0.00222	0.12569	0.00341	0.00308
23	0.50765	0.16804	0.00922	0.00629	0.00862	0.22745	0.00520	0.01183	0.00754	0.01312	0.00526	0.00612	0.00431	0.00346	0.00256	0.00102	0.00401	0.00208	0.00205	0.00418
24	0.01315	0.00547	0.00728	0.00586	0.00811	0.00479	0.00473	0.01459	0.01013	0.60030	0.15143	0.03803	0.05423	0.00542	0.00379	0.00114	0.00272	0.00453	0.05892	0.00539
25	0.79513	0.00701	0.00574	0.00500	0.00735	0.00790	0.00411	0.01139	0.00667	0.09119	0.00599	0.00659	0.00447	0.00349	0.00241	0.00112	0.00286	0.00215	0.00247	0.02694
26	0.00534	0.00356	0.00401	0.00401	0.00401	0.00356	0.00223	0.00534	0.00534	0.00712	0.01157	0.02403	0.01335	0.87092	0.01869	0.00356	0.00356	0.00534	0.00223	0.00223
27	0.00529	0.00380	0.00479	0.00451	0.00548	0.00345	0.00340	0.00688	0.01007	0.03087	0.69837	0.02841	0.16550	0.00774	0.00432	0.00117	0.00178	0.00676	0.00395	0.00346
28	0.00762	0.00653	0.00762	0.00544	0.00870	0.00490	0.00435	0.00925	0.00762	0.01197	0.00653	0.00762	0.00544	0.00272	0.00272	0.00054	0.00272	0.00218	0.00218	0.89338
29	0.00504	0.00375	0.00469	0.00446	0.00539	0.00340	0.00334	0.00663	0.01003	0.01385	0.69885	0.02887	0.18242	0.00783	0.00433	0.00117	0.00176	0.00684	0.00393	0.00340
30	0.00694	0.00653	0.01102	0.86210	0.02530	0.00816	0.01020	0.00938	0.00734	0.00938	0.00653	0.00979	0.00490	0.00367	0.00367	0.00122	0.00490	0.00326	0.00163	0.00408
31	0.00909	0.00873	0.01491	0.02254	0.84801	0.00873	0.01127	0.01127	0.00836	0.01200	0.00691	0.00909	0.00582	0.00327	0.00364	0.00109	0.00436	0.00327	0.00182	0.00582
32	0.01080	0.00850	0.08377	0.00985	0.05703	0.00689	0.22001	0.01297	0.00885	0.28414	0.02170	0.01019	0.00702	0.00370	0.00390	0.00104	0.03241	0.00343	0.00280	0.21100
33	0.89687	0.00710	0.00540	0.00483	0.00710	0.00824	0.00398	0.01080	0.00625	0.01648	0.00511	0.00597	0.00398	0.00341	0.00227	0.00114	0.00284	0.00199	0.00227	0.00398
34	0.00905	0.00869	0.01484	0.03787	0.83300	0.00872	0.01125	0.01124	0.00834	0.01195	0.00690	0.00910	0.00580	0.00328	0.00364	0.00109	0.00437	0.00327	0.00181	0.00579
35	0.00462	0.00338	0.00467	0.00535	0.00567	0.00316	0.02007	0.00537	0.00721	0.00964	0.04719	0.80209	0.02418	0.01117	0.00468	0.00148	0.00223	0.03139	0.00340	0.00305
36	0.00785	0.00652	0.00764	0.00547	0.00872	0.00491	0.00438	0.00947	0.00769	0.03387	0.00674	0.00774	0.00554	0.00277	0.00275	0.00056	0.00273	0.00222	0.00224	0.87020
37	0.88185	0.00716	0.00549	0.00489	0.00718	0.00829	0.00403	0.02483	0.00644	0.01659	0.00518	0.00601	0.00402	0.00343	0.00230	0.00114	0.00286	0.00201	0.00230	0.00402
38	0.00821	0.05436	0.38358	0.01171	0.18691	0.02511	0.03063	0.02284	0.03886	0.01188	0.00692	0.00818	0.00535	0.00333	0.00334	0.00100	0.00451	0.00278	0.00186	0.18865
39	0.00670	0.00489	0.00560	0.00562	0.02548	0.00513	0.00407	0.01075	0.25167	0.01350	0.20346	0.16898	0.04180	0.00662	0.00376	0.00117	0.00220	0.00573	0.22877	0.00410
40	0.00642	0.00404	0.00533	0.00509	0.00600	0.00391	0.00380	0.00767	0.00849	0.10931	0.33593	0.13177	0.08618	0.09315	0.15235	0.00226	0.01376	0.01759	0.00340	0.00356
41	0.00975	0.00984	0.07117	0.07996	0.20425	0.01890	0.21222	0.20000	0.04160	0.01408	0.00757	0.00929	0.00584	0.00391	0.00458	0.00119	0.08497	0.00352	0.01203	0.00533
42	0.01419	0.00588	0.00788	0.00624	0.00870	0.00522	0.00508	0.01604	0.04592	0.66828	0.16042	0.01517	0.01367	0.00508	0.00381	0.00114	0.00287	0.00423	0.00442	0.00574
43	0.03343	0.03684	0.24262	0.03078	0.07849	0.00807	0.00811	0.07528	0.22438	0.03531	0.11382	0.01233	0.01838	0.00447	0.00358	0.00113	0.00371	0.00369	0.01587	0.04970
44	0.00563	0.00403	0.00545	0.00536	0.00591	0.00449	0.00392	0.03502	0.00619	0.00878	0.01038	0.01703	0.01031	0.27370	0.55475	0.00489	0.00755	0.00431	0.02925	0.00308
45	0.00811	0.00952	0.14932	0.01128	0.10503	0.00786	0.23531	0.03145	0.17949	0.02534	0.13863	0.01455	0.03313	0.00467	0.00400	0.00121	0.00422	0.02917	0.00269	0.00503
46	0.00898	0.00857	0.01460	0.02200	0.81887	0.00857	0.01109	0.01114	0.00837	0.01196	0.00734	0.01021	0.00635	0.00351	0.00369	0.00111	0.00433	0.03171	0.00187	0.00573
47	0.00737	0.01900	0.85189	0.01047	0.01590	0.00853	0.01357	0.01163	0.00775	0.01163	0.00659	0.00775	0.00465	0.00349	0.00349	0.00116	0.00543	0.00271	0.00155	0.00543
48	0.00525	0.00394	0.00590	0.00590	0.00656	0.00459	0.00459	0.00656	0.00590	0.00853	0.00984	0.01443	0.00918	0.02755	0.85637	0.00590	0.00984	0.00394	0.00197	0.00328
49	0.86052	0.00731	0.01776	0.00498	0.00732	0.00825	0.00418	0.02236	0.00648	0.02713	0.00531	0.00612	0.00408	0.00344	0.00233	0.00114	0.00290	0.00204	0.00231	0.00406
50	0.01067	0.03551	0.26639	0.01043	0.08074	0.01004	0.05407	0.36762	0.09895	0.01694	0.00845	0.00901	0.00617	0.00399	0.00362	0.00113	0.00448	0.00323	0.00273	0.00581
51	0.01011	0.80141	0.03381	0.00648	0.00961	0.04333	0.00642	0.01135	0.00766	0.03441	0.00544	0.00615	0.00485	0.00321	0.00245	0.00081	0.00402	0.00204	0.00167	0.00476
52	0.00642	0.02748	0.03091	0.00745	0.12027	0.00509	0.00501	0.00877	0.07609	0.03382	0.45439	0.03915	0.09534	0.05328	0.01937	0.00137	0.00263	0.00574	0.00340	0.00402
53	0.00536	0.00357	0.00406	0.00406	0.00409	0.00359	0.00230	0.00542	0.00539	0.00725	0.01152	0.02360	0.01317	0.83326	0.04404	0.00359	0.00373	0.00527	0.01445	0.00227
54	0.00753	0.07940	0.70361	0.01022	0.01518	0.00879	0.06341	0.01139	0.00790	0.01156	0.04305	0.00861	0.00602	0.00361	0.00350	0.00114	0.00521	0.00293	0.00168	0.00526
55	0.00492	0.00383	0.00458	0.00498	0.00594	0.00348	0.00398	0.00609	0.00825	0.01028	0.03899	0.14832	0.43812	0.00987	0.00464	0.00143	0.00243	0.29327	0.00341	0.00319
56	0.00867	0.00991	0.02167	0.01548	0.01920	0.00929	0.83467	0.01176	0.00867	0.01176	0.00743	0.00991	0.00557	0.00310	0.00433	0.00124	0.00619	0.00433	0.00186	0.00495
57	0.00868	0.02496	0.06448	0.01248	0.27189	0.00690	0.12483	0.02320	0.02705	0.12031	0.12404	0.07765	0.08694	0.00519	0.00394	0.00117	0.00374	0.00482	0.00278	0.00494
58	0.10779	0.39388	0.32105	0.00792	0.01166	0.06830	0.00877	0.01142	0.00760	0.01063	0.00568	0.00666	0.00461	0.00339	0.00298	0.00099	0.01786	0.00229	0.00166	0.00485
59	0.01237	0.01950	0.00811	0.00635	0.00862	0.00644	0.00516	0.21930	0.01195	0.37546	0.20862	0.01551	0.03129	0.00527	0.00378	0.00112	0.00294	0.00433	0.04854	0.00537
60	0.00451	0.00373	0.00396	0.00408	0.00521	0.00320	0.00310	0.00548	0.00826	0.00995	0.03423	0.08348	0.71175	0.02221	0.00464	0.00133	0.00204	0.08235	0.00339	0.00311
61	0.00826	0.00714	0.02594	0.00728	0.08854	0.01792	0.00529	0.00998	0.00787	0.05176	0.00693	0.00798	0.00562	0.00289	0.00288	0.00064	0.00301	0.00237	0.00224	0.73548
62	0.00958	0.01201	0.34329	0.01236	0.22664	0.00758	0.03831	0.01254	0.02105	0.17277	0.03259	0.00973	0.00686	0.00370	0.00356	0.00109	0.00438	0.00319	0.00236	0.07641
63	0.72257	0.07445	0.00717	0.00577	0.02470	0.08115	0.00463	0.01112	0.00673	0.01504	0.00519	0.00611	0.00415	0.00346	0.00254	0.00110	0.01579	0.00206	0.00217	0.00410
64	0.01418	0.00910	0.01132	0.00857	0.01156	0.00948	0.08521	0.52360	0.01452	0.25863	0.01031	0.00997	0.00700	0.00432	0.00374	0.00112	0.00398	0.00351	0.00375	0.00612
65	0.01206	0.01425	0.01126	0.03881	0.20024	0.55394	0.00802	0.02361	0.08355	0.01041	0.00684	0.00793	0.00557	0.00378	0.00344	0.00102	0.00570	0.00277	0.00205	0.00476
66	0.00517	0.00375	0.00482	0.00455	0.00544	0.00344	0.00341	0.00686	0.01024	0.01444	0.78793	0.02768	0.08029	0.00756	0.00431	0.00116	0.00174	0.00666	0.01710	0.00344
67	0.00479	0.00364	0.00441	0.00442	0.00529	0.00326	0.00324	0.00607	0.00914	0.01223	0.43841	0.18147	0.29266	0.00880	0.00440	0.00124	0.00185	0.00768	0.00373	0.00326
68	0.00454	0.00371	0.00400	0.00396	0.00509	0.00318	0.00296	0.00564	0.00878	0.01098	0.21792	0.05901	0.63952	0.00897	0.00435	0.00123	0.00184	0.00758	0.00355	0.00318
69	0.00518	0.00379	0.00489	0.00480	0.00567	0.00350	0.00368	0.00679	0.00988	0.01369	0.65090	0.05889	0.10665	0.00811	0.00443	0.00123	0.00194	0.09869	0.00389	0.00341
70	0.00982	0.87313	0.01925	0.00628	0.00943	0.01453	0.00628	0.01100	0.00746	0.00864	0.00511	0.00589	0.00471	0.00314	0.00236	0.00079	0.00393	0.00196	0.00157	0.00471
71	0.00982	0.87313	0.01925	0.00628	0.00943	0.01453	0.00628	0.01100	0.00746	0.00864	0.00511	0.00589	0.00471	0.00314	0.00236	0.00079	0.00393	0.00196	0.00157	0.00471
72	0.00441	0.00372	0.00382	0.00379	0.00500	0.00313	0.00284	0.00540	0.00853	0.01031	0.10239	0.03471	0.78110	0.00916	0.00434	0.00123	0.00185	0.00766	0.00346	0.00313
73	0.00441	0.00346	0.00399	0.00441	0.00514	0.00304	0.00310	0.00519	0.00771	0.00965	0.02885	0.44591	0.44136	0.01039	0.00451	0.00136	0.00199	0.00908	0.00341	0.00304
74	0.01648	0.00625	0.00852	0.00653	0.00938	0.00540	0.00540	0.01790	0.01051	0.85056	0.01449	0.01250	0.00909	0.00455	0.00369	0.00114	0.00313	0.00369	0.00455	0.00625
75	0.00914	0.00789	0.00830	0.00747	0.00955	0.00914	0.00581	0.01952	0.84138	0.01536	0.01495	0.01370	0.01121	0.00498	0.00374	0.00125	0.00291	0.00415	0.00374	0.00581
76	0.89687	0.00710	0.00540	0.00483	0.00710	0.00824	0.00398	0.01080	0.00625	0.01648	0.00511	0.00597	0.00398	0.00341	0.00227	0.00114	0.00284	0.00199	0.00227	0.00398
77	0.89687	0.00710	0.00540	0.00483	0.00710	0.00824	0.00398	0.01080	0.00625	0.01648	0.00511	0.00597	0.00398	0.00341	0.00227	0.00114	0.00284	0.00199	0.00227	0.00398
78	0.01379	0.01020	0.01093	0.00842	0.01133	0.01131	0.00694	0.80746	0.04584	0.02288	0.00903	0.00899	0.00642	0.00443	0.00368	0.00111	0.00400	0.00334	0.00368	0.00623
79	0.01648	0.00625	0.00852	0.00653	0.00938	0.00540	0.00540	0.01790	0.01051	0.85056	0.01449	0.01250	0.00909	0.00455	0.00369	0.00114	0.00313	0.00369	0.00455	0.00625
80	0.08028	0.00659	0.00873	0.03889	0.16245	0.00690	0.00624	0.11091	0.05563	0.16407	0.06637	0.08550	0.01096	0.05822	0.07239	0.00170	0.03110	0.01298	0.01527	0.00481
81	0.12309	0.00656	0.00821	0.00639	0.00914	0.00608	0.00528	0.06763	0.01037	0.68408	0.01296	0.01150	0.00830	0.00439	0.00350	0.00113	0.00312	0.00346	0.01888	0.00593
82	0.03136	0.00626	0.00847	0.00651	0.00934	0.00545	0.00537	0.01778	0.01044	0.83646	0.01433	0.01239	0.00901	0.00453	0.00367	0.00114	0.00312	0.00366	0.00451	0.00621
83	0.75678	0.00712	0.02721	0.00508	0.00727	0.00786	0.00425	0.01073	0.03182	0.02541	0.00642	0.00770	0.01620	0.03463	0.03821	0.00142	0.00321	0.00237	0.00233	0.00400
84	0.00896	0.16778	0.41615	0.01070	0.05605	0.06645	0.11960	0.06500	0.03450	0.01182	0.00680	0.00795	0.00515	0.00349	0.00342	0.00109	0.00512	0.00288	0.00184	0.00524
85	0.00451	0.00322	0.00429	0.00509	0.00534	0.00301	0.00341	0.00520	0.00720	0.00964	0.06159	0.82642	0.02481	0.01131	0.00467	0.00147	0.00211	0.01025	0.00344	0.00301
86	0.00607	0.00392	0.00499	0.00469	0.00572	0.00355	0.00351	0.00755	0.00975	0.08927	0.57067	0.09416	0.14100	0.02072	0.00449	0.00122	0.00194	0.00676	0.01639	0.00361
87	0.00867	0.02354	0.24245	0.03161	0.21236	0.03244	0.13985	0.02880	0.04974	0.06594	0.00948	0.09626	0.00820	0.00455	0.00384	0.00120	0.00460	0.02906	0.00226	0.00515
88	0.00942	0.00900	0.02675	0.04867	0.43692	0.03781	0.22561	0.03674	0.00882	0.06468	0.00823	0.04675	0.00684	0.00380	0.00387	0.00116	0.00476	0.01268	0.00213	0.00536
89	0.00753	0.00468	0.00557	0.00532	0.00644	0.01449	0.00396	0.06929	0.05044	0.12055	0.18482	0.31909	0.05072	0.00775	0.00403	0.00123	0.00234	0.00677	0.13103	0.00396
90	0.58956	0.00928	0.02547	0.00845	0.12297	0.14007	0.03446	0.01151	0.00730	0.01444	0.00556	0.00667	0.00441	0.00344	0.00272	0.00110	0.00381	0.00232	0.00212	0.00434
91	0.23761	0.00638	0.00737	0.00592	0.00840	0.00622	0.00485	0.05907	0.00962	0.50191	0.05329	0.01147	0.00895	0.00438	0.00330	0.00112	0.00295	0.00337	0.05844	0.00536
92	0.01113	0.07158	0.12628	0.01120	0.14845	0.45786	0.01662	0.01316	0.04316	0.01020	0.00771	0.00870	0.03918	0.00389	0.00339	0.00101	0.00550	0.00286	0.01338	0.00472
93	0.00472	0.00384	0.00421	0.00422	0.00530	0.00341	0.00312	0.00616	0.04283	0.01103	0.19381	0.13368	0.55258	0.00904	0.00436	0.00125	0.00191	0.00771	0.00355	0.00327
94	0.00462	0.00337	0.00435	0.00487	0.00533	0.00310	0.00336	0.00553	0.00790	0.01061	0.20363	0.60277	0.10616	0.01041	0.00458	0.00139	0.00202	0.00934	0.00355	0.00310
95	0.03551	0.01862	0.82511	0.01029	0.01562	0.00852	0.01327	0.01160	0.00771	0.01178	0.00654	0.00770	0.00463	0.00349	0.00345	0.00116	0.00535	0.00269	0.00157	0.00538
96	0.00529	0.00372	0.00481	0.00481	0.00511	0.00400	0.00325	0.00586	0.00562	0.00776	0.01118	0.02007	0.02282	0.49808	0.37727	0.00453	0.00623	0.00477	0.00213	0.00269
97	0.00887	0.13891	0.01989	0.00649	0.00823	0.08635	0.05492	0.03721	0.00870	0.13505	0.05012	0.24289	0.05174	0.00650	0.00372	0.00116	0.00328	0.02851	0.10325	0.00420
98	0.00534	0.00356	0.00401	0.00401	0.00401	0.00356	0.00223	0.00534	0.00534	0.00712	0.01157	0.02403	0.01335	0.87092	0.01869	0.00356	0.00356	0.00534	0.00223	0.00223
99	0.00508	0.00368	0.00470	0.00458	0.00533	0.00340	0.00333	0.00652	0.00954	0.01330	0.64594	0.12050	0.08093	0.07036	0.00541	0.00137	0.00192	0.00703	0.00380	0.00330
100	0.00573	0.00409	0.00570	0.00655	0.00731	0.00406	0.00559	0.00728	0.00827	0.01078	0.01955	0.14960	0.02155	0.01032	0.00502	0.00166	0.00322	0.71698	0.00339	0.00333
101	0.00737	0.01900	0.85189	0.01047	0.01590	0.00853	0.01357	0.01163	0.00775	0.01163	0.00659	0.00775	0.00465	0.00349	0.00349	0.00116	0.00543	0.00271	0.00155	0.00543
102	0.00447	0.00322	0.00423	0.00504	0.00531	0.00299	0.00338	0.00512	0.00710	0.00940	0.02109	0.82682	0.06545	0.01140	0.00467	0.00148	0.00212	0.01031	0.00341	0.00299
103	0.00956	0.70030	0.04066	0.00647	0.00937	0.04234	0.00627	0.03894	0.01715	0.00964	0.04814	0.04357	0.00716	0.00381	0.00268	0.00087	0.00387	0.00266	0.00188	0.00465
104	0.00544	0.00433	0.04645	0.00433	0.00460	0.00381	0.00279	0.00566	0.00546	0.00735	0.01132	0.02322	0.01292	0.82750	0.01793	0.00344	0.00365	0.00521	0.00219	0.00239
105	0.00447	0.00320	0.00426	0.00511	0.00533	0.00298	0.00341	0.00511	0.00703	0.00938	0.02024	0.86853	0.02429	0.01151	0.00469	0.00149	0.00213	0.01044	0.00341	0.00298
106	0.05368	0.00906	0.01400	0.04059	0.68703	0.05575	0.02206	0.01128	0.00822	0.01184	0.00665	0.00877	0.00559	0.00347	0.00397	0.00112	0.04643	0.00317	0.00183	0.00550
107	0.89687	0.00710	0.00540	0.00483	0.00710	0.00824	0.00398	0.01080	0.00625	0.01648	0.00511	0.00597	0.00398	0.00341	0.00227	0.00114	0.00284	0.00199	0.00227	0.00398
108	0.00795	0.00675	0.01093	0.68369	0.08067	0.00805	0.00963	0.01081	0.06145	0.07338	0.00770	0.01020	0.00568	0.00379	0.00368	0.00121	0.00460	0.00335	0.00200	0.00448
109	0.00907	0.38101	0.31158	0.00899	0.05387	0.03504	0.02117	0.05398	0.00818	0.01964	0.00652	0.03342	0.00549	0.00374	0.00337	0.00102	0.03436	0.00273	0.00179	0.00503
110	0.00856	0.00812	0.01334	0.17062	0.55829	0.02000	0.03660	0.02736	0.03203	0.01200	0.07059	0.01072	0.00797	0.00374	0.00372	0.00113	0.00430	0.00357	0.00205	0.00529
111	0.00447	0.00320	0.00426	0.00511	0.00533	0.00298	0.00341	0.00511	0.00703	0.00938	0.02024	0.86853	0.02429	0.01151	0.00469	0.00149	0.00213	0.01044	0.00341	0.00298
112	0.15288	0.10768	0.01417	0.01052	0.06571	0.09698	0.27798	0.05100	0.02515	0.02324	0.00679	0.00825	0.00536	0.00343	0.00359	0.00105	0.02882	0.00308	0.01678	0.09752

[dist]
# distance from previous block
# <min> <max>
0	1

[block]
# block no. 2 follows, 75 sequences, length 9
# corresponding to MSA columns:
# 212-220
name=unknown_C
#
# <colnr> <probs for GDERKNQSTAVLIFYWHMCP>
#	G	D	E	R	K	N	Q	S	T	A	V	L	I	F	Y	W	H	M	C	P
0	0.01492	0.00697	0.00920	0.00782	0.06125	0.00660	0.00599	0.15958	0.01129	0.60445	0.01276	0.01176	0.00840	0.00581	0.05430	0.00141	0.00376	0.00361	0.00407	0.00605
1	0.03618	0.04339	0.05815	0.00575	0.00911	0.00562	0.00497	0.00951	0.00757	0.01195	0.00643	0.00750	0.00532	0.00281	0.00274	0.00061	0.00293	0.00219	0.00212	0.77516
2	0.00715	0.00521	0.00623	0.02114	0.00721	0.00533	0.00436	0.08076	0.16403	0.04861	0.51269	0.04078	0.04891	0.00666	0.00410	0.00117	0.00227	0.00576	0.02338	0.00424
3	0.00532	0.00364	0.00440	0.00440	0.00454	0.00378	0.00272	0.00560	0.00546	0.00742	0.01121	0.02202	0.01248	0.69373	0.19469	0.00405	0.00488	0.00505	0.00217	0.00245
4	0.00969	0.00817	0.00862	0.00759	0.00976	0.00940	0.00595	0.11368	0.74630	0.01626	0.01424	0.01314	0.01064	0.00492	0.00373	0.00123	0.00304	0.00405	0.00373	0.00586
5	0.00446	0.00324	0.00422	0.00500	0.00530	0.00299	0.00336	0.00513	0.00714	0.00942	0.02159	0.80258	0.08938	0.01133	0.00466	0.00147	0.00211	0.01023	0.00341	0.00299
6	0.00456	0.00326	0.00421	0.00494	0.00517	0.00305	0.00326	0.00514	0.00691	0.00916	0.02006	0.74423	0.05833	0.10162	0.00614	0.00170	0.00227	0.00979	0.00329	0.00291
7	0.13082	0.00970	0.01042	0.02292	0.08008	0.09416	0.03137	0.37385	0.04691	0.08353	0.02540	0.00912	0.00665	0.00428	0.00397	0.00114	0.05404	0.00319	0.00303	0.00543
8	0.61717	0.06637	0.02886	0.05458	0.00899	0.00865	0.00505	0.04292	0.05566	0.07319	0.00659	0.00723	0.00496	0.00362	0.00263	0.00112	0.00317	0.00237	0.00246	0.00442

[dist]
# distance from previous block
# <min> <max>
0	10

# created by:
# /st0/software/busco_prod/Augustus/scripts/msa2prfl.pl ./align_prep/28442.fa
