[name]
unknown

[dist]
# distance from previous block
# <min> <max>
0	23

[block]
# block no. 0 follows, 74 sequences, length 19
# corresponding to MSA columns:
# 23-41
name=unknown_A
#
# <colnr> <probs for GDERKNQSTAVLIFYWHMCP>
#	G	D	E	R	K	N	Q	S	T	A	V	L	I	F	Y	W	H	M	C	P
0	0.02800	0.39908	0.02888	0.00794	0.02884	0.06483	0.03170	0.26617	0.01105	0.06616	0.00748	0.00855	0.00601	0.00391	0.00312	0.00098	0.00419	0.02527	0.00253	0.00530
1	0.00609	0.00486	0.00686	0.00650	0.00706	0.00590	0.00507	0.03606	0.00627	0.00905	0.00923	0.01427	0.00886	0.10775	0.60001	0.00483	0.15190	0.00397	0.00201	0.00344
2	0.00888	0.00967	0.01996	0.01768	0.25466	0.00923	0.59922	0.01175	0.00867	0.01196	0.00736	0.00978	0.00570	0.00318	0.00418	0.00121	0.00573	0.00408	0.00187	0.00525
3	0.01030	0.00853	0.03034	0.04527	0.35489	0.02274	0.09966	0.09002	0.08475	0.13396	0.01005	0.07532	0.00821	0.00440	0.00385	0.00118	0.00418	0.00409	0.00270	0.00557
4	0.01055	0.08426	0.01143	0.12651	0.08212	0.29013	0.05189	0.09660	0.06655	0.02110	0.03897	0.01114	0.06469	0.00436	0.00356	0.00107	0.00483	0.00345	0.02208	0.00469
5	0.00530	0.00357	0.00410	0.00418	0.00423	0.00354	0.00241	0.00542	0.00572	0.00765	0.03658	0.11042	0.01524	0.75714	0.01703	0.00332	0.00340	0.00596	0.00242	0.00236
6	0.00449	0.00334	0.00419	0.00488	0.00531	0.00304	0.00332	0.00520	0.00739	0.00959	0.02399	0.69599	0.19341	0.01117	0.00467	0.00146	0.00210	0.00999	0.00345	0.00304
7	0.02773	0.46003	0.15528	0.00968	0.04379	0.03144	0.18335	0.01163	0.00800	0.02885	0.00620	0.00741	0.00506	0.00328	0.00309	0.00098	0.00474	0.00272	0.00174	0.00498
8	0.00724	0.10148	0.00717	0.00584	0.00687	0.00544	0.00440	0.04937	0.02355	0.10822	0.01684	0.58162	0.01868	0.00920	0.00455	0.00137	0.03292	0.00806	0.00333	0.00385
9	0.01639	0.00673	0.00887	0.00680	0.00968	0.00607	0.00562	0.10138	0.01132	0.76470	0.01406	0.01225	0.00889	0.00458	0.00373	0.00115	0.00325	0.00369	0.00450	0.00632
10	0.00495	0.00369	0.00475	0.00517	0.00577	0.00357	0.00372	0.00630	0.03900	0.01061	0.15006	0.46866	0.12868	0.01205	0.09139	0.00188	0.00294	0.05015	0.00341	0.00326
11	0.00864	0.13061	0.61038	0.01043	0.06113	0.02368	0.01188	0.04160	0.00835	0.05027	0.00691	0.00790	0.00504	0.00356	0.00340	0.00111	0.00509	0.00274	0.00181	0.00546
12	0.01253	0.00965	0.00957	0.00767	0.01013	0.09577	0.00621	0.55635	0.01462	0.04948	0.02921	0.01131	0.05240	0.00535	0.02674	0.00122	0.00408	0.00360	0.08859	0.00552
13	0.02005	0.05514	0.09260	0.01480	0.18822	0.12392	0.36911	0.04163	0.00897	0.01176	0.00690	0.00884	0.00542	0.00346	0.00412	0.00116	0.03335	0.00352	0.00189	0.00513
14	0.01533	0.00617	0.00819	0.00637	0.00908	0.00539	0.00523	0.04023	0.01060	0.73962	0.01682	0.01488	0.09441	0.00508	0.00380	0.00116	0.00305	0.00414	0.00445	0.00599
15	0.00452	0.00323	0.00431	0.00517	0.00538	0.00301	0.00345	0.00517	0.00711	0.00948	0.02046	0.86713	0.02455	0.01163	0.00474	0.00151	0.00215	0.01055	0.00345	0.00301
16	0.00847	0.00799	0.01320	0.25189	0.47503	0.00855	0.04220	0.01160	0.09300	0.01173	0.00801	0.02255	0.00651	0.00373	0.00372	0.00116	0.00440	0.00355	0.01746	0.00528
17	0.00540	0.00360	0.00405	0.00405	0.00405	0.00360	0.00225	0.00540	0.00540	0.00720	0.01170	0.02429	0.01349	0.86955	0.01889	0.00360	0.00360	0.00540	0.00225	0.00225
18	0.84093	0.00738	0.00581	0.00511	0.00745	0.00852	0.00421	0.06211	0.00701	0.01707	0.00540	0.00621	0.00416	0.00351	0.00239	0.00115	0.00295	0.00209	0.00239	0.00416

[dist]
# distance from previous block
# <min> <max>
0	5

[block]
# block no. 1 follows, 74 sequences, length 39
# corresponding to MSA columns:
# 47-85
name=unknown_B
#
# <colnr> <probs for GDERKNQSTAVLIFYWHMCP>
#	G	D	E	R	K	N	Q	S	T	A	V	L	I	F	Y	W	H	M	C	P
0	0.01095	0.15570	0.14784	0.01945	0.07394	0.02551	0.03809	0.32504	0.13868	0.01620	0.00859	0.00903	0.00646	0.00403	0.00348	0.00110	0.00427	0.00317	0.00276	0.00571
1	0.00539	0.00361	0.00411	0.00411	0.00413	0.00363	0.00233	0.00544	0.00542	0.00724	0.01164	0.02397	0.01336	0.84199	0.04627	0.00368	0.00381	0.00535	0.00224	0.00228
2	0.00894	0.00785	0.00937	0.00927	0.09845	0.00880	0.03723	0.01768	0.66403	0.01499	0.07042	0.01416	0.01215	0.00496	0.00383	0.00124	0.00314	0.00428	0.00352	0.00568
3	0.00452	0.00323	0.00431	0.00517	0.00538	0.00301	0.00345	0.00517	0.00711	0.00948	0.02046	0.86713	0.02455	0.01163	0.00474	0.00151	0.00215	0.01055	0.00345	0.00301
4	0.00919	0.00882	0.01507	0.02278	0.84640	0.00882	0.01139	0.01139	0.00845	0.01213	0.00698	0.00919	0.00588	0.00331	0.00367	0.00110	0.00441	0.00331	0.00184	0.00588
5	0.01411	0.01040	0.01114	0.00854	0.01151	0.01151	0.00706	0.83402	0.01745	0.02339	0.00891	0.00891	0.00631	0.00446	0.00371	0.00111	0.00408	0.00334	0.00371	0.00631
6	0.86857	0.00723	0.00575	0.00543	0.03292	0.00834	0.00425	0.01093	0.00638	0.01651	0.00522	0.00613	0.00408	0.00344	0.00234	0.00115	0.00292	0.00205	0.00228	0.00408
7	0.00701	0.00660	0.01113	0.86063	0.02556	0.00825	0.01031	0.00948	0.00742	0.00948	0.00660	0.00990	0.00495	0.00371	0.00371	0.00124	0.00495	0.00330	0.00165	0.00412
8	0.00763	0.00929	0.13983	0.02124	0.15869	0.00752	0.25741	0.02385	0.07199	0.01215	0.07248	0.07303	0.11791	0.00510	0.00409	0.00122	0.00435	0.00494	0.00246	0.00482
9	0.01411	0.01040	0.01114	0.00854	0.01151	0.01151	0.00706	0.83402	0.01745	0.02339	0.00891	0.00891	0.00631	0.00446	0.00371	0.00111	0.00408	0.00334	0.00371	0.00631
10	0.00770	0.00660	0.00770	0.00550	0.00880	0.00495	0.00440	0.00935	0.00770	0.01210	0.00660	0.00770	0.00550	0.00275	0.00275	0.00055	0.00275	0.00220	0.00220	0.89224
11	0.00530	0.00398	0.00597	0.00597	0.00663	0.00464	0.00464	0.00663	0.00597	0.00862	0.00994	0.01458	0.00928	0.02784	0.85484	0.00597	0.00994	0.00398	0.00199	0.00331
12	0.00540	0.00360	0.00405	0.00405	0.00405	0.00360	0.00225	0.00540	0.00540	0.00720	0.01170	0.02429	0.01349	0.86955	0.01889	0.00360	0.00360	0.00540	0.00225	0.00225
13	0.00539	0.00360	0.00407	0.00406	0.00408	0.00360	0.00228	0.00544	0.00552	0.00738	0.03132	0.02437	0.01400	0.84923	0.01855	0.00354	0.00356	0.00543	0.00229	0.00228
14	0.01387	0.01769	0.01052	0.00956	0.01148	0.85465	0.00717	0.01482	0.01052	0.00908	0.00574	0.00669	0.00478	0.00383	0.00335	0.00096	0.00669	0.00239	0.00191	0.00430
15	0.00547	0.00380	0.00501	0.00567	0.00618	0.00367	0.00413	0.04150	0.00790	0.02798	0.01969	0.65276	0.02283	0.01091	0.00475	0.00152	0.00250	0.16694	0.00348	0.00330
16	0.86698	0.00715	0.00556	0.00494	0.00725	0.00823	0.00407	0.01115	0.00646	0.04391	0.00548	0.00625	0.00419	0.00348	0.00234	0.00115	0.00288	0.00207	0.00237	0.00410
17	0.00509	0.00413	0.01542	0.00610	0.00667	0.00385	0.07724	0.00594	0.00702	0.00942	0.01771	0.65293	0.02078	0.11336	0.02428	0.00183	0.01294	0.00908	0.00309	0.00315
18	0.00544	0.00359	0.00403	0.00405	0.00408	0.00358	0.00228	0.00551	0.00552	0.00748	0.01188	0.03984	0.01356	0.82205	0.01804	0.00346	0.00350	0.00543	0.03437	0.00231
19	0.01326	0.01454	0.01013	0.00883	0.01088	0.55819	0.00680	0.21968	0.01194	0.01305	0.00702	0.00784	0.00554	0.00408	0.00356	0.00100	0.02359	0.00273	0.07260	0.00474
20	0.01029	0.00845	0.00909	0.00831	0.04414	0.02563	0.00627	0.12873	0.64358	0.05209	0.01374	0.01280	0.01021	0.00484	0.00375	0.00122	0.00323	0.00399	0.00369	0.00592
21	0.80420	0.00709	0.00578	0.00506	0.00742	0.00803	0.00417	0.01166	0.00677	0.10335	0.00616	0.00672	0.00456	0.00357	0.00245	0.00115	0.00290	0.00219	0.00254	0.00426
22	0.00925	0.04564	0.04190	0.05791	0.60619	0.00846	0.01011	0.02684	0.00866	0.05477	0.04060	0.02235	0.00733	0.00368	0.00363	0.00109	0.00418	0.00345	0.00211	0.04187
23	0.00623	0.00429	0.00540	0.00561	0.00633	0.00425	0.00401	0.06482	0.04623	0.05915	0.07446	0.61420	0.05172	0.00996	0.00469	0.00142	0.02121	0.00885	0.00355	0.00362
24	0.00458	0.00327	0.00436	0.00513	0.00540	0.00305	0.00345	0.00531	0.00737	0.00989	0.08394	0.80246	0.02536	0.01132	0.00471	0.00148	0.00212	0.01026	0.00349	0.00305
25	0.05160	0.01007	0.01059	0.00823	0.01105	0.02939	0.00677	0.73175	0.01632	0.03516	0.02881	0.00936	0.00697	0.00494	0.02062	0.00121	0.00414	0.00336	0.00360	0.00604
26	0.01207	0.01359	0.02271	0.00917	0.01124	0.49496	0.06033	0.01517	0.17631	0.06300	0.02722	0.00981	0.02326	0.00437	0.00394	0.00109	0.04130	0.00321	0.00251	0.00476
27	0.00461	0.00331	0.00437	0.00507	0.00539	0.00308	0.00343	0.00539	0.00756	0.01014	0.11994	0.74066	0.05113	0.01107	0.00468	0.00146	0.00210	0.01001	0.00352	0.00308
28	0.07226	0.00637	0.00841	0.00650	0.00933	0.00564	0.00536	0.01764	0.01035	0.79632	0.01404	0.01222	0.00886	0.00452	0.00364	0.00115	0.00314	0.00362	0.00445	0.00617
29	0.00994	0.05807	0.12094	0.00794	0.01068	0.00948	0.00704	0.10120	0.55309	0.06140	0.01277	0.01204	0.00945	0.00465	0.00366	0.00120	0.00346	0.00377	0.00340	0.00583
30	0.01551	0.00798	0.00963	0.00740	0.01030	0.00795	0.00611	0.34619	0.02638	0.50393	0.01235	0.01116	0.00807	0.00455	0.00373	0.00114	0.00353	0.00358	0.00423	0.00631
31	0.00531	0.00396	0.00589	0.00589	0.00653	0.00460	0.00455	0.00658	0.00594	0.00856	0.01001	0.01497	0.00945	0.06112	0.82178	0.00587	0.00969	0.00403	0.00200	0.00327
32	0.01639	0.00674	0.00888	0.00681	0.00969	0.00609	0.00562	0.10340	0.01134	0.76265	0.01404	0.01224	0.00889	0.00458	0.00373	0.00114	0.00326	0.00369	0.00450	0.00632
33	0.00731	0.00857	0.09259	0.03856	0.06949	0.05076	0.22562	0.02548	0.04614	0.01122	0.01879	0.02756	0.31623	0.00588	0.00445	0.00123	0.03794	0.00527	0.00255	0.00436
34	0.01483	0.00658	0.00849	0.00669	0.00934	0.00612	0.00546	0.07324	0.09937	0.64060	0.07712	0.01365	0.01118	0.00486	0.00378	0.00116	0.00309	0.00398	0.00441	0.00606
35	0.00439	0.00376	0.00376	0.00376	0.00501	0.00313	0.00282	0.00533	0.00846	0.01003	0.03760	0.03572	0.84489	0.00940	0.00439	0.00125	0.00188	0.00783	0.00345	0.00313
36	0.00447	0.00375	0.00386	0.00388	0.00506	0.00317	0.00290	0.00542	0.00843	0.01014	0.06462	0.05521	0.76546	0.02825	0.00472	0.00132	0.00194	0.02082	0.00344	0.00313
37	0.01045	0.13250	0.13996	0.02237	0.05934	0.11852	0.23299	0.04623	0.06594	0.09983	0.00804	0.00909	0.00604	0.00373	0.00388	0.00112	0.02920	0.00332	0.00227	0.00521
38	0.01423	0.01083	0.01094	0.00853	0.01140	0.08733	0.00698	0.71508	0.01645	0.06758	0.00894	0.00892	0.00633	0.00441	0.00368	0.00110	0.00427	0.00328	0.00360	0.00613

[dist]
# distance from previous block
# <min> <max>
0	5

[block]
# block no. 2 follows, 74 sequences, length 29
# corresponding to MSA columns:
# 91-119
name=unknown_C
#
# <colnr> <probs for GDERKNQSTAVLIFYWHMCP>
#	G	D	E	R	K	N	Q	S	T	A	V	L	I	F	Y	W	H	M	C	P
0	0.39147	0.25743	0.04567	0.00681	0.04596	0.08948	0.00567	0.01082	0.00730	0.01253	0.00689	0.09236	0.00647	0.00422	0.00278	0.00106	0.00365	0.00298	0.00212	0.00430
1	0.04304	0.00378	0.00441	0.00471	0.00555	0.00341	0.00333	0.00579	0.00769	0.01035	0.06122	0.48090	0.28232	0.00989	0.00439	0.00134	0.00211	0.00868	0.00335	0.05374
2	0.00842	0.01418	0.44561	0.04401	0.34162	0.00882	0.02526	0.04692	0.00849	0.01233	0.00689	0.00852	0.00526	0.00348	0.00361	0.00115	0.00500	0.00303	0.00177	0.00562
3	0.00535	0.00361	0.00403	0.00403	0.00409	0.00358	0.00228	0.00539	0.00554	0.00733	0.01294	0.02484	0.05329	0.82838	0.01820	0.00349	0.00352	0.00551	0.00231	0.00229
4	0.00983	0.83891	0.05149	0.00651	0.00978	0.01445	0.00664	0.01114	0.00755	0.00885	0.00522	0.00603	0.00476	0.00319	0.00243	0.00081	0.00403	0.00201	0.00159	0.00479
5	0.00487	0.00378	0.00442	0.00426	0.00531	0.00334	0.00320	0.00625	0.00959	0.01271	0.48344	0.03130	0.39737	0.00840	0.00438	0.00121	0.00181	0.00721	0.00380	0.00334
6	0.00454	0.00356	0.00411	0.00441	0.00522	0.00313	0.00314	0.00546	0.00817	0.01037	0.12309	0.35528	0.43625	0.01005	0.00452	0.00134	0.00197	0.00875	0.00352	0.00313
7	0.00536	0.00358	0.00406	0.00409	0.00410	0.00358	0.00230	0.00539	0.00546	0.00729	0.01204	0.05716	0.01393	0.83609	0.01834	0.00352	0.00354	0.00560	0.00230	0.00228
8	0.89577	0.00718	0.00546	0.00488	0.00718	0.00833	0.00402	0.01091	0.00632	0.01665	0.00517	0.00603	0.00402	0.00345	0.00230	0.00115	0.00287	0.00201	0.00230	0.00402
9	0.00770	0.00660	0.00770	0.00550	0.00880	0.00495	0.00440	0.00935	0.00770	0.01210	0.00660	0.00770	0.00550	0.00275	0.00275	0.00055	0.00275	0.00220	0.00220	0.89224
10	0.01665	0.00632	0.00861	0.00660	0.00948	0.00546	0.00546	0.01809	0.01062	0.84897	0.01464	0.01263	0.00919	0.00459	0.00373	0.00115	0.00316	0.00373	0.00459	0.00632
11	0.00530	0.00398	0.00597	0.00597	0.00663	0.00464	0.00464	0.00663	0.00597	0.00862	0.00994	0.01458	0.00928	0.02784	0.85484	0.00597	0.00994	0.00398	0.00199	0.00331
12	0.00919	0.00882	0.01507	0.02278	0.84640	0.00882	0.01139	0.01139	0.00845	0.01213	0.00698	0.00919	0.00588	0.00331	0.00367	0.00110	0.00441	0.00331	0.00184	0.00588
13	0.89577	0.00718	0.00546	0.00488	0.00718	0.00833	0.00402	0.01091	0.00632	0.01665	0.00517	0.00603	0.00402	0.00345	0.00230	0.00115	0.00287	0.00201	0.00230	0.00402
14	0.00439	0.00376	0.00376	0.00376	0.00501	0.00313	0.00282	0.00533	0.00846	0.01003	0.03760	0.03572	0.84489	0.00940	0.00439	0.00125	0.00188	0.00783	0.00345	0.00313
15	0.00809	0.00683	0.00791	0.00569	0.00896	0.00536	0.00456	0.06049	0.00830	0.01280	0.00674	0.00777	0.00555	0.00285	0.00281	0.00058	0.00283	0.00227	0.00229	0.83730
16	0.00452	0.00325	0.00429	0.00511	0.00537	0.00302	0.00342	0.00517	0.00716	0.00950	0.02112	0.83513	0.05613	0.01154	0.00472	0.00150	0.00214	0.01045	0.00345	0.00302
17	0.01473	0.00601	0.00791	0.00625	0.00878	0.00539	0.00510	0.01676	0.06007	0.67767	0.04411	0.01338	0.01028	0.00470	0.00363	0.00112	0.00294	0.00384	0.10145	0.00588
18	0.01630	0.00689	0.00897	0.00688	0.00976	0.00631	0.00568	0.13275	0.01158	0.73295	0.01384	0.01211	0.00878	0.00457	0.00373	0.00114	0.00329	0.00368	0.00447	0.00632
19	0.00515	0.00386	0.00421	0.00414	0.00534	0.00329	0.00309	0.00619	0.00872	0.05464	0.13508	0.10129	0.63367	0.00911	0.00438	0.00126	0.00195	0.00770	0.00359	0.00334
20	0.00768	0.00634	0.00705	0.00643	0.00805	0.00700	0.00495	0.01476	0.51623	0.01528	0.33862	0.01926	0.02057	0.00603	0.00401	0.00122	0.00247	0.00518	0.00390	0.00495
21	0.00768	0.00417	0.00496	0.00450	0.00575	0.00390	0.00347	0.02506	0.00946	0.13981	0.32091	0.02067	0.09524	0.00603	0.00361	0.00106	0.00201	0.00510	0.33268	0.00393
22	0.01158	0.00582	0.00741	0.00616	0.00821	0.00552	0.00490	0.06048	0.10671	0.41037	0.26858	0.05809	0.01791	0.00589	0.00398	0.00118	0.00271	0.00500	0.00424	0.00525
23	0.00910	0.00936	0.05893	0.02214	0.80279	0.00881	0.01151	0.01141	0.00842	0.01211	0.00697	0.00912	0.00582	0.00332	0.00367	0.00111	0.00447	0.00328	0.00182	0.00586
24	0.00451	0.00326	0.00427	0.00508	0.00536	0.00302	0.00341	0.00518	0.00719	0.00951	0.02148	0.81758	0.07344	0.01150	0.00472	0.00149	0.00214	0.01039	0.00345	0.00302
25	0.01412	0.00611	0.00824	0.00660	0.00902	0.00570	0.00540	0.07181	0.01013	0.61775	0.01327	0.01278	0.00901	0.00941	0.18042	0.00215	0.00463	0.00376	0.00399	0.00569
26	0.00751	0.04790	0.77764	0.05507	0.01634	0.00881	0.01328	0.01161	0.00780	0.01153	0.00661	0.00788	0.00472	0.00352	0.00350	0.00117	0.00541	0.00275	0.00157	0.00539
27	0.00465	0.00371	0.00448	0.00518	0.03801	0.00331	0.00346	0.00552	0.00787	0.00994	0.04352	0.42251	0.41419	0.01017	0.00452	0.00136	0.00210	0.00890	0.00340	0.00319
28	0.56807	0.23521	0.02375	0.00555	0.00816	0.00988	0.00494	0.01168	0.03560	0.06051	0.00606	0.00668	0.00477	0.00349	0.00247	0.00106	0.00322	0.00219	0.00228	0.00443

[dist]
# distance from previous block
# <min> <max>
1	9

[block]
# block no. 3 follows, 74 sequences, length 75
# corresponding to MSA columns:
# 129-203
name=unknown_D
#
# <colnr> <probs for GDERKNQSTAVLIFYWHMCP>
#	G	D	E	R	K	N	Q	S	T	A	V	L	I	F	Y	W	H	M	C	P
0	0.01000	0.01000	0.01412	0.01990	0.66911	0.11686	0.01049	0.05179	0.02180	0.01227	0.00700	0.00890	0.00582	0.00352	0.00381	0.00110	0.02267	0.00320	0.00196	0.00566
1	0.00552	0.00397	0.00552	0.00579	0.03506	0.00433	0.00392	0.00626	0.00579	0.00811	0.01035	0.01790	0.01062	0.34259	0.47433	0.04343	0.00707	0.00445	0.00206	0.00293
2	0.22489	0.01045	0.14889	0.01001	0.01338	0.03061	0.27160	0.07752	0.00898	0.14213	0.00792	0.00889	0.00565	0.00368	0.00370	0.00119	0.01961	0.00329	0.00249	0.00511
3	0.01150	0.16675	0.01343	0.01272	0.25112	0.38079	0.00824	0.04076	0.02850	0.01052	0.00628	0.00757	0.00530	0.00371	0.00363	0.00101	0.03863	0.00269	0.00193	0.00493
4	0.00498	0.00394	0.00468	0.00483	0.02478	0.00354	0.00351	0.00641	0.01985	0.01203	0.34426	0.07849	0.41676	0.00868	0.00442	0.00125	0.00200	0.04856	0.00366	0.00338
5	0.31784	0.00991	0.13975	0.03727	0.04956	0.00859	0.23992	0.06032	0.00831	0.06621	0.00731	0.02634	0.00558	0.00367	0.00340	0.00119	0.00443	0.00325	0.00228	0.00486
6	0.00531	0.00397	0.00591	0.00591	0.00656	0.00461	0.00458	0.00660	0.00595	0.00858	0.00999	0.01484	0.00939	0.05009	0.83274	0.00590	0.00977	0.00401	0.00200	0.00329
7	0.01540	0.00832	0.00985	0.00756	0.01048	0.00843	0.00624	0.41886	0.01398	0.44346	0.01183	0.01081	0.00778	0.00453	0.00372	0.00113	0.00361	0.00354	0.00416	0.00631
8	0.00539	0.00364	0.00425	0.00425	0.00431	0.00371	0.00250	0.00552	0.00546	0.00734	0.01151	0.02329	0.01306	0.78280	0.10505	0.00384	0.00425	0.00525	0.00222	0.00236
9	0.01387	0.01769	0.01052	0.00956	0.01148	0.85465	0.00717	0.01482	0.01052	0.00908	0.00574	0.00669	0.00478	0.00383	0.00335	0.00096	0.00669	0.00239	0.00191	0.00430
10	0.00701	0.00660	0.01113	0.86063	0.02556	0.00825	0.01031	0.00948	0.00742	0.00948	0.00660	0.00990	0.00495	0.00371	0.00371	0.00124	0.00495	0.00330	0.00165	0.00412
11	0.00919	0.00882	0.01507	0.02278	0.84640	0.00882	0.01139	0.01139	0.00845	0.01213	0.00698	0.00919	0.00588	0.00331	0.00367	0.00110	0.00441	0.00331	0.00184	0.00588
12	0.00744	0.01920	0.85032	0.01058	0.01607	0.00862	0.01371	0.01176	0.00784	0.01176	0.00666	0.00784	0.00470	0.00353	0.00353	0.00118	0.00549	0.00274	0.00157	0.00549
13	0.01196	0.00775	0.01233	0.01606	0.50091	0.00739	0.00890	0.01386	0.00931	0.33273	0.02342	0.01079	0.00761	0.00386	0.00370	0.00111	0.00387	0.00351	0.00293	0.01800
14	0.00919	0.00882	0.01507	0.02278	0.84640	0.00882	0.01139	0.01139	0.00845	0.01213	0.00698	0.00919	0.00588	0.00331	0.00367	0.00110	0.00441	0.00331	0.00184	0.00588
15	0.00987	0.80619	0.01861	0.00644	0.00954	0.01427	0.00632	0.01177	0.07074	0.00925	0.00592	0.00655	0.00526	0.00332	0.00249	0.00083	0.00389	0.00215	0.00175	0.00485
16	0.00812	0.00812	0.01137	0.00975	0.00975	0.01137	0.00812	0.00893	0.00568	0.00893	0.00487	0.00812	0.00487	0.00650	0.01218	0.00162	0.86276	0.00325	0.00162	0.00406
17	0.89577	0.00718	0.00546	0.00488	0.00718	0.00833	0.00402	0.01091	0.00632	0.01665	0.00517	0.00603	0.00402	0.00345	0.00230	0.00115	0.00287	0.00201	0.00230	0.00402
18	0.00744	0.01920	0.85032	0.01058	0.01607	0.00862	0.01371	0.01176	0.00784	0.01176	0.00666	0.00784	0.00470	0.00353	0.00353	0.00118	0.00549	0.00274	0.00157	0.00549
19	0.89577	0.00718	0.00546	0.00488	0.00718	0.00833	0.00402	0.01091	0.00632	0.01665	0.00517	0.00603	0.00402	0.00345	0.00230	0.00115	0.00287	0.00201	0.00230	0.00402
20	0.89577	0.00718	0.00546	0.00488	0.00718	0.00833	0.00402	0.01091	0.00632	0.01665	0.00517	0.00603	0.00402	0.00345	0.00230	0.00115	0.00287	0.00201	0.00230	0.00402
21	0.01265	0.01178	0.01002	0.00838	0.01074	0.27356	0.00664	0.41992	0.08711	0.01699	0.03201	0.01141	0.05168	0.00480	0.00369	0.00110	0.00460	0.02444	0.00315	0.00533
22	0.00463	0.00397	0.00399	0.00395	0.00525	0.00344	0.00297	0.00606	0.05051	0.01031	0.03646	0.03462	0.80273	0.00918	0.00436	0.00125	0.00193	0.00765	0.00346	0.00327
23	0.00525	0.00379	0.00496	0.00467	0.00555	0.00350	0.00350	0.00700	0.01051	0.01488	0.84444	0.02773	0.03502	0.00759	0.00438	0.00117	0.00175	0.00671	0.00409	0.00350
24	0.89577	0.00718	0.00546	0.00488	0.00718	0.00833	0.00402	0.01091	0.00632	0.01665	0.00517	0.00603	0.00402	0.00345	0.00230	0.00115	0.00287	0.00201	0.00230	0.00402
25	0.08886	0.00629	0.02798	0.00595	0.00827	0.00581	0.00497	0.07527	0.00985	0.46325	0.01237	0.01193	0.00844	0.00469	0.01332	0.00114	0.01619	0.00346	0.22667	0.00531
26	0.02168	0.08418	0.04923	0.00782	0.01078	0.07929	0.02863	0.30758	0.06190	0.18085	0.02495	0.00966	0.00725	0.00413	0.00347	0.00103	0.00395	0.00319	0.00323	0.10720
27	0.00461	0.00329	0.00440	0.00526	0.00551	0.00309	0.00359	0.00531	0.00719	0.00957	0.02041	0.82017	0.02437	0.01155	0.00476	0.00152	0.00223	0.05669	0.00344	0.00304
28	0.00969	0.02130	0.26165	0.01534	0.35642	0.05364	0.06949	0.04388	0.04156	0.07990	0.00785	0.00913	0.00594	0.00360	0.00366	0.00113	0.00481	0.00322	0.00213	0.00566
29	0.46064	0.22693	0.04948	0.00643	0.00899	0.15906	0.00569	0.01166	0.00742	0.01296	0.00533	0.00625	0.00439	0.00350	0.00273	0.00104	0.01905	0.00213	0.00201	0.00433
30	0.00900	0.00896	0.01630	0.06052	0.63688	0.00891	0.18130	0.01141	0.00847	0.01195	0.00707	0.00939	0.00578	0.00329	0.00382	0.00114	0.00482	0.00353	0.00184	0.00562
31	0.00813	0.00774	0.01273	0.46759	0.37280	0.01991	0.01058	0.02140	0.00804	0.01083	0.00678	0.00950	0.00537	0.00353	0.00367	0.00116	0.00469	0.00327	0.00177	0.02050
32	0.00486	0.00378	0.00442	0.00426	0.00531	0.00334	0.00319	0.00625	0.00958	0.01269	0.48038	0.03133	0.40045	0.00841	0.00438	0.00121	0.00181	0.00722	0.00380	0.00334
33	0.00452	0.00324	0.00430	0.00515	0.00538	0.00302	0.00344	0.00517	0.00713	0.00948	0.02073	0.85383	0.03767	0.01159	0.00473	0.00150	0.00215	0.01051	0.00345	0.00302
34	0.00443	0.00376	0.00382	0.00380	0.00504	0.00315	0.00285	0.00541	0.00856	0.01026	0.07675	0.03533	0.80560	0.00931	0.00439	0.00125	0.00187	0.00778	0.00348	0.00315
35	0.00442	0.00373	0.00383	0.00386	0.00505	0.00314	0.00288	0.00538	0.00846	0.01017	0.06506	0.07750	0.77497	0.00945	0.00440	0.00126	0.00189	0.00793	0.00347	0.00314
36	0.00992	0.87178	0.01945	0.00635	0.00953	0.01469	0.00635	0.01111	0.00754	0.00873	0.00516	0.00595	0.00476	0.00318	0.00238	0.00079	0.00397	0.00198	0.00159	0.00476
37	0.00992	0.87178	0.01945	0.00635	0.00953	0.01469	0.00635	0.01111	0.00754	0.00873	0.00516	0.00595	0.00476	0.00318	0.00238	0.00079	0.00397	0.00198	0.00159	0.00476
38	0.00525	0.00379	0.00496	0.00467	0.00555	0.00350	0.00350	0.00700	0.01051	0.01488	0.84444	0.02773	0.03502	0.00759	0.00438	0.00117	0.00175	0.00671	0.00409	0.00350
39	0.00566	0.00417	0.00553	0.00621	0.00714	0.00404	0.00534	0.00721	0.00853	0.01089	0.02332	0.04061	0.18963	0.01008	0.00498	0.00162	0.00310	0.65518	0.00342	0.00336
40	0.00933	0.00802	0.00845	0.00757	0.00969	0.00928	0.00590	0.03681	0.82244	0.01569	0.01498	0.01375	0.01123	0.00502	0.00378	0.00126	0.00296	0.00418	0.00378	0.00588
41	0.01634	0.00625	0.00851	0.00655	0.00937	0.00540	0.00540	0.01779	0.01062	0.82614	0.03735	0.01305	0.00990	0.00468	0.00375	0.00115	0.00312	0.00381	0.00458	0.00624
42	0.89577	0.00718	0.00546	0.00488	0.00718	0.00833	0.00402	0.01091	0.00632	0.01665	0.00517	0.00603	0.00402	0.00345	0.00230	0.00115	0.00287	0.00201	0.00230	0.00402
43	0.00923	0.00797	0.00839	0.00755	0.00965	0.00923	0.00588	0.01972	0.83969	0.01553	0.01511	0.01385	0.01133	0.00504	0.00378	0.00126	0.00294	0.00420	0.00378	0.00588
44	0.01665	0.00632	0.00861	0.00660	0.00948	0.00546	0.00546	0.01809	0.01062	0.84897	0.01464	0.01263	0.00919	0.00459	0.00373	0.00115	0.00316	0.00373	0.00459	0.00632
45	0.00442	0.00375	0.00377	0.00377	0.00498	0.00315	0.00280	0.00533	0.00836	0.00993	0.03675	0.03535	0.81755	0.03768	0.00486	0.00133	0.00194	0.00775	0.00341	0.00310
46	0.04214	0.01607	0.01075	0.05353	0.07960	0.71557	0.00757	0.01415	0.01006	0.00960	0.00586	0.00704	0.00485	0.00376	0.00336	0.00099	0.00629	0.00250	0.00191	0.00441
47	0.00744	0.01920	0.85032	0.01058	0.01607	0.00862	0.01371	0.01176	0.00784	0.01176	0.00666	0.00784	0.00470	0.00353	0.00353	0.00118	0.00549	0.00274	0.00157	0.00549
48	0.01646	0.00663	0.00881	0.00676	0.00963	0.00593	0.00558	0.08169	0.01116	0.78461	0.01420	0.01234	0.00896	0.00458	0.00373	0.00115	0.00323	0.00370	0.00453	0.00632
49	0.00548	0.00376	0.00448	0.03434	0.00511	0.00383	0.00283	0.00574	0.00579	0.00773	0.03465	0.02445	0.01404	0.74443	0.04475	0.00343	0.00379	0.04659	0.00233	0.00244
50	0.06974	0.13453	0.40440	0.00934	0.01349	0.00941	0.08727	0.07190	0.04866	0.10561	0.00788	0.00855	0.00568	0.00369	0.00341	0.00112	0.00469	0.00296	0.00225	0.00541
51	0.00440	0.00373	0.00380	0.00385	0.00504	0.00313	0.00286	0.00532	0.00837	0.00999	0.03649	0.08979	0.79154	0.00955	0.00441	0.00127	0.00190	0.00801	0.00345	0.00313
52	0.00439	0.00376	0.00376	0.00376	0.00501	0.00313	0.00282	0.00533	0.00846	0.01003	0.03760	0.03572	0.84489	0.00940	0.00439	0.00125	0.00188	0.00783	0.00345	0.00313
53	0.16911	0.04071	0.06166	0.01947	0.13421	0.08060	0.03416	0.07192	0.05725	0.28098	0.00953	0.00960	0.00673	0.00397	0.00340	0.00112	0.00394	0.00314	0.00302	0.00547
54	0.01243	0.03717	0.08731	0.01910	0.09295	0.17693	0.08587	0.06510	0.03684	0.27255	0.02395	0.01003	0.00717	0.00419	0.00412	0.00114	0.05151	0.00335	0.00289	0.00542
55	0.02407	0.02562	0.47747	0.00929	0.01338	0.16593	0.01031	0.01347	0.00895	0.18152	0.03022	0.00907	0.00642	0.00390	0.00353	0.00112	0.00508	0.00296	0.00232	0.00535
56	0.18907	0.01054	0.03748	0.01504	0.39654	0.15748	0.05823	0.07054	0.00903	0.01328	0.00656	0.00810	0.00529	0.00350	0.00338	0.00110	0.00462	0.00293	0.00207	0.00519
57	0.82368	0.00724	0.00580	0.00509	0.00743	0.00829	0.00419	0.03833	0.00689	0.05768	0.00576	0.00645	0.00435	0.00354	0.00241	0.00115	0.00293	0.00214	0.00246	0.00421
58	0.00929	0.03007	0.10170	0.05887	0.11763	0.16594	0.13938	0.02354	0.18043	0.01195	0.03488	0.01203	0.06682	0.00443	0.00399	0.00117	0.02669	0.00382	0.00241	0.00498
59	0.00612	0.00434	0.00538	0.00504	0.00611	0.00421	0.00380	0.00881	0.10863	0.04457	0.61978	0.06784	0.05837	0.00734	0.00425	0.00119	0.00197	0.00644	0.03196	0.00385
60	0.00703	0.00467	0.02635	0.00512	0.00645	0.00406	0.00406	0.02756	0.01049	0.12961	0.64192	0.02520	0.07861	0.00711	0.00425	0.00117	0.00210	0.00619	0.00405	0.00398
61	0.84374	0.00713	0.00564	0.00498	0.00731	0.00816	0.00410	0.01134	0.00657	0.06592	0.00573	0.00642	0.00433	0.00351	0.00238	0.00115	0.00289	0.00211	0.00243	0.00416
62	0.00827	0.00575	0.00627	0.00562	0.00715	0.00617	0.00436	0.09549	0.27470	0.03701	0.19493	0.01635	0.01534	0.00529	0.00350	0.00109	0.00239	0.00440	0.30130	0.00460
63	0.00512	0.00388	0.00418	0.00406	0.00532	0.00330	0.00306	0.00619	0.00880	0.05308	0.14058	0.05517	0.67628	0.00898	0.00436	0.00124	0.00194	0.00755	0.00359	0.00334
64	0.00470	0.00388	0.00416	0.00420	0.00534	0.00341	0.00314	0.00606	0.03773	0.01071	0.11952	0.10850	0.63482	0.00928	0.00442	0.00128	0.00197	0.03010	0.00352	0.00327
65	0.01565	0.00664	0.00863	0.00668	0.00947	0.00603	0.00550	0.10315	0.02397	0.70704	0.01521	0.01343	0.05119	0.00483	0.00376	0.00115	0.00319	0.00391	0.00443	0.00615
66	0.00456	0.00326	0.00434	0.00515	0.00539	0.00304	0.00345	0.00525	0.00726	0.00972	0.05760	0.82930	0.02502	0.01145	0.00472	0.00149	0.00214	0.01038	0.00347	0.00304
67	0.00992	0.87178	0.01945	0.00635	0.00953	0.01469	0.00635	0.01111	0.00754	0.00873	0.00516	0.00595	0.00476	0.00318	0.00238	0.00079	0.00397	0.00198	0.00159	0.00476
68	0.00701	0.00660	0.01113	0.86063	0.02556	0.00825	0.01031	0.00948	0.00742	0.00948	0.00660	0.00990	0.00495	0.00371	0.00371	0.00124	0.00495	0.00330	0.00165	0.00412
69	0.00854	0.01014	0.06161	0.01490	0.01858	0.00906	0.74623	0.01165	0.00870	0.01184	0.00815	0.01170	0.00647	0.00355	0.00438	0.00127	0.00606	0.05028	0.00195	0.00494
70	0.00744	0.01920	0.85032	0.01058	0.01607	0.00862	0.01371	0.01176	0.00784	0.01176	0.00666	0.00784	0.00470	0.00353	0.00353	0.00118	0.00549	0.00274	0.00157	0.00549
71	0.00716	0.00605	0.00756	0.10540	0.06760	0.00656	0.00567	0.01226	0.32572	0.01380	0.29001	0.03256	0.09218	0.00610	0.00403	0.00122	0.00277	0.00528	0.00347	0.00460
72	0.00715	0.00584	0.00660	0.00621	0.00766	0.00629	0.00476	0.01301	0.41478	0.01415	0.25669	0.10992	0.06321	0.00692	0.00414	0.00127	0.00248	0.04709	0.00377	0.01808
73	0.06115	0.06002	0.00966	0.01851	0.10200	0.17111	0.00622	0.10811	0.04728	0.13670	0.18194	0.01279	0.01229	0.00467	0.00357	0.00106	0.00382	0.00373	0.00306	0.05233
74	0.00953	0.41741	0.01408	0.00796	0.06602	0.03932	0.01581	0.05624	0.22494	0.01193	0.05638	0.04795	0.00923	0.00438	0.00317	0.00102	0.00365	0.00341	0.00252	0.00505

[dist]
# distance from previous block
# <min> <max>
0	9

[block]
# block no. 4 follows, 74 sequences, length 31
# corresponding to MSA columns:
# 213-243
name=unknown_E
#
# <colnr> <probs for GDERKNQSTAVLIFYWHMCP>
#	G	D	E	R	K	N	Q	S	T	A	V	L	I	F	Y	W	H	M	C	P
0	0.03465	0.05491	0.18461	0.00844	0.01167	0.02173	0.01996	0.40352	0.06950	0.03475	0.00864	0.00929	0.00643	0.00607	0.07445	0.00150	0.00474	0.00319	0.00289	0.03905
1	0.14344	0.11090	0.17305	0.11060	0.07862	0.08970	0.04794	0.02785	0.07689	0.01217	0.01415	0.01538	0.00583	0.00375	0.00344	0.00109	0.02261	0.00291	0.00206	0.05762
2	0.00680	0.02757	0.04020	0.01051	0.17565	0.00640	0.09315	0.00864	0.03639	0.01082	0.05430	0.30792	0.02553	0.02850	0.01933	0.00147	0.07514	0.05037	0.00266	0.01864
3	0.01375	0.01013	0.01084	0.00837	0.01126	0.01122	0.00690	0.78382	0.04601	0.02287	0.00921	0.00921	0.00657	0.00447	0.00369	0.00111	0.00398	0.00337	0.02699	0.00622
4	0.01576	0.00615	0.00839	0.00662	0.00933	0.00536	0.00550	0.01722	0.01045	0.77916	0.01506	0.01507	0.01020	0.00507	0.00385	0.00120	0.00318	0.07186	0.00450	0.00608
5	0.00832	0.00722	0.00752	0.00687	0.00869	0.02942	0.00529	0.01642	0.62384	0.01466	0.11888	0.04125	0.08390	0.00587	0.00392	0.00125	0.00278	0.00494	0.00373	0.00523
6	0.00985	0.00973	0.03076	0.01430	0.07397	0.02957	0.58827	0.02600	0.06492	0.10105	0.00871	0.01036	0.00639	0.00347	0.00417	0.00122	0.00554	0.00414	0.00232	0.00527
7	0.03375	0.00617	0.00844	0.00679	0.00900	0.00582	0.07378	0.09601	0.03248	0.35003	0.19528	0.04820	0.09741	0.00587	0.00400	0.00119	0.00303	0.01375	0.00392	0.00506
8	0.00519	0.00379	0.00487	0.00460	0.00550	0.00347	0.00345	0.00687	0.01035	0.01450	0.78113	0.02835	0.09857	0.00773	0.00438	0.00117	0.00176	0.00680	0.00404	0.00347
9	0.02599	0.01016	0.04307	0.00982	0.09494	0.01061	0.00754	0.63199	0.04187	0.06258	0.00920	0.01921	0.00669	0.00440	0.00370	0.00113	0.00405	0.00343	0.00347	0.00615
10	0.00929	0.01062	0.15529	0.01761	0.45443	0.00872	0.17186	0.04308	0.00890	0.05437	0.02522	0.00968	0.00643	0.00351	0.00381	0.00115	0.00482	0.00352	0.00206	0.00563
11	0.00836	0.07966	0.01290	0.39451	0.30668	0.00914	0.00983	0.02499	0.09635	0.01121	0.00755	0.00973	0.00596	0.00368	0.00359	0.00115	0.00445	0.00329	0.00197	0.00501
12	0.00541	0.00407	0.00592	0.00587	0.00643	0.00474	0.00448	0.00656	0.00589	0.00846	0.00998	0.01549	0.00962	0.12467	0.73015	0.00555	0.03736	0.00412	0.00201	0.00322
13	0.51825	0.07759	0.03347	0.00702	0.02154	0.20697	0.03055	0.03358	0.00783	0.01398	0.00554	0.00651	0.00443	0.00357	0.00285	0.00109	0.01654	0.00226	0.00214	0.00431
14	0.00479	0.00387	0.00427	0.00417	0.00531	0.00341	0.00313	0.00624	0.03113	0.01171	0.29315	0.04671	0.55147	0.00875	0.00437	0.00123	0.00187	0.00743	0.00366	0.00332
15	0.00770	0.00660	0.00770	0.00550	0.00880	0.00495	0.00440	0.00935	0.00770	0.01210	0.00660	0.00770	0.00550	0.00275	0.00275	0.00055	0.00275	0.00220	0.00220	0.89224
16	0.00518	0.00379	0.00486	0.00459	0.00550	0.00347	0.00345	0.00686	0.01034	0.01448	0.77722	0.02839	0.10250	0.00774	0.00438	0.00117	0.00176	0.00681	0.00403	0.00347
17	0.00491	0.00365	0.00454	0.00496	0.00551	0.00349	0.00345	0.02311	0.01631	0.00983	0.04294	0.50848	0.18550	0.07710	0.08617	0.00202	0.00298	0.00868	0.00324	0.00312
18	0.01415	0.01115	0.01100	0.00861	0.01145	0.11048	0.00703	0.71654	0.01646	0.04312	0.00869	0.00875	0.00621	0.00439	0.00367	0.00110	0.00437	0.00324	0.00352	0.00608
19	0.00441	0.00376	0.00379	0.00378	0.00503	0.00314	0.00284	0.00537	0.00851	0.01015	0.05731	0.03553	0.82511	0.00936	0.00439	0.00125	0.00188	0.00781	0.00346	0.00314
20	0.00539	0.00383	0.00490	0.00461	0.00553	0.00351	0.00344	0.00702	0.01019	0.02946	0.73768	0.02802	0.10139	0.03295	0.00479	0.00125	0.00184	0.00671	0.00399	0.00349
21	0.05802	0.04420	0.01006	0.00804	0.01048	0.16910	0.00644	0.34677	0.25572	0.01725	0.00987	0.00980	0.00739	0.00440	0.00351	0.00111	0.00411	0.00329	0.02487	0.00556
22	0.00461	0.00329	0.00426	0.00499	0.00522	0.00308	0.00329	0.00520	0.00697	0.00924	0.02015	0.74062	0.05520	0.10742	0.00631	0.00173	0.00230	0.00987	0.00331	0.00293
23	0.08731	0.18322	0.01137	0.00773	0.03160	0.12287	0.00625	0.23701	0.08894	0.12574	0.00964	0.04255	0.02137	0.00443	0.00333	0.00107	0.00397	0.00332	0.00298	0.00530
24	0.01030	0.50265	0.10521	0.00782	0.01066	0.15897	0.00750	0.04288	0.00826	0.00970	0.00553	0.00664	0.00483	0.00375	0.00383	0.00097	0.10171	0.00233	0.00173	0.00474
25	0.00452	0.00377	0.00395	0.00390	0.00510	0.00319	0.00293	0.00559	0.00878	0.01078	0.16273	0.03448	0.71930	0.00912	0.00439	0.00124	0.00186	0.00766	0.00355	0.00319
26	0.00463	0.00377	0.00410	0.00401	0.00516	0.00324	0.00301	0.00580	0.00903	0.01139	0.26341	0.03348	0.61823	0.00889	0.00438	0.00123	0.00184	0.00752	0.00363	0.00324
27	0.02503	0.04218	0.09519	0.02549	0.10500	0.08365	0.13201	0.15875	0.08925	0.12779	0.00895	0.01684	0.00668	0.00418	0.00427	0.00117	0.06191	0.00347	0.00271	0.00546
28	0.00592	0.00494	0.00680	0.00654	0.02257	0.01591	0.01866	0.00699	0.00648	0.00905	0.05441	0.01757	0.09892	0.14451	0.41607	0.00391	0.15058	0.00459	0.00222	0.00336
29	0.00567	0.00365	0.00476	0.00530	0.00584	0.00341	0.00366	0.00668	0.03186	0.07961	0.02047	0.73930	0.05408	0.01076	0.00461	0.00146	0.00225	0.00969	0.00355	0.00338
30	0.04222	0.29765	0.10556	0.01194	0.23285	0.04367	0.03961	0.14403	0.00959	0.03053	0.00672	0.00782	0.00540	0.00352	0.00320	0.00101	0.00440	0.00278	0.00211	0.00538

[dist]
# distance from previous block
# <min> <max>
0	2

[block]
# block no. 5 follows, 74 sequences, length 20
# corresponding to MSA columns:
# 246-265
name=unknown_F
#
# <colnr> <probs for GDERKNQSTAVLIFYWHMCP>
#	G	D	E	R	K	N	Q	S	T	A	V	L	I	F	Y	W	H	M	C	P
0	0.45264	0.19860	0.03981	0.00644	0.00913	0.03382	0.02379	0.12148	0.02840	0.03522	0.00625	0.00694	0.00488	0.00364	0.00283	0.00107	0.01565	0.00238	0.00237	0.00467
1	0.00853	0.00804	0.01339	0.25615	0.46855	0.00854	0.05213	0.04116	0.04261	0.01196	0.03130	0.01064	0.02302	0.00376	0.00376	0.00116	0.00446	0.00358	0.00203	0.00524
2	0.00512	0.00370	0.00424	0.00445	0.00527	0.00330	0.00315	0.00588	0.00770	0.04199	0.02717	0.27731	0.41663	0.13522	0.00661	0.00168	0.00232	0.04183	0.00332	0.00310
3	0.04796	0.04249	0.00990	0.00792	0.02164	0.02622	0.00630	0.34605	0.36508	0.01810	0.01102	0.01066	0.00821	0.00448	0.00356	0.00113	0.00352	0.00351	0.00345	0.05881
4	0.05723	0.14751	0.18781	0.00755	0.03057	0.01656	0.01981	0.02778	0.02607	0.17099	0.02427	0.01996	0.01921	0.00378	0.00319	0.00095	0.00373	0.00296	0.00254	0.22752
5	0.00882	0.14442	0.57644	0.00952	0.01418	0.03075	0.02492	0.03983	0.02510	0.06187	0.00715	0.00800	0.00520	0.00358	0.00337	0.00110	0.00500	0.00274	0.00190	0.02610
6	0.00872	0.17706	0.44523	0.01071	0.03605	0.05629	0.14755	0.01221	0.04035	0.02235	0.00691	0.00811	0.00522	0.00348	0.00346	0.00111	0.00524	0.00294	0.00177	0.00524
7	0.00718	0.00640	0.01029	0.08689	0.42184	0.00645	0.00807	0.00882	0.00791	0.01084	0.01309	0.22478	0.05615	0.04395	0.00475	0.00138	0.00365	0.07059	0.00245	0.00453
8	0.01068	0.04082	0.11753	0.10104	0.17196	0.05988	0.10229	0.11079	0.00984	0.16851	0.01000	0.03223	0.03913	0.00421	0.00374	0.00115	0.00451	0.00370	0.00262	0.00537
9	0.01113	0.03019	0.05522	0.09053	0.25821	0.01883	0.06932	0.20835	0.01079	0.14873	0.00915	0.02741	0.00704	0.00419	0.00386	0.00116	0.01445	0.02305	0.00276	0.00563
10	0.00484	0.00384	0.00442	0.00466	0.00570	0.00342	0.00366	0.00601	0.00856	0.01067	0.10540	0.09995	0.51967	0.00960	0.00458	0.00137	0.00224	0.19468	0.00350	0.00322
11	0.00795	0.08658	0.50745	0.01058	0.08274	0.03556	0.05543	0.01114	0.00812	0.03391	0.02523	0.05453	0.05617	0.00434	0.00362	0.00116	0.00483	0.00361	0.00196	0.00511
12	0.01953	0.10918	0.38576	0.01067	0.05908	0.08508	0.11216	0.01270	0.04242	0.08675	0.00760	0.00872	0.00567	0.01355	0.00390	0.00116	0.02573	0.00304	0.00203	0.00526
13	0.00530	0.00398	0.00597	0.00597	0.00663	0.00464	0.00464	0.00663	0.00597	0.00862	0.00994	0.01458	0.00928	0.02784	0.85484	0.00597	0.00994	0.00398	0.00199	0.00331
14	0.00666	0.00616	0.01038	0.68614	0.02195	0.00741	0.03933	0.00885	0.00742	0.00957	0.00896	0.15369	0.00826	0.00502	0.00391	0.00128	0.00453	0.00456	0.00196	0.00397
15	0.01034	0.02761	0.07352	0.01437	0.22192	0.09845	0.27394	0.10506	0.05561	0.05887	0.00822	0.02052	0.00635	0.00372	0.00386	0.00115	0.00510	0.00366	0.00232	0.00542
16	0.00859	0.02542	0.05646	0.01371	0.24119	0.03009	0.23325	0.01290	0.19757	0.01290	0.09676	0.01292	0.03250	0.00428	0.00394	0.00118	0.00434	0.00420	0.00255	0.00524
17	0.00531	0.00396	0.00586	0.00586	0.00648	0.00458	0.00450	0.00656	0.00593	0.00854	0.01004	0.01513	0.00952	0.07554	0.80747	0.00583	0.00958	0.00406	0.00200	0.00325
18	0.51553	0.00684	0.00655	0.00581	0.02216	0.00743	0.00458	0.09609	0.00855	0.14539	0.06544	0.06652	0.02631	0.00467	0.00304	0.00117	0.00292	0.00344	0.00301	0.00452
19	0.01056	0.00609	0.00756	0.00583	0.00843	0.00517	0.00469	0.05871	0.00981	0.29434	0.17934	0.01360	0.01285	0.00448	0.00346	0.00091	0.00274	0.00372	0.02108	0.34663

[dist]
# distance from previous block
# <min> <max>
0	5

# created by:
# /st0/software/busco_prod/Augustus/scripts/msa2prfl.pl ./align_prep/28548.fa
