[name]
unknown

[dist]
# distance from previous block
# <min> <max>
0	17

[block]
# block no. 0 follows, 64 sequences, length 8
# corresponding to MSA columns:
# 17-21,23-25
name=unknown_A
#
# <colnr> <probs for GDERKNQSTAVLIFYWHMCP>
#	G	D	E	R	K	N	Q	S	T	A	V	L	I	F	Y	W	H	M	C	P
0	0.00852	0.01827	0.05218	0.02245	0.02105	0.00604	0.00575	0.08743	0.05016	0.08582	0.29952	0.04606	0.09983	0.03097	0.02649	0.00157	0.00331	0.08833	0.02964	0.01662
1	0.03226	0.14073	0.16614	0.05191	0.04031	0.02864	0.10904	0.06169	0.04177	0.02808	0.09513	0.06214	0.05148	0.02161	0.00463	0.00132	0.02456	0.00461	0.00271	0.03125
2	0.00547	0.00420	0.00501	0.00487	0.00597	0.00374	0.00363	0.00703	0.01071	0.01431	0.49080	0.07347	0.33680	0.00948	0.00492	0.00136	0.00204	0.00819	0.00427	0.00374
3	0.04218	0.02928	0.04742	0.02119	0.04908	0.04542	0.00721	0.20475	0.19202	0.05234	0.08813	0.04166	0.01226	0.06842	0.00624	0.00155	0.07715	0.00458	0.00348	0.00566
4	0.00517	0.00420	0.00450	0.00443	0.00567	0.00362	0.00327	0.00634	0.00973	0.01213	0.19816	0.03742	0.61985	0.06012	0.00587	0.00154	0.00219	0.00835	0.00392	0.00353
5	0.11350	0.11175	0.04732	0.02555	0.01108	0.10336	0.00644	0.08003	0.05385	0.01439	0.00773	0.00879	0.00626	0.00448	0.02565	0.00109	0.00430	0.00277	0.00254	0.36910
6	0.03183	0.27261	0.07756	0.04255	0.05221	0.04749	0.03028	0.18272	0.14145	0.03139	0.00903	0.00970	0.00705	0.00448	0.00408	0.00120	0.04230	0.00333	0.00280	0.00595
7	0.05213	0.04386	0.07075	0.00742	0.00982	0.00801	0.00634	0.04372	0.28746	0.12251	0.17606	0.01819	0.05667	0.00804	0.06895	0.00174	0.00391	0.00499	0.00387	0.00557

[dist]
# distance from previous block
# <min> <max>
2	6

[block]
# block no. 1 follows, 64 sequences, length 9
# corresponding to MSA columns:
# 32-40
name=unknown_B
#
# <colnr> <probs for GDERKNQSTAVLIFYWHMCP>
#	G	D	E	R	K	N	Q	S	T	A	V	L	I	F	Y	W	H	M	C	P
0	0.16626	0.12861	0.06730	0.10308	0.12736	0.11962	0.02093	0.10590	0.04307	0.04259	0.00782	0.00904	0.00608	0.00410	0.00358	0.00119	0.00486	0.00310	0.00252	0.03297
1	0.21793	0.06392	0.01184	0.03033	0.07823	0.07099	0.02640	0.33658	0.05351	0.03861	0.00863	0.00925	0.00647	0.00441	0.00365	0.00122	0.00444	0.00327	0.00320	0.02713
2	0.00797	0.00616	0.00766	0.00697	0.00832	0.03446	0.00543	0.05575	0.05193	0.04681	0.12055	0.01694	0.01361	0.05396	0.42481	0.00408	0.04727	0.00462	0.00289	0.07978
3	0.01103	0.00711	0.00841	0.00741	0.00951	0.00749	0.00585	0.01709	0.36473	0.21693	0.16701	0.04150	0.04488	0.00672	0.00470	0.00140	0.02399	0.04399	0.00441	0.00584
4	0.00694	0.00639	0.04869	0.00846	0.04040	0.00585	0.09884	0.05628	0.00903	0.01241	0.09978	0.27797	0.04986	0.04511	0.21109	0.00286	0.00550	0.00720	0.00312	0.00422
5	0.00594	0.00442	0.00650	0.00650	0.00718	0.00510	0.00497	0.00731	0.00662	0.00951	0.01129	0.01720	0.01077	0.09800	0.77124	0.00646	0.01055	0.00458	0.00225	0.00361
6	0.10387	0.03370	0.03965	0.09325	0.02754	0.13828	0.06566	0.05218	0.11550	0.01356	0.02897	0.03343	0.00811	0.00577	0.02321	0.00147	0.15957	0.00383	0.02217	0.03028
7	0.00560	0.00443	0.00500	0.00491	0.00608	0.00404	0.00362	0.00747	0.05512	0.01317	0.29841	0.09538	0.42174	0.04957	0.00566	0.00152	0.00224	0.00822	0.00405	0.00376
8	0.01050	0.11018	0.12550	0.04879	0.05802	0.11193	0.07227	0.10507	0.01044	0.04470	0.04166	0.10128	0.02997	0.00565	0.00472	0.00129	0.06305	0.00457	0.04513	0.00527

[dist]
# distance from previous block
# <min> <max>
0	14

[block]
# block no. 2 follows, 64 sequences, length 25
# corresponding to MSA columns:
# 65-89
name=unknown_C
#
# <colnr> <probs for GDERKNQSTAVLIFYWHMCP>
#	G	D	E	R	K	N	Q	S	T	A	V	L	I	F	Y	W	H	M	C	P
0	0.03613	0.00753	0.04799	0.00842	0.06003	0.05175	0.02741	0.07335	0.09074	0.04729	0.06406	0.30886	0.05956	0.03267	0.06292	0.00188	0.00408	0.00716	0.00347	0.00468
1	0.03718	0.00871	0.03397	0.33960	0.11598	0.05367	0.02344	0.09998	0.00980	0.03080	0.03280	0.01235	0.02229	0.02724	0.04679	0.04194	0.01551	0.00388	0.01627	0.02780
2	0.01155	0.05306	0.17277	0.02307	0.02408	0.08579	0.06023	0.27476	0.07056	0.02884	0.06505	0.01341	0.05643	0.02489	0.00453	0.00132	0.00486	0.00416	0.00316	0.01748
3	0.03116	0.00569	0.00782	0.00819	0.06914	0.00628	0.01666	0.02013	0.07316	0.02895	0.01440	0.09353	0.06520	0.10265	0.37421	0.00403	0.05342	0.01842	0.00276	0.00421
4	0.00939	0.00891	0.03594	0.09664	0.15484	0.00961	0.06166	0.06870	0.18161	0.01447	0.09068	0.03231	0.03513	0.00571	0.00594	0.00141	0.15002	0.00462	0.00294	0.02947
5	0.00773	0.00527	0.00623	0.00585	0.00722	0.00514	0.00443	0.07890	0.06919	0.06955	0.28354	0.18335	0.16426	0.00877	0.00469	0.00138	0.00253	0.02185	0.06571	0.00441
6	0.00956	0.00944	0.08702	0.09223	0.15741	0.02786	0.05775	0.14250	0.03858	0.02357	0.01145	0.06573	0.03316	0.10512	0.05861	0.01218	0.02557	0.02002	0.00273	0.01952
7	0.00908	0.00866	0.01464	0.41735	0.42329	0.00964	0.01207	0.01165	0.00882	0.01206	0.00754	0.01063	0.00605	0.00401	0.00438	0.00132	0.02757	0.00369	0.00195	0.00558
8	0.00784	0.00738	0.01246	0.84404	0.02861	0.00923	0.01154	0.01061	0.00831	0.01061	0.00738	0.01107	0.00554	0.00415	0.00415	0.00138	0.00554	0.00369	0.00185	0.00461
9	0.00598	0.00426	0.00571	0.00571	0.00611	0.00467	0.00398	0.00680	0.00639	0.00893	0.01201	0.02122	0.01251	0.40271	0.46892	0.00548	0.00792	0.00517	0.00236	0.00317
10	0.01535	0.01143	0.01248	0.03073	0.03000	0.01267	0.00805	0.75851	0.03842	0.02532	0.01003	0.01014	0.00715	0.00495	0.00416	0.00125	0.00457	0.00376	0.00406	0.00698
11	0.00974	0.44595	0.42039	0.00943	0.01426	0.01310	0.01116	0.01279	0.00860	0.01144	0.00660	0.00770	0.00530	0.00375	0.00330	0.00110	0.00528	0.00264	0.00177	0.00573
12	0.00604	0.00403	0.00453	0.00453	0.00453	0.00403	0.00252	0.00604	0.00604	0.00805	0.01309	0.02718	0.01510	0.85402	0.02114	0.00403	0.00403	0.00604	0.00252	0.00252
13	0.00741	0.05595	0.07461	0.00647	0.00818	0.00574	0.02400	0.02857	0.04366	0.05676	0.23864	0.15126	0.15009	0.03272	0.02880	0.06923	0.00329	0.00683	0.00357	0.00422
14	0.02751	0.05675	0.11318	0.06596	0.20360	0.02202	0.15260	0.08553	0.12431	0.08047	0.00980	0.01101	0.00737	0.00428	0.00429	0.00130	0.01724	0.00390	0.00275	0.00615
15	0.00519	0.00367	0.00478	0.00562	0.00583	0.00346	0.00368	0.00582	0.00771	0.01028	0.02164	0.74603	0.02589	0.12045	0.00733	0.00199	0.00262	0.01107	0.00368	0.00326
16	0.00885	0.00801	0.03280	0.12550	0.39845	0.00781	0.02999	0.01117	0.00987	0.04422	0.22470	0.02946	0.01573	0.02981	0.00485	0.00137	0.00419	0.00493	0.00284	0.00543
17	0.03619	0.05045	0.05704	0.03687	0.30835	0.06276	0.12370	0.08851	0.07954	0.04414	0.01012	0.03671	0.01752	0.00462	0.00418	0.00129	0.00503	0.02432	0.00266	0.00600
18	0.03665	0.23088	0.10515	0.03821	0.04645	0.20080	0.17289	0.03469	0.05796	0.02770	0.00774	0.00904	0.00613	0.00397	0.00377	0.00117	0.00578	0.00329	0.00223	0.00551
19	0.00519	0.00374	0.00495	0.00584	0.00620	0.00350	0.00403	0.00605	0.00823	0.01092	0.04512	0.73788	0.06019	0.01268	0.00531	0.00168	0.00249	0.06870	0.00387	0.00343
20	0.00853	0.01595	0.54140	0.03030	0.01463	0.00840	0.01161	0.07330	0.00955	0.01432	0.01035	0.05465	0.02744	0.00482	0.00388	0.00127	0.00498	0.00387	0.15517	0.00557
21	0.02503	0.08561	0.02508	0.13822	0.09435	0.12859	0.06025	0.12194	0.03059	0.03411	0.00891	0.01094	0.02569	0.00716	0.07989	0.00179	0.11039	0.00369	0.00247	0.00531
22	0.00918	0.08152	0.46386	0.01018	0.01445	0.03109	0.03004	0.09117	0.00980	0.02902	0.02557	0.11907	0.00926	0.00618	0.02844	0.00149	0.02725	0.00440	0.00242	0.00562
23	0.00617	0.00434	0.00551	0.03850	0.00703	0.00430	0.00420	0.00754	0.02602	0.02584	0.12715	0.24936	0.11448	0.15701	0.08313	0.00240	0.00361	0.06226	0.06757	0.00359
24	0.49463	0.02455	0.00961	0.00784	0.01047	0.12303	0.06333	0.12598	0.00977	0.03975	0.00710	0.00837	0.00555	0.02400	0.00394	0.00133	0.03010	0.00289	0.00273	0.00502

[dist]
# distance from previous block
# <min> <max>
2	5

[block]
# block no. 3 follows, 64 sequences, length 8
# corresponding to MSA columns:
# 96-103
name=unknown_D
#
# <colnr> <probs for GDERKNQSTAVLIFYWHMCP>
#	G	D	E	R	K	N	Q	S	T	A	V	L	I	F	Y	W	H	M	C	P
0	0.00585	0.00415	0.00483	0.00501	0.00584	0.00376	0.00351	0.00670	0.00858	0.04179	0.08120	0.24696	0.32785	0.19278	0.00852	0.00205	0.00271	0.04080	0.00366	0.00343
1	0.00911	0.05018	0.04952	0.00840	0.08298	0.04715	0.00635	0.01106	0.00882	0.01309	0.00772	0.03154	0.00665	0.00353	0.00328	0.00077	0.00365	0.00285	0.00238	0.65096
2	0.00674	0.00472	0.00650	0.00632	0.00721	0.00518	0.00479	0.00857	0.04706	0.05052	0.08278	0.01958	0.04010	0.13020	0.55447	0.00519	0.00840	0.00505	0.00276	0.00387
3	0.02501	0.07470	0.32618	0.02573	0.09303	0.02680	0.08715	0.04473	0.04573	0.09741	0.00883	0.00985	0.00650	0.00400	0.00388	0.00120	0.00514	0.00337	0.00247	0.10829
4	0.00529	0.00379	0.00467	0.00528	0.00559	0.00356	0.00343	0.00587	0.00764	0.01002	0.02260	0.54644	0.11657	0.22822	0.00932	0.00225	0.00279	0.00998	0.00351	0.00317
5	0.00931	0.00780	0.00899	0.00648	0.01014	0.00625	0.00521	0.08892	0.00968	0.01477	0.00764	0.00875	0.00624	0.00326	0.00318	0.00068	0.00322	0.00259	0.00263	0.79426
6	0.07536	0.02548	0.04592	0.05527	0.05520	0.00915	0.02526	0.28119	0.03328	0.08169	0.01066	0.09444	0.00891	0.00515	0.00392	0.00118	0.00404	0.00421	0.00333	0.17637
7	0.00958	0.00926	0.01595	0.19463	0.50909	0.00941	0.08991	0.01215	0.00918	0.01292	0.00774	0.01039	0.00630	0.00372	0.00411	0.00123	0.00510	0.00371	0.00205	0.08358

[dist]
# distance from previous block
# <min> <max>
5	15

[block]
# block no. 4 follows, 64 sequences, length 21
# corresponding to MSA columns:
# 140-160
name=unknown_E
#
# <colnr> <probs for GDERKNQSTAVLIFYWHMCP>
#	G	D	E	R	K	N	Q	S	T	A	V	L	I	F	Y	W	H	M	C	P
0	0.01179	0.33655	0.01638	0.05219	0.16929	0.13484	0.00855	0.09183	0.11632	0.01318	0.00820	0.00917	0.00671	0.00413	0.00352	0.00111	0.00490	0.00311	0.00244	0.00579
1	0.03051	0.11819	0.04422	0.00954	0.08635	0.04232	0.03555	0.11174	0.03080	0.09090	0.06230	0.02056	0.00948	0.00526	0.02546	0.00123	0.02541	0.02022	0.00295	0.22701
2	0.04766	0.16962	0.15263	0.08271	0.08122	0.09581	0.04159	0.08518	0.03555	0.14055	0.00920	0.01043	0.00694	0.00435	0.00380	0.00122	0.00505	0.01789	0.00273	0.00587
3	0.00592	0.00445	0.00545	0.00541	0.00637	0.00422	0.00397	0.00807	0.06427	0.01423	0.44531	0.17363	0.15408	0.05615	0.00585	0.00156	0.00232	0.03072	0.00418	0.00386
4	0.00735	0.00519	0.00607	0.00598	0.03250	0.00480	0.00434	0.03460	0.06651	0.09395	0.18709	0.10032	0.41740	0.00908	0.00477	0.00139	0.00249	0.00773	0.00410	0.00435
5	0.01067	0.08546	0.45752	0.01159	0.06017	0.09089	0.03588	0.07453	0.01009	0.07425	0.00847	0.03028	0.00645	0.00438	0.00412	0.00127	0.02227	0.00342	0.00231	0.00599
6	0.00914	0.08715	0.58636	0.01159	0.04838	0.01010	0.03787	0.05827	0.01911	0.02653	0.00842	0.04296	0.00663	0.01395	0.00427	0.00133	0.01634	0.00355	0.00209	0.00597
7	0.00784	0.00738	0.01246	0.84404	0.02861	0.00923	0.01154	0.01061	0.00831	0.01061	0.00738	0.01107	0.00554	0.00415	0.00415	0.00138	0.00554	0.00369	0.00185	0.00461
8	0.00921	0.00891	0.01561	0.32462	0.43750	0.00952	0.08469	0.01187	0.00913	0.01255	0.03155	0.01126	0.00712	0.00399	0.00422	0.00131	0.00526	0.00392	0.00206	0.00569
9	0.00809	0.02663	0.06335	0.12045	0.05057	0.00667	0.07605	0.04799	0.01048	0.06375	0.29592	0.04667	0.10859	0.02741	0.02786	0.00154	0.00389	0.00595	0.00343	0.00470
10	0.19127	0.01143	0.18919	0.03113	0.16541	0.00936	0.09060	0.06797	0.05531	0.01532	0.04402	0.03736	0.00842	0.00584	0.04357	0.00158	0.02024	0.00390	0.00254	0.00555
11	0.00510	0.00363	0.00481	0.00574	0.00597	0.00340	0.00381	0.00579	0.00788	0.01051	0.02253	0.82108	0.02702	0.04386	0.00588	0.00177	0.00247	0.01160	0.00381	0.00334
12	0.04869	0.01174	0.20975	0.04219	0.01366	0.02277	0.04693	0.09975	0.16003	0.25505	0.02268	0.01222	0.00886	0.00478	0.00407	0.00131	0.00447	0.00391	0.02082	0.00634
13	0.01005	0.12233	0.15470	0.10562	0.13638	0.10745	0.05872	0.04773	0.06228	0.01278	0.03418	0.04276	0.03335	0.00490	0.00450	0.00128	0.04913	0.00399	0.00238	0.00547
14	0.00608	0.00402	0.00461	0.00460	0.00464	0.00401	0.00262	0.00610	0.00629	0.00843	0.05137	0.02683	0.01595	0.78297	0.02019	0.03621	0.00391	0.00602	0.00259	0.00256
15	0.00511	0.00365	0.00488	0.00584	0.00611	0.00342	0.00395	0.00588	0.00800	0.01066	0.02286	0.82515	0.02736	0.01296	0.00532	0.00169	0.00246	0.03744	0.00385	0.00339
16	0.05502	0.04021	0.03289	0.08223	0.01383	0.35665	0.08346	0.06523	0.03528	0.01221	0.00926	0.01106	0.04513	0.01813	0.06352	0.00166	0.06333	0.00360	0.00238	0.00492
17	0.05079	0.33717	0.11514	0.07747	0.07834	0.08959	0.06227	0.03947	0.00935	0.05117	0.00750	0.02618	0.00623	0.00417	0.00379	0.00115	0.02940	0.00317	0.00218	0.00548
18	0.00626	0.00414	0.00536	0.00578	0.00656	0.00382	0.00423	0.00745	0.00922	0.06174	0.16160	0.45485	0.11917	0.01112	0.00512	0.00158	0.00252	0.10213	0.02358	0.00377
19	0.00551	0.00416	0.00542	0.00570	0.00646	0.00387	0.02078	0.00674	0.02556	0.01180	0.15521	0.43446	0.20285	0.01192	0.02920	0.03409	0.00271	0.02616	0.00382	0.00356
20	0.01265	0.02789	0.02684	0.11720	0.14010	0.45459	0.05944	0.01460	0.02907	0.02639	0.00809	0.04906	0.00693	0.00457	0.00400	0.00120	0.00634	0.00361	0.00226	0.00515

[dist]
# distance from previous block
# <min> <max>
2	5

[block]
# block no. 5 follows, 64 sequences, length 23
# corresponding to MSA columns:
# 166-188
name=unknown_F
#
# <colnr> <probs for GDERKNQSTAVLIFYWHMCP>
#	G	D	E	R	K	N	Q	S	T	A	V	L	I	F	Y	W	H	M	C	P
0	0.01016	0.09373	0.11712	0.26022	0.21138	0.02192	0.02933	0.08786	0.04660	0.03599	0.00819	0.01022	0.00634	0.00425	0.00437	0.00129	0.03944	0.00355	0.00230	0.00575
1	0.00647	0.00373	0.00522	0.00544	0.00563	0.00366	0.00367	0.00574	0.00645	0.00856	0.02734	0.19547	0.05729	0.07579	0.04104	0.51915	0.00353	0.02088	0.00251	0.00242
2	0.00895	0.00870	0.01561	0.34769	0.25365	0.00937	0.17845	0.01200	0.03527	0.01237	0.00839	0.01138	0.00660	0.00506	0.03822	0.00155	0.00570	0.00402	0.03166	0.00538
3	0.01285	0.08610	0.03876	0.09276	0.09187	0.38536	0.02421	0.09954	0.07925	0.01296	0.00840	0.03407	0.00695	0.00457	0.00389	0.00118	0.00594	0.00344	0.00250	0.00541
4	0.01324	0.01195	0.06822	0.03474	0.01264	0.11580	0.00807	0.41629	0.06281	0.04503	0.01085	0.05359	0.02295	0.00554	0.00491	0.00131	0.07420	0.00413	0.02767	0.00606
5	0.01019	0.12524	0.05103	0.09045	0.18341	0.00920	0.03623	0.08438	0.02356	0.06558	0.01047	0.07648	0.03179	0.00477	0.00386	0.00113	0.00425	0.00409	0.00268	0.18123
6	0.03875	0.00776	0.07411	0.00733	0.00960	0.00693	0.01678	0.09161	0.10420	0.09580	0.06440	0.10760	0.08861	0.02338	0.14096	0.00222	0.01895	0.00540	0.00340	0.09221
7	0.00618	0.00411	0.00534	0.00548	0.00612	0.00385	0.00386	0.00731	0.00939	0.04424	0.35592	0.30898	0.02922	0.13125	0.00770	0.02784	0.00258	0.03309	0.00395	0.00359
8	0.02886	0.00701	0.01009	0.17222	0.05175	0.00785	0.06319	0.07010	0.03964	0.05040	0.03542	0.13571	0.04159	0.00640	0.00539	0.00139	0.11162	0.00531	0.15132	0.00476
9	0.01110	0.16354	0.20957	0.05741	0.11405	0.09203	0.05837	0.09933	0.01027	0.05046	0.00793	0.02091	0.00629	0.00432	0.00437	0.00122	0.05313	0.00336	0.00232	0.03002
10	0.00604	0.00403	0.00453	0.00453	0.00453	0.00403	0.00252	0.00604	0.00604	0.00805	0.01309	0.02718	0.01510	0.85402	0.02114	0.00403	0.00403	0.00604	0.00252	0.00252
11	0.00506	0.00361	0.00482	0.00578	0.00602	0.00337	0.00386	0.00578	0.00795	0.01060	0.02289	0.85131	0.02747	0.01301	0.00530	0.00169	0.00241	0.01181	0.00386	0.00337
12	0.12204	0.04609	0.10074	0.04010	0.10473	0.12550	0.27816	0.07335	0.01008	0.01416	0.00762	0.00957	0.00594	0.00456	0.02329	0.00141	0.02123	0.00367	0.00226	0.00552
13	0.00539	0.00402	0.00504	0.00576	0.00635	0.00377	0.00409	0.00663	0.03379	0.01108	0.02590	0.58064	0.17036	0.02631	0.00551	0.00169	0.00256	0.09376	0.00384	0.00353
14	0.01004	0.03042	0.02713	0.02436	0.01140	0.00738	0.03876	0.14088	0.01048	0.02923	0.00796	0.00904	0.00632	0.00349	0.00337	0.00080	0.00363	0.00283	0.00272	0.62978
15	0.01149	0.05012	0.08973	0.01219	0.19274	0.07245	0.01972	0.12150	0.02982	0.12261	0.05771	0.02535	0.03938	0.00613	0.04324	0.00146	0.01890	0.00406	0.00304	0.07838
16	0.08424	0.13187	0.01214	0.02667	0.02687	0.26684	0.00725	0.11956	0.03856	0.05927	0.04164	0.01092	0.00814	0.00485	0.00431	0.00118	0.05871	0.03108	0.00278	0.06312
17	0.07022	0.03379	0.02410	0.00639	0.00749	0.03514	0.02534	0.05631	0.05080	0.04882	0.00988	0.01583	0.00948	0.23835	0.03692	0.31669	0.00425	0.00423	0.00250	0.00346
18	0.00901	0.09548	0.06255	0.08453	0.10313	0.05946	0.02383	0.04134	0.03437	0.03286	0.04207	0.06440	0.01134	0.11683	0.06886	0.02696	0.00497	0.05080	0.00262	0.06458
19	0.01018	0.07777	0.06317	0.03378	0.07325	0.07344	0.01903	0.16274	0.03692	0.03857	0.04551	0.04291	0.07013	0.15097	0.00697	0.00170	0.00430	0.01542	0.03863	0.03460
20	0.02576	0.02602	0.01207	0.04600	0.06310	0.10817	0.12012	0.12109	0.15522	0.07044	0.03973	0.05833	0.05669	0.03035	0.04669	0.00166	0.00498	0.00485	0.00324	0.00550
21	0.07372	0.03984	0.08603	0.04504	0.11342	0.05213	0.03173	0.14419	0.05990	0.05111	0.07891	0.04845	0.02801	0.02913	0.02155	0.00143	0.01623	0.00431	0.00303	0.07182
22	0.07300	0.08351	0.05229	0.07877	0.13814	0.08683	0.07200	0.16191	0.05401	0.05845	0.01867	0.03252	0.01966	0.02737	0.00440	0.00131	0.00484	0.00388	0.00284	0.02558

[dist]
# distance from previous block
# <min> <max>
3	56

[block]
# block no. 6 follows, 64 sequences, length 22
# corresponding to MSA columns:
# 246-267
name=unknown_G
#
# <colnr> <probs for GDERKNQSTAVLIFYWHMCP>
#	G	D	E	R	K	N	Q	S	T	A	V	L	I	F	Y	W	H	M	C	P
0	0.05914	0.43883	0.01574	0.00752	0.01063	0.09042	0.00670	0.10221	0.05065	0.06322	0.04822	0.00986	0.02125	0.00432	0.00327	0.00103	0.00432	0.00306	0.00266	0.05696
1	0.05751	0.04917	0.07279	0.02884	0.04005	0.02166	0.07517	0.14220	0.02348	0.13481	0.08359	0.03289	0.02399	0.00481	0.00392	0.00114	0.00408	0.00404	0.00325	0.19260
2	0.03179	0.07705	0.08663	0.01051	0.06315	0.10707	0.09030	0.11506	0.10330	0.05879	0.08475	0.01587	0.02254	0.01992	0.00478	0.00137	0.02814	0.07034	0.00311	0.00554
3	0.05482	0.04264	0.11199	0.03948	0.19085	0.16340	0.13669	0.07217	0.03224	0.02932	0.02336	0.04029	0.01961	0.00458	0.00427	0.00127	0.02096	0.00397	0.00245	0.00564
4	0.00722	0.00361	0.00541	0.00541	0.00541	0.00361	0.00361	0.00541	0.00541	0.00722	0.00722	0.01263	0.00722	0.01443	0.01623	0.87915	0.00361	0.00361	0.00180	0.00180
5	0.00768	0.07123	0.02582	0.00662	0.00776	0.00572	0.00517	0.03568	0.00881	0.09428	0.01929	0.47166	0.05172	0.02439	0.05254	0.00189	0.03749	0.06449	0.00359	0.00418
6	0.00987	0.20430	0.32967	0.01016	0.04450	0.03421	0.03853	0.08330	0.05552	0.02445	0.02205	0.05353	0.03843	0.00480	0.00382	0.00121	0.00496	0.00383	0.00244	0.03043
7	0.00775	0.00780	0.08186	0.00859	0.02522	0.01993	0.08837	0.04935	0.12102	0.01366	0.13751	0.13892	0.04153	0.04831	0.12327	0.00231	0.00490	0.07168	0.00331	0.00468
8	0.00673	0.00463	0.00585	0.00591	0.00673	0.00464	0.00423	0.04091	0.03930	0.05193	0.09497	0.33229	0.08703	0.13691	0.15545	0.00281	0.00431	0.00803	0.00353	0.00383
9	0.00913	0.00884	0.04183	0.59504	0.12296	0.03869	0.01129	0.04182	0.00905	0.03814	0.00772	0.01075	0.00586	0.00428	0.00449	0.00136	0.03797	0.00365	0.00207	0.00508
10	0.01060	0.20628	0.19758	0.03923	0.11174	0.12728	0.02723	0.05600	0.00994	0.04485	0.02302	0.06686	0.05235	0.00501	0.00385	0.00120	0.00508	0.00400	0.00242	0.00548
11	0.00778	0.00515	0.00606	0.00577	0.00696	0.00522	0.00434	0.07023	0.07767	0.04720	0.20416	0.14491	0.05928	0.06551	0.05115	0.00180	0.00311	0.03645	0.19297	0.00428
12	0.00999	0.00974	0.01599	0.16542	0.61230	0.03317	0.04044	0.01281	0.03557	0.01308	0.00801	0.01054	0.00655	0.00385	0.00414	0.00127	0.00513	0.00374	0.00209	0.00616
13	0.01150	0.02860	0.01107	0.02581	0.02711	0.09685	0.06003	0.24879	0.14544	0.04671	0.03296	0.07104	0.05406	0.04044	0.04250	0.00168	0.02469	0.02165	0.00348	0.00559
14	0.00881	0.08415	0.12959	0.03677	0.01159	0.04572	0.06699	0.07049	0.03548	0.04597	0.04505	0.21061	0.05893	0.02082	0.01894	0.00156	0.02775	0.07287	0.00310	0.00484
15	0.00602	0.00411	0.00502	0.00532	0.00609	0.00375	0.00372	0.00692	0.00861	0.05807	0.07824	0.39645	0.24311	0.11215	0.02524	0.00195	0.00277	0.02508	0.00378	0.00357
16	0.01008	0.03686	0.18511	0.04198	0.06491	0.07667	0.22503	0.04428	0.00959	0.06466	0.02212	0.05908	0.00837	0.03092	0.04580	0.00169	0.06057	0.00442	0.00242	0.00541
17	0.01043	0.23957	0.25511	0.01079	0.05708	0.07809	0.07386	0.07156	0.08767	0.01330	0.00974	0.01114	0.03772	0.00447	0.00379	0.00120	0.00521	0.02114	0.00237	0.00576
18	0.05481	0.02032	0.08745	0.00709	0.00944	0.02285	0.01791	0.06521	0.02136	0.25329	0.05846	0.13999	0.03176	0.03555	0.01885	0.00150	0.00363	0.02428	0.12101	0.00524
19	0.03484	0.03583	0.05940	0.31059	0.14945	0.03620	0.00973	0.13620	0.01833	0.04214	0.02244	0.02861	0.03973	0.01724	0.00435	0.00134	0.00484	0.02140	0.00262	0.02472
20	0.01106	0.10137	0.03120	0.12379	0.11335	0.05772	0.05600	0.16391	0.09943	0.05115	0.06148	0.02691	0.03716	0.00509	0.00437	0.00127	0.02961	0.00422	0.01520	0.00570
21	0.10138	0.09693	0.01333	0.02394	0.11654	0.14134	0.05324	0.22735	0.07489	0.08273	0.00924	0.00992	0.00698	0.00488	0.01847	0.00131	0.00501	0.00345	0.00307	0.00600

[dist]
# distance from previous block
# <min> <max>
0	31

[block]
# block no. 7 follows, 64 sequences, length 18
# corresponding to MSA columns:
# 299-316
name=unknown_H
#
# <colnr> <probs for GDERKNQSTAVLIFYWHMCP>
#	G	D	E	R	K	N	Q	S	T	A	V	L	I	F	Y	W	H	M	C	P
0	0.01033	0.10194	0.11994	0.22383	0.07956	0.09081	0.04412	0.07051	0.11255	0.03336	0.04917	0.01139	0.00837	0.00447	0.00398	0.00125	0.00508	0.00371	0.00257	0.02305
1	0.00974	0.00899	0.01459	0.24161	0.43458	0.03592	0.05427	0.01218	0.00936	0.04878	0.01021	0.01357	0.04338	0.00454	0.00426	0.00132	0.00505	0.03964	0.00230	0.00571
2	0.05049	0.04504	0.03138	0.00749	0.05743	0.05442	0.00559	0.06711	0.05445	0.08698	0.11768	0.10404	0.23708	0.01956	0.00463	0.00137	0.00329	0.02009	0.02715	0.00474
3	0.03882	0.03279	0.00904	0.07154	0.01070	0.11009	0.04444	0.09369	0.02140	0.04840	0.04414	0.33929	0.06019	0.00846	0.00481	0.00145	0.02270	0.03018	0.00337	0.00450
4	0.00834	0.03245	0.00965	0.05979	0.19288	0.02277	0.00731	0.04915	0.01029	0.04751	0.15341	0.08935	0.11259	0.00785	0.00474	0.00145	0.00367	0.17858	0.00342	0.00479
5	0.04863	0.03225	0.01219	0.08230	0.05376	0.04407	0.16148	0.06700	0.07515	0.06494	0.06691	0.12667	0.05840	0.02065	0.04493	0.00168	0.02527	0.00558	0.00309	0.00505
6	0.04373	0.00511	0.00637	0.00604	0.00736	0.00498	0.02806	0.04184	0.03493	0.08017	0.08125	0.25055	0.22105	0.02529	0.09848	0.00207	0.00366	0.00764	0.04725	0.00416
7	0.03300	0.00992	0.04150	0.37463	0.11162	0.04852	0.27146	0.01240	0.00917	0.03622	0.00794	0.01077	0.00599	0.00391	0.00432	0.00135	0.00594	0.00399	0.00208	0.00527
8	0.03045	0.00667	0.00842	0.03139	0.04742	0.00626	0.01864	0.06502	0.08093	0.10495	0.01446	0.27571	0.01421	0.03412	0.00475	0.00133	0.00329	0.00612	0.00343	0.24244
9	0.01015	0.03048	0.02527	0.30473	0.19463	0.11839	0.02592	0.04524	0.03944	0.03986	0.04601	0.02551	0.01706	0.00468	0.00436	0.00129	0.02899	0.00396	0.02876	0.00529
10	0.00542	0.00406	0.00494	0.00544	0.00611	0.00377	0.00386	0.00655	0.02361	0.01117	0.07459	0.41286	0.23699	0.09697	0.00680	0.00184	0.00262	0.08517	0.00377	0.00346
11	0.01017	0.11152	0.10097	0.06232	0.05751	0.08747	0.12589	0.03635	0.04297	0.07294	0.10604	0.03938	0.03488	0.00617	0.03251	0.00148	0.05889	0.00448	0.00276	0.00528
12	0.06559	0.10248	0.09237	0.02801	0.17168	0.12377	0.10241	0.04877	0.01001	0.07323	0.01132	0.06682	0.05429	0.00515	0.00406	0.00127	0.00502	0.02567	0.00263	0.00548
13	0.00511	0.00367	0.00486	0.00579	0.00610	0.00343	0.00393	0.00588	0.00806	0.01069	0.02355	0.79572	0.05574	0.01287	0.00530	0.00168	0.00245	0.03793	0.00385	0.00339
14	0.01023	0.16559	0.26186	0.08510	0.02688	0.06181	0.03511	0.07588	0.04659	0.06476	0.04244	0.05421	0.04211	0.00504	0.00394	0.00125	0.00494	0.00406	0.00262	0.00558
15	0.02107	0.02944	0.13331	0.06795	0.21978	0.08964	0.06212	0.05449	0.08498	0.06114	0.04341	0.03330	0.01881	0.00469	0.00426	0.00126	0.01867	0.00403	0.00268	0.04497
16	0.14480	0.00898	0.02921	0.04928	0.01113	0.04926	0.00657	0.21469	0.10109	0.13319	0.03894	0.03102	0.05541	0.02264	0.04589	0.00163	0.00432	0.03252	0.00362	0.01581
17	0.00606	0.00432	0.00544	0.00585	0.00660	0.00402	0.00412	0.03952	0.00888	0.03001	0.06145	0.60310	0.10146	0.02773	0.00539	0.00162	0.00258	0.03516	0.00384	0.04287

[dist]
# distance from previous block
# <min> <max>
3	12

[block]
# block no. 8 follows, 64 sequences, length 22
# corresponding to MSA columns:
# 329-350
name=unknown_I
#
# <colnr> <probs for GDERKNQSTAVLIFYWHMCP>
#	G	D	E	R	K	N	Q	S	T	A	V	L	I	F	Y	W	H	M	C	P
0	0.29094	0.04212	0.05588	0.03202	0.07139	0.07144	0.05083	0.12367	0.04373	0.06912	0.03744	0.02982	0.00842	0.00489	0.00390	0.00130	0.02195	0.03279	0.00296	0.00540
1	0.00879	0.08385	0.74457	0.01141	0.01726	0.01026	0.01448	0.03954	0.00910	0.01333	0.00741	0.00865	0.00533	0.00395	0.00386	0.00128	0.00596	0.00303	0.00183	0.00611
2	0.00795	0.00540	0.00708	0.04250	0.04117	0.00554	0.00518	0.03546	0.03603	0.09194	0.14688	0.08416	0.13597	0.08862	0.12051	0.02896	0.03728	0.02766	0.04747	0.00425
3	0.02918	0.06775	0.08466	0.11312	0.08095	0.07677	0.11876	0.16670	0.04144	0.04036	0.01162	0.02997	0.05678	0.00521	0.00434	0.00132	0.01477	0.04790	0.00283	0.00559
4	0.00883	0.00838	0.01428	0.55870	0.23635	0.00958	0.05680	0.03568	0.00903	0.01201	0.00763	0.01084	0.00590	0.00402	0.00418	0.00134	0.00543	0.00376	0.00198	0.00526
5	0.00838	0.00809	0.01292	0.72543	0.11562	0.03808	0.01155	0.01105	0.00855	0.01092	0.00740	0.01086	0.00564	0.00411	0.00413	0.00136	0.00554	0.00366	0.00188	0.00484
6	0.02322	0.00955	0.05746	0.13986	0.23062	0.02157	0.12123	0.05210	0.10913	0.03765	0.01011	0.02509	0.02474	0.00571	0.01927	0.05911	0.04135	0.00417	0.00253	0.00554
7	0.04622	0.12597	0.06973	0.00978	0.02837	0.20055	0.08929	0.08952	0.04873	0.13176	0.02198	0.06795	0.03353	0.00517	0.00407	0.00123	0.01344	0.00416	0.00299	0.00554
8	0.00643	0.00465	0.00648	0.03191	0.00801	0.00448	0.03636	0.03480	0.00893	0.04466	0.03830	0.53608	0.09769	0.01180	0.02775	0.00176	0.00315	0.08917	0.00375	0.00385
9	0.00544	0.00400	0.00500	0.00555	0.00612	0.00373	0.00382	0.02786	0.00882	0.01164	0.10508	0.59655	0.15129	0.03745	0.00565	0.00166	0.00243	0.01052	0.00389	0.00352
10	0.05543	0.04630	0.06102	0.09527	0.10318	0.16803	0.02012	0.18159	0.02760	0.04503	0.03263	0.03626	0.01960	0.00511	0.00419	0.00126	0.02208	0.03164	0.03813	0.00551
11	0.09934	0.04685	0.14377	0.01012	0.01343	0.04324	0.14214	0.17300	0.08963	0.07045	0.02133	0.09447	0.00943	0.00533	0.00429	0.00134	0.01846	0.00454	0.00310	0.00575
12	0.00555	0.00427	0.00540	0.00579	0.00635	0.01817	0.02292	0.00644	0.00844	0.01109	0.10449	0.53610	0.12279	0.10313	0.00690	0.00185	0.00272	0.02044	0.00371	0.00344
13	0.00999	0.01062	0.06042	0.04943	0.41083	0.03475	0.20677	0.04034	0.04778	0.01392	0.04213	0.03636	0.00861	0.00430	0.00436	0.00130	0.00532	0.00437	0.00237	0.00601
14	0.02490	0.07321	0.06668	0.17871	0.11239	0.11563	0.03545	0.17371	0.04883	0.07487	0.00873	0.01010	0.00659	0.00450	0.00446	0.00127	0.04787	0.00352	0.00273	0.00581
15	0.01051	0.39433	0.22620	0.00998	0.05450	0.02984	0.04600	0.10126	0.00990	0.01287	0.00804	0.06408	0.00708	0.00446	0.00353	0.00113	0.00496	0.00345	0.00221	0.00566
16	0.00606	0.00461	0.00594	0.03868	0.00749	0.00476	0.00465	0.00773	0.03651	0.01226	0.15198	0.29722	0.15104	0.01190	0.08123	0.00198	0.05137	0.05021	0.07059	0.00380
17	0.05914	0.16681	0.13175	0.02366	0.05294	0.31134	0.04563	0.08125	0.03277	0.01299	0.02695	0.02197	0.00689	0.00435	0.00369	0.00115	0.00577	0.00320	0.00234	0.00539
18	0.06560	0.15048	0.26591	0.04811	0.08358	0.06461	0.09020	0.08896	0.00996	0.02494	0.00864	0.02930	0.02578	0.00440	0.00404	0.00125	0.02276	0.00355	0.00227	0.00568
19	0.00652	0.00496	0.00660	0.02336	0.02674	0.00483	0.02900	0.03779	0.02955	0.03160	0.06920	0.36467	0.18777	0.03721	0.02511	0.00176	0.01311	0.09257	0.00371	0.00395
20	0.07048	0.02272	0.11759	0.02769	0.01068	0.06776	0.03343	0.13270	0.02680	0.04798	0.15535	0.14613	0.05213	0.04124	0.02751	0.00160	0.00419	0.00576	0.00336	0.00490
21	0.07669	0.11412	0.01083	0.03371	0.04656	0.06659	0.04146	0.08902	0.06807	0.10090	0.08886	0.08649	0.07562	0.03533	0.00474	0.00140	0.00394	0.04720	0.00337	0.00511

[dist]
# distance from previous block
# <min> <max>
9	98

[block]
# block no. 9 follows, 64 sequences, length 82
# corresponding to MSA columns:
# 457-538
name=unknown_J
#
# <colnr> <probs for GDERKNQSTAVLIFYWHMCP>
#	G	D	E	R	K	N	Q	S	T	A	V	L	I	F	Y	W	H	M	C	P
0	0.35229	0.00950	0.06150	0.07703	0.18733	0.00934	0.08466	0.04307	0.03203	0.04052	0.01690	0.00986	0.01991	0.00408	0.00357	0.00127	0.00433	0.00333	0.00253	0.03695
1	0.00898	0.02090	0.76054	0.01168	0.01753	0.03814	0.01470	0.05614	0.00945	0.01375	0.00755	0.00879	0.00536	0.00401	0.00395	0.00130	0.00610	0.00309	0.00190	0.00614
2	0.01033	0.00907	0.00929	0.00838	0.01064	0.03373	0.00648	0.02137	0.76965	0.01685	0.01648	0.01567	0.01255	0.03462	0.00479	0.00149	0.00343	0.00468	0.00411	0.00639
3	0.04904	0.15458	0.20563	0.00958	0.04710	0.12115	0.00890	0.10342	0.06748	0.08494	0.00982	0.03400	0.01859	0.00460	0.00370	0.00118	0.00485	0.00349	0.03265	0.03532
4	0.00982	0.11708	0.32122	0.10396	0.07555	0.01002	0.09257	0.04214	0.04262	0.07110	0.05107	0.01133	0.00817	0.02052	0.00433	0.00132	0.00525	0.00372	0.00241	0.00578
5	0.01064	0.00885	0.00941	0.00838	0.01075	0.01014	0.00654	0.04877	0.74992	0.04089	0.03685	0.01566	0.01308	0.00567	0.00424	0.00140	0.00331	0.00472	0.00426	0.00654
6	0.00768	0.00701	0.05532	0.25040	0.07368	0.00666	0.02786	0.02497	0.02502	0.04962	0.06091	0.24389	0.08256	0.00753	0.00458	0.00143	0.00394	0.02938	0.00305	0.03450
7	0.24155	0.02530	0.01155	0.02578	0.05452	0.04765	0.12454	0.06564	0.06261	0.06510	0.00839	0.00942	0.00643	0.00388	0.00352	0.00112	0.00421	0.00319	0.00276	0.23284
8	0.00561	0.00425	0.00602	0.06002	0.00807	0.00428	0.01683	0.00667	0.00815	0.01089	0.04300	0.61706	0.03452	0.02628	0.03848	0.00191	0.02123	0.07958	0.00359	0.00357
9	0.03080	0.23866	0.06450	0.00945	0.01243	0.34520	0.02099	0.12487	0.09144	0.01337	0.00785	0.00852	0.00630	0.00428	0.00357	0.00110	0.00569	0.00295	0.00251	0.00552
10	0.01514	0.07218	0.01254	0.01072	0.02911	0.72867	0.00806	0.05499	0.01189	0.01099	0.00658	0.00761	0.00546	0.00426	0.00370	0.00107	0.00710	0.00272	0.00221	0.00499
11	0.05216	0.01075	0.04459	0.11831	0.11268	0.05670	0.33517	0.07884	0.03528	0.04208	0.00890	0.03315	0.00701	0.00426	0.00458	0.00134	0.02515	0.00428	0.00246	0.02231
12	0.12532	0.09915	0.35120	0.01185	0.01647	0.01047	0.23786	0.02876	0.02650	0.04320	0.00790	0.00934	0.00583	0.00387	0.00392	0.00129	0.00564	0.00348	0.00218	0.00575
13	0.00508	0.00365	0.00483	0.00574	0.00602	0.00339	0.00384	0.00585	0.00810	0.01080	0.04817	0.81047	0.04299	0.01283	0.00528	0.00167	0.00239	0.01162	0.00388	0.00339
14	0.00555	0.00426	0.00617	0.00650	0.00696	0.00415	0.04727	0.00642	0.00794	0.01069	0.03951	0.68988	0.02475	0.06622	0.02354	0.00192	0.03062	0.01055	0.00359	0.00350
15	0.01024	0.01117	0.02287	0.01650	0.02050	0.03252	0.72213	0.02765	0.03452	0.03453	0.00902	0.02193	0.00685	0.00378	0.00482	0.00139	0.00671	0.00488	0.00230	0.00565
16	0.05437	0.00674	0.00992	0.00919	0.04005	0.02894	0.13462	0.04711	0.00889	0.01254	0.04384	0.37934	0.01761	0.02580	0.03330	0.00177	0.08345	0.03934	0.01889	0.00427
17	0.00975	0.02444	0.02090	0.01535	0.01832	0.02937	0.55805	0.01244	0.00886	0.01226	0.00749	0.01046	0.00603	0.00457	0.00728	0.00150	0.24117	0.00446	0.00202	0.00529
18	0.00930	0.00916	0.01571	0.05080	0.41348	0.03005	0.18378	0.01199	0.02744	0.01326	0.05123	0.03494	0.05341	0.00518	0.00452	0.00135	0.00499	0.07124	0.00251	0.00565
19	0.01011	0.28809	0.04540	0.01200	0.01551	0.04313	0.36285	0.02588	0.05190	0.01223	0.00924	0.07252	0.00817	0.00456	0.00409	0.00125	0.00552	0.01988	0.00229	0.00538
20	0.00875	0.10162	0.04119	0.02018	0.10307	0.00826	0.03969	0.06997	0.14487	0.02833	0.08236	0.04004	0.20548	0.00704	0.00443	0.00136	0.00364	0.08120	0.00340	0.00514
21	0.00737	0.00616	0.00786	0.00778	0.00862	0.01824	0.00637	0.00979	0.09009	0.01213	0.06194	0.08541	0.08737	0.05394	0.00797	0.00185	0.18961	0.32998	0.00337	0.00415
22	0.01055	0.01101	0.04952	0.08010	0.26193	0.07972	0.27730	0.05138	0.02380	0.04339	0.03140	0.02902	0.02259	0.00432	0.00441	0.00131	0.00565	0.00438	0.00244	0.00579
23	0.02913	0.19276	0.23888	0.02311	0.05935	0.11157	0.10208	0.07955	0.08189	0.03158	0.00830	0.00933	0.00638	0.00410	0.00379	0.00120	0.00547	0.00330	0.00237	0.00585
24	0.00980	0.01120	0.02451	0.01751	0.02171	0.01050	0.81303	0.01331	0.00980	0.01331	0.00840	0.01120	0.00630	0.00350	0.00490	0.00140	0.00700	0.00490	0.00210	0.00560
25	0.01089	0.71675	0.12934	0.00786	0.01171	0.04362	0.00824	0.01268	0.00860	0.01024	0.00602	0.00697	0.00532	0.00363	0.00287	0.00095	0.00477	0.00235	0.00179	0.00542
26	0.00938	0.03682	0.13124	0.04352	0.12069	0.00959	0.39727	0.03732	0.02624	0.02390	0.02774	0.08874	0.00911	0.01359	0.00474	0.00140	0.00573	0.00503	0.00240	0.00557
27	0.00900	0.13187	0.53049	0.01171	0.04561	0.01044	0.08382	0.03178	0.03363	0.01308	0.00901	0.01097	0.02734	0.00432	0.00396	0.00128	0.00564	0.02808	0.00205	0.00589
28	0.00517	0.00380	0.00486	0.00556	0.00606	0.00349	0.00385	0.00610	0.00860	0.01135	0.10559	0.62495	0.14562	0.01215	0.00522	0.00161	0.00237	0.03624	0.00393	0.00346
29	0.00875	0.09421	0.40242	0.03055	0.06568	0.03254	0.03607	0.01192	0.00890	0.03513	0.05332	0.05618	0.02379	0.00647	0.04407	0.00159	0.05068	0.03001	0.00228	0.00544
30	0.05903	0.02638	0.13200	0.03497	0.06960	0.00995	0.39913	0.08979	0.01059	0.07227	0.04845	0.01153	0.00799	0.00411	0.00441	0.00133	0.00574	0.00431	0.00259	0.00581
31	0.00520	0.00371	0.00492	0.00582	0.00612	0.00349	0.00396	0.00600	0.00809	0.01077	0.04027	0.75267	0.03823	0.03817	0.00579	0.00176	0.00252	0.05529	0.00383	0.00339
32	0.02187	0.00839	0.01278	0.54051	0.03945	0.03222	0.04213	0.05506	0.00872	0.01163	0.00753	0.03018	0.00615	0.00494	0.00592	0.00145	0.16036	0.00387	0.00205	0.00479
33	0.05686	0.02916	0.08627	0.10404	0.26048	0.03354	0.11698	0.11244	0.02799	0.03264	0.04350	0.02369	0.01657	0.00466	0.00421	0.00131	0.00502	0.03220	0.00262	0.00580
34	0.00677	0.00499	0.00552	0.00527	0.00677	0.00461	0.00401	0.02784	0.08646	0.06825	0.12790	0.09879	0.50234	0.00954	0.00482	0.00141	0.00241	0.02405	0.00407	0.00417
35	0.00512	0.00417	0.00454	0.00455	0.00577	0.00358	0.00337	0.00634	0.00982	0.01230	0.20417	0.10691	0.59424	0.01031	0.00494	0.00141	0.00210	0.00876	0.00401	0.00358
36	0.05199	0.00990	0.04272	0.07807	0.03927	0.04658	0.33177	0.05810	0.01030	0.13893	0.04293	0.05999	0.01993	0.00500	0.00484	0.00138	0.03744	0.01244	0.00290	0.00551
37	0.00987	0.00896	0.01303	0.55207	0.10672	0.06888	0.03742	0.06469	0.03051	0.05606	0.00829	0.01095	0.00619	0.00424	0.00415	0.00133	0.00544	0.00371	0.00229	0.00520
38	0.00980	0.01120	0.02451	0.01751	0.02171	0.01050	0.81303	0.01331	0.00980	0.01331	0.00840	0.01120	0.00630	0.00350	0.00490	0.00140	0.00700	0.00490	0.00210	0.00560
39	0.00931	0.00888	0.01511	0.35149	0.50970	0.00961	0.01227	0.01190	0.00900	0.01239	0.00764	0.01060	0.00616	0.00388	0.00413	0.00129	0.00517	0.00370	0.00197	0.00580
40	0.05746	0.06057	0.23065	0.01223	0.01613	0.15195	0.26422	0.01401	0.03738	0.05237	0.00908	0.02540	0.02287	0.00432	0.00434	0.00130	0.02402	0.00388	0.00230	0.00553
41	0.00517	0.00400	0.00475	0.00529	0.00612	0.00358	0.00385	0.00616	0.00879	0.01107	0.03126	0.40763	0.37959	0.01175	0.00517	0.00159	0.00243	0.09447	0.00385	0.00348
42	0.44753	0.00901	0.00867	0.00713	0.00994	0.00998	0.00584	0.28443	0.02651	0.11156	0.00917	0.03772	0.00695	0.00473	0.00341	0.00129	0.00368	0.00334	0.00347	0.00565
43	0.00673	0.00928	0.22339	0.00793	0.01021	0.00618	0.02982	0.00965	0.06833	0.01268	0.11168	0.29815	0.10457	0.00878	0.00506	0.00150	0.03126	0.04696	0.00330	0.00453
44	0.01232	0.03639	0.15015	0.00880	0.01196	0.07154	0.04242	0.04893	0.16571	0.25631	0.04789	0.05689	0.05146	0.00571	0.00424	0.00132	0.00426	0.01397	0.00372	0.00600
45	0.00553	0.00436	0.00511	0.00551	0.00667	0.00393	0.00442	0.00686	0.00939	0.01159	0.03376	0.10240	0.49183	0.01103	0.00522	0.00160	0.00272	0.28061	0.00385	0.00361
46	0.02810	0.01836	0.01192	0.03061	0.03834	0.72500	0.00825	0.03098	0.01144	0.01070	0.00650	0.00777	0.00542	0.00441	0.00422	0.00112	0.04703	0.00279	0.00216	0.00489
47	0.01075	0.08984	0.26915	0.01295	0.05281	0.08892	0.23994	0.02884	0.06208	0.06866	0.00870	0.01005	0.00649	0.00411	0.00440	0.00129	0.02910	0.00372	0.00234	0.00587
48	0.00833	0.02149	0.83250	0.01184	0.01798	0.00965	0.01535	0.01315	0.00877	0.01315	0.00745	0.00877	0.00526	0.00395	0.00395	0.00132	0.00614	0.00307	0.00175	0.00614
49	0.00527	0.00381	0.00499	0.00557	0.00606	0.00352	0.00384	0.00634	0.00903	0.01224	0.23735	0.59985	0.06329	0.01171	0.00518	0.00157	0.00228	0.01054	0.00405	0.00352
50	0.06922	0.06019	0.28322	0.01009	0.01411	0.09267	0.07603	0.09767	0.03292	0.18164	0.01007	0.03705	0.00744	0.00460	0.00397	0.00127	0.00517	0.00370	0.00295	0.00602
51	0.00877	0.01126	0.24108	0.01052	0.01390	0.00778	0.20069	0.01241	0.07946	0.08014	0.04620	0.13088	0.06268	0.03000	0.04358	0.00172	0.00512	0.00563	0.00291	0.00528
52	0.02496	0.02356	0.02382	0.01696	0.02100	0.01063	0.76446	0.01318	0.00964	0.01325	0.00824	0.01100	0.00623	0.00361	0.00507	0.00140	0.03055	0.00478	0.00210	0.00555
53	0.01528	0.01910	0.01181	0.01090	0.02835	0.78205	0.00809	0.04112	0.01193	0.01077	0.00682	0.00828	0.00574	0.00441	0.00380	0.00109	0.00729	0.01605	0.00223	0.00490
54	0.00935	0.08930	0.65118	0.03270	0.01721	0.02108	0.03525	0.03931	0.00927	0.04684	0.00777	0.00896	0.00557	0.00399	0.00388	0.00128	0.00587	0.00313	0.00199	0.00607
55	0.00549	0.00409	0.00561	0.00630	0.00689	0.00384	0.02335	0.00656	0.00847	0.01110	0.02413	0.59148	0.09978	0.01224	0.00535	0.00170	0.00278	0.17351	0.00381	0.00353
56	0.00505	0.00365	0.00479	0.00570	0.00600	0.00338	0.00382	0.00579	0.00803	0.01064	0.02392	0.80795	0.07017	0.01288	0.00528	0.00167	0.00239	0.01165	0.00386	0.00338
57	0.01090	0.72583	0.02040	0.03304	0.02705	0.01546	0.02375	0.01322	0.07714	0.01059	0.00686	0.00770	0.00600	0.00375	0.00292	0.00096	0.00444	0.00256	0.00200	0.00544
58	0.11423	0.07284	0.14748	0.07296	0.03191	0.00882	0.06406	0.11152	0.01016	0.07396	0.01203	0.10049	0.01110	0.00671	0.02060	0.00151	0.00463	0.12676	0.00298	0.00524
59	0.00568	0.00395	0.00491	0.00540	0.00567	0.00383	0.00358	0.00626	0.00741	0.00982	0.03208	0.36601	0.04239	0.37827	0.01222	0.00272	0.00326	0.10018	0.00328	0.00307
60	0.02985	0.19168	0.13579	0.02586	0.01353	0.28725	0.05125	0.11929	0.02364	0.03949	0.02841	0.00904	0.00673	0.00432	0.00384	0.00115	0.01779	0.00312	0.00246	0.00552
61	0.13913	0.25995	0.15576	0.03166	0.01323	0.15926	0.05767	0.06575	0.03004	0.03107	0.00716	0.00821	0.00567	0.00404	0.00355	0.00115	0.01613	0.00288	0.00226	0.00542
62	0.05649	0.27710	0.36858	0.01075	0.01538	0.03408	0.13156	0.01327	0.03400	0.01248	0.00725	0.00855	0.00563	0.00381	0.00362	0.00119	0.00553	0.00308	0.00194	0.00570
63	0.00633	0.00454	0.00579	0.00547	0.00654	0.00430	0.00410	0.00877	0.05918	0.03262	0.69958	0.07713	0.05262	0.00856	0.00487	0.00134	0.00210	0.00755	0.00451	0.00410
64	0.01087	0.52283	0.17422	0.00913	0.01298	0.07801	0.06061	0.02963	0.02536	0.01117	0.00661	0.00773	0.00557	0.00385	0.00348	0.00106	0.02677	0.00271	0.00192	0.00550
65	0.04217	0.02642	0.03815	0.09781	0.04451	0.13575	0.04539	0.11538	0.07148	0.14888	0.08210	0.04155	0.01098	0.01625	0.02785	0.00148	0.04073	0.00431	0.00327	0.00553
66	0.01238	0.00948	0.01022	0.00862	0.01128	0.01064	0.00686	0.25959	0.50415	0.07257	0.03828	0.01420	0.01161	0.00549	0.00422	0.00135	0.00365	0.00446	0.00427	0.00668
67	0.16678	0.03532	0.04388	0.00825	0.01142	0.02322	0.02332	0.25636	0.10090	0.27175	0.01166	0.01114	0.00806	0.00478	0.00385	0.00128	0.00403	0.00365	0.00395	0.00641
68	0.04866	0.18858	0.02621	0.08141	0.03074	0.22920	0.03443	0.10224	0.03539	0.11798	0.02377	0.01051	0.01606	0.00459	0.00394	0.00118	0.02258	0.01425	0.00279	0.00551
69	0.01000	0.00958	0.01635	0.11994	0.73586	0.00980	0.01261	0.01250	0.00933	0.01323	0.00776	0.01037	0.00646	0.00375	0.00412	0.00125	0.00500	0.00370	0.00203	0.00635
70	0.00538	0.00393	0.00511	0.00583	0.00639	0.00366	0.00422	0.00645	0.00878	0.01160	0.10970	0.54570	0.12221	0.01201	0.00528	0.00165	0.00254	0.13212	0.00393	0.00352
71	0.01016	0.01035	0.01527	0.31822	0.26189	0.11756	0.12443	0.01280	0.02360	0.02992	0.00784	0.01048	0.00616	0.00408	0.00447	0.00131	0.03015	0.00376	0.00210	0.00545
72	0.00930	0.02141	0.02443	0.07088	0.06579	0.07037	0.09302	0.08808	0.09132	0.02787	0.03225	0.03702	0.06200	0.01001	0.11724	0.00216	0.01449	0.15432	0.00307	0.00499
73	0.01864	0.00707	0.00964	0.00739	0.01060	0.00611	0.00611	0.02024	0.01189	0.83099	0.01639	0.01414	0.01028	0.00514	0.00418	0.00129	0.00353	0.00418	0.00514	0.00707
