[name]
unknown

[dist]
# distance from previous block
# <min> <max>
0	38

[block]
# block no. 0 follows, 64 sequences, length 50
# corresponding to MSA columns:
# 42-91
name=unknown_A
#
# <colnr> <probs for GDERKNQSTAVLIFYWHMCP>
#	G	D	E	R	K	N	Q	S	T	A	V	L	I	F	Y	W	H	M	C	P
0	0.01194	0.06135	0.09863	0.00874	0.01168	0.09641	0.02166	0.14633	0.12922	0.13091	0.01300	0.05169	0.03298	0.00570	0.00439	0.00128	0.02778	0.06339	0.00340	0.07951
1	0.01419	0.01752	0.05064	0.01173	0.08923	0.62065	0.00855	0.03473	0.03009	0.02562	0.02145	0.00863	0.00638	0.00430	0.00381	0.00110	0.00668	0.00296	0.00232	0.03942
2	0.00956	0.11926	0.20653	0.00991	0.06133	0.03990	0.04071	0.03086	0.17300	0.02652	0.06859	0.01315	0.04142	0.00493	0.00427	0.00122	0.03736	0.00396	0.03793	0.06959
3	0.03230	0.59086	0.07130	0.00889	0.05645	0.07325	0.00803	0.09472	0.00985	0.01211	0.00647	0.00740	0.00555	0.00379	0.00305	0.00099	0.00478	0.00254	0.00208	0.00557
4	0.05804	0.09501	0.05586	0.02013	0.05335	0.02799	0.01868	0.17088	0.02229	0.08554	0.00944	0.05660	0.00775	0.00444	0.00361	0.00103	0.00398	0.00353	0.00298	0.29886
5	0.08307	0.09674	0.09066	0.02116	0.10458	0.30160	0.02416	0.07054	0.07860	0.01339	0.00774	0.00885	0.00620	0.00429	0.00406	0.00117	0.03796	0.00308	0.00241	0.03973
6	0.00687	0.00576	0.00722	0.03661	0.08977	0.02241	0.00526	0.00955	0.08312	0.01469	0.41412	0.03894	0.19987	0.00781	0.00465	0.00131	0.00270	0.00678	0.00390	0.03866
7	0.00564	0.00429	0.00523	0.00550	0.00633	0.00405	0.00393	0.00756	0.06748	0.01292	0.25277	0.39434	0.19311	0.01070	0.00503	0.00150	0.00228	0.00947	0.00408	0.00378
8	0.00786	0.00794	0.04494	0.81107	0.02819	0.00925	0.01169	0.01071	0.00832	0.01071	0.00739	0.01098	0.00553	0.00414	0.00414	0.00138	0.00556	0.00367	0.00184	0.00467
9	0.00524	0.00410	0.00467	0.00477	0.00577	0.00361	0.00344	0.00639	0.00956	0.01226	0.22913	0.18888	0.43939	0.05674	0.00587	0.00158	0.00223	0.00888	0.00396	0.00353
10	0.00592	0.00405	0.00461	0.00464	0.00479	0.00403	0.00273	0.00609	0.00639	0.00844	0.01551	0.04717	0.07909	0.72888	0.05798	0.00389	0.00417	0.00632	0.00264	0.00267
11	0.00523	0.00413	0.00471	0.00476	0.00586	0.00361	0.00350	0.00651	0.00994	0.01280	0.28083	0.15980	0.46301	0.01027	0.00497	0.00142	0.00211	0.00884	0.00408	0.00361
12	0.00535	0.00423	0.00482	0.00467	0.00588	0.00370	0.00351	0.00682	0.01052	0.01371	0.40141	0.03587	0.46554	0.00959	0.00490	0.00136	0.00204	0.00819	0.00419	0.00370
13	0.00784	0.00738	0.01246	0.84404	0.02861	0.00923	0.01154	0.01061	0.00831	0.01061	0.00738	0.01107	0.00554	0.00415	0.00415	0.00138	0.00554	0.00369	0.00185	0.00461
14	0.00909	0.00909	0.01272	0.01091	0.01091	0.01272	0.00909	0.01000	0.00636	0.01000	0.00545	0.00909	0.00545	0.00727	0.01363	0.00182	0.84642	0.00364	0.00182	0.00454
15	0.88336	0.00803	0.00611	0.00546	0.00803	0.00932	0.00450	0.01221	0.00707	0.01864	0.00578	0.00675	0.00450	0.00386	0.00257	0.00129	0.00321	0.00225	0.00257	0.00450
16	0.00961	0.01150	0.06740	0.06755	0.03830	0.01037	0.70488	0.01312	0.00965	0.01314	0.00828	0.01105	0.00621	0.00357	0.00479	0.00139	0.00682	0.00470	0.00207	0.00559
17	0.01033	0.00892	0.00939	0.00845	0.01080	0.01033	0.00657	0.02207	0.82061	0.01738	0.01691	0.01550	0.01268	0.00564	0.00423	0.00141	0.00329	0.00470	0.00423	0.00657
18	0.01206	0.47980	0.11824	0.00804	0.01181	0.04451	0.00797	0.09574	0.01014	0.10273	0.00772	0.00826	0.00611	0.00392	0.00321	0.00101	0.00458	0.00273	0.00245	0.06896
19	0.00823	0.00929	0.13613	0.00897	0.01013	0.02179	0.00798	0.01931	0.00696	0.02062	0.00802	0.01303	0.00774	0.13329	0.12528	0.08516	0.36785	0.00400	0.00204	0.00419
20	0.01552	0.01980	0.01177	0.01070	0.01284	0.83735	0.00803	0.01659	0.01177	0.01017	0.00642	0.00749	0.00535	0.00428	0.00375	0.00107	0.00749	0.00268	0.00214	0.00482
21	0.00966	0.00745	0.00969	0.04973	0.12094	0.05673	0.04449	0.08916	0.01153	0.10955	0.29163	0.06234	0.09442	0.00687	0.00456	0.00132	0.00361	0.01752	0.00375	0.00505
22	0.01044	0.01025	0.03966	0.06937	0.25789	0.08245	0.20246	0.03432	0.05360	0.06495	0.01135	0.08071	0.03544	0.00498	0.00438	0.00132	0.00519	0.00480	0.02077	0.00567
23	0.08553	0.00967	0.01607	0.05587	0.69262	0.00982	0.04476	0.01264	0.00922	0.01388	0.00765	0.01004	0.00635	0.00372	0.00401	0.00125	0.00489	0.00362	0.00209	0.00628
24	0.00522	0.00446	0.00490	0.02240	0.03300	0.00387	0.00370	0.00643	0.00963	0.01173	0.10382	0.03768	0.71877	0.01000	0.00487	0.00139	0.00226	0.00839	0.00381	0.00366
25	0.00534	0.00386	0.00493	0.00571	0.00622	0.00359	0.00406	0.00629	0.00836	0.01104	0.02507	0.59566	0.14044	0.02530	0.00547	0.00169	0.00255	0.10863	0.03235	0.00345
26	0.00980	0.01120	0.02451	0.01751	0.02171	0.01050	0.81303	0.01331	0.00980	0.01331	0.00840	0.01120	0.00630	0.00350	0.00490	0.00140	0.00700	0.00490	0.00210	0.00560
27	0.88336	0.00803	0.00611	0.00546	0.00803	0.00932	0.00450	0.01221	0.00707	0.01864	0.00578	0.00675	0.00450	0.00386	0.00257	0.00129	0.00321	0.00225	0.00257	0.00450
28	0.00913	0.00922	0.01346	0.01132	0.01158	0.01258	0.05908	0.01020	0.00658	0.01020	0.00564	0.00922	0.00551	0.00704	0.01309	0.00179	0.79422	0.00371	0.00184	0.00461
29	0.00721	0.00589	0.00882	0.06420	0.18952	0.00598	0.01832	0.00939	0.06682	0.02883	0.01759	0.43904	0.03415	0.01032	0.04411	0.00177	0.00377	0.03647	0.00328	0.00453
30	0.01160	0.76256	0.02064	0.00751	0.01091	0.10862	0.00721	0.01290	0.00881	0.00982	0.00585	0.00676	0.00533	0.00364	0.00279	0.00091	0.00478	0.00227	0.00182	0.00527
31	0.00778	0.00652	0.00690	0.00634	0.00818	0.00683	0.00488	0.05098	0.34733	0.01508	0.11659	0.02740	0.36271	0.00800	0.00459	0.00139	0.00270	0.00670	0.00410	0.00500
32	0.04004	0.29717	0.06081	0.00831	0.01192	0.03141	0.07018	0.11369	0.01034	0.08739	0.00817	0.01911	0.00651	0.00392	0.00339	0.00099	0.00435	0.00303	0.00263	0.21663
33	0.00512	0.00380	0.00480	0.00557	0.00609	0.00348	0.00387	0.00598	0.00836	0.01083	0.02678	0.63903	0.19136	0.01241	0.00525	0.00164	0.00243	0.05591	0.00385	0.00343
34	0.01540	0.04168	0.01203	0.01061	0.01278	0.81588	0.00800	0.01648	0.01168	0.01016	0.00640	0.00747	0.00535	0.00426	0.00372	0.00107	0.00741	0.00266	0.00213	0.00483
35	0.02893	0.19149	0.37478	0.01020	0.03487	0.02015	0.04465	0.06587	0.00985	0.09323	0.03540	0.01007	0.01576	0.00425	0.00384	0.00120	0.01362	0.00331	0.00243	0.03610
36	0.00913	0.02393	0.14018	0.04484	0.03992	0.00934	0.10159	0.01633	0.39553	0.01511	0.07649	0.02677	0.05921	0.00558	0.00447	0.00138	0.01614	0.00488	0.00335	0.00584
37	0.88336	0.00803	0.00611	0.00546	0.00803	0.00932	0.00450	0.01221	0.00707	0.01864	0.00578	0.00675	0.00450	0.00386	0.00257	0.00129	0.00321	0.00225	0.00257	0.00450
38	0.00734	0.00705	0.06840	0.10834	0.10405	0.00658	0.02429	0.00903	0.00831	0.03818	0.05124	0.09643	0.14875	0.11413	0.11508	0.00243	0.06799	0.01526	0.00277	0.00433
39	0.01081	0.09764	0.33167	0.04432	0.05502	0.09107	0.09038	0.08638	0.02375	0.06426	0.02083	0.00988	0.00667	0.00473	0.01882	0.00136	0.03074	0.00345	0.00237	0.00586
40	0.00973	0.01169	0.06261	0.01724	0.02153	0.01046	0.77541	0.01330	0.00976	0.01330	0.00836	0.01109	0.00625	0.00352	0.00486	0.00140	0.00696	0.00482	0.00208	0.00563
41	0.03265	0.00814	0.01023	0.00786	0.01109	0.00773	0.00649	0.20421	0.01358	0.63060	0.01472	0.01305	0.00944	0.00508	0.00414	0.00128	0.00377	0.00404	0.00487	0.00702
42	0.00971	0.08196	0.19223	0.14380	0.11421	0.02309	0.16493	0.05288	0.04232	0.03387	0.03096	0.01148	0.02857	0.00445	0.00464	0.00132	0.04769	0.00394	0.00232	0.00564
43	0.01001	0.04161	0.01353	0.01574	0.33563	0.00845	0.08804	0.02472	0.04953	0.05221	0.01491	0.25600	0.03129	0.03099	0.00541	0.00165	0.00449	0.00668	0.00326	0.00586
44	0.00650	0.00408	0.00525	0.00552	0.00629	0.00376	0.00392	0.00771	0.00932	0.07380	0.21850	0.47656	0.06697	0.01049	0.00489	0.00149	0.00233	0.00936	0.07943	0.00383
45	0.72965	0.00868	0.00693	0.00604	0.00867	0.05397	0.00494	0.03549	0.00813	0.09598	0.00695	0.00758	0.00517	0.00403	0.00283	0.00127	0.00351	0.00250	0.00284	0.00483
46	0.01072	0.03409	0.16012	0.05454	0.27074	0.03951	0.08370	0.09443	0.03385	0.06963	0.01897	0.05172	0.00821	0.00478	0.00457	0.00132	0.03739	0.01309	0.00260	0.00601
47	0.00725	0.00585	0.00895	0.24979	0.05768	0.00684	0.00726	0.00910	0.02013	0.03090	0.02139	0.01578	0.00965	0.13007	0.36377	0.00401	0.04078	0.00441	0.00227	0.00413
48	0.00532	0.00379	0.00476	0.00542	0.00572	0.00357	0.00357	0.00593	0.00768	0.01012	0.02214	0.57643	0.08749	0.20526	0.00891	0.00221	0.00280	0.03214	0.00355	0.00320
49	0.02069	0.03090	0.02593	0.08198	0.32264	0.00897	0.03745	0.11255	0.01969	0.11706	0.05705	0.04700	0.05415	0.01712	0.00473	0.00134	0.02723	0.00459	0.00302	0.00589

[dist]
# distance from previous block
# <min> <max>
0	49

[block]
# block no. 1 follows, 64 sequences, length 27
# corresponding to MSA columns:
# 141-167
name=unknown_B
#
# <colnr> <probs for GDERKNQSTAVLIFYWHMCP>
#	G	D	E	R	K	N	Q	S	T	A	V	L	I	F	Y	W	H	M	C	P
0	0.15612	0.22066	0.05463	0.03201	0.10757	0.17368	0.05280	0.09267	0.01014	0.01380	0.00753	0.00878	0.02180	0.00418	0.00374	0.00116	0.02800	0.00303	0.00231	0.00539
1	0.03286	0.01924	0.01989	0.00528	0.00664	0.02182	0.00407	0.00789	0.05480	0.01239	0.15409	0.10453	0.43514	0.04643	0.04058	0.00174	0.00292	0.02214	0.00372	0.00384
2	0.00993	0.06419	0.02827	0.05944	0.16787	0.08956	0.05960	0.04369	0.04824	0.01312	0.04963	0.03183	0.00870	0.01905	0.00508	0.00120	0.08577	0.00376	0.00247	0.20860
3	0.00567	0.00413	0.00460	0.00462	0.00519	0.00384	0.00295	0.00618	0.00756	0.00975	0.05953	0.10619	0.25909	0.46675	0.01368	0.00283	0.00319	0.00736	0.00313	0.02375
4	0.01110	0.78554	0.06521	0.00744	0.01112	0.01596	0.00758	0.03710	0.00880	0.01046	0.00599	0.00688	0.00538	0.00362	0.00278	0.00092	0.00454	0.00231	0.00185	0.00543
5	0.06290	0.03679	0.07809	0.13606	0.19193	0.02367	0.03297	0.06307	0.00987	0.17690	0.01020	0.01259	0.00791	0.01999	0.09560	0.00192	0.00544	0.02554	0.00285	0.00571
6	0.00590	0.00418	0.00496	0.00485	0.00570	0.00385	0.00342	0.00700	0.00934	0.02584	0.31884	0.07036	0.25104	0.19381	0.02381	0.02606	0.00271	0.00743	0.02744	0.00346
7	0.00702	0.00460	0.00598	0.00572	0.00672	0.00455	0.00424	0.02283	0.02073	0.07531	0.26219	0.09049	0.11880	0.10249	0.20414	0.04554	0.00466	0.00657	0.00356	0.00386
8	0.01405	0.01053	0.01122	0.00894	0.01189	0.01173	0.00728	0.58586	0.19664	0.02353	0.01175	0.01156	0.00854	0.00512	0.00409	0.00126	0.00411	0.00396	0.06120	0.00675
9	0.01579	0.01163	0.01247	0.00956	0.01288	0.01288	0.00789	0.81426	0.01953	0.02618	0.00997	0.00997	0.00706	0.00499	0.00416	0.00125	0.00457	0.00374	0.00416	0.00706
10	0.01111	0.85652	0.02177	0.00711	0.01066	0.01644	0.00711	0.01244	0.00844	0.00977	0.00577	0.00666	0.00533	0.00355	0.00267	0.00089	0.00444	0.00222	0.00178	0.00533
11	0.00506	0.00361	0.00482	0.00578	0.00602	0.00337	0.00386	0.00578	0.00795	0.01060	0.02289	0.85131	0.02747	0.01301	0.00530	0.00169	0.00241	0.01181	0.00386	0.00337
12	0.00904	0.02859	0.02520	0.05969	0.34864	0.02897	0.02289	0.03782	0.12124	0.01388	0.06488	0.03029	0.16472	0.00578	0.00429	0.00130	0.00403	0.00510	0.01810	0.00556
13	0.00784	0.00738	0.01246	0.84404	0.02861	0.00923	0.01154	0.01061	0.00831	0.01061	0.00738	0.01107	0.00554	0.00415	0.00415	0.00138	0.00554	0.00369	0.00185	0.00461
14	0.00774	0.00387	0.00387	0.00387	0.00484	0.00387	0.00290	0.00968	0.00871	0.01549	0.01355	0.01549	0.01065	0.00484	0.00290	0.00097	0.00194	0.00387	0.87708	0.00387
15	0.00836	0.00851	0.02999	0.18119	0.14638	0.00834	0.29166	0.01107	0.00966	0.01317	0.14805	0.05236	0.03566	0.00538	0.00465	0.00138	0.00508	0.03142	0.00263	0.00507
16	0.03250	0.01530	0.23774	0.01435	0.01867	0.14631	0.42507	0.03550	0.01005	0.01323	0.00780	0.00980	0.00584	0.00380	0.00438	0.00132	0.00669	0.00395	0.00208	0.00563
17	0.01033	0.00892	0.00939	0.00845	0.01080	0.01033	0.00657	0.02207	0.82061	0.01738	0.01691	0.01550	0.01268	0.00564	0.00423	0.00141	0.00329	0.00470	0.00423	0.00657
18	0.00856	0.00646	0.00712	0.00663	0.00829	0.02021	0.00507	0.10321	0.19574	0.06336	0.09780	0.19800	0.21784	0.00872	0.00471	0.00144	0.00294	0.03495	0.00409	0.00487
19	0.07750	0.08547	0.10916	0.04193	0.18471	0.06444	0.08589	0.06834	0.02386	0.16645	0.01018	0.02200	0.01774	0.00450	0.00398	0.00126	0.00489	0.01885	0.00287	0.00598
20	0.05556	0.03497	0.20631	0.02646	0.03914	0.04981	0.08536	0.03884	0.11306	0.05529	0.01055	0.02792	0.03260	0.00473	0.00452	0.00125	0.05881	0.00381	0.03332	0.11772
21	0.00669	0.00450	0.00517	0.00496	0.00634	0.00392	0.00375	0.00793	0.00991	0.10071	0.17928	0.08499	0.48431	0.04554	0.00557	0.00152	0.00239	0.03453	0.00407	0.00393
22	0.00610	0.00485	0.02865	0.00686	0.03010	0.00431	0.02497	0.00754	0.03666	0.03902	0.03652	0.63200	0.08056	0.01171	0.01654	0.00168	0.00288	0.02145	0.00375	0.00386
23	0.03603	0.06275	0.11621	0.05098	0.23499	0.03859	0.05970	0.15988	0.02285	0.14285	0.01078	0.02534	0.00833	0.00514	0.00453	0.00146	0.00528	0.00413	0.00332	0.00687
24	0.06876	0.04065	0.05136	0.02515	0.07425	0.02632	0.05469	0.04978	0.06964	0.05079	0.00889	0.02422	0.00778	0.06527	0.07800	0.00207	0.26590	0.00395	0.00248	0.03003
25	0.01000	0.00865	0.02605	0.01018	0.03197	0.04393	0.14791	0.11852	0.01009	0.07017	0.06226	0.03642	0.02639	0.06123	0.10617	0.00222	0.16298	0.03000	0.02988	0.00497
26	0.19582	0.11029	0.04911	0.02603	0.07517	0.09751	0.07225	0.09993	0.02608	0.05289	0.00823	0.00930	0.01866	0.00417	0.00384	0.00116	0.03189	0.00315	0.00261	0.11190

[dist]
# distance from previous block
# <min> <max>
0	78

[block]
# block no. 2 follows, 64 sequences, length 16
# corresponding to MSA columns:
# 246-261
name=unknown_C
#
# <colnr> <probs for GDERKNQSTAVLIFYWHMCP>
#	G	D	E	R	K	N	Q	S	T	A	V	L	I	F	Y	W	H	M	C	P
0	0.09027	0.06259	0.04603	0.00809	0.08158	0.01900	0.00606	0.03659	0.05829	0.03567	0.14204	0.04251	0.08963	0.01769	0.00407	0.00114	0.00334	0.00453	0.00310	0.24778
1	0.01051	0.16906	0.21799	0.01186	0.13420	0.07675	0.04546	0.07715	0.05048	0.01367	0.00782	0.00902	0.00618	0.00387	0.00365	0.00109	0.00502	0.00309	0.00228	0.15084
2	0.00649	0.00469	0.00580	0.00556	0.00666	0.00451	0.00411	0.00881	0.07512	0.04030	0.42260	0.12040	0.13276	0.06326	0.06270	0.00189	0.00296	0.00743	0.00406	0.01987
3	0.00911	0.02291	0.14949	0.12086	0.14759	0.02176	0.03268	0.05100	0.03203	0.06239	0.14553	0.01659	0.08021	0.02641	0.00483	0.00135	0.01952	0.00469	0.00291	0.04813
4	0.00729	0.00623	0.02945	0.03586	0.12117	0.00627	0.00623	0.04523	0.07957	0.01218	0.06046	0.16364	0.05381	0.11064	0.23957	0.00319	0.00571	0.00612	0.00297	0.00440
5	0.01054	0.07548	0.02425	0.00881	0.02307	0.01051	0.02880	0.12904	0.48563	0.01683	0.02793	0.03475	0.01151	0.01933	0.05649	0.00172	0.02097	0.00454	0.00369	0.00611
6	0.03268	0.06525	0.05034	0.04013	0.05289	0.02349	0.03463	0.18533	0.01105	0.09637	0.00950	0.01100	0.00743	0.00877	0.14759	0.00203	0.00545	0.00348	0.02033	0.19226
7	0.20506	0.04963	0.07791	0.04333	0.06606	0.26528	0.05576	0.01430	0.00963	0.10488	0.00819	0.03573	0.00656	0.00453	0.00403	0.00124	0.03677	0.00333	0.00255	0.00523
8	0.00513	0.00364	0.00480	0.00569	0.00592	0.00342	0.00376	0.00580	0.00782	0.01042	0.02219	0.79216	0.02658	0.07338	0.00644	0.00185	0.00253	0.01139	0.00376	0.00331
9	0.00784	0.00738	0.01246	0.84404	0.02861	0.00923	0.01154	0.01061	0.00831	0.01061	0.00738	0.01107	0.00554	0.00415	0.00415	0.00138	0.00554	0.00369	0.00185	0.00461
10	0.00833	0.02149	0.83250	0.01184	0.01798	0.00965	0.01535	0.01315	0.00877	0.01315	0.00745	0.00877	0.00526	0.00395	0.00395	0.00132	0.00614	0.00307	0.00175	0.00614
11	0.00784	0.00738	0.01246	0.84404	0.02861	0.00923	0.01154	0.01061	0.00831	0.01061	0.00738	0.01107	0.00554	0.00415	0.00415	0.00138	0.00554	0.00369	0.00185	0.00461
12	0.01106	0.10209	0.04841	0.00788	0.00982	0.12062	0.00654	0.14479	0.01027	0.08216	0.01017	0.01427	0.00901	0.16146	0.09093	0.00228	0.08443	0.01822	0.06073	0.00486
13	0.00659	0.00471	0.00657	0.00753	0.00844	0.00469	0.00651	0.00842	0.00946	0.01231	0.02205	0.09870	0.02414	0.01157	0.00571	0.00190	0.00373	0.74935	0.00383	0.00380
14	0.88336	0.00803	0.00611	0.00546	0.00803	0.00932	0.00450	0.01221	0.00707	0.01864	0.00578	0.00675	0.00450	0.00386	0.00257	0.00129	0.00321	0.00225	0.00257	0.00450
15	0.00814	0.04830	0.23593	0.01002	0.10869	0.00735	0.02357	0.01084	0.00964	0.02955	0.21535	0.01663	0.06844	0.00538	0.00424	0.00117	0.01842	0.00455	0.00284	0.17096

[dist]
# distance from previous block
# <min> <max>
0	1

[block]
# block no. 3 follows, 64 sequences, length 10
# corresponding to MSA columns:
# 263-272
name=unknown_D
#
# <colnr> <probs for GDERKNQSTAVLIFYWHMCP>
#	G	D	E	R	K	N	Q	S	T	A	V	L	I	F	Y	W	H	M	C	P
0	0.00610	0.00423	0.00507	0.00507	0.00616	0.00376	0.00372	0.00741	0.00993	0.05981	0.27578	0.22637	0.32884	0.01003	0.00490	0.00142	0.00221	0.00871	0.02667	0.00382
1	0.00882	0.01806	0.56329	0.01373	0.01922	0.00993	0.28112	0.01320	0.00911	0.01320	0.00777	0.00958	0.00561	0.00380	0.00426	0.00134	0.00643	0.00368	0.00187	0.00596
2	0.71774	0.00965	0.00705	0.00633	0.00883	0.11952	0.00509	0.01336	0.05446	0.01744	0.00651	0.00735	0.00508	0.00401	0.00282	0.00126	0.00379	0.00245	0.00261	0.00466
3	0.00718	0.00558	0.00834	0.01069	0.15685	0.00556	0.00750	0.00907	0.00938	0.01245	0.01952	0.12268	0.02113	0.01022	0.00540	0.00177	0.00388	0.57502	0.00351	0.00428
4	0.00818	0.00733	0.01061	0.02796	0.04905	0.00757	0.09106	0.01093	0.08934	0.01232	0.03942	0.02997	0.00967	0.05082	0.18038	0.00247	0.12165	0.00415	0.00254	0.24458
5	0.00708	0.00453	0.00585	0.04915	0.00783	0.00422	0.00450	0.00823	0.00904	0.12011	0.05151	0.37531	0.25310	0.01142	0.04262	0.00176	0.00306	0.03280	0.00387	0.00401
6	0.04403	0.09582	0.06740	0.04359	0.15760	0.02032	0.06424	0.11018	0.04796	0.04260	0.17797	0.01505	0.02610	0.02211	0.00442	0.00128	0.00417	0.00444	0.00306	0.04765
7	0.01070	0.36887	0.35768	0.00968	0.01426	0.04241	0.04547	0.01360	0.00905	0.08204	0.00752	0.00841	0.00577	0.00388	0.00346	0.00113	0.00529	0.00288	0.00208	0.00581
8	0.13366	0.00720	0.00917	0.00713	0.01026	0.00653	0.00589	0.01917	0.01125	0.72293	0.01498	0.01315	0.00951	0.00497	0.00396	0.00129	0.00349	0.00392	0.00480	0.00673
9	0.00744	0.01174	0.31431	0.16947	0.10490	0.00760	0.01063	0.01035	0.00869	0.01201	0.01411	0.18166	0.07844	0.00667	0.00444	0.00143	0.00471	0.04389	0.00250	0.00502

[dist]
# distance from previous block
# <min> <max>
0	4

[block]
# block no. 4 follows, 64 sequences, length 30
# corresponding to MSA columns:
# 277-306
name=unknown_E
#
# <colnr> <probs for GDERKNQSTAVLIFYWHMCP>
#	G	D	E	R	K	N	Q	S	T	A	V	L	I	F	Y	W	H	M	C	P
0	0.01235	0.03409	0.18809	0.05665	0.28012	0.00915	0.05403	0.06172	0.01050	0.23727	0.01016	0.01099	0.00724	0.00423	0.00410	0.00127	0.00491	0.00372	0.00294	0.00646
1	0.01022	0.06717	0.05827	0.03282	0.18402	0.03746	0.13146	0.04346	0.03743	0.05232	0.00922	0.02786	0.01713	0.01900	0.00693	0.00148	0.22082	0.03506	0.00240	0.00547
2	0.44477	0.00816	0.09448	0.00656	0.00887	0.00772	0.00585	0.01098	0.00732	0.05438	0.00842	0.01114	0.00712	0.05175	0.25328	0.00303	0.00594	0.00327	0.00250	0.00447
3	0.40061	0.00968	0.03521	0.01427	0.34366	0.05082	0.00850	0.01246	0.00845	0.01563	0.03263	0.00913	0.00654	0.00408	0.00374	0.00127	0.03244	0.00310	0.00235	0.00540
4	0.17039	0.07867	0.07033	0.05172	0.13848	0.00882	0.00764	0.04047	0.05573	0.12190	0.03538	0.01040	0.00777	0.00413	0.00353	0.00112	0.00393	0.00326	0.00286	0.18345
5	0.09114	0.06595	0.01254	0.00988	0.03763	0.15987	0.02932	0.38171	0.07541	0.04100	0.00906	0.00956	0.00681	0.00476	0.00434	0.00124	0.04693	0.00343	0.00330	0.00611
6	0.00604	0.00408	0.00480	0.00483	0.00505	0.00406	0.00300	0.00626	0.00667	0.00885	0.04661	0.02793	0.07186	0.64143	0.05683	0.04744	0.00412	0.04471	0.00270	0.00272
7	0.00919	0.05039	0.01337	0.57486	0.13323	0.00990	0.01093	0.05059	0.02377	0.04021	0.00790	0.01080	0.00603	0.00428	0.00444	0.00135	0.03781	0.00365	0.00214	0.00515
8	0.01261	0.37566	0.12623	0.00909	0.01246	0.23896	0.00856	0.09024	0.01052	0.04371	0.00698	0.00785	0.00569	0.00412	0.00368	0.00107	0.03212	0.00272	0.00223	0.00551
9	0.00587	0.00418	0.00544	0.02581	0.00647	0.00431	0.00401	0.00662	0.00706	0.00951	0.01615	0.21797	0.03307	0.36695	0.19377	0.00376	0.00518	0.07781	0.00289	0.00316
10	0.88336	0.00803	0.00611	0.00546	0.00803	0.00932	0.00450	0.01221	0.00707	0.01864	0.00578	0.00675	0.00450	0.00386	0.00257	0.00129	0.00321	0.00225	0.00257	0.00450
11	0.00833	0.02149	0.83250	0.01184	0.01798	0.00965	0.01535	0.01315	0.00877	0.01315	0.00745	0.00877	0.00526	0.00395	0.00395	0.00132	0.00614	0.00307	0.00175	0.00614
12	0.02885	0.04531	0.01386	0.01377	0.23615	0.02059	0.07934	0.19383	0.15827	0.05111	0.01016	0.01095	0.00776	0.00431	0.00400	0.00120	0.00444	0.00377	0.00310	0.10926
13	0.00992	0.01047	0.15042	0.08691	0.10353	0.04927	0.02416	0.05021	0.02209	0.09655	0.01178	0.06685	0.05172	0.03551	0.00526	0.00135	0.05592	0.01862	0.00275	0.14672
14	0.04616	0.21522	0.27643	0.01062	0.07230	0.02468	0.03219	0.09293	0.06289	0.02617	0.04670	0.01004	0.00774	0.00440	0.00411	0.00121	0.04067	0.00334	0.00243	0.01978
15	0.01274	0.17737	0.26232	0.01106	0.05384	0.01049	0.06986	0.01513	0.01025	0.23287	0.03688	0.02564	0.00916	0.00526	0.00480	0.00144	0.04716	0.00401	0.00318	0.00651
16	0.00618	0.00406	0.00508	0.00541	0.00578	0.00390	0.00360	0.00683	0.00773	0.04193	0.08293	0.34839	0.02230	0.36440	0.01189	0.00264	0.00320	0.06711	0.00340	0.00324
17	0.01645	0.02285	0.10499	0.01986	0.01028	0.00625	0.09828	0.01041	0.06225	0.05327	0.17312	0.17744	0.09869	0.00774	0.00474	0.00141	0.01626	0.04332	0.06779	0.00460
18	0.05677	0.07913	0.20365	0.04991	0.09426	0.06128	0.03562	0.07949	0.05574	0.11580	0.03289	0.01138	0.01763	0.00480	0.00474	0.00131	0.07415	0.01289	0.00276	0.00583
19	0.00784	0.00738	0.01246	0.84404	0.02861	0.00923	0.01154	0.01061	0.00831	0.01061	0.00738	0.01107	0.00554	0.00415	0.00415	0.00138	0.00554	0.00369	0.00185	0.00461
20	0.00529	0.00387	0.00491	0.00537	0.00595	0.00356	0.00372	0.00634	0.00904	0.01212	0.23040	0.49638	0.13640	0.04927	0.00586	0.00166	0.00233	0.01005	0.00398	0.00349
21	0.02338	0.06754	0.13804	0.02052	0.01181	0.00969	0.03252	0.15631	0.18537	0.06500	0.05132	0.01390	0.03400	0.03963	0.03880	0.04210	0.05703	0.00421	0.00320	0.00562
22	0.18905	0.02730	0.08384	0.02298	0.14175	0.05157	0.06592	0.12930	0.08703	0.12087	0.01029	0.02409	0.01907	0.00457	0.00385	0.00128	0.00450	0.00372	0.00309	0.00594
23	0.05750	0.01168	0.25808	0.03055	0.05466	0.01918	0.12113	0.01278	0.06585	0.07144	0.08603	0.01447	0.05007	0.00632	0.04804	0.00158	0.00499	0.00434	0.07591	0.00539
24	0.00629	0.00384	0.00513	0.00520	0.00561	0.00367	0.00356	0.00599	0.00735	0.00975	0.13563	0.12336	0.14058	0.07762	0.02851	0.42304	0.00317	0.00618	0.00284	0.00266
25	0.01031	0.13899	0.15037	0.03842	0.05771	0.11177	0.07867	0.08006	0.06689	0.02411	0.03498	0.11052	0.00992	0.00535	0.00421	0.00125	0.02143	0.00445	0.00265	0.04794
26	0.04135	0.06732	0.16790	0.06820	0.14426	0.07605	0.06179	0.12389	0.10603	0.03898	0.00937	0.03178	0.00739	0.00461	0.00433	0.00129	0.03309	0.00377	0.00267	0.00594
27	0.00689	0.00527	0.01719	0.00551	0.00700	0.00478	0.01657	0.04221	0.06814	0.05696	0.09691	0.13436	0.42728	0.05039	0.00553	0.00153	0.00261	0.00783	0.03895	0.00412
28	0.00698	0.00483	0.00600	0.00559	0.00690	0.00447	0.01784	0.02124	0.04595	0.07918	0.35547	0.11271	0.24775	0.04905	0.00562	0.00151	0.00248	0.01810	0.00418	0.00413
29	0.02659	0.12240	0.16296	0.01311	0.19319	0.05046	0.06652	0.07728	0.06041	0.11670	0.01101	0.01174	0.05014	0.00455	0.00408	0.00124	0.01502	0.00379	0.00276	0.00606

[dist]
# distance from previous block
# <min> <max>
2	8

[block]
# block no. 5 follows, 64 sequences, length 23
# corresponding to MSA columns:
# 316-338
name=unknown_F
#
# <colnr> <probs for GDERKNQSTAVLIFYWHMCP>
#	G	D	E	R	K	N	Q	S	T	A	V	L	I	F	Y	W	H	M	C	P
0	0.02188	0.01892	0.08092	0.00847	0.02903	0.04892	0.02783	0.06917	0.00915	0.02397	0.07018	0.12286	0.06619	0.01229	0.17721	0.00252	0.13187	0.03170	0.02874	0.01816
1	0.07419	0.01027	0.05401	0.10790	0.38753	0.04332	0.06214	0.07403	0.06192	0.01448	0.00909	0.03931	0.00765	0.00452	0.00424	0.00131	0.01566	0.02008	0.00245	0.00590
2	0.01469	0.01787	0.01139	0.01029	0.01245	0.69384	0.00778	0.05096	0.08833	0.01151	0.00773	0.00867	0.00630	0.00541	0.03391	0.00131	0.00710	0.00298	0.00243	0.00504
3	0.00620	0.00448	0.00548	0.00536	0.00651	0.00415	0.00407	0.00805	0.03594	0.04338	0.38687	0.09097	0.26567	0.02205	0.03525	0.00164	0.00262	0.06322	0.00416	0.00392
4	0.08334	0.00560	0.00699	0.00622	0.00801	0.00522	0.00476	0.02723	0.01015	0.32926	0.13776	0.24134	0.04282	0.04784	0.00525	0.00152	0.00294	0.00676	0.02199	0.00502
5	0.00694	0.00514	0.00605	0.00627	0.00716	0.00460	0.00445	0.00772	0.01022	0.01365	0.23737	0.28807	0.23311	0.08019	0.00700	0.00197	0.00297	0.06845	0.00438	0.00428
6	0.00654	0.00409	0.00463	0.00456	0.00549	0.00388	0.00336	0.00817	0.00958	0.01445	0.28557	0.02617	0.13148	0.09160	0.00575	0.00148	0.00224	0.03334	0.35392	0.00370
7	0.01296	0.01023	0.01087	0.00898	0.01180	0.01156	0.00721	0.40304	0.43537	0.02161	0.01357	0.01284	0.00998	0.00532	0.00419	0.00133	0.00390	0.00424	0.00419	0.00681
8	0.00909	0.00909	0.01272	0.01091	0.01091	0.01272	0.00909	0.01000	0.00636	0.01000	0.00545	0.00909	0.00545	0.00727	0.01363	0.00182	0.84642	0.00364	0.00182	0.00454
9	0.88336	0.00803	0.00611	0.00546	0.00803	0.00932	0.00450	0.01221	0.00707	0.01864	0.00578	0.00675	0.00450	0.00386	0.00257	0.00129	0.00321	0.00225	0.00257	0.00450
10	0.82607	0.00797	0.00634	0.00559	0.00820	0.00911	0.00460	0.01274	0.00739	0.07246	0.00649	0.00724	0.00488	0.00394	0.00268	0.00129	0.00323	0.00238	0.00274	0.00467
11	0.01179	0.00666	0.00823	0.00685	0.00899	0.00657	0.00546	0.15944	0.05056	0.26370	0.33556	0.02027	0.02127	0.00768	0.04375	0.00154	0.00340	0.00545	0.02726	0.00556
12	0.00491	0.00421	0.00421	0.00421	0.00561	0.00351	0.00316	0.00596	0.00947	0.01122	0.04208	0.03997	0.82643	0.01052	0.00491	0.00140	0.00210	0.00877	0.00386	0.00351
13	0.00921	0.00824	0.01161	0.47489	0.05939	0.00982	0.00970	0.05455	0.28999	0.01386	0.01083	0.01251	0.00813	0.00469	0.00418	0.00138	0.00468	0.00404	0.00279	0.00551
14	0.06087	0.00967	0.01292	0.13587	0.03634	0.11349	0.17719	0.05495	0.08587	0.10214	0.02323	0.01482	0.04732	0.00680	0.05952	0.00170	0.00554	0.04351	0.00294	0.00531
15	0.00553	0.00390	0.00467	0.00507	0.00542	0.00369	0.00328	0.00596	0.00741	0.00964	0.02174	0.34704	0.15714	0.33333	0.01173	0.03831	0.00306	0.02680	0.00326	0.00302
16	0.00678	0.00473	0.00569	0.00591	0.00689	0.00457	0.00424	0.00911	0.11538	0.07004	0.04894	0.45303	0.18198	0.04119	0.00557	0.00164	0.00262	0.02365	0.00397	0.00408
17	0.02301	0.05367	0.01342	0.08080	0.23860	0.30060	0.04408	0.03247	0.02628	0.01217	0.02608	0.06624	0.00855	0.00494	0.00420	0.00123	0.01885	0.02238	0.00237	0.02006
18	0.00745	0.00544	0.00775	0.06242	0.00883	0.00642	0.00570	0.04671	0.00704	0.00979	0.00987	0.03548	0.03490	0.03141	0.26051	0.30456	0.14587	0.00430	0.00218	0.00338
19	0.00516	0.00366	0.00479	0.00565	0.00587	0.00344	0.00371	0.00581	0.00775	0.01033	0.02185	0.76378	0.02616	0.10234	0.00698	0.00194	0.00258	0.01120	0.00371	0.00328
20	0.03591	0.07900	0.07180	0.00987	0.09744	0.10376	0.00750	0.01029	0.00819	0.01103	0.04348	0.01482	0.06856	0.06805	0.20858	0.00281	0.14787	0.00422	0.00230	0.00454
21	0.03830	0.07727	0.05368	0.04115	0.07972	0.15641	0.02949	0.06053	0.02310	0.01201	0.00923	0.02400	0.00813	0.03178	0.29459	0.00316	0.01935	0.00380	0.02957	0.00476
22	0.05003	0.18347	0.17546	0.01029	0.06153	0.12520	0.05941	0.04415	0.13304	0.01355	0.04646	0.01167	0.04211	0.00462	0.00378	0.00120	0.00493	0.00365	0.00258	0.02287

[dist]
# distance from previous block
# <min> <max>
1	25

[block]
# block no. 6 follows, 64 sequences, length 17
# corresponding to MSA columns:
# 365-381
name=unknown_G
#
# <colnr> <probs for GDERKNQSTAVLIFYWHMCP>
#	G	D	E	R	K	N	Q	S	T	A	V	L	I	F	Y	W	H	M	C	P
0	0.00749	0.02159	0.00902	0.10565	0.12526	0.02084	0.02548	0.03675	0.09185	0.01244	0.01913	0.34166	0.12443	0.00851	0.00466	0.00145	0.00350	0.00758	0.00327	0.02944
1	0.00798	0.00729	0.01029	0.15876	0.26421	0.03832	0.00802	0.03652	0.00957	0.01249	0.07432	0.09775	0.20948	0.04074	0.00515	0.00145	0.00396	0.00600	0.00289	0.00480
2	0.00706	0.00586	0.00748	0.00743	0.05820	0.00621	0.00534	0.04379	0.05135	0.01451	0.38066	0.02679	0.21172	0.02334	0.00637	0.00145	0.12768	0.00666	0.00377	0.00433
3	0.00726	0.00586	0.00696	0.00558	0.00790	0.00475	0.00425	0.00891	0.00939	0.01381	0.26709	0.01949	0.06828	0.09207	0.00561	0.00123	0.00276	0.00480	0.00322	0.46079
4	0.09686	0.00573	0.00727	0.00644	0.00745	0.00614	0.03942	0.02080	0.00709	0.04855	0.01087	0.01885	0.01105	0.40326	0.16296	0.00354	0.07854	0.00476	0.00253	0.05788
5	0.01552	0.01980	0.01177	0.01070	0.01284	0.83735	0.00803	0.01659	0.01177	0.01017	0.00642	0.00749	0.00535	0.00428	0.00375	0.00107	0.00749	0.00268	0.00214	0.00482
6	0.01105	0.00876	0.00941	0.00836	0.01078	0.00996	0.00653	0.02191	0.75028	0.08813	0.01686	0.01538	0.01247	0.00559	0.00422	0.00140	0.00331	0.00465	0.00431	0.00662
7	0.01497	0.01084	0.01159	0.00898	0.01206	0.01196	0.00739	0.73216	0.01843	0.02509	0.01034	0.01054	0.00743	0.00497	0.00403	0.00122	0.00430	0.00375	0.09323	0.00674
8	0.00581	0.00415	0.00511	0.00497	0.00578	0.00386	0.00354	0.00725	0.01015	0.01411	0.51594	0.07757	0.12600	0.15834	0.00773	0.00181	0.00237	0.00752	0.03441	0.00359
9	0.01120	0.00999	0.00968	0.00865	0.01099	0.09457	0.00671	0.05981	0.65957	0.03649	0.01563	0.03481	0.01196	0.00563	0.00420	0.00137	0.00376	0.00460	0.00402	0.00635
10	0.00577	0.00452	0.00576	0.07793	0.00804	0.00428	0.00442	0.00751	0.01066	0.01427	0.48099	0.03262	0.28591	0.00885	0.00486	0.00136	0.00237	0.03193	0.00409	0.00385
11	0.00544	0.00416	0.00493	0.00487	0.00589	0.00371	0.00356	0.00685	0.01027	0.01363	0.41483	0.11601	0.33393	0.04648	0.00565	0.00150	0.00215	0.00835	0.00414	0.00365
12	0.01043	0.71216	0.08845	0.00728	0.01074	0.01479	0.00740	0.01194	0.00826	0.00991	0.00655	0.00862	0.00617	0.07755	0.00438	0.00120	0.00455	0.00262	0.00184	0.00515
13	0.00572	0.00427	0.00564	0.00560	0.00642	0.00434	0.00416	0.00708	0.00859	0.01181	0.25184	0.07117	0.15045	0.10153	0.33830	0.00375	0.00586	0.00658	0.00328	0.00360
14	0.01135	0.12948	0.04272	0.01802	0.02522	0.31576	0.00733	0.05118	0.05309	0.01203	0.05329	0.03237	0.08469	0.00604	0.02065	0.00130	0.07524	0.01221	0.00261	0.04542
15	0.00928	0.00876	0.01408	0.10562	0.50146	0.02348	0.04093	0.01221	0.06636	0.01305	0.01128	0.10380	0.02404	0.00537	0.00437	0.00135	0.00463	0.04165	0.00250	0.00578
16	0.03387	0.24919	0.02868	0.02428	0.10275	0.06711	0.03781	0.07734	0.03526	0.05406	0.14076	0.01352	0.03379	0.00570	0.02457	0.00131	0.03940	0.00400	0.00284	0.02377

[dist]
# distance from previous block
# <min> <max>
0	7

[block]
# block no. 7 follows, 64 sequences, length 19
# corresponding to MSA columns:
# 389-407
name=unknown_H
#
# <colnr> <probs for GDERKNQSTAVLIFYWHMCP>
#	G	D	E	R	K	N	Q	S	T	A	V	L	I	F	Y	W	H	M	C	P
0	0.18098	0.02586	0.01379	0.08836	0.31128	0.07190	0.00993	0.04403	0.02527	0.03365	0.01063	0.01413	0.00918	0.04600	0.03232	0.00205	0.04785	0.00433	0.02178	0.00673
1	0.01058	0.04291	0.10148	0.12643	0.18144	0.02158	0.17827	0.07114	0.12317	0.06067	0.00961	0.01113	0.00725	0.00423	0.00434	0.00131	0.01676	0.00396	0.00263	0.02111
2	0.40215	0.00603	0.00567	0.00527	0.00670	0.00659	0.00383	0.00971	0.00698	0.05946	0.01062	0.03159	0.02675	0.33394	0.06713	0.00272	0.00405	0.00428	0.00272	0.00378
3	0.01803	0.14256	0.09724	0.00890	0.07665	0.00866	0.01596	0.01311	0.20266	0.04210	0.13370	0.09103	0.08201	0.00668	0.00439	0.01326	0.00361	0.03087	0.00333	0.00525
4	0.00527	0.00412	0.00478	0.00482	0.00589	0.00363	0.00354	0.00659	0.01002	0.01302	0.31308	0.17083	0.41913	0.01022	0.00497	0.00142	0.00210	0.00883	0.00411	0.00363
5	0.00932	0.03646	0.04973	0.14860	0.26569	0.00976	0.26529	0.01266	0.05517	0.01318	0.05768	0.01258	0.02353	0.00429	0.00453	0.00133	0.01784	0.00438	0.00232	0.00566
6	0.00891	0.09761	0.02209	0.18285	0.09581	0.04925	0.03208	0.06585	0.03537	0.02986	0.09238	0.15520	0.04497	0.00657	0.00430	0.00134	0.00414	0.03308	0.03347	0.00486
7	0.00650	0.00429	0.00522	0.00516	0.00577	0.00413	0.00359	0.00746	0.00856	0.04014	0.24787	0.03050	0.06614	0.41212	0.01266	0.00267	0.00323	0.10095	0.02971	0.00333
8	0.66188	0.00912	0.00693	0.00615	0.00863	0.10726	0.00496	0.01323	0.00810	0.08212	0.00714	0.00792	0.00541	0.00406	0.00286	0.00124	0.00368	0.00254	0.05205	0.00471
9	0.11637	0.22936	0.01253	0.00799	0.01051	0.27149	0.00662	0.08494	0.01076	0.05957	0.05818	0.02172	0.00896	0.00481	0.00350	0.00112	0.00488	0.03126	0.05034	0.00508
10	0.01001	0.03629	0.00904	0.00783	0.00998	0.00912	0.00608	0.01895	0.60725	0.06842	0.01838	0.11568	0.05161	0.00664	0.00433	0.00142	0.00318	0.00561	0.00414	0.00604
11	0.01003	0.05366	0.12352	0.02103	0.07342	0.01885	0.24273	0.06612	0.00988	0.08679	0.02232	0.05462	0.00930	0.04078	0.07087	0.00183	0.00570	0.03109	0.00267	0.05476
12	0.00909	0.00909	0.01272	0.01091	0.01091	0.01272	0.00909	0.01000	0.00636	0.01000	0.00545	0.00909	0.00545	0.00727	0.01363	0.00182	0.84642	0.00364	0.00182	0.00454
13	0.00504	0.00369	0.00475	0.00560	0.00598	0.00339	0.00377	0.00580	0.00813	0.01068	0.02518	0.75479	0.12252	0.01272	0.00526	0.00165	0.00237	0.01145	0.00386	0.00339
14	0.57707	0.04764	0.00893	0.00712	0.00972	0.01004	0.05881	0.01429	0.17717	0.01736	0.00827	0.00894	0.00639	0.00429	0.00340	0.00132	0.02840	0.00298	0.00283	0.00504
15	0.27354	0.24431	0.15533	0.00812	0.02598	0.02830	0.01824	0.05703	0.03529	0.08068	0.03336	0.00903	0.00690	0.00416	0.00326	0.00118	0.00429	0.00293	0.00260	0.00547
16	0.30590	0.13627	0.06930	0.01000	0.05804	0.03955	0.14595	0.01247	0.03256	0.01462	0.07043	0.01018	0.00814	0.00442	0.00424	0.00128	0.06572	0.00344	0.00242	0.00507
17	0.00896	0.01188	0.28001	0.00936	0.02926	0.00838	0.03340	0.16070	0.02307	0.01442	0.05025	0.10586	0.01197	0.16476	0.00801	0.00189	0.05216	0.01776	0.00280	0.00510
18	0.06738	0.00987	0.20176	0.03594	0.16609	0.00712	0.03489	0.00981	0.00811	0.01182	0.02918	0.01884	0.10686	0.26449	0.00931	0.00214	0.00451	0.00488	0.00242	0.00458

[dist]
# distance from previous block
# <min> <max>
6	13

# created by:
# /st0/software/busco_prod/Augustus/scripts/msa2prfl.pl ./align_prep/28600.fa
