[name]
unknown

[dist]
# distance from previous block
# <min> <max>
4	69

[block]
# block no. 0 follows, 57 sequences, length 9
# corresponding to MSA columns:
# 77-85
name=unknown_A
#
# <colnr> <probs for GDERKNQSTAVLIFYWHMCP>
#	G	D	E	R	K	N	Q	S	T	A	V	L	I	F	Y	W	H	M	C	P
0	0.03049	0.01031	0.01165	0.05106	0.13977	0.10602	0.00831	0.10803	0.10451	0.01524	0.01421	0.07122	0.08966	0.00691	0.00635	0.03613	0.10887	0.00504	0.00313	0.07309
1	0.00842	0.00723	0.01013	0.02787	0.04166	0.04698	0.07817	0.00986	0.00896	0.03487	0.12222	0.07130	0.04759	0.12579	0.19196	0.03433	0.11928	0.00597	0.00298	0.00442
2	0.03854	0.00529	0.00638	0.00621	0.00732	0.00543	0.00460	0.06250	0.00966	0.01325	0.10686	0.12030	0.20801	0.13002	0.25125	0.00364	0.00577	0.00735	0.00353	0.00409
3	0.00696	0.00484	0.00632	0.00711	0.05248	0.00445	0.00468	0.00818	0.00995	0.06331	0.16343	0.39361	0.18188	0.06319	0.00655	0.00181	0.00282	0.01000	0.00423	0.00421
4	0.01162	0.23837	0.10782	0.09152	0.01456	0.10563	0.00916	0.05615	0.05972	0.03543	0.02996	0.01093	0.00795	0.02722	0.00556	0.00136	0.09581	0.00352	0.00257	0.08514
5	0.04117	0.01055	0.09013	0.00874	0.01102	0.08239	0.00740	0.17493	0.07887	0.04829	0.02826	0.09277	0.03474	0.11538	0.07353	0.02047	0.03654	0.03593	0.00347	0.00542
6	0.00857	0.00745	0.01100	0.08392	0.18143	0.00784	0.04933	0.01244	0.15965	0.01368	0.03397	0.20278	0.03923	0.08654	0.06518	0.00224	0.00481	0.02133	0.00333	0.00530
7	0.00994	0.00917	0.01608	0.50913	0.12468	0.01030	0.14453	0.01356	0.05481	0.04992	0.00934	0.01243	0.00700	0.00449	0.00467	0.00149	0.00599	0.00434	0.00240	0.00573
8	0.01169	0.72862	0.13489	0.00848	0.01275	0.01689	0.00901	0.01368	0.00926	0.01118	0.00656	0.00759	0.00580	0.00394	0.00310	0.00103	0.00511	0.00255	0.00193	0.00594

[dist]
# distance from previous block
# <min> <max>
0	2

[block]
# block no. 1 follows, 57 sequences, length 15
# corresponding to MSA columns:
# 88-102
name=unknown_B
#
# <colnr> <probs for GDERKNQSTAVLIFYWHMCP>
#	G	D	E	R	K	N	Q	S	T	A	V	L	I	F	Y	W	H	M	C	P
0	0.02147	0.13043	0.11812	0.00975	0.06680	0.00911	0.04346	0.02313	0.04611	0.02763	0.03327	0.04122	0.03295	0.00531	0.02214	0.00121	0.00448	0.00388	0.00275	0.35676
1	0.00677	0.00638	0.08456	0.00652	0.00809	0.00471	0.00546	0.00851	0.01050	0.04911	0.23724	0.29685	0.21444	0.01085	0.00538	0.00160	0.00291	0.03152	0.00425	0.00436
2	0.01485	0.00704	0.00938	0.00783	0.01032	0.00674	0.00628	0.08931	0.01207	0.44590	0.06007	0.08433	0.01419	0.01306	0.19371	0.00279	0.00568	0.00547	0.00462	0.00634
3	0.00614	0.00475	0.03368	0.00660	0.00719	0.00402	0.00472	0.00711	0.00885	0.03834	0.02415	0.78170	0.02851	0.01357	0.00569	0.00181	0.00281	0.01227	0.00417	0.00392
4	0.02603	0.08838	0.05835	0.02714	0.04828	0.26214	0.08165	0.11711	0.05614	0.07328	0.01046	0.06042	0.00871	0.00648	0.03582	0.00157	0.02473	0.00427	0.00303	0.00599
5	0.03277	0.01632	0.36984	0.01336	0.01796	0.03483	0.20736	0.03606	0.01020	0.06656	0.00996	0.04151	0.00800	0.00528	0.00564	0.00153	0.08294	0.03114	0.00252	0.00620
6	0.01070	0.01222	0.02674	0.01910	0.02368	0.01146	0.79603	0.01451	0.01070	0.01451	0.00917	0.01222	0.00688	0.00382	0.00535	0.00153	0.00764	0.00535	0.00229	0.00611
7	0.01786	0.01119	0.01261	0.00972	0.01327	0.01188	0.00801	0.55170	0.04883	0.24768	0.01312	0.01238	0.00892	0.00551	0.00454	0.00138	0.00462	0.00425	0.00484	0.00769
8	0.01398	0.01404	0.01097	0.00953	0.01187	0.34583	0.00735	0.23691	0.03678	0.01733	0.12034	0.03161	0.06341	0.00657	0.00496	0.03118	0.00557	0.00471	0.02146	0.00562
9	0.00714	0.00543	0.00673	0.02423	0.04578	0.00510	0.00500	0.00961	0.06227	0.04473	0.35192	0.05034	0.31505	0.00961	0.00526	0.00150	0.00268	0.03858	0.00446	0.00456
10	0.12675	0.13269	0.11932	0.00925	0.01306	0.01211	0.00858	0.25683	0.11346	0.14783	0.01133	0.01121	0.00814	0.00502	0.00406	0.00135	0.00464	0.00374	0.00377	0.00687
11	0.04488	0.03999	0.05609	0.00931	0.01294	0.04150	0.02969	0.26188	0.09315	0.10495	0.01084	0.01117	0.00802	0.00483	0.00443	0.00121	0.02935	0.00371	0.00366	0.22839
12	0.00960	0.00786	0.00869	0.00785	0.00989	0.00863	0.00606	0.05480	0.45514	0.01885	0.29727	0.02371	0.05764	0.00744	0.00490	0.00149	0.00309	0.00634	0.00472	0.00604
13	0.00856	0.00805	0.01359	0.82986	0.03121	0.01007	0.01258	0.01158	0.00906	0.01158	0.00805	0.01208	0.00604	0.00453	0.00453	0.00151	0.00604	0.00403	0.00201	0.00503
14	0.01082	0.01121	0.04526	0.05163	0.57258	0.06479	0.04898	0.01337	0.01026	0.01410	0.00999	0.09043	0.00916	0.00506	0.00460	0.00139	0.00544	0.00482	0.00243	0.02368

[dist]
# distance from previous block
# <min> <max>
0	1

[block]
# block no. 2 follows, 57 sequences, length 12
# corresponding to MSA columns:
# 104-112,116-118
name=unknown_C
#
# <colnr> <probs for GDERKNQSTAVLIFYWHMCP>
#	G	D	E	R	K	N	Q	S	T	A	V	L	I	F	Y	W	H	M	C	P
0	0.01051	0.03193	0.36050	0.01073	0.03697	0.04687	0.01109	0.10681	0.05046	0.03011	0.01144	0.07642	0.03119	0.00537	0.00429	0.00130	0.00524	0.00433	0.00284	0.16158
1	0.18249	0.12630	0.03406	0.03412	0.09586	0.34118	0.00873	0.05243	0.02430	0.01427	0.00732	0.00870	0.00602	0.00460	0.00425	0.00127	0.04295	0.00306	0.00247	0.00563
2	0.00918	0.02282	0.77393	0.01325	0.01984	0.01057	0.05947	0.01436	0.00963	0.01436	0.00819	0.00971	0.00580	0.00428	0.00436	0.00144	0.00675	0.00346	0.00193	0.00666
3	0.01286	0.01024	0.01097	0.00937	0.01210	0.01154	0.00740	0.30067	0.44567	0.02170	0.01635	0.09400	0.01319	0.00667	0.00470	0.00150	0.00400	0.00550	0.00454	0.00703
4	0.01815	0.00785	0.01032	0.00789	0.01144	0.00675	0.00647	0.02041	0.04549	0.65048	0.01628	0.01449	0.01058	0.00526	0.00436	0.00129	0.00376	0.00427	0.00509	0.14935
5	0.00614	0.00499	0.00596	0.00573	0.00689	0.00481	0.00435	0.00765	0.01081	0.01424	0.32400	0.06982	0.40124	0.01141	0.03886	0.00177	0.06442	0.00859	0.00426	0.00408
6	0.00670	0.00520	0.00773	0.00759	0.00835	0.00622	0.00595	0.00828	0.00726	0.01055	0.01172	0.01727	0.01097	0.03223	0.76847	0.00693	0.06730	0.00480	0.00240	0.00411
7	0.00956	0.00913	0.01514	0.47880	0.27510	0.01075	0.01268	0.01223	0.00920	0.01251	0.00795	0.01155	0.00639	0.00478	0.00576	0.00152	0.10515	0.00402	0.00208	0.00570
8	0.01665	0.01598	0.01332	0.01100	0.01390	0.32821	0.00875	0.44552	0.01712	0.02067	0.00907	0.00977	0.00687	0.00530	0.00500	0.00132	0.05782	0.00362	0.00352	0.00658
9	0.01079	0.01043	0.00876	0.00808	0.00965	0.21982	0.00596	0.09071	0.11105	0.01400	0.07697	0.06655	0.07910	0.20634	0.03175	0.00229	0.00511	0.03440	0.00346	0.00479
10	0.00990	0.12202	0.06494	0.01589	0.31011	0.01005	0.04324	0.03872	0.08424	0.01420	0.01352	0.22681	0.01348	0.00692	0.00465	0.00146	0.00459	0.00624	0.00299	0.00602
11	0.00751	0.00534	0.00659	0.00653	0.00768	0.00523	0.00485	0.03598	0.08804	0.04626	0.31731	0.26814	0.08229	0.04133	0.00606	0.00171	0.00280	0.05728	0.00455	0.00453

[dist]
# distance from previous block
# <min> <max>
1	4

[block]
# block no. 3 follows, 57 sequences, length 10
# corresponding to MSA columns:
# 123-132
name=unknown_D
#
# <colnr> <probs for GDERKNQSTAVLIFYWHMCP>
#	G	D	E	R	K	N	Q	S	T	A	V	L	I	F	Y	W	H	M	C	P
0	0.12474	0.05134	0.01018	0.00752	0.01075	0.06954	0.00603	0.04400	0.04564	0.01539	0.00917	0.05997	0.00811	0.00468	0.00410	0.00102	0.04224	0.00351	0.00286	0.47922
1	0.00583	0.00428	0.00555	0.00620	0.00682	0.00388	0.00425	0.00682	0.00915	0.01236	0.09182	0.68188	0.06579	0.01299	0.00558	0.00172	0.00262	0.01171	0.00418	0.05658
2	0.01028	0.00891	0.01057	0.22945	0.01633	0.03950	0.00824	0.04942	0.37564	0.03383	0.06105	0.03627	0.07068	0.00649	0.00472	0.00152	0.00430	0.02296	0.00382	0.00602
3	0.01094	0.00928	0.00989	0.07851	0.01252	0.05819	0.00709	0.07839	0.42311	0.04189	0.13490	0.03605	0.04790	0.02466	0.00512	0.00155	0.00392	0.00562	0.00427	0.00621
4	0.87276	0.00876	0.00666	0.00596	0.00876	0.01017	0.00491	0.01332	0.00771	0.02033	0.00631	0.00736	0.00491	0.00421	0.00280	0.00140	0.00351	0.00245	0.00280	0.00491
5	0.00567	0.00405	0.00543	0.00648	0.00681	0.00381	0.00447	0.00657	0.00882	0.01173	0.02489	0.77166	0.02964	0.01406	0.00582	0.00186	0.00276	0.07754	0.00420	0.00372
6	0.19818	0.18482	0.06353	0.09967	0.01557	0.13648	0.09383	0.10310	0.01111	0.04340	0.00794	0.00932	0.00616	0.00440	0.00383	0.00130	0.00559	0.00331	0.00265	0.00581
7	0.00548	0.00428	0.00498	0.00547	0.00637	0.00377	0.00385	0.00650	0.00963	0.01217	0.06834	0.42932	0.39831	0.01270	0.00556	0.00168	0.00245	0.01112	0.00424	0.00377
8	0.01269	0.01045	0.01323	0.33773	0.02055	0.05964	0.03866	0.31254	0.01416	0.05099	0.01088	0.07821	0.00884	0.00568	0.00464	0.00146	0.00546	0.00477	0.00333	0.00611
9	0.00836	0.00726	0.01006	0.03484	0.07197	0.04409	0.04911	0.02236	0.00930	0.02345	0.09451	0.15630	0.05311	0.03222	0.15943	0.03476	0.12854	0.05263	0.00313	0.00458

[dist]
# distance from previous block
# <min> <max>
0	3

[block]
# block no. 4 follows, 57 sequences, length 21
# corresponding to MSA columns:
# 136-156
name=unknown_E
#
# <colnr> <probs for GDERKNQSTAVLIFYWHMCP>
#	G	D	E	R	K	N	Q	S	T	A	V	L	I	F	Y	W	H	M	C	P
0	0.46748	0.00969	0.01015	0.07104	0.07891	0.02540	0.00746	0.11820	0.00990	0.01868	0.00811	0.00971	0.02422	0.00507	0.00504	0.00148	0.11786	0.00330	0.00284	0.00547
1	0.00648	0.00482	0.00712	0.00712	0.00787	0.00557	0.00546	0.00798	0.00723	0.01040	0.01229	0.01865	0.01170	0.09161	0.76567	0.00708	0.01158	0.00498	0.00245	0.00395
2	0.01112	0.01092	0.01701	0.13697	0.53397	0.05321	0.05437	0.01491	0.09482	0.01458	0.00947	0.01184	0.00764	0.00435	0.00453	0.00139	0.00555	0.00416	0.00247	0.00672
3	0.00663	0.00510	0.00600	0.00618	0.00711	0.00502	0.00439	0.03828	0.06923	0.01305	0.07957	0.36612	0.22698	0.09790	0.03162	0.00212	0.01676	0.00977	0.00406	0.00411
4	0.00876	0.00818	0.01334	0.76833	0.02975	0.01016	0.01218	0.01251	0.06868	0.01213	0.00883	0.01244	0.00662	0.00465	0.00454	0.00151	0.00586	0.00411	0.00221	0.00519
5	0.01486	0.19766	0.01561	0.06023	0.05299	0.47893	0.00905	0.06548	0.01202	0.01230	0.00719	0.00859	0.00603	0.00463	0.00431	0.00120	0.03792	0.00304	0.00235	0.00560
6	0.87276	0.00876	0.00666	0.00596	0.00876	0.01017	0.00491	0.01332	0.00771	0.02033	0.00631	0.00736	0.00491	0.00421	0.00280	0.00140	0.00351	0.00245	0.00280	0.00491
7	0.01642	0.02057	0.01233	0.01123	0.01349	0.77402	0.00842	0.01765	0.01264	0.01143	0.00747	0.00869	0.00618	0.00471	0.00403	0.00116	0.00781	0.00300	0.05356	0.00519
8	0.00612	0.00430	0.00530	0.00576	0.00607	0.00407	0.00366	0.00667	0.00796	0.01072	0.03882	0.45947	0.02393	0.34911	0.01269	0.00282	0.00336	0.00983	0.00358	0.03577
9	0.26513	0.00966	0.01114	0.06993	0.14426	0.09266	0.06652	0.02498	0.00979	0.06074	0.01053	0.01300	0.02780	0.03154	0.01646	0.00153	0.00478	0.01606	0.11807	0.00540
10	0.01211	0.84348	0.02374	0.00775	0.01163	0.01793	0.00775	0.01357	0.00921	0.01066	0.00630	0.00727	0.00582	0.00388	0.00291	0.00097	0.00485	0.00242	0.00194	0.00582
11	0.00603	0.00451	0.00507	0.00512	0.00633	0.00400	0.00381	0.00752	0.01072	0.01425	0.24052	0.12297	0.42176	0.01055	0.00519	0.00150	0.00232	0.02770	0.09614	0.00398
12	0.00787	0.00394	0.00590	0.00590	0.00590	0.00394	0.00394	0.00590	0.00590	0.00787	0.00787	0.01377	0.00787	0.01574	0.01771	0.86816	0.00394	0.00394	0.00197	0.00197
13	0.02739	0.07665	0.19488	0.01182	0.07661	0.09319	0.03345	0.23085	0.01293	0.02657	0.01006	0.03775	0.00832	0.02707	0.05415	0.00180	0.02882	0.01612	0.02529	0.00627
14	0.02442	0.00707	0.00797	0.02762	0.00953	0.04662	0.00559	0.07474	0.05871	0.19471	0.12238	0.21851	0.14031	0.00893	0.00498	0.00151	0.00339	0.00763	0.03001	0.00535
15	0.06393	0.00646	0.00770	0.00688	0.00873	0.00645	0.00540	0.05002	0.03971	0.19965	0.10467	0.13522	0.22782	0.00891	0.00567	0.00155	0.06521	0.02208	0.02871	0.00523
16	0.00674	0.00515	0.00705	0.00846	0.06814	0.00493	0.00614	0.00836	0.01008	0.01316	0.07137	0.25313	0.16362	0.01196	0.00579	0.00183	0.00341	0.34238	0.00409	0.00421
17	0.05333	0.08153	0.24554	0.07103	0.04931	0.08213	0.04780	0.10083	0.06237	0.09178	0.01100	0.01196	0.03004	0.00558	0.02409	0.00151	0.00576	0.00390	0.01418	0.00634
18	0.04362	0.03276	0.03019	0.00978	0.05676	0.10120	0.05926	0.05922	0.01127	0.12945	0.13351	0.15856	0.02813	0.04593	0.00610	0.00162	0.04173	0.02533	0.02025	0.00535
19	0.21780	0.00996	0.01028	0.00966	0.06808	0.07944	0.00709	0.17033	0.04770	0.14529	0.01245	0.12086	0.01065	0.00691	0.02335	0.00158	0.03080	0.00488	0.00374	0.01917
20	0.05726	0.03285	0.07245	0.06498	0.37552	0.08877	0.03639	0.08168	0.02349	0.03266	0.03396	0.02506	0.00839	0.00483	0.00485	0.00139	0.04226	0.00410	0.00265	0.00646

[dist]
# distance from previous block
# <min> <max>
6	20

[block]
# block no. 5 follows, 57 sequences, length 20
# corresponding to MSA columns:
# 182-186,191-205
name=unknown_F
#
# <colnr> <probs for GDERKNQSTAVLIFYWHMCP>
#	G	D	E	R	K	N	Q	S	T	A	V	L	I	F	Y	W	H	M	C	P
0	0.02894	0.03067	0.28089	0.04411	0.14883	0.05338	0.06299	0.05336	0.06217	0.01552	0.10729	0.02722	0.01192	0.00545	0.00493	0.00144	0.03455	0.01737	0.00280	0.00618
1	0.02827	0.02569	0.13610	0.10239	0.20152	0.01064	0.01074	0.19039	0.06816	0.04503	0.03700	0.04273	0.02973	0.00540	0.00463	0.00140	0.01627	0.00452	0.00319	0.03622
2	0.00718	0.00535	0.00656	0.00656	0.01573	0.01845	0.00480	0.00875	0.04251	0.03274	0.09608	0.10507	0.20882	0.09567	0.19682	0.05879	0.03261	0.02463	0.02887	0.00404
3	0.01422	0.09154	0.03124	0.01080	0.06202	0.03850	0.02365	0.32164	0.22530	0.07287	0.01254	0.01274	0.00940	0.02412	0.00478	0.00142	0.00469	0.00422	0.00397	0.03035
4	0.00637	0.00464	0.00603	0.05368	0.00822	0.00443	0.00479	0.00766	0.00976	0.03331	0.14583	0.37770	0.18620	0.05064	0.02446	0.00194	0.00311	0.06313	0.00412	0.00398
5	0.18538	0.10768	0.05580	0.00993	0.05185	0.01072	0.07006	0.16793	0.02229	0.11707	0.03317	0.03272	0.00908	0.01891	0.04600	0.00167	0.00497	0.00404	0.00337	0.04736
6	0.01044	0.04531	0.18384	0.06052	0.11063	0.04598	0.15192	0.06351	0.09025	0.01471	0.01091	0.03863	0.02379	0.00754	0.07184	0.00194	0.05493	0.00458	0.00264	0.00610
7	0.00577	0.00449	0.00521	0.00554	0.00649	0.00407	0.00392	0.00720	0.03322	0.01277	0.12888	0.34673	0.36257	0.04413	0.00618	0.00175	0.00252	0.01043	0.00426	0.00388
8	0.01650	0.06746	0.01326	0.01122	0.01369	0.71162	0.00855	0.01825	0.04979	0.03802	0.00786	0.00877	0.00639	0.00472	0.00406	0.00118	0.00762	0.00305	0.00253	0.00546
9	0.27340	0.02946	0.03630	0.00904	0.06811	0.00928	0.00687	0.11478	0.02557	0.10969	0.02742	0.04471	0.00975	0.04923	0.12562	0.00243	0.03424	0.00425	0.01429	0.00559
10	0.03023	0.00720	0.04075	0.07198	0.03502	0.03488	0.02030	0.01115	0.04728	0.07575	0.04467	0.16140	0.13542	0.00925	0.00555	0.02053	0.02215	0.14773	0.07396	0.00478
11	0.01220	0.00597	0.00763	0.00659	0.00862	0.00538	0.00515	0.02696	0.01171	0.33818	0.20029	0.05275	0.12839	0.08432	0.00659	0.00173	0.00322	0.04298	0.04585	0.00549
12	0.03330	0.06575	0.11307	0.01813	0.32475	0.08049	0.09267	0.04110	0.01048	0.03214	0.03916	0.01131	0.00805	0.00485	0.00566	0.00142	0.10486	0.00402	0.00244	0.00635
13	0.01149	0.03186	0.01629	0.09178	0.17851	0.08131	0.18648	0.04006	0.04481	0.06955	0.02829	0.05653	0.00958	0.00588	0.01910	0.00156	0.07844	0.00485	0.03767	0.00597
14	0.00609	0.00436	0.00530	0.00568	0.00647	0.00394	0.00395	0.00713	0.00966	0.03416	0.14050	0.41469	0.24648	0.08141	0.00701	0.00190	0.00265	0.01055	0.00423	0.00384
15	0.03541	0.04626	0.03156	0.07421	0.03890	0.02931	0.04642	0.12964	0.03539	0.13048	0.13589	0.14004	0.03107	0.01759	0.00515	0.00151	0.01677	0.02304	0.02569	0.00567
16	0.04337	0.01324	0.13041	0.03196	0.14147	0.13360	0.10035	0.08225	0.02108	0.05790	0.04394	0.06393	0.01039	0.02820	0.00567	0.00152	0.05232	0.01889	0.00292	0.01659
17	0.06918	0.00845	0.02381	0.06713	0.11930	0.06150	0.00741	0.08279	0.05748	0.01394	0.01261	0.05184	0.03085	0.13522	0.21117	0.01738	0.00666	0.01539	0.00289	0.00500
18	0.02608	0.00579	0.02989	0.02176	0.00807	0.00555	0.01697	0.03655	0.00914	0.03274	0.08511	0.29162	0.09121	0.18863	0.03919	0.02779	0.04674	0.02041	0.01274	0.00401
19	0.02102	0.05828	0.09413	0.03978	0.14126	0.04280	0.11919	0.05343	0.06464	0.03256	0.04770	0.07744	0.03356	0.03811	0.03509	0.00181	0.04961	0.04087	0.00298	0.00576

[dist]
# distance from previous block
# <min> <max>
1	7

[block]
# block no. 6 follows, 57 sequences, length 7
# corresponding to MSA columns:
# 213-219
name=unknown_G
#
# <colnr> <probs for GDERKNQSTAVLIFYWHMCP>
#	G	D	E	R	K	N	Q	S	T	A	V	L	I	F	Y	W	H	M	C	P
0	0.02166	0.01817	0.00776	0.00682	0.00858	0.02582	0.01629	0.03961	0.12140	0.08127	0.12584	0.05507	0.17423	0.09867	0.03083	0.00193	0.01715	0.03631	0.06953	0.04306
1	0.10571	0.05113	0.15642	0.04715	0.19341	0.02397	0.06413	0.07763	0.01059	0.03746	0.01180	0.03262	0.06661	0.00574	0.01985	0.00149	0.03019	0.00434	0.02052	0.03926
2	0.02256	0.02277	0.14627	0.11264	0.09662	0.07814	0.04888	0.06232	0.05944	0.05400	0.07559	0.04718	0.04205	0.00660	0.01765	0.02770	0.04343	0.00485	0.02557	0.00575
3	0.00691	0.00476	0.00582	0.00568	0.00696	0.00431	0.00424	0.00842	0.01086	0.07253	0.29153	0.15329	0.31887	0.01251	0.07059	0.00199	0.00319	0.00886	0.00443	0.00425
4	0.46711	0.00861	0.00784	0.03095	0.00981	0.03852	0.00543	0.07031	0.00964	0.08860	0.03134	0.01197	0.00834	0.08482	0.00525	0.00161	0.00386	0.00348	0.04369	0.06883
5	0.00641	0.00523	0.00653	0.00729	0.06635	0.00489	0.00501	0.00831	0.03588	0.01362	0.17481	0.10499	0.39876	0.01246	0.07060	0.00202	0.00349	0.06497	0.00407	0.00429
6	0.01183	0.12059	0.01172	0.07409	0.02920	0.11593	0.00716	0.05364	0.06068	0.11933	0.08586	0.05969	0.01364	0.05305	0.03713	0.00173	0.02725	0.03319	0.03226	0.05201

[dist]
# distance from previous block
# <min> <max>
2	6

[block]
# block no. 7 follows, 57 sequences, length 12
# corresponding to MSA columns:
# 227-238
name=unknown_H
#
# <colnr> <probs for GDERKNQSTAVLIFYWHMCP>
#	G	D	E	R	K	N	Q	S	T	A	V	L	I	F	Y	W	H	M	C	P
0	0.02839	0.11414	0.05901	0.05649	0.04846	0.05092	0.05196	0.27427	0.20296	0.01959	0.01150	0.01199	0.00867	0.00509	0.00428	0.00136	0.00497	0.00407	0.03515	0.00674
1	0.02273	0.00665	0.00824	0.04647	0.00996	0.00666	0.00580	0.11130	0.01094	0.09629	0.07023	0.16602	0.08776	0.09150	0.08221	0.00229	0.02886	0.03996	0.00377	0.10238
2	0.05941	0.06850	0.22527	0.01231	0.09937	0.05588	0.06511	0.04084	0.04991	0.03844	0.00961	0.02686	0.00783	0.00571	0.02885	0.00150	0.05107	0.01744	0.02456	0.11151
3	0.46259	0.00837	0.00773	0.00689	0.00901	0.03719	0.00544	0.09610	0.00965	0.03343	0.07247	0.06307	0.01039	0.00710	0.00591	0.11794	0.03478	0.00405	0.00315	0.00475
4	0.00698	0.00461	0.00547	0.00559	0.00593	0.00455	0.00349	0.00782	0.03752	0.03918	0.05482	0.23125	0.02081	0.53334	0.01655	0.00340	0.00380	0.00811	0.00339	0.00340
5	0.00900	0.00629	0.00726	0.00661	0.00834	0.00624	0.00506	0.09699	0.11407	0.07797	0.26236	0.12451	0.20764	0.00912	0.00508	0.00149	0.00286	0.00780	0.03620	0.00511
6	0.00800	0.00577	0.00715	0.00660	0.00816	0.00556	0.02795	0.04204	0.09098	0.06284	0.28406	0.13531	0.21618	0.02452	0.00553	0.00157	0.00286	0.02963	0.03054	0.00474
7	0.03800	0.00724	0.00875	0.00776	0.00979	0.00737	0.02587	0.11881	0.14152	0.14611	0.11751	0.19027	0.08310	0.03759	0.00565	0.00166	0.00349	0.03942	0.00449	0.00561
8	0.00610	0.00454	0.00534	0.00563	0.00654	0.00419	0.00405	0.00742	0.02708	0.01267	0.12694	0.24281	0.30573	0.10437	0.00777	0.02528	0.00281	0.06973	0.02721	0.00378
9	0.05420	0.02984	0.01021	0.00799	0.01103	0.00786	0.00649	0.04718	0.14823	0.51054	0.04570	0.05512	0.03243	0.00626	0.00455	0.00144	0.00370	0.00513	0.00506	0.00704
10	0.32245	0.00721	0.00683	0.00601	0.00823	0.00781	0.00481	0.08457	0.04605	0.09624	0.01183	0.01277	0.00890	0.00498	0.00336	0.00126	0.00311	0.00364	0.35469	0.00525
11	0.00641	0.00438	0.00546	0.00594	0.00623	0.00428	0.00400	0.00693	0.00790	0.01044	0.01955	0.27358	0.04090	0.40366	0.01450	0.03961	0.00376	0.13579	0.00342	0.00325

[dist]
# distance from previous block
# <min> <max>
6	15

[block]
# block no. 8 follows, 57 sequences, length 7
# corresponding to MSA columns:
# 259-265
name=unknown_I
#
# <colnr> <probs for GDERKNQSTAVLIFYWHMCP>
#	G	D	E	R	K	N	Q	S	T	A	V	L	I	F	Y	W	H	M	C	P
0	0.00957	0.00991	0.05068	0.01016	0.03331	0.08693	0.04142	0.03429	0.04372	0.01299	0.09828	0.04013	0.08086	0.07039	0.03796	0.02061	0.29269	0.00535	0.01586	0.00488
1	0.00846	0.00692	0.00837	0.00750	0.00872	0.04267	0.05650	0.08276	0.05689	0.01391	0.14420	0.11047	0.06348	0.28897	0.04207	0.00271	0.02347	0.02403	0.00357	0.00433
2	0.03855	0.00589	0.00662	0.00677	0.00748	0.05664	0.00491	0.00829	0.00832	0.01143	0.01817	0.26955	0.06961	0.14799	0.22245	0.00357	0.04307	0.02678	0.04004	0.00387
3	0.06615	0.13554	0.11215	0.01001	0.01343	0.18373	0.04267	0.11349	0.05529	0.03399	0.01029	0.01118	0.04362	0.00501	0.00463	0.00126	0.05424	0.00362	0.00283	0.09686
4	0.01285	0.22211	0.06020	0.03853	0.06459	0.01271	0.02785	0.22420	0.06963	0.06096	0.01013	0.01187	0.00814	0.05753	0.00578	0.00148	0.04886	0.00385	0.02101	0.03772
5	0.06204	0.00730	0.00814	0.00867	0.08879	0.05755	0.00577	0.07126	0.01109	0.01525	0.18304	0.16323	0.14997	0.06942	0.00622	0.00166	0.00354	0.02212	0.00378	0.06115
6	0.01021	0.05830	0.06817	0.00813	0.03524	0.04213	0.00668	0.01306	0.06971	0.06669	0.01279	0.08549	0.04577	0.00528	0.00393	0.00105	0.00384	0.00434	0.03358	0.42559

[dist]
# distance from previous block
# <min> <max>
18	70

[block]
# block no. 9 follows, 57 sequences, length 7
# corresponding to MSA columns:
# 370-376
name=unknown_J
#
# <colnr> <probs for GDERKNQSTAVLIFYWHMCP>
#	G	D	E	R	K	N	Q	S	T	A	V	L	I	F	Y	W	H	M	C	P
0	0.03492	0.09007	0.17402	0.06104	0.06206	0.10737	0.03110	0.06096	0.07617	0.04727	0.01237	0.03347	0.06252	0.00521	0.00419	0.00128	0.00516	0.00417	0.02327	0.10338
1	0.04669	0.31060	0.13480	0.00951	0.03815	0.05114	0.02131	0.13152	0.01132	0.03676	0.02493	0.06722	0.02997	0.02747	0.02346	0.00148	0.00512	0.00419	0.01848	0.00590
2	0.02397	0.08067	0.05563	0.02342	0.09490	0.06037	0.02737	0.17135	0.08262	0.03079	0.01224	0.08160	0.01098	0.06013	0.04318	0.00180	0.00508	0.03092	0.02568	0.07729
3	0.01220	0.02897	0.18927	0.07530	0.12907	0.10876	0.03020	0.13327	0.08186	0.05534	0.05936	0.01263	0.00969	0.00515	0.00478	0.00140	0.03220	0.00414	0.02001	0.00642
4	0.00742	0.05890	0.00713	0.00599	0.00665	0.00622	0.00405	0.00916	0.09179	0.01029	0.01383	0.02477	0.01460	0.55618	0.16059	0.00438	0.00570	0.00586	0.00284	0.00364
5	0.03076	0.10486	0.23861	0.03521	0.12341	0.01080	0.04715	0.08618	0.06334	0.07975	0.03898	0.02866	0.04622	0.00545	0.00467	0.00141	0.02577	0.01938	0.00301	0.00640
6	0.00894	0.00873	0.00828	0.00800	0.00906	0.19736	0.00600	0.01024	0.00850	0.01042	0.01121	0.01711	0.01072	0.13379	0.52474	0.00546	0.01018	0.00463	0.00245	0.00416

[dist]
# distance from previous block
# <min> <max>
1	3

[block]
# block no. 10 follows, 57 sequences, length 9
# corresponding to MSA columns:
# 380-383,389-393
name=unknown_K
#
# <colnr> <probs for GDERKNQSTAVLIFYWHMCP>
#	G	D	E	R	K	N	Q	S	T	A	V	L	I	F	Y	W	H	M	C	P
0	0.00961	0.09752	0.06261	0.00720	0.01081	0.00768	0.00623	0.04948	0.00978	0.01453	0.00973	0.06867	0.00888	0.04515	0.00455	0.00106	0.00377	0.00373	0.03251	0.54650
1	0.01101	0.14901	0.18285	0.03620	0.14618	0.04216	0.07019	0.09129	0.06757	0.02839	0.02848	0.06255	0.05375	0.00553	0.00440	0.00137	0.00527	0.00470	0.00286	0.00625
2	0.01027	0.33429	0.06143	0.05727	0.16246	0.01241	0.00907	0.01347	0.09387	0.01264	0.01121	0.01297	0.05073	0.00919	0.12837	0.00215	0.00595	0.00390	0.00248	0.00585
3	0.01263	0.42587	0.04826	0.00961	0.04818	0.16933	0.00818	0.08852	0.01133	0.01335	0.07045	0.01177	0.00971	0.03566	0.00441	0.00126	0.00535	0.01783	0.00258	0.00572
4	0.03681	0.04956	0.09822	0.04738	0.16001	0.01075	0.03622	0.19723	0.10194	0.04362	0.01134	0.02545	0.00946	0.11826	0.00711	0.00181	0.01976	0.00451	0.01430	0.00629
5	0.20020	0.35580	0.05834	0.06935	0.05307	0.01273	0.00785	0.01287	0.00918	0.04196	0.03061	0.01227	0.07889	0.00505	0.00394	0.00126	0.03497	0.00360	0.00256	0.00549
6	0.01110	0.34111	0.03021	0.00942	0.06861	0.09569	0.00756	0.01376	0.08761	0.03932	0.05875	0.01670	0.14645	0.00607	0.00458	0.00127	0.04870	0.00456	0.00294	0.00560
7	0.02869	0.02534	0.01009	0.03603	0.05015	0.06626	0.02440	0.07262	0.02372	0.12922	0.09430	0.08958	0.04393	0.03523	0.04677	0.00169	0.00448	0.02723	0.01566	0.17461
8	0.00935	0.00906	0.01155	0.03912	0.31933	0.10956	0.00867	0.01101	0.00978	0.01257	0.01639	0.21159	0.08990	0.06862	0.05145	0.00201	0.00511	0.00675	0.00295	0.00524

[dist]
# distance from previous block
# <min> <max>
4	10

[block]
# block no. 11 follows, 57 sequences, length 33
# corresponding to MSA columns:
# 405-437
name=unknown_L
#
# <colnr> <probs for GDERKNQSTAVLIFYWHMCP>
#	G	D	E	R	K	N	Q	S	T	A	V	L	I	F	Y	W	H	M	C	P
0	0.15412	0.06099	0.01042	0.04926	0.05786	0.22365	0.00693	0.05584	0.03005	0.01377	0.01208	0.04667	0.04640	0.14835	0.02697	0.00202	0.00544	0.04145	0.00286	0.00488
1	0.06827	0.08110	0.07662	0.05572	0.13341	0.02149	0.05865	0.17628	0.08606	0.06403	0.04617	0.03078	0.01024	0.01679	0.00505	0.00146	0.03549	0.02267	0.00331	0.00640
2	0.01164	0.03910	0.05868	0.00887	0.01154	0.06812	0.00736	0.10466	0.36023	0.07008	0.04788	0.06550	0.07750	0.00792	0.03877	0.00171	0.00446	0.00553	0.00412	0.00634
3	0.01025	0.00905	0.00903	0.00824	0.01026	0.07262	0.00630	0.04778	0.44291	0.01679	0.10924	0.02196	0.08018	0.07733	0.03753	0.00196	0.00414	0.02436	0.00419	0.00589
4	0.01355	0.11043	0.10822	0.09524	0.06114	0.05319	0.05121	0.26477	0.08966	0.07384	0.01061	0.01140	0.00783	0.00490	0.00431	0.00135	0.00532	0.00394	0.02235	0.00673
5	0.00656	0.00450	0.00549	0.00549	0.00567	0.00469	0.00342	0.00694	0.00675	0.00919	0.01378	0.02690	0.01528	0.65340	0.20878	0.00506	0.00619	0.00619	0.00267	0.00305
6	0.02335	0.01011	0.00998	0.00889	0.01114	0.10137	0.00688	0.12509	0.36157	0.06431	0.03009	0.06464	0.01353	0.05876	0.06997	0.00211	0.00496	0.02297	0.00407	0.00620
7	0.01080	0.01158	0.02339	0.01717	0.02069	0.01186	0.59699	0.01392	0.00992	0.03684	0.00870	0.01180	0.00679	0.00479	0.00746	0.00163	0.19245	0.00501	0.00232	0.00590
8	0.10637	0.00679	0.00962	0.08354	0.01209	0.00707	0.09196	0.02370	0.05129	0.03097	0.07432	0.19742	0.09348	0.00923	0.00541	0.00169	0.02289	0.16375	0.00369	0.00472
9	0.01587	0.01657	0.01111	0.00991	0.01222	0.54923	0.00754	0.05284	0.01267	0.10642	0.00979	0.01065	0.00755	0.00492	0.00400	0.00118	0.00648	0.00339	0.15220	0.00547
10	0.00589	0.00418	0.00513	0.00568	0.00601	0.00395	0.00367	0.00651	0.00833	0.01101	0.05649	0.46970	0.09731	0.28152	0.01132	0.00262	0.00315	0.01034	0.00377	0.00342
11	0.00645	0.00476	0.00605	0.00576	0.00690	0.00443	0.00434	0.00876	0.03473	0.01741	0.68504	0.05539	0.10972	0.00956	0.00535	0.00146	0.00224	0.02248	0.00487	0.00430
12	0.01744	0.01234	0.01338	0.01026	0.01388	0.01353	0.00848	0.74272	0.02072	0.08404	0.01137	0.01120	0.00795	0.00545	0.00453	0.00136	0.00491	0.00411	0.00461	0.00771
13	0.12740	0.01114	0.01151	0.00914	0.01245	0.06058	0.00746	0.39834	0.05324	0.22450	0.01301	0.01247	0.02743	0.00545	0.00431	0.00138	0.00458	0.00410	0.00444	0.00708
14	0.00636	0.00479	0.00567	0.00546	0.00676	0.00432	0.00411	0.00834	0.03145	0.02919	0.45307	0.05605	0.33598	0.01014	0.00534	0.00149	0.00231	0.02031	0.00466	0.00422
15	0.01986	0.00847	0.01098	0.00842	0.01194	0.00778	0.00696	0.13979	0.01424	0.69613	0.01681	0.01473	0.01068	0.00558	0.00455	0.00140	0.00403	0.00448	0.00545	0.00771
16	0.01762	0.01237	0.03841	0.00995	0.01352	0.07690	0.00834	0.48672	0.03648	0.23429	0.01251	0.01196	0.00856	0.00540	0.00450	0.00136	0.00497	0.00411	0.00456	0.00747
17	0.00821	0.00654	0.00871	0.00835	0.04690	0.00688	0.06824	0.01166	0.16885	0.01296	0.03253	0.07936	0.04771	0.32822	0.04283	0.00283	0.02768	0.00631	0.08074	0.00450
18	0.00606	0.00461	0.00530	0.00549	0.00663	0.00411	0.00401	0.00750	0.02534	0.02948	0.14526	0.24575	0.42565	0.02994	0.00585	0.00167	0.00253	0.03652	0.00432	0.00398
19	0.01076	0.00976	0.01648	0.09127	0.56164	0.00991	0.04788	0.01365	0.02931	0.04191	0.01077	0.01593	0.00943	0.00577	0.02411	0.00159	0.00548	0.08518	0.00260	0.00658
20	0.06976	0.01184	0.02772	0.01030	0.01266	0.06846	0.00851	0.35627	0.09775	0.02020	0.01087	0.03042	0.02573	0.00634	0.00713	0.00155	0.22027	0.00428	0.00355	0.00639
21	0.00604	0.00423	0.00511	0.00555	0.00582	0.00404	0.00350	0.00657	0.00806	0.01071	0.06372	0.37754	0.07527	0.38750	0.01355	0.00295	0.00338	0.00957	0.00359	0.00330
22	0.00970	0.00823	0.00956	0.00685	0.01087	0.00635	0.00549	0.04143	0.00985	0.01529	0.00816	0.00945	0.00675	0.00344	0.00340	0.00070	0.00342	0.00274	0.00276	0.83558
23	0.01005	0.00773	0.00867	0.03630	0.02491	0.07183	0.00637	0.07871	0.02590	0.09374	0.07940	0.20794	0.08591	0.00901	0.00529	0.00153	0.02373	0.12215	0.00396	0.09685
24	0.23156	0.18466	0.12052	0.00937	0.01303	0.10719	0.03613	0.13933	0.01140	0.05443	0.00803	0.00895	0.00619	0.00454	0.00397	0.00129	0.02864	0.00313	0.00282	0.02482
25	0.01037	0.07781	0.03867	0.04265	0.05753	0.08184	0.11318	0.01218	0.01973	0.01177	0.00858	0.06457	0.00829	0.04729	0.01014	0.00181	0.38144	0.00464	0.00228	0.00522
26	0.02108	0.03371	0.37526	0.01150	0.03121	0.03701	0.02522	0.16048	0.10759	0.03724	0.01124	0.03093	0.00891	0.00546	0.00467	0.00145	0.02061	0.04606	0.00304	0.02732
27	0.00620	0.00410	0.00543	0.00597	0.00632	0.00393	0.00403	0.00636	0.00796	0.01049	0.02164	0.44236	0.10869	0.08329	0.05856	0.20493	0.00361	0.00943	0.00346	0.00324
28	0.11437	0.03723	0.01280	0.04052	0.09032	0.13523	0.02104	0.27633	0.12759	0.05022	0.01067	0.01136	0.00807	0.00619	0.03704	0.00159	0.00546	0.00388	0.00354	0.00656
29	0.10577	0.08544	0.20146	0.04081	0.02677	0.09717	0.00975	0.13894	0.07132	0.05206	0.00925	0.01011	0.00698	0.00464	0.00419	0.00128	0.02223	0.00340	0.00294	0.10550
30	0.01261	0.06005	0.10103	0.05113	0.28785	0.15839	0.03916	0.10186	0.02538	0.03937	0.04959	0.01164	0.00872	0.00480	0.00469	0.00134	0.02926	0.00397	0.00273	0.00644
31	0.01191	0.72722	0.05117	0.00958	0.07617	0.01693	0.00855	0.01388	0.02870	0.01133	0.00684	0.00790	0.00612	0.00396	0.00313	0.00103	0.00492	0.00265	0.00203	0.00599
32	0.00973	0.00917	0.02931	0.13428	0.13496	0.05170	0.02008	0.05114	0.12302	0.01472	0.08774	0.07163	0.05326	0.02027	0.02183	0.00170	0.10045	0.03597	0.02353	0.00552

[dist]
# distance from previous block
# <min> <max>
8	21

[block]
# block no. 12 follows, 57 sequences, length 19
# corresponding to MSA columns:
# 459-477
name=unknown_M
#
# <colnr> <probs for GDERKNQSTAVLIFYWHMCP>
#	G	D	E	R	K	N	Q	S	T	A	V	L	I	F	Y	W	H	M	C	P
0	0.04943	0.00842	0.00857	0.03186	0.01015	0.10899	0.03105	0.06268	0.13250	0.01497	0.10590	0.23792	0.10203	0.04348	0.00576	0.00167	0.00396	0.03189	0.00389	0.00490
1	0.01407	0.05438	0.01756	0.01388	0.04136	0.35766	0.24727	0.06460	0.01189	0.04291	0.00828	0.01016	0.00657	0.00497	0.00556	0.02662	0.06010	0.00390	0.00253	0.00573
2	0.04472	0.05218	0.04984	0.00717	0.00903	0.00741	0.00597	0.07559	0.07764	0.02226	0.05847	0.09384	0.22666	0.07623	0.08579	0.00233	0.03498	0.06146	0.00365	0.00478
3	0.00621	0.00426	0.00520	0.00546	0.00615	0.00390	0.00378	0.00641	0.00855	0.01085	0.05016	0.22279	0.31762	0.07901	0.01012	0.22948	0.00300	0.02028	0.00353	0.00324
4	0.02216	0.01736	0.00827	0.00701	0.00883	0.03372	0.03174	0.03576	0.07227	0.06645	0.29440	0.04740	0.04749	0.08781	0.02683	0.00176	0.01801	0.00615	0.06829	0.09829
5	0.05149	0.01123	0.05686	0.04419	0.71826	0.01071	0.01359	0.01385	0.01013	0.01497	0.00839	0.01097	0.00697	0.00407	0.00440	0.00136	0.00537	0.00393	0.00225	0.00700
6	0.00693	0.00498	0.00598	0.00614	0.00724	0.00474	0.00452	0.00923	0.07847	0.04317	0.18458	0.28509	0.21471	0.04072	0.00603	0.00173	0.00274	0.06311	0.02560	0.00429
7	0.00682	0.00431	0.00544	0.00600	0.00647	0.00411	0.00406	0.00767	0.00859	0.04904	0.02128	0.50350	0.02418	0.19355	0.00928	0.00232	0.00310	0.04994	0.08660	0.00374
8	0.06670	0.00831	0.00960	0.00797	0.01074	0.00852	0.00646	0.15447	0.16020	0.30510	0.05383	0.01715	0.01296	0.00605	0.00440	0.00141	0.00369	0.04081	0.11496	0.00667
9	0.23585	0.00729	0.00763	0.00668	0.00891	0.00765	0.00529	0.08205	0.09156	0.12887	0.20078	0.04472	0.05759	0.00667	0.00423	0.00140	0.00315	0.00535	0.08887	0.00546
10	0.00591	0.00411	0.00514	0.00582	0.00599	0.00394	0.00368	0.00641	0.00792	0.01057	0.02112	0.54670	0.02511	0.31193	0.01201	0.00276	0.00326	0.01062	0.00368	0.00334
11	0.00584	0.00434	0.00546	0.00588	0.00668	0.00396	0.00423	0.00716	0.01031	0.01373	0.25753	0.39974	0.19454	0.01211	0.00559	0.00167	0.00250	0.05039	0.00443	0.00391
12	0.01115	0.00907	0.01085	0.00933	0.01089	0.01074	0.00741	0.24201	0.12831	0.01753	0.05861	0.09379	0.01325	0.08030	0.05568	0.00220	0.22408	0.00554	0.00359	0.00568
13	0.47665	0.01172	0.01052	0.00886	0.01173	0.17681	0.08875	0.04243	0.03505	0.01741	0.00764	0.00903	0.00605	0.00572	0.04168	0.00162	0.00535	0.00312	0.00275	0.03712
14	0.31099	0.00819	0.00784	0.00686	0.00928	0.03208	0.00545	0.10122	0.08128	0.11106	0.06771	0.05668	0.09774	0.00639	0.00401	0.00141	0.00347	0.00493	0.07793	0.00548
15	0.08027	0.03903	0.20879	0.01147	0.04482	0.16247	0.01047	0.33434	0.03292	0.02002	0.00910	0.00984	0.00674	0.00485	0.00422	0.00134	0.00586	0.00354	0.00320	0.00671
16	0.00871	0.00708	0.03658	0.00792	0.04792	0.03209	0.00589	0.04758	0.05607	0.07916	0.25998	0.17248	0.17726	0.00931	0.00545	0.00153	0.02779	0.00797	0.00429	0.00496
17	0.01079	0.00842	0.00978	0.04002	0.05213	0.03923	0.02414	0.20746	0.04451	0.06847	0.11954	0.02460	0.25066	0.03148	0.02780	0.00169	0.02333	0.00635	0.00405	0.00556
18	0.00698	0.04642	0.00752	0.00640	0.00773	0.00578	0.04135	0.02809	0.06149	0.01258	0.06938	0.17945	0.29659	0.17376	0.03434	0.00229	0.00359	0.00840	0.00374	0.00414

[dist]
# distance from previous block
# <min> <max>
6	57

[block]
# block no. 13 follows, 57 sequences, length 14
# corresponding to MSA columns:
# 535-548
name=unknown_N
#
# <colnr> <probs for GDERKNQSTAVLIFYWHMCP>
#	G	D	E	R	K	N	Q	S	T	A	V	L	I	F	Y	W	H	M	C	P
0	0.02487	0.02993	0.05331	0.04431	0.03492	0.05303	0.02361	0.06894	0.05679	0.06042	0.13600	0.17367	0.11648	0.03277	0.00586	0.02373	0.00393	0.04859	0.00384	0.00502
1	0.01132	0.10847	0.02605	0.04615	0.08026	0.08609	0.03575	0.08718	0.03590	0.08867	0.03204	0.20770	0.01420	0.00748	0.00495	0.02393	0.00454	0.03038	0.00341	0.06549
2	0.01017	0.09520	0.02922	0.04206	0.06796	0.06062	0.02171	0.09769	0.07593	0.01407	0.01298	0.10541	0.04060	0.02817	0.10774	0.06624	0.04653	0.00517	0.02153	0.05103
3	0.05973	0.04464	0.08943	0.04476	0.15937	0.19598	0.06356	0.12415	0.05822	0.05089	0.00967	0.02752	0.00769	0.00564	0.02575	0.00151	0.01837	0.00395	0.00289	0.00628
4	0.01122	0.00920	0.00989	0.00797	0.01118	0.03896	0.00630	0.07947	0.27020	0.05901	0.04759	0.01448	0.03918	0.00514	0.00411	0.00113	0.00368	0.00418	0.00375	0.37335
5	0.01273	0.01012	0.01082	0.00936	0.01215	0.01149	0.00738	0.15244	0.63287	0.06218	0.01716	0.01583	0.01268	0.00600	0.00460	0.00150	0.00383	0.00492	0.00465	0.00729
6	0.00561	0.00433	0.00507	0.00553	0.00642	0.00386	0.00392	0.00666	0.00966	0.01228	0.08818	0.37919	0.37206	0.04368	0.00623	0.00178	0.00256	0.03502	0.00421	0.00377
7	0.00627	0.00430	0.00554	0.00619	0.00686	0.00394	0.00434	0.00730	0.00947	0.04644	0.08650	0.60090	0.13662	0.01302	0.00566	0.00176	0.00266	0.04398	0.00432	0.00394
8	0.01191	0.01950	0.01112	0.00900	0.01120	0.03298	0.07940	0.25525	0.02998	0.07556	0.06763	0.09360	0.02612	0.12781	0.00783	0.00188	0.04066	0.02297	0.07000	0.00561
9	0.03564	0.00576	0.00662	0.00621	0.00793	0.00544	0.00479	0.04386	0.06506	0.11413	0.16570	0.13443	0.32965	0.00992	0.00519	0.00155	0.00283	0.04598	0.00451	0.00481
10	0.03299	0.19930	0.06213	0.00991	0.05382	0.05845	0.00827	0.25707	0.04546	0.04605	0.00937	0.01004	0.00725	0.00454	0.00385	0.00115	0.00477	0.00337	0.02208	0.16012
11	0.06004	0.09559	0.15105	0.04543	0.04937	0.01088	0.04080	0.18811	0.03865	0.12192	0.03595	0.04109	0.00946	0.00603	0.02578	0.00151	0.02343	0.00423	0.00338	0.04729
12	0.01311	0.13298	0.14479	0.01253	0.08820	0.12808	0.07404	0.16663	0.04459	0.05120	0.00927	0.01068	0.00724	0.02405	0.00498	0.00137	0.03309	0.00371	0.00287	0.04658
13	0.03006	0.11107	0.06521	0.01116	0.11328	0.06433	0.03752	0.12656	0.07847	0.05603	0.08072	0.04028	0.05958	0.04386	0.02335	0.00160	0.00480	0.00491	0.02238	0.02485

[dist]
# distance from previous block
# <min> <max>
6	20

[block]
# block no. 14 follows, 57 sequences, length 21
# corresponding to MSA columns:
# 569-577,581-583,588-596
name=unknown_O
#
# <colnr> <probs for GDERKNQSTAVLIFYWHMCP>
#	G	D	E	R	K	N	Q	S	T	A	V	L	I	F	Y	W	H	M	C	P
0	0.09771	0.00702	0.02361	0.00899	0.08410	0.01601	0.02586	0.06661	0.03172	0.02526	0.08634	0.21588	0.08624	0.11206	0.02795	0.03162	0.01724	0.02758	0.00355	0.00465
1	0.00868	0.03693	0.00811	0.03177	0.04352	0.00640	0.00541	0.09798	0.01070	0.04891	0.12893	0.13065	0.13474	0.13165	0.04881	0.06378	0.00398	0.02420	0.02245	0.01241
2	0.09845	0.20425	0.07634	0.03488	0.09015	0.09056	0.19295	0.06220	0.01049	0.01440	0.00838	0.04024	0.00712	0.00471	0.00467	0.00135	0.04655	0.00398	0.00242	0.00590
3	0.04730	0.01050	0.02400	0.16140	0.30924	0.04323	0.03738	0.11696	0.07394	0.04357	0.04918	0.01269	0.00926	0.00479	0.00445	0.00137	0.00515	0.00422	0.00298	0.03837
4	0.00683	0.00534	0.00628	0.00623	0.00732	0.01986	0.02511	0.03777	0.02263	0.02223	0.05687	0.27296	0.30122	0.13005	0.00819	0.01695	0.00319	0.04309	0.00394	0.00396
5	0.05568	0.00721	0.01072	0.08295	0.22921	0.00731	0.03209	0.01105	0.03544	0.05723	0.01760	0.21566	0.08889	0.09055	0.01988	0.00193	0.00430	0.02388	0.00327	0.00516
6	0.00946	0.00827	0.06398	0.00926	0.05070	0.04687	0.04846	0.06777	0.03024	0.08312	0.03923	0.27848	0.03048	0.11186	0.09011	0.00250	0.01322	0.00749	0.00356	0.00496
7	0.02414	0.03109	0.01304	0.09126	0.09519	0.08786	0.04886	0.20498	0.01267	0.07668	0.01161	0.07699	0.02761	0.00692	0.02879	0.02510	0.05501	0.00472	0.00326	0.07422
8	0.00823	0.00622	0.00947	0.16365	0.01275	0.00699	0.04484	0.00906	0.00832	0.04176	0.06874	0.13366	0.05669	0.06242	0.02156	0.21262	0.12011	0.00609	0.00284	0.00397
9	0.05360	0.00977	0.01298	0.12450	0.01585	0.01013	0.07051	0.28483	0.01486	0.31061	0.03757	0.01337	0.00965	0.00531	0.00456	0.00141	0.00478	0.00440	0.00433	0.00698
10	0.00955	0.00987	0.09110	0.18519	0.08412	0.04083	0.05843	0.05677	0.09113	0.03555	0.02931	0.13690	0.07808	0.00732	0.00494	0.00156	0.00487	0.06571	0.00326	0.00552
11	0.01134	0.00944	0.00992	0.04052	0.03575	0.13647	0.00703	0.10272	0.07950	0.08494	0.04686	0.05026	0.01207	0.06073	0.23512	0.02894	0.03492	0.00492	0.00328	0.00527
12	0.00764	0.00497	0.00623	0.00648	0.00714	0.00486	0.00443	0.07380	0.00945	0.05706	0.02056	0.53179	0.02346	0.16651	0.00941	0.04493	0.00329	0.01007	0.00393	0.00399
13	0.00643	0.00524	0.00561	0.00620	0.00670	0.05641	0.00414	0.00714	0.00877	0.01112	0.02442	0.54275	0.12035	0.16235	0.00874	0.00222	0.00326	0.01071	0.00382	0.00363
14	0.03391	0.01184	0.01268	0.01000	0.01340	0.01313	0.00818	0.59999	0.17205	0.05868	0.01253	0.01216	0.00898	0.00556	0.00451	0.00140	0.00464	0.00427	0.00456	0.00755
15	0.00986	0.01489	0.29612	0.14970	0.11804	0.07768	0.05986	0.01372	0.04890	0.01364	0.01048	0.04461	0.02762	0.00563	0.01774	0.00154	0.04209	0.00434	0.03761	0.00594
16	0.67898	0.00975	0.03706	0.00673	0.00941	0.06152	0.00561	0.03253	0.00854	0.01886	0.00838	0.08979	0.00755	0.00526	0.00328	0.00143	0.00387	0.00359	0.00292	0.00494
17	0.00769	0.00669	0.00828	0.07783	0.10611	0.03717	0.00625	0.04784	0.01138	0.01477	0.23891	0.04200	0.32656	0.00977	0.03740	0.00169	0.00369	0.00740	0.00387	0.00470
18	0.00662	0.00441	0.00517	0.00524	0.00540	0.00447	0.00318	0.00695	0.00698	0.00957	0.01489	0.07354	0.01672	0.66927	0.08966	0.00429	0.00484	0.02042	0.04535	0.00301
19	0.01372	0.01206	0.01112	0.00940	0.01221	0.16473	0.00739	0.24389	0.24689	0.05382	0.03279	0.05005	0.04169	0.00604	0.00448	0.00135	0.00473	0.00476	0.00402	0.07483
20	0.08507	0.02403	0.01398	0.05854	0.18574	0.05932	0.10279	0.08722	0.10550	0.02528	0.01067	0.03647	0.00906	0.07118	0.00629	0.00163	0.04092	0.00448	0.01815	0.05370

[dist]
# distance from previous block
# <min> <max>
4	17

[block]
# block no. 15 follows, 57 sequences, length 8
# corresponding to MSA columns:
# 616-623
name=unknown_P
#
# <colnr> <probs for GDERKNQSTAVLIFYWHMCP>
#	G	D	E	R	K	N	Q	S	T	A	V	L	I	F	Y	W	H	M	C	P
0	0.00728	0.00469	0.00548	0.00575	0.00666	0.00457	0.00418	0.05394	0.01018	0.01491	0.07841	0.36687	0.08737	0.01010	0.00480	0.00151	0.00259	0.03757	0.28895	0.00417
1	0.00686	0.00496	0.00587	0.00569	0.00703	0.00457	0.00432	0.00911	0.05256	0.04351	0.36396	0.08438	0.30161	0.01003	0.00527	0.00151	0.00245	0.04449	0.03749	0.00435
2	0.00644	0.00474	0.00663	0.00663	0.00731	0.00529	0.00491	0.00768	0.00730	0.01024	0.01449	0.02179	0.05722	0.20586	0.60536	0.00634	0.00992	0.00549	0.00260	0.00375
3	0.00896	0.00578	0.00695	0.00660	0.00808	0.00555	0.00491	0.07471	0.06126	0.12159	0.15824	0.30111	0.17419	0.03332	0.00577	0.00167	0.00295	0.00897	0.00454	0.00487
