[name]
unknown

[dist]
# distance from previous block
# <min> <max>
0	0

[block]
# block no. 0 follows, 75 sequences, length 29
# corresponding to MSA columns:
# 0-28
name=unknown_A
#
# <colnr> <probs for GDERKNQSTAVLIFYWHMCP>
#	G	D	E	R	K	N	Q	S	T	A	V	L	I	F	Y	W	H	M	C	P
0	0.00592	0.00423	0.00592	0.00676	0.00761	0.00423	0.00592	0.00761	0.00845	0.01099	0.01945	0.04143	0.02114	0.01015	0.00507	0.00169	0.00338	0.82329	0.00338	0.00338
1	0.00695	0.00653	0.01093	0.83938	0.02486	0.00807	0.01004	0.00938	0.00735	0.00945	0.00653	0.00973	0.00491	0.00365	0.00365	0.00121	0.00484	0.00324	0.00165	0.02766
2	0.00925	0.00873	0.01499	0.01080	0.01423	0.00802	0.40937	0.13402	0.00963	0.03014	0.00747	0.00901	0.00570	0.00319	0.00367	0.00098	0.00462	0.00343	0.00229	0.31047
3	0.00447	0.00320	0.00426	0.00511	0.00533	0.00298	0.00341	0.00511	0.00703	0.00938	0.02024	0.86853	0.02429	0.01151	0.00469	0.00149	0.00213	0.01044	0.00341	0.00298
4	0.00914	0.00789	0.00830	0.00747	0.00955	0.00914	0.00581	0.01952	0.84138	0.01536	0.01495	0.01370	0.01121	0.00498	0.00374	0.00125	0.00291	0.00415	0.00374	0.00581
5	0.00737	0.01900	0.85189	0.01047	0.01590	0.00853	0.01357	0.01163	0.00775	0.01163	0.00659	0.00775	0.00465	0.00349	0.00349	0.00116	0.00543	0.00271	0.00155	0.00543
6	0.00783	0.14080	0.62503	0.00984	0.01461	0.00930	0.05720	0.01170	0.03660	0.01139	0.01927	0.00810	0.00541	0.00351	0.00338	0.00110	0.00505	0.00279	0.00170	0.02542
7	0.00737	0.01900	0.85189	0.01047	0.01590	0.00853	0.01357	0.01163	0.00775	0.01163	0.00659	0.00775	0.00465	0.00349	0.00349	0.00116	0.00543	0.00271	0.00155	0.00543
8	0.00948	0.00781	0.00832	0.00743	0.00954	0.00896	0.00579	0.01944	0.80249	0.05446	0.01493	0.01365	0.01111	0.00496	0.00374	0.00124	0.00292	0.00413	0.00378	0.00583
9	0.00886	0.00855	0.01483	0.14052	0.64379	0.00875	0.07932	0.02974	0.00845	0.01186	0.00694	0.00925	0.00568	0.00334	0.00370	0.00112	0.00458	0.00336	0.00184	0.00551
10	0.00593	0.00447	0.00583	0.00601	0.06095	0.00430	0.00416	0.00837	0.08081	0.02899	0.65103	0.02534	0.08537	0.00709	0.00423	0.00116	0.00204	0.00623	0.00384	0.00384
11	0.00513	0.00372	0.00483	0.00462	0.00546	0.00343	0.00344	0.00677	0.01013	0.01426	0.77141	0.07610	0.06131	0.00780	0.00435	0.00118	0.00176	0.00690	0.00399	0.00343
12	0.00534	0.00356	0.00401	0.00401	0.00401	0.00356	0.00223	0.00534	0.00534	0.00712	0.01157	0.02403	0.01335	0.87092	0.01869	0.00356	0.00356	0.00534	0.00223	0.00223
13	0.00737	0.01900	0.85189	0.01047	0.01590	0.00853	0.01357	0.01163	0.00775	0.01163	0.00659	0.00775	0.00465	0.00349	0.00349	0.00116	0.00543	0.00271	0.00155	0.00543
14	0.00909	0.00873	0.01491	0.02254	0.84801	0.00873	0.01127	0.01127	0.00836	0.01200	0.00691	0.00909	0.00582	0.00327	0.00364	0.00109	0.00436	0.00327	0.00182	0.00582
15	0.00447	0.00320	0.00426	0.00511	0.00533	0.00298	0.00341	0.00511	0.00703	0.00938	0.02024	0.86853	0.02429	0.01151	0.00469	0.00149	0.00213	0.01044	0.00341	0.00298
16	0.01634	0.00647	0.00866	0.00664	0.00949	0.00573	0.00549	0.06303	0.01088	0.80490	0.01418	0.01230	0.00893	0.00454	0.00369	0.00113	0.00318	0.00367	0.00450	0.00625
17	0.37438	0.01210	0.00810	0.00725	0.00931	0.41759	0.00562	0.05012	0.00902	0.02646	0.04507	0.00752	0.00596	0.00385	0.00296	0.00104	0.00467	0.00248	0.00227	0.00423
18	0.00525	0.00394	0.00590	0.00590	0.00656	0.00459	0.00459	0.00656	0.00590	0.00853	0.00984	0.01443	0.00918	0.02755	0.85637	0.00590	0.00984	0.00394	0.00197	0.00328
19	0.00447	0.00373	0.00390	0.00388	0.00507	0.00316	0.00293	0.00550	0.00859	0.01047	0.12491	0.03461	0.74113	0.00912	0.00435	0.00124	0.00188	0.02443	0.00348	0.00315
20	0.89687	0.00710	0.00540	0.00483	0.00710	0.00824	0.00398	0.01080	0.00625	0.01648	0.00511	0.00597	0.00398	0.00341	0.00227	0.00114	0.00284	0.00199	0.00227	0.00398
21	0.00711	0.00667	0.01108	0.75994	0.07817	0.00802	0.00995	0.00950	0.00743	0.00970	0.00655	0.00963	0.00499	0.00359	0.00362	0.00118	0.00474	0.00320	0.00167	0.05327
22	0.01373	0.01728	0.01043	0.00943	0.01136	0.83041	0.00709	0.03971	0.01062	0.00942	0.00577	0.00669	0.00478	0.00380	0.00332	0.00095	0.00654	0.00239	0.00195	0.00432
23	0.00434	0.00372	0.00372	0.00372	0.00496	0.00310	0.00279	0.00527	0.00837	0.00992	0.03721	0.03535	0.84652	0.00930	0.00434	0.00124	0.00186	0.00775	0.00341	0.00310
24	0.01273	0.00871	0.01091	0.01026	0.14575	0.00915	0.02859	0.40665	0.08815	0.18665	0.04699	0.01089	0.00843	0.00441	0.00372	0.00113	0.00376	0.00363	0.00352	0.00598
25	0.00689	0.00610	0.00729	0.00659	0.00738	0.10384	0.07855	0.00772	0.00668	0.02719	0.01080	0.11301	0.01139	0.33886	0.20059	0.00317	0.05346	0.00501	0.00225	0.00322
26	0.00453	0.00326	0.00427	0.00506	0.00534	0.00303	0.00342	0.00519	0.00709	0.00939	0.02081	0.78768	0.06243	0.03210	0.00502	0.00153	0.00219	0.03130	0.00338	0.00298
27	0.00487	0.00372	0.00447	0.00432	0.00530	0.00332	0.00323	0.00628	0.00957	0.01285	0.53259	0.05928	0.32031	0.00828	0.00435	0.00120	0.00179	0.00716	0.00380	0.00332
28	0.02502	0.63748	0.01729	0.00734	0.01026	0.15544	0.05208	0.01195	0.03681	0.00923	0.00567	0.00651	0.00498	0.00332	0.00267	0.00086	0.00445	0.00224	0.00173	0.00468

[dist]
# distance from previous block
# <min> <max>
1	4

[block]
# block no. 1 follows, 75 sequences, length 148
# corresponding to MSA columns:
# 33-180
name=unknown_B
#
# <colnr> <probs for GDERKNQSTAVLIFYWHMCP>
#	G	D	E	R	K	N	Q	S	T	A	V	L	I	F	Y	W	H	M	C	P
0	0.00786	0.06841	0.00867	0.00604	0.03224	0.00582	0.00473	0.00973	0.03236	0.01183	0.00669	0.00771	0.00557	0.00283	0.00275	0.00060	0.00286	0.00225	0.00217	0.77889
1	0.00765	0.00738	0.01022	0.00885	0.00887	0.01014	0.00723	0.00839	0.00562	0.00869	0.00578	0.01007	0.00594	0.10567	0.03093	0.00191	0.73742	0.00348	0.01197	0.00379
2	0.00593	0.00416	0.00517	0.00476	0.00577	0.00399	0.00361	0.06292	0.01058	0.01513	0.70097	0.02502	0.04206	0.00703	0.00412	0.00113	0.00189	0.00614	0.08599	0.00364
3	0.00531	0.00355	0.00402	0.00405	0.00406	0.00354	0.00227	0.00533	0.00541	0.00721	0.01191	0.05722	0.01378	0.83716	0.01814	0.00348	0.00350	0.00554	0.00227	0.00226
4	0.01665	0.00635	0.01054	0.79484	0.02376	0.00784	0.00968	0.00923	0.00754	0.00982	0.06309	0.01094	0.00689	0.00393	0.00370	0.00122	0.00466	0.00348	0.00180	0.00404
5	0.00452	0.00328	0.00428	0.00498	0.00531	0.00303	0.00337	0.00527	0.00739	0.00984	0.08680	0.74558	0.08069	0.01104	0.00464	0.00145	0.00208	0.00996	0.00346	0.00303
6	0.00867	0.00991	0.02167	0.01548	0.01920	0.00929	0.83467	0.01176	0.00867	0.01176	0.00743	0.00991	0.00557	0.00310	0.00433	0.00124	0.00619	0.00433	0.00186	0.00495
7	0.00909	0.00873	0.01491	0.02254	0.84801	0.00873	0.01127	0.01127	0.00836	0.01200	0.00691	0.00909	0.00582	0.00327	0.00364	0.00109	0.00436	0.00327	0.00182	0.00582
8	0.01008	0.81547	0.01865	0.00650	0.00956	0.07125	0.00634	0.01124	0.00766	0.00866	0.00514	0.00594	0.00471	0.00319	0.00242	0.00080	0.00411	0.00199	0.00159	0.00468
9	0.00694	0.00653	0.01102	0.86210	0.02530	0.00816	0.01020	0.00938	0.00734	0.00938	0.00653	0.00979	0.00490	0.00367	0.00367	0.00122	0.00490	0.00326	0.00163	0.00408
10	0.00519	0.00374	0.00490	0.00463	0.00548	0.00346	0.00346	0.00690	0.01034	0.01463	0.83116	0.04262	0.03447	0.00758	0.00434	0.00116	0.00174	0.00671	0.00403	0.00346
11	0.00525	0.00391	0.00577	0.00577	0.00639	0.00452	0.00443	0.00648	0.00586	0.00843	0.00995	0.01508	0.00946	0.08438	0.79992	0.00574	0.00941	0.00403	0.00198	0.00321
12	0.00525	0.00394	0.00590	0.00590	0.00656	0.00459	0.00459	0.00656	0.00590	0.00853	0.00984	0.01443	0.00918	0.02755	0.85637	0.00590	0.00984	0.00394	0.00197	0.00328
13	0.00597	0.00394	0.00517	0.00483	0.00584	0.00362	0.00370	0.00766	0.01026	0.07075	0.72826	0.02732	0.05370	0.00749	0.00433	0.00118	0.00191	0.04640	0.00403	0.00364
14	0.01083	0.00896	0.02903	0.08825	0.01218	0.02079	0.03662	0.42066	0.01247	0.01723	0.00769	0.00849	0.00577	0.00370	0.00337	0.00093	0.00382	0.00293	0.00284	0.30344
15	0.00783	0.14687	0.57168	0.06811	0.07477	0.00936	0.03354	0.01128	0.00780	0.01111	0.02157	0.00812	0.00533	0.00350	0.00338	0.00111	0.00504	0.00279	0.00163	0.00521
16	0.00959	0.01007	0.02767	0.08857	0.17438	0.15400	0.09808	0.06700	0.08146	0.01146	0.00731	0.00957	0.00608	0.00476	0.01567	0.00130	0.20812	0.01798	0.00209	0.00483
17	0.00466	0.00368	0.00419	0.00417	0.00518	0.00322	0.00309	0.00585	0.00896	0.01158	0.32278	0.11198	0.47987	0.00888	0.00437	0.00123	0.00184	0.00761	0.00364	0.00322
18	0.01544	0.00729	0.06543	0.00692	0.00988	0.00592	0.00605	0.06418	0.01066	0.72391	0.01376	0.01275	0.00895	0.00462	0.00372	0.00115	0.00334	0.02565	0.00426	0.00612
19	0.00968	0.01015	0.01339	0.15207	0.55022	0.17909	0.01026	0.01166	0.00861	0.01098	0.00660	0.00870	0.00545	0.00344	0.00358	0.00108	0.00490	0.00309	0.00180	0.00523
20	0.00498	0.00345	0.00430	0.00467	0.00483	0.00341	0.00298	0.00540	0.00619	0.00832	0.02444	0.37577	0.01794	0.42283	0.07913	0.00283	0.00344	0.01970	0.00274	0.00266
21	0.01627	0.00659	0.00873	0.00669	0.00954	0.00590	0.00553	0.08607	0.01108	0.78159	0.01402	0.01219	0.00885	0.00453	0.00369	0.00113	0.00320	0.00366	0.00447	0.00625
22	0.03449	0.00770	0.00809	0.00728	0.00932	0.00888	0.00567	0.01876	0.78407	0.01537	0.04798	0.01403	0.01194	0.00504	0.00372	0.00124	0.00286	0.00419	0.00371	0.00567
23	0.01304	0.00971	0.00986	0.00777	0.01035	0.06705	0.00633	0.64232	0.01529	0.04514	0.00921	0.00945	0.00666	0.00435	0.00350	0.00106	0.00387	0.00327	0.12606	0.00572
24	0.00507	0.00374	0.00466	0.00444	0.00530	0.00341	0.00327	0.00656	0.00973	0.01345	0.66127	0.02846	0.16226	0.06598	0.00530	0.00133	0.00188	0.00673	0.00382	0.00332
25	0.03926	0.00753	0.02514	0.00705	0.00993	0.00706	0.00591	0.21775	0.02468	0.59689	0.01271	0.01135	0.00821	0.00447	0.00365	0.00113	0.00338	0.00354	0.00420	0.00617
26	0.00694	0.00653	0.01102	0.86210	0.02530	0.00816	0.01020	0.00938	0.00734	0.00938	0.00653	0.00979	0.00490	0.00367	0.00367	0.00122	0.00490	0.00326	0.00163	0.00408
27	0.00868	0.07380	0.04275	0.01014	0.10212	0.01631	0.19402	0.01978	0.01603	0.05606	0.01958	0.03203	0.00662	0.00360	0.00384	0.00094	0.05040	0.00326	0.01240	0.32765
28	0.01240	0.01575	0.03492	0.04502	0.02923	0.65072	0.13679	0.01385	0.00990	0.00957	0.00603	0.00734	0.00489	0.00365	0.00350	0.00101	0.00641	0.00274	0.00187	0.00442
29	0.00447	0.00320	0.00426	0.00511	0.00533	0.00298	0.00341	0.00511	0.00703	0.00938	0.02024	0.86853	0.02429	0.01151	0.00469	0.00149	0.00213	0.01044	0.00341	0.00298
30	0.00586	0.00420	0.00582	0.00662	0.00746	0.00418	0.00575	0.00750	0.00838	0.01088	0.01974	0.04088	0.04275	0.02934	0.00536	0.00172	0.00335	0.78351	0.00336	0.00335
31	0.01401	0.01021	0.01098	0.00842	0.01135	0.01128	0.00695	0.82064	0.01714	0.03845	0.00892	0.00889	0.00630	0.00441	0.00367	0.00110	0.00402	0.00331	0.00369	0.00625
32	0.00469	0.00339	0.00443	0.00491	0.00536	0.00313	0.00340	0.00567	0.00810	0.01101	0.27020	0.57963	0.06201	0.01021	0.00457	0.00138	0.00200	0.00918	0.00360	0.00313
33	0.89687	0.00710	0.00540	0.00483	0.00710	0.00824	0.00398	0.01080	0.00625	0.01648	0.00511	0.00597	0.00398	0.00341	0.00227	0.00114	0.00284	0.00199	0.00227	0.00398
34	0.00597	0.00497	0.00538	0.00517	0.00651	0.00503	0.00390	0.00994	0.26921	0.01223	0.13963	0.11687	0.38527	0.00794	0.00419	0.00126	0.00220	0.00676	0.00360	0.00399
35	0.00685	0.00342	0.00342	0.00342	0.00428	0.00342	0.00257	0.00856	0.00770	0.01369	0.01198	0.01369	0.00941	0.00428	0.00257	0.00086	0.00171	0.00342	0.89131	0.00342
36	0.00482	0.00342	0.00422	0.00471	0.00499	0.00325	0.00310	0.00534	0.00670	0.00880	0.01914	0.46802	0.10389	0.28696	0.00917	0.00214	0.00263	0.05291	0.00303	0.00277
37	0.89687	0.00710	0.00540	0.00483	0.00710	0.00824	0.00398	0.01080	0.00625	0.01648	0.00511	0.00597	0.00398	0.00341	0.00227	0.00114	0.00284	0.00199	0.00227	0.00398
38	0.00909	0.00873	0.01491	0.02254	0.84801	0.00873	0.01127	0.01127	0.00836	0.01200	0.00691	0.00909	0.00582	0.00327	0.00364	0.00109	0.00436	0.00327	0.00182	0.00582
39	0.00534	0.00356	0.00401	0.00401	0.00401	0.00356	0.00223	0.00534	0.00534	0.00712	0.01157	0.02403	0.01335	0.87092	0.01869	0.00356	0.00356	0.00534	0.00223	0.00223
40	0.00914	0.00789	0.00830	0.00747	0.00955	0.00914	0.00581	0.01952	0.84138	0.01536	0.01495	0.01370	0.01121	0.00498	0.00374	0.00125	0.00291	0.00415	0.00374	0.00581
41	0.00940	0.00932	0.01460	0.02166	0.79163	0.06584	0.01099	0.01150	0.00850	0.01180	0.00683	0.00892	0.00574	0.00331	0.00361	0.00108	0.00452	0.00321	0.00182	0.00571
42	0.00921	0.00797	0.00859	0.00765	0.00961	0.00935	0.00600	0.04442	0.75919	0.01517	0.01407	0.01317	0.01062	0.00506	0.00430	0.00127	0.06099	0.00406	0.00359	0.00571
43	0.89687	0.00710	0.00540	0.00483	0.00710	0.00824	0.00398	0.01080	0.00625	0.01648	0.00511	0.00597	0.00398	0.00341	0.00227	0.00114	0.00284	0.00199	0.00227	0.00398
44	0.00917	0.00887	0.01483	0.02233	0.83437	0.02255	0.01120	0.01133	0.00840	0.01195	0.00689	0.00905	0.00580	0.00328	0.00363	0.00109	0.00440	0.00326	0.00182	0.00579
45	0.00534	0.00356	0.00401	0.00401	0.00401	0.00356	0.00223	0.00534	0.00534	0.00712	0.01157	0.02403	0.01335	0.87092	0.01869	0.00356	0.00356	0.00534	0.00223	0.00223
46	0.00701	0.00659	0.01097	0.70848	0.11778	0.00788	0.00982	0.00932	0.00753	0.00972	0.00864	0.01143	0.06172	0.00401	0.00371	0.00121	0.00463	0.00357	0.00177	0.00421
47	0.00451	0.00328	0.00426	0.00501	0.00535	0.00304	0.00341	0.00523	0.00727	0.00959	0.04137	0.74910	0.10320	0.01117	0.00466	0.00146	0.00213	0.02950	0.00342	0.00302
48	0.00804	0.00804	0.01125	0.00964	0.00964	0.01125	0.00804	0.00884	0.00562	0.00884	0.00482	0.00804	0.00482	0.00643	0.01205	0.00161	0.86420	0.00321	0.00161	0.00402
49	0.00447	0.00373	0.00390	0.00386	0.00504	0.00316	0.00289	0.00552	0.00868	0.01066	0.16077	0.03414	0.72250	0.00903	0.00434	0.00123	0.00184	0.00758	0.00351	0.00316
50	0.00914	0.00789	0.00830	0.00747	0.00955	0.00914	0.00581	0.01952	0.84138	0.01536	0.01495	0.01370	0.01121	0.00498	0.00374	0.00125	0.00291	0.00415	0.00374	0.00581
51	0.01541	0.00796	0.00958	0.00735	0.01023	0.00793	0.00607	0.36412	0.01337	0.50030	0.01209	0.01094	0.00789	0.00449	0.00369	0.00112	0.00351	0.00353	0.00418	0.00625
52	0.00449	0.00321	0.00427	0.00510	0.00533	0.00299	0.00341	0.00515	0.00710	0.00948	0.03600	0.85248	0.02449	0.01143	0.00468	0.00149	0.00212	0.01037	0.00342	0.00299
53	0.03025	0.09024	0.09745	0.00851	0.03858	0.00868	0.09435	0.14580	0.16417	0.01415	0.00841	0.00905	0.00649	0.00361	0.00330	0.00096	0.00378	0.00302	0.00254	0.26667
54	0.00496	0.00375	0.00494	0.00495	0.00572	0.00376	0.00371	0.00620	0.00777	0.01058	0.24711	0.11774	0.19431	0.03909	0.32498	0.00306	0.00490	0.00625	0.00301	0.00323
55	0.00448	0.00327	0.00423	0.00498	0.00532	0.00301	0.00338	0.00517	0.00720	0.00946	0.02210	0.76466	0.11499	0.01124	0.00466	0.00147	0.00212	0.02186	0.00341	0.00300
56	0.02487	0.00737	0.00916	0.00705	0.00990	0.00709	0.00581	0.23748	0.02496	0.60692	0.01288	0.01146	0.00831	0.00450	0.00367	0.00113	0.00336	0.00358	0.00428	0.00622
57	0.00875	0.00972	0.07451	0.02722	0.20073	0.00848	0.45341	0.01997	0.00852	0.03064	0.00730	0.00934	0.00562	0.00317	0.00389	0.00111	0.00519	0.00368	0.00194	0.11683
58	0.00639	0.00571	0.00741	0.00700	0.00753	0.05520	0.00553	0.00750	0.00617	0.00869	0.00906	0.07324	0.00889	0.01965	0.53133	0.00421	0.22688	0.00412	0.00197	0.00350
59	0.01634	0.00647	0.00866	0.00664	0.00948	0.00572	0.00548	0.06156	0.01087	0.80639	0.01419	0.01230	0.00894	0.00454	0.00369	0.00113	0.00317	0.00367	0.00450	0.00625
60	0.00885	0.00845	0.01439	0.07347	0.77407	0.00854	0.01099	0.01103	0.00836	0.01192	0.03034	0.00965	0.00657	0.00342	0.00366	0.00110	0.00432	0.00337	0.00187	0.00565
61	0.00554	0.00433	0.00582	0.00577	0.00634	0.02835	0.00434	0.00661	0.00596	0.00835	0.01010	0.03401	0.00994	0.15767	0.66457	0.00521	0.02767	0.00423	0.00203	0.00315
62	0.00909	0.00873	0.01491	0.02254	0.84801	0.00873	0.01127	0.01127	0.00836	0.01200	0.00691	0.00909	0.00582	0.00327	0.00364	0.00109	0.00436	0.00327	0.00182	0.00582
63	0.00473	0.00369	0.00430	0.00425	0.00523	0.00325	0.00315	0.00599	0.00914	0.01199	0.39225	0.11195	0.40949	0.00872	0.00437	0.00123	0.00183	0.00752	0.00369	0.00325
64	0.00638	0.00319	0.00478	0.00478	0.00478	0.00319	0.00319	0.00478	0.00478	0.00638	0.00638	0.01116	0.00638	0.01276	0.01435	0.89314	0.00319	0.00319	0.00159	0.00159
65	0.00446	0.00373	0.00388	0.00384	0.00503	0.00315	0.00288	0.00550	0.00865	0.01057	0.14666	0.03428	0.73666	0.00906	0.00434	0.00123	0.00184	0.00760	0.00350	0.00315
66	0.00909	0.00873	0.01491	0.02254	0.84801	0.00873	0.01127	0.01127	0.00836	0.01200	0.00691	0.00909	0.00582	0.00327	0.00364	0.00109	0.00436	0.00327	0.00182	0.00582
67	0.00858	0.00774	0.01155	0.00840	0.01167	0.02178	0.22667	0.02354	0.04977	0.05018	0.00757	0.00875	0.00593	0.00306	0.00327	0.00081	0.00377	0.00294	0.00229	0.54174
68	0.01372	0.01750	0.01041	0.00946	0.01135	0.85618	0.00710	0.01467	0.01041	0.00899	0.00568	0.00662	0.00473	0.00378	0.00331	0.00095	0.00662	0.00237	0.00189	0.00426
69	0.89687	0.00710	0.00540	0.00483	0.00710	0.00824	0.00398	0.01080	0.00625	0.01648	0.00511	0.00597	0.00398	0.00341	0.00227	0.00114	0.00284	0.00199	0.00227	0.00398
70	0.00737	0.01900	0.85189	0.01047	0.01590	0.00853	0.01357	0.01163	0.00775	0.01163	0.00659	0.00775	0.00465	0.00349	0.00349	0.00116	0.00543	0.00271	0.00155	0.00543
71	0.00592	0.00423	0.00592	0.00676	0.00761	0.00423	0.00592	0.00761	0.00845	0.01099	0.01945	0.04143	0.02114	0.01015	0.00507	0.00169	0.00338	0.82329	0.00338	0.00338
72	0.00779	0.00663	0.00771	0.00552	0.00878	0.00507	0.00442	0.03148	0.00788	0.01227	0.00659	0.00765	0.00546	0.00277	0.00275	0.00056	0.00276	0.00221	0.00222	0.86951
73	0.00533	0.00360	0.00418	0.00418	0.00424	0.00366	0.00244	0.00545	0.00539	0.00725	0.01141	0.02315	0.01297	0.79290	0.09619	0.00378	0.00414	0.00521	0.00220	0.00232
74	0.00447	0.00320	0.00426	0.00511	0.00533	0.00298	0.00341	0.00511	0.00703	0.00938	0.02024	0.86853	0.02429	0.01151	0.00469	0.00149	0.00213	0.01044	0.00341	0.00298
75	0.00525	0.00394	0.00590	0.00590	0.00656	0.00459	0.00459	0.00656	0.00590	0.00853	0.00984	0.01443	0.00918	0.02755	0.85637	0.00590	0.00984	0.00394	0.00197	0.00328
76	0.89687	0.00710	0.00540	0.00483	0.00710	0.00824	0.00398	0.01080	0.00625	0.01648	0.00511	0.00597	0.00398	0.00341	0.00227	0.00114	0.00284	0.00199	0.00227	0.00398
77	0.01372	0.01750	0.01041	0.00946	0.01135	0.85618	0.00710	0.01467	0.01041	0.00899	0.00568	0.00662	0.00473	0.00378	0.00331	0.00095	0.00662	0.00237	0.00189	0.00426
78	0.00895	0.00955	0.01111	0.00961	0.00992	0.14669	0.00788	0.00977	0.00639	0.00886	0.00496	0.00781	0.00481	0.00600	0.01065	0.00150	0.72673	0.00308	0.00165	0.00406
79	0.00501	0.00375	0.00466	0.00443	0.00537	0.00339	0.00332	0.00658	0.00996	0.01370	0.67318	0.02913	0.20819	0.00789	0.00433	0.00117	0.00176	0.00688	0.00391	0.00339
80	0.00452	0.00323	0.00431	0.00508	0.00534	0.00302	0.00341	0.00524	0.00726	0.00974	0.07590	0.81184	0.02499	0.01124	0.00466	0.00147	0.00210	0.01019	0.00345	0.00302
81	0.00909	0.00873	0.01491	0.02254	0.84801	0.00873	0.01127	0.01127	0.00836	0.01200	0.00691	0.00909	0.00582	0.00327	0.00364	0.00109	0.00436	0.00327	0.00182	0.00582
82	0.01648	0.00625	0.00852	0.00653	0.00938	0.00540	0.00540	0.01790	0.01051	0.85056	0.01449	0.01250	0.00909	0.00455	0.00369	0.00114	0.00313	0.00369	0.00455	0.00625
83	0.00804	0.00804	0.01125	0.00964	0.00964	0.01125	0.00804	0.00884	0.00562	0.00884	0.00482	0.00804	0.00482	0.00643	0.01205	0.00161	0.86420	0.00321	0.00161	0.00402
84	0.00480	0.00370	0.00438	0.00429	0.00526	0.00328	0.00319	0.00613	0.00934	0.01240	0.45936	0.09060	0.36298	0.00852	0.00436	0.00121	0.00181	0.00736	0.00374	0.00328
85	0.83392	0.00733	0.00580	0.00509	0.00741	0.00846	0.00419	0.06961	0.00704	0.01695	0.00538	0.00617	0.00414	0.00348	0.00237	0.00113	0.00293	0.00208	0.00237	0.00414
86	0.00838	0.00800	0.01363	0.29844	0.57765	0.00854	0.01092	0.01065	0.00803	0.01114	0.00678	0.00932	0.00551	0.00340	0.00365	0.00113	0.00454	0.00327	0.00176	0.00525
87	0.00573	0.00415	0.00562	0.00634	0.00721	0.00408	0.00546	0.00728	0.00836	0.01076	0.02122	0.04026	0.11365	0.03411	0.00537	0.00169	0.00322	0.70880	0.00335	0.00332
88	0.01389	0.01016	0.01091	0.00839	0.01131	0.01123	0.00692	0.80117	0.03680	0.03826	0.00907	0.00900	0.00642	0.00443	0.00368	0.00111	0.00400	0.00333	0.00369	0.00624
89	0.00894	0.56749	0.31720	0.00778	0.01174	0.01238	0.00889	0.01122	0.00757	0.00971	0.00564	0.00656	0.00469	0.00327	0.00276	0.00092	0.00446	0.00223	0.00156	0.00497
90	0.01014	0.80175	0.01851	0.00655	0.00959	0.08475	0.00635	0.01130	0.00771	0.00867	0.00515	0.00595	0.00471	0.00320	0.00244	0.00080	0.00415	0.00200	0.00160	0.00468
91	0.00446	0.00373	0.00389	0.00385	0.00503	0.00315	0.00288	0.00550	0.00865	0.01059	0.14955	0.03425	0.73376	0.00905	0.00434	0.00123	0.00184	0.00760	0.00350	0.00315
92	0.00762	0.00653	0.00762	0.00544	0.00870	0.00490	0.00435	0.00925	0.00762	0.01197	0.00653	0.00762	0.00544	0.00272	0.00272	0.00054	0.00272	0.00218	0.00218	0.89338
93	0.00737	0.01900	0.85189	0.01047	0.01590	0.00853	0.01357	0.01163	0.00775	0.01163	0.00659	0.00775	0.00465	0.00349	0.00349	0.00116	0.00543	0.00271	0.00155	0.00543
94	0.00804	0.00804	0.01125	0.00964	0.00964	0.01125	0.00804	0.00884	0.00562	0.00884	0.00482	0.00804	0.00482	0.00643	0.01205	0.00161	0.86420	0.00321	0.00161	0.00402
95	0.01460	0.00646	0.00835	0.00661	0.00921	0.00599	0.00541	0.06567	0.09806	0.64227	0.07356	0.01389	0.01114	0.00487	0.00376	0.00116	0.00306	0.01560	0.00436	0.00596
96	0.89687	0.00710	0.00540	0.00483	0.00710	0.00824	0.00398	0.01080	0.00625	0.01648	0.00511	0.00597	0.00398	0.00341	0.00227	0.00114	0.00284	0.00199	0.00227	0.00398
97	0.00511	0.00373	0.00481	0.00465	0.00550	0.00343	0.00348	0.00672	0.00999	0.01396	0.71526	0.07936	0.09153	0.00795	0.00437	0.00120	0.00181	0.02978	0.00394	0.00341
98	0.00457	0.00374	0.00404	0.00398	0.00512	0.00320	0.00300	0.00571	0.00887	0.01111	0.23422	0.03350	0.63782	0.00888	0.00435	0.00123	0.00185	0.01808	0.00356	0.00319
99	0.00498	0.00375	0.00461	0.00440	0.00536	0.00337	0.00330	0.00652	0.00989	0.01353	0.64365	0.02941	0.23783	0.00796	0.00433	0.00118	0.00176	0.00692	0.00388	0.00337
100	0.00528	0.00370	0.00478	0.00480	0.00507	0.00396	0.00321	0.00583	0.00561	0.00774	0.01109	0.04151	0.01195	0.50951	0.35574	0.00445	0.00605	0.00490	0.00215	0.00267
101	0.02360	0.01071	0.01063	0.00836	0.01111	0.10581	0.00681	0.67353	0.01581	0.06728	0.00895	0.02464	0.00654	0.00447	0.00364	0.00109	0.00423	0.00334	0.00350	0.00594
102	0.00602	0.00528	0.06623	0.00703	0.00820	0.00453	0.00646	0.00790	0.00840	0.01104	0.01853	0.03903	0.01996	0.00967	0.00496	0.00165	0.00353	0.76479	0.00325	0.00353
103	0.02927	0.01200	0.01090	0.02144	0.09186	0.34241	0.00760	0.11933	0.04100	0.04501	0.00667	0.00806	0.00546	0.00460	0.00577	0.00119	0.23757	0.00293	0.00222	0.00473
104	0.00976	0.85346	0.03843	0.00638	0.00958	0.01439	0.00645	0.01101	0.00747	0.00871	0.00514	0.00593	0.00471	0.00315	0.00238	0.00079	0.00396	0.00198	0.00157	0.00473
105	0.00634	0.00515	0.00567	0.00525	0.00653	0.02606	0.00402	0.05110	0.13495	0.02104	0.34789	0.04946	0.27912	0.00752	0.00437	0.00121	0.02085	0.01591	0.00366	0.00389
106	0.00775	0.00652	0.00763	0.00546	0.00871	0.00490	0.00437	0.00938	0.00766	0.02461	0.00665	0.00769	0.00550	0.00275	0.00273	0.00055	0.00273	0.00220	0.00221	0.88000
107	0.00451	0.00322	0.00431	0.00516	0.00539	0.00302	0.00348	0.00518	0.00707	0.00942	0.02022	0.84628	0.02421	0.01147	0.00470	0.00150	0.00216	0.03231	0.00341	0.00299
108	0.89687	0.00710	0.00540	0.00483	0.00710	0.00824	0.00398	0.01080	0.00625	0.01648	0.00511	0.00597	0.00398	0.00341	0.00227	0.00114	0.00284	0.00199	0.00227	0.00398
109	0.00534	0.00356	0.00401	0.00401	0.00401	0.00356	0.00223	0.00534	0.00534	0.00712	0.01157	0.02403	0.01335	0.87092	0.01869	0.00356	0.00356	0.00534	0.00223	0.00223
110	0.89687	0.00710	0.00540	0.00483	0.00710	0.00824	0.00398	0.01080	0.00625	0.01648	0.00511	0.00597	0.00398	0.00341	0.00227	0.00114	0.00284	0.00199	0.00227	0.00398
111	0.00534	0.00377	0.00488	0.00465	0.00553	0.00346	0.00347	0.00696	0.01007	0.03174	0.73229	0.08420	0.07418	0.00781	0.00434	0.00118	0.00180	0.00689	0.00398	0.00347
112	0.01333	0.00997	0.01066	0.00832	0.01115	0.01109	0.00683	0.72815	0.12592	0.02212	0.00963	0.00946	0.00690	0.00448	0.00368	0.00112	0.00389	0.00342	0.00368	0.00619
113	0.01608	0.00690	0.00892	0.00684	0.00970	0.00636	0.00565	0.14853	0.01159	0.71840	0.01358	0.01191	0.00864	0.00452	0.00369	0.00113	0.00327	0.00363	0.00441	0.00625
114	0.00888	0.00852	0.01453	0.10325	0.76892	0.00867	0.01117	0.01109	0.00826	0.01175	0.00687	0.00916	0.00573	0.00331	0.00364	0.00110	0.00441	0.00327	0.00180	0.00565
115	0.01406	0.00998	0.01081	0.00831	0.01123	0.01095	0.00686	0.76888	0.02869	0.07880	0.00929	0.00914	0.00651	0.00443	0.00368	0.00111	0.00396	0.00334	0.00373	0.00624
116	0.00938	0.00791	0.00837	0.00748	0.00959	0.00911	0.00583	0.03770	0.80713	0.03148	0.01480	0.01357	0.01106	0.00496	0.00373	0.00124	0.00294	0.00412	0.00375	0.00583
117	0.04667	0.00910	0.00869	0.00726	0.00946	0.15296	0.00576	0.26233	0.07870	0.17909	0.05719	0.05053	0.08828	0.00531	0.00388	0.00114	0.02095	0.00414	0.00343	0.00515
118	0.00753	0.06929	0.79092	0.01029	0.01556	0.00889	0.02483	0.01160	0.00775	0.01146	0.00652	0.00767	0.00467	0.00346	0.00343	0.00114	0.00535	0.00269	0.00156	0.00538
119	0.01251	0.00681	0.00815	0.00656	0.00892	0.00676	0.00531	0.21513	0.09527	0.37164	0.12524	0.01537	0.07172	0.00528	0.00379	0.00114	0.00301	0.00432	0.02751	0.00554
120	0.00731	0.00691	0.01168	0.71799	0.16651	0.00826	0.01038	0.00971	0.00752	0.00983	0.00659	0.00967	0.00505	0.00360	0.00367	0.00120	0.00480	0.00327	0.00166	0.00438
121	0.02697	0.15154	0.01165	0.10641	0.01240	0.51874	0.00712	0.03060	0.00967	0.08315	0.00651	0.00742	0.00515	0.00374	0.00322	0.00098	0.00557	0.00253	0.00209	0.00452
122	0.00538	0.00362	0.00494	0.00542	0.00597	0.00338	0.01349	0.00635	0.00783	0.05196	0.12613	0.60428	0.03315	0.01037	0.00463	0.00145	0.00232	0.10255	0.00353	0.00328
123	0.00955	0.17170	0.04972	0.01175	0.01522	0.00942	0.48945	0.01201	0.00855	0.10460	0.01702	0.02253	0.00636	0.00344	0.00378	0.00110	0.00510	0.00376	0.00216	0.05279
124	0.00762	0.00653	0.00762	0.00544	0.00870	0.00490	0.00435	0.00925	0.00762	0.01197	0.00653	0.00762	0.00544	0.00272	0.00272	0.00054	0.00272	0.00218	0.00218	0.89338
125	0.00941	0.00855	0.00840	0.00761	0.00964	0.07746	0.00592	0.01875	0.74824	0.01471	0.01434	0.01399	0.01100	0.00505	0.00374	0.00124	0.00322	0.02953	0.00358	0.00561
126	0.42814	0.00743	0.00746	0.00612	0.00866	0.00797	0.00502	0.14988	0.06563	0.26663	0.00919	0.00891	0.00637	0.00402	0.00303	0.00114	0.00313	0.00286	0.00328	0.00516
127	0.00438	0.00370	0.00381	0.00388	0.00504	0.00312	0.00290	0.00531	0.00828	0.00991	0.03567	0.09163	0.77269	0.00947	0.00438	0.00127	0.00191	0.02614	0.00341	0.00310
128	0.00564	0.00410	0.00512	0.00474	0.00577	0.00385	0.00359	0.03990	0.02239	0.02418	0.70812	0.02714	0.11650	0.00750	0.00429	0.00116	0.00187	0.00655	0.00396	0.00360
129	0.01471	0.00600	0.00805	0.00633	0.00888	0.00532	0.00517	0.01656	0.04720	0.70633	0.12130	0.01447	0.01247	0.00495	0.00378	0.00114	0.00294	0.00409	0.00445	0.00587
130	0.00528	0.00356	0.00415	0.00421	0.00426	0.00359	0.00246	0.00541	0.00549	0.00737	0.01204	0.08031	0.01381	0.75688	0.07349	0.00358	0.00388	0.00559	0.00229	0.00235
131	0.00694	0.00653	0.01102	0.86210	0.02530	0.00816	0.01020	0.00938	0.00734	0.00938	0.00653	0.00979	0.00490	0.00367	0.00367	0.00122	0.00490	0.00326	0.00163	0.00408
132	0.00867	0.00991	0.02167	0.01548	0.01920	0.00929	0.83467	0.01176	0.00867	0.01176	0.00743	0.00991	0.00557	0.00310	0.00433	0.00124	0.00619	0.00433	0.00186	0.00495
133	0.34907	0.00734	0.00781	0.00625	0.00890	0.00761	0.00516	0.16997	0.01018	0.37845	0.00987	0.00933	0.00662	0.00409	0.00315	0.00113	0.00319	0.00298	0.00352	0.00539
134	0.00982	0.87313	0.01925	0.00628	0.00943	0.01453	0.00628	0.01100	0.00746	0.00864	0.00511	0.00589	0.00471	0.00314	0.00236	0.00079	0.00393	0.00196	0.00157	0.00471
135	0.00459	0.00376	0.00387	0.00382	0.00506	0.00316	0.00287	0.00557	0.00853	0.02362	0.08555	0.03451	0.78427	0.00912	0.00433	0.00123	0.00187	0.00762	0.00347	0.00317
136	0.89687	0.00710	0.00540	0.00483	0.00710	0.00824	0.00398	0.01080	0.00625	0.01648	0.00511	0.00597	0.00398	0.00341	0.00227	0.00114	0.00284	0.00199	0.00227	0.00398
137	0.00737	0.01900	0.85189	0.01047	0.01590	0.00853	0.01357	0.01163	0.00775	0.01163	0.00659	0.00775	0.00465	0.00349	0.00349	0.00116	0.00543	0.00271	0.00155	0.00543
138	0.00525	0.00394	0.00590	0.00590	0.00656	0.00459	0.00459	0.00656	0.00590	0.00853	0.00984	0.01443	0.00918	0.02755	0.85637	0.00590	0.00984	0.00394	0.00197	0.00328
139	0.00447	0.00320	0.00426	0.00511	0.00533	0.00298	0.00341	0.00511	0.00703	0.00938	0.02024	0.86853	0.02429	0.01151	0.00469	0.00149	0.00213	0.01044	0.00341	0.00298
140	0.00694	0.00653	0.01102	0.86210	0.02530	0.00816	0.01020	0.00938	0.00734	0.00938	0.00653	0.00979	0.00490	0.00367	0.00367	0.00122	0.00490	0.00326	0.00163	0.00408
141	0.00913	0.47865	0.34656	0.00808	0.01211	0.01196	0.00920	0.06683	0.00824	0.01080	0.00594	0.00682	0.00479	0.00336	0.00289	0.00096	0.00453	0.00235	0.00170	0.00510
142	0.00737	0.01900	0.85189	0.01047	0.01590	0.00853	0.01357	0.01163	0.00775	0.01163	0.00659	0.00775	0.00465	0.00349	0.00349	0.00116	0.00543	0.00271	0.00155	0.00543
143	0.00965	0.81557	0.07536	0.00657	0.00986	0.01413	0.00678	0.01104	0.00748	0.00884	0.00521	0.00602	0.00471	0.00317	0.00243	0.00081	0.00403	0.00201	0.00157	0.00476
144	0.00907	0.00783	0.00824	0.00742	0.00948	0.00905	0.00577	0.01931	0.82921	0.01528	0.01527	0.01402	0.02342	0.00505	0.00375	0.00125	0.00289	0.00420	0.00373	0.00577
145	0.00447	0.00320	0.00426	0.00511	0.00533	0.00298	0.00341	0.00511	0.00703	0.00938	0.02024	0.86853	0.02429	0.01151	0.00469	0.00149	0.00213	0.01044	0.00341	0.00298
146	0.00534	0.00356	0.00401	0.00401	0.00401	0.00356	0.00223	0.00534	0.00534	0.00712	0.01157	0.02403	0.01335	0.87092	0.01869	0.00356	0.00356	0.00534	0.00223	0.00223
147	0.00987	0.00744	0.00815	0.00718	0.00928	0.00832	0.00562	0.03178	0.66772	0.12020	0.07080	0.01440	0.01244	0.00509	0.00377	0.00122	0.00287	0.00425	0.00386	0.00572

[dist]
# distance from previous block
# <min> <max>
0	1

# created by:
# /st0/software/busco_prod/Augustus/scripts/msa2prfl.pl ./align_prep/28690.fa
