[name]
unknown

[dist]
# distance from previous block
# <min> <max>
0	137

[block]
# block no. 0 follows, 68 sequences, length 83
# corresponding to MSA columns:
# 205-287
name=unknown_A
#
# <colnr> <probs for GDERKNQSTAVLIFYWHMCP>
#	G	D	E	R	K	N	Q	S	T	A	V	L	I	F	Y	W	H	M	C	P
0	0.05532	0.05170	0.02478	0.01098	0.11418	0.31600	0.01740	0.25914	0.02954	0.02910	0.01947	0.00929	0.01764	0.00454	0.00396	0.02028	0.00528	0.00320	0.00275	0.00547
1	0.00531	0.00408	0.00462	0.00469	0.00576	0.00364	0.00345	0.01963	0.00910	0.02538	0.14043	0.19502	0.48747	0.03348	0.02446	0.00157	0.00238	0.02232	0.00373	0.00347
2	0.00597	0.00400	0.00578	0.02408	0.00658	0.00438	0.00429	0.00635	0.00623	0.00868	0.01133	0.13829	0.01176	0.10084	0.38812	0.23420	0.01897	0.00517	0.01202	0.00294
3	0.01025	0.00915	0.00916	0.00821	0.01046	0.05667	0.00638	0.03816	0.76541	0.01638	0.01543	0.01425	0.01160	0.00529	0.00401	0.00132	0.00339	0.00435	0.00392	0.00619
4	0.00491	0.00393	0.00436	0.00445	0.00550	0.00341	0.00324	0.00600	0.00913	0.01151	0.18580	0.16780	0.53238	0.03320	0.00517	0.00143	0.00208	0.00854	0.00378	0.00338
5	0.00822	0.00705	0.00822	0.00587	0.00940	0.00529	0.00470	0.00998	0.00822	0.01292	0.00705	0.00822	0.00587	0.00294	0.00294	0.00059	0.00294	0.00235	0.00235	0.88490
6	0.01481	0.01890	0.01124	0.01021	0.01226	0.84474	0.00766	0.01583	0.01124	0.00970	0.00613	0.00715	0.00511	0.00409	0.00358	0.00102	0.00715	0.00255	0.00204	0.00460
7	0.00617	0.00424	0.00507	0.00509	0.00617	0.00383	0.00387	0.00735	0.00908	0.06953	0.16187	0.10641	0.34935	0.10500	0.00653	0.00170	0.00258	0.13884	0.00373	0.00358
8	0.00482	0.00350	0.00455	0.00540	0.00572	0.00323	0.00363	0.00553	0.00771	0.01017	0.02333	0.79204	0.09131	0.01223	0.00503	0.00159	0.00228	0.01104	0.00368	0.00323
9	0.00986	0.00852	0.00897	0.00807	0.01031	0.00986	0.00628	0.02107	0.82876	0.01659	0.01614	0.01479	0.01210	0.00538	0.00403	0.00134	0.00314	0.00448	0.00403	0.00628
10	0.00596	0.00415	0.00527	0.00557	0.00625	0.00405	0.00418	0.00698	0.00790	0.03127	0.06093	0.12731	0.14197	0.24902	0.08837	0.00267	0.00386	0.23777	0.00324	0.00328
11	0.01216	0.00966	0.01026	0.00853	0.01119	0.01094	0.00683	0.37514	0.47094	0.02030	0.01321	0.01246	0.00974	0.00511	0.00400	0.00128	0.00368	0.00408	0.00400	0.00648
12	0.00749	0.00705	0.01189	0.85113	0.02731	0.00881	0.01101	0.01013	0.00793	0.01013	0.00705	0.01057	0.00529	0.00396	0.00396	0.00132	0.00529	0.00352	0.00176	0.00440
13	0.00473	0.00383	0.00420	0.00450	0.00548	0.00331	0.00323	0.00564	0.00857	0.01052	0.03427	0.30208	0.57420	0.01081	0.00481	0.00143	0.00210	0.00930	0.00368	0.00331
14	0.04045	0.00548	0.00684	0.00584	0.00786	0.00490	0.00460	0.03150	0.01039	0.38355	0.14017	0.11145	0.21572	0.00737	0.00432	0.00130	0.00272	0.00622	0.00430	0.00503
15	0.01234	0.00746	0.00847	0.00710	0.00942	0.00784	0.00569	0.19548	0.23431	0.22918	0.02374	0.03068	0.01080	0.00529	0.00383	0.00122	0.00321	0.02522	0.17287	0.00585
16	0.01472	0.00753	0.00918	0.00749	0.01025	0.00752	0.00604	0.04101	0.32077	0.50638	0.01567	0.01388	0.01060	0.00508	0.00400	0.00127	0.00331	0.00416	0.00455	0.00657
17	0.00822	0.00705	0.00822	0.00587	0.00940	0.00529	0.00470	0.00998	0.00822	0.01292	0.00705	0.00822	0.00587	0.00294	0.00294	0.00059	0.00294	0.00235	0.00235	0.88490
18	0.02260	0.00422	0.00518	0.00518	0.00591	0.00398	0.00358	0.00769	0.00796	0.10761	0.10243	0.25051	0.09368	0.30872	0.01015	0.00229	0.00298	0.04846	0.00342	0.00345
19	0.00483	0.00402	0.00422	0.00417	0.00545	0.00341	0.00313	0.00597	0.00938	0.01153	0.16567	0.03681	0.70829	0.00974	0.00468	0.00132	0.00199	0.00818	0.00379	0.00341
20	0.87379	0.00760	0.00579	0.00519	0.00762	0.00881	0.00427	0.01161	0.00677	0.01774	0.00565	0.00658	0.00439	0.00370	0.00246	0.00122	0.00305	0.00217	0.01731	0.00428
21	0.02115	0.00566	0.00790	0.00738	0.00806	0.02472	0.02341	0.01856	0.00666	0.00966	0.00970	0.04183	0.00931	0.04782	0.55921	0.01568	0.17311	0.00429	0.00213	0.00374
22	0.00624	0.00458	0.00531	0.00547	0.00594	0.03583	0.00381	0.01787	0.00719	0.01007	0.01449	0.25594	0.01570	0.25635	0.18281	0.00312	0.02445	0.01876	0.12281	0.00325
23	0.00479	0.00396	0.00420	0.00426	0.00545	0.00337	0.00315	0.00585	0.00912	0.01118	0.11869	0.11871	0.67341	0.01008	0.00472	0.00136	0.00202	0.00854	0.00375	0.00337
24	0.00606	0.00418	0.00518	0.00528	0.00626	0.00385	0.00393	0.00751	0.02738	0.06269	0.23542	0.26130	0.23940	0.02674	0.01790	0.00155	0.00247	0.07533	0.00389	0.00370
25	0.01061	0.00954	0.01156	0.02908	0.12710	0.07625	0.05267	0.13803	0.27291	0.02932	0.01101	0.01264	0.00879	0.00624	0.04335	0.00155	0.10716	0.03059	0.01594	0.00565
26	0.25203	0.01332	0.07732	0.02812	0.01301	0.29487	0.13822	0.08343	0.00986	0.01395	0.00662	0.00796	0.00517	0.00399	0.00385	0.00119	0.03694	0.00296	0.00227	0.00491
27	0.01145	0.04831	0.10447	0.02568	0.03068	0.32760	0.28346	0.04607	0.01006	0.01167	0.00705	0.00884	0.00557	0.00431	0.01721	0.00128	0.04573	0.00344	0.00204	0.00509
28	0.00730	0.00564	0.00700	0.02313	0.00814	0.00573	0.02016	0.09629	0.09540	0.02454	0.13584	0.30493	0.07999	0.03290	0.02260	0.00155	0.02614	0.03515	0.00358	0.06398
29	0.05964	0.00691	0.00749	0.00700	0.02051	0.04594	0.01456	0.03945	0.28718	0.04734	0.18602	0.06353	0.07535	0.02042	0.00521	0.05807	0.00310	0.04389	0.00366	0.00474
30	0.00873	0.00619	0.00744	0.00623	0.00841	0.00561	0.00480	0.06636	0.08638	0.08422	0.02467	0.13872	0.04183	0.00757	0.03621	0.10403	0.00330	0.01426	0.00305	0.34199
31	0.01749	0.00684	0.00922	0.00706	0.01014	0.00593	0.00583	0.03375	0.01140	0.80220	0.01531	0.01328	0.00966	0.00485	0.00396	0.00121	0.00338	0.00394	0.00482	0.02973
32	0.02383	0.00394	0.00485	0.00536	0.00590	0.00375	0.00372	0.00658	0.02311	0.03275	0.02190	0.50239	0.12227	0.15010	0.00741	0.00193	0.00268	0.07072	0.00348	0.00331
33	0.32932	0.00762	0.00760	0.00642	0.00869	0.00831	0.00516	0.25097	0.01079	0.07287	0.00971	0.07598	0.00805	0.00613	0.03679	0.02452	0.00359	0.00369	0.09491	0.02890
34	0.00491	0.00355	0.00459	0.00532	0.00568	0.00329	0.00359	0.00569	0.00792	0.01051	0.08272	0.70149	0.09335	0.04048	0.00551	0.00164	0.00230	0.01055	0.00369	0.00324
35	0.00577	0.00384	0.00432	0.00432	0.00432	0.00384	0.00240	0.00577	0.00577	0.00769	0.01249	0.02595	0.01441	0.86066	0.02018	0.00384	0.00384	0.00577	0.00240	0.00240
36	0.02266	0.00687	0.00800	0.00692	0.00905	0.00714	0.00544	0.05076	0.33660	0.23883	0.15900	0.06033	0.03861	0.00615	0.00415	0.00129	0.00293	0.00518	0.02445	0.00566
37	0.00569	0.00424	0.00630	0.00633	0.00702	0.00491	0.00491	0.00707	0.00642	0.00922	0.01095	0.01668	0.01040	0.05670	0.79572	0.00617	0.01021	0.02536	0.00217	0.00351
38	0.01442	0.01029	0.01105	0.00855	0.01151	0.01131	0.00704	0.72383	0.01747	0.04616	0.01001	0.01013	0.00715	0.00475	0.00385	0.00117	0.00410	0.00359	0.08718	0.00645
39	0.00834	0.00450	0.00462	0.00430	0.00549	0.00460	0.00331	0.09208	0.00941	0.02931	0.01263	0.01423	0.00981	0.00464	0.00291	0.00096	0.00213	0.00369	0.77899	0.00406
40	0.00553	0.00406	0.00483	0.00469	0.00575	0.00361	0.00346	0.00690	0.00990	0.03521	0.41678	0.09681	0.33590	0.04241	0.00530	0.00141	0.00207	0.00780	0.00399	0.00358
41	0.00986	0.00852	0.00897	0.00807	0.01031	0.00986	0.00628	0.02107	0.82876	0.01659	0.01614	0.01479	0.01210	0.00538	0.00403	0.00134	0.00314	0.00448	0.00403	0.00628
42	0.01060	0.86304	0.02078	0.00678	0.01018	0.01569	0.00678	0.01187	0.00806	0.00933	0.00551	0.00636	0.00509	0.00339	0.00254	0.00085	0.00424	0.00212	0.00170	0.00509
43	0.00590	0.00390	0.00460	0.00466	0.00480	0.00391	0.00281	0.00611	0.00613	0.02290	0.01342	0.09941	0.01526	0.70230	0.06959	0.00372	0.00412	0.02123	0.00257	0.00265
44	0.00525	0.00377	0.00482	0.00529	0.00591	0.00346	0.00375	0.00632	0.00874	0.02437	0.20407	0.50217	0.14852	0.01093	0.00492	0.00149	0.00224	0.04669	0.00385	0.00343
45	0.01060	0.86304	0.02078	0.00678	0.01018	0.01569	0.00678	0.01187	0.00806	0.00933	0.00551	0.00636	0.00509	0.00339	0.00254	0.00085	0.00424	0.00212	0.00170	0.00509
46	0.88866	0.00767	0.00583	0.00521	0.00767	0.00889	0.00429	0.01166	0.00675	0.01779	0.00552	0.00644	0.00429	0.00368	0.00245	0.00123	0.00307	0.00215	0.00245	0.00429
47	0.00584	0.00435	0.00639	0.00621	0.00682	0.00489	0.02319	0.00692	0.00628	0.00892	0.01077	0.01738	0.01060	0.19650	0.62663	0.02921	0.01908	0.00453	0.00216	0.00331
48	0.00478	0.00393	0.00422	0.00442	0.00553	0.00337	0.00325	0.00576	0.00880	0.01071	0.04770	0.19234	0.64558	0.01049	0.00478	0.00140	0.00211	0.03380	0.00369	0.00334
49	0.01779	0.00675	0.00920	0.00705	0.01012	0.00583	0.00583	0.01932	0.01135	0.83867	0.01564	0.01350	0.00981	0.00491	0.00399	0.00123	0.00337	0.00399	0.00491	0.00675
50	0.00749	0.00705	0.01189	0.85113	0.02731	0.00881	0.01101	0.01013	0.00793	0.01013	0.00705	0.01057	0.00529	0.00396	0.00396	0.00132	0.00529	0.00352	0.00176	0.00440
51	0.00939	0.00885	0.01458	0.22479	0.55853	0.00947	0.01144	0.04004	0.03279	0.01268	0.00761	0.01009	0.00619	0.00385	0.00424	0.00124	0.03286	0.00356	0.00204	0.00577
52	0.00585	0.00412	0.00577	0.00574	0.00618	0.00460	0.00415	0.00657	0.00609	0.00857	0.01073	0.01808	0.01084	0.26194	0.52495	0.08618	0.01985	0.00459	0.00216	0.00306
53	0.06582	0.03121	0.01225	0.01328	0.21450	0.53354	0.00855	0.01427	0.01012	0.01097	0.00644	0.00791	0.00541	0.00436	0.01524	0.00117	0.03513	0.00282	0.00203	0.00498
54	0.00657	0.00471	0.00650	0.00694	0.00787	0.00465	0.02722	0.04088	0.02499	0.03135	0.02059	0.33396	0.03610	0.01076	0.00517	0.00168	0.00323	0.41937	0.00367	0.00379
55	0.04978	0.00955	0.01586	0.12709	0.52730	0.04021	0.12768	0.01203	0.00884	0.01257	0.00729	0.00976	0.00596	0.00367	0.00418	0.00123	0.02573	0.00360	0.00196	0.00571
56	0.01438	0.01076	0.01151	0.00898	0.01203	0.01197	0.00737	0.71673	0.12574	0.02388	0.01039	0.01022	0.00745	0.00484	0.00398	0.00121	0.00420	0.00369	0.00398	0.00668
57	0.00592	0.01635	0.00580	0.00553	0.02863	0.00430	0.00406	0.02441	0.02304	0.01454	0.54395	0.03005	0.21832	0.00822	0.00459	0.00126	0.00216	0.03077	0.00402	0.02407
58	0.01041	0.00505	0.00671	0.00587	0.00756	0.00449	0.00453	0.01189	0.01054	0.34927	0.33069	0.15400	0.05406	0.02049	0.00469	0.00134	0.00258	0.00655	0.00442	0.00485
59	0.88866	0.00767	0.00583	0.00521	0.00767	0.00889	0.00429	0.01166	0.00675	0.01779	0.00552	0.00644	0.00429	0.00368	0.00245	0.00123	0.00307	0.00215	0.00245	0.00429
60	0.01253	0.00984	0.01047	0.00861	0.01133	0.01111	0.00692	0.43148	0.41401	0.02089	0.01275	0.01209	0.00936	0.00506	0.00400	0.00127	0.00377	0.00402	0.00400	0.00651
61	0.00502	0.00403	0.00448	0.00437	0.00556	0.00349	0.00328	0.00634	0.00983	0.01259	0.32696	0.03507	0.54635	0.00934	0.00468	0.00131	0.00196	0.00794	0.00393	0.00349
62	0.00485	0.00370	0.00446	0.00501	0.00567	0.00331	0.00350	0.00572	0.00829	0.01062	0.06510	0.51826	0.30865	0.01137	0.00492	0.00150	0.00221	0.02584	0.00371	0.00330
63	0.01060	0.86304	0.02078	0.00678	0.01018	0.01569	0.00678	0.01187	0.00806	0.00933	0.00551	0.00636	0.00509	0.00339	0.00254	0.00085	0.00424	0.00212	0.00170	0.00509
64	0.00822	0.00705	0.00822	0.00587	0.00940	0.00529	0.00470	0.00998	0.00822	0.01292	0.00705	0.00822	0.00587	0.00294	0.00294	0.00059	0.00294	0.00235	0.00235	0.88490
65	0.00699	0.00446	0.00595	0.00642	0.00746	0.00422	0.00526	0.00841	0.00900	0.09708	0.02327	0.22357	0.13405	0.01053	0.00512	0.00165	0.00309	0.43583	0.00379	0.00383
66	0.01779	0.00675	0.00920	0.00705	0.01012	0.00583	0.00583	0.01932	0.01135	0.83867	0.01564	0.01350	0.00981	0.00491	0.00399	0.00123	0.00337	0.00399	0.00491	0.00675
67	0.01060	0.86304	0.02078	0.00678	0.01018	0.01569	0.00678	0.01187	0.00806	0.00933	0.00551	0.00636	0.00509	0.00339	0.00254	0.00085	0.00424	0.00212	0.00170	0.00509
68	0.00981	0.00942	0.01609	0.02434	0.83592	0.00942	0.01217	0.01217	0.00903	0.01295	0.00746	0.00981	0.00628	0.00353	0.00393	0.00118	0.00471	0.00353	0.00196	0.00628
69	0.00620	0.00427	0.00509	0.00528	0.00600	0.00407	0.00369	0.03455	0.02633	0.04791	0.03255	0.33202	0.18487	0.22497	0.00871	0.00209	0.00285	0.06170	0.00344	0.00342
70	0.00483	0.00345	0.00460	0.00552	0.00575	0.00322	0.00368	0.00552	0.00759	0.01012	0.02185	0.85807	0.02622	0.01242	0.00506	0.00161	0.00230	0.01127	0.00368	0.00322
71	0.00637	0.00455	0.00636	0.00725	0.00816	0.00454	0.00633	0.00820	0.00918	0.01196	0.04015	0.04437	0.02316	0.01089	0.00546	0.00181	0.00361	0.79033	0.00367	0.00365
72	0.01963	0.00501	0.00567	0.00566	0.00692	0.00501	0.00432	0.00964	0.18578	0.01300	0.16618	0.16289	0.29350	0.00908	0.00465	0.00142	0.00246	0.09124	0.00385	0.00407
73	0.00683	0.00526	0.00599	0.00556	0.00700	0.00523	0.00424	0.02755	0.19391	0.03837	0.36491	0.04423	0.25959	0.00797	0.00451	0.00130	0.00230	0.00683	0.00409	0.00434
74	0.00845	0.00587	0.00624	0.00588	0.00735	0.00641	0.00447	0.02767	0.35299	0.02874	0.01524	0.10704	0.01267	0.00580	0.00359	0.00119	0.00251	0.00486	0.38820	0.00483
75	0.01014	0.00833	0.00889	0.00795	0.01020	0.00952	0.00619	0.02066	0.77032	0.05597	0.03539	0.01508	0.01259	0.00542	0.00405	0.00134	0.00312	0.00452	0.00408	0.00624
76	0.06070	0.00509	0.00622	0.00569	0.00719	0.00478	0.00431	0.03222	0.02709	0.22828	0.20175	0.22473	0.11160	0.04213	0.00502	0.00144	0.00262	0.00691	0.01776	0.00447
77	0.03711	0.00769	0.00858	0.00688	0.00932	0.00802	0.00559	0.34615	0.03060	0.21973	0.01206	0.01208	0.00855	0.00474	0.00358	0.00112	0.00331	0.00369	0.26545	0.00576
78	0.00500	0.00356	0.00476	0.00566	0.00595	0.00336	0.00391	0.00578	0.00770	0.01023	0.02158	0.76493	0.02566	0.02984	0.00541	0.00168	0.00246	0.08563	0.00365	0.00324
79	0.07357	0.00767	0.00907	0.00727	0.01001	0.00771	0.00591	0.16293	0.14873	0.43750	0.03564	0.01298	0.00998	0.00508	0.00402	0.01343	0.00340	0.00394	0.03490	0.00625
80	0.00699	0.00527	0.00790	0.00746	0.03980	0.00531	0.08670	0.02430	0.01913	0.04876	0.09912	0.13979	0.07730	0.15609	0.16314	0.02675	0.02620	0.03100	0.02519	0.00382
81	0.01013	0.00697	0.00825	0.00660	0.02384	0.00617	0.00516	0.12505	0.03413	0.15085	0.10159	0.01535	0.10903	0.00500	0.00370	0.00097	0.00302	0.00411	0.00341	0.37669
82	0.28953	0.02592	0.00913	0.00719	0.00981	0.05247	0.00588	0.21245	0.03259	0.01695	0.00723	0.00821	0.00570	0.00452	0.01637	0.00118	0.08169	0.00278	0.00274	0.20765

[dist]
# distance from previous block
# <min> <max>
0	3

[block]
# block no. 1 follows, 68 sequences, length 30
# corresponding to MSA columns:
# 291-310,312-321
name=unknown_B
#
# <colnr> <probs for GDERKNQSTAVLIFYWHMCP>
#	G	D	E	R	K	N	Q	S	T	A	V	L	I	F	Y	W	H	M	C	P
0	0.01813	0.02502	0.05455	0.00723	0.00937	0.02164	0.09593	0.10013	0.05217	0.06040	0.10445	0.11574	0.30403	0.00758	0.00443	0.00131	0.00331	0.00657	0.00349	0.00453
1	0.00505	0.00410	0.00454	0.00470	0.00590	0.00358	0.00367	0.00625	0.00917	0.01126	0.09271	0.06312	0.61320	0.01013	0.00483	0.00142	0.00229	0.14692	0.00373	0.00342
2	0.00822	0.00705	0.00822	0.00587	0.00940	0.00529	0.00470	0.00998	0.00822	0.01292	0.00705	0.00822	0.00587	0.00294	0.00294	0.00059	0.00294	0.00235	0.00235	0.88490
3	0.04841	0.00470	0.00574	0.00562	0.00685	0.00435	0.00417	0.00841	0.03686	0.08404	0.09804	0.33836	0.11311	0.02847	0.00535	0.04165	0.00263	0.06334	0.00355	0.09635
4	0.07927	0.00604	0.00731	0.00638	0.00816	0.00618	0.00501	0.12897	0.00899	0.04095	0.04234	0.05904	0.03331	0.01493	0.32030	0.05314	0.00599	0.00418	0.00275	0.16676
5	0.00548	0.00393	0.00476	0.00503	0.00591	0.00353	0.00369	0.00661	0.00894	0.03671	0.16395	0.33353	0.30521	0.01035	0.00480	0.00144	0.00224	0.06359	0.02680	0.00350
6	0.08687	0.00686	0.00893	0.00693	0.00993	0.00616	0.00572	0.01875	0.02869	0.75558	0.01485	0.01296	0.00943	0.00482	0.00387	0.00123	0.00334	0.00385	0.00469	0.00654
7	0.17098	0.00793	0.00852	0.00707	0.00949	0.00850	0.00569	0.24524	0.14410	0.16949	0.09838	0.01427	0.02171	0.03075	0.00428	0.00132	0.00337	0.01903	0.02426	0.00561
8	0.00534	0.00377	0.00474	0.00524	0.00587	0.00344	0.00368	0.00625	0.00833	0.03590	0.09263	0.53849	0.19808	0.03175	0.00530	0.00157	0.00232	0.04015	0.00374	0.00339
9	0.00469	0.00402	0.00402	0.00402	0.00536	0.00335	0.00301	0.00569	0.00904	0.01071	0.04017	0.03816	0.83432	0.01004	0.00469	0.00134	0.00201	0.00837	0.00368	0.00335
10	0.00487	0.00371	0.00440	0.00487	0.00553	0.00333	0.00336	0.00569	0.00820	0.01048	0.06774	0.46549	0.32583	0.06028	0.00578	0.00162	0.00226	0.00968	0.00364	0.00325
11	0.88866	0.00767	0.00583	0.00521	0.00767	0.00889	0.00429	0.01166	0.00675	0.01779	0.00552	0.00644	0.00429	0.00368	0.00245	0.00123	0.00307	0.00215	0.00245	0.00429
12	0.00757	0.00713	0.01204	0.82236	0.05544	0.00883	0.01105	0.01020	0.00797	0.01023	0.00706	0.01054	0.00532	0.00395	0.00396	0.00132	0.00527	0.00352	0.00177	0.00447
13	0.01060	0.86304	0.02078	0.00678	0.01018	0.01569	0.00678	0.01187	0.00806	0.00933	0.00551	0.00636	0.00509	0.00339	0.00254	0.00085	0.00424	0.00212	0.00170	0.00509
14	0.04269	0.00437	0.00523	0.00500	0.00612	0.00403	0.00370	0.00796	0.00951	0.08946	0.34226	0.11714	0.21545	0.10188	0.00628	0.00160	0.00240	0.02730	0.00387	0.00375
15	0.05771	0.00432	0.00533	0.00582	0.00665	0.00422	0.00438	0.00760	0.03518	0.04014	0.04459	0.42861	0.11691	0.01105	0.02678	0.00168	0.00286	0.17565	0.01687	0.00364
16	0.00487	0.00348	0.00465	0.00557	0.00581	0.00326	0.00375	0.00559	0.00763	0.01017	0.02183	0.83690	0.02614	0.01238	0.00507	0.00162	0.00234	0.03204	0.00368	0.00323
17	0.45152	0.00793	0.00778	0.00644	0.00904	0.00858	0.00525	0.18489	0.01030	0.20186	0.00946	0.04349	0.00718	0.02596	0.00366	0.00130	0.00340	0.00332	0.00337	0.00527
18	0.02997	0.00388	0.00462	0.00493	0.00543	0.00367	0.00328	0.00622	0.00763	0.02610	0.09202	0.38683	0.13683	0.25938	0.00930	0.00218	0.00271	0.00850	0.00336	0.00314
19	0.01332	0.00934	0.01002	0.00833	0.01083	0.06855	0.00687	0.43988	0.01464	0.14668	0.03752	0.01767	0.01126	0.00622	0.00445	0.01544	0.00417	0.16513	0.00389	0.00580
20	0.14504	0.00779	0.00921	0.00719	0.01013	0.00767	0.00591	0.19598	0.01218	0.52153	0.01274	0.01182	0.00841	0.02125	0.00407	0.00127	0.00356	0.00366	0.00429	0.00630
21	0.00540	0.00400	0.00460	0.00468	0.00535	0.00374	0.00321	0.00637	0.02158	0.01060	0.15760	0.12519	0.27393	0.30630	0.01015	0.00225	0.00276	0.04583	0.00335	0.00313
22	0.00569	0.00412	0.00579	0.00574	0.00637	0.00450	0.00427	0.00685	0.00709	0.01002	0.14536	0.01983	0.03352	0.15217	0.53459	0.03548	0.00772	0.00502	0.00255	0.00333
23	0.00542	0.00415	0.00530	0.00530	0.00603	0.00427	0.00389	0.00647	0.00760	0.01015	0.10537	0.09699	0.23786	0.15313	0.30275	0.00353	0.02901	0.00649	0.00295	0.00332
24	0.00749	0.00705	0.01189	0.85113	0.02731	0.00881	0.01101	0.01013	0.00793	0.01013	0.00705	0.01057	0.00529	0.00396	0.00396	0.00132	0.00529	0.00352	0.00176	0.00440
25	0.00563	0.00416	0.00590	0.00590	0.00654	0.00465	0.00444	0.00676	0.00646	0.00906	0.01299	0.01854	0.07228	0.13697	0.65287	0.02762	0.00890	0.00474	0.00227	0.00333
26	0.00964	0.00667	0.00913	0.07461	0.14210	0.00665	0.02049	0.07695	0.07947	0.16481	0.13561	0.04872	0.18202	0.00648	0.00429	0.00128	0.00333	0.01900	0.00360	0.00513
27	0.01413	0.01064	0.01137	0.00893	0.01194	0.01186	0.00731	0.67799	0.16489	0.02347	0.01071	0.01047	0.00771	0.00487	0.00398	0.00122	0.00414	0.00373	0.00398	0.00666
28	0.00523	0.00375	0.00505	0.00591	0.00635	0.00357	0.00433	0.00625	0.00812	0.01076	0.05014	0.61522	0.04137	0.01187	0.00514	0.00164	0.00261	0.20564	0.00370	0.00335
29	0.00889	0.02243	0.02358	0.08260	0.28028	0.00736	0.03930	0.01114	0.02097	0.02686	0.00798	0.00967	0.01632	0.00344	0.00347	0.00092	0.00390	0.00308	0.01682	0.41099

[dist]
# distance from previous block
# <min> <max>
1	6

[block]
# block no. 2 follows, 68 sequences, length 10
# corresponding to MSA columns:
# 328-337
name=unknown_C
#
# <colnr> <probs for GDERKNQSTAVLIFYWHMCP>
#	G	D	E	R	K	N	Q	S	T	A	V	L	I	F	Y	W	H	M	C	P
0	0.05757	0.00851	0.01065	0.08087	0.17971	0.05124	0.02239	0.06559	0.03196	0.01361	0.00753	0.00919	0.00615	0.01745	0.00364	0.00096	0.00391	0.00293	0.00236	0.42376
1	0.00835	0.00651	0.01003	0.09536	0.30761	0.00646	0.00753	0.01024	0.00954	0.08711	0.26152	0.01945	0.07347	0.07323	0.00550	0.00144	0.00353	0.00518	0.00309	0.00486
2	0.01074	0.00903	0.00952	0.00850	0.03011	0.03362	0.00651	0.11735	0.62489	0.03712	0.01436	0.01344	0.01073	0.00508	0.00395	0.00127	0.00343	0.00417	0.00385	0.05231
3	0.00643	0.00409	0.00551	0.00539	0.00575	0.00408	0.02533	0.00654	0.05115	0.00847	0.01290	0.10304	0.06282	0.26230	0.01406	0.39315	0.00343	0.02058	0.00241	0.00256
4	0.10512	0.05008	0.04851	0.04733	0.22812	0.19185	0.00835	0.09743	0.01992	0.05805	0.01884	0.05285	0.02157	0.00480	0.00392	0.01579	0.00476	0.01487	0.00256	0.00528
5	0.01035	0.00908	0.01261	0.29454	0.16499	0.04332	0.05391	0.22436	0.05292	0.01519	0.00912	0.01213	0.00726	0.00452	0.00403	0.00127	0.00481	0.04581	0.02433	0.00545
6	0.00567	0.00401	0.00528	0.00533	0.00567	0.00432	0.00365	0.00635	0.00615	0.00852	0.01217	0.06874	0.01303	0.43126	0.39743	0.00488	0.00686	0.00538	0.00235	0.00297
7	0.00656	0.00371	0.00495	0.00492	0.00528	0.00357	0.00333	0.00602	0.00659	0.03085	0.07763	0.06668	0.11006	0.13150	0.01272	0.48483	0.00309	0.00512	0.03016	0.00245
8	0.01210	0.56765	0.01753	0.00785	0.01091	0.20168	0.00707	0.11325	0.01008	0.01135	0.00615	0.00693	0.00530	0.00372	0.00295	0.00093	0.00491	0.00240	0.00206	0.00518
9	0.00539	0.00391	0.00445	0.00455	0.00509	0.00367	0.00301	0.00601	0.00757	0.00979	0.10390	0.10544	0.25341	0.41583	0.01215	0.00257	0.00297	0.04421	0.00314	0.00294

[dist]
# distance from previous block
# <min> <max>
1	2

[block]
# block no. 3 follows, 68 sequences, length 33
# corresponding to MSA columns:
# 340-372
name=unknown_D
#
# <colnr> <probs for GDERKNQSTAVLIFYWHMCP>
#	G	D	E	R	K	N	Q	S	T	A	V	L	I	F	Y	W	H	M	C	P
0	0.00592	0.00511	0.00543	0.00540	0.00632	0.06456	0.00397	0.00692	0.00780	0.00978	0.03895	0.07379	0.32016	0.13528	0.28909	0.00337	0.00554	0.00634	0.00288	0.00337
1	0.00852	0.00724	0.02339	0.00605	0.00942	0.00553	0.00494	0.04218	0.00887	0.03332	0.04607	0.01008	0.02655	0.00347	0.00314	0.00069	0.00299	0.00281	0.00259	0.75217
2	0.01347	0.01031	0.01100	0.00880	0.01169	0.01155	0.00715	0.57660	0.26735	0.02241	0.01155	0.01114	0.00839	0.00495	0.00399	0.00124	0.00399	0.00385	0.00399	0.00660
3	0.01218	0.00569	0.00748	0.00616	0.00828	0.00514	0.00495	0.01369	0.01074	0.46047	0.23052	0.02143	0.14920	0.00664	0.00463	0.00127	0.03625	0.00549	0.00445	0.00533
4	0.00941	0.01538	0.47362	0.01029	0.01469	0.00934	0.05696	0.18838	0.05546	0.01567	0.07125	0.02856	0.00904	0.00468	0.00400	0.00127	0.00502	0.01860	0.00260	0.00579
5	0.00561	0.00405	0.00530	0.00499	0.00592	0.00374	0.00374	0.00748	0.01122	0.01590	0.83383	0.02962	0.03741	0.00811	0.00468	0.00125	0.00187	0.00717	0.00436	0.00374
6	0.00863	0.00895	0.04100	0.21182	0.17942	0.02667	0.07617	0.01078	0.02420	0.01084	0.00693	0.00999	0.00590	0.00636	0.05463	0.00172	0.30563	0.00362	0.00188	0.00487
7	0.00822	0.00705	0.00822	0.00587	0.00940	0.00529	0.00470	0.00998	0.00822	0.01292	0.00705	0.00822	0.00587	0.00294	0.00294	0.00059	0.00294	0.00235	0.00235	0.88490
8	0.01137	0.01116	0.00964	0.00861	0.01082	0.21784	0.00665	0.08396	0.53594	0.01536	0.01328	0.03694	0.01034	0.00521	0.00394	0.00126	0.00421	0.00413	0.00352	0.00581
9	0.00789	0.00715	0.01065	0.07580	0.06919	0.02728	0.14601	0.01196	0.20022	0.01269	0.05604	0.16997	0.01543	0.04820	0.00533	0.00156	0.00401	0.12279	0.00314	0.00469
10	0.00477	0.00385	0.00425	0.00451	0.00550	0.00333	0.00324	0.00572	0.00870	0.01076	0.06937	0.28341	0.55739	0.01067	0.00480	0.00142	0.00209	0.00919	0.00371	0.00333
11	0.18850	0.01042	0.01069	0.00835	0.01138	0.01162	0.00689	0.66169	0.01628	0.02356	0.00873	0.00891	0.00626	0.00455	0.00367	0.00120	0.00411	0.00329	0.00367	0.00626
12	0.00981	0.00942	0.01609	0.02434	0.83592	0.00942	0.01217	0.01217	0.00903	0.01295	0.00746	0.00981	0.00628	0.00353	0.00393	0.00118	0.00471	0.00353	0.00196	0.00628
13	0.00653	0.00393	0.00545	0.00534	0.00591	0.00390	0.00384	0.00666	0.00728	0.04392	0.16757	0.05274	0.08934	0.04476	0.18096	0.35664	0.00445	0.00517	0.00271	0.00291
14	0.01481	0.01890	0.01124	0.01021	0.01226	0.84474	0.00766	0.01583	0.01124	0.00970	0.00613	0.00715	0.00511	0.00409	0.00358	0.00102	0.00715	0.00255	0.00204	0.00460
15	0.00986	0.00852	0.00897	0.00807	0.01031	0.00986	0.00628	0.02107	0.82876	0.01659	0.01614	0.01479	0.01210	0.00538	0.00403	0.00134	0.00314	0.00448	0.00403	0.00628
16	0.17075	0.00535	0.00601	0.00535	0.00668	0.00531	0.00383	0.01066	0.00763	0.24086	0.01259	0.04848	0.01187	0.41874	0.01160	0.00252	0.00351	0.02107	0.00318	0.00401
17	0.00510	0.00358	0.00456	0.00519	0.00540	0.00340	0.00336	0.00567	0.00728	0.00975	0.05429	0.61180	0.02371	0.22707	0.00887	0.00216	0.00267	0.00970	0.00339	0.00304
18	0.00936	0.01070	0.02340	0.01671	0.02072	0.01003	0.82152	0.01270	0.00936	0.01270	0.00802	0.01070	0.00602	0.00334	0.00468	0.00134	0.00668	0.00468	0.00201	0.00535
19	0.00639	0.00456	0.00639	0.00730	0.00821	0.00456	0.00639	0.00821	0.00913	0.01187	0.02099	0.04472	0.02282	0.01095	0.00548	0.00183	0.00365	0.80924	0.00365	0.00365
20	0.03469	0.00407	0.00473	0.00477	0.00575	0.00371	0.00347	0.00681	0.00923	0.03152	0.27910	0.21725	0.31002	0.04020	0.00519	0.00145	0.00216	0.00814	0.02423	0.00352
21	0.00564	0.00422	0.00631	0.00634	0.00704	0.00490	0.00491	0.00703	0.00641	0.00923	0.01099	0.04348	0.01045	0.02916	0.81713	0.00621	0.01034	0.00448	0.00218	0.00353
22	0.00485	0.00376	0.00442	0.00482	0.00560	0.00333	0.00340	0.00580	0.00859	0.01098	0.11441	0.41860	0.37539	0.01095	0.00486	0.00146	0.00213	0.00959	0.00375	0.00333
23	0.79736	0.00766	0.00623	0.00545	0.00797	0.00870	0.00449	0.02842	0.00737	0.08764	0.00646	0.00710	0.00481	0.00381	0.00261	0.00123	0.00312	0.00233	0.00269	0.00455
24	0.13666	0.00674	0.00713	0.00630	0.00797	0.02361	0.00486	0.18850	0.07177	0.04340	0.06366	0.10109	0.01185	0.03902	0.01914	0.10931	0.00334	0.01717	0.11360	0.02487
25	0.28324	0.00632	0.02555	0.00603	0.00790	0.00626	0.00484	0.05672	0.00890	0.17720	0.03007	0.24853	0.01362	0.00694	0.00382	0.00134	0.00298	0.04599	0.05919	0.00457
26	0.01966	0.00414	0.00536	0.00525	0.00616	0.00389	0.00401	0.00748	0.01060	0.01495	0.66047	0.06789	0.05024	0.02490	0.00505	0.00138	0.00215	0.09858	0.00417	0.00368
27	0.04130	0.00459	0.00556	0.00545	0.00652	0.00448	0.00403	0.02438	0.04291	0.07259	0.20385	0.21903	0.16791	0.06876	0.09586	0.00208	0.00335	0.01988	0.00364	0.00384
28	0.00794	0.00703	0.01069	0.12642	0.25422	0.02738	0.05002	0.02855	0.02897	0.02761	0.04661	0.19900	0.06751	0.02350	0.01769	0.00149	0.01655	0.05136	0.00278	0.00471
29	0.00719	0.00563	0.00691	0.00595	0.00813	0.00458	0.00461	0.00864	0.00829	0.03190	0.03241	0.25942	0.01465	0.00682	0.00392	0.00106	0.00282	0.10283	0.00300	0.48122
30	0.05335	0.00465	0.00583	0.00563	0.00689	0.00434	0.02037	0.00860	0.02571	0.10950	0.20530	0.24771	0.20808	0.00914	0.00463	0.00141	0.00251	0.06849	0.00388	0.00397
31	0.00592	0.00418	0.00539	0.00566	0.02140	0.00388	0.01633	0.00693	0.00839	0.05037	0.11885	0.30169	0.21634	0.13021	0.03688	0.00197	0.00294	0.05565	0.00353	0.00349
32	0.06949	0.09414	0.24448	0.03428	0.02826	0.08495	0.07416	0.02107	0.02437	0.04431	0.04039	0.12212	0.06541	0.00593	0.01614	0.00133	0.01715	0.00464	0.00250	0.00489

[dist]
# distance from previous block
# <min> <max>
0	41

[block]
# block no. 4 follows, 68 sequences, length 23
# corresponding to MSA columns:
# 414-436
name=unknown_E
#
# <colnr> <probs for GDERKNQSTAVLIFYWHMCP>
#	G	D	E	R	K	N	Q	S	T	A	V	L	I	F	Y	W	H	M	C	P
0	0.04729	0.05876	0.05071	0.04856	0.07157	0.10413	0.10900	0.09371	0.15895	0.06839	0.05281	0.06756	0.02199	0.01445	0.01355	0.00133	0.00453	0.00439	0.00299	0.00535
1	0.22310	0.01568	0.00721	0.00604	0.00806	0.00657	0.00475	0.07870	0.02126	0.26687	0.05118	0.05185	0.03727	0.09766	0.04943	0.03388	0.00361	0.00429	0.02777	0.00483
2	0.00625	0.00422	0.00517	0.00535	0.00584	0.00422	0.00372	0.00727	0.03776	0.03749	0.01674	0.14343	0.05599	0.44398	0.06143	0.00302	0.00386	0.14813	0.00299	0.00314
3	0.04509	0.13523	0.06542	0.03185	0.04540	0.11009	0.10827	0.07774	0.14900	0.02202	0.00961	0.03838	0.00808	0.03939	0.07995	0.00176	0.02118	0.00383	0.00256	0.00515
4	0.19493	0.00565	0.00616	0.01722	0.00730	0.03191	0.00445	0.00947	0.05711	0.06335	0.05106	0.06328	0.07400	0.04304	0.18800	0.15265	0.00477	0.00450	0.01736	0.00374
5	0.06253	0.00408	0.00493	0.00537	0.00579	0.00410	0.00373	0.00650	0.00707	0.00996	0.01680	0.33154	0.01931	0.32959	0.03716	0.00261	0.00341	0.13939	0.00307	0.00306
6	0.62336	0.01071	0.20732	0.00679	0.01011	0.00878	0.00689	0.01234	0.00742	0.06631	0.00652	0.00733	0.00480	0.00378	0.00286	0.00123	0.00376	0.00245	0.00241	0.00482
7	0.07064	0.00452	0.00600	0.00602	0.00692	0.00494	0.00465	0.00770	0.02391	0.02442	0.06316	0.09671	0.06122	0.03745	0.48181	0.02806	0.00722	0.05834	0.00270	0.00361
8	0.00688	0.00457	0.00560	0.00556	0.00652	0.00443	0.00398	0.00908	0.10338	0.08879	0.20227	0.32437	0.09844	0.10964	0.00650	0.00170	0.00256	0.00798	0.00384	0.00393
9	0.00581	0.00432	0.00544	0.00511	0.00615	0.00409	0.00385	0.00819	0.06082	0.01561	0.73284	0.02927	0.08733	0.00806	0.00464	0.00126	0.00196	0.00708	0.00430	0.00387
10	0.31178	0.00729	0.00782	0.00641	0.00907	0.00746	0.00524	0.07643	0.07122	0.37001	0.01332	0.01251	0.06112	0.00484	0.00349	0.00124	0.00321	0.00365	0.01828	0.00561
11	0.02760	0.00607	0.00728	0.00633	0.00823	0.00603	0.00496	0.06020	0.16463	0.24467	0.22790	0.06465	0.06776	0.02219	0.00451	0.00132	0.00280	0.02166	0.04606	0.00516
12	0.01021	0.00869	0.00916	0.00814	0.01044	0.01002	0.00636	0.07423	0.77503	0.01714	0.01570	0.01444	0.01175	0.00534	0.00403	0.00133	0.00322	0.00442	0.00403	0.00631
13	0.06680	0.00856	0.00887	0.00792	0.01021	0.00989	0.00619	0.04959	0.74625	0.01697	0.01521	0.01406	0.01140	0.00525	0.00393	0.00133	0.00318	0.00430	0.00393	0.00616
14	0.06781	0.00414	0.00478	0.00482	0.00573	0.00391	0.00348	0.00683	0.00911	0.01289	0.33063	0.21509	0.21250	0.07481	0.00576	0.00154	0.00223	0.00783	0.02263	0.00347
15	0.00601	0.00383	0.00504	0.00552	0.00600	0.00364	0.00386	0.02116	0.00772	0.04180	0.01969	0.53498	0.07205	0.03230	0.00692	0.13853	0.00264	0.05691	0.02818	0.00321
16	0.01507	0.01111	0.01190	0.00912	0.01230	0.01230	0.00754	0.82270	0.01864	0.02499	0.00952	0.00952	0.00674	0.00476	0.00397	0.00119	0.00436	0.00357	0.00397	0.00674
17	0.80790	0.00738	0.00589	0.00527	0.00759	0.00847	0.00429	0.01150	0.00680	0.04285	0.00592	0.00700	0.00462	0.00433	0.00329	0.05480	0.00310	0.00228	0.00249	0.00421
18	0.03856	0.00518	0.00642	0.00600	0.00748	0.00491	0.00450	0.02916	0.06187	0.26113	0.03440	0.33988	0.08372	0.04783	0.00515	0.00151	0.00280	0.02121	0.03368	0.00460
19	0.04285	0.06274	0.01185	0.00877	0.01174	0.05918	0.00724	0.62325	0.07572	0.02194	0.00946	0.00962	0.00694	0.00525	0.02419	0.00130	0.00453	0.00346	0.00363	0.00633
20	0.00566	0.00425	0.00637	0.00637	0.00708	0.00496	0.00496	0.00708	0.00637	0.00920	0.01062	0.01558	0.00991	0.02974	0.84494	0.00637	0.01062	0.00425	0.00212	0.00354
21	0.00619	0.00417	0.00503	0.00481	0.00589	0.00374	0.00353	0.00747	0.00967	0.07594	0.36246	0.10325	0.29001	0.09269	0.00618	0.00156	0.00226	0.00753	0.00393	0.00367
22	0.03769	0.00405	0.00460	0.00461	0.00492	0.00405	0.00288	0.00617	0.00677	0.00935	0.09156	0.11202	0.08470	0.57926	0.01515	0.00304	0.01708	0.00651	0.00281	0.00279

[dist]
# distance from previous block
# <min> <max>
1	6

[block]
# block no. 5 follows, 68 sequences, length 6
# corresponding to MSA columns:
# 443-448
name=unknown_F
#
# <colnr> <probs for GDERKNQSTAVLIFYWHMCP>
#	G	D	E	R	K	N	Q	S	T	A	V	L	I	F	Y	W	H	M	C	P
0	0.05016	0.11032	0.01261	0.08831	0.11484	0.37411	0.00818	0.11840	0.03830	0.01272	0.00750	0.00936	0.00621	0.00425	0.00361	0.00111	0.00557	0.02697	0.00235	0.00514
1	0.07354	0.00795	0.00937	0.00744	0.01035	0.00795	0.00606	0.16410	0.16874	0.43364	0.01348	0.01226	0.00911	0.00478	0.00383	0.00121	0.00346	0.00379	0.00427	0.05468
2	0.00603	0.00406	0.00507	0.00492	0.00578	0.00374	0.00359	0.00707	0.00925	0.04362	0.38556	0.05985	0.19470	0.11656	0.00774	0.09018	0.00246	0.04277	0.00367	0.00338
3	0.00921	0.00948	0.06167	0.20162	0.55783	0.00931	0.01166	0.01235	0.06457	0.01257	0.00794	0.01023	0.00639	0.00377	0.00393	0.00122	0.00479	0.00356	0.00204	0.00585
4	0.00606	0.00460	0.00577	0.02852	0.00688	0.00474	0.00412	0.03343	0.03794	0.01042	0.05125	0.09397	0.15845	0.22127	0.27566	0.00353	0.00546	0.00595	0.00282	0.03916
5	0.00496	0.00371	0.00454	0.00498	0.00560	0.00336	0.00345	0.00587	0.00843	0.01103	0.14855	0.47550	0.24041	0.05350	0.00566	0.00160	0.00224	0.00961	0.00372	0.00329

[dist]
# distance from previous block
# <min> <max>
0	34

# created by:
# /st0/software/busco_prod/Augustus/scripts/msa2prfl.pl ./align_prep/28709.fa
