[name]
unknown

[dist]
# distance from previous block
# <min> <max>
1	63

[block]
# block no. 0 follows, 64 sequences, length 7
# corresponding to MSA columns:
# 77-83
name=unknown_A
#
# <colnr> <probs for GDERKNQSTAVLIFYWHMCP>
#	G	D	E	R	K	N	Q	S	T	A	V	L	I	F	Y	W	H	M	C	P
0	0.05006	0.00647	0.02513	0.05004	0.04473	0.00652	0.02353	0.07293	0.06633	0.04557	0.04207	0.25765	0.07505	0.02251	0.04930	0.03168	0.04005	0.00661	0.04614	0.03763
1	0.04908	0.00635	0.00773	0.12512	0.04252	0.02992	0.00568	0.04624	0.04991	0.05378	0.06062	0.09276	0.05444	0.20842	0.04500	0.00218	0.00412	0.02166	0.03265	0.06181
2	0.03085	0.00848	0.01098	0.07555	0.10435	0.03634	0.04067	0.16574	0.03259	0.07407	0.03496	0.07357	0.03276	0.05693	0.00631	0.00151	0.09943	0.03213	0.01937	0.06341
3	0.06586	0.00739	0.00894	0.07116	0.01082	0.00800	0.01875	0.16744	0.09993	0.10568	0.06786	0.10239	0.07832	0.05300	0.04453	0.00177	0.05573	0.00541	0.00358	0.02345
4	0.07795	0.00665	0.00793	0.03124	0.03531	0.00684	0.00547	0.14409	0.05729	0.10973	0.05055	0.21973	0.01503	0.11248	0.04801	0.00195	0.00384	0.00611	0.00356	0.05623
5	0.06778	0.00865	0.01103	0.16972	0.11226	0.03894	0.02509	0.19624	0.02676	0.05475	0.05253	0.08616	0.02857	0.00611	0.02399	0.00142	0.02171	0.00460	0.00308	0.06060
6	0.00926	0.00775	0.01143	0.50230	0.03980	0.02866	0.02817	0.08403	0.02598	0.06456	0.04411	0.02922	0.04370	0.02508	0.02280	0.00152	0.00504	0.00433	0.00260	0.01965

[dist]
# distance from previous block
# <min> <max>
6	27

[block]
# block no. 1 follows, 64 sequences, length 37
# corresponding to MSA columns:
# 111-147
name=unknown_B
#
# <colnr> <probs for GDERKNQSTAVLIFYWHMCP>
#	G	D	E	R	K	N	Q	S	T	A	V	L	I	F	Y	W	H	M	C	P
0	0.02609	0.02861	0.03332	0.02392	0.05535	0.07714	0.08650	0.13149	0.07864	0.11247	0.12627	0.03858	0.05098	0.02757	0.00506	0.00136	0.03538	0.01287	0.00344	0.04495
1	0.02256	0.00771	0.00875	0.04201	0.04891	0.08329	0.02172	0.06513	0.07417	0.12158	0.22054	0.07325	0.09658	0.00723	0.02149	0.00139	0.01392	0.00566	0.00373	0.06037
2	0.02519	0.00830	0.01239	0.22573	0.22558	0.01880	0.03599	0.02691	0.03735	0.11162	0.04522	0.01164	0.00826	0.00423	0.00412	0.00118	0.01799	0.00372	0.00268	0.17309
3	0.01019	0.00927	0.01519	0.31131	0.08386	0.00995	0.20253	0.14979	0.04446	0.02766	0.00867	0.01096	0.00654	0.00451	0.01552	0.00138	0.01662	0.00397	0.00252	0.06511
4	0.00991	0.00940	0.01232	0.01616	0.40465	0.09470	0.00909	0.06633	0.05953	0.01407	0.07382	0.09725	0.05868	0.00583	0.00432	0.00129	0.00436	0.02727	0.00287	0.02812
5	0.01073	0.00912	0.00961	0.00853	0.01095	0.01052	0.00667	0.07926	0.76277	0.01801	0.01641	0.01510	0.01227	0.00559	0.00422	0.00140	0.00338	0.00463	0.00422	0.00661
6	0.00505	0.00399	0.00456	0.00489	0.00582	0.00349	0.00349	0.00606	0.00910	0.01147	0.10446	0.34270	0.45768	0.01127	0.00506	0.00150	0.00221	0.00979	0.00392	0.00349
7	0.01219	0.00875	0.02611	0.04111	0.06071	0.03409	0.07788	0.13073	0.04493	0.21573	0.01228	0.10500	0.01012	0.00557	0.00468	0.00127	0.04796	0.01540	0.00348	0.14202
8	0.01067	0.63729	0.08666	0.03136	0.01203	0.01474	0.02863	0.03772	0.04387	0.01101	0.00679	0.00790	0.00588	0.00464	0.02825	0.00118	0.02133	0.00265	0.00198	0.00543
9	0.00504	0.00401	0.00454	0.00492	0.00587	0.00351	0.00354	0.00601	0.00895	0.01113	0.04793	0.33751	0.49368	0.01143	0.00508	0.00152	0.00227	0.03571	0.00387	0.00348
10	0.00917	0.00831	0.01160	0.08451	0.06509	0.07904	0.10833	0.03426	0.02212	0.05300	0.03883	0.05057	0.01977	0.04459	0.18699	0.00269	0.13881	0.03504	0.00257	0.00470
11	0.02652	0.07731	0.12373	0.10066	0.13982	0.11421	0.11088	0.11266	0.02085	0.12061	0.00892	0.01012	0.00659	0.00419	0.00403	0.00125	0.00543	0.00358	0.00268	0.00596
12	0.00790	0.00670	0.01062	0.05372	0.36523	0.00666	0.00825	0.00955	0.00874	0.02863	0.01522	0.31944	0.02871	0.05028	0.00552	0.00160	0.00385	0.06155	0.00294	0.00489
13	0.00637	0.00510	0.00766	0.06386	0.00919	0.00620	0.00600	0.00788	0.00676	0.00974	0.01032	0.01526	0.00958	0.02700	0.70101	0.00584	0.09190	0.00432	0.00216	0.00385
14	0.01069	0.04162	0.07134	0.06910	0.12721	0.08203	0.10001	0.03447	0.02133	0.11725	0.05225	0.06877	0.02376	0.00576	0.00572	0.00140	0.13025	0.02886	0.00280	0.00539
15	0.01319	0.03396	0.04987	0.05452	0.12760	0.13989	0.08535	0.18307	0.08426	0.14494	0.01063	0.03603	0.00807	0.00475	0.00415	0.00127	0.00508	0.00400	0.00322	0.00614
16	0.21886	0.05062	0.01385	0.11297	0.29902	0.09754	0.08419	0.02645	0.00909	0.01405	0.00717	0.00920	0.00580	0.00392	0.00385	0.00125	0.01837	0.00329	0.01506	0.00545
17	0.00921	0.01281	0.27464	0.01242	0.12162	0.02226	0.12137	0.07673	0.10043	0.01479	0.06528	0.01533	0.08239	0.00519	0.00430	0.00133	0.00488	0.02108	0.02819	0.00573
18	0.00915	0.00780	0.00980	0.00873	0.11186	0.00635	0.00605	0.02657	0.00895	0.02822	0.00761	0.00895	0.00628	0.00330	0.00342	0.00074	0.01742	0.00269	0.00248	0.72363
19	0.00497	0.00410	0.00437	0.00454	0.00571	0.00350	0.00331	0.00599	0.00927	0.01129	0.06566	0.18995	0.65118	0.01091	0.00498	0.00145	0.00216	0.00929	0.00388	0.00350
20	0.01325	0.00995	0.01074	0.00881	0.01162	0.01108	0.00708	0.39865	0.36502	0.06799	0.04158	0.01333	0.01079	0.00540	0.00421	0.00132	0.00387	0.00431	0.00426	0.00674
21	0.00683	0.00460	0.00619	0.00649	0.00752	0.00444	0.00537	0.00872	0.01039	0.04246	0.32998	0.03790	0.02856	0.02399	0.00549	0.00165	0.00302	0.41899	0.04347	0.00395
22	0.00614	0.00449	0.00510	0.00493	0.00612	0.00417	0.00369	0.03281	0.03238	0.01437	0.32147	0.09134	0.32260	0.00889	0.00462	0.00133	0.00216	0.00760	0.12189	0.00389
23	0.01033	0.00892	0.00939	0.00845	0.01080	0.01033	0.00657	0.02207	0.82061	0.01738	0.01691	0.01550	0.01268	0.00564	0.00423	0.00141	0.00329	0.00470	0.00423	0.00657
24	0.01845	0.00737	0.00983	0.00753	0.01076	0.00656	0.00622	0.07315	0.01240	0.77737	0.01596	0.01386	0.01007	0.00513	0.00418	0.00128	0.00360	0.00415	0.00508	0.00707
25	0.00758	0.00672	0.00957	0.00866	0.00898	0.00885	0.00698	0.00857	0.00644	0.00965	0.00816	0.01285	0.00791	0.04308	0.36107	0.04665	0.42824	0.00405	0.00201	0.00400
26	0.01111	0.85652	0.02177	0.00711	0.01066	0.01644	0.00711	0.01244	0.00844	0.00977	0.00577	0.00666	0.00533	0.00355	0.00267	0.00089	0.00444	0.00222	0.00178	0.00533
27	0.00717	0.00502	0.00666	0.00635	0.00717	0.00556	0.00471	0.07693	0.00775	0.03359	0.01172	0.01874	0.01141	0.25736	0.51504	0.00532	0.00837	0.00482	0.00255	0.00376
28	0.00498	0.00415	0.00435	0.00443	0.00569	0.00352	0.00327	0.00606	0.00946	0.01150	0.08902	0.11974	0.69828	0.01064	0.00495	0.00142	0.00213	0.00899	0.00390	0.00352
29	0.01137	0.00936	0.00993	0.00862	0.01112	0.01069	0.00678	0.19501	0.62160	0.01911	0.01556	0.03861	0.01188	0.00571	0.00424	0.00138	0.00354	0.00469	0.00420	0.00659
30	0.36058	0.00815	0.00867	0.00696	0.00993	0.00841	0.00574	0.13807	0.01114	0.38669	0.01121	0.01058	0.00750	0.00461	0.00354	0.00128	0.00357	0.00335	0.00397	0.00605
31	0.01086	0.01025	0.01458	0.15433	0.25443	0.07026	0.11714	0.14157	0.11997	0.01520	0.00990	0.04523	0.00803	0.00464	0.00427	0.00131	0.00512	0.00426	0.00273	0.00594
32	0.00637	0.00412	0.00545	0.00556	0.00609	0.00407	0.00405	0.00627	0.00729	0.00943	0.03442	0.06661	0.20945	0.06793	0.05204	0.37401	0.02527	0.10599	0.00278	0.00280
33	0.01462	0.00626	0.00832	0.00677	0.00923	0.00558	0.00543	0.04014	0.01162	0.55424	0.16150	0.08772	0.01683	0.00639	0.00434	0.00131	0.00312	0.00539	0.04515	0.00605
34	0.01078	0.19891	0.19661	0.01203	0.01569	0.16889	0.22726	0.01336	0.00930	0.01156	0.00694	0.00876	0.00559	0.00415	0.00489	0.00125	0.09334	0.00336	0.00193	0.00540
35	0.01222	0.10472	0.17719	0.04624	0.16925	0.07779	0.05359	0.05056	0.01023	0.19257	0.00963	0.02354	0.00720	0.00444	0.00426	0.00125	0.03214	0.00363	0.01349	0.00606
36	0.07156	0.00793	0.00989	0.00765	0.01083	0.00752	0.00631	0.15200	0.02973	0.62967	0.01467	0.01301	0.00944	0.00505	0.00407	0.00128	0.00368	0.00400	0.00480	0.00690

[dist]
# distance from previous block
# <min> <max>
0	1

[block]
# block no. 2 follows, 64 sequences, length 72
# corresponding to MSA columns:
# 149-220
name=unknown_C
#
# <colnr> <probs for GDERKNQSTAVLIFYWHMCP>
#	G	D	E	R	K	N	Q	S	T	A	V	L	I	F	Y	W	H	M	C	P
0	0.19616	0.09688	0.08114	0.01148	0.10832	0.26993	0.07181	0.05181	0.01001	0.03431	0.00702	0.00831	0.00559	0.00410	0.00383	0.00120	0.02750	0.00298	0.00231	0.00533
1	0.00928	0.00553	0.00631	0.00559	0.00731	0.00532	0.00434	0.07817	0.06245	0.15314	0.15520	0.03816	0.23663	0.01960	0.00448	0.00130	0.00260	0.00605	0.19380	0.00473
2	0.01127	0.82456	0.02138	0.00724	0.01074	0.04779	0.00714	0.01260	0.00857	0.00979	0.00580	0.00669	0.00533	0.00358	0.00271	0.00090	0.00456	0.00224	0.00179	0.00531
3	0.00727	0.00476	0.00579	0.00580	0.00717	0.00434	0.00462	0.00886	0.02680	0.11119	0.08376	0.09477	0.36445	0.03139	0.00547	0.00161	0.00283	0.22103	0.00403	0.00408
4	0.00674	0.00565	0.00566	0.00551	0.00678	0.06531	0.00410	0.00877	0.06506	0.02992	0.24964	0.13612	0.34204	0.00915	0.00473	0.00137	0.00260	0.00780	0.03907	0.00399
5	0.00505	0.00364	0.00479	0.00571	0.00601	0.00338	0.00382	0.00579	0.00802	0.01063	0.02379	0.81321	0.06499	0.01290	0.00528	0.00167	0.00240	0.01167	0.00386	0.00338
6	0.00555	0.00423	0.00509	0.00488	0.00600	0.00378	0.00366	0.00720	0.01098	0.01480	0.55842	0.03408	0.30785	0.00918	0.00490	0.00134	0.00201	0.00794	0.00433	0.00378
7	0.88336	0.00803	0.00611	0.00546	0.00803	0.00932	0.00450	0.01221	0.00707	0.01864	0.00578	0.00675	0.00450	0.00386	0.00257	0.00129	0.00321	0.00225	0.00257	0.00450
8	0.01111	0.85652	0.02177	0.00711	0.01066	0.01644	0.00711	0.01244	0.00844	0.00977	0.00577	0.00666	0.00533	0.00355	0.00267	0.00089	0.00444	0.00222	0.00178	0.00533
9	0.01579	0.01163	0.01247	0.00956	0.01288	0.01288	0.00789	0.81426	0.01953	0.02618	0.00997	0.00997	0.00706	0.00499	0.00416	0.00125	0.00457	0.00374	0.00416	0.00706
10	0.00523	0.00374	0.00501	0.00591	0.00624	0.00351	0.00409	0.00611	0.00825	0.01102	0.05828	0.74901	0.02770	0.01269	0.00532	0.00169	0.00251	0.07637	0.00388	0.00343
11	0.04151	0.00849	0.01014	0.00787	0.01104	0.04609	0.00647	0.15978	0.01310	0.62884	0.01450	0.01289	0.00933	0.00504	0.00411	0.00127	0.00389	0.00398	0.00476	0.00689
12	0.00792	0.00668	0.00745	0.00803	0.00923	0.08941	0.00682	0.01064	0.08378	0.01265	0.01996	0.04002	0.02101	0.01021	0.00540	0.00178	0.00415	0.64700	0.00369	0.00418
13	0.00849	0.00660	0.00721	0.00654	0.00821	0.01800	0.00504	0.06550	0.30905	0.01704	0.31971	0.02199	0.06008	0.00677	0.00432	0.00130	0.00269	0.00574	0.12065	0.00508
14	0.01586	0.00932	0.01045	0.00837	0.01137	0.04792	0.00678	0.23520	0.19493	0.39273	0.01430	0.01300	0.00972	0.00517	0.00416	0.00129	0.00395	0.00410	0.00453	0.00685
15	0.00553	0.00412	0.00576	0.00721	0.06085	0.00391	0.00463	0.00647	0.00823	0.01103	0.03687	0.72764	0.02607	0.01221	0.00524	0.00166	0.00266	0.06253	0.00375	0.00363
16	0.88336	0.00803	0.00611	0.00546	0.00803	0.00932	0.00450	0.01221	0.00707	0.01864	0.00578	0.00675	0.00450	0.00386	0.00257	0.00129	0.00321	0.00225	0.00257	0.00450
17	0.00631	0.00509	0.00788	0.00747	0.00828	0.00594	0.04304	0.00780	0.00688	0.00990	0.01127	0.06747	0.01086	0.02681	0.68038	0.00573	0.07792	0.00486	0.00229	0.00384
18	0.01060	0.17139	0.22924	0.02355	0.04057	0.05034	0.07618	0.06644	0.03774	0.06720	0.03082	0.00985	0.00721	0.00402	0.00370	0.00110	0.00488	0.00326	0.00249	0.15942
19	0.01451	0.22045	0.01447	0.00893	0.01216	0.08683	0.00759	0.48486	0.04643	0.05111	0.00913	0.00931	0.00682	0.00460	0.00375	0.00115	0.00471	0.00332	0.00343	0.00642
20	0.01027	0.00886	0.00936	0.00837	0.01076	0.01015	0.00651	0.02163	0.78959	0.01723	0.01654	0.01523	0.01243	0.00554	0.00418	0.00138	0.00328	0.00461	0.00416	0.03992
21	0.01098	0.01120	0.00917	0.00849	0.01035	0.26873	0.00640	0.06512	0.31144	0.01413	0.03748	0.17503	0.04021	0.00683	0.00432	0.00134	0.00444	0.00558	0.00349	0.00526
22	0.00964	0.16868	0.46567	0.01139	0.01636	0.01123	0.12349	0.06327	0.06690	0.01367	0.00811	0.00928	0.00605	0.00400	0.00388	0.00125	0.00566	0.00333	0.00213	0.00601
23	0.00515	0.00395	0.00475	0.00534	0.00610	0.00355	0.00384	0.00611	0.00869	0.01101	0.03031	0.46105	0.33931	0.01190	0.00519	0.00160	0.00242	0.08241	0.00385	0.00347
24	0.09959	0.06025	0.12369	0.00817	0.01175	0.02311	0.00746	0.20067	0.14698	0.01732	0.00932	0.00978	0.00711	0.00420	0.00358	0.00108	0.00405	0.00319	0.00302	0.25569
25	0.00566	0.00391	0.00486	0.00534	0.00553	0.00382	0.00345	0.00614	0.00713	0.00951	0.01793	0.38485	0.02098	0.41180	0.03094	0.00292	0.00347	0.06555	0.00318	0.00301
26	0.01036	0.41274	0.33312	0.00980	0.01435	0.02609	0.06423	0.05029	0.00928	0.02497	0.00697	0.00806	0.00553	0.00380	0.00342	0.00111	0.00531	0.00284	0.00196	0.00576
27	0.00864	0.09395	0.72405	0.01169	0.01751	0.01028	0.05177	0.01310	0.00879	0.01287	0.00735	0.00870	0.00532	0.00389	0.00388	0.00128	0.00603	0.00308	0.00177	0.00604
28	0.00618	0.00421	0.00509	0.00530	0.00554	0.00424	0.00354	0.00666	0.00684	0.00908	0.01498	0.03113	0.01687	0.63812	0.04733	0.00366	0.00424	0.18136	0.00280	0.00285
29	0.00738	0.00661	0.01128	0.08312	0.19137	0.00672	0.12040	0.00929	0.00855	0.01178	0.04201	0.23250	0.04013	0.01200	0.16532	0.00246	0.00556	0.02572	0.01319	0.00460
30	0.00647	0.00526	0.00804	0.00755	0.00832	0.00628	0.03646	0.00792	0.00674	0.00979	0.01038	0.01550	0.00974	0.04685	0.68620	0.00582	0.11223	0.00441	0.00218	0.00385
31	0.00980	0.00887	0.01205	0.01026	0.01068	0.01192	0.00851	0.07007	0.00768	0.04122	0.00685	0.02357	0.00636	0.00700	0.01194	0.00171	0.69966	0.00381	0.04325	0.00477
32	0.00775	0.00500	0.00601	0.00558	0.00685	0.00489	0.00423	0.05842	0.05887	0.06475	0.42009	0.11344	0.04431	0.00774	0.00443	0.00129	0.00234	0.00671	0.17294	0.00438
33	0.03659	0.00910	0.01532	0.23917	0.40889	0.00952	0.09060	0.04204	0.00970	0.08647	0.00854	0.01081	0.00656	0.00398	0.00416	0.00130	0.00511	0.00382	0.00237	0.00596
34	0.01648	0.00951	0.01109	0.00857	0.01174	0.00986	0.00707	0.46407	0.01594	0.34433	0.01256	0.01190	0.00849	0.00620	0.04092	0.00150	0.00445	0.00394	0.00446	0.00692
35	0.00640	0.00446	0.00572	0.00533	0.00645	0.00413	0.00402	0.00854	0.03133	0.04636	0.73374	0.03051	0.08035	0.00841	0.00486	0.00131	0.00206	0.00739	0.00455	0.00408
36	0.00966	0.00641	0.00773	0.03634	0.00899	0.02439	0.05373	0.11886	0.07382	0.07049	0.03792	0.11852	0.01268	0.00595	0.00380	0.00120	0.00312	0.00506	0.39652	0.00481
37	0.00826	0.00802	0.01253	0.78639	0.04628	0.04780	0.01140	0.01094	0.00849	0.01066	0.00735	0.01089	0.00555	0.00415	0.00413	0.00137	0.00561	0.00364	0.00186	0.00467
38	0.39529	0.00796	0.00834	0.00677	0.00967	0.00825	0.00557	0.10117	0.02060	0.37062	0.02124	0.01070	0.00781	0.00461	0.00348	0.00128	0.00348	0.00334	0.00390	0.00590
39	0.01026	0.01158	0.12501	0.02750	0.01174	0.18577	0.04423	0.06029	0.02031	0.06217	0.16133	0.01648	0.09916	0.00560	0.00426	0.00118	0.01594	0.00454	0.00307	0.12957
40	0.41045	0.16315	0.02070	0.04394	0.07056	0.05866	0.03136	0.05332	0.02806	0.04118	0.00701	0.00805	0.00553	0.00392	0.00311	0.00118	0.00413	0.00273	0.00250	0.04046
41	0.03372	0.03054	0.03437	0.07628	0.05479	0.04723	0.04633	0.27383	0.08542	0.02829	0.00941	0.02379	0.00740	0.01833	0.00460	0.00122	0.04205	0.00365	0.00307	0.17567
42	0.01502	0.00970	0.01223	0.01181	0.16920	0.00993	0.00813	0.38915	0.01478	0.24694	0.01142	0.02396	0.00814	0.00482	0.00412	0.00123	0.00425	0.00392	0.00394	0.04731
43	0.00631	0.00411	0.00503	0.00529	0.00557	0.00402	0.00343	0.00676	0.00710	0.04058	0.01658	0.24902	0.01891	0.50735	0.03020	0.00316	0.00369	0.07675	0.00308	0.00306
44	0.00532	0.00414	0.00477	0.00484	0.00587	0.00367	0.00354	0.00656	0.00977	0.01262	0.26833	0.15244	0.42212	0.04958	0.00574	0.00155	0.00224	0.02933	0.00400	0.00357
45	0.00555	0.00424	0.00510	0.00499	0.00610	0.00380	0.00377	0.00714	0.01072	0.01433	0.48264	0.05690	0.32276	0.00949	0.00495	0.00138	0.00211	0.04601	0.00426	0.00375
46	0.03647	0.00636	0.00821	0.00662	0.00914	0.00574	0.00535	0.04665	0.01173	0.52449	0.18330	0.01849	0.05198	0.00601	0.00424	0.00127	0.00308	0.00498	0.05989	0.00600
47	0.01111	0.85652	0.02177	0.00711	0.01066	0.01644	0.00711	0.01244	0.00844	0.00977	0.00577	0.00666	0.00533	0.00355	0.00267	0.00089	0.00444	0.00222	0.00178	0.00533
48	0.00588	0.00425	0.00571	0.00651	0.00722	0.00409	0.00515	0.00728	0.00909	0.01196	0.08364	0.35795	0.07973	0.01179	0.00545	0.00175	0.00302	0.38201	0.00389	0.00364
49	0.00861	0.00738	0.00861	0.00615	0.00984	0.00554	0.00492	0.01046	0.00861	0.01354	0.00738	0.00861	0.00615	0.00308	0.00308	0.00062	0.00308	0.00246	0.00246	0.87941
50	0.00620	0.00441	0.00572	0.00540	0.00568	0.00447	0.04058	0.00655	0.00629	0.00849	0.01263	0.02512	0.01412	0.71444	0.11959	0.00423	0.00503	0.00579	0.00246	0.00281
51	0.88336	0.00803	0.00611	0.00546	0.00803	0.00932	0.00450	0.01221	0.00707	0.01864	0.00578	0.00675	0.00450	0.00386	0.00257	0.00129	0.00321	0.00225	0.00257	0.00450
52	0.01407	0.01062	0.01142	0.00911	0.01207	0.01186	0.00742	0.59861	0.18789	0.02342	0.01154	0.01151	0.00845	0.00628	0.04091	0.00152	0.00455	0.00398	0.01802	0.00676
53	0.00631	0.00442	0.00537	0.00531	0.00564	0.00465	0.00344	0.02440	0.02995	0.00919	0.01304	0.05536	0.01420	0.58241	0.21480	0.00443	0.00565	0.00579	0.00258	0.00305
54	0.00833	0.02149	0.83250	0.01184	0.01798	0.00965	0.01535	0.01315	0.00877	0.01315	0.00745	0.00877	0.00526	0.00395	0.00395	0.00132	0.00614	0.00307	0.00175	0.00614
55	0.01203	0.00991	0.03559	0.06219	0.06114	0.04605	0.08895	0.28095	0.09915	0.08617	0.07914	0.03227	0.04429	0.00537	0.00429	0.00129	0.00442	0.00458	0.01413	0.02809
56	0.04613	0.02578	0.01223	0.00932	0.01253	0.03190	0.00768	0.73723	0.01848	0.02494	0.00994	0.02695	0.00732	0.00507	0.00409	0.00125	0.00454	0.00380	0.00401	0.00682
57	0.00714	0.03979	0.00674	0.00582	0.00739	0.00557	0.00454	0.02239	0.10521	0.05154	0.15730	0.10752	0.33885	0.00920	0.01733	0.00147	0.02467	0.04421	0.00386	0.03945
58	0.01030	0.03390	0.47932	0.05004	0.01693	0.01013	0.07673	0.17120	0.01104	0.04157	0.00827	0.00943	0.00592	0.00411	0.00401	0.00126	0.00558	0.00336	0.00241	0.05449
59	0.00986	0.13231	0.05766	0.01651	0.23819	0.01090	0.31924	0.02409	0.02645	0.01277	0.01814	0.01093	0.00703	0.02585	0.02814	0.00151	0.04853	0.00407	0.00213	0.00569
60	0.33834	0.00681	0.00721	0.00599	0.00854	0.00687	0.00489	0.01522	0.00948	0.37143	0.01189	0.01165	0.00820	0.00460	0.00333	0.00122	0.00311	0.00340	0.17231	0.00550
61	0.04708	0.00477	0.00531	0.00525	0.00647	0.00457	0.00390	0.00848	0.09126	0.01380	0.26838	0.16433	0.32411	0.00939	0.00475	0.00141	0.00228	0.00807	0.02241	0.00397
62	0.03444	0.13281	0.29905	0.08726	0.07825	0.02213	0.06016	0.12490	0.02836	0.08179	0.00853	0.00963	0.00627	0.00415	0.00387	0.00125	0.00525	0.00336	0.00250	0.00604
63	0.01376	0.01286	0.01097	0.00939	0.01198	0.25913	0.00736	0.24060	0.32080	0.05214	0.01181	0.01150	0.00882	0.00503	0.00406	0.00126	0.00492	0.00380	0.00362	0.00620
64	0.01766	0.00767	0.00988	0.00762	0.01075	0.00709	0.00628	0.14673	0.01304	0.66685	0.03394	0.01389	0.01044	0.00519	0.00416	0.00127	0.00363	0.00418	0.02280	0.00693
65	0.00532	0.00420	0.00477	0.00485	0.00593	0.00375	0.00360	0.00651	0.00942	0.01196	0.17998	0.10308	0.48370	0.06493	0.04479	0.00185	0.00274	0.05128	0.00383	0.00354
66	0.02354	0.11769	0.07128	0.12511	0.25568	0.01069	0.12669	0.10379	0.02344	0.08973	0.00871	0.01031	0.00662	0.00404	0.00403	0.00125	0.00511	0.00369	0.00254	0.00606
67	0.00533	0.00387	0.00502	0.00582	0.00629	0.00362	0.00413	0.00624	0.00832	0.01091	0.03531	0.60692	0.11175	0.04580	0.00594	0.00178	0.00264	0.12308	0.00381	0.00343
68	0.00609	0.00450	0.00588	0.00639	0.00740	0.00428	0.00529	0.00779	0.00991	0.01297	0.19107	0.08708	0.18038	0.01077	0.00538	0.00168	0.00303	0.44237	0.00399	0.00376
69	0.02075	0.00983	0.01683	0.07642	0.62895	0.01010	0.08629	0.03881	0.00958	0.01367	0.00778	0.01031	0.00643	0.00391	0.00459	0.00129	0.04229	0.00379	0.00211	0.00626
70	0.01972	0.00762	0.05842	0.05389	0.09389	0.02933	0.02668	0.09164	0.03928	0.03826	0.02501	0.31731	0.07064	0.00885	0.02883	0.00160	0.03501	0.00704	0.04225	0.00474
71	0.46931	0.05518	0.00950	0.00732	0.01012	0.05973	0.00605	0.26491	0.02256	0.03559	0.00749	0.00810	0.00564	0.00433	0.00338	0.00125	0.01819	0.00284	0.00306	0.00545

[dist]
# distance from previous block
# <min> <max>
0	2

[block]
# block no. 3 follows, 64 sequences, length 10
# corresponding to MSA columns:
# 223-232
name=unknown_D
#
# <colnr> <probs for GDERKNQSTAVLIFYWHMCP>
#	G	D	E	R	K	N	Q	S	T	A	V	L	I	F	Y	W	H	M	C	P
0	0.00768	0.00488	0.00610	0.00558	0.00700	0.00447	0.00433	0.03745	0.01147	0.11840	0.49344	0.03081	0.19276	0.00852	0.00483	0.00135	0.00238	0.04976	0.00444	0.00434
1	0.17243	0.03763	0.08079	0.01170	0.05516	0.09714	0.24792	0.01502	0.12283	0.07698	0.00949	0.01057	0.00711	0.00416	0.00395	0.00129	0.00515	0.00377	0.03134	0.00559
2	0.12977	0.00911	0.01037	0.00805	0.01123	0.00937	0.00665	0.35317	0.01448	0.38696	0.01231	0.01143	0.00818	0.00491	0.00396	0.00127	0.00393	0.00374	0.00439	0.00673
3	0.00555	0.00416	0.00517	0.00519	0.00615	0.00378	0.00386	0.00709	0.01049	0.01416	0.46775	0.16413	0.22781	0.00985	0.00501	0.00142	0.00216	0.04829	0.00425	0.00373
4	0.01028	0.00987	0.01686	0.02550	0.82811	0.00987	0.01275	0.01275	0.00946	0.01357	0.00781	0.01028	0.00658	0.00370	0.00411	0.00123	0.00493	0.00370	0.00206	0.00658
5	0.00529	0.00405	0.00479	0.00507	0.00594	0.00364	0.00366	0.00639	0.00921	0.01188	0.17243	0.28664	0.35162	0.06015	0.00602	0.00165	0.00238	0.05180	0.00390	0.00350
6	0.00833	0.02149	0.83250	0.01184	0.01798	0.00965	0.01535	0.01315	0.00877	0.01315	0.00745	0.00877	0.00526	0.00395	0.00395	0.00132	0.00614	0.00307	0.00175	0.00614
7	0.50666	0.00700	0.00634	0.00573	0.00779	0.00778	0.00459	0.06515	0.03180	0.01810	0.18572	0.03535	0.01392	0.00548	0.00340	0.00130	0.00295	0.02480	0.06160	0.00452
8	0.72276	0.00835	0.00706	0.00605	0.00875	0.00945	0.00499	0.09916	0.00878	0.08260	0.00706	0.00767	0.00522	0.00408	0.00287	0.00128	0.00338	0.00256	0.00294	0.00497
9	0.01034	0.05715	0.02282	0.04340	0.09178	0.06535	0.03539	0.16109	0.07601	0.04373	0.05118	0.07388	0.01146	0.06779	0.09465	0.00202	0.00507	0.01987	0.00307	0.06394

[dist]
# distance from previous block
# <min> <max>
2	13

[block]
# block no. 4 follows, 64 sequences, length 7
# corresponding to MSA columns:
# 246-252
name=unknown_E
#
# <colnr> <probs for GDERKNQSTAVLIFYWHMCP>
#	G	D	E	R	K	N	Q	S	T	A	V	L	I	F	Y	W	H	M	C	P
0	0.02586	0.00639	0.04272	0.00719	0.03042	0.00584	0.00558	0.03051	0.07571	0.16494	0.04737	0.23946	0.11303	0.02373	0.05984	0.00182	0.03288	0.02920	0.03005	0.02744
1	0.07375	0.14645	0.11406	0.06121	0.13499	0.04787	0.04828	0.04254	0.00953	0.09490	0.00808	0.00926	0.00624	0.00383	0.00357	0.00108	0.00460	0.00309	0.00247	0.18420
2	0.00774	0.00717	0.06143	0.07579	0.05937	0.00673	0.04291	0.03490	0.15300	0.03200	0.04452	0.28507	0.04095	0.06704	0.06022	0.00199	0.00416	0.00700	0.00331	0.00469
3	0.00724	0.00466	0.00546	0.00509	0.00663	0.00405	0.00394	0.00864	0.01041	0.13183	0.23899	0.03423	0.46870	0.00926	0.00484	0.00138	0.00235	0.04393	0.00423	0.00415
4	0.04381	0.01118	0.11548	0.13455	0.34805	0.03578	0.10431	0.04899	0.02800	0.07727	0.00862	0.01049	0.00657	0.00401	0.00413	0.00129	0.00526	0.00373	0.00240	0.00606
5	0.01023	0.01397	0.33098	0.15146	0.15293	0.00998	0.03030	0.11065	0.03250	0.06400	0.00854	0.01013	0.00629	0.00433	0.00454	0.00133	0.04585	0.00354	0.00240	0.00605
6	0.00522	0.00382	0.00493	0.00570	0.00619	0.00353	0.00400	0.00615	0.00850	0.01119	0.07300	0.63749	0.12778	0.01231	0.00526	0.00165	0.00246	0.07347	0.00390	0.00346

[dist]
# distance from previous block
# <min> <max>
0	1

[block]
# block no. 5 follows, 64 sequences, length 29
# corresponding to MSA columns:
# 254-282
name=unknown_F
#
# <colnr> <probs for GDERKNQSTAVLIFYWHMCP>
#	G	D	E	R	K	N	Q	S	T	A	V	L	I	F	Y	W	H	M	C	P
0	0.00863	0.00670	0.00649	0.00596	0.00752	0.06696	0.00456	0.08993	0.13695	0.01569	0.14047	0.04157	0.16803	0.00675	0.00403	0.00122	0.00286	0.00556	0.27551	0.00460
1	0.01275	0.08703	0.06570	0.10620	0.09293	0.09148	0.07028	0.33678	0.03308	0.03597	0.00901	0.02403	0.00691	0.00455	0.00404	0.00124	0.00518	0.00371	0.00300	0.00613
2	0.00829	0.00599	0.00874	0.35689	0.01608	0.00650	0.00726	0.01040	0.02706	0.11947	0.10610	0.05740	0.16215	0.06881	0.00570	0.00158	0.00393	0.02001	0.00317	0.00448
3	0.83481	0.00878	0.05196	0.00582	0.00858	0.00934	0.00510	0.01226	0.00716	0.01833	0.00588	0.00686	0.00454	0.00386	0.00265	0.00129	0.00338	0.00229	0.00253	0.00459
4	0.00495	0.00421	0.00426	0.00425	0.00563	0.00352	0.00319	0.00604	0.00956	0.01144	0.07355	0.03962	0.79482	0.01044	0.00491	0.00140	0.00210	0.00872	0.00389	0.00352
5	0.00923	0.00756	0.00913	0.00656	0.01023	0.00585	0.02466	0.02928	0.00903	0.04827	0.00785	0.00894	0.00635	0.00322	0.00319	0.00068	0.00322	0.00262	0.00260	0.80153
6	0.00600	0.00443	0.00562	0.00532	0.00636	0.00415	0.00399	0.00829	0.04564	0.01625	0.73083	0.04973	0.08051	0.00859	0.00488	0.00132	0.00203	0.00756	0.00450	0.00400
7	0.00696	0.00528	0.00670	0.00710	0.00827	0.00541	0.00587	0.01039	0.14582	0.01363	0.13303	0.09726	0.07395	0.01014	0.00529	0.00170	0.00327	0.45168	0.00400	0.00425
8	0.75100	0.00799	0.00663	0.00572	0.00842	0.00892	0.00471	0.02696	0.00775	0.08098	0.00677	0.00748	0.00508	0.00393	0.00275	0.00125	0.00325	0.00244	0.00279	0.05519
9	0.00909	0.00909	0.01272	0.01091	0.01091	0.01272	0.00909	0.01000	0.00636	0.01000	0.00545	0.00909	0.00545	0.00727	0.01363	0.00182	0.84642	0.00364	0.00182	0.00454
10	0.00534	0.00419	0.00470	0.00463	0.00582	0.00366	0.00345	0.00672	0.01019	0.01323	0.31791	0.07148	0.49096	0.00976	0.00487	0.00137	0.00206	0.00832	0.02769	0.00366
11	0.88336	0.00803	0.00611	0.00546	0.00803	0.00932	0.00450	0.01221	0.00707	0.01864	0.00578	0.00675	0.00450	0.00386	0.00257	0.00129	0.00321	0.00225	0.00257	0.00450
12	0.00506	0.00361	0.00482	0.00578	0.00602	0.00337	0.00386	0.00578	0.00795	0.01060	0.02289	0.85131	0.02747	0.01301	0.00530	0.00169	0.00241	0.01181	0.00386	0.00337
13	0.01063	0.00908	0.01108	0.01073	0.09670	0.01012	0.05531	0.02050	0.65516	0.04940	0.01543	0.01464	0.01157	0.00529	0.00425	0.00139	0.00369	0.00458	0.00391	0.00654
14	0.00861	0.00738	0.00861	0.00615	0.00984	0.00554	0.00492	0.01046	0.00861	0.01354	0.00738	0.00861	0.00615	0.00308	0.00308	0.00062	0.00308	0.00246	0.00246	0.87941
15	0.00980	0.01120	0.02451	0.01751	0.02171	0.01050	0.81303	0.01331	0.00980	0.01331	0.00840	0.01120	0.00630	0.00350	0.00490	0.00140	0.00700	0.00490	0.00210	0.00560
16	0.00867	0.00828	0.01419	0.56155	0.28172	0.00947	0.03437	0.01136	0.00871	0.01163	0.00755	0.01083	0.00589	0.00399	0.00416	0.00134	0.00539	0.00373	0.00192	0.00526
17	0.01008	0.00687	0.00983	0.00826	0.00971	0.00742	0.07455	0.06206	0.00968	0.17098	0.14699	0.02066	0.01560	0.15993	0.02159	0.00204	0.17990	0.07571	0.00340	0.00474
18	0.06047	0.01334	0.01159	0.01015	0.01144	0.34654	0.00807	0.06602	0.00960	0.01167	0.00771	0.00967	0.04007	0.00585	0.00801	0.00143	0.36797	0.00339	0.00223	0.00478
19	0.04186	0.00950	0.01099	0.00896	0.03053	0.02877	0.00717	0.35723	0.04381	0.32414	0.01238	0.01247	0.00868	0.01633	0.00489	0.00134	0.05086	0.01923	0.00423	0.00665
20	0.00586	0.00436	0.00551	0.00611	0.00672	0.00431	0.00435	0.00794	0.09424	0.01192	0.08940	0.57474	0.04636	0.03840	0.00569	0.00171	0.00264	0.08206	0.00391	0.00377
21	0.73625	0.00894	0.03177	0.00622	0.00901	0.00982	0.00530	0.12398	0.00886	0.01952	0.00642	0.00726	0.00488	0.00402	0.00283	0.00128	0.00349	0.00248	0.00277	0.00491
22	0.88336	0.00803	0.00611	0.00546	0.00803	0.00932	0.00450	0.01221	0.00707	0.01864	0.00578	0.00675	0.00450	0.00386	0.00257	0.00129	0.00321	0.00225	0.00257	0.00450
23	0.00598	0.00417	0.00530	0.00533	0.00560	0.00442	0.00351	0.00652	0.00632	0.00869	0.01266	0.04580	0.01376	0.53815	0.31133	0.00491	0.00651	0.00563	0.00245	0.00296
24	0.00974	0.00932	0.01589	0.20604	0.65176	0.00973	0.01248	0.01228	0.00920	0.01292	0.00772	0.01046	0.00635	0.00380	0.00412	0.00127	0.00507	0.00370	0.00201	0.00615
25	0.00703	0.00462	0.00597	0.00569	0.00679	0.00435	0.00424	0.00927	0.05592	0.08351	0.55992	0.18559	0.03307	0.00892	0.00488	0.00138	0.00225	0.00790	0.00446	0.00423
26	0.00980	0.01120	0.02451	0.01751	0.02171	0.01050	0.81303	0.01331	0.00980	0.01331	0.00840	0.01120	0.00630	0.00350	0.00490	0.00140	0.00700	0.00490	0.00210	0.00560
27	0.79337	0.00804	0.00654	0.00571	0.00835	0.00914	0.00471	0.03155	0.00775	0.08436	0.00674	0.00742	0.00502	0.00399	0.00274	0.00128	0.00327	0.00244	0.00281	0.00477
28	0.04466	0.01332	0.01343	0.10126	0.25654	0.31010	0.02836	0.11980	0.02931	0.03300	0.00789	0.00941	0.00623	0.00420	0.00396	0.00120	0.00579	0.00334	0.00248	0.00571

[dist]
# distance from previous block
# <min> <max>
0	1

[block]
# block no. 6 follows, 64 sequences, length 68
# corresponding to MSA columns:
# 284-351
name=unknown_G
#
# <colnr> <probs for GDERKNQSTAVLIFYWHMCP>
#	G	D	E	R	K	N	Q	S	T	A	V	L	I	F	Y	W	H	M	C	P
0	0.01306	0.13141	0.01354	0.03030	0.03687	0.08361	0.04573	0.32065	0.23098	0.03575	0.01086	0.01095	0.00816	0.00477	0.00396	0.00124	0.00459	0.00375	0.00347	0.00635
1	0.02680	0.00662	0.03069	0.00680	0.00894	0.00605	0.00552	0.07373	0.07779	0.29225	0.19661	0.12559	0.08119	0.00774	0.01571	0.00144	0.00317	0.02354	0.00440	0.00541
2	0.03315	0.09137	0.22857	0.02631	0.14744	0.08134	0.10164	0.04917	0.06032	0.07059	0.00939	0.04537	0.00754	0.00511	0.02366	0.00139	0.00545	0.00387	0.00250	0.00585
3	0.07389	0.34101	0.07141	0.03244	0.02292	0.05396	0.07990	0.17453	0.05246	0.04914	0.00808	0.00885	0.00631	0.00411	0.00350	0.00113	0.00481	0.00311	0.00263	0.00580
4	0.01546	0.00678	0.00883	0.00709	0.00984	0.00610	0.00581	0.06609	0.02377	0.58895	0.07030	0.01942	0.09728	0.00625	0.00438	0.00133	0.00336	0.04780	0.00483	0.00632
5	0.00829	0.00757	0.10207	0.03489	0.09381	0.00611	0.03943	0.02972	0.00957	0.10094	0.13647	0.22620	0.07339	0.02380	0.02860	0.01854	0.01818	0.03428	0.00341	0.00472
6	0.02614	0.12470	0.18562	0.07116	0.07372	0.03431	0.10165	0.08585	0.01057	0.17726	0.02644	0.02710	0.02790	0.00460	0.00402	0.00126	0.00496	0.00390	0.00289	0.00593
7	0.00540	0.00408	0.00469	0.00493	0.00594	0.00357	0.00355	0.00644	0.00921	0.03257	0.10767	0.32147	0.45352	0.01106	0.00503	0.00149	0.00223	0.00959	0.00396	0.00359
8	0.00584	0.00427	0.00592	0.00608	0.00664	0.00452	0.01530	0.00693	0.00738	0.01035	0.04794	0.27027	0.04132	0.13443	0.35693	0.00404	0.01979	0.00710	0.04146	0.00349
9	0.00964	0.12117	0.30327	0.12124	0.14787	0.05769	0.08820	0.01273	0.00897	0.02605	0.00762	0.02258	0.00607	0.00418	0.00441	0.00128	0.04591	0.00348	0.00197	0.00568
10	0.01026	0.21642	0.16450	0.05278	0.01371	0.03290	0.06750	0.04413	0.27084	0.02955	0.04912	0.01189	0.00952	0.00466	0.00386	0.00124	0.00457	0.00380	0.00288	0.00588
11	0.01663	0.00675	0.00882	0.00692	0.00976	0.00605	0.00566	0.05600	0.01176	0.65488	0.02894	0.01442	0.01066	0.00514	0.00399	0.00124	0.00331	0.00416	0.13837	0.00653
12	0.00775	0.00722	0.03586	0.06353	0.21454	0.00682	0.12389	0.00966	0.00879	0.02805	0.02820	0.35473	0.01609	0.00829	0.01805	0.00156	0.01533	0.02545	0.02142	0.00477
13	0.01111	0.07030	0.10525	0.02793	0.11792	0.08963	0.08124	0.02672	0.03173	0.15774	0.02172	0.05447	0.00937	0.05901	0.06704	0.00184	0.03161	0.00430	0.02562	0.00544
14	0.00537	0.00373	0.00495	0.00574	0.00611	0.00346	0.00389	0.00620	0.00832	0.02617	0.07913	0.76337	0.04304	0.01251	0.00525	0.00165	0.00239	0.01131	0.00393	0.00348
15	0.00961	0.01306	0.16581	0.04092	0.03257	0.02779	0.62066	0.01326	0.00961	0.01314	0.00816	0.01068	0.00608	0.00362	0.00468	0.00138	0.00679	0.00448	0.00203	0.00566
16	0.01080	0.16657	0.27748	0.07377	0.20965	0.04551	0.02338	0.05602	0.00980	0.07765	0.00804	0.00939	0.00612	0.00399	0.00380	0.00121	0.00528	0.00325	0.00225	0.00605
17	0.01210	0.00583	0.00749	0.00649	0.00856	0.00526	0.00509	0.02864	0.04545	0.40591	0.10631	0.17639	0.13707	0.00790	0.00460	0.00140	0.00296	0.02255	0.00457	0.00544
18	0.88336	0.00803	0.00611	0.00546	0.00803	0.00932	0.00450	0.01221	0.00707	0.01864	0.00578	0.00675	0.00450	0.00386	0.00257	0.00129	0.00321	0.00225	0.00257	0.00450
19	0.00899	0.00447	0.00513	0.00471	0.00605	0.00422	0.00362	0.01084	0.00985	0.14465	0.17554	0.01933	0.04907	0.00584	0.00358	0.00110	0.00220	0.00484	0.53162	0.00437
20	0.00795	0.00537	0.00661	0.00669	0.05316	0.00557	0.00416	0.11485	0.02366	0.01078	0.01103	0.02018	0.01159	0.47335	0.01638	0.21379	0.00404	0.00499	0.00257	0.00327
21	0.07596	0.00863	0.00985	0.00809	0.01075	0.00902	0.00661	0.38439	0.01440	0.22825	0.01395	0.11413	0.01167	0.00649	0.00433	0.00137	0.00388	0.07783	0.00423	0.00615
22	0.00529	0.00402	0.00483	0.00524	0.00609	0.00362	0.00382	0.00642	0.00916	0.01186	0.13591	0.36080	0.32643	0.01123	0.00510	0.00154	0.00234	0.07478	0.01798	0.00354
23	0.00555	0.00399	0.00526	0.00545	0.00613	0.00370	0.00389	0.00701	0.01023	0.01422	0.50250	0.36140	0.03447	0.01031	0.00506	0.00146	0.00214	0.00924	0.00428	0.00370
24	0.00517	0.00375	0.00488	0.00570	0.00610	0.00348	0.00392	0.00600	0.00823	0.01086	0.04469	0.70139	0.09841	0.02794	0.00557	0.00171	0.00247	0.05247	0.00385	0.00341
25	0.00833	0.02149	0.83250	0.01184	0.01798	0.00965	0.01535	0.01315	0.00877	0.01315	0.00745	0.00877	0.00526	0.00395	0.00395	0.00132	0.00614	0.00307	0.00175	0.00614
26	0.04123	0.00458	0.00497	0.00455	0.00597	0.00446	0.00352	0.01163	0.00921	0.15894	0.01377	0.01493	0.01036	0.00486	0.00312	0.00104	0.00226	0.00387	0.69230	0.00446
27	0.00540	0.00424	0.00489	0.00475	0.00595	0.00373	0.00358	0.00690	0.01055	0.01381	0.41116	0.03589	0.43990	0.00958	0.00492	0.00137	0.00207	0.02341	0.00419	0.00371
28	0.00861	0.00738	0.00861	0.00615	0.00984	0.00554	0.00492	0.01046	0.00861	0.01354	0.00738	0.00861	0.00615	0.00308	0.00308	0.00062	0.00308	0.00246	0.00246	0.87941
29	0.01163	0.07370	0.07235	0.01061	0.01262	0.15119	0.07830	0.05518	0.02021	0.09988	0.00779	0.00971	0.00635	0.00632	0.03435	0.00161	0.33699	0.00354	0.00242	0.00526
30	0.01005	0.01004	0.05529	0.12016	0.62370	0.00967	0.03339	0.01264	0.00929	0.03427	0.00794	0.01037	0.00645	0.00385	0.00427	0.00126	0.01899	0.00369	0.00210	0.02259
31	0.00544	0.00405	0.00504	0.00522	0.00605	0.00369	0.00377	0.00679	0.00994	0.01337	0.37638	0.28181	0.20731	0.02641	0.00535	0.00151	0.00221	0.02788	0.00414	0.00363
32	0.09978	0.00810	0.00986	0.00766	0.01082	0.00784	0.00632	0.17722	0.02912	0.57797	0.01412	0.01264	0.00914	0.00500	0.00402	0.00128	0.00370	0.00392	0.00468	0.00681
33	0.06394	0.02819	0.15726	0.02450	0.19839	0.02420	0.17604	0.16066	0.08195	0.03114	0.00903	0.01036	0.00680	0.00415	0.00414	0.00130	0.00527	0.00381	0.00267	0.00620
34	0.00646	0.00487	0.00615	0.00602	0.00667	0.01810	0.00438	0.00764	0.03404	0.01929	0.08863	0.08948	0.11265	0.19431	0.27339	0.06118	0.05434	0.00605	0.00287	0.00350
35	0.00505	0.00422	0.00440	0.00448	0.00576	0.00362	0.00331	0.00627	0.02230	0.01146	0.06921	0.12331	0.70106	0.01062	0.00494	0.00143	0.00215	0.00897	0.00389	0.00356
36	0.01080	0.00911	0.00992	0.00870	0.01117	0.01043	0.02425	0.07232	0.73856	0.03125	0.01627	0.01503	0.01214	0.00554	0.00424	0.00140	0.00345	0.00463	0.00419	0.00659
37	0.01132	0.10358	0.36422	0.02524	0.08381	0.08071	0.04508	0.15106	0.02465	0.05977	0.00834	0.00932	0.00614	0.00417	0.00391	0.00124	0.00554	0.00329	0.00247	0.00615
38	0.01101	0.01192	0.05617	0.08318	0.35314	0.15844	0.09868	0.04000	0.05757	0.02713	0.02030	0.02645	0.00745	0.00435	0.00441	0.00127	0.02642	0.00389	0.00236	0.00585
39	0.00520	0.00380	0.00502	0.02199	0.00646	0.00356	0.00397	0.00613	0.00851	0.01137	0.11972	0.68403	0.08057	0.01214	0.00521	0.00162	0.00240	0.01094	0.00390	0.00347
40	0.01346	0.08979	0.05586	0.08230	0.02433	0.14461	0.05283	0.40189	0.01432	0.01829	0.00829	0.00933	0.00626	0.00466	0.00455	0.00124	0.05546	0.00345	0.00302	0.00605
41	0.00523	0.00420	0.00466	0.00459	0.00582	0.00364	0.00343	0.00657	0.01017	0.01297	0.29642	0.06247	0.54536	0.00994	0.00492	0.00138	0.00207	0.00845	0.00409	0.00364
42	0.00861	0.00738	0.00861	0.00615	0.00984	0.00554	0.00492	0.01046	0.00861	0.01354	0.00738	0.00861	0.00615	0.00308	0.00308	0.00062	0.00308	0.00246	0.00246	0.87941
43	0.00983	0.00842	0.00894	0.00808	0.01029	0.00963	0.00627	0.02049	0.73352	0.01715	0.08209	0.01742	0.03749	0.00600	0.00430	0.00140	0.00315	0.00503	0.00424	0.00628
44	0.00491	0.00421	0.00421	0.00421	0.00561	0.00351	0.00316	0.00596	0.00947	0.01122	0.04208	0.03997	0.82643	0.01052	0.00491	0.00140	0.00210	0.00877	0.00386	0.00351
45	0.88336	0.00803	0.00611	0.00546	0.00803	0.00932	0.00450	0.01221	0.00707	0.01864	0.00578	0.00675	0.00450	0.00386	0.00257	0.00129	0.00321	0.00225	0.00257	0.00450
46	0.00491	0.00421	0.00421	0.00421	0.00561	0.00351	0.00316	0.00596	0.00947	0.01122	0.04208	0.03997	0.82643	0.01052	0.00491	0.00140	0.00210	0.00877	0.00386	0.00351
47	0.88336	0.00803	0.00611	0.00546	0.00803	0.00932	0.00450	0.01221	0.00707	0.01864	0.00578	0.00675	0.00450	0.00386	0.00257	0.00129	0.00321	0.00225	0.00257	0.00450
48	0.01855	0.00720	0.00972	0.00745	0.01067	0.00631	0.00616	0.04372	0.01211	0.80719	0.01620	0.01401	0.01019	0.00514	0.00418	0.00128	0.00357	0.00416	0.00511	0.00707
49	0.88336	0.00803	0.00611	0.00546	0.00803	0.00932	0.00450	0.01221	0.00707	0.01864	0.00578	0.00675	0.00450	0.00386	0.00257	0.00129	0.00321	0.00225	0.00257	0.00450
50	0.04169	0.01108	0.01019	0.03237	0.07102	0.23591	0.00667	0.04856	0.02093	0.03689	0.00813	0.03766	0.00687	0.00403	0.00352	0.00093	0.00456	0.00310	0.00255	0.41334
51	0.40119	0.06986	0.01093	0.00864	0.03683	0.03618	0.09270	0.05929	0.00849	0.04806	0.00742	0.00937	0.00608	0.02574	0.07758	0.00184	0.08920	0.00317	0.00252	0.00490
52	0.00941	0.00770	0.00823	0.00749	0.00949	0.00870	0.00579	0.01867	0.61521	0.01706	0.13238	0.01772	0.01625	0.00596	0.00418	0.00135	0.00295	0.00501	0.10058	0.00590
53	0.01571	0.03542	0.01264	0.00949	0.01277	0.04549	0.00784	0.74298	0.01875	0.04265	0.00985	0.00987	0.00702	0.00492	0.00410	0.00123	0.00466	0.00366	0.00403	0.00693
54	0.83525	0.00798	0.00630	0.00557	0.00818	0.00914	0.00459	0.01266	0.00734	0.06383	0.00637	0.00716	0.00482	0.00393	0.00266	0.00129	0.00323	0.00236	0.00271	0.00464
55	0.00981	0.01117	0.02434	0.01769	0.04012	0.01049	0.79476	0.01329	0.00980	0.01331	0.00839	0.01118	0.00631	0.00351	0.00488	0.00140	0.00696	0.00487	0.00210	0.00562
56	0.00585	0.00424	0.00552	0.00520	0.00619	0.00391	0.00390	0.00779	0.01170	0.01652	0.80566	0.03126	0.05954	0.00854	0.00490	0.00131	0.00196	0.00754	0.00455	0.00391
57	0.00506	0.00363	0.00480	0.00574	0.00601	0.00338	0.00384	0.00579	0.00799	0.01062	0.02339	0.83017	0.04829	0.01295	0.00529	0.00168	0.00240	0.01173	0.00386	0.00338
58	0.00588	0.00425	0.00555	0.00523	0.00621	0.00392	0.00392	0.00784	0.01176	0.01666	0.82592	0.03103	0.03919	0.00849	0.00490	0.00131	0.00196	0.00751	0.00457	0.00392
59	0.00765	0.00761	0.01441	0.01122	0.01380	0.00710	0.38637	0.01012	0.00987	0.01304	0.11922	0.02593	0.19700	0.00751	0.02107	0.00157	0.00485	0.13398	0.00308	0.00460
60	0.08148	0.00941	0.01051	0.00825	0.01129	0.00987	0.00675	0.44260	0.03374	0.24363	0.01275	0.05265	0.02471	0.00541	0.00409	0.00127	0.00396	0.00423	0.00424	0.02916
61	0.01111	0.85652	0.02177	0.00711	0.01066	0.01644	0.00711	0.01244	0.00844	0.00977	0.00577	0.00666	0.00533	0.00355	0.00267	0.00089	0.00444	0.00222	0.00178	0.00533
62	0.00665	0.00434	0.00577	0.00628	0.00714	0.00407	0.00483	0.00795	0.00924	0.07396	0.10042	0.39422	0.09649	0.01130	0.00528	0.00166	0.00285	0.24968	0.00401	0.00385
63	0.00506	0.00363	0.00480	0.00574	0.00601	0.00338	0.00384	0.00579	0.00799	0.01062	0.02336	0.83139	0.04709	0.01295	0.00529	0.00168	0.00240	0.01173	0.00386	0.00338
64	0.80306	0.03659	0.04104	0.00587	0.00862	0.02426	0.00510	0.01233	0.00727	0.01797	0.00586	0.00684	0.00457	0.00386	0.00265	0.00127	0.00345	0.00229	0.00250	0.00460
65	0.06635	0.00484	0.00632	0.00711	0.00807	0.00491	0.00601	0.00850	0.00907	0.01256	0.02041	0.11915	0.02226	0.04709	0.00608	0.00192	0.00362	0.61981	0.02215	0.00377
66	0.06567	0.00718	0.00959	0.03492	0.09364	0.04492	0.07859	0.05212	0.05483	0.02205	0.01470	0.30968	0.01550	0.06642	0.02765	0.00180	0.04010	0.03866	0.01745	0.00452
67	0.13816	0.24442	0.04672	0.00798	0.01124	0.13327	0.03748	0.07160	0.03943	0.01374	0.00735	0.01924	0.00612	0.00392	0.00324	0.00100	0.00451	0.00281	0.00241	0.20535

[dist]
# distance from previous block
# <min> <max>
1	5

[block]
# block no. 7 follows, 64 sequences, length 34
# corresponding to MSA columns:
# 360-393
name=unknown_H
#
# <colnr> <probs for GDERKNQSTAVLIFYWHMCP>
#	G	D	E	R	K	N	Q	S	T	A	V	L	I	F	Y	W	H	M	C	P
0	0.02500	0.02233	0.01211	0.11408	0.18362	0.00970	0.02195	0.13616	0.03286	0.03930	0.00960	0.01367	0.01925	0.10273	0.00792	0.00169	0.16906	0.02878	0.00263	0.04758
1	0.02117	0.00682	0.00819	0.04996	0.09338	0.05127	0.00595	0.03435	0.06639	0.03992	0.27479	0.09404	0.09856	0.00720	0.00447	0.00129	0.00323	0.03703	0.00361	0.09841
2	0.01089	0.00731	0.00885	0.00643	0.01002	0.00567	0.00519	0.01268	0.00936	0.19895	0.00943	0.00987	0.00709	0.00354	0.00333	0.00077	0.00318	0.00285	0.00307	0.68155
