[name]
unknown

[dist]
# distance from previous block
# <min> <max>
3	47

[block]
# block no. 0 follows, 61 sequences, length 9
# corresponding to MSA columns:
# 49-57
name=unknown_A
#
# <colnr> <probs for GDERKNQSTAVLIFYWHMCP>
#	G	D	E	R	K	N	Q	S	T	A	V	L	I	F	Y	W	H	M	C	P
0	0.00813	0.00766	0.01292	0.83826	0.02967	0.00957	0.01196	0.01101	0.00861	0.01101	0.00766	0.01148	0.00574	0.00431	0.00431	0.00144	0.00574	0.00383	0.00191	0.00479
1	0.01091	0.00839	0.01044	0.00862	0.04207	0.00793	0.03496	0.04585	0.18597	0.11331	0.01195	0.01230	0.03014	0.00461	0.00443	0.00108	0.05233	0.00371	0.00333	0.40765
2	0.00534	0.00382	0.00508	0.00593	0.00627	0.00356	0.00401	0.00623	0.00868	0.01168	0.11102	0.75656	0.02982	0.01298	0.00545	0.00171	0.00245	0.01176	0.00408	0.00356
3	0.87904	0.00833	0.00633	0.00566	0.00833	0.00966	0.00467	0.01266	0.00733	0.01933	0.00600	0.00700	0.00467	0.00400	0.00267	0.00133	0.00333	0.00233	0.00267	0.00467
4	0.00530	0.00390	0.00491	0.00564	0.00612	0.00357	0.00382	0.00614	0.00863	0.01130	0.06291	0.63683	0.16816	0.04374	0.00602	0.00177	0.00248	0.01127	0.00398	0.00352
5	0.66899	0.00876	0.00764	0.00647	0.00932	0.00985	0.00533	0.12630	0.00967	0.10252	0.00774	0.00825	0.00565	0.00430	0.00307	0.00133	0.00357	0.00276	0.00317	0.00531
6	0.04608	0.01048	0.01726	0.05024	0.68537	0.03497	0.06610	0.01329	0.00977	0.01406	0.00800	0.01052	0.00664	0.00386	0.00424	0.00129	0.00529	0.00383	0.00215	0.00655
7	0.03113	0.00957	0.01370	0.02887	0.12573	0.04453	0.14151	0.15261	0.03456	0.26412	0.04353	0.06824	0.01082	0.00542	0.00450	0.00136	0.00472	0.00487	0.00379	0.00641
8	0.01528	0.01277	0.03045	0.06116	0.12493	0.25654	0.02621	0.13579	0.01270	0.24507	0.01088	0.03073	0.00802	0.00490	0.00422	0.00127	0.00550	0.00388	0.00342	0.00626

[dist]
# distance from previous block
# <min> <max>
0	1

[block]
# block no. 1 follows, 61 sequences, length 9
# corresponding to MSA columns:
# 59-67
name=unknown_B
#
# <colnr> <probs for GDERKNQSTAVLIFYWHMCP>
#	G	D	E	R	K	N	Q	S	T	A	V	L	I	F	Y	W	H	M	C	P
0	0.07000	0.02817	0.14536	0.07768	0.07193	0.06221	0.18497	0.04811	0.03669	0.18437	0.02194	0.03129	0.00823	0.00465	0.00432	0.00136	0.00540	0.00420	0.00303	0.00609
1	0.01092	0.00936	0.01598	0.06053	0.57849	0.00928	0.06524	0.01332	0.00990	0.09562	0.01036	0.08276	0.00900	0.00482	0.00443	0.00134	0.00492	0.00469	0.00261	0.00642
2	0.01091	0.00981	0.01659	0.10710	0.69528	0.00994	0.01270	0.01344	0.00983	0.06047	0.00857	0.01097	0.00694	0.00397	0.00427	0.00130	0.00510	0.00387	0.00229	0.00665
3	0.00996	0.00986	0.01746	0.10268	0.29160	0.01026	0.25102	0.03126	0.08406	0.01406	0.03648	0.04078	0.00900	0.00481	0.00532	0.00143	0.06676	0.00472	0.00251	0.00596
4	0.01048	0.01136	0.05393	0.04812	0.50259	0.06806	0.16811	0.01318	0.00994	0.01350	0.00946	0.03383	0.02890	0.00431	0.00445	0.00133	0.00565	0.00434	0.00223	0.00623
5	0.01129	0.00878	0.01323	0.03562	0.32395	0.00878	0.05495	0.09207	0.08293	0.12010	0.10173	0.06207	0.02623	0.00554	0.00448	0.00133	0.00428	0.00503	0.00340	0.03423
6	0.07942	0.09990	0.24580	0.01210	0.15519	0.02631	0.01016	0.08456	0.05821	0.05440	0.04305	0.01238	0.04067	0.02307	0.00435	0.00133	0.00480	0.00382	0.00275	0.03774
7	0.06220	0.07448	0.16598	0.00977	0.01340	0.04200	0.07510	0.23682	0.04339	0.07374	0.07402	0.04926	0.01054	0.00524	0.00417	0.00129	0.00477	0.00429	0.00332	0.04624
8	0.05450	0.12876	0.25809	0.06132	0.04271	0.05097	0.02966	0.12841	0.12661	0.01578	0.02648	0.01103	0.01977	0.00463	0.00396	0.00128	0.00510	0.00362	0.00274	0.02458

[dist]
# distance from previous block
# <min> <max>
2	37

[block]
# block no. 2 follows, 61 sequences, length 15
# corresponding to MSA columns:
# 105-119
name=unknown_C
#
# <colnr> <probs for GDERKNQSTAVLIFYWHMCP>
#	G	D	E	R	K	N	Q	S	T	A	V	L	I	F	Y	W	H	M	C	P
0	0.07196	0.04721	0.22237	0.00927	0.01313	0.03048	0.03394	0.19554	0.07334	0.03671	0.06269	0.01246	0.02943	0.01928	0.00431	0.00128	0.00462	0.00386	0.00311	0.12499
1	0.01174	0.01040	0.06680	0.01028	0.05174	0.05869	0.10130	0.11960	0.13698	0.11790	0.05932	0.01501	0.05423	0.00523	0.00430	0.00125	0.00444	0.01710	0.00351	0.15019
2	0.01174	0.04195	0.08671	0.00965	0.04379	0.00972	0.04783	0.19240	0.19388	0.07837	0.04862	0.01338	0.03263	0.00501	0.00414	0.00122	0.00417	0.00415	0.00358	0.16708
3	0.11626	0.03165	0.04785	0.00912	0.05749	0.07261	0.03826	0.09652	0.02645	0.15800	0.05625	0.01165	0.00915	0.01595	0.00405	0.00116	0.00421	0.00358	0.00328	0.23649
4	0.03504	0.03449	0.11018	0.04364	0.03427	0.04118	0.03939	0.17181	0.08953	0.24333	0.02695	0.03805	0.00950	0.00513	0.00421	0.00130	0.00452	0.00419	0.00376	0.05952
5	0.01398	0.07859	0.13144	0.01042	0.01370	0.42051	0.02527	0.09844	0.04077	0.04993	0.00812	0.00894	0.00630	0.00439	0.00389	0.00115	0.00632	0.00309	0.00259	0.07216
6	0.00996	0.01514	0.26863	0.01507	0.01967	0.06780	0.44879	0.01407	0.04107	0.01359	0.00914	0.04015	0.00717	0.00426	0.00468	0.00141	0.00671	0.00458	0.00222	0.00588
7	0.00529	0.00408	0.00485	0.00537	0.00619	0.00364	0.00382	0.00629	0.00914	0.01162	0.06765	0.44294	0.35722	0.01215	0.00533	0.00162	0.00241	0.04276	0.00403	0.00360
8	0.01071	0.02946	0.12005	0.04249	0.01406	0.04788	0.08048	0.06749	0.42776	0.01618	0.01345	0.01360	0.02385	0.00542	0.00508	0.00144	0.06651	0.00441	0.00340	0.00630
9	0.00581	0.00434	0.00529	0.00513	0.00615	0.00394	0.00376	0.00740	0.01098	0.01491	0.52674	0.07561	0.23453	0.06885	0.00629	0.00160	0.00224	0.00824	0.00437	0.00383
10	0.00889	0.01919	0.64996	0.01232	0.04207	0.00949	0.06295	0.01348	0.02587	0.03764	0.01037	0.03597	0.04322	0.00472	0.00426	0.00138	0.00594	0.00392	0.00217	0.00618
11	0.00549	0.00396	0.00522	0.00591	0.00639	0.00368	0.00411	0.00657	0.00919	0.01239	0.18850	0.61692	0.05755	0.01237	0.00542	0.00167	0.00245	0.04443	0.00415	0.00364
12	0.04588	0.24890	0.15273	0.00949	0.02997	0.14740	0.02381	0.08223	0.02131	0.07604	0.00808	0.00887	0.00629	0.00411	0.00358	0.00109	0.00518	0.00297	0.00255	0.11953
13	0.05353	0.14384	0.49790	0.01089	0.01605	0.04007	0.03696	0.07820	0.01019	0.06239	0.00814	0.00912	0.00592	0.00419	0.00388	0.00128	0.00574	0.00318	0.00230	0.00623
14	0.11140	0.11349	0.29123	0.01012	0.01413	0.22180	0.01024	0.08568	0.05499	0.03721	0.00809	0.00891	0.00613	0.00435	0.00377	0.00124	0.00579	0.00307	0.00248	0.00586

[dist]
# distance from previous block
# <min> <max>
1	5

[block]
# block no. 3 follows, 61 sequences, length 16
# corresponding to MSA columns:
# 125-140
name=unknown_D
#
# <colnr> <probs for GDERKNQSTAVLIFYWHMCP>
#	G	D	E	R	K	N	Q	S	T	A	V	L	I	F	Y	W	H	M	C	P
0	0.01313	0.00736	0.00949	0.00729	0.01052	0.00615	0.02511	0.04502	0.01072	0.34850	0.01341	0.10361	0.01062	0.00529	0.00400	0.00109	0.00347	0.00447	0.00392	0.36683
1	0.01224	0.45642	0.15879	0.00928	0.01299	0.23747	0.00910	0.01449	0.03337	0.01109	0.00681	0.00779	0.00574	0.00402	0.00335	0.00107	0.00574	0.00266	0.00202	0.00557
2	0.01239	0.69229	0.02059	0.00808	0.01149	0.17282	0.00755	0.01372	0.00941	0.01021	0.00612	0.00707	0.00553	0.00383	0.00298	0.00096	0.00521	0.00239	0.00191	0.00543
3	0.01020	0.05680	0.59503	0.01091	0.01648	0.00965	0.01319	0.04322	0.00981	0.09846	0.00870	0.00960	0.00616	0.00415	0.00398	0.00127	0.00564	0.00323	0.00235	0.09117
4	0.00549	0.00406	0.00500	0.00549	0.00611	0.00372	0.00380	0.00647	0.00903	0.01186	0.14410	0.44492	0.20331	0.09324	0.00696	0.00187	0.00257	0.03449	0.00397	0.00354
5	0.07777	0.02089	0.00923	0.02564	0.01022	0.02166	0.00609	0.19869	0.06966	0.18432	0.26024	0.01914	0.04906	0.00648	0.00462	0.00135	0.01953	0.00527	0.00435	0.00578
6	0.01017	0.01162	0.02542	0.01816	0.02251	0.01089	0.80610	0.01380	0.01017	0.01380	0.00871	0.01162	0.00654	0.00363	0.00508	0.00145	0.00726	0.00508	0.00218	0.00581
7	0.00525	0.00375	0.00500	0.00600	0.00625	0.00350	0.00400	0.00600	0.00825	0.01100	0.02374	0.84580	0.02849	0.01350	0.00550	0.00175	0.00250	0.01225	0.00400	0.00350
8	0.01015	0.01025	0.04806	0.24450	0.36924	0.06441	0.03768	0.03079	0.00976	0.02794	0.02451	0.01210	0.01981	0.02457	0.00501	0.00141	0.03141	0.00400	0.01860	0.00579
9	0.44392	0.00829	0.00834	0.00691	0.00984	0.00881	0.00567	0.06613	0.08104	0.30514	0.01118	0.01072	0.00771	0.00471	0.00351	0.00134	0.00354	0.00336	0.00386	0.00597
10	0.00537	0.00383	0.00514	0.00613	0.00644	0.00360	0.00421	0.00620	0.00836	0.01113	0.02368	0.78958	0.02823	0.01338	0.00553	0.00177	0.00260	0.06729	0.00400	0.00353
11	0.00737	0.00405	0.00602	0.00597	0.00605	0.00426	0.00413	0.00600	0.00586	0.00795	0.00834	0.04333	0.00845	0.01610	0.08660	0.73228	0.03891	0.00412	0.00199	0.00222
12	0.01080	0.05049	0.02566	0.08660	0.37905	0.11802	0.03958	0.06282	0.01029	0.01339	0.00970	0.08365	0.00901	0.02995	0.00517	0.00142	0.03356	0.02259	0.00246	0.00579
13	0.01179	0.03658	0.01133	0.03726	0.06351	0.10104	0.02173	0.06366	0.51769	0.04537	0.01440	0.01394	0.01086	0.00533	0.00424	0.00137	0.00423	0.00437	0.02484	0.00647
14	0.00643	0.00461	0.00654	0.00647	0.00696	0.00525	0.00476	0.00727	0.00664	0.00940	0.01137	0.01876	0.01134	0.21042	0.54217	0.09075	0.04026	0.00486	0.00232	0.00341
15	0.00739	0.00557	0.02551	0.00726	0.06551	0.01650	0.00471	0.02024	0.02467	0.05990	0.05212	0.27590	0.09830	0.29192	0.01067	0.00242	0.00348	0.00792	0.01606	0.00393

[dist]
# distance from previous block
# <min> <max>
1	4

[block]
# block no. 4 follows, 61 sequences, length 22
# corresponding to MSA columns:
# 145-149,151-167
name=unknown_E
#
# <colnr> <probs for GDERKNQSTAVLIFYWHMCP>
#	G	D	E	R	K	N	Q	S	T	A	V	L	I	F	Y	W	H	M	C	P
0	0.00933	0.05048	0.06069	0.48487	0.26320	0.01027	0.01222	0.03578	0.00935	0.01251	0.00779	0.01085	0.00608	0.00415	0.00421	0.00136	0.00551	0.00372	0.00204	0.00559
1	0.01117	0.48901	0.16571	0.03528	0.05981	0.05556	0.07096	0.04557	0.00962	0.01201	0.00689	0.00820	0.00575	0.00388	0.00343	0.00110	0.00535	0.00290	0.00200	0.00580
2	0.01425	0.25604	0.01533	0.01023	0.04292	0.36556	0.00810	0.15491	0.06905	0.01400	0.00793	0.00867	0.00644	0.00443	0.00369	0.00112	0.00592	0.00302	0.00263	0.00575
3	0.00892	0.07800	0.72625	0.01228	0.01835	0.01053	0.06017	0.01360	0.00913	0.01341	0.00767	0.00909	0.00552	0.00404	0.00406	0.00134	0.00630	0.00323	0.00184	0.00628
4	0.00644	0.00500	0.00630	0.02861	0.00806	0.00498	0.00497	0.00892	0.10581	0.01222	0.02256	0.44724	0.10026	0.01270	0.06672	0.00202	0.00354	0.09521	0.00378	0.05467
5	0.00583	0.00437	0.00571	0.00631	0.03084	0.00404	0.00443	0.00726	0.01011	0.01365	0.31950	0.33958	0.14823	0.01097	0.00528	0.00157	0.00247	0.07177	0.00421	0.00386
6	0.00536	0.00386	0.00508	0.00587	0.00626	0.00358	0.00399	0.00629	0.00883	0.01187	0.13256	0.71109	0.05382	0.01278	0.00543	0.00169	0.00243	0.01155	0.00410	0.00358
7	0.01609	0.02053	0.01221	0.01110	0.01332	0.83132	0.00832	0.01720	0.01221	0.01054	0.00666	0.00777	0.00555	0.00444	0.00388	0.00111	0.00777	0.00277	0.00222	0.00499
8	0.83761	0.00828	0.00651	0.00576	0.00846	0.00950	0.00475	0.01306	0.00757	0.05814	0.00653	0.00737	0.00495	0.00406	0.00275	0.00133	0.00335	0.00243	0.00279	0.00479
9	0.00541	0.00437	0.00481	0.00479	0.00608	0.00378	0.00360	0.00675	0.01037	0.01308	0.23941	0.06657	0.57228	0.01049	0.00513	0.00145	0.00221	0.03148	0.00419	0.00375
10	0.00546	0.00438	0.00487	0.00475	0.00604	0.00379	0.00356	0.00689	0.01069	0.01370	0.32744	0.03806	0.53491	0.01014	0.00509	0.00142	0.00213	0.00862	0.00427	0.00379
11	0.01074	0.01161	0.01300	0.01127	0.01170	0.17406	0.00921	0.01171	0.00770	0.01040	0.00585	0.00910	0.00563	0.00693	0.01212	0.00173	0.67695	0.00357	0.00195	0.00477
12	0.00864	0.02228	0.82630	0.01228	0.01864	0.01000	0.01592	0.01364	0.00909	0.01364	0.00773	0.00909	0.00546	0.00409	0.00409	0.00136	0.00637	0.00318	0.00182	0.00637
13	0.00864	0.00461	0.00467	0.00445	0.00563	0.00470	0.00339	0.06859	0.00986	0.01687	0.01378	0.01564	0.01077	0.00503	0.00311	0.00102	0.00221	0.00400	0.80878	0.00426
14	0.01210	0.74437	0.02124	0.00785	0.01135	0.12177	0.00749	0.01345	0.00920	0.01019	0.00607	0.00702	0.00553	0.00378	0.00291	0.00095	0.00501	0.00236	0.00189	0.00546
15	0.06013	0.00885	0.01250	0.65000	0.02567	0.04963	0.01091	0.10755	0.01012	0.01342	0.00784	0.01091	0.00586	0.00440	0.00419	0.00140	0.00558	0.00370	0.00226	0.00509
16	0.00631	0.00417	0.00536	0.00596	0.00666	0.00380	0.00421	0.00724	0.00888	0.06856	0.02638	0.61581	0.15281	0.01242	0.00538	0.00169	0.00261	0.05385	0.00409	0.00382
17	0.00550	0.00418	0.00513	0.00595	0.00640	0.01994	0.00407	0.00635	0.00861	0.01123	0.04345	0.71032	0.11102	0.01291	0.00542	0.00170	0.00259	0.02765	0.00398	0.00357
18	0.00866	0.00786	0.01220	0.67863	0.02594	0.00955	0.01085	0.06222	0.06619	0.01256	0.01061	0.01348	0.05369	0.00485	0.00436	0.00143	0.00531	0.00421	0.00236	0.00502
19	0.01304	0.01533	0.13784	0.01328	0.15360	0.31946	0.03876	0.07849	0.01156	0.08126	0.01051	0.06614	0.03139	0.00518	0.00424	0.00128	0.00598	0.00414	0.00274	0.00580
20	0.01264	0.09909	0.03796	0.02339	0.11329	0.03981	0.10304	0.21999	0.06575	0.10627	0.05783	0.03218	0.02153	0.00527	0.00443	0.01301	0.00470	0.00440	0.02919	0.00621
21	0.02720	0.17185	0.15016	0.05329	0.10136	0.13766	0.04106	0.02252	0.03879	0.04266	0.04444	0.05067	0.00885	0.00515	0.00496	0.00131	0.08613	0.00392	0.00245	0.00558

[dist]
# distance from previous block
# <min> <max>
1	21

[block]
# block no. 5 follows, 61 sequences, length 15
# corresponding to MSA columns:
# 189-203
name=unknown_F
#
# <colnr> <probs for GDERKNQSTAVLIFYWHMCP>
#	G	D	E	R	K	N	Q	S	T	A	V	L	I	F	Y	W	H	M	C	P
0	0.01116	0.03647	0.16052	0.01326	0.17722	0.03864	0.06681	0.05166	0.11282	0.11570	0.04137	0.05622	0.02707	0.00533	0.00469	0.00135	0.03481	0.00456	0.00310	0.03722
1	0.00754	0.00621	0.02180	0.00796	0.05334	0.05065	0.00546	0.03742	0.04179	0.04622	0.03096	0.59312	0.03677	0.01107	0.00539	0.00163	0.02478	0.00983	0.00379	0.00429
2	0.04068	0.16495	0.01258	0.00844	0.01146	0.25710	0.00685	0.07587	0.10233	0.01397	0.00850	0.00926	0.00688	0.00418	0.00352	0.00101	0.00494	0.00297	0.02511	0.23943
3	0.09251	0.32832	0.04782	0.00757	0.01097	0.01167	0.00689	0.09811	0.06100	0.15230	0.01072	0.01107	0.03515	0.02175	0.00385	0.00118	0.00411	0.00335	0.00309	0.08857
4	0.00831	0.04562	0.37729	0.09876	0.04631	0.00910	0.03760	0.01193	0.03940	0.01291	0.06759	0.04365	0.03387	0.04807	0.03722	0.00177	0.05573	0.01707	0.00239	0.00542
5	0.00625	0.00422	0.00492	0.00492	0.00499	0.00430	0.00288	0.00640	0.00633	0.00851	0.01337	0.02708	0.01518	0.76830	0.10158	0.00445	0.00490	0.00610	0.00258	0.00273
6	0.00749	0.00663	0.00947	0.00875	0.00913	0.00861	0.00701	0.00869	0.00692	0.01026	0.01023	0.10038	0.01038	0.01947	0.38653	0.00417	0.37432	0.00504	0.00230	0.00419
7	0.06543	0.00872	0.01079	0.00910	0.05496	0.00861	0.00702	0.22018	0.04418	0.47463	0.04169	0.01357	0.01039	0.00527	0.00426	0.00133	0.00393	0.00422	0.00469	0.00702
8	0.00536	0.00441	0.00456	0.00460	0.00595	0.00380	0.00342	0.00672	0.02556	0.01211	0.07318	0.09542	0.68757	0.01069	0.00503	0.00145	0.00222	0.00899	0.03525	0.00372
9	0.00618	0.00450	0.00633	0.00633	0.00689	0.00506	0.00464	0.00731	0.00675	0.00956	0.01208	0.01993	0.01207	0.25023	0.61541	0.00619	0.00957	0.00506	0.00239	0.00352
10	0.12671	0.00810	0.00994	0.00772	0.01099	0.00771	0.00638	0.12760	0.01279	0.61456	0.01470	0.01311	0.00945	0.00514	0.00412	0.00133	0.00377	0.00402	0.00486	0.00700
11	0.00682	0.00609	0.00823	0.04928	0.02044	0.05210	0.09163	0.00833	0.02983	0.01149	0.03247	0.48200	0.10959	0.06319	0.00624	0.00177	0.00360	0.00942	0.00350	0.00400
12	0.01893	0.00796	0.01039	0.00796	0.01131	0.00727	0.00658	0.12550	0.01338	0.71873	0.01611	0.01409	0.01022	0.00531	0.00433	0.00133	0.00381	0.00427	0.00520	0.00733
13	0.00535	0.00382	0.00512	0.00611	0.00641	0.00359	0.00418	0.00617	0.00835	0.01111	0.02369	0.79790	0.02827	0.01340	0.00553	0.00176	0.00259	0.05915	0.00400	0.00353
14	0.01493	0.00981	0.01084	0.00862	0.01149	0.02968	0.00700	0.48312	0.01643	0.17104	0.06307	0.04682	0.01120	0.00676	0.03554	0.00151	0.00445	0.00456	0.05656	0.00658

[dist]
# distance from previous block
# <min> <max>
0	1

[block]
# block no. 6 follows, 61 sequences, length 6
# corresponding to MSA columns:
# 205-210
name=unknown_G
#
# <colnr> <probs for GDERKNQSTAVLIFYWHMCP>
#	G	D	E	R	K	N	Q	S	T	A	V	L	I	F	Y	W	H	M	C	P
0	0.00731	0.00529	0.00647	0.00672	0.00756	0.00533	0.00477	0.15444	0.01047	0.01399	0.02126	0.69105	0.02457	0.01195	0.00528	0.00166	0.00291	0.01070	0.00406	0.00421
1	0.01355	0.00745	0.00885	0.00724	0.01001	0.00712	0.00581	0.08407	0.16729	0.36763	0.02207	0.02035	0.19557	0.00657	0.00445	0.00134	0.00334	0.00538	0.00459	0.05731
2	0.00855	0.00745	0.00871	0.00903	0.09175	0.09136	0.03243	0.05535	0.01031	0.03729	0.15013	0.04672	0.17030	0.07245	0.15914	0.00261	0.00534	0.03320	0.00333	0.00454
3	0.00708	0.00517	0.00588	0.00570	0.00624	0.00552	0.00370	0.00950	0.15595	0.01033	0.01408	0.02469	0.01465	0.60132	0.10911	0.00398	0.00486	0.00582	0.00290	0.00353
4	0.00945	0.01262	0.21146	0.08180	0.18432	0.06154	0.03205	0.01245	0.03917	0.01280	0.03164	0.05316	0.00859	0.00608	0.02428	0.00158	0.17497	0.00423	0.03227	0.00557
5	0.03345	0.20256	0.05777	0.00889	0.02723	0.05896	0.03734	0.06645	0.19281	0.14491	0.05355	0.01297	0.02637	0.00499	0.00392	0.00122	0.00429	0.00395	0.00342	0.05496

[dist]
# distance from previous block
# <min> <max>
2	34

[block]
# block no. 7 follows, 61 sequences, length 16
# corresponding to MSA columns:
# 245-260
name=unknown_H
#
# <colnr> <probs for GDERKNQSTAVLIFYWHMCP>
#	G	D	E	R	K	N	Q	S	T	A	V	L	I	F	Y	W	H	M	C	P
0	0.00623	0.00471	0.00584	0.00577	0.00694	0.00443	0.00450	0.00853	0.04866	0.01535	0.48034	0.03619	0.20585	0.00964	0.00520	0.00149	0.00245	0.13936	0.00443	0.00408
1	0.11433	0.04724	0.06651	0.02594	0.18564	0.07822	0.00922	0.19704	0.03101	0.12374	0.00933	0.01023	0.00698	0.00477	0.00477	0.00133	0.07069	0.00356	0.00312	0.00632
2	0.05481	0.21718	0.30187	0.01239	0.06909	0.01165	0.16431	0.03177	0.00961	0.06064	0.00803	0.00940	0.00609	0.00396	0.00390	0.00125	0.00562	0.00341	0.00223	0.02277
3	0.00625	0.00422	0.00520	0.00527	0.00556	0.00435	0.00340	0.00671	0.00679	0.00936	0.01479	0.08532	0.04473	0.50787	0.19662	0.03560	0.00548	0.00625	0.04321	0.00302
4	0.00619	0.00423	0.00483	0.00492	0.00510	0.00417	0.00298	0.00643	0.00683	0.00897	0.01676	0.05275	0.07833	0.70666	0.01914	0.00376	0.00396	0.05834	0.00284	0.00280
5	0.09505	0.44471	0.17986	0.00887	0.01287	0.04465	0.04594	0.01399	0.04692	0.04964	0.00801	0.00882	0.01623	0.00409	0.00335	0.00113	0.00495	0.00293	0.00225	0.00572
6	0.01472	0.03684	0.08210	0.03616	0.01259	0.13310	0.02664	0.05116	0.07377	0.36780	0.01427	0.07214	0.01096	0.00587	0.00437	0.00136	0.00467	0.04124	0.00398	0.00625
7	0.04080	0.00817	0.01041	0.00800	0.01133	0.00762	0.00661	0.15563	0.01356	0.66736	0.01557	0.01372	0.00994	0.00527	0.00429	0.00133	0.00384	0.00420	0.00509	0.00726
8	0.00652	0.00478	0.00633	0.00703	0.02653	0.01537	0.02092	0.02148	0.00910	0.03681	0.03805	0.54789	0.08671	0.03059	0.00577	0.00176	0.00302	0.12351	0.00392	0.00390
9	0.00912	0.14575	0.67875	0.01175	0.01764	0.01109	0.04175	0.01354	0.00908	0.01312	0.00750	0.00885	0.00550	0.00402	0.00393	0.00130	0.00613	0.00312	0.00183	0.00622
10	0.00832	0.00717	0.01179	0.64022	0.05756	0.00856	0.01055	0.01078	0.00880	0.04129	0.03612	0.06816	0.00921	0.02241	0.00509	0.02222	0.00519	0.01950	0.00233	0.00473
11	0.00679	0.00454	0.00561	0.00541	0.00662	0.00414	0.02451	0.00831	0.00998	0.05485	0.20389	0.17898	0.26442	0.00979	0.02362	0.00152	0.00259	0.00795	0.17246	0.00403
12	0.02401	0.21076	0.28544	0.05144	0.04536	0.06672	0.08557	0.06100	0.03512	0.01362	0.04181	0.01141	0.04066	0.00456	0.00396	0.00125	0.00548	0.00369	0.00235	0.00581
13	0.00928	0.07382	0.05421	0.05354	0.02575	0.04206	0.00651	0.10755	0.03652	0.07507	0.01817	0.37117	0.06554	0.00943	0.02010	0.00159	0.00389	0.01730	0.00360	0.00490
14	0.76037	0.00826	0.00689	0.02268	0.00903	0.00937	0.00499	0.01272	0.00760	0.04353	0.00647	0.00750	0.00500	0.00406	0.00301	0.00130	0.02008	0.00247	0.00271	0.06195
15	0.00719	0.00676	0.08728	0.04977	0.05407	0.00542	0.04022	0.00883	0.00881	0.05140	0.01936	0.43282	0.05281	0.05929	0.00605	0.00176	0.00361	0.06558	0.03466	0.00431

[dist]
# distance from previous block
# <min> <max>
5	9

[block]
# block no. 8 follows, 61 sequences, length 29
# corresponding to MSA columns:
# 272-300
name=unknown_I
#
# <colnr> <probs for GDERKNQSTAVLIFYWHMCP>
#	G	D	E	R	K	N	Q	S	T	A	V	L	I	F	Y	W	H	M	C	P
0	0.01486	0.15762	0.03176	0.00949	0.01272	0.13800	0.00801	0.46509	0.03994	0.03876	0.00978	0.03715	0.00765	0.00508	0.00402	0.00122	0.00508	0.00374	0.00353	0.00650
1	0.02481	0.06208	0.03486	0.01978	0.07720	0.01953	0.05387	0.06160	0.01064	0.04463	0.10859	0.02424	0.31925	0.00712	0.00445	0.00127	0.00350	0.00603	0.00342	0.11312
2	0.00852	0.13148	0.14243	0.05348	0.03496	0.04226	0.02821	0.04798	0.02638	0.02363	0.04967	0.31990	0.01644	0.02865	0.01674	0.00159	0.00433	0.01544	0.00306	0.00486
3	0.00527	0.00377	0.00502	0.00598	0.00625	0.00351	0.00400	0.00606	0.00836	0.01117	0.04627	0.82277	0.02883	0.01336	0.00549	0.00174	0.00249	0.01212	0.00402	0.00351
4	0.07676	0.02463	0.03121	0.03505	0.18992	0.06551	0.07470	0.03756	0.03100	0.04784	0.02292	0.26637	0.01429	0.01485	0.00471	0.00146	0.00434	0.02512	0.00309	0.02865
5	0.00574	0.00398	0.00488	0.00535	0.00554	0.00383	0.00336	0.00621	0.00754	0.01007	0.05180	0.42536	0.04052	0.39104	0.01290	0.00282	0.00323	0.00929	0.00340	0.00312
6	0.03045	0.00744	0.00987	0.00797	0.01066	0.00717	0.05477	0.05212	0.15022	0.38904	0.18517	0.01896	0.04427	0.00620	0.00454	0.00137	0.00349	0.00530	0.00471	0.00629
7	0.00921	0.00930	0.06590	0.16476	0.35918	0.00900	0.03228	0.01219	0.05837	0.02370	0.02853	0.05327	0.04076	0.06120	0.00597	0.00159	0.03588	0.02074	0.00253	0.00566
8	0.01707	0.00943	0.01109	0.00862	0.01189	0.00960	0.00708	0.35978	0.07253	0.40210	0.01487	0.01361	0.03085	0.00545	0.00435	0.00133	0.00407	0.00430	0.00479	0.00719
9	0.01051	0.01081	0.04850	0.15178	0.53797	0.06382	0.02966	0.01306	0.00963	0.02540	0.00808	0.01073	0.00662	0.00477	0.02424	0.00145	0.03082	0.00379	0.00214	0.00621
10	0.00540	0.00444	0.00477	0.00473	0.00606	0.00385	0.00353	0.00688	0.02530	0.01286	0.19749	0.07398	0.61467	0.01051	0.00509	0.00145	0.00219	0.00889	0.00416	0.00378
11	0.00640	0.00452	0.00544	0.00571	0.00669	0.00422	0.00417	0.00790	0.03752	0.05146	0.08209	0.37821	0.27799	0.01116	0.00530	0.00158	0.01588	0.04811	0.04173	0.00395
12	0.00556	0.00406	0.00485	0.00535	0.00584	0.00377	0.00357	0.00623	0.00814	0.01050	0.02555	0.40484	0.20829	0.23944	0.00988	0.00235	0.00294	0.04190	0.00362	0.00331
13	0.01298	0.10145	0.01843	0.01327	0.02526	0.23456	0.32228	0.09100	0.04636	0.05481	0.00873	0.01023	0.00671	0.00430	0.00463	0.00129	0.03133	0.00395	0.00260	0.00580
14	0.00878	0.00898	0.03735	0.60883	0.07321	0.00991	0.15627	0.02305	0.00914	0.01199	0.00791	0.01138	0.00596	0.00416	0.00444	0.00143	0.00598	0.00404	0.00201	0.00517
15	0.00520	0.00436	0.00453	0.00451	0.00589	0.00368	0.00337	0.00639	0.01005	0.01224	0.12869	0.05675	0.71809	0.01073	0.00510	0.00145	0.00217	0.00901	0.00408	0.00368
16	0.00933	0.00714	0.00849	0.00655	0.00973	0.00575	0.00524	0.04310	0.00986	0.06987	0.05491	0.05486	0.04598	0.00508	0.00378	0.00092	0.00319	0.05206	0.00315	0.60101
17	0.00577	0.00438	0.00573	0.00645	0.00682	0.00444	0.00450	0.00707	0.04313	0.01132	0.02282	0.72192	0.04518	0.01270	0.00598	0.00174	0.05380	0.02863	0.00389	0.00373
18	0.00954	0.01530	0.31889	0.01428	0.01892	0.04958	0.38263	0.01366	0.03470	0.01388	0.06109	0.02895	0.00894	0.00444	0.00465	0.00140	0.00640	0.00458	0.00232	0.00585
19	0.04889	0.00573	0.03772	0.00700	0.00801	0.00598	0.00560	0.00843	0.00739	0.03271	0.03736	0.06830	0.02889	0.10166	0.51818	0.00512	0.06126	0.00520	0.00260	0.00399
20	0.05875	0.00462	0.00484	0.00487	0.00626	0.00413	0.00372	0.00697	0.00988	0.01283	0.13179	0.07752	0.58935	0.01042	0.00501	0.00148	0.00236	0.05742	0.00400	0.00376
21	0.01555	0.01191	0.06280	0.03242	0.01417	0.01202	0.04700	0.60013	0.01768	0.11296	0.01081	0.01111	0.00763	0.01788	0.00460	0.00136	0.00486	0.00398	0.00408	0.00705
22	0.01048	0.03528	0.01819	0.04197	0.21005	0.04220	0.32565	0.03964	0.04918	0.02929	0.00980	0.06204	0.00825	0.00454	0.00465	0.00133	0.01663	0.00470	0.00253	0.08359
23	0.00602	0.00520	0.04566	0.00774	0.05699	0.00441	0.00547	0.00716	0.00853	0.01144	0.02180	0.61014	0.04292	0.01225	0.00579	0.03144	0.00306	0.10643	0.00370	0.00385
24	0.01139	0.15643	0.13892	0.01272	0.15864	0.10595	0.02785	0.03962	0.23044	0.03385	0.01065	0.02630	0.00846	0.00476	0.00414	0.00128	0.01569	0.00383	0.00283	0.00624
25	0.00716	0.00559	0.00683	0.00679	0.03252	0.02173	0.00483	0.06161	0.01092	0.01510	0.34356	0.29155	0.04742	0.00930	0.00491	0.00140	0.00274	0.01883	0.00406	0.10315
26	0.01155	0.22029	0.25610	0.01185	0.11419	0.05487	0.01880	0.09974	0.07185	0.06423	0.00933	0.03248	0.00739	0.00456	0.00389	0.00124	0.00519	0.00357	0.00263	0.00626
27	0.01498	0.12026	0.01371	0.00941	0.01252	0.03162	0.00788	0.54856	0.04945	0.06123	0.01010	0.01066	0.00755	0.02550	0.00513	0.00136	0.05577	0.00376	0.00381	0.00675
28	0.01087	0.04642	0.12153	0.07950	0.30330	0.06120	0.10918	0.06251	0.13449	0.01477	0.00951	0.01112	0.00740	0.00430	0.00428	0.00133	0.00545	0.00394	0.00255	0.00635

[dist]
# distance from previous block
# <min> <max>
0	25

[block]
# block no. 9 follows, 61 sequences, length 17
# corresponding to MSA columns:
# 326-342
name=unknown_J
#
# <colnr> <probs for GDERKNQSTAVLIFYWHMCP>
#	G	D	E	R	K	N	Q	S	T	A	V	L	I	F	Y	W	H	M	C	P
0	0.06535	0.27043	0.07569	0.05378	0.19420	0.19796	0.00957	0.03533	0.01013	0.04019	0.00731	0.00869	0.00600	0.00407	0.00361	0.00115	0.00551	0.00301	0.00223	0.00578
1	0.03101	0.00414	0.00510	0.00566	0.00630	0.00386	0.00396	0.00664	0.00902	0.01219	0.13713	0.51084	0.16198	0.04412	0.00594	0.00173	0.00253	0.04020	0.00401	0.00362
2	0.03796	0.09496	0.05819	0.01146	0.13198	0.06276	0.03182	0.07606	0.01921	0.06674	0.07869	0.07236	0.01163	0.03937	0.05738	0.00184	0.13467	0.00468	0.00286	0.00538
3	0.03271	0.03999	0.33773	0.01417	0.15954	0.06432	0.09269	0.07048	0.02779	0.06024	0.00950	0.05451	0.00762	0.00469	0.00425	0.00134	0.00566	0.00405	0.00251	0.00621
4	0.00754	0.02461	0.01023	0.00953	0.05778	0.00606	0.14448	0.03697	0.00954	0.03899	0.04263	0.43388	0.07981	0.01033	0.01891	0.00169	0.00384	0.05513	0.00357	0.00446
5	0.00544	0.00389	0.00496	0.00568	0.00601	0.00364	0.00376	0.00618	0.00830	0.01105	0.07334	0.62872	0.07538	0.13293	0.00781	0.00206	0.00269	0.01092	0.00385	0.00341
6	0.02634	0.32943	0.33990	0.01064	0.04470	0.04051	0.04056	0.03272	0.02736	0.03050	0.00806	0.01000	0.00655	0.00428	0.00369	0.00121	0.00544	0.02999	0.00215	0.00594
7	0.05438	0.10969	0.28630	0.07598	0.06116	0.07301	0.10268	0.03872	0.02540	0.06494	0.00867	0.03046	0.00677	0.00454	0.00446	0.00133	0.03956	0.00369	0.00237	0.00588
8	0.13184	0.00748	0.00909	0.00727	0.01017	0.00713	0.00590	0.08227	0.02555	0.54274	0.01501	0.04572	0.01050	0.03286	0.00466	0.00142	0.00360	0.00439	0.04587	0.00651
9	0.00782	0.00696	0.01098	0.04269	0.31889	0.00687	0.03966	0.00990	0.03517	0.01265	0.01874	0.31741	0.11085	0.00850	0.00490	0.00151	0.00384	0.03447	0.00315	0.00504
10	0.01186	0.07046	0.15689	0.09004	0.20742	0.03944	0.10224	0.13922	0.04761	0.07947	0.00935	0.01072	0.00699	0.00433	0.00423	0.00131	0.00544	0.00382	0.00274	0.00641
11	0.01218	0.13882	0.01330	0.01072	0.10267	0.10787	0.03100	0.18428	0.06611	0.06506	0.07676	0.06107	0.04112	0.00581	0.00468	0.00129	0.04677	0.00461	0.02004	0.00583
12	0.00627	0.00427	0.00573	0.00582	0.00615	0.00456	0.00399	0.00675	0.00663	0.00915	0.01291	0.09138	0.01382	0.34933	0.34944	0.10540	0.00698	0.00581	0.00252	0.00310
13	0.01075	0.01618	0.36594	0.03657	0.05959	0.09150	0.06936	0.15018	0.03134	0.01568	0.03901	0.02668	0.00823	0.02564	0.00484	0.00141	0.01807	0.00394	0.01905	0.00604
14	0.04846	0.01820	0.09944	0.00905	0.08408	0.02740	0.00705	0.06821	0.03664	0.07110	0.17515	0.11544	0.11391	0.00904	0.05977	0.00176	0.01967	0.00612	0.00354	0.02598
15	0.03161	0.06731	0.03549	0.00744	0.00997	0.02540	0.02081	0.08314	0.03889	0.29650	0.10907	0.05012	0.06359	0.00866	0.08108	0.00183	0.00436	0.00508	0.05389	0.00575
16	0.00997	0.08056	0.31775	0.02602	0.06226	0.02477	0.04650	0.09801	0.04576	0.03768	0.10158	0.01375	0.03351	0.02693	0.00464	0.00135	0.00498	0.00415	0.00280	0.05703

[dist]
# distance from previous block
# <min> <max>
3	21

[block]
# block no. 10 follows, 61 sequences, length 23
# corresponding to MSA columns:
# 366-388
name=unknown_K
#
# <colnr> <probs for GDERKNQSTAVLIFYWHMCP>
#	G	D	E	R	K	N	Q	S	T	A	V	L	I	F	Y	W	H	M	C	P
0	0.00887	0.11042	0.20012	0.00868	0.01137	0.03673	0.03889	0.04652	0.02083	0.05599	0.01508	0.31165	0.01569	0.01890	0.00516	0.02337	0.00434	0.05931	0.00312	0.00495
1	0.02498	0.00952	0.00993	0.00859	0.01081	0.10810	0.03725	0.07627	0.32362	0.08697	0.17232	0.01725	0.01630	0.00697	0.03274	0.00156	0.02366	0.00499	0.02233	0.00586
2	0.00681	0.00477	0.00588	0.00591	0.00640	0.00495	0.00400	0.06800	0.00802	0.01083	0.01554	0.22181	0.01732	0.40054	0.16211	0.01841	0.00513	0.02711	0.00304	0.00343
3	0.01028	0.30100	0.44596	0.04646	0.01608	0.03170	0.01216	0.06640	0.00978	0.01317	0.00729	0.00851	0.00562	0.00404	0.00366	0.00121	0.00567	0.00295	0.00201	0.00605
4	0.00646	0.00511	0.00585	0.00546	0.00687	0.00479	0.00408	0.00921	0.10415	0.01469	0.36658	0.03194	0.29793	0.06443	0.00602	0.00155	0.00245	0.00751	0.00419	0.05076
5	0.00531	0.00382	0.00502	0.00596	0.00628	0.00356	0.00403	0.00610	0.00832	0.01102	0.02435	0.77103	0.06177	0.03074	0.00584	0.00179	0.00256	0.03502	0.00397	0.00350
6	0.01132	0.15854	0.10522	0.01411	0.10319	0.15924	0.26762	0.04915	0.01049	0.01302	0.00906	0.05049	0.02015	0.00452	0.00426	0.00128	0.00614	0.00421	0.00230	0.00570
7	0.01260	0.00856	0.06391	0.00820	0.01081	0.00771	0.01979	0.23342	0.01310	0.23590	0.02890	0.17157	0.07789	0.00778	0.00476	0.00147	0.00388	0.07960	0.00428	0.00589
8	0.00632	0.00420	0.00525	0.00563	0.00599	0.00407	0.00369	0.00706	0.01746	0.03959	0.05609	0.40598	0.02266	0.33943	0.03331	0.00280	0.00346	0.03011	0.00350	0.00338
9	0.01191	0.58399	0.01900	0.00825	0.01128	0.13895	0.00754	0.04409	0.00947	0.01087	0.00661	0.00800	0.00596	0.00600	0.05882	0.00142	0.05778	0.00268	0.00203	0.00535
10	0.01134	0.75969	0.05589	0.00767	0.01139	0.01632	0.00770	0.01360	0.06258	0.01081	0.00683	0.00762	0.00603	0.00385	0.00293	0.00098	0.00460	0.00251	0.00201	0.00565
11	0.00530	0.00383	0.00498	0.00583	0.00618	0.00355	0.00392	0.00611	0.00845	0.01123	0.05873	0.73736	0.07747	0.03764	0.00594	0.00179	0.00251	0.01168	0.00399	0.00351
12	0.00531	0.00380	0.00507	0.00603	0.00632	0.00355	0.00408	0.00613	0.00839	0.01120	0.04387	0.80449	0.02870	0.01334	0.00550	0.00175	0.00253	0.03241	0.00402	0.00353
13	0.01109	0.63208	0.19913	0.00856	0.01283	0.01533	0.00929	0.04771	0.00933	0.01165	0.00656	0.00754	0.00559	0.00384	0.00312	0.00104	0.00500	0.00257	0.00194	0.00579
14	0.00541	0.00437	0.00485	0.00504	0.00628	0.00381	0.00384	0.00666	0.00989	0.01224	0.11151	0.12629	0.57317	0.01110	0.00523	0.00154	0.00240	0.09861	0.00407	0.00370
15	0.00674	0.00477	0.00572	0.00541	0.00671	0.00439	0.00412	0.03172	0.02103	0.04683	0.45277	0.05567	0.26457	0.00922	0.00498	0.00140	0.00230	0.03075	0.03671	0.00417
16	0.06874	0.33457	0.34616	0.01048	0.04580	0.02656	0.04181	0.01374	0.00914	0.05607	0.00748	0.00856	0.00581	0.00398	0.00355	0.00119	0.00536	0.00295	0.00211	0.00596
17	0.01455	0.05428	0.01267	0.01112	0.03303	0.61257	0.00838	0.01672	0.08601	0.01129	0.00757	0.00875	0.00630	0.00485	0.00497	0.00122	0.09506	0.00308	0.00237	0.00520
18	0.00630	0.00420	0.00495	0.00495	0.00503	0.00428	0.00293	0.00638	0.00631	0.00848	0.01314	0.02650	0.01487	0.73607	0.10266	0.03677	0.00490	0.00601	0.00255	0.00271
19	0.71519	0.01027	0.06134	0.00656	0.00939	0.08624	0.00571	0.01307	0.00795	0.01803	0.00641	0.00747	0.00499	0.00408	0.00288	0.00130	0.00391	0.00248	0.02793	0.00479
20	0.01038	0.06581	0.01531	0.12320	0.30030	0.04270	0.06187	0.06556	0.03743	0.01345	0.00917	0.02445	0.02599	0.00577	0.02788	0.00155	0.14769	0.00408	0.01162	0.00578
21	0.05306	0.11354	0.31108	0.03509	0.14333	0.02696	0.05195	0.11107	0.01058	0.01516	0.03161	0.00998	0.00701	0.00432	0.00422	0.00128	0.02657	0.00346	0.00236	0.03737
22	0.01141	0.18082	0.16258	0.02389	0.09877	0.13503	0.03923	0.07559	0.01900	0.04313	0.00957	0.01197	0.03281	0.03558	0.01703	0.00147	0.07070	0.02333	0.00245	0.00567

[dist]
# distance from previous block
# <min> <max>
10	72

[block]
# block no. 11 follows, 61 sequences, length 18
# corresponding to MSA columns:
# 465-482
name=unknown_L
#
# <colnr> <probs for GDERKNQSTAVLIFYWHMCP>
#	G	D	E	R	K	N	Q	S	T	A	V	L	I	F	Y	W	H	M	C	P
0	0.06128	0.21769	0.38971	0.01043	0.01506	0.02877	0.06480	0.04051	0.00949	0.04626	0.00901	0.01014	0.03547	0.00473	0.01379	0.00134	0.03006	0.00336	0.00222	0.00589
1	0.00795	0.10727	0.16010	0.02051	0.04406	0.00736	0.02460	0.01046	0.03330	0.04110	0.18261	0.22303	0.04767	0.00799	0.00464	0.00142	0.00376	0.04371	0.00337	0.02508
2	0.02328	0.14049	0.25455	0.04345	0.07899	0.03543	0.12671	0.02647	0.00980	0.05523	0.05991	0.03015	0.03444	0.00539	0.02374	0.00141	0.00546	0.00412	0.00249	0.03850
3	0.02297	0.06931	0.43151	0.01112	0.04024	0.00999	0.04069	0.08373	0.04454	0.02701	0.02231	0.02630	0.02026	0.00508	0.00443	0.00135	0.02642	0.05360	0.00253	0.05660
4	0.03714	0.00755	0.10128	0.00686	0.00891	0.02469	0.04165	0.00969	0.03224	0.04883	0.29829	0.06905	0.21087	0.06388	0.00592	0.00158	0.00327	0.00696	0.00379	0.01757
5	0.03960	0.13527	0.31063	0.01290	0.12147	0.01081	0.10668	0.06433	0.04873	0.01459	0.05212	0.01222	0.04285	0.00463	0.00412	0.00130	0.00530	0.00396	0.00246	0.00603
6	0.00652	0.00475	0.00587	0.00633	0.00704	0.00464	0.00443	0.09836	0.00974	0.01290	0.02363	0.69160	0.08305	0.01235	0.00533	0.00168	0.00273	0.01105	0.00403	0.00395
7	0.01428	0.10414	0.05745	0.01036	0.05727	0.14608	0.00838	0.30931	0.01394	0.09768	0.00916	0.00974	0.00686	0.00469	0.00442	0.00119	0.04491	0.00339	0.00325	0.09351
8	0.02005	0.02956	0.27381	0.01476	0.25347	0.00947	0.02495	0.06643	0.05324	0.03329	0.10222	0.01277	0.01064	0.00472	0.00432	0.00129	0.01432	0.00404	0.00270	0.06396
9	0.03397	0.06037	0.07941	0.01355	0.21044	0.10068	0.02480	0.15242	0.14085	0.02799	0.00973	0.01060	0.00755	0.00442	0.00400	0.00121	0.00489	0.00360	0.00295	0.10657
10	0.00962	0.01101	0.10688	0.01136	0.01224	0.01283	0.01012	0.04310	0.00744	0.01143	0.00608	0.00942	0.00570	0.00705	0.01258	0.00180	0.71064	0.00371	0.00198	0.00501
11	0.00979	0.00816	0.00939	0.00679	0.01057	0.00662	0.00546	0.10264	0.01024	0.01555	0.00797	0.00909	0.00649	0.00342	0.00332	0.00071	0.00337	0.00270	0.00275	0.77496
12	0.00531	0.00388	0.00500	0.00576	0.00622	0.00357	0.00392	0.00622	0.00880	0.01166	0.10074	0.67672	0.12084	0.01276	0.00541	0.00168	0.00242	0.01146	0.00407	0.00357
13	0.00806	0.00709	0.01076	0.01034	0.07978	0.02674	0.09863	0.03996	0.02080	0.01143	0.01047	0.01583	0.00976	0.11773	0.41968	0.00452	0.09694	0.00464	0.00238	0.00448
14	0.03688	0.05722	0.06703	0.04327	0.17547	0.11853	0.10636	0.09061	0.02301	0.09598	0.02062	0.03163	0.01683	0.00461	0.00430	0.00125	0.01779	0.00396	0.00282	0.08184
15	0.00561	0.00451	0.00501	0.00520	0.00633	0.00410	0.00379	0.00733	0.05681	0.01222	0.09602	0.24147	0.47263	0.03484	0.00565	0.00161	0.00242	0.02661	0.00404	0.00380
16	0.03492	0.00925	0.01675	0.30768	0.24663	0.00974	0.21215	0.01270	0.00951	0.04965	0.02557	0.01185	0.00728	0.00473	0.02206	0.00150	0.00583	0.00423	0.00229	0.00569
17	0.01154	0.04383	0.23212	0.01405	0.11917	0.15631	0.16691	0.03473	0.03926	0.07223	0.00945	0.04590	0.00755	0.00467	0.00453	0.00134	0.02381	0.00410	0.00251	0.00600

[dist]
# distance from previous block
# <min> <max>
0	3

[block]
# block no. 12 follows, 61 sequences, length 17
# corresponding to MSA columns:
# 486-502
name=unknown_M
#
# <colnr> <probs for GDERKNQSTAVLIFYWHMCP>
#	G	D	E	R	K	N	Q	S	T	A	V	L	I	F	Y	W	H	M	C	P
0	0.03994	0.35102	0.08575	0.03991	0.03123	0.03810	0.00799	0.09849	0.03072	0.04674	0.00779	0.00874	0.00629	0.00404	0.00358	0.00104	0.02069	0.00288	0.00250	0.17256
1	0.01211	0.08889	0.21258	0.01613	0.30514	0.01067	0.03633	0.11071	0.02599	0.12629	0.00950	0.01058	0.00707	0.00428	0.00413	0.00129	0.00516	0.00367	0.00277	0.00669
2	0.01032	0.04860	0.01032	0.00892	0.01018	0.27200	0.00697	0.02833	0.00890	0.01052	0.00888	0.01280	0.00824	0.05967	0.34153	0.00374	0.13956	0.00386	0.00225	0.00444
3	0.00989	0.04683	0.00906	0.00802	0.00935	0.23943	0.00611	0.01148	0.03999	0.03839	0.01175	0.07208	0.01143	0.11966	0.29095	0.00360	0.02678	0.03820	0.00266	0.00433
4	0.01096	0.07745	0.20249	0.01217	0.08955	0.00986	0.14337	0.13049	0.03180	0.08986	0.04288	0.06398	0.05228	0.01786	0.00467	0.00140	0.00505	0.00482	0.00303	0.00603
5	0.00731	0.00399	0.00566	0.00561	0.00561	0.00410	0.00370	0.00587	0.00576	0.00773	0.00855	0.01577	0.00894	0.16858	0.01770	0.68866	0.02816	0.00421	0.00201	0.00209
6	0.00633	0.00405	0.00594	0.00624	0.00659	0.00389	0.03418	0.00633	0.00743	0.01009	0.01707	0.48759	0.01957	0.01328	0.00934	0.30718	0.00309	0.00865	0.04012	0.00304
7	0.00841	0.00848	0.03958	0.56982	0.12227	0.02787	0.03841	0.01108	0.00897	0.01164	0.02600	0.03927	0.04118	0.02375	0.00479	0.00148	0.00543	0.00444	0.00218	0.00497
8	0.01082	0.23689	0.26315	0.04426	0.14112	0.06922	0.05125	0.05415	0.06540	0.01346	0.00811	0.00943	0.00638	0.00413	0.00384	0.00123	0.00554	0.00330	0.00223	0.00611
9	0.01119	0.01104	0.01722	0.06044	0.08092	0.08137	0.27620	0.04444	0.03351	0.06269	0.00830	0.01079	0.00663	0.00521	0.00762	0.00153	0.26866	0.00420	0.00241	0.00560
10	0.08026	0.00586	0.00663	0.00671	0.00790	0.00616	0.00498	0.06495	0.15027	0.01418	0.03673	0.37376	0.06655	0.07201	0.00621	0.00181	0.00312	0.08359	0.00389	0.00444
11	0.00882	0.03297	0.04915	0.00976	0.09403	0.00722	0.06977	0.08335	0.03477	0.06714	0.07229	0.21229	0.19456	0.00836	0.00515	0.00147	0.03299	0.00729	0.00359	0.00504
12	0.01141	0.05133	0.17784	0.04099	0.13228	0.12455	0.04983	0.07111	0.05675	0.08802	0.02242	0.07252	0.04357	0.00551	0.00462	0.00135	0.03258	0.00454	0.00288	0.00590
13	0.00608	0.00436	0.00552	0.00594	0.00623	0.00442	0.00395	0.03050	0.00787	0.01059	0.01891	0.49307	0.02212	0.27090	0.06075	0.00280	0.02975	0.00943	0.00341	0.00340
14	0.06031	0.04077	0.00664	0.02379	0.00725	0.00546	0.00442	0.00816	0.02204	0.04828	0.03489	0.37588	0.01951	0.22825	0.06657	0.00264	0.02996	0.00811	0.00332	0.00376
15	0.03882	0.13620	0.15990	0.03755	0.13670	0.13191	0.04951	0.10738	0.03900	0.07318	0.00936	0.04499	0.00756	0.00470	0.00402	0.00126	0.00541	0.00379	0.00270	0.00606
16	0.01077	0.03744	0.04233	0.04648	0.09256	0.20071	0.07983	0.07726	0.04146	0.02530	0.07106	0.14966	0.02885	0.04159	0.00556	0.00149	0.03397	0.00554	0.00298	0.00515

[dist]
# distance from previous block
# <min> <max>
3	25

[block]
# block no. 13 follows, 61 sequences, length 34
# corresponding to MSA columns:
# 528-561
name=unknown_N
#
# <colnr> <probs for GDERKNQSTAVLIFYWHMCP>
#	G	D	E	R	K	N	Q	S	T	A	V	L	I	F	Y	W	H	M	C	P
0	0.03541	0.05706	0.06064	0.00858	0.04861	0.00828	0.00684	0.09334	0.16369	0.07988	0.08486	0.13120	0.04197	0.00771	0.03239	0.00155	0.01462	0.03304	0.00367	0.08667
1	0.01043	0.02250	0.21038	0.02593	0.32380	0.06258	0.02234	0.05173	0.05189	0.03442	0.05408	0.04460	0.00952	0.00476	0.00424	0.00129	0.00510	0.00416	0.00260	0.05366
2	0.00549	0.00390	0.00490	0.00558	0.00586	0.00368	0.00363	0.00611	0.00796	0.01055	0.03841	0.58852	0.07611	0.20730	0.00928	0.00229	0.00286	0.01057	0.00369	0.00331
3	0.00763	0.05261	0.01026	0.14347	0.12239	0.00751	0.01831	0.02054	0.00818	0.01115	0.03094	0.05342	0.05773	0.11484	0.28460	0.00358	0.04087	0.00508	0.00247	0.00444
4	0.00956	0.00888	0.01375	0.41441	0.19528	0.03456	0.02457	0.01188	0.00884	0.04348	0.00858	0.01160	0.02478	0.00492	0.00598	0.00145	0.14882	0.00392	0.00216	0.02255
5	0.01243	0.08880	0.16156	0.01336	0.15215	0.10282	0.06505	0.24861	0.02685	0.01709	0.00891	0.02965	0.00706	0.00455	0.00411	0.00125	0.00545	0.00373	0.00281	0.04376
6	0.00588	0.00454	0.00540	0.00531	0.00646	0.00415	0.00397	0.00786	0.04264	0.01466	0.42524	0.11082	0.30651	0.00993	0.00512	0.00145	0.00223	0.02948	0.00438	0.00397
7	0.01445	0.00860	0.00920	0.00769	0.00997	0.10047	0.00610	0.12307	0.01204	0.34559	0.02591	0.08281	0.01147	0.02749	0.00513	0.00138	0.04819	0.00477	0.14979	0.00589
8	0.03060	0.03255	0.01479	0.28287	0.25799	0.05881	0.06471	0.05224	0.03773	0.05598	0.00868	0.01126	0.00683	0.01907	0.00505	0.00141	0.04734	0.00388	0.00242	0.00578
9	0.01017	0.00945	0.03390	0.20530	0.27605	0.02399	0.02259	0.09286	0.14622	0.01493	0.01165	0.03924	0.02303	0.00551	0.00470	0.01946	0.00483	0.04733	0.00286	0.00593
10	0.00653	0.00441	0.00527	0.00554	0.00657	0.00397	0.00396	0.00779	0.02804	0.07733	0.04458	0.42861	0.32068	0.01144	0.00517	0.00158	0.00248	0.01001	0.02209	0.00396
