[name]
unknown

[dist]
# distance from previous block
# <min> <max>
0	30

[block]
# block no. 0 follows, 68 sequences, length 14
# corresponding to MSA columns:
# 30-43
name=unknown_A
#
# <colnr> <probs for GDERKNQSTAVLIFYWHMCP>
#	G	D	E	R	K	N	Q	S	T	A	V	L	I	F	Y	W	H	M	C	P
0	0.06060	0.10487	0.13071	0.02664	0.11413	0.08235	0.07170	0.04401	0.03455	0.06741	0.04316	0.05723	0.05226	0.00633	0.00459	0.00152	0.00498	0.07277	0.00317	0.01705
1	0.00652	0.01694	0.09227	0.00693	0.02720	0.02201	0.00564	0.02443	0.00727	0.01013	0.04689	0.04426	0.05243	0.19843	0.36984	0.00403	0.04175	0.00485	0.01447	0.00373
2	0.03334	0.41878	0.04591	0.00898	0.03723	0.25038	0.04074	0.05850	0.03435	0.01112	0.00679	0.02480	0.00588	0.00393	0.00319	0.00100	0.00515	0.00276	0.00207	0.00509
3	0.00589	0.00401	0.00562	0.00562	0.00602	0.00440	0.00401	0.00641	0.00601	0.00841	0.01051	0.01780	0.01063	0.25189	0.48392	0.15168	0.00759	0.00452	0.00213	0.00293
4	0.04381	0.32353	0.10641	0.00881	0.03343	0.03026	0.03328	0.24023	0.08602	0.02942	0.02425	0.00906	0.00693	0.00414	0.00340	0.00109	0.00440	0.00309	0.00270	0.00575
5	0.01052	0.82528	0.02040	0.00694	0.01019	0.01553	0.00687	0.01177	0.00797	0.00934	0.00550	0.00646	0.00509	0.00355	0.00301	0.00089	0.04177	0.00218	0.00170	0.00506
6	0.00505	0.00393	0.00460	0.00465	0.00564	0.00347	0.00340	0.00632	0.00958	0.01252	0.32993	0.18359	0.39359	0.00976	0.00475	0.00135	0.00201	0.00845	0.00393	0.00347
7	0.02579	0.05701	0.24914	0.02284	0.09051	0.00870	0.06290	0.03300	0.19315	0.05242	0.05305	0.09024	0.03342	0.00532	0.00402	0.00128	0.00426	0.00459	0.00285	0.00551
8	0.00823	0.00675	0.00832	0.06900	0.04181	0.00569	0.00535	0.04202	0.00887	0.03118	0.04539	0.04351	0.05936	0.00421	0.00337	0.00082	0.00309	0.00351	0.02655	0.58296
9	0.00627	0.00543	0.03903	0.00632	0.03186	0.00483	0.00475	0.03675	0.08574	0.01298	0.19286	0.28788	0.18062	0.00907	0.00461	0.00138	0.00258	0.04004	0.01907	0.02795
10	0.00897	0.06934	0.08455	0.00755	0.04924	0.02074	0.00629	0.07307	0.04063	0.02721	0.01067	0.01135	0.08226	0.00401	0.00334	0.00086	0.00348	0.00320	0.00257	0.49066
11	0.00608	0.00607	0.03808	0.00640	0.03209	0.05639	0.03455	0.00732	0.00873	0.01091	0.04708	0.24639	0.40711	0.00916	0.00475	0.00135	0.02054	0.00786	0.00330	0.04583
12	0.04602	0.13636	0.16904	0.02675	0.02712	0.15997	0.07074	0.13111	0.06476	0.05162	0.03910	0.00965	0.00731	0.00417	0.00364	0.00113	0.00500	0.00325	0.00257	0.04070
13	0.01983	0.10496	0.16957	0.00882	0.04267	0.01850	0.00792	0.13649	0.21250	0.03019	0.02330	0.10460	0.04624	0.00576	0.00415	0.00127	0.02393	0.01971	0.00308	0.01652

[dist]
# distance from previous block
# <min> <max>
0	11

[block]
# block no. 1 follows, 68 sequences, length 61
# corresponding to MSA columns:
# 55-115
name=unknown_B
#
# <colnr> <probs for GDERKNQSTAVLIFYWHMCP>
#	G	D	E	R	K	N	Q	S	T	A	V	L	I	F	Y	W	H	M	C	P
0	0.06579	0.11973	0.27236	0.00987	0.06426	0.05592	0.03912	0.10012	0.04972	0.01404	0.04084	0.00947	0.00712	0.00429	0.01437	0.00116	0.00473	0.00312	0.00234	0.12162
1	0.10153	0.18937	0.01062	0.00682	0.00916	0.12682	0.00562	0.04778	0.03471	0.03419	0.06709	0.08547	0.06935	0.00534	0.00386	0.00107	0.03964	0.00406	0.00269	0.15481
2	0.04408	0.01324	0.36147	0.01011	0.01422	0.02150	0.15211	0.02604	0.02743	0.04698	0.10943	0.01227	0.02743	0.00436	0.00392	0.00118	0.00480	0.00385	0.00245	0.11313
3	0.00487	0.00354	0.00460	0.00535	0.00573	0.00327	0.00363	0.00568	0.00798	0.01059	0.08185	0.72722	0.09727	0.01190	0.00500	0.00156	0.00224	0.01072	0.00373	0.00327
4	0.02880	0.00443	0.00469	0.00435	0.00563	0.00441	0.00335	0.03323	0.02720	0.10139	0.02706	0.01456	0.01041	0.00471	0.00299	0.00098	0.00213	0.00376	0.71173	0.00417
5	0.02373	0.08431	0.04850	0.07515	0.10534	0.02636	0.36451	0.04912	0.02273	0.06700	0.02018	0.01028	0.00664	0.00379	0.00431	0.00122	0.02764	0.00388	0.00231	0.05299
6	0.00469	0.00402	0.00402	0.00402	0.00536	0.00335	0.00301	0.00569	0.00904	0.01071	0.04017	0.03816	0.83432	0.01004	0.00469	0.00134	0.00201	0.00837	0.00368	0.00335
7	0.00628	0.00426	0.00597	0.00655	0.00732	0.00407	0.02111	0.00756	0.00851	0.05610	0.02126	0.43352	0.04034	0.01116	0.00516	0.00167	0.00301	0.34880	0.00370	0.00364
8	0.00575	0.00422	0.00624	0.00624	0.00696	0.00490	0.00485	0.00718	0.00646	0.00947	0.01073	0.01554	0.00992	0.02854	0.80482	0.00611	0.01020	0.00422	0.04407	0.00355
9	0.01208	0.18602	0.01301	0.00868	0.02027	0.04838	0.02889	0.30602	0.30266	0.01766	0.01083	0.01067	0.00820	0.00462	0.00370	0.00117	0.00409	0.00358	0.00336	0.00610
10	0.01821	0.50232	0.22025	0.00842	0.02711	0.03990	0.01828	0.02406	0.02850	0.01103	0.02216	0.00778	0.00595	0.00365	0.00305	0.00098	0.00462	0.00258	0.00189	0.04926
11	0.00870	0.15401	0.62537	0.01106	0.03029	0.03714	0.05585	0.01255	0.00848	0.01196	0.00688	0.00816	0.00511	0.00369	0.00362	0.00119	0.00567	0.00289	0.00171	0.00568
12	0.00568	0.00420	0.00615	0.00615	0.00678	0.00483	0.00467	0.00694	0.00631	0.00904	0.01083	0.01672	0.01041	0.12146	0.75390	0.00609	0.00987	0.00442	0.00215	0.00341
13	0.00970	0.00937	0.05406	0.10971	0.59782	0.00898	0.02675	0.02557	0.01969	0.04996	0.00897	0.02762	0.02594	0.00402	0.00398	0.00122	0.00467	0.00382	0.00219	0.00594
14	0.00908	0.01135	0.17273	0.06819	0.11758	0.02469	0.23099	0.04655	0.14077	0.01327	0.00994	0.06536	0.00825	0.00474	0.00468	0.00133	0.04895	0.01361	0.00244	0.00548
15	0.00739	0.00518	0.00645	0.00637	0.02633	0.02147	0.01504	0.01905	0.09563	0.09455	0.31327	0.28054	0.07561	0.00867	0.00461	0.00137	0.00255	0.00766	0.00399	0.00425
16	0.00670	0.00482	0.00624	0.00671	0.00774	0.00482	0.00555	0.02575	0.06789	0.03030	0.06187	0.12606	0.08948	0.04006	0.00568	0.00174	0.00326	0.49777	0.00371	0.00386
17	0.66581	0.02780	0.00758	0.03871	0.00938	0.00970	0.00524	0.16830	0.00912	0.01869	0.00635	0.00719	0.00482	0.00389	0.00281	0.00121	0.00343	0.00247	0.00270	0.00479
18	0.00528	0.00412	0.00501	0.00530	0.00615	0.00399	0.00386	0.00689	0.05771	0.01084	0.06192	0.34408	0.29777	0.01380	0.14188	0.00227	0.00361	0.01852	0.00348	0.00353
19	0.00821	0.00449	0.00579	0.00574	0.00670	0.00420	0.00411	0.00935	0.03138	0.19867	0.02973	0.40662	0.03765	0.16977	0.00761	0.00193	0.00291	0.04631	0.01485	0.00399
20	0.00789	0.00779	0.01067	0.52278	0.05403	0.09978	0.02676	0.00997	0.00841	0.01040	0.03516	0.13973	0.02601	0.01868	0.00439	0.00136	0.00486	0.00486	0.00222	0.00427
21	0.10592	0.00719	0.00918	0.05355	0.02721	0.00688	0.00614	0.04176	0.07595	0.58416	0.01363	0.01240	0.00893	0.00469	0.00381	0.00123	0.00347	0.00375	0.00427	0.02587
22	0.00502	0.00359	0.00477	0.00558	0.00593	0.00337	0.00387	0.00586	0.00793	0.01058	0.07029	0.71267	0.04251	0.02625	0.00532	0.00164	0.00240	0.07545	0.00370	0.00328
23	0.00595	0.00451	0.00665	0.00701	0.00786	0.00436	0.05518	0.00739	0.00852	0.01118	0.03343	0.31534	0.04993	0.04539	0.00585	0.00178	0.00331	0.41929	0.00352	0.00355
24	0.01161	0.01085	0.08630	0.02714	0.24886	0.06187	0.15575	0.15085	0.03365	0.12426	0.02432	0.02951	0.00775	0.00428	0.00408	0.00123	0.00494	0.00396	0.00282	0.00597
25	0.01052	0.00950	0.04472	0.05021	0.26943	0.08405	0.09602	0.09498	0.01046	0.10250	0.08371	0.10417	0.01143	0.00524	0.00417	0.00125	0.00452	0.00476	0.00288	0.00547
26	0.08441	0.09742	0.10112	0.04720	0.26101	0.19248	0.06786	0.03104	0.00922	0.01221	0.00718	0.03216	0.00608	0.00406	0.00393	0.00117	0.03078	0.00330	0.00205	0.00531
27	0.00795	0.02051	0.84011	0.01130	0.01716	0.00921	0.01465	0.01256	0.00837	0.01256	0.00712	0.00837	0.00502	0.00377	0.00377	0.00126	0.00586	0.00293	0.00167	0.00586
28	0.00620	0.00465	0.00667	0.00724	0.06047	0.00504	0.00499	0.00740	0.00736	0.02752	0.09798	0.18607	0.01627	0.11676	0.36279	0.00382	0.05182	0.02054	0.00275	0.00365
29	0.01492	0.01103	0.01181	0.00909	0.01224	0.01222	0.00750	0.79884	0.04276	0.02474	0.00972	0.00968	0.00690	0.00478	0.00397	0.00119	0.00433	0.00360	0.00397	0.00673
30	0.00882	0.11845	0.51208	0.02364	0.02986	0.02105	0.03939	0.01224	0.00857	0.05766	0.01930	0.05120	0.00692	0.00420	0.00368	0.00117	0.00509	0.00340	0.00207	0.07122
31	0.00749	0.00705	0.01189	0.85113	0.02731	0.00881	0.01101	0.01013	0.00793	0.01013	0.00705	0.01057	0.00529	0.00396	0.00396	0.00132	0.00529	0.00352	0.00176	0.00440
32	0.04157	0.00722	0.00939	0.00722	0.01028	0.00658	0.00596	0.10183	0.01197	0.73222	0.01473	0.01289	0.00935	0.00486	0.00394	0.00122	0.00347	0.00389	0.00474	0.00668
33	0.00530	0.00391	0.00545	0.00657	0.04504	0.00382	0.00434	0.00620	0.00754	0.01016	0.01943	0.63190	0.02268	0.05200	0.10082	0.00224	0.00351	0.06233	0.00336	0.00339
34	0.01028	0.03099	0.05362	0.03512	0.03001	0.06115	0.10117	0.02279	0.00871	0.19621	0.03749	0.03524	0.02576	0.06669	0.14324	0.02038	0.10924	0.00430	0.00281	0.00481
35	0.00605	0.00397	0.00501	0.00526	0.00610	0.00358	0.00377	0.00709	0.00885	0.08139	0.15902	0.45962	0.20188	0.01054	0.00483	0.00146	0.00228	0.02178	0.00390	0.00364
36	0.01021	0.00834	0.00877	0.00781	0.01000	0.03142	0.00608	0.03407	0.66912	0.06806	0.08767	0.01572	0.01390	0.00554	0.00407	0.00132	0.00317	0.00462	0.00406	0.00605
37	0.09372	0.06216	0.17734	0.00885	0.01225	0.05313	0.04124	0.22564	0.13785	0.10346	0.00998	0.01016	0.00723	0.00439	0.00368	0.00120	0.00439	0.00341	0.03401	0.00589
38	0.00934	0.06247	0.22391	0.08816	0.15154	0.03152	0.05627	0.04654	0.03131	0.07943	0.07331	0.08317	0.01041	0.00498	0.00397	0.00124	0.00454	0.00434	0.02821	0.00536
39	0.12896	0.00529	0.00617	0.00550	0.00716	0.00509	0.00428	0.01084	0.04345	0.19127	0.36118	0.04589	0.12463	0.02572	0.00456	0.00133	0.00251	0.01765	0.00405	0.00447
40	0.00472	0.00397	0.00410	0.00416	0.00540	0.00335	0.00308	0.00573	0.00899	0.01081	0.06015	0.10054	0.75113	0.01017	0.00471	0.00136	0.00203	0.00856	0.00370	0.00335
41	0.02412	0.16053	0.35363	0.04480	0.04147	0.08655	0.04034	0.05520	0.00936	0.09868	0.00816	0.02234	0.00629	0.02707	0.00406	0.00124	0.00518	0.00320	0.00226	0.00553
42	0.00847	0.00696	0.02743	0.00869	0.04054	0.02006	0.07863	0.01042	0.08746	0.04906	0.10472	0.33609	0.12800	0.00992	0.00536	0.00172	0.00364	0.06382	0.00404	0.00497
43	0.01037	0.00730	0.00732	0.00651	0.00819	0.13338	0.00499	0.06017	0.01098	0.21187	0.27504	0.13467	0.08099	0.00719	0.00432	0.00125	0.00326	0.00606	0.02147	0.00467
44	0.01099	0.00724	0.00870	0.00637	0.00976	0.00587	0.00516	0.06493	0.00966	0.21469	0.00930	0.00959	0.00689	0.00353	0.00326	0.00078	0.00314	0.00283	0.00308	0.61423
45	0.01712	0.00782	0.00986	0.00756	0.01066	0.00742	0.00625	0.21665	0.01314	0.63882	0.01414	0.01252	0.00906	0.00487	0.00398	0.00122	0.00362	0.00388	0.00468	0.00675
46	0.00735	0.04470	0.00928	0.00785	0.00814	0.00862	0.00620	0.00812	0.00621	0.00906	0.00869	0.05221	0.00919	0.21425	0.16517	0.00303	0.42171	0.00445	0.00205	0.00372
47	0.00566	0.00425	0.00637	0.00637	0.00708	0.00496	0.00496	0.00708	0.00637	0.00920	0.01062	0.01558	0.00991	0.02974	0.84494	0.00637	0.01062	0.00425	0.00212	0.00354
48	0.01017	0.00867	0.00914	0.00813	0.01043	0.01001	0.00635	0.06862	0.78071	0.01708	0.01575	0.01448	0.01179	0.00534	0.00403	0.00134	0.00321	0.00443	0.00403	0.00630
49	0.00897	0.00502	0.00628	0.00565	0.00731	0.00455	0.00445	0.01092	0.04837	0.24112	0.27618	0.05025	0.23556	0.00795	0.00453	0.00133	0.00253	0.07023	0.00425	0.00456
50	0.00683	0.00348	0.00522	0.00522	0.00526	0.00352	0.00352	0.00526	0.00522	0.00700	0.00706	0.01222	0.00703	0.01453	0.05501	0.84280	0.00379	0.00348	0.00174	0.00181
51	0.01242	0.01333	0.05697	0.00996	0.03365	0.39796	0.09952	0.02604	0.01046	0.12660	0.03314	0.01256	0.08627	0.00540	0.02279	0.00127	0.02018	0.00381	0.02273	0.00494
52	0.00575	0.00436	0.00648	0.00643	0.00711	0.00512	0.00500	0.00712	0.00635	0.00918	0.01052	0.01563	0.00989	0.04838	0.80361	0.00619	0.03298	0.00426	0.00212	0.00354
53	0.00777	0.00734	0.01241	0.75017	0.12604	0.00888	0.01115	0.01038	0.00806	0.01048	0.00710	0.01048	0.00541	0.00391	0.00396	0.00130	0.00522	0.00352	0.00179	0.00463
54	0.00592	0.00408	0.00536	0.00537	0.00585	0.00431	0.00374	0.00671	0.00656	0.03115	0.02739	0.08112	0.05332	0.36196	0.37480	0.00454	0.00653	0.00560	0.00253	0.00314
55	0.01072	0.17561	0.13105	0.11988	0.02789	0.23360	0.09830	0.04360	0.01845	0.01116	0.00699	0.00916	0.00577	0.00421	0.00436	0.00118	0.07042	0.02064	0.00199	0.00501
56	0.00530	0.00476	0.00453	0.00452	0.00583	0.04055	0.00337	0.00658	0.03172	0.01087	0.05009	0.09355	0.70497	0.00979	0.00465	0.00134	0.00228	0.00819	0.00363	0.00348
57	0.01992	0.00393	0.00477	0.00486	0.00573	0.00359	0.00353	0.00665	0.00957	0.01311	0.38850	0.25049	0.22689	0.00955	0.00469	0.00136	0.00204	0.00837	0.02895	0.00352
58	0.00842	0.02129	0.05911	0.06330	0.32326	0.00766	0.04104	0.02855	0.04813	0.03109	0.06936	0.05988	0.08056	0.02879	0.00483	0.00137	0.01963	0.07755	0.00270	0.02349
59	0.04519	0.05741	0.13878	0.03440	0.06700	0.11836	0.04161	0.06961	0.01691	0.11299	0.00790	0.00974	0.00629	0.03241	0.00665	0.01514	0.20867	0.00335	0.00241	0.00519
60	0.02294	0.00446	0.01733	0.00610	0.01931	0.01246	0.02708	0.00659	0.02503	0.01063	0.02289	0.59719	0.14464	0.03454	0.00530	0.00160	0.00263	0.03232	0.00351	0.00347

[dist]
# distance from previous block
# <min> <max>
1	33

[block]
# block no. 2 follows, 68 sequences, length 31
# corresponding to MSA columns:
# 149-179
name=unknown_C
#
# <colnr> <probs for GDERKNQSTAVLIFYWHMCP>
#	G	D	E	R	K	N	Q	S	T	A	V	L	I	F	Y	W	H	M	C	P
0	0.04054	0.10745	0.07869	0.06037	0.25559	0.06027	0.06033	0.04446	0.04198	0.09068	0.04193	0.01880	0.00813	0.00606	0.06642	0.00156	0.00510	0.00364	0.00249	0.00550
1	0.05017	0.26424	0.06101	0.02979	0.07854	0.08887	0.02526	0.05925	0.04941	0.05859	0.02192	0.06062	0.04326	0.05641	0.03526	0.00147	0.00455	0.00388	0.00252	0.00497
2	0.00503	0.00370	0.00467	0.00519	0.00575	0.00341	0.00363	0.00588	0.00817	0.01072	0.10832	0.50972	0.19607	0.02916	0.03013	0.02800	0.00254	0.03304	0.00362	0.00326
3	0.01053	0.12059	0.13353	0.00972	0.04639	0.25183	0.04395	0.03387	0.00997	0.01189	0.04853	0.10370	0.08184	0.01718	0.05670	0.00167	0.00561	0.00476	0.00269	0.00504
4	0.05968	0.17493	0.17855	0.06865	0.22192	0.04224	0.09128	0.01243	0.00864	0.05187	0.00733	0.00896	0.00577	0.00378	0.00386	0.00117	0.03027	0.00317	0.02004	0.00549
5	0.00813	0.07658	0.78559	0.01100	0.01670	0.00964	0.01413	0.01251	0.00835	0.01234	0.00701	0.00824	0.00503	0.00374	0.00369	0.00123	0.00575	0.00288	0.00168	0.00581
6	0.00495	0.00353	0.00471	0.00554	0.00580	0.00336	0.00374	0.00566	0.00747	0.01000	0.02083	0.76076	0.02478	0.05281	0.04825	0.00196	0.00282	0.02627	0.00354	0.00321
7	0.00976	0.43644	0.13969	0.03299	0.03055	0.04237	0.01937	0.03647	0.00894	0.05156	0.03026	0.02440	0.11292	0.00470	0.00335	0.00106	0.00426	0.00356	0.00229	0.00505
8	0.00684	0.00344	0.00515	0.00517	0.00518	0.00344	0.00345	0.00517	0.00522	0.00696	0.00723	0.03139	0.00733	0.01374	0.01526	0.86446	0.00342	0.00362	0.00177	0.00176
9	0.00621	0.00395	0.00465	0.00492	0.00564	0.00383	0.00351	0.04146	0.00879	0.01301	0.11110	0.40155	0.06263	0.00885	0.00418	0.00131	0.00217	0.00777	0.30088	0.00359
10	0.02983	0.41291	0.34026	0.00898	0.01325	0.05449	0.02858	0.03036	0.00865	0.03061	0.00655	0.00753	0.00521	0.00364	0.00319	0.00105	0.00503	0.00259	0.00185	0.00543
11	0.00982	0.07921	0.44090	0.02421	0.01598	0.06565	0.13114	0.11285	0.01922	0.02367	0.00770	0.00925	0.00576	0.00401	0.00406	0.00123	0.02431	0.01322	0.00213	0.00568
12	0.00554	0.00421	0.00486	0.00480	0.00571	0.00395	0.00345	0.00713	0.05038	0.01195	0.27037	0.07310	0.30056	0.19066	0.00801	0.00188	0.00250	0.04387	0.00363	0.00342
13	0.08468	0.00776	0.00885	0.00734	0.00998	0.00807	0.00590	0.08862	0.32302	0.35310	0.01551	0.01411	0.04474	0.00519	0.00391	0.00127	0.00329	0.00418	0.00424	0.00622
14	0.00544	0.00558	0.08873	0.00648	0.00759	0.00425	0.03409	0.00677	0.00799	0.01070	0.03944	0.55597	0.10244	0.01163	0.04459	0.00177	0.00325	0.05632	0.00336	0.00362
15	0.03782	0.19425	0.17273	0.00921	0.01255	0.24351	0.03746	0.07006	0.01023	0.14547	0.00799	0.00855	0.00597	0.00408	0.00371	0.00111	0.02445	0.00292	0.00250	0.00545
16	0.01346	0.01584	0.01064	0.00985	0.03035	0.62511	0.00730	0.01549	0.08922	0.03444	0.00778	0.00910	0.00643	0.03491	0.00467	0.00119	0.04791	0.00300	0.02857	0.00474
17	0.00821	0.00935	0.17580	0.00714	0.01062	0.00608	0.01922	0.01086	0.04739	0.05438	0.01149	0.08683	0.06362	0.00465	0.00354	0.00094	0.00350	0.00389	0.00263	0.46988
18	0.00981	0.00942	0.01609	0.02434	0.83592	0.00942	0.01217	0.01217	0.00903	0.01295	0.00746	0.00981	0.00628	0.00353	0.00393	0.00118	0.00471	0.00353	0.00196	0.00628
19	0.01482	0.01854	0.01127	0.01016	0.01226	0.80683	0.00766	0.05258	0.01157	0.01040	0.00628	0.00726	0.00518	0.00412	0.00359	0.00103	0.00702	0.00260	0.00213	0.00469
20	0.00567	0.00424	0.00631	0.00631	0.00700	0.00492	0.00488	0.00704	0.00635	0.00916	0.01067	0.01588	0.01004	0.05403	0.82083	0.00630	0.01042	0.00429	0.00213	0.00351
21	0.00936	0.01070	0.02340	0.01671	0.02072	0.01003	0.82152	0.01270	0.00936	0.01270	0.00802	0.01070	0.00602	0.00334	0.00468	0.00134	0.00668	0.00468	0.00201	0.00535
22	0.00473	0.00402	0.00407	0.00406	0.00538	0.00336	0.00304	0.00577	0.00913	0.01093	0.07363	0.03780	0.80071	0.00996	0.00469	0.00133	0.00200	0.00832	0.00371	0.00336
23	0.00679	0.00344	0.00514	0.00518	0.00519	0.00343	0.00346	0.00518	0.00528	0.00705	0.00762	0.05362	0.00784	0.01371	0.01498	0.84125	0.00339	0.00383	0.00182	0.00180
24	0.02400	0.01223	0.01196	0.00975	0.01199	0.23162	0.04754	0.31331	0.01245	0.01586	0.00735	0.00862	0.00583	0.00482	0.00578	0.00122	0.19135	0.00321	0.00272	0.07838
25	0.00595	0.00467	0.00692	0.00675	0.00739	0.00563	0.00531	0.00731	0.00634	0.00924	0.01011	0.01493	0.00947	0.02759	0.76647	0.00593	0.09012	0.00417	0.00209	0.00362
26	0.00766	0.00722	0.01220	0.79073	0.08638	0.00885	0.01110	0.01028	0.00801	0.01034	0.00708	0.01052	0.00536	0.00393	0.00396	0.00131	0.00524	0.00352	0.00178	0.00454
27	0.00965	0.01152	0.11145	0.01516	0.05596	0.00993	0.57448	0.08939	0.03105	0.01390	0.00915	0.01116	0.02937	0.00377	0.00446	0.00131	0.00606	0.00443	0.00225	0.00555
28	0.00994	0.00696	0.05261	0.02703	0.00961	0.04662	0.04974	0.04904	0.00974	0.23904	0.05377	0.33555	0.04072	0.00811	0.00452	0.00140	0.00346	0.04367	0.00374	0.00475
29	0.00485	0.00372	0.00444	0.00490	0.00562	0.00332	0.00343	0.00577	0.00847	0.01088	0.10394	0.47151	0.33266	0.01112	0.00488	0.00147	0.00215	0.00979	0.00374	0.00332
30	0.00512	0.00406	0.00503	0.00582	0.04762	0.00366	0.00388	0.00615	0.00863	0.01107	0.10420	0.38439	0.36304	0.01056	0.00482	0.00144	0.00228	0.02110	0.00366	0.00348

[dist]
# distance from previous block
# <min> <max>
4	25

[block]
# block no. 3 follows, 68 sequences, length 32
# corresponding to MSA columns:
# 205-236
name=unknown_D
#
# <colnr> <probs for GDERKNQSTAVLIFYWHMCP>
#	G	D	E	R	K	N	Q	S	T	A	V	L	I	F	Y	W	H	M	C	P
0	0.02565	0.22509	0.04402	0.00926	0.04798	0.13440	0.06988	0.12057	0.05681	0.01287	0.00987	0.08168	0.01707	0.00648	0.04979	0.00144	0.01518	0.04345	0.00255	0.02595
1	0.00624	0.00441	0.00535	0.00510	0.00607	0.00397	0.00350	0.00708	0.00771	0.03992	0.10367	0.24356	0.08426	0.28222	0.03540	0.00223	0.00312	0.00692	0.00312	0.14615
2	0.03238	0.04476	0.06723	0.04500	0.20398	0.06731	0.04879	0.04145	0.01938	0.06982	0.04235	0.05784	0.02500	0.00600	0.03190	0.00146	0.15353	0.00410	0.02351	0.01420
3	0.06202	0.00759	0.01108	0.46592	0.12868	0.05071	0.01955	0.01083	0.00841	0.05628	0.00963	0.05304	0.01905	0.02205	0.00434	0.00137	0.00476	0.05778	0.00227	0.00464
4	0.00813	0.07705	0.78513	0.01100	0.01669	0.00964	0.01412	0.01251	0.00835	0.01234	0.00701	0.00824	0.00503	0.00374	0.00368	0.00123	0.00575	0.00288	0.00168	0.00581
5	0.01706	0.00584	0.00657	0.05242	0.00809	0.08659	0.02726	0.00807	0.03738	0.00999	0.01517	0.29548	0.04250	0.17748	0.16389	0.00280	0.00492	0.00677	0.02818	0.00352
6	0.00801	0.02837	0.09365	0.00631	0.00951	0.00576	0.00556	0.01013	0.02958	0.03381	0.04827	0.03420	0.05324	0.05089	0.00424	0.00097	0.00322	0.00347	0.00258	0.56825
7	0.00493	0.00386	0.00441	0.00461	0.00551	0.00340	0.00329	0.00595	0.00884	0.01127	0.16605	0.26418	0.43688	0.05170	0.00554	0.00152	0.00216	0.00885	0.00373	0.00333
8	0.00580	0.00441	0.00537	0.00565	0.00657	0.00426	0.00425	0.02857	0.06848	0.01234	0.16095	0.32965	0.20469	0.01024	0.00488	0.00149	0.00249	0.13237	0.00382	0.00371
9	0.01144	0.20234	0.21428	0.04189	0.11076	0.05688	0.17069	0.02298	0.00992	0.05466	0.00935	0.02119	0.00776	0.00500	0.00461	0.00146	0.02341	0.02256	0.00259	0.00622
10	0.00962	0.02821	0.00885	0.04535	0.05836	0.00616	0.04413	0.05344	0.05712	0.19975	0.10203	0.19389	0.05553	0.00795	0.01983	0.00148	0.00347	0.09627	0.00372	0.00487
11	0.00661	0.00474	0.00642	0.00706	0.00802	0.00475	0.00601	0.04575	0.00963	0.01269	0.08967	0.10273	0.02357	0.01053	0.00531	0.00173	0.00343	0.64385	0.00373	0.00377
12	0.00487	0.00365	0.00440	0.00497	0.00551	0.00331	0.00337	0.00559	0.00786	0.01009	0.02650	0.54069	0.26646	0.08570	0.00627	0.00172	0.00235	0.00992	0.00357	0.00319
13	0.02806	0.43050	0.17529	0.00818	0.01174	0.03361	0.03360	0.10172	0.00952	0.04436	0.00883	0.03360	0.04455	0.00432	0.00341	0.00106	0.01690	0.00317	0.00225	0.00532
14	0.01031	0.30206	0.33613	0.02950	0.01391	0.05713	0.03959	0.09336	0.00958	0.04605	0.00743	0.02486	0.00588	0.00396	0.00344	0.00111	0.00508	0.00299	0.00212	0.00555
15	0.01060	0.86304	0.02078	0.00678	0.01018	0.01569	0.00678	0.01187	0.00806	0.00933	0.00551	0.00636	0.00509	0.00339	0.00254	0.00085	0.00424	0.00212	0.00170	0.00509
16	0.01266	0.00989	0.05411	0.00826	0.01116	0.04761	0.00691	0.26409	0.28084	0.15574	0.01253	0.03180	0.00924	0.00495	0.00391	0.00121	0.00385	0.00395	0.00381	0.07348
17	0.00981	0.00942	0.01609	0.02434	0.83592	0.00942	0.01217	0.01217	0.00903	0.01295	0.00746	0.00981	0.00628	0.00353	0.00393	0.00118	0.00471	0.00353	0.00196	0.00628
18	0.01481	0.01890	0.01124	0.01021	0.01226	0.84474	0.00766	0.01583	0.01124	0.00970	0.00613	0.00715	0.00511	0.00409	0.00358	0.00102	0.00715	0.00255	0.00204	0.00460
19	0.00647	0.00544	0.00793	0.00746	0.00798	0.00689	0.00596	0.00774	0.00629	0.00930	0.00916	0.01372	0.00864	0.02360	0.62091	0.00512	0.23758	0.00404	0.00202	0.00375
20	0.00867	0.00867	0.01214	0.01041	0.01041	0.01214	0.00867	0.00954	0.00607	0.00954	0.00520	0.00867	0.00520	0.00694	0.01301	0.00173	0.85340	0.00347	0.00173	0.00434
21	0.00672	0.00453	0.00582	0.00529	0.00645	0.00425	0.00403	0.04596	0.01157	0.06128	0.75087	0.02780	0.03448	0.00778	0.00461	0.00124	0.00207	0.00683	0.00438	0.00404
22	0.00689	0.00344	0.00517	0.00517	0.00517	0.00344	0.00344	0.00517	0.00517	0.00689	0.00689	0.01205	0.00689	0.01377	0.01550	0.88464	0.00344	0.00344	0.00172	0.00172
23	0.03666	0.01043	0.01123	0.00875	0.01177	0.01147	0.00719	0.68665	0.06826	0.07067	0.01048	0.03015	0.00766	0.00496	0.00396	0.00121	0.00415	0.00380	0.00398	0.00657
24	0.00610	0.00488	0.00714	0.00689	0.00747	0.00596	0.00541	0.00739	0.00631	0.00920	0.00990	0.01491	0.00938	0.05316	0.69805	0.00562	0.13234	0.00418	0.00208	0.00362
25	0.00768	0.00719	0.01210	0.68542	0.14300	0.00859	0.01078	0.01017	0.00807	0.01054	0.00792	0.05678	0.00657	0.00436	0.00402	0.00132	0.00504	0.00395	0.00190	0.00461
26	0.00973	0.00919	0.01546	0.21068	0.41169	0.00967	0.13033	0.09128	0.04780	0.01361	0.00805	0.01032	0.00633	0.00381	0.00405	0.00124	0.00503	0.00375	0.00221	0.00576
27	0.00709	0.00364	0.00534	0.00527	0.00535	0.00367	0.00355	0.02591	0.00551	0.00735	0.00695	0.01199	0.00688	0.01355	0.01520	0.86222	0.00347	0.00345	0.00178	0.00185
28	0.00641	0.00398	0.00481	0.00506	0.00572	0.00383	0.00353	0.03380	0.00840	0.04274	0.08186	0.43168	0.03946	0.09340	0.00589	0.00160	0.00241	0.00801	0.21385	0.00354
29	0.00646	0.00436	0.00549	0.00520	0.00627	0.00410	0.00391	0.00856	0.04849	0.05983	0.57269	0.07874	0.08700	0.03008	0.00498	0.00135	0.00214	0.02723	0.03920	0.00393
30	0.00931	0.04289	0.18055	0.05041	0.12552	0.11295	0.13160	0.07461	0.02452	0.01253	0.01050	0.15550	0.01870	0.02711	0.00454	0.00134	0.00503	0.00487	0.00242	0.00510
31	0.00767	0.00691	0.00927	0.16633	0.10818	0.06256	0.03020	0.00925	0.03773	0.00975	0.00956	0.02552	0.00934	0.26568	0.12865	0.02620	0.07674	0.00439	0.00216	0.00392

[dist]
# distance from previous block
# <min> <max>
5	19

[block]
# block no. 4 follows, 68 sequences, length 31
# corresponding to MSA columns:
# 265-295
name=unknown_E
#
# <colnr> <probs for GDERKNQSTAVLIFYWHMCP>
#	G	D	E	R	K	N	Q	S	T	A	V	L	I	F	Y	W	H	M	C	P
0	0.00957	0.01149	0.14539	0.08927	0.19347	0.11084	0.04926	0.05076	0.02148	0.02867	0.02386	0.03323	0.06158	0.00509	0.00552	0.00131	0.14778	0.00397	0.00226	0.00518
1	0.00816	0.02046	0.81540	0.01127	0.01701	0.03412	0.01444	0.01265	0.00846	0.01247	0.00709	0.00833	0.00503	0.00378	0.00376	0.00125	0.00590	0.00292	0.00169	0.00582
2	0.00557	0.04312	0.00568	0.00565	0.00616	0.02753	0.00395	0.00629	0.00785	0.01026	0.06659	0.64089	0.06830	0.03090	0.00570	0.03078	0.01832	0.00969	0.00345	0.00333
3	0.02099	0.08578	0.18847	0.01038	0.06585	0.02394	0.10404	0.10495	0.08926	0.15546	0.01007	0.02926	0.00759	0.01740	0.00406	0.00122	0.00455	0.00368	0.00289	0.07016
4	0.00594	0.00419	0.00514	0.00509	0.00541	0.00446	0.00332	0.00690	0.04652	0.00856	0.01214	0.02244	0.01302	0.58126	0.25485	0.00444	0.00574	0.00527	0.00240	0.00292
5	0.00968	0.02143	0.00766	0.00649	0.00845	0.00678	0.00511	0.06199	0.28002	0.15870	0.24781	0.02120	0.12168	0.00657	0.00424	0.00127	0.00275	0.00553	0.01741	0.00525
6	0.08228	0.25074	0.14628	0.02857	0.03051	0.16998	0.02154	0.10207	0.04377	0.04103	0.00765	0.03042	0.00625	0.00420	0.00354	0.00111	0.01940	0.00302	0.00234	0.00529
7	0.04074	0.12003	0.05486	0.05312	0.21863	0.02179	0.06625	0.09789	0.02846	0.08668	0.01051	0.02359	0.04452	0.04867	0.03533	0.01295	0.00462	0.01411	0.01190	0.00536
8	0.00628	0.00461	0.00598	0.02863	0.02860	0.01770	0.00478	0.02150	0.00809	0.02177	0.04711	0.37400	0.02021	0.10893	0.04981	0.00206	0.02938	0.15989	0.05709	0.00355
9	0.00475	0.00390	0.00418	0.00437	0.00546	0.00333	0.00318	0.00571	0.00880	0.01076	0.06255	0.21081	0.63752	0.01048	0.00476	0.00139	0.00207	0.00894	0.00370	0.00333
10	0.01012	0.21746	0.28751	0.05334	0.07129	0.04988	0.06807	0.04757	0.04724	0.07135	0.02360	0.02078	0.00685	0.00405	0.00362	0.00115	0.00499	0.00328	0.00226	0.00558
11	0.02981	0.02376	0.09834	0.32213	0.12468	0.03579	0.05071	0.05415	0.03784	0.04258	0.00988	0.09828	0.02025	0.00538	0.01738	0.00138	0.01595	0.00437	0.00236	0.00499
12	0.01060	0.86304	0.02078	0.00678	0.01018	0.01569	0.00678	0.01187	0.00806	0.00933	0.00551	0.00636	0.00509	0.00339	0.00254	0.00085	0.00424	0.00212	0.00170	0.00509
13	0.00536	0.00395	0.00489	0.00482	0.00575	0.00359	0.00355	0.00689	0.01019	0.01399	0.53428	0.14402	0.20235	0.00901	0.00468	0.00131	0.00196	0.00789	0.02795	0.00359
14	0.00646	0.00545	0.00869	0.32748	0.05190	0.00642	0.00740	0.00828	0.00719	0.00979	0.01029	0.09843	0.00972	0.03261	0.38806	0.00370	0.00737	0.00468	0.00214	0.00394
15	0.01481	0.01890	0.01124	0.01021	0.01226	0.84474	0.00766	0.01583	0.01124	0.00970	0.00613	0.00715	0.00511	0.00409	0.00358	0.00102	0.00715	0.00255	0.00204	0.00460
16	0.01481	0.01890	0.01124	0.01021	0.01226	0.84474	0.00766	0.01583	0.01124	0.00970	0.00613	0.00715	0.00511	0.00409	0.00358	0.00102	0.00715	0.00255	0.00204	0.00460
17	0.01507	0.01111	0.01190	0.00912	0.01230	0.01230	0.00754	0.82270	0.01864	0.02499	0.00952	0.00952	0.00674	0.00476	0.00397	0.00119	0.00436	0.00357	0.00397	0.00674
18	0.01779	0.00675	0.00920	0.00705	0.01012	0.00583	0.00583	0.01932	0.01135	0.83867	0.01564	0.01350	0.00981	0.00491	0.00399	0.00123	0.00337	0.00399	0.00491	0.00675
19	0.00689	0.00344	0.00517	0.00517	0.00517	0.00344	0.00344	0.00517	0.00517	0.00689	0.00689	0.01205	0.00689	0.01377	0.01550	0.88464	0.00344	0.00344	0.00172	0.00172
20	0.01255	0.01095	0.00910	0.00790	0.01005	0.26484	0.00615	0.15519	0.17930	0.10094	0.02470	0.01164	0.00883	0.00472	0.00364	0.00112	0.00433	0.00357	0.17513	0.00534
21	0.00812	0.00778	0.01076	0.00936	0.00939	0.01063	0.00761	0.00889	0.00604	0.00926	0.00650	0.01145	0.00673	0.12869	0.05404	0.00226	0.69279	0.00383	0.00185	0.00403
22	0.00756	0.00712	0.01202	0.82587	0.05201	0.00883	0.01105	0.01019	0.00796	0.01022	0.00706	0.01055	0.00532	0.00395	0.00396	0.00132	0.00527	0.00352	0.00177	0.00446
23	0.00669	0.00483	0.00584	0.00599	0.00653	0.03230	0.00444	0.00755	0.00729	0.03696	0.01478	0.05817	0.01600	0.38545	0.12406	0.00326	0.02966	0.24413	0.00283	0.00323
24	0.00635	0.00468	0.00543	0.00586	0.05194	0.02586	0.00339	0.02110	0.00654	0.00870	0.02962	0.05907	0.01435	0.68116	0.05715	0.00355	0.00421	0.00571	0.00248	0.00287
25	0.00572	0.00414	0.00523	0.00526	0.00615	0.00392	0.00385	0.00749	0.04443	0.03255	0.37307	0.26455	0.15188	0.01088	0.06072	0.00171	0.00269	0.00813	0.00392	0.00370
26	0.00633	0.00502	0.00683	0.02974	0.07996	0.02022	0.02613	0.03396	0.00837	0.01106	0.06597	0.37299	0.10051	0.07528	0.03218	0.04748	0.00334	0.06776	0.00321	0.00366
27	0.00795	0.00670	0.01015	0.01248	0.29277	0.00669	0.05349	0.04028	0.03905	0.01178	0.04564	0.06494	0.01234	0.28665	0.00941	0.00210	0.00403	0.03571	0.03151	0.02634
28	0.23102	0.06018	0.04729	0.00930	0.04593	0.21309	0.04861	0.17237	0.02514	0.03452	0.00758	0.03118	0.00613	0.00441	0.00392	0.00119	0.04722	0.00314	0.00261	0.00516
29	0.03498	0.11126	0.02876	0.04817	0.05531	0.08260	0.08501	0.03227	0.10449	0.06371	0.03038	0.16185	0.06425	0.00636	0.01459	0.00131	0.01675	0.00519	0.01866	0.03410
30	0.06012	0.05577	0.10860	0.00958	0.09917	0.09576	0.04690	0.05341	0.04215	0.07303	0.06365	0.04498	0.06898	0.07195	0.02079	0.00148	0.01493	0.00430	0.00275	0.06169

[dist]
# distance from previous block
# <min> <max>
7	21

[block]
# block no. 5 follows, 68 sequences, length 28
# corresponding to MSA columns:
# 318-345
name=unknown_F
#
# <colnr> <probs for GDERKNQSTAVLIFYWHMCP>
#	G	D	E	R	K	N	Q	S	T	A	V	L	I	F	Y	W	H	M	C	P
0	0.08789	0.17673	0.28584	0.01002	0.03332	0.06162	0.09919	0.03608	0.03470	0.01249	0.01911	0.02118	0.04533	0.00439	0.00415	0.00121	0.05600	0.00341	0.00212	0.00522
1	0.00563	0.00410	0.00579	0.00585	0.00636	0.00458	0.00429	0.00667	0.00632	0.00892	0.01181	0.07548	0.01205	0.21756	0.59998	0.00547	0.00851	0.00507	0.00229	0.00326
2	0.00972	0.00611	0.00724	0.00636	0.00818	0.00619	0.00495	0.06032	0.22292	0.18297	0.28556	0.06305	0.06647	0.00673	0.00426	0.00127	0.00268	0.00574	0.04414	0.00513
3	0.00905	0.00900	0.07038	0.06902	0.48504	0.00846	0.02586	0.01156	0.03290	0.03651	0.01019	0.02808	0.03045	0.03915	0.00511	0.00138	0.04148	0.05912	0.02173	0.00552
4	0.08146	0.14794	0.16935	0.03344	0.05547	0.07110	0.03997	0.05651	0.03777	0.13904	0.01012	0.04782	0.02347	0.04197	0.00449	0.00131	0.01626	0.01452	0.00268	0.00531
5	0.01066	0.00920	0.01450	0.04433	0.41533	0.05219	0.12238	0.04229	0.03366	0.11062	0.00987	0.02622	0.00816	0.00517	0.02915	0.00141	0.00499	0.05151	0.00258	0.00579
6	0.00471	0.00402	0.00405	0.00405	0.00537	0.00336	0.00303	0.00574	0.00910	0.01086	0.06360	0.03791	0.81079	0.00998	0.00469	0.00134	0.00200	0.00833	0.00370	0.00336
7	0.03388	0.15387	0.23728	0.00881	0.02119	0.06350	0.03473	0.06191	0.07841	0.12336	0.03982	0.06582	0.02484	0.00495	0.00388	0.00120	0.01818	0.00394	0.01499	0.00545
8	0.00714	0.02324	0.05964	0.06653	0.14454	0.00635	0.05615	0.05505	0.02252	0.01220	0.05768	0.33012	0.09142	0.00841	0.01806	0.00148	0.00366	0.02833	0.00304	0.00443
9	0.01223	0.00597	0.00752	0.00623	0.00832	0.00569	0.00499	0.10490	0.01118	0.37150	0.16701	0.01682	0.02722	0.00756	0.07320	0.00160	0.00352	0.00457	0.15460	0.00535
10	0.00802	0.00688	0.00798	0.00577	0.00917	0.00518	0.00460	0.00974	0.00827	0.01279	0.00892	0.00992	0.05274	0.00334	0.00304	0.00063	0.00288	0.00269	0.00242	0.83503
11	0.00943	0.09367	0.06216	0.01436	0.01805	0.01061	0.58692	0.01329	0.08891	0.01261	0.00840	0.01047	0.00643	0.00372	0.00473	0.00130	0.04313	0.00427	0.00214	0.00539
12	0.01481	0.01890	0.01124	0.01021	0.01226	0.84474	0.00766	0.01583	0.01124	0.00970	0.00613	0.00715	0.00511	0.00409	0.00358	0.00102	0.00715	0.00255	0.00204	0.00460
13	0.00767	0.00691	0.06621	0.00628	0.00878	0.00536	0.03406	0.03267	0.00947	0.06926	0.16134	0.02076	0.24093	0.00618	0.00424	0.00108	0.02778	0.00516	0.00321	0.28263
14	0.01519	0.01092	0.01178	0.00903	0.01220	0.01201	0.00746	0.78769	0.01832	0.06045	0.00979	0.00969	0.00688	0.00477	0.00397	0.00119	0.00432	0.00359	0.00401	0.00674
15	0.01252	0.00924	0.01018	0.00789	0.01090	0.00959	0.00642	0.45958	0.10469	0.06136	0.04871	0.01102	0.00878	0.00458	0.00376	0.00107	0.00370	0.00358	0.01624	0.20618
16	0.00689	0.00344	0.00517	0.00517	0.00517	0.00344	0.00344	0.00517	0.00517	0.00689	0.00689	0.01205	0.00689	0.01377	0.01550	0.88464	0.00344	0.00344	0.00172	0.00172
17	0.01399	0.03133	0.02093	0.00973	0.01188	0.66251	0.00745	0.05940	0.08377	0.02575	0.00783	0.03296	0.00651	0.00448	0.00367	0.00108	0.00637	0.00306	0.00241	0.00488
18	0.00575	0.00438	0.00654	0.00649	0.00718	0.00517	0.00507	0.00715	0.00636	0.00921	0.01046	0.01537	0.00977	0.02907	0.82058	0.00624	0.03531	0.00423	0.00211	0.00356
19	0.00511	0.00381	0.00504	0.00570	0.00597	0.00381	0.00391	0.00581	0.00746	0.00999	0.02102	0.71543	0.06013	0.04940	0.02690	0.00182	0.05167	0.01028	0.00347	0.00326
20	0.00755	0.00745	0.05452	0.27236	0.11835	0.02144	0.05600	0.04364	0.02437	0.01161	0.05927	0.13883	0.06371	0.09662	0.00595	0.00160	0.00429	0.00545	0.00256	0.00442
21	0.63648	0.00705	0.00638	0.07493	0.00903	0.00800	0.00471	0.01132	0.00705	0.07615	0.00730	0.00985	0.00611	0.11600	0.00501	0.00158	0.00337	0.00287	0.00257	0.00424
22	0.00515	0.00392	0.00471	0.00514	0.00590	0.00360	0.00372	0.00633	0.02414	0.01099	0.09543	0.36962	0.30087	0.05233	0.00566	0.00161	0.00239	0.09142	0.00368	0.00337
23	0.00580	0.00444	0.00653	0.00641	0.00713	0.00491	0.03096	0.00706	0.00686	0.00969	0.01387	0.14460	0.05134	0.07562	0.52293	0.00465	0.03721	0.02501	0.03148	0.00350
24	0.04751	0.12897	0.34778	0.03359	0.15380	0.08243	0.02485	0.07201	0.00929	0.01289	0.00716	0.02138	0.00570	0.00401	0.00391	0.00119	0.03284	0.00309	0.00200	0.00558
25	0.01846	0.00963	0.09049	0.10311	0.20873	0.08375	0.03292	0.06941	0.01848	0.01228	0.03751	0.11624	0.03032	0.04331	0.02828	0.01585	0.06920	0.00472	0.00243	0.00487
26	0.00694	0.00489	0.02767	0.00549	0.00627	0.00459	0.01693	0.02985	0.02887	0.06294	0.03442	0.14292	0.03525	0.42655	0.07939	0.00298	0.00402	0.02395	0.05268	0.00340
27	0.08501	0.07506	0.02460	0.03647	0.18544	0.15502	0.01970	0.06962	0.03361	0.01253	0.00970	0.13086	0.00930	0.02117	0.04130	0.01098	0.04507	0.01273	0.01699	0.00485

[dist]
# distance from previous block
# <min> <max>
17	41

[block]
# block no. 6 follows, 68 sequences, length 17
# corresponding to MSA columns:
# 393-409
name=unknown_G
#
# <colnr> <probs for GDERKNQSTAVLIFYWHMCP>
#	G	D	E	R	K	N	Q	S	T	A	V	L	I	F	Y	W	H	M	C	P
0	0.00724	0.03559	0.05627	0.08252	0.04302	0.11372	0.00572	0.00880	0.00946	0.02407	0.17520	0.06859	0.32437	0.02261	0.00460	0.00131	0.00342	0.00628	0.00317	0.00403
1	0.00800	0.01928	0.23759	0.05669	0.12984	0.00783	0.06471	0.02014	0.10510	0.02665	0.04750	0.11162	0.06909	0.02996	0.00485	0.00141	0.02199	0.02998	0.00267	0.00511
2	0.01467	0.01058	0.01140	0.00883	0.01189	0.01166	0.00727	0.71960	0.06741	0.05818	0.01027	0.01014	0.00728	0.00480	0.00394	0.00119	0.00418	0.00365	0.02643	0.00664
3	0.01112	0.00878	0.00965	0.03402	0.01071	0.04302	0.02323	0.40882	0.10154	0.01936	0.18244	0.06260	0.05505	0.00612	0.00421	0.00125	0.00368	0.00505	0.00384	0.00552
4	0.00663	0.00537	0.00761	0.02118	0.00811	0.00594	0.02870	0.00783	0.00665	0.00975	0.00963	0.02865	0.00930	0.12888	0.41521	0.02811	0.12108	0.00416	0.01930	0.12790
5	0.01713	0.00708	0.00935	0.00715	0.01024	0.00627	0.00590	0.07695	0.01172	0.73977	0.01478	0.01295	0.00940	0.00480	0.00393	0.00119	0.00342	0.00388	0.00472	0.04937
6	0.00507	0.00374	0.00465	0.00526	0.00570	0.00354	0.00355	0.00605	0.03069	0.01010	0.02309	0.60086	0.14361	0.10532	0.02756	0.00193	0.00266	0.00987	0.00351	0.00324
7	0.00849	0.03762	0.75422	0.01123	0.01681	0.02548	0.04039	0.01282	0.00854	0.03806	0.00736	0.00854	0.00521	0.00379	0.00377	0.00124	0.00580	0.00300	0.00179	0.00583
8	0.00591	0.00423	0.00529	0.00546	0.00609	0.00424	0.00387	0.00746	0.06106	0.02539	0.11646	0.25574	0.08433	0.22203	0.12286	0.00273	0.00389	0.05626	0.00328	0.00342
9	0.00522	0.00387	0.00521	0.03998	0.00685	0.00386	0.00413	0.00640	0.03131	0.01033	0.04644	0.64101	0.03898	0.04132	0.09311	0.00214	0.00335	0.00966	0.00343	0.00338
10	0.06804	0.00672	0.00864	0.00679	0.00962	0.00611	0.00557	0.03295	0.04453	0.67139	0.04438	0.01416	0.02692	0.00506	0.00390	0.00123	0.00324	0.00408	0.03036	0.00632
11	0.00917	0.15674	0.13389	0.10888	0.23775	0.02129	0.02448	0.02227	0.04034	0.02393	0.00757	0.00990	0.00633	0.02190	0.06310	0.00163	0.10019	0.00334	0.00200	0.00530
12	0.03450	0.00473	0.02250	0.01770	0.00674	0.00425	0.01189	0.00709	0.00870	0.04055	0.11562	0.14587	0.40516	0.03786	0.06838	0.00184	0.01851	0.04101	0.00348	0.00363
13	0.00616	0.00494	0.00661	0.00655	0.00711	0.03276	0.00497	0.00722	0.00658	0.00918	0.01143	0.12076	0.01161	0.08073	0.55962	0.03395	0.07897	0.00508	0.00229	0.00346
14	0.03441	0.00998	0.08626	0.02751	0.11008	0.04465	0.07631	0.19910	0.06557	0.18892	0.07732	0.03069	0.01041	0.00492	0.00406	0.00124	0.00430	0.01495	0.00342	0.00590
15	0.00846	0.03419	0.06113	0.10938	0.21996	0.00792	0.06792	0.05536	0.03101	0.03393	0.05225	0.18608	0.01238	0.00645	0.01567	0.00139	0.03967	0.02672	0.00268	0.02745
16	0.01024	0.08839	0.11762	0.06411	0.10623	0.08668	0.08388	0.11412	0.01779	0.06802	0.05715	0.01350	0.08095	0.03183	0.00451	0.00126	0.01286	0.00405	0.00268	0.03412

[dist]
# distance from previous block
# <min> <max>
0	7

[block]
# block no. 7 follows, 68 sequences, length 9
# corresponding to MSA columns:
# 417-425
name=unknown_H
#
# <colnr> <probs for GDERKNQSTAVLIFYWHMCP>
#	G	D	E	R	K	N	Q	S	T	A	V	L	I	F	Y	W	H	M	C	P
0	0.00974	0.05672	0.06642	0.10050	0.41469	0.04687	0.07382	0.03225	0.02645	0.04507	0.00908	0.06964	0.00793	0.00447	0.00400	0.00123	0.00480	0.01844	0.00228	0.00562
1	0.03182	0.00726	0.00934	0.00734	0.01006	0.00694	0.03794	0.17847	0.01231	0.46235	0.07012	0.01591	0.06510	0.00547	0.00405	0.00123	0.00345	0.02305	0.04176	0.00602
2	0.02367	0.00707	0.03871	0.12651	0.22592	0.00679	0.00744	0.04017	0.05437	0.03880	0.08858	0.04554	0.25280	0.00638	0.00421	0.00127	0.00350	0.00551	0.01793	0.00479
3	0.00944	0.10777	0.14832	0.08552	0.20992	0.03700	0.05532	0.03202	0.09984	0.03794	0.02165	0.04408	0.02340	0.00458	0.00418	0.00122	0.03813	0.00388	0.03032	0.00546
4	0.05098	0.00585	0.00762	0.00654	0.00849	0.02408	0.03952	0.01252	0.00993	0.35460	0.13411	0.17242	0.08658	0.00767	0.02093	0.00142	0.00318	0.02622	0.02237	0.00496
5	0.00568	0.00415	0.00610	0.00615	0.00676	0.00473	0.00466	0.00684	0.00635	0.00906	0.01117	0.05995	0.01092	0.08117	0.71417	0.04244	0.00946	0.00468	0.00221	0.00338
6	0.06946	0.16189	0.12267	0.06514	0.08997	0.06677	0.10726	0.05162	0.08224	0.02681	0.01031	0.05869	0.04861	0.00472	0.00388	0.00121	0.01716	0.00395	0.00242	0.00521
7	0.09611	0.00518	0.00617	0.00597	0.00732	0.00506	0.00449	0.05700	0.02819	0.17134	0.04186	0.40762	0.07634	0.00897	0.00444	0.00143	0.00274	0.04183	0.02362	0.00433
8	0.00483	0.00345	0.00460	0.00552	0.00575	0.00322	0.00368	0.00552	0.00759	0.01012	0.02185	0.85807	0.02622	0.01242	0.00506	0.00161	0.00230	0.01127	0.00368	0.00322

[dist]
# distance from previous block
# <min> <max>
0	1

[block]
# block no. 8 follows, 68 sequences, length 18
# corresponding to MSA columns:
# 427-444
name=unknown_I
#
# <colnr> <probs for GDERKNQSTAVLIFYWHMCP>
#	G	D	E	R	K	N	Q	S	T	A	V	L	I	F	Y	W	H	M	C	P
0	0.02816	0.21731	0.18267	0.00892	0.04144	0.04750	0.01994	0.10450	0.15707	0.05404	0.01123	0.05703	0.04404	0.00488	0.00365	0.00117	0.00430	0.00384	0.00276	0.00556
1	0.00978	0.01005	0.09723	0.03016	0.45384	0.02022	0.01042	0.01356	0.14364	0.05272	0.02161	0.01123	0.01798	0.00452	0.00484	0.01593	0.07016	0.00374	0.00245	0.00591
2	0.00615	0.00459	0.00696	0.07286	0.03610	0.00522	0.00547	0.00748	0.00667	0.02305	0.01089	0.06462	0.01041	0.05182	0.62897	0.03938	0.00890	0.00459	0.00222	0.00363
3	0.01038	0.83142	0.02016	0.00668	0.01000	0.01523	0.00665	0.01164	0.00809	0.00938	0.00679	0.00753	0.03562	0.00364	0.00262	0.00087	0.00416	0.00235	0.00177	0.00502
4	0.00865	0.00735	0.00875	0.00699	0.04941	0.00597	0.00524	0.05397	0.03560	0.01377	0.02898	0.00914	0.00696	0.00328	0.00312	0.00069	0.00308	0.00267	0.00252	0.74389
5	0.00486	0.00405	0.00426	0.00429	0.00558	0.00345	0.00328	0.00598	0.00920	0.01116	0.09605	0.03796	0.72561	0.00996	0.00474	0.00136	0.00210	0.05898	0.00373	0.00339
6	0.00749	0.00705	0.01189	0.85113	0.02731	0.00881	0.01101	0.01013	0.00793	0.01013	0.00705	0.01057	0.00529	0.00396	0.00396	0.00132	0.00529	0.00352	0.00176	0.00440
7	0.03040	0.00880	0.04618	0.13962	0.39586	0.00865	0.00982	0.08394	0.03802	0.10543	0.06984	0.01233	0.02477	0.00439	0.00397	0.00122	0.00431	0.00392	0.00271	0.00579
