[name]
unknown

[dist]
# distance from previous block
# <min> <max>
6	660

[block]
# block no. 0 follows, 65 sequences, length 17
# corresponding to MSA columns:
# 674-690
name=unknown_A
#
# <colnr> <probs for GDERKNQSTAVLIFYWHMCP>
#	G	D	E	R	K	N	Q	S	T	A	V	L	I	F	Y	W	H	M	C	P
0	0.02368	0.08801	0.02515	0.03797	0.02536	0.00710	0.04368	0.03732	0.00812	0.01095	0.01253	0.03891	0.08680	0.01226	0.05049	0.43966	0.02742	0.01801	0.00265	0.00393
1	0.02549	0.13253	0.02806	0.02513	0.05235	0.08307	0.02317	0.28330	0.12169	0.01717	0.03198	0.01054	0.00806	0.00520	0.02241	0.00128	0.03488	0.00352	0.01397	0.07621
2	0.04096	0.19423	0.06577	0.03995	0.05492	0.04717	0.05491	0.11826	0.05783	0.04973	0.02057	0.06676	0.02884	0.00719	0.05216	0.00170	0.00519	0.00439	0.00318	0.08627
3	0.01091	0.06535	0.16942	0.02338	0.08785	0.03176	0.17518	0.15698	0.06662	0.05416	0.03447	0.01135	0.00798	0.00432	0.00409	0.00123	0.00508	0.01667	0.00276	0.07042
4	0.00987	0.20398	0.05306	0.00911	0.04137	0.11399	0.09049	0.06503	0.02422	0.03903	0.06000	0.09260	0.08949	0.00771	0.06278	0.00160	0.00499	0.02297	0.00277	0.00493
5	0.00886	0.07942	0.40102	0.00935	0.01353	0.02536	0.02117	0.07390	0.05459	0.01380	0.04475	0.05989	0.05247	0.00504	0.00406	0.00122	0.01826	0.00404	0.00249	0.10676
6	0.02311	0.07942	0.13606	0.11472	0.15227	0.05683	0.06081	0.09943	0.08216	0.07622	0.00945	0.01068	0.01722	0.00463	0.01387	0.00130	0.02277	0.00360	0.00263	0.03282
7	0.00914	0.06559	0.05590	0.00768	0.05849	0.03913	0.00592	0.02372	0.06253	0.11835	0.05567	0.17567	0.14197	0.00698	0.00416	0.00123	0.00333	0.00592	0.02702	0.13160
8	0.00543	0.00409	0.00466	0.00478	0.00583	0.00358	0.00346	0.00650	0.00929	0.03354	0.15272	0.23724	0.46756	0.03569	0.00540	0.00152	0.00223	0.00902	0.00391	0.00356
9	0.00907	0.03535	0.02398	0.18063	0.04958	0.03643	0.12645	0.05449	0.12883	0.04768	0.06157	0.11659	0.06874	0.00604	0.00435	0.00135	0.00430	0.00545	0.03408	0.00506
10	0.11337	0.02990	0.23669	0.06261	0.05965	0.00831	0.12902	0.02346	0.02144	0.10385	0.02292	0.14990	0.01016	0.00553	0.00414	0.00136	0.00469	0.00491	0.00273	0.00534
11	0.00851	0.00730	0.00851	0.00608	0.00973	0.00547	0.00486	0.01034	0.00851	0.01338	0.00730	0.00851	0.00608	0.00304	0.00304	0.00061	0.00304	0.00243	0.00243	0.88083
12	0.00583	0.00420	0.00588	0.00600	0.00654	0.00465	0.00440	0.00695	0.00670	0.00954	0.01289	0.12326	0.01326	0.18127	0.55542	0.00531	0.00832	0.00559	0.03058	0.00341
13	0.01183	0.18319	0.08447	0.03744	0.06650	0.17544	0.03243	0.15665	0.12780	0.01439	0.00919	0.04209	0.00758	0.00473	0.00405	0.00120	0.02905	0.00360	0.00270	0.00568
14	0.00731	0.00661	0.00858	0.05586	0.00965	0.06403	0.00653	0.00869	0.00697	0.00970	0.00923	0.01366	0.00858	0.02225	0.55271	0.00486	0.19468	0.00406	0.00208	0.00397
15	0.05538	0.00398	0.00471	0.00530	0.00597	0.00372	0.00368	0.00618	0.00828	0.01125	0.04911	0.58317	0.22129	0.01162	0.00498	0.00157	0.00234	0.01028	0.00376	0.00345
16	0.01325	0.00931	0.05097	0.03591	0.10001	0.06482	0.02304	0.12740	0.08072	0.29698	0.05212	0.07876	0.01135	0.00591	0.01519	0.00137	0.01835	0.00465	0.00380	0.00607

[dist]
# distance from previous block
# <min> <max>
3	7

[block]
# block no. 1 follows, 65 sequences, length 12
# corresponding to MSA columns:
# 699-710
name=unknown_B
#
# <colnr> <probs for GDERKNQSTAVLIFYWHMCP>
#	G	D	E	R	K	N	Q	S	T	A	V	L	I	F	Y	W	H	M	C	P
0	0.09766	0.10309	0.01379	0.05087	0.07868	0.37847	0.08421	0.03161	0.01002	0.03239	0.00680	0.00833	0.00557	0.00428	0.00449	0.00119	0.07828	0.00303	0.00218	0.00507
1	0.00645	0.00459	0.00526	0.00517	0.00579	0.00453	0.00348	0.06673	0.00839	0.01107	0.09642	0.11079	0.13846	0.45420	0.01331	0.00278	0.00337	0.05275	0.00320	0.00326
2	0.00754	0.00706	0.01170	0.78306	0.02658	0.00870	0.01078	0.01014	0.00829	0.01053	0.00985	0.01308	0.06688	0.00457	0.00416	0.00137	0.00522	0.00402	0.00197	0.00448
3	0.02605	0.01002	0.03380	0.05154	0.09345	0.06522	0.06257	0.25926	0.13727	0.05569	0.01213	0.07423	0.02985	0.00653	0.04214	0.00153	0.00477	0.00454	0.00333	0.02608
4	0.02112	0.03037	0.07318	0.08280	0.16910	0.05651	0.07208	0.01075	0.04408	0.02966	0.04892	0.21765	0.03604	0.04412	0.00541	0.00151	0.02700	0.02208	0.00280	0.00482
5	0.00536	0.00377	0.00486	0.00548	0.00577	0.00359	0.00366	0.00610	0.00790	0.01062	0.10119	0.55920	0.02555	0.19197	0.00855	0.00213	0.00274	0.04475	0.00360	0.00323
6	0.00497	0.00402	0.00441	0.00461	0.00569	0.00347	0.00335	0.00600	0.00919	0.01139	0.10257	0.23272	0.57165	0.01082	0.00494	0.00145	0.00214	0.00928	0.00387	0.00347
7	0.00906	0.03495	0.22777	0.05876	0.08014	0.06643	0.09525	0.02172	0.00918	0.05534	0.07186	0.13116	0.01172	0.00652	0.02450	0.00150	0.07126	0.01518	0.00258	0.00515
8	0.01227	0.00854	0.06065	0.00819	0.01090	0.00784	0.05416	0.20474	0.09295	0.24292	0.07601	0.11076	0.07867	0.00647	0.00439	0.00134	0.00372	0.00551	0.00409	0.00587
9	0.00579	0.00394	0.00449	0.00460	0.00471	0.00388	0.00267	0.00594	0.00638	0.00843	0.01571	0.12038	0.06430	0.71121	0.01819	0.00357	0.00369	0.00677	0.00271	0.00264
10	0.07136	0.03344	0.01085	0.00953	0.01163	0.63952	0.00726	0.01550	0.01107	0.05858	0.04512	0.00906	0.00722	0.00451	0.00387	0.00110	0.02450	0.00297	0.02811	0.00480
11	0.04011	0.09542	0.16283	0.13741	0.15213	0.02627	0.04603	0.05974	0.06959	0.04290	0.01097	0.07211	0.03560	0.00511	0.00404	0.00130	0.00473	0.02563	0.00256	0.00550

[dist]
# distance from previous block
# <min> <max>
0	1

[block]
# block no. 2 follows, 65 sequences, length 6
# corresponding to MSA columns:
# 712-717
name=unknown_C
#
# <colnr> <probs for GDERKNQSTAVLIFYWHMCP>
#	G	D	E	R	K	N	Q	S	T	A	V	L	I	F	Y	W	H	M	C	P
0	0.00581	0.00429	0.00543	0.02943	0.00668	0.00428	0.00402	0.00712	0.03612	0.01104	0.14532	0.20094	0.14663	0.19273	0.12346	0.02787	0.00400	0.03810	0.00331	0.00342
1	0.00569	0.00416	0.00560	0.00583	0.00641	0.00435	0.00426	0.00675	0.00736	0.01003	0.05124	0.17962	0.08553	0.18030	0.36299	0.00418	0.00640	0.06303	0.00290	0.00338
2	0.13467	0.07800	0.09475	0.03453	0.09374	0.09880	0.05744	0.01081	0.00800	0.01171	0.00878	0.02949	0.00831	0.18730	0.06854	0.00221	0.04160	0.00394	0.02290	0.00448
3	0.02504	0.02796	0.00823	0.00861	0.10573	0.00578	0.03877	0.00879	0.02594	0.03498	0.20548	0.26778	0.10588	0.00864	0.00517	0.00143	0.05141	0.02396	0.03617	0.00427
4	0.00971	0.12180	0.08449	0.00697	0.01017	0.06610	0.00624	0.07716	0.00999	0.06452	0.01514	0.01529	0.18243	0.00512	0.00365	0.00100	0.00374	0.00402	0.00286	0.30959
5	0.00996	0.18545	0.13711	0.01082	0.10264	0.05040	0.08005	0.05444	0.06221	0.05007	0.01290	0.04801	0.10670	0.00530	0.00443	0.00124	0.04884	0.00432	0.00261	0.02249

[dist]
# distance from previous block
# <min> <max>
0	7

[block]
# block no. 3 follows, 65 sequences, length 64
# corresponding to MSA columns:
# 725-788
name=unknown_D
#
# <colnr> <probs for GDERKNQSTAVLIFYWHMCP>
#	G	D	E	R	K	N	Q	S	T	A	V	L	I	F	Y	W	H	M	C	P
0	0.03505	0.14808	0.16079	0.02107	0.09257	0.03464	0.07637	0.06778	0.04875	0.07969	0.02095	0.02398	0.01651	0.00432	0.00406	0.00115	0.03431	0.00350	0.00257	0.12386
1	0.00924	0.06237	0.05766	0.06442	0.25115	0.00908	0.12354	0.09401	0.03199	0.01396	0.06261	0.10750	0.06497	0.00568	0.00452	0.00132	0.02262	0.00519	0.00273	0.00544
2	0.00536	0.00411	0.00507	0.00554	0.01974	0.00377	0.00384	0.00675	0.02861	0.01229	0.22099	0.39464	0.25267	0.01077	0.00499	0.00148	0.00225	0.00951	0.00396	0.00363
3	0.02879	0.23554	0.12982	0.00933	0.02978	0.07271	0.05640	0.07025	0.06468	0.13512	0.02495	0.02205	0.03016	0.00483	0.00432	0.00122	0.05620	0.01539	0.00281	0.00566
4	0.03449	0.00830	0.07942	0.02054	0.09789	0.01923	0.08568	0.03665	0.06771	0.17336	0.10418	0.09445	0.11476	0.00689	0.01670	0.00143	0.00395	0.02552	0.00353	0.00532
5	0.00500	0.00407	0.00442	0.00453	0.00568	0.00350	0.00332	0.00610	0.00941	0.01167	0.13798	0.16514	0.60385	0.01053	0.00491	0.00142	0.00211	0.00897	0.00390	0.00350
6	0.09070	0.05315	0.08947	0.00873	0.01168	0.09329	0.01944	0.34051	0.05309	0.04737	0.02249	0.03124	0.02177	0.00538	0.00397	0.00127	0.00450	0.06326	0.03290	0.00579
7	0.01036	0.06762	0.25289	0.03790	0.17777	0.01032	0.14679	0.06623	0.06643	0.06818	0.00879	0.01021	0.00661	0.00419	0.00455	0.00130	0.04776	0.00368	0.00240	0.00604
8	0.00567	0.00424	0.00494	0.00503	0.00585	0.00394	0.00353	0.03362	0.00915	0.01196	0.18904	0.23701	0.28132	0.16587	0.00788	0.00192	0.00258	0.01925	0.00372	0.00346
9	0.00609	0.00441	0.00505	0.00481	0.00615	0.00388	0.00363	0.00767	0.02518	0.06135	0.32183	0.04777	0.46861	0.00932	0.00480	0.00135	0.00214	0.00793	0.00415	0.00387
10	0.04923	0.22968	0.34710	0.00977	0.02879	0.05728	0.01040	0.12596	0.03657	0.05743	0.00794	0.00867	0.00596	0.00407	0.00356	0.00117	0.00512	0.00298	0.00239	0.00592
11	0.00580	0.00576	0.06576	0.02649	0.00764	0.00460	0.00485	0.00780	0.05499	0.01177	0.07304	0.07967	0.48721	0.03624	0.00553	0.01598	0.00280	0.09662	0.00359	0.00384
12	0.00514	0.00363	0.00472	0.00553	0.00574	0.00343	0.00362	0.00575	0.00758	0.01011	0.02121	0.73231	0.02536	0.13604	0.00753	0.00201	0.00262	0.01084	0.00362	0.00321
13	0.00898	0.00898	0.01257	0.01078	0.01078	0.01257	0.00898	0.00988	0.00629	0.00988	0.00539	0.00898	0.00539	0.00718	0.01347	0.00180	0.84823	0.00359	0.00180	0.00449
14	0.01203	0.06562	0.02661	0.00924	0.01149	0.39843	0.03428	0.01638	0.24877	0.01265	0.04248	0.03998	0.03975	0.00522	0.00394	0.00120	0.00530	0.00400	0.01742	0.00521
15	0.01575	0.00944	0.01081	0.00839	0.01144	0.00986	0.00689	0.49646	0.01611	0.28325	0.03982	0.02791	0.00955	0.00524	0.00412	0.00125	0.00399	0.00411	0.02888	0.00672
16	0.01560	0.01150	0.01232	0.00944	0.01273	0.01273	0.00780	0.81645	0.01930	0.02587	0.00986	0.00986	0.00698	0.00493	0.00411	0.00123	0.00452	0.00370	0.00411	0.00698
17	0.00500	0.00357	0.00476	0.00572	0.00595	0.00333	0.00381	0.00572	0.00786	0.01048	0.02262	0.85306	0.02715	0.01286	0.00524	0.00167	0.00238	0.01167	0.00381	0.00333
18	0.00511	0.00372	0.00485	0.00568	0.00609	0.00345	0.00393	0.00596	0.00819	0.01080	0.04437	0.70656	0.09978	0.01243	0.00522	0.00165	0.00243	0.06257	0.00383	0.00339
19	0.00494	0.00416	0.00429	0.00426	0.00560	0.00350	0.00319	0.00607	0.00957	0.01161	0.11756	0.03865	0.75217	0.01020	0.00485	0.00138	0.00207	0.00854	0.00388	0.00350
20	0.01097	0.85821	0.02151	0.00702	0.01054	0.01624	0.00702	0.01229	0.00834	0.00966	0.00571	0.00658	0.00527	0.00351	0.00263	0.00088	0.00439	0.00219	0.00176	0.00527
21	0.01097	0.85821	0.02151	0.00702	0.01054	0.01624	0.00702	0.01229	0.00834	0.00966	0.00571	0.00658	0.00527	0.00351	0.00263	0.00088	0.00439	0.00219	0.00176	0.00527
22	0.00508	0.00417	0.00447	0.00439	0.00568	0.00356	0.00330	0.00633	0.00989	0.01235	0.22623	0.03743	0.64303	0.00993	0.00485	0.00136	0.00205	0.00837	0.00398	0.00356
23	0.00823	0.02123	0.83447	0.01170	0.01777	0.00953	0.01517	0.01300	0.00867	0.01300	0.00737	0.00867	0.00520	0.00390	0.00390	0.00130	0.00607	0.00303	0.00173	0.00607
24	0.01097	0.85821	0.02151	0.00702	0.01054	0.01624	0.00702	0.01229	0.00834	0.00966	0.00571	0.00658	0.00527	0.00351	0.00263	0.00088	0.00439	0.00219	0.00176	0.00527
25	0.05141	0.11158	0.01246	0.00922	0.01190	0.33038	0.00743	0.31626	0.01367	0.03834	0.00808	0.00885	0.00629	0.00586	0.04930	0.00142	0.00588	0.00311	0.00292	0.00564
26	0.01613	0.01042	0.01163	0.00894	0.01218	0.01116	0.00738	0.62003	0.03433	0.20796	0.01143	0.01090	0.00781	0.00498	0.00411	0.00124	0.00426	0.00381	0.00433	0.00697
27	0.00979	0.05666	0.23018	0.01039	0.08903	0.05506	0.02799	0.04622	0.09819	0.08612	0.03668	0.11376	0.03502	0.00593	0.00419	0.00131	0.00445	0.04628	0.00297	0.03979
28	0.00623	0.00533	0.05459	0.02010	0.00751	0.00474	0.00499	0.00791	0.07549	0.01066	0.03139	0.36454	0.04563	0.07143	0.10610	0.12259	0.00407	0.04996	0.00314	0.00359
29	0.00775	0.00730	0.01231	0.84587	0.02827	0.00912	0.01140	0.01049	0.00821	0.01049	0.00730	0.01094	0.00547	0.00410	0.00410	0.00137	0.00547	0.00365	0.00182	0.00456
30	0.00775	0.00730	0.01231	0.84587	0.02827	0.00912	0.01140	0.01049	0.00821	0.01049	0.00730	0.01094	0.00547	0.00410	0.00410	0.00137	0.00547	0.00365	0.00182	0.00456
31	0.83010	0.00838	0.00641	0.00568	0.00824	0.03186	0.00466	0.04091	0.00755	0.01846	0.00588	0.00680	0.00456	0.00386	0.00263	0.00126	0.00334	0.00229	0.00258	0.00454
32	0.00778	0.01969	0.10417	0.04867	0.10384	0.03147	0.09167	0.00968	0.00881	0.03469	0.07741	0.15562	0.10476	0.06488	0.01805	0.01823	0.04809	0.04513	0.00286	0.00452
33	0.00879	0.00788	0.03378	0.02997	0.16506	0.00660	0.01861	0.01130	0.04817	0.03306	0.06774	0.03564	0.00995	0.00427	0.00365	0.00094	0.00353	0.02583	0.00269	0.48256
34	0.01391	0.00738	0.00876	0.00717	0.00972	0.00744	0.00577	0.12834	0.19298	0.37171	0.04843	0.01461	0.01149	0.00526	0.00396	0.00124	0.00326	0.00427	0.14808	0.00623
35	0.01724	0.00831	0.01028	0.00794	0.01110	0.00807	0.00654	0.23726	0.05448	0.57199	0.01449	0.01292	0.00941	0.00506	0.00412	0.00127	0.00376	0.00404	0.00477	0.00696
36	0.00867	0.00852	0.01198	0.01036	0.01043	0.01183	0.00860	0.00963	0.00632	0.00984	0.00595	0.00969	0.00587	0.00953	0.09563	0.00227	0.76495	0.00367	0.00184	0.00441
37	0.00711	0.00592	0.00693	0.00756	0.06750	0.03046	0.00517	0.02385	0.16920	0.01350	0.15440	0.26780	0.15666	0.00901	0.00473	0.00144	0.00285	0.04165	0.01984	0.00443
38	0.00741	0.00684	0.02224	0.01303	0.28783	0.00638	0.07677	0.00940	0.00982	0.01352	0.24528	0.12412	0.14615	0.00715	0.00461	0.00134	0.00350	0.00657	0.00323	0.00481
39	0.00595	0.00427	0.00574	0.00571	0.00611	0.00472	0.00401	0.00676	0.00631	0.00884	0.01178	0.02080	0.01227	0.39726	0.46424	0.00537	0.01930	0.00509	0.00232	0.00315
40	0.88473	0.00794	0.00603	0.00540	0.00794	0.00921	0.00445	0.01207	0.00699	0.01842	0.00572	0.00667	0.00445	0.00381	0.00254	0.00127	0.00318	0.00222	0.00254	0.00445
41	0.00722	0.00563	0.00649	0.00613	0.02108	0.00556	0.00461	0.06540	0.14278	0.02693	0.32826	0.04056	0.26901	0.00824	0.00466	0.00134	0.00252	0.03099	0.00412	0.01847
42	0.01027	0.00696	0.00847	0.00626	0.00955	0.00544	0.00499	0.01179	0.00889	0.16712	0.00896	0.00983	0.00692	0.00424	0.00420	0.06506	0.00316	0.00283	0.00288	0.65216
43	0.03004	0.00689	0.00967	0.00873	0.01040	0.02988	0.12551	0.10708	0.05722	0.01383	0.01731	0.23915	0.03109	0.00986	0.03956	0.00180	0.00430	0.24972	0.00346	0.00450
44	0.01060	0.00883	0.00938	0.00831	0.01067	0.01012	0.00650	0.07690	0.72722	0.03215	0.04125	0.01538	0.01291	0.00560	0.00419	0.00138	0.00330	0.00465	0.00420	0.00646
45	0.00492	0.00401	0.00435	0.00458	0.00567	0.00344	0.00332	0.00590	0.00904	0.01108	0.05872	0.24739	0.60138	0.01097	0.00495	0.00146	0.00215	0.00940	0.00383	0.00344
46	0.01533	0.01956	0.01163	0.01058	0.01269	0.83926	0.00793	0.01639	0.01163	0.01005	0.00635	0.00740	0.00529	0.00423	0.00370	0.00106	0.00740	0.00264	0.00212	0.00476
47	0.01190	0.00832	0.00888	0.00742	0.00975	0.00914	0.00593	0.32034	0.24547	0.05770	0.01312	0.01317	0.00973	0.00508	0.00377	0.00120	0.00336	0.00402	0.25576	0.00594
48	0.24907	0.00779	0.00887	0.00703	0.00999	0.00775	0.00580	0.12850	0.01152	0.48012	0.03521	0.01191	0.00899	0.00481	0.00372	0.00127	0.00351	0.00365	0.00425	0.00622
49	0.01449	0.01775	0.01237	0.01084	0.01316	0.67936	0.06682	0.04361	0.08162	0.01142	0.00750	0.00844	0.00604	0.00431	0.00384	0.00112	0.00691	0.00301	0.00236	0.00504
50	0.03031	0.00430	0.00601	0.00617	0.00684	0.00479	0.00464	0.00720	0.00690	0.01014	0.01323	0.17294	0.01350	0.06507	0.58294	0.00515	0.00842	0.00575	0.04214	0.00358
51	0.08328	0.00531	0.00683	0.00726	0.00858	0.00535	0.00626	0.02971	0.00968	0.07318	0.03375	0.03915	0.04493	0.01000	0.00521	0.00175	0.00364	0.61819	0.00379	0.00414
52	0.00574	0.00435	0.00622	0.00620	0.00703	0.00484	0.00480	0.00719	0.00729	0.01022	0.07439	0.01999	0.11043	0.02670	0.67840	0.00558	0.00926	0.00513	0.00256	0.00366
53	0.00596	0.00401	0.00463	0.00463	0.00469	0.00406	0.00268	0.00607	0.00602	0.00807	0.01279	0.02608	0.01458	0.79543	0.08074	0.00417	0.00449	0.00585	0.00247	0.00257
54	0.00740	0.00772	0.09938	0.07247	0.16822	0.00648	0.03205	0.00996	0.03235	0.02453	0.27512	0.05538	0.07920	0.00863	0.07520	0.00177	0.00425	0.01950	0.01563	0.00476
55	0.07667	0.00758	0.00954	0.00740	0.01047	0.00711	0.00610	0.12977	0.01247	0.63768	0.04199	0.01346	0.01029	0.00508	0.00404	0.00127	0.00356	0.00405	0.00475	0.00671
56	0.00619	0.00434	0.00566	0.00625	0.00714	0.00410	0.00497	0.00756	0.00911	0.03938	0.06395	0.26867	0.17159	0.02523	0.00556	0.00172	0.00298	0.35807	0.00385	0.00369
57	0.01025	0.16058	0.20355	0.04231	0.04599	0.04558	0.26248	0.09123	0.01007	0.02529	0.00836	0.04679	0.00682	0.00427	0.00422	0.00126	0.01913	0.00396	0.00225	0.00563
58	0.02707	0.02319	0.10431	0.07896	0.14380	0.05846	0.03841	0.03718	0.03370	0.01291	0.05552	0.18881	0.06908	0.00702	0.01667	0.00141	0.01805	0.00577	0.07487	0.00480
59	0.00821	0.00449	0.00594	0.00591	0.00700	0.00405	0.00429	0.00933	0.00941	0.20139	0.14403	0.48734	0.07182	0.01024	0.00490	0.00150	0.00255	0.00911	0.00421	0.00427
60	0.05555	0.02500	0.02397	0.05063	0.06096	0.01753	0.19465	0.05189	0.07838	0.03562	0.05958	0.15253	0.08261	0.00721	0.01655	0.02942	0.00431	0.03278	0.00306	0.01777
61	0.04464	0.08003	0.15120	0.05610	0.14481	0.08284	0.12229	0.06826	0.10048	0.04642	0.01008	0.02345	0.03229	0.00448	0.00411	0.00126	0.01508	0.00386	0.00256	0.00575
62	0.00672	0.01534	0.02516	0.00762	0.07806	0.00509	0.00511	0.02242	0.06142	0.03395	0.05615	0.41256	0.08345	0.07382	0.05524	0.00198	0.00342	0.02118	0.02722	0.00407
63	0.06582	0.05797	0.11773	0.00809	0.03592	0.02141	0.00700	0.10020	0.02866	0.17905	0.01490	0.15822	0.04694	0.03912	0.00504	0.01376	0.00387	0.07396	0.00345	0.01890

[dist]
# distance from previous block
# <min> <max>
0	31

[block]
# block no. 4 follows, 65 sequences, length 28
# corresponding to MSA columns:
# 820-847
name=unknown_E
#
# <colnr> <probs for GDERKNQSTAVLIFYWHMCP>
#	G	D	E	R	K	N	Q	S	T	A	V	L	I	F	Y	W	H	M	C	P
0	0.01036	0.00825	0.01012	0.04596	0.13260	0.08457	0.02197	0.07216	0.02921	0.11788	0.01194	0.09360	0.02796	0.04503	0.10927	0.00202	0.04111	0.01321	0.01680	0.10597
1	0.02959	0.19905	0.17240	0.04211	0.14409	0.09249	0.07454	0.07826	0.00982	0.01297	0.02700	0.04644	0.00741	0.00451	0.00420	0.00121	0.04251	0.00362	0.00223	0.00553
2	0.05783	0.00518	0.00609	0.00593	0.00720	0.00508	0.00439	0.06627	0.05191	0.10032	0.12311	0.37281	0.13365	0.00944	0.00466	0.00145	0.00263	0.00823	0.02952	0.00431
3	0.00877	0.00736	0.00844	0.00762	0.00919	0.10545	0.06635	0.06346	0.03266	0.05958	0.10255	0.23928	0.05640	0.03004	0.01686	0.04033	0.00388	0.08613	0.00343	0.05224
4	0.07429	0.04383	0.13327	0.04451	0.15131	0.03993	0.07757	0.08510	0.08137	0.02866	0.07001	0.04451	0.08107	0.00535	0.00429	0.00130	0.02078	0.00455	0.00283	0.00546
5	0.00741	0.04206	0.00693	0.00656	0.04697	0.00535	0.00460	0.00826	0.01057	0.03716	0.13350	0.03618	0.61743	0.01020	0.00530	0.00160	0.00287	0.00822	0.00422	0.00462
6	0.00556	0.00395	0.00469	0.00490	0.00526	0.00383	0.00314	0.00608	0.00721	0.00950	0.05532	0.21584	0.14252	0.43763	0.07402	0.00313	0.00375	0.00762	0.00306	0.00298
7	0.01187	0.02874	0.00983	0.00866	0.01059	0.42345	0.02420	0.01422	0.09084	0.05906	0.15011	0.03621	0.06812	0.00601	0.00417	0.00122	0.00515	0.03967	0.00311	0.00477
8	0.00957	0.16053	0.38533	0.07456	0.04611	0.07997	0.07326	0.01303	0.02973	0.02154	0.00750	0.00902	0.00577	0.00448	0.02323	0.00131	0.00575	0.00313	0.00196	0.04424
9	0.00881	0.02042	0.78737	0.01145	0.01735	0.00933	0.01464	0.01340	0.00884	0.05982	0.00787	0.00897	0.00548	0.00397	0.00391	0.00130	0.00592	0.00310	0.00192	0.00612
10	0.00591	0.00428	0.00576	0.00663	0.00737	0.00414	0.00534	0.00732	0.00890	0.01156	0.02381	0.32182	0.09665	0.01178	0.00545	0.00177	0.00315	0.46099	0.00379	0.00360
11	0.00590	0.00507	0.03613	0.00685	0.04335	0.00440	0.00516	0.00754	0.02794	0.01186	0.07351	0.31845	0.21611	0.01061	0.00506	0.00158	0.00287	0.19536	0.01843	0.00382
12	0.01348	0.03626	0.01195	0.05699	0.07372	0.61850	0.00829	0.01477	0.01061	0.01027	0.00678	0.00848	0.00575	0.00622	0.06491	0.00152	0.04170	0.00293	0.00208	0.00480
13	0.00508	0.00361	0.00474	0.00562	0.00583	0.00339	0.00370	0.00574	0.00771	0.01028	0.02184	0.78631	0.02616	0.08095	0.00650	0.00185	0.00251	0.01121	0.00370	0.00327
14	0.00898	0.00898	0.01257	0.01078	0.01078	0.01257	0.00898	0.00988	0.00629	0.00988	0.00539	0.00898	0.00539	0.00718	0.01347	0.00180	0.84823	0.00359	0.00180	0.00449
15	0.00793	0.00843	0.07743	0.46219	0.05625	0.02461	0.02265	0.01027	0.00838	0.02416	0.03545	0.04482	0.08098	0.02211	0.00556	0.00146	0.09598	0.00450	0.00223	0.00461
16	0.88473	0.00794	0.00603	0.00540	0.00794	0.00921	0.00445	0.01207	0.00699	0.01842	0.00572	0.00667	0.00445	0.00381	0.00254	0.00127	0.00318	0.00222	0.00254	0.00445
17	0.00969	0.01107	0.02422	0.01730	0.02145	0.01038	0.81522	0.01315	0.00969	0.01315	0.00830	0.01107	0.00623	0.00346	0.00484	0.00138	0.00692	0.00484	0.00208	0.00554
18	0.77158	0.00808	0.00665	0.00577	0.00840	0.00919	0.00476	0.06044	0.00806	0.07668	0.00671	0.00738	0.00500	0.00397	0.00275	0.00127	0.00328	0.00245	0.00281	0.00478
19	0.00542	0.00403	0.00578	0.00640	0.00691	0.00381	0.03556	0.00643	0.00823	0.01097	0.04047	0.69150	0.02613	0.01219	0.00527	0.00168	0.00274	0.11923	0.00376	0.00349
20	0.01057	0.73449	0.14168	0.00771	0.01160	0.01525	0.00823	0.01240	0.00839	0.01015	0.00595	0.00689	0.00526	0.00357	0.00282	0.00094	0.00464	0.00232	0.00175	0.00539
21	0.00490	0.00398	0.00434	0.00464	0.00567	0.00343	0.00333	0.00584	0.00890	0.01090	0.03576	0.28925	0.58248	0.01115	0.00497	0.00147	0.00217	0.00959	0.00381	0.00343
22	0.00628	0.00496	0.00720	0.00696	0.00754	0.00600	0.00541	0.00755	0.00650	0.00944	0.01043	0.01611	0.01002	0.09786	0.66214	0.00575	0.11958	0.00443	0.00217	0.00367
23	0.00713	0.00357	0.00535	0.00535	0.00535	0.00357	0.00357	0.00535	0.00535	0.00713	0.00713	0.01248	0.00713	0.01426	0.01604	0.88057	0.00357	0.00357	0.00178	0.00178
24	0.00775	0.00730	0.01231	0.84587	0.02827	0.00912	0.01140	0.01049	0.00821	0.01049	0.00730	0.01094	0.00547	0.00410	0.00410	0.00137	0.00547	0.00365	0.00182	0.00456
25	0.01050	0.71462	0.16098	0.00783	0.01178	0.01509	0.00842	0.01241	0.00840	0.01023	0.00599	0.00694	0.00526	0.00358	0.00285	0.00095	0.00468	0.00234	0.00175	0.00540
26	0.01095	0.04897	0.05026	0.00860	0.01080	0.24534	0.02208	0.09381	0.19039	0.01358	0.02505	0.01490	0.08215	0.04395	0.06609	0.00175	0.02833	0.01443	0.02347	0.00512
27	0.13599	0.00618	0.00663	0.02801	0.02663	0.04360	0.00474	0.08023	0.00872	0.02655	0.02685	0.34412	0.02844	0.16570	0.02328	0.00202	0.01629	0.00711	0.00319	0.01573

[dist]
# distance from previous block
# <min> <max>
1	10

[block]
# block no. 5 follows, 65 sequences, length 32
# corresponding to MSA columns:
# 858-889
name=unknown_F
#
# <colnr> <probs for GDERKNQSTAVLIFYWHMCP>
#	G	D	E	R	K	N	Q	S	T	A	V	L	I	F	Y	W	H	M	C	P
0	0.00587	0.00397	0.00463	0.00473	0.00563	0.00366	0.00345	0.00734	0.00958	0.01369	0.28113	0.20331	0.20826	0.00892	0.00445	0.00131	0.00206	0.00773	0.21665	0.00366
1	0.00851	0.00730	0.00851	0.00608	0.00973	0.00547	0.00486	0.01034	0.00851	0.01338	0.00730	0.00851	0.00608	0.00304	0.00304	0.00061	0.00304	0.00243	0.00243	0.88083
2	0.01192	0.25768	0.07312	0.00895	0.02357	0.03676	0.02056	0.23746	0.25785	0.01677	0.01039	0.01042	0.00797	0.00458	0.00368	0.00118	0.00433	0.00348	0.00316	0.00618
3	0.00736	0.02438	0.41902	0.00890	0.01254	0.00741	0.02795	0.01108	0.06577	0.01281	0.09678	0.07039	0.10874	0.07081	0.00558	0.00156	0.00450	0.03670	0.00271	0.00501
4	0.00952	0.14876	0.29324	0.01870	0.02215	0.03086	0.09156	0.04955	0.05858	0.04957	0.02547	0.07020	0.03068	0.03496	0.00481	0.00136	0.02860	0.00420	0.00249	0.02474
5	0.00918	0.12765	0.43130	0.01065	0.01500	0.04456	0.08365	0.04431	0.02017	0.02269	0.00987	0.02507	0.00858	0.00513	0.00411	0.00133	0.00546	0.12346	0.00228	0.00553
6	0.00586	0.00440	0.00660	0.00660	0.00733	0.00513	0.00513	0.00733	0.00660	0.00953	0.01100	0.01613	0.01026	0.03079	0.83947	0.00660	0.01100	0.00440	0.00220	0.00367
7	0.00552	0.00391	0.00481	0.00523	0.00578	0.00369	0.00358	0.00632	0.00789	0.02174	0.03667	0.41647	0.18126	0.16512	0.06983	0.00236	0.00326	0.02173	0.03152	0.00331
8	0.01173	0.10512	0.15685	0.06763	0.18268	0.26084	0.04777	0.03279	0.02408	0.04865	0.00766	0.00912	0.00603	0.00441	0.01648	0.00125	0.00592	0.00319	0.00219	0.00559
9	0.00661	0.00472	0.00661	0.00756	0.00850	0.00472	0.00661	0.00850	0.00945	0.01228	0.02173	0.04630	0.02362	0.01134	0.00567	0.00189	0.00378	0.80250	0.00378	0.00378
10	0.00675	0.00454	0.00567	0.00522	0.00647	0.00413	0.00397	0.02462	0.01135	0.07583	0.60162	0.03070	0.18661	0.00846	0.00478	0.00131	0.00213	0.00734	0.00442	0.00409
11	0.00780	0.00648	0.00987	0.13736	0.15799	0.02189	0.03444	0.00990	0.00932	0.02637	0.03012	0.05340	0.02815	0.00837	0.00502	0.00163	0.00430	0.43996	0.00312	0.00450
12	0.01270	0.11338	0.01151	0.00921	0.01109	0.54322	0.00714	0.01382	0.01037	0.01037	0.00896	0.10332	0.00868	0.00555	0.00423	0.00117	0.04386	0.03537	0.04149	0.00457
13	0.01016	0.00975	0.01666	0.02520	0.83013	0.00975	0.01260	0.01260	0.00935	0.01341	0.00772	0.01016	0.00650	0.00366	0.00406	0.00122	0.00488	0.00366	0.00203	0.00650
14	0.01021	0.00882	0.00928	0.00835	0.01067	0.01021	0.00650	0.02181	0.82272	0.01717	0.01671	0.01532	0.01253	0.00557	0.00418	0.00139	0.00325	0.00464	0.00418	0.00650
15	0.73034	0.00857	0.00715	0.00612	0.00879	0.00983	0.00504	0.15495	0.00917	0.01974	0.00645	0.00723	0.00490	0.00401	0.00282	0.00126	0.00341	0.00248	0.00282	0.00490
16	0.88473	0.00794	0.00603	0.00540	0.00794	0.00921	0.00445	0.01207	0.00699	0.01842	0.00572	0.00667	0.00445	0.00381	0.00254	0.00127	0.00318	0.00222	0.00254	0.00445
17	0.00524	0.00375	0.00504	0.00599	0.00634	0.00354	0.00423	0.00614	0.00810	0.01075	0.02249	0.73138	0.02662	0.01263	0.00530	0.00170	0.00259	0.13094	0.00381	0.00340
18	0.00580	0.00393	0.00461	0.00478	0.00485	0.00391	0.00282	0.00598	0.00632	0.00846	0.01453	0.16916	0.01685	0.67719	0.05088	0.00368	0.00398	0.00689	0.00270	0.00268
19	0.00777	0.00792	0.04906	0.80859	0.02780	0.00914	0.01157	0.01060	0.00823	0.01060	0.00730	0.01084	0.00546	0.00409	0.00409	0.00136	0.00550	0.00362	0.00182	0.00463
20	0.00501	0.00370	0.00470	0.00549	0.00594	0.00339	0.00376	0.00581	0.00816	0.01063	0.02588	0.69354	0.16550	0.01240	0.00518	0.00162	0.00236	0.02975	0.00381	0.00337
21	0.01265	0.00762	0.00905	0.00782	0.01017	0.00791	0.00629	0.15459	0.24182	0.26993	0.01665	0.11097	0.01384	0.00683	0.00445	0.00142	0.00351	0.10407	0.00435	0.00604
22	0.00765	0.00462	0.00581	0.00531	0.00671	0.00411	0.00405	0.00925	0.01091	0.15152	0.46375	0.07148	0.22189	0.00854	0.00474	0.00133	0.00225	0.00738	0.00441	0.00427
23	0.00859	0.00753	0.01250	0.50724	0.22792	0.00854	0.01062	0.01106	0.00888	0.04841	0.06532	0.04754	0.00916	0.00470	0.00419	0.00133	0.00486	0.00427	0.00229	0.00506
24	0.00508	0.00374	0.00479	0.00556	0.00603	0.00344	0.00386	0.00594	0.00827	0.01081	0.04327	0.66008	0.15521	0.01228	0.00519	0.00163	0.00240	0.05519	0.00382	0.00339
25	0.00602	0.00426	0.00573	0.00653	0.00712	0.00419	0.00513	0.00727	0.00844	0.01108	0.02068	0.29052	0.02339	0.13916	0.00783	0.00214	0.00338	0.44010	0.00359	0.00345
26	0.02286	0.03966	0.36913	0.02563	0.04315	0.02202	0.05300	0.05324	0.02183	0.06102	0.01270	0.15258	0.04477	0.00616	0.00441	0.00138	0.01779	0.04066	0.00266	0.00537
27	0.04864	0.02618	0.10048	0.05501	0.06751	0.00710	0.00710	0.05103	0.04594	0.14543	0.08876	0.21674	0.01527	0.02169	0.00506	0.00143	0.04808	0.00594	0.03758	0.00504
28	0.00645	0.00479	0.00541	0.00553	0.00600	0.03793	0.00371	0.02593	0.00790	0.02082	0.10051	0.25203	0.03324	0.37338	0.06866	0.00292	0.00392	0.03445	0.00316	0.00326
29	0.01297	0.00919	0.01105	0.03282	0.05214	0.02042	0.04552	0.39413	0.07292	0.12080	0.03329	0.01403	0.00975	0.13324	0.00668	0.00167	0.00431	0.00430	0.01481	0.00596
30	0.03339	0.13224	0.10197	0.03296	0.05779	0.14067	0.03382	0.12775	0.07793	0.03024	0.00920	0.01011	0.02857	0.00477	0.01827	0.00120	0.02297	0.00329	0.00262	0.13024
31	0.06536	0.06014	0.04764	0.02926	0.06728	0.10884	0.02774	0.10364	0.07730	0.02706	0.11443	0.02985	0.10978	0.02670	0.03959	0.00151	0.00436	0.00468	0.01599	0.03883

[dist]
# distance from previous block
# <min> <max>
0	15

[block]
# block no. 6 follows, 65 sequences, length 26
# corresponding to MSA columns:
# 908-933
name=unknown_G
#
# <colnr> <probs for GDERKNQSTAVLIFYWHMCP>
#	G	D	E	R	K	N	Q	S	T	A	V	L	I	F	Y	W	H	M	C	P
0	0.07026	0.04329	0.15252	0.04411	0.09287	0.09695	0.03437	0.11238	0.04825	0.04913	0.02096	0.07261	0.02763	0.00550	0.00415	0.00129	0.01441	0.05772	0.01891	0.03270
1	0.03606	0.12349	0.02340	0.03827	0.21023	0.03785	0.06163	0.09892	0.06610	0.01377	0.02297	0.01239	0.03920	0.04953	0.04639	0.00161	0.04792	0.00387	0.01370	0.05271
2	0.03117	0.11734	0.01285	0.01030	0.09868	0.09247	0.02734	0.30507	0.08766	0.01749	0.03376	0.03167	0.00850	0.02108	0.00414	0.00120	0.00446	0.00372	0.00313	0.08797
3	0.00533	0.00405	0.00517	0.00578	0.01711	0.00387	0.00397	0.00625	0.00842	0.01113	0.10664	0.52733	0.17505	0.05016	0.00612	0.00168	0.03169	0.02304	0.00373	0.00346
4	0.00585	0.00509	0.03991	0.00562	0.00688	0.00432	0.00451	0.00798	0.04981	0.01384	0.37736	0.13631	0.23735	0.00941	0.00490	0.00142	0.00243	0.07904	0.00405	0.00391
5	0.01105	0.00805	0.02392	0.06115	0.06307	0.00717	0.00660	0.08485	0.02496	0.16420	0.00938	0.01016	0.00705	0.00397	0.00397	0.00096	0.04197	0.00314	0.01906	0.44531
6	0.00516	0.00373	0.00476	0.00540	0.00581	0.00346	0.00364	0.00597	0.00824	0.01096	0.10972	0.61653	0.10323	0.08510	0.00651	0.00180	0.00244	0.01044	0.00377	0.00333
7	0.03387	0.00737	0.00893	0.00734	0.00995	0.00726	0.00604	0.17343	0.06918	0.40124	0.01627	0.01795	0.04794	0.00597	0.00419	0.00132	0.00350	0.09287	0.07928	0.00611
8	0.01405	0.10193	0.11273	0.01032	0.01310	0.62880	0.00872	0.04327	0.01121	0.01092	0.00653	0.00756	0.00533	0.00414	0.00363	0.00108	0.00684	0.00268	0.00210	0.00504
9	0.00686	0.00476	0.00604	0.00624	0.00709	0.00481	0.00455	0.07392	0.04118	0.04321	0.06147	0.49285	0.04197	0.01352	0.11991	0.00224	0.00382	0.03181	0.02975	0.00400
10	0.00601	0.00398	0.00504	0.00556	0.00619	0.00366	0.00388	0.00683	0.00827	0.06363	0.02441	0.55715	0.15396	0.08255	0.00644	0.00180	0.00261	0.05071	0.00378	0.00354
11	0.88473	0.00794	0.00603	0.00540	0.00794	0.00921	0.00445	0.01207	0.00699	0.01842	0.00572	0.00667	0.00445	0.00381	0.00254	0.00127	0.00318	0.00222	0.00254	0.00445
12	0.00553	0.00426	0.00474	0.00460	0.00591	0.00368	0.00349	0.00686	0.01008	0.03451	0.27054	0.03637	0.55990	0.00969	0.00485	0.00137	0.00211	0.02380	0.00405	0.00368
13	0.00534	0.00424	0.00472	0.00488	0.00596	0.00378	0.00355	0.03426	0.00942	0.01182	0.09302	0.28169	0.50112	0.01080	0.00494	0.00146	0.00224	0.00930	0.00387	0.00358
14	0.00588	0.00435	0.00636	0.00636	0.00702	0.00500	0.00484	0.00718	0.00653	0.00936	0.01121	0.01731	0.01078	0.12157	0.74939	0.00631	0.01022	0.00457	0.00223	0.00354
15	0.00969	0.01107	0.02422	0.01730	0.02145	0.01038	0.81522	0.01315	0.00969	0.01315	0.00830	0.01107	0.00623	0.00346	0.00484	0.00138	0.00692	0.00484	0.00208	0.00554
16	0.00509	0.00413	0.00452	0.00454	0.00575	0.00356	0.00339	0.00630	0.00970	0.01215	0.19789	0.09910	0.59382	0.01020	0.00489	0.00140	0.00211	0.02396	0.00395	0.00354
17	0.00776	0.00727	0.01231	0.67655	0.09664	0.00868	0.03119	0.01031	0.00831	0.01081	0.00875	0.08715	0.00755	0.00484	0.00422	0.00138	0.00518	0.00441	0.00203	0.00464
18	0.01097	0.85821	0.02151	0.00702	0.01054	0.01624	0.00702	0.01229	0.00834	0.00966	0.00571	0.00658	0.00527	0.00351	0.00263	0.00088	0.00439	0.00219	0.00176	0.00527
19	0.01097	0.85821	0.02151	0.00702	0.01054	0.01624	0.00702	0.01229	0.00834	0.00966	0.00571	0.00658	0.00527	0.00351	0.00263	0.00088	0.00439	0.00219	0.00176	0.00527
20	0.00577	0.00432	0.00624	0.00628	0.00699	0.00488	0.00479	0.00709	0.00680	0.00958	0.01363	0.05206	0.06614	0.07533	0.70351	0.00590	0.00965	0.00507	0.00239	0.00357
21	0.00617	0.00501	0.00790	0.00879	0.08571	0.00479	0.07858	0.00745	0.00838	0.01126	0.03500	0.54911	0.02264	0.04004	0.00568	0.00170	0.00326	0.11122	0.00345	0.00387
22	0.01535	0.01902	0.01168	0.01050	0.01269	0.78377	0.00792	0.07011	0.01215	0.01111	0.00658	0.00757	0.00540	0.00428	0.00373	0.00107	0.00721	0.00271	0.00225	0.00491
23	0.00498	0.00364	0.00469	0.00553	0.00591	0.00335	0.00373	0.00574	0.00804	0.01055	0.02488	0.75610	0.12265	0.01257	0.00519	0.00163	0.00235	0.01131	0.00381	0.00335
24	0.00892	0.00741	0.01150	0.01146	0.15934	0.00729	0.14417	0.04633	0.11237	0.06933	0.17345	0.05846	0.12688	0.03819	0.00516	0.00143	0.00382	0.00588	0.00342	0.00517
25	0.01379	0.38525	0.01607	0.00827	0.01156	0.07857	0.00731	0.32768	0.01319	0.08963	0.00832	0.00859	0.00638	0.00426	0.00343	0.00107	0.00460	0.00299	0.00300	0.00605

[dist]
# distance from previous block
# <min> <max>
0	9

[block]
# block no. 7 follows, 65 sequences, length 22
# corresponding to MSA columns:
# 946-967
name=unknown_H
#
# <colnr> <probs for GDERKNQSTAVLIFYWHMCP>
#	G	D	E	R	K	N	Q	S	T	A	V	L	I	F	Y	W	H	M	C	P
0	0.50155	0.06522	0.00809	0.00693	0.04592	0.00860	0.02575	0.01161	0.05914	0.01609	0.07429	0.01415	0.07464	0.00591	0.02762	0.00145	0.00351	0.04210	0.00286	0.00457
1	0.00864	0.00648	0.02580	0.05133	0.02436	0.06339	0.00477	0.03436	0.03267	0.10526	0.03831	0.06528	0.02747	0.44245	0.04980	0.00291	0.00443	0.00550	0.00294	0.00385
2	0.27657	0.00685	0.00733	0.00606	0.00854	0.00694	0.00494	0.07066	0.01011	0.34009	0.01194	0.01180	0.00830	0.00462	0.00335	0.00119	0.00310	0.00345	0.20868	0.00548
3	0.00908	0.15506	0.60183	0.01057	0.01579	0.01078	0.01283	0.03795	0.08434	0.01323	0.00804	0.00898	0.00594	0.00402	0.00373	0.00124	0.00549	0.00307	0.00203	0.00600
4	0.01097	0.85821	0.02151	0.00702	0.01054	0.01624	0.00702	0.01229	0.00834	0.00966	0.00571	0.00658	0.00527	0.00351	0.00263	0.00088	0.00439	0.00219	0.00176	0.00527
5	0.00500	0.00394	0.00452	0.00486	0.00576	0.00345	0.00346	0.00600	0.00899	0.01136	0.10853	0.35349	0.44379	0.01116	0.00500	0.00149	0.00218	0.00971	0.00388	0.00345
6	0.01038	0.00814	0.00899	0.00772	0.00982	0.00901	0.00612	0.23879	0.28035	0.04128	0.07200	0.06349	0.15332	0.00690	0.00502	0.00138	0.06214	0.00554	0.00396	0.00564
7	0.00823	0.02123	0.83447	0.01170	0.01777	0.00953	0.01517	0.01300	0.00867	0.01300	0.00737	0.00867	0.00520	0.00390	0.00390	0.00130	0.00607	0.00303	0.00173	0.00607
8	0.88473	0.00794	0.00603	0.00540	0.00794	0.00921	0.00445	0.01207	0.00699	0.01842	0.00572	0.00667	0.00445	0.00381	0.00254	0.00127	0.00318	0.00222	0.00254	0.00445
9	0.01016	0.00975	0.01666	0.02520	0.83013	0.00975	0.01260	0.01260	0.00935	0.01341	0.00772	0.01016	0.00650	0.00366	0.00406	0.00122	0.00488	0.00366	0.00203	0.00650
10	0.00591	0.00390	0.00486	0.00529	0.00554	0.00376	0.00341	0.00638	0.00720	0.03473	0.01809	0.42785	0.02106	0.38667	0.01217	0.00269	0.00318	0.04095	0.00326	0.00309
11	0.01560	0.01150	0.01232	0.00944	0.01273	0.01273	0.00780	0.81645	0.01930	0.02587	0.00986	0.00986	0.00698	0.00493	0.00411	0.00123	0.00452	0.00370	0.00411	0.00698
12	0.00569	0.00389	0.00470	0.00497	0.00509	0.00387	0.00304	0.00599	0.00655	0.00879	0.01557	0.26205	0.01810	0.55912	0.07193	0.00350	0.00400	0.00749	0.00285	0.00281
13	0.00833	0.00712	0.00831	0.00602	0.00953	0.00537	0.00479	0.01011	0.00852	0.01325	0.00852	0.03067	0.02670	0.00347	0.00314	0.00065	0.00300	0.00282	0.00250	0.83717
14	0.00504	0.00416	0.00444	0.00449	0.00575	0.00356	0.00338	0.00621	0.00957	0.01176	0.13475	0.07522	0.66511	0.01030	0.00490	0.00141	0.00214	0.04039	0.00390	0.00352
15	0.00496	0.00391	0.00448	0.00488	0.00575	0.00343	0.00345	0.00591	0.00883	0.01110	0.07271	0.38815	0.44520	0.01135	0.00502	0.00150	0.00220	0.00989	0.00385	0.00343
16	0.00818	0.00791	0.01090	0.00956	0.00970	0.01067	0.00781	0.00907	0.00675	0.01012	0.02979	0.08863	0.06248	0.03252	0.01216	0.00181	0.67065	0.00482	0.00220	0.00424
17	0.30698	0.00811	0.00791	0.00656	0.00909	0.04339	0.00533	0.16631	0.01099	0.21949	0.01053	0.01070	0.00750	0.00453	0.00334	0.00120	0.00345	0.00329	0.16583	0.00545
18	0.00503	0.00387	0.00464	0.00517	0.00590	0.00348	0.00365	0.00594	0.00853	0.01086	0.04509	0.47258	0.34238	0.01222	0.02650	0.00168	0.00251	0.03275	0.00378	0.00342
19	0.01052	0.01118	0.02502	0.26923	0.08350	0.20968	0.12347	0.01314	0.04909	0.04042	0.03173	0.02644	0.00771	0.00471	0.00484	0.00132	0.06573	0.01491	0.00231	0.00504
20	0.00955	0.02865	0.01058	0.01051	0.11759	0.10938	0.03360	0.05960	0.17112	0.01256	0.01091	0.03916	0.00981	0.12030	0.15333	0.00260	0.08869	0.00440	0.00270	0.00495
21	0.15304	0.05268	0.20527	0.00932	0.03341	0.12662	0.00868	0.14779	0.05686	0.13226	0.00947	0.03095	0.00710	0.00457	0.00372	0.00124	0.00481	0.00340	0.00299	0.00583

[dist]
# distance from previous block
# <min> <max>
1	10

[block]
# block no. 8 follows, 65 sequences, length 9
# corresponding to MSA columns:
# 978-986
name=unknown_I
#
# <colnr> <probs for GDERKNQSTAVLIFYWHMCP>
#	G	D	E	R	K	N	Q	S	T	A	V	L	I	F	Y	W	H	M	C	P
0	0.07535	0.22681	0.03211	0.03043	0.12383	0.21839	0.03791	0.03643	0.02389	0.01168	0.00754	0.02458	0.00671	0.04651	0.04673	0.00154	0.03908	0.00327	0.00216	0.00505
1	0.01189	0.07941	0.05221	0.07022	0.05374	0.09104	0.04094	0.26264	0.17300	0.01710	0.02216	0.01145	0.00825	0.00475	0.00412	0.00123	0.01888	0.01936	0.00314	0.05446
2	0.02086	0.00752	0.08777	0.03267	0.03611	0.00605	0.02442	0.01039	0.08317	0.03698	0.07089	0.10477	0.06534	0.11935	0.05867	0.00187	0.00400	0.00518	0.00294	0.22106
3	0.00521	0.00387	0.00486	0.00526	0.00593	0.00352	0.00370	0.00634	0.00924	0.01234	0.26060	0.45805	0.18388	0.01109	0.00505	0.00150	0.00219	0.00986	0.00402	0.00352
4	0.00692	0.00552	0.00800	0.02362	0.03242	0.00591	0.05004	0.02725	0.02804	0.02367	0.06183	0.25264	0.07061	0.04256	0.16688	0.04526	0.09229	0.03145	0.00301	0.02209
5	0.04870	0.23327	0.09674	0.09163	0.10283	0.15398	0.00893	0.07322	0.06696	0.01267	0.00764	0.00906	0.00622	0.00520	0.03653	0.00137	0.03429	0.00308	0.00225	0.00542
6	0.00644	0.00504	0.00556	0.00545	0.00686	0.00484	0.00412	0.00949	0.15658	0.03902	0.11143	0.14097	0.43938	0.00951	0.00479	0.00143	0.00243	0.03852	0.00399	0.00416
7	0.00510	0.00374	0.00479	0.00543	0.00592	0.00343	0.00373	0.00603	0.00861	0.01143	0.14188	0.62437	0.13670	0.01188	0.00513	0.00157	0.00228	0.01065	0.00391	0.00343
8	0.00803	0.00707	0.01100	0.08219	0.29636	0.00747	0.03177	0.01072	0.08428	0.01207	0.01259	0.17267	0.01248	0.06122	0.10077	0.00216	0.02975	0.03525	0.01722	0.00494

[dist]
# distance from previous block
# <min> <max>
4	11

[block]
# block no. 9 follows, 65 sequences, length 12
# corresponding to MSA columns:
# 998-1009
name=unknown_J
#
# <colnr> <probs for GDERKNQSTAVLIFYWHMCP>
#	G	D	E	R	K	N	Q	S	T	A	V	L	I	F	Y	W	H	M	C	P
0	0.01034	0.44399	0.07647	0.04826	0.04227	0.09818	0.06962	0.03328	0.00902	0.01085	0.00825	0.09411	0.00791	0.02658	0.00390	0.00117	0.00487	0.00373	0.00212	0.00508
1	0.00872	0.14678	0.06596	0.04698	0.04821	0.05837	0.00662	0.04986	0.02104	0.02319	0.12020	0.06166	0.14079	0.01619	0.00454	0.00120	0.03918	0.00489	0.00288	0.13273
2	0.01092	0.25246	0.14216	0.02558	0.11821	0.04257	0.06917	0.08281	0.06170	0.06126	0.04168	0.01018	0.00777	0.00430	0.00406	0.00117	0.03693	0.00342	0.00250	0.02114
3	0.00717	0.09916	0.03570	0.00750	0.05943	0.00625	0.00546	0.04845	0.04071	0.02510	0.04724	0.46181	0.08397	0.00951	0.00462	0.00144	0.00304	0.02200	0.00344	0.02800
4	0.00818	0.00756	0.01189	0.01675	0.47976	0.00753	0.00895	0.01006	0.00927	0.01274	0.08049	0.07992	0.19740	0.00640	0.00483	0.00132	0.04325	0.00567	0.00275	0.00528
5	0.03476	0.09483	0.15894	0.08632	0.20614	0.03214	0.04732	0.01267	0.02880	0.10385	0.06621	0.05827	0.02711	0.00538	0.01868	0.00135	0.00473	0.00428	0.00265	0.00557
6	0.00859	0.03873	0.11479	0.05772	0.17442	0.01964	0.12487	0.01142	0.05378	0.03623	0.04866	0.06560	0.08024	0.04551	0.04832	0.00174	0.04336	0.01867	0.00260	0.00512
7	0.01209	0.00597	0.00765	0.00656	0.00854	0.00560	0.00516	0.07349	0.03321	0.36536	0.17684	0.13044	0.01870	0.04503	0.00517	0.00146	0.00306	0.04051	0.04978	0.00537
8	0.00529	0.00411	0.00500	0.02753	0.00658	0.00374	0.00392	0.00653	0.00939	0.01218	0.21216	0.28285	0.33813	0.01057	0.00499	0.00148	0.00233	0.05571	0.00392	0.00357
9	0.01063	0.21967	0.15708	0.07123	0.10619	0.05706	0.04294	0.10494	0.07470	0.03326	0.00902	0.05130	0.00750	0.00459	0.00394	0.00120	0.02087	0.00368	0.01453	0.00568
10	0.00632	0.00484	0.00688	0.02759	0.00774	0.00516	0.04232	0.03176	0.00758	0.01044	0.05048	0.03978	0.09396	0.21030	0.41655	0.00451	0.00725	0.00544	0.01748	0.00359
11	0.00554	0.00399	0.00536	0.00626	0.00679	0.00381	0.00472	0.00667	0.00847	0.01112	0.02326	0.54024	0.06571	0.01222	0.00537	0.00173	0.00284	0.27860	0.00380	0.00349

[dist]
# distance from previous block
# <min> <max>
1	2

[block]
# block no. 10 follows, 65 sequences, length 21
# corresponding to MSA columns:
# 1013-1033
name=unknown_K
#
# <colnr> <probs for GDERKNQSTAVLIFYWHMCP>
#	G	D	E	R	K	N	Q	S	T	A	V	L	I	F	Y	W	H	M	C	P
