[name]
unknown

[dist]
# distance from previous block
# <min> <max>
0	31

[block]
# block no. 0 follows, 62 sequences, length 7
# corresponding to MSA columns:
# 31-37
name=unknown_A
#
# <colnr> <probs for GDERKNQSTAVLIFYWHMCP>
#	G	D	E	R	K	N	Q	S	T	A	V	L	I	F	Y	W	H	M	C	P
0	0.06421	0.14875	0.33057	0.01088	0.04289	0.06986	0.06896	0.05971	0.04851	0.01392	0.00907	0.05578	0.00765	0.00476	0.00393	0.00128	0.00536	0.02136	0.00237	0.03018
1	0.06866	0.12004	0.21033	0.03804	0.04086	0.04820	0.08723	0.11432	0.11488	0.07361	0.01076	0.01138	0.03403	0.00462	0.00399	0.00129	0.00505	0.00376	0.00287	0.00608
2	0.00925	0.00581	0.00729	0.00657	0.00825	0.00562	0.02409	0.03772	0.08623	0.17880	0.11402	0.20352	0.22901	0.00890	0.00512	0.00146	0.03054	0.00760	0.02534	0.00486
3	0.00519	0.00421	0.00460	0.00472	0.00590	0.00363	0.00346	0.00634	0.00976	0.01215	0.14599	0.17462	0.58275	0.01092	0.00509	0.00147	0.00219	0.00933	0.00405	0.00363
4	0.06795	0.01034	0.14191	0.04055	0.10357	0.00877	0.02991	0.09604	0.10487	0.10219	0.08456	0.04646	0.04924	0.02316	0.00506	0.00142	0.04252	0.00471	0.00330	0.03348
5	0.01049	0.05340	0.18661	0.11680	0.07411	0.08937	0.27222	0.01413	0.05254	0.05326	0.00916	0.03236	0.00713	0.00431	0.00438	0.00135	0.00608	0.00418	0.00235	0.00577
6	0.01734	0.00780	0.00998	0.00780	0.01091	0.00731	0.00639	0.11893	0.07243	0.62010	0.06266	0.01505	0.01202	0.00548	0.00432	0.00132	0.00364	0.00446	0.00504	0.00702

[dist]
# distance from previous block
# <min> <max>
0	1

[block]
# block no. 1 follows, 62 sequences, length 22
# corresponding to MSA columns:
# 39-60
name=unknown_B
#
# <colnr> <probs for GDERKNQSTAVLIFYWHMCP>
#	G	D	E	R	K	N	Q	S	T	A	V	L	I	F	Y	W	H	M	C	P
0	0.03172	0.02560	0.13365	0.04172	0.05689	0.08496	0.07931	0.13302	0.01196	0.27974	0.02082	0.02517	0.00839	0.00489	0.00446	0.00132	0.02690	0.00400	0.01919	0.00633
1	0.00837	0.00521	0.00726	0.00731	0.04234	0.00499	0.03450	0.02828	0.00884	0.14040	0.04384	0.34073	0.04016	0.19684	0.06863	0.00250	0.00398	0.00797	0.00362	0.00422
2	0.00576	0.00455	0.00531	0.00591	0.00653	0.02760	0.00409	0.00715	0.04328	0.01172	0.08819	0.60706	0.14299	0.01202	0.00525	0.00162	0.00257	0.01072	0.00397	0.00370
3	0.09167	0.04732	0.15881	0.01072	0.01445	0.01005	0.16966	0.20104	0.01205	0.15102	0.01089	0.07387	0.00854	0.00512	0.00437	0.00136	0.01523	0.00444	0.00326	0.00614
4	0.02319	0.01159	0.15400	0.00985	0.01304	0.05680	0.10542	0.14291	0.16877	0.01644	0.08898	0.06108	0.03365	0.02473	0.00479	0.00140	0.00461	0.01912	0.00331	0.05633
5	0.02750	0.01328	0.01387	0.01161	0.04846	0.21697	0.10520	0.33977	0.06127	0.05799	0.00942	0.01018	0.00704	0.00485	0.00478	0.00130	0.05323	0.00375	0.00329	0.00624
6	0.01131	0.11894	0.08347	0.06329	0.03420	0.24534	0.29616	0.01376	0.01013	0.01190	0.00856	0.06715	0.00742	0.00457	0.00428	0.00128	0.00646	0.00426	0.00220	0.00532
7	0.01158	0.00884	0.07808	0.00752	0.01083	0.00713	0.00654	0.09744	0.04006	0.19277	0.03835	0.01234	0.00919	0.03198	0.03994	0.00137	0.02175	0.00361	0.02133	0.35934
8	0.01027	0.13137	0.32067	0.01611	0.27576	0.01108	0.07439	0.04763	0.03210	0.02965	0.00815	0.00973	0.00630	0.00399	0.00401	0.00127	0.00552	0.00347	0.00217	0.00635
9	0.03092	0.07093	0.21036	0.05071	0.31976	0.01028	0.12711	0.03513	0.00980	0.06556	0.00871	0.02634	0.00686	0.00415	0.00418	0.00130	0.00545	0.00387	0.00232	0.00625
10	0.01889	0.00756	0.01007	0.00772	0.01102	0.00673	0.00638	0.07454	0.01271	0.77231	0.01634	0.01419	0.01031	0.00526	0.00428	0.00131	0.00369	0.00425	0.00520	0.00724
11	0.00523	0.00374	0.00498	0.00589	0.00618	0.00349	0.00395	0.00605	0.00838	0.01123	0.07032	0.79978	0.02885	0.01306	0.00541	0.00171	0.00244	0.01184	0.00399	0.00349
12	0.01035	0.08073	0.27033	0.12218	0.21778	0.02757	0.05564	0.03442	0.03318	0.07134	0.00904	0.03287	0.00708	0.00437	0.00412	0.00131	0.00542	0.00380	0.00236	0.00610
13	0.00605	0.05360	0.00623	0.02057	0.00694	0.00477	0.00417	0.00746	0.03397	0.02179	0.12511	0.36135	0.25942	0.04488	0.02233	0.00173	0.00279	0.00921	0.00382	0.00382
14	0.00518	0.00370	0.00494	0.00592	0.00617	0.00346	0.00395	0.00592	0.00815	0.01086	0.02345	0.84768	0.02814	0.01333	0.00543	0.00173	0.00247	0.01210	0.00395	0.00346
15	0.03417	0.00959	0.04679	0.01728	0.38904	0.00932	0.08119	0.06284	0.12237	0.03101	0.01175	0.12382	0.01054	0.00611	0.02382	0.00150	0.00476	0.00512	0.00287	0.00610
16	0.03847	0.00859	0.00959	0.00774	0.04559	0.04957	0.00585	0.07473	0.01011	0.07844	0.00874	0.02662	0.00708	0.00380	0.00344	0.00083	0.00362	0.00302	0.00287	0.61130
17	0.00825	0.00757	0.02334	0.00909	0.05615	0.07478	0.05458	0.01982	0.00788	0.02665	0.01178	0.09125	0.02201	0.23267	0.20400	0.00345	0.13474	0.00538	0.00252	0.00412
18	0.00920	0.00724	0.02139	0.11448	0.30126	0.00709	0.00829	0.01097	0.00924	0.10245	0.05136	0.09867	0.09817	0.13331	0.00709	0.00179	0.00415	0.00572	0.00299	0.00515
19	0.03886	0.03909	0.13869	0.01668	0.32998	0.06427	0.07487	0.08532	0.07420	0.04630	0.03032	0.01102	0.00787	0.00430	0.00415	0.00128	0.00518	0.00381	0.00264	0.02119
20	0.06248	0.01200	0.07064	0.01260	0.11648	0.06612	0.11750	0.32087	0.08695	0.02976	0.01000	0.02452	0.00771	0.01990	0.00454	0.00135	0.00509	0.00403	0.00325	0.02420
21	0.00805	0.00791	0.01761	0.00800	0.03094	0.16124	0.03468	0.00909	0.00861	0.01064	0.04450	0.30797	0.01751	0.16692	0.10283	0.00260	0.03289	0.02113	0.00299	0.00389

[dist]
# distance from previous block
# <min> <max>
1	5

[block]
# block no. 2 follows, 62 sequences, length 38
# corresponding to MSA columns:
# 67-83,94-97,100-113,115-117
name=unknown_C
#
# <colnr> <probs for GDERKNQSTAVLIFYWHMCP>
#	G	D	E	R	K	N	Q	S	T	A	V	L	I	F	Y	W	H	M	C	P
0	0.02755	0.13241	0.21001	0.01171	0.07623	0.11147	0.07486	0.20227	0.02665	0.03502	0.00875	0.02757	0.00685	0.00448	0.00397	0.00124	0.00547	0.00357	0.01236	0.01757
1	0.01392	0.12196	0.02461	0.02477	0.01276	0.40980	0.02371	0.17402	0.03343	0.01428	0.03660	0.01020	0.02520	0.00487	0.00428	0.00118	0.03912	0.00339	0.01646	0.00545
2	0.00719	0.00539	0.00649	0.00583	0.00750	0.00484	0.00440	0.03886	0.04107	0.03253	0.34237	0.16213	0.12133	0.00823	0.00461	0.00127	0.00251	0.00716	0.01920	0.17708
3	0.04948	0.05244	0.23159	0.02728	0.04307	0.00797	0.05810	0.03087	0.03617	0.05843	0.01478	0.08832	0.12066	0.01779	0.00438	0.00130	0.00434	0.00489	0.00282	0.14533
4	0.00565	0.00399	0.00519	0.00569	0.00597	0.00398	0.00378	0.00634	0.00744	0.01008	0.03801	0.44487	0.02173	0.26315	0.15086	0.00329	0.00446	0.00897	0.00328	0.00327
5	0.00612	0.00501	0.00672	0.00718	0.02140	0.02380	0.02946	0.00711	0.00833	0.01113	0.04640	0.60051	0.05423	0.02206	0.04174	0.00194	0.07222	0.02732	0.00359	0.00375
6	0.01092	0.01298	0.14470	0.01554	0.03372	0.01088	0.51924	0.13146	0.03183	0.03222	0.00907	0.01107	0.00666	0.00397	0.00471	0.00139	0.00647	0.00452	0.00253	0.00612
7	0.00727	0.00541	0.00649	0.00598	0.00751	0.00518	0.02173	0.02785	0.11956	0.06050	0.29146	0.10274	0.30382	0.00905	0.00491	0.00142	0.00255	0.00780	0.00429	0.00448
8	0.00590	0.00411	0.00520	0.00546	0.00569	0.00421	0.00354	0.00643	0.00685	0.00930	0.01562	0.24213	0.01777	0.45073	0.19438	0.00408	0.00527	0.00739	0.00288	0.00308
9	0.47712	0.00781	0.00780	0.00647	0.00928	0.00820	0.00531	0.05352	0.00987	0.30807	0.04309	0.01151	0.02615	0.00481	0.00345	0.00132	0.00340	0.00344	0.00376	0.00563
10	0.00962	0.27167	0.52697	0.01095	0.01625	0.02891	0.05442	0.01333	0.00900	0.01238	0.00715	0.00844	0.00547	0.00390	0.00369	0.00122	0.00584	0.00297	0.00183	0.00598
11	0.01386	0.00746	0.00897	0.00748	0.01008	0.00746	0.00597	0.04365	0.27655	0.38652	0.09398	0.01749	0.04379	0.00594	0.00432	0.00135	0.00328	0.00492	0.05047	0.00646
12	0.00586	0.00437	0.00629	0.00657	0.00713	0.00484	0.00488	0.00706	0.00725	0.01017	0.01533	0.29357	0.01648	0.04623	0.51864	0.00496	0.02677	0.00709	0.00283	0.00367
13	0.00534	0.00381	0.00511	0.00610	0.00641	0.00359	0.00421	0.00619	0.00830	0.01103	0.02337	0.77506	0.02781	0.01319	0.00547	0.00175	0.00260	0.08323	0.00395	0.00350
14	0.00874	0.08164	0.77057	0.01178	0.01788	0.01038	0.01512	0.01342	0.00896	0.01323	0.00751	0.00883	0.00540	0.00401	0.00395	0.00132	0.00616	0.00308	0.00180	0.00623
15	0.01293	0.10924	0.02679	0.00998	0.05080	0.42319	0.00753	0.01520	0.07990	0.05394	0.04470	0.06091	0.03996	0.00545	0.00414	0.00120	0.02006	0.00405	0.02485	0.00517
16	0.42733	0.01317	0.00941	0.00822	0.01082	0.30649	0.00648	0.14526	0.01107	0.01724	0.00687	0.00773	0.00535	0.00430	0.00333	0.00123	0.00510	0.00271	0.00274	0.00516
17	0.01070	0.27575	0.13087	0.01416	0.09629	0.06830	0.31939	0.01350	0.00957	0.01229	0.00744	0.00934	0.00596	0.00374	0.00402	0.00122	0.00606	0.00364	0.00200	0.00577
18	0.00554	0.00401	0.00523	0.00560	0.00623	0.00370	0.00394	0.00684	0.00989	0.01355	0.36682	0.46034	0.07001	0.01123	0.00524	0.00155	0.00226	0.01006	0.00426	0.00370
19	0.00915	0.17075	0.63147	0.01180	0.03363	0.01118	0.04914	0.01334	0.00898	0.01287	0.00738	0.00874	0.00548	0.00395	0.00385	0.00127	0.00599	0.00308	0.00182	0.00612
20	0.01130	0.04499	0.06623	0.02995	0.44186	0.03977	0.09770	0.09412	0.08616	0.03275	0.00919	0.01085	0.00723	0.00415	0.00423	0.00129	0.00521	0.00390	0.00257	0.00652
21	0.04770	0.00727	0.00975	0.00750	0.01077	0.00636	0.00620	0.02046	0.01201	0.80004	0.01643	0.01423	0.01034	0.00522	0.00422	0.00132	0.00361	0.00421	0.00518	0.00715
22	0.00608	0.00454	0.00672	0.00672	0.00744	0.00525	0.00517	0.00752	0.00680	0.00979	0.01151	0.01733	0.01090	0.07694	0.78894	0.00669	0.01100	0.00465	0.00230	0.00373
23	0.02487	0.12005	0.21133	0.00918	0.01334	0.08047	0.04641	0.08720	0.03362	0.01438	0.00784	0.00894	0.00616	0.00383	0.00359	0.00101	0.00482	0.00296	0.00243	0.31757
24	0.00576	0.00427	0.00523	0.00547	0.00625	0.00400	0.00387	0.00740	0.04306	0.01315	0.27852	0.35545	0.16318	0.06185	0.00613	0.00168	0.00240	0.00938	0.01922	0.00375
25	0.00523	0.00375	0.00490	0.00580	0.00608	0.00350	0.00385	0.00595	0.00810	0.01075	0.02368	0.77539	0.05740	0.05603	0.00625	0.00184	0.00254	0.01168	0.00388	0.00342
26	0.01030	0.00953	0.09601	0.00863	0.02420	0.02579	0.04021	0.18321	0.14492	0.06403	0.17621	0.02070	0.12100	0.00734	0.02613	0.00151	0.00405	0.02671	0.00389	0.00565
27	0.01003	0.02798	0.01655	0.24680	0.39105	0.01033	0.11682	0.03578	0.03194	0.02485	0.00826	0.01094	0.00657	0.00415	0.00470	0.00135	0.03974	0.00395	0.00221	0.00596
28	0.03725	0.00805	0.00988	0.00777	0.01081	0.02230	0.00634	0.14921	0.03193	0.57722	0.02716	0.03959	0.01081	0.00549	0.00423	0.00131	0.00374	0.00443	0.03563	0.00685
29	0.00816	0.00419	0.00440	0.00428	0.00537	0.00416	0.00323	0.01031	0.02336	0.04109	0.08450	0.01721	0.01348	0.00531	0.00322	0.00104	0.00206	0.00432	0.75622	0.00412
30	0.01001	0.01890	0.58599	0.02994	0.03578	0.03955	0.07060	0.08202	0.03259	0.04268	0.00848	0.00969	0.00605	0.00420	0.00415	0.00134	0.00605	0.00344	0.00225	0.00630
31	0.00600	0.00426	0.00545	0.00608	0.00672	0.00404	0.00434	0.03443	0.00895	0.02837	0.02491	0.61437	0.12314	0.01283	0.02327	0.00180	0.00285	0.08050	0.00395	0.00373
32	0.01138	0.85302	0.02230	0.00728	0.01092	0.01684	0.00728	0.01274	0.00865	0.01001	0.00592	0.00683	0.00546	0.00364	0.00273	0.00091	0.00455	0.00228	0.00182	0.00546
33	0.00950	0.01943	0.00944	0.00687	0.01037	0.02000	0.02235	0.06825	0.01962	0.03070	0.02598	0.03534	0.02564	0.00399	0.00346	0.00079	0.00339	0.00326	0.00282	0.67879
34	0.01025	0.15443	0.29071	0.04134	0.04636	0.10305	0.11259	0.02455	0.10535	0.01304	0.01004	0.01128	0.03927	0.01470	0.00423	0.00131	0.00564	0.00372	0.00233	0.00580
35	0.48928	0.00765	0.00767	0.00636	0.00919	0.00795	0.00523	0.01574	0.00939	0.35056	0.02475	0.01068	0.00782	0.00460	0.00336	0.00131	0.00337	0.00325	0.02616	0.00566
36	0.01115	0.08409	0.16244	0.03488	0.15852	0.09578	0.09102	0.10270	0.08047	0.03937	0.01017	0.06879	0.00857	0.00505	0.00439	0.00132	0.01993	0.01268	0.00271	0.00599
37	0.03580	0.00899	0.09418	0.01234	0.17587	0.00771	0.11152	0.04268	0.03039	0.05679	0.07974	0.08681	0.15623	0.00806	0.05176	0.00171	0.02519	0.00584	0.00309	0.00529

[dist]
# distance from previous block
# <min> <max>
0	1

[block]
# block no. 3 follows, 62 sequences, length 33
# corresponding to MSA columns:
# 119-151
name=unknown_D
#
# <colnr> <probs for GDERKNQSTAVLIFYWHMCP>
#	G	D	E	R	K	N	Q	S	T	A	V	L	I	F	Y	W	H	M	C	P
0	0.83191	0.00864	0.00660	0.00586	0.00851	0.02925	0.00481	0.03849	0.00777	0.01914	0.00608	0.00704	0.00471	0.00400	0.00271	0.00131	0.00344	0.00236	0.00268	0.00470
1	0.01093	0.00842	0.02508	0.00740	0.00965	0.03480	0.00595	0.26496	0.12268	0.04064	0.20890	0.01805	0.03116	0.03530	0.00483	0.00135	0.00347	0.00500	0.11790	0.04354
2	0.04722	0.21430	0.50799	0.01057	0.01571	0.04027	0.02707	0.04466	0.00947	0.03534	0.00749	0.00859	0.00561	0.00402	0.00370	0.00123	0.00568	0.00298	0.00205	0.00603
3	0.01052	0.01015	0.01749	0.02589	0.80182	0.01013	0.03499	0.01307	0.00970	0.01389	0.00802	0.01056	0.00673	0.00379	0.00423	0.00127	0.00511	0.00383	0.00211	0.00671
4	0.00618	0.00415	0.00476	0.00476	0.00480	0.00419	0.00273	0.00626	0.00622	0.00834	0.01330	0.02724	0.01521	0.80606	0.06570	0.00427	0.00452	0.00610	0.00256	0.00264
5	0.00587	0.00401	0.00480	0.00511	0.00521	0.00396	0.00309	0.00615	0.00681	0.00911	0.01644	0.28025	0.01922	0.56597	0.04284	0.00347	0.00385	0.00796	0.00299	0.00289
6	0.00808	0.00660	0.00798	0.00751	0.00899	0.00760	0.00588	0.02601	0.32364	0.01354	0.01611	0.01837	0.07234	0.01797	0.37562	0.00387	0.03554	0.01865	0.02068	0.00502
7	0.00530	0.00379	0.00504	0.00596	0.00626	0.00355	0.00405	0.00613	0.00831	0.01111	0.05038	0.76951	0.02815	0.02897	0.00574	0.00177	0.00255	0.04598	0.00395	0.00348
8	0.88052	0.00823	0.00625	0.00560	0.00823	0.00955	0.00461	0.01251	0.00724	0.01909	0.00592	0.00691	0.00461	0.00395	0.00263	0.00132	0.00329	0.00230	0.00263	0.00461
9	0.01004	0.01148	0.02511	0.01793	0.02224	0.01076	0.80846	0.01363	0.01004	0.01363	0.00861	0.01148	0.00646	0.00359	0.00502	0.00143	0.00717	0.00502	0.00215	0.00574
10	0.00586	0.00447	0.00489	0.00480	0.00622	0.00384	0.00368	0.00715	0.01017	0.04568	0.16205	0.03883	0.62327	0.01028	0.00504	0.00145	0.00229	0.05208	0.00412	0.00382
11	0.00759	0.00533	0.00602	0.00561	0.00728	0.00498	0.00435	0.01045	0.12127	0.10233	0.18649	0.03314	0.43785	0.00913	0.00488	0.00143	0.00253	0.04055	0.00429	0.00452
12	0.88052	0.00823	0.00625	0.00560	0.00823	0.00955	0.00461	0.01251	0.00724	0.01909	0.00592	0.00691	0.00461	0.00395	0.00263	0.00132	0.00329	0.00230	0.00263	0.00461
13	0.81993	0.00836	0.00663	0.00583	0.00851	0.00961	0.00480	0.04720	0.00793	0.04119	0.00640	0.00726	0.00488	0.00404	0.00275	0.00131	0.00336	0.00242	0.00277	0.00479
14	0.02706	0.01178	0.14208	0.05111	0.08636	0.04280	0.19064	0.11902	0.02858	0.07973	0.03661	0.03913	0.02719	0.00483	0.00457	0.00131	0.02486	0.00438	0.00287	0.07508
15	0.01121	0.68316	0.03895	0.00895	0.03551	0.04360	0.07261	0.01282	0.00883	0.01048	0.00637	0.00779	0.00575	0.01789	0.00356	0.00105	0.02145	0.00267	0.00188	0.00546
16	0.88052	0.00823	0.00625	0.00560	0.00823	0.00955	0.00461	0.01251	0.00724	0.01909	0.00592	0.00691	0.00461	0.00395	0.00263	0.00132	0.00329	0.00230	0.00263	0.00461
17	0.00552	0.00475	0.03668	0.00542	0.00648	0.00387	0.00412	0.00682	0.00943	0.01247	0.16707	0.35594	0.30613	0.01091	0.00506	0.00151	0.00241	0.00954	0.04213	0.00373
18	0.04376	0.03680	0.09758	0.05650	0.13131	0.23319	0.13378	0.10166	0.02212	0.05141	0.00818	0.00972	0.00631	0.00438	0.00459	0.00129	0.04552	0.00358	0.00250	0.00581
19	0.00667	0.00494	0.00615	0.00622	0.00717	0.00506	0.00459	0.04995	0.05455	0.02581	0.06092	0.30535	0.15925	0.05486	0.18772	0.00284	0.01529	0.02325	0.01540	0.00402
20	0.00520	0.00396	0.00476	0.00536	0.00605	0.00356	0.00373	0.00609	0.00876	0.01118	0.04421	0.51364	0.31083	0.02837	0.00560	0.00167	0.00241	0.02717	0.00394	0.00351
21	0.01083	0.15433	0.08211	0.02883	0.05576	0.15578	0.02482	0.04592	0.10496	0.04220	0.02124	0.03192	0.01145	0.05000	0.02086	0.00160	0.00513	0.14407	0.00291	0.00528
22	0.00830	0.00818	0.01371	0.04826	0.10061	0.02619	0.25827	0.01138	0.06707	0.01402	0.19681	0.02167	0.16962	0.00643	0.00509	0.00140	0.02870	0.00608	0.00319	0.00503
23	0.74030	0.00823	0.00694	0.00599	0.00874	0.00925	0.00494	0.04069	0.00831	0.12326	0.00747	0.00800	0.00546	0.00416	0.00290	0.00132	0.00338	0.00261	0.00303	0.00504
24	0.00524	0.00419	0.00473	0.00495	0.00603	0.00368	0.00362	0.00636	0.00950	0.01191	0.11757	0.23578	0.50984	0.01172	0.02524	0.00164	0.00248	0.02793	0.00399	0.00362
25	0.02711	0.06306	0.35771	0.03962	0.03755	0.20790	0.04797	0.03684	0.03236	0.06109	0.02496	0.01067	0.00721	0.00450	0.00404	0.00128	0.00604	0.02188	0.00239	0.00581
26	0.01307	0.01370	0.01404	0.13719	0.22592	0.32759	0.05027	0.09347	0.01158	0.04931	0.00851	0.01016	0.01758	0.00437	0.00413	0.00124	0.00612	0.00354	0.00249	0.00572
27	0.00540	0.00402	0.00505	0.00561	0.00629	0.00367	0.00400	0.00651	0.00924	0.01216	0.16047	0.48348	0.20226	0.01190	0.00530	0.00162	0.00242	0.06292	0.00407	0.00361
28	0.01237	0.01081	0.03985	0.01035	0.04219	0.06608	0.07217	0.37787	0.08645	0.01945	0.04003	0.05854	0.03864	0.01756	0.02390	0.00154	0.02293	0.04958	0.00364	0.00605
29	0.05033	0.03641	0.07268	0.05873	0.05616	0.18022	0.11059	0.11173	0.08271	0.10564	0.04625	0.02448	0.03517	0.00501	0.00422	0.00130	0.00529	0.00418	0.00312	0.00581
30	0.00929	0.02266	0.07676	0.01443	0.13283	0.04700	0.33191	0.02956	0.04838	0.01334	0.01535	0.05641	0.14621	0.00605	0.01932	0.00149	0.01538	0.00551	0.00266	0.00544
31	0.05570	0.00586	0.00774	0.00765	0.05169	0.00546	0.00543	0.02979	0.00999	0.32515	0.01916	0.36562	0.04505	0.01972	0.02389	0.00165	0.00335	0.00762	0.00424	0.00523
32	0.35804	0.05250	0.25625	0.00917	0.01306	0.06408	0.05881	0.07249	0.02399	0.03345	0.00763	0.01966	0.00584	0.00424	0.00351	0.00130	0.00488	0.00308	0.00251	0.00552

[dist]
# distance from previous block
# <min> <max>
0	45

[block]
# block no. 4 follows, 62 sequences, length 46
# corresponding to MSA columns:
# 197-242
name=unknown_E
#
# <colnr> <probs for GDERKNQSTAVLIFYWHMCP>
#	G	D	E	R	K	N	Q	S	T	A	V	L	I	F	Y	W	H	M	C	P
0	0.00626	0.01755	0.01804	0.00685	0.04564	0.00465	0.00477	0.00790	0.04256	0.03072	0.10255	0.42035	0.18764	0.01223	0.05557	0.00189	0.00320	0.02381	0.00381	0.00402
1	0.01169	0.02579	0.01398	0.14152	0.16605	0.05335	0.10248	0.15016	0.13704	0.07718	0.01188	0.02530	0.03775	0.00490	0.00432	0.00133	0.00491	0.00434	0.00313	0.02289
2	0.04364	0.01208	0.12188	0.03438	0.17218	0.05363	0.26623	0.06780	0.03751	0.07148	0.00995	0.02301	0.02249	0.01683	0.00493	0.00140	0.02768	0.00431	0.00260	0.00599
3	0.00834	0.09554	0.25033	0.00885	0.02657	0.00804	0.01958	0.02199	0.00812	0.04833	0.01949	0.01353	0.00874	0.06279	0.30895	0.06199	0.01781	0.00394	0.00226	0.00480
4	0.00749	0.02967	0.02856	0.01022	0.01241	0.00704	0.28977	0.00980	0.03457	0.01235	0.05054	0.23955	0.15163	0.05047	0.00605	0.00165	0.01978	0.03078	0.00315	0.00451
5	0.00804	0.00531	0.00615	0.00566	0.00734	0.00493	0.00436	0.01071	0.10519	0.13406	0.22828	0.05615	0.37792	0.00895	0.00486	0.00141	0.00251	0.01919	0.00437	0.00461
6	0.03563	0.15016	0.16748	0.01440	0.24248	0.13627	0.01062	0.11306	0.05145	0.02777	0.00821	0.00940	0.00647	0.00419	0.00385	0.00121	0.00540	0.00329	0.00246	0.00619
7	0.01026	0.00972	0.01650	0.02477	0.76366	0.00972	0.01260	0.01275	0.00970	0.01381	0.00908	0.01330	0.00805	0.00438	0.00434	0.00132	0.00497	0.06231	0.00224	0.00653
8	0.00541	0.00416	0.00498	0.00545	0.00627	0.00379	0.00390	0.00670	0.02765	0.01191	0.10481	0.42745	0.31208	0.01174	0.00524	0.00159	0.00240	0.04678	0.00403	0.00365
9	0.01093	0.04181	0.00938	0.00815	0.00995	0.36389	0.00620	0.01359	0.10301	0.01361	0.29179	0.01934	0.07832	0.00647	0.00435	0.00124	0.00471	0.00513	0.00341	0.00474
10	0.10173	0.03438	0.03236	0.02350	0.02642	0.05770	0.31934	0.26235	0.01288	0.05005	0.00884	0.01027	0.00654	0.00434	0.00460	0.00134	0.03029	0.00404	0.00296	0.00607
11	0.69769	0.00818	0.00712	0.00609	0.00887	0.00908	0.00502	0.04074	0.00855	0.16358	0.00801	0.00837	0.00575	0.00422	0.00298	0.00132	0.00340	0.00271	0.00316	0.00517
12	0.00512	0.00397	0.00466	0.00521	0.00598	0.00352	0.00363	0.00600	0.00883	0.01114	0.03211	0.49208	0.37815	0.01220	0.00525	0.00160	0.00233	0.01072	0.00395	0.00352
13	0.00710	0.00445	0.00546	0.00562	0.00611	0.00430	0.00367	0.03420	0.00801	0.07545	0.01807	0.39349	0.02048	0.37951	0.01242	0.00273	0.00336	0.00860	0.00346	0.00350
14	0.03946	0.00917	0.01077	0.00840	0.01158	0.00934	0.00690	0.33461	0.07344	0.39957	0.04240	0.01330	0.01029	0.00533	0.00426	0.00131	0.00396	0.00421	0.00471	0.00702
15	0.00808	0.00932	0.17738	0.00980	0.07510	0.00680	0.01950	0.06101	0.02140	0.02448	0.01959	0.05966	0.11881	0.00856	0.00500	0.00161	0.00425	0.33584	0.02892	0.00489
16	0.00514	0.00431	0.00447	0.00443	0.00582	0.00364	0.00332	0.00633	0.00997	0.01213	0.13179	0.03991	0.73311	0.01054	0.00503	0.00143	0.00214	0.00883	0.00403	0.00364
17	0.00865	0.05694	0.79453	0.01192	0.01810	0.01017	0.01537	0.01344	0.00897	0.01333	0.00756	0.00889	0.00539	0.00403	0.00399	0.00133	0.00622	0.00311	0.00180	0.00625
18	0.00505	0.00431	0.00435	0.00434	0.00576	0.00360	0.00325	0.00616	0.00976	0.01164	0.06354	0.04071	0.80167	0.01072	0.00503	0.00143	0.00215	0.00895	0.00397	0.00360
19	0.00739	0.00370	0.00554	0.00554	0.00554	0.00370	0.00370	0.00554	0.00554	0.00739	0.00739	0.01293	0.00739	0.01478	0.01663	0.87620	0.00370	0.00370	0.00185	0.00185
20	0.00682	0.00487	0.00682	0.00780	0.00876	0.00487	0.00680	0.00876	0.00976	0.01269	0.02255	0.06476	0.02456	0.01179	0.00587	0.00195	0.00389	0.77887	0.00392	0.00391
21	0.01058	0.00914	0.00962	0.00866	0.01106	0.01058	0.00673	0.02261	0.81623	0.01780	0.01732	0.01588	0.01299	0.00577	0.00433	0.00144	0.00337	0.00481	0.00433	0.00673
22	0.01138	0.85302	0.02230	0.00728	0.01092	0.01684	0.00728	0.01274	0.00865	0.01001	0.00592	0.00683	0.00546	0.00364	0.00273	0.00091	0.00455	0.00228	0.00182	0.00546
23	0.00522	0.00373	0.00498	0.00597	0.00623	0.00349	0.00402	0.00599	0.00819	0.01091	0.02343	0.82854	0.02806	0.01329	0.00544	0.00173	0.00250	0.03085	0.00395	0.00347
24	0.00793	0.00397	0.00397	0.00397	0.00496	0.00397	0.00297	0.00991	0.00892	0.01586	0.01388	0.01586	0.01091	0.00496	0.00297	0.00099	0.00198	0.00397	0.87408	0.00397
25	0.00686	0.00490	0.00686	0.00784	0.00882	0.00490	0.00686	0.00882	0.00980	0.01273	0.02253	0.04800	0.02449	0.01175	0.00588	0.00196	0.00392	0.79528	0.00392	0.00392
26	0.00845	0.02067	0.75466	0.01221	0.03043	0.00961	0.03720	0.01312	0.00898	0.01336	0.00841	0.04861	0.00651	0.00446	0.00414	0.00137	0.00611	0.00363	0.00191	0.00615
27	0.00952	0.03566	0.17966	0.00833	0.02467	0.00734	0.03106	0.03628	0.00937	0.04570	0.00801	0.00916	0.00629	0.00351	0.00347	0.00087	0.00405	0.00284	0.00249	0.57168
28	0.04551	0.09777	0.40516	0.01138	0.01587	0.20435	0.07546	0.02526	0.03185	0.02889	0.00769	0.00890	0.00581	0.00417	0.00402	0.00126	0.01554	0.00317	0.00212	0.00581
29	0.01909	0.00724	0.00987	0.00757	0.01086	0.00625	0.00625	0.02074	0.01218	0.82687	0.01679	0.01448	0.01053	0.00527	0.00428	0.00132	0.00362	0.00428	0.00527	0.00724
30	0.00853	0.02201	0.82841	0.01213	0.01842	0.00988	0.01572	0.01348	0.00898	0.01348	0.00764	0.00898	0.00539	0.00404	0.00404	0.00135	0.00629	0.00314	0.00180	0.00629
31	0.02658	0.03018	0.10367	0.00981	0.01325	0.03574	0.06285	0.34235	0.12210	0.14394	0.01235	0.02591	0.01968	0.01653	0.00451	0.00137	0.00468	0.01407	0.00383	0.00660
32	0.00975	0.01361	0.22243	0.04163	0.24082	0.01033	0.37148	0.01336	0.00964	0.01359	0.00817	0.01059	0.00625	0.00377	0.00454	0.00137	0.00633	0.00418	0.00204	0.00612
33	0.00816	0.00418	0.00421	0.00412	0.00518	0.00422	0.00311	0.03169	0.00922	0.01616	0.01378	0.01571	0.01081	0.00496	0.00301	0.00100	0.00206	0.00396	0.85040	0.00405
34	0.01025	0.13229	0.57404	0.01123	0.01647	0.13142	0.01324	0.04062	0.00976	0.01301	0.00734	0.00855	0.00547	0.00407	0.00384	0.00125	0.00621	0.00299	0.00194	0.00601
35	0.00948	0.08189	0.55011	0.01388	0.12847	0.04471	0.06155	0.01379	0.03295	0.01328	0.00786	0.00933	0.00587	0.00402	0.00403	0.00130	0.00601	0.00331	0.00195	0.00621
36	0.00583	0.00393	0.00519	0.00596	0.00632	0.00374	0.00403	0.00672	0.03053	0.02658	0.02168	0.72545	0.02539	0.01292	0.00622	0.07157	0.00260	0.01091	0.02090	0.00350
37	0.00584	0.00464	0.00486	0.00471	0.00622	0.00405	0.00356	0.00753	0.04800	0.03899	0.10790	0.03811	0.69028	0.01018	0.00497	0.00142	0.00225	0.00852	0.00408	0.00390
38	0.05522	0.08366	0.06655	0.01128	0.02535	0.13623	0.17362	0.20063	0.12182	0.05785	0.02066	0.01084	0.00779	0.00456	0.00415	0.00128	0.00541	0.00387	0.00311	0.00612
39	0.00914	0.00833	0.01277	0.03855	0.37314	0.02383	0.03039	0.03744	0.04695	0.01274	0.01042	0.07505	0.00976	0.06222	0.16166	0.00258	0.07240	0.00476	0.00246	0.00543
40	0.01671	0.00865	0.01049	0.00823	0.01129	0.00857	0.00672	0.31167	0.01475	0.45333	0.02675	0.07973	0.01116	0.00590	0.00437	0.00134	0.00390	0.00479	0.00478	0.00689
41	0.00604	0.00445	0.00581	0.00662	0.00734	0.00433	0.00509	0.00779	0.04697	0.01193	0.02446	0.44779	0.09207	0.01218	0.00551	0.00178	0.00302	0.29908	0.00396	0.00379
42	0.04021	0.08258	0.34405	0.05235	0.12205	0.03845	0.03471	0.14098	0.03233	0.06024	0.00865	0.00977	0.00637	0.00427	0.00400	0.00129	0.00545	0.00342	0.00255	0.00630
43	0.00547	0.00412	0.00494	0.00534	0.00611	0.00375	0.00381	0.00651	0.00909	0.01174	0.12856	0.33089	0.29440	0.09403	0.00687	0.00184	0.00258	0.07250	0.00390	0.00352
44	0.01287	0.40824	0.01681	0.00834	0.01165	0.01401	0.03075	0.31808	0.04191	0.01730	0.00869	0.00931	0.00687	0.00438	0.00346	0.00109	0.00443	0.00318	0.07255	0.00607
45	0.03575	0.24660	0.22598	0.00942	0.01329	0.20917	0.00938	0.06606	0.01044	0.03255	0.02674	0.00877	0.00656	0.00415	0.00356	0.00110	0.00552	0.00291	0.00230	0.07975

[dist]
# distance from previous block
# <min> <max>
0	9

[block]
# block no. 5 follows, 62 sequences, length 44
# corresponding to MSA columns:
# 252-295
name=unknown_F
#
# <colnr> <probs for GDERKNQSTAVLIFYWHMCP>
#	G	D	E	R	K	N	Q	S	T	A	V	L	I	F	Y	W	H	M	C	P
0	0.03514	0.03621	0.07750	0.05112	0.23926	0.05747	0.15665	0.12336	0.08294	0.02616	0.02316	0.02874	0.00803	0.00460	0.00459	0.00134	0.03072	0.00416	0.00270	0.00613
1	0.01580	0.01592	0.01227	0.01031	0.01304	0.42256	0.00809	0.39501	0.01573	0.01823	0.00843	0.00910	0.00644	0.00538	0.02356	0.00132	0.00633	0.00330	0.00318	0.00601
2	0.04194	0.00776	0.00898	0.00652	0.01021	0.00619	0.00525	0.04689	0.00950	0.07320	0.00828	0.00922	0.00659	0.00342	0.00326	0.00073	0.00326	0.00270	0.00280	0.74330
3	0.00861	0.04490	0.80621	0.01199	0.01821	0.01007	0.01549	0.01346	0.00897	0.01338	0.00759	0.00892	0.00539	0.00403	0.00401	0.00134	0.00624	0.00312	0.00180	0.00627
4	0.02875	0.00797	0.00935	0.00772	0.01035	0.02065	0.00618	0.11297	0.21856	0.34754	0.16534	0.01731	0.01609	0.00598	0.00439	0.00134	0.00344	0.00494	0.00471	0.00643
5	0.00684	0.00422	0.00609	0.00619	0.00633	0.00452	0.00434	0.00622	0.00639	0.00872	0.01165	0.21460	0.01272	0.02671	0.10311	0.49339	0.06703	0.00585	0.00241	0.00267
6	0.01571	0.01071	0.01181	0.00920	0.01236	0.01158	0.00754	0.64760	0.01819	0.12700	0.03193	0.05538	0.00957	0.00565	0.00434	0.00131	0.00436	0.00442	0.00438	0.00696
7	0.00786	0.00598	0.00739	0.00720	0.00858	0.00620	0.02233	0.02899	0.21453	0.04586	0.12095	0.25069	0.09460	0.00957	0.00519	0.00159	0.01586	0.13779	0.00412	0.00474
8	0.00517	0.00374	0.00490	0.00583	0.00615	0.00346	0.00391	0.00594	0.00824	0.01090	0.02462	0.79962	0.07545	0.01318	0.00541	0.00171	0.00245	0.01191	0.00395	0.00346
9	0.44271	0.00872	0.00868	0.00707	0.01005	0.00938	0.00583	0.17938	0.02520	0.25006	0.01009	0.00990	0.00698	0.00459	0.00346	0.00131	0.00367	0.00322	0.00374	0.00593
10	0.01573	0.01185	0.01243	0.00967	0.01291	0.03837	0.00793	0.75281	0.01928	0.02567	0.01063	0.04369	0.00802	0.00541	0.00429	0.00129	0.00469	0.00413	0.00418	0.00701
11	0.00514	0.00435	0.00446	0.00452	0.00593	0.00367	0.00345	0.00627	0.00970	0.01157	0.04186	0.04138	0.77405	0.01084	0.00508	0.00147	0.00226	0.05643	0.00395	0.00361
12	0.00816	0.00768	0.01298	0.80124	0.06736	0.00949	0.01188	0.01098	0.00856	0.01102	0.00758	0.01131	0.00572	0.00423	0.00425	0.00141	0.00564	0.00378	0.00190	0.00482
13	0.00503	0.00431	0.00431	0.00431	0.00575	0.00359	0.00323	0.00611	0.00970	0.01149	0.04310	0.04095	0.82219	0.01078	0.00503	0.00144	0.00216	0.00898	0.00395	0.00359
14	0.01618	0.01192	0.01277	0.00979	0.01320	0.01320	0.00809	0.80973	0.02001	0.02682	0.01022	0.01022	0.00724	0.00511	0.00426	0.00128	0.00468	0.00383	0.00426	0.00724
15	0.01004	0.01148	0.02511	0.01793	0.02224	0.01076	0.80846	0.01363	0.01004	0.01363	0.00861	0.01148	0.00646	0.00359	0.00502	0.00143	0.00717	0.00502	0.00215	0.00574
16	0.00997	0.01205	0.07258	0.01735	0.02173	0.01070	0.74076	0.01385	0.03057	0.01373	0.00877	0.01144	0.00656	0.00367	0.00495	0.00143	0.00702	0.00490	0.00219	0.00580
17	0.00863	0.00829	0.01348	0.68758	0.15813	0.02969	0.01193	0.01138	0.00879	0.01135	0.00761	0.01112	0.00584	0.00418	0.00424	0.00139	0.00562	0.00376	0.00193	0.00506
18	0.00916	0.05525	0.00911	0.00729	0.00889	0.14595	0.04520	0.04643	0.04686	0.01137	0.03278	0.01906	0.05490	0.32141	0.07777	0.00270	0.00522	0.00484	0.00270	0.09311
19	0.06324	0.21614	0.09183	0.02328	0.02745	0.08897	0.12910	0.08317	0.02508	0.09487	0.00887	0.03057	0.00703	0.00430	0.00377	0.00116	0.00507	0.00352	0.00268	0.08988
20	0.00973	0.37159	0.48930	0.01009	0.01526	0.01281	0.01217	0.01317	0.00884	0.01202	0.00691	0.00808	0.00542	0.00387	0.00349	0.00116	0.00556	0.00278	0.00181	0.00594
21	0.01909	0.00724	0.00987	0.00757	0.01086	0.00625	0.00625	0.02074	0.01218	0.82687	0.01679	0.01448	0.01053	0.00527	0.00428	0.00132	0.00362	0.00428	0.00527	0.00724
22	0.02946	0.00782	0.04645	0.11493	0.12631	0.00749	0.00752	0.09258	0.04948	0.13767	0.08281	0.03224	0.11905	0.00677	0.02901	0.00148	0.00400	0.00505	0.09440	0.00547
23	0.03475	0.05406	0.50472	0.01285	0.06516	0.05697	0.10141	0.02566	0.04056	0.01366	0.01858	0.00972	0.00636	0.00423	0.00441	0.00134	0.03397	0.00346	0.00208	0.00604
24	0.01745	0.00811	0.05843	0.00779	0.01108	0.00661	0.00673	0.05581	0.01210	0.68685	0.01618	0.05162	0.01088	0.00554	0.00429	0.00133	0.00374	0.00454	0.02400	0.00694
25	0.00569	0.00403	0.00478	0.00508	0.00544	0.00382	0.00324	0.00624	0.00779	0.01027	0.08708	0.30219	0.12905	0.39158	0.01269	0.00274	0.00314	0.00865	0.00339	0.00312
26	0.07810	0.01090	0.10322	0.02270	0.03640	0.09081	0.06441	0.13081	0.14683	0.04733	0.03357	0.11613	0.04918	0.00614	0.00427	0.00136	0.00442	0.00515	0.04269	0.00559
27	0.00984	0.01083	0.07879	0.10062	0.36163	0.03847	0.18514	0.03576	0.02082	0.01351	0.01018	0.06009	0.03169	0.00510	0.01763	0.00144	0.00560	0.00463	0.00233	0.00591
28	0.03532	0.01043	0.01176	0.00903	0.01238	0.01102	0.00746	0.55422	0.01737	0.26867	0.01211	0.01144	0.00818	0.00513	0.00423	0.00129	0.00433	0.00393	0.00453	0.00718
29	0.00739	0.00370	0.00554	0.00554	0.00554	0.00370	0.00370	0.00554	0.00554	0.00739	0.00739	0.01293	0.00739	0.01478	0.01663	0.87620	0.00370	0.00370	0.00185	0.00185
30	0.01028	0.11568	0.37675	0.04463	0.12667	0.06519	0.02942	0.03780	0.03411	0.03451	0.00787	0.00942	0.00606	0.00440	0.00482	0.00132	0.07961	0.00332	0.00213	0.00602
31	0.00589	0.00439	0.00563	0.00601	0.00634	0.01503	0.01839	0.00656	0.00757	0.01008	0.01897	0.46872	0.03360	0.26500	0.07365	0.00283	0.01944	0.02527	0.00332	0.00331
32	0.00619	0.00413	0.00464	0.00464	0.00464	0.00413	0.00258	0.00619	0.00619	0.00825	0.01341	0.02785	0.01547	0.85046	0.02166	0.00413	0.00413	0.00619	0.00258	0.00258
33	0.00993	0.03851	0.20572	0.05999	0.15653	0.04533	0.33499	0.03028	0.00977	0.01337	0.00832	0.02236	0.00654	0.00460	0.02152	0.00147	0.01858	0.00418	0.00211	0.00588
34	0.01000	0.05246	0.07951	0.01116	0.08302	0.03367	0.15515	0.05043	0.01019	0.11641	0.05035	0.19782	0.06108	0.00714	0.00502	0.00145	0.03378	0.03281	0.00326	0.00530
35	0.01030	0.00993	0.01711	0.09546	0.73302	0.01007	0.03576	0.01289	0.00960	0.01363	0.00798	0.01063	0.00664	0.00382	0.00424	0.00128	0.00517	0.00383	0.00209	0.00654
36	0.01029	0.00982	0.01671	0.02521	0.78699	0.00981	0.01265	0.01274	0.00962	0.01376	0.00870	0.04834	0.00771	0.00422	0.00427	0.00128	0.00494	0.00417	0.00219	0.00659
37	0.01180	0.05810	0.07320	0.01231	0.03517	0.07545	0.25408	0.11250	0.20401	0.06752	0.01167	0.01270	0.02049	0.00477	0.00454	0.00136	0.01630	0.01472	0.00313	0.00617
38	0.02361	0.05158	0.10173	0.05172	0.19149	0.08268	0.08104	0.05076	0.09554	0.13653	0.01086	0.01287	0.00843	0.00605	0.04531	0.00159	0.00545	0.03367	0.00295	0.00610
39	0.00550	0.00402	0.00488	0.00541	0.00610	0.00364	0.00376	0.00637	0.00871	0.02540	0.04629	0.49648	0.27300	0.06278	0.00627	0.00177	0.00252	0.02968	0.00391	0.00354
40	0.09411	0.05439	0.61054	0.01205	0.05341	0.01033	0.04508	0.04789	0.00935	0.01448	0.00756	0.00891	0.00550	0.00403	0.00391	0.00132	0.00583	0.00316	0.00201	0.00613
41	0.02467	0.12991	0.25171	0.02287	0.06518	0.09334	0.10477	0.12989	0.02117	0.03756	0.02714	0.03061	0.03324	0.00470	0.00408	0.00127	0.00550	0.00389	0.00258	0.00593
42	0.04912	0.04896	0.09038	0.00889	0.01178	0.10966	0.07026	0.12563	0.01152	0.19016	0.01539	0.06414	0.09653	0.04817	0.00520	0.00148	0.00465	0.03901	0.00349	0.00557
43	0.01285	0.00824	0.04424	0.00820	0.01074	0.03233	0.04891	0.13309	0.03717	0.30977	0.03270	0.18308	0.08166	0.00735	0.00477	0.00143	0.01661	0.01681	0.00423	0.00583

[dist]
# distance from previous block
# <min> <max>
0	26

[block]
# block no. 6 follows, 62 sequences, length 66
# corresponding to MSA columns:
# 322-387
name=unknown_G
#
# <colnr> <probs for GDERKNQSTAVLIFYWHMCP>
#	G	D	E	R	K	N	Q	S	T	A	V	L	I	F	Y	W	H	M	C	P
0	0.13731	0.03187	0.07327	0.00891	0.02271	0.06759	0.05747	0.16711	0.04621	0.18649	0.04687	0.01254	0.03339	0.01376	0.00414	0.00128	0.00438	0.00389	0.00353	0.07729
1	0.08645	0.08920	0.09965	0.01940	0.03586	0.11301	0.01781	0.05225	0.02507	0.05913	0.06385	0.04084	0.06012	0.16035	0.00716	0.00175	0.00450	0.00456	0.00287	0.05618
2	0.05929	0.16771	0.34465	0.05160	0.03271	0.05591	0.01090	0.09917	0.03159	0.05085	0.00838	0.00982	0.00641	0.00431	0.00377	0.00123	0.00530	0.01743	0.00243	0.03652
3	0.02640	0.02223	0.00810	0.00684	0.00892	0.00720	0.00542	0.19466	0.08517	0.11905	0.11757	0.10882	0.21633	0.00802	0.00464	0.00140	0.00316	0.03136	0.01943	0.00528
4	0.18750	0.05542	0.05470	0.00970	0.01187	0.10731	0.05862	0.11267	0.03227	0.02977	0.00757	0.00960	0.00628	0.01784	0.04364	0.00171	0.24235	0.00342	0.00253	0.00524
5	0.02020	0.03413	0.05986	0.01886	0.02329	0.03301	0.03020	0.06530	0.03981	0.13138	0.08821	0.15543	0.04887	0.08416	0.00633	0.00174	0.00388	0.14673	0.00373	0.00488
6	0.00884	0.11546	0.65528	0.01163	0.01724	0.01046	0.05212	0.01316	0.00904	0.01305	0.00826	0.01089	0.00644	0.00438	0.00404	0.00133	0.00601	0.04440	0.00193	0.00604
7	0.00621	0.00462	0.00658	0.00656	0.00727	0.00525	0.00495	0.00786	0.03155	0.01016	0.03750	0.03391	0.01256	0.13204	0.66589	0.00607	0.00979	0.00501	0.00249	0.00374
8	0.00695	0.00488	0.00585	0.00562	0.00696	0.00454	0.00432	0.00922	0.06537	0.06934	0.34658	0.06365	0.28198	0.02964	0.00542	0.00151	0.00249	0.07717	0.00432	0.00422
9	0.00969	0.17494	0.58133	0.01140	0.01680	0.07384	0.04918	0.01361	0.00920	0.01261	0.00728	0.00860	0.00546	0.00397	0.00383	0.00125	0.00611	0.00304	0.00185	0.00601
10	0.00536	0.00383	0.00514	0.00613	0.00645	0.00361	0.00426	0.00623	0.00832	0.01106	0.02335	0.76332	0.02776	0.01316	0.00548	0.00175	0.00262	0.09472	0.00395	0.00350
11	0.00540	0.00414	0.00485	0.00509	0.00605	0.00372	0.00368	0.00658	0.00945	0.01230	0.16429	0.27973	0.38278	0.01210	0.04824	0.00177	0.00270	0.00930	0.03419	0.00365
12	0.01004	0.01148	0.02511	0.01793	0.02224	0.01076	0.80846	0.01363	0.01004	0.01363	0.00861	0.01148	0.00646	0.00359	0.00502	0.00143	0.00717	0.00502	0.00215	0.00574
13	0.00907	0.00756	0.00885	0.00633	0.01010	0.00569	0.00507	0.01096	0.00890	0.03344	0.00778	0.00896	0.00640	0.00320	0.00318	0.00065	0.00316	0.00256	0.00259	0.85554
14	0.00576	0.00386	0.00510	0.00590	0.00624	0.00360	0.00395	0.00648	0.00817	0.04057	0.02256	0.76412	0.02668	0.06721	0.00644	0.00187	0.00262	0.01143	0.00391	0.00354
15	0.00547	0.00410	0.00504	0.00560	0.00630	0.00376	0.00395	0.02039	0.00913	0.01186	0.09000	0.52645	0.23799	0.01209	0.00529	0.00162	0.00245	0.04088	0.00401	0.00362
16	0.08857	0.01057	0.01023	0.00869	0.01142	0.10719	0.00689	0.16312	0.37729	0.14999	0.01370	0.01289	0.00994	0.00525	0.00410	0.00134	0.00415	0.00409	0.00407	0.00651
17	0.00524	0.00374	0.00491	0.00583	0.00614	0.00348	0.00391	0.00604	0.00828	0.01109	0.03914	0.79173	0.05300	0.01301	0.00537	0.00170	0.00244	0.01177	0.01969	0.00348
18	0.04430	0.00850	0.01015	0.00797	0.01105	0.00845	0.00653	0.24608	0.06670	0.45530	0.02862	0.01426	0.03555	0.00543	0.00422	0.00131	0.00378	0.00432	0.03061	0.00686
19	0.00969	0.00927	0.01564	0.27960	0.53312	0.01006	0.01247	0.01223	0.00915	0.01276	0.00774	0.01072	0.00635	0.00413	0.00474	0.00134	0.04917	0.00378	0.00203	0.00600
20	0.00660	0.00484	0.00662	0.00693	0.00755	0.00525	0.00548	0.00789	0.00788	0.01067	0.01619	0.03203	0.01730	0.22648	0.24603	0.00388	0.05008	0.33169	0.00301	0.00359
21	0.01381	0.00607	0.00749	0.00621	0.00845	0.00565	0.00497	0.06565	0.01119	0.41594	0.01558	0.05844	0.01139	0.00556	0.00383	0.00121	0.00299	0.00454	0.34528	0.00576
22	0.00540	0.00447	0.00476	0.00479	0.00611	0.00393	0.00358	0.00700	0.04181	0.01231	0.12350	0.10459	0.62785	0.01058	0.00505	0.00146	0.00224	0.02277	0.00404	0.00376
23	0.00892	0.02192	0.78561	0.01207	0.01814	0.05306	0.01533	0.01366	0.00914	0.01331	0.00758	0.00891	0.00539	0.00406	0.00403	0.00133	0.00636	0.00312	0.00182	0.00622
24	0.00590	0.00420	0.00547	0.00616	0.00680	0.00402	0.00458	0.00736	0.02471	0.01244	0.11677	0.47020	0.06916	0.01172	0.00531	0.00168	0.00272	0.18773	0.04937	0.00372
25	0.55918	0.01183	0.23109	0.00746	0.01099	0.00935	0.00765	0.02882	0.00803	0.03553	0.00712	0.00882	0.00558	0.04842	0.00409	0.00147	0.00419	0.00281	0.00249	0.00507
26	0.00653	0.00608	0.06662	0.00783	0.00913	0.00492	0.08539	0.00806	0.00878	0.03505	0.02109	0.54888	0.04651	0.01117	0.00531	0.00168	0.00343	0.11583	0.00365	0.00406
27	0.00600	0.00440	0.00632	0.00643	0.00702	0.00494	0.00478	0.00721	0.00689	0.00976	0.01301	0.10985	0.01325	0.14551	0.62763	0.00589	0.00939	0.00562	0.00251	0.00359
28	0.01033	0.36562	0.41182	0.00963	0.01441	0.02710	0.01120	0.01340	0.00898	0.05448	0.00755	0.00891	0.00599	0.02911	0.00403	0.00124	0.00539	0.00293	0.00202	0.00586
29	0.00694	0.00573	0.00654	0.01820	0.00793	0.02340	0.01720	0.03359	0.15180	0.01359	0.13101	0.26218	0.25652	0.00991	0.00511	0.01168	0.00282	0.02751	0.00400	0.00434
30	0.04111	0.00806	0.01010	0.00785	0.01099	0.00767	0.00645	0.17707	0.02760	0.58368	0.06247	0.01447	0.01150	0.00541	0.00427	0.00131	0.00372	0.00435	0.00494	0.00697
31	0.03148	0.00543	0.00631	0.00607	0.00757	0.00511	0.00454	0.06264	0.05038	0.07774	0.03797	0.34157	0.24012	0.00993	0.00486	0.00148	0.00278	0.03114	0.00396	0.06894
32	0.01098	0.10977	0.19629	0.01407	0.14808	0.02366	0.17610	0.10842	0.06368	0.04734	0.04277	0.01125	0.00821	0.00439	0.00435	0.00130	0.01654	0.00397	0.00265	0.00620
33	0.00616	0.00463	0.00507	0.00486	0.00634	0.00405	0.00370	0.00780	0.03611	0.05551	0.18674	0.03714	0.59597	0.00995	0.00498	0.00142	0.00227	0.01917	0.00417	0.00397
34	0.01164	0.00837	0.08908	0.00741	0.01000	0.00708	0.00645	0.16680	0.04579	0.22231	0.08655	0.12024	0.12124	0.00712	0.00446	0.00136	0.00349	0.00594	0.06901	0.00566
35	0.18856	0.01058	0.01078	0.00864	0.01159	0.08190	0.03193	0.36380	0.02679	0.15242	0.03283	0.02421	0.00857	0.02341	0.00434	0.00135	0.00443	0.00384	0.00382	0.00621
36	0.05471	0.01126	0.01096	0.00881	0.01186	0.17525	0.00710	0.23884	0.03456	0.38442	0.01245	0.01163	0.00840	0.00500	0.00411	0.00126	0.00471	0.00377	0.00423	0.00665
37	0.00692	0.00501	0.00588	0.00545	0.00688	0.00467	0.00416	0.02687	0.07067	0.05762	0.43677	0.03236	0.30280	0.00893	0.00492	0.00138	0.00230	0.00766	0.00443	0.00431
38	0.01050	0.01020	0.01949	0.14651	0.29413	0.01016	0.35703	0.03150	0.01002	0.05533	0.00870	0.01126	0.00666	0.00388	0.00457	0.00136	0.00599	0.00435	0.00230	0.00603
39	0.01113	0.71500	0.13132	0.00805	0.01201	0.04071	0.00845	0.01297	0.00880	0.01049	0.00617	0.00714	0.00545	0.00372	0.00294	0.00098	0.00488	0.00241	0.00183	0.00556
40	0.00510	0.00430	0.00441	0.00441	0.00580	0.00362	0.00330	0.00623	0.00982	0.01184	0.09298	0.05790	0.75439	0.01070	0.00504	0.00144	0.00215	0.00896	0.00400	0.00362
41	0.01345	0.43149	0.04131	0.00918	0.01221	0.40581	0.00798	0.01479	0.01028	0.01031	0.00628	0.00729	0.00547	0.00401	0.00330	0.00101	0.00609	0.00252	0.00200	0.00523
42	0.00913	0.19627	0.65937	0.01111	0.01684	0.01134	0.01395	0.01332	0.00891	0.01275	0.00728	0.00853	0.00540	0.00396	0.00377	0.00126	0.00592	0.00296	0.00180	0.00611
43	0.01272	0.45328	0.01926	0.01010	0.03264	0.16838	0.10695	0.12659	0.01109	0.01301	0.00703	0.00813	0.00587	0.00398	0.00347	0.00107	0.00549	0.00296	0.00228	0.00568
