[name]
unknown

[dist]
# distance from previous block
# <min> <max>
0	217

[block]
# block no. 0 follows, 71 sequences, length 11
# corresponding to MSA columns:
# 282-292
name=unknown_A
#
# <colnr> <probs for GDERKNQSTAVLIFYWHMCP>
#	G	D	E	R	K	N	Q	S	T	A	V	L	I	F	Y	W	H	M	C	P
0	0.05830	0.02569	0.03158	0.00814	0.04400	0.12264	0.05896	0.05699	0.06303	0.04635	0.07389	0.07068	0.07544	0.01909	0.00437	0.00118	0.03449	0.05030	0.00284	0.15202
1	0.05835	0.02564	0.02385	0.04841	0.01118	0.11830	0.07894	0.11216	0.06767	0.12741	0.07435	0.06849	0.01104	0.00592	0.02977	0.00132	0.00427	0.04382	0.00309	0.08601
2	0.02826	0.09674	0.06634	0.05564	0.05226	0.07775	0.05476	0.06828	0.04349	0.07033	0.07620	0.06195	0.02292	0.04087	0.00437	0.00122	0.00400	0.04291	0.00273	0.12899
3	0.04638	0.00700	0.00916	0.33609	0.02665	0.05213	0.00742	0.02842	0.06197	0.03020	0.05709	0.01374	0.04286	0.03392	0.10288	0.00187	0.05245	0.02025	0.00237	0.06716
4	0.00992	0.01814	0.00882	0.00707	0.00932	0.05736	0.03305	0.17122	0.07088	0.09697	0.14812	0.06102	0.03867	0.02387	0.02547	0.00127	0.02907	0.00447	0.00331	0.18200
5	0.01034	0.00625	0.00697	0.00592	0.00775	0.00651	0.00473	0.24949	0.03323	0.10808	0.01205	0.03093	0.00944	0.00620	0.05049	0.00134	0.00325	0.02767	0.39154	0.02783
6	0.04028	0.00894	0.14318	0.07092	0.01137	0.03843	0.04105	0.13423	0.02860	0.03745	0.00925	0.01180	0.00757	0.02765	0.28499	0.00287	0.02160	0.00360	0.07160	0.00461
7	0.00636	0.00438	0.00612	0.00596	0.00665	0.00490	0.00447	0.00769	0.03293	0.05536	0.01119	0.04682	0.01077	0.16937	0.55980	0.02557	0.03130	0.00456	0.00234	0.00346
8	0.02726	0.15245	0.35821	0.02839	0.01297	0.00907	0.07987	0.04464	0.04158	0.02789	0.00867	0.03284	0.00756	0.12892	0.00589	0.00154	0.00478	0.02045	0.00210	0.00491
9	0.04936	0.00876	0.02609	0.00788	0.01028	0.00935	0.00649	0.42307	0.06827	0.14439	0.01142	0.10343	0.00924	0.00557	0.00452	0.00125	0.06861	0.00431	0.03199	0.00573
10	0.00991	0.00958	0.04089	0.08586	0.04402	0.06289	0.14576	0.12508	0.03888	0.04153	0.00749	0.00922	0.00592	0.00431	0.00555	0.00118	0.18218	0.00334	0.00235	0.17405

[dist]
# distance from previous block
# <min> <max>
0	3

[block]
# block no. 1 follows, 71 sequences, length 8
# corresponding to MSA columns:
# 296-303
name=unknown_B
#
# <colnr> <probs for GDERKNQSTAVLIFYWHMCP>
#	G	D	E	R	K	N	Q	S	T	A	V	L	I	F	Y	W	H	M	C	P
0	0.08811	0.00548	0.00587	0.00568	0.00649	0.06332	0.00413	0.03967	0.00695	0.01014	0.01060	0.05470	0.01066	0.26937	0.35906	0.00399	0.00645	0.00450	0.04149	0.00335
1	0.14970	0.00689	0.00762	0.00640	0.00854	0.04378	0.02495	0.10145	0.03602	0.29109	0.01233	0.08973	0.00964	0.00575	0.02608	0.00129	0.00337	0.00411	0.16618	0.00507
2	0.04921	0.00635	0.00779	0.00786	0.08457	0.00653	0.00552	0.17848	0.06010	0.09886	0.14417	0.19487	0.01661	0.00683	0.00407	0.00126	0.00299	0.04183	0.07730	0.00479
3	0.01108	0.58960	0.01722	0.00712	0.01039	0.01262	0.04676	0.06228	0.00888	0.11131	0.00701	0.00754	0.00568	0.00350	0.00285	0.00088	0.00401	0.00250	0.00222	0.08654
4	0.00666	0.00333	0.00500	0.00500	0.00500	0.00333	0.00333	0.00500	0.00500	0.00666	0.00666	0.01166	0.00666	0.01332	0.01499	0.88844	0.00333	0.00333	0.00167	0.00167
5	0.02921	0.03665	0.01078	0.00864	0.02808	0.05730	0.03263	0.30918	0.15600	0.14163	0.04679	0.01173	0.02496	0.00499	0.00463	0.00122	0.08250	0.00380	0.00349	0.00577
6	0.04231	0.08795	0.02077	0.05695	0.03563	0.12567	0.08282	0.07276	0.10216	0.05268	0.08088	0.02309	0.02077	0.00702	0.08345	0.00162	0.02688	0.01968	0.02123	0.03565
7	0.03450	0.08842	0.07043	0.04903	0.01024	0.07569	0.01693	0.13071	0.07750	0.04621	0.08273	0.10332	0.07458	0.00611	0.00401	0.00122	0.01587	0.05548	0.03122	0.02581

[dist]
# distance from previous block
# <min> <max>
0	9

[block]
# block no. 2 follows, 71 sequences, length 21
# corresponding to MSA columns:
# 313-333
name=unknown_C
#
# <colnr> <probs for GDERKNQSTAVLIFYWHMCP>
#	G	D	E	R	K	N	Q	S	T	A	V	L	I	F	Y	W	H	M	C	P
0	0.08228	0.50795	0.09643	0.00763	0.01075	0.01294	0.02817	0.08450	0.00861	0.04247	0.00622	0.00718	0.00520	0.00382	0.00371	0.00102	0.08152	0.00250	0.00202	0.00507
1	0.00712	0.00552	0.00766	0.10104	0.07085	0.01557	0.04068	0.03882	0.05774	0.01112	0.01140	0.11565	0.01092	0.13874	0.13853	0.04877	0.00456	0.00482	0.13761	0.03288
2	0.00504	0.00385	0.00450	0.00443	0.00544	0.00342	0.00329	0.00641	0.00959	0.01278	0.41072	0.09866	0.37234	0.00885	0.00450	0.00126	0.00190	0.00763	0.03196	0.00342
3	0.01497	0.00618	0.00803	0.00634	0.00889	0.00558	0.00517	0.05333	0.02419	0.63349	0.03701	0.01353	0.01018	0.00479	0.00368	0.00114	0.00302	0.00388	0.15066	0.00595
4	0.00523	0.00380	0.00482	0.00523	0.00582	0.00363	0.00369	0.00680	0.05201	0.01181	0.23902	0.51239	0.06924	0.01015	0.00466	0.00142	0.00215	0.02195	0.03276	0.00343
5	0.49212	0.00912	0.00815	0.00672	0.00935	0.05399	0.00551	0.30178	0.01105	0.05943	0.00722	0.00765	0.00529	0.00401	0.00302	0.00116	0.00363	0.00267	0.00299	0.00512
6	0.01291	0.00984	0.01053	0.00844	0.01118	0.01100	0.00685	0.58205	0.24379	0.02152	0.01131	0.03417	0.00848	0.00497	0.00388	0.00120	0.00384	0.00390	0.00385	0.00630
7	0.00557	0.00401	0.00563	0.00563	0.00629	0.00450	0.00427	0.00681	0.00638	0.00925	0.01215	0.01721	0.05385	0.11433	0.65063	0.00523	0.00847	0.00443	0.07206	0.00331
8	0.00967	0.00907	0.01281	0.31456	0.34573	0.07900	0.01015	0.07589	0.06378	0.03091	0.00785	0.00991	0.00612	0.00385	0.00379	0.00119	0.00479	0.00341	0.00218	0.00534
9	0.00799	0.12023	0.74765	0.01041	0.01579	0.00965	0.01327	0.01206	0.00806	0.01177	0.00670	0.00786	0.00486	0.00360	0.00350	0.00117	0.00548	0.00274	0.00162	0.00558
10	0.24442	0.46292	0.09824	0.00689	0.01002	0.05021	0.00676	0.02901	0.02569	0.01200	0.00581	0.00668	0.00489	0.00355	0.00285	0.00100	0.02004	0.00226	0.00194	0.00482
11	0.03198	0.00943	0.00938	0.00765	0.00993	0.10049	0.00601	0.41000	0.06340	0.09445	0.01028	0.02254	0.00839	0.14551	0.02949	0.00169	0.00435	0.00383	0.00335	0.02784
12	0.05151	0.00739	0.00899	0.07444	0.05018	0.05488	0.06197	0.08122	0.19303	0.03126	0.07463	0.04929	0.05770	0.09563	0.07385	0.00190	0.00431	0.02018	0.00300	0.00463
13	0.01432	0.01827	0.01087	0.00988	0.01185	0.84986	0.00741	0.01531	0.01087	0.00938	0.00593	0.00691	0.00494	0.00395	0.00346	0.00099	0.00691	0.00247	0.00198	0.00444
14	0.00907	0.04720	0.01429	0.28375	0.50700	0.00933	0.01096	0.05115	0.00881	0.01208	0.00710	0.00956	0.00574	0.00360	0.00375	0.00117	0.00469	0.00335	0.00192	0.00547
15	0.00469	0.00364	0.00427	0.00464	0.00541	0.00322	0.00328	0.00561	0.00833	0.01064	0.11688	0.40918	0.38540	0.01055	0.00469	0.00140	0.00206	0.00924	0.00363	0.00322
16	0.00853	0.01137	0.17954	0.01362	0.03824	0.00915	0.48407	0.02123	0.02853	0.01228	0.02148	0.03049	0.00727	0.00417	0.00489	0.00131	0.06710	0.03087	0.02076	0.00510
17	0.00483	0.00390	0.00431	0.00427	0.00542	0.00338	0.00322	0.00605	0.00930	0.01178	0.26077	0.05035	0.57643	0.00926	0.00456	0.00129	0.00196	0.03184	0.00374	0.00335
18	0.00493	0.00375	0.00456	0.00479	0.00560	0.00337	0.00349	0.00610	0.00894	0.01176	0.27688	0.29932	0.29351	0.00992	0.00468	0.00137	0.00207	0.04787	0.00376	0.00333
19	0.00930	0.05754	0.05985	0.05958	0.06359	0.05113	0.13218	0.10455	0.00853	0.01177	0.00679	0.00933	0.00577	0.00704	0.08223	0.00179	0.31873	0.00347	0.00202	0.00479
20	0.38345	0.00860	0.00822	0.00675	0.00940	0.04680	0.00551	0.21545	0.07192	0.17723	0.00899	0.00894	0.00639	0.00417	0.00319	0.00116	0.00351	0.00295	0.00328	0.02405

[dist]
# distance from previous block
# <min> <max>
1	93

[block]
# block no. 3 follows, 71 sequences, length 25
# corresponding to MSA columns:
# 430-434,439-458
name=unknown_D
#
# <colnr> <probs for GDERKNQSTAVLIFYWHMCP>
#	G	D	E	R	K	N	Q	S	T	A	V	L	I	F	Y	W	H	M	C	P
0	0.22136	0.04226	0.03869	0.02952	0.00845	0.00690	0.01657	0.09049	0.05718	0.03277	0.07185	0.23933	0.01400	0.03648	0.06378	0.00172	0.00362	0.01780	0.00302	0.00422
1	0.00659	0.00505	0.00592	0.00565	0.00652	0.03576	0.02806	0.06139	0.02067	0.02083	0.06653	0.26050	0.09339	0.23640	0.03734	0.02633	0.00336	0.01994	0.02737	0.03240
2	0.03641	0.13522	0.10141	0.00931	0.05515	0.06120	0.04300	0.19657	0.14951	0.01466	0.00958	0.02135	0.01940	0.00607	0.05647	0.00148	0.05219	0.01368	0.01198	0.00536
3	0.00596	0.00351	0.00464	0.00478	0.00483	0.00348	0.00304	0.00534	0.00563	0.00750	0.01103	0.13013	0.01235	0.34517	0.01518	0.40422	0.00334	0.02552	0.00222	0.00216
4	0.00995	0.18975	0.19236	0.02057	0.04407	0.06982	0.08002	0.09126	0.07110	0.04354	0.00806	0.00983	0.00650	0.01382	0.03945	0.00140	0.08155	0.01945	0.00226	0.00522
5	0.00971	0.00955	0.03591	0.09537	0.43752	0.08729	0.04631	0.08763	0.02027	0.01305	0.00851	0.05840	0.00730	0.00420	0.00379	0.00116	0.00458	0.00381	0.06025	0.00541
6	0.06490	0.00511	0.00607	0.02020	0.00722	0.00503	0.00432	0.03763	0.08201	0.11077	0.41247	0.03683	0.13720	0.01974	0.00447	0.00128	0.00241	0.03420	0.00392	0.00423
7	0.10238	0.00673	0.00832	0.00672	0.00908	0.01916	0.02442	0.05244	0.04530	0.47668	0.02347	0.02814	0.00936	0.02874	0.01638	0.00133	0.04008	0.00384	0.09189	0.00555
8	0.00813	0.16425	0.60249	0.01021	0.01504	0.00988	0.05897	0.01177	0.00816	0.01168	0.04053	0.00873	0.00620	0.00380	0.00373	0.00116	0.02516	0.00297	0.00175	0.00539
9	0.02165	0.00669	0.05033	0.00685	0.00914	0.00592	0.04394	0.01424	0.10617	0.36508	0.10761	0.03876	0.04069	0.00655	0.04559	0.00144	0.01642	0.00453	0.10310	0.00529
10	0.04898	0.05363	0.01093	0.00944	0.06099	0.32162	0.00705	0.21043	0.07939	0.09875	0.00902	0.04099	0.00714	0.00456	0.00377	0.00112	0.02057	0.00335	0.00291	0.00534
11	0.00590	0.00437	0.00544	0.00516	0.00612	0.00429	0.00388	0.02483	0.05863	0.01452	0.58034	0.10753	0.07945	0.00793	0.00465	0.00125	0.02647	0.00689	0.04859	0.00376
12	0.00893	0.14849	0.05884	0.00749	0.03545	0.12072	0.01645	0.03493	0.11507	0.03479	0.14152	0.06245	0.08320	0.00618	0.02871	0.00124	0.00388	0.00446	0.00288	0.08433
13	0.00542	0.00396	0.00563	0.00571	0.00623	0.00443	0.00421	0.00647	0.00616	0.00871	0.01164	0.09767	0.01190	0.18319	0.61464	0.00527	0.00828	0.00503	0.00225	0.00319
14	0.00825	0.00699	0.00811	0.00582	0.00921	0.00542	0.00467	0.04708	0.00841	0.01303	0.00692	0.00801	0.00572	0.00292	0.00289	0.00059	0.00290	0.00233	0.00234	0.84837
15	0.00600	0.00433	0.00534	0.00491	0.00613	0.00398	0.02779	0.03509	0.00988	0.03420	0.37314	0.06121	0.29893	0.00793	0.00429	0.00121	0.00212	0.00683	0.10300	0.00368
16	0.01152	0.00911	0.00966	0.00808	0.01057	0.01030	0.00646	0.35038	0.47357	0.01930	0.01289	0.01222	0.00952	0.00493	0.00383	0.00123	0.00348	0.00395	0.03282	0.00617
17	0.00980	0.00998	0.01289	0.26657	0.30676	0.16362	0.02633	0.01208	0.03681	0.03167	0.00716	0.00941	0.00576	0.00402	0.00455	0.00121	0.08105	0.00330	0.00197	0.00506
18	0.00482	0.00367	0.00444	0.00479	0.00553	0.00329	0.00342	0.00584	0.00855	0.01113	0.18830	0.39310	0.30561	0.01036	0.00471	0.00140	0.00208	0.03199	0.00369	0.00327
19	0.00956	0.00953	0.01988	0.01525	0.07505	0.00894	0.64920	0.01245	0.00914	0.08350	0.00916	0.03601	0.00726	0.00388	0.00445	0.00130	0.00584	0.03210	0.00228	0.00524
20	0.00666	0.00333	0.00500	0.00500	0.00500	0.00333	0.00333	0.00500	0.00500	0.00666	0.00666	0.01166	0.00666	0.01332	0.01499	0.88844	0.00333	0.00333	0.00167	0.00167
21	0.02116	0.44285	0.04502	0.00667	0.00911	0.01025	0.03399	0.03265	0.00836	0.02679	0.03193	0.10489	0.02120	0.00550	0.00335	0.00109	0.00364	0.10265	0.08442	0.00448
22	0.00820	0.00696	0.00808	0.00580	0.00919	0.00536	0.00464	0.04001	0.00832	0.01293	0.00690	0.00800	0.00571	0.00290	0.00288	0.00059	0.00289	0.00232	0.00233	0.85599
23	0.01187	0.04381	0.01179	0.05779	0.03565	0.09975	0.07259	0.32065	0.05685	0.07823	0.00990	0.06024	0.00813	0.00508	0.00452	0.00122	0.06551	0.03097	0.00308	0.02236
24	0.20708	0.00707	0.00786	0.01858	0.00898	0.05309	0.04895	0.10467	0.03190	0.02356	0.03911	0.13738	0.03793	0.00692	0.00447	0.00137	0.05192	0.17189	0.03303	0.00424

[dist]
# distance from previous block
# <min> <max>
1	41

[block]
# block no. 4 follows, 71 sequences, length 11
# corresponding to MSA columns:
# 500-510
name=unknown_E
#
# <colnr> <probs for GDERKNQSTAVLIFYWHMCP>
#	G	D	E	R	K	N	Q	S	T	A	V	L	I	F	Y	W	H	M	C	P
0	0.02420	0.05673	0.20459	0.13785	0.03621	0.09482	0.07980	0.01270	0.12538	0.04079	0.02118	0.06610	0.00830	0.00475	0.00414	0.00124	0.03687	0.02101	0.00237	0.02097
1	0.00805	0.00774	0.01305	0.38337	0.25781	0.02480	0.10576	0.01054	0.02390	0.01112	0.00864	0.08647	0.00754	0.00442	0.00396	0.00125	0.00475	0.00422	0.02781	0.00481
2	0.00493	0.00350	0.00451	0.00516	0.00545	0.00331	0.00347	0.00561	0.00736	0.00981	0.06532	0.61312	0.05053	0.15105	0.00727	0.00189	0.00250	0.04878	0.00339	0.00304
3	0.03994	0.00579	0.00755	0.00618	0.00850	0.00515	0.00496	0.01492	0.02728	0.56609	0.10200	0.08995	0.09234	0.00613	0.00403	0.00123	0.00289	0.00514	0.00439	0.00554
4	0.01160	0.00808	0.00897	0.00765	0.01005	0.00887	0.00606	0.11982	0.54347	0.18486	0.03758	0.01382	0.01129	0.00511	0.00390	0.00126	0.00319	0.00420	0.00407	0.00615
5	0.01173	0.00827	0.00892	0.00739	0.00975	0.00910	0.00592	0.33413	0.30427	0.08745	0.01253	0.01221	0.00917	0.00480	0.00366	0.00116	0.00330	0.00382	0.15658	0.00585
6	0.11183	0.01048	0.01008	0.00819	0.01083	0.10410	0.00660	0.50262	0.09883	0.04192	0.00979	0.05035	0.00760	0.00484	0.00369	0.00117	0.00414	0.00365	0.00348	0.00581
7	0.00962	0.43359	0.35697	0.00869	0.01281	0.09807	0.00976	0.01214	0.00823	0.01034	0.00603	0.00702	0.00490	0.00350	0.00305	0.00100	0.00503	0.00241	0.00167	0.00518
8	0.00857	0.00606	0.00727	0.06913	0.03993	0.00641	0.00510	0.22947	0.01129	0.01614	0.24604	0.03371	0.01661	0.08560	0.00525	0.00136	0.00299	0.00480	0.19986	0.00440
9	0.00479	0.00342	0.00458	0.00547	0.00574	0.00321	0.00376	0.00554	0.00745	0.00991	0.02107	0.80097	0.02511	0.01191	0.00492	0.00157	0.00232	0.07156	0.00356	0.00315
10	0.00891	0.00802	0.01233	0.69242	0.08550	0.00935	0.01071	0.01193	0.09322	0.01186	0.00900	0.01227	0.00705	0.00477	0.00438	0.00150	0.00526	0.00391	0.00238	0.00523

[dist]
# distance from previous block
# <min> <max>
0	1

[block]
# block no. 5 follows, 71 sequences, length 6
# corresponding to MSA columns:
# 512-517
name=unknown_F
#
# <colnr> <probs for GDERKNQSTAVLIFYWHMCP>
#	G	D	E	R	K	N	Q	S	T	A	V	L	I	F	Y	W	H	M	C	P
0	0.00472	0.00358	0.00429	0.00476	0.00538	0.00322	0.00329	0.00553	0.00795	0.01023	0.07922	0.49202	0.29909	0.05143	0.00544	0.00155	0.00217	0.00945	0.00354	0.00315
1	0.00611	0.00366	0.00537	0.00537	0.00564	0.00393	0.00380	0.00576	0.00550	0.00759	0.00853	0.01416	0.00843	0.09470	0.33703	0.47028	0.00604	0.00383	0.00187	0.00240
2	0.01106	0.04610	0.20407	0.03480	0.19055	0.06083	0.04878	0.22404	0.06947	0.06050	0.00854	0.00940	0.00634	0.00400	0.00374	0.00116	0.00478	0.00332	0.00262	0.00589
3	0.00529	0.00396	0.00535	0.00535	0.00607	0.00380	0.02737	0.00645	0.00832	0.01128	0.26494	0.24985	0.12004	0.12090	0.10269	0.00222	0.00336	0.04608	0.00338	0.00329
4	0.04129	0.20898	0.10758	0.02194	0.01106	0.10989	0.02473	0.10583	0.13234	0.06596	0.02391	0.04629	0.02254	0.00474	0.00373	0.00113	0.02681	0.01768	0.01839	0.00518
5	0.04093	0.28317	0.23368	0.00879	0.03638	0.05309	0.02383	0.03330	0.04709	0.01137	0.00746	0.02933	0.00644	0.00490	0.02829	0.00124	0.06321	0.02518	0.00201	0.06034

[dist]
# distance from previous block
# <min> <max>
0	36

[block]
# block no. 6 follows, 71 sequences, length 10
# corresponding to MSA columns:
# 554-563
name=unknown_G
#
# <colnr> <probs for GDERKNQSTAVLIFYWHMCP>
#	G	D	E	R	K	N	Q	S	T	A	V	L	I	F	Y	W	H	M	C	P
0	0.02632	0.00938	0.04807	0.12821	0.15000	0.02984	0.12903	0.21960	0.06259	0.05860	0.06162	0.01143	0.00849	0.02035	0.00421	0.00124	0.00452	0.00384	0.00280	0.01986
1	0.00476	0.00349	0.00445	0.00517	0.00559	0.00322	0.00356	0.00551	0.00758	0.00989	0.02350	0.66301	0.14965	0.04055	0.00536	0.00160	0.00230	0.05416	0.00352	0.00313
2	0.00796	0.06903	0.08237	0.02974	0.02282	0.07198	0.18152	0.04109	0.04559	0.01293	0.24943	0.06437	0.08227	0.00585	0.00427	0.00122	0.01489	0.00527	0.00291	0.00449
3	0.00925	0.01381	0.40806	0.01157	0.04022	0.00842	0.21805	0.01317	0.05720	0.11642	0.05885	0.01093	0.00800	0.00401	0.00397	0.00123	0.00515	0.00374	0.00239	0.00556
4	0.00858	0.00831	0.01366	0.13327	0.20286	0.00888	0.19754	0.01300	0.20630	0.01281	0.06117	0.01304	0.03926	0.00457	0.00463	0.00128	0.05879	0.00427	0.00255	0.00523
5	0.00812	0.00595	0.00723	0.00653	0.00763	0.00665	0.00515	0.13554	0.02603	0.05315	0.06499	0.18329	0.12250	0.00755	0.00584	0.00135	0.17792	0.03259	0.13777	0.00422
6	0.01042	0.01002	0.00832	0.00744	0.00930	0.28261	0.00572	0.05297	0.14461	0.07417	0.14155	0.05246	0.06200	0.00660	0.03581	0.00133	0.00437	0.02844	0.00316	0.05870
7	0.00477	0.00340	0.00448	0.00524	0.00549	0.00318	0.00349	0.00547	0.00746	0.01000	0.07267	0.75914	0.02536	0.06320	0.00575	0.00167	0.00229	0.01033	0.00353	0.00310
8	0.01294	0.00806	0.00927	0.00751	0.01005	0.00842	0.00613	0.35826	0.11708	0.23899	0.08560	0.01570	0.04607	0.00556	0.00402	0.00123	0.00347	0.05165	0.00409	0.00590
9	0.01079	0.01254	0.00911	0.00912	0.06054	0.49059	0.00640	0.01183	0.00943	0.00982	0.01005	0.19832	0.01034	0.02950	0.03495	0.00138	0.00546	0.02159	0.00238	0.05585

[dist]
# distance from previous block
# <min> <max>
2	33

[block]
# block no. 7 follows, 71 sequences, length 35
# corresponding to MSA columns:
# 597-631
name=unknown_H
#
# <colnr> <probs for GDERKNQSTAVLIFYWHMCP>
#	G	D	E	R	K	N	Q	S	T	A	V	L	I	F	Y	W	H	M	C	P
0	0.02049	0.00501	0.02770	0.01860	0.00675	0.01698	0.00418	0.06304	0.00856	0.01154	0.09456	0.31795	0.15895	0.11170	0.02702	0.00175	0.00294	0.04164	0.02524	0.03541
1	0.36657	0.05685	0.00918	0.00755	0.00970	0.31460	0.01834	0.04563	0.00886	0.03973	0.00676	0.02585	0.00572	0.00427	0.00352	0.00114	0.04504	0.02387	0.00234	0.00445
2	0.02292	0.01053	0.08562	0.01198	0.02473	0.03152	0.36703	0.13484	0.17924	0.03652	0.00972	0.01092	0.00727	0.00511	0.04291	0.00148	0.00539	0.00405	0.00268	0.00553
3	0.01482	0.00398	0.00494	0.00528	0.00576	0.00393	0.00362	0.02158	0.02904	0.01024	0.05047	0.49143	0.03933	0.18177	0.03828	0.00208	0.01615	0.02423	0.02630	0.02676
4	0.00951	0.00696	0.00825	0.00598	0.00931	0.00551	0.00482	0.04996	0.00884	0.12488	0.00805	0.00870	0.00623	0.00318	0.00302	0.00068	0.00296	0.00254	0.00268	0.72793
5	0.00795	0.00681	0.00795	0.00568	0.00909	0.00511	0.00454	0.00965	0.00795	0.01249	0.00681	0.00795	0.00568	0.00284	0.00284	0.00057	0.00284	0.00227	0.00227	0.88869
6	0.00517	0.00380	0.00488	0.00508	0.00584	0.00351	0.00378	0.00654	0.00937	0.01273	0.41704	0.26960	0.13508	0.00956	0.00471	0.00138	0.00212	0.09252	0.00387	0.00342
7	0.00992	0.00843	0.00889	0.00788	0.01012	0.00972	0.00616	0.08202	0.77214	0.01666	0.01512	0.01392	0.01131	0.00516	0.00390	0.00129	0.00312	0.00427	0.00390	0.00610
8	0.01470	0.01054	0.01138	0.00873	0.01179	0.01160	0.00721	0.79051	0.01770	0.06267	0.00948	0.00939	0.00666	0.00461	0.00384	0.00115	0.00417	0.00347	0.00388	0.00652
9	0.00561	0.00374	0.00427	0.00434	0.00440	0.00373	0.00254	0.00574	0.00582	0.00781	0.01271	0.04773	0.01455	0.78722	0.01816	0.00352	0.00364	0.04401	0.01804	0.00242
10	0.00985	0.67590	0.01845	0.00747	0.01010	0.01436	0.02376	0.01104	0.00743	0.00913	0.00532	0.00669	0.00496	0.00397	0.00455	0.00100	0.17721	0.00237	0.00165	0.00478
11	0.00666	0.00333	0.00500	0.00500	0.00500	0.00333	0.00333	0.00500	0.00500	0.00666	0.00666	0.01166	0.00666	0.01332	0.01499	0.88844	0.00333	0.00333	0.00167	0.00167
12	0.01387	0.01685	0.01043	0.00940	0.01137	0.74278	0.00709	0.06488	0.01112	0.01061	0.00656	0.00754	0.00536	0.00403	0.00343	0.00099	0.00641	0.00260	0.06018	0.00452
13	0.01039	0.00850	0.01176	0.11776	0.28928	0.03073	0.01797	0.13945	0.06089	0.08525	0.03616	0.01045	0.00756	0.00394	0.00368	0.00108	0.00407	0.00343	0.00268	0.15496
14	0.00803	0.00551	0.00654	0.00610	0.02208	0.00552	0.00459	0.04046	0.19010	0.12019	0.24574	0.06138	0.18987	0.02814	0.03293	0.00149	0.00280	0.02013	0.00387	0.00453
15	0.01074	0.70296	0.05237	0.00740	0.02772	0.06168	0.00704	0.05417	0.00860	0.02913	0.00589	0.00666	0.00513	0.00344	0.00270	0.00088	0.00432	0.00225	0.00185	0.00507
16	0.00947	0.00850	0.00869	0.00679	0.00978	0.08182	0.00537	0.08863	0.18326	0.01405	0.00881	0.00931	0.00696	0.00360	0.00321	0.00081	0.00337	0.00283	0.00273	0.54198
17	0.03644	0.01437	0.01085	0.04329	0.03947	0.49069	0.00745	0.20686	0.01187	0.01338	0.00695	0.00800	0.00552	0.00425	0.00403	0.00108	0.05379	0.00285	0.03394	0.00493
18	0.00547	0.00459	0.00575	0.00584	0.00649	0.02425	0.01925	0.00640	0.00771	0.01007	0.05478	0.40154	0.22644	0.02216	0.07399	0.00187	0.09203	0.02482	0.00319	0.00337
19	0.00504	0.00375	0.00439	0.00465	0.00552	0.00330	0.00332	0.00601	0.00852	0.03296	0.13162	0.35599	0.40067	0.01024	0.00465	0.00138	0.00207	0.00892	0.00367	0.00332
20	0.00464	0.00384	0.00408	0.00419	0.00534	0.00328	0.00313	0.00564	0.00867	0.01052	0.06612	0.12867	0.69002	0.00993	0.00460	0.00134	0.00203	0.03715	0.00358	0.00325
21	0.01145	0.00919	0.00975	0.00819	0.01070	0.01043	0.00653	0.32694	0.52473	0.01912	0.01318	0.01237	0.00974	0.00497	0.00388	0.00124	0.00348	0.00400	0.00388	0.00624
22	0.02782	0.00862	0.00921	0.00732	0.00977	0.00940	0.00596	0.57083	0.01492	0.04268	0.01040	0.03176	0.00784	0.00474	0.00355	0.00110	0.00352	0.00365	0.22121	0.00567
23	0.01458	0.01074	0.01151	0.00882	0.01189	0.01189	0.00729	0.82855	0.01803	0.02416	0.00921	0.00921	0.00652	0.00460	0.00384	0.00115	0.00422	0.00345	0.00384	0.00652
24	0.00478	0.00389	0.00422	0.00414	0.00533	0.00334	0.00311	0.00598	0.00932	0.01173	0.25769	0.03464	0.62007	0.00920	0.00453	0.00127	0.00191	0.00778	0.00374	0.00334
25	0.01025	0.86756	0.02009	0.00656	0.00984	0.01517	0.00656	0.01148	0.00779	0.00902	0.00533	0.00615	0.00492	0.00328	0.00246	0.00082	0.00410	0.00205	0.00164	0.00492
26	0.00968	0.00831	0.00875	0.00783	0.01003	0.00960	0.00610	0.04353	0.81101	0.01627	0.01542	0.01416	0.01156	0.00518	0.00390	0.00130	0.00307	0.00431	0.00390	0.00608
27	0.00954	0.00824	0.00867	0.00780	0.00997	0.00954	0.00607	0.02037	0.83441	0.01604	0.01561	0.01431	0.01170	0.00520	0.00390	0.00130	0.00303	0.00433	0.00390	0.00607
28	0.00715	0.00357	0.00357	0.00357	0.00447	0.00357	0.00268	0.00893	0.00804	0.01429	0.01251	0.01429	0.00983	0.00447	0.00268	0.00089	0.00179	0.00357	0.88654	0.00357
29	0.00880	0.00760	0.00796	0.00723	0.00926	0.00861	0.00560	0.01818	0.71276	0.01520	0.01903	0.01763	0.13371	0.00587	0.00399	0.00130	0.00287	0.00489	0.00385	0.00565
30	0.00561	0.00389	0.00504	0.00493	0.00580	0.00356	0.00363	0.00713	0.01003	0.04166	0.59808	0.19301	0.08582	0.00868	0.00457	0.00128	0.00195	0.00769	0.00406	0.00359
31	0.00666	0.00333	0.00500	0.00500	0.00500	0.00333	0.00333	0.00500	0.00500	0.00666	0.00666	0.01166	0.00666	0.01332	0.01499	0.88844	0.00333	0.00333	0.00167	0.00167
32	0.01048	0.81920	0.01957	0.00675	0.00996	0.06270	0.00661	0.01170	0.00797	0.00904	0.00536	0.00619	0.00492	0.00332	0.00252	0.00083	0.00426	0.00207	0.00166	0.00489
33	0.00470	0.00342	0.00444	0.00517	0.00553	0.00316	0.00350	0.00547	0.00768	0.01017	0.07135	0.73441	0.10378	0.01154	0.00484	0.00151	0.00217	0.01040	0.00360	0.00316
34	0.02959	0.01165	0.02503	0.03309	0.01378	0.22315	0.23138	0.18499	0.03956	0.03033	0.03601	0.04049	0.00761	0.00457	0.00464	0.00122	0.07136	0.00387	0.00258	0.00509

[dist]
# distance from previous block
# <min> <max>
2	32

[block]
# block no. 8 follows, 71 sequences, length 54
# corresponding to MSA columns:
# 664-684,690-722
name=unknown_I
#
# <colnr> <probs for GDERKNQSTAVLIFYWHMCP>
#	G	D	E	R	K	N	Q	S	T	A	V	L	I	F	Y	W	H	M	C	P
0	0.00777	0.00633	0.00797	0.00712	0.00855	0.02871	0.04135	0.07524	0.18065	0.03060	0.14215	0.01720	0.04407	0.02705	0.30540	0.00305	0.04237	0.01695	0.00303	0.00443
1	0.00939	0.00497	0.00646	0.00546	0.00724	0.00435	0.00429	0.01102	0.01054	0.28666	0.45164	0.02277	0.08696	0.00663	0.00419	0.00116	0.00237	0.00570	0.00421	0.06399
2	0.00897	0.00854	0.01446	0.14409	0.67152	0.00883	0.01122	0.01125	0.00859	0.01215	0.03300	0.01062	0.00706	0.00376	0.00399	0.00118	0.01870	0.01443	0.00196	0.00567
3	0.00970	0.00832	0.00876	0.00784	0.01003	0.00961	0.00611	0.04594	0.80858	0.01630	0.01540	0.01414	0.01154	0.00518	0.00390	0.00130	0.00307	0.00431	0.00390	0.00608
4	0.00905	0.01034	0.02262	0.01616	0.02004	0.00970	0.82741	0.01228	0.00905	0.01228	0.00776	0.01034	0.00582	0.00323	0.00452	0.00129	0.00646	0.00452	0.00194	0.00517
5	0.00467	0.00334	0.00445	0.00534	0.00556	0.00311	0.00356	0.00534	0.00734	0.00979	0.02113	0.86275	0.02536	0.01201	0.00489	0.00156	0.00222	0.01090	0.00356	0.00311
6	0.00453	0.00388	0.00388	0.00388	0.00518	0.00324	0.00291	0.00550	0.00874	0.01036	0.03884	0.03690	0.83978	0.00971	0.00453	0.00129	0.00194	0.00809	0.00356	0.00324
7	0.01720	0.00653	0.00890	0.00682	0.00979	0.00564	0.00564	0.01869	0.01097	0.84399	0.01513	0.01305	0.00949	0.00475	0.00386	0.00119	0.00326	0.00386	0.00475	0.00653
8	0.00839	0.00839	0.01174	0.01007	0.01007	0.01174	0.00839	0.00923	0.00587	0.00923	0.00503	0.00839	0.00503	0.00671	0.01258	0.00168	0.85823	0.00336	0.00168	0.00419
9	0.01025	0.86756	0.02009	0.00656	0.00984	0.01517	0.00656	0.01148	0.00779	0.00902	0.00533	0.00615	0.00492	0.00328	0.00246	0.00082	0.00410	0.00205	0.00164	0.00492
10	0.01377	0.01038	0.01183	0.00991	0.06971	0.01136	0.02692	0.72592	0.01682	0.02261	0.00941	0.03656	0.00708	0.00472	0.00388	0.00117	0.00423	0.00371	0.00365	0.00635
11	0.00784	0.07087	0.79570	0.01067	0.01619	0.00928	0.01371	0.01210	0.00808	0.01195	0.00679	0.00798	0.00486	0.00362	0.00357	0.00119	0.00557	0.00279	0.00162	0.00562
12	0.00543	0.00392	0.00513	0.00482	0.00573	0.00362	0.00362	0.00724	0.01085	0.01538	0.83931	0.02864	0.03618	0.00784	0.00452	0.00121	0.00181	0.00693	0.00422	0.00362
13	0.00553	0.00379	0.00464	0.00467	0.00483	0.00394	0.00292	0.00586	0.00576	0.00784	0.01195	0.04869	0.01330	0.64876	0.20784	0.00421	0.00516	0.00541	0.00230	0.00260
14	0.01025	0.86756	0.02009	0.00656	0.00984	0.01517	0.00656	0.01148	0.00779	0.00902	0.00533	0.00615	0.00492	0.00328	0.00246	0.00082	0.00410	0.00205	0.00164	0.00492
15	0.00625	0.00410	0.00539	0.00496	0.00601	0.00376	0.00376	0.00804	0.01086	0.07334	0.78165	0.02755	0.03431	0.00762	0.00448	0.00120	0.00191	0.00672	0.00426	0.00382
16	0.00987	0.00898	0.02802	0.15199	0.51536	0.00903	0.09038	0.06312	0.00931	0.06525	0.00782	0.00987	0.00612	0.00363	0.00388	0.00118	0.00474	0.00354	0.00217	0.00575
17	0.00559	0.00374	0.00432	0.00432	0.00439	0.00380	0.00251	0.00572	0.00566	0.00765	0.01195	0.02417	0.01355	0.78937	0.08135	0.00386	0.00418	0.00544	0.01600	0.00242
18	0.00524	0.00404	0.00480	0.00520	0.00592	0.00389	0.00365	0.00710	0.09583	0.01074	0.05697	0.49532	0.22200	0.04427	0.00527	0.00154	0.00230	0.01890	0.00357	0.00345
19	0.01044	0.00800	0.00982	0.00894	0.05249	0.04199	0.01966	0.04975	0.24816	0.15864	0.03727	0.01326	0.02554	0.02242	0.04996	0.00165	0.21902	0.01460	0.00315	0.00525
20	0.23517	0.04404	0.01461	0.01247	0.12053	0.16766	0.29898	0.01237	0.00861	0.01284	0.00683	0.00897	0.00552	0.00367	0.00373	0.00118	0.01729	0.01863	0.00207	0.00484
21	0.01360	0.12018	0.01235	0.00848	0.01147	0.03944	0.00710	0.63178	0.08308	0.02109	0.00913	0.00916	0.00669	0.00446	0.00365	0.00112	0.00420	0.00331	0.00350	0.00621
22	0.00987	0.02605	0.01003	0.02721	0.07840	0.02425	0.03116	0.08985	0.53146	0.02921	0.05371	0.01337	0.01112	0.00488	0.00385	0.00122	0.00344	0.00412	0.00351	0.04329
23	0.01129	0.13685	0.02899	0.01103	0.01356	0.32129	0.23097	0.05583	0.00954	0.01092	0.00649	0.00821	0.00535	0.00449	0.02020	0.00124	0.11381	0.00317	0.00197	0.00479
24	0.00521	0.00394	0.00518	0.00582	0.04115	0.00365	0.00401	0.00646	0.00891	0.01199	0.29824	0.35523	0.15948	0.00977	0.00469	0.00139	0.00223	0.06546	0.00371	0.00346
25	0.00558	0.00372	0.00418	0.00418	0.00418	0.00372	0.00232	0.00558	0.00558	0.00743	0.01208	0.02509	0.01394	0.86525	0.01952	0.00372	0.00372	0.00558	0.00232	0.00232
26	0.01555	0.00651	0.00861	0.00675	0.00948	0.00587	0.00552	0.04118	0.06142	0.69201	0.09227	0.01448	0.01204	0.00506	0.00392	0.00119	0.00314	0.00416	0.00462	0.00622
27	0.01424	0.01058	0.01132	0.00875	0.01176	0.01174	0.00721	0.77547	0.07165	0.02363	0.00963	0.00954	0.00686	0.00464	0.00384	0.00116	0.00414	0.00351	0.00384	0.00649
28	0.00637	0.00373	0.00427	0.00414	0.00504	0.00359	0.00310	0.00817	0.00931	0.01478	0.38528	0.02076	0.02171	0.00599	0.00351	0.00103	0.00180	0.00509	0.48874	0.00359
29	0.72102	0.00806	0.00678	0.00578	0.00829	0.00924	0.00476	0.17078	0.00877	0.01856	0.00609	0.00681	0.00461	0.00376	0.00266	0.00118	0.00321	0.00234	0.00266	0.00461
30	0.29869	0.01193	0.00884	0.00767	0.00996	0.35041	0.00603	0.08121	0.00992	0.14039	0.00748	0.00795	0.00558	0.00406	0.00338	0.00111	0.02241	0.00267	0.01548	0.00482
31	0.01025	0.86756	0.02009	0.00656	0.00984	0.01517	0.00656	0.01148	0.00779	0.00902	0.00533	0.00615	0.00492	0.00328	0.00246	0.00082	0.00410	0.00205	0.00164	0.00492
32	0.89233	0.00741	0.00564	0.00504	0.00741	0.00860	0.00415	0.01127	0.00653	0.01720	0.00534	0.00623	0.00415	0.00356	0.00237	0.00119	0.00297	0.00208	0.00237	0.00415
33	0.01458	0.01074	0.01151	0.00882	0.01189	0.01189	0.00729	0.82855	0.01803	0.02416	0.00921	0.00921	0.00652	0.00460	0.00384	0.00115	0.00422	0.00345	0.00384	0.00652
34	0.00665	0.00430	0.00557	0.00544	0.00660	0.00396	0.00435	0.00828	0.01003	0.09600	0.42666	0.03205	0.15476	0.00852	0.00465	0.00136	0.00241	0.21057	0.00400	0.00383
35	0.00724	0.00681	0.01150	0.85604	0.02641	0.00852	0.01065	0.00980	0.00767	0.00980	0.00681	0.01022	0.00511	0.00383	0.00383	0.00128	0.00511	0.00341	0.00170	0.00426
36	0.00557	0.00392	0.00514	0.00498	0.00585	0.00362	0.00372	0.00723	0.01035	0.03023	0.69011	0.12497	0.04604	0.00838	0.00458	0.00127	0.00194	0.03436	0.00412	0.00361
37	0.00558	0.00372	0.00418	0.00418	0.00418	0.00372	0.00232	0.00558	0.00558	0.00743	0.01208	0.02509	0.01394	0.86525	0.01952	0.00372	0.00372	0.00558	0.00232	0.00232
38	0.01025	0.86756	0.02009	0.00656	0.00984	0.01517	0.00656	0.01148	0.00779	0.00902	0.00533	0.00615	0.00492	0.00328	0.00246	0.00082	0.00410	0.00205	0.00164	0.00492
39	0.00467	0.00334	0.00445	0.00534	0.00556	0.00311	0.00356	0.00534	0.00734	0.00979	0.02113	0.86275	0.02536	0.01201	0.00489	0.00156	0.00222	0.01090	0.00356	0.00311
40	0.00724	0.00681	0.01150	0.85604	0.02641	0.00852	0.01065	0.00980	0.00767	0.00980	0.00681	0.01022	0.00511	0.00383	0.00383	0.00128	0.00511	0.00341	0.00170	0.00426
41	0.01369	0.00959	0.00997	0.00785	0.01052	0.05543	0.00641	0.57173	0.01535	0.10860	0.01017	0.01028	0.00726	0.00456	0.00364	0.00111	0.00389	0.00346	0.14056	0.00595
42	0.00467	0.00334	0.00445	0.00534	0.00556	0.00311	0.00356	0.00534	0.00734	0.00979	0.02113	0.86275	0.02536	0.01201	0.00489	0.00156	0.00222	0.01090	0.00356	0.00311
43	0.01121	0.17365	0.41061	0.00891	0.01324	0.00905	0.02571	0.01409	0.00897	0.27499	0.00922	0.00934	0.00635	0.00392	0.00351	0.00113	0.00463	0.00304	0.00262	0.00579
44	0.00864	0.00887	0.01229	0.03571	0.01117	0.04706	0.05287	0.00967	0.00631	0.00942	0.00527	0.00849	0.00507	0.00632	0.01150	0.00162	0.75038	0.00338	0.00171	0.00426
45	0.01458	0.01074	0.01151	0.00882	0.01189	0.01189	0.00729	0.82855	0.01803	0.02416	0.00921	0.00921	0.00652	0.00460	0.00384	0.00115	0.00422	0.00345	0.00384	0.00652
46	0.00967	0.00830	0.00874	0.00783	0.01002	0.00960	0.00610	0.04151	0.81306	0.01625	0.01544	0.01417	0.01157	0.00519	0.00390	0.00130	0.00307	0.00431	0.00390	0.00608
47	0.00453	0.00388	0.00388	0.00388	0.00518	0.00324	0.00291	0.00550	0.00874	0.01036	0.03884	0.03690	0.83978	0.00971	0.00453	0.00129	0.00194	0.00809	0.00356	0.00324
48	0.00461	0.00389	0.00399	0.00396	0.00523	0.00327	0.00297	0.00565	0.00892	0.01079	0.10719	0.03619	0.77117	0.00955	0.00453	0.00129	0.00193	0.00799	0.00362	0.00327
49	0.00548	0.00409	0.00608	0.00608	0.00673	0.00475	0.00469	0.00679	0.00614	0.00884	0.01035	0.01549	0.00977	0.06421	0.81486	0.00606	0.00999	0.00417	0.00207	0.00338
50	0.00779	0.05344	0.81266	0.01076	0.01633	0.00915	0.01386	0.01212	0.00808	0.01202	0.00682	0.00802	0.00486	0.00363	0.00360	0.00120	0.00560	0.00280	0.00162	0.00564
51	0.00835	0.00732	0.00839	0.02555	0.00960	0.03270	0.00516	0.05092	0.02428	0.01261	0.00775	0.05585	0.00685	0.00382	0.00375	0.00077	0.06347	0.00296	0.00239	0.66752
52	0.05357	0.00808	0.01050	0.02560	0.01127	0.01957	0.11367	0.12799	0.11668	0.07095	0.03551	0.01102	0.01735	0.00410	0.00381	0.00101	0.02925	0.01425	0.00289	0.32295
53	0.05682	0.07712	0.01020	0.05812	0.03042	0.05501	0.03839	0.16126	0.04946	0.08692	0.04474	0.10063	0.03150	0.00527	0.00396	0.00113	0.02984	0.01898	0.00299	0.13724

[dist]
# distance from previous block
# <min> <max>
0	97

[block]
# block no. 9 follows, 71 sequences, length 46
# corresponding to MSA columns:
# 822-867
name=unknown_J
#
# <colnr> <probs for GDERKNQSTAVLIFYWHMCP>
#	G	D	E	R	K	N	Q	S	T	A	V	L	I	F	Y	W	H	M	C	P
0	0.07340	0.00934	0.01019	0.06194	0.01176	0.07850	0.04348	0.32277	0.03775	0.05447	0.03153	0.02771	0.00742	0.00423	0.00355	0.00104	0.00400	0.00335	0.00304	0.21054
1	0.03723	0.02436	0.01099	0.05388	0.16663	0.15687	0.05843	0.02261	0.04731	0.07250	0.07392	0.04299	0.03231	0.01380	0.00477	0.00120	0.08777	0.00396	0.03619	0.05227
2	0.01363	0.00692	0.00891	0.00705	0.03539	0.00588	0.00553	0.05707	0.01022	0.48854	0.01170	0.01098	0.00791	0.00404	0.00350	0.00097	0.00321	0.00327	0.00376	0.31151
3	0.00467	0.00334	0.00445	0.00534	0.00556	0.00311	0.00356	0.00534	0.00734	0.00979	0.02113	0.86275	0.02536	0.01201	0.00489	0.00156	0.00222	0.01090	0.00356	0.00311
4	0.00480	0.00345	0.00455	0.00520	0.00558	0.00321	0.00355	0.00567	0.00799	0.01078	0.16393	0.69240	0.05222	0.01122	0.00482	0.00149	0.00214	0.01012	0.00367	0.00321
5	0.00768	0.00712	0.01167	0.70673	0.10978	0.00859	0.01039	0.02249	0.04272	0.01063	0.00736	0.01037	0.00559	0.00387	0.00381	0.00126	0.00490	0.00345	0.01706	0.00455
6	0.00481	0.00355	0.00452	0.00522	0.00564	0.00332	0.00355	0.00583	0.03036	0.01020	0.04921	0.71654	0.12020	0.01142	0.00481	0.00151	0.00220	0.01027	0.00359	0.00323
7	0.01243	0.01176	0.27218	0.00869	0.01237	0.00837	0.01940	0.24455	0.02189	0.27304	0.03518	0.04430	0.00858	0.00472	0.00385	0.00120	0.00424	0.00380	0.00340	0.00601
8	0.05880	0.00752	0.00840	0.00689	0.00959	0.00756	0.00548	0.03256	0.38732	0.16876	0.01235	0.01174	0.00908	0.00435	0.00351	0.00106	0.00304	0.00352	0.00351	0.25495
9	0.01421	0.01165	0.01105	0.00876	0.01156	0.14804	0.00710	0.65999	0.01642	0.02132	0.00882	0.00906	0.00641	0.00449	0.00372	0.00111	0.00455	0.00330	0.04238	0.00605
10	0.01095	0.01219	0.00923	0.00777	0.01021	0.40958	0.00597	0.02865	0.00950	0.01105	0.00782	0.02927	0.03129	0.00398	0.00352	0.00086	0.02833	0.00283	0.01817	0.35882
11	0.00681	0.00500	0.00623	0.04873	0.00765	0.00534	0.00455	0.02871	0.10662	0.04903	0.08778	0.04647	0.14169	0.17358	0.18394	0.00278	0.03224	0.03165	0.02740	0.00380
12	0.01113	0.62491	0.05310	0.00755	0.01062	0.21779	0.00709	0.01244	0.00855	0.00924	0.00554	0.00642	0.00492	0.00346	0.00275	0.00088	0.00485	0.00219	0.00172	0.00484
13	0.03244	0.00845	0.03651	0.00895	0.01224	0.03017	0.21871	0.05950	0.00949	0.14639	0.04405	0.01081	0.02322	0.00376	0.00363	0.00098	0.00407	0.00350	0.00275	0.34040
14	0.01297	0.01604	0.01090	0.00981	0.01138	0.67026	0.00752	0.01394	0.00980	0.00934	0.00588	0.00741	0.00508	0.00515	0.02850	0.00126	0.16577	0.00268	0.00192	0.00437
15	0.00666	0.00603	0.00822	0.00727	0.00817	0.02973	0.06239	0.00832	0.03443	0.01177	0.27508	0.11148	0.11389	0.00911	0.06362	0.00172	0.22925	0.00599	0.00302	0.00387
16	0.00485	0.00369	0.00445	0.00486	0.00559	0.00333	0.00350	0.00581	0.00828	0.01065	0.11530	0.38804	0.31747	0.03662	0.00520	0.00151	0.00223	0.07182	0.00359	0.00322
17	0.01644	0.00660	0.00882	0.00684	0.00971	0.00587	0.00562	0.03566	0.04545	0.76469	0.04216	0.01353	0.01040	0.00486	0.00388	0.00119	0.00323	0.00397	0.00467	0.00641
18	0.01002	0.00752	0.00818	0.00727	0.00937	0.00840	0.00567	0.01875	0.64540	0.10853	0.06064	0.01495	0.01268	0.00525	0.00385	0.00126	0.00291	0.00438	0.05913	0.00583
19	0.00512	0.00379	0.00429	0.00429	0.00494	0.00349	0.00288	0.00586	0.00785	0.01020	0.18730	0.09240	0.30188	0.33730	0.01030	0.00222	0.00262	0.00711	0.00322	0.00295
20	0.23211	0.00922	0.16174	0.01863	0.01064	0.00719	0.02970	0.04269	0.01761	0.32438	0.08868	0.01162	0.00955	0.00446	0.00351	0.00119	0.00363	0.00350	0.00334	0.01663
21	0.05681	0.00653	0.00961	0.00762	0.00990	0.00624	0.12929	0.06262	0.01022	0.30944	0.17015	0.04547	0.08516	0.00652	0.03140	0.00140	0.02809	0.00501	0.01348	0.00505
22	0.03505	0.35036	0.05018	0.00950	0.08228	0.32879	0.00755	0.01284	0.00899	0.02216	0.00636	0.03064	0.00564	0.00394	0.00340	0.00099	0.03196	0.00267	0.00191	0.00480
23	0.02822	0.01061	0.05137	0.00882	0.02194	0.01109	0.00737	0.68714	0.05144	0.02221	0.00991	0.05443	0.00761	0.00494	0.00386	0.00118	0.00412	0.00383	0.00367	0.00623
24	0.01302	0.07455	0.02186	0.00968	0.04451	0.56120	0.00730	0.09967	0.04571	0.01151	0.00716	0.03117	0.00603	0.00417	0.00347	0.00101	0.00584	0.00289	0.00228	0.04697
25	0.01043	0.04953	0.06578	0.13004	0.11426	0.03918	0.18961	0.15108	0.05548	0.08582	0.04888	0.02556	0.00817	0.00423	0.00395	0.00120	0.00476	0.00392	0.00268	0.00543
26	0.00490	0.00388	0.00442	0.00433	0.00542	0.00339	0.00323	0.00621	0.00955	0.01239	0.36623	0.06794	0.47641	0.00904	0.00454	0.00127	0.00190	0.00773	0.00383	0.00339
27	0.00572	0.00423	0.00517	0.00529	0.00619	0.00410	0.00391	0.04857	0.00851	0.03321	0.06603	0.34651	0.29116	0.01215	0.09762	0.00194	0.02046	0.03229	0.00343	0.00351
28	0.00476	0.00389	0.00421	0.00413	0.00532	0.00334	0.00310	0.00595	0.00929	0.01167	0.24750	0.03475	0.63030	0.00922	0.00453	0.00127	0.00191	0.00779	0.00373	0.00334
29	0.00468	0.00351	0.00435	0.00501	0.00553	0.00318	0.00346	0.00545	0.00774	0.00998	0.02568	0.62716	0.23538	0.01138	0.00481	0.00150	0.00219	0.03230	0.00356	0.00316
30	0.01025	0.86756	0.02009	0.00656	0.00984	0.01517	0.00656	0.01148	0.00779	0.00902	0.00533	0.00615	0.00492	0.00328	0.00246	0.00082	0.00410	0.00205	0.00164	0.00492
31	0.00579	0.00420	0.00567	0.00637	0.00719	0.00412	0.00529	0.00745	0.02084	0.01150	0.09144	0.18668	0.07560	0.01047	0.00509	0.00164	0.00304	0.54053	0.00360	0.00348
32	0.00724	0.00681	0.01150	0.85604	0.02641	0.00852	0.01065	0.00980	0.00767	0.00980	0.00681	0.01022	0.00511	0.00383	0.00383	0.00128	0.00511	0.00341	0.00170	0.00426
33	0.00848	0.00739	0.00790	0.00740	0.00874	0.14221	0.02646	0.09876	0.00918	0.03693	0.04333	0.03197	0.01234	0.03548	0.33384	0.00328	0.00676	0.17275	0.00273	0.00407
34	0.00830	0.00670	0.00789	0.00573	0.00897	0.00515	0.00458	0.02226	0.00839	0.04749	0.05296	0.00932	0.00753	0.00322	0.00299	0.00064	0.00282	0.00261	0.00251	0.78994
35	0.74420	0.02131	0.08222	0.03293	0.00903	0.00882	0.00540	0.03620	0.00707	0.01660	0.00564	0.00661	0.00433	0.00360	0.00258	0.00119	0.00333	0.00223	0.00232	0.00438
36	0.00938	0.00694	0.00792	0.00699	0.00875	0.03382	0.02076	0.21712	0.12311	0.07663	0.14538	0.16074	0.06853	0.00781	0.02687	0.00144	0.00337	0.06587	0.00374	0.00483
37	0.00839	0.00680	0.00800	0.00573	0.00912	0.00514	0.00460	0.01008	0.00809	0.05196	0.00721	0.00819	0.00586	0.00293	0.00289	0.00060	0.00286	0.00235	0.00239	0.84681
38	0.00611	0.00428	0.00532	0.00515	0.00621	0.00400	0.00390	0.02952	0.03281	0.05217	0.45488	0.15209	0.16565	0.00862	0.00456	0.00130	0.00216	0.05353	0.00398	0.00375
39	0.00876	0.02750	0.01986	0.07990	0.03244	0.01834	0.00555	0.05820	0.04333	0.16856	0.14867	0.24252	0.01759	0.00876	0.05106	0.02574	0.00350	0.03182	0.00348	0.00443
40	0.00766	0.00703	0.04953	0.02720	0.02013	0.01521	0.00560	0.01354	0.38555	0.02887	0.16006	0.03746	0.17680	0.00674	0.00419	0.00130	0.00287	0.04174	0.00367	0.00486
41	0.00466	0.00339	0.00439	0.00520	0.00552	0.00313	0.00350	0.00535	0.00748	0.00984	0.02288	0.78118	0.10580	0.01178	0.00486	0.00153	0.00220	0.01062	0.00356	0.00313
42	0.00977	0.30166	0.21663	0.02300	0.08741	0.04237	0.09289	0.05615	0.07410	0.02436	0.00732	0.00842	0.00580	0.00376	0.00365	0.00109	0.03123	0.00297	0.00205	0.00538
43	0.59798	0.00778	0.00785	0.00681	0.02436	0.02090	0.04851	0.03709	0.00749	0.09308	0.00667	0.00768	0.00509	0.00434	0.01495	0.00130	0.08649	0.00262	0.01449	0.00453
44	0.00947	0.00858	0.01137	0.00961	0.01021	0.01134	0.00796	0.15472	0.00816	0.02386	0.00655	0.04224	0.00616	0.00652	0.01060	0.00157	0.66061	0.00368	0.00218	0.00460
45	0.02628	0.00804	0.00989	0.00870	0.06180	0.03128	0.06676	0.32490	0.02633	0.08160	0.06887	0.10989	0.05571	0.07473	0.01336	0.00146	0.00385	0.00501	0.00339	0.01816

[dist]
# distance from previous block
# <min> <max>
0	29

[block]
# block no. 10 follows, 71 sequences, length 11
# corresponding to MSA columns:
# 897-907
name=unknown_K
#
# <colnr> <probs for GDERKNQSTAVLIFYWHMCP>
#	G	D	E	R	K	N	Q	S	T	A	V	L	I	F	Y	W	H	M	C	P
0	0.22996	0.00744	0.00834	0.00661	0.00937	0.00749	0.00544	0.16314	0.02976	0.41678	0.01131	0.01060	0.00759	0.00437	0.00341	0.00115	0.00329	0.00330	0.03704	0.03361
