[name]
unknown

[dist]
# distance from previous block
# <min> <max>
0	56

[block]
# block no. 0 follows, 69 sequences, length 54
# corresponding to MSA columns:
# 414-467
name=unknown_A
#
# <colnr> <probs for GDERKNQSTAVLIFYWHMCP>
#	G	D	E	R	K	N	Q	S	T	A	V	L	I	F	Y	W	H	M	C	P
0	0.03432	0.03652	0.01125	0.01995	0.06450	0.07901	0.06799	0.10799	0.21514	0.11265	0.05816	0.01232	0.02155	0.00493	0.00473	0.00123	0.08623	0.00391	0.00320	0.05442
1	0.00844	0.00671	0.02934	0.00668	0.04260	0.00521	0.01686	0.01011	0.00864	0.09477	0.05312	0.04058	0.09712	0.03202	0.00401	0.00096	0.00302	0.01596	0.00284	0.52100
2	0.01395	0.01025	0.06031	0.00869	0.03975	0.16926	0.00700	0.06498	0.10016	0.37280	0.03941	0.03897	0.00968	0.00505	0.00429	0.00122	0.04080	0.00393	0.00367	0.00583
3	0.09267	0.09782	0.20914	0.03649	0.01314	0.44817	0.00893	0.03013	0.00977	0.01128	0.00627	0.00737	0.00499	0.00387	0.00340	0.00108	0.00601	0.00259	0.00197	0.00490
4	0.00561	0.00396	0.00502	0.00554	0.00617	0.00373	0.00393	0.03945	0.00848	0.03099	0.06094	0.61419	0.12469	0.01122	0.00490	0.00153	0.00241	0.06004	0.00371	0.00348
5	0.00619	0.00482	0.00582	0.00589	0.00651	0.05110	0.00434	0.00731	0.00686	0.00963	0.01239	0.14682	0.01260	0.13279	0.46713	0.00436	0.01608	0.00532	0.09065	0.00338
6	0.00831	0.00690	0.00803	0.00598	0.00920	0.00548	0.00474	0.01069	0.06921	0.03229	0.00854	0.04977	0.00732	0.00358	0.00311	0.00070	0.00290	0.00294	0.00257	0.75774
7	0.85436	0.00754	0.00590	0.00523	0.00768	0.00867	0.00431	0.01183	0.00686	0.05113	0.00587	0.00665	0.00447	0.00369	0.00249	0.00121	0.00305	0.00220	0.00252	0.00434
8	0.00483	0.00346	0.00459	0.00540	0.00569	0.00322	0.00363	0.00561	0.00779	0.01044	0.08229	0.78557	0.03905	0.01193	0.00497	0.00156	0.00224	0.01080	0.00369	0.00322
9	0.01455	0.01758	0.01105	0.00989	0.01200	0.74651	0.00749	0.08658	0.01167	0.02294	0.00657	0.00751	0.00534	0.00455	0.01816	0.00112	0.00683	0.00266	0.00223	0.00474
10	0.00963	0.59003	0.28764	0.00816	0.01231	0.01343	0.00924	0.01196	0.00807	0.01026	0.00597	0.00694	0.00501	0.00347	0.00291	0.00097	0.00471	0.00236	0.00167	0.00528
11	0.00499	0.00400	0.00435	0.00447	0.00550	0.00354	0.00327	0.00610	0.02275	0.01061	0.07101	0.12917	0.55937	0.10056	0.00633	0.00164	0.00232	0.05319	0.00354	0.00328
12	0.09383	0.00837	0.00926	0.00770	0.01015	0.00914	0.00625	0.28859	0.21854	0.15305	0.06457	0.02389	0.01124	0.00548	0.00418	0.00128	0.02594	0.04880	0.00390	0.00587
13	0.01048	0.86458	0.02054	0.00671	0.01006	0.01551	0.00671	0.01174	0.00797	0.00922	0.00545	0.00629	0.00503	0.00335	0.00252	0.00084	0.00419	0.00210	0.00168	0.00503
14	0.01134	0.00572	0.00737	0.00614	0.00810	0.00533	0.00485	0.06148	0.04700	0.36188	0.37725	0.02065	0.02184	0.03714	0.00482	0.00132	0.00274	0.00539	0.00443	0.00518
15	0.00504	0.00359	0.00441	0.00495	0.00522	0.00338	0.00319	0.00555	0.00711	0.00934	0.02067	0.52582	0.10480	0.26710	0.00945	0.00223	0.00270	0.00922	0.00326	0.00295
16	0.01827	0.05383	0.74697	0.01098	0.01642	0.00940	0.03459	0.01241	0.00826	0.02438	0.00706	0.00831	0.00506	0.00378	0.00389	0.00124	0.02478	0.00293	0.00172	0.00571
17	0.01337	0.01227	0.33542	0.00925	0.03201	0.00745	0.02335	0.04457	0.01024	0.45462	0.01164	0.01109	0.00760	0.00435	0.00387	0.00122	0.00442	0.00352	0.00345	0.00629
18	0.00534	0.00381	0.00469	0.00501	0.00544	0.00366	0.00342	0.00608	0.00753	0.00999	0.11049	0.27595	0.11436	0.31075	0.03994	0.00248	0.00314	0.08170	0.00321	0.00302
19	0.00813	0.00697	0.00813	0.00581	0.00929	0.00523	0.00465	0.00987	0.00813	0.01277	0.00697	0.00813	0.00581	0.00290	0.00290	0.00058	0.00290	0.00232	0.00232	0.88619
20	0.00695	0.00495	0.00711	0.00724	0.04144	0.00476	0.05597	0.03746	0.02780	0.07329	0.09020	0.41867	0.07303	0.01024	0.03438	0.00164	0.00317	0.08429	0.01340	0.00400
21	0.03168	0.25740	0.50365	0.00955	0.01424	0.02392	0.02122	0.01285	0.05386	0.02732	0.00720	0.00812	0.00546	0.00373	0.00338	0.00113	0.00511	0.00277	0.00188	0.00555
22	0.00646	0.00499	0.00596	0.00588	0.00700	0.00513	0.00440	0.02010	0.19506	0.02159	0.24538	0.23660	0.12106	0.01025	0.06438	0.00173	0.00297	0.03308	0.00381	0.00414
23	0.00940	0.00652	0.00727	0.00613	0.00812	0.00652	0.00487	0.26056	0.03250	0.09780	0.19860	0.02421	0.30693	0.00729	0.00433	0.00125	0.00284	0.00604	0.00400	0.00483
24	0.00858	0.00793	0.01286	0.47634	0.29200	0.00882	0.01064	0.04993	0.00873	0.01185	0.00722	0.00998	0.00566	0.00374	0.00383	0.00120	0.00482	0.00340	0.00196	0.07051
25	0.00634	0.00532	0.00744	0.00711	0.00771	0.02552	0.00562	0.00764	0.00636	0.00917	0.00944	0.01398	0.00886	0.02477	0.67749	0.00536	0.16217	0.00402	0.00203	0.00367
26	0.00553	0.00387	0.00466	0.00499	0.00531	0.00376	0.00331	0.01523	0.00707	0.00931	0.03203	0.26886	0.07984	0.43394	0.01243	0.00268	0.00318	0.09809	0.00302	0.00289
27	0.01013	0.00861	0.00908	0.00806	0.01034	0.00993	0.00630	0.08048	0.77041	0.01702	0.01547	0.01424	0.01157	0.00527	0.00398	0.00132	0.00319	0.00437	0.00398	0.00624
28	0.00478	0.00341	0.00455	0.00546	0.00569	0.00318	0.00364	0.00546	0.00751	0.01001	0.02161	0.85966	0.02593	0.01228	0.00500	0.00159	0.00227	0.01114	0.00364	0.00318
29	0.00500	0.00348	0.00469	0.00550	0.00577	0.00330	0.00375	0.00558	0.00739	0.00984	0.02053	0.73363	0.03620	0.01269	0.02596	0.06451	0.00260	0.04300	0.00346	0.00311
30	0.00889	0.00839	0.01348	0.27133	0.37948	0.00962	0.01064	0.04391	0.00836	0.01171	0.00701	0.00987	0.00584	0.00505	0.03003	0.00146	0.16429	0.00350	0.00192	0.00523
31	0.00786	0.02028	0.84191	0.01117	0.01697	0.00910	0.01448	0.01242	0.00828	0.01242	0.00704	0.00828	0.00497	0.00372	0.00372	0.00124	0.00579	0.00290	0.00166	0.00579
32	0.00467	0.00397	0.00402	0.00401	0.00532	0.00332	0.00300	0.00569	0.00901	0.01078	0.06839	0.03742	0.80739	0.00986	0.00463	0.00132	0.00198	0.00823	0.00366	0.00332
33	0.00995	0.69414	0.18635	0.00761	0.01146	0.01422	0.00828	0.01188	0.00803	0.00987	0.00577	0.00669	0.00502	0.00343	0.00276	0.00092	0.00452	0.00226	0.00167	0.00519
34	0.01702	0.00650	0.00880	0.00679	0.00971	0.00565	0.00559	0.01855	0.01105	0.79469	0.01532	0.01341	0.00972	0.00484	0.00388	0.00120	0.00325	0.00393	0.05360	0.00650
35	0.00970	0.00931	0.01591	0.02406	0.83777	0.00931	0.01203	0.01203	0.00893	0.01281	0.00737	0.00970	0.00621	0.00349	0.00388	0.00116	0.00466	0.00349	0.00194	0.00621
36	0.00785	0.00433	0.00449	0.00426	0.00536	0.00448	0.00326	0.06982	0.02733	0.01517	0.01251	0.01426	0.00983	0.00566	0.03912	0.00117	0.00241	0.00369	0.76107	0.00393
37	0.00631	0.00509	0.00542	0.00517	0.00637	0.05065	0.00388	0.00823	0.05399	0.03968	0.40011	0.09112	0.29233	0.00849	0.00454	0.00128	0.00233	0.00728	0.00392	0.00381
38	0.02118	0.03872	0.01186	0.00983	0.01131	0.26223	0.07093	0.02920	0.09808	0.03082	0.00777	0.02043	0.00666	0.00707	0.06950	0.00171	0.29226	0.00347	0.00226	0.00471
39	0.01113	0.00880	0.00956	0.00811	0.01047	0.03150	0.02586	0.25181	0.40928	0.05856	0.02426	0.07656	0.04485	0.00577	0.00408	0.00129	0.00353	0.00479	0.00388	0.00593
40	0.04643	0.00535	0.00680	0.01604	0.00778	0.00541	0.03787	0.05438	0.09303	0.03089	0.34191	0.08342	0.12825	0.00936	0.06696	0.00169	0.00322	0.05332	0.00372	0.00417
41	0.00817	0.00801	0.07002	0.00628	0.00989	0.00568	0.00543	0.01045	0.03777	0.01288	0.00730	0.00837	0.00597	0.00305	0.00300	0.00066	0.00313	0.00244	0.00233	0.78916
42	0.02092	0.01958	0.16884	0.01009	0.07376	0.02317	0.11996	0.07809	0.01868	0.03156	0.05381	0.18500	0.03405	0.05016	0.05200	0.00173	0.04565	0.00551	0.00268	0.00473
43	0.00483	0.00358	0.00451	0.00511	0.00563	0.00326	0.00352	0.00569	0.00816	0.01072	0.10989	0.61349	0.18452	0.01138	0.00489	0.00150	0.00217	0.01016	0.00371	0.00326
44	0.01245	0.02503	0.03059	0.02169	0.10814	0.46138	0.02631	0.03999	0.03642	0.05533	0.00873	0.01044	0.03329	0.00528	0.02661	0.00129	0.06581	0.02395	0.00234	0.00491
45	0.09158	0.05481	0.13016	0.06473	0.05637	0.01829	0.07909	0.14076	0.07083	0.12316	0.00931	0.02614	0.00707	0.00505	0.02188	0.00136	0.07475	0.00359	0.01556	0.00551
46	0.00868	0.00837	0.06741	0.04194	0.07299	0.08200	0.06438	0.02363	0.06727	0.07277	0.01230	0.15542	0.03253	0.01055	0.15962	0.00225	0.07994	0.00509	0.02825	0.00461
47	0.00463	0.00397	0.00397	0.00397	0.00530	0.00331	0.00298	0.00563	0.00894	0.01059	0.03971	0.03773	0.83618	0.00993	0.00463	0.00132	0.00199	0.00827	0.00364	0.00331
48	0.05692	0.22193	0.07330	0.01270	0.25158	0.05951	0.04302	0.02960	0.07430	0.04301	0.00899	0.01004	0.03989	0.00404	0.00368	0.00110	0.02364	0.00327	0.00228	0.03721
49	0.09173	0.02327	0.07629	0.23886	0.15174	0.06560	0.09068	0.08464	0.05085	0.04079	0.03433	0.01030	0.00696	0.00408	0.00390	0.00123	0.01363	0.00352	0.00237	0.00523
50	0.00643	0.00402	0.00499	0.00496	0.00533	0.00403	0.00320	0.00686	0.00647	0.06999	0.01364	0.14455	0.01493	0.54599	0.14455	0.00367	0.00458	0.00613	0.00270	0.00299
51	0.00555	0.06779	0.00610	0.00575	0.02609	0.00455	0.00407	0.00674	0.02978	0.01060	0.06474	0.47563	0.19897	0.03517	0.00512	0.00152	0.00251	0.04233	0.00346	0.00352
52	0.06078	0.10765	0.08811	0.02989	0.16128	0.08078	0.08535	0.06910	0.07568	0.10241	0.02101	0.01009	0.00708	0.00478	0.00464	0.06682	0.01326	0.00340	0.00255	0.00535
53	0.06912	0.04560	0.06897	0.11450	0.08404	0.07194	0.04329	0.03349	0.07844	0.05019	0.02657	0.06906	0.02589	0.01765	0.00432	0.00136	0.00425	0.16054	0.00280	0.02799

[dist]
# distance from previous block
# <min> <max>
2	60

[block]
# block no. 1 follows, 69 sequences, length 48
# corresponding to MSA columns:
# 529-556,561-580
name=unknown_B
#
# <colnr> <probs for GDERKNQSTAVLIFYWHMCP>
#	G	D	E	R	K	N	Q	S	T	A	V	L	I	F	Y	W	H	M	C	P
0	0.13638	0.05676	0.06495	0.29644	0.16573	0.00923	0.02724	0.06042	0.03810	0.02894	0.00769	0.00970	0.00594	0.00396	0.00375	0.00121	0.02247	0.00325	0.05280	0.00503
1	0.02973	0.01010	0.17250	0.01671	0.05610	0.07703	0.00742	0.05687	0.10162	0.05016	0.08192	0.10012	0.06692	0.01508	0.02070	0.02700	0.02209	0.01236	0.00290	0.07267
2	0.06321	0.07415	0.08635	0.07966	0.17698	0.07075	0.08384	0.05766	0.01752	0.09825	0.04381	0.07459	0.02891	0.00478	0.00385	0.00120	0.00447	0.00415	0.00262	0.02326
3	0.02703	0.07441	0.07085	0.11108	0.09414	0.03359	0.07810	0.07624	0.02029	0.02067	0.04358	0.23162	0.01245	0.00628	0.00425	0.00127	0.02047	0.01543	0.00268	0.05556
4	0.00524	0.00366	0.00470	0.00529	0.00578	0.00335	0.00359	0.00600	0.00777	0.03211	0.04598	0.67753	0.10064	0.05306	0.00562	0.00163	0.00235	0.01012	0.00360	0.02198
5	0.04333	0.04232	0.05841	0.04150	0.04006	0.06656	0.09863	0.15918	0.14170	0.09484	0.02436	0.05604	0.05661	0.01989	0.00460	0.00130	0.03777	0.00437	0.00312	0.00541
6	0.02794	0.03699	0.15774	0.12995	0.08626	0.11563	0.08375	0.03211	0.07044	0.04295	0.07317	0.08031	0.01021	0.00547	0.02079	0.00135	0.01311	0.00430	0.00251	0.00501
7	0.00519	0.00449	0.00453	0.00461	0.00580	0.03393	0.00347	0.00627	0.00907	0.01100	0.10173	0.11093	0.61629	0.00983	0.00467	0.00136	0.00228	0.05752	0.00364	0.00339
8	0.02733	0.02963	0.01235	0.23878	0.09160	0.35381	0.04861	0.06407	0.00990	0.01133	0.00678	0.00875	0.00544	0.00412	0.00423	0.00117	0.05521	0.00310	0.01901	0.00479
9	0.12071	0.12596	0.09202	0.13107	0.05390	0.05596	0.11602	0.02881	0.06792	0.03805	0.02154	0.01029	0.00688	0.03036	0.05278	0.00157	0.03555	0.00341	0.00225	0.00493
10	0.00602	0.00480	0.00691	0.02118	0.10802	0.00483	0.02141	0.00736	0.02970	0.01107	0.08864	0.47952	0.06272	0.02248	0.01935	0.02409	0.04126	0.00834	0.02853	0.00376
11	0.00504	0.00380	0.00427	0.00446	0.00512	0.00348	0.00300	0.00568	0.00761	0.00962	0.04495	0.21243	0.36836	0.27468	0.02821	0.00226	0.00280	0.00799	0.00323	0.00301
12	0.07781	0.02185	0.21394	0.12744	0.09885	0.07120	0.16298	0.04527	0.03655	0.01263	0.00734	0.00944	0.00573	0.01732	0.00482	0.00131	0.07485	0.00343	0.00203	0.00520
13	0.00853	0.21476	0.62441	0.01058	0.04314	0.01059	0.01261	0.01225	0.00823	0.01169	0.00668	0.00787	0.00502	0.00363	0.00345	0.00115	0.00539	0.00273	0.00167	0.00563
14	0.00526	0.00415	0.00482	0.00538	0.00592	0.03384	0.00374	0.00613	0.00819	0.01061	0.10006	0.57643	0.14869	0.03364	0.00527	0.00156	0.00245	0.03694	0.00361	0.00329
15	0.00564	0.00421	0.00543	0.00606	0.00699	0.00400	0.00501	0.00708	0.00885	0.01129	0.04470	0.14951	0.24203	0.01071	0.00513	0.00163	0.00296	0.47164	0.00364	0.00348
16	0.04007	0.00706	0.00834	0.00600	0.00945	0.00545	0.02088	0.00998	0.00810	0.01294	0.00693	0.00811	0.00575	0.00294	0.00292	0.00062	0.00298	0.00236	0.00232	0.83678
17	0.01119	0.00752	0.00793	0.00652	0.00860	0.00817	0.00524	0.41379	0.05345	0.01970	0.01127	0.01204	0.00847	0.00467	0.00339	0.00106	0.00312	0.00363	0.40496	0.00527
18	0.00489	0.00353	0.00459	0.00539	0.00573	0.00330	0.00369	0.00563	0.00762	0.01004	0.02251	0.71550	0.08605	0.04918	0.00565	0.00168	0.00239	0.05584	0.00358	0.00318
19	0.00786	0.02028	0.84191	0.01117	0.01697	0.00910	0.01448	0.01242	0.00828	0.01242	0.00704	0.00828	0.00497	0.00372	0.00372	0.00124	0.00579	0.00290	0.00166	0.00579
20	0.00786	0.02028	0.84191	0.01117	0.01697	0.00910	0.01448	0.01242	0.00828	0.01242	0.00704	0.00828	0.00497	0.00372	0.00372	0.00124	0.00579	0.00290	0.00166	0.00579
21	0.00999	0.00985	0.01564	0.02326	0.79036	0.05738	0.01178	0.01224	0.00905	0.01262	0.00730	0.00955	0.00614	0.00352	0.00386	0.00116	0.00480	0.00344	0.00195	0.00611
22	0.00607	0.00439	0.00600	0.00683	0.00772	0.00432	0.00586	0.00773	0.00890	0.01151	0.02230	0.10493	0.08625	0.01087	0.00532	0.00175	0.00338	0.68869	0.00361	0.00355
23	0.00853	0.00853	0.01214	0.01035	0.01045	0.01181	0.02691	0.00945	0.00608	0.00950	0.00532	0.00877	0.00526	0.00726	0.03056	0.00180	0.81776	0.00347	0.00173	0.00429
24	0.00555	0.00401	0.00524	0.00493	0.00586	0.00370	0.00370	0.00740	0.01110	0.01572	0.83570	0.02928	0.03699	0.00801	0.00462	0.00123	0.00185	0.00709	0.00432	0.00370
25	0.01498	0.00889	0.01023	0.00806	0.01099	0.00930	0.00659	0.37392	0.16391	0.33114	0.01289	0.01185	0.00878	0.00487	0.00394	0.00122	0.00372	0.00385	0.00429	0.00658
26	0.06452	0.05120	0.01074	0.00812	0.01099	0.01056	0.00667	0.42057	0.21107	0.14753	0.01150	0.01094	0.00819	0.00475	0.00379	0.00120	0.00379	0.00366	0.00389	0.00634
27	0.00582	0.00426	0.00485	0.00473	0.00597	0.00379	0.00357	0.03056	0.00961	0.05259	0.20384	0.13355	0.48254	0.00943	0.00464	0.00134	0.00217	0.02924	0.00385	0.00365
28	0.01512	0.00617	0.00844	0.00696	0.00952	0.00545	0.00578	0.01666	0.01070	0.66300	0.01663	0.04947	0.01258	0.00618	0.00424	0.00133	0.00335	0.14783	0.00459	0.00600
29	0.01047	0.01489	0.00760	0.00666	0.00836	0.04286	0.00514	0.08379	0.10562	0.23666	0.07170	0.18462	0.01481	0.04407	0.11416	0.00204	0.00415	0.00564	0.03184	0.00492
30	0.00940	0.46935	0.30396	0.03955	0.04206	0.01255	0.00971	0.01237	0.04829	0.01083	0.00663	0.00765	0.00540	0.00360	0.00310	0.00103	0.00475	0.00259	0.00179	0.00537
31	0.01114	0.00846	0.00996	0.03726	0.04369	0.06773	0.05324	0.19367	0.16124	0.12875	0.09163	0.11059	0.01302	0.00586	0.00426	0.00126	0.01869	0.00496	0.02914	0.00544
32	0.00569	0.00421	0.00531	0.00566	0.00642	0.00406	0.00419	0.03461	0.04175	0.01238	0.21191	0.41779	0.10096	0.01034	0.00486	0.00149	0.00243	0.11849	0.00382	0.00361
33	0.02926	0.05595	0.15100	0.05316	0.03156	0.08807	0.12955	0.10149	0.03189	0.12026	0.05058	0.02684	0.05333	0.00547	0.02759	0.00137	0.03054	0.00404	0.00277	0.00529
34	0.00915	0.02054	0.03251	0.25483	0.41447	0.00941	0.08108	0.02853	0.04437	0.02250	0.00770	0.01012	0.00613	0.00385	0.00429	0.00124	0.03808	0.00360	0.00204	0.00552
35	0.00753	0.00671	0.00834	0.00776	0.00832	0.04618	0.00606	0.07109	0.00807	0.01114	0.05291	0.29415	0.02909	0.01083	0.09376	0.00204	0.31281	0.01646	0.00276	0.00398
36	0.00687	0.00650	0.06364	0.00650	0.00810	0.01616	0.00545	0.02789	0.20352	0.01345	0.17509	0.13689	0.16800	0.00832	0.00456	0.00141	0.00290	0.13672	0.00369	0.00436
37	0.03407	0.12040	0.11727	0.04316	0.03987	0.07318	0.12534	0.09675	0.07677	0.09434	0.00896	0.01844	0.00702	0.02367	0.04678	0.00152	0.06098	0.00357	0.00256	0.00534
38	0.00751	0.00708	0.01195	0.81426	0.06471	0.00874	0.01094	0.01011	0.00789	0.01015	0.00699	0.01042	0.00527	0.00390	0.00392	0.00130	0.00520	0.00348	0.00175	0.00444
39	0.00505	0.00380	0.00447	0.00487	0.00570	0.00336	0.00350	0.00597	0.00838	0.02709	0.04647	0.40864	0.40084	0.01089	0.00482	0.00146	0.00221	0.04545	0.00368	0.00334
40	0.01096	0.13771	0.39224	0.01012	0.01405	0.34745	0.01061	0.01363	0.00937	0.01083	0.00642	0.00751	0.00501	0.00380	0.00348	0.00109	0.00608	0.00264	0.00181	0.00518
41	0.03806	0.10441	0.01142	0.00850	0.01042	0.07035	0.17207	0.06579	0.00910	0.05186	0.01431	0.36715	0.03089	0.00788	0.01813	0.00142	0.00408	0.00679	0.00297	0.00438
42	0.06395	0.39167	0.01397	0.00679	0.00980	0.03482	0.00609	0.03414	0.00966	0.33623	0.05004	0.01028	0.00842	0.00424	0.00324	0.00104	0.00376	0.00311	0.00316	0.00559
43	0.00566	0.00409	0.00575	0.00575	0.00627	0.00460	0.00423	0.00671	0.00618	0.00882	0.01101	0.01796	0.01092	0.23826	0.62444	0.00558	0.00867	0.00457	0.01732	0.00322
44	0.00889	0.11148	0.48362	0.03261	0.19184	0.02399	0.02712	0.01232	0.00858	0.03400	0.02588	0.00904	0.00611	0.00376	0.00367	0.00118	0.00524	0.00310	0.00188	0.00571
45	0.00672	0.00494	0.02001	0.03022	0.00722	0.02849	0.00439	0.00834	0.02617	0.08405	0.34890	0.27403	0.10897	0.00889	0.00461	0.00136	0.00249	0.02241	0.00389	0.00389
46	0.01012	0.00504	0.00610	0.00522	0.00718	0.00435	0.00413	0.01144	0.00995	0.34545	0.08378	0.02558	0.38527	0.00735	0.00421	0.00124	0.00251	0.00610	0.07026	0.00472
47	0.00556	0.00534	0.06459	0.00537	0.00667	0.00426	0.00432	0.03073	0.04109	0.01169	0.12576	0.27903	0.34743	0.04349	0.00524	0.00148	0.00251	0.00822	0.00355	0.00367

[dist]
# distance from previous block
# <min> <max>
0	2

[block]
# block no. 2 follows, 69 sequences, length 10
# corresponding to MSA columns:
# 583-592
name=unknown_C
#
# <colnr> <probs for GDERKNQSTAVLIFYWHMCP>
#	G	D	E	R	K	N	Q	S	T	A	V	L	I	F	Y	W	H	M	C	P
0	0.14761	0.05696	0.07569	0.04373	0.03224	0.29476	0.09668	0.02684	0.05717	0.02552	0.00756	0.03903	0.00632	0.00443	0.00427	0.00120	0.06963	0.00329	0.00225	0.00483
1	0.00786	0.02028	0.84191	0.01117	0.01697	0.00910	0.01448	0.01242	0.00828	0.01242	0.00704	0.00828	0.00497	0.00372	0.00372	0.00124	0.00579	0.00290	0.00166	0.00579
2	0.00485	0.00402	0.00427	0.00431	0.00556	0.00344	0.00330	0.00599	0.00916	0.01118	0.11739	0.03737	0.69658	0.00981	0.00469	0.00135	0.00209	0.06758	0.00371	0.00337
3	0.00864	0.00727	0.00840	0.00605	0.00951	0.00575	0.00486	0.07149	0.00891	0.01368	0.00715	0.00823	0.00587	0.00304	0.00298	0.00063	0.00301	0.00241	0.00244	0.81968
4	0.00935	0.10700	0.41493	0.03554	0.04897	0.00912	0.05790	0.05259	0.02380	0.08088	0.03222	0.00977	0.00681	0.00470	0.01718	0.03583	0.00502	0.00324	0.00222	0.04293
5	0.02689	0.07473	0.06087	0.03719	0.17383	0.06752	0.02949	0.20422	0.02239	0.04198	0.07197	0.03220	0.03031	0.00502	0.00490	0.00123	0.10318	0.00390	0.00275	0.00543
6	0.00486	0.00379	0.00441	0.00466	0.00554	0.00334	0.00334	0.00591	0.00886	0.01137	0.18547	0.31488	0.40887	0.01036	0.00476	0.00140	0.00206	0.00902	0.00377	0.00334
7	0.00756	0.00732	0.01279	0.63920	0.07486	0.00849	0.10700	0.01012	0.00816	0.01053	0.00953	0.01244	0.06685	0.00426	0.00405	0.00130	0.00512	0.00397	0.00192	0.00450
8	0.00538	0.00435	0.00479	0.00505	0.00575	0.03645	0.00353	0.00624	0.00808	0.01031	0.10178	0.32341	0.26608	0.12771	0.07094	0.00211	0.00317	0.00829	0.00335	0.00324
9	0.82062	0.07511	0.00693	0.00528	0.00778	0.00932	0.00444	0.01154	0.00677	0.01693	0.00546	0.00636	0.00431	0.00362	0.00243	0.00118	0.00312	0.00212	0.00237	0.00431

[dist]
# distance from previous block
# <min> <max>
2	5

[block]
# block no. 3 follows, 69 sequences, length 7
# corresponding to MSA columns:
# 623-629
name=unknown_D
#
# <colnr> <probs for GDERKNQSTAVLIFYWHMCP>
#	G	D	E	R	K	N	Q	S	T	A	V	L	I	F	Y	W	H	M	C	P
0	0.00872	0.11191	0.10827	0.00997	0.01103	0.01209	0.00903	0.01005	0.00650	0.00975	0.00540	0.00827	0.00511	0.00608	0.01058	0.00156	0.65620	0.00321	0.00170	0.00455
1	0.00805	0.00697	0.00853	0.09846	0.01123	0.00561	0.00533	0.00989	0.00810	0.01247	0.00697	0.00838	0.00574	0.00301	0.00301	0.00066	0.00316	0.00245	0.00226	0.78972
2	0.01576	0.00669	0.00858	0.00670	0.00943	0.00615	0.00550	0.10595	0.01156	0.62792	0.01440	0.01310	0.00942	0.00479	0.00376	0.00116	0.00322	0.00385	0.13580	0.00622
3	0.00565	0.00419	0.00546	0.00615	0.00703	0.00400	0.00506	0.00707	0.00874	0.01116	0.02537	0.18451	0.21495	0.01087	0.00516	0.00165	0.00299	0.48288	0.00362	0.00347
4	0.00742	0.00679	0.00958	0.01097	0.20920	0.00734	0.02704	0.01006	0.10650	0.01222	0.11236	0.05529	0.23782	0.00697	0.00590	0.00136	0.15995	0.00566	0.00295	0.00463
5	0.03664	0.00784	0.10664	0.00732	0.00901	0.06413	0.03657	0.04282	0.00932	0.04240	0.17757	0.24605	0.05702	0.00811	0.00492	0.00140	0.04677	0.08799	0.00328	0.00418
6	0.00962	0.32734	0.06241	0.00832	0.01080	0.01185	0.05523	0.10455	0.06570	0.01208	0.01089	0.01181	0.10480	0.00518	0.00539	0.00120	0.18186	0.00363	0.00235	0.00500

[dist]
# distance from previous block
# <min> <max>
6	35

[block]
# block no. 4 follows, 69 sequences, length 7
# corresponding to MSA columns:
# 665-671
name=unknown_E
#
# <colnr> <probs for GDERKNQSTAVLIFYWHMCP>
#	G	D	E	R	K	N	Q	S	T	A	V	L	I	F	Y	W	H	M	C	P
0	0.01581	0.01110	0.01291	0.01104	0.01338	0.01129	0.03231	0.21606	0.10930	0.18205	0.01906	0.04157	0.12178	0.00889	0.00763	0.00214	0.16502	0.00597	0.00497	0.00773
1	0.03468	0.01023	0.16907	0.01039	0.01379	0.00768	0.26622	0.04588	0.04117	0.01297	0.01037	0.14692	0.00955	0.00507	0.00407	0.00120	0.00461	0.02352	0.00247	0.18012
2	0.08423	0.00674	0.01055	0.46136	0.16701	0.00773	0.00907	0.00960	0.00787	0.01118	0.00982	0.17871	0.00943	0.00548	0.00400	0.00133	0.00435	0.00489	0.00221	0.00445
3	0.01264	0.00880	0.01037	0.16664	0.01367	0.00973	0.00728	0.48453	0.01435	0.09162	0.00996	0.01070	0.00715	0.00455	0.00375	0.00117	0.00404	0.00357	0.12967	0.00580
4	0.17362	0.01789	0.68478	0.01004	0.01520	0.00905	0.01256	0.01225	0.00798	0.01339	0.00674	0.00792	0.00483	0.00371	0.00348	0.00124	0.00527	0.00275	0.00180	0.00550
5	0.01269	0.01031	0.00974	0.00813	0.01048	0.16636	0.00643	0.33540	0.11373	0.10338	0.12916	0.05307	0.01258	0.00550	0.00401	0.00120	0.00413	0.00436	0.00371	0.00562
6	0.00831	0.00753	0.01064	0.52616	0.02050	0.00911	0.00908	0.01420	0.32598	0.01248	0.01044	0.01207	0.00783	0.00446	0.00395	0.00132	0.00441	0.00385	0.00261	0.00507

[dist]
# distance from previous block
# <min> <max>
0	1

[block]
# block no. 5 follows, 69 sequences, length 15
# corresponding to MSA columns:
# 673-687
name=unknown_F
#
# <colnr> <probs for GDERKNQSTAVLIFYWHMCP>
#	G	D	E	R	K	N	Q	S	T	A	V	L	I	F	Y	W	H	M	C	P
0	0.00740	0.00697	0.01176	0.85280	0.02700	0.00871	0.01089	0.01002	0.00784	0.01002	0.00697	0.01045	0.00523	0.00392	0.00392	0.00131	0.00523	0.00348	0.00174	0.00436
1	0.00858	0.01786	0.66147	0.01054	0.01562	0.00939	0.01276	0.06207	0.13826	0.01377	0.00858	0.00934	0.00617	0.00403	0.00378	0.00125	0.00528	0.00318	0.00216	0.00591
2	0.15409	0.00697	0.00874	0.00691	0.00965	0.00671	0.00570	0.01737	0.02953	0.64122	0.01328	0.01199	0.00862	0.00479	0.00425	0.00125	0.05490	0.00364	0.00426	0.00613
3	0.00683	0.00703	0.13763	0.00728	0.00888	0.00532	0.00672	0.00864	0.00849	0.06055	0.03314	0.24696	0.07680	0.00938	0.00534	0.00158	0.05504	0.30705	0.00328	0.00405
4	0.01497	0.00696	0.00898	0.00748	0.02981	0.00659	0.00589	0.01861	0.18973	0.59142	0.06457	0.01449	0.01175	0.00511	0.00399	0.00124	0.00323	0.00423	0.00456	0.00638
5	0.01620	0.00721	0.00923	0.00726	0.01017	0.00678	0.00594	0.06989	0.13886	0.66142	0.01516	0.01330	0.00987	0.00492	0.00395	0.00123	0.00336	0.00399	0.00466	0.00660
6	0.01058	0.01002	0.01237	0.19234	0.27249	0.14327	0.02436	0.03088	0.18846	0.06197	0.00948	0.01074	0.00728	0.00417	0.00388	0.00121	0.00478	0.00359	0.00257	0.00557
7	0.00887	0.00774	0.01228	0.20203	0.42825	0.00805	0.00963	0.01153	0.05863	0.06131	0.01337	0.01479	0.13711	0.00479	0.00402	0.00123	0.00419	0.00433	0.00246	0.00537
8	0.01198	0.00970	0.14182	0.05379	0.13494	0.00798	0.04593	0.03068	0.14526	0.30535	0.02778	0.01284	0.00911	0.00467	0.00415	0.00126	0.02000	0.02335	0.00337	0.00603
9	0.12897	0.00913	0.01075	0.02228	0.02437	0.11352	0.11612	0.03933	0.07178	0.17331	0.02543	0.03626	0.00795	0.00439	0.00401	0.00113	0.03962	0.00359	0.00296	0.16509
10	0.12555	0.02534	0.01071	0.03657	0.11187	0.09677	0.06890	0.08970	0.04124	0.15251	0.04227	0.03319	0.07663	0.00497	0.00407	0.00120	0.03117	0.00405	0.00303	0.04025
11	0.13434	0.12848	0.09004	0.01053	0.14128	0.02585	0.07148	0.02852	0.06229	0.15802	0.02159	0.02108	0.00730	0.00403	0.00349	0.00112	0.00411	0.00332	0.00272	0.08041
12	0.10156	0.12529	0.04553	0.00923	0.07798	0.00954	0.05146	0.13837	0.07864	0.19548	0.02582	0.01097	0.02759	0.00450	0.00403	0.00117	0.04460	0.00351	0.00314	0.04158
13	0.05110	0.19622	0.06601	0.00861	0.03820	0.09379	0.06448	0.04278	0.09568	0.14795	0.02607	0.01026	0.00765	0.01754	0.02838	0.00125	0.00447	0.00325	0.00276	0.09354
14	0.06847	0.13946	0.05710	0.02700	0.02621	0.08669	0.02295	0.06298	0.07385	0.17798	0.02751	0.02446	0.04050	0.01934	0.01404	0.00131	0.02051	0.08004	0.00308	0.02652

[dist]
# distance from previous block
# <min> <max>
24	253

[block]
# block no. 6 follows, 69 sequences, length 40
# corresponding to MSA columns:
# 982-1021
name=unknown_G
#
# <colnr> <probs for GDERKNQSTAVLIFYWHMCP>
#	G	D	E	R	K	N	Q	S	T	A	V	L	I	F	Y	W	H	M	C	P
0	0.07775	0.08859	0.11584	0.01967	0.05633	0.02083	0.04035	0.08808	0.10838	0.08109	0.10083	0.08167	0.04236	0.00546	0.00402	0.00122	0.02175	0.00451	0.00305	0.03822
1	0.09928	0.02121	0.09417	0.04586	0.14033	0.02433	0.02048	0.08310	0.14896	0.06040	0.05870	0.01309	0.06666	0.00480	0.00400	0.00119	0.02835	0.00390	0.00291	0.07825
2	0.04942	0.07347	0.21133	0.03458	0.03528	0.06569	0.02826	0.06275	0.08327	0.05279	0.07286	0.04132	0.04604	0.00542	0.02502	0.00127	0.00438	0.00389	0.00268	0.10028
3	0.04087	0.14607	0.10171	0.02002	0.11007	0.05395	0.00745	0.07251	0.10165	0.05935	0.07378	0.11461	0.01948	0.00541	0.00388	0.00118	0.01637	0.00444	0.00284	0.04434
4	0.02933	0.09411	0.07084	0.04373	0.05437	0.02851	0.00690	0.10533	0.12776	0.07306	0.06796	0.02848	0.03179	0.01723	0.11827	0.00188	0.02843	0.00398	0.00291	0.06511
5	0.08426	0.04870	0.12270	0.09099	0.03896	0.05453	0.04505	0.13916	0.07668	0.06063	0.02559	0.04289	0.04582	0.01277	0.00386	0.00118	0.00423	0.00381	0.00278	0.09542
6	0.06609	0.03851	0.09360	0.05174	0.04632	0.09050	0.08212	0.15651	0.02350	0.11910	0.07297	0.02222	0.02929	0.00463	0.00398	0.00116	0.02134	0.00379	0.00295	0.06966
7	0.10626	0.04796	0.07356	0.19418	0.04013	0.06450	0.02938	0.09032	0.05937	0.10249	0.03498	0.02179	0.00750	0.00432	0.00388	0.00117	0.02838	0.00342	0.00268	0.08371
8	0.10159	0.09074	0.10679	0.06088	0.01176	0.01991	0.01859	0.15068	0.03080	0.05159	0.02377	0.01819	0.02133	0.00454	0.01785	0.00112	0.02908	0.00313	0.00263	0.23505
9	0.04502	0.03597	0.07598	0.13955	0.33458	0.07747	0.00980	0.08472	0.03387	0.05148	0.00806	0.02281	0.00642	0.00395	0.00372	0.00115	0.00467	0.00338	0.00233	0.05509
10	0.08268	0.04689	0.12711	0.03332	0.08532	0.02133	0.00766	0.11773	0.23264	0.05162	0.06495	0.03982	0.03422	0.00536	0.01529	0.00130	0.00390	0.00410	0.00313	0.02161
11	0.06531	0.08039	0.10766	0.01017	0.07518	0.31454	0.03407	0.07683	0.04413	0.03729	0.00752	0.00866	0.00599	0.00542	0.05339	0.00138	0.00570	0.00294	0.00231	0.06111
12	0.11668	0.05401	0.31727	0.02087	0.02355	0.12770	0.00931	0.08499	0.00922	0.02780	0.02116	0.00913	0.00619	0.02645	0.04207	0.00146	0.04355	0.00300	0.00219	0.05338
13	0.02497	0.10503	0.13196	0.01976	0.03733	0.09759	0.02035	0.15346	0.00989	0.04386	0.02360	0.02717	0.00824	0.02834	0.23557	0.00261	0.00641	0.01647	0.00249	0.00491
14	0.41126	0.04949	0.12404	0.00751	0.01027	0.12279	0.00685	0.07143	0.06214	0.02752	0.02007	0.00808	0.00582	0.00415	0.00363	0.00121	0.05367	0.00272	0.00247	0.00487
15	0.00786	0.02028	0.84191	0.01117	0.01697	0.00910	0.01448	0.01242	0.00828	0.01242	0.00704	0.00828	0.00497	0.00372	0.00372	0.00124	0.00579	0.00290	0.00166	0.00579
16	0.00953	0.00887	0.12092	0.00718	0.01093	0.00604	0.04301	0.01169	0.00865	0.13391	0.00826	0.00902	0.00627	0.00332	0.00324	0.00080	0.00352	0.00274	0.00259	0.59950
17	0.00680	0.00545	0.00659	0.05497	0.00846	0.00583	0.00492	0.01138	0.28143	0.01378	0.25437	0.29042	0.02331	0.00826	0.00450	0.00138	0.00260	0.00731	0.00384	0.00440
18	0.00560	0.00420	0.00630	0.00630	0.00700	0.00490	0.00490	0.00700	0.00630	0.00910	0.01050	0.01540	0.00980	0.02940	0.84669	0.00630	0.01050	0.00420	0.00210	0.00350
19	0.00731	0.00365	0.00365	0.00365	0.00457	0.00365	0.00274	0.00913	0.00822	0.01462	0.01279	0.01462	0.01005	0.00457	0.00274	0.00091	0.00183	0.00365	0.88399	0.00365
20	0.00554	0.00416	0.00597	0.00599	0.00672	0.00468	0.00462	0.00683	0.00659	0.00923	0.01362	0.01889	0.08751	0.07505	0.69659	0.00556	0.00912	0.02761	0.00230	0.00342
21	0.00731	0.00365	0.00365	0.00365	0.00457	0.00365	0.00274	0.00913	0.00822	0.01462	0.01279	0.01462	0.01005	0.00457	0.00274	0.00091	0.00183	0.00365	0.88399	0.00365
22	0.01175	0.03066	0.13394	0.06037	0.01572	0.44293	0.21386	0.01394	0.00993	0.01076	0.00670	0.00832	0.00527	0.00383	0.00395	0.00114	0.01690	0.00317	0.00193	0.00491
23	0.05996	0.01033	0.02189	0.03355	0.01988	0.00982	0.75913	0.01244	0.00907	0.01279	0.00777	0.01033	0.00584	0.00334	0.00448	0.00132	0.00637	0.00446	0.00200	0.00521
24	0.03372	0.00411	0.00505	0.00478	0.00577	0.00382	0.00356	0.00722	0.01043	0.01474	0.66719	0.02950	0.14022	0.04660	0.00525	0.00136	0.00199	0.00702	0.00408	0.00361
25	0.01621	0.00888	0.01047	0.00802	0.01111	0.00904	0.00663	0.43197	0.01492	0.42240	0.01236	0.01133	0.00815	0.00478	0.00393	0.00119	0.00384	0.00373	0.00438	0.00667
26	0.00563	0.00409	0.00577	0.00577	0.00628	0.00461	0.00423	0.00666	0.00614	0.00871	0.01099	0.01811	0.01097	0.24902	0.62868	0.00564	0.00873	0.00460	0.00217	0.00320
27	0.88991	0.00758	0.00576	0.00516	0.00758	0.00879	0.00425	0.01152	0.00667	0.01759	0.00546	0.00637	0.00425	0.00364	0.00243	0.00121	0.00303	0.00212	0.00243	0.00425
28	0.00810	0.09593	0.76831	0.01077	0.01635	0.00968	0.01379	0.01235	0.00825	0.01213	0.00689	0.00810	0.00497	0.00369	0.00362	0.00121	0.00565	0.00283	0.00166	0.00573
29	0.00632	0.00451	0.00632	0.00722	0.00812	0.00451	0.00632	0.00812	0.00902	0.01173	0.02076	0.04422	0.02256	0.01083	0.00541	0.00180	0.00361	0.81138	0.00361	0.00361
30	0.00536	0.00398	0.00499	0.00478	0.00575	0.00361	0.00357	0.00701	0.01058	0.01460	0.66374	0.06061	0.17991	0.00851	0.00464	0.00126	0.00189	0.00745	0.00417	0.00361
31	0.69687	0.00738	0.00650	0.00556	0.00812	0.00812	0.00458	0.01320	0.00768	0.19969	0.00767	0.00791	0.00545	0.00391	0.00276	0.00121	0.00310	0.00253	0.00296	0.00478
32	0.00731	0.00365	0.00365	0.00365	0.00457	0.00365	0.00274	0.00913	0.00822	0.01462	0.01279	0.01462	0.01005	0.00457	0.00274	0.00091	0.00183	0.00365	0.88399	0.00365
33	0.01048	0.86458	0.02054	0.00671	0.01006	0.01551	0.00671	0.01174	0.00797	0.00922	0.00545	0.00629	0.00503	0.00335	0.00252	0.00084	0.00419	0.00210	0.00168	0.00503
34	0.73243	0.00874	0.00644	0.00582	0.00810	0.11052	0.00469	0.01177	0.00719	0.01613	0.00582	0.00697	0.00466	0.00517	0.05121	0.00148	0.00395	0.00229	0.00236	0.00424
35	0.01078	0.27270	0.16756	0.00984	0.12230	0.01004	0.00836	0.03232	0.04607	0.15703	0.00970	0.01010	0.03625	0.00402	0.00338	0.00105	0.00415	0.00314	0.00255	0.08865
36	0.09968	0.36485	0.07495	0.00830	0.01122	0.20188	0.02249	0.10173	0.00962	0.01215	0.00617	0.00718	0.00516	0.00392	0.00364	0.00104	0.05637	0.00254	0.00208	0.00504
37	0.00731	0.00365	0.00365	0.00365	0.00457	0.00365	0.00274	0.00913	0.00822	0.01462	0.01279	0.01462	0.01005	0.00457	0.00274	0.00091	0.00183	0.00365	0.88399	0.00365
38	0.00868	0.01057	0.17708	0.01533	0.36370	0.00812	0.06154	0.01187	0.06167	0.02330	0.04587	0.02726	0.05222	0.00429	0.00388	0.00115	0.00437	0.00392	0.00233	0.11285
39	0.00645	0.00562	0.00883	0.38032	0.05539	0.00655	0.00761	0.00817	0.00753	0.01001	0.01266	0.27334	0.03180	0.01017	0.11785	0.00208	0.04319	0.00605	0.00243	0.00394

[dist]
# distance from previous block
# <min> <max>
0	1

[block]
# block no. 7 follows, 69 sequences, length 9
# corresponding to MSA columns:
# 1023-1031
name=unknown_H
#
# <colnr> <probs for GDERKNQSTAVLIFYWHMCP>
#	G	D	E	R	K	N	Q	S	T	A	V	L	I	F	Y	W	H	M	C	P
0	0.13483	0.01845	0.72155	0.01031	0.01562	0.00906	0.01301	0.01229	0.00805	0.01316	0.00681	0.00800	0.00486	0.00371	0.00354	0.00124	0.00540	0.00279	0.00177	0.00557
1	0.00681	0.00340	0.00511	0.00511	0.00511	0.00340	0.00340	0.00511	0.00511	0.00681	0.00681	0.01192	0.00681	0.01362	0.01532	0.88594	0.00340	0.00340	0.00170	0.00170
2	0.00570	0.00380	0.00428	0.00428	0.00428	0.00380	0.00238	0.00570	0.00570	0.00760	0.01235	0.02566	0.01425	0.86222	0.01995	0.00380	0.00380	0.00570	0.00238	0.00238
3	0.00858	0.00858	0.01201	0.01029	0.01029	0.01201	0.00858	0.00943	0.00600	0.00943	0.00515	0.00858	0.00515	0.00686	0.01287	0.00172	0.85505	0.00343	0.00172	0.00429
4	0.00489	0.00350	0.00465	0.00538	0.00571	0.00326	0.00365	0.00574	0.00802	0.01083	0.13879	0.74014	0.02752	0.01167	0.00495	0.00154	0.00221	0.01056	0.00374	0.00326
5	0.04202	0.00807	0.00995	0.00726	0.01068	0.00709	0.06994	0.17067	0.01019	0.01529	0.00747	0.00851	0.00593	0.00332	0.00322	0.00078	0.00348	0.00274	0.00261	0.61078
6	0.00731	0.00365	0.00365	0.00365	0.00457	0.00365	0.00274	0.00913	0.00822	0.01462	0.01279	0.01462	0.01005	0.00457	0.00274	0.00091	0.00183	0.00365	0.88399	0.00365
7	0.00525	0.00433	0.00467	0.00471	0.00590	0.00397	0.00348	0.00728	0.09085	0.01155	0.10771	0.17176	0.54514	0.00969	0.00463	0.00136	0.00213	0.00826	0.00374	0.00361
8	0.63444	0.01007	0.00739	0.00657	0.00882	0.18402	0.00526	0.04224	0.00800	0.01581	0.00572	0.00673	0.00454	0.00391	0.00319	0.00119	0.04302	0.00232	0.00236	0.00440

[dist]
# distance from previous block
# <min> <max>
0	2

[block]
# block no. 8 follows, 69 sequences, length 6
# corresponding to MSA columns:
# 1034-1039
name=unknown_I
#
# <colnr> <probs for GDERKNQSTAVLIFYWHMCP>
#	G	D	E	R	K	N	Q	S	T	A	V	L	I	F	Y	W	H	M	C	P
0	0.00498	0.00356	0.00455	0.00518	0.00547	0.00339	0.00343	0.00559	0.00721	0.00956	0.02060	0.61036	0.07796	0.16780	0.04920	0.00221	0.00294	0.00962	0.00333	0.00306
1	0.01048	0.13326	0.17575	0.01324	0.25439	0.03926	0.00972	0.07832	0.17438	0.05944	0.00932	0.01001	0.00714	0.00407	0.00367	0.00116	0.00449	0.00336	0.00258	0.00596
2	0.01129	0.03456	0.06788	0.01086	0.09668	0.17116	0.04104	0.05234	0.25384	0.08348	0.01008	0.01064	0.00774	0.00479	0.00511	0.00127	0.12523	0.00358	0.00285	0.00558
3	0.00615	0.00493	0.00598	0.00548	0.00714	0.00404	0.00400	0.00730	0.00788	0.01120	0.01703	0.44081	0.08353	0.00821	0.00411	0.00115	0.00251	0.00726	0.00310	0.36819
4	0.00813	0.00697	0.00813	0.00581	0.00929	0.00523	0.00465	0.00987	0.00813	0.01277	0.00697	0.00813	0.00581	0.00290	0.00290	0.00058	0.00290	0.00232	0.00232	0.88619
5	0.01017	0.01005	0.01432	0.17654	0.53877	0.10441	0.01101	0.06483	0.00959	0.01269	0.00728	0.00953	0.00592	0.00371	0.00385	0.00117	0.00502	0.00338	0.00204	0.00570

[dist]
# distance from previous block
# <min> <max>
0	1

[block]
# block no. 9 follows, 69 sequences, length 8
# corresponding to MSA columns:
# 1041-1048
name=unknown_J
#
# <colnr> <probs for GDERKNQSTAVLIFYWHMCP>
#	G	D	E	R	K	N	Q	S	T	A	V	L	I	F	Y	W	H	M	C	P
0	0.72203	0.00862	0.00661	0.00582	0.00826	0.09280	0.00472	0.01263	0.00753	0.09208	0.00643	0.00708	0.00483	0.00379	0.00268	0.00119	0.00347	0.00233	0.00261	0.00450
1	0.01007	0.01061	0.07450	0.04418	0.55599	0.03440	0.11149	0.08653	0.00982	0.01366	0.00755	0.00963	0.00607	0.00363	0.00396	0.00119	0.00503	0.00356	0.00210	0.00601
2	0.00681	0.00340	0.00511	0.00511	0.00511	0.00340	0.00340	0.00511	0.00511	0.00681	0.00681	0.01192	0.00681	0.01362	0.01532	0.88594	0.00340	0.00340	0.00170	0.00170
3	0.00561	0.00416	0.00608	0.00608	0.00671	0.00478	0.00463	0.00686	0.00624	0.00894	0.01070	0.01651	0.01028	0.11907	0.75768	0.00603	0.00978	0.00436	0.00213	0.00338
4	0.00731	0.00365	0.00365	0.00365	0.00457	0.00365	0.00274	0.00913	0.00822	0.01462	0.01279	0.01462	0.01005	0.00457	0.00274	0.00091	0.00183	0.00365	0.88399	0.00365
5	0.01096	0.45447	0.07247	0.00872	0.05557	0.18683	0.00756	0.03325	0.00893	0.01047	0.00604	0.00710	0.00522	0.00361	0.00322	0.00092	0.02665	0.00241	0.00188	0.09373
6	0.09009	0.44641	0.20954	0.00798	0.01132	0.03637	0.00835	0.01153	0.00773	0.01071	0.00607	0.00773	0.00530	0.03575	0.00451	0.00117	0.09014	0.00257	0.00178	0.00495
7	0.00731	0.00365	0.00365	0.00365	0.00457	0.00365	0.00274	0.00913	0.00822	0.01462	0.01279	0.01462	0.01005	0.00457	0.00274	0.00091	0.00183	0.00365	0.88399	0.00365

[dist]
# distance from previous block
# <min> <max>
0	23

# created by:
# /st0/software/busco_prod/Augustus/scripts/msa2prfl.pl ./align_prep/28953.fa
