[name]
unknown

[dist]
# distance from previous block
# <min> <max>
0	51

[block]
# block no. 0 follows, 66 sequences, length 36
# corresponding to MSA columns:
# 52-87
name=unknown_A
#
# <colnr> <probs for GDERKNQSTAVLIFYWHMCP>
#	G	D	E	R	K	N	Q	S	T	A	V	L	I	F	Y	W	H	M	C	P
0	0.06294	0.02643	0.01035	0.06782	0.05856	0.03651	0.03057	0.19958	0.03091	0.01588	0.01040	0.03765	0.04034	0.00469	0.00371	0.00106	0.00390	0.04113	0.00290	0.31469
1	0.00695	0.00545	0.00771	0.19659	0.05861	0.00580	0.00624	0.00939	0.09330	0.03865	0.08650	0.33807	0.08146	0.00873	0.00504	0.03329	0.00329	0.00745	0.00329	0.00419
2	0.06271	0.03636	0.06287	0.04037	0.03987	0.01022	0.41627	0.12191	0.07696	0.01501	0.00921	0.04099	0.00729	0.00423	0.00441	0.00131	0.01612	0.00438	0.00255	0.02695
3	0.00801	0.00729	0.01079	0.17598	0.28030	0.02119	0.00838	0.02423	0.03370	0.01312	0.18091	0.01864	0.13480	0.00583	0.00457	0.00128	0.03155	0.00508	0.00284	0.03152
4	0.00854	0.07585	0.75783	0.01119	0.01694	0.00995	0.01424	0.03721	0.00886	0.01302	0.00725	0.00847	0.00520	0.00386	0.00378	0.00126	0.00584	0.00296	0.00179	0.00597
5	0.00778	0.00488	0.00589	0.00539	0.00681	0.00447	0.00408	0.04529	0.02294	0.13799	0.31300	0.10661	0.26349	0.04635	0.00538	0.00145	0.00245	0.00733	0.00417	0.00424
6	0.00591	0.00438	0.00498	0.00482	0.00610	0.00390	0.00361	0.00758	0.03960	0.05169	0.26935	0.09814	0.46628	0.00946	0.00476	0.00136	0.00215	0.00808	0.00405	0.00381
7	0.03333	0.00914	0.01050	0.00812	0.01117	0.00946	0.00669	0.44923	0.01535	0.33426	0.01226	0.01155	0.00826	0.00490	0.00396	0.00122	0.00390	0.00379	0.05624	0.00667
8	0.88607	0.00785	0.00596	0.00534	0.00785	0.00910	0.00439	0.01193	0.00690	0.01820	0.00565	0.00659	0.00439	0.00377	0.00251	0.00126	0.00314	0.00220	0.00251	0.00439
9	0.00521	0.00382	0.00481	0.00549	0.00590	0.00362	0.00370	0.00631	0.03738	0.01059	0.04274	0.66405	0.09836	0.07990	0.00634	0.00179	0.00247	0.01046	0.00369	0.00337
10	0.01173	0.00927	0.00964	0.00815	0.01053	0.04280	0.00643	0.30302	0.35498	0.03893	0.07294	0.03419	0.01234	0.03391	0.00467	0.00137	0.00369	0.00455	0.03079	0.00606
11	0.03531	0.00748	0.00963	0.00745	0.01055	0.00691	0.00614	0.10606	0.04589	0.69694	0.01514	0.01328	0.00968	0.00500	0.00405	0.00126	0.00355	0.00402	0.00483	0.00683
12	0.85883	0.00782	0.00607	0.00539	0.00792	0.00900	0.00444	0.01217	0.00705	0.04384	0.00597	0.00682	0.00457	0.00381	0.00256	0.00126	0.00315	0.00226	0.00259	0.00447
13	0.00864	0.00582	0.00654	0.00596	0.00716	0.00609	0.00428	0.10759	0.15165	0.06729	0.07824	0.09526	0.02648	0.30818	0.00999	0.00223	0.00330	0.00571	0.09527	0.00431
14	0.00801	0.00524	0.00616	0.00573	0.00717	0.00503	0.00437	0.09191	0.04234	0.10402	0.18746	0.17724	0.22972	0.02322	0.00487	0.00141	0.00261	0.03506	0.05408	0.00435
15	0.01083	0.00923	0.00948	0.00839	0.01077	0.03784	0.00656	0.08175	0.71962	0.03453	0.01565	0.01444	0.01168	0.00540	0.00411	0.00135	0.00345	0.00444	0.00407	0.00641
16	0.01002	0.00852	0.00896	0.00799	0.01028	0.00972	0.00624	0.07287	0.70586	0.01705	0.01805	0.01671	0.07799	0.00585	0.00418	0.00137	0.00320	0.00485	0.00409	0.00621
17	0.00542	0.00415	0.00488	0.00519	0.00599	0.00387	0.00365	0.02067	0.04165	0.01158	0.11482	0.40557	0.28793	0.05810	0.00581	0.00163	0.00237	0.00938	0.00379	0.00354
18	0.00734	0.00472	0.00567	0.00527	0.00666	0.00428	0.00402	0.01869	0.03556	0.12428	0.31668	0.06888	0.30767	0.03941	0.00528	0.00144	0.00239	0.03346	0.00415	0.00414
19	0.00938	0.00770	0.00826	0.00749	0.00938	0.04094	0.00590	0.08675	0.40601	0.03105	0.23524	0.02149	0.01966	0.00671	0.00443	0.00137	0.00319	0.08550	0.00411	0.00544
20	0.00890	0.00895	0.01281	0.01087	0.01100	0.01235	0.03577	0.00987	0.00633	0.00987	0.00542	0.00895	0.00535	0.00698	0.01303	0.00176	0.82194	0.00359	0.00178	0.00447
21	0.00841	0.00721	0.00841	0.00601	0.00961	0.00541	0.00481	0.01022	0.00841	0.01322	0.00721	0.00841	0.00601	0.00300	0.00300	0.00060	0.00300	0.00240	0.00240	0.88222
22	0.00494	0.00353	0.00471	0.00565	0.00588	0.00330	0.00377	0.00565	0.00777	0.01036	0.02236	0.85477	0.02683	0.01271	0.00518	0.00165	0.00235	0.01153	0.00377	0.00330
23	0.01085	0.85986	0.02126	0.00694	0.01041	0.01605	0.00694	0.01215	0.00824	0.00955	0.00564	0.00651	0.00521	0.00347	0.00260	0.00087	0.00434	0.00217	0.00174	0.00521
24	0.00509	0.00363	0.00472	0.00545	0.00576	0.00340	0.00364	0.00584	0.00796	0.01065	0.08899	0.69044	0.05132	0.08480	0.00646	0.00180	0.00244	0.01061	0.00371	0.00327
25	0.00507	0.00396	0.00452	0.00470	0.00563	0.00350	0.00336	0.00613	0.00911	0.01163	0.18268	0.24193	0.43536	0.05672	0.00575	0.00156	0.00221	0.00894	0.00383	0.00342
26	0.01004	0.00964	0.01647	0.02490	0.83211	0.00964	0.01245	0.01245	0.00924	0.01325	0.00763	0.01004	0.00643	0.00361	0.00402	0.00120	0.00482	0.00361	0.00201	0.00643
27	0.00532	0.00404	0.00491	0.00516	0.00598	0.00371	0.00369	0.00683	0.03605	0.01253	0.27276	0.36037	0.24278	0.01049	0.00492	0.00145	0.00217	0.00924	0.00399	0.00359
28	0.00795	0.00768	0.01214	0.81508	0.02734	0.04140	0.01113	0.01059	0.00824	0.01035	0.00717	0.01068	0.00540	0.00406	0.00404	0.00134	0.00548	0.00357	0.00181	0.00451
29	0.00499	0.00359	0.00474	0.00561	0.00592	0.00334	0.00379	0.00577	0.00798	0.01062	0.05161	0.78487	0.05357	0.01245	0.00516	0.00163	0.00235	0.02488	0.00379	0.00333
30	0.00958	0.01094	0.02394	0.01710	0.02120	0.01026	0.81737	0.01300	0.00958	0.01300	0.00821	0.01094	0.00616	0.00342	0.00479	0.00137	0.00684	0.00479	0.00205	0.00547
31	0.00501	0.00360	0.00476	0.00556	0.00589	0.00335	0.00376	0.00584	0.00815	0.01092	0.09762	0.75905	0.04694	0.01224	0.00513	0.00161	0.00231	0.01107	0.00383	0.00335
32	0.01122	0.23886	0.01293	0.02561	0.01076	0.04351	0.03300	0.27935	0.01204	0.05126	0.01194	0.22835	0.01163	0.00644	0.00396	0.00124	0.00405	0.00531	0.00321	0.00532
33	0.04356	0.03373	0.03986	0.08518	0.03866	0.04045	0.00701	0.10002	0.13645	0.22729	0.05207	0.02480	0.06658	0.00562	0.01237	0.00131	0.03390	0.00430	0.00358	0.04325
34	0.03881	0.05632	0.07655	0.02722	0.05827	0.07705	0.04089	0.10482	0.25438	0.01490	0.05740	0.01418	0.03638	0.04760	0.00551	0.00144	0.06548	0.01425	0.00308	0.00548
35	0.02568	0.03797	0.01214	0.03479	0.04388	0.15058	0.07316	0.24401	0.11808	0.09121	0.01125	0.04178	0.03033	0.00547	0.01669	0.00133	0.03937	0.00407	0.00326	0.01494

[dist]
# distance from previous block
# <min> <max>
16	51

[block]
# block no. 1 follows, 66 sequences, length 36
# corresponding to MSA columns:
# 149-184
name=unknown_B
#
# <colnr> <probs for GDERKNQSTAVLIFYWHMCP>
#	G	D	E	R	K	N	Q	S	T	A	V	L	I	F	Y	W	H	M	C	P
0	0.02102	0.00529	0.00675	0.02119	0.03226	0.00522	0.01822	0.05281	0.06566	0.02652	0.08080	0.30858	0.08026	0.08830	0.04793	0.04041	0.00340	0.01949	0.00335	0.07254
1	0.02835	0.00442	0.00517	0.00525	0.00612	0.00429	0.00375	0.00762	0.06041	0.02548	0.14318	0.21394	0.22391	0.16812	0.05463	0.00219	0.00312	0.03294	0.00355	0.00357
2	0.03804	0.00854	0.01352	0.21107	0.37518	0.03132	0.06802	0.03959	0.00916	0.01265	0.01048	0.08227	0.04859	0.00528	0.01754	0.00137	0.00483	0.00453	0.00230	0.01573
3	0.07327	0.04544	0.41631	0.01200	0.01645	0.09610	0.19910	0.01308	0.00889	0.02582	0.00725	0.00888	0.00542	0.00396	0.00442	0.00129	0.05150	0.00333	0.00195	0.00553
4	0.00828	0.00475	0.00608	0.00581	0.00699	0.00452	0.00429	0.03354	0.00891	0.17946	0.06107	0.26321	0.13170	0.10233	0.13862	0.00249	0.00408	0.00725	0.02245	0.00416
5	0.00580	0.00435	0.00652	0.00652	0.00724	0.00507	0.00507	0.00724	0.00652	0.00942	0.01087	0.01594	0.01014	0.03043	0.84134	0.00652	0.01087	0.00435	0.00217	0.00362
6	0.00783	0.00739	0.01248	0.78824	0.08603	0.00906	0.01135	0.01052	0.00819	0.01057	0.00724	0.01076	0.00548	0.00402	0.00405	0.00134	0.00537	0.00361	0.00182	0.00465
7	0.88607	0.00785	0.00596	0.00534	0.00785	0.00910	0.00439	0.01193	0.00690	0.01820	0.00565	0.00659	0.00439	0.00377	0.00251	0.00126	0.00314	0.00220	0.00251	0.00439
8	0.00505	0.00378	0.00469	0.00523	0.00586	0.00343	0.00367	0.00602	0.00866	0.01132	0.13276	0.52531	0.22863	0.01149	0.00504	0.00153	0.00225	0.02801	0.00386	0.00341
9	0.48641	0.00788	0.00722	0.00622	0.00873	0.00869	0.00500	0.07559	0.15565	0.04659	0.02254	0.01103	0.04533	0.02107	0.00351	0.00128	0.00320	0.00327	0.00309	0.07772
10	0.00643	0.00537	0.00611	0.00513	0.00731	0.00429	0.00394	0.00787	0.00906	0.01249	0.11824	0.08321	0.33496	0.00717	0.00407	0.00106	0.00246	0.00605	0.00328	0.37151
11	0.01516	0.01907	0.01152	0.01041	0.01254	0.81325	0.00783	0.04320	0.01175	0.01046	0.00639	0.00740	0.00528	0.00420	0.00367	0.00105	0.00722	0.00265	0.00216	0.00478
12	0.00498	0.00366	0.00464	0.00536	0.00581	0.00334	0.00365	0.00576	0.00813	0.01065	0.05835	0.66730	0.16491	0.01213	0.00527	0.01595	0.00230	0.01072	0.00376	0.00331
13	0.03556	0.00427	0.00490	0.00502	0.00596	0.00398	0.00358	0.00714	0.03607	0.02826	0.18391	0.26885	0.30234	0.08410	0.00617	0.00165	0.00238	0.00851	0.00378	0.00358
14	0.88607	0.00785	0.00596	0.00534	0.00785	0.00910	0.00439	0.01193	0.00690	0.01820	0.00565	0.00659	0.00439	0.00377	0.00251	0.00126	0.00314	0.00220	0.00251	0.00439
15	0.03506	0.01812	0.01145	0.01020	0.01244	0.72248	0.00775	0.11262	0.01230	0.01200	0.00667	0.00759	0.00541	0.00425	0.00368	0.00107	0.00688	0.00273	0.00234	0.00496
16	0.01259	0.00818	0.00926	0.00764	0.01017	0.00857	0.00616	0.29476	0.17816	0.19667	0.06147	0.03439	0.11457	0.00626	0.00428	0.00131	0.00348	0.03180	0.00425	0.00602
17	0.00957	0.00677	0.00769	0.00671	0.00860	0.00702	0.00523	0.18656	0.16948	0.08898	0.22877	0.09296	0.13938	0.01776	0.00467	0.00136	0.00293	0.00624	0.00417	0.00514
18	0.06836	0.00790	0.00980	0.00756	0.01068	0.00755	0.00624	0.18837	0.01292	0.61588	0.01407	0.01253	0.00905	0.00492	0.00398	0.00125	0.00365	0.00388	0.00467	0.00676
19	0.00700	0.00356	0.00533	0.00533	0.00536	0.00358	0.00358	0.00536	0.00533	0.00714	0.00720	0.01247	0.00717	0.01474	0.04836	0.84749	0.00381	0.00356	0.00178	0.00184
20	0.55611	0.00816	0.00769	0.00637	0.00913	0.00891	0.00525	0.13505	0.00981	0.20660	0.00864	0.00872	0.00607	0.00422	0.00310	0.00125	0.00341	0.00285	0.00332	0.00535
21	0.00574	0.00405	0.00512	0.00562	0.00623	0.00384	0.00394	0.02985	0.02163	0.02547	0.10651	0.59409	0.09109	0.02624	0.00527	0.00159	0.00243	0.03213	0.02557	0.00358
22	0.00580	0.00435	0.00652	0.00652	0.00724	0.00507	0.00507	0.00724	0.00652	0.00942	0.01087	0.01594	0.01014	0.03043	0.84134	0.00652	0.01087	0.00435	0.00217	0.00362
23	0.00590	0.00393	0.00442	0.00442	0.00442	0.00393	0.00246	0.00590	0.00590	0.00787	0.01278	0.02655	0.01475	0.85742	0.02065	0.00393	0.00393	0.00590	0.00246	0.00246
24	0.36846	0.00747	0.00744	0.00657	0.00876	0.00822	0.00529	0.11064	0.11585	0.10793	0.01126	0.01536	0.00959	0.09172	0.02080	0.00170	0.00363	0.09103	0.00331	0.00496
25	0.00634	0.00444	0.00532	0.00558	0.00616	0.00442	0.00380	0.07035	0.03550	0.01147	0.01911	0.47748	0.05867	0.18537	0.00839	0.02727	0.00287	0.00869	0.05525	0.00350
26	0.00580	0.00435	0.00652	0.00652	0.00724	0.00507	0.00507	0.00724	0.00652	0.00942	0.01087	0.01594	0.01014	0.03043	0.84134	0.00652	0.01087	0.00435	0.00217	0.00362
27	0.11006	0.03739	0.03494	0.41200	0.04413	0.09191	0.00906	0.04159	0.00931	0.14680	0.00849	0.01028	0.00617	0.00457	0.01593	0.00134	0.00503	0.00337	0.00253	0.00510
28	0.00763	0.02720	0.28079	0.03620	0.01173	0.00721	0.04081	0.04821	0.03188	0.02421	0.07557	0.04070	0.08030	0.09700	0.13002	0.00234	0.01629	0.00475	0.03245	0.00471
29	0.00881	0.00590	0.00699	0.00626	0.00750	0.00620	0.00460	0.17279	0.03595	0.07881	0.04624	0.07276	0.05052	0.30489	0.17059	0.00322	0.00505	0.00549	0.00321	0.00422
30	0.00997	0.00957	0.01634	0.04951	0.80806	0.00962	0.01242	0.01239	0.00920	0.01317	0.00762	0.01006	0.00640	0.00363	0.00402	0.00121	0.00484	0.00361	0.00200	0.00637
31	0.02350	0.41043	0.03894	0.05213	0.06948	0.08587	0.02521	0.12400	0.11007	0.01327	0.00791	0.00870	0.00642	0.00403	0.00333	0.00107	0.00465	0.00296	0.00242	0.00561
32	0.00644	0.00486	0.00671	0.02306	0.02785	0.00494	0.02806	0.00792	0.03002	0.04097	0.12610	0.30199	0.11983	0.07144	0.06507	0.00205	0.05293	0.07249	0.00346	0.00382
33	0.00703	0.00499	0.00616	0.00584	0.00704	0.00485	0.01582	0.03542	0.04894	0.07475	0.18691	0.17771	0.25759	0.06336	0.00614	0.00159	0.03599	0.05199	0.00384	0.00403
34	0.00978	0.03434	0.02347	0.03353	0.04396	0.04861	0.00635	0.09518	0.00925	0.12638	0.01282	0.10965	0.04869	0.09721	0.14501	0.00248	0.12183	0.00502	0.00296	0.02348
35	0.03193	0.07712	0.02812	0.08450	0.10757	0.09108	0.04937	0.09398	0.13458	0.01358	0.00990	0.03639	0.00857	0.08405	0.01642	0.00150	0.01753	0.01504	0.00267	0.09609

[dist]
# distance from previous block
# <min> <max>
1	31

[block]
# block no. 2 follows, 66 sequences, length 36
# corresponding to MSA columns:
# 216-251
name=unknown_C
#
# <colnr> <probs for GDERKNQSTAVLIFYWHMCP>
#	G	D	E	R	K	N	Q	S	T	A	V	L	I	F	Y	W	H	M	C	P
0	0.17911	0.03383	0.03303	0.00973	0.04168	0.13482	0.04340	0.18180	0.12201	0.03207	0.01032	0.03271	0.00835	0.00522	0.00411	0.00137	0.00477	0.00378	0.00337	0.11449
1	0.03074	0.04433	0.01114	0.00835	0.01140	0.01041	0.02296	0.39988	0.18141	0.06383	0.01083	0.01098	0.00806	0.02009	0.00413	0.00119	0.00392	0.00364	0.00366	0.14905
2	0.08215	0.00630	0.00763	0.00681	0.00815	0.00676	0.02496	0.10257	0.06734	0.06603	0.07334	0.15699	0.08633	0.09571	0.00789	0.07663	0.08701	0.01709	0.00329	0.01701
3	0.04238	0.08416	0.02154	0.03620	0.02134	0.15385	0.04897	0.04429	0.03703	0.04832	0.05341	0.10293	0.05502	0.02450	0.00546	0.00144	0.08178	0.12986	0.00294	0.00458
4	0.00580	0.00433	0.00644	0.00644	0.00713	0.00503	0.00497	0.00719	0.00650	0.00936	0.01094	0.01635	0.01032	0.06269	0.80933	0.00642	0.01060	0.00441	0.00218	0.00358
5	0.00537	0.00375	0.00480	0.00546	0.00569	0.00361	0.00364	0.00598	0.00737	0.00980	0.01949	0.53869	0.02300	0.25819	0.00972	0.00233	0.00294	0.08368	0.00338	0.00309
6	0.10078	0.00641	0.00724	0.00661	0.00839	0.00665	0.00516	0.08828	0.15996	0.14103	0.06910	0.15202	0.08845	0.05882	0.00535	0.00157	0.00313	0.08226	0.00389	0.00491
7	0.01541	0.00944	0.01041	0.00817	0.01109	0.04043	0.00668	0.43797	0.03021	0.28555	0.01226	0.02630	0.00858	0.00503	0.00398	0.00121	0.00398	0.00392	0.07288	0.00650
8	0.23101	0.00834	0.00931	0.00733	0.01034	0.00853	0.00605	0.23432	0.01248	0.41461	0.01176	0.01093	0.00780	0.00467	0.00369	0.00125	0.00365	0.00350	0.00414	0.00629
9	0.18125	0.00616	0.00689	0.00614	0.00778	0.00636	0.00463	0.06633	0.07664	0.18800	0.04370	0.10920	0.01257	0.15660	0.00807	0.09214	0.00335	0.01626	0.00343	0.00450
10	0.04691	0.00576	0.00680	0.00637	0.00787	0.00570	0.00485	0.12721	0.03406	0.15162	0.02017	0.31143	0.11773	0.05465	0.00547	0.00159	0.00305	0.06780	0.01637	0.00457
11	0.01680	0.00873	0.01050	0.00809	0.01124	0.00873	0.00667	0.33496	0.04487	0.48515	0.01355	0.01225	0.00889	0.00498	0.00407	0.00124	0.00384	0.00393	0.00461	0.00688
12	0.88607	0.00785	0.00596	0.00534	0.00785	0.00910	0.00439	0.01193	0.00690	0.01820	0.00565	0.00659	0.00439	0.00377	0.00251	0.00126	0.00314	0.00220	0.00251	0.00439
13	0.00794	0.00501	0.00601	0.00568	0.00687	0.00485	0.00419	0.06131	0.05948	0.10545	0.11661	0.17528	0.18150	0.09673	0.00731	0.08396	0.00285	0.02970	0.03525	0.00402
14	0.01086	0.00718	0.00826	0.00726	0.00924	0.00756	0.00565	0.16602	0.23950	0.15969	0.04555	0.14461	0.04728	0.07546	0.00572	0.00159	0.00335	0.04569	0.00406	0.00546
15	0.00974	0.00835	0.00887	0.00805	0.01021	0.00961	0.00623	0.02045	0.76461	0.01668	0.04357	0.04992	0.01383	0.00589	0.00419	0.00138	0.00313	0.00496	0.00412	0.00621
16	0.04479	0.00957	0.01074	0.00843	0.01149	0.01018	0.00691	0.44637	0.12879	0.26118	0.01238	0.01158	0.00850	0.00497	0.00402	0.00125	0.00395	0.00386	0.00430	0.00675
17	0.00547	0.00397	0.00479	0.00494	0.00570	0.00361	0.00346	0.00652	0.00903	0.02454	0.25845	0.27464	0.24164	0.12614	0.00706	0.00177	0.00238	0.00865	0.00381	0.00342
18	0.00552	0.00383	0.00487	0.00549	0.00606	0.00351	0.00382	0.00637	0.00824	0.04130	0.03724	0.61255	0.16263	0.03505	0.00551	0.00165	0.00244	0.04668	0.00379	0.00346
19	0.01009	0.00872	0.00917	0.00826	0.01055	0.01009	0.00642	0.02156	0.82478	0.01697	0.01651	0.01514	0.01238	0.00550	0.00413	0.00138	0.00321	0.00459	0.00413	0.00642
20	0.01469	0.01810	0.01125	0.01023	0.01231	0.75098	0.00776	0.05755	0.01177	0.01087	0.00731	0.00960	0.00633	0.00461	0.00379	0.00110	0.00697	0.04774	0.00229	0.00476
21	0.00841	0.00721	0.00841	0.00601	0.00961	0.00541	0.00481	0.01022	0.00841	0.01322	0.00721	0.00841	0.00601	0.00300	0.00300	0.00060	0.00300	0.00240	0.00240	0.88222
22	0.00495	0.00399	0.00442	0.00468	0.00573	0.00346	0.00343	0.00597	0.00899	0.01112	0.07396	0.24098	0.56014	0.01082	0.00492	0.00145	0.00219	0.04156	0.00380	0.00343
23	0.00705	0.00352	0.00529	0.00529	0.00529	0.00352	0.00352	0.00529	0.00529	0.00705	0.00705	0.01233	0.00705	0.01409	0.01586	0.88196	0.00352	0.00352	0.00176	0.00176
24	0.00571	0.00412	0.00539	0.00513	0.00605	0.00381	0.00383	0.00757	0.01133	0.01603	0.79700	0.06397	0.03781	0.00847	0.00480	0.00129	0.00193	0.00751	0.00444	0.00381
25	0.00505	0.00381	0.00467	0.00510	0.00580	0.00343	0.00358	0.00607	0.00889	0.01163	0.17726	0.46344	0.26421	0.01118	0.00499	0.00150	0.00218	0.00989	0.00390	0.00343
26	0.01004	0.00964	0.01647	0.02490	0.83211	0.00964	0.01245	0.01245	0.00924	0.01325	0.00763	0.01004	0.00643	0.00361	0.00402	0.00120	0.00482	0.00361	0.00201	0.00643
27	0.01009	0.00872	0.00917	0.00826	0.01055	0.01009	0.00642	0.02156	0.82478	0.01697	0.01651	0.01514	0.01238	0.00550	0.00413	0.00138	0.00321	0.00459	0.00413	0.00642
28	0.00766	0.00721	0.01217	0.84767	0.02794	0.00901	0.01127	0.01037	0.00811	0.01037	0.00721	0.01082	0.00541	0.00406	0.00406	0.00135	0.00541	0.00361	0.00180	0.00451
29	0.00518	0.00419	0.00466	0.00482	0.00605	0.00367	0.00376	0.00642	0.00941	0.01162	0.10746	0.06651	0.59525	0.01034	0.00495	0.00146	0.00234	0.14459	0.00382	0.00351
30	0.00572	0.00414	0.00537	0.00607	0.00684	0.00393	0.00479	0.00705	0.00884	0.01159	0.05208	0.31297	0.16403	0.01121	0.00519	0.00165	0.00285	0.34568	0.03644	0.00354
31	0.14497	0.00996	0.01064	0.00833	0.01140	0.01083	0.00686	0.52437	0.05700	0.15963	0.01053	0.01023	0.00733	0.00476	0.00384	0.00124	0.00403	0.00356	0.00399	0.00650
32	0.01017	0.00864	0.00960	0.00918	0.06697	0.00971	0.00670	0.09018	0.62024	0.01715	0.04536	0.01562	0.04331	0.00555	0.00414	0.00133	0.00334	0.00464	0.00394	0.02424
33	0.01375	0.02726	0.01195	0.04134	0.03602	0.18765	0.01843	0.42939	0.06376	0.03163	0.00942	0.01074	0.00727	0.00488	0.00429	0.00121	0.03345	0.02985	0.00331	0.03441
34	0.04674	0.04013	0.01205	0.20667	0.17154	0.06618	0.01961	0.08554	0.06655	0.11735	0.03195	0.04277	0.00847	0.00474	0.00426	0.00126	0.03298	0.00393	0.00283	0.03444
35	0.09415	0.02397	0.01128	0.04680	0.03824	0.19608	0.06016	0.16759	0.11848	0.04259	0.02475	0.01149	0.03445	0.00646	0.05643	0.00158	0.05348	0.00373	0.00293	0.00536

[dist]
# distance from previous block
# <min> <max>
1	15

[block]
# block no. 3 follows, 66 sequences, length 48
# corresponding to MSA columns:
# 272-319
name=unknown_D
#
# <colnr> <probs for GDERKNQSTAVLIFYWHMCP>
#	G	D	E	R	K	N	Q	S	T	A	V	L	I	F	Y	W	H	M	C	P
0	0.03169	0.02556	0.01297	0.18788	0.25817	0.04935	0.05111	0.07364	0.10043	0.06044	0.02063	0.04477	0.02122	0.00484	0.00434	0.00130	0.02653	0.01686	0.00269	0.00559
1	0.06569	0.01099	0.01170	0.00947	0.03333	0.02579	0.00758	0.65852	0.07723	0.02354	0.00978	0.00990	0.00708	0.00486	0.00419	0.00124	0.02505	0.00362	0.00383	0.00661
2	0.00694	0.00545	0.00619	0.00597	0.00741	0.00550	0.00462	0.03053	0.19974	0.03024	0.16537	0.09072	0.29829	0.00963	0.03714	0.00162	0.00291	0.08341	0.00394	0.00438
3	0.03406	0.00561	0.00741	0.02416	0.05413	0.00568	0.02095	0.07758	0.05387	0.05507	0.06819	0.21268	0.05645	0.05044	0.03910	0.15194	0.00360	0.05329	0.00322	0.02256
4	0.01087	0.48244	0.06344	0.04328	0.07535	0.08257	0.03959	0.05751	0.00913	0.01123	0.00635	0.00770	0.00547	0.00389	0.00381	0.00104	0.06028	0.00270	0.00195	0.03138
5	0.63827	0.00778	0.00679	0.00594	0.00842	0.00878	0.00483	0.03783	0.10336	0.08728	0.05087	0.00953	0.00765	0.00434	0.00300	0.00127	0.00315	0.00295	0.00306	0.00489
6	0.00670	0.00433	0.00519	0.00501	0.00606	0.00391	0.00363	0.00780	0.00928	0.09678	0.23474	0.12294	0.27490	0.16961	0.00778	0.00186	0.00260	0.02936	0.00383	0.00370
7	0.01035	0.00848	0.01305	0.18502	0.30338	0.00886	0.04602	0.05544	0.04669	0.07539	0.04699	0.07215	0.01065	0.02155	0.03279	0.00167	0.02926	0.00478	0.02167	0.00582
8	0.00990	0.05279	0.01551	0.22676	0.20665	0.05422	0.16455	0.07384	0.06140	0.01301	0.00834	0.02733	0.00675	0.00432	0.00469	0.00130	0.05697	0.00393	0.00227	0.00546
9	0.00512	0.00401	0.00468	0.00507	0.00602	0.00357	0.00379	0.00620	0.00892	0.01120	0.07143	0.28634	0.44072	0.01104	0.00502	0.00152	0.00236	0.11575	0.00380	0.00345
10	0.00547	0.00403	0.00545	0.00578	0.00642	0.00413	0.00423	0.00666	0.01718	0.01051	0.07038	0.32539	0.12069	0.01875	0.32547	0.02880	0.00560	0.01803	0.01353	0.00347
11	0.01010	0.00998	0.05466	0.22772	0.26452	0.05546	0.10999	0.03159	0.07375	0.06123	0.00870	0.01074	0.00669	0.00418	0.00452	0.00130	0.04408	0.00378	0.01137	0.00563
12	0.01021	0.05289	0.20152	0.02985	0.22037	0.12355	0.04647	0.03299	0.16423	0.01323	0.00913	0.01042	0.00717	0.00535	0.04052	0.00147	0.01889	0.00354	0.00239	0.00581
13	0.00831	0.07553	0.78339	0.01126	0.01709	0.00985	0.01447	0.01280	0.00854	0.01263	0.00717	0.00843	0.00514	0.00383	0.00377	0.00126	0.00589	0.00294	0.00171	0.00594
14	0.82615	0.00809	0.00639	0.00561	0.00817	0.00934	0.00462	0.06745	0.00774	0.01871	0.00593	0.00681	0.00457	0.00384	0.00262	0.00125	0.00323	0.00230	0.00262	0.00457
15	0.00588	0.00424	0.00516	0.00509	0.00617	0.00384	0.00376	0.00707	0.00919	0.04336	0.22569	0.16958	0.31551	0.03524	0.07611	0.02469	0.00302	0.02022	0.00372	0.03248
16	0.03282	0.00778	0.01154	0.17095	0.20840	0.00819	0.05545	0.08110	0.09631	0.04484	0.01176	0.16460	0.01087	0.02729	0.00463	0.00138	0.00419	0.00520	0.00285	0.04984
17	0.41408	0.00856	0.00845	0.00695	0.00974	0.00936	0.00570	0.20119	0.09569	0.18872	0.00987	0.00970	0.00697	0.00446	0.00336	0.00126	0.00352	0.00317	0.00356	0.00570
18	0.00566	0.00388	0.00463	0.00486	0.00499	0.00385	0.00297	0.00595	0.00648	0.00865	0.01558	0.21695	0.03366	0.58934	0.06026	0.00346	0.00390	0.01938	0.00279	0.00275
19	0.00703	0.00391	0.00557	0.00550	0.00573	0.00404	0.00379	0.03025	0.00605	0.00827	0.00847	0.03009	0.00842	0.06636	0.13234	0.63867	0.00455	0.00395	0.02471	0.00230
20	0.00897	0.00851	0.01425	0.35829	0.44676	0.00938	0.01162	0.01163	0.02591	0.01203	0.00785	0.01114	0.00644	0.00409	0.00435	0.00130	0.03037	0.01958	0.00200	0.00553
21	0.88607	0.00785	0.00596	0.00534	0.00785	0.00910	0.00439	0.01193	0.00690	0.01820	0.00565	0.00659	0.00439	0.00377	0.00251	0.00126	0.00314	0.00220	0.00251	0.00439
22	0.00699	0.00521	0.00656	0.00658	0.00752	0.00534	0.02309	0.07857	0.11169	0.02544	0.03446	0.49248	0.03036	0.07166	0.03846	0.00192	0.00325	0.04265	0.00367	0.00409
23	0.03119	0.00487	0.00565	0.00553	0.00671	0.00473	0.00409	0.03941	0.08866	0.02416	0.26940	0.25342	0.21596	0.00932	0.00470	0.00140	0.00236	0.00811	0.00399	0.01634
24	0.00848	0.00727	0.00844	0.00610	0.00965	0.00559	0.00487	0.01066	0.04007	0.01337	0.00757	0.00867	0.00626	0.00310	0.00305	0.00063	0.00301	0.00249	0.00247	0.84826
25	0.06333	0.01011	0.01118	0.00861	0.01179	0.01081	0.00711	0.58401	0.01663	0.21848	0.01102	0.01054	0.00751	0.00485	0.00398	0.00123	0.00415	0.00368	0.00420	0.00676
26	0.00513	0.00378	0.00482	0.00552	0.00605	0.00349	0.00390	0.00606	0.00835	0.01093	0.07048	0.58130	0.16347	0.02317	0.00534	0.00163	0.00243	0.08700	0.00379	0.00338
27	0.00552	0.00386	0.00460	0.00491	0.00517	0.00371	0.00311	0.00598	0.00713	0.00942	0.05594	0.28508	0.08891	0.45780	0.01330	0.00282	0.00319	0.03354	0.00311	0.00290
28	0.56364	0.00919	0.00836	0.00704	0.00965	0.06289	0.04354	0.16024	0.01967	0.03571	0.00760	0.04284	0.00614	0.00440	0.00314	0.00126	0.00380	0.00307	0.00287	0.00496
29	0.00574	0.00415	0.00542	0.00510	0.00606	0.00383	0.00383	0.00766	0.01148	0.01627	0.82997	0.03031	0.03828	0.00829	0.00479	0.00128	0.00191	0.00734	0.00447	0.00383
30	0.10711	0.00850	0.00925	0.00747	0.00992	0.00908	0.00596	0.40235	0.03263	0.13973	0.07069	0.03942	0.01109	0.10568	0.00592	0.00156	0.00379	0.00435	0.01978	0.00571
31	0.00954	0.01080	0.02311	0.01688	0.03745	0.01037	0.75333	0.01280	0.00937	0.01281	0.00803	0.01080	0.00611	0.00364	0.00527	0.00139	0.05613	0.00469	0.00203	0.00543
32	0.70964	0.00765	0.00666	0.00572	0.00836	0.00846	0.00471	0.01352	0.00786	0.18424	0.00775	0.00806	0.00554	0.00402	0.00283	0.00126	0.00320	0.00258	0.00302	0.00490
33	0.04370	0.00803	0.00999	0.00768	0.01083	0.00769	0.00635	0.21662	0.01331	0.61059	0.01415	0.01259	0.00910	0.00495	0.00403	0.00125	0.00369	0.00392	0.00471	0.00683
34	0.00498	0.00380	0.00458	0.00505	0.00576	0.00340	0.00353	0.00593	0.00870	0.01123	0.11902	0.47662	0.31005	0.01136	0.00500	0.00151	0.00220	0.01002	0.00384	0.00340
35	0.00778	0.00778	0.01531	0.01188	0.01423	0.00794	0.40259	0.01017	0.00800	0.01118	0.00932	0.01318	0.00798	0.01617	0.39492	0.00379	0.04660	0.00453	0.00210	0.00456
36	0.00579	0.00392	0.00442	0.00447	0.00456	0.00387	0.00256	0.00588	0.00618	0.00816	0.01486	0.06749	0.06161	0.76832	0.01900	0.00368	0.00375	0.00632	0.00260	0.00255
37	0.03148	0.00818	0.00921	0.00810	0.01040	0.00893	0.00657	0.20767	0.33762	0.11611	0.01571	0.04426	0.01313	0.00655	0.00438	0.00142	0.00361	0.15662	0.00410	0.00594
38	0.00634	0.00426	0.00491	0.00482	0.00581	0.00389	0.00344	0.00749	0.01995	0.06592	0.15189	0.11443	0.31993	0.19526	0.00817	0.00193	0.00262	0.02728	0.04809	0.00356
39	0.00580	0.00435	0.00652	0.00652	0.00724	0.00507	0.00507	0.00724	0.00652	0.00942	0.01087	0.01594	0.01014	0.03043	0.84134	0.00652	0.01087	0.00435	0.00217	0.00362
40	0.01055	0.76739	0.11111	0.00745	0.01120	0.01532	0.00783	0.01223	0.00828	0.00991	0.00582	0.00673	0.00520	0.00351	0.00274	0.00091	0.00452	0.00226	0.00173	0.00529
41	0.01045	0.03068	0.03434	0.02670	0.01126	0.06614	0.00741	0.09916	0.41417	0.01503	0.01224	0.01262	0.02533	0.00586	0.00632	0.02148	0.18782	0.00406	0.00324	0.00568
42	0.00589	0.00395	0.00504	0.00557	0.00615	0.00369	0.00385	0.00687	0.02191	0.05606	0.03603	0.59177	0.11735	0.07454	0.01713	0.00182	0.00265	0.03247	0.00373	0.00353
43	0.00988	0.00947	0.01617	0.08125	0.77704	0.00960	0.01237	0.01231	0.00916	0.01306	0.00760	0.01009	0.00636	0.00365	0.00402	0.00122	0.00486	0.00361	0.00199	0.00630
44	0.03474	0.08979	0.06522	0.02629	0.05539	0.09383	0.06730	0.04781	0.02040	0.04380	0.04841	0.06993	0.03157	0.05404	0.05580	0.00181	0.15109	0.03546	0.00256	0.00474
45	0.00837	0.00766	0.01208	0.20700	0.18203	0.02465	0.07071	0.03905	0.00817	0.01122	0.00850	0.01289	0.00755	0.05060	0.17367	0.03759	0.11065	0.02087	0.00209	0.00465
46	0.00661	0.00492	0.00705	0.06009	0.04466	0.00507	0.02918	0.00782	0.00794	0.04288	0.07176	0.12991	0.14091	0.12058	0.20469	0.03824	0.02299	0.03722	0.01375	0.00373
47	0.03496	0.01843	0.00800	0.05220	0.02801	0.05261	0.01446	0.09284	0.04137	0.01332	0.08319	0.27115	0.02733	0.15722	0.04356	0.00222	0.01458	0.03665	0.00347	0.00445

[dist]
# distance from previous block
# <min> <max>
1	29

[block]
# block no. 4 follows, 66 sequences, length 39
# corresponding to MSA columns:
# 349-387
name=unknown_E
#
# <colnr> <probs for GDERKNQSTAVLIFYWHMCP>
#	G	D	E	R	K	N	Q	S	T	A	V	L	I	F	Y	W	H	M	C	P
0	0.06140	0.07916	0.23348	0.04949	0.07058	0.04659	0.04335	0.11369	0.09844	0.07006	0.00979	0.02541	0.00771	0.00461	0.00386	0.00125	0.00476	0.03598	0.00273	0.03767
1	0.04239	0.10581	0.06825	0.17575	0.13853	0.07325	0.09359	0.10165	0.04705	0.02336	0.00888	0.01059	0.02877	0.00488	0.02563	0.00135	0.01797	0.00358	0.00237	0.02633
2	0.02778	0.04467	0.04403	0.09884	0.27097	0.06451	0.09404	0.08422	0.02117	0.03148	0.02973	0.01046	0.00710	0.00512	0.02108	0.02357	0.09727	0.00368	0.00231	0.01799
3	0.00532	0.00405	0.00495	0.00575	0.00613	0.02204	0.00391	0.00629	0.02538	0.01050	0.02260	0.74692	0.06532	0.02829	0.00541	0.00166	0.00252	0.02585	0.00371	0.00339
4	0.06596	0.03258	0.02900	0.03692	0.07878	0.05934	0.00769	0.34460	0.19403	0.03713	0.01080	0.01100	0.01947	0.00478	0.00407	0.00123	0.02111	0.00369	0.00343	0.03436
5	0.01252	0.01047	0.00933	0.00815	0.01043	0.21192	0.00632	0.05694	0.31993	0.17267	0.06058	0.01518	0.05930	0.02247	0.00441	0.00131	0.00420	0.00437	0.00376	0.00572
6	0.04161	0.00554	0.00718	0.00698	0.03484	0.00559	0.03281	0.07697	0.03850	0.07105	0.02679	0.26420	0.04510	0.17884	0.09993	0.02373	0.00419	0.00673	0.00322	0.02618
7	0.00892	0.06243	0.44587	0.01401	0.05401	0.01011	0.32095	0.01285	0.00896	0.01274	0.00756	0.00943	0.00559	0.00366	0.00415	0.00129	0.00618	0.00366	0.00186	0.00577
8	0.00753	0.00650	0.00712	0.00676	0.00806	0.06566	0.00519	0.04183	0.17247	0.01180	0.01689	0.03072	0.14684	0.05336	0.39611	0.00386	0.00696	0.00511	0.00293	0.00430
9	0.00531	0.00404	0.00454	0.00473	0.00578	0.00353	0.00343	0.00631	0.00897	0.03248	0.08425	0.24504	0.51224	0.03695	0.00538	0.00152	0.00225	0.02595	0.00380	0.00348
10	0.07665	0.00677	0.03036	0.00689	0.00872	0.00687	0.00554	0.11625	0.11149	0.13223	0.03880	0.09992	0.03774	0.05640	0.22005	0.00280	0.00530	0.01241	0.01990	0.00490
11	0.02712	0.00550	0.00634	0.00596	0.00754	0.00531	0.00465	0.09139	0.05404	0.11406	0.06691	0.15196	0.31255	0.02652	0.00503	0.00149	0.00283	0.10247	0.00395	0.00440
12	0.01294	0.01001	0.01067	0.00868	0.01147	0.01118	0.00701	0.49187	0.30188	0.02170	0.01360	0.02697	0.04236	0.00544	0.00413	0.00129	0.00389	0.00431	0.00407	0.00653
13	0.05535	0.00826	0.00945	0.00747	0.01020	0.00851	0.00610	0.34300	0.03461	0.29547	0.06670	0.01310	0.01047	0.00510	0.00390	0.00121	0.00356	0.00401	0.10733	0.00620
14	0.00754	0.00509	0.00601	0.00575	0.00706	0.00491	0.00433	0.04929	0.08776	0.09337	0.16552	0.19482	0.22563	0.05618	0.00559	0.00155	0.00265	0.05206	0.02065	0.00424
15	0.03961	0.01092	0.01179	0.00906	0.01228	0.01197	0.00748	0.73406	0.01816	0.08850	0.01012	0.00997	0.00708	0.00485	0.00402	0.00122	0.00435	0.00365	0.00409	0.00683
16	0.00992	0.00956	0.01644	0.06304	0.77600	0.00962	0.03092	0.01237	0.00919	0.01311	0.00763	0.01010	0.00637	0.00363	0.00404	0.00122	0.00489	0.00364	0.00200	0.00632
17	0.00653	0.00483	0.00601	0.00639	0.00759	0.00468	0.00531	0.02871	0.04611	0.02789	0.05184	0.07181	0.26749	0.01036	0.00518	0.00164	0.00311	0.43683	0.00382	0.00389
18	0.02360	0.00436	0.00493	0.00499	0.00606	0.00405	0.00366	0.00733	0.05793	0.01252	0.22058	0.19284	0.37827	0.03987	0.00536	0.00150	0.00227	0.02235	0.00388	0.00367
19	0.01617	0.01016	0.01143	0.00876	0.01198	0.01080	0.00724	0.60309	0.01706	0.24391	0.01143	0.01084	0.00775	0.00491	0.00406	0.00123	0.00419	0.00377	0.00432	0.00690
20	0.00811	0.00640	0.00743	0.00697	0.00855	0.00687	0.00550	0.06554	0.31682	0.01626	0.31127	0.05358	0.02368	0.00765	0.00464	0.00142	0.00288	0.13731	0.00417	0.00497
21	0.02465	0.00687	0.00772	0.00693	0.00867	0.00731	0.00537	0.20992	0.17851	0.03236	0.17485	0.16962	0.07394	0.02254	0.00477	0.00142	0.00305	0.03913	0.01733	0.00503
22	0.01040	0.00616	0.00737	0.00642	0.00838	0.00598	0.00505	0.11582	0.08624	0.23034	0.15676	0.10901	0.19182	0.00772	0.00452	0.00135	0.00290	0.03435	0.00428	0.00512
23	0.00630	0.00424	0.00550	0.00559	0.00638	0.00402	0.00415	0.00775	0.02080	0.04660	0.36696	0.19100	0.04865	0.11839	0.00719	0.01832	0.00265	0.12796	0.00391	0.00365
24	0.00580	0.00435	0.00652	0.00652	0.00724	0.00507	0.00507	0.00724	0.00652	0.00942	0.01087	0.01594	0.01014	0.03043	0.84134	0.00652	0.01087	0.00435	0.00217	0.00362
25	0.00841	0.00721	0.00841	0.00601	0.00961	0.00541	0.00481	0.01022	0.00841	0.01322	0.00721	0.00841	0.00601	0.00300	0.00300	0.00060	0.00300	0.00240	0.00240	0.88222
26	0.00685	0.00504	0.00593	0.00592	0.00676	0.00529	0.00419	0.05876	0.13316	0.01209	0.03839	0.29840	0.04608	0.20252	0.10002	0.00257	0.00386	0.00728	0.05300	0.00389
27	0.00948	0.01078	0.02350	0.01681	0.02084	0.01011	0.79784	0.01287	0.00962	0.01307	0.02794	0.01141	0.00693	0.00354	0.00479	0.00137	0.00672	0.00485	0.00211	0.00543
28	0.00562	0.00418	0.00527	0.00544	0.00622	0.00397	0.00391	0.00757	0.05919	0.01358	0.40358	0.35887	0.08726	0.01002	0.00490	0.00144	0.00218	0.00893	0.00412	0.00374
29	0.00529	0.00396	0.00487	0.00522	0.00592	0.00365	0.00369	0.00656	0.02524	0.01197	0.21968	0.40250	0.20637	0.05024	0.00571	0.00160	0.00230	0.02788	0.00388	0.00349
30	0.00917	0.00875	0.01489	0.32678	0.53705	0.00941	0.01202	0.01169	0.00883	0.01219	0.00748	0.01033	0.00605	0.00378	0.00403	0.00126	0.00504	0.00361	0.00193	0.00572
31	0.01509	0.01073	0.01164	0.00905	0.01219	0.01179	0.00744	0.67147	0.10207	0.08994	0.01095	0.01063	0.00772	0.00495	0.00407	0.00124	0.00425	0.00378	0.00414	0.00685
32	0.01098	0.01256	0.01188	0.42888	0.05349	0.37372	0.00964	0.01291	0.00967	0.01031	0.00755	0.00986	0.02318	0.00423	0.00390	0.00121	0.00615	0.00328	0.00198	0.00465
33	0.00526	0.00387	0.00538	0.00608	0.00654	0.00364	0.02322	0.00620	0.00813	0.01080	0.04399	0.70053	0.04364	0.01215	0.00520	0.00165	0.00260	0.10398	0.00374	0.00342
34	0.00958	0.01094	0.02394	0.01710	0.02120	0.01026	0.81737	0.01300	0.00958	0.01300	0.00821	0.01094	0.00616	0.00342	0.00479	0.00137	0.00684	0.00479	0.00205	0.00547
35	0.06052	0.17787	0.01218	0.06215	0.01164	0.10108	0.00687	0.26177	0.05368	0.06124	0.03969	0.01185	0.04117	0.02178	0.05795	0.00155	0.00483	0.00365	0.00306	0.00547
36	0.00737	0.00646	0.02952	0.02650	0.00818	0.04561	0.01994	0.06819	0.00795	0.01069	0.02710	0.03914	0.06390	0.27799	0.25711	0.00368	0.07266	0.00505	0.00253	0.02043
37	0.13667	0.08835	0.12182	0.07969	0.08247	0.15846	0.08840	0.01342	0.06606	0.03208	0.00809	0.00951	0.01667	0.00456	0.01669	0.00129	0.03996	0.00325	0.00227	0.03028
38	0.06496	0.04021	0.01016	0.00818	0.02511	0.03544	0.02535	0.17349	0.05688	0.26488	0.01268	0.05114	0.01024	0.04415	0.01729	0.00150	0.05045	0.06412	0.00370	0.04006

[dist]
# distance from previous block
# <min> <max>
1	19

[block]
# block no. 5 follows, 66 sequences, length 9
# corresponding to MSA columns:
# 407-415
name=unknown_F
#
# <colnr> <probs for GDERKNQSTAVLIFYWHMCP>
#	G	D	E	R	K	N	Q	S	T	A	V	L	I	F	Y	W	H	M	C	P
0	0.03978	0.00777	0.02810	0.14322	0.11178	0.00827	0.08521	0.12933	0.02896	0.01339	0.02717	0.05825	0.00953	0.08497	0.17085	0.00259	0.03891	0.00454	0.00255	0.00482
1	0.04992	0.05052	0.01217	0.08766	0.10785	0.05495	0.02695	0.25728	0.22319	0.05690	0.01065	0.01106	0.00795	0.00468	0.00410	0.00126	0.01973	0.00374	0.00331	0.00612
2	0.00662	0.00464	0.00566	0.00580	0.00685	0.00444	0.00443	0.03938	0.03220	0.05540	0.07207	0.23340	0.23970	0.07475	0.03577	0.00189	0.00311	0.16632	0.00373	0.00382
3	0.02886	0.00728	0.04770	0.02545	0.05725	0.03228	0.01997	0.10857	0.07258	0.05924	0.06587	0.14362	0.12951	0.04983	0.02478	0.06502	0.00373	0.05056	0.00334	0.00455
4	0.02876	0.05434	0.01390	0.06927	0.07640	0.04333	0.16200	0.20038	0.10415	0.06177	0.01125	0.02738	0.04702	0.00481	0.00446	0.00126	0.03843	0.00417	0.00301	0.04393
5	0.00622	0.00440	0.00542	0.00566	0.00648	0.00429	0.00406	0.00845	0.09551	0.03548	0.20149	0.42416	0.08119	0.02751	0.00513	0.00152	0.00240	0.02679	0.04997	0.00387
6	0.04419	0.00534	0.00617	0.04589	0.00801	0.00526	0.00457	0.04482	0.07394	0.08802	0.16331	0.04422	0.30052	0.02910	0.00482	0.00140	0.00270	0.05442	0.06902	0.00431
7	0.03843	0.00921	0.03488	0.18608	0.26046	0.04834	0.03014	0.10414	0.05708	0.06040	0.01063	0.03789	0.02938	0.00537	0.01822	0.00140	0.01724	0.04246	0.00268	0.00555
8	0.03463	0.05713	0.08180	0.04304	0.14809	0.09774	0.10231	0.14354	0.11775	0.01481	0.01002	0.06621	0.00851	0.00501	0.00440	0.00129	0.03491	0.02042	0.00274	0.00565

[dist]
# distance from previous block
# <min> <max>
4	15

[block]
# block no. 6 follows, 66 sequences, length 34
# corresponding to MSA columns:
# 432-465
name=unknown_G
#
# <colnr> <probs for GDERKNQSTAVLIFYWHMCP>
#	G	D	E	R	K	N	Q	S	T	A	V	L	I	F	Y	W	H	M	C	P
0	0.16701	0.10369	0.31628	0.08869	0.04512	0.08509	0.01005	0.04889	0.02418	0.01348	0.00772	0.04914	0.00636	0.00438	0.00367	0.00124	0.01427	0.00329	0.00216	0.00529
1	0.78343	0.00796	0.00681	0.02893	0.00884	0.00922	0.01976	0.03877	0.00737	0.01781	0.00597	0.00711	0.00466	0.00437	0.01872	0.00137	0.01948	0.00240	0.00251	0.00449
2	0.00561	0.00400	0.00484	0.00505	0.00579	0.00366	0.00354	0.00642	0.01959	0.02028	0.12183	0.28974	0.27167	0.08880	0.00756	0.09818	0.00254	0.02249	0.00351	0.01489
3	0.03636	0.00788	0.01176	0.28579	0.25046	0.02116	0.00935	0.03282	0.04919	0.04585	0.03270	0.07016	0.00919	0.03022	0.00493	0.00138	0.03807	0.01535	0.00248	0.04490
4	0.72398	0.00803	0.00684	0.00597	0.00837	0.02461	0.00491	0.01267	0.00743	0.10126	0.00670	0.00749	0.00505	0.00412	0.00339	0.00129	0.05803	0.00249	0.00271	0.00466
5	0.00561	0.00381	0.00451	0.00480	0.00487	0.00374	0.00286	0.00582	0.00647	0.00862	0.01570	0.27850	0.01843	0.60045	0.01594	0.00324	0.00345	0.00761	0.00286	0.00271
6	0.00585	0.00431	0.00647	0.00647	0.00717	0.00501	0.00501	0.00717	0.00647	0.00932	0.01071	0.01579	0.01002	0.02977	0.80807	0.04180	0.01057	0.00431	0.00216	0.00355
7	0.00995	0.00956	0.01493	0.20480	0.56339	0.04485	0.01163	0.04446	0.03322	0.01307	0.00782	0.01023	0.00634	0.00384	0.00402	0.00124	0.00499	0.00360	0.00211	0.00595
8	0.88607	0.00785	0.00596	0.00534	0.00785	0.00910	0.00439	0.01193	0.00690	0.01820	0.00565	0.00659	0.00439	0.00377	0.00251	0.00126	0.00314	0.00220	0.00251	0.00439
9	0.00501	0.00373	0.00467	0.00526	0.00582	0.00339	0.00363	0.00594	0.00855	0.01123	0.12862	0.58076	0.19528	0.01164	0.00505	0.00154	0.00224	0.01038	0.00386	0.00339
10	0.10987	0.02786	0.00866	0.00712	0.00918	0.02190	0.00564	0.29935	0.02542	0.09208	0.07982	0.09774	0.03209	0.08118	0.00604	0.03703	0.00365	0.04663	0.00363	0.00509
11	0.01509	0.00716	0.00913	0.00724	0.01021	0.00652	0.00591	0.01834	0.14574	0.55699	0.01514	0.01460	0.01043	0.00508	0.00401	0.00121	0.00336	0.03621	0.00447	0.12316
12	0.01488	0.01883	0.01147	0.01041	0.01245	0.80117	0.00783	0.01616	0.03004	0.01009	0.00648	0.00754	0.00539	0.00428	0.00391	0.00107	0.02845	0.00268	0.00213	0.00474
13	0.00509	0.00375	0.00480	0.00552	0.00603	0.00345	0.00388	0.00600	0.00833	0.01092	0.06977	0.61640	0.15455	0.01196	0.00513	0.00160	0.00239	0.07325	0.00380	0.00338
14	0.00606	0.00412	0.00499	0.00515	0.00606	0.00371	0.00371	0.00709	0.00892	0.06648	0.14201	0.30546	0.28266	0.09067	0.00641	0.00171	0.00248	0.04489	0.00383	0.00360
15	0.00786	0.00741	0.01252	0.78027	0.09382	0.00907	0.01136	0.01054	0.00820	0.01060	0.00725	0.01075	0.00549	0.00402	0.00405	0.00134	0.00536	0.00361	0.00182	0.00466
16	0.01130	0.00616	0.00776	0.00646	0.00848	0.00588	0.00513	0.12401	0.03001	0.28865	0.42967	0.02168	0.02404	0.00668	0.00444	0.00126	0.00280	0.00569	0.00459	0.00533
17	0.00516	0.00392	0.00475	0.00498	0.00581	0.00351	0.00357	0.00636	0.00946	0.01249	0.29396	0.32535	0.28498	0.01049	0.00493	0.00144	0.00211	0.00921	0.00400	0.00351
18	0.00841	0.00721	0.00841	0.00601	0.00961	0.00541	0.00481	0.01022	0.00841	0.01322	0.00721	0.00841	0.00601	0.00300	0.00300	0.00060	0.00300	0.00240	0.00240	0.88222
19	0.01653	0.00886	0.01054	0.00816	0.01129	0.00896	0.00671	0.34955	0.06762	0.44766	0.01345	0.01222	0.00890	0.00499	0.00407	0.00125	0.00385	0.00394	0.00457	0.00687
20	0.01053	0.00870	0.00925	0.00824	0.01058	0.00998	0.00643	0.03808	0.77502	0.05032	0.01635	0.01497	0.01218	0.00547	0.00412	0.00137	0.00325	0.00455	0.00416	0.00645
21	0.00785	0.00388	0.00400	0.00393	0.00493	0.00384	0.00295	0.00964	0.00856	0.04130	0.01371	0.01546	0.02520	0.00502	0.00316	0.01810	0.00198	0.00387	0.81878	0.00384
22	0.00501	0.00418	0.00438	0.00437	0.00566	0.00359	0.00326	0.00633	0.02459	0.01168	0.13356	0.06999	0.68927	0.01005	0.00480	0.00137	0.00207	0.00846	0.00386	0.00352
23	0.00998	0.00858	0.00909	0.00823	0.01048	0.00992	0.00643	0.02114	0.79852	0.01682	0.01667	0.01612	0.01274	0.00569	0.00418	0.00139	0.00323	0.03036	0.00412	0.00634
24	0.00586	0.00392	0.00444	0.00448	0.00449	0.00390	0.00252	0.00589	0.00598	0.00798	0.01322	0.06407	0.01530	0.81915	0.01995	0.00383	0.00386	0.00616	0.00252	0.00250
25	0.05927	0.00461	0.00530	0.00512	0.00621	0.00468	0.00381	0.00953	0.06136	0.05412	0.20453	0.11273	0.03811	0.06583	0.07489	0.00184	0.00307	0.00574	0.27526	0.00399
26	0.00740	0.00551	0.00643	0.00583	0.00730	0.00548	0.00447	0.09593	0.11074	0.03594	0.44714	0.06023	0.17557	0.00805	0.00463	0.00131	0.00243	0.00692	0.00424	0.00445
27	0.00580	0.00435	0.00652	0.00652	0.00724	0.00507	0.00507	0.00724	0.00652	0.00942	0.01087	0.01594	0.01014	0.03043	0.84134	0.00652	0.01087	0.00435	0.00217	0.00362
28	0.00814	0.02099	0.83640	0.01156	0.01756	0.00942	0.01499	0.01285	0.00857	0.01285	0.00728	0.00857	0.00514	0.00385	0.00385	0.00128	0.00600	0.00300	0.00171	0.00600
29	0.02901	0.01409	0.02436	0.02724	0.06453	0.41283	0.05147	0.03097	0.18348	0.03330	0.00906	0.00990	0.00713	0.00461	0.00448	0.00121	0.06224	0.00337	0.02142	0.00529
