[name]
unknown

[dist]
# distance from previous block
# <min> <max>
0	24

[block]
# block no. 0 follows, 69 sequences, length 11
# corresponding to MSA columns:
# 24-34
name=unknown_A
#
# <colnr> <probs for GDERKNQSTAVLIFYWHMCP>
#	G	D	E	R	K	N	Q	S	T	A	V	L	I	F	Y	W	H	M	C	P
0	0.05843	0.00689	0.00698	0.04772	0.00867	0.08123	0.00500	0.09048	0.08617	0.03126	0.18713	0.07753	0.16437	0.05203	0.00500	0.00139	0.00320	0.03661	0.01385	0.03605
1	0.20246	0.00792	0.01011	0.03886	0.03726	0.00849	0.11681	0.19960	0.05250	0.05119	0.02608	0.02772	0.02717	0.10838	0.00601	0.02029	0.01645	0.00401	0.03383	0.00487
2	0.00902	0.00747	0.01133	0.31758	0.21204	0.00815	0.02336	0.08294	0.05869	0.06120	0.06866	0.02922	0.06233	0.00485	0.00401	0.00125	0.00422	0.00430	0.02428	0.00511
3	0.00761	0.00692	0.01125	0.74638	0.02464	0.00848	0.01016	0.04803	0.00859	0.01116	0.07241	0.01189	0.00780	0.00428	0.00398	0.00129	0.00492	0.00377	0.00205	0.00441
4	0.00771	0.00581	0.00814	0.03199	0.02772	0.01857	0.08236	0.05921	0.03021	0.06669	0.01450	0.31743	0.01530	0.16751	0.03349	0.00199	0.04286	0.00679	0.03717	0.02453
5	0.00563	0.00370	0.00439	0.00454	0.00458	0.00367	0.00267	0.00561	0.00596	0.00794	0.01346	0.16369	0.01561	0.65355	0.01709	0.07297	0.00351	0.00643	0.00253	0.00246
6	0.01414	0.00988	0.01105	0.00867	0.01140	0.01092	0.00713	0.60573	0.04213	0.11725	0.01038	0.01126	0.00767	0.02788	0.00503	0.00131	0.06459	0.02346	0.00383	0.00629
7	0.06387	0.00796	0.00938	0.00791	0.01012	0.02583	0.06932	0.15892	0.30025	0.05660	0.15006	0.04021	0.01472	0.00572	0.00407	0.00128	0.00343	0.03377	0.03119	0.00541
8	0.11403	0.00971	0.00993	0.00810	0.01080	0.04180	0.00654	0.41818	0.21694	0.08156	0.01126	0.03528	0.00843	0.00494	0.00379	0.00123	0.00384	0.00381	0.00376	0.00609
9	0.13852	0.00799	0.00962	0.19981	0.03898	0.04603	0.02289	0.13492	0.07510	0.11147	0.04068	0.06504	0.00910	0.00548	0.02157	0.00136	0.02513	0.00402	0.02121	0.02109
10	0.02104	0.00583	0.00785	0.10497	0.04740	0.00582	0.02711	0.03572	0.05254	0.08040	0.13074	0.12844	0.13743	0.03710	0.03188	0.00149	0.02392	0.00577	0.01573	0.09882

[dist]
# distance from previous block
# <min> <max>
0	1

[block]
# block no. 1 follows, 69 sequences, length 20
# corresponding to MSA columns:
# 36-55
name=unknown_B
#
# <colnr> <probs for GDERKNQSTAVLIFYWHMCP>
#	G	D	E	R	K	N	Q	S	T	A	V	L	I	F	Y	W	H	M	C	P
0	0.00761	0.00503	0.00674	0.14009	0.00998	0.00513	0.00523	0.03863	0.04883	0.11099	0.16350	0.31377	0.05901	0.00812	0.00439	0.00136	0.00287	0.00716	0.05740	0.00418
1	0.00761	0.00623	0.00984	0.20708	0.17474	0.00653	0.04424	0.02107	0.00811	0.04026	0.01217	0.24786	0.01235	0.04492	0.00549	0.03322	0.02121	0.01856	0.04157	0.03693
2	0.01383	0.01036	0.01119	0.00855	0.01171	0.01114	0.00703	0.69062	0.03957	0.02284	0.00926	0.00938	0.00670	0.00448	0.00378	0.00110	0.00409	0.00339	0.00370	0.12728
3	0.00958	0.01013	0.01060	0.00959	0.03076	0.20401	0.01973	0.01151	0.07989	0.01041	0.04829	0.01121	0.00816	0.04600	0.08430	0.00198	0.39360	0.00368	0.00219	0.00439
4	0.00617	0.00600	0.00517	0.00498	0.00633	0.11902	0.00373	0.00731	0.00961	0.01135	0.17423	0.03205	0.58250	0.00879	0.00448	0.00126	0.00266	0.00728	0.00354	0.00355
5	0.76850	0.00709	0.00552	0.00499	0.00727	0.00804	0.00407	0.01072	0.00698	0.01663	0.01016	0.01067	0.11835	0.00450	0.00273	0.00123	0.00289	0.00297	0.00259	0.00412
6	0.02594	0.00914	0.03437	0.02942	0.17871	0.00919	0.02547	0.36196	0.01335	0.12067	0.05328	0.01405	0.08135	0.00512	0.00403	0.00121	0.00401	0.01933	0.00345	0.00593
7	0.01137	0.00829	0.01219	0.03553	0.18559	0.01938	0.11290	0.18205	0.04015	0.17313	0.01259	0.13497	0.02351	0.00561	0.00421	0.00128	0.00417	0.02413	0.00330	0.00565
8	0.00961	0.00846	0.00852	0.00645	0.00962	0.12060	0.00510	0.01123	0.00884	0.07020	0.03248	0.00899	0.00692	0.00335	0.00311	0.00070	0.00347	0.00261	0.00252	0.67721
9	0.00487	0.00393	0.00434	0.00434	0.00547	0.00339	0.00322	0.00605	0.00934	0.01180	0.23462	0.11038	0.56516	0.00967	0.00466	0.00133	0.00198	0.00824	0.00381	0.00339
10	0.00701	0.00595	0.00864	0.12698	0.10998	0.00689	0.00659	0.02170	0.03857	0.01017	0.02376	0.05685	0.03600	0.17018	0.23414	0.00316	0.12247	0.00469	0.00229	0.00398
11	0.00571	0.00446	0.00518	0.00535	0.00631	0.00432	0.00386	0.03228	0.10385	0.01207	0.12687	0.38725	0.26778	0.01001	0.00470	0.00142	0.00229	0.00878	0.00377	0.00374
12	0.04140	0.01026	0.00920	0.00785	0.01029	0.20275	0.00614	0.09381	0.24395	0.08783	0.01100	0.03439	0.00872	0.00549	0.03152	0.00127	0.00435	0.01714	0.00316	0.16949
13	0.00859	0.05258	0.21389	0.05629	0.04156	0.03078	0.03992	0.06082	0.02404	0.03792	0.01282	0.01348	0.14045	0.00461	0.00366	0.00105	0.00408	0.00378	0.00248	0.24722
14	0.19897	0.12622	0.30067	0.00921	0.02809	0.14575	0.03034	0.05685	0.02365	0.03696	0.00689	0.00782	0.00523	0.00381	0.00331	0.00114	0.00500	0.00271	0.00215	0.00523
15	0.00781	0.00839	0.14222	0.00705	0.00921	0.02941	0.00636	0.01263	0.24099	0.04500	0.39096	0.02077	0.02228	0.01993	0.00450	0.00131	0.00310	0.01952	0.00371	0.00485
16	0.00950	0.02177	0.13065	0.01411	0.23864	0.05842	0.15312	0.08729	0.06225	0.02833	0.01051	0.14762	0.00958	0.00520	0.00415	0.00127	0.00476	0.00485	0.00255	0.00543
17	0.00712	0.00497	0.00592	0.00585	0.02722	0.00499	0.00420	0.11921	0.00971	0.02465	0.15247	0.17062	0.12877	0.11463	0.05820	0.00190	0.00319	0.02886	0.12362	0.00388
18	0.01010	0.03839	0.13199	0.05194	0.04757	0.01838	0.00756	0.28895	0.05420	0.03427	0.13323	0.03584	0.01236	0.07660	0.03984	0.00163	0.00433	0.00436	0.00317	0.00528
19	0.00752	0.00713	0.00671	0.00633	0.00767	0.14126	0.01986	0.02544	0.11201	0.01244	0.20355	0.11944	0.22399	0.04855	0.00516	0.00142	0.00324	0.04077	0.00348	0.00401

[dist]
# distance from previous block
# <min> <max>
2	31

[block]
# block no. 2 follows, 69 sequences, length 10
# corresponding to MSA columns:
# 87-96
name=unknown_C
#
# <colnr> <probs for GDERKNQSTAVLIFYWHMCP>
#	G	D	E	R	K	N	Q	S	T	A	V	L	I	F	Y	W	H	M	C	P
0	0.00568	0.00433	0.00598	0.03252	0.04540	0.00428	0.00493	0.00689	0.00819	0.01099	0.09293	0.40441	0.06886	0.03790	0.03723	0.00179	0.02052	0.18388	0.00340	0.01988
1	0.00914	0.04762	0.21701	0.10029	0.24575	0.02345	0.01008	0.07734	0.03424	0.04551	0.02570	0.07716	0.04805	0.00487	0.00391	0.00122	0.00450	0.00419	0.00244	0.01751
2	0.12767	0.00678	0.05886	0.00648	0.00826	0.01891	0.03690	0.00910	0.02487	0.02312	0.09285	0.04871	0.05451	0.18213	0.00761	0.00177	0.04293	0.10598	0.00279	0.13977
3	0.00965	0.05177	0.06496	0.00734	0.05623	0.00669	0.00591	0.08407	0.00939	0.08704	0.00869	0.00961	0.00674	0.00358	0.00315	0.00083	0.00328	0.00285	0.12476	0.45345
4	0.00783	0.00728	0.01122	0.25119	0.31661	0.02135	0.00908	0.01018	0.04077	0.01139	0.01351	0.07247	0.12074	0.00636	0.03165	0.00146	0.02254	0.03715	0.00238	0.00483
5	0.00797	0.06345	0.00813	0.02366	0.06746	0.00655	0.00525	0.08930	0.09104	0.05590	0.19977	0.05053	0.17285	0.05748	0.08161	0.00184	0.00365	0.00568	0.00341	0.00449
6	0.00712	0.07486	0.00780	0.04209	0.08987	0.05324	0.00494	0.04962	0.00896	0.01123	0.10045	0.02481	0.31689	0.18291	0.00741	0.00174	0.00333	0.00589	0.00296	0.00387
7	0.00898	0.00867	0.05926	0.28205	0.23251	0.00864	0.05545	0.02935	0.12961	0.04529	0.05005	0.01166	0.00831	0.00417	0.00393	0.00122	0.00450	0.00380	0.00246	0.05008
8	0.00900	0.00915	0.04233	0.16007	0.55440	0.04698	0.01090	0.01123	0.00868	0.01191	0.00863	0.09277	0.00788	0.00446	0.00398	0.00123	0.00467	0.00417	0.00207	0.00551
9	0.61144	0.00833	0.00725	0.09140	0.01024	0.06478	0.00534	0.04439	0.00780	0.03908	0.00621	0.00729	0.00477	0.00371	0.00279	0.00116	0.00357	0.00241	0.00245	0.07558

[dist]
# distance from previous block
# <min> <max>
0	1

[block]
# block no. 3 follows, 69 sequences, length 32
# corresponding to MSA columns:
# 98-129
name=unknown_D
#
# <colnr> <probs for GDERKNQSTAVLIFYWHMCP>
#	G	D	E	R	K	N	Q	S	T	A	V	L	I	F	Y	W	H	M	C	P
0	0.02618	0.01168	0.08318	0.21501	0.28031	0.20280	0.01013	0.02894	0.02979	0.03638	0.00739	0.00927	0.00581	0.00383	0.00374	0.00116	0.00528	0.00319	0.00209	0.03382
1	0.02507	0.06671	0.04867	0.05234	0.28648	0.14110	0.12089	0.05848	0.06106	0.03954	0.00805	0.00984	0.00645	0.02364	0.00428	0.00122	0.01549	0.00346	0.00228	0.02496
2	0.00973	0.00831	0.02966	0.11377	0.09053	0.00873	0.04165	0.22987	0.17470	0.01630	0.10665	0.05358	0.03215	0.02784	0.01755	0.00139	0.00396	0.00465	0.00327	0.02571
3	0.00512	0.00379	0.00476	0.00525	0.00586	0.00357	0.00378	0.00606	0.00800	0.01044	0.07609	0.39554	0.20466	0.08954	0.05978	0.00203	0.00301	0.10600	0.00347	0.00324
4	0.00913	0.00848	0.01025	0.06111	0.21878	0.11835	0.02803	0.06284	0.07860	0.02886	0.12859	0.03703	0.06844	0.05887	0.04981	0.00165	0.00449	0.01900	0.00285	0.00485
5	0.00496	0.00353	0.00460	0.00538	0.00565	0.00333	0.00362	0.00564	0.00742	0.00984	0.02099	0.69509	0.04679	0.11073	0.00675	0.00185	0.00252	0.05470	0.00349	0.00312
6	0.01288	0.15883	0.02882	0.00878	0.01167	0.14047	0.02699	0.35606	0.17217	0.03089	0.00950	0.00959	0.00716	0.00444	0.00365	0.00113	0.00455	0.00332	0.00318	0.00592
7	0.00951	0.01035	0.01890	0.16324	0.15014	0.07145	0.47715	0.02789	0.00927	0.01217	0.00757	0.01013	0.00581	0.00352	0.00429	0.00127	0.00605	0.00407	0.00197	0.00524
8	0.00830	0.00886	0.07802	0.02524	0.05056	0.08077	0.21699	0.04144	0.00950	0.04048	0.12192	0.15348	0.08250	0.01818	0.03368	0.00151	0.00462	0.01651	0.00287	0.00455
9	0.00692	0.00431	0.00537	0.00512	0.00628	0.00392	0.00382	0.00842	0.02281	0.12307	0.32644	0.17878	0.20996	0.02800	0.02634	0.00150	0.00244	0.00745	0.02516	0.00392
10	0.00900	0.02155	0.02704	0.00833	0.07530	0.00809	0.00609	0.13671	0.33311	0.01591	0.15245	0.01897	0.10131	0.05321	0.00501	0.00141	0.00321	0.01436	0.00365	0.00529
11	0.00537	0.00407	0.00493	0.00479	0.00577	0.00373	0.00354	0.00711	0.03314	0.01370	0.51465	0.10072	0.24235	0.03246	0.00507	0.00136	0.00201	0.00762	0.00402	0.00359
12	0.01006	0.04341	0.17561	0.02925	0.28280	0.05304	0.05001	0.08771	0.13248	0.03952	0.02934	0.03242	0.00809	0.00432	0.00389	0.00121	0.00466	0.00377	0.00256	0.00584
13	0.88991	0.00758	0.00576	0.00516	0.00758	0.00879	0.00425	0.01152	0.00667	0.01759	0.00546	0.00637	0.00425	0.00364	0.00243	0.00121	0.00303	0.00212	0.00243	0.00425
14	0.00826	0.00717	0.00878	0.00734	0.07888	0.00557	0.00527	0.01005	0.00820	0.01278	0.00700	0.00826	0.00584	0.00295	0.00299	0.00063	0.00305	0.00242	0.00229	0.81227
15	0.00899	0.00750	0.01231	0.11864	0.48519	0.00758	0.00950	0.01092	0.00867	0.08137	0.01117	0.19914	0.01077	0.00561	0.00414	0.00128	0.00409	0.00523	0.00254	0.00535
16	0.88991	0.00758	0.00576	0.00516	0.00758	0.00879	0.00425	0.01152	0.00667	0.01759	0.00546	0.00637	0.00425	0.00364	0.00243	0.00121	0.00303	0.00212	0.00243	0.00425
17	0.00937	0.01135	0.24006	0.02498	0.15162	0.00852	0.04109	0.13175	0.11369	0.04596	0.13196	0.03395	0.02828	0.00502	0.00404	0.00124	0.00424	0.00432	0.00294	0.00561
18	0.00561	0.00413	0.00550	0.00571	0.00651	0.00384	0.02930	0.02533	0.00869	0.02989	0.11952	0.48927	0.17352	0.01063	0.00486	0.00149	0.00247	0.06652	0.00370	0.00352
19	0.03679	0.09380	0.03428	0.12218	0.18344	0.03966	0.03769	0.22711	0.08673	0.03536	0.03026	0.02905	0.00783	0.00468	0.01327	0.00124	0.00450	0.00368	0.00278	0.00566
20	0.00613	0.00462	0.00588	0.00641	0.00728	0.00467	0.00505	0.00880	0.12200	0.01201	0.07743	0.31562	0.06393	0.01032	0.00499	0.00160	0.00288	0.33284	0.00372	0.00381
21	0.00974	0.11527	0.32043	0.04167	0.09885	0.05404	0.04232	0.01272	0.02479	0.10611	0.05692	0.02531	0.00814	0.00417	0.00368	0.00114	0.00475	0.00344	0.00237	0.06415
22	0.00556	0.00401	0.00487	0.00482	0.00578	0.00362	0.00356	0.00689	0.00961	0.03571	0.39613	0.13398	0.26734	0.06109	0.00562	0.00148	0.00217	0.04033	0.00390	0.00352
23	0.00898	0.00694	0.00822	0.00591	0.00936	0.00527	0.00475	0.01071	0.00841	0.08762	0.00774	0.00860	0.00616	0.00308	0.00300	0.00064	0.00294	0.00247	0.00255	0.80665
24	0.05160	0.52366	0.17508	0.00866	0.05225	0.05573	0.00843	0.06425	0.00884	0.01141	0.00613	0.00708	0.00515	0.00357	0.00295	0.00098	0.00462	0.00243	0.00188	0.00528
25	0.00582	0.00395	0.00454	0.00448	0.00451	0.00407	0.00262	0.00590	0.00577	0.00782	0.01211	0.02475	0.01382	0.80572	0.03274	0.00372	0.03029	0.00557	0.01934	0.00248
26	0.00564	0.00405	0.00508	0.00507	0.00606	0.00369	0.00386	0.00713	0.00995	0.03467	0.44393	0.12909	0.22190	0.00919	0.00474	0.00136	0.00216	0.09481	0.00402	0.00361
27	0.03681	0.02229	0.04417	0.03618	0.25307	0.12122	0.12385	0.15375	0.05661	0.01439	0.02132	0.02268	0.00699	0.00432	0.00455	0.00123	0.06488	0.00367	0.00246	0.00558
28	0.00530	0.00407	0.00480	0.00479	0.00579	0.00373	0.00355	0.00691	0.03491	0.01259	0.33114	0.13188	0.33318	0.03531	0.02308	0.00151	0.00229	0.03372	0.01791	0.00352
29	0.02951	0.18174	0.11841	0.03362	0.21776	0.08941	0.04272	0.07351	0.01943	0.02152	0.04000	0.02057	0.02247	0.00434	0.00429	0.00116	0.06859	0.00340	0.00220	0.00534
30	0.00971	0.00992	0.07322	0.05243	0.12212	0.08737	0.13472	0.07147	0.06942	0.04662	0.02305	0.07079	0.02763	0.00509	0.00498	0.00127	0.09961	0.00430	0.05617	0.03011
31	0.03304	0.36656	0.11276	0.00857	0.03928	0.12650	0.03021	0.06254	0.05216	0.02408	0.01976	0.00989	0.05660	0.00421	0.00340	0.00104	0.01636	0.00307	0.00224	0.02773

[dist]
# distance from previous block
# <min> <max>
1	23

[block]
# block no. 4 follows, 69 sequences, length 54
# corresponding to MSA columns:
# 153-161,163-207
name=unknown_E
#
# <colnr> <probs for GDERKNQSTAVLIFYWHMCP>
#	G	D	E	R	K	N	Q	S	T	A	V	L	I	F	Y	W	H	M	C	P
0	0.24451	0.10442	0.03837	0.10418	0.05890	0.13271	0.02690	0.06836	0.05629	0.07080	0.00789	0.02986	0.00629	0.00425	0.00363	0.00118	0.03084	0.00312	0.00251	0.00500
1	0.00948	0.00871	0.01266	0.06780	0.35767	0.05165	0.06990	0.06666	0.12256	0.03017	0.03302	0.12199	0.01982	0.00523	0.00411	0.00126	0.00428	0.00482	0.00271	0.00548
2	0.00519	0.00382	0.00462	0.00490	0.00570	0.00345	0.00351	0.00615	0.00854	0.02552	0.14810	0.34732	0.31816	0.03022	0.02671	0.01929	0.00243	0.02938	0.00365	0.00334
3	0.01142	0.03901	0.03966	0.00987	0.05901	0.13699	0.07726	0.16924	0.23999	0.06659	0.01256	0.02909	0.05519	0.01673	0.00432	0.00126	0.01883	0.00412	0.00320	0.00563
4	0.00530	0.00390	0.00496	0.00489	0.00575	0.00356	0.00359	0.00684	0.01021	0.01408	0.59335	0.17024	0.14081	0.00899	0.00469	0.00131	0.00194	0.00793	0.00411	0.00356
5	0.03193	0.01105	0.09283	0.01985	0.04646	0.04600	0.00786	0.43840	0.13726	0.07819	0.02061	0.03356	0.00824	0.00485	0.00390	0.00122	0.00424	0.00381	0.00355	0.00619
6	0.00543	0.00400	0.00508	0.00481	0.00579	0.00365	0.00361	0.00718	0.01083	0.01508	0.73549	0.03035	0.13761	0.00826	0.00463	0.00124	0.00187	0.00724	0.00423	0.00365
7	0.01024	0.06413	0.23958	0.04549	0.17037	0.04377	0.10202	0.02339	0.03528	0.02225	0.01985	0.09229	0.00948	0.00553	0.00465	0.00146	0.01962	0.00452	0.00270	0.08338
8	0.01159	0.42098	0.04332	0.05249	0.05659	0.30568	0.00783	0.01298	0.00906	0.00970	0.00589	0.00710	0.00511	0.00376	0.00341	0.00098	0.03434	0.00246	0.00182	0.00489
9	0.01140	0.06362	0.12432	0.00795	0.01151	0.03885	0.01670	0.23099	0.04385	0.10598	0.00880	0.00920	0.00652	0.00388	0.00346	0.00097	0.00401	0.00301	0.00295	0.30204
10	0.01046	0.04780	0.22126	0.01232	0.18303	0.03244	0.01928	0.12684	0.19883	0.06002	0.01002	0.02242	0.00764	0.00443	0.00406	0.00123	0.02553	0.00362	0.00278	0.00600
11	0.01134	0.40253	0.03842	0.02694	0.04054	0.28154	0.00729	0.04399	0.00941	0.01027	0.00795	0.03741	0.04118	0.00431	0.00340	0.00100	0.02262	0.00299	0.00204	0.00484
12	0.02852	0.00893	0.01495	0.09734	0.70573	0.00912	0.01143	0.01169	0.00875	0.01265	0.01860	0.00992	0.00648	0.00363	0.00396	0.00117	0.01593	0.00348	0.00197	0.02574
13	0.01501	0.00553	0.02457	0.00601	0.00758	0.00511	0.04784	0.03482	0.08202	0.01226	0.09431	0.08558	0.42825	0.00889	0.01500	0.00142	0.02442	0.07574	0.00350	0.02215
14	0.00925	0.01058	0.02313	0.01652	0.02049	0.00991	0.82353	0.01256	0.00925	0.01256	0.00793	0.01058	0.00595	0.00330	0.00463	0.00132	0.00661	0.00463	0.00198	0.00529
15	0.00854	0.00810	0.01357	0.44195	0.40019	0.00902	0.01126	0.01131	0.03640	0.01152	0.00746	0.01025	0.00591	0.00377	0.00390	0.00124	0.00489	0.00352	0.00191	0.00527
16	0.01469	0.01012	0.02878	0.00918	0.01238	0.01046	0.07163	0.54114	0.04743	0.19720	0.01079	0.01052	0.00743	0.00463	0.00398	0.00120	0.00427	0.00373	0.00392	0.00652
17	0.00576	0.00414	0.00565	0.00652	0.00723	0.00404	0.00532	0.00717	0.00855	0.01114	0.02192	0.29840	0.06198	0.01124	0.00525	0.00172	0.00312	0.52377	0.00362	0.00346
18	0.00665	0.00341	0.00506	0.00514	0.00515	0.00339	0.00342	0.00514	0.00530	0.00706	0.00798	0.07889	0.00832	0.01351	0.01451	0.81607	0.00332	0.00402	0.00186	0.00182
19	0.82005	0.00730	0.00572	0.00514	0.00745	0.00839	0.00420	0.01120	0.00702	0.01744	0.07105	0.00818	0.00683	0.00398	0.00260	0.00121	0.00294	0.00252	0.00258	0.00420
20	0.00975	0.00842	0.00886	0.00798	0.01019	0.00975	0.00621	0.02083	0.83069	0.01640	0.01596	0.01463	0.01197	0.00532	0.00399	0.00133	0.00310	0.00443	0.00399	0.00621
21	0.00688	0.00524	0.00633	0.00603	0.00723	0.00543	0.00462	0.07956	0.13351	0.01427	0.30864	0.13344	0.08470	0.03235	0.09531	0.00195	0.00342	0.06316	0.00376	0.00417
22	0.00800	0.00729	0.01176	0.78614	0.02583	0.00898	0.01062	0.07438	0.00868	0.01118	0.00716	0.01037	0.00534	0.00398	0.00392	0.00130	0.00515	0.00349	0.00191	0.00454
23	0.01467	0.00945	0.01058	0.00832	0.01127	0.01012	0.00681	0.48047	0.15934	0.22879	0.01209	0.01132	0.00836	0.00485	0.00394	0.00121	0.00385	0.00379	0.00417	0.00659
24	0.00650	0.00541	0.00681	0.02252	0.00757	0.01866	0.00507	0.00801	0.05692	0.03349	0.04730	0.38886	0.16158	0.00957	0.00660	0.00152	0.19874	0.00785	0.00321	0.00380
25	0.00479	0.00365	0.00442	0.00496	0.00560	0.00327	0.00347	0.00566	0.00819	0.01052	0.06805	0.52931	0.29786	0.01126	0.00487	0.00149	0.00218	0.02353	0.00367	0.00326
26	0.04117	0.03598	0.01353	0.01156	0.05979	0.43469	0.14990	0.07262	0.01039	0.02426	0.00683	0.00839	0.00555	0.00477	0.02440	0.00128	0.08467	0.00314	0.00217	0.00491
27	0.01466	0.01829	0.01114	0.01005	0.01212	0.80426	0.00757	0.05660	0.01148	0.01036	0.00623	0.00719	0.00513	0.00407	0.00355	0.00102	0.00693	0.00258	0.00212	0.00465
28	0.02739	0.02853	0.01137	0.00969	0.01096	0.34028	0.00775	0.02587	0.02576	0.08595	0.00675	0.00847	0.00567	0.00538	0.00767	0.00135	0.38114	0.00309	0.00222	0.00470
29	0.00530	0.00402	0.00468	0.00451	0.00563	0.00354	0.00337	0.00669	0.00993	0.02634	0.42048	0.04666	0.41282	0.02272	0.00487	0.00132	0.00198	0.00764	0.00396	0.00353
30	0.00669	0.00699	0.10092	0.00668	0.02945	0.00556	0.03206	0.02738	0.12405	0.03031	0.20872	0.04133	0.34932	0.00760	0.00440	0.00129	0.00284	0.00648	0.00355	0.00436
31	0.88991	0.00758	0.00576	0.00516	0.00758	0.00879	0.00425	0.01152	0.00667	0.01759	0.00546	0.00637	0.00425	0.00364	0.00243	0.00121	0.00303	0.00212	0.00243	0.00425
32	0.00664	0.00486	0.00595	0.00549	0.00673	0.00481	0.00418	0.01005	0.15392	0.04222	0.63730	0.02652	0.06091	0.00751	0.00449	0.00125	0.00212	0.00657	0.00425	0.00422
33	0.01165	0.01153	0.00961	0.00852	0.01064	0.27006	0.00656	0.16007	0.33843	0.01522	0.04011	0.07861	0.01083	0.00545	0.00394	0.00122	0.00444	0.00430	0.00335	0.00545
34	0.00848	0.17594	0.67384	0.01033	0.01560	0.02703	0.01291	0.01236	0.00828	0.01177	0.00672	0.00789	0.00498	0.00366	0.00350	0.00116	0.00552	0.00274	0.00167	0.00563
35	0.86355	0.00781	0.00593	0.00529	0.00772	0.02223	0.00434	0.02309	0.00691	0.01756	0.00552	0.00642	0.00429	0.00366	0.00246	0.00121	0.00312	0.00215	0.00244	0.00428
36	0.00858	0.00858	0.01201	0.01029	0.01029	0.01201	0.00858	0.00943	0.00600	0.00943	0.00515	0.00858	0.00515	0.00686	0.01287	0.00172	0.85505	0.00343	0.00172	0.00429
37	0.00602	0.00441	0.00559	0.00608	0.00680	0.00436	0.00453	0.06435	0.03968	0.01192	0.05772	0.53162	0.05515	0.01091	0.00494	0.00157	0.00269	0.17429	0.00370	0.00366
38	0.04581	0.00773	0.00941	0.00732	0.01022	0.00755	0.00602	0.23108	0.03513	0.52906	0.02942	0.01246	0.00932	0.00484	0.00386	0.00120	0.00349	0.00384	0.03585	0.00641
39	0.00613	0.00486	0.00565	0.00552	0.00673	0.00489	0.00424	0.01837	0.14670	0.01245	0.17769	0.04538	0.29881	0.06097	0.10073	0.00207	0.00341	0.08793	0.00358	0.00390
40	0.00496	0.00355	0.00471	0.00533	0.00573	0.00331	0.00365	0.00592	0.00836	0.01137	0.21629	0.66109	0.02857	0.01126	0.00491	0.00151	0.00217	0.01018	0.00380	0.00331
41	0.00893	0.00853	0.01452	0.30290	0.56498	0.00911	0.01165	0.01135	0.00856	0.01187	0.00724	0.00995	0.00588	0.00364	0.00389	0.00121	0.00485	0.00349	0.00187	0.00559
42	0.00550	0.00371	0.00434	0.00454	0.00459	0.00366	0.00266	0.00565	0.00610	0.00814	0.01441	0.21110	0.01685	0.67324	0.01663	0.00331	0.00346	0.00691	0.00266	0.00256
43	0.00604	0.00480	0.00725	0.02816	0.03227	0.00452	0.07422	0.00804	0.01079	0.01522	0.71923	0.02662	0.03261	0.00737	0.00458	0.00124	0.00243	0.00668	0.00398	0.00393
44	0.88991	0.00758	0.00576	0.00516	0.00758	0.00879	0.00425	0.01152	0.00667	0.01759	0.00546	0.00637	0.00425	0.00364	0.00243	0.00121	0.00303	0.00212	0.00243	0.00425
45	0.00950	0.00819	0.00872	0.00768	0.01002	0.00914	0.00599	0.01937	0.72438	0.01598	0.02822	0.01413	0.01168	0.00509	0.00388	0.00124	0.00306	0.00424	0.00381	0.10569
46	0.88991	0.00758	0.00576	0.00516	0.00758	0.00879	0.00425	0.01152	0.00667	0.01759	0.00546	0.00637	0.00425	0.00364	0.00243	0.00121	0.00303	0.00212	0.00243	0.00425
47	0.00580	0.00412	0.00588	0.00588	0.00657	0.00470	0.00451	0.00717	0.00648	0.00964	0.01087	0.01590	0.01009	0.07466	0.70353	0.00555	0.00913	0.00423	0.10186	0.00345
48	0.02743	0.00698	0.01162	0.83357	0.02656	0.00871	0.01074	0.01005	0.00781	0.01019	0.00693	0.01036	0.00520	0.00391	0.00389	0.00130	0.00518	0.00345	0.00176	0.00435
49	0.02960	0.00611	0.00811	0.00643	0.00891	0.00540	0.00515	0.01644	0.01045	0.65802	0.07068	0.01573	0.01199	0.10201	0.00575	0.00150	0.00325	0.00432	0.02428	0.00588
50	0.00880	0.00764	0.01257	0.02902	0.01271	0.01819	0.28646	0.07486	0.05503	0.07761	0.03607	0.04312	0.20017	0.00644	0.00471	0.00137	0.02032	0.09701	0.00312	0.00477
51	0.00482	0.00360	0.00449	0.00506	0.00561	0.00327	0.00349	0.00570	0.00821	0.01073	0.10975	0.58270	0.21571	0.01129	0.00488	0.00149	0.00216	0.01006	0.00371	0.00327
52	0.00796	0.07115	0.63345	0.01012	0.01520	0.00881	0.03269	0.01180	0.00832	0.01229	0.02979	0.02792	0.00643	0.00391	0.00363	0.00115	0.00520	0.00312	0.00186	0.10519
53	0.00941	0.10189	0.28619	0.01452	0.23617	0.05909	0.12444	0.01332	0.09393	0.01246	0.00795	0.00936	0.00617	0.00375	0.00378	0.00119	0.00523	0.00335	0.00204	0.00573

[dist]
# distance from previous block
# <min> <max>
1	5

[block]
# block no. 5 follows, 69 sequences, length 13
# corresponding to MSA columns:
# 221-233
name=unknown_F
#
# <colnr> <probs for GDERKNQSTAVLIFYWHMCP>
#	G	D	E	R	K	N	Q	S	T	A	V	L	I	F	Y	W	H	M	C	P
0	0.20538	0.05366	0.09480	0.03633	0.24684	0.05745	0.03356	0.07207	0.03600	0.01455	0.05882	0.00981	0.00760	0.00398	0.00347	0.00114	0.00425	0.00323	0.00239	0.05465
1	0.05924	0.10619	0.06573	0.03643	0.31381	0.06416	0.07836	0.02641	0.11848	0.02375	0.00863	0.00992	0.01664	0.00386	0.00365	0.00114	0.00456	0.00338	0.00231	0.05337
2	0.00648	0.00499	0.00728	0.03587	0.07327	0.00498	0.05980	0.02577	0.00754	0.01011	0.09364	0.04575	0.12130	0.27067	0.09593	0.12091	0.00427	0.00550	0.00260	0.00334
3	0.00528	0.00385	0.00484	0.00488	0.00570	0.00352	0.00355	0.00673	0.00985	0.01359	0.50250	0.22691	0.15006	0.00920	0.00466	0.00132	0.00197	0.00812	0.02994	0.00352
4	0.04611	0.00955	0.01016	0.02755	0.08523	0.09163	0.00691	0.33466	0.06942	0.12903	0.02704	0.01354	0.07403	0.00514	0.00389	0.00120	0.00405	0.02177	0.03334	0.00576
5	0.00526	0.00376	0.00485	0.00540	0.00601	0.00352	0.00396	0.00641	0.00856	0.01155	0.16396	0.45633	0.11445	0.01069	0.00486	0.00150	0.00236	0.13778	0.04540	0.00338
6	0.00955	0.00916	0.01563	0.08019	0.78286	0.00927	0.01195	0.01190	0.00885	0.01262	0.00735	0.00975	0.00614	0.00352	0.00388	0.00117	0.00470	0.00349	0.00193	0.00608
7	0.00584	0.00467	0.00634	0.00735	0.11841	0.00433	0.00466	0.00746	0.01001	0.01368	0.47339	0.09863	0.21401	0.00820	0.00456	0.00127	0.00230	0.00721	0.00378	0.00391
8	0.88991	0.00758	0.00576	0.00516	0.00758	0.00879	0.00425	0.01152	0.00667	0.01759	0.00546	0.00637	0.00425	0.00364	0.00243	0.00121	0.00303	0.00212	0.00243	0.00425
9	0.01067	0.00673	0.00902	0.05092	0.13099	0.02561	0.00643	0.05815	0.07459	0.24758	0.01347	0.07815	0.03670	0.07991	0.15072	0.00234	0.00490	0.00471	0.00328	0.00514
10	0.01104	0.00737	0.00820	0.00646	0.00904	0.00724	0.00520	0.26145	0.05769	0.10119	0.01063	0.01114	0.00794	0.00423	0.00334	0.00096	0.00311	0.00333	0.23755	0.24288
11	0.00682	0.09641	0.00746	0.00578	0.00708	0.06532	0.00454	0.03372	0.00865	0.01109	0.16261	0.02209	0.21347	0.06347	0.27106	0.00294	0.00542	0.00542	0.00289	0.00376
12	0.00860	0.00706	0.00907	0.08741	0.07486	0.04146	0.04057	0.01271	0.21702	0.06878	0.04077	0.10513	0.05410	0.00734	0.02946	0.00150	0.00386	0.13081	0.00326	0.05623

[dist]
# distance from previous block
# <min> <max>
0	1

[block]
# block no. 6 follows, 69 sequences, length 63
# corresponding to MSA columns:
# 235-297
name=unknown_G
#
# <colnr> <probs for GDERKNQSTAVLIFYWHMCP>
#	G	D	E	R	K	N	Q	S	T	A	V	L	I	F	Y	W	H	M	C	P
0	0.46918	0.04559	0.01922	0.05580	0.14654	0.10146	0.03314	0.02194	0.00797	0.01481	0.00625	0.00762	0.00500	0.00366	0.00300	0.00115	0.00405	0.00261	0.01859	0.03241
1	0.00560	0.00422	0.00571	0.09848	0.00829	0.00428	0.00458	0.04139	0.00815	0.01084	0.05941	0.60224	0.04839	0.04623	0.02341	0.00171	0.00291	0.01730	0.00339	0.00347
2	0.00920	0.08900	0.06615	0.03512	0.16278	0.00796	0.00730	0.03993	0.08606	0.05966	0.03145	0.01106	0.01731	0.02588	0.05690	0.00138	0.01307	0.00333	0.00254	0.27391
3	0.00534	0.00421	0.00515	0.00532	0.04000	0.00377	0.00374	0.00685	0.01010	0.01346	0.46873	0.03201	0.36979	0.00863	0.00460	0.00127	0.00202	0.00744	0.00394	0.00364
4	0.00813	0.00697	0.00813	0.00581	0.00929	0.00523	0.00465	0.00987	0.00813	0.01277	0.00697	0.00813	0.00581	0.00290	0.00290	0.00058	0.00290	0.00232	0.00232	0.88619
5	0.00970	0.15931	0.40281	0.01073	0.09028	0.02158	0.02158	0.09303	0.00954	0.05192	0.02847	0.00896	0.00637	0.00384	0.00354	0.00111	0.00488	0.00301	0.00218	0.06715
6	0.65678	0.13653	0.04450	0.00595	0.00861	0.03677	0.00528	0.01184	0.00715	0.03219	0.00574	0.00665	0.00455	0.00370	0.00277	0.00116	0.02080	0.00223	0.00230	0.00449
7	0.00481	0.00376	0.00436	0.00467	0.00552	0.00331	0.00332	0.00579	0.00866	0.01102	0.13465	0.35208	0.42294	0.01059	0.00477	0.00142	0.00208	0.00922	0.00373	0.00331
8	0.00989	0.00986	0.06777	0.02319	0.14480	0.05589	0.01992	0.06434	0.47513	0.01536	0.04321	0.01371	0.01869	0.00497	0.00398	0.00127	0.00386	0.01492	0.00333	0.00592
9	0.00571	0.00394	0.00511	0.00502	0.00586	0.00364	0.00369	0.00732	0.01027	0.03213	0.61995	0.18963	0.04268	0.00867	0.00461	0.00129	0.00196	0.00769	0.03717	0.00366
10	0.01094	0.01185	0.18244	0.04002	0.15992	0.01022	0.05416	0.26659	0.18369	0.02578	0.00984	0.01046	0.00729	0.00432	0.00393	0.00123	0.00457	0.00365	0.00295	0.00616
11	0.01138	0.00834	0.00893	0.00755	0.00967	0.04309	0.00594	0.39943	0.08397	0.07063	0.05977	0.20672	0.02580	0.00674	0.00417	0.00128	0.00354	0.00561	0.03201	0.00543
12	0.00851	0.00743	0.00948	0.00888	0.14607	0.00602	0.00591	0.02481	0.00845	0.01299	0.00708	0.00841	0.00589	0.00303	0.00308	0.00069	0.00322	0.00254	0.00229	0.72521
13	0.02937	0.00954	0.01023	0.00840	0.01080	0.12507	0.06730	0.22918	0.14941	0.12978	0.13671	0.04066	0.02512	0.00543	0.00406	0.00122	0.00404	0.00450	0.00367	0.00554
14	0.00827	0.00725	0.00924	0.00663	0.01011	0.00564	0.06471	0.02135	0.00835	0.01289	0.00725	0.01839	0.00607	0.00307	0.00307	0.00066	0.00319	0.00261	0.00234	0.79895
15	0.01107	0.00859	0.00915	0.00803	0.01025	0.04384	0.00631	0.01980	0.63348	0.13930	0.01494	0.01382	0.01101	0.00527	0.00440	0.00132	0.04515	0.00423	0.00393	0.00611
16	0.00855	0.00682	0.00907	0.31684	0.01501	0.00776	0.00711	0.20236	0.04822	0.01349	0.02608	0.15017	0.01133	0.15199	0.00685	0.00175	0.00413	0.00522	0.00282	0.00445
17	0.00487	0.00351	0.00463	0.00542	0.00576	0.00327	0.00370	0.00569	0.00786	0.01049	0.08012	0.74465	0.05655	0.01185	0.00498	0.00156	0.00228	0.03589	0.00369	0.00324
18	0.00519	0.00409	0.00472	0.00485	0.00583	0.00375	0.00352	0.00690	0.05858	0.01195	0.21472	0.26374	0.37819	0.00987	0.00470	0.00138	0.00210	0.00857	0.00382	0.00354
19	0.00489	0.00391	0.00435	0.00438	0.00546	0.00340	0.00322	0.00603	0.00923	0.01170	0.22868	0.13270	0.53268	0.02557	0.00496	0.00138	0.00202	0.00828	0.00378	0.00337
20	0.00842	0.01797	0.66403	0.03000	0.12170	0.00927	0.03493	0.04589	0.00880	0.01293	0.00720	0.00861	0.00523	0.00373	0.00378	0.00123	0.00560	0.00306	0.00180	0.00584
21	0.88991	0.00758	0.00576	0.00516	0.00758	0.00879	0.00425	0.01152	0.00667	0.01759	0.00546	0.00637	0.00425	0.00364	0.00243	0.00121	0.00303	0.00212	0.00243	0.00425
22	0.00836	0.00563	0.00596	0.00559	0.01634	0.03977	0.00419	0.05545	0.09321	0.07779	0.09883	0.11100	0.10956	0.00639	0.00373	0.00114	0.00257	0.00535	0.31175	0.03738
23	0.01130	0.64335	0.01797	0.00748	0.01044	0.20465	0.00686	0.01251	0.00873	0.00945	0.02339	0.00699	0.00572	0.00365	0.00291	0.00090	0.01469	0.00232	0.00181	0.00488
24	0.00867	0.00808	0.01355	0.03793	0.65394	0.00807	0.01033	0.01067	0.00862	0.01219	0.01022	0.17991	0.01014	0.00526	0.00411	0.00125	0.00419	0.00503	0.00228	0.00556
25	0.00925	0.01058	0.02313	0.01652	0.02049	0.00991	0.82353	0.01256	0.00925	0.01256	0.00793	0.01058	0.00595	0.00330	0.00463	0.00132	0.00661	0.00463	0.00198	0.00529
26	0.00936	0.00992	0.02066	0.10931	0.10918	0.00959	0.62050	0.01243	0.00912	0.03831	0.00800	0.01055	0.00601	0.00344	0.00445	0.00130	0.00614	0.00436	0.00204	0.00533
27	0.00543	0.00395	0.00510	0.00492	0.00581	0.00363	0.00365	0.00713	0.01066	0.01493	0.71851	0.09984	0.08478	0.00849	0.00466	0.00127	0.00189	0.00750	0.00422	0.00363
28	0.01003	0.01054	0.01154	0.01438	0.32836	0.24178	0.00852	0.02342	0.02019	0.01127	0.00950	0.11011	0.00918	0.01598	0.06466	0.00162	0.05693	0.03256	0.01454	0.00492
29	0.00562	0.00452	0.00570	0.00606	0.00662	0.03940	0.03317	0.02097	0.00831	0.01097	0.11006	0.68640	0.02521	0.01101	0.00487	0.00151	0.00262	0.00996	0.00359	0.00344
30	0.00564	0.00384	0.00459	0.00463	0.00475	0.00393	0.00281	0.00588	0.00588	0.00794	0.01253	0.06510	0.01417	0.69705	0.14175	0.00406	0.00472	0.00575	0.00240	0.00258
31	0.01759	0.00667	0.00910	0.00698	0.01001	0.00576	0.00576	0.01911	0.01122	0.84048	0.01547	0.01334	0.00970	0.00485	0.00394	0.00121	0.00334	0.00394	0.00485	0.00667
32	0.10335	0.00873	0.00913	0.00736	0.01014	0.13469	0.00596	0.04885	0.01099	0.58557	0.01290	0.01209	0.00856	0.00471	0.00376	0.00119	0.00392	0.01793	0.00412	0.00605
33	0.01085	0.01042	0.02582	0.23644	0.10475	0.17292	0.00846	0.22332	0.02911	0.01462	0.06197	0.03410	0.00871	0.02424	0.00426	0.00125	0.00487	0.00381	0.01493	0.00513
34	0.00474	0.00371	0.00429	0.00470	0.00550	0.00327	0.00332	0.00562	0.00837	0.01054	0.06557	0.41858	0.42599	0.01094	0.00480	0.00144	0.00211	0.00955	0.00367	0.00327
35	0.00758	0.00721	0.01180	0.72412	0.02445	0.00921	0.01053	0.00993	0.00756	0.00993	0.00669	0.01017	0.00521	0.00437	0.00529	0.00137	0.13502	0.00348	0.00174	0.00434
36	0.01093	0.05143	0.21446	0.03816	0.25331	0.23634	0.01048	0.02200	0.00946	0.05897	0.00773	0.00986	0.00625	0.00411	0.00394	0.00117	0.02352	0.03032	0.00212	0.00546
37	0.00608	0.00450	0.00577	0.00584	0.00613	0.00491	0.00425	0.00675	0.00671	0.00907	0.01438	0.08371	0.02779	0.44275	0.07229	0.00310	0.09943	0.19085	0.00267	0.00302
38	0.00852	0.00788	0.01185	0.14286	0.18238	0.00978	0.00899	0.01004	0.00737	0.03769	0.03663	0.01151	0.04259	0.00678	0.04406	0.00168	0.41883	0.00384	0.00206	0.00468
39	0.00882	0.00806	0.01184	0.01374	0.35441	0.00707	0.03344	0.01085	0.00850	0.01278	0.00717	0.00886	0.00598	0.00316	0.00336	0.00085	0.00375	0.00288	0.00215	0.49232
40	0.00813	0.00697	0.00813	0.00581	0.00929	0.00523	0.00465	0.00987	0.00813	0.01277	0.00697	0.00813	0.00581	0.00290	0.00290	0.00058	0.00290	0.00232	0.00232	0.88619
41	0.00826	0.14923	0.71646	0.01049	0.01591	0.01008	0.01330	0.01231	0.00823	0.01193	0.00679	0.00797	0.00498	0.00367	0.00354	0.00118	0.00555	0.00277	0.00166	0.00568
42	0.00811	0.00697	0.00821	0.02355	0.00966	0.00530	0.00478	0.00987	0.00812	0.01272	0.00697	0.00818	0.00579	0.00292	0.00292	0.00060	0.00295	0.00235	0.00231	0.86771
43	0.00560	0.00420	0.00630	0.00630	0.00700	0.00490	0.00490	0.00700	0.00630	0.00910	0.01050	0.01540	0.00980	0.02940	0.84669	0.00630	0.01050	0.00420	0.00210	0.00350
44	0.00970	0.00931	0.01591	0.02406	0.83777	0.00931	0.01203	0.01203	0.00893	0.01281	0.00737	0.00970	0.00621	0.00349	0.00388	0.00116	0.00466	0.00349	0.00194	0.00621
45	0.88991	0.00758	0.00576	0.00516	0.00758	0.00879	0.00425	0.01152	0.00667	0.01759	0.00546	0.00637	0.00425	0.00364	0.00243	0.00121	0.00303	0.00212	0.00243	0.00425
46	0.01091	0.00891	0.01487	0.02145	0.71134	0.00877	0.01107	0.01311	0.00928	0.13922	0.00861	0.01026	0.00674	0.00370	0.00389	0.00117	0.00446	0.00356	0.00239	0.00628
47	0.88991	0.00758	0.00576	0.00516	0.00758	0.00879	0.00425	0.01152	0.00667	0.01759	0.00546	0.00637	0.00425	0.00364	0.00243	0.00121	0.00303	0.00212	0.00243	0.00425
48	0.00470	0.00396	0.00407	0.00407	0.00534	0.00333	0.00304	0.00575	0.00906	0.01094	0.09619	0.05468	0.76178	0.00984	0.00464	0.00132	0.00198	0.00825	0.00369	0.00333
49	0.00562	0.00411	0.00582	0.00582	0.00636	0.00464	0.00430	0.00669	0.00616	0.00875	0.01094	0.01782	0.01085	0.22587	0.65166	0.00571	0.00892	0.00455	0.00217	0.00323
50	0.00547	0.00398	0.00495	0.00485	0.00565	0.00370	0.00354	0.00686	0.00967	0.01326	0.51574	0.05535	0.14057	0.15071	0.00724	0.00172	0.00231	0.05718	0.00384	0.00341
51	0.03640	0.34400	0.01460	0.00866	0.01121	0.50427	0.00715	0.01404	0.00978	0.00967	0.00581	0.00675	0.00502	0.00377	0.00311	0.00095	0.00585	0.00235	0.00190	0.00472
52	0.17570	0.53957	0.02747	0.00708	0.01007	0.15563	0.00651	0.02091	0.00837	0.01106	0.00562	0.00650	0.00490	0.00354	0.00270	0.00095	0.00449	0.00220	0.00190	0.00483
53	0.00810	0.01874	0.71509	0.10399	0.01787	0.04456	0.01379	0.01229	0.00835	0.01203	0.00699	0.00847	0.00500	0.00376	0.00374	0.00124	0.00579	0.00295	0.00168	0.00558
54	0.00928	0.00857	0.04506	0.00939	0.09184	0.00905	0.00688	0.03008	0.61209	0.01592	0.10455	0.01540	0.01376	0.00536	0.00404	0.00130	0.00325	0.00455	0.00372	0.00592
55	0.00490	0.00409	0.00447	0.00440	0.00568	0.00361	0.00334	0.00600	0.00858	0.01057	0.05752	0.03330	0.66507	0.01266	0.13320	0.00206	0.00331	0.00746	0.00339	0.02640
56	0.00865	0.00772	0.01244	0.03522	0.51121	0.00780	0.02132	0.01124	0.06344	0.03246	0.09310	0.14190	0.01272	0.00550	0.00428	0.00126	0.01656	0.00511	0.00264	0.00543
57	0.00552	0.00436	0.00624	0.00818	0.13274	0.00413	0.00487	0.00648	0.00784	0.01048	0.02090	0.66332	0.08849	0.01075	0.00480	0.00151	0.00262	0.00974	0.00338	0.00366
58	0.00970	0.00931	0.01591	0.02406	0.83777	0.00931	0.01203	0.01203	0.00893	0.01281	0.00737	0.00970	0.00621	0.00349	0.00388	0.00116	0.00466	0.00349	0.00194	0.00621
59	0.01040	0.29685	0.13861	0.00852	0.01174	0.06865	0.10030	0.02764	0.01992	0.11970	0.14914	0.01213	0.01130	0.00449	0.00360	0.00109	0.00439	0.00368	0.00267	0.00517
60	0.00945	0.00906	0.01546	0.11347	0.75030	0.00925	0.01191	0.01181	0.00881	0.01251	0.00733	0.00978	0.00610	0.00354	0.00389	0.00118	0.00472	0.00349	0.00192	0.00601
61	0.01044	0.00951	0.01517	0.04341	0.69050	0.00973	0.01130	0.13610	0.01035	0.01455	0.00767	0.00968	0.00625	0.00369	0.00389	0.00117	0.00462	0.00350	0.00224	0.00623
62	0.14015	0.00464	0.00461	0.00445	0.00588	0.00438	0.00340	0.00724	0.03042	0.01273	0.17816	0.04239	0.53103	0.00853	0.00428	0.00129	0.00215	0.00706	0.00359	0.00360

[dist]
# distance from previous block
# <min> <max>
0	1

# created by:
# /st0/software/busco_prod/Augustus/scripts/msa2prfl.pl ./align_prep/29021.fa
