[name]
unknown

[dist]
# distance from previous block
# <min> <max>
0	40

[block]
# block no. 0 follows, 70 sequences, length 26
# corresponding to MSA columns:
# 40-65
name=unknown_A
#
# <colnr> <probs for GDERKNQSTAVLIFYWHMCP>
#	G	D	E	R	K	N	Q	S	T	A	V	L	I	F	Y	W	H	M	C	P
0	0.00724	0.01743	0.17488	0.10740	0.04288	0.00718	0.03656	0.04296	0.04613	0.01180	0.04074	0.13191	0.05882	0.00844	0.06305	0.00175	0.06896	0.12477	0.00265	0.00447
1	0.05848	0.33451	0.43774	0.00941	0.03615	0.01130	0.02290	0.01210	0.00807	0.02782	0.00647	0.00752	0.00504	0.00355	0.00319	0.00108	0.00492	0.00259	0.00176	0.00538
2	0.00992	0.23262	0.38508	0.00916	0.01338	0.01009	0.05324	0.03915	0.03813	0.11776	0.03053	0.00968	0.01719	0.00399	0.00349	0.00112	0.00472	0.00314	0.01203	0.00555
3	0.00492	0.00364	0.00463	0.00528	0.00583	0.00335	0.00377	0.00586	0.00811	0.01061	0.08492	0.56034	0.17446	0.01125	0.00490	0.00152	0.00231	0.09741	0.00365	0.00325
4	0.00582	0.00487	0.01832	0.07140	0.09449	0.00463	0.01725	0.02340	0.00846	0.01133	0.12333	0.46513	0.11781	0.00941	0.00462	0.00142	0.00278	0.00846	0.00332	0.00376
5	0.01328	0.00841	0.02521	0.07063	0.11761	0.01873	0.14651	0.11511	0.02256	0.37518	0.02375	0.02707	0.00844	0.00444	0.00402	0.00122	0.00430	0.00402	0.00350	0.00599
6	0.00693	0.00648	0.01042	0.54728	0.05147	0.00739	0.05213	0.02263	0.00832	0.01053	0.01526	0.01718	0.21769	0.00536	0.00409	0.00129	0.00439	0.00471	0.00226	0.00420
7	0.00850	0.00854	0.01222	0.01037	0.01049	0.01181	0.03401	0.00943	0.00604	0.00943	0.00518	0.00854	0.00511	0.00668	0.01247	0.00168	0.83009	0.00343	0.00170	0.00427
8	0.00893	0.00908	0.01427	0.34987	0.22834	0.07956	0.15653	0.02298	0.03910	0.01145	0.00796	0.04002	0.00651	0.00402	0.00400	0.00124	0.00523	0.00387	0.00202	0.00501
9	0.00979	0.00951	0.07655	0.12177	0.55018	0.02115	0.01098	0.01248	0.03655	0.07977	0.02863	0.01047	0.00714	0.00381	0.00385	0.00118	0.00457	0.00355	0.00223	0.00584
10	0.00919	0.01840	0.58989	0.01089	0.01559	0.15986	0.05322	0.01349	0.07089	0.01208	0.00749	0.00856	0.00550	0.00384	0.00371	0.00120	0.00580	0.00300	0.00189	0.00551
11	0.01065	0.01832	0.01349	0.06991	0.29868	0.11336	0.10534	0.16133	0.02439	0.03658	0.03087	0.08158	0.00860	0.00466	0.00400	0.00120	0.00477	0.00422	0.00259	0.00548
12	0.00966	0.07382	0.06146	0.18638	0.46617	0.00931	0.05005	0.01205	0.00869	0.07451	0.00768	0.00972	0.00604	0.00363	0.00378	0.00117	0.00474	0.00340	0.00206	0.00565
13	0.01009	0.53632	0.15011	0.00846	0.01203	0.07276	0.07472	0.01274	0.07058	0.01046	0.00667	0.00756	0.00556	0.00357	0.00303	0.00098	0.00471	0.00261	0.00188	0.00517
14	0.00726	0.00432	0.00620	0.00613	0.00707	0.00395	0.04156	0.00829	0.00843	0.15983	0.08135	0.60721	0.02268	0.01010	0.00471	0.00147	0.00260	0.00914	0.00379	0.00390
15	0.00801	0.01097	0.25482	0.00988	0.01326	0.00757	0.20938	0.04018	0.08061	0.04049	0.11900	0.01756	0.13836	0.00546	0.00424	0.00128	0.00443	0.02670	0.00279	0.00500
16	0.06995	0.01148	0.01080	0.01098	0.15947	0.30501	0.00741	0.04515	0.01062	0.31699	0.00972	0.00978	0.00690	0.00419	0.00365	0.00112	0.00486	0.00319	0.00311	0.00562
17	0.00813	0.00785	0.03918	0.09517	0.09161	0.01604	0.17632	0.01214	0.18703	0.02553	0.01084	0.05202	0.00934	0.07397	0.15703	0.00237	0.02360	0.00450	0.00252	0.00480
18	0.00579	0.00457	0.00489	0.00476	0.00599	0.00439	0.00355	0.00841	0.13700	0.01201	0.11914	0.05742	0.45182	0.07298	0.00551	0.00147	0.00229	0.02400	0.07027	0.00372
19	0.01009	0.07388	0.01182	0.00997	0.07381	0.03966	0.09198	0.04794	0.55436	0.02421	0.01294	0.01259	0.00981	0.00470	0.00387	0.00125	0.00381	0.00405	0.00335	0.00592
20	0.43914	0.00837	0.07036	0.02391	0.03048	0.00836	0.00582	0.15654	0.03618	0.01661	0.00950	0.16085	0.00885	0.00538	0.00334	0.00127	0.00338	0.00414	0.00285	0.00467
21	0.00548	0.00399	0.00532	0.00612	0.00680	0.00383	0.00487	0.00675	0.00834	0.01083	0.02289	0.35617	0.11245	0.01116	0.00511	0.00165	0.00289	0.41836	0.00358	0.00338
22	0.00846	0.00790	0.01325	0.11452	0.59788	0.00806	0.01028	0.01051	0.00845	0.01186	0.00977	0.16253	0.00953	0.00506	0.00404	0.00124	0.00425	0.00481	0.00220	0.00540
23	0.04120	0.00943	0.07615	0.01849	0.56835	0.00864	0.01038	0.01306	0.07108	0.09923	0.00886	0.01070	0.00706	0.03548	0.00438	0.00127	0.00435	0.00356	0.00238	0.00595
24	0.04330	0.01211	0.01871	0.01392	0.01730	0.18998	0.54850	0.08376	0.01024	0.01302	0.00748	0.00946	0.00569	0.00356	0.00420	0.00122	0.00631	0.00394	0.00215	0.00515
25	0.03797	0.00673	0.00876	0.00701	0.00971	0.00621	0.00582	0.09762	0.01146	0.62469	0.04203	0.01638	0.01139	0.00548	0.00403	0.00126	0.00337	0.08947	0.00450	0.00612

[dist]
# distance from previous block
# <min> <max>
3	6

[block]
# block no. 1 follows, 70 sequences, length 31
# corresponding to MSA columns:
# 74-104
name=unknown_B
#
# <colnr> <probs for GDERKNQSTAVLIFYWHMCP>
#	G	D	E	R	K	N	Q	S	T	A	V	L	I	F	Y	W	H	M	C	P
0	0.01018	0.01009	0.01345	0.01437	0.26694	0.10082	0.13805	0.03211	0.34313	0.01395	0.01072	0.01142	0.00829	0.00424	0.00396	0.00123	0.00454	0.00391	0.00279	0.00582
1	0.00808	0.00767	0.01301	0.57558	0.29959	0.00881	0.01115	0.01057	0.00811	0.01083	0.00703	0.01009	0.00549	0.00373	0.00386	0.00124	0.00498	0.00345	0.00179	0.00492
2	0.00952	0.00901	0.01468	0.05095	0.70238	0.00925	0.01110	0.01297	0.11661	0.01303	0.00839	0.01026	0.00685	0.00371	0.00385	0.00118	0.00442	0.00358	0.00218	0.00608
3	0.03383	0.01362	0.29003	0.01374	0.12421	0.05035	0.26316	0.08639	0.02332	0.04268	0.00782	0.00935	0.00579	0.00373	0.00407	0.00123	0.01534	0.00356	0.00217	0.00562
4	0.00683	0.00425	0.00541	0.00502	0.00622	0.00382	0.00380	0.00838	0.01034	0.12244	0.52918	0.09586	0.16716	0.00818	0.00452	0.00126	0.00208	0.00713	0.00417	0.00394
5	0.00999	0.01107	0.01013	0.01066	0.11873	0.35136	0.05454	0.01152	0.02254	0.01070	0.02848	0.17534	0.02365	0.00664	0.00432	0.00129	0.01666	0.12539	0.00262	0.00435
6	0.01255	0.05607	0.01277	0.07190	0.25064	0.04244	0.03905	0.19060	0.02253	0.21921	0.02133	0.02671	0.00777	0.00433	0.00384	0.00117	0.00429	0.00370	0.00312	0.00597
7	0.01075	0.02567	0.03022	0.19532	0.42909	0.02676	0.13549	0.01331	0.06083	0.01367	0.00939	0.01228	0.00773	0.00473	0.00464	0.00151	0.00552	0.00416	0.00257	0.00637
8	0.00704	0.00402	0.00412	0.00403	0.00510	0.00395	0.00308	0.04426	0.00873	0.01406	0.01766	0.01945	0.16223	0.00571	0.00320	0.00102	0.00201	0.03278	0.65388	0.00368
9	0.00977	0.01277	0.23941	0.01330	0.17974	0.10826	0.14685	0.04736	0.02782	0.05795	0.02294	0.05864	0.02317	0.00447	0.00409	0.00122	0.01760	0.00399	0.01526	0.00540
10	0.02438	0.24430	0.37437	0.00981	0.02333	0.04235	0.07589	0.07828	0.02148	0.02373	0.00758	0.03084	0.00614	0.00401	0.00349	0.00113	0.00504	0.01639	0.00204	0.00540
11	0.00506	0.00376	0.00506	0.00614	0.03650	0.00353	0.00414	0.00594	0.00776	0.01024	0.02231	0.66737	0.09522	0.01146	0.00492	0.00156	0.00246	0.09972	0.00353	0.00332
12	0.00891	0.04137	0.35718	0.04255	0.07718	0.06876	0.24031	0.03044	0.03402	0.01225	0.00806	0.04653	0.00645	0.00401	0.00397	0.00123	0.00563	0.00378	0.00198	0.00538
13	0.00909	0.16337	0.13459	0.06940	0.02821	0.02367	0.09704	0.10656	0.03333	0.02591	0.00880	0.03003	0.00790	0.13478	0.03778	0.00177	0.06080	0.01989	0.00229	0.00477
14	0.01050	0.14251	0.27673	0.01198	0.11451	0.13995	0.10310	0.08421	0.03571	0.03449	0.00742	0.00856	0.00568	0.00377	0.00363	0.00113	0.00537	0.00309	0.00212	0.00553
15	0.00481	0.00344	0.00460	0.00550	0.00576	0.00322	0.00375	0.00555	0.00751	0.00999	0.02132	0.81427	0.02545	0.01206	0.00497	0.00159	0.00233	0.05711	0.00360	0.00317
16	0.01039	0.11401	0.09901	0.05754	0.28602	0.10950	0.09631	0.06416	0.00956	0.05550	0.01637	0.04918	0.00709	0.00413	0.00376	0.00115	0.00495	0.00365	0.00224	0.00546
17	0.00937	0.03100	0.15341	0.08238	0.06051	0.00792	0.13835	0.07676	0.06612	0.11182	0.02579	0.06615	0.02857	0.08061	0.04248	0.00169	0.00477	0.00448	0.00272	0.00508
18	0.00859	0.00813	0.01252	0.42331	0.29903	0.04551	0.01033	0.04811	0.00861	0.01141	0.00740	0.01032	0.00595	0.00597	0.07731	0.00166	0.00547	0.00347	0.00193	0.00497
19	0.00868	0.00907	0.01514	0.01201	0.01317	0.01126	0.25088	0.01025	0.00689	0.01025	0.00591	0.00907	0.00532	0.00574	0.01031	0.00158	0.60444	0.00374	0.00177	0.00453
20	0.01009	0.06423	0.24201	0.04219	0.22266	0.08201	0.08509	0.03147	0.03823	0.09023	0.03281	0.02612	0.00738	0.00407	0.00381	0.00118	0.00498	0.00355	0.00232	0.00559
21	0.02121	0.01018	0.07689	0.06341	0.23903	0.04580	0.28125	0.06584	0.01909	0.05457	0.00941	0.06540	0.02101	0.00429	0.00413	0.00125	0.00515	0.00433	0.00234	0.00542
22	0.00784	0.01961	0.80593	0.01129	0.01694	0.00904	0.05162	0.01228	0.00823	0.01228	0.00700	0.00829	0.00496	0.00366	0.00372	0.00123	0.00577	0.00294	0.00165	0.00571
23	0.00470	0.00355	0.00434	0.00495	0.00551	0.00320	0.00341	0.00549	0.00792	0.01019	0.04372	0.59873	0.26756	0.01137	0.00483	0.00149	0.00216	0.01009	0.00361	0.00320
24	0.03401	0.02167	0.05152	0.13153	0.21731	0.08846	0.10858	0.05845	0.01927	0.17862	0.00880	0.01007	0.00648	0.00406	0.00426	0.00121	0.04402	0.00352	0.00260	0.00556
25	0.00904	0.10285	0.38609	0.02744	0.03283	0.01934	0.14228	0.05106	0.03099	0.05316	0.03509	0.01081	0.04318	0.00424	0.00412	0.00121	0.03508	0.00358	0.00220	0.00541
26	0.00630	0.02211	0.02044	0.00554	0.00606	0.00399	0.02715	0.00644	0.00675	0.04203	0.03242	0.34835	0.01633	0.17738	0.01040	0.23939	0.00309	0.00692	0.01600	0.00290
27	0.02709	0.14828	0.10919	0.09969	0.15400	0.23384	0.00958	0.04098	0.03817	0.03021	0.00928	0.04806	0.00804	0.00531	0.00441	0.00142	0.02005	0.00380	0.00268	0.00592
28	0.25356	0.00988	0.05057	0.00870	0.05670	0.11565	0.05954	0.11890	0.08333	0.09696	0.02641	0.02517	0.05951	0.00468	0.00364	0.00120	0.01393	0.00362	0.00294	0.00512
29	0.11162	0.03971	0.18877	0.02639	0.04757	0.03929	0.05439	0.06900	0.04424	0.06088	0.06569	0.12469	0.02822	0.03323	0.00449	0.00132	0.01931	0.00459	0.00273	0.03388
30	0.14475	0.03637	0.06963	0.02089	0.01081	0.17028	0.02255	0.06932	0.04124	0.10304	0.03443	0.01852	0.02126	0.00506	0.00558	0.00128	0.19605	0.01348	0.00260	0.01286

[dist]
# distance from previous block
# <min> <max>
1	25

[block]
# block no. 2 follows, 70 sequences, length 7
# corresponding to MSA columns:
# 130-136
name=unknown_C
#
# <colnr> <probs for GDERKNQSTAVLIFYWHMCP>
#	G	D	E	R	K	N	Q	S	T	A	V	L	I	F	Y	W	H	M	C	P
0	0.06001	0.13431	0.32693	0.00924	0.01278	0.06119	0.03872	0.06009	0.03308	0.06936	0.04190	0.00978	0.02105	0.00444	0.00456	0.00121	0.10058	0.00322	0.00228	0.00527
1	0.04042	0.32286	0.22307	0.00845	0.01205	0.03232	0.03922	0.08589	0.11286	0.04192	0.02526	0.02462	0.00716	0.00411	0.00333	0.00109	0.00443	0.00312	0.00238	0.00542
2	0.00901	0.19677	0.44208	0.00931	0.01370	0.04107	0.03848	0.04293	0.00874	0.03205	0.02716	0.02959	0.00648	0.00391	0.00345	0.00108	0.00492	0.00304	0.00200	0.08421
3	0.00690	0.00576	0.00572	0.00560	0.00662	0.09881	0.00415	0.00829	0.02934	0.04255	0.25235	0.10825	0.18074	0.13713	0.00681	0.00169	0.00303	0.08921	0.00347	0.00359
4	0.01110	0.00903	0.00982	0.05587	0.01162	0.01033	0.00678	0.27078	0.53277	0.01842	0.01327	0.01263	0.00983	0.00499	0.00392	0.00127	0.00356	0.00405	0.00380	0.00618
5	0.00939	0.00769	0.00876	0.00638	0.00976	0.00655	0.00515	0.17458	0.01009	0.01501	0.00738	0.00830	0.00591	0.00323	0.00307	0.00069	0.00315	0.00254	0.00262	0.70972
6	0.00930	0.12606	0.60743	0.01018	0.01506	0.10400	0.01218	0.01286	0.00860	0.05001	0.00704	0.00803	0.00515	0.00372	0.00352	0.00115	0.00556	0.00277	0.00183	0.00554

[dist]
# distance from previous block
# <min> <max>
0	1

[block]
# block no. 3 follows, 70 sequences, length 13
# corresponding to MSA columns:
# 138-150
name=unknown_D
#
# <colnr> <probs for GDERKNQSTAVLIFYWHMCP>
#	G	D	E	R	K	N	Q	S	T	A	V	L	I	F	Y	W	H	M	C	P
0	0.00571	0.00490	0.00515	0.00586	0.00627	0.08866	0.00399	0.00642	0.00778	0.00986	0.01981	0.77478	0.02355	0.01132	0.00480	0.00152	0.00273	0.01016	0.00344	0.00329
1	0.00528	0.00358	0.00465	0.00532	0.00578	0.00328	0.00363	0.00603	0.00773	0.04777	0.02290	0.73932	0.10712	0.01158	0.00486	0.00153	0.00227	0.01041	0.00365	0.00332
2	0.10196	0.01027	0.18877	0.01045	0.13126	0.00782	0.02332	0.04712	0.00970	0.37609	0.01052	0.01049	0.00716	0.00430	0.00410	0.00122	0.04285	0.00340	0.00323	0.00597
3	0.00937	0.01019	0.06996	0.02903	0.01679	0.00966	0.48891	0.04170	0.10710	0.04043	0.00923	0.01195	0.00723	0.00430	0.00526	0.00135	0.09364	0.03625	0.00237	0.00528
4	0.00498	0.00363	0.00475	0.00552	0.00599	0.00339	0.00397	0.00591	0.00793	0.01042	0.04928	0.61462	0.10944	0.01153	0.00497	0.00157	0.00242	0.14282	0.00362	0.00325
5	0.01154	0.02929	0.20979	0.00939	0.02553	0.09764	0.03327	0.30074	0.06715	0.07364	0.01031	0.09559	0.00845	0.00507	0.00390	0.00121	0.00462	0.00409	0.00305	0.00571
6	0.00574	0.03124	0.04454	0.00598	0.02380	0.00446	0.00451	0.04433	0.00883	0.01179	0.16101	0.46391	0.13865	0.00988	0.00463	0.00141	0.00253	0.02554	0.00354	0.00366
7	0.16454	0.16436	0.16422	0.02072	0.06246	0.02979	0.00759	0.10124	0.04996	0.05709	0.06523	0.01147	0.05391	0.00513	0.02569	0.00127	0.00415	0.00343	0.00262	0.00513
8	0.04698	0.07691	0.07138	0.02245	0.13531	0.07756	0.10344	0.17726	0.11599	0.08072	0.03218	0.01037	0.00767	0.00426	0.00393	0.00118	0.02029	0.00356	0.00285	0.00570
9	0.04615	0.13381	0.20103	0.02321	0.11852	0.02619	0.07340	0.04798	0.06073	0.03025	0.01187	0.05898	0.09658	0.00483	0.00370	0.00116	0.00429	0.00407	0.00241	0.05085
10	0.09970	0.05703	0.20522	0.01919	0.01214	0.19064	0.04124	0.05039	0.06957	0.07501	0.04642	0.01063	0.01953	0.00438	0.00375	0.00115	0.02161	0.01764	0.00253	0.05221
11	0.02142	0.09192	0.12002	0.02297	0.08863	0.04985	0.06268	0.10593	0.08292	0.10896	0.01935	0.01147	0.00784	0.09099	0.00524	0.00136	0.00432	0.00354	0.00271	0.09787
12	0.05620	0.03987	0.20277	0.00877	0.03679	0.02116	0.06363	0.07717	0.04600	0.10847	0.08387	0.12220	0.01155	0.00539	0.00405	0.00121	0.02196	0.00455	0.00291	0.08150

[dist]
# distance from previous block
# <min> <max>
2	50

[block]
# block no. 4 follows, 70 sequences, length 35
# corresponding to MSA columns:
# 201-235
name=unknown_E
#
# <colnr> <probs for GDERKNQSTAVLIFYWHMCP>
#	G	D	E	R	K	N	Q	S	T	A	V	L	I	F	Y	W	H	M	C	P
0	0.06408	0.02673	0.16336	0.00923	0.02214	0.06014	0.10565	0.12508	0.06184	0.14657	0.04206	0.01129	0.03347	0.00442	0.00401	0.00116	0.02894	0.00363	0.00293	0.08327
1	0.04989	0.08663	0.03464	0.01008	0.01289	0.11730	0.17708	0.07761	0.11579	0.06725	0.06077	0.07474	0.01111	0.00559	0.00437	0.00138	0.00486	0.00460	0.00326	0.08017
2	0.02988	0.05266	0.14120	0.03085	0.03866	0.06337	0.07954	0.15149	0.08474	0.08577	0.04019	0.04617	0.00850	0.00454	0.00394	0.00114	0.02334	0.00375	0.00284	0.10744
3	0.08821	0.04433	0.07207	0.00959	0.02760	0.05363	0.18681	0.12653	0.08133	0.07180	0.04685	0.02131	0.04077	0.02042	0.00413	0.00122	0.00438	0.01949	0.00285	0.07670
4	0.08108	0.01010	0.12577	0.06164	0.04765	0.01665	0.24970	0.05922	0.07354	0.05320	0.03515	0.02752	0.00766	0.00400	0.00384	0.00117	0.00466	0.00380	0.01295	0.12071
5	0.10293	0.00742	0.00980	0.05888	0.14980	0.00695	0.03052	0.03407	0.02522	0.05706	0.04597	0.02571	0.00774	0.00383	0.00358	0.00094	0.02628	0.00317	0.00251	0.39761
6	0.20326	0.00835	0.01235	0.07912	0.39108	0.00845	0.06364	0.01160	0.02217	0.02517	0.00708	0.00889	0.00571	0.00347	0.00343	0.00110	0.00412	0.00308	0.00214	0.13578
7	0.01922	0.00852	0.01378	0.11242	0.48853	0.00840	0.05525	0.02682	0.02425	0.04303	0.00768	0.00964	0.00617	0.00350	0.00371	0.00108	0.00438	0.00333	0.00215	0.15817
8	0.00894	0.00849	0.01430	0.28677	0.55441	0.00911	0.01141	0.02465	0.00859	0.01193	0.00716	0.00981	0.00582	0.00366	0.00400	0.00121	0.01888	0.00345	0.00189	0.00554
9	0.03266	0.00723	0.01182	0.65700	0.13931	0.00861	0.01047	0.03093	0.00819	0.01094	0.00753	0.01148	0.00603	0.00411	0.00389	0.00129	0.00494	0.03709	0.00190	0.00459
10	0.01448	0.01848	0.01099	0.00999	0.01199	0.84819	0.00749	0.01548	0.01099	0.00949	0.00599	0.00699	0.00499	0.00400	0.00350	0.00100	0.00699	0.00250	0.00200	0.00449
11	0.00732	0.00689	0.01163	0.85444	0.02670	0.00861	0.01077	0.00991	0.00775	0.00991	0.00689	0.01034	0.00517	0.00388	0.00388	0.00129	0.00517	0.00345	0.00172	0.00431
12	0.00972	0.00968	0.02028	0.11154	0.02002	0.00928	0.65485	0.01274	0.00917	0.09030	0.00844	0.01070	0.00615	0.00348	0.00443	0.00130	0.00607	0.00438	0.00220	0.00525
13	0.00935	0.00900	0.01546	0.10915	0.73903	0.00916	0.02854	0.01170	0.00872	0.01238	0.00726	0.00969	0.00604	0.00349	0.00386	0.00117	0.00470	0.00348	0.00190	0.00593
14	0.00824	0.07125	0.73777	0.01089	0.01633	0.00934	0.04736	0.01241	0.00828	0.03320	0.00711	0.00829	0.00507	0.00367	0.00365	0.00121	0.00560	0.00291	0.00173	0.00568
15	0.00786	0.00745	0.01261	0.65582	0.22107	0.00876	0.01104	0.01038	0.00801	0.01057	0.00699	0.01016	0.00540	0.00378	0.00387	0.00126	0.00503	0.00345	0.00177	0.00475
16	0.00544	0.00398	0.00546	0.00677	0.07242	0.00371	0.00426	0.00630	0.00777	0.03245	0.02182	0.69023	0.10268	0.01103	0.00480	0.00150	0.00244	0.00995	0.00350	0.00349
17	0.01549	0.00810	0.04800	0.00765	0.01054	0.06828	0.03403	0.02915	0.01078	0.63550	0.01432	0.03475	0.00997	0.00514	0.00399	0.00123	0.00380	0.04896	0.00424	0.00610
18	0.00894	0.00852	0.02803	0.32206	0.48471	0.00892	0.03732	0.01139	0.00850	0.03398	0.00737	0.00996	0.00585	0.00364	0.00387	0.00121	0.00485	0.00349	0.00192	0.00546
19	0.00802	0.00716	0.01202	0.71832	0.12473	0.00856	0.01069	0.01052	0.00802	0.04484	0.00729	0.01036	0.00547	0.00386	0.00387	0.00127	0.00502	0.00347	0.00187	0.00462
20	0.00993	0.18086	0.21222	0.01341	0.14154	0.06330	0.25291	0.01270	0.00885	0.05772	0.00737	0.00889	0.00567	0.00353	0.00374	0.00115	0.00543	0.00334	0.00198	0.00547
21	0.01560	0.00683	0.02685	0.04242	0.01082	0.00587	0.03594	0.01724	0.01066	0.70231	0.02841	0.03815	0.03029	0.00506	0.00398	0.00122	0.00346	0.00424	0.00443	0.00621
22	0.00957	0.06309	0.51556	0.03586	0.07167	0.00902	0.08766	0.02469	0.00883	0.12588	0.00815	0.00915	0.00576	0.00378	0.00375	0.00120	0.00527	0.00319	0.00215	0.00576
23	0.00603	0.00518	0.01897	0.00546	0.00688	0.02694	0.03805	0.00753	0.03265	0.04559	0.08550	0.09820	0.51729	0.02006	0.00495	0.00138	0.02341	0.04871	0.00350	0.00369
24	0.01074	0.22038	0.31482	0.02395	0.09778	0.00981	0.04799	0.01345	0.00889	0.19443	0.01758	0.00932	0.00648	0.00385	0.00351	0.00112	0.00468	0.00310	0.00241	0.00571
25	0.00902	0.01010	0.15753	0.34500	0.19713	0.00871	0.11801	0.01187	0.00854	0.08538	0.00786	0.01008	0.00582	0.00375	0.00393	0.00124	0.00516	0.00354	0.00206	0.00527
26	0.00562	0.00489	0.02168	0.00641	0.02038	0.00431	0.05993	0.00711	0.00883	0.01115	0.05196	0.09637	0.39934	0.00958	0.00484	0.00148	0.00293	0.27617	0.00344	0.00360
27	0.00878	0.00852	0.01488	0.29265	0.37379	0.00903	0.14008	0.03332	0.03242	0.01208	0.00847	0.01090	0.02993	0.00383	0.00399	0.00123	0.00497	0.00379	0.00202	0.00533
28	0.01065	0.09491	0.28993	0.05765	0.09357	0.03110	0.11691	0.01399	0.05407	0.18620	0.00916	0.00991	0.00654	0.00391	0.00376	0.00119	0.00492	0.00339	0.00251	0.00572
29	0.00923	0.03725	0.53630	0.01197	0.04326	0.00906	0.17536	0.02790	0.00886	0.09263	0.00796	0.00914	0.00563	0.00371	0.00386	0.00123	0.00555	0.00332	0.00206	0.00572
30	0.01739	0.00660	0.00900	0.00690	0.00990	0.00570	0.00570	0.01889	0.01110	0.84226	0.01529	0.01320	0.00960	0.00480	0.00390	0.00120	0.00330	0.00390	0.00480	0.00660
31	0.01054	0.00878	0.13414	0.19185	0.05174	0.00721	0.07535	0.04227	0.02050	0.25890	0.01249	0.11059	0.03084	0.00535	0.00408	0.00129	0.00427	0.02146	0.00306	0.00529
32	0.00933	0.03372	0.22097	0.02186	0.15458	0.05796	0.07825	0.01165	0.00879	0.13130	0.02190	0.18312	0.02143	0.02217	0.00436	0.00131	0.00444	0.00505	0.00266	0.00513
33	0.00778	0.02005	0.84367	0.01105	0.01678	0.00900	0.01432	0.01228	0.00818	0.01228	0.00696	0.00818	0.00491	0.00368	0.00368	0.00123	0.00573	0.00286	0.00164	0.00573
34	0.01645	0.00708	0.00962	0.00740	0.01037	0.00643	0.03451	0.08753	0.03191	0.70746	0.01465	0.02845	0.00956	0.00488	0.00394	0.00121	0.00347	0.00403	0.00458	0.00647

[dist]
# distance from previous block
# <min> <max>
0	2

[block]
# block no. 5 follows, 70 sequences, length 48
# corresponding to MSA columns:
# 238-285
name=unknown_F
#
# <colnr> <probs for GDERKNQSTAVLIFYWHMCP>
#	G	D	E	R	K	N	Q	S	T	A	V	L	I	F	Y	W	H	M	C	P
0	0.02780	0.04738	0.09233	0.00809	0.01119	0.04503	0.04346	0.16643	0.01170	0.42063	0.04367	0.03475	0.00954	0.00486	0.00387	0.00119	0.00398	0.01425	0.00382	0.00600
1	0.04694	0.03620	0.16785	0.01056	0.08613	0.17076	0.10202	0.01153	0.00898	0.05398	0.07378	0.14146	0.01127	0.00559	0.00438	0.00125	0.04284	0.01722	0.00250	0.00477
2	0.02177	0.03428	0.07383	0.01230	0.02813	0.00900	0.42591	0.11000	0.05606	0.01389	0.04230	0.08246	0.02684	0.00494	0.00436	0.00131	0.00511	0.03978	0.00260	0.00513
3	0.00769	0.00652	0.00748	0.00580	0.00861	0.00547	0.00457	0.01066	0.12383	0.01329	0.10494	0.01369	0.07779	0.00434	0.00335	0.00081	0.00271	0.00360	0.00286	0.59198
4	0.01134	0.66600	0.01811	0.00743	0.01043	0.21194	0.00684	0.01252	0.00861	0.00921	0.00553	0.00640	0.00498	0.00348	0.00273	0.00087	0.00482	0.00217	0.00174	0.00486
5	0.00517	0.00372	0.00506	0.00548	0.00584	0.00384	0.00382	0.00600	0.00678	0.00929	0.02998	0.41755	0.01843	0.15886	0.29765	0.00353	0.00529	0.00770	0.00288	0.00313
6	0.00875	0.00826	0.01431	0.39712	0.37543	0.00899	0.08067	0.02561	0.00857	0.02465	0.00732	0.01005	0.00574	0.00367	0.00392	0.00123	0.00500	0.00355	0.00191	0.00525
7	0.03783	0.02213	0.10405	0.02528	0.37841	0.00903	0.14381	0.04202	0.00927	0.13936	0.00845	0.00993	0.00638	0.00385	0.00429	0.00122	0.04286	0.00358	0.00240	0.00585
8	0.03549	0.00443	0.00541	0.00533	0.00663	0.00400	0.03520	0.00702	0.00870	0.04807	0.03021	0.14671	0.49092	0.00960	0.00466	0.00142	0.00255	0.14654	0.00355	0.00356
9	0.00778	0.02005	0.84367	0.01105	0.01678	0.00900	0.01432	0.01228	0.00818	0.01228	0.00696	0.00818	0.00491	0.00368	0.00368	0.00123	0.00573	0.00286	0.00164	0.00573
10	0.00900	0.01925	0.08571	0.04243	0.04640	0.00819	0.32619	0.01100	0.00931	0.03987	0.03021	0.16838	0.07086	0.00699	0.00544	0.00159	0.05019	0.06083	0.00296	0.00520
11	0.00962	0.24769	0.38557	0.05520	0.04354	0.05670	0.03780	0.02440	0.03876	0.05591	0.00732	0.00834	0.00555	0.00372	0.00342	0.00111	0.00508	0.00286	0.00197	0.00545
12	0.01406	0.02270	0.01100	0.00993	0.06569	0.21723	0.00726	0.22603	0.06123	0.16674	0.07074	0.07374	0.01157	0.00601	0.00451	0.00139	0.01581	0.00452	0.00377	0.00608
13	0.00514	0.00385	0.00482	0.00544	0.00616	0.00358	0.00413	0.00620	0.00821	0.01049	0.02604	0.36874	0.25837	0.03376	0.00535	0.00162	0.00258	0.23867	0.00356	0.00328
14	0.02757	0.28208	0.08321	0.00999	0.07348	0.17754	0.08297	0.05027	0.07396	0.06947	0.00795	0.02193	0.00640	0.00405	0.00352	0.01004	0.00490	0.00308	0.00231	0.00525
15	0.04345	0.08028	0.14295	0.04955	0.13389	0.02120	0.19722	0.05219	0.01963	0.09070	0.00894	0.05455	0.00741	0.04270	0.00493	0.00135	0.03744	0.00399	0.00237	0.00526
16	0.00539	0.00421	0.00584	0.02659	0.09232	0.00402	0.00452	0.00640	0.00795	0.01061	0.08833	0.52689	0.12819	0.04335	0.02513	0.00165	0.00274	0.00900	0.00335	0.00352
17	0.00639	0.00377	0.00419	0.00443	0.00515	0.00376	0.00316	0.00813	0.04377	0.01260	0.01612	0.27204	0.03870	0.04940	0.02006	0.00137	0.00226	0.00613	0.49508	0.00351
18	0.01066	0.13448	0.14143	0.07099	0.10961	0.01874	0.12352	0.16633	0.04259	0.08571	0.02056	0.04204	0.00744	0.00428	0.00379	0.00118	0.00468	0.00373	0.00262	0.00561
19	0.00892	0.00745	0.06282	0.03288	0.04913	0.02542	0.07409	0.02150	0.02451	0.10784	0.12940	0.21180	0.13728	0.01982	0.00517	0.00160	0.00374	0.06794	0.00376	0.00492
20	0.05290	0.01120	0.01081	0.07228	0.06341	0.32042	0.07612	0.02678	0.00964	0.11967	0.01015	0.12405	0.00921	0.00546	0.00427	0.00123	0.03756	0.03747	0.00265	0.00471
21	0.25547	0.04064	0.03009	0.03557	0.18053	0.27741	0.00780	0.02508	0.00868	0.01261	0.00608	0.00761	0.00504	0.00402	0.00415	0.00116	0.08848	0.00271	0.00206	0.00480
22	0.00518	0.00366	0.00477	0.00534	0.00574	0.00348	0.00364	0.00625	0.02689	0.02113	0.14609	0.63587	0.02580	0.06413	0.02122	0.00173	0.00246	0.00970	0.00362	0.00330
23	0.00892	0.00891	0.06865	0.07711	0.24406	0.02812	0.06918	0.10296	0.09105	0.01431	0.16096	0.01498	0.04428	0.00530	0.01303	0.00128	0.02603	0.01280	0.00281	0.00525
24	0.00821	0.00921	0.10985	0.01102	0.01414	0.00740	0.36939	0.03379	0.00928	0.04078	0.11831	0.11036	0.02602	0.00523	0.00431	0.00124	0.00467	0.02014	0.00265	0.09399
25	0.00717	0.00745	0.08947	0.00746	0.02344	0.04431	0.00611	0.03941	0.00740	0.01030	0.07875	0.03570	0.02239	0.21621	0.21185	0.00312	0.17879	0.00456	0.00232	0.00380
26	0.00930	0.47634	0.38327	0.00865	0.01300	0.02886	0.01004	0.01198	0.00807	0.01052	0.00609	0.00710	0.00495	0.00349	0.00303	0.00101	0.00490	0.00243	0.00166	0.00530
27	0.00469	0.00393	0.00408	0.00405	0.00531	0.00332	0.00303	0.00578	0.00910	0.01110	0.13845	0.03627	0.73842	0.00958	0.00458	0.00130	0.00195	0.00804	0.00368	0.00332
28	0.00880	0.00852	0.01519	0.05786	0.38067	0.00837	0.22779	0.01163	0.05185	0.02446	0.04589	0.06660	0.02923	0.00443	0.00413	0.00122	0.00464	0.00452	0.00234	0.04188
29	0.00936	0.00685	0.00817	0.00591	0.00929	0.00524	0.00475	0.01105	0.00847	0.12997	0.00808	0.00877	0.00629	0.00314	0.00302	0.00066	0.00293	0.00252	0.00265	0.76287
30	0.01046	0.84667	0.02010	0.00671	0.01000	0.03441	0.00665	0.01170	0.00795	0.00913	0.00540	0.00624	0.00498	0.00333	0.00251	0.00083	0.00421	0.00208	0.00167	0.00496
31	0.89114	0.00750	0.00570	0.00510	0.00750	0.00870	0.00420	0.01140	0.00660	0.01739	0.00540	0.00630	0.00420	0.00360	0.00240	0.00120	0.00300	0.00210	0.00240	0.00420
32	0.00964	0.01041	0.01170	0.01014	0.01053	0.17312	0.00829	0.01052	0.00691	0.00936	0.00526	0.00819	0.00507	0.00625	0.01094	0.00156	0.69284	0.00322	0.00175	0.00429
33	0.00723	0.00361	0.00361	0.00361	0.00452	0.00361	0.00271	0.00903	0.00813	0.01445	0.01265	0.01445	0.00994	0.00452	0.00271	0.00090	0.00181	0.00361	0.88528	0.00361
34	0.00472	0.00337	0.00450	0.00540	0.00562	0.00315	0.00360	0.00540	0.00742	0.00990	0.02137	0.86122	0.02564	0.01215	0.00495	0.00157	0.00225	0.01102	0.00360	0.00315
35	0.00563	0.00378	0.00432	0.00432	0.00435	0.00381	0.00246	0.00570	0.00567	0.00759	0.01213	0.02490	0.01389	0.82532	0.05789	0.00387	0.00406	0.00557	0.00234	0.00240
36	0.01538	0.00701	0.00920	0.07389	0.01117	0.02908	0.00618	0.06785	0.01088	0.63453	0.01360	0.01272	0.00894	0.00668	0.07295	0.00161	0.00419	0.00382	0.00420	0.00610
37	0.01487	0.01064	0.01150	0.00882	0.01191	0.01170	0.00728	0.78566	0.01787	0.06593	0.00961	0.00951	0.00675	0.00466	0.00388	0.00117	0.00422	0.00351	0.00392	0.00659
38	0.00473	0.00391	0.00415	0.00414	0.00534	0.00333	0.00308	0.00584	0.00913	0.01127	0.16800	0.06607	0.67841	0.00960	0.00459	0.00130	0.00195	0.00810	0.00371	0.00333
39	0.00865	0.00644	0.01098	0.00941	0.04246	0.00608	0.22434	0.05478	0.00937	0.13966	0.07853	0.36001	0.01695	0.00757	0.00456	0.00138	0.00373	0.00719	0.00335	0.00458
40	0.01052	0.77795	0.01939	0.00699	0.01008	0.06412	0.00677	0.01173	0.00797	0.00915	0.00541	0.00637	0.00498	0.00351	0.00300	0.00088	0.04241	0.00216	0.00168	0.00491
41	0.00915	0.01046	0.02288	0.01634	0.02026	0.00980	0.82549	0.01242	0.00915	0.01242	0.00784	0.01046	0.00588	0.00327	0.00458	0.00131	0.00654	0.00458	0.00196	0.00523
42	0.00482	0.00347	0.00458	0.00539	0.00572	0.00323	0.00369	0.00560	0.00770	0.01024	0.05793	0.75695	0.05882	0.01181	0.00493	0.00156	0.00227	0.04448	0.00363	0.00319
43	0.00911	0.00927	0.05543	0.16062	0.31599	0.02108	0.15340	0.02387	0.09212	0.03141	0.00865	0.03099	0.00700	0.00456	0.01679	0.01065	0.03755	0.00390	0.00221	0.00541
44	0.00778	0.00681	0.05393	0.01998	0.00990	0.00615	0.12864	0.02946	0.12373	0.08058	0.19116	0.14720	0.13455	0.00707	0.00454	0.00131	0.01901	0.00632	0.01733	0.00454
45	0.00741	0.00673	0.01100	0.75234	0.02433	0.00831	0.01002	0.02889	0.00798	0.01044	0.00773	0.04299	0.00620	0.00428	0.00399	0.00129	0.01672	0.00374	0.04133	0.00428
46	0.02263	0.04089	0.01213	0.02140	0.01059	0.01100	0.06004	0.00933	0.00639	0.00970	0.00698	0.04748	0.02575	0.00724	0.03325	0.00173	0.66349	0.00387	0.00186	0.00424
47	0.15446	0.08234	0.05477	0.00959	0.06692	0.17350	0.07607	0.10647	0.00966	0.03761	0.01818	0.04864	0.00678	0.00438	0.00404	0.00113	0.05961	0.00331	0.00242	0.08010

[dist]
# distance from previous block
# <min> <max>
2	28

[block]
# block no. 6 follows, 70 sequences, length 29
# corresponding to MSA columns:
# 319-347
name=unknown_G
#
# <colnr> <probs for GDERKNQSTAVLIFYWHMCP>
#	G	D	E	R	K	N	Q	S	T	A	V	L	I	F	Y	W	H	M	C	P
0	0.00676	0.00518	0.00661	0.00721	0.06992	0.02000	0.00494	0.02772	0.05468	0.03825	0.17045	0.28025	0.08415	0.03955	0.01390	0.02285	0.02756	0.08454	0.00343	0.03204
1	0.04609	0.24472	0.04122	0.00821	0.01116	0.12032	0.00712	0.32537	0.13076	0.01647	0.00851	0.00876	0.00655	0.00422	0.00340	0.00108	0.00441	0.00303	0.00291	0.00569
2	0.00546	0.00455	0.00630	0.00554	0.00688	0.00408	0.08002	0.00704	0.00981	0.01299	0.41432	0.03057	0.36129	0.02796	0.00493	0.00132	0.00237	0.00723	0.00373	0.00362
3	0.04181	0.05821	0.06976	0.04837	0.08708	0.00905	0.25881	0.10812	0.02558	0.03163	0.00840	0.01092	0.00678	0.00804	0.13612	0.02373	0.02772	0.01375	0.00229	0.02385
4	0.02265	0.09560	0.22461	0.01124	0.11208	0.00897	0.12100	0.05140	0.09944	0.09954	0.02786	0.08974	0.00912	0.00478	0.00388	0.00123	0.00449	0.00423	0.00266	0.00550
5	0.00472	0.00339	0.00448	0.00535	0.00561	0.00315	0.00358	0.00540	0.00747	0.00992	0.02196	0.83400	0.05248	0.01207	0.00494	0.00157	0.00224	0.01093	0.00360	0.00315
6	0.00732	0.00689	0.01163	0.85444	0.02670	0.00861	0.01077	0.00991	0.00775	0.00991	0.00689	0.01034	0.00517	0.00388	0.00388	0.00129	0.00517	0.00345	0.00172	0.00431
7	0.01074	0.06358	0.11540	0.08942	0.13363	0.02638	0.08993	0.26059	0.08717	0.02672	0.00905	0.03139	0.00704	0.00441	0.00398	0.01214	0.00463	0.00368	0.01441	0.00571
8	0.00656	0.02764	0.05428	0.05488	0.10101	0.00543	0.03232	0.02660	0.02913	0.02770	0.05965	0.47645	0.04412	0.00889	0.00462	0.01210	0.00312	0.00792	0.01355	0.00404
9	0.01528	0.00758	0.00908	0.00713	0.00985	0.03847	0.00582	0.18385	0.01245	0.53681	0.09034	0.01367	0.01133	0.00502	0.00390	0.00118	0.00345	0.00404	0.03463	0.00614
10	0.10458	0.00612	0.00712	0.00588	0.00802	0.00601	0.00473	0.10906	0.02064	0.33344	0.12856	0.01455	0.01258	0.00503	0.00355	0.00113	0.00281	0.00404	0.21693	0.00521
11	0.02314	0.21344	0.08960	0.03538	0.04548	0.14768	0.03692	0.11580	0.01938	0.04901	0.00846	0.01959	0.00672	0.00408	0.00327	0.00103	0.00439	0.00309	0.16854	0.00500
12	0.00634	0.00562	0.02747	0.00734	0.00805	0.00656	0.02475	0.00767	0.00637	0.00932	0.02877	0.01420	0.00929	0.05796	0.56685	0.00476	0.19887	0.00409	0.00204	0.00369
13	0.00485	0.00390	0.00434	0.00449	0.00557	0.00340	0.00337	0.00596	0.00895	0.01117	0.14397	0.14455	0.56223	0.00993	0.00469	0.00137	0.00210	0.06814	0.00369	0.00333
14	0.00813	0.02347	0.04519	0.48445	0.11443	0.02043	0.11816	0.02377	0.00836	0.03062	0.00871	0.07087	0.01778	0.00443	0.00401	0.00128	0.00501	0.00415	0.00204	0.00470
15	0.05047	0.05596	0.32454	0.03039	0.07413	0.05030	0.05128	0.10888	0.02089	0.14023	0.00919	0.03462	0.00699	0.00434	0.00375	0.00121	0.00481	0.01979	0.00260	0.00565
16	0.01083	0.16106	0.01290	0.00940	0.01069	0.30405	0.00773	0.01181	0.00804	0.00934	0.00558	0.00773	0.00515	0.00575	0.02798	0.00141	0.39143	0.00287	0.00180	0.00444
17	0.00884	0.00813	0.02884	0.22700	0.20832	0.00780	0.06074	0.05044	0.00877	0.03262	0.00734	0.00934	0.00581	0.00349	0.00368	0.00101	0.01564	0.00313	0.00216	0.30690
18	0.02772	0.60339	0.14149	0.00759	0.01103	0.10669	0.00774	0.01201	0.00833	0.00998	0.02979	0.00726	0.00587	0.00359	0.00284	0.00093	0.00461	0.00238	0.00178	0.00498
19	0.01100	0.46653	0.03852	0.00878	0.07245	0.07068	0.00731	0.12489	0.14172	0.01273	0.00782	0.00832	0.00638	0.00388	0.00311	0.00100	0.00426	0.00279	0.00237	0.00546
20	0.00562	0.00382	0.00456	0.00456	0.00468	0.00394	0.00277	0.00585	0.00574	0.00776	0.01191	0.02367	0.01336	0.72420	0.15828	0.00417	0.00487	0.00539	0.00230	0.00254
21	0.00752	0.00680	0.08429	0.00671	0.00886	0.00543	0.08155	0.03778	0.06043	0.10202	0.18582	0.05350	0.32895	0.00735	0.00437	0.00128	0.00301	0.00637	0.00356	0.00440
22	0.00772	0.00648	0.00754	0.00554	0.00854	0.00498	0.00430	0.00922	0.00772	0.01196	0.00759	0.01031	0.00684	0.11561	0.00508	0.00099	0.00299	0.00273	0.00230	0.77154
23	0.00547	0.00390	0.00511	0.00520	0.00557	0.00416	0.00358	0.00617	0.00618	0.00850	0.01329	0.09939	0.04428	0.38848	0.37882	0.00454	0.00644	0.00559	0.00239	0.00294
24	0.00482	0.00345	0.00461	0.00551	0.00578	0.00323	0.00377	0.00557	0.00752	0.01001	0.02131	0.80774	0.02542	0.01205	0.00497	0.00159	0.00234	0.06352	0.00360	0.00318
25	0.00558	0.00377	0.00421	0.00421	0.00428	0.00373	0.00238	0.00563	0.00580	0.00767	0.01360	0.02598	0.05631	0.82000	0.01896	0.00363	0.00367	0.00577	0.00241	0.00240
26	0.01080	0.73966	0.04135	0.00716	0.01038	0.11700	0.00695	0.01210	0.00827	0.00925	0.00551	0.00637	0.00498	0.00341	0.00264	0.00086	0.00454	0.00215	0.00170	0.00494
27	0.04056	0.04142	0.71829	0.01112	0.04001	0.00910	0.04023	0.01216	0.00816	0.01241	0.00689	0.00817	0.00498	0.00363	0.00362	0.00120	0.00551	0.00287	0.00170	0.02798
28	0.01132	0.09161	0.28439	0.02575	0.04247	0.13736	0.06420	0.05179	0.05749	0.16533	0.00955	0.00999	0.02323	0.00413	0.00370	0.00116	0.00504	0.00330	0.00259	0.00560

[dist]
# distance from previous block
# <min> <max>
0	2

[block]
# block no. 7 follows, 70 sequences, length 49
# corresponding to MSA columns:
# 350-388,396-405
name=unknown_H
#
# <colnr> <probs for GDERKNQSTAVLIFYWHMCP>
#	G	D	E	R	K	N	Q	S	T	A	V	L	I	F	Y	W	H	M	C	P
0	0.02677	0.09603	0.24337	0.01105	0.07119	0.01045	0.12408	0.18947	0.15154	0.01544	0.00900	0.00976	0.00673	0.00406	0.00375	0.00119	0.00475	0.00346	0.01209	0.00582
1	0.00512	0.00395	0.00516	0.00546	0.00623	0.00364	0.02523	0.00635	0.02199	0.01106	0.12580	0.44572	0.22439	0.01058	0.00482	0.00147	0.00238	0.08360	0.00364	0.00338
2	0.00846	0.00819	0.01361	0.23619	0.35110	0.03173	0.09957	0.01088	0.02190	0.01138	0.00843	0.02521	0.00730	0.00646	0.08013	0.00171	0.02773	0.04296	0.00202	0.00505
3	0.02473	0.70173	0.04873	0.00728	0.01054	0.09280	0.01641	0.04149	0.00855	0.00999	0.00567	0.00652	0.00503	0.00345	0.00270	0.00088	0.00448	0.00222	0.00178	0.00501
4	0.00493	0.00381	0.00435	0.00445	0.00531	0.00339	0.00315	0.00592	0.00862	0.01108	0.20389	0.19419	0.40571	0.11584	0.00653	0.00165	0.00221	0.00817	0.00359	0.00322
5	0.02620	0.46749	0.09293	0.00823	0.03452	0.14579	0.00753	0.06073	0.05952	0.04125	0.01938	0.00790	0.00615	0.00379	0.00305	0.00098	0.00461	0.00262	0.00215	0.00519
6	0.02229	0.21075	0.46542	0.00972	0.04202	0.02257	0.01081	0.05346	0.03159	0.02804	0.03181	0.00868	0.00630	0.00380	0.00341	0.00110	0.00489	0.00288	0.00201	0.03844
7	0.00554	0.00415	0.00623	0.00623	0.00692	0.00485	0.00485	0.00692	0.00623	0.00900	0.01038	0.01523	0.00969	0.02908	0.84839	0.00623	0.01038	0.00415	0.00208	0.00346
8	0.00818	0.00603	0.00643	0.00595	0.00755	0.00655	0.00457	0.01432	0.40889	0.03454	0.08951	0.03995	0.08946	0.00587	0.00373	0.00119	0.00248	0.00491	0.25500	0.00487
9	0.01006	0.08517	0.19370	0.06595	0.25418	0.08297	0.04359	0.04376	0.09076	0.05104	0.00815	0.00946	0.00631	0.00396	0.00402	0.00118	0.03461	0.00328	0.00223	0.00563
10	0.00860	0.01473	0.47378	0.01227	0.13427	0.00871	0.05000	0.03116	0.10204	0.03595	0.00955	0.01256	0.00765	0.00449	0.00394	0.00128	0.00501	0.07608	0.00227	0.00566
11	0.00529	0.00393	0.00506	0.00575	0.00648	0.00369	0.00449	0.00647	0.00833	0.01070	0.02505	0.35564	0.20632	0.01106	0.00503	0.00160	0.00270	0.32548	0.00359	0.00334
12	0.00847	0.01562	0.52166	0.02260	0.13627	0.00904	0.04029	0.03997	0.11207	0.01332	0.03801	0.01007	0.00719	0.00402	0.00381	0.00123	0.00506	0.00338	0.00215	0.00576
13	0.01107	0.05798	0.15217	0.01003	0.06887	0.21150	0.00837	0.12837	0.23568	0.01401	0.00955	0.01036	0.00746	0.03368	0.00443	0.00126	0.02361	0.00338	0.00271	0.00550
14	0.03994	0.00842	0.00880	0.00784	0.01009	0.00972	0.00613	0.05873	0.76556	0.01665	0.01512	0.01394	0.01132	0.00517	0.00389	0.00130	0.00312	0.00426	0.00389	0.00609
15	0.01633	0.00749	0.00924	0.00720	0.01012	0.03522	0.00590	0.09898	0.05444	0.66654	0.01458	0.01289	0.01955	0.00481	0.00388	0.00119	0.00349	0.00386	0.00451	0.01978
16	0.00880	0.00694	0.04498	0.01096	0.16204	0.00627	0.09478	0.01102	0.03055	0.13921	0.02481	0.07100	0.06909	0.00786	0.03333	0.00159	0.00415	0.26465	0.00317	0.00479
17	0.00673	0.00337	0.00505	0.00505	0.00505	0.00337	0.00337	0.00505	0.00505	0.00673	0.00673	0.01178	0.00673	0.01347	0.01515	0.88721	0.00337	0.00337	0.00168	0.00168
18	0.89114	0.00750	0.00570	0.00510	0.00750	0.00870	0.00420	0.01140	0.00660	0.01739	0.00540	0.00630	0.00420	0.00360	0.00240	0.00120	0.00300	0.00210	0.00240	0.00420
19	0.60040	0.00861	0.00767	0.00637	0.00900	0.00980	0.00525	0.28185	0.01046	0.01973	0.00670	0.00730	0.00499	0.00395	0.00289	0.00119	0.00342	0.00256	0.00289	0.00499
20	0.00915	0.47040	0.40540	0.00870	0.01314	0.01238	0.01023	0.01192	0.00802	0.01060	0.00612	0.00714	0.00495	0.00349	0.00305	0.00102	0.00489	0.00244	0.00165	0.00533
21	0.00529	0.00395	0.00500	0.00540	0.00623	0.00366	0.00418	0.00661	0.00901	0.01182	0.21443	0.24076	0.22646	0.01020	0.00488	0.00149	0.00245	0.23103	0.00375	0.00341
22	0.00778	0.02005	0.84367	0.01105	0.01678	0.00900	0.01432	0.01228	0.00818	0.01228	0.00696	0.00818	0.00491	0.00368	0.00368	0.00123	0.00573	0.00286	0.00164	0.00573
23	0.00462	0.00376	0.00410	0.00436	0.00535	0.00324	0.00314	0.00552	0.00842	0.01030	0.03401	0.27967	0.59904	0.01050	0.00469	0.00139	0.00205	0.00902	0.00360	0.00324
24	0.00660	0.00477	0.00605	0.00658	0.02869	0.00477	0.00467	0.10840	0.03007	0.02636	0.01944	0.59250	0.03434	0.01049	0.00478	0.00152	0.00274	0.09977	0.00362	0.00384
25	0.01572	0.00641	0.00845	0.00660	0.00939	0.00561	0.00541	0.04393	0.01105	0.71201	0.01807	0.01606	0.11230	0.00542	0.00398	0.00121	0.00317	0.00442	0.00462	0.00618
26	0.00482	0.00350	0.00439	0.00506	0.00540	0.00324	0.00336	0.00545	0.00740	0.00968	0.02268	0.64736	0.13456	0.11572	0.00670	0.00180	0.00239	0.00998	0.00345	0.00307
27	0.02834	0.00948	0.01072	0.00823	0.01129	0.00999	0.00680	0.56182	0.01583	0.28042	0.01113	0.01048	0.00750	0.00468	0.00386	0.00118	0.00394	0.00360	0.00414	0.00656
28	0.00958	0.01099	0.11965	0.03755	0.53442	0.05954	0.06475	0.01204	0.00876	0.02635	0.01975	0.00962	0.00633	0.00382	0.00443	0.00120	0.06007	0.00345	0.00196	0.00574
29	0.00848	0.00883	0.15444	0.02439	0.01015	0.00656	0.01896	0.05954	0.03627	0.03150	0.32478	0.04912	0.19296	0.03737	0.00565	0.00165	0.01371	0.00654	0.00396	0.00513
30	0.00549	0.00387	0.00492	0.00506	0.00528	0.00407	0.00333	0.00598	0.00614	0.00838	0.01341	0.18548	0.01509	0.47619	0.22001	0.00390	0.02180	0.00628	0.00251	0.00281
31	0.04833	0.33941	0.08063	0.12287	0.08116	0.22153	0.01630	0.01235	0.00872	0.01029	0.00635	0.00818	0.00542	0.00376	0.00320	0.00103	0.00512	0.01864	0.00184	0.00486
32	0.00749	0.00413	0.00428	0.00408	0.00514	0.00416	0.00310	0.06274	0.00905	0.01506	0.07979	0.01606	0.04010	0.00498	0.00300	0.00096	0.00198	0.00403	0.72607	0.00380
33	0.00857	0.00682	0.00835	0.00795	0.11156	0.00608	0.00542	0.02162	0.11871	0.02984	0.00937	0.01037	0.00745	0.00362	0.00314	0.00082	0.00295	0.00300	0.16250	0.47185
34	0.00465	0.00391	0.00403	0.00404	0.00529	0.00329	0.00302	0.00567	0.00892	0.01078	0.09070	0.06760	0.75529	0.00978	0.00459	0.00131	0.00197	0.00821	0.00364	0.00329
35	0.01201	0.00981	0.04078	0.02640	0.10131	0.03318	0.00733	0.45321	0.10233	0.03589	0.01045	0.01227	0.01929	0.11121	0.00584	0.00150	0.00421	0.00387	0.00332	0.00579
36	0.00524	0.00395	0.00484	0.00462	0.00564	0.00355	0.00346	0.00683	0.01039	0.01415	0.61789	0.03126	0.25709	0.00845	0.00458	0.00124	0.00187	0.00733	0.00408	0.00355
37	0.00540	0.00397	0.00521	0.00570	0.00621	0.00396	0.00424	0.00640	0.00780	0.01036	0.07513	0.36405	0.09436	0.11785	0.05329	0.00211	0.03127	0.19612	0.00334	0.00325
38	0.00642	0.00517	0.00788	0.00747	0.00881	0.00498	0.10700	0.02426	0.00926	0.01214	0.12456	0.03544	0.13526	0.04249	0.00558	0.00165	0.00351	0.45096	0.00342	0.00376
39	0.01486	0.00973	0.04011	0.00893	0.01211	0.03067	0.08049	0.39582	0.03022	0.31940	0.01131	0.01083	0.00762	0.00454	0.00393	0.00119	0.00421	0.00371	0.00392	0.00638
40	0.67590	0.12984	0.03843	0.00586	0.00848	0.06613	0.00513	0.01173	0.00713	0.01551	0.00549	0.00640	0.00439	0.00359	0.00253	0.00113	0.00353	0.00215	0.00224	0.00438
41	0.10404	0.00766	0.01042	0.38147	0.01751	0.01930	0.03625	0.13431	0.06286	0.12116	0.00966	0.06204	0.00755	0.00465	0.00381	0.00127	0.00432	0.00391	0.00279	0.00502
42	0.01477	0.04019	0.01107	0.00814	0.01124	0.03687	0.03454	0.38719	0.01392	0.31295	0.01094	0.01044	0.00746	0.00444	0.00376	0.00111	0.00397	0.00349	0.00387	0.07965
43	0.00919	0.00812	0.01983	0.02328	0.02213	0.06562	0.01494	0.04972	0.33953	0.03465	0.04675	0.01418	0.02963	0.08270	0.03406	0.00151	0.00373	0.00401	0.00315	0.19329
