[name]
unknown

[dist]
# distance from previous block
# <min> <max>
0	430

[block]
# block no. 0 follows, 70 sequences, length 75
# corresponding to MSA columns:
# 430-504
name=unknown_A
#
# <colnr> <probs for GDERKNQSTAVLIFYWHMCP>
#	G	D	E	R	K	N	Q	S	T	A	V	L	I	F	Y	W	H	M	C	P
0	0.00874	0.00718	0.00942	0.07258	0.14979	0.03368	0.00728	0.09607	0.02233	0.03408	0.01255	0.03447	0.01216	0.00625	0.00418	0.00127	0.00386	0.28850	0.00290	0.19271
1	0.06773	0.00844	0.01034	0.19969	0.04946	0.02972	0.03048	0.31251	0.03064	0.01660	0.06094	0.01275	0.06699	0.00557	0.03093	0.00134	0.00431	0.00392	0.00297	0.05466
2	0.01163	0.00981	0.01218	0.02977	0.28712	0.04823	0.00855	0.35069	0.11375	0.01785	0.04502	0.02978	0.00869	0.00459	0.00391	0.00118	0.00422	0.00386	0.00312	0.00604
3	0.00952	0.00820	0.00866	0.00780	0.00996	0.00947	0.00607	0.02022	0.80917	0.01620	0.03918	0.01488	0.01254	0.00534	0.00396	0.00131	0.00303	0.00446	0.00395	0.00607
4	0.01739	0.00660	0.00900	0.00690	0.00990	0.00570	0.00570	0.01889	0.01110	0.84226	0.01529	0.01320	0.00960	0.00480	0.00390	0.00120	0.00330	0.00390	0.00480	0.00660
5	0.00922	0.01007	0.02101	0.01515	0.01875	0.00966	0.71353	0.05401	0.00961	0.01310	0.05182	0.01132	0.00752	0.00370	0.00480	0.00131	0.03345	0.00461	0.00217	0.00518
6	0.00877	0.00836	0.01424	0.32701	0.54285	0.00899	0.01148	0.01117	0.00843	0.01166	0.00715	0.00987	0.00579	0.00361	0.00385	0.00120	0.00481	0.00345	0.00185	0.00547
7	0.00732	0.00689	0.01163	0.85444	0.02670	0.00861	0.01077	0.00991	0.00775	0.00991	0.00689	0.01034	0.00517	0.00388	0.00388	0.00129	0.00517	0.00345	0.00172	0.00431
8	0.00472	0.00337	0.00450	0.00540	0.00562	0.00315	0.00360	0.00540	0.00742	0.00990	0.02137	0.86122	0.02564	0.01215	0.00495	0.00157	0.00225	0.01102	0.00360	0.00315
9	0.00535	0.00370	0.00491	0.00562	0.00603	0.00354	0.00401	0.00621	0.00759	0.02716	0.02031	0.57978	0.04228	0.08920	0.03567	0.00196	0.00291	0.14710	0.00345	0.00323
10	0.00961	0.00906	0.01488	0.06707	0.71103	0.00929	0.01128	0.03398	0.07135	0.01310	0.00797	0.01000	0.00653	0.00365	0.00385	0.00117	0.00451	0.00352	0.00211	0.00605
11	0.00778	0.02005	0.84367	0.01105	0.01678	0.00900	0.01432	0.01228	0.00818	0.01228	0.00696	0.00818	0.00491	0.00368	0.00368	0.00123	0.00573	0.00286	0.00164	0.00573
12	0.00531	0.00387	0.00545	0.00579	0.00627	0.00416	0.00424	0.00634	0.00668	0.00926	0.01465	0.29648	0.01597	0.10833	0.44760	0.00424	0.00672	0.04272	0.00267	0.00325
13	0.00908	0.01011	0.04368	0.08159	0.18962	0.00956	0.53407	0.01249	0.04635	0.01245	0.00799	0.01039	0.00612	0.00346	0.00431	0.00127	0.00585	0.00420	0.00201	0.00540
14	0.00904	0.03085	0.12890	0.01524	0.05332	0.00967	0.62250	0.03368	0.00917	0.01258	0.00806	0.03357	0.00631	0.00361	0.00437	0.00128	0.00612	0.00440	0.00201	0.00531
15	0.00475	0.00340	0.00448	0.00533	0.00557	0.00317	0.00355	0.00541	0.00741	0.00984	0.02156	0.81675	0.04569	0.03634	0.00536	0.00163	0.00229	0.01080	0.00356	0.00313
16	0.00874	0.00650	0.00730	0.00660	0.00828	0.04595	0.02752	0.11921	0.11885	0.09898	0.05471	0.18878	0.20658	0.00792	0.00438	0.00134	0.00308	0.06347	0.01725	0.00456
17	0.00927	0.00961	0.05870	0.26771	0.41993	0.05187	0.03252	0.05494	0.02420	0.01231	0.00754	0.02051	0.00610	0.00382	0.00386	0.00120	0.00493	0.00352	0.00201	0.00545
18	0.01049	0.72598	0.07035	0.00723	0.01054	0.05977	0.00722	0.03254	0.00828	0.00973	0.00561	0.00651	0.00502	0.00349	0.00289	0.00089	0.02448	0.00221	0.00173	0.00502
19	0.01120	0.00816	0.00923	0.02448	0.01036	0.00787	0.00576	0.30769	0.04891	0.08136	0.00920	0.00966	0.00689	0.00391	0.00337	0.00091	0.00340	0.00306	0.06193	0.38266
20	0.00825	0.00701	0.00810	0.00595	0.00922	0.00562	0.00475	0.03263	0.06688	0.01330	0.03425	0.00920	0.00719	0.00325	0.00303	0.00066	0.00289	0.00263	0.00252	0.77267
21	0.00874	0.10757	0.38262	0.00885	0.01328	0.00840	0.04958	0.02380	0.01863	0.04719	0.00730	0.00834	0.00554	0.00344	0.00335	0.00097	0.00451	0.00275	0.00206	0.29308
22	0.89114	0.00750	0.00570	0.00510	0.00750	0.00870	0.00420	0.01140	0.00660	0.01739	0.00540	0.00630	0.00420	0.00360	0.00240	0.00120	0.00300	0.00210	0.00240	0.00420
23	0.00462	0.00389	0.00400	0.00405	0.00528	0.00328	0.00301	0.00560	0.00880	0.01058	0.06071	0.09078	0.76236	0.00992	0.00461	0.00132	0.00198	0.00833	0.00362	0.00328
24	0.00716	0.00505	0.00603	0.00545	0.00679	0.00488	0.00417	0.12938	0.01139	0.05158	0.47073	0.09808	0.16819	0.00799	0.00447	0.00126	0.00232	0.00690	0.00406	0.00411
25	0.01739	0.00660	0.00900	0.00690	0.00990	0.00570	0.00570	0.01889	0.01110	0.84226	0.01529	0.01320	0.00960	0.00480	0.00390	0.00120	0.00330	0.00390	0.00480	0.00660
26	0.67745	0.00714	0.00603	0.00530	0.00753	0.00807	0.00429	0.05540	0.00754	0.06544	0.00707	0.00842	0.00557	0.04187	0.02157	0.00140	0.00320	0.00258	0.05981	0.00433
27	0.00804	0.00689	0.00804	0.00574	0.00919	0.00517	0.00459	0.00976	0.00804	0.01263	0.00689	0.00804	0.00574	0.00287	0.00287	0.00057	0.00287	0.00230	0.00230	0.88745
28	0.00720	0.00535	0.00720	0.03924	0.11234	0.00514	0.01488	0.01913	0.06339	0.08299	0.28211	0.07543	0.25538	0.00747	0.00437	0.00127	0.00266	0.00650	0.00364	0.00432
29	0.01227	0.20162	0.01268	0.02554	0.01114	0.06880	0.00685	0.41934	0.10201	0.01788	0.04544	0.04154	0.00867	0.00478	0.00362	0.00111	0.00413	0.00363	0.00322	0.00574
30	0.00820	0.15927	0.70819	0.01032	0.01566	0.01005	0.01306	0.01217	0.00813	0.01176	0.00670	0.00786	0.00492	0.00362	0.00349	0.00116	0.00547	0.00273	0.00164	0.00561
31	0.01132	0.54514	0.02823	0.00790	0.01077	0.17067	0.01917	0.08040	0.01958	0.01066	0.00600	0.00696	0.00522	0.00381	0.00352	0.00096	0.06030	0.00243	0.00194	0.00500
32	0.01333	0.25474	0.01359	0.00905	0.01142	0.61605	0.00725	0.01440	0.01012	0.00939	0.00582	0.00678	0.00499	0.00381	0.00321	0.00095	0.00620	0.00238	0.00190	0.00463
33	0.00495	0.00357	0.00454	0.00522	0.00559	0.00335	0.00358	0.00566	0.00747	0.00979	0.02208	0.59451	0.11367	0.12297	0.00687	0.00185	0.00252	0.07527	0.00343	0.00309
34	0.00558	0.00375	0.00431	0.00436	0.00439	0.00376	0.00250	0.00567	0.00576	0.00770	0.01268	0.07251	0.01461	0.78837	0.04572	0.00371	0.00389	0.00590	0.00241	0.00243
35	0.00687	0.00945	0.22902	0.03081	0.08017	0.00667	0.05027	0.00963	0.04329	0.01255	0.21944	0.14868	0.05831	0.00690	0.01471	0.00138	0.05871	0.00571	0.00285	0.00455
36	0.00673	0.00337	0.00505	0.00505	0.00505	0.00337	0.00337	0.00505	0.00505	0.00673	0.00673	0.01178	0.00673	0.01347	0.01515	0.88721	0.00337	0.00337	0.00168	0.00168
37	0.00909	0.39790	0.31064	0.05758	0.03163	0.01175	0.02886	0.01229	0.06179	0.01105	0.00701	0.00809	0.00559	0.00364	0.00317	0.00105	0.00470	0.00272	0.02618	0.00527
38	0.00723	0.00361	0.00361	0.00361	0.00452	0.00361	0.00271	0.00903	0.00813	0.01445	0.01265	0.01445	0.00994	0.00452	0.00271	0.00090	0.00181	0.00361	0.88528	0.00361
39	0.00484	0.00346	0.00450	0.00522	0.00550	0.00325	0.00348	0.00551	0.00742	0.00987	0.04734	0.70927	0.06028	0.09010	0.01888	0.00182	0.00248	0.01017	0.00348	0.00310
40	0.00470	0.00375	0.00421	0.00449	0.00541	0.00326	0.00322	0.00564	0.00853	0.01067	0.09497	0.31087	0.50573	0.01045	0.00470	0.00139	0.00205	0.00904	0.00365	0.00326
41	0.00996	0.01385	0.37443	0.01139	0.01568	0.00898	0.21983	0.09560	0.05434	0.10772	0.00941	0.01128	0.00696	0.00418	0.00404	0.00127	0.00528	0.03757	0.00251	0.00572
42	0.89114	0.00750	0.00570	0.00510	0.00750	0.00870	0.00420	0.01140	0.00660	0.01739	0.00540	0.00630	0.00420	0.00360	0.00240	0.00120	0.00300	0.00210	0.00240	0.00420
43	0.00804	0.00689	0.00804	0.00574	0.00919	0.00517	0.00459	0.00976	0.00804	0.01263	0.00689	0.00804	0.00574	0.00287	0.00287	0.00057	0.00287	0.00230	0.00230	0.88745
44	0.00937	0.04926	0.10732	0.02941	0.09185	0.00746	0.00707	0.07414	0.07510	0.05953	0.02118	0.00940	0.00688	0.00358	0.00331	0.00089	0.00362	0.00291	0.00256	0.43515
45	0.09193	0.72003	0.06069	0.00681	0.01013	0.03737	0.00682	0.01173	0.00786	0.01006	0.00549	0.00635	0.00490	0.00338	0.00257	0.00089	0.00420	0.00213	0.00174	0.00493
46	0.01070	0.00885	0.00936	0.00810	0.01048	0.01013	0.00639	0.18726	0.66420	0.01792	0.01444	0.01340	0.01075	0.00513	0.00393	0.00128	0.00332	0.00420	0.00393	0.00623
47	0.00809	0.00618	0.00726	0.00551	0.00836	0.00483	0.00434	0.00972	0.00826	0.05603	0.03073	0.06577	0.02804	0.00403	0.00313	0.00074	0.00270	0.00334	0.08898	0.65398
48	0.00554	0.00414	0.00618	0.00618	0.00686	0.00482	0.00478	0.00689	0.00622	0.00896	0.01043	0.01548	0.00980	0.04970	0.82791	0.00617	0.01022	0.00419	0.00208	0.00343
49	0.00841	0.04137	0.74949	0.01089	0.01635	0.00902	0.04093	0.01262	0.00837	0.05676	0.00739	0.00848	0.00520	0.00372	0.00369	0.00122	0.00558	0.00296	0.00182	0.00574
50	0.40314	0.04368	0.00858	0.00728	0.00929	0.31718	0.00571	0.03085	0.00843	0.01320	0.00616	0.00795	0.00527	0.05092	0.02181	0.00138	0.05010	0.00258	0.00221	0.00428
51	0.89114	0.00750	0.00570	0.00510	0.00750	0.00870	0.00420	0.01140	0.00660	0.01739	0.00540	0.00630	0.00420	0.00360	0.00240	0.00120	0.00300	0.00210	0.00240	0.00420
52	0.00527	0.00390	0.00492	0.00478	0.00569	0.00355	0.00354	0.00686	0.01030	0.01422	0.63619	0.11075	0.15839	0.00862	0.00461	0.00127	0.00189	0.00758	0.00410	0.00355
53	0.00563	0.00380	0.00442	0.00442	0.00448	0.00386	0.00258	0.00576	0.00569	0.00766	0.01204	0.02442	0.01368	0.78572	0.09721	0.00399	0.00438	0.00550	0.00232	0.00245
54	0.01094	0.01282	0.12856	0.02590	0.01181	0.27945	0.01859	0.10624	0.01047	0.03498	0.06126	0.00945	0.00758	0.00396	0.00349	0.00096	0.00481	0.00298	0.00247	0.26328
55	0.01709	0.00657	0.00889	0.00685	0.00980	0.00572	0.00565	0.01873	0.02297	0.81437	0.01525	0.01324	0.00964	0.00480	0.00388	0.00120	0.00327	0.00390	0.02169	0.00653
56	0.00865	0.00842	0.05023	0.19861	0.14149	0.00863	0.07596	0.05842	0.26068	0.01368	0.04728	0.01471	0.07624	0.00495	0.00404	0.00127	0.00411	0.01447	0.00285	0.00530
57	0.00478	0.00342	0.00457	0.00547	0.00572	0.00320	0.00371	0.00550	0.00748	0.00997	0.02133	0.82821	0.02551	0.01209	0.00496	0.00158	0.00230	0.04343	0.00360	0.00317
58	0.00970	0.15588	0.14318	0.04133	0.20589	0.02193	0.05054	0.07973	0.19540	0.01350	0.00932	0.03132	0.00749	0.00424	0.00377	0.00117	0.01385	0.00357	0.00248	0.00569
59	0.00564	0.00376	0.00423	0.00423	0.00423	0.00376	0.00235	0.00564	0.00564	0.00752	0.01222	0.02537	0.01409	0.86375	0.01973	0.00376	0.00376	0.00564	0.00235	0.00235
60	0.00804	0.00689	0.00804	0.00574	0.00919	0.00517	0.00459	0.00976	0.00804	0.01263	0.00689	0.00804	0.00574	0.00287	0.00287	0.00057	0.00287	0.00230	0.00230	0.88745
61	0.01012	0.00959	0.05645	0.14747	0.45123	0.02211	0.05101	0.09318	0.05228	0.05654	0.00827	0.01005	0.00642	0.00381	0.00388	0.00119	0.00470	0.00354	0.00233	0.00583
62	0.01036	0.86609	0.02032	0.00663	0.00995	0.01534	0.00663	0.01161	0.00788	0.00912	0.00539	0.00622	0.00498	0.00332	0.00249	0.00083	0.00415	0.00207	0.00166	0.00498
63	0.00554	0.00415	0.00623	0.00623	0.00692	0.00485	0.00485	0.00692	0.00623	0.00900	0.01038	0.01523	0.00969	0.02908	0.84839	0.00623	0.01038	0.00415	0.00208	0.00346
64	0.00804	0.00689	0.00804	0.00574	0.00919	0.00517	0.00459	0.00976	0.00804	0.01263	0.00689	0.00804	0.00574	0.00287	0.00287	0.00057	0.00287	0.00230	0.00230	0.88745
65	0.00472	0.00337	0.00450	0.00540	0.00562	0.00315	0.00360	0.00540	0.00742	0.00990	0.02137	0.86122	0.02564	0.01215	0.00495	0.00157	0.00225	0.01102	0.00360	0.00315
66	0.02863	0.01109	0.01125	0.00877	0.01176	0.08550	0.00718	0.66873	0.01676	0.09722	0.00950	0.00941	0.00669	0.00459	0.00382	0.00115	0.00440	0.00342	0.00377	0.00637
67	0.00804	0.00689	0.00804	0.00574	0.00919	0.00517	0.00459	0.00976	0.00804	0.01263	0.00689	0.00804	0.00574	0.00287	0.00287	0.00057	0.00287	0.00230	0.00230	0.88745
68	0.00804	0.00689	0.00804	0.00574	0.00919	0.00517	0.00459	0.00976	0.00804	0.01263	0.00689	0.00804	0.00574	0.00287	0.00287	0.00057	0.00287	0.00230	0.00230	0.88745
69	0.00973	0.00909	0.06630	0.02450	0.40234	0.00869	0.00923	0.06246	0.20384	0.05768	0.07364	0.02304	0.02293	0.00458	0.00394	0.00121	0.00395	0.00410	0.00287	0.00587
70	0.00520	0.00372	0.00505	0.00595	0.00638	0.00356	0.00443	0.00623	0.00789	0.01043	0.02110	0.60433	0.02459	0.01169	0.00508	0.00164	0.00266	0.26319	0.00359	0.00328
71	0.00883	0.00802	0.01175	0.01516	0.40314	0.00838	0.02988	0.01383	0.28057	0.01379	0.07332	0.07234	0.03356	0.00515	0.00404	0.00125	0.00371	0.00470	0.00292	0.00565
72	0.00562	0.00375	0.00423	0.00425	0.00425	0.00375	0.00237	0.00563	0.00567	0.00756	0.01237	0.03981	0.01429	0.84904	0.01948	0.00372	0.00373	0.00573	0.00237	0.00236
73	0.00937	0.16103	0.03215	0.00814	0.02965	0.05485	0.04063	0.01603	0.44871	0.01405	0.12030	0.01420	0.01296	0.01629	0.00397	0.00122	0.00357	0.00418	0.00327	0.00542
74	0.03360	0.00706	0.00796	0.00596	0.00906	0.00599	0.00476	0.07215	0.06846	0.01406	0.00811	0.00904	0.00652	0.00332	0.00300	0.00071	0.00291	0.00263	0.06950	0.66519

[dist]
# distance from previous block
# <min> <max>
0	1

[block]
# block no. 1 follows, 70 sequences, length 6
# corresponding to MSA columns:
# 506-511
name=unknown_B
#
# <colnr> <probs for GDERKNQSTAVLIFYWHMCP>
#	G	D	E	R	K	N	Q	S	T	A	V	L	I	F	Y	W	H	M	C	P
0	0.01135	0.05587	0.09063	0.00906	0.07602	0.04283	0.00735	0.29889	0.01197	0.05843	0.00809	0.00874	0.00612	0.00379	0.00344	0.00095	0.00403	0.00294	0.00284	0.29666
1	0.00500	0.00387	0.00462	0.00505	0.00593	0.00349	0.00382	0.00609	0.00855	0.01081	0.07691	0.28674	0.38799	0.01058	0.00484	0.00148	0.00235	0.16492	0.00363	0.00332
2	0.00504	0.00350	0.00458	0.00519	0.00546	0.00336	0.00346	0.00551	0.00701	0.00932	0.01930	0.59102	0.06445	0.12292	0.06018	0.07137	0.00302	0.00915	0.00319	0.00296
3	0.00848	0.00848	0.01187	0.01018	0.01018	0.01187	0.00848	0.00933	0.00594	0.00933	0.00509	0.00848	0.00509	0.00679	0.01272	0.00170	0.85666	0.00339	0.00170	0.00424
4	0.00804	0.00689	0.00804	0.00574	0.00919	0.00517	0.00459	0.00976	0.00804	0.01263	0.00689	0.00804	0.00574	0.00287	0.00287	0.00057	0.00287	0.00230	0.00230	0.88745
5	0.01448	0.01848	0.01099	0.00999	0.01199	0.84819	0.00749	0.01548	0.01099	0.00949	0.00599	0.00699	0.00499	0.00400	0.00350	0.00100	0.00699	0.00250	0.00200	0.00449

[dist]
# distance from previous block
# <min> <max>
0	19

[block]
# block no. 2 follows, 70 sequences, length 83
# corresponding to MSA columns:
# 531-613
name=unknown_C
#
# <colnr> <probs for GDERKNQSTAVLIFYWHMCP>
#	G	D	E	R	K	N	Q	S	T	A	V	L	I	F	Y	W	H	M	C	P
0	0.00484	0.00394	0.00429	0.00420	0.00540	0.00338	0.00315	0.00607	0.00945	0.01193	0.26895	0.03491	0.60741	0.00927	0.00458	0.00128	0.00192	0.00785	0.00379	0.00338
1	0.00554	0.00414	0.00616	0.00616	0.00682	0.00481	0.00475	0.00688	0.00621	0.00894	0.01045	0.01561	0.00986	0.06006	0.81763	0.00614	0.01014	0.00421	0.00209	0.00342
2	0.01137	0.00803	0.01143	0.01246	0.27834	0.02232	0.02767	0.03607	0.00940	0.23294	0.00927	0.01000	0.00689	0.00378	0.00387	0.00101	0.03254	0.00323	0.00285	0.27654
3	0.01208	0.51236	0.01642	0.00803	0.01080	0.36290	0.00699	0.01322	0.00917	0.00927	0.00564	0.00654	0.00498	0.00360	0.00291	0.00090	0.00533	0.00225	0.00180	0.00477
4	0.89114	0.00750	0.00570	0.00510	0.00750	0.00870	0.00420	0.01140	0.00660	0.01739	0.00540	0.00630	0.00420	0.00360	0.00240	0.00120	0.00300	0.00210	0.00240	0.00420
5	0.00896	0.01313	0.34617	0.03959	0.05549	0.00940	0.00993	0.04061	0.40492	0.01447	0.01128	0.01138	0.00836	0.00447	0.00383	0.00127	0.00433	0.00366	0.00283	0.00592
6	0.00549	0.00396	0.00518	0.00488	0.00579	0.00366	0.00366	0.00732	0.01097	0.01555	0.83752	0.02896	0.03658	0.00793	0.00457	0.00122	0.00183	0.00701	0.00427	0.00366
7	0.00723	0.00361	0.00361	0.00361	0.00452	0.00361	0.00271	0.00903	0.00813	0.01445	0.01265	0.01445	0.00994	0.00452	0.00271	0.00090	0.00181	0.00361	0.88528	0.00361
8	0.00458	0.00393	0.00393	0.00393	0.00524	0.00327	0.00295	0.00556	0.00884	0.01047	0.03927	0.03731	0.83800	0.00982	0.00458	0.00131	0.00196	0.00818	0.00360	0.00327
9	0.01474	0.01086	0.01163	0.00892	0.01202	0.01202	0.00737	0.82664	0.01823	0.02443	0.00931	0.00931	0.00659	0.00465	0.00388	0.00116	0.00427	0.00349	0.00388	0.00659
10	0.00458	0.00393	0.00393	0.00393	0.00524	0.00327	0.00295	0.00556	0.00884	0.01047	0.03927	0.03731	0.83800	0.00982	0.00458	0.00131	0.00196	0.00818	0.00360	0.00327
11	0.00472	0.00337	0.00450	0.00540	0.00562	0.00315	0.00360	0.00540	0.00742	0.00990	0.02137	0.86122	0.02564	0.01215	0.00495	0.00157	0.00225	0.01102	0.00360	0.00315
12	0.00848	0.00848	0.01187	0.01018	0.01018	0.01187	0.00848	0.00933	0.00594	0.00933	0.00509	0.00848	0.00509	0.00679	0.01272	0.00170	0.85666	0.00339	0.00170	0.00424
13	0.01299	0.00853	0.03781	0.00774	0.01104	0.00762	0.04918	0.24074	0.01194	0.28508	0.01034	0.01020	0.00721	0.00404	0.00360	0.00100	0.00369	0.00329	0.00351	0.28047
14	0.00836	0.00708	0.00821	0.00590	0.00933	0.00550	0.00473	0.04948	0.00853	0.01321	0.00701	0.00810	0.00578	0.00296	0.00292	0.00060	0.00294	0.00235	0.00237	0.84463
15	0.89114	0.00750	0.00570	0.00510	0.00750	0.00870	0.00420	0.01140	0.00660	0.01739	0.00540	0.00630	0.00420	0.00360	0.00240	0.00120	0.00300	0.00210	0.00240	0.00420
16	0.01052	0.43678	0.25715	0.00857	0.01237	0.13914	0.00904	0.06559	0.00911	0.01109	0.00619	0.00711	0.00506	0.00361	0.00308	0.00099	0.00504	0.00246	0.00185	0.00523
17	0.01036	0.86609	0.02032	0.00663	0.00995	0.01534	0.00663	0.01161	0.00788	0.00912	0.00539	0.00622	0.00498	0.00332	0.00249	0.00083	0.00415	0.00207	0.00166	0.00498
18	0.00804	0.00689	0.00804	0.00574	0.00919	0.00517	0.00459	0.00976	0.00804	0.01263	0.00689	0.00804	0.00574	0.00287	0.00287	0.00057	0.00287	0.00230	0.00230	0.88745
19	0.01172	0.01405	0.00947	0.00887	0.01032	0.57745	0.00660	0.02323	0.00989	0.00977	0.00973	0.21541	0.01006	0.00617	0.00445	0.00119	0.06041	0.00465	0.00239	0.00418
20	0.00779	0.00758	0.01254	0.02205	0.01275	0.06323	0.29602	0.00995	0.00894	0.01154	0.01453	0.08894	0.01489	0.00754	0.00510	0.00154	0.02739	0.38064	0.00282	0.00422
21	0.00554	0.00415	0.00623	0.00623	0.00692	0.00485	0.00485	0.00692	0.00623	0.00900	0.01038	0.01523	0.00969	0.02908	0.84839	0.00623	0.01038	0.00415	0.00208	0.00346
22	0.00778	0.02005	0.84367	0.01105	0.01678	0.00900	0.01432	0.01228	0.00818	0.01228	0.00696	0.00818	0.00491	0.00368	0.00368	0.00123	0.00573	0.00286	0.00164	0.00573
23	0.00857	0.01768	0.03806	0.27117	0.01513	0.00826	0.03846	0.18085	0.04830	0.01347	0.01130	0.22067	0.01088	0.00628	0.00472	0.00133	0.06199	0.00534	0.00277	0.03479
24	0.01436	0.00747	0.05294	0.00685	0.01011	0.00585	0.00589	0.03129	0.01027	0.56319	0.01251	0.01149	0.00827	0.00423	0.00361	0.00103	0.00333	0.00341	0.00395	0.23994
25	0.00972	0.16902	0.48489	0.00938	0.01385	0.03868	0.01086	0.10975	0.00956	0.05190	0.00761	0.00849	0.00561	0.00384	0.00344	0.00112	0.00499	0.00287	0.04880	0.00558
26	0.00778	0.02005	0.84367	0.01105	0.01678	0.00900	0.01432	0.01228	0.00818	0.01228	0.00696	0.00818	0.00491	0.00368	0.00368	0.00123	0.00573	0.00286	0.00164	0.00573
27	0.00732	0.00689	0.01163	0.85444	0.02670	0.00861	0.01077	0.00991	0.00775	0.00991	0.00689	0.01034	0.00517	0.00388	0.00388	0.00129	0.00517	0.00345	0.00172	0.00431
28	0.00673	0.00337	0.00505	0.00505	0.00505	0.00337	0.00337	0.00505	0.00505	0.00673	0.00673	0.01178	0.00673	0.01347	0.01515	0.88721	0.00337	0.00337	0.00168	0.00168
29	0.15565	0.01032	0.01068	0.00831	0.01129	0.01149	0.00686	0.69557	0.01636	0.02330	0.00868	0.00882	0.00621	0.00448	0.00364	0.00117	0.00406	0.00327	0.00364	0.00621
30	0.00804	0.00689	0.00804	0.00574	0.00919	0.00517	0.00459	0.00976	0.00804	0.01263	0.00689	0.00804	0.00574	0.00287	0.00287	0.00057	0.00287	0.00230	0.00230	0.88745
31	0.00524	0.00386	0.00490	0.00483	0.00569	0.00352	0.00355	0.00677	0.01011	0.01395	0.59846	0.16390	0.14309	0.00886	0.00463	0.00129	0.00191	0.00781	0.00407	0.00352
32	0.00915	0.01046	0.02288	0.01634	0.02026	0.00980	0.82549	0.01242	0.00915	0.01242	0.00784	0.01046	0.00588	0.00327	0.00458	0.00131	0.00654	0.00458	0.00196	0.00523
33	0.01445	0.01079	0.01132	0.00875	0.01174	0.03388	0.00720	0.77433	0.01766	0.02366	0.00935	0.00944	0.00668	0.00463	0.00382	0.00115	0.00425	0.00347	0.03703	0.00643
34	0.00519	0.00395	0.00477	0.00456	0.00561	0.00353	0.00342	0.00674	0.01027	0.01387	0.57417	0.03171	0.30098	0.00855	0.00458	0.00125	0.00187	0.00740	0.00405	0.00353
35	0.00784	0.04005	0.82420	0.01095	0.01662	0.00915	0.01414	0.01226	0.00818	0.01220	0.00692	0.00814	0.00491	0.00367	0.00365	0.00122	0.00569	0.00285	0.00164	0.00571
36	0.00953	0.00911	0.01554	0.02346	0.82271	0.00911	0.01178	0.01182	0.00883	0.01264	0.00756	0.01029	0.00647	0.00360	0.00387	0.00116	0.00458	0.01988	0.00195	0.00609
37	0.00458	0.00393	0.00393	0.00393	0.00524	0.00327	0.00295	0.00556	0.00884	0.01047	0.03927	0.03731	0.83800	0.00982	0.00458	0.00131	0.00196	0.00818	0.00360	0.00327
38	0.00472	0.00337	0.00450	0.00540	0.00562	0.00315	0.00360	0.00540	0.00742	0.00990	0.02137	0.86122	0.02564	0.01215	0.00495	0.00157	0.00225	0.01102	0.00360	0.00315
39	0.00473	0.00341	0.00448	0.00531	0.00561	0.00317	0.00357	0.00545	0.00757	0.01005	0.04030	0.80113	0.06701	0.01193	0.00492	0.00155	0.00223	0.01079	0.00361	0.00317
40	0.01474	0.01086	0.01163	0.00892	0.01202	0.01202	0.00737	0.82664	0.01823	0.02443	0.00931	0.00931	0.00659	0.00465	0.00388	0.00116	0.00427	0.00349	0.00388	0.00659
41	0.00545	0.00396	0.00514	0.00484	0.00577	0.00364	0.00363	0.00725	0.01089	0.01536	0.80789	0.02927	0.06633	0.00800	0.00457	0.00122	0.00183	0.00705	0.00424	0.00364
42	0.00741	0.00510	0.00647	0.00653	0.00778	0.00511	0.00548	0.09425	0.02157	0.04432	0.16350	0.03396	0.07269	0.00889	0.00479	0.00151	0.00312	0.45042	0.05304	0.00403
43	0.01474	0.01086	0.01163	0.00892	0.01202	0.01202	0.00737	0.82664	0.01823	0.02443	0.00931	0.00931	0.00659	0.00465	0.00388	0.00116	0.00427	0.00349	0.00388	0.00659
44	0.00616	0.00443	0.00612	0.00697	0.00788	0.00440	0.00607	0.00790	0.00892	0.01154	0.02152	0.04339	0.06545	0.01066	0.00531	0.00176	0.00348	0.77089	0.00357	0.00355
45	0.00471	0.00341	0.00446	0.00530	0.00560	0.00316	0.00355	0.00541	0.00752	0.00994	0.02257	0.80583	0.08025	0.01199	0.00492	0.00156	0.00223	0.01083	0.00360	0.00316
46	0.01616	0.00895	0.01017	0.00788	0.01087	0.05253	0.00647	0.34662	0.01399	0.46651	0.01238	0.01129	0.00814	0.00470	0.00387	0.00117	0.00389	0.00366	0.00428	0.00649
47	0.00805	0.10880	0.75729	0.01059	0.01606	0.00967	0.01352	0.01221	0.00815	0.01195	0.00679	0.00798	0.00492	0.00364	0.00356	0.00119	0.00556	0.00278	0.00164	0.00565
48	0.00804	0.00689	0.00804	0.00574	0.00919	0.00517	0.00459	0.00976	0.00804	0.01263	0.00689	0.00804	0.00574	0.00287	0.00287	0.00057	0.00287	0.00230	0.00230	0.88745
49	0.01448	0.01848	0.01099	0.00999	0.01199	0.84819	0.00749	0.01548	0.01099	0.00949	0.00599	0.00699	0.00499	0.00400	0.00350	0.00100	0.00699	0.00250	0.00200	0.00449
50	0.00704	0.06939	0.00739	0.00542	0.00757	0.00549	0.00429	0.02699	0.05563	0.01308	0.21884	0.06342	0.15730	0.00603	0.00374	0.00099	0.00254	0.00508	0.01976	0.32001
51	0.00860	0.01986	0.74116	0.01092	0.01619	0.11231	0.01348	0.01267	0.00853	0.01193	0.00684	0.00804	0.00492	0.00372	0.00366	0.00120	0.00588	0.00282	0.00168	0.00558
52	0.01474	0.01086	0.01163	0.00892	0.01202	0.01202	0.00737	0.82664	0.01823	0.02443	0.00931	0.00931	0.00659	0.00465	0.00388	0.00116	0.00427	0.00349	0.00388	0.00659
53	0.76292	0.00741	0.00604	0.00519	0.00774	0.00818	0.00426	0.01116	0.00681	0.01670	0.00561	0.00655	0.00442	0.00349	0.00247	0.00111	0.00298	0.00213	0.00238	0.13244
54	0.01739	0.00660	0.00900	0.00690	0.00990	0.00570	0.00570	0.01889	0.01110	0.84226	0.01529	0.01320	0.00960	0.00480	0.00390	0.00120	0.00330	0.00390	0.00480	0.00660
55	0.01433	0.04994	0.01133	0.00986	0.01191	0.81727	0.00746	0.01534	0.01087	0.00947	0.00597	0.00696	0.00499	0.00397	0.00346	0.00099	0.00689	0.00248	0.00198	0.00451
56	0.00472	0.00393	0.00412	0.00407	0.00532	0.00333	0.00305	0.00583	0.00916	0.01124	0.15961	0.03605	0.71718	0.00953	0.00458	0.00130	0.00194	0.00801	0.00370	0.00333
57	0.01036	0.86609	0.02032	0.00663	0.00995	0.01534	0.00663	0.01161	0.00788	0.00912	0.00539	0.00622	0.00498	0.00332	0.00249	0.00083	0.00415	0.00207	0.00166	0.00498
58	0.01696	0.00650	0.00886	0.00682	0.00975	0.00562	0.00562	0.01847	0.01109	0.81188	0.04551	0.01377	0.01059	0.00491	0.00392	0.00120	0.00324	0.00401	0.00478	0.00649
59	0.00915	0.00463	0.00499	0.00449	0.00585	0.00462	0.00349	0.08334	0.00940	0.11725	0.01267	0.01384	0.00960	0.00456	0.00296	0.00096	0.00221	0.00364	0.69809	0.00425
60	0.00784	0.00734	0.01158	0.01678	0.54405	0.00712	0.00874	0.00970	0.00888	0.01202	0.03853	0.01920	0.28080	0.00566	0.00410	0.00121	0.00367	0.00510	0.00253	0.00513
61	0.00489	0.00352	0.00467	0.00551	0.00586	0.00330	0.00385	0.00571	0.00769	0.01019	0.03628	0.73184	0.05534	0.01184	0.00497	0.00158	0.00237	0.09377	0.00361	0.00321
62	0.00663	0.00343	0.00510	0.00510	0.00515	0.00347	0.00344	0.00518	0.00514	0.00690	0.00710	0.01234	0.00710	0.03533	0.06788	0.80988	0.00382	0.00347	0.00172	0.00181
63	0.00732	0.00689	0.01163	0.85444	0.02670	0.00861	0.01077	0.00991	0.00775	0.00991	0.00689	0.01034	0.00517	0.00388	0.00388	0.00129	0.00517	0.00345	0.00172	0.00431
64	0.01011	0.68710	0.10708	0.00729	0.01069	0.02877	0.00747	0.03935	0.00823	0.00999	0.00586	0.00689	0.00518	0.00433	0.03089	0.00108	0.02058	0.00231	0.00175	0.00504
65	0.01233	0.27965	0.01370	0.01848	0.01116	0.46613	0.00718	0.03609	0.00966	0.00976	0.00609	0.00737	0.00529	0.00527	0.04810	0.00127	0.05338	0.00254	0.00193	0.00463
66	0.00734	0.00689	0.01153	0.76918	0.02511	0.00833	0.02953	0.00985	0.00779	0.01011	0.00727	0.03111	0.00572	0.00401	0.00387	0.00126	0.00501	0.00360	0.00180	0.05070
67	0.00957	0.13592	0.21512	0.00817	0.03789	0.00790	0.02920	0.01204	0.01815	0.12506	0.04479	0.00962	0.00740	0.00368	0.00332	0.00093	0.00392	0.00295	0.00247	0.32188
68	0.05991	0.06500	0.51480	0.01188	0.11951	0.00935	0.04344	0.05097	0.02018	0.04696	0.00762	0.02007	0.00571	0.00384	0.00363	0.00120	0.00512	0.00312	0.00202	0.00568
69	0.00562	0.00390	0.00492	0.00494	0.00518	0.00413	0.00324	0.00610	0.00589	0.00808	0.01177	0.02239	0.01280	0.57498	0.29069	0.00453	0.00592	0.01991	0.00228	0.00274
70	0.01024	0.24709	0.33500	0.00933	0.03311	0.18228	0.00966	0.01275	0.00896	0.05453	0.03657	0.00917	0.02751	0.00400	0.00339	0.00107	0.00517	0.00292	0.00203	0.00519
71	0.00893	0.00865	0.06801	0.45943	0.22569	0.02067	0.04404	0.02322	0.00855	0.07390	0.00786	0.02031	0.00602	0.00391	0.00389	0.00124	0.00496	0.00357	0.00207	0.00509
72	0.00765	0.00851	0.05838	0.05954	0.02550	0.00761	0.42791	0.01052	0.03627	0.01217	0.07789	0.06687	0.12821	0.00560	0.00452	0.00134	0.00486	0.04941	0.00259	0.00464
73	0.00533	0.00396	0.00497	0.00472	0.00570	0.00359	0.00354	0.00702	0.01061	0.01468	0.70162	0.03038	0.17302	0.00825	0.00457	0.00123	0.00185	0.00721	0.00415	0.00359
74	0.02033	0.00848	0.04119	0.40990	0.38834	0.00898	0.02943	0.01094	0.00823	0.01136	0.00704	0.00985	0.00559	0.00372	0.00401	0.00123	0.02092	0.00344	0.00182	0.00519
75	0.04683	0.02790	0.14318	0.10029	0.06613	0.05219	0.15854	0.06283	0.03876	0.08800	0.02193	0.12607	0.02839	0.00527	0.00406	0.00128	0.00462	0.01602	0.00266	0.00505
76	0.05747	0.05489	0.01389	0.01047	0.01282	0.12043	0.19802	0.17730	0.05616	0.04552	0.00792	0.00956	0.00628	0.01739	0.02174	0.00141	0.17747	0.00356	0.00253	0.00517
77	0.00520	0.00398	0.00477	0.00463	0.00566	0.00358	0.00345	0.00681	0.02156	0.01354	0.51282	0.07560	0.30677	0.00875	0.00459	0.00127	0.00191	0.00758	0.00400	0.00354
78	0.00644	0.00556	0.00886	0.36151	0.09989	0.00617	0.01855	0.00812	0.00772	0.01027	0.02250	0.35890	0.01436	0.03574	0.00484	0.00147	0.00381	0.00667	0.01467	0.00395
79	0.00951	0.03851	0.08966	0.13558	0.47723	0.04094	0.07160	0.01196	0.00867	0.03958	0.00733	0.00951	0.00587	0.00369	0.00413	0.00119	0.03402	0.00341	0.00195	0.00563
80	0.01417	0.01035	0.01106	0.00867	0.01162	0.02317	0.00709	0.65186	0.13332	0.07249	0.01054	0.01024	0.00750	0.00474	0.00388	0.00118	0.00408	0.00363	0.00392	0.00650
81	0.00477	0.00341	0.00455	0.00542	0.00567	0.00318	0.00365	0.00549	0.00752	0.01004	0.03801	0.82886	0.02580	0.01203	0.00495	0.00157	0.00227	0.02603	0.00361	0.00317
82	0.76713	0.02368	0.00699	0.00625	0.03886	0.00873	0.03256	0.02182	0.00711	0.01691	0.03695	0.00745	0.00559	0.00375	0.00263	0.00119	0.00317	0.00244	0.00244	0.00433

[dist]
# distance from previous block
# <min> <max>
0	6

# created by:
# /st0/software/busco_prod/Augustus/scripts/msa2prfl.pl ./align_prep/29070.fa
