[name]
unknown

[dist]
# distance from previous block
# <min> <max>
0	54

[block]
# block no. 0 follows, 56 sequences, length 29
# corresponding to MSA columns:
# 54-70,72-83
name=unknown_A
#
# <colnr> <probs for GDERKNQSTAVLIFYWHMCP>
#	G	D	E	R	K	N	Q	S	T	A	V	L	I	F	Y	W	H	M	C	P
0	0.00992	0.06421	0.07236	0.01110	0.01207	0.01276	0.00970	0.01172	0.03425	0.02469	0.00852	0.04456	0.00832	0.02146	0.03891	0.00209	0.57644	0.02942	0.00234	0.00519
1	0.00711	0.00545	0.03234	0.00632	0.02021	0.00499	0.00434	0.01653	0.01775	0.03111	0.06784	0.13651	0.08308	0.43251	0.10157	0.01318	0.00480	0.00741	0.00328	0.00367
2	0.03866	0.03226	0.07717	0.13502	0.20096	0.04266	0.14354	0.05564	0.03053	0.03979	0.00951	0.03789	0.00793	0.02568	0.00631	0.00159	0.10166	0.00451	0.00257	0.00611
3	0.00866	0.03333	0.04084	0.02182	0.00938	0.07497	0.00656	0.00949	0.00783	0.01041	0.01196	0.04557	0.03478	0.25334	0.13476	0.06858	0.19996	0.02120	0.00251	0.00404
4	0.00760	0.00546	0.00747	0.00838	0.00950	0.00548	0.00727	0.03239	0.01085	0.01410	0.02445	0.06940	0.04400	0.01249	0.00626	0.00207	0.00417	0.72009	0.00424	0.00431
5	0.01382	0.03067	0.11305	0.21947	0.10499	0.04332	0.08060	0.05733	0.01157	0.26251	0.01148	0.01256	0.00799	0.00482	0.00458	0.00144	0.00559	0.00420	0.00335	0.00665
6	0.00910	0.02284	0.05596	0.01141	0.13537	0.00825	0.01731	0.05098	0.19356	0.01541	0.05126	0.16581	0.06806	0.01083	0.07877	0.00214	0.00477	0.08878	0.00373	0.00566
7	0.01952	0.00812	0.01062	0.00824	0.01166	0.00739	0.00677	0.07798	0.04627	0.69216	0.01750	0.01541	0.01123	0.00568	0.00456	0.00141	0.00391	0.00459	0.03932	0.00765
8	0.00659	0.00505	0.00615	0.00655	0.00746	0.00497	0.00469	0.00941	0.12047	0.01404	0.15954	0.46658	0.12376	0.01201	0.00558	0.00172	0.00272	0.03386	0.00445	0.00436
9	0.00957	0.05957	0.04667	0.12474	0.25420	0.00881	0.04161	0.01165	0.02046	0.04471	0.01136	0.04599	0.01086	0.23815	0.05051	0.00256	0.00554	0.00513	0.00260	0.00532
10	0.00693	0.00460	0.00609	0.00625	0.00714	0.00431	0.00451	0.00841	0.01069	0.06345	0.33471	0.37326	0.06755	0.01321	0.06489	0.00206	0.00323	0.00991	0.00453	0.00425
11	0.28176	0.00814	0.00945	0.00751	0.01085	0.00784	0.00620	0.01965	0.01150	0.56981	0.01451	0.01312	0.00940	0.00525	0.00407	0.00142	0.00380	0.00396	0.00481	0.00694
12	0.00946	0.00928	0.05866	0.20435	0.16324	0.04479	0.07054	0.01195	0.00923	0.04480	0.01026	0.01436	0.00868	0.03872	0.27769	0.00352	0.00818	0.00447	0.00242	0.00540
13	0.00852	0.00814	0.03114	0.17532	0.15747	0.04411	0.02911	0.01069	0.00925	0.01249	0.07032	0.01796	0.06037	0.04952	0.26890	0.00350	0.03050	0.00508	0.00262	0.00502
14	0.02011	0.00808	0.01075	0.00830	0.01182	0.00720	0.00684	0.04963	0.04609	0.75273	0.01789	0.01553	0.01135	0.00570	0.00462	0.00142	0.00394	0.00462	0.00560	0.00779
15	0.00568	0.00405	0.00539	0.00643	0.00672	0.00380	0.00433	0.00650	0.00880	0.01172	0.02501	0.79037	0.02991	0.03384	0.00629	0.00193	0.00276	0.03853	0.00423	0.00372
16	0.01075	0.33991	0.10201	0.02580	0.02420	0.03766	0.01919	0.03838	0.06059	0.03211	0.01272	0.11827	0.03757	0.00638	0.00454	0.00134	0.04143	0.02750	0.05399	0.00565
17	0.01179	0.01357	0.07411	0.02189	0.02663	0.23303	0.00910	0.05897	0.05570	0.01343	0.06123	0.04248	0.03919	0.03199	0.00868	0.00168	0.28375	0.00463	0.00279	0.00537
18	0.20632	0.12220	0.03698	0.03250	0.10530	0.31403	0.00842	0.02536	0.01062	0.01411	0.00870	0.07927	0.00798	0.00527	0.00391	0.00131	0.00583	0.00384	0.00258	0.00548
19	0.00921	0.02375	0.81487	0.01309	0.01987	0.01066	0.01696	0.01454	0.00969	0.01454	0.00824	0.00969	0.00582	0.00436	0.00436	0.00145	0.00678	0.00339	0.00194	0.00678
20	0.01004	0.00841	0.00919	0.00834	0.01051	0.00943	0.00644	0.01999	0.58066	0.01898	0.23980	0.02194	0.02223	0.00711	0.00488	0.00153	0.00322	0.00606	0.00478	0.00644
21	0.00952	0.00816	0.00952	0.00680	0.01088	0.00612	0.00544	0.01156	0.00952	0.01496	0.00816	0.00952	0.00680	0.00340	0.00340	0.00068	0.00340	0.00272	0.00272	0.86672
22	0.00643	0.00469	0.00605	0.00571	0.00682	0.00430	0.00428	0.00854	0.01284	0.01804	0.76094	0.03490	0.09020	0.00952	0.00542	0.00145	0.00218	0.00839	0.00501	0.00430
23	0.13744	0.00865	0.01048	0.00821	0.01164	0.00833	0.00676	0.11384	0.04543	0.57733	0.01566	0.01401	0.01016	0.00549	0.00437	0.00142	0.00398	0.00429	0.00512	0.00740
24	0.00966	0.00475	0.00498	0.00472	0.00604	0.00471	0.00361	0.03118	0.01018	0.07537	0.01511	0.01685	0.01164	0.00538	0.00335	0.00110	0.00234	0.00430	0.78012	0.00462
25	0.00579	0.00461	0.00519	0.00515	0.00645	0.00401	0.00382	0.00725	0.01116	0.01431	0.29278	0.10235	0.49869	0.01111	0.00546	0.00154	0.00230	0.00950	0.00452	0.00401
26	0.00644	0.00449	0.00545	0.00560	0.00596	0.00444	0.00363	0.00708	0.00809	0.01088	0.10419	0.14751	0.06819	0.48144	0.08541	0.00374	0.00448	0.03630	0.00336	0.00332
27	0.00707	0.00605	0.03900	0.00727	0.03227	0.00536	0.02089	0.00989	0.05128	0.01752	0.63342	0.03047	0.04924	0.01042	0.05788	0.00183	0.00329	0.00758	0.00459	0.00468
28	0.01093	0.15502	0.01444	0.05059	0.01262	0.08328	0.00879	0.07439	0.00929	0.01241	0.00785	0.01109	0.00715	0.01154	0.15961	0.00268	0.35692	0.00383	0.00232	0.00526

[dist]
# distance from previous block
# <min> <max>
2	4

[block]
# block no. 1 follows, 56 sequences, length 31
# corresponding to MSA columns:
# 88-118
name=unknown_B
#
# <colnr> <probs for GDERKNQSTAVLIFYWHMCP>
#	G	D	E	R	K	N	Q	S	T	A	V	L	I	F	Y	W	H	M	C	P
0	0.03000	0.02968	0.21924	0.03648	0.27470	0.03053	0.17028	0.05592	0.03681	0.04157	0.00924	0.01122	0.00707	0.00442	0.00483	0.00144	0.02318	0.00414	0.00251	0.00676
1	0.00592	0.00465	0.00536	0.00523	0.00652	0.00408	0.00391	0.00753	0.01156	0.01514	0.39524	0.06981	0.42724	0.01070	0.00544	0.00151	0.00227	0.00918	0.00463	0.00408
2	0.00601	0.00466	0.00550	0.00566	0.00677	0.00422	0.00416	0.00771	0.03144	0.01422	0.26312	0.23377	0.34653	0.01154	0.00554	0.00162	0.00246	0.03650	0.00450	0.00407
3	0.01836	0.00924	0.01132	0.00880	0.01213	0.00911	0.00720	0.27946	0.01545	0.48247	0.01533	0.01478	0.01040	0.04102	0.04139	0.00179	0.00468	0.00455	0.00506	0.00744
4	0.00737	0.00646	0.02744	0.06551	0.08225	0.00651	0.04899	0.00924	0.02052	0.01170	0.03171	0.02229	0.13558	0.12098	0.36029	0.02226	0.00789	0.00578	0.00279	0.00444
5	0.79870	0.00879	0.00708	0.00622	0.00912	0.01000	0.00512	0.01425	0.00827	0.08806	0.00739	0.00815	0.00552	0.00438	0.00299	0.00142	0.00358	0.00267	0.00308	0.00521
6	0.00835	0.00617	0.00800	0.00785	0.00898	0.00674	0.00636	0.09405	0.01082	0.01504	0.10445	0.09259	0.03677	0.03498	0.16101	0.00289	0.07561	0.24455	0.07021	0.00459
7	0.01715	0.02188	0.01301	0.01183	0.01419	0.82022	0.00887	0.01833	0.01301	0.01124	0.00710	0.00828	0.00591	0.00473	0.00414	0.00118	0.00828	0.00296	0.00237	0.00532
8	0.06508	0.35114	0.01743	0.01093	0.09219	0.05242	0.06559	0.01361	0.00974	0.07284	0.00999	0.01395	0.00890	0.00871	0.10435	0.00203	0.02327	0.06946	0.00263	0.00573
9	0.01171	0.01001	0.01055	0.00940	0.01205	0.01156	0.00734	0.06205	0.76359	0.01968	0.01831	0.01683	0.01371	0.00619	0.00467	0.00155	0.00370	0.00514	0.00467	0.00729
10	0.01717	0.02133	0.01306	0.01175	0.01420	0.77130	0.00886	0.06546	0.01353	0.01231	0.00733	0.00845	0.00603	0.00478	0.00417	0.00119	0.00808	0.00303	0.00250	0.00547
11	0.00989	0.08253	0.07033	0.24438	0.10025	0.03559	0.00949	0.01246	0.03075	0.07850	0.03251	0.01974	0.19951	0.00655	0.00517	0.00147	0.04704	0.00534	0.00301	0.00549
12	0.01548	0.06254	0.01345	0.01009	0.01346	0.03294	0.00828	0.51743	0.23468	0.02474	0.01275	0.01241	0.00935	0.00559	0.00450	0.00140	0.00473	0.00429	0.00440	0.00748
13	0.00660	0.00501	0.00654	0.02144	0.00788	0.00517	0.00504	0.04938	0.00943	0.01263	0.02376	0.68228	0.06087	0.01315	0.00642	0.00183	0.06281	0.01161	0.00408	0.00407
14	0.01471	0.01444	0.01120	0.00980	0.01230	0.33869	0.00758	0.17422	0.18778	0.03478	0.01187	0.01228	0.00909	0.00533	0.00422	0.00129	0.00558	0.00392	0.13478	0.00614
15	0.87108	0.00888	0.00675	0.00604	0.00888	0.01030	0.00497	0.01350	0.00781	0.02060	0.00639	0.00746	0.00497	0.00426	0.00284	0.00142	0.00355	0.00249	0.00284	0.00497
16	0.00884	0.00753	0.00796	0.00735	0.00943	0.00809	0.00566	0.01662	0.44781	0.01673	0.10338	0.02830	0.29686	0.00843	0.00501	0.00154	0.00303	0.00707	0.00456	0.00579
17	0.01563	0.00977	0.01333	0.17411	0.08148	0.05299	0.05817	0.10117	0.05169	0.35708	0.01361	0.01430	0.00947	0.00532	0.00466	0.00145	0.00506	0.01972	0.00410	0.00689
18	0.01004	0.01004	0.01406	0.01205	0.01205	0.01406	0.01004	0.01105	0.00703	0.01105	0.00603	0.01004	0.00603	0.00804	0.01507	0.00201	0.83025	0.00402	0.00201	0.00502
19	0.02044	0.00806	0.01081	0.00829	0.01184	0.00711	0.00684	0.06013	0.01355	0.77486	0.01777	0.01540	0.01119	0.00567	0.00462	0.00142	0.00396	0.00459	0.00563	0.00781
20	0.00921	0.02375	0.81487	0.01309	0.01987	0.01066	0.01696	0.01454	0.00969	0.01454	0.00824	0.00969	0.00582	0.00436	0.00436	0.00145	0.00678	0.00339	0.00194	0.00678
21	0.00665	0.00447	0.00516	0.00528	0.00535	0.00445	0.00312	0.00681	0.00701	0.00933	0.01565	0.08012	0.01805	0.74404	0.02139	0.00417	0.00433	0.04876	0.00295	0.00292
22	0.02772	0.00844	0.10942	0.08537	0.01323	0.00671	0.09186	0.01006	0.01041	0.01385	0.08347	0.04931	0.23729	0.00925	0.00542	0.00169	0.00437	0.22381	0.00357	0.00476
23	0.34267	0.00795	0.00866	0.00706	0.01017	0.00785	0.00580	0.01765	0.01089	0.44368	0.01607	0.01495	0.07675	0.00565	0.00401	0.00143	0.00364	0.00424	0.00448	0.00640
24	0.00571	0.00460	0.00517	0.00537	0.00659	0.00411	0.00399	0.00690	0.00994	0.01232	0.06364	0.16285	0.54047	0.03416	0.07534	0.00219	0.00336	0.04533	0.00410	0.00388
25	0.03050	0.27978	0.14141	0.07953	0.15358	0.05273	0.05983	0.04105	0.01062	0.09743	0.00880	0.01016	0.00682	0.00436	0.00401	0.00128	0.00560	0.00351	0.00256	0.00644
26	0.01044	0.01090	0.04212	0.17896	0.11828	0.01099	0.35100	0.02828	0.04224	0.02958	0.01080	0.01404	0.03422	0.00501	0.00590	0.00156	0.07658	0.02057	0.00253	0.00601
27	0.00577	0.00444	0.00502	0.00526	0.00627	0.00391	0.00372	0.00664	0.00970	0.01214	0.08669	0.23880	0.46537	0.06423	0.00742	0.05430	0.00263	0.00990	0.00408	0.00369
28	0.02453	0.00867	0.02953	0.09912	0.17135	0.00836	0.20637	0.01144	0.02418	0.01363	0.03492	0.11057	0.11373	0.04915	0.00632	0.01693	0.00512	0.05778	0.00299	0.00532
29	0.03144	0.16139	0.25816	0.04670	0.01594	0.06037	0.05433	0.13027	0.01209	0.13416	0.01003	0.01081	0.00727	0.00470	0.00416	0.00133	0.00561	0.00365	0.04102	0.00659
30	0.02777	0.07150	0.04616	0.08101	0.24778	0.01011	0.10775	0.07540	0.02891	0.04128	0.02564	0.08930	0.01178	0.02555	0.00521	0.00155	0.00517	0.07104	0.00300	0.02409

[dist]
# distance from previous block
# <min> <max>
0	21

[block]
# block no. 2 follows, 56 sequences, length 51
# corresponding to MSA columns:
# 141-191
name=unknown_C
#
# <colnr> <probs for GDERKNQSTAVLIFYWHMCP>
#	G	D	E	R	K	N	Q	S	T	A	V	L	I	F	Y	W	H	M	C	P
0	0.04453	0.15546	0.18213	0.01065	0.06803	0.01100	0.02927	0.13875	0.01204	0.08818	0.06549	0.01563	0.09620	0.00630	0.01939	0.00147	0.02843	0.00456	0.00325	0.01925
1	0.02082	0.09129	0.00867	0.02461	0.04660	0.05030	0.00525	0.02791	0.01006	0.01285	0.13479	0.04988	0.23974	0.19799	0.03072	0.00228	0.00402	0.03441	0.00350	0.00429
2	0.00662	0.00445	0.00543	0.00557	0.00577	0.00449	0.00350	0.00684	0.00715	0.00957	0.01614	0.11651	0.03978	0.55679	0.11023	0.06256	0.00505	0.02757	0.00293	0.00305
3	0.06694	0.01172	0.05470	0.02712	0.31487	0.03799	0.02062	0.20743	0.01299	0.07432	0.00992	0.01215	0.00785	0.00511	0.00523	0.00142	0.06578	0.02576	0.00316	0.03492
4	0.05393	0.32479	0.18833	0.01210	0.10470	0.13474	0.03107	0.02576	0.03271	0.01320	0.00806	0.02196	0.00684	0.01887	0.00414	0.00129	0.00581	0.00333	0.00227	0.00610
5	0.00730	0.00542	0.00624	0.00603	0.00743	0.00522	0.00453	0.03485	0.09330	0.02967	0.28271	0.14271	0.26836	0.01004	0.00524	0.00153	0.00259	0.02261	0.05964	0.00458
6	0.01015	0.12475	0.01081	0.04968	0.01097	0.00954	0.00643	0.05214	0.28793	0.04621	0.15998	0.02166	0.12153	0.00741	0.00514	0.03584	0.00356	0.00576	0.02475	0.00576
7	0.00578	0.00409	0.00540	0.00626	0.00665	0.00382	0.00424	0.00678	0.00933	0.01268	0.12167	0.71599	0.03149	0.01354	0.00574	0.00179	0.00259	0.01224	0.02610	0.00382
8	0.00652	0.00490	0.00722	0.00722	0.00803	0.00564	0.00557	0.00810	0.00746	0.01066	0.01350	0.01927	0.03808	0.05814	0.76916	0.00710	0.01173	0.00513	0.00253	0.00405
9	0.00650	0.00469	0.00614	0.00578	0.00686	0.00433	0.00433	0.00866	0.01300	0.01841	0.80760	0.03429	0.04332	0.00939	0.00541	0.00144	0.00217	0.00830	0.00505	0.00433
10	0.01162	0.00996	0.01049	0.00938	0.01201	0.01151	0.00732	0.04997	0.77583	0.01953	0.01843	0.01693	0.01381	0.00620	0.00467	0.00155	0.00368	0.00516	0.00467	0.00728
11	0.00646	0.00469	0.00608	0.00573	0.00683	0.00431	0.00430	0.00858	0.01289	0.01817	0.77732	0.03469	0.07375	0.00947	0.00542	0.00145	0.00217	0.00836	0.00502	0.00431
12	0.00921	0.02375	0.81487	0.01309	0.01987	0.01066	0.01696	0.01454	0.00969	0.01454	0.00824	0.00969	0.00582	0.00436	0.00436	0.00145	0.00678	0.00339	0.00194	0.00678
13	0.00952	0.00816	0.00952	0.00680	0.01088	0.00612	0.00544	0.01156	0.00952	0.01496	0.00816	0.00952	0.00680	0.00340	0.00340	0.00068	0.00340	0.00272	0.00272	0.86672
14	0.00856	0.00428	0.00428	0.00428	0.00535	0.00428	0.00321	0.01070	0.00963	0.01712	0.01498	0.01712	0.01177	0.00535	0.00321	0.00107	0.00214	0.00428	0.86414	0.00428
15	0.00575	0.00466	0.00510	0.00499	0.00640	0.00401	0.00374	0.00721	0.01122	0.01420	0.27407	0.04123	0.57947	0.01096	0.00542	0.00152	0.00228	0.00927	0.00450	0.00401
16	0.00740	0.00528	0.00740	0.00845	0.00951	0.00528	0.00740	0.00951	0.01057	0.01374	0.02431	0.05179	0.02642	0.01268	0.00634	0.00211	0.00423	0.77912	0.00423	0.00423
17	0.00856	0.00428	0.00428	0.00428	0.00535	0.00428	0.00321	0.01070	0.00963	0.01712	0.01498	0.01712	0.01177	0.00535	0.00321	0.00107	0.00214	0.00428	0.86414	0.00428
18	0.03997	0.00799	0.01066	0.00819	0.01173	0.00706	0.00677	0.04567	0.01328	0.77119	0.01763	0.01530	0.01111	0.00564	0.00458	0.00142	0.00393	0.00455	0.00558	0.00775
19	0.01629	0.01199	0.01295	0.01015	0.01349	0.01320	0.00829	0.71716	0.02033	0.02724	0.01243	0.09215	0.01003	0.00638	0.00472	0.00143	0.00482	0.00501	0.00456	0.00741
20	0.01694	0.00702	0.00957	0.00786	0.01064	0.00630	0.00638	0.01859	0.01188	0.60090	0.01811	0.03826	0.01355	0.07026	0.07016	0.00218	0.00461	0.07501	0.00505	0.00674
21	0.00561	0.00403	0.00533	0.00633	0.00665	0.00375	0.00424	0.00645	0.00893	0.01188	0.04250	0.79636	0.05255	0.01420	0.00584	0.00185	0.00264	0.01286	0.00428	0.00375
22	0.01046	0.06618	0.01805	0.29824	0.42568	0.01122	0.07808	0.01331	0.00998	0.01358	0.00838	0.01148	0.00676	0.00423	0.00453	0.00141	0.00583	0.00409	0.00218	0.00635
23	0.01078	0.01223	0.02623	0.01887	0.02320	0.01177	0.74154	0.01446	0.01058	0.01446	0.00907	0.01223	0.00690	0.00415	0.00606	0.00158	0.06213	0.00533	0.00230	0.00611
24	0.00569	0.00425	0.00531	0.00604	0.00670	0.00387	0.00423	0.00672	0.00952	0.01237	0.07594	0.56198	0.21685	0.01335	0.00575	0.00178	0.00263	0.04887	0.00431	0.00382
25	0.81997	0.00927	0.00770	0.00669	0.00960	0.02552	0.03723	0.01364	0.00803	0.02018	0.00652	0.00767	0.00507	0.00425	0.00297	0.00142	0.00381	0.00261	0.00281	0.00503
26	0.00552	0.00459	0.00482	0.00489	0.00629	0.00390	0.00362	0.00672	0.01050	0.01278	0.10067	0.11603	0.68045	0.01171	0.00546	0.00157	0.00234	0.00990	0.00432	0.00390
27	0.30251	0.01016	0.01361	0.12372	0.21830	0.02544	0.08217	0.08490	0.01035	0.01748	0.00825	0.02335	0.00666	0.00458	0.00431	0.00143	0.02587	0.00376	0.00269	0.03045
28	0.01055	0.01178	0.09838	0.27629	0.32497	0.06845	0.01273	0.03267	0.03562	0.01393	0.00939	0.01307	0.00770	0.00571	0.03085	0.00164	0.00611	0.03156	0.00238	0.00620
29	0.00665	0.00475	0.00605	0.00569	0.00688	0.00432	0.00428	0.00868	0.01269	0.03342	0.69945	0.03513	0.13565	0.00958	0.00540	0.00146	0.00222	0.00840	0.00497	0.00435
30	0.00637	0.00471	0.00605	0.00588	0.00683	0.00461	0.00433	0.00797	0.01044	0.01439	0.39640	0.03145	0.15226	0.12485	0.19981	0.00325	0.00488	0.00751	0.00402	0.00400
31	0.00666	0.00453	0.00542	0.00542	0.00557	0.00468	0.00330	0.00694	0.00680	0.00921	0.01408	0.02793	0.01577	0.69703	0.16374	0.00497	0.00583	0.00637	0.00273	0.00301
32	0.87108	0.00888	0.00675	0.00604	0.00888	0.01030	0.00497	0.01350	0.00781	0.02060	0.00639	0.00746	0.00497	0.00426	0.00284	0.00142	0.00355	0.00249	0.00284	0.00497
33	0.01029	0.00479	0.00520	0.00484	0.00627	0.00463	0.00372	0.01238	0.01013	0.13186	0.01543	0.01690	0.01171	0.00540	0.00341	0.00112	0.00239	0.00433	0.74041	0.00479
34	0.48844	0.00861	0.00841	0.00699	0.01008	0.00906	0.00572	0.05131	0.03266	0.24253	0.01086	0.03229	0.00795	0.00498	0.00359	0.00138	0.00369	0.00353	0.00380	0.06412
35	0.01715	0.02188	0.01301	0.01183	0.01419	0.82022	0.00887	0.01833	0.01301	0.01124	0.00710	0.00828	0.00591	0.00473	0.00414	0.00118	0.00828	0.00296	0.00237	0.00532
36	0.01087	0.46725	0.38593	0.01025	0.01548	0.01473	0.01202	0.01411	0.00950	0.01251	0.00723	0.00843	0.00586	0.00413	0.00359	0.00120	0.00577	0.00288	0.00195	0.00630
37	0.00867	0.00816	0.01377	0.82762	0.03162	0.01020	0.01275	0.01173	0.00918	0.01173	0.00816	0.01224	0.00612	0.00459	0.00459	0.00153	0.00612	0.00408	0.00204	0.00510
38	0.00668	0.00445	0.00501	0.00501	0.00501	0.00445	0.00278	0.00668	0.00668	0.00890	0.01447	0.03004	0.01669	0.83866	0.02337	0.00445	0.00445	0.00668	0.00278	0.00278
39	0.87108	0.00888	0.00675	0.00604	0.00888	0.01030	0.00497	0.01350	0.00781	0.02060	0.00639	0.00746	0.00497	0.00426	0.00284	0.00142	0.00355	0.00249	0.00284	0.00497
40	0.87108	0.00888	0.00675	0.00604	0.00888	0.01030	0.00497	0.01350	0.00781	0.02060	0.00639	0.00746	0.00497	0.00426	0.00284	0.00142	0.00355	0.00249	0.00284	0.00497
41	0.01711	0.02127	0.01289	0.01168	0.01408	0.78211	0.00878	0.01857	0.03072	0.03110	0.00763	0.00866	0.00623	0.00479	0.00416	0.00120	0.00807	0.00305	0.00250	0.00543
42	0.87108	0.00888	0.00675	0.00604	0.00888	0.01030	0.00497	0.01350	0.00781	0.02060	0.00639	0.00746	0.00497	0.00426	0.00284	0.00142	0.00355	0.00249	0.00284	0.00497
43	0.01427	0.01128	0.01199	0.00992	0.01302	0.01275	0.00796	0.38839	0.43309	0.02380	0.01506	0.01424	0.01108	0.00589	0.00463	0.00147	0.00430	0.00469	0.00463	0.00752
44	0.00623	0.00466	0.00569	0.00546	0.00665	0.00420	0.00409	0.00810	0.01219	0.01667	0.57690	0.04991	0.24783	0.01000	0.00539	0.00147	0.00222	0.00868	0.01946	0.00420
45	0.00568	0.00409	0.00525	0.00613	0.00648	0.00380	0.00407	0.00643	0.00873	0.01152	0.02596	0.70272	0.08883	0.08804	0.00740	0.00207	0.00280	0.01222	0.00413	0.00366
46	0.01425	0.04124	0.02451	0.08569	0.14418	0.05911	0.00950	0.33769	0.04985	0.06395	0.01035	0.01131	0.00775	0.00496	0.00456	0.00131	0.02055	0.00392	0.01460	0.09071
47	0.00574	0.00462	0.00511	0.00508	0.00641	0.00399	0.00378	0.00715	0.01106	0.01403	0.25699	0.09470	0.54285	0.01119	0.00545	0.00154	0.00230	0.00953	0.00448	0.00399
48	0.01195	0.01348	0.01663	0.06867	0.01654	0.22082	0.18171	0.01377	0.00955	0.01194	0.00716	0.01025	0.00621	0.00604	0.00943	0.00166	0.38258	0.00406	0.00217	0.00536
49	0.04680	0.04826	0.05950	0.08133	0.15302	0.15014	0.11824	0.15282	0.02348	0.01617	0.00968	0.01169	0.02213	0.00679	0.05982	0.00179	0.02530	0.00409	0.00276	0.00620
50	0.03738	0.62361	0.02103	0.03066	0.04086	0.08600	0.00813	0.03175	0.01007	0.04372	0.00718	0.00818	0.00620	0.00412	0.00326	0.00106	0.00514	0.00273	0.00226	0.02665

[dist]
# distance from previous block
# <min> <max>
0	16

[block]
# block no. 3 follows, 56 sequences, length 45
# corresponding to MSA columns:
# 212-243,246-251,253-259
name=unknown_D
#
# <colnr> <probs for GDERKNQSTAVLIFYWHMCP>
#	G	D	E	R	K	N	Q	S	T	A	V	L	I	F	Y	W	H	M	C	P
0	0.06898	0.01185	0.02485	0.06906	0.09341	0.16131	0.03121	0.14586	0.09029	0.02932	0.03366	0.01445	0.07223	0.00600	0.01987	0.00143	0.00523	0.00436	0.02379	0.09284
1	0.00712	0.02047	0.00836	0.00788	0.00869	0.00691	0.00623	0.00883	0.02051	0.01100	0.01334	0.04013	0.03676	0.03739	0.61581	0.00601	0.10951	0.02821	0.00259	0.00427
2	0.00998	0.02040	0.10796	0.04473	0.09989	0.04683	0.02038	0.04901	0.09538	0.04666	0.10580	0.09420	0.06520	0.01651	0.00548	0.03039	0.01759	0.00568	0.03670	0.08123
3	0.01394	0.00947	0.01055	0.00853	0.01129	0.00999	0.00687	0.44608	0.01713	0.10232	0.13088	0.06734	0.08718	0.00716	0.00479	0.00142	0.00398	0.00582	0.04873	0.00653
4	0.00621	0.00467	0.00577	0.00579	0.00681	0.00453	0.00430	0.00763	0.00971	0.01300	0.18340	0.08356	0.28518	0.09086	0.21519	0.00329	0.00509	0.02626	0.03481	0.00394
5	0.22519	0.03005	0.00920	0.00664	0.01040	0.00748	0.00539	0.01210	0.00909	0.01626	0.00767	0.00895	0.00632	0.00363	0.00325	0.00087	0.00348	0.00265	0.00273	0.62866
6	0.85285	0.00879	0.00671	0.00602	0.00880	0.01018	0.00493	0.01335	0.00779	0.02035	0.00656	0.00793	0.00522	0.02186	0.00327	0.00148	0.00357	0.00257	0.00284	0.00493
7	0.00574	0.00461	0.00509	0.00508	0.00638	0.00399	0.00374	0.00710	0.01089	0.01380	0.23753	0.10124	0.53709	0.02999	0.00586	0.00161	0.00236	0.00952	0.00443	0.00396
8	0.03361	0.00457	0.00587	0.01974	0.00739	0.00462	0.00475	0.00789	0.00875	0.01257	0.02051	0.42584	0.02288	0.08291	0.10719	0.00267	0.00422	0.10830	0.11183	0.00389
9	0.00999	0.00942	0.01359	0.67262	0.02807	0.07866	0.01199	0.01270	0.00954	0.04626	0.00837	0.01192	0.00632	0.00486	0.00521	0.00153	0.05749	0.00400	0.00222	0.00523
10	0.01053	0.00929	0.01419	0.26942	0.30986	0.01011	0.01122	0.04825	0.12836	0.03432	0.04017	0.05279	0.01044	0.00533	0.00465	0.00146	0.00503	0.00481	0.00295	0.02682
11	0.00945	0.07514	0.74369	0.01292	0.01947	0.01116	0.03726	0.01449	0.00970	0.01431	0.00815	0.00962	0.00585	0.00432	0.00430	0.00143	0.00669	0.00339	0.00195	0.00671
12	0.09290	0.00780	0.01013	0.00787	0.01129	0.00698	0.00649	0.02127	0.01258	0.72177	0.01702	0.01497	0.01083	0.00555	0.00442	0.00141	0.00382	0.00442	0.03101	0.00747
13	0.00581	0.00467	0.00519	0.00506	0.00644	0.00404	0.00379	0.00734	0.01137	0.01456	0.32031	0.04063	0.53301	0.01082	0.00542	0.00151	0.00227	0.00919	0.00455	0.00404
14	0.00891	0.00739	0.01187	0.01043	0.01241	0.00736	0.17586	0.05978	0.04505	0.03357	0.02026	0.14379	0.05921	0.03500	0.02196	0.00201	0.01992	0.31647	0.00378	0.00497
15	0.00569	0.00407	0.00544	0.00651	0.00682	0.00381	0.00443	0.00656	0.00889	0.01183	0.02525	0.79274	0.03015	0.01429	0.00589	0.00188	0.00275	0.05499	0.00426	0.00376
16	0.00559	0.00400	0.00533	0.00639	0.00666	0.00373	0.00426	0.00639	0.00879	0.01172	0.02530	0.83566	0.03036	0.01438	0.00586	0.00186	0.00266	0.01305	0.00426	0.00373
17	0.00867	0.00816	0.01377	0.82762	0.03162	0.01020	0.01275	0.01173	0.00918	0.01173	0.00816	0.01224	0.00612	0.00459	0.00459	0.00153	0.00612	0.00408	0.00204	0.00510
18	0.01083	0.06009	0.01303	0.05502	0.07608	0.23788	0.08835	0.01267	0.00985	0.01177	0.01014	0.03779	0.00916	0.03029	0.29649	0.00353	0.00877	0.00442	0.01880	0.00504
19	0.00668	0.00445	0.00501	0.00501	0.00501	0.00445	0.00278	0.00668	0.00668	0.00890	0.01447	0.03004	0.01669	0.83866	0.02337	0.00445	0.00445	0.00668	0.00278	0.00278
20	0.00656	0.00492	0.00738	0.00738	0.00820	0.00574	0.00574	0.00820	0.00738	0.01066	0.01230	0.01804	0.01148	0.03443	0.82046	0.00738	0.01230	0.00492	0.00246	0.00410
21	0.00686	0.00572	0.00621	0.00607	0.00733	0.04359	0.00450	0.00913	0.05776	0.01525	0.37395	0.13674	0.26396	0.01103	0.02965	0.00170	0.00296	0.00878	0.00449	0.00433
22	0.00995	0.01040	0.01748	0.32247	0.07021	0.07024	0.26454	0.01278	0.00995	0.01286	0.01016	0.08220	0.00894	0.00555	0.00558	0.00157	0.05472	0.02253	0.00240	0.00546
23	0.00963	0.02111	0.65425	0.01331	0.01944	0.01062	0.10065	0.04938	0.01051	0.01539	0.04671	0.01122	0.00782	0.00460	0.00454	0.00146	0.00659	0.00388	0.00225	0.00665
24	0.01715	0.02188	0.01301	0.01183	0.01419	0.82022	0.00887	0.01833	0.01301	0.01124	0.00710	0.00828	0.00591	0.00473	0.00414	0.00118	0.00828	0.00296	0.00237	0.00532
25	0.03093	0.23461	0.44647	0.01170	0.04803	0.02716	0.02362	0.01479	0.05598	0.01396	0.00833	0.00954	0.00642	0.00430	0.00395	0.00129	0.00586	0.00325	0.00219	0.04765
26	0.01245	0.01091	0.01402	0.26041	0.15308	0.06007	0.01070	0.19714	0.12390	0.03649	0.01041	0.01218	0.00792	0.00523	0.00532	0.00148	0.06448	0.00419	0.00315	0.00648
27	0.01975	0.00917	0.01149	0.00881	0.01240	0.00876	0.00728	0.22983	0.01541	0.60254	0.01621	0.01439	0.01041	0.00564	0.00461	0.00141	0.00421	0.00449	0.00539	0.00781
28	0.00945	0.00808	0.00945	0.00678	0.01079	0.00608	0.00542	0.01150	0.00960	0.01504	0.02571	0.01006	0.00760	0.00353	0.00344	0.00070	0.00337	0.00284	0.00277	0.84779
29	0.01162	0.01285	0.04776	0.01690	0.26652	0.18290	0.12885	0.01535	0.10093	0.01507	0.12891	0.01537	0.02570	0.00535	0.00474	0.00139	0.00571	0.00486	0.00300	0.00618
30	0.01036	0.00866	0.00991	0.00769	0.03247	0.03199	0.00589	0.03626	0.01014	0.04626	0.00917	0.03656	0.00776	0.00397	0.00362	0.00080	0.00366	0.00322	0.00292	0.72869
31	0.00978	0.00937	0.01592	0.37613	0.35232	0.01021	0.05868	0.01288	0.02982	0.01349	0.01108	0.01399	0.05676	0.00482	0.00467	0.00146	0.00564	0.00454	0.00236	0.00604
32	0.02844	0.05961	0.02485	0.00835	0.01088	0.13331	0.00671	0.09199	0.18141	0.12243	0.09313	0.05650	0.14888	0.00722	0.00468	0.00143	0.00425	0.00582	0.00415	0.00596
33	0.01136	0.01091	0.01863	0.02818	0.81002	0.01091	0.01409	0.01409	0.01045	0.01500	0.00864	0.01136	0.00727	0.00409	0.00455	0.00136	0.00545	0.00409	0.00227	0.00727
34	0.05541	0.01037	0.01557	0.02068	0.50202	0.01056	0.01141	0.08808	0.08192	0.12628	0.01123	0.01299	0.00872	0.00480	0.00452	0.00141	0.00493	0.01866	0.00323	0.00723
35	0.01427	0.08776	0.13003	0.01208	0.06368	0.43705	0.00987	0.05373	0.04104	0.03095	0.00911	0.04527	0.00773	0.00606	0.03065	0.00147	0.00707	0.00372	0.00261	0.00584
36	0.00927	0.00865	0.01424	0.58101	0.18499	0.01020	0.01236	0.01277	0.05540	0.01277	0.00906	0.01263	0.00707	0.00601	0.04360	0.00178	0.00614	0.00419	0.00226	0.00561
37	0.01230	0.12835	0.07843	0.03110	0.24020	0.19198	0.08017	0.02677	0.03600	0.03301	0.05439	0.02397	0.03359	0.00501	0.00440	0.00132	0.00591	0.00425	0.00266	0.00618
38	0.00559	0.00421	0.00518	0.00587	0.00654	0.00380	0.00405	0.00656	0.00946	0.01223	0.06868	0.57481	0.24966	0.01337	0.00572	0.00176	0.00254	0.01188	0.00430	0.00380
39	0.01141	0.42528	0.22810	0.01096	0.07776	0.06325	0.01047	0.03699	0.01000	0.01263	0.00863	0.01047	0.02673	0.04426	0.00461	0.00134	0.00557	0.00330	0.00218	0.00606
40	0.07846	0.03214	0.06932	0.06602	0.26303	0.06513	0.00979	0.05818	0.04868	0.01527	0.04014	0.17403	0.01370	0.00694	0.00470	0.00151	0.00480	0.03921	0.00309	0.00586
41	0.01124	0.13213	0.26299	0.03276	0.23595	0.08128	0.05542	0.04875	0.02897	0.01442	0.00923	0.04963	0.00776	0.00481	0.00435	0.00136	0.00598	0.00408	0.00239	0.00651
42	0.01132	0.05812	0.27586	0.01158	0.05737	0.10082	0.01088	0.05912	0.26431	0.01641	0.04970	0.02717	0.01085	0.00542	0.00444	0.00142	0.00533	0.00433	0.00322	0.02233
43	0.00666	0.00452	0.00534	0.00534	0.00545	0.00463	0.00319	0.00689	0.00677	0.00915	0.01416	0.02837	0.01597	0.72682	0.13421	0.00486	0.00554	0.00643	0.00274	0.00296
44	0.00958	0.00821	0.00955	0.00688	0.01091	0.00628	0.00549	0.01194	0.03310	0.01509	0.00847	0.00975	0.00701	0.00348	0.00344	0.00071	0.00341	0.00279	0.00278	0.84113

[dist]
# distance from previous block
# <min> <max>
5	9

[block]
# block no. 4 follows, 56 sequences, length 15
# corresponding to MSA columns:
# 269,270,272-276,278-284,291
name=unknown_E
#
# <colnr> <probs for GDERKNQSTAVLIFYWHMCP>
#	G	D	E	R	K	N	Q	S	T	A	V	L	I	F	Y	W	H	M	C	P
0	0.03894	0.14824	0.04062	0.00985	0.01294	0.08882	0.00833	0.23513	0.28685	0.01922	0.01204	0.01207	0.00921	0.00550	0.00484	0.00140	0.05147	0.00403	0.00370	0.00680
1	0.01000	0.01222	0.19717	0.27093	0.18337	0.00996	0.01240	0.07228	0.01052	0.03319	0.01059	0.10280	0.00924	0.00567	0.00487	0.00150	0.02319	0.00491	0.00260	0.02259
2	0.01132	0.27582	0.28271	0.02785	0.01464	0.03441	0.01057	0.07827	0.02244	0.05410	0.01123	0.04451	0.04313	0.00529	0.00406	0.00129	0.00531	0.02246	0.00269	0.04790
3	0.02415	0.10674	0.44781	0.01259	0.01791	0.01141	0.13059	0.06474	0.04119	0.04391	0.00993	0.03225	0.00775	0.00489	0.00447	0.00144	0.00617	0.02297	0.00254	0.00655
4	0.00667	0.00448	0.00514	0.00514	0.00519	0.00452	0.00295	0.00676	0.00672	0.00900	0.01434	0.02937	0.01640	0.79322	0.06840	0.00462	0.00489	0.00658	0.00276	0.00286
5	0.05688	0.02974	0.06542	0.00951	0.08362	0.06966	0.00714	0.01374	0.14035	0.05301	0.12847	0.07733	0.12886	0.00732	0.00465	0.00142	0.00390	0.02493	0.03987	0.05418
6	0.02536	0.13381	0.21366	0.06946	0.06189	0.07133	0.10206	0.08853	0.04902	0.09194	0.00994	0.01161	0.00754	0.00483	0.00463	0.00140	0.02609	0.01759	0.00284	0.00649
7	0.00766	0.01009	0.20396	0.00788	0.01021	0.02886	0.00749	0.01033	0.05077	0.01282	0.06692	0.08071	0.14679	0.20361	0.05662	0.00257	0.01583	0.04799	0.02428	0.00462
8	0.00666	0.00460	0.00589	0.00595	0.00629	0.00485	0.00398	0.00722	0.00712	0.00972	0.01468	0.04790	0.03093	0.47936	0.28357	0.04072	0.00691	0.02763	0.00275	0.00327
9	0.78588	0.04632	0.00772	0.00630	0.00917	0.01071	0.00523	0.01410	0.05095	0.02008	0.00706	0.00798	0.00550	0.00435	0.00295	0.00141	0.00362	0.00263	0.00290	0.00514
10	0.01196	0.07262	0.21907	0.01309	0.14203	0.02223	0.03521	0.15756	0.02799	0.06592	0.03019	0.03313	0.02529	0.00520	0.00456	0.00135	0.02124	0.00425	0.04978	0.05735
11	0.03502	0.19825	0.26249	0.03425	0.01504	0.01153	0.05497	0.08889	0.03960	0.09065	0.02997	0.04239	0.00907	0.00508	0.00414	0.00133	0.00520	0.00407	0.04964	0.01843
12	0.01009	0.05487	0.03640	0.24413	0.10049	0.10878	0.03854	0.01220	0.00971	0.04600	0.01185	0.12037	0.01126	0.04655	0.08276	0.00219	0.02385	0.03207	0.00270	0.00520
13	0.03732	0.00738	0.08078	0.08924	0.02440	0.00616	0.00672	0.03966	0.01000	0.04610	0.07956	0.29937	0.10888	0.02616	0.02352	0.02680	0.00386	0.01741	0.01531	0.05140
14	0.04356	0.04786	0.12172	0.07944	0.09487	0.08718	0.03358	0.10008	0.02561	0.09294	0.03097	0.01315	0.03206	0.02089	0.02191	0.02229	0.06057	0.00414	0.02319	0.04397

[dist]
# distance from previous block
# <min> <max>
3	114

# created by:
# /st0/software/busco_prod/Augustus/scripts/msa2prfl.pl ./align_prep/29089.fa
