[name]
unknown

[dist]
# distance from previous block
# <min> <max>
0	363

[block]
# block no. 0 follows, 68 sequences, length 34
# corresponding to MSA columns:
# 409-442
name=unknown_A
#
# <colnr> <probs for GDERKNQSTAVLIFYWHMCP>
#	G	D	E	R	K	N	Q	S	T	A	V	L	I	F	Y	W	H	M	C	P
0	0.00857	0.00684	0.03663	0.00776	0.03352	0.00624	0.10225	0.05791	0.07305	0.08659	0.01382	0.02009	0.06745	0.30999	0.00985	0.00215	0.00397	0.05078	0.00292	0.09962
1	0.18990	0.02880	0.05430	0.00779	0.01042	0.02232	0.03350	0.07293	0.40884	0.05378	0.05079	0.01243	0.01024	0.00483	0.00368	0.00126	0.00351	0.00384	0.00345	0.02339
2	0.00996	0.07915	0.34638	0.00908	0.02975	0.01871	0.00951	0.09023	0.04837	0.08475	0.00836	0.00905	0.00618	0.00379	0.00351	0.00104	0.00449	0.00295	0.00247	0.23227
3	0.03190	0.31137	0.28232	0.00937	0.02586	0.01114	0.08249	0.06200	0.00898	0.06852	0.00769	0.00945	0.00620	0.06137	0.00452	0.00129	0.00488	0.00310	0.00215	0.00539
4	0.00795	0.13268	0.06971	0.00606	0.00788	0.01612	0.00515	0.06718	0.03989	0.05371	0.21750	0.05793	0.11164	0.18117	0.00736	0.00174	0.00331	0.00558	0.00322	0.00422
5	0.01003	0.09702	0.20047	0.02519	0.09231	0.02117	0.09927	0.14338	0.03303	0.04948	0.00873	0.02835	0.00703	0.02720	0.06192	0.00159	0.02270	0.00361	0.00246	0.06505
6	0.01079	0.13308	0.17381	0.02772	0.21911	0.00954	0.12481	0.02923	0.02328	0.15657	0.00920	0.03344	0.00709	0.00407	0.00383	0.00118	0.00479	0.00367	0.00252	0.02228
7	0.01018	0.02938	0.18389	0.03523	0.24853	0.02881	0.24936	0.06825	0.00977	0.06292	0.00810	0.00982	0.00611	0.00369	0.00406	0.00122	0.00543	0.00369	0.00223	0.02932
8	0.00590	0.00391	0.00425	0.00417	0.00525	0.00358	0.00312	0.00744	0.00937	0.01357	0.24604	0.02751	0.32428	0.00758	0.00400	0.00117	0.00191	0.00638	0.31698	0.00358
9	0.00568	0.00450	0.00651	0.14347	0.05212	0.00462	0.00540	0.00704	0.01959	0.01082	0.07476	0.55839	0.04949	0.01008	0.00478	0.00151	0.00292	0.03132	0.00333	0.00366
10	0.01004	0.00980	0.04319	0.04751	0.69694	0.00961	0.01168	0.06721	0.04045	0.01380	0.00790	0.00996	0.00646	0.00371	0.00393	0.00119	0.00468	0.00355	0.00216	0.00624
11	0.00936	0.01070	0.02340	0.01671	0.02072	0.01003	0.82152	0.01270	0.00936	0.01270	0.00802	0.01070	0.00602	0.00334	0.00468	0.00134	0.00668	0.00468	0.00201	0.00535
12	0.00558	0.00403	0.00527	0.00501	0.00592	0.00372	0.00374	0.00741	0.01108	0.01568	0.80263	0.06145	0.03698	0.00827	0.00469	0.00126	0.00189	0.00733	0.00434	0.00372
13	0.00795	0.02051	0.84011	0.01130	0.01716	0.00921	0.01465	0.01256	0.00837	0.01256	0.00712	0.00837	0.00502	0.00377	0.00377	0.00126	0.00586	0.00293	0.00167	0.00586
14	0.00577	0.00384	0.00432	0.00432	0.00432	0.00384	0.00240	0.00577	0.00577	0.00769	0.01249	0.02595	0.01441	0.86066	0.02018	0.00384	0.00384	0.00577	0.00240	0.00240
15	0.00566	0.00425	0.00637	0.00637	0.00708	0.00496	0.00496	0.00708	0.00637	0.00920	0.01062	0.01558	0.00991	0.02974	0.84494	0.00637	0.01062	0.00425	0.00212	0.00354
16	0.00577	0.00384	0.00432	0.00432	0.00432	0.00384	0.00240	0.00577	0.00577	0.00769	0.01249	0.02595	0.01441	0.86066	0.02018	0.00384	0.00384	0.00577	0.00240	0.00240
17	0.01507	0.01111	0.01190	0.00912	0.01230	0.01230	0.00754	0.82270	0.01864	0.02499	0.00952	0.00952	0.00674	0.00476	0.00397	0.00119	0.00436	0.00357	0.00397	0.00674
18	0.00932	0.45416	0.41840	0.00898	0.01357	0.01254	0.01060	0.01220	0.00821	0.01089	0.00629	0.00734	0.00506	0.00357	0.00314	0.00105	0.00503	0.00251	0.00169	0.00546
19	0.01091	0.00867	0.02733	0.00828	0.01032	0.00929	0.06105	0.41016	0.02692	0.01704	0.01006	0.01441	0.00891	0.23658	0.06244	0.00228	0.06286	0.00427	0.00310	0.00509
20	0.01481	0.01890	0.01124	0.01021	0.01226	0.84474	0.00766	0.01583	0.01124	0.00970	0.00613	0.00715	0.00511	0.00409	0.00358	0.00102	0.00715	0.00255	0.00204	0.00460
21	0.00503	0.00355	0.00460	0.00532	0.00552	0.00339	0.00347	0.00561	0.00721	0.00963	0.01977	0.67698	0.02353	0.17363	0.03126	0.00217	0.00282	0.01003	0.00340	0.00307
22	0.00800	0.00734	0.01082	0.00798	0.01121	0.00599	0.17145	0.00995	0.00842	0.01253	0.00989	0.09029	0.03898	0.00418	0.00356	0.00087	0.00361	0.00390	0.00245	0.58855
23	0.00879	0.00817	0.00948	0.01005	0.12628	0.11104	0.02438	0.04749	0.17473	0.01200	0.01079	0.02766	0.00944	0.06405	0.31298	0.00327	0.02790	0.00415	0.00259	0.00474
24	0.01060	0.86304	0.02078	0.00678	0.01018	0.01569	0.00678	0.01187	0.00806	0.00933	0.00551	0.00636	0.00509	0.00339	0.00254	0.00085	0.00424	0.00212	0.00170	0.00509
25	0.00936	0.00903	0.01459	0.14077	0.63602	0.03684	0.01128	0.01168	0.00909	0.01264	0.06388	0.01119	0.00823	0.00393	0.00397	0.00120	0.00468	0.00375	0.00210	0.00578
26	0.00576	0.00387	0.00444	0.00444	0.00449	0.00391	0.00255	0.00584	0.00580	0.00778	0.01238	0.02534	0.01415	0.81222	0.06826	0.00399	0.00424	0.00568	0.00239	0.00247
27	0.00494	0.00353	0.00472	0.00564	0.00592	0.00331	0.00387	0.00571	0.00770	0.01024	0.02179	0.80244	0.02599	0.01232	0.00509	0.00162	0.00239	0.06585	0.00368	0.00325
28	0.00718	0.00529	0.00843	0.28485	0.09239	0.00592	0.00677	0.00765	0.00658	0.00876	0.00776	0.01287	0.00720	0.08905	0.06585	0.36993	0.00468	0.00375	0.00185	0.00322
29	0.01057	0.00967	0.01190	0.12223	0.22764	0.08748	0.02545	0.09978	0.28629	0.03245	0.01132	0.01249	0.01969	0.00465	0.00400	0.00126	0.00440	0.01994	0.00297	0.00582
30	0.00813	0.00661	0.00714	0.00666	0.00841	0.00713	0.00510	0.03466	0.44810	0.03638	0.04303	0.12976	0.21644	0.00755	0.00436	0.00137	0.00276	0.01738	0.00393	0.00509
31	0.01125	0.00641	0.00872	0.00719	0.00934	0.00633	0.05526	0.09923	0.05896	0.29447	0.11407	0.01709	0.06916	0.01062	0.17596	0.00229	0.00481	0.00474	0.03882	0.00526
32	0.00890	0.05519	0.42738	0.07005	0.01813	0.04322	0.25666	0.02876	0.00888	0.01234	0.00727	0.00911	0.00539	0.00375	0.00424	0.00127	0.02863	0.00347	0.00184	0.00550
33	0.01370	0.00940	0.06946	0.01369	0.27259	0.00837	0.05824	0.13082	0.01133	0.35488	0.01114	0.01124	0.00770	0.00428	0.00399	0.00121	0.00431	0.00375	0.00344	0.00645

[dist]
# distance from previous block
# <min> <max>
1	9

[block]
# block no. 1 follows, 68 sequences, length 19
# corresponding to MSA columns:
# 452-470
name=unknown_B
#
# <colnr> <probs for GDERKNQSTAVLIFYWHMCP>
#	G	D	E	R	K	N	Q	S	T	A	V	L	I	F	Y	W	H	M	C	P
0	0.02642	0.53387	0.26665	0.00831	0.01238	0.03731	0.00916	0.04572	0.00866	0.01112	0.00618	0.00712	0.00512	0.00359	0.00300	0.00100	0.00479	0.00244	0.00181	0.00536
1	0.88866	0.00767	0.00583	0.00521	0.00767	0.00889	0.00429	0.01166	0.00675	0.01779	0.00552	0.00644	0.00429	0.00368	0.00245	0.00123	0.00307	0.00215	0.00245	0.00429
2	0.00689	0.00344	0.00517	0.00517	0.00517	0.00344	0.00344	0.00517	0.00517	0.00689	0.00689	0.01205	0.00689	0.01377	0.01550	0.88464	0.00344	0.00344	0.00172	0.00172
3	0.00551	0.00405	0.00516	0.00489	0.00586	0.00370	0.00366	0.00729	0.01099	0.01535	0.75020	0.03052	0.12138	0.00831	0.00468	0.00126	0.00189	0.00730	0.00429	0.00370
4	0.00893	0.01044	0.19002	0.00742	0.01142	0.00693	0.00719	0.10201	0.00943	0.01420	0.00734	0.00840	0.00579	0.00332	0.00323	0.00080	0.00373	0.00261	0.00238	0.59440
5	0.00475	0.00388	0.00420	0.00441	0.00547	0.00333	0.00320	0.00570	0.00875	0.01073	0.06022	0.23760	0.61287	0.01056	0.00478	0.00140	0.00208	0.00904	0.00370	0.00333
6	0.03777	0.06297	0.01268	0.05399	0.17892	0.02442	0.02221	0.29378	0.16086	0.05021	0.00973	0.01039	0.00737	0.00456	0.00435	0.00123	0.05175	0.00361	0.00312	0.00608
7	0.00954	0.00826	0.00877	0.00812	0.02984	0.03071	0.00613	0.04219	0.64895	0.01647	0.13058	0.01641	0.01519	0.00567	0.00411	0.00131	0.00314	0.00476	0.00398	0.00589
8	0.00473	0.00396	0.00412	0.00420	0.00541	0.00335	0.00310	0.00574	0.00897	0.01083	0.06598	0.11753	0.72809	0.01021	0.00472	0.00136	0.00203	0.00861	0.00371	0.00335
9	0.01363	0.00644	0.00839	0.00699	0.00920	0.00611	0.00555	0.10692	0.01106	0.48873	0.03959	0.21903	0.01408	0.00689	0.00461	0.00134	0.03560	0.00579	0.00436	0.00571
10	0.01143	0.00975	0.01158	0.00990	0.04341	0.04911	0.09980	0.21529	0.42795	0.03669	0.01270	0.01246	0.00945	0.00483	0.00403	0.00127	0.00406	0.00412	0.02600	0.00615
11	0.00577	0.00384	0.00432	0.00432	0.00432	0.00384	0.00240	0.00577	0.00577	0.00769	0.01249	0.02595	0.01441	0.86066	0.02018	0.00384	0.00384	0.00577	0.00240	0.00240
12	0.17993	0.01479	0.08348	0.00986	0.05774	0.42172	0.00776	0.09461	0.04883	0.03580	0.00723	0.00803	0.00563	0.00410	0.00347	0.00113	0.00556	0.00279	0.00244	0.00509
13	0.00749	0.00705	0.01189	0.85113	0.02731	0.00881	0.01101	0.01013	0.00793	0.01013	0.00705	0.01057	0.00529	0.00396	0.00396	0.00132	0.00529	0.00352	0.00176	0.00440
14	0.00639	0.00456	0.00639	0.00730	0.00821	0.00456	0.00639	0.00821	0.00913	0.01187	0.02099	0.04472	0.02282	0.01095	0.00548	0.00183	0.00365	0.80924	0.00365	0.00365
15	0.00909	0.00878	0.01525	0.27088	0.54878	0.00927	0.05709	0.01159	0.00872	0.01210	0.00737	0.01009	0.00597	0.00365	0.00398	0.00123	0.00499	0.00359	0.00191	0.00567
16	0.00931	0.00936	0.01728	0.15945	0.49141	0.00948	0.22091	0.01197	0.00893	0.01242	0.00754	0.01017	0.00605	0.00356	0.00413	0.00124	0.00532	0.00383	0.00194	0.00573
17	0.00577	0.00401	0.00530	0.00530	0.00563	0.00434	0.00362	0.00635	0.00602	0.00835	0.01140	0.02060	0.01203	0.44292	0.39987	0.04143	0.00695	0.00497	0.00225	0.00290
18	0.00823	0.00736	0.01278	0.72841	0.02575	0.00875	0.08406	0.01088	0.00825	0.05671	0.00762	0.01075	0.00560	0.00396	0.00403	0.00132	0.00531	0.00365	0.00196	0.00462

[dist]
# distance from previous block
# <min> <max>
0	6

[block]
# block no. 2 follows, 68 sequences, length 12
# corresponding to MSA columns:
# 477-488
name=unknown_C
#
# <colnr> <probs for GDERKNQSTAVLIFYWHMCP>
#	G	D	E	R	K	N	Q	S	T	A	V	L	I	F	Y	W	H	M	C	P
0	0.00822	0.00705	0.00822	0.00587	0.00940	0.00529	0.00470	0.00998	0.00822	0.01292	0.00705	0.00822	0.00587	0.00294	0.00294	0.00059	0.00294	0.00235	0.00235	0.88490
1	0.00578	0.00738	0.17823	0.00611	0.00806	0.00472	0.00579	0.00781	0.00950	0.01300	0.34470	0.13267	0.22229	0.03026	0.00494	0.00138	0.00284	0.00707	0.00350	0.00398
2	0.01010	0.44754	0.34503	0.00871	0.01305	0.01250	0.00990	0.05298	0.00886	0.04870	0.00680	0.00764	0.00536	0.00368	0.00317	0.00104	0.00485	0.00260	0.00195	0.00555
3	0.00992	0.00960	0.08289	0.05694	0.47121	0.03045	0.01023	0.01312	0.08877	0.08592	0.04690	0.05774	0.00946	0.00458	0.00402	0.00123	0.00437	0.00417	0.00259	0.00587
4	0.00571	0.00410	0.00507	0.00482	0.00590	0.00369	0.00362	0.00731	0.01056	0.03816	0.58416	0.05852	0.23642	0.00864	0.00467	0.00128	0.00196	0.00751	0.00419	0.00371
5	0.00669	0.00434	0.00537	0.00494	0.00623	0.00386	0.00377	0.00828	0.01062	0.10505	0.52036	0.03025	0.25865	0.00830	0.00460	0.00127	0.00207	0.00716	0.00423	0.00396
6	0.01102	0.16399	0.38534	0.03407	0.03846	0.02750	0.01047	0.06925	0.04074	0.16916	0.00894	0.00939	0.00637	0.00405	0.00362	0.00117	0.00488	0.00312	0.00255	0.00591
7	0.01350	0.00633	0.00798	0.00653	0.00898	0.00587	0.00525	0.03219	0.11581	0.50310	0.08279	0.03437	0.11560	0.00599	0.00411	0.00125	0.00300	0.00497	0.03652	0.00585
8	0.00483	0.00345	0.00460	0.00552	0.00575	0.00322	0.00368	0.00552	0.00759	0.01012	0.02185	0.85807	0.02622	0.01242	0.00506	0.00161	0.00230	0.01127	0.00368	0.00322
9	0.00829	0.00770	0.01292	0.39734	0.33035	0.00855	0.02958	0.01070	0.00861	0.01189	0.07439	0.01194	0.00847	0.00422	0.00420	0.00126	0.02526	0.00385	0.03544	0.00505
10	0.04850	0.09479	0.12108	0.02534	0.15991	0.03687	0.08490	0.12216	0.18562	0.04413	0.00994	0.03260	0.00779	0.00440	0.00383	0.00122	0.00452	0.00376	0.00278	0.00585
11	0.01505	0.01174	0.01185	0.00921	0.01229	0.07974	0.00755	0.75733	0.01804	0.02375	0.00924	0.00933	0.00661	0.00471	0.00393	0.00118	0.00459	0.00349	0.00381	0.00657

[dist]
# distance from previous block
# <min> <max>
1	2

[block]
# block no. 3 follows, 68 sequences, length 20
# corresponding to MSA columns:
# 491-510
name=unknown_D
#
# <colnr> <probs for GDERKNQSTAVLIFYWHMCP>
#	G	D	E	R	K	N	Q	S	T	A	V	L	I	F	Y	W	H	M	C	P
0	0.00660	0.00576	0.00865	0.01106	0.25612	0.00547	0.03767	0.00799	0.00857	0.01140	0.07281	0.21706	0.24498	0.08082	0.00586	0.00156	0.00322	0.00714	0.00303	0.00422
1	0.00483	0.00345	0.00460	0.00552	0.00575	0.00322	0.00368	0.00552	0.00759	0.01012	0.02185	0.85807	0.02622	0.01242	0.00506	0.00161	0.00230	0.01127	0.00368	0.00322
2	0.00780	0.02900	0.43677	0.01018	0.03115	0.00794	0.09979	0.01172	0.05314	0.02514	0.20088	0.01522	0.02853	0.00507	0.00413	0.00127	0.00468	0.01978	0.00259	0.00525
3	0.01024	0.00741	0.00855	0.00847	0.00958	0.00649	0.00587	0.01037	0.01283	0.01806	0.49373	0.29789	0.06398	0.01236	0.00677	0.00222	0.00376	0.00979	0.00558	0.00607
4	0.01507	0.01111	0.01190	0.00912	0.01230	0.01230	0.00754	0.82270	0.01864	0.02499	0.00952	0.00952	0.00674	0.00476	0.00397	0.00119	0.00436	0.00357	0.00397	0.00674
5	0.01080	0.03748	0.45264	0.00930	0.01391	0.02650	0.01051	0.04829	0.00953	0.20487	0.00912	0.00951	0.00633	0.00395	0.00367	0.00113	0.00478	0.00309	0.00263	0.13195
6	0.01243	0.46408	0.01646	0.00883	0.03866	0.34673	0.00734	0.04492	0.00977	0.01021	0.00598	0.00691	0.00520	0.00373	0.00306	0.00094	0.00542	0.00240	0.00193	0.00500
7	0.51650	0.03611	0.11452	0.09048	0.03487	0.11178	0.00704	0.02597	0.00793	0.01511	0.00607	0.00733	0.00471	0.00377	0.00298	0.00120	0.00425	0.00249	0.00223	0.00466
8	0.00884	0.26628	0.54869	0.01026	0.03919	0.01113	0.01200	0.01262	0.03521	0.01176	0.00695	0.00804	0.00531	0.00370	0.00342	0.00114	0.00526	0.00276	0.00177	0.00566
9	0.01042	0.01079	0.00903	0.00923	0.05893	0.32558	0.00680	0.08001	0.02482	0.01185	0.01293	0.09204	0.01322	0.06827	0.00552	0.00154	0.00500	0.24677	0.00288	0.00435
10	0.00540	0.00415	0.00495	0.00473	0.00583	0.00375	0.00355	0.00719	0.02982	0.01415	0.54466	0.03217	0.30775	0.00870	0.00466	0.00128	0.00195	0.00751	0.00412	0.00367
11	0.00844	0.00802	0.01361	0.51347	0.35754	0.00906	0.01148	0.01096	0.00838	0.01128	0.00721	0.01026	0.00569	0.00379	0.00395	0.00126	0.00505	0.00353	0.00184	0.00517
12	0.00754	0.00705	0.01163	0.79057	0.02602	0.00856	0.01056	0.01012	0.00795	0.01033	0.00705	0.01040	0.00533	0.00389	0.00389	0.00127	0.00512	0.00344	0.00180	0.06748
13	0.00840	0.00776	0.01196	0.25658	0.35052	0.02440	0.00952	0.02767	0.05428	0.01272	0.11936	0.04227	0.04778	0.00498	0.00411	0.00126	0.00425	0.00452	0.00251	0.00515
14	0.00950	0.19112	0.11863	0.00829	0.05518	0.11624	0.00711	0.04037	0.04549	0.05825	0.18387	0.03973	0.08377	0.00570	0.00386	0.00116	0.00401	0.01993	0.00293	0.00488
15	0.00895	0.00680	0.00815	0.00611	0.00936	0.00527	0.00495	0.01070	0.00859	0.08984	0.00909	0.01197	0.00775	0.00384	0.00326	0.00076	0.00304	0.07448	0.00270	0.72438
16	0.00508	0.00477	0.06443	0.00573	0.00653	0.00369	0.00439	0.00615	0.00801	0.01068	0.06763	0.65757	0.11795	0.01129	0.00490	0.00153	0.00250	0.01012	0.00357	0.00345
17	0.03400	0.18866	0.10097	0.03061	0.25494	0.03927	0.05956	0.02795	0.00899	0.01242	0.07367	0.05872	0.00936	0.00440	0.00365	0.00111	0.00438	0.00380	0.00226	0.08129
18	0.00849	0.20674	0.09732	0.00715	0.01982	0.00803	0.02793	0.04261	0.03580	0.06078	0.01434	0.21772	0.08645	0.02323	0.00429	0.01165	0.00354	0.00544	0.00282	0.11583
19	0.00899	0.10536	0.08602	0.03305	0.01072	0.07666	0.07191	0.05746	0.03607	0.03500	0.03672	0.04622	0.00973	0.18231	0.03396	0.00179	0.00454	0.00408	0.00249	0.15692

[dist]
# distance from previous block
# <min> <max>
1	12

[block]
# block no. 4 follows, 68 sequences, length 17
# corresponding to MSA columns:
# 523-539
name=unknown_E
#
# <colnr> <probs for GDERKNQSTAVLIFYWHMCP>
#	G	D	E	R	K	N	Q	S	T	A	V	L	I	F	Y	W	H	M	C	P
0	0.00982	0.12285	0.01207	0.10549	0.11917	0.15784	0.06098	0.01166	0.02834	0.07166	0.05459	0.11249	0.07158	0.01578	0.00432	0.00125	0.01766	0.01503	0.00266	0.00477
1	0.00944	0.09694	0.29765	0.06157	0.06297	0.07258	0.00968	0.06452	0.11677	0.03957	0.03780	0.07708	0.02656	0.00502	0.00386	0.00123	0.00467	0.00408	0.00257	0.00543
2	0.00870	0.00751	0.01308	0.38724	0.05255	0.00799	0.19042	0.02992	0.00914	0.08965	0.04328	0.01522	0.11813	0.00488	0.00425	0.00131	0.00481	0.00461	0.00253	0.00480
3	0.09934	0.01104	0.00975	0.03695	0.13146	0.28478	0.00683	0.10184	0.01011	0.04802	0.00895	0.04277	0.00796	0.12222	0.00588	0.00151	0.00489	0.00370	0.05729	0.00473
4	0.00964	0.01111	0.15268	0.14673	0.29726	0.04619	0.09759	0.07676	0.00966	0.03651	0.00879	0.04699	0.00736	0.00440	0.00407	0.00127	0.00511	0.03006	0.00226	0.00558
5	0.00923	0.00949	0.01211	0.60744	0.08857	0.15850	0.01039	0.03774	0.00896	0.01076	0.00700	0.00986	0.00538	0.00398	0.00389	0.00125	0.00554	0.00335	0.00190	0.00466
6	0.01151	0.00914	0.01009	0.00894	0.04586	0.01021	0.00685	0.33533	0.39121	0.01954	0.07026	0.01450	0.01185	0.00543	0.00409	0.00129	0.00362	0.03018	0.00393	0.00620
7	0.00538	0.00387	0.00482	0.00490	0.00571	0.00354	0.00356	0.00681	0.00976	0.01353	0.44946	0.24897	0.15191	0.00932	0.00466	0.00134	0.00200	0.00822	0.05872	0.00354
8	0.00890	0.00562	0.00754	0.00665	0.00783	0.00608	0.00524	0.01058	0.03539	0.19041	0.25729	0.01970	0.05270	0.06799	0.14645	0.00236	0.15614	0.00521	0.00347	0.00444
9	0.00699	0.00435	0.00542	0.00503	0.00623	0.00391	0.00376	0.00842	0.01015	0.12355	0.43949	0.08066	0.20967	0.06775	0.00569	0.00147	0.00227	0.00717	0.00411	0.00393
10	0.00824	0.01174	0.27014	0.01255	0.17982	0.05957	0.04678	0.01121	0.02691	0.01223	0.01233	0.05837	0.01196	0.00637	0.00442	0.00142	0.00484	0.25352	0.00253	0.00505
11	0.33205	0.08116	0.01025	0.00863	0.03919	0.39829	0.00658	0.01351	0.00898	0.01272	0.00585	0.00701	0.00486	0.00402	0.00363	0.00113	0.05296	0.00246	0.00214	0.00457
12	0.00568	0.00379	0.00443	0.00452	0.00463	0.00373	0.00268	0.00578	0.00628	0.00837	0.04910	0.11995	0.04237	0.65889	0.01708	0.04762	0.00351	0.00641	0.00264	0.00255
13	0.12956	0.09443	0.02775	0.00732	0.06673	0.00714	0.00560	0.01046	0.00798	0.02613	0.00749	0.03255	0.00648	0.00511	0.05537	0.00116	0.00374	0.00279	0.00232	0.49988
14	0.00841	0.03895	0.18024	0.04756	0.14842	0.02821	0.00899	0.02194	0.10121	0.01205	0.05043	0.06478	0.00986	0.07084	0.02204	0.00161	0.14784	0.00425	0.00238	0.02998
15	0.02202	0.33085	0.30670	0.00841	0.01229	0.02426	0.00918	0.07534	0.05277	0.01234	0.01009	0.04678	0.06421	0.00461	0.00344	0.00112	0.00455	0.00348	0.00223	0.00533
16	0.01041	0.09229	0.13194	0.01023	0.13718	0.05445	0.00789	0.02792	0.11211	0.16097	0.06373	0.11467	0.03106	0.00558	0.00396	0.00123	0.00396	0.00471	0.00313	0.02257

[dist]
# distance from previous block
# <min> <max>
0	24

[block]
# block no. 5 follows, 68 sequences, length 10
# corresponding to MSA columns:
# 564-573
name=unknown_F
#
# <colnr> <probs for GDERKNQSTAVLIFYWHMCP>
#	G	D	E	R	K	N	Q	S	T	A	V	L	I	F	Y	W	H	M	C	P
0	0.00858	0.00730	0.02215	0.00722	0.00875	0.05556	0.00554	0.09604	0.28973	0.03147	0.01730	0.34128	0.02982	0.00880	0.02641	0.00155	0.00342	0.03054	0.00368	0.00485
1	0.00829	0.00898	0.01895	0.01406	0.01718	0.00842	0.62801	0.01100	0.00894	0.01209	0.01129	0.21120	0.01080	0.00549	0.00477	0.00140	0.00565	0.00624	0.00240	0.00484
2	0.00837	0.18350	0.53204	0.00959	0.01411	0.01011	0.01140	0.01222	0.05223	0.01192	0.03422	0.01030	0.02439	0.03687	0.00451	0.00130	0.03230	0.00323	0.00196	0.00543
3	0.00991	0.22315	0.20903	0.05206	0.09227	0.07375	0.13575	0.04922	0.03958	0.02620	0.02342	0.01002	0.03068	0.00401	0.00368	0.00115	0.00515	0.00340	0.00214	0.00542
4	0.00544	0.00388	0.00482	0.00517	0.00595	0.00350	0.00373	0.00651	0.00882	0.03880	0.16893	0.42236	0.24314	0.01070	0.00488	0.00147	0.00225	0.05231	0.00384	0.00349
5	0.00783	0.01776	0.67699	0.01073	0.01580	0.00870	0.04338	0.01238	0.05242	0.01261	0.00988	0.03601	0.03979	0.00460	0.00395	0.00130	0.00541	0.03283	0.00202	0.00561
6	0.02893	0.04298	0.24010	0.03541	0.14639	0.10708	0.11114	0.11320	0.04307	0.05379	0.03466	0.01002	0.00712	0.00409	0.00389	0.00121	0.00526	0.00350	0.00244	0.00572
7	0.00603	0.00379	0.00472	0.00472	0.00479	0.00385	0.00290	0.00575	0.00568	0.00764	0.01096	0.02160	0.01217	0.57671	0.09835	0.21631	0.00440	0.00506	0.00221	0.00235
8	0.00561	0.00383	0.00439	0.00445	0.00460	0.00376	0.00263	0.00584	0.00644	0.00857	0.06415	0.09636	0.06685	0.68686	0.01704	0.00335	0.00348	0.00647	0.00270	0.00261
9	0.08130	0.04584	0.06750	0.03788	0.07839	0.20980	0.04245	0.15997	0.08340	0.04861	0.00864	0.01012	0.00684	0.04667	0.00485	0.00132	0.03852	0.00336	0.01921	0.00533

[dist]
# distance from previous block
# <min> <max>
4	12

[block]
# block no. 6 follows, 68 sequences, length 8
# corresponding to MSA columns:
# 592-599
name=unknown_G
#
# <colnr> <probs for GDERKNQSTAVLIFYWHMCP>
#	G	D	E	R	K	N	Q	S	T	A	V	L	I	F	Y	W	H	M	C	P
0	0.00562	0.00437	0.00500	0.00486	0.00591	0.00411	0.00354	0.00771	0.08040	0.01284	0.33763	0.07798	0.32246	0.10244	0.00635	0.00159	0.00227	0.00745	0.00383	0.00364
1	0.01251	0.01261	0.01094	0.03680	0.08453	0.36075	0.04391	0.16722	0.02938	0.03162	0.02631	0.01010	0.00732	0.00434	0.00366	0.00109	0.00520	0.00331	0.14328	0.00510
2	0.01117	0.01152	0.07670	0.01379	0.01765	0.01073	0.49280	0.28362	0.01239	0.01680	0.00846	0.01014	0.00619	0.00385	0.00438	0.00128	0.00585	0.00419	0.00264	0.00585
3	0.00568	0.00409	0.00492	0.00476	0.00587	0.00363	0.00355	0.00712	0.01012	0.04571	0.44245	0.10425	0.32517	0.00906	0.00469	0.00131	0.00202	0.00784	0.00408	0.00367
4	0.00749	0.00705	0.01189	0.85113	0.02731	0.00881	0.01101	0.01013	0.00793	0.01013	0.00705	0.01057	0.00529	0.00396	0.00396	0.00132	0.00529	0.00352	0.00176	0.00440
5	0.00587	0.00471	0.00707	0.26066	0.01263	0.00511	0.00631	0.00732	0.00793	0.01039	0.01726	0.47766	0.01939	0.00965	0.00479	0.00156	0.00341	0.13154	0.00310	0.00364
6	0.00760	0.00708	0.01111	0.21808	0.33091	0.00752	0.00885	0.00953	0.00861	0.01151	0.04240	0.04928	0.21112	0.00591	0.00470	0.00130	0.05209	0.00512	0.00246	0.00480
7	0.00836	0.00788	0.01333	0.45088	0.36727	0.00883	0.01113	0.01080	0.00830	0.01127	0.00744	0.01056	0.00599	0.00535	0.05510	0.00157	0.00537	0.00357	0.00187	0.00514

[dist]
# distance from previous block
# <min> <max>
2	11

[block]
# block no. 7 follows, 68 sequences, length 23
# corresponding to MSA columns:
# 611-633
name=unknown_H
#
# <colnr> <probs for GDERKNQSTAVLIFYWHMCP>
#	G	D	E	R	K	N	Q	S	T	A	V	L	I	F	Y	W	H	M	C	P
0	0.04137	0.00952	0.01505	0.11320	0.68139	0.04642	0.01156	0.01209	0.00892	0.01267	0.00728	0.00966	0.00605	0.00361	0.00386	0.00119	0.00482	0.00344	0.00196	0.00593
1	0.03154	0.01283	0.21247	0.06638	0.28207	0.13884	0.02415	0.04152	0.00952	0.04194	0.03364	0.01118	0.04456	0.00493	0.02649	0.00134	0.00529	0.00358	0.00224	0.00549
2	0.00577	0.00384	0.00432	0.00432	0.00432	0.00384	0.00240	0.00577	0.00577	0.00769	0.01249	0.02595	0.01441	0.86066	0.02018	0.00384	0.00384	0.00577	0.00240	0.00240
3	0.05061	0.01163	0.02994	0.02565	0.12143	0.33518	0.00687	0.04476	0.02749	0.01114	0.02971	0.03857	0.03686	0.17762	0.01833	0.00176	0.02163	0.00403	0.00239	0.00440
4	0.77301	0.00867	0.02542	0.00604	0.00862	0.04713	0.02782	0.04105	0.00749	0.01742	0.00580	0.00675	0.00448	0.00373	0.00265	0.00122	0.00346	0.00231	0.00246	0.00446
5	0.01043	0.03744	0.00946	0.00826	0.04798	0.07561	0.00621	0.19057	0.26798	0.04156	0.21644	0.01690	0.04248	0.00580	0.00411	0.00123	0.00349	0.00478	0.00378	0.00550
6	0.00723	0.00438	0.00574	0.00521	0.00642	0.00401	0.00397	0.00905	0.01114	0.12086	0.70164	0.02706	0.03297	0.00758	0.00452	0.00123	0.00206	0.00665	0.03415	0.00412
7	0.00658	0.19367	0.04203	0.00545	0.00701	0.00660	0.00453	0.00790	0.02824	0.01035	0.07221	0.13150	0.26348	0.16703	0.00713	0.00174	0.00311	0.03471	0.00298	0.00375
8	0.00599	0.00412	0.00526	0.00500	0.00603	0.00374	0.00374	0.00763	0.01064	0.05254	0.62602	0.09989	0.13731	0.00857	0.00468	0.00129	0.00199	0.00752	0.00424	0.00378
9	0.00808	0.04863	0.79049	0.01129	0.01702	0.00945	0.03614	0.01254	0.00839	0.01245	0.00709	0.00837	0.00505	0.00374	0.00375	0.00124	0.00583	0.00295	0.00168	0.00582
10	0.00566	0.00380	0.00436	0.00446	0.00449	0.00377	0.00255	0.00574	0.00597	0.00797	0.01356	0.12080	0.01576	0.76397	0.01846	0.00359	0.00367	0.00639	0.00255	0.00250
11	0.02683	0.01023	0.04918	0.03540	0.40338	0.09101	0.02806	0.06190	0.03573	0.20485	0.00957	0.01046	0.00708	0.00405	0.00390	0.00119	0.00465	0.00355	0.00283	0.00613
12	0.03649	0.17244	0.03726	0.00925	0.04588	0.16549	0.02435	0.13538	0.26505	0.01455	0.01010	0.03083	0.00808	0.00466	0.00384	0.00117	0.02313	0.00354	0.00291	0.00560
13	0.00805	0.02212	0.24442	0.00972	0.04550	0.00720	0.11416	0.03325	0.04535	0.05819	0.06852	0.21954	0.03372	0.00693	0.01997	0.00143	0.01860	0.00579	0.00283	0.03471
14	0.03308	0.09383	0.50349	0.01196	0.10891	0.02846	0.04848	0.02390	0.00880	0.06337	0.00754	0.00870	0.00555	0.00375	0.00366	0.00118	0.00530	0.00303	0.00201	0.03502
15	0.03143	0.55116	0.20371	0.00874	0.04942	0.04598	0.00877	0.02729	0.00851	0.02452	0.00623	0.00718	0.00522	0.00357	0.00297	0.00098	0.00470	0.00244	0.00183	0.00534
16	0.01294	0.00579	0.00753	0.00614	0.00831	0.00537	0.02462	0.04127	0.02140	0.44075	0.04356	0.01465	0.01086	0.02464	0.03357	0.00137	0.00321	0.00407	0.28452	0.00542
17	0.00955	0.04225	0.31675	0.01409	0.19624	0.08461	0.12404	0.01367	0.10079	0.02413	0.03054	0.01020	0.00718	0.00399	0.00393	0.00122	0.00534	0.00355	0.00220	0.00574
18	0.00974	0.06368	0.11996	0.01433	0.31661	0.03666	0.05684	0.01203	0.02036	0.10281	0.00918	0.01209	0.00768	0.08782	0.11112	0.00208	0.00552	0.00376	0.00233	0.00538
19	0.00566	0.00385	0.00440	0.00443	0.00457	0.00378	0.00260	0.00588	0.00643	0.00859	0.07855	0.07264	0.04982	0.71279	0.01751	0.00342	0.00353	0.00628	0.00268	0.00259
20	0.00552	0.00422	0.02058	0.00593	0.02488	0.00382	0.00411	0.00672	0.02340	0.02538	0.15437	0.54560	0.06303	0.05741	0.03401	0.00179	0.00273	0.00935	0.00362	0.00351
21	0.03093	0.13656	0.29222	0.01238	0.16918	0.16939	0.01052	0.04326	0.03643	0.05255	0.00753	0.00858	0.00580	0.00387	0.00358	0.00114	0.00533	0.00296	0.00214	0.00564
22	0.03912	0.05502	0.10275	0.00933	0.07755	0.10524	0.04917	0.04694	0.10177	0.06533	0.06935	0.19586	0.01361	0.04525	0.00484	0.00140	0.00411	0.00546	0.00301	0.00489

[dist]
# distance from previous block
# <min> <max>
5	60

[block]
# block no. 8 follows, 68 sequences, length 6
# corresponding to MSA columns:
# 695-700
name=unknown_I
#
# <colnr> <probs for GDERKNQSTAVLIFYWHMCP>
#	G	D	E	R	K	N	Q	S	T	A	V	L	I	F	Y	W	H	M	C	P
0	0.04882	0.13684	0.08344	0.00656	0.00827	0.00740	0.00568	0.00892	0.03027	0.01004	0.00917	0.01428	0.00886	0.19784	0.26345	0.03179	0.04969	0.00383	0.00213	0.07271
1	0.07358	0.04451	0.25767	0.01431	0.23635	0.15044	0.07737	0.07624	0.00979	0.01343	0.00713	0.00863	0.00554	0.00378	0.00373	0.00118	0.00546	0.00314	0.00208	0.00565
2	0.29590	0.10422	0.10778	0.01241	0.27214	0.05326	0.00840	0.01184	0.00839	0.01414	0.07108	0.00958	0.00773	0.00398	0.00332	0.00116	0.00416	0.00309	0.00225	0.00517
3	0.00976	0.17183	0.01425	0.19453	0.18461	0.07112	0.05661	0.06408	0.09313	0.01246	0.03920	0.01071	0.00772	0.00542	0.04698	0.00143	0.00505	0.00353	0.00231	0.00526
4	0.00777	0.01018	0.20657	0.03910	0.20388	0.00731	0.06932	0.01029	0.00868	0.01247	0.10093	0.10783	0.03441	0.02796	0.00471	0.00128	0.02537	0.00479	0.00245	0.11469
5	0.00483	0.00345	0.00460	0.00552	0.00575	0.00322	0.00368	0.00552	0.00759	0.01012	0.02185	0.85807	0.02622	0.01242	0.00506	0.00161	0.00230	0.01127	0.00368	0.00322

[dist]
# distance from previous block
# <min> <max>
0	1

[block]
# block no. 9 follows, 68 sequences, length 16
# corresponding to MSA columns:
# 702-717
name=unknown_J
#
# <colnr> <probs for GDERKNQSTAVLIFYWHMCP>
#	G	D	E	R	K	N	Q	S	T	A	V	L	I	F	Y	W	H	M	C	P
0	0.00980	0.15627	0.12549	0.02869	0.19717	0.05486	0.06677	0.08773	0.04763	0.03005	0.02455	0.08921	0.00905	0.05011	0.00469	0.00133	0.00461	0.00420	0.00245	0.00534
1	0.00765	0.00563	0.00767	0.00883	0.16176	0.00535	0.01689	0.00991	0.06384	0.08903	0.21938	0.06438	0.25601	0.00727	0.00434	0.00126	0.00275	0.00632	0.05720	0.00454
2	0.00614	0.00458	0.00584	0.00620	0.00717	0.00453	0.00500	0.00848	0.07820	0.01264	0.19639	0.12363	0.11167	0.04622	0.00568	0.00167	0.00292	0.36550	0.00379	0.00376
3	0.01337	0.01031	0.01128	0.00956	0.05113	0.01148	0.00741	0.56121	0.24327	0.02208	0.01126	0.01100	0.00821	0.00487	0.00398	0.00123	0.00404	0.00382	0.00389	0.00659
4	0.00869	0.00808	0.01356	0.01973	0.62529	0.00802	0.02747	0.01065	0.00860	0.01216	0.01032	0.16305	0.01029	0.05053	0.00501	0.00140	0.00427	0.00507	0.00230	0.00551
5	0.00858	0.00801	0.01088	0.06379	0.25455	0.06999	0.05118	0.05348	0.04679	0.01289	0.07971	0.18325	0.05136	0.00615	0.00419	0.00124	0.00395	0.00554	0.00281	0.08166
6	0.02831	0.05059	0.01414	0.03585	0.05732	0.07240	0.20434	0.09668	0.15116	0.18025	0.01056	0.01112	0.00770	0.00446	0.00458	0.00127	0.05648	0.00390	0.00310	0.00580
7	0.00619	0.00472	0.00633	0.00616	0.00674	0.00544	0.00455	0.00791	0.06796	0.00935	0.01124	0.01806	0.01108	0.26396	0.49539	0.00499	0.05948	0.00465	0.00232	0.00347
8	0.00944	0.35017	0.06536	0.04782	0.03287	0.06981	0.11228	0.03855	0.00950	0.01215	0.17623	0.01251	0.01208	0.00454	0.00356	0.00107	0.00437	0.00376	0.02906	0.00487
9	0.00802	0.06415	0.42880	0.00944	0.01330	0.00818	0.06177	0.07160	0.00924	0.02342	0.03915	0.15668	0.06086	0.00596	0.00411	0.00131	0.00465	0.02172	0.00250	0.00514
10	0.00871	0.00706	0.01139	0.00964	0.01168	0.00703	0.21484	0.10404	0.06003	0.05860	0.01566	0.16283	0.01556	0.00831	0.02498	0.00164	0.00441	0.26558	0.00333	0.00470
11	0.00849	0.00801	0.01355	0.43586	0.39425	0.00889	0.01132	0.01097	0.00848	0.01150	0.00788	0.01181	0.00655	0.00409	0.00402	0.00128	0.00495	0.04093	0.00194	0.00522
12	0.01137	0.01350	0.35976	0.05495	0.03979	0.03647	0.06612	0.03297	0.07123	0.24795	0.01049	0.02113	0.00734	0.00433	0.00394	0.00126	0.00491	0.00362	0.00290	0.00599
13	0.03725	0.00946	0.01167	0.07224	0.01321	0.08784	0.09179	0.22000	0.01260	0.38565	0.01150	0.01120	0.00772	0.00453	0.00397	0.00122	0.00446	0.00374	0.00380	0.00616
14	0.14063	0.01072	0.13938	0.01072	0.14290	0.05663	0.00817	0.05654	0.28381	0.02882	0.01127	0.07437	0.00925	0.00500	0.00379	0.00128	0.00404	0.00409	0.00297	0.00562
15	0.02529	0.07331	0.05983	0.18121	0.31357	0.06365	0.00945	0.01077	0.00815	0.01098	0.00809	0.03721	0.00747	0.12133	0.00652	0.00158	0.05082	0.00384	0.00200	0.00492

[dist]
# distance from previous block
# <min> <max>
13	124

# created by:
# /st0/software/busco_prod/Augustus/scripts/msa2prfl.pl ./align_prep/29107.fa
