[name]
unknown

[dist]
# distance from previous block
# <min> <max>
0	1

[block]
# block no. 0 follows, 65 sequences, length 10
# corresponding to MSA columns:
# 1-10
name=unknown_A
#
# <colnr> <probs for GDERKNQSTAVLIFYWHMCP>
#	G	D	E	R	K	N	Q	S	T	A	V	L	I	F	Y	W	H	M	C	P
0	0.78956	0.00759	0.00610	0.00563	0.00800	0.00872	0.00468	0.01168	0.00725	0.01775	0.00745	0.01096	0.00652	0.00463	0.00288	0.00134	0.00324	0.08896	0.00267	0.00437
1	0.01404	0.01752	0.01276	0.10167	0.01511	0.67995	0.07584	0.01548	0.01110	0.01035	0.00661	0.00809	0.00539	0.00415	0.00384	0.00112	0.00715	0.00294	0.00208	0.00480
2	0.00786	0.00536	0.00658	0.00612	0.00749	0.00535	0.00463	0.01163	0.18199	0.09599	0.46613	0.13933	0.02881	0.00809	0.00469	0.00136	0.00243	0.00710	0.00440	0.00466
3	0.00969	0.00731	0.00889	0.07666	0.01128	0.00631	0.00564	0.01258	0.09839	0.10860	0.00957	0.01077	0.00753	0.03462	0.00403	0.00096	0.00335	0.00310	0.00288	0.57784
4	0.27824	0.00848	0.00888	0.00734	0.01014	0.00913	0.00596	0.15290	0.20579	0.25435	0.01207	0.01139	0.00846	0.00479	0.00366	0.00129	0.00351	0.00360	0.00393	0.00610
5	0.08215	0.00994	0.04991	0.21745	0.50089	0.04544	0.01155	0.01223	0.00895	0.01297	0.00738	0.00987	0.00598	0.00381	0.00392	0.00126	0.00504	0.00347	0.00202	0.00578
6	0.00692	0.03713	0.24051	0.00733	0.00973	0.00593	0.00713	0.00887	0.00804	0.03316	0.01551	0.31288	0.05510	0.11728	0.04124	0.00192	0.00412	0.00676	0.00284	0.07759
7	0.11762	0.38099	0.19700	0.00851	0.01234	0.01236	0.04512	0.05781	0.05113	0.05314	0.00785	0.02579	0.00636	0.00409	0.00329	0.00112	0.00459	0.00300	0.00232	0.00556
8	0.03289	0.15125	0.21713	0.21060	0.01744	0.03590	0.07733	0.04682	0.00918	0.04229	0.02186	0.00961	0.00627	0.00404	0.00400	0.00120	0.02816	0.00327	0.00215	0.07861
9	0.08458	0.08540	0.09029	0.10836	0.01418	0.07917	0.02270	0.28849	0.05461	0.04418	0.00863	0.00944	0.00643	0.00430	0.00372	0.00117	0.00471	0.00326	0.00296	0.08343

[dist]
# distance from previous block
# <min> <max>
16	167

[block]
# block no. 1 follows, 65 sequences, length 44
# corresponding to MSA columns:
# 202-245
name=unknown_B
#
# <colnr> <probs for GDERKNQSTAVLIFYWHMCP>
#	G	D	E	R	K	N	Q	S	T	A	V	L	I	F	Y	W	H	M	C	P
0	0.09317	0.05921	0.04315	0.00958	0.08271	0.07147	0.03418	0.13139	0.03728	0.10170	0.05751	0.12357	0.03721	0.00652	0.01617	0.00140	0.05996	0.01774	0.00321	0.01287
1	0.05326	0.07888	0.11514	0.02294	0.04347	0.20479	0.01545	0.16056	0.01127	0.03200	0.04601	0.03560	0.03148	0.04274	0.00499	0.00135	0.03352	0.03954	0.00277	0.02424
2	0.05802	0.04247	0.01061	0.03609	0.11561	0.02765	0.01770	0.16541	0.03733	0.07179	0.01108	0.12548	0.00999	0.00540	0.00389	0.00115	0.00382	0.02642	0.00311	0.22699
3	0.05818	0.00781	0.01093	0.14795	0.19420	0.02743	0.00840	0.07542	0.04962	0.01285	0.01997	0.01242	0.00808	0.02843	0.23941	0.00287	0.08477	0.00390	0.00237	0.00497
4	0.06623	0.00871	0.01376	0.18974	0.46453	0.00907	0.01063	0.03835	0.00958	0.11653	0.00943	0.01126	0.02590	0.00414	0.00400	0.00126	0.00464	0.00374	0.00251	0.00598
5	0.05600	0.03027	0.01218	0.26688	0.26597	0.02659	0.00945	0.06086	0.01851	0.03345	0.00924	0.04501	0.00813	0.03048	0.00516	0.04552	0.00465	0.04359	0.00239	0.02565
6	0.03175	0.02436	0.09975	0.17200	0.43727	0.01013	0.02400	0.12556	0.01040	0.01464	0.00783	0.00998	0.00617	0.00394	0.00401	0.00126	0.00504	0.00356	0.00226	0.00608
7	0.01192	0.04675	0.01311	0.10412	0.23278	0.02074	0.00906	0.34512	0.08324	0.01831	0.03038	0.04745	0.00874	0.00491	0.00410	0.00126	0.00448	0.00412	0.00318	0.00621
8	0.01045	0.06764	0.10062	0.05533	0.01332	0.03352	0.09810	0.10447	0.27787	0.05906	0.05373	0.04618	0.03006	0.00528	0.00415	0.00130	0.00430	0.00454	0.00332	0.02676
9	0.00977	0.01147	0.19094	0.16902	0.30713	0.00936	0.02706	0.08789	0.03538	0.04283	0.02263	0.02618	0.03321	0.00446	0.00412	0.00129	0.00497	0.00395	0.00243	0.00590
10	0.00889	0.18932	0.62134	0.01133	0.04095	0.01092	0.03767	0.01285	0.00865	0.01234	0.00707	0.00836	0.00528	0.00380	0.00368	0.00121	0.00572	0.00294	0.00176	0.00590
11	0.00930	0.00887	0.01518	0.22415	0.57428	0.00929	0.03068	0.01175	0.00900	0.01254	0.00838	0.05269	0.00728	0.00422	0.00415	0.00128	0.00494	0.00409	0.00207	0.00585
12	0.00871	0.15436	0.41920	0.05025	0.01510	0.04862	0.07138	0.01172	0.00855	0.01161	0.00881	0.08704	0.00783	0.00542	0.00464	0.05309	0.00535	0.02109	0.00202	0.00521
13	0.00925	0.00840	0.02664	0.25549	0.29793	0.02449	0.09600	0.01153	0.00898	0.06448	0.01028	0.11667	0.00928	0.00537	0.00456	0.01836	0.00489	0.01969	0.00242	0.00529
14	0.00929	0.01692	0.00957	0.00895	0.07121	0.02991	0.10466	0.03848	0.02027	0.15151	0.01776	0.22632	0.09181	0.12158	0.00683	0.00177	0.00382	0.04844	0.01626	0.00463
15	0.00923	0.00923	0.03640	0.25134	0.50613	0.00938	0.06315	0.01181	0.00898	0.01247	0.00816	0.04034	0.00690	0.00410	0.00416	0.00129	0.00511	0.00400	0.00203	0.00578
16	0.00857	0.01896	0.69022	0.01166	0.01718	0.00927	0.07811	0.01311	0.02495	0.03773	0.00870	0.00998	0.02294	0.00475	0.02508	0.00144	0.00604	0.00340	0.00197	0.00595
17	0.02667	0.02528	0.08171	0.11990	0.15886	0.05889	0.20064	0.02499	0.02991	0.09041	0.00965	0.05482	0.01697	0.00479	0.00505	0.00135	0.07780	0.00431	0.00247	0.00551
18	0.00889	0.00960	0.05497	0.05534	0.03734	0.01162	0.09952	0.01038	0.00697	0.01047	0.00624	0.00994	0.00583	0.03486	0.01151	0.00176	0.61444	0.00379	0.00186	0.00468
19	0.01085	0.00559	0.00738	0.00665	0.00837	0.00540	0.00528	0.01301	0.06833	0.30906	0.09588	0.04743	0.03229	0.08345	0.12822	0.01469	0.00441	0.12590	0.02283	0.00497
20	0.00876	0.00738	0.01087	0.08293	0.24617	0.03235	0.03969	0.05375	0.02245	0.04349	0.02755	0.18019	0.01393	0.05882	0.02766	0.01040	0.02079	0.10502	0.00291	0.00489
21	0.07571	0.16480	0.06545	0.03235	0.01502	0.21317	0.26142	0.01341	0.00942	0.03192	0.00733	0.00916	0.00589	0.00525	0.04607	0.00147	0.03150	0.00342	0.00211	0.00514
22	0.00505	0.00362	0.00481	0.00574	0.00603	0.00338	0.00388	0.00581	0.00794	0.01055	0.02301	0.80991	0.04445	0.01276	0.00524	0.00167	0.00242	0.03657	0.00381	0.00335
23	0.00542	0.00416	0.00497	0.00497	0.00601	0.00375	0.00369	0.00697	0.02001	0.01354	0.39463	0.15056	0.32622	0.00980	0.00491	0.00140	0.00212	0.02907	0.00414	0.00368
24	0.00626	0.00456	0.00577	0.00533	0.00644	0.00430	0.00403	0.04826	0.01190	0.01668	0.74918	0.03004	0.07501	0.00831	0.00481	0.00129	0.00207	0.00730	0.00446	0.00401
25	0.00933	0.00919	0.01430	0.41272	0.40103	0.05979	0.01175	0.01183	0.00895	0.01182	0.00744	0.01036	0.00594	0.00390	0.00406	0.00128	0.00531	0.00359	0.00194	0.00548
26	0.00638	0.00483	0.00664	0.00645	0.00703	0.00559	0.00484	0.02745	0.00691	0.00983	0.01205	0.05085	0.02902	0.19527	0.51320	0.00510	0.08005	0.00500	0.01996	0.00356
27	0.02119	0.35257	0.09229	0.03031	0.03754	0.21451	0.04876	0.04016	0.03650	0.01127	0.00682	0.00814	0.00574	0.00457	0.01856	0.00120	0.05974	0.00285	0.00204	0.00526
28	0.00875	0.06612	0.74960	0.01133	0.01712	0.01006	0.01436	0.05283	0.00918	0.01346	0.00740	0.00861	0.00529	0.00393	0.00384	0.00127	0.00590	0.00302	0.00185	0.00607
29	0.01309	0.01312	0.01039	0.00903	0.01131	0.33684	0.00701	0.21090	0.19419	0.01599	0.02321	0.01177	0.03554	0.00506	0.00409	0.00120	0.02145	0.00372	0.06652	0.00556
30	0.00614	0.00425	0.00550	0.00515	0.00618	0.00391	0.00387	0.00804	0.01146	0.03629	0.75982	0.03009	0.06216	0.00827	0.00477	0.00128	0.00198	0.00728	0.02962	0.00394
31	0.01097	0.85821	0.02151	0.00702	0.01054	0.01624	0.00702	0.01229	0.00834	0.00966	0.00571	0.00658	0.00527	0.00351	0.00263	0.00088	0.00439	0.00219	0.00176	0.00527
32	0.88473	0.00794	0.00603	0.00540	0.00794	0.00921	0.00445	0.01207	0.00699	0.01842	0.00572	0.00667	0.00445	0.00381	0.00254	0.00127	0.00318	0.00222	0.00254	0.00445
33	0.86568	0.02648	0.00637	0.00543	0.00800	0.00936	0.00450	0.01207	0.00702	0.01823	0.00572	0.00667	0.00446	0.00380	0.00254	0.00126	0.00320	0.00222	0.00252	0.00446
34	0.00590	0.00424	0.00582	0.00582	0.00629	0.00471	0.00416	0.00683	0.00637	0.00895	0.01170	0.02006	0.01197	0.33281	0.53979	0.00564	0.00843	0.00497	0.00230	0.00323
35	0.00506	0.00362	0.00483	0.00578	0.00605	0.00339	0.00392	0.00582	0.00792	0.01055	0.02259	0.82283	0.02702	0.01280	0.00526	0.00168	0.00243	0.04130	0.00381	0.00335
36	0.01835	0.00709	0.00959	0.00735	0.01053	0.00619	0.00608	0.03904	0.01193	0.81368	0.01604	0.01387	0.01009	0.00508	0.00413	0.00127	0.00352	0.00412	0.00506	0.00699
37	0.00870	0.00740	0.00861	0.00617	0.00981	0.00566	0.00494	0.03124	0.00879	0.01370	0.00736	0.00855	0.00610	0.00309	0.00307	0.00062	0.00308	0.00246	0.00248	0.85817
38	0.00634	0.00468	0.00629	0.00611	0.00661	0.00531	0.00443	0.03020	0.00672	0.00944	0.01139	0.01953	0.01163	0.33213	0.47215	0.00523	0.05118	0.00491	0.00234	0.00337
39	0.74807	0.03404	0.03314	0.00600	0.00858	0.00946	0.00516	0.01235	0.00726	0.05388	0.00622	0.00717	0.00480	0.00403	0.00321	0.00129	0.04574	0.00240	0.00257	0.00464
40	0.01003	0.00837	0.00786	0.00702	0.00886	0.11131	0.00544	0.13429	0.22950	0.01627	0.09320	0.01667	0.06817	0.00698	0.04583	0.00147	0.00382	0.00458	0.21521	0.00511
41	0.00656	0.00500	0.00709	0.00688	0.00765	0.00589	0.00537	0.04493	0.00729	0.01054	0.01121	0.05742	0.01066	0.03561	0.65976	0.00552	0.07205	0.00467	0.03206	0.00385
42	0.06267	0.07347	0.01408	0.05840	0.36415	0.07545	0.00958	0.17423	0.05800	0.01572	0.00825	0.00967	0.00656	0.00406	0.00381	0.00117	0.00471	0.00339	0.00260	0.05004
43	0.00853	0.08784	0.00856	0.00663	0.00804	0.00718	0.01792	0.17696	0.03096	0.02683	0.06374	0.24242	0.03225	0.19358	0.06793	0.00231	0.00407	0.00661	0.00332	0.00433

[dist]
# distance from previous block
# <min> <max>
0	2

[block]
# block no. 2 follows, 65 sequences, length 30
# corresponding to MSA columns:
# 248-277
name=unknown_C
#
# <colnr> <probs for GDERKNQSTAVLIFYWHMCP>
#	G	D	E	R	K	N	Q	S	T	A	V	L	I	F	Y	W	H	M	C	P
0	0.02761	0.01341	0.04010	0.01754	0.42173	0.30832	0.01023	0.04531	0.01039	0.01256	0.00766	0.01019	0.00657	0.03279	0.00450	0.00127	0.00573	0.01624	0.00219	0.00566
1	0.00520	0.00377	0.00501	0.00573	0.00615	0.00352	0.00391	0.00606	0.00804	0.01088	0.06845	0.74005	0.02637	0.01305	0.04170	0.00183	0.00276	0.01079	0.00373	0.03298
2	0.01110	0.79686	0.02070	0.00718	0.01058	0.04244	0.00703	0.02788	0.00862	0.00998	0.00592	0.00688	0.00541	0.00414	0.02031	0.00101	0.00463	0.00228	0.00182	0.00525
3	0.00587	0.00436	0.00638	0.00638	0.00704	0.00501	0.00486	0.00719	0.00653	0.00937	0.01119	0.01722	0.01074	0.11495	0.75596	0.00633	0.01028	0.00456	0.00223	0.00354
4	0.01162	0.46714	0.03047	0.01073	0.12430	0.16390	0.03441	0.04843	0.02598	0.01136	0.00713	0.00899	0.00628	0.00402	0.00331	0.00104	0.00508	0.02832	0.00209	0.00542
5	0.01095	0.06299	0.02553	0.00705	0.00954	0.00795	0.00577	0.03536	0.32259	0.18539	0.06309	0.01716	0.09796	0.00573	0.00400	0.00124	0.00315	0.00470	0.06653	0.06334
6	0.05299	0.24167	0.11836	0.02320	0.11153	0.09002	0.04692	0.09988	0.06450	0.01355	0.00815	0.03728	0.00686	0.00442	0.00402	0.00117	0.04184	0.00338	0.00238	0.02786
7	0.00576	0.00454	0.00524	0.00504	0.00626	0.00421	0.00378	0.00809	0.07702	0.01417	0.42038	0.06042	0.35177	0.00911	0.00480	0.00135	0.00212	0.00783	0.00418	0.00391
8	0.00578	0.00419	0.00545	0.00514	0.00612	0.00386	0.00385	0.00770	0.01156	0.01632	0.80733	0.03089	0.05945	0.00844	0.00484	0.00129	0.00194	0.00746	0.00450	0.00386
9	0.00883	0.00849	0.01467	0.46954	0.35641	0.00944	0.05085	0.01148	0.00875	0.01181	0.00752	0.01063	0.00593	0.00389	0.00412	0.00131	0.00530	0.00371	0.00192	0.00540
10	0.07375	0.09223	0.08646	0.07379	0.06253	0.13982	0.10513	0.16523	0.08510	0.03453	0.00910	0.03811	0.00725	0.00453	0.00391	0.00124	0.00517	0.00372	0.00274	0.00566
11	0.00579	0.00377	0.00498	0.00572	0.00613	0.00350	0.00387	0.00657	0.00804	0.05366	0.02184	0.76983	0.02557	0.03065	0.00546	0.00168	0.00246	0.01095	0.02599	0.00352
12	0.00497	0.00416	0.00433	0.00428	0.00562	0.00352	0.00321	0.00612	0.00964	0.01177	0.14055	0.03839	0.72908	0.01014	0.00485	0.00137	0.00206	0.00851	0.00390	0.00352
13	0.00579	0.00479	0.00551	0.00583	0.04300	0.00443	0.00409	0.00799	0.08156	0.01278	0.19406	0.09217	0.49360	0.00945	0.00479	0.00139	0.00232	0.01859	0.00391	0.00395
14	0.06924	0.18147	0.31696	0.05184	0.07236	0.14082	0.02005	0.03424	0.02267	0.04399	0.00736	0.00851	0.00565	0.00396	0.00358	0.00117	0.00547	0.00293	0.00211	0.00561
15	0.03145	0.00731	0.01214	0.82317	0.02772	0.00912	0.01121	0.01053	0.00817	0.01070	0.00725	0.01083	0.00544	0.00410	0.00406	0.00137	0.00541	0.00361	0.00184	0.00456
16	0.00927	0.00946	0.04532	0.29260	0.47840	0.00958	0.07194	0.01196	0.00898	0.01242	0.00761	0.01043	0.00610	0.00380	0.00413	0.00128	0.00527	0.00372	0.00196	0.00578
17	0.00505	0.00364	0.00479	0.00569	0.00601	0.00339	0.00386	0.00581	0.00799	0.01057	0.02358	0.78511	0.06852	0.01268	0.00523	0.00166	0.00241	0.03684	0.00381	0.00336
18	0.01723	0.00804	0.01122	0.00849	0.01177	0.00745	0.07533	0.14415	0.01276	0.63665	0.01453	0.01308	0.00933	0.00492	0.00419	0.00127	0.00395	0.00412	0.00467	0.00686
19	0.00851	0.00730	0.00851	0.00608	0.00973	0.00547	0.00486	0.01034	0.00851	0.01338	0.00730	0.00851	0.00608	0.00304	0.00304	0.00061	0.00304	0.00243	0.00243	0.88083
20	0.00597	0.00398	0.00448	0.00448	0.00448	0.00398	0.00249	0.00597	0.00597	0.00796	0.01293	0.02686	0.01492	0.85574	0.02089	0.00398	0.00398	0.00597	0.00249	0.00249
21	0.00589	0.00431	0.00615	0.00615	0.00673	0.00489	0.00458	0.00705	0.00647	0.00920	0.01140	0.01837	0.01124	0.20353	0.66806	0.00605	0.00953	0.00473	0.00226	0.00342
22	0.00958	0.00800	0.00854	0.00773	0.00985	0.00901	0.00598	0.04574	0.63456	0.02878	0.05454	0.06001	0.08685	0.00646	0.00432	0.00139	0.00309	0.00543	0.00415	0.00598
23	0.00851	0.00730	0.00851	0.00608	0.00973	0.00547	0.00486	0.01034	0.00851	0.01338	0.00730	0.00851	0.00608	0.00304	0.00304	0.00061	0.00304	0.00243	0.00243	0.88083
24	0.00500	0.00357	0.00476	0.00572	0.00595	0.00333	0.00381	0.00572	0.00786	0.01048	0.02262	0.85306	0.02715	0.01286	0.00524	0.00167	0.00238	0.01167	0.00381	0.00333
25	0.00984	0.12105	0.10161	0.01529	0.01949	0.03016	0.61577	0.01310	0.00946	0.01261	0.00784	0.01018	0.00598	0.00353	0.00444	0.00130	0.00652	0.00428	0.00200	0.00553
26	0.01062	0.74933	0.12726	0.00763	0.01148	0.01537	0.00808	0.01238	0.00838	0.01009	0.00592	0.00686	0.00526	0.00356	0.00280	0.00093	0.00461	0.00230	0.00175	0.00537
27	0.00608	0.00429	0.00528	0.00520	0.00536	0.00460	0.00334	0.00643	0.00612	0.00838	0.01219	0.02379	0.01351	0.64218	0.19603	0.00445	0.04203	0.00553	0.00240	0.00283
28	0.01108	0.66165	0.07625	0.00807	0.01159	0.09580	0.04300	0.01272	0.00875	0.01021	0.00617	0.00721	0.00543	0.00364	0.00293	0.00095	0.00485	0.00245	0.02201	0.00525
29	0.01001	0.13712	0.45699	0.01090	0.04617	0.03317	0.04735	0.07315	0.00970	0.05177	0.00775	0.00882	0.00575	0.00388	0.00371	0.00117	0.00536	0.00306	0.00217	0.08202

[dist]
# distance from previous block
# <min> <max>
0	1

[block]
# block no. 3 follows, 65 sequences, length 11
# corresponding to MSA columns:
# 279-289
name=unknown_D
#
# <colnr> <probs for GDERKNQSTAVLIFYWHMCP>
#	G	D	E	R	K	N	Q	S	T	A	V	L	I	F	Y	W	H	M	C	P
0	0.03005	0.17373	0.11682	0.00986	0.03208	0.12007	0.03667	0.32911	0.06708	0.03339	0.00869	0.00920	0.00656	0.00438	0.00375	0.00117	0.00502	0.00327	0.00298	0.00611
1	0.00691	0.00364	0.00543	0.00547	0.00555	0.00369	0.00371	0.00554	0.00558	0.00751	0.00824	0.05461	0.00840	0.01563	0.08703	0.76093	0.00415	0.00404	0.00192	0.00202
2	0.01284	0.01059	0.01073	0.00895	0.01168	0.05880	0.00714	0.36586	0.42809	0.02053	0.01314	0.01250	0.00971	0.00521	0.00412	0.00130	0.00404	0.00412	0.00403	0.00661
3	0.00992	0.52966	0.03965	0.19371	0.04748	0.01345	0.02503	0.01195	0.02481	0.01053	0.02519	0.00864	0.00630	0.00387	0.00338	0.00105	0.02000	0.00285	0.00191	0.02060
4	0.00983	0.19455	0.40815	0.01087	0.04118	0.05138	0.05929	0.06767	0.05615	0.01319	0.00813	0.00979	0.00637	0.00477	0.02378	0.00134	0.00559	0.02004	0.00214	0.00580
5	0.00857	0.07830	0.70483	0.01212	0.04202	0.01006	0.06251	0.01295	0.00873	0.01279	0.00732	0.00871	0.00531	0.00384	0.00387	0.00127	0.00597	0.00310	0.00176	0.00599
6	0.00510	0.00371	0.00481	0.00551	0.00594	0.00342	0.00376	0.00601	0.00849	0.01134	0.13391	0.67431	0.09442	0.01205	0.00515	0.00159	0.00230	0.01084	0.00391	0.00342
7	0.00613	0.00405	0.00505	0.00531	0.00615	0.00369	0.00379	0.00725	0.00907	0.06518	0.15928	0.42410	0.20069	0.01102	0.02194	0.00158	0.00247	0.00926	0.05026	0.00372
8	0.00971	0.04259	0.08383	0.07739	0.38304	0.00885	0.00990	0.05660	0.06267	0.05701	0.05495	0.03649	0.08903	0.00512	0.00416	0.00127	0.00432	0.00453	0.00274	0.00581
9	0.00602	0.00444	0.00527	0.02457	0.00664	0.00416	0.00387	0.00753	0.04613	0.03792	0.17353	0.12927	0.37897	0.05460	0.04700	0.05215	0.00288	0.00772	0.00369	0.00366
10	0.00590	0.00407	0.00520	0.00533	0.00617	0.00370	0.00384	0.00724	0.00989	0.04791	0.38036	0.34325	0.14133	0.01022	0.00496	0.00145	0.00219	0.00907	0.00418	0.00374

[dist]
# distance from previous block
# <min> <max>
1	2

[block]
# block no. 4 follows, 65 sequences, length 10
# corresponding to MSA columns:
# 292-301
name=unknown_E
#
# <colnr> <probs for GDERKNQSTAVLIFYWHMCP>
#	G	D	E	R	K	N	Q	S	T	A	V	L	I	F	Y	W	H	M	C	P
0	0.18360	0.01228	0.01300	0.05582	0.05648	0.23855	0.14929	0.14987	0.01139	0.08024	0.00806	0.00917	0.00603	0.00416	0.00382	0.00123	0.00546	0.00335	0.00274	0.00547
1	0.00710	0.00548	0.00715	0.00706	0.00810	0.00558	0.04437	0.10414	0.09786	0.01321	0.01974	0.59864	0.02205	0.01062	0.00498	0.00158	0.00299	0.03131	0.00380	0.00423
2	0.00921	0.00848	0.00983	0.11424	0.08734	0.07529	0.00686	0.03853	0.10877	0.01334	0.01046	0.07433	0.02263	0.00470	0.00373	0.00103	0.00389	0.01669	0.00271	0.38794
3	0.00498	0.00365	0.00468	0.00551	0.00590	0.00335	0.00372	0.00574	0.00805	0.01056	0.02508	0.74784	0.13078	0.01254	0.00519	0.00163	0.00234	0.01128	0.00381	0.00335
4	0.00870	0.00854	0.01199	0.05719	0.01132	0.01178	0.00866	0.00964	0.00637	0.00978	0.00602	0.01034	0.00606	0.06620	0.01346	0.00192	0.74206	0.00376	0.00185	0.00435
5	0.01427	0.03044	0.06250	0.00941	0.05050	0.00811	0.07005	0.13392	0.07845	0.39843	0.01387	0.07111	0.01017	0.00533	0.00418	0.00129	0.00403	0.00454	0.02302	0.00639
6	0.00908	0.03331	0.03383	0.07368	0.02843	0.00684	0.00610	0.08789	0.03842	0.06969	0.02369	0.15812	0.06017	0.02129	0.00446	0.00117	0.02347	0.00501	0.00307	0.31229
7	0.00773	0.06599	0.09667	0.00672	0.00869	0.07927	0.00576	0.00953	0.02627	0.01169	0.14815	0.03691	0.05479	0.18390	0.08654	0.00225	0.00458	0.03826	0.00281	0.12350
8	0.02591	0.08986	0.09863	0.06776	0.01389	0.06950	0.08013	0.23168	0.05270	0.05464	0.00982	0.03566	0.02267	0.00462	0.00403	0.00118	0.01836	0.00373	0.00293	0.11230
9	0.04952	0.08461	0.31519	0.00886	0.01271	0.00857	0.03595	0.03873	0.07349	0.10440	0.02785	0.05367	0.07616	0.00535	0.00397	0.00126	0.00442	0.02859	0.00285	0.06385

[dist]
# distance from previous block
# <min> <max>
14	35

[block]
# block no. 5 follows, 65 sequences, length 37
# corresponding to MSA columns:
# 356-392
name=unknown_F
#
# <colnr> <probs for GDERKNQSTAVLIFYWHMCP>
#	G	D	E	R	K	N	Q	S	T	A	V	L	I	F	Y	W	H	M	C	P
0	0.01480	0.01104	0.01188	0.00911	0.01239	0.01200	0.00750	0.71884	0.04365	0.02447	0.00984	0.00991	0.00707	0.00478	0.00401	0.00118	0.00434	0.00361	0.00396	0.08562
1	0.02038	0.00917	0.01200	0.08687	0.27680	0.08152	0.02676	0.11576	0.03642	0.11306	0.03483	0.08401	0.03685	0.04138	0.00491	0.00140	0.00449	0.00472	0.00303	0.00564
2	0.07489	0.01302	0.01248	0.16015	0.16132	0.33117	0.03163	0.07087	0.04256	0.01292	0.00744	0.00912	0.00594	0.00416	0.00397	0.00119	0.01893	0.00320	0.00231	0.03276
3	0.00933	0.04677	0.32440	0.00991	0.04736	0.00908	0.00980	0.14016	0.06667	0.03288	0.01017	0.05696	0.00860	0.04630	0.14006	0.00228	0.02705	0.00410	0.00259	0.00552
4	0.00755	0.00710	0.01262	0.03492	0.10869	0.00708	0.24282	0.00947	0.00836	0.01130	0.01468	0.06518	0.10281	0.12852	0.13227	0.00257	0.03221	0.06489	0.00255	0.00440
5	0.00910	0.00867	0.01479	0.40975	0.41649	0.00952	0.03716	0.02348	0.00897	0.01221	0.00757	0.01055	0.00602	0.00388	0.00411	0.00129	0.00521	0.00369	0.00197	0.00557
6	0.00805	0.00761	0.01235	0.57151	0.19420	0.01924	0.01073	0.01050	0.00857	0.01114	0.01049	0.03937	0.06971	0.00477	0.00418	0.00134	0.00501	0.00427	0.00209	0.00485
7	0.00846	0.00871	0.02536	0.05741	0.12703	0.00853	0.37470	0.01098	0.00909	0.01234	0.01275	0.11319	0.04510	0.00614	0.00537	0.00148	0.05724	0.10860	0.00253	0.00499
8	0.00817	0.05335	0.41548	0.24609	0.03342	0.00973	0.01239	0.01151	0.00823	0.01167	0.00788	0.05491	0.00651	0.00478	0.00503	0.00137	0.09859	0.00371	0.00188	0.00529
9	0.04103	0.01213	0.07698	0.01154	0.04862	0.11329	0.16899	0.32305	0.01322	0.03162	0.02137	0.03772	0.00767	0.00593	0.04222	0.00152	0.03020	0.00405	0.00299	0.00586
10	0.00963	0.00932	0.01636	0.04855	0.65300	0.00929	0.09588	0.01206	0.00924	0.01307	0.00898	0.07060	0.00809	0.00439	0.00425	0.00128	0.00492	0.01283	0.00218	0.00609
11	0.00794	0.00611	0.00891	0.07892	0.15817	0.00582	0.04709	0.02155	0.00949	0.09942	0.03333	0.14232	0.34861	0.00798	0.00461	0.00138	0.00334	0.00700	0.00338	0.00462
12	0.00767	0.00628	0.00858	0.07914	0.20833	0.02511	0.00613	0.03539	0.00769	0.01032	0.01142	0.04036	0.01214	0.48661	0.01366	0.00282	0.00437	0.02763	0.00243	0.00389
13	0.01762	0.00902	0.01198	0.07823	0.30362	0.08832	0.02197	0.04572	0.07144	0.01287	0.03313	0.18500	0.01179	0.00630	0.00518	0.00138	0.08308	0.00539	0.00269	0.00526
14	0.01292	0.00876	0.03711	0.06204	0.23712	0.00805	0.14944	0.02938	0.01038	0.33442	0.01231	0.04742	0.02172	0.00473	0.00429	0.00130	0.00460	0.00445	0.00335	0.00623
15	0.00911	0.00985	0.12354	0.35365	0.09530	0.02210	0.03244	0.06601	0.05506	0.04350	0.01036	0.05484	0.03446	0.00512	0.00477	0.00138	0.05644	0.01440	0.00244	0.00523
16	0.00590	0.00459	0.00544	0.00618	0.00665	0.03917	0.00433	0.03223	0.00851	0.01109	0.02146	0.72786	0.02531	0.01212	0.00517	0.00164	0.00277	0.07227	0.00375	0.00355
17	0.00800	0.00619	0.00895	0.03380	0.17500	0.00650	0.00677	0.03315	0.03043	0.07003	0.01716	0.06726	0.16256	0.01481	0.27482	0.00307	0.04312	0.03081	0.00289	0.00466
18	0.00964	0.02379	0.16122	0.13020	0.16234	0.03661	0.10213	0.03062	0.00950	0.10065	0.04598	0.07166	0.04615	0.03398	0.01635	0.00148	0.00496	0.00470	0.00265	0.00538
19	0.00967	0.00880	0.01468	0.20074	0.49188	0.00921	0.04475	0.03376	0.03532	0.03615	0.00928	0.04741	0.00795	0.00450	0.00421	0.00130	0.00485	0.02737	0.00232	0.00585
20	0.03468	0.00728	0.01067	0.28582	0.11436	0.00784	0.01955	0.03653	0.08663	0.16141	0.08659	0.01720	0.04336	0.00555	0.00429	0.00136	0.00418	0.06415	0.00322	0.00533
21	0.04440	0.00621	0.00808	0.05733	0.17632	0.02729	0.00610	0.00953	0.00943	0.07720	0.09906	0.08643	0.29219	0.02681	0.00479	0.00139	0.00321	0.01931	0.04039	0.00453
22	0.01661	0.01959	0.22551	0.03061	0.16606	0.01636	0.09571	0.02298	0.00935	0.08316	0.03595	0.14888	0.07557	0.00621	0.00440	0.00137	0.00457	0.02898	0.00279	0.00535
23	0.00761	0.00451	0.00668	0.00629	0.00698	0.00440	0.04767	0.00774	0.04098	0.06907	0.03347	0.18017	0.04455	0.03699	0.03065	0.45721	0.00358	0.00570	0.00272	0.00305
24	0.00969	0.01107	0.02422	0.01730	0.02145	0.01038	0.81522	0.01315	0.00969	0.01315	0.00830	0.01107	0.00623	0.00346	0.00484	0.00138	0.00692	0.00484	0.00208	0.00554
25	0.00965	0.02760	0.32778	0.10541	0.18220	0.07115	0.10898	0.01319	0.03211	0.04351	0.00852	0.03628	0.00671	0.00421	0.00409	0.00129	0.00565	0.00376	0.00213	0.00578
26	0.01962	0.15730	0.16340	0.07249	0.09336	0.02922	0.16836	0.02565	0.03160	0.07738	0.02156	0.01142	0.02250	0.00582	0.05312	0.00156	0.02532	0.01244	0.00236	0.00552
27	0.01003	0.01580	0.52056	0.01043	0.01509	0.00852	0.05348	0.02508	0.00922	0.15509	0.00948	0.01055	0.00674	0.00579	0.05244	0.00160	0.02822	0.00347	0.05252	0.00590
28	0.01115	0.02592	0.31486	0.01094	0.01471	0.30233	0.08816	0.04533	0.05848	0.01268	0.00935	0.01037	0.04033	0.00441	0.00394	0.00121	0.00607	0.00344	0.03089	0.00542
29	0.00966	0.04856	0.29937	0.04984	0.07409	0.06527	0.08323	0.08893	0.04490	0.03490	0.02945	0.04491	0.05018	0.00587	0.03038	0.00147	0.00537	0.02551	0.00255	0.00557
30	0.00857	0.03030	0.07972	0.38835	0.11262	0.01464	0.00962	0.03387	0.03010	0.05546	0.02424	0.07047	0.07799	0.02003	0.01370	0.00145	0.01676	0.00467	0.00250	0.00495
31	0.00615	0.00468	0.00656	0.00620	0.00675	0.00505	0.04131	0.00699	0.00661	0.00911	0.01316	0.04800	0.04715	0.39092	0.34361	0.00462	0.04197	0.00549	0.00242	0.00325
32	0.00765	0.06851	0.00798	0.06155	0.00908	0.02450	0.02788	0.03430	0.03267	0.07865	0.04024	0.45732	0.07220	0.03018	0.00512	0.00155	0.00320	0.02969	0.00355	0.00417
33	0.04677	0.10570	0.32241	0.15254	0.08550	0.05028	0.06558	0.01280	0.00878	0.05527	0.00750	0.00926	0.00567	0.00410	0.00434	0.00128	0.05138	0.00325	0.00203	0.00556
34	0.01098	0.24341	0.15584	0.01784	0.07168	0.01023	0.05089	0.06121	0.02480	0.14980	0.01156	0.07860	0.04323	0.00514	0.00403	0.00121	0.02500	0.00417	0.02475	0.00563
35	0.00909	0.00852	0.01418	0.20341	0.53787	0.00883	0.01109	0.01137	0.00884	0.01237	0.00866	0.05825	0.00777	0.03977	0.00480	0.00137	0.00475	0.00415	0.00212	0.04279
36	0.02964	0.00795	0.03212	0.09424	0.11290	0.02644	0.12283	0.05948	0.04559	0.10163	0.02578	0.21949	0.04451	0.00691	0.00475	0.00142	0.02453	0.03152	0.00316	0.00509

[dist]
# distance from previous block
# <min> <max>
1	31

[block]
# block no. 6 follows, 65 sequences, length 62
# corresponding to MSA columns:
# 457-518
name=unknown_G
#
# <colnr> <probs for GDERKNQSTAVLIFYWHMCP>
#	G	D	E	R	K	N	Q	S	T	A	V	L	I	F	Y	W	H	M	C	P
0	0.01141	0.12808	0.11883	0.00864	0.02596	0.19218	0.00752	0.15840	0.01111	0.05423	0.03380	0.01341	0.05609	0.09224	0.05259	0.00174	0.00534	0.00386	0.01945	0.00514
1	0.03339	0.00908	0.05572	0.03437	0.25159	0.00828	0.04623	0.11639	0.03818	0.06463	0.04559	0.05833	0.02175	0.00522	0.02044	0.00126	0.00427	0.00417	0.00287	0.17824
2	0.01042	0.10783	0.01119	0.01840	0.01046	0.15299	0.06855	0.11016	0.02210	0.04689	0.01048	0.05148	0.00958	0.07397	0.14061	0.04286	0.02247	0.04195	0.04297	0.00463
3	0.00604	0.00408	0.00516	0.00552	0.00630	0.00383	0.00395	0.00724	0.02029	0.05535	0.09126	0.46432	0.17450	0.01250	0.06814	0.00190	0.00301	0.02191	0.04101	0.00370
4	0.00985	0.00722	0.00857	0.00634	0.00969	0.00575	0.00507	0.04360	0.00926	0.11399	0.00911	0.01100	0.00745	0.03926	0.00403	0.00089	0.00321	0.02404	0.00286	0.67879
5	0.01555	0.01299	0.01219	0.00965	0.01272	0.16610	0.00783	0.66798	0.01788	0.02293	0.00920	0.00940	0.00667	0.00480	0.00403	0.00120	0.00505	0.00350	0.00374	0.00657
6	0.02522	0.52326	0.01808	0.11120	0.10861	0.10355	0.00819	0.01249	0.00878	0.01050	0.00626	0.00768	0.00545	0.00367	0.00311	0.00099	0.00484	0.00260	0.00187	0.03364
7	0.02329	0.70361	0.07976	0.00800	0.03269	0.04485	0.00776	0.02746	0.00875	0.02358	0.00615	0.00704	0.00539	0.00363	0.00285	0.00094	0.00460	0.00237	0.00188	0.00539
8	0.00543	0.00368	0.00491	0.00577	0.00610	0.00342	0.00388	0.00617	0.00798	0.03671	0.02242	0.82630	0.02661	0.01261	0.00520	0.00165	0.00242	0.01143	0.00385	0.00345
9	0.00819	0.02076	0.01185	0.01642	0.44693	0.02109	0.01813	0.00993	0.00883	0.01220	0.03583	0.28747	0.01467	0.00790	0.02829	0.01209	0.00417	0.02738	0.00273	0.00512
10	0.00582	0.00403	0.00539	0.00580	0.00635	0.00399	0.00411	0.00668	0.00785	0.03861	0.05211	0.48404	0.09436	0.04930	0.16678	0.03069	0.01823	0.00895	0.00342	0.00349
11	0.01055	0.25335	0.06773	0.15652	0.06946	0.02429	0.02136	0.07016	0.13388	0.07270	0.01963	0.04288	0.01931	0.00480	0.00377	0.00121	0.00444	0.01566	0.00274	0.00557
12	0.00508	0.00376	0.00477	0.00551	0.00602	0.00344	0.00383	0.00595	0.00832	0.01085	0.04871	0.64049	0.17296	0.01221	0.00518	0.00162	0.00239	0.05170	0.00383	0.00340
13	0.00586	0.00440	0.00660	0.00660	0.00733	0.00513	0.00513	0.00733	0.00660	0.00953	0.01100	0.01613	0.01026	0.03079	0.83947	0.00660	0.01100	0.00440	0.00220	0.00367
14	0.04320	0.00893	0.02676	0.40444	0.22390	0.00984	0.04438	0.12952	0.03170	0.01409	0.00806	0.01058	0.00619	0.00449	0.01586	0.00138	0.00519	0.00368	0.00231	0.00550
15	0.02528	0.09568	0.01348	0.04215	0.07390	0.50462	0.04737	0.03667	0.04466	0.01125	0.00697	0.00833	0.00577	0.00435	0.00438	0.00115	0.06373	0.00299	0.00219	0.00508
16	0.43040	0.00737	0.00724	0.00606	0.00858	0.00776	0.00493	0.08716	0.00976	0.18297	0.09372	0.01162	0.00988	0.00467	0.00329	0.00121	0.00314	0.00340	0.06430	0.05252
17	0.01241	0.02723	0.16410	0.02232	0.02552	0.02841	0.02596	0.20957	0.10397	0.19944	0.06952	0.01471	0.05621	0.00537	0.00417	0.00129	0.00425	0.01572	0.00369	0.00614
18	0.00823	0.02123	0.83447	0.01170	0.01777	0.00953	0.01517	0.01300	0.00867	0.01300	0.00737	0.00867	0.00520	0.00390	0.00390	0.00130	0.00607	0.00303	0.00173	0.00607
19	0.00765	0.00383	0.00383	0.00383	0.00478	0.00383	0.00287	0.00956	0.00861	0.01530	0.01339	0.01530	0.01052	0.00478	0.00287	0.00096	0.00191	0.00383	0.87853	0.00383
20	0.00851	0.00730	0.00851	0.00608	0.00973	0.00547	0.00486	0.01034	0.00851	0.01338	0.00730	0.00851	0.00608	0.00304	0.00304	0.00061	0.00304	0.00243	0.00243	0.88083
21	0.00485	0.00416	0.00416	0.00416	0.00554	0.00347	0.00312	0.00589	0.00936	0.01109	0.04158	0.03950	0.82847	0.01040	0.00485	0.00139	0.00208	0.00866	0.00381	0.00347
22	0.00765	0.00383	0.00383	0.00383	0.00478	0.00383	0.00287	0.00956	0.00861	0.01530	0.01339	0.01530	0.01052	0.00478	0.00287	0.00096	0.00191	0.00383	0.87853	0.00383
23	0.00597	0.00398	0.00448	0.00448	0.00448	0.00398	0.00249	0.00597	0.00597	0.00796	0.01293	0.02686	0.01492	0.85574	0.02089	0.00398	0.00398	0.00597	0.00249	0.00249
24	0.00514	0.00365	0.00481	0.00564	0.00591	0.00344	0.00377	0.00588	0.00791	0.01057	0.05493	0.73899	0.02662	0.07647	0.00642	0.00183	0.00252	0.02845	0.00374	0.00330
25	0.00664	0.00562	0.00703	0.00691	0.00772	0.06840	0.00534	0.00802	0.00695	0.00953	0.01060	0.01565	0.00993	0.05250	0.73718	0.00601	0.02576	0.00430	0.00219	0.00373
26	0.00593	0.00429	0.00600	0.00609	0.00664	0.00475	0.00452	0.00704	0.00675	0.00945	0.02328	0.04088	0.01324	0.24011	0.53605	0.00538	0.00833	0.06545	0.00246	0.00337
27	0.00851	0.00730	0.00851	0.00608	0.00973	0.00547	0.00486	0.01034	0.00851	0.01338	0.00730	0.00851	0.00608	0.00304	0.00304	0.00061	0.00304	0.00243	0.00243	0.88083
28	0.09290	0.02544	0.15508	0.06740	0.20283	0.03552	0.09655	0.03354	0.00933	0.07577	0.01770	0.02020	0.00706	0.00414	0.00398	0.00121	0.01535	0.01547	0.01445	0.10608
29	0.00937	0.00910	0.00906	0.00746	0.00976	0.15561	0.00584	0.01064	0.00848	0.01157	0.00816	0.04388	0.00760	0.02579	0.03885	0.04831	0.11337	0.02537	0.00234	0.44944
30	0.00545	0.00390	0.00511	0.00589	0.00631	0.00371	0.00423	0.00637	0.00811	0.01070	0.03520	0.54294	0.06071	0.10520	0.00703	0.00195	0.00283	0.17733	0.00367	0.00335
31	0.01533	0.01956	0.01163	0.01058	0.01269	0.83926	0.00793	0.01639	0.01163	0.01005	0.00635	0.00740	0.00529	0.00423	0.00370	0.00106	0.00740	0.00264	0.00212	0.00476
32	0.00644	0.00510	0.00710	0.01972	0.09128	0.00525	0.00542	0.02405	0.02509	0.01242	0.18959	0.13701	0.13150	0.01513	0.24673	0.00291	0.01847	0.03541	0.01729	0.00408
33	0.01498	0.01119	0.01197	0.00932	0.01249	0.01244	0.00765	0.72473	0.11203	0.02487	0.01065	0.01049	0.00762	0.00500	0.00411	0.00125	0.00437	0.00380	0.00411	0.00692
34	0.02134	0.00779	0.01274	0.62664	0.18180	0.01885	0.01115	0.01087	0.00861	0.01144	0.04454	0.01158	0.00716	0.00421	0.00410	0.00133	0.00519	0.00379	0.00200	0.00490
35	0.00765	0.00383	0.00383	0.00383	0.00478	0.00383	0.00287	0.00956	0.00861	0.01530	0.01339	0.01530	0.01052	0.00478	0.00287	0.00096	0.00191	0.00383	0.87853	0.00383
36	0.00765	0.00383	0.00383	0.00383	0.00478	0.00383	0.00287	0.00956	0.00861	0.01530	0.01339	0.01530	0.01052	0.00478	0.00287	0.00096	0.00191	0.00383	0.87853	0.00383
37	0.01941	0.02444	0.05276	0.05171	0.11172	0.02784	0.15721	0.02129	0.00915	0.01240	0.09643	0.32604	0.05665	0.00789	0.00470	0.00143	0.00402	0.00736	0.00304	0.00453
38	0.00967	0.01102	0.02393	0.01714	0.02118	0.01044	0.79471	0.01307	0.00960	0.01307	0.00823	0.01102	0.00621	0.00355	0.00506	0.00139	0.02833	0.00481	0.00207	0.00551
39	0.00951	0.00823	0.00880	0.00653	0.00998	0.06874	0.00518	0.02710	0.00908	0.04636	0.00788	0.02253	0.00655	0.00341	0.00319	0.00070	0.00341	0.00269	0.00257	0.74753
40	0.00486	0.00411	0.00420	0.00428	0.00558	0.00346	0.00317	0.00588	0.00924	0.01104	0.04015	0.10111	0.76779	0.01058	0.00488	0.00141	0.00210	0.00889	0.00381	0.00346
41	0.00765	0.00383	0.00383	0.00383	0.00478	0.00383	0.00287	0.00956	0.00861	0.01530	0.01339	0.01530	0.01052	0.00478	0.00287	0.00096	0.00191	0.00383	0.87853	0.00383
42	0.01170	0.00956	0.01012	0.00866	0.01124	0.01091	0.00686	0.24149	0.60062	0.01958	0.01481	0.01381	0.01100	0.00539	0.00416	0.00135	0.00360	0.00438	0.00416	0.00663
43	0.00827	0.02096	0.81300	0.01185	0.01786	0.00956	0.03637	0.01300	0.00869	0.01300	0.00739	0.00873	0.00523	0.00389	0.00392	0.00130	0.00609	0.00308	0.00174	0.00605
44	0.00765	0.00383	0.00383	0.00383	0.00478	0.00383	0.00287	0.00956	0.00861	0.01530	0.01339	0.01530	0.01052	0.00478	0.00287	0.00096	0.00191	0.00383	0.87853	0.00383
45	0.00597	0.00398	0.00448	0.00448	0.00448	0.00398	0.00249	0.00597	0.00597	0.00796	0.01293	0.02686	0.01492	0.85574	0.02089	0.00398	0.00398	0.00597	0.00249	0.00249
46	0.00572	0.00419	0.00536	0.00507	0.00608	0.00383	0.00380	0.00757	0.01141	0.01595	0.75390	0.03150	0.11311	0.00858	0.00484	0.00130	0.00195	0.00754	0.00445	0.00383
47	0.00932	0.01045	0.02247	0.01627	0.02002	0.00990	0.73429	0.01251	0.00947	0.01287	0.00932	0.07478	0.00779	0.00426	0.00508	0.00142	0.02691	0.00533	0.00220	0.00534
48	0.00515	0.00423	0.00459	0.00479	0.00606	0.00367	0.00373	0.00633	0.00932	0.01127	0.03759	0.06857	0.66529	0.01064	0.00500	0.00148	0.00238	0.14260	0.00381	0.00351
49	0.00988	0.00946	0.01615	0.12188	0.73567	0.00968	0.01246	0.01235	0.00921	0.01307	0.00767	0.01025	0.00638	0.00371	0.00407	0.00124	0.00495	0.00366	0.00201	0.00627
50	0.00775	0.00730	0.01231	0.84587	0.02827	0.00912	0.01140	0.01049	0.00821	0.01049	0.00730	0.01094	0.00547	0.00410	0.00410	0.00137	0.00547	0.00365	0.00182	0.00456
51	0.02539	0.00747	0.01153	0.01057	0.09275	0.02687	0.15865	0.05725	0.01007	0.21997	0.01500	0.29341	0.01424	0.00713	0.00456	0.00139	0.00404	0.00660	0.00354	0.02956
52	0.00987	0.42075	0.26365	0.07193	0.01393	0.01225	0.00959	0.01237	0.00853	0.04138	0.00708	0.02075	0.00584	0.00390	0.00342	0.00106	0.01834	0.00281	0.00196	0.07058
53	0.00874	0.00729	0.00854	0.00611	0.00975	0.00549	0.00489	0.01056	0.00859	0.03250	0.00750	0.00864	0.00618	0.00309	0.00307	0.00062	0.00305	0.00247	0.00249	0.86045
54	0.00903	0.00914	0.01346	0.01127	0.01159	0.01241	0.07003	0.01013	0.00654	0.01013	0.00561	0.00914	0.00545	0.00690	0.01282	0.00176	0.78452	0.00369	0.00182	0.00457
55	0.00661	0.00497	0.00581	0.00516	0.00637	0.00440	0.00346	0.00733	0.00705	0.01001	0.01287	0.10477	0.03467	0.45627	0.04531	0.00275	0.00375	0.00548	0.00263	0.27032
56	0.00926	0.00845	0.00932	0.00767	0.06117	0.06900	0.00563	0.02514	0.00899	0.01335	0.00730	0.00855	0.00606	0.00320	0.00317	0.00069	0.00351	0.00255	0.00241	0.74456
57	0.00953	0.00946	0.01241	0.07391	0.01221	0.06370	0.00902	0.01060	0.00691	0.03157	0.00588	0.00916	0.00551	0.00671	0.01191	0.00170	0.70976	0.00355	0.00190	0.00458
58	0.01030	0.58632	0.14813	0.00787	0.01144	0.06544	0.00813	0.01211	0.00862	0.01033	0.00872	0.00952	0.06760	0.00424	0.00335	0.00102	0.02685	0.00288	0.00193	0.00521
59	0.01007	0.15646	0.41790	0.01064	0.01496	0.05807	0.05371	0.11115	0.01000	0.01367	0.02705	0.00908	0.00632	0.00435	0.00462	0.00126	0.07957	0.00320	0.00214	0.00575
60	0.08551	0.14955	0.12814	0.07147	0.01233	0.10651	0.04802	0.02067	0.01873	0.03267	0.16327	0.01441	0.05934	0.00508	0.00379	0.00116	0.00436	0.00407	0.00270	0.06821
61	0.08133	0.38390	0.11886	0.00818	0.01154	0.05753	0.00789	0.10015	0.09405	0.04794	0.02109	0.00892	0.00687	0.00425	0.00361	0.00112	0.03169	0.00295	0.00252	0.00561

[dist]
# distance from previous block
# <min> <max>
0	40

[block]
# block no. 7 follows, 65 sequences, length 29
# corresponding to MSA columns:
# 559-587
name=unknown_H
#
# <colnr> <probs for GDERKNQSTAVLIFYWHMCP>
#	G	D	E	R	K	N	Q	S	T	A	V	L	I	F	Y	W	H	M	C	P
0	0.05441	0.12765	0.32094	0.01016	0.04059	0.10578	0.04861	0.02356	0.02685	0.04645	0.00890	0.02174	0.01831	0.00624	0.06376	0.00159	0.00573	0.02342	0.00224	0.04308
1	0.03899	0.08411	0.15068	0.10755	0.36249	0.06844	0.02164	0.05887	0.02287	0.01337	0.00776	0.02098	0.00632	0.00400	0.00386	0.00121	0.00514	0.00344	0.00214	0.01614
2	0.00970	0.43418	0.04219	0.00752	0.01020	0.07909	0.04119	0.04737	0.02384	0.01111	0.01296	0.15997	0.09350	0.00604	0.00364	0.00114	0.00419	0.00482	0.00252	0.00484
3	0.00955	0.00801	0.00896	0.00664	0.01012	0.02461	0.00531	0.07699	0.06800	0.03022	0.00833	0.00919	0.00668	0.00344	0.00324	0.00074	0.00328	0.00273	0.00274	0.71124
4	0.05249	0.06336	0.13087	0.01023	0.01262	0.35605	0.05135	0.01317	0.00941	0.01105	0.00886	0.01034	0.06443	0.00514	0.00581	0.00129	0.18317	0.00340	0.00211	0.00485
5	0.00911	0.06634	0.03915	0.02464	0.08927	0.00774	0.02331	0.06465	0.19181	0.07542	0.01621	0.30926	0.01600	0.00785	0.00449	0.00143	0.00352	0.04108	0.00354	0.00518
6	0.00506	0.00363	0.00480	0.00564	0.00596	0.00338	0.00380	0.00587	0.00816	0.01092	0.08091	0.77506	0.04663	0.01248	0.00520	0.00163	0.00234	0.01129	0.00386	0.00338
7	0.00679	0.00623	0.00587	0.00560	0.00719	0.06492	0.00426	0.01006	0.17589	0.01262	0.08442	0.03180	0.53826	0.00885	0.00464	0.00137	0.00272	0.02050	0.00381	0.00421
8	0.01560	0.01150	0.01232	0.00944	0.01273	0.01273	0.00780	0.81645	0.01930	0.02587	0.00986	0.00986	0.00698	0.00493	0.00411	0.00123	0.00452	0.00370	0.00411	0.00698
9	0.00840	0.04801	0.69691	0.01100	0.01640	0.00960	0.01364	0.01355	0.08671	0.01319	0.00877	0.04037	0.00671	0.00438	0.00393	0.00131	0.00560	0.00348	0.00205	0.00598
10	0.00860	0.00700	0.00821	0.00605	0.00936	0.00550	0.00483	0.02603	0.00868	0.02548	0.00805	0.00944	0.00665	0.00465	0.04631	0.00096	0.00342	0.00267	0.05783	0.75028
11	0.01531	0.00730	0.00923	0.00734	0.01017	0.00689	0.00596	0.08472	0.12164	0.53507	0.10764	0.01552	0.01332	0.00544	0.00418	0.00126	0.00335	0.00448	0.00472	0.03645
12	0.01310	0.03701	0.01234	0.03999	0.17143	0.38173	0.00848	0.15005	0.02844	0.01396	0.00800	0.00931	0.00641	0.00436	0.00399	0.00114	0.02549	0.00320	0.07614	0.00543
13	0.00765	0.00383	0.00383	0.00383	0.00478	0.00383	0.00287	0.00956	0.00861	0.01530	0.01339	0.01530	0.01052	0.00478	0.00287	0.00096	0.00191	0.00383	0.87853	0.00383
14	0.00909	0.00728	0.00857	0.00615	0.00977	0.00550	0.00493	0.01090	0.00870	0.06138	0.00782	0.00883	0.00632	0.00316	0.00310	0.00065	0.00307	0.00253	0.00259	0.82965
15	0.00589	0.00430	0.00612	0.00612	0.00669	0.00487	0.00454	0.00703	0.00646	0.00918	0.01143	0.01853	0.01130	0.21525	0.65643	0.00601	0.00943	0.00475	0.00226	0.00340
16	0.00765	0.00383	0.00383	0.00383	0.00478	0.00383	0.00287	0.00956	0.00861	0.01530	0.01339	0.01530	0.01052	0.00478	0.00287	0.00096	0.00191	0.00383	0.87853	0.00383
17	0.01783	0.00712	0.00951	0.00738	0.01049	0.00633	0.00607	0.02013	0.06999	0.77438	0.01623	0.01407	0.01033	0.00512	0.00413	0.00128	0.00348	0.00416	0.00502	0.00695
18	0.00939	0.00782	0.00963	0.00863	0.01073	0.00855	0.06452	0.09140	0.41685	0.01621	0.05256	0.02399	0.03895	0.00713	0.00466	0.00150	0.00368	0.21430	0.00392	0.00556
19	0.03209	0.02459	0.08160	0.00713	0.01071	0.02974	0.00625	0.08243	0.04950	0.07895	0.00972	0.01031	0.03368	0.00387	0.00341	0.00087	0.00360	0.00304	0.00284	0.52566
20	0.01226	0.47335	0.06574	0.00849	0.01155	0.30396	0.00769	0.02499	0.00962	0.01026	0.00634	0.00758	0.00556	0.02140	0.00348	0.00104	0.00551	0.00252	0.01358	0.00508
21	0.00596	0.00400	0.00460	0.00460	0.00464	0.00405	0.00264	0.00605	0.00601	0.00805	0.01282	0.02624	0.01465	0.80783	0.06843	0.00413	0.00439	0.00588	0.00247	0.00256
22	0.65610	0.00813	0.00725	0.02902	0.00929	0.00914	0.00517	0.08005	0.03349	0.11833	0.00772	0.00821	0.00563	0.00412	0.00296	0.00127	0.00339	0.00269	0.00301	0.00503
23	0.00554	0.00419	0.00511	0.00488	0.00597	0.00376	0.00366	0.00723	0.01098	0.01495	0.60711	0.03315	0.26053	0.00895	0.00484	0.00132	0.00198	0.00777	0.00432	0.00376
24	0.00953	0.00802	0.00857	0.00774	0.00986	0.00903	0.00602	0.06300	0.61360	0.01678	0.07111	0.03991	0.08985	0.00646	0.00434	0.00139	0.00312	0.02159	0.00414	0.00594
25	0.00587	0.00438	0.00652	0.00652	0.00722	0.00509	0.00503	0.00728	0.00657	0.00947	0.01107	0.01653	0.01044	0.06172	0.80878	0.00650	0.01073	0.00446	0.00221	0.00362
26	0.01047	0.13730	0.19941	0.01028	0.04585	0.12551	0.08007	0.07149	0.11980	0.02766	0.06183	0.01277	0.04290	0.00482	0.00393	0.00122	0.00496	0.01361	0.02055	0.00556
27	0.00968	0.00748	0.00923	0.00721	0.04076	0.00600	0.01848	0.03010	0.00912	0.09532	0.00892	0.00980	0.02260	0.00352	0.00342	0.00076	0.01521	0.00285	0.00273	0.69681
28	0.00845	0.00748	0.00860	0.03032	0.03799	0.03684	0.00531	0.01038	0.02230	0.01314	0.03953	0.05225	0.03224	0.00407	0.00338	0.00078	0.00324	0.00338	0.00260	0.67773

[dist]
