[name]
unknown

[dist]
# distance from previous block
# <min> <max>
0	66

[block]
# block no. 0 follows, 67 sequences, length 43
# corresponding to MSA columns:
# 77-116,119-121
name=unknown_A
#
# <colnr> <probs for GDERKNQSTAVLIFYWHMCP>
#	G	D	E	R	K	N	Q	S	T	A	V	L	I	F	Y	W	H	M	C	P
0	0.02724	0.14341	0.14710	0.03204	0.04614	0.09672	0.07206	0.08334	0.07263	0.07710	0.01077	0.04179	0.03780	0.00500	0.00418	0.00123	0.03428	0.03969	0.00268	0.02480
1	0.02004	0.05057	0.02744	0.05881	0.08254	0.04060	0.07966	0.07704	0.04063	0.05216	0.14872	0.14819	0.07070	0.02369	0.01840	0.00154	0.00406	0.03308	0.00338	0.01872
2	0.02886	0.05723	0.19892	0.00931	0.04808	0.07699	0.03473	0.07828	0.06054	0.08037	0.01219	0.07704	0.04315	0.04542	0.01370	0.00145	0.02363	0.06009	0.00282	0.04720
3	0.04024	0.13170	0.22443	0.02930	0.06059	0.11179	0.03963	0.06042	0.06208	0.05068	0.03246	0.06617	0.00874	0.02527	0.03825	0.00148	0.00513	0.00388	0.00249	0.00529
4	0.03287	0.12749	0.12330	0.00936	0.04167	0.08347	0.05729	0.17787	0.08411	0.04263	0.05041	0.05929	0.02519	0.00561	0.02290	0.00131	0.00463	0.01203	0.00292	0.03566
5	0.00499	0.00381	0.00457	0.00498	0.00573	0.00341	0.00353	0.00597	0.00870	0.01123	0.13496	0.41879	0.32207	0.02346	0.00516	0.00152	0.00222	0.02774	0.00379	0.00337
6	0.01076	0.03486	0.14187	0.03188	0.04171	0.09346	0.29593	0.12716	0.06527	0.05064	0.02654	0.02402	0.02814	0.00436	0.00421	0.00127	0.00552	0.00416	0.00263	0.00562
7	0.05249	0.10964	0.15281	0.05114	0.09155	0.13428	0.11561	0.06551	0.03261	0.06201	0.06075	0.01060	0.00813	0.00477	0.02110	0.00130	0.01427	0.00355	0.00246	0.00540
8	0.00918	0.00983	0.03712	0.22139	0.26889	0.02875	0.32315	0.01203	0.00903	0.01220	0.00791	0.01109	0.00629	0.00378	0.00429	0.00130	0.00574	0.02063	0.00198	0.00542
9	0.00482	0.00400	0.00422	0.00431	0.00551	0.00340	0.00318	0.00586	0.00912	0.01113	0.09386	0.13604	0.68011	0.01031	0.00478	0.00138	0.00206	0.00873	0.00377	0.00340
10	0.02149	0.06372	0.12483	0.05909	0.09857	0.21599	0.06278	0.03297	0.06324	0.13502	0.01011	0.04578	0.01978	0.00471	0.00402	0.00122	0.01568	0.01286	0.00269	0.00546
11	0.00869	0.02279	0.01028	0.01030	0.13888	0.00664	0.09607	0.04139	0.04781	0.10539	0.13377	0.18673	0.07316	0.01709	0.03899	0.00160	0.02625	0.02599	0.00336	0.00483
12	0.01620	0.00760	0.04503	0.00769	0.01078	0.00640	0.03747	0.05400	0.02374	0.66985	0.03302	0.04776	0.01076	0.00523	0.00411	0.00126	0.00361	0.00437	0.00459	0.00651
13	0.00839	0.04277	0.01463	0.54461	0.16842	0.00953	0.11412	0.01100	0.00836	0.01104	0.00722	0.01036	0.00561	0.00390	0.00424	0.00130	0.02405	0.00366	0.00185	0.00494
14	0.02875	0.04810	0.09775	0.02704	0.04406	0.10189	0.21963	0.09713	0.07513	0.02969	0.02473	0.04290	0.03961	0.00598	0.04168	0.00152	0.06227	0.00427	0.00257	0.00528
15	0.00946	0.15164	0.46643	0.01163	0.06788	0.02911	0.08913	0.01354	0.06320	0.04963	0.00802	0.00910	0.00597	0.00386	0.00374	0.00121	0.00540	0.00319	0.00206	0.00582
16	0.03487	0.00811	0.00966	0.00793	0.01054	0.00856	0.03910	0.15240	0.31579	0.25831	0.01408	0.01332	0.01001	0.00552	0.02133	0.00137	0.00365	0.00411	0.07513	0.00621
17	0.00911	0.00927	0.03408	0.21628	0.45516	0.02085	0.11304	0.01175	0.01899	0.01224	0.00891	0.01136	0.03965	0.00401	0.00424	0.00126	0.01826	0.00390	0.00203	0.00560
18	0.00881	0.01953	0.01459	0.01146	0.02977	0.06327	0.35309	0.01173	0.07399	0.03898	0.07373	0.08900	0.10210	0.01947	0.01272	0.00145	0.05137	0.01732	0.00281	0.00482
19	0.00489	0.00349	0.00465	0.00558	0.00582	0.00326	0.00372	0.00558	0.00768	0.01024	0.02210	0.85644	0.02653	0.01256	0.00512	0.00163	0.00233	0.01140	0.00372	0.00326
20	0.00731	0.00680	0.04206	0.02520	0.00943	0.05728	0.05051	0.01929	0.02639	0.02851	0.02365	0.01544	0.02525	0.03352	0.53553	0.00462	0.06101	0.02182	0.00232	0.00407
21	0.05775	0.07640	0.04175	0.00865	0.01092	0.18514	0.05991	0.11001	0.10660	0.06732	0.03195	0.09158	0.02904	0.03696	0.01850	0.00144	0.04566	0.01240	0.00297	0.00507
22	0.00875	0.05042	0.26828	0.01293	0.01679	0.00975	0.36658	0.03318	0.00894	0.01254	0.02144	0.07763	0.00781	0.00469	0.00513	0.00136	0.08186	0.00451	0.00211	0.00530
23	0.00492	0.00391	0.00441	0.00462	0.00561	0.00341	0.00334	0.00598	0.00907	0.01145	0.15260	0.25790	0.49760	0.01052	0.00484	0.00141	0.00209	0.00908	0.00383	0.00341
24	0.03007	0.22871	0.11123	0.02554	0.06708	0.15112	0.08057	0.02035	0.02303	0.04620	0.02787	0.09227	0.05055	0.02094	0.00461	0.00146	0.00527	0.00461	0.00285	0.00568
25	0.00956	0.00914	0.01340	0.23938	0.40137	0.06286	0.01049	0.06311	0.02550	0.01277	0.03028	0.02170	0.02417	0.00483	0.01977	0.00135	0.03878	0.00383	0.00222	0.00547
26	0.00675	0.00489	0.00604	0.00613	0.04020	0.00465	0.00438	0.02723	0.07158	0.05516	0.36121	0.11774	0.22194	0.00851	0.00462	0.00133	0.00237	0.02847	0.02263	0.00415
27	0.00976	0.00975	0.01488	0.05932	0.60239	0.08323	0.04947	0.01194	0.00912	0.01236	0.00862	0.07500	0.00782	0.00492	0.02295	0.00134	0.00505	0.00416	0.00212	0.00577
28	0.05441	0.00939	0.04574	0.06168	0.09001	0.07486	0.09816	0.11335	0.07904	0.15647	0.01197	0.13421	0.01024	0.00566	0.00442	0.00132	0.02823	0.01216	0.00320	0.00549
29	0.03049	0.02845	0.02424	0.21260	0.35584	0.00958	0.02800	0.07422	0.02615	0.05040	0.02637	0.02774	0.00735	0.00445	0.00475	0.00129	0.07637	0.00380	0.00234	0.00558
30	0.00783	0.00704	0.00663	0.00644	0.01806	0.12006	0.00477	0.01094	0.15980	0.03291	0.17098	0.11722	0.24791	0.00823	0.01498	0.00138	0.00317	0.02182	0.03551	0.00430
31	0.00897	0.00998	0.03587	0.17637	0.07824	0.02842	0.49859	0.01191	0.00907	0.01213	0.01970	0.01184	0.03804	0.00401	0.00482	0.00134	0.03901	0.00447	0.00206	0.00515
32	0.01091	0.82439	0.02059	0.00701	0.01039	0.05228	0.00690	0.01219	0.00829	0.00945	0.00560	0.00647	0.00515	0.00346	0.00262	0.00087	0.00442	0.00216	0.00173	0.00512
33	0.04315	0.00802	0.00953	0.02663	0.01082	0.00816	0.00629	0.18060	0.19063	0.41226	0.01524	0.01392	0.04573	0.00520	0.00402	0.00127	0.00354	0.00418	0.00437	0.00643
34	0.01192	0.14893	0.02431	0.00961	0.03240	0.28773	0.04797	0.04980	0.31927	0.01329	0.01021	0.01039	0.00798	0.00449	0.00371	0.00116	0.00501	0.00343	0.00284	0.00556
35	0.00495	0.00358	0.00469	0.00556	0.00590	0.00333	0.00380	0.00572	0.00785	0.01036	0.02332	0.76537	0.08092	0.01234	0.00511	0.00162	0.00237	0.04623	0.00372	0.00329
36	0.00818	0.03539	0.01151	0.02905	0.05984	0.00677	0.20679	0.01048	0.05638	0.06767	0.06505	0.09976	0.07215	0.15589	0.01951	0.00186	0.00427	0.05033	0.01095	0.02817
37	0.02867	0.08812	0.17257	0.03372	0.02825	0.07307	0.20047	0.16349	0.07619	0.02528	0.01900	0.01069	0.00715	0.00491	0.02513	0.00138	0.01594	0.01777	0.00257	0.00564
38	0.00770	0.00513	0.00654	0.00644	0.00772	0.02105	0.02051	0.01726	0.02823	0.10644	0.17095	0.08798	0.12358	0.04364	0.00552	0.00161	0.00311	0.30463	0.02787	0.00409
39	0.03521	0.00927	0.01039	0.00816	0.01106	0.00986	0.00669	0.49157	0.05711	0.21510	0.01271	0.01229	0.04151	0.00599	0.03443	0.00141	0.00416	0.00395	0.02271	0.00642
40	0.02957	0.00899	0.01197	0.12992	0.21526	0.09509	0.05496	0.05640	0.04596	0.09558	0.07410	0.05957	0.01034	0.00595	0.03427	0.00146	0.04898	0.00433	0.00277	0.01451
41	0.08742	0.04967	0.01291	0.03013	0.09366	0.37372	0.10665	0.07933	0.03357	0.01293	0.04372	0.02661	0.00753	0.00441	0.00396	0.00116	0.02168	0.00345	0.00241	0.00505
42	0.00666	0.00590	0.00631	0.00586	0.00710	0.08971	0.03365	0.00840	0.02444	0.01364	0.42193	0.08565	0.20926	0.00819	0.00456	0.00128	0.00272	0.01848	0.04242	0.00385

[dist]
# distance from previous block
# <min> <max>
6	27

[block]
# block no. 1 follows, 67 sequences, length 22
# corresponding to MSA columns:
# 150-171
name=unknown_B
#
# <colnr> <probs for GDERKNQSTAVLIFYWHMCP>
#	G	D	E	R	K	N	Q	S	T	A	V	L	I	F	Y	W	H	M	C	P
0	0.01277	0.03765	0.01166	0.01064	0.06180	0.50471	0.02802	0.06833	0.04897	0.01134	0.00749	0.00928	0.00635	0.02788	0.07404	0.00164	0.06719	0.00313	0.00227	0.00485
1	0.00517	0.00373	0.00491	0.00566	0.00606	0.00351	0.00393	0.00598	0.00773	0.01031	0.02137	0.67747	0.04639	0.05934	0.02688	0.00186	0.00275	0.07976	0.00358	0.02360
2	0.03707	0.00988	0.03559	0.14154	0.44200	0.04558	0.03992	0.09444	0.05191	0.05098	0.00841	0.01021	0.00656	0.00395	0.00395	0.00123	0.00483	0.00359	0.00241	0.00596
3	0.00942	0.00787	0.00939	0.00898	0.08455	0.07972	0.04829	0.09737	0.04717	0.06691	0.04825	0.26215	0.01404	0.00666	0.00415	0.00120	0.00366	0.00585	0.00320	0.19116
4	0.00694	0.00551	0.00727	0.00685	0.00788	0.02297	0.01848	0.00937	0.09679	0.03441	0.05496	0.04838	0.05863	0.04965	0.48187	0.00434	0.06174	0.00491	0.00269	0.01634
5	0.04060	0.01037	0.01108	0.12367	0.05172	0.24953	0.10190	0.01160	0.03938	0.01120	0.03374	0.13337	0.05051	0.00731	0.05063	0.00159	0.05051	0.01432	0.00250	0.00447
6	0.00958	0.02103	0.05443	0.00828	0.03051	0.00916	0.00663	0.05947	0.57800	0.02642	0.11306	0.01654	0.03784	0.00570	0.00413	0.00132	0.00326	0.00477	0.00390	0.00595
7	0.00497	0.00355	0.00474	0.00568	0.00594	0.00333	0.00386	0.00572	0.00776	0.01033	0.02206	0.81557	0.02635	0.01249	0.00514	0.00164	0.00240	0.05149	0.00372	0.00328
8	0.02446	0.01003	0.03283	0.21188	0.39055	0.08522	0.03053	0.07573	0.04893	0.01334	0.00817	0.01061	0.00657	0.00404	0.00395	0.00123	0.00501	0.01548	0.01577	0.00565
9	0.84970	0.00779	0.00603	0.00540	0.00787	0.00904	0.00443	0.01220	0.04204	0.01794	0.00605	0.00688	0.00468	0.00380	0.00255	0.00125	0.00311	0.00227	0.00255	0.00443
10	0.00877	0.00877	0.01228	0.01053	0.01053	0.01228	0.00877	0.00965	0.00614	0.00965	0.00526	0.00877	0.00526	0.00702	0.01316	0.00175	0.85172	0.00351	0.00175	0.00439
11	0.02407	0.01096	0.01139	0.09290	0.03491	0.27106	0.11153	0.04387	0.02161	0.01084	0.00909	0.07412	0.00878	0.15991	0.00797	0.00176	0.09421	0.00438	0.00230	0.00435
12	0.01388	0.17059	0.03738	0.00968	0.01211	0.64789	0.00776	0.01533	0.03183	0.01001	0.00638	0.00733	0.00534	0.00403	0.00345	0.00102	0.00656	0.00257	0.00204	0.00482
13	0.01020	0.01005	0.01601	0.02383	0.78901	0.05520	0.01206	0.01251	0.00925	0.01292	0.00747	0.00978	0.00629	0.00360	0.00395	0.00118	0.00490	0.00352	0.00199	0.00626
14	0.00496	0.00407	0.00437	0.00430	0.00555	0.00348	0.00322	0.00618	0.00966	0.01208	0.22793	0.03655	0.64433	0.00969	0.00474	0.00133	0.00200	0.00818	0.00389	0.00348
15	0.01404	0.00820	0.01051	0.00831	0.01105	0.00825	0.06170	0.28788	0.06069	0.33216	0.04351	0.11151	0.01170	0.00584	0.00423	0.00129	0.00378	0.00495	0.00423	0.00617
16	0.04757	0.33895	0.01646	0.01051	0.10612	0.05587	0.10732	0.13568	0.05151	0.03450	0.00797	0.00898	0.00638	0.00391	0.00339	0.00107	0.00456	0.00313	0.05058	0.00554
17	0.00566	0.00412	0.00469	0.00479	0.00555	0.00390	0.00333	0.00703	0.04527	0.01125	0.13151	0.17482	0.25438	0.22743	0.00867	0.00202	0.00263	0.02974	0.06986	0.00334
18	0.01052	0.00859	0.01359	0.23063	0.27023	0.00910	0.09142	0.14454	0.01064	0.07893	0.02333	0.01117	0.00726	0.00414	0.00400	0.00123	0.00469	0.00381	0.06651	0.00565
19	0.00697	0.00348	0.00522	0.00522	0.00522	0.00348	0.00348	0.00522	0.00522	0.00697	0.00697	0.01219	0.00697	0.01393	0.01567	0.88332	0.00348	0.00348	0.00174	0.00174
20	0.05139	0.02287	0.01075	0.00858	0.01107	0.08970	0.00693	0.45764	0.07966	0.05715	0.00986	0.01093	0.00757	0.04878	0.03378	0.00154	0.06120	0.00365	0.02106	0.00589
21	0.01089	0.04585	0.01220	0.14230	0.06769	0.06791	0.07498	0.19533	0.02620	0.06184	0.00938	0.07095	0.00781	0.00468	0.00410	0.00115	0.02534	0.00394	0.00281	0.16464

[dist]
# distance from previous block
# <min> <max>
0	1

[block]
# block no. 2 follows, 67 sequences, length 32
# corresponding to MSA columns:
# 175-206
name=unknown_C
#
# <colnr> <probs for GDERKNQSTAVLIFYWHMCP>
#	G	D	E	R	K	N	Q	S	T	A	V	L	I	F	Y	W	H	M	C	P
0	0.01127	0.73497	0.03186	0.00736	0.01068	0.10162	0.00710	0.03762	0.00882	0.01002	0.00579	0.00665	0.00520	0.00355	0.00274	0.00089	0.00462	0.00225	0.00182	0.00516
1	0.01498	0.01183	0.01178	0.00922	0.01223	0.09447	0.00751	0.72063	0.01779	0.02331	0.00936	0.00981	0.00685	0.02608	0.00438	0.00125	0.00468	0.00356	0.00378	0.00650
2	0.01064	0.11991	0.03481	0.17907	0.21061	0.02017	0.05274	0.16082	0.05897	0.05132	0.01965	0.01082	0.01761	0.00500	0.02971	0.00136	0.00488	0.00364	0.00259	0.00569
3	0.01082	0.00994	0.01186	0.07335	0.11361	0.10702	0.03961	0.21604	0.07212	0.01470	0.00881	0.02047	0.00727	0.00858	0.12551	0.00206	0.14649	0.00377	0.00265	0.00534
4	0.00492	0.00385	0.00445	0.00476	0.00564	0.00339	0.00340	0.00592	0.00888	0.01129	0.13549	0.34524	0.42689	0.01081	0.00488	0.00145	0.00212	0.00941	0.00381	0.00339
5	0.00552	0.00380	0.00484	0.00534	0.00596	0.00345	0.00371	0.00645	0.00852	0.04661	0.12133	0.58956	0.15735	0.01133	0.00496	0.00152	0.00227	0.01012	0.00386	0.00349
6	0.01428	0.01075	0.01149	0.00903	0.01207	0.01199	0.00739	0.67429	0.16681	0.02372	0.01085	0.01061	0.00781	0.00493	0.00402	0.00123	0.00419	0.00378	0.00402	0.00673
7	0.04997	0.00718	0.00907	0.00706	0.00997	0.00669	0.00581	0.12249	0.01201	0.63248	0.01440	0.01296	0.00934	0.00487	0.00387	0.00121	0.00340	0.00388	0.07686	0.00648
8	0.01430	0.10589	0.01233	0.00848	0.01154	0.01191	0.00712	0.63700	0.01658	0.05768	0.00969	0.00983	0.00702	0.00466	0.00376	0.00115	0.00417	0.00347	0.06702	0.00641
9	0.00954	0.10611	0.02299	0.01553	0.01944	0.01066	0.71251	0.01262	0.00925	0.01237	0.00792	0.01062	0.00614	0.01993	0.00479	0.00135	0.00643	0.00446	0.00200	0.00532
10	0.01120	0.76697	0.01993	0.00725	0.01053	0.10865	0.00696	0.01246	0.00851	0.00948	0.00565	0.00652	0.00515	0.00351	0.00269	0.00088	0.00462	0.00219	0.00175	0.00509
11	0.78882	0.00787	0.00661	0.00586	0.00807	0.00937	0.00484	0.01155	0.00675	0.01706	0.00555	0.00677	0.00445	0.00409	0.00368	0.00130	0.09830	0.00232	0.00240	0.00435
12	0.00709	0.00612	0.00584	0.00570	0.00615	0.12169	0.00378	0.00757	0.00675	0.00842	0.01129	0.02111	0.01219	0.54412	0.21177	0.00409	0.00597	0.00502	0.00231	0.00301
13	0.00591	0.00425	0.00582	0.00671	0.00743	0.00415	0.00549	0.00737	0.00874	0.01141	0.02215	0.29901	0.05114	0.01151	0.00538	0.00176	0.00321	0.53130	0.00370	0.00355
14	0.00485	0.00380	0.00434	0.00475	0.00555	0.00335	0.00332	0.00568	0.00837	0.01046	0.03140	0.39934	0.44590	0.04297	0.00549	0.00157	0.00223	0.00966	0.00368	0.00329
15	0.00516	0.00396	0.00465	0.00486	0.00570	0.00361	0.00351	0.00618	0.00864	0.01109	0.14272	0.22102	0.36612	0.10657	0.04271	0.00193	0.00275	0.05187	0.00361	0.00333
16	0.00697	0.00348	0.00522	0.00522	0.00522	0.00348	0.00348	0.00522	0.00522	0.00697	0.00697	0.01219	0.00697	0.01393	0.01567	0.88332	0.00348	0.00348	0.00174	0.00174
17	0.01115	0.71983	0.05334	0.00749	0.01085	0.12079	0.00730	0.01255	0.00857	0.00962	0.00572	0.00662	0.00515	0.00354	0.00276	0.00090	0.00473	0.00223	0.00176	0.00512
18	0.01499	0.00765	0.00944	0.00736	0.01038	0.00722	0.00600	0.12554	0.12408	0.48902	0.02826	0.01285	0.00978	0.00480	0.00390	0.00116	0.00343	0.00388	0.00435	0.12591
19	0.00891	0.01352	0.02232	0.00723	0.00914	0.00580	0.09615	0.03281	0.07362	0.16372	0.26340	0.06593	0.11026	0.03775	0.04892	0.00167	0.00357	0.01915	0.01143	0.00472
20	0.00991	0.00826	0.00910	0.02755	0.03056	0.00937	0.00642	0.11659	0.58356	0.01673	0.01583	0.12276	0.01312	0.00621	0.00420	0.00137	0.00330	0.00526	0.00392	0.00596
21	0.83568	0.00817	0.00618	0.00551	0.00799	0.04078	0.00451	0.01211	0.00710	0.03500	0.00582	0.00669	0.00449	0.00376	0.00256	0.00123	0.00327	0.00223	0.00252	0.00441
22	0.00560	0.00399	0.00517	0.00574	0.00613	0.00399	0.00403	0.00674	0.03863	0.01007	0.01853	0.45151	0.02123	0.19463	0.08236	0.01489	0.00363	0.11657	0.00329	0.00326
23	0.00993	0.00953	0.01628	0.02462	0.83404	0.00953	0.01231	0.01231	0.00913	0.01310	0.00754	0.00993	0.00635	0.00357	0.00397	0.00119	0.00476	0.00357	0.00199	0.00635
24	0.00844	0.00817	0.02158	0.09068	0.34637	0.04702	0.05534	0.02017	0.06471	0.01255	0.05671	0.13537	0.10377	0.00603	0.00430	0.00130	0.00415	0.00551	0.00270	0.00514
25	0.14839	0.01346	0.01255	0.01184	0.10786	0.37136	0.10935	0.06684	0.01016	0.01287	0.00710	0.03185	0.00600	0.00441	0.00441	0.00121	0.06982	0.00329	0.00227	0.00498
26	0.01402	0.00594	0.00783	0.00638	0.00884	0.00514	0.00512	0.01542	0.01074	0.58609	0.05758	0.09463	0.15101	0.00667	0.00428	0.00130	0.00301	0.00559	0.00462	0.00579
27	0.00490	0.00400	0.00433	0.00438	0.00555	0.00343	0.00324	0.00601	0.00932	0.01157	0.15952	0.12902	0.62053	0.01013	0.00478	0.00137	0.00204	0.00861	0.00383	0.00343
28	0.00865	0.00904	0.08425	0.10224	0.10616	0.01628	0.13101	0.02107	0.00895	0.02928	0.04860	0.02374	0.02942	0.00395	0.00374	0.00101	0.00425	0.00363	0.00238	0.36236
29	0.00547	0.00392	0.00507	0.00579	0.00619	0.00377	0.00394	0.05122	0.00830	0.01108	0.02141	0.80903	0.02542	0.01213	0.00506	0.00160	0.00244	0.01096	0.00374	0.00346
30	0.01063	0.45306	0.14601	0.00837	0.01165	0.14918	0.01858	0.03670	0.02337	0.01069	0.00718	0.04419	0.00644	0.00516	0.03546	0.00124	0.02203	0.00297	0.00199	0.00511
31	0.01339	0.17013	0.01459	0.00985	0.01279	0.26164	0.09848	0.31454	0.01335	0.01604	0.03300	0.00908	0.00689	0.00430	0.00373	0.00111	0.00542	0.00327	0.00279	0.00561

[dist]
# distance from previous block
# <min> <max>
0	1

[block]
# block no. 3 follows, 67 sequences, length 31
# corresponding to MSA columns:
# 208-238
name=unknown_D
#
# <colnr> <probs for GDERKNQSTAVLIFYWHMCP>
#	G	D	E	R	K	N	Q	S	T	A	V	L	I	F	Y	W	H	M	C	P
0	0.00969	0.07265	0.03431	0.01158	0.01534	0.02448	0.38411	0.07174	0.02458	0.01360	0.00781	0.00954	0.00610	0.00342	0.00389	0.00105	0.00508	0.00360	0.00230	0.29515
1	0.00666	0.00368	0.00552	0.00552	0.00570	0.00386	0.00386	0.00570	0.00552	0.00754	0.00789	0.01306	0.00772	0.01788	0.21818	0.66873	0.00526	0.00368	0.00184	0.00219
2	0.00611	0.00447	0.00560	0.00524	0.00634	0.00424	0.00395	0.00863	0.07129	0.02824	0.70211	0.02923	0.09306	0.00809	0.00467	0.00128	0.00202	0.00709	0.00435	0.00399
3	0.00589	0.00449	0.00554	0.00611	0.00679	0.00454	0.00434	0.00856	0.15356	0.01153	0.02162	0.62789	0.04988	0.01112	0.00495	0.00159	0.00256	0.06140	0.00378	0.00384
4	0.06904	0.00910	0.00970	0.00804	0.01064	0.01009	0.00645	0.35032	0.31125	0.08039	0.01288	0.04275	0.00975	0.00526	0.00392	0.00127	0.00361	0.00418	0.04517	0.00621
5	0.00844	0.00482	0.00503	0.00461	0.00586	0.00497	0.00355	0.12345	0.01010	0.01649	0.07295	0.01531	0.01182	0.00495	0.00312	0.00100	0.00223	0.00398	0.69316	0.00418
6	0.03694	0.15273	0.01132	0.00716	0.01022	0.00838	0.00610	0.11572	0.01157	0.54256	0.01296	0.01181	0.00861	0.00464	0.00369	0.00116	0.00361	0.00360	0.04085	0.00635
7	0.00517	0.00408	0.00491	0.00499	0.00600	0.00385	0.00375	0.00635	0.00853	0.01095	0.11470	0.10729	0.43506	0.03285	0.20535	0.00265	0.00421	0.03247	0.00339	0.00345
8	0.01514	0.01093	0.01147	0.00890	0.01196	0.04606	0.00731	0.69416	0.01757	0.08642	0.01010	0.01005	0.00713	0.00479	0.00395	0.00119	0.00435	0.00361	0.03831	0.00661
9	0.00890	0.02024	0.02717	0.00653	0.00983	0.01747	0.00539	0.02047	0.00845	0.04591	0.00740	0.00864	0.00608	0.00374	0.01493	0.00081	0.05800	0.00257	0.00243	0.72506
10	0.01427	0.10808	0.01246	0.02350	0.01230	0.47697	0.00758	0.21844	0.05195	0.02665	0.00764	0.00828	0.00600	0.00430	0.00364	0.00108	0.00592	0.00293	0.00265	0.00536
11	0.65413	0.01035	0.08770	0.00697	0.02125	0.09090	0.01688	0.04793	0.00803	0.01686	0.00604	0.00702	0.00466	0.00381	0.00284	0.00122	0.00391	0.00241	0.00242	0.00468
12	0.01080	0.03557	0.04791	0.17186	0.21152	0.16274	0.17841	0.02180	0.01767	0.02419	0.00836	0.01076	0.01847	0.00443	0.00483	0.00135	0.05772	0.00382	0.00223	0.00554
13	0.00549	0.00401	0.00507	0.00559	0.00597	0.00394	0.00385	0.02373	0.00774	0.01025	0.02089	0.54933	0.08244	0.16705	0.00814	0.00203	0.02874	0.05905	0.00343	0.00325
14	0.00723	0.00453	0.00574	0.00525	0.00654	0.00410	0.00400	0.02040	0.01100	0.12114	0.56480	0.05928	0.15411	0.00819	0.00465	0.00129	0.00216	0.00712	0.00435	0.00414
15	0.01692	0.00653	0.00880	0.00683	0.00973	0.00568	0.00562	0.01850	0.01125	0.75646	0.03529	0.01414	0.01063	0.00502	0.00396	0.00122	0.00326	0.00409	0.06954	0.00652
16	0.01351	0.01014	0.01090	0.00865	0.01150	0.01121	0.00704	0.62930	0.12997	0.02281	0.03711	0.04274	0.03556	0.00546	0.00411	0.00125	0.00401	0.00429	0.00401	0.00642
17	0.46962	0.00731	0.00753	0.00617	0.00895	0.00751	0.00509	0.01552	0.00906	0.41146	0.01050	0.00994	0.00703	0.00432	0.00323	0.00124	0.00325	0.00307	0.00367	0.00554
18	0.78645	0.04427	0.00693	0.00571	0.00820	0.07075	0.00470	0.01211	0.00722	0.01703	0.00563	0.00656	0.00444	0.00374	0.00257	0.00121	0.00346	0.00220	0.00242	0.00440
19	0.00489	0.00349	0.00465	0.00558	0.00582	0.00326	0.00372	0.00558	0.00768	0.01024	0.02210	0.85644	0.02653	0.01256	0.00512	0.00163	0.00233	0.01140	0.00372	0.00326
20	0.01165	0.48032	0.07779	0.00830	0.02865	0.11539	0.00760	0.05905	0.10212	0.06316	0.00790	0.00835	0.00636	0.00395	0.00316	0.00102	0.00461	0.00276	0.00236	0.00550
21	0.01498	0.01911	0.01137	0.01033	0.01240	0.84295	0.00775	0.01601	0.01137	0.00982	0.00620	0.00723	0.00517	0.00413	0.00362	0.00103	0.00723	0.00258	0.00207	0.00465
22	0.01302	0.01285	0.01120	0.08999	0.08540	0.38105	0.00799	0.04220	0.05337	0.13495	0.02450	0.01075	0.03237	0.00479	0.00466	0.00121	0.07834	0.00346	0.00270	0.00519
23	0.00777	0.00386	0.00405	0.00402	0.00500	0.00380	0.00301	0.00954	0.00850	0.05139	0.01383	0.07343	0.01139	0.00523	0.00302	0.00100	0.00197	0.00428	0.78107	0.00384
24	0.00890	0.00753	0.00801	0.00725	0.00928	0.00841	0.00564	0.06331	0.55523	0.01554	0.02075	0.01972	0.18600	0.00794	0.05660	0.00167	0.00348	0.00530	0.00388	0.00557
25	0.00516	0.00400	0.00469	0.00468	0.00571	0.00354	0.00345	0.00650	0.00989	0.01298	0.37337	0.14059	0.39177	0.00964	0.00478	0.00135	0.00201	0.00833	0.00402	0.00354
26	0.00593	0.00455	0.00664	0.00652	0.00713	0.00538	0.00502	0.00720	0.00637	0.00919	0.01056	0.01624	0.01013	0.10283	0.71593	0.00591	0.06439	0.00438	0.00215	0.00353
27	0.02001	0.00972	0.01413	0.28220	0.38877	0.08265	0.03567	0.07978	0.00982	0.02816	0.00762	0.00997	0.00600	0.00389	0.00396	0.00123	0.00515	0.00352	0.00216	0.00560
28	0.00607	0.00506	0.00539	0.00533	0.00634	0.05616	0.00392	0.02413	0.01005	0.01311	0.36676	0.19470	0.23716	0.02964	0.00511	0.00141	0.00247	0.01963	0.00389	0.00366
29	0.12678	0.03108	0.06583	0.01086	0.14418	0.05978	0.02751	0.21451	0.03733	0.05101	0.02561	0.00954	0.00692	0.00418	0.00390	0.00113	0.03173	0.00323	0.00283	0.14206
30	0.03351	0.05008	0.03156	0.07038	0.09129	0.14076	0.10734	0.16132	0.06380	0.03832	0.02675	0.01084	0.03174	0.00438	0.00411	0.00116	0.02792	0.00362	0.00271	0.09838

[dist]
# distance from previous block
# <min> <max>
0	81

[block]
# block no. 4 follows, 67 sequences, length 22
# corresponding to MSA columns:
# 320-341
name=unknown_E
#
# <colnr> <probs for GDERKNQSTAVLIFYWHMCP>
#	G	D	E	R	K	N	Q	S	T	A	V	L	I	F	Y	W	H	M	C	P
0	0.10075	0.03312	0.01682	0.07425	0.05989	0.02272	0.37315	0.13840	0.08833	0.01527	0.00859	0.01030	0.00650	0.00401	0.00441	0.00130	0.03013	0.00399	0.00254	0.00554
1	0.07850	0.01037	0.03604	0.10760	0.07836	0.13975	0.11125	0.12901	0.04929	0.05642	0.01151	0.04637	0.07219	0.00490	0.00397	0.00122	0.00478	0.00415	0.00278	0.05154
2	0.09399	0.00491	0.00533	0.00511	0.00646	0.00481	0.00389	0.04595	0.03778	0.01345	0.20980	0.09991	0.36752	0.01045	0.07130	0.00174	0.00298	0.00712	0.00366	0.00384
3	0.00786	0.00677	0.02943	0.18373	0.03430	0.00677	0.09900	0.03446	0.08960	0.05261	0.28258	0.07039	0.06037	0.00644	0.00446	0.00133	0.00367	0.01822	0.00336	0.00465
4	0.01422	0.01031	0.01165	0.01040	0.09398	0.04078	0.00771	0.46960	0.12589	0.13644	0.01097	0.01084	0.00785	0.00483	0.00423	0.00124	0.02492	0.00375	0.00383	0.00657
5	0.05166	0.00434	0.00470	0.00469	0.00589	0.00397	0.00348	0.00697	0.03572	0.01253	0.21775	0.14324	0.47183	0.00954	0.00465	0.00136	0.00213	0.00812	0.00383	0.00361
6	0.00665	0.00564	0.07072	0.00538	0.00641	0.00447	0.00399	0.00737	0.00680	0.04280	0.01303	0.13715	0.01433	0.54399	0.01437	0.00289	0.00371	0.00592	0.00265	0.10173
7	0.05621	0.00918	0.01472	0.15456	0.59657	0.00963	0.01133	0.07560	0.00960	0.01386	0.00754	0.00985	0.00612	0.00375	0.00390	0.00122	0.00474	0.00350	0.00214	0.00598
8	0.58521	0.05919	0.00781	0.00587	0.00865	0.00881	0.00489	0.05605	0.00825	0.10903	0.00713	0.00769	0.00534	0.00381	0.00280	0.00114	0.00326	0.00248	0.00278	0.10978
9	0.00928	0.00897	0.01226	0.01043	0.01068	0.01230	0.00868	0.07351	0.00714	0.01088	0.00561	0.00884	0.00539	0.00685	0.01244	0.00171	0.78500	0.00352	0.00193	0.00458
10	0.01109	0.00883	0.01086	0.03227	0.19648	0.03361	0.00776	0.05224	0.43662	0.11469	0.04283	0.01365	0.01095	0.00496	0.00406	0.00129	0.00374	0.00423	0.00361	0.00624
11	0.07248	0.00789	0.11509	0.00645	0.00907	0.00626	0.00592	0.07736	0.01019	0.29980	0.01247	0.01266	0.00880	0.00461	0.00343	0.00113	0.00322	0.00362	0.33418	0.00537
12	0.07691	0.00458	0.00640	0.00635	0.00721	0.00533	0.00496	0.00754	0.00648	0.01001	0.01033	0.01501	0.00957	0.02795	0.77529	0.00603	0.01013	0.00413	0.00218	0.00364
13	0.00499	0.00407	0.00441	0.00432	0.00557	0.00349	0.00324	0.00624	0.00973	0.01223	0.25135	0.03630	0.62081	0.00964	0.00474	0.00133	0.00199	0.00814	0.00391	0.00349
14	0.01482	0.01102	0.01180	0.00914	0.01227	0.01224	0.00752	0.75613	0.08409	0.02459	0.01017	0.01006	0.00726	0.00486	0.00402	0.00122	0.00431	0.00369	0.00402	0.00678
15	0.04632	0.35573	0.16536	0.00843	0.01218	0.01127	0.06261	0.05761	0.00960	0.20328	0.00880	0.00913	0.00648	0.00396	0.00336	0.00109	0.00446	0.00302	0.02160	0.00572
16	0.00737	0.00464	0.00516	0.00500	0.00612	0.00467	0.00380	0.07275	0.04638	0.01509	0.15509	0.11799	0.06913	0.00688	0.00380	0.00118	0.00228	0.04354	0.42507	0.00403
17	0.09059	0.14431	0.50927	0.00990	0.01472	0.01048	0.02712	0.09429	0.00945	0.04413	0.00738	0.00833	0.00539	0.00388	0.00355	0.00120	0.00519	0.00291	0.00213	0.00578
18	0.00583	0.00390	0.00444	0.00444	0.00447	0.00393	0.00252	0.00588	0.00585	0.00783	0.01257	0.02589	0.01443	0.83089	0.04837	0.00398	0.00412	0.00578	0.00242	0.00247
19	0.00535	0.00420	0.00504	0.00518	0.00611	0.00388	0.01491	0.00688	0.05057	0.01148	0.13401	0.30860	0.34272	0.04699	0.01423	0.01079	0.00244	0.01938	0.00372	0.00352
20	0.16030	0.26819	0.05715	0.00827	0.01130	0.14593	0.00727	0.15391	0.02356	0.06418	0.00781	0.00865	0.00621	0.00441	0.00372	0.00118	0.03063	0.00289	0.00273	0.03169
21	0.02460	0.24814	0.09859	0.00991	0.06160	0.32658	0.00827	0.10255	0.01067	0.02359	0.00676	0.00769	0.00550	0.00390	0.00337	0.00102	0.00552	0.00268	0.00220	0.04685

[dist]
# distance from previous block
# <min> <max>
0	2

[block]
# block no. 5 follows, 67 sequences, length 10
# corresponding to MSA columns:
# 344-353
name=unknown_F
#
# <colnr> <probs for GDERKNQSTAVLIFYWHMCP>
#	G	D	E	R	K	N	Q	S	T	A	V	L	I	F	Y	W	H	M	C	P
0	0.01302	0.05115	0.08492	0.05773	0.04757	0.31852	0.02545	0.21217	0.06717	0.04372	0.02203	0.00942	0.00683	0.00443	0.00396	0.00116	0.01915	0.00327	0.00275	0.00556
1	0.01125	0.01071	0.05056	0.05169	0.08027	0.06310	0.19207	0.25562	0.06950	0.02913	0.00938	0.03039	0.00756	0.05217	0.00575	0.00145	0.06681	0.00413	0.00283	0.00564
2	0.00524	0.00415	0.00473	0.00475	0.00584	0.00372	0.00350	0.00684	0.03890	0.01256	0.27947	0.16440	0.43195	0.00977	0.00477	0.00137	0.00208	0.00842	0.00395	0.00359
3	0.00501	0.00381	0.00462	0.00498	0.00573	0.00341	0.00352	0.00607	0.00895	0.01170	0.20364	0.41347	0.28892	0.01084	0.00491	0.00146	0.00214	0.00955	0.00387	0.00341
4	0.01039	0.00882	0.00930	0.00825	0.01059	0.01017	0.00645	0.08454	0.76289	0.01745	0.01579	0.01454	0.01181	0.00539	0.00408	0.00135	0.00327	0.00446	0.00408	0.00639
5	0.08049	0.00771	0.00926	0.00732	0.01021	0.00759	0.00599	0.16129	0.09231	0.51379	0.01389	0.01260	0.00920	0.00488	0.00386	0.00123	0.00347	0.00386	0.04459	0.00645
6	0.01465	0.01079	0.01161	0.00902	0.01205	0.01191	0.00740	0.77352	0.01821	0.02441	0.01035	0.05861	0.00796	0.00526	0.00408	0.00123	0.00429	0.00406	0.00400	0.00661
7	0.88738	0.00776	0.00589	0.00527	0.00776	0.00900	0.00434	0.01179	0.00683	0.01799	0.00558	0.00651	0.00434	0.00372	0.00248	0.00124	0.00310	0.00217	0.00248	0.00434
8	0.01066	0.79535	0.02065	0.00824	0.07422	0.01538	0.00728	0.01203	0.00823	0.00972	0.00573	0.00670	0.00524	0.00344	0.00268	0.00088	0.00433	0.00226	0.00174	0.00524
9	0.00667	0.00507	0.00743	0.03824	0.09023	0.00510	0.00690	0.00847	0.00901	0.01186	0.01949	0.12942	0.02119	0.01025	0.00529	0.00174	0.00371	0.61255	0.00346	0.00393

[dist]
# distance from previous block
# <min> <max>
0	1

[block]
# block no. 6 follows, 67 sequences, length 30
# corresponding to MSA columns:
# 355-371,373-385
name=unknown_G
#
# <colnr> <probs for GDERKNQSTAVLIFYWHMCP>
#	G	D	E	R	K	N	Q	S	T	A	V	L	I	F	Y	W	H	M	C	P
0	0.00836	0.00416	0.00445	0.00419	0.00545	0.00395	0.00321	0.01007	0.00888	0.11336	0.01725	0.01809	0.12484	0.00547	0.00322	0.00103	0.00208	0.00443	0.65344	0.00406
1	0.03477	0.00692	0.00822	0.00673	0.00923	0.03761	0.00546	0.08420	0.01130	0.49071	0.02914	0.03918	0.11183	0.00603	0.00409	0.00126	0.00333	0.04141	0.06280	0.00578
2	0.00576	0.00436	0.00601	0.02286	0.06393	0.00429	0.00479	0.02383	0.02758	0.01097	0.01998	0.65840	0.02322	0.02545	0.02193	0.00173	0.00290	0.06483	0.00353	0.00367
3	0.00697	0.00348	0.00522	0.00522	0.00522	0.00348	0.00348	0.00522	0.00522	0.00697	0.00697	0.01219	0.00697	0.01393	0.01567	0.88332	0.00348	0.00348	0.00174	0.00174
4	0.01090	0.82544	0.02060	0.00701	0.01038	0.05125	0.00690	0.01218	0.00829	0.00945	0.00560	0.00647	0.00515	0.00346	0.00262	0.00087	0.00441	0.00216	0.00173	0.00513
5	0.00540	0.00435	0.00486	0.00499	0.00612	0.00400	0.00374	0.00726	0.06873	0.01173	0.11408	0.17102	0.47550	0.02879	0.00516	0.00149	0.00232	0.07307	0.00379	0.00363
6	0.01153	0.01190	0.07578	0.00880	0.01177	0.20660	0.03677	0.08739	0.18268	0.06707	0.00961	0.01004	0.00734	0.00427	0.00397	0.00107	0.03081	0.00326	0.00289	0.22647
7	0.00955	0.00918	0.01579	0.15337	0.68882	0.00945	0.03114	0.01200	0.00897	0.01265	0.00749	0.01007	0.00619	0.00364	0.00399	0.00122	0.00490	0.00360	0.00195	0.00603
8	0.39850	0.04924	0.03482	0.02822	0.05441	0.00908	0.00629	0.09999	0.02588	0.21964	0.00894	0.00919	0.00636	0.00427	0.00354	0.00124	0.02876	0.00300	0.00316	0.00546
9	0.06147	0.02571	0.01256	0.06047	0.33881	0.02629	0.04090	0.09850	0.06403	0.10433	0.02210	0.01415	0.08122	0.00486	0.00402	0.00125	0.00423	0.02642	0.00291	0.00577
10	0.00852	0.00817	0.01407	0.35178	0.38161	0.00883	0.06616	0.01098	0.00861	0.01168	0.00932	0.01205	0.05056	0.00506	0.03471	0.00146	0.00520	0.00394	0.00201	0.00527
11	0.00815	0.00613	0.00723	0.00677	0.03602	0.00625	0.00501	0.13232	0.14055	0.04088	0.39067	0.04574	0.14326	0.00740	0.00448	0.00129	0.00265	0.00634	0.00412	0.00475
12	0.02470	0.02544	0.01079	0.41383	0.01841	0.05035	0.03928	0.03029	0.08040	0.02405	0.04435	0.06914	0.01042	0.00563	0.00460	0.00138	0.04459	0.07431	0.02347	0.00458
13	0.00969	0.23399	0.44021	0.01036	0.04529	0.07263	0.01125	0.01329	0.05432	0.03184	0.00737	0.00841	0.00568	0.00396	0.00385	0.00117	0.03621	0.00288	0.00195	0.00564
14	0.00580	0.00403	0.00510	0.00510	0.00535	0.00428	0.00333	0.00630	0.00605	0.00831	0.01197	0.02258	0.01299	0.56910	0.30819	0.00478	0.00629	0.00530	0.00233	0.00283
15	0.00944	0.00776	0.05283	0.00737	0.00930	0.04479	0.02567	0.15772	0.06391	0.09755	0.11524	0.16047	0.11520	0.00914	0.06707	0.00173	0.03022	0.01611	0.00360	0.00487
16	0.15142	0.51281	0.14898	0.00776	0.01135	0.07507	0.02127	0.01240	0.00825	0.01142	0.00593	0.00690	0.00502	0.00359	0.00287	0.00101	0.00462	0.00236	0.00187	0.00511
17	0.00877	0.00877	0.01228	0.01053	0.01053	0.01228	0.00877	0.00965	0.00614	0.00965	0.00526	0.00877	0.00526	0.00702	0.01316	0.00175	0.85172	0.00351	0.00175	0.00439
18	0.00610	0.00447	0.00544	0.00577	0.00650	0.00441	0.00409	0.06278	0.05756	0.01228	0.08933	0.54641	0.08489	0.03994	0.00539	0.00159	0.00253	0.02700	0.02979	0.00373
19	0.77341	0.00805	0.00660	0.00571	0.00829	0.00921	0.00471	0.08836	0.00813	0.04856	0.00634	0.00707	0.00478	0.00387	0.00268	0.00124	0.00324	0.00238	0.00272	0.00467
20	0.01072	0.86147	0.02102	0.00686	0.01029	0.01587	0.00686	0.01201	0.00815	0.00944	0.00558	0.00643	0.00515	0.00343	0.00257	0.00086	0.00429	0.00214	0.00172	0.00515
21	0.00555	0.00409	0.00519	0.00492	0.00592	0.00373	0.00369	0.00733	0.01106	0.01539	0.72704	0.03110	0.14316	0.00846	0.00473	0.00127	0.00191	0.00741	0.00432	0.00373
22	0.00544	0.00391	0.00505	0.00578	0.00617	0.00375	0.00393	0.04949	0.00828	0.01105	0.02143	0.81082	0.02546	0.01215	0.00506	0.00161	0.00244	0.01098	0.00374	0.00345
23	0.05063	0.00799	0.00868	0.00713	0.00953	0.03943	0.00572	0.25997	0.07462	0.24656	0.03042	0.05927	0.01032	0.00531	0.00380	0.00120	0.00345	0.00423	0.16597	0.00577
24	0.00513	0.00372	0.00489	0.00570	0.00615	0.00348	0.00406	0.00606	0.00815	0.01075	0.05265	0.64448	0.09180	0.01200	0.00513	0.00162	0.00248	0.12465	0.00374	0.00335
25	0.04558	0.11551	0.01142	0.00783	0.01077	0.03545	0.00653	0.30230	0.04002	0.31786	0.01205	0.05761	0.00888	0.00509	0.00384	0.00120	0.00392	0.00396	0.00394	0.00625
26	0.00651	0.00461	0.00567	0.00569	0.02414	0.00428	0.00414	0.00844	0.05584	0.07039	0.27090	0.16975	0.27486	0.00973	0.03062	0.00152	0.00259	0.02813	0.00393	0.01827
27	0.03669	0.06817	0.01048	0.03822	0.01074	0.10217	0.08246	0.06184	0.00916	0.03534	0.02989	0.02890	0.00853	0.13080	0.00597	0.00137	0.00417	0.00362	0.02489	0.30660
28	0.00907	0.00813	0.02400	0.12288	0.11717	0.00743	0.04202	0.09219	0.01773	0.01383	0.01688	0.00963	0.00653	0.00437	0.02955	0.00108	0.01274	0.00307	0.00241	0.45927
29	0.03155	0.03040	0.09645	0.03239	0.08913	0.18811	0.08006	0.15539	0.05770	0.06580	0.01011	0.02009	0.03825	0.03569	0.00461	0.00128	0.01476	0.00373	0.00275	0.04176

[dist]
# distance from previous block
# <min> <max>
1	13

[block]
# block no. 7 follows, 67 sequences, length 19
# corresponding to MSA columns:
# 399-417
name=unknown_H
#
# <colnr> <probs for GDERKNQSTAVLIFYWHMCP>
#	G	D	E	R	K	N	Q	S	T	A	V	L	I	F	Y	W	H	M	C	P
0	0.05520	0.01476	0.01232	0.01052	0.02427	0.48463	0.11792	0.07401	0.04335	0.01237	0.00817	0.00930	0.02650	0.00431	0.00402	0.00112	0.02999	0.00322	0.02790	0.03614
1	0.00679	0.00595	0.00690	0.03232	0.00835	0.05556	0.04131	0.02497	0.12028	0.01236	0.11342	0.30905	0.19791	0.00919	0.00470	0.00143	0.00301	0.03880	0.00362	0.00407
2	0.00583	0.00389	0.00437	0.00437	0.00437	0.00389	0.00243	0.00583	0.00583	0.00778	0.01264	0.02624	0.01458	0.85906	0.02041	0.00389	0.00389	0.00583	0.00243	0.00243
3	0.00982	0.00507	0.00649	0.00573	0.00741	0.00452	0.00441	0.02556	0.01050	0.29715	0.26377	0.14416	0.16484	0.02584	0.00486	0.00138	0.00259	0.00686	0.00433	0.00471
4	0.01352	0.01037	0.01106	0.00888	0.01178	0.01163	0.00720	0.55854	0.28380	0.02249	0.01182	0.01138	0.00860	0.00502	0.00403	0.00125	0.00401	0.00391	0.00403	0.00667
5	0.43891	0.00753	0.00704	0.00595	0.00832	0.00829	0.00485	0.17736	0.01008	0.10030	0.00900	0.00962	0.00664	0.00427	0.00302	0.00117	0.00314	0.00298	0.18657	0.00497
6	0.46988	0.00884	0.00848	0.00689	0.00971	0.00979	0.00569	0.29419	0.01162	0.12800	0.00833	0.00853	0.00594	0.00427	0.00322	0.00123	0.00360	0.00292	0.00334	0.00553
7	0.09384	0.01009	0.01079	0.00838	0.01141	0.01101	0.00691	0.62266	0.01648	0.11177	0.01010	0.01003	0.00710	0.00473	0.00382	0.00120	0.00407	0.00353	0.04564	0.00645
8	0.01111	0.78549	0.02015	0.00718	0.01048	0.09047	0.00694	0.01237	0.00844	0.00947	0.00563	0.00651	0.00515	0.00349	0.00267	0.00087	0.00455	0.00218	0.00175	0.00510
9	0.70368	0.00888	0.00725	0.06005	0.03473	0.08432	0.00541	0.03285	0.00769	0.01680	0.00590	0.00703	0.00461	0.00380	0.00277	0.00123	0.00370	0.00238	0.00242	0.00450
10	0.00736	0.00552	0.00739	0.00699	0.00803	0.00630	0.00550	0.10416	0.03334	0.02891	0.02379	0.09408	0.03079	0.02124	0.50793	0.00446	0.06307	0.03426	0.00273	0.00414
11	0.01154	0.00572	0.00728	0.00617	0.00817	0.00530	0.00487	0.03365	0.07059	0.36791	0.26590	0.06648	0.05872	0.00663	0.00426	0.00126	0.00273	0.00564	0.06188	0.00530
12	0.00816	0.00761	0.01088	0.12907	0.28991	0.06612	0.00851	0.00993	0.00809	0.01088	0.00997	0.06634	0.00954	0.05727	0.21513	0.00274	0.03809	0.04487	0.00221	0.00467
13	0.00506	0.00389	0.00463	0.00485	0.00571	0.00346	0.00348	0.00622	0.00930	0.01216	0.26380	0.30461	0.33762	0.01038	0.00486	0.00142	0.00209	0.00908	0.00392	0.00346
14	0.00713	0.00396	0.00586	0.00570	0.00570	0.00428	0.00396	0.00562	0.00531	0.00721	0.00681	0.01188	0.00681	0.01331	0.01545	0.80380	0.07999	0.00349	0.00174	0.00198
15	0.01072	0.86147	0.02102	0.00686	0.01029	0.01587	0.00686	0.01201	0.00815	0.00944	0.00558	0.00643	0.00515	0.00343	0.00257	0.00086	0.00429	0.00214	0.00172	0.00515
16	0.00766	0.01756	0.00732	0.02804	0.04227	0.00636	0.00517	0.08215	0.19541	0.01420	0.10378	0.25113	0.12245	0.00795	0.00437	0.00134	0.00283	0.00690	0.04622	0.04689
17	0.00757	0.00713	0.01203	0.84942	0.02762	0.00891	0.01114	0.01025	0.00802	0.01025	0.00713	0.01069	0.00535	0.00401	0.00401	0.00134	0.00535	0.00356	0.00178	0.00446
18	0.03310	0.03549	0.04314	0.01037	0.03193	0.02277	0.19583	0.22864	0.11715	0.07552	0.04605	0.05755	0.01045	0.00521	0.00420	0.00129	0.00446	0.03534	0.03582	0.00569

[dist]
# distance from previous block
# <min> <max>
3	5

[block]
# block no. 8 follows, 67 sequences, length 6
# corresponding to MSA columns:
# 424-429
name=unknown_I
#
# <colnr> <probs for GDERKNQSTAVLIFYWHMCP>
#	G	D	E	R	K	N	Q	S	T	A	V	L	I	F	Y	W	H	M	C	P
0	0.02871	0.00717	0.02595	0.03289	0.01088	0.00695	0.12844	0.06139	0.14600	0.13049	0.29257	0.02034	0.06292	0.00621	0.00441	0.00130	0.00345	0.02097	0.00383	0.00511
1	0.00878	0.00899	0.01738	0.14346	0.05379	0.00908	0.45009	0.03216	0.07096	0.01265	0.00988	0.04549	0.00826	0.00642	0.06947	0.00177	0.00614	0.03779	0.00234	0.00511
2	0.01294	0.01067	0.01362	0.01213	0.12089	0.06332	0.12497	0.41520	0.04801	0.05163	0.00951	0.01094	0.00723	0.00497	0.00477	0.03457	0.02363	0.02169	0.00324	0.00608
3	0.00615	0.00411	0.00499	0.00496	0.00526	0.00437	0.00328	0.00679	0.00645	0.00939	0.01241	0.05246	0.01309	0.49543	0.17961	0.00376	0.03628	0.00531	0.14294	0.00297
4	0.03158	0.00722	0.00942	0.00821	0.03537	0.07300	0.12527	0.04311	0.00834	0.04244	0.04779	0.06717	0.01200	0.29541	0.06047	0.00244	0.03673	0.00502	0.03113	0.05788
5	0.00619	0.00426	0.00530	0.00511	0.00626	0.00384	0.00391	0.00776	0.01042	0.06351	0.46866	0.07548	0.24595	0.00897	0.00477	0.00135	0.00218	0.06808	0.00417	0.00383

[dist]
# distance from previous block
# <min> <max>
0	9

[block]
# block no. 9 follows, 67 sequences, length 12
# corresponding to MSA columns:
# 439-450
name=unknown_J
#
# <colnr> <probs for GDERKNQSTAVLIFYWHMCP>
#	G	D	E	R	K	N	Q	S	T	A	V	L	I	F	Y	W	H	M	C	P
0	0.02521	0.21777	0.06553	0.05697	0.13896	0.23413	0.03376	0.05583	0.02940	0.01162	0.00683	0.00838	0.00570	0.00451	0.01662	0.00122	0.07729	0.00297	0.00206	0.00523
1	0.01268	0.01032	0.01041	0.02152	0.01124	0.09265	0.00690	0.45638	0.13664	0.01970	0.03815	0.01188	0.00899	0.02715	0.05586	0.00160	0.02523	0.00387	0.04294	0.00590
2	0.01046	0.77848	0.10169	0.00731	0.01099	0.01522	0.00765	0.01208	0.00818	0.00976	0.00574	0.00663	0.00514	0.00347	0.00270	0.00090	0.00445	0.00223	0.00171	0.00522
3	0.00709	0.00497	0.00596	0.00539	0.00676	0.00471	0.00413	0.09374	0.01157	0.05777	0.50612	0.04934	0.21056	0.00822	0.00463	0.00128	0.00228	0.00708	0.00423	0.00416
4	0.06145	0.01380	0.04847	0.00927	0.01190	0.32365	0.00751	0.24258	0.21131	0.01642	0.00963	0.00980	0.00730	0.00460	0.00379	0.00118	0.00517	0.00334	0.00311	0.00571
5	0.01113	0.04475	0.04593	0.00800	0.05370	0.00824	0.00629	0.17335	0.19606	0.12931	0.09226	0.01426	0.01201	0.00511	0.00378	0.00118	0.00332	0.00416	0.18151	0.00566
6	0.00560	0.00407	0.00500	0.00503	0.00602	0.00366	0.00375	0.00699	0.00987	0.03425	0.37204	0.18945	0.27517	0.00970	0.00483	0.00139	0.00216	0.05332	0.00405	0.00364
7	0.00973	0.03509	0.12518	0.09590	0.35027	0.00953	0.13441	0.05176	0.05999	0.03890	0.04386	0.01111	0.00786	0.00403	0.00407	0.00125	0.00499	0.00386	0.00235	0.00586
8	0.04472	0.00531	0.00733	0.00627	0.00733	0.00517	0.09904	0.03257	0.00763	0.02525	0.08845	0.05069	0.04777	0.48850	0.02523	0.00281	0.00394	0.00569	0.00275	0.04354
9	0.00558	0.00380	0.00452	0.00476	0.00484	0.00376	0.00285	0.00581	0.00633	0.00847	0.01505	0.24265	0.01755	0.61081	0.04345	0.00338	0.00371	0.00724	0.00276	0.00268
10	0.01047	0.00974	0.01042	0.04069	0.11686	0.13406	0.00695	0.09377	0.06955	0.02693	0.00819	0.00936	0.00656	0.00388	0.00387	0.00095	0.04060	0.00300	0.02772	0.37644
11	0.06087	0.52289	0.03796	0.00838	0.01154	0.20982	0.05812	0.03023	0.00915	0.01064	0.00601	0.00702	0.00520	0.00365	0.00301	0.00097	0.00511	0.00246	0.00191	0.00506

[dist]
# distance from previous block
# <min> <max>
0	1

[block]
# block no. 10 follows, 67 sequences, length 20
# corresponding to MSA columns:
# 452-471
name=unknown_K
#
# <colnr> <probs for GDERKNQSTAVLIFYWHMCP>
#	G	D	E	R	K	N	Q	S	T	A	V	L	I	F	Y	W	H	M	C	P
0	0.02457	0.05726	0.07043	0.00957	0.01148	0.45865	0.00790	0.01349	0.03112	0.01040	0.00728	0.00961	0.00635	0.00708	0.08029	0.00167	0.14351	0.02305	0.02165	0.00462
