[name]
unknown

[dist]
# distance from previous block
# <min> <max>
0	103

[block]
# block no. 0 follows, 63 sequences, length 7
# corresponding to MSA columns:
# 182-188
name=unknown_A
#
# <colnr> <probs for GDERKNQSTAVLIFYWHMCP>
#	G	D	E	R	K	N	Q	S	T	A	V	L	I	F	Y	W	H	M	C	P
0	0.05846	0.00853	0.01053	0.07270	0.08054	0.00903	0.01949	0.25012	0.08626	0.11175	0.09090	0.03893	0.01188	0.04040	0.00501	0.00139	0.01687	0.00449	0.02591	0.05680
1	0.05795	0.00589	0.00605	0.00572	0.00727	0.03924	0.00428	0.07234	0.01009	0.01352	0.09829	0.23910	0.32664	0.00932	0.00465	0.00138	0.00278	0.00792	0.00372	0.08388
2	0.08694	0.00585	0.00694	0.00676	0.00782	0.04637	0.00519	0.04761	0.00809	0.01190	0.05910	0.09659	0.01305	0.04430	0.52842	0.00484	0.00844	0.00512	0.00268	0.00400
3	0.11341	0.22270	0.06046	0.01049	0.08655	0.12805	0.03214	0.18552	0.04266	0.04602	0.00804	0.00887	0.00629	0.00432	0.00386	0.00118	0.02772	0.00312	0.00272	0.00586
4	0.03315	0.03156	0.17134	0.27045	0.13529	0.00916	0.07401	0.02842	0.00946	0.07865	0.04997	0.01302	0.04789	0.00472	0.00444	0.00135	0.02505	0.00412	0.00247	0.00551
5	0.01549	0.01530	0.01210	0.01012	0.01288	0.38131	0.00796	0.40393	0.06863	0.01865	0.00894	0.00933	0.00674	0.00477	0.00402	0.00119	0.00586	0.00337	0.00330	0.00610
6	0.00650	0.00519	0.00708	0.00675	0.00792	0.00493	0.06913	0.08029	0.00982	0.01283	0.06282	0.47126	0.21756	0.01083	0.00511	0.00156	0.00292	0.00969	0.00382	0.00400

[dist]
# distance from previous block
# <min> <max>
2	4

[block]
# block no. 1 follows, 63 sequences, length 23
# corresponding to MSA columns:
# 193-215
name=unknown_B
#
# <colnr> <probs for GDERKNQSTAVLIFYWHMCP>
#	G	D	E	R	K	N	Q	S	T	A	V	L	I	F	Y	W	H	M	C	P
0	0.01077	0.00983	0.01446	0.12295	0.47611	0.06574	0.01109	0.03185	0.03734	0.06042	0.00940	0.01300	0.00793	0.00474	0.00483	0.00134	0.05524	0.05444	0.00246	0.00603
1	0.03514	0.03996	0.02711	0.10015	0.26146	0.10141	0.00911	0.08082	0.09244	0.04294	0.03017	0.01323	0.07062	0.00492	0.00431	0.00125	0.02562	0.00406	0.00279	0.05248
2	0.01120	0.05499	0.01491	0.01302	0.12938	0.13162	0.14363	0.05730	0.01860	0.04656	0.01835	0.01012	0.00682	0.01397	0.00642	0.00132	0.19614	0.00365	0.00239	0.11959
3	0.00943	0.09784	0.43312	0.01283	0.04426	0.02654	0.18515	0.03994	0.00944	0.01326	0.02155	0.01018	0.01971	0.00427	0.00469	0.00133	0.05490	0.00366	0.00204	0.00586
4	0.00578	0.00434	0.00508	0.00486	0.00610	0.00382	0.00366	0.00733	0.01083	0.03241	0.44415	0.03521	0.40228	0.00947	0.00495	0.00137	0.00209	0.00811	0.00431	0.00384
5	0.01602	0.01291	0.01243	0.00979	0.01297	0.13876	0.00796	0.66838	0.01835	0.04619	0.00972	0.00982	0.00697	0.00494	0.00414	0.00124	0.00505	0.00363	0.00392	0.00680
6	0.00529	0.00390	0.00531	0.00597	0.00639	0.00362	0.02093	0.00616	0.00834	0.01113	0.07318	0.72746	0.05916	0.03456	0.00574	0.00173	0.00254	0.01126	0.00387	0.00348
7	0.01572	0.01119	0.01201	0.00936	0.01255	0.03131	0.00770	0.68495	0.01837	0.09513	0.01120	0.03466	0.00833	0.00541	0.00426	0.00129	0.00453	0.02089	0.00423	0.00692
8	0.01718	0.00919	0.01094	0.00846	0.01171	0.00929	0.00696	0.35128	0.06086	0.44781	0.01390	0.01262	0.00918	0.00517	0.00422	0.00129	0.00400	0.00407	0.00473	0.00712
9	0.00586	0.00422	0.00567	0.00631	0.00681	0.00428	0.00463	0.00713	0.02523	0.01076	0.01943	0.41018	0.02200	0.12171	0.15918	0.00297	0.00457	0.17210	0.00343	0.00353
10	0.03884	0.00847	0.00972	0.00787	0.01066	0.00873	0.00642	0.28097	0.11928	0.29487	0.01580	0.01595	0.05877	0.00576	0.00420	0.00132	0.00370	0.03810	0.06415	0.00644
11	0.00610	0.00412	0.00482	0.00482	0.00490	0.00420	0.00284	0.00626	0.00618	0.00832	0.01303	0.02633	0.01477	0.76384	0.10912	0.00436	0.00485	0.00594	0.00252	0.00268
12	0.00511	0.00369	0.00484	0.00576	0.00607	0.00342	0.00386	0.00586	0.00814	0.01077	0.02433	0.80113	0.07544	0.01302	0.00534	0.00169	0.00242	0.01177	0.00390	0.00342
13	0.00606	0.00409	0.00476	0.00480	0.00486	0.00413	0.00280	0.00620	0.00624	0.00838	0.01352	0.06166	0.01546	0.75608	0.08073	0.00417	0.00454	0.00624	0.00258	0.00267
14	0.03369	0.00864	0.01397	0.01118	0.03585	0.05719	0.32380	0.04488	0.01001	0.04916	0.01139	0.01517	0.00925	0.00548	0.02594	0.00142	0.00501	0.06286	0.27008	0.00502
15	0.04619	0.02001	0.70362	0.01193	0.01772	0.00997	0.06246	0.05553	0.00944	0.01426	0.00766	0.00900	0.00545	0.00402	0.00400	0.00133	0.00605	0.00322	0.00196	0.00616
16	0.00596	0.00442	0.00547	0.00593	0.00699	0.00407	0.00474	0.00735	0.00953	0.02612	0.07471	0.17981	0.33449	0.01123	0.00533	0.00165	0.00284	0.30166	0.00395	0.00373
17	0.00555	0.00428	0.00507	0.00487	0.00604	0.00380	0.00365	0.00716	0.01096	0.01462	0.50596	0.03509	0.35892	0.00943	0.00496	0.00136	0.00204	0.00812	0.00433	0.00380
18	0.03704	0.03949	0.01209	0.02871	0.01265	0.13925	0.03893	0.45010	0.02687	0.06970	0.03246	0.01278	0.07042	0.00532	0.00416	0.00125	0.00482	0.00410	0.00368	0.00619
19	0.00888	0.00795	0.01135	0.00956	0.01111	0.09426	0.18563	0.01046	0.06210	0.02144	0.01038	0.06145	0.00970	0.02572	0.12593	0.25309	0.04549	0.03911	0.00242	0.00399
20	0.01094	0.00842	0.04914	0.00808	0.01030	0.06806	0.05527	0.07544	0.08909	0.18453	0.01748	0.09985	0.10608	0.04111	0.07110	0.00192	0.01946	0.03923	0.03921	0.00526
21	0.00913	0.03135	0.01151	0.22568	0.01502	0.05909	0.02239	0.02708	0.00816	0.04558	0.02197	0.09306	0.00914	0.03672	0.06072	0.00198	0.30982	0.00465	0.00236	0.00459
22	0.06157	0.07341	0.07629	0.08953	0.22254	0.18348	0.03347	0.13138	0.01100	0.01427	0.00794	0.01031	0.00657	0.05486	0.00494	0.00139	0.00550	0.00347	0.00241	0.00566

[dist]
# distance from previous block
# <min> <max>
0	8

[block]
# block no. 2 follows, 63 sequences, length 31
# corresponding to MSA columns:
# 224-254
name=unknown_C
#
# <colnr> <probs for GDERKNQSTAVLIFYWHMCP>
#	G	D	E	R	K	N	Q	S	T	A	V	L	I	F	Y	W	H	M	C	P
0	0.01529	0.06397	0.01234	0.00892	0.01211	0.01206	0.00742	0.64136	0.01765	0.08545	0.01059	0.01062	0.00756	0.00496	0.00402	0.00122	0.00434	0.00373	0.06961	0.00680
1	0.05329	0.01071	0.01540	0.04206	0.55149	0.07236	0.02681	0.08478	0.02364	0.01462	0.00790	0.01004	0.00650	0.00418	0.00469	0.00129	0.05802	0.00364	0.00232	0.00627
2	0.22532	0.03916	0.01031	0.00823	0.01107	0.10274	0.00664	0.26603	0.20189	0.01938	0.00999	0.01013	0.00754	0.00467	0.00367	0.00124	0.00422	0.00339	0.00342	0.06098
3	0.00776	0.00509	0.00612	0.00577	0.00721	0.00474	0.00441	0.05858	0.02714	0.10896	0.25263	0.16864	0.27150	0.00946	0.00492	0.00144	0.00257	0.04442	0.00428	0.00436
4	0.02812	0.01002	0.01562	0.01207	0.03177	0.02813	0.29711	0.18574	0.07819	0.12602	0.02307	0.03682	0.03770	0.00504	0.00489	0.00136	0.04010	0.00472	0.00332	0.03019
5	0.00931	0.26142	0.50182	0.01055	0.01558	0.01169	0.04832	0.01317	0.03177	0.01251	0.03057	0.00921	0.00659	0.00409	0.00384	0.00122	0.01742	0.00312	0.00195	0.00588
6	0.00560	0.00427	0.00515	0.00544	0.00590	0.00422	0.00370	0.00624	0.00783	0.01018	0.02443	0.37345	0.22723	0.23241	0.01000	0.00226	0.05587	0.00911	0.00342	0.00330
7	0.00843	0.02174	0.83048	0.01198	0.01819	0.00976	0.01553	0.01331	0.00888	0.01331	0.00754	0.00888	0.00533	0.00399	0.00399	0.00133	0.00621	0.00311	0.00178	0.00621
8	0.04703	0.01110	0.07641	0.12474	0.10940	0.13645	0.00874	0.09702	0.14797	0.06547	0.01228	0.08195	0.02667	0.00566	0.00423	0.00135	0.00479	0.03002	0.00309	0.00565
9	0.00926	0.00875	0.01471	0.37230	0.44607	0.00958	0.01207	0.01208	0.02719	0.01251	0.00832	0.01188	0.00683	0.00420	0.00423	0.00134	0.00519	0.02566	0.00209	0.00574
10	0.00511	0.00370	0.00484	0.00575	0.00607	0.00342	0.00386	0.00586	0.00815	0.01077	0.02439	0.79852	0.07801	0.01301	0.00534	0.00169	0.00242	0.01176	0.00390	0.00342
11	0.06937	0.01575	0.01152	0.02153	0.01247	0.49558	0.00785	0.16748	0.01243	0.02981	0.00779	0.03485	0.00651	0.00502	0.00479	0.00123	0.08478	0.00331	0.00266	0.00526
12	0.24985	0.04363	0.05134	0.09978	0.05242	0.17151	0.00759	0.06086	0.04618	0.13978	0.00983	0.01046	0.03085	0.00455	0.00365	0.00126	0.00474	0.00333	0.00294	0.00546
13	0.00687	0.00571	0.00706	0.00715	0.00778	0.04639	0.02098	0.04981	0.00855	0.01138	0.01783	0.51644	0.02036	0.03714	0.11813	0.00241	0.08242	0.02636	0.00335	0.00387
14	0.88196	0.00813	0.00618	0.00553	0.00813	0.00943	0.00455	0.01236	0.00715	0.01886	0.00585	0.00683	0.00455	0.00390	0.00260	0.00130	0.00325	0.00228	0.00260	0.00455
15	0.00702	0.00566	0.03313	0.00727	0.00835	0.00604	0.01817	0.03997	0.00748	0.03310	0.01109	0.01619	0.01021	0.07136	0.66607	0.00581	0.04215	0.00449	0.00239	0.00406
16	0.10986	0.01082	0.01382	0.01200	0.08737	0.08114	0.15531	0.18355	0.11168	0.05642	0.00943	0.01052	0.00718	0.00470	0.00506	0.00133	0.09016	0.00381	0.00302	0.04281
17	0.00506	0.00423	0.00441	0.00442	0.00575	0.00358	0.00329	0.00619	0.00971	0.01181	0.10988	0.07677	0.71933	0.01058	0.00499	0.00142	0.00213	0.00890	0.00397	0.00358
18	0.88196	0.00813	0.00618	0.00553	0.00813	0.00943	0.00455	0.01236	0.00715	0.01886	0.00585	0.00683	0.00455	0.00390	0.00260	0.00130	0.00325	0.00228	0.00260	0.00455
19	0.00790	0.00671	0.01046	0.00877	0.01073	0.00647	0.18553	0.05344	0.08293	0.03794	0.09347	0.23146	0.15097	0.02946	0.00536	0.00155	0.00375	0.04762	0.00360	0.02189
20	0.00886	0.00841	0.01427	0.53749	0.32643	0.00958	0.01213	0.01155	0.00884	0.01186	0.00763	0.01091	0.00600	0.00403	0.00419	0.00134	0.00538	0.00374	0.00195	0.00541
21	0.00622	0.00414	0.00560	0.00600	0.00658	0.00411	0.00424	0.00717	0.00790	0.05635	0.03662	0.47677	0.04531	0.09063	0.21831	0.00316	0.00488	0.00892	0.00345	0.00365
22	0.00546	0.00404	0.00514	0.00586	0.00635	0.00385	0.00401	0.00691	0.05345	0.01155	0.07525	0.69497	0.08287	0.01229	0.00525	0.00165	0.00244	0.01106	0.00397	0.00364
23	0.00858	0.06606	0.78748	0.01173	0.01780	0.01013	0.01509	0.01327	0.00886	0.01313	0.00745	0.00876	0.00533	0.00397	0.00392	0.00131	0.00612	0.00306	0.00178	0.00617
24	0.00512	0.00368	0.00485	0.00578	0.00608	0.00342	0.00387	0.00586	0.00811	0.01076	0.02401	0.81464	0.06214	0.01306	0.00535	0.00169	0.00243	0.01182	0.00390	0.00342
25	0.00677	0.00514	0.00600	0.00621	0.00703	0.02940	0.00446	0.04252	0.05033	0.03026	0.12589	0.50025	0.09438	0.01075	0.00526	0.00155	0.02662	0.00946	0.03372	0.00400
26	0.03681	0.01450	0.01290	0.01427	0.23844	0.38519	0.00905	0.13836	0.03449	0.01444	0.00797	0.00923	0.00639	0.00429	0.00389	0.00116	0.00588	0.00324	0.02856	0.03093
27	0.00587	0.00421	0.00505	0.00529	0.00569	0.00419	0.00345	0.00683	0.03971	0.00989	0.03081	0.26858	0.10268	0.39659	0.08965	0.00321	0.00400	0.00793	0.00316	0.00320
28	0.00806	0.00764	0.01305	0.79826	0.05050	0.00939	0.03269	0.01087	0.00848	0.01089	0.00751	0.01119	0.00565	0.00417	0.00422	0.00140	0.00563	0.00377	0.00188	0.00475
29	0.01239	0.13872	0.28487	0.01007	0.01427	0.03947	0.06049	0.18124	0.01184	0.15284	0.02389	0.03400	0.00787	0.00468	0.00400	0.00125	0.00511	0.00374	0.00301	0.00625
30	0.18614	0.01193	0.01085	0.00879	0.01172	0.14762	0.00711	0.45344	0.01530	0.06706	0.03467	0.00994	0.00756	0.00482	0.00385	0.00124	0.00470	0.00346	0.00362	0.00616

[dist]
# distance from previous block
# <min> <max>
0	113

[block]
# block no. 3 follows, 63 sequences, length 59
# corresponding to MSA columns:
# 378-436
name=unknown_D
#
# <colnr> <probs for GDERKNQSTAVLIFYWHMCP>
#	G	D	E	R	K	N	Q	S	T	A	V	L	I	F	Y	W	H	M	C	P
0	0.01196	0.00909	0.00994	0.00910	0.06313	0.05703	0.00667	0.27954	0.12897	0.08576	0.02615	0.03823	0.05366	0.10887	0.02749	0.00178	0.00434	0.03619	0.00370	0.03839
1	0.01163	0.01168	0.01288	0.02699	0.29311	0.22583	0.01773	0.04578	0.04718	0.04901	0.03096	0.04152	0.03594	0.00531	0.00508	0.00130	0.08296	0.02398	0.00265	0.02849
2	0.07451	0.00784	0.02953	0.00794	0.00959	0.10480	0.02007	0.03437	0.02030	0.02828	0.01569	0.10223	0.01618	0.01117	0.09662	0.00215	0.01457	0.33949	0.00324	0.06142
3	0.13084	0.01018	0.03973	0.14486	0.20352	0.04814	0.03702	0.19866	0.06041	0.01679	0.00955	0.06454	0.00795	0.00490	0.00405	0.00132	0.00473	0.00412	0.00286	0.00583
4	0.00978	0.00944	0.01477	0.29390	0.44504	0.04917	0.02418	0.02285	0.00935	0.01274	0.00785	0.01064	0.00634	0.00401	0.00426	0.00128	0.01820	0.00369	0.02683	0.02566
5	0.00794	0.00747	0.01261	0.84216	0.02895	0.00934	0.01167	0.01074	0.00841	0.01074	0.00747	0.01121	0.00560	0.00420	0.00420	0.00140	0.00560	0.00374	0.00187	0.00467
6	0.00979	0.32179	0.31265	0.00954	0.01371	0.05401	0.06229	0.01251	0.00877	0.01167	0.00746	0.00954	0.00625	0.05439	0.00467	0.00129	0.01721	0.00308	0.03224	0.04713
7	0.00567	0.00469	0.00509	0.00543	0.00638	0.02682	0.00387	0.00722	0.05320	0.01163	0.06519	0.39637	0.37073	0.01123	0.00507	0.00153	0.00248	0.00979	0.00391	0.00371
8	0.01001	0.00943	0.01570	0.22052	0.59200	0.00995	0.01232	0.04030	0.02437	0.01353	0.00805	0.01068	0.00654	0.00394	0.00418	0.00129	0.00510	0.00376	0.00214	0.00620
9	0.00535	0.00436	0.00480	0.00476	0.00608	0.00373	0.00357	0.00661	0.00981	0.01236	0.16955	0.10604	0.56707	0.01025	0.00495	0.00141	0.00223	0.03443	0.00397	0.03867
10	0.00516	0.00392	0.00475	0.00527	0.00598	0.00352	0.00367	0.00613	0.00895	0.01157	0.11179	0.49832	0.29208	0.01187	0.00519	0.00157	0.00229	0.01049	0.00398	0.00352
11	0.06970	0.33694	0.42783	0.00999	0.01487	0.01239	0.04974	0.01298	0.00868	0.01240	0.00683	0.00804	0.00535	0.00381	0.00345	0.00117	0.00540	0.00281	0.00186	0.00576
12	0.00576	0.00469	0.00511	0.00511	0.00650	0.00425	0.00396	0.02522	0.04493	0.01257	0.10476	0.05931	0.58764	0.01031	0.00503	0.00148	0.00244	0.10312	0.00398	0.00383
13	0.00512	0.00366	0.00488	0.00585	0.00610	0.00341	0.00390	0.00585	0.00805	0.01073	0.02317	0.84952	0.02780	0.01317	0.00537	0.00171	0.00244	0.01195	0.00390	0.00341
14	0.00974	0.01183	0.08320	0.02822	0.02002	0.03892	0.61526	0.01304	0.00969	0.01307	0.00909	0.01326	0.00737	0.00435	0.00537	0.00146	0.05197	0.05648	0.00220	0.00549
15	0.00606	0.00414	0.00486	0.00485	0.00502	0.00419	0.00293	0.00633	0.00649	0.00873	0.04025	0.02677	0.04218	0.70099	0.11574	0.00421	0.00479	0.00606	0.00262	0.00277
16	0.00520	0.00423	0.00462	0.00467	0.00590	0.00364	0.00349	0.00642	0.00984	0.01227	0.17280	0.11082	0.59795	0.01055	0.00503	0.00144	0.00218	0.03131	0.00403	0.00362
17	0.00976	0.00999	0.01239	0.01071	0.01109	0.08180	0.00881	0.01151	0.06554	0.01082	0.02472	0.01002	0.00680	0.00701	0.01207	0.00173	0.69460	0.00376	0.00210	0.00476
18	0.46481	0.00958	0.00833	0.00723	0.00981	0.06404	0.00580	0.16824	0.15493	0.01919	0.00947	0.04550	0.00759	0.00487	0.00341	0.00132	0.00378	0.00346	0.00324	0.00540
19	0.01119	0.00965	0.01030	0.00875	0.03175	0.05549	0.00676	0.18050	0.30143	0.01747	0.04318	0.01239	0.01002	0.00497	0.00447	0.00118	0.04902	0.00388	0.00350	0.23410
20	0.00797	0.00573	0.00670	0.00682	0.00759	0.00519	0.00465	0.00840	0.01040	0.01422	0.26633	0.26007	0.11140	0.21599	0.01000	0.00253	0.00352	0.04342	0.00448	0.00458
21	0.00722	0.00368	0.00542	0.00542	0.00542	0.00368	0.00358	0.00552	0.00552	0.00736	0.00769	0.01374	0.00782	0.06936	0.01675	0.82059	0.00368	0.00381	0.00187	0.00187
22	0.01123	0.01050	0.02644	0.06644	0.34022	0.06396	0.05244	0.13669	0.13203	0.02527	0.01051	0.02213	0.02458	0.00454	0.00418	0.00126	0.00481	0.00403	0.00285	0.05589
23	0.03947	0.00780	0.00866	0.00776	0.00954	0.07541	0.00616	0.17910	0.03225	0.10305	0.01239	0.05646	0.01083	0.01696	0.35671	0.00364	0.00731	0.04714	0.01433	0.00502
24	0.00526	0.00386	0.00496	0.00569	0.00620	0.00356	0.00397	0.00621	0.00867	0.01145	0.09603	0.62906	0.13319	0.01235	0.00530	0.00165	0.00243	0.05268	0.00396	0.00350
25	0.00611	0.00408	0.00458	0.00458	0.00458	0.00408	0.00255	0.00611	0.00611	0.00815	0.01325	0.02751	0.01528	0.85226	0.02140	0.00408	0.00408	0.00611	0.00255	0.00255
26	0.60915	0.11938	0.02752	0.01785	0.00968	0.04304	0.00576	0.09028	0.00879	0.01776	0.00634	0.00730	0.00499	0.00404	0.00300	0.00124	0.01380	0.00249	0.00260	0.00497
27	0.01021	0.00933	0.01520	0.18081	0.49917	0.01024	0.01174	0.03501	0.00926	0.04205	0.00784	0.01051	0.00643	0.00446	0.00559	0.00137	0.12885	0.00375	0.00218	0.00600
28	0.00953	0.00739	0.00971	0.00831	0.03856	0.00706	0.06392	0.04210	0.17038	0.08512	0.17998	0.01875	0.04815	0.00585	0.00441	0.00120	0.01732	0.04485	0.00365	0.23376
29	0.04453	0.00900	0.01077	0.00828	0.01156	0.00897	0.00684	0.33122	0.01492	0.48852	0.01370	0.01242	0.00894	0.00510	0.00417	0.00129	0.00398	0.00399	0.00473	0.00707
30	0.01291	0.54152	0.01823	0.00856	0.01162	0.32390	0.00754	0.01416	0.00981	0.01004	0.00609	0.00706	0.00540	0.00387	0.00311	0.00097	0.00565	0.00242	0.00194	0.00520
31	0.03573	0.39043	0.22029	0.00947	0.02854	0.11376	0.00953	0.12329	0.01056	0.01340	0.00697	0.00791	0.00562	0.00400	0.00339	0.00110	0.00529	0.00276	0.00220	0.00578
32	0.00512	0.00366	0.00488	0.00585	0.00610	0.00341	0.00390	0.00585	0.00805	0.01073	0.02317	0.84952	0.02780	0.01317	0.00537	0.00171	0.00244	0.01195	0.00390	0.00341
33	0.00751	0.01458	0.48143	0.00956	0.01367	0.00753	0.03753	0.01122	0.01009	0.01470	0.32641	0.01776	0.01877	0.00578	0.00440	0.00133	0.00459	0.00492	0.00290	0.00532
34	0.01012	0.00970	0.01656	0.11831	0.73572	0.00991	0.01276	0.01266	0.00944	0.01339	0.00786	0.01050	0.00654	0.00380	0.00417	0.00127	0.00506	0.00374	0.00206	0.00643
35	0.01598	0.01177	0.01262	0.00967	0.01304	0.01304	0.00799	0.81202	0.01976	0.02649	0.01009	0.01009	0.00715	0.00505	0.00421	0.00126	0.00463	0.00378	0.00421	0.00715
36	0.04184	0.01129	0.01778	0.03650	0.04536	0.01168	0.35229	0.39319	0.01446	0.01978	0.00912	0.01056	0.00667	0.00430	0.00447	0.00133	0.00567	0.00424	0.00312	0.00634
37	0.00997	0.41580	0.42389	0.00968	0.01454	0.03734	0.01137	0.01307	0.00881	0.01160	0.00671	0.00783	0.00536	0.00382	0.00337	0.00112	0.00544	0.00269	0.00180	0.00579
38	0.00903	0.06391	0.03410	0.33470	0.06515	0.07017	0.00888	0.05727	0.02232	0.02466	0.09592	0.05908	0.07784	0.00586	0.00482	0.00136	0.05258	0.00482	0.00268	0.00487
39	0.01215	0.16841	0.20765	0.00910	0.01270	0.13616	0.00890	0.10594	0.01105	0.12496	0.05770	0.03186	0.00894	0.00479	0.00406	0.00118	0.02547	0.00359	0.00286	0.06254
40	0.01484	0.07956	0.01214	0.01000	0.01227	0.66332	0.00768	0.06797	0.01196	0.01170	0.00719	0.00825	0.00590	0.00436	0.00368	0.00107	0.00677	0.00283	0.06350	0.00499
41	0.00905	0.01980	0.64729	0.01295	0.01862	0.04950	0.15725	0.01351	0.00921	0.01320	0.00767	0.00925	0.00552	0.00393	0.00416	0.00133	0.00643	0.00342	0.00186	0.00605
42	0.00602	0.00445	0.00648	0.00648	0.00713	0.00510	0.00491	0.00733	0.00667	0.00955	0.01151	0.01792	0.01112	0.13612	0.73185	0.00641	0.01034	0.00471	0.00229	0.00360
43	0.00677	0.00484	0.00677	0.00774	0.00871	0.00484	0.00677	0.00871	0.00968	0.01258	0.02226	0.04742	0.02419	0.01161	0.00581	0.00194	0.00387	0.79775	0.00387	0.00387
44	0.00502	0.00424	0.00435	0.00437	0.00572	0.00356	0.00326	0.00612	0.00963	0.01160	0.08020	0.07245	0.75384	0.01065	0.00498	0.00143	0.00213	0.00893	0.00394	0.00356
45	0.00615	0.00499	0.00561	0.00537	0.00676	0.00481	0.00408	0.00912	0.13003	0.01385	0.27429	0.03247	0.41224	0.01065	0.05916	0.00174	0.00286	0.00759	0.00407	0.00415
46	0.01079	0.72102	0.15185	0.00796	0.01198	0.01553	0.00853	0.01270	0.00860	0.01044	0.00612	0.00709	0.00538	0.00366	0.00291	0.00097	0.00477	0.00239	0.00179	0.00553
47	0.01530	0.04040	0.01224	0.01070	0.01285	0.74331	0.00814	0.04825	0.01189	0.01092	0.00658	0.00774	0.00549	0.00448	0.00425	0.00112	0.04637	0.00278	0.00222	0.00497
48	0.00936	0.08091	0.21844	0.01976	0.02331	0.05911	0.02821	0.04101	0.02939	0.08699	0.11402	0.10671	0.07960	0.02487	0.00474	0.00141	0.00431	0.04711	0.01561	0.00514
49	0.00873	0.00752	0.00884	0.00636	0.00999	0.00581	0.00510	0.01057	0.00865	0.01360	0.00742	0.00873	0.00621	0.00323	0.00342	0.00066	0.02698	0.00252	0.00247	0.85319
50	0.00688	0.00526	0.00710	0.00713	0.01976	0.01390	0.04464	0.02759	0.02897	0.02587	0.13415	0.32441	0.07781	0.01006	0.00506	0.00155	0.00309	0.17700	0.03409	0.04570
51	0.00612	0.00410	0.00525	0.00565	0.00635	0.00378	0.00402	0.00703	0.00886	0.05066	0.12310	0.44132	0.15769	0.05224	0.00653	0.04357	0.00262	0.06364	0.00389	0.00360
52	0.01374	0.01167	0.01119	0.00934	0.01212	0.12558	0.00746	0.37898	0.31374	0.03395	0.01257	0.01271	0.00944	0.00534	0.00421	0.00131	0.00452	0.02159	0.00396	0.00658
53	0.00953	0.00996	0.01953	0.23719	0.23783	0.01012	0.38776	0.01260	0.00943	0.01282	0.00807	0.01106	0.00625	0.00377	0.00455	0.00137	0.00614	0.00431	0.00205	0.00567
54	0.00606	0.00413	0.00495	0.00499	0.00512	0.00425	0.00304	0.00633	0.00628	0.00850	0.01325	0.05310	0.01491	0.68877	0.15531	0.00444	0.00521	0.00604	0.00254	0.00278
55	0.00549	0.00432	0.00445	0.00438	0.00579	0.00366	0.00328	0.00662	0.00965	0.03310	0.07302	0.03830	0.72640	0.02754	0.00522	0.00145	0.00220	0.00848	0.03300	0.00365
56	0.05690	0.01125	0.01207	0.00973	0.03375	0.06741	0.03082	0.52926	0.01615	0.04909	0.02616	0.01032	0.00756	0.00515	0.01454	0.00128	0.02576	0.00365	0.00368	0.08548
57	0.12072	0.00696	0.00733	0.00646	0.00824	0.05357	0.02581	0.08665	0.01072	0.03369	0.20679	0.07134	0.25718	0.00779	0.00485	0.00135	0.04142	0.00636	0.00367	0.03909
58	0.06625	0.00955	0.02692	0.00758	0.02230	0.09093	0.00601	0.04157	0.14974	0.01480	0.00904	0.00976	0.00720	0.00383	0.00342	0.00090	0.00376	0.00297	0.00281	0.52066

[dist]
# distance from previous block
# <min> <max>
0	6

[block]
# block no. 4 follows, 63 sequences, length 22
# corresponding to MSA columns:
# 443-464
name=unknown_E
#
# <colnr> <probs for GDERKNQSTAVLIFYWHMCP>
#	G	D	E	R	K	N	Q	S	T	A	V	L	I	F	Y	W	H	M	C	P
0	0.01437	0.01520	0.01436	0.01157	0.01444	0.38652	0.16098	0.27136	0.01387	0.01603	0.00826	0.00976	0.00648	0.03225	0.00472	0.00130	0.00642	0.00360	0.00283	0.00568
1	0.00772	0.00416	0.00434	0.00426	0.00530	0.00418	0.00321	0.01007	0.04118	0.01589	0.10888	0.01752	0.01425	0.00536	0.00323	0.00104	0.00202	0.00438	0.73899	0.00403
2	0.02903	0.20572	0.20087	0.00935	0.01293	0.15189	0.00914	0.16158	0.01145	0.08025	0.00838	0.00915	0.00637	0.00443	0.00404	0.00118	0.03885	0.00311	0.04645	0.00584
3	0.01345	0.00676	0.00871	0.00723	0.00943	0.00669	0.00571	0.12237	0.02981	0.39272	0.01399	0.01611	0.01072	0.12775	0.20577	0.00299	0.00562	0.00450	0.00398	0.00569
4	0.00606	0.00412	0.00476	0.00476	0.00489	0.00416	0.00281	0.00623	0.00631	0.00842	0.01423	0.02705	0.04684	0.74665	0.09252	0.00421	0.00463	0.00608	0.00257	0.00269
5	0.00721	0.00511	0.00629	0.00591	0.00725	0.00495	0.00457	0.01035	0.11595	0.06186	0.52090	0.03069	0.12453	0.00850	0.00490	0.00139	0.00241	0.06833	0.00447	0.00444
6	0.06750	0.00583	0.00704	0.00584	0.00808	0.00542	0.00470	0.01542	0.01036	0.43192	0.01470	0.01443	0.01020	0.00499	0.00358	0.00116	0.00287	0.00397	0.37637	0.00561
7	0.88196	0.00813	0.00618	0.00553	0.00813	0.00943	0.00455	0.01236	0.00715	0.01886	0.00585	0.00683	0.00455	0.00390	0.00260	0.00130	0.00325	0.00228	0.00260	0.00455
8	0.00507	0.00425	0.00442	0.00450	0.00584	0.00361	0.00339	0.00618	0.00957	0.01152	0.06159	0.07896	0.73359	0.01075	0.00502	0.00145	0.00221	0.04057	0.00392	0.00357
9	0.00509	0.00425	0.00444	0.00443	0.00576	0.00360	0.00331	0.00626	0.00982	0.01201	0.13698	0.06167	0.70701	0.01047	0.00498	0.00142	0.00212	0.00880	0.00399	0.00360
10	0.00916	0.01873	0.58915	0.01392	0.08804	0.03261	0.13043	0.02625	0.00929	0.01343	0.00768	0.00936	0.00563	0.00401	0.00437	0.00134	0.02516	0.00344	0.00190	0.00611
11	0.83320	0.00807	0.00638	0.00564	0.00828	0.00925	0.00464	0.01282	0.00743	0.06463	0.00646	0.00725	0.00488	0.00398	0.00269	0.00130	0.00327	0.00239	0.00275	0.00470
12	0.00890	0.00491	0.00614	0.00563	0.00692	0.00450	0.00414	0.01003	0.00956	0.20593	0.18436	0.06988	0.15448	0.23769	0.02805	0.00225	0.00328	0.04519	0.00395	0.00423
13	0.00539	0.00393	0.00511	0.00599	0.00634	0.00377	0.00404	0.00668	0.04873	0.01108	0.02287	0.80766	0.02705	0.01280	0.00531	0.00169	0.00248	0.01159	0.00392	0.00358
14	0.01132	0.56639	0.04470	0.00784	0.01097	0.11692	0.00726	0.03749	0.06934	0.01112	0.00807	0.05269	0.00746	0.02815	0.00370	0.00112	0.00473	0.00319	0.00223	0.00532
15	0.07255	0.01164	0.01143	0.00967	0.02669	0.16448	0.03171	0.33680	0.05617	0.05015	0.01093	0.02866	0.03255	0.00554	0.00501	0.00133	0.08433	0.02670	0.02780	0.00586
16	0.05277	0.00797	0.01006	0.00777	0.01100	0.00750	0.00641	0.14606	0.03172	0.65015	0.01513	0.01337	0.00971	0.00514	0.00416	0.00130	0.00373	0.00409	0.00492	0.00704
17	0.38145	0.02311	0.03745	0.00746	0.05469	0.00820	0.00575	0.07801	0.00854	0.03813	0.00885	0.01148	0.00744	0.05298	0.19733	0.00267	0.00542	0.00339	0.06295	0.00471
18	0.00606	0.00407	0.00467	0.00471	0.00475	0.00408	0.00270	0.00614	0.00623	0.00833	0.01368	0.06844	0.01577	0.78537	0.04517	0.00404	0.00421	0.00636	0.00261	0.00263
19	0.01956	0.00950	0.03639	0.02260	0.06964	0.05267	0.08779	0.09113	0.00997	0.01435	0.00879	0.01049	0.02879	0.01551	0.02019	0.00113	0.05387	0.00333	0.00254	0.44175
20	0.01116	0.00504	0.00588	0.00514	0.00683	0.00477	0.00403	0.02880	0.01011	0.25493	0.04785	0.01581	0.01178	0.00514	0.00343	0.00109	0.00249	0.00416	0.56664	0.00494
21	0.03580	0.10948	0.10365	0.04812	0.15868	0.09958	0.00947	0.09353	0.17533	0.03625	0.00951	0.01049	0.00743	0.00473	0.00478	0.00130	0.07955	0.00357	0.00275	0.00601

[dist]
# distance from previous block
# <min> <max>
0	1

[block]
# block no. 5 follows, 63 sequences, length 24
# corresponding to MSA columns:
# 466-489
name=unknown_F
#
# <colnr> <probs for GDERKNQSTAVLIFYWHMCP>
#	G	D	E	R	K	N	Q	S	T	A	V	L	I	F	Y	W	H	M	C	P
0	0.00595	0.00430	0.00562	0.00529	0.00628	0.00397	0.00397	0.00793	0.01190	0.01686	0.82382	0.03140	0.03966	0.00859	0.00496	0.00132	0.00198	0.00760	0.00463	0.00397
1	0.01233	0.01015	0.01074	0.00944	0.03878	0.03703	0.00725	0.29568	0.45146	0.02029	0.05093	0.01403	0.01164	0.00550	0.00426	0.00135	0.00391	0.00445	0.00413	0.00665
2	0.01530	0.00739	0.00937	0.00724	0.01030	0.00661	0.00591	0.11118	0.01236	0.50587	0.09579	0.01537	0.03449	0.00535	0.00415	0.00120	0.00343	0.00437	0.00458	0.13973
3	0.00920	0.00920	0.01288	0.01104	0.01104	0.01288	0.00920	0.01012	0.00644	0.01012	0.00552	0.00920	0.00552	0.00736	0.01380	0.00184	0.84457	0.00368	0.00184	0.00460
4	0.01183	0.00971	0.02029	0.05176	0.01172	0.05711	0.00685	0.30666	0.23127	0.03094	0.01335	0.02873	0.03714	0.08919	0.02431	0.00169	0.00436	0.00449	0.02359	0.03501
5	0.00868	0.07266	0.00802	0.00648	0.00802	0.04275	0.00525	0.02715	0.01129	0.11044	0.44480	0.02888	0.02794	0.02424	0.00510	0.00144	0.00307	0.15509	0.00417	0.00451
6	0.02803	0.01052	0.14835	0.00755	0.01152	0.04371	0.00704	0.03710	0.00945	0.05883	0.02538	0.00949	0.00697	0.00363	0.00342	0.00085	0.00389	0.00285	0.00261	0.57882
7	0.00940	0.08665	0.30559	0.02886	0.03093	0.00970	0.10350	0.07036	0.11844	0.02913	0.08660	0.04109	0.03544	0.00530	0.00426	0.00134	0.00490	0.01992	0.00283	0.00577
8	0.08421	0.27320	0.22506	0.00910	0.02941	0.06403	0.02248	0.02482	0.02288	0.12874	0.00831	0.00893	0.00627	0.00402	0.00346	0.00112	0.00483	0.00294	0.00250	0.07368
9	0.36307	0.02190	0.12307	0.03375	0.08489	0.12371	0.04535	0.01384	0.05734	0.04699	0.02712	0.00997	0.02408	0.00436	0.00352	0.00128	0.00464	0.00324	0.00260	0.00527
10	0.00778	0.00670	0.00703	0.00662	0.00720	0.08642	0.00468	0.04197	0.02212	0.01016	0.02326	0.07520	0.04942	0.40715	0.12207	0.00339	0.10693	0.00568	0.00266	0.00356
11	0.01032	0.24343	0.07644	0.00775	0.01145	0.02210	0.02877	0.10841	0.02663	0.01421	0.02590	0.02177	0.00723	0.00390	0.00336	0.00091	0.00406	0.00300	0.00254	0.37781
12	0.06188	0.01110	0.08141	0.09301	0.01430	0.17319	0.15715	0.05361	0.02436	0.01275	0.01204	0.22037	0.01200	0.03487	0.00504	0.00150	0.00523	0.01867	0.00274	0.00479
13	0.04731	0.00781	0.01286	0.70600	0.12445	0.00942	0.01150	0.01107	0.00849	0.01147	0.00745	0.01091	0.00568	0.00413	0.00413	0.00138	0.00542	0.00367	0.00193	0.00491
14	0.00961	0.00767	0.00843	0.00763	0.00967	0.00851	0.00590	0.01833	0.56713	0.05555	0.18165	0.04581	0.04263	0.00665	0.00447	0.00141	0.00300	0.00565	0.00437	0.00594
15	0.00669	0.00490	0.00608	0.00556	0.00678	0.00467	0.00423	0.07341	0.01235	0.01719	0.69336	0.03040	0.10134	0.00847	0.00490	0.00133	0.00221	0.00739	0.00453	0.00419
16	0.00625	0.00573	0.07305	0.00625	0.00712	0.00511	0.00493	0.00738	0.00665	0.00936	0.01181	0.02063	0.01214	0.38302	0.41680	0.00516	0.00775	0.00508	0.00234	0.00343
17	0.00613	0.00442	0.00562	0.00608	0.00669	0.00428	0.00425	0.07196	0.00958	0.01293	0.14119	0.65932	0.02788	0.01183	0.00521	0.00161	0.00255	0.01064	0.00403	0.00380
18	0.00518	0.00423	0.00459	0.00463	0.00587	0.00363	0.00345	0.00639	0.00985	0.01227	0.17364	0.10508	0.61012	0.01052	0.00502	0.00144	0.00216	0.02428	0.00403	0.00362
19	0.01007	0.01030	0.01672	0.11594	0.40963	0.06786	0.18198	0.01263	0.00961	0.01300	0.00901	0.01137	0.03370	0.00398	0.00425	0.00125	0.00545	0.00400	0.00217	0.07710
20	0.00608	0.00460	0.03130	0.00496	0.00519	0.00419	0.00311	0.00632	0.00641	0.00860	0.01415	0.11684	0.01633	0.73306	0.01908	0.00373	0.00397	0.00665	0.00267	0.00276
21	0.01040	0.51298	0.14865	0.08757	0.03353	0.03862	0.00912	0.02538	0.00889	0.01113	0.03282	0.00859	0.00658	0.00411	0.00376	0.00110	0.04657	0.00284	0.00195	0.00541
22	0.02620	0.12493	0.15966	0.05445	0.16499	0.05627	0.13669	0.04249	0.00978	0.07967	0.00836	0.01000	0.00646	0.00488	0.03097	0.00140	0.01854	0.00353	0.00236	0.05841
23	0.01169	0.03587	0.08844	0.03291	0.11473	0.01042	0.31492	0.16494	0.01162	0.09569	0.00970	0.03139	0.00739	0.00445	0.00473	0.00135	0.03116	0.00437	0.01814	0.00611

[dist]
# distance from previous block
# <min> <max>
7	198

# created by:
# /st0/software/busco_prod/Augustus/scripts/msa2prfl.pl ./align_prep/29132.fa
