[name]
unknown

[dist]
# distance from previous block
# <min> <max>
0	84

[block]
# block no. 0 follows, 71 sequences, length 12
# corresponding to MSA columns:
# 108-119
name=unknown_A
#
# <colnr> <probs for GDERKNQSTAVLIFYWHMCP>
#	G	D	E	R	K	N	Q	S	T	A	V	L	I	F	Y	W	H	M	C	P
0	0.00711	0.00603	0.00630	0.00630	0.00736	0.05887	0.00463	0.01106	0.26790	0.01174	0.04080	0.26556	0.06511	0.13519	0.00666	0.00176	0.00310	0.08704	0.00340	0.00407
1	0.01407	0.01775	0.01075	0.00977	0.01176	0.80613	0.00734	0.01557	0.05373	0.00973	0.00643	0.00730	0.00529	0.00402	0.00348	0.00100	0.00671	0.00257	0.00208	0.00453
2	0.00892	0.00828	0.01137	0.00973	0.01005	0.01127	0.00808	0.01053	0.06662	0.05247	0.00632	0.00906	0.00575	0.00650	0.01150	0.00163	0.75201	0.00345	0.00200	0.00445
3	0.00984	0.00823	0.00876	0.00771	0.00990	0.00940	0.00604	0.11542	0.67898	0.01696	0.07333	0.01472	0.01283	0.00532	0.00394	0.00128	0.00309	0.00441	0.00392	0.00595
4	0.00740	0.02955	0.00465	0.00425	0.00529	0.00432	0.00336	0.03865	0.00849	0.01417	0.01307	0.01718	0.01096	0.00514	0.00302	0.00100	0.00214	0.09651	0.72713	0.00372
5	0.00482	0.00354	0.00443	0.00495	0.00540	0.00328	0.00336	0.00559	0.00767	0.01010	0.09243	0.54815	0.16167	0.09775	0.02662	0.00181	0.00249	0.00939	0.00345	0.00311
6	0.00802	0.00802	0.01151	0.60134	0.02162	0.07142	0.00990	0.01007	0.00750	0.00964	0.00634	0.00956	0.00508	0.00450	0.00579	0.00135	0.19903	0.00333	0.00172	0.00426
7	0.00509	0.00391	0.00466	0.00447	0.00552	0.00347	0.00335	0.00658	0.01006	0.01349	0.53820	0.03175	0.33847	0.00854	0.00453	0.00124	0.00186	0.00737	0.00397	0.00347
8	0.01123	0.00943	0.01397	0.04557	0.53511	0.00980	0.01016	0.25784	0.01158	0.04596	0.00809	0.00956	0.00630	0.00384	0.00381	0.00115	0.00443	0.00344	0.00258	0.00617
9	0.01080	0.75397	0.01886	0.00700	0.01011	0.12681	0.00667	0.01199	0.00820	0.00907	0.00541	0.00625	0.00492	0.00337	0.00259	0.00084	0.00448	0.00211	0.00169	0.00486
10	0.02463	0.00610	0.00717	0.00551	0.00828	0.00480	0.00433	0.00932	0.00830	0.05552	0.07146	0.08282	0.06893	0.00457	0.00330	0.00079	0.00267	0.00382	0.00274	0.62494
11	0.00991	0.07338	0.13530	0.03209	0.39046	0.04767	0.09688	0.02898	0.00917	0.07872	0.05445	0.01038	0.00769	0.00383	0.00378	0.00115	0.00474	0.00354	0.00224	0.00563

[dist]
# distance from previous block
# <min> <max>
0	1

[block]
# block no. 1 follows, 71 sequences, length 19
# corresponding to MSA columns:
# 121-139
name=unknown_B
#
# <colnr> <probs for GDERKNQSTAVLIFYWHMCP>
#	G	D	E	R	K	N	Q	S	T	A	V	L	I	F	Y	W	H	M	C	P
0	0.01416	0.01054	0.01128	0.00874	0.01173	0.01170	0.00719	0.76272	0.08452	0.02350	0.00973	0.00962	0.00694	0.00465	0.00384	0.00116	0.00412	0.00352	0.00384	0.00648
1	0.00526	0.00410	0.00500	0.00507	0.02693	0.00372	0.00363	0.00692	0.02761	0.01323	0.47259	0.08408	0.31063	0.00858	0.00452	0.00126	0.00198	0.00744	0.00389	0.00357
2	0.04377	0.18601	0.16678	0.01074	0.16875	0.02604	0.00849	0.02333	0.00881	0.08574	0.00777	0.00894	0.00617	0.00375	0.00340	0.00103	0.00425	0.00286	0.00235	0.23102
3	0.00575	0.00368	0.00445	0.00445	0.00449	0.00372	0.00265	0.00556	0.00552	0.00740	0.01106	0.02220	0.01245	0.66879	0.07395	0.15019	0.00409	0.00511	0.00220	0.00229
4	0.00555	0.00406	0.00609	0.00609	0.00674	0.00471	0.00471	0.00674	0.00609	0.00877	0.01005	0.01486	0.00941	0.02783	0.79999	0.05906	0.00985	0.00406	0.00203	0.00332
5	0.03150	0.01227	0.29821	0.02729	0.08357	0.00884	0.12493	0.01446	0.26396	0.03468	0.02352	0.01194	0.03874	0.00437	0.00388	0.00125	0.00453	0.00386	0.00261	0.00559
6	0.01003	0.17478	0.21878	0.03615	0.31081	0.09635	0.01054	0.07686	0.00933	0.01230	0.00679	0.00825	0.00545	0.00361	0.00348	0.00109	0.00497	0.00292	0.00194	0.00558
7	0.02480	0.01016	0.01114	0.01154	0.16663	0.21188	0.04486	0.01253	0.08226	0.06199	0.04248	0.01162	0.04365	0.00638	0.05464	0.00153	0.17654	0.00370	0.01684	0.00484
8	0.00540	0.00368	0.00427	0.00440	0.00450	0.00364	0.00260	0.00558	0.00597	0.00793	0.01433	0.14961	0.04524	0.68237	0.04199	0.00338	0.00363	0.00641	0.00254	0.00251
9	0.77523	0.00812	0.00669	0.00580	0.00823	0.05750	0.03492	0.01183	0.00704	0.04797	0.00583	0.00668	0.00446	0.00361	0.00257	0.00118	0.00334	0.00226	0.00242	0.00430
10	0.00586	0.00415	0.00564	0.00638	0.00706	0.00411	0.00524	0.00724	0.00827	0.01084	0.04427	0.16246	0.02198	0.11621	0.00697	0.00196	0.00331	0.57133	0.00341	0.00332
11	0.00981	0.03480	0.05810	0.03392	0.50933	0.00939	0.03312	0.12100	0.08025	0.01425	0.03756	0.01088	0.02228	0.00400	0.00382	0.00116	0.00435	0.00366	0.00241	0.00588
12	0.00580	0.00460	0.03649	0.00625	0.03534	0.00403	0.00447	0.02126	0.00820	0.04263	0.10804	0.57940	0.06597	0.01019	0.00480	0.00145	0.01737	0.02285	0.01723	0.00359
13	0.00509	0.00415	0.00538	0.00531	0.00634	0.00382	0.03951	0.00627	0.00850	0.01090	0.12875	0.22555	0.39671	0.01092	0.05626	0.00168	0.01343	0.06459	0.00345	0.00338
14	0.13938	0.03404	0.06590	0.10921	0.19604	0.05258	0.02382	0.11800	0.00967	0.12886	0.00843	0.02425	0.00655	0.00429	0.00407	0.00121	0.05043	0.01533	0.00261	0.00535
15	0.00871	0.00856	0.03776	0.06036	0.20064	0.00931	0.09156	0.02701	0.21382	0.01291	0.08362	0.01232	0.00988	0.00531	0.01602	0.00139	0.18898	0.00405	0.00258	0.00521
16	0.00688	0.01759	0.05693	0.01182	0.29239	0.00602	0.02628	0.00838	0.00786	0.01073	0.03803	0.17895	0.11661	0.15410	0.03575	0.00187	0.00385	0.01914	0.00257	0.00426
17	0.00952	0.21645	0.15650	0.01205	0.21771	0.03928	0.03642	0.06790	0.00891	0.01216	0.00717	0.00851	0.01823	0.00363	0.00362	0.00101	0.03257	0.00289	0.00200	0.14347
18	0.03680	0.00456	0.00496	0.00488	0.00542	0.01559	0.00322	0.00770	0.09391	0.00984	0.08705	0.05736	0.06079	0.53948	0.01372	0.00281	0.00333	0.04270	0.00282	0.00306

[dist]
# distance from previous block
# <min> <max>
1	3

[block]
# block no. 2 follows, 71 sequences, length 12
# corresponding to MSA columns:
# 143-154
name=unknown_C
#
# <colnr> <probs for GDERKNQSTAVLIFYWHMCP>
#	G	D	E	R	K	N	Q	S	T	A	V	L	I	F	Y	W	H	M	C	P
0	0.07117	0.05833	0.01496	0.03059	0.52218	0.02839	0.08284	0.09191	0.03875	0.01378	0.00748	0.00925	0.00606	0.00360	0.00369	0.00114	0.00456	0.00336	0.00218	0.00578
1	0.00601	0.00444	0.00588	0.08530	0.06755	0.00466	0.00402	0.00654	0.00606	0.00817	0.01106	0.02162	0.01213	0.64275	0.09560	0.00353	0.00453	0.00508	0.00221	0.00288
2	0.01061	0.25097	0.04361	0.00854	0.04108	0.02324	0.03681	0.19432	0.27513	0.01532	0.05501	0.01101	0.00922	0.00446	0.00352	0.00111	0.00386	0.00353	0.00301	0.00564
3	0.00695	0.00555	0.00598	0.00599	0.00692	0.05468	0.00431	0.14338	0.00958	0.01243	0.06310	0.52374	0.09181	0.04036	0.00510	0.00149	0.00284	0.00851	0.00350	0.00377
4	0.00649	0.00460	0.00655	0.00628	0.00714	0.00524	0.00489	0.05189	0.00711	0.03962	0.04369	0.01512	0.01036	0.03847	0.67787	0.03755	0.02701	0.00416	0.00232	0.00364
5	0.00556	0.00388	0.00485	0.00509	0.00546	0.00389	0.00356	0.00627	0.00693	0.00926	0.07355	0.09920	0.05061	0.44488	0.09595	0.00311	0.00400	0.16826	0.00283	0.00287
6	0.00493	0.00353	0.00472	0.00546	0.00584	0.00332	0.00385	0.00587	0.00796	0.01070	0.12769	0.66566	0.02641	0.01132	0.00489	0.00153	0.00231	0.09714	0.00364	0.00322
7	0.22256	0.00834	0.00861	0.00714	0.02182	0.05936	0.00570	0.20971	0.03637	0.30107	0.03838	0.01070	0.00817	0.00447	0.00345	0.00116	0.00355	0.00335	0.04050	0.00559
8	0.00553	0.00406	0.00546	0.00535	0.00586	0.00414	0.02981	0.00632	0.00667	0.00903	0.05989	0.09105	0.07724	0.38974	0.24075	0.00372	0.00522	0.04461	0.00259	0.00297
9	0.00984	0.24677	0.14118	0.02755	0.03111	0.13966	0.02862	0.01201	0.02791	0.03129	0.00672	0.00774	0.00546	0.00340	0.00309	0.00088	0.00445	0.00253	0.00202	0.26774
10	0.11164	0.04863	0.03302	0.02900	0.21108	0.09997	0.00793	0.16926	0.08879	0.08003	0.00844	0.00930	0.00647	0.00427	0.00409	0.01290	0.04360	0.00318	0.00272	0.02570
11	0.06017	0.14253	0.19801	0.00992	0.08043	0.08462	0.05922	0.09241	0.04430	0.07573	0.00776	0.00857	0.00589	0.00371	0.00339	0.00105	0.00457	0.00292	0.00237	0.11243

[dist]
# distance from previous block
# <min> <max>
0	10

[block]
# block no. 3 follows, 71 sequences, length 17
# corresponding to MSA columns:
# 165-181
name=unknown_D
#
# <colnr> <probs for GDERKNQSTAVLIFYWHMCP>
#	G	D	E	R	K	N	Q	S	T	A	V	L	I	F	Y	W	H	M	C	P
0	0.10154	0.15386	0.03302	0.00773	0.03012	0.17367	0.00631	0.06724	0.02403	0.02220	0.00743	0.02567	0.00646	0.00620	0.07648	0.00143	0.05169	0.01901	0.00226	0.18365
1	0.00581	0.00384	0.00510	0.00493	0.00557	0.00356	0.01564	0.00601	0.00753	0.01014	0.22755	0.10123	0.14818	0.08394	0.00948	0.31463	0.00268	0.00589	0.00288	0.03539
2	0.05066	0.00543	0.00645	0.00560	0.00694	0.00542	0.00408	0.08745	0.03224	0.22738	0.04846	0.01816	0.01197	0.35997	0.06121	0.02547	0.00383	0.00458	0.03056	0.00415
3	0.05994	0.19327	0.03509	0.04654	0.04668	0.07829	0.12459	0.06670	0.00948	0.20414	0.00895	0.02699	0.00682	0.00462	0.01946	0.00122	0.04074	0.00339	0.01781	0.00527
4	0.00789	0.00817	0.08826	0.48985	0.04721	0.03105	0.03952	0.02438	0.04064	0.04119	0.04165	0.08003	0.00858	0.00499	0.01335	0.00132	0.00471	0.00418	0.01847	0.00454
5	0.01105	0.10040	0.23148	0.03478	0.02523	0.13674	0.02654	0.20561	0.10079	0.03332	0.00824	0.00890	0.00619	0.00411	0.00378	0.00113	0.02396	0.00309	0.00255	0.03212
6	0.89233	0.00741	0.00564	0.00504	0.00741	0.00860	0.00415	0.01127	0.00653	0.01720	0.00534	0.00623	0.00415	0.00356	0.00237	0.00119	0.00297	0.00208	0.00237	0.00415
7	0.00552	0.00422	0.00512	0.00500	0.00602	0.00400	0.00376	0.00777	0.07665	0.01367	0.49195	0.11049	0.20409	0.00853	0.00454	0.00129	0.00204	0.03769	0.00396	0.00368
8	0.00473	0.00346	0.00445	0.00512	0.00553	0.00318	0.00349	0.00554	0.00784	0.01038	0.10033	0.68748	0.12169	0.01135	0.00482	0.00149	0.00215	0.01020	0.00362	0.00318
9	0.00775	0.01891	0.77790	0.01086	0.01607	0.00913	0.01370	0.01191	0.00792	0.01191	0.00673	0.00812	0.00487	0.00389	0.00437	0.00125	0.07468	0.00288	0.00162	0.00555
10	0.00466	0.00338	0.00441	0.00523	0.00553	0.00312	0.00351	0.00535	0.00745	0.00983	0.02247	0.80039	0.08686	0.01184	0.00487	0.00154	0.00220	0.01069	0.00356	0.00312
11	0.00921	0.00668	0.00832	0.18649	0.04271	0.00749	0.00639	0.01490	0.35121	0.09355	0.01265	0.01314	0.00944	0.00463	0.00358	0.00118	0.00325	0.00388	0.21617	0.00513
12	0.00824	0.00888	0.05476	0.01108	0.04782	0.01059	0.11222	0.00970	0.00679	0.01023	0.05152	0.00997	0.00701	0.00665	0.03361	0.00168	0.59927	0.00370	0.00187	0.00442
13	0.01223	0.16643	0.01178	0.00864	0.01065	0.50164	0.00680	0.07902	0.01030	0.01056	0.00796	0.11424	0.00763	0.00498	0.00377	0.00106	0.03196	0.00356	0.00226	0.00452
14	0.00725	0.00609	0.00932	0.00957	0.11255	0.00705	0.05134	0.03330	0.00685	0.00978	0.00895	0.08512	0.00885	0.04532	0.24677	0.13542	0.20623	0.00437	0.00208	0.00380
15	0.68609	0.00828	0.00668	0.00584	0.00822	0.05127	0.00474	0.09897	0.05352	0.01745	0.02516	0.00753	0.00558	0.00388	0.00272	0.00118	0.00328	0.00248	0.00263	0.00451
16	0.03461	0.00833	0.03508	0.00888	0.08127	0.00878	0.00658	0.16820	0.39929	0.04835	0.09913	0.06055	0.01304	0.00547	0.00395	0.00125	0.00330	0.00459	0.00365	0.00569

[dist]
# distance from previous block
# <min> <max>
3	8

[block]
# block no. 4 follows, 71 sequences, length 8
# corresponding to MSA columns:
# 200-207
name=unknown_E
#
# <colnr> <probs for GDERKNQSTAVLIFYWHMCP>
#	G	D	E	R	K	N	Q	S	T	A	V	L	I	F	Y	W	H	M	C	P
0	0.00544	0.00397	0.00479	0.00472	0.00571	0.00357	0.00347	0.00666	0.00901	0.03498	0.30824	0.15785	0.29304	0.06544	0.03329	0.00161	0.00242	0.02478	0.00366	0.02735
1	0.01297	0.01456	0.01008	0.00904	0.01084	0.58785	0.00691	0.05257	0.01031	0.06449	0.00731	0.00865	0.00599	0.00708	0.10215	0.00164	0.05419	0.00288	0.02596	0.00452
2	0.01376	0.06412	0.01149	0.00961	0.01164	0.67889	0.00741	0.08708	0.01103	0.01067	0.00613	0.00716	0.00508	0.00414	0.00398	0.00103	0.05744	0.00259	0.00210	0.00464
3	0.89233	0.00741	0.00564	0.00504	0.00741	0.00860	0.00415	0.01127	0.00653	0.01720	0.00534	0.00623	0.00415	0.00356	0.00237	0.00119	0.00297	0.00208	0.00237	0.00415
4	0.01432	0.01827	0.01087	0.00988	0.01185	0.84986	0.00741	0.01531	0.01087	0.00938	0.00593	0.00691	0.00494	0.00395	0.00346	0.00099	0.00691	0.00247	0.00198	0.00444
5	0.23188	0.10870	0.20035	0.00862	0.05218	0.00980	0.02403	0.18658	0.03947	0.03428	0.06339	0.00947	0.00758	0.00413	0.00333	0.00115	0.00406	0.00310	0.00263	0.00529
6	0.00847	0.09123	0.53638	0.00997	0.04547	0.00900	0.01123	0.03242	0.06951	0.03246	0.03402	0.00922	0.00663	0.00383	0.00353	0.00112	0.00482	0.00302	0.00207	0.08561
7	0.00857	0.00979	0.16369	0.00881	0.09649	0.00690	0.00732	0.06364	0.05329	0.01338	0.00750	0.00856	0.00595	0.00329	0.00321	0.00082	0.00364	0.00268	0.00230	0.53017

[dist]
# distance from previous block
# <min> <max>
0	2

[block]
# block no. 5 follows, 71 sequences, length 21
# corresponding to MSA columns:
# 210-230
name=unknown_F
#
# <colnr> <probs for GDERKNQSTAVLIFYWHMCP>
#	G	D	E	R	K	N	Q	S	T	A	V	L	I	F	Y	W	H	M	C	P
0	0.00759	0.00794	0.06143	0.64824	0.13611	0.00855	0.03642	0.01023	0.00795	0.01050	0.02486	0.01040	0.00592	0.00383	0.00385	0.00125	0.00504	0.00349	0.00179	0.00460
1	0.89233	0.00741	0.00564	0.00504	0.00741	0.00860	0.00415	0.01127	0.00653	0.01720	0.00534	0.00623	0.00415	0.00356	0.00237	0.00119	0.00297	0.00208	0.00237	0.00415
2	0.00557	0.00373	0.00427	0.00427	0.00430	0.00376	0.00243	0.00563	0.00560	0.00750	0.01200	0.02466	0.01375	0.82919	0.05532	0.00382	0.00400	0.00551	0.00231	0.00237
3	0.89233	0.00741	0.00564	0.00504	0.00741	0.00860	0.00415	0.01127	0.00653	0.01720	0.00534	0.00623	0.00415	0.00356	0.00237	0.00119	0.00297	0.00208	0.00237	0.00415
4	0.00839	0.00839	0.01174	0.01007	0.01007	0.01174	0.00839	0.00923	0.00587	0.00923	0.00503	0.00839	0.00503	0.00671	0.01258	0.00168	0.85823	0.00336	0.00168	0.00419
5	0.00483	0.00401	0.00424	0.00425	0.00545	0.00351	0.00316	0.00624	0.04158	0.01100	0.11069	0.10553	0.66303	0.00955	0.00454	0.00131	0.00200	0.00807	0.00364	0.00337
6	0.00804	0.00384	0.00405	0.00386	0.00494	0.00376	0.00294	0.00980	0.00830	0.08795	0.01274	0.01418	0.00980	0.00449	0.00278	0.00092	0.00192	0.00360	0.80826	0.00384
7	0.00533	0.00380	0.00443	0.00440	0.00490	0.00359	0.00289	0.00604	0.00768	0.01025	0.24023	0.06178	0.16641	0.43420	0.01200	0.00249	0.00283	0.02074	0.00312	0.00289
8	0.01367	0.00970	0.01056	0.00837	0.01122	0.01067	0.00683	0.55279	0.20926	0.10902	0.01134	0.01081	0.00805	0.00476	0.00385	0.00119	0.00384	0.00370	0.00395	0.00641
9	0.00586	0.00436	0.00545	0.00515	0.00617	0.00427	0.00388	0.00855	0.09742	0.01485	0.65187	0.04888	0.05492	0.00850	0.03932	0.00142	0.00230	0.00660	0.02638	0.00384
10	0.01099	0.37919	0.02623	0.03115	0.03316	0.04586	0.00618	0.06020	0.00886	0.16383	0.00850	0.01035	0.00708	0.09942	0.02976	0.00140	0.00419	0.00304	0.00250	0.06812
11	0.01248	0.37931	0.01490	0.00879	0.03047	0.47508	0.00715	0.01360	0.00951	0.00930	0.00570	0.00665	0.00496	0.00365	0.00304	0.00092	0.00566	0.00231	0.00183	0.00469
12	0.00470	0.00381	0.00417	0.00424	0.00532	0.00328	0.00312	0.00576	0.00889	0.01110	0.16689	0.15275	0.59313	0.00973	0.00458	0.00132	0.00196	0.00830	0.00367	0.00328
13	0.00914	0.03770	0.47729	0.01064	0.02696	0.06199	0.11625	0.02805	0.02640	0.07772	0.06582	0.01025	0.00775	0.00401	0.00379	0.00118	0.00519	0.00341	0.00222	0.02424
14	0.01093	0.03447	0.11136	0.01412	0.31950	0.00832	0.05522	0.05794	0.05144	0.19919	0.05066	0.03355	0.00892	0.00439	0.00405	0.00119	0.02218	0.00388	0.00286	0.00583
15	0.01062	0.00719	0.08794	0.00668	0.00888	0.00608	0.00575	0.04585	0.14129	0.28455	0.08423	0.08701	0.01342	0.05890	0.03866	0.00158	0.00346	0.01965	0.08311	0.00514
16	0.00788	0.00751	0.12781	0.00727	0.00948	0.00595	0.14856	0.05615	0.00868	0.01388	0.01056	0.01248	0.00822	0.00557	0.05316	0.00133	0.00379	0.00366	0.50376	0.00431
17	0.01021	0.14089	0.32508	0.01190	0.15707	0.03586	0.05104	0.08753	0.00958	0.09895	0.03136	0.00932	0.00665	0.00386	0.00360	0.00113	0.00483	0.00317	0.00230	0.00567
18	0.00885	0.13969	0.12928	0.11212	0.16631	0.02076	0.17655	0.02194	0.03177	0.02714	0.01876	0.04910	0.00710	0.00479	0.02515	0.00132	0.04845	0.00378	0.00204	0.00511
19	0.00472	0.00339	0.00440	0.00519	0.00546	0.00316	0.00345	0.00536	0.00732	0.00968	0.02165	0.76499	0.07271	0.06186	0.00573	0.00167	0.00230	0.01042	0.00349	0.00308
20	0.00669	0.01273	0.45953	0.00873	0.01213	0.00679	0.02978	0.01008	0.05659	0.01151	0.01324	0.30823	0.03431	0.00681	0.00414	0.00134	0.00423	0.00592	0.00249	0.00472

[dist]
# distance from previous block
# <min> <max>
1	4

[block]
# block no. 6 follows, 71 sequences, length 9
# corresponding to MSA columns:
# 237-245
name=unknown_G
#
# <colnr> <probs for GDERKNQSTAVLIFYWHMCP>
#	G	D	E	R	K	N	Q	S	T	A	V	L	I	F	Y	W	H	M	C	P
0	0.02505	0.14383	0.09877	0.03496	0.20816	0.26223	0.06126	0.04579	0.02419	0.01142	0.00767	0.03153	0.02087	0.00400	0.00355	0.00108	0.00527	0.00321	0.00205	0.00512
1	0.51862	0.07415	0.03761	0.00846	0.11170	0.08457	0.00623	0.09536	0.00851	0.01585	0.00607	0.00705	0.00478	0.00367	0.00284	0.00113	0.00382	0.00244	0.00235	0.00477
2	0.00595	0.00401	0.00529	0.00505	0.00599	0.00374	0.00378	0.00757	0.01011	0.05798	0.62936	0.11247	0.05667	0.00962	0.06359	0.00159	0.00252	0.00702	0.00401	0.00369
3	0.01086	0.02312	0.03834	0.05802	0.42726	0.03957	0.03902	0.08733	0.05526	0.12347	0.02359	0.01036	0.00724	0.00389	0.00378	0.00114	0.00437	0.00352	0.00260	0.03727
4	0.00558	0.00372	0.00418	0.00418	0.00418	0.00372	0.00232	0.00558	0.00558	0.00743	0.01208	0.02509	0.01394	0.86525	0.01952	0.00372	0.00372	0.00558	0.00232	0.00232
5	0.00922	0.00948	0.01811	0.05921	0.48527	0.00931	0.32786	0.01188	0.00880	0.01231	0.00740	0.00985	0.00593	0.00336	0.00408	0.00120	0.00532	0.00385	0.00190	0.00564
6	0.00949	0.00902	0.01486	0.02192	0.75627	0.00915	0.01118	0.01265	0.09321	0.01289	0.00807	0.00998	0.00665	0.00360	0.00381	0.00116	0.00440	0.00351	0.00210	0.00607
7	0.00865	0.00819	0.01357	0.33316	0.47910	0.00892	0.01095	0.01163	0.06601	0.01175	0.00765	0.01010	0.00611	0.00370	0.00382	0.00120	0.00466	0.00348	0.00197	0.00540
8	0.00517	0.00378	0.00497	0.00565	0.00616	0.00358	0.00404	0.00638	0.03393	0.01047	0.04360	0.66817	0.02409	0.01116	0.00484	0.00153	0.00244	0.12229	0.00354	0.03421

[dist]
# distance from previous block
# <min> <max>
0	1

[block]
# block no. 7 follows, 71 sequences, length 12
# corresponding to MSA columns:
# 247-258
name=unknown_H
#
# <colnr> <probs for GDERKNQSTAVLIFYWHMCP>
#	G	D	E	R	K	N	Q	S	T	A	V	L	I	F	Y	W	H	M	C	P
0	0.01198	0.01006	0.12927	0.00830	0.01130	0.00896	0.02222	0.31101	0.17046	0.16415	0.07268	0.04120	0.01061	0.00507	0.00392	0.00122	0.00383	0.00413	0.00368	0.00596
1	0.00982	0.71121	0.06776	0.00671	0.01015	0.01356	0.00677	0.01130	0.00783	0.00963	0.00561	0.00649	0.00501	0.00325	0.00258	0.00081	0.00404	0.00212	0.00172	0.11364
2	0.89233	0.00741	0.00564	0.00504	0.00741	0.00860	0.00415	0.01127	0.00653	0.01720	0.00534	0.00623	0.00415	0.00356	0.00237	0.00119	0.00297	0.00208	0.00237	0.00415
3	0.00926	0.00879	0.01144	0.57279	0.05003	0.10230	0.00963	0.12811	0.04813	0.01219	0.00748	0.00988	0.00563	0.00401	0.00379	0.00122	0.00507	0.00335	0.00215	0.00475
4	0.00883	0.00962	0.02016	0.01619	0.11986	0.00911	0.64756	0.01180	0.00899	0.01223	0.00891	0.01343	0.00742	0.00397	0.00451	0.00132	0.00595	0.08295	0.00209	0.00512
5	0.00948	0.00896	0.01487	0.10417	0.64303	0.00938	0.03077	0.05758	0.00898	0.01271	0.00716	0.00950	0.00593	0.00372	0.00436	0.00119	0.05702	0.00344	0.00198	0.00578
6	0.12020	0.31809	0.05231	0.00797	0.01068	0.32630	0.00692	0.03618	0.06893	0.01124	0.00648	0.00721	0.00537	0.00376	0.00302	0.00099	0.00501	0.00245	0.00208	0.00481
7	0.00463	0.00392	0.00402	0.00407	0.00534	0.00331	0.00311	0.00565	0.00874	0.01042	0.03774	0.03728	0.79123	0.00976	0.00458	0.00132	0.00204	0.05603	0.00356	0.00325
8	0.01486	0.00591	0.00783	0.00620	0.00861	0.00521	0.00496	0.01618	0.01004	0.66543	0.01451	0.01464	0.01007	0.11054	0.00567	0.00147	0.00318	0.00404	0.08488	0.00574
9	0.00558	0.00372	0.00418	0.00418	0.00418	0.00372	0.00232	0.00558	0.00558	0.00743	0.01208	0.02509	0.01394	0.86525	0.01952	0.00372	0.00372	0.00558	0.00232	0.00232
10	0.01085	0.00503	0.00653	0.00565	0.00747	0.00443	0.00441	0.01218	0.00983	0.40715	0.14015	0.16419	0.14185	0.00718	0.00417	0.00125	0.00259	0.00614	0.05411	0.00485
11	0.00486	0.00352	0.00485	0.00553	0.00586	0.00351	0.00385	0.00569	0.00707	0.00958	0.01860	0.66513	0.02168	0.01592	0.20192	0.00263	0.00410	0.00932	0.00321	0.00319

[dist]
# distance from previous block
# <min> <max>
0	1

[block]
# block no. 8 follows, 71 sequences, length 14
# corresponding to MSA columns:
# 260-273
name=unknown_I
#
# <colnr> <probs for GDERKNQSTAVLIFYWHMCP>
#	G	D	E	R	K	N	Q	S	T	A	V	L	I	F	Y	W	H	M	C	P
0	0.01025	0.86756	0.02009	0.00656	0.00984	0.01517	0.00656	0.01148	0.00779	0.00902	0.00533	0.00615	0.00492	0.00328	0.00246	0.00082	0.00410	0.00205	0.00164	0.00492
1	0.00839	0.00680	0.00800	0.00573	0.00912	0.00514	0.00460	0.01008	0.00809	0.05191	0.00721	0.00819	0.00586	0.00293	0.00289	0.00060	0.00286	0.00235	0.00239	0.84688
2	0.01056	0.72231	0.06750	0.00719	0.01046	0.10865	0.00710	0.01195	0.00815	0.00924	0.00549	0.00635	0.00492	0.00338	0.00264	0.00086	0.00451	0.00214	0.00168	0.00491
3	0.59036	0.05962	0.03709	0.00751	0.06763	0.09284	0.02000	0.03367	0.00760	0.01527	0.00600	0.02173	0.00491	0.00380	0.00293	0.00116	0.01864	0.00249	0.00227	0.00448
4	0.00548	0.00411	0.00616	0.00616	0.00685	0.00479	0.00479	0.00685	0.00616	0.00890	0.01027	0.01506	0.00959	0.02876	0.85006	0.00616	0.01027	0.00411	0.00205	0.00342
5	0.00722	0.00385	0.00546	0.00527	0.00548	0.00394	0.00361	0.06322	0.00592	0.00790	0.00684	0.01148	0.00665	0.01270	0.01420	0.82571	0.00339	0.00334	0.00182	0.00201
6	0.00472	0.00389	0.00414	0.00408	0.00529	0.00332	0.00306	0.00586	0.00918	0.01139	0.20395	0.03520	0.67403	0.00932	0.00453	0.00128	0.00191	0.00785	0.00370	0.00332
7	0.00769	0.01983	0.84538	0.01093	0.01659	0.00890	0.01417	0.01214	0.00810	0.01214	0.00688	0.00810	0.00486	0.00364	0.00364	0.00121	0.00567	0.00283	0.00162	0.00567
8	0.00477	0.00347	0.00450	0.00514	0.00555	0.00320	0.00351	0.00563	0.00797	0.01065	0.14128	0.67163	0.09613	0.01121	0.00481	0.00148	0.00214	0.01009	0.00366	0.00320
9	0.00491	0.00385	0.00423	0.00419	0.00524	0.00337	0.00307	0.00603	0.00896	0.01149	0.23490	0.06906	0.52112	0.06967	0.00555	0.00144	0.00204	0.00761	0.02997	0.00327
10	0.02490	0.01303	0.33595	0.03149	0.01503	0.00889	0.19866	0.14010	0.04014	0.06162	0.00855	0.00980	0.00621	0.00415	0.00414	0.02632	0.00502	0.00349	0.05707	0.00545
11	0.00940	0.00967	0.00883	0.00807	0.00927	0.27093	0.00630	0.07826	0.00858	0.01037	0.00812	0.01113	0.00726	0.01602	0.40209	0.00352	0.12251	0.00344	0.00213	0.00410
12	0.37120	0.07894	0.01909	0.03151	0.03623	0.11951	0.05848	0.03716	0.02185	0.03420	0.04795	0.03803	0.04730	0.00478	0.01373	0.00122	0.01652	0.00335	0.00249	0.01646
13	0.02326	0.00922	0.05805	0.13903	0.12300	0.14904	0.03325	0.03504	0.05088	0.04016	0.04169	0.05063	0.17849	0.02035	0.00420	0.00123	0.00422	0.00468	0.00263	0.03094

[dist]
# distance from previous block
# <min> <max>
0	22

[block]
# block no. 9 follows, 71 sequences, length 24
# corresponding to MSA columns:
# 296-319
name=unknown_J
#
# <colnr> <probs for GDERKNQSTAVLIFYWHMCP>
#	G	D	E	R	K	N	Q	S	T	A	V	L	I	F	Y	W	H	M	C	P
0	0.01014	0.05641	0.07768	0.02531	0.07120	0.08364	0.06790	0.16138	0.03682	0.09010	0.15374	0.07563	0.03641	0.00550	0.00411	0.00119	0.01825	0.00465	0.01488	0.00507
1	0.34925	0.04124	0.00896	0.00722	0.00967	0.12365	0.00585	0.19813	0.12428	0.06179	0.00823	0.00853	0.00618	0.00422	0.00342	0.00117	0.02723	0.00288	0.00294	0.00515
2	0.00715	0.02223	0.04261	0.00664	0.00803	0.05452	0.00541	0.03075	0.05706	0.02312	0.05192	0.02836	0.01035	0.01834	0.46115	0.05486	0.01700	0.01852	0.00238	0.07961
3	0.00806	0.00750	0.01235	0.25805	0.43202	0.00807	0.00982	0.01015	0.00828	0.01145	0.06892	0.03179	0.03222	0.04798	0.00502	0.00135	0.03582	0.00408	0.00211	0.00497
4	0.00536	0.00366	0.00442	0.00474	0.00487	0.00360	0.00298	0.00569	0.00634	0.00843	0.01532	0.26693	0.01785	0.55333	0.01420	0.00294	0.00327	0.07063	0.00277	0.00264
5	0.01410	0.01791	0.01090	0.00988	0.01179	0.81895	0.00744	0.01509	0.01068	0.00938	0.00589	0.00697	0.00494	0.00405	0.00379	0.00101	0.03830	0.00250	0.00196	0.00444
6	0.00839	0.00839	0.01174	0.01007	0.01007	0.01174	0.00839	0.00923	0.00587	0.00923	0.00503	0.00839	0.00503	0.00671	0.01258	0.00168	0.85823	0.00336	0.00168	0.00419
7	0.06074	0.00841	0.00874	0.00773	0.00999	0.00969	0.00606	0.08999	0.71594	0.01681	0.01446	0.01340	0.01082	0.00506	0.00381	0.00128	0.00313	0.00413	0.00381	0.00600
8	0.00618	0.00441	0.00618	0.00706	0.00794	0.00441	0.00618	0.00794	0.00883	0.01147	0.02030	0.04325	0.02207	0.01059	0.00530	0.00177	0.00353	0.81553	0.00353	0.00353
9	0.00485	0.00384	0.00448	0.00454	0.00553	0.00347	0.00336	0.00600	0.00871	0.01119	0.20380	0.14728	0.46387	0.01173	0.09797	0.00185	0.00287	0.00779	0.00353	0.00332
10	0.00724	0.00681	0.01150	0.85604	0.02641	0.00852	0.01065	0.00980	0.00767	0.00980	0.00681	0.01022	0.00511	0.00383	0.00383	0.00128	0.00511	0.00341	0.00170	0.00426
11	0.00522	0.00391	0.00484	0.00461	0.00560	0.00353	0.00345	0.00683	0.01036	0.01422	0.65426	0.03055	0.22195	0.00827	0.00452	0.00123	0.00184	0.00720	0.00407	0.00353
12	0.00919	0.00874	0.01476	0.07033	0.74361	0.00885	0.01125	0.01162	0.02415	0.01256	0.04256	0.01043	0.00740	0.00366	0.00383	0.00115	0.00444	0.00358	0.00202	0.00587
13	0.01045	0.82682	0.01965	0.00672	0.00994	0.05521	0.00660	0.01166	0.00794	0.00904	0.00536	0.00619	0.00492	0.00331	0.00251	0.00083	0.00424	0.00207	0.00166	0.00490
14	0.00966	0.00672	0.00821	0.00636	0.03343	0.00526	0.00491	0.01131	0.00859	0.17315	0.00961	0.01005	0.03712	0.00348	0.00313	0.00073	0.00294	0.00283	0.00279	0.65975
15	0.00925	0.00893	0.06537	0.03262	0.38793	0.02531	0.08478	0.02698	0.09420	0.06455	0.09719	0.03979	0.02010	0.02088	0.00428	0.00125	0.00421	0.00429	0.00262	0.00547
16	0.00874	0.00787	0.02791	0.08177	0.50422	0.00764	0.02976	0.01093	0.00913	0.05282	0.17230	0.02407	0.01232	0.00448	0.00395	0.00116	0.00398	0.00421	0.00251	0.03022
17	0.01416	0.01030	0.01110	0.00863	0.01160	0.01138	0.00709	0.70913	0.10374	0.05800	0.01013	0.00991	0.00719	0.00467	0.00384	0.00117	0.00405	0.00356	0.00388	0.00647
18	0.00469	0.00342	0.00442	0.00517	0.00553	0.00315	0.00350	0.00544	0.00764	0.01010	0.05983	0.74219	0.10762	0.01159	0.00484	0.00151	0.00218	0.01044	0.00359	0.00315
19	0.02146	0.14755	0.31498	0.02639	0.21655	0.04419	0.03377	0.04669	0.00878	0.04603	0.00706	0.00841	0.00548	0.00370	0.00377	0.00112	0.03160	0.00296	0.00197	0.02755
20	0.00558	0.00372	0.00418	0.00418	0.00418	0.00372	0.00232	0.00558	0.00558	0.00743	0.01208	0.02509	0.01394	0.86525	0.01952	0.00372	0.00372	0.00558	0.00232	0.00232
21	0.00548	0.00411	0.00616	0.00616	0.00685	0.00479	0.00479	0.00685	0.00616	0.00890	0.01027	0.01506	0.00959	0.02876	0.85006	0.00616	0.01027	0.00411	0.00205	0.00342
22	0.00846	0.00871	0.03590	0.22275	0.11585	0.00879	0.31871	0.01245	0.13300	0.01230	0.00977	0.01173	0.03114	0.00396	0.00406	0.00125	0.00500	0.00410	0.04699	0.00506
23	0.04063	0.10336	0.15117	0.01005	0.04334	0.54632	0.00851	0.03412	0.01005	0.01054	0.00614	0.00717	0.00498	0.00382	0.00337	0.00102	0.00614	0.00253	0.00194	0.00480

[dist]
# distance from previous block
# <min> <max>
0	1

[block]
# block no. 10 follows, 71 sequences, length 25
# corresponding to MSA columns:
# 321-345
name=unknown_K
#
# <colnr> <probs for GDERKNQSTAVLIFYWHMCP>
#	G	D	E	R	K	N	Q	S	T	A	V	L	I	F	Y	W	H	M	C	P
0	0.00473	0.00336	0.00443	0.00526	0.00547	0.00315	0.00348	0.00535	0.00722	0.00963	0.02053	0.80675	0.02460	0.06905	0.00587	0.00170	0.00232	0.01054	0.00348	0.00306
1	0.83523	0.00812	0.00598	0.00536	0.00770	0.06331	0.00436	0.01153	0.00681	0.01669	0.00538	0.00627	0.00420	0.00358	0.00244	0.00117	0.00322	0.00210	0.00235	0.00417
2	0.00606	0.00429	0.00585	0.00661	0.00735	0.00428	0.00556	0.00754	0.00833	0.01086	0.01915	0.06083	0.02099	0.13281	0.00732	0.00204	0.00353	0.67993	0.00336	0.00335
3	0.00998	0.04137	0.01437	0.03029	0.57872	0.00972	0.02086	0.09566	0.11950	0.01394	0.00842	0.00998	0.00679	0.00383	0.00393	0.00116	0.01960	0.00350	0.00235	0.00600
4	0.00471	0.00343	0.00445	0.00516	0.00554	0.00316	0.00350	0.00549	0.00773	0.01025	0.08281	0.72365	0.10300	0.01149	0.00483	0.00151	0.00217	0.01034	0.00361	0.00316
5	0.00500	0.00373	0.00473	0.00513	0.00556	0.00365	0.00354	0.00576	0.00747	0.00992	0.08439	0.48351	0.14637	0.12660	0.05479	0.00204	0.03259	0.00881	0.00329	0.00312
6	0.01051	0.18374	0.12886	0.16103	0.06945	0.01101	0.02385	0.27975	0.03452	0.01509	0.00843	0.00953	0.02805	0.00414	0.00368	0.00113	0.01598	0.00324	0.00251	0.00549
7	0.00855	0.00728	0.02244	0.03010	0.11210	0.00769	0.00620	0.03843	0.41585	0.03657	0.12359	0.01793	0.08850	0.06158	0.00503	0.00142	0.00314	0.00489	0.00349	0.00522
8	0.01078	0.03195	0.01185	0.14057	0.20534	0.03719	0.00838	0.30673	0.03499	0.02495	0.00871	0.03453	0.00725	0.06414	0.00540	0.00138	0.05395	0.00375	0.00272	0.00543
9	0.00872	0.22401	0.30958	0.00987	0.08182	0.03384	0.00955	0.04567	0.00871	0.01197	0.11994	0.01058	0.00934	0.00448	0.00444	0.00115	0.09580	0.00332	0.00211	0.00508
10	0.00843	0.00766	0.00914	0.00803	0.00839	0.08086	0.00628	0.00913	0.00670	0.05074	0.04493	0.01401	0.00910	0.24315	0.01291	0.00214	0.46840	0.00408	0.00215	0.00379
11	0.00911	0.01287	0.38573	0.00907	0.04750	0.00737	0.00942	0.02461	0.04984	0.10585	0.00827	0.00899	0.00607	0.00358	0.00342	0.00100	0.00426	0.00287	0.00234	0.29782
12	0.06036	0.10166	0.16750	0.02986	0.05004	0.39731	0.00855	0.05641	0.03606	0.04813	0.00697	0.00784	0.00543	0.00389	0.00341	0.00106	0.00561	0.00271	0.00217	0.00503
13	0.06720	0.00687	0.00868	0.00683	0.00947	0.02620	0.00557	0.03063	0.01035	0.68540	0.01366	0.01285	0.00906	0.04774	0.00491	0.00133	0.03919	0.00378	0.00428	0.00603
14	0.00930	0.00951	0.04445	0.05374	0.70241	0.00914	0.09131	0.01176	0.00870	0.01239	0.00724	0.00955	0.00597	0.00342	0.00386	0.00116	0.00480	0.00350	0.00189	0.00590
15	0.00558	0.00372	0.00418	0.00418	0.00418	0.00372	0.00232	0.00558	0.00558	0.00743	0.01208	0.02509	0.01394	0.86525	0.01952	0.00372	0.00372	0.00558	0.00232	0.00232
16	0.01024	0.00886	0.00905	0.00798	0.01024	0.04045	0.00624	0.10454	0.71915	0.01664	0.01458	0.01350	0.01092	0.00509	0.00388	0.00127	0.00330	0.00417	0.00382	0.00606
17	0.00545	0.00453	0.00496	0.00556	0.00603	0.06623	0.00382	0.00627	0.00800	0.01031	0.09797	0.67915	0.06556	0.01090	0.00473	0.00147	0.00252	0.00976	0.00350	0.00327
18	0.00548	0.00409	0.00605	0.00605	0.00670	0.00473	0.00466	0.00678	0.00613	0.00882	0.01037	0.01561	0.00982	0.07457	0.80457	0.00603	0.00991	0.00419	0.00207	0.00336
19	0.00558	0.00372	0.00418	0.00418	0.00418	0.00372	0.00232	0.00558	0.00558	0.00743	0.01208	0.02509	0.01394	0.86525	0.01952	0.00372	0.00372	0.00558	0.00232	0.00232
20	0.00474	0.00341	0.00446	0.00521	0.00551	0.00317	0.00350	0.00547	0.00757	0.01009	0.07382	0.74841	0.05980	0.03864	0.00532	0.00159	0.00223	0.01036	0.00356	0.00313
21	0.61551	0.00797	0.00718	0.00600	0.00858	0.00890	0.00495	0.17355	0.00932	0.11634	0.00726	0.00762	0.00525	0.00391	0.00284	0.00118	0.00325	0.00256	0.00294	0.00490
22	0.00549	0.00407	0.00597	0.00597	0.00659	0.00469	0.00455	0.00672	0.00611	0.00876	0.01045	0.01604	0.01001	0.11013	0.76926	0.00592	0.00963	0.00425	0.00208	0.00332
23	0.05770	0.27039	0.17605	0.00914	0.06820	0.13914	0.02309	0.02660	0.02971	0.01137	0.01567	0.03269	0.00618	0.00385	0.00330	0.00100	0.01589	0.00284	0.00200	0.10519
24	0.02909	0.10610	0.05281	0.02436	0.07417	0.05810	0.00733	0.03065	0.07498	0.04705	0.04362	0.04342	0.05940	0.00662	0.04182	0.00150	0.26512	0.00393	0.00241	0.02752

[dist]
# distance from previous block
# <min> <max>
2	16

[block]
# block no. 11 follows, 71 sequences, length 23
# corresponding to MSA columns:
# 362-384
name=unknown_L
#
# <colnr> <probs for GDERKNQSTAVLIFYWHMCP>
#	G	D	E	R	K	N	Q	S	T	A	V	L	I	F	Y	W	H	M	C	P
0	0.07619	0.09751	0.12561	0.02314	0.01102	0.10197	0.01889	0.09976	0.01866	0.03322	0.04264	0.02487	0.00717	0.00403	0.00371	0.00098	0.04494	0.00299	0.00240	0.26029
1	0.00840	0.00834	0.02911	0.29811	0.05399	0.02543	0.29489	0.03880	0.04206	0.02699	0.05685	0.04878	0.00854	0.00465	0.00457	0.03414	0.00507	0.00435	0.00224	0.00469
2	0.05172	0.00668	0.00871	0.18011	0.01212	0.01966	0.00640	0.12153	0.00941	0.20751	0.03749	0.07160	0.00962	0.05608	0.00659	0.09403	0.06704	0.01585	0.00301	0.01485
3	0.04221	0.06509	0.02684	0.03646	0.13318	0.07244	0.02380	0.23674	0.05548	0.09035	0.08092	0.02506	0.01017	0.03169	0.01382	0.00129	0.00413	0.02588	0.01907	0.00537
4	0.02791	0.00738	0.01220	0.46255	0.10483	0.00839	0.10625	0.01135	0.08550	0.03706	0.00880	0.03346	0.00709	0.01870	0.00433	0.00132	0.01970	0.01790	0.02061	0.00470
5	0.00807	0.01692	0.61662	0.01154	0.01653	0.00894	0.16824	0.03415	0.02529	0.01245	0.00804	0.00958	0.02260	0.01933	0.00413	0.00128	0.00561	0.00336	0.00184	0.00549
6	0.55796	0.00834	0.00757	0.00630	0.00885	0.00942	0.00516	0.26089	0.02687	0.04839	0.00721	0.00792	0.00541	0.02129	0.00325	0.00123	0.00338	0.00267	0.00293	0.00496
7	0.00536	0.00417	0.00493	0.00494	0.00594	0.00392	0.00366	0.00745	0.08013	0.01259	0.32515	0.19863	0.28838	0.00913	0.00457	0.00133	0.00209	0.03018	0.00383	0.00360
8	0.00475	0.00354	0.00442	0.00494	0.00550	0.00321	0.00342	0.00564	0.00815	0.01070	0.14010	0.55756	0.21229	0.01090	0.00476	0.00145	0.00210	0.00970	0.00365	0.00321
9	0.00781	0.01902	0.77473	0.01138	0.01689	0.00897	0.08400	0.01215	0.00818	0.01215	0.00696	0.00829	0.00494	0.00361	0.00372	0.00122	0.00574	0.00298	0.00165	0.00562
10	0.00468	0.00338	0.00444	0.00526	0.00555	0.00313	0.00353	0.00539	0.00749	0.00994	0.04088	0.80574	0.06279	0.01181	0.00487	0.00154	0.00220	0.01068	0.00357	0.00313
11	0.00920	0.00784	0.00861	0.08039	0.01105	0.00910	0.00626	0.01879	0.71432	0.01540	0.01467	0.01395	0.01103	0.00504	0.00382	0.00127	0.00314	0.00421	0.05615	0.00577
12	0.00802	0.00754	0.01062	0.00924	0.00928	0.01035	0.00758	0.00859	0.00578	0.00890	0.00553	0.00916	0.00549	0.00876	0.06085	0.10717	0.70819	0.00340	0.00170	0.00385
13	0.01356	0.01706	0.01046	0.00956	0.01142	0.77729	0.00718	0.01458	0.01046	0.00934	0.00630	0.00761	0.00534	0.00608	0.07616	0.00143	0.00720	0.00261	0.00198	0.00436
14	0.00649	0.00344	0.00516	0.00516	0.00526	0.00354	0.00354	0.00526	0.00516	0.00698	0.00717	0.01214	0.00708	0.01551	0.13373	0.76299	0.00432	0.00344	0.00172	0.00192
15	0.89233	0.00741	0.00564	0.00504	0.00741	0.00860	0.00415	0.01127	0.00653	0.01720	0.00534	0.00623	0.00415	0.00356	0.00237	0.00119	0.00297	0.00208	0.00237	0.00415
16	0.00954	0.00824	0.00867	0.00780	0.00997	0.00954	0.00607	0.02037	0.83441	0.01604	0.01561	0.01431	0.01170	0.00520	0.00390	0.00130	0.00303	0.00433	0.00390	0.00607
17	0.00769	0.01983	0.84538	0.01093	0.01659	0.00890	0.01417	0.01214	0.00810	0.01214	0.00688	0.00810	0.00486	0.00364	0.00364	0.00121	0.00567	0.00283	0.00162	0.00567
18	0.01276	0.12976	0.04724	0.01047	0.09725	0.34039	0.00791	0.22964	0.06419	0.01410	0.00750	0.00820	0.00590	0.00404	0.00349	0.00105	0.00528	0.00290	0.00252	0.00538
19	0.00954	0.70566	0.08358	0.00704	0.01026	0.01351	0.02716	0.01103	0.00781	0.00941	0.00687	0.07996	0.00669	0.00406	0.00281	0.00093	0.00412	0.00293	0.00181	0.00483
20	0.01039	0.14260	0.10433	0.00737	0.02906	0.02595	0.00658	0.07448	0.03483	0.13789	0.00829	0.00876	0.00629	0.00353	0.00317	0.00086	0.00365	0.00272	0.00263	0.38662
21	0.05446	0.38592	0.15745	0.00890	0.01241	0.09112	0.02995	0.15761	0.02764	0.02623	0.00777	0.00886	0.00633	0.00437	0.00354	0.00119	0.00495	0.00295	0.00254	0.00581
22	0.00592	0.00402	0.00452	0.00437	0.00457	0.00400	0.00254	0.02963	0.00602	0.00809	0.01182	0.02407	0.01345	0.81188	0.01851	0.00354	0.00370	0.00541	0.00237	0.03160

[dist]
# distance from previous block
# <min> <max>
0	2

[block]
# block no. 12 follows, 71 sequences, length 6
# corresponding to MSA columns:
# 387-392
name=unknown_M
#
# <colnr> <probs for GDERKNQSTAVLIFYWHMCP>
#	G	D	E	R	K	N	Q	S	T	A	V	L	I	F	Y	W	H	M	C	P
0	0.00548	0.00411	0.00616	0.00616	0.00685	0.00479	0.00479	0.00685	0.00616	0.00890	0.01027	0.01506	0.00959	0.02876	0.85006	0.00616	0.01027	0.00411	0.00205	0.00342
1	0.00749	0.00706	0.01001	0.00885	0.00907	0.00959	0.00727	0.00849	0.00596	0.00913	0.00666	0.01046	0.00645	0.01355	0.27251	0.00307	0.59506	0.00359	0.00179	0.00396
2	0.01089	0.04561	0.00937	0.00801	0.00988	0.37219	0.00615	0.04700	0.22401	0.01305	0.19960	0.01387	0.01391	0.00517	0.00379	0.00112	0.00452	0.00400	0.00305	0.00478
3	0.58782	0.00782	0.00591	0.00540	0.00719	0.10446	0.00411	0.01043	0.00681	0.01406	0.00695	0.01063	0.00649	0.20116	0.00643	0.00174	0.00359	0.00292	0.00232	0.00377
4	0.15652	0.14028	0.01112	0.00836	0.01062	0.49286	0.00660	0.01467	0.10464	0.01137	0.00686	0.00754	0.00559	0.00393	0.00318	0.00103	0.00541	0.00256	0.00221	0.00465
5	0.09040	0.07962	0.13274	0.01198	0.20946	0.00984	0.03043	0.15066	0.16119	0.07270	0.00928	0.00983	0.00697	0.00406	0.00359	0.00117	0.00416	0.00333	0.00277	0.00583

[dist]
# distance from previous block
# <min> <max>
0	6

[block]
# block no. 13 follows, 71 sequences, length 25
# corresponding to MSA columns:
# 399-423
name=unknown_N
#
# <colnr> <probs for GDERKNQSTAVLIFYWHMCP>
#	G	D	E	R	K	N	Q	S	T	A	V	L	I	F	Y	W	H	M	C	P
0	0.01129	0.13189	0.21124	0.01171	0.14164	0.05661	0.10874	0.04978	0.00950	0.19687	0.00870	0.00939	0.00630	0.00379	0.00363	0.00112	0.00478	0.00324	0.00253	0.02725
1	0.00704	0.00593	0.00716	0.00604	0.04073	0.00473	0.00446	0.00862	0.00838	0.01238	0.11896	0.06049	0.11412	0.00538	0.02064	0.00093	0.00278	0.00414	0.00273	0.56436
2	0.00842	0.00898	0.03563	0.03458	0.03800	0.00836	0.55045	0.01162	0.05348	0.02628	0.10219	0.04950	0.01072	0.03777	0.00502	0.00138	0.00532	0.00499	0.00242	0.00488
3	0.89233	0.00741	0.00564	0.00504	0.00741	0.00860	0.00415	0.01127	0.00653	0.01720	0.00534	0.00623	0.00415	0.00356	0.00237	0.00119	0.00297	0.00208	0.00237	0.00415
4	0.00551	0.00399	0.00558	0.00558	0.00607	0.00448	0.00407	0.00647	0.00599	0.00847	0.01080	0.01800	0.01086	0.27378	0.60677	0.00545	0.00835	0.00454	0.00213	0.00310
5	0.71965	0.07708	0.03452	0.00598	0.00862	0.00932	0.03990	0.04493	0.00726	0.01646	0.00565	0.00658	0.00440	0.00357	0.00257	0.00116	0.00334	0.00226	0.00233	0.00440
6	0.00839	0.00839	0.01174	0.01007	0.01007	0.01174	0.00839	0.00923	0.00587	0.00923	0.00503	0.00839	0.00503	0.00671	0.01258	0.00168	0.85823	0.00336	0.00168	0.00419
7	0.00562	0.00463	0.00491	0.00483	0.00606	0.00445	0.00358	0.00826	0.15464	0.01112	0.04119	0.07470	0.51255	0.10570	0.00616	0.00160	0.00241	0.04044	0.00349	0.00365
8	0.22379	0.00530	0.00528	0.00468	0.00636	0.00549	0.00371	0.04741	0.00859	0.14830	0.01104	0.01191	0.00825	0.00430	0.00285	0.00102	0.00242	0.00325	0.49173	0.00432
9	0.00500	0.00387	0.00455	0.00445	0.00548	0.00342	0.00331	0.00638	0.00973	0.01288	0.44594	0.08159	0.38181	0.00889	0.00455	0.00126	0.00189	0.00767	0.00390	0.00342
10	0.01383	0.00980	0.01092	0.00897	0.04353	0.01068	0.00706	0.60315	0.10923	0.10438	0.03199	0.01068	0.00816	0.00472	0.00386	0.00117	0.00394	0.00368	0.00387	0.00638
11	0.00706	0.00476	0.00519	0.00509	0.00606	0.02550	0.00381	0.05264	0.06745	0.01358	0.14666	0.13181	0.01696	0.06489	0.03513	0.00151	0.00273	0.05343	0.35196	0.00378
12	0.01011	0.28935	0.12637	0.01304	0.26647	0.05899	0.04489	0.05303	0.01782	0.03405	0.01766	0.00844	0.00601	0.00358	0.00334	0.00103	0.00461	0.00292	0.00202	0.03628
13	0.01101	0.65494	0.01785	0.00769	0.03183	0.17933	0.00685	0.01248	0.03054	0.00937	0.00577	0.00661	0.00514	0.00347	0.00273	0.00087	0.00464	0.00223	0.00177	0.00489
14	0.00935	0.00630	0.00760	0.00582	0.00860	0.00516	0.00463	0.04696	0.00932	0.16677	0.11095	0.04510	0.05426	0.00457	0.00344	0.00086	0.00278	0.00381	0.00315	0.50056
15	0.15097	0.02861	0.23396	0.00990	0.08516	0.03664	0.06742	0.04833	0.02714	0.21671	0.03093	0.03144	0.00761	0.00425	0.00361	0.00119	0.00432	0.00348	0.00282	0.00551
16	0.01150	0.00925	0.09207	0.01307	0.28170	0.00811	0.03051	0.12117	0.06609	0.21607	0.05606	0.02274	0.00912	0.00437	0.00384	0.00116	0.00400	0.00381	0.00312	0.04226
17	0.00661	0.00400	0.00500	0.00501	0.00561	0.00380	0.00340	0.00728	0.00744	0.10585	0.09013	0.26074	0.06220	0.34840	0.04358	0.00251	0.00323	0.02873	0.00321	0.00327
18	0.00722	0.00388	0.00418	0.00413	0.00512	0.00383	0.00312	0.00918	0.03468	0.04615	0.07048	0.07118	0.04276	0.00556	0.00317	0.00102	0.00196	0.02554	0.65310	0.00373
19	0.01069	0.10306	0.13130	0.04934	0.30960	0.08997	0.07289	0.05986	0.00941	0.09483	0.00771	0.00910	0.00595	0.00377	0.00389	0.00114	0.02642	0.00323	0.00222	0.00562
20	0.02182	0.10628	0.44563	0.08799	0.10491	0.03372	0.10029	0.03440	0.00852	0.01198	0.00685	0.00844	0.00516	0.00359	0.00363	0.00117	0.00537	0.00304	0.00178	0.00542
21	0.00467	0.00375	0.00408	0.00427	0.00521	0.00326	0.00304	0.00552	0.00825	0.01017	0.05775	0.22686	0.56661	0.07202	0.00570	0.00153	0.00213	0.00852	0.00349	0.00315
