[name]
unknown

[dist]
# distance from previous block
# <min> <max>
0	21

[block]
# block no. 0 follows, 62 sequences, length 51
# corresponding to MSA columns:
# 79-129
name=unknown_A
#
# <colnr> <probs for GDERKNQSTAVLIFYWHMCP>
#	G	D	E	R	K	N	Q	S	T	A	V	L	I	F	Y	W	H	M	C	P
0	0.00515	0.00397	0.00467	0.00521	0.00595	0.00353	0.00361	0.00601	0.00873	0.01104	0.03135	0.48479	0.35946	0.03869	0.00578	0.00168	0.00239	0.01061	0.00391	0.00349
1	0.00810	0.00768	0.01313	0.81550	0.02909	0.00949	0.03578	0.01095	0.00855	0.01095	0.00759	0.01135	0.00570	0.00423	0.00428	0.00142	0.00572	0.00382	0.00190	0.00476
2	0.01618	0.01192	0.01277	0.00979	0.01320	0.01320	0.00809	0.80973	0.02001	0.02682	0.01022	0.01022	0.00724	0.00511	0.00426	0.00128	0.00468	0.00383	0.00426	0.00724
3	0.01094	0.00946	0.01327	0.03347	0.39115	0.01012	0.00977	0.01782	0.38211	0.05722	0.01274	0.01322	0.00980	0.00479	0.00427	0.00135	0.00422	0.00429	0.00329	0.00672
4	0.00526	0.00384	0.00480	0.00553	0.00595	0.00355	0.00369	0.00598	0.00820	0.01070	0.02567	0.63314	0.15707	0.09691	0.00699	0.00192	0.00258	0.01099	0.00381	0.00339
5	0.01519	0.01129	0.01229	0.05824	0.01379	0.03308	0.00818	0.66897	0.01826	0.04829	0.01094	0.01273	0.00829	0.00546	0.00435	0.00132	0.00474	0.05370	0.00407	0.00682
6	0.01598	0.01323	0.03833	0.00996	0.01328	0.12431	0.00829	0.65287	0.01834	0.04853	0.00984	0.00996	0.00704	0.00498	0.00419	0.00126	0.00511	0.00367	0.00393	0.00689
7	0.00655	0.00371	0.00530	0.00566	0.00575	0.00362	0.00376	0.00570	0.00652	0.00869	0.01345	0.31953	0.01522	0.03699	0.01266	0.53171	0.00326	0.00684	0.00264	0.00246
8	0.00812	0.00765	0.01292	0.81204	0.05682	0.00948	0.01186	0.01095	0.00855	0.01098	0.00758	0.01132	0.00571	0.00424	0.00425	0.00141	0.00565	0.00378	0.00190	0.00480
9	0.00860	0.04037	0.81061	0.01202	0.01825	0.01004	0.01553	0.01346	0.00898	0.01340	0.00760	0.00894	0.00539	0.00403	0.00401	0.00134	0.00625	0.00313	0.00180	0.00627
10	0.00608	0.00455	0.00679	0.00679	0.00753	0.00529	0.00526	0.00757	0.00682	0.00984	0.01144	0.01696	0.01074	0.04954	0.81611	0.00678	0.01124	0.00459	0.00229	0.00377
11	0.00523	0.00373	0.00492	0.00585	0.00614	0.00347	0.00391	0.00592	0.00815	0.01080	0.02391	0.79226	0.06209	0.01326	0.00569	0.02311	0.00249	0.01176	0.00390	0.00342
12	0.01075	0.00922	0.00972	0.00869	0.01113	0.01066	0.00678	0.04629	0.79228	0.01807	0.01710	0.01571	0.01282	0.00575	0.00433	0.00144	0.00341	0.00478	0.00433	0.00675
13	0.00882	0.00756	0.00882	0.00630	0.01008	0.00567	0.00504	0.01071	0.00882	0.01387	0.00756	0.00882	0.00630	0.00315	0.00315	0.00063	0.00315	0.00252	0.00252	0.87647
14	0.00586	0.00436	0.00514	0.00500	0.00619	0.00385	0.00373	0.00736	0.01075	0.03476	0.40527	0.09303	0.37958	0.00985	0.00503	0.00141	0.00215	0.00848	0.00433	0.00387
15	0.01401	0.01281	0.01228	0.02216	0.02725	0.19587	0.04158	0.35925	0.21310	0.01948	0.01103	0.01128	0.00828	0.00569	0.02527	0.00143	0.00532	0.00390	0.00360	0.00640
16	0.00986	0.01018	0.01266	0.01095	0.01125	0.08847	0.00902	0.01116	0.03169	0.01048	0.00620	0.00957	0.00595	0.00781	0.03616	0.00192	0.71627	0.00369	0.00198	0.00472
17	0.01080	0.01144	0.07464	0.01513	0.27292	0.11802	0.05453	0.01511	0.17391	0.04297	0.09796	0.01353	0.01140	0.00512	0.00499	0.00135	0.06297	0.00432	0.00292	0.00599
18	0.01618	0.01192	0.01277	0.00979	0.01320	0.01320	0.00809	0.80973	0.02001	0.02682	0.01022	0.01022	0.00724	0.00511	0.00426	0.00128	0.00468	0.00383	0.00426	0.00724
19	0.01169	0.03805	0.01085	0.00980	0.04573	0.16662	0.00732	0.03176	0.59333	0.01612	0.01443	0.01373	0.01099	0.00535	0.00418	0.00135	0.00431	0.00428	0.00375	0.00636
20	0.00618	0.00417	0.00486	0.00486	0.00494	0.00425	0.00286	0.00633	0.00625	0.00842	0.01320	0.02671	0.01498	0.76724	0.10420	0.00440	0.00486	0.00602	0.00255	0.00270
21	0.00913	0.03636	0.10024	0.10009	0.10681	0.00891	0.17463	0.03987	0.12621	0.03009	0.03151	0.17020	0.01242	0.02799	0.00504	0.00150	0.00481	0.00581	0.00293	0.00547
22	0.01157	0.02231	0.07575	0.01282	0.14746	0.05684	0.06939	0.15337	0.34662	0.01741	0.02158	0.01267	0.00958	0.00499	0.00444	0.00136	0.01767	0.00423	0.00340	0.00653
23	0.01170	0.01005	0.01023	0.00894	0.01149	0.04567	0.00701	0.14833	0.65493	0.01893	0.01573	0.01462	0.01175	0.00561	0.00430	0.00140	0.00376	0.00457	0.00423	0.00674
24	0.88052	0.00823	0.00625	0.00560	0.00823	0.00955	0.00461	0.01251	0.00724	0.01909	0.00592	0.00691	0.00461	0.00395	0.00263	0.00132	0.00329	0.00230	0.00263	0.00461
25	0.00942	0.01779	0.48730	0.01392	0.01921	0.04203	0.28651	0.01405	0.04348	0.01359	0.00834	0.01008	0.00608	0.00397	0.00438	0.00137	0.00652	0.00384	0.00204	0.00607
26	0.00506	0.00428	0.00437	0.00442	0.00578	0.00359	0.00329	0.00614	0.00967	0.01159	0.05972	0.08310	0.76278	0.01086	0.00505	0.00145	0.00217	0.00911	0.00397	0.00359
27	0.01144	0.00949	0.01006	0.00879	0.01131	0.01085	0.00690	0.16468	0.64894	0.01923	0.01621	0.03862	0.01238	0.00587	0.00435	0.00142	0.00358	0.00484	0.00431	0.00673
28	0.00882	0.00756	0.00882	0.00630	0.01008	0.00567	0.00504	0.01071	0.00882	0.01387	0.00756	0.00882	0.00630	0.00315	0.00315	0.00063	0.00315	0.00252	0.00252	0.87647
29	0.00963	0.17092	0.62856	0.01109	0.01665	0.04399	0.01365	0.01368	0.00913	0.03486	0.00753	0.00869	0.00555	0.00402	0.00380	0.00126	0.00596	0.00300	0.00191	0.00611
30	0.00853	0.02201	0.82841	0.01213	0.01842	0.00988	0.01572	0.01348	0.00898	0.01348	0.00764	0.00898	0.00539	0.00404	0.00404	0.00135	0.00629	0.00314	0.00180	0.00629
31	0.00619	0.00413	0.00464	0.00464	0.00464	0.00413	0.00258	0.00619	0.00619	0.00825	0.01341	0.02785	0.01547	0.85046	0.02166	0.00413	0.00413	0.00619	0.00258	0.00258
32	0.00623	0.00480	0.00616	0.02450	0.00730	0.00455	0.01707	0.00870	0.05620	0.01605	0.62598	0.03152	0.15748	0.00867	0.00496	0.00136	0.00227	0.00760	0.00445	0.00414
33	0.00969	0.01154	0.19449	0.02804	0.20128	0.00855	0.20501	0.01260	0.00964	0.09066	0.01318	0.12268	0.06190	0.00565	0.00459	0.00140	0.00519	0.00542	0.00271	0.00578
34	0.01902	0.00736	0.00995	0.00763	0.01092	0.00643	0.00630	0.04114	0.01238	0.80618	0.01662	0.01437	0.01045	0.00526	0.00428	0.00132	0.00365	0.00427	0.00524	0.00724
35	0.88052	0.00823	0.00625	0.00560	0.00823	0.00955	0.00461	0.01251	0.00724	0.01909	0.00592	0.00691	0.00461	0.00395	0.00263	0.00132	0.00329	0.00230	0.00263	0.00461
36	0.01132	0.79449	0.06259	0.00760	0.01134	0.03294	0.00772	0.01286	0.00873	0.01019	0.00602	0.00695	0.00546	0.00368	0.00282	0.00094	0.00470	0.00233	0.00183	0.00549
37	0.00620	0.00470	0.00695	0.00688	0.00758	0.00553	0.00533	0.00762	0.00680	0.00981	0.01129	0.01699	0.01069	0.07024	0.76635	0.00654	0.03984	0.00461	0.00228	0.00377
38	0.00521	0.00374	0.00495	0.00590	0.00620	0.00349	0.00397	0.00598	0.00823	0.01092	0.02412	0.80629	0.05558	0.01322	0.00542	0.00172	0.00248	0.02516	0.00395	0.00347
39	0.00723	0.00503	0.00640	0.00581	0.00710	0.00496	0.03788	0.01032	0.09381	0.01664	0.46568	0.02458	0.02728	0.00708	0.00434	0.00125	0.00236	0.00618	0.26171	0.00435
40	0.00856	0.02467	0.01010	0.00885	0.00960	0.04980	0.00714	0.06254	0.00791	0.01118	0.00911	0.03671	0.00868	0.03085	0.36921	0.00396	0.33012	0.00429	0.00229	0.00442
41	0.00864	0.00751	0.01211	0.07905	0.38693	0.00765	0.01010	0.01093	0.00965	0.01313	0.01469	0.02792	0.01487	0.00751	0.00499	0.00160	0.00458	0.36994	0.00293	0.00528
42	0.00619	0.00413	0.00464	0.00464	0.00464	0.00413	0.00258	0.00619	0.00619	0.00825	0.01341	0.02785	0.01547	0.85046	0.02166	0.00413	0.00413	0.00619	0.00258	0.00258
43	0.00882	0.00756	0.00882	0.00630	0.01008	0.00567	0.00504	0.01071	0.00882	0.01387	0.00756	0.00882	0.00630	0.00315	0.00315	0.00063	0.00315	0.00252	0.00252	0.87647
44	0.01033	0.00892	0.00938	0.00846	0.01083	0.01027	0.00658	0.02187	0.77989	0.01752	0.01848	0.01701	0.04945	0.00600	0.00436	0.00144	0.00331	0.00500	0.00431	0.00659
45	0.00739	0.00370	0.00554	0.00554	0.00554	0.00370	0.00370	0.00554	0.00554	0.00739	0.00739	0.01293	0.00739	0.01478	0.01663	0.87620	0.00370	0.00370	0.00185	0.00185
46	0.01112	0.01241	0.15417	0.05886	0.21176	0.01042	0.25891	0.13943	0.01130	0.05510	0.00897	0.01090	0.00673	0.00476	0.02474	0.00148	0.00598	0.00411	0.00256	0.00628
47	0.00739	0.00370	0.00554	0.00554	0.00554	0.00370	0.00370	0.00554	0.00554	0.00739	0.00739	0.01293	0.00739	0.01478	0.01663	0.87620	0.00370	0.00370	0.00185	0.00185
48	0.13113	0.01502	0.01128	0.00959	0.01222	0.39460	0.00749	0.29864	0.01407	0.02849	0.00813	0.00919	0.00636	0.03036	0.00437	0.00129	0.00586	0.00320	0.00304	0.00567
49	0.12258	0.07397	0.12498	0.04735	0.04198	0.04633	0.02828	0.21922	0.06566	0.01742	0.00880	0.02254	0.00687	0.00444	0.00387	0.00119	0.01480	0.00339	0.00290	0.14342
50	0.01353	0.04078	0.07323	0.02110	0.01132	0.03892	0.04568	0.04922	0.05481	0.35199	0.07169	0.01476	0.01160	0.00517	0.00406	0.00124	0.00390	0.01442	0.11820	0.05437

[dist]
# distance from previous block
# <min> <max>
3	10

[block]
# block no. 1 follows, 62 sequences, length 31
# corresponding to MSA columns:
# 140-170
name=unknown_B
#
# <colnr> <probs for GDERKNQSTAVLIFYWHMCP>
#	G	D	E	R	K	N	Q	S	T	A	V	L	I	F	Y	W	H	M	C	P
0	0.02367	0.00866	0.01136	0.04725	0.20395	0.02980	0.01946	0.22529	0.03319	0.02780	0.03607	0.24863	0.01394	0.00726	0.00502	0.00144	0.04198	0.00627	0.00337	0.00560
1	0.07225	0.00815	0.02440	0.10451	0.08711	0.02459	0.19466	0.03232	0.00894	0.02455	0.03743	0.03508	0.04051	0.05165	0.19079	0.00274	0.03185	0.00476	0.01887	0.00484
2	0.00906	0.00861	0.01462	0.50527	0.35624	0.00972	0.01233	0.01177	0.00899	0.01212	0.00774	0.01101	0.00611	0.00406	0.00424	0.00135	0.00542	0.00379	0.00198	0.00556
3	0.01181	0.56465	0.07723	0.00951	0.07392	0.03525	0.00840	0.13263	0.01053	0.01311	0.00723	0.02527	0.00629	0.00412	0.00325	0.00105	0.00477	0.00290	0.00226	0.00583
4	0.00618	0.00414	0.00471	0.00471	0.00473	0.00416	0.00266	0.00623	0.00621	0.00830	0.01334	0.02750	0.01532	0.82516	0.04675	0.00421	0.00435	0.00614	0.00257	0.00262
5	0.00518	0.00370	0.00494	0.00592	0.00617	0.00346	0.00395	0.00592	0.00815	0.01086	0.02345	0.84768	0.02814	0.01333	0.00543	0.00173	0.00247	0.01210	0.00395	0.00346
6	0.00882	0.00756	0.00882	0.00630	0.01008	0.00567	0.00504	0.01071	0.00882	0.01387	0.00756	0.00882	0.00630	0.00315	0.00315	0.00063	0.00315	0.00252	0.00252	0.87647
7	0.01154	0.06653	0.09644	0.03419	0.18486	0.03268	0.04099	0.04625	0.02689	0.14813	0.00961	0.02290	0.00740	0.00419	0.00402	0.00111	0.01732	0.00353	0.00284	0.23856
8	0.05914	0.51494	0.21631	0.00876	0.01283	0.10241	0.00929	0.01336	0.00902	0.01140	0.00641	0.00745	0.00540	0.00384	0.00316	0.00106	0.00524	0.00254	0.00190	0.00556
9	0.01036	0.01007	0.01653	0.11465	0.69481	0.03097	0.01270	0.01284	0.00954	0.01338	0.00786	0.01052	0.00656	0.00395	0.00446	0.00129	0.02724	0.00376	0.00208	0.00642
10	0.01004	0.01148	0.02511	0.01793	0.02224	0.01076	0.80846	0.01363	0.01004	0.01363	0.00861	0.01148	0.00646	0.00359	0.00502	0.00143	0.00717	0.00502	0.00215	0.00574
11	0.00616	0.00421	0.00506	0.00503	0.00522	0.00430	0.00311	0.00654	0.00674	0.00917	0.07492	0.02644	0.01662	0.66079	0.14466	0.00433	0.00508	0.00605	0.00269	0.00287
12	0.00518	0.00370	0.00494	0.00592	0.00617	0.00346	0.00395	0.00592	0.00815	0.01086	0.02345	0.84768	0.02814	0.01333	0.00543	0.00173	0.00247	0.01210	0.00395	0.00346
13	0.00582	0.00434	0.00540	0.00514	0.00623	0.00393	0.00385	0.00763	0.01156	0.01591	0.65992	0.03369	0.20262	0.00913	0.00502	0.00136	0.00204	0.00796	0.00453	0.00393
14	0.01038	0.00876	0.00928	0.00830	0.01064	0.00994	0.00650	0.08310	0.64992	0.01785	0.03506	0.01862	0.08064	0.00634	0.00443	0.00144	0.00336	0.02474	0.00429	0.00639
15	0.00871	0.00825	0.01399	0.61941	0.24484	0.00963	0.01215	0.01146	0.00883	0.01169	0.00768	0.01112	0.00596	0.00413	0.00424	0.00138	0.00550	0.00378	0.00195	0.00527
16	0.00976	0.00950	0.01488	0.04263	0.40968	0.01124	0.01107	0.01152	0.00817	0.01207	0.00731	0.03267	0.00676	0.00572	0.00867	0.00155	0.38511	0.00399	0.00204	0.00565
17	0.00602	0.00435	0.00569	0.00535	0.00636	0.00401	0.00401	0.00803	0.01204	0.01706	0.82167	0.03178	0.04015	0.00870	0.00502	0.00134	0.00201	0.00770	0.00468	0.00401
18	0.00921	0.00755	0.00884	0.00641	0.01004	0.00587	0.00513	0.03799	0.00944	0.03552	0.04597	0.01009	0.00803	0.00353	0.00331	0.00070	0.00316	0.00285	0.00275	0.78362
19	0.01276	0.00869	0.00922	0.00748	0.00989	0.00944	0.00604	0.48534	0.01549	0.02225	0.01194	0.03349	0.00916	0.00526	0.00380	0.00118	0.00360	0.00409	0.33498	0.00590
20	0.06759	0.05278	0.01035	0.03823	0.04665	0.11469	0.00709	0.06715	0.02105	0.07185	0.01000	0.03315	0.00878	0.01479	0.29587	0.00329	0.11170	0.01744	0.00265	0.00488
21	0.00869	0.00934	0.10510	0.06300	0.09886	0.00783	0.20230	0.02321	0.05461	0.04636	0.19220	0.05635	0.07873	0.00625	0.00474	0.00141	0.00455	0.02800	0.00319	0.00528
22	0.00804	0.00756	0.01276	0.84023	0.02931	0.00945	0.01182	0.01087	0.00851	0.01087	0.00756	0.01134	0.00567	0.00425	0.00425	0.00142	0.00567	0.00378	0.00189	0.00473
23	0.01738	0.00685	0.00931	0.00728	0.01026	0.00598	0.00596	0.01907	0.01200	0.71862	0.09260	0.01619	0.01334	0.00613	0.02144	0.00143	0.00360	0.00460	0.02116	0.00681
24	0.02424	0.03406	0.19002	0.01117	0.03470	0.11532	0.12415	0.15635	0.01210	0.16503	0.03749	0.01137	0.00822	0.00542	0.02985	0.00145	0.00565	0.00386	0.00312	0.02644
25	0.02988	0.20735	0.07554	0.01095	0.02613	0.10722	0.17907	0.07075	0.14197	0.07547	0.02887	0.01100	0.00822	0.00444	0.00400	0.00124	0.00527	0.00380	0.00286	0.00595
26	0.00728	0.02784	0.00676	0.00621	0.00715	0.00539	0.00458	0.04910	0.00826	0.04612	0.04202	0.15391	0.03512	0.20444	0.31353	0.00402	0.00635	0.01961	0.02796	0.02436
27	0.02540	0.02370	0.12711	0.00723	0.00912	0.00630	0.00634	0.03137	0.12280	0.03302	0.18683	0.27839	0.03599	0.05185	0.00566	0.00163	0.00333	0.03553	0.00374	0.00467
28	0.22643	0.05906	0.11879	0.00836	0.01148	0.13203	0.00751	0.08051	0.12686	0.04824	0.04513	0.01059	0.00836	0.00502	0.01572	0.00132	0.01610	0.00335	0.00296	0.07219
29	0.11004	0.08196	0.08422	0.00673	0.00890	0.06984	0.00589	0.01064	0.03244	0.03596	0.24087	0.04742	0.12351	0.04441	0.00503	0.00144	0.00354	0.04328	0.01675	0.02712
30	0.08104	0.24765	0.12502	0.03229	0.09791	0.03464	0.03097	0.06875	0.07835	0.04925	0.02470	0.05140	0.00856	0.00609	0.04474	0.00150	0.00499	0.00379	0.00265	0.00571

[dist]
# distance from previous block
# <min> <max>
2	28

[block]
# block no. 2 follows, 62 sequences, length 16
# corresponding to MSA columns:
# 199-214
name=unknown_C
#
# <colnr> <probs for GDERKNQSTAVLIFYWHMCP>
#	G	D	E	R	K	N	Q	S	T	A	V	L	I	F	Y	W	H	M	C	P
0	0.06886	0.26126	0.28304	0.00982	0.05999	0.03567	0.00974	0.01302	0.06637	0.01288	0.02828	0.03887	0.02709	0.02915	0.00420	0.00130	0.00484	0.01827	0.00234	0.02503
1	0.11852	0.04285	0.25244	0.03308	0.04693	0.00922	0.00935	0.05295	0.06433	0.10255	0.03844	0.03242	0.04464	0.01849	0.00506	0.00141	0.07099	0.01869	0.00291	0.03472
2	0.11526	0.24070	0.28592	0.00867	0.01257	0.03006	0.00929	0.07057	0.02412	0.02453	0.07037	0.02638	0.03050	0.02917	0.00417	0.00130	0.00472	0.00364	0.00252	0.00552
3	0.10707	0.22728	0.14174	0.00820	0.01144	0.11055	0.00780	0.09644	0.01076	0.05367	0.10961	0.03850	0.03486	0.00519	0.00374	0.00119	0.00456	0.00391	0.00287	0.02062
4	0.10958	0.23177	0.36746	0.00940	0.01380	0.04024	0.01052	0.02711	0.03524	0.05332	0.02725	0.01069	0.00739	0.00448	0.00365	0.00125	0.00511	0.03362	0.00235	0.00577
5	0.03178	0.33026	0.27027	0.00888	0.01284	0.03611	0.00948	0.05821	0.04070	0.04150	0.00999	0.04825	0.03831	0.00594	0.03918	0.00143	0.00519	0.00362	0.00240	0.00566
6	0.50229	0.10442	0.13928	0.00787	0.04130	0.02899	0.00717	0.01261	0.00796	0.03473	0.00698	0.00835	0.00555	0.00621	0.06966	0.00171	0.00473	0.00273	0.00241	0.00505
7	0.00767	0.00451	0.00676	0.00643	0.00687	0.00459	0.03478	0.04577	0.00682	0.00916	0.00931	0.06077	0.00934	0.01514	0.08324	0.64925	0.00446	0.03034	0.00220	0.00258
8	0.03630	0.03428	0.02084	0.00670	0.00846	0.00676	0.00537	0.06043	0.18666	0.04107	0.29933	0.07229	0.12313	0.00811	0.00473	0.00143	0.00291	0.07209	0.00420	0.00491
9	0.04892	0.00859	0.07467	0.02383	0.15644	0.03350	0.00748	0.05022	0.06434	0.07733	0.14653	0.11264	0.08653	0.00680	0.00444	0.00134	0.00373	0.02546	0.00346	0.06375
10	0.03605	0.01190	0.21684	0.05237	0.01387	0.00934	0.04839	0.17233	0.15704	0.05333	0.01478	0.08160	0.07088	0.00615	0.00442	0.00142	0.00454	0.03546	0.00336	0.00593
11	0.17189	0.04993	0.08459	0.06342	0.07983	0.03757	0.03889	0.10850	0.04326	0.03885	0.03983	0.01372	0.06827	0.01948	0.01503	0.00146	0.07084	0.01840	0.00286	0.03341
12	0.06261	0.00997	0.05701	0.04696	0.09628	0.07379	0.09783	0.08197	0.08597	0.05805	0.09948	0.03027	0.05484	0.01661	0.00466	0.00133	0.01768	0.01805	0.00316	0.08350
13	0.01030	0.04603	0.12524	0.03081	0.04593	0.04672	0.06989	0.11852	0.18728	0.03588	0.08934	0.05620	0.05983	0.00591	0.00464	0.00135	0.02810	0.00497	0.00334	0.02972
14	0.05465	0.06934	0.06313	0.05625	0.09361	0.05590	0.02168	0.08363	0.17890	0.05001	0.02769	0.02324	0.02896	0.01949	0.01814	0.01577	0.06267	0.00403	0.00302	0.06989
15	0.07889	0.05985	0.04413	0.04839	0.08346	0.10758	0.05349	0.16436	0.06813	0.05228	0.08545	0.04042	0.03111	0.00577	0.01736	0.00137	0.01995	0.00434	0.00318	0.03049

[dist]
# distance from previous block
# <min> <max>
5	75

[block]
# block no. 3 follows, 62 sequences, length 9
# corresponding to MSA columns:
# 297-305
name=unknown_D
#
# <colnr> <probs for GDERKNQSTAVLIFYWHMCP>
#	G	D	E	R	K	N	Q	S	T	A	V	L	I	F	Y	W	H	M	C	P
0	0.02085	0.04609	0.11479	0.01998	0.01076	0.04850	0.05087	0.07666	0.04550	0.04652	0.07839	0.13173	0.21817	0.00766	0.00503	0.00140	0.04517	0.00638	0.00336	0.02218
1	0.02320	0.10268	0.22883	0.01014	0.01370	0.09796	0.09199	0.03210	0.00989	0.11258	0.03429	0.04621	0.05144	0.00528	0.00494	0.00131	0.07694	0.00417	0.00270	0.04967
2	0.01034	0.66643	0.08314	0.00726	0.01068	0.01444	0.00731	0.01186	0.00854	0.01024	0.00901	0.01083	0.05817	0.07125	0.00448	0.00123	0.00450	0.00308	0.00201	0.00518
3	0.00521	0.00417	0.00466	0.00484	0.00594	0.00362	0.00352	0.00634	0.00966	0.01214	0.14963	0.23197	0.52118	0.01109	0.00512	0.00149	0.00221	0.00954	0.00406	0.00362
4	0.01117	0.62332	0.12364	0.00861	0.01238	0.01500	0.04367	0.01307	0.00878	0.04626	0.00671	0.00779	0.00572	0.00399	0.00373	0.00106	0.05482	0.00268	0.00198	0.00561
5	0.00967	0.33064	0.34126	0.00880	0.01308	0.01124	0.00996	0.01242	0.00912	0.06077	0.01272	0.03932	0.11419	0.00515	0.00374	0.00121	0.00481	0.00394	0.00237	0.00559
6	0.03148	0.00478	0.00602	0.00632	0.00729	0.00463	0.00487	0.03834	0.00987	0.04114	0.15690	0.28370	0.10675	0.05385	0.00611	0.00178	0.00299	0.22520	0.00401	0.00395
7	0.00730	0.19439	0.08054	0.00681	0.00866	0.00764	0.00609	0.00875	0.00869	0.01108	0.02073	0.20145	0.18646	0.07573	0.00630	0.00168	0.03547	0.12490	0.00310	0.00422
8	0.04006	0.31016	0.32266	0.02865	0.06204	0.01210	0.08743	0.01328	0.00906	0.04831	0.00783	0.02654	0.00628	0.00410	0.00368	0.00120	0.00538	0.00328	0.00209	0.00586

[dist]
# distance from previous block
# <min> <max>
9	41

[block]
# block no. 4 follows, 62 sequences, length 63
# corresponding to MSA columns:
# 350-412
name=unknown_E
#
# <colnr> <probs for GDERKNQSTAVLIFYWHMCP>
#	G	D	E	R	K	N	Q	S	T	A	V	L	I	F	Y	W	H	M	C	P
0	0.04400	0.03882	0.01032	0.00923	0.07467	0.09104	0.02069	0.10771	0.04843	0.07028	0.03497	0.08555	0.09193	0.00669	0.01937	0.00135	0.04774	0.03408	0.00324	0.15988
1	0.08303	0.10920	0.02555	0.05331	0.05785	0.08901	0.01898	0.14279	0.11101	0.06269	0.11510	0.03614	0.02266	0.00546	0.00403	0.00126	0.00425	0.01451	0.00335	0.03982
2	0.07220	0.10342	0.06573	0.04130	0.01288	0.23657	0.04858	0.03170	0.07586	0.01307	0.00850	0.01001	0.01629	0.00484	0.01863	0.00122	0.03743	0.01241	0.00246	0.18690
3	0.03754	0.04055	0.04025	0.02082	0.05639	0.10408	0.02759	0.34944	0.05668	0.08525	0.01044	0.04099	0.00807	0.00495	0.00405	0.00122	0.00471	0.00388	0.01364	0.08947
4	0.07248	0.16701	0.04166	0.02357	0.11463	0.16022	0.07039	0.08547	0.08423	0.01407	0.00886	0.02732	0.00744	0.00539	0.02910	0.00138	0.02320	0.01545	0.00258	0.04556
5	0.00836	0.05501	0.06084	0.10889	0.18075	0.02477	0.00836	0.01175	0.12520	0.01299	0.06146	0.25280	0.01583	0.00746	0.00482	0.00146	0.02500	0.02603	0.00309	0.00515
6	0.00804	0.00756	0.01276	0.84023	0.02931	0.00945	0.01182	0.01087	0.00851	0.01087	0.00756	0.01134	0.00567	0.00425	0.00425	0.00142	0.00567	0.00378	0.00189	0.00473
7	0.00955	0.00787	0.01041	0.08916	0.13449	0.03314	0.00770	0.13189	0.07857	0.03022	0.01073	0.01447	0.00928	0.08023	0.29539	0.00348	0.04121	0.00431	0.00275	0.00514
8	0.00608	0.00455	0.00677	0.00677	0.00751	0.00528	0.00524	0.00756	0.00682	0.00983	0.01146	0.01705	0.01078	0.05624	0.80946	0.00676	0.01118	0.00461	0.00229	0.00376
9	0.01195	0.74676	0.02099	0.00775	0.01121	0.12103	0.00740	0.01328	0.00908	0.01006	0.00600	0.00693	0.00546	0.00374	0.00287	0.00093	0.00495	0.00233	0.00187	0.00539
10	0.00526	0.00376	0.00501	0.00596	0.00625	0.00351	0.00403	0.00607	0.00832	0.01112	0.04993	0.79877	0.02844	0.01313	0.00543	0.00172	0.00249	0.03332	0.00397	0.00349
11	0.00616	0.00466	0.00689	0.00684	0.00754	0.00545	0.00529	0.00760	0.00680	0.00981	0.01135	0.01707	0.01074	0.07082	0.77389	0.00658	0.03184	0.00462	0.00228	0.00376
12	0.00507	0.00431	0.00436	0.00435	0.00577	0.00361	0.00326	0.00618	0.00979	0.01170	0.07220	0.04061	0.79297	0.01070	0.00503	0.00143	0.00215	0.00893	0.00398	0.00361
13	0.04598	0.00896	0.00993	0.00850	0.01110	0.00995	0.00675	0.09036	0.52221	0.18691	0.01577	0.01454	0.01142	0.00559	0.00456	0.00141	0.03046	0.00448	0.00437	0.00674
14	0.00608	0.00456	0.00684	0.00684	0.00760	0.00532	0.00532	0.00760	0.00684	0.00988	0.01140	0.01672	0.01064	0.03191	0.83360	0.00684	0.01140	0.00456	0.00228	0.00380
15	0.01575	0.01160	0.01247	0.00964	0.01293	0.01282	0.00793	0.77883	0.01955	0.02620	0.01072	0.04241	0.00804	0.00542	0.00430	0.00129	0.00460	0.00415	0.00424	0.00709
16	0.01057	0.00905	0.00957	0.00861	0.01098	0.01045	0.00669	0.04166	0.77354	0.01783	0.01732	0.03935	0.01328	0.00597	0.00436	0.00145	0.00337	0.00499	0.00432	0.00665
17	0.01590	0.01159	0.01247	0.00964	0.01298	0.01280	0.00794	0.73255	0.07222	0.05189	0.01089	0.01073	0.00772	0.00516	0.00426	0.00129	0.00456	0.00391	0.00429	0.00720
18	0.00608	0.00456	0.00684	0.00684	0.00760	0.00532	0.00532	0.00760	0.00684	0.00988	0.01140	0.01672	0.01064	0.03191	0.83360	0.00684	0.01140	0.00456	0.00228	0.00380
19	0.00818	0.00771	0.01302	0.79367	0.07476	0.00949	0.01189	0.01100	0.00858	0.01104	0.00759	0.01130	0.00573	0.00423	0.00425	0.00141	0.00564	0.00378	0.00190	0.00484
20	0.00610	0.00443	0.00576	0.00541	0.00644	0.00413	0.00406	0.00829	0.02620	0.01708	0.80751	0.03150	0.03967	0.00865	0.00501	0.00134	0.00203	0.00764	0.00468	0.00406
21	0.00882	0.00756	0.00882	0.00630	0.01008	0.00567	0.00504	0.01071	0.00882	0.01387	0.00756	0.00882	0.00630	0.00315	0.00315	0.00063	0.00315	0.00252	0.00252	0.87647
22	0.01045	0.01003	0.01713	0.05224	0.79842	0.01009	0.01302	0.01299	0.00965	0.01380	0.00799	0.01056	0.00671	0.00381	0.00421	0.00127	0.00507	0.00379	0.00210	0.00668
23	0.00642	0.00464	0.00628	0.00711	0.00800	0.00453	0.00594	0.00809	0.00954	0.01242	0.05474	0.16502	0.08622	0.03159	0.00609	0.00191	0.00350	0.57024	0.00392	0.00380
24	0.00608	0.00456	0.00684	0.00684	0.00760	0.00532	0.00532	0.00760	0.00684	0.00988	0.01140	0.01672	0.01064	0.03191	0.83360	0.00684	0.01140	0.00456	0.00228	0.00380
25	0.00519	0.00383	0.00486	0.00568	0.00615	0.00350	0.00388	0.00601	0.00844	0.01100	0.02678	0.69621	0.16335	0.01287	0.00537	0.00168	0.00244	0.02532	0.00395	0.00349
26	0.00734	0.00528	0.00646	0.00584	0.00715	0.00516	0.00447	0.11029	0.01276	0.01793	0.64094	0.04910	0.05957	0.00827	0.00485	0.00133	0.00236	0.00720	0.03928	0.00440
27	0.88052	0.00823	0.00625	0.00560	0.00823	0.00955	0.00461	0.01251	0.00724	0.01909	0.00592	0.00691	0.00461	0.00395	0.00263	0.00132	0.00329	0.00230	0.00263	0.00461
28	0.00618	0.00417	0.00487	0.00487	0.00494	0.00425	0.00286	0.00633	0.00625	0.00842	0.01320	0.02670	0.01497	0.76659	0.10485	0.00440	0.00487	0.00602	0.00255	0.00270
29	0.01411	0.32112	0.01593	0.00951	0.01239	0.42122	0.01887	0.08564	0.03162	0.02325	0.00710	0.00794	0.00590	0.00421	0.00351	0.00106	0.00611	0.00277	0.00234	0.00542
30	0.14006	0.08209	0.01175	0.00859	0.01164	0.13452	0.00707	0.31271	0.01397	0.20428	0.01022	0.01018	0.00727	0.00529	0.02078	0.00135	0.00482	0.00343	0.00370	0.00630
31	0.04674	0.25087	0.12161	0.01007	0.01344	0.34910	0.05421	0.04620	0.01072	0.05015	0.00724	0.00821	0.00579	0.00414	0.00361	0.00112	0.00612	0.00289	0.00228	0.00549
32	0.84879	0.00853	0.00648	0.00577	0.00841	0.02587	0.00474	0.02612	0.00755	0.01905	0.00601	0.00698	0.00467	0.00398	0.00268	0.00131	0.00340	0.00234	0.00265	0.00466
33	0.02937	0.00738	0.00828	0.00715	0.00931	0.00767	0.01740	0.17289	0.20311	0.08231	0.12832	0.06506	0.22888	0.00761	0.00461	0.00140	0.00316	0.00636	0.00425	0.00546
34	0.00882	0.00756	0.00882	0.00630	0.01008	0.00567	0.00504	0.01071	0.00882	0.01387	0.00756	0.00882	0.00630	0.00315	0.00315	0.00063	0.00315	0.00252	0.00252	0.87647
35	0.00518	0.00370	0.00494	0.00592	0.00617	0.00346	0.00395	0.00592	0.00815	0.01086	0.02345	0.84768	0.02814	0.01333	0.00543	0.00173	0.00247	0.01210	0.00395	0.00346
36	0.01035	0.00856	0.00967	0.00880	0.03117	0.02369	0.02768	0.17714	0.36481	0.01740	0.01695	0.20708	0.03471	0.00729	0.00455	0.00144	0.00361	0.00627	0.00401	0.03482
37	0.00970	0.00754	0.00891	0.00641	0.01015	0.00572	0.00515	0.01157	0.00911	0.08329	0.00835	0.00931	0.00666	0.00333	0.00325	0.00069	0.00319	0.00267	0.00276	0.80225
38	0.02776	0.23579	0.18853	0.01397	0.16284	0.07861	0.15338	0.01331	0.00936	0.01246	0.00725	0.00900	0.00588	0.00389	0.00409	0.00120	0.02809	0.00331	0.00200	0.03932
39	0.00963	0.01452	0.28446	0.01538	0.02016	0.01011	0.50346	0.01351	0.00969	0.03507	0.00900	0.03852	0.00694	0.00410	0.00470	0.00141	0.00664	0.00463	0.00218	0.00588
40	0.00693	0.00498	0.00691	0.00785	0.00886	0.00501	0.00685	0.00908	0.02509	0.01283	0.02243	0.04739	0.02427	0.01164	0.00585	0.00195	0.00391	0.78029	0.00393	0.00397
41	0.00656	0.00428	0.00507	0.00503	0.00523	0.00433	0.00307	0.00681	0.00652	0.03177	0.01354	0.02687	0.01508	0.72126	0.10303	0.00426	0.00484	0.02691	0.00266	0.00287
42	0.00880	0.04272	0.70471	0.01274	0.01870	0.01018	0.11646	0.01348	0.00911	0.01340	0.00771	0.00924	0.00553	0.00397	0.00413	0.00135	0.00636	0.00336	0.00184	0.00620
43	0.01138	0.85302	0.02230	0.00728	0.01092	0.01684	0.00728	0.01274	0.00865	0.01001	0.00592	0.00683	0.00546	0.00364	0.00273	0.00091	0.00455	0.00228	0.00182	0.00546
44	0.00503	0.00431	0.00431	0.00431	0.00575	0.00359	0.00323	0.00611	0.00970	0.01149	0.04310	0.04095	0.82219	0.01078	0.00503	0.00144	0.00216	0.00898	0.00395	0.00359
45	0.01496	0.02422	0.01063	0.00850	0.01133	0.08845	0.00687	0.28043	0.10910	0.26993	0.03303	0.04258	0.05016	0.00593	0.00434	0.00133	0.00421	0.02324	0.00431	0.00647
46	0.18698	0.00879	0.00965	0.00768	0.02632	0.00860	0.00611	0.22493	0.01207	0.15987	0.00978	0.02156	0.00726	0.00435	0.00359	0.00109	0.00369	0.00329	0.00349	0.29089
47	0.01112	0.77815	0.09493	0.00772	0.01160	0.01621	0.00804	0.01281	0.00868	0.01032	0.00607	0.00702	0.00545	0.00368	0.00285	0.00095	0.00471	0.00235	0.00182	0.00554
48	0.00620	0.00474	0.00708	0.00700	0.00774	0.00562	0.00547	0.00770	0.00683	0.00989	0.01117	0.01643	0.01044	0.03097	0.80209	0.00665	0.04335	0.00453	0.00226	0.00383
49	0.00876	0.00830	0.01407	0.60432	0.25956	0.00964	0.01218	0.01151	0.00885	0.01175	0.00769	0.01111	0.00598	0.00412	0.00424	0.00137	0.00549	0.00378	0.00195	0.00531
50	0.01225	0.32434	0.03694	0.00964	0.04092	0.03260	0.04398	0.13471	0.16513	0.07148	0.00973	0.01023	0.00762	0.00474	0.00457	0.00123	0.07738	0.00347	0.00294	0.00609
51	0.01047	0.01005	0.01716	0.04604	0.80448	0.01009	0.01303	0.01301	0.00966	0.01383	0.00799	0.01055	0.00671	0.00380	0.00421	0.00127	0.00507	0.00379	0.00210	0.00669
52	0.01058	0.00914	0.00962	0.00866	0.01106	0.01058	0.00673	0.02261	0.81623	0.01780	0.01732	0.01588	0.01299	0.00577	0.00433	0.00144	0.00337	0.00481	0.00433	0.00673
53	0.01554	0.00646	0.00874	0.00697	0.00964	0.00565	0.00565	0.01729	0.01214	0.60694	0.23537	0.01918	0.01858	0.00620	0.00448	0.00132	0.00318	0.00521	0.00511	0.00637
54	0.01058	0.00914	0.00962	0.00866	0.01106	0.01058	0.00673	0.02261	0.81623	0.01780	0.01732	0.01588	0.01299	0.00577	0.00433	0.00144	0.00337	0.00481	0.00433	0.00673
55	0.00503	0.00431	0.00431	0.00431	0.00575	0.00359	0.00323	0.00611	0.00970	0.01149	0.04310	0.04095	0.82219	0.01078	0.00503	0.00144	0.00216	0.00898	0.00395	0.00359
56	0.00853	0.02201	0.82841	0.01213	0.01842	0.00988	0.01572	0.01348	0.00898	0.01348	0.00764	0.00898	0.00539	0.00404	0.00404	0.00135	0.00629	0.00314	0.00180	0.00629
57	0.01148	0.01126	0.01466	0.06162	0.47069	0.14354	0.02177	0.01464	0.08803	0.04480	0.00896	0.01067	0.00719	0.00411	0.00410	0.00122	0.00518	0.00366	0.00248	0.06994
58	0.00945	0.00479	0.00645	0.00643	0.00761	0.00432	0.00466	0.01047	0.00938	0.26142	0.02141	0.59185	0.02274	0.01085	0.00508	0.00160	0.00282	0.00970	0.00435	0.00462
59	0.00882	0.00756	0.00882	0.00630	0.01008	0.00567	0.00504	0.01071	0.00882	0.01387	0.00756	0.00882	0.00630	0.00315	0.00315	0.00063	0.00315	0.00252	0.00252	0.87647
60	0.00632	0.00434	0.00509	0.00509	0.00537	0.00433	0.00322	0.00706	0.02713	0.01010	0.13011	0.02969	0.01965	0.64377	0.01762	0.00349	0.00379	0.06783	0.00303	0.00299
61	0.02129	0.00591	0.02665	0.00702	0.00834	0.00565	0.02447	0.08869	0.00953	0.11991	0.01708	0.33013	0.01784	0.12299	0.13357	0.00271	0.00470	0.04549	0.00361	0.00443
62	0.01080	0.06659	0.09079	0.04346	0.26726	0.09890	0.01008	0.08112	0.04189	0.02420	0.00908	0.02129	0.01909	0.03738	0.04727	0.00172	0.11708	0.00386	0.00242	0.00574

[dist]
# distance from previous block
# <min> <max>
0	1

[block]
# block no. 5 follows, 62 sequences, length 33
# corresponding to MSA columns:
# 414-446
name=unknown_F
#
# <colnr> <probs for GDERKNQSTAVLIFYWHMCP>
#	G	D	E	R	K	N	Q	S	T	A	V	L	I	F	Y	W	H	M	C	P
0	0.01393	0.15982	0.01399	0.01037	0.04098	0.35050	0.00813	0.15306	0.04585	0.03684	0.00780	0.00882	0.00632	0.00475	0.00487	0.00120	0.09901	0.00312	0.00263	0.02801
1	0.00884	0.00738	0.00850	0.00765	0.00957	0.02933	0.04163	0.01533	0.38379	0.04126	0.19106	0.06708	0.12792	0.00752	0.00470	0.00144	0.00318	0.03424	0.00419	0.00539
2	0.00971	0.00807	0.00880	0.00790	0.01016	0.00884	0.00616	0.03130	0.56268	0.02898	0.07011	0.05816	0.04701	0.00654	0.00442	0.00140	0.00322	0.04050	0.00416	0.08188
3	0.01453	0.00990	0.01101	0.00882	0.01169	0.01067	0.00721	0.55221	0.03934	0.11372	0.03632	0.07206	0.01121	0.00617	0.00441	0.00135	0.00417	0.04666	0.03196	0.00659
4	0.00590	0.00434	0.00552	0.00523	0.00628	0.00396	0.00392	0.00780	0.01176	0.01639	0.72750	0.03289	0.13475	0.00895	0.00502	0.00135	0.00203	0.00785	0.00460	0.00396
5	0.01618	0.01192	0.01277	0.00979	0.01320	0.01320	0.00809	0.80973	0.02001	0.02682	0.01022	0.01022	0.00724	0.00511	0.00426	0.00128	0.00468	0.00383	0.00426	0.00724
6	0.00503	0.00431	0.00431	0.00431	0.00575	0.00359	0.00323	0.00611	0.00970	0.01149	0.04310	0.04095	0.82219	0.01078	0.00503	0.00144	0.00216	0.00898	0.00395	0.00359
7	0.00931	0.00931	0.01303	0.01117	0.01117	0.01303	0.00931	0.01024	0.00652	0.01024	0.00559	0.00931	0.00559	0.00745	0.01396	0.00186	0.84267	0.00372	0.00186	0.00465
8	0.00882	0.00756	0.00882	0.00630	0.01008	0.00567	0.00504	0.01071	0.00882	0.01387	0.00756	0.00882	0.00630	0.00315	0.00315	0.00063	0.00315	0.00252	0.00252	0.87647
9	0.00793	0.00397	0.00397	0.00397	0.00496	0.00397	0.00297	0.00991	0.00892	0.01586	0.01388	0.01586	0.01091	0.00496	0.00297	0.00099	0.00198	0.00397	0.87408	0.00397
10	0.00994	0.00950	0.01619	0.22049	0.63421	0.00995	0.01276	0.01254	0.00941	0.01318	0.00790	0.01073	0.00649	0.00390	0.00422	0.00130	0.00520	0.00379	0.00205	0.00626
11	0.00931	0.00931	0.01303	0.01117	0.01117	0.01303	0.00931	0.01024	0.00652	0.01024	0.00559	0.00931	0.00559	0.00745	0.01396	0.00186	0.84267	0.00372	0.00186	0.00465
12	0.01800	0.00823	0.01040	0.00804	0.01127	0.00779	0.00661	0.20428	0.01389	0.61636	0.01545	0.03794	0.01028	0.00547	0.00431	0.00132	0.00383	0.00440	0.00499	0.00713
13	0.05571	0.01531	0.01157	0.01015	0.02727	0.43174	0.00776	0.22929	0.07394	0.05428	0.03663	0.01012	0.00791	0.00484	0.00400	0.00120	0.00592	0.00343	0.00315	0.00578
14	0.00599	0.00435	0.00565	0.00532	0.00634	0.00400	0.00399	0.00797	0.01197	0.01689	0.79757	0.03207	0.06436	0.00876	0.00502	0.00134	0.00201	0.00773	0.00466	0.00400
15	0.00686	0.00490	0.00686	0.00784	0.00882	0.00490	0.00686	0.00882	0.00980	0.01273	0.02253	0.04800	0.02449	0.01175	0.00588	0.00196	0.00392	0.79528	0.00392	0.00392
16	0.00962	0.00918	0.01562	0.32341	0.53375	0.00987	0.01261	0.01226	0.00926	0.01279	0.00784	0.01083	0.00635	0.00396	0.00423	0.00132	0.00528	0.00379	0.00203	0.00600
17	0.00664	0.00473	0.00594	0.00566	0.00687	0.00444	0.00436	0.00902	0.05282	0.04362	0.58269	0.03294	0.14157	0.00896	0.00503	0.00141	0.00231	0.07226	0.00452	0.00420
18	0.00530	0.00375	0.00490	0.00578	0.00600	0.00353	0.00379	0.00595	0.00792	0.01056	0.02231	0.75407	0.02670	0.10892	0.00728	0.00200	0.00266	0.01142	0.00379	0.00336
19	0.00625	0.00449	0.00611	0.00703	0.00778	0.00438	0.00572	0.00775	0.00922	0.01202	0.02359	0.29213	0.06223	0.02836	0.00601	0.00191	0.00340	0.50400	0.00390	0.00374
20	0.07291	0.16895	0.23695	0.02974	0.18504	0.06934	0.02412	0.09304	0.01045	0.06002	0.00799	0.00919	0.00613	0.00410	0.00378	0.00122	0.00529	0.00321	0.00240	0.00612
21	0.00940	0.00908	0.01466	0.27926	0.34591	0.01072	0.01162	0.01158	0.00843	0.01192	0.00719	0.01045	0.00608	0.00496	0.00695	0.00148	0.23905	0.00377	0.00197	0.00552
22	0.01281	0.00684	0.00934	0.00797	0.03854	0.00634	0.04433	0.07269	0.03553	0.36791	0.24341	0.02145	0.10075	0.00666	0.00460	0.00134	0.00331	0.00571	0.00461	0.00586
23	0.00995	0.00929	0.10936	0.32239	0.18112	0.00837	0.01049	0.02369	0.00962	0.13294	0.03429	0.08090	0.03855	0.00539	0.00437	0.00139	0.00482	0.00475	0.00277	0.00556
24	0.01141	0.03590	0.10241	0.02470	0.04519	0.03045	0.07484	0.07527	0.04822	0.21771	0.07217	0.12213	0.09524	0.00669	0.00467	0.00139	0.01644	0.00576	0.00372	0.00569
25	0.04244	0.00816	0.01093	0.08364	0.19661	0.03105	0.00789	0.12381	0.01209	0.18100	0.21408	0.01740	0.04095	0.00578	0.00440	0.00131	0.00393	0.00495	0.00375	0.00583
26	0.01173	0.00887	0.01328	0.16559	0.32176	0.05417	0.03747	0.01390	0.01018	0.19756	0.06166	0.03755	0.01032	0.03147	0.00488	0.00141	0.00476	0.00445	0.00302	0.00596
27	0.01067	0.02529	0.09923	0.06886	0.19260	0.03557	0.18592	0.09609	0.04596	0.04728	0.01052	0.04361	0.03329	0.00489	0.00499	0.00136	0.05680	0.00445	0.00264	0.02996
28	0.01035	0.05944	0.05077	0.37908	0.12408	0.10198	0.02087	0.01353	0.07458	0.06683	0.00937	0.04056	0.00748	0.00472	0.00432	0.00134	0.01886	0.00397	0.00244	0.00542
29	0.00987	0.03626	0.16987	0.18941	0.18407	0.03223	0.08593	0.03780	0.02341	0.05616	0.01029	0.04355	0.03611	0.00465	0.00422	0.00130	0.00524	0.00417	0.00244	0.06301
30	0.01016	0.04795	0.04439	0.29142	0.13679	0.08032	0.14606	0.03580	0.06211	0.03695	0.04641	0.02517	0.00853	0.00455	0.00433	0.00134	0.00552	0.00421	0.00247	0.00552
31	0.02885	0.06787	0.22089	0.03818	0.09678	0.03021	0.03209	0.10415	0.04969	0.06275	0.03640	0.09805	0.03481	0.00572	0.00469	0.00135	0.04648	0.00468	0.00288	0.03348
32	0.02946	0.03856	0.22571	0.05091	0.12222	0.03780	0.08640	0.08904	0.05421	0.09700	0.03258	0.03681	0.03216	0.01575	0.00444	0.00135	0.00506	0.00422	0.00286	0.03345

[dist]
# distance from previous block
# <min> <max>
9	58

[block]
# block no. 6 follows, 62 sequences, length 32
# corresponding to MSA columns:
# 513-544
name=unknown_G
#
# <colnr> <probs for GDERKNQSTAVLIFYWHMCP>
#	G	D	E	R	K	N	Q	S	T	A	V	L	I	F	Y	W	H	M	C	P
0	0.14721	0.26164	0.20151	0.00882	0.01267	0.06862	0.03398	0.04126	0.02657	0.10409	0.01957	0.00926	0.00672	0.00467	0.01819	0.00128	0.00499	0.00305	0.00256	0.02334
1	0.09335	0.23269	0.24920	0.00956	0.02474	0.06187	0.02676	0.13261	0.02464	0.05215	0.00884	0.02579	0.01946	0.00446	0.00366	0.00121	0.00504	0.00331	0.00257	0.01809
2	0.49471	0.00873	0.04037	0.00671	0.00942	0.00914	0.00567	0.08888	0.10662	0.08203	0.06948	0.01211	0.04068	0.00500	0.00344	0.00134	0.00344	0.00359	0.00336	0.00530
3	0.00522	0.00412	0.00471	0.00499	0.00597	0.00361	0.00358	0.00632	0.00952	0.01208	0.14814	0.30598	0.44802	0.01132	0.00516	0.00152	0.00224	0.00982	0.00406	0.00361
4	0.00819	0.00769	0.01279	0.76010	0.06685	0.00930	0.01155	0.01097	0.00858	0.01116	0.00758	0.01118	0.00575	0.00418	0.00420	0.00137	0.00552	0.00372	0.00193	0.04739
5	0.00686	0.00453	0.00596	0.00550	0.00665	0.00416	0.00416	0.00884	0.01205	0.06902	0.77003	0.03067	0.03825	0.00848	0.00497	0.00134	0.00211	0.00748	0.00472	0.00422
6	0.01147	0.78733	0.02138	0.00746	0.01099	0.04054	0.00728	0.01335	0.04817	0.01040	0.00649	0.00729	0.00583	0.00377	0.00284	0.00094	0.00458	0.00241	0.00195	0.00551
7	0.00971	0.01076	0.02273	0.01655	0.02023	0.01044	0.68671	0.01284	0.00960	0.01312	0.00908	0.04063	0.00745	0.00460	0.00601	0.01989	0.07360	0.01835	0.00221	0.00546
8	0.00608	0.00456	0.00684	0.00684	0.00760	0.00532	0.00532	0.00760	0.00684	0.00988	0.01140	0.01672	0.01064	0.03191	0.83360	0.00684	0.01140	0.00456	0.00228	0.00380
9	0.00533	0.00382	0.00510	0.00606	0.00640	0.00359	0.00420	0.00619	0.00833	0.01104	0.02377	0.75905	0.04394	0.01314	0.00546	0.00174	0.00259	0.08279	0.00395	0.00350
10	0.00563	0.00433	0.00515	0.00494	0.00612	0.00385	0.00371	0.00727	0.01112	0.01487	0.51498	0.03539	0.34822	0.00952	0.00502	0.00138	0.00207	0.00820	0.00440	0.00385
11	0.00553	0.00434	0.00503	0.00489	0.00608	0.00387	0.00366	0.00701	0.01051	0.01376	0.37657	0.03560	0.43238	0.02464	0.04575	0.00170	0.00257	0.00816	0.00416	0.00377
12	0.00619	0.00413	0.00464	0.00464	0.00464	0.00413	0.00258	0.00619	0.00619	0.00825	0.01341	0.02785	0.01547	0.85046	0.02166	0.00413	0.00413	0.00619	0.00258	0.00258
13	0.00518	0.00370	0.00494	0.00592	0.00617	0.00346	0.00395	0.00592	0.00815	0.01086	0.02345	0.84768	0.02814	0.01333	0.00543	0.00173	0.00247	0.01210	0.00395	0.00346
14	0.01053	0.01011	0.01727	0.02612	0.82392	0.01011	0.01306	0.01306	0.00969	0.01390	0.00800	0.01053	0.00674	0.00379	0.00421	0.00126	0.00505	0.00379	0.00211	0.00674
15	0.00619	0.00413	0.00464	0.00464	0.00464	0.00413	0.00258	0.00619	0.00619	0.00825	0.01341	0.02785	0.01547	0.85046	0.02166	0.00413	0.00413	0.00619	0.00258	0.00258
16	0.00513	0.00433	0.00444	0.00446	0.00587	0.00365	0.00338	0.00627	0.00980	0.01175	0.07349	0.04080	0.76636	0.01072	0.00505	0.00145	0.00220	0.03324	0.00398	0.00362
17	0.01582	0.00925	0.01073	0.00858	0.01166	0.00966	0.00697	0.27250	0.23627	0.34912	0.01484	0.01351	0.01016	0.00536	0.00429	0.00134	0.00389	0.00428	0.00469	0.00710
18	0.04421	0.01140	0.01211	0.00949	0.01273	0.01271	0.00778	0.67233	0.13168	0.02529	0.01107	0.01090	0.00796	0.00516	0.00421	0.00130	0.00445	0.00392	0.00421	0.00708
19	0.00601	0.00432	0.00549	0.00522	0.00609	0.00402	0.00379	0.00771	0.01114	0.01564	0.68191	0.03154	0.06275	0.12728	0.00736	0.00173	0.00231	0.00753	0.00436	0.00380
20	0.00935	0.00805	0.00846	0.00770	0.00988	0.00902	0.00596	0.01893	0.63419	0.01652	0.04304	0.02130	0.17570	0.00685	0.00449	0.00144	0.00309	0.00572	0.00426	0.00604
21	0.00906	0.00792	0.01001	0.00909	0.12467	0.00630	0.00617	0.01104	0.00895	0.01387	0.00762	0.00906	0.00636	0.00324	0.00330	0.00072	0.00342	0.00270	0.00246	0.75402
22	0.70693	0.00875	0.00731	0.00635	0.00906	0.01007	0.00520	0.11019	0.07253	0.01993	0.00734	0.00802	0.00559	0.00423	0.00296	0.00132	0.00347	0.00269	0.00296	0.00510
23	0.00580	0.00513	0.00614	0.00738	0.12094	0.00451	0.00462	0.00709	0.00970	0.01183	0.03816	0.03667	0.70738	0.00979	0.00491	0.00141	0.00256	0.00825	0.00369	0.00404
24	0.02332	0.01838	0.62437	0.01155	0.01671	0.02333	0.07273	0.01247	0.00897	0.01316	0.00989	0.12719	0.00866	0.00532	0.00428	0.00140	0.00579	0.00452	0.00215	0.00580
25	0.00860	0.00798	0.01085	0.00962	0.01017	0.01056	0.00785	0.01125	0.12061	0.01120	0.00884	0.01227	0.00802	0.01395	0.23828	0.00317	0.49563	0.00411	0.00232	0.00471
26	0.01102	0.73399	0.02040	0.00714	0.01080	0.01526	0.00697	0.01246	0.00867	0.01055	0.00615	0.00711	0.00558	0.00357	0.00279	0.00087	0.00435	0.00231	0.00192	0.12809
27	0.00683	0.00759	0.12246	0.00749	0.00900	0.03900	0.00658	0.00864	0.00727	0.01022	0.01091	0.01657	0.01026	0.12275	0.58846	0.00552	0.00968	0.00448	0.00224	0.00405
28	0.01051	0.00947	0.01180	0.00997	0.01264	0.01061	0.11961	0.02135	0.70273	0.01721	0.01609	0.01526	0.01207	0.00547	0.00443	0.00144	0.00390	0.00484	0.00402	0.00659
29	0.00738	0.00591	0.00948	0.00927	0.01075	0.00584	0.11971	0.00977	0.02609	0.01296	0.02046	0.04221	0.02172	0.01048	0.00573	0.00187	0.00437	0.66808	0.00368	0.00423
30	0.05255	0.31359	0.32639	0.12644	0.01632	0.01234	0.01100	0.04142	0.02548	0.02778	0.00739	0.00873	0.00573	0.00402	0.00356	0.00120	0.00527	0.00296	0.00206	0.00575
