[name]
unknown

[dist]
# distance from previous block
# <min> <max>
2	43

[block]
# block no. 0 follows, 66 sequences, length 9
# corresponding to MSA columns:
# 64-72
name=unknown_A
#
# <colnr> <probs for GDERKNQSTAVLIFYWHMCP>
#	G	D	E	R	K	N	Q	S	T	A	V	L	I	F	Y	W	H	M	C	P
0	0.06294	0.02409	0.03162	0.00725	0.03298	0.02549	0.02431	0.03365	0.09282	0.09431	0.18503	0.15712	0.09805	0.01944	0.01896	0.00145	0.03806	0.00618	0.00358	0.04266
1	0.04328	0.10386	0.04458	0.06723	0.01114	0.03721	0.02874	0.11730	0.10042	0.05107	0.13053	0.08317	0.01355	0.02566	0.02304	0.00139	0.02253	0.00468	0.02057	0.07004
2	0.07860	0.06022	0.05669	0.04146	0.01064	0.07021	0.03369	0.11118	0.02897	0.14635	0.05605	0.09853	0.04159	0.08353	0.00572	0.00152	0.02064	0.02570	0.00326	0.02546
3	0.09483	0.02313	0.02824	0.02590	0.05311	0.19815	0.01732	0.07860	0.03511	0.10340	0.03359	0.06264	0.04353	0.00533	0.00427	0.00119	0.04546	0.02265	0.01595	0.10760
4	0.05459	0.02764	0.05520	0.04677	0.04663	0.14147	0.06403	0.19366	0.07912	0.06758	0.01016	0.06287	0.00849	0.04550	0.02371	0.00149	0.03363	0.00410	0.00298	0.03036
5	0.00743	0.00478	0.00587	0.00554	0.00667	0.00457	0.00406	0.04732	0.02951	0.10323	0.25711	0.16805	0.14630	0.13398	0.05530	0.00204	0.00314	0.00726	0.00385	0.00401
6	0.17402	0.10499	0.06314	0.00937	0.05027	0.06630	0.06250	0.18979	0.09343	0.07187	0.02847	0.03508	0.00801	0.00467	0.00386	0.00123	0.02069	0.00363	0.00303	0.00565
7	0.03031	0.00537	0.00631	0.03125	0.00770	0.00524	0.00447	0.09155	0.04164	0.05784	0.31212	0.11221	0.22736	0.02712	0.00493	0.00138	0.00259	0.00706	0.00398	0.01956
8	0.13123	0.08170	0.07117	0.02642	0.06321	0.06527	0.12119	0.08528	0.00945	0.03028	0.02587	0.01101	0.00738	0.03186	0.05825	0.00159	0.04029	0.02070	0.00244	0.11540

[dist]
# distance from previous block
# <min> <max>
0	1

[block]
# block no. 1 follows, 66 sequences, length 7
# corresponding to MSA columns:
# 74-80
name=unknown_B
#
# <colnr> <probs for GDERKNQSTAVLIFYWHMCP>
#	G	D	E	R	K	N	Q	S	T	A	V	L	I	F	Y	W	H	M	C	P
0	0.00850	0.00611	0.00852	0.06312	0.03941	0.00612	0.05349	0.10948	0.04000	0.08759	0.07870	0.37774	0.01905	0.00864	0.00469	0.00145	0.00336	0.04999	0.00365	0.03039
1	0.02619	0.06549	0.08565	0.04080	0.05481	0.00739	0.05704	0.01182	0.07809	0.12711	0.17084	0.13691	0.01655	0.03508	0.02459	0.00155	0.04625	0.00560	0.00330	0.00495
2	0.05464	0.00777	0.01121	0.25669	0.06550	0.00813	0.04864	0.08886	0.05028	0.27180	0.03043	0.03299	0.00872	0.00470	0.00403	0.00127	0.00427	0.00403	0.00333	0.04271
3	0.01030	0.03325	0.04427	0.00787	0.01021	0.15683	0.04726	0.09888	0.08046	0.08280	0.08053	0.10870	0.14118	0.00649	0.00420	0.00123	0.00404	0.00540	0.00335	0.07275
4	0.04690	0.00376	0.00535	0.00536	0.00552	0.00384	0.00364	0.00569	0.00552	0.00781	0.00783	0.04946	0.00794	0.01430	0.05182	0.76370	0.00378	0.00385	0.00190	0.00203
5	0.04454	0.01124	0.04375	0.03443	0.08419	0.13167	0.07538	0.24141	0.10040	0.03436	0.00968	0.04158	0.00781	0.02427	0.00465	0.00128	0.03251	0.00387	0.00300	0.06998
6	0.01011	0.03700	0.07632	0.05586	0.12075	0.08165	0.04169	0.06589	0.06237	0.10498	0.05621	0.03749	0.15293	0.00563	0.00410	0.00121	0.00413	0.00475	0.00309	0.07384

[dist]
# distance from previous block
# <min> <max>
0	1

[block]
# block no. 2 follows, 66 sequences, length 6
# corresponding to MSA columns:
# 82-87
name=unknown_C
#
# <colnr> <probs for GDERKNQSTAVLIFYWHMCP>
#	G	D	E	R	K	N	Q	S	T	A	V	L	I	F	Y	W	H	M	C	P
0	0.00788	0.00548	0.00661	0.00619	0.00765	0.00535	0.00470	0.07039	0.10682	0.08117	0.22652	0.25289	0.09592	0.00866	0.00464	0.00138	0.00267	0.04482	0.00403	0.05623
1	0.07192	0.08634	0.01060	0.02604	0.04887	0.04234	0.03802	0.11861	0.04500	0.04803	0.11692	0.01263	0.02741	0.00453	0.00360	0.00102	0.00363	0.00368	0.02418	0.26663
2	0.05570	0.00591	0.00800	0.07627	0.10182	0.00668	0.00575	0.02959	0.00702	0.01021	0.01026	0.04546	0.01071	0.36338	0.11277	0.02817	0.11148	0.00483	0.00230	0.00370
3	0.00729	0.00590	0.04425	0.00764	0.04649	0.00527	0.04113	0.03228	0.02671	0.07492	0.09228	0.42165	0.06172	0.02941	0.03354	0.00170	0.03035	0.00815	0.00351	0.02579
4	0.12651	0.00537	0.00636	0.00598	0.00737	0.00529	0.02481	0.04627	0.03418	0.06269	0.16396	0.31292	0.09153	0.04218	0.00507	0.00149	0.00275	0.00742	0.00366	0.04420
5	0.07458	0.11731	0.04323	0.10680	0.04598	0.18779	0.07029	0.06650	0.00970	0.01236	0.03429	0.06574	0.07244	0.00537	0.00459	0.00125	0.07034	0.00418	0.00244	0.00481

[dist]
# distance from previous block
# <min> <max>
0	10

[block]
# block no. 3 follows, 66 sequences, length 16
# corresponding to MSA columns:
# 106-121
name=unknown_D
#
# <colnr> <probs for GDERKNQSTAVLIFYWHMCP>
#	G	D	E	R	K	N	Q	S	T	A	V	L	I	F	Y	W	H	M	C	P
0	0.03124	0.07887	0.07513	0.02217	0.02784	0.06915	0.04030	0.50079	0.05412	0.02038	0.02330	0.00984	0.00719	0.00464	0.00404	0.00121	0.01660	0.00354	0.00336	0.00628
1	0.04534	0.03402	0.05906	0.00612	0.00747	0.00501	0.00494	0.02754	0.00874	0.07533	0.08221	0.38847	0.12519	0.01124	0.06304	0.02011	0.00340	0.02526	0.00352	0.00400
2	0.00611	0.00426	0.00598	0.02949	0.00717	0.00455	0.00453	0.00724	0.00723	0.04180	0.04508	0.22524	0.03364	0.12875	0.42482	0.00433	0.00691	0.00649	0.00282	0.00355
3	0.07944	0.00854	0.09016	0.00811	0.01031	0.06128	0.10166	0.05071	0.04389	0.06837	0.08802	0.14300	0.08470	0.05210	0.08955	0.00200	0.00472	0.00573	0.00310	0.00460
4	0.08350	0.05675	0.08462	0.02061	0.02698	0.02973	0.10118	0.13787	0.06933	0.01537	0.00859	0.03287	0.00693	0.00402	0.00358	0.00103	0.00420	0.00336	0.00267	0.30681
5	0.00849	0.00505	0.00636	0.00619	0.00737	0.00490	0.00453	0.03633	0.09998	0.16210	0.07132	0.41112	0.06693	0.00995	0.00567	0.07464	0.00277	0.00804	0.00392	0.00433
6	0.00616	0.00427	0.00570	0.00578	0.00662	0.00430	0.00428	0.00756	0.02344	0.05459	0.12856	0.25562	0.12343	0.04369	0.30287	0.00334	0.00541	0.00734	0.00333	0.00372
7	0.08285	0.06417	0.06967	0.04885	0.05086	0.03077	0.00668	0.11931	0.04201	0.07373	0.01017	0.08315	0.00900	0.07559	0.02776	0.00148	0.00411	0.00403	0.00286	0.19295
8	0.01975	0.00846	0.06447	0.03580	0.13598	0.04384	0.02488	0.06279	0.05614	0.18336	0.07654	0.09717	0.07465	0.02723	0.02296	0.00151	0.03944	0.01633	0.00338	0.00535
9	0.00522	0.00398	0.00479	0.00508	0.00592	0.00363	0.00370	0.00632	0.00893	0.01156	0.16589	0.27898	0.32906	0.05235	0.03743	0.00179	0.00266	0.06550	0.00376	0.00344
10	0.00903	0.00602	0.00702	0.00646	0.00798	0.00621	0.00486	0.04907	0.23024	0.13316	0.07764	0.13471	0.09515	0.14500	0.03943	0.00201	0.00341	0.03398	0.00384	0.00478
11	0.49175	0.04718	0.04735	0.02970	0.02327	0.09718	0.09310	0.03686	0.03063	0.01578	0.00718	0.03104	0.00584	0.00412	0.00317	0.00124	0.00423	0.00301	0.02259	0.00477
12	0.02971	0.04740	0.00674	0.02368	0.00733	0.00485	0.02629	0.00828	0.00896	0.09417	0.17292	0.30198	0.14914	0.09239	0.00622	0.00166	0.00280	0.00792	0.00367	0.00390
13	0.08354	0.19076	0.24586	0.00872	0.01242	0.05682	0.00889	0.17479	0.05235	0.02619	0.02209	0.02528	0.02462	0.00517	0.02644	0.00131	0.00485	0.00333	0.00260	0.02398
14	0.00896	0.32447	0.21383	0.00803	0.01114	0.02664	0.00819	0.03646	0.03582	0.01138	0.03502	0.08245	0.03392	0.05879	0.02786	0.00149	0.05288	0.00402	0.00227	0.01637
15	0.09220	0.18221	0.22041	0.00878	0.01232	0.07661	0.03408	0.14218	0.02007	0.04738	0.00930	0.03444	0.03152	0.01882	0.03917	0.00144	0.00506	0.00346	0.00253	0.01804

[dist]
# distance from previous block
# <min> <max>
7	62

[block]
# block no. 4 follows, 66 sequences, length 19
# corresponding to MSA columns:
# 188-206
name=unknown_E
#
# <colnr> <probs for GDERKNQSTAVLIFYWHMCP>
#	G	D	E	R	K	N	Q	S	T	A	V	L	I	F	Y	W	H	M	C	P
0	0.03193	0.16981	0.08869	0.04608	0.09728	0.15440	0.06934	0.07095	0.01970	0.09459	0.00861	0.01052	0.00690	0.00562	0.04776	0.00144	0.01528	0.02707	0.00249	0.03156
1	0.03018	0.02163	0.04592	0.02201	0.00799	0.00555	0.00524	0.05589	0.02319	0.04995	0.04897	0.37440	0.02744	0.08487	0.11119	0.00235	0.03261	0.04333	0.00329	0.00400
2	0.09318	0.08580	0.03204	0.00765	0.03356	0.03760	0.02585	0.04072	0.02474	0.15845	0.18771	0.09775	0.03103	0.00741	0.03455	0.01893	0.06968	0.00511	0.00339	0.00486
3	0.07578	0.10431	0.04447	0.02505	0.08115	0.30455	0.02074	0.06142	0.01747	0.01209	0.00907	0.06197	0.02445	0.00720	0.07858	0.00164	0.02149	0.01899	0.00237	0.02720
4	0.01041	0.03447	0.05353	0.08299	0.28800	0.07984	0.00918	0.06523	0.02861	0.04960	0.00823	0.02758	0.00676	0.00413	0.00420	0.00111	0.04530	0.00341	0.00240	0.19501
5	0.00911	0.33288	0.09452	0.01735	0.06584	0.05300	0.00742	0.02573	0.04530	0.01097	0.01905	0.05591	0.08817	0.02827	0.08722	0.00174	0.04628	0.00404	0.00231	0.00487
6	0.00796	0.00730	0.08794	0.03321	0.02424	0.02690	0.00652	0.02593	0.02355	0.07773	0.06809	0.13480	0.04335	0.08515	0.14856	0.02571	0.10314	0.06272	0.00293	0.00426
7	0.03201	0.00851	0.01012	0.00797	0.01094	0.00865	0.00652	0.29104	0.10061	0.42311	0.01371	0.02645	0.00940	0.00575	0.02468	0.00139	0.00393	0.00408	0.00446	0.00666
8	0.03714	0.07374	0.01086	0.00790	0.03162	0.03290	0.03049	0.11647	0.08300	0.19690	0.01015	0.01026	0.00747	0.00403	0.00353	0.00098	0.00370	0.00321	0.00327	0.33238
9	0.00621	0.00509	0.00769	0.31590	0.01420	0.00568	0.00671	0.00790	0.02031	0.01058	0.03897	0.39602	0.01776	0.05051	0.03095	0.00180	0.00389	0.05307	0.00296	0.00380
10	0.00535	0.00395	0.00472	0.00493	0.00560	0.00364	0.00343	0.00630	0.00862	0.01134	0.20301	0.24740	0.23498	0.19664	0.00841	0.00200	0.00258	0.04018	0.00363	0.00328
11	0.00931	0.03304	0.15986	0.01012	0.03781	0.03921	0.16969	0.05278	0.00972	0.05912	0.07028	0.02885	0.06709	0.00522	0.02070	0.00125	0.02197	0.00421	0.00265	0.19713
12	0.01065	0.00670	0.02841	0.00780	0.04668	0.00636	0.00585	0.13538	0.04523	0.22478	0.01800	0.30227	0.06809	0.00832	0.00498	0.02188	0.01895	0.03062	0.00393	0.00512
13	0.00738	0.00658	0.00936	0.02389	0.00920	0.00839	0.02349	0.00870	0.02757	0.01005	0.03031	0.09072	0.01074	0.07124	0.22257	0.01708	0.38727	0.02916	0.00230	0.00399
14	0.02291	0.03057	0.00693	0.00623	0.00725	0.00567	0.00483	0.02422	0.02073	0.06574	0.01187	0.01646	0.02541	0.10622	0.51750	0.00472	0.02874	0.00438	0.08569	0.00393
15	0.01161	0.15566	0.10592	0.01207	0.09071	0.07779	0.19150	0.08714	0.01022	0.12489	0.00886	0.02229	0.00689	0.01400	0.02510	0.00138	0.04201	0.00371	0.00257	0.00568
16	0.00702	0.00617	0.03580	0.00742	0.00825	0.00662	0.01948	0.03671	0.08372	0.01111	0.01428	0.29655	0.01524	0.06989	0.15361	0.03766	0.15690	0.02666	0.00291	0.00400
17	0.00709	0.00726	0.10120	0.00749	0.00888	0.02300	0.00650	0.05827	0.00763	0.01078	0.01036	0.01575	0.00968	0.09242	0.52799	0.00481	0.06857	0.02596	0.00227	0.00408
18	0.00950	0.03955	0.08060	0.02075	0.04619	0.09131	0.04196	0.04926	0.05395	0.02314	0.04812	0.02614	0.03326	0.00424	0.00376	0.00096	0.01969	0.00344	0.00260	0.40159

[dist]
# distance from previous block
# <min> <max>
5	32

[block]
# block no. 5 follows, 66 sequences, length 7
# corresponding to MSA columns:
# 240-246
name=unknown_F
#
# <colnr> <probs for GDERKNQSTAVLIFYWHMCP>
#	G	D	E	R	K	N	Q	S	T	A	V	L	I	F	Y	W	H	M	C	P
0	0.09518	0.13719	0.12354	0.02530	0.07091	0.02411	0.07815	0.12374	0.02218	0.05248	0.08178	0.02778	0.00947	0.00552	0.03473	0.00137	0.02045	0.00374	0.00271	0.05968
1	0.01378	0.01116	0.01015	0.00854	0.01102	0.21563	0.00671	0.26211	0.10336	0.16582	0.03275	0.09675	0.01046	0.00563	0.00408	0.00123	0.00453	0.00444	0.00369	0.02815
2	0.00669	0.00384	0.00547	0.02952	0.00608	0.00399	0.00378	0.00605	0.00595	0.00822	0.03249	0.01564	0.00968	0.14594	0.13381	0.53252	0.00458	0.00413	0.03925	0.00236
3	0.00614	0.04150	0.04418	0.00543	0.00628	0.00454	0.00405	0.00708	0.00801	0.02972	0.14795	0.25784	0.08255	0.30439	0.01028	0.00231	0.00313	0.02794	0.00327	0.00340
4	0.00717	0.00643	0.05585	0.02170	0.10594	0.00563	0.02616	0.05296	0.00931	0.02640	0.15159	0.21474	0.09754	0.03205	0.07747	0.03190	0.00392	0.02495	0.00322	0.04505
5	0.00646	0.06103	0.00790	0.00675	0.00769	0.00558	0.06000	0.03706	0.00774	0.01044	0.01512	0.32608	0.01665	0.14814	0.23888	0.00327	0.00551	0.02910	0.00288	0.00367
6	0.20196	0.05730	0.04868	0.00909	0.01156	0.54571	0.00730	0.01509	0.01022	0.04946	0.00660	0.00747	0.00526	0.00408	0.00339	0.00110	0.00604	0.00259	0.00228	0.00482

[dist]
# distance from previous block
# <min> <max>
0	2

[block]
# block no. 6 follows, 66 sequences, length 19
# corresponding to MSA columns:
# 249-267
name=unknown_G
#
# <colnr> <probs for GDERKNQSTAVLIFYWHMCP>
#	G	D	E	R	K	N	Q	S	T	A	V	L	I	F	Y	W	H	M	C	P
0	0.24501	0.23175	0.07338	0.00886	0.06150	0.20357	0.00734	0.03152	0.00904	0.03521	0.00647	0.00748	0.00527	0.00386	0.00327	0.00109	0.01856	0.00255	0.00221	0.04208
1	0.00935	0.03270	0.16355	0.04898	0.41904	0.03144	0.10131	0.01213	0.00912	0.02375	0.04856	0.01117	0.00792	0.00560	0.05655	0.00157	0.00555	0.00381	0.00212	0.00580
2	0.00752	0.00629	0.00843	0.11087	0.11167	0.02959	0.01918	0.01847	0.04552	0.04224	0.16899	0.08102	0.18039	0.08833	0.01908	0.00168	0.04708	0.00613	0.00318	0.00432
3	0.00652	0.00494	0.00683	0.00659	0.00742	0.00569	0.00507	0.05334	0.02696	0.01042	0.01170	0.01692	0.03059	0.10410	0.65208	0.00559	0.03454	0.00454	0.00238	0.00379
4	0.00874	0.02138	0.03745	0.01994	0.03220	0.03127	0.01360	0.08260	0.08496	0.01534	0.03324	0.03092	0.01056	0.00590	0.02968	0.01669	0.00312	0.00401	0.51388	0.00450
5	0.03564	0.12575	0.08689	0.01172	0.14108	0.14831	0.00892	0.30468	0.03054	0.01672	0.00818	0.00948	0.00646	0.00444	0.00404	0.00118	0.03034	0.01690	0.00278	0.00595
6	0.01136	0.03232	0.05766	0.00780	0.02387	0.00749	0.03291	0.13746	0.04253	0.16504	0.04104	0.01076	0.00830	0.00404	0.00359	0.00095	0.00364	0.00330	0.00321	0.40272
7	0.04016	0.55016	0.10985	0.00779	0.01127	0.05861	0.00772	0.06361	0.04906	0.03449	0.00739	0.03050	0.00635	0.00404	0.00307	0.00102	0.00452	0.00280	0.00219	0.00540
8	0.01154	0.62113	0.07393	0.00792	0.03396	0.03424	0.00750	0.03708	0.00905	0.09971	0.00746	0.02739	0.00631	0.00394	0.00302	0.00098	0.00440	0.00275	0.00222	0.00547
9	0.00700	0.00471	0.00585	0.00570	0.00680	0.00449	0.00420	0.05149	0.04404	0.07560	0.33122	0.31257	0.11162	0.00948	0.00480	0.00141	0.00239	0.00836	0.00416	0.00410
10	0.00588	0.00401	0.00479	0.00479	0.00492	0.00413	0.00291	0.00613	0.00601	0.00814	0.01245	0.02470	0.01395	0.71358	0.16339	0.00438	0.00514	0.00563	0.00241	0.00266
11	0.01297	0.00584	0.00818	0.00699	0.00912	0.00555	0.00569	0.01452	0.00965	0.48316	0.01461	0.01695	0.01108	0.01441	0.29838	0.00315	0.00608	0.06423	0.00392	0.00551
12	0.00502	0.00359	0.00472	0.00559	0.00587	0.00336	0.00375	0.00574	0.00776	0.01030	0.02240	0.77183	0.04863	0.05322	0.00592	0.00176	0.00246	0.03110	0.00370	0.00327
13	0.00932	0.01026	0.07411	0.08911	0.43928	0.00940	0.22994	0.01213	0.00919	0.01282	0.00912	0.01223	0.02978	0.00405	0.00429	0.00129	0.00538	0.03039	0.00209	0.00581
14	0.01117	0.00927	0.00950	0.00821	0.01053	0.04500	0.00643	0.24463	0.45601	0.01818	0.01537	0.06059	0.04522	0.03524	0.00474	0.00142	0.00367	0.00483	0.00393	0.00605
15	0.13149	0.26585	0.01339	0.00900	0.09843	0.02635	0.01825	0.10466	0.04514	0.12637	0.06913	0.01121	0.02672	0.00448	0.00344	0.00111	0.00389	0.00343	0.00296	0.03470
16	0.05969	0.25952	0.11330	0.02971	0.16892	0.08769	0.00892	0.11639	0.05686	0.01370	0.00818	0.04508	0.00695	0.00433	0.00353	0.00114	0.00472	0.00335	0.00238	0.00563
17	0.03817	0.00739	0.03683	0.05471	0.09732	0.02484	0.02844	0.14805	0.04594	0.03393	0.03684	0.30846	0.01524	0.03535	0.06773	0.00187	0.00426	0.00663	0.00324	0.00477
18	0.06142	0.05826	0.04210	0.01063	0.11574	0.08681	0.02075	0.23699	0.11804	0.13581	0.02081	0.01166	0.03524	0.00482	0.00410	0.00123	0.02238	0.00377	0.00338	0.00608

[dist]
# distance from previous block
# <min> <max>
3	24

[block]
# block no. 7 follows, 66 sequences, length 8
# corresponding to MSA columns:
# 293-300
name=unknown_H
#
# <colnr> <probs for GDERKNQSTAVLIFYWHMCP>
#	G	D	E	R	K	N	Q	S	T	A	V	L	I	F	Y	W	H	M	C	P
0	0.04054	0.05971	0.04519	0.04283	0.00951	0.01865	0.05722	0.08544	0.04041	0.03391	0.03233	0.31564	0.05761	0.12465	0.00669	0.00176	0.00363	0.01684	0.00319	0.00425
1	0.00964	0.05185	0.04316	0.02450	0.04094	0.03033	0.01569	0.10212	0.04279	0.06920	0.04460	0.06662	0.03417	0.00671	0.06362	0.00140	0.00413	0.01336	0.00295	0.33222
2	0.12048	0.00904	0.10236	0.00832	0.07805	0.08649	0.00626	0.03062	0.04934	0.01167	0.01191	0.01747	0.06836	0.30980	0.02934	0.00235	0.04696	0.00450	0.00249	0.00417
3	0.00987	0.60745	0.20600	0.00797	0.01182	0.01376	0.00864	0.01196	0.00819	0.01029	0.00639	0.00765	0.00554	0.00549	0.06289	0.00137	0.00518	0.00251	0.00176	0.00527
4	0.05223	0.00654	0.00959	0.32056	0.08893	0.00723	0.00780	0.01007	0.03305	0.03019	0.17644	0.05402	0.04437	0.00669	0.03945	0.00151	0.03646	0.00482	0.00275	0.06730
5	0.00566	0.00502	0.04201	0.02920	0.00712	0.00412	0.00435	0.00739	0.01031	0.01399	0.47186	0.08019	0.26097	0.00866	0.00470	0.00131	0.00229	0.00750	0.00397	0.02940
6	0.00508	0.00406	0.00452	0.00466	0.00575	0.00355	0.00346	0.00621	0.00927	0.01160	0.14711	0.14677	0.54255	0.03499	0.00535	0.00150	0.00223	0.05408	0.00383	0.00345
7	0.75816	0.00811	0.00687	0.05657	0.00947	0.00940	0.00509	0.08117	0.00802	0.01836	0.00610	0.00712	0.00467	0.00388	0.00274	0.00126	0.00339	0.00241	0.00260	0.00462

[dist]
# distance from previous block
# <min> <max>
2	14

[block]
# block no. 8 follows, 66 sequences, length 11
# corresponding to MSA columns:
# 321-331
name=unknown_I
#
# <colnr> <probs for GDERKNQSTAVLIFYWHMCP>
#	G	D	E	R	K	N	Q	S	T	A	V	L	I	F	Y	W	H	M	C	P
0	0.17704	0.00751	0.03058	0.00784	0.05784	0.00694	0.00604	0.06899	0.01055	0.39827	0.06577	0.07215	0.01122	0.00530	0.00384	0.00124	0.00341	0.00429	0.00395	0.05723
1	0.00928	0.03179	0.00910	0.00651	0.00989	0.06566	0.00522	0.05798	0.00936	0.01372	0.03682	0.00915	0.00714	0.00340	0.00317	0.00070	0.00340	0.00266	0.00253	0.71252
2	0.00594	0.00447	0.00537	0.00546	0.00640	0.00428	0.00397	0.05429	0.03470	0.01260	0.18046	0.33357	0.24136	0.01147	0.04758	0.02914	0.00281	0.00864	0.00379	0.00371
3	0.00749	0.00442	0.00570	0.00550	0.00656	0.00411	0.00403	0.00869	0.00919	0.14534	0.21736	0.23837	0.12543	0.09520	0.08540	0.00213	0.00334	0.00755	0.02018	0.00398
4	0.00644	0.00560	0.03226	0.00635	0.02493	0.00498	0.04368	0.00887	0.07766	0.03719	0.27235	0.06620	0.35526	0.00882	0.01736	0.00143	0.01542	0.00726	0.00381	0.00415
5	0.00518	0.00372	0.00459	0.00514	0.00548	0.00348	0.00336	0.00580	0.00762	0.01002	0.04846	0.52195	0.12745	0.21779	0.00888	0.00216	0.00269	0.00965	0.00347	0.00313
6	0.00580	0.00432	0.00641	0.00641	0.00709	0.00501	0.00493	0.00717	0.00649	0.00933	0.01097	0.01651	0.01039	0.07519	0.79692	0.00638	0.01049	0.00443	0.00219	0.00356
7	0.74449	0.00792	0.00660	0.00576	0.00833	0.00901	0.00473	0.03812	0.04909	0.08440	0.00716	0.00771	0.00533	0.00399	0.00277	0.00126	0.00321	0.00252	0.00284	0.00478
8	0.01027	0.41466	0.01422	0.00687	0.00930	0.07418	0.03026	0.03240	0.03354	0.02719	0.02289	0.01012	0.00762	0.00425	0.00344	0.00100	0.04181	0.00303	0.24815	0.00483
9	0.00756	0.08220	0.00811	0.00595	0.00794	0.00589	0.00470	0.00895	0.00821	0.04738	0.08665	0.06723	0.08261	0.07570	0.18393	0.00238	0.01997	0.00468	0.00279	0.28715
10	0.05206	0.08097	0.15798	0.17074	0.04182	0.11265	0.00898	0.09923	0.05850	0.05913	0.07538	0.02932	0.02664	0.00484	0.00388	0.00124	0.00478	0.00385	0.00271	0.00531

[dist]
# distance from previous block
# <min> <max>
1	6

[block]
# block no. 9 follows, 66 sequences, length 15
# corresponding to MSA columns:
# 338-340,349-360
name=unknown_J
#
# <colnr> <probs for GDERKNQSTAVLIFYWHMCP>
#	G	D	E	R	K	N	Q	S	T	A	V	L	I	F	Y	W	H	M	C	P
0	0.03930	0.12041	0.18972	0.03116	0.03602	0.02099	0.04538	0.12462	0.03054	0.04242	0.03376	0.01894	0.00731	0.00409	0.00374	0.00106	0.01897	0.00323	0.00256	0.22579
1	0.05009	0.06467	0.14402	0.06729	0.09906	0.06261	0.04468	0.19412	0.07372	0.02568	0.04239	0.06024	0.01920	0.00571	0.02767	0.00140	0.00485	0.00413	0.00285	0.00562
2	0.00662	0.00460	0.00527	0.00513	0.00549	0.00482	0.00322	0.00815	0.12439	0.00916	0.01270	0.02315	0.01350	0.62416	0.04494	0.08964	0.00402	0.00543	0.00262	0.00300
3	0.00963	0.05882	0.19321	0.15095	0.19115	0.03852	0.05233	0.05522	0.00950	0.05998	0.02034	0.06401	0.02359	0.00462	0.00399	0.00123	0.00490	0.00403	0.00238	0.05159
4	0.06892	0.11353	0.15764	0.05447	0.05358	0.03465	0.09956	0.11542	0.03367	0.13290	0.04220	0.01058	0.00781	0.00429	0.00393	0.00120	0.01626	0.00354	0.00282	0.04302
5	0.00601	0.00410	0.00497	0.00520	0.00544	0.00412	0.00348	0.00649	0.00672	0.00892	0.01486	0.05380	0.01676	0.61704	0.05039	0.00353	0.00413	0.17847	0.00276	0.00281
6	0.00901	0.00915	0.00765	0.00716	0.00804	0.24735	0.00514	0.03621	0.00866	0.01007	0.03893	0.12109	0.07719	0.29237	0.01074	0.00221	0.09712	0.00556	0.00266	0.00369
7	0.00936	0.00862	0.04759	0.36036	0.07901	0.04202	0.00911	0.13679	0.03994	0.03632	0.02920	0.06318	0.04309	0.00641	0.03872	0.01615	0.02209	0.00439	0.00263	0.00502
8	0.01292	0.01488	0.01053	0.00943	0.01140	0.51927	0.00720	0.06567	0.12322	0.01227	0.04720	0.03419	0.03207	0.00516	0.00446	0.00117	0.05789	0.00364	0.00269	0.02474
9	0.00509	0.00365	0.00479	0.00564	0.00597	0.00342	0.00386	0.00586	0.00787	0.01040	0.02282	0.72323	0.06606	0.04926	0.00586	0.00175	0.00250	0.06497	0.00371	0.00330
10	0.00637	0.00458	0.00661	0.00683	0.02874	0.00506	0.00502	0.00766	0.00717	0.03881	0.04832	0.10978	0.01390	0.10045	0.53054	0.00488	0.03154	0.03740	0.00262	0.00370
11	0.05476	0.03129	0.10327	0.04443	0.01340	0.02237	0.15494	0.12423	0.05035	0.10354	0.02425	0.08386	0.03320	0.00557	0.00473	0.00133	0.05329	0.03847	0.00302	0.04971
12	0.00993	0.09584	0.36094	0.00904	0.01276	0.03692	0.00962	0.17708	0.01040	0.03980	0.00940	0.04524	0.00816	0.14969	0.00669	0.00169	0.00499	0.00390	0.00252	0.00538
13	0.01582	0.00682	0.00889	0.00698	0.00976	0.00618	0.00570	0.09018	0.01213	0.61950	0.11358	0.01604	0.03220	0.00551	0.00414	0.00125	0.00328	0.00453	0.03114	0.00636
14	0.02663	0.04631	0.06694	0.04297	0.16106	0.04063	0.18464	0.04020	0.07556	0.01306	0.03336	0.12138	0.08801	0.00599	0.00438	0.00134	0.00458	0.03507	0.00275	0.00514

[dist]
# distance from previous block
# <min> <max>
0	2

[block]
# block no. 10 follows, 66 sequences, length 15
# corresponding to MSA columns:
# 363-377
name=unknown_K
#
# <colnr> <probs for GDERKNQSTAVLIFYWHMCP>
#	G	D	E	R	K	N	Q	S	T	A	V	L	I	F	Y	W	H	M	C	P
0	0.03985	0.11450	0.04227	0.00890	0.01195	0.09307	0.08266	0.14139	0.12176	0.24161	0.01211	0.01191	0.03185	0.00525	0.02171	0.00132	0.00459	0.00381	0.00348	0.00600
1	0.70015	0.05340	0.02175	0.00718	0.04895	0.04020	0.03861	0.01232	0.00748	0.03108	0.00608	0.00712	0.00475	0.00377	0.00277	0.00123	0.00364	0.00243	0.00244	0.00466
2	0.01014	0.05307	0.01611	0.09322	0.68094	0.03207	0.01184	0.03115	0.00938	0.01302	0.00751	0.00985	0.00626	0.00369	0.00394	0.00120	0.00490	0.00351	0.00203	0.00617
3	0.00505	0.00376	0.00456	0.00508	0.00563	0.00343	0.00345	0.00583	0.00815	0.01056	0.06994	0.50508	0.23714	0.10453	0.00675	0.00181	0.00242	0.00991	0.00366	0.00327
4	0.03100	0.00880	0.01252	0.64111	0.04393	0.08314	0.04246	0.06767	0.00923	0.01176	0.00732	0.01031	0.00553	0.00408	0.00401	0.00131	0.00550	0.00353	0.00202	0.00477
5	0.00567	0.00399	0.00499	0.00513	0.00544	0.00409	0.00337	0.00623	0.00664	0.00898	0.03309	0.15337	0.05758	0.45941	0.22051	0.00403	0.00527	0.00656	0.00270	0.00296
6	0.00643	0.00445	0.00545	0.00516	0.00636	0.00407	0.00388	0.00837	0.04196	0.06801	0.48754	0.09514	0.23028	0.00881	0.00475	0.00133	0.00213	0.00765	0.00426	0.00399
7	0.00677	0.00358	0.00521	0.00526	0.00537	0.00352	0.00354	0.00544	0.00588	0.00784	0.04944	0.06489	0.04015	0.01359	0.01426	0.75345	0.00332	0.00438	0.00209	0.00202
8	0.00751	0.00701	0.01168	0.78869	0.02646	0.00866	0.01080	0.01013	0.00819	0.01044	0.00898	0.01300	0.03852	0.00452	0.00413	0.00137	0.00522	0.02829	0.00194	0.00444
9	0.00861	0.00631	0.00808	0.00708	0.00880	0.00676	0.00563	0.18286	0.00963	0.03985	0.01031	0.01356	0.00890	0.02054	0.52507	0.00444	0.00823	0.00394	0.00270	0.11869
10	0.00831	0.00681	0.00804	0.03438	0.07318	0.00726	0.00583	0.02692	0.36353	0.03890	0.15144	0.05800	0.18656	0.00704	0.00440	0.00135	0.00295	0.00602	0.00388	0.00521
11	0.04526	0.00649	0.00698	0.00549	0.00809	0.02698	0.00434	0.03130	0.00889	0.05461	0.00964	0.01086	0.00762	0.00379	0.00302	0.00080	0.00281	0.00298	0.29760	0.46243
12	0.01123	0.09719	0.03660	0.03008	0.03830	0.05434	0.06124	0.24215	0.09128	0.03673	0.02495	0.03893	0.04061	0.00479	0.00394	0.00112	0.01483	0.00389	0.00308	0.16473
13	0.07937	0.02649	0.12848	0.02585	0.06465	0.08192	0.03778	0.07685	0.04868	0.06604	0.03450	0.10566	0.03698	0.04847	0.02521	0.00153	0.02649	0.01849	0.00286	0.06370
14	0.08815	0.14561	0.09980	0.03400	0.04748	0.09148	0.03146	0.13540	0.05886	0.07166	0.04214	0.02587	0.02718	0.02450	0.00415	0.00123	0.01301	0.00362	0.00282	0.05159

[dist]
# distance from previous block
# <min> <max>
2	12

[block]
# block no. 11 follows, 66 sequences, length 15
# corresponding to MSA columns:
# 390-404
name=unknown_L
#
# <colnr> <probs for GDERKNQSTAVLIFYWHMCP>
#	G	D	E	R	K	N	Q	S	T	A	V	L	I	F	Y	W	H	M	C	P
0	0.01985	0.06572	0.08283	0.00893	0.04723	0.02403	0.07788	0.11666	0.07688	0.02681	0.08204	0.09504	0.04270	0.09966	0.09017	0.00211	0.02846	0.00518	0.00297	0.00485
1	0.05237	0.02232	0.07460	0.00631	0.00792	0.03776	0.00519	0.03746	0.00858	0.01177	0.01914	0.31777	0.13932	0.07785	0.02097	0.00169	0.00340	0.06212	0.00317	0.09029
2	0.07022	0.04533	0.05438	0.00819	0.04022	0.07596	0.02389	0.14766	0.06158	0.09132	0.07992	0.08483	0.05952	0.00559	0.00391	0.00117	0.00383	0.00457	0.00329	0.13462
3	0.41769	0.02879	0.08153	0.00742	0.03461	0.04339	0.03266	0.02036	0.03106	0.04912	0.03158	0.00966	0.02578	0.00502	0.03371	0.00134	0.00400	0.00298	0.00260	0.13669
4	0.00703	0.00512	0.00667	0.00636	0.00719	0.00572	0.00473	0.06112	0.05956	0.02825	0.03502	0.05797	0.01262	0.22240	0.43305	0.00461	0.03099	0.00509	0.00268	0.00382
5	0.30136	0.00760	0.00813	0.00635	0.00944	0.00725	0.00519	0.06544	0.00952	0.25216	0.00939	0.00945	0.00669	0.00396	0.00322	0.00104	0.00327	0.00290	0.00330	0.28434
6	0.00713	0.00493	0.00633	0.00613	0.02053	0.00493	0.00454	0.02608	0.04484	0.07324	0.38290	0.15665	0.09929	0.00980	0.05534	0.00167	0.04684	0.00711	0.03756	0.00417
7	0.05608	0.12746	0.25512	0.00972	0.03973	0.01035	0.03853	0.13802	0.13131	0.11769	0.03078	0.01068	0.00798	0.00443	0.00378	0.00123	0.00455	0.00351	0.00298	0.00606
8	0.00516	0.00379	0.00491	0.00549	0.00598	0.00361	0.00383	0.00608	0.00805	0.01070	0.08455	0.53319	0.12959	0.05558	0.09950	0.00225	0.00334	0.02747	0.00358	0.00336
9	0.01063	0.02749	0.04012	0.00919	0.05178	0.03105	0.01949	0.11743	0.50000	0.03479	0.06106	0.01415	0.01191	0.00552	0.01398	0.00135	0.00374	0.00433	0.00374	0.03824
10	0.00657	0.03264	0.00686	0.00717	0.07190	0.00498	0.00484	0.02341	0.03860	0.02883	0.20772	0.31426	0.11535	0.04289	0.00537	0.00152	0.00273	0.05433	0.00368	0.02635
11	0.01007	0.01020	0.03756	0.10465	0.53267	0.06533	0.05072	0.04188	0.04864	0.01323	0.00858	0.04256	0.00728	0.00418	0.00408	0.00124	0.00499	0.00394	0.00223	0.00595
12	0.07384	0.13198	0.14112	0.13476	0.14094	0.20781	0.00967	0.04204	0.00969	0.06158	0.00735	0.00875	0.00571	0.00397	0.00361	0.00116	0.00540	0.00301	0.00220	0.00540
13	0.10096	0.06940	0.07813	0.04004	0.07927	0.07229	0.04301	0.09404	0.17545	0.04899	0.01111	0.03763	0.02504	0.05304	0.05283	0.00170	0.00476	0.00402	0.00290	0.00539
14	0.03165	0.18549	0.06149	0.02578	0.02573	0.01128	0.08334	0.28059	0.07473	0.04636	0.01068	0.04484	0.03916	0.00523	0.00448	0.02643	0.03004	0.00397	0.00303	0.00572

[dist]
# distance from previous block
# <min> <max>
4	57

[block]
# block no. 12 follows, 66 sequences, length 12
# corresponding to MSA columns:
# 479-490
name=unknown_M
#
# <colnr> <probs for GDERKNQSTAVLIFYWHMCP>
#	G	D	E	R	K	N	Q	S	T	A	V	L	I	F	Y	W	H	M	C	P
0	0.00558	0.00467	0.03136	0.02089	0.00691	0.00413	0.00436	0.01925	0.03349	0.01155	0.10689	0.45788	0.17813	0.04059	0.02241	0.00171	0.00276	0.04014	0.00367	0.00363
1	0.06688	0.11670	0.07454	0.06904	0.14047	0.04666	0.03194	0.18883	0.04015	0.03118	0.00823	0.00981	0.00655	0.02209	0.03619	0.00141	0.02775	0.00331	0.00260	0.07568
2	0.05457	0.28209	0.21826	0.00995	0.04057	0.05899	0.08353	0.06077	0.07042	0.03235	0.00845	0.03297	0.00697	0.00429	0.00358	0.00117	0.00494	0.01827	0.00232	0.00555
3	0.00512	0.00370	0.00482	0.00558	0.00598	0.00345	0.00385	0.00598	0.00816	0.01084	0.07944	0.66591	0.08218	0.03883	0.00564	0.00169	0.00244	0.05929	0.00377	0.00334
4	0.27436	0.34752	0.01285	0.00646	0.00929	0.01153	0.00577	0.11616	0.00956	0.05865	0.03921	0.00895	0.00713	0.00411	0.00294	0.00107	0.00366	0.00280	0.07287	0.00510
5	0.04008	0.00522	0.03527	0.00689	0.03212	0.00475	0.02399	0.02800	0.00877	0.01215	0.11915	0.35790	0.08034	0.04232	0.06660	0.00199	0.00355	0.12365	0.00348	0.00380
6	0.01009	0.00952	0.01531	0.06870	0.64395	0.02882	0.02882	0.06262	0.00992	0.01384	0.03412	0.01191	0.00796	0.00414	0.00411	0.00124	0.00480	0.03175	0.00227	0.00611
7	0.00687	0.00424	0.00543	0.00540	0.00635	0.00385	0.00389	0.00807	0.00950	0.11316	0.28549	0.33484	0.12211	0.06444	0.00587	0.00159	0.00241	0.00855	0.00406	0.00387
8	0.03481	0.00734	0.00856	0.00727	0.00959	0.00759	0.00575	0.10263	0.28193	0.26905	0.12981	0.06923	0.03603	0.00620	0.00424	0.00132	0.00315	0.00519	0.00437	0.00594
9	0.05113	0.02263	0.01145	0.02912	0.10024	0.02402	0.00760	0.40584	0.09520	0.13239	0.01097	0.03080	0.00817	0.00526	0.01449	0.00132	0.02164	0.00389	0.01748	0.00635
10	0.00639	0.00544	0.05785	0.00667	0.03297	0.00481	0.00490	0.00762	0.02251	0.04019	0.01619	0.30917	0.04024	0.23233	0.16216	0.00307	0.02289	0.01801	0.00296	0.00363
11	0.00573	0.00452	0.00544	0.00584	0.05755	0.00400	0.00399	0.00713	0.00998	0.03132	0.28956	0.05427	0.48767	0.00917	0.00474	0.00133	0.00222	0.00784	0.00391	0.00382

[dist]
# distance from previous block
# <min> <max>
4	12

[block]
# block no. 13 follows, 66 sequences, length 25
# corresponding to MSA columns:
# 505-529
name=unknown_N
#
# <colnr> <probs for GDERKNQSTAVLIFYWHMCP>
#	G	D	E	R	K	N	Q	S	T	A	V	L	I	F	Y	W	H	M	C	P
0	0.01191	0.15782	0.19961	0.01098	0.11010	0.04069	0.00947	0.21008	0.07281	0.09242	0.00915	0.00973	0.00683	0.00468	0.01654	0.00126	0.01452	0.00332	0.00284	0.01524
1	0.01006	0.02300	0.02734	0.04874	0.16502	0.07464	0.09981	0.04431	0.23653	0.04207	0.02115	0.03462	0.03078	0.00633	0.05428	0.00156	0.00483	0.00428	0.01426	0.05639
2	0.00571	0.00439	0.02071	0.00567	0.00620	0.00426	0.00406	0.01689	0.00731	0.00985	0.02921	0.30811	0.07875	0.23262	0.19475	0.02120	0.01571	0.02833	0.00299	0.00326
3	0.04854	0.13120	0.20918	0.06325	0.10412	0.07215	0.02932	0.04492	0.02915	0.04954	0.00874	0.03752	0.00750	0.01993	0.02194	0.00143	0.07726	0.03667	0.00231	0.00533
4	0.02988	0.03552	0.00690	0.03519	0.02207	0.02911	0.00493	0.00854	0.03109	0.06092	0.03790	0.27713	0.06535	0.08043	0.22372	0.00297	0.00519	0.03616	0.00310	0.00390
5	0.00771	0.00476	0.00629	0.05656	0.00827	0.00468	0.00479	0.00950	0.07041	0.13955	0.01959	0.50122	0.03302	0.06902	0.00595	0.00171	0.00294	0.04612	0.00378	0.00413
6	0.00940	0.06897	0.02543	0.19527	0.26307	0.07760	0.05844	0.05219	0.02772	0.01282	0.08150	0.04930	0.03632	0.00499	0.00412	0.00126	0.00474	0.01917	0.00248	0.00524
7	0.05914	0.06228	0.08562	0.04499	0.11611	0.04813	0.14322	0.11096	0.13493	0.03579	0.01201	0.04239	0.06443	0.00495	0.00420	0.00128	0.01678	0.00433	0.00283	0.00561
8	0.00535	0.00412	0.00471	0.00493	0.00592	0.00370	0.00356	0.00670	0.03473	0.02326	0.11817	0.29454	0.42867	0.02548	0.00517	0.00150	0.00225	0.01983	0.00385	0.00356
9	0.00656	0.00496	0.00611	0.05613	0.00800	0.00492	0.00462	0.09007	0.02391	0.01387	0.23694	0.28174	0.18132	0.00940	0.00476	0.00142	0.00263	0.03454	0.02413	0.00398
10	0.01227	0.04049	0.07570	0.01093	0.02744	0.38050	0.12740	0.07687	0.02701	0.04143	0.00907	0.09581	0.00805	0.00513	0.00447	0.00123	0.04451	0.00410	0.00250	0.00509
11	0.01292	0.24626	0.09398	0.00929	0.01228	0.44757	0.00810	0.05230	0.01050	0.01104	0.00642	0.00740	0.00534	0.00392	0.00337	0.00100	0.00599	0.00257	0.00207	0.05769
12	0.00575	0.00391	0.00464	0.00482	0.00492	0.00391	0.00292	0.00599	0.00632	0.00846	0.01442	0.16335	0.01664	0.64918	0.06881	0.00367	0.00410	0.02281	0.00268	0.00269
13	0.00867	0.00730	0.00845	0.00615	0.00961	0.00574	0.00491	0.05848	0.00906	0.01384	0.00856	0.02663	0.02812	0.00351	0.00316	0.00068	0.00305	0.00283	0.00257	0.78867
14	0.03609	0.00715	0.01105	0.01543	0.42737	0.00706	0.00830	0.02750	0.00910	0.04155	0.05275	0.23458	0.06925	0.02866	0.00479	0.00141	0.00372	0.00623	0.00288	0.00514
15	0.00575	0.00439	0.00586	0.03239	0.00691	0.00474	0.00435	0.00663	0.00722	0.00983	0.05075	0.29207	0.07692	0.20210	0.20607	0.00326	0.06712	0.00737	0.00292	0.00334
16	0.05707	0.00725	0.00816	0.00699	0.00918	0.05635	0.00559	0.09990	0.04660	0.32219	0.10197	0.06800	0.07833	0.01901	0.03133	0.00153	0.00370	0.06730	0.00412	0.00541
17	0.01121	0.02359	0.06918	0.04603	0.05439	0.03737	0.05725	0.25259	0.06073	0.06363	0.03646	0.01158	0.00836	0.02799	0.06838	0.00166	0.04374	0.00376	0.00304	0.11908
18	0.00935	0.06688	0.08866	0.03245	0.08471	0.00862	0.09744	0.06598	0.02392	0.08278	0.00986	0.02778	0.00851	0.06399	0.19922	0.00268	0.09036	0.01709	0.00251	0.01721
19	0.00583	0.00398	0.00491	0.00527	0.00605	0.00359	0.00373	0.00677	0.00864	0.06035	0.08732	0.46675	0.24606	0.04563	0.00562	0.00162	0.00240	0.02807	0.00384	0.00356
20	0.03831	0.05795	0.05937	0.00833	0.04802	0.03487	0.00669	0.18665	0.07266	0.20538	0.07317	0.11628	0.06235	0.00622	0.00414	0.00128	0.00370	0.00513	0.00378	0.00568
21	0.02477	0.05060	0.18398	0.06021	0.29201	0.07241	0.05500	0.09169	0.01869	0.04824	0.00851	0.03560	0.00693	0.01916	0.00435	0.00128	0.01467	0.00370	0.00235	0.00584
22	0.02512	0.00573	0.02550	0.03506	0.02307	0.00547	0.05678	0.05272	0.00921	0.05941	0.07632	0.34329	0.10329	0.03352	0.01816	0.00166	0.03005	0.08801	0.00350	0.00413
23	0.04557	0.05577	0.13143	0.07421	0.12196	0.06390	0.04712	0.04449	0.02416	0.02857	0.05392	0.01056	0.00797	0.00517	0.04240	0.00131	0.00478	0.00334	0.00239	0.23098
24	0.05848	0.03900	0.06727	0.03294	0.06851	0.07040	0.08108	0.04475	0.04208	0.05421	0.10210	0.06243	0.13446	0.02914	0.03442	0.00152	0.00426	0.02142	0.00302	0.04850

[dist]
# distance from previous block
# <min> <max>
3	49

[block]
# block no. 14 follows, 66 sequences, length 21
# corresponding to MSA columns:
# 579-599
name=unknown_O
#
# <colnr> <probs for GDERKNQSTAVLIFYWHMCP>
#	G	D	E	R	K	N	Q	S	T	A	V	L	I	F	Y	W	H	M	C	P
0	0.01052	0.05494	0.21959	0.06818	0.03459	0.04226	0.04067	0.09946	0.04545	0.14389	0.06094	0.07283	0.05569	0.00570	0.00441	0.02333	0.00446	0.00456	0.00306	0.00548
1	0.01105	0.09279	0.21437	0.03255	0.22121	0.08515	0.03656	0.06689	0.02042	0.10723	0.00944	0.03830	0.00766	0.00456	0.00394	0.00123	0.00505	0.03317	0.00254	0.00586
2	0.06479	0.08398	0.05421	0.02779	0.09892	0.08354	0.02447	0.10362	0.02908	0.03941	0.09607	0.12687	0.06589	0.02732	0.01651	0.00143	0.00411	0.04404	0.00307	0.00488
3	0.54001	0.00842	0.04120	0.03789	0.04068	0.04007	0.00562	0.05367	0.00789	0.01595	0.00736	0.02889	0.00636	0.05994	0.06798	0.00181	0.00425	0.00305	0.00250	0.02646
4	0.03801	0.00558	0.03305	0.00676	0.05988	0.00498	0.00478	0.04147	0.02100	0.06816	0.10584	0.18913	0.25112	0.12066	0.00673	0.00174	0.00295	0.03056	0.00354	0.00406
5	0.02479	0.21398	0.01312	0.03222	0.04020	0.04924	0.00713	0.22370	0.19146	0.03008	0.04643	0.02337	0.00918	0.00484	0.00404	0.00117	0.03642	0.00366	0.00314	0.04182
6	0.02484	0.05726	0.04346	0.03454	0.06500	0.07759	0.05685	0.05770	0.00864	0.02355	0.03492	0.01223	0.00837	0.06018	0.19748	0.00258	0.12371	0.00375	0.00231	0.10505
7	0.14073	0.17016	0.10144	0.00809	0.03820	0.10091	0.01837	0.02947	0.08265	0.05016	0.09251	0.08309	0.04513	0.01766	0.00394	0.00125	0.00408	0.00435	0.00285	0.00497
8	0.02584	0.04029	0.07111	0.00783	0.01065	0.00831	0.00684	0.24832	0.06331	0.06954	0.01250	0.07689	0.01123	0.01710	0.00430	0.00127	0.00383	0.13359	0.00341	0.18384
9	0.00949	0.02903	0.00875	0.00770	0.00935	0.22531	0.04225	0.03496	0.08146	0.04559	0.06235	0.21074	0.10069	0.03074	0.05324	0.00166	0.00459	0.00611	0.00316	0.03284
10	0.72990	0.00757	0.00630	0.00557	0.00798	0.00858	0.00454	0.04165	0.00790	0.05931	0.05881	0.03237	0.00754	0.00441	0.00287	0.00127	0.00310	0.00293	0.00285	0.00455
11	0.00514	0.00390	0.00466	0.00511	0.00584	0.00353	0.00365	0.00608	0.00852	0.01089	0.07676	0.37993	0.32049	0.07388	0.00619	0.00171	0.00245	0.07421	0.00371	0.00335
12	0.00576	0.00422	0.00602	0.00608	0.00664	0.00475	0.00451	0.00690	0.00648	0.00919	0.01195	0.07082	0.01205	0.18177	0.63728	0.00574	0.00905	0.00509	0.00233	0.00339
13	0.00591	0.00424	0.00480	0.00468	0.00591	0.00368	0.00347	0.00710	0.00964	0.06397	0.21390	0.10694	0.49878	0.04211	0.00539	0.00146	0.00221	0.00816	0.00395	0.00369
14	0.01516	0.01934	0.01150	0.01045	0.01254	0.84113	0.00784	0.01620	0.01150	0.00993	0.00627	0.00732	0.00523	0.00418	0.00366	0.00105	0.00732	0.00261	0.00209	0.00470
15	0.79441	0.03826	0.00676	0.00565	0.00813	0.04611	0.00465	0.01200	0.00715	0.01731	0.00581	0.00686	0.00460	0.00445	0.02378	0.00137	0.00356	0.00227	0.00246	0.00442
16	0.01267	0.00839	0.02620	0.07752	0.02498	0.01800	0.21204	0.10066	0.01114	0.31684	0.06486	0.05802	0.01102	0.03270	0.00489	0.00139	0.00454	0.00480	0.00359	0.00577
17	0.00871	0.00787	0.00856	0.03794	0.01003	0.09501	0.01707	0.03622	0.00902	0.02635	0.04769	0.07232	0.03913	0.01762	0.07989	0.00151	0.03522	0.02816	0.00268	0.41901
18	0.00638	0.00455	0.00570	0.00556	0.00647	0.00447	0.00416	0.00769	0.03522	0.04593	0.25525	0.15455	0.24242	0.02082	0.00672	0.09297	0.05574	0.03807	0.00368	0.00365
19	0.01029	0.14600	0.01344	0.07189	0.21234	0.05403	0.00835	0.05347	0.04246	0.05414	0.00829	0.02411	0.00720	0.05834	0.00613	0.00137	0.12972	0.00354	0.00236	0.09253
20	0.03055	0.05992	0.13591	0.05486	0.05380	0.00772	0.04410	0.05862	0.08363	0.04548	0.07464	0.17382	0.04279	0.03091	0.02304	0.00149	0.01649	0.00553	0.00300	0.05367

[dist]
# distance from previous block
# <min> <max>
0	1

[block]
# block no. 15 follows, 66 sequences, length 25
# corresponding to MSA columns:
# 601-625
name=unknown_P
#
# <colnr> <probs for GDERKNQSTAVLIFYWHMCP>
#	G	D	E	R	K	N	Q	S	T	A	V	L	I	F	Y	W	H	M	C	P
0	0.01154	0.04134	0.03991	0.00872	0.04558	0.04695	0.00678	0.29694	0.13121	0.08451	0.03522	0.18896	0.01292	0.02469	0.00460	0.00137	0.00387	0.00550	0.00371	0.00568
1	0.01104	0.07696	0.25601	0.03453	0.12036	0.06576	0.07848	0.18137	0.04520	0.04401	0.00880	0.01056	0.00679	0.02237	0.00430	0.00129	0.00525	0.01839	0.00257	0.00594
2	0.00630	0.04381	0.00672	0.02119	0.00748	0.00519	0.02026	0.02962	0.09773	0.01156	0.03712	0.58910	0.02252	0.05075	0.00562	0.00167	0.00284	0.03304	0.00360	0.00387
3	0.01243	0.46495	0.01650	0.00833	0.01119	0.30213	0.00723	0.05945	0.03906	0.01085	0.00663	0.00755	0.00571	0.00464	0.02694	0.00113	0.00553	0.00256	0.00209	0.00513
4	0.00695	0.02038	0.09493	0.02601	0.05899	0.00561	0.03763	0.01844	0.00905	0.02315	0.13458	0.15234	0.15413	0.04510	0.02813	0.00154	0.00355	0.04787	0.00313	0.12849
5	0.02965	0.00541	0.00683	0.03441	0.00783	0.02900	0.02473	0.01871	0.02679	0.01025	0.03512	0.06934	0.03320	0.24278	0.24832	0.05825	0.02382	0.02708	0.00254	0.06593
6	0.08225	0.03495	0.11454	0.02452	0.11403	0.14013	0.00866	0.21080	0.14513	0.01634	0.00950	0.03091	0.00751	0.00516	0.01959	0.00134	0.02230	0.00361	0.00290	0.00582
7	0.00511	0.00380	0.00461	0.00505	0.00564	0.00346	0.00345	0.00596	0.00839	0.01095	0.12357	0.45398	0.23313	0.10531	0.00675	0.00179	0.00240	0.00964	0.00371	0.00330
8	0.03076	0.00465	0.00595	0.00594	0.00691	0.00454	0.01932	0.02776	0.04179	0.05564	0.15225	0.36217	0.11198	0.05370	0.06864	0.00199	0.00327	0.03517	0.00372	0.00387
9	0.01130	0.13386	0.06367	0.07740	0.18306	0.19866	0.06046	0.05536	0.03089	0.04512	0.00834	0.03816	0.00709	0.00456	0.00434	0.00121	0.04958	0.01922	0.00232	0.00541
10	0.02555	0.00714	0.01064	0.05521	0.17565	0.00705	0.04806	0.04287	0.03499	0.25651	0.14456	0.06338	0.03701	0.00645	0.02238	0.00143	0.02578	0.02618	0.00362	0.00555
11	0.00505	0.00390	0.00458	0.00487	0.00571	0.00347	0.00346	0.00611	0.00905	0.01167	0.18231	0.33472	0.36888	0.03058	0.00530	0.00151	0.00218	0.00935	0.00387	0.00343
12	0.00971	0.03432	0.10632	0.05865	0.27591	0.08499	0.03656	0.03704	0.13188	0.02644	0.05299	0.04137	0.04883	0.00544	0.01675	0.00135	0.00471	0.01846	0.00269	0.00561
13	0.01048	0.10106	0.07038	0.14806	0.08634	0.05446	0.04610	0.11341	0.11969	0.06988	0.02214	0.06488	0.02009	0.00565	0.02016	0.00138	0.01834	0.01913	0.00287	0.00550
14	0.00814	0.02099	0.83640	0.01156	0.01756	0.00942	0.01499	0.01285	0.00857	0.01285	0.00728	0.00857	0.00514	0.00385	0.00385	0.00128	0.00600	0.00300	0.00171	0.00600
