[name]
unknown

[dist]
# distance from previous block
# <min> <max>
0	0

[block]
# block no. 0 follows, 60 sequences, length 54
# corresponding to MSA columns:
# 0-53
name=unknown_A
#
# <colnr> <probs for GDERKNQSTAVLIFYWHMCP>
#	G	D	E	R	K	N	Q	S	T	A	V	L	I	F	Y	W	H	M	C	P
0	0.00703	0.00502	0.00703	0.00803	0.00904	0.00502	0.00703	0.00904	0.01004	0.01305	0.02309	0.04920	0.02510	0.01205	0.00602	0.00201	0.00402	0.79016	0.00402	0.00402
1	0.26573	0.00786	0.00856	0.00660	0.00999	0.00713	0.00537	0.01426	0.00949	0.23158	0.00979	0.01002	0.00711	0.00405	0.00338	0.00104	0.00340	0.00300	0.00337	0.38826
2	0.00537	0.00441	0.00473	0.00468	0.00603	0.00377	0.00350	0.00667	0.01042	0.01298	0.20813	0.05532	0.63755	0.01064	0.00516	0.00146	0.00218	0.00899	0.00421	0.00377
3	0.01149	0.01071	0.01016	0.00915	0.01159	0.10695	0.00708	0.02250	0.71778	0.01736	0.01646	0.01528	0.01241	0.00575	0.00438	0.00144	0.00397	0.00468	0.00418	0.00669
4	0.00515	0.00442	0.00442	0.00442	0.00589	0.00368	0.00331	0.00626	0.00994	0.01178	0.04418	0.04197	0.81775	0.01105	0.00515	0.00147	0.00221	0.00920	0.00405	0.00368
5	0.00824	0.00775	0.01308	0.83624	0.03004	0.00969	0.01211	0.01114	0.00872	0.01114	0.00775	0.01163	0.00581	0.00436	0.00436	0.00145	0.00581	0.00388	0.00194	0.00484
6	0.00858	0.00845	0.01534	0.47450	0.05267	0.00936	0.20261	0.01135	0.00906	0.01202	0.00969	0.09924	0.00849	0.00521	0.00490	0.00147	0.02749	0.00504	0.00225	0.03228
7	0.01918	0.00734	0.01000	0.00769	0.01100	0.00634	0.00634	0.02087	0.01248	0.79893	0.04066	0.01536	0.01169	0.00550	0.00441	0.00135	0.00366	0.00449	0.00538	0.00733
8	0.01068	0.00942	0.01094	0.05157	0.01296	0.01080	0.05320	0.02203	0.72444	0.01764	0.01673	0.01578	0.01254	0.00571	0.00447	0.00148	0.00380	0.00489	0.00418	0.00674
9	0.00564	0.00465	0.00488	0.00474	0.00621	0.00403	0.00358	0.02996	0.01060	0.01308	0.15621	0.03968	0.68045	0.01056	0.00513	0.00145	0.00226	0.00886	0.00417	0.00385
10	0.01253	0.23230	0.30291	0.01051	0.01477	0.23916	0.01085	0.08742	0.01110	0.03002	0.00751	0.00850	0.00585	0.00426	0.00377	0.00119	0.00618	0.00297	0.00227	0.00595
11	0.01166	0.84935	0.02285	0.00746	0.01119	0.01726	0.00746	0.01306	0.00886	0.01026	0.00606	0.00700	0.00560	0.00373	0.00280	0.00093	0.00466	0.00233	0.00187	0.00560
12	0.00573	0.00447	0.00527	0.00556	0.00671	0.00401	0.00432	0.00712	0.01011	0.01282	0.15341	0.14748	0.42954	0.01128	0.00539	0.00161	0.00261	0.17460	0.00416	0.00380
13	0.00782	0.00872	0.05589	0.01182	0.01471	0.00749	0.38704	0.01029	0.00977	0.01281	0.02156	0.18045	0.23681	0.00768	0.00518	0.00152	0.00494	0.00758	0.00306	0.00485
14	0.13264	0.00635	0.00720	0.00603	0.00833	0.00617	0.00485	0.04524	0.01070	0.34638	0.01418	0.01420	0.00999	0.00507	0.00360	0.00121	0.00301	0.00396	0.36523	0.00565
15	0.00703	0.00502	0.00703	0.00803	0.00904	0.00502	0.00703	0.00904	0.01004	0.01305	0.02309	0.04920	0.02510	0.01205	0.00602	0.00201	0.00402	0.79016	0.00402	0.00402
16	0.01029	0.01176	0.02574	0.01838	0.02279	0.01103	0.80368	0.01397	0.01029	0.01397	0.00882	0.01176	0.00662	0.00368	0.00515	0.00147	0.00735	0.00515	0.00221	0.00588
17	0.01629	0.02079	0.01236	0.01124	0.01348	0.82921	0.00843	0.01742	0.01236	0.01067	0.00674	0.00787	0.00562	0.00449	0.00393	0.00112	0.00787	0.00281	0.00225	0.00506
18	0.01888	0.00745	0.00998	0.00774	0.01101	0.00659	0.00636	0.02112	0.05319	0.76427	0.01717	0.01495	0.01093	0.00542	0.00436	0.00135	0.00366	0.00441	0.02385	0.00732
19	0.01629	0.02079	0.01236	0.01124	0.01348	0.82921	0.00843	0.01742	0.01236	0.01067	0.00674	0.00787	0.00562	0.00449	0.00393	0.00112	0.00787	0.00281	0.00225	0.00506
20	0.00531	0.00380	0.00506	0.00607	0.00633	0.00354	0.00405	0.00607	0.00835	0.01113	0.02404	0.84388	0.02885	0.01366	0.00557	0.00177	0.00253	0.01240	0.00405	0.00354
21	0.01052	0.01080	0.01296	0.01114	0.01193	0.11454	0.03982	0.03569	0.08257	0.01190	0.00817	0.05312	0.00769	0.00717	0.01100	0.00173	0.55752	0.00429	0.00238	0.00506
22	0.01629	0.02079	0.01236	0.01124	0.01348	0.82921	0.00843	0.01742	0.01236	0.01067	0.00674	0.00787	0.00562	0.00449	0.00393	0.00112	0.00787	0.00281	0.00225	0.00506
23	0.00531	0.00380	0.00506	0.00607	0.00633	0.00354	0.00405	0.00607	0.00835	0.01113	0.02404	0.84388	0.02885	0.01366	0.00557	0.00177	0.00253	0.01240	0.00405	0.00354
24	0.00904	0.00775	0.00904	0.00646	0.01034	0.00581	0.00517	0.01098	0.00904	0.01421	0.00775	0.00904	0.00646	0.00323	0.00323	0.00065	0.00323	0.00258	0.00258	0.87339
25	0.00875	0.02256	0.82413	0.01243	0.01888	0.01013	0.01611	0.01381	0.00921	0.01381	0.00783	0.00921	0.00552	0.00414	0.00414	0.00138	0.00645	0.00322	0.00184	0.00645
26	0.01629	0.02079	0.01236	0.01124	0.01348	0.82921	0.00843	0.01742	0.01236	0.01067	0.00674	0.00787	0.00562	0.00449	0.00393	0.00112	0.00787	0.00281	0.00225	0.00506
27	0.00623	0.00467	0.00701	0.00701	0.00779	0.00545	0.00545	0.00779	0.00701	0.01012	0.01168	0.01713	0.01090	0.03271	0.82944	0.00701	0.01168	0.00467	0.00234	0.00389
28	0.00882	0.00830	0.02709	0.01142	0.01385	0.00810	0.26729	0.03601	0.14631	0.01440	0.01703	0.13921	0.01673	0.00816	0.00533	0.00168	0.00487	0.25675	0.00347	0.00519
29	0.00578	0.00413	0.00542	0.00619	0.00661	0.00399	0.00439	0.00670	0.00835	0.01105	0.02273	0.51980	0.06217	0.12803	0.05380	0.00242	0.00350	0.13766	0.00376	0.00352
30	0.01079	0.01036	0.01770	0.02677	0.81952	0.01036	0.01339	0.01339	0.00993	0.01425	0.00820	0.01079	0.00691	0.00389	0.00432	0.00130	0.00518	0.00389	0.00216	0.00691
31	0.00620	0.00465	0.00695	0.00698	0.00774	0.00539	0.00541	0.00773	0.00705	0.01016	0.01207	0.04330	0.01147	0.03211	0.80337	0.00684	0.01139	0.00492	0.00239	0.00388
32	0.00623	0.00467	0.00701	0.00701	0.00779	0.00545	0.00545	0.00779	0.00701	0.01012	0.01168	0.01713	0.01090	0.03271	0.82944	0.00701	0.01168	0.00467	0.00234	0.00389
33	0.00679	0.00485	0.00676	0.00777	0.00867	0.00482	0.00662	0.00863	0.00981	0.01279	0.02322	0.15728	0.02561	0.01227	0.00596	0.00198	0.00381	0.68438	0.00402	0.00395
34	0.00623	0.00467	0.00701	0.00701	0.00779	0.00545	0.00545	0.00779	0.00701	0.01012	0.01168	0.01713	0.01090	0.03271	0.82944	0.00701	0.01168	0.00467	0.00234	0.00389
35	0.00954	0.00954	0.01336	0.01145	0.01145	0.01336	0.00954	0.01050	0.00668	0.01050	0.00573	0.00954	0.00573	0.00763	0.01431	0.00191	0.83874	0.00382	0.00191	0.00477
36	0.00528	0.00432	0.00466	0.00479	0.00602	0.00370	0.00351	0.00641	0.00990	0.01220	0.11270	0.17517	0.61363	0.01129	0.00522	0.00151	0.00225	0.00962	0.00412	0.00370
37	0.00531	0.00380	0.00506	0.00607	0.00633	0.00354	0.00405	0.00607	0.00835	0.01113	0.02404	0.84388	0.02885	0.01366	0.00557	0.00177	0.00253	0.01240	0.00405	0.00354
38	0.01602	0.01188	0.01274	0.00989	0.01325	0.01317	0.00812	0.74341	0.06615	0.02662	0.01117	0.02772	0.00819	0.00545	0.00439	0.00133	0.00468	0.00416	0.00436	0.00731
39	0.00758	0.00379	0.00568	0.00568	0.00568	0.00379	0.00379	0.00568	0.00568	0.00758	0.00758	0.01326	0.00758	0.01515	0.01705	0.87311	0.00379	0.00379	0.00189	0.00189
40	0.00904	0.00775	0.00904	0.00646	0.01034	0.00581	0.00517	0.01098	0.00904	0.01421	0.00775	0.00904	0.00646	0.00323	0.00323	0.00065	0.00323	0.00258	0.00258	0.87339
41	0.00946	0.01729	0.44050	0.01502	0.02033	0.01065	0.36391	0.01376	0.00959	0.01376	0.00819	0.01035	0.00602	0.00407	0.00497	0.00144	0.03846	0.00410	0.00201	0.00613
42	0.05392	0.00722	0.00952	0.00749	0.01061	0.00640	0.00613	0.01969	0.02660	0.70725	0.01808	0.05275	0.04205	0.00594	0.00440	0.00138	0.00358	0.00485	0.00516	0.00698
43	0.01658	0.01222	0.01309	0.01003	0.01353	0.01353	0.00829	0.80497	0.02051	0.02749	0.01047	0.01047	0.00742	0.00524	0.00436	0.00131	0.00480	0.00393	0.00436	0.00742
44	0.00628	0.00426	0.00483	0.00483	0.00493	0.00425	0.00279	0.00640	0.00654	0.00868	0.01512	0.02872	0.05410	0.77371	0.05406	0.00421	0.00443	0.00641	0.00270	0.00274
45	0.00617	0.00446	0.00583	0.00549	0.00652	0.00412	0.00412	0.00823	0.01235	0.01749	0.81722	0.03258	0.04115	0.00892	0.00514	0.00137	0.00206	0.00789	0.00480	0.00412
46	0.01957	0.00742	0.01012	0.00776	0.01113	0.00641	0.00641	0.02126	0.01248	0.82254	0.01721	0.01484	0.01080	0.00540	0.00439	0.00135	0.00371	0.00439	0.00540	0.00742
47	0.01038	0.00887	0.00935	0.00845	0.01080	0.01016	0.00656	0.02165	0.73191	0.01788	0.04226	0.01792	0.05075	0.00622	0.00446	0.00146	0.00332	0.00519	0.02580	0.00660
48	0.01138	0.01003	0.01014	0.00904	0.01155	0.04829	0.00704	0.06156	0.73609	0.01836	0.01689	0.01560	0.01267	0.00582	0.00441	0.00145	0.00372	0.00478	0.00433	0.00684
49	0.00991	0.02238	0.00952	0.02243	0.01083	0.00972	0.00666	0.04387	0.56884	0.01633	0.01575	0.01624	0.01238	0.02503	0.18720	0.00273	0.00539	0.00480	0.00386	0.00613
50	0.09165	0.55868	0.07768	0.00785	0.01140	0.03974	0.00769	0.02970	0.05668	0.02672	0.00753	0.00848	0.00639	0.00513	0.03448	0.00129	0.00491	0.00275	0.01561	0.00562
51	0.04500	0.24430	0.11337	0.00788	0.02330	0.04920	0.00719	0.04975	0.02063	0.04229	0.09963	0.10674	0.05865	0.02319	0.00432	0.00128	0.00410	0.00494	0.03184	0.06239
52	0.04807	0.14117	0.16042	0.00735	0.01022	0.02013	0.00711	0.03745	0.04148	0.01463	0.23272	0.04522	0.14125	0.02182	0.00462	0.00134	0.00371	0.00560	0.00333	0.05235
53	0.07617	0.15191	0.14750	0.00773	0.01036	0.03911	0.00727	0.06336	0.00995	0.04254	0.10792	0.12027	0.04376	0.04959	0.01919	0.03138	0.01916	0.01627	0.03162	0.00494

[dist]
# distance from previous block
# <min> <max>
2	34

[block]
# block no. 1 follows, 60 sequences, length 12
# corresponding to MSA columns:
# 97-108
name=unknown_B
#
# <colnr> <probs for GDERKNQSTAVLIFYWHMCP>
#	G	D	E	R	K	N	Q	S	T	A	V	L	I	F	Y	W	H	M	C	P
0	0.01088	0.06932	0.08646	0.03451	0.05763	0.07138	0.03432	0.13290	0.04987	0.08485	0.04374	0.16758	0.04447	0.00854	0.05873	0.00175	0.00494	0.00572	0.00338	0.02903
1	0.16096	0.08290	0.02929	0.02573	0.04691	0.11406	0.00696	0.10177	0.05512	0.05577	0.09036	0.01463	0.07952	0.00607	0.01786	0.00138	0.05077	0.00421	0.00319	0.05254
2	0.02599	0.04174	0.07518	0.04066	0.18245	0.02739	0.18030	0.10158	0.03100	0.05099	0.03352	0.03339	0.03199	0.00494	0.00485	0.00134	0.04390	0.00448	0.03690	0.04743
3	0.04182	0.22394	0.10049	0.05260	0.03823	0.03239	0.04526	0.06581	0.10525	0.05806	0.04063	0.01456	0.02196	0.09770	0.00594	0.00159	0.00468	0.02408	0.00289	0.02210
4	0.00927	0.00684	0.00772	0.00645	0.00884	0.00642	0.00506	0.09898	0.11038	0.06827	0.16414	0.02301	0.21037	0.00692	0.00438	0.00122	0.00294	0.00576	0.04730	0.20573
5	0.01066	0.01027	0.01722	0.02508	0.73046	0.01069	0.01296	0.01307	0.00957	0.01384	0.00793	0.01066	0.00678	0.00430	0.00542	0.00136	0.09705	0.00388	0.00213	0.00667
6	0.21322	0.00805	0.00876	0.07331	0.02539	0.09745	0.05242	0.01166	0.00911	0.08898	0.01356	0.25316	0.01338	0.00857	0.04697	0.00173	0.00446	0.00606	0.05908	0.00470
7	0.01212	0.68007	0.07292	0.00831	0.01201	0.13057	0.00815	0.01372	0.00937	0.01055	0.00627	0.00726	0.00560	0.00386	0.00304	0.00099	0.00523	0.00246	0.00192	0.00558
8	0.00994	0.00785	0.00902	0.00701	0.01025	0.00693	0.00559	0.06092	0.14174	0.04821	0.06263	0.01337	0.01070	0.00454	0.00373	0.00095	0.00328	0.02394	0.03531	0.53408
9	0.01336	0.01062	0.01327	0.01051	0.01349	0.09109	0.16528	0.19864	0.16672	0.12712	0.01282	0.01375	0.00952	0.00514	0.00437	0.00134	0.00485	0.02186	0.10996	0.00629
10	0.00623	0.00467	0.00701	0.00701	0.00779	0.00545	0.00545	0.00779	0.00701	0.01012	0.01168	0.01713	0.01090	0.03271	0.82944	0.00701	0.01168	0.00467	0.00234	0.00389
11	0.00701	0.00526	0.00623	0.00576	0.00712	0.00501	0.00437	0.09541	0.01239	0.01677	0.48561	0.08444	0.22942	0.00934	0.00509	0.00142	0.00243	0.00807	0.00452	0.00433

[dist]
# distance from previous block
# <min> <max>
1	4

[block]
# block no. 2 follows, 60 sequences, length 19
# corresponding to MSA columns:
# 113-131
name=unknown_C
#
# <colnr> <probs for GDERKNQSTAVLIFYWHMCP>
#	G	D	E	R	K	N	Q	S	T	A	V	L	I	F	Y	W	H	M	C	P
0	0.01064	0.00992	0.02752	0.11801	0.25282	0.06495	0.00925	0.07577	0.02306	0.03111	0.05463	0.01151	0.00867	0.00435	0.00428	0.00114	0.02559	0.00367	0.00268	0.26043
1	0.63285	0.05577	0.00870	0.00710	0.00966	0.16357	0.00577	0.01359	0.00839	0.01702	0.00618	0.00733	0.00498	0.00427	0.00343	0.00131	0.04021	0.00251	0.00254	0.00483
2	0.00875	0.02256	0.82413	0.01243	0.01888	0.01013	0.01611	0.01381	0.00921	0.01381	0.00783	0.00921	0.00552	0.00414	0.00414	0.00138	0.00645	0.00322	0.00184	0.00645
3	0.01070	0.01027	0.01754	0.05589	0.79112	0.01034	0.01334	0.01330	0.00989	0.01414	0.00819	0.01082	0.00687	0.00390	0.00432	0.00130	0.00520	0.00389	0.00215	0.00683
4	0.00534	0.00415	0.00486	0.00526	0.00615	0.00367	0.00373	0.00641	0.00954	0.01218	0.12700	0.38635	0.38595	0.01192	0.00533	0.00159	0.00233	0.01042	0.00414	0.00367
5	0.00612	0.00446	0.00576	0.00543	0.00649	0.00409	0.00408	0.00813	0.01223	0.01721	0.77917	0.03304	0.07938	0.00902	0.00514	0.00138	0.00207	0.00795	0.00476	0.00409
6	0.84657	0.00840	0.00654	0.00581	0.00853	0.00966	0.00478	0.01312	0.00761	0.04854	0.00647	0.00737	0.00494	0.00410	0.00276	0.00135	0.00339	0.00243	0.00280	0.00482
7	0.00623	0.00467	0.00701	0.00701	0.00779	0.00545	0.00545	0.00779	0.00701	0.01012	0.01168	0.01713	0.01090	0.03271	0.82944	0.00701	0.01168	0.00467	0.00234	0.00389
8	0.00703	0.00465	0.00611	0.00563	0.00681	0.00426	0.00426	0.00907	0.01235	0.06912	0.76591	0.03144	0.03921	0.00869	0.00510	0.00137	0.00216	0.00766	0.00484	0.00433
9	0.00531	0.00380	0.00506	0.00607	0.00633	0.00354	0.00405	0.00607	0.00835	0.01113	0.02404	0.84388	0.02885	0.01366	0.00557	0.00177	0.00253	0.01240	0.00405	0.00354
10	0.42212	0.00778	0.00803	0.00667	0.00949	0.00806	0.00545	0.03182	0.03413	0.32940	0.08633	0.01280	0.01077	0.00510	0.00366	0.00135	0.00341	0.00377	0.00402	0.00583
11	0.01079	0.01036	0.01770	0.02677	0.81952	0.01036	0.01339	0.01339	0.00993	0.01425	0.00820	0.01079	0.00691	0.00389	0.00432	0.00130	0.00518	0.00389	0.00216	0.00691
12	0.00686	0.00490	0.00683	0.00784	0.00877	0.00487	0.00673	0.00874	0.00987	0.01286	0.02319	0.12806	0.02547	0.01221	0.00598	0.00198	0.00387	0.71298	0.00402	0.00397
13	0.01350	0.21463	0.21862	0.01045	0.01417	0.38611	0.01002	0.01571	0.01076	0.05781	0.00745	0.00840	0.00589	0.00428	0.00375	0.00116	0.00652	0.00289	0.00224	0.00567
14	0.01166	0.84935	0.02285	0.00746	0.01119	0.01726	0.00746	0.01306	0.00886	0.01026	0.00606	0.00700	0.00560	0.00373	0.00280	0.00093	0.00466	0.00233	0.00187	0.00560
15	0.01153	0.81191	0.05913	0.00769	0.01154	0.01693	0.00785	0.01309	0.00888	0.01042	0.00614	0.00710	0.00559	0.00375	0.00286	0.00095	0.00474	0.00237	0.00186	0.00564
16	0.00999	0.05644	0.01003	0.00678	0.01056	0.04190	0.00550	0.01185	0.00933	0.05080	0.00804	0.00914	0.00657	0.00341	0.00329	0.00072	0.00353	0.00266	0.00266	0.74680
17	0.01189	0.47617	0.20732	0.00888	0.01311	0.01395	0.00939	0.05525	0.06784	0.08650	0.00856	0.00907	0.00670	0.00421	0.00346	0.00113	0.00491	0.00300	0.00250	0.00615
18	0.05395	0.01058	0.06097	0.01185	0.05770	0.04427	0.20063	0.11498	0.01239	0.33016	0.04897	0.01318	0.00975	0.00487	0.00449	0.00136	0.00505	0.00442	0.00383	0.00659

[dist]
# distance from previous block
# <min> <max>
1	4

[block]
# block no. 3 follows, 60 sequences, length 88
# corresponding to MSA columns:
# 148-235
name=unknown_D
#
# <colnr> <probs for GDERKNQSTAVLIFYWHMCP>
#	G	D	E	R	K	N	Q	S	T	A	V	L	I	F	Y	W	H	M	C	P
0	0.01056	0.06042	0.25545	0.01826	0.37025	0.02718	0.05265	0.02969	0.09494	0.02556	0.00915	0.01074	0.00713	0.00422	0.00423	0.00133	0.00548	0.00376	0.00238	0.00663
1	0.01145	0.00961	0.06981	0.00859	0.01189	0.00869	0.03339	0.01845	0.38129	0.13914	0.02914	0.01382	0.01088	0.00499	0.00413	0.00123	0.00376	0.00418	0.00385	0.23171
2	0.00887	0.00699	0.00828	0.00642	0.00955	0.00549	0.00501	0.02313	0.00932	0.05316	0.01265	0.15145	0.04721	0.00548	0.00379	0.00092	0.00311	0.00465	0.00306	0.63147
3	0.01261	0.01448	0.01265	0.01116	0.01234	0.37233	0.00885	0.01453	0.07159	0.01118	0.00711	0.00933	0.00627	0.00612	0.00898	0.00153	0.40820	0.00346	0.00225	0.00506
4	0.87753	0.00843	0.00641	0.00574	0.00843	0.00978	0.00472	0.01282	0.00742	0.01957	0.00607	0.00709	0.00472	0.00405	0.00270	0.00135	0.00337	0.00236	0.00270	0.00472
5	0.00954	0.00954	0.01336	0.01145	0.01145	0.01336	0.00954	0.01050	0.00668	0.01050	0.00573	0.00954	0.00573	0.00763	0.01431	0.00191	0.83874	0.00382	0.00191	0.00477
6	0.00540	0.00443	0.00475	0.00467	0.00604	0.00379	0.00350	0.00673	0.01051	0.01314	0.22855	0.03973	0.63253	0.01054	0.00515	0.00145	0.00217	0.00889	0.00423	0.00379
7	0.01085	0.00937	0.00986	0.00888	0.01134	0.01085	0.00690	0.02318	0.81164	0.01824	0.01775	0.01627	0.01331	0.00592	0.00444	0.00148	0.00345	0.00493	0.00444	0.00690
8	0.01658	0.01222	0.01309	0.01003	0.01353	0.01353	0.00829	0.80497	0.02051	0.02749	0.01047	0.01047	0.00742	0.00524	0.00436	0.00131	0.00480	0.00393	0.00436	0.00742
9	0.00538	0.00385	0.00512	0.00603	0.00634	0.00359	0.00405	0.00623	0.00865	0.01161	0.08351	0.78304	0.02977	0.01331	0.00554	0.00174	0.00249	0.01206	0.00411	0.00359
10	0.01695	0.01162	0.01272	0.00975	0.01323	0.01265	0.00806	0.70805	0.01951	0.12581	0.01130	0.01101	0.00784	0.00526	0.00437	0.00131	0.00466	0.00398	0.00449	0.00742
11	0.00617	0.00446	0.00583	0.00549	0.00652	0.00412	0.00412	0.00823	0.01235	0.01749	0.81722	0.03258	0.04115	0.00892	0.00514	0.00137	0.00206	0.00789	0.00480	0.00412
12	0.00694	0.00496	0.00693	0.00793	0.00889	0.00494	0.00687	0.00888	0.00995	0.01295	0.02314	0.09064	0.02530	0.01213	0.00600	0.00200	0.00394	0.74960	0.00402	0.00399
13	0.00824	0.00775	0.01308	0.83624	0.03004	0.00969	0.01211	0.01114	0.00872	0.01114	0.00775	0.01163	0.00581	0.00436	0.00436	0.00145	0.00581	0.00388	0.00194	0.00484
14	0.01119	0.00954	0.01005	0.00894	0.01147	0.01101	0.00699	0.06940	0.76486	0.01879	0.01732	0.01593	0.01296	0.00588	0.00443	0.00147	0.00353	0.00487	0.00443	0.00693
15	0.00623	0.00466	0.00696	0.00696	0.00772	0.00543	0.00539	0.00776	0.00700	0.01009	0.01173	0.01738	0.01101	0.05020	0.81209	0.00695	0.01152	0.00471	0.00234	0.00387
16	0.00824	0.00775	0.01308	0.83624	0.03004	0.00969	0.01211	0.01114	0.00872	0.01114	0.00775	0.01163	0.00581	0.00436	0.00436	0.00145	0.00581	0.00388	0.00194	0.00484
17	0.00832	0.00781	0.01316	0.78505	0.06347	0.00963	0.01207	0.01120	0.00880	0.01131	0.00808	0.01234	0.00624	0.00449	0.00439	0.00146	0.00575	0.01952	0.00199	0.00492
18	0.00720	0.00541	0.00813	0.00863	0.00982	0.00536	0.05540	0.00928	0.01002	0.01307	0.02224	0.06154	0.02405	0.01157	0.00596	0.00197	0.00419	0.72813	0.00391	0.00412
19	0.87753	0.00843	0.00641	0.00574	0.00843	0.00978	0.00472	0.01282	0.00742	0.01957	0.00607	0.00709	0.00472	0.00405	0.00270	0.00135	0.00337	0.00236	0.00270	0.00472
20	0.00527	0.00420	0.00472	0.00506	0.00608	0.00366	0.00362	0.00630	0.00951	0.01187	0.07937	0.32432	0.49699	0.01185	0.00530	0.00157	0.00231	0.01026	0.00409	0.00366
21	0.01957	0.00742	0.01012	0.00776	0.01113	0.00641	0.00641	0.02126	0.01248	0.82254	0.01721	0.01484	0.01080	0.00540	0.00439	0.00135	0.00371	0.00439	0.00540	0.00742
22	0.04841	0.10943	0.70227	0.01160	0.01759	0.01087	0.01468	0.01369	0.00909	0.01370	0.00756	0.00888	0.00550	0.00410	0.00394	0.00133	0.00612	0.00309	0.00188	0.00628
23	0.01095	0.01066	0.01755	0.02633	0.79682	0.03342	0.01325	0.01350	0.01000	0.01415	0.00816	0.01071	0.00687	0.00390	0.00431	0.00129	0.00526	0.00386	0.00216	0.00686
24	0.00531	0.00380	0.00506	0.00607	0.00633	0.00354	0.00405	0.00607	0.00835	0.01113	0.02404	0.84388	0.02885	0.01366	0.00557	0.00177	0.00253	0.01240	0.00405	0.00354
25	0.00703	0.00502	0.00703	0.00803	0.00904	0.00502	0.00703	0.00904	0.01004	0.01305	0.02309	0.04920	0.02510	0.01205	0.00602	0.00201	0.00402	0.79016	0.00402	0.00402
26	0.00856	0.00808	0.01366	0.73513	0.12865	0.00977	0.01227	0.01142	0.00887	0.01153	0.00781	0.01152	0.00595	0.00430	0.00436	0.00143	0.00573	0.00388	0.00197	0.00510
27	0.01029	0.01176	0.02574	0.01838	0.02279	0.01103	0.80368	0.01397	0.01029	0.01397	0.00882	0.01176	0.00662	0.00368	0.00515	0.00147	0.00735	0.00515	0.00221	0.00588
28	0.01700	0.00789	0.00974	0.00763	0.01063	0.00754	0.00625	0.18761	0.01364	0.51617	0.01526	0.01414	0.01014	0.00531	0.00416	0.00128	0.00366	0.00423	0.15086	0.00686
29	0.00540	0.00386	0.00516	0.00618	0.00647	0.00362	0.00420	0.00623	0.00844	0.01123	0.02399	0.80243	0.02865	0.01358	0.00559	0.00178	0.00261	0.05296	0.00405	0.00357
30	0.00629	0.00446	0.00591	0.00591	0.00631	0.00486	0.00408	0.00708	0.00668	0.00931	0.01269	0.02269	0.01332	0.42918	0.43627	0.00565	0.00805	0.00549	0.00249	0.00328
31	0.04911	0.00795	0.01023	0.00793	0.01125	0.00732	0.00653	0.08826	0.04594	0.69296	0.01626	0.01426	0.01040	0.00536	0.00433	0.00135	0.00378	0.00430	0.00517	0.00731
32	0.00588	0.00419	0.00568	0.00666	0.00715	0.00403	0.00496	0.00702	0.00884	0.01168	0.02350	0.57324	0.02736	0.03217	0.00609	0.00190	0.00304	0.25892	0.00401	0.00367
33	0.01119	0.00688	0.00879	0.21051	0.01373	0.00747	0.00676	0.08492	0.10189	0.15483	0.01321	0.01436	0.00970	0.00507	0.00388	0.00126	0.00366	0.00416	0.33229	0.00546
34	0.00875	0.02256	0.82413	0.01243	0.01888	0.01013	0.01611	0.01381	0.00921	0.01381	0.00783	0.00921	0.00552	0.00414	0.00414	0.00138	0.00645	0.00322	0.00184	0.00645
35	0.02634	0.00898	0.00863	0.00755	0.00942	0.13041	0.00585	0.18780	0.06252	0.01863	0.42178	0.03748	0.02513	0.00718	0.00467	0.00133	0.00366	0.00597	0.02151	0.00516
36	0.00676	0.00526	0.00681	0.00664	0.00708	0.02335	0.00481	0.00766	0.00688	0.00957	0.01206	0.03698	0.01253	0.33114	0.42477	0.00530	0.08110	0.00533	0.00244	0.00353
37	0.09555	0.08914	0.03023	0.06033	0.30971	0.08880	0.17538	0.03171	0.02476	0.01411	0.00849	0.03689	0.00715	0.00431	0.00420	0.00132	0.00559	0.00404	0.00234	0.00597
38	0.05087	0.00761	0.01008	0.00776	0.01111	0.00676	0.00641	0.04602	0.01255	0.76772	0.01658	0.01442	0.01047	0.00534	0.00432	0.00135	0.00373	0.00430	0.00527	0.00732
39	0.01025	0.06500	0.38080	0.01605	0.18128	0.04638	0.17553	0.01423	0.02700	0.03052	0.00837	0.01014	0.00631	0.00405	0.00431	0.00135	0.00621	0.00374	0.00213	0.00634
40	0.00646	0.00499	0.00765	0.04471	0.00897	0.00570	0.03119	0.00799	0.00712	0.01012	0.01163	0.01789	0.01105	0.11484	0.68185	0.00629	0.01050	0.00483	0.00235	0.00387
41	0.00633	0.00462	0.00596	0.00560	0.00667	0.00434	0.00421	0.00872	0.03862	0.01751	0.79093	0.03204	0.04024	0.00882	0.00512	0.00138	0.00210	0.00779	0.00479	0.00421
42	0.01539	0.01131	0.01224	0.00962	0.01276	0.01246	0.00791	0.70898	0.01905	0.02551	0.01150	0.01406	0.00906	0.04959	0.00541	0.00151	0.00472	0.05773	0.00425	0.00694
43	0.00531	0.00380	0.00506	0.00607	0.00633	0.00354	0.00405	0.00607	0.00835	0.01113	0.02404	0.84388	0.02885	0.01366	0.00557	0.00177	0.00253	0.01240	0.00405	0.00354
44	0.00954	0.00954	0.01336	0.01145	0.01145	0.01336	0.00954	0.01050	0.00668	0.01050	0.00573	0.00954	0.00573	0.00763	0.01431	0.00191	0.83874	0.00382	0.00191	0.00477
45	0.00617	0.00446	0.00583	0.00549	0.00652	0.00412	0.00412	0.00823	0.01235	0.01749	0.81722	0.03258	0.04115	0.00892	0.00514	0.00137	0.00206	0.00789	0.00480	0.00412
46	0.00824	0.00775	0.01308	0.83624	0.03004	0.00969	0.01211	0.01114	0.00872	0.01114	0.00775	0.01163	0.00581	0.00436	0.00436	0.00145	0.00581	0.00388	0.00194	0.00484
47	0.01060	0.01187	0.06799	0.02154	0.42844	0.04621	0.27726	0.01355	0.00998	0.01379	0.00853	0.02618	0.00704	0.00416	0.00492	0.00138	0.03366	0.00438	0.00219	0.00632
48	0.01658	0.01222	0.01309	0.01003	0.01353	0.01353	0.00829	0.80497	0.02051	0.02749	0.01047	0.01047	0.00742	0.00524	0.00436	0.00131	0.00480	0.00393	0.00436	0.00742
49	0.01629	0.02079	0.01236	0.01124	0.01348	0.82921	0.00843	0.01742	0.01236	0.01067	0.00674	0.00787	0.00562	0.00449	0.00393	0.00112	0.00787	0.00281	0.00225	0.00506
50	0.00833	0.00789	0.01345	0.80389	0.04349	0.00973	0.02993	0.01125	0.00878	0.01126	0.00778	0.01162	0.00585	0.00434	0.00438	0.00145	0.00584	0.00390	0.00195	0.00490
51	0.01957	0.00742	0.01012	0.00776	0.01113	0.00641	0.00641	0.02126	0.01248	0.82254	0.01721	0.01484	0.01080	0.00540	0.00439	0.00135	0.00371	0.00439	0.00540	0.00742
52	0.01957	0.00742	0.01012	0.00776	0.01113	0.00641	0.00641	0.02126	0.01248	0.82254	0.01721	0.01484	0.01080	0.00540	0.00439	0.00135	0.00371	0.00439	0.00540	0.00742
53	0.00531	0.00383	0.00503	0.00599	0.00630	0.00355	0.00401	0.00608	0.00843	0.01117	0.02509	0.80205	0.06999	0.01353	0.00555	0.00176	0.00251	0.01223	0.00405	0.00355
54	0.00954	0.00954	0.01336	0.01145	0.01145	0.01336	0.00954	0.01050	0.00668	0.01050	0.00573	0.00954	0.00573	0.00763	0.01431	0.00191	0.83874	0.00382	0.00191	0.00477
55	0.00531	0.00380	0.00506	0.00607	0.00633	0.00354	0.00405	0.00607	0.00835	0.01113	0.02404	0.84388	0.02885	0.01366	0.00557	0.00177	0.00253	0.01240	0.00405	0.00354
56	0.00623	0.00467	0.00701	0.00701	0.00779	0.00545	0.00545	0.00779	0.00701	0.01012	0.01168	0.01713	0.01090	0.03271	0.82944	0.00701	0.01168	0.00467	0.00234	0.00389
57	0.00893	0.00813	0.01368	0.69319	0.14653	0.00970	0.01214	0.01176	0.00901	0.03419	0.00808	0.01159	0.00611	0.00432	0.00435	0.00143	0.00566	0.00389	0.00207	0.00522
58	0.01190	0.80613	0.02231	0.00766	0.01131	0.05960	0.00751	0.01329	0.00904	0.01028	0.00610	0.00704	0.00560	0.00377	0.00286	0.00094	0.00483	0.00236	0.00189	0.00557
59	0.01266	0.01016	0.01080	0.00919	0.01197	0.01154	0.00729	0.24892	0.56894	0.03523	0.01564	0.01457	0.01157	0.00571	0.00442	0.00143	0.00385	0.00463	0.00443	0.00706
60	0.00531	0.00380	0.00506	0.00607	0.00633	0.00354	0.00405	0.00607	0.00835	0.01113	0.02404	0.84388	0.02885	0.01366	0.00557	0.00177	0.00253	0.01240	0.00405	0.00354
61	0.01301	0.01398	0.21427	0.01474	0.16409	0.06701	0.14508	0.11673	0.02254	0.17024	0.01025	0.01117	0.00732	0.00445	0.00441	0.00135	0.00569	0.00398	0.00303	0.00666
62	0.00634	0.00423	0.00476	0.00476	0.00476	0.00423	0.00264	0.00634	0.00634	0.00846	0.01374	0.02854	0.01586	0.84672	0.02220	0.00423	0.00423	0.00634	0.00264	0.00264
63	0.02441	0.06194	0.74485	0.01240	0.03093	0.01049	0.02859	0.01375	0.00919	0.01375	0.00773	0.00913	0.00555	0.00411	0.00407	0.00136	0.00630	0.00321	0.00187	0.00637
64	0.00707	0.00586	0.00644	0.00607	0.00723	0.06908	0.00459	0.00925	0.02888	0.01673	0.69760	0.03100	0.05112	0.00865	0.00506	0.00138	0.00261	0.03260	0.00455	0.00424
65	0.00674	0.00537	0.00740	0.00767	0.02270	0.00538	0.05328	0.02509	0.12521	0.01272	0.02165	0.64187	0.02443	0.01159	0.00533	0.00169	0.00305	0.01055	0.00397	0.00431
66	0.01530	0.03642	0.03207	0.01234	0.12257	0.07752	0.00910	0.57345	0.04015	0.02331	0.00989	0.01035	0.00728	0.00495	0.00428	0.00129	0.00509	0.00380	0.00377	0.00707
67	0.00551	0.00443	0.00491	0.00479	0.00611	0.00383	0.00359	0.00694	0.01077	0.01376	0.31190	0.03872	0.54880	0.01031	0.00515	0.00144	0.00216	0.00875	0.00431	0.00383
68	0.00875	0.02256	0.82413	0.01243	0.01888	0.01013	0.01611	0.01381	0.00921	0.01381	0.00783	0.00921	0.00552	0.00414	0.00414	0.00138	0.00645	0.00322	0.00184	0.00645
69	0.01129	0.02737	0.01764	0.04254	0.66840	0.01083	0.05097	0.09058	0.01093	0.01538	0.00840	0.01075	0.00689	0.00402	0.00433	0.00130	0.00525	0.00392	0.00237	0.00684
70	0.09403	0.01146	0.01235	0.01017	0.04572	0.01266	0.00801	0.66902	0.01840	0.02558	0.01052	0.04326	0.00800	0.00541	0.00426	0.00133	0.00460	0.00412	0.00411	0.00700
71	0.00623	0.00467	0.00701	0.00701	0.00779	0.00545	0.00545	0.00779	0.00701	0.01012	0.01168	0.01713	0.01090	0.03271	0.82944	0.00701	0.01168	0.00467	0.00234	0.00389
72	0.00623	0.00467	0.00701	0.00701	0.00779	0.00545	0.00545	0.00779	0.00701	0.01012	0.01168	0.01713	0.01090	0.03271	0.82944	0.00701	0.01168	0.00467	0.00234	0.00389
73	0.01115	0.01094	0.02144	0.01571	0.01952	0.04688	0.60315	0.01421	0.01045	0.10488	0.01109	0.08941	0.00911	0.00484	0.00505	0.00147	0.00652	0.00563	0.00274	0.00580
74	0.01166	0.84935	0.02285	0.00746	0.01119	0.01726	0.00746	0.01306	0.00886	0.01026	0.00606	0.00700	0.00560	0.00373	0.00280	0.00093	0.00466	0.00233	0.00187	0.00560
75	0.77996	0.00865	0.00768	0.00810	0.09974	0.00985	0.00570	0.01288	0.00770	0.01897	0.00631	0.00750	0.00497	0.00403	0.00288	0.00134	0.00358	0.00253	0.00264	0.00497
76	0.00875	0.02256	0.82413	0.01243	0.01888	0.01013	0.01611	0.01381	0.00921	0.01381	0.00783	0.00921	0.00552	0.00414	0.00414	0.00138	0.00645	0.00322	0.00184	0.00645
77	0.01166	0.84935	0.02285	0.00746	0.01119	0.01726	0.00746	0.01306	0.00886	0.01026	0.00606	0.00700	0.00560	0.00373	0.00280	0.00093	0.00466	0.00233	0.00187	0.00560
78	0.01957	0.00742	0.01012	0.00776	0.01113	0.00641	0.00641	0.02126	0.01248	0.82254	0.01721	0.01484	0.01080	0.00540	0.00439	0.00135	0.00371	0.00439	0.00540	0.00742
79	0.00624	0.00465	0.00689	0.00689	0.00763	0.00539	0.00531	0.00771	0.00697	0.01004	0.01179	0.01773	0.01116	0.07516	0.78734	0.00686	0.01129	0.00476	0.00235	0.00383
80	0.01687	0.00769	0.01005	0.00798	0.01093	0.00733	0.00653	0.13771	0.01278	0.56535	0.01526	0.01457	0.01030	0.00997	0.14325	0.00230	0.00522	0.00436	0.00473	0.00683
81	0.00703	0.00502	0.00703	0.00803	0.00904	0.00502	0.00703	0.00904	0.01004	0.01305	0.02309	0.04920	0.02510	0.01205	0.00602	0.00201	0.00402	0.79016	0.00402	0.00402
82	0.00996	0.01019	0.05454	0.25899	0.55448	0.01016	0.01315	0.01276	0.00955	0.01333	0.00806	0.01096	0.00653	0.00403	0.00432	0.00134	0.00542	0.00385	0.00208	0.00629
83	0.01019	0.00972	0.01594	0.02375	0.69668	0.02652	0.01206	0.01252	0.00978	0.01377	0.01024	0.11938	0.00974	0.00517	0.00447	0.00135	0.00489	0.00497	0.00241	0.00643
84	0.00839	0.20625	0.07024	0.04627	0.01034	0.04869	0.01747	0.01086	0.04719	0.01412	0.34036	0.03468	0.11468	0.00702	0.00440	0.00128	0.00361	0.00585	0.00348	0.00481
85	0.00535	0.00382	0.00510	0.00611	0.00638	0.00357	0.00411	0.00614	0.00839	0.01117	0.02402	0.82718	0.02877	0.01363	0.00558	0.00178	0.00256	0.02874	0.00405	0.00355
86	0.00972	0.21156	0.06685	0.02577	0.30434	0.02427	0.00926	0.01198	0.01033	0.02616	0.22266	0.01622	0.03262	0.00539	0.00417	0.00124	0.00428	0.00463	0.00285	0.00570
87	0.00600	0.00445	0.00558	0.00622	0.00677	0.00437	0.00426	0.00801	0.09119	0.01220	0.08099	0.64380	0.04056	0.05593	0.00628	0.00184	0.00267	0.01093	0.00407	0.00389

[dist]
# distance from previous block
# <min> <max>
0	1

[block]
# block no. 4 follows, 60 sequences, length 10
# corresponding to MSA columns:
# 237-246
name=unknown_E
#
# <colnr> <probs for GDERKNQSTAVLIFYWHMCP>
#	G	D	E	R	K	N	Q	S	T	A	V	L	I	F	Y	W	H	M	C	P
0	0.01087	0.31785	0.36882	0.01028	0.01503	0.04481	0.04439	0.04956	0.01002	0.04683	0.03833	0.00964	0.00725	0.00427	0.00375	0.00121	0.00554	0.00322	0.00226	0.00606
1	0.00985	0.14130	0.54337	0.01322	0.08247	0.01114	0.08318	0.01394	0.00942	0.04151	0.00801	0.00943	0.00593	0.00407	0.00406	0.00132	0.00607	0.00335	0.00203	0.00634
2	0.00558	0.00398	0.00536	0.00637	0.00674	0.00377	0.00450	0.00653	0.00861	0.01143	0.02389	0.72249	0.02827	0.01342	0.00564	0.00181	0.00276	0.13120	0.00404	0.00361
3	0.00731	0.00682	0.03319	0.01017	0.07833	0.00638	0.13184	0.02674	0.00978	0.01334	0.14218	0.34881	0.07956	0.00951	0.00572	0.00159	0.04849	0.03216	0.00354	0.00454
4	0.00846	0.00722	0.00836	0.00618	0.00965	0.00549	0.00490	0.01031	0.00928	0.01405	0.04480	0.01392	0.10452	0.00439	0.00354	0.00077	0.00306	0.00359	0.00285	0.73464
5	0.02980	0.00965	0.01126	0.00970	0.04775	0.01067	0.00750	0.42401	0.06056	0.09272	0.01145	0.01289	0.00882	0.03530	0.14327	0.00239	0.04785	0.00419	0.02385	0.00637
6	0.01223	0.01302	0.01343	0.04979	0.26605	0.27853	0.00977	0.07601	0.02610	0.01331	0.00943	0.09684	0.00876	0.00570	0.00548	0.00137	0.10152	0.00444	0.00256	0.00566
7	0.10818	0.05354	0.00681	0.00554	0.00657	0.00619	0.00381	0.04172	0.00786	0.07617	0.01380	0.02320	0.04747	0.53709	0.04228	0.00333	0.00429	0.00547	0.00295	0.00372
8	0.01078	0.00999	0.01878	0.03833	0.05220	0.01018	0.42603	0.01435	0.07396	0.09642	0.02823	0.01356	0.00880	0.00647	0.05313	0.00183	0.10934	0.01903	0.00276	0.00581
9	0.04242	0.01233	0.11543	0.12992	0.16015	0.10868	0.03355	0.03951	0.05446	0.01323	0.00849	0.01184	0.00718	0.00545	0.00669	0.00150	0.20502	0.03620	0.00234	0.00561

[dist]
# distance from previous block
# <min> <max>
2	11

[block]
# block no. 5 follows, 60 sequences, length 8
# corresponding to MSA columns:
# 258-265
name=unknown_F
#
# <colnr> <probs for GDERKNQSTAVLIFYWHMCP>
#	G	D	E	R	K	N	Q	S	T	A	V	L	I	F	Y	W	H	M	C	P
0	0.01166	0.84935	0.02285	0.00746	0.01119	0.01726	0.00746	0.01306	0.00886	0.01026	0.00606	0.00700	0.00560	0.00373	0.00280	0.00093	0.00466	0.00233	0.00187	0.00560
1	0.01231	0.73274	0.02138	0.00799	0.01152	0.13153	0.00760	0.01367	0.00935	0.01032	0.00616	0.00712	0.00560	0.00384	0.00296	0.00096	0.00511	0.00240	0.00192	0.00552
2	0.00566	0.00456	0.03617	0.00610	0.00660	0.00388	0.00433	0.00655	0.00821	0.01116	0.02200	0.69782	0.02597	0.09755	0.00711	0.00198	0.00283	0.01112	0.03682	0.00358
3	0.01038	0.05062	0.41177	0.01159	0.05382	0.01068	0.02974	0.14196	0.14625	0.01647	0.01146	0.04835	0.02726	0.00516	0.00429	0.00138	0.00529	0.00421	0.00286	0.00646
4	0.01336	0.01134	0.04986	0.01331	0.16469	0.01155	0.06085	0.42828	0.09277	0.02147	0.01127	0.04823	0.00885	0.00527	0.00441	0.00135	0.00477	0.00444	0.03712	0.00683
5	0.01174	0.75951	0.06864	0.00788	0.01175	0.01666	0.00800	0.05291	0.00947	0.01133	0.00639	0.00730	0.00568	0.00383	0.00295	0.00098	0.00477	0.00246	0.00199	0.00574
6	0.00530	0.00384	0.00502	0.00596	0.00630	0.00355	0.00400	0.00609	0.00846	0.01118	0.02543	0.78865	0.08318	0.01348	0.00554	0.00175	0.00251	0.01218	0.00405	0.00355
7	0.00535	0.00395	0.00491	0.00566	0.00613	0.00362	0.00381	0.00613	0.00852	0.01108	0.02727	0.63200	0.18184	0.06982	0.00662	0.00188	0.00258	0.01136	0.00395	0.00351

[dist]
# distance from previous block
# <min> <max>
0	26

# created by:
# /st0/software/busco_prod/Augustus/scripts/msa2prfl.pl ./align_prep/29170.fa
