[name]
unknown

[dist]
# distance from previous block
# <min> <max>
0	45

[block]
# block no. 0 follows, 71 sequences, length 13
# corresponding to MSA columns:
# 46-58
name=unknown_A
#
# <colnr> <probs for GDERKNQSTAVLIFYWHMCP>
#	G	D	E	R	K	N	Q	S	T	A	V	L	I	F	Y	W	H	M	C	P
0	0.31159	0.00860	0.03788	0.04819	0.02947	0.11506	0.02544	0.02660	0.02471	0.05720	0.01023	0.07232	0.04198	0.02067	0.00368	0.00122	0.00378	0.05929	0.00262	0.09945
1	0.04806	0.13304	0.01312	0.03898	0.21954	0.09017	0.00810	0.26804	0.03052	0.10187	0.00837	0.00905	0.00631	0.00402	0.00354	0.00110	0.00439	0.00315	0.00283	0.00580
2	0.00753	0.00621	0.00729	0.00566	0.00832	0.00497	0.00436	0.04163	0.00811	0.01221	0.00957	0.14847	0.00944	0.05796	0.00425	0.00095	0.00285	0.00393	0.00255	0.65374
3	0.00894	0.03199	0.38070	0.03283	0.01301	0.02746	0.00976	0.14407	0.06491	0.03321	0.00865	0.01055	0.00680	0.04014	0.13882	0.00209	0.03515	0.00337	0.00231	0.00524
4	0.02205	0.22930	0.03445	0.04292	0.20072	0.10732	0.08111	0.02129	0.00882	0.05577	0.04229	0.11913	0.00941	0.00482	0.00363	0.00112	0.00443	0.00415	0.00232	0.00495
5	0.01685	0.00710	0.00925	0.00709	0.01007	0.00648	0.00586	0.12865	0.01193	0.73267	0.01432	0.01253	0.00909	0.00473	0.00385	0.00118	0.00339	0.00380	0.00462	0.00652
6	0.00938	0.00920	0.03050	0.10072	0.63008	0.00931	0.06199	0.04477	0.00890	0.01258	0.00719	0.00953	0.00592	0.00363	0.00420	0.00119	0.03972	0.00347	0.00195	0.00578
7	0.00509	0.00391	0.00473	0.00478	0.00553	0.00367	0.00344	0.00618	0.00875	0.01161	0.29933	0.22591	0.27911	0.08410	0.00619	0.00155	0.03126	0.00798	0.00361	0.00329
8	0.00689	0.08617	0.00769	0.00632	0.02103	0.03081	0.02385	0.01033	0.19959	0.01239	0.17188	0.21206	0.18046	0.00782	0.00423	0.00128	0.00273	0.00676	0.00347	0.00422
9	0.01160	0.02371	0.10578	0.06735	0.24102	0.05051	0.02917	0.29430	0.01204	0.08412	0.00888	0.03846	0.00689	0.00430	0.00382	0.00117	0.00457	0.00361	0.00281	0.00588
10	0.00823	0.00598	0.00787	0.07593	0.08269	0.00601	0.02097	0.10619	0.05104	0.09452	0.21903	0.03459	0.19396	0.05703	0.01774	0.00145	0.00316	0.00564	0.00346	0.00449
11	0.00873	0.01318	0.34802	0.15337	0.05731	0.05311	0.05215	0.05164	0.08687	0.03158	0.00855	0.01010	0.01795	0.00535	0.04606	0.00148	0.04380	0.00338	0.00213	0.00525
12	0.03567	0.06599	0.07475	0.00863	0.07956	0.05829	0.02658	0.04666	0.11858	0.05820	0.00947	0.02221	0.03022	0.00398	0.00355	0.00096	0.02212	0.00318	0.00258	0.32884

[dist]
# distance from previous block
# <min> <max>
2	5

[block]
# block no. 1 follows, 71 sequences, length 32
# corresponding to MSA columns:
# 64-95
name=unknown_B
#
# <colnr> <probs for GDERKNQSTAVLIFYWHMCP>
#	G	D	E	R	K	N	Q	S	T	A	V	L	I	F	Y	W	H	M	C	P
0	0.01946	0.21059	0.25453	0.03173	0.06121	0.15327	0.10297	0.05769	0.03395	0.01172	0.00697	0.01602	0.00555	0.00377	0.00358	0.00110	0.01572	0.00299	0.00196	0.00522
1	0.19587	0.00566	0.00632	0.00538	0.00735	0.00562	0.00430	0.02651	0.00862	0.28819	0.01149	0.01268	0.00860	0.04274	0.06747	0.00157	0.00334	0.01204	0.24725	0.03900
2	0.00970	0.00948	0.01489	0.06519	0.72526	0.05379	0.01129	0.02269	0.02795	0.01245	0.00734	0.00950	0.00610	0.00352	0.00378	0.00114	0.00467	0.00339	0.00196	0.00590
3	0.00657	0.00336	0.00493	0.00493	0.00493	0.00336	0.00325	0.00504	0.00504	0.00672	0.00710	0.01275	0.00725	0.08262	0.01535	0.81647	0.00336	0.00351	0.00172	0.00172
4	0.00511	0.00410	0.00459	0.00447	0.00565	0.00369	0.00337	0.00685	0.04982	0.01234	0.30839	0.05166	0.49664	0.00892	0.00452	0.00128	0.00198	0.01932	0.00380	0.00351
5	0.26423	0.00932	0.01366	0.03433	0.20979	0.05169	0.24294	0.02593	0.08750	0.01410	0.00759	0.00914	0.00591	0.00363	0.00359	0.00121	0.00463	0.00339	0.00227	0.00514
6	0.00612	0.00478	0.00572	0.00606	0.00692	0.00497	0.00441	0.00967	0.23057	0.01184	0.05309	0.51067	0.05041	0.00982	0.00463	0.00148	0.00251	0.06868	0.00368	0.00397
7	0.02222	0.03615	0.34244	0.17964	0.06106	0.04189	0.18030	0.03053	0.04681	0.01207	0.00742	0.00924	0.00552	0.00368	0.00383	0.00122	0.00547	0.00336	0.00190	0.00525
8	0.00896	0.00856	0.01463	0.14704	0.67526	0.00880	0.02315	0.01123	0.00852	0.01201	0.00770	0.04272	0.00667	0.00381	0.00385	0.00118	0.00458	0.00372	0.00193	0.00567
9	0.00462	0.00373	0.00412	0.00438	0.00535	0.00323	0.00317	0.00554	0.00840	0.01036	0.05737	0.27609	0.56785	0.01033	0.00465	0.00137	0.00204	0.02060	0.00358	0.00322
10	0.00966	0.06973	0.18591	0.03313	0.18482	0.16770	0.03790	0.02577	0.13358	0.01199	0.02271	0.01079	0.02737	0.02340	0.03803	0.00140	0.00515	0.00345	0.00226	0.00524
11	0.00549	0.00408	0.00601	0.00601	0.00664	0.00471	0.00460	0.00675	0.00612	0.00878	0.01041	0.01585	0.00993	0.09483	0.78445	0.00597	0.00975	0.00422	0.00208	0.00334
12	0.00855	0.03360	0.02816	0.01012	0.12891	0.03398	0.09861	0.07321	0.17806	0.03788	0.08165	0.18115	0.07678	0.00642	0.00418	0.00128	0.00360	0.00577	0.00317	0.00493
13	0.01075	0.78223	0.01917	0.00673	0.00999	0.01468	0.00659	0.07134	0.00862	0.03219	0.00587	0.00656	0.00516	0.00342	0.00260	0.00085	0.00409	0.00220	0.00188	0.00508
14	0.00805	0.00659	0.00777	0.00565	0.00886	0.00501	0.00451	0.00975	0.00826	0.03833	0.06971	0.00966	0.00809	0.00327	0.00300	0.00063	0.00278	0.00267	0.00249	0.79492
15	0.01103	0.06102	0.10126	0.02307	0.03759	0.29631	0.03921	0.04481	0.06034	0.09403	0.01064	0.14066	0.00973	0.00554	0.00397	0.00120	0.01581	0.03627	0.00267	0.00483
16	0.83504	0.03789	0.00630	0.00524	0.00763	0.03411	0.00433	0.01140	0.00670	0.01668	0.00536	0.00625	0.00420	0.00356	0.00241	0.00117	0.00312	0.00209	0.00234	0.00419
17	0.02344	0.01866	0.01324	0.06615	0.40550	0.13285	0.06634	0.04525	0.08431	0.01292	0.07735	0.01142	0.01726	0.00415	0.00384	0.00116	0.00463	0.00374	0.00237	0.00541
18	0.00912	0.06514	0.23536	0.00990	0.05826	0.05495	0.12059	0.03343	0.04764	0.07252	0.10861	0.01227	0.03470	0.00433	0.00375	0.00110	0.00442	0.00377	0.00254	0.11760
19	0.05205	0.00692	0.01134	0.78528	0.05261	0.00854	0.01036	0.00994	0.00764	0.01026	0.00675	0.01000	0.00509	0.00381	0.00376	0.00127	0.00498	0.00334	0.00174	0.00431
20	0.00818	0.26007	0.18220	0.00840	0.01154	0.00934	0.12324	0.02895	0.04139	0.01213	0.16700	0.05550	0.03805	0.00494	0.00367	0.00111	0.00408	0.00424	0.00248	0.03349
21	0.00655	0.00340	0.00511	0.00511	0.00517	0.00347	0.00347	0.00517	0.00511	0.00687	0.00701	0.01198	0.00694	0.01480	0.09497	0.80394	0.00399	0.00340	0.00170	0.00183
22	0.00822	0.19668	0.67322	0.01002	0.01519	0.01021	0.01258	0.01200	0.00803	0.01149	0.00656	0.00769	0.00487	0.00357	0.00340	0.00113	0.00534	0.00267	0.00162	0.00551
23	0.02766	0.00610	0.00759	0.00811	0.08768	0.00634	0.00594	0.18595	0.01036	0.01438	0.01550	0.02614	0.05579	0.08594	0.00570	0.00160	0.00348	0.32511	0.11630	0.00432
24	0.01525	0.00640	0.00843	0.00663	0.00928	0.00578	0.00541	0.04983	0.04620	0.66422	0.09375	0.01449	0.01204	0.00504	0.00388	0.00118	0.00309	0.00414	0.03884	0.00611
25	0.00920	0.00712	0.02218	0.00663	0.00859	0.00731	0.00533	0.27102	0.14667	0.03529	0.32269	0.02033	0.10859	0.00644	0.00417	0.00121	0.00289	0.00539	0.00394	0.00500
26	0.00724	0.00681	0.01150	0.85604	0.02641	0.00852	0.01065	0.00980	0.00767	0.00980	0.00681	0.01022	0.00511	0.00383	0.00383	0.00128	0.00511	0.00341	0.00170	0.00426
27	0.00862	0.00764	0.01048	0.08826	0.19920	0.00823	0.04050	0.02904	0.35290	0.01360	0.01296	0.09843	0.01129	0.00552	0.00404	0.00128	0.00367	0.05822	0.00304	0.04308
28	0.00993	0.00843	0.00889	0.00788	0.01012	0.00972	0.00616	0.08337	0.77077	0.01667	0.01511	0.01391	0.01130	0.00516	0.00390	0.00129	0.00313	0.00427	0.00390	0.00610
29	0.00764	0.00711	0.01135	0.70724	0.06552	0.00868	0.01013	0.01123	0.11174	0.01072	0.00794	0.01070	0.00599	0.00398	0.00384	0.00127	0.00482	0.00352	0.00199	0.00458
30	0.02089	0.00868	0.00915	0.00738	0.00987	0.08772	0.01841	0.24352	0.10038	0.13008	0.14834	0.01349	0.02496	0.00495	0.00386	0.00108	0.01239	0.00397	0.00353	0.14734
31	0.01070	0.04041	0.28755	0.01147	0.14418	0.00942	0.02474	0.20674	0.07834	0.08662	0.00887	0.00948	0.00647	0.00399	0.00368	0.00114	0.00453	0.00326	0.00269	0.05571

[dist]
# distance from previous block
# <min> <max>
1	7

[block]
# block no. 2 follows, 71 sequences, length 13
# corresponding to MSA columns:
# 103-115
name=unknown_C
#
# <colnr> <probs for GDERKNQSTAVLIFYWHMCP>
#	G	D	E	R	K	N	Q	S	T	A	V	L	I	F	Y	W	H	M	C	P
0	0.40381	0.12488	0.07794	0.00746	0.02496	0.16526	0.02362	0.03350	0.04650	0.03090	0.00680	0.02703	0.00554	0.00391	0.00296	0.00112	0.00420	0.00266	0.00231	0.00466
1	0.00522	0.00392	0.00455	0.00451	0.00551	0.00356	0.00334	0.00680	0.02925	0.01278	0.36353	0.12704	0.33523	0.00872	0.00442	0.00126	0.00194	0.00753	0.06743	0.00347
2	0.01025	0.86756	0.02009	0.00656	0.00984	0.01517	0.00656	0.01148	0.00779	0.00902	0.00533	0.00615	0.00492	0.00328	0.00246	0.00082	0.00410	0.00205	0.00164	0.00492
3	0.49670	0.00701	0.00711	0.00585	0.00849	0.00726	0.00482	0.01462	0.00854	0.39098	0.00976	0.00931	0.00657	0.00410	0.00304	0.00119	0.00310	0.00288	0.00345	0.00523
4	0.00526	0.00391	0.00489	0.00465	0.00563	0.00355	0.00349	0.00691	0.01046	0.01444	0.68999	0.03018	0.18608	0.00819	0.00452	0.00122	0.00183	0.00715	0.00410	0.00355
5	0.42613	0.00802	0.00774	0.00638	0.00894	0.00881	0.00523	0.24173	0.04840	0.13144	0.00979	0.00984	0.04024	0.00437	0.00315	0.00118	0.00329	0.00309	0.02706	0.00517
6	0.00467	0.00391	0.00407	0.00410	0.00535	0.00332	0.00312	0.00573	0.00887	0.01071	0.08585	0.03672	0.75073	0.00964	0.00457	0.00131	0.00201	0.04843	0.00360	0.00327
7	0.00539	0.00373	0.00466	0.00494	0.00562	0.00339	0.00346	0.00637	0.00846	0.04522	0.21184	0.43043	0.18020	0.06111	0.00557	0.00154	0.00221	0.00885	0.00369	0.00335
8	0.05066	0.00731	0.00896	0.00700	0.00990	0.00695	0.00572	0.11430	0.11661	0.52696	0.01329	0.01199	0.00884	0.00456	0.00370	0.00114	0.00329	0.00364	0.00420	0.09099
9	0.00469	0.00377	0.00414	0.00429	0.00528	0.00327	0.00310	0.00565	0.00858	0.01068	0.11871	0.20428	0.56279	0.03697	0.00508	0.00142	0.00204	0.00846	0.00359	0.00322
10	0.00469	0.00346	0.00439	0.00506	0.00551	0.00316	0.00345	0.00548	0.00779	0.01022	0.07310	0.67437	0.16251	0.01138	0.00481	0.00149	0.00215	0.01019	0.00360	0.00316
11	0.00896	0.02671	0.13291	0.10914	0.35017	0.05898	0.05364	0.03184	0.00855	0.01175	0.02460	0.02877	0.02601	0.00436	0.00488	0.00124	0.10662	0.00365	0.00198	0.00526
12	0.00916	0.09687	0.04197	0.01111	0.18323	0.08362	0.00770	0.05153	0.07560	0.03283	0.00844	0.01091	0.00728	0.03047	0.21226	0.00247	0.12402	0.00347	0.00222	0.00483

[dist]
# distance from previous block
# <min> <max>
2	5

[block]
# block no. 3 follows, 71 sequences, length 28
# corresponding to MSA columns:
# 121-148
name=unknown_D
#
# <colnr> <probs for GDERKNQSTAVLIFYWHMCP>
#	G	D	E	R	K	N	Q	S	T	A	V	L	I	F	Y	W	H	M	C	P
0	0.24113	0.06313	0.08190	0.00727	0.05064	0.00758	0.01885	0.04575	0.00823	0.06015	0.00694	0.00785	0.00543	0.00334	0.00294	0.00090	0.00342	0.00248	0.00238	0.37967
1	0.00916	0.16327	0.01251	0.03275	0.24279	0.03549	0.00738	0.01221	0.12487	0.01217	0.00808	0.02134	0.00675	0.00361	0.00326	0.00092	0.00375	0.00300	0.00228	0.29443
2	0.00791	0.01567	0.54410	0.12114	0.08926	0.02990	0.04839	0.01150	0.00810	0.01161	0.00747	0.04530	0.00593	0.00410	0.00407	0.00124	0.03384	0.00339	0.00176	0.00531
3	0.00478	0.00381	0.00428	0.00434	0.00538	0.00332	0.00319	0.00592	0.00907	0.01155	0.23998	0.15645	0.51527	0.00957	0.00458	0.00131	0.00195	0.00821	0.00373	0.00332
4	0.00504	0.00366	0.00475	0.00499	0.00562	0.00337	0.00355	0.00630	0.00918	0.01261	0.43108	0.39667	0.07931	0.00979	0.00469	0.00137	0.00200	0.00875	0.00389	0.00337
5	0.00474	0.00339	0.00446	0.00523	0.00550	0.00317	0.00350	0.00544	0.00747	0.00997	0.06043	0.76914	0.04336	0.04775	0.00548	0.00163	0.00226	0.01042	0.00354	0.00311
6	0.00783	0.00820	0.03052	0.01162	0.01437	0.00766	0.46842	0.01126	0.08771	0.01316	0.20651	0.06824	0.03580	0.00522	0.00447	0.00129	0.00465	0.00553	0.00280	0.00472
7	0.00936	0.00902	0.01554	0.06743	0.77593	0.00909	0.03380	0.01168	0.00868	0.01238	0.00721	0.00955	0.00602	0.00343	0.00382	0.00115	0.00464	0.00345	0.00189	0.00595
8	0.00905	0.01034	0.02262	0.01616	0.02004	0.00970	0.82741	0.01228	0.00905	0.01228	0.00776	0.01034	0.00582	0.00323	0.00452	0.00129	0.00646	0.00452	0.00194	0.00517
9	0.00557	0.00375	0.00437	0.00437	0.00444	0.00382	0.00256	0.00570	0.00563	0.00757	0.01191	0.02414	0.01353	0.78566	0.09854	0.00395	0.00434	0.00544	0.00230	0.00243
10	0.00724	0.00681	0.01150	0.85604	0.02641	0.00852	0.01065	0.00980	0.00767	0.00980	0.00681	0.01022	0.00511	0.00383	0.00383	0.00128	0.00511	0.00341	0.00170	0.00426
11	0.00857	0.00680	0.00801	0.00576	0.00913	0.00515	0.00462	0.01026	0.00815	0.06823	0.00737	0.00829	0.00593	0.00297	0.00291	0.00061	0.00287	0.00238	0.00244	0.82955
12	0.00852	0.00680	0.00801	0.00575	0.00913	0.00514	0.00461	0.01021	0.00814	0.06378	0.00733	0.00827	0.00591	0.00296	0.00290	0.00061	0.00287	0.00237	0.00242	0.83428
13	0.00648	0.00474	0.00554	0.00532	0.00642	0.00483	0.00398	0.01010	0.19010	0.01453	0.40663	0.12608	0.04560	0.00729	0.00414	0.00122	0.00213	0.00635	0.14445	0.00408
14	0.27765	0.06796	0.39327	0.00906	0.02571	0.04136	0.05842	0.02858	0.00803	0.03202	0.00667	0.00776	0.00495	0.00364	0.00322	0.00117	0.00467	0.00270	0.01808	0.00509
15	0.47984	0.00827	0.00981	0.01147	0.26284	0.02576	0.03433	0.02410	0.00782	0.07077	0.00671	0.00794	0.00523	0.00369	0.00330	0.00118	0.02685	0.00275	0.00237	0.00497
16	0.00536	0.00390	0.00504	0.00478	0.00569	0.00358	0.00358	0.00709	0.01065	0.01496	0.77498	0.04964	0.08027	0.00804	0.00453	0.00122	0.00183	0.00710	0.00417	0.00358
17	0.00671	0.00385	0.00423	0.00411	0.00505	0.00377	0.00309	0.02870	0.00906	0.01459	0.24033	0.04493	0.03936	0.00577	0.00333	0.00102	0.00187	0.00484	0.57175	0.00364
18	0.00460	0.00385	0.00400	0.00404	0.00524	0.00325	0.00300	0.00560	0.00877	0.01063	0.08649	0.09190	0.73601	0.00975	0.00456	0.00131	0.00195	0.00821	0.00360	0.00325
19	0.00769	0.01983	0.84538	0.01093	0.01659	0.00890	0.01417	0.01214	0.00810	0.01214	0.00688	0.00810	0.00486	0.00364	0.00364	0.00121	0.00567	0.00283	0.00162	0.00567
20	0.00558	0.00403	0.00521	0.00576	0.00637	0.00394	0.00440	0.00696	0.03320	0.01067	0.07756	0.28848	0.06838	0.14642	0.00729	0.00193	0.00294	0.31419	0.00341	0.00328
21	0.00795	0.00681	0.00795	0.00568	0.00909	0.00511	0.00454	0.00965	0.00795	0.01249	0.00681	0.00795	0.00568	0.00284	0.00284	0.00057	0.00284	0.00227	0.00227	0.88869
22	0.01720	0.00653	0.00890	0.00682	0.00979	0.00564	0.00564	0.01869	0.01097	0.84399	0.01513	0.01305	0.00949	0.00475	0.00386	0.00119	0.00326	0.00386	0.00475	0.00653
23	0.89233	0.00741	0.00564	0.00504	0.00741	0.00860	0.00415	0.01127	0.00653	0.01720	0.00534	0.00623	0.00415	0.00356	0.00237	0.00119	0.00297	0.00208	0.00237	0.00415
24	0.00467	0.00334	0.00445	0.00534	0.00556	0.00311	0.00356	0.00534	0.00734	0.00979	0.02113	0.86275	0.02536	0.01201	0.00489	0.00156	0.00222	0.01090	0.00356	0.00311
25	0.00484	0.00385	0.00436	0.00440	0.00546	0.00336	0.00328	0.00603	0.00916	0.01170	0.25544	0.12924	0.50166	0.00949	0.00459	0.00131	0.00199	0.03275	0.00374	0.00334
26	0.01025	0.86756	0.02009	0.00656	0.00984	0.01517	0.00656	0.01148	0.00779	0.00902	0.00533	0.00615	0.00492	0.00328	0.00246	0.00082	0.00410	0.00205	0.00164	0.00492
27	0.05681	0.03109	0.17534	0.00769	0.04669	0.00673	0.00699	0.03553	0.00852	0.09261	0.00760	0.00843	0.00582	0.00331	0.00313	0.00084	0.00360	0.00260	0.00240	0.49427

[dist]
# distance from previous block
# <min> <max>
0	1

[block]
# block no. 4 follows, 71 sequences, length 21
# corresponding to MSA columns:
# 150-170
name=unknown_E
#
# <colnr> <probs for GDERKNQSTAVLIFYWHMCP>
#	G	D	E	R	K	N	Q	S	T	A	V	L	I	F	Y	W	H	M	C	P
0	0.20103	0.16373	0.03572	0.00980	0.10453	0.38906	0.00722	0.01337	0.02362	0.01155	0.00604	0.00709	0.00501	0.00370	0.00310	0.00103	0.00520	0.00246	0.00202	0.00471
1	0.00813	0.04196	0.79111	0.01065	0.01615	0.00895	0.01363	0.01238	0.00820	0.04411	0.00716	0.00823	0.00504	0.00368	0.00362	0.00120	0.00553	0.00285	0.00174	0.00568
2	0.02824	0.10481	0.01147	0.00817	0.01095	0.01141	0.00676	0.49296	0.23386	0.01993	0.01063	0.02603	0.00803	0.00473	0.00369	0.00116	0.00383	0.00365	0.00358	0.00612
3	0.00551	0.00393	0.00467	0.00461	0.00567	0.00347	0.00341	0.00675	0.00937	0.05343	0.32147	0.17354	0.37179	0.00919	0.00456	0.00130	0.00201	0.00795	0.00386	0.00352
4	0.00808	0.10814	0.48619	0.02205	0.01354	0.00828	0.04563	0.01118	0.00820	0.06703	0.02438	0.16118	0.00942	0.00523	0.00381	0.00123	0.00468	0.00441	0.00224	0.00511
5	0.00972	0.04357	0.17342	0.02561	0.07114	0.00922	0.01855	0.14456	0.31378	0.03887	0.07553	0.01336	0.02296	0.00489	0.00386	0.00123	0.00387	0.01695	0.00318	0.00571
6	0.01269	0.00627	0.00754	0.00630	0.00854	0.00619	0.00503	0.01677	0.23220	0.41896	0.01462	0.01369	0.01017	0.00480	0.00358	0.00115	0.00284	0.00392	0.21907	0.00568
7	0.01654	0.00638	0.00869	0.00671	0.00956	0.00552	0.00552	0.01804	0.01097	0.79731	0.06155	0.01393	0.01099	0.00492	0.00389	0.00119	0.00318	0.00403	0.00472	0.00636
8	0.00624	0.00719	0.15289	0.00768	0.04091	0.00503	0.06207	0.00808	0.00847	0.03724	0.14307	0.36280	0.08850	0.00851	0.00451	0.00139	0.00321	0.04499	0.00318	0.00402
9	0.00724	0.00681	0.01150	0.85604	0.02641	0.00852	0.01065	0.00980	0.00767	0.00980	0.00681	0.01022	0.00511	0.00383	0.00383	0.00128	0.00511	0.00341	0.00170	0.00426
10	0.00769	0.01983	0.84538	0.01093	0.01659	0.00890	0.01417	0.01214	0.00810	0.01214	0.00688	0.00810	0.00486	0.00364	0.00364	0.00121	0.00567	0.00283	0.00162	0.00567
11	0.00476	0.00340	0.00455	0.00543	0.00569	0.00319	0.00370	0.00548	0.00742	0.00988	0.02109	0.81717	0.02518	0.01193	0.00492	0.00157	0.00230	0.05565	0.00356	0.00314
12	0.00873	0.00777	0.01197	0.10550	0.43723	0.00779	0.00925	0.01026	0.00901	0.01239	0.01495	0.13852	0.11384	0.00676	0.00488	0.00149	0.03067	0.06081	0.00279	0.00540
13	0.00769	0.01983	0.84538	0.01093	0.01659	0.00890	0.01417	0.01214	0.00810	0.01214	0.00688	0.00810	0.00486	0.00364	0.00364	0.00121	0.00567	0.00283	0.00162	0.00567
14	0.00769	0.01983	0.84538	0.01093	0.01659	0.00890	0.01417	0.01214	0.00810	0.01214	0.00688	0.00810	0.00486	0.00364	0.00364	0.00121	0.00567	0.00283	0.00162	0.00567
15	0.00937	0.00792	0.00832	0.00751	0.00959	0.00913	0.00584	0.01959	0.77803	0.01592	0.01539	0.01430	0.01158	0.00515	0.00382	0.00127	0.00295	0.00428	0.06412	0.00590
16	0.89233	0.00741	0.00564	0.00504	0.00741	0.00860	0.00415	0.01127	0.00653	0.01720	0.00534	0.00623	0.00415	0.00356	0.00237	0.00119	0.00297	0.00208	0.00237	0.00415
17	0.00542	0.00405	0.00599	0.00605	0.00669	0.00465	0.00464	0.00671	0.00623	0.00892	0.01106	0.07316	0.01078	0.04961	0.77055	0.00578	0.00955	0.00461	0.00216	0.00337
18	0.00817	0.00672	0.00843	0.02616	0.07501	0.00745	0.00596	0.16773	0.06952	0.01445	0.20536	0.01946	0.16054	0.02497	0.04869	0.00159	0.13684	0.00519	0.00322	0.00455
19	0.74369	0.00710	0.00571	0.00508	0.00737	0.00802	0.00415	0.03510	0.00724	0.04007	0.00942	0.00989	0.09644	0.00430	0.00270	0.00120	0.00290	0.00283	0.00261	0.00419
20	0.00902	0.04525	0.01242	0.06267	0.39754	0.00889	0.02414	0.02989	0.24213	0.01367	0.08913	0.01310	0.02632	0.00450	0.00387	0.00119	0.00386	0.00406	0.00273	0.00562

[dist]
# distance from previous block
# <min> <max>
4	13

[block]
# block no. 5 follows, 71 sequences, length 59
# corresponding to MSA columns:
# 184-242
name=unknown_F
#
# <colnr> <probs for GDERKNQSTAVLIFYWHMCP>
#	G	D	E	R	K	N	Q	S	T	A	V	L	I	F	Y	W	H	M	C	P
0	0.07945	0.01937	0.03590	0.00855	0.01143	0.01064	0.04026	0.51473	0.15013	0.04279	0.01038	0.02809	0.00782	0.00478	0.00379	0.00120	0.00398	0.01706	0.00358	0.00605
1	0.05034	0.00625	0.00742	0.00615	0.03304	0.00519	0.00470	0.02701	0.00869	0.06547	0.09451	0.03725	0.07441	0.00471	0.00341	0.00087	0.00280	0.04353	0.00285	0.52139
2	0.00683	0.03769	0.02630	0.00567	0.00741	0.00558	0.00451	0.02414	0.17639	0.02384	0.24504	0.09759	0.20475	0.00714	0.00411	0.00118	0.00248	0.00609	0.00356	0.10970
3	0.00559	0.00410	0.00495	0.00520	0.00623	0.00375	0.00406	0.00701	0.02462	0.03913	0.12894	0.17550	0.35906	0.00983	0.00474	0.00144	0.00243	0.20622	0.00368	0.00350
4	0.00565	0.00388	0.00485	0.00481	0.00500	0.00409	0.00310	0.00597	0.00588	0.00806	0.04201	0.02197	0.01326	0.58505	0.20918	0.04648	0.02072	0.00514	0.00229	0.00263
5	0.01468	0.01408	0.01079	0.00910	0.01157	0.44716	0.00712	0.28683	0.02899	0.12063	0.00837	0.00860	0.00617	0.00429	0.00364	0.00107	0.00548	0.00301	0.00298	0.00543
6	0.01025	0.86756	0.02009	0.00656	0.00984	0.01517	0.00656	0.01148	0.00779	0.00902	0.00533	0.00615	0.00492	0.00328	0.00246	0.00082	0.00410	0.00205	0.00164	0.00492
7	0.00795	0.00681	0.00795	0.00568	0.00909	0.00511	0.00454	0.00965	0.00795	0.01249	0.00681	0.00795	0.00568	0.00284	0.00284	0.00057	0.00284	0.00227	0.00227	0.88869
8	0.89233	0.00741	0.00564	0.00504	0.00741	0.00860	0.00415	0.01127	0.00653	0.01720	0.00534	0.00623	0.00415	0.00356	0.00237	0.00119	0.00297	0.00208	0.00237	0.00415
9	0.00522	0.00362	0.00431	0.00464	0.00483	0.00351	0.00290	0.00557	0.00648	0.00854	0.01713	0.30557	0.07264	0.49751	0.01321	0.00278	0.00310	0.03293	0.00285	0.00269
10	0.00889	0.00716	0.00755	0.00687	0.00874	0.00814	0.00532	0.01761	0.64063	0.01568	0.05444	0.01499	0.01252	0.00519	0.00370	0.00122	0.00274	0.00432	0.16880	0.00549
11	0.01374	0.14143	0.01223	0.00935	0.01156	0.69386	0.00728	0.04838	0.01071	0.00994	0.00598	0.00690	0.00500	0.00388	0.00333	0.00097	0.00639	0.00245	0.00200	0.00460
12	0.01284	0.00750	0.00877	0.00738	0.00989	0.00786	0.00588	0.01965	0.47970	0.37269	0.01540	0.01376	0.01075	0.00501	0.00388	0.00125	0.00313	0.00413	0.00427	0.00627
13	0.01401	0.01737	0.01074	0.00971	0.01173	0.76797	0.00732	0.04116	0.06558	0.01029	0.00667	0.00748	0.00544	0.00405	0.00350	0.00101	0.00657	0.00262	0.00216	0.00462
14	0.00617	0.00425	0.00559	0.00615	0.00688	0.00421	0.00479	0.04314	0.01912	0.03004	0.02997	0.40619	0.02166	0.01101	0.03137	0.00171	0.00307	0.31531	0.04580	0.00357
15	0.01111	0.00734	0.00889	0.03011	0.07373	0.02339	0.00603	0.27630	0.01267	0.16783	0.24430	0.01639	0.03528	0.00614	0.02521	0.00129	0.00346	0.00461	0.04060	0.00529
16	0.00509	0.00372	0.00482	0.00546	0.00595	0.00354	0.00390	0.00631	0.03248	0.01071	0.10152	0.58322	0.07444	0.03114	0.00520	0.00158	0.00239	0.11162	0.00360	0.00329
17	0.00804	0.00455	0.00592	0.00536	0.00671	0.00415	0.00411	0.00982	0.02973	0.20013	0.49208	0.10458	0.08337	0.00764	0.00440	0.00125	0.00223	0.01746	0.00421	0.00425
18	0.00833	0.00703	0.00789	0.00723	0.00875	0.01672	0.00556	0.01536	0.52471	0.01341	0.03677	0.03005	0.01968	0.05797	0.12468	0.04459	0.05853	0.00447	0.00328	0.00499
19	0.00627	0.00412	0.00518	0.00487	0.00592	0.00385	0.00370	0.00823	0.03121	0.05596	0.60984	0.04349	0.06884	0.00747	0.00429	0.00120	0.00196	0.02547	0.10435	0.00379
20	0.00952	0.27523	0.38016	0.00931	0.04360	0.02825	0.00997	0.10787	0.00934	0.03143	0.00854	0.01713	0.04589	0.00404	0.00337	0.00109	0.00474	0.00304	0.00209	0.00541
21	0.00510	0.00391	0.00467	0.00448	0.00553	0.00348	0.00336	0.00660	0.01008	0.01355	0.54803	0.03165	0.32860	0.00852	0.00453	0.00124	0.00186	0.00736	0.00398	0.00348
22	0.01025	0.86756	0.02009	0.00656	0.00984	0.01517	0.00656	0.01148	0.00779	0.00902	0.00533	0.00615	0.00492	0.00328	0.00246	0.00082	0.00410	0.00205	0.00164	0.00492
23	0.00618	0.00496	0.04535	0.00634	0.00735	0.00432	0.00516	0.00802	0.05226	0.04570	0.03912	0.41836	0.03575	0.01015	0.00482	0.00155	0.00291	0.27658	0.00352	0.02160
24	0.02498	0.03391	0.04564	0.01773	0.08049	0.13063	0.00744	0.28511	0.22954	0.07793	0.01057	0.02157	0.00793	0.00458	0.00374	0.00117	0.00427	0.00358	0.00330	0.00589
25	0.00899	0.39106	0.01349	0.00819	0.09461	0.00960	0.02534	0.01035	0.01911	0.08678	0.01168	0.28169	0.01212	0.00625	0.00357	0.00114	0.00351	0.00528	0.00260	0.00463
26	0.00825	0.01866	0.17772	0.00893	0.10895	0.00662	0.00742	0.03429	0.00842	0.01279	0.02282	0.00857	0.00616	0.00322	0.00317	0.00080	0.00365	0.00264	0.00217	0.55475
27	0.00763	0.01409	0.47235	0.27284	0.08345	0.00863	0.01231	0.01113	0.00798	0.01140	0.00761	0.00958	0.02203	0.00388	0.00388	0.00123	0.02153	0.00319	0.02010	0.00514
28	0.01432	0.01827	0.01087	0.00988	0.01185	0.84986	0.00741	0.01531	0.01087	0.00938	0.00593	0.00691	0.00494	0.00395	0.00346	0.00099	0.00691	0.00247	0.00198	0.00444
29	0.00864	0.00894	0.03019	0.04863	0.21179	0.00846	0.42041	0.02407	0.02164	0.02731	0.05055	0.04071	0.07142	0.00438	0.00429	0.00126	0.00510	0.00475	0.00231	0.00513
30	0.01304	0.09487	0.01158	0.00954	0.02666	0.60318	0.00727	0.04836	0.07424	0.01053	0.00703	0.02396	0.00594	0.00428	0.00386	0.00105	0.04488	0.00283	0.00219	0.00469
31	0.00760	0.00642	0.00757	0.00558	0.00865	0.00490	0.00442	0.00929	0.00824	0.01273	0.09544	0.03072	0.00939	0.00359	0.00307	0.00066	0.00272	0.00297	0.00251	0.77352
32	0.00813	0.00836	0.03248	0.01428	0.21445	0.00784	0.34529	0.01112	0.04865	0.01331	0.22903	0.01546	0.02432	0.00468	0.00430	0.00123	0.00453	0.00489	0.00264	0.00501
33	0.00946	0.00765	0.00886	0.00681	0.00987	0.02161	0.02962	0.05725	0.20136	0.07116	0.00958	0.00990	0.00738	0.00365	0.00327	0.00084	0.00317	0.00300	0.00289	0.53268
34	0.00920	0.04192	0.29068	0.01321	0.05337	0.07999	0.33819	0.02218	0.00869	0.02070	0.00707	0.00899	0.00539	0.00377	0.00473	0.00125	0.08001	0.00354	0.00186	0.00525
35	0.00503	0.00374	0.00465	0.00544	0.00570	0.02585	0.00365	0.00559	0.00732	0.00963	0.02003	0.79905	0.02392	0.01186	0.00534	0.04398	0.00240	0.01031	0.00343	0.00308
36	0.00786	0.09794	0.72848	0.01034	0.01555	0.00927	0.01308	0.01188	0.00810	0.01182	0.00738	0.00960	0.00569	0.00394	0.00361	0.00120	0.00542	0.04165	0.00171	0.00549
37	0.00940	0.46409	0.29624	0.00814	0.01223	0.01178	0.02389	0.01180	0.00804	0.03803	0.00635	0.00726	0.00513	0.00341	0.00297	0.00095	0.00453	0.00244	0.00180	0.08152
38	0.38883	0.03481	0.00902	0.00787	0.02478	0.37241	0.00606	0.09270	0.00959	0.01421	0.00600	0.00687	0.00478	0.00382	0.00301	0.00109	0.00485	0.00240	0.00232	0.00456
39	0.00769	0.01983	0.84538	0.01093	0.01659	0.00890	0.01417	0.01214	0.00810	0.01214	0.00688	0.00810	0.00486	0.00364	0.00364	0.00121	0.00567	0.00283	0.00162	0.00567
40	0.00565	0.00373	0.00424	0.00424	0.00432	0.00376	0.00245	0.00579	0.00572	0.00783	0.01202	0.02412	0.01354	0.78589	0.05661	0.00369	0.00392	0.00541	0.04462	0.00243
41	0.00453	0.00388	0.00388	0.00388	0.00518	0.00324	0.00291	0.00550	0.00874	0.01036	0.03884	0.03690	0.83978	0.00971	0.00453	0.00129	0.00194	0.00809	0.00356	0.00324
42	0.00773	0.08900	0.71044	0.01021	0.01537	0.00908	0.02571	0.01169	0.00815	0.01182	0.01702	0.00971	0.04967	0.00397	0.00362	0.00119	0.00531	0.00312	0.00176	0.00545
43	0.00825	0.00603	0.00647	0.00593	0.00745	0.01773	0.00462	0.10481	0.24711	0.01552	0.14166	0.04518	0.05589	0.00604	0.00376	0.00118	0.00261	0.05056	0.26457	0.00461
44	0.00551	0.00373	0.00425	0.00425	0.00437	0.00368	0.00247	0.00569	0.00611	0.00818	0.07452	0.05059	0.04057	0.75078	0.01752	0.00339	0.00348	0.00591	0.00254	0.00247
45	0.01005	0.08735	0.05621	0.03507	0.09855	0.01899	0.00739	0.14258	0.38245	0.02530	0.01171	0.01272	0.00922	0.03079	0.02181	0.00140	0.01471	0.02486	0.00315	0.00569
46	0.00554	0.00384	0.00501	0.00498	0.00578	0.00353	0.00363	0.00701	0.00986	0.03833	0.56921	0.24509	0.06589	0.00891	0.00460	0.00130	0.00197	0.00792	0.00404	0.00356
47	0.00804	0.00859	0.11842	0.00647	0.01010	0.00580	0.00588	0.02714	0.02277	0.01272	0.00722	0.01970	0.00596	0.00315	0.00301	0.00069	0.00324	0.00252	0.00226	0.72631
48	0.00482	0.00351	0.00455	0.00531	0.00567	0.00329	0.00363	0.00572	0.02046	0.01007	0.03902	0.73566	0.08160	0.02303	0.00506	0.00156	0.00227	0.03805	0.00356	0.00318
49	0.01156	0.07116	0.10249	0.03603	0.30798	0.13253	0.00944	0.08361	0.02932	0.13725	0.00833	0.00933	0.00632	0.00398	0.00396	0.00114	0.03418	0.00321	0.00249	0.00570
50	0.11381	0.17294	0.18598	0.03224	0.05745	0.19871	0.02258	0.08036	0.07042	0.01274	0.00705	0.00798	0.00554	0.00385	0.00339	0.00109	0.01382	0.00276	0.00217	0.00514
51	0.00510	0.00354	0.00440	0.00492	0.00509	0.00341	0.00315	0.00554	0.00670	0.00891	0.01769	0.47555	0.03311	0.35929	0.01086	0.00244	0.00288	0.04155	0.00305	0.00281
52	0.00924	0.06318	0.14051	0.01628	0.01001	0.01786	0.02358	0.04693	0.00889	0.16728	0.04102	0.20252	0.02702	0.00668	0.02788	0.00131	0.03256	0.00505	0.00300	0.14922
53	0.07292	0.18127	0.21898	0.01119	0.13949	0.03076	0.07920	0.04484	0.00876	0.08299	0.02146	0.02466	0.02332	0.00410	0.00387	0.00115	0.04019	0.00330	0.00223	0.00532
54	0.08483	0.02577	0.41824	0.01232	0.14308	0.03036	0.07758	0.05780	0.07054	0.02247	0.00767	0.00886	0.00572	0.00379	0.00375	0.00120	0.01518	0.00314	0.00209	0.00559
55	0.00516	0.00373	0.00496	0.00570	0.00624	0.00354	0.00428	0.00625	0.00814	0.01074	0.08319	0.50268	0.08284	0.01112	0.00496	0.00157	0.00256	0.24545	0.00360	0.00328
56	0.03126	0.09314	0.26904	0.06618	0.05740	0.03284	0.03066	0.03500	0.02431	0.05562	0.04427	0.09774	0.08825	0.02086	0.00442	0.00127	0.03598	0.00448	0.00245	0.00483
57	0.00992	0.08922	0.18429	0.10948	0.29501	0.02565	0.06679	0.10208	0.00956	0.05263	0.00752	0.00912	0.00578	0.00372	0.00378	0.00116	0.01325	0.00326	0.00215	0.00564
58	0.00511	0.00361	0.00471	0.00529	0.00568	0.00344	0.00364	0.00606	0.02985	0.01042	0.11955	0.58839	0.05310	0.04627	0.00609	0.05993	0.00237	0.03986	0.00347	0.00315

[dist]
# distance from previous block
# <min> <max>
0	1

[block]
# block no. 6 follows, 71 sequences, length 23
# corresponding to MSA columns:
# 244-266
name=unknown_G
#
# <colnr> <probs for GDERKNQSTAVLIFYWHMCP>
#	G	D	E	R	K	N	Q	S	T	A	V	L	I	F	Y	W	H	M	C	P
0	0.01045	0.18974	0.14807	0.01030	0.10431	0.02272	0.07216	0.09100	0.07932	0.11416	0.03751	0.01064	0.00785	0.03362	0.01737	0.00130	0.03799	0.00345	0.00259	0.00544
1	0.01903	0.07183	0.07990	0.07466	0.37856	0.07673	0.04573	0.09268	0.00968	0.07297	0.00773	0.00945	0.00610	0.01749	0.00411	0.00118	0.02100	0.00330	0.00226	0.00563
2	0.02815	0.05146	0.39676	0.01314	0.05730	0.00935	0.33624	0.01212	0.00849	0.02535	0.00751	0.02306	0.00570	0.00361	0.00395	0.00123	0.00571	0.00363	0.00186	0.00540
3	0.81470	0.00798	0.00630	0.00606	0.04369	0.04641	0.00463	0.01147	0.00682	0.01665	0.00545	0.00640	0.00427	0.00357	0.00248	0.00118	0.00321	0.00215	0.00233	0.00425
4	0.00598	0.00406	0.00547	0.00545	0.00620	0.00451	0.00417	0.00767	0.02893	0.01065	0.04704	0.02884	0.01123	0.04646	0.54730	0.00440	0.00733	0.00426	0.21655	0.00350
5	0.01021	0.00771	0.01154	0.02767	0.40641	0.00778	0.00844	0.05083	0.11663	0.14783	0.09334	0.06198	0.01152	0.00518	0.01474	0.00126	0.00381	0.00440	0.00303	0.00569
6	0.00480	0.00361	0.00444	0.00484	0.00549	0.00326	0.00340	0.00579	0.00848	0.01115	0.20355	0.45991	0.24636	0.01049	0.00472	0.00141	0.00206	0.00928	0.00370	0.00326
7	0.01025	0.86756	0.02009	0.00656	0.00984	0.01517	0.00656	0.01148	0.00779	0.00902	0.00533	0.00615	0.00492	0.00328	0.00246	0.00082	0.00410	0.00205	0.00164	0.00492
8	0.08147	0.00666	0.00857	0.00667	0.00949	0.00606	0.00549	0.05743	0.01094	0.70007	0.04253	0.01291	0.00988	0.00475	0.00375	0.00118	0.00321	0.00381	0.01894	0.00620
9	0.00724	0.00681	0.01150	0.85604	0.02641	0.00852	0.01065	0.00980	0.00767	0.00980	0.00681	0.01022	0.00511	0.00383	0.00383	0.00128	0.00511	0.00341	0.00170	0.00426
10	0.00510	0.00368	0.00482	0.00501	0.00565	0.00340	0.00358	0.00642	0.00937	0.01298	0.48752	0.36982	0.04913	0.00959	0.00467	0.00135	0.00198	0.00858	0.00394	0.00340
11	0.03039	0.04475	0.05181	0.01152	0.01439	0.00819	0.42610	0.02913	0.00837	0.06645	0.00885	0.01176	0.00716	0.03313	0.22740	0.00260	0.00691	0.00414	0.00219	0.00474
12	0.09182	0.01253	0.01029	0.00902	0.01054	0.37246	0.00712	0.07921	0.04830	0.03274	0.00679	0.00822	0.00563	0.00487	0.00604	0.00124	0.25285	0.00293	0.03278	0.00461
13	0.00509	0.00376	0.00453	0.00460	0.00529	0.00347	0.00321	0.00611	0.00853	0.01138	0.30459	0.19814	0.22443	0.17339	0.02476	0.00188	0.00246	0.00770	0.00352	0.00317
14	0.01541	0.00631	0.00836	0.00653	0.00925	0.00554	0.00535	0.04491	0.01101	0.70108	0.05589	0.01581	0.08592	0.00534	0.00395	0.00120	0.00311	0.00437	0.00458	0.00609
15	0.00924	0.10439	0.12046	0.01092	0.07432	0.00894	0.20548	0.02735	0.04707	0.09392	0.06267	0.02224	0.04837	0.01898	0.00515	0.00130	0.09428	0.03731	0.00255	0.00505
16	0.89233	0.00741	0.00564	0.00504	0.00741	0.00860	0.00415	0.01127	0.00653	0.01720	0.00534	0.00623	0.00415	0.00356	0.00237	0.00119	0.00297	0.00208	0.00237	0.00415
17	0.00480	0.00377	0.00423	0.00446	0.00533	0.00336	0.00320	0.00566	0.00807	0.01005	0.05054	0.22341	0.48719	0.10711	0.02174	0.00174	0.00243	0.04638	0.00341	0.00313
18	0.00926	0.05075	0.18439	0.09475	0.16470	0.02005	0.10201	0.05179	0.02449	0.09830	0.06287	0.05712	0.03946	0.00483	0.00409	0.01471	0.00448	0.00420	0.00253	0.00522
19	0.00495	0.00364	0.00462	0.00516	0.00571	0.00337	0.00368	0.00591	0.00810	0.01067	0.12910	0.48581	0.16269	0.05286	0.00555	0.00160	0.00234	0.09745	0.00358	0.00321
20	0.01651	0.00777	0.00913	0.00716	0.01000	0.08248	0.00584	0.06387	0.01136	0.70214	0.03371	0.01265	0.00955	0.00474	0.00383	0.00117	0.00361	0.00378	0.00443	0.00627
21	0.00945	0.03287	0.06073	0.16910	0.21388	0.05674	0.22611	0.08052	0.04511	0.01279	0.00793	0.01012	0.00619	0.01638	0.00413	0.00123	0.00514	0.00367	0.03266	0.00525
22	0.02112	0.04506	0.09758	0.01286	0.09408	0.04142	0.34070	0.06836	0.08771	0.06555	0.01008	0.03036	0.02090	0.00433	0.00411	0.00125	0.00510	0.04153	0.00252	0.00537

[dist]
# distance from previous block
# <min> <max>
0	8

# created by:
# /st0/software/busco_prod/Augustus/scripts/msa2prfl.pl ./align_prep/29252.fa
