[name]
unknown

[dist]
# distance from previous block
# <min> <max>
0	42

[block]
# block no. 0 follows, 67 sequences, length 26
# corresponding to MSA columns:
# 42-67
name=unknown_A
#
# <colnr> <probs for GDERKNQSTAVLIFYWHMCP>
#	G	D	E	R	K	N	Q	S	T	A	V	L	I	F	Y	W	H	M	C	P
0	0.04443	0.00988	0.01321	0.26278	0.32563	0.11504	0.02366	0.05418	0.03014	0.01268	0.00766	0.01023	0.00620	0.00403	0.00404	0.00122	0.01999	0.01493	0.00215	0.03792
1	0.00953	0.00782	0.00878	0.00646	0.00989	0.02664	0.00518	0.08305	0.03582	0.04651	0.00797	0.00883	0.00636	0.00332	0.00316	0.00071	0.00323	0.00263	0.00267	0.72146
2	0.00716	0.00450	0.00559	0.00565	0.00671	0.00414	0.00409	0.00863	0.04870	0.12522	0.04742	0.42639	0.16594	0.05741	0.00564	0.00160	0.00261	0.03828	0.00382	0.03050
3	0.00757	0.00713	0.01203	0.84942	0.02762	0.00891	0.01114	0.01025	0.00802	0.01025	0.00713	0.01069	0.00535	0.00401	0.00401	0.00134	0.00535	0.00356	0.00178	0.00446
4	0.00560	0.00383	0.00492	0.00555	0.00615	0.00354	0.00398	0.00657	0.00831	0.03887	0.04809	0.57731	0.13201	0.01142	0.00499	0.00157	0.00244	0.09703	0.03435	0.00348
5	0.00499	0.00367	0.00467	0.00527	0.00578	0.00336	0.00363	0.00592	0.00848	0.01124	0.15146	0.60120	0.15259	0.01151	0.00500	0.00153	0.00221	0.01030	0.00383	0.00336
6	0.00501	0.00359	0.00463	0.00541	0.00570	0.00336	0.00361	0.00568	0.00762	0.01007	0.02224	0.70484	0.07373	0.09786	0.00665	0.00185	0.00250	0.02887	0.00359	0.00319
7	0.00496	0.00356	0.00472	0.00558	0.00589	0.00332	0.00379	0.00574	0.00789	0.01049	0.04776	0.77951	0.05156	0.01231	0.00511	0.00162	0.00235	0.03681	0.00374	0.00329
8	0.84813	0.00791	0.00617	0.00545	0.00797	0.00915	0.00449	0.04820	0.00737	0.01832	0.00577	0.00666	0.00445	0.00377	0.00255	0.00124	0.00316	0.00224	0.00255	0.00445
9	0.01671	0.00673	0.00910	0.00701	0.01004	0.00581	0.00577	0.01827	0.01101	0.73693	0.01493	0.01334	0.00963	0.00594	0.04173	0.00143	0.00371	0.00392	0.00464	0.07334
10	0.00832	0.00713	0.00832	0.00594	0.00950	0.00535	0.00475	0.01010	0.00832	0.01307	0.00713	0.00832	0.00594	0.00297	0.00297	0.00059	0.00297	0.00238	0.00238	0.88357
11	0.88738	0.00776	0.00589	0.00527	0.00776	0.00900	0.00434	0.01179	0.00683	0.01799	0.00558	0.00651	0.00434	0.00372	0.00248	0.00124	0.00310	0.00217	0.00248	0.00434
12	0.01625	0.00962	0.01103	0.00846	0.01163	0.01004	0.00699	0.52667	0.01615	0.32309	0.01190	0.01110	0.00796	0.00487	0.00402	0.00122	0.00405	0.00377	0.00436	0.00682
13	0.88738	0.00776	0.00589	0.00527	0.00776	0.00900	0.00434	0.01179	0.00683	0.01799	0.00558	0.00651	0.00434	0.00372	0.00248	0.00124	0.00310	0.00217	0.00248	0.00434
14	0.00993	0.00953	0.01628	0.02462	0.83404	0.00953	0.01231	0.01231	0.00913	0.01310	0.00754	0.00993	0.00635	0.00357	0.00397	0.00119	0.00476	0.00357	0.00199	0.00635
15	0.84259	0.00780	0.00606	0.00542	0.00789	0.00905	0.00445	0.01228	0.04868	0.01793	0.00613	0.00695	0.00475	0.00381	0.00256	0.00125	0.00311	0.00229	0.00256	0.00445
16	0.00998	0.00862	0.00907	0.00816	0.01043	0.00998	0.00635	0.02131	0.82679	0.01678	0.01632	0.01496	0.01224	0.00544	0.00408	0.00136	0.00317	0.00453	0.00408	0.00635
17	0.00816	0.00878	0.01821	0.01355	0.01661	0.00820	0.58650	0.01082	0.00913	0.01226	0.02919	0.17901	0.06846	0.00575	0.00481	0.00140	0.00547	0.00635	0.00253	0.00481
18	0.00966	0.00798	0.00851	0.00770	0.00978	0.00904	0.00601	0.08036	0.61797	0.01659	0.01703	0.06024	0.04326	0.00612	0.00415	0.00136	0.00314	0.03640	0.04881	0.00588
19	0.07101	0.03748	0.07002	0.01047	0.10099	0.03804	0.00812	0.41984	0.10429	0.08513	0.00996	0.01011	0.00722	0.00455	0.00384	0.00121	0.00434	0.00352	0.00348	0.00637
20	0.00813	0.00767	0.01296	0.62881	0.22623	0.00898	0.01133	0.01072	0.00832	0.01099	0.00752	0.01120	0.00595	0.00405	0.00403	0.00131	0.00517	0.01986	0.00187	0.00491
21	0.00487	0.00354	0.00461	0.00546	0.00578	0.00327	0.00367	0.00560	0.00780	0.01029	0.02362	0.78952	0.09246	0.01237	0.00509	0.00161	0.00230	0.01116	0.00372	0.00327
22	0.00521	0.00377	0.00507	0.00614	0.03395	0.00354	0.00403	0.00608	0.00797	0.01077	0.05018	0.71955	0.05544	0.01171	0.00498	0.00157	0.00240	0.03078	0.03344	0.00341
23	0.01075	0.02076	0.05202	0.08063	0.44654	0.13643	0.07243	0.01330	0.03479	0.05587	0.00819	0.02193	0.00665	0.00400	0.00412	0.00121	0.01874	0.00363	0.00221	0.00580
24	0.00929	0.04832	0.03749	0.15527	0.18105	0.05709	0.10135	0.02054	0.05057	0.04636	0.05633	0.08195	0.00982	0.00543	0.00542	0.01686	0.10485	0.00449	0.00245	0.00506
25	0.00590	0.00425	0.00501	0.00502	0.00540	0.00428	0.00333	0.02115	0.00717	0.00949	0.05631	0.10389	0.12663	0.50668	0.04036	0.00305	0.03314	0.05310	0.00289	0.00296

[dist]
# distance from previous block
# <min> <max>
1	3

[block]
# block no. 1 follows, 67 sequences, length 53
# corresponding to MSA columns:
# 71-123
name=unknown_B
#
# <colnr> <probs for GDERKNQSTAVLIFYWHMCP>
#	G	D	E	R	K	N	Q	S	T	A	V	L	I	F	Y	W	H	M	C	P
0	0.00500	0.00382	0.00447	0.00486	0.00558	0.00343	0.00338	0.00586	0.00837	0.01068	0.08491	0.38434	0.34475	0.09049	0.00638	0.00171	0.00235	0.02272	0.00365	0.00327
1	0.03678	0.03560	0.06864	0.02039	0.11006	0.11326	0.15434	0.06988	0.13128	0.01357	0.01006	0.04480	0.02688	0.00487	0.00492	0.00128	0.09083	0.00407	0.02778	0.03070
2	0.02647	0.00927	0.01062	0.02198	0.01148	0.00980	0.00685	0.44643	0.05700	0.19860	0.01091	0.01087	0.00773	0.00583	0.04039	0.00141	0.02881	0.00364	0.00387	0.08804
3	0.00509	0.00392	0.00462	0.00481	0.00570	0.00349	0.00347	0.00624	0.00925	0.01202	0.24755	0.26479	0.36080	0.03145	0.00525	0.00148	0.00215	0.02063	0.00388	0.00344
4	0.01513	0.01073	0.01162	0.00894	0.01209	0.01174	0.00738	0.74336	0.01808	0.07948	0.01094	0.01073	0.03073	0.00498	0.00403	0.00121	0.00428	0.00378	0.00407	0.00672
5	0.01452	0.01088	0.01163	0.00908	0.01216	0.01210	0.00745	0.71138	0.12931	0.02411	0.01054	0.01036	0.00756	0.00490	0.00402	0.00123	0.00424	0.00374	0.00402	0.00676
6	0.83070	0.00787	0.00657	0.00652	0.06114	0.00903	0.00486	0.01182	0.00697	0.01768	0.00571	0.00674	0.00447	0.00371	0.00258	0.00124	0.00321	0.00226	0.00245	0.00447
7	0.01069	0.75798	0.04458	0.00774	0.01125	0.03905	0.05961	0.01220	0.00834	0.00976	0.00580	0.00680	0.00521	0.00346	0.00278	0.00091	0.00458	0.00235	0.00175	0.00517
8	0.00510	0.00387	0.00473	0.00519	0.00588	0.00355	0.00365	0.00633	0.02863	0.01139	0.13998	0.49434	0.24051	0.01113	0.00494	0.00150	0.00223	0.01977	0.00383	0.00345
9	0.00495	0.00352	0.00464	0.00551	0.00572	0.00330	0.00364	0.00560	0.00756	0.01008	0.02149	0.80281	0.02575	0.06725	0.00611	0.00177	0.00243	0.01104	0.00364	0.00320
10	0.00757	0.00713	0.01203	0.84942	0.02762	0.00891	0.01114	0.01025	0.00802	0.01025	0.00713	0.01069	0.00535	0.00401	0.00401	0.00134	0.00535	0.00356	0.00178	0.00446
11	0.01033	0.00995	0.03769	0.19844	0.08902	0.05340	0.23298	0.11710	0.10360	0.04629	0.00936	0.01977	0.00713	0.00461	0.01606	0.00137	0.01898	0.00405	0.01435	0.00551
12	0.00906	0.01554	0.38690	0.03195	0.01865	0.05405	0.36844	0.01277	0.00896	0.01244	0.00747	0.00950	0.00554	0.00376	0.00456	0.00131	0.03792	0.00376	0.00186	0.00554
13	0.00487	0.00408	0.00426	0.00428	0.00557	0.00346	0.00324	0.00598	0.00928	0.01125	0.09700	0.05138	0.73167	0.01009	0.00478	0.00137	0.00209	0.03817	0.00377	0.00342
14	0.01350	0.02043	0.03309	0.05774	0.13697	0.04980	0.15707	0.15265	0.03422	0.28698	0.01086	0.01124	0.00757	0.00431	0.00410	0.00124	0.00475	0.00389	0.00336	0.00620
15	0.01192	0.07872	0.04248	0.09874	0.09065	0.07805	0.13765	0.13137	0.02153	0.17235	0.01101	0.05748	0.03068	0.00482	0.00416	0.00124	0.01433	0.00421	0.00298	0.00564
16	0.34607	0.01038	0.08121	0.06772	0.28569	0.07255	0.02077	0.02805	0.00847	0.02457	0.00675	0.00838	0.00535	0.00380	0.00349	0.00122	0.01509	0.00293	0.00222	0.00527
17	0.01198	0.00961	0.01020	0.00857	0.01119	0.01091	0.00683	0.32578	0.51905	0.02001	0.01377	0.01293	0.01018	0.00520	0.00405	0.00130	0.00365	0.00418	0.00405	0.00653
18	0.01012	0.03106	0.21298	0.02140	0.09768	0.00830	0.05551	0.08979	0.03077	0.09100	0.00864	0.00995	0.00659	0.00391	0.00387	0.00106	0.02317	0.01391	0.00257	0.27771
19	0.00492	0.00382	0.00439	0.00476	0.00554	0.00339	0.00332	0.00578	0.00843	0.01065	0.07109	0.37582	0.40596	0.06590	0.00591	0.00163	0.00227	0.00945	0.00367	0.00329
20	0.81753	0.00803	0.00639	0.00559	0.00813	0.00927	0.00461	0.07657	0.00779	0.01858	0.00591	0.00676	0.00454	0.00381	0.00260	0.00124	0.00321	0.00229	0.00260	0.00454
21	0.01880	0.00826	0.02477	0.07803	0.20629	0.02765	0.13001	0.11954	0.02159	0.01417	0.09566	0.13733	0.07780	0.00613	0.00448	0.00132	0.01456	0.00561	0.00291	0.00509
22	0.00813	0.01081	0.24094	0.01076	0.10025	0.00761	0.09596	0.07223	0.06334	0.02538	0.03343	0.16613	0.11262	0.00706	0.02574	0.00148	0.00447	0.00571	0.00283	0.00513
23	0.01625	0.00643	0.00873	0.00682	0.00960	0.00560	0.00557	0.01781	0.01134	0.72014	0.11444	0.01589	0.01340	0.02331	0.00446	0.00130	0.00324	0.00446	0.00484	0.00637
24	0.01291	0.04081	0.13366	0.02348	0.10949	0.01017	0.04823	0.36877	0.01356	0.14034	0.01032	0.05222	0.00784	0.00480	0.00402	0.00124	0.00455	0.00397	0.00335	0.00630
25	0.04124	0.03351	0.07384	0.02357	0.27662	0.09343	0.07927	0.19963	0.03857	0.07342	0.00891	0.02431	0.00691	0.00424	0.00394	0.00121	0.00494	0.00365	0.00276	0.00604
26	0.00584	0.00449	0.00614	0.00610	0.00685	0.00502	0.00465	0.00737	0.03050	0.00995	0.02765	0.07354	0.12022	0.06995	0.54176	0.00477	0.04324	0.00540	0.02299	0.00359
27	0.00504	0.00420	0.00444	0.00454	0.00584	0.00366	0.00349	0.00636	0.02724	0.01107	0.03757	0.06164	0.70826	0.01021	0.00482	0.00141	0.00224	0.09076	0.00373	0.00348
28	0.02382	0.03188	0.12169	0.03337	0.24525	0.03027	0.05518	0.18531	0.03712	0.14750	0.00956	0.02006	0.00712	0.00437	0.00423	0.00124	0.02923	0.00368	0.00293	0.00618
29	0.01086	0.04300	0.09646	0.13529	0.18209	0.13174	0.18970	0.06809	0.02256	0.06076	0.00821	0.01021	0.00631	0.00397	0.00405	0.00123	0.00561	0.01199	0.00230	0.00557
30	0.88738	0.00776	0.00589	0.00527	0.00776	0.00900	0.00434	0.01179	0.00683	0.01799	0.00558	0.00651	0.00434	0.00372	0.00248	0.00124	0.00310	0.00217	0.00248	0.00434
31	0.11192	0.03151	0.05756	0.07405	0.32110	0.00896	0.08897	0.05207	0.02164	0.14339	0.00941	0.03635	0.00741	0.00428	0.00390	0.00125	0.00452	0.01322	0.00268	0.00581
32	0.00489	0.00349	0.00465	0.00558	0.00582	0.00326	0.00372	0.00558	0.00768	0.01024	0.02210	0.85644	0.02653	0.01256	0.00512	0.00163	0.00233	0.01140	0.00372	0.00326
33	0.00520	0.00386	0.00482	0.00505	0.00578	0.00351	0.00359	0.00643	0.00940	0.01267	0.35473	0.34596	0.18224	0.03141	0.00527	0.00148	0.00213	0.00902	0.00397	0.00348
34	0.00848	0.02204	0.00860	0.00601	0.00957	0.00565	0.00484	0.02403	0.00849	0.01321	0.00714	0.00831	0.00594	0.00301	0.00298	0.00061	0.00302	0.00239	0.00239	0.85327
35	0.01072	0.86147	0.02102	0.00686	0.01029	0.01587	0.00686	0.01201	0.00815	0.00944	0.00558	0.00643	0.00515	0.00343	0.00257	0.00086	0.00429	0.00214	0.00172	0.00515
36	0.03578	0.20512	0.15452	0.00981	0.07471	0.05646	0.00860	0.17526	0.04639	0.08342	0.00872	0.01955	0.00691	0.01513	0.00425	0.00120	0.04609	0.01510	0.00269	0.03032
37	0.00615	0.00475	0.00580	0.00618	0.02400	0.00479	0.00429	0.00903	0.15771	0.01243	0.16881	0.39950	0.08257	0.07539	0.00599	0.00166	0.00257	0.02067	0.00378	0.00393
38	0.00584	0.00458	0.00545	0.00574	0.00695	0.00434	0.00469	0.00793	0.06217	0.01209	0.09198	0.03908	0.39238	0.01007	0.00502	0.00155	0.00276	0.32984	0.00379	0.00373
39	0.00974	0.02096	0.00799	0.00685	0.00883	0.02532	0.00544	0.13636	0.21912	0.10530	0.19075	0.03302	0.14789	0.00702	0.00438	0.00132	0.00307	0.05739	0.00407	0.00519
40	0.18331	0.12804	0.05459	0.09784	0.13434	0.04395	0.08000	0.09989	0.02160	0.03486	0.00769	0.00918	0.00601	0.00399	0.00366	0.00118	0.02229	0.00317	0.05914	0.00527
41	0.00541	0.00370	0.00488	0.00553	0.00596	0.00344	0.00379	0.00627	0.00822	0.03468	0.11273	0.68031	0.04730	0.03514	0.00547	0.00164	0.00237	0.02595	0.00380	0.00341
42	0.00551	0.00438	0.00499	0.00498	0.00610	0.00407	0.00368	0.00765	0.08272	0.01281	0.26866	0.17329	0.38735	0.00957	0.00474	0.00137	0.00214	0.00826	0.00396	0.00375
43	0.01923	0.00780	0.03699	0.00885	0.05123	0.03640	0.09551	0.02560	0.23473	0.05531	0.08276	0.05397	0.12192	0.04245	0.03631	0.00164	0.02137	0.03868	0.02426	0.00498
44	0.06673	0.11978	0.03244	0.04134	0.06221	0.22492	0.00768	0.17513	0.09014	0.07985	0.00868	0.00944	0.00669	0.01443	0.00424	0.00120	0.04352	0.00320	0.00282	0.00555
45	0.00892	0.03373	0.39557	0.05440	0.02955	0.06584	0.14798	0.01217	0.00848	0.03225	0.00761	0.00970	0.00588	0.00650	0.08183	0.00178	0.08709	0.00346	0.00191	0.00533
46	0.00496	0.00354	0.00467	0.00554	0.00581	0.00332	0.00372	0.00566	0.00767	0.01019	0.02211	0.78638	0.04353	0.04650	0.00574	0.00172	0.00241	0.02961	0.00367	0.00324
47	0.03015	0.03401	0.10674	0.05443	0.16610	0.03281	0.09636	0.18376	0.01093	0.09663	0.00957	0.04468	0.00773	0.03094	0.05889	0.00167	0.02215	0.00401	0.00277	0.00567
48	0.01094	0.04340	0.16886	0.05932	0.11538	0.08054	0.11022	0.17212	0.09141	0.04680	0.03129	0.01137	0.03121	0.00445	0.00402	0.00124	0.00503	0.00382	0.00275	0.00582
49	0.00911	0.00936	0.04905	0.26850	0.12133	0.08266	0.04565	0.04816	0.03141	0.02127	0.00907	0.08441	0.00819	0.00542	0.00554	0.00137	0.13724	0.02964	0.00228	0.03034
50	0.21180	0.05981	0.01206	0.05644	0.18252	0.21295	0.05818	0.06663	0.00961	0.01371	0.00803	0.03359	0.02445	0.00430	0.00366	0.00118	0.01568	0.00334	0.01700	0.00506
51	0.02052	0.00414	0.00565	0.00556	0.00589	0.00424	0.00387	0.05169	0.00669	0.00906	0.03103	0.12707	0.04462	0.01263	0.01261	0.62338	0.02176	0.00484	0.00230	0.00245
52	0.00563	0.00466	0.02812	0.00589	0.00651	0.02239	0.00422	0.02401	0.00800	0.01061	0.02036	0.67637	0.03921	0.06628	0.00596	0.00171	0.00274	0.03491	0.00351	0.02890

[dist]
# distance from previous block
# <min> <max>
0	5

[block]
# block no. 2 follows, 67 sequences, length 21
# corresponding to MSA columns:
# 129-149
name=unknown_C
#
# <colnr> <probs for GDERKNQSTAVLIFYWHMCP>
#	G	D	E	R	K	N	Q	S	T	A	V	L	I	F	Y	W	H	M	C	P
0	0.02878	0.13894	0.06191	0.03577	0.19294	0.06343	0.10813	0.11007	0.03470	0.02598	0.11372	0.01189	0.01021	0.00450	0.00413	0.00118	0.02759	0.00386	0.00261	0.01965
1	0.01454	0.00919	0.01097	0.02078	0.02735	0.02466	0.03965	0.37121	0.09174	0.27074	0.04716	0.01239	0.00960	0.00495	0.00405	0.00123	0.00399	0.00401	0.02535	0.00643
2	0.01396	0.02431	0.01226	0.00983	0.02899	0.10697	0.04224	0.51731	0.11420	0.03996	0.00985	0.01007	0.00723	0.00480	0.00435	0.00123	0.03892	0.00364	0.00357	0.00632
3	0.00684	0.00353	0.00513	0.00513	0.00513	0.00353	0.00337	0.00529	0.00529	0.00705	0.00758	0.01370	0.00778	0.10477	0.01618	0.78880	0.00353	0.00374	0.00182	0.00182
4	0.00510	0.00375	0.00480	0.00546	0.00593	0.00351	0.00374	0.00624	0.03041	0.01111	0.11321	0.67091	0.09757	0.01168	0.00501	0.00156	0.00228	0.01050	0.00381	0.00341
5	0.00487	0.00354	0.00460	0.00545	0.00578	0.00327	0.00366	0.00560	0.00781	0.01029	0.02374	0.78434	0.09757	0.01235	0.00509	0.00160	0.00230	0.01114	0.00372	0.00327
6	0.01055	0.78629	0.02025	0.00719	0.01031	0.01555	0.00703	0.01180	0.00797	0.00945	0.00555	0.00664	0.00516	0.00375	0.00351	0.00094	0.07900	0.00226	0.00172	0.00508
7	0.88738	0.00776	0.00589	0.00527	0.00776	0.00900	0.00434	0.01179	0.00683	0.01799	0.00558	0.00651	0.00434	0.00372	0.00248	0.00124	0.00310	0.00217	0.00248	0.00434
8	0.00575	0.00385	0.00440	0.00448	0.00450	0.00383	0.00254	0.00581	0.00599	0.00799	0.01347	0.09944	0.01563	0.78443	0.01906	0.00369	0.00375	0.00632	0.00254	0.00250
9	0.00832	0.00713	0.00832	0.00594	0.00950	0.00535	0.00475	0.01010	0.00832	0.01307	0.00713	0.00832	0.00594	0.00297	0.00297	0.00059	0.00297	0.00238	0.00238	0.88357
10	0.00757	0.00713	0.01203	0.84942	0.02762	0.00891	0.01114	0.01025	0.00802	0.01025	0.00713	0.01069	0.00535	0.00401	0.00401	0.00134	0.00535	0.00356	0.00178	0.00446
11	0.01028	0.00930	0.00950	0.00896	0.04384	0.06115	0.00667	0.02062	0.74363	0.01620	0.01535	0.01428	0.01157	0.00529	0.00405	0.00133	0.00349	0.00438	0.00387	0.00624
12	0.00788	0.01916	0.04711	0.13292	0.02006	0.00618	0.02382	0.05704	0.03859	0.08208	0.20676	0.14477	0.12074	0.02764	0.01558	0.00147	0.02313	0.00631	0.01430	0.00444
13	0.12824	0.04722	0.04558	0.02954	0.05751	0.18167	0.02902	0.07870	0.07631	0.17060	0.01132	0.01150	0.05701	0.00465	0.00381	0.00118	0.01642	0.00354	0.00306	0.04312
14	0.00947	0.01082	0.02366	0.01690	0.02096	0.01014	0.81947	0.01285	0.00947	0.01285	0.00811	0.01082	0.00609	0.00338	0.00473	0.00135	0.00676	0.00473	0.00203	0.00541
15	0.04672	0.00686	0.00919	0.00707	0.01016	0.00600	0.00584	0.01929	0.01132	0.80976	0.01548	0.01341	0.00974	0.00492	0.00398	0.00124	0.00340	0.00397	0.00488	0.00674
16	0.01719	0.03147	0.20568	0.09468	0.12782	0.00786	0.07225	0.03154	0.05179	0.01283	0.08762	0.05962	0.13376	0.01710	0.00453	0.00133	0.01670	0.00500	0.00264	0.01860
17	0.03371	0.04348	0.11113	0.00885	0.06134	0.00785	0.02747	0.12172	0.05730	0.25767	0.05368	0.04961	0.09851	0.00583	0.00430	0.00129	0.02092	0.02603	0.00363	0.00571
18	0.00494	0.00353	0.00462	0.00546	0.00571	0.00330	0.00362	0.00561	0.00760	0.01009	0.02202	0.77891	0.04876	0.06773	0.00611	0.00177	0.00242	0.01095	0.00364	0.00321
19	0.01041	0.51684	0.06635	0.09372	0.02577	0.06043	0.04266	0.04545	0.02967	0.01089	0.02037	0.00813	0.00603	0.00391	0.00360	0.00104	0.04484	0.00277	0.00196	0.00516
20	0.04221	0.05355	0.14444	0.15228	0.09338	0.10454	0.03811	0.12379	0.03330	0.06412	0.02880	0.00996	0.00688	0.00429	0.00422	0.00121	0.04365	0.00338	0.00251	0.04539

[dist]
# distance from previous block
# <min> <max>
3	7

[block]
# block no. 3 follows, 67 sequences, length 28
# corresponding to MSA columns:
# 158-185
name=unknown_D
#
# <colnr> <probs for GDERKNQSTAVLIFYWHMCP>
#	G	D	E	R	K	N	Q	S	T	A	V	L	I	F	Y	W	H	M	C	P
0	0.08046	0.14980	0.02945	0.03186	0.16910	0.25777	0.05403	0.03627	0.00977	0.07814	0.01870	0.00885	0.00627	0.00412	0.00406	0.00114	0.04951	0.00308	0.00231	0.00530
1	0.01461	0.00770	0.00942	0.00771	0.01972	0.04334	0.02742	0.12414	0.06418	0.46000	0.06217	0.01532	0.01158	0.00533	0.00405	0.00124	0.00361	0.04132	0.07105	0.00610
2	0.11532	0.08429	0.01883	0.01703	0.02778	0.25019	0.02446	0.11032	0.02503	0.11860	0.03905	0.02322	0.00836	0.00466	0.00362	0.00112	0.00472	0.03684	0.00292	0.08362
3	0.00564	0.00389	0.00489	0.00532	0.00598	0.00356	0.00375	0.00657	0.00843	0.04599	0.10381	0.48255	0.17958	0.06983	0.00604	0.00169	0.00246	0.05280	0.00375	0.00345
4	0.01420	0.04600	0.01144	0.00985	0.01207	0.64414	0.00752	0.07555	0.11912	0.01185	0.00776	0.00840	0.00622	0.00433	0.00367	0.00108	0.00639	0.00290	0.00246	0.00505
5	0.00612	0.00482	0.00580	0.00661	0.02845	0.04290	0.00462	0.02309	0.00841	0.01111	0.05419	0.56075	0.02340	0.04189	0.00567	0.00166	0.01718	0.12401	0.02574	0.00356
6	0.00620	0.00422	0.00553	0.00513	0.00617	0.00387	0.00387	0.00808	0.01136	0.05098	0.79722	0.02926	0.03665	0.00806	0.00470	0.00126	0.00196	0.00712	0.00444	0.00391
7	0.00590	0.00417	0.00526	0.00494	0.00600	0.00379	0.00371	0.00761	0.01092	0.03978	0.66949	0.03077	0.16188	0.02209	0.00496	0.00132	0.00199	0.00732	0.00429	0.00379
8	0.00814	0.04531	0.76262	0.01134	0.01696	0.00950	0.03785	0.01255	0.00849	0.01261	0.02004	0.00882	0.00563	0.00391	0.00397	0.00127	0.02036	0.00307	0.00175	0.00583
9	0.00492	0.00356	0.00465	0.00546	0.00580	0.00329	0.00368	0.00570	0.00796	0.01057	0.06448	0.76363	0.07709	0.01219	0.00508	0.00159	0.00229	0.01101	0.00376	0.00329
10	0.01121	0.52822	0.01842	0.02608	0.13068	0.08559	0.05170	0.02718	0.00906	0.05273	0.02196	0.00819	0.00626	0.00371	0.00315	0.00099	0.00468	0.00277	0.00206	0.00537
11	0.00564	0.00410	0.00531	0.00501	0.00597	0.00377	0.00376	0.00750	0.01127	0.01588	0.80186	0.03029	0.06803	0.00827	0.00473	0.00126	0.00190	0.00730	0.00439	0.00377
12	0.00933	0.19236	0.01132	0.00639	0.00988	0.02247	0.00542	0.05449	0.00890	0.01289	0.00691	0.00796	0.00580	0.00319	0.00295	0.00069	0.00341	0.00240	0.00232	0.63093
13	0.00872	0.04424	0.41678	0.01280	0.05484	0.00950	0.24160	0.01261	0.03110	0.01272	0.00761	0.00930	0.00571	0.00371	0.00421	0.00123	0.02767	0.00347	0.00194	0.09025
14	0.01202	0.22845	0.12371	0.04296	0.15161	0.04529	0.00926	0.28940	0.01223	0.03708	0.00785	0.00876	0.00604	0.00407	0.00360	0.00112	0.00476	0.00311	0.00264	0.00602
15	0.00676	0.00445	0.00589	0.04430	0.00732	0.00415	0.00426	0.00852	0.01084	0.08875	0.61786	0.07373	0.09150	0.00810	0.00466	0.00129	0.00222	0.00711	0.00425	0.00403
16	0.00483	0.00409	0.00419	0.00424	0.00557	0.00345	0.00323	0.00589	0.00915	0.01090	0.03958	0.03896	0.78860	0.01021	0.00478	0.00138	0.00212	0.05169	0.00372	0.00340
17	0.00494	0.00353	0.00470	0.00555	0.00583	0.00329	0.00373	0.00572	0.00794	0.01065	0.07877	0.79861	0.02732	0.01226	0.00509	0.00160	0.00230	0.01111	0.00377	0.00329
18	0.10842	0.24783	0.37337	0.02104	0.03514	0.02723	0.06858	0.01244	0.00830	0.02495	0.00669	0.00799	0.00521	0.00380	0.00371	0.00117	0.03400	0.00283	0.00188	0.00543
19	0.00757	0.00713	0.01203	0.84942	0.02762	0.00891	0.01114	0.01025	0.00802	0.01025	0.00713	0.01069	0.00535	0.00401	0.00401	0.00134	0.00535	0.00356	0.00178	0.00446
20	0.00478	0.00404	0.00414	0.00417	0.00546	0.00339	0.00311	0.00582	0.00916	0.01101	0.06983	0.07615	0.76490	0.01019	0.00476	0.00136	0.00204	0.00855	0.00375	0.00339
21	0.00983	0.04101	0.58865	0.01070	0.01578	0.00914	0.05361	0.04415	0.03922	0.12364	0.02150	0.00984	0.00661	0.00410	0.00388	0.00126	0.00537	0.00332	0.00237	0.00601
22	0.01471	0.01567	0.03975	0.01074	0.06944	0.52950	0.00800	0.10152	0.03341	0.12750	0.00830	0.00882	0.00627	0.00431	0.00376	0.00111	0.00608	0.00303	0.00271	0.00539
23	0.00757	0.00713	0.01203	0.84942	0.02762	0.00891	0.01114	0.01025	0.00802	0.01025	0.00713	0.01069	0.00535	0.00401	0.00401	0.00134	0.00535	0.00356	0.00178	0.00446
24	0.00628	0.00398	0.00587	0.03649	0.00680	0.00433	0.00432	0.00627	0.00601	0.00829	0.00978	0.06040	0.00982	0.08694	0.35337	0.37532	0.00649	0.00443	0.00207	0.00273
25	0.00547	0.00411	0.00507	0.00488	0.00592	0.00371	0.00369	0.00714	0.01072	0.01462	0.60527	0.03265	0.23770	0.00879	0.00476	0.00130	0.00199	0.03432	0.00422	0.00368
26	0.00877	0.00877	0.01228	0.01053	0.01053	0.01228	0.00877	0.00965	0.00614	0.00965	0.00526	0.00877	0.00526	0.00702	0.01316	0.00175	0.85172	0.00351	0.00175	0.00439
27	0.00685	0.00664	0.09284	0.00614	0.00808	0.00505	0.01689	0.05963	0.01040	0.03501	0.34494	0.11653	0.18362	0.00779	0.00446	0.00126	0.00275	0.00673	0.00370	0.08070

[dist]
# distance from previous block
# <min> <max>
0	1

[block]
# block no. 4 follows, 67 sequences, length 32
# corresponding to MSA columns:
# 187-218
name=unknown_E
#
# <colnr> <probs for GDERKNQSTAVLIFYWHMCP>
#	G	D	E	R	K	N	Q	S	T	A	V	L	I	F	Y	W	H	M	C	P
0	0.01525	0.01123	0.01204	0.00923	0.01244	0.01244	0.00762	0.82067	0.01886	0.02528	0.00963	0.00963	0.00682	0.00481	0.00401	0.00120	0.00441	0.00361	0.00401	0.00682
1	0.86259	0.00808	0.00605	0.00542	0.00789	0.03269	0.00444	0.01191	0.00695	0.01776	0.00560	0.00654	0.00437	0.00373	0.00251	0.00124	0.00322	0.00218	0.00247	0.00435
2	0.00757	0.00713	0.01203	0.84942	0.02762	0.00891	0.01114	0.01025	0.00802	0.01025	0.00713	0.01069	0.00535	0.00401	0.00401	0.00134	0.00535	0.00356	0.00178	0.00446
3	0.00561	0.00427	0.00519	0.00493	0.00602	0.00393	0.00370	0.00766	0.04247	0.01483	0.60748	0.03148	0.23042	0.00857	0.00471	0.00129	0.00198	0.00744	0.00423	0.00379
4	0.00573	0.00430	0.00645	0.00645	0.00716	0.00501	0.00501	0.00716	0.00645	0.00931	0.01074	0.01576	0.01003	0.03008	0.84316	0.00645	0.01074	0.00430	0.00215	0.00358
5	0.01500	0.01841	0.01142	0.01023	0.01240	0.76888	0.00774	0.08779	0.01203	0.01119	0.00651	0.00745	0.00531	0.00419	0.00365	0.00105	0.00698	0.00267	0.00224	0.00484
6	0.00508	0.00376	0.00506	0.00578	0.00617	0.00354	0.01765	0.00609	0.02730	0.01046	0.02241	0.79205	0.05532	0.01215	0.00507	0.00161	0.00241	0.01102	0.00370	0.00337
7	0.01025	0.25772	0.06465	0.01184	0.05851	0.01188	0.27540	0.06876	0.16280	0.01339	0.00889	0.01003	0.00696	0.00397	0.00397	0.00119	0.01800	0.00369	0.00243	0.00567
8	0.00574	0.00427	0.00629	0.00629	0.00695	0.00493	0.00482	0.00706	0.00640	0.00919	0.01089	0.01655	0.01037	0.09264	0.78107	0.00625	0.01023	0.00441	0.00217	0.00349
9	0.01472	0.04025	0.01178	0.01066	0.03772	0.78127	0.00786	0.03010	0.01135	0.01018	0.00629	0.00734	0.00523	0.00411	0.00361	0.00104	0.00703	0.00262	0.00209	0.00475
10	0.00866	0.00712	0.00835	0.00598	0.00953	0.00537	0.00479	0.01044	0.00843	0.04256	0.00744	0.00851	0.00608	0.00304	0.00301	0.00062	0.00299	0.00244	0.00247	0.85218
11	0.00832	0.00713	0.00832	0.00594	0.00950	0.00535	0.00475	0.01010	0.00832	0.01307	0.00713	0.00832	0.00594	0.00297	0.00297	0.00059	0.00297	0.00238	0.00238	0.88357
12	0.00963	0.00955	0.03641	0.09677	0.69432	0.02388	0.01184	0.01205	0.00908	0.01287	0.02393	0.01040	0.00691	0.00374	0.00396	0.00120	0.00478	0.00362	0.01903	0.00604
13	0.00649	0.00547	0.03514	0.00678	0.04208	0.00484	0.04191	0.00900	0.05253	0.02876	0.64591	0.02683	0.06341	0.00752	0.00462	0.00127	0.00247	0.00669	0.00408	0.00420
14	0.00970	0.02835	0.00895	0.00634	0.00969	0.00590	0.01839	0.03591	0.00897	0.11724	0.00867	0.02263	0.00702	0.02844	0.00370	0.00083	0.00318	0.00290	0.00275	0.67044
15	0.57988	0.00677	0.00553	0.00510	0.00676	0.02703	0.00380	0.00995	0.00661	0.01448	0.00789	0.01295	0.00769	0.28210	0.00834	0.00210	0.00346	0.00337	0.00246	0.00373
16	0.00868	0.00806	0.01314	0.11819	0.53853	0.00824	0.01013	0.01116	0.03777	0.01275	0.07453	0.05669	0.06158	0.01803	0.00440	0.00129	0.00425	0.00463	0.00243	0.00553
17	0.01072	0.86147	0.02102	0.00686	0.01029	0.01587	0.00686	0.01201	0.00815	0.00944	0.00558	0.00643	0.00515	0.00343	0.00257	0.00086	0.00429	0.00214	0.00172	0.00515
18	0.01072	0.86147	0.02102	0.00686	0.01029	0.01587	0.00686	0.01201	0.00815	0.00944	0.00558	0.00643	0.00515	0.00343	0.00257	0.00086	0.00429	0.00214	0.00172	0.00515
19	0.00521	0.00401	0.00474	0.00470	0.00571	0.00357	0.00345	0.00658	0.00992	0.01312	0.40397	0.13039	0.35200	0.02832	0.00513	0.00140	0.00204	0.00819	0.00401	0.00353
20	0.00998	0.00862	0.00907	0.00816	0.01043	0.00998	0.00635	0.02131	0.82679	0.01678	0.01632	0.01496	0.01224	0.00544	0.00408	0.00136	0.00317	0.00453	0.00408	0.00635
21	0.86495	0.00780	0.00616	0.00577	0.02888	0.00901	0.00455	0.01180	0.00688	0.01787	0.00563	0.00660	0.00439	0.00372	0.00252	0.00124	0.00314	0.00221	0.00247	0.00439
22	0.00818	0.05316	0.78789	0.01138	0.01717	0.00959	0.03294	0.01268	0.00848	0.01258	0.00716	0.00844	0.00511	0.00379	0.00378	0.00126	0.00588	0.00297	0.00170	0.00588
23	0.00933	0.02259	0.00890	0.02051	0.01007	0.02593	0.00516	0.04812	0.00903	0.05674	0.00765	0.00864	0.00615	0.00321	0.00310	0.00068	0.00322	0.00254	0.00256	0.74586
24	0.00489	0.00349	0.00465	0.00558	0.00582	0.00326	0.00372	0.00558	0.00768	0.01024	0.02210	0.85644	0.02653	0.01256	0.00512	0.00163	0.00233	0.01140	0.00372	0.00326
25	0.01067	0.00801	0.00883	0.00745	0.00963	0.00871	0.00588	0.28463	0.27239	0.04878	0.20547	0.01796	0.04667	0.04057	0.00489	0.00138	0.00328	0.00504	0.00409	0.00566
26	0.00976	0.00944	0.01636	0.07516	0.74597	0.00952	0.05025	0.01221	0.00908	0.01291	0.00754	0.01002	0.00628	0.00359	0.00401	0.00121	0.00489	0.00363	0.00197	0.00619
27	0.00757	0.00713	0.01203	0.84942	0.02762	0.00891	0.01114	0.01025	0.00802	0.01025	0.00713	0.01069	0.00535	0.00401	0.00401	0.00134	0.00535	0.00356	0.00178	0.00446
28	0.00988	0.09566	0.09353	0.00791	0.03420	0.00808	0.02591	0.14963	0.01049	0.05037	0.06558	0.04675	0.00921	0.00431	0.00352	0.00095	0.00370	0.00351	0.00281	0.37399
29	0.01072	0.86147	0.02102	0.00686	0.01029	0.01587	0.00686	0.01201	0.00815	0.00944	0.00558	0.00643	0.00515	0.00343	0.00257	0.00086	0.00429	0.00214	0.00172	0.00515
30	0.01072	0.86147	0.02102	0.00686	0.01029	0.01587	0.00686	0.01201	0.00815	0.00944	0.00558	0.00643	0.00515	0.00343	0.00257	0.00086	0.00429	0.00214	0.00172	0.00515
31	0.01184	0.03492	0.01047	0.00942	0.04075	0.28668	0.00705	0.06226	0.44485	0.01449	0.01247	0.01216	0.02515	0.00494	0.00389	0.00122	0.00465	0.00381	0.00326	0.00572

[dist]
# distance from previous block
# <min> <max>
0	1

[block]
# block no. 5 follows, 67 sequences, length 25
# corresponding to MSA columns:
# 220-244
name=unknown_F
#
# <colnr> <probs for GDERKNQSTAVLIFYWHMCP>
#	G	D	E	R	K	N	Q	S	T	A	V	L	I	F	Y	W	H	M	C	P
0	0.01271	0.00707	0.05417	0.01781	0.00978	0.00562	0.00579	0.02445	0.01050	0.43889	0.13147	0.04284	0.04275	0.00588	0.01892	0.00124	0.00334	0.00454	0.00407	0.15817
1	0.04114	0.01801	0.66093	0.01121	0.03304	0.00894	0.04680	0.01346	0.00881	0.10887	0.00819	0.00913	0.00569	0.00392	0.00383	0.00127	0.00554	0.00315	0.00212	0.00596
2	0.00671	0.00492	0.00600	0.00559	0.00683	0.00485	0.00423	0.01008	0.14750	0.04220	0.59304	0.05301	0.08359	0.00789	0.00461	0.00129	0.00218	0.00690	0.00431	0.00427
3	0.00575	0.00391	0.00441	0.00439	0.00455	0.00385	0.00256	0.00594	0.00641	0.00851	0.06614	0.02733	0.07235	0.74704	0.01835	0.00355	0.00363	0.00610	0.00264	0.00258
4	0.11004	0.00905	0.01574	0.09651	0.25379	0.00923	0.27678	0.02358	0.05725	0.03705	0.03527	0.01116	0.00755	0.00482	0.03362	0.00146	0.00527	0.00401	0.00236	0.00547
5	0.00990	0.00975	0.04166	0.12017	0.53286	0.03727	0.05910	0.05600	0.00966	0.02678	0.03122	0.03175	0.00761	0.00409	0.00406	0.00123	0.00489	0.00390	0.00223	0.00588
6	0.00757	0.00713	0.01203	0.84942	0.02762	0.00891	0.01114	0.01025	0.00802	0.01025	0.00713	0.01069	0.00535	0.00401	0.00401	0.00134	0.00535	0.00356	0.00178	0.00446
7	0.00496	0.00358	0.00471	0.00559	0.00592	0.00334	0.00383	0.00574	0.00784	0.01036	0.02309	0.76856	0.07131	0.01235	0.00512	0.00162	0.00238	0.05267	0.00372	0.00329
8	0.01069	0.37956	0.10778	0.01212	0.17839	0.07202	0.08517	0.01289	0.01773	0.05457	0.02961	0.00894	0.00669	0.00378	0.00342	0.00107	0.00489	0.00306	0.00209	0.00553
9	0.01113	0.09976	0.16464	0.01202	0.10354	0.10024	0.14114	0.09564	0.11952	0.07364	0.02334	0.02094	0.00770	0.00430	0.00393	0.00121	0.00509	0.00372	0.00268	0.00581
10	0.00574	0.00427	0.00631	0.00631	0.00698	0.00494	0.00485	0.00708	0.00641	0.00921	0.01087	0.01644	0.01032	0.08383	0.78982	0.00628	0.01030	0.00440	0.00217	0.00351
11	0.01118	0.04247	0.02598	0.15876	0.12977	0.27253	0.00872	0.02899	0.02008	0.05882	0.00766	0.01022	0.00643	0.05071	0.03198	0.00155	0.12370	0.00337	0.00220	0.00490
12	0.01034	0.05038	0.30880	0.03984	0.22250	0.05633	0.08070	0.04691	0.00969	0.09473	0.03621	0.01024	0.00717	0.00403	0.00393	0.00122	0.00524	0.00351	0.00233	0.00589
13	0.00888	0.01163	0.24494	0.00989	0.03870	0.00896	0.06624	0.03345	0.37611	0.01460	0.03438	0.05469	0.01126	0.03626	0.00475	0.00144	0.00426	0.03070	0.00311	0.00573
14	0.00721	0.00523	0.00588	0.00569	0.00702	0.02378	0.00428	0.01951	0.11685	0.08510	0.17459	0.20589	0.28037	0.00907	0.00466	0.00139	0.00254	0.03276	0.00397	0.00420
15	0.21676	0.08328	0.22232	0.02313	0.06174	0.02597	0.00831	0.04483	0.11130	0.06321	0.02385	0.07229	0.01734	0.00485	0.00358	0.00125	0.00414	0.00379	0.00271	0.00534
16	0.04693	0.02014	0.00894	0.00633	0.00984	0.00591	0.02999	0.02100	0.00847	0.02717	0.00725	0.00839	0.00594	0.00308	0.00303	0.00067	0.00314	0.00248	0.00242	0.77886
17	0.00493	0.00357	0.00465	0.00543	0.00580	0.00330	0.00368	0.00573	0.00803	0.01066	0.07634	0.73983	0.08905	0.01210	0.00506	0.00158	0.00228	0.01091	0.00377	0.00330
18	0.00870	0.00817	0.01362	0.20085	0.53688	0.00850	0.01073	0.01093	0.00881	0.01218	0.02832	0.05453	0.05645	0.01907	0.00438	0.00130	0.00453	0.00437	0.00219	0.00549
19	0.00954	0.13256	0.43493	0.03846	0.07074	0.04037	0.07192	0.05240	0.02208	0.04016	0.01756	0.00991	0.00642	0.00409	0.00389	0.00122	0.01445	0.02149	0.00210	0.00570
20	0.00620	0.00473	0.00629	0.00604	0.00632	0.00549	0.00433	0.00688	0.00612	0.00864	0.01087	0.01970	0.01150	0.41470	0.34326	0.00460	0.12405	0.00491	0.00223	0.00315
21	0.00573	0.00427	0.00633	0.00633	0.00701	0.00495	0.00487	0.00709	0.00641	0.00923	0.01084	0.01632	0.01027	0.07488	0.79869	0.00631	0.01037	0.00438	0.00216	0.00352
22	0.01974	0.08952	0.09051	0.05149	0.17142	0.07831	0.12604	0.10227	0.02833	0.14519	0.00983	0.01968	0.01823	0.00467	0.01554	0.00129	0.00505	0.01435	0.00275	0.00580
23	0.02808	0.11397	0.13606	0.07130	0.33434	0.08708	0.06864	0.05833	0.03144	0.02279	0.00756	0.00925	0.00601	0.00380	0.00378	0.00118	0.00517	0.00331	0.00212	0.00579
24	0.00865	0.00856	0.04135	0.14597	0.21072	0.00828	0.22448	0.06124	0.00938	0.02398	0.01186	0.17744	0.03860	0.00569	0.00443	0.00135	0.00481	0.00557	0.00252	0.00512

[dist]
# distance from previous block
# <min> <max>
1	2

[block]
# block no. 6 follows, 67 sequences, length 23
# corresponding to MSA columns:
# 248-270
name=unknown_G
#
# <colnr> <probs for GDERKNQSTAVLIFYWHMCP>
#	G	D	E	R	K	N	Q	S	T	A	V	L	I	F	Y	W	H	M	C	P
0	0.00518	0.00412	0.00467	0.00462	0.00575	0.00364	0.00343	0.00668	0.02619	0.01272	0.31266	0.10853	0.46830	0.00960	0.00476	0.00135	0.00203	0.00823	0.00397	0.00357
1	0.00530	0.00370	0.00492	0.00560	0.00590	0.00358	0.00379	0.00611	0.02784	0.01021	0.05078	0.65791	0.02364	0.04425	0.04997	0.07708	0.00292	0.00982	0.00346	0.00321
2	0.00910	0.04266	0.03132	0.16135	0.10257	0.00971	0.06756	0.08128	0.04192	0.02320	0.04074	0.01136	0.00775	0.01571	0.05208	0.05057	0.22740	0.00382	0.01507	0.00483
3	0.01007	0.00925	0.05725	0.07576	0.15548	0.00944	0.01936	0.12999	0.35530	0.02667	0.09718	0.01412	0.01206	0.00508	0.00411	0.00129	0.00387	0.00435	0.00341	0.00597
4	0.00550	0.00405	0.00509	0.00490	0.00583	0.00370	0.00362	0.00712	0.01060	0.01464	0.63559	0.07667	0.15712	0.04136	0.00535	0.00140	0.00201	0.00761	0.00420	0.00364
5	0.03896	0.01106	0.07863	0.05154	0.04617	0.01123	0.02857	0.52004	0.02659	0.05767	0.00918	0.00988	0.00668	0.00530	0.02340	0.00138	0.06046	0.00358	0.00339	0.00627
6	0.88738	0.00776	0.00589	0.00527	0.00776	0.00900	0.00434	0.01179	0.00683	0.01799	0.00558	0.00651	0.00434	0.00372	0.00248	0.00124	0.00310	0.00217	0.00248	0.00434
7	0.00976	0.14927	0.45353	0.01064	0.05474	0.11341	0.01132	0.03133	0.04971	0.02390	0.00807	0.00903	0.02069	0.00399	0.00361	0.00115	0.00540	0.00301	0.00203	0.03540
8	0.01083	0.00904	0.00955	0.00833	0.01075	0.01037	0.00655	0.15104	0.69567	0.01816	0.01524	0.01410	0.01136	0.00534	0.00407	0.00133	0.00338	0.00438	0.00407	0.00642
9	0.01525	0.01123	0.01204	0.00923	0.01244	0.01244	0.00762	0.82067	0.01886	0.02528	0.00963	0.00963	0.00682	0.00481	0.00401	0.00120	0.00441	0.00361	0.00401	0.00682
10	0.01099	0.80885	0.02041	0.00708	0.01042	0.06754	0.00692	0.01226	0.00835	0.00946	0.00561	0.00648	0.00515	0.00347	0.00264	0.00087	0.00447	0.00217	0.00174	0.00512
11	0.00525	0.00571	0.08280	0.00492	0.00664	0.00410	0.00425	0.00683	0.02320	0.01145	0.10044	0.03429	0.65211	0.03410	0.00510	0.00141	0.00246	0.00770	0.00356	0.00368
12	0.00496	0.00419	0.00432	0.00430	0.00562	0.00362	0.00322	0.00635	0.03566	0.01129	0.08148	0.06734	0.73384	0.00999	0.00473	0.00136	0.00207	0.00838	0.00377	0.00350
13	0.00614	0.00425	0.00529	0.00521	0.00553	0.00452	0.00343	0.02436	0.02340	0.00877	0.01186	0.02198	0.01271	0.54374	0.26267	0.03973	0.00589	0.00521	0.00239	0.00292
14	0.00867	0.00712	0.00835	0.00598	0.00953	0.00537	0.00479	0.01044	0.00843	0.04275	0.00744	0.00851	0.00608	0.00304	0.00301	0.00062	0.00299	0.00244	0.00247	0.85198
15	0.00961	0.00977	0.01841	0.02138	0.53080	0.00953	0.28646	0.01227	0.00920	0.01292	0.00821	0.03762	0.00691	0.00380	0.00427	0.00126	0.00536	0.00422	0.00206	0.00593
16	0.00494	0.00357	0.00467	0.00545	0.00581	0.00331	0.00369	0.00575	0.00805	0.01073	0.08622	0.74205	0.07679	0.01208	0.00507	0.00158	0.00227	0.01090	0.00378	0.00331
17	0.00746	0.01054	0.29230	0.00946	0.08588	0.00660	0.00859	0.04559	0.00886	0.03613	0.07045	0.23696	0.03992	0.02676	0.07522	0.00184	0.00460	0.00597	0.02209	0.00478
18	0.03036	0.11874	0.09695	0.10418	0.20639	0.07975	0.10259	0.09384	0.03582	0.08146	0.00829	0.00966	0.00632	0.00395	0.00382	0.00119	0.00508	0.00342	0.00244	0.00574
19	0.00543	0.00504	0.06289	0.00624	0.00706	0.00413	0.01564	0.00686	0.03176	0.01080	0.04902	0.63756	0.04053	0.02308	0.05796	0.00191	0.00321	0.02381	0.00348	0.00360
20	0.00549	0.00408	0.00477	0.00471	0.00582	0.00359	0.00349	0.00680	0.00982	0.03693	0.32471	0.14138	0.41474	0.00961	0.00477	0.00135	0.00206	0.00828	0.00401	0.00361
21	0.00856	0.04462	0.13686	0.03581	0.13092	0.06604	0.08948	0.03199	0.05528	0.02784	0.13201	0.16038	0.02280	0.00656	0.01686	0.00139	0.01931	0.00549	0.00283	0.00497
22	0.02522	0.08500	0.13345	0.13499	0.12176	0.08227	0.08558	0.11569	0.05347	0.03461	0.02228	0.03077	0.00719	0.00445	0.00435	0.00125	0.04606	0.00368	0.00243	0.00550

[dist]
# distance from previous block
# <min> <max>
0	26

# created by:
# /st0/software/busco_prod/Augustus/scripts/msa2prfl.pl ./align_prep/29332.fa
